-0.985935	-0.948691	-0.868756	-0.765856	-0.674668	-0.62107	-0.605635	-0.612361	-0.622553	-0.611408	-0.569141	-0.476297	-0.331736	-0.161811	-0.0015621	0.134509	0.255681	0.36402	0.450054	0.512326	0.564953	0.600133	0.610756	0.603714	0.581122	0.538689	0.467212	0.392118	0.349145	0.343458	0.36823	0.408878	0.447149	0.462142	0.434505	0.355651	0.234323	0.106377	0.0025154	-0.065552	-0.0771641	-0.0173351	0.11048	0.297216	0.526292	0.776218	1.01706	1.20526	1.30568	1.30568	
-0.948691	-0.932272	-0.872301	-0.789486	-0.722031	-0.694305	-0.705837	-0.732224	-0.754729	-0.754005	-0.719497	-0.629609	-0.473805	-0.274215	-0.0728389	0.107677	0.266629	0.398639	0.494439	0.558543	0.602058	0.617288	0.601177	0.551979	0.47496	0.379129	0.262529	0.158251	0.106961	0.112586	0.16007	0.228265	0.301663	0.361507	0.382462	0.345978	0.257238	0.156365	0.0789792	0.0354199	0.036454	0.0959107	0.223396	0.413589	0.643198	0.888474	1.11953	1.29597	1.38926	1.38926	
-0.868756	-0.872301	-0.831689	-0.773582	-0.731251	-0.729074	-0.755364	-0.791078	-0.821489	-0.829183	-0.806046	-0.719562	-0.556148	-0.338999	-0.111431	0.0997148	0.286635	0.442017	0.554628	0.62184	0.653448	0.644391	0.590137	0.493753	0.368523	0.22246	0.0616226	-0.0693085	-0.130157	-0.120126	-0.061371	0.0198602	0.110911	0.194882	0.247655	0.251855	0.209201	0.15293	0.117589	0.115037	0.146158	0.217217	0.346125	0.535842	0.766619	1.01643	1.25012	1.42403	1.51434	1.51434	
-0.765856	-0.789486	-0.773582	-0.742314	-0.725117	-0.734413	-0.7612	-0.795943	-0.825452	-0.838455	-0.817847	-0.72958	-0.56344	-0.341013	-0.105273	0.118553	0.323617	0.498953	0.624168	0.694201	0.710416	0.665782	0.570039	0.430989	0.26471	0.0863827	-0.0968583	-0.247154	-0.327435	-0.32999	-0.275035	-0.195457	-0.108395	-0.0249085	0.0427499	0.0820305	0.0895162	0.086944	0.102098	0.147795	0.220226	0.320378	0.467781	0.665927	0.899544	1.15566	1.39987	1.58409	1.68139	1.68139	
-0.674668	-0.722031	-0.731251	-0.725117	-0.717373	-0.721352	-0.734638	-0.756329	-0.777824	-0.782072	-0.75115	-0.655541	-0.48909	-0.274171	-0.0469525	0.175965	0.385428	0.564727	0.693291	0.757568	0.751375	0.677825	0.548712	0.375138	0.18523	-0.00930637	-0.205485	-0.369343	-0.469576	-0.494363	-0.461754	-0.403082	-0.331153	-0.258031	-0.194598	-0.14167	-0.0952486	-0.0452537	0.0228965	0.120257	0.240325	0.382387	0.566977	0.792665	1.04247	1.31	1.5655	1.76143	1.86759	1.86759	
-0.62107	-0.694305	-0.729074	-0.734413	-0.721352	-0.706156	-0.693511	-0.693914	-0.690901	-0.671142	-0.618486	-0.511436	-0.35187	-0.156208	0.0526179	0.263186	0.463166	0.636118	0.755922	0.808162	0.787222	0.692055	0.538602	0.344317	0.135769	-0.0714838	-0.26801	-0.432976	-0.550078	-0.606062	-0.608443	-0.577819	-0.528882	-0.478642	-0.432449	-0.382445	-0.319215	-0.23425	-0.118507	0.0320638	0.202641	0.392653	0.626886	0.899672	1.18658	1.47658	1.73959	1.93472	2.03931	2.03931	
-0.605635	-0.705837	-0.755364	-0.7612	-0.734638	-0.693511	-0.653621	-0.622821	-0.586407	-0.53545	-0.457356	-0.343135	-0.194697	-0.0186486	0.172257	0.369541	0.557192	0.711045	0.810773	0.848365	0.811401	0.706191	0.547887	0.344617	0.126919	-0.0856229	-0.281758	-0.448132	-0.578708	-0.659691	-0.695828	-0.703836	-0.690019	-0.666605	-0.643593	-0.612109	-0.551592	-0.451045	-0.304788	-0.109851	0.113916	0.360519	0.65188	0.97875	1.3105	1.62657	1.89361	2.0803	2.17698	2.17698	
-0.612361	-0.732224	-0.791078	-0.795943	-0.756329	-0.693914	-0.622821	-0.555839	-0.481303	-0.396905	-0.297195	-0.178586	-0.0402918	0.118132	0.293355	0.476875	0.641379	0.765751	0.840003	0.858855	0.817946	0.72272	0.575442	0.382285	0.166237	-0.0532651	-0.249819	-0.413276	-0.548265	-0.648745	-0.721546	-0.770965	-0.796433	-0.811636	-0.82197	-0.812827	-0.764561	-0.66714	-0.507354	-0.27694	-0.00100183	0.304928	0.651764	1.02353	1.38783	1.72096	1.99123	2.17554	2.26996	2.26996	
-0.622553	-0.754729	-0.821489	-0.825452	-0.777824	-0.690901	-0.586407	-0.481303	-0.371364	-0.263307	-0.150733	-0.0331131	0.0930264	0.234792	0.395467	0.558978	0.695006	0.785153	0.827334	0.83149	0.793837	0.717046	0.600707	0.437657	0.239041	0.0289563	-0.159109	-0.318565	-0.459171	-0.57753	-0.677887	-0.765364	-0.841516	-0.907828	-0.959448	-0.98078	-0.948209	-0.850767	-0.679787	-0.427794	-0.11569	0.236577	0.623738	1.02244	1.40307	1.74228	2.01304	2.1992	2.29605	2.29605	
-0.611408	-0.754005	-0.829183	-0.838455	-0.782072	-0.671142	-0.53545	-0.396905	-0.263307	-0.140653	-0.0207	0.094299	0.209787	0.335244	0.474016	0.60882	0.706227	0.750939	0.759881	0.748614	0.717465	0.673736	0.602974	0.488742	0.330995	0.147379	-0.0223066	-0.171793	-0.31124	-0.43962	-0.566867	-0.695996	-0.822685	-0.943887	-1.04591	-1.09847	-1.0744	-0.973812	-0.796767	-0.537384	-0.2128	0.157058	0.559235	0.969079	1.35712	1.69406	1.95583	2.13477	2.22788	2.22788	
-0.569141	-0.719497	-0.806046	-0.817847	-0.75115	-0.618486	-0.457356	-0.297195	-0.150733	-0.0207	0.101336	0.210606	0.311063	0.409649	0.515889	0.610967	0.661215	0.663765	0.6425	0.618977	0.601691	0.59106	0.568912	0.514509	0.410751	0.273042	0.140171	0.0128168	-0.120236	-0.262682	-0.415312	-0.571745	-0.735627	-0.901877	-1.04404	-1.12721	-1.12295	-1.02873	-0.852982	-0.603143	-0.291397	0.0709048	0.466374	0.870218	1.25298	1.57678	1.81795	1.97731	2.05788	2.05788	
-0.476297	-0.629609	-0.719562	-0.72958	-0.655541	-0.511436	-0.343135	-0.178586	-0.0331131	0.094299	0.210606	0.307097	0.381918	0.445373	0.511167	0.560593	0.56936	0.5371	0.493897	0.466737	0.462457	0.481957	0.506107	0.507676	0.461125	0.37675	0.286544	0.187513	0.0677304	-0.0739528	-0.230732	-0.397298	-0.578261	-0.765479	-0.935746	-1.05189	-1.07702	-1.00683	-0.855861	-0.63434	-0.347281	-0.00694053	0.360568	0.734717	1.09057	1.3854	1.5977	1.7346	1.80197	1.80197	
-0.331736	-0.473805	-0.556148	-0.56344	-0.48909	-0.35187	-0.194697	-0.0402918	0.0930264	0.209787	0.311063	0.381918	0.420667	0.440549	0.459289	0.46703	0.442632	0.389694	0.340778	0.316014	0.325164	0.366431	0.41904	0.458857	0.456644	0.422166	0.380343	0.323858	0.240741	0.121304	-0.0264282	-0.186933	-0.363861	-0.554603	-0.736859	-0.875003	-0.936297	-0.908456	-0.797819	-0.61764	-0.371568	-0.0718887	0.248735	0.571441	0.876812	1.12613	1.30448	1.42062	1.47738	1.47738	
-0.161811	-0.274215	-0.338999	-0.341013	-0.274171	-0.156208	-0.0186486	0.118132	0.234792	0.335244	0.409649	0.445373	0.440549	0.412521	0.387727	0.358241	0.30961	0.24854	0.197562	0.173943	0.188384	0.234475	0.298379	0.360829	0.395841	0.412572	0.424733	0.423862	0.39025	0.305001	0.184098	0.0435054	-0.122946	-0.306427	-0.485231	-0.632445	-0.71784	-0.724742	-0.662155	-0.543516	-0.359997	-0.12026	0.136376	0.391731	0.63172	0.823994	0.959878	1.04843	1.09077	1.09077	
-0.0015621	-0.0728389	-0.111431	-0.105273	-0.0469525	0.0526179	0.172257	0.293355	0.395467	0.474016	0.515889	0.511167	0.459289	0.387727	0.320791	0.255961	0.188188	0.119228	0.0650035	0.0395615	0.0508316	0.0928954	0.158945	0.233945	0.298436	0.361286	0.426343	0.481762	0.503908	0.469265	0.38616	0.266052	0.113819	-0.0544164	-0.21786	-0.35371	-0.443578	-0.478263	-0.46497	-0.411624	-0.302968	-0.14248	0.0363901	0.216889	0.382603	0.506257	0.585977	0.632777	0.651685	0.651685	
0.134509	0.107677	0.0997148	0.118553	0.175965	0.263186	0.369541	0.476875	0.558978	0.60882	0.610967	0.560593	0.46703	0.358241	0.255961	0.165419	0.0841695	0.0134693	-0.0388883	-0.0667279	-0.0623325	-0.0295804	0.0283989	0.101787	0.184879	0.283676	0.389081	0.493296	0.571163	0.588704	0.548311	0.461585	0.336789	0.192137	0.0507339	-0.0699266	-0.160249	-0.211775	-0.233694	-0.236961	-0.202489	-0.124228	-0.0270373	0.0699679	0.14845	0.191379	0.203539	0.197607	0.186495	0.186495	
0.255681	0.266629	0.286635	0.323617	0.385428	0.463166	0.557192	0.641379	0.695006	0.706227	0.661215	0.56936	0.442632	0.30961	0.188188	0.0841695	0.0022303	-0.0574377	-0.100917	-0.126552	-0.127003	-0.107635	-0.0674221	-0.00598068	0.0813423	0.194276	0.321318	0.457835	0.575545	0.644668	0.661335	0.62222	0.53424	0.418429	0.298874	0.192777	0.10623	0.0426632	-0.00683778	-0.0484274	-0.0675098	-0.061194	-0.0457807	-0.0386819	-0.0564388	-0.101993	-0.162625	-0.223301	-0.26385	-0.26385	
0.36402	0.398639	0.442017	0.498953	0.564727	0.636118	0.711045	0.765751	0.785153	0.750939	0.663765	0.5371	0.389694	0.24854	0.119228	0.0134693	-0.0574377	-0.0994337	-0.127313	-0.142826	-0.146357	-0.140313	-0.11771	-0.0753345	0.00247639	0.115947	0.247908	0.393829	0.535878	0.650688	0.717786	0.723739	0.678927	0.601448	0.511405	0.422374	0.33688	0.260873	0.194386	0.132533	0.0755782	0.0229357	-0.0315504	-0.107387	-0.218853	-0.350524	-0.480157	-0.590644	-0.656619	-0.656619	
0.450054	0.494439	0.554628	0.624168	0.693291	0.755922	0.810773	0.840003	0.827334	0.759881	0.6425	0.493897	0.340778	0.197562	0.0650035	-0.0388883	-0.100917	-0.127313	-0.13693	-0.142102	-0.146267	-0.145111	-0.137558	-0.11171	-0.0389821	0.0699284	0.195711	0.338711	0.486472	0.621476	0.718715	0.762455	0.760368	0.722288	0.662814	0.593603	0.516649	0.435733	0.355829	0.278943	0.197346	0.104819	-0.00150433	-0.143301	-0.329447	-0.529947	-0.716517	-0.868167	-0.954215	-0.954215	
0.512326	0.558543	0.62184	0.694201	0.757568	0.808162	0.848365	0.858855	0.83149	0.748614	0.618977	0.466737	0.316014	0.173943	0.0395615	-0.0667279	-0.126552	-0.142826	-0.142102	-0.14156	-0.142976	-0.146454	-0.148384	-0.124203	-0.0519091	0.0542309	0.179147	0.312316	0.448604	0.586183	0.696276	0.758299	0.777798	0.764414	0.732479	0.687777	0.624415	0.542613	0.457553	0.37852	0.286636	0.1701	0.030917	-0.151681	-0.383084	-0.626975	-0.851118	-1.02864	-1.1259	-1.1259	
0.564953	0.602058	0.653448	0.710416	0.751375	0.787222	0.811401	0.817946	0.793837	0.717465	0.601691	0.462457	0.325164	0.188384	0.0508316	-0.0623325	-0.127003	-0.146357	-0.146267	-0.142976	-0.146757	-0.153894	-0.154217	-0.12667	-0.0503712	0.0637687	0.191558	0.315172	0.441254	0.570531	0.669708	0.722332	0.739135	0.73345	0.71481	0.683477	0.634778	0.567006	0.494126	0.424665	0.33627	0.21617	0.0652058	-0.134683	-0.381702	-0.638985	-0.874608	-1.0577	-1.15547	-1.15547	
0.600133	0.617288	0.644391	0.665782	0.677825	0.692055	0.706191	0.72272	0.717046	0.673736	0.59106	0.481957	0.366431	0.234475	0.0928954	-0.0295804	-0.107635	-0.140313	-0.145111	-0.146454	-0.153894	-0.158793	-0.156427	-0.118481	-0.0277492	0.0969633	0.231411	0.352538	0.463038	0.563151	0.628687	0.653549	0.649217	0.629392	0.606624	0.585659	0.558838	0.514531	0.463799	0.416147	0.348744	0.244182	0.0991958	-0.0937749	-0.324766	-0.5658	-0.788408	-0.95812	-1.04649	-1.04649	
0.610756	0.601177	0.590137	0.570039	0.548712	0.538602	0.547887	0.575442	0.600707	0.602974	0.568912	0.506107	0.41904	0.298379	0.158945	0.0283989	-0.0674221	-0.11771	-0.137558	-0.148384	-0.154217	-0.156427	-0.140097	-0.0768027	0.0286556	0.163558	0.302061	0.408449	0.485992	0.538171	0.554433	0.536183	0.494098	0.452627	0.429714	0.421854	0.415824	0.401332	0.384089	0.365221	0.327076	0.253968	0.136769	-0.0234472	-0.212594	-0.415014	-0.605294	-0.747759	-0.820847	-0.820847	
0.603714	0.551979	0.493753	0.430989	0.375138	0.344317	0.344617	0.382285	0.437657	0.488742	0.514509	0.507676	0.458857	0.360829	0.233945	0.101787	-0.00598068	-0.0753345	-0.11171	-0.124203	-0.12667	-0.118481	-0.0768027	0.00545241	0.11871	0.25409	0.375286	0.452221	0.485708	0.475173	0.427668	0.355696	0.278907	0.226983	0.206611	0.209366	0.228118	0.250889	0.270088	0.284233	0.288986	0.265399	0.192663	0.080409	-0.0532773	-0.203843	-0.349327	-0.456784	-0.512105	-0.512105	
0.581122	0.47496	0.368523	0.26471	0.18523	0.135769	0.126919	0.166237	0.239041	0.330995	0.410751	0.461125	0.456644	0.395841	0.298436	0.184879	0.0813423	0.00247639	-0.0389821	-0.0519091	-0.0503712	-0.0277492	0.0286556	0.11871	0.229242	0.340928	0.424607	0.459711	0.434844	0.352698	0.242313	0.12964	0.0346508	-0.0243963	-0.0444714	-0.0296421	0.011863	0.0698777	0.135321	0.20177	0.265212	0.300246	0.280651	0.222007	0.142763	0.0435767	-0.0537421	-0.123045	-0.159074	-0.159074	
0.538689	0.379129	0.22246	0.0863827	-0.00930637	-0.0714838	-0.0856229	-0.0532651	0.0289563	0.147379	0.273042	0.37675	0.422166	0.412572	0.361286	0.283676	0.194276	0.115947	0.0699284	0.0542309	0.0637687	0.0969633	0.163558	0.25409	0.340928	0.406144	0.432587	0.40774	0.318448	0.174942	0.0205523	-0.116914	-0.224045	-0.285722	-0.300105	-0.276422	-0.215965	-0.114508	0.0115307	0.141877	0.27043	0.368713	0.406547	0.397565	0.36122	0.305566	0.252412	0.216373	0.196256	0.196256	
0.467212	0.262529	0.0616226	-0.0968583	-0.205485	-0.26801	-0.281758	-0.249819	-0.159109	-0.0223066	0.140171	0.286544	0.380343	0.424733	0.426343	0.389081	0.321318	0.247908	0.195711	0.179147	0.191558	0.231411	0.302061	0.375286	0.424607	0.432587	0.39186	0.305126	0.159121	-0.0309774	-0.220151	-0.379685	-0.48843	-0.539472	-0.544182	-0.505794	-0.412328	-0.260067	-0.0731893	0.123193	0.31302	0.463574	0.551377	0.586824	0.586666	0.567371	0.547322	0.531076	0.518899	0.518899	
0.392118	0.158251	-0.0693085	-0.247154	-0.369343	-0.432976	-0.448132	-0.413276	-0.318565	-0.171793	0.0128168	0.187513	0.323858	0.423862	0.481762	0.493296	0.457835	0.393829	0.338711	0.312316	0.315172	0.352538	0.408449	0.452221	0.459711	0.40774	0.305126	0.162558	-0.0294484	-0.251367	-0.46468	-0.631323	-0.729083	-0.768583	-0.756374	-0.683053	-0.542308	-0.337115	-0.090746	0.160948	0.386175	0.565043	0.692577	0.767546	0.797839	0.807203	0.808807	0.801412	0.792071	0.792071	
0.349145	0.106961	-0.130157	-0.327435	-0.469576	-0.550078	-0.578708	-0.548265	-0.459171	-0.31124	-0.120236	0.0677304	0.240741	0.39025	0.503908	0.571163	0.575545	0.535878	0.486472	0.448604	0.441254	0.463038	0.485992	0.485708	0.434844	0.318448	0.159121	-0.0294484	-0.245368	-0.471679	-0.680876	-0.836234	-0.922064	-0.94399	-0.896497	-0.77529	-0.583681	-0.330154	-0.0417489	0.239699	0.479478	0.672196	0.822713	0.91952	0.968377	0.997761	1.01423	1.01449	1.0102	1.0102	
0.343458	0.112586	-0.120126	-0.32999	-0.494363	-0.606062	-0.659691	-0.648745	-0.57753	-0.43962	-0.262682	-0.0739528	0.121304	0.305001	0.469265	0.588704	0.644668	0.650688	0.621476	0.586183	0.570531	0.563151	0.538171	0.475173	0.352698	0.174942	-0.0309774	-0.251367	-0.471679	-0.678839	-0.861838	-0.990714	-1.04409	-1.02187	-0.926063	-0.75899	-0.528577	-0.251097	0.052308	0.346353	0.591041	0.783119	0.933592	1.03188	1.08561	1.12225	1.14626	1.15681	1.16237	1.16237	
0.36823	0.16007	-0.061371	-0.275035	-0.461754	-0.608443	-0.695828	-0.721546	-0.677887	-0.566867	-0.415312	-0.230732	-0.0264282	0.184098	0.38616	0.548311	0.661335	0.717786	0.718715	0.696276	0.669708	0.628687	0.554433	0.427668	0.242313	0.0205523	-0.220151	-0.46468	-0.680876	-0.861838	-1.0056	-1.08168	-1.07583	-0.996989	-0.85039	-0.641687	-0.386909	-0.103458	0.195488	0.478262	0.708159	0.884345	1.01614	1.09972	1.14744	1.1795	1.20105	1.2167	1.2289	1.2289	
0.408878	0.228265	0.0198602	-0.195457	-0.403082	-0.577819	-0.703836	-0.770965	-0.765364	-0.695996	-0.571745	-0.397298	-0.186933	0.0435054	0.266052	0.461585	0.62222	0.723739	0.762455	0.758299	0.722332	0.653549	0.536183	0.355696	0.12964	-0.116914	-0.379685	-0.631323	-0.836234	-0.990714	-1.08168	-1.09373	-1.03296	-0.900004	-0.69917	-0.449955	-0.173434	0.11143	0.387468	0.633635	0.830036	0.969693	1.05814	1.11333	1.15141	1.17323	1.18278	1.1919	1.20077	1.20077	
0.447149	0.301663	0.110911	-0.108395	-0.331153	-0.528882	-0.690019	-0.796433	-0.841516	-0.822685	-0.735627	-0.578261	-0.363861	-0.122946	0.113819	0.336789	0.53424	0.678927	0.760368	0.777798	0.739135	0.649217	0.494098	0.278907	0.0346508	-0.224045	-0.48843	-0.729083	-0.922064	-1.04409	-1.07583	-1.03296	-0.923293	-0.737123	-0.492251	-0.21415	0.0801766	0.364669	0.613413	0.812821	0.954203	1.03049	1.05821	1.07576	1.09387	1.09767	1.09309	1.09325	1.0951	1.0951	
0.462142	0.361507	0.194882	-0.0249085	-0.258031	-0.478642	-0.666605	-0.811636	-0.907828	-0.943887	-0.901877	-0.765479	-0.554603	-0.306427	-0.0544164	0.192137	0.418429	0.601448	0.722288	0.764414	0.73345	0.629392	0.452627	0.226983	-0.0243963	-0.285722	-0.539472	-0.768583	-0.94399	-1.02187	-0.996989	-0.900004	-0.737123	-0.512188	-0.247079	0.0461786	0.351221	0.629747	0.843092	0.980114	1.05118	1.0622	1.03213	0.999594	0.976701	0.95475	0.941271	0.939508	0.939356	0.939356	
0.434505	0.382462	0.247655	0.0427499	-0.194598	-0.432449	-0.643593	-0.82197	-0.959448	-1.04591	-1.04404	-0.935746	-0.736859	-0.485231	-0.21786	0.0507339	0.298874	0.511405	0.662814	0.732479	0.71481	0.606624	0.429714	0.206611	-0.0444714	-0.300105	-0.544182	-0.756374	-0.896497	-0.926063	-0.85039	-0.69917	-0.492251	-0.247079	0.0295157	0.332342	0.629555	0.87248	1.02581	1.09323	1.09989	1.05591	0.975694	0.89148	0.82259	0.775313	0.754468	0.750782	0.749991	0.749991	
0.355651	0.345978	0.251855	0.0820305	-0.14167	-0.382445	-0.612109	-0.812827	-0.98078	-1.09847	-1.12721	-1.05189	-0.875003	-0.632445	-0.35371	-0.0699266	0.192777	0.422374	0.593603	0.687777	0.683477	0.585659	0.421854	0.209366	-0.0296421	-0.276422	-0.505794	-0.683053	-0.77529	-0.75899	-0.641687	-0.449955	-0.21415	0.0461786	0.332342	0.624858	0.876045	1.05127	1.13859	1.14403	1.08661	0.989672	0.875792	0.760619	0.6613	0.597315	0.566458	0.549598	0.539202	0.539202	
0.234323	0.257238	0.209201	0.0895162	-0.0952486	-0.319215	-0.551592	-0.764561	-0.948209	-1.0744	-1.12295	-1.07702	-0.936297	-0.71784	-0.443578	-0.160249	0.10623	0.33688	0.516649	0.624415	0.634778	0.558838	0.415824	0.228118	0.011863	-0.215965	-0.412328	-0.542308	-0.583681	-0.528577	-0.386909	-0.173434	0.0801766	0.351221	0.629555	0.876045	1.05301	1.15501	1.1793	1.12148	1.0032	0.869099	0.741953	0.616965	0.508991	0.439735	0.395298	0.357734	0.334325	0.334325	
0.106377	0.156365	0.15293	0.086944	-0.0452537	-0.23425	-0.451045	-0.66714	-0.850767	-0.973812	-1.02873	-1.00683	-0.908456	-0.724742	-0.478263	-0.211775	0.0426632	0.260873	0.435733	0.542613	0.567006	0.514531	0.401332	0.250889	0.0698777	-0.114508	-0.260067	-0.337115	-0.330154	-0.251097	-0.103458	0.11143	0.364669	0.629747	0.87248	1.05127	1.15501	1.1852	1.13873	1.02418	0.871084	0.720206	0.589142	0.472065	0.37509	0.302245	0.240656	0.192191	0.169058	0.169058	
0.0025154	0.0789792	0.117589	0.102098	0.0228965	-0.118507	-0.304788	-0.507354	-0.679787	-0.796767	-0.852982	-0.855861	-0.797819	-0.662155	-0.46497	-0.233694	-0.00683778	0.194386	0.355829	0.457553	0.494126	0.463799	0.384089	0.270088	0.135321	0.0115307	-0.0731893	-0.090746	-0.0417489	0.052308	0.195488	0.387468	0.613413	0.843092	1.02581	1.13859	1.1793	1.13873	1.03071	0.883825	0.71877	0.561959	0.434897	0.337428	0.256361	0.179058	0.110112	0.067376	0.0528997	0.0528997	
-0.065552	0.0354199	0.115037	0.147795	0.120257	0.0320638	-0.109851	-0.27694	-0.427794	-0.537384	-0.603143	-0.63434	-0.61764	-0.543516	-0.411624	-0.236961	-0.0484274	0.132533	0.278943	0.37852	0.424665	0.416147	0.365221	0.284233	0.20177	0.141877	0.123193	0.160948	0.239699	0.346353	0.478262	0.633635	0.812821	0.980114	1.09323	1.14403	1.12148	1.02418	0.883825	0.727501	0.568326	0.420701	0.299566	0.211296	0.140912	0.0730026	0.0182085	-0.0125682	-0.0255576	-0.0255576	
-0.0771641	0.036454	0.146158	0.220226	0.240325	0.202641	0.113916	-0.00100183	-0.11569	-0.2128	-0.291397	-0.347281	-0.371568	-0.359997	-0.302968	-0.202489	-0.0675098	0.0755782	0.197346	0.286636	0.33627	0.348744	0.327076	0.288986	0.265212	0.27043	0.31302	0.386175	0.479478	0.591041	0.708159	0.830036	0.954203	1.05118	1.09989	1.08661	1.0032	0.871084	0.71877	0.568326	0.433776	0.307218	0.189513	0.100502	0.037602	-0.0116646	-0.0429554	-0.0600351	-0.0718089	-0.0718089	
-0.0173351	0.0959107	0.217217	0.320378	0.382387	0.392653	0.360519	0.304928	0.236577	0.157058	0.0709048	-0.00694053	-0.0718887	-0.12026	-0.14248	-0.124228	-0.061194	0.0229357	0.104819	0.1701	0.21617	0.244182	0.253968	0.265399	0.300246	0.368713	0.463574	0.565043	0.672196	0.783119	0.884345	0.969693	1.03049	1.0622	1.05591	0.989672	0.869099	0.720206	0.561959	0.420701	0.307218	0.202841	0.103971	0.0234695	-0.0365157	-0.0738237	-0.0872719	-0.0904048	-0.093766	-0.093766	
0.11048	0.223396	0.346125	0.467781	0.566977	0.626886	0.65188	0.651764	0.623738	0.559235	0.466374	0.360568	0.248735	0.136376	0.0363901	-0.0270373	-0.0457807	-0.0315504	-0.00150433	0.030917	0.0652058	0.0991958	0.136769	0.192663	0.280651	0.406547	0.551377	0.692577	0.822713	0.933592	1.01614	1.05814	1.05821	1.03213	0.975694	0.875792	0.741953	0.589142	0.434897	0.299566	0.189513	0.103971	0.0350745	-0.0300628	-0.0819236	-0.104654	-0.109534	-0.111783	-0.112289	-0.112289	
0.297216	0.413589	0.535842	0.665927	0.792665	0.899672	0.97875	1.02353	1.02244	0.969079	0.870218	0.734717	0.571441	0.391731	0.216889	0.0699679	-0.0386819	-0.107387	-0.143301	-0.151681	-0.134683	-0.0937749	-0.0234472	0.080409	0.222007	0.397565	0.586824	0.767546	0.91952	1.03188	1.09972	1.11333	1.07576	0.999594	0.89148	0.760619	0.616965	0.472065	0.337428	0.211296	0.100502	0.0234695	-0.0300628	-0.0769319	-0.10334	-0.107488	-0.114341	-0.127187	-0.132851	-0.132851	
0.526292	0.643198	0.766619	0.899544	1.04247	1.18658	1.3105	1.38783	1.40307	1.35712	1.25298	1.09057	0.876812	0.63172	0.382603	0.14845	-0.0564388	-0.218853	-0.329447	-0.383084	-0.381702	-0.324766	-0.212594	-0.0532773	0.142763	0.36122	0.586666	0.797839	0.968377	1.08561	1.14744	1.15141	1.09387	0.976701	0.82259	0.6613	0.508991	0.37509	0.256361	0.140912	0.037602	-0.0365157	-0.0819236	-0.10334	-0.10741	-0.111333	-0.123637	-0.135612	-0.140649	-0.140649	
0.776218	0.888474	1.01643	1.15566	1.31	1.47658	1.62657	1.72096	1.74228	1.69406	1.57678	1.3854	1.12613	0.823994	0.506257	0.191379	-0.101993	-0.350524	-0.529947	-0.626975	-0.638985	-0.5658	-0.415014	-0.203843	0.0435767	0.305566	0.567371	0.807203	0.997761	1.12225	1.1795	1.17323	1.09767	0.95475	0.775313	0.597315	0.439735	0.302245	0.179058	0.0730026	-0.0116646	-0.0738237	-0.104654	-0.107488	-0.111333	-0.127759	-0.138035	-0.136936	-0.135564	-0.135564	
1.01706	1.11953	1.25012	1.39987	1.5655	1.73959	1.89361	1.99123	2.01304	1.95583	1.81795	1.5977	1.30448	0.959878	0.585977	0.203539	-0.162625	-0.480157	-0.716517	-0.851118	-0.874608	-0.788408	-0.605294	-0.349327	-0.0537421	0.252412	0.547322	0.808807	1.01423	1.14626	1.20105	1.18278	1.09309	0.941271	0.754468	0.566458	0.395298	0.240656	0.110112	0.0182085	-0.0429554	-0.0872719	-0.109534	-0.114341	-0.123637	-0.138035	-0.141425	-0.136039	-0.133139	-0.133139	
1.20526	1.29597	1.42403	1.58409	1.76143	1.93472	2.0803	2.17554	2.1992	2.13477	1.97731	1.7346	1.42062	1.04843	0.632777	0.197607	-0.223301	-0.590644	-0.868167	-1.02864	-1.0577	-0.95812	-0.747759	-0.456784	-0.123045	0.216373	0.531076	0.801412	1.01449	1.15681	1.2167	1.1919	1.09325	0.939508	0.750782	0.549598	0.357734	0.192191	0.067376	-0.0125682	-0.0600351	-0.0904048	-0.111783	-0.127187	-0.135612	-0.136936	-0.136039	-0.136114	-0.136265	-0.136265	
1.30568	1.38926	1.51434	1.68139	1.86759	2.03931	2.17698	2.26996	2.29605	2.22788	2.05788	1.80197	1.47738	1.09077	0.651685	0.186495	-0.26385	-0.656619	-0.954215	-1.1259	-1.15547	-1.04649	-0.820847	-0.512105	-0.159074	0.196256	0.518899	0.792071	1.0102	1.16237	1.2289	1.20077	1.0951	0.939356	0.749991	0.539202	0.334325	0.169058	0.0528997	-0.0255576	-0.0718089	-0.093766	-0.112289	-0.132851	-0.140649	-0.135564	-0.133139	-0.136265	-0.138246	-0.138246	
1.30568	1.38926	1.51434	1.68139	1.86759	2.03931	2.17698	2.26996	2.29605	2.22788	2.05788	1.80197	1.47738	1.09077	0.651685	0.186495	-0.26385	-0.656619	-0.954215	-1.1259	-1.15547	-1.04649	-0.820847	-0.512105	-0.159074	0.196256	0.518899	0.792071	1.0102	1.16237	1.2289	1.20077	1.0951	0.939356	0.749991	0.539202	0.334325	0.169058	0.0528997	-0.0255576	-0.0718089	-0.093766	-0.112289	-0.132851	-0.140649	-0.135564	-0.133139	-0.136265	-0.138246	-0.138246	
