-0.0824286	-0.0806167	-0.0961013	-0.1032	-0.0996115	-0.100121	-0.113737	-0.123678	-0.121512	-0.120917	-0.132035	-0.158891	-0.181144	-0.179165	-0.170082	-0.17462	-0.207945	-0.287129	-0.399962	-0.513322	-0.607419	-0.661454	-0.646189	-0.554692	-0.402288	-0.197403	0.0533787	0.321623	0.567558	0.768652	0.91999	1.01209	1.02478	0.946083	0.790668	0.596917	0.407824	0.253154	0.143464	0.0745964	0.0357601	0.0158755	0.00655363	0.00252506	0.000911078	0.00030881	9.87135e-05	3.03014e-05	1.07694e-05	1.07694e-05	
-0.0806167	-0.0959729	-0.106679	-0.102297	-0.0976045	-0.104804	-0.123171	-0.127615	-0.12088	-0.125695	-0.146751	-0.174274	-0.184598	-0.175047	-0.171216	-0.190027	-0.245598	-0.34458	-0.461345	-0.565168	-0.64046	-0.663793	-0.611985	-0.489757	-0.313645	-0.0892458	0.17117	0.432752	0.659861	0.838525	0.965495	1.02763	1.00545	0.895212	0.721038	0.524915	0.346278	0.207882	0.114127	0.0575815	0.026825	0.011589	0.0046614	0.00175191	0.000617227	0.000204467	6.39241e-05	1.91893e-05	6.66022e-06	6.66022e-06	
-0.0961013	-0.106679	-0.102251	-0.0957839	-0.101758	-0.120841	-0.131868	-0.12229	-0.121028	-0.139484	-0.165125	-0.184321	-0.182112	-0.171751	-0.18002	-0.2187	-0.297739	-0.409921	-0.522034	-0.610157	-0.660189	-0.647422	-0.558861	-0.408534	-0.210509	0.0303677	0.293944	0.542037	0.746592	0.901001	1.00082	1.02951	0.971212	0.832182	0.644828	0.452007	0.287544	0.166756	0.0885955	0.0433311	0.0195987	0.00823231	0.0032236	0.00118084	0.000405912	0.000131319	4.01252e-05	1.17715e-05	3.98689e-06	3.98689e-06	
-0.1032	-0.102297	-0.0957839	-0.102062	-0.119164	-0.130649	-0.125527	-0.119901	-0.1344	-0.157813	-0.179108	-0.187151	-0.176758	-0.174288	-0.201598	-0.26344	-0.362449	-0.478277	-0.577428	-0.643746	-0.661876	-0.609558	-0.486373	-0.311086	-0.0933355	0.159212	0.418116	0.646398	0.825697	0.953993	1.02332	1.01547	0.921439	0.758227	0.564273	0.380334	0.233046	0.130422	0.0669918	0.031733	0.0139232	0.00568158	0.00216421	0.00077211	0.000258774	8.17035e-05	2.43837e-05	6.98675e-06	2.30756e-06	2.30756e-06	
-0.0996115	-0.0976045	-0.101758	-0.119164	-0.128775	-0.128219	-0.123096	-0.129167	-0.151394	-0.17434	-0.188276	-0.183435	-0.17313	-0.189386	-0.240146	-0.323937	-0.435155	-0.543855	-0.622496	-0.660774	-0.641158	-0.548726	-0.3949	-0.197815	0.0365154	0.29383	0.539585	0.742947	0.895172	0.995059	1.03017	0.983743	0.856476	0.675472	0.482047	0.312033	0.183966	0.0992594	0.0492501	0.0225759	0.00960157	0.00380357	0.00140842	0.000489049	0.000159706	4.91813e-05	1.43278e-05	4.00765e-06	1.28999e-06	1.28999e-06	
-0.100121	-0.104804	-0.120841	-0.130649	-0.128219	-0.125448	-0.125335	-0.145042	-0.173166	-0.188083	-0.187158	-0.175856	-0.181375	-0.223286	-0.296099	-0.3968	-0.509448	-0.600149	-0.651729	-0.656001	-0.59487	-0.46493	-0.285379	-0.0696364	0.176377	0.429619	0.654174	0.829164	0.952899	1.02134	1.01864	0.933434	0.777835	0.586863	0.401059	0.249045	0.141147	0.0733623	0.0351355	0.015575	0.00641654	0.002466	0.000887113	0.000299634	9.52893e-05	2.8606e-05	8.13098e-06	2.21919e-06	6.95798e-07	6.95798e-07	
-0.113737	-0.123171	-0.131868	-0.125527	-0.123096	-0.125335	-0.142069	-0.173963	-0.1889	-0.186614	-0.179238	-0.178776	-0.210237	-0.276223	-0.36707	-0.476421	-0.576978	-0.64028	-0.65974	-0.624905	-0.521585	-0.359452	-0.159135	0.0715995	0.321999	0.561225	0.758104	0.902866	0.996404	1.02967	0.986542	0.864926	0.688263	0.49596	0.32418	0.192933	0.10503	0.0525511	0.0242781	0.0104011	0.00414846	0.00154593	0.000540007	0.000177334	5.48944e-05	1.60576e-05	4.45136e-06	1.18502e-06	3.61763e-07	3.61763e-07	
-0.123678	-0.127615	-0.12229	-0.119901	-0.129167	-0.145042	-0.173963	-0.189619	-0.184702	-0.18089	-0.180548	-0.201214	-0.26075	-0.346512	-0.448813	-0.553353	-0.628256	-0.658446	-0.641764	-0.564207	-0.421869	-0.234527	-0.0179682	0.222574	0.467612	0.683225	0.848331	0.961952	1.02269	1.01688	0.932802	0.780177	0.591626	0.406606	0.25395	0.14474	0.0756372	0.0364106	0.0162182	0.00671187	0.00259052	0.000935651	0.000317226	0.000101244	3.0495e-05	8.68893e-06	2.34834e-06	6.09613e-07	1.81141e-07	1.81141e-07	
-0.121512	-0.12088	-0.121028	-0.1344	-0.151394	-0.173166	-0.1889	-0.184702	-0.181181	-0.183036	-0.196535	-0.248742	-0.333145	-0.429498	-0.531543	-0.615576	-0.65584	-0.650351	-0.593381	-0.472583	-0.298394	-0.0929569	0.135491	0.378071	0.606458	0.790899	0.922557	1.004	1.02828	0.980486	0.858039	0.682809	0.49258	0.322514	0.19232	0.104915	0.0526042	0.0243534	0.0104547	0.00417808	0.00155996	0.000545915	0.000179595	5.569e-05	1.63168e-05	4.52734e-06	1.19265e-06	3.0184e-07	8.72763e-08	8.72763e-08	
-0.120917	-0.125695	-0.139484	-0.157813	-0.17434	-0.188083	-0.186614	-0.18089	-0.183036	-0.195224	-0.241835	-0.325249	-0.418467	-0.514542	-0.602818	-0.653037	-0.655155	-0.611724	-0.511144	-0.351862	-0.155466	0.0622673	0.297113	0.530943	0.731787	0.880798	0.978827	1.0259	1.00968	0.91944	0.764979	0.577896	0.396055	0.246839	0.140463	0.0733131	0.0352595	0.0156947	0.00649204	0.00250482	0.000904508	0.000306635	9.78626e-05	2.94781e-05	8.39996e-06	2.26923e-06	5.8257e-07	1.43725e-07	4.04335e-08	4.04335e-08	
-0.132035	-0.146751	-0.165125	-0.179108	-0.188276	-0.187158	-0.179238	-0.180548	-0.196535	-0.241835	-0.322554	-0.413799	-0.504174	-0.592041	-0.650169	-0.658647	-0.6228	-0.538135	-0.394818	-0.207293	0.00231287	0.227745	0.460453	0.672802	0.838092	0.95077	1.01483	1.02388	0.964243	0.834986	0.65852	0.471421	0.306636	0.181821	0.0987057	0.0492833	0.0227329	0.00972814	0.00387701	0.00144406	0.000504291	0.000165595	5.1266e-05	1.49993e-05	4.15649e-06	1.09315e-06	2.73474e-07	6.57656e-08	1.79998e-08	1.79998e-08	
-0.158891	-0.174274	-0.184321	-0.187151	-0.183435	-0.175856	-0.178776	-0.201214	-0.248742	-0.325249	-0.413799	-0.500758	-0.585811	-0.647781	-0.661358	-0.62951	-0.555406	-0.426994	-0.249155	-0.0457746	0.171101	0.398376	0.616502	0.795638	0.921983	0.999237	1.02731	0.994173	0.891383	0.731157	0.545304	0.369477	0.227967	0.128579	0.0665895	0.0318067	0.0140723	0.00578982	0.00222329	0.000799457	0.000270002	8.58815e-05	2.57913e-05	7.3295e-06	1.97518e-06	5.05721e-07	1.23285e-07	2.89003e-08	7.69551e-09	7.69551e-09	
-0.181144	-0.184598	-0.182112	-0.176758	-0.17313	-0.181375	-0.210237	-0.26075	-0.333145	-0.418467	-0.504174	-0.585811	-0.646824	-0.662907	-0.633321	-0.5653	-0.448763	-0.280925	-0.0830979	0.126945	0.346968	0.565729	0.75499	0.893796	0.982006	1.02398	1.01211	0.934353	0.79364	0.614677	0.432819	0.277382	0.16232	0.0870956	0.0430392	0.0196717	0.00834991	0.00330372	0.0012226	0.000424491	0.000138669	4.27301e-05	1.24493e-05	3.43675e-06	9.00729e-07	2.24532e-07	5.3342e-08	1.21903e-08	3.15828e-09	3.15828e-09	
-0.179165	-0.175047	-0.171751	-0.174288	-0.189386	-0.223286	-0.276223	-0.346512	-0.429498	-0.514542	-0.592041	-0.647781	-0.662907	-0.634592	-0.569739	-0.461121	-0.302252	-0.110036	0.0945175	0.307224	0.522977	0.718099	0.867327	0.964988	1.01713	1.0213	0.965336	0.84505	0.677155	0.494115	0.328202	0.198923	0.110433	0.056393	0.0266023	0.01164	0.00474203	0.00180496	0.000643932	0.000215941	6.82491e-05	2.03784e-05	5.76114e-06	1.54521e-06	3.93928e-07	9.56187e-08	2.21404e-08	4.93344e-09	1.24382e-09	1.24382e-09	
-0.170082	-0.171216	-0.18002	-0.201598	-0.240146	-0.296099	-0.36707	-0.448813	-0.531543	-0.602818	-0.650169	-0.661358	-0.633321	-0.569739	-0.465098	-0.312934	-0.126419	0.0731596	0.279229	0.489985	0.687014	0.843798	0.949379	1.00907	1.02477	0.98649	0.885586	0.731189	0.551103	0.378415	0.237068	0.135942	0.071639	0.0348394	0.0156993	0.00658013	0.00257432	0.000943115	0.000324505	0.000105148	3.21637e-05	9.30882e-06	2.55436e-06	6.6581e-07	1.65143e-07	3.9041e-08	8.8125e-09	1.91503e-09	4.69943e-10	4.69943e-10	
-0.17462	-0.190027	-0.2187	-0.26344	-0.323937	-0.3968	-0.476421	-0.553353	-0.615576	-0.653037	-0.658647	-0.62951	-0.5653	-0.461121	-0.312934	-0.131928	0.0625325	0.262657	0.467703	0.663523	0.824554	0.936079	1.00131	1.02499	1.00018	0.916261	0.776089	0.602002	0.426068	0.275237	0.162711	0.0883465	0.0442349	0.0205057	0.00883417	0.00354957	0.0013345	0.000470856	0.00015634	4.89715e-05	1.45045e-05	4.07062e-06	1.08455e-06	2.7482e-07	6.63387e-08	1.52783e-08	3.36278e-09	7.12852e-10	1.70314e-10	1.70314e-10	
-0.207945	-0.245598	-0.297739	-0.362449	-0.435155	-0.509448	-0.576978	-0.628256	-0.65584	-0.655155	-0.6228	-0.555406	-0.448763	-0.302252	-0.126419	0.0625325	0.257177	0.456512	0.648927	0.81088	0.925871	0.994814	1.02371	1.00857	0.93853	0.81189	0.645611	0.469434	0.311859	0.189642	0.105899	0.054509	0.0259616	0.0114843	0.0047349	0.00182544	0.000660045	0.000224451	7.19621e-05	2.18033e-05	6.25606e-06	1.70328e-06	4.40819e-07	1.0863e-07	2.55287e-08	5.7296e-09	1.23003e-09	2.54433e-10	5.9203e-11	5.9203e-11	
-0.287129	-0.34458	-0.409921	-0.478277	-0.543855	-0.600149	-0.64028	-0.658446	-0.650351	-0.611724	-0.538135	-0.426994	-0.280925	-0.110036	0.0731596	0.262657	0.456512	0.643981	0.803772	0.919429	0.99018	1.02212	1.01342	0.953942	0.839125	0.681278	0.50713	0.345437	0.215545	0.123537	0.0652582	0.0318889	0.0144671	0.00611448	0.00241529	0.00089435	0.000311289	0.000102102	3.1632e-05	9.27615e-06	2.57995e-06	6.81788e-07	1.71479e-07	4.11131e-08	9.40994e-09	2.05885e-09	4.31253e-10	8.70747e-11	1.97394e-11	1.97394e-11	
-0.399962	-0.461345	-0.522034	-0.577428	-0.622496	-0.651729	-0.65974	-0.641764	-0.593381	-0.511144	-0.394818	-0.249155	-0.0830979	0.0945175	0.279229	0.467703	0.648927	0.803772	0.917225	0.987773	1.02092	1.01599	0.963882	0.858569	0.708791	0.538143	0.374652	0.239235	0.140414	0.0759801	0.038034	0.0176735	0.00764889	0.00309292	0.00117194	0.000417246	0.000139932	4.43079e-05	1.32744e-05	3.77031e-06	1.01708e-06	2.6103e-07	6.38356e-08	1.48974e-08	3.32225e-09	7.08895e-10	1.44931e-10	2.85747e-11	6.31341e-12	6.31341e-12	
-0.513322	-0.565168	-0.610157	-0.643746	-0.660774	-0.656001	-0.624905	-0.564207	-0.472583	-0.351862	-0.207293	-0.0457746	0.126945	0.307224	0.489985	0.663523	0.81088	0.919429	0.987773	1.02049	1.01709	0.96941	0.871007	0.728221	0.561812	0.398431	0.259618	0.155667	0.086112	0.0440831	0.0209518	0.00927442	0.00383522	0.00148584	0.000540738	0.000185315	5.9943e-05	1.83396e-05	5.3176e-06	1.4639e-06	3.83276e-07	9.55874e-08	2.27415e-08	5.16848e-09	1.12355e-09	2.33904e-10	4.66938e-11	8.99303e-12	1.93734e-12	1.93734e-12	
-0.607419	-0.64046	-0.660189	-0.661876	-0.641158	-0.59487	-0.521585	-0.421869	-0.298394	-0.155466	0.00231287	0.171101	0.346968	0.522977	0.687014	0.824554	0.925871	0.99018	1.02092	1.01709	0.971179	0.877058	0.739761	0.577747	0.415961	0.275759	0.168488	0.095079	0.0496882	0.0241184	0.0109059	0.00460728	0.00182343	0.000677824	0.000237233	7.83501e-05	2.44691e-05	7.24028e-06	2.03346e-06	5.42991e-07	1.38073e-07	3.34827e-08	7.75405e-09	1.71709e-09	3.64032e-10	7.39722e-11	1.44247e-11	2.71492e-12	5.70508e-13	5.70508e-13	
-0.661454	-0.663793	-0.647422	-0.609558	-0.548726	-0.46493	-0.359452	-0.234527	-0.0929569	0.0622673	0.227745	0.398376	0.565729	0.718099	0.843798	0.936079	0.994814	1.02212	1.01599	0.96941	0.877058	0.743585	0.585753	0.42669	0.286932	0.178182	0.102345	0.0544984	0.026974	0.0124433	0.00536438	0.00216684	0.000822113	0.000293659	9.8972e-05	3.15373e-05	9.51936e-06	2.72671e-06	7.42403e-07	1.92437e-07	4.75577e-08	1.1221e-08	2.53094e-09	5.46382e-10	1.13025e-10	2.24275e-11	4.27388e-12	7.86415e-13	1.6127e-13	1.6127e-13	
-0.646189	-0.611985	-0.558861	-0.486373	-0.3949	-0.285379	-0.159135	-0.0179682	0.135491	0.297113	0.460453	0.616502	0.75499	0.867327	0.949379	1.00131	1.02371	1.01342	0.963882	0.871007	0.739761	0.585753	0.430301	0.292642	0.18422	0.107461	0.0581948	0.0293232	0.0137811	0.00605585	0.0024942	0.000965083	0.000351593	0.000120857	3.92747e-05	1.20886e-05	3.53035e-06	9.79826e-07	2.58844e-07	6.51801e-08	1.56664e-08	3.59878e-09	7.91045e-10	1.66571e-10	3.36374e-11	6.52096e-12	1.2149e-12	2.18641e-13	4.3775e-14	4.3775e-14	
-0.554692	-0.489757	-0.408534	-0.311086	-0.197815	-0.0696364	0.0715995	0.222574	0.378071	0.530943	0.672802	0.795638	0.893796	0.964988	1.00907	1.02499	1.00857	0.953942	0.858569	0.728221	0.577747	0.42669	0.292642	0.186271	0.110104	0.0605226	0.0309955	0.0148203	0.0066305	0.00278179	0.00109681	0.000407259	0.000142696	4.72693e-05	1.48303e-05	4.41428e-06	1.24855e-06	3.36079e-07	8.62156e-08	2.11068e-08	4.93741e-09	1.10495e-09	2.36831e-10	4.86697e-11	9.59938e-12	1.81892e-12	3.31449e-13	5.83656e-14	1.14141e-14	1.14141e-14	
-0.402288	-0.313645	-0.210509	-0.0933355	0.0365154	0.176377	0.321999	0.467612	0.606458	0.731787	0.838092	0.921983	0.982006	1.01713	1.02477	1.00018	0.93853	0.839125	0.708791	0.561812	0.415961	0.286932	0.18422	0.110104	0.0613175	0.0318652	0.0154795	0.00704264	0.0030068	0.00120704	0.000456482	0.000162939	5.49926e-05	1.75795e-05	5.33143e-06	1.53633e-06	4.21282e-07	1.1008e-07	2.74453e-08	6.53719e-09	1.48934e-09	3.24913e-10	6.79469e-11	1.36347e-11	2.62791e-12	4.86929e-13	8.68224e-14	1.49659e-14	2.86005e-15	2.86005e-15	
-0.197403	-0.0892458	0.0303677	0.159212	0.29383	0.429619	0.561225	0.683225	0.790899	0.880798	0.95077	0.999237	1.02398	1.0213	0.98649	0.916261	0.81189	0.681278	0.538143	0.398431	0.275759	0.178182	0.107461	0.0605226	0.0318652	0.0157054	0.00725792	0.00315025	0.0012865	0.000495186	0.000179959	6.18519e-05	2.01379e-05	6.22059e-06	1.8258e-06	5.09914e-07	1.35691e-07	3.44487e-08	8.35407e-09	1.93746e-09	4.30187e-10	9.15443e-11	1.86892e-11	3.66399e-12	6.90424e-13	1.25157e-13	2.18461e-14	3.68771e-15	6.8899e-16	6.8899e-16	
0.0533787	0.17117	0.293944	0.418116	0.539585	0.654174	0.758104	0.848331	0.922557	0.978827	1.01483	1.02731	1.01211	0.965336	0.885586	0.776089	0.645611	0.50713	0.374652	0.259618	0.168488	0.102345	0.0581948	0.0309955	0.0154795	0.00725792	0.00319953	0.00132813	0.000519941	0.000192269	6.72635e-05	2.22958e-05	7.01258e-06	2.09586e-06	5.96031e-07	1.61497e-07	4.17442e-08	1.03058e-08	2.43285e-09	5.4976e-10	1.19044e-10	2.47259e-11	4.93079e-12	9.44922e-13	1.74167e-13	3.09022e-14	5.28256e-15	8.73615e-16	1.59646e-16	1.59646e-16	
0.321623	0.432752	0.542037	0.646398	0.742947	0.829164	0.902866	0.961952	1.004	1.0259	1.02388	0.994173	0.934353	0.84505	0.731189	0.602002	0.469434	0.345437	0.239235	0.155667	0.095079	0.0544984	0.0293232	0.0148203	0.00704264	0.00315025	0.00132813	0.000528461	0.000198733	7.07326e-05	2.38601e-05	7.63878e-06	2.32411e-06	6.72874e-07	1.8561e-07	4.8841e-08	1.2274e-08	2.94914e-09	6.7822e-10	1.49437e-10	3.15781e-11	6.4056e-12	1.24845e-12	2.33986e-13	4.22065e-14	7.33298e-15	1.22816e-15	1.99068e-16	3.55968e-17	3.55968e-17	
0.567558	0.659861	0.746592	0.825697	0.895172	0.952899	0.996404	1.02269	1.02828	1.00968	0.964243	0.891383	0.79364	0.677155	0.551103	0.426068	0.311859	0.215545	0.140414	0.086112	0.0496882	0.026974	0.0137811	0.0066305	0.0030068	0.0012865	0.000519941	0.000198733	7.19279e-05	2.46826e-05	8.04081e-06	2.48982e-06	7.33713e-07	2.06014e-07	5.51797e-08	1.41144e-08	3.45158e-09	8.07787e-10	1.81106e-10	3.89357e-11	8.03415e-12	1.59256e-12	3.03519e-13	5.5663e-14	9.83056e-15	1.6732e-15	2.74677e-16	4.3653e-17	7.64161e-18	7.64161e-18	
0.768652	0.838525	0.901001	0.953993	0.995059	1.02134	1.02967	1.01688	0.980486	0.91944	0.834986	0.731157	0.614677	0.494115	0.378415	0.275237	0.189642	0.123537	0.0759801	0.0440831	0.0241184	0.0124433	0.00605585	0.00278179	0.00120704	0.000495186	0.000192269	7.07326e-05	2.46826e-05	8.17943e-06	2.57702e-06	7.72809e-07	2.20839e-07	6.02019e-08	1.56726e-08	3.90051e-09	9.28947e-10	2.11921e-10	4.63532e-11	9.7298e-12	1.96167e-12	3.80198e-13	7.08939e-14	1.27281e-14	2.20189e-15	3.67302e-16	5.91251e-17	9.21674e-18	1.58014e-18	1.58014e-18	
0.91999	0.965495	1.00082	1.02332	1.03017	1.01864	0.986542	0.932802	0.858039	0.764979	0.65852	0.545304	0.432819	0.328202	0.237068	0.162711	0.105899	0.0652582	0.038034	0.0209518	0.0109059	0.00536438	0.0024942	0.00109681	0.000456482	0.000179959	6.72635e-05	2.38601e-05	8.04081e-06	2.57702e-06	7.86295e-07	2.28645e-07	6.34308e-08	1.68052e-08	4.25629e-09	1.03153e-09	2.3945e-10	5.32871e-11	1.13787e-11	2.33346e-12	4.59944e-13	8.72077e-14	1.59179e-14	2.7991e-15	4.74534e-16	7.76126e-17	1.22554e-17	1.87462e-18	3.14889e-19	3.14889e-19	
1.01209	1.02763	1.02951	1.01547	0.983743	0.933434	0.864926	0.780177	0.682809	0.577896	0.471421	0.369477	0.277382	0.198923	0.135942	0.0883465	0.054509	0.0318889	0.0176735	0.00927442	0.00460728	0.00216684	0.000965083	0.000407259	0.000162939	6.18519e-05	2.22958e-05	7.63878e-06	2.48982e-06	7.72809e-07	2.28645e-07	6.45449e-08	1.74017e-08	4.48507e-09	1.10611e-09	2.61265e-10	5.91564e-11	1.28511e-11	2.68076e-12	5.37418e-13	1.0362e-13	1.92304e-14	3.43766e-15	5.92349e-16	9.84533e-17	1.57947e-17	2.44747e-18	3.67491e-19	6.05054e-20	6.05054e-20	
1.02478	1.00545	0.971212	0.921439	0.856476	0.777835	0.688263	0.591626	0.49258	0.396055	0.306636	0.227967	0.16232	0.110433	0.071639	0.0442349	0.0259616	0.0144671	0.00764889	0.00383522	0.00182343	0.000822113	0.000351593	0.000142696	5.49926e-05	2.01379e-05	7.01258e-06	2.32411e-06	7.33713e-07	2.20839e-07	6.34308e-08	1.74017e-08	4.56402e-09	1.14539e-09	2.75292e-10	6.34224e-11	1.40174e-11	2.97458e-12	6.06544e-13	1.18937e-13	2.24447e-14	4.07918e-15	7.14492e-16	1.20694e-16	1.96754e-17	3.09735e-18	4.71165e-19	6.94706e-20	1.12156e-20	1.12156e-20	
0.946083	0.895212	0.832182	0.758227	0.675472	0.586863	0.49596	0.406606	0.322514	0.246839	0.181821	0.128579	0.0870956	0.056393	0.0348394	0.0205057	0.0114843	0.00611448	0.00309292	0.00148584	0.000677824	0.000293659	0.000120857	4.72693e-05	1.75795e-05	6.22059e-06	2.09586e-06	6.72874e-07	2.06014e-07	6.02019e-08	1.68052e-08	4.48507e-09	1.14539e-09	2.80132e-10	6.56689e-11	1.47672e-11	3.18805e-12	6.61274e-13	1.31885e-13	2.53099e-14	4.67713e-15	8.32844e-16	1.43001e-16	2.36912e-17	3.78955e-18	5.85607e-19	8.74824e-20	1.26707e-20	2.0066e-21	2.0066e-21	
0.790668	0.721038	0.644828	0.564273	0.482047	0.401059	0.32418	0.25395	0.19232	0.140463	0.0987057	0.0665895	0.0430392	0.0266023	0.0156993	0.00883417	0.0047349	0.00241529	0.00117194	0.000540738	0.000237233	9.8972e-05	3.92747e-05	1.48303e-05	5.33143e-06	1.8258e-06	5.96031e-07	1.8561e-07	5.51797e-08	1.56726e-08	4.25629e-09	1.10611e-09	2.75292e-10	6.56689e-11	1.50259e-11	3.30044e-12	6.96442e-13	1.41287e-13	2.75767e-14	5.18216e-15	9.38223e-16	1.63765e-16	2.75763e-17	4.48256e-18	7.03815e-19	1.06805e-19	1.56743e-20	2.23083e-21	3.4668e-22	3.4668e-22	
0.596917	0.524915	0.452007	0.380334	0.312033	0.249045	0.192933	0.14474	0.104915	0.0733131	0.0492833	0.0318067	0.0196717	0.01164	0.00658013	0.00354957	0.00182544	0.00089435	0.000417246	0.000185315	7.83501e-05	3.15373e-05	1.20886e-05	4.41428e-06	1.53633e-06	5.09914e-07	1.61497e-07	4.8841e-08	1.41144e-08	3.90051e-09	1.03153e-09	2.61265e-10	6.34224e-11	1.47672e-11	3.30044e-12	7.08574e-13	1.46236e-13	2.90327e-14	5.54865e-15	1.02152e-15	1.81284e-16	3.10312e-17	5.12671e-18	8.17983e-19	1.26117e-19	1.88006e-20	2.71145e-21	3.79334e-22	5.78683e-23	5.78683e-23	
0.407824	0.346278	0.287544	0.233046	0.183966	0.141147	0.10503	0.0756372	0.0526042	0.0352595	0.0227329	0.0140723	0.00834991	0.00474203	0.00257432	0.0013345	0.000660045	0.000311289	0.000139932	5.9943e-05	2.44691e-05	9.51936e-06	3.53035e-06	1.24855e-06	4.21282e-07	1.35691e-07	4.17442e-08	1.2274e-08	3.45158e-09	9.28947e-10	2.3945e-10	5.91564e-11	1.40174e-11	3.18805e-12	6.96442e-13	1.46236e-13	2.95348e-14	5.74145e-15	1.075e-15	1.93987e-16	3.37597e-17	5.66957e-18	9.19376e-19	1.44039e-19	2.18154e-20	3.19582e-21	4.5309e-22	6.23281e-23	9.33708e-24	9.33708e-24	
0.253154	0.207882	0.166756	0.130422	0.0992594	0.0733623	0.0525511	0.0364106	0.0243534	0.0156947	0.00972814	0.00578982	0.00330372	0.00180496	0.000943115	0.000470856	0.000224451	0.000102102	4.43079e-05	1.83396e-05	7.24028e-06	2.72671e-06	9.79826e-07	3.36079e-07	1.1008e-07	3.44487e-08	1.03058e-08	2.94914e-09	8.07787e-10	2.11921e-10	5.32871e-11	1.28511e-11	2.97458e-12	6.61274e-13	1.41287e-13	2.90327e-14	5.74145e-15	1.09343e-15	2.00668e-16	3.55101e-17	6.06291e-18	9.99369e-19	1.59126e-19	2.44891e-20	3.6447e-21	5.24859e-22	7.31739e-23	9.90075e-24	1.45697e-24	1.45697e-24	
0.143464	0.114127	0.0885955	0.0669918	0.0492501	0.0351355	0.0242781	0.0162182	0.0104547	0.00649204	0.00387701	0.00222329	0.0012226	0.000643932	0.000324505	0.00015634	7.19621e-05	3.1632e-05	1.32744e-05	5.3176e-06	2.03346e-06	7.42403e-07	2.58844e-07	8.62156e-08	2.74453e-08	8.35407e-09	2.43285e-09	6.7822e-10	1.81106e-10	4.63532e-11	1.13787e-11	2.68076e-12	6.06544e-13	1.31885e-13	2.75767e-14	5.54865e-15	1.075e-15	2.00668e-16	3.61134e-17	6.26964e-18	1.05065e-18	1.70047e-19	2.65963e-20	4.02208e-21	5.88428e-22	8.33253e-23	1.1427e-23	1.5212e-24	2.19971e-25	2.19971e-25	
0.0745964	0.0575815	0.0433311	0.031733	0.0225759	0.015575	0.0104011	0.00671187	0.00417808	0.00250482	0.00144406	0.000799457	0.000424491	0.000215941	0.000105148	4.89715e-05	2.18033e-05	9.27615e-06	3.77031e-06	1.4639e-06	5.42991e-07	1.92437e-07	6.51801e-08	2.11068e-08	6.53719e-09	1.93746e-09	5.4976e-10	1.49437e-10	3.89357e-11	9.7298e-12	2.33346e-12	5.37418e-13	1.18937e-13	2.53099e-14	5.18216e-15	1.02152e-15	1.93987e-16	3.55101e-17	6.26964e-18	1.06832e-18	1.75785e-19	2.79462e-20	4.29503e-21	6.38474e-22	9.18505e-23	1.27939e-23	1.72636e-24	2.26178e-25	3.21484e-26	3.21484e-26	
0.0357601	0.026825	0.0195987	0.0139232	0.00960157	0.00641654	0.00414846	0.00259052	0.00155996	0.000904508	0.000504291	0.000270002	0.000138669	6.82491e-05	3.21637e-05	1.45045e-05	6.25606e-06	2.57995e-06	1.01708e-06	3.83276e-07	1.38073e-07	4.75577e-08	1.56664e-08	4.93741e-09	1.48934e-09	4.30187e-10	1.19044e-10	3.15781e-11	8.03415e-12	1.96167e-12	4.59944e-13	1.0362e-13	2.24447e-14	4.67713e-15	9.38223e-16	1.81284e-16	3.37597e-17	6.06291e-18	1.05065e-18	1.75785e-19	2.84112e-20	4.43834e-21	6.70513e-22	9.8011e-23	1.3869e-23	1.90078e-24	2.52439e-25	3.25583e-26	4.55025e-27	4.55025e-27	
0.0158755	0.011589	0.00823231	0.00568158	0.00380357	0.002466	0.00154593	0.000935651	0.000545915	0.000306635	0.000165595	8.58815e-05	4.27301e-05	2.03784e-05	9.30882e-06	4.07062e-06	1.70328e-06	6.81788e-07	2.6103e-07	9.55874e-08	3.34827e-08	1.1221e-08	3.59878e-09	1.10495e-09	3.24913e-10	9.15443e-11	2.47259e-11	6.4056e-12	1.59256e-12	3.80198e-13	8.72077e-14	1.92304e-14	4.07918e-15	8.32844e-16	1.63765e-16	3.10312e-17	5.66957e-18	9.99369e-19	1.70047e-19	2.79462e-20	4.43834e-21	6.81544e-22	1.01244e-22	1.45567e-23	2.02673e-24	2.73385e-25	3.57449e-26	4.53965e-27	6.24004e-28	6.24004e-28	
0.00655363	0.0046614	0.0032236	0.00216421	0.00140842	0.000887113	0.000540007	0.000317226	0.000179595	9.78626e-05	5.1266e-05	2.57913e-05	1.24493e-05	5.76114e-06	2.55436e-06	1.08455e-06	4.40819e-07	1.71479e-07	6.38356e-08	2.27415e-08	7.75405e-09	2.53094e-09	7.91045e-10	2.36831e-10	6.79469e-11	1.86892e-11	4.93079e-12	1.24845e-12	3.03519e-13	7.08939e-14	1.59179e-14	3.43766e-15	7.14492e-16	1.43001e-16	2.75763e-17	5.12671e-18	9.19376e-19	1.59126e-19	2.65963e-20	4.29503e-21	6.70513e-22	1.01244e-22	1.47935e-23	2.09279e-24	2.86779e-25	3.80836e-26	4.90352e-27	6.1338e-28	8.29488e-29	8.29488e-29	
0.00252506	0.00175191	0.00118084	0.00077211	0.000489049	0.000299634	0.000177334	0.000101244	5.569e-05	2.94781e-05	1.49993e-05	7.3295e-06	3.43675e-06	1.54521e-06	6.6581e-07	2.7482e-07	1.0863e-07	4.11131e-08	1.48974e-08	5.16848e-09	1.71709e-09	5.46382e-10	1.66571e-10	4.86697e-11	1.36347e-11	3.66399e-12	9.44922e-13	2.33986e-13	5.5663e-14	1.27281e-14	2.7991e-15	5.92349e-16	1.20694e-16	2.36912e-17	4.48256e-18	8.17983e-19	1.44039e-19	2.44891e-20	4.02208e-21	6.38474e-22	9.8011e-23	1.45567e-23	2.09279e-24	2.91387e-25	3.93099e-26	5.14069e-27	6.51978e-28	8.03484e-29	1.06928e-29	1.06928e-29	
0.000911078	0.000617227	0.000405912	0.000258774	0.000159706	9.52893e-05	5.48944e-05	3.0495e-05	1.63168e-05	8.39996e-06	4.15649e-06	1.97518e-06	9.00729e-07	3.93928e-07	1.65143e-07	6.63387e-08	2.55287e-08	9.40994e-09	3.32225e-09	1.12355e-09	3.64032e-10	1.13025e-10	3.36374e-11	9.59938e-12	2.62791e-12	6.90424e-13	1.74167e-13	4.22065e-14	9.83056e-15	2.20189e-15	4.74534e-16	9.84533e-17	1.96754e-17	3.78955e-18	7.03815e-19	1.26117e-19	2.18154e-20	3.6447e-21	5.88428e-22	9.18505e-23	1.3869e-23	2.02673e-24	2.86779e-25	3.93099e-26	5.2223e-27	6.72701e-28	8.40585e-29	1.02083e-29	1.33726e-30	1.33726e-30	
0.00030881	0.000204467	0.000131319	8.17035e-05	4.91813e-05	2.8606e-05	1.60576e-05	8.68893e-06	4.52734e-06	2.26923e-06	1.09315e-06	5.05721e-07	2.24532e-07	9.56187e-08	3.9041e-08	1.52783e-08	5.7296e-09	2.05885e-09	7.08895e-10	2.33904e-10	7.39722e-11	2.24275e-11	6.52096e-12	1.81892e-12	4.86929e-13	1.25157e-13	3.09022e-14	7.33298e-15	1.6732e-15	3.67302e-16	7.76126e-17	1.57947e-17	3.09735e-18	5.85607e-19	1.06805e-19	1.88006e-20	3.19582e-21	5.24859e-22	8.33253e-23	1.27939e-23	1.90078e-24	2.73385e-25	3.80836e-26	5.14069e-27	6.72701e-28	8.5375e-29	1.05134e-29	1.25846e-30	1.62316e-31	1.62316e-31	
9.87135e-05	6.39241e-05	4.01252e-05	2.43837e-05	1.43278e-05	8.13098e-06	4.45136e-06	2.34834e-06	1.19265e-06	5.8257e-07	2.73474e-07	1.23285e-07	5.3342e-08	2.21404e-08	8.8125e-09	3.36278e-09	1.23003e-09	4.31253e-10	1.44931e-10	4.66938e-11	1.44247e-11	4.27388e-12	1.2149e-12	3.31449e-13	8.68224e-14	2.18461e-14	5.28256e-15	1.22816e-15	2.74677e-16	5.91251e-17	1.22554e-17	2.44747e-18	4.71165e-19	8.74824e-20	1.56743e-20	2.71145e-21	4.5309e-22	7.31739e-23	1.1427e-23	1.72636e-24	2.52439e-25	3.57449e-26	4.90352e-27	6.51978e-28	8.40585e-29	1.05134e-29	1.27617e-30	1.50601e-31	1.91301e-32	1.91301e-32	
3.03014e-05	1.91893e-05	1.17715e-05	6.98675e-06	4.00765e-06	2.21919e-06	1.18502e-06	6.09613e-07	3.0184e-07	1.43725e-07	6.57656e-08	2.89003e-08	1.21903e-08	4.93344e-09	1.91503e-09	7.12852e-10	2.54433e-10	8.70747e-11	2.85747e-11	8.99303e-12	2.71492e-12	7.86415e-13	2.18641e-13	5.83656e-14	1.49659e-14	3.68771e-15	8.73615e-16	1.99068e-16	4.3653e-17	9.21674e-18	1.87462e-18	3.67491e-19	6.94706e-20	1.26707e-20	2.23083e-21	3.79334e-22	6.23281e-23	9.90075e-24	1.5212e-24	2.26178e-25	3.25583e-26	4.53965e-27	6.1338e-28	8.03484e-29	1.02083e-29	1.25846e-30	1.50601e-31	1.75245e-32	2.1927e-33	2.1927e-33	
1.07694e-05	6.66022e-06	3.98689e-06	2.30756e-06	1.28999e-06	6.95798e-07	3.61763e-07	1.81141e-07	8.72763e-08	4.04335e-08	1.79998e-08	7.69551e-09	3.15828e-09	1.24382e-09	4.69943e-10	1.70314e-10	5.9203e-11	1.97394e-11	6.31341e-12	1.93734e-12	5.70508e-13	1.6127e-13	4.3775e-14	1.14141e-14	2.86005e-15	6.8899e-16	1.59646e-16	3.55968e-17	7.64161e-18	1.58014e-18	3.14889e-19	6.05054e-20	1.12156e-20	2.0066e-21	3.4668e-22	5.78683e-23	9.33708e-24	1.45697e-24	2.19971e-25	3.21484e-26	4.55025e-27	6.24004e-28	8.29488e-29	1.06928e-29	1.33726e-30	1.62316e-31	1.91301e-32	2.1927e-33	2.69951e-34	2.69951e-34	
1.07694e-05	6.66022e-06	3.98689e-06	2.30756e-06	1.28999e-06	6.95798e-07	3.61763e-07	1.81141e-07	8.72763e-08	4.04335e-08	1.79998e-08	7.69551e-09	3.15828e-09	1.24382e-09	4.69943e-10	1.70314e-10	5.9203e-11	1.97394e-11	6.31341e-12	1.93734e-12	5.70508e-13	1.6127e-13	4.3775e-14	1.14141e-14	2.86005e-15	6.8899e-16	1.59646e-16	3.55968e-17	7.64161e-18	1.58014e-18	3.14889e-19	6.05054e-20	1.12156e-20	2.0066e-21	3.4668e-22	5.78683e-23	9.33708e-24	1.45697e-24	2.19971e-25	3.21484e-26	4.55025e-27	6.24004e-28	8.29488e-29	1.06928e-29	1.33726e-30	1.62316e-31	1.91301e-32	2.1927e-33	2.69951e-34	2.69951e-34	
