0.905855	0.925794	0.902328	0.81577	0.665226	0.478226	0.278055	0.0893838	-0.0686667	-0.211791	-0.352233	-0.485916	-0.57882	-0.615289	-0.600071	-0.550879	-0.492974	-0.432825	-0.372988	-0.337516	-0.353454	-0.411303	-0.483296	-0.55422	-0.625644	-0.681304	-0.695538	-0.656875	-0.560402	-0.432774	-0.296801	-0.137613	0.0640613	0.311458	0.581874	0.842714	1.05757	1.18983	1.23029	1.18927	1.08087	0.917709	0.713427	0.493975	0.277603	0.0727835	-0.101575	-0.232038	-0.307796	-0.307796	
0.925794	0.976331	0.984889	0.935141	0.818192	0.648832	0.450065	0.254001	0.0770317	-0.093082	-0.265285	-0.424454	-0.540687	-0.606702	-0.617322	-0.585236	-0.536106	-0.486248	-0.443022	-0.417355	-0.422487	-0.45433	-0.501027	-0.551946	-0.60244	-0.628354	-0.604908	-0.530435	-0.404524	-0.245082	-0.0746394	0.104613	0.308188	0.546386	0.79256	1.00984	1.16915	1.24794	1.24357	1.15923	1.00108	0.787066	0.542477	0.291572	0.0436354	-0.193018	-0.396172	-0.547892	-0.633126	-0.633126	
0.902328	0.984889	1.03599	1.03589	0.963714	0.827889	0.644632	0.443878	0.245954	0.0463579	-0.148325	-0.323617	-0.462365	-0.560362	-0.60724	-0.604822	-0.578254	-0.553327	-0.535761	-0.524292	-0.522177	-0.528848	-0.543105	-0.564437	-0.584124	-0.567283	-0.498963	-0.389127	-0.237077	-0.0550866	0.141784	0.347294	0.564419	0.793922	1.00793	1.17662	1.27953	1.30198	1.24701	1.11805	0.91519	0.653033	0.364647	0.0809546	-0.190542	-0.446931	-0.672687	-0.84702	-0.944763	-0.944763	
0.81577	0.935141	1.03589	1.09165	1.07947	0.996452	0.842688	0.647934	0.435556	0.221023	0.0148841	-0.172617	-0.331539	-0.464827	-0.554035	-0.596498	-0.614227	-0.628462	-0.641196	-0.646306	-0.640306	-0.62331	-0.602423	-0.580698	-0.551254	-0.487003	-0.377028	-0.233196	-0.062962	0.129482	0.344815	0.571799	0.800211	1.01951	1.19761	1.31355	1.35781	1.32231	1.2165	1.05091	0.823469	0.537324	0.219052	-0.099427	-0.40397	-0.685077	-0.928715	-1.11393	-1.21402	-1.21402	
0.665226	0.818192	0.963714	1.07947	1.13904	1.12058	1.01144	0.838714	0.637956	0.428667	0.219805	0.0232702	-0.157617	-0.32343	-0.458598	-0.559552	-0.634236	-0.693616	-0.735664	-0.753426	-0.744692	-0.712799	-0.659514	-0.589894	-0.508041	-0.393424	-0.244259	-0.0742019	0.114951	0.320696	0.542112	0.769256	0.99404	1.19585	1.32987	1.38088	1.36209	1.28192	1.14715	0.963865	0.730543	0.443785	0.116403	-0.229767	-0.573216	-0.886539	-1.14782	-1.33626	-1.43145	-1.43145	
0.478226	0.648832	0.827889	0.996452	1.12058	1.16507	1.10705	0.981807	0.819269	0.634003	0.433393	0.231554	0.0380625	-0.152003	-0.329371	-0.485755	-0.616078	-0.719193	-0.788634	-0.821434	-0.81777	-0.776765	-0.698764	-0.588917	-0.451537	-0.285432	-0.102183	0.0938333	0.300834	0.513961	0.731621	0.93798	1.12746	1.28431	1.36544	1.36052	1.29306	1.183	1.03957	0.861926	0.638646	0.360274	0.0364627	-0.317485	-0.680545	-1.01711	-1.29959	-1.50189	-1.60119	-1.60119	
0.278055	0.450065	0.644632	0.842688	1.01144	1.10705	1.1137	1.05884	0.958053	0.816295	0.635938	0.442819	0.243743	0.0323939	-0.182242	-0.38735	-0.564512	-0.704748	-0.802516	-0.853274	-0.850148	-0.796925	-0.695948	-0.549174	-0.367013	-0.15704	0.0617904	0.277636	0.489631	0.698561	0.894075	1.052	1.17681	1.27063	1.3025	1.2594	1.16306	1.04162	0.903622	0.73985	0.534732	0.277091	-0.0275436	-0.37013	-0.731454	-1.0755	-1.37483	-1.59582	-1.70554	-1.70554	
0.0893838	0.254001	0.443878	0.647934	0.838714	0.981807	1.05884	1.08335	1.05427	0.963989	0.818758	0.641707	0.43679	0.203657	-0.0446272	-0.284477	-0.491366	-0.659519	-0.783195	-0.847393	-0.839353	-0.763848	-0.631851	-0.457024	-0.242235	0.00316464	0.246303	0.472341	0.674576	0.852209	1.00077	1.09904	1.15411	1.17665	1.15233	1.07982	0.978727	0.866171	0.742683	0.601048	0.426057	0.200624	-0.0756627	-0.398171	-0.747986	-1.08703	-1.38591	-1.60732	-1.71644	-1.71644	
-0.0686667	0.0770317	0.245954	0.435556	0.637956	0.819269	0.958053	1.05427	1.09212	1.06335	0.964989	0.812314	0.606148	0.355147	0.085141	-0.172534	-0.395575	-0.581952	-0.723935	-0.798465	-0.779039	-0.674212	-0.514728	-0.318402	-0.0856147	0.172271	0.428364	0.658789	0.840292	0.974936	1.06382	1.09169	1.07041	1.01722	0.937266	0.839353	0.74014	0.653839	0.569782	0.465714	0.323964	0.132535	-0.112262	-0.411945	-0.744112	-1.06449	-1.34206	-1.54267	-1.63873	-1.63873	
-0.211791	-0.093082	0.0463579	0.221023	0.428667	0.634003	0.816295	0.963989	1.06335	1.0971	1.05359	0.936325	0.742161	0.493969	0.224086	-0.034077	-0.259558	-0.451783	-0.604669	-0.684843	-0.659558	-0.542635	-0.368395	-0.163336	0.0726073	0.334535	0.592868	0.816922	0.975165	1.0605	1.07709	1.02804	0.936059	0.82159	0.695111	0.570826	0.475129	0.422358	0.385321	0.328552	0.230014	0.0751712	-0.139977	-0.411914	-0.714164	-1.00432	-1.2523	-1.42711	-1.50884	-1.50884	
-0.352233	-0.265285	-0.148325	0.0148841	0.219805	0.433393	0.635938	0.818758	0.964989	1.05359	1.06743	0.997734	0.842418	0.627318	0.381318	0.138264	-0.079161	-0.267907	-0.418325	-0.49854	-0.477748	-0.363378	-0.193624	0.00557869	0.237793	0.48549	0.720466	0.91596	1.03428	1.06792	1.02444	0.917028	0.773356	0.613922	0.458183	0.323451	0.229816	0.192862	0.191196	0.182633	0.132967	0.0246915	-0.147666	-0.382737	-0.653232	-0.915295	-1.13633	-1.28944	-1.36159	-1.36159	
-0.485916	-0.424454	-0.323617	-0.172617	0.0232702	0.231554	0.442819	0.641707	0.812314	0.936325	0.997734	0.984533	0.890013	0.732653	0.53255	0.322443	0.129147	-0.0336628	-0.159979	-0.228276	-0.210791	-0.116813	0.0244247	0.198323	0.40132	0.60981	0.796242	0.932829	0.994168	0.979057	0.893385	0.755615	0.588816	0.413072	0.253331	0.118717	0.0254574	-0.00407427	0.0126887	0.0366582	0.0370884	-0.0117281	-0.132537	-0.328852	-0.569987	-0.811316	-1.01478	-1.15304	-1.21893	-1.21893	
-0.57882	-0.540687	-0.462365	-0.331539	-0.157617	0.0380625	0.243743	0.43679	0.606148	0.742161	0.842418	0.890013	0.871351	0.792913	0.663247	0.510892	0.368328	0.253241	0.165976	0.120077	0.129566	0.190457	0.287033	0.410196	0.559705	0.70577	0.816402	0.872352	0.863006	0.796631	0.685705	0.548397	0.392277	0.223918	0.0685267	-0.0561478	-0.133367	-0.149468	-0.117606	-0.067004	-0.0289659	-0.0337528	-0.109293	-0.265127	-0.478612	-0.706739	-0.900986	-1.0319	-1.09699	-1.09699	
-0.615289	-0.606702	-0.560362	-0.464827	-0.32343	-0.152003	0.0323939	0.203657	0.355147	0.493969	0.627318	0.732653	0.792913	0.803655	0.763675	0.696429	0.628732	0.576996	0.54032	0.519231	0.521235	0.546718	0.584206	0.637216	0.705956	0.760779	0.780416	0.750389	0.671983	0.561476	0.433841	0.30805	0.174391	0.0258997	-0.107497	-0.204725	-0.253543	-0.241999	-0.182587	-0.108276	-0.0478919	-0.026031	-0.0745064	-0.206091	-0.399774	-0.615772	-0.803495	-0.933595	-1.00299	-1.00299	
-0.600071	-0.617322	-0.60724	-0.554035	-0.458598	-0.329371	-0.182242	-0.0446272	0.085141	0.224086	0.381318	0.53255	0.663247	0.763675	0.829388	0.868693	0.894147	0.918566	0.934299	0.938639	0.934434	0.920201	0.894889	0.866215	0.83378	0.783266	0.704956	0.592238	0.455297	0.306401	0.162783	0.0452731	-0.0635032	-0.176116	-0.272592	-0.333365	-0.340874	-0.289832	-0.197602	-0.094636	-0.0122511	0.0194788	-0.0268265	-0.152815	-0.338235	-0.549409	-0.73347	-0.861191	-0.931608	-0.931608	
-0.550879	-0.585236	-0.604822	-0.596498	-0.559552	-0.485755	-0.38735	-0.284477	-0.172534	-0.034077	0.138264	0.322443	0.510892	0.696429	0.868693	1.01736	1.1408	1.23967	1.30739	1.33944	1.32937	1.28073	1.19705	1.0858	0.94993	0.788692	0.609359	0.419064	0.232872	0.0558227	-0.100062	-0.214433	-0.303108	-0.381684	-0.434396	-0.439364	-0.390359	-0.297277	-0.173854	-0.0473553	0.0475263	0.0824355	0.033829	-0.09805	-0.29059	-0.504727	-0.685959	-0.810812	-0.881173	-0.881173	
-0.492974	-0.536106	-0.578254	-0.614227	-0.634236	-0.616078	-0.564512	-0.491366	-0.395575	-0.259558	-0.079161	0.129147	0.368328	0.628732	0.894147	1.1408	1.34968	1.51603	1.63445	1.69176	1.67768	1.59647	1.45772	1.27409	1.04684	0.787667	0.518708	0.25935	0.0296538	-0.172942	-0.339652	-0.453879	-0.529551	-0.573277	-0.572247	-0.515633	-0.410192	-0.277036	-0.132019	0.00489301	0.106592	0.143031	0.0894466	-0.0483572	-0.244692	-0.461799	-0.647664	-0.777342	-0.849277	-0.849277	
-0.432825	-0.486248	-0.553327	-0.628462	-0.693616	-0.719193	-0.704748	-0.659519	-0.581952	-0.451783	-0.267907	-0.0336628	0.253241	0.576996	0.918566	1.23967	1.51603	1.73939	1.90008	1.98037	1.96078	1.84558	1.65865	1.41571	1.11694	0.782815	0.441763	0.122377	-0.149521	-0.372507	-0.539558	-0.645864	-0.700732	-0.709259	-0.671003	-0.573529	-0.424786	-0.259612	-0.0972499	0.048505	0.151862	0.184704	0.130729	-0.00390293	-0.199288	-0.417826	-0.609452	-0.747658	-0.823713	-0.823713	
-0.372988	-0.443022	-0.535761	-0.641196	-0.735664	-0.788634	-0.802516	-0.783195	-0.723935	-0.604669	-0.418325	-0.159979	0.165976	0.54032	0.934299	1.30739	1.63445	1.90008	2.09616	2.19549	2.16814	2.02335	1.79522	1.50293	1.15154	0.765376	0.372979	0.0111383	-0.28818	-0.518949	-0.675849	-0.76394	-0.796267	-0.783902	-0.728646	-0.613442	-0.447764	-0.267281	-0.0910431	0.0654643	0.176042	0.212562	0.159869	0.0253609	-0.166149	-0.376065	-0.565694	-0.708718	-0.78605	-0.78605	
-0.337516	-0.417355	-0.524292	-0.646306	-0.753426	-0.821434	-0.853274	-0.847393	-0.798465	-0.684843	-0.49854	-0.228276	0.120077	0.519231	0.938639	1.33944	1.69176	1.98037	2.19549	2.30264	2.27121	2.11052	1.85815	1.5385	1.16061	0.747589	0.331312	-0.0468953	-0.359267	-0.591283	-0.736288	-0.814052	-0.837146	-0.812936	-0.750068	-0.636538	-0.475395	-0.293389	-0.110707	0.054442	0.172003	0.210268	0.160308	0.034628	-0.141844	-0.334433	-0.514161	-0.652756	-0.724364	-0.724364	
-0.353454	-0.422487	-0.522177	-0.640306	-0.744692	-0.81777	-0.850148	-0.839353	-0.779039	-0.659558	-0.477748	-0.210791	0.129566	0.521235	0.934434	1.32937	1.67768	1.96078	2.16814	2.27121	2.24231	2.0874	1.8432	1.53021	1.15663	0.748648	0.339985	-0.0329137	-0.343771	-0.571693	-0.719305	-0.809696	-0.84202	-0.820878	-0.757918	-0.644822	-0.487299	-0.31138	-0.139419	0.0120053	0.119827	0.159899	0.125591	0.0228365	-0.125854	-0.287998	-0.446378	-0.57494	-0.640865	-0.640865	
-0.411303	-0.45433	-0.528848	-0.62331	-0.712799	-0.776765	-0.796925	-0.763848	-0.674212	-0.542635	-0.363378	-0.116813	0.190457	0.546718	0.920201	1.28073	1.59647	1.84558	2.02335	2.11052	2.0874	1.96025	1.75276	1.4735	1.13607	0.764396	0.389156	0.0472094	-0.242614	-0.46553	-0.626683	-0.743547	-0.806269	-0.806274	-0.745897	-0.632406	-0.486327	-0.331458	-0.18698	-0.0624083	0.029516	0.070647	0.0554074	-0.0129067	-0.116993	-0.236567	-0.366024	-0.477732	-0.5343	-0.5343	
-0.483296	-0.501027	-0.543105	-0.602423	-0.659514	-0.698764	-0.695948	-0.631851	-0.514728	-0.368395	-0.193624	0.0244247	0.287033	0.584206	0.894889	1.19705	1.45772	1.65865	1.79522	1.85815	1.8432	1.75276	1.59078	1.36347	1.0846	0.770783	0.457296	0.169498	-0.0870084	-0.29479	-0.46276	-0.605881	-0.702716	-0.731463	-0.692044	-0.606872	-0.498254	-0.377607	-0.261415	-0.161342	-0.0856743	-0.042737	-0.0344979	-0.0628282	-0.118765	-0.191506	-0.2811	-0.36443	-0.408035	-0.408035	
-0.55422	-0.551946	-0.564437	-0.580698	-0.589894	-0.588917	-0.549174	-0.457024	-0.318402	-0.163336	0.00557869	0.198323	0.410196	0.637216	0.866215	1.0858	1.27409	1.41571	1.50293	1.5385	1.53021	1.4735	1.36347	1.20186	0.997661	0.768816	0.538413	0.312741	0.101364	-0.0821386	-0.250111	-0.403303	-0.522472	-0.588714	-0.596165	-0.567327	-0.515853	-0.441722	-0.360094	-0.28349	-0.216836	-0.16574	-0.134245	-0.123696	-0.128615	-0.150184	-0.194908	-0.246689	-0.278112	-0.278112	
-0.625644	-0.60244	-0.584124	-0.551254	-0.508041	-0.451537	-0.367013	-0.242235	-0.0856147	0.0726073	0.237793	0.40132	0.559705	0.705956	0.83378	0.94993	1.04684	1.11694	1.15154	1.16061	1.15663	1.13607	1.0846	0.997661	0.889306	0.765418	0.62733	0.47536	0.315152	0.153775	-0.00701981	-0.160793	-0.301654	-0.408879	-0.468531	-0.501272	-0.51484	-0.499335	-0.459559	-0.408161	-0.354612	-0.300463	-0.243751	-0.185858	-0.136093	-0.11149	-0.11693	-0.13981	-0.160784	-0.160784	
-0.681304	-0.628354	-0.567283	-0.487003	-0.393424	-0.285432	-0.15704	0.00316464	0.172271	0.334535	0.48549	0.60981	0.70577	0.760779	0.783266	0.788692	0.787667	0.782815	0.765376	0.747589	0.748648	0.764396	0.770783	0.768816	0.765418	0.751261	0.716833	0.645614	0.538108	0.404176	0.250864	0.0894738	-0.073611	-0.216075	-0.323313	-0.412128	-0.484132	-0.523148	-0.529198	-0.515665	-0.484611	-0.427131	-0.344079	-0.245117	-0.151353	-0.0877816	-0.0569893	-0.0536607	-0.0662513	-0.0662513	
-0.695538	-0.604908	-0.498963	-0.377028	-0.244259	-0.102183	0.0617904	0.246303	0.428364	0.592868	0.720466	0.796242	0.816402	0.780416	0.704956	0.609359	0.518708	0.441763	0.372979	0.331312	0.339985	0.389156	0.457296	0.538413	0.62733	0.716833	0.778775	0.787757	0.747015	0.649446	0.503738	0.33416	0.150044	-0.0251512	-0.174981	-0.305942	-0.417697	-0.503559	-0.558961	-0.582553	-0.569932	-0.516676	-0.425879	-0.305204	-0.182897	-0.0904699	-0.0284816	0.00299841	0.00547412	0.00547412	
-0.656875	-0.530435	-0.389127	-0.233196	-0.0742019	0.0938333	0.277636	0.472341	0.658789	0.816922	0.91596	0.932829	0.872352	0.750389	0.592238	0.419064	0.25935	0.122377	0.0111383	-0.0468953	-0.0329137	0.0472094	0.169498	0.312741	0.47536	0.645614	0.787757	0.884128	0.916766	0.859931	0.729729	0.553915	0.353961	0.158274	-0.0195582	-0.176587	-0.317405	-0.441842	-0.532236	-0.582839	-0.596551	-0.566438	-0.486542	-0.364751	-0.233147	-0.120548	-0.0298875	0.0292257	0.0495349	0.0495349	
-0.560402	-0.404524	-0.237077	-0.062962	0.114951	0.300834	0.489631	0.674576	0.840292	0.975165	1.03428	0.994168	0.863006	0.671983	0.455297	0.232872	0.0296538	-0.149521	-0.28818	-0.359267	-0.343771	-0.242614	-0.0870084	0.101364	0.315152	0.538108	0.747015	0.916766	1.00925	0.997979	0.89457	0.730108	0.541498	0.347789	0.1545	-0.0242419	-0.185593	-0.327633	-0.440107	-0.524423	-0.576815	-0.58157	-0.528826	-0.423645	-0.291387	-0.160592	-0.0490625	0.0274657	0.0624092	0.0624092	
-0.432774	-0.245082	-0.0550866	0.129482	0.320696	0.513961	0.698561	0.852209	0.974936	1.0605	1.06792	0.979057	0.796631	0.561476	0.306401	0.0558227	-0.172942	-0.372507	-0.518949	-0.591283	-0.571693	-0.46553	-0.29479	-0.0821386	0.153775	0.404176	0.649446	0.859931	0.997979	1.03693	0.982877	0.866197	0.719756	0.546536	0.349354	0.159423	-0.00912559	-0.165546	-0.311947	-0.439139	-0.532515	-0.574649	-0.549393	-0.460476	-0.333831	-0.19855	-0.0805726	0.00614427	0.0554527	0.0554527	
-0.296801	-0.0746394	0.141784	0.344815	0.542112	0.731621	0.894075	1.00077	1.06382	1.07709	1.02444	0.893385	0.685705	0.433841	0.162783	-0.100062	-0.339652	-0.539558	-0.675849	-0.736288	-0.719305	-0.626683	-0.46276	-0.250111	-0.00701981	0.250864	0.503738	0.729729	0.89457	0.982877	0.997843	0.954591	0.872817	0.743008	0.56888	0.38517	0.201809	0.0100533	-0.182511	-0.354717	-0.484024	-0.547397	-0.534174	-0.461816	-0.351413	-0.221681	-0.10458	-0.0154684	0.0406905	0.0406905	
-0.137613	0.104613	0.347294	0.571799	0.769256	0.93798	1.052	1.09904	1.09169	1.02804	0.917028	0.755615	0.548397	0.30805	0.0452731	-0.214433	-0.453879	-0.645864	-0.76394	-0.814052	-0.809696	-0.743547	-0.605881	-0.403303	-0.160793	0.0894738	0.33416	0.553915	0.730108	0.866197	0.954591	0.994249	0.987519	0.917973	0.787262	0.611425	0.402952	0.175192	-0.0590758	-0.271756	-0.425076	-0.498179	-0.495921	-0.438134	-0.337038	-0.212257	-0.100488	-0.0142502	0.0423932	0.0423932	
0.0640613	0.308188	0.564419	0.800211	0.99404	1.12746	1.17681	1.15411	1.07041	0.936059	0.773356	0.588816	0.392277	0.174391	-0.0635032	-0.303108	-0.529551	-0.700732	-0.796267	-0.837146	-0.84202	-0.806269	-0.702716	-0.522472	-0.301654	-0.073611	0.150044	0.353961	0.541498	0.719756	0.872817	0.987519	1.04827	1.03926	0.952499	0.786361	0.565695	0.316672	0.0553173	-0.178824	-0.345181	-0.431045	-0.441696	-0.391578	-0.29552	-0.174504	-0.0571248	0.0393363	0.0991177	0.0991177	
0.311458	0.546386	0.793922	1.01951	1.19585	1.28431	1.27063	1.17665	1.01722	0.82159	0.613922	0.413072	0.223918	0.0258997	-0.176116	-0.381684	-0.573277	-0.709259	-0.783902	-0.812936	-0.820878	-0.806274	-0.731463	-0.588714	-0.408879	-0.216075	-0.0251512	0.158274	0.347789	0.546536	0.743008	0.917973	1.03926	1.08579	1.04081	0.894453	0.673588	0.415788	0.152176	-0.0796952	-0.248665	-0.34154	-0.362075	-0.321994	-0.231868	-0.104852	0.0379185	0.162405	0.232942	0.232942	
0.581874	0.79256	1.00793	1.19761	1.32987	1.36544	1.3025	1.15233	0.937266	0.695111	0.458183	0.253331	0.0685267	-0.107497	-0.272592	-0.434396	-0.572247	-0.671003	-0.728646	-0.750068	-0.757918	-0.745897	-0.692044	-0.596165	-0.468531	-0.323313	-0.174981	-0.0195582	0.1545	0.349354	0.56888	0.787262	0.952499	1.04081	1.03496	0.919189	0.718693	0.478211	0.232391	0.0130306	-0.148484	-0.238099	-0.26006	-0.217966	-0.119702	0.0221864	0.193091	0.347736	0.432584	0.432584	
0.842714	1.00984	1.17662	1.31355	1.38088	1.36052	1.2594	1.07982	0.839353	0.570826	0.323451	0.118717	-0.0561478	-0.204725	-0.333365	-0.439364	-0.515633	-0.573529	-0.613442	-0.636538	-0.644822	-0.632406	-0.606872	-0.567327	-0.501272	-0.412128	-0.305942	-0.176587	-0.0242419	0.159423	0.38517	0.611425	0.786361	0.894453	0.919189	0.851157	0.704716	0.504298	0.287342	0.0947996	-0.0454482	-0.121741	-0.12945	-0.0661113	0.0560975	0.222144	0.414836	0.581141	0.667642	0.667642	
1.05757	1.16915	1.27953	1.35781	1.36209	1.29306	1.16306	0.978727	0.74014	0.475129	0.229816	0.0254574	-0.133367	-0.253543	-0.340874	-0.390359	-0.410192	-0.424786	-0.447764	-0.475395	-0.487299	-0.486327	-0.498254	-0.515853	-0.51484	-0.484132	-0.417697	-0.317405	-0.185593	-0.00912559	0.201809	0.402952	0.565695	0.673588	0.718693	0.704716	0.618536	0.46881	0.308486	0.173834	0.0749116	0.0258	0.0431037	0.134375	0.289149	0.483434	0.683973	0.844931	0.930015	0.930015	
1.18983	1.24794	1.30198	1.32231	1.28192	1.183	1.04162	0.866171	0.653839	0.422358	0.192862	-0.00407427	-0.149468	-0.241999	-0.289832	-0.297277	-0.277036	-0.259612	-0.267281	-0.293389	-0.31138	-0.331458	-0.377607	-0.441722	-0.499335	-0.523148	-0.503559	-0.441842	-0.327633	-0.165546	0.0100533	0.175192	0.316672	0.415788	0.478211	0.504298	0.46881	0.388687	0.309687	0.246226	0.204567	0.205137	0.264846	0.387878	0.564675	0.769169	0.966339	1.12759	1.22378	1.22378	
1.23029	1.24357	1.24701	1.2165	1.14715	1.03957	0.903622	0.742683	0.569782	0.385321	0.191196	0.0126887	-0.117606	-0.182587	-0.197602	-0.173854	-0.132019	-0.0972499	-0.0910431	-0.110707	-0.139419	-0.18698	-0.261415	-0.360094	-0.459559	-0.529198	-0.558961	-0.532236	-0.440107	-0.311947	-0.182511	-0.0590758	0.0553173	0.152176	0.232391	0.287342	0.308486	0.309687	0.304286	0.304974	0.334214	0.406397	0.519748	0.667778	0.851177	1.05989	1.26007	1.42345	1.52349	1.52349	
1.18927	1.15923	1.11805	1.05091	0.963865	0.861926	0.73985	0.601048	0.465714	0.328552	0.182633	0.0366582	-0.067004	-0.108276	-0.094636	-0.0473553	0.00489301	0.048505	0.0654643	0.054442	0.0120053	-0.0624083	-0.161342	-0.28349	-0.408161	-0.515665	-0.582553	-0.582839	-0.524423	-0.439139	-0.354717	-0.271756	-0.178824	-0.0796952	0.0130306	0.0947996	0.173834	0.246226	0.304974	0.375186	0.480199	0.611986	0.760012	0.92992	1.1333	1.35616	1.55739	1.71155	1.80239	1.80239	
1.08087	1.00108	0.91519	0.823469	0.730543	0.638646	0.534732	0.426057	0.323964	0.230014	0.132967	0.0370884	-0.0289659	-0.0478919	-0.0122511	0.0475263	0.106592	0.151862	0.176042	0.172003	0.119827	0.029516	-0.0856743	-0.216836	-0.354612	-0.484611	-0.569932	-0.596551	-0.576815	-0.532515	-0.484024	-0.425076	-0.345181	-0.248665	-0.148484	-0.0454482	0.0749116	0.204567	0.334214	0.480199	0.640238	0.799401	0.971287	1.17526	1.40375	1.62885	1.82289	1.96686	2.04495	2.04495	
0.917709	0.787066	0.653033	0.537324	0.443785	0.360274	0.277091	0.200624	0.132535	0.0751712	0.0246915	-0.0117281	-0.0337528	-0.026031	0.0194788	0.0824355	0.143031	0.184704	0.212562	0.210268	0.159899	0.070647	-0.042737	-0.16574	-0.300463	-0.427131	-0.516676	-0.566438	-0.58157	-0.574649	-0.547397	-0.498179	-0.431045	-0.34154	-0.238099	-0.121741	0.0258	0.205137	0.406397	0.611986	0.799401	0.980111	1.18418	1.41101	1.63656	1.84793	2.03454	2.16443	2.22017	2.22017	
0.713427	0.542477	0.364647	0.219052	0.116403	0.0364627	-0.0275436	-0.0756627	-0.112262	-0.139977	-0.147666	-0.132537	-0.109293	-0.0745064	-0.0268265	0.033829	0.0894466	0.130729	0.159869	0.160308	0.125591	0.0554074	-0.0344979	-0.134245	-0.243751	-0.344079	-0.425879	-0.486542	-0.528826	-0.549393	-0.534174	-0.495921	-0.441696	-0.362075	-0.26006	-0.12945	0.0431037	0.264846	0.519748	0.760012	0.971287	1.18418	1.40648	1.62299	1.82626	2.01246	2.16855	2.26879	2.30709	2.30709	
0.493975	0.291572	0.0809546	-0.099427	-0.229767	-0.317485	-0.37013	-0.398171	-0.411945	-0.411914	-0.382737	-0.328852	-0.265127	-0.206091	-0.152815	-0.09805	-0.0483572	-0.00390293	0.0253609	0.034628	0.0228365	-0.0129067	-0.0628282	-0.123696	-0.185858	-0.245117	-0.305204	-0.364751	-0.423645	-0.460476	-0.461816	-0.438134	-0.391578	-0.321994	-0.217966	-0.0661113	0.134375	0.387878	0.667778	0.92992	1.17526	1.41101	1.62299	1.81351	1.98346	2.11489	2.20493	2.26678	2.30191	2.30191	
0.277603	0.0436354	-0.190542	-0.40397	-0.573216	-0.680545	-0.731454	-0.747986	-0.744112	-0.714164	-0.653232	-0.569987	-0.478612	-0.399774	-0.338235	-0.29059	-0.244692	-0.199288	-0.166149	-0.141844	-0.125854	-0.116993	-0.118765	-0.128615	-0.136093	-0.151353	-0.182897	-0.233147	-0.291387	-0.333831	-0.351413	-0.337038	-0.29552	-0.231868	-0.119702	0.0560975	0.289149	0.564675	0.851177	1.1333	1.40375	1.63656	1.82626	1.98346	2.09539	2.15102	2.17013	2.18317	2.1972	2.1972	
0.0727835	-0.193018	-0.446931	-0.685077	-0.886539	-1.01711	-1.0755	-1.08703	-1.06449	-1.00432	-0.915295	-0.811316	-0.706739	-0.615772	-0.549409	-0.504727	-0.461799	-0.417826	-0.376065	-0.334433	-0.287998	-0.236567	-0.191506	-0.150184	-0.11149	-0.0877816	-0.0904699	-0.120548	-0.160592	-0.19855	-0.221681	-0.212257	-0.174504	-0.104852	0.0221864	0.222144	0.483434	0.769169	1.05989	1.35616	1.62885	1.84793	2.01246	2.11489	2.15102	2.13952	2.09883	2.04964	2.01862	2.01862	
-0.101575	-0.396172	-0.672687	-0.928715	-1.14782	-1.29959	-1.37483	-1.38591	-1.34206	-1.2523	-1.13633	-1.01478	-0.900986	-0.803495	-0.73347	-0.685959	-0.647664	-0.609452	-0.565694	-0.514161	-0.446378	-0.366024	-0.2811	-0.194908	-0.11693	-0.0569893	-0.0284816	-0.0298875	-0.0490625	-0.0805726	-0.10458	-0.100488	-0.0571248	0.0379185	0.193091	0.414836	0.683973	0.966339	1.26007	1.55739	1.82289	2.03454	2.16855	2.20493	2.17013	2.09883	2.00022	1.89748	1.83308	1.83308	
-0.232038	-0.547892	-0.84702	-1.11393	-1.33626	-1.50189	-1.59582	-1.60732	-1.54267	-1.42711	-1.28944	-1.15304	-1.0319	-0.933595	-0.861191	-0.810812	-0.777342	-0.747658	-0.708718	-0.652756	-0.57494	-0.477732	-0.36443	-0.246689	-0.13981	-0.0536607	0.00299841	0.0292257	0.0274657	0.00614427	-0.0154684	-0.0142502	0.0393363	0.162405	0.347736	0.581141	0.844931	1.12759	1.42345	1.71155	1.96686	2.16443	2.26879	2.26678	2.18317	2.04964	1.89748	1.7658	1.6901	1.6901	
-0.307796	-0.633126	-0.944763	-1.21402	-1.43145	-1.60119	-1.70554	-1.71644	-1.63873	-1.50884	-1.36159	-1.21893	-1.09699	-1.00299	-0.931608	-0.881173	-0.849277	-0.823713	-0.78605	-0.724364	-0.640865	-0.5343	-0.408035	-0.278112	-0.160784	-0.0662513	0.00547412	0.0495349	0.0624092	0.0554527	0.0406905	0.0423932	0.0991177	0.232942	0.432584	0.667642	0.930015	1.22378	1.52349	1.80239	2.04495	2.22017	2.30709	2.30191	2.1972	2.01862	1.83308	1.6901	1.61068	1.61068	
-0.307796	-0.633126	-0.944763	-1.21402	-1.43145	-1.60119	-1.70554	-1.71644	-1.63873	-1.50884	-1.36159	-1.21893	-1.09699	-1.00299	-0.931608	-0.881173	-0.849277	-0.823713	-0.78605	-0.724364	-0.640865	-0.5343	-0.408035	-0.278112	-0.160784	-0.0662513	0.00547412	0.0495349	0.0624092	0.0554527	0.0406905	0.0423932	0.0991177	0.232942	0.432584	0.667642	0.930015	1.22378	1.52349	1.80239	2.04495	2.22017	2.30709	2.30191	2.1972	2.01862	1.83308	1.6901	1.61068	1.61068	
