0.8225	0.848859	0.845793	0.814464	0.757511	0.680942	0.605431	0.552414	0.537187	0.540389	0.525601	0.469898	0.367159	0.229184	0.089832	-0.036914	-0.157284	-0.262011	-0.339448	-0.394911	-0.431765	-0.452389	-0.467475	-0.473371	-0.447328	-0.374551	-0.258492	-0.115348	0.0278221	0.150688	0.254779	0.360964	0.490777	0.64161	0.773501	0.856373	0.888426	0.886776	0.868865	0.836762	0.795122	0.746189	0.676799	0.572596	0.439726	0.299731	0.175803	0.0778164	0.0190696	0.0190696	
0.848859	0.849578	0.817312	0.766154	0.706318	0.638791	0.579769	0.552327	0.562812	0.58469	0.584331	0.538692	0.434681	0.290084	0.140784	-0.0108914	-0.158319	-0.279544	-0.373384	-0.436972	-0.476362	-0.493311	-0.496665	-0.478709	-0.417519	-0.309148	-0.16192	0.0111342	0.178577	0.321873	0.435459	0.533494	0.648155	0.773397	0.88304	0.953729	0.978627	0.973074	0.952464	0.914912	0.863897	0.801733	0.716128	0.596923	0.447066	0.293289	0.15284	0.0323376	-0.0403476	-0.0403476	
0.845793	0.817312	0.756153	0.692899	0.635334	0.580546	0.545486	0.549706	0.575898	0.605666	0.612741	0.572299	0.477115	0.34052	0.179077	0.00932619	-0.15548	-0.292293	-0.402743	-0.478506	-0.51783	-0.53326	-0.523296	-0.476885	-0.383205	-0.244749	-0.0685991	0.125773	0.315557	0.477694	0.595292	0.689295	0.779705	0.871802	0.954865	1.0059	1.02348	1.01518	0.992477	0.950913	0.896732	0.831537	0.740827	0.620222	0.468433	0.311019	0.160179	0.0206587	-0.0663447	-0.0663447	
0.814464	0.766154	0.692899	0.623846	0.563744	0.523968	0.513446	0.532188	0.567658	0.601702	0.611604	0.578155	0.497921	0.375806	0.214655	0.0297477	-0.146698	-0.298336	-0.424724	-0.510178	-0.559428	-0.568202	-0.536459	-0.463461	-0.335419	-0.167264	0.0227318	0.227486	0.42575	0.589564	0.709789	0.796386	0.86692	0.931005	0.982578	1.01672	1.02832	1.01941	0.998767	0.95873	0.906845	0.844407	0.758197	0.638449	0.488432	0.328114	0.163914	0.0106563	-0.0910448	-0.0910448	
0.757511	0.706318	0.635334	0.563744	0.510755	0.483258	0.483668	0.507066	0.540208	0.571168	0.576097	0.547008	0.483043	0.374093	0.216557	0.0327995	-0.14931	-0.305362	-0.433992	-0.530795	-0.581603	-0.577958	-0.528244	-0.431846	-0.280347	-0.0932752	0.10987	0.317758	0.512821	0.675961	0.790948	0.866386	0.91621	0.952132	0.980848	0.998546	1.00662	0.999184	0.97489	0.934465	0.883967	0.824245	0.743096	0.626906	0.476638	0.312885	0.14328	-0.0169418	-0.121415	-0.121415	
0.680942	0.638791	0.580546	0.523968	0.483258	0.461874	0.460389	0.477266	0.498089	0.510251	0.508308	0.48721	0.435556	0.344601	0.205635	0.0278893	-0.1562	-0.315217	-0.44271	-0.53578	-0.572778	-0.552917	-0.490864	-0.37574	-0.204798	-0.00706891	0.197667	0.397156	0.578989	0.727505	0.83094	0.893616	0.925474	0.939933	0.95037	0.96077	0.960902	0.947342	0.91614	0.868268	0.813885	0.756065	0.681351	0.569384	0.422834	0.257681	0.0884003	-0.0667489	-0.164825	-0.164825	
0.605431	0.579769	0.545486	0.513446	0.483668	0.460389	0.459244	0.466823	0.468082	0.45772	0.442259	0.417758	0.372477	0.303513	0.191956	0.0250568	-0.153363	-0.304323	-0.418651	-0.497154	-0.519935	-0.491926	-0.421061	-0.295224	-0.12403	0.0742507	0.269838	0.445954	0.604136	0.737445	0.829713	0.87776	0.894066	0.893499	0.892312	0.89208	0.879772	0.854746	0.809512	0.754786	0.699271	0.640664	0.570086	0.464425	0.322739	0.15975	0.00109107	-0.135239	-0.216982	-0.216982	
0.552414	0.552327	0.549706	0.532188	0.507066	0.477266	0.466823	0.464816	0.449294	0.42084	0.391076	0.3605	0.326401	0.277336	0.185711	0.0420217	-0.11306	-0.246726	-0.3439	-0.401577	-0.414064	-0.387337	-0.316647	-0.192892	-0.0318135	0.148542	0.317386	0.462031	0.592004	0.700397	0.773899	0.810233	0.811724	0.801732	0.799195	0.790923	0.765764	0.724546	0.665115	0.608068	0.546657	0.484853	0.417849	0.314534	0.182269	0.0276685	-0.11823	-0.230758	-0.291961	-0.291961	
0.537187	0.562812	0.575898	0.567658	0.540208	0.498089	0.468082	0.449294	0.424816	0.387843	0.352623	0.330409	0.314309	0.282836	0.214929	0.101619	-0.0232309	-0.132862	-0.203796	-0.242035	-0.25201	-0.229819	-0.169925	-0.0662262	0.0710657	0.221194	0.351118	0.456193	0.549582	0.628066	0.677646	0.694774	0.684604	0.671656	0.670255	0.661234	0.628004	0.573155	0.505725	0.444255	0.373875	0.301594	0.223988	0.121046	0.000954674	-0.143217	-0.270336	-0.35554	-0.398271	-0.398271	
0.540389	0.58469	0.605666	0.601702	0.571168	0.510251	0.45772	0.42084	0.387843	0.347845	0.3211	0.321376	0.33404	0.327956	0.290502	0.216578	0.130348	0.0529181	0.00277303	-0.0252568	-0.0373909	-0.0237106	0.0190278	0.0952201	0.191293	0.289949	0.372592	0.438677	0.49132	0.532272	0.558001	0.555444	0.535038	0.522447	0.52452	0.5168	0.477423	0.417386	0.345129	0.27579	0.195168	0.0986925	0.000706959	-0.104332	-0.217752	-0.342052	-0.446425	-0.509911	-0.532574	-0.532574	
0.525601	0.584331	0.612741	0.611604	0.576097	0.508308	0.442259	0.391076	0.352623	0.3211	0.311855	0.336254	0.376946	0.405466	0.404928	0.381069	0.340728	0.292877	0.251227	0.218921	0.203886	0.205941	0.223431	0.26147	0.310821	0.356128	0.389731	0.413321	0.428895	0.438042	0.438486	0.420078	0.395746	0.381987	0.380261	0.373642	0.33096	0.263615	0.189059	0.110258	0.0130818	-0.105902	-0.226704	-0.336143	-0.441367	-0.545968	-0.628021	-0.677006	-0.685732	-0.685732	
0.469898	0.538692	0.572299	0.578155	0.547008	0.48721	0.417758	0.3605	0.330409	0.321376	0.336254	0.381335	0.447365	0.507089	0.547053	0.568824	0.565161	0.536338	0.494979	0.453336	0.42582	0.407752	0.400068	0.403537	0.406943	0.408746	0.408891	0.400772	0.383717	0.361731	0.341356	0.310308	0.279269	0.263906	0.254827	0.241961	0.19568	0.122743	0.0427734	-0.0493679	-0.16358	-0.299886	-0.438819	-0.5508	-0.640288	-0.722556	-0.781263	-0.811488	-0.814674	-0.814674	
0.367159	0.434681	0.477115	0.497921	0.483043	0.435556	0.372477	0.326401	0.314309	0.33404	0.376946	0.447365	0.541237	0.629724	0.702139	0.752842	0.771413	0.752886	0.703768	0.649479	0.604911	0.565557	0.532584	0.501631	0.470396	0.439557	0.41438	0.385857	0.349197	0.308237	0.263517	0.22068	0.183978	0.161056	0.149492	0.13191	0.0846595	0.00664874	-0.0839119	-0.190794	-0.320113	-0.466629	-0.610571	-0.717352	-0.788723	-0.839139	-0.868524	-0.878054	-0.872511	-0.872511	
0.229184	0.290084	0.34052	0.375806	0.374093	0.344601	0.303513	0.277336	0.282836	0.327956	0.405466	0.507089	0.629724	0.74967	0.849097	0.916865	0.938424	0.916308	0.858074	0.793418	0.729535	0.669996	0.613346	0.550673	0.494058	0.440918	0.398015	0.352864	0.301924	0.246335	0.188908	0.143201	0.106562	0.0839005	0.070326	0.0482187	-0.00142109	-0.0807747	-0.177479	-0.294728	-0.425504	-0.57181	-0.70973	-0.803348	-0.858602	-0.877366	-0.877649	-0.868062	-0.853682	-0.853682	
0.089832	0.140784	0.179077	0.214655	0.216557	0.205635	0.191956	0.185711	0.214929	0.290502	0.404928	0.547053	0.702139	0.849097	0.963404	1.03138	1.04738	1.01318	0.941917	0.855571	0.767901	0.690499	0.619601	0.548113	0.480439	0.414976	0.357668	0.306583	0.247727	0.176879	0.114725	0.0623875	0.029701	0.0188619	0.0108977	-0.00580679	-0.0528423	-0.129001	-0.223657	-0.339112	-0.458714	-0.588784	-0.711294	-0.789721	-0.833547	-0.835273	-0.815871	-0.796503	-0.776912	-0.776912	
-0.036914	-0.0108914	0.00932619	0.0297477	0.0327995	0.0278893	0.0250568	0.0420217	0.101619	0.216578	0.381069	0.568824	0.752842	0.916865	1.03138	1.09287	1.08675	1.02652	0.929949	0.815584	0.708899	0.618117	0.544422	0.480343	0.424621	0.368263	0.315755	0.260375	0.192877	0.109439	0.0351545	-0.0231237	-0.0492287	-0.0436255	-0.0406314	-0.0430581	-0.0755448	-0.140817	-0.220685	-0.318417	-0.423243	-0.528723	-0.625939	-0.691472	-0.72067	-0.713412	-0.687221	-0.662359	-0.644046	-0.644046	
-0.157284	-0.158319	-0.15548	-0.146698	-0.14931	-0.1562	-0.153363	-0.11306	-0.0232309	0.130348	0.340728	0.565161	0.771413	0.938424	1.04738	1.08675	1.05231	0.959231	0.832812	0.691419	0.566424	0.466282	0.395742	0.349237	0.314832	0.281576	0.24702	0.202141	0.136389	0.0514369	-0.0319871	-0.0906754	-0.108086	-0.0937379	-0.0770848	-0.0689439	-0.0899238	-0.135861	-0.191898	-0.264066	-0.343524	-0.41963	-0.491144	-0.536989	-0.546922	-0.531126	-0.495926	-0.462272	-0.444735	-0.444735	
-0.262011	-0.279544	-0.292293	-0.298336	-0.305362	-0.315217	-0.304323	-0.246726	-0.132862	0.0529181	0.292877	0.536338	0.752886	0.916308	1.01318	1.02652	0.959231	0.832051	0.67381	0.508005	0.367119	0.262242	0.199361	0.176416	0.169344	0.162911	0.149986	0.12099	0.0701018	-0.000412182	-0.0789235	-0.12656	-0.13953	-0.12455	-0.0971676	-0.0881498	-0.0980228	-0.123278	-0.161487	-0.208851	-0.259229	-0.30847	-0.343207	-0.352007	-0.338351	-0.302593	-0.259321	-0.226019	-0.206424	-0.206424	
-0.339448	-0.373384	-0.402743	-0.424724	-0.433992	-0.44271	-0.418651	-0.3439	-0.203796	0.00277303	0.251227	0.494979	0.703768	0.858074	0.941917	0.929949	0.832812	0.67381	0.480307	0.299155	0.148553	0.0480947	-0.00368372	-0.00874412	0.0155993	0.0411429	0.0529324	0.0476378	0.0188862	-0.0349215	-0.0968538	-0.137088	-0.145666	-0.13519	-0.116617	-0.111079	-0.117587	-0.129963	-0.149127	-0.168992	-0.19281	-0.212248	-0.207788	-0.181425	-0.134851	-0.07468	-0.0215103	0.0190948	0.0398281	0.0398281	
-0.394911	-0.436972	-0.478506	-0.510178	-0.530795	-0.53578	-0.497154	-0.401577	-0.242035	-0.0252568	0.218921	0.453336	0.649479	0.793418	0.855571	0.815584	0.691419	0.508005	0.299155	0.104105	-0.04876	-0.145492	-0.178688	-0.153151	-0.0999693	-0.0446097	-0.00685727	0.0116	0.00632876	-0.0311657	-0.0816437	-0.126414	-0.150415	-0.155548	-0.151941	-0.150751	-0.150259	-0.150361	-0.155535	-0.156846	-0.162415	-0.153763	-0.117114	-0.0559343	0.0293836	0.112002	0.181035	0.23009	0.251564	0.251564	
-0.431765	-0.476362	-0.51783	-0.559428	-0.581603	-0.572778	-0.519935	-0.414064	-0.25201	-0.0373909	0.203886	0.42582	0.604911	0.729535	0.767901	0.708899	0.566424	0.367119	0.148553	-0.04876	-0.1943	-0.274848	-0.284894	-0.237743	-0.15882	-0.0775645	-0.0166859	0.0240882	0.0397196	0.0126192	-0.0403522	-0.0991929	-0.148579	-0.182457	-0.202663	-0.208833	-0.204425	-0.192391	-0.181129	-0.165677	-0.154815	-0.126764	-0.0708496	0.00996077	0.118991	0.219112	0.301872	0.358152	0.382918	0.382918	
-0.452389	-0.493311	-0.53326	-0.568202	-0.577958	-0.552917	-0.491926	-0.387337	-0.229819	-0.0237106	0.205941	0.407752	0.565557	0.669996	0.690499	0.618117	0.466282	0.262242	0.0480947	-0.145492	-0.274848	-0.32942	-0.314339	-0.245359	-0.149867	-0.0512537	0.0289628	0.091854	0.121461	0.0982833	0.0332016	-0.0513241	-0.136418	-0.203967	-0.253268	-0.275109	-0.271634	-0.256294	-0.23364	-0.209722	-0.181234	-0.14167	-0.0774484	0.0141805	0.125792	0.236833	0.324393	0.383311	0.410746	0.410746	
-0.467475	-0.496665	-0.523296	-0.536459	-0.528244	-0.490864	-0.421061	-0.316647	-0.169925	0.0190278	0.223431	0.400068	0.532584	0.613346	0.619601	0.544422	0.395742	0.199361	-0.00368372	-0.178688	-0.284894	-0.314339	-0.277173	-0.184893	-0.0749697	0.0342987	0.135242	0.215377	0.248571	0.219476	0.137933	0.0243685	-0.0964654	-0.203007	-0.287144	-0.338153	-0.352067	-0.345724	-0.324931	-0.299656	-0.263114	-0.21599	-0.151587	-0.0579453	0.0537514	0.170366	0.264391	0.329513	0.360454	0.360454	
-0.473371	-0.478709	-0.476885	-0.463461	-0.431846	-0.37574	-0.295224	-0.192892	-0.0662262	0.0952201	0.26147	0.403537	0.501631	0.550673	0.548113	0.480343	0.349237	0.176416	-0.00874412	-0.153151	-0.237743	-0.245359	-0.184893	-0.086322	0.0339286	0.156411	0.275418	0.368669	0.404214	0.37337	0.27499	0.135632	-0.0104835	-0.161533	-0.290636	-0.381873	-0.43458	-0.455036	-0.451487	-0.434282	-0.402305	-0.355168	-0.294022	-0.203607	-0.0895251	0.035088	0.142569	0.220372	0.261051	0.261051	
-0.447328	-0.417519	-0.383205	-0.335419	-0.280347	-0.204798	-0.12403	-0.0318135	0.0710657	0.191293	0.310821	0.406943	0.470396	0.494058	0.480439	0.424621	0.314832	0.169344	0.0155993	-0.0999693	-0.15882	-0.149867	-0.0749697	0.0339286	0.162303	0.2937	0.426703	0.530935	0.571357	0.536632	0.432573	0.283439	0.106347	-0.0807783	-0.252954	-0.396271	-0.495122	-0.554012	-0.583714	-0.590629	-0.571279	-0.534563	-0.479953	-0.389454	-0.27671	-0.149557	-0.0350112	0.0490095	0.097329	0.097329	
-0.374551	-0.309148	-0.244749	-0.167264	-0.0932752	-0.00706891	0.0742507	0.148542	0.221194	0.289949	0.356128	0.408746	0.439557	0.440918	0.414976	0.368263	0.281576	0.162911	0.0411429	-0.0446097	-0.0775645	-0.0512537	0.0342987	0.156411	0.2937	0.437256	0.580921	0.691021	0.736291	0.701645	0.602199	0.448699	0.250363	0.0317607	-0.188818	-0.3829	-0.530646	-0.635579	-0.697146	-0.728835	-0.729132	-0.707303	-0.665425	-0.587087	-0.486222	-0.371487	-0.266601	-0.182576	-0.132217	-0.132217	
-0.258492	-0.16192	-0.0685991	0.0227318	0.10987	0.197667	0.269838	0.317386	0.351118	0.372592	0.389731	0.408891	0.41438	0.398015	0.357668	0.315755	0.24702	0.149986	0.0529324	-0.00685727	-0.0166859	0.0289628	0.135242	0.275418	0.426703	0.580921	0.729204	0.837574	0.882387	0.85343	0.76048	0.603601	0.388887	0.143032	-0.116648	-0.347845	-0.533665	-0.67826	-0.771624	-0.830726	-0.855126	-0.854205	-0.824956	-0.763765	-0.684521	-0.597007	-0.524222	-0.455125	-0.413262	-0.413262	
-0.115348	0.0111342	0.125773	0.227486	0.317758	0.397156	0.445954	0.462031	0.456193	0.438677	0.413321	0.400772	0.385857	0.352864	0.306583	0.260375	0.202141	0.12099	0.0476378	0.0116	0.0240882	0.091854	0.215377	0.368669	0.530935	0.691021	0.837574	0.948457	0.992567	0.969233	0.882095	0.725006	0.502134	0.236552	-0.0377559	-0.291109	-0.506492	-0.678607	-0.80506	-0.893429	-0.94192	-0.960487	-0.949013	-0.905047	-0.850894	-0.803187	-0.764378	-0.720018	-0.688419	-0.688419	
0.0278221	0.178577	0.315557	0.42575	0.512821	0.578989	0.604136	0.592004	0.549582	0.49132	0.428895	0.383717	0.349197	0.301924	0.247727	0.192877	0.136389	0.0701018	0.0188862	0.00632876	0.0397196	0.121461	0.248571	0.404214	0.571357	0.736291	0.882387	0.992567	1.04073	1.03123	0.957803	0.809315	0.589261	0.317809	0.0357278	-0.228945	-0.458343	-0.652124	-0.80394	-0.911752	-0.984082	-1.01878	-1.02175	-0.997272	-0.9689	-0.959278	-0.952698	-0.93591	-0.913216	-0.913216	
0.150688	0.321873	0.477694	0.589564	0.675961	0.727505	0.737445	0.700397	0.628066	0.532272	0.438042	0.361731	0.308237	0.246335	0.176879	0.109439	0.0514369	-0.000412182	-0.0349215	-0.0311657	0.0126192	0.0982833	0.219476	0.37337	0.536632	0.701645	0.85343	0.969233	1.03123	1.04102	0.984829	0.848492	0.635961	0.368607	0.092426	-0.170325	-0.403826	-0.60653	-0.778069	-0.902519	-0.987276	-1.03242	-1.03908	-1.02756	-1.02091	-1.04026	-1.06614	-1.07241	-1.06371	-1.06371	
0.254779	0.435459	0.595292	0.709789	0.790948	0.83094	0.829713	0.773899	0.677646	0.558001	0.438486	0.341356	0.263517	0.188908	0.114725	0.0351545	-0.0319871	-0.0789235	-0.0968538	-0.0816437	-0.0403522	0.0332016	0.137933	0.27499	0.432573	0.602199	0.76048	0.882095	0.957803	0.984829	0.94229	0.823071	0.627931	0.374953	0.115724	-0.132068	-0.357126	-0.552868	-0.726788	-0.855571	-0.941994	-0.988742	-0.998249	-1.00022	-1.0132	-1.05549	-1.10285	-1.12685	-1.13045	-1.13045	
0.360964	0.533494	0.689295	0.796386	0.866386	0.893616	0.87776	0.810233	0.694774	0.555444	0.420078	0.310308	0.22068	0.143201	0.0623875	-0.0231237	-0.0906754	-0.12656	-0.137088	-0.126414	-0.0991929	-0.0513241	0.0243685	0.135632	0.283439	0.448699	0.603601	0.725006	0.809315	0.848492	0.823071	0.726913	0.554903	0.330238	0.0986449	-0.120345	-0.313827	-0.483917	-0.641959	-0.762473	-0.847886	-0.892837	-0.906571	-0.925225	-0.955709	-1.01611	-1.07894	-1.118	-1.13594	-1.13594	
0.490777	0.648155	0.779705	0.86692	0.91621	0.925474	0.894066	0.811724	0.684604	0.535038	0.395746	0.279269	0.183978	0.106562	0.029701	-0.0492287	-0.108086	-0.13953	-0.145666	-0.150415	-0.148579	-0.136418	-0.0964654	-0.0104835	0.106347	0.250363	0.388887	0.502134	0.589261	0.635961	0.627931	0.554903	0.414201	0.234264	0.0486097	-0.12281	-0.265377	-0.392874	-0.522769	-0.629808	-0.708006	-0.754042	-0.773216	-0.809663	-0.865195	-0.939062	-1.01783	-1.07449	-1.10738	-1.10738	
0.64161	0.773397	0.871802	0.931005	0.952132	0.939933	0.893499	0.801732	0.671656	0.522447	0.381987	0.263906	0.161056	0.0839005	0.0188619	-0.0436255	-0.0937379	-0.12455	-0.13519	-0.155548	-0.182457	-0.203967	-0.203007	-0.161533	-0.0807783	0.0317607	0.143032	0.236552	0.317809	0.368607	0.374953	0.330238	0.234264	0.107546	-0.0247096	-0.134023	-0.217248	-0.291848	-0.37894	-0.467988	-0.540101	-0.584844	-0.617192	-0.675006	-0.75267	-0.844593	-0.936185	-1.01033	-1.06079	-1.06079	
0.773501	0.88304	0.954865	0.982578	0.980848	0.95037	0.892312	0.799195	0.670255	0.52452	0.380261	0.254827	0.149492	0.070326	0.0108977	-0.0406314	-0.0770848	-0.0971676	-0.116617	-0.151941	-0.202663	-0.253268	-0.287144	-0.290636	-0.252954	-0.188818	-0.116648	-0.0377559	0.0357278	0.092426	0.115724	0.0986449	0.0486097	-0.0247096	-0.0950832	-0.142074	-0.165397	-0.18595	-0.233895	-0.306159	-0.37343	-0.419102	-0.463307	-0.536613	-0.634801	-0.740499	-0.843331	-0.937862	-1.00265	-1.00265	
0.856373	0.953729	1.0059	1.01672	0.998546	0.96077	0.89208	0.790923	0.661234	0.5168	0.373642	0.241961	0.13191	0.0482187	-0.00580679	-0.0430581	-0.0689439	-0.0881498	-0.111079	-0.150751	-0.208833	-0.275109	-0.338153	-0.381873	-0.396271	-0.3829	-0.347845	-0.291109	-0.228945	-0.170325	-0.132068	-0.120345	-0.12281	-0.134023	-0.142074	-0.131143	-0.0979488	-0.0752778	-0.0915884	-0.149434	-0.214502	-0.264241	-0.320447	-0.405349	-0.523028	-0.643465	-0.758982	-0.875771	-0.952835	-0.952835	
0.888426	0.978627	1.02348	1.02832	1.00662	0.960902	0.879772	0.765764	0.628004	0.477423	0.33096	0.19568	0.0846595	-0.00142109	-0.0528423	-0.0755448	-0.0899238	-0.0980228	-0.117587	-0.150259	-0.204425	-0.271634	-0.352067	-0.43458	-0.495122	-0.530646	-0.533665	-0.506492	-0.458343	-0.403826	-0.357126	-0.313827	-0.265377	-0.217248	-0.165397	-0.0979488	-0.0236727	0.0322125	0.0420955	-0.00710484	-0.0728565	-0.128303	-0.19606	-0.291889	-0.420594	-0.554503	-0.68388	-0.814877	-0.902613	-0.902613	
0.886776	0.973074	1.01518	1.01941	0.999184	0.947342	0.854746	0.724546	0.573155	0.417386	0.263615	0.122743	0.00664874	-0.0807747	-0.129001	-0.140817	-0.135861	-0.123278	-0.129963	-0.150361	-0.192391	-0.256294	-0.345724	-0.455036	-0.554012	-0.635579	-0.67826	-0.678607	-0.652124	-0.60653	-0.552868	-0.483917	-0.392874	-0.291848	-0.18595	-0.0752778	0.0322125	0.114899	0.14518	0.110963	0.0517383	-0.00851742	-0.081586	-0.181643	-0.318309	-0.459648	-0.59998	-0.740165	-0.830387	-0.830387	
0.868865	0.952464	0.992477	0.998767	0.97489	0.91614	0.809512	0.665115	0.505725	0.345129	0.189059	0.0427734	-0.0839119	-0.177479	-0.223657	-0.220685	-0.191898	-0.161487	-0.149127	-0.155535	-0.181129	-0.23364	-0.324931	-0.451487	-0.583714	-0.697146	-0.771624	-0.80506	-0.80394	-0.778069	-0.726788	-0.641959	-0.522769	-0.37894	-0.233895	-0.0915884	0.0420955	0.14518	0.19791	0.187985	0.144577	0.0920515	0.0245865	-0.0689003	-0.197117	-0.340038	-0.485346	-0.623411	-0.713403	-0.713403	
0.836762	0.914912	0.950913	0.95873	0.934465	0.868268	0.754786	0.608068	0.444255	0.27579	0.110258	-0.0493679	-0.190794	-0.294728	-0.339112	-0.318417	-0.264066	-0.208851	-0.168992	-0.156846	-0.165677	-0.209722	-0.299656	-0.434282	-0.590629	-0.728835	-0.830726	-0.893429	-0.911752	-0.902519	-0.855571	-0.762473	-0.629808	-0.467988	-0.306159	-0.149434	-0.00710484	0.110963	0.187985	0.212654	0.197369	0.162089	0.111759	0.0331027	-0.075191	-0.202515	-0.335873	-0.457101	-0.53211	-0.53211	
0.795122	0.863897	0.896732	0.906845	0.883967	0.813885	0.699271	0.546657	0.373875	0.195168	0.0130818	-0.16358	-0.320113	-0.425504	-0.458714	-0.423243	-0.343524	-0.259229	-0.19281	-0.162415	-0.154815	-0.181234	-0.263114	-0.402305	-0.571279	-0.729132	-0.855126	-0.94192	-0.984082	-0.987276	-0.941994	-0.847886	-0.708006	-0.540101	-0.37343	-0.214502	-0.0728565	0.0517383	0.144577	0.197369	0.209343	0.194156	0.161745	0.108758	0.0323128	-0.0698171	-0.176328	-0.27039	-0.325625	-0.325625	
0.746189	0.801733	0.831537	0.844407	0.824245	0.756065	0.640664	0.484853	0.301594	0.0986925	-0.105902	-0.299886	-0.466629	-0.57181	-0.588784	-0.528723	-0.41963	-0.30847	-0.212248	-0.153763	-0.126764	-0.14167	-0.21599	-0.355168	-0.534563	-0.707303	-0.854205	-0.960487	-1.01878	-1.03242	-0.988742	-0.892837	-0.754042	-0.584844	-0.419102	-0.264241	-0.128303	-0.00851742	0.0920515	0.162089	0.194156	0.192594	0.175256	0.145115	0.100512	0.0360641	-0.0349902	-0.0895871	-0.11925	-0.11925	
0.676799	0.716128	0.740827	0.758197	0.743096	0.681351	0.570086	0.417849	0.223988	0.000706959	-0.226704	-0.438819	-0.610571	-0.70973	-0.711294	-0.625939	-0.491144	-0.343207	-0.207788	-0.117114	-0.0708496	-0.0774484	-0.151587	-0.294022	-0.479953	-0.665425	-0.824956	-0.949013	-1.02175	-1.03908	-0.998249	-0.906571	-0.773216	-0.617192	-0.463307	-0.320447	-0.19606	-0.081586	0.0245865	0.111759	0.161745	0.175256	0.167407	0.157581	0.143113	0.11612	0.0921868	0.0763087	0.0770782	0.0770782	
0.572596	0.596923	0.620222	0.638449	0.626906	0.569384	0.464425	0.314534	0.121046	-0.104332	-0.336143	-0.5508	-0.717352	-0.803348	-0.789721	-0.691472	-0.536989	-0.352007	-0.181425	-0.0559343	0.00996077	0.0141805	-0.0579453	-0.203607	-0.389454	-0.587087	-0.763765	-0.905047	-0.997272	-1.02756	-1.00022	-0.925225	-0.809663	-0.675006	-0.536613	-0.405349	-0.291889	-0.181643	-0.0689003	0.0331027	0.108758	0.145115	0.157581	0.174597	0.190912	0.204811	0.222382	0.243663	0.267103	0.267103	
0.439726	0.447066	0.468433	0.488432	0.476638	0.422834	0.322739	0.182269	0.000954674	-0.217752	-0.441367	-0.640288	-0.788723	-0.858602	-0.833547	-0.72067	-0.546922	-0.338351	-0.134851	0.0293836	0.118991	0.125792	0.0537514	-0.0895251	-0.27671	-0.486222	-0.684521	-0.850894	-0.9689	-1.02091	-1.0132	-0.955709	-0.865195	-0.75267	-0.634801	-0.523028	-0.420594	-0.318309	-0.197117	-0.075191	0.0323128	0.100512	0.143113	0.190912	0.243679	0.309351	0.376388	0.444566	0.491809	0.491809	
0.299731	0.293289	0.311019	0.328114	0.312885	0.257681	0.15975	0.0276685	-0.143217	-0.342052	-0.545968	-0.722556	-0.839139	-0.877366	-0.835273	-0.713412	-0.531126	-0.302593	-0.07468	0.112002	0.219112	0.236833	0.170366	0.035088	-0.149557	-0.371487	-0.597007	-0.803187	-0.959278	-1.04026	-1.05549	-1.01611	-0.939062	-0.844593	-0.740499	-0.643465	-0.554503	-0.459648	-0.340038	-0.202515	-0.0698171	0.0360641	0.11612	0.204811	0.309351	0.430528	0.559301	0.671632	0.743063	0.743063	
0.175803	0.15284	0.160179	0.163914	0.14328	0.0884003	0.00109107	-0.11823	-0.270336	-0.446425	-0.628021	-0.781263	-0.868524	-0.877649	-0.815871	-0.687221	-0.495926	-0.259321	-0.0215103	0.181035	0.301872	0.324393	0.264391	0.142569	-0.0350112	-0.266601	-0.524222	-0.764378	-0.952698	-1.06614	-1.10285	-1.07894	-1.01783	-0.936185	-0.843331	-0.758982	-0.68388	-0.59998	-0.485346	-0.335873	-0.176328	-0.0349902	0.0921868	0.222382	0.376388	0.559301	0.742183	0.899488	0.992595	0.992595	
0.0778164	0.0323376	0.0206587	0.0106563	-0.0169418	-0.0667489	-0.135239	-0.230758	-0.35554	-0.509911	-0.677006	-0.811488	-0.878054	-0.868062	-0.796503	-0.662359	-0.462272	-0.226019	0.0190948	0.23009	0.358152	0.383311	0.329513	0.220372	0.0490095	-0.182576	-0.455125	-0.720018	-0.93591	-1.07241	-1.12685	-1.118	-1.07449	-1.01033	-0.937862	-0.875771	-0.814877	-0.740165	-0.623411	-0.457101	-0.27039	-0.0895871	0.0763087	0.243663	0.444566	0.671632	0.899488	1.09498	1.2001	1.2001	
0.0190696	-0.0403476	-0.0663447	-0.0910448	-0.121415	-0.164825	-0.216982	-0.291961	-0.398271	-0.532574	-0.685732	-0.814674	-0.872511	-0.853682	-0.776912	-0.644046	-0.444735	-0.206424	0.0398281	0.251564	0.382918	0.410746	0.360454	0.261051	0.097329	-0.132217	-0.413262	-0.688419	-0.913216	-1.06371	-1.13045	-1.13594	-1.10738	-1.06079	-1.00265	-0.952835	-0.902613	-0.830387	-0.713403	-0.53211	-0.325625	-0.11925	0.0770782	0.267103	0.491809	0.743063	0.992595	1.2001	1.31381	1.31381	
0.0190696	-0.0403476	-0.0663447	-0.0910448	-0.121415	-0.164825	-0.216982	-0.291961	-0.398271	-0.532574	-0.685732	-0.814674	-0.872511	-0.853682	-0.776912	-0.644046	-0.444735	-0.206424	0.0398281	0.251564	0.382918	0.410746	0.360454	0.261051	0.097329	-0.132217	-0.413262	-0.688419	-0.913216	-1.06371	-1.13045	-1.13594	-1.10738	-1.06079	-1.00265	-0.952835	-0.902613	-0.830387	-0.713403	-0.53211	-0.325625	-0.11925	0.0770782	0.267103	0.491809	0.743063	0.992595	1.2001	1.31381	1.31381	
