2.52772	2.52772	2.55074	2.58618	2.6078	2.58387	2.49415	2.33238	2.0921	1.78822	1.44541	1.10285	0.796794	0.563495	0.41062	0.357545	0.389849	0.483582	0.605758	0.728945	0.808651	0.824487	0.779377	0.707728	0.628104	0.542373	0.459112	0.365316	0.280726	0.235917	0.21494	0.20712	0.230111	0.291155	0.397584	0.55464	0.731349	0.900546	1.02821	1.09091	1.06093	0.949628	0.765449	0.53388	0.312002	0.165925	0.116578	0.143009	0.244091	0.410036	
2.52772	2.52772	2.55074	2.58618	2.6078	2.58387	2.49415	2.33238	2.0921	1.78822	1.44541	1.10285	0.796794	0.563495	0.41062	0.357545	0.389849	0.483582	0.605758	0.728945	0.808651	0.824487	0.779377	0.707728	0.628104	0.542373	0.459112	0.365316	0.280726	0.235917	0.21494	0.20712	0.230111	0.291155	0.397584	0.55464	0.731349	0.900546	1.02821	1.09091	1.06093	0.949628	0.765449	0.53388	0.312002	0.165925	0.116578	0.143009	0.244091	0.410036	
2.55074	2.55074	2.57185	2.59826	2.60717	2.57199	2.47157	2.28575	2.02962	1.7131	1.36649	1.01787	0.7082	0.465188	0.321617	0.271042	0.30092	0.392058	0.526889	0.659255	0.746323	0.775231	0.74908	0.698897	0.643501	0.582962	0.518066	0.446211	0.375805	0.333437	0.311725	0.302769	0.323542	0.37138	0.452652	0.575181	0.720596	0.860943	0.972649	1.02524	0.988631	0.872381	0.684848	0.458235	0.248807	0.10404	0.0510957	0.0881815	0.196076	0.370765	
2.58618	2.58618	2.59826	2.61018	2.59588	2.53297	2.40042	2.17991	1.89834	1.56628	1.20533	0.845297	0.527201	0.28128	0.144142	0.100269	0.139579	0.241416	0.388346	0.529924	0.628106	0.677911	0.687647	0.674421	0.658264	0.639109	0.613002	0.581029	0.537855	0.500293	0.474168	0.465813	0.480576	0.503014	0.542822	0.615214	0.711047	0.80393	0.877586	0.901974	0.851522	0.726737	0.535266	0.315451	0.116138	-0.0248119	-0.0741026	-0.0284005	0.0901319	0.27652	
2.6078	2.6078	2.60717	2.59588	2.54689	2.44177	2.26241	2.00152	1.69031	1.3351	0.949559	0.579674	0.263944	0.0290603	-0.0973128	-0.126271	-0.0700276	0.0515384	0.210889	0.36188	0.476732	0.553218	0.598779	0.626996	0.663049	0.694694	0.713181	0.71783	0.709228	0.692087	0.672194	0.660859	0.665236	0.662908	0.660654	0.674444	0.702407	0.733098	0.757772	0.749801	0.680936	0.543014	0.34266	0.120931	-0.0728951	-0.209962	-0.256236	-0.209731	-0.0860547	0.110121	
2.58387	2.58387	2.57199	2.53297	2.44177	2.28343	2.04979	1.74345	1.39409	1.00795	0.6086	0.246993	-0.0529509	-0.273088	-0.381422	-0.380358	-0.298306	-0.15483	0.0186894	0.183176	0.317794	0.4216	0.491532	0.553082	0.63614	0.720717	0.786853	0.829424	0.853097	0.864067	0.857744	0.850242	0.847188	0.82806	0.786003	0.742022	0.699773	0.66832	0.642646	0.600724	0.507273	0.348833	0.134742	-0.0934891	-0.291478	-0.43214	-0.484309	-0.438733	-0.315718	-0.117216	
2.49415	2.49415	2.47157	2.40042	2.26241	2.04979	1.76367	1.40737	1.0164	0.613284	0.225015	-0.125204	-0.406822	-0.59904	-0.675175	-0.635427	-0.513441	-0.344704	-0.159914	0.0156173	0.162491	0.283156	0.369238	0.456631	0.570194	0.69574	0.809132	0.892007	0.943487	0.975283	0.990219	0.993773	0.995291	0.96374	0.88892	0.797607	0.703197	0.620172	0.548728	0.472639	0.347682	0.16967	-0.0566953	-0.29624	-0.507722	-0.660123	-0.725052	-0.693653	-0.578909	-0.377325	
2.33238	2.33238	2.28575	2.17991	2.00152	1.74345	1.40737	1.0186	0.600051	0.193002	-0.182297	-0.5097	-0.762697	-0.901453	-0.927694	-0.84734	-0.69405	-0.501433	-0.303109	-0.117746	0.0331891	0.151518	0.244679	0.350126	0.480498	0.628335	0.77092	0.882372	0.960242	1.02166	1.057	1.07127	1.07148	1.03416	0.947854	0.828842	0.695958	0.574719	0.470526	0.366875	0.220945	0.0260112	-0.209834	-0.458326	-0.686296	-0.84985	-0.933302	-0.935715	-0.838781	-0.64416	
2.0921	2.0921	2.02962	1.89834	1.69031	1.39409	1.0164	0.600051	0.179812	-0.215084	-0.56642	-0.856198	-1.05755	-1.14373	-1.11869	-1.00147	-0.819597	-0.606542	-0.39203	-0.20795	-0.0681147	0.0331507	0.125946	0.237194	0.37003	0.518009	0.67553	0.808742	0.909433	0.992072	1.04756	1.07188	1.07314	1.03066	0.938237	0.806404	0.657151	0.511784	0.388961	0.269374	0.116986	-0.0801514	-0.316003	-0.571661	-0.807408	-0.98351	-1.08681	-1.11649	-1.04828	-0.872765	
1.78822	1.78822	1.7131	1.56628	1.3351	1.00795	0.613284	0.193002	-0.215084	-0.589035	-0.898389	-1.12815	-1.26279	-1.29947	-1.23005	-1.07597	-0.864007	-0.639637	-0.424637	-0.251732	-0.130709	-0.0516466	0.0252978	0.116581	0.231653	0.37186	0.534997	0.687295	0.800382	0.887427	0.952257	0.991183	0.994576	0.947603	0.846335	0.712111	0.56737	0.424672	0.301264	0.175166	0.0250999	-0.161775	-0.382346	-0.626753	-0.862327	-1.05303	-1.17574	-1.22315	-1.1849	-1.0417	
1.44541	1.44541	1.36649	1.20533	0.949559	0.6086	0.225015	-0.182297	-0.56642	-0.898389	-1.14986	-1.31763	-1.38626	-1.36207	-1.24042	-1.05041	-0.821232	-0.596828	-0.399188	-0.245085	-0.148228	-0.0947562	-0.0533118	0.00195557	0.0946292	0.226624	0.377977	0.523697	0.644859	0.739506	0.813494	0.852201	0.849844	0.79938	0.698969	0.568428	0.431378	0.309306	0.20146	0.0875152	-0.0516003	-0.214452	-0.410288	-0.632413	-0.851562	-1.04583	-1.18697	-1.25575	-1.24398	-1.13172	
1.10285	1.10285	1.01787	0.845297	0.579674	0.246993	-0.125204	-0.5097	-0.856198	-1.12815	-1.31763	-1.40913	-1.41135	-1.32701	-1.1594	-0.938087	-0.705827	-0.485936	-0.30813	-0.182627	-0.118846	-0.101451	-0.10473	-0.0873441	-0.0219499	0.0911462	0.219091	0.350419	0.476282	0.582378	0.655448	0.689556	0.674936	0.61745	0.526422	0.41276	0.295004	0.197058	0.105172	0.0118266	-0.0966799	-0.227256	-0.391863	-0.58651	-0.788633	-0.975931	-1.12377	-1.20964	-1.22257	-1.15485	
0.796794	0.796794	0.7082	0.527201	0.263944	-0.0529509	-0.406822	-0.762697	-1.05755	-1.26279	-1.38626	-1.41135	-1.34323	-1.20222	-1.0022	-0.762571	-0.52614	-0.317509	-0.161371	-0.0725369	-0.0495469	-0.0719	-0.115717	-0.137833	-0.105333	-0.0251582	0.0805947	0.199492	0.320727	0.42473	0.496962	0.528419	0.511691	0.445806	0.356782	0.26351	0.178299	0.105794	0.0387527	-0.0269473	-0.0976558	-0.190453	-0.323326	-0.493681	-0.684534	-0.86285	-1.00336	-1.09758	-1.14389	-1.12173	
0.563495	0.563495	0.465188	0.28128	0.0290603	-0.273088	-0.59904	-0.901453	-1.14373	-1.29947	-1.36207	-1.32701	-1.20222	-1.00943	-0.779188	-0.532458	-0.302293	-0.114362	0.019017	0.0783134	0.0678688	0.00903634	-0.0747887	-0.138924	-0.140619	-0.0891274	-0.00575253	0.0947213	0.199118	0.294943	0.362136	0.384537	0.36378	0.301368	0.220137	0.144732	0.0876895	0.0446945	0.0148057	-0.0181177	-0.056632	-0.122007	-0.227475	-0.370175	-0.541659	-0.707266	-0.841363	-0.94565	-1.01624	-1.03126	
0.41062	0.41062	0.321617	0.144142	-0.0973128	-0.381422	-0.675175	-0.927694	-1.11869	-1.23005	-1.24042	-1.1594	-1.0022	-0.779188	-0.528257	-0.281399	-0.0642277	0.105617	0.214514	0.248041	0.206117	0.112601	0.00339234	-0.0829517	-0.116039	-0.0967835	-0.0400043	0.0348183	0.11999	0.198978	0.253332	0.27041	0.244616	0.187462	0.117702	0.0632323	0.0276969	0.00749627	0.0047679	0.0101989	0.00263249	-0.0400644	-0.125789	-0.249078	-0.394856	-0.54412	-0.676828	-0.786349	-0.864351	-0.893849	
0.357545	0.357545	0.271042	0.100269	-0.126271	-0.380358	-0.635427	-0.84734	-1.00147	-1.07597	-1.05041	-0.938087	-0.762571	-0.532458	-0.281399	-0.0450261	0.160622	0.316988	0.402807	0.410441	0.349635	0.234142	0.109703	0.0140926	-0.044458	-0.0568134	-0.0243338	0.0312485	0.0928446	0.145767	0.179744	0.191389	0.163219	0.105039	0.0428877	0.00346115	-0.0117901	-0.0157977	0.00178414	0.03821	0.0572318	0.0334053	-0.0328189	-0.143226	-0.272139	-0.405912	-0.531093	-0.638189	-0.710487	-0.737036	
0.389849	0.389849	0.30092	0.139579	-0.0700276	-0.298306	-0.513441	-0.69405	-0.819597	-0.864007	-0.821232	-0.705827	-0.52614	-0.302293	-0.0642277	0.160622	0.353863	0.490551	0.553992	0.543562	0.475672	0.358013	0.22798	0.122958	0.0557289	0.0327995	0.050576	0.0838175	0.119698	0.150584	0.165521	0.15762	0.124254	0.0682196	0.00821187	-0.0346276	-0.0463726	-0.0310525	0.00955708	0.0597393	0.0912216	0.0843078	0.0362299	-0.0550997	-0.170321	-0.287103	-0.398754	-0.495237	-0.552857	-0.564289	
0.483582	0.483582	0.392058	0.241416	0.0515384	-0.15483	-0.344704	-0.501433	-0.606542	-0.639637	-0.596828	-0.485936	-0.317509	-0.114362	0.105617	0.316988	0.490551	0.603984	0.649181	0.631435	0.55888	0.443787	0.320174	0.22307	0.165188	0.148826	0.158119	0.174829	0.192609	0.204167	0.201356	0.173532	0.129733	0.0751863	0.0134979	-0.0404402	-0.0619689	-0.0387169	0.0151006	0.0731339	0.118263	0.1281	0.0980134	0.030511	-0.0666342	-0.173125	-0.274849	-0.350816	-0.387364	-0.386411	
0.605758	0.605758	0.526889	0.388346	0.210889	0.0186894	-0.159914	-0.303109	-0.39203	-0.424637	-0.399188	-0.30813	-0.161371	0.019017	0.214514	0.402807	0.553992	0.649181	0.683681	0.660768	0.582028	0.470911	0.371346	0.296566	0.258394	0.256184	0.266731	0.281788	0.296035	0.289635	0.269285	0.232816	0.170854	0.106372	0.037565	-0.0276875	-0.0577731	-0.0370692	0.0215577	0.0929989	0.159021	0.189247	0.174969	0.122975	0.0412284	-0.0552353	-0.144138	-0.202137	-0.222234	-0.207116	
0.728945	0.728945	0.659255	0.529924	0.36188	0.183176	0.0156173	-0.117746	-0.20795	-0.251732	-0.245085	-0.182627	-0.0725369	0.0783134	0.248041	0.410441	0.543562	0.631435	0.660768	0.628658	0.550382	0.457805	0.383945	0.334249	0.317966	0.336282	0.365683	0.386859	0.397975	0.38246	0.348139	0.292274	0.214489	0.137477	0.0619374	-0.0137259	-0.0480826	-0.0259541	0.0371821	0.118199	0.202717	0.255429	0.259182	0.218958	0.15219	0.0670544	-0.0105166	-0.062494	-0.0717948	-0.0419563	
0.808651	0.808651	0.746323	0.628106	0.476732	0.317794	0.162491	0.0331891	-0.0681147	-0.130709	-0.148228	-0.118846	-0.0495469	0.0678688	0.206117	0.349635	0.475672	0.55888	0.582028	0.550382	0.484978	0.418789	0.374193	0.352365	0.357319	0.389776	0.433083	0.458578	0.466311	0.447674	0.399917	0.327044	0.236788	0.149809	0.0690954	-0.00913203	-0.0458066	-0.021602	0.0438133	0.137055	0.238494	0.306012	0.326874	0.298538	0.237147	0.162082	0.0930945	0.0429348	0.0368046	0.0701258	
0.824487	0.824487	0.775231	0.677911	0.553218	0.4216	0.283156	0.151518	0.0331507	-0.0516466	-0.0947562	-0.101451	-0.0719	0.00903634	0.112601	0.234142	0.358013	0.443787	0.470911	0.457805	0.418789	0.373686	0.349106	0.354605	0.380499	0.417316	0.463143	0.494589	0.498769	0.46789	0.40666	0.325228	0.228754	0.133188	0.046761	-0.0215748	-0.0551271	-0.0369994	0.0344546	0.143628	0.252789	0.320707	0.34381	0.31789	0.257359	0.190222	0.132125	0.0912422	0.0869855	0.121852	
0.779377	0.779377	0.74908	0.687647	0.598779	0.491532	0.369238	0.244679	0.125946	0.0252978	-0.0533118	-0.10473	-0.115717	-0.0747887	0.00339234	0.109703	0.22798	0.320174	0.371346	0.383945	0.374193	0.349106	0.33875	0.358115	0.397084	0.436772	0.479582	0.511521	0.508798	0.459693	0.383446	0.294889	0.194198	0.0926986	0.00405587	-0.0594077	-0.0834026	-0.0643596	0.0131151	0.122849	0.225948	0.286222	0.298704	0.26865	0.213011	0.150907	0.101665	0.0718568	0.0798728	0.120045	
0.707728	0.707728	0.698897	0.674421	0.626996	0.553082	0.456631	0.350126	0.237194	0.116581	0.00195557	-0.0873441	-0.137833	-0.138924	-0.0829517	0.0140926	0.122958	0.22307	0.296566	0.334249	0.352365	0.354605	0.358115	0.384094	0.420809	0.456702	0.492713	0.512591	0.503374	0.446776	0.35953	0.259956	0.148814	0.0381539	-0.0565731	-0.122022	-0.141928	-0.112205	-0.0391866	0.0546883	0.143243	0.196616	0.201808	0.170905	0.120581	0.0570496	0.0109922	0.00342737	0.0337514	0.0852939	
0.628104	0.628104	0.643501	0.658264	0.663049	0.63614	0.570194	0.480498	0.37003	0.231653	0.0946292	-0.0219499	-0.105333	-0.140619	-0.116039	-0.044458	0.0557289	0.165188	0.258394	0.317966	0.357319	0.380499	0.397084	0.420809	0.448677	0.477909	0.505532	0.514995	0.498672	0.438423	0.342624	0.227408	0.0942292	-0.0326263	-0.138987	-0.2111	-0.22792	-0.196683	-0.13587	-0.0589082	0.0146574	0.0612677	0.0665903	0.0305163	-0.0218824	-0.0744762	-0.104124	-0.0882513	-0.0351602	0.0294157	
0.542373	0.542373	0.582962	0.639109	0.694694	0.720717	0.69574	0.628335	0.518009	0.37186	0.226624	0.0911462	-0.0251582	-0.0891274	-0.0967835	-0.0568134	0.0327995	0.148826	0.256184	0.336282	0.389776	0.417316	0.436772	0.456702	0.477909	0.503364	0.531263	0.533602	0.50449	0.438846	0.334845	0.196719	0.0427202	-0.104598	-0.232118	-0.316523	-0.339787	-0.319115	-0.268805	-0.200352	-0.136758	-0.101764	-0.103838	-0.144577	-0.196502	-0.231122	-0.233968	-0.199663	-0.125192	-0.0410522	
0.459112	0.459112	0.518066	0.613002	0.713181	0.786853	0.809132	0.77092	0.67553	0.534997	0.377977	0.219091	0.0805947	-0.00575253	-0.0400043	-0.0243338	0.050576	0.158119	0.266731	0.365683	0.433083	0.463143	0.479582	0.492713	0.505532	0.531263	0.560476	0.557608	0.523588	0.456636	0.346027	0.187803	0.0130918	-0.155203	-0.30505	-0.413055	-0.456467	-0.449829	-0.411883	-0.354425	-0.303287	-0.284469	-0.293875	-0.328855	-0.371508	-0.39216	-0.374437	-0.323751	-0.23397	-0.124297	
0.365316	0.365316	0.446211	0.581029	0.71783	0.829424	0.892007	0.882372	0.808742	0.687295	0.523697	0.350419	0.199492	0.0947213	0.0348183	0.0312485	0.0838175	0.174829	0.281788	0.386859	0.458578	0.494589	0.511521	0.512591	0.514995	0.533602	0.557608	0.559268	0.534779	0.471292	0.359036	0.197125	0.0057766	-0.17856	-0.344531	-0.473055	-0.537852	-0.547666	-0.531893	-0.500881	-0.470186	-0.465784	-0.485085	-0.513729	-0.537481	-0.544514	-0.515419	-0.44851	-0.343262	-0.20776	
0.280726	0.280726	0.375805	0.537855	0.709228	0.853097	0.943487	0.960242	0.909433	0.800382	0.644859	0.476282	0.320727	0.199118	0.11999	0.0928446	0.119698	0.192609	0.296035	0.397975	0.466311	0.498769	0.508798	0.503374	0.498672	0.50449	0.523588	0.534779	0.521016	0.464156	0.359318	0.208396	0.0237829	-0.165925	-0.338931	-0.477654	-0.557439	-0.590158	-0.601348	-0.60076	-0.595659	-0.610626	-0.645453	-0.671202	-0.673764	-0.662835	-0.624081	-0.543336	-0.416728	-0.262906	
0.235917	0.235917	0.333437	0.500293	0.692087	0.864067	0.975283	1.02166	0.992072	0.887427	0.739506	0.582378	0.42473	0.294943	0.198978	0.145767	0.150584	0.204167	0.289635	0.38246	0.447674	0.46789	0.459693	0.446776	0.438423	0.438846	0.456636	0.471292	0.464156	0.422668	0.339267	0.214472	0.0577246	-0.116329	-0.284167	-0.425353	-0.516599	-0.56948	-0.604834	-0.630179	-0.659236	-0.703705	-0.747339	-0.770725	-0.762956	-0.735433	-0.681935	-0.588965	-0.443146	-0.274147	
0.21494	0.21494	0.311725	0.474168	0.672194	0.857744	0.990219	1.057	1.04756	0.952257	0.813494	0.655448	0.496962	0.362136	0.253332	0.179744	0.165521	0.201356	0.269285	0.348139	0.399917	0.40666	0.383446	0.35953	0.342624	0.334845	0.346027	0.359036	0.359318	0.339267	0.286951	0.200269	0.079753	-0.0608431	-0.205683	-0.329759	-0.418443	-0.482171	-0.538665	-0.590987	-0.650173	-0.712513	-0.763663	-0.788652	-0.779819	-0.741446	-0.681639	-0.581172	-0.428262	-0.248316	
0.20712	0.20712	0.302769	0.465813	0.660859	0.850242	0.993773	1.07127	1.07188	0.991183	0.852201	0.689556	0.528419	0.384537	0.27041	0.191389	0.15762	0.173532	0.232816	0.292274	0.327044	0.325228	0.294889	0.259956	0.227408	0.196719	0.187803	0.197125	0.208396	0.214472	0.200269	0.152988	0.0751635	-0.0209675	-0.116582	-0.198737	-0.262928	-0.326553	-0.396827	-0.473899	-0.552396	-0.626516	-0.692614	-0.7277	-0.720128	-0.689156	-0.629322	-0.524831	-0.370599	-0.189558	
0.230111	0.230111	0.323542	0.480576	0.665236	0.847188	0.995291	1.07148	1.07314	0.994576	0.849844	0.674936	0.511691	0.36378	0.244616	0.163219	0.124254	0.129733	0.170854	0.214489	0.236788	0.228754	0.194198	0.148814	0.0942292	0.0427202	0.0130918	0.0057766	0.0237829	0.0577246	0.079753	0.0751635	0.0515845	0.0233007	-0.00279895	-0.0289886	-0.0629347	-0.111904	-0.184393	-0.274872	-0.371805	-0.463307	-0.544911	-0.595483	-0.609756	-0.593083	-0.533405	-0.425426	-0.279448	-0.104076	
0.291155	0.291155	0.37138	0.503014	0.662908	0.82806	0.96374	1.03416	1.03066	0.947603	0.79938	0.61745	0.445806	0.301368	0.187462	0.105039	0.0682196	0.0751863	0.106372	0.137477	0.149809	0.133188	0.0926986	0.0381539	-0.0326263	-0.104598	-0.155203	-0.17856	-0.165925	-0.116329	-0.0608431	-0.0209675	0.0233007	0.0784995	0.125031	0.156578	0.162948	0.131793	0.0695849	-0.0169446	-0.125316	-0.235997	-0.33481	-0.413751	-0.456715	-0.450945	-0.39544	-0.297209	-0.162515	0.00268829	
0.397584	0.397584	0.452652	0.542822	0.660654	0.786003	0.88892	0.947854	0.938237	0.846335	0.698969	0.526422	0.356782	0.220137	0.117702	0.0428877	0.00821187	0.0134979	0.037565	0.0619374	0.0690954	0.046761	0.00405587	-0.0565731	-0.138987	-0.232118	-0.30505	-0.344531	-0.338931	-0.284167	-0.205683	-0.116582	-0.00279895	0.125031	0.240817	0.33467	0.386547	0.381855	0.335102	0.255989	0.144965	0.0200536	-0.0988232	-0.199477	-0.263161	-0.271247	-0.228606	-0.145458	-0.0257734	0.111898	
0.55464	0.55464	0.575181	0.615214	0.674444	0.742022	0.797607	0.828842	0.806404	0.712111	0.568428	0.41276	0.26351	0.144732	0.0632323	0.00346115	-0.0346276	-0.0404402	-0.0276875	-0.0137259	-0.00913203	-0.0215748	-0.0594077	-0.122022	-0.2111	-0.316523	-0.413055	-0.473055	-0.477654	-0.425353	-0.329759	-0.198737	-0.0289886	0.156578	0.33467	0.485222	0.584643	0.617644	0.588498	0.510037	0.398225	0.268134	0.138346	0.0257625	-0.0453216	-0.0707402	-0.051682	0.01034	0.103692	0.210204	
0.731349	0.731349	0.720596	0.711047	0.702407	0.699773	0.703197	0.695958	0.657151	0.56737	0.431378	0.295004	0.178299	0.0876895	0.0276969	-0.0117901	-0.0463726	-0.0619689	-0.0577731	-0.0480826	-0.0458066	-0.0551271	-0.0834026	-0.141928	-0.22792	-0.339787	-0.456467	-0.537852	-0.557439	-0.516599	-0.418443	-0.262928	-0.0629347	0.162948	0.386547	0.584643	0.730442	0.801941	0.79695	0.731048	0.625696	0.494639	0.358163	0.241645	0.163068	0.121381	0.117829	0.156255	0.218254	0.294603	
0.900546	0.900546	0.860943	0.80393	0.733098	0.66832	0.620172	0.574719	0.511784	0.424672	0.309306	0.197058	0.105794	0.0446945	0.00749627	-0.0157977	-0.0310525	-0.0387169	-0.0370692	-0.0259541	-0.021602	-0.0369994	-0.0643596	-0.112205	-0.196683	-0.319115	-0.449829	-0.547666	-0.590158	-0.56948	-0.482171	-0.326553	-0.111904	0.131793	0.381855	0.617644	0.801941	0.901826	0.927205	0.891587	0.805426	0.677977	0.541243	0.422846	0.332331	0.273536	0.25434	0.266872	0.302923	0.360843	
1.02821	1.02821	0.972649	0.877586	0.757772	0.642646	0.548728	0.470526	0.388961	0.301264	0.20146	0.105172	0.0387527	0.0148057	0.0047679	0.00178414	0.00955708	0.0151006	0.0215577	0.0371821	0.0438133	0.0344546	0.0131151	-0.0391866	-0.13587	-0.268805	-0.411883	-0.531893	-0.601348	-0.604834	-0.538665	-0.396827	-0.184393	0.0695849	0.335102	0.588498	0.79695	0.927205	0.980372	0.971503	0.906667	0.792056	0.666749	0.550091	0.450441	0.383326	0.347686	0.330418	0.341699	0.392851	
1.09091	1.09091	1.02524	0.901974	0.749801	0.600724	0.472639	0.366875	0.269374	0.175166	0.0875152	0.0118266	-0.0269473	-0.0181177	0.0101989	0.03821	0.0597393	0.0731339	0.0929989	0.118199	0.137055	0.143628	0.122849	0.0546883	-0.0589082	-0.200352	-0.354425	-0.500881	-0.60076	-0.630179	-0.590987	-0.473899	-0.274872	-0.0169446	0.255989	0.510037	0.731048	0.891587	0.971503	0.979555	0.927817	0.828285	0.71397	0.60898	0.518643	0.448278	0.392718	0.354212	0.353454	0.398567	
1.06093	1.06093	0.988631	0.851522	0.680936	0.507273	0.347682	0.220945	0.116986	0.0250999	-0.0516003	-0.0966799	-0.0976558	-0.056632	0.00263249	0.0572318	0.0912216	0.118263	0.159021	0.202717	0.238494	0.252789	0.225948	0.143243	0.0146574	-0.136758	-0.303287	-0.470186	-0.595659	-0.659236	-0.650173	-0.552396	-0.371805	-0.125316	0.144965	0.398225	0.625696	0.805426	0.906667	0.927817	0.889072	0.807188	0.706229	0.613403	0.536644	0.465069	0.401558	0.351249	0.336177	0.366459	
0.949628	0.949628	0.872381	0.726737	0.543014	0.348833	0.16967	0.0260112	-0.0801514	-0.161775	-0.214452	-0.227256	-0.190453	-0.122007	-0.0400644	0.0334053	0.0843078	0.1281	0.189247	0.255429	0.306012	0.320707	0.286222	0.196616	0.0612677	-0.101764	-0.284469	-0.465784	-0.610626	-0.703705	-0.712513	-0.626516	-0.463307	-0.235997	0.0200536	0.268134	0.494639	0.677977	0.792056	0.828285	0.807188	0.746672	0.665623	0.586479	0.518824	0.448019	0.377598	0.320166	0.292727	0.303084	
0.765449	0.765449	0.684848	0.535266	0.34266	0.134742	-0.0566953	-0.209834	-0.316003	-0.382346	-0.410288	-0.391863	-0.323326	-0.227475	-0.125789	-0.0328189	0.0362299	0.0980134	0.174969	0.259182	0.326874	0.34381	0.298704	0.201808	0.0665903	-0.103838	-0.293875	-0.485085	-0.645453	-0.747339	-0.763663	-0.692614	-0.544911	-0.33481	-0.0988232	0.138346	0.358163	0.541243	0.666749	0.71397	0.706229	0.665623	0.607774	0.545721	0.481759	0.413054	0.338652	0.270908	0.225403	0.212107	
0.53388	0.53388	0.458235	0.315451	0.120931	-0.0934891	-0.29624	-0.458326	-0.571661	-0.626753	-0.632413	-0.58651	-0.493681	-0.370175	-0.249078	-0.143226	-0.0550997	0.030511	0.122975	0.218958	0.298538	0.31789	0.26865	0.170905	0.0305163	-0.144577	-0.328855	-0.513729	-0.671202	-0.770725	-0.788652	-0.7277	-0.595483	-0.413751	-0.199477	0.0257625	0.241645	0.422846	0.550091	0.60898	0.613403	0.586479	0.545721	0.487116	0.423204	0.357411	0.286348	0.206609	0.141859	0.106974	
0.312002	0.312002	0.248807	0.116138	-0.0728951	-0.291478	-0.507722	-0.686296	-0.807408	-0.862327	-0.851562	-0.788633	-0.684534	-0.541659	-0.394856	-0.272139	-0.170321	-0.0666342	0.0412284	0.15219	0.237147	0.257359	0.213011	0.120581	-0.0218824	-0.196502	-0.371508	-0.537481	-0.673764	-0.762956	-0.779819	-0.720128	-0.609756	-0.456715	-0.263161	-0.0453216	0.163068	0.332331	0.450441	0.518643	0.536644	0.518824	0.481759	0.423204	0.360075	0.295676	0.219524	0.130344	0.0551497	0.00884949	
0.165925	0.165925	0.10404	-0.0248119	-0.209962	-0.43214	-0.660123	-0.84985	-0.98351	-1.05303	-1.04583	-0.975931	-0.86285	-0.707266	-0.54412	-0.405912	-0.287103	-0.173125	-0.0552353	0.0670544	0.162082	0.190222	0.150907	0.0570496	-0.0744762	-0.231122	-0.39216	-0.544514	-0.662835	-0.735433	-0.741446	-0.689156	-0.593083	-0.450945	-0.271247	-0.0707402	0.121381	0.273536	0.383326	0.448278	0.465069	0.448019	0.413054	0.357411	0.295676	0.223159	0.14461	0.0548299	-0.0278857	-0.0856822	
0.116578	0.116578	0.0510957	-0.0741026	-0.256236	-0.484309	-0.725052	-0.933302	-1.08681	-1.17574	-1.18697	-1.12377	-1.00336	-0.841363	-0.676828	-0.531093	-0.398754	-0.274849	-0.144138	-0.0105166	0.0930945	0.132125	0.101665	0.0109922	-0.104124	-0.233968	-0.374437	-0.515419	-0.624081	-0.681935	-0.681639	-0.629322	-0.533405	-0.39544	-0.228606	-0.051682	0.117829	0.25434	0.347686	0.392718	0.401558	0.377598	0.338652	0.286348	0.219524	0.14461	0.0669731	-0.0234183	-0.107816	-0.168458	
0.143009	0.143009	0.0881815	-0.0284005	-0.209731	-0.438733	-0.693653	-0.935715	-1.11649	-1.22315	-1.25575	-1.20964	-1.09758	-0.94565	-0.786349	-0.638189	-0.495237	-0.350816	-0.202137	-0.062494	0.0429348	0.0912422	0.0718568	0.00342737	-0.0882513	-0.199663	-0.323751	-0.44851	-0.543336	-0.588965	-0.581172	-0.524831	-0.425426	-0.297209	-0.145458	0.01034	0.156255	0.266872	0.330418	0.354212	0.351249	0.320166	0.270908	0.206609	0.130344	0.0548299	-0.0234183	-0.108555	-0.18453	-0.235054	
0.244091	0.244091	0.196076	0.0901319	-0.0860547	-0.315718	-0.578909	-0.838781	-1.04828	-1.1849	-1.24398	-1.22257	-1.14389	-1.01624	-0.864351	-0.710487	-0.552857	-0.387364	-0.222234	-0.0717948	0.0368046	0.0869855	0.0798728	0.0337514	-0.0351602	-0.125192	-0.23397	-0.343262	-0.416728	-0.443146	-0.428262	-0.370599	-0.279448	-0.162515	-0.0257734	0.103692	0.218254	0.302923	0.341699	0.353454	0.336177	0.292727	0.225403	0.141859	0.0551497	-0.0278857	-0.107816	-0.18453	-0.243636	-0.282012	
0.410036	0.410036	0.370765	0.27652	0.110121	-0.117216	-0.377325	-0.64416	-0.872765	-1.0417	-1.13172	-1.15485	-1.12173	-1.03126	-0.893849	-0.737036	-0.564289	-0.386411	-0.207116	-0.0419563	0.0701258	0.121852	0.120045	0.0852939	0.0294157	-0.0410522	-0.124297	-0.20776	-0.262906	-0.274147	-0.248316	-0.189558	-0.104076	0.00268829	0.111898	0.210204	0.294603	0.360843	0.392851	0.398567	0.366459	0.303084	0.212107	0.106974	0.00884949	-0.0856822	-0.168458	-0.235054	-0.282012	-0.300866	
