-0.211319	-0.211319	-0.165209	-0.219825	0.161613	-0.292772	
-0.211319	-0.211319	-0.165209	-0.219825	0.161613	-0.292772	
-0.165209	-0.165209	0.581253	0.492123	0.0504565	-0.696488	
-0.219825	-0.219825	0.492123	0.252669	-0.39785	-1.09766	
0.161613	0.161613	0.0504565	-0.39785	0.0417219	-0.212786	
-0.292772	-0.292772	-0.696488	-1.09766	-0.212786	-0.736904	
