-0.514849	-0.396193	-0.24859	-0.100367	0.0119479	0.0882909	0.126274	0.12179	0.0987607	0.0557051	0.00550068	-0.0317181	-0.0618259	-0.0976934	-0.132575	-0.143438	-0.130596	-0.104466	-0.0823658	-0.0597012	-0.0237457	0.00888999	0.0307569	0.0565329	0.0991293	0.155934	0.215459	0.274387	0.340167	0.426231	0.525902	0.619663	0.707377	0.78952	0.857302	0.906985	0.926521	0.906203	0.863126	0.791765	0.687176	0.576408	0.463685	0.353068	0.25165	0.168197	0.112842	0.0729627	0.0497019	0.0497019	
-0.396193	-0.279373	-0.144575	-0.00969542	0.100563	0.186347	0.231155	0.234827	0.213814	0.176912	0.136471	0.101076	0.0723305	0.0326243	-0.00068114	-0.00259773	0.0206743	0.0532116	0.0796324	0.107027	0.136386	0.161243	0.1809	0.20785	0.248805	0.301768	0.363587	0.420306	0.482094	0.563653	0.652879	0.734671	0.802562	0.853129	0.882565	0.893464	0.879885	0.829545	0.751674	0.654011	0.543148	0.428471	0.307717	0.189486	0.0836617	0.000760232	-0.0586411	-0.106631	-0.133467	-0.133467	
-0.24859	-0.144575	-0.0301271	0.0936868	0.210869	0.300724	0.349675	0.364223	0.354676	0.332116	0.295225	0.250443	0.210945	0.172387	0.143848	0.142008	0.162422	0.188521	0.207452	0.222644	0.246179	0.278032	0.306778	0.342272	0.384289	0.432315	0.488151	0.542075	0.608863	0.681538	0.742872	0.793694	0.827642	0.843649	0.836615	0.804717	0.754534	0.682917	0.592586	0.486964	0.375763	0.270013	0.156412	0.0419826	-0.0533468	-0.133769	-0.198882	-0.245354	-0.272344	-0.272344	
-0.100367	-0.00969542	0.0936868	0.216573	0.333862	0.414871	0.464568	0.492227	0.493438	0.476537	0.438204	0.384176	0.341847	0.309465	0.279265	0.263556	0.26695	0.28013	0.290257	0.298475	0.317325	0.351459	0.392034	0.441759	0.492027	0.543437	0.594238	0.640952	0.699535	0.749863	0.77912	0.792915	0.787443	0.764449	0.726389	0.668313	0.584671	0.493573	0.40381	0.304533	0.205498	0.110275	0.0130396	-0.0758217	-0.155739	-0.230205	-0.293907	-0.339262	-0.358494	-0.358494	
0.0119479	0.100563	0.210869	0.333862	0.443589	0.518712	0.573706	0.604726	0.60602	0.586194	0.542537	0.486887	0.446703	0.41376	0.376232	0.348268	0.337128	0.335984	0.338048	0.343079	0.357406	0.392402	0.444372	0.503732	0.554922	0.609336	0.665453	0.709047	0.745706	0.764322	0.761307	0.742777	0.706878	0.645886	0.575153	0.49709	0.394884	0.291589	0.199654	0.1144	0.0379987	-0.0398536	-0.113137	-0.170994	-0.227875	-0.288096	-0.341307	-0.377213	-0.388942	-0.388942	
0.0882909	0.186347	0.300724	0.414871	0.518712	0.600226	0.659984	0.689678	0.686997	0.654537	0.597365	0.533189	0.484814	0.450102	0.420683	0.390287	0.368356	0.362084	0.36562	0.371451	0.387363	0.424837	0.477632	0.538082	0.587683	0.634208	0.682155	0.722896	0.743358	0.7346	0.705794	0.657651	0.591928	0.503456	0.402597	0.301081	0.199711	0.10695	0.0195547	-0.05775	-0.118104	-0.173604	-0.225954	-0.260712	-0.287289	-0.318596	-0.343333	-0.355989	-0.35936	-0.35936	
0.126274	0.231155	0.349675	0.464568	0.573706	0.659984	0.715074	0.733002	0.72241	0.677121	0.603374	0.526514	0.466395	0.429738	0.404078	0.37767	0.362232	0.365355	0.376225	0.385708	0.411475	0.455801	0.503501	0.549734	0.588852	0.628493	0.666025	0.696118	0.699699	0.669911	0.617123	0.540802	0.449924	0.347592	0.235006	0.117491	0.015468	-0.0620563	-0.134825	-0.205569	-0.254551	-0.283195	-0.312009	-0.328744	-0.328069	-0.323035	-0.313085	-0.303226	-0.295791	-0.295791	
0.12179	0.234827	0.364223	0.492227	0.604726	0.689678	0.733002	0.740878	0.721379	0.655511	0.567576	0.483945	0.423471	0.386108	0.36201	0.34272	0.332742	0.341389	0.363633	0.391771	0.426247	0.464712	0.50593	0.543664	0.575001	0.606557	0.630553	0.639134	0.61621	0.569322	0.506275	0.41264	0.300558	0.191207	0.081107	-0.0368486	-0.137168	-0.209175	-0.270266	-0.327944	-0.363381	-0.365754	-0.364194	-0.359287	-0.335227	-0.300941	-0.269111	-0.247656	-0.233611	-0.233611	
0.0987607	0.213814	0.354676	0.493438	0.60602	0.686997	0.72241	0.721379	0.675465	0.592786	0.504747	0.424685	0.370031	0.339812	0.319515	0.3019	0.298797	0.310903	0.339101	0.382302	0.425629	0.465105	0.501708	0.532324	0.561517	0.58179	0.578269	0.551283	0.500303	0.433441	0.357093	0.266836	0.154888	0.0431516	-0.0558605	-0.159516	-0.248094	-0.313522	-0.364084	-0.403306	-0.426716	-0.415787	-0.393372	-0.37059	-0.326458	-0.27263	-0.228502	-0.196192	-0.176588	-0.176588	
0.0557051	0.176912	0.332116	0.476537	0.586194	0.654537	0.677121	0.655511	0.592786	0.51755	0.443919	0.372516	0.322863	0.294961	0.276567	0.27011	0.278964	0.29004	0.318016	0.366871	0.417109	0.462856	0.499239	0.525681	0.538855	0.537196	0.508246	0.447163	0.374832	0.28813	0.190652	0.0989388	-0.000823198	-0.0958904	-0.176171	-0.251311	-0.317151	-0.377239	-0.416174	-0.436265	-0.445723	-0.425579	-0.389574	-0.349101	-0.29602	-0.24202	-0.200841	-0.171581	-0.152562	-0.152562	
0.00550068	0.136471	0.295225	0.438204	0.542537	0.597365	0.603374	0.567576	0.504747	0.443919	0.383379	0.325756	0.286049	0.260309	0.245101	0.245284	0.259099	0.279155	0.316879	0.364498	0.418153	0.461315	0.486582	0.505142	0.503526	0.480031	0.424414	0.338192	0.243731	0.143494	0.0384218	-0.0600125	-0.148352	-0.226658	-0.285695	-0.327984	-0.371995	-0.411831	-0.429045	-0.429816	-0.418717	-0.39302	-0.352552	-0.302841	-0.256793	-0.217657	-0.18948	-0.172347	-0.159879	-0.159879	
-0.0317181	0.101076	0.250443	0.384176	0.486887	0.533189	0.526514	0.483945	0.424685	0.372516	0.325756	0.280026	0.245007	0.227208	0.221681	0.227773	0.245239	0.28102	0.332622	0.38111	0.428646	0.458077	0.468543	0.470022	0.452306	0.403503	0.319603	0.218946	0.113793	0.00865343	-0.0965403	-0.187854	-0.263365	-0.331241	-0.371437	-0.394422	-0.415671	-0.42257	-0.413812	-0.389754	-0.362247	-0.337439	-0.299974	-0.260832	-0.231945	-0.207363	-0.189316	-0.17689	-0.169674	-0.169674	
-0.0618259	0.0723305	0.210945	0.341847	0.446703	0.484814	0.466395	0.423471	0.370031	0.322863	0.286049	0.245007	0.213228	0.202069	0.200866	0.218075	0.256943	0.304251	0.350623	0.393565	0.425553	0.443287	0.447551	0.419351	0.365985	0.294326	0.198382	0.0955701	-0.00593484	-0.107633	-0.203156	-0.278466	-0.345215	-0.401153	-0.422979	-0.434169	-0.437216	-0.414108	-0.380904	-0.342267	-0.305443	-0.277338	-0.248614	-0.226593	-0.212866	-0.20316	-0.193191	-0.181981	-0.181545	-0.181545	
-0.0976934	0.0326243	0.172387	0.309465	0.41376	0.450102	0.429738	0.386108	0.339812	0.294961	0.260309	0.227208	0.202069	0.197081	0.20675	0.234775	0.287379	0.340017	0.379577	0.409147	0.415748	0.413182	0.398808	0.341357	0.254925	0.161407	0.0643941	-0.0297627	-0.122195	-0.211962	-0.28503	-0.339477	-0.392077	-0.429999	-0.440603	-0.440597	-0.427687	-0.392828	-0.343643	-0.296425	-0.258788	-0.224002	-0.200844	-0.195502	-0.193396	-0.196066	-0.198765	-0.195895	-0.201052	-0.201052	
-0.132575	-0.00068114	0.143848	0.279265	0.376232	0.420683	0.404078	0.36201	0.319515	0.276567	0.245101	0.221681	0.200866	0.20675	0.241032	0.273321	0.317278	0.372572	0.415829	0.424666	0.406492	0.374096	0.320897	0.242054	0.144368	0.0349084	-0.068707	-0.148885	-0.227215	-0.30335	-0.354341	-0.389493	-0.419541	-0.433349	-0.435484	-0.424753	-0.391491	-0.349221	-0.300146	-0.252395	-0.215032	-0.182338	-0.16632	-0.169205	-0.177425	-0.189222	-0.203783	-0.21585	-0.222886	-0.222886	
-0.143438	-0.00259773	0.142008	0.263556	0.348268	0.390287	0.37767	0.34272	0.3019	0.27011	0.245284	0.227773	0.218075	0.234775	0.273321	0.311498	0.354821	0.402069	0.427243	0.407647	0.368369	0.315024	0.239214	0.137435	0.028219	-0.0796346	-0.17192	-0.240488	-0.307429	-0.365032	-0.40725	-0.429	-0.436036	-0.432472	-0.416235	-0.388696	-0.340706	-0.291308	-0.252931	-0.215736	-0.182377	-0.160003	-0.149737	-0.152112	-0.16505	-0.180697	-0.204814	-0.230731	-0.238757	-0.238757	
-0.130596	0.0206743	0.162422	0.26695	0.337128	0.368356	0.362232	0.332742	0.298797	0.278964	0.259099	0.245239	0.256943	0.287379	0.317278	0.354821	0.388977	0.405415	0.397893	0.360213	0.29655	0.219813	0.135738	0.0300786	-0.0803577	-0.171771	-0.243653	-0.313174	-0.368711	-0.404468	-0.435707	-0.446503	-0.435252	-0.410594	-0.376185	-0.333325	-0.281269	-0.237094	-0.212974	-0.190029	-0.167747	-0.161374	-0.15588	-0.15669	-0.167501	-0.178356	-0.199968	-0.220907	-0.227993	-0.227993	
-0.104466	0.0532116	0.188521	0.28013	0.335984	0.362084	0.365355	0.341389	0.310903	0.29004	0.279155	0.28102	0.304251	0.340017	0.372572	0.402069	0.405415	0.382091	0.344605	0.293454	0.209742	0.109026	0.0167551	-0.075772	-0.168588	-0.247655	-0.312051	-0.373266	-0.41673	-0.440707	-0.448907	-0.438081	-0.405129	-0.360198	-0.316127	-0.265192	-0.222457	-0.19545	-0.181533	-0.172957	-0.169545	-0.176542	-0.177728	-0.182087	-0.184768	-0.185881	-0.191655	-0.188287	-0.192153	-0.192153	
-0.0823658	0.0796324	0.207452	0.290257	0.338048	0.36562	0.376225	0.363633	0.339101	0.318016	0.316879	0.332622	0.350623	0.379577	0.415829	0.427243	0.397893	0.344605	0.281338	0.210084	0.115712	0.00668846	-0.0955262	-0.178999	-0.247173	-0.317016	-0.378068	-0.418404	-0.441746	-0.451956	-0.439592	-0.40541	-0.357936	-0.305356	-0.256935	-0.210838	-0.181344	-0.170566	-0.163327	-0.159732	-0.169644	-0.186963	-0.1939	-0.199105	-0.203133	-0.196299	-0.181075	-0.164041	-0.158455	-0.158455	
-0.0597012	0.107027	0.222644	0.298475	0.343079	0.371451	0.385708	0.391771	0.382302	0.366871	0.364498	0.38111	0.393565	0.409147	0.424666	0.407647	0.360213	0.293454	0.210084	0.116488	0.0221885	-0.0805547	-0.187674	-0.275178	-0.327707	-0.374972	-0.421846	-0.443102	-0.44608	-0.430205	-0.395648	-0.352237	-0.308116	-0.262701	-0.215058	-0.18043	-0.165682	-0.161122	-0.15591	-0.156326	-0.168655	-0.186277	-0.196742	-0.196235	-0.200935	-0.196286	-0.172465	-0.156695	-0.150119	-0.150119	
-0.0237457	0.136386	0.246179	0.317325	0.357406	0.387363	0.411475	0.426247	0.425629	0.417109	0.418153	0.428646	0.425553	0.415748	0.406492	0.368369	0.29655	0.209742	0.115712	0.0221885	-0.0720268	-0.172481	-0.270636	-0.343981	-0.384697	-0.420742	-0.446105	-0.441245	-0.420235	-0.385455	-0.339624	-0.295203	-0.256309	-0.22387	-0.194787	-0.171706	-0.162042	-0.159876	-0.155991	-0.157228	-0.17027	-0.186648	-0.193049	-0.189172	-0.188821	-0.182888	-0.165196	-0.155195	-0.152804	-0.152804	
0.00888999	0.161243	0.278032	0.351459	0.392402	0.424837	0.455801	0.464712	0.465105	0.462856	0.461315	0.458077	0.443287	0.413182	0.374096	0.315024	0.219813	0.109026	0.00668846	-0.0805547	-0.172481	-0.2636	-0.338191	-0.384596	-0.417954	-0.441818	-0.443587	-0.426414	-0.3866	-0.337514	-0.286926	-0.246713	-0.209649	-0.181793	-0.175807	-0.164424	-0.157023	-0.161557	-0.166929	-0.171995	-0.179571	-0.189218	-0.187784	-0.179527	-0.170696	-0.163966	-0.158942	-0.153923	-0.157546	-0.157546	
0.0307569	0.1809	0.306778	0.392034	0.444372	0.477632	0.503501	0.50593	0.501708	0.499239	0.486582	0.468543	0.447551	0.398808	0.320897	0.239214	0.135738	0.0167551	-0.0955262	-0.187674	-0.270636	-0.338191	-0.381925	-0.413025	-0.439781	-0.441708	-0.416664	-0.392572	-0.350938	-0.292731	-0.242809	-0.206804	-0.172086	-0.151166	-0.155255	-0.15643	-0.158789	-0.169835	-0.184181	-0.192279	-0.187399	-0.182071	-0.173878	-0.161571	-0.151653	-0.149487	-0.155183	-0.159986	-0.163926	-0.163926	
0.0565329	0.20785	0.342272	0.441759	0.503732	0.538082	0.549734	0.543664	0.532324	0.525681	0.505142	0.470022	0.419351	0.341357	0.242054	0.137435	0.0300786	-0.075772	-0.178999	-0.275178	-0.343981	-0.384596	-0.413025	-0.432261	-0.4388	-0.421974	-0.382489	-0.339866	-0.29407	-0.245675	-0.21158	-0.185933	-0.15724	-0.14078	-0.145827	-0.157919	-0.165146	-0.17644	-0.195274	-0.199303	-0.182057	-0.16602	-0.155044	-0.144226	-0.144067	-0.146847	-0.15438	-0.16754	-0.164979	-0.164979	
0.0991293	0.248805	0.384289	0.492027	0.554922	0.587683	0.588852	0.575001	0.561517	0.538855	0.503526	0.452306	0.365985	0.254925	0.144368	0.028219	-0.0803577	-0.168588	-0.247173	-0.327707	-0.384697	-0.417954	-0.439781	-0.4388	-0.421555	-0.390713	-0.342705	-0.281015	-0.235442	-0.205575	-0.179429	-0.167347	-0.154782	-0.145103	-0.155048	-0.169387	-0.173969	-0.181622	-0.189576	-0.187824	-0.173394	-0.150854	-0.142293	-0.14041	-0.140301	-0.14744	-0.155741	-0.164812	-0.165339	-0.165339	
0.155934	0.301768	0.432315	0.543437	0.609336	0.634208	0.628493	0.606557	0.58179	0.537196	0.480031	0.403503	0.294326	0.161407	0.0349084	-0.0796346	-0.171771	-0.247655	-0.317016	-0.374972	-0.420742	-0.441818	-0.441708	-0.421974	-0.390713	-0.34652	-0.289138	-0.230405	-0.19046	-0.171453	-0.15531	-0.152291	-0.157872	-0.16126	-0.172984	-0.183536	-0.183981	-0.181078	-0.169951	-0.162337	-0.157691	-0.143695	-0.14376	-0.148591	-0.145927	-0.150053	-0.153152	-0.155074	-0.158296	-0.158296	
0.215459	0.363587	0.488151	0.594238	0.665453	0.682155	0.666025	0.630553	0.578269	0.508246	0.424414	0.319603	0.198382	0.0643941	-0.068707	-0.17192	-0.243653	-0.312051	-0.378068	-0.421846	-0.446105	-0.443587	-0.416664	-0.382489	-0.342705	-0.289138	-0.238461	-0.201179	-0.170043	-0.151463	-0.146216	-0.148698	-0.161378	-0.176155	-0.18218	-0.188058	-0.18712	-0.170144	-0.151223	-0.143502	-0.143089	-0.144328	-0.153203	-0.156779	-0.152086	-0.153094	-0.149382	-0.14395	-0.147662	-0.147662	
0.274387	0.420306	0.542075	0.640952	0.709047	0.722896	0.696118	0.639134	0.551283	0.447163	0.338192	0.218946	0.0955701	-0.0297627	-0.148885	-0.240488	-0.313174	-0.373266	-0.418404	-0.443102	-0.441245	-0.426414	-0.392572	-0.339866	-0.281015	-0.230405	-0.201179	-0.181538	-0.165403	-0.152123	-0.15029	-0.154158	-0.161714	-0.178959	-0.182639	-0.181946	-0.179954	-0.160916	-0.143621	-0.134517	-0.13283	-0.144385	-0.156705	-0.159774	-0.160161	-0.158271	-0.148492	-0.137133	-0.131659	-0.131659	
0.340167	0.482094	0.608863	0.699535	0.745706	0.743358	0.699699	0.61621	0.500303	0.374832	0.243731	0.113793	-0.00593484	-0.122195	-0.227215	-0.307429	-0.368711	-0.41673	-0.441746	-0.44608	-0.420235	-0.3866	-0.350938	-0.29407	-0.235442	-0.19046	-0.170043	-0.165403	-0.158957	-0.152443	-0.158449	-0.170205	-0.176066	-0.181922	-0.176799	-0.162668	-0.156785	-0.152696	-0.146828	-0.14162	-0.138775	-0.144639	-0.149338	-0.149422	-0.153716	-0.154111	-0.148653	-0.140621	-0.13009	-0.13009	
0.426231	0.563653	0.681538	0.749863	0.764322	0.7346	0.669911	0.569322	0.433441	0.28813	0.143494	0.00865343	-0.107633	-0.211962	-0.30335	-0.365032	-0.404468	-0.440707	-0.451956	-0.430205	-0.385455	-0.337514	-0.292731	-0.245675	-0.205575	-0.171453	-0.151463	-0.152123	-0.152443	-0.155086	-0.168796	-0.180041	-0.188891	-0.185664	-0.168491	-0.149243	-0.138098	-0.14253	-0.145381	-0.147243	-0.151816	-0.146871	-0.142663	-0.142897	-0.139598	-0.140644	-0.145395	-0.144011	-0.141332	-0.141332	
0.525902	0.652879	0.742872	0.77912	0.761307	0.705794	0.617123	0.506275	0.357093	0.190652	0.0384218	-0.0965403	-0.203156	-0.28503	-0.354341	-0.40725	-0.435707	-0.448907	-0.439592	-0.395648	-0.339624	-0.286926	-0.242809	-0.21158	-0.179429	-0.15531	-0.146216	-0.15029	-0.158449	-0.168796	-0.180144	-0.178727	-0.182578	-0.175406	-0.153133	-0.144039	-0.13787	-0.137026	-0.141007	-0.146741	-0.155366	-0.150668	-0.143023	-0.144313	-0.137508	-0.129184	-0.135146	-0.143437	-0.146493	-0.146493	
0.619663	0.734671	0.793694	0.792915	0.742777	0.657651	0.540802	0.41264	0.266836	0.0989388	-0.0600125	-0.187854	-0.278466	-0.339477	-0.389493	-0.429	-0.446503	-0.438081	-0.40541	-0.352237	-0.295203	-0.246713	-0.206804	-0.185933	-0.167347	-0.152291	-0.148698	-0.154158	-0.170205	-0.180041	-0.178727	-0.172266	-0.169815	-0.156857	-0.138114	-0.140941	-0.144826	-0.138861	-0.139887	-0.150182	-0.157615	-0.150225	-0.140592	-0.140454	-0.133223	-0.122804	-0.128731	-0.142384	-0.151397	-0.151397	
0.707377	0.802562	0.827642	0.787443	0.706878	0.591928	0.449924	0.300558	0.154888	-0.000823198	-0.148352	-0.263365	-0.345215	-0.392077	-0.419541	-0.436036	-0.435252	-0.405129	-0.357936	-0.308116	-0.256309	-0.209649	-0.172086	-0.15724	-0.154782	-0.157872	-0.161378	-0.161714	-0.176066	-0.188891	-0.182578	-0.169815	-0.157207	-0.13923	-0.130583	-0.142096	-0.148874	-0.140738	-0.139329	-0.14861	-0.150077	-0.140934	-0.135905	-0.138654	-0.137633	-0.133661	-0.133993	-0.13634	-0.139639	-0.139639	
0.78952	0.853129	0.843649	0.764449	0.645886	0.503456	0.347592	0.191207	0.0431516	-0.0958904	-0.226658	-0.331241	-0.401153	-0.429999	-0.433349	-0.432472	-0.410594	-0.360198	-0.305356	-0.262701	-0.22387	-0.181793	-0.151166	-0.14078	-0.145103	-0.16126	-0.176155	-0.178959	-0.181922	-0.185664	-0.175406	-0.156857	-0.13923	-0.132036	-0.137823	-0.146908	-0.150523	-0.145253	-0.146062	-0.145401	-0.134818	-0.130609	-0.130003	-0.133079	-0.140706	-0.145787	-0.143745	-0.133137	-0.125928	-0.125928	
0.857302	0.882565	0.836615	0.726389	0.575153	0.402597	0.235006	0.081107	-0.0558605	-0.176171	-0.285695	-0.371437	-0.422979	-0.440603	-0.435484	-0.416235	-0.376185	-0.316127	-0.256935	-0.215058	-0.194787	-0.175807	-0.155255	-0.145827	-0.155048	-0.172984	-0.18218	-0.182639	-0.176799	-0.168491	-0.153133	-0.138114	-0.130583	-0.137823	-0.14875	-0.146379	-0.150064	-0.154977	-0.15297	-0.140574	-0.124616	-0.127509	-0.129856	-0.127418	-0.134954	-0.143703	-0.144429	-0.134884	-0.126008	-0.126008	
0.906985	0.893464	0.804717	0.668313	0.49709	0.301081	0.117491	-0.0368486	-0.159516	-0.251311	-0.327984	-0.394422	-0.434169	-0.440597	-0.424753	-0.388696	-0.333325	-0.265192	-0.210838	-0.18043	-0.171706	-0.164424	-0.15643	-0.157919	-0.169387	-0.183536	-0.188058	-0.181946	-0.162668	-0.149243	-0.144039	-0.140941	-0.142096	-0.146908	-0.146379	-0.13594	-0.141803	-0.150378	-0.143524	-0.131983	-0.124915	-0.135563	-0.14155	-0.135187	-0.136266	-0.135439	-0.13266	-0.132144	-0.126999	-0.126999	
0.926521	0.879885	0.754534	0.584671	0.394884	0.199711	0.015468	-0.137168	-0.248094	-0.317151	-0.371995	-0.415671	-0.437216	-0.427687	-0.391491	-0.340706	-0.281269	-0.222457	-0.181344	-0.165682	-0.162042	-0.157023	-0.158789	-0.165146	-0.173969	-0.183981	-0.18712	-0.179954	-0.156785	-0.138098	-0.13787	-0.144826	-0.148874	-0.150523	-0.150064	-0.141803	-0.135899	-0.134403	-0.128792	-0.124962	-0.131211	-0.141476	-0.144659	-0.142147	-0.135917	-0.127327	-0.12404	-0.128227	-0.133896	-0.133896	
0.906203	0.829545	0.682917	0.493573	0.291589	0.10695	-0.0620563	-0.209175	-0.313522	-0.377239	-0.411831	-0.42257	-0.414108	-0.392828	-0.349221	-0.291308	-0.237094	-0.19545	-0.170566	-0.161122	-0.159876	-0.161557	-0.169835	-0.17644	-0.181622	-0.181078	-0.170144	-0.160916	-0.152696	-0.14253	-0.137026	-0.138861	-0.140738	-0.145253	-0.154977	-0.150378	-0.134403	-0.130928	-0.132199	-0.132295	-0.137494	-0.137426	-0.132609	-0.129133	-0.12649	-0.124691	-0.123931	-0.131847	-0.144335	-0.144335	
0.863126	0.751674	0.592586	0.40381	0.199654	0.0195547	-0.134825	-0.270266	-0.364084	-0.416174	-0.429045	-0.413812	-0.380904	-0.343643	-0.300146	-0.252931	-0.212974	-0.181533	-0.163327	-0.15591	-0.155991	-0.166929	-0.184181	-0.195274	-0.189576	-0.169951	-0.151223	-0.143621	-0.146828	-0.145381	-0.141007	-0.139887	-0.139329	-0.146062	-0.15297	-0.143524	-0.128792	-0.132199	-0.136417	-0.134013	-0.138292	-0.137169	-0.128017	-0.121493	-0.127311	-0.131425	-0.125996	-0.130419	-0.137125	-0.137125	
0.791765	0.654011	0.486964	0.304533	0.1144	-0.05775	-0.205569	-0.327944	-0.403306	-0.436265	-0.429816	-0.389754	-0.342267	-0.296425	-0.252395	-0.215736	-0.190029	-0.172957	-0.159732	-0.156326	-0.157228	-0.171995	-0.192279	-0.199303	-0.187824	-0.162337	-0.143502	-0.134517	-0.14162	-0.147243	-0.146741	-0.150182	-0.14861	-0.145401	-0.140574	-0.131983	-0.124962	-0.132295	-0.134013	-0.127658	-0.136452	-0.137426	-0.129827	-0.129088	-0.134165	-0.138345	-0.130126	-0.122351	-0.122353	-0.122353	
0.687176	0.543148	0.375763	0.205498	0.0379987	-0.118104	-0.254551	-0.363381	-0.426716	-0.445723	-0.418717	-0.362247	-0.305443	-0.258788	-0.215032	-0.182377	-0.167747	-0.169545	-0.169644	-0.168655	-0.17027	-0.179571	-0.187399	-0.182057	-0.173394	-0.157691	-0.143089	-0.13283	-0.138775	-0.151816	-0.155366	-0.157615	-0.150077	-0.134818	-0.124616	-0.124915	-0.131211	-0.137494	-0.138292	-0.136452	-0.134536	-0.126893	-0.125095	-0.127081	-0.128653	-0.135031	-0.13452	-0.126981	-0.121613	-0.121613	
0.576408	0.428471	0.270013	0.110275	-0.0398536	-0.173604	-0.283195	-0.365754	-0.415787	-0.425579	-0.39302	-0.337439	-0.277338	-0.224002	-0.182338	-0.160003	-0.161374	-0.176542	-0.186963	-0.186277	-0.186648	-0.189218	-0.182071	-0.16602	-0.150854	-0.143695	-0.144328	-0.144385	-0.144639	-0.146871	-0.150668	-0.150225	-0.140934	-0.130609	-0.127509	-0.135563	-0.141476	-0.137426	-0.137169	-0.137426	-0.126893	-0.120381	-0.125447	-0.126863	-0.124314	-0.126775	-0.134318	-0.134815	-0.123563	-0.123563	
0.463685	0.307717	0.156412	0.0130396	-0.113137	-0.225954	-0.312009	-0.364194	-0.393372	-0.389574	-0.352552	-0.299974	-0.248614	-0.200844	-0.16632	-0.149737	-0.15588	-0.177728	-0.1939	-0.196742	-0.193049	-0.187784	-0.173878	-0.155044	-0.142293	-0.14376	-0.153203	-0.156705	-0.149338	-0.142663	-0.143023	-0.140592	-0.135905	-0.130003	-0.129856	-0.14155	-0.144659	-0.132609	-0.128017	-0.129827	-0.125095	-0.125447	-0.134537	-0.136504	-0.125112	-0.119826	-0.127695	-0.129886	-0.126352	-0.126352	
0.353068	0.189486	0.0419826	-0.0758217	-0.170994	-0.260712	-0.328744	-0.359287	-0.37059	-0.349101	-0.302841	-0.260832	-0.226593	-0.195502	-0.169205	-0.152112	-0.15669	-0.182087	-0.199105	-0.196235	-0.189172	-0.179527	-0.161571	-0.144226	-0.14041	-0.148591	-0.156779	-0.159774	-0.149422	-0.142897	-0.144313	-0.140454	-0.138654	-0.133079	-0.127418	-0.135187	-0.142147	-0.129133	-0.121493	-0.129088	-0.127081	-0.126863	-0.136504	-0.140803	-0.130529	-0.119344	-0.119005	-0.122766	-0.131729	-0.131729	
0.25165	0.0836617	-0.0533468	-0.155739	-0.227875	-0.287289	-0.328069	-0.335227	-0.326458	-0.29602	-0.256793	-0.231945	-0.212866	-0.193396	-0.177425	-0.16505	-0.167501	-0.184768	-0.203133	-0.200935	-0.188821	-0.170696	-0.151653	-0.144067	-0.140301	-0.145927	-0.152086	-0.160161	-0.153716	-0.139598	-0.137508	-0.133223	-0.137633	-0.140706	-0.134954	-0.136266	-0.135917	-0.12649	-0.127311	-0.134165	-0.128653	-0.124314	-0.125112	-0.130529	-0.132177	-0.122447	-0.119592	-0.12598	-0.132983	-0.132983	
0.168197	0.000760232	-0.133769	-0.230205	-0.288096	-0.318596	-0.323035	-0.300941	-0.27263	-0.24202	-0.217657	-0.207363	-0.20316	-0.196066	-0.189222	-0.180697	-0.178356	-0.185881	-0.196299	-0.196286	-0.182888	-0.163966	-0.149487	-0.146847	-0.14744	-0.150053	-0.153094	-0.158271	-0.154111	-0.140644	-0.129184	-0.122804	-0.133661	-0.145787	-0.143703	-0.135439	-0.127327	-0.124691	-0.131425	-0.138345	-0.135031	-0.126775	-0.119826	-0.119344	-0.122447	-0.12815	-0.133472	-0.128608	-0.123364	-0.123364	
0.112842	-0.0586411	-0.198882	-0.293907	-0.341307	-0.343333	-0.313085	-0.269111	-0.228502	-0.200841	-0.18948	-0.189316	-0.193191	-0.198765	-0.203783	-0.204814	-0.199968	-0.191655	-0.181075	-0.172465	-0.165196	-0.158942	-0.155183	-0.15438	-0.155741	-0.153152	-0.149382	-0.148492	-0.148653	-0.145395	-0.135146	-0.128731	-0.133993	-0.143745	-0.144429	-0.13266	-0.12404	-0.123931	-0.125996	-0.130126	-0.13452	-0.134318	-0.127695	-0.119005	-0.119592	-0.133472	-0.140514	-0.126949	-0.111082	-0.111082	
0.0729627	-0.106631	-0.245354	-0.339262	-0.377213	-0.355989	-0.303226	-0.247656	-0.196192	-0.171581	-0.172347	-0.17689	-0.181981	-0.195895	-0.21585	-0.230731	-0.220907	-0.188287	-0.164041	-0.156695	-0.155195	-0.153923	-0.159986	-0.16754	-0.164812	-0.155074	-0.14395	-0.137133	-0.140621	-0.144011	-0.143437	-0.142384	-0.13634	-0.133137	-0.134884	-0.132144	-0.128227	-0.131847	-0.130419	-0.122351	-0.126981	-0.134815	-0.129886	-0.122766	-0.12598	-0.128608	-0.126949	-0.126752	-0.121001	-0.121001	
0.0497019	-0.133467	-0.272344	-0.358494	-0.388942	-0.35936	-0.295791	-0.233611	-0.176588	-0.152562	-0.159879	-0.169674	-0.181545	-0.201052	-0.222886	-0.238757	-0.227993	-0.192153	-0.158455	-0.150119	-0.152804	-0.157546	-0.163926	-0.164979	-0.165339	-0.158296	-0.147662	-0.131659	-0.13009	-0.141332	-0.146493	-0.151397	-0.139639	-0.125928	-0.126008	-0.126999	-0.133896	-0.144335	-0.137125	-0.122353	-0.121613	-0.123563	-0.126352	-0.131729	-0.132983	-0.123364	-0.111082	-0.121001	-0.139762	-0.139762	
0.0497019	-0.133467	-0.272344	-0.358494	-0.388942	-0.35936	-0.295791	-0.233611	-0.176588	-0.152562	-0.159879	-0.169674	-0.181545	-0.201052	-0.222886	-0.238757	-0.227993	-0.192153	-0.158455	-0.150119	-0.152804	-0.157546	-0.163926	-0.164979	-0.165339	-0.158296	-0.147662	-0.131659	-0.13009	-0.141332	-0.146493	-0.151397	-0.139639	-0.125928	-0.126008	-0.126999	-0.133896	-0.144335	-0.137125	-0.122353	-0.121613	-0.123563	-0.126352	-0.131729	-0.132983	-0.123364	-0.111082	-0.121001	-0.139762	-0.139762	
