4.32573	4.32573	4.11187	3.72178	3.22213	2.69277	2.20617	1.81383	1.53441	1.36395	1.28386	1.27508	1.32274	1.40356	1.48848	1.54	1.5291	1.4615	1.35432	1.25036	1.16436	1.10257	1.06046	1.03037	1.0051	0.973007	0.916698	0.847873	0.790001	0.758033	0.753594	0.740006	0.715364	0.684466	0.663331	0.657448	0.661167	0.663614	0.671214	0.668157	0.669332	0.683179	0.710809	0.728851	0.740323	0.756084	0.790349	0.831556	0.869961	0.912329	
4.32573	4.32573	4.11187	3.72178	3.22213	2.69277	2.20617	1.81383	1.53441	1.36395	1.28386	1.27508	1.32274	1.40356	1.48848	1.54	1.5291	1.4615	1.35432	1.25036	1.16436	1.10257	1.06046	1.03037	1.0051	0.973007	0.916698	0.847873	0.790001	0.758033	0.753594	0.740006	0.715364	0.684466	0.663331	0.657448	0.661167	0.663614	0.671214	0.668157	0.669332	0.683179	0.710809	0.728851	0.740323	0.756084	0.790349	0.831556	0.869961	0.912329	
4.11187	4.11187	3.90101	3.51441	3.02163	2.49837	2.0186	1.63369	1.36027	1.19792	1.12535	1.12522	1.18217	1.27191	1.36647	1.42772	1.42777	1.37012	1.27403	1.17816	1.09971	1.04446	1.00781	0.982028	0.961795	0.932542	0.878609	0.813593	0.755073	0.722449	0.716425	0.701299	0.673951	0.64305	0.618264	0.608793	0.608133	0.607956	0.611168	0.60555	0.601465	0.612149	0.636435	0.651235	0.657329	0.67059	0.702123	0.740101	0.77439	0.815114	
3.72178	3.72178	3.51441	3.13776	2.65455	2.14456	1.67793	1.30445	1.04541	0.895013	0.837219	0.852643	0.923973	1.02998	1.13937	1.21713	1.23518	1.19704	1.11965	1.04166	0.978694	0.936505	0.911001	0.895596	0.880939	0.857584	0.810955	0.748137	0.695004	0.663352	0.653081	0.635675	0.607008	0.569352	0.541499	0.526196	0.51914	0.511534	0.507686	0.494874	0.48744	0.489776	0.503648	0.511633	0.516127	0.522756	0.545715	0.576731	0.6086	0.645343	
3.22213	3.22213	3.02163	2.65455	2.18691	1.6919	1.24029	0.882502	0.635915	0.501484	0.459249	0.492291	0.583311	0.707963	0.838667	0.937884	0.982017	0.96849	0.918581	0.862171	0.819115	0.794146	0.784489	0.781631	0.781198	0.767892	0.730568	0.679504	0.62955	0.598788	0.586632	0.567291	0.53473	0.497529	0.462967	0.440085	0.423842	0.409015	0.39448	0.375526	0.356286	0.350119	0.354956	0.354921	0.346433	0.346446	0.361873	0.38462	0.406274	0.438216	
2.69277	2.69277	2.49837	2.14456	1.6919	1.21381	0.77881	0.433781	0.201848	0.0794269	0.0520178	0.101787	0.208001	0.351324	0.498244	0.618718	0.686537	0.700529	0.679237	0.649143	0.630149	0.627189	0.635798	0.652293	0.665101	0.664912	0.643182	0.603076	0.564635	0.540705	0.526939	0.509103	0.477427	0.436783	0.399827	0.369933	0.344339	0.321587	0.297621	0.268862	0.243278	0.225437	0.214949	0.203671	0.191683	0.182235	0.184733	0.195567	0.21231	0.238589	
2.20617	2.20617	2.0186	1.67793	1.24029	0.77881	0.356373	0.022399	-0.202488	-0.317559	-0.336701	-0.277917	-0.159553	-0.00630928	0.155883	0.291198	0.382798	0.421813	0.428902	0.424048	0.428151	0.444735	0.474191	0.507948	0.539211	0.556398	0.553069	0.532167	0.509094	0.494035	0.484332	0.470153	0.442637	0.405938	0.368366	0.335237	0.305257	0.274554	0.239736	0.205502	0.170352	0.142548	0.120123	0.0997644	0.0742015	0.0566992	0.0488442	0.0496048	0.0552346	0.0749098	
1.81383	1.81383	1.63369	1.30445	0.882502	0.433781	0.022399	-0.30694	-0.52948	-0.645109	-0.663635	-0.602763	-0.483396	-0.325194	-0.161609	-0.0161462	0.0881594	0.146057	0.176418	0.19155	0.214596	0.250927	0.2963	0.349829	0.39877	0.433412	0.450807	0.452225	0.447108	0.447131	0.44557	0.443088	0.424152	0.398088	0.366587	0.332741	0.297481	0.266519	0.228391	0.189005	0.147838	0.110966	0.0761221	0.0442303	0.0137026	-0.0119898	-0.0318226	-0.0444836	-0.0458515	-0.0310505	
1.53441	1.53441	1.36027	1.04541	0.635915	0.201848	-0.202488	-0.52948	-0.75532	-0.877586	-0.902754	-0.849336	-0.735095	-0.58603	-0.425267	-0.283902	-0.173078	-0.103251	-0.0583415	-0.0274628	0.00944265	0.0560673	0.114921	0.181217	0.242261	0.293368	0.331921	0.354927	0.375066	0.393966	0.404953	0.414618	0.412374	0.398885	0.378817	0.354266	0.328021	0.296731	0.254929	0.216235	0.175182	0.133756	0.0888668	0.0499265	0.010931	-0.0211925	-0.0517583	-0.0744084	-0.0843338	-0.0764524	
1.36395	1.36395	1.19792	0.895013	0.501484	0.0794269	-0.317559	-0.645109	-0.877586	-1.01145	-1.04817	-1.00733	-0.905985	-0.76784	-0.621549	-0.486377	-0.378847	-0.305669	-0.252528	-0.216096	-0.175819	-0.12425	-0.0620505	0.0109672	0.0823227	0.145015	0.199135	0.244987	0.284517	0.319689	0.345655	0.373975	0.389233	0.399824	0.399238	0.38571	0.365689	0.345195	0.313614	0.281539	0.242241	0.199609	0.151368	0.106148	0.0633755	0.0267498	-0.0119973	-0.0465994	-0.0652107	-0.0624936	
1.28386	1.28386	1.12535	0.837219	0.459249	0.0520178	-0.336701	-0.663635	-0.902754	-1.04817	-1.09899	-1.07333	-0.9875	-0.868532	-0.739013	-0.620259	-0.522195	-0.450411	-0.397095	-0.358258	-0.318585	-0.270385	-0.211459	-0.139676	-0.0714989	-0.00613827	0.0573785	0.116797	0.175636	0.229071	0.268375	0.310461	0.345995	0.376563	0.39623	0.403731	0.40549	0.398764	0.377224	0.356336	0.330417	0.295695	0.247994	0.201791	0.159831	0.122062	0.0768217	0.0341228	0.0096807	0.00600185	
1.27508	1.27508	1.12522	0.852643	0.492291	0.101787	-0.277917	-0.602763	-0.849336	-1.00733	-1.07333	-1.06467	-0.995473	-0.895154	-0.784026	-0.681184	-0.593966	-0.527164	-0.476285	-0.441185	-0.409283	-0.372151	-0.323405	-0.262479	-0.200787	-0.13912	-0.0748115	-0.00801134	0.0605595	0.11994	0.167344	0.22004	0.272324	0.326203	0.36968	0.396627	0.416006	0.428045	0.428261	0.428432	0.41892	0.39746	0.359522	0.320075	0.283014	0.249934	0.204852	0.157232	0.12721	0.118386	
1.32274	1.32274	1.18217	0.923973	0.583311	0.208001	-0.159553	-0.483396	-0.735095	-0.905985	-0.9875	-0.995473	-0.945776	-0.864202	-0.775711	-0.690739	-0.618675	-0.558918	-0.512795	-0.480478	-0.457892	-0.430407	-0.396885	-0.350438	-0.303784	-0.255274	-0.199869	-0.134063	-0.0637033	-0.00141845	0.0480081	0.103498	0.163841	0.231405	0.292873	0.339524	0.380219	0.412808	0.436303	0.456362	0.471616	0.471403	0.452636	0.425151	0.403576	0.381383	0.343448	0.298296	0.269595	0.260731	
1.40356	1.40356	1.27191	1.02998	0.707963	0.351324	-0.00630928	-0.325194	-0.58603	-0.76784	-0.868532	-0.895154	-0.864202	-0.805717	-0.735864	-0.671238	-0.612797	-0.559922	-0.518281	-0.491025	-0.474726	-0.463259	-0.443899	-0.415508	-0.386183	-0.353264	-0.308915	-0.251863	-0.186211	-0.129665	-0.0865246	-0.0387617	0.0234786	0.0991169	0.169652	0.230259	0.287104	0.337174	0.378674	0.4239	0.464626	0.491755	0.494515	0.489406	0.487549	0.485381	0.463989	0.429949	0.409566	0.404276	
1.48848	1.48848	1.36647	1.13937	0.838667	0.498244	0.155883	-0.161609	-0.425267	-0.621549	-0.739013	-0.784026	-0.775711	-0.735864	-0.689855	-0.644107	-0.600206	-0.556641	-0.519281	-0.492839	-0.486228	-0.482477	-0.478532	-0.467924	-0.454211	-0.438257	-0.41008	-0.362443	-0.305554	-0.259616	-0.227098	-0.190645	-0.136492	-0.0657021	0.0101838	0.076283	0.137401	0.194933	0.257064	0.318851	0.38216	0.431535	0.462776	0.480892	0.505866	0.528086	0.53067	0.517572	0.512444	0.521626	
1.54	1.54	1.42772	1.21713	0.937884	0.618718	0.291198	-0.0161462	-0.283902	-0.486377	-0.620259	-0.681184	-0.690739	-0.671238	-0.644107	-0.616763	-0.587853	-0.551603	-0.516839	-0.493663	-0.487134	-0.494278	-0.500876	-0.505238	-0.507766	-0.508896	-0.493958	-0.45895	-0.412696	-0.375151	-0.353924	-0.334255	-0.293624	-0.230891	-0.165371	-0.102643	-0.0405362	0.0226981	0.0844392	0.15436	0.232331	0.303889	0.355083	0.397048	0.446347	0.494318	0.525924	0.539182	0.558126	0.585211	
1.5291	1.5291	1.42777	1.23518	0.982017	0.686537	0.382798	0.0881594	-0.173078	-0.378847	-0.522195	-0.593966	-0.618675	-0.612797	-0.600206	-0.587853	-0.566749	-0.536955	-0.501974	-0.475952	-0.47264	-0.484048	-0.501522	-0.520911	-0.536318	-0.551473	-0.549749	-0.524197	-0.487973	-0.460411	-0.453073	-0.449327	-0.423194	-0.376217	-0.318489	-0.261149	-0.212242	-0.161395	-0.100257	-0.0284317	0.0529797	0.131489	0.196181	0.254634	0.322705	0.394064	0.451979	0.493905	0.536542	0.588872	
1.4615	1.4615	1.37012	1.19704	0.96849	0.700529	0.421813	0.146057	-0.103251	-0.305669	-0.450411	-0.527164	-0.558918	-0.559922	-0.556641	-0.551603	-0.536955	-0.508976	-0.470389	-0.440089	-0.430868	-0.443137	-0.465358	-0.494531	-0.522407	-0.551838	-0.563205	-0.551142	-0.524749	-0.505452	-0.506676	-0.515552	-0.50544	-0.475192	-0.431939	-0.389699	-0.351534	-0.307262	-0.258729	-0.200468	-0.125362	-0.048224	0.0198106	0.0866689	0.164371	0.246511	0.324212	0.391864	0.459659	0.534958	
1.35432	1.35432	1.27403	1.11965	0.918581	0.679237	0.428902	0.176418	-0.0583415	-0.252528	-0.397095	-0.476285	-0.512795	-0.518281	-0.519281	-0.516839	-0.501974	-0.470389	-0.422166	-0.38178	-0.362421	-0.370161	-0.394785	-0.431615	-0.468774	-0.509524	-0.531467	-0.527937	-0.51335	-0.501194	-0.513946	-0.536549	-0.542991	-0.526694	-0.497284	-0.463021	-0.439897	-0.411691	-0.380258	-0.331844	-0.26939	-0.200809	-0.139093	-0.0754232	-0.000252703	0.0869007	0.176758	0.260104	0.344365	0.44058	
1.25036	1.25036	1.17816	1.04166	0.862171	0.649143	0.424048	0.19155	-0.0274628	-0.216096	-0.358258	-0.441185	-0.480478	-0.491025	-0.492839	-0.493663	-0.475952	-0.440089	-0.38178	-0.32651	-0.291833	-0.28715	-0.304568	-0.340562	-0.382194	-0.428979	-0.459292	-0.467881	-0.461541	-0.457477	-0.478382	-0.509817	-0.528582	-0.532695	-0.516753	-0.497379	-0.486151	-0.470272	-0.451101	-0.418744	-0.372293	-0.319923	-0.270509	-0.211389	-0.143636	-0.0642629	0.0211151	0.113896	0.209615	0.319245	
1.16436	1.16436	1.09971	0.978694	0.819115	0.630149	0.428151	0.214596	0.00944265	-0.175819	-0.318585	-0.409283	-0.457892	-0.474726	-0.486228	-0.487134	-0.47264	-0.430868	-0.362421	-0.291833	-0.238723	-0.215997	-0.223268	-0.251667	-0.291695	-0.338323	-0.370559	-0.382011	-0.381361	-0.382495	-0.408509	-0.447318	-0.482111	-0.500048	-0.49791	-0.492712	-0.493203	-0.489432	-0.486094	-0.469651	-0.43793	-0.400352	-0.360345	-0.315385	-0.261667	-0.195912	-0.114637	-0.0249576	0.0709786	0.184513	
1.10257	1.10257	1.04446	0.936505	0.794146	0.627189	0.444735	0.250927	0.0560673	-0.12425	-0.270385	-0.372151	-0.430407	-0.463259	-0.482477	-0.494278	-0.484048	-0.443137	-0.370161	-0.28715	-0.215997	-0.176167	-0.165653	-0.184115	-0.216337	-0.257134	-0.285724	-0.296077	-0.294652	-0.295324	-0.319851	-0.3606	-0.401787	-0.433442	-0.447977	-0.455383	-0.465474	-0.476726	-0.488369	-0.483159	-0.467678	-0.446773	-0.423569	-0.38792	-0.345942	-0.293345	-0.230133	-0.149415	-0.0569789	0.053794	
1.06046	1.06046	1.00781	0.911001	0.784489	0.635798	0.474191	0.2963	0.114921	-0.0620505	-0.211459	-0.323405	-0.396885	-0.443899	-0.478532	-0.500876	-0.501522	-0.465358	-0.394785	-0.304568	-0.223268	-0.165653	-0.143645	-0.147482	-0.17279	-0.204069	-0.224411	-0.228962	-0.22174	-0.216858	-0.23495	-0.268517	-0.309564	-0.348455	-0.3702	-0.389804	-0.410705	-0.434039	-0.455093	-0.467826	-0.46845	-0.465123	-0.452947	-0.43115	-0.400982	-0.366443	-0.317793	-0.248444	-0.164759	-0.064111	
1.03037	1.03037	0.982028	0.895596	0.781631	0.652293	0.507948	0.349829	0.181217	0.0109672	-0.139676	-0.262479	-0.350438	-0.415508	-0.467924	-0.505238	-0.520911	-0.494531	-0.431615	-0.340562	-0.251667	-0.184115	-0.147482	-0.145166	-0.162949	-0.188102	-0.203867	-0.201434	-0.185278	-0.174762	-0.176715	-0.197761	-0.231489	-0.266655	-0.293612	-0.319046	-0.34011	-0.371016	-0.403664	-0.428261	-0.443188	-0.457331	-0.46038	-0.452531	-0.434314	-0.413696	-0.379638	-0.325547	-0.251289	-0.161929	
1.0051	1.0051	0.961795	0.880939	0.781198	0.665101	0.539211	0.39877	0.242261	0.0823227	-0.0714989	-0.200787	-0.303784	-0.386183	-0.454211	-0.507766	-0.536318	-0.522407	-0.468774	-0.382194	-0.291695	-0.216337	-0.17279	-0.162949	-0.176688	-0.199492	-0.210294	-0.20296	-0.184933	-0.165611	-0.157324	-0.164972	-0.182451	-0.207207	-0.23185	-0.251073	-0.272152	-0.304204	-0.337484	-0.369075	-0.396638	-0.423793	-0.444553	-0.452776	-0.444545	-0.438042	-0.424098	-0.386434	-0.321079	-0.242323	
0.973007	0.973007	0.932542	0.857584	0.767892	0.664912	0.556398	0.433412	0.293368	0.145015	-0.00613827	-0.13912	-0.255274	-0.353264	-0.438257	-0.508896	-0.551473	-0.551838	-0.509524	-0.428979	-0.338323	-0.257134	-0.204069	-0.188102	-0.199492	-0.220379	-0.232858	-0.226237	-0.206622	-0.186834	-0.170138	-0.16315	-0.165846	-0.179649	-0.196525	-0.210125	-0.223634	-0.246422	-0.273873	-0.305763	-0.337571	-0.375478	-0.408456	-0.427268	-0.433681	-0.445607	-0.448046	-0.425462	-0.375132	-0.311353	
0.916698	0.916698	0.878609	0.810955	0.730568	0.643182	0.553069	0.450807	0.331921	0.199135	0.0573785	-0.0748115	-0.199869	-0.308915	-0.41008	-0.493958	-0.549749	-0.563205	-0.531467	-0.459292	-0.370559	-0.285724	-0.224411	-0.203867	-0.210294	-0.232858	-0.246368	-0.240784	-0.224468	-0.206753	-0.186287	-0.174118	-0.164626	-0.167417	-0.178095	-0.183353	-0.188395	-0.199772	-0.216419	-0.241185	-0.268729	-0.304804	-0.34465	-0.37642	-0.391902	-0.412715	-0.432769	-0.435344	-0.403391	-0.353382	
0.847873	0.847873	0.813593	0.748137	0.679504	0.603076	0.532167	0.452225	0.354927	0.244987	0.116797	-0.00801134	-0.134063	-0.251863	-0.362443	-0.45895	-0.524197	-0.551142	-0.527937	-0.467881	-0.382011	-0.296077	-0.228962	-0.201434	-0.20296	-0.226237	-0.240784	-0.237329	-0.228713	-0.213554	-0.197698	-0.182288	-0.163842	-0.158008	-0.164668	-0.164311	-0.166631	-0.165965	-0.171936	-0.182913	-0.200707	-0.230067	-0.271188	-0.298698	-0.317685	-0.346731	-0.382582	-0.398693	-0.386657	-0.356136	
0.790001	0.790001	0.755073	0.695004	0.62955	0.564635	0.509094	0.447108	0.375066	0.284517	0.175636	0.0605595	-0.0637033	-0.186211	-0.305554	-0.412696	-0.487973	-0.524749	-0.51335	-0.461541	-0.381361	-0.294652	-0.22174	-0.185278	-0.184933	-0.206622	-0.224468	-0.228713	-0.224207	-0.215187	-0.206022	-0.188959	-0.164165	-0.155887	-0.156325	-0.156611	-0.157537	-0.149811	-0.144724	-0.144724	-0.149817	-0.168886	-0.199365	-0.221533	-0.237876	-0.261675	-0.295657	-0.322845	-0.329578	-0.313451	
0.758033	0.758033	0.722449	0.663352	0.598788	0.540705	0.494035	0.447131	0.393966	0.319689	0.229071	0.11994	-0.00141845	-0.129665	-0.259616	-0.375151	-0.460411	-0.505452	-0.501194	-0.457477	-0.382495	-0.295324	-0.216858	-0.174762	-0.165611	-0.186834	-0.206753	-0.213554	-0.215187	-0.216398	-0.213109	-0.201716	-0.177852	-0.164186	-0.158814	-0.162186	-0.16158	-0.150548	-0.140343	-0.132381	-0.126709	-0.134351	-0.153195	-0.16584	-0.172209	-0.183	-0.210059	-0.235694	-0.24705	-0.236763	
0.753594	0.753594	0.716425	0.653081	0.586632	0.526939	0.484332	0.44557	0.404953	0.345655	0.268375	0.167344	0.0480081	-0.0865246	-0.227098	-0.353924	-0.453073	-0.506676	-0.513946	-0.478382	-0.408509	-0.319851	-0.23495	-0.176715	-0.157324	-0.170138	-0.186287	-0.197698	-0.206022	-0.213109	-0.222769	-0.218193	-0.195028	-0.179063	-0.171574	-0.176486	-0.178475	-0.172005	-0.159758	-0.14442	-0.128277	-0.130143	-0.140531	-0.146239	-0.141246	-0.140737	-0.152489	-0.165919	-0.173431	-0.161461	
0.740006	0.740006	0.701299	0.635675	0.567291	0.509103	0.470153	0.443088	0.414618	0.373975	0.310461	0.22004	0.103498	-0.0387617	-0.190645	-0.334255	-0.449327	-0.515552	-0.536549	-0.509817	-0.447318	-0.3606	-0.268517	-0.197761	-0.164972	-0.16315	-0.174118	-0.182288	-0.188959	-0.201716	-0.218193	-0.218955	-0.204971	-0.189239	-0.182145	-0.191179	-0.198407	-0.195201	-0.182426	-0.163232	-0.14793	-0.145225	-0.145246	-0.144338	-0.135349	-0.125701	-0.120357	-0.121534	-0.118897	-0.0986352	
0.715364	0.715364	0.673951	0.607008	0.53473	0.477427	0.442637	0.424152	0.412374	0.389233	0.345995	0.272324	0.163841	0.0234786	-0.136492	-0.293624	-0.423194	-0.50544	-0.542991	-0.528582	-0.482111	-0.401787	-0.309564	-0.231489	-0.182451	-0.165846	-0.164626	-0.163842	-0.164165	-0.177852	-0.195028	-0.204971	-0.196172	-0.181127	-0.172401	-0.182902	-0.194022	-0.203673	-0.19769	-0.18402	-0.165156	-0.155826	-0.15248	-0.153423	-0.139298	-0.123207	-0.109376	-0.0989558	-0.082433	-0.053043	
0.684466	0.684466	0.64305	0.569352	0.497529	0.436783	0.405938	0.398088	0.398885	0.399824	0.376563	0.326203	0.231405	0.0991169	-0.0657021	-0.230891	-0.376217	-0.475192	-0.526694	-0.532695	-0.500048	-0.433442	-0.348455	-0.266655	-0.207207	-0.179649	-0.167417	-0.158008	-0.155887	-0.164186	-0.179063	-0.189239	-0.181127	-0.159385	-0.151428	-0.159886	-0.179253	-0.197344	-0.200149	-0.188625	-0.173885	-0.167486	-0.16581	-0.161389	-0.144059	-0.128157	-0.106014	-0.0824249	-0.0541187	-0.0172878	
0.663331	0.663331	0.618264	0.541499	0.462967	0.399827	0.368366	0.366587	0.378817	0.399238	0.39623	0.36968	0.292873	0.169652	0.0101838	-0.165371	-0.318489	-0.431939	-0.497284	-0.516753	-0.49791	-0.447977	-0.3702	-0.293612	-0.23185	-0.196525	-0.178095	-0.164668	-0.156325	-0.158814	-0.171574	-0.182145	-0.172401	-0.151428	-0.137824	-0.13216	-0.149245	-0.171417	-0.182072	-0.179935	-0.175752	-0.170751	-0.170408	-0.165298	-0.151458	-0.134483	-0.107985	-0.0748256	-0.0326126	0.0156428	
0.657448	0.657448	0.608793	0.526196	0.440085	0.369933	0.335237	0.332741	0.354266	0.38571	0.403731	0.396627	0.339524	0.230259	0.076283	-0.102643	-0.261149	-0.389699	-0.463021	-0.497379	-0.492712	-0.455383	-0.389804	-0.319046	-0.251073	-0.210125	-0.183353	-0.164311	-0.156611	-0.162186	-0.176486	-0.191179	-0.182902	-0.159886	-0.13216	-0.116371	-0.128491	-0.14558	-0.159759	-0.165132	-0.162488	-0.157901	-0.16669	-0.165714	-0.157323	-0.141308	-0.116455	-0.0729307	-0.0182966	0.0420724	
0.661167	0.661167	0.608133	0.51914	0.423842	0.344339	0.305257	0.297481	0.328021	0.365689	0.40549	0.416006	0.380219	0.287104	0.137401	-0.0405362	-0.212242	-0.351534	-0.439897	-0.486151	-0.493203	-0.465474	-0.410705	-0.34011	-0.272152	-0.223634	-0.188395	-0.166631	-0.157537	-0.16158	-0.178475	-0.198407	-0.194022	-0.179253	-0.149245	-0.128491	-0.123452	-0.133885	-0.14497	-0.149346	-0.14003	-0.144275	-0.155303	-0.155177	-0.148693	-0.138941	-0.119969	-0.0731492	-0.0110277	0.0672491	
0.663614	0.663614	0.607956	0.511534	0.409015	0.321587	0.274554	0.266519	0.296731	0.345195	0.398764	0.428045	0.412808	0.337174	0.194933	0.0226981	-0.161395	-0.307262	-0.411691	-0.470272	-0.489432	-0.476726	-0.434039	-0.371016	-0.304204	-0.246422	-0.199772	-0.165965	-0.149811	-0.150548	-0.172005	-0.195201	-0.203673	-0.197344	-0.171417	-0.14558	-0.133885	-0.135466	-0.141902	-0.142484	-0.133349	-0.133311	-0.1319	-0.130631	-0.124795	-0.120677	-0.103675	-0.0611826	0.00824229	0.098202	
0.671214	0.671214	0.611168	0.507686	0.39448	0.297621	0.239736	0.228391	0.254929	0.313614	0.377224	0.428261	0.436303	0.378674	0.257064	0.0844392	-0.100257	-0.258729	-0.380258	-0.451101	-0.486094	-0.488369	-0.455093	-0.403664	-0.337484	-0.273873	-0.216419	-0.171936	-0.144724	-0.140343	-0.159758	-0.182426	-0.19769	-0.200149	-0.182072	-0.159759	-0.14497	-0.141902	-0.150211	-0.149867	-0.136629	-0.125238	-0.118988	-0.11254	-0.0980113	-0.0849034	-0.0669995	-0.0271481	0.0438318	0.139543	
0.668157	0.668157	0.60555	0.494874	0.375526	0.268862	0.205502	0.189005	0.216235	0.281539	0.356336	0.428432	0.456362	0.4239	0.318851	0.15436	-0.0284317	-0.200468	-0.331844	-0.418744	-0.469651	-0.483159	-0.467826	-0.428261	-0.369075	-0.305763	-0.241185	-0.182913	-0.144724	-0.132381	-0.14442	-0.163232	-0.18402	-0.188625	-0.179935	-0.165132	-0.149346	-0.142484	-0.149867	-0.148282	-0.138464	-0.127256	-0.115839	-0.0962615	-0.0653089	-0.037204	-0.00984107	0.032916	0.107899	0.211512	
0.669332	0.669332	0.601465	0.48744	0.356286	0.243278	0.170352	0.147838	0.175182	0.242241	0.330417	0.41892	0.471616	0.464626	0.38216	0.232331	0.0529797	-0.125362	-0.26939	-0.372293	-0.43793	-0.467678	-0.46845	-0.443188	-0.396638	-0.337571	-0.268729	-0.200707	-0.149817	-0.126709	-0.128277	-0.14793	-0.165156	-0.173885	-0.175752	-0.162488	-0.14003	-0.133349	-0.136629	-0.138464	-0.135393	-0.123747	-0.105553	-0.07735	-0.0347248	0.00964639	0.0537285	0.110709	0.197089	0.305338	
0.683179	0.683179	0.612149	0.489776	0.350119	0.225437	0.142548	0.110966	0.133756	0.199609	0.295695	0.39746	0.471403	0.491755	0.431535	0.303889	0.131489	-0.048224	-0.200809	-0.319923	-0.400352	-0.446773	-0.465123	-0.457331	-0.423793	-0.375478	-0.304804	-0.230067	-0.168886	-0.134351	-0.130143	-0.145225	-0.155826	-0.167486	-0.170751	-0.157901	-0.144275	-0.133311	-0.125238	-0.127256	-0.123747	-0.108319	-0.0904031	-0.0610099	-0.00783063	0.054689	0.121231	0.193165	0.285763	0.39686	
0.710809	0.710809	0.636435	0.503648	0.354956	0.214949	0.120123	0.0761221	0.0888668	0.151368	0.247994	0.359522	0.452636	0.494515	0.462776	0.355083	0.196181	0.0198106	-0.139093	-0.270509	-0.360345	-0.423569	-0.452947	-0.46038	-0.444553	-0.408456	-0.34465	-0.271188	-0.199365	-0.153195	-0.140531	-0.145246	-0.15248	-0.16581	-0.170408	-0.16669	-0.155303	-0.1319	-0.118988	-0.115839	-0.105553	-0.0904031	-0.0754428	-0.0349201	0.02801	0.104649	0.181374	0.262841	0.357924	0.470687	
0.728851	0.728851	0.651235	0.511633	0.354921	0.203671	0.0997644	0.0442303	0.0499265	0.106148	0.201791	0.320075	0.425151	0.489406	0.480892	0.397048	0.254634	0.0866689	-0.0754232	-0.211389	-0.315385	-0.38792	-0.43115	-0.452531	-0.452776	-0.427268	-0.37642	-0.298698	-0.221533	-0.16584	-0.146239	-0.144338	-0.153423	-0.161389	-0.165298	-0.165714	-0.155177	-0.130631	-0.11254	-0.0962615	-0.07735	-0.0610099	-0.0349201	0.0128374	0.0794959	0.16153	0.247547	0.335116	0.422849	0.51839	
0.740323	0.740323	0.657329	0.516127	0.346433	0.191683	0.0742015	0.0137026	0.010931	0.0633755	0.159831	0.283014	0.403576	0.487549	0.505866	0.446347	0.322705	0.164371	-0.000252703	-0.143636	-0.261667	-0.345942	-0.400982	-0.434314	-0.444545	-0.433681	-0.391902	-0.317685	-0.237876	-0.172209	-0.141246	-0.135349	-0.139298	-0.144059	-0.151458	-0.157323	-0.148693	-0.124795	-0.0980113	-0.0653089	-0.0347248	-0.00783063	0.02801	0.0794959	0.150815	0.237431	0.328349	0.408254	0.476949	0.540265	
0.756084	0.756084	0.67059	0.522756	0.346446	0.182235	0.0566992	-0.0119898	-0.0211925	0.0267498	0.122062	0.249934	0.381383	0.485381	0.528086	0.494318	0.394064	0.246511	0.0869007	-0.0642629	-0.195912	-0.293345	-0.366443	-0.413696	-0.438042	-0.445607	-0.412715	-0.346731	-0.261675	-0.183	-0.140737	-0.125701	-0.123207	-0.128157	-0.134483	-0.141308	-0.138941	-0.120677	-0.0849034	-0.037204	0.00964639	0.054689	0.104649	0.16153	0.237431	0.325802	0.409673	0.471255	0.516276	0.549631	
0.790349	0.790349	0.702123	0.545715	0.361873	0.184733	0.0488442	-0.0318226	-0.0517583	-0.0119973	0.0768217	0.204852	0.343448	0.463989	0.53067	0.525924	0.451979	0.324212	0.176758	0.0211151	-0.114637	-0.230133	-0.317793	-0.379638	-0.424098	-0.448046	-0.432769	-0.382582	-0.295657	-0.210059	-0.152489	-0.120357	-0.109376	-0.106014	-0.107985	-0.116455	-0.119969	-0.103675	-0.0669995	-0.00984107	0.0537285	0.121231	0.181374	0.247547	0.328349	0.409673	0.471552	0.510926	0.532895	0.529297	
0.831556	0.831556	0.740101	0.576731	0.38462	0.195567	0.0496048	-0.0444836	-0.0744084	-0.0465994	0.0341228	0.157232	0.298296	0.429949	0.517572	0.539182	0.493905	0.391864	0.260104	0.113896	-0.0249576	-0.149415	-0.248444	-0.325547	-0.386434	-0.425462	-0.435344	-0.398693	-0.322845	-0.235694	-0.165919	-0.121534	-0.0989558	-0.0824249	-0.0748256	-0.0729307	-0.0731492	-0.0611826	-0.0271481	0.032916	0.110709	0.193165	0.262841	0.335116	0.408254	0.471255	0.510926	0.528193	0.513461	0.473051	
0.869961	0.869961	0.77439	0.6086	0.406274	0.21231	0.0552346	-0.0458515	-0.0843338	-0.0652107	0.0096807	0.12721	0.269595	0.409566	0.512444	0.558126	0.536542	0.459659	0.344365	0.209615	0.0709786	-0.0569789	-0.164759	-0.251289	-0.321079	-0.375132	-0.403391	-0.386657	-0.329578	-0.24705	-0.173431	-0.118897	-0.082433	-0.0541187	-0.0326126	-0.0182966	-0.0110277	0.00824229	0.0438318	0.107899	0.197089	0.285763	0.357924	0.422849	0.476949	0.516276	0.532895	0.513461	0.466387	0.406661	
0.912329	0.912329	0.815114	0.645343	0.438216	0.238589	0.0749098	-0.0310505	-0.0764524	-0.0624936	0.00600185	0.118386	0.260731	0.404276	0.521626	0.585211	0.588872	0.534958	0.44058	0.319245	0.184513	0.053794	-0.064111	-0.161929	-0.242323	-0.311353	-0.353382	-0.356136	-0.313451	-0.236763	-0.161461	-0.0986352	-0.053043	-0.0172878	0.0156428	0.0420724	0.0672491	0.098202	0.139543	0.211512	0.305338	0.39686	0.470687	0.51839	0.540265	0.549631	0.529297	0.473051	0.406661	0.340096	
