-0.137627	-0.137627	-0.243758	-0.414078	-0.593694	-0.744395	-0.855584	-0.925398	-0.948598	-0.911004	-0.802478	-0.624257	-0.382008	-0.0987666	0.190356	0.423033	0.547314	0.547697	0.447962	0.298067	0.120321	-0.0636971	-0.246986	-0.412059	-0.549677	-0.656144	-0.730599	-0.773996	-0.805728	-0.830136	-0.8377	-0.818589	-0.771573	-0.719907	-0.647423	-0.534387	-0.377839	-0.188353	0.0280211	0.271488	0.535163	0.774203	0.966148	1.08114	1.09936	1.02269	0.866505	0.660085	0.458886	0.310559	
-0.137627	-0.137627	-0.243758	-0.414078	-0.593694	-0.744395	-0.855584	-0.925398	-0.948598	-0.911004	-0.802478	-0.624257	-0.382008	-0.0987666	0.190356	0.423033	0.547314	0.547697	0.447962	0.298067	0.120321	-0.0636971	-0.246986	-0.412059	-0.549677	-0.656144	-0.730599	-0.773996	-0.805728	-0.830136	-0.8377	-0.818589	-0.771573	-0.719907	-0.647423	-0.534387	-0.377839	-0.188353	0.0280211	0.271488	0.535163	0.774203	0.966148	1.08114	1.09936	1.02269	0.866505	0.660085	0.458886	0.310559	
-0.243758	-0.243758	-0.347667	-0.515547	-0.69089	-0.838076	-0.944559	-1.00816	-1.02548	-0.97906	-0.863311	-0.675694	-0.424738	-0.133447	0.164399	0.404704	0.538546	0.548763	0.459113	0.317899	0.148788	-0.028616	-0.204629	-0.363821	-0.496127	-0.597777	-0.667825	-0.707876	-0.736335	-0.756356	-0.76199	-0.739748	-0.690884	-0.637085	-0.562991	-0.448093	-0.294707	-0.107801	0.103287	0.338571	0.590182	0.817744	0.993477	1.0909	1.09032	0.995086	0.820869	0.597654	0.3792	0.215639	
-0.414078	-0.414078	-0.515547	-0.677474	-0.848418	-0.989278	-1.08897	-1.14524	-1.15063	-1.09472	-0.964979	-0.765252	-0.50207	-0.19779	0.109023	0.361884	0.508338	0.534078	0.461341	0.335867	0.181517	0.0197942	-0.14255	-0.287893	-0.408279	-0.499484	-0.560787	-0.59362	-0.614109	-0.628396	-0.625531	-0.599203	-0.547909	-0.490529	-0.414852	-0.305175	-0.1543	0.0232012	0.222971	0.44351	0.67543	0.876087	1.0259	1.0941	1.06372	0.936543	0.730646	0.478198	0.235585	0.0490024	
-0.593694	-0.593694	-0.69089	-0.848418	-1.01307	-1.14994	-1.24494	-1.29348	-1.29262	-1.2248	-1.08679	-0.875023	-0.601166	-0.288193	0.0290517	0.290771	0.452308	0.495748	0.443584	0.336952	0.203029	0.0588766	-0.0826002	-0.209503	-0.311155	-0.385243	-0.430143	-0.449755	-0.458276	-0.459658	-0.450358	-0.418448	-0.366027	-0.308503	-0.235467	-0.129268	0.00696738	0.170784	0.352365	0.549615	0.751157	0.924967	1.03942	1.07195	1.00543	0.8437	0.604642	0.32241	0.0479564	-0.168368	
-0.744395	-0.744395	-0.838076	-0.989278	-1.14994	-1.28369	-1.37515	-1.42103	-1.41205	-1.33956	-1.19274	-0.974423	-0.695339	-0.376422	-0.0589912	0.208566	0.377963	0.436234	0.402859	0.315039	0.200787	0.0789341	-0.0406797	-0.143036	-0.223026	-0.275254	-0.301472	-0.305403	-0.298055	-0.287381	-0.266368	-0.229262	-0.17835	-0.122022	-0.0545262	0.0360745	0.157282	0.29847	0.455667	0.625711	0.795164	0.931777	1.01387	1.01261	0.91403	0.72017	0.451483	0.142392	-0.153965	-0.392289	
-0.855584	-0.855584	-0.944559	-1.08897	-1.24494	-1.37515	-1.4657	-1.50697	-1.49487	-1.41566	-1.26479	-1.04175	-0.759234	-0.441009	-0.123673	0.1423	0.318454	0.388023	0.371402	0.299265	0.202628	0.0972683	-0.00105941	-0.0845828	-0.142859	-0.176294	-0.183858	-0.1722	-0.150917	-0.126667	-0.0965143	-0.0565976	-0.00822901	0.0436119	0.10194	0.179432	0.277834	0.395249	0.526139	0.666354	0.800621	0.907323	0.953913	0.922108	0.797189	0.580755	0.291129	-0.0333495	-0.347664	-0.606616	
-0.925398	-0.925398	-1.00816	-1.14524	-1.29348	-1.42103	-1.50697	-1.5451	-1.52554	-1.44038	-1.28302	-1.05486	-0.770667	-0.452057	-0.140699	0.12329	0.299666	0.377952	0.373251	0.31188	0.2266	0.132722	0.0461816	-0.0220707	-0.069515	-0.0896067	-0.0869156	-0.0681447	-0.0388254	-0.00697547	0.0270814	0.0687258	0.111149	0.158404	0.209459	0.273557	0.353797	0.448912	0.556612	0.67095	0.774811	0.851408	0.874438	0.819516	0.674333	0.441002	0.140801	-0.192	-0.51318	-0.780098	
-0.948598	-0.948598	-1.02548	-1.15063	-1.29262	-1.41205	-1.49487	-1.52554	-1.49793	-1.40444	-1.23875	-1.00569	-0.717889	-0.401779	-0.0949747	0.161741	0.33836	0.420644	0.424825	0.370398	0.289663	0.199271	0.117962	0.0508394	0.00698354	-0.0138609	-0.0133249	0.00254196	0.0286518	0.0577703	0.0928481	0.129003	0.164181	0.206808	0.251901	0.30572	0.373358	0.454606	0.548115	0.646873	0.731372	0.789913	0.790288	0.719886	0.565514	0.326735	0.0204728	-0.312344	-0.633978	-0.907252	
-0.911004	-0.911004	-0.97906	-1.09472	-1.2248	-1.33956	-1.41566	-1.44038	-1.40444	-1.30214	-1.13007	-0.892297	-0.603676	-0.290689	0.00725395	0.256691	0.427444	0.51258	0.520992	0.467648	0.386303	0.29102	0.203877	0.1322	0.0784178	0.0489397	0.0389333	0.0407783	0.0540962	0.0744226	0.0972611	0.123604	0.147021	0.182054	0.223112	0.276175	0.33776	0.413137	0.503422	0.59626	0.670493	0.721501	0.719394	0.645254	0.486654	0.245922	-0.0552242	-0.382225	-0.701021	-0.973714	
-0.802478	-0.802478	-0.863311	-0.964979	-1.08679	-1.19274	-1.26479	-1.28302	-1.23875	-1.13007	-0.951892	-0.713258	-0.426585	-0.122114	0.163558	0.397125	0.558409	0.638111	0.64532	0.590034	0.50126	0.398023	0.301849	0.217808	0.151426	0.106016	0.0759973	0.0582212	0.0518142	0.0538499	0.0655871	0.0785286	0.0883539	0.116194	0.153757	0.201706	0.261595	0.338242	0.432586	0.531678	0.61195	0.667019	0.664891	0.596548	0.448977	0.221295	-0.07108	-0.387864	-0.696933	-0.966555	
-0.624257	-0.624257	-0.675694	-0.765252	-0.875023	-0.974423	-1.04175	-1.05486	-1.00569	-0.892297	-0.713258	-0.478017	-0.198364	0.0932034	0.361461	0.577412	0.723092	0.795752	0.798095	0.736198	0.637714	0.52034	0.409392	0.310278	0.227152	0.164295	0.117121	0.0799419	0.0544877	0.0415688	0.0378371	0.0352903	0.0314637	0.0488005	0.0818566	0.132477	0.193144	0.271976	0.373931	0.480668	0.567536	0.63345	0.647716	0.596521	0.464721	0.25332	-0.0183339	-0.315529	-0.611099	-0.874537	
-0.382008	-0.382008	-0.424738	-0.50207	-0.601166	-0.695339	-0.759234	-0.770667	-0.717889	-0.603676	-0.426585	-0.198364	0.0696967	0.344285	0.591275	0.783495	0.909822	0.969156	0.962521	0.892961	0.78205	0.652534	0.527353	0.415234	0.317228	0.23932	0.174476	0.11943	0.0765184	0.049429	0.0354199	0.0243558	0.0114321	0.0221454	0.0534586	0.101702	0.161366	0.242151	0.350526	0.466379	0.566239	0.643147	0.670304	0.636921	0.529495	0.346719	0.102594	-0.169283	-0.442791	-0.690299	
-0.0987666	-0.0987666	-0.133447	-0.19779	-0.288193	-0.376422	-0.441009	-0.452057	-0.401779	-0.290689	-0.122114	0.0932034	0.344285	0.597462	0.820917	0.988691	1.09522	1.14256	1.1283	1.05336	0.933049	0.791483	0.65469	0.528859	0.41966	0.329578	0.252712	0.186903	0.133312	0.0973714	0.078393	0.0605594	0.0414406	0.0476234	0.0781294	0.12933	0.191205	0.274746	0.386121	0.506568	0.611466	0.697103	0.736974	0.722236	0.637847	0.48247	0.269722	0.0299341	-0.212476	-0.438842	
0.190356	0.190356	0.164399	0.109023	0.0290517	-0.0589912	-0.123673	-0.140699	-0.0949747	0.00725395	0.163558	0.361461	0.591275	0.820917	1.01806	1.16119	1.24672	1.28112	1.26102	1.18278	1.05751	0.911758	0.766907	0.637816	0.523262	0.4271	0.346013	0.272623	0.211824	0.17263	0.150518	0.131471	0.113766	0.117314	0.150225	0.203613	0.267866	0.350287	0.464397	0.586575	0.696665	0.782506	0.830666	0.827294	0.760338	0.629573	0.449249	0.244324	0.0338974	-0.161856	
0.423033	0.423033	0.404704	0.361884	0.290771	0.208566	0.1423	0.12329	0.161741	0.256691	0.397125	0.577412	0.783495	0.988691	1.16119	1.28015	1.34735	1.37166	1.34733	1.27152	1.1469	0.999934	0.856476	0.725894	0.613113	0.51941	0.437827	0.366209	0.306524	0.266744	0.247459	0.232034	0.214197	0.218639	0.253187	0.30889	0.373475	0.458757	0.570127	0.69115	0.799897	0.886558	0.933777	0.933182	0.878821	0.769034	0.614044	0.435802	0.260175	0.094044	
0.547314	0.547314	0.538546	0.508338	0.452308	0.377963	0.318454	0.299666	0.33836	0.427444	0.558409	0.723092	0.909822	1.09522	1.24672	1.34735	1.40061	1.41591	1.39256	1.3199	1.19919	1.05736	0.91406	0.788742	0.681897	0.591929	0.519714	0.453602	0.399197	0.366681	0.353003	0.34167	0.331357	0.335539	0.372077	0.428536	0.496802	0.578422	0.686113	0.802239	0.907429	0.983684	1.02943	1.03175	0.981897	0.88143	0.74558	0.594695	0.444138	0.304375	
0.547697	0.547697	0.548763	0.534078	0.495748	0.436234	0.388023	0.377952	0.420644	0.51258	0.638111	0.795752	0.969156	1.14256	1.28112	1.37166	1.41591	1.42891	1.40679	1.34062	1.22742	1.08891	0.951151	0.829345	0.727871	0.645897	0.579607	0.520634	0.474578	0.447937	0.441688	0.441407	0.438791	0.449276	0.48979	0.548268	0.615266	0.695392	0.796158	0.90504	1.00278	1.0742	1.11316	1.10536	1.05713	0.96893	0.850613	0.71573	0.588615	0.469564	
0.447962	0.447962	0.459113	0.461341	0.443584	0.402859	0.371402	0.373251	0.424825	0.520992	0.64532	0.798095	0.962521	1.1283	1.26102	1.34733	1.39256	1.40679	1.39384	1.33794	1.23518	1.10494	0.969848	0.850199	0.751701	0.671023	0.60955	0.555595	0.515064	0.49594	0.496182	0.504286	0.511047	0.527628	0.572615	0.634623	0.707441	0.79049	0.886096	0.988925	1.07841	1.13764	1.16706	1.15886	1.11254	1.0289	0.921938	0.807897	0.699773	0.597893	
0.298067	0.298067	0.317899	0.335867	0.336952	0.315039	0.299265	0.31188	0.370398	0.467648	0.590034	0.736198	0.892961	1.05336	1.18278	1.27152	1.3199	1.34062	1.33794	1.29383	1.20581	1.08522	0.957484	0.842303	0.747605	0.66982	0.610789	0.557227	0.5183	0.497952	0.499116	0.51069	0.525171	0.549551	0.600861	0.667436	0.74743	0.83223	0.92715	1.02763	1.11286	1.16924	1.19595	1.17911	1.13009	1.05517	0.964123	0.867837	0.777964	0.690442	
0.120321	0.120321	0.148788	0.181517	0.203029	0.200787	0.202628	0.2266	0.289663	0.386303	0.50126	0.637714	0.78205	0.933049	1.05751	1.1469	1.19919	1.22742	1.23518	1.20581	1.13498	1.02797	0.910534	0.801506	0.710081	0.636098	0.577871	0.52586	0.487513	0.467587	0.46503	0.478019	0.49255	0.518862	0.569439	0.63829	0.722148	0.816704	0.916189	1.01886	1.10402	1.16114	1.18514	1.17012	1.12893	1.06222	0.982894	0.902022	0.825865	0.748818	
-0.0636971	-0.0636971	-0.028616	0.0197942	0.0588766	0.0789341	0.0972683	0.132722	0.199271	0.29102	0.398023	0.52034	0.652534	0.791483	0.911758	0.999934	1.05736	1.08891	1.10494	1.08522	1.02797	0.933835	0.826941	0.724482	0.641556	0.572858	0.520598	0.472894	0.437035	0.415456	0.410734	0.418667	0.432353	0.459551	0.507925	0.573104	0.65978	0.756351	0.856469	0.962755	1.05177	1.11705	1.14829	1.14255	1.10707	1.05126	0.984827	0.921207	0.856065	0.781799	
-0.246986	-0.246986	-0.204629	-0.14255	-0.0826002	-0.0406797	-0.00105941	0.0461816	0.117962	0.203877	0.301849	0.409392	0.527353	0.65469	0.766907	0.856476	0.91406	0.951151	0.969848	0.957484	0.910534	0.826941	0.727198	0.631697	0.550549	0.488289	0.439688	0.396994	0.366689	0.349433	0.344389	0.353133	0.367203	0.394568	0.438928	0.499137	0.582324	0.678152	0.782427	0.888708	0.980248	1.05227	1.0938	1.09664	1.07604	1.03606	0.986882	0.935263	0.873076	0.795973	
-0.412059	-0.412059	-0.363821	-0.287893	-0.209503	-0.143036	-0.0845828	-0.0220707	0.0508394	0.1322	0.217808	0.310278	0.415234	0.528859	0.637816	0.725894	0.788742	0.829345	0.850199	0.842303	0.801506	0.724482	0.631697	0.535818	0.458044	0.39629	0.350134	0.312144	0.286064	0.272972	0.271322	0.280339	0.297887	0.330593	0.375769	0.435018	0.515652	0.61324	0.71658	0.820954	0.912518	0.990863	1.036	1.05081	1.04234	1.01358	0.974529	0.934234	0.878832	0.796105	
-0.549677	-0.549677	-0.496127	-0.408279	-0.311155	-0.223026	-0.142859	-0.069515	0.00698354	0.0784178	0.151426	0.227152	0.317228	0.41966	0.523262	0.613113	0.681897	0.727871	0.751701	0.747605	0.710081	0.641556	0.550549	0.458044	0.377225	0.315683	0.268674	0.231453	0.207956	0.197857	0.19764	0.208382	0.229899	0.269304	0.321507	0.382573	0.467118	0.567959	0.676904	0.782349	0.875172	0.952043	1.00113	1.01859	1.00935	0.983138	0.949735	0.913333	0.854044	0.765547	
-0.656144	-0.656144	-0.597777	-0.499484	-0.385243	-0.275254	-0.176294	-0.0896067	-0.0138609	0.0489397	0.106016	0.164295	0.23932	0.329578	0.4271	0.51941	0.591929	0.645897	0.671023	0.66982	0.636098	0.572858	0.488289	0.39629	0.315683	0.251285	0.202542	0.164388	0.140587	0.131343	0.133246	0.141389	0.167482	0.212892	0.271931	0.341001	0.431086	0.539611	0.661767	0.772542	0.869603	0.948752	0.99648	1.0063	0.991561	0.954374	0.90928	0.860182	0.795298	0.698245	
-0.730599	-0.730599	-0.667825	-0.560787	-0.430143	-0.301472	-0.183858	-0.0869156	-0.0133249	0.0389333	0.0759973	0.117121	0.174476	0.252712	0.346013	0.437827	0.519714	0.579607	0.60955	0.610789	0.577871	0.520598	0.439688	0.350134	0.268674	0.202542	0.152605	0.113658	0.0902146	0.082946	0.0836441	0.092248	0.117833	0.166798	0.235587	0.311817	0.407809	0.530498	0.663933	0.785217	0.891208	0.970253	1.01397	1.01795	0.984643	0.923681	0.854701	0.783632	0.702109	0.597037	
-0.773996	-0.773996	-0.707876	-0.59362	-0.449755	-0.305403	-0.1722	-0.0681447	0.00254196	0.0407783	0.0582212	0.0799419	0.11943	0.186903	0.272623	0.366209	0.453602	0.520634	0.555595	0.557227	0.52586	0.472894	0.396994	0.312144	0.231453	0.164388	0.113658	0.0738128	0.0505243	0.0441432	0.0475848	0.0547897	0.0820109	0.135613	0.212149	0.296675	0.401808	0.531234	0.676862	0.809817	0.920735	0.997614	1.03763	1.02433	0.967283	0.879707	0.781595	0.683493	0.585834	0.47054	
-0.805728	-0.805728	-0.736335	-0.614109	-0.458276	-0.298055	-0.150917	-0.0388254	0.0286518	0.0540962	0.0518142	0.0544877	0.0765184	0.133312	0.211824	0.306524	0.399197	0.474578	0.515064	0.5183	0.487513	0.437035	0.366689	0.286064	0.207956	0.140587	0.0902146	0.0505243	0.0284844	0.0253106	0.0315642	0.0413466	0.0708994	0.127405	0.213738	0.308343	0.419332	0.557956	0.712067	0.850232	0.961701	1.02914	1.05218	1.01597	0.933294	0.814744	0.687154	0.563985	0.454285	0.339763	
-0.830136	-0.830136	-0.756356	-0.628396	-0.459658	-0.287381	-0.126667	-0.00697547	0.0577703	0.0744226	0.0538499	0.0415688	0.049429	0.0973714	0.17263	0.266744	0.366681	0.447937	0.49594	0.497952	0.467587	0.415456	0.349433	0.272972	0.197857	0.131343	0.082946	0.0441432	0.0253106	0.0272634	0.0374789	0.0539805	0.0856148	0.147642	0.243409	0.349343	0.468363	0.613722	0.767126	0.907673	1.00862	1.05793	1.05601	0.991194	0.873377	0.724763	0.57131	0.434798	0.324673	0.217998	
-0.8377	-0.8377	-0.76199	-0.625531	-0.450358	-0.266368	-0.0965143	0.0270814	0.0928481	0.0972611	0.0655871	0.0378371	0.0354199	0.078393	0.150518	0.247459	0.353003	0.441688	0.496182	0.499116	0.46503	0.410734	0.344389	0.271322	0.19764	0.133246	0.0836441	0.0475848	0.0315642	0.0374789	0.0568689	0.082404	0.120694	0.192292	0.298681	0.414484	0.542969	0.68745	0.836309	0.969987	1.05369	1.07732	1.0428	0.941632	0.792099	0.618921	0.44726	0.305434	0.199305	0.110638	
-0.818589	-0.818589	-0.739748	-0.599203	-0.418448	-0.229262	-0.0565976	0.0687258	0.129003	0.123604	0.0785286	0.0352903	0.0243558	0.0605594	0.131471	0.232034	0.34167	0.441407	0.504286	0.51069	0.478019	0.418667	0.353133	0.280339	0.208382	0.141389	0.092248	0.0547897	0.0413466	0.0539805	0.082404	0.118938	0.169827	0.249333	0.365175	0.494127	0.628775	0.769419	0.908617	1.02438	1.08089	1.07357	1.00217	0.866605	0.690314	0.497315	0.317269	0.178178	0.0843174	0.0172479	
-0.771573	-0.771573	-0.690884	-0.547909	-0.366027	-0.17835	-0.00822901	0.111149	0.164181	0.147021	0.0883539	0.0314637	0.0114321	0.0414406	0.113766	0.214197	0.331357	0.438791	0.511047	0.525171	0.49255	0.432353	0.367203	0.297887	0.229899	0.167482	0.117833	0.0820109	0.0708994	0.0856148	0.120694	0.169827	0.228479	0.318656	0.444665	0.579984	0.718846	0.85267	0.971119	1.0607	1.08748	1.0459	0.936384	0.771481	0.573542	0.369662	0.186111	0.0546318	-0.0276861	-0.0717428	
-0.719907	-0.719907	-0.637085	-0.490529	-0.308503	-0.122022	0.0436119	0.158404	0.206808	0.182054	0.116194	0.0488005	0.0221454	0.0476234	0.117314	0.218639	0.335539	0.449276	0.527628	0.549551	0.518862	0.459551	0.394568	0.330593	0.269304	0.212892	0.166798	0.135613	0.127405	0.147642	0.192292	0.249333	0.318656	0.415028	0.538914	0.674883	0.810563	0.925908	1.02264	1.0827	1.07812	1.00678	0.870639	0.682299	0.469912	0.257147	0.0764295	-0.0479981	-0.119836	-0.145643	
-0.647423	-0.647423	-0.562991	-0.414852	-0.235467	-0.0545262	0.10194	0.209459	0.251901	0.223112	0.153757	0.0818566	0.0534586	0.0781294	0.150225	0.253187	0.372077	0.48979	0.572615	0.600861	0.569439	0.507925	0.438928	0.375769	0.321507	0.271931	0.235587	0.212149	0.213738	0.243409	0.298681	0.365175	0.444665	0.538914	0.657282	0.780625	0.898598	0.991053	1.06022	1.08385	1.0552	0.962637	0.808492	0.60992	0.394681	0.181344	0.00235822	-0.121367	-0.185145	-0.190078	
-0.534387	-0.534387	-0.448093	-0.305175	-0.129268	0.0360745	0.179432	0.273557	0.30572	0.276175	0.201706	0.132477	0.101702	0.12933	0.203613	0.30889	0.428536	0.548268	0.634623	0.667436	0.63829	0.573104	0.499137	0.435018	0.382573	0.341001	0.311817	0.296675	0.308343	0.349343	0.414484	0.494127	0.579984	0.674883	0.780625	0.884316	0.975328	1.03861	1.07078	1.06063	1.00934	0.903686	0.749294	0.554271	0.342633	0.131082	-0.0416768	-0.157741	-0.206035	-0.194136	
-0.377839	-0.377839	-0.294707	-0.1543	0.00696738	0.157282	0.277834	0.353797	0.373358	0.33776	0.261595	0.193144	0.161366	0.191205	0.267866	0.373475	0.496802	0.615266	0.707441	0.74743	0.722148	0.65978	0.582324	0.515652	0.467118	0.431086	0.407809	0.401808	0.419332	0.468363	0.542969	0.628775	0.718846	0.810563	0.898598	0.975328	1.03419	1.0677	1.0678	1.03248	0.964302	0.852446	0.697259	0.506622	0.300408	0.100717	-0.0590057	-0.161363	-0.192135	-0.159338	
-0.188353	-0.188353	-0.107801	0.0232012	0.170784	0.29847	0.395249	0.448912	0.454606	0.413137	0.338242	0.271976	0.242151	0.274746	0.350287	0.458757	0.578422	0.695392	0.79049	0.83223	0.816704	0.756351	0.678152	0.61324	0.567959	0.539611	0.530498	0.531234	0.557956	0.613722	0.68745	0.769419	0.85267	0.925908	0.991053	1.03861	1.0677	1.078	1.05915	1.00814	0.927926	0.812975	0.665139	0.480735	0.280015	0.0900682	-0.0582122	-0.142757	-0.146371	-0.0874739	
0.0280211	0.0280211	0.103287	0.222971	0.352365	0.455667	0.526139	0.556612	0.548115	0.503422	0.432586	0.373931	0.350526	0.386121	0.464397	0.570127	0.686113	0.796158	0.886096	0.92715	0.916189	0.856469	0.782427	0.71658	0.676904	0.661767	0.663933	0.676862	0.712067	0.767126	0.836309	0.908617	0.971119	1.02264	1.06022	1.07078	1.0678	1.05915	1.02851	0.977801	0.902458	0.798906	0.659335	0.481262	0.287319	0.108129	-0.0291338	-0.0903115	-0.0705497	0.00560955	
0.271488	0.271488	0.338571	0.44351	0.549615	0.625711	0.666354	0.67095	0.646873	0.59626	0.531678	0.480668	0.466379	0.506568	0.586575	0.69115	0.802239	0.90504	0.988925	1.02763	1.01886	0.962755	0.888708	0.820954	0.782349	0.772542	0.785217	0.809817	0.850232	0.907673	0.969987	1.02438	1.0607	1.0827	1.08385	1.06063	1.03248	1.00814	0.977801	0.93856	0.869465	0.775557	0.652302	0.492837	0.316494	0.154326	0.0356063	-0.0103388	0.0156022	0.0980391	
0.535163	0.535163	0.590182	0.67543	0.751157	0.795164	0.800621	0.774811	0.731372	0.670493	0.61195	0.567536	0.566239	0.611466	0.696665	0.799897	0.907429	1.00278	1.07841	1.11286	1.10402	1.05177	0.980248	0.912518	0.875172	0.869603	0.891208	0.920735	0.961701	1.00862	1.05369	1.08089	1.08748	1.07812	1.0552	1.00934	0.964302	0.927926	0.902458	0.869465	0.808531	0.731837	0.627534	0.491467	0.343351	0.209033	0.105436	0.0677705	0.0957027	0.179045	
0.774203	0.774203	0.817744	0.876087	0.924967	0.931777	0.907323	0.851408	0.789913	0.721501	0.667019	0.63345	0.643147	0.697103	0.782506	0.886558	0.983684	1.0742	1.13764	1.16924	1.16114	1.11705	1.05227	0.990863	0.952043	0.948752	0.970253	0.997614	1.02914	1.05793	1.07732	1.07357	1.0459	1.00678	0.962637	0.903686	0.852446	0.812975	0.798906	0.775557	0.731837	0.666655	0.582037	0.472536	0.357929	0.24251	0.157385	0.129216	0.153858	0.22816	
0.966148	0.966148	0.993477	1.0259	1.03942	1.01387	0.953913	0.874438	0.790288	0.719394	0.664891	0.647716	0.670304	0.736974	0.830666	0.933777	1.02943	1.11316	1.16706	1.19595	1.18514	1.14829	1.0938	1.036	1.00113	0.99648	1.01397	1.03763	1.05218	1.05601	1.0428	1.00217	0.936384	0.870639	0.808492	0.749294	0.697259	0.665139	0.659335	0.652302	0.627534	0.582037	0.518434	0.43711	0.346493	0.247144	0.174451	0.138093	0.154322	0.222326	
1.08114	1.08114	1.0909	1.0941	1.07195	1.01261	0.922108	0.819516	0.719886	0.645254	0.596548	0.596521	0.636921	0.722236	0.827294	0.933182	1.03175	1.10536	1.15886	1.17911	1.17012	1.14255	1.09664	1.05081	1.01859	1.0063	1.01795	1.02433	1.01597	0.991194	0.941632	0.866605	0.771481	0.682299	0.60992	0.554271	0.506622	0.480735	0.481262	0.492837	0.491467	0.472536	0.43711	0.384891	0.309088	0.217919	0.138426	0.0892329	0.0980659	0.159909	
1.09936	1.09936	1.09032	1.06372	1.00543	0.91403	0.797189	0.674333	0.565514	0.486654	0.448977	0.464721	0.529495	0.637847	0.760338	0.878821	0.981897	1.05713	1.11254	1.13009	1.12893	1.10707	1.07604	1.04234	1.00935	0.991561	0.984643	0.967283	0.933294	0.873377	0.792099	0.690314	0.573542	0.469912	0.394681	0.342633	0.300408	0.280015	0.287319	0.316494	0.343351	0.357929	0.346493	0.309088	0.239616	0.151009	0.0608396	0.00175242	-0.0040647	0.0365711	
1.02269	1.02269	0.995086	0.936543	0.8437	0.72017	0.580755	0.441002	0.326735	0.245922	0.221295	0.25332	0.346719	0.48247	0.629573	0.769034	0.88143	0.96893	1.0289	1.05517	1.06222	1.05126	1.03606	1.01358	0.983138	0.954374	0.923681	0.879707	0.814744	0.724763	0.618921	0.497315	0.369662	0.257147	0.181344	0.131082	0.100717	0.0900682	0.108129	0.154326	0.209033	0.24251	0.247144	0.217919	0.151009	0.0568891	-0.0434908	-0.117148	-0.149269	-0.132985	
0.866505	0.866505	0.820869	0.730646	0.604642	0.451483	0.291129	0.140801	0.0204728	-0.0552242	-0.07108	-0.0183339	0.102594	0.269722	0.449249	0.614044	0.74558	0.850613	0.921938	0.964123	0.982894	0.984827	0.986882	0.974529	0.949735	0.90928	0.854701	0.781595	0.687154	0.57131	0.44726	0.317269	0.186111	0.0764295	0.00235822	-0.0416768	-0.0590057	-0.0582122	-0.0291338	0.0356063	0.105436	0.157385	0.174451	0.138426	0.0608396	-0.0434908	-0.158573	-0.254714	-0.308086	-0.314488	
0.660085	0.660085	0.597654	0.478198	0.32241	0.142392	-0.0333495	-0.192	-0.312344	-0.382225	-0.387864	-0.315529	-0.169283	0.0299341	0.244324	0.435802	0.594695	0.71573	0.807897	0.867837	0.902022	0.921207	0.935263	0.934234	0.913333	0.860182	0.783632	0.683493	0.563985	0.434798	0.305434	0.178178	0.0546318	-0.0479981	-0.121367	-0.157741	-0.161363	-0.142757	-0.0903115	-0.0103388	0.0677705	0.129216	0.138093	0.0892329	0.00175242	-0.117148	-0.254714	-0.369913	-0.451247	-0.483674	
0.458886	0.458886	0.3792	0.235585	0.0479564	-0.153965	-0.347664	-0.51318	-0.633978	-0.701021	-0.696933	-0.611099	-0.442791	-0.212476	0.0338974	0.260175	0.444138	0.588615	0.699773	0.777964	0.825865	0.856065	0.873076	0.878832	0.854044	0.795298	0.702109	0.585834	0.454285	0.324673	0.199305	0.0843174	-0.0276861	-0.119836	-0.185145	-0.206035	-0.192135	-0.146371	-0.0705497	0.0156022	0.0957027	0.153858	0.154322	0.0980659	-0.0040647	-0.149269	-0.308086	-0.451247	-0.558521	-0.603904	
0.310559	0.310559	0.215639	0.0490024	-0.168368	-0.392289	-0.606616	-0.780098	-0.907252	-0.973714	-0.966555	-0.874537	-0.690299	-0.438842	-0.161856	0.094044	0.304375	0.469564	0.597893	0.690442	0.748818	0.781799	0.795973	0.796105	0.765547	0.698245	0.597037	0.47054	0.339763	0.217998	0.110638	0.0172479	-0.0717428	-0.145643	-0.190078	-0.194136	-0.159338	-0.0874739	0.00560955	0.0980391	0.179045	0.22816	0.222326	0.159909	0.0365711	-0.132985	-0.314488	-0.483674	-0.603904	-0.65672	
