0.276443	0.276443	0.404361	0.366531	-0.0909461	0.40077	
0.276443	0.276443	0.404361	0.366531	-0.0909461	0.40077	
0.404361	0.404361	0.378419	0.829599	-0.0492258	0.176048	
0.366531	0.366531	0.829599	0.00101424	0.255016	0.667495	
-0.0909461	-0.0909461	-0.0492258	0.255016	0.863072	-0.583514	
0.40077	0.40077	0.176048	0.667495	-0.583514	0.0955028	
