1.42468	1.39603	1.30846	1.17878	0.999857	0.771561	0.527443	0.315524	0.164907	0.0756046	0.0306012	0.0110122	0.00354779	0.00102989	0.000270977	6.49671e-05	1.42612e-05	2.87874e-06	5.36448e-07	9.26125e-08	1.48602e-08	2.22266e-09	3.10726e-10	4.07017e-11	5.00687e-12	5.79632e-13	6.3273e-14	6.52458e-15	6.3663e-16	5.88721e-17	5.16728e-18	4.31068e-19	3.42238e-20	2.58906e-21	1.86849e-22	1.28781e-23	8.48547e-25	5.35042e-26	3.23142e-27	1.87102e-28	1.03946e-29	5.5454e-31	2.84306e-32	1.40179e-33	6.65168e-35	3.03961e-36	1.33852e-37	5.68382e-39	2.4204e-40	2.4204e-40	
1.39603	1.3133	1.19134	1.02558	0.811804	0.574406	0.357707	0.195185	0.0935207	0.0395553	0.0148637	0.00499496	0.00151062	0.000413547	0.000103028	2.34714e-05	4.91108e-06	9.47519e-07	1.69174e-07	2.80439e-08	4.32912e-09	6.24034e-10	8.42093e-11	1.06626e-11	1.26955e-12	1.42426e-13	1.50827e-14	1.51034e-15	1.43244e-16	1.28865e-17	1.10121e-18	8.95076e-20	6.92864e-21	5.11385e-22	3.60285e-23	2.42551e-24	1.5619e-25	9.62959e-27	5.68935e-28	3.22397e-29	1.75367e-30	9.16371e-32	4.60349e-33	2.22487e-34	1.03519e-35	4.63998e-37	2.00476e-38	8.35503e-40	3.49052e-41	3.49052e-41	
1.30846	1.19134	1.03392	0.831795	0.6035	0.38808	0.219659	0.109449	0.0481931	0.0188568	0.00659595	0.00207492	0.00059032	0.000152688	3.60769e-05	7.82087e-06	1.56174e-06	2.88312e-07	4.93691e-08	7.86504e-09	1.16898e-09	1.62513e-10	2.11819e-11	2.59412e-12	2.99119e-13	3.25346e-14	3.34394e-15	3.2531e-16	3.00006e-17	2.62654e-18	2.186e-19	1.73173e-20	1.30738e-21	9.41688e-23	6.47838e-24	4.26111e-25	2.68224e-26	1.61731e-27	9.34942e-29	5.18608e-30	2.7625e-31	1.41417e-32	6.9623e-34	3.29881e-35	1.50524e-36	6.61866e-38	2.80619e-39	1.14796e-40	4.70567e-42	4.70567e-42	
1.17878	1.02558	0.831795	0.613335	0.403946	0.235567	0.121412	0.0554299	0.0225142	0.00817846	0.00267149	0.000788875	0.000211647	5.18307e-05	1.16359e-05	2.40414e-06	4.58816e-07	8.11474e-08	1.33411e-08	2.04459e-09	2.92848e-10	3.9295e-11	4.95058e-12	5.868e-13	6.5565e-14	6.91796e-15	6.90454e-16	6.52863e-17	5.85704e-18	4.99232e-19	4.04819e-20	3.12671e-21	2.30295e-22	1.61932e-23	1.08812e-24	6.99447e-26	4.30495e-27	2.53925e-28	1.4366e-29	7.80212e-31	4.07071e-32	2.04188e-33	9.85364e-35	4.57789e-36	2.04888e-37	8.83935e-39	3.67819e-40	1.47716e-41	5.94216e-43	5.94216e-43	
0.999857	0.811804	0.6035	0.403946	0.241082	0.127831	0.0602544	0.0253238	0.0095301	0.0032267	0.00098766	0.00027459	6.96498e-05	1.61853e-05	3.45908e-06	6.82324e-07	1.24635e-07	2.11461e-08	3.3418e-09	4.93197e-10	6.81391e-11	8.83244e-12	1.07641e-12	1.23574e-13	1.33881e-14	1.37116e-15	1.32962e-16	1.2226e-17	1.0675e-18	8.86245e-20	7.00461e-21	5.27681e-22	3.79316e-23	2.60456e-24	1.71004e-25	1.07456e-26	6.46848e-28	3.73335e-29	2.06764e-30	1.0997e-31	5.62115e-33	2.76335e-34	1.30739e-35	5.95692e-37	2.61551e-38	1.10732e-39	4.52297e-41	1.78349e-42	7.04173e-44	7.04173e-44	
0.771561	0.574406	0.38808	0.235567	0.127831	0.0619491	0.0268526	0.0104433	0.00365829	0.00115915	0.000333635	8.75945e-05	2.10607e-05	4.65453e-06	9.48851e-07	1.78997e-07	3.13422e-08	5.10811e-09	7.76907e-10	1.10536e-10	1.4745e-11	1.848e-12	2.18035e-13	2.42612e-14	2.5504e-15	2.53696e-16	2.39157e-17	2.13964e-18	1.81914e-19	1.47168e-20	1.13423e-21	8.33725e-23	5.85124e-24	3.92482e-25	2.5186e-26	1.54763e-27	9.11436e-29	5.14874e-30	2.79215e-31	1.45469e-32	7.28642e-34	3.51134e-35	1.62906e-36	7.28093e-38	3.13681e-39	1.30346e-40	5.22707e-42	2.0241e-43	7.84524e-45	7.84524e-45	
0.527443	0.357707	0.219659	0.121412	0.0602544	0.0268526	0.0107663	0.00389487	0.00127581	0.000379804	0.000103146	2.56484e-05	5.86033e-06	1.2345e-06	2.40514e-07	4.34661e-08	7.30676e-09	1.14547e-09	1.67872e-10	2.30507e-11	2.97179e-12	3.60444e-13	4.12045e-14	4.44727e-15	4.53933e-16	4.38839e-17	4.02404e-18	3.50474e-19	2.90297e-20	2.28957e-21	1.72143e-22	1.23517e-23	8.4667e-25	5.54985e-26	3.48206e-27	2.09299e-28	1.20627e-29	6.67149e-31	3.54354e-32	1.80889e-33	8.88086e-35	4.19626e-36	1.90949e-37	8.37316e-39	3.54031e-40	1.44419e-41	5.68689e-43	2.16295e-44	8.23125e-46	8.23125e-46	
0.315524	0.195185	0.109449	0.0554299	0.0253238	0.0104433	0.00389487	0.00131721	0.000405202	0.000113758	2.92438e-05	6.90661e-06	1.50333e-06	3.02496e-07	5.64302e-08	9.7861e-09	1.58169e-09	2.38829e-10	3.37664e-11	4.4795e-12	5.58704e-13	6.56373e-14	7.27605e-15	7.62309e-16	7.56016e-17	7.10772e-18	6.34351e-19	5.38141e-20	4.34476e-21	3.34232e-22	2.45259e-23	1.71853e-24	1.151e-25	7.37561e-27	4.52604e-28	2.66204e-29	1.50191e-30	8.13484e-32	4.23312e-33	2.11783e-34	1.01939e-35	4.72386e-37	2.10881e-38	9.07455e-40	3.76631e-41	1.50853e-42	5.8341e-44	2.17982e-45	8.14632e-47	8.14632e-47	
0.164907	0.0935207	0.0481931	0.0225142	0.0095301	0.00365829	0.00127581	0.000405202	0.00011753	3.12246e-05	7.6212e-06	1.71404e-06	3.56237e-07	6.86094e-08	1.22773e-08	2.04637e-09	3.18461e-10	4.63754e-11	6.33277e-12	8.12522e-13	9.81348e-14	1.11769e-14	1.20241e-15	1.22376e-16	1.18003e-17	1.07958e-18	9.38314e-20	7.75754e-21	6.10797e-22	4.58517e-23	3.28524e-24	2.24891e-25	1.47228e-26	9.22632e-28	5.53943e-29	3.18908e-30	1.76189e-31	9.34848e-33	4.76725e-34	2.33812e-35	1.10365e-36	5.01694e-38	2.19767e-39	9.28235e-41	3.78247e-42	1.48783e-43	5.65225e-45	2.075e-46	7.61659e-48	7.61659e-48	
0.0756046	0.0395553	0.0188568	0.00817846	0.0032267	0.00115915	0.000379804	0.000113758	3.12246e-05	7.87533e-06	1.83012e-06	3.92922e-07	7.81438e-08	1.44328e-08	2.48164e-09	3.98168e-10	5.97439e-11	8.40094e-12	1.10925e-12	1.37788e-13	1.61301e-14	1.78253e-15	1.8625e-16	1.84272e-17	1.7288e-18	1.54004e-19	1.30429e-20	1.05146e-21	8.07762e-23	5.92e-24	4.14339e-25	2.77213e-26	1.77461e-27	1.08796e-28	6.39312e-30	3.60379e-31	1.95026e-32	1.01399e-33	5.0687e-35	2.43769e-36	1.12866e-37	5.03413e-39	2.16435e-40	8.97476e-42	3.59133e-43	1.38757e-44	5.17907e-46	1.86842e-47	6.73748e-49	6.73748e-49	
0.0306012	0.0148637	0.00659595	0.00267149	0.00098766	0.000333635	0.000103146	2.92438e-05	7.6212e-06	1.83012e-06	4.05965e-07	8.33929e-08	1.59023e-08	2.82168e-09	4.6694e-10	7.22206e-11	1.04619e-11	1.42219e-12	1.81769e-13	2.18809e-14	2.48498e-15	2.66674e-16	2.70828e-17	2.60665e-18	2.38088e-19	2.0664e-20	1.70626e-21	1.34194e-22	1.00637e-23	7.20402e-25	4.92742e-26	3.22334e-27	2.0185e-28	1.21106e-29	6.96752e-31	3.84689e-32	2.03982e-33	1.03954e-34	5.09513e-36	2.40342e-37	1.0918e-38	4.77924e-40	2.01715e-41	8.21343e-43	3.22818e-44	1.22537e-45	4.49436e-47	1.59365e-48	5.64643e-50	5.64643e-50	
0.0110122	0.00499496	0.00207492	0.000788875	0.00027459	8.75945e-05	2.56484e-05	6.90661e-06	1.71404e-06	3.92922e-07	8.33929e-08	1.64244e-08	3.00866e-09	5.13733e-10	8.19422e-11	1.2234e-11	1.71306e-12	2.25384e-13	2.7912e-14	3.25917e-15	3.59389e-16	3.74821e-17	3.70263e-18	3.46913e-19	3.08686e-20	2.61179e-21	2.10375e-22	1.615e-23	1.18287e-24	8.27421e-26	5.53304e-27	3.54038e-28	2.16954e-29	1.27434e-30	7.18048e-32	3.88425e-33	2.01868e-34	1.00865e-35	4.84872e-37	2.24391e-38	1.00035e-39	4.29854e-41	1.78144e-42	7.12425e-44	2.75081e-45	1.02602e-46	3.69866e-48	1.28927e-49	4.48913e-51	4.48913e-51	
0.00354779	0.00151062	0.00059032	0.000211647	6.96498e-05	2.10607e-05	5.86033e-06	1.50333e-06	3.56237e-07	7.81438e-08	1.59023e-08	3.00866e-09	5.30342e-10	8.72794e-11	1.34372e-11	1.93904e-12	2.62753e-13	3.34934e-14	4.02302e-15	4.56063e-16	4.88697e-17	4.95712e-18	4.76644e-19	4.35016e-20	3.77318e-21	3.11399e-22	2.4481e-23	1.83532e-24	1.31346e-25	8.98188e-27	5.87454e-28	3.67813e-29	2.20647e-30	1.26925e-31	7.00664e-33	3.71465e-34	1.8927e-35	9.27481e-37	4.37394e-38	1.98639e-39	8.69246e-41	3.66747e-42	1.49272e-43	5.86432e-45	2.2249e-46	8.15598e-48	2.89018e-49	9.90551e-51	3.39004e-52	3.39004e-52	
0.00102989	0.000413547	0.000152688	5.18307e-05	1.61853e-05	4.65453e-06	1.2345e-06	3.02496e-07	6.86094e-08	1.44328e-08	2.82168e-09	5.13733e-10	8.72794e-11	1.38638e-11	2.06288e-12	2.88062e-13	3.78161e-14	4.675e-15	5.45128e-16	6.00475e-17	6.25758e-18	6.17789e-19	5.78594e-20	5.14704e-21	4.35428e-22	3.50713e-23	2.6924e-24	1.97212e-25	1.37966e-26	9.22714e-28	5.90495e-29	3.61908e-30	2.12606e-31	1.19811e-32	6.48178e-34	3.36889e-35	1.68337e-36	8.09218e-38	3.74479e-39	1.66931e-40	7.17217e-42	2.97181e-43	1.1882e-44	4.58654e-46	1.71014e-47	6.16235e-49	2.147e-50	7.23613e-52	2.43456e-53	2.43456e-53	
0.000270977	0.000103028	3.60769e-05	1.16359e-05	3.45908e-06	9.48851e-07	2.40514e-07	5.64302e-08	1.22773e-08	2.48164e-09	4.6694e-10	8.19422e-11	1.34372e-11	2.06288e-12	2.97024e-13	4.01808e-14	5.11546e-15	6.13891e-16	6.95516e-17	7.45031e-18	7.55621e-19	7.26575e-20	6.63225e-21	5.75409e-22	4.75045e-23	3.73612e-24	2.80218e-25	2.00633e-26	1.37265e-27	8.98206e-29	5.62643e-30	3.37677e-31	1.94327e-32	1.07317e-33	5.69159e-35	2.90092e-36	1.42192e-37	6.70718e-39	3.04652e-40	1.33331e-41	5.62575e-43	2.28977e-44	8.99505e-46	3.41225e-47	1.25062e-48	4.43061e-50	1.51796e-51	5.03185e-53	1.66456e-54	1.66456e-54	
6.49671e-05	2.34714e-05	7.82087e-06	2.40414e-06	6.82324e-07	1.78997e-07	4.34661e-08	9.7861e-09	2.04637e-09	3.98168e-10	7.22206e-11	1.2234e-11	1.93904e-12	2.88062e-13	4.01808e-14	5.27124e-15	6.51433e-16	7.59559e-17	8.3682e-18	8.72366e-19	8.61691e-20	8.07522e-21	7.18863e-22	6.08612e-23	4.90603e-24	3.7695e-25	2.76344e-26	1.9349e-27	1.29515e-28	8.29514e-30	5.08803e-31	2.99127e-32	1.68689e-33	9.13213e-35	4.74931e-36	2.37446e-37	1.14201e-38	5.28715e-40	2.35772e-41	1.01331e-42	4.19969e-44	1.67943e-45	6.4834e-47	2.41749e-48	8.71089e-50	3.03461e-51	1.02255e-52	3.33435e-54	1.08471e-55	1.08471e-55	
1.42612e-05	4.91108e-06	1.56174e-06	4.58816e-07	1.24635e-07	3.13422e-08	7.30676e-09	1.58169e-09	3.18461e-10	5.97439e-11	1.04619e-11	1.71306e-12	2.62753e-13	3.78161e-14	5.11546e-15	6.51433e-16	7.82181e-17	8.86838e-18	9.50832e-19	9.65341e-20	9.29279e-21	8.49269e-22	7.37734e-23	6.0983e-24	4.80231e-25	3.60644e-26	2.58542e-27	1.77103e-28	1.16027e-29	7.27644e-31	4.37187e-32	2.51859e-33	1.39227e-34	7.39081e-36	3.77025e-37	1.84951e-38	8.73042e-40	3.9681e-41	1.73765e-42	7.33549e-44	2.98694e-45	1.17379e-46	4.45395e-48	1.63272e-49	5.78497e-51	1.98205e-52	6.56975e-54	2.10768e-55	6.74379e-57	6.74379e-57	
2.87874e-06	9.47519e-07	2.88312e-07	8.11474e-08	2.11461e-08	5.10811e-09	1.14547e-09	2.38829e-10	4.63754e-11	8.40094e-12	1.42219e-12	2.25384e-13	3.34934e-14	4.675e-15	6.13891e-16	7.59559e-17	8.86838e-18	9.78514e-19	1.02172e-19	1.01091e-20	9.48991e-22	8.46278e-23	7.17746e-24	5.79588e-25	4.4609e-26	3.27585e-27	2.29747e-28	1.5403e-29	9.88056e-31	6.06947e-32	3.57331e-33	2.01783e-34	1.09376e-35	5.69505e-37	2.85046e-38	1.37235e-39	6.35961e-41	2.83842e-42	1.22086e-43	5.0634e-45	2.02605e-46	7.8256e-48	2.91924e-49	1.05225e-50	3.66669e-52	1.23575e-53	4.02984e-55	1.27215e-56	4.00406e-58	4.00406e-58	
5.36448e-07	1.69174e-07	4.93691e-08	1.33411e-08	3.3418e-09	7.76907e-10	1.67872e-10	3.37664e-11	6.33277e-12	1.10925e-12	1.81769e-13	2.7912e-14	4.02302e-15	5.45128e-16	6.95516e-17	8.3682e-18	9.50832e-19	1.02172e-19	1.03967e-20	1.00313e-21	9.18867e-23	8.00016e-24	6.62806e-25	5.23104e-26	3.9369e-27	2.82826e-28	1.94132e-29	1.27433e-30	8.00679e-32	4.81935e-33	2.78114e-34	1.53992e-35	8.18714e-37	4.18252e-38	2.05453e-39	9.71042e-41	4.41867e-42	1.93703e-43	8.18516e-45	3.33585e-46	1.31193e-47	4.98159e-49	1.82724e-50	6.47743e-52	2.22021e-53	7.36152e-55	2.36216e-56	7.33864e-58	2.27253e-59	2.27253e-59	
9.26125e-08	2.80439e-08	7.86504e-09	2.04459e-09	4.93197e-10	1.10536e-10	2.30507e-11	4.4795e-12	8.12522e-13	1.37788e-13	2.18809e-14	3.25917e-15	4.56063e-16	6.00475e-17	7.45031e-18	8.72366e-19	9.65341e-20	1.01091e-20	1.00313e-21	9.44411e-23	8.44596e-24	7.18323e-25	5.8164e-26	4.48862e-27	3.30472e-28	2.3235e-29	1.5615e-30	1.00397e-31	6.18085e-33	3.64657e-34	2.06334e-35	1.12056e-36	5.84509e-38	2.93052e-39	1.41314e-40	6.55834e-42	2.93115e-43	1.26235e-44	5.2416e-46	2.09959e-47	8.11745e-49	3.03071e-50	1.09326e-51	3.81208e-53	1.28547e-54	4.19387e-56	1.32437e-57	4.04978e-59	1.23401e-60	1.23401e-60	
1.48602e-08	4.32912e-09	1.16898e-09	2.92848e-10	6.81391e-11	1.4745e-11	2.97179e-12	5.58704e-13	9.81348e-14	1.61301e-14	2.48498e-15	3.59389e-16	4.88697e-17	6.25758e-18	7.55621e-19	8.61691e-20	9.29279e-21	9.48991e-22	9.18867e-23	8.44596e-24	7.37836e-25	6.13302e-26	4.85581e-27	3.66581e-28	2.64137e-29	1.81825e-30	1.19684e-31	7.53984e-33	4.54977e-34	2.6319e-35	1.46062e-36	7.78246e-38	3.98396e-39	1.96078e-40	9.28421e-42	4.23192e-43	1.85811e-44	7.86321e-46	3.20899e-47	1.26361e-48	4.80354e-50	1.76373e-51	6.25799e-53	2.14672e-54	7.12281e-56	2.28692e-57	7.10814e-59	2.13972e-60	6.41648e-62	6.41648e-62	
2.22266e-09	6.24034e-10	1.62513e-10	3.9295e-11	8.83244e-12	1.848e-12	3.60444e-13	6.56373e-14	1.11769e-14	1.78253e-15	2.66674e-16	3.74821e-17	4.95712e-18	6.17789e-19	7.26575e-20	8.07522e-21	8.49269e-22	8.46278e-23	8.00016e-24	7.18323e-25	6.13302e-26	4.98471e-27	3.86078e-28	2.85244e-29	2.01228e-30	1.35673e-31	8.75023e-33	5.40302e-34	3.19671e-35	1.81368e-36	9.87505e-38	5.1636e-39	2.59481e-40	1.25397e-41	5.83154e-43	2.61131e-44	1.12661e-45	4.68578e-47	1.87984e-48	7.27816e-50	2.72088e-51	9.82653e-53	3.43005e-54	1.15774e-55	3.78031e-57	1.19463e-58	3.65522e-60	1.0833e-61	3.19743e-63	3.19743e-63	
3.10726e-10	8.42093e-11	2.11819e-11	4.95058e-12	1.07641e-12	2.18035e-13	4.12045e-14	7.27605e-15	1.20241e-15	1.8625e-16	2.70828e-17	3.70263e-18	4.76644e-19	5.78594e-20	6.63225e-21	7.18863e-22	7.37734e-23	7.17746e-24	6.62806e-25	5.8164e-26	4.85581e-27	3.86078e-28	2.92646e-29	2.11687e-30	1.46266e-31	9.66245e-33	6.10805e-34	3.6979e-35	2.14583e-36	1.19442e-37	6.38212e-39	3.27589e-40	1.61639e-41	7.6719e-43	3.5049e-44	1.54216e-45	6.53911e-47	2.67356e-48	1.05458e-49	4.0153e-51	1.47646e-52	5.24571e-54	1.80165e-55	5.98437e-57	1.92326e-58	5.98292e-60	1.80228e-61	5.25951e-63	1.52816e-64	1.52816e-64	
4.07017e-11	1.06626e-11	2.59412e-12	5.868e-13	1.23574e-13	2.42612e-14	4.44727e-15	7.62309e-16	1.22376e-16	1.84272e-17	2.60665e-18	3.46913e-19	4.35016e-20	5.14704e-21	5.75409e-22	6.08612e-23	6.0983e-24	5.79588e-25	5.23104e-26	4.48862e-27	3.66581e-28	2.85244e-29	2.11687e-30	1.49977e-31	1.01534e-32	6.57417e-34	4.07463e-35	2.41942e-36	1.37737e-37	7.52386e-39	3.94634e-40	1.98893e-41	9.63842e-43	4.49404e-44	2.01736e-45	8.72381e-47	3.63627e-48	1.46176e-49	5.67019e-51	2.12347e-52	7.68138e-54	2.68525e-55	9.07576e-57	2.96709e-58	9.38673e-60	2.87486e-61	8.52729e-63	2.45062e-64	7.0101e-66	7.0101e-66	
5.00687e-12	1.26955e-12	2.99119e-13	6.5565e-14	1.33881e-14	2.5504e-15	4.53933e-16	7.56016e-17	1.18003e-17	1.7288e-18	2.38088e-19	3.08686e-20	3.77318e-21	4.35428e-22	4.75045e-23	4.90603e-24	4.80231e-25	4.4609e-26	3.9369e-27	3.30472e-28	2.64137e-29	2.01228e-30	1.46266e-31	1.01534e-32	6.73726e-34	4.27705e-35	2.59992e-36	1.51454e-37	8.46148e-39	4.53711e-40	2.33663e-41	1.1566e-42	5.50604e-44	2.52256e-45	1.11289e-46	4.73079e-48	1.93878e-49	7.66436e-51	2.92419e-52	1.07731e-53	3.83434e-55	1.31906e-56	4.38793e-58	1.41211e-59	4.39821e-61	1.32636e-62	3.87432e-64	1.09662e-65	3.08873e-67	3.08873e-67	
5.79632e-13	1.42426e-13	3.25346e-14	6.91796e-15	1.37116e-15	2.53696e-16	4.38839e-17	7.10772e-18	1.07958e-18	1.54004e-19	2.0664e-20	2.61179e-21	3.11399e-22	3.50713e-23	3.73612e-24	3.7695e-25	3.60644e-26	3.27585e-27	2.82826e-28	2.3235e-29	1.81825e-30	1.35673e-31	9.66245e-33	6.57417e-34	4.27705e-35	2.66301e-36	1.58813e-37	9.07885e-39	4.97894e-40	2.62135e-41	1.32587e-42	6.44704e-44	3.01568e-45	1.35785e-46	5.88867e-48	2.46116e-49	9.9188e-51	3.85667e-52	1.44752e-53	5.24703e-55	1.83777e-56	6.2224e-58	2.03757e-59	6.45567e-61	1.97983e-62	5.87963e-64	1.69152e-65	4.71606e-67	1.30808e-68	1.30808e-68	
6.3273e-14	1.50827e-14	3.34394e-15	6.90454e-16	1.32962e-16	2.39157e-17	4.02404e-18	6.34351e-19	9.38314e-20	1.30429e-20	1.70626e-21	2.10375e-22	2.4481e-23	2.6924e-24	2.80218e-25	2.76344e-26	2.58542e-27	2.29747e-28	1.94132e-29	1.5615e-30	1.19684e-31	8.75023e-33	6.10805e-34	4.07463e-35	2.59992e-36	1.58813e-37	9.29442e-39	5.21563e-40	2.80846e-41	1.45217e-42	7.21541e-44	3.44736e-45	1.58479e-46	7.01438e-48	2.99086e-49	1.22925e-50	4.87262e-52	1.86378e-53	6.88273e-55	2.45512e-56	8.46333e-58	2.82075e-59	9.09361e-61	2.83689e-62	8.56771e-64	2.50597e-65	7.10139e-67	1.95047e-68	5.32807e-70	5.32807e-70	
6.52458e-15	1.51034e-15	3.2531e-16	6.52863e-17	1.2226e-17	2.13964e-18	3.50474e-19	5.38141e-20	7.75754e-21	1.05146e-21	1.34194e-22	1.615e-23	1.83532e-24	1.97212e-25	2.00633e-26	1.9349e-27	1.77103e-28	1.5403e-29	1.27433e-30	1.00397e-31	7.53984e-33	5.40302e-34	3.6979e-35	2.41942e-36	1.51454e-37	9.07885e-39	5.21563e-40	2.87373e-41	1.51974e-42	7.71942e-44	3.7687e-45	1.7696e-46	7.99674e-48	3.47991e-49	1.45913e-50	5.89848e-52	2.30007e-53	8.65613e-55	3.14565e-56	1.10436e-57	3.74743e-59	1.22962e-60	3.90318e-62	1.19911e-63	3.5667e-65	1.02758e-66	2.86863e-68	7.76259e-70	2.08864e-71	2.08864e-71	
6.3663e-16	1.43244e-16	3.00006e-17	5.85704e-18	1.0675e-18	1.81914e-19	2.90297e-20	4.34476e-21	6.10797e-22	8.07762e-23	1.00637e-23	1.18287e-24	1.31346e-25	1.37966e-26	1.37265e-27	1.29515e-28	1.16027e-29	9.88056e-31	8.00679e-32	6.18085e-33	4.54977e-34	3.19671e-35	2.14583e-36	1.37737e-37	8.46148e-39	4.97894e-40	2.80846e-41	1.51974e-42	7.89507e-44	3.94036e-45	1.89061e-46	8.72642e-48	3.87712e-49	1.65914e-50	6.84242e-52	2.72101e-53	1.04395e-54	3.86619e-56	1.38279e-57	4.7787e-59	1.59641e-60	5.15772e-62	1.61226e-63	4.87819e-65	1.42924e-66	4.05641e-68	1.11567e-69	2.97475e-71	7.88456e-73	7.88456e-73	
5.88721e-17	1.28865e-17	2.62654e-18	4.99232e-19	8.86245e-20	1.47168e-20	2.28957e-21	3.34232e-22	4.58517e-23	5.92e-24	7.20402e-25	8.27421e-26	8.98188e-27	9.22714e-28	8.98206e-29	8.29514e-30	7.27644e-31	6.06947e-32	4.81935e-33	3.64657e-34	2.6319e-35	1.81368e-36	1.19442e-37	7.52386e-39	4.53711e-40	2.62135e-41	1.45217e-42	7.71942e-44	3.94036e-45	1.93275e-46	9.11569e-48	4.13674e-49	1.80738e-50	7.60716e-52	3.0862e-53	1.20752e-54	4.5589e-56	1.66169e-57	5.85023e-59	1.99039e-60	6.54704e-62	2.08298e-63	6.41278e-65	1.9112e-66	5.51617e-68	1.54245e-69	4.18007e-71	1.0983e-72	2.8679e-74	2.8679e-74	
5.16728e-18	1.10121e-18	2.186e-19	4.04819e-20	7.00461e-21	1.13423e-21	1.72143e-22	2.45259e-23	3.28524e-24	4.14339e-25	4.92742e-26	5.53304e-27	5.87454e-28	5.90495e-29	5.62643e-30	5.08803e-31	4.37187e-32	3.57331e-33	2.78114e-34	2.06334e-35	1.46062e-36	9.87505e-38	6.38212e-39	3.94634e-40	2.33663e-41	1.32587e-42	7.21541e-44	3.7687e-45	1.89061e-46	9.11569e-48	4.22707e-49	1.88637e-50	8.10617e-52	3.35631e-53	1.33971e-54	5.15818e-56	1.91667e-57	6.87679e-59	2.38353e-60	7.98466e-62	2.58637e-63	8.10426e-65	2.45758e-66	7.21526e-68	2.05171e-69	5.65286e-71	1.50961e-72	3.90903e-74	1.0057e-75	1.0057e-75	
4.31068e-19	8.95076e-20	1.73173e-20	3.12671e-21	5.27681e-22	8.33725e-23	1.23517e-23	1.71853e-24	2.24891e-25	2.77213e-26	3.22334e-27	3.54038e-28	3.67813e-29	3.61908e-30	3.37677e-31	2.99127e-32	2.51859e-33	2.01783e-34	1.53992e-35	1.12056e-36	7.78246e-38	5.1636e-39	3.27589e-40	1.98893e-41	1.1566e-42	6.44704e-44	3.44736e-45	1.7696e-46	8.72642e-48	4.13674e-49	1.88637e-50	8.27964e-52	3.50005e-53	1.42583e-54	5.60055e-56	2.12227e-57	7.76249e-59	2.74188e-60	9.35734e-62	3.08684e-63	9.84757e-65	3.03938e-66	9.07953e-68	2.62627e-69	7.35837e-71	1.99781e-72	5.25794e-74	1.34191e-75	3.40188e-77	3.40188e-77	
3.42238e-20	6.92864e-21	1.30738e-21	2.30295e-22	3.79316e-23	5.85124e-24	8.4667e-25	1.151e-25	1.47228e-26	1.77461e-27	2.0185e-28	2.16954e-29	2.20647e-30	2.12606e-31	1.94327e-32	1.68689e-33	1.39227e-34	1.09376e-35	8.18714e-37	5.84509e-38	3.98396e-39	2.59481e-40	1.61639e-41	9.63842e-43	5.50604e-44	3.01568e-45	1.58479e-46	7.99674e-48	3.87712e-49	1.80738e-50	8.10617e-52	3.50005e-53	1.45574e-54	5.83568e-56	2.256e-57	8.41504e-59	3.03016e-60	1.05386e-61	3.54169e-63	1.15068e-64	3.61576e-66	1.09936e-67	3.23554e-69	9.22145e-71	2.54602e-72	6.81237e-74	1.76711e-75	4.44543e-77	1.11057e-78	1.11057e-78	
2.58906e-21	5.11385e-22	9.41688e-23	1.61932e-23	2.60456e-24	3.92482e-25	5.54985e-26	7.37561e-27	9.22632e-28	1.08796e-28	1.21106e-29	1.27434e-30	1.26925e-31	1.19811e-32	1.07317e-33	9.13213e-35	7.39081e-36	5.69505e-37	4.18252e-38	2.93052e-39	1.96078e-40	1.25397e-41	7.6719e-43	4.49404e-44	2.52256e-45	1.35785e-46	7.01438e-48	3.47991e-49	1.65914e-50	7.60716e-52	3.35631e-53	1.42583e-54	5.83568e-56	2.30241e-57	8.76149e-59	3.21739e-60	1.14073e-61	3.90681e-63	1.29309e-64	4.13812e-66	1.28095e-67	3.83707e-69	1.11272e-70	3.12505e-72	8.50319e-74	2.24244e-75	5.73359e-77	1.42186e-78	3.50074e-80	3.50074e-80	
1.86849e-22	3.60285e-23	6.47838e-24	1.08812e-24	1.71004e-25	2.5186e-26	3.48206e-27	4.52604e-28	5.53943e-29	6.39312e-30	6.96752e-31	7.18048e-32	7.00664e-33	6.48178e-34	5.69159e-35	4.74931e-36	3.77025e-37	2.85046e-38	2.05453e-39	1.41314e-40	9.28421e-42	5.83154e-43	3.5049e-44	2.01736e-45	1.11289e-46	5.88867e-48	2.99086e-49	1.45913e-50	6.84242e-52	3.0862e-53	1.33971e-54	5.60055e-56	2.256e-57	8.76149e-59	3.28232e-60	1.18679e-61	4.14359e-63	1.39764e-64	4.55654e-66	1.43645e-67	4.38074e-69	1.29297e-70	3.69482e-72	1.02265e-73	2.74255e-75	7.12907e-77	1.79687e-78	4.39298e-80	1.06604e-81	1.06604e-81	
1.28781e-23	2.42551e-24	4.26111e-25	6.99447e-26	1.07456e-26	1.54763e-27	2.09299e-28	2.66204e-29	3.18908e-30	3.60379e-31	3.84689e-32	3.88425e-33	3.71465e-34	3.36889e-35	2.90092e-36	2.37446e-37	1.84951e-38	1.37235e-39	9.71042e-41	6.55834e-42	4.23192e-43	2.61131e-44	1.54216e-45	8.72381e-47	4.73079e-48	2.46116e-49	1.22925e-50	5.89848e-52	2.72101e-53	1.20752e-54	5.15818e-56	2.12227e-57	8.41504e-59	3.21739e-60	1.18679e-61	4.22564e-63	1.45302e-64	4.82751e-66	1.5504e-67	4.81532e-69	1.44696e-70	4.20842e-72	1.18518e-73	3.23309e-75	8.54643e-77	2.18998e-78	5.44174e-80	1.31167e-81	3.13748e-83	3.13748e-83	
8.48547e-25	1.5619e-25	2.68224e-26	4.30495e-27	6.46848e-28	9.11436e-29	1.20627e-29	1.50191e-30	1.76189e-31	1.95026e-32	2.03982e-33	2.01868e-34	1.8927e-35	1.68337e-36	1.42192e-37	1.14201e-38	8.73042e-40	6.35961e-41	4.41867e-42	2.93115e-43	1.85811e-44	1.12661e-45	6.53911e-47	3.63627e-48	1.93878e-49	9.9188e-51	4.87262e-52	2.30007e-53	1.04395e-54	4.5589e-56	1.91667e-57	7.76249e-59	3.03016e-60	1.14073e-61	4.14359e-63	1.45302e-64	4.92134e-66	1.6107e-67	5.09638e-69	1.55962e-70	4.61816e-72	1.3237e-73	3.67413e-75	9.87936e-77	2.57438e-78	6.5034e-80	1.59325e-81	3.78659e-83	8.92852e-85	8.92852e-85	
5.35042e-26	9.62959e-27	1.61731e-27	2.53925e-28	3.73335e-29	5.14874e-30	6.67149e-31	8.13484e-32	9.34848e-33	1.01399e-33	1.03954e-34	1.00865e-35	9.27481e-37	8.09218e-38	6.70718e-39	5.28715e-40	3.9681e-41	2.83842e-42	1.93703e-43	1.26235e-44	7.86321e-46	4.68578e-47	2.67356e-48	1.46176e-49	7.66436e-51	3.85667e-52	1.86378e-53	8.65613e-55	3.86619e-56	1.66169e-57	6.87679e-59	2.74188e-60	1.05386e-61	3.90681e-63	1.39764e-64	4.82751e-66	1.6107e-67	5.19364e-69	1.61918e-70	4.8828e-72	1.42488e-73	4.02532e-75	1.1013e-76	2.91913e-78	7.4991e-80	1.86776e-81	4.51172e-83	1.05734e-84	2.45784e-86	2.45784e-86	
3.23142e-27	5.68935e-28	9.34942e-29	1.4366e-29	2.06764e-30	2.79215e-31	3.54354e-32	4.23312e-33	4.76725e-34	5.0687e-35	5.09513e-36	4.84872e-37	4.37394e-38	3.74479e-39	3.04652e-40	2.35772e-41	1.73765e-42	1.22086e-43	8.18516e-45	5.2416e-46	3.20899e-47	1.87984e-48	1.05458e-49	5.67019e-51	2.92419e-52	1.44752e-53	6.88273e-55	3.14565e-56	1.38279e-57	5.85023e-59	2.38353e-60	9.35734e-62	3.54169e-63	1.29309e-64	4.55654e-66	1.5504e-67	5.09638e-69	1.61918e-70	4.97432e-72	1.47832e-73	4.25185e-75	1.18396e-76	3.19314e-78	8.34409e-80	2.11338e-81	5.19001e-83	1.23622e-84	2.85698e-86	6.54758e-88	6.54758e-88	
1.87102e-28	3.22397e-29	5.18608e-30	7.80212e-31	1.0997e-31	1.45469e-32	1.80889e-33	2.11783e-34	2.33812e-35	2.43769e-36	2.40342e-37	2.24391e-38	1.98639e-39	1.66931e-40	1.33331e-41	1.01331e-42	7.33549e-44	5.0634e-45	3.33585e-46	2.09959e-47	1.26361e-48	7.27816e-50	4.0153e-51	2.12347e-52	1.07731e-53	5.24703e-55	2.45512e-56	1.10436e-57	4.7787e-59	1.99039e-60	7.98466e-62	3.08684e-63	1.15068e-64	4.13812e-66	1.43645e-67	4.81532e-69	1.55962e-70	4.8828e-72	1.47832e-73	4.33015e-75	1.22758e-76	3.36967e-78	8.95936e-80	2.30825e-81	5.76446e-83	1.39591e-84	3.27884e-86	7.47301e-88	1.68863e-89	1.68863e-89	
1.03946e-29	1.75367e-30	2.7625e-31	4.07071e-32	5.62115e-33	7.28642e-34	8.88086e-35	1.01939e-35	1.10365e-36	1.12866e-37	1.0918e-38	1.00035e-39	8.69246e-41	7.17217e-42	5.62575e-43	4.19969e-44	2.98694e-45	2.02605e-46	1.31193e-47	8.11745e-49	4.80354e-50	2.72088e-51	1.47646e-52	7.68138e-54	3.83434e-55	1.83777e-56	8.46333e-58	3.74743e-59	1.59641e-60	6.54704e-62	2.58637e-63	9.84757e-65	3.61576e-66	1.28095e-67	4.38074e-69	1.44696e-70	4.61816e-72	1.42488e-73	4.25185e-75	1.22758e-76	3.43064e-78	9.28371e-80	2.43364e-81	6.18212e-83	1.52237e-84	3.63542e-86	8.42138e-88	1.893e-89	4.21775e-91	4.21775e-91	
5.5454e-31	9.16371e-32	1.41417e-32	2.04188e-33	2.76335e-34	3.51134e-35	4.19626e-36	4.72386e-37	5.01694e-38	5.03413e-39	4.77924e-40	4.29854e-41	3.66747e-42	2.97181e-43	2.28977e-44	1.67943e-45	1.17379e-46	7.8256e-48	4.98159e-49	3.03071e-50	1.76373e-51	9.82653e-53	5.24571e-54	2.68525e-55	1.31906e-56	6.2224e-58	2.82075e-59	1.22962e-60	5.15772e-62	2.08298e-63	8.10426e-65	3.03938e-66	1.09936e-67	3.83707e-69	1.29297e-70	4.20842e-72	1.3237e-73	4.02532e-75	1.18396e-76	3.36967e-78	9.28371e-80	2.47692e-81	6.4021e-83	1.60366e-84	3.89431e-86	9.17126e-88	2.09531e-89	4.64548e-91	1.02066e-92	1.02066e-92	
2.84306e-32	4.60349e-33	6.9623e-34	9.85364e-35	1.30739e-35	1.62906e-36	1.90949e-37	2.10881e-38	2.19767e-39	2.16435e-40	2.01715e-41	1.78144e-42	1.49272e-43	1.1882e-44	8.99505e-46	6.4834e-47	4.45395e-48	2.91924e-49	1.82724e-50	1.09326e-51	6.25799e-53	3.43005e-54	1.80165e-55	9.07576e-57	4.38793e-58	2.03757e-59	9.09361e-61	3.90318e-62	1.61226e-63	6.41278e-65	2.45758e-66	9.07953e-68	3.23554e-69	1.11272e-70	3.69482e-72	1.18518e-73	3.67413e-75	1.1013e-76	3.19314e-78	8.95936e-80	2.43364e-81	6.4021e-83	1.6317e-84	4.03056e-86	9.6527e-88	2.24201e-89	5.05211e-91	1.10483e-92	2.39378e-94	2.39378e-94	
1.40179e-33	2.22487e-34	3.29881e-35	4.57789e-36	5.95692e-37	7.28093e-38	8.37316e-39	9.07455e-40	9.28235e-41	8.97476e-42	8.21343e-43	7.12425e-44	5.86432e-45	4.58654e-46	3.41225e-47	2.41749e-48	1.63272e-49	1.05225e-50	6.47743e-52	3.81208e-53	2.14672e-54	1.15774e-55	5.98437e-57	2.96709e-58	1.41211e-59	6.45567e-61	2.83689e-62	1.19911e-63	4.87819e-65	1.9112e-66	7.21526e-68	2.62627e-69	9.22145e-71	3.12505e-72	1.02265e-73	3.23309e-75	9.87936e-77	2.91913e-78	8.34409e-80	2.30825e-81	6.18212e-83	1.60366e-84	4.03056e-86	9.8187e-88	2.31915e-89	5.31291e-91	1.18088e-92	2.54736e-94	5.44311e-96	5.44311e-96	
6.65168e-35	1.03519e-35	1.50524e-36	2.04888e-37	2.61551e-38	3.13681e-39	3.54031e-40	3.76631e-41	3.78247e-42	3.59133e-43	3.22818e-44	2.75081e-45	2.2249e-46	1.71014e-47	1.25062e-48	8.71089e-50	5.78497e-51	3.66669e-52	2.22021e-53	1.28547e-54	7.12281e-56	3.78031e-57	1.92326e-58	9.38673e-60	4.39821e-61	1.97983e-62	8.56771e-64	3.5667e-65	1.42924e-66	5.51617e-68	2.05171e-69	7.35837e-71	2.54602e-72	8.50319e-74	2.74255e-75	8.54643e-77	2.57438e-78	7.4991e-80	2.11338e-81	5.76446e-83	1.52237e-84	3.89431e-86	9.6527e-88	2.31915e-89	5.40278e-91	1.22085e-92	2.67669e-94	5.69594e-96	1.20035e-97	1.20035e-97	
3.03961e-36	4.63998e-37	6.61866e-38	8.83935e-39	1.10732e-39	1.30346e-40	1.44419e-41	1.50853e-42	1.48783e-43	1.38757e-44	1.22537e-45	1.02602e-46	8.15598e-48	6.16235e-49	4.43061e-50	3.03461e-51	1.98205e-52	1.23575e-53	7.36152e-55	4.19387e-56	2.28692e-57	1.19463e-58	5.98292e-60	2.87486e-61	1.32636e-62	5.87963e-64	2.50597e-65	1.02758e-66	4.05641e-68	1.54245e-69	5.65286e-71	1.99781e-72	6.81237e-74	2.24244e-75	7.12907e-77	2.18998e-78	6.5034e-80	1.86776e-81	5.19001e-83	1.39591e-84	3.63542e-86	9.17126e-88	2.24201e-89	5.31291e-91	1.22085e-92	2.72124e-94	5.88555e-96	1.23554e-97	2.56809e-99	2.56809e-99	
1.33852e-37	2.00476e-38	2.80619e-39	3.67819e-40	4.52297e-41	5.22707e-42	5.68689e-43	5.8341e-44	5.65225e-45	5.17907e-46	4.49436e-47	3.69866e-48	2.89018e-49	2.147e-50	1.51796e-51	1.02255e-52	6.56975e-54	4.02984e-55	2.36216e-56	1.32437e-57	7.10814e-59	3.65522e-60	1.80228e-61	8.52729e-63	3.87432e-64	1.69152e-65	7.10139e-67	2.86863e-68	1.11567e-69	4.18007e-71	1.50961e-72	5.25794e-74	1.76711e-75	5.73359e-77	1.79687e-78	5.44174e-80	1.59325e-81	4.51172e-83	1.23622e-84	3.27884e-86	8.42138e-88	2.09531e-89	5.05211e-91	1.18088e-92	2.67669e-94	5.88555e-96	1.25577e-97	2.60078e-99	5.33193e-101	5.33193e-101	
5.68382e-39	8.35503e-40	1.14796e-40	1.47716e-41	1.78349e-42	2.0241e-43	2.16295e-44	2.17982e-45	2.075e-46	1.86842e-47	1.59365e-48	1.28927e-49	9.90551e-51	7.23613e-52	5.03185e-53	3.33435e-54	2.10768e-55	1.27215e-56	7.33864e-58	4.04978e-59	2.13972e-60	1.0833e-61	5.25951e-63	2.45062e-64	1.09662e-65	4.71606e-67	1.95047e-68	7.76259e-70	2.97475e-71	1.0983e-72	3.90903e-74	1.34191e-75	4.44543e-77	1.42186e-78	4.39298e-80	1.31167e-81	3.78659e-83	1.05734e-84	2.85698e-86	7.47301e-88	1.893e-89	4.64548e-91	1.10483e-92	2.54736e-94	5.69594e-96	1.23554e-97	2.60078e-99	5.31419e-101	1.07464e-102	1.07464e-102	
2.4204e-40	3.49052e-41	4.70567e-42	5.94216e-43	7.04173e-44	7.84524e-45	8.23125e-46	8.14632e-47	7.61659e-48	6.73748e-49	5.64643e-50	4.48913e-51	3.39004e-52	2.43456e-53	1.66456e-54	1.08471e-55	6.74379e-57	4.00406e-58	2.27253e-59	1.23401e-60	6.41648e-62	3.19743e-63	1.52816e-64	7.0101e-66	3.08873e-67	1.30808e-68	5.32807e-70	2.08864e-71	7.88456e-73	2.8679e-74	1.0057e-75	3.40188e-77	1.11057e-78	3.50074e-80	1.06604e-81	3.13748e-83	8.92852e-85	2.45784e-86	6.54758e-88	1.68863e-89	4.21775e-91	1.02066e-92	2.39378e-94	5.44311e-96	1.20035e-97	2.56809e-99	5.33193e-101	1.07464e-102	2.1431e-104	2.1431e-104	
2.4204e-40	3.49052e-41	4.70567e-42	5.94216e-43	7.04173e-44	7.84524e-45	8.23125e-46	8.14632e-47	7.61659e-48	6.73748e-49	5.64643e-50	4.48913e-51	3.39004e-52	2.43456e-53	1.66456e-54	1.08471e-55	6.74379e-57	4.00406e-58	2.27253e-59	1.23401e-60	6.41648e-62	3.19743e-63	1.52816e-64	7.0101e-66	3.08873e-67	1.30808e-68	5.32807e-70	2.08864e-71	7.88456e-73	2.8679e-74	1.0057e-75	3.40188e-77	1.11057e-78	3.50074e-80	1.06604e-81	3.13748e-83	8.92852e-85	2.45784e-86	6.54758e-88	1.68863e-89	4.21775e-91	1.02066e-92	2.39378e-94	5.44311e-96	1.20035e-97	2.56809e-99	5.33193e-101	1.07464e-102	2.1431e-104	2.1431e-104	
