1.09823	1.09823	-0.722036	-0.203536	-1.24234	-0.786348	
1.09823	1.09823	-0.722036	-0.203536	-1.24234	-0.786348	
-0.722036	-0.722036	1.9305	0.660965	1.56737	-0.159137	
-0.203536	-0.203536	0.660965	-0.497377	0.1117	-0.144685	
-1.24234	-1.24234	1.56737	0.1117	1.30745	-0.326834	
-0.786348	-0.786348	-0.159137	-0.144685	-0.326834	-1.4053	
