0.436382	0.350886	0.20832	0.0314416	-0.15272	-0.320426	-0.46814	-0.573121	-0.621253	-0.628405	-0.601325	-0.535835	-0.449697	-0.353541	-0.255573	-0.157625	-0.0724368	-0.000471616	0.0692723	0.124007	0.166258	0.196836	0.215927	0.215499	0.195514	0.155449	0.100811	0.0310107	-0.0313947	-0.0816675	-0.125912	-0.166347	-0.198919	-0.20804	-0.20436	-0.182748	-0.142237	-0.0960883	-0.0538854	-0.0193738	0.0197907	0.0582926	0.0756449	0.0684598	0.0396491	0.00502915	-0.0313332	-0.0667827	-0.0928606	-0.0928606	
0.350886	0.269506	0.135916	-0.0208675	-0.182204	-0.323633	-0.443605	-0.528085	-0.570542	-0.570399	-0.538863	-0.485594	-0.406898	-0.313836	-0.215278	-0.122258	-0.0395242	0.0262644	0.0936145	0.152233	0.204702	0.252725	0.294303	0.315103	0.318901	0.300044	0.262625	0.214298	0.157237	0.094597	0.0162965	-0.0633726	-0.135655	-0.187777	-0.225867	-0.243318	-0.226505	-0.190393	-0.149613	-0.111878	-0.0713415	-0.034479	-0.0145168	-0.0118674	-0.0312483	-0.0645317	-0.108807	-0.160534	-0.196205	-0.196205	
0.20832	0.135916	0.0249218	-0.109208	-0.245217	-0.356372	-0.440456	-0.503812	-0.531195	-0.517851	-0.480949	-0.435709	-0.36345	-0.274458	-0.180052	-0.0872128	-0.00791452	0.0520446	0.107167	0.162797	0.219083	0.280001	0.337275	0.383332	0.411672	0.417208	0.407534	0.382251	0.3343	0.260343	0.156096	0.0468901	-0.0540268	-0.143683	-0.219421	-0.272826	-0.283152	-0.26609	-0.236231	-0.1998	-0.162732	-0.131763	-0.113517	-0.101707	-0.10421	-0.125965	-0.166198	-0.21455	-0.249508	-0.249508	
0.0314416	-0.0208675	-0.109208	-0.220425	-0.324696	-0.404287	-0.45723	-0.496876	-0.510653	-0.490234	-0.45397	-0.404161	-0.331743	-0.245506	-0.151823	-0.0605262	0.0158442	0.0707681	0.117047	0.167688	0.222568	0.284537	0.348392	0.407147	0.456009	0.488379	0.508767	0.510705	0.472718	0.393449	0.276824	0.148472	0.0236162	-0.0987681	-0.207424	-0.28858	-0.322503	-0.324218	-0.307497	-0.272573	-0.235942	-0.209879	-0.190421	-0.171331	-0.15769	-0.159638	-0.178253	-0.199682	-0.217702	-0.217702	
-0.15272	-0.182204	-0.245217	-0.324696	-0.398997	-0.45625	-0.488465	-0.510964	-0.516034	-0.496053	-0.459457	-0.398246	-0.323135	-0.236113	-0.147048	-0.0590616	0.0160186	0.0663705	0.109397	0.151559	0.196615	0.253154	0.317606	0.387884	0.453985	0.517605	0.566964	0.586852	0.559039	0.479269	0.365955	0.232075	0.094693	-0.0497008	-0.18252	-0.283081	-0.342357	-0.364211	-0.358668	-0.324575	-0.281198	-0.248721	-0.220651	-0.191326	-0.165954	-0.147688	-0.135341	-0.121876	-0.116124	-0.116124	
-0.320426	-0.323633	-0.356372	-0.404287	-0.45625	-0.497657	-0.516455	-0.529773	-0.537632	-0.532156	-0.50067	-0.431341	-0.350023	-0.260729	-0.170864	-0.0892383	-0.0231318	0.0242694	0.063239	0.0954127	0.131986	0.187351	0.252989	0.330951	0.414104	0.501608	0.571216	0.604212	0.584772	0.514876	0.41645	0.290736	0.154375	0.00485395	-0.133673	-0.245512	-0.325124	-0.366693	-0.372769	-0.342018	-0.297532	-0.255519	-0.213402	-0.16772	-0.123386	-0.0770763	-0.026031	0.0219802	0.0511559	0.0511559	
-0.46814	-0.443605	-0.440456	-0.45723	-0.488465	-0.516455	-0.534202	-0.552414	-0.574966	-0.58421	-0.565384	-0.502695	-0.424089	-0.333905	-0.246054	-0.169251	-0.105237	-0.055863	-0.0193318	0.00774535	0.0381986	0.090085	0.156954	0.237171	0.335269	0.435698	0.517807	0.560593	0.55377	0.503784	0.426524	0.322218	0.197964	0.0606678	-0.0662032	-0.179226	-0.270638	-0.326916	-0.344628	-0.320707	-0.282095	-0.231391	-0.167262	-0.0971363	-0.0179132	0.0643371	0.147599	0.223668	0.266481	0.266481	
-0.573121	-0.528085	-0.503812	-0.496876	-0.510964	-0.529773	-0.552414	-0.581852	-0.614817	-0.645347	-0.652788	-0.614567	-0.548605	-0.462133	-0.374294	-0.29428	-0.223514	-0.16906	-0.131082	-0.104527	-0.0754989	-0.0295076	0.0340826	0.117926	0.221376	0.323167	0.408391	0.462644	0.47427	0.452618	0.404836	0.325569	0.222929	0.106102	-0.000770672	-0.100413	-0.192618	-0.253691	-0.275079	-0.261496	-0.223057	-0.159231	-0.0712711	0.0368382	0.152727	0.265747	0.36613	0.447487	0.499028	0.499028	
-0.621253	-0.570542	-0.531195	-0.510653	-0.516034	-0.537632	-0.574966	-0.614817	-0.664259	-0.721537	-0.760892	-0.754339	-0.706061	-0.629957	-0.539941	-0.444541	-0.358363	-0.296016	-0.248823	-0.217722	-0.191014	-0.155146	-0.0962358	-0.0120192	0.0861576	0.177422	0.258371	0.320929	0.355489	0.366252	0.35032	0.30498	0.226301	0.138075	0.0590544	-0.0193262	-0.0956781	-0.154278	-0.177508	-0.169068	-0.127226	-0.0470902	0.0667319	0.207876	0.358422	0.492581	0.594485	0.677992	0.735208	0.735208	
-0.628405	-0.570399	-0.517851	-0.490234	-0.496053	-0.532156	-0.58421	-0.645347	-0.721537	-0.806575	-0.867611	-0.885378	-0.860066	-0.802165	-0.710111	-0.60063	-0.498584	-0.416501	-0.350359	-0.306477	-0.284238	-0.260408	-0.213467	-0.138506	-0.0553028	0.0242016	0.10204	0.175196	0.231692	0.269313	0.283012	0.266201	0.218406	0.159441	0.111685	0.0595155	0.00249094	-0.0479353	-0.0746749	-0.065113	-0.0159371	0.0817396	0.215978	0.378369	0.552599	0.698045	0.800758	0.88791	0.953369	0.953369	
-0.601325	-0.538863	-0.480949	-0.45397	-0.459457	-0.50067	-0.565384	-0.652788	-0.760892	-0.867611	-0.944723	-0.981003	-0.978939	-0.935171	-0.845136	-0.732624	-0.623	-0.520792	-0.434901	-0.381449	-0.354703	-0.334983	-0.298126	-0.237347	-0.16905	-0.0971631	-0.0167577	0.0679658	0.142092	0.19973	0.235198	0.242245	0.22204	0.187134	0.154438	0.118817	0.0727023	0.0296826	0.0102398	0.0261041	0.0905503	0.201848	0.344356	0.512045	0.690175	0.841419	0.948123	1.04054	1.11094	1.11094	
-0.535835	-0.485594	-0.435709	-0.404161	-0.398246	-0.431341	-0.502695	-0.614567	-0.754339	-0.885378	-0.981003	-1.03456	-1.04794	-1.01275	-0.933895	-0.82891	-0.709187	-0.586908	-0.484057	-0.419356	-0.382208	-0.362773	-0.33935	-0.296723	-0.242179	-0.169921	-0.0829441	0.0114329	0.10053	0.166584	0.216202	0.245147	0.246363	0.228628	0.199193	0.163417	0.121371	0.0861289	0.0772389	0.103508	0.175559	0.288834	0.425106	0.579031	0.743334	0.891115	0.99991	1.08713	1.15054	1.15054	
-0.449697	-0.406898	-0.36345	-0.331743	-0.323135	-0.350023	-0.424089	-0.548605	-0.706061	-0.860066	-0.978939	-1.04794	-1.06914	-1.04753	-0.977734	-0.871655	-0.739288	-0.601383	-0.49007	-0.415211	-0.365796	-0.342421	-0.326103	-0.29619	-0.249647	-0.180482	-0.0932794	0.00656165	0.0987673	0.169985	0.228569	0.270531	0.287549	0.273677	0.239797	0.200231	0.162163	0.140245	0.144261	0.173717	0.235644	0.329131	0.438395	0.559242	0.694696	0.828569	0.930457	1.00406	1.04805	1.04805	
-0.353541	-0.313836	-0.274458	-0.245506	-0.236113	-0.260729	-0.333905	-0.462133	-0.629957	-0.802165	-0.935171	-1.01275	-1.04753	-1.03544	-0.964619	-0.847543	-0.702986	-0.555921	-0.438591	-0.355042	-0.298499	-0.270363	-0.253086	-0.231048	-0.191782	-0.137082	-0.0596723	0.0328069	0.120567	0.192182	0.254591	0.304207	0.324006	0.311697	0.272971	0.232734	0.201991	0.189545	0.198757	0.22178	0.261402	0.323522	0.395813	0.474534	0.569374	0.669007	0.746771	0.789873	0.809298	0.809298	
-0.255573	-0.215278	-0.180052	-0.151823	-0.147048	-0.170864	-0.246054	-0.374294	-0.539941	-0.710111	-0.845136	-0.933895	-0.977734	-0.964619	-0.881617	-0.75575	-0.609474	-0.46564	-0.348556	-0.263304	-0.203461	-0.166727	-0.13912	-0.116977	-0.0878976	-0.0484306	0.0112902	0.0892349	0.165688	0.23418	0.288622	0.331135	0.346094	0.330419	0.29793	0.267095	0.245644	0.237127	0.241083	0.24484	0.257109	0.277823	0.304273	0.337488	0.379398	0.43362	0.473054	0.4863	0.486174	0.486174	
-0.157625	-0.122258	-0.0872128	-0.0605262	-0.0590616	-0.0892383	-0.169251	-0.29428	-0.444541	-0.60063	-0.732624	-0.82891	-0.871655	-0.847543	-0.75575	-0.627888	-0.488287	-0.352596	-0.240303	-0.157559	-0.0965507	-0.0492503	-0.0151322	0.00702052	0.0318745	0.0616995	0.106814	0.169809	0.234646	0.291319	0.331509	0.358714	0.366181	0.357002	0.339808	0.322816	0.308791	0.291982	0.276603	0.25782	0.234802	0.212809	0.190829	0.168127	0.15176	0.145421	0.138232	0.124486	0.109761	0.109761	
-0.0724368	-0.0395242	-0.00791452	0.0158442	0.0160186	-0.0231318	-0.105237	-0.223514	-0.358363	-0.498584	-0.623	-0.709187	-0.739288	-0.702986	-0.609474	-0.488287	-0.361016	-0.243178	-0.143288	-0.0616959	0.00498847	0.061848	0.0997966	0.125536	0.153065	0.180855	0.216508	0.266334	0.318495	0.361936	0.386757	0.400277	0.40794	0.407593	0.407933	0.402396	0.386402	0.359337	0.321504	0.276836	0.219348	0.153256	0.0803024	-0.00292008	-0.0864708	-0.158267	-0.212274	-0.254403	-0.280716	-0.280716	
-0.000471616	0.0262644	0.0520446	0.0707681	0.0663705	0.0242694	-0.055863	-0.16906	-0.296016	-0.416501	-0.520792	-0.586908	-0.601383	-0.555921	-0.46564	-0.352596	-0.243178	-0.151864	-0.0709271	0.00555241	0.077339	0.141599	0.190528	0.234432	0.27441	0.31008	0.341501	0.376389	0.411007	0.43767	0.451199	0.458504	0.471919	0.481843	0.493879	0.494775	0.477047	0.443771	0.391394	0.319109	0.225963	0.115941	-0.00853949	-0.152568	-0.302606	-0.430906	-0.527184	-0.593693	-0.634486	-0.634486	
0.0692723	0.0936145	0.107167	0.117047	0.109397	0.063239	-0.0193318	-0.131082	-0.248823	-0.350359	-0.434901	-0.484057	-0.49007	-0.438591	-0.348556	-0.240303	-0.143288	-0.0709271	-0.00679587	0.0568502	0.121558	0.190177	0.25412	0.317776	0.374674	0.424953	0.456583	0.478172	0.495364	0.50421	0.516531	0.528503	0.552361	0.575393	0.597188	0.603186	0.591281	0.562228	0.499873	0.405314	0.275918	0.124247	-0.0491774	-0.251892	-0.461581	-0.642081	-0.777788	-0.875094	-0.933124	-0.933124	
0.124007	0.152233	0.162797	0.167688	0.151559	0.0954127	0.00774535	-0.104527	-0.217722	-0.306477	-0.381449	-0.419356	-0.415211	-0.355042	-0.263304	-0.157559	-0.0616959	0.00555241	0.0568502	0.103939	0.160814	0.232918	0.306798	0.381084	0.449618	0.511717	0.551571	0.567718	0.573302	0.577667	0.594677	0.616147	0.653283	0.685328	0.71152	0.72465	0.720102	0.696482	0.628913	0.516259	0.358466	0.171562	-0.0441493	-0.293765	-0.546804	-0.76885	-0.940712	-1.06368	-1.13782	-1.13782	
0.166258	0.204702	0.219083	0.222568	0.196615	0.131986	0.0381986	-0.0754989	-0.191014	-0.284238	-0.354703	-0.382208	-0.365796	-0.298499	-0.203461	-0.0965507	0.00498847	0.077339	0.121558	0.160814	0.215088	0.283525	0.354408	0.42384	0.496585	0.571997	0.625754	0.652135	0.662037	0.670912	0.692354	0.722347	0.767992	0.806312	0.83827	0.858433	0.858184	0.831598	0.754498	0.626284	0.451241	0.237594	-0.00790647	-0.28009	-0.558412	-0.806714	-1.0046	-1.14947	-1.23007	-1.23007	
0.196836	0.252725	0.280001	0.284537	0.253154	0.187351	0.090085	-0.0295076	-0.155146	-0.260408	-0.334983	-0.362773	-0.342421	-0.270363	-0.166727	-0.0492503	0.061848	0.141599	0.190177	0.232918	0.283525	0.340207	0.396612	0.454172	0.52861	0.611786	0.681378	0.72918	0.76056	0.784944	0.815342	0.854659	0.901847	0.944789	0.977757	0.996619	0.991598	0.946785	0.853493	0.713453	0.525829	0.298616	0.0437199	-0.231047	-0.508987	-0.76441	-0.975475	-1.12674	-1.21056	-1.21056	
0.215927	0.294303	0.337275	0.348392	0.317606	0.252989	0.156954	0.0340826	-0.0962358	-0.213467	-0.298126	-0.33935	-0.326103	-0.253086	-0.13912	-0.0151322	0.0997966	0.190528	0.25412	0.306798	0.354408	0.396612	0.437652	0.489455	0.564209	0.650432	0.734555	0.809021	0.86972	0.921266	0.964534	1.00521	1.04801	1.08056	1.10279	1.11139	1.0893	1.02644	0.917938	0.766535	0.571641	0.342144	0.0934795	-0.165174	-0.423008	-0.66313	-0.861943	-1.00904	-1.09048	-1.09048	
0.215499	0.315103	0.383332	0.407147	0.387884	0.330951	0.237171	0.117926	-0.0120192	-0.138506	-0.237347	-0.296723	-0.29619	-0.231048	-0.116977	0.00702052	0.125536	0.234432	0.317776	0.381084	0.42384	0.454172	0.489455	0.541361	0.621072	0.709946	0.80074	0.891942	0.977154	1.05388	1.10945	1.15432	1.18539	1.20125	1.19985	1.18045	1.13462	1.05194	0.931168	0.770878	0.577524	0.360239	0.135359	-0.0924766	-0.31592	-0.518125	-0.686236	-0.819348	-0.896714	-0.896714	
0.195514	0.318901	0.411672	0.456009	0.453985	0.414104	0.335269	0.221376	0.0861576	-0.0553028	-0.16905	-0.242179	-0.249647	-0.191782	-0.0878976	0.0318745	0.153065	0.27441	0.374674	0.449618	0.496585	0.52861	0.564209	0.621072	0.701572	0.790459	0.880418	0.975844	1.07578	1.16552	1.23158	1.27708	1.29668	1.29009	1.25474	1.19819	1.12227	1.01881	0.886537	0.722604	0.537007	0.343608	0.151708	-0.0372977	-0.210821	-0.35611	-0.474177	-0.573659	-0.638046	-0.638046	
0.155449	0.300044	0.417208	0.488379	0.517605	0.501608	0.435698	0.323167	0.177422	0.0242016	-0.0971631	-0.169921	-0.180482	-0.137082	-0.0484306	0.0616995	0.180855	0.31008	0.424953	0.511717	0.571997	0.611786	0.650432	0.709946	0.790459	0.879595	0.971967	1.07107	1.17137	1.25844	1.32092	1.358	1.36335	1.33161	1.26102	1.16733	1.05366	0.92326	0.777298	0.614964	0.449601	0.291121	0.142495	0.00324858	-0.111232	-0.193876	-0.25277	-0.306486	-0.343588	-0.343588	
0.100811	0.262625	0.407534	0.508767	0.566964	0.571216	0.517807	0.408391	0.258371	0.10204	-0.0167577	-0.0829441	-0.0932794	-0.0596723	0.0112902	0.106814	0.216508	0.341501	0.456583	0.551571	0.625754	0.681378	0.734555	0.80074	0.880418	0.971967	1.07176	1.17281	1.26826	1.33827	1.38073	1.39675	1.37215	1.31008	1.20744	1.07731	0.926206	0.76523	0.607051	0.454388	0.319146	0.206626	0.112991	0.0352327	-0.0162187	-0.0380516	-0.0393289	-0.040787	-0.0408114	-0.0408114	
0.0310107	0.214298	0.382251	0.510705	0.586852	0.604212	0.560593	0.462644	0.320929	0.175196	0.0679658	0.0114329	0.00656165	0.0328069	0.0892349	0.169809	0.266334	0.376389	0.478172	0.567718	0.652135	0.72918	0.809021	0.891942	0.975844	1.07107	1.17281	1.27245	1.35354	1.39925	1.41046	1.38542	1.31916	1.21927	1.086	0.925953	0.743787	0.560289	0.397643	0.257425	0.155672	0.0954136	0.0663853	0.0590169	0.0732787	0.110781	0.159466	0.208491	0.241561	0.241561	
-0.0313947	0.157237	0.3343	0.472718	0.559039	0.584772	0.55377	0.47427	0.355489	0.231692	0.142092	0.10053	0.0987673	0.120567	0.165688	0.234646	0.318495	0.411007	0.495364	0.573302	0.662037	0.76056	0.86972	0.977154	1.07578	1.17137	1.26826	1.35354	1.414	1.42918	1.40063	1.32722	1.20999	1.07207	0.906372	0.721762	0.52358	0.335593	0.179816	0.0575345	-0.0123301	-0.0208918	0.0145657	0.0747918	0.154287	0.243962	0.334449	0.413279	0.465638	0.465638	
-0.0816675	0.094597	0.260343	0.393449	0.479269	0.514876	0.503784	0.452618	0.366252	0.269313	0.19973	0.166584	0.169985	0.192182	0.23418	0.291319	0.361936	0.43767	0.50421	0.577667	0.670912	0.784944	0.921266	1.05388	1.16552	1.25844	1.33827	1.39925	1.42918	1.41458	1.3445	1.22533	1.06464	0.882695	0.685338	0.479129	0.277569	0.105377	-0.0260845	-0.119175	-0.150998	-0.115338	-0.029791	0.0869144	0.220397	0.356215	0.475018	0.565159	0.620651	0.620651	
-0.125912	0.0162965	0.156096	0.276824	0.365955	0.41645	0.426524	0.404836	0.35032	0.283012	0.235198	0.216202	0.228569	0.254591	0.288622	0.331509	0.386757	0.451199	0.516531	0.594677	0.692354	0.815342	0.964534	1.10945	1.23158	1.32092	1.38073	1.41046	1.40063	1.3445	1.23489	1.07658	0.877701	0.663437	0.439682	0.220464	0.0272906	-0.121305	-0.215427	-0.26158	-0.249136	-0.1763	-0.0545936	0.100779	0.275999	0.444007	0.576898	0.670554	0.721392	0.721392	
-0.166347	-0.0633726	0.0468901	0.148472	0.232075	0.290736	0.322218	0.325569	0.30498	0.266201	0.242245	0.245147	0.270531	0.304207	0.331135	0.358714	0.400277	0.458504	0.528503	0.616147	0.722347	0.854659	1.00521	1.15432	1.27708	1.358	1.39675	1.38542	1.32722	1.22533	1.07658	0.883109	0.657938	0.422834	0.18945	-0.0252936	-0.202374	-0.318957	-0.367608	-0.358518	-0.300485	-0.199994	-0.0595558	0.117441	0.312983	0.491337	0.633067	0.730804	0.785237	0.785237	
-0.198919	-0.135655	-0.0540268	0.0236162	0.094693	0.154375	0.197964	0.222929	0.226301	0.218406	0.22204	0.246363	0.287549	0.324006	0.346094	0.366181	0.40794	0.471919	0.552361	0.653283	0.767992	0.901847	1.04801	1.18539	1.29668	1.36335	1.37215	1.31916	1.20999	1.06464	0.877701	0.657938	0.422004	0.184156	-0.0353287	-0.230383	-0.379151	-0.45799	-0.464812	-0.406978	-0.310385	-0.190363	-0.037222	0.144954	0.334098	0.499279	0.634179	0.736685	0.795933	0.795933	
-0.20804	-0.187777	-0.143683	-0.0987681	-0.0497008	0.00485395	0.0606678	0.106102	0.138075	0.159441	0.187134	0.228628	0.273677	0.311697	0.330419	0.357002	0.407593	0.481843	0.575393	0.685328	0.806312	0.944789	1.08056	1.20125	1.29009	1.33161	1.31008	1.21927	1.07207	0.882695	0.663437	0.422834	0.184156	-0.0373086	-0.232712	-0.390265	-0.490417	-0.524889	-0.492814	-0.402316	-0.283833	-0.15058	0.00544652	0.177439	0.340553	0.47573	0.592937	0.69159	0.748595	0.748595	
-0.20436	-0.225867	-0.219421	-0.207424	-0.18252	-0.133673	-0.0662032	-0.000770672	0.0590544	0.111685	0.154438	0.199193	0.239797	0.272971	0.29793	0.339808	0.407933	0.493879	0.597188	0.71152	0.83827	0.977757	1.10279	1.19985	1.25474	1.26102	1.20744	1.086	0.906372	0.685338	0.439682	0.18945	-0.0353287	-0.232712	-0.391186	-0.498086	-0.544002	-0.530206	-0.469815	-0.362861	-0.232031	-0.0932096	0.0586503	0.213148	0.344226	0.445269	0.536732	0.612336	0.653279	0.653279	
-0.182748	-0.243318	-0.272826	-0.28858	-0.283081	-0.245512	-0.179226	-0.100413	-0.0193262	0.0595155	0.118817	0.163417	0.200231	0.232734	0.267095	0.322816	0.402396	0.494775	0.603186	0.72465	0.858433	0.996619	1.11139	1.18045	1.19819	1.16733	1.07731	0.925953	0.721762	0.479129	0.220464	-0.0252936	-0.230383	-0.390265	-0.498086	-0.549254	-0.538896	-0.486144	-0.406985	-0.291735	-0.160498	-0.0283516	0.107847	0.237899	0.339263	0.411101	0.471996	0.514681	0.530199	0.530199	
-0.142237	-0.226505	-0.283152	-0.322503	-0.342357	-0.325124	-0.270638	-0.192618	-0.0956781	0.00249094	0.0727023	0.121371	0.162163	0.201991	0.245644	0.308791	0.386402	0.477047	0.591281	0.720102	0.858184	0.991598	1.0893	1.13462	1.12227	1.05366	0.926206	0.743787	0.52358	0.277569	0.0272906	-0.202374	-0.379151	-0.490417	-0.544002	-0.538896	-0.482756	-0.403615	-0.305943	-0.188624	-0.0643361	0.050745	0.156817	0.254158	0.319227	0.357797	0.381846	0.390433	0.381005	0.381005	
-0.0960883	-0.190393	-0.26609	-0.324218	-0.364211	-0.366693	-0.326916	-0.253691	-0.154278	-0.0479353	0.0296826	0.0861289	0.140245	0.189545	0.237127	0.291982	0.359337	0.443771	0.562228	0.696482	0.831598	0.946785	1.02644	1.05194	1.01881	0.92326	0.76523	0.560289	0.335593	0.105377	-0.121305	-0.318957	-0.45799	-0.524889	-0.530206	-0.486144	-0.403615	-0.30243	-0.194641	-0.0774895	0.0365827	0.131398	0.207527	0.265506	0.287491	0.284682	0.274297	0.252876	0.229834	0.229834	
-0.0538854	-0.149613	-0.236231	-0.307497	-0.358668	-0.372769	-0.344628	-0.275079	-0.177508	-0.0746749	0.0102398	0.0772389	0.144261	0.198757	0.241083	0.276603	0.321504	0.391394	0.499873	0.628913	0.754498	0.853493	0.917938	0.931168	0.886537	0.777298	0.607051	0.397643	0.179816	-0.0260845	-0.215427	-0.367608	-0.464812	-0.492814	-0.469815	-0.406985	-0.305943	-0.194641	-0.0823425	0.0228158	0.116952	0.192007	0.237993	0.255166	0.236043	0.202313	0.168904	0.138214	0.111176	0.111176	
-0.0193738	-0.111878	-0.1998	-0.272573	-0.324575	-0.342018	-0.320707	-0.261496	-0.169068	-0.065113	0.0261041	0.103508	0.173717	0.22178	0.24484	0.25782	0.276836	0.319109	0.405314	0.516259	0.626284	0.713453	0.766535	0.770878	0.722604	0.614964	0.454388	0.257425	0.0575345	-0.119175	-0.26158	-0.358518	-0.406978	-0.402316	-0.362861	-0.291735	-0.188624	-0.0774895	0.0228158	0.101552	0.16947	0.219632	0.235538	0.217767	0.16983	0.122883	0.0838747	0.0503375	0.0251386	0.0251386	
0.0197907	-0.0713415	-0.162732	-0.235942	-0.281198	-0.297532	-0.282095	-0.223057	-0.127226	-0.0159371	0.0905503	0.175559	0.235644	0.261402	0.257109	0.234802	0.219348	0.225963	0.275918	0.358466	0.451241	0.525829	0.571641	0.577524	0.537007	0.449601	0.319146	0.155672	-0.0123301	-0.150998	-0.249136	-0.300485	-0.310385	-0.283833	-0.232031	-0.160498	-0.0643361	0.0365827	0.116952	0.16947	0.204491	0.223324	0.206181	0.15745	0.0985298	0.0518884	0.0154283	-0.019652	-0.0450382	-0.0450382	
0.0582926	-0.034479	-0.131763	-0.209879	-0.248721	-0.255519	-0.231391	-0.159231	-0.0470902	0.0817396	0.201848	0.288834	0.329131	0.323522	0.277823	0.212809	0.153256	0.115941	0.124247	0.171562	0.237594	0.298616	0.342144	0.360239	0.343608	0.291121	0.206626	0.0954136	-0.0208918	-0.115338	-0.1763	-0.199994	-0.190363	-0.15058	-0.0932096	-0.0283516	0.050745	0.131398	0.192007	0.219632	0.223324	0.207599	0.16044	0.0927161	0.0322435	-0.00734392	-0.0439382	-0.080014	-0.106502	-0.106502	
0.0756449	-0.0145168	-0.113517	-0.190421	-0.220651	-0.213402	-0.167262	-0.0712711	0.0667319	0.215978	0.344356	0.425106	0.438395	0.395813	0.304273	0.190829	0.0803024	-0.00853949	-0.0491774	-0.0441493	-0.00790647	0.0437199	0.0934795	0.135359	0.151708	0.142495	0.112991	0.0663853	0.0145657	-0.029791	-0.0545936	-0.0595558	-0.037222	0.00544652	0.0586503	0.107847	0.156817	0.207527	0.237993	0.235538	0.206181	0.16044	0.0948532	0.0237139	-0.0290375	-0.0599913	-0.0887374	-0.118501	-0.13593	-0.13593	
0.0684598	-0.0118674	-0.101707	-0.171331	-0.191326	-0.16772	-0.0971363	0.0368382	0.207876	0.378369	0.512045	0.579031	0.559242	0.474534	0.337488	0.168127	-0.00292008	-0.152568	-0.251892	-0.293765	-0.28009	-0.231047	-0.165174	-0.0924766	-0.0372977	0.00324858	0.0352327	0.0590169	0.0747918	0.0869144	0.100779	0.117441	0.144954	0.177439	0.213148	0.237899	0.254158	0.265506	0.255166	0.217767	0.15745	0.0927161	0.0237139	-0.0433545	-0.0846472	-0.106495	-0.122644	-0.131791	-0.133784	-0.133784	
0.0396491	-0.0312483	-0.10421	-0.15769	-0.165954	-0.123386	-0.0179132	0.152727	0.358422	0.552599	0.690175	0.743334	0.694696	0.569374	0.379398	0.15176	-0.0864708	-0.302606	-0.461581	-0.546804	-0.558412	-0.508987	-0.423008	-0.31592	-0.210821	-0.111232	-0.0162187	0.0732787	0.154287	0.220397	0.275999	0.312983	0.334098	0.340553	0.344226	0.339263	0.319227	0.287491	0.236043	0.16983	0.0985298	0.0322435	-0.0290375	-0.0846472	-0.120722	-0.137746	-0.144301	-0.138563	-0.126328	-0.126328	
0.00502915	-0.0645317	-0.125965	-0.159638	-0.147688	-0.0770763	0.0643371	0.265747	0.492581	0.698045	0.841419	0.891115	0.828569	0.669007	0.43362	0.145421	-0.158267	-0.430906	-0.642081	-0.76885	-0.806714	-0.76441	-0.66313	-0.518125	-0.35611	-0.193876	-0.0380516	0.110781	0.243962	0.356215	0.444007	0.491337	0.499279	0.47573	0.445269	0.411101	0.357797	0.284682	0.202313	0.122883	0.0518884	-0.00734392	-0.0599913	-0.106495	-0.137746	-0.156973	-0.164219	-0.155618	-0.140745	-0.140745	
-0.0313332	-0.108807	-0.166198	-0.178253	-0.135341	-0.026031	0.147599	0.36613	0.594485	0.800758	0.948123	0.99991	0.930457	0.746771	0.473054	0.138232	-0.212274	-0.527184	-0.777788	-0.940712	-1.0046	-0.975475	-0.861943	-0.686236	-0.474177	-0.25277	-0.0393289	0.159466	0.334449	0.475018	0.576898	0.633067	0.634179	0.592937	0.536732	0.471996	0.381846	0.274297	0.168904	0.0838747	0.0154283	-0.0439382	-0.0887374	-0.122644	-0.144301	-0.164219	-0.178196	-0.178022	-0.168215	-0.168215	
-0.0667827	-0.160534	-0.21455	-0.199682	-0.121876	0.0219802	0.223668	0.447487	0.677992	0.88791	1.04054	1.08713	1.00406	0.789873	0.4863	0.124486	-0.254403	-0.593693	-0.875094	-1.06368	-1.14947	-1.12674	-1.00904	-0.819348	-0.573659	-0.306486	-0.040787	0.208491	0.413279	0.565159	0.670554	0.730804	0.736685	0.69159	0.612336	0.514681	0.390433	0.252876	0.138214	0.0503375	-0.019652	-0.080014	-0.118501	-0.131791	-0.138563	-0.155618	-0.178022	-0.18964	-0.187697	-0.187697	
-0.0928606	-0.196205	-0.249508	-0.217702	-0.116124	0.0511559	0.266481	0.499028	0.735208	0.953369	1.11094	1.15054	1.04805	0.809298	0.486174	0.109761	-0.280716	-0.634486	-0.933124	-1.13782	-1.23007	-1.21056	-1.09048	-0.896714	-0.638046	-0.343588	-0.0408114	0.241561	0.465638	0.620651	0.721392	0.785237	0.795933	0.748595	0.653279	0.530199	0.381005	0.229834	0.111176	0.0251386	-0.0450382	-0.106502	-0.13593	-0.133784	-0.126328	-0.140745	-0.168215	-0.187697	-0.191043	-0.191043	
-0.0928606	-0.196205	-0.249508	-0.217702	-0.116124	0.0511559	0.266481	0.499028	0.735208	0.953369	1.11094	1.15054	1.04805	0.809298	0.486174	0.109761	-0.280716	-0.634486	-0.933124	-1.13782	-1.23007	-1.21056	-1.09048	-0.896714	-0.638046	-0.343588	-0.0408114	0.241561	0.465638	0.620651	0.721392	0.785237	0.795933	0.748595	0.653279	0.530199	0.381005	0.229834	0.111176	0.0251386	-0.0450382	-0.106502	-0.13593	-0.133784	-0.126328	-0.140745	-0.168215	-0.187697	-0.191043	-0.191043	
