0.322835	0.322835	0.292179	0.230864	0.160909	0.0943573	0.0466789	0.0379501	0.0961567	0.218612	0.40151	0.599779	0.782219	0.904494	0.931421	0.866768	0.753788	0.622837	0.510008	0.446709	0.429252	0.440145	0.444368	0.451637	0.461318	0.484168	0.52757	0.585023	0.647254	0.727332	0.825691	0.927229	1.00848	1.0513	1.05374	1.00611	0.901907	0.737257	0.516043	0.285913	0.0859866	-0.0348907	-0.0601471	0.000326733	0.0884209	0.162722	0.193344	0.170357	0.0941205	-0.0193114	
0.322835	0.322835	0.292179	0.230864	0.160909	0.0943573	0.0466789	0.0379501	0.0961567	0.218612	0.40151	0.599779	0.782219	0.904494	0.931421	0.866768	0.753788	0.622837	0.510008	0.446709	0.429252	0.440145	0.444368	0.451637	0.461318	0.484168	0.52757	0.585023	0.647254	0.727332	0.825691	0.927229	1.00848	1.0513	1.05374	1.00611	0.901907	0.737257	0.516043	0.285913	0.0859866	-0.0348907	-0.0601471	0.000326733	0.0884209	0.162722	0.193344	0.170357	0.0941205	-0.0193114	
0.292179	0.292179	0.259503	0.20735	0.146992	0.0929852	0.0629595	0.074216	0.138352	0.269276	0.459765	0.666693	0.843137	0.965692	0.997569	0.938422	0.823568	0.687188	0.571471	0.511571	0.495632	0.492453	0.486909	0.480054	0.479959	0.486988	0.510988	0.544308	0.588392	0.651877	0.740315	0.839239	0.921482	0.971963	0.985416	0.948977	0.859699	0.714196	0.519255	0.314543	0.138787	0.0313466	0.0102335	0.0653981	0.156345	0.235119	0.268857	0.240462	0.162787	0.0409963	
0.230864	0.230864	0.20735	0.170695	0.130245	0.103233	0.099462	0.134015	0.225155	0.376481	0.576397	0.792066	0.96592	1.07705	1.11232	1.06259	0.951158	0.812215	0.690538	0.620764	0.597589	0.582032	0.562069	0.534502	0.511481	0.489802	0.477929	0.470836	0.478358	0.517413	0.588907	0.677144	0.760816	0.829978	0.865668	0.853176	0.792669	0.682995	0.530261	0.363307	0.22436	0.147916	0.141726	0.19045	0.279767	0.361754	0.40214	0.377892	0.294337	0.161815	
0.160909	0.160909	0.146992	0.130245	0.121547	0.129328	0.1627	0.231358	0.360553	0.531433	0.738425	0.955151	1.13125	1.23277	1.26371	1.21163	1.09952	0.961681	0.836162	0.752971	0.710541	0.682916	0.648056	0.602982	0.548997	0.488	0.429612	0.375678	0.339739	0.347813	0.400668	0.477138	0.565103	0.654679	0.719567	0.742397	0.714894	0.647051	0.544706	0.431323	0.339553	0.299834	0.305677	0.350772	0.435868	0.521163	0.570084	0.555756	0.46558	0.329694	
0.0943573	0.0943573	0.0929852	0.103233	0.129328	0.175341	0.254691	0.369835	0.529762	0.721128	0.936492	1.14257	1.30541	1.40003	1.41789	1.35203	1.23343	1.09379	0.964863	0.871249	0.81012	0.771182	0.725906	0.662973	0.575647	0.47825	0.379213	0.285134	0.205621	0.176078	0.206182	0.276404	0.372357	0.480215	0.575155	0.629651	0.640717	0.618691	0.569616	0.514355	0.466389	0.451295	0.463405	0.511999	0.597367	0.68937	0.743046	0.73513	0.657642	0.526141	
0.0466789	0.0466789	0.0629595	0.099462	0.1627	0.254691	0.376936	0.534447	0.722923	0.930561	1.14444	1.33283	1.46475	1.53255	1.52473	1.44586	1.31966	1.17567	1.03967	0.935781	0.866803	0.824883	0.776769	0.702992	0.597349	0.475836	0.352021	0.221461	0.104122	0.0399875	0.0444041	0.106649	0.212219	0.336891	0.454965	0.533779	0.576776	0.598152	0.595836	0.582944	0.567883	0.568137	0.590149	0.650929	0.740689	0.835184	0.893764	0.897645	0.84434	0.733277	
0.0379501	0.0379501	0.074216	0.134015	0.231358	0.369835	0.534447	0.721935	0.929784	1.14051	1.33593	1.48635	1.57851	1.60741	1.56552	1.46261	1.324	1.16888	1.02981	0.927931	0.869283	0.833898	0.792641	0.728639	0.629305	0.495373	0.348961	0.195633	0.055146	-0.0306013	-0.0493587	-0.0021591	0.0992279	0.229573	0.359349	0.45806	0.526276	0.569977	0.598328	0.615816	0.625462	0.635414	0.667179	0.736928	0.834739	0.937746	1.00995	1.03078	1.00182	0.923407	
0.0961567	0.0961567	0.138352	0.225155	0.360553	0.529762	0.722923	0.929784	1.13697	1.3282	1.49204	1.59486	1.63078	1.60285	1.51038	1.37507	1.22255	1.06269	0.926281	0.842911	0.805401	0.788372	0.767536	0.728744	0.654045	0.529563	0.378608	0.216741	0.0656419	-0.0432144	-0.0849285	-0.0552045	0.0332402	0.154409	0.277498	0.386561	0.467567	0.522895	0.560538	0.590356	0.611897	0.632292	0.673517	0.752565	0.860668	0.976057	1.0739	1.12416	1.1225	1.07984	
0.218612	0.218612	0.269276	0.376481	0.531433	0.721128	0.930561	1.14051	1.3282	1.48553	1.59616	1.6365	1.59891	1.50242	1.35839	1.19162	1.02497	0.865453	0.737254	0.678564	0.676652	0.696667	0.712285	0.706141	0.660407	0.56771	0.432166	0.273991	0.116289	-0.0119328	-0.0780141	-0.0700667	-0.0051142	0.0948178	0.201649	0.301732	0.388048	0.44971	0.482555	0.505334	0.52039	0.546859	0.602959	0.694702	0.818899	0.952043	1.07569	1.16235	1.20089	1.1862	
0.40151	0.40151	0.459765	0.576397	0.738425	0.936492	1.14444	1.33593	1.49204	1.59616	1.62917	1.59391	1.48314	1.318	1.12411	0.920473	0.730765	0.579183	0.477317	0.450402	0.490576	0.555638	0.616481	0.654858	0.651984	0.596126	0.484844	0.33598	0.180492	0.0460825	-0.0379339	-0.0567266	-0.025059	0.0431827	0.131956	0.218824	0.289436	0.337057	0.356554	0.36433	0.37024	0.395692	0.459235	0.566262	0.711882	0.871422	1.02268	1.14565	1.22251	1.24668	
0.599779	0.599779	0.666693	0.792066	0.955151	1.14257	1.33283	1.48635	1.59486	1.6365	1.59391	1.47137	1.29052	1.06207	0.818437	0.572991	0.365858	0.225903	0.164691	0.174827	0.253879	0.368023	0.480094	0.564228	0.603043	0.583337	0.504164	0.381559	0.234195	0.0986158	0.00448855	-0.0393967	-0.0375758	-0.00192288	0.0646231	0.135441	0.18785	0.209324	0.208447	0.191402	0.18361	0.202942	0.264213	0.380537	0.546957	0.738503	0.919517	1.07454	1.18916	1.25678	
0.782219	0.782219	0.843137	0.96592	1.13125	1.30541	1.46475	1.57851	1.63078	1.59891	1.48314	1.29052	1.0387	0.744189	0.44802	0.179948	-0.0303363	-0.156539	-0.187928	-0.140307	-0.0240427	0.140543	0.303377	0.425315	0.500161	0.520521	0.483803	0.390705	0.255951	0.121223	0.0232194	-0.0333438	-0.0485611	-0.0315771	0.00622567	0.0513971	0.0822507	0.0878247	0.0622365	0.0120881	-0.0223592	-0.0138298	0.0468913	0.172866	0.351498	0.559582	0.769144	0.961897	1.11502	1.22156	
0.904494	0.904494	0.965692	1.07705	1.23277	1.40003	1.53255	1.60741	1.60285	1.50242	1.318	1.06207	0.744189	0.397219	0.0637028	-0.218711	-0.431415	-0.553575	-0.567545	-0.47704	-0.314358	-0.110834	0.0875936	0.245841	0.353428	0.411089	0.40878	0.342754	0.233578	0.117604	0.0227374	-0.0408207	-0.0691564	-0.0630644	-0.0436204	-0.0243506	-0.0152833	-0.0295119	-0.0800674	-0.15777	-0.226824	-0.24115	-0.179717	-0.0456994	0.14441	0.361365	0.591426	0.81776	1.0095	1.15169	
0.931421	0.931421	0.997569	1.11232	1.26371	1.41789	1.52473	1.56552	1.51038	1.35839	1.12411	0.818437	0.44802	0.0637028	-0.296744	-0.597766	-0.82005	-0.934354	-0.924153	-0.800048	-0.602558	-0.376693	-0.154372	0.0377999	0.178206	0.258678	0.280464	0.239516	0.158213	0.0671431	-0.0163877	-0.0767142	-0.106582	-0.110131	-0.10536	-0.105469	-0.118416	-0.161304	-0.240596	-0.339405	-0.426775	-0.45979	-0.407315	-0.274146	-0.0779428	0.151611	0.39916	0.647192	0.872206	1.04883	
0.866768	0.866768	0.938422	1.06259	1.21163	1.35203	1.44586	1.46261	1.37507	1.19162	0.920473	0.572991	0.179948	-0.218711	-0.597766	-0.919332	-1.14732	-1.25169	-1.22288	-1.08027	-0.863564	-0.619189	-0.380117	-0.170416	-0.0144033	0.0832405	0.125709	0.105565	0.0438235	-0.0292482	-0.0983086	-0.149081	-0.170825	-0.1832	-0.196852	-0.216908	-0.25019	-0.316511	-0.421221	-0.541299	-0.635956	-0.676818	-0.635818	-0.510223	-0.313346	-0.064544	0.203297	0.465868	0.71092	0.911941	
0.753788	0.753788	0.823568	0.951158	1.09952	1.23343	1.31966	1.324	1.22255	1.02497	0.730765	0.365858	-0.0303363	-0.431415	-0.82005	-1.14732	-1.36915	-1.46536	-1.43842	-1.29636	-1.06681	-0.809036	-0.563827	-0.354801	-0.190764	-0.0793722	-0.0290641	-0.0375959	-0.0824214	-0.140122	-0.193118	-0.232606	-0.257266	-0.275235	-0.303864	-0.345656	-0.407228	-0.49965	-0.622293	-0.757275	-0.863214	-0.907322	-0.865525	-0.741835	-0.545002	-0.283648	0.00623697	0.284939	0.53986	0.757693	
0.622837	0.622837	0.687188	0.812215	0.961681	1.09379	1.17567	1.16888	1.06269	0.865453	0.579183	0.225903	-0.156539	-0.553575	-0.934354	-1.25169	-1.46536	-1.56296	-1.54289	-1.40668	-1.18039	-0.925374	-0.680137	-0.472642	-0.313283	-0.207191	-0.164236	-0.165166	-0.189272	-0.232401	-0.271743	-0.301224	-0.336069	-0.368888	-0.40877	-0.468732	-0.563037	-0.692829	-0.83482	-0.973699	-1.07871	-1.12052	-1.07758	-0.951981	-0.749649	-0.482389	-0.179398	0.113807	0.373521	0.597944	
0.510008	0.510008	0.571471	0.690538	0.836162	0.964863	1.03967	1.02981	0.926281	0.737254	0.477317	0.164691	-0.187928	-0.567545	-0.924153	-1.22288	-1.43842	-1.54289	-1.52038	-1.394	-1.19021	-0.95365	-0.715347	-0.512674	-0.365288	-0.277183	-0.24244	-0.238669	-0.252552	-0.287663	-0.317247	-0.33924	-0.376231	-0.425885	-0.482213	-0.569042	-0.697423	-0.86035	-1.02243	-1.1589	-1.25028	-1.29006	-1.2559	-1.12956	-0.912576	-0.635156	-0.323721	-0.0214824	0.240453	0.455763	
0.446709	0.446709	0.511571	0.620764	0.752971	0.871249	0.935781	0.927931	0.842911	0.678564	0.450402	0.174827	-0.140307	-0.47704	-0.800048	-1.08027	-1.29636	-1.40668	-1.394	-1.28214	-1.10646	-0.889263	-0.668796	-0.486336	-0.354834	-0.273665	-0.242692	-0.243666	-0.25762	-0.289584	-0.317006	-0.3345	-0.368693	-0.423163	-0.498974	-0.619563	-0.785288	-0.964325	-1.13898	-1.28385	-1.37723	-1.41884	-1.38511	-1.2533	-1.02603	-0.733978	-0.419891	-0.118946	0.139706	0.353069	
0.429252	0.429252	0.495632	0.597589	0.710541	0.81012	0.866803	0.869283	0.805401	0.676652	0.490576	0.253879	-0.0240427	-0.314358	-0.602558	-0.863564	-1.06681	-1.18039	-1.19021	-1.10646	-0.951092	-0.751638	-0.549632	-0.387235	-0.269587	-0.203191	-0.185099	-0.191385	-0.205933	-0.232111	-0.254281	-0.271217	-0.303764	-0.363783	-0.462217	-0.609356	-0.796525	-0.995583	-1.1819	-1.34294	-1.45277	-1.49643	-1.45202	-1.31533	-1.09143	-0.803662	-0.491942	-0.196242	0.0659224	0.285331	
0.440145	0.440145	0.492453	0.582032	0.682916	0.771182	0.824883	0.833898	0.788372	0.696667	0.555638	0.368023	0.140543	-0.110834	-0.376693	-0.619189	-0.809036	-0.925374	-0.95365	-0.889263	-0.751638	-0.575808	-0.391347	-0.236005	-0.131112	-0.082276	-0.0759324	-0.0897914	-0.100724	-0.115871	-0.133335	-0.151938	-0.186409	-0.256343	-0.371839	-0.529901	-0.727874	-0.952741	-1.16614	-1.34628	-1.4723	-1.5289	-1.48673	-1.34849	-1.13509	-0.858964	-0.546807	-0.249525	0.0148908	0.233442	
0.444368	0.444368	0.486909	0.562069	0.648056	0.725906	0.776769	0.792641	0.767536	0.712285	0.616481	0.480094	0.303377	0.0875936	-0.154372	-0.380117	-0.563827	-0.680137	-0.715347	-0.668796	-0.549632	-0.391347	-0.222965	-0.0747193	0.0276471	0.0801916	0.08858	0.0659339	0.0531921	0.04662	0.0344853	0.0137838	-0.0209031	-0.089388	-0.21	-0.382403	-0.594476	-0.839735	-1.08339	-1.29144	-1.44252	-1.5192	-1.49309	-1.36851	-1.16059	-0.890327	-0.58099	-0.281543	-0.0198428	0.188327	
0.451637	0.451637	0.480054	0.534502	0.602982	0.662973	0.702992	0.728639	0.728744	0.706141	0.654858	0.564228	0.425315	0.245841	0.0377999	-0.170416	-0.354801	-0.472642	-0.512674	-0.486336	-0.387235	-0.236005	-0.0747193	0.0667714	0.178233	0.248358	0.268264	0.255491	0.251075	0.250269	0.24317	0.231356	0.195922	0.129676	0.00668317	-0.180215	-0.412994	-0.673106	-0.939841	-1.18238	-1.36252	-1.45657	-1.45249	-1.35224	-1.15518	-0.889189	-0.5949	-0.303752	-0.0419384	0.161547	
0.461318	0.461318	0.479959	0.511481	0.548997	0.575647	0.597349	0.629305	0.654045	0.660407	0.651984	0.603043	0.500161	0.353428	0.178206	-0.0144033	-0.190764	-0.313283	-0.365288	-0.354834	-0.269587	-0.131112	0.0276471	0.178233	0.305932	0.39328	0.436671	0.458197	0.480989	0.488376	0.487458	0.480101	0.442231	0.365035	0.242588	0.0538012	-0.193075	-0.473911	-0.759436	-1.02627	-1.23077	-1.34466	-1.35728	-1.27131	-1.08912	-0.837371	-0.556841	-0.283616	-0.0321521	0.161111	
0.484168	0.484168	0.486988	0.489802	0.488	0.47825	0.475836	0.495373	0.529563	0.56771	0.596126	0.583337	0.520521	0.411089	0.258678	0.0832405	-0.0793722	-0.207191	-0.277183	-0.273665	-0.203191	-0.082276	0.0801916	0.248358	0.39328	0.510923	0.594402	0.653892	0.703973	0.724329	0.729494	0.722774	0.679087	0.597993	0.4729	0.28068	0.0268009	-0.26379	-0.563877	-0.839093	-1.05627	-1.18903	-1.20819	-1.12461	-0.958625	-0.722472	-0.454134	-0.206597	0.0122783	0.186039	
0.52757	0.52757	0.510988	0.477929	0.429612	0.379213	0.352021	0.348961	0.378608	0.432166	0.484844	0.504164	0.483803	0.40878	0.280464	0.125709	-0.0290641	-0.164236	-0.24244	-0.242692	-0.185099	-0.0759324	0.08858	0.268264	0.436671	0.594402	0.725918	0.822008	0.890669	0.921222	0.933762	0.929535	0.885733	0.805882	0.672268	0.471513	0.219521	-0.0640712	-0.360864	-0.634227	-0.853654	-0.992583	-1.01947	-0.940324	-0.785934	-0.570702	-0.325323	-0.103907	0.0767665	0.220278	
0.585023	0.585023	0.544308	0.470836	0.375678	0.285134	0.221461	0.195633	0.216741	0.273991	0.33598	0.381559	0.390705	0.342754	0.239516	0.105565	-0.0375959	-0.165166	-0.238669	-0.243666	-0.191385	-0.0897914	0.0659339	0.255491	0.458197	0.653892	0.822008	0.951099	1.03777	1.07408	1.09028	1.09226	1.05107	0.963174	0.829098	0.63292	0.387583	0.115856	-0.164468	-0.430592	-0.645921	-0.783525	-0.816726	-0.749278	-0.607679	-0.417558	-0.20214	-0.0109531	0.137799	0.247413	
0.647254	0.647254	0.588392	0.478358	0.339739	0.205621	0.104122	0.055146	0.0656419	0.116289	0.180492	0.234195	0.255951	0.233578	0.158213	0.0438235	-0.0824214	-0.189272	-0.252552	-0.25762	-0.205933	-0.100724	0.0531921	0.251075	0.480989	0.703973	0.890669	1.03777	1.14436	1.19104	1.20963	1.21159	1.16432	1.07044	0.944258	0.762948	0.52983	0.273516	0.00613012	-0.25032	-0.459955	-0.59069	-0.622523	-0.565821	-0.441032	-0.272261	-0.0924211	0.0610745	0.180636	0.268031	
0.727332	0.727332	0.651877	0.517413	0.347813	0.176078	0.0399875	-0.0306013	-0.0432144	-0.0119328	0.0460825	0.0986158	0.121223	0.117604	0.0671431	-0.0292482	-0.140122	-0.232401	-0.287663	-0.289584	-0.232111	-0.115871	0.04662	0.250269	0.488376	0.724329	0.921222	1.07408	1.19104	1.25757	1.28136	1.27255	1.21964	1.13208	1.01113	0.841006	0.62769	0.388084	0.132838	-0.113729	-0.314721	-0.438327	-0.468044	-0.420241	-0.31315	-0.170048	-0.0259849	0.0931313	0.191797	0.267869	
0.825691	0.825691	0.740315	0.588907	0.400668	0.206182	0.0444041	-0.0493587	-0.0849285	-0.0780141	-0.0379339	0.00448855	0.0232194	0.0227374	-0.0163877	-0.0983086	-0.193118	-0.271743	-0.317247	-0.317006	-0.254281	-0.133335	0.0344853	0.24317	0.487458	0.729494	0.933762	1.09028	1.20963	1.28136	1.3012	1.28204	1.22532	1.139	1.02086	0.857091	0.656348	0.428808	0.189301	-0.0374568	-0.220512	-0.331158	-0.359803	-0.320838	-0.234029	-0.116444	0.0025762	0.0970544	0.179957	0.244884	
0.927229	0.927229	0.839239	0.677144	0.477138	0.276404	0.106649	-0.0021591	-0.0552045	-0.0700667	-0.0567266	-0.0393967	-0.0333438	-0.0408207	-0.0767142	-0.149081	-0.232606	-0.301224	-0.33924	-0.3345	-0.271217	-0.151938	0.0137838	0.231356	0.480101	0.722774	0.929535	1.09226	1.21159	1.27255	1.28204	1.25529	1.18766	1.08354	0.956928	0.794774	0.595532	0.375629	0.157146	-0.0390976	-0.191596	-0.279245	-0.300496	-0.271112	-0.19827	-0.0997869	-0.00267267	0.0767158	0.146294	0.203876	
1.00848	1.00848	0.921482	0.760816	0.565103	0.372357	0.212219	0.0992279	0.0332402	-0.0051142	-0.025059	-0.0375758	-0.0485611	-0.0691564	-0.106582	-0.170825	-0.257266	-0.336069	-0.376231	-0.368693	-0.303764	-0.186409	-0.0209031	0.195922	0.442231	0.679087	0.885733	1.05107	1.16432	1.21964	1.22532	1.18766	1.0972	0.971146	0.82111	0.647984	0.451762	0.242999	0.0455609	-0.11793	-0.236421	-0.293278	-0.295481	-0.257851	-0.193104	-0.116056	-0.0431097	0.0227145	0.0819074	0.135764	
1.0513	1.0513	0.971963	0.829978	0.654679	0.480215	0.336891	0.229573	0.154409	0.0948178	0.0431827	-0.00192288	-0.0315771	-0.0630644	-0.110131	-0.1832	-0.275235	-0.368888	-0.425885	-0.423163	-0.363783	-0.256343	-0.089388	0.129676	0.365035	0.597993	0.805882	0.963174	1.07044	1.13208	1.139	1.08354	0.971146	0.818548	0.642438	0.453069	0.258412	0.0632264	-0.11445	-0.249495	-0.33011	-0.353986	-0.328112	-0.271775	-0.210919	-0.14702	-0.0805284	-0.0261074	0.0210534	0.0729011	
1.05374	1.05374	0.985416	0.865668	0.719567	0.575155	0.454965	0.359349	0.277498	0.201649	0.131956	0.0646231	0.00622567	-0.0436204	-0.10536	-0.196852	-0.303864	-0.40877	-0.482213	-0.498974	-0.462217	-0.371839	-0.21	0.00668317	0.242588	0.4729	0.672268	0.829098	0.944258	1.01113	1.02086	0.956928	0.82111	0.642438	0.445956	0.243039	0.0445782	-0.142997	-0.302166	-0.404541	-0.445296	-0.433124	-0.378164	-0.306746	-0.235029	-0.159969	-0.0896597	-0.0374798	0.0107135	0.0590819	
1.00611	1.00611	0.948977	0.853176	0.742397	0.629651	0.533779	0.45806	0.386561	0.301732	0.218824	0.135441	0.0513971	-0.0243506	-0.105469	-0.216908	-0.345656	-0.468732	-0.569042	-0.619563	-0.609356	-0.529901	-0.382403	-0.180215	0.0538012	0.28068	0.471513	0.63292	0.762948	0.841006	0.857091	0.794774	0.647984	0.453069	0.243039	0.0282285	-0.18207	-0.361163	-0.494231	-0.56803	-0.570935	-0.513334	-0.4238	-0.327488	-0.231169	-0.136761	-0.0625936	-0.0029211	0.0482874	0.0855775	
0.901907	0.901907	0.859699	0.792669	0.714894	0.640717	0.576776	0.526276	0.467567	0.388048	0.289436	0.18785	0.0822507	-0.0152833	-0.118416	-0.25019	-0.407228	-0.563037	-0.697423	-0.785288	-0.796525	-0.727874	-0.594476	-0.412994	-0.193075	0.0268009	0.219521	0.387583	0.52983	0.62769	0.656348	0.595532	0.451762	0.258412	0.0445782	-0.18207	-0.39314	-0.556347	-0.663535	-0.711656	-0.679527	-0.581384	-0.45311	-0.319289	-0.185259	-0.0690634	0.0182195	0.0835389	0.133183	0.159622	
0.737257	0.737257	0.714196	0.682995	0.647051	0.618691	0.598152	0.569977	0.522895	0.44971	0.337057	0.209324	0.0878247	-0.0295119	-0.161304	-0.316511	-0.49965	-0.692829	-0.86035	-0.964325	-0.995583	-0.952741	-0.839735	-0.673106	-0.473911	-0.26379	-0.0640712	0.115856	0.273516	0.388084	0.428808	0.375629	0.242999	0.0632264	-0.142997	-0.361163	-0.556347	-0.701279	-0.787655	-0.802111	-0.737161	-0.614789	-0.45384	-0.279614	-0.112802	0.0275552	0.13425	0.207828	0.25108	0.275952	
0.516043	0.516043	0.519255	0.530261	0.544706	0.569616	0.595836	0.598328	0.560538	0.482555	0.356554	0.208447	0.0622365	-0.0800674	-0.240596	-0.421221	-0.622293	-0.83482	-1.02243	-1.13898	-1.1819	-1.16614	-1.08339	-0.939841	-0.759436	-0.563877	-0.360864	-0.164468	0.00613012	0.132838	0.189301	0.157146	0.0455609	-0.11445	-0.302166	-0.494231	-0.663535	-0.787655	-0.842117	-0.821853	-0.732075	-0.588997	-0.402119	-0.201701	-0.0201536	0.133174	0.255518	0.337233	0.382132	0.411147	
0.285913	0.285913	0.314543	0.363307	0.431323	0.514355	0.582944	0.615816	0.590356	0.505334	0.36433	0.191402	0.0120881	-0.15777	-0.339405	-0.541299	-0.757275	-0.973699	-1.1589	-1.28385	-1.34294	-1.34628	-1.29144	-1.18238	-1.02627	-0.839093	-0.634227	-0.430592	-0.25032	-0.113729	-0.0374568	-0.0390976	-0.11793	-0.249495	-0.404541	-0.56803	-0.711656	-0.802111	-0.821853	-0.778978	-0.670238	-0.505673	-0.304363	-0.0975777	0.0934693	0.257505	0.386239	0.470205	0.524816	0.56352	
0.0859866	0.0859866	0.138787	0.22436	0.339553	0.466389	0.567883	0.625462	0.611897	0.52039	0.37024	0.18361	-0.0223592	-0.226824	-0.426775	-0.635956	-0.863214	-1.07871	-1.25028	-1.37723	-1.45277	-1.4723	-1.44252	-1.36252	-1.23077	-1.05627	-0.853654	-0.645921	-0.459955	-0.314721	-0.220512	-0.191596	-0.236421	-0.33011	-0.445296	-0.570935	-0.679527	-0.737161	-0.732075	-0.670238	-0.545929	-0.373238	-0.173638	0.0335335	0.234821	0.406377	0.534145	0.626863	0.690368	0.724671	
-0.0348907	-0.0348907	0.0313466	0.147916	0.299834	0.451295	0.568137	0.635414	0.632292	0.546859	0.395692	0.202942	-0.0138298	-0.24115	-0.45979	-0.676818	-0.907322	-1.12052	-1.29006	-1.41884	-1.49643	-1.5289	-1.5192	-1.45657	-1.34466	-1.18903	-0.992583	-0.783525	-0.59069	-0.438327	-0.331158	-0.279245	-0.293278	-0.353986	-0.433124	-0.513334	-0.581384	-0.614789	-0.588997	-0.505673	-0.373238	-0.202426	-0.00881294	0.196543	0.400112	0.572182	0.705118	0.804931	0.866444	0.892294	
-0.0601471	-0.0601471	0.0102335	0.141726	0.305677	0.463405	0.590149	0.667179	0.673517	0.602959	0.459235	0.264213	0.0468913	-0.179717	-0.407315	-0.635818	-0.865525	-1.07758	-1.2559	-1.38511	-1.45202	-1.48673	-1.49309	-1.45249	-1.35728	-1.20819	-1.01947	-0.816726	-0.622523	-0.468044	-0.359803	-0.300496	-0.295481	-0.328112	-0.378164	-0.4238	-0.45311	-0.45384	-0.402119	-0.304363	-0.173638	-0.00881294	0.186149	0.393476	0.594409	0.767621	0.905442	0.998371	1.05094	1.06675	
0.000326733	0.000326733	0.0653981	0.19045	0.350772	0.511999	0.650929	0.736928	0.752565	0.694702	0.566262	0.380537	0.172866	-0.0456994	-0.274146	-0.510223	-0.741835	-0.951981	-1.12956	-1.2533	-1.31533	-1.34849	-1.36851	-1.35224	-1.27131	-1.12461	-0.940324	-0.749278	-0.565821	-0.420241	-0.320838	-0.271112	-0.257851	-0.271775	-0.306746	-0.327488	-0.319289	-0.279614	-0.201701	-0.0975777	0.0335335	0.196543	0.393476	0.601485	0.801881	0.97638	1.10997	1.19246	1.2328	1.24087	
0.0884209	0.0884209	0.156345	0.279767	0.435868	0.597367	0.740689	0.834739	0.860668	0.818899	0.711882	0.546957	0.351498	0.14441	-0.0779428	-0.313346	-0.545002	-0.749649	-0.912576	-1.02603	-1.09143	-1.13509	-1.16059	-1.15518	-1.08912	-0.958625	-0.785934	-0.607679	-0.441032	-0.31315	-0.234029	-0.19827	-0.193104	-0.210919	-0.235029	-0.231169	-0.185259	-0.112802	-0.0201536	0.0934693	0.234821	0.400112	0.594409	0.801881	0.997737	1.16621	1.29003	1.36233	1.3997	1.40163	
0.162722	0.162722	0.235119	0.361754	0.521163	0.68937	0.835184	0.937746	0.976057	0.952043	0.871422	0.738503	0.559582	0.361365	0.151611	-0.064544	-0.283648	-0.482389	-0.635156	-0.733978	-0.803662	-0.858964	-0.890327	-0.889189	-0.837371	-0.722472	-0.570702	-0.417558	-0.272261	-0.170048	-0.116444	-0.0997869	-0.116056	-0.14702	-0.159969	-0.136761	-0.0690634	0.0275552	0.133174	0.257505	0.406377	0.572182	0.767621	0.97638	1.16621	1.31577	1.42871	1.50316	1.54596	1.54701	
0.193344	0.193344	0.268857	0.40214	0.570084	0.743046	0.893764	1.00995	1.0739	1.07569	1.02268	0.919517	0.769144	0.591426	0.39916	0.203297	0.00623697	-0.179398	-0.323721	-0.419891	-0.491942	-0.546807	-0.58099	-0.5949	-0.556841	-0.454134	-0.325323	-0.20214	-0.0924211	-0.0259849	0.0025762	-0.00267267	-0.0431097	-0.0805284	-0.0896597	-0.0625936	0.0182195	0.13425	0.255518	0.386239	0.534145	0.705118	0.905442	1.10997	1.29003	1.42871	1.54156	1.6199	1.65885	1.65177	
0.170357	0.170357	0.240462	0.377892	0.555756	0.73513	0.897645	1.03078	1.12416	1.16235	1.14565	1.07454	0.961897	0.81776	0.647192	0.465868	0.284939	0.113807	-0.0214824	-0.118946	-0.196242	-0.249525	-0.281543	-0.303752	-0.283616	-0.206597	-0.103907	-0.0109531	0.0610745	0.0931313	0.0970544	0.0767158	0.0227145	-0.0261074	-0.0374798	-0.0029211	0.0835389	0.207828	0.337233	0.470205	0.626863	0.804931	0.998371	1.19246	1.36233	1.50316	1.6199	1.69289	1.72034	1.70417	
0.0941205	0.0941205	0.162787	0.294337	0.46558	0.657642	0.84434	1.00182	1.1225	1.20089	1.22251	1.18916	1.11502	1.0095	0.872206	0.71092	0.53986	0.373521	0.240453	0.139706	0.0659224	0.0148908	-0.0198428	-0.0419384	-0.0321521	0.0122783	0.0767665	0.137799	0.180636	0.191797	0.179957	0.146294	0.0819074	0.0210534	0.0107135	0.0482874	0.133183	0.25108	0.382132	0.524816	0.690368	0.866444	1.05094	1.2328	1.3997	1.54596	1.65885	1.72034	1.73973	1.71317	
-0.0193114	-0.0193114	0.0409963	0.161815	0.329694	0.526141	0.733277	0.923407	1.07984	1.1862	1.24668	1.25678	1.22156	1.15169	1.04883	0.911941	0.757693	0.597944	0.455763	0.353069	0.285331	0.233442	0.188327	0.161547	0.161111	0.186039	0.220278	0.247413	0.268031	0.267869	0.244884	0.203876	0.135764	0.0729011	0.0590819	0.0855775	0.159622	0.275952	0.411147	0.56352	0.724671	0.892294	1.06675	1.24087	1.40163	1.54701	1.65177	1.70417	1.71317	1.67608	
