0.446744	0.446744	0.459921	0.518966	0.614295	0.697689	0.743585	0.759024	0.750522	0.695565	0.559754	0.34635	0.100667	-0.122487	-0.283548	-0.374335	-0.412091	-0.418917	-0.411439	-0.401523	-0.393962	-0.389183	-0.387564	-0.387458	-0.388198	-0.389413	-0.390255	-0.391153	-0.391614	-0.391867	-0.392029	-0.391709	-0.391559	-0.390726	-0.390093	-0.388994	-0.388127	-0.387934	-0.389139	-0.393448	-0.403453	-0.421148	-0.451944	-0.498879	-0.565481	-0.655924	-0.768581	-0.901212	-1.04849	-1.19684	
0.446744	0.446744	0.459921	0.518966	0.614295	0.697689	0.743585	0.759024	0.750522	0.695565	0.559754	0.34635	0.100667	-0.122487	-0.283548	-0.374335	-0.412091	-0.418917	-0.411439	-0.401523	-0.393962	-0.389183	-0.387564	-0.387458	-0.388198	-0.389413	-0.390255	-0.391153	-0.391614	-0.391867	-0.392029	-0.391709	-0.391559	-0.390726	-0.390093	-0.388994	-0.388127	-0.387934	-0.389139	-0.393448	-0.403453	-0.421148	-0.451944	-0.498879	-0.565481	-0.655924	-0.768581	-0.901212	-1.04849	-1.19684	
0.459921	0.459921	0.512203	0.576565	0.641966	0.717856	0.784723	0.815643	0.798493	0.718115	0.564815	0.348353	0.100508	-0.130317	-0.308836	-0.423828	-0.480801	-0.49628	-0.489102	-0.47267	-0.453725	-0.436906	-0.422503	-0.410751	-0.401725	-0.394307	-0.388975	-0.38496	-0.382253	-0.381004	-0.380537	-0.381743	-0.383506	-0.387261	-0.391634	-0.398431	-0.406564	-0.417491	-0.431567	-0.449372	-0.472425	-0.502584	-0.540007	-0.589226	-0.651156	-0.727418	-0.81983	-0.92527	-1.03676	-1.1469	
0.518966	0.518966	0.576565	0.643024	0.710002	0.790594	0.864718	0.896827	0.857573	0.744807	0.579402	0.369	0.125853	-0.119456	-0.334682	-0.49236	-0.583895	-0.618614	-0.615722	-0.590827	-0.556692	-0.521663	-0.488598	-0.460501	-0.437011	-0.41818	-0.404169	-0.393489	-0.386883	-0.38315	-0.382451	-0.385103	-0.390194	-0.399509	-0.411719	-0.428774	-0.450304	-0.476906	-0.509138	-0.547165	-0.589203	-0.637099	-0.686607	-0.737368	-0.789086	-0.839383	-0.88995	-0.941813	-0.994804	-1.04804	
0.614295	0.614295	0.641966	0.710002	0.801927	0.887984	0.959813	0.986931	0.923968	0.784958	0.60557	0.397562	0.166339	-0.0830348	-0.321045	-0.512879	-0.640836	-0.704175	-0.717954	-0.698429	-0.66364	-0.622832	-0.583993	-0.549302	-0.519827	-0.496567	-0.478037	-0.464671	-0.455879	-0.450765	-0.450386	-0.453044	-0.460878	-0.471803	-0.488967	-0.509716	-0.537622	-0.570611	-0.609783	-0.655367	-0.70517	-0.7574	-0.811725	-0.860589	-0.902258	-0.931983	-0.947848	-0.947976	-0.938047	-0.92086	
0.697689	0.697689	0.717856	0.790594	0.887984	0.974426	1.04386	1.05629	0.98209	0.838785	0.651783	0.453343	0.243976	0.011937	-0.224901	-0.442683	-0.609194	-0.714834	-0.763687	-0.771777	-0.756248	-0.729714	-0.70061	-0.671797	-0.646999	-0.625787	-0.608175	-0.595927	-0.586322	-0.582009	-0.581108	-0.583998	-0.592033	-0.602382	-0.618994	-0.637971	-0.662492	-0.690795	-0.723563	-0.759034	-0.799799	-0.838845	-0.879198	-0.914771	-0.941343	-0.951496	-0.942324	-0.90816	-0.847257	-0.766928	
0.743585	0.743585	0.784723	0.864718	0.959813	1.04386	1.08479	1.06863	1.00865	0.893042	0.736363	0.575071	0.39907	0.199632	-0.0320573	-0.274301	-0.487323	-0.651373	-0.753291	-0.807624	-0.825995	-0.825573	-0.81184	-0.796118	-0.778321	-0.761687	-0.747897	-0.736548	-0.728412	-0.724523	-0.723231	-0.726808	-0.732784	-0.743481	-0.75567	-0.772479	-0.789411	-0.808997	-0.829219	-0.847777	-0.866237	-0.882349	-0.892404	-0.897431	-0.89324	-0.876014	-0.835763	-0.775052	-0.681811	-0.564976	
0.759024	0.759024	0.815643	0.896827	0.986931	1.05629	1.06863	1.05081	1.01853	0.948369	0.856845	0.749573	0.625085	0.468174	0.247901	-0.0100629	-0.276231	-0.502777	-0.670142	-0.778867	-0.839656	-0.866825	-0.874921	-0.873721	-0.865337	-0.856685	-0.848383	-0.839221	-0.835426	-0.830497	-0.831042	-0.832926	-0.836933	-0.845337	-0.852068	-0.863454	-0.871615	-0.88038	-0.884571	-0.885985	-0.876836	-0.86375	-0.83741	-0.802916	-0.754553	-0.701416	-0.632885	-0.551975	-0.452563	-0.324184	
0.750522	0.750522	0.798493	0.857573	0.923968	0.98209	1.00865	1.01853	1.02053	1.02219	1.01254	0.969778	0.901471	0.772639	0.567932	0.298447	-0.00170771	-0.273162	-0.495617	-0.648361	-0.747199	-0.801387	-0.835488	-0.848169	-0.857105	-0.859359	-0.859928	-0.859274	-0.859138	-0.857745	-0.858465	-0.858259	-0.859109	-0.859679	-0.860053	-0.858453	-0.855916	-0.849274	-0.837339	-0.820917	-0.793295	-0.756231	-0.70586	-0.642225	-0.563998	-0.471751	-0.37558	-0.268947	-0.166918	-0.047275	
0.695565	0.695565	0.718115	0.744807	0.784958	0.838785	0.893042	0.948369	1.02219	1.12077	1.19665	1.22024	1.18179	1.06782	0.885882	0.627917	0.332331	0.0344405	-0.219942	-0.411587	-0.544913	-0.633076	-0.689311	-0.725041	-0.751809	-0.768785	-0.780832	-0.791726	-0.794554	-0.800506	-0.798602	-0.797916	-0.793423	-0.784644	-0.776379	-0.759309	-0.742792	-0.717347	-0.688715	-0.650955	-0.608968	-0.553818	-0.493065	-0.414146	-0.327875	-0.221186	-0.104862	0.0246394	0.150357	0.262617	
0.559754	0.559754	0.564815	0.579402	0.60557	0.651783	0.736363	0.856845	1.01254	1.19665	1.35345	1.43463	1.42752	1.35407	1.21626	0.999964	0.718908	0.408312	0.126669	-0.108291	-0.27888	-0.400846	-0.479606	-0.539718	-0.577666	-0.609023	-0.629874	-0.646531	-0.655614	-0.662386	-0.662253	-0.659003	-0.650982	-0.636988	-0.619139	-0.594183	-0.563216	-0.524954	-0.479513	-0.424211	-0.363331	-0.29058	-0.213742	-0.126833	-0.0298493	0.072536	0.185956	0.308405	0.43928	0.549304	
0.34635	0.34635	0.348353	0.369	0.397562	0.453343	0.575071	0.749573	0.969778	1.22024	1.43463	1.56955	1.62199	1.61397	1.5395	1.37265	1.11632	0.811209	0.505648	0.240164	0.037098	-0.109281	-0.211055	-0.281953	-0.33179	-0.369576	-0.39728	-0.416444	-0.431305	-0.436895	-0.439588	-0.434114	-0.423501	-0.407362	-0.382363	-0.353678	-0.313639	-0.269091	-0.213052	-0.149893	-0.0768398	0.00446887	0.0956907	0.18645	0.285142	0.38277	0.475427	0.567312	0.667903	0.761599	
0.100667	0.100667	0.100508	0.125853	0.166339	0.243976	0.39907	0.625085	0.901471	1.18179	1.42752	1.62199	1.74877	1.81767	1.80254	1.68467	1.47191	1.18984	0.887304	0.610852	0.392377	0.22989	0.11698	0.0376195	-0.0199344	-0.0625795	-0.0947137	-0.118418	-0.134559	-0.14276	-0.144832	-0.138434	-0.126184	-0.105901	-0.0785891	-0.0448878	-0.00229859	0.0456901	0.101528	0.165536	0.233833	0.309015	0.392456	0.476414	0.561414	0.648093	0.723073	0.776319	0.830707	0.889402	
-0.122487	-0.122487	-0.130317	-0.119456	-0.0830348	0.011937	0.199632	0.468174	0.772639	1.06782	1.35407	1.61397	1.81767	1.94229	1.96443	1.90413	1.7517	1.51877	1.23582	0.966758	0.742457	0.570302	0.449254	0.364702	0.303088	0.259579	0.22503	0.201843	0.183923	0.176527	0.173601	0.18059	0.193717	0.213427	0.243029	0.275495	0.317584	0.36504	0.414349	0.471929	0.53127	0.587304	0.651767	0.711752	0.767819	0.827592	0.892494	0.931346	0.944319	0.957146	
-0.283548	-0.283548	-0.308836	-0.334682	-0.321045	-0.224901	-0.0320573	0.247901	0.567932	0.885882	1.21626	1.5395	1.80254	1.96443	2.0429	2.05768	1.97258	1.78058	1.52098	1.26564	1.0301	0.853252	0.727967	0.644668	0.583324	0.547523	0.513613	0.496284	0.479791	0.472837	0.47248	0.474722	0.489593	0.502702	0.528595	0.556602	0.588464	0.629949	0.670848	0.713313	0.765664	0.807123	0.850257	0.896868	0.926853	0.944937	0.972821	0.998903	0.991719	0.960132	
-0.374335	-0.374335	-0.423828	-0.49236	-0.512879	-0.442683	-0.274301	-0.0100629	0.298447	0.627917	0.999964	1.37265	1.68467	1.90413	2.05768	2.13758	2.09821	1.94656	1.7289	1.48316	1.24884	1.07684	0.953033	0.868378	0.818888	0.783499	0.759108	0.744049	0.732797	0.72619	0.727439	0.728518	0.738945	0.751183	0.765983	0.789529	0.809623	0.83566	0.866917	0.88951	0.922537	0.952779	0.970822	0.994403	1.01639	1.00821	0.989456	0.974795	0.941997	0.877837	
-0.412091	-0.412091	-0.480801	-0.583895	-0.640836	-0.609194	-0.487323	-0.276231	-0.00170771	0.332331	0.718908	1.11632	1.47191	1.7517	1.97258	2.09821	2.11179	2.0252	1.85489	1.62678	1.40958	1.24183	1.11322	1.0336	0.989645	0.953613	0.940053	0.924718	0.917669	0.914134	0.911657	0.916721	0.918918	0.931735	0.938671	0.95413	0.96923	0.978602	0.998911	1.00561	1.01209	1.02209	1.01768	1.00241	0.994437	0.971759	0.916924	0.862604	0.79761	0.713847	
-0.418917	-0.418917	-0.49628	-0.618614	-0.704175	-0.714834	-0.651373	-0.502777	-0.273162	0.0344405	0.408312	0.811209	1.18984	1.51877	1.78058	1.94656	2.0252	2.0026	1.87512	1.6698	1.47566	1.30405	1.17997	1.10713	1.06554	1.0367	1.03311	1.01857	1.02019	1.01718	1.01387	1.02112	1.01445	1.02575	1.02231	1.02788	1.03153	1.02953	1.02737	1.02785	1.00588	0.993511	0.967368	0.924358	0.872958	0.828661	0.757123	0.676704	0.594531	0.501981	
-0.411439	-0.411439	-0.489102	-0.615722	-0.717954	-0.763687	-0.753291	-0.670142	-0.495617	-0.219942	0.126669	0.505648	0.887304	1.23582	1.52098	1.7289	1.85489	1.87512	1.77301	1.60325	1.4236	1.25536	1.14128	1.07641	1.0364	1.02617	1.02225	1.02109	1.02502	1.02483	1.02446	1.02519	1.02068	1.01703	1.01189	1.00037	0.988809	0.975684	0.946747	0.93005	0.893673	0.853902	0.81282	0.760494	0.689696	0.621124	0.541831	0.45758	0.379241	0.299712	
-0.401523	-0.401523	-0.47267	-0.590827	-0.698429	-0.771777	-0.807624	-0.778867	-0.648361	-0.411587	-0.108291	0.240164	0.610852	0.966758	1.26564	1.48316	1.62678	1.6698	1.60325	1.46118	1.28586	1.1245	1.01286	0.94543	0.910278	0.906345	0.903043	0.911407	0.915655	0.917422	0.920667	0.91397	0.912604	0.898854	0.888819	0.870546	0.846816	0.822986	0.786595	0.748574	0.703195	0.650809	0.593159	0.534448	0.469703	0.408429	0.337325	0.257	0.191415	0.1327	
-0.393962	-0.393962	-0.453725	-0.556692	-0.66364	-0.756248	-0.825995	-0.839656	-0.747199	-0.544913	-0.27888	0.037098	0.392377	0.742457	1.0301	1.24884	1.40958	1.47566	1.4236	1.28586	1.11105	0.942227	0.820055	0.744957	0.709123	0.701543	0.703057	0.712328	0.718816	0.723334	0.72446	0.719874	0.713075	0.698919	0.683481	0.660088	0.634534	0.604128	0.566419	0.529608	0.483953	0.433511	0.384687	0.327937	0.263603	0.21179	0.165844	0.107841	0.0575773	0.0198588	
-0.389183	-0.389183	-0.436906	-0.521663	-0.622832	-0.729714	-0.825573	-0.866825	-0.801387	-0.633076	-0.400846	-0.109281	0.22989	0.570302	0.853252	1.07684	1.24183	1.30405	1.25536	1.1245	0.942227	0.760968	0.627645	0.541622	0.496048	0.486236	0.483066	0.492637	0.498211	0.502129	0.504466	0.497595	0.493319	0.476377	0.462649	0.43965	0.412568	0.386782	0.3495	0.315091	0.279722	0.236332	0.19715	0.163629	0.118514	0.0757047	0.0459245	0.00657728	-0.0257759	-0.0502244	
-0.387564	-0.387564	-0.422503	-0.488598	-0.583993	-0.70061	-0.81184	-0.874921	-0.835488	-0.689311	-0.479606	-0.211055	0.11698	0.449254	0.727967	0.953033	1.11322	1.17997	1.14128	1.01286	0.820055	0.627645	0.478381	0.372484	0.316766	0.295829	0.285792	0.292082	0.294549	0.296874	0.300252	0.292343	0.291336	0.276118	0.266125	0.248392	0.227666	0.206931	0.182492	0.152096	0.129753	0.0966119	0.0679107	0.0424597	0.0184208	-0.0110904	-0.0260272	-0.0494357	-0.072176	-0.0841691	
-0.387458	-0.387458	-0.410751	-0.460501	-0.549302	-0.671797	-0.796118	-0.873721	-0.848169	-0.725041	-0.539718	-0.281953	0.0376195	0.364702	0.644668	0.868378	1.0336	1.10713	1.07641	0.94543	0.744957	0.541622	0.372484	0.251165	0.185111	0.150745	0.137224	0.137783	0.136991	0.139743	0.140261	0.136001	0.133578	0.124274	0.115522	0.103864	0.0906446	0.0742325	0.0625473	0.0411578	0.0286514	0.00994862	-0.00838609	-0.024476	-0.041795	-0.0586343	-0.0645113	-0.0772829	-0.0934376	-0.104071	
-0.388198	-0.388198	-0.401725	-0.437011	-0.519827	-0.646999	-0.778321	-0.865337	-0.857105	-0.751809	-0.577666	-0.33179	-0.0199344	0.303088	0.583324	0.818888	0.989645	1.06554	1.0364	0.910278	0.709123	0.496048	0.316766	0.185111	0.106602	0.065728	0.0462721	0.0419329	0.0394987	0.0407778	0.0401093	0.0383324	0.0359729	0.0302253	0.0250914	0.0167911	0.00790617	-0.001624	-0.0121095	-0.0251448	-0.031575	-0.0447356	-0.0535549	-0.0572315	-0.0652314	-0.083984	-0.0852062	-0.0907604	-0.10144	-0.10896	
-0.389413	-0.389413	-0.394307	-0.41818	-0.496567	-0.625787	-0.761687	-0.856685	-0.859359	-0.768785	-0.609023	-0.369576	-0.0625795	0.259579	0.547523	0.783499	0.953613	1.0367	1.02617	0.906345	0.701543	0.486236	0.295829	0.150745	0.065728	0.0154724	-0.00942561	-0.0162613	-0.0220777	-0.0220153	-0.0216336	-0.0250548	-0.0239454	-0.0283242	-0.0312445	-0.0337951	-0.038644	-0.0451908	-0.0439039	-0.0574708	-0.0578757	-0.0647929	-0.0758576	-0.0826644	-0.081612	-0.0903616	-0.0911631	-0.0945987	-0.104912	-0.112209	
-0.390255	-0.390255	-0.388975	-0.404169	-0.478037	-0.608175	-0.747897	-0.848383	-0.859928	-0.780832	-0.629874	-0.39728	-0.0947137	0.22503	0.513613	0.759108	0.940053	1.03311	1.02225	0.903043	0.703057	0.483066	0.285792	0.137224	0.0462721	-0.00942561	-0.0337949	-0.0450874	-0.0506306	-0.0497753	-0.0530199	-0.0510448	-0.0546587	-0.0544432	-0.0575561	-0.060855	-0.0619874	-0.0684825	-0.0688242	-0.0746429	-0.0751605	-0.0783742	-0.0800282	-0.0815235	-0.0852933	-0.0973539	-0.0971574	-0.0963497	-0.104465	-0.112665	
-0.391153	-0.391153	-0.38496	-0.393489	-0.464671	-0.595927	-0.736548	-0.839221	-0.859274	-0.791726	-0.646531	-0.416444	-0.118418	0.201843	0.496284	0.744049	0.924718	1.01857	1.02109	0.911407	0.712328	0.492637	0.292082	0.137783	0.0419329	-0.0162613	-0.0450874	-0.0569995	-0.0639685	-0.0649114	-0.066007	-0.0669961	-0.06696	-0.0677833	-0.06965	-0.0691316	-0.0714948	-0.0741914	-0.0718148	-0.0800236	-0.0793489	-0.0818284	-0.089303	-0.0911151	-0.0867175	-0.0955056	-0.0957797	-0.0963666	-0.103719	-0.111817	
-0.391614	-0.391614	-0.382253	-0.386883	-0.455879	-0.586322	-0.728412	-0.835426	-0.859138	-0.794554	-0.655614	-0.431305	-0.134559	0.183923	0.479791	0.732797	0.917669	1.02019	1.02502	0.915655	0.718816	0.498211	0.294549	0.136991	0.0394987	-0.0220777	-0.0506306	-0.0639685	-0.0711137	-0.0712741	-0.073934	-0.0726812	-0.0745392	-0.0739621	-0.075283	-0.0767689	-0.0757028	-0.0808214	-0.0771192	-0.0829384	-0.0811189	-0.0828254	-0.0854594	-0.0887863	-0.0874474	-0.0964917	-0.0985239	-0.0962286	-0.104135	-0.111991	
-0.391867	-0.391867	-0.381004	-0.38315	-0.450765	-0.582009	-0.724523	-0.830497	-0.857745	-0.800506	-0.662386	-0.436895	-0.14276	0.176527	0.472837	0.72619	0.914134	1.01718	1.02483	0.917422	0.723334	0.502129	0.296874	0.139743	0.0407778	-0.0220153	-0.0497753	-0.0649114	-0.0712741	-0.0721357	-0.0749782	-0.0733148	-0.0761416	-0.0742071	-0.077364	-0.0766042	-0.0777055	-0.0809895	-0.078788	-0.0835917	-0.0843547	-0.0840488	-0.0876639	-0.0890368	-0.088049	-0.0969496	-0.0969621	-0.09584	-0.102253	-0.111547	
-0.392029	-0.392029	-0.380537	-0.382451	-0.450386	-0.581108	-0.723231	-0.831042	-0.858465	-0.798602	-0.662253	-0.439588	-0.144832	0.173601	0.47248	0.727439	0.911657	1.01387	1.02446	0.920667	0.72446	0.504466	0.300252	0.140261	0.0401093	-0.0216336	-0.0530199	-0.066007	-0.073934	-0.0749782	-0.0762482	-0.0769039	-0.0763156	-0.0771581	-0.077038	-0.0775562	-0.0770887	-0.0803314	-0.0762784	-0.0835933	-0.0807375	-0.0836116	-0.0892887	-0.092292	-0.0864824	-0.0946875	-0.0978162	-0.096183	-0.103902	-0.111337	
-0.391709	-0.391709	-0.381743	-0.385103	-0.453044	-0.583998	-0.726808	-0.832926	-0.858259	-0.797916	-0.659003	-0.434114	-0.138434	0.18059	0.474722	0.728518	0.916721	1.02112	1.02519	0.91397	0.719874	0.497595	0.292343	0.136001	0.0383324	-0.0250548	-0.0510448	-0.0669961	-0.0726812	-0.0733148	-0.0769039	-0.0740233	-0.0782571	-0.0754032	-0.0789147	-0.0791253	-0.0789453	-0.0836033	-0.0812174	-0.0846073	-0.0854351	-0.0845401	-0.08496	-0.0867984	-0.0887203	-0.0983003	-0.0983228	-0.0958859	-0.102759	-0.112052	
-0.391559	-0.391559	-0.383506	-0.390194	-0.460878	-0.592033	-0.732784	-0.836933	-0.859109	-0.793423	-0.650982	-0.423501	-0.126184	0.193717	0.489593	0.738945	0.918918	1.01445	1.02068	0.912604	0.713075	0.493319	0.291336	0.133578	0.0359729	-0.0239454	-0.0546587	-0.06696	-0.0745392	-0.0761416	-0.0763156	-0.0782571	-0.0764426	-0.0778014	-0.0778722	-0.0770301	-0.0779008	-0.0799486	-0.0756406	-0.0839249	-0.0808472	-0.0837289	-0.0912952	-0.0942833	-0.0875586	-0.0952021	-0.0965601	-0.096304	-0.104448	-0.111573	
-0.390726	-0.390726	-0.387261	-0.399509	-0.471803	-0.602382	-0.743481	-0.845337	-0.859679	-0.784644	-0.636988	-0.407362	-0.105901	0.213427	0.502702	0.751183	0.931735	1.02575	1.01703	0.898854	0.698919	0.476377	0.276118	0.124274	0.0302253	-0.0283242	-0.0544432	-0.0677833	-0.0739621	-0.0742071	-0.0771581	-0.0754032	-0.0778014	-0.0770509	-0.0782857	-0.0801291	-0.0793154	-0.0836069	-0.0819854	-0.0861006	-0.0849022	-0.0864906	-0.0864394	-0.086503	-0.0880424	-0.0989859	-0.0993881	-0.0974898	-0.105054	-0.11334	
-0.390093	-0.390093	-0.391634	-0.411719	-0.488967	-0.618994	-0.75567	-0.852068	-0.860053	-0.776379	-0.619139	-0.382363	-0.0785891	0.243029	0.528595	0.765983	0.938671	1.02231	1.01189	0.888819	0.683481	0.462649	0.266125	0.115522	0.0250914	-0.0312445	-0.0575561	-0.06965	-0.075283	-0.077364	-0.077038	-0.0789147	-0.0778722	-0.0782857	-0.0799029	-0.0783008	-0.0797795	-0.0821375	-0.0778314	-0.0849505	-0.0825961	-0.0846095	-0.0901356	-0.0934248	-0.090805	-0.0990063	-0.0962988	-0.0969793	-0.106209	-0.11245	
-0.388994	-0.388994	-0.398431	-0.428774	-0.509716	-0.637971	-0.772479	-0.863454	-0.858453	-0.759309	-0.594183	-0.353678	-0.0448878	0.275495	0.556602	0.789529	0.95413	1.02788	1.00037	0.870546	0.660088	0.43965	0.248392	0.103864	0.0167911	-0.0337951	-0.060855	-0.0691316	-0.0767689	-0.0766042	-0.0775562	-0.0791253	-0.0770301	-0.0801291	-0.0783008	-0.0801787	-0.0805454	-0.0822099	-0.0808442	-0.0875752	-0.083338	-0.0876416	-0.0910499	-0.090277	-0.0892839	-0.0989669	-0.0983344	-0.100374	-0.108786	-0.114805	
-0.388127	-0.388127	-0.406564	-0.450304	-0.537622	-0.662492	-0.789411	-0.871615	-0.855916	-0.742792	-0.563216	-0.313639	-0.00229859	0.317584	0.588464	0.809623	0.96923	1.03153	0.988809	0.846816	0.634534	0.412568	0.227666	0.0906446	0.00790617	-0.038644	-0.0619874	-0.0714948	-0.0757028	-0.0777055	-0.0770887	-0.0789453	-0.0779008	-0.0793154	-0.0797795	-0.0805454	-0.0817349	-0.0835927	-0.0835962	-0.0871895	-0.085484	-0.0897033	-0.0904335	-0.0891218	-0.0925963	-0.103271	-0.0981782	-0.100567	-0.109123	-0.114039	
-0.387934	-0.387934	-0.417491	-0.476906	-0.570611	-0.690795	-0.808997	-0.88038	-0.849274	-0.717347	-0.524954	-0.269091	0.0456901	0.36504	0.629949	0.83566	0.978602	1.02953	0.975684	0.822986	0.604128	0.386782	0.206931	0.0742325	-0.001624	-0.0451908	-0.0684825	-0.0741914	-0.0808214	-0.0809895	-0.0803314	-0.0836033	-0.0799486	-0.0836069	-0.0821375	-0.0822099	-0.0835927	-0.0838895	-0.0811207	-0.0875526	-0.0834789	-0.0868248	-0.0912266	-0.0948364	-0.0969731	-0.101266	-0.0968145	-0.103273	-0.11306	-0.115632	
-0.389139	-0.389139	-0.431567	-0.509138	-0.609783	-0.723563	-0.829219	-0.884571	-0.837339	-0.688715	-0.479513	-0.213052	0.101528	0.414349	0.670848	0.866917	0.998911	1.02737	0.946747	0.786595	0.566419	0.3495	0.182492	0.0625473	-0.0121095	-0.0439039	-0.0688242	-0.0718148	-0.0771192	-0.078788	-0.0762784	-0.0812174	-0.0756406	-0.0819854	-0.0778314	-0.0808442	-0.0835962	-0.0811207	-0.0875147	-0.089698	-0.0873909	-0.0957567	-0.097217	-0.0903738	-0.0935579	-0.102526	-0.0993952	-0.108129	-0.113629	-0.115447	
-0.393448	-0.393448	-0.449372	-0.547165	-0.655367	-0.759034	-0.847777	-0.885985	-0.820917	-0.650955	-0.424211	-0.149893	0.165536	0.471929	0.713313	0.88951	1.00561	1.02785	0.93005	0.748574	0.529608	0.315091	0.152096	0.0411578	-0.0251448	-0.0574708	-0.0746429	-0.0800236	-0.0829384	-0.0835917	-0.0835933	-0.0846073	-0.0839249	-0.0861006	-0.0849505	-0.0875752	-0.0871895	-0.0875526	-0.089698	-0.0875009	-0.0884095	-0.091121	-0.0885292	-0.091568	-0.104675	-0.105546	-0.101448	-0.108863	-0.115635	-0.116466	
-0.403453	-0.403453	-0.472425	-0.589203	-0.70517	-0.799799	-0.866237	-0.876836	-0.793295	-0.608968	-0.363331	-0.0768398	0.233833	0.53127	0.765664	0.922537	1.01209	1.00588	0.893673	0.703195	0.483953	0.279722	0.129753	0.0286514	-0.031575	-0.0578757	-0.0751605	-0.0793489	-0.0811189	-0.0843547	-0.0807375	-0.0854351	-0.0808472	-0.0849022	-0.0825961	-0.083338	-0.085484	-0.0834789	-0.0873909	-0.0884095	-0.0902926	-0.0952259	-0.0982745	-0.101056	-0.103734	-0.100789	-0.100519	-0.113617	-0.118695	-0.116327	
-0.421148	-0.421148	-0.502584	-0.637099	-0.7574	-0.838845	-0.882349	-0.86375	-0.756231	-0.553818	-0.29058	0.00446887	0.309015	0.587304	0.807123	0.952779	1.02209	0.993511	0.853902	0.650809	0.433511	0.236332	0.0966119	0.00994862	-0.0447356	-0.0647929	-0.0783742	-0.0818284	-0.0828254	-0.0840488	-0.0836116	-0.0845401	-0.0837289	-0.0864906	-0.0846095	-0.0876416	-0.0897033	-0.0868248	-0.0957567	-0.091121	-0.0952259	-0.098198	-0.0972656	-0.0955251	-0.103088	-0.102912	-0.109475	-0.119901	-0.118592	-0.117582	
-0.451944	-0.451944	-0.540007	-0.686607	-0.811725	-0.879198	-0.892404	-0.83741	-0.70586	-0.493065	-0.213742	0.0956907	0.392456	0.651767	0.850257	0.970822	1.01768	0.967368	0.81282	0.593159	0.384687	0.19715	0.0679107	-0.00838609	-0.0535549	-0.0758576	-0.0800282	-0.089303	-0.0854594	-0.0876639	-0.0892887	-0.08496	-0.0912952	-0.0864394	-0.0901356	-0.0910499	-0.0904335	-0.0912266	-0.097217	-0.0885292	-0.0982745	-0.0972656	-0.0950358	-0.100148	-0.111416	-0.107092	-0.112884	-0.11862	-0.117797	-0.120472	
-0.498879	-0.498879	-0.589226	-0.737368	-0.860589	-0.914771	-0.897431	-0.802916	-0.642225	-0.414146	-0.126833	0.18645	0.476414	0.711752	0.896868	0.994403	1.00241	0.924358	0.760494	0.534448	0.327937	0.163629	0.0424597	-0.024476	-0.0572315	-0.0826644	-0.0815235	-0.0911151	-0.0887863	-0.0890368	-0.092292	-0.0867984	-0.0942833	-0.086503	-0.0934248	-0.090277	-0.0891218	-0.0948364	-0.0903738	-0.091568	-0.101056	-0.0955251	-0.100148	-0.112991	-0.113028	-0.103132	-0.116714	-0.121876	-0.122084	-0.127149	
-0.565481	-0.565481	-0.651156	-0.789086	-0.902258	-0.941343	-0.89324	-0.754553	-0.563998	-0.327875	-0.0298493	0.285142	0.561414	0.767819	0.926853	1.01639	0.994437	0.872958	0.689696	0.469703	0.263603	0.118514	0.0184208	-0.041795	-0.0652314	-0.081612	-0.0852933	-0.0867175	-0.0874474	-0.088049	-0.0864824	-0.0887203	-0.0875586	-0.0880424	-0.090805	-0.0892839	-0.0925963	-0.0969731	-0.0935579	-0.104675	-0.103734	-0.103088	-0.111416	-0.113028	-0.100425	-0.108595	-0.126521	-0.12477	-0.123531	-0.132465	
-0.655924	-0.655924	-0.727418	-0.839383	-0.931983	-0.951496	-0.876014	-0.701416	-0.471751	-0.221186	0.072536	0.38277	0.648093	0.827592	0.944937	1.00821	0.971759	0.828661	0.621124	0.408429	0.21179	0.0757047	-0.0110904	-0.0586343	-0.083984	-0.0903616	-0.0973539	-0.0955056	-0.0964917	-0.0969496	-0.0946875	-0.0983003	-0.0952021	-0.0989859	-0.0990063	-0.0989669	-0.103271	-0.101266	-0.102526	-0.105546	-0.100789	-0.102912	-0.107092	-0.103132	-0.108595	-0.127691	-0.131855	-0.122352	-0.126533	-0.144904	
-0.768581	-0.768581	-0.81983	-0.88995	-0.947848	-0.942324	-0.835763	-0.632885	-0.37558	-0.104862	0.185956	0.475427	0.723073	0.892494	0.972821	0.989456	0.916924	0.757123	0.541831	0.337325	0.165844	0.0459245	-0.0260272	-0.0645113	-0.0852062	-0.0911631	-0.0971574	-0.0957797	-0.0985239	-0.0969621	-0.0978162	-0.0983228	-0.0965601	-0.0993881	-0.0962988	-0.0983344	-0.0981782	-0.0968145	-0.0993952	-0.101448	-0.100519	-0.109475	-0.112884	-0.116714	-0.126521	-0.131855	-0.122229	-0.119695	-0.139691	-0.154735	
-0.901212	-0.901212	-0.92527	-0.941813	-0.947976	-0.90816	-0.775052	-0.551975	-0.268947	0.0246394	0.308405	0.567312	0.776319	0.931346	0.998903	0.974795	0.862604	0.676704	0.45758	0.257	0.107841	0.00657728	-0.0494357	-0.0772829	-0.0907604	-0.0945987	-0.0963497	-0.0963666	-0.0962286	-0.09584	-0.096183	-0.0958859	-0.096304	-0.0974898	-0.0969793	-0.100374	-0.100567	-0.103273	-0.108129	-0.108863	-0.113617	-0.119901	-0.11862	-0.121876	-0.12477	-0.122352	-0.119695	-0.138192	-0.157211	-0.158158	
-1.04849	-1.04849	-1.03676	-0.994804	-0.938047	-0.847257	-0.681811	-0.452563	-0.166918	0.150357	0.43928	0.667903	0.830707	0.944319	0.991719	0.941997	0.79761	0.594531	0.379241	0.191415	0.0575773	-0.0257759	-0.072176	-0.0934376	-0.10144	-0.104912	-0.104465	-0.103719	-0.104135	-0.102253	-0.103902	-0.102759	-0.104448	-0.105054	-0.106209	-0.108786	-0.109123	-0.11306	-0.113629	-0.115635	-0.118695	-0.118592	-0.117797	-0.122084	-0.123531	-0.126533	-0.139691	-0.157211	-0.158525	-0.150912	
-1.19684	-1.19684	-1.1469	-1.04804	-0.92086	-0.766928	-0.564976	-0.324184	-0.047275	0.262617	0.549304	0.761599	0.889402	0.957146	0.960132	0.877837	0.713847	0.501981	0.299712	0.1327	0.0198588	-0.0502244	-0.0841691	-0.104071	-0.10896	-0.112209	-0.112665	-0.111817	-0.111991	-0.111547	-0.111337	-0.112052	-0.111573	-0.11334	-0.11245	-0.114805	-0.114039	-0.115632	-0.115447	-0.116466	-0.116327	-0.117582	-0.120472	-0.127149	-0.132465	-0.144904	-0.154735	-0.158158	-0.150912	-0.152961	
