-0.195857	-0.195857	-0.174928	-0.183999	-0.19253	-0.184971	-0.18236	-0.196719	-0.203577	-0.188688	-0.201464	-0.213327	-0.213125	-0.210692	-0.206981	-0.225191	-0.249504	-0.248765	-0.233636	-0.24236	-0.272594	-0.314575	-0.344668	-0.344184	-0.311959	-0.305531	-0.354349	-0.46206	-0.625056	-0.82729	-1.01788	-1.13549	-1.16166	-1.08594	-0.900397	-0.589876	-0.191281	0.242195	0.660613	1.04029	1.36788	1.59859	1.69618	1.6307	1.42122	1.128	0.80786	0.522345	0.30059	0.137553	
-0.195857	-0.195857	-0.174928	-0.183999	-0.19253	-0.184971	-0.18236	-0.196719	-0.203577	-0.188688	-0.201464	-0.213327	-0.213125	-0.210692	-0.206981	-0.225191	-0.249504	-0.248765	-0.233636	-0.24236	-0.272594	-0.314575	-0.344668	-0.344184	-0.311959	-0.305531	-0.354349	-0.46206	-0.625056	-0.82729	-1.01788	-1.13549	-1.16166	-1.08594	-0.900397	-0.589876	-0.191281	0.242195	0.660613	1.04029	1.36788	1.59859	1.69618	1.6307	1.42122	1.128	0.80786	0.522345	0.30059	0.137553	
-0.174928	-0.174928	-0.187946	-0.194613	-0.190635	-0.18912	-0.190087	-0.196041	-0.194274	-0.190446	-0.196105	-0.20469	-0.214765	-0.211246	-0.216915	-0.231322	-0.248939	-0.249495	-0.243102	-0.252236	-0.279495	-0.311398	-0.337654	-0.335564	-0.317003	-0.317928	-0.369739	-0.475485	-0.63351	-0.82375	-1.00129	-1.11204	-1.13486	-1.05716	-0.869108	-0.566401	-0.175806	0.245118	0.659235	1.0324	1.35112	1.57511	1.66444	1.60151	1.40082	1.11353	0.809328	0.52669	0.30907	0.152092	
-0.183999	-0.183999	-0.194613	-0.187308	-0.176403	-0.189113	-0.202006	-0.188704	-0.188219	-0.207383	-0.203842	-0.205603	-0.209631	-0.212794	-0.224307	-0.230652	-0.232659	-0.24155	-0.250075	-0.262888	-0.284757	-0.303775	-0.323781	-0.324982	-0.330471	-0.347989	-0.404854	-0.509126	-0.655311	-0.825016	-0.975487	-1.07592	-1.0886	-1.0087	-0.815696	-0.52544	-0.153285	0.252234	0.652642	1.02188	1.32297	1.53704	1.61678	1.55761	1.37291	1.10174	0.810989	0.539532	0.316973	0.16213	
-0.19253	-0.19253	-0.190635	-0.176403	-0.18498	-0.197899	-0.193973	-0.186084	-0.196428	-0.215689	-0.204992	-0.201755	-0.204133	-0.219967	-0.232187	-0.226551	-0.222833	-0.236819	-0.263181	-0.278942	-0.288643	-0.298739	-0.305314	-0.319336	-0.351201	-0.39032	-0.454708	-0.55325	-0.683753	-0.819927	-0.938079	-1.01817	-1.02049	-0.932322	-0.73964	-0.464315	-0.120788	0.262104	0.644176	0.998881	1.28114	1.47222	1.54534	1.48935	1.32741	1.08455	0.811909	0.558763	0.336974	0.178909	
-0.184971	-0.184971	-0.18912	-0.189113	-0.197899	-0.197643	-0.188233	-0.18895	-0.195564	-0.205831	-0.204336	-0.201067	-0.210215	-0.232207	-0.240951	-0.229658	-0.225514	-0.243388	-0.27985	-0.292498	-0.289781	-0.28884	-0.284458	-0.316455	-0.372777	-0.435582	-0.506765	-0.59703	-0.704965	-0.798929	-0.882109	-0.932712	-0.924386	-0.823307	-0.637813	-0.381836	-0.0729325	0.277742	0.638196	0.965175	1.22454	1.38522	1.44746	1.39959	1.26077	1.05368	0.808074	0.573043	0.363058	0.203106	
-0.18236	-0.18236	-0.190087	-0.202006	-0.193973	-0.188233	-0.196092	-0.200574	-0.203255	-0.201835	-0.205303	-0.203802	-0.214728	-0.230444	-0.233286	-0.22805	-0.224518	-0.254524	-0.28847	-0.300362	-0.292571	-0.281361	-0.281756	-0.332821	-0.411164	-0.498252	-0.571722	-0.655254	-0.727456	-0.781383	-0.821944	-0.842254	-0.81582	-0.704783	-0.530322	-0.298273	-0.0280444	0.288828	0.618833	0.917387	1.14587	1.28346	1.33397	1.30476	1.19429	1.02768	0.815634	0.59548	0.397006	0.229298	
-0.196719	-0.196719	-0.196041	-0.188704	-0.186084	-0.18895	-0.200574	-0.210333	-0.209166	-0.202783	-0.20863	-0.21621	-0.222458	-0.225508	-0.224315	-0.227825	-0.235618	-0.263717	-0.289627	-0.298439	-0.289712	-0.275832	-0.293191	-0.359264	-0.45757	-0.559063	-0.637372	-0.703872	-0.737875	-0.749882	-0.747056	-0.734499	-0.683713	-0.569605	-0.407488	-0.207223	0.0263025	0.303015	0.596223	0.859171	1.05273	1.16732	1.21129	1.19944	1.12542	0.997334	0.821716	0.620832	0.429104	0.257701	
-0.203577	-0.203577	-0.194274	-0.188219	-0.196428	-0.195564	-0.203255	-0.209166	-0.194594	-0.195254	-0.219854	-0.232899	-0.228442	-0.226264	-0.227745	-0.244887	-0.261957	-0.273946	-0.287099	-0.290636	-0.282428	-0.278872	-0.314786	-0.392854	-0.501825	-0.609287	-0.689782	-0.728255	-0.726069	-0.694544	-0.651888	-0.601909	-0.527266	-0.415257	-0.271264	-0.105923	0.0896605	0.321316	0.568777	0.788295	0.94427	1.03569	1.07704	1.08243	1.04425	0.956901	0.814709	0.64084	0.45749	0.290494	
-0.188688	-0.188688	-0.190446	-0.207383	-0.215689	-0.205831	-0.201835	-0.202783	-0.195254	-0.206705	-0.228837	-0.22601	-0.222465	-0.219966	-0.232684	-0.262438	-0.280185	-0.280219	-0.281424	-0.287137	-0.289571	-0.308564	-0.364321	-0.450195	-0.559108	-0.668049	-0.737371	-0.746176	-0.705462	-0.635816	-0.553431	-0.465117	-0.371496	-0.265223	-0.147151	-0.0150341	0.140047	0.32323	0.519448	0.691237	0.813983	0.890389	0.936256	0.96802	0.968048	0.922464	0.820624	0.666938	0.497391	0.329794	
-0.201464	-0.201464	-0.196105	-0.203842	-0.204992	-0.204336	-0.205303	-0.20863	-0.219854	-0.228837	-0.224407	-0.220092	-0.222261	-0.2202	-0.242954	-0.273964	-0.28548	-0.275498	-0.270517	-0.282961	-0.307403	-0.351563	-0.426995	-0.510212	-0.616372	-0.713278	-0.764013	-0.740209	-0.665148	-0.561929	-0.43945	-0.318997	-0.208648	-0.118058	-0.0233036	0.0712235	0.189166	0.316893	0.459347	0.582281	0.67632	0.744807	0.80287	0.859274	0.901026	0.890394	0.827292	0.695064	0.533026	0.366113	
-0.213327	-0.213327	-0.20469	-0.205603	-0.201755	-0.201067	-0.203802	-0.21621	-0.232899	-0.22601	-0.220092	-0.229947	-0.2345	-0.241752	-0.26595	-0.285293	-0.284386	-0.268955	-0.26286	-0.287681	-0.334614	-0.406234	-0.486759	-0.567139	-0.658362	-0.73418	-0.756381	-0.702594	-0.598129	-0.463318	-0.305292	-0.1585	-0.0417566	0.0324405	0.0988774	0.1612	0.232889	0.307406	0.388112	0.466691	0.536477	0.600984	0.67575	0.754649	0.828924	0.854743	0.817599	0.711556	0.559982	0.394436	
-0.213125	-0.213125	-0.214765	-0.209631	-0.204133	-0.210215	-0.214728	-0.222458	-0.228442	-0.222465	-0.222261	-0.2345	-0.247686	-0.265372	-0.282286	-0.282222	-0.279288	-0.27062	-0.275278	-0.31584	-0.389832	-0.477097	-0.555929	-0.627312	-0.693497	-0.736405	-0.725242	-0.644722	-0.515594	-0.349072	-0.165617	0.000348243	0.110973	0.17013	0.205292	0.234372	0.25615	0.27241	0.295584	0.33256	0.387278	0.456938	0.549658	0.656957	0.76026	0.820495	0.813513	0.729758	0.590994	0.430136	
-0.210692	-0.210692	-0.211246	-0.212794	-0.219967	-0.232207	-0.230444	-0.225508	-0.226264	-0.219966	-0.2202	-0.241752	-0.265372	-0.28208	-0.280575	-0.271474	-0.2795	-0.287028	-0.306126	-0.369137	-0.461457	-0.551402	-0.624048	-0.677741	-0.711263	-0.711962	-0.669313	-0.56639	-0.413599	-0.222094	-0.0207547	0.147951	0.250854	0.289878	0.298176	0.286768	0.25757	0.215451	0.185489	0.191868	0.237105	0.319499	0.433098	0.565024	0.69821	0.787609	0.809017	0.751332	0.623916	0.468889	
-0.206981	-0.206981	-0.216915	-0.224307	-0.232187	-0.240951	-0.233286	-0.224315	-0.227745	-0.232684	-0.242954	-0.26595	-0.282286	-0.280575	-0.265289	-0.261774	-0.284025	-0.307813	-0.351586	-0.4344	-0.530344	-0.616808	-0.676396	-0.708459	-0.699634	-0.660427	-0.589262	-0.467628	-0.293488	-0.0852346	0.119671	0.28199	0.371781	0.394399	0.371442	0.319492	0.236326	0.142897	0.0711979	0.0561094	0.104478	0.200832	0.338075	0.492248	0.646858	0.76237	0.804181	0.765189	0.649853	0.495688	
-0.225191	-0.225191	-0.231322	-0.230652	-0.226551	-0.229658	-0.22805	-0.227825	-0.244887	-0.262438	-0.273964	-0.285293	-0.282222	-0.271474	-0.261774	-0.270479	-0.303161	-0.351427	-0.421058	-0.505747	-0.593597	-0.666227	-0.70763	-0.705722	-0.653213	-0.577715	-0.481945	-0.341041	-0.151944	0.0620197	0.255943	0.405549	0.479976	0.48477	0.427422	0.329593	0.195694	0.0574716	-0.0441566	-0.0704439	-0.0167343	0.0981551	0.252077	0.427424	0.597292	0.733516	0.794506	0.772808	0.668444	0.518938	
-0.249504	-0.249504	-0.248939	-0.232659	-0.222833	-0.225514	-0.224518	-0.235618	-0.261957	-0.280185	-0.28548	-0.284386	-0.279288	-0.2795	-0.284025	-0.303161	-0.354678	-0.429869	-0.50691	-0.578474	-0.647266	-0.700056	-0.710398	-0.667347	-0.575136	-0.469549	-0.348177	-0.191337	0.00542866	0.208423	0.384491	0.514972	0.574394	0.555434	0.459687	0.314096	0.1343	-0.0371192	-0.158492	-0.188198	-0.127056	0.00219884	0.171224	0.358928	0.542683	0.693883	0.774142	0.770754	0.683354	0.542394	
-0.248765	-0.248765	-0.249495	-0.24155	-0.236819	-0.243388	-0.254524	-0.263717	-0.273946	-0.280219	-0.275498	-0.268955	-0.27062	-0.287028	-0.307813	-0.351427	-0.429869	-0.518535	-0.590916	-0.64463	-0.694259	-0.718422	-0.689511	-0.60864	-0.487132	-0.353943	-0.209876	-0.0415105	0.146777	0.329158	0.480763	0.591434	0.631156	0.582742	0.445952	0.255675	0.0420721	-0.149587	-0.275996	-0.302249	-0.22857	-0.0844464	0.0997624	0.301776	0.497922	0.666984	0.764465	0.780504	0.706828	0.573719	
-0.233636	-0.233636	-0.243102	-0.250075	-0.263181	-0.27985	-0.28847	-0.289627	-0.287099	-0.281424	-0.270517	-0.26286	-0.275278	-0.306126	-0.351586	-0.421058	-0.50691	-0.590916	-0.649975	-0.685539	-0.708142	-0.692277	-0.625508	-0.517885	-0.372893	-0.216846	-0.0533207	0.111192	0.279219	0.433261	0.559408	0.647999	0.660796	0.579464	0.40166	0.178226	-0.0564777	-0.252144	-0.374666	-0.390628	-0.306166	-0.147318	0.0467955	0.26105	0.465981	0.646941	0.760394	0.788037	0.726838	0.596032	
-0.24236	-0.24236	-0.252236	-0.262888	-0.278942	-0.292498	-0.300362	-0.298439	-0.290636	-0.287137	-0.282961	-0.287681	-0.31584	-0.369137	-0.4344	-0.505747	-0.578474	-0.64463	-0.685539	-0.692908	-0.673278	-0.614375	-0.519839	-0.390054	-0.227228	-0.0492269	0.118252	0.266615	0.40509	0.528952	0.629994	0.688238	0.670372	0.550079	0.34226	0.0946598	-0.143244	-0.334619	-0.445345	-0.452157	-0.358761	-0.193174	0.00800672	0.224132	0.434803	0.619463	0.741797	0.780222	0.726475	0.602388	
-0.272594	-0.272594	-0.279495	-0.284757	-0.288643	-0.289781	-0.292571	-0.289712	-0.282428	-0.289571	-0.307403	-0.334614	-0.389832	-0.461457	-0.530344	-0.593597	-0.647266	-0.694259	-0.708142	-0.673278	-0.60767	-0.515662	-0.396695	-0.249163	-0.065306	0.120489	0.280143	0.401958	0.509939	0.605306	0.675112	0.6985	0.640541	0.48869	0.256103	0.00278357	-0.232034	-0.409519	-0.509728	-0.508803	-0.411302	-0.242364	-0.0394383	0.181152	0.39272	0.586072	0.71809	0.767752	0.728251	0.611241	
-0.314575	-0.314575	-0.311398	-0.303775	-0.298739	-0.28884	-0.281361	-0.275832	-0.278872	-0.308564	-0.351563	-0.406234	-0.477097	-0.551402	-0.616808	-0.666227	-0.700056	-0.718422	-0.692277	-0.614375	-0.515662	-0.396799	-0.260796	-0.0919209	0.0971899	0.277477	0.414072	0.507806	0.586164	0.649835	0.683187	0.663173	0.56956	0.391406	0.153585	-0.0968609	-0.314158	-0.477606	-0.564147	-0.557766	-0.458868	-0.287868	-0.0837894	0.137799	0.355659	0.552326	0.698089	0.760914	0.733825	0.62945	
-0.344668	-0.344668	-0.337654	-0.323781	-0.305314	-0.284458	-0.281756	-0.293191	-0.314786	-0.364321	-0.426995	-0.486759	-0.555929	-0.624048	-0.676396	-0.70763	-0.710398	-0.689511	-0.625508	-0.519839	-0.396695	-0.260796	-0.104659	0.0689731	0.249751	0.406169	0.51673	0.582318	0.630464	0.656379	0.646376	0.583832	0.460948	0.27342	0.041458	-0.190365	-0.3891	-0.532464	-0.608548	-0.596584	-0.49546	-0.324512	-0.116597	0.107912	0.329224	0.534823	0.687798	0.761673	0.74539	0.644954	
-0.344184	-0.344184	-0.335564	-0.324982	-0.319336	-0.316455	-0.332821	-0.359264	-0.392854	-0.450195	-0.510212	-0.567139	-0.627312	-0.677741	-0.708459	-0.705722	-0.667347	-0.60864	-0.517885	-0.390054	-0.249163	-0.0919209	0.0689731	0.23467	0.388137	0.517083	0.600111	0.638294	0.649333	0.631696	0.575782	0.478699	0.340127	0.157346	-0.0548716	-0.26485	-0.439418	-0.568276	-0.633136	-0.619093	-0.518875	-0.346868	-0.140074	0.0870841	0.311926	0.519814	0.682803	0.763717	0.754014	0.659572	
-0.311959	-0.311959	-0.317003	-0.330471	-0.351201	-0.372777	-0.411164	-0.45757	-0.501825	-0.559108	-0.616372	-0.658362	-0.693497	-0.711263	-0.699634	-0.653213	-0.575136	-0.487132	-0.372893	-0.227228	-0.065306	0.0971899	0.249751	0.388137	0.510964	0.610638	0.667257	0.670937	0.639519	0.573947	0.480808	0.36098	0.22386	0.0578401	-0.128301	-0.312258	-0.467565	-0.580795	-0.640502	-0.624458	-0.526004	-0.357449	-0.14976	0.0744116	0.299128	0.507446	0.669675	0.753164	0.74539	0.648694	
-0.305531	-0.305531	-0.317928	-0.347989	-0.39032	-0.435582	-0.498252	-0.559063	-0.609287	-0.668049	-0.713278	-0.73418	-0.736405	-0.711962	-0.660427	-0.577715	-0.469549	-0.353943	-0.216846	-0.0492269	0.120489	0.277477	0.406169	0.517083	0.610638	0.684521	0.708926	0.673385	0.594806	0.490117	0.370643	0.247066	0.122009	-0.0190269	-0.17855	-0.341159	-0.479895	-0.586846	-0.642908	-0.631502	-0.538383	-0.374749	-0.173419	0.0483699	0.269388	0.475589	0.640484	0.726514	0.722748	0.632697	
-0.354349	-0.354349	-0.369739	-0.404854	-0.454708	-0.506765	-0.571722	-0.637372	-0.689782	-0.737371	-0.764013	-0.756381	-0.725242	-0.669313	-0.589262	-0.481945	-0.348177	-0.209876	-0.0533207	0.118252	0.280143	0.414072	0.51673	0.600111	0.667257	0.708926	0.695593	0.615442	0.498051	0.365642	0.240054	0.124871	0.0227837	-0.0927226	-0.22787	-0.372632	-0.501987	-0.603017	-0.661428	-0.652787	-0.565998	-0.407916	-0.208955	0.00880851	0.230115	0.437237	0.605666	0.698832	0.704741	0.622625	
-0.46206	-0.46206	-0.475485	-0.509126	-0.55325	-0.59703	-0.655254	-0.703872	-0.728255	-0.746176	-0.740209	-0.702594	-0.644722	-0.56639	-0.467628	-0.341041	-0.191337	-0.0415105	0.111192	0.266615	0.401958	0.507806	0.582318	0.638294	0.670937	0.673385	0.615442	0.497441	0.352391	0.21238	0.0941413	-0.000271884	-0.0776229	-0.168109	-0.282847	-0.41477	-0.535113	-0.634365	-0.690761	-0.68536	-0.599747	-0.442752	-0.24338	-0.0222192	0.202808	0.416023	0.592791	0.695586	0.709947	0.637535	
-0.625056	-0.625056	-0.63351	-0.655311	-0.683753	-0.704965	-0.727456	-0.737875	-0.726069	-0.705462	-0.665148	-0.598129	-0.515594	-0.413599	-0.293488	-0.151944	0.00542866	0.146777	0.279219	0.40509	0.509939	0.586164	0.630464	0.649333	0.639519	0.594806	0.498051	0.352391	0.199207	0.065914	-0.0323597	-0.102526	-0.15498	-0.223919	-0.322844	-0.443053	-0.557916	-0.651938	-0.707885	-0.700437	-0.615117	-0.456395	-0.254479	-0.0304213	0.198743	0.415988	0.597854	0.704716	0.724439	0.65282	
-0.82729	-0.82729	-0.82375	-0.825016	-0.819927	-0.798929	-0.781383	-0.749882	-0.694544	-0.635816	-0.561929	-0.463318	-0.349072	-0.222094	-0.0852346	0.0620197	0.208423	0.329158	0.433261	0.528952	0.605306	0.649835	0.656379	0.631696	0.573947	0.490117	0.365642	0.21238	0.065914	-0.0480604	-0.122248	-0.168666	-0.199789	-0.253359	-0.339577	-0.453339	-0.561907	-0.654005	-0.706525	-0.698566	-0.611126	-0.451454	-0.247296	-0.021977	0.208914	0.426958	0.608593	0.716057	0.732203	0.657988	
-1.01788	-1.01788	-1.00129	-0.975487	-0.938079	-0.882109	-0.821944	-0.747056	-0.651888	-0.553431	-0.43945	-0.305292	-0.165617	-0.0207547	0.119671	0.255943	0.384491	0.480763	0.559408	0.629994	0.675112	0.683187	0.646376	0.575782	0.480808	0.370643	0.240054	0.0941413	-0.0323597	-0.122248	-0.172887	-0.198313	-0.215051	-0.256572	-0.337111	-0.445126	-0.552296	-0.641804	-0.694255	-0.685388	-0.598521	-0.438662	-0.236155	-0.0112134	0.216817	0.432112	0.610611	0.711137	0.722223	0.638355	
-1.13549	-1.13549	-1.11204	-1.07592	-1.01817	-0.932712	-0.842254	-0.734499	-0.601909	-0.465117	-0.318997	-0.1585	0.000348243	0.147951	0.28199	0.405549	0.514972	0.591434	0.647999	0.688238	0.6985	0.663173	0.583832	0.478699	0.36098	0.247066	0.124871	-0.000271884	-0.102526	-0.168666	-0.198313	-0.209808	-0.214901	-0.252065	-0.327615	-0.435245	-0.540285	-0.630004	-0.682033	-0.673496	-0.58732	-0.429981	-0.229688	-0.0109583	0.211804	0.418691	0.586063	0.67691	0.673494	0.577124	
-1.16166	-1.16166	-1.13486	-1.0886	-1.02049	-0.924386	-0.81582	-0.683713	-0.527266	-0.371496	-0.208648	-0.0417566	0.110973	0.250854	0.371781	0.479976	0.574394	0.631156	0.660796	0.670372	0.640541	0.56956	0.460948	0.340127	0.22386	0.122009	0.0227837	-0.0776229	-0.15498	-0.199789	-0.215051	-0.214901	-0.216459	-0.250088	-0.327834	-0.435513	-0.543227	-0.63517	-0.68971	-0.684739	-0.602486	-0.44987	-0.257936	-0.0454068	0.166735	0.363955	0.521779	0.59909	0.586282	0.479835	
-1.08594	-1.08594	-1.05716	-1.0087	-0.932322	-0.823307	-0.704783	-0.569605	-0.415257	-0.265223	-0.118058	0.0324405	0.17013	0.289878	0.394399	0.48477	0.555434	0.582742	0.579464	0.550079	0.48869	0.391406	0.27342	0.157346	0.0578401	-0.0190269	-0.0927226	-0.168109	-0.223919	-0.253359	-0.256572	-0.252065	-0.250088	-0.286867	-0.366151	-0.477729	-0.588199	-0.682612	-0.74077	-0.737523	-0.658609	-0.510974	-0.323376	-0.119672	0.0861463	0.275386	0.423026	0.494553	0.474337	0.364591	
-0.900397	-0.900397	-0.869108	-0.815696	-0.73964	-0.637813	-0.530322	-0.407488	-0.271264	-0.147151	-0.0233036	0.0988774	0.205292	0.298176	0.371442	0.427422	0.459687	0.445952	0.40166	0.34226	0.256103	0.153585	0.041458	-0.0548716	-0.128301	-0.17855	-0.22787	-0.282847	-0.322844	-0.339577	-0.337111	-0.327615	-0.327834	-0.366151	-0.450554	-0.56508	-0.677828	-0.775334	-0.833395	-0.831498	-0.752452	-0.604743	-0.420764	-0.216476	-0.0133116	0.175201	0.32417	0.394104	0.376623	0.272301	
-0.589876	-0.589876	-0.566401	-0.52544	-0.464315	-0.381836	-0.298273	-0.207223	-0.105923	-0.0150341	0.0712235	0.1612	0.234372	0.286768	0.319492	0.329593	0.314096	0.255675	0.178226	0.0946598	0.00278357	-0.0968609	-0.190365	-0.26485	-0.312258	-0.341159	-0.372632	-0.41477	-0.443053	-0.453339	-0.445126	-0.435245	-0.435513	-0.477729	-0.56508	-0.680302	-0.793866	-0.887722	-0.943734	-0.935202	-0.850189	-0.698303	-0.50839	-0.302211	-0.095077	0.0973289	0.246356	0.319919	0.305904	0.206783	
-0.191281	-0.191281	-0.175806	-0.153285	-0.120788	-0.0729325	-0.0280444	0.0263025	0.0896605	0.140047	0.189166	0.232889	0.25615	0.25757	0.236326	0.195694	0.1343	0.0420721	-0.0564777	-0.143244	-0.232034	-0.314158	-0.3891	-0.439418	-0.467565	-0.479895	-0.501987	-0.535113	-0.557916	-0.561907	-0.552296	-0.540285	-0.543227	-0.588199	-0.677828	-0.793866	-0.903561	-0.994903	-1.04283	-1.02647	-0.932623	-0.771059	-0.576216	-0.361503	-0.148153	0.0504096	0.206933	0.286175	0.279363	0.192893	
0.242195	0.242195	0.245118	0.252234	0.262104	0.277742	0.288828	0.303015	0.321316	0.32323	0.316893	0.307406	0.27241	0.215451	0.142897	0.0574716	-0.0371192	-0.149587	-0.252144	-0.334619	-0.409519	-0.477606	-0.532464	-0.568276	-0.580795	-0.586846	-0.603017	-0.634365	-0.651938	-0.654005	-0.641804	-0.630004	-0.63517	-0.682612	-0.775334	-0.887722	-0.994903	-1.07702	-1.11611	-1.08669	-0.978586	-0.806373	-0.59911	-0.374865	-0.151987	0.0573602	0.220441	0.307473	0.311074	0.235945	
0.660613	0.660613	0.659235	0.652642	0.644176	0.638196	0.618833	0.596223	0.568777	0.519448	0.459347	0.388112	0.295584	0.185489	0.0711979	-0.0441566	-0.158492	-0.275996	-0.374666	-0.445345	-0.509728	-0.564147	-0.608548	-0.633136	-0.640502	-0.642908	-0.661428	-0.690761	-0.707885	-0.706525	-0.694255	-0.682033	-0.68971	-0.74077	-0.833395	-0.943734	-1.04283	-1.11611	-1.14161	-1.09551	-0.971934	-0.782837	-0.563119	-0.325005	-0.0889605	0.132058	0.305053	0.402745	0.414964	0.353551	
1.04029	1.04029	1.0324	1.02188	0.998881	0.965175	0.917387	0.859171	0.788295	0.691237	0.582281	0.466691	0.33256	0.191868	0.0561094	-0.0704439	-0.188198	-0.302249	-0.390628	-0.452157	-0.508803	-0.557766	-0.596584	-0.619093	-0.624458	-0.631502	-0.652787	-0.68536	-0.700437	-0.698566	-0.685388	-0.673496	-0.684739	-0.737523	-0.831498	-0.935202	-1.02647	-1.08669	-1.09551	-1.0312	-0.886704	-0.681731	-0.446374	-0.194306	0.05322	0.284572	0.464125	0.564664	0.581423	0.525487	
1.36788	1.36788	1.35112	1.32297	1.28114	1.22454	1.14587	1.05273	0.94427	0.813983	0.67632	0.536477	0.387278	0.237105	0.104478	-0.0167343	-0.127056	-0.22857	-0.306166	-0.358761	-0.411302	-0.458868	-0.49546	-0.518875	-0.526004	-0.538383	-0.565998	-0.599747	-0.615117	-0.611126	-0.598521	-0.58732	-0.602486	-0.658609	-0.752452	-0.850189	-0.932623	-0.978586	-0.971934	-0.886704	-0.724849	-0.50402	-0.256413	0.00532551	0.260112	0.496381	0.672731	0.771377	0.782867	0.72352	
1.59859	1.59859	1.57511	1.53704	1.47222	1.38522	1.28346	1.16732	1.03569	0.890389	0.744807	0.600984	0.456938	0.319499	0.200832	0.0981551	0.00219884	-0.0844464	-0.147318	-0.193174	-0.242364	-0.287868	-0.324512	-0.346868	-0.357449	-0.374749	-0.407916	-0.442752	-0.456395	-0.451454	-0.438662	-0.429981	-0.44987	-0.510974	-0.604743	-0.698303	-0.771059	-0.806373	-0.782837	-0.681731	-0.50402	-0.272911	-0.0185399	0.246774	0.503159	0.7342	0.903554	0.990869	0.990581	0.925691	
1.69618	1.69618	1.66444	1.61678	1.54534	1.44746	1.33397	1.21129	1.07704	0.936256	0.80287	0.67575	0.549658	0.433098	0.338075	0.252077	0.171224	0.0997624	0.0467955	0.00800672	-0.0394383	-0.0837894	-0.116597	-0.140074	-0.14976	-0.173419	-0.208955	-0.24338	-0.254479	-0.247296	-0.236155	-0.229688	-0.257936	-0.323376	-0.420764	-0.50839	-0.576216	-0.59911	-0.563119	-0.446374	-0.256413	-0.0185399	0.239488	0.505815	0.757526	0.982983	1.1373	1.20913	1.19466	1.11641	
1.6307	1.6307	1.60151	1.55761	1.48935	1.39959	1.30476	1.19944	1.08243	0.96802	0.859274	0.754649	0.656957	0.565024	0.492248	0.427424	0.358928	0.301776	0.26105	0.224132	0.181152	0.137799	0.107912	0.0870841	0.0744116	0.0483699	0.00880851	-0.0222192	-0.0304213	-0.021977	-0.0112134	-0.0109583	-0.0454068	-0.119672	-0.216476	-0.302211	-0.361503	-0.374865	-0.325005	-0.194306	0.00532551	0.246774	0.505815	0.765562	1.01206	1.22151	1.357	1.40987	1.37343	1.28149	
1.42122	1.42122	1.40082	1.37291	1.32741	1.26077	1.19429	1.12542	1.04425	0.968048	0.901026	0.828924	0.76026	0.69821	0.646858	0.597292	0.542683	0.497922	0.465981	0.434803	0.39272	0.355659	0.329224	0.311926	0.299128	0.269388	0.230115	0.202808	0.198743	0.208914	0.216817	0.211804	0.166735	0.0861463	-0.0133116	-0.095077	-0.148153	-0.151987	-0.0889605	0.05322	0.260112	0.503159	0.757526	1.01206	1.24573	1.43727	1.5506	1.57514	1.51449	1.40119	
1.128	1.128	1.11353	1.10174	1.08455	1.05368	1.02768	0.997334	0.956901	0.922464	0.890394	0.854743	0.820495	0.787609	0.76237	0.733516	0.693883	0.666984	0.646941	0.619463	0.586072	0.552326	0.534823	0.519814	0.507446	0.475589	0.437237	0.416023	0.415988	0.426958	0.432112	0.418691	0.363955	0.275386	0.175201	0.0973289	0.0504096	0.0573602	0.132058	0.284572	0.496381	0.7342	0.982983	1.22151	1.43727	1.60183	1.68032	1.67197	1.57858	1.43805	
0.80786	0.80786	0.809328	0.810989	0.811909	0.808074	0.815634	0.821716	0.814709	0.820624	0.827292	0.817599	0.813513	0.809017	0.804181	0.794506	0.774142	0.764465	0.760394	0.741797	0.71809	0.698089	0.687798	0.682803	0.669675	0.640484	0.605666	0.592791	0.597854	0.608593	0.610611	0.586063	0.521779	0.423026	0.32417	0.246356	0.206933	0.220441	0.305053	0.464125	0.672731	0.903554	1.1373	1.357	1.5506	1.68032	1.72635	1.68085	1.55541	1.39105	
0.522345	0.522345	0.52669	0.539532	0.558763	0.573043	0.59548	0.620832	0.64084	0.666938	0.695064	0.711556	0.729758	0.751332	0.765189	0.772808	0.770754	0.780504	0.788037	0.780222	0.767752	0.760914	0.761673	0.763717	0.753164	0.726514	0.698832	0.695586	0.704716	0.716057	0.711137	0.67691	0.59909	0.494553	0.394104	0.319919	0.286175	0.307473	0.402745	0.564664	0.771377	0.990869	1.20913	1.40987	1.57514	1.67197	1.68085	1.59785	1.44425	1.25868	
0.30059	0.30059	0.30907	0.316973	0.336974	0.363058	0.397006	0.429104	0.45749	0.497391	0.533026	0.559982	0.590994	0.623916	0.649853	0.668444	0.683354	0.706828	0.726838	0.726475	0.728251	0.733825	0.74539	0.754014	0.74539	0.722748	0.704741	0.709947	0.724439	0.732203	0.722223	0.673494	0.586282	0.474337	0.376623	0.305904	0.279363	0.311074	0.414964	0.581423	0.782867	0.990581	1.19466	1.37343	1.51449	1.57858	1.55541	1.44425	1.27252	1.07629	
0.137553	0.137553	0.152092	0.16213	0.178909	0.203106	0.229298	0.257701	0.290494	0.329794	0.366113	0.394436	0.430136	0.468889	0.495688	0.518938	0.542394	0.573719	0.596032	0.602388	0.611241	0.62945	0.644954	0.659572	0.648694	0.632697	0.622625	0.637535	0.65282	0.657988	0.638355	0.577124	0.479835	0.364591	0.272301	0.206783	0.192893	0.235945	0.353551	0.525487	0.72352	0.925691	1.11641	1.28149	1.40119	1.43805	1.39105	1.25868	1.07629	0.879602	
