-0.202908	-0.35288	-0.410451	-0.507122	0.557091	0.557091	
-0.35288	0.0457334	0.534431	-0.0170361	-0.0990949	-0.0990949	
-0.410451	0.534431	0.4354	-0.26936	0.0771596	0.0771596	
-0.507122	-0.0170361	-0.26936	0.354204	0.72902	0.72902	
0.557091	-0.0990949	0.0771596	0.72902	-0.0626152	-0.0626152	
0.557091	-0.0990949	0.0771596	0.72902	-0.0626152	-0.0626152	
