0.896548	1.10673	1.27111	1.36182	1.36484	1.30698	1.20174	1.05643	0.881874	0.694849	0.51072	0.340721	0.2027	0.107687	0.0503041	0.012514	-0.0129415	-0.0250693	-0.0218709	-0.0237025	-0.0448089	-0.074278	-0.106122	-0.126056	-0.131991	-0.12821	-0.0968829	-0.0241843	0.0895977	0.232226	0.38984	0.54845	0.687845	0.795016	0.85694	0.859616	0.790147	0.63363	0.4108	0.173352	-0.0454	-0.22509	-0.35404	-0.439654	-0.486633	-0.499577	-0.495966	-0.485536	-0.473391	-0.473391	
1.10673	1.32817	1.50213	1.59758	1.60621	1.54729	1.42174	1.24189	1.02141	0.788984	0.566591	0.366999	0.208375	0.104206	0.046429	0.016565	0.00984009	0.0158654	0.0278387	0.0272306	-0.00205921	-0.0540321	-0.116481	-0.166543	-0.198691	-0.212247	-0.186605	-0.104995	0.0324708	0.208186	0.405287	0.606056	0.782275	0.910266	0.973634	0.970037	0.897484	0.742787	0.524411	0.285623	0.0523104	-0.152589	-0.311082	-0.42715	-0.50569	-0.551935	-0.582565	-0.605946	-0.61811	-0.61811	
1.27111	1.50213	1.68361	1.7875	1.80383	1.73899	1.59247	1.37614	1.11566	0.851698	0.606633	0.394793	0.233994	0.131815	0.0791572	0.0640687	0.0720436	0.0883696	0.106199	0.0977393	0.0534879	-0.0164222	-0.103413	-0.181849	-0.239932	-0.267146	-0.242437	-0.157898	-0.014999	0.174687	0.394788	0.623309	0.831107	0.987713	1.06776	1.07232	1.00575	0.857631	0.647013	0.411223	0.170108	-0.054095	-0.242292	-0.395927	-0.516428	-0.603644	-0.668809	-0.720517	-0.751947	-0.751947	
1.36182	1.59758	1.7875	1.89948	1.91921	1.8489	1.6818	1.43895	1.15687	0.881247	0.634419	0.429415	0.275922	0.179302	0.13402	0.126504	0.145231	0.174308	0.193921	0.180437	0.130972	0.0463003	-0.0622796	-0.162195	-0.23688	-0.272749	-0.257627	-0.185274	-0.0511096	0.133574	0.355756	0.601769	0.843189	1.03652	1.14514	1.16933	1.11368	0.971237	0.766159	0.533932	0.290996	0.0559517	-0.157296	-0.350375	-0.518485	-0.649351	-0.742973	-0.810083	-0.850196	-0.850196	
1.36484	1.60621	1.80383	1.91921	1.94293	1.86522	1.68462	1.42811	1.13879	0.866758	0.630937	0.439087	0.297826	0.211722	0.172787	0.178401	0.21535	0.258006	0.287229	0.277863	0.226629	0.136375	0.0188417	-0.0959636	-0.189984	-0.244235	-0.244752	-0.188571	-0.0746371	0.0938265	0.313273	0.570188	0.836121	1.06296	1.20379	1.25158	1.20914	1.07486	0.875941	0.644989	0.398944	0.155507	-0.0763438	-0.298798	-0.503073	-0.667632	-0.782088	-0.858751	-0.90391	-0.90391	
1.30698	1.54729	1.73899	1.8489	1.86522	1.77712	1.58716	1.3249	1.04147	0.784895	0.568121	0.397668	0.27598	0.202	0.17708	0.202375	0.260377	0.329479	0.378642	0.38094	0.340552	0.251624	0.123869	-0.0112117	-0.127127	-0.193855	-0.205584	-0.166679	-0.069756	0.085404	0.29362	0.54809	0.827246	1.07557	1.23857	1.30703	1.28096	1.15929	0.967067	0.733089	0.479135	0.2276	-0.0125848	-0.243423	-0.458881	-0.638478	-0.766988	-0.854943	-0.908121	-0.908121	
1.20174	1.42174	1.59247	1.6818	1.68462	1.58716	1.3938	1.13739	0.87077	0.635656	0.443032	0.297473	0.195221	0.139866	0.134922	0.184475	0.275995	0.377044	0.448037	0.468067	0.436897	0.347476	0.2149	0.0698723	-0.0540248	-0.125896	-0.143716	-0.109373	-0.021381	0.118381	0.312744	0.557893	0.831181	1.07986	1.2526	1.33367	1.3172	1.20587	1.02111	0.785316	0.526524	0.274299	0.0396043	-0.179324	-0.383283	-0.559763	-0.693106	-0.789619	-0.849978	-0.849978	
1.05643	1.24189	1.37614	1.43895	1.42811	1.3249	1.13739	0.896037	0.652464	0.442641	0.275868	0.15296	0.0721716	0.0341145	0.0456993	0.119718	0.237203	0.363494	0.456486	0.493753	0.477366	0.400602	0.276999	0.13422	0.0107368	-0.0544037	-0.0599152	-0.0184309	0.0670307	0.199869	0.38042	0.604442	0.857999	1.09212	1.25398	1.32516	1.30315	1.19727	1.02335	0.796996	0.549752	0.312381	0.095184	-0.101611	-0.282546	-0.442188	-0.565998	-0.657194	-0.714753	-0.714753	
0.881874	1.02141	1.11566	1.15687	1.13879	1.04147	0.87077	0.652464	0.436132	0.249316	0.0993612	-0.00946022	-0.0818673	-0.116626	-0.0968118	-0.0113329	0.124071	0.273586	0.38605	0.444844	0.448955	0.390485	0.284738	0.15611	0.0528522	0.0140864	0.030695	0.0897433	0.18669	0.319091	0.487992	0.69272	0.915893	1.11127	1.23811	1.28028	1.23837	1.13223	0.975929	0.776627	0.561284	0.354212	0.163071	-0.00741288	-0.159947	-0.292126	-0.391224	-0.460076	-0.502127	-0.502127	
0.694849	0.788984	0.851698	0.881247	0.866758	0.784895	0.635656	0.442641	0.249316	0.0738032	-0.0699944	-0.179066	-0.25704	-0.296262	-0.279679	-0.192343	-0.0470173	0.113206	0.238838	0.316156	0.339796	0.306428	0.229257	0.131006	0.0611841	0.0534088	0.103453	0.196394	0.31522	0.457152	0.622185	0.801935	0.980821	1.12715	1.20906	1.20926	1.13912	1.03236	0.8987	0.736191	0.565092	0.399997	0.244537	0.107919	-0.0087303	-0.105052	-0.171687	-0.211127	-0.232165	-0.232165	
0.51072	0.566591	0.606633	0.634419	0.630937	0.568121	0.443032	0.275868	0.0993612	-0.0699944	-0.216794	-0.336993	-0.427359	-0.481967	-0.478454	-0.398994	-0.258143	-0.0981833	0.0346548	0.12667	0.168689	0.161025	0.115448	0.0506395	0.0176155	0.0516239	0.1457	0.275718	0.420888	0.576012	0.736083	0.893914	1.03526	1.13417	1.16987	1.13134	1.0375	0.928049	0.811783	0.685389	0.562678	0.447726	0.340332	0.250786	0.180126	0.123897	0.0868404	0.070554	0.0664299	0.0664299	
0.340721	0.366999	0.394793	0.429415	0.439087	0.397668	0.297473	0.15296	-0.00946022	-0.179066	-0.336993	-0.472754	-0.583061	-0.657568	-0.66959	-0.605515	-0.476868	-0.324653	-0.191607	-0.0927622	-0.0389096	-0.0243323	-0.0427712	-0.0738005	-0.0657493	0.00455638	0.129943	0.290072	0.459754	0.630119	0.796151	0.94505	1.05816	1.1232	1.13068	1.06669	0.953535	0.838241	0.733632	0.639125	0.563613	0.503547	0.454717	0.422645	0.403595	0.38656	0.3715	0.367658	0.37289	0.37289	
0.2027	0.208375	0.233994	0.275922	0.297826	0.27598	0.195221	0.0721716	-0.0818673	-0.25704	-0.427359	-0.583061	-0.714437	-0.805941	-0.834821	-0.788246	-0.675325	-0.537585	-0.410318	-0.308939	-0.247229	-0.219372	-0.219141	-0.223424	-0.19259	-0.107107	0.0379407	0.22082	0.412131	0.602293	0.781781	0.933617	1.04012	1.09424	1.08791	1.01065	0.891256	0.776107	0.682219	0.617673	0.58757	0.581156	0.590281	0.613836	0.643011	0.661555	0.664812	0.668952	0.679705	0.679705	
0.107687	0.104206	0.131815	0.179302	0.211722	0.202	0.139866	0.0341145	-0.116626	-0.296262	-0.481967	-0.657568	-0.805941	-0.912832	-0.956586	-0.925407	-0.833021	-0.715567	-0.596597	-0.500364	-0.442956	-0.413297	-0.407336	-0.402612	-0.363818	-0.27103	-0.117505	0.0754712	0.283006	0.494027	0.695316	0.864212	0.976521	1.02947	1.02379	0.954774	0.848632	0.745893	0.671608	0.641205	0.651869	0.688311	0.742495	0.808517	0.87546	0.925767	0.950362	0.966666	0.984177	0.984177	
0.0503041	0.046429	0.0791572	0.13402	0.172787	0.17708	0.134922	0.0456993	-0.0968118	-0.279679	-0.478454	-0.66959	-0.834821	-0.956586	-1.01431	-1.0052	-0.943844	-0.853261	-0.755598	-0.679837	-0.634191	-0.613547	-0.613444	-0.602235	-0.556844	-0.465393	-0.315183	-0.118684	0.104008	0.336127	0.556855	0.738758	0.860297	0.9244	0.93386	0.890041	0.817821	0.747556	0.706215	0.711762	0.754838	0.820364	0.902965	0.994798	1.0872	1.16546	1.2162	1.25081	1.27703	1.27703	
0.012514	0.016565	0.0640687	0.126504	0.178401	0.202375	0.184475	0.119718	-0.0113329	-0.192343	-0.398994	-0.605515	-0.788246	-0.925407	-1.0052	-1.03044	-1.0107	-0.96392	-0.904938	-0.856371	-0.830749	-0.826658	-0.827461	-0.806724	-0.75862	-0.668938	-0.520129	-0.320887	-0.089387	0.152985	0.384457	0.578601	0.713726	0.791511	0.82137	0.817349	0.795853	0.769849	0.767611	0.808689	0.878207	0.963517	1.06315	1.16946	1.27749	1.37756	1.45362	1.50671	1.53978	1.53978	
-0.0129415	0.00984009	0.0720436	0.145231	0.21535	0.260377	0.275995	0.237203	0.124071	-0.0470173	-0.258143	-0.476868	-0.675325	-0.833021	-0.943844	-1.0107	-1.04688	-1.0557	-1.03955	-1.02661	-1.02634	-1.03446	-1.03519	-1.00809	-0.95204	-0.855637	-0.70784	-0.512323	-0.277985	-0.0256431	0.217124	0.419636	0.564407	0.656187	0.709462	0.745318	0.771331	0.789747	0.828457	0.902858	0.995944	1.10036	1.21588	1.33316	1.44964	1.56177	1.65451	1.71855	1.75237	1.75237	
-0.0250693	0.0158654	0.0883696	0.174308	0.258006	0.329479	0.377044	0.363494	0.273586	0.113206	-0.0981833	-0.324653	-0.537585	-0.715567	-0.853261	-0.96392	-1.0557	-1.11409	-1.14755	-1.17394	-1.19592	-1.21994	-1.22218	-1.18404	-1.11565	-1.01333	-0.869788	-0.675357	-0.430952	-0.166898	0.0822065	0.291433	0.447615	0.548751	0.613501	0.674822	0.736457	0.79271	0.866732	0.969463	1.08748	1.2163	1.35095	1.47918	1.59926	1.71318	1.81057	1.87516	1.90323	1.90323	
-0.0218709	0.0278387	0.106199	0.193921	0.287229	0.378642	0.448037	0.456486	0.38605	0.238838	0.0346548	-0.191607	-0.410318	-0.596597	-0.755598	-0.904938	-1.03955	-1.14755	-1.22886	-1.2844	-1.32908	-1.3638	-1.35794	-1.31039	-1.23314	-1.12415	-0.9776	-0.776227	-0.52443	-0.254527	0.00181576	0.217415	0.374929	0.472958	0.53986	0.612698	0.692276	0.7743	0.876283	1.00228	1.14402	1.29749	1.45097	1.58993	1.71133	1.82049	1.91399	1.97305	1.99327	1.99327	
-0.0237025	0.0272306	0.0977393	0.180437	0.277863	0.38094	0.468067	0.493753	0.444844	0.316156	0.12667	-0.0927622	-0.308939	-0.500364	-0.679837	-0.856371	-1.02661	-1.17394	-1.2844	-1.36249	-1.4199	-1.448	-1.43015	-1.37057	-1.27424	-1.148	-0.992484	-0.790384	-0.540769	-0.269655	-0.0165152	0.188963	0.337029	0.428204	0.489964	0.559086	0.644019	0.745835	0.867829	1.00624	1.16236	1.33213	1.49748	1.6438	1.76631	1.87068	1.9593	2.0144	2.03075	2.03075	
-0.0448089	-0.00205921	0.0534879	0.130972	0.226629	0.340552	0.436897	0.477366	0.448955	0.339796	0.168689	-0.0389096	-0.247229	-0.442956	-0.634191	-0.830749	-1.02634	-1.19592	-1.32908	-1.4199	-1.47046	-1.47709	-1.43105	-1.33905	-1.2103	-1.06319	-0.901731	-0.702617	-0.461605	-0.208557	0.019094	0.20194	0.330421	0.404622	0.455651	0.517587	0.603633	0.717175	0.847067	0.986013	1.14379	1.31466	1.47906	1.62694	1.75207	1.85635	1.94423	2.00172	2.02191	2.02191	
-0.074278	-0.0540321	-0.0164222	0.0463003	0.136375	0.251624	0.347476	0.400602	0.390485	0.306428	0.161025	-0.0243323	-0.219372	-0.413297	-0.613547	-0.826658	-1.03446	-1.21994	-1.3638	-1.448	-1.47709	-1.44391	-1.35283	-1.22016	-1.05698	-0.886993	-0.710109	-0.509749	-0.292402	-0.0769018	0.113633	0.258584	0.350502	0.403292	0.443603	0.49131	0.568233	0.682993	0.811208	0.941991	1.08877	1.24574	1.39847	1.54304	1.67154	1.77949	1.86973	1.93438	1.96471	1.96471	
-0.106122	-0.116481	-0.103413	-0.0622796	0.0188417	0.123869	0.2149	0.276999	0.284738	0.229257	0.115448	-0.0427712	-0.219141	-0.407336	-0.613444	-0.827461	-1.03519	-1.22218	-1.35794	-1.43015	-1.43105	-1.35283	-1.21897	-1.04438	-0.843704	-0.641149	-0.440309	-0.245125	-0.0577784	0.120019	0.26563	0.361248	0.412737	0.438565	0.453338	0.473967	0.532664	0.63507	0.749479	0.86641	0.996779	1.13431	1.27204	1.41031	1.54	1.65033	1.74022	1.80977	1.85039	1.85039	
-0.126056	-0.166543	-0.181849	-0.162195	-0.0959636	-0.0112117	0.0698723	0.13422	0.15611	0.131006	0.0506395	-0.0738005	-0.223424	-0.402612	-0.602235	-0.806724	-1.00809	-1.18404	-1.31039	-1.37057	-1.33905	-1.22016	-1.04438	-0.827369	-0.591949	-0.359509	-0.140922	0.0526833	0.222923	0.36514	0.462883	0.510479	0.517278	0.503643	0.483034	0.470438	0.495933	0.56468	0.65469	0.758101	0.873326	0.993433	1.11885	1.24983	1.37585	1.48183	1.5629	1.62789	1.67195	1.67195	
-0.131991	-0.198691	-0.239932	-0.23688	-0.189984	-0.127127	-0.0540248	0.0107368	0.0528522	0.0611841	0.0176155	-0.0657493	-0.19259	-0.363818	-0.556844	-0.75862	-0.95204	-1.11565	-1.23314	-1.27424	-1.2103	-1.05698	-0.843704	-0.591949	-0.330586	-0.0735559	0.168044	0.371213	0.524221	0.626184	0.677053	0.676841	0.639285	0.587594	0.52897	0.476048	0.457252	0.481709	0.542598	0.630766	0.730771	0.837127	0.953652	1.07519	1.19	1.28254	1.34616	1.39578	1.43293	1.43293	
-0.12821	-0.212247	-0.267146	-0.272749	-0.244235	-0.193855	-0.125896	-0.0544037	0.0140864	0.0534088	0.0516239	0.00455638	-0.107107	-0.27103	-0.465393	-0.668938	-0.855637	-1.01333	-1.12415	-1.148	-1.06319	-0.886993	-0.641149	-0.359509	-0.0735559	0.213937	0.478795	0.680375	0.808647	0.871013	0.874086	0.827939	0.751536	0.660938	0.565585	0.483519	0.429396	0.41104	0.440717	0.509452	0.59134	0.682426	0.785431	0.889091	0.982675	1.05456	1.09804	1.12722	1.14932	1.14932	
-0.0968829	-0.186605	-0.242437	-0.257627	-0.244752	-0.205584	-0.143716	-0.0599152	0.030695	0.103453	0.1457	0.129943	0.0379407	-0.117505	-0.315183	-0.520129	-0.70784	-0.869788	-0.9776	-0.992484	-0.901731	-0.710109	-0.440309	-0.140922	0.168044	0.478795	0.74762	0.942123	1.05305	1.07592	1.02754	0.935257	0.819107	0.695803	0.584005	0.492793	0.416923	0.369885	0.37644	0.422596	0.479649	0.54593	0.620621	0.691089	0.751794	0.798549	0.825502	0.837445	0.842806	0.842806	
-0.0241843	-0.104995	-0.157898	-0.185274	-0.188571	-0.166679	-0.109373	-0.0184309	0.0897433	0.196394	0.275718	0.290072	0.22082	0.0754712	-0.118684	-0.320887	-0.512323	-0.675357	-0.776227	-0.790384	-0.702617	-0.509749	-0.245125	0.0526833	0.371213	0.680375	0.942123	1.13444	1.22478	1.20426	1.10999	0.980192	0.837509	0.700505	0.586398	0.496554	0.420594	0.370258	0.362121	0.381204	0.407795	0.438201	0.466835	0.48781	0.50463	0.522086	0.536224	0.537778	0.530497	0.530497	
0.0895977	0.0324708	-0.014999	-0.0511096	-0.0746371	-0.069756	-0.021381	0.0670307	0.18669	0.31522	0.420888	0.459754	0.412131	0.283006	0.104008	-0.089387	-0.277985	-0.430952	-0.52443	-0.540769	-0.461605	-0.292402	-0.0577784	0.222923	0.524221	0.808647	1.05305	1.22478	1.28184	1.23088	1.11461	0.969096	0.818471	0.682125	0.578704	0.507117	0.450526	0.408613	0.386397	0.376524	0.370126	0.357129	0.330087	0.294204	0.261445	0.24425	0.242033	0.235025	0.2201	0.2201	
0.232226	0.208186	0.174687	0.133574	0.0938265	0.085404	0.118381	0.199869	0.319091	0.457152	0.576012	0.630119	0.602293	0.494027	0.336127	0.152985	-0.0256431	-0.166898	-0.254527	-0.269655	-0.208557	-0.0769018	0.120019	0.36514	0.626184	0.871013	1.07592	1.20426	1.23088	1.17004	1.04973	0.902345	0.76197	0.652765	0.582402	0.53741	0.502868	0.47173	0.434239	0.390937	0.346772	0.289331	0.211053	0.124741	0.0461274	-0.0101197	-0.0406383	-0.0634043	-0.0841206	-0.0841206	
0.38984	0.405287	0.394788	0.355756	0.313273	0.29362	0.312744	0.38042	0.487992	0.622185	0.736083	0.796151	0.781781	0.695316	0.556855	0.384457	0.217124	0.0822065	0.00181576	-0.0165152	0.019094	0.113633	0.26563	0.462883	0.677053	0.874086	1.02754	1.10999	1.11461	1.04973	0.929323	0.794845	0.690502	0.627391	0.59225	0.57408	0.567348	0.546756	0.487645	0.406272	0.32191	0.223016	0.105216	-0.0158452	-0.128446	-0.223995	-0.295022	-0.343352	-0.370362	-0.370362	
0.54845	0.606056	0.623309	0.601769	0.570188	0.54809	0.557893	0.604442	0.69272	0.801935	0.893914	0.94505	0.933617	0.864212	0.738758	0.578601	0.419636	0.291433	0.217415	0.188963	0.20194	0.258584	0.361248	0.510479	0.676841	0.827939	0.935257	0.980192	0.969096	0.902345	0.794845	0.69421	0.629879	0.59902	0.592734	0.606621	0.622966	0.601126	0.523449	0.414635	0.292195	0.154609	0.00973133	-0.131198	-0.26708	-0.396947	-0.508588	-0.583429	-0.616122	-0.616122	
0.687845	0.782275	0.831107	0.843189	0.836121	0.827246	0.831181	0.857999	0.915893	0.980821	1.03526	1.05816	1.04012	0.976521	0.860297	0.713726	0.564407	0.447615	0.374929	0.337029	0.330421	0.350502	0.412737	0.517278	0.639285	0.751536	0.819107	0.837509	0.818471	0.76197	0.690502	0.629879	0.588573	0.57662	0.593269	0.620756	0.632858	0.603327	0.525188	0.405263	0.252946	0.0883399	-0.0716904	-0.22782	-0.383718	-0.537157	-0.673048	-0.762859	-0.79837	-0.79837	
0.795016	0.910266	0.987713	1.03652	1.06296	1.07557	1.07986	1.09212	1.11127	1.12715	1.13417	1.1232	1.09424	1.02947	0.9244	0.791511	0.656187	0.548751	0.472958	0.428204	0.404622	0.403292	0.438565	0.503643	0.587594	0.660938	0.695803	0.700505	0.682125	0.652765	0.627391	0.59902	0.57662	0.578609	0.593827	0.601597	0.589197	0.54995	0.477024	0.356983	0.196322	0.0262017	-0.140958	-0.31231	-0.483772	-0.644991	-0.781905	-0.871263	-0.907343	-0.907343	
0.85694	0.973634	1.06776	1.14514	1.20379	1.23857	1.2526	1.25398	1.23811	1.20906	1.16987	1.13068	1.08791	1.02379	0.93386	0.82137	0.709462	0.613501	0.53986	0.489964	0.455651	0.443603	0.453338	0.483034	0.52897	0.565585	0.584005	0.586398	0.578704	0.582402	0.59225	0.592734	0.593269	0.593827	0.583377	0.556648	0.510243	0.450833	0.375793	0.263295	0.114831	-0.0458481	-0.213105	-0.388671	-0.559572	-0.7103	-0.830286	-0.9108	-0.949438	-0.949438	
0.859616	0.970037	1.07232	1.16933	1.25158	1.30703	1.33367	1.32516	1.28028	1.20926	1.13134	1.06669	1.01065	0.954774	0.890041	0.817349	0.745318	0.674822	0.612698	0.559086	0.517587	0.49131	0.473967	0.470438	0.476048	0.483519	0.492793	0.496554	0.507117	0.53741	0.57408	0.606621	0.620756	0.601597	0.556648	0.490971	0.408683	0.326824	0.24176	0.133828	0.00280348	-0.14342	-0.300909	-0.459369	-0.605041	-0.726524	-0.819959	-0.891223	-0.935895	-0.935895	
0.790147	0.897484	1.00575	1.11368	1.20914	1.28096	1.3172	1.30315	1.23837	1.13912	1.0375	0.953535	0.891256	0.848632	0.817821	0.795853	0.771331	0.736457	0.692276	0.644019	0.603633	0.568233	0.532664	0.495933	0.457252	0.429396	0.416923	0.420594	0.450526	0.502868	0.567348	0.622966	0.632858	0.589197	0.510243	0.408683	0.300925	0.196382	0.0893284	-0.0189614	-0.131909	-0.262715	-0.401485	-0.524406	-0.624713	-0.703699	-0.766637	-0.825703	-0.870767	-0.870767	
0.63363	0.742787	0.857631	0.971237	1.07486	1.15929	1.20587	1.19727	1.13223	1.03236	0.928049	0.838241	0.776107	0.745893	0.747556	0.769849	0.789747	0.79271	0.7743	0.745835	0.717175	0.682993	0.63507	0.56468	0.481709	0.41104	0.369885	0.370258	0.408613	0.47173	0.546756	0.601126	0.603327	0.54995	0.450833	0.326824	0.196382	0.0597175	-0.0707096	-0.176696	-0.276212	-0.389616	-0.496945	-0.575094	-0.627566	-0.66479	-0.696102	-0.729455	-0.755896	-0.755896	
0.4108	0.524411	0.647013	0.766159	0.875941	0.967067	1.02111	1.02335	0.975929	0.8987	0.811783	0.733632	0.682219	0.671608	0.706215	0.767611	0.828457	0.866732	0.876283	0.867829	0.847067	0.811208	0.749479	0.65469	0.542598	0.440717	0.37644	0.362121	0.386397	0.434239	0.487645	0.523449	0.525188	0.477024	0.375793	0.24176	0.0893284	-0.0707096	-0.212565	-0.326004	-0.424085	-0.507594	-0.56693	-0.602698	-0.620268	-0.625866	-0.625433	-0.618588	-0.609128	-0.609128	
0.173352	0.285623	0.411223	0.533932	0.644989	0.733089	0.785316	0.796996	0.776627	0.736191	0.685389	0.639125	0.617673	0.641205	0.711762	0.808689	0.902858	0.969463	1.00228	1.00624	0.986013	0.941991	0.86641	0.758101	0.630766	0.509452	0.422596	0.381204	0.376524	0.390937	0.406272	0.414635	0.405263	0.356983	0.263295	0.133828	-0.0189614	-0.176696	-0.326004	-0.458824	-0.553122	-0.596054	-0.609167	-0.61277	-0.604366	-0.583761	-0.55306	-0.508455	-0.468196	-0.468196	
-0.0454	0.0523104	0.170108	0.290996	0.398944	0.479135	0.526524	0.549752	0.561284	0.565092	0.562678	0.563613	0.58757	0.651869	0.754838	0.878207	0.995944	1.08748	1.14402	1.16236	1.14379	1.08877	0.996779	0.873326	0.730771	0.59134	0.479649	0.407795	0.370126	0.346772	0.32191	0.292195	0.252946	0.196322	0.114831	0.00280348	-0.131909	-0.276212	-0.424085	-0.553122	-0.627269	-0.644394	-0.634368	-0.612704	-0.577374	-0.530204	-0.473683	-0.412271	-0.367908	-0.367908	
-0.22509	-0.152589	-0.054095	0.0559517	0.155507	0.2276	0.274299	0.312381	0.354212	0.399997	0.447726	0.503547	0.581156	0.688311	0.820364	0.963517	1.10036	1.2163	1.29749	1.33213	1.31466	1.24574	1.13431	0.993433	0.837127	0.682426	0.54593	0.438201	0.357129	0.289331	0.223016	0.154609	0.0883399	0.0262017	-0.0458481	-0.14342	-0.262715	-0.389616	-0.507594	-0.596054	-0.644394	-0.6567	-0.638081	-0.595044	-0.537364	-0.468868	-0.396633	-0.341337	-0.316045	-0.316045	
-0.35404	-0.311082	-0.242292	-0.157296	-0.0763438	-0.0125848	0.0396043	0.095184	0.163071	0.244537	0.340332	0.454717	0.590281	0.742495	0.902965	1.06315	1.21588	1.35095	1.45097	1.49748	1.47906	1.39847	1.27204	1.11885	0.953652	0.785431	0.620621	0.466835	0.330087	0.211053	0.105216	0.00973133	-0.0716904	-0.140958	-0.213105	-0.300909	-0.401485	-0.496945	-0.56693	-0.609167	-0.634368	-0.638081	-0.607686	-0.550669	-0.482837	-0.40896	-0.341529	-0.30415	-0.296689	-0.296689	
-0.439654	-0.42715	-0.395927	-0.350375	-0.298798	-0.243423	-0.179324	-0.101611	-0.00741288	0.107919	0.250786	0.422645	0.613836	0.808517	0.994798	1.16946	1.33316	1.47918	1.58993	1.6438	1.62694	1.54304	1.41031	1.24983	1.07519	0.889091	0.691089	0.48781	0.294204	0.124741	-0.0158452	-0.131198	-0.22782	-0.31231	-0.388671	-0.459369	-0.524406	-0.575094	-0.602698	-0.61277	-0.612704	-0.595044	-0.550669	-0.485526	-0.415341	-0.355703	-0.316917	-0.29898	-0.293606	-0.293606	
-0.486633	-0.50569	-0.516428	-0.518485	-0.503073	-0.458881	-0.383283	-0.282546	-0.159947	-0.0087303	0.180126	0.403595	0.643011	0.87546	1.0872	1.27749	1.44964	1.59926	1.71133	1.76631	1.75207	1.67154	1.54	1.37585	1.19	0.982675	0.751794	0.50463	0.261445	0.0461274	-0.128446	-0.26708	-0.383718	-0.483772	-0.559572	-0.605041	-0.624713	-0.627566	-0.620268	-0.604366	-0.577374	-0.537364	-0.482837	-0.415341	-0.351687	-0.31646	-0.310148	-0.308703	-0.302253	-0.302253	
-0.499577	-0.551935	-0.603644	-0.649351	-0.667632	-0.638478	-0.559763	-0.442188	-0.292126	-0.105052	0.123897	0.38656	0.661555	0.925767	1.16546	1.37756	1.56177	1.71318	1.82049	1.87068	1.85635	1.77949	1.65033	1.48183	1.28254	1.05456	0.798549	0.522086	0.24425	-0.0101197	-0.223995	-0.396947	-0.537157	-0.644991	-0.7103	-0.726524	-0.703699	-0.66479	-0.625866	-0.583761	-0.530204	-0.468868	-0.40896	-0.355703	-0.31646	-0.300487	-0.30475	-0.313979	-0.318314	-0.318314	
-0.495966	-0.582565	-0.668809	-0.742973	-0.782088	-0.766988	-0.693106	-0.565998	-0.391224	-0.171687	0.0868404	0.3715	0.664812	0.950362	1.2162	1.45362	1.65451	1.81057	1.91399	1.9593	1.94423	1.86973	1.74022	1.5629	1.34616	1.09804	0.825502	0.536224	0.242033	-0.0406383	-0.295022	-0.508588	-0.673048	-0.781905	-0.830286	-0.819959	-0.766637	-0.696102	-0.625433	-0.55306	-0.473683	-0.396633	-0.341529	-0.316917	-0.310148	-0.30475	-0.302217	-0.312391	-0.327276	-0.327276	
-0.485536	-0.605946	-0.720517	-0.810083	-0.858751	-0.854943	-0.789619	-0.657194	-0.460076	-0.211127	0.070554	0.367658	0.668952	0.966666	1.25081	1.50671	1.71855	1.87516	1.97305	2.0144	2.00172	1.93438	1.80977	1.62789	1.39578	1.12722	0.837445	0.537778	0.235025	-0.0634043	-0.343352	-0.583429	-0.762859	-0.871263	-0.9108	-0.891223	-0.825703	-0.729455	-0.618588	-0.508455	-0.412271	-0.341337	-0.30415	-0.29898	-0.308703	-0.313979	-0.312391	-0.313644	-0.31857	-0.31857	
-0.473391	-0.61811	-0.751947	-0.850196	-0.90391	-0.908121	-0.849978	-0.714753	-0.502127	-0.232165	0.0664299	0.37289	0.679705	0.984177	1.27703	1.53978	1.75237	1.90323	1.99327	2.03075	2.02191	1.96471	1.85039	1.67195	1.43293	1.14932	0.842806	0.530497	0.2201	-0.0841206	-0.370362	-0.616122	-0.79837	-0.907343	-0.949438	-0.935895	-0.870767	-0.755896	-0.609128	-0.468196	-0.367908	-0.316045	-0.296689	-0.293606	-0.302253	-0.318314	-0.327276	-0.31857	-0.303824	-0.303824	
-0.473391	-0.61811	-0.751947	-0.850196	-0.90391	-0.908121	-0.849978	-0.714753	-0.502127	-0.232165	0.0664299	0.37289	0.679705	0.984177	1.27703	1.53978	1.75237	1.90323	1.99327	2.03075	2.02191	1.96471	1.85039	1.67195	1.43293	1.14932	0.842806	0.530497	0.2201	-0.0841206	-0.370362	-0.616122	-0.79837	-0.907343	-0.949438	-0.935895	-0.870767	-0.755896	-0.609128	-0.468196	-0.367908	-0.316045	-0.296689	-0.293606	-0.302253	-0.318314	-0.327276	-0.31857	-0.303824	-0.303824	
