0.232029	0.159335	0.0913101	0.0457975	0.0363703	0.0524877	0.0761549	0.0932896	0.095825	0.0812686	0.0258049	-0.0770428	-0.206834	-0.336229	-0.447279	-0.51626	-0.534336	-0.511567	-0.447919	-0.348487	-0.222223	-0.078498	0.0660492	0.180714	0.24364	0.248509	0.192865	0.0852433	-0.053883	-0.216658	-0.389368	-0.529339	-0.623114	-0.681495	-0.710852	-0.705671	-0.638245	-0.506258	-0.33491	-0.154674	0.0147376	0.172394	0.302079	0.397133	0.463846	0.492688	0.489147	0.461782	0.425989	0.425989	
0.159335	0.0986847	0.0393491	-0.00253595	-0.00825941	0.0194482	0.0645834	0.110315	0.143983	0.152204	0.110377	0.0181643	-0.105685	-0.23807	-0.363391	-0.456911	-0.501537	-0.506626	-0.477821	-0.40816	-0.287256	-0.128122	0.0354192	0.170248	0.261123	0.29821	0.269789	0.182618	0.0577446	-0.0982542	-0.277546	-0.445359	-0.57816	-0.67419	-0.73676	-0.757007	-0.713056	-0.606581	-0.461428	-0.301691	-0.130662	0.0533107	0.224072	0.363633	0.475269	0.555695	0.594002	0.588579	0.567401	0.567401	
0.0913101	0.0393491	-0.00302301	-0.0286127	-0.0185725	0.0272425	0.0954177	0.168727	0.222589	0.240353	0.206957	0.123376	0.00136543	-0.134845	-0.275703	-0.395445	-0.468073	-0.496414	-0.491024	-0.445765	-0.334309	-0.174052	-0.00745652	0.141561	0.259019	0.325141	0.323453	0.26183	0.158392	0.0177208	-0.152487	-0.327756	-0.489607	-0.622431	-0.719534	-0.774557	-0.76657	-0.698928	-0.590565	-0.446718	-0.27207	-0.075388	0.130159	0.319751	0.47608	0.600107	0.67612	0.695676	0.69216	0.69216	
0.0457975	-0.00253595	-0.0286127	-0.0269798	0.0113323	0.0778651	0.170906	0.267455	0.329353	0.345339	0.314668	0.23223	0.104866	-0.0411631	-0.196363	-0.338498	-0.436492	-0.477943	-0.480493	-0.443144	-0.344071	-0.201895	-0.0457141	0.107477	0.243058	0.329622	0.348173	0.314293	0.238859	0.120645	-0.0275769	-0.189421	-0.363662	-0.528384	-0.658474	-0.751405	-0.794157	-0.775636	-0.701557	-0.576148	-0.400693	-0.19108	0.0300414	0.248511	0.447926	0.613814	0.729943	0.785589	0.800836	0.800836	
0.0363703	-0.00825941	-0.0185725	0.0113323	0.0727853	0.159478	0.276842	0.388879	0.452515	0.468065	0.43644	0.344171	0.199082	0.0381413	-0.126865	-0.279815	-0.39047	-0.440586	-0.44128	-0.403063	-0.32107	-0.205104	-0.0690439	0.0778359	0.215622	0.307416	0.343976	0.343337	0.307159	0.222729	0.100312	-0.0430827	-0.217807	-0.407412	-0.57231	-0.700612	-0.788347	-0.817261	-0.774641	-0.668118	-0.5019	-0.292536	-0.0699709	0.159743	0.384073	0.581055	0.741848	0.851005	0.900544	0.900544	
0.0524877	0.0194482	0.0272425	0.0778651	0.159478	0.265951	0.394703	0.507719	0.579707	0.608022	0.575761	0.464685	0.297215	0.117403	-0.0567561	-0.208561	-0.322184	-0.377455	-0.380618	-0.34679	-0.280811	-0.189709	-0.0724473	0.0607031	0.184541	0.274039	0.328922	0.362806	0.371261	0.327479	0.225713	0.089125	-0.0783309	-0.27175	-0.460531	-0.619099	-0.741837	-0.807892	-0.794992	-0.717596	-0.580414	-0.388295	-0.169668	0.0648353	0.30486	0.531482	0.728809	0.872914	0.947047	0.947047	
0.0761549	0.0645834	0.0954177	0.170906	0.276842	0.394703	0.514468	0.621602	0.707421	0.748211	0.709909	0.586289	0.404937	0.206585	0.0210143	-0.130765	-0.239383	-0.295614	-0.305499	-0.279558	-0.226464	-0.149659	-0.0493096	0.0622745	0.166793	0.251039	0.319968	0.37817	0.417137	0.409886	0.336207	0.209051	0.0517718	-0.121841	-0.308371	-0.493673	-0.652945	-0.75488	-0.779182	-0.735407	-0.628274	-0.464371	-0.258355	-0.0187602	0.231602	0.471526	0.682811	0.839919	0.925736	0.925736	
0.0932896	0.110315	0.168727	0.267455	0.388879	0.507719	0.621602	0.728558	0.815954	0.848937	0.808044	0.692641	0.517868	0.315563	0.120767	-0.0342439	-0.141989	-0.197469	-0.214528	-0.202687	-0.159422	-0.0932543	-0.0123834	0.0782444	0.169237	0.251486	0.327729	0.394537	0.442839	0.459398	0.425227	0.332022	0.196923	0.0398891	-0.140168	-0.336718	-0.525535	-0.664928	-0.725966	-0.715715	-0.636219	-0.496241	-0.31328	-0.0926531	0.148228	0.38821	0.602387	0.760083	0.844842	0.844842	
0.095825	0.143983	0.222589	0.329353	0.452515	0.579707	0.707421	0.815954	0.8846	0.902535	0.868862	0.773833	0.620198	0.430937	0.241332	0.0787839	-0.037037	-0.0961252	-0.124132	-0.125298	-0.0911415	-0.0321944	0.036118	0.114379	0.202603	0.283123	0.351984	0.412277	0.459875	0.487463	0.489681	0.45152	0.357249	0.21131	0.0294065	-0.169909	-0.366644	-0.522874	-0.614078	-0.643285	-0.600575	-0.495117	-0.347706	-0.155753	0.0674674	0.292624	0.490495	0.633747	0.709088	0.709088	
0.0812686	0.152204	0.240353	0.345339	0.468065	0.608022	0.748211	0.848937	0.902535	0.917502	0.894328	0.816525	0.68537	0.522668	0.349186	0.186729	0.0621773	-0.00969471	-0.048785	-0.0596557	-0.0307816	0.0289003	0.0979593	0.178026	0.266227	0.33751	0.388463	0.432896	0.475479	0.512216	0.540894	0.546643	0.502828	0.38709	0.210748	0.0167937	-0.173435	-0.337546	-0.451022	-0.513314	-0.516285	-0.462195	-0.36041	-0.204577	-0.00848789	0.191334	0.35782	0.468555	0.522678	0.522678	
0.0258049	0.110377	0.206957	0.314668	0.43644	0.575761	0.709909	0.808044	0.868862	0.894328	0.881531	0.818969	0.712898	0.571625	0.41656	0.265205	0.135277	0.0482223	-0.00186169	-0.0137516	0.0146869	0.0767739	0.158703	0.250187	0.3347	0.393837	0.43195	0.462682	0.499179	0.546073	0.595328	0.628267	0.620596	0.54391	0.400981	0.227562	0.0438643	-0.123552	-0.249691	-0.333306	-0.372153	-0.373299	-0.335228	-0.238505	-0.0898209	0.0717257	0.201447	0.279867	0.315306	0.315306	
-0.0770428	0.0181643	0.123376	0.23223	0.344171	0.464685	0.586289	0.692641	0.773833	0.816525	0.818969	0.782623	0.700631	0.574979	0.435941	0.297003	0.167104	0.0675296	0.0154652	0.0104743	0.0364673	0.0950241	0.185063	0.289314	0.376627	0.433686	0.47427	0.507017	0.539715	0.58946	0.655132	0.702892	0.712242	0.672957	0.579476	0.447134	0.287251	0.122578	-0.0148355	-0.113814	-0.183595	-0.238642	-0.266402	-0.239435	-0.15805	-0.0567751	0.0243112	0.0746906	0.10106	0.10106	
-0.206834	-0.105685	0.00136543	0.104866	0.199082	0.297215	0.404937	0.517868	0.620198	0.68537	0.712898	0.700631	0.639081	0.527879	0.397691	0.263489	0.133152	0.0359338	-0.00567984	-0.000541454	0.0276161	0.0811181	0.169671	0.282175	0.38161	0.450375	0.501419	0.540246	0.573736	0.625663	0.696518	0.754837	0.787587	0.788575	0.751939	0.674052	0.545742	0.389897	0.245039	0.126611	0.0254356	-0.0721593	-0.15355	-0.195662	-0.194436	-0.170042	-0.14794	-0.134392	-0.126927	-0.126927	
-0.336229	-0.23807	-0.134845	-0.0411631	0.0381413	0.117403	0.206585	0.315563	0.430937	0.522668	0.571625	0.574979	0.527879	0.426625	0.297901	0.159358	0.0375105	-0.0437003	-0.0738552	-0.0618055	-0.0271981	0.0306456	0.115854	0.225297	0.336274	0.428297	0.495672	0.542749	0.584462	0.639653	0.709749	0.775706	0.835219	0.887589	0.913846	0.88945	0.801544	0.665979	0.516796	0.382345	0.256395	0.122963	-0.00674966	-0.116173	-0.197436	-0.258431	-0.307	-0.331829	-0.334949	-0.334949	
-0.447279	-0.363391	-0.275703	-0.196363	-0.126865	-0.0567561	0.0210143	0.120767	0.241332	0.349186	0.41656	0.435941	0.397691	0.297901	0.160877	0.0215742	-0.0881184	-0.160805	-0.192396	-0.185776	-0.145689	-0.0754102	0.0139676	0.119612	0.236592	0.35242	0.447623	0.512993	0.560584	0.616724	0.687312	0.762905	0.855142	0.957489	1.038	1.06742	1.02792	0.925228	0.789747	0.652581	0.508724	0.346058	0.170959	-0.0108974	-0.183652	-0.329296	-0.433365	-0.485295	-0.50049	-0.50049	
-0.51626	-0.456911	-0.395445	-0.338498	-0.279815	-0.208561	-0.130765	-0.0342439	0.0787839	0.186729	0.265205	0.297003	0.263489	0.159358	0.0215742	-0.11138	-0.218382	-0.29853	-0.341181	-0.341248	-0.303112	-0.231162	-0.135728	-0.0269332	0.0898057	0.216775	0.337048	0.426131	0.48707	0.548203	0.62771	0.728563	0.852037	0.986288	1.10618	1.18173	1.19853	1.1508	1.04748	0.919118	0.765472	0.575247	0.354952	0.110726	-0.133503	-0.348025	-0.507588	-0.593746	-0.622977	-0.622977	
-0.534336	-0.501537	-0.468073	-0.436492	-0.39047	-0.322184	-0.239383	-0.141989	-0.037037	0.0621773	0.135277	0.167104	0.133152	0.0375105	-0.0881184	-0.218382	-0.339049	-0.440797	-0.493404	-0.497086	-0.470155	-0.4124	-0.317436	-0.199438	-0.0774504	0.0493535	0.172531	0.275934	0.354106	0.429614	0.528851	0.654649	0.802543	0.963761	1.11793	1.24207	1.32072	1.32792	1.25961	1.14445	0.984406	0.778199	0.534466	0.254928	-0.0361852	-0.30524	-0.518545	-0.649112	-0.705139	-0.705139	
-0.511567	-0.506626	-0.496414	-0.477943	-0.440586	-0.377455	-0.295614	-0.197469	-0.0961252	-0.00969471	0.0482223	0.0675296	0.0359338	-0.0437003	-0.160805	-0.29853	-0.440797	-0.562706	-0.62767	-0.641574	-0.627207	-0.584043	-0.496629	-0.376275	-0.249446	-0.126219	-0.0126116	0.0862954	0.174688	0.27168	0.390114	0.534438	0.701833	0.886175	1.0775	1.24942	1.37796	1.4337	1.40496	1.31215	1.15786	0.945562	0.689614	0.39638	0.0845029	-0.21605	-0.467866	-0.641262	-0.729845	-0.729845	
-0.447919	-0.477821	-0.491024	-0.480493	-0.44128	-0.380618	-0.305499	-0.214528	-0.124132	-0.048785	-0.00186169	0.0154652	-0.00567984	-0.0738552	-0.192396	-0.341181	-0.493404	-0.62767	-0.717493	-0.75904	-0.760301	-0.726027	-0.651687	-0.548211	-0.42903	-0.30249	-0.190084	-0.0973624	-0.0068368	0.0984537	0.22772	0.384658	0.564228	0.76933	0.988563	1.18929	1.35373	1.45429	1.47307	1.41705	1.28036	1.07021	0.807963	0.510225	0.198888	-0.106323	-0.376967	-0.575745	-0.679986	-0.679986	
-0.348487	-0.40816	-0.445765	-0.443144	-0.403063	-0.34679	-0.279558	-0.202687	-0.125298	-0.0596557	-0.0137516	0.0104743	-0.000541454	-0.0618055	-0.185776	-0.341248	-0.497086	-0.641574	-0.75904	-0.832582	-0.851767	-0.826072	-0.768207	-0.690407	-0.585857	-0.460284	-0.345971	-0.254801	-0.169027	-0.065202	0.0663756	0.228634	0.418864	0.635803	0.865322	1.07931	1.26197	1.39436	1.45938	1.44326	1.33182	1.13575	0.881237	0.593148	0.290247	-0.00731885	-0.26744	-0.464252	-0.575688	-0.575688	
-0.222223	-0.287256	-0.334309	-0.344071	-0.32107	-0.280811	-0.226464	-0.159422	-0.0911415	-0.0307816	0.0146869	0.0364673	0.0276161	-0.0271981	-0.145689	-0.303112	-0.470155	-0.627207	-0.760301	-0.851767	-0.889577	-0.88375	-0.845998	-0.783499	-0.690522	-0.576211	-0.469193	-0.380682	-0.29224	-0.189377	-0.0657881	0.0912141	0.277737	0.491809	0.725182	0.950357	1.14832	1.29926	1.38138	1.37815	1.28608	1.11839	0.893617	0.634082	0.357182	0.0826705	-0.160778	-0.348086	-0.45284	-0.45284	
-0.078498	-0.128122	-0.174052	-0.201895	-0.205104	-0.189709	-0.149659	-0.0932543	-0.0321944	0.0289003	0.0767739	0.0950241	0.0811181	0.0306456	-0.0754102	-0.231162	-0.4124	-0.584043	-0.726027	-0.826072	-0.88375	-0.904941	-0.885742	-0.831223	-0.746214	-0.64658	-0.550923	-0.458238	-0.36151	-0.263309	-0.152424	-0.00892538	0.166523	0.37157	0.598459	0.827607	1.03203	1.18171	1.25466	1.23948	1.1553	1.0251	0.848706	0.62986	0.379882	0.127703	-0.0885824	-0.248806	-0.336388	-0.336388	
0.0660492	0.0354192	-0.00745652	-0.0457141	-0.0690439	-0.0724473	-0.0493096	-0.0123834	0.036118	0.0979593	0.158703	0.185063	0.169671	0.115854	0.0139676	-0.135728	-0.317436	-0.496629	-0.651687	-0.768207	-0.845998	-0.885742	-0.885491	-0.848213	-0.777562	-0.68832	-0.586426	-0.477144	-0.372711	-0.280794	-0.183932	-0.0516749	0.116819	0.30573	0.508537	0.71773	0.904346	1.03791	1.09567	1.06949	0.992566	0.886959	0.742782	0.555746	0.332037	0.110839	-0.0635197	-0.1837	-0.247571	-0.247571	
0.180714	0.170248	0.141561	0.107477	0.0778359	0.0607031	0.0622745	0.0782444	0.114379	0.178026	0.250187	0.289314	0.282175	0.225297	0.119612	-0.0269332	-0.199438	-0.376275	-0.548211	-0.690407	-0.783499	-0.831223	-0.848213	-0.833789	-0.778537	-0.68566	-0.566852	-0.443197	-0.333027	-0.24622	-0.160581	-0.0401314	0.117516	0.291341	0.468265	0.642177	0.789288	0.888582	0.922106	0.881339	0.803244	0.710718	0.585762	0.417656	0.221064	0.0405476	-0.089797	-0.168637	-0.202366	-0.202366	
0.24364	0.261123	0.259019	0.243058	0.215622	0.184541	0.166793	0.169237	0.202603	0.266227	0.3347	0.376627	0.38161	0.336274	0.236592	0.0898057	-0.0774504	-0.249446	-0.42903	-0.585857	-0.690522	-0.746214	-0.777562	-0.778537	-0.726269	-0.628359	-0.506744	-0.379684	-0.262497	-0.166127	-0.0782053	0.0279991	0.166895	0.322323	0.47261	0.605521	0.697823	0.743033	0.736748	0.673726	0.586287	0.493283	0.381794	0.241654	0.0806206	-0.0612322	-0.152472	-0.199409	-0.217171	-0.217171	
0.248509	0.29821	0.325141	0.329622	0.307416	0.274039	0.251039	0.251486	0.283123	0.33751	0.393837	0.433686	0.450375	0.428297	0.35242	0.216775	0.0493535	-0.126219	-0.30249	-0.460284	-0.576211	-0.64658	-0.68832	-0.68566	-0.628359	-0.534953	-0.418534	-0.288511	-0.156909	-0.038267	0.063176	0.161475	0.274469	0.392023	0.496413	0.575075	0.607841	0.596051	0.543438	0.451521	0.345893	0.244281	0.143996	0.0365122	-0.0728481	-0.161402	-0.222312	-0.26103	-0.278219	-0.278219	
0.192865	0.269789	0.323453	0.348173	0.343976	0.328922	0.319968	0.327729	0.351984	0.388463	0.43195	0.47427	0.501419	0.495672	0.447623	0.337048	0.172531	-0.0126116	-0.190084	-0.345971	-0.469193	-0.550923	-0.586426	-0.566852	-0.506744	-0.418534	-0.299564	-0.155808	-0.00696342	0.130244	0.249614	0.347212	0.427062	0.486485	0.521635	0.527694	0.495087	0.430345	0.337754	0.22058	0.0965765	-0.0156493	-0.107631	-0.181842	-0.234896	-0.26693	-0.292307	-0.314166	-0.325701	-0.325701	
0.0852433	0.182618	0.26183	0.314293	0.343337	0.362806	0.37817	0.394537	0.412277	0.432896	0.462682	0.507017	0.540246	0.542749	0.512993	0.426131	0.275934	0.0862954	-0.0973624	-0.254801	-0.380682	-0.458238	-0.477144	-0.443197	-0.379684	-0.288511	-0.155808	0.0082115	0.172857	0.325962	0.458916	0.54896	0.590575	0.586331	0.539867	0.460373	0.358671	0.240807	0.110376	-0.0209959	-0.151371	-0.271966	-0.357439	-0.396828	-0.391354	-0.361206	-0.337637	-0.330789	-0.333224	-0.333224	
-0.053883	0.0577446	0.158392	0.238859	0.307159	0.371261	0.417137	0.442839	0.459875	0.475479	0.499179	0.539715	0.573736	0.584462	0.560584	0.48707	0.354106	0.174688	-0.0068368	-0.169027	-0.29224	-0.36151	-0.372711	-0.333027	-0.262497	-0.156909	-0.00696342	0.172857	0.354757	0.522284	0.654855	0.72769	0.733357	0.668343	0.539326	0.373936	0.20329	0.0345789	-0.128926	-0.275837	-0.410436	-0.518652	-0.574146	-0.569957	-0.505511	-0.414116	-0.34548	-0.312501	-0.303464	-0.303464	
-0.216658	-0.0982542	0.0177208	0.120645	0.222729	0.327479	0.409886	0.459398	0.487463	0.512216	0.546073	0.58946	0.625663	0.639653	0.616724	0.548203	0.429614	0.27168	0.0984537	-0.065202	-0.189377	-0.263309	-0.280794	-0.24622	-0.166127	-0.038267	0.130244	0.325962	0.522284	0.690418	0.808085	0.856182	0.817001	0.687444	0.486928	0.252438	0.0276637	-0.178371	-0.366861	-0.523551	-0.647459	-0.725387	-0.736703	-0.676807	-0.556972	-0.424467	-0.323111	-0.260678	-0.23392	-0.23392	
-0.389368	-0.277546	-0.152487	-0.0275769	0.100312	0.225713	0.336207	0.425227	0.489681	0.540894	0.595328	0.655132	0.696518	0.709749	0.687312	0.62771	0.528851	0.390114	0.22772	0.0663756	-0.0657881	-0.152424	-0.183932	-0.160581	-0.0782053	0.063176	0.249614	0.458916	0.654855	0.808085	0.898728	0.900365	0.796341	0.606809	0.359884	0.0866068	-0.169671	-0.398138	-0.592328	-0.732462	-0.820254	-0.853142	-0.820588	-0.7197	-0.565563	-0.402714	-0.26691	-0.172028	-0.1263	-0.1263	
-0.529339	-0.445359	-0.327756	-0.189421	-0.0430827	0.089125	0.209051	0.332022	0.45152	0.546643	0.628267	0.702892	0.754837	0.775706	0.762905	0.728563	0.654649	0.534438	0.384658	0.228634	0.0912141	-0.00892538	-0.0516749	-0.0401314	0.0279991	0.161475	0.347212	0.54896	0.72769	0.856182	0.900365	0.831338	0.659487	0.429636	0.166843	-0.11815	-0.391255	-0.620954	-0.787986	-0.885756	-0.922648	-0.905155	-0.831416	-0.697083	-0.521548	-0.342248	-0.181686	-0.0573343	0.0100513	0.0100513	
-0.623114	-0.57816	-0.489607	-0.363662	-0.217807	-0.0783309	0.0517718	0.196923	0.357249	0.502828	0.620596	0.712242	0.787587	0.835219	0.855142	0.852037	0.802543	0.701833	0.564228	0.418864	0.277737	0.166523	0.116819	0.117516	0.166895	0.274469	0.427062	0.590575	0.733357	0.817001	0.796341	0.659487	0.439316	0.18562	-0.0840227	-0.363989	-0.62153	-0.820821	-0.942824	-0.987452	-0.969187	-0.905365	-0.791757	-0.620153	-0.42194	-0.23222	-0.0623543	0.0742414	0.154599	0.154599	
-0.681495	-0.67419	-0.622431	-0.528384	-0.407412	-0.27175	-0.121841	0.0398891	0.21131	0.38709	0.54391	0.672957	0.788575	0.887589	0.957489	0.986288	0.963761	0.886175	0.76933	0.635803	0.491809	0.37157	0.30573	0.291341	0.322323	0.392023	0.486485	0.586331	0.668343	0.687444	0.606809	0.429636	0.18562	-0.0913987	-0.372494	-0.627076	-0.840354	-0.992712	-1.05848	-1.04728	-0.97756	-0.860929	-0.702715	-0.506069	-0.296859	-0.0974491	0.081531	0.221704	0.302222	0.302222	
-0.710852	-0.73676	-0.719534	-0.658474	-0.57231	-0.460531	-0.308371	-0.140168	0.0294065	0.210748	0.400981	0.579476	0.751939	0.913846	1.038	1.10618	1.11793	1.0775	0.988563	0.865322	0.725182	0.598459	0.508537	0.468265	0.47261	0.496413	0.521635	0.539867	0.539326	0.486928	0.359884	0.166843	-0.0840227	-0.372494	-0.639862	-0.852791	-1.02425	-1.13022	-1.14345	-1.08048	-0.952445	-0.779398	-0.583629	-0.367374	-0.150122	0.0475308	0.221613	0.359321	0.437952	0.437952	
-0.705671	-0.757007	-0.774557	-0.751405	-0.700612	-0.619099	-0.493673	-0.336718	-0.169909	0.0167937	0.227562	0.447134	0.674052	0.88945	1.06742	1.18173	1.24207	1.24942	1.18929	1.07931	0.950357	0.827607	0.71773	0.642177	0.605521	0.575075	0.527694	0.460373	0.373936	0.252438	0.0866068	-0.11815	-0.363989	-0.627076	-0.852791	-1.02519	-1.14979	-1.20466	-1.17962	-1.07465	-0.896533	-0.680801	-0.450267	-0.214942	0.00394875	0.194159	0.348143	0.458142	0.518471	0.518471	
-0.638245	-0.713056	-0.76657	-0.794157	-0.788347	-0.741837	-0.652945	-0.525535	-0.366644	-0.173435	0.0438643	0.287251	0.545742	0.801544	1.02792	1.19853	1.32072	1.37796	1.35373	1.26197	1.14832	1.03203	0.904346	0.789288	0.697823	0.607841	0.495087	0.358671	0.20329	0.0276637	-0.169671	-0.391255	-0.62153	-0.840354	-1.02425	-1.14979	-1.21111	-1.20753	-1.13802	-0.998241	-0.798817	-0.561565	-0.304691	-0.0662161	0.133384	0.304485	0.432611	0.504743	0.536496	0.536496	
-0.506258	-0.606581	-0.698928	-0.775636	-0.817261	-0.807892	-0.75488	-0.664928	-0.522874	-0.337546	-0.123552	0.122578	0.389897	0.665979	0.925228	1.1508	1.32792	1.4337	1.45429	1.39436	1.29926	1.18171	1.03791	0.888582	0.743033	0.596051	0.430345	0.240807	0.0345789	-0.178371	-0.398138	-0.620954	-0.820821	-0.992712	-1.13022	-1.20466	-1.20753	-1.14796	-1.03225	-0.863472	-0.64834	-0.399017	-0.148508	0.0594681	0.222131	0.353408	0.442252	0.487776	0.506982	0.506982	
-0.33491	-0.461428	-0.590565	-0.701557	-0.774641	-0.794992	-0.779182	-0.725966	-0.614078	-0.451022	-0.249691	-0.0148355	0.245039	0.516796	0.789747	1.04748	1.25961	1.40496	1.47307	1.45938	1.38138	1.25466	1.09567	0.922106	0.736748	0.543438	0.337754	0.110376	-0.128926	-0.366861	-0.592328	-0.787986	-0.942824	-1.05848	-1.14345	-1.17962	-1.13802	-1.03225	-0.879242	-0.684688	-0.459949	-0.21554	0.00208808	0.157546	0.270349	0.348021	0.391935	0.412088	0.41278	0.41278	
-0.154674	-0.301691	-0.446718	-0.576148	-0.668118	-0.717596	-0.735407	-0.715715	-0.643285	-0.513314	-0.333306	-0.113814	0.126611	0.382345	0.652581	0.919118	1.14445	1.31215	1.41705	1.44326	1.37815	1.23948	1.06949	0.881339	0.673726	0.451521	0.22058	-0.0209959	-0.275837	-0.523551	-0.732462	-0.885756	-0.987452	-1.04728	-1.08048	-1.07465	-0.998241	-0.863472	-0.684688	-0.472928	-0.256012	-0.0471929	0.122126	0.228489	0.284755	0.30041	0.299398	0.289009	0.263795	0.263795	
0.0147376	-0.130662	-0.27207	-0.400693	-0.5019	-0.580414	-0.628274	-0.636219	-0.600575	-0.516285	-0.372153	-0.183595	0.0254356	0.256395	0.508724	0.765472	0.984406	1.15786	1.28036	1.33182	1.28608	1.1553	0.992566	0.803244	0.586287	0.345893	0.0965765	-0.151371	-0.410436	-0.647459	-0.820254	-0.922648	-0.969187	-0.97756	-0.952445	-0.896533	-0.798817	-0.64834	-0.459949	-0.256012	-0.0623472	0.0974016	0.209746	0.261646	0.254052	0.214361	0.171243	0.135786	0.113993	0.113993	
0.172394	0.0533107	-0.075388	-0.19108	-0.292536	-0.388295	-0.464371	-0.496241	-0.495117	-0.462195	-0.373299	-0.238642	-0.0721593	0.122963	0.346058	0.575247	0.778199	0.945562	1.07021	1.13575	1.11839	1.0251	0.886959	0.710718	0.493283	0.244281	-0.0156493	-0.271966	-0.518652	-0.725387	-0.853142	-0.905155	-0.905365	-0.860929	-0.779398	-0.680801	-0.561565	-0.399017	-0.21554	-0.0471929	0.0974016	0.199708	0.247528	0.238993	0.18068	0.108398	0.0411427	-0.00752769	-0.0200629	-0.0200629	
0.302079	0.224072	0.130159	0.0300414	-0.0699709	-0.169668	-0.258355	-0.31328	-0.347706	-0.36041	-0.335228	-0.266402	-0.15355	-0.00674966	0.170959	0.354952	0.534466	0.689614	0.807963	0.881237	0.893617	0.848706	0.742782	0.585762	0.381794	0.143996	-0.107631	-0.357439	-0.574146	-0.736703	-0.820588	-0.831416	-0.791757	-0.702715	-0.583629	-0.450267	-0.304691	-0.148508	0.00208808	0.122126	0.209746	0.247528	0.225398	0.170654	0.0932224	0.00483313	-0.0692083	-0.115828	-0.132555	-0.132555	
0.397133	0.363633	0.319751	0.248511	0.159743	0.0648353	-0.0187602	-0.0926531	-0.155753	-0.204577	-0.238505	-0.239435	-0.195662	-0.116173	-0.0108974	0.110726	0.254928	0.39638	0.510225	0.593148	0.634082	0.62986	0.555746	0.417656	0.241654	0.0365122	-0.181842	-0.396828	-0.569957	-0.676807	-0.7197	-0.697083	-0.620153	-0.506069	-0.367374	-0.214942	-0.0662161	0.0594681	0.157546	0.228489	0.261646	0.238993	0.170654	0.0907372	0.00520946	-0.0870343	-0.15918	-0.193366	-0.20187	-0.20187	
0.463846	0.475269	0.47608	0.447926	0.384073	0.30486	0.231602	0.148228	0.0674674	-0.00848789	-0.0898209	-0.15805	-0.194436	-0.197436	-0.183652	-0.133503	-0.0361852	0.0845029	0.198888	0.290247	0.357182	0.379882	0.332037	0.221064	0.0806206	-0.0728481	-0.234896	-0.391354	-0.505511	-0.556972	-0.565563	-0.521548	-0.42194	-0.296859	-0.150122	0.00394875	0.133384	0.222131	0.270349	0.284755	0.254052	0.18068	0.0932224	0.00520946	-0.0796587	-0.156456	-0.213573	-0.238716	-0.242574	-0.242574	
0.492688	0.555695	0.600107	0.613814	0.581055	0.531482	0.471526	0.38821	0.292624	0.191334	0.0717257	-0.0567751	-0.170042	-0.258431	-0.329296	-0.348025	-0.30524	-0.21605	-0.106323	-0.00731885	0.0826705	0.127703	0.110839	0.0405476	-0.0612322	-0.161402	-0.26693	-0.361206	-0.414116	-0.424467	-0.402714	-0.342248	-0.23222	-0.0974491	0.0475308	0.194159	0.304485	0.353408	0.348021	0.30041	0.214361	0.108398	0.00483313	-0.0870343	-0.156456	-0.205215	-0.238615	-0.257215	-0.267966	-0.267966	
0.489147	0.594002	0.67612	0.729943	0.741848	0.728809	0.682811	0.602387	0.490495	0.35782	0.201447	0.0243112	-0.14794	-0.307	-0.433365	-0.507588	-0.518545	-0.467866	-0.376967	-0.26744	-0.160778	-0.0885824	-0.0635197	-0.089797	-0.152472	-0.222312	-0.292307	-0.337637	-0.34548	-0.323111	-0.26691	-0.181686	-0.0623543	0.081531	0.221613	0.348143	0.432611	0.442252	0.391935	0.299398	0.171243	0.0411427	-0.0692083	-0.15918	-0.213573	-0.238615	-0.259007	-0.274111	-0.278756	-0.278756	
0.461782	0.588579	0.695676	0.785589	0.851005	0.872914	0.839919	0.760083	0.633747	0.468555	0.279867	0.0746906	-0.134392	-0.331829	-0.485295	-0.593746	-0.649112	-0.641262	-0.575745	-0.464252	-0.348086	-0.248806	-0.1837	-0.168637	-0.199409	-0.26103	-0.314166	-0.330789	-0.312501	-0.260678	-0.172028	-0.0573343	0.0742414	0.221704	0.359321	0.458142	0.504743	0.487776	0.412088	0.289009	0.135786	-0.00752769	-0.115828	-0.193366	-0.238716	-0.257215	-0.274111	-0.293047	-0.30042	-0.30042	
0.425989	0.567401	0.69216	0.800836	0.900544	0.947047	0.925736	0.844842	0.709088	0.522678	0.315306	0.10106	-0.126927	-0.334949	-0.50049	-0.622977	-0.705139	-0.729845	-0.679986	-0.575688	-0.45284	-0.336388	-0.247571	-0.202366	-0.217171	-0.278219	-0.325701	-0.333224	-0.303464	-0.23392	-0.1263	0.0100513	0.154599	0.302222	0.437952	0.518471	0.536496	0.506982	0.41278	0.263795	0.113993	-0.0200629	-0.132555	-0.20187	-0.242574	-0.267966	-0.278756	-0.30042	-0.330815	-0.330815	
0.425989	0.567401	0.69216	0.800836	0.900544	0.947047	0.925736	0.844842	0.709088	0.522678	0.315306	0.10106	-0.126927	-0.334949	-0.50049	-0.622977	-0.705139	-0.729845	-0.679986	-0.575688	-0.45284	-0.336388	-0.247571	-0.202366	-0.217171	-0.278219	-0.325701	-0.333224	-0.303464	-0.23392	-0.1263	0.0100513	0.154599	0.302222	0.437952	0.518471	0.536496	0.506982	0.41278	0.263795	0.113993	-0.0200629	-0.132555	-0.20187	-0.242574	-0.267966	-0.278756	-0.30042	-0.330815	-0.330815	
