-1.60571	-1.60571	-0.135632	1.4131	0.542822	-0.559894	
-1.60571	-1.60571	-0.135632	1.4131	0.542822	-0.559894	
-0.135632	-0.135632	-0.289576	0.0904604	-0.278476	-0.384698	
1.4131	1.4131	0.0904604	-0.3597	-0.154348	0.0495369	
0.542822	0.542822	-0.278476	-0.154348	-0.215956	-0.513212	
-0.559894	-0.559894	-0.384698	0.0495369	-0.513212	-0.116039	
