-0.131001	-0.131001	-0.11883	-0.127338	-0.123703	-0.11944	-0.130714	-0.128732	-0.121461	-0.1338	-0.133428	-0.132447	-0.130527	-0.137916	-0.144407	-0.132871	-0.138151	-0.151281	-0.147951	-0.146142	-0.146744	-0.160816	-0.174721	-0.159813	-0.159908	-0.176073	-0.199819	-0.202946	-0.19741	-0.190287	-0.200458	-0.248448	-0.287173	-0.299239	-0.272927	-0.257054	-0.2543	-0.305782	-0.428431	-0.610929	-0.806703	-0.962383	-1.06224	-1.07952	-0.97604	-0.751954	-0.414056	-0.0309662	0.368538	0.765977	
-0.131001	-0.131001	-0.11883	-0.127338	-0.123703	-0.11944	-0.130714	-0.128732	-0.121461	-0.1338	-0.133428	-0.132447	-0.130527	-0.137916	-0.144407	-0.132871	-0.138151	-0.151281	-0.147951	-0.146142	-0.146744	-0.160816	-0.174721	-0.159813	-0.159908	-0.176073	-0.199819	-0.202946	-0.19741	-0.190287	-0.200458	-0.248448	-0.287173	-0.299239	-0.272927	-0.257054	-0.2543	-0.305782	-0.428431	-0.610929	-0.806703	-0.962383	-1.06224	-1.07952	-0.97604	-0.751954	-0.414056	-0.0309662	0.368538	0.765977	
-0.11883	-0.11883	-0.120382	-0.130153	-0.1329	-0.127806	-0.125095	-0.13073	-0.128282	-0.124275	-0.1301	-0.131096	-0.127982	-0.135589	-0.138662	-0.135205	-0.143347	-0.147931	-0.15294	-0.149715	-0.153178	-0.165262	-0.17274	-0.167196	-0.165654	-0.181978	-0.199373	-0.202918	-0.201327	-0.194993	-0.211606	-0.24799	-0.28766	-0.292933	-0.27844	-0.262065	-0.268937	-0.322772	-0.443454	-0.620601	-0.80544	-0.957823	-1.05187	-1.06014	-0.958804	-0.728226	-0.40206	-0.0193895	0.37779	0.766571	
-0.127338	-0.127338	-0.130153	-0.123813	-0.117239	-0.12518	-0.125963	-0.125135	-0.133974	-0.130837	-0.133582	-0.131576	-0.135725	-0.139635	-0.136002	-0.139766	-0.142929	-0.143117	-0.146341	-0.148963	-0.152291	-0.159905	-0.160354	-0.166906	-0.167206	-0.1818	-0.188741	-0.197175	-0.197485	-0.201357	-0.218944	-0.245118	-0.275248	-0.278843	-0.276731	-0.265863	-0.286828	-0.343959	-0.462994	-0.624177	-0.793694	-0.936889	-1.02018	-1.02033	-0.91614	-0.690991	-0.380845	-0.00892137	0.380047	0.756855	
-0.123703	-0.123703	-0.1329	-0.117239	-0.124332	-0.134697	-0.12757	-0.123146	-0.130206	-0.127833	-0.127866	-0.137709	-0.138142	-0.132496	-0.134584	-0.146812	-0.145067	-0.141465	-0.146616	-0.15536	-0.159385	-0.158374	-0.158007	-0.171283	-0.179752	-0.183186	-0.185193	-0.193523	-0.200705	-0.214765	-0.231475	-0.246822	-0.260595	-0.270268	-0.276922	-0.283876	-0.316316	-0.384529	-0.495823	-0.636669	-0.785112	-0.912036	-0.979598	-0.967489	-0.853837	-0.6399	-0.343297	0.0140307	0.388718	0.757334	
-0.11944	-0.11944	-0.127806	-0.12518	-0.134697	-0.130097	-0.122284	-0.1276	-0.135599	-0.130951	-0.125034	-0.133365	-0.136939	-0.131289	-0.135552	-0.149112	-0.144157	-0.14178	-0.149608	-0.159988	-0.163868	-0.156939	-0.156812	-0.177249	-0.188973	-0.183534	-0.181037	-0.19054	-0.206116	-0.228564	-0.243936	-0.244757	-0.246011	-0.260576	-0.281294	-0.307091	-0.355689	-0.433186	-0.53394	-0.649461	-0.771909	-0.876107	-0.925071	-0.894442	-0.775699	-0.572011	-0.294665	0.042126	0.401944	0.751608	
-0.130714	-0.130714	-0.125095	-0.125963	-0.12757	-0.122284	-0.125947	-0.133655	-0.132418	-0.130723	-0.132798	-0.135468	-0.141453	-0.133805	-0.137073	-0.148843	-0.141556	-0.14144	-0.148194	-0.157338	-0.162529	-0.151666	-0.155634	-0.179944	-0.190481	-0.181662	-0.175343	-0.190043	-0.211351	-0.241247	-0.250833	-0.23899	-0.231547	-0.251863	-0.28854	-0.334191	-0.399825	-0.483131	-0.568849	-0.656224	-0.74793	-0.824663	-0.851722	-0.801666	-0.681983	-0.493031	-0.238224	0.0687399	0.412265	0.733356	
-0.128732	-0.128732	-0.13073	-0.125135	-0.123146	-0.1276	-0.133655	-0.132775	-0.125371	-0.130402	-0.136344	-0.138535	-0.137054	-0.135712	-0.141831	-0.147396	-0.143517	-0.145407	-0.152715	-0.159027	-0.162894	-0.153175	-0.163616	-0.182819	-0.192135	-0.179453	-0.177427	-0.192671	-0.221119	-0.250677	-0.252878	-0.233325	-0.221142	-0.252104	-0.301802	-0.37238	-0.450766	-0.537716	-0.60485	-0.662475	-0.721923	-0.765973	-0.76703	-0.700056	-0.577846	-0.406235	-0.175174	0.106333	0.420317	0.7171	
-0.121461	-0.121461	-0.128282	-0.133974	-0.130206	-0.135599	-0.132418	-0.125371	-0.126961	-0.137108	-0.137569	-0.127855	-0.1333	-0.144066	-0.146747	-0.140654	-0.147885	-0.153227	-0.157176	-0.16021	-0.160023	-0.161837	-0.172581	-0.183849	-0.188745	-0.180065	-0.184126	-0.199644	-0.232052	-0.254089	-0.251086	-0.22742	-0.221223	-0.259042	-0.326991	-0.416142	-0.507789	-0.589076	-0.636347	-0.6644	-0.686607	-0.697548	-0.667381	-0.5879	-0.466417	-0.311397	-0.107669	0.146382	0.427253	0.689686	
-0.1338	-0.1338	-0.124275	-0.130837	-0.127833	-0.130951	-0.130723	-0.130402	-0.137108	-0.140967	-0.13612	-0.129399	-0.144223	-0.146705	-0.138847	-0.136045	-0.150116	-0.155453	-0.15295	-0.153066	-0.15816	-0.169713	-0.179269	-0.178464	-0.183628	-0.185207	-0.194431	-0.211864	-0.240075	-0.253125	-0.245148	-0.227363	-0.230738	-0.277042	-0.360219	-0.465277	-0.560926	-0.6315	-0.654312	-0.653452	-0.635448	-0.609439	-0.550289	-0.460697	-0.345074	-0.210545	-0.0332861	0.182067	0.426088	0.645401	
-0.133428	-0.133428	-0.1301	-0.133582	-0.127866	-0.125034	-0.132798	-0.136344	-0.137569	-0.13612	-0.136106	-0.138198	-0.145677	-0.146986	-0.139329	-0.144792	-0.155213	-0.159443	-0.151873	-0.153188	-0.162301	-0.179968	-0.179998	-0.17141	-0.178695	-0.192938	-0.204136	-0.2223	-0.238735	-0.243497	-0.234131	-0.232187	-0.246845	-0.303957	-0.399824	-0.514436	-0.609099	-0.660454	-0.66461	-0.630139	-0.577563	-0.511395	-0.428882	-0.334624	-0.226977	-0.112249	0.0356561	0.216628	0.413885	0.593098	
-0.132447	-0.132447	-0.131096	-0.131576	-0.137709	-0.133365	-0.135468	-0.138535	-0.127855	-0.129399	-0.138198	-0.143208	-0.143339	-0.146223	-0.144869	-0.151308	-0.1622	-0.159693	-0.155749	-0.158673	-0.172262	-0.188838	-0.178427	-0.169546	-0.182458	-0.205421	-0.219293	-0.230694	-0.236172	-0.230748	-0.232887	-0.246592	-0.279331	-0.342919	-0.45085	-0.564225	-0.650256	-0.679701	-0.662531	-0.597436	-0.506789	-0.404688	-0.302947	-0.206458	-0.11202	-0.0130102	0.101613	0.245151	0.393007	0.529747	
-0.130527	-0.130527	-0.127982	-0.135725	-0.138142	-0.136939	-0.141453	-0.137054	-0.1333	-0.144223	-0.145677	-0.143339	-0.138109	-0.139352	-0.14671	-0.151931	-0.155408	-0.15259	-0.155754	-0.164185	-0.178994	-0.187454	-0.176153	-0.172867	-0.19413	-0.220408	-0.235557	-0.236687	-0.23144	-0.224515	-0.243277	-0.276542	-0.324528	-0.39671	-0.50571	-0.611069	-0.676424	-0.684453	-0.641716	-0.545468	-0.41737	-0.281772	-0.167453	-0.0713376	0.00959272	0.0880979	0.169922	0.265141	0.360057	0.451054	
-0.137916	-0.137916	-0.135589	-0.139635	-0.132496	-0.131289	-0.133805	-0.135712	-0.144066	-0.146705	-0.146986	-0.146223	-0.139352	-0.148792	-0.164186	-0.156153	-0.150247	-0.155724	-0.164182	-0.173088	-0.177652	-0.178375	-0.172383	-0.178972	-0.201571	-0.227617	-0.237424	-0.22937	-0.215858	-0.219536	-0.255791	-0.309586	-0.370801	-0.449677	-0.551424	-0.638646	-0.680728	-0.666598	-0.599278	-0.474512	-0.31329	-0.157562	-0.0352846	0.0510753	0.11813	0.172061	0.217071	0.262784	0.307605	0.356946	
-0.144407	-0.144407	-0.138662	-0.136002	-0.134584	-0.135552	-0.137073	-0.141831	-0.146747	-0.138847	-0.139329	-0.144869	-0.14671	-0.164186	-0.164122	-0.149426	-0.154185	-0.168156	-0.177641	-0.179332	-0.176011	-0.175712	-0.182093	-0.196721	-0.214581	-0.23563	-0.23809	-0.222415	-0.212281	-0.231836	-0.287403	-0.356708	-0.43136	-0.509663	-0.59544	-0.656005	-0.673321	-0.635921	-0.542951	-0.390087	-0.203701	-0.0334844	0.0891123	0.168703	0.21802	0.248806	0.252347	0.249164	0.24576	0.259118	
-0.132871	-0.132871	-0.135205	-0.139766	-0.146812	-0.149112	-0.148843	-0.147396	-0.140654	-0.136045	-0.144792	-0.151308	-0.151931	-0.156153	-0.149426	-0.149152	-0.163526	-0.1752	-0.181565	-0.179257	-0.173224	-0.180636	-0.200985	-0.217514	-0.226268	-0.240519	-0.235406	-0.221598	-0.224095	-0.263887	-0.333899	-0.416525	-0.499151	-0.56892	-0.628566	-0.658074	-0.649828	-0.586755	-0.467573	-0.288797	-0.0867428	0.0910191	0.210922	0.281864	0.314153	0.314646	0.276795	0.222157	0.174762	0.157174	
-0.138151	-0.138151	-0.143347	-0.142929	-0.145067	-0.144157	-0.141556	-0.143517	-0.147885	-0.150116	-0.155213	-0.1622	-0.155408	-0.150247	-0.154185	-0.163526	-0.170711	-0.174516	-0.178872	-0.17253	-0.168839	-0.18813	-0.215427	-0.224332	-0.224712	-0.229351	-0.224309	-0.220947	-0.244869	-0.301645	-0.382013	-0.473957	-0.555979	-0.608391	-0.633898	-0.633315	-0.597266	-0.509206	-0.363587	-0.168877	0.0390637	0.213797	0.32716	0.384078	0.392768	0.356363	0.271718	0.170046	0.0832609	0.0469615	
-0.151281	-0.151281	-0.147931	-0.143117	-0.141465	-0.14178	-0.14144	-0.145407	-0.153227	-0.155453	-0.159443	-0.159693	-0.15259	-0.155724	-0.168156	-0.1752	-0.174516	-0.17792	-0.178865	-0.172105	-0.181489	-0.208532	-0.229104	-0.229497	-0.22071	-0.221317	-0.222309	-0.240657	-0.285274	-0.354032	-0.440861	-0.53456	-0.60739	-0.631691	-0.624143	-0.592126	-0.530219	-0.414775	-0.249318	-0.047275	0.156028	0.32379	0.427237	0.469504	0.448844	0.374391	0.245947	0.103109	-0.00856255	-0.0584071	
-0.147951	-0.147951	-0.15294	-0.146341	-0.146616	-0.149608	-0.148194	-0.152715	-0.157176	-0.15295	-0.151873	-0.155749	-0.155754	-0.164182	-0.177641	-0.181565	-0.178872	-0.178865	-0.178632	-0.185462	-0.207769	-0.225563	-0.236055	-0.228752	-0.217767	-0.217857	-0.23729	-0.280083	-0.340343	-0.41621	-0.502969	-0.591202	-0.640509	-0.63569	-0.592887	-0.534252	-0.44153	-0.304072	-0.124464	0.0729509	0.265692	0.422083	0.514354	0.535096	0.483708	0.366962	0.202182	0.0281176	-0.100122	-0.151459	
-0.146142	-0.146142	-0.149715	-0.148963	-0.15536	-0.159988	-0.157338	-0.159027	-0.16021	-0.153066	-0.153188	-0.158673	-0.164185	-0.173088	-0.179332	-0.179257	-0.17253	-0.172105	-0.185462	-0.20817	-0.224404	-0.229185	-0.231855	-0.226939	-0.215434	-0.228788	-0.272941	-0.337063	-0.406051	-0.483168	-0.564559	-0.63261	-0.653033	-0.615035	-0.543565	-0.452677	-0.333319	-0.174817	0.00596971	0.193436	0.370983	0.514298	0.59099	0.585378	0.49615	0.341332	0.141527	-0.0527665	-0.190308	-0.241624	
-0.146744	-0.146744	-0.153178	-0.152291	-0.159385	-0.163868	-0.162529	-0.162894	-0.160023	-0.15816	-0.162301	-0.172262	-0.178994	-0.177652	-0.176011	-0.173224	-0.168839	-0.181489	-0.207769	-0.224404	-0.227386	-0.221178	-0.226509	-0.22119	-0.221342	-0.255835	-0.32411	-0.399033	-0.470412	-0.543715	-0.608147	-0.646472	-0.633366	-0.567997	-0.466279	-0.347	-0.201132	-0.0362117	0.138423	0.307179	0.467137	0.593145	0.646056	0.607766	0.480015	0.288275	0.0677566	-0.139998	-0.276457	-0.320786	
-0.160816	-0.160816	-0.165262	-0.159905	-0.158374	-0.156939	-0.151666	-0.153175	-0.161837	-0.169713	-0.179968	-0.188838	-0.187454	-0.178375	-0.175712	-0.180636	-0.18813	-0.208532	-0.225563	-0.229185	-0.221178	-0.215956	-0.219233	-0.223988	-0.245535	-0.304248	-0.38446	-0.462034	-0.530557	-0.591592	-0.62676	-0.629948	-0.586087	-0.495342	-0.365515	-0.217853	-0.0582379	0.104847	0.261351	0.410469	0.548506	0.649975	0.672833	0.595035	0.430942	0.212006	-0.0224668	-0.228062	-0.358188	-0.390492	
-0.174721	-0.174721	-0.17274	-0.160354	-0.158007	-0.156812	-0.155634	-0.163616	-0.172581	-0.179269	-0.179998	-0.178427	-0.176153	-0.172383	-0.182093	-0.200985	-0.215427	-0.229104	-0.236055	-0.231855	-0.226509	-0.219233	-0.231233	-0.257259	-0.306078	-0.376716	-0.458501	-0.532735	-0.592329	-0.6272	-0.626617	-0.594435	-0.525074	-0.408938	-0.251991	-0.0847449	0.0788485	0.227161	0.36538	0.491383	0.606368	0.678405	0.665499	0.553764	0.360939	0.128698	-0.103311	-0.300877	-0.416052	-0.437137	
-0.159813	-0.159813	-0.167196	-0.166906	-0.171283	-0.177249	-0.179944	-0.182819	-0.183849	-0.178464	-0.17141	-0.169546	-0.172867	-0.178972	-0.196721	-0.217514	-0.224332	-0.229497	-0.228752	-0.226939	-0.22119	-0.223988	-0.257259	-0.312646	-0.377202	-0.449128	-0.527055	-0.594339	-0.631561	-0.632198	-0.593432	-0.533217	-0.437438	-0.296904	-0.116813	0.0590713	0.214038	0.34542	0.461661	0.566384	0.651147	0.68763	0.638324	0.493449	0.283824	0.0464731	-0.177516	-0.36066	-0.465226	-0.476631	
-0.159908	-0.159908	-0.165654	-0.167206	-0.179752	-0.188973	-0.190481	-0.192135	-0.188745	-0.183628	-0.178695	-0.182458	-0.19413	-0.201571	-0.214581	-0.226268	-0.224712	-0.22071	-0.217767	-0.215434	-0.221342	-0.245535	-0.306078	-0.377202	-0.444286	-0.511057	-0.581766	-0.628632	-0.633043	-0.594916	-0.526374	-0.438618	-0.318686	-0.154662	0.0357431	0.207007	0.345812	0.455578	0.551025	0.625732	0.67489	0.669463	0.583309	0.415118	0.19477	-0.0370723	-0.248685	-0.41876	-0.511441	-0.516792	
-0.176073	-0.176073	-0.181978	-0.1818	-0.183186	-0.183534	-0.181662	-0.179453	-0.180065	-0.185207	-0.192938	-0.205421	-0.220408	-0.227617	-0.23563	-0.240519	-0.229351	-0.221317	-0.217857	-0.228788	-0.255835	-0.304248	-0.376716	-0.449128	-0.511057	-0.569158	-0.619151	-0.633034	-0.598452	-0.529451	-0.433596	-0.321271	-0.176707	-0.0017043	0.185458	0.34012	0.457373	0.545265	0.611775	0.651608	0.655486	0.609018	0.492787	0.310234	0.0939828	-0.125569	-0.317624	-0.469314	-0.548659	-0.543651	
-0.199819	-0.199819	-0.199373	-0.188741	-0.185193	-0.181037	-0.175343	-0.177427	-0.184126	-0.194431	-0.204136	-0.219293	-0.235557	-0.237424	-0.23809	-0.235406	-0.224309	-0.222309	-0.23729	-0.272941	-0.32411	-0.38446	-0.458501	-0.527055	-0.581766	-0.619151	-0.635943	-0.610576	-0.544441	-0.448727	-0.328297	-0.190068	-0.0311471	0.142557	0.313664	0.447636	0.54403	0.606442	0.64179	0.638827	0.601549	0.520458	0.38822	0.207202	0.00437176	-0.193417	-0.364681	-0.498923	-0.566557	-0.555216	
-0.202946	-0.202946	-0.202918	-0.197175	-0.193523	-0.19054	-0.190043	-0.192671	-0.199644	-0.211864	-0.2223	-0.230694	-0.236687	-0.22937	-0.222415	-0.221598	-0.220947	-0.240657	-0.280083	-0.337063	-0.399033	-0.462034	-0.532735	-0.594339	-0.628632	-0.633034	-0.610576	-0.553459	-0.461313	-0.341547	-0.195545	-0.0402461	0.119956	0.278595	0.428288	0.541312	0.614294	0.647976	0.643049	0.598719	0.522856	0.420942	0.284647	0.115178	-0.0671301	-0.243813	-0.395571	-0.516458	-0.576529	-0.563038	
-0.19741	-0.19741	-0.201327	-0.197485	-0.200705	-0.206116	-0.211351	-0.221119	-0.232052	-0.240075	-0.238735	-0.236172	-0.23144	-0.215858	-0.212281	-0.224095	-0.244869	-0.285274	-0.340343	-0.406051	-0.470412	-0.530557	-0.592329	-0.631561	-0.633043	-0.598452	-0.544441	-0.461313	-0.345401	-0.200649	-0.0365109	0.121713	0.26881	0.405292	0.533139	0.622997	0.668794	0.663965	0.617327	0.531787	0.430052	0.317466	0.188643	0.0359223	-0.125826	-0.283712	-0.421424	-0.533361	-0.590143	-0.5753	
-0.190287	-0.190287	-0.194993	-0.201357	-0.214765	-0.228564	-0.241247	-0.250677	-0.254089	-0.253125	-0.243497	-0.230748	-0.224515	-0.219536	-0.231836	-0.263887	-0.301645	-0.354032	-0.41621	-0.483168	-0.543715	-0.591592	-0.6272	-0.632198	-0.594916	-0.529451	-0.448727	-0.341547	-0.200649	-0.0376284	0.129701	0.275856	0.400513	0.514389	0.617868	0.680888	0.688834	0.641987	0.55233	0.437287	0.3205	0.211538	0.096862	-0.0352005	-0.177565	-0.319044	-0.445689	-0.551139	-0.60411	-0.589563	
-0.200458	-0.200458	-0.211606	-0.218944	-0.231475	-0.243936	-0.250833	-0.252878	-0.251086	-0.245148	-0.234131	-0.232887	-0.243277	-0.255791	-0.287403	-0.333899	-0.382013	-0.440861	-0.502969	-0.564559	-0.608147	-0.62676	-0.626617	-0.593432	-0.526374	-0.433596	-0.328297	-0.195545	-0.0365109	0.129701	0.285325	0.408968	0.511306	0.600357	0.677492	0.702937	0.669056	0.577902	0.456067	0.322808	0.206198	0.108898	0.0135462	-0.0994539	-0.224035	-0.353428	-0.470533	-0.569754	-0.619298	-0.599549	
-0.248448	-0.248448	-0.24799	-0.245118	-0.246822	-0.244757	-0.23899	-0.233325	-0.22742	-0.227363	-0.232187	-0.246592	-0.276542	-0.309586	-0.356708	-0.416525	-0.473957	-0.53456	-0.591202	-0.63261	-0.646472	-0.629948	-0.594435	-0.533217	-0.438618	-0.321271	-0.190068	-0.0402461	0.121713	0.275856	0.408968	0.510227	0.587736	0.651213	0.691221	0.675369	0.596591	0.472243	0.330853	0.196836	0.0924286	0.0155505	-0.0582332	-0.150545	-0.260022	-0.375915	-0.484725	-0.57726	-0.620188	-0.59788	
-0.287173	-0.287173	-0.28766	-0.275248	-0.260595	-0.246011	-0.231547	-0.221142	-0.221223	-0.230738	-0.246845	-0.279331	-0.324528	-0.370801	-0.43136	-0.499151	-0.555979	-0.60739	-0.640509	-0.653033	-0.633366	-0.586087	-0.525074	-0.437438	-0.318686	-0.176707	-0.0311471	0.119956	0.26881	0.400513	0.511306	0.587736	0.640475	0.667974	0.668198	0.60751	0.495388	0.350562	0.2078	0.0861535	0.00259538	-0.0510226	-0.103825	-0.180217	-0.275828	-0.383986	-0.485326	-0.572799	-0.61326	-0.586516	
-0.299239	-0.299239	-0.292933	-0.278843	-0.270268	-0.260576	-0.251863	-0.252104	-0.259042	-0.277042	-0.303957	-0.342919	-0.39671	-0.449677	-0.509663	-0.56892	-0.608391	-0.631691	-0.63569	-0.615035	-0.567997	-0.495342	-0.408938	-0.296904	-0.154662	-0.0017043	0.142557	0.278595	0.405292	0.514389	0.600357	0.651213	0.667974	0.656452	0.612094	0.517439	0.383299	0.235957	0.104778	0.00374231	-0.0553467	-0.0878006	-0.124412	-0.18862	-0.278881	-0.381718	-0.482942	-0.571371	-0.611785	-0.589607	
-0.272927	-0.272927	-0.27844	-0.276731	-0.276922	-0.281294	-0.28854	-0.301802	-0.326991	-0.360219	-0.399824	-0.45085	-0.50571	-0.551424	-0.59544	-0.628566	-0.633898	-0.624143	-0.592887	-0.543565	-0.466279	-0.365515	-0.251991	-0.116813	0.0357431	0.185458	0.313664	0.428288	0.533139	0.617868	0.677492	0.691221	0.668198	0.612094	0.533251	0.414161	0.274706	0.135809	0.0223805	-0.0563115	-0.0966316	-0.114152	-0.142673	-0.204761	-0.29327	-0.399048	-0.501489	-0.590693	-0.632638	-0.607482	
-0.257054	-0.257054	-0.262065	-0.265863	-0.283876	-0.307091	-0.334191	-0.37238	-0.416142	-0.465277	-0.514436	-0.564225	-0.611069	-0.638646	-0.656005	-0.658074	-0.633315	-0.592126	-0.534252	-0.452677	-0.347	-0.217853	-0.0847449	0.0590713	0.207007	0.34012	0.447636	0.541312	0.622997	0.680888	0.702937	0.675369	0.60751	0.517439	0.414161	0.288286	0.155356	0.0329743	-0.0584734	-0.118051	-0.140838	-0.148496	-0.172776	-0.23227	-0.322754	-0.42703	-0.529761	-0.617999	-0.654449	-0.625821	
-0.2543	-0.2543	-0.268937	-0.286828	-0.316316	-0.355689	-0.399825	-0.450766	-0.507789	-0.560926	-0.609099	-0.650256	-0.676424	-0.680728	-0.673321	-0.649828	-0.597266	-0.530219	-0.44153	-0.333319	-0.201132	-0.0582379	0.0788485	0.214038	0.345812	0.457373	0.54403	0.614294	0.668794	0.688834	0.669056	0.596591	0.495388	0.383299	0.274706	0.155356	0.038636	-0.0614643	-0.133105	-0.172997	-0.183671	-0.183457	-0.204776	-0.265262	-0.353748	-0.457566	-0.55714	-0.638695	-0.66836	-0.629137	
-0.305782	-0.305782	-0.322772	-0.343959	-0.384529	-0.433186	-0.483131	-0.537716	-0.589076	-0.6315	-0.660454	-0.679701	-0.684453	-0.666598	-0.635921	-0.586755	-0.509206	-0.414775	-0.304072	-0.174817	-0.0362117	0.104847	0.227161	0.34542	0.455578	0.545265	0.606442	0.647976	0.663965	0.641987	0.577902	0.472243	0.350562	0.235957	0.135809	0.0329743	-0.0614643	-0.140889	-0.191149	-0.216516	-0.214771	-0.208242	-0.228368	-0.286093	-0.374572	-0.474122	-0.569203	-0.645258	-0.665314	-0.617715	
-0.428431	-0.428431	-0.443454	-0.462994	-0.495823	-0.53394	-0.568849	-0.60485	-0.636347	-0.654312	-0.66461	-0.662531	-0.641716	-0.599278	-0.542951	-0.467573	-0.363587	-0.249318	-0.124464	0.00596971	0.138423	0.261351	0.36538	0.461661	0.551025	0.611775	0.64179	0.643049	0.617327	0.55233	0.456067	0.330853	0.2078	0.104778	0.0223805	-0.0584734	-0.133105	-0.191149	-0.226792	-0.238149	-0.228286	-0.218355	-0.237207	-0.296735	-0.383359	-0.480515	-0.572187	-0.640455	-0.652368	-0.596169	
-0.610929	-0.610929	-0.620601	-0.624177	-0.636669	-0.649461	-0.656224	-0.662475	-0.6644	-0.653452	-0.630139	-0.597436	-0.545468	-0.474512	-0.390087	-0.288797	-0.168877	-0.047275	0.0729509	0.193436	0.307179	0.410469	0.491383	0.566384	0.625732	0.651608	0.638827	0.598719	0.531787	0.437287	0.322808	0.196836	0.0861535	0.00374231	-0.0563115	-0.118051	-0.172997	-0.216516	-0.238149	-0.239985	-0.223812	-0.210851	-0.232413	-0.2918	-0.379506	-0.474919	-0.563822	-0.628047	-0.634738	-0.573241	
-0.806703	-0.806703	-0.80544	-0.793694	-0.785112	-0.771909	-0.74793	-0.721923	-0.686607	-0.635448	-0.577563	-0.506789	-0.41737	-0.31329	-0.203701	-0.0867428	0.0390637	0.156028	0.265692	0.370983	0.467137	0.548506	0.606368	0.651147	0.67489	0.655486	0.601549	0.522856	0.430052	0.3205	0.206198	0.0924286	0.00259538	-0.0553467	-0.0966316	-0.140838	-0.183671	-0.214771	-0.228286	-0.223812	-0.204058	-0.194262	-0.219936	-0.28563	-0.377589	-0.475503	-0.567356	-0.631497	-0.636586	-0.576267	
-0.962383	-0.962383	-0.957823	-0.936889	-0.912036	-0.876107	-0.824663	-0.765973	-0.697548	-0.609439	-0.511395	-0.404688	-0.281772	-0.157562	-0.0334844	0.0910191	0.213797	0.32379	0.422083	0.514298	0.593145	0.649975	0.678405	0.68763	0.669463	0.609018	0.520458	0.420942	0.317466	0.211538	0.108898	0.0155505	-0.0510226	-0.0878006	-0.114152	-0.148496	-0.183457	-0.208242	-0.218355	-0.210851	-0.194262	-0.190024	-0.226961	-0.302083	-0.40275	-0.507536	-0.605501	-0.671005	-0.678412	-0.617633	
-1.06224	-1.06224	-1.05187	-1.02018	-0.979598	-0.925071	-0.851722	-0.76703	-0.667381	-0.550289	-0.428882	-0.302947	-0.167453	-0.0352846	0.0891123	0.210922	0.32716	0.427237	0.514354	0.59099	0.646056	0.672833	0.665499	0.638324	0.583309	0.492787	0.38822	0.284647	0.188643	0.096862	0.0135462	-0.0582332	-0.103825	-0.124412	-0.142673	-0.172776	-0.204776	-0.228368	-0.237207	-0.232413	-0.219936	-0.226961	-0.276198	-0.362804	-0.472638	-0.583643	-0.684652	-0.750248	-0.752912	-0.687966	
-1.07952	-1.07952	-1.06014	-1.02033	-0.967489	-0.894442	-0.801666	-0.700056	-0.5879	-0.460697	-0.334624	-0.206458	-0.0713376	0.0510753	0.168703	0.281864	0.384078	0.469504	0.535096	0.585378	0.607766	0.595035	0.553764	0.493449	0.415118	0.310234	0.207202	0.115178	0.0359223	-0.0352005	-0.0994539	-0.150545	-0.180217	-0.18862	-0.204761	-0.23227	-0.265262	-0.286093	-0.296735	-0.2918	-0.28563	-0.302083	-0.362804	-0.458678	-0.574688	-0.687223	-0.789213	-0.846602	-0.841356	-0.766564	
-0.97604	-0.97604	-0.958804	-0.91614	-0.853837	-0.775699	-0.681983	-0.577846	-0.466417	-0.345074	-0.226977	-0.11202	0.00959272	0.11813	0.21802	0.314153	0.392768	0.448844	0.483708	0.49615	0.480015	0.430942	0.360939	0.283824	0.19477	0.0939828	0.00437176	-0.0671301	-0.125826	-0.177565	-0.224035	-0.260022	-0.275828	-0.278881	-0.29327	-0.322754	-0.353748	-0.374572	-0.383359	-0.379506	-0.377589	-0.40275	-0.472638	-0.574688	-0.691252	-0.80299	-0.89657	-0.942191	-0.922184	-0.82997	
-0.751954	-0.751954	-0.728226	-0.690991	-0.6399	-0.572011	-0.493031	-0.406235	-0.311397	-0.210545	-0.112249	-0.0130102	0.0880979	0.172061	0.248806	0.314646	0.356363	0.374391	0.366962	0.341332	0.288275	0.212006	0.128698	0.0464731	-0.0370723	-0.125569	-0.193417	-0.243813	-0.283712	-0.319044	-0.353428	-0.375915	-0.383986	-0.381718	-0.399048	-0.42703	-0.457566	-0.474122	-0.480515	-0.474919	-0.475503	-0.507536	-0.583643	-0.687223	-0.80299	-0.907018	-0.991291	-1.02018	-0.980391	-0.871066	
-0.414056	-0.414056	-0.40206	-0.380845	-0.343297	-0.294665	-0.238224	-0.175174	-0.107669	-0.0332861	0.0356561	0.101613	0.169922	0.217071	0.252347	0.276795	0.271718	0.245947	0.202182	0.141527	0.0677566	-0.0224668	-0.103311	-0.177516	-0.248685	-0.317624	-0.364681	-0.395571	-0.421424	-0.445689	-0.470533	-0.484725	-0.485326	-0.482942	-0.501489	-0.529761	-0.55714	-0.569203	-0.572187	-0.563822	-0.567356	-0.605501	-0.684652	-0.789213	-0.89657	-0.991291	-1.05784	-1.0617	-0.997815	-0.860007	
-0.0309662	-0.0309662	-0.0193895	-0.00892137	0.0140307	0.042126	0.0687399	0.106333	0.146382	0.182067	0.216628	0.245151	0.265141	0.262784	0.249164	0.222157	0.170046	0.103109	0.0281176	-0.0527665	-0.139998	-0.228062	-0.300877	-0.36066	-0.41876	-0.469314	-0.498923	-0.516458	-0.533361	-0.551139	-0.569754	-0.57726	-0.572799	-0.571371	-0.590693	-0.617999	-0.638695	-0.645258	-0.640455	-0.628047	-0.631497	-0.671005	-0.750248	-0.846602	-0.942191	-1.02018	-1.0617	-1.03946	-0.943887	-0.779835	
0.368538	0.368538	0.37779	0.380047	0.388718	0.401944	0.412265	0.420317	0.427253	0.426088	0.413885	0.393007	0.360057	0.307605	0.24576	0.174762	0.0832609	-0.00856255	-0.100122	-0.190308	-0.276457	-0.358188	-0.416052	-0.465226	-0.511441	-0.548659	-0.566557	-0.576529	-0.590143	-0.60411	-0.619298	-0.620188	-0.61326	-0.611785	-0.632638	-0.654449	-0.66836	-0.665314	-0.652368	-0.634738	-0.636586	-0.678412	-0.752912	-0.841356	-0.922184	-0.980391	-0.997815	-0.943887	-0.818968	-0.628541	
0.765977	0.765977	0.766571	0.756855	0.757334	0.751608	0.733356	0.7171	0.689686	0.645401	0.593098	0.529747	0.451054	0.356946	0.259118	0.157174	0.0469615	-0.0584071	-0.151459	-0.241624	-0.320786	-0.390492	-0.437137	-0.476631	-0.516792	-0.543651	-0.555216	-0.563038	-0.5753	-0.589563	-0.599549	-0.59788	-0.586516	-0.589607	-0.607482	-0.625821	-0.629137	-0.617715	-0.596169	-0.573241	-0.576267	-0.617633	-0.687966	-0.766564	-0.82997	-0.871066	-0.860007	-0.779835	-0.628541	-0.417884	
