-0.532821	-0.532821	-0.558572	-0.57985	-0.581749	-0.564911	-0.556117	-0.610783	-0.726992	-0.898251	-1.10782	-1.2818	-1.39843	-1.43216	-1.34959	-1.1387	-0.825826	-0.441937	0.00755112	0.488204	0.943776	1.31489	1.59577	1.78021	1.84703	1.76648	1.53675	1.20366	0.840737	0.512389	0.259052	0.0846976	-0.020978	-0.0807487	-0.110045	-0.125708	-0.130962	-0.136303	-0.137297	-0.140948	-0.143845	-0.1476	-0.15228	-0.15878	-0.16199	-0.170031	-0.171689	-0.175245	-0.173923	-0.17591	
-0.532821	-0.532821	-0.558572	-0.57985	-0.581749	-0.564911	-0.556117	-0.610783	-0.726992	-0.898251	-1.10782	-1.2818	-1.39843	-1.43216	-1.34959	-1.1387	-0.825826	-0.441937	0.00755112	0.488204	0.943776	1.31489	1.59577	1.78021	1.84703	1.76648	1.53675	1.20366	0.840737	0.512389	0.259052	0.0846976	-0.020978	-0.0807487	-0.110045	-0.125708	-0.130962	-0.136303	-0.137297	-0.140948	-0.143845	-0.1476	-0.15228	-0.15878	-0.16199	-0.170031	-0.171689	-0.175245	-0.173923	-0.17591	
-0.558572	-0.558572	-0.561315	-0.567916	-0.564189	-0.554534	-0.584832	-0.661551	-0.778288	-0.937642	-1.10448	-1.25379	-1.3469	-1.36062	-1.27683	-1.07737	-0.782865	-0.409562	0.0187206	0.478808	0.90898	1.27565	1.55183	1.73007	1.79	1.71012	1.4922	1.1802	0.832631	0.517507	0.264397	0.0895649	-0.0221662	-0.0855589	-0.119309	-0.136552	-0.144853	-0.149192	-0.151825	-0.153369	-0.153798	-0.154881	-0.153793	-0.153466	-0.153803	-0.153434	-0.156798	-0.162082	-0.172045	-0.179431	
-0.57985	-0.57985	-0.567916	-0.549041	-0.549714	-0.58938	-0.658284	-0.734355	-0.837616	-0.961564	-1.08206	-1.19896	-1.26612	-1.26147	-1.16845	-0.986	-0.710811	-0.353247	0.0516762	0.471869	0.871386	1.2255	1.49367	1.66026	1.70646	1.62759	1.43378	1.15498	0.841865	0.544253	0.298298	0.118232	-0.000510972	-0.0711231	-0.111063	-0.129956	-0.142061	-0.144992	-0.150147	-0.150445	-0.152646	-0.153396	-0.154652	-0.154048	-0.157757	-0.156156	-0.162948	-0.165167	-0.174994	-0.183581	
-0.581749	-0.581749	-0.564189	-0.549714	-0.582677	-0.665576	-0.744301	-0.812571	-0.89621	-0.974146	-1.04727	-1.11835	-1.1571	-1.12779	-1.02568	-0.860738	-0.604833	-0.272827	0.0974904	0.464668	0.828887	1.15618	1.41176	1.5579	1.5893	1.51526	1.3548	1.12167	0.854966	0.581808	0.346552	0.160053	0.03229	-0.0482506	-0.0952242	-0.117818	-0.131253	-0.135201	-0.139393	-0.140558	-0.143917	-0.146164	-0.151607	-0.155974	-0.163437	-0.169237	-0.176748	-0.182175	-0.18375	-0.188992	
-0.564911	-0.564911	-0.554534	-0.58938	-0.665576	-0.756616	-0.837735	-0.900595	-0.95105	-0.978692	-0.993378	-1.00626	-1.00014	-0.944165	-0.845748	-0.697206	-0.473298	-0.185987	0.126965	0.439851	0.755657	1.05024	1.28285	1.40793	1.43117	1.37306	1.25363	1.08033	0.863616	0.626493	0.400255	0.210408	0.0692385	-0.0247412	-0.081337	-0.113284	-0.128747	-0.138473	-0.141852	-0.146788	-0.149347	-0.154129	-0.158627	-0.164682	-0.169872	-0.177669	-0.179943	-0.187007	-0.186744	-0.18476	
-0.556117	-0.556117	-0.584832	-0.658284	-0.744301	-0.837735	-0.931912	-0.993029	-1.00444	-0.97402	-0.924313	-0.862593	-0.796083	-0.721419	-0.627973	-0.498626	-0.320794	-0.100301	0.14356	0.397466	0.657892	0.910294	1.10742	1.2155	1.2396	1.20774	1.13746	1.02683	0.865477	0.66723	0.45406	0.261373	0.106263	-0.00296584	-0.0727898	-0.114635	-0.136823	-0.150963	-0.157287	-0.163927	-0.16668	-0.17006	-0.172304	-0.172616	-0.17261	-0.173405	-0.170647	-0.172162	-0.176852	-0.180455	
-0.610783	-0.610783	-0.661551	-0.734355	-0.812571	-0.900595	-0.993029	-1.05226	-1.02975	-0.95049	-0.842911	-0.709496	-0.591236	-0.494125	-0.397745	-0.281006	-0.151794	-0.00284305	0.172716	0.364074	0.565184	0.757742	0.911727	1.00304	1.03694	1.03732	1.0181	0.965819	0.860462	0.700274	0.504685	0.311188	0.143949	0.0211774	-0.0618201	-0.111197	-0.138318	-0.153583	-0.160243	-0.164283	-0.167266	-0.16655	-0.168494	-0.167949	-0.165731	-0.168174	-0.168169	-0.170465	-0.18012	-0.193491	
-0.726992	-0.726992	-0.778288	-0.837616	-0.89621	-0.95105	-1.00444	-1.02975	-0.982753	-0.885072	-0.740462	-0.564983	-0.408236	-0.287055	-0.178346	-0.0716297	0.00566126	0.0923251	0.201465	0.333225	0.467206	0.596577	0.705207	0.790413	0.842435	0.88443	0.912101	0.915977	0.860387	0.739614	0.563822	0.371824	0.196599	0.0578477	-0.0348168	-0.0955733	-0.12526	-0.142626	-0.149661	-0.150779	-0.154013	-0.154256	-0.154961	-0.163027	-0.165069	-0.175056	-0.188587	-0.196398	-0.209905	-0.224783	
-0.898251	-0.898251	-0.937642	-0.961564	-0.974146	-0.978692	-0.97402	-0.95049	-0.885072	-0.769755	-0.595407	-0.396293	-0.217966	-0.0799177	0.0325067	0.0981188	0.12226	0.149439	0.193375	0.262316	0.331476	0.400769	0.479427	0.570643	0.655692	0.744361	0.819823	0.873197	0.865903	0.78149	0.631092	0.441171	0.261343	0.105933	-0.000756309	-0.0731905	-0.114806	-0.135482	-0.150332	-0.154951	-0.159775	-0.167165	-0.168021	-0.177752	-0.186738	-0.191635	-0.208018	-0.218862	-0.224092	-0.237039	
-1.10782	-1.10782	-1.10448	-1.08206	-1.04727	-0.993378	-0.924313	-0.842911	-0.740462	-0.595407	-0.404563	-0.206713	-0.0218652	0.125792	0.211294	0.225733	0.209401	0.177473	0.156371	0.158486	0.162891	0.181112	0.246833	0.347281	0.477245	0.606654	0.729244	0.822684	0.858341	0.809975	0.683731	0.503989	0.316725	0.152107	0.0259672	-0.0556458	-0.110714	-0.138599	-0.157313	-0.171216	-0.176523	-0.18974	-0.196234	-0.202618	-0.215217	-0.217655	-0.221074	-0.22986	-0.226502	-0.221307	
-1.2818	-1.2818	-1.25379	-1.19896	-1.11835	-1.00626	-0.862593	-0.709496	-0.564983	-0.396293	-0.206713	-0.0141647	0.177456	0.314639	0.363019	0.3421	0.286821	0.192117	0.103433	0.029903	-0.0294147	-0.0436034	0.0107923	0.128967	0.297877	0.463044	0.625485	0.751076	0.822327	0.809763	0.705906	0.542935	0.349394	0.178836	0.0356742	-0.0571615	-0.120976	-0.157051	-0.176109	-0.19205	-0.198384	-0.205125	-0.21534	-0.214743	-0.223747	-0.226193	-0.223391	-0.222603	-0.224615	-0.213143	
-1.39843	-1.39843	-1.3469	-1.26612	-1.1571	-1.00014	-0.796083	-0.591236	-0.408236	-0.217966	-0.0218652	0.177456	0.360032	0.474485	0.493246	0.445878	0.344407	0.189446	0.0308642	-0.118222	-0.220773	-0.255226	-0.204722	-0.0643463	0.131008	0.329692	0.522045	0.673037	0.776325	0.793421	0.716929	0.569372	0.377666	0.199883	0.0447555	-0.060756	-0.132721	-0.174432	-0.197395	-0.20842	-0.218155	-0.213913	-0.220947	-0.214383	-0.211939	-0.211523	-0.207859	-0.205146	-0.212042	-0.2202	
-1.43216	-1.43216	-1.36062	-1.26147	-1.12779	-0.944165	-0.721419	-0.494125	-0.287055	-0.0799177	0.125792	0.314639	0.474485	0.568784	0.577007	0.512908	0.370089	0.170359	-0.0514502	-0.248364	-0.374733	-0.416069	-0.362225	-0.204991	0.00355026	0.231654	0.438452	0.614002	0.738736	0.783367	0.735337	0.601644	0.421781	0.233772	0.076706	-0.0442102	-0.118632	-0.165791	-0.189794	-0.19845	-0.206009	-0.203328	-0.202361	-0.202871	-0.197654	-0.200284	-0.204347	-0.213018	-0.230958	-0.259453	
-1.34959	-1.34959	-1.27683	-1.16845	-1.02568	-0.845748	-0.627973	-0.397745	-0.178346	0.0325067	0.211294	0.363019	0.493246	0.577007	0.58611	0.504103	0.336773	0.103645	-0.151233	-0.366651	-0.496158	-0.532871	-0.468316	-0.305614	-0.0838928	0.160019	0.381389	0.574888	0.718221	0.788306	0.766672	0.650978	0.481945	0.290922	0.126905	-0.0028798	-0.0867317	-0.13781	-0.165191	-0.177548	-0.183467	-0.187454	-0.190511	-0.197733	-0.207479	-0.223384	-0.243095	-0.269363	-0.303059	-0.343092	
-1.1387	-1.1387	-1.07737	-0.986	-0.860738	-0.697206	-0.498626	-0.281006	-0.0716297	0.0981188	0.225733	0.3421	0.445878	0.512908	0.504103	0.404269	0.212979	-0.0343741	-0.291866	-0.502003	-0.617681	-0.63811	-0.561931	-0.393151	-0.160582	0.0947429	0.333023	0.540794	0.702911	0.79668	0.798332	0.704653	0.542757	0.353165	0.178191	0.0370435	-0.0592719	-0.122526	-0.158718	-0.180008	-0.196168	-0.207035	-0.220719	-0.239657	-0.256353	-0.286629	-0.319611	-0.356815	-0.402245	-0.456636	
-0.825826	-0.825826	-0.782865	-0.710811	-0.604833	-0.473298	-0.320794	-0.151794	0.00566126	0.12226	0.209401	0.286821	0.344407	0.370089	0.336773	0.212979	0.0113628	-0.221791	-0.461603	-0.648658	-0.743049	-0.747952	-0.663851	-0.490919	-0.257125	0.0104938	0.258758	0.482298	0.659935	0.774144	0.800777	0.724113	0.576728	0.383201	0.20359	0.0470554	-0.0620917	-0.137426	-0.186972	-0.218156	-0.243673	-0.269918	-0.28953	-0.323181	-0.351733	-0.385797	-0.427042	-0.469216	-0.509032	-0.561222	
-0.441937	-0.441937	-0.409562	-0.353247	-0.272827	-0.185987	-0.100301	-0.00284305	0.0923251	0.149439	0.177473	0.192117	0.189446	0.170359	0.103645	-0.0343741	-0.221791	-0.429848	-0.640588	-0.800714	-0.879674	-0.877429	-0.787402	-0.622125	-0.384947	-0.114922	0.145855	0.380837	0.573362	0.706394	0.753992	0.697839	0.56015	0.370766	0.180495	0.01535	-0.109956	-0.197025	-0.255662	-0.299764	-0.329034	-0.364455	-0.391726	-0.427637	-0.464355	-0.503787	-0.543878	-0.586632	-0.622228	-0.654178	
0.00755112	0.00755112	0.0187206	0.0516762	0.0974904	0.126965	0.14356	0.172716	0.201465	0.193375	0.156371	0.103433	0.0308642	-0.0514502	-0.151233	-0.291866	-0.461603	-0.640588	-0.819831	-0.958237	-1.03009	-1.02175	-0.936598	-0.776834	-0.543573	-0.271949	-0.00243117	0.243412	0.447362	0.598753	0.663158	0.628551	0.500171	0.315861	0.118585	-0.057223	-0.194473	-0.294452	-0.362543	-0.414013	-0.451131	-0.48771	-0.518384	-0.551704	-0.58329	-0.611999	-0.641762	-0.664763	-0.680933	-0.693232	
0.488204	0.488204	0.478808	0.471869	0.464668	0.439851	0.397466	0.364074	0.333225	0.262316	0.158486	0.029903	-0.118222	-0.248364	-0.366651	-0.502003	-0.648658	-0.800714	-0.958237	-1.08893	-1.16207	-1.16341	-1.08946	-0.943489	-0.720461	-0.45296	-0.1785	0.073068	0.288388	0.451919	0.534838	0.517645	0.402721	0.224558	0.0244924	-0.156353	-0.302952	-0.407493	-0.480788	-0.532194	-0.567495	-0.599792	-0.623265	-0.646014	-0.666021	-0.678179	-0.685714	-0.688605	-0.675149	-0.655604	
0.943776	0.943776	0.90898	0.871386	0.828887	0.755657	0.657892	0.565184	0.467206	0.331476	0.162891	-0.0294147	-0.220773	-0.374733	-0.496158	-0.617681	-0.743049	-0.879674	-1.03009	-1.16207	-1.25122	-1.26944	-1.21428	-1.08812	-0.880409	-0.621353	-0.348231	-0.0919002	0.129137	0.304532	0.401972	0.402513	0.301682	0.131908	-0.065992	-0.249262	-0.397624	-0.504504	-0.573559	-0.621246	-0.645518	-0.665961	-0.67508	-0.678639	-0.680659	-0.672094	-0.658131	-0.637176	-0.605292	-0.557867	
1.31489	1.31489	1.27565	1.2255	1.15618	1.05024	0.910294	0.757742	0.596577	0.400769	0.181112	-0.0436034	-0.255226	-0.416069	-0.532871	-0.63811	-0.747952	-0.877429	-1.02175	-1.16341	-1.26944	-1.30679	-1.27388	-1.16903	-0.978097	-0.733516	-0.46157	-0.20682	0.0199307	0.203639	0.313188	0.332207	0.243262	0.0871693	-0.108828	-0.288086	-0.437431	-0.541057	-0.60652	-0.644421	-0.661812	-0.664896	-0.663105	-0.647311	-0.629934	-0.601486	-0.565045	-0.52087	-0.465881	-0.399693	
1.59577	1.59577	1.55183	1.49367	1.41176	1.28285	1.10742	0.911727	0.705207	0.479427	0.246833	0.0107923	-0.204722	-0.362225	-0.468316	-0.561931	-0.663851	-0.787402	-0.936598	-1.08946	-1.21428	-1.27388	-1.26457	-1.17915	-1.011	-0.776719	-0.513448	-0.258238	-0.0291814	0.160253	0.282915	0.314069	0.242791	0.0941486	-0.0916449	-0.270369	-0.414713	-0.514661	-0.573309	-0.600978	-0.605262	-0.596224	-0.575461	-0.545336	-0.510006	-0.46225	-0.406243	-0.342417	-0.265602	-0.175091	
1.78021	1.78021	1.73007	1.66026	1.5579	1.40793	1.2155	1.00304	0.790413	0.570643	0.347281	0.128967	-0.0643463	-0.204991	-0.305614	-0.393151	-0.490919	-0.622125	-0.776834	-0.943489	-1.08812	-1.16903	-1.17915	-1.11704	-0.963465	-0.746051	-0.48639	-0.234829	-0.00315199	0.191584	0.322872	0.368975	0.308344	0.173837	-0.00858872	-0.179866	-0.322918	-0.417591	-0.468598	-0.487626	-0.479918	-0.453597	-0.420788	-0.36861	-0.315711	-0.252087	-0.178898	-0.100895	-0.0195938	0.0760323	
1.84703	1.84703	1.79	1.70646	1.5893	1.43117	1.2396	1.03694	0.842435	0.655692	0.477245	0.297877	0.131008	0.00355026	-0.0838928	-0.160582	-0.257125	-0.384947	-0.543573	-0.720461	-0.880409	-0.978097	-1.011	-0.963465	-0.832093	-0.624823	-0.375261	-0.125439	0.106029	0.304425	0.444135	0.500615	0.454205	0.32785	0.156509	-0.0125528	-0.148136	-0.237921	-0.282841	-0.289997	-0.274833	-0.23742	-0.192046	-0.134315	-0.0710688	0.000904814	0.0778101	0.160068	0.245733	0.335219	
1.76648	1.76648	1.71012	1.62759	1.51526	1.37306	1.20774	1.03732	0.88443	0.744361	0.606654	0.463044	0.329692	0.231654	0.160019	0.0947429	0.0104938	-0.114922	-0.271949	-0.45296	-0.621353	-0.733516	-0.776719	-0.746051	-0.624823	-0.429952	-0.184159	0.0624782	0.296007	0.496533	0.643868	0.709132	0.672856	0.556123	0.388717	0.22558	0.0899841	0.00378866	-0.0373386	-0.042382	-0.0199599	0.0215784	0.0698712	0.133568	0.196027	0.263542	0.336677	0.407969	0.477097	0.556575	
1.53675	1.53675	1.4922	1.43378	1.3548	1.25363	1.13746	1.0181	0.912101	0.819823	0.729244	0.625485	0.522045	0.438452	0.381389	0.333023	0.258758	0.145855	-0.00243117	-0.1785	-0.348231	-0.46157	-0.513448	-0.48639	-0.375261	-0.184159	0.0570626	0.304773	0.538272	0.743087	0.894352	0.967707	0.938718	0.827266	0.664811	0.499943	0.365839	0.276439	0.233109	0.227985	0.244643	0.284381	0.327887	0.383	0.43975	0.500366	0.561728	0.62531	0.683656	0.743262	
1.20366	1.20366	1.1802	1.15498	1.12167	1.08033	1.02683	0.965819	0.915977	0.873197	0.822684	0.751076	0.673037	0.614002	0.574888	0.540794	0.482298	0.380837	0.243412	0.073068	-0.0919002	-0.20682	-0.258238	-0.234829	-0.125439	0.0624782	0.304773	0.552459	0.789883	0.995808	1.15293	1.22992	1.2067	1.09847	0.935781	0.770868	0.631274	0.53912	0.490498	0.479608	0.492557	0.525129	0.561876	0.609718	0.655856	0.702414	0.751348	0.795859	0.835091	0.877196	
0.840737	0.840737	0.832631	0.841865	0.854966	0.863616	0.865477	0.860462	0.860387	0.865903	0.858341	0.822327	0.776325	0.738736	0.718221	0.702911	0.659935	0.573362	0.447362	0.288388	0.129137	0.0199307	-0.0291814	-0.00315199	0.106029	0.296007	0.538272	0.789883	1.02787	1.23775	1.39632	1.4772	1.45631	1.34865	1.18601	1.01619	0.873585	0.774008	0.719364	0.701312	0.705204	0.729093	0.755334	0.790739	0.823467	0.85642	0.886099	0.912431	0.927087	0.941007	
0.512389	0.512389	0.517507	0.544253	0.581808	0.626493	0.66723	0.700274	0.739614	0.78149	0.809975	0.809763	0.793421	0.783367	0.788306	0.79668	0.774144	0.706394	0.598753	0.451919	0.304532	0.203639	0.160253	0.191584	0.304425	0.496533	0.743087	0.995808	1.23775	1.44828	1.60936	1.69129	1.67085	1.5632	1.39718	1.22449	1.07502	0.969512	0.905871	0.878859	0.871223	0.882941	0.894075	0.912306	0.926737	0.93608	0.942679	0.942117	0.930581	0.913682	
0.259052	0.259052	0.264397	0.298298	0.346552	0.400255	0.45406	0.504685	0.563822	0.631092	0.683731	0.705906	0.716929	0.735337	0.766672	0.798332	0.800777	0.753992	0.663158	0.534838	0.401972	0.313188	0.282915	0.322872	0.444135	0.643868	0.894352	1.15293	1.39632	1.60936	1.77063	1.85143	1.82978	1.71765	1.54776	1.36778	1.21092	1.09549	1.02134	0.980705	0.960152	0.954174	0.948057	0.946966	0.937603	0.924895	0.905671	0.878103	0.837981	0.799446	
0.0846976	0.0846976	0.0895649	0.118232	0.160053	0.210408	0.261373	0.311188	0.371824	0.441171	0.503989	0.542935	0.569372	0.601644	0.650978	0.704653	0.724113	0.697839	0.628551	0.517645	0.402513	0.332207	0.314069	0.368975	0.500615	0.709132	0.967707	1.22992	1.4772	1.69129	1.85143	1.93087	1.90383	1.78771	1.61062	1.42343	1.25786	1.13147	1.04451	0.99046	0.951149	0.92911	0.902252	0.879513	0.851771	0.817431	0.778939	0.736115	0.683581	0.62731	
-0.020978	-0.020978	-0.0221662	-0.000510972	0.03229	0.0692385	0.106263	0.143949	0.196599	0.261343	0.316725	0.349394	0.377666	0.421781	0.481945	0.542757	0.576728	0.56015	0.500171	0.402721	0.301682	0.243262	0.242791	0.308344	0.454205	0.672856	0.938718	1.2067	1.45631	1.67085	1.82978	1.90383	1.8718	1.74799	1.56358	1.36946	1.19437	1.05964	0.962392	0.895264	0.846742	0.809533	0.770971	0.737753	0.695156	0.650745	0.603443	0.549778	0.48968	0.438825	
-0.0807487	-0.0807487	-0.0855589	-0.0711231	-0.0482506	-0.0247412	-0.00296584	0.0211774	0.0578477	0.105933	0.152107	0.178836	0.199883	0.233772	0.290922	0.353165	0.383201	0.370766	0.315861	0.224558	0.131908	0.0871693	0.0941486	0.173837	0.32785	0.556123	0.827266	1.09847	1.34865	1.5632	1.71765	1.78771	1.74799	1.61821	1.42878	1.22864	1.05092	0.909991	0.807068	0.735102	0.676628	0.634588	0.588968	0.548351	0.504807	0.45978	0.41325	0.368105	0.319518	0.272724	
-0.110045	-0.110045	-0.119309	-0.111063	-0.0952242	-0.081337	-0.0727898	-0.0618201	-0.0348168	-0.000756309	0.0259672	0.0356742	0.0447555	0.076706	0.126905	0.178191	0.20359	0.180495	0.118585	0.0244924	-0.065992	-0.108828	-0.0916449	-0.00858872	0.156509	0.388717	0.664811	0.935781	1.18601	1.39718	1.54776	1.61062	1.56358	1.42878	1.23373	1.03461	0.854384	0.715275	0.613613	0.540105	0.486281	0.444432	0.401983	0.368652	0.328738	0.289909	0.253141	0.213631	0.171566	0.14164	
-0.125708	-0.125708	-0.136552	-0.129956	-0.117818	-0.113284	-0.114635	-0.111197	-0.0955733	-0.0731905	-0.0556458	-0.0571615	-0.060756	-0.0442102	-0.0028798	0.0370435	0.0470554	0.01535	-0.057223	-0.156353	-0.249262	-0.288086	-0.270369	-0.179866	-0.0125528	0.22558	0.499943	0.770868	1.01619	1.22449	1.36778	1.42343	1.36946	1.22864	1.03461	0.835463	0.661642	0.527197	0.430185	0.363972	0.313458	0.277621	0.242356	0.213967	0.182554	0.155351	0.1279	0.102441	0.0776988	0.0579974	
-0.130962	-0.130962	-0.144853	-0.142061	-0.131253	-0.128747	-0.136823	-0.138318	-0.12526	-0.114806	-0.110714	-0.120976	-0.132721	-0.118632	-0.0867317	-0.0592719	-0.0620917	-0.109956	-0.194473	-0.302952	-0.397624	-0.437431	-0.414713	-0.322918	-0.148136	0.0899841	0.365839	0.631274	0.873585	1.07502	1.21092	1.25786	1.19437	1.05092	0.854384	0.661642	0.493275	0.366501	0.279317	0.218653	0.178196	0.150369	0.123094	0.105292	0.0842112	0.0651586	0.0484473	0.0312787	0.0127211	0.00224636	
-0.136303	-0.136303	-0.149192	-0.144992	-0.135201	-0.138473	-0.150963	-0.153583	-0.142626	-0.135482	-0.138599	-0.157051	-0.174432	-0.165791	-0.13781	-0.122526	-0.137426	-0.197025	-0.294452	-0.407493	-0.504504	-0.541057	-0.514661	-0.417591	-0.237921	0.00378866	0.276439	0.53912	0.774008	0.969512	1.09549	1.13147	1.05964	0.909991	0.715275	0.527197	0.366501	0.249885	0.169954	0.118331	0.0860624	0.0640152	0.045328	0.0349794	0.0187454	0.0087912	-0.000857156	-0.0118156	-0.0217773	-0.0252467	
-0.137297	-0.137297	-0.151825	-0.150147	-0.139393	-0.141852	-0.157287	-0.160243	-0.149661	-0.150332	-0.157313	-0.176109	-0.197395	-0.189794	-0.165191	-0.158718	-0.186972	-0.255662	-0.362543	-0.480788	-0.573559	-0.60652	-0.573309	-0.468598	-0.282841	-0.0373386	0.233109	0.490498	0.719364	0.905871	1.02134	1.04451	0.962392	0.807068	0.613613	0.430185	0.279317	0.169954	0.0997699	0.0547942	0.0289901	0.0123349	0.000292254	-0.00775126	-0.0167748	-0.0220306	-0.0283927	-0.0348625	-0.0383625	-0.0395908	
-0.140948	-0.140948	-0.153369	-0.150445	-0.140558	-0.146788	-0.163927	-0.164283	-0.150779	-0.154951	-0.171216	-0.19205	-0.20842	-0.19845	-0.177548	-0.180008	-0.218156	-0.299764	-0.414013	-0.532194	-0.621246	-0.644421	-0.600978	-0.487626	-0.289997	-0.042382	0.227985	0.479608	0.701312	0.878859	0.980705	0.99046	0.895264	0.735102	0.540105	0.363972	0.218653	0.118331	0.0547942	0.0143107	-0.00533636	-0.018289	-0.0275284	-0.0290236	-0.0355369	-0.038093	-0.0400926	-0.0437186	-0.0484625	-0.0505797	
-0.143845	-0.143845	-0.153798	-0.152646	-0.143917	-0.149347	-0.16668	-0.167266	-0.154013	-0.159775	-0.176523	-0.198384	-0.218155	-0.206009	-0.183467	-0.196168	-0.243673	-0.329034	-0.451131	-0.567495	-0.645518	-0.661812	-0.605262	-0.479918	-0.274833	-0.0199599	0.244643	0.492557	0.705204	0.871223	0.960152	0.951149	0.846742	0.676628	0.486281	0.313458	0.178196	0.0860624	0.0289901	-0.00533636	-0.0196411	-0.0331621	-0.0353415	-0.0398783	-0.0456063	-0.0457168	-0.0485195	-0.0545136	-0.0525454	-0.049647	
-0.1476	-0.1476	-0.154881	-0.153396	-0.146164	-0.154129	-0.17006	-0.16655	-0.154256	-0.167165	-0.18974	-0.205125	-0.213913	-0.203328	-0.187454	-0.207035	-0.269918	-0.364455	-0.48771	-0.599792	-0.665961	-0.664896	-0.596224	-0.453597	-0.23742	0.0215784	0.284381	0.525129	0.729093	0.882941	0.954174	0.92911	0.809533	0.634588	0.444432	0.277621	0.150369	0.0640152	0.0123349	-0.018289	-0.0331621	-0.0424076	-0.0458887	-0.0491169	-0.0498805	-0.0495034	-0.0513855	-0.0512196	-0.0496943	-0.0567255	
-0.15228	-0.15228	-0.153793	-0.154652	-0.151607	-0.158627	-0.172304	-0.168494	-0.154961	-0.168021	-0.196234	-0.21534	-0.220947	-0.202361	-0.190511	-0.220719	-0.28953	-0.391726	-0.518384	-0.623265	-0.67508	-0.663105	-0.575461	-0.420788	-0.192046	0.0698712	0.327887	0.561876	0.755334	0.894075	0.948057	0.902252	0.770971	0.588968	0.401983	0.242356	0.123094	0.045328	0.000292254	-0.0275284	-0.0353415	-0.0458887	-0.0449816	-0.0475278	-0.0498235	-0.0508497	-0.0523173	-0.0568762	-0.0579836	-0.0580901	
-0.15878	-0.15878	-0.153466	-0.154048	-0.155974	-0.164682	-0.172616	-0.167949	-0.163027	-0.177752	-0.202618	-0.214743	-0.214383	-0.202871	-0.197733	-0.239657	-0.323181	-0.427637	-0.551704	-0.646014	-0.678639	-0.647311	-0.545336	-0.36861	-0.134315	0.133568	0.383	0.609718	0.790739	0.912306	0.946966	0.879513	0.737753	0.548351	0.368652	0.213967	0.105292	0.0349794	-0.00775126	-0.0290236	-0.0398783	-0.0491169	-0.0475278	-0.0543863	-0.0541976	-0.0536711	-0.0558808	-0.057053	-0.0509785	-0.056713	
-0.16199	-0.16199	-0.153803	-0.157757	-0.163437	-0.169872	-0.17261	-0.165731	-0.165069	-0.186738	-0.215217	-0.223747	-0.211939	-0.197654	-0.207479	-0.256353	-0.351733	-0.464355	-0.58329	-0.666021	-0.680659	-0.629934	-0.510006	-0.315711	-0.0710688	0.196027	0.43975	0.655856	0.823467	0.926737	0.937603	0.851771	0.695156	0.504807	0.328738	0.182554	0.0842112	0.0187454	-0.0167748	-0.0355369	-0.0456063	-0.0498805	-0.0498235	-0.0541976	-0.0508011	-0.0525598	-0.0553364	-0.0543685	-0.0560006	-0.0642173	
-0.170031	-0.170031	-0.153434	-0.156156	-0.169237	-0.177669	-0.173405	-0.168174	-0.175056	-0.191635	-0.217655	-0.226193	-0.211523	-0.200284	-0.223384	-0.286629	-0.385797	-0.503787	-0.611999	-0.678179	-0.672094	-0.601486	-0.46225	-0.252087	0.000904814	0.263542	0.500366	0.702414	0.85642	0.93608	0.924895	0.817431	0.650745	0.45978	0.289909	0.155351	0.0651586	0.0087912	-0.0220306	-0.038093	-0.0457168	-0.0495034	-0.0508497	-0.0536711	-0.0525598	-0.0567196	-0.057162	-0.057446	-0.0595063	-0.0618417	
-0.171689	-0.171689	-0.156798	-0.162948	-0.176748	-0.179943	-0.170647	-0.168169	-0.188587	-0.208018	-0.221074	-0.223391	-0.207859	-0.204347	-0.243095	-0.319611	-0.427042	-0.543878	-0.641762	-0.685714	-0.658131	-0.565045	-0.406243	-0.178898	0.0778101	0.336677	0.561728	0.751348	0.886099	0.942679	0.905671	0.778939	0.603443	0.41325	0.253141	0.1279	0.0484473	-0.000857156	-0.0283927	-0.0400926	-0.0485195	-0.0513855	-0.0523173	-0.0558808	-0.0553364	-0.057162	-0.0574711	-0.0581119	-0.0586292	-0.0598977	
-0.175245	-0.175245	-0.162082	-0.165167	-0.182175	-0.187007	-0.172162	-0.170465	-0.196398	-0.218862	-0.22986	-0.222603	-0.205146	-0.213018	-0.269363	-0.356815	-0.469216	-0.586632	-0.664763	-0.688605	-0.637176	-0.52087	-0.342417	-0.100895	0.160068	0.407969	0.62531	0.795859	0.912431	0.942117	0.878103	0.736115	0.549778	0.368105	0.213631	0.102441	0.0312787	-0.0118156	-0.0348625	-0.0437186	-0.0545136	-0.0512196	-0.0568762	-0.057053	-0.0543685	-0.057446	-0.0581119	-0.0564777	-0.0595644	-0.0646814	
-0.173923	-0.173923	-0.172045	-0.174994	-0.18375	-0.186744	-0.176852	-0.18012	-0.209905	-0.224092	-0.226502	-0.224615	-0.212042	-0.230958	-0.303059	-0.402245	-0.509032	-0.622228	-0.680933	-0.675149	-0.605292	-0.465881	-0.265602	-0.0195938	0.245733	0.477097	0.683656	0.835091	0.927087	0.930581	0.837981	0.683581	0.48968	0.319518	0.171566	0.0776988	0.0127211	-0.0217773	-0.0383625	-0.0484625	-0.0525454	-0.0496943	-0.0579836	-0.0509785	-0.0560006	-0.0595063	-0.0586292	-0.0595644	-0.0686322	-0.0638052	
-0.17591	-0.17591	-0.179431	-0.183581	-0.188992	-0.18476	-0.180455	-0.193491	-0.224783	-0.237039	-0.221307	-0.213143	-0.2202	-0.259453	-0.343092	-0.456636	-0.561222	-0.654178	-0.693232	-0.655604	-0.557867	-0.399693	-0.175091	0.0760323	0.335219	0.556575	0.743262	0.877196	0.941007	0.913682	0.799446	0.62731	0.438825	0.272724	0.14164	0.0579974	0.00224636	-0.0252467	-0.0395908	-0.0505797	-0.049647	-0.0567255	-0.0580901	-0.056713	-0.0642173	-0.0618417	-0.0598977	-0.0646814	-0.0638052	-0.0550636	
