0.627752	0.627752	0.472112	-0.0295207	0.388129	1.11043	
0.627752	0.627752	0.472112	-0.0295207	0.388129	1.11043	
0.472112	0.472112	0.270651	-0.175867	0.368391	0.524969	
-0.0295207	-0.0295207	-0.175867	-0.682594	-0.454456	0.618292	
0.388129	0.388129	0.368391	-0.454456	0.596395	-0.1112	
1.11043	1.11043	0.524969	0.618292	-0.1112	0.351818	
