1.5245	1.5245	1.47852	1.42982	1.38362	1.32324	1.20914	1.01933	0.745804	0.396139	0.00692943	-0.352355	-0.640889	-0.81998	-0.899292	-0.905862	-0.859888	-0.771499	-0.65596	-0.524514	-0.393331	-0.286753	-0.228402	-0.24845	-0.326569	-0.438726	-0.586621	-0.772731	-0.968574	-1.13846	-1.23424	-1.23641	-1.1687	-1.07383	-0.972437	-0.864777	-0.770197	-0.716433	-0.721135	-0.772609	-0.843772	-0.911673	-0.947652	-0.95253	-0.904989	-0.792027	-0.603064	-0.32131	0.0569612	0.493283	
1.5245	1.5245	1.47852	1.42982	1.38362	1.32324	1.20914	1.01933	0.745804	0.396139	0.00692943	-0.352355	-0.640889	-0.81998	-0.899292	-0.905862	-0.859888	-0.771499	-0.65596	-0.524514	-0.393331	-0.286753	-0.228402	-0.24845	-0.326569	-0.438726	-0.586621	-0.772731	-0.968574	-1.13846	-1.23424	-1.23641	-1.1687	-1.07383	-0.972437	-0.864777	-0.770197	-0.716433	-0.721135	-0.772609	-0.843772	-0.911673	-0.947652	-0.95253	-0.904989	-0.792027	-0.603064	-0.32131	0.0569612	0.493283	
1.47852	1.47852	1.45023	1.40839	1.36166	1.30183	1.18574	0.985382	0.698686	0.348911	-0.0330904	-0.39424	-0.677912	-0.84878	-0.931071	-0.937976	-0.885634	-0.795285	-0.67831	-0.54018	-0.407865	-0.297005	-0.231802	-0.240919	-0.309634	-0.405833	-0.534553	-0.699678	-0.878577	-1.03342	-1.12278	-1.12777	-1.06712	-0.981181	-0.890155	-0.801314	-0.723758	-0.679788	-0.701167	-0.7691	-0.854646	-0.937447	-0.987549	-0.993854	-0.951048	-0.839032	-0.64341	-0.359216	0.0117002	0.437604	
1.42982	1.42982	1.40839	1.36992	1.3229	1.25161	1.12236	0.915003	0.630094	0.283295	-0.0930492	-0.452331	-0.729936	-0.898734	-0.979156	-0.985352	-0.927017	-0.832929	-0.717965	-0.576769	-0.42725	-0.301997	-0.224458	-0.216236	-0.264272	-0.342197	-0.44837	-0.579071	-0.722073	-0.855383	-0.932852	-0.939604	-0.89746	-0.82961	-0.751841	-0.684088	-0.634015	-0.617029	-0.660803	-0.76116	-0.881366	-0.987124	-1.04808	-1.05573	-1.01326	-0.904463	-0.702799	-0.415188	-0.0543862	0.350927	
1.38362	1.38362	1.36166	1.3229	1.27439	1.18376	1.0263	0.808621	0.528874	0.191945	-0.162019	-0.495001	-0.761719	-0.934354	-1.0158	-1.02786	-0.97932	-0.882663	-0.758873	-0.609802	-0.436553	-0.283078	-0.183965	-0.151459	-0.177062	-0.237278	-0.314736	-0.412114	-0.526559	-0.631071	-0.695621	-0.710576	-0.683098	-0.631804	-0.577605	-0.534322	-0.512793	-0.529581	-0.604197	-0.742079	-0.901825	-1.03375	-1.10887	-1.12359	-1.07379	-0.953976	-0.744705	-0.452814	-0.100409	0.271643	
1.32324	1.32324	1.30183	1.25161	1.18376	1.07097	0.891573	0.666781	0.394769	0.0802411	-0.23532	-0.527859	-0.772112	-0.93938	-1.02785	-1.05153	-1.01507	-0.918455	-0.78454	-0.621519	-0.428991	-0.242231	-0.114012	-0.0566189	-0.0613863	-0.0979836	-0.147703	-0.220201	-0.3125	-0.390187	-0.44467	-0.475024	-0.462321	-0.428791	-0.399822	-0.381045	-0.383916	-0.43029	-0.537808	-0.70641	-0.900574	-1.05535	-1.1475	-1.17078	-1.11748	-0.980162	-0.758306	-0.467419	-0.132711	0.20241	
1.20914	1.20914	1.18574	1.12236	1.0263	0.891573	0.702232	0.475539	0.222899	-0.0491106	-0.317016	-0.560408	-0.764492	-0.914211	-1.00698	-1.03784	-1.00284	-0.910852	-0.776565	-0.600806	-0.390043	-0.184236	-0.0294131	0.047854	0.0638517	0.0511904	0.0224407	-0.0272827	-0.0891221	-0.148933	-0.201252	-0.239202	-0.253545	-0.25156	-0.245215	-0.243982	-0.268136	-0.337667	-0.468536	-0.65565	-0.861329	-1.03594	-1.13831	-1.16552	-1.11515	-0.975069	-0.748196	-0.470396	-0.167755	0.127333	
1.01933	1.01933	0.985382	0.915003	0.808621	0.666781	0.475539	0.254121	0.0251386	-0.198987	-0.406841	-0.582942	-0.733578	-0.848395	-0.928871	-0.959968	-0.929048	-0.845763	-0.718053	-0.542561	-0.333497	-0.121666	0.0523391	0.141157	0.175959	0.193549	0.190454	0.163503	0.129043	0.0805402	0.0305156	-0.015261	-0.0567533	-0.0860947	-0.103414	-0.125135	-0.163938	-0.242288	-0.385529	-0.580117	-0.782457	-0.95952	-1.07135	-1.10835	-1.06087	-0.925508	-0.712261	-0.460232	-0.197258	0.0467778	
0.745804	0.745804	0.698686	0.630094	0.528874	0.394769	0.222899	0.0251386	-0.172461	-0.341362	-0.479128	-0.579531	-0.664336	-0.733012	-0.793972	-0.819937	-0.792773	-0.717833	-0.606324	-0.450918	-0.263386	-0.0649092	0.104434	0.209141	0.266295	0.30748	0.332851	0.333693	0.31485	0.277642	0.227341	0.170103	0.106971	0.050456	0.0131836	-0.0175529	-0.0640172	-0.146444	-0.293624	-0.480822	-0.670257	-0.840905	-0.958311	-1.00783	-0.972251	-0.846118	-0.655172	-0.434417	-0.219141	-0.0405795	
0.396139	0.396139	0.348911	0.283295	0.191945	0.0802411	-0.0491106	-0.198987	-0.341362	-0.44636	-0.509517	-0.536856	-0.55343	-0.573158	-0.607361	-0.630043	-0.611626	-0.552892	-0.466047	-0.337788	-0.174623	-0.000132393	0.152853	0.264616	0.341749	0.401273	0.446118	0.467028	0.456815	0.419551	0.371438	0.309081	0.236951	0.167746	0.115911	0.0779676	0.0257085	-0.0635925	-0.201583	-0.374818	-0.556654	-0.7151	-0.828061	-0.880794	-0.853643	-0.74174	-0.577542	-0.398523	-0.240935	-0.127481	
0.00692943	0.00692943	-0.0330904	-0.0930492	-0.162019	-0.23532	-0.317016	-0.406841	-0.479128	-0.509517	-0.492739	-0.447947	-0.402452	-0.383481	-0.395808	-0.415222	-0.41068	-0.376978	-0.309998	-0.209381	-0.076403	0.0703057	0.211412	0.323845	0.407952	0.477042	0.532759	0.560382	0.551027	0.514921	0.463786	0.401626	0.33319	0.265798	0.208083	0.164727	0.113756	0.0233907	-0.110188	-0.27625	-0.445351	-0.596749	-0.703554	-0.75431	-0.733792	-0.639516	-0.499497	-0.359085	-0.25542	-0.203442	
-0.352355	-0.352355	-0.39424	-0.452331	-0.495001	-0.527859	-0.560408	-0.582942	-0.579531	-0.536856	-0.447947	-0.340693	-0.244526	-0.189981	-0.179629	-0.19222	-0.204608	-0.19525	-0.149246	-0.0750612	0.0220701	0.145757	0.272271	0.37682	0.461716	0.538979	0.593846	0.617969	0.609633	0.574192	0.521844	0.46459	0.408846	0.353138	0.299082	0.247766	0.19063	0.105551	-0.0255371	-0.185053	-0.346913	-0.486673	-0.588446	-0.632941	-0.617597	-0.542502	-0.426107	-0.31741	-0.258151	-0.257722	
-0.640889	-0.640889	-0.677912	-0.729936	-0.761719	-0.772112	-0.764492	-0.733578	-0.664336	-0.55343	-0.402452	-0.244526	-0.104865	-0.0133373	0.0266706	0.0183938	-0.00701594	-0.0159613	0.00659418	0.0536126	0.123367	0.213885	0.313584	0.40829	0.495021	0.572497	0.623322	0.64822	0.644507	0.60837	0.557541	0.518592	0.482026	0.435514	0.382969	0.321761	0.248749	0.15825	0.0363093	-0.108686	-0.255954	-0.38482	-0.475566	-0.512164	-0.497477	-0.437613	-0.349756	-0.27317	-0.246045	-0.280917	
-0.81998	-0.81998	-0.84878	-0.898734	-0.934354	-0.93938	-0.914211	-0.848395	-0.733012	-0.573158	-0.383481	-0.189981	-0.0133373	0.122781	0.198854	0.20769	0.179064	0.148932	0.13468	0.142142	0.181151	0.243221	0.321787	0.405433	0.491159	0.56845	0.626516	0.655834	0.654811	0.623813	0.584245	0.557225	0.539226	0.509158	0.454331	0.37914	0.296338	0.20005	0.0850381	-0.0530825	-0.192508	-0.301341	-0.372276	-0.402288	-0.384988	-0.339837	-0.281834	-0.235997	-0.227212	-0.27276	
-0.899292	-0.899292	-0.931071	-0.979156	-1.0158	-1.02785	-1.00698	-0.928871	-0.793972	-0.607361	-0.395808	-0.179629	0.0266706	0.198854	0.303904	0.341126	0.319965	0.266655	0.213378	0.186183	0.192944	0.222872	0.280018	0.367194	0.456499	0.535188	0.607444	0.648689	0.650359	0.630993	0.603575	0.583482	0.575537	0.555787	0.503631	0.426002	0.336171	0.231219	0.112927	-0.0150805	-0.142888	-0.243601	-0.300947	-0.320523	-0.306921	-0.276221	-0.237749	-0.209043	-0.207034	-0.249245	
-0.905862	-0.905862	-0.937976	-0.985352	-1.02786	-1.05153	-1.03784	-0.959968	-0.819937	-0.630043	-0.415222	-0.19222	0.0183938	0.20769	0.341126	0.398535	0.373522	0.304531	0.225233	0.171554	0.147023	0.156052	0.202345	0.285	0.380494	0.476881	0.568964	0.625507	0.634313	0.619135	0.606502	0.600052	0.60278	0.592303	0.54235	0.462707	0.363159	0.255109	0.135518	0.00781905	-0.115832	-0.212741	-0.270871	-0.287629	-0.275651	-0.250788	-0.22599	-0.203963	-0.193273	-0.213363	
-0.859888	-0.859888	-0.885634	-0.927017	-0.97932	-1.01507	-1.00284	-0.929048	-0.792773	-0.611626	-0.41068	-0.204608	-0.00701594	0.179064	0.319965	0.373522	0.346435	0.267978	0.166744	0.0821153	0.0361912	0.0403884	0.0883437	0.165864	0.270143	0.390595	0.499661	0.574624	0.602713	0.603617	0.605036	0.611347	0.618222	0.608964	0.569209	0.496395	0.39853	0.284881	0.156701	0.0138348	-0.117025	-0.219725	-0.281376	-0.302656	-0.296481	-0.269739	-0.240799	-0.207731	-0.174678	-0.154615	
-0.771499	-0.771499	-0.795285	-0.832929	-0.882663	-0.918455	-0.910852	-0.845763	-0.717833	-0.552892	-0.376978	-0.19525	-0.0159613	0.148932	0.266655	0.304531	0.267978	0.169305	0.0424572	-0.0633574	-0.117195	-0.108862	-0.0574615	0.0220964	0.136298	0.27491	0.40342	0.499377	0.554015	0.582038	0.600337	0.620917	0.629948	0.617965	0.58109	0.513551	0.41882	0.299441	0.152874	-0.00579864	-0.150648	-0.265893	-0.333304	-0.353248	-0.345364	-0.313019	-0.264882	-0.206421	-0.14045	-0.0710857	
-0.65596	-0.65596	-0.67831	-0.717965	-0.758873	-0.78454	-0.776565	-0.718053	-0.606324	-0.466047	-0.309998	-0.149246	0.00659418	0.13468	0.213378	0.225233	0.166744	0.0424572	-0.101197	-0.217922	-0.278933	-0.275285	-0.225726	-0.138964	-0.0138391	0.137595	0.282059	0.398869	0.478736	0.530804	0.569542	0.608584	0.622964	0.608907	0.570998	0.503626	0.404357	0.272989	0.112231	-0.0546967	-0.209593	-0.333581	-0.406619	-0.424313	-0.40772	-0.357566	-0.283551	-0.191649	-0.0868091	0.0217055	
-0.524514	-0.524514	-0.54018	-0.576769	-0.609802	-0.621519	-0.600806	-0.542561	-0.450918	-0.337788	-0.209381	-0.0750612	0.0536126	0.142142	0.186183	0.171554	0.0821153	-0.0633574	-0.217922	-0.35243	-0.42342	-0.422828	-0.37162	-0.285373	-0.163375	-0.0142725	0.138572	0.271315	0.370384	0.445055	0.509381	0.562562	0.583046	0.573308	0.535344	0.470475	0.370083	0.22966	0.062713	-0.118955	-0.286533	-0.405285	-0.471642	-0.484613	-0.452772	-0.386301	-0.289694	-0.161347	-0.016692	0.122833	
-0.393331	-0.393331	-0.407865	-0.42725	-0.436553	-0.428991	-0.390043	-0.333497	-0.263386	-0.174623	-0.076403	0.0220701	0.123367	0.181151	0.192944	0.147023	0.0361912	-0.117195	-0.278933	-0.42342	-0.50526	-0.518794	-0.481015	-0.405745	-0.300391	-0.166618	-0.0215484	0.114077	0.226301	0.326125	0.41142	0.468005	0.494709	0.494891	0.467823	0.413666	0.317972	0.175297	0.00559106	-0.175803	-0.34695	-0.465797	-0.523636	-0.523462	-0.471991	-0.387011	-0.26506	-0.104321	0.0684133	0.237397	
-0.286753	-0.286753	-0.297005	-0.301997	-0.283078	-0.242231	-0.184236	-0.121666	-0.0649092	-0.000132393	0.0703057	0.145757	0.213885	0.243221	0.222872	0.156052	0.0403884	-0.108862	-0.275285	-0.422828	-0.518794	-0.556181	-0.546024	-0.502379	-0.423845	-0.315111	-0.186669	-0.0599546	0.0549343	0.162783	0.252953	0.315866	0.356882	0.372615	0.359865	0.315819	0.231779	0.104498	-0.0588351	-0.23628	-0.397487	-0.511467	-0.558907	-0.544956	-0.474573	-0.36683	-0.215337	-0.0235534	0.170367	0.353767	
-0.228402	-0.228402	-0.231802	-0.224458	-0.183965	-0.114012	-0.0294131	0.0523391	0.104434	0.152853	0.211412	0.272271	0.313584	0.321787	0.280018	0.202345	0.0883437	-0.0574615	-0.225726	-0.37162	-0.481015	-0.546024	-0.576267	-0.56392	-0.514388	-0.44061	-0.35047	-0.241916	-0.128815	-0.0202235	0.0654462	0.127239	0.174491	0.206832	0.216792	0.190267	0.123117	0.0128342	-0.137354	-0.302781	-0.453441	-0.552582	-0.589048	-0.559935	-0.475718	-0.339783	-0.158986	0.0525353	0.258915	0.44455	
-0.24845	-0.24845	-0.240919	-0.216236	-0.151459	-0.0566189	0.047854	0.141157	0.209141	0.264616	0.323845	0.37682	0.40829	0.405433	0.367194	0.285	0.165864	0.0220964	-0.138964	-0.285373	-0.405745	-0.502379	-0.56392	-0.578327	-0.573679	-0.54757	-0.494036	-0.406835	-0.305247	-0.209891	-0.136343	-0.0734548	-0.0227478	0.0206606	0.0457791	0.0408514	0.00248426	-0.0865158	-0.219571	-0.366282	-0.498893	-0.583792	-0.613252	-0.574796	-0.477306	-0.318721	-0.12054	0.0953114	0.304635	0.490102	
-0.326569	-0.326569	-0.309634	-0.264272	-0.177062	-0.0613863	0.0638517	0.175959	0.266295	0.341749	0.407952	0.461716	0.495021	0.491159	0.456499	0.380494	0.270143	0.136298	-0.0138391	-0.163375	-0.300391	-0.423845	-0.514388	-0.573679	-0.61373	-0.627003	-0.610026	-0.556795	-0.47703	-0.397216	-0.331863	-0.271098	-0.216023	-0.15997	-0.120825	-0.106432	-0.123076	-0.182911	-0.283971	-0.403786	-0.509829	-0.579635	-0.604652	-0.569986	-0.471252	-0.309584	-0.105543	0.11038	0.313768	0.493327	
-0.438726	-0.438726	-0.405833	-0.342197	-0.237278	-0.0979836	0.0511904	0.193549	0.30748	0.401273	0.477042	0.538979	0.572497	0.56845	0.535188	0.476881	0.390595	0.27491	0.137595	-0.0142725	-0.166618	-0.315111	-0.44061	-0.54757	-0.627003	-0.68704	-0.711801	-0.691599	-0.636806	-0.571744	-0.5116	-0.452391	-0.388757	-0.324501	-0.269971	-0.231209	-0.222097	-0.254116	-0.318228	-0.405432	-0.476972	-0.528954	-0.549746	-0.52673	-0.441004	-0.296387	-0.101181	0.110732	0.308044	0.477892	
-0.586621	-0.586621	-0.534553	-0.44837	-0.314736	-0.147703	0.0224407	0.190454	0.332851	0.446118	0.532759	0.593846	0.623322	0.626516	0.607444	0.568964	0.499661	0.40342	0.282059	0.138572	-0.0215484	-0.186669	-0.35047	-0.494036	-0.610026	-0.711801	-0.778761	-0.796613	-0.77707	-0.727697	-0.675302	-0.619493	-0.541464	-0.458604	-0.387635	-0.324148	-0.287695	-0.288005	-0.318813	-0.367773	-0.415667	-0.451805	-0.471459	-0.457072	-0.386887	-0.259295	-0.0878228	0.105104	0.291734	0.459775	
-0.772731	-0.772731	-0.699678	-0.579071	-0.412114	-0.220201	-0.0272827	0.163503	0.333693	0.467028	0.560382	0.617969	0.64822	0.655834	0.648689	0.625507	0.574624	0.499377	0.398869	0.271315	0.114077	-0.0599546	-0.241916	-0.406835	-0.556795	-0.691599	-0.796613	-0.852484	-0.872026	-0.853395	-0.815348	-0.751354	-0.659425	-0.558404	-0.461713	-0.372432	-0.307681	-0.278152	-0.28193	-0.302063	-0.336419	-0.365619	-0.38514	-0.372632	-0.316787	-0.211683	-0.0680582	0.106443	0.274609	0.434499	
-0.968574	-0.968574	-0.878577	-0.722073	-0.526559	-0.3125	-0.0891221	0.129043	0.31485	0.456815	0.551027	0.609633	0.644507	0.654811	0.650359	0.634313	0.602713	0.554015	0.478736	0.370384	0.226301	0.0549343	-0.128815	-0.305247	-0.47703	-0.636806	-0.77707	-0.872026	-0.927281	-0.936479	-0.906642	-0.834098	-0.734578	-0.613554	-0.482862	-0.363109	-0.276342	-0.225222	-0.209951	-0.215248	-0.239702	-0.27128	-0.297311	-0.290617	-0.246353	-0.160603	-0.0395463	0.107977	0.255526	0.401048	
-1.13846	-1.13846	-1.03342	-0.855383	-0.631071	-0.390187	-0.148933	0.0805402	0.277642	0.419551	0.514921	0.574192	0.60837	0.623813	0.630993	0.619135	0.603617	0.582038	0.530804	0.445055	0.326125	0.162783	-0.0202235	-0.209891	-0.397216	-0.571744	-0.727697	-0.853395	-0.936479	-0.96879	-0.939877	-0.860045	-0.749439	-0.608787	-0.455277	-0.315628	-0.206138	-0.137414	-0.10422	-0.0998319	-0.123519	-0.17073	-0.207443	-0.212303	-0.175102	-0.0972774	0.00399751	0.120212	0.249693	0.380925	
-1.23424	-1.23424	-1.12278	-0.932852	-0.695621	-0.44467	-0.201252	0.0305156	0.227341	0.371438	0.463786	0.521844	0.557541	0.584245	0.603575	0.606502	0.605036	0.600337	0.569542	0.509381	0.41142	0.252953	0.0654462	-0.136343	-0.331863	-0.5116	-0.675302	-0.815348	-0.906642	-0.939877	-0.908045	-0.825729	-0.707912	-0.554166	-0.389666	-0.240074	-0.116061	-0.0326579	0.0157771	0.028714	0.00341275	-0.0580693	-0.109101	-0.124159	-0.092761	-0.0284731	0.0540271	0.147476	0.259599	0.373452	
-1.23641	-1.23641	-1.12777	-0.939604	-0.710576	-0.475024	-0.239202	-0.015261	0.170103	0.309081	0.401626	0.46459	0.518592	0.557225	0.583482	0.600052	0.611347	0.620917	0.608584	0.562562	0.468005	0.315866	0.127239	-0.0734548	-0.271098	-0.452391	-0.619493	-0.751354	-0.834098	-0.860045	-0.825729	-0.736508	-0.611021	-0.45705	-0.288759	-0.133258	-0.0093957	0.0770261	0.12608	0.142064	0.115424	0.0569862	-0.00281322	-0.0285113	-0.0100581	0.0391933	0.109155	0.191509	0.278455	0.366827	
-1.1687	-1.1687	-1.06712	-0.89746	-0.683098	-0.462321	-0.253545	-0.0567533	0.106971	0.236951	0.33319	0.408846	0.482026	0.539226	0.575537	0.60278	0.618222	0.629948	0.622964	0.583046	0.494709	0.356882	0.174491	-0.0227478	-0.216023	-0.388757	-0.541464	-0.659425	-0.734578	-0.749439	-0.707912	-0.611021	-0.470702	-0.313976	-0.155037	-0.0121658	0.0981201	0.174522	0.21466	0.221142	0.185936	0.130586	0.0733699	0.0437029	0.0531618	0.0921075	0.150888	0.219918	0.283958	0.348134	
-1.07383	-1.07383	-0.981181	-0.82961	-0.631804	-0.428791	-0.25156	-0.0860947	0.050456	0.167746	0.265798	0.353138	0.435514	0.509158	0.555787	0.592303	0.608964	0.617965	0.608907	0.573308	0.494891	0.372615	0.206832	0.0206606	-0.15997	-0.324501	-0.458604	-0.558404	-0.613554	-0.608787	-0.554166	-0.45705	-0.313976	-0.159495	-0.0197373	0.101914	0.190501	0.240283	0.256184	0.239642	0.191573	0.136095	0.086323	0.0589844	0.0684016	0.104006	0.159401	0.217842	0.269269	0.321217	
-0.972437	-0.972437	-0.890155	-0.751841	-0.577605	-0.399822	-0.245215	-0.103414	0.0131836	0.115911	0.208083	0.299082	0.382969	0.454331	0.503631	0.54235	0.569209	0.58109	0.570998	0.535344	0.467823	0.359865	0.216792	0.0457791	-0.120825	-0.269971	-0.387635	-0.461713	-0.482862	-0.455277	-0.389666	-0.288759	-0.155037	-0.0197373	0.094505	0.184454	0.241459	0.260416	0.243985	0.191477	0.130721	0.0737244	0.0306993	0.00746632	0.01733	0.0559634	0.121642	0.186653	0.243166	0.292866	
-0.864777	-0.864777	-0.801314	-0.684088	-0.534322	-0.381045	-0.243982	-0.125135	-0.0175529	0.0779676	0.164727	0.247766	0.321761	0.37914	0.426002	0.462707	0.496395	0.513551	0.503626	0.470475	0.413666	0.315819	0.190267	0.0408514	-0.106432	-0.231209	-0.324148	-0.372432	-0.363109	-0.315628	-0.240074	-0.133258	-0.0121658	0.101914	0.184454	0.231568	0.246477	0.232088	0.182625	0.103475	0.0245039	-0.0435307	-0.0857426	-0.099097	-0.0801532	-0.0298654	0.047812	0.133653	0.212837	0.277003	
-0.770197	-0.770197	-0.723758	-0.634015	-0.512793	-0.383916	-0.268136	-0.163938	-0.0640172	0.0257085	0.113756	0.19063	0.248749	0.296338	0.336171	0.363159	0.39853	0.41882	0.404357	0.370083	0.317972	0.231779	0.123117	0.00248426	-0.123076	-0.222097	-0.287695	-0.307681	-0.276342	-0.206138	-0.116061	-0.0093957	0.0981201	0.190501	0.241459	0.246477	0.223651	0.169159	0.082266	-0.018712	-0.115144	-0.192271	-0.23351	-0.233605	-0.204432	-0.136987	-0.0429983	0.0637177	0.172393	0.259811	
-0.716433	-0.716433	-0.679788	-0.617029	-0.529581	-0.43029	-0.337667	-0.242288	-0.146444	-0.0635925	0.0233907	0.105551	0.15825	0.20005	0.231219	0.255109	0.284881	0.299441	0.272989	0.22966	0.175297	0.104498	0.0128342	-0.0865158	-0.182911	-0.254116	-0.288005	-0.278152	-0.225222	-0.137414	-0.0326579	0.0770261	0.174522	0.240283	0.260416	0.232088	0.169159	0.0797029	-0.0398853	-0.168335	-0.282073	-0.362089	-0.396295	-0.385954	-0.344727	-0.261427	-0.148264	-0.0161286	0.116652	0.222605	
-0.721135	-0.721135	-0.701167	-0.660803	-0.604197	-0.537808	-0.468536	-0.385529	-0.293624	-0.201583	-0.110188	-0.0255371	0.0363093	0.0850381	0.112927	0.135518	0.156701	0.152874	0.112231	0.062713	0.00559106	-0.0588351	-0.137354	-0.219571	-0.283971	-0.318228	-0.318813	-0.28193	-0.209951	-0.10422	0.0157771	0.12608	0.21466	0.256184	0.243985	0.182625	0.082266	-0.0398853	-0.18557	-0.331632	-0.455394	-0.541072	-0.573317	-0.554134	-0.494309	-0.394027	-0.261447	-0.108886	0.0358063	0.161239	
-0.772609	-0.772609	-0.7691	-0.76116	-0.742079	-0.70641	-0.65565	-0.580117	-0.480822	-0.374818	-0.27625	-0.185053	-0.108686	-0.0530825	-0.0150805	0.00781905	0.0138348	-0.00579864	-0.0546967	-0.118955	-0.175803	-0.23628	-0.302781	-0.366282	-0.403786	-0.405432	-0.367773	-0.302063	-0.215248	-0.0998319	0.028714	0.142064	0.221142	0.239642	0.191477	0.103475	-0.018712	-0.168335	-0.331632	-0.490336	-0.619712	-0.706725	-0.738357	-0.717035	-0.63865	-0.52037	-0.373627	-0.212871	-0.0574158	0.082425	
-0.843772	-0.843772	-0.854646	-0.881366	-0.901825	-0.900574	-0.861329	-0.782457	-0.670257	-0.556654	-0.445351	-0.346913	-0.255954	-0.192508	-0.142888	-0.115832	-0.117025	-0.150648	-0.209593	-0.286533	-0.34695	-0.397487	-0.453441	-0.498893	-0.509829	-0.476972	-0.415667	-0.336419	-0.239702	-0.123519	0.00341275	0.115424	0.185936	0.191573	0.130721	0.0245039	-0.115144	-0.282073	-0.455394	-0.619712	-0.755384	-0.838298	-0.865795	-0.834281	-0.746135	-0.616737	-0.464918	-0.300586	-0.139437	-0.00169135	
-0.911673	-0.911673	-0.937447	-0.987124	-1.03375	-1.05535	-1.03594	-0.95952	-0.840905	-0.7151	-0.596749	-0.486673	-0.38482	-0.301341	-0.243601	-0.212741	-0.219725	-0.265893	-0.333581	-0.405285	-0.465797	-0.511467	-0.552582	-0.583792	-0.579635	-0.528954	-0.451805	-0.365619	-0.27128	-0.17073	-0.0580693	0.0569862	0.130586	0.136095	0.0737244	-0.0435307	-0.192271	-0.362089	-0.541072	-0.706725	-0.838298	-0.917077	-0.934351	-0.883851	-0.785174	-0.656335	-0.505317	-0.349874	-0.20171	-0.0804332	
-0.947652	-0.947652	-0.987549	-1.04808	-1.10887	-1.1475	-1.13831	-1.07135	-0.958311	-0.828061	-0.703554	-0.588446	-0.475566	-0.372276	-0.300947	-0.270871	-0.281376	-0.333304	-0.406619	-0.471642	-0.523636	-0.558907	-0.589048	-0.613252	-0.604652	-0.549746	-0.471459	-0.38514	-0.297311	-0.207443	-0.109101	-0.00281322	0.0733699	0.086323	0.0306993	-0.0857426	-0.23351	-0.396295	-0.573317	-0.738357	-0.865795	-0.934351	-0.929972	-0.863867	-0.761946	-0.63474	-0.493368	-0.359148	-0.240282	-0.141178	
-0.95253	-0.95253	-0.993854	-1.05573	-1.12359	-1.17078	-1.16552	-1.10835	-1.00783	-0.880794	-0.75431	-0.632941	-0.512164	-0.402288	-0.320523	-0.287629	-0.302656	-0.353248	-0.424313	-0.484613	-0.523462	-0.544956	-0.559935	-0.574796	-0.569986	-0.52673	-0.457072	-0.372632	-0.290617	-0.212303	-0.124159	-0.0285113	0.0437029	0.0589844	0.00746632	-0.099097	-0.233605	-0.385954	-0.554134	-0.717035	-0.834281	-0.883851	-0.863867	-0.792392	-0.690355	-0.568745	-0.445493	-0.332097	-0.242814	-0.175313	
-0.904989	-0.904989	-0.951048	-1.01326	-1.07379	-1.11748	-1.11515	-1.06087	-0.972251	-0.853643	-0.733792	-0.617597	-0.497477	-0.384988	-0.306921	-0.275651	-0.296481	-0.345364	-0.40772	-0.452772	-0.471991	-0.474573	-0.475718	-0.477306	-0.471252	-0.441004	-0.386887	-0.316787	-0.246353	-0.175102	-0.092761	-0.0100581	0.0531618	0.0684016	0.01733	-0.0801532	-0.204432	-0.344727	-0.494309	-0.63865	-0.746135	-0.785174	-0.761946	-0.690355	-0.588396	-0.473564	-0.36905	-0.284766	-0.225121	-0.185531	
-0.792027	-0.792027	-0.839032	-0.904463	-0.953976	-0.980162	-0.975069	-0.925508	-0.846118	-0.74174	-0.639516	-0.542502	-0.437613	-0.339837	-0.276221	-0.250788	-0.269739	-0.313019	-0.357566	-0.386301	-0.387011	-0.36683	-0.339783	-0.318721	-0.309584	-0.296387	-0.259295	-0.211683	-0.160603	-0.0972774	-0.0284731	0.0391933	0.0921075	0.104006	0.0559634	-0.0298654	-0.136987	-0.261427	-0.394027	-0.52037	-0.616737	-0.656335	-0.63474	-0.568745	-0.473564	-0.374894	-0.288647	-0.224171	-0.185588	-0.165928	
-0.603064	-0.603064	-0.64341	-0.702799	-0.744705	-0.758306	-0.748196	-0.712261	-0.655172	-0.577542	-0.499497	-0.426107	-0.349756	-0.281834	-0.237749	-0.22599	-0.240799	-0.264882	-0.283551	-0.289694	-0.26506	-0.215337	-0.158986	-0.12054	-0.105543	-0.101181	-0.0878228	-0.0680582	-0.0395463	0.00399751	0.0540271	0.109155	0.150888	0.159401	0.121642	0.047812	-0.0429983	-0.148264	-0.261447	-0.373627	-0.464918	-0.505317	-0.493368	-0.445493	-0.36905	-0.288647	-0.216511	-0.159898	-0.131402	-0.124646	
-0.32131	-0.32131	-0.359216	-0.415188	-0.452814	-0.467419	-0.470396	-0.460232	-0.434417	-0.398523	-0.359085	-0.31741	-0.27317	-0.235997	-0.209043	-0.203963	-0.207731	-0.206421	-0.191649	-0.161347	-0.104321	-0.0235534	0.0525353	0.0953114	0.11038	0.110732	0.105104	0.106443	0.107977	0.120212	0.147476	0.191509	0.219918	0.217842	0.186653	0.133653	0.0637177	-0.0161286	-0.108886	-0.212871	-0.300586	-0.349874	-0.359148	-0.332097	-0.284766	-0.224171	-0.159898	-0.104683	-0.0794057	-0.0814447	
0.0569612	0.0569612	0.0117002	-0.0543862	-0.100409	-0.132711	-0.167755	-0.197258	-0.219141	-0.240935	-0.25542	-0.258151	-0.246045	-0.227212	-0.207034	-0.193273	-0.174678	-0.14045	-0.0868091	-0.016692	0.0684133	0.170367	0.258915	0.304635	0.313768	0.308044	0.291734	0.274609	0.255526	0.249693	0.259599	0.278455	0.283958	0.269269	0.243166	0.212837	0.172393	0.116652	0.0358063	-0.0574158	-0.139437	-0.20171	-0.240282	-0.242814	-0.225121	-0.185588	-0.131402	-0.0794057	-0.0521724	-0.0517203	
0.493283	0.493283	0.437604	0.350927	0.271643	0.20241	0.127333	0.0467778	-0.0405795	-0.127481	-0.203442	-0.257722	-0.280917	-0.27276	-0.249245	-0.213363	-0.154615	-0.0710857	0.0217055	0.122833	0.237397	0.353767	0.44455	0.490102	0.493327	0.477892	0.459775	0.434499	0.401048	0.380925	0.373452	0.366827	0.348134	0.321217	0.292866	0.277003	0.259811	0.222605	0.161239	0.082425	-0.00169135	-0.0804332	-0.141178	-0.175313	-0.185531	-0.165928	-0.124646	-0.0814447	-0.0517203	-0.0361481	
