0.631749	0.707331	0.720176	0.648897	0.510717	0.316514	0.100691	-0.0999637	-0.261037	-0.38572	-0.474045	-0.531037	-0.570076	-0.579473	-0.563443	-0.515502	-0.436813	-0.337449	-0.248756	-0.184795	-0.133449	-0.083043	-0.0251862	0.0302487	0.0769388	0.0994056	0.0943435	0.0639968	-0.000127309	-0.0920003	-0.184859	-0.261412	-0.314154	-0.329491	-0.326268	-0.316621	-0.287796	-0.234164	-0.149001	-0.0312985	0.111015	0.242459	0.34035	0.425582	0.497711	0.542417	0.559962	0.55443	0.54273	0.54273	
0.707331	0.81299	0.857314	0.81502	0.693488	0.517804	0.315913	0.11637	-0.0573832	-0.201432	-0.310942	-0.396946	-0.455261	-0.476945	-0.469229	-0.428608	-0.348703	-0.242697	-0.143081	-0.063	-0.00239326	0.0511668	0.102951	0.140102	0.15409	0.138362	0.0930292	0.0325051	-0.0366911	-0.125134	-0.216489	-0.293544	-0.347619	-0.368868	-0.368123	-0.34335	-0.298216	-0.238512	-0.15906	-0.0640788	0.0464809	0.144839	0.209318	0.263224	0.305787	0.321946	0.321562	0.307763	0.286911	0.286911	
0.720176	0.857314	0.937213	0.931475	0.840181	0.691451	0.511567	0.327481	0.152535	-0.00306859	-0.13193	-0.23678	-0.310146	-0.346878	-0.352822	-0.316351	-0.231809	-0.126084	-0.0192127	0.0756093	0.145078	0.199173	0.247083	0.263308	0.239239	0.189243	0.116262	0.0378253	-0.0362623	-0.114222	-0.195165	-0.273639	-0.33452	-0.367739	-0.366066	-0.328888	-0.276621	-0.217072	-0.154177	-0.0915774	-0.0309834	0.0155047	0.0498752	0.0708777	0.0722775	0.060526	0.0385519	0.0140436	-0.000573306	-0.000573306	
0.648897	0.81502	0.931475	0.969503	0.925026	0.818981	0.67024	0.503646	0.329665	0.17222	0.0401769	-0.0686814	-0.149931	-0.197815	-0.216298	-0.184081	-0.10291	0.00358104	0.126487	0.241893	0.317221	0.357739	0.389116	0.383585	0.330754	0.252882	0.161444	0.0719991	-0.00616369	-0.0782952	-0.153025	-0.222183	-0.280746	-0.320363	-0.321437	-0.290235	-0.243689	-0.199008	-0.164329	-0.133502	-0.12235	-0.127129	-0.124378	-0.133891	-0.168447	-0.212212	-0.25163	-0.274858	-0.283559	-0.283559	
0.510717	0.693488	0.840181	0.925026	0.943689	0.887174	0.772633	0.625621	0.467782	0.318679	0.184502	0.0748641	-0.00118189	-0.0469704	-0.0719107	-0.0497133	0.022169	0.137306	0.27988	0.415604	0.495363	0.521696	0.528065	0.498417	0.43168	0.337635	0.22905	0.121442	0.0347644	-0.0303458	-0.0956488	-0.159579	-0.217676	-0.252882	-0.25669	-0.243608	-0.220467	-0.201253	-0.190924	-0.190951	-0.219224	-0.267049	-0.308264	-0.347538	-0.401483	-0.463056	-0.504837	-0.517486	-0.519102	-0.519102	
0.316514	0.517804	0.691451	0.818981	0.887174	0.876265	0.803248	0.69441	0.569505	0.432002	0.301338	0.199376	0.133526	0.0893652	0.0655166	0.0857395	0.157073	0.277668	0.423898	0.560224	0.643277	0.671671	0.657548	0.605621	0.522499	0.415743	0.301508	0.182843	0.0871982	0.0222671	-0.0323147	-0.0920672	-0.159188	-0.201442	-0.212062	-0.211414	-0.212462	-0.22014	-0.23659	-0.26762	-0.318656	-0.3948	-0.475198	-0.541151	-0.605676	-0.663478	-0.694111	-0.697053	-0.688886	-0.688886	
0.100691	0.315913	0.511567	0.67024	0.772633	0.803248	0.775753	0.709671	0.618043	0.509675	0.405317	0.317014	0.249935	0.206053	0.19632	0.228392	0.303042	0.420266	0.554044	0.67436	0.757907	0.789232	0.763089	0.693003	0.588878	0.466628	0.345793	0.2341	0.140226	0.063595	0.00452656	-0.0537314	-0.117718	-0.166281	-0.188909	-0.199227	-0.221612	-0.254107	-0.298532	-0.356712	-0.422609	-0.51031	-0.604728	-0.680978	-0.742355	-0.788277	-0.811276	-0.811916	-0.805023	-0.805023	
-0.0999637	0.11637	0.327481	0.503646	0.625621	0.69441	0.709671	0.676043	0.619077	0.555832	0.48536	0.408815	0.348904	0.323509	0.334428	0.374603	0.448197	0.558955	0.680313	0.78556	0.856165	0.873015	0.828563	0.740908	0.625466	0.490528	0.35622	0.241085	0.147016	0.065591	-0.00644773	-0.0645145	-0.107813	-0.150282	-0.186238	-0.209612	-0.243372	-0.29906	-0.368853	-0.438068	-0.511415	-0.596945	-0.684334	-0.759396	-0.806282	-0.838575	-0.861729	-0.864635	-0.865298	-0.865298	
-0.261037	-0.0573832	0.152535	0.329665	0.467782	0.569505	0.618043	0.619077	0.604815	0.580771	0.533894	0.479557	0.452091	0.456761	0.481203	0.525177	0.594483	0.693852	0.802743	0.892628	0.936948	0.921578	0.853057	0.749395	0.625357	0.486703	0.340758	0.201338	0.0891532	0.00592437	-0.0641161	-0.116075	-0.144643	-0.173622	-0.214751	-0.253027	-0.28816	-0.345288	-0.421428	-0.489521	-0.561514	-0.643228	-0.71822	-0.776727	-0.809253	-0.83407	-0.853191	-0.857559	-0.865858	-0.865858	
-0.38572	-0.201432	-0.00306859	0.17222	0.318679	0.432002	0.509675	0.555832	0.580771	0.581645	0.563652	0.549124	0.559929	0.585899	0.624972	0.681588	0.750209	0.830611	0.915101	0.981533	0.990417	0.941429	0.851573	0.731857	0.592491	0.442652	0.289105	0.130021	-0.00880089	-0.104896	-0.164863	-0.198134	-0.219648	-0.245715	-0.28001	-0.314053	-0.345691	-0.394876	-0.460803	-0.517499	-0.577814	-0.650201	-0.707717	-0.742374	-0.760322	-0.77417	-0.791724	-0.805749	-0.814546	-0.814546	
-0.474045	-0.310942	-0.13193	0.0401769	0.184502	0.301338	0.405317	0.48536	0.533894	0.563652	0.588801	0.615916	0.652599	0.695126	0.753375	0.826667	0.896907	0.956516	1.0093	1.03755	1.01241	0.938328	0.828501	0.694744	0.535188	0.366143	0.20135	0.0337414	-0.116819	-0.229493	-0.290751	-0.304282	-0.309015	-0.332988	-0.36069	-0.381256	-0.408715	-0.449533	-0.498855	-0.543338	-0.58548	-0.630896	-0.659824	-0.666791	-0.66783	-0.674599	-0.689178	-0.708885	-0.726495	-0.726495	
-0.531037	-0.396946	-0.23678	-0.0686814	0.0748641	0.199376	0.317014	0.408815	0.479557	0.549124	0.615916	0.673279	0.730367	0.789307	0.862625	0.94029	1.00161	1.04259	1.05914	1.04228	0.986054	0.891878	0.765775	0.621433	0.455374	0.276096	0.100999	-0.0643716	-0.210784	-0.325173	-0.391679	-0.405646	-0.396802	-0.408769	-0.43302	-0.449716	-0.474937	-0.511199	-0.542174	-0.561931	-0.58025	-0.593979	-0.592765	-0.581231	-0.56597	-0.559409	-0.564828	-0.578622	-0.597356	-0.597356	
-0.570076	-0.455261	-0.310146	-0.149931	-0.00118189	0.133526	0.249935	0.348904	0.452091	0.559929	0.652599	0.730367	0.802279	0.871649	0.945695	1.00377	1.03831	1.05146	1.0314	0.971396	0.888084	0.782489	0.646325	0.504956	0.355068	0.185173	0.013584	-0.142478	-0.274487	-0.373406	-0.43827	-0.468157	-0.465603	-0.463883	-0.478725	-0.498865	-0.525447	-0.556833	-0.576408	-0.578366	-0.56999	-0.546615	-0.518824	-0.498638	-0.474582	-0.453334	-0.441035	-0.438308	-0.448421	-0.448421	
-0.579473	-0.476945	-0.346878	-0.197815	-0.0469704	0.0893652	0.206053	0.323509	0.456761	0.585899	0.695126	0.789307	0.871649	0.940149	0.992958	1.01281	1.00378	0.976868	0.916659	0.819843	0.715782	0.602334	0.46845	0.341172	0.22118	0.0863322	-0.0601963	-0.194331	-0.301332	-0.375357	-0.425732	-0.464307	-0.482887	-0.485554	-0.492497	-0.514865	-0.544197	-0.57113	-0.58602	-0.576582	-0.546608	-0.499699	-0.449472	-0.415976	-0.391985	-0.366082	-0.341292	-0.325471	-0.32103	-0.32103	
-0.563443	-0.469229	-0.352822	-0.216298	-0.0719107	0.0655166	0.19632	0.334428	0.481203	0.624972	0.753375	0.862625	0.945695	0.992958	1.00572	0.97483	0.908962	0.819054	0.711291	0.589317	0.46507	0.345146	0.230092	0.135288	0.0552853	-0.0290654	-0.121989	-0.210417	-0.281299	-0.330325	-0.36872	-0.407557	-0.440217	-0.462168	-0.478694	-0.498676	-0.522178	-0.543555	-0.552246	-0.536355	-0.495069	-0.437218	-0.384592	-0.351032	-0.328173	-0.305575	-0.282135	-0.259619	-0.24214	-0.24214	
-0.515502	-0.428608	-0.316351	-0.184081	-0.0497133	0.0857395	0.228392	0.374603	0.525177	0.681588	0.826667	0.94029	1.00377	1.01281	0.97483	0.888909	0.753864	0.588779	0.433519	0.291429	0.156173	0.0357077	-0.0493176	-0.0958617	-0.129586	-0.158692	-0.183683	-0.205323	-0.226808	-0.251676	-0.28407	-0.321172	-0.357608	-0.395007	-0.42272	-0.437903	-0.453516	-0.470048	-0.47384	-0.455841	-0.415483	-0.364875	-0.324322	-0.300081	-0.290008	-0.282679	-0.264641	-0.238075	-0.215172	-0.215172	
-0.436813	-0.348703	-0.231809	-0.10291	0.022169	0.157073	0.303042	0.448197	0.594483	0.750209	0.896907	1.00161	1.03831	1.00378	0.908962	0.753864	0.549425	0.326893	0.12196	-0.0505613	-0.186035	-0.286599	-0.345065	-0.357414	-0.336329	-0.297094	-0.24914	-0.199774	-0.170002	-0.166467	-0.182084	-0.209244	-0.243898	-0.287187	-0.324013	-0.337677	-0.341134	-0.352514	-0.358807	-0.34866	-0.3261	-0.298493	-0.279271	-0.270129	-0.268491	-0.270166	-0.266829	-0.253907	-0.236246	-0.236246	
-0.337449	-0.242697	-0.126084	0.00358104	0.137306	0.277668	0.420266	0.558955	0.693852	0.830611	0.956516	1.04259	1.05146	0.976868	0.819054	0.588779	0.326893	0.0635259	-0.184469	-0.392304	-0.524624	-0.598456	-0.641483	-0.636429	-0.564529	-0.449402	-0.326607	-0.214526	-0.135787	-0.0926366	-0.073479	-0.0762377	-0.101539	-0.145278	-0.18957	-0.213959	-0.219366	-0.218847	-0.219089	-0.227404	-0.235813	-0.238672	-0.247059	-0.257907	-0.266666	-0.270495	-0.272301	-0.276646	-0.27558	-0.27558	
-0.248756	-0.143081	-0.0192127	0.126487	0.27988	0.423898	0.554044	0.680313	0.802743	0.915101	1.0093	1.05914	1.0314	0.916659	0.711291	0.433519	0.12196	-0.184469	-0.458387	-0.673867	-0.811321	-0.88845	-0.917445	-0.888096	-0.78154	-0.616062	-0.434114	-0.262771	-0.127853	-0.0358444	0.0207063	0.0433432	0.0334131	0.0031474	-0.0364869	-0.0729142	-0.0875992	-0.0836657	-0.085468	-0.112267	-0.15298	-0.190922	-0.224344	-0.251631	-0.269307	-0.270004	-0.272214	-0.292126	-0.306304	-0.306304	
-0.184795	-0.063	0.0756093	0.241893	0.415604	0.560224	0.67436	0.78556	0.892628	0.981533	1.03755	1.04228	0.971396	0.819843	0.589317	0.291429	-0.0505613	-0.392304	-0.673867	-0.876111	-1.02256	-1.11627	-1.13402	-1.07896	-0.955793	-0.773627	-0.557774	-0.339807	-0.153993	-0.0153455	0.0756957	0.121508	0.13406	0.13071	0.108681	0.0705736	0.0428463	0.0374265	0.0251489	-0.0261808	-0.0912935	-0.143806	-0.192574	-0.233593	-0.255276	-0.256394	-0.263332	-0.294341	-0.32071	-0.32071	
-0.133449	-0.00239326	0.145078	0.317221	0.495363	0.643277	0.757907	0.856165	0.936948	0.990417	1.01241	0.986054	0.888084	0.715782	0.46507	0.156173	-0.186035	-0.524624	-0.811321	-1.02256	-1.16859	-1.25591	-1.27111	-1.21724	-1.08926	-0.892725	-0.657114	-0.417037	-0.20475	-0.0365706	0.0859268	0.163816	0.200209	0.210933	0.199397	0.166227	0.136765	0.126952	0.107492	0.0493536	-0.0238952	-0.0890785	-0.146408	-0.193728	-0.226212	-0.237251	-0.247984	-0.277298	-0.301144	-0.301144	
-0.083043	0.0511668	0.199173	0.357739	0.521696	0.671671	0.789232	0.873015	0.921578	0.941429	0.938328	0.891878	0.782489	0.602334	0.345146	0.0357077	-0.286599	-0.598456	-0.88845	-1.11627	-1.25591	-1.31959	-1.32961	-1.28624	-1.15854	-0.956189	-0.720731	-0.484606	-0.270971	-0.0940501	0.0474092	0.151083	0.209849	0.236017	0.234281	0.214366	0.19873	0.18746	0.160248	0.105689	0.038744	-0.0273072	-0.0887032	-0.138669	-0.174328	-0.198025	-0.219542	-0.241391	-0.253739	-0.253739	
-0.0251862	0.102951	0.247083	0.389116	0.528065	0.657548	0.763089	0.828563	0.853057	0.851573	0.828501	0.765775	0.646325	0.46845	0.230092	-0.0493176	-0.345065	-0.641483	-0.917445	-1.13402	-1.27111	-1.32961	-1.32527	-1.27061	-1.15391	-0.979602	-0.771485	-0.556232	-0.353946	-0.180067	-0.0376113	0.0755948	0.155511	0.205657	0.233151	0.244475	0.240379	0.221028	0.185591	0.136768	0.0862609	0.0351051	-0.016879	-0.0649429	-0.109224	-0.14899	-0.176553	-0.184398	-0.181081	-0.181081	
0.0302487	0.140102	0.263308	0.383585	0.498417	0.605621	0.693003	0.740908	0.749395	0.731857	0.694744	0.621433	0.504956	0.341172	0.135288	-0.0958617	-0.357414	-0.636429	-0.888096	-1.07896	-1.21724	-1.28624	-1.27061	-1.20374	-1.10846	-0.977082	-0.811715	-0.634753	-0.45722	-0.296403	-0.162162	-0.0459214	0.0523646	0.132999	0.197167	0.238529	0.250534	0.235423	0.202488	0.16863	0.137123	0.0981479	0.0562755	0.0127505	-0.0364696	-0.085682	-0.116159	-0.115094	-0.1026	-0.1026	
0.0769388	0.15409	0.239239	0.330754	0.43168	0.522499	0.588878	0.625466	0.625357	0.592491	0.535188	0.455374	0.355068	0.22118	0.0552853	-0.129586	-0.336329	-0.564529	-0.78154	-0.955793	-1.08926	-1.15854	-1.15391	-1.10846	-1.04549	-0.957722	-0.84747	-0.727109	-0.590476	-0.447893	-0.313991	-0.19371	-0.0825181	0.0292575	0.128729	0.192508	0.218578	0.224556	0.217793	0.204903	0.192582	0.172967	0.140307	0.0958532	0.0445282	-0.00819414	-0.0426731	-0.0454181	-0.0382707	-0.0382707	
0.0994056	0.138362	0.189243	0.252882	0.337635	0.415743	0.466628	0.490528	0.486703	0.442652	0.366143	0.276096	0.185173	0.0863322	-0.0290654	-0.158692	-0.297094	-0.449402	-0.616062	-0.773627	-0.892725	-0.956189	-0.979602	-0.977082	-0.957722	-0.925609	-0.880314	-0.818766	-0.726151	-0.608192	-0.484937	-0.36684	-0.243772	-0.105523	0.0228505	0.108735	0.159566	0.195615	0.219016	0.236162	0.245457	0.242614	0.227619	0.19067	0.137637	0.0823513	0.0408474	0.0226247	0.0145608	0.0145608	
0.0943435	0.0930292	0.116262	0.161444	0.22905	0.301508	0.345793	0.35622	0.340758	0.289105	0.20135	0.100999	0.013584	-0.0601963	-0.121989	-0.183683	-0.24914	-0.326607	-0.434114	-0.557774	-0.657114	-0.720731	-0.771485	-0.811715	-0.84747	-0.880314	-0.89626	-0.884307	-0.835076	-0.753482	-0.654749	-0.543828	-0.40761	-0.251448	-0.111676	-0.00884219	0.070592	0.13626	0.193697	0.24791	0.282348	0.297791	0.297779	0.273306	0.234737	0.184675	0.136857	0.10511	0.0801919	0.0801919	
0.0639968	0.0325051	0.0378253	0.0719991	0.121442	0.182843	0.2341	0.241085	0.201338	0.130021	0.0337414	-0.0643716	-0.142478	-0.194331	-0.210417	-0.205323	-0.199774	-0.214526	-0.262771	-0.339807	-0.417037	-0.484606	-0.556232	-0.634753	-0.727109	-0.818766	-0.884307	-0.914492	-0.912015	-0.873973	-0.79861	-0.68501	-0.538227	-0.393037	-0.261629	-0.140438	-0.0400058	0.0473574	0.136847	0.220511	0.27723	0.311517	0.331497	0.333384	0.320849	0.289554	0.2498	0.215689	0.187667	0.187667	
-0.000127309	-0.0366911	-0.0362623	-0.00616369	0.0347644	0.0871982	0.140226	0.147016	0.0891532	-0.00880089	-0.116819	-0.210784	-0.274487	-0.301332	-0.281299	-0.226808	-0.170002	-0.135787	-0.127853	-0.153993	-0.20475	-0.270971	-0.353946	-0.45722	-0.590476	-0.726151	-0.835076	-0.912015	-0.956504	-0.958103	-0.901613	-0.788028	-0.648167	-0.519958	-0.394831	-0.264808	-0.149805	-0.0488499	0.0498983	0.144348	0.217668	0.266336	0.313262	0.363205	0.392926	0.394851	0.37947	0.354678	0.334254	0.334254	
-0.0920003	-0.125134	-0.114222	-0.0782952	-0.0303458	0.0222671	0.063595	0.065591	0.00592437	-0.104896	-0.229493	-0.325173	-0.373406	-0.375357	-0.330325	-0.251676	-0.166467	-0.0926366	-0.0358444	-0.0153455	-0.0365706	-0.0940501	-0.180067	-0.296403	-0.447893	-0.608192	-0.753482	-0.873973	-0.958103	-0.98622	-0.946021	-0.855405	-0.744087	-0.626911	-0.505753	-0.381192	-0.262584	-0.16025	-0.0626927	0.0387646	0.128901	0.199702	0.272061	0.356895	0.428789	0.476935	0.503347	0.509235	0.511425	0.511425	
-0.184859	-0.216489	-0.195165	-0.153025	-0.0956488	-0.0323147	0.00452656	-0.00644773	-0.0641161	-0.164863	-0.290751	-0.391679	-0.43827	-0.425732	-0.36872	-0.28407	-0.182084	-0.073479	0.0207063	0.0756957	0.0859268	0.0474092	-0.0376113	-0.162162	-0.313991	-0.484937	-0.654749	-0.79861	-0.901613	-0.946021	-0.940481	-0.894075	-0.811188	-0.71132	-0.608997	-0.498717	-0.381183	-0.28025	-0.183497	-0.0734674	0.0307955	0.126828	0.227016	0.33483	0.441453	0.535105	0.605247	0.648685	0.673063	0.673063	
-0.261412	-0.293544	-0.273639	-0.222183	-0.159579	-0.0920672	-0.0537314	-0.0645145	-0.116075	-0.198134	-0.304282	-0.405646	-0.468157	-0.464307	-0.407557	-0.321172	-0.209244	-0.0762377	0.0433432	0.121508	0.163816	0.151083	0.0755948	-0.0459214	-0.19371	-0.36684	-0.543828	-0.68501	-0.788028	-0.855405	-0.894075	-0.89614	-0.853741	-0.78829	-0.708371	-0.608558	-0.498026	-0.395763	-0.29355	-0.178755	-0.0596692	0.0602112	0.180222	0.307114	0.443138	0.570411	0.674914	0.749047	0.786367	0.786367	
-0.314154	-0.347619	-0.33452	-0.280746	-0.217676	-0.159188	-0.117718	-0.107813	-0.144643	-0.219648	-0.309015	-0.396802	-0.465603	-0.482887	-0.440217	-0.357608	-0.243898	-0.101539	0.0334131	0.13406	0.200209	0.209849	0.155511	0.0523646	-0.0825181	-0.243772	-0.40761	-0.538227	-0.648167	-0.744087	-0.811188	-0.853741	-0.872542	-0.860757	-0.805268	-0.708965	-0.603155	-0.493305	-0.376365	-0.258598	-0.12814	0.00720735	0.136025	0.271131	0.417449	0.568902	0.702447	0.800218	0.859206	0.859206	
-0.329491	-0.368868	-0.367739	-0.320363	-0.252882	-0.201442	-0.166281	-0.150282	-0.173622	-0.245715	-0.332988	-0.408769	-0.463883	-0.485554	-0.462168	-0.395007	-0.287187	-0.145278	0.0031474	0.13071	0.210933	0.236017	0.205657	0.132999	0.0292575	-0.105523	-0.251448	-0.393037	-0.519958	-0.626911	-0.71132	-0.78829	-0.860757	-0.890322	-0.860653	-0.786936	-0.690424	-0.570925	-0.43849	-0.314565	-0.181363	-0.0435221	0.0906955	0.235264	0.383316	0.539253	0.687516	0.799604	0.869906	0.869906	
-0.326268	-0.368123	-0.366066	-0.321437	-0.25669	-0.212062	-0.188909	-0.186238	-0.214751	-0.28001	-0.36069	-0.43302	-0.478725	-0.492497	-0.478694	-0.42272	-0.324013	-0.18957	-0.0364869	0.108681	0.199397	0.234281	0.233151	0.197167	0.128729	0.0228505	-0.111676	-0.261629	-0.394831	-0.505753	-0.608997	-0.708371	-0.805268	-0.860653	-0.860125	-0.820938	-0.742286	-0.628817	-0.498528	-0.368769	-0.234352	-0.0909036	0.057282	0.209021	0.354651	0.495963	0.63134	0.739741	0.802436	0.802436	
-0.316621	-0.34335	-0.328888	-0.290235	-0.243608	-0.211414	-0.199227	-0.209612	-0.253027	-0.314053	-0.381256	-0.449716	-0.498865	-0.514865	-0.498676	-0.437903	-0.337677	-0.213959	-0.0729142	0.0705736	0.166227	0.214366	0.244475	0.238529	0.192508	0.108735	-0.00884219	-0.140438	-0.264808	-0.381192	-0.498717	-0.608558	-0.708965	-0.786936	-0.820938	-0.809514	-0.749218	-0.653068	-0.541861	-0.419455	-0.287796	-0.13329	0.0364253	0.186346	0.318214	0.438844	0.541054	0.621816	0.666551	0.666551	
-0.287796	-0.298216	-0.276621	-0.243689	-0.220467	-0.212462	-0.221612	-0.243372	-0.28816	-0.345691	-0.408715	-0.474937	-0.525447	-0.544197	-0.522178	-0.453516	-0.341134	-0.219366	-0.0875992	0.0428463	0.136765	0.19873	0.240379	0.250534	0.218578	0.159566	0.070592	-0.0400058	-0.149805	-0.262584	-0.381183	-0.498026	-0.603155	-0.690424	-0.742286	-0.749218	-0.713446	-0.640606	-0.550148	-0.443596	-0.315502	-0.160498	0.005599	0.14307	0.256273	0.352683	0.422093	0.466751	0.484114	0.484114	
-0.234164	-0.238512	-0.217072	-0.199008	-0.201253	-0.22014	-0.254107	-0.29906	-0.345288	-0.394876	-0.449533	-0.511199	-0.556833	-0.57113	-0.543555	-0.470048	-0.352514	-0.218847	-0.0836657	0.0374265	0.126952	0.18746	0.221028	0.235423	0.224556	0.195615	0.13626	0.0473574	-0.0488499	-0.16025	-0.28025	-0.395763	-0.493305	-0.570925	-0.628817	-0.653068	-0.640606	-0.595005	-0.527631	-0.437025	-0.311814	-0.164492	-0.0292079	0.0780634	0.169721	0.23651	0.270938	0.280784	0.270919	0.270919	
-0.149001	-0.15906	-0.154177	-0.164329	-0.190924	-0.23659	-0.298532	-0.368853	-0.421428	-0.460803	-0.498855	-0.542174	-0.576408	-0.58602	-0.552246	-0.47384	-0.358807	-0.219089	-0.085468	0.0251489	0.107492	0.160248	0.185591	0.202488	0.217793	0.219016	0.193697	0.136847	0.0498983	-0.0626927	-0.183497	-0.29355	-0.376365	-0.43849	-0.498528	-0.541861	-0.550148	-0.527631	-0.479144	-0.401379	-0.287396	-0.157707	-0.0583674	0.0124403	0.0718793	0.0962736	0.0902311	0.068205	0.0349486	0.0349486	
-0.0312985	-0.0640788	-0.0915774	-0.133502	-0.190951	-0.26762	-0.356712	-0.438068	-0.489521	-0.517499	-0.543338	-0.561931	-0.578366	-0.576582	-0.536355	-0.455841	-0.34866	-0.227404	-0.112267	-0.0261808	0.0493536	0.105689	0.136768	0.16863	0.204903	0.236162	0.24791	0.220511	0.144348	0.0387646	-0.0734674	-0.178755	-0.258598	-0.314565	-0.368769	-0.419455	-0.443596	-0.437025	-0.401379	-0.332326	-0.241795	-0.158592	-0.102006	-0.0677367	-0.055631	-0.0705434	-0.104407	-0.147736	-0.182137	-0.182137	
0.111015	0.0464809	-0.0309834	-0.12235	-0.219224	-0.318656	-0.422609	-0.511415	-0.561514	-0.577814	-0.58548	-0.58025	-0.56999	-0.546608	-0.495069	-0.415483	-0.3261	-0.235813	-0.15298	-0.0912935	-0.0238952	0.038744	0.0862609	0.137123	0.192582	0.245457	0.282348	0.27723	0.217668	0.128901	0.0307955	-0.0596692	-0.12814	-0.181363	-0.234352	-0.287796	-0.315502	-0.311814	-0.287396	-0.241795	-0.197562	-0.178824	-0.175576	-0.188183	-0.222791	-0.258539	-0.299099	-0.338758	-0.347398	-0.347398	
0.242459	0.144839	0.0155047	-0.127129	-0.267049	-0.3948	-0.51031	-0.596945	-0.643228	-0.650201	-0.630896	-0.593979	-0.546615	-0.499699	-0.437218	-0.364875	-0.298493	-0.238672	-0.190922	-0.143806	-0.0890785	-0.0273072	0.0351051	0.0981479	0.172967	0.242614	0.297791	0.311517	0.266336	0.199702	0.126828	0.0602112	0.00720735	-0.0435221	-0.0909036	-0.13329	-0.160498	-0.164492	-0.157707	-0.158592	-0.178824	-0.222017	-0.274508	-0.327728	-0.39046	-0.44608	-0.482026	-0.498033	-0.490919	-0.490919	
0.34035	0.209318	0.0498752	-0.124378	-0.308264	-0.475198	-0.604728	-0.684334	-0.71822	-0.707717	-0.659824	-0.592765	-0.518824	-0.449472	-0.384592	-0.324322	-0.279271	-0.247059	-0.224344	-0.192574	-0.146408	-0.0887032	-0.016879	0.0562755	0.140307	0.227619	0.297779	0.331497	0.313262	0.272061	0.227016	0.180222	0.136025	0.0906955	0.057282	0.0364253	0.005599	-0.0292079	-0.0583674	-0.102006	-0.175576	-0.274508	-0.370865	-0.450196	-0.532184	-0.604808	-0.642203	-0.650006	-0.643568	-0.643568	
0.425582	0.263224	0.0708777	-0.133891	-0.347538	-0.541151	-0.680978	-0.759396	-0.776727	-0.742374	-0.666791	-0.581231	-0.498638	-0.415976	-0.351032	-0.300081	-0.270129	-0.257907	-0.251631	-0.233593	-0.193728	-0.138669	-0.0649429	0.0127505	0.0958532	0.19067	0.273306	0.333384	0.363205	0.356895	0.33483	0.307114	0.271131	0.235264	0.209021	0.186346	0.14307	0.0780634	0.0124403	-0.0677367	-0.188183	-0.327728	-0.450196	-0.553531	-0.646289	-0.724034	-0.776351	-0.797547	-0.799418	-0.799418	
0.497711	0.305787	0.0722775	-0.168447	-0.401483	-0.605676	-0.742355	-0.806282	-0.809253	-0.760322	-0.66783	-0.56597	-0.474582	-0.391985	-0.328173	-0.290008	-0.268491	-0.266666	-0.269307	-0.255276	-0.226212	-0.174328	-0.109224	-0.0364696	0.0445282	0.137637	0.234737	0.320849	0.392926	0.428789	0.441453	0.443138	0.417449	0.383316	0.354651	0.318214	0.256273	0.169721	0.0718793	-0.055631	-0.222791	-0.39046	-0.532184	-0.646289	-0.734589	-0.815706	-0.881136	-0.916522	-0.938253	-0.938253	
0.542417	0.321946	0.060526	-0.212212	-0.463056	-0.663478	-0.788277	-0.838575	-0.83407	-0.77417	-0.674599	-0.559409	-0.453334	-0.366082	-0.305575	-0.282679	-0.270166	-0.270495	-0.270004	-0.256394	-0.237251	-0.198025	-0.14899	-0.085682	-0.00819414	0.0823513	0.184675	0.289554	0.394851	0.476935	0.535105	0.570411	0.568902	0.539253	0.495963	0.438844	0.352683	0.23651	0.0962736	-0.0705434	-0.258539	-0.44608	-0.604808	-0.724034	-0.815706	-0.896743	-0.961178	-1.00471	-1.03572	-1.03572	
0.559962	0.321562	0.0385519	-0.25163	-0.504837	-0.694111	-0.811276	-0.861729	-0.853191	-0.791724	-0.689178	-0.564828	-0.441035	-0.341292	-0.282135	-0.264641	-0.266829	-0.272301	-0.272214	-0.263332	-0.247984	-0.219542	-0.176553	-0.116159	-0.0426731	0.0408474	0.136857	0.2498	0.37947	0.503347	0.605247	0.674914	0.702447	0.687516	0.63134	0.541054	0.422093	0.270938	0.0902311	-0.104407	-0.299099	-0.482026	-0.642203	-0.776351	-0.881136	-0.961178	-1.02541	-1.07356	-1.10165	-1.10165	
0.55443	0.307763	0.0140436	-0.274858	-0.517486	-0.697053	-0.811916	-0.864635	-0.857559	-0.805749	-0.708885	-0.578622	-0.438308	-0.325471	-0.259619	-0.238075	-0.253907	-0.276646	-0.292126	-0.294341	-0.277298	-0.241391	-0.184398	-0.115094	-0.0454181	0.0226247	0.10511	0.215689	0.354678	0.509235	0.648685	0.749047	0.800218	0.799604	0.739741	0.621816	0.466751	0.280784	0.068205	-0.147736	-0.338758	-0.498033	-0.650006	-0.797547	-0.916522	-1.00471	-1.07356	-1.12453	-1.15214	-1.15214	
0.54273	0.286911	-0.000573306	-0.283559	-0.519102	-0.688886	-0.805023	-0.865298	-0.865858	-0.814546	-0.726495	-0.597356	-0.448421	-0.32103	-0.24214	-0.215172	-0.236246	-0.27558	-0.306304	-0.32071	-0.301144	-0.253739	-0.181081	-0.1026	-0.0382707	0.0145608	0.0801919	0.187667	0.334254	0.511425	0.673063	0.786367	0.859206	0.869906	0.802436	0.666551	0.484114	0.270919	0.0349486	-0.182137	-0.347398	-0.490919	-0.643568	-0.799418	-0.938253	-1.03572	-1.10165	-1.15214	-1.17417	-1.17417	
0.54273	0.286911	-0.000573306	-0.283559	-0.519102	-0.688886	-0.805023	-0.865298	-0.865858	-0.814546	-0.726495	-0.597356	-0.448421	-0.32103	-0.24214	-0.215172	-0.236246	-0.27558	-0.306304	-0.32071	-0.301144	-0.253739	-0.181081	-0.1026	-0.0382707	0.0145608	0.0801919	0.187667	0.334254	0.511425	0.673063	0.786367	0.859206	0.869906	0.802436	0.666551	0.484114	0.270919	0.0349486	-0.182137	-0.347398	-0.490919	-0.643568	-0.799418	-0.938253	-1.03572	-1.10165	-1.15214	-1.17417	-1.17417	
