2.73769e-21	2.73769e-21	3.94585e-20	5.58889e-19	7.32023e-18	8.84077e-17	9.81756e-16	9.99487e-15	9.29939e-14	7.88165e-13	6.06446e-12	4.22148e-11	2.64915e-10	1.49349e-09	7.53877e-09	3.39685e-08	1.36273e-07	4.85842e-07	1.53794e-06	4.32421e-06	1.08192e-05	2.4171e-05	4.84513e-05	8.76502e-05	0.000143986	0.000216072	0.000297788	0.000378613	0.000445623	0.000486698	0.000493897	0.000465796	0.000407908	0.00033105	0.000248241	0.000171287	0.00010821	6.22313e-05	3.23802e-05	1.51513e-05	6.3412e-06	2.36368e-06	7.82485e-07	2.29763e-07	5.9852e-08	1.3851e-08	2.85436e-09	5.25376e-10	8.66669e-11	1.286e-11	
2.73769e-21	2.73769e-21	3.94585e-20	5.58889e-19	7.32023e-18	8.84077e-17	9.81756e-16	9.99487e-15	9.29939e-14	7.88165e-13	6.06446e-12	4.22148e-11	2.64915e-10	1.49349e-09	7.53877e-09	3.39685e-08	1.36273e-07	4.85842e-07	1.53794e-06	4.32421e-06	1.08192e-05	2.4171e-05	4.84513e-05	8.76502e-05	0.000143986	0.000216072	0.000297788	0.000378613	0.000445623	0.000486698	0.000493897	0.000465796	0.000407908	0.00033105	0.000248241	0.000171287	0.00010821	6.22313e-05	3.23802e-05	1.51513e-05	6.3412e-06	2.36368e-06	7.82485e-07	2.29763e-07	5.9852e-08	1.3851e-08	2.85436e-09	5.25376e-10	8.66669e-11	1.286e-11	
3.94585e-20	3.94585e-20	5.47183e-19	7.46347e-18	9.40257e-17	1.09081e-15	1.16194e-14	1.13295e-13	1.00791e-12	8.15369e-12	5.9769e-11	3.95574e-10	2.35528e-09	1.25714e-08	5.99528e-08	2.54707e-07	9.61763e-07	3.2231e-06	9.58441e-06	2.53225e-05	5.96216e-05	0.000125692	0.000238708	0.000411213	0.000647042	0.000936027	0.00125202	0.00155576	0.00180234	0.00195148	0.00197745	0.0018757	0.00166399	0.00137783	0.00106155	0.000757764	0.000498505	0.000300363	0.000164627	8.15069e-05	3.62144e-05	1.43605e-05	5.06198e-06	1.58245e-06	4.38456e-07	1.07764e-07	2.35416e-08	4.58394e-09	7.98252e-10	1.24775e-10	
5.58889e-19	5.58889e-19	7.46347e-18	9.81241e-17	1.19014e-15	1.32757e-14	1.3578e-13	1.26925e-12	1.08078e-11	8.3537e-11	5.83974e-10	3.67852e-09	2.08024e-08	1.05234e-07	4.74648e-07	1.90343e-06	6.77283e-06	2.1363e-05	5.97642e-05	0.000148627	0.000329962	0.000657861	0.00118649	0.00195091	0.00294685	0.00411757	0.00535405	0.00651017	0.00742979	0.00797883	0.0080739	0.00770036	0.00691547	0.00583599	0.00461305	0.00340043	0.00232459	0.00146408	0.000843304	0.000440776	0.000207477	8.73639e-05	3.27375e-05	1.08804e-05	3.20249e-06	8.34964e-07	1.93142e-07	3.97417e-08	7.29791e-09	1.2004e-09	
7.32023e-18	7.32023e-18	9.40257e-17	1.19014e-15	1.38798e-14	1.48657e-13	1.45758e-12	1.30402e-11	1.06077e-10	7.8172e-10	5.1992e-09	3.10892e-08	1.66501e-07	7.95748e-07	3.38269e-06	1.27563e-05	4.26012e-05	0.000125951	0.000330121	0.000769719	0.00160546	0.00301766	0.00515486	0.00807245	0.0116842	0.0157463	0.0198809	0.0236346	0.0265561	0.0282763	0.0285725	0.0274057	0.0249281	0.0214567	0.0174187	0.0132767	0.00944714	0.00623232	0.00378192	0.00209303	0.00104732	0.000470082	0.000188024	6.6711e-05	2.09435e-05	5.8149e-06	1.42945e-06	3.11851e-07	6.05708e-08	1.05128e-08	
8.84077e-17	8.84077e-17	1.09081e-15	1.32757e-14	1.48657e-13	1.5263e-12	1.43218e-11	1.22389e-10	9.4903e-10	6.65188e-09	4.19776e-08	2.37551e-07	1.20074e-06	5.40095e-06	2.1548e-05	7.6063e-05	0.000237251	0.000654128	0.00159809	0.00347635	0.00678149	0.011969	0.0192984	0.028698	0.0397055	0.0515045	0.0630401	0.0731807	0.0808879	0.0853584	0.0861231	0.0831015	0.0766109	0.0673304	0.0562193	0.0443915	0.0329533	0.0228333	0.014645	0.00861441	0.00460222	0.00221239	0.000949321	0.000361409	0.000121624	3.61303e-05	9.47993e-06	2.20149e-06	4.53891e-07	8.33921e-08	
9.81756e-16	9.81756e-16	1.16194e-14	1.3578e-13	1.45758e-12	1.43218e-11	1.2836e-10	1.04552e-09	7.70938e-09	5.12548e-08	3.05957e-07	1.63291e-06	7.7596e-06	3.27056e-05	0.000121867	0.000400532	0.00116016	0.00296523	0.0067125	0.0135462	0.0245889	0.0405703	0.061511	0.086588	0.114219	0.142313	0.168587	0.190881	0.20739	0.216811	0.218411	0.212068	0.198271	0.178101	0.153176	0.125538	0.0974533	0.0711305	0.0483902	0.0303797	0.0174126	0.00901402	0.0041736	0.00171506	0.000622293	0.000198881	5.59803e-05	1.39018e-05	3.05495e-06	5.96323e-07	
9.99487e-15	9.99487e-15	1.13295e-13	1.26925e-12	1.30402e-11	1.22389e-10	1.04552e-09	8.0976e-09	5.66275e-08	3.56015e-07	2.00327e-06	1.00435e-05	4.46684e-05	0.000175523	0.000607376	0.001847	0.00493484	0.0116112	0.0241893	0.0450001	0.0755859	0.116044	0.164815	0.21896	0.274735	0.328222	0.375855	0.414739	0.442737	0.458432	0.461077	0.450552	0.427348	0.392607	0.348169	0.296628	0.241308	0.186042	0.134712	0.0906553	0.056037	0.0314276	0.0158061	0.00705944	0.00278059	0.000962236	0.000292281	7.80317e-05	1.83635e-05	3.82426e-06	
9.29939e-14	9.29939e-14	1.00791e-12	1.08078e-11	1.06077e-10	9.4903e-10	7.70938e-09	5.66275e-08	3.7444e-07	2.21851e-06	1.17212e-05	5.49545e-05	0.000227565	0.000828754	0.00264551	0.00738893	0.0180672	0.0388217	0.0738595	0.125806	0.194453	0.276594	0.366859	0.459016	0.547156	0.626438	0.69342	0.745914	0.782611	0.802797	0.806169	0.792688	0.762541	0.716257	0.654872	0.580176	0.495072	0.403862	0.312092	0.225985	0.151412	0.0925808	0.0509493	0.0249277	0.0107434	0.00405614	0.00133881	0.00038665	9.79778e-05	2.18728e-05	
7.88165e-13	7.88165e-13	8.15369e-12	8.3537e-11	7.8172e-10	6.65188e-09	5.12548e-08	3.56015e-07	2.21851e-06	1.23399e-05	6.0944e-05	0.000265831	0.00101882	0.00341521	0.00997876	0.0253788	0.0562777	0.109448	0.188638	0.292318	0.413956	0.544231	0.673629	0.79436	0.901113	0.99104	1.0632	1.11756	1.15445	1.17436	1.17766	1.16441	1.13437	1.08706	1.02207	0.939225	0.838982	0.723343	0.596608	0.465613	0.339351	0.227492	0.138008	0.0746084	0.035503	0.0147529	0.00533447	0.00167863	0.000460929	0.000110911	
6.06446e-12	6.06446e-12	5.9769e-11	5.83974e-10	5.1992e-09	4.19776e-08	3.05957e-07	2.00327e-06	1.17212e-05	6.0944e-05	0.000279949	0.00112939	0.0039787	0.0121786	0.0322779	0.0740187	0.147367	0.257028	0.398547	0.559784	0.726059	0.884628	1.02694	1.14878	1.24913	1.32919	1.39079	1.43548	1.46488	1.48048	1.48307	1.47271	1.44898	1.41058	1.35595	1.28351	1.1915	1.07827	0.943845	0.790994	0.6265	0.461541	0.310418	0.186976	0.0991975	0.0458216	0.0183211	0.00633459	0.00189858	0.000495508	
4.22148e-11	4.22148e-11	3.95574e-10	3.67852e-09	3.10892e-08	2.37551e-07	1.63291e-06	1.00435e-05	5.49545e-05	0.000265831	0.00112939	0.00418613	0.0134497	0.0372531	0.0886538	0.181355	0.320988	0.498565	0.69406	0.886935	1.06295	1.21491	1.3411	1.44267	1.52227	1.58296	1.62695	1.6566	1.67509	1.68458	1.68612	1.67996	1.66526	1.64034	1.60239	1.54858	1.47694	1.38452	1.26842	1.12676	0.959835	0.772466	0.575848	0.388461	0.23182	0.120284	0.0537364	0.0206091	0.00679833	0.00193811	
2.64915e-10	2.64915e-10	2.35528e-09	2.08024e-08	1.66501e-07	1.20074e-06	7.7596e-06	4.46684e-05	0.000227565	0.00101882	0.0039787	0.0134497	0.0390703	0.0969545	0.204965	0.37031	0.578877	0.801175	1.01131	1.19668	1.35333	1.4812	1.58179	1.65688	1.70971	1.74323	1.76097	1.76876	1.77176	1.77227	1.77211	1.77221	1.77041	1.76496	1.75183	1.72508	1.68033	1.61463	1.5245	1.40781	1.26269	1.08863	0.88759	0.667738	0.449992	0.26459	0.133467	0.0573635	0.0210175	0.00659646	
1.49349e-09	1.49349e-09	1.25714e-08	1.05234e-07	7.95748e-07	5.40095e-06	3.27056e-05	0.000175523	0.000828754	0.00341521	0.0121786	0.0372531	0.0969545	0.21342	0.39707	0.63017	0.873372	1.09568	1.28899	1.45268	1.58391	1.68109	1.74403	1.77617	1.78352	1.7721	1.75111	1.72952	1.71106	1.69929	1.69714	1.70513	1.72133	1.74228	1.76414	1.78076	1.78152	1.76031	1.71018	1.62698	1.50926	1.35801	1.17647	0.965574	0.728217	0.486254	0.279184	0.135791	0.0557832	0.019435	
7.53877e-09	7.53877e-09	5.99528e-08	4.74648e-07	3.38269e-06	2.1548e-05	0.000121867	0.000607376	0.00264551	0.00997876	0.0322779	0.0886538	0.204965	0.39707	0.647714	0.909123	1.14351	1.34736	1.5224	1.65677	1.74358	1.78388	1.78316	1.75233	1.70056	1.63893	1.57849	1.52561	1.4833	1.4593	1.45586	1.47087	1.50672	1.55619	1.61418	1.67666	1.73366	1.77402	1.78829	1.76514	1.69773	1.58182	1.42146	1.22864	1.0069	0.753518	0.492488	0.272851	0.126721	0.0494014	
3.39685e-08	3.39685e-08	2.54707e-07	1.90343e-06	1.27563e-05	7.6063e-05	0.000400532	0.001847	0.00738893	0.0253788	0.0740187	0.181355	0.37031	0.63017	0.909123	1.15892	1.3761	1.56491	1.70121	1.77255	1.78774	1.75427	1.68489	1.59074	1.48237	1.37259	1.27051	1.18255	1.11873	1.08323	1.07757	1.10106	1.15395	1.23284	1.33115	1.43797	1.54912	1.6494	1.73076	1.77953	1.7852	1.73769	1.62712	1.45644	1.24955	1.01376	0.742726	0.467923	0.246795	0.108327	
1.36273e-07	1.36273e-07	9.61763e-07	6.77283e-06	4.26012e-05	0.000237251	0.00116016	0.00493484	0.0180672	0.0562777	0.147367	0.320988	0.578877	0.873372	1.14351	1.3761	1.57927	1.72091	1.78065	1.77917	1.72128	1.61513	1.47455	1.31128	1.14201	0.97911	0.835678	0.718978	0.638382	0.591872	0.5829	0.616076	0.682735	0.785528	0.919294	1.07541	1.24389	1.41089	1.56228	1.68399	1.76214	1.78698	1.75359	1.64529	1.46231	1.24077	0.986608	0.696164	0.415707	0.205913	
4.85842e-07	4.85842e-07	3.2231e-06	2.1363e-05	0.000125951	0.000654128	0.00296523	0.0116112	0.0388217	0.109448	0.257028	0.498565	0.801175	1.09568	1.34736	1.56491	1.72091	1.78157	1.7737	1.69925	1.55472	1.36667	1.14727	0.919983	0.697981	0.496942	0.326206	0.190504	0.0930216	0.0410877	0.0325421	0.0672997	0.147255	0.268155	0.423831	0.615039	0.828574	1.05688	1.28028	1.48425	1.64768	1.75271	1.78535	1.75534	1.63714	1.43871	1.20151	0.923595	0.616141	0.343037	
1.53794e-06	1.53794e-06	9.58441e-06	5.97642e-05	0.000330121	0.00159809	0.0067125	0.0241893	0.0738595	0.188638	0.398547	0.69406	1.01131	1.28899	1.5224	1.70121	1.78065	1.7737	1.69152	1.51577	1.29082	1.02642	0.746823	0.468343	0.208496	-0.0204228	-0.210762	-0.356587	-0.455325	-0.508451	-0.517025	-0.480739	-0.401172	-0.276156	-0.101437	0.112034	0.36075	0.634518	0.91435	1.18905	1.42995	1.63024	1.75156	1.78595	1.7456	1.60248	1.38654	1.12847	0.822989	0.50935	
4.32421e-06	4.32421e-06	2.53225e-05	0.000148627	0.000769719	0.00347635	0.0135462	0.0450001	0.125806	0.292318	0.559784	0.886935	1.19668	1.45268	1.65677	1.77255	1.77917	1.69925	1.51577	1.26465	0.968007	0.633162	0.302485	-0.0170658	-0.297343	-0.534074	-0.720182	-0.854915	-0.945548	-0.995248	-1.00374	-0.970416	-0.898487	-0.779751	-0.614145	-0.398957	-0.132822	0.170853	0.500941	0.835352	1.153	1.42013	1.63857	1.75743	1.7869	1.71673	1.5409	1.30459	1.01626	0.687891	
1.08192e-05	1.08192e-05	5.96216e-05	0.000329962	0.00160546	0.00678149	0.0245889	0.0755859	0.194453	0.413956	0.726059	1.06295	1.35333	1.58391	1.74358	1.78774	1.72128	1.55472	1.29082	0.968007	0.590463	0.215526	-0.153609	-0.477701	-0.760654	-0.977439	-1.14546	-1.25898	-1.32598	-1.35783	-1.36364	-1.34527	-1.29082	-1.19445	-1.05216	-0.853781	-0.59669	-0.28979	0.0665199	0.438124	0.821813	1.16808	1.45907	1.66818	1.77221	1.77678	1.65921	1.45182	1.18596	0.862407	
2.4171e-05	2.4171e-05	0.000125692	0.000657861	0.00301766	0.011969	0.0405703	0.116044	0.276594	0.544231	0.884628	1.21491	1.4812	1.68109	1.78388	1.75427	1.61513	1.36667	1.02642	0.633162	0.215526	-0.195091	-0.57377	-0.893633	-1.14588	-1.32918	-1.44251	-1.51163	-1.54329	-1.55683	-1.56101	-1.55077	-1.52608	-1.47597	-1.38323	-1.22579	-1.00529	-0.707654	-0.354004	0.0502549	0.465781	0.874906	1.23781	1.5297	1.71104	1.78736	1.7375	1.56995	1.32933	1.02181	
4.84513e-05	4.84513e-05	0.000238708	0.00118649	0.00515486	0.0192984	0.061511	0.164815	0.366859	0.673629	1.02694	1.3411	1.58179	1.74403	1.78316	1.68489	1.47455	1.14727	0.746823	0.302485	-0.153609	-0.57377	-0.936445	-1.2214	-1.42026	-1.53927	-1.59364	-1.60079	-1.58875	-1.57087	-1.56667	-1.58112	-1.59781	-1.6016	-1.56659	-1.47676	-1.31155	-1.05956	-0.728152	-0.326601	0.11757	0.573605	0.993382	1.35599	1.61394	1.75859	1.77712	1.6584	1.44652	1.16048	
8.76502e-05	8.76502e-05	0.000411213	0.00195091	0.00807245	0.028698	0.086588	0.21896	0.459016	0.79436	1.14878	1.44267	1.65688	1.77617	1.75233	1.59074	1.31128	0.919983	0.468343	-0.0170658	-0.477701	-0.893633	-1.2214	-1.45292	-1.57735	-1.61534	-1.58196	-1.51973	-1.45784	-1.42072	-1.41511	-1.43826	-1.49288	-1.55942	-1.60878	-1.60255	-1.5156	-1.32583	-1.03761	-0.651106	-0.206814	0.275506	0.743984	1.16573	1.49333	1.70197	1.78458	1.71853	1.53867	1.27644	
0.000143986	0.000143986	0.000647042	0.00294685	0.0116842	0.0397055	0.114219	0.274735	0.547156	0.901113	1.24913	1.52227	1.70971	1.78352	1.70056	1.48237	1.14201	0.697981	0.208496	-0.297343	-0.760654	-1.14588	-1.42026	-1.57735	-1.61563	-1.55949	-1.4506	-1.31873	-1.21786	-1.16355	-1.15362	-1.18912	-1.27417	-1.39877	-1.51881	-1.60285	-1.60471	-1.49704	-1.26946	-0.92523	-0.490045	0.00558452	0.5069	0.973467	1.3606	1.62824	1.76905	1.75459	1.60799	1.3699	
0.000216072	0.000216072	0.000936027	0.00411757	0.0157463	0.0515045	0.142313	0.328222	0.626438	0.99104	1.32919	1.58296	1.74323	1.7721	1.63893	1.37259	0.97911	0.496942	-0.0204228	-0.534074	-0.977439	-1.32918	-1.53927	-1.61534	-1.55949	-1.41225	-1.22638	-1.0605	-0.956611	-0.920321	-0.916873	-0.934432	-1.00988	-1.15394	-1.33894	-1.50941	-1.60716	-1.58641	-1.43124	-1.13235	-0.722138	-0.230055	0.291339	0.794064	1.23009	1.5474	1.73899	1.77249	1.65796	1.44245	
0.000297788	0.000297788	0.00125202	0.00535405	0.0198809	0.0630401	0.168587	0.375855	0.69342	1.0632	1.39079	1.62695	1.76097	1.75111	1.57849	1.27051	0.835678	0.326206	-0.210762	-0.720182	-1.14546	-1.44251	-1.59364	-1.58196	-1.4506	-1.22638	-1.00792	-0.841796	-0.760241	-0.762929	-0.768848	-0.753601	-0.798228	-0.934058	-1.13352	-1.36844	-1.54144	-1.60692	-1.52205	-1.28015	-0.903535	-0.421109	0.112602	0.636554	1.11035	1.46849	1.70202	1.77804	1.69275	1.49666	
0.000378613	0.000378613	0.00155576	0.00651017	0.0236346	0.0731807	0.190881	0.414739	0.745914	1.11756	1.43548	1.6566	1.76876	1.72952	1.52561	1.18255	0.718978	0.190504	-0.356587	-0.854915	-1.25898	-1.51163	-1.60079	-1.51973	-1.31873	-1.0605	-0.841796	-0.74411	-0.730996	-0.742327	-0.746126	-0.73461	-0.73295	-0.788956	-0.960161	-1.21948	-1.44841	-1.58861	-1.56693	-1.38021	-1.03112	-0.56516	-0.0279034	0.509656	1.01348	1.40241	1.6649	1.77515	1.71568	1.53544	
0.000445623	0.000445623	0.00180234	0.00742979	0.0265561	0.0808879	0.20739	0.442737	0.782611	1.15445	1.46488	1.67509	1.77176	1.71106	1.4833	1.11873	0.638382	0.0930216	-0.455325	-0.945548	-1.32598	-1.54329	-1.58875	-1.45784	-1.21786	-0.956611	-0.760241	-0.730996	-0.760196	-0.762431	-0.759662	-0.763928	-0.745051	-0.730107	-0.861047	-1.11428	-1.36576	-1.55937	-1.57865	-1.43782	-1.10964	-0.665735	-0.125107	0.421559	0.939448	1.35341	1.63713	1.76956	1.72896	1.5607	
0.000486698	0.000486698	0.00195148	0.00797883	0.0282763	0.0853584	0.216811	0.458432	0.802797	1.17436	1.48048	1.68458	1.77227	1.69929	1.4593	1.08323	0.591872	0.0410877	-0.508451	-0.995248	-1.35783	-1.55683	-1.57087	-1.42072	-1.16355	-0.920321	-0.762929	-0.742327	-0.762431	-0.713608	-0.692138	-0.747058	-0.757429	-0.739101	-0.843855	-1.06073	-1.32231	-1.53145	-1.58155	-1.46199	-1.15514	-0.717623	-0.179962	0.372578	0.89914	1.32486	1.62053	1.76549	1.73541	1.57393	
0.000493897	0.000493897	0.00197745	0.0080739	0.0285725	0.0861231	0.218411	0.461077	0.806169	1.17766	1.48307	1.68612	1.77211	1.69714	1.45586	1.07757	0.5829	0.0325421	-0.517025	-1.00374	-1.36364	-1.56101	-1.56667	-1.41511	-1.15362	-0.916873	-0.768848	-0.746126	-0.759662	-0.692138	-0.666757	-0.739855	-0.758563	-0.744178	-0.845056	-1.05033	-1.31548	-1.52486	-1.58311	-1.46612	-1.16365	-0.724043	-0.189053	0.365338	0.893035	1.31895	1.61724	1.765	1.73655	1.57608	
0.000465796	0.000465796	0.0018757	0.00770036	0.0274057	0.0831015	0.212068	0.450552	0.792688	1.16441	1.47271	1.67996	1.77221	1.70513	1.47087	1.10106	0.616076	0.0672997	-0.480739	-0.970416	-1.34527	-1.55077	-1.58112	-1.43826	-1.18912	-0.934432	-0.753601	-0.73461	-0.763928	-0.747058	-0.739855	-0.761831	-0.749385	-0.728198	-0.845799	-1.08696	-1.34196	-1.54696	-1.58003	-1.45332	-1.13319	-0.691749	-0.15097	0.397289	0.9183	1.33932	1.62934	1.76765	1.73219	1.56737	
0.000407908	0.000407908	0.00166399	0.00691547	0.0249281	0.0766109	0.198271	0.427348	0.762541	1.13437	1.44898	1.66526	1.77041	1.72133	1.50672	1.15395	0.682735	0.147255	-0.401172	-0.898487	-1.29082	-1.52608	-1.59781	-1.49288	-1.27417	-1.00988	-0.798228	-0.73295	-0.745051	-0.757429	-0.758563	-0.749385	-0.73683	-0.755235	-0.910024	-1.17248	-1.41198	-1.57765	-1.57306	-1.40683	-1.06908	-0.611989	-0.0712188	0.470506	0.980501	1.38041	1.65248	1.77297	1.72201	1.54712	
0.00033105	0.00033105	0.00137783	0.00583599	0.0214567	0.0673304	0.178101	0.392607	0.716257	1.08706	1.41058	1.64034	1.76496	1.74228	1.55619	1.23284	0.785528	0.268155	-0.276156	-0.779751	-1.19445	-1.47597	-1.6016	-1.55942	-1.39877	-1.15394	-0.934058	-0.788956	-0.730107	-0.739101	-0.744178	-0.728198	-0.755235	-0.865405	-1.05892	-1.30597	-1.50806	-1.60226	-1.54705	-1.32375	-0.95952	-0.485317	0.0510777	0.582063	1.06951	1.44013	1.6863	1.77759	1.70334	1.51397	
0.000248241	0.000248241	0.00106155	0.00461305	0.0174187	0.0562193	0.153176	0.348169	0.654872	1.02207	1.35595	1.60239	1.75183	1.76414	1.61418	1.33115	0.919294	0.423831	-0.101437	-0.614145	-1.05216	-1.38323	-1.56659	-1.60878	-1.51881	-1.33894	-1.13352	-0.960161	-0.861047	-0.843855	-0.845056	-0.845799	-0.910024	-1.05892	-1.25496	-1.45624	-1.58568	-1.60134	-1.4737	-1.20063	-0.800273	-0.311522	0.214549	0.728378	1.1803	1.51465	1.72466	1.77614	1.67359	1.46621	
0.000171287	0.000171287	0.000757764	0.00340043	0.0132767	0.0443915	0.125538	0.296628	0.580176	0.939225	1.28351	1.54858	1.72508	1.78076	1.67666	1.43797	1.07541	0.615039	0.112034	-0.398957	-0.853781	-1.22579	-1.47676	-1.60255	-1.60285	-1.50941	-1.36844	-1.21948	-1.11428	-1.06073	-1.05033	-1.08696	-1.17248	-1.30597	-1.45624	-1.57456	-1.6163	-1.54217	-1.34211	-1.01369	-0.590567	-0.0941861	0.416886	0.899407	1.30826	1.59663	1.75825	1.76358	1.63015	1.40137	
0.00010821	0.00010821	0.000498505	0.00232459	0.00944714	0.0329533	0.0974533	0.241308	0.495072	0.838982	1.1915	1.47694	1.68033	1.78152	1.73366	1.54912	1.24389	0.828574	0.36075	-0.132822	-0.59669	-1.00529	-1.31155	-1.5156	-1.60471	-1.60716	-1.54144	-1.44841	-1.36576	-1.32231	-1.31548	-1.34196	-1.41198	-1.50806	-1.58568	-1.6163	-1.56359	-1.40617	-1.14045	-0.769368	-0.32328	0.163746	0.646132	1.08851	1.44129	1.67395	1.78062	1.73562	1.56905	1.31653	
6.22313e-05	6.22313e-05	0.000300363	0.00146408	0.00623232	0.0228333	0.0711305	0.186042	0.403862	0.723343	1.07827	1.38452	1.61463	1.76031	1.77402	1.6494	1.41089	1.05688	0.634518	0.170853	-0.28979	-0.707654	-1.05956	-1.32583	-1.49704	-1.58641	-1.60692	-1.58861	-1.55937	-1.53145	-1.52486	-1.54696	-1.57765	-1.60226	-1.60134	-1.54217	-1.40617	-1.17656	-0.859262	-0.461945	-0.0185379	0.453063	0.893235	1.28034	1.56838	1.73915	1.78349	1.68565	1.48635	1.20969	
3.23802e-05	3.23802e-05	0.000164627	0.000843304	0.00378192	0.014645	0.0483902	0.134712	0.312092	0.596608	0.943845	1.26842	1.5245	1.71018	1.78829	1.73076	1.56228	1.28028	0.91435	0.500941	0.0665199	-0.354004	-0.728152	-1.03761	-1.26946	-1.43124	-1.52205	-1.56693	-1.57865	-1.58155	-1.58311	-1.58003	-1.57306	-1.54705	-1.4737	-1.34211	-1.14045	-0.859262	-0.511373	-0.104614	0.327356	0.754295	1.14067	1.46384	1.67638	1.77997	1.75768	1.60893	1.37938	1.08002	
1.51513e-05	1.51513e-05	8.15069e-05	0.000440776	0.00209303	0.00861441	0.0303797	0.0906553	0.225985	0.465613	0.790994	1.12676	1.40781	1.62698	1.76514	1.77953	1.68399	1.48425	1.18905	0.835352	0.438124	0.0502549	-0.326601	-0.651106	-0.92523	-1.13235	-1.28015	-1.38021	-1.43782	-1.46199	-1.46612	-1.45332	-1.40683	-1.32375	-1.20063	-1.01369	-0.769368	-0.461945	-0.104614	0.282556	0.677808	1.0548	1.37506	1.61712	1.75289	1.78686	1.6955	1.50262	1.24654	0.928484	
6.3412e-06	6.3412e-06	3.62144e-05	0.000207477	0.00104732	0.00460222	0.0174126	0.056037	0.151412	0.339351	0.6265	0.959835	1.26269	1.50926	1.69773	1.7852	1.76214	1.64768	1.42995	1.153	0.821813	0.465781	0.11757	-0.206814	-0.490045	-0.722138	-0.903535	-1.03112	-1.10964	-1.15514	-1.16365	-1.13319	-1.06908	-0.95952	-0.800273	-0.590567	-0.32328	-0.0185379	0.327356	0.677808	1.02818	1.3246	1.57137	1.7289	1.788	1.74726	1.59282	1.36693	1.08731	0.759034	
2.36368e-06	2.36368e-06	1.43605e-05	8.73639e-05	0.000470082	0.00221239	0.00901402	0.0314276	0.0925808	0.227492	0.461541	0.772466	1.08863	1.35801	1.58182	1.73769	1.78698	1.75271	1.63024	1.42013	1.16808	0.874906	0.573605	0.275506	0.00558452	-0.230055	-0.421109	-0.56516	-0.665735	-0.717623	-0.724043	-0.691749	-0.611989	-0.485317	-0.311522	-0.0941861	0.163746	0.453063	0.754295	1.0548	1.3246	1.55308	1.71686	1.78168	1.76926	1.65488	1.45234	1.2024	0.902805	0.580398	
7.82485e-07	7.82485e-07	5.06198e-06	3.27375e-05	0.000188024	0.000949321	0.0041736	0.0158061	0.0509493	0.138008	0.310418	0.575848	0.88759	1.17647	1.42146	1.62712	1.75359	1.78535	1.75156	1.63857	1.45907	1.23781	0.993382	0.743984	0.5069	0.291339	0.112602	-0.0279034	-0.125107	-0.179962	-0.189053	-0.15097	-0.0712188	0.0510777	0.214549	0.416886	0.646132	0.893235	1.14067	1.37506	1.57137	1.71686	1.77889	1.77466	1.68992	1.50971	1.27884	1.00885	0.699638	0.407018	
2.29763e-07	2.29763e-07	1.58245e-06	1.08804e-05	6.6711e-05	0.000361409	0.00171506	0.00705944	0.0249277	0.0746084	0.186976	0.388461	0.667738	0.965574	1.22864	1.45644	1.64529	1.75534	1.78595	1.75743	1.66818	1.5297	1.35599	1.16573	0.973467	0.794064	0.636554	0.509656	0.421559	0.372578	0.365338	0.397289	0.470506	0.582063	0.728378	0.899407	1.08851	1.28034	1.46384	1.61712	1.7289	1.78168	1.77466	1.70092	1.5393	1.32294	1.07615	0.789123	0.493699	0.256331	
5.9852e-08	5.9852e-08	4.38456e-07	3.20249e-06	2.09435e-05	0.000121624	0.000622293	0.00278059	0.0107434	0.035503	0.0991975	0.23182	0.449992	0.728217	1.0069	1.24955	1.46231	1.63714	1.7456	1.7869	1.77221	1.71104	1.61394	1.49333	1.3606	1.23009	1.11035	1.01348	0.939448	0.89914	0.893035	0.9183	0.980501	1.06951	1.1803	1.30826	1.44129	1.56838	1.67638	1.75289	1.788	1.76926	1.68992	1.5393	1.33749	1.10831	0.843304	0.557564	0.309168	0.142262	
1.3851e-08	1.3851e-08	1.07764e-07	8.34964e-07	5.8149e-06	3.61303e-05	0.000198881	0.000962236	0.00405614	0.0147529	0.0458216	0.120284	0.26459	0.486254	0.753518	1.01376	1.24077	1.43871	1.60248	1.71673	1.77678	1.78736	1.75859	1.70197	1.62824	1.5474	1.46849	1.40241	1.35341	1.32486	1.31895	1.33932	1.38041	1.44013	1.51465	1.59663	1.67395	1.73915	1.77997	1.78686	1.74726	1.65488	1.50971	1.32294	1.10831	0.861289	0.591156	0.344929	0.168315	0.0686479	
2.85436e-09	2.85436e-09	2.35416e-08	1.93142e-07	1.42945e-06	9.47993e-06	5.59803e-05	0.000292281	0.00133881	0.00533447	0.0183211	0.0537364	0.133467	0.279184	0.492488	0.742726	0.986608	1.20151	1.38654	1.5409	1.65921	1.7375	1.77712	1.78458	1.76905	1.73899	1.70202	1.6649	1.63713	1.62053	1.61724	1.62934	1.65248	1.6863	1.72466	1.75825	1.78062	1.78349	1.75768	1.6955	1.59282	1.45234	1.27884	1.07615	0.843304	0.591156	0.357556	0.1829	0.0787114	0.0286022	
5.25376e-10	5.25376e-10	4.58394e-09	3.97417e-08	3.11851e-07	2.20149e-06	1.39018e-05	7.80317e-05	0.00038665	0.00167863	0.00633459	0.0206091	0.0573635	0.135791	0.272851	0.467923	0.696164	0.923595	1.12847	1.30459	1.45182	1.56995	1.6584	1.71853	1.75459	1.77249	1.77804	1.77515	1.76956	1.76549	1.765	1.76765	1.77297	1.77759	1.77614	1.76358	1.73562	1.68565	1.60893	1.50262	1.36693	1.2024	1.00885	0.789123	0.557564	0.344929	0.1829	0.0823663	0.0314946	0.0102758	
8.66669e-11	8.66669e-11	7.98252e-10	7.29791e-09	6.05708e-08	4.53891e-07	3.05495e-06	1.83635e-05	9.79778e-05	0.000460929	0.00189858	0.00679833	0.0210175	0.0557832	0.126721	0.246795	0.415707	0.616141	0.822989	1.01626	1.18596	1.32933	1.44652	1.53867	1.60799	1.65796	1.69275	1.71568	1.72896	1.73541	1.73655	1.73219	1.72201	1.70334	1.67359	1.63015	1.56905	1.48635	1.37938	1.24654	1.08731	0.902805	0.699638	0.493699	0.309168	0.168315	0.0787114	0.0314946	0.0108014	0.00319124	
1.286e-11	1.286e-11	1.24775e-10	1.2004e-09	1.05128e-08	8.33921e-08	5.96323e-07	3.82426e-06	2.18728e-05	0.000110911	0.000495508	0.00193811	0.00659646	0.019435	0.0494014	0.108327	0.205913	0.343037	0.50935	0.687891	0.862407	1.02181	1.16048	1.27644	1.3699	1.44245	1.49666	1.53544	1.5607	1.57393	1.57608	1.56737	1.54712	1.51397	1.46621	1.40137	1.31653	1.20969	1.08002	0.928484	0.759034	0.580398	0.407018	0.256331	0.142262	0.0686479	0.0286022	0.0102758	0.00319124	0.000860798	
