-0.487912	-0.455166	-0.413688	-0.367756	-0.326922	-0.29786	-0.285427	-0.28836	-0.304095	-0.325227	-0.355062	-0.370373	-0.371877	-0.355711	-0.321286	-0.296997	-0.291672	-0.304195	-0.327956	-0.358496	-0.389224	-0.412914	-0.430631	-0.453373	-0.486446	-0.52447	-0.551237	-0.549676	-0.508616	-0.419252	-0.296106	-0.164994	-0.0248418	0.121908	0.279371	0.43061	0.555438	0.643729	0.686262	0.695531	0.667978	0.618583	0.562855	0.513739	0.477022	0.447923	0.434155	0.428511	0.43069	0.43069	
-0.455166	-0.46371	-0.470646	-0.480026	-0.482715	-0.482211	-0.489986	-0.49962	-0.512475	-0.519701	-0.521761	-0.514189	-0.501486	-0.478262	-0.446267	-0.426359	-0.425146	-0.446969	-0.487499	-0.530685	-0.56671	-0.587867	-0.598281	-0.608957	-0.623192	-0.641695	-0.656194	-0.654866	-0.6156	-0.527344	-0.400662	-0.256908	-0.103796	0.0597788	0.240647	0.418429	0.570798	0.687879	0.760867	0.797237	0.794704	0.77324	0.742307	0.70581	0.671853	0.63819	0.61627	0.605313	0.603511	0.603511	
-0.413688	-0.470646	-0.52806	-0.584165	-0.625214	-0.655498	-0.681737	-0.693382	-0.694539	-0.68375	-0.663925	-0.636354	-0.602996	-0.569955	-0.539879	-0.527344	-0.539028	-0.570562	-0.619617	-0.669171	-0.700725	-0.714003	-0.717048	-0.71538	-0.713911	-0.713158	-0.709783	-0.705876	-0.675259	-0.594004	-0.47227	-0.327798	-0.172844	-0.00256087	0.187145	0.374944	0.54149	0.67579	0.776885	0.843795	0.872444	0.877773	0.87093	0.853785	0.828669	0.79346	0.760616	0.743676	0.732796	0.732796	
-0.367756	-0.480026	-0.584165	-0.679162	-0.758726	-0.821129	-0.858418	-0.862737	-0.84696	-0.823279	-0.784592	-0.730203	-0.669443	-0.616662	-0.585296	-0.586238	-0.609999	-0.649872	-0.705101	-0.752405	-0.779413	-0.780476	-0.769313	-0.755108	-0.737318	-0.717491	-0.704822	-0.701765	-0.679602	-0.610168	-0.501872	-0.372405	-0.229395	-0.0677099	0.114361	0.296191	0.469018	0.619078	0.742191	0.834937	0.893808	0.930669	0.949382	0.947759	0.929381	0.893723	0.846842	0.814548	0.794916	0.794916	
-0.326922	-0.482715	-0.625214	-0.758726	-0.876825	-0.968688	-1.01165	-1.00781	-0.98142	-0.937764	-0.872246	-0.787824	-0.695673	-0.619733	-0.584146	-0.588006	-0.621423	-0.668252	-0.72562	-0.772858	-0.791371	-0.77582	-0.746493	-0.713989	-0.683416	-0.655608	-0.637457	-0.635935	-0.62277	-0.575282	-0.49611	-0.393744	-0.276115	-0.137661	0.0281465	0.201174	0.366795	0.51729	0.652929	0.767514	0.855508	0.917774	0.961896	0.981535	0.968156	0.928087	0.871073	0.82554	0.793105	0.793105	
-0.29786	-0.482211	-0.655498	-0.821129	-0.968688	-1.07648	-1.12363	-1.11844	-1.07267	-0.996983	-0.903151	-0.798278	-0.686348	-0.593688	-0.547155	-0.543978	-0.577295	-0.623003	-0.67397	-0.71368	-0.722145	-0.694389	-0.654564	-0.615227	-0.577544	-0.544126	-0.519535	-0.51671	-0.514783	-0.490294	-0.446431	-0.386913	-0.310806	-0.202012	-0.0624508	0.0883798	0.236527	0.37807	0.519582	0.646852	0.760311	0.848476	0.911167	0.943064	0.938821	0.905404	0.839893	0.782778	0.742489	0.742489	
-0.285427	-0.489986	-0.681737	-0.858418	-1.01165	-1.12363	-1.17879	-1.17215	-1.10471	-0.999187	-0.886321	-0.765081	-0.638913	-0.533685	-0.474903	-0.465644	-0.494614	-0.53493	-0.572519	-0.598325	-0.596604	-0.56222	-0.516713	-0.470648	-0.426119	-0.387968	-0.367677	-0.368247	-0.37787	-0.378088	-0.369762	-0.354424	-0.31903	-0.250582	-0.148053	-0.0292751	0.0975649	0.227222	0.364801	0.50336	0.632491	0.738393	0.814523	0.852932	0.849327	0.813946	0.74947	0.686546	0.643005	0.643005	
-0.28836	-0.49962	-0.693382	-0.862737	-1.00781	-1.11844	-1.17215	-1.15549	-1.07472	-0.95803	-0.831231	-0.69823	-0.56585	-0.456677	-0.39478	-0.377574	-0.398604	-0.429122	-0.451914	-0.463885	-0.452546	-0.410925	-0.356349	-0.300817	-0.249523	-0.215096	-0.202341	-0.208609	-0.226494	-0.247333	-0.271405	-0.297207	-0.308412	-0.281041	-0.212216	-0.11847	-0.0119971	0.100456	0.228263	0.365811	0.499455	0.61079	0.68458	0.720472	0.714075	0.671712	0.602183	0.525892	0.474609	0.474609	
-0.304095	-0.512475	-0.694539	-0.84696	-0.98142	-1.07267	-1.10471	-1.07472	-0.995747	-0.88079	-0.752822	-0.624373	-0.498577	-0.400486	-0.333907	-0.303487	-0.31126	-0.330032	-0.339467	-0.340975	-0.314412	-0.260334	-0.197518	-0.131468	-0.0779035	-0.047285	-0.0385002	-0.0505522	-0.0766836	-0.110162	-0.158394	-0.219194	-0.26781	-0.274998	-0.237925	-0.169244	-0.0834071	0.0126823	0.127474	0.256787	0.385356	0.492395	0.555624	0.566812	0.538524	0.478608	0.393807	0.309556	0.25272	0.25272	
-0.325227	-0.519701	-0.68375	-0.823279	-0.937764	-0.996983	-0.999187	-0.95803	-0.88079	-0.778397	-0.666523	-0.558076	-0.455165	-0.364158	-0.293527	-0.251957	-0.242483	-0.251229	-0.252556	-0.23778	-0.198473	-0.135244	-0.0589147	0.0161438	0.0789208	0.112214	0.110494	0.0913539	0.0576723	0.0118209	-0.053294	-0.133661	-0.204308	-0.239279	-0.233901	-0.194523	-0.12415	-0.0393041	0.0660689	0.188781	0.303959	0.39451	0.429545	0.410106	0.351686	0.263083	0.162393	0.0615191	-0.00157073	-0.00157073	
-0.355062	-0.521761	-0.663925	-0.784592	-0.872246	-0.903151	-0.886321	-0.831231	-0.752822	-0.666523	-0.578067	-0.496966	-0.410452	-0.331743	-0.265907	-0.215845	-0.192048	-0.184453	-0.170364	-0.144061	-0.0974419	-0.0286931	0.0524537	0.138626	0.20684	0.239138	0.23274	0.200902	0.157761	0.100545	0.0247402	-0.0664595	-0.157997	-0.217973	-0.232952	-0.20652	-0.146571	-0.0691934	0.0273827	0.13863	0.241051	0.313117	0.323508	0.274035	0.184311	0.066907	-0.0548659	-0.169061	-0.241304	-0.241304	
-0.370373	-0.514189	-0.636354	-0.730203	-0.787824	-0.798278	-0.765081	-0.69823	-0.624373	-0.558076	-0.496966	-0.432984	-0.36108	-0.29543	-0.235104	-0.181356	-0.143658	-0.119055	-0.090841	-0.0544753	-0.000169334	0.0722505	0.155162	0.237757	0.300077	0.321993	0.303819	0.264607	0.213569	0.149801	0.0634963	-0.0411267	-0.144904	-0.221506	-0.258383	-0.249357	-0.19625	-0.114983	-0.0161556	0.0877084	0.179684	0.236119	0.232018	0.162335	0.0538704	-0.0739315	-0.209857	-0.32787	-0.400895	-0.400895	
-0.371877	-0.501486	-0.602996	-0.669443	-0.695673	-0.686348	-0.638913	-0.56585	-0.498577	-0.455165	-0.410452	-0.36108	-0.306154	-0.243603	-0.183346	-0.125745	-0.0749327	-0.0342284	0.0052495	0.0571922	0.11771	0.185894	0.255193	0.315622	0.353419	0.354515	0.319839	0.269112	0.210427	0.137876	0.0474171	-0.0609815	-0.174093	-0.267159	-0.325656	-0.334812	-0.287724	-0.205122	-0.0973235	0.0169046	0.114719	0.172119	0.164264	0.095528	-0.0182198	-0.151125	-0.282788	-0.398893	-0.469631	-0.469631	
-0.355711	-0.478262	-0.569955	-0.616662	-0.619733	-0.593688	-0.533685	-0.456677	-0.400486	-0.364158	-0.331743	-0.29543	-0.243603	-0.172965	-0.101772	-0.0328704	0.0311112	0.086173	0.140257	0.20177	0.263484	0.318159	0.364712	0.395897	0.396434	0.363416	0.301382	0.224229	0.146347	0.0651168	-0.0300101	-0.139625	-0.256591	-0.365746	-0.441732	-0.463518	-0.423428	-0.330503	-0.206415	-0.0775776	0.0393901	0.113273	0.125289	0.0731931	-0.0288739	-0.15237	-0.283821	-0.394743	-0.462436	-0.462436	
-0.321286	-0.446267	-0.539879	-0.585296	-0.584146	-0.547155	-0.474903	-0.39478	-0.333907	-0.293527	-0.265907	-0.235104	-0.183346	-0.101772	-0.0134554	0.0779862	0.168497	0.248873	0.322086	0.392215	0.444471	0.479011	0.49505	0.480627	0.435307	0.360326	0.260629	0.155546	0.0585651	-0.0382577	-0.146998	-0.269504	-0.394543	-0.509982	-0.596302	-0.623956	-0.584219	-0.479752	-0.333808	-0.184541	-0.0439481	0.0570023	0.102173	0.0820231	0.00327245	-0.102995	-0.226456	-0.331164	-0.395125	-0.395125	
-0.296997	-0.426359	-0.527344	-0.586238	-0.588006	-0.543978	-0.465644	-0.377574	-0.303487	-0.251957	-0.215845	-0.181356	-0.125745	-0.0328704	0.0779862	0.202501	0.329953	0.445038	0.542372	0.618199	0.661503	0.67088	0.641383	0.569077	0.466235	0.345587	0.209189	0.0769717	-0.0434747	-0.164252	-0.289288	-0.42043	-0.557608	-0.683159	-0.770076	-0.798779	-0.749945	-0.630646	-0.467501	-0.289749	-0.117122	0.0171668	0.094252	0.109814	0.0563115	-0.0361724	-0.141582	-0.235314	-0.289606	-0.289606	
-0.291672	-0.425146	-0.539028	-0.609999	-0.621423	-0.577295	-0.494614	-0.398604	-0.31126	-0.242483	-0.192048	-0.143658	-0.0749327	0.0311112	0.168497	0.329953	0.497788	0.650749	0.774038	0.857486	0.894337	0.87429	0.792125	0.658534	0.497714	0.324393	0.15006	-0.0100479	-0.156686	-0.294411	-0.430827	-0.577795	-0.726831	-0.855526	-0.944546	-0.966177	-0.906243	-0.769154	-0.580629	-0.377512	-0.178389	-0.0111829	0.105725	0.15185	0.123468	0.0486645	-0.0513175	-0.138952	-0.187927	-0.187927	
-0.304195	-0.446969	-0.570562	-0.649872	-0.668252	-0.623003	-0.53493	-0.429122	-0.330032	-0.251229	-0.184453	-0.119055	-0.0342284	0.086173	0.248873	0.445038	0.650749	0.837049	0.982554	1.07098	1.09706	1.04658	0.918368	0.731494	0.511597	0.290238	0.0832731	-0.10182	-0.264394	-0.409134	-0.553261	-0.709999	-0.865862	-0.997707	-1.08708	-1.10159	-1.02835	-0.880808	-0.678588	-0.453178	-0.2282	-0.0244566	0.12957	0.20641	0.19846	0.12542	0.0272643	-0.0577739	-0.106445	-0.106445	
-0.327956	-0.487499	-0.619617	-0.705101	-0.72562	-0.67397	-0.572519	-0.451914	-0.339467	-0.252556	-0.170364	-0.090841	0.0052495	0.140257	0.322086	0.542372	0.774038	0.982554	1.13826	1.22105	1.22783	1.15199	0.99223	0.76103	0.498251	0.248774	0.0232016	-0.175176	-0.344441	-0.493598	-0.642018	-0.799154	-0.961568	-1.10002	-1.18547	-1.19348	-1.11341	-0.960329	-0.748569	-0.506132	-0.257912	-0.0203384	0.161677	0.259316	0.261536	0.183868	0.0825307	-0.00778468	-0.0551731	-0.0551731	
-0.358496	-0.530685	-0.669171	-0.752405	-0.772858	-0.71368	-0.598325	-0.463885	-0.340975	-0.23778	-0.144061	-0.0544753	0.0571922	0.20177	0.392215	0.618199	0.857486	1.07098	1.22105	1.28309	1.26971	1.17613	0.993088	0.741472	0.467969	0.212662	-0.0169168	-0.215347	-0.383395	-0.535137	-0.687486	-0.846241	-1.00889	-1.14753	-1.23152	-1.23634	-1.15495	-0.996514	-0.783594	-0.539005	-0.279684	-0.0258645	0.17957	0.292137	0.299895	0.220971	0.113591	0.0222196	-0.0265342	-0.0265342	
-0.389224	-0.56671	-0.700725	-0.779413	-0.791371	-0.722145	-0.596604	-0.452546	-0.314412	-0.198473	-0.0974419	-0.000169334	0.11771	0.263484	0.444471	0.661503	0.894337	1.09706	1.22783	1.26971	1.23538	1.121	0.923605	0.669883	0.405055	0.160018	-0.0527722	-0.230056	-0.385433	-0.530299	-0.673669	-0.830132	-0.997462	-1.13654	-1.21996	-1.22624	-1.14285	-0.988719	-0.788257	-0.551514	-0.294211	-0.0370089	0.175905	0.297524	0.307856	0.227861	0.120199	0.0253242	-0.0216984	-0.0216984	
-0.412914	-0.587867	-0.714003	-0.780476	-0.77582	-0.694389	-0.56222	-0.410925	-0.260334	-0.135244	-0.0286931	0.0722505	0.185894	0.318159	0.479011	0.67088	0.87429	1.04658	1.15199	1.17613	1.121	0.989304	0.792922	0.555267	0.308814	0.0896956	-0.0882067	-0.231617	-0.358298	-0.480442	-0.60826	-0.756242	-0.915482	-1.05375	-1.14548	-1.15976	-1.08632	-0.948704	-0.762311	-0.537491	-0.29105	-0.0386912	0.169092	0.284149	0.287423	0.201372	0.0899378	-0.00699696	-0.0551879	-0.0551879	
-0.430631	-0.598281	-0.717048	-0.769313	-0.746493	-0.654564	-0.516713	-0.356349	-0.197518	-0.0589147	0.0524537	0.155162	0.255193	0.364712	0.49505	0.641383	0.792125	0.918368	0.99223	0.993088	0.923605	0.792922	0.616825	0.410296	0.204465	0.031097	-0.103757	-0.209322	-0.299466	-0.391018	-0.503529	-0.640147	-0.78227	-0.917931	-1.02139	-1.05026	-0.998884	-0.876094	-0.702117	-0.494991	-0.264146	-0.0303254	0.163201	0.2611	0.251727	0.157728	0.0300926	-0.0738903	-0.131459	-0.131459	
-0.453373	-0.608957	-0.71538	-0.755108	-0.713989	-0.615227	-0.470648	-0.300817	-0.131468	0.0161438	0.138626	0.237757	0.315622	0.395897	0.480627	0.569077	0.658534	0.731494	0.76103	0.741472	0.669883	0.555267	0.410296	0.252934	0.108072	-0.0076792	-0.0928403	-0.156237	-0.207964	-0.277594	-0.374042	-0.489737	-0.621368	-0.759382	-0.86354	-0.904664	-0.875992	-0.772481	-0.620576	-0.435992	-0.222873	-0.0126014	0.150514	0.228966	0.202742	0.0969776	-0.0359361	-0.151977	-0.215087	-0.215087	
-0.486446	-0.623192	-0.713911	-0.737318	-0.683416	-0.577544	-0.426119	-0.249523	-0.0779035	0.0789208	0.20684	0.300077	0.353419	0.396434	0.435307	0.466235	0.497714	0.511597	0.498251	0.467969	0.405055	0.308814	0.204465	0.108072	0.0315955	-0.0281626	-0.0679379	-0.0853669	-0.105661	-0.156478	-0.24132	-0.345948	-0.461645	-0.586188	-0.688454	-0.744648	-0.733977	-0.644525	-0.511673	-0.348371	-0.160493	0.0105185	0.137281	0.188821	0.143626	0.0345009	-0.101028	-0.22288	-0.290186	-0.290186	
-0.52447	-0.641695	-0.713158	-0.717491	-0.655608	-0.544126	-0.387968	-0.215096	-0.047285	0.112214	0.239138	0.321993	0.354515	0.363416	0.360326	0.345587	0.324393	0.290238	0.248774	0.212662	0.160018	0.0896956	0.031097	-0.0076792	-0.0281626	-0.03725	-0.0312238	-0.016958	-0.0182606	-0.054306	-0.124837	-0.221053	-0.322719	-0.42778	-0.526142	-0.582266	-0.578511	-0.504904	-0.38443	-0.237718	-0.0780363	0.0547708	0.140825	0.155503	0.0928197	-0.0183727	-0.15764	-0.282345	-0.353626	-0.353626	
-0.551237	-0.656194	-0.709783	-0.704822	-0.637457	-0.519535	-0.367677	-0.202341	-0.0385002	0.110494	0.23274	0.303819	0.319839	0.301382	0.260629	0.209189	0.15006	0.0832731	0.0232016	-0.0169168	-0.0527722	-0.0882067	-0.103757	-0.0928403	-0.0679379	-0.0312238	0.00791853	0.0406493	0.0569319	0.0270369	-0.0408882	-0.125527	-0.2143	-0.30553	-0.391846	-0.444919	-0.441271	-0.376641	-0.265343	-0.126684	0.0106041	0.115165	0.164085	0.148856	0.0738106	-0.0442216	-0.180715	-0.305808	-0.381573	-0.381573	
-0.549676	-0.654866	-0.705876	-0.701765	-0.635935	-0.51671	-0.368247	-0.208609	-0.0505522	0.0913539	0.200902	0.264607	0.269112	0.224229	0.155546	0.0769717	-0.0100479	-0.10182	-0.175176	-0.215347	-0.230056	-0.231617	-0.209322	-0.156237	-0.0853669	-0.016958	0.0406493	0.0877533	0.107206	0.0775085	0.00504602	-0.0805999	-0.159726	-0.240602	-0.315234	-0.35926	-0.352855	-0.285703	-0.170985	-0.0302305	0.0970886	0.183776	0.213297	0.178569	0.100535	-0.0103726	-0.141565	-0.262636	-0.337177	-0.337177	
-0.508616	-0.6156	-0.675259	-0.679602	-0.62277	-0.514783	-0.37787	-0.226494	-0.0766836	0.0576723	0.157761	0.213569	0.210427	0.146347	0.0585651	-0.0434747	-0.156686	-0.264394	-0.344441	-0.383395	-0.385433	-0.358298	-0.299466	-0.207964	-0.105661	-0.0182606	0.0569319	0.107206	0.115709	0.0764784	-0.00164683	-0.0886435	-0.16688	-0.240725	-0.296798	-0.323129	-0.306748	-0.22953	-0.109696	0.0335964	0.16534	0.254564	0.278621	0.246746	0.183515	0.0884161	-0.0177507	-0.119706	-0.184788	-0.184788	
-0.419252	-0.527344	-0.594004	-0.610168	-0.575282	-0.490294	-0.378088	-0.247333	-0.110162	0.0118209	0.100545	0.149801	0.137876	0.0651168	-0.0382577	-0.164252	-0.294411	-0.409134	-0.493598	-0.535137	-0.530299	-0.480442	-0.391018	-0.277594	-0.156478	-0.054306	0.0270369	0.0775085	0.0764784	0.0260025	-0.0584933	-0.146629	-0.21913	-0.276021	-0.310987	-0.316674	-0.280113	-0.192949	-0.0652724	0.0870284	0.22439	0.32039	0.356087	0.348752	0.315013	0.252693	0.184534	0.10996	0.0612822	0.0612822	
-0.296106	-0.400662	-0.47227	-0.501872	-0.49611	-0.446431	-0.369762	-0.271405	-0.158394	-0.053294	0.0247402	0.0634963	0.0474171	-0.0300101	-0.146998	-0.289288	-0.430827	-0.553261	-0.642018	-0.687486	-0.673669	-0.60826	-0.503529	-0.374042	-0.24132	-0.124837	-0.0408882	0.00504602	-0.00164683	-0.0584933	-0.141361	-0.224143	-0.288879	-0.325645	-0.337727	-0.316585	-0.249102	-0.146485	-0.00895861	0.150556	0.294661	0.403169	0.463673	0.482262	0.476684	0.45551	0.420185	0.377188	0.352131	0.352131	
-0.164994	-0.256908	-0.327798	-0.372405	-0.393744	-0.386913	-0.354424	-0.297207	-0.219194	-0.133661	-0.0664595	-0.0411267	-0.0609815	-0.139625	-0.269504	-0.42043	-0.577795	-0.709999	-0.799154	-0.846241	-0.830132	-0.756242	-0.640147	-0.489737	-0.345948	-0.221053	-0.125527	-0.0805999	-0.0886435	-0.146629	-0.224143	-0.296004	-0.348586	-0.363995	-0.342028	-0.286792	-0.195413	-0.0739467	0.0728251	0.235532	0.387538	0.505348	0.588189	0.63449	0.654763	0.662657	0.653574	0.640889	0.631784	0.631784	
-0.0248418	-0.103796	-0.172844	-0.229395	-0.276115	-0.310806	-0.31903	-0.308412	-0.26781	-0.204308	-0.157997	-0.144904	-0.174093	-0.256591	-0.394543	-0.557608	-0.726831	-0.865862	-0.961568	-1.00889	-0.997462	-0.915482	-0.78227	-0.621368	-0.461645	-0.322719	-0.2143	-0.159726	-0.16688	-0.21913	-0.288879	-0.348586	-0.374545	-0.366269	-0.313108	-0.220549	-0.10182	0.0377039	0.193249	0.353921	0.501309	0.625195	0.717964	0.782011	0.823006	0.844567	0.854599	0.863445	0.86619	0.86619	
0.121908	0.0597788	-0.00256087	-0.0677099	-0.137661	-0.202012	-0.250582	-0.281041	-0.274998	-0.239279	-0.217973	-0.221506	-0.267159	-0.365746	-0.509982	-0.683159	-0.855526	-0.997707	-1.10002	-1.14753	-1.13654	-1.05375	-0.917931	-0.759382	-0.586188	-0.42778	-0.30553	-0.240602	-0.240725	-0.276021	-0.325645	-0.363995	-0.366269	-0.322912	-0.232768	-0.108017	0.0386383	0.192437	0.35021	0.497241	0.629138	0.74596	0.839385	0.908727	0.957452	0.983803	0.998848	1.02355	1.03297	1.03297	
0.279371	0.240647	0.187145	0.114361	0.0281465	-0.0624508	-0.148053	-0.212216	-0.237925	-0.233901	-0.232952	-0.258383	-0.325656	-0.441732	-0.596302	-0.770076	-0.944546	-1.08708	-1.18547	-1.23152	-1.21996	-1.14548	-1.02139	-0.86354	-0.688454	-0.526142	-0.391846	-0.315234	-0.296798	-0.310987	-0.337727	-0.342028	-0.313108	-0.232768	-0.105495	0.0494425	0.212692	0.366372	0.51469	0.641302	0.751333	0.842565	0.925551	0.995227	1.04168	1.07317	1.09031	1.11966	1.13402	1.13402	
0.43061	0.418429	0.374944	0.296191	0.201174	0.0883798	-0.0292751	-0.11847	-0.169244	-0.194523	-0.20652	-0.249357	-0.334812	-0.463518	-0.623956	-0.798779	-0.966177	-1.10159	-1.19348	-1.23634	-1.22624	-1.15976	-1.05026	-0.904664	-0.744648	-0.582266	-0.444919	-0.35926	-0.323129	-0.316674	-0.316585	-0.286792	-0.220549	-0.108017	0.0494425	0.217622	0.38525	0.533151	0.659461	0.758735	0.836825	0.901109	0.968589	1.03175	1.07286	1.10687	1.12923	1.15848	1.18087	1.18087	
0.555438	0.570798	0.54149	0.469018	0.366795	0.236527	0.0975649	-0.0119971	-0.0834071	-0.12415	-0.146571	-0.19625	-0.287724	-0.423428	-0.584219	-0.749945	-0.906243	-1.02835	-1.11341	-1.15495	-1.14285	-1.08632	-0.998884	-0.875992	-0.733977	-0.578511	-0.441271	-0.352855	-0.306748	-0.280113	-0.249102	-0.195413	-0.10182	0.0386383	0.212692	0.38525	0.540088	0.666608	0.76305	0.828395	0.869506	0.904726	0.950072	1.00628	1.05685	1.09454	1.12294	1.15375	1.17402	1.17402	
0.643729	0.687879	0.67579	0.619078	0.51729	0.37807	0.227222	0.100456	0.0126823	-0.0393041	-0.0691934	-0.114983	-0.205122	-0.330503	-0.479752	-0.630646	-0.769154	-0.880808	-0.960329	-0.996514	-0.988719	-0.948704	-0.876094	-0.772481	-0.644525	-0.504904	-0.376641	-0.285703	-0.22953	-0.192949	-0.146485	-0.0739467	0.0377039	0.192437	0.366372	0.533151	0.666608	0.760497	0.823015	0.85419	0.858499	0.865193	0.886788	0.930152	0.984969	1.02743	1.06733	1.10125	1.12148	1.12148	
0.686262	0.760867	0.776885	0.742191	0.652929	0.519582	0.364801	0.228263	0.127474	0.0660689	0.0273827	-0.0161556	-0.0973235	-0.206415	-0.333808	-0.467501	-0.580629	-0.678588	-0.748569	-0.783594	-0.788257	-0.762311	-0.702117	-0.620576	-0.511673	-0.38443	-0.265343	-0.170985	-0.109696	-0.0652724	-0.00895861	0.0728251	0.193249	0.35021	0.51469	0.659461	0.76305	0.823015	0.846987	0.846814	0.819223	0.791354	0.791552	0.818364	0.868568	0.920004	0.965014	0.99889	1.01942	1.01942	
0.695531	0.797237	0.843795	0.834937	0.767514	0.646852	0.50336	0.365811	0.256787	0.188781	0.13863	0.0877084	0.0169046	-0.0775776	-0.184541	-0.289749	-0.377512	-0.453178	-0.506132	-0.539005	-0.551514	-0.537491	-0.494991	-0.435992	-0.348371	-0.237718	-0.126684	-0.0302305	0.0335964	0.0870284	0.150556	0.235532	0.353921	0.497241	0.641302	0.758735	0.828395	0.85419	0.846814	0.811182	0.755718	0.701575	0.672285	0.685654	0.734946	0.79109	0.838645	0.86746	0.882326	0.882326	
0.667978	0.794704	0.872444	0.893808	0.855508	0.760311	0.632491	0.499455	0.385356	0.303959	0.241051	0.179684	0.114719	0.0393901	-0.0439481	-0.117122	-0.178389	-0.2282	-0.257912	-0.279684	-0.294211	-0.29105	-0.264146	-0.222873	-0.160493	-0.0780363	0.0106041	0.0970886	0.16534	0.22439	0.294661	0.387538	0.501309	0.629138	0.751333	0.836825	0.869506	0.858499	0.819223	0.755718	0.679757	0.607688	0.556022	0.554637	0.592623	0.64845	0.707561	0.739851	0.757833	0.757833	
0.618583	0.77324	0.877773	0.930669	0.917774	0.848476	0.738393	0.61079	0.492395	0.39451	0.313117	0.236119	0.172119	0.113273	0.0570023	0.0171668	-0.0111829	-0.0244566	-0.0203384	-0.0258645	-0.0370089	-0.0386912	-0.0303254	-0.0126014	0.0105185	0.0547708	0.115165	0.183776	0.254564	0.32039	0.403169	0.505348	0.625195	0.74596	0.842565	0.901109	0.904726	0.865193	0.791354	0.701575	0.607688	0.510078	0.442806	0.43277	0.467388	0.53384	0.601754	0.635752	0.657283	0.657283	
0.562855	0.742307	0.87093	0.949382	0.961896	0.911167	0.814523	0.68458	0.555624	0.429545	0.323508	0.232018	0.164264	0.125289	0.102173	0.094252	0.105725	0.12957	0.161677	0.17957	0.175905	0.169092	0.163201	0.150514	0.137281	0.140825	0.164085	0.213297	0.278621	0.356087	0.463673	0.588189	0.717964	0.839385	0.925551	0.968589	0.950072	0.886788	0.791552	0.672285	0.556022	0.442806	0.363629	0.342073	0.371496	0.446309	0.522976	0.569463	0.59801	0.59801	
0.513739	0.70581	0.853785	0.947759	0.981535	0.943064	0.852932	0.720472	0.566812	0.410106	0.274035	0.162335	0.095528	0.0731931	0.0820231	0.109814	0.15185	0.20641	0.259316	0.292137	0.297524	0.284149	0.2611	0.228966	0.188821	0.155503	0.148856	0.178569	0.246746	0.348752	0.482262	0.63449	0.782011	0.908727	0.995227	1.03175	1.00628	0.930152	0.818364	0.685654	0.554637	0.43277	0.342073	0.302872	0.324446	0.394106	0.477408	0.544016	0.578364	0.578364	
0.477022	0.671853	0.828669	0.929381	0.968156	0.938821	0.849327	0.714075	0.538524	0.351686	0.184311	0.0538704	-0.0182198	-0.0288739	0.00327245	0.0563115	0.123468	0.19846	0.261536	0.299895	0.307856	0.287423	0.251727	0.202742	0.143626	0.0928197	0.0738106	0.100535	0.183515	0.315013	0.476684	0.654763	0.823006	0.957452	1.04168	1.07286	1.05685	0.984969	0.868568	0.734946	0.592623	0.467388	0.371496	0.324446	0.34333	0.40359	0.488492	0.561698	0.598059	0.598059	
0.447923	0.63819	0.79346	0.893723	0.928087	0.905404	0.813946	0.671712	0.478608	0.263083	0.066907	-0.0739315	-0.151125	-0.15237	-0.102995	-0.0361724	0.0486645	0.12542	0.183868	0.220971	0.227861	0.201372	0.157728	0.0969776	0.0345009	-0.0183727	-0.0442216	-0.0103726	0.0884161	0.252693	0.45551	0.662657	0.844567	0.983803	1.07317	1.10687	1.09454	1.02743	0.920004	0.79109	0.64845	0.53384	0.446309	0.394106	0.40359	0.459715	0.54785	0.632873	0.682313	0.682313	
0.434155	0.61627	0.760616	0.846842	0.871073	0.839893	0.74947	0.602183	0.393807	0.162393	-0.0548659	-0.209857	-0.282788	-0.283821	-0.226456	-0.141582	-0.0513175	0.0272643	0.0825307	0.113591	0.120199	0.0899378	0.0300926	-0.0359361	-0.101028	-0.15764	-0.180715	-0.141565	-0.0177507	0.184534	0.420185	0.653574	0.854599	0.998848	1.09031	1.12923	1.12294	1.06733	0.965014	0.838645	0.707561	0.601754	0.522976	0.477408	0.488492	0.54785	0.642143	0.742657	0.801365	0.801365	
0.428511	0.605313	0.743676	0.814548	0.82554	0.782778	0.686546	0.525892	0.309556	0.0615191	-0.169061	-0.32787	-0.398893	-0.394743	-0.331164	-0.235314	-0.138952	-0.0577739	-0.00778468	0.0222196	0.0253242	-0.00699696	-0.0738903	-0.151977	-0.22288	-0.282345	-0.305808	-0.262636	-0.119706	0.10996	0.377188	0.640889	0.863445	1.02355	1.11966	1.15848	1.15375	1.10125	0.99889	0.86746	0.739851	0.635752	0.569463	0.544016	0.561698	0.632873	0.742657	0.858905	0.926808	0.926808	
0.43069	0.603511	0.732796	0.794916	0.793105	0.742489	0.643005	0.474609	0.25272	-0.00157073	-0.241304	-0.400895	-0.469631	-0.462436	-0.395125	-0.289606	-0.187927	-0.106445	-0.0551731	-0.0265342	-0.0216984	-0.0551879	-0.131459	-0.215087	-0.290186	-0.353626	-0.381573	-0.337177	-0.184788	0.0612822	0.352131	0.631784	0.86619	1.03297	1.13402	1.18087	1.17402	1.12148	1.01942	0.882326	0.757833	0.657283	0.59801	0.578364	0.598059	0.682313	0.801365	0.926808	1.00844	1.00844	
0.43069	0.603511	0.732796	0.794916	0.793105	0.742489	0.643005	0.474609	0.25272	-0.00157073	-0.241304	-0.400895	-0.469631	-0.462436	-0.395125	-0.289606	-0.187927	-0.106445	-0.0551731	-0.0265342	-0.0216984	-0.0551879	-0.131459	-0.215087	-0.290186	-0.353626	-0.381573	-0.337177	-0.184788	0.0612822	0.352131	0.631784	0.86619	1.03297	1.13402	1.18087	1.17402	1.12148	1.01942	0.882326	0.757833	0.657283	0.59801	0.578364	0.598059	0.682313	0.801365	0.926808	1.00844	1.00844	
