-0.26682	-0.373544	-0.490716	-0.605374	-0.716529	-0.804429	-0.843153	-0.82634	-0.763195	-0.662853	-0.549173	-0.435321	-0.355597	-0.33133	-0.368003	-0.448946	-0.539654	-0.612818	-0.655661	-0.663278	-0.636639	-0.579489	-0.507286	-0.432115	-0.365037	-0.328382	-0.342297	-0.40965	-0.515908	-0.63135	-0.716502	-0.7412	-0.682236	-0.55426	-0.377392	-0.162687	0.0834697	0.340508	0.574256	0.766514	0.90351	0.982094	1.01217	1.01318	1.00448	1.00482	1.01542	1.02578	1.03192	1.03192	
-0.373544	-0.500996	-0.633039	-0.759001	-0.870995	-0.948506	-0.976548	-0.950254	-0.881266	-0.771397	-0.641832	-0.508838	-0.401552	-0.344855	-0.348093	-0.400221	-0.476713	-0.547217	-0.593183	-0.608362	-0.58977	-0.544625	-0.486253	-0.425846	-0.381952	-0.377185	-0.417682	-0.49801	-0.603052	-0.714407	-0.798863	-0.814693	-0.743627	-0.600648	-0.403602	-0.168102	0.0960747	0.366107	0.607091	0.79764	0.929321	1.0057	1.03252	1.02651	1.01619	1.01746	1.02485	1.03197	1.03457	1.03457	
-0.490716	-0.633039	-0.776403	-0.908083	-1.01085	-1.0694	-1.09151	-1.06837	-0.993817	-0.872587	-0.722139	-0.566123	-0.428751	-0.332774	-0.285133	-0.287654	-0.331019	-0.386684	-0.43145	-0.452719	-0.444921	-0.418282	-0.384748	-0.353256	-0.346347	-0.383257	-0.457889	-0.555936	-0.66874	-0.778849	-0.857989	-0.864859	-0.782157	-0.620547	-0.405808	-0.158713	0.111609	0.371484	0.60033	0.777821	0.894159	0.95783	0.974199	0.963883	0.953985	0.956197	0.966935	0.980068	0.98062	0.98062	
-0.605374	-0.759001	-0.908083	-1.03488	-1.12144	-1.16585	-1.18142	-1.15258	-1.06799	-0.938332	-0.772521	-0.597692	-0.433422	-0.296864	-0.197126	-0.145775	-0.146325	-0.1777	-0.216289	-0.238598	-0.242934	-0.238204	-0.235217	-0.238331	-0.269203	-0.343554	-0.453702	-0.577464	-0.697475	-0.802766	-0.872709	-0.868403	-0.775169	-0.60475	-0.388665	-0.148833	0.115002	0.360935	0.566545	0.717219	0.807156	0.851823	0.85254	0.830625	0.820746	0.831165	0.851077	0.874618	0.884548	0.884548	
-0.716529	-0.870995	-1.01085	-1.12144	-1.19467	-1.23073	-1.23388	-1.19243	-1.10729	-0.977233	-0.799568	-0.606928	-0.415314	-0.243665	-0.104754	-0.00577461	0.0343712	0.027458	-0.00215753	-0.0286298	-0.0432339	-0.0538289	-0.0704241	-0.0941641	-0.15335	-0.262695	-0.404822	-0.551266	-0.676703	-0.775908	-0.831228	-0.808493	-0.707598	-0.543436	-0.34201	-0.117623	0.121136	0.337288	0.511669	0.625625	0.682195	0.695102	0.678758	0.651326	0.638779	0.654067	0.684989	0.724619	0.740415	0.740415	
-0.804429	-0.948506	-1.0694	-1.16585	-1.23073	-1.2558	-1.24239	-1.19956	-1.12168	-0.996418	-0.814372	-0.61002	-0.401145	-0.205037	-0.0371316	0.0986799	0.175292	0.191436	0.170084	0.143319	0.125148	0.110269	0.0873514	0.0460985	-0.0347269	-0.164754	-0.323471	-0.476557	-0.600534	-0.684335	-0.718719	-0.681909	-0.579913	-0.425861	-0.247778	-0.0565982	0.144115	0.316227	0.445277	0.510728	0.527264	0.510401	0.47245	0.436951	0.424517	0.446316	0.484305	0.532323	0.557791	0.557791	
-0.843153	-0.976548	-1.09151	-1.18142	-1.23388	-1.24239	-1.22124	-1.18252	-1.11454	-1.00039	-0.831819	-0.632664	-0.415702	-0.200196	-0.0078639	0.153156	0.256401	0.291083	0.281939	0.264303	0.250718	0.239111	0.212885	0.159968	0.0665221	-0.067977	-0.226713	-0.371565	-0.478031	-0.541165	-0.549301	-0.494008	-0.388536	-0.255605	-0.119199	0.0206531	0.167137	0.291706	0.373129	0.394215	0.368317	0.315635	0.257541	0.213162	0.19601	0.21949	0.268001	0.325593	0.362295	0.362295	
-0.82634	-0.950254	-1.06837	-1.15258	-1.19243	-1.19956	-1.18252	-1.14777	-1.09188	-0.996668	-0.85461	-0.670278	-0.452183	-0.223113	-0.0175699	0.157642	0.27759	0.329602	0.340063	0.33378	0.326288	0.317156	0.293193	0.237864	0.144639	0.0153319	-0.130835	-0.254418	-0.337567	-0.373969	-0.353197	-0.278948	-0.175834	-0.0726638	0.0162079	0.100859	0.184792	0.254612	0.287656	0.265817	0.205748	0.123408	0.0472608	0.0030105	-0.00863611	0.0201431	0.0785234	0.141631	0.184461	0.184461	
-0.763195	-0.881266	-0.993817	-1.06799	-1.10729	-1.12168	-1.11454	-1.09188	-1.05264	-0.98297	-0.865637	-0.701259	-0.494282	-0.271131	-0.0618961	0.118896	0.252676	0.326898	0.358168	0.364148	0.362299	0.356466	0.333499	0.276944	0.184394	0.0662316	-0.05556	-0.149879	-0.205214	-0.212937	-0.166869	-0.083765	0.00910945	0.0854907	0.12938	0.157893	0.181887	0.194761	0.180069	0.120327	0.031254	-0.0634398	-0.137103	-0.170455	-0.165666	-0.121705	-0.05125	0.0202638	0.0718738	0.0718738	
-0.662853	-0.771397	-0.872587	-0.938332	-0.977233	-0.996418	-1.00039	-0.996668	-0.98297	-0.934518	-0.843142	-0.709253	-0.536412	-0.335066	-0.134216	0.0450099	0.191633	0.285861	0.340461	0.366733	0.37459	0.366352	0.337074	0.271203	0.176574	0.0751092	-0.0182547	-0.0746651	-0.0940996	-0.0763721	-0.0169851	0.066638	0.149335	0.195937	0.197142	0.171897	0.139631	0.105098	0.0516933	-0.0290472	-0.131336	-0.228505	-0.29152	-0.301047	-0.266763	-0.199512	-0.107345	-0.0252606	0.0340895	0.0340895	
-0.549173	-0.641832	-0.722139	-0.772521	-0.799568	-0.814372	-0.831819	-0.85461	-0.865637	-0.843142	-0.781756	-0.688988	-0.556686	-0.387683	-0.208892	-0.0389928	0.107745	0.216591	0.294632	0.341511	0.357063	0.344974	0.305071	0.230341	0.137027	0.0514287	-0.0102791	-0.0354055	-0.0270873	0.0117687	0.0848085	0.170972	0.236149	0.254463	0.2214	0.1573	0.0782386	-0.00115645	-0.0836354	-0.177403	-0.275263	-0.356693	-0.397761	-0.379351	-0.316647	-0.226818	-0.115773	-0.0192728	0.0449696	0.0449696	
-0.435321	-0.508838	-0.566123	-0.597692	-0.606928	-0.61002	-0.632664	-0.670278	-0.701259	-0.709253	-0.688988	-0.639756	-0.551594	-0.428293	-0.277411	-0.12345	0.0195566	0.1407	0.2355	0.292893	0.314082	0.30085	0.255314	0.180293	0.0919551	0.0207177	-0.0189154	-0.0189231	0.012612	0.0686549	0.143835	0.219946	0.267522	0.265177	0.208909	0.113597	0.00411234	-0.103451	-0.206145	-0.304315	-0.393793	-0.453964	-0.462591	-0.414882	-0.322984	-0.210059	-0.0947998	0.0040345	0.0670988	0.0670988	
-0.355597	-0.401552	-0.428751	-0.433422	-0.415314	-0.401145	-0.415702	-0.452183	-0.494282	-0.536412	-0.556686	-0.551594	-0.522493	-0.448424	-0.334551	-0.199636	-0.0579424	0.0723433	0.172123	0.235678	0.258554	0.242527	0.194139	0.119228	0.0408955	-0.0138217	-0.0309112	-0.00775065	0.0392122	0.0990316	0.169706	0.232475	0.261973	0.244694	0.174432	0.063179	-0.068314	-0.204088	-0.323605	-0.419285	-0.488137	-0.517591	-0.495427	-0.418002	-0.305927	-0.181681	-0.0586168	0.0419579	0.102088	0.102088	
-0.33133	-0.344855	-0.332774	-0.296864	-0.243665	-0.205037	-0.200196	-0.223113	-0.271131	-0.335066	-0.387683	-0.428293	-0.448424	-0.425959	-0.353067	-0.242766	-0.113131	0.015771	0.115712	0.177675	0.199464	0.176403	0.121211	0.0549491	-0.0119326	-0.0485096	-0.0407187	-0.00613942	0.0443536	0.103546	0.162891	0.211609	0.226082	0.193704	0.11373	-0.00537762	-0.148872	-0.297188	-0.422494	-0.512256	-0.557511	-0.555747	-0.501854	-0.400535	-0.269491	-0.132399	-0.00886108	0.0947733	0.150854	0.150854	
-0.368003	-0.348093	-0.285133	-0.197126	-0.104754	-0.0371316	-0.0078639	-0.0175699	-0.0618961	-0.134216	-0.208892	-0.277411	-0.334551	-0.353067	-0.32236	-0.247496	-0.138844	-0.0202364	0.0751425	0.135688	0.147463	0.112899	0.0561298	-0.00799676	-0.0629501	-0.0849329	-0.0693711	-0.0296312	0.0235355	0.0787707	0.122147	0.149965	0.148682	0.108611	0.0255211	-0.0941878	-0.23995	-0.391304	-0.51265	-0.590785	-0.612188	-0.577114	-0.486867	-0.357569	-0.206139	-0.0524439	0.0734158	0.1741	0.226686	0.226686	
-0.448946	-0.400221	-0.287654	-0.145775	-0.00577461	0.0986799	0.153156	0.157642	0.118896	0.0450099	-0.0389928	-0.12345	-0.199636	-0.242766	-0.247496	-0.207323	-0.127364	-0.0271046	0.0589176	0.108657	0.108126	0.065437	0.00185941	-0.0653591	-0.119562	-0.139957	-0.12664	-0.0890371	-0.0372821	0.00688031	0.0389437	0.0588346	0.0477235	-0.000893963	-0.0840546	-0.202626	-0.347279	-0.494158	-0.609733	-0.667186	-0.650978	-0.575474	-0.451154	-0.287683	-0.114072	0.0500587	0.189197	0.291486	0.343041	0.343041	
-0.539654	-0.476713	-0.331019	-0.146325	0.0343712	0.175292	0.256401	0.27759	0.252676	0.191633	0.107745	0.0195566	-0.0579424	-0.113131	-0.138844	-0.127364	-0.0752063	0.00186155	0.0714828	0.106083	0.094625	0.0389454	-0.0392908	-0.114202	-0.168989	-0.198839	-0.2002	-0.17384	-0.137867	-0.106417	-0.0837017	-0.0742502	-0.0889201	-0.133337	-0.214495	-0.332052	-0.472318	-0.60519	-0.696729	-0.720802	-0.66586	-0.549853	-0.385951	-0.1965	-0.00208002	0.180786	0.324006	0.422623	0.473446	0.473446	
-0.612818	-0.547217	-0.386684	-0.1777	0.027458	0.191436	0.291083	0.329602	0.326898	0.285861	0.216591	0.1407	0.0723433	0.015771	-0.0202364	-0.0271046	0.00186155	0.0532039	0.103079	0.126255	0.102142	0.0284043	-0.0623193	-0.139485	-0.198031	-0.239999	-0.261168	-0.259414	-0.247814	-0.236676	-0.22893	-0.23166	-0.245259	-0.281234	-0.357839	-0.465202	-0.590085	-0.704176	-0.768934	-0.7575	-0.667596	-0.515559	-0.320465	-0.103678	0.113883	0.309101	0.462272	0.559397	0.606923	0.606923	
-0.655661	-0.593183	-0.43145	-0.216289	-0.00215753	0.170084	0.281939	0.340063	0.358168	0.340461	0.294632	0.2355	0.172123	0.115712	0.0751425	0.0589176	0.0714828	0.103079	0.144257	0.161196	0.124481	0.0358826	-0.0634007	-0.149362	-0.217888	-0.269247	-0.306211	-0.326186	-0.335003	-0.341299	-0.351088	-0.364342	-0.380227	-0.416756	-0.484021	-0.578645	-0.690715	-0.782502	-0.820006	-0.777919	-0.65865	-0.479978	-0.268849	-0.0351315	0.201367	0.408472	0.574596	0.672479	0.720528	0.720528	
-0.663278	-0.608362	-0.452719	-0.238598	-0.0286298	0.143319	0.264303	0.33378	0.364148	0.366733	0.341511	0.292893	0.235678	0.177675	0.135688	0.108657	0.106083	0.126255	0.161196	0.173784	0.13531	0.0485194	-0.0547328	-0.147807	-0.218189	-0.274087	-0.324854	-0.359075	-0.376986	-0.394181	-0.416878	-0.437563	-0.456127	-0.493593	-0.560094	-0.653519	-0.761492	-0.835162	-0.846003	-0.776722	-0.636881	-0.448498	-0.23109	0.00357063	0.242819	0.457564	0.626228	0.723261	0.770958	0.770958	
-0.636639	-0.58977	-0.444921	-0.242934	-0.0432339	0.125148	0.250718	0.326288	0.362299	0.37459	0.357063	0.314082	0.258554	0.199464	0.147463	0.108126	0.094625	0.102142	0.124481	0.13531	0.109166	0.037743	-0.0540707	-0.136034	-0.193937	-0.244719	-0.29611	-0.331109	-0.354254	-0.377879	-0.399776	-0.423257	-0.45404	-0.501125	-0.574049	-0.675839	-0.783354	-0.847826	-0.84845	-0.764682	-0.613384	-0.426847	-0.218476	0.00943928	0.239849	0.445076	0.605991	0.692613	0.734033	0.734033	
-0.579489	-0.544625	-0.418282	-0.238204	-0.0538289	0.110269	0.239111	0.317156	0.356466	0.366352	0.344974	0.30085	0.242527	0.176403	0.112899	0.065437	0.0389454	0.0284043	0.0358826	0.0485194	0.037743	-0.00858923	-0.0671494	-0.112865	-0.144248	-0.176423	-0.208915	-0.233904	-0.256969	-0.280044	-0.30167	-0.335255	-0.381042	-0.443178	-0.532848	-0.644883	-0.75717	-0.829199	-0.829125	-0.743349	-0.598614	-0.422616	-0.231586	-0.0257839	0.184575	0.372915	0.519089	0.598068	0.634366	0.634366	
-0.507286	-0.486253	-0.384748	-0.235217	-0.0704241	0.0873514	0.212885	0.293193	0.333499	0.337074	0.305071	0.255314	0.194139	0.121211	0.0561298	0.00185941	-0.0392908	-0.0623193	-0.0634007	-0.0547328	-0.0540707	-0.0671494	-0.0799404	-0.0818836	-0.0803178	-0.0785003	-0.081369	-0.0936794	-0.109757	-0.127363	-0.156796	-0.20587	-0.268093	-0.349528	-0.457712	-0.581117	-0.699271	-0.77776	-0.781734	-0.705697	-0.581827	-0.432464	-0.266652	-0.0930583	0.092034	0.262033	0.386101	0.46215	0.491885	0.491885	
-0.432115	-0.425846	-0.353256	-0.238331	-0.0941641	0.0460985	0.159968	0.237864	0.276944	0.271203	0.230341	0.180293	0.119228	0.0549491	-0.00799676	-0.0653591	-0.114202	-0.139485	-0.149362	-0.147807	-0.136034	-0.112865	-0.0818836	-0.0466755	-0.0097497	0.0238668	0.0506068	0.0545953	0.0469962	0.0316156	-0.00150441	-0.0560373	-0.139188	-0.250488	-0.371273	-0.495705	-0.617185	-0.699747	-0.715526	-0.662889	-0.561983	-0.440073	-0.308165	-0.164633	-0.0111702	0.129638	0.236686	0.307201	0.334932	0.334932	
-0.365037	-0.381952	-0.346347	-0.269203	-0.15335	-0.0347269	0.0665221	0.144639	0.184394	0.176574	0.137027	0.0919551	0.0408955	-0.0119326	-0.0629501	-0.119562	-0.168989	-0.198031	-0.217888	-0.218189	-0.193937	-0.144248	-0.0803178	-0.0097497	0.0574974	0.112632	0.158555	0.183713	0.190264	0.181773	0.146647	0.0823858	-0.0199685	-0.153587	-0.285872	-0.417711	-0.537628	-0.616702	-0.640856	-0.606261	-0.529333	-0.435941	-0.331464	-0.216507	-0.0986937	0.00978225	0.0930075	0.151533	0.176663	0.176663	
-0.328382	-0.377185	-0.383257	-0.343554	-0.262695	-0.164754	-0.067977	0.0153319	0.0662316	0.0751092	0.0514287	0.0207177	-0.0138217	-0.0485096	-0.0849329	-0.139957	-0.198839	-0.239999	-0.269247	-0.274087	-0.244719	-0.176423	-0.0785003	0.0238668	0.112632	0.185909	0.251816	0.293482	0.306916	0.304632	0.276004	0.201455	0.076351	-0.0739062	-0.221605	-0.354433	-0.464478	-0.540981	-0.568357	-0.546713	-0.488618	-0.415087	-0.328542	-0.240301	-0.155739	-0.0788263	-0.0251658	0.0206964	0.0419473	0.0419473	
-0.342297	-0.417682	-0.457889	-0.453702	-0.404822	-0.323471	-0.226713	-0.130835	-0.05556	-0.0182547	-0.0102791	-0.0189154	-0.0309112	-0.0407187	-0.0693711	-0.12664	-0.2002	-0.261168	-0.306211	-0.324854	-0.29611	-0.208915	-0.081369	0.0506068	0.158555	0.251816	0.333004	0.381593	0.404231	0.40252	0.371391	0.289689	0.149952	-0.013906	-0.169717	-0.298784	-0.396503	-0.466785	-0.4977	-0.487946	-0.448666	-0.388621	-0.316871	-0.244705	-0.182754	-0.136773	-0.10089	-0.0647166	-0.0464867	-0.0464867	
-0.40965	-0.49801	-0.555936	-0.577464	-0.551266	-0.476557	-0.371565	-0.254418	-0.149879	-0.0746651	-0.0354055	-0.0189231	-0.00775065	-0.00613942	-0.0296312	-0.0890371	-0.17384	-0.259414	-0.326186	-0.359075	-0.331109	-0.233904	-0.0936794	0.0545953	0.183713	0.293482	0.381593	0.440482	0.472194	0.477352	0.444266	0.353884	0.209261	0.0388305	-0.115277	-0.236587	-0.321898	-0.380127	-0.412446	-0.411466	-0.395123	-0.355374	-0.29372	-0.238242	-0.193878	-0.164853	-0.146694	-0.123559	-0.106132	-0.106132	
-0.515908	-0.603052	-0.66874	-0.697475	-0.676703	-0.600534	-0.478031	-0.337567	-0.205214	-0.0940996	-0.0270873	0.012612	0.0392122	0.0443536	0.0235355	-0.0372821	-0.137867	-0.247814	-0.335003	-0.376986	-0.354254	-0.256969	-0.109757	0.0469962	0.190264	0.306916	0.404231	0.472194	0.508336	0.521945	0.494831	0.405216	0.260477	0.0895015	-0.0572825	-0.161179	-0.2327	-0.274955	-0.301779	-0.314702	-0.312995	-0.28697	-0.246967	-0.209126	-0.184781	-0.183911	-0.182946	-0.174036	-0.163347	-0.163347	
-0.63135	-0.714407	-0.778849	-0.802766	-0.775908	-0.684335	-0.541165	-0.373969	-0.212937	-0.0763721	0.0117687	0.0686549	0.0990316	0.103546	0.0787707	0.00688031	-0.106417	-0.236676	-0.341299	-0.394181	-0.377879	-0.280044	-0.127363	0.0316156	0.181773	0.304632	0.40252	0.477352	0.521945	0.541363	0.516637	0.429174	0.291206	0.133062	0.0012436	-0.086548	-0.140159	-0.164149	-0.177371	-0.188745	-0.193548	-0.182931	-0.165524	-0.146499	-0.147562	-0.176749	-0.199128	-0.214106	-0.217975	-0.217975	
-0.716502	-0.798863	-0.857989	-0.872709	-0.831228	-0.718719	-0.549301	-0.353197	-0.166869	-0.0169851	0.0848085	0.143835	0.169706	0.162891	0.122147	0.0389437	-0.0837017	-0.22893	-0.351088	-0.416878	-0.399776	-0.30167	-0.156796	-0.00150441	0.146647	0.276004	0.371391	0.444266	0.494831	0.516637	0.497077	0.416497	0.288056	0.150602	0.0375625	-0.0306803	-0.052782	-0.0505821	-0.0430464	-0.0412698	-0.0446628	-0.0445956	-0.0396909	-0.042285	-0.0720355	-0.119591	-0.171637	-0.216088	-0.231717	-0.231717	
-0.7412	-0.814693	-0.864859	-0.868403	-0.808493	-0.681909	-0.494008	-0.278948	-0.083765	0.066638	0.170972	0.219946	0.232475	0.211609	0.149965	0.0588346	-0.0742502	-0.23166	-0.364342	-0.437563	-0.423257	-0.335255	-0.20587	-0.0560373	0.0823858	0.201455	0.289689	0.353884	0.405216	0.429174	0.416497	0.351597	0.243768	0.137181	0.058724	0.0222306	0.0300041	0.0624152	0.0966492	0.11735	0.128131	0.12549	0.120269	0.103594	0.0552039	-0.00617859	-0.0770299	-0.138884	-0.169602	-0.169602	
-0.682236	-0.743627	-0.782157	-0.775169	-0.707598	-0.579913	-0.388536	-0.175834	0.00910945	0.149335	0.236149	0.267522	0.261973	0.226082	0.148682	0.0477235	-0.0889201	-0.245259	-0.380227	-0.456127	-0.45404	-0.381042	-0.268093	-0.139188	-0.0199685	0.076351	0.149952	0.209261	0.260477	0.291206	0.288056	0.243768	0.17553	0.106969	0.0667562	0.0710803	0.114147	0.180375	0.247204	0.295635	0.321733	0.327722	0.317353	0.287179	0.233967	0.164894	0.0848815	0.0129221	-0.0302268	-0.0302268	
-0.55426	-0.600648	-0.620547	-0.60475	-0.543436	-0.425861	-0.255605	-0.0726638	0.0854907	0.195937	0.254463	0.265177	0.244694	0.193704	0.108611	-0.000893963	-0.133337	-0.281234	-0.416756	-0.493593	-0.501125	-0.443178	-0.349528	-0.250488	-0.153587	-0.0739062	-0.013906	0.0388305	0.0895015	0.133062	0.150602	0.137181	0.106969	0.0866758	0.0887916	0.127635	0.210089	0.308799	0.408636	0.483775	0.528939	0.552457	0.542236	0.504631	0.451627	0.377827	0.292633	0.218253	0.164575	0.164575	
-0.377392	-0.403602	-0.405808	-0.388665	-0.34201	-0.247778	-0.119199	0.0162079	0.12938	0.197142	0.2214	0.208909	0.174432	0.11373	0.0255211	-0.0840546	-0.214495	-0.357839	-0.484021	-0.560094	-0.574049	-0.532848	-0.457712	-0.371273	-0.285872	-0.221605	-0.169717	-0.115277	-0.0572825	0.0012436	0.0375625	0.058724	0.0667562	0.0887916	0.130984	0.207865	0.325567	0.45088	0.580178	0.683603	0.755628	0.791207	0.785674	0.743673	0.68177	0.607082	0.51612	0.439238	0.379099	0.379099	
-0.162687	-0.168102	-0.158713	-0.148833	-0.117623	-0.0565982	0.0206531	0.100859	0.157893	0.171897	0.1573	0.113597	0.063179	-0.00537762	-0.0941878	-0.202626	-0.332052	-0.465202	-0.578645	-0.653519	-0.675839	-0.644883	-0.581117	-0.495705	-0.417711	-0.354433	-0.298784	-0.236587	-0.161179	-0.086548	-0.0306803	0.0222306	0.0710803	0.127635	0.207865	0.31565	0.463611	0.622174	0.774792	0.90198	0.992513	1.04025	1.03593	0.983303	0.903671	0.817823	0.722057	0.635726	0.579213	0.579213	
0.0834697	0.0960747	0.111609	0.115002	0.121136	0.144115	0.167137	0.184792	0.181887	0.139631	0.0782386	0.00411234	-0.068314	-0.148872	-0.23995	-0.347279	-0.472318	-0.590085	-0.690715	-0.761492	-0.783354	-0.75717	-0.699271	-0.617185	-0.537628	-0.464478	-0.396503	-0.321898	-0.2327	-0.140159	-0.052782	0.0300041	0.114147	0.210089	0.325567	0.463611	0.635434	0.816759	0.984283	1.12436	1.22508	1.2774	1.26432	1.19824	1.10144	0.993766	0.889488	0.796459	0.738367	0.738367	
0.340508	0.366107	0.371484	0.360935	0.337288	0.316227	0.291706	0.254612	0.194761	0.105098	-0.00115645	-0.103451	-0.204088	-0.297188	-0.391304	-0.494158	-0.60519	-0.704176	-0.782502	-0.835162	-0.847826	-0.829199	-0.77776	-0.699747	-0.616702	-0.540981	-0.466785	-0.380127	-0.274955	-0.164149	-0.0505821	0.0624152	0.180375	0.308799	0.45088	0.622174	0.816759	1.016	1.1952	1.33944	1.44202	1.49077	1.46778	1.38064	1.25585	1.12147	1.00211	0.902356	0.845746	0.845746	
0.574256	0.607091	0.60033	0.566545	0.511669	0.445277	0.373129	0.287656	0.180069	0.0516933	-0.0836354	-0.206145	-0.323605	-0.422494	-0.51265	-0.609733	-0.696729	-0.768934	-0.820006	-0.846003	-0.84845	-0.829125	-0.781734	-0.715526	-0.640856	-0.568357	-0.4977	-0.412446	-0.301779	-0.177371	-0.0430464	0.0966492	0.247204	0.408636	0.580178	0.774792	0.984283	1.1952	1.3749	1.51764	1.61576	1.6507	1.61796	1.50962	1.35458	1.19687	1.06006	0.956008	0.903156	0.903156	
0.766514	0.79764	0.777821	0.717219	0.625625	0.510728	0.394215	0.265817	0.120327	-0.0290472	-0.177403	-0.304315	-0.419285	-0.512256	-0.590785	-0.667186	-0.720802	-0.7575	-0.777919	-0.776722	-0.764682	-0.743349	-0.705697	-0.662889	-0.606261	-0.546713	-0.487946	-0.411466	-0.314702	-0.188745	-0.0412698	0.11735	0.295635	0.483775	0.683603	0.90198	1.12436	1.33944	1.51764	1.64815	1.73093	1.75124	1.69846	1.5706	1.39387	1.21026	1.05394	0.943198	0.888029	0.888029	
0.90351	0.929321	0.894159	0.807156	0.682195	0.527264	0.368317	0.205748	0.031254	-0.131336	-0.275263	-0.393793	-0.488137	-0.557511	-0.612188	-0.650978	-0.66586	-0.667596	-0.65865	-0.636881	-0.613384	-0.598614	-0.581827	-0.561983	-0.529333	-0.488618	-0.448666	-0.395123	-0.312995	-0.193548	-0.0446628	0.128131	0.321733	0.528939	0.755628	0.992513	1.22508	1.44202	1.61576	1.73093	1.79068	1.79208	1.71307	1.56036	1.3544	1.13744	0.964126	0.844203	0.789177	0.789177	
0.982094	1.0057	0.95783	0.851823	0.695102	0.510401	0.315635	0.123408	-0.0634398	-0.228505	-0.356693	-0.453964	-0.517591	-0.555747	-0.577114	-0.575474	-0.549853	-0.515559	-0.479978	-0.448498	-0.426847	-0.422616	-0.432464	-0.440073	-0.435941	-0.415087	-0.388621	-0.355374	-0.28697	-0.182931	-0.0445956	0.12549	0.327722	0.552457	0.791207	1.04025	1.2774	1.49077	1.6507	1.75124	1.79208	1.75869	1.65237	1.47394	1.2379	0.994432	0.794937	0.656984	0.594615	0.594615	
1.01217	1.03252	0.974199	0.85254	0.678758	0.47245	0.257541	0.0472608	-0.137103	-0.29152	-0.397761	-0.462591	-0.495427	-0.501854	-0.486867	-0.451154	-0.385951	-0.320465	-0.268849	-0.23109	-0.218476	-0.231586	-0.266652	-0.308165	-0.331464	-0.328542	-0.316871	-0.29372	-0.246967	-0.165524	-0.0396909	0.120269	0.317353	0.542236	0.785674	1.03593	1.26432	1.46778	1.61796	1.69846	1.71307	1.65237	1.51926	1.31436	1.05352	0.787081	0.560985	0.402015	0.330882	0.330882	
1.01318	1.02651	0.963883	0.830625	0.651326	0.436951	0.213162	0.0030105	-0.170455	-0.301047	-0.379351	-0.414882	-0.418002	-0.400535	-0.357569	-0.287683	-0.1965	-0.103678	-0.0351315	0.00357063	0.00943928	-0.0257839	-0.0930583	-0.164633	-0.216507	-0.240301	-0.244705	-0.238242	-0.209126	-0.146499	-0.042285	0.103594	0.287179	0.504631	0.743673	0.983303	1.19824	1.38064	1.50962	1.5706	1.56036	1.47394	1.31436	1.08799	0.813593	0.529201	0.285458	0.114133	0.0304787	0.0304787	
1.00448	1.01619	0.953985	0.820746	0.638779	0.424517	0.19601	-0.00863611	-0.165666	-0.266763	-0.316647	-0.322984	-0.305927	-0.269491	-0.206139	-0.114072	-0.00208002	0.113883	0.201367	0.242819	0.239849	0.184575	0.092034	-0.0111702	-0.0986937	-0.155739	-0.182754	-0.193878	-0.184781	-0.147562	-0.0720355	0.0552039	0.233967	0.451627	0.68177	0.903671	1.10144	1.25585	1.35458	1.39387	1.3544	1.2379	1.05352	0.813593	0.537753	0.248503	-0.0044914	-0.19035	-0.287314	-0.287314	
1.00482	1.01746	0.956197	0.831165	0.654067	0.446316	0.21949	0.0201431	-0.121705	-0.199512	-0.226818	-0.210059	-0.181681	-0.132399	-0.0524439	0.0500587	0.180786	0.309101	0.408472	0.457564	0.445076	0.372915	0.262033	0.129638	0.00978225	-0.0788263	-0.136773	-0.164853	-0.183911	-0.176749	-0.119591	-0.00617859	0.164894	0.377827	0.607082	0.817823	0.993766	1.12147	1.19687	1.21026	1.13744	0.994432	0.787081	0.529201	0.248503	-0.0398723	-0.300067	-0.497777	-0.601432	-0.601432	
1.01542	1.02485	0.966935	0.851077	0.684989	0.484305	0.268001	0.0785234	-0.05125	-0.107345	-0.115773	-0.0947998	-0.0586168	-0.00886108	0.0734158	0.189197	0.324006	0.462272	0.574596	0.626228	0.605991	0.519089	0.386101	0.236686	0.0930075	-0.0251658	-0.10089	-0.146694	-0.182946	-0.199128	-0.171637	-0.0770299	0.0848815	0.292633	0.51612	0.722057	0.889488	1.00211	1.06006	1.05394	0.964126	0.794937	0.560985	0.285458	-0.0044914	-0.300067	-0.576329	-0.787283	-0.90723	-0.90723	
1.02578	1.03197	0.980068	0.874618	0.724619	0.532323	0.325593	0.141631	0.0202638	-0.0252606	-0.0192728	0.0040345	0.0419579	0.0947733	0.1741	0.291486	0.422623	0.559397	0.672479	0.723261	0.692613	0.598068	0.46215	0.307201	0.151533	0.0206964	-0.0647166	-0.123559	-0.174036	-0.214106	-0.216088	-0.138884	0.0129221	0.218253	0.439238	0.635726	0.796459	0.902356	0.956008	0.943198	0.844203	0.656984	0.402015	0.114133	-0.19035	-0.497777	-0.787283	-1.01609	-1.14954	-1.14954	
1.03192	1.03457	0.98062	0.884548	0.740415	0.557791	0.362295	0.184461	0.0718738	0.0340895	0.0449696	0.0670988	0.102088	0.150854	0.226686	0.343041	0.473446	0.606923	0.720528	0.770958	0.734033	0.634366	0.491885	0.334932	0.176663	0.0419473	-0.0464867	-0.106132	-0.163347	-0.217975	-0.231717	-0.169602	-0.0302268	0.164575	0.379099	0.579213	0.738367	0.845746	0.903156	0.888029	0.789177	0.594615	0.330882	0.0304787	-0.287314	-0.601432	-0.90723	-1.14954	-1.28945	-1.28945	
1.03192	1.03457	0.98062	0.884548	0.740415	0.557791	0.362295	0.184461	0.0718738	0.0340895	0.0449696	0.0670988	0.102088	0.150854	0.226686	0.343041	0.473446	0.606923	0.720528	0.770958	0.734033	0.634366	0.491885	0.334932	0.176663	0.0419473	-0.0464867	-0.106132	-0.163347	-0.217975	-0.231717	-0.169602	-0.0302268	0.164575	0.379099	0.579213	0.738367	0.845746	0.903156	0.888029	0.789177	0.594615	0.330882	0.0304787	-0.287314	-0.601432	-0.90723	-1.14954	-1.28945	-1.28945	
