1.67693	1.61576	1.48405	1.31527	1.13986	0.980299	0.847055	0.734571	0.64714	0.566574	0.492021	0.430056	0.368162	0.307555	0.252814	0.202959	0.151884	0.108814	0.0796489	0.047188	0.0179852	0.00296363	-0.0108683	-0.0260533	-0.0368351	-0.0407959	-0.0406596	-0.0472757	-0.053678	-0.0427244	-0.0218238	0.000693295	0.0397155	0.110907	0.221267	0.36652	0.51728	0.636848	0.708763	0.72427	0.669262	0.542837	0.360769	0.131651	-0.1441	-0.446996	-0.730652	-0.945233	-1.05885	-1.05885	
1.61576	1.51643	1.35695	1.17107	0.983642	0.820195	0.683822	0.571059	0.483998	0.406461	0.344417	0.290896	0.23552	0.187165	0.145113	0.107983	0.0735472	0.0472759	0.0271906	0.0033229	-0.0122076	-0.0185114	-0.0288836	-0.039278	-0.0447068	-0.0450321	-0.0452249	-0.0532639	-0.0569099	-0.0443241	-0.0283877	-0.0124192	0.0217391	0.087965	0.192669	0.330437	0.473883	0.595977	0.685985	0.72811	0.697738	0.587869	0.410628	0.174979	-0.111427	-0.422189	-0.712156	-0.935311	-1.05664	-1.05664	
1.48405	1.35695	1.18045	0.984138	0.7967	0.641062	0.510941	0.409066	0.334658	0.270007	0.218649	0.172675	0.130945	0.0982939	0.0711207	0.0467856	0.0217779	0.00596656	-0.0050043	-0.0208004	-0.0285823	-0.0313515	-0.0392112	-0.0459415	-0.0483663	-0.0471564	-0.0489896	-0.0578679	-0.0581925	-0.0455017	-0.0355147	-0.025051	0.00537304	0.066869	0.164783	0.29236	0.426381	0.550963	0.659309	0.727475	0.721648	0.629042	0.45701	0.215279	-0.07966	-0.394434	-0.686687	-0.915467	-1.04301	-1.04301	
1.31527	1.17107	0.984138	0.789011	0.615099	0.472157	0.355233	0.274351	0.212637	0.157507	0.120158	0.0889166	0.0621235	0.0411209	0.0223393	0.00454797	-0.00990471	-0.0147189	-0.0234033	-0.0359416	-0.0367224	-0.0375485	-0.0453443	-0.0499173	-0.049784	-0.0482338	-0.052766	-0.0613809	-0.0580246	-0.0470054	-0.0433407	-0.0368233	-0.00902286	0.0477737	0.137437	0.252227	0.37553	0.502915	0.62901	0.721463	0.73935	0.664368	0.49811	0.251628	-0.0487357	-0.363222	-0.6535	-0.884328	-1.01585	-1.01585	
1.13986	0.983642	0.7967	0.615099	0.457274	0.329749	0.235268	0.17012	0.116198	0.0789371	0.0578804	0.0354177	0.0163012	0.00245195	-0.00774178	-0.0175386	-0.0252232	-0.0278014	-0.0360728	-0.0420251	-0.0391096	-0.0427875	-0.0499635	-0.0511182	-0.0496988	-0.0499334	-0.0570035	-0.0633694	-0.0568414	-0.0495869	-0.051753	-0.0472218	-0.0211728	0.0306032	0.110282	0.210175	0.322525	0.453174	0.595316	0.70908	0.74905	0.69161	0.531992	0.283241	-0.0183656	-0.327961	-0.611919	-0.840608	-0.973132	-0.973132	
0.980299	0.820195	0.641062	0.472157	0.329749	0.223108	0.14428	0.0913051	0.054885	0.0333036	0.0171228	-0.00150967	-0.0119754	-0.0164545	-0.0225729	-0.0318262	-0.0346039	-0.0340921	-0.042005	-0.044711	-0.0417103	-0.0467535	-0.0516397	-0.0512059	-0.0502898	-0.052574	-0.0607561	-0.0636271	-0.055659	-0.0537823	-0.0602133	-0.0557132	-0.0310348	0.01499	0.0828716	0.166667	0.26898	0.403152	0.558338	0.689275	0.74887	0.708368	0.556705	0.309536	0.0119496	-0.288004	-0.561331	-0.783155	-0.912995	-0.912995	
0.847055	0.683822	0.510941	0.355233	0.235268	0.14428	0.0818388	0.0474641	0.0189227	0.00168615	-0.0112809	-0.0219383	-0.0230764	-0.0269546	-0.0347536	-0.0383281	-0.0358707	-0.0394595	-0.0477183	-0.0445715	-0.0423784	-0.0500128	-0.0532127	-0.0512957	-0.0509556	-0.0557285	-0.0638361	-0.0625651	-0.0553654	-0.0595937	-0.0679785	-0.0619621	-0.0388624	0.000300164	0.0548084	0.122614	0.216813	0.354132	0.518007	0.661012	0.736933	0.71222	0.570437	0.33018	0.0428599	-0.242674	-0.501162	-0.710996	-0.833936	-0.833936	
0.734571	0.571059	0.409066	0.274351	0.17012	0.0913051	0.0474641	0.015126	-0.0103905	-0.0172199	-0.0244632	-0.0282814	-0.0300056	-0.0362764	-0.0392311	-0.0395414	-0.0397924	-0.0447542	-0.0472513	-0.0426096	-0.0463246	-0.0538735	-0.0527453	-0.0505156	-0.0528448	-0.05992	-0.065486	-0.0604222	-0.0568969	-0.0667318	-0.0742034	-0.0658773	-0.0452456	-0.0143086	0.0259391	0.0794281	0.168017	0.307043	0.474066	0.623337	0.711479	0.700924	0.571708	0.345106	0.0750641	-0.191305	-0.43084	-0.623376	-0.734989	-0.734989	
0.64714	0.483998	0.334658	0.212637	0.116198	0.054885	0.0189227	-0.0103905	-0.0199122	-0.0214447	-0.0303887	-0.0349381	-0.0376359	-0.0396358	-0.0411927	-0.0416091	-0.0407744	-0.0461285	-0.0475613	-0.0445805	-0.050181	-0.0541384	-0.0514162	-0.051741	-0.0564034	-0.0634018	-0.0649337	-0.0586461	-0.0611155	-0.074157	-0.0780413	-0.0678451	-0.051145	-0.0296917	-0.00340928	0.0389522	0.124338	0.262275	0.426092	0.575465	0.671014	0.672692	0.55957	0.354483	0.109178	-0.133281	-0.349761	-0.519818	-0.615897	-0.615897	
0.566574	0.406461	0.270007	0.157507	0.0789371	0.0333036	0.00168615	-0.0172199	-0.0214447	-0.0304297	-0.0408736	-0.0395149	-0.0373885	-0.0403745	-0.0425388	-0.0405581	-0.0440227	-0.0507963	-0.0463759	-0.0445988	-0.0530453	-0.0545891	-0.0516142	-0.0539142	-0.0598341	-0.0654757	-0.0632399	-0.058808	-0.0676462	-0.080353	-0.0792463	-0.0688161	-0.0576835	-0.0464283	-0.0322843	0.00321617	0.0869039	0.219573	0.373572	0.516847	0.614497	0.6265	0.533794	0.35865	0.1456	-0.0680735	-0.257294	-0.400181	-0.477262	-0.477262	
0.492021	0.344417	0.218649	0.120158	0.0578804	0.0171228	-0.0112809	-0.0244632	-0.0303887	-0.0408736	-0.0406122	-0.0333318	-0.0385975	-0.0448586	-0.0431742	-0.0432748	-0.0488288	-0.0482008	-0.043109	-0.0496887	-0.0570895	-0.0532469	-0.051588	-0.0569534	-0.0635752	-0.0661298	-0.0612066	-0.0617073	-0.0754098	-0.0840858	-0.0782945	-0.0700698	-0.0659105	-0.0645662	-0.0591036	-0.0259593	0.0558921	0.178048	0.315992	0.447241	0.541577	0.562422	0.494996	0.358026	0.184409	0.00470739	-0.152837	-0.264761	-0.320617	-0.320617	
0.430056	0.290896	0.172675	0.0889166	0.0354177	-0.00150967	-0.0219383	-0.0282814	-0.0349381	-0.0395149	-0.0333318	-0.0376851	-0.0483343	-0.0456772	-0.0416278	-0.0446547	-0.0482564	-0.0468359	-0.0475615	-0.0549493	-0.055663	-0.0512099	-0.0543235	-0.0615095	-0.06622	-0.064615	-0.0603918	-0.067988	-0.0826598	-0.0845014	-0.0763932	-0.0730773	-0.076527	-0.0833654	-0.0818552	-0.0474791	0.0303355	0.136328	0.252927	0.366789	0.452862	0.481894	0.444672	0.35303	0.225332	0.0852582	-0.0359772	-0.114396	-0.148409	-0.148409	
0.368162	0.23552	0.130945	0.0621235	0.0163012	-0.0119754	-0.0230764	-0.0300056	-0.0376359	-0.0373885	-0.0385975	-0.0483343	-0.0466017	-0.0389825	-0.0419493	-0.0489233	-0.051261	-0.0476863	-0.0493368	-0.0561636	-0.0545701	-0.0523831	-0.0586873	-0.0653012	-0.066395	-0.0623579	-0.0631631	-0.0766201	-0.0869136	-0.0819206	-0.0755822	-0.0790768	-0.0894571	-0.101232	-0.0985976	-0.0614821	0.00815829	0.0928034	0.184117	0.276132	0.350192	0.387854	0.385126	0.344055	0.267812	0.173495	0.093258	0.0494014	0.0361326	0.0361326	
0.307555	0.187165	0.0982939	0.0411209	0.00245195	-0.0164545	-0.0269546	-0.0362764	-0.0396358	-0.0403745	-0.0448586	-0.0456772	-0.0389825	-0.0412187	-0.0506286	-0.0530956	-0.0475821	-0.0451756	-0.0545818	-0.0592909	-0.0526571	-0.0543836	-0.0640086	-0.0673963	-0.0644047	-0.0621597	-0.0701751	-0.0844819	-0.0867159	-0.0784937	-0.0779597	-0.0884157	-0.103667	-0.116027	-0.108139	-0.0696426	-0.0135205	0.0459095	0.109524	0.176585	0.236846	0.284671	0.319306	0.331552	0.311165	0.268926	0.23406	0.224317	0.229228	0.229228	
0.252814	0.145113	0.0711207	0.0223393	-0.00774178	-0.0225729	-0.0347536	-0.0392311	-0.0411927	-0.0425388	-0.0431742	-0.0416278	-0.0419493	-0.0506286	-0.053274	-0.0465536	-0.0445071	-0.053391	-0.0611923	-0.054722	-0.0508413	-0.0615714	-0.0686221	-0.065638	-0.0627142	-0.0665144	-0.0791329	-0.0883762	-0.0831571	-0.0772374	-0.0845854	-0.100393	-0.117338	-0.125613	-0.110702	-0.07514	-0.0378787	-0.00562567	0.0294284	0.0703644	0.117581	0.177833	0.250595	0.316216	0.354798	0.370486	0.384479	0.407152	0.426833	0.426833	
0.202959	0.107983	0.0467856	0.00454797	-0.0175386	-0.0318262	-0.0383281	-0.0395414	-0.0416091	-0.0405581	-0.0432748	-0.0446547	-0.0489233	-0.0530956	-0.0465536	-0.044922	-0.0534482	-0.0597994	-0.0563749	-0.0508655	-0.0583702	-0.0686668	-0.0670628	-0.0631654	-0.0653744	-0.0742742	-0.0861721	-0.0875491	-0.0792823	-0.0804472	-0.0952122	-0.113467	-0.128111	-0.128615	-0.108432	-0.0822187	-0.0677796	-0.0625983	-0.0554082	-0.03919	-0.00157432	0.073417	0.18264	0.299272	0.398402	0.476355	0.541144	0.593805	0.624903	0.624903	
0.151884	0.0735472	0.0217779	-0.00990471	-0.0252232	-0.0346039	-0.0358707	-0.0397924	-0.0407744	-0.0440227	-0.0488288	-0.0482564	-0.051261	-0.0475821	-0.0445071	-0.0534482	-0.0585921	-0.0567818	-0.0536494	-0.0559952	-0.0659222	-0.0689283	-0.0643728	-0.0647612	-0.0713243	-0.0821979	-0.0893284	-0.0836027	-0.0783782	-0.0891336	-0.108471	-0.125282	-0.133642	-0.125411	-0.105452	-0.0953183	-0.105228	-0.125215	-0.14347	-0.147503	-0.113841	-0.0225422	0.119266	0.28275	0.442048	0.583819	0.699189	0.779361	0.819548	0.819548	
0.108814	0.0472759	0.00596656	-0.0147189	-0.0278014	-0.0340921	-0.0394595	-0.0447542	-0.0461285	-0.0507963	-0.0482008	-0.0468359	-0.0476863	-0.0451756	-0.053391	-0.0597994	-0.0567818	-0.0553142	-0.0550772	-0.0617495	-0.0703645	-0.0674781	-0.0637333	-0.0690431	-0.0790882	-0.0885443	-0.0877183	-0.0794256	-0.0835676	-0.102708	-0.121635	-0.133036	-0.132813	-0.118877	-0.107127	-0.118017	-0.151078	-0.192974	-0.232148	-0.248909	-0.212463	-0.104619	0.0645039	0.269602	0.486098	0.689269	0.852499	0.958293	1.00698	1.00698	
0.0796489	0.0271906	-0.0050043	-0.0234033	-0.0360728	-0.042005	-0.0477183	-0.0472513	-0.0475613	-0.0463759	-0.043109	-0.0475615	-0.0493368	-0.0545818	-0.0611923	-0.0563749	-0.0536494	-0.0550772	-0.0597209	-0.0709331	-0.0713168	-0.0627393	-0.0660204	-0.0777556	-0.0872853	-0.0896474	-0.0823912	-0.0802979	-0.0963099	-0.11786	-0.131184	-0.134877	-0.126928	-0.114165	-0.118701	-0.152226	-0.205022	-0.264424	-0.317475	-0.337159	-0.291569	-0.168328	0.0226284	0.263523	0.530957	0.788427	0.994304	1.12475	1.18328	1.18328	
0.047188	0.0033229	-0.0208004	-0.0359416	-0.0420251	-0.044711	-0.0445715	-0.0426096	-0.0445805	-0.0445988	-0.0496887	-0.0549493	-0.0561636	-0.0592909	-0.054722	-0.0508655	-0.0559952	-0.0617495	-0.0709331	-0.0730876	-0.0622532	-0.0628277	-0.0775265	-0.0872587	-0.0893678	-0.0849959	-0.0800117	-0.0904966	-0.113289	-0.129643	-0.134872	-0.131126	-0.119973	-0.117553	-0.143878	-0.197884	-0.265652	-0.336808	-0.394158	-0.406272	-0.346855	-0.210145	-0.00192	0.268393	0.576733	0.876855	1.11806	1.27289	1.34395	1.34395	
0.0179852	-0.0122076	-0.0285823	-0.0367224	-0.0391096	-0.0417103	-0.0423784	-0.0463246	-0.050181	-0.0530453	-0.0570895	-0.055663	-0.0545701	-0.0526571	-0.0508413	-0.0583702	-0.0659222	-0.0703645	-0.0713168	-0.0622532	-0.0614131	-0.0775684	-0.0882475	-0.0881767	-0.0858977	-0.0817849	-0.0867217	-0.107857	-0.128069	-0.134918	-0.132817	-0.124475	-0.118124	-0.134797	-0.183735	-0.253112	-0.330447	-0.405761	-0.456105	-0.4515	-0.375827	-0.227287	-0.00492811	0.287409	0.622988	0.950697	1.21843	1.39718	1.48353	1.48353	
0.00296363	-0.0185114	-0.0313515	-0.0375485	-0.0427875	-0.0467535	-0.0500128	-0.0538735	-0.0541384	-0.0545891	-0.0532469	-0.0512099	-0.0523831	-0.0543836	-0.0615714	-0.0686668	-0.0689283	-0.0674781	-0.0627393	-0.0628277	-0.0775684	-0.0888366	-0.0873041	-0.0855234	-0.0839791	-0.0853664	-0.102486	-0.125783	-0.135666	-0.133596	-0.127139	-0.120153	-0.128593	-0.169122	-0.236329	-0.314717	-0.395589	-0.465337	-0.497432	-0.470061	-0.377502	-0.217524	0.0168181	0.322152	0.668727	1.00749	1.29203	1.49267	1.59546	1.59546	
-0.0108683	-0.0288836	-0.0392112	-0.0453443	-0.0499635	-0.0516397	-0.0532127	-0.0527453	-0.0514162	-0.0516142	-0.051588	-0.0543235	-0.0586873	-0.0640086	-0.0686221	-0.0670628	-0.0643728	-0.0637333	-0.0660204	-0.0775265	-0.0882475	-0.0873041	-0.0851758	-0.0853425	-0.0854917	-0.0983455	-0.122905	-0.136747	-0.1346	-0.128194	-0.122252	-0.125689	-0.157101	-0.219594	-0.297418	-0.378705	-0.455653	-0.508633	-0.513702	-0.461265	-0.351738	-0.17932	0.06451	0.371966	0.712699	1.04672	1.33775	1.55512	1.67234	1.67234	
-0.0260533	-0.039278	-0.0459415	-0.0499173	-0.0511182	-0.0512059	-0.0512957	-0.0505156	-0.051741	-0.0539142	-0.0569534	-0.0615095	-0.0653012	-0.0673963	-0.065638	-0.0631654	-0.0647612	-0.0690431	-0.0777556	-0.0872587	-0.0881767	-0.0855234	-0.0853425	-0.0857399	-0.0961596	-0.120412	-0.137615	-0.136027	-0.128387	-0.123489	-0.125027	-0.148677	-0.204835	-0.28129	-0.361966	-0.440175	-0.5035	-0.529145	-0.502878	-0.425895	-0.298636	-0.112478	0.136414	0.433971	0.7539	1.06992	1.35643	1.5812	1.70692	1.70692	
-0.0368351	-0.0447068	-0.0483663	-0.049784	-0.0496988	-0.0502898	-0.0509556	-0.0528448	-0.0564034	-0.0598341	-0.0635752	-0.06622	-0.066395	-0.0644047	-0.0627142	-0.0653744	-0.0713243	-0.0790882	-0.0872853	-0.0893678	-0.0858977	-0.0839791	-0.0854917	-0.0961596	-0.119421	-0.138042	-0.137343	-0.128352	-0.123786	-0.125326	-0.143602	-0.193006	-0.267186	-0.347537	-0.425029	-0.492554	-0.531102	-0.522537	-0.465367	-0.365107	-0.21856	-0.0191609	0.227601	0.503796	0.791975	1.07992	1.34999	1.56877	1.6935	1.6935	
-0.0407959	-0.0450321	-0.0471564	-0.0482338	-0.0499334	-0.052574	-0.0557285	-0.05992	-0.0634018	-0.0654757	-0.0661298	-0.064615	-0.0623579	-0.0621597	-0.0665144	-0.0742742	-0.0821979	-0.0885443	-0.0896474	-0.0849959	-0.0817849	-0.0853664	-0.0983455	-0.120412	-0.138042	-0.137878	-0.128333	-0.123614	-0.125747	-0.141	-0.184461	-0.255577	-0.335774	-0.412405	-0.480914	-0.527293	-0.531662	-0.487828	-0.402902	-0.279641	-0.11304	0.095311	0.330687	0.576784	0.827151	1.07962	1.32043	1.51721	1.62955	1.62955	
-0.0406596	-0.0452249	-0.0489896	-0.052766	-0.0570035	-0.0607561	-0.0638361	-0.065486	-0.0649337	-0.0632399	-0.0612066	-0.0603918	-0.0631631	-0.0701751	-0.0791329	-0.0861721	-0.0893284	-0.0877183	-0.0823912	-0.0800117	-0.0867217	-0.102486	-0.122905	-0.137615	-0.137343	-0.128333	-0.123487	-0.125977	-0.139901	-0.179085	-0.246918	-0.326691	-0.402769	-0.470821	-0.521515	-0.535557	-0.502113	-0.426872	-0.316901	-0.170197	0.0138011	0.222601	0.437504	0.649003	0.85952	1.07047	1.26906	1.42801	1.51712	1.51712	
-0.0472757	-0.0532639	-0.0578679	-0.0613809	-0.0633694	-0.0636271	-0.0625651	-0.0604222	-0.0586461	-0.058808	-0.0617073	-0.067988	-0.0766201	-0.0844819	-0.0883762	-0.0875491	-0.0836027	-0.0794256	-0.0802979	-0.0904966	-0.107857	-0.125783	-0.136747	-0.136027	-0.128352	-0.123614	-0.125977	-0.139617	-0.176535	-0.241578	-0.320424	-0.396031	-0.463124	-0.515742	-0.53668	-0.511828	-0.443875	-0.342126	-0.207818	-0.0391766	0.15438	0.352876	0.541006	0.71746	0.887853	1.05149	1.19643	1.30525	1.3634	1.3634	
-0.053678	-0.0569099	-0.0581925	-0.0580246	-0.0568414	-0.055659	-0.0553654	-0.0568969	-0.0611155	-0.0676462	-0.0754098	-0.0826598	-0.0869136	-0.0867159	-0.0831571	-0.0792823	-0.0783782	-0.0835676	-0.0963099	-0.113289	-0.128069	-0.135666	-0.1346	-0.128387	-0.123786	-0.125747	-0.139901	-0.176535	-0.239775	-0.317205	-0.39204	-0.458033	-0.51107	-0.53642	-0.518403	-0.456501	-0.360531	-0.234588	-0.0766392	0.107352	0.298482	0.477217	0.636339	0.779276	0.908581	1.01929	1.10304	1.1558	1.18012	1.18012	
-0.0427244	-0.0443241	-0.0455017	-0.0470054	-0.0495869	-0.0537823	-0.0595937	-0.0667318	-0.074157	-0.080353	-0.0840858	-0.0845014	-0.0819206	-0.0784937	-0.0772374	-0.0804472	-0.0891336	-0.102708	-0.11786	-0.129643	-0.134918	-0.133596	-0.128194	-0.123489	-0.125326	-0.141	-0.179085	-0.241578	-0.317205	-0.390716	-0.455519	-0.508086	-0.535721	-0.522574	-0.465627	-0.374115	-0.254224	-0.10444	0.0722117	0.2594	0.435859	0.589572	0.720366	0.830335	0.915696	0.969421	0.990482	0.989053	0.981974	0.981974	
-0.0218238	-0.0283877	-0.0355147	-0.0433407	-0.051753	-0.0602133	-0.0679785	-0.0742034	-0.0780413	-0.0792463	-0.0782945	-0.0763932	-0.0755822	-0.0779597	-0.0845854	-0.0952122	-0.108471	-0.121635	-0.131184	-0.134872	-0.132817	-0.127139	-0.122252	-0.125027	-0.143602	-0.184461	-0.246918	-0.320424	-0.39204	-0.455519	-0.507066	-0.535213	-0.524851	-0.47158	-0.383597	-0.268255	-0.124915	0.0453907	0.229263	0.405539	0.559147	0.686856	0.789883	0.864475	0.902052	0.898437	0.862483	0.815933	0.784227	0.784227	
0.000693295	-0.0124192	-0.025051	-0.0368233	-0.0472218	-0.0557132	-0.0619621	-0.0658773	-0.0678451	-0.0688161	-0.0700698	-0.0730773	-0.0790768	-0.0884157	-0.100393	-0.113467	-0.125282	-0.133036	-0.134877	-0.131126	-0.124475	-0.120153	-0.125689	-0.148677	-0.193006	-0.255577	-0.326691	-0.396031	-0.458033	-0.508086	-0.535213	-0.52557	-0.474517	-0.38923	-0.277354	-0.139055	0.0257127	0.206099	0.382023	0.536789	0.6649	0.766979	0.839873	0.874161	0.861767	0.805998	0.725199	0.647495	0.600322	0.600322	
0.0397155	0.0217391	0.00537304	-0.00902286	-0.0211728	-0.0310348	-0.0388624	-0.0452456	-0.051145	-0.0576835	-0.0659105	-0.076527	-0.0894571	-0.103667	-0.117338	-0.128111	-0.133642	-0.132813	-0.126928	-0.119973	-0.118124	-0.128593	-0.157101	-0.204835	-0.267186	-0.335774	-0.402769	-0.463124	-0.51107	-0.535721	-0.524851	-0.474517	-0.3911	-0.281839	-0.147362	0.0127597	0.189522	0.364275	0.519747	0.648851	0.751742	0.826232	0.863336	0.852756	0.792768	0.695901	0.586601	0.493342	0.440041	0.440041	
0.110907	0.087965	0.066869	0.0477737	0.0306032	0.01499	0.000300164	-0.0143086	-0.0296917	-0.0464283	-0.0645662	-0.0833654	-0.101232	-0.116027	-0.125613	-0.128615	-0.125411	-0.118877	-0.114165	-0.117553	-0.134797	-0.169122	-0.219594	-0.28129	-0.347537	-0.412405	-0.470821	-0.515742	-0.53642	-0.522574	-0.47158	-0.38923	-0.281839	-0.150102	0.00633146	0.179542	0.352286	0.507457	0.637013	0.740644	0.817026	0.858232	0.853318	0.79741	0.69826	0.575648	0.455074	0.360348	0.308643	0.308643	
0.221267	0.192669	0.164783	0.137437	0.110282	0.0828716	0.0548084	0.0259391	-0.00340928	-0.0322843	-0.0591036	-0.0818552	-0.0985976	-0.108139	-0.110702	-0.108432	-0.105452	-0.107127	-0.118701	-0.143878	-0.183735	-0.236329	-0.297418	-0.361966	-0.425029	-0.480914	-0.521515	-0.53668	-0.518403	-0.465627	-0.383597	-0.277354	-0.147362	0.00633146	0.176209	0.346234	0.499987	0.629074	0.732777	0.810318	0.854859	0.855663	0.806204	0.711048	0.586384	0.454706	0.337807	0.252027	0.207049	0.207049	
0.36652	0.330437	0.29236	0.252227	0.210175	0.166667	0.122614	0.0794281	0.0389522	0.00321617	-0.0259593	-0.0474791	-0.0614821	-0.0696426	-0.07514	-0.0822187	-0.0953183	-0.118017	-0.152226	-0.197884	-0.253112	-0.314717	-0.378705	-0.440175	-0.492554	-0.527293	-0.535557	-0.511828	-0.456501	-0.374115	-0.268255	-0.139055	0.0127597	0.179542	0.346234	0.497478	0.625074	0.728028	0.805782	0.852344	0.857506	0.814006	0.724388	0.602334	0.468193	0.342227	0.239551	0.16864	0.132813	0.132813	
0.51728	0.473883	0.426381	0.37553	0.322525	0.26898	0.216813	0.168017	0.124338	0.0869039	0.0558921	0.0303355	0.00815829	-0.0135205	-0.0378787	-0.0677796	-0.105228	-0.151078	-0.205022	-0.265652	-0.330447	-0.395589	-0.455653	-0.5035	-0.531102	-0.531662	-0.502113	-0.443875	-0.360531	-0.254224	-0.124915	0.0257127	0.189522	0.352286	0.499987	0.625074	0.726436	0.803478	0.850727	0.858563	0.819539	0.734954	0.616701	0.48356	0.354838	0.2451	0.162113	0.107904	0.0814592	0.0814592	
0.636848	0.595977	0.550963	0.502915	0.453174	0.403152	0.354132	0.307043	0.262275	0.219573	0.178048	0.136328	0.0928034	0.0459095	-0.00562567	-0.0625983	-0.125215	-0.192974	-0.264424	-0.336808	-0.405761	-0.465337	-0.508633	-0.529145	-0.522537	-0.487828	-0.426872	-0.342126	-0.234588	-0.10444	0.0453907	0.206099	0.364275	0.507457	0.629074	0.728028	0.803478	0.850166	0.859016	0.82275	0.741995	0.627349	0.496314	0.367436	0.255069	0.166935	0.10464	0.0660038	0.047778	0.047778	
0.708763	0.685985	0.659309	0.62901	0.595316	0.558338	0.518007	0.474066	0.426092	0.373572	0.315992	0.252927	0.184117	0.109524	0.0294284	-0.0554082	-0.14347	-0.232148	-0.317475	-0.394158	-0.456105	-0.497432	-0.513702	-0.502878	-0.465367	-0.402902	-0.316901	-0.207818	-0.0766392	0.0722117	0.229263	0.382023	0.519747	0.637013	0.732777	0.805782	0.850727	0.859016	0.823796	0.745481	0.633778	0.505086	0.377172	0.26415	0.173882	0.108115	0.0644119	0.0385962	0.0268051	0.0268051	
0.72427	0.72811	0.727475	0.721463	0.70908	0.689275	0.661012	0.623337	0.575465	0.516847	0.447241	0.366789	0.276132	0.176585	0.0703644	-0.03919	-0.147503	-0.248909	-0.337159	-0.406272	-0.4515	-0.470061	-0.461265	-0.425895	-0.365107	-0.279641	-0.170197	-0.0391766	0.107352	0.2594	0.405539	0.536789	0.648851	0.740644	0.810318	0.852344	0.858563	0.82275	0.745481	0.635921	0.509515	0.383178	0.270608	0.179699	0.11245	0.0665998	0.037817	0.0215794	0.0143904	0.0143904	
0.669262	0.697738	0.721648	0.73935	0.74905	0.74887	0.736933	0.711479	0.671014	0.614497	0.541577	0.452862	0.350192	0.236846	0.117581	-0.00157432	-0.113841	-0.212463	-0.291569	-0.346855	-0.375827	-0.377502	-0.351738	-0.298636	-0.21856	-0.11304	0.0138011	0.15438	0.298482	0.435859	0.559147	0.6649	0.751742	0.817026	0.854859	0.857506	0.819539	0.741995	0.633778	0.509515	0.3852	0.273916	0.183383	0.115755	0.069032	0.0390427	0.0211847	0.0115397	0.00739604	0.00739604	
0.542837	0.587869	0.629042	0.664368	0.69161	0.708368	0.71222	0.700924	0.672692	0.6265	0.562422	0.481894	0.387854	0.284671	0.177833	0.073417	-0.0225422	-0.104619	-0.168328	-0.210145	-0.227287	-0.217524	-0.17932	-0.112478	-0.0191609	0.095311	0.222601	0.352876	0.477217	0.589572	0.686856	0.766979	0.826232	0.858232	0.855663	0.814006	0.734954	0.627349	0.505086	0.383178	0.273916	0.184634	0.117483	0.0706703	0.0402622	0.021797	0.0113294	0.00590474	0.00364108	0.00364108	
0.360769	0.410628	0.45701	0.49811	0.531992	0.556705	0.570437	0.571708	0.55957	0.533794	0.494996	0.444672	0.385126	0.319306	0.250595	0.18264	0.119266	0.0645039	0.0226284	-0.00192	-0.00492811	0.0168181	0.06451	0.136414	0.227601	0.330687	0.437504	0.541006	0.636339	0.720366	0.789883	0.839873	0.863336	0.853318	0.806204	0.724388	0.616701	0.496314	0.377172	0.270608	0.183383	0.117483	0.0712356	0.0409363	0.0223322	0.0115986	0.0057879	0.00289265	0.001718	0.001718	
0.131651	0.174979	0.215279	0.251628	0.283241	0.309536	0.33018	0.345106	0.354483	0.35865	0.358026	0.35303	0.344055	0.331552	0.316216	0.299272	0.28275	0.269602	0.263523	0.268393	0.287409	0.322152	0.371966	0.433971	0.503796	0.576784	0.649003	0.71746	0.779276	0.830335	0.864475	0.874161	0.852756	0.79741	0.711048	0.602334	0.48356	0.367436	0.26415	0.179699	0.115755	0.0706703	0.0409363	0.0225265	0.011793	0.00588812	0.00282682	0.00135753	0.00077743	0.00077743	
-0.1441	-0.111427	-0.07966	-0.0487357	-0.0183656	0.0119496	0.0428599	0.0750641	0.109178	0.1456	0.184409	0.225332	0.267812	0.311165	0.354798	0.398402	0.442048	0.486098	0.530957	0.576733	0.622988	0.668727	0.712699	0.7539	0.791975	0.827151	0.85952	0.887853	0.908581	0.915696	0.902052	0.861767	0.792768	0.69826	0.586384	0.468193	0.354838	0.255069	0.173882	0.11245	0.069032	0.0402622	0.0223322	0.011793	0.00593652	0.00285481	0.00132107	0.000610776	0.000337643	0.000337643	
-0.446996	-0.422189	-0.394434	-0.363222	-0.327961	-0.288004	-0.242674	-0.191305	-0.133281	-0.0680735	0.00470739	0.0852582	0.173495	0.268926	0.370486	0.476355	0.583819	0.689269	0.788427	0.876855	0.950697	1.00749	1.04672	1.06992	1.07992	1.07962	1.07047	1.05149	1.01929	0.969421	0.898437	0.805998	0.695901	0.575648	0.454706	0.342227	0.2451	0.166935	0.108115	0.0665998	0.0390427	0.021797	0.0115986	0.00588812	0.00285481	0.00132436	0.00059166	0.000263788	0.000140905	0.000140905	
-0.730652	-0.712156	-0.686687	-0.6535	-0.611919	-0.561331	-0.501162	-0.43084	-0.349761	-0.257294	-0.152837	-0.0359772	0.093258	0.23406	0.384479	0.541144	0.699189	0.852499	0.994304	1.11806	1.21843	1.29203	1.33775	1.35643	1.34999	1.32043	1.26906	1.19643	1.10304	0.990482	0.862483	0.725199	0.586601	0.455074	0.337807	0.239551	0.162113	0.10464	0.0644119	0.037817	0.0211847	0.0113294	0.0057879	0.00282682	0.00132107	0.00059166	0.000255409	0.000109917	5.67599e-05	5.67599e-05	
-0.945233	-0.935311	-0.915467	-0.884328	-0.840608	-0.783155	-0.710996	-0.623376	-0.519818	-0.400181	-0.264761	-0.114396	0.0494014	0.224317	0.407152	0.593805	0.779361	0.958293	1.12475	1.27289	1.39718	1.49267	1.55512	1.5812	1.56877	1.51721	1.42801	1.30525	1.1558	0.989053	0.815933	0.647495	0.493342	0.360348	0.252027	0.16864	0.107904	0.0660038	0.0385962	0.0215794	0.0115397	0.00590474	0.00289265	0.00135753	0.000610776	0.000263788	0.000109917	4.56173e-05	2.27419e-05	2.27419e-05	
-1.05885	-1.05664	-1.04301	-1.01585	-0.973132	-0.912995	-0.833936	-0.734989	-0.615897	-0.477262	-0.320617	-0.148409	0.0361326	0.229228	0.426833	0.624903	0.819548	1.00698	1.18328	1.34395	1.48353	1.59546	1.67234	1.70692	1.6935	1.62955	1.51712	1.3634	1.18012	0.981974	0.784227	0.600322	0.440041	0.308643	0.207049	0.132813	0.0814592	0.047778	0.0268051	0.0143904	0.00739604	0.00364108	0.001718	0.00077743	0.000337643	0.000140905	5.67599e-05	2.27419e-05	1.09492e-05	1.09492e-05	
-1.05885	-1.05664	-1.04301	-1.01585	-0.973132	-0.912995	-0.833936	-0.734989	-0.615897	-0.477262	-0.320617	-0.148409	0.0361326	0.229228	0.426833	0.624903	0.819548	1.00698	1.18328	1.34395	1.48353	1.59546	1.67234	1.70692	1.6935	1.62955	1.51712	1.3634	1.18012	0.981974	0.784227	0.600322	0.440041	0.308643	0.207049	0.132813	0.0814592	0.047778	0.0268051	0.0143904	0.00739604	0.00364108	0.001718	0.00077743	0.000337643	0.000140905	5.67599e-05	2.27419e-05	1.09492e-05	1.09492e-05	
