1.62019	1.49559	1.32354	1.1395	0.964819	0.818502	0.695424	0.596888	0.515805	0.43918	0.378488	0.322368	0.265116	0.214395	0.169388	0.125998	0.0864261	0.0605389	0.0359812	0.00811205	-0.0063797	-0.0152774	-0.0285286	-0.0391074	-0.0439057	-0.0437652	-0.0476933	-0.0580774	-0.0578487	-0.0463287	-0.0393996	-0.03144	-0.0046342	0.0515979	0.144123	0.265478	0.39453	0.521529	0.641038	0.724764	0.735194	0.655784	0.488642	0.243061	-0.0579213	-0.376098	-0.67157	-0.906597	-1.04019	-1.04019	
1.49559	1.34404	1.15701	0.96336	0.787567	0.644316	0.52457	0.433376	0.359687	0.296921	0.247811	0.19777	0.152975	0.116601	0.0851613	0.0568691	0.0317218	0.0151538	-0.00246341	-0.0188341	-0.0241086	-0.0304431	-0.0404112	-0.0461773	-0.0475077	-0.0467586	-0.0525486	-0.0615335	-0.057676	-0.0480106	-0.0463472	-0.0413613	-0.0167294	0.0356191	0.120593	0.229438	0.348	0.47686	0.611054	0.715523	0.747523	0.684956	0.523818	0.274838	-0.0298091	-0.34655	-0.639129	-0.874584	-1.01053	-1.01053	
1.32354	1.15701	0.961934	0.769859	0.606213	0.47383	0.366475	0.292164	0.231365	0.179802	0.140218	0.103674	0.0753096	0.0525043	0.0321675	0.0111459	-0.00463473	-0.0110689	-0.0230832	-0.0336286	-0.0343458	-0.0389928	-0.046525	-0.0496786	-0.0491585	-0.0490382	-0.0567614	-0.0633596	-0.056714	-0.0505346	-0.0536515	-0.0502162	-0.027078	0.0211554	0.0970074	0.19163	0.299751	0.430867	0.578164	0.700832	0.752928	0.70692	0.552579	0.302695	-0.00181659	-0.313325	-0.599438	-0.831588	-0.967084	-0.967084	
1.1395	0.96336	0.769859	0.592057	0.444953	0.3262	0.240278	0.18184	0.128846	0.0925882	0.0684852	0.0444291	0.0259238	0.0101114	-0.00368993	-0.0159462	-0.0213793	-0.0254824	-0.0372422	-0.0407583	-0.038195	-0.0444934	-0.0507468	-0.0510438	-0.0494801	-0.0516059	-0.0607213	-0.0636722	-0.0556152	-0.0543	-0.0610228	-0.0576446	-0.0355858	0.00794029	0.0729907	0.15244	0.251076	0.384649	0.542463	0.679863	0.749817	0.719594	0.57322	0.326067	0.0263959	-0.275875	-0.551872	-0.776516	-0.908215	-0.908215	
0.964819	0.787567	0.606213	0.444953	0.313367	0.215172	0.146956	0.0967226	0.0595528	0.0408922	0.0232417	0.00453841	-0.00679443	-0.0142262	-0.0211982	-0.0294549	-0.0319526	-0.0355774	-0.0433558	-0.0421742	-0.0419848	-0.0493361	-0.0521079	-0.0507642	-0.0504145	-0.0551595	-0.0637071	-0.0624885	-0.0552994	-0.0594986	-0.067912	-0.063315	-0.0423716	-0.00453574	0.0481941	0.112606	0.203512	0.339232	0.503937	0.651785	0.736569	0.720859	0.584136	0.344559	0.0552663	-0.23362	-0.495805	-0.708392	-0.832567	-0.832567	
0.818502	0.644316	0.47383	0.3262	0.215172	0.133512	0.0783771	0.0448214	0.021453	0.00732192	-0.00848501	-0.0191773	-0.0213382	-0.0255946	-0.0337613	-0.0379571	-0.0354576	-0.0406291	-0.0472072	-0.0434355	-0.0448016	-0.0516342	-0.0524881	-0.0511591	-0.0521335	-0.0587376	-0.0652817	-0.0606397	-0.0565971	-0.0657703	-0.0736376	-0.0671179	-0.0478375	-0.0169655	0.0224512	0.0732642	0.15868	0.295412	0.462437	0.615804	0.71162	0.708729	0.583972	0.357966	0.0852641	-0.185973	-0.430591	-0.626406	-0.739204	-0.739204	
0.695424	0.52457	0.366475	0.240278	0.146956	0.0783771	0.0418907	0.0140392	-0.0070617	-0.0159346	-0.0255077	-0.0273431	-0.0288202	-0.035996	-0.0398129	-0.0383562	-0.0391358	-0.0470548	-0.0472716	-0.0421316	-0.0482429	-0.0543861	-0.052441	-0.0511536	-0.0544736	-0.0624953	-0.0654604	-0.0588128	-0.0599045	-0.0724644	-0.0776355	-0.0692178	-0.0526533	-0.0301118	-0.0040536	0.035914	0.118063	0.253605	0.417683	0.571211	0.673574	0.681555	0.571782	0.366263	0.116804	-0.132367	-0.35555	-0.52996	-0.627748	-0.627748	
0.596888	0.433376	0.292164	0.18184	0.0967226	0.0448214	0.0140392	-0.0137945	-0.0214718	-0.0241817	-0.0307409	-0.0323107	-0.0371729	-0.0404066	-0.0408746	-0.0410792	-0.0431373	-0.0476163	-0.0451536	-0.0450161	-0.0530189	-0.0542864	-0.0510418	-0.0525402	-0.0584265	-0.0653528	-0.063822	-0.0581634	-0.065477	-0.0785886	-0.0794825	-0.0701351	-0.057749	-0.0446144	-0.030627	0.00227314	0.082727	0.213748	0.369292	0.517429	0.621361	0.638284	0.547187	0.369573	0.150153	-0.072289	-0.269982	-0.418735	-0.4985	-0.4985	
0.515805	0.359687	0.231365	0.128846	0.0595528	0.021453	-0.0070617	-0.0214718	-0.0218282	-0.0305092	-0.0383665	-0.0390118	-0.0398497	-0.0412247	-0.0425326	-0.0410014	-0.0448024	-0.0498348	-0.0459228	-0.0476688	-0.054401	-0.0531725	-0.0518125	-0.0556382	-0.0620308	-0.0661519	-0.0616313	-0.060117	-0.0725521	-0.0828629	-0.0792875	-0.0708359	-0.0641332	-0.0607124	-0.0560141	-0.0260131	0.0530523	0.175275	0.316823	0.454071	0.554426	0.578721	0.510488	0.368116	0.185366	-0.00532022	-0.173226	-0.292774	-0.352514	-0.352514	
0.43918	0.296921	0.179802	0.0925882	0.0408922	0.00732192	-0.0159346	-0.0241817	-0.0305092	-0.041979	-0.0415178	-0.0362081	-0.0394848	-0.0435667	-0.04234	-0.0434399	-0.0504674	-0.0487118	-0.0435656	-0.0512372	-0.056663	-0.0527755	-0.0531243	-0.0587553	-0.0649471	-0.0656128	-0.060343	-0.0648722	-0.0796151	-0.0845285	-0.0778511	-0.072493	-0.0726156	-0.07803	-0.0785193	-0.0477549	0.0285443	0.137176	0.259831	0.381002	0.47296	0.503767	0.462729	0.362167	0.22225	0.0688105	-0.0647804	-0.15258	-0.191606	-0.191606	
0.378488	0.247811	0.140218	0.0684852	0.0232417	-0.00848501	-0.0255077	-0.0307409	-0.0383665	-0.0415178	-0.0336343	-0.0372661	-0.0466654	-0.0453295	-0.0430474	-0.0470956	-0.0491513	-0.044861	-0.0480013	-0.0571097	-0.0554151	-0.0513387	-0.0559027	-0.062899	-0.0668278	-0.0637394	-0.0610694	-0.0720915	-0.0850971	-0.0834929	-0.0764444	-0.0762779	-0.0835671	-0.0954481	-0.0963079	-0.0626305	0.00778429	0.0981417	0.197913	0.298449	0.37814	0.415571	0.405676	0.35204	0.26041	0.150154	0.0554912	0.000767915	-0.0182782	-0.0182782	
0.322368	0.19777	0.103674	0.0444291	0.00453841	-0.0191773	-0.0273431	-0.0323107	-0.0390118	-0.0362081	-0.0372661	-0.0488079	-0.0476785	-0.0408822	-0.0432484	-0.0484921	-0.0493748	-0.0478721	-0.05279	-0.0568402	-0.0528498	-0.0533886	-0.0606864	-0.0661864	-0.0662617	-0.0618948	-0.0654362	-0.08038	-0.0872947	-0.0805755	-0.0767758	-0.0830817	-0.0965908	-0.111152	-0.107918	-0.0715226	-0.0114301	0.0567545	0.130768	0.207151	0.272332	0.31754	0.341723	0.338141	0.299353	0.238434	0.187099	0.165505	0.164424	0.164424	
0.265116	0.152975	0.0753096	0.0259238	-0.00679443	-0.0213382	-0.0288202	-0.0371729	-0.0398497	-0.0394848	-0.0466654	-0.0476785	-0.0392428	-0.0411173	-0.0496118	-0.0528118	-0.0488973	-0.0474027	-0.0552795	-0.0574372	-0.0528698	-0.0569707	-0.0650349	-0.0673431	-0.0641918	-0.0628198	-0.0733735	-0.0868012	-0.0855848	-0.0779306	-0.0804595	-0.0929913	-0.110365	-0.123033	-0.112877	-0.076622	-0.031759	0.011676	0.058279	0.108566	0.159197	0.21416	0.273752	0.321104	0.338636	0.332917	0.32863	0.339087	0.353119	0.353119	
0.214395	0.116601	0.0525043	0.0101114	-0.0142262	-0.0255946	-0.035996	-0.0404066	-0.0412247	-0.0435667	-0.0453295	-0.0408822	-0.0411173	-0.0507397	-0.0539972	-0.0483037	-0.0448565	-0.0531123	-0.0611194	-0.0548927	-0.0525752	-0.0628484	-0.0685222	-0.0657941	-0.0629972	-0.0681987	-0.0821942	-0.0888307	-0.0816316	-0.0781983	-0.0881176	-0.1051	-0.122869	-0.129325	-0.112196	-0.0812189	-0.0558899	-0.0381887	-0.0193381	0.0050996	0.0436167	0.110646	0.204987	0.301995	0.378031	0.432252	0.477496	0.518153	0.544297	0.544297	
0.169388	0.0851613	0.0321675	-0.00368993	-0.0211982	-0.0337613	-0.0398129	-0.0408746	-0.0425326	-0.04234	-0.0430474	-0.0432484	-0.0496118	-0.0539972	-0.0474922	-0.0447846	-0.0527867	-0.0612365	-0.0571263	-0.0506743	-0.0595189	-0.0694429	-0.0671778	-0.0634539	-0.0660909	-0.0766978	-0.0881433	-0.0864768	-0.0786536	-0.0830676	-0.099155	-0.117723	-0.131797	-0.129344	-0.108598	-0.0891896	-0.0860977	-0.0935504	-0.101286	-0.0997303	-0.068627	0.012453	0.138905	0.282528	0.417611	0.534344	0.629803	0.698561	0.734458	0.734458	
0.125998	0.0568691	0.0111459	-0.0159462	-0.0294549	-0.0379571	-0.0383562	-0.0410792	-0.0410014	-0.0434399	-0.0470956	-0.0484921	-0.0528118	-0.0483037	-0.0447846	-0.0531673	-0.059653	-0.0576613	-0.0524678	-0.0567547	-0.0680149	-0.0689348	-0.0640516	-0.0654137	-0.0729662	-0.0844948	-0.0895091	-0.0822295	-0.0796142	-0.0927748	-0.112054	-0.128553	-0.135177	-0.124244	-0.106319	-0.104237	-0.123896	-0.154581	-0.185875	-0.201297	-0.1714	-0.0752182	0.0792106	0.265214	0.457735	0.636299	0.780455	0.875506	0.920137	0.920137	
0.0864261	0.0317218	-0.00463473	-0.0213793	-0.0319526	-0.0354576	-0.0391358	-0.0431373	-0.0448024	-0.0504674	-0.0491513	-0.0493748	-0.0488973	-0.0448565	-0.0527867	-0.059653	-0.0574576	-0.0551408	-0.0557752	-0.0640089	-0.0702762	-0.0663354	-0.0646904	-0.070654	-0.0806768	-0.0895193	-0.0868126	-0.0793577	-0.0864946	-0.106215	-0.124359	-0.135024	-0.132463	-0.117461	-0.11029	-0.129087	-0.169863	-0.220696	-0.270216	-0.29414	-0.258918	-0.147795	0.0298558	0.253301	0.498883	0.734525	0.923519	1.04374	1.09776	1.09776	
0.0605389	0.0151538	-0.0110689	-0.0254824	-0.0355774	-0.0406291	-0.0470548	-0.0476163	-0.0498348	-0.0487118	-0.044861	-0.0478721	-0.0474027	-0.0531123	-0.0612365	-0.0576613	-0.0551408	-0.0557396	-0.0603854	-0.070567	-0.0703486	-0.0640321	-0.0679232	-0.0783925	-0.088069	-0.0898258	-0.0818882	-0.0819774	-0.0997083	-0.120429	-0.13299	-0.135527	-0.125585	-0.114268	-0.124892	-0.164965	-0.223614	-0.290224	-0.350088	-0.372554	-0.326419	-0.201488	-0.0049879	0.250437	0.541393	0.825056	1.05287	1.19783	1.26334	1.26334	
0.0359812	-0.00246341	-0.0230832	-0.0372422	-0.0433558	-0.0472072	-0.0472716	-0.0451536	-0.0459228	-0.0435656	-0.0480013	-0.05279	-0.0552795	-0.0611194	-0.0571263	-0.0524678	-0.0557752	-0.0603854	-0.07046	-0.0736467	-0.0638822	-0.0643495	-0.0774119	-0.0874586	-0.0904396	-0.0849649	-0.0804771	-0.093247	-0.116043	-0.131176	-0.135858	-0.130713	-0.119049	-0.120473	-0.152814	-0.21149	-0.283742	-0.360052	-0.420158	-0.431395	-0.370584	-0.233217	-0.0211479	0.260041	0.585196	0.904085	1.163	1.33243	1.41214	1.41214	
0.00811205	-0.0188341	-0.0336286	-0.0407583	-0.0421742	-0.0434355	-0.0421316	-0.0450161	-0.0476688	-0.0512372	-0.0571097	-0.0568402	-0.0574372	-0.0548927	-0.0506743	-0.0567547	-0.0640089	-0.070567	-0.0736467	-0.0639453	-0.0616193	-0.0769454	-0.0883485	-0.0896397	-0.0865333	-0.0815965	-0.0884404	-0.110679	-0.129608	-0.13571	-0.133142	-0.123798	-0.119104	-0.140826	-0.194389	-0.266854	-0.34762	-0.425447	-0.474658	-0.466861	-0.38955	-0.24045	-0.0149612	0.284503	0.629691	0.968636	1.24976	1.44256	1.53844	1.53844	
-0.0063797	-0.0241086	-0.0343458	-0.038195	-0.0419848	-0.0448016	-0.0482429	-0.0530189	-0.054401	-0.056663	-0.0554151	-0.0528498	-0.0528698	-0.0525752	-0.0595189	-0.0680149	-0.0702762	-0.0703486	-0.0638822	-0.0616193	-0.0767675	-0.0895107	-0.0887473	-0.0863177	-0.0837548	-0.0862632	-0.104959	-0.127444	-0.136191	-0.134145	-0.12716	-0.120376	-0.132313	-0.177467	-0.247522	-0.328101	-0.411131	-0.480323	-0.508395	-0.476941	-0.382524	-0.221169	0.0159299	0.324473	0.673847	1.01719	1.31089	1.52376	1.63559	1.63559	
-0.0152774	-0.0304431	-0.0389928	-0.0444934	-0.0493361	-0.0516342	-0.0543861	-0.0542864	-0.0531725	-0.0527755	-0.0513387	-0.0533886	-0.0569707	-0.0628484	-0.0694429	-0.0689348	-0.0663354	-0.0640321	-0.0643495	-0.0769454	-0.0895107	-0.0884105	-0.0855744	-0.0854886	-0.0862008	-0.10011	-0.124385	-0.13717	-0.135101	-0.128795	-0.122523	-0.12782	-0.163305	-0.228893	-0.308338	-0.391279	-0.468493	-0.518094	-0.517779	-0.461275	-0.349228	-0.174206	0.0716901	0.378516	0.716545	1.05001	1.34602	1.57227	1.69648	1.69648	
-0.0285286	-0.0404112	-0.046525	-0.0507468	-0.0521079	-0.0524881	-0.052441	-0.0510418	-0.0518125	-0.0531243	-0.0559027	-0.0606864	-0.0650349	-0.0685222	-0.0671778	-0.0640516	-0.0646904	-0.0679232	-0.0774119	-0.0883485	-0.0887473	-0.0855744	-0.0861132	-0.0867722	-0.0970301	-0.121179	-0.138057	-0.136592	-0.129296	-0.124096	-0.126312	-0.152986	-0.212335	-0.290381	-0.37223	-0.451213	-0.512506	-0.533021	-0.501403	-0.420481	-0.289594	-0.099962	0.149671	0.443362	0.757001	1.06894	1.35626	1.58525	1.71464	1.71464	
-0.0391074	-0.0461773	-0.0496786	-0.0510438	-0.0507642	-0.0511591	-0.0511536	-0.0525402	-0.0556382	-0.0587553	-0.062899	-0.0661864	-0.0673431	-0.0657941	-0.0634539	-0.0654137	-0.070654	-0.0783925	-0.0874586	-0.0896397	-0.0863177	-0.0854886	-0.0867722	-0.0960001	-0.119107	-0.138535	-0.138276	-0.129409	-0.124631	-0.126304	-0.146468	-0.198694	-0.274624	-0.355904	-0.434284	-0.501031	-0.535646	-0.521643	-0.459783	-0.355284	-0.20406	-0.00128522	0.244458	0.514711	0.794989	1.07663	1.34337	1.561	1.68551	1.68551	
-0.0439057	-0.0475077	-0.0491585	-0.0494801	-0.0504145	-0.0521335	-0.0544736	-0.0584265	-0.0620308	-0.0649471	-0.0668278	-0.0662617	-0.0641918	-0.0629972	-0.0660909	-0.0729662	-0.0806768	-0.088069	-0.0904396	-0.0865333	-0.0837548	-0.0862008	-0.0970301	-0.119107	-0.138664	-0.139397	-0.129496	-0.124458	-0.126676	-0.142945	-0.188439	-0.261311	-0.342459	-0.41993	-0.488473	-0.532346	-0.532041	-0.483462	-0.394262	-0.266128	-0.0945551	0.116032	0.348782	0.588271	0.83061	1.0753	1.3089	1.49944	1.60794	1.60794	
-0.0437652	-0.0467586	-0.0490382	-0.0516059	-0.0551595	-0.0587376	-0.0624953	-0.0653528	-0.0661519	-0.0656128	-0.0637394	-0.0618948	-0.0628198	-0.0681987	-0.0766978	-0.0844948	-0.0895193	-0.0898258	-0.0849649	-0.0815965	-0.0862632	-0.10011	-0.121179	-0.138535	-0.139397	-0.129545	-0.124169	-0.126931	-0.141351	-0.181569	-0.25084	-0.331739	-0.40868	-0.47717	-0.52657	-0.537114	-0.499397	-0.420167	-0.305775	-0.153844	0.0343187	0.243702	0.455104	0.660491	0.86352	1.06553	1.25369	1.40253	1.48522	1.48522	
-0.0476933	-0.0525486	-0.0567614	-0.0607213	-0.0637071	-0.0652817	-0.0654604	-0.063822	-0.0616313	-0.060343	-0.0610694	-0.0654362	-0.0733735	-0.0821942	-0.0881433	-0.0895091	-0.0868126	-0.0818882	-0.0804771	-0.0884404	-0.104959	-0.124385	-0.138057	-0.138276	-0.129496	-0.124169	-0.127006	-0.140794	-0.177729	-0.243631	-0.323786	-0.400444	-0.468155	-0.520317	-0.539004	-0.510714	-0.439229	-0.33369	-0.194671	-0.0212929	0.174827	0.372512	0.55717	0.728517	0.891886	1.04559	1.17807	1.27475	1.3253	1.3253	
-0.0580774	-0.0615335	-0.0633596	-0.0636722	-0.0624885	-0.0606397	-0.0588128	-0.0581634	-0.060117	-0.0648722	-0.0720915	-0.08038	-0.0868012	-0.0888307	-0.0864768	-0.0822295	-0.0793577	-0.0819774	-0.093247	-0.110679	-0.127444	-0.13717	-0.136592	-0.129409	-0.124458	-0.126931	-0.140794	-0.176507	-0.239964	-0.31884	-0.395033	-0.461759	-0.514841	-0.539057	-0.518651	-0.453821	-0.354651	-0.224744	-0.0623026	0.125114	0.317168	0.494458	0.650699	0.78932	0.911641	1.0118	1.08254	1.12314	1.14006	1.14006	
-0.0578487	-0.057676	-0.056714	-0.0556152	-0.0552994	-0.0565971	-0.0599045	-0.065477	-0.0725521	-0.0796151	-0.0850971	-0.0872947	-0.0855848	-0.0816316	-0.0786536	-0.0796142	-0.0864946	-0.0997083	-0.116043	-0.129608	-0.136191	-0.135101	-0.129296	-0.124631	-0.126676	-0.141351	-0.177729	-0.239964	-0.317156	-0.392342	-0.457982	-0.510887	-0.538311	-0.523902	-0.464771	-0.370585	-0.247428	-0.0937438	0.086478	0.275565	0.451921	0.60424	0.732704	0.838534	0.916654	0.959878	0.968908	0.956912	0.943674	0.943674	
-0.0463287	-0.0480106	-0.0505346	-0.0543	-0.0594986	-0.0657703	-0.0724644	-0.0785886	-0.0828629	-0.0845285	-0.0834929	-0.0805755	-0.0779306	-0.0781983	-0.0830676	-0.0927748	-0.106215	-0.120429	-0.131176	-0.13571	-0.134145	-0.128795	-0.124096	-0.126304	-0.142945	-0.181569	-0.243631	-0.31884	-0.392342	-0.456737	-0.508835	-0.537543	-0.527025	-0.472404	-0.382246	-0.264213	-0.117647	0.0559771	0.242224	0.419311	0.572507	0.699072	0.799838	0.869938	0.90013	0.886931	0.841087	0.786543	0.750419	0.750419	
-0.0393996	-0.0463472	-0.0536515	-0.0610228	-0.067912	-0.0736376	-0.0776355	-0.0794825	-0.0792875	-0.0778511	-0.0764444	-0.0767758	-0.0804595	-0.0881176	-0.099155	-0.112054	-0.124359	-0.13299	-0.135858	-0.133142	-0.12716	-0.122523	-0.126312	-0.146468	-0.188439	-0.25084	-0.323786	-0.395033	-0.457982	-0.508835	-0.537234	-0.528463	-0.476905	-0.389931	-0.275835	-0.134949	0.0326876	0.215601	0.392995	0.548112	0.675841	0.776762	0.846968	0.876307	0.856882	0.793217	0.705263	0.622366	0.572529	0.572529	
-0.03144	-0.0413613	-0.0502162	-0.0576446	-0.063315	-0.0671179	-0.0692178	-0.0701351	-0.0708359	-0.072493	-0.0762779	-0.0830817	-0.0929913	-0.1051	-0.117723	-0.128553	-0.135024	-0.135527	-0.130713	-0.123798	-0.120376	-0.12782	-0.152986	-0.198694	-0.261311	-0.331739	-0.400444	-0.461759	-0.510887	-0.537543	-0.528463	-0.478391	-0.393754	-0.282682	-0.146199	0.0162653	0.195504	0.372209	0.528706	0.658042	0.760482	0.833427	0.867266	0.85162	0.78557	0.68293	0.569186	0.473182	0.418648	0.418648	
-0.0046342	-0.0167294	-0.027078	-0.0355858	-0.0423716	-0.0478375	-0.0526533	-0.057749	-0.0641332	-0.0726156	-0.0835671	-0.0965908	-0.110365	-0.122869	-0.131797	-0.135177	-0.132463	-0.125585	-0.119049	-0.119104	-0.132313	-0.163305	-0.212335	-0.274624	-0.342459	-0.40868	-0.468155	-0.514841	-0.538311	-0.527025	-0.476905	-0.393754	-0.284946	-0.151739	0.00650397	0.18203	0.35708	0.513894	0.644259	0.747986	0.82361	0.862753	0.854248	0.793696	0.689888	0.563614	0.44083	0.34514	0.293168	0.293168	
0.0515979	0.0356191	0.0211554	0.00794029	-0.00453574	-0.0169655	-0.0301118	-0.0446144	-0.0607124	-0.07803	-0.0954481	-0.111152	-0.123033	-0.129325	-0.129344	-0.124244	-0.117461	-0.114268	-0.120473	-0.140826	-0.177467	-0.228893	-0.290381	-0.355904	-0.41993	-0.47717	-0.520317	-0.539057	-0.523902	-0.472404	-0.389931	-0.282682	-0.151739	0.00326678	0.175273	0.347875	0.503832	0.634288	0.738574	0.815965	0.859369	0.857772	0.804838	0.705893	0.578069	0.44447	0.3269	0.241222	0.196501	0.196501	
0.144123	0.120593	0.0970074	0.0729907	0.0481941	0.0224512	-0.0040536	-0.030627	-0.0560141	-0.0785193	-0.0963079	-0.107918	-0.112877	-0.112196	-0.108598	-0.106319	-0.11029	-0.124892	-0.152814	-0.194389	-0.247522	-0.308338	-0.37223	-0.434284	-0.488473	-0.52657	-0.539004	-0.518651	-0.464771	-0.382246	-0.275835	-0.146199	0.00650397	0.175273	0.344784	0.498737	0.628231	0.73222	0.810336	0.856525	0.860309	0.814387	0.721768	0.596929	0.460909	0.334215	0.231727	0.161401	0.126024	0.126024	
0.265478	0.229438	0.19163	0.15244	0.112606	0.0732642	0.035914	0.00227314	-0.0260131	-0.0477549	-0.0626305	-0.0715226	-0.076622	-0.0812189	-0.0891896	-0.104237	-0.129087	-0.164965	-0.21149	-0.266854	-0.328101	-0.391279	-0.451213	-0.501031	-0.532346	-0.537114	-0.510714	-0.453821	-0.370585	-0.264213	-0.134949	0.0162653	0.18203	0.347875	0.498737	0.626198	0.729012	0.806871	0.854409	0.861776	0.821317	0.734514	0.613859	0.478817	0.349112	0.239309	0.156854	0.103325	0.077326	0.077326	
0.39453	0.348	0.299751	0.251076	0.203512	0.15868	0.118063	0.082727	0.0530523	0.0285443	0.00778429	-0.0114301	-0.031759	-0.0558899	-0.0860977	-0.123896	-0.169863	-0.223614	-0.283742	-0.34762	-0.411131	-0.468493	-0.512506	-0.535646	-0.532041	-0.499397	-0.439229	-0.354651	-0.247428	-0.117647	0.0326876	0.195504	0.35708	0.503832	0.628231	0.729012	0.805701	0.853277	0.862485	0.825708	0.743519	0.626902	0.493985	0.363834	0.250996	0.163061	0.101322	0.0632657	0.0453938	0.0453938	
0.521529	0.47686	0.430867	0.384649	0.339232	0.295412	0.253605	0.213748	0.175275	0.137176	0.0981417	0.0567545	0.011676	-0.0381887	-0.0935504	-0.154581	-0.220696	-0.290224	-0.360052	-0.425447	-0.480323	-0.518094	-0.533021	-0.521643	-0.483462	-0.420167	-0.33369	-0.224744	-0.0937438	0.0559771	0.215601	0.372209	0.513894	0.634288	0.73222	0.806871	0.853277	0.86269	0.827822	0.74883	0.635615	0.505118	0.375679	0.261757	0.171247	0.10571	0.0624458	0.0370474	0.0255003	0.0255003	
0.641038	0.611054	0.578164	0.542463	0.503937	0.462437	0.417683	0.369292	0.316823	0.259831	0.197913	0.130768	0.058279	-0.0193381	-0.101286	-0.185875	-0.270216	-0.350088	-0.420158	-0.474658	-0.508395	-0.517779	-0.501403	-0.459783	-0.394262	-0.305775	-0.194671	-0.0623026	0.086478	0.242224	0.392995	0.528706	0.644259	0.738574	0.810336	0.854409	0.862485	0.827822	0.750582	0.63996	0.511859	0.383795	0.269925	0.178317	0.110899	0.0652131	0.0367219	0.0207498	0.013712	0.013712	
0.724764	0.715523	0.700832	0.679863	0.651785	0.615804	0.571211	0.517429	0.454071	0.381002	0.298449	0.207151	0.108566	0.0050996	-0.0997303	-0.201297	-0.29414	-0.372554	-0.431395	-0.466861	-0.476941	-0.461275	-0.420481	-0.355284	-0.266128	-0.153844	-0.0212929	0.125114	0.275565	0.419311	0.548112	0.658042	0.747986	0.815965	0.856525	0.861776	0.825708	0.74883	0.63996	0.514113	0.387901	0.274955	0.183287	0.115082	0.0682044	0.0383001	0.0206109	0.0111184	0.00706056	0.00706056	
0.735194	0.747523	0.752928	0.749817	0.736569	0.71162	0.673574	0.621361	0.554426	0.47296	0.37814	0.272332	0.159197	0.0436167	-0.068627	-0.1714	-0.258918	-0.326419	-0.370584	-0.38955	-0.382524	-0.349228	-0.289594	-0.20406	-0.0945551	0.0343187	0.174827	0.317168	0.451921	0.572507	0.675841	0.760482	0.82361	0.859369	0.860309	0.821317	0.743519	0.635615	0.511859	0.387901	0.27665	0.18583	0.11771	0.07042	0.0398663	0.0214281	0.0110464	0.00570181	0.00348308	0.00348308	
0.655784	0.684956	0.70692	0.719594	0.720859	0.708729	0.681555	0.638284	0.578721	0.503767	0.415571	0.31754	0.21416	0.110646	0.012453	-0.0752182	-0.147795	-0.201488	-0.233217	-0.24045	-0.221169	-0.174206	-0.099962	-0.00128522	0.116032	0.243702	0.372512	0.494458	0.60424	0.699072	0.776762	0.833427	0.862753	0.857772	0.814387	0.734514	0.626902	0.505118	0.383795	0.274955	0.18583	0.118601	0.0715706	0.0408964	0.0221664	0.0114291	0.00565654	0.00279983	0.00164705	0.00164705	
0.488642	0.523818	0.552579	0.57322	0.584136	0.583972	0.571782	0.547187	0.510488	0.462729	0.405676	0.341723	0.273752	0.204987	0.138905	0.0792106	0.0298558	-0.0049879	-0.0211479	-0.0149612	0.0159299	0.0716901	0.149671	0.244458	0.348782	0.455104	0.55717	0.650699	0.732704	0.799838	0.846968	0.867266	0.854248	0.804838	0.721768	0.613859	0.493985	0.375679	0.269925	0.183287	0.11771	0.0715706	0.04125	0.0225663	0.0117357	0.00581647	0.0027694	0.00131717	0.000747013	0.000747013	
0.243061	0.274838	0.302695	0.326067	0.344559	0.357966	0.366263	0.369573	0.368116	0.362167	0.35204	0.338141	0.321104	0.301995	0.282528	0.265214	0.253301	0.250437	0.260041	0.284503	0.324473	0.378516	0.443362	0.514711	0.588271	0.660491	0.728517	0.78932	0.838534	0.869938	0.876307	0.85162	0.793696	0.705893	0.596929	0.478817	0.363834	0.261757	0.178317	0.115082	0.07042	0.0408964	0.0225663	0.0118451	0.00592258	0.00282693	0.00129734	0.000594036	0.00032516	0.00032516	
-0.0579213	-0.0298091	-0.00181659	0.0263959	0.0552663	0.0852641	0.116804	0.150153	0.185366	0.22225	0.26041	0.299353	0.338636	0.378031	0.417611	0.457735	0.498883	0.541393	0.585196	0.629691	0.673847	0.716545	0.757001	0.794989	0.83061	0.86352	0.891886	0.911641	0.916654	0.90013	0.856882	0.78557	0.689888	0.578069	0.460909	0.349112	0.250996	0.171247	0.110899	0.0682044	0.0398663	0.0221664	0.0117357	0.00592258	0.00285242	0.0013135	0.000582002	0.000257014	0.00013593	0.00013593	
-0.376098	-0.34655	-0.313325	-0.275875	-0.23362	-0.185973	-0.132367	-0.072289	-0.00532022	0.0688105	0.150154	0.238434	0.332917	0.432252	0.534344	0.636299	0.734525	0.825056	0.904085	0.968636	1.01719	1.05001	1.06894	1.07663	1.0753	1.06553	1.04559	1.0118	0.959878	0.886931	0.793217	0.68293	0.563614	0.44447	0.334215	0.239309	0.163061	0.10571	0.0652131	0.0383001	0.0214281	0.0114291	0.00581647	0.00282693	0.0013135	0.000584389	0.00025038	0.000106801	5.46316e-05	5.46316e-05	
-0.67157	-0.639129	-0.599438	-0.551872	-0.495805	-0.430591	-0.35555	-0.269982	-0.173226	-0.0647804	0.0554912	0.187099	0.32863	0.477496	0.629803	0.780455	0.923519	1.05287	1.163	1.24976	1.31089	1.34602	1.35626	1.34337	1.3089	1.25369	1.17807	1.08254	0.968908	0.841087	0.705263	0.569186	0.44083	0.3269	0.231727	0.156854	0.101322	0.0624458	0.0367219	0.0206109	0.0110464	0.00565654	0.0027694	0.00129734	0.000582002	0.00025038	0.000103818	4.28164e-05	2.11944e-05	2.11944e-05	
-0.906597	-0.874584	-0.831588	-0.776516	-0.708392	-0.626406	-0.52996	-0.418735	-0.292774	-0.15258	0.000767915	0.165505	0.339087	0.518153	0.698561	0.875506	1.04374	1.19783	1.33243	1.44256	1.52376	1.57227	1.58525	1.561	1.49944	1.40253	1.27475	1.12314	0.956912	0.786543	0.622366	0.473182	0.34514	0.241222	0.161401	0.103325	0.0632657	0.0370474	0.0207498	0.0111184	0.00570181	0.00279983	0.00131717	0.000594036	0.000257014	0.000106801	4.28164e-05	1.70585e-05	8.16175e-06	8.16175e-06	
-1.04019	-1.01053	-0.967084	-0.908215	-0.832567	-0.739204	-0.627748	-0.4985	-0.352514	-0.191606	-0.0182782	0.164424	0.353119	0.544297	0.734458	0.920137	1.09776	1.26334	1.41214	1.53844	1.63559	1.69648	1.71464	1.68551	1.60794	1.48522	1.3253	1.14006	0.943674	0.750419	0.572529	0.418648	0.293168	0.196501	0.126024	0.077326	0.0453938	0.0255003	0.013712	0.00706056	0.00348308	0.00164705	0.000747013	0.00032516	0.00013593	5.46316e-05	2.11944e-05	8.16175e-06	3.77399e-06	3.77399e-06	
-1.04019	-1.01053	-0.967084	-0.908215	-0.832567	-0.739204	-0.627748	-0.4985	-0.352514	-0.191606	-0.0182782	0.164424	0.353119	0.544297	0.734458	0.920137	1.09776	1.26334	1.41214	1.53844	1.63559	1.69648	1.71464	1.68551	1.60794	1.48522	1.3253	1.14006	0.943674	0.750419	0.572529	0.418648	0.293168	0.196501	0.126024	0.077326	0.0453938	0.0255003	0.013712	0.00706056	0.00348308	0.00164705	0.000747013	0.00032516	0.00013593	5.46316e-05	2.11944e-05	8.16175e-06	3.77399e-06	3.77399e-06	
