-1.41574	-1.41574	-1.3958	-1.36487	-1.33583	-1.31153	-1.274	-1.20949	-1.09105	-0.900211	-0.641069	-0.333084	0.00705251	0.344049	0.640122	0.8863	1.0783	1.19651	1.22367	1.1793	1.11404	1.05052	0.97191	0.861817	0.729066	0.588146	0.46566	0.37994	0.317114	0.281852	0.275567	0.294861	0.325365	0.365744	0.413482	0.481342	0.566333	0.642649	0.682944	0.667023	0.597102	0.500882	0.380269	0.238241	0.0870164	-0.0532362	-0.191096	-0.330739	-0.458435	-0.56864	
-1.41574	-1.41574	-1.3958	-1.36487	-1.33583	-1.31153	-1.274	-1.20949	-1.09105	-0.900211	-0.641069	-0.333084	0.00705251	0.344049	0.640122	0.8863	1.0783	1.19651	1.22367	1.1793	1.11404	1.05052	0.97191	0.861817	0.729066	0.588146	0.46566	0.37994	0.317114	0.281852	0.275567	0.294861	0.325365	0.365744	0.413482	0.481342	0.566333	0.642649	0.682944	0.667023	0.597102	0.500882	0.380269	0.238241	0.0870164	-0.0532362	-0.191096	-0.330739	-0.458435	-0.56864	
-1.3958	-1.3958	-1.39338	-1.37806	-1.34764	-1.31115	-1.2615	-1.18595	-1.05168	-0.844556	-0.580874	-0.284527	0.0350895	0.352444	0.629049	0.85236	1.0224	1.13019	1.16345	1.13135	1.07287	1.00793	0.929983	0.829928	0.714702	0.591263	0.481557	0.405115	0.350912	0.32157	0.315553	0.329182	0.352141	0.384984	0.421734	0.469964	0.52921	0.58494	0.621026	0.615746	0.557765	0.464846	0.341091	0.202938	0.0664861	-0.0539046	-0.175451	-0.304312	-0.425366	-0.530453	
-1.36487	-1.36487	-1.37806	-1.37915	-1.35185	-1.29946	-1.22343	-1.11852	-0.960545	-0.741008	-0.480142	-0.202384	0.0874444	0.366768	0.601175	0.782287	0.920373	1.01757	1.05912	1.04233	0.989981	0.925702	0.854831	0.77798	0.695762	0.60306	0.514924	0.453198	0.412064	0.392593	0.387417	0.391668	0.399456	0.414798	0.429849	0.447589	0.470707	0.498633	0.525791	0.528073	0.481119	0.389524	0.266176	0.137949	0.0296637	-0.0546792	-0.144494	-0.25178	-0.357207	-0.452952	
-1.33583	-1.33583	-1.34764	-1.35185	-1.32559	-1.2583	-1.14481	-0.998305	-0.817346	-0.601191	-0.360491	-0.109959	0.141449	0.369822	0.546607	0.677808	0.784976	0.871359	0.9184	0.910583	0.866264	0.808774	0.754754	0.708557	0.666698	0.613909	0.556335	0.513818	0.485353	0.472682	0.468019	0.464354	0.456423	0.448713	0.434283	0.41752	0.407057	0.408692	0.420988	0.417245	0.366162	0.272764	0.151944	0.0422292	-0.0333959	-0.0742103	-0.117204	-0.182678	-0.260742	-0.338898	
-1.31153	-1.31153	-1.31115	-1.29946	-1.2583	-1.16726	-1.02014	-0.839106	-0.643057	-0.439344	-0.231905	-0.02742	0.170121	0.338726	0.460846	0.550697	0.631345	0.704097	0.74531	0.74385	0.713156	0.676996	0.64644	0.628114	0.619945	0.607435	0.588898	0.573653	0.558164	0.547913	0.541288	0.533156	0.514445	0.483785	0.436667	0.384823	0.343644	0.32106	0.310338	0.284091	0.219983	0.124026	0.0175883	-0.0711041	-0.115751	-0.116061	-0.108239	-0.121812	-0.154919	-0.206168	
-1.274	-1.274	-1.2615	-1.22343	-1.14481	-1.02014	-0.851773	-0.661059	-0.464713	-0.276996	-0.110921	0.0309071	0.155354	0.259482	0.336295	0.400077	0.465818	0.524928	0.559247	0.5635	0.558984	0.557934	0.560536	0.564332	0.574806	0.589119	0.605734	0.621097	0.622922	0.615399	0.604854	0.590133	0.558755	0.50474	0.427474	0.346544	0.282071	0.236171	0.197048	0.143157	0.0626522	-0.0270711	-0.113829	-0.174535	-0.193895	-0.166167	-0.118776	-0.0807883	-0.0658425	-0.0787611	
-1.20949	-1.20949	-1.18595	-1.11852	-0.998305	-0.839106	-0.661059	-0.479104	-0.299641	-0.138122	-0.016084	0.0598573	0.109455	0.148223	0.184999	0.232644	0.293582	0.35219	0.387986	0.407619	0.431522	0.469948	0.506727	0.531521	0.550297	0.574725	0.610535	0.649942	0.673247	0.677407	0.668059	0.643635	0.593082	0.511334	0.406374	0.303608	0.220848	0.154972	0.0902744	0.0118033	-0.0758491	-0.157239	-0.217956	-0.251978	-0.245956	-0.196708	-0.123936	-0.0522576	0.00541998	0.0270594	
-1.09105	-1.09105	-1.05168	-0.960545	-0.817346	-0.643057	-0.464713	-0.299641	-0.153758	-0.0358426	0.0346281	0.0528381	0.0385985	0.0202438	0.0183772	0.046768	0.104901	0.171929	0.229575	0.276226	0.330068	0.39568	0.460253	0.50693	0.538211	0.567069	0.60708	0.655615	0.695316	0.714962	0.710115	0.675097	0.601539	0.492845	0.366488	0.248002	0.151437	0.0693064	-0.0114818	-0.0973152	-0.184176	-0.254767	-0.301316	-0.312509	-0.282465	-0.212768	-0.120798	-0.025221	0.0564839	0.101304	
-0.900211	-0.900211	-0.844556	-0.741008	-0.601191	-0.439344	-0.276996	-0.138122	-0.0358426	0.0255099	0.0407754	0.00981953	-0.0485999	-0.106671	-0.140955	-0.135896	-0.0885499	-0.0106491	0.0750076	0.156837	0.235414	0.318678	0.400338	0.469796	0.518597	0.554864	0.592655	0.638966	0.684579	0.711414	0.705709	0.656571	0.564969	0.442188	0.309051	0.184849	0.0766467	-0.0176991	-0.103456	-0.185215	-0.258347	-0.318613	-0.352286	-0.350894	-0.30493	-0.220209	-0.11469	-0.00887007	0.081208	0.128679	
-0.641069	-0.641069	-0.580874	-0.480142	-0.360491	-0.231905	-0.110921	-0.016084	0.0346281	0.0407754	0.00534133	-0.0611224	-0.143471	-0.22164	-0.276221	-0.290912	-0.253545	-0.17261	-0.0687227	0.0368861	0.139679	0.240956	0.341315	0.429312	0.494474	0.537191	0.571654	0.608048	0.644514	0.662161	0.642338	0.578178	0.479593	0.362016	0.242458	0.126232	0.0173737	-0.080136	-0.163487	-0.233056	-0.29339	-0.342925	-0.371431	-0.363649	-0.310811	-0.222224	-0.115351	-0.0115876	0.0689759	0.107559	
-0.333084	-0.333084	-0.284527	-0.202384	-0.109959	-0.02742	0.0309071	0.0598573	0.0528381	0.00981953	-0.0611224	-0.145328	-0.233856	-0.316856	-0.378478	-0.399746	-0.369432	-0.295275	-0.194407	-0.0781944	0.0457937	0.172109	0.291466	0.396051	0.472733	0.523036	0.552767	0.570872	0.583182	0.577215	0.541149	0.470609	0.379399	0.278438	0.176471	0.0742406	-0.0250801	-0.110843	-0.180571	-0.240838	-0.293906	-0.339749	-0.361792	-0.348719	-0.294262	-0.208527	-0.109269	-0.0210965	0.0375419	0.0547545	
0.00705251	0.00705251	0.0350895	0.0874444	0.141449	0.170121	0.155354	0.109455	0.0385985	-0.0485999	-0.143471	-0.233856	-0.319626	-0.396932	-0.451483	-0.472372	-0.45246	-0.395623	-0.304098	-0.18243	-0.0395299	0.105995	0.242906	0.360785	0.450969	0.50809	0.531551	0.524598	0.503002	0.469578	0.421903	0.357727	0.283894	0.198298	0.109225	0.0182069	-0.0640872	-0.128407	-0.180035	-0.228968	-0.277657	-0.319891	-0.336179	-0.315093	-0.254319	-0.174558	-0.0940851	-0.0320239	0.000279599	-0.0038805	
0.344049	0.344049	0.352444	0.366768	0.369822	0.338726	0.259482	0.148223	0.0202438	-0.106671	-0.22164	-0.316856	-0.396932	-0.45805	-0.496423	-0.516749	-0.512095	-0.47049	-0.383437	-0.257583	-0.10797	0.0465395	0.190995	0.316533	0.408172	0.46377	0.477307	0.449943	0.401059	0.343676	0.287968	0.234482	0.181159	0.115186	0.0405846	-0.033678	-0.0964221	-0.139204	-0.173734	-0.211994	-0.250834	-0.281256	-0.286446	-0.259064	-0.20313	-0.139486	-0.0847094	-0.052166	-0.0471375	-0.0710171	
0.640122	0.640122	0.629049	0.601175	0.546607	0.460846	0.336295	0.184999	0.0183772	-0.140955	-0.276221	-0.378478	-0.451483	-0.496423	-0.520756	-0.538891	-0.538662	-0.500313	-0.417101	-0.298792	-0.154422	-0.00289258	0.139003	0.252569	0.326554	0.363441	0.365257	0.327752	0.265427	0.194269	0.13371	0.0894444	0.0580944	0.0166517	-0.0289447	-0.0740671	-0.109091	-0.130962	-0.151002	-0.176045	-0.199368	-0.217862	-0.218378	-0.196631	-0.154542	-0.118027	-0.0983233	-0.0991245	-0.118444	-0.15996	
0.8863	0.8863	0.85236	0.782287	0.677808	0.550697	0.400077	0.232644	0.046768	-0.135896	-0.290912	-0.399746	-0.472372	-0.516749	-0.538891	-0.548024	-0.534506	-0.492668	-0.420261	-0.319653	-0.190904	-0.0540915	0.0674281	0.157596	0.204404	0.218564	0.205011	0.16084	0.0970319	0.0287787	-0.0262689	-0.0609616	-0.078355	-0.0962792	-0.109817	-0.11545	-0.114023	-0.106569	-0.106339	-0.11543	-0.126652	-0.136048	-0.140009	-0.135433	-0.124375	-0.122297	-0.13373	-0.162047	-0.209218	-0.270852	
1.0783	1.0783	1.0224	0.920373	0.784976	0.631345	0.465818	0.293582	0.104901	-0.0885499	-0.253545	-0.369432	-0.45246	-0.512095	-0.538662	-0.534506	-0.505517	-0.460792	-0.399031	-0.316815	-0.213858	-0.111476	-0.0227263	0.0418002	0.0694702	0.0631799	0.0314726	-0.0209963	-0.0766421	-0.12644	-0.165785	-0.194702	-0.205552	-0.207691	-0.189207	-0.154846	-0.113812	-0.0734785	-0.0453362	-0.0335199	-0.0304103	-0.0386597	-0.0553626	-0.0794949	-0.106171	-0.142109	-0.18126	-0.225416	-0.282026	-0.353572	
1.19651	1.19651	1.13019	1.01757	0.871359	0.704097	0.524928	0.35219	0.171929	-0.0106491	-0.17261	-0.295275	-0.395623	-0.47049	-0.500313	-0.492668	-0.460792	-0.415781	-0.35793	-0.294784	-0.227356	-0.167333	-0.115426	-0.0756519	-0.0645997	-0.0847511	-0.128517	-0.181916	-0.224878	-0.255676	-0.285546	-0.313386	-0.321266	-0.306397	-0.258571	-0.18978	-0.116062	-0.0413939	0.0203906	0.0604998	0.0762537	0.0669896	0.0291879	-0.0336377	-0.106738	-0.178557	-0.233693	-0.278178	-0.330098	-0.394956	
1.22367	1.22367	1.16345	1.05912	0.9184	0.74531	0.559247	0.387986	0.229575	0.0750076	-0.0687227	-0.194407	-0.304098	-0.383437	-0.417101	-0.420261	-0.399031	-0.35793	-0.310213	-0.272815	-0.240468	-0.217571	-0.204734	-0.198464	-0.20554	-0.229907	-0.269945	-0.315632	-0.348744	-0.372074	-0.398277	-0.424186	-0.424739	-0.392799	-0.321836	-0.229605	-0.131035	-0.0264589	0.069606	0.133638	0.157785	0.139207	0.0790984	-0.0119663	-0.112957	-0.205872	-0.273134	-0.318137	-0.359216	-0.410671	
1.1793	1.1793	1.13135	1.04233	0.910583	0.74385	0.5635	0.407619	0.276226	0.156837	0.0368861	-0.0781944	-0.18243	-0.257583	-0.298792	-0.319653	-0.316815	-0.294784	-0.272815	-0.264745	-0.25923	-0.269972	-0.297737	-0.324415	-0.342524	-0.361769	-0.391795	-0.429097	-0.460002	-0.480948	-0.502715	-0.522729	-0.515624	-0.473894	-0.391077	-0.285895	-0.169959	-0.0425363	0.0736219	0.151045	0.177776	0.156338	0.0906138	-0.00609728	-0.109823	-0.206108	-0.280582	-0.333254	-0.374204	-0.417118	
1.11404	1.11404	1.07287	0.989981	0.866264	0.713156	0.558984	0.431522	0.330068	0.235414	0.139679	0.0457937	-0.0395299	-0.10797	-0.154422	-0.190904	-0.213858	-0.227356	-0.240468	-0.25923	-0.281745	-0.325235	-0.383615	-0.426428	-0.449745	-0.46862	-0.494386	-0.528087	-0.557815	-0.576973	-0.594105	-0.60583	-0.591438	-0.542095	-0.456603	-0.347843	-0.226545	-0.0961806	0.0231853	0.104392	0.138682	0.129897	0.0784955	-0.000850093	-0.0901492	-0.176501	-0.250676	-0.307343	-0.349495	-0.388562	
1.05052	1.05052	1.00793	0.925702	0.808774	0.676996	0.557934	0.469948	0.39568	0.318678	0.240956	0.172109	0.105995	0.0465395	-0.00289258	-0.0540915	-0.111476	-0.167333	-0.217571	-0.269972	-0.325235	-0.392216	-0.456909	-0.502389	-0.531021	-0.553149	-0.575429	-0.601188	-0.626907	-0.645448	-0.658996	-0.661796	-0.63545	-0.58438	-0.504896	-0.405995	-0.297488	-0.182447	-0.0761753	0.00233226	0.0473045	0.0602257	0.038485	-0.0122817	-0.0744238	-0.139632	-0.200029	-0.249391	-0.28785	-0.325201	
0.97191	0.97191	0.929983	0.854831	0.754754	0.64644	0.560536	0.506727	0.460253	0.400338	0.341315	0.291466	0.242906	0.190995	0.139003	0.0674281	-0.0227263	-0.115426	-0.204734	-0.297737	-0.383615	-0.456909	-0.518621	-0.564597	-0.594431	-0.612711	-0.625517	-0.641112	-0.659562	-0.674328	-0.681794	-0.670334	-0.638094	-0.590575	-0.525533	-0.446001	-0.362054	-0.276917	-0.198972	-0.140899	-0.0987918	-0.0637848	-0.0501202	-0.0596088	-0.0839477	-0.112732	-0.142045	-0.170038	-0.198157	-0.227008	
0.861817	0.861817	0.829928	0.77798	0.708557	0.628114	0.564332	0.531521	0.50693	0.469796	0.429312	0.396051	0.360785	0.316533	0.252569	0.157596	0.0418002	-0.0756519	-0.198464	-0.324415	-0.426428	-0.502389	-0.564597	-0.606695	-0.623148	-0.625789	-0.6281	-0.632797	-0.641703	-0.649677	-0.648513	-0.635041	-0.607566	-0.571201	-0.52124	-0.466405	-0.416917	-0.371253	-0.333596	-0.30639	-0.272624	-0.223386	-0.172676	-0.136856	-0.11545	-0.100704	-0.0885763	-0.0833736	-0.0902357	-0.107599	
0.729066	0.729066	0.714702	0.695762	0.666698	0.619945	0.574806	0.550297	0.538211	0.518597	0.494474	0.472733	0.450969	0.408172	0.326554	0.204404	0.0694702	-0.0645997	-0.20554	-0.342524	-0.449745	-0.531021	-0.594431	-0.623148	-0.61533	-0.597777	-0.583211	-0.574094	-0.571277	-0.570707	-0.570462	-0.566826	-0.555048	-0.531393	-0.504045	-0.486991	-0.482292	-0.482998	-0.48358	-0.479011	-0.451246	-0.388251	-0.309538	-0.236674	-0.171733	-0.104985	-0.0441771	-0.00581303	0.0073514	0.00528034	
0.588146	0.588146	0.591263	0.60306	0.613909	0.607435	0.589119	0.574725	0.567069	0.554864	0.537191	0.523036	0.50809	0.46377	0.363441	0.218564	0.0631799	-0.0847511	-0.229907	-0.361769	-0.46862	-0.553149	-0.612711	-0.625789	-0.597777	-0.554816	-0.516199	-0.487109	-0.466525	-0.453823	-0.452726	-0.462327	-0.46806	-0.469409	-0.480996	-0.513716	-0.563484	-0.610009	-0.637469	-0.644499	-0.619717	-0.553669	-0.45751	-0.355865	-0.250756	-0.137196	-0.0320762	0.0425951	0.0823484	0.0963776	
0.46566	0.46566	0.481557	0.514924	0.556335	0.588898	0.605734	0.610535	0.60708	0.592655	0.571654	0.552767	0.531551	0.477307	0.365257	0.205011	0.0314726	-0.128517	-0.269945	-0.391795	-0.494386	-0.575429	-0.625517	-0.6281	-0.583211	-0.516199	-0.451529	-0.39777	-0.348698	-0.312488	-0.303319	-0.321445	-0.354321	-0.39792	-0.45825	-0.543743	-0.644131	-0.729039	-0.776566	-0.791587	-0.767979	-0.698899	-0.59911	-0.486335	-0.353663	-0.202514	-0.0590925	0.052251	0.12783	0.172347	
0.37994	0.37994	0.405115	0.453198	0.513818	0.573653	0.621097	0.649942	0.655615	0.638966	0.608048	0.570872	0.524598	0.449943	0.327752	0.16084	-0.0209963	-0.181916	-0.315632	-0.429097	-0.528087	-0.601188	-0.641112	-0.632797	-0.574094	-0.487109	-0.39777	-0.311455	-0.225221	-0.161355	-0.139869	-0.167753	-0.234147	-0.322575	-0.429285	-0.562011	-0.705665	-0.820373	-0.885942	-0.908197	-0.882684	-0.815328	-0.717692	-0.600901	-0.457239	-0.288246	-0.113326	0.0402691	0.156728	0.229965	
0.317114	0.317114	0.350912	0.412064	0.485353	0.558164	0.622922	0.673247	0.695316	0.684579	0.644514	0.583182	0.503002	0.401059	0.265427	0.0970319	-0.0766421	-0.224878	-0.348744	-0.460002	-0.557815	-0.626907	-0.659562	-0.641703	-0.571277	-0.466525	-0.348698	-0.225221	-0.104064	-0.0171165	0.0151302	-0.0190221	-0.10667	-0.226355	-0.371178	-0.542137	-0.715501	-0.856582	-0.946591	-0.979501	-0.954651	-0.890474	-0.796471	-0.679219	-0.531777	-0.354242	-0.162865	0.0152675	0.161224	0.259665	
0.281852	0.281852	0.32157	0.392593	0.472682	0.547913	0.615399	0.677407	0.714962	0.711414	0.662161	0.577215	0.469578	0.343676	0.194269	0.0287787	-0.12644	-0.255676	-0.372074	-0.480948	-0.576973	-0.645448	-0.674328	-0.649677	-0.570707	-0.453823	-0.312488	-0.161355	-0.0171165	0.0846139	0.126367	0.0995692	0.0151098	-0.116456	-0.282536	-0.471101	-0.658582	-0.821327	-0.935112	-0.985665	-0.97401	-0.91825	-0.823531	-0.710076	-0.571307	-0.400384	-0.207344	-0.0184564	0.144003	0.256148	
0.275567	0.275567	0.315553	0.387417	0.468019	0.541288	0.604854	0.668059	0.710115	0.705709	0.642338	0.541149	0.421903	0.287968	0.13371	-0.0262689	-0.165785	-0.285546	-0.398277	-0.502715	-0.594105	-0.658996	-0.681794	-0.648513	-0.570462	-0.452726	-0.303319	-0.139869	0.0151302	0.126367	0.184719	0.184218	0.12197	-0.00190562	-0.167647	-0.354083	-0.54747	-0.722593	-0.851379	-0.919303	-0.924662	-0.879223	-0.798186	-0.701006	-0.576678	-0.420798	-0.241343	-0.0593946	0.0969405	0.207305	
0.294861	0.294861	0.329182	0.391668	0.464354	0.533156	0.590133	0.643635	0.675097	0.656571	0.578178	0.470609	0.357727	0.234482	0.0894444	-0.0609616	-0.194702	-0.313386	-0.424186	-0.522729	-0.60583	-0.661796	-0.670334	-0.635041	-0.566826	-0.462327	-0.321445	-0.167753	-0.0190221	0.0995692	0.184218	0.221018	0.198808	0.106977	-0.0314797	-0.205931	-0.394892	-0.564801	-0.696514	-0.780224	-0.802742	-0.779632	-0.726801	-0.657248	-0.555391	-0.42223	-0.263326	-0.106729	0.0216526	0.112569	
0.325365	0.325365	0.352141	0.399456	0.456423	0.514445	0.558755	0.593082	0.601539	0.564969	0.479593	0.379399	0.283894	0.181159	0.0580944	-0.078355	-0.205552	-0.321266	-0.424739	-0.515624	-0.591438	-0.63545	-0.638094	-0.607566	-0.555048	-0.46806	-0.354321	-0.234147	-0.10667	0.0151098	0.12197	0.198808	0.230241	0.200188	0.108164	-0.0370066	-0.204628	-0.359076	-0.490537	-0.582041	-0.622498	-0.62918	-0.610693	-0.56727	-0.494066	-0.393931	-0.272445	-0.16079	-0.076946	-0.0145329	
0.365744	0.365744	0.384984	0.414798	0.448713	0.483785	0.50474	0.511334	0.492845	0.442188	0.362016	0.278438	0.198298	0.115186	0.0166517	-0.0962792	-0.207691	-0.306397	-0.392799	-0.473894	-0.542095	-0.58438	-0.590575	-0.571201	-0.531393	-0.469409	-0.39792	-0.322575	-0.226355	-0.116456	-0.00190562	0.106977	0.200188	0.239243	0.211741	0.119746	-0.00830638	-0.142595	-0.266842	-0.358523	-0.411838	-0.442536	-0.447919	-0.433925	-0.397204	-0.339717	-0.273692	-0.220941	-0.181257	-0.15565	
0.413482	0.413482	0.421734	0.429849	0.434283	0.436667	0.427474	0.406374	0.366488	0.309051	0.242458	0.176471	0.109225	0.0405846	-0.0289447	-0.109817	-0.189207	-0.258571	-0.321836	-0.391077	-0.456603	-0.504896	-0.525533	-0.52124	-0.504045	-0.480996	-0.45825	-0.429285	-0.371178	-0.282536	-0.167647	-0.0314797	0.108164	0.211741	0.259548	0.238644	0.160088	0.0562755	-0.044539	-0.125493	-0.186078	-0.228103	-0.253969	-0.269521	-0.26919	-0.260878	-0.256702	-0.259252	-0.265908	-0.280069	
0.481342	0.481342	0.469964	0.447589	0.41752	0.384823	0.346544	0.303608	0.248002	0.184849	0.126232	0.0742406	0.0182069	-0.033678	-0.0740671	-0.11545	-0.154846	-0.18978	-0.229605	-0.285895	-0.347843	-0.405995	-0.446001	-0.466405	-0.486991	-0.513716	-0.543743	-0.562011	-0.542137	-0.471101	-0.354083	-0.205931	-0.0370066	0.119746	0.238644	0.288035	0.268852	0.218478	0.159163	0.102006	0.0528986	0.00719009	-0.0425899	-0.0890442	-0.125364	-0.171369	-0.224929	-0.271132	-0.314012	-0.361607	
0.566333	0.566333	0.52921	0.470707	0.407057	0.343644	0.282071	0.220848	0.151437	0.0766467	0.0173737	-0.0250801	-0.0640872	-0.0964221	-0.109091	-0.114023	-0.113812	-0.116062	-0.131035	-0.169959	-0.226545	-0.297488	-0.362054	-0.416917	-0.482292	-0.563484	-0.644131	-0.705665	-0.715501	-0.658582	-0.54747	-0.394892	-0.204628	-0.00830638	0.160088	0.268852	0.31923	0.336232	0.333176	0.320289	0.298657	0.255482	0.184809	0.108391	0.0271274	-0.0706554	-0.16785	-0.249808	-0.325854	-0.392008	
0.642649	0.642649	0.58494	0.498633	0.408692	0.32106	0.236171	0.154972	0.0693064	-0.0176991	-0.080136	-0.110843	-0.128407	-0.139204	-0.130962	-0.106569	-0.0734785	-0.0413939	-0.0264589	-0.0425363	-0.0961806	-0.182447	-0.276917	-0.371253	-0.482998	-0.610009	-0.729039	-0.820373	-0.856582	-0.821327	-0.722593	-0.564801	-0.359076	-0.142595	0.0562755	0.218478	0.336232	0.420394	0.482955	0.528097	0.543329	0.506001	0.422583	0.316633	0.193019	0.0556076	-0.0743134	-0.18805	-0.291135	-0.380533	
0.682944	0.682944	0.621026	0.525791	0.420988	0.310338	0.197048	0.0902744	-0.0114818	-0.103456	-0.163487	-0.180571	-0.180035	-0.173734	-0.151002	-0.106339	-0.0453362	0.0203906	0.069606	0.0736219	0.0231853	-0.0761753	-0.198972	-0.333596	-0.48358	-0.637469	-0.776566	-0.885942	-0.946591	-0.935112	-0.851379	-0.696514	-0.490537	-0.266842	-0.044539	0.159163	0.333176	0.482955	0.614975	0.715871	0.760105	0.734461	0.641628	0.507677	0.350264	0.189408	0.0349718	-0.107578	-0.234011	-0.340012	
0.667023	0.667023	0.615746	0.528073	0.417245	0.284091	0.143157	0.0118033	-0.0973152	-0.185215	-0.233056	-0.240838	-0.228968	-0.211994	-0.176045	-0.11543	-0.0335199	0.0604998	0.133638	0.151045	0.104392	0.00233226	-0.140899	-0.30639	-0.479011	-0.644499	-0.791587	-0.908197	-0.979501	-0.985665	-0.919303	-0.780224	-0.582041	-0.358523	-0.125493	0.102006	0.320289	0.528097	0.715871	0.852126	0.916993	0.897939	0.800242	0.645113	0.46748	0.290147	0.119867	-0.0384438	-0.176858	-0.296514	
0.597102	0.597102	0.557765	0.481119	0.366162	0.219983	0.0626522	-0.0758491	-0.184176	-0.258347	-0.29339	-0.293906	-0.277657	-0.250834	-0.199368	-0.126652	-0.0304103	0.0762537	0.157785	0.177776	0.138682	0.0473045	-0.0987918	-0.272624	-0.451246	-0.619717	-0.767979	-0.882684	-0.954651	-0.97401	-0.924662	-0.802742	-0.622498	-0.411838	-0.186078	0.0528986	0.298657	0.543329	0.760105	0.916993	0.994152	0.986681	0.888501	0.721769	0.529354	0.337516	0.156344	-0.00490687	-0.146911	-0.265022	
0.500882	0.500882	0.464846	0.389524	0.272764	0.124026	-0.0270711	-0.157239	-0.254767	-0.318613	-0.342925	-0.339749	-0.319891	-0.281256	-0.217862	-0.136048	-0.0386597	0.0669896	0.139207	0.156338	0.129897	0.0602257	-0.0637848	-0.223386	-0.388251	-0.553669	-0.698899	-0.815328	-0.890474	-0.91825	-0.879223	-0.779632	-0.62918	-0.442536	-0.228103	0.00719009	0.255482	0.506001	0.734461	0.897939	0.986681	0.988976	0.901474	0.737177	0.538584	0.339333	0.154129	-0.00921825	-0.150239	-0.262557	
0.380269	0.380269	0.341091	0.266176	0.151944	0.0175883	-0.113829	-0.217956	-0.301316	-0.352286	-0.371431	-0.361792	-0.336179	-0.286446	-0.218378	-0.140009	-0.0553626	0.0291879	0.0790984	0.0906138	0.0784955	0.038485	-0.0501202	-0.172676	-0.309538	-0.45751	-0.59911	-0.717692	-0.796471	-0.823531	-0.798186	-0.726801	-0.610693	-0.447919	-0.253969	-0.0425899	0.184809	0.422583	0.641628	0.800242	0.888501	0.901474	0.833978	0.688421	0.502436	0.306459	0.120726	-0.0495128	-0.195884	-0.307722	
0.238241	0.238241	0.202938	0.137949	0.0422292	-0.0711041	-0.174535	-0.251978	-0.312509	-0.350894	-0.363649	-0.348719	-0.315093	-0.259064	-0.196631	-0.135433	-0.0794949	-0.0336377	-0.0119663	-0.00609728	-0.000850093	-0.0122817	-0.0596088	-0.136856	-0.236674	-0.355865	-0.486335	-0.600901	-0.679219	-0.710076	-0.701006	-0.657248	-0.56727	-0.433925	-0.269521	-0.0890442	0.108391	0.316633	0.507677	0.645113	0.721769	0.737177	0.688421	0.571695	0.410503	0.231599	0.0509948	-0.123874	-0.269238	-0.376994	
0.0870164	0.0870164	0.0664861	0.0296637	-0.0333959	-0.115751	-0.193895	-0.245956	-0.282465	-0.30493	-0.310811	-0.294262	-0.254319	-0.20313	-0.154542	-0.124375	-0.106171	-0.106738	-0.112957	-0.109823	-0.0901492	-0.0744238	-0.0839477	-0.11545	-0.171733	-0.250756	-0.353663	-0.457239	-0.531777	-0.571307	-0.576678	-0.555391	-0.494066	-0.397204	-0.26919	-0.125364	0.0271274	0.193019	0.350264	0.46748	0.529354	0.538584	0.502436	0.410503	0.278649	0.12427	-0.040472	-0.204935	-0.346219	-0.44621	
-0.0532362	-0.0532362	-0.0539046	-0.0546792	-0.0742103	-0.116061	-0.166167	-0.196708	-0.212768	-0.220209	-0.222224	-0.208527	-0.174558	-0.139486	-0.118027	-0.122297	-0.142109	-0.178557	-0.205872	-0.206108	-0.176501	-0.139632	-0.112732	-0.100704	-0.104985	-0.137196	-0.202514	-0.288246	-0.354242	-0.400384	-0.420798	-0.42223	-0.393931	-0.339717	-0.260878	-0.171369	-0.0706554	0.0556076	0.189408	0.290147	0.337516	0.339333	0.306459	0.231599	0.12427	-0.00437854	-0.140909	-0.280213	-0.401461	-0.485266	
-0.191096	-0.191096	-0.175451	-0.144494	-0.117204	-0.108239	-0.118776	-0.123936	-0.120798	-0.11469	-0.115351	-0.109269	-0.0940851	-0.0847094	-0.0983233	-0.13373	-0.18126	-0.233693	-0.273134	-0.280582	-0.250676	-0.200029	-0.142045	-0.0885763	-0.0441771	-0.0320762	-0.0590925	-0.113326	-0.162865	-0.207344	-0.241343	-0.263326	-0.272445	-0.273692	-0.256702	-0.224929	-0.16785	-0.0743134	0.0349718	0.119867	0.156344	0.154129	0.120726	0.0509948	-0.040472	-0.140909	-0.241703	-0.347857	-0.444006	-0.506212	
-0.330739	-0.330739	-0.304312	-0.25178	-0.182678	-0.121812	-0.0807883	-0.0522576	-0.025221	-0.00887007	-0.0115876	-0.0210965	-0.0320239	-0.052166	-0.0991245	-0.162047	-0.225416	-0.278178	-0.318137	-0.333254	-0.307343	-0.249391	-0.170038	-0.0833736	-0.00581303	0.0425951	0.052251	0.0402691	0.0152675	-0.0184564	-0.0593946	-0.106729	-0.16079	-0.220941	-0.259252	-0.271132	-0.249808	-0.18805	-0.107578	-0.0384438	-0.00490687	-0.00921825	-0.0495128	-0.123874	-0.204935	-0.280213	-0.347857	-0.417402	-0.485905	-0.526946	
-0.458435	-0.458435	-0.425366	-0.357207	-0.260742	-0.154919	-0.0658425	0.00541998	0.0564839	0.081208	0.0689759	0.0375419	0.000279599	-0.0471375	-0.118444	-0.209218	-0.282026	-0.330098	-0.359216	-0.374204	-0.349495	-0.28785	-0.198157	-0.0902357	0.0073514	0.0823484	0.12783	0.156728	0.161224	0.144003	0.0969405	0.0216526	-0.076946	-0.181257	-0.265908	-0.314012	-0.325854	-0.291135	-0.234011	-0.176858	-0.146911	-0.150239	-0.195884	-0.269238	-0.346219	-0.401461	-0.444006	-0.485905	-0.522772	-0.526111	
-0.56864	-0.56864	-0.530453	-0.452952	-0.338898	-0.206168	-0.0787611	0.0270594	0.101304	0.128679	0.107559	0.0547545	-0.0038805	-0.0710171	-0.15996	-0.270852	-0.353572	-0.394956	-0.410671	-0.417118	-0.388562	-0.325201	-0.227008	-0.107599	0.00528034	0.0963776	0.172347	0.229965	0.259665	0.256148	0.207305	0.112569	-0.0145329	-0.15565	-0.280069	-0.361607	-0.392008	-0.380533	-0.340012	-0.296514	-0.265022	-0.262557	-0.307722	-0.376994	-0.44621	-0.485266	-0.506212	-0.526946	-0.526111	-0.48923	
