-1.91816	-1.91816	-1.8567	-1.73679	-1.56872	-1.35303	-1.09902	-0.834125	-0.568758	-0.326219	-0.149755	-0.0267214	0.0836912	0.182196	0.268574	0.348741	0.414448	0.479532	0.545988	0.591114	0.58372	0.532793	0.445873	0.33013	0.214284	0.118178	0.0208818	-0.0547766	-0.0904921	-0.0823525	-0.0140672	0.120713	0.293218	0.490516	0.6919	0.851672	0.952376	0.989541	0.959633	0.874952	0.724109	0.514201	0.273984	0.035289	-0.181825	-0.354419	-0.472847	-0.541266	-0.569089	-0.568044	
-1.91816	-1.91816	-1.8567	-1.73679	-1.56872	-1.35303	-1.09902	-0.834125	-0.568758	-0.326219	-0.149755	-0.0267214	0.0836912	0.182196	0.268574	0.348741	0.414448	0.479532	0.545988	0.591114	0.58372	0.532793	0.445873	0.33013	0.214284	0.118178	0.0208818	-0.0547766	-0.0904921	-0.0823525	-0.0140672	0.120713	0.293218	0.490516	0.6919	0.851672	0.952376	0.989541	0.959633	0.874952	0.724109	0.514201	0.273984	0.035289	-0.181825	-0.354419	-0.472847	-0.541266	-0.569089	-0.568044	
-1.8567	-1.8567	-1.80717	-1.68817	-1.51653	-1.31055	-1.06666	-0.799834	-0.539429	-0.310087	-0.13637	-0.0116098	0.0890483	0.174694	0.252438	0.31814	0.372138	0.436475	0.505281	0.547296	0.548764	0.501452	0.414528	0.306833	0.200609	0.101766	0.0141995	-0.0491671	-0.0784407	-0.0591678	0.0143712	0.138523	0.302637	0.492525	0.677381	0.82548	0.917924	0.947195	0.920048	0.835054	0.68917	0.488799	0.260454	0.0283414	-0.175732	-0.336303	-0.451476	-0.517538	-0.540929	-0.548525	
-1.73679	-1.73679	-1.68817	-1.58145	-1.41957	-1.21886	-0.991922	-0.741738	-0.495468	-0.283682	-0.119279	-0.00227371	0.0822971	0.157622	0.217674	0.257618	0.300974	0.361771	0.421751	0.462096	0.469682	0.429315	0.34709	0.254944	0.165999	0.0757815	0.000546911	-0.0432698	-0.0595873	-0.0266735	0.052542	0.167399	0.320955	0.498376	0.663349	0.791386	0.862588	0.881784	0.851116	0.766171	0.62392	0.440429	0.235716	0.0265178	-0.161789	-0.302859	-0.403795	-0.465251	-0.493791	-0.515825	
-1.56872	-1.56872	-1.51653	-1.41957	-1.2798	-1.09367	-0.884959	-0.670874	-0.459414	-0.272214	-0.128128	-0.0248114	0.0508636	0.115347	0.159114	0.183579	0.214391	0.25862	0.309215	0.349376	0.356617	0.323848	0.261174	0.188692	0.121642	0.0549541	-0.00190362	-0.0270416	-0.0221382	0.0229286	0.100622	0.206549	0.343308	0.501593	0.646918	0.752526	0.800814	0.807032	0.765146	0.674266	0.54335	0.377536	0.198651	0.0266419	-0.131612	-0.252785	-0.337702	-0.393291	-0.431297	-0.470379	
-1.35303	-1.35303	-1.31055	-1.21886	-1.09367	-0.938506	-0.767674	-0.597458	-0.430377	-0.280985	-0.167744	-0.0781431	-0.00495611	0.0487128	0.0778799	0.0926696	0.111508	0.141124	0.182898	0.216	0.221123	0.195841	0.156406	0.106868	0.0654092	0.033184	0.00438045	-0.010237	0.00903897	0.0602237	0.128595	0.218587	0.338015	0.479201	0.607229	0.690765	0.724169	0.717804	0.667093	0.574011	0.455366	0.307743	0.155815	0.0187406	-0.104477	-0.201861	-0.269885	-0.318806	-0.364919	-0.422113	
-1.09902	-1.09902	-1.06666	-0.991922	-0.884959	-0.767674	-0.649053	-0.522048	-0.39896	-0.295024	-0.210475	-0.139767	-0.0788994	-0.032505	-0.0135111	-0.00781853	0.00255371	0.0224567	0.0523229	0.0771314	0.0833145	0.0728258	0.0478659	0.0206382	0.00754245	0.0026396	-0.00456352	-0.00275295	0.0179966	0.0635882	0.119915	0.194524	0.299147	0.419921	0.529802	0.609204	0.634518	0.616667	0.565896	0.481	0.36786	0.239218	0.117562	0.0115759	-0.0827671	-0.154724	-0.207211	-0.251983	-0.30052	-0.368223	
-0.834125	-0.834125	-0.799834	-0.741738	-0.670874	-0.597458	-0.522048	-0.443938	-0.369133	-0.300934	-0.23964	-0.187615	-0.140733	-0.105472	-0.0923224	-0.094332	-0.0985755	-0.0865625	-0.0646495	-0.0438043	-0.0327697	-0.0307113	-0.0456502	-0.0605605	-0.0600185	-0.0441027	-0.0317064	-0.0203274	-0.000485058	0.0394132	0.0870136	0.143245	0.229412	0.333871	0.431793	0.506513	0.536678	0.522884	0.477248	0.404801	0.300548	0.188633	0.0865918	0.00441019	-0.0606307	-0.107686	-0.148092	-0.184848	-0.227911	-0.295082	
-0.568758	-0.568758	-0.539429	-0.495468	-0.459414	-0.430377	-0.39896	-0.369133	-0.33084	-0.285231	-0.247282	-0.210597	-0.169537	-0.144391	-0.138177	-0.147976	-0.16188	-0.161597	-0.151221	-0.138771	-0.125395	-0.123839	-0.135732	-0.146652	-0.138676	-0.113813	-0.0890314	-0.0700001	-0.0547802	-0.0288283	0.0107867	0.0632743	0.134527	0.224401	0.316928	0.388661	0.426741	0.423061	0.390759	0.333472	0.249143	0.150835	0.0676104	0.00651529	-0.0310602	-0.0557299	-0.0762414	-0.0978703	-0.132581	-0.193289	
-0.326219	-0.326219	-0.310087	-0.283682	-0.272214	-0.280985	-0.295024	-0.300934	-0.285231	-0.257971	-0.233461	-0.202563	-0.165045	-0.140449	-0.139551	-0.15808	-0.179328	-0.192292	-0.20146	-0.199964	-0.195677	-0.203572	-0.224129	-0.240339	-0.23501	-0.205604	-0.17622	-0.155897	-0.144981	-0.132152	-0.101263	-0.0515176	0.00671905	0.0851877	0.174534	0.23851	0.279783	0.297075	0.282914	0.249453	0.189411	0.119077	0.062004	0.0272066	0.0148617	0.0137421	0.0139565	0.00653608	-0.0209526	-0.0745734	
-0.149755	-0.149755	-0.13637	-0.119279	-0.128128	-0.167744	-0.210475	-0.23964	-0.247282	-0.233461	-0.208925	-0.180513	-0.144607	-0.113057	-0.100398	-0.113688	-0.147557	-0.183513	-0.208108	-0.224452	-0.243219	-0.269202	-0.302862	-0.330313	-0.3306	-0.304599	-0.279192	-0.261122	-0.257029	-0.261037	-0.246877	-0.207956	-0.162607	-0.0969609	-0.0164759	0.048668	0.097451	0.136594	0.150541	0.1443	0.121077	0.0881099	0.0642158	0.0652119	0.0851306	0.109279	0.123605	0.121733	0.103841	0.058677	
-0.0267214	-0.0267214	-0.0116098	-0.00227371	-0.0248114	-0.0781431	-0.139767	-0.187615	-0.210597	-0.202563	-0.180513	-0.148523	-0.106895	-0.0677163	-0.0453612	-0.0507299	-0.0868792	-0.130715	-0.169336	-0.209301	-0.254574	-0.312296	-0.369206	-0.413023	-0.424096	-0.405606	-0.384551	-0.379608	-0.389396	-0.410994	-0.419886	-0.406723	-0.371425	-0.309982	-0.239644	-0.173752	-0.106112	-0.0409742	0.0108518	0.0447764	0.0632209	0.0710462	0.0904003	0.126347	0.172694	0.220027	0.25246	0.260139	0.244256	0.19839	
0.0836912	0.0836912	0.0890483	0.0822971	0.0508636	-0.00495611	-0.0788994	-0.140733	-0.169537	-0.165045	-0.144607	-0.106895	-0.0598652	-0.0145038	0.0184651	0.023692	-0.00821359	-0.056287	-0.102456	-0.159735	-0.232561	-0.318684	-0.405361	-0.468964	-0.490911	-0.494475	-0.494345	-0.501526	-0.53093	-0.571773	-0.60669	-0.617383	-0.588743	-0.534983	-0.468328	-0.384336	-0.297681	-0.207755	-0.11461	-0.0385463	0.0209203	0.0730258	0.13697	0.208824	0.283308	0.351168	0.399075	0.418424	0.403967	0.350555	
0.182196	0.182196	0.174694	0.157622	0.115347	0.0487128	-0.032505	-0.105472	-0.144391	-0.140449	-0.113057	-0.0677163	-0.0145038	0.0456684	0.0895597	0.10083	0.0703269	0.0218462	-0.0296739	-0.0949359	-0.191576	-0.300082	-0.409887	-0.493461	-0.536556	-0.563981	-0.588916	-0.62131	-0.672988	-0.733808	-0.793578	-0.827574	-0.809359	-0.75707	-0.683815	-0.583399	-0.473807	-0.349468	-0.22021	-0.10734	-0.0124571	0.08128	0.176192	0.280418	0.384726	0.475235	0.539229	0.567385	0.553308	0.494995	
0.268574	0.268574	0.252438	0.217674	0.159114	0.0778799	-0.0135111	-0.0923224	-0.138177	-0.139551	-0.100398	-0.0453612	0.0184651	0.0895597	0.140121	0.156227	0.142152	0.0984481	0.041314	-0.0338162	-0.14136	-0.270024	-0.395127	-0.490575	-0.557506	-0.61139	-0.660757	-0.718556	-0.791881	-0.872796	-0.953266	-1.00438	-1.00475	-0.960937	-0.879854	-0.767403	-0.633587	-0.484258	-0.324263	-0.177837	-0.0453211	0.0798965	0.202924	0.330908	0.446398	0.548329	0.627767	0.664193	0.654421	0.593222	
0.348741	0.348741	0.31814	0.257618	0.183579	0.0926696	-0.00781853	-0.094332	-0.147976	-0.15808	-0.113688	-0.0507299	0.023692	0.10083	0.156227	0.180716	0.185404	0.157489	0.10295	0.0241842	-0.0896355	-0.235429	-0.374501	-0.48274	-0.572063	-0.642818	-0.706416	-0.782677	-0.869747	-0.964244	-1.05654	-1.12283	-1.14495	-1.11319	-1.03561	-0.92245	-0.774105	-0.603954	-0.423214	-0.242806	-0.0769145	0.0727008	0.212206	0.341826	0.454813	0.555386	0.636751	0.678576	0.674079	0.614506	
0.414448	0.414448	0.372138	0.300974	0.214391	0.111508	0.00255371	-0.0985755	-0.16188	-0.179328	-0.147557	-0.0868792	-0.00821359	0.0703269	0.142152	0.185404	0.203028	0.195426	0.152649	0.069087	-0.0537866	-0.205259	-0.350378	-0.473394	-0.576656	-0.653441	-0.722009	-0.7995	-0.887616	-0.98336	-1.07774	-1.15728	-1.2002	-1.18961	-1.12499	-1.01498	-0.86505	-0.68591	-0.494236	-0.297244	-0.107777	0.0576703	0.198383	0.315417	0.41849	0.508821	0.576785	0.621423	0.628413	0.583476	
0.479532	0.479532	0.436475	0.361771	0.25862	0.141124	0.0224567	-0.0865625	-0.161597	-0.192292	-0.183513	-0.130715	-0.056287	0.0218462	0.0984481	0.157489	0.195426	0.209973	0.174005	0.0866053	-0.0401222	-0.188671	-0.334452	-0.468979	-0.57503	-0.645987	-0.704327	-0.767005	-0.841918	-0.929506	-1.02047	-1.10516	-1.16352	-1.17636	-1.1335	-1.03776	-0.895349	-0.724747	-0.537593	-0.338638	-0.147204	0.0195569	0.15667	0.260743	0.347167	0.419581	0.480707	0.533383	0.552122	0.530239	
0.545988	0.545988	0.505281	0.421751	0.309215	0.182898	0.0523229	-0.0646495	-0.151221	-0.20146	-0.208108	-0.169336	-0.102456	-0.0296739	0.041314	0.10295	0.152649	0.174005	0.145628	0.0590068	-0.0637684	-0.196854	-0.334176	-0.45941	-0.547164	-0.602758	-0.646512	-0.689662	-0.74534	-0.817256	-0.899562	-0.979461	-1.04548	-1.07845	-1.05356	-0.98095	-0.869523	-0.729167	-0.566591	-0.386546	-0.210348	-0.0529335	0.0719008	0.165662	0.243756	0.311704	0.376947	0.436595	0.471086	0.468951	
0.591114	0.591114	0.547296	0.462096	0.349376	0.216	0.0771314	-0.0438043	-0.138771	-0.199964	-0.224452	-0.209301	-0.159735	-0.0949359	-0.0338162	0.0241842	0.069087	0.0866053	0.0590068	-0.0178331	-0.121311	-0.231148	-0.342983	-0.437432	-0.494053	-0.525492	-0.537427	-0.553434	-0.586308	-0.642863	-0.711414	-0.786087	-0.857195	-0.903997	-0.907958	-0.87103	-0.801641	-0.701143	-0.576223	-0.435253	-0.294377	-0.163749	-0.0543372	0.0318409	0.109177	0.182851	0.258399	0.324225	0.376645	0.392768	
0.58372	0.58372	0.548764	0.469682	0.356617	0.221123	0.0833145	-0.0327697	-0.125395	-0.195677	-0.243219	-0.254574	-0.232561	-0.191576	-0.14136	-0.0896355	-0.0537866	-0.0401222	-0.0637684	-0.121311	-0.200575	-0.286055	-0.360743	-0.410668	-0.431998	-0.42401	-0.397072	-0.378206	-0.378397	-0.406662	-0.457834	-0.536145	-0.621244	-0.686394	-0.724175	-0.733449	-0.711516	-0.660246	-0.577195	-0.479513	-0.378756	-0.28143	-0.195289	-0.117156	-0.0444883	0.0295294	0.109065	0.18768	0.257521	0.291067	
0.532793	0.532793	0.501452	0.429315	0.323848	0.195841	0.0728258	-0.0307113	-0.123839	-0.203572	-0.269202	-0.312296	-0.318684	-0.300082	-0.270024	-0.235429	-0.205259	-0.188671	-0.196854	-0.231148	-0.286055	-0.342776	-0.378871	-0.386094	-0.361158	-0.301216	-0.231418	-0.175572	-0.141948	-0.143377	-0.184802	-0.262015	-0.357063	-0.444992	-0.52105	-0.582127	-0.612005	-0.608829	-0.567411	-0.508689	-0.440753	-0.376856	-0.320733	-0.261572	-0.200066	-0.130645	-0.0514092	0.0311636	0.102914	0.153686	
0.445873	0.445873	0.414528	0.34709	0.261174	0.156406	0.0478659	-0.0456502	-0.135732	-0.224129	-0.302862	-0.369206	-0.405361	-0.409887	-0.395127	-0.374501	-0.350378	-0.334452	-0.334176	-0.342983	-0.360743	-0.378871	-0.377597	-0.336541	-0.255641	-0.146886	-0.0440239	0.0405305	0.0994443	0.118662	0.0799466	-0.00143992	-0.105398	-0.212918	-0.31959	-0.420493	-0.496284	-0.533595	-0.533257	-0.507541	-0.47205	-0.438918	-0.410139	-0.372373	-0.32898	-0.274793	-0.215058	-0.143626	-0.0751613	-0.0198445	
0.33013	0.33013	0.306833	0.254944	0.188692	0.106868	0.0206382	-0.0605605	-0.146652	-0.240339	-0.330313	-0.413023	-0.468964	-0.493461	-0.490575	-0.48274	-0.473394	-0.468979	-0.45941	-0.437432	-0.410668	-0.386094	-0.336541	-0.24054	-0.110433	0.0259078	0.150264	0.251608	0.316456	0.334007	0.291929	0.209459	0.104712	-0.0162353	-0.144844	-0.264467	-0.363611	-0.434694	-0.468958	-0.47235	-0.469406	-0.464751	-0.456616	-0.440296	-0.414781	-0.385397	-0.354701	-0.310831	-0.261108	-0.215573	
0.214284	0.214284	0.200609	0.165999	0.121642	0.0654092	0.00754245	-0.0600185	-0.138676	-0.23501	-0.3306	-0.424096	-0.490911	-0.536556	-0.557506	-0.572063	-0.576656	-0.57503	-0.547164	-0.494053	-0.431998	-0.361158	-0.255641	-0.110433	0.0541584	0.208571	0.337277	0.431489	0.486222	0.489305	0.443915	0.36495	0.260854	0.137773	0.0108155	-0.114411	-0.231052	-0.323452	-0.383435	-0.41361	-0.433813	-0.446495	-0.461242	-0.471246	-0.468102	-0.464101	-0.455942	-0.440537	-0.42225	-0.394719	
0.118178	0.118178	0.101766	0.0757815	0.0549541	0.033184	0.0026396	-0.0441027	-0.113813	-0.205604	-0.304599	-0.405606	-0.494475	-0.563981	-0.61139	-0.642818	-0.653441	-0.645987	-0.602758	-0.525492	-0.42401	-0.301216	-0.146886	0.0259078	0.208571	0.372855	0.500886	0.580401	0.614712	0.597757	0.545153	0.473139	0.376245	0.25575	0.132348	0.00475493	-0.117384	-0.21771	-0.291309	-0.348959	-0.386407	-0.414236	-0.4399	-0.468879	-0.489957	-0.50584	-0.519907	-0.529779	-0.52997	-0.521009	
0.0208818	0.0208818	0.0141995	0.000546911	-0.00190362	0.00438045	-0.00456352	-0.0317064	-0.0890314	-0.17622	-0.279192	-0.384551	-0.494345	-0.588916	-0.660757	-0.706416	-0.722009	-0.704327	-0.646512	-0.537427	-0.397072	-0.231418	-0.0440239	0.150264	0.337277	0.500886	0.614091	0.678441	0.697305	0.673238	0.614855	0.536553	0.442725	0.331262	0.207507	0.0835607	-0.0334733	-0.137272	-0.223582	-0.294427	-0.341752	-0.37536	-0.40754	-0.441979	-0.477868	-0.502803	-0.531588	-0.558921	-0.573949	-0.589477	
-0.0547766	-0.0547766	-0.0491671	-0.0432698	-0.0270416	-0.010237	-0.00275295	-0.0203274	-0.0700001	-0.155897	-0.261122	-0.379608	-0.501526	-0.62131	-0.718556	-0.782677	-0.7995	-0.767005	-0.689662	-0.553434	-0.378206	-0.175572	0.0405305	0.251608	0.431489	0.580401	0.678441	0.731682	0.740422	0.706725	0.643574	0.567937	0.482384	0.375484	0.254186	0.133605	0.0237249	-0.0795225	-0.175243	-0.252673	-0.303169	-0.332328	-0.359072	-0.388265	-0.428176	-0.455443	-0.486902	-0.520011	-0.55243	-0.589094	
-0.0904921	-0.0904921	-0.0784407	-0.0595873	-0.0221382	0.00903897	0.0179966	-0.000485058	-0.0547802	-0.144981	-0.257029	-0.389396	-0.53093	-0.672988	-0.791881	-0.869747	-0.887616	-0.841918	-0.74534	-0.586308	-0.378397	-0.141948	0.0994443	0.316456	0.486222	0.614712	0.697305	0.740422	0.742279	0.701175	0.639784	0.574771	0.490399	0.38565	0.27655	0.164424	0.0571105	-0.0431806	-0.137569	-0.213406	-0.266961	-0.292502	-0.308582	-0.326126	-0.34902	-0.37274	-0.402414	-0.433274	-0.474366	-0.525907	
-0.0823525	-0.0823525	-0.0591678	-0.0266735	0.0229286	0.0602237	0.0635882	0.0394132	-0.0288283	-0.132152	-0.261037	-0.410994	-0.571773	-0.733808	-0.872796	-0.964244	-0.98336	-0.929506	-0.817256	-0.642863	-0.406662	-0.143377	0.118662	0.334007	0.489305	0.597757	0.673238	0.706725	0.701175	0.669396	0.619887	0.554062	0.466786	0.368223	0.268127	0.165821	0.0702101	-0.0234451	-0.112207	-0.186778	-0.24242	-0.270308	-0.277464	-0.282943	-0.282281	-0.28617	-0.297615	-0.320294	-0.361695	-0.424636	
-0.0140672	-0.0140672	0.0143712	0.052542	0.100622	0.128595	0.119915	0.0870136	0.0107867	-0.101263	-0.246877	-0.419886	-0.60669	-0.793578	-0.953266	-1.05654	-1.07774	-1.02047	-0.899562	-0.711414	-0.457834	-0.184802	0.0799466	0.291929	0.443915	0.545153	0.614855	0.643574	0.639784	0.619887	0.578648	0.509269	0.421814	0.332166	0.238496	0.145177	0.0601786	-0.0259751	-0.110695	-0.185766	-0.244038	-0.278116	-0.283493	-0.276746	-0.254236	-0.230681	-0.211022	-0.210881	-0.23713	-0.294923	
0.120713	0.120713	0.138523	0.167399	0.206549	0.218587	0.194524	0.143245	0.0632743	-0.0515176	-0.207956	-0.406723	-0.617383	-0.827574	-1.00438	-1.12283	-1.15728	-1.10516	-0.979461	-0.786087	-0.536145	-0.262015	-0.00143992	0.209459	0.36495	0.473139	0.536553	0.567937	0.574771	0.554062	0.509269	0.448824	0.36844	0.28267	0.200581	0.115784	0.0339667	-0.0487092	-0.138155	-0.222533	-0.287776	-0.321784	-0.329937	-0.310682	-0.262564	-0.203483	-0.15513	-0.121723	-0.118723	-0.146976	
0.293218	0.293218	0.302637	0.320955	0.343308	0.338015	0.299147	0.229412	0.134527	0.00671905	-0.162607	-0.371425	-0.588743	-0.809359	-1.00475	-1.14495	-1.2002	-1.16352	-1.04548	-0.857195	-0.621244	-0.357063	-0.105398	0.104712	0.260854	0.376245	0.442725	0.482384	0.490399	0.466786	0.421814	0.36844	0.296937	0.217813	0.143432	0.071218	-0.00555213	-0.0944822	-0.194411	-0.29007	-0.362239	-0.399181	-0.405955	-0.365796	-0.291124	-0.188569	-0.0988674	-0.0311759	0.00211912	0.00357597	
0.490516	0.490516	0.492525	0.498376	0.501593	0.479201	0.419921	0.333871	0.224401	0.0851877	-0.0969609	-0.309982	-0.534983	-0.75707	-0.960937	-1.11319	-1.18961	-1.17636	-1.07845	-0.903997	-0.686394	-0.444992	-0.212918	-0.0162353	0.137773	0.25575	0.331262	0.375484	0.38565	0.368223	0.332166	0.28267	0.217813	0.145907	0.0714836	0.000661189	-0.0797508	-0.174811	-0.281094	-0.382474	-0.457243	-0.495369	-0.486043	-0.418003	-0.3114	-0.167458	-0.0367682	0.0658409	0.137303	0.169261	
0.6919	0.6919	0.677381	0.663349	0.646918	0.607229	0.529802	0.431793	0.316928	0.174534	-0.0164759	-0.239644	-0.468328	-0.683815	-0.879854	-1.03561	-1.12499	-1.1335	-1.05356	-0.907958	-0.724175	-0.52105	-0.31959	-0.144844	0.0108155	0.132348	0.207507	0.254186	0.27655	0.268127	0.238496	0.200581	0.143432	0.0714836	-0.00652989	-0.0944757	-0.195568	-0.299937	-0.404082	-0.506114	-0.573861	-0.596527	-0.563188	-0.471031	-0.324298	-0.144594	0.0281684	0.170108	0.279685	0.348807	
0.851672	0.851672	0.82548	0.791386	0.752526	0.690765	0.609204	0.506513	0.388661	0.23851	0.048668	-0.173752	-0.384336	-0.583399	-0.767403	-0.92245	-1.01498	-1.03776	-0.98095	-0.87103	-0.733449	-0.582127	-0.420493	-0.264467	-0.114411	0.00475493	0.0835607	0.133605	0.164424	0.165821	0.145177	0.115784	0.071218	0.000661189	-0.0944757	-0.215401	-0.346325	-0.467448	-0.577497	-0.666359	-0.715488	-0.713306	-0.652138	-0.530638	-0.345585	-0.130011	0.0852954	0.270491	0.40881	0.505855	
0.952376	0.952376	0.917924	0.862588	0.800814	0.724169	0.634518	0.536678	0.426741	0.279783	0.097451	-0.106112	-0.297681	-0.473807	-0.633587	-0.774105	-0.86505	-0.895349	-0.869523	-0.801641	-0.711516	-0.612005	-0.496284	-0.363611	-0.231052	-0.117384	-0.0334733	0.0237249	0.0571105	0.0702101	0.0601786	0.0339667	-0.00555213	-0.0797508	-0.195568	-0.346325	-0.509397	-0.658793	-0.779644	-0.851918	-0.877807	-0.84654	-0.75215	-0.593156	-0.37505	-0.123796	0.120399	0.334924	0.506005	0.625811	
0.989541	0.989541	0.947195	0.881784	0.807032	0.717804	0.616667	0.522884	0.423061	0.297075	0.136594	-0.0409742	-0.207755	-0.349468	-0.484258	-0.603954	-0.68591	-0.724747	-0.729167	-0.701143	-0.660246	-0.608829	-0.533595	-0.434694	-0.323452	-0.21771	-0.137272	-0.0795225	-0.0431806	-0.0234451	-0.0259751	-0.0487092	-0.0944822	-0.174811	-0.299937	-0.467448	-0.658793	-0.835174	-0.965478	-1.02836	-1.02747	-0.968118	-0.843517	-0.652965	-0.40757	-0.131679	0.135874	0.370179	0.564649	0.70938	
0.959633	0.959633	0.920048	0.851116	0.765146	0.667093	0.565896	0.477248	0.390759	0.282914	0.150541	0.0108518	-0.11461	-0.22021	-0.324263	-0.423214	-0.494236	-0.537593	-0.566591	-0.576223	-0.577195	-0.567411	-0.533257	-0.468958	-0.383435	-0.291309	-0.223582	-0.175243	-0.137569	-0.112207	-0.110695	-0.138155	-0.194411	-0.281094	-0.404082	-0.577497	-0.779644	-0.965478	-1.09286	-1.14662	-1.12567	-1.04273	-0.897338	-0.686587	-0.426354	-0.134038	0.147151	0.390185	0.593147	0.751216	
0.874952	0.874952	0.835054	0.766171	0.674266	0.574011	0.481	0.404801	0.333472	0.249453	0.1443	0.0447764	-0.0385463	-0.10734	-0.177837	-0.242806	-0.297244	-0.338638	-0.386546	-0.435253	-0.479513	-0.508689	-0.507541	-0.47235	-0.41361	-0.348959	-0.294427	-0.252673	-0.213406	-0.186778	-0.185766	-0.222533	-0.29007	-0.382474	-0.506114	-0.666359	-0.851918	-1.02836	-1.14662	-1.18484	-1.14643	-1.04532	-0.885293	-0.670874	-0.409619	-0.119709	0.159327	0.396473	0.598289	0.756223	
0.724109	0.724109	0.68917	0.62392	0.54335	0.455366	0.36786	0.300548	0.249143	0.189411	0.121077	0.0632209	0.0209203	-0.0124571	-0.0453211	-0.0769145	-0.107777	-0.147204	-0.210348	-0.294377	-0.378756	-0.440753	-0.47205	-0.469406	-0.433813	-0.386407	-0.341752	-0.303169	-0.266961	-0.24242	-0.244038	-0.287776	-0.362239	-0.457243	-0.573861	-0.715488	-0.877807	-1.02747	-1.12567	-1.14643	-1.09046	-0.972627	-0.806771	-0.598968	-0.352849	-0.0824805	0.179398	0.402327	0.593959	0.736852	
0.514201	0.514201	0.488799	0.440429	0.377536	0.307743	0.239218	0.188633	0.150835	0.119077	0.0881099	0.0710462	0.0730258	0.08128	0.0798965	0.0727008	0.0576703	0.0195569	-0.0529335	-0.163749	-0.28143	-0.376856	-0.438918	-0.464751	-0.446495	-0.414236	-0.37536	-0.332328	-0.292502	-0.270308	-0.278116	-0.321784	-0.399181	-0.495369	-0.596527	-0.713306	-0.84654	-0.968118	-1.04273	-1.04532	-0.972627	-0.842357	-0.671615	-0.47856	-0.257318	-0.0168218	0.219188	0.42091	0.584594	0.707936	
0.273984	0.273984	0.260454	0.235716	0.198651	0.155815	0.117562	0.0865918	0.0676104	0.062004	0.0642158	0.0904003	0.13697	0.176192	0.202924	0.212206	0.198383	0.15667	0.0719008	-0.0543372	-0.195289	-0.320733	-0.410139	-0.456616	-0.461242	-0.4399	-0.40754	-0.359072	-0.308582	-0.277464	-0.283493	-0.329937	-0.405955	-0.486043	-0.563188	-0.652138	-0.75215	-0.843517	-0.897338	-0.885293	-0.806771	-0.671615	-0.505278	-0.324084	-0.125949	0.081339	0.282543	0.462778	0.594805	0.690093	
0.035289	0.035289	0.0283414	0.0265178	0.0266419	0.0187406	0.0115759	0.00441019	0.00651529	0.0272066	0.0652119	0.126347	0.208824	0.280418	0.330908	0.341826	0.315417	0.260743	0.165662	0.0318409	-0.117156	-0.261572	-0.372373	-0.440296	-0.471246	-0.468879	-0.441979	-0.388265	-0.326126	-0.282943	-0.276746	-0.310682	-0.365796	-0.418003	-0.471031	-0.530638	-0.593156	-0.652965	-0.686587	-0.670874	-0.598968	-0.47856	-0.324084	-0.151787	0.0334758	0.221626	0.391016	0.534122	0.634573	0.696348	
-0.181825	-0.181825	-0.175732	-0.161789	-0.131612	-0.104477	-0.0827671	-0.0606307	-0.0310602	0.0148617	0.0851306	0.172694	0.283308	0.384726	0.446398	0.454813	0.41849	0.347167	0.243756	0.109177	-0.0444883	-0.200066	-0.32898	-0.414781	-0.468102	-0.489957	-0.477868	-0.428176	-0.34902	-0.282281	-0.254236	-0.262564	-0.291124	-0.3114	-0.324298	-0.345585	-0.37505	-0.40757	-0.426354	-0.409619	-0.352849	-0.257318	-0.125949	0.0334758	0.207211	0.381632	0.529421	0.635039	0.695785	0.715772	
-0.354419	-0.354419	-0.336303	-0.302859	-0.252785	-0.201861	-0.154724	-0.107686	-0.0557299	0.0137421	0.109279	0.220027	0.351168	0.475235	0.548329	0.555386	0.508821	0.419581	0.311704	0.182851	0.0295294	-0.130645	-0.274793	-0.385397	-0.464101	-0.50584	-0.502803	-0.455443	-0.37274	-0.28617	-0.230681	-0.203483	-0.188569	-0.167458	-0.144594	-0.130011	-0.123796	-0.131679	-0.134038	-0.119709	-0.0824805	-0.0168218	0.081339	0.221626	0.381632	0.538192	0.667775	0.740332	0.75811	0.735144	
-0.472847	-0.472847	-0.451476	-0.403795	-0.337702	-0.269885	-0.207211	-0.148092	-0.0762414	0.0139565	0.123605	0.25246	0.399075	0.539229	0.627767	0.636751	0.576785	0.480707	0.376947	0.258399	0.109065	-0.0514092	-0.215058	-0.354701	-0.455942	-0.519907	-0.531588	-0.486902	-0.402414	-0.297615	-0.211022	-0.15513	-0.0988674	-0.0367682	0.0281684	0.0852954	0.120399	0.135874	0.147151	0.159327	0.179398	0.219188	0.282543	0.391016	0.529421	0.667775	0.769803	0.809487	0.789147	0.726672	
-0.541266	-0.541266	-0.517538	-0.465251	-0.393291	-0.318806	-0.251983	-0.184848	-0.0978703	0.00653608	0.121733	0.260139	0.418424	0.567385	0.664193	0.678576	0.621423	0.533383	0.436595	0.324225	0.18768	0.0311636	-0.143626	-0.310831	-0.440537	-0.529779	-0.558921	-0.520011	-0.433274	-0.320294	-0.210881	-0.121723	-0.0311759	0.0658409	0.170108	0.270491	0.334924	0.370179	0.390185	0.396473	0.402327	0.42091	0.462778	0.534122	0.635039	0.740332	0.809487	0.821159	0.774463	0.687893	
-0.569089	-0.569089	-0.540929	-0.493791	-0.431297	-0.364919	-0.30052	-0.227911	-0.132581	-0.0209526	0.103841	0.244256	0.403967	0.553308	0.654421	0.674079	0.628413	0.552122	0.471086	0.376645	0.257521	0.102914	-0.0751613	-0.261108	-0.42225	-0.52997	-0.573949	-0.55243	-0.474366	-0.361695	-0.23713	-0.118723	0.00211912	0.137303	0.279685	0.40881	0.506005	0.564649	0.593147	0.598289	0.593959	0.584594	0.594805	0.634573	0.695785	0.75811	0.789147	0.774463	0.714377	0.622778	
-0.568044	-0.568044	-0.548525	-0.515825	-0.470379	-0.422113	-0.368223	-0.295082	-0.193289	-0.0745734	0.058677	0.19839	0.350555	0.494995	0.593222	0.614506	0.583476	0.530239	0.468951	0.392768	0.291067	0.153686	-0.0198445	-0.215573	-0.394719	-0.521009	-0.589477	-0.589094	-0.525907	-0.424636	-0.294923	-0.146976	0.00357597	0.169261	0.348807	0.505855	0.625811	0.70938	0.751216	0.756223	0.736852	0.707936	0.690093	0.696348	0.715772	0.735144	0.726672	0.687893	0.622778	0.529729	
