1.75551e-05	1.75551e-05	0.00158162	0.0420128	0.0148059	0.000520311	
1.75551e-05	1.75551e-05	0.00158162	0.0420128	0.0148059	0.000520311	
0.00158162	0.00158162	0.0826198	1.11095	0.426077	0.0277047	
0.0420128	0.0420128	1.11095	2.65351	1.76479	0.386756	
0.0148059	0.0148059	0.426077	1.76479	0.837825	0.0795374	
0.000520311	0.000520311	0.0277047	0.386756	0.0795374	0.00397353	
