1.30879	1.21659	1.11422	1.01119	0.912633	0.828013	0.723122	0.593986	0.448177	0.308667	0.19075	0.0784897	-0.0261097	-0.120635	-0.202437	-0.279341	-0.348892	-0.402287	-0.432303	-0.425015	-0.397003	-0.356356	-0.306721	-0.260517	-0.211736	-0.16312	-0.114385	-0.0806068	-0.0732557	-0.0934069	-0.143119	-0.191502	-0.226535	-0.254937	-0.272389	-0.266496	-0.219814	-0.159113	-0.107295	-0.0582309	0.00814888	0.0980619	0.20308	0.306563	0.386179	0.445221	0.482994	0.5095	0.521173	0.521173	
1.21659	1.0971	0.963623	0.837907	0.732514	0.648576	0.548067	0.42536	0.288438	0.165352	0.0705395	-0.0129799	-0.091125	-0.168749	-0.249983	-0.334233	-0.420912	-0.491499	-0.525385	-0.511092	-0.47086	-0.406937	-0.3232	-0.236544	-0.140434	-0.0551347	0.0234441	0.0734711	0.0780061	0.0377062	-0.0323221	-0.100866	-0.156762	-0.202948	-0.247802	-0.27353	-0.257159	-0.219781	-0.185069	-0.142783	-0.0821961	0.00176894	0.101704	0.19515	0.266988	0.312161	0.333357	0.346687	0.347545	0.347545	
1.11422	0.963623	0.80256	0.663893	0.557819	0.46611	0.365164	0.245055	0.11239	-0.00102153	-0.0773984	-0.127579	-0.171976	-0.224302	-0.291143	-0.373801	-0.462199	-0.536336	-0.568222	-0.552631	-0.503727	-0.426145	-0.319815	-0.199295	-0.0743574	0.0346368	0.135367	0.194332	0.19073	0.142925	0.0646118	-0.0168523	-0.0846867	-0.149431	-0.214924	-0.259917	-0.273021	-0.257188	-0.232963	-0.193215	-0.137171	-0.0670672	0.015442	0.0897689	0.14675	0.173805	0.179128	0.177552	0.169399	0.169399	
1.01119	0.837907	0.663893	0.519392	0.403747	0.298244	0.186915	0.0668782	-0.0539783	-0.15182	-0.208737	-0.233476	-0.244506	-0.268886	-0.316304	-0.389652	-0.468809	-0.535006	-0.564629	-0.551614	-0.499985	-0.417285	-0.298429	-0.162915	-0.024887	0.104634	0.215084	0.277121	0.269323	0.21977	0.139355	0.0527267	-0.0288975	-0.106774	-0.176847	-0.231889	-0.263343	-0.267032	-0.250593	-0.214842	-0.164335	-0.115485	-0.062007	-0.0108601	0.0224095	0.0331051	0.0245465	0.00679562	-0.0088408	-0.0088408	
0.912633	0.732514	0.557819	0.403747	0.271307	0.148597	0.0314042	-0.0843844	-0.187131	-0.265553	-0.304209	-0.310445	-0.296062	-0.294334	-0.322556	-0.37352	-0.432161	-0.479255	-0.503903	-0.49324	-0.442091	-0.356179	-0.244446	-0.115522	0.0138794	0.143987	0.251302	0.308375	0.310404	0.26883	0.197847	0.106734	0.0111219	-0.0713563	-0.13942	-0.194925	-0.232546	-0.251446	-0.244797	-0.215545	-0.179492	-0.155005	-0.134394	-0.113693	-0.105298	-0.110033	-0.131351	-0.161448	-0.185768	-0.185768	
0.828013	0.648576	0.46611	0.298244	0.148597	0.01633	-0.105844	-0.212328	-0.289483	-0.341875	-0.365431	-0.351284	-0.317184	-0.292218	-0.296537	-0.322464	-0.352672	-0.376097	-0.389953	-0.377315	-0.324089	-0.244455	-0.152016	-0.0483955	0.0593845	0.17116	0.259645	0.306944	0.315927	0.287264	0.226449	0.133448	0.0376286	-0.0367228	-0.0979747	-0.145738	-0.184171	-0.214638	-0.21803	-0.202719	-0.186804	-0.185923	-0.20085	-0.217013	-0.236689	-0.261532	-0.293572	-0.331007	-0.361814	-0.361814	
0.723122	0.548067	0.365164	0.186915	0.0314042	-0.105844	-0.223525	-0.311292	-0.362122	-0.389255	-0.393856	-0.365046	-0.316136	-0.271359	-0.246643	-0.241208	-0.239246	-0.237788	-0.238432	-0.218712	-0.167606	-0.0993823	-0.0289894	0.0431787	0.118322	0.197412	0.257866	0.288924	0.302826	0.284317	0.228604	0.141684	0.0574714	-0.00337942	-0.0520944	-0.0929912	-0.133266	-0.16741	-0.189383	-0.193769	-0.199427	-0.223218	-0.265242	-0.313858	-0.361702	-0.407314	-0.44479	-0.488741	-0.517262	-0.517262	
0.593986	0.42536	0.245055	0.0668782	-0.0843844	-0.212328	-0.311292	-0.375914	-0.405448	-0.407989	-0.390823	-0.349705	-0.288237	-0.222452	-0.17055	-0.139899	-0.109433	-0.0831247	-0.0680588	-0.0420545	-0.000749713	0.0507579	0.101073	0.142489	0.186698	0.231453	0.25864	0.272432	0.275321	0.257695	0.205797	0.130265	0.0663669	0.0210555	-0.0181489	-0.057419	-0.0967421	-0.134121	-0.167395	-0.189388	-0.218581	-0.262701	-0.326774	-0.403335	-0.472241	-0.53224	-0.570523	-0.602374	-0.623308	-0.623308	
0.448177	0.288438	0.11239	-0.0539783	-0.187131	-0.289483	-0.362122	-0.405448	-0.41153	-0.391789	-0.361203	-0.311023	-0.237484	-0.15564	-0.0858778	-0.029805	0.0239077	0.07025	0.102167	0.13024	0.158391	0.194578	0.226126	0.23767	0.250086	0.261497	0.259172	0.251854	0.238503	0.217905	0.172992	0.112727	0.0675115	0.0342952	-0.00294614	-0.0440654	-0.0887865	-0.130717	-0.169718	-0.209856	-0.252445	-0.312779	-0.385444	-0.46846	-0.55202	-0.612889	-0.648412	-0.666703	-0.675504	-0.675504	
0.308667	0.165352	-0.00102153	-0.15182	-0.265553	-0.341875	-0.389255	-0.407989	-0.391789	-0.358432	-0.313242	-0.253779	-0.174617	-0.0794643	0.000318482	0.0734631	0.147019	0.212748	0.263044	0.285762	0.307138	0.330648	0.334218	0.324527	0.306461	0.289967	0.261691	0.225302	0.196904	0.17104	0.139435	0.0981387	0.0668711	0.0401847	0.000527746	-0.0489486	-0.103351	-0.152654	-0.19587	-0.245167	-0.302063	-0.3689	-0.44311	-0.523141	-0.602847	-0.65887	-0.683707	-0.686941	-0.687019	-0.687019	
0.19075	0.0705395	-0.0773984	-0.208737	-0.304209	-0.365431	-0.393856	-0.390823	-0.361203	-0.313242	-0.257226	-0.186381	-0.0976417	-0.000669533	0.0851287	0.165071	0.249745	0.325201	0.379467	0.407272	0.426915	0.436591	0.422845	0.390731	0.353584	0.315279	0.266309	0.208537	0.166884	0.144737	0.121596	0.0949462	0.0726523	0.0453191	0.00371208	-0.0529765	-0.119048	-0.177323	-0.229706	-0.288795	-0.357855	-0.432811	-0.501809	-0.572451	-0.640842	-0.683024	-0.697733	-0.693962	-0.692153	-0.692153	
0.0784897	-0.0129799	-0.127579	-0.233476	-0.310445	-0.351284	-0.365046	-0.349705	-0.311023	-0.253779	-0.186381	-0.111361	-0.0128959	0.0799908	0.163145	0.240826	0.321482	0.396957	0.450454	0.486262	0.504573	0.503725	0.476713	0.429062	0.38412	0.335326	0.275782	0.213899	0.172165	0.153742	0.134647	0.116094	0.0928778	0.0576532	0.0125114	-0.0556858	-0.131604	-0.202879	-0.27109	-0.339133	-0.421001	-0.49826	-0.560981	-0.618878	-0.669435	-0.698382	-0.703639	-0.702786	-0.706168	-0.706168	
-0.0261097	-0.091125	-0.171976	-0.244506	-0.296062	-0.317184	-0.316136	-0.288237	-0.237484	-0.174617	-0.0976417	-0.0128959	0.0809289	0.165423	0.239007	0.304738	0.367298	0.433914	0.481887	0.514341	0.527642	0.522447	0.493694	0.444676	0.404708	0.356251	0.30284	0.250363	0.214052	0.194732	0.174322	0.154891	0.126512	0.0823862	0.0221979	-0.0554824	-0.145067	-0.237384	-0.321683	-0.403812	-0.4913	-0.565082	-0.617263	-0.658047	-0.690584	-0.705827	-0.708351	-0.71218	-0.724057	-0.724057	
-0.120635	-0.168749	-0.224302	-0.268886	-0.294334	-0.292218	-0.271359	-0.222452	-0.15564	-0.0794643	-0.000669533	0.0799908	0.165423	0.242658	0.302451	0.353549	0.407558	0.4619	0.498456	0.52151	0.53315	0.52809	0.507701	0.463552	0.423403	0.378525	0.338686	0.300837	0.272435	0.253651	0.228632	0.206782	0.169596	0.110848	0.031522	-0.0613058	-0.167876	-0.280545	-0.384885	-0.482217	-0.570289	-0.639677	-0.675749	-0.69414	-0.707692	-0.707199	-0.705488	-0.709323	-0.722142	-0.722142	
-0.202437	-0.249983	-0.291143	-0.316304	-0.322556	-0.296537	-0.246643	-0.17055	-0.0858778	0.000318482	0.0851287	0.163145	0.239007	0.302451	0.354453	0.399876	0.450388	0.492344	0.517753	0.528555	0.536657	0.54269	0.533861	0.494862	0.456493	0.420244	0.38814	0.361463	0.334404	0.309793	0.27908	0.251209	0.207645	0.134813	0.0381732	-0.0748078	-0.200824	-0.334664	-0.459851	-0.569589	-0.659058	-0.716115	-0.732225	-0.725682	-0.714743	-0.701523	-0.692527	-0.687878	-0.694747	-0.694747	
-0.279341	-0.334233	-0.373801	-0.389652	-0.37352	-0.322464	-0.241208	-0.139899	-0.029805	0.0734631	0.165071	0.240826	0.304738	0.353549	0.399876	0.447238	0.492929	0.517541	0.524191	0.524952	0.533803	0.553566	0.559428	0.539586	0.511134	0.482462	0.456478	0.431167	0.399586	0.366808	0.32709	0.283654	0.228442	0.139455	0.0214802	-0.112341	-0.254989	-0.399581	-0.53503	-0.65118	-0.736615	-0.782359	-0.780907	-0.750436	-0.718573	-0.688302	-0.664723	-0.645639	-0.637223	-0.637223	
-0.348892	-0.420912	-0.462199	-0.468809	-0.432161	-0.352672	-0.239246	-0.109433	0.0239077	0.147019	0.249745	0.321482	0.367298	0.407558	0.450388	0.492929	0.518122	0.518764	0.510394	0.507678	0.524956	0.55495	0.576975	0.581731	0.566953	0.547612	0.526724	0.50271	0.471638	0.426353	0.369142	0.301264	0.222386	0.115367	-0.023674	-0.173818	-0.322493	-0.46565	-0.597616	-0.712545	-0.789948	-0.823339	-0.810509	-0.763369	-0.713498	-0.665987	-0.626362	-0.592727	-0.57128	-0.57128	
-0.402287	-0.491499	-0.536336	-0.535006	-0.479255	-0.376097	-0.237788	-0.0831247	0.07025	0.212748	0.325201	0.396957	0.433914	0.4619	0.492344	0.517541	0.518764	0.503649	0.496059	0.502984	0.523784	0.554936	0.58943	0.617031	0.615509	0.602914	0.584809	0.560241	0.526849	0.467572	0.390806	0.301556	0.202504	0.0782533	-0.075083	-0.237884	-0.384084	-0.517344	-0.640067	-0.743069	-0.813487	-0.834982	-0.818822	-0.769322	-0.704417	-0.643491	-0.588381	-0.543615	-0.515713	-0.515713	
-0.432303	-0.525385	-0.568222	-0.564629	-0.503903	-0.389953	-0.238432	-0.0680588	0.102167	0.263044	0.379467	0.450454	0.481887	0.498456	0.517753	0.524191	0.510394	0.496059	0.497512	0.521778	0.548368	0.575259	0.614538	0.645393	0.646579	0.62797	0.606603	0.585751	0.545884	0.477317	0.387813	0.285815	0.174963	0.0408593	-0.117433	-0.279322	-0.415015	-0.532114	-0.641011	-0.736065	-0.79916	-0.821682	-0.813029	-0.768978	-0.703875	-0.631561	-0.56631	-0.51825	-0.487059	-0.487059	
-0.425015	-0.511092	-0.552631	-0.551614	-0.49324	-0.377315	-0.218712	-0.0420545	0.13024	0.285762	0.407272	0.486262	0.514341	0.52151	0.528555	0.524952	0.507678	0.502984	0.521778	0.558978	0.585792	0.601582	0.627121	0.6495	0.643509	0.621369	0.597419	0.574961	0.531105	0.450719	0.3582	0.255328	0.143035	0.0117192	-0.141784	-0.289805	-0.407298	-0.505206	-0.595657	-0.68155	-0.743904	-0.772634	-0.780938	-0.755245	-0.704117	-0.640942	-0.578862	-0.535403	-0.506072	-0.506072	
-0.397003	-0.47086	-0.503727	-0.499985	-0.442091	-0.324089	-0.167606	-0.000749713	0.158391	0.307138	0.426915	0.504573	0.527642	0.53315	0.536657	0.533803	0.524956	0.523784	0.548368	0.585792	0.605748	0.60207	0.608019	0.620877	0.612949	0.593895	0.57181	0.548095	0.497115	0.410112	0.316356	0.218567	0.113011	-0.0090798	-0.150015	-0.277937	-0.37323	-0.449964	-0.518536	-0.592341	-0.653448	-0.689703	-0.713393	-0.714543	-0.695621	-0.664783	-0.629472	-0.598606	-0.577479	-0.577479	
-0.356356	-0.406937	-0.426145	-0.417285	-0.356179	-0.244455	-0.0993823	0.0507579	0.194578	0.330648	0.436591	0.503725	0.522447	0.52809	0.54269	0.553566	0.55495	0.554936	0.575259	0.601582	0.60207	0.580215	0.568929	0.572137	0.567851	0.55349	0.532214	0.509061	0.455029	0.36616	0.272704	0.181109	0.0868238	-0.0241637	-0.143675	-0.244882	-0.31664	-0.366	-0.415519	-0.479166	-0.537586	-0.586597	-0.625638	-0.656136	-0.685253	-0.701228	-0.704378	-0.695928	-0.682238	-0.682238	
-0.306721	-0.3232	-0.319815	-0.298429	-0.244446	-0.152016	-0.0289894	0.101073	0.226126	0.334218	0.422845	0.476713	0.493694	0.507701	0.533861	0.559428	0.576975	0.58943	0.614538	0.627121	0.608019	0.568929	0.534444	0.524965	0.513193	0.497379	0.474416	0.449195	0.395971	0.307821	0.219807	0.13896	0.0643283	-0.0227463	-0.111004	-0.180307	-0.225727	-0.25877	-0.297592	-0.353836	-0.41904	-0.475584	-0.533358	-0.597393	-0.671316	-0.742643	-0.787076	-0.805069	-0.80371	-0.80371	
-0.260517	-0.236544	-0.199295	-0.162915	-0.115522	-0.0483955	0.0431787	0.142489	0.23767	0.324527	0.390731	0.429062	0.444676	0.463552	0.494862	0.539586	0.581731	0.617031	0.645393	0.6495	0.620877	0.572137	0.524965	0.491573	0.45876	0.423742	0.393822	0.363852	0.316673	0.243488	0.166641	0.103124	0.0477573	-0.0114243	-0.0645767	-0.0987337	-0.121233	-0.142885	-0.177617	-0.23209	-0.298421	-0.368978	-0.444196	-0.538869	-0.654886	-0.768471	-0.855849	-0.903699	-0.920071	-0.920071	
-0.211736	-0.140434	-0.0743574	-0.024887	0.0138794	0.0593845	0.118322	0.186698	0.250086	0.306461	0.353584	0.38412	0.404708	0.423403	0.456493	0.511134	0.566953	0.615509	0.646579	0.643509	0.612949	0.567851	0.513193	0.45876	0.404633	0.354517	0.313143	0.273983	0.229423	0.168628	0.102853	0.0550597	0.0180105	-0.0123388	-0.0233743	-0.0222855	-0.0190682	-0.0292741	-0.0569092	-0.102905	-0.171465	-0.253835	-0.354124	-0.480806	-0.628348	-0.77712	-0.900808	-0.979563	-1.01775	-1.01775	
-0.16312	-0.0551347	0.0346368	0.104634	0.143987	0.17116	0.197412	0.231453	0.261497	0.289967	0.315279	0.335326	0.356251	0.378525	0.420244	0.482462	0.547612	0.602914	0.62797	0.621369	0.593895	0.55349	0.497379	0.423742	0.354517	0.288238	0.232756	0.182401	0.135068	0.0874155	0.0351558	0.00136111	-0.0172456	-0.0164837	0.0122736	0.0473461	0.072795	0.0757275	0.0570139	0.0187685	-0.0514122	-0.149103	-0.273448	-0.424631	-0.594147	-0.765198	-0.915284	-1.02497	-1.08118	-1.08118	
-0.114385	0.0234441	0.135367	0.215084	0.251302	0.259645	0.257866	0.25864	0.259172	0.261691	0.266309	0.275782	0.30284	0.338686	0.38814	0.456478	0.526724	0.584809	0.606603	0.597419	0.57181	0.532214	0.474416	0.393822	0.313143	0.232756	0.158968	0.0879499	0.0338853	-0.00420115	-0.0359064	-0.0463367	-0.0386647	-0.00122447	0.0594356	0.120969	0.16254	0.176408	0.169421	0.134031	0.0575455	-0.0599124	-0.209076	-0.383803	-0.569031	-0.751425	-0.917861	-1.04145	-1.10903	-1.10903	
-0.0806068	0.0734711	0.194332	0.277121	0.308375	0.306944	0.288924	0.272432	0.251854	0.225302	0.208537	0.213899	0.250363	0.300837	0.361463	0.431167	0.50271	0.560241	0.585751	0.574961	0.548095	0.509061	0.449195	0.363852	0.273983	0.182401	0.0879499	0.0012615	-0.0578842	-0.0848599	-0.0906354	-0.0690488	-0.0285434	0.0404916	0.125284	0.197701	0.243542	0.26026	0.256807	0.218518	0.132675	0.00247232	-0.164223	-0.35314	-0.544887	-0.731265	-0.899715	-1.02538	-1.09499	-1.09499	
-0.0732557	0.0780061	0.19073	0.269323	0.310404	0.315927	0.302826	0.275321	0.238503	0.196904	0.166884	0.172165	0.214052	0.272435	0.334404	0.399586	0.471638	0.526849	0.545884	0.531105	0.497115	0.455029	0.395971	0.316673	0.229423	0.135068	0.0338853	-0.0578842	-0.117968	-0.133586	-0.112761	-0.0642916	0.00725626	0.0978759	0.194043	0.267207	0.301425	0.31276	0.300907	0.256079	0.168641	0.0330668	-0.136028	-0.32502	-0.513868	-0.688716	-0.842897	-0.961771	-1.02318	-1.02318	
-0.0934069	0.0377062	0.142925	0.21977	0.26883	0.287264	0.284317	0.257695	0.217905	0.17104	0.144737	0.153742	0.194732	0.253651	0.309793	0.366808	0.426353	0.467572	0.477317	0.450719	0.410112	0.36616	0.307821	0.243488	0.168628	0.0874155	-0.00420115	-0.0848599	-0.133586	-0.141116	-0.103639	-0.0420815	0.0418442	0.145186	0.244139	0.313499	0.337248	0.333232	0.313169	0.265635	0.178561	0.0494814	-0.115812	-0.298635	-0.468376	-0.619619	-0.748056	-0.846669	-0.899958	-0.899958	
-0.143119	-0.0323221	0.0646118	0.139355	0.197847	0.226449	0.228604	0.205797	0.172992	0.139435	0.121596	0.134647	0.174322	0.228632	0.27908	0.32709	0.369142	0.390806	0.387813	0.3582	0.316356	0.272704	0.219807	0.166641	0.102853	0.0351558	-0.0359064	-0.0906354	-0.112761	-0.103639	-0.063278	-0.00463906	0.0729116	0.168149	0.264082	0.324311	0.3327	0.315148	0.285227	0.239459	0.163533	0.0487385	-0.100362	-0.25941	-0.396294	-0.511499	-0.60738	-0.688119	-0.733733	-0.733733	
-0.191502	-0.100866	-0.0168523	0.0527267	0.106734	0.133448	0.141684	0.130265	0.112727	0.0981387	0.0949462	0.116094	0.154891	0.206782	0.251209	0.283654	0.301264	0.301556	0.285815	0.255328	0.218567	0.181109	0.13896	0.103124	0.0550597	0.00136111	-0.0463367	-0.0690488	-0.0642916	-0.0420815	-0.00463906	0.0372094	0.0955944	0.172041	0.250131	0.292869	0.284852	0.253419	0.217182	0.178597	0.120419	0.0272635	-0.0911799	-0.208985	-0.299923	-0.366421	-0.425655	-0.48585	-0.521942	-0.521942	
-0.226535	-0.156762	-0.0846867	-0.0288975	0.0111219	0.0376286	0.0574714	0.0663669	0.0675115	0.0668711	0.0726523	0.0928778	0.126512	0.169596	0.207645	0.228442	0.222386	0.202504	0.174963	0.143035	0.113011	0.0868238	0.0643283	0.0477573	0.0180105	-0.0172456	-0.0386647	-0.0285434	0.00725626	0.0418442	0.0729116	0.0955944	0.121349	0.164322	0.208298	0.224756	0.203483	0.162238	0.123441	0.0922162	0.0473185	-0.0164781	-0.0942894	-0.158743	-0.185996	-0.199604	-0.214251	-0.243306	-0.266322	-0.266322	
-0.254937	-0.202948	-0.149431	-0.106774	-0.0713563	-0.0367228	-0.00337942	0.0210555	0.0342952	0.0401847	0.0453191	0.0576532	0.0823862	0.110848	0.134813	0.139455	0.115367	0.0782533	0.0408593	0.0117192	-0.0090798	-0.0241637	-0.0227463	-0.0114243	-0.0123388	-0.0164837	-0.00122447	0.0404916	0.0978759	0.145186	0.168149	0.172041	0.164322	0.161928	0.159608	0.142069	0.103627	0.0540022	0.0121695	-0.0161065	-0.0410869	-0.0715305	-0.0978213	-0.0980429	-0.0647909	-0.0229706	0.00605102	0.011934	0.00887261	0.00887261	
-0.272389	-0.247802	-0.214924	-0.176847	-0.13942	-0.0979747	-0.0520944	-0.0181489	-0.00294614	0.000527746	0.00371208	0.0125114	0.0221979	0.031522	0.0381732	0.0214802	-0.023674	-0.075083	-0.117433	-0.141784	-0.150015	-0.143675	-0.111004	-0.0645767	-0.0233743	0.0122736	0.0594356	0.125284	0.194043	0.244139	0.264082	0.250131	0.208298	0.159608	0.106827	0.0528113	-0.00255157	-0.0575381	-0.100422	-0.119913	-0.119499	-0.111405	-0.0847337	-0.0265819	0.0591129	0.148303	0.218161	0.261849	0.282107	0.282107	
-0.266496	-0.27353	-0.259917	-0.231889	-0.194925	-0.145738	-0.0929912	-0.057419	-0.0440654	-0.0489486	-0.0529765	-0.0556858	-0.0554824	-0.0613058	-0.0748078	-0.112341	-0.173818	-0.237884	-0.279322	-0.289805	-0.277937	-0.244882	-0.180307	-0.0987337	-0.0222855	0.0473461	0.120969	0.197701	0.267207	0.313499	0.324311	0.292869	0.224756	0.142069	0.0528113	-0.0281342	-0.097697	-0.159098	-0.201351	-0.206986	-0.178467	-0.125433	-0.0480095	0.0603412	0.192542	0.317117	0.421627	0.497454	0.537749	0.537749	
-0.219814	-0.257159	-0.273021	-0.263343	-0.232546	-0.184171	-0.133266	-0.0967421	-0.0887865	-0.103351	-0.119048	-0.131604	-0.145067	-0.167876	-0.200824	-0.254989	-0.322493	-0.384084	-0.415015	-0.407298	-0.37323	-0.31664	-0.225727	-0.121233	-0.0190682	0.072795	0.16254	0.243542	0.301425	0.337248	0.3327	0.284852	0.203483	0.103627	-0.00255157	-0.097697	-0.177424	-0.239884	-0.274648	-0.263682	-0.201519	-0.110163	0.0102333	0.160432	0.324773	0.481049	0.611441	0.713146	0.769909	0.769909	
-0.159113	-0.219781	-0.257188	-0.267032	-0.251446	-0.214638	-0.16741	-0.134121	-0.130717	-0.152654	-0.177323	-0.202879	-0.237384	-0.280545	-0.334664	-0.399581	-0.46565	-0.517344	-0.532114	-0.505206	-0.449964	-0.366	-0.25877	-0.142885	-0.0292741	0.0757275	0.176408	0.26026	0.31276	0.333232	0.315148	0.253419	0.162238	0.0540022	-0.0575381	-0.159098	-0.239884	-0.293685	-0.314841	-0.281923	-0.192164	-0.0674866	0.0875006	0.26868	0.457063	0.63236	0.777769	0.89398	0.959152	0.959152	
-0.107295	-0.185069	-0.232963	-0.250593	-0.244797	-0.21803	-0.189383	-0.167395	-0.169718	-0.19587	-0.229706	-0.27109	-0.321683	-0.384885	-0.459851	-0.53503	-0.597616	-0.640067	-0.641011	-0.595657	-0.518536	-0.415519	-0.297592	-0.177617	-0.0569092	0.0570139	0.169421	0.256807	0.300907	0.313169	0.285227	0.217182	0.123441	0.0121695	-0.100422	-0.201351	-0.274648	-0.314841	-0.317664	-0.265293	-0.156048	-0.00519189	0.177152	0.380222	0.58112	0.762614	0.911866	1.03011	1.0982	1.0982	
-0.0582309	-0.142783	-0.193215	-0.214842	-0.215545	-0.202719	-0.193769	-0.189388	-0.209856	-0.245167	-0.288795	-0.339133	-0.403812	-0.482217	-0.569589	-0.65118	-0.712545	-0.743069	-0.736065	-0.68155	-0.592341	-0.479166	-0.353836	-0.23209	-0.102905	0.0187685	0.134031	0.218518	0.256079	0.265635	0.239459	0.178597	0.0922162	-0.0161065	-0.119913	-0.206986	-0.263682	-0.281923	-0.265293	-0.202478	-0.0851137	0.0783239	0.273868	0.483685	0.683237	0.858239	1.00089	1.11763	1.18267	1.18267	
0.00814888	-0.0821961	-0.137171	-0.164335	-0.179492	-0.186804	-0.199427	-0.218581	-0.252445	-0.302063	-0.357855	-0.421001	-0.4913	-0.570289	-0.659058	-0.736615	-0.789948	-0.813487	-0.79916	-0.743904	-0.653448	-0.537586	-0.41904	-0.298421	-0.171465	-0.0514122	0.0575455	0.132675	0.168641	0.178561	0.163533	0.120419	0.0473185	-0.0410869	-0.119499	-0.178467	-0.201519	-0.192164	-0.156048	-0.0851137	0.0322324	0.193295	0.386171	0.585319	0.761997	0.918167	1.04467	1.14866	1.20922	1.20922	
0.0980619	0.00176894	-0.0670672	-0.115485	-0.155005	-0.185923	-0.223218	-0.262701	-0.312779	-0.3689	-0.432811	-0.49826	-0.565082	-0.639677	-0.716115	-0.782359	-0.823339	-0.834982	-0.821682	-0.772634	-0.689703	-0.586597	-0.475584	-0.368978	-0.253835	-0.149103	-0.0599124	0.00247232	0.0330668	0.0494814	0.0487385	0.0272635	-0.0164781	-0.0715305	-0.111405	-0.125433	-0.110163	-0.0674866	-0.00519189	0.0783239	0.193295	0.346633	0.520355	0.687275	0.83028	0.949313	1.05025	1.13419	1.18242	1.18242	
0.20308	0.101704	0.015442	-0.062007	-0.134394	-0.20085	-0.265242	-0.326774	-0.385444	-0.44311	-0.501809	-0.560981	-0.617263	-0.675749	-0.732225	-0.780907	-0.810509	-0.818822	-0.813029	-0.780938	-0.713393	-0.625638	-0.533358	-0.444196	-0.354124	-0.273448	-0.209076	-0.164223	-0.136028	-0.115812	-0.100362	-0.0911799	-0.0942894	-0.0978213	-0.0847337	-0.0480095	0.0102333	0.0875006	0.177152	0.273868	0.386171	0.520355	0.661988	0.785872	0.88255	0.959319	1.02504	1.08016	1.11092	1.11092	
0.306563	0.19515	0.0897689	-0.0108601	-0.113693	-0.217013	-0.313858	-0.403335	-0.46846	-0.523141	-0.572451	-0.618878	-0.658047	-0.69414	-0.725682	-0.750436	-0.763369	-0.769322	-0.768978	-0.755245	-0.714543	-0.656136	-0.597393	-0.538869	-0.480806	-0.424631	-0.383803	-0.35314	-0.32502	-0.298635	-0.25941	-0.208985	-0.158743	-0.0980429	-0.0265819	0.0603412	0.160432	0.26868	0.380222	0.483685	0.585319	0.687275	0.785872	0.862191	0.909733	0.946817	0.977856	1.001	1.01479	1.01479	
0.386179	0.266988	0.14675	0.0224095	-0.105298	-0.236689	-0.361702	-0.472241	-0.55202	-0.602847	-0.640842	-0.669435	-0.690584	-0.707692	-0.714743	-0.718573	-0.713498	-0.704417	-0.703875	-0.704117	-0.695621	-0.685253	-0.671316	-0.654886	-0.628348	-0.594147	-0.569031	-0.544887	-0.513868	-0.468376	-0.396294	-0.299923	-0.185996	-0.0647909	0.0591129	0.192542	0.324773	0.457063	0.58112	0.683237	0.761997	0.83028	0.88255	0.909733	0.920851	0.917712	0.917939	0.913916	0.908526	0.908526	
0.445221	0.312161	0.173805	0.0331051	-0.110033	-0.261532	-0.407314	-0.53224	-0.612889	-0.65887	-0.683024	-0.698382	-0.705827	-0.707199	-0.701523	-0.688302	-0.665987	-0.643491	-0.631561	-0.640942	-0.664783	-0.701228	-0.742643	-0.768471	-0.77712	-0.765198	-0.751425	-0.731265	-0.688716	-0.619619	-0.511499	-0.366421	-0.199604	-0.0229706	0.148303	0.317117	0.481049	0.63236	0.762614	0.858239	0.918167	0.949313	0.959319	0.946817	0.917712	0.885984	0.857998	0.828767	0.810855	0.810855	
0.482994	0.333357	0.179128	0.0245465	-0.131351	-0.293572	-0.44479	-0.570523	-0.648412	-0.683707	-0.697733	-0.703639	-0.708351	-0.705488	-0.692527	-0.664723	-0.626362	-0.588381	-0.56631	-0.578862	-0.629472	-0.704378	-0.787076	-0.855849	-0.900808	-0.915284	-0.917861	-0.899715	-0.842897	-0.748056	-0.60738	-0.425655	-0.214251	0.00605102	0.218161	0.421627	0.611441	0.777769	0.911866	1.00089	1.04467	1.05025	1.02504	0.977856	0.917939	0.857998	0.804828	0.757178	0.726714	0.726714	
0.5095	0.346687	0.177552	0.00679562	-0.161448	-0.331007	-0.488741	-0.602374	-0.666703	-0.686941	-0.693962	-0.702786	-0.71218	-0.709323	-0.687878	-0.645639	-0.592727	-0.543615	-0.51825	-0.535403	-0.598606	-0.695928	-0.805069	-0.903699	-0.979563	-1.02497	-1.04145	-1.02538	-0.961771	-0.846669	-0.688119	-0.48585	-0.243306	0.011934	0.261849	0.497454	0.713146	0.89398	1.03011	1.11763	1.14866	1.13419	1.08016	1.001	0.913916	0.828767	0.757178	0.694936	0.657509	0.657509	
0.521173	0.347545	0.169399	-0.0088408	-0.185768	-0.361814	-0.517262	-0.623308	-0.675504	-0.687019	-0.692153	-0.706168	-0.724057	-0.722142	-0.694747	-0.637223	-0.57128	-0.515713	-0.487059	-0.506072	-0.577479	-0.682238	-0.80371	-0.920071	-1.01775	-1.08118	-1.10903	-1.09499	-1.02318	-0.899958	-0.733733	-0.521942	-0.266322	0.00887261	0.282107	0.537749	0.769909	0.959152	1.0982	1.18267	1.20922	1.18242	1.11092	1.01479	0.908526	0.810855	0.726714	0.657509	0.615922	0.615922	
0.521173	0.347545	0.169399	-0.0088408	-0.185768	-0.361814	-0.517262	-0.623308	-0.675504	-0.687019	-0.692153	-0.706168	-0.724057	-0.722142	-0.694747	-0.637223	-0.57128	-0.515713	-0.487059	-0.506072	-0.577479	-0.682238	-0.80371	-0.920071	-1.01775	-1.08118	-1.10903	-1.09499	-1.02318	-0.899958	-0.733733	-0.521942	-0.266322	0.00887261	0.282107	0.537749	0.769909	0.959152	1.0982	1.18267	1.20922	1.18242	1.11092	1.01479	0.908526	0.810855	0.726714	0.657509	0.615922	0.615922	
