-0.175454	-0.175454	-0.176824	-0.173945	-0.173747	-0.18232	-0.183832	-0.178427	-0.184159	-0.196008	-0.179777	-0.183594	-0.202717	-0.20391	-0.205145	-0.199628	-0.213755	-0.240898	-0.247887	-0.231399	-0.234561	-0.255475	-0.297135	-0.332757	-0.343143	-0.31285	-0.295333	-0.323922	-0.411339	-0.555817	-0.751584	-0.951774	-1.09414	-1.15148	-1.11048	-0.964131	-0.688896	-0.315162	0.110562	0.532119	0.92251	1.2697	1.53167	1.67121	1.65184	1.4779	1.2068	0.890489	0.595162	0.359691	
-0.175454	-0.175454	-0.176824	-0.173945	-0.173747	-0.18232	-0.183832	-0.178427	-0.184159	-0.196008	-0.179777	-0.183594	-0.202717	-0.20391	-0.205145	-0.199628	-0.213755	-0.240898	-0.247887	-0.231399	-0.234561	-0.255475	-0.297135	-0.332757	-0.343143	-0.31285	-0.295333	-0.323922	-0.411339	-0.555817	-0.751584	-0.951774	-1.09414	-1.15148	-1.11048	-0.964131	-0.688896	-0.315162	0.110562	0.532119	0.92251	1.2697	1.53167	1.67121	1.65184	1.4779	1.2068	0.890489	0.595162	0.359691	
-0.176824	-0.176824	-0.175882	-0.177361	-0.179115	-0.179252	-0.176532	-0.173144	-0.184617	-0.192083	-0.189199	-0.196058	-0.20017	-0.208175	-0.206374	-0.204069	-0.214644	-0.233592	-0.237683	-0.231764	-0.235156	-0.258388	-0.291336	-0.323483	-0.331088	-0.312867	-0.304634	-0.338629	-0.425744	-0.568415	-0.753097	-0.941453	-1.07487	-1.12828	-1.0845	-0.93321	-0.66392	-0.294946	0.118761	0.536968	0.923134	1.26183	1.51888	1.64844	1.6279	1.46101	1.19031	0.887134	0.593937	0.358075	
-0.173945	-0.173945	-0.177361	-0.176954	-0.181795	-0.177943	-0.175317	-0.189464	-0.190377	-0.178453	-0.191033	-0.195884	-0.193198	-0.201729	-0.204624	-0.212801	-0.223968	-0.227256	-0.233472	-0.242998	-0.250108	-0.272904	-0.291559	-0.314926	-0.319278	-0.320805	-0.329605	-0.371052	-0.459271	-0.593513	-0.760626	-0.921855	-1.0431	-1.0852	-1.03872	-0.880822	-0.621004	-0.26971	0.12764	0.53012	0.91144	1.23339	1.47883	1.59807	1.57806	1.42686	1.17404	0.887524	0.609685	0.372739	
-0.173747	-0.173747	-0.179115	-0.181795	-0.175802	-0.175665	-0.189556	-0.192889	-0.178114	-0.175659	-0.200723	-0.197479	-0.191685	-0.197116	-0.207014	-0.22688	-0.226397	-0.220196	-0.229397	-0.252109	-0.268151	-0.28117	-0.289513	-0.298059	-0.304843	-0.331661	-0.361235	-0.41546	-0.502025	-0.62563	-0.764143	-0.891906	-0.991833	-1.02057	-0.965567	-0.803515	-0.555177	-0.229223	0.143928	0.528215	0.893734	1.19916	1.41908	1.52868	1.50661	1.37337	1.14823	0.881043	0.623357	0.392475	
-0.18232	-0.18232	-0.179252	-0.177943	-0.175665	-0.176361	-0.186907	-0.186688	-0.180742	-0.190494	-0.205872	-0.200457	-0.195291	-0.197831	-0.211837	-0.230439	-0.219125	-0.210351	-0.224268	-0.256905	-0.279585	-0.282317	-0.283501	-0.278413	-0.297393	-0.348746	-0.403703	-0.471279	-0.555344	-0.663297	-0.763944	-0.855872	-0.924224	-0.938715	-0.868147	-0.706583	-0.4719	-0.17544	0.166746	0.531325	0.872308	1.15754	1.34842	1.44325	1.42466	1.30908	1.11578	0.87394	0.632603	0.411665	
-0.183832	-0.183832	-0.176532	-0.175317	-0.189556	-0.186907	-0.177993	-0.183449	-0.186065	-0.194514	-0.196853	-0.197556	-0.198784	-0.204186	-0.221516	-0.229987	-0.224016	-0.214232	-0.236101	-0.269979	-0.290662	-0.286886	-0.277481	-0.266612	-0.302774	-0.371103	-0.454095	-0.527731	-0.611697	-0.691439	-0.753904	-0.804578	-0.838565	-0.834062	-0.747534	-0.593215	-0.375996	-0.117478	0.191493	0.523584	0.836473	1.08854	1.25322	1.3288	1.32171	1.22985	1.07513	0.870368	0.648767	0.44372	
-0.178427	-0.178427	-0.173144	-0.189464	-0.192889	-0.186688	-0.183449	-0.187899	-0.193379	-0.193193	-0.190307	-0.194233	-0.203385	-0.21087	-0.222757	-0.22435	-0.224961	-0.228183	-0.250209	-0.28016	-0.294446	-0.288596	-0.271905	-0.271054	-0.321665	-0.407918	-0.508986	-0.591507	-0.666491	-0.714242	-0.736636	-0.744724	-0.743223	-0.711872	-0.615656	-0.468627	-0.277619	-0.0545896	0.215963	0.51074	0.788984	1.00444	1.14214	1.20507	1.20864	1.14857	1.03317	0.866012	0.670703	0.476909	
-0.184159	-0.184159	-0.184617	-0.190377	-0.178114	-0.180742	-0.186065	-0.193379	-0.208795	-0.200392	-0.188881	-0.201622	-0.21777	-0.215627	-0.215235	-0.212271	-0.222876	-0.24168	-0.256453	-0.276606	-0.287079	-0.280933	-0.271786	-0.29038	-0.355165	-0.455653	-0.565945	-0.656702	-0.711991	-0.727325	-0.708378	-0.675888	-0.635501	-0.574591	-0.472582	-0.336778	-0.174745	0.0139236	0.243924	0.496488	0.733727	0.91241	1.02443	1.08036	1.09762	1.06798	0.993194	0.857677	0.68781	0.502267	
-0.196008	-0.196008	-0.192083	-0.178453	-0.175659	-0.190494	-0.194514	-0.193193	-0.200392	-0.193011	-0.192622	-0.219577	-0.225566	-0.219972	-0.214473	-0.216277	-0.241712	-0.263599	-0.267581	-0.272548	-0.27771	-0.275648	-0.283219	-0.322574	-0.398313	-0.501285	-0.61649	-0.702237	-0.73399	-0.713553	-0.657327	-0.585929	-0.504804	-0.418691	-0.314626	-0.198537	-0.0670611	0.0851226	0.268132	0.471494	0.658453	0.798095	0.888109	0.938975	0.974748	0.979183	0.941516	0.849746	0.702531	0.533948	
-0.179777	-0.179777	-0.189199	-0.191033	-0.200723	-0.205872	-0.196853	-0.190307	-0.188881	-0.192622	-0.207035	-0.219566	-0.217041	-0.219272	-0.216893	-0.229151	-0.263222	-0.28051	-0.274368	-0.268754	-0.271186	-0.285797	-0.314479	-0.377739	-0.454983	-0.557598	-0.665921	-0.737011	-0.740607	-0.685366	-0.59751	-0.485349	-0.369913	-0.258956	-0.16422	-0.0664753	0.0297937	0.147741	0.279103	0.428204	0.563969	0.667695	0.741983	0.798958	0.852732	0.896934	0.894806	0.843322	0.724729	0.56971	
-0.183594	-0.183594	-0.196058	-0.195884	-0.197479	-0.200457	-0.197556	-0.194233	-0.201622	-0.219577	-0.219566	-0.211584	-0.213082	-0.21744	-0.220649	-0.2405	-0.270622	-0.279026	-0.269072	-0.259046	-0.271726	-0.306932	-0.365965	-0.442655	-0.521475	-0.615301	-0.707175	-0.753254	-0.727518	-0.642255	-0.524125	-0.375158	-0.228745	-0.10376	-0.0187196	0.0542923	0.122488	0.199095	0.281754	0.371669	0.459289	0.535547	0.60067	0.671516	0.74825	0.82363	0.859915	0.836614	0.741629	0.598827	
-0.202717	-0.202717	-0.20017	-0.193198	-0.191685	-0.195291	-0.198784	-0.203385	-0.21777	-0.225566	-0.217041	-0.213082	-0.218583	-0.228067	-0.241004	-0.262547	-0.274182	-0.274124	-0.26384	-0.258621	-0.283177	-0.343782	-0.423998	-0.506115	-0.580714	-0.657786	-0.720323	-0.73553	-0.680754	-0.57178	-0.42202	-0.244852	-0.0736927	0.0530674	0.126577	0.173766	0.211106	0.244809	0.271088	0.302982	0.343255	0.395858	0.459958	0.543198	0.644059	0.748011	0.815415	0.823606	0.753333	0.623563	
-0.20391	-0.20391	-0.208175	-0.201729	-0.197116	-0.197831	-0.204186	-0.21087	-0.215627	-0.219972	-0.219272	-0.21744	-0.228067	-0.249855	-0.268809	-0.275546	-0.26839	-0.267271	-0.268367	-0.272681	-0.317244	-0.400002	-0.489633	-0.571445	-0.634824	-0.686412	-0.709644	-0.69133	-0.612525	-0.479488	-0.303978	-0.103306	0.0761949	0.20086	0.257357	0.281611	0.283839	0.270575	0.240855	0.215639	0.218365	0.254218	0.323126	0.424731	0.545719	0.677209	0.772452	0.806347	0.762896	0.647695	
-0.205145	-0.205145	-0.206374	-0.204624	-0.207014	-0.211837	-0.221516	-0.222757	-0.215235	-0.214473	-0.216893	-0.220649	-0.241004	-0.268809	-0.278314	-0.269733	-0.259342	-0.271387	-0.287198	-0.311874	-0.380197	-0.472493	-0.563333	-0.636028	-0.682946	-0.697417	-0.678368	-0.62813	-0.527616	-0.372518	-0.175535	0.0344781	0.212748	0.326293	0.368598	0.365343	0.330688	0.266325	0.182084	0.11033	0.0822987	0.114773	0.193404	0.316757	0.461863	0.616177	0.73972	0.798485	0.776319	0.676111	
-0.199628	-0.199628	-0.204069	-0.212801	-0.22688	-0.230439	-0.229987	-0.22435	-0.212271	-0.216277	-0.229151	-0.2405	-0.262547	-0.275546	-0.269733	-0.25854	-0.258324	-0.281516	-0.316587	-0.370303	-0.451637	-0.54248	-0.625119	-0.684404	-0.704862	-0.677607	-0.61874	-0.541222	-0.418952	-0.245841	-0.0360319	0.169034	0.337567	0.437221	0.464652	0.432291	0.356051	0.241458	0.109566	0.00103018	-0.0437983	-0.0115375	0.0839025	0.224361	0.391138	0.56284	0.707679	0.786654	0.784295	0.696827	
-0.213755	-0.213755	-0.214644	-0.223968	-0.226397	-0.219125	-0.224016	-0.224961	-0.222876	-0.241712	-0.263222	-0.270622	-0.274182	-0.26839	-0.259342	-0.258324	-0.265603	-0.302115	-0.36583	-0.440267	-0.520799	-0.599236	-0.668948	-0.705579	-0.691049	-0.623084	-0.532061	-0.427771	-0.286584	-0.0999571	0.106974	0.297891	0.449195	0.534867	0.543931	0.478533	0.358405	0.196859	0.0279614	-0.104612	-0.156887	-0.117719	-0.00804943	0.150063	0.330443	0.515807	0.674372	0.768796	0.781049	0.706367	
-0.240898	-0.240898	-0.233592	-0.227256	-0.220196	-0.210351	-0.214232	-0.228183	-0.24168	-0.263599	-0.28051	-0.279026	-0.274124	-0.267271	-0.271387	-0.281516	-0.302115	-0.362706	-0.446388	-0.52345	-0.588668	-0.648386	-0.695154	-0.695734	-0.641418	-0.539799	-0.41913	-0.289794	-0.130596	0.0561783	0.248889	0.416828	0.548754	0.616501	0.600884	0.497045	0.331348	0.129677	-0.0668846	-0.212262	-0.266558	-0.219502	-0.0972399	0.0729773	0.266529	0.460784	0.635549	0.74541	0.777329	0.718647	
-0.247887	-0.247887	-0.237683	-0.233472	-0.229397	-0.224268	-0.236101	-0.250209	-0.256453	-0.267581	-0.274368	-0.269072	-0.26384	-0.268367	-0.287198	-0.316587	-0.36583	-0.446388	-0.534089	-0.601981	-0.649849	-0.687712	-0.699525	-0.658395	-0.571995	-0.442663	-0.297434	-0.142971	0.0227253	0.197177	0.365754	0.507611	0.618987	0.662246	0.617103	0.471636	0.267611	0.0369206	-0.17167	-0.318683	-0.365832	-0.309663	-0.172856	0.00770942	0.213441	0.418114	0.60453	0.732769	0.77984	0.737625	
-0.231399	-0.231399	-0.231764	-0.242998	-0.252109	-0.256905	-0.269979	-0.28016	-0.276606	-0.272548	-0.268754	-0.259046	-0.258621	-0.272681	-0.311874	-0.370303	-0.440267	-0.52345	-0.601981	-0.658424	-0.688281	-0.693919	-0.663054	-0.588654	-0.476841	-0.328038	-0.157943	0.0106607	0.169738	0.320829	0.459942	0.577698	0.661494	0.677383	0.594436	0.414874	0.18062	-0.0615146	-0.26967	-0.407001	-0.443126	-0.374736	-0.227409	-0.0348094	0.178024	0.391295	0.586827	0.724129	0.783615	0.748593	
-0.234561	-0.234561	-0.235156	-0.250108	-0.268151	-0.279585	-0.290662	-0.294446	-0.287079	-0.27771	-0.271186	-0.271726	-0.283177	-0.317244	-0.380197	-0.451637	-0.520799	-0.588668	-0.649849	-0.688281	-0.685253	-0.646068	-0.577868	-0.475209	-0.346395	-0.175446	0.00923032	0.179055	0.318066	0.439494	0.551119	0.639466	0.693339	0.670355	0.554401	0.343916	0.0971004	-0.146734	-0.343628	-0.468689	-0.494911	-0.420244	-0.266872	-0.0732216	0.144578	0.357228	0.55732	0.703277	0.769869	0.746622	
-0.255475	-0.255475	-0.258388	-0.272904	-0.28117	-0.282317	-0.286886	-0.288596	-0.280933	-0.275648	-0.285797	-0.306932	-0.343782	-0.400002	-0.472493	-0.54248	-0.599236	-0.648386	-0.687712	-0.693919	-0.646068	-0.568275	-0.467643	-0.346677	-0.195204	-0.01094	0.177446	0.332306	0.444867	0.537752	0.619361	0.675997	0.688276	0.628004	0.478399	0.2543	0.00299316	-0.228397	-0.411304	-0.522698	-0.540396	-0.463236	-0.307755	-0.112073	0.104261	0.32124	0.522718	0.676259	0.754516	0.740815	
-0.297135	-0.297135	-0.291336	-0.291559	-0.289513	-0.283501	-0.277481	-0.271905	-0.271786	-0.283219	-0.314479	-0.365965	-0.423998	-0.489633	-0.563333	-0.625119	-0.668948	-0.695154	-0.699525	-0.663054	-0.577868	-0.467643	-0.346201	-0.201019	-0.0351575	0.15289	0.326301	0.458417	0.543478	0.60829	0.656875	0.672783	0.641836	0.544012	0.375976	0.147133	-0.0916817	-0.30789	-0.472022	-0.571288	-0.583949	-0.504335	-0.349628	-0.153207	0.0666322	0.284634	0.494527	0.657882	0.746965	0.747913	
-0.332757	-0.332757	-0.323483	-0.314926	-0.298059	-0.278413	-0.266612	-0.271054	-0.29038	-0.322574	-0.377739	-0.442655	-0.506115	-0.571445	-0.636028	-0.684404	-0.705579	-0.695734	-0.658395	-0.588654	-0.475209	-0.346677	-0.201019	-0.0421554	0.127865	0.298398	0.447397	0.552543	0.612054	0.644962	0.654112	0.62471	0.552383	0.42978	0.255127	0.0396928	-0.18137	-0.373432	-0.520643	-0.607298	-0.614059	-0.535074	-0.378194	-0.181719	0.0392493	0.26224	0.473917	0.645726	0.74465	0.753007	
-0.343143	-0.343143	-0.331088	-0.319278	-0.304843	-0.297393	-0.302774	-0.321665	-0.355165	-0.398313	-0.454983	-0.521475	-0.580714	-0.634824	-0.682946	-0.704862	-0.691049	-0.641418	-0.571995	-0.476841	-0.346395	-0.195204	-0.0351575	0.127865	0.280854	0.424759	0.544367	0.625131	0.654746	0.650766	0.613191	0.541168	0.436871	0.303741	0.138363	-0.0566983	-0.251548	-0.4232	-0.552281	-0.629957	-0.633474	-0.552825	-0.39794	-0.198781	0.023873	0.248768	0.465959	0.642442	0.746259	0.761065	
-0.31285	-0.31285	-0.312867	-0.320805	-0.331661	-0.348746	-0.371103	-0.407918	-0.455653	-0.501285	-0.557598	-0.615301	-0.657786	-0.686412	-0.697417	-0.677607	-0.623084	-0.539799	-0.442663	-0.328038	-0.175446	-0.01094	0.15289	0.298398	0.424759	0.536626	0.629686	0.681044	0.67598	0.626144	0.544761	0.437407	0.31804	0.189258	0.0435696	-0.123701	-0.294861	-0.444645	-0.562094	-0.631897	-0.634139	-0.556545	-0.402452	-0.207274	0.0138019	0.237087	0.450849	0.627619	0.732661	0.746903	
-0.295333	-0.295333	-0.304634	-0.329605	-0.361235	-0.403703	-0.454095	-0.508986	-0.565945	-0.61649	-0.665921	-0.707175	-0.720323	-0.709644	-0.678368	-0.61874	-0.532061	-0.41913	-0.297434	-0.157943	0.00923032	0.177446	0.326301	0.447397	0.544367	0.629686	0.693134	0.711307	0.662413	0.569345	0.45035	0.325166	0.204729	0.0924942	-0.0284292	-0.170399	-0.319426	-0.456432	-0.564526	-0.633328	-0.637626	-0.564228	-0.416804	-0.224694	-0.00881299	0.211141	0.422753	0.598798	0.704181	0.722878	
-0.323922	-0.323922	-0.338629	-0.371052	-0.41546	-0.471279	-0.527731	-0.591507	-0.656702	-0.702237	-0.737011	-0.753254	-0.73553	-0.69133	-0.62813	-0.541222	-0.427771	-0.289794	-0.142971	0.0106607	0.179055	0.332306	0.458417	0.552543	0.625131	0.681044	0.711307	0.686847	0.596159	0.465911	0.327394	0.199215	0.0922742	0.00224931	-0.0941771	-0.213453	-0.348312	-0.474817	-0.580976	-0.649362	-0.658096	-0.590264	-0.447064	-0.259792	-0.0456915	0.173227	0.385875	0.565809	0.679204	0.705575	
-0.411339	-0.411339	-0.425744	-0.459271	-0.502025	-0.555344	-0.611697	-0.666491	-0.711991	-0.73399	-0.740607	-0.727518	-0.680754	-0.612525	-0.527616	-0.418952	-0.286584	-0.130596	0.0227253	0.169738	0.318066	0.444867	0.543478	0.612054	0.654746	0.67598	0.662413	0.596159	0.468935	0.319176	0.176991	0.0616108	-0.0241844	-0.0898684	-0.163207	-0.265372	-0.38714	-0.507903	-0.609471	-0.677945	-0.686713	-0.619919	-0.477162	-0.288081	-0.0718123	0.151481	0.368808	0.556278	0.675806	0.711167	
-0.555817	-0.555817	-0.568415	-0.593513	-0.62563	-0.663297	-0.691439	-0.714242	-0.727325	-0.713553	-0.685366	-0.642255	-0.57178	-0.479488	-0.372518	-0.245841	-0.0999571	0.0561783	0.197177	0.320829	0.439494	0.537752	0.60829	0.644962	0.650766	0.626144	0.569345	0.465911	0.319176	0.165875	0.0360418	-0.0578292	-0.119527	-0.161546	-0.216899	-0.303988	-0.417565	-0.531277	-0.630117	-0.695392	-0.702921	-0.634059	-0.489176	-0.296806	-0.0768596	0.150335	0.37266	0.563069	0.687968	0.72484	
-0.751584	-0.751584	-0.753097	-0.760626	-0.764143	-0.763944	-0.753904	-0.736636	-0.708378	-0.657327	-0.59751	-0.524125	-0.42202	-0.303978	-0.175535	-0.0360319	0.106974	0.248889	0.365754	0.459942	0.551119	0.619361	0.656875	0.654112	0.613191	0.544761	0.45035	0.327394	0.176991	0.0360418	-0.0723174	-0.142099	-0.179908	-0.203917	-0.243865	-0.321935	-0.427588	-0.537142	-0.63175	-0.694347	-0.698922	-0.628101	-0.480432	-0.286911	-0.0650703	0.163058	0.384298	0.575597	0.696775	0.7314	
-0.951774	-0.951774	-0.941453	-0.921855	-0.891906	-0.855872	-0.804578	-0.744724	-0.675888	-0.585929	-0.485349	-0.375158	-0.244852	-0.103306	0.0344781	0.169034	0.297891	0.416828	0.507611	0.577698	0.639466	0.675997	0.672783	0.62471	0.541168	0.437407	0.325166	0.199215	0.0616108	-0.0578292	-0.142099	-0.188026	-0.208284	-0.217412	-0.249671	-0.321099	-0.423876	-0.530564	-0.623315	-0.684277	-0.687323	-0.614527	-0.466835	-0.27187	-0.051399	0.174953	0.394571	0.578907	0.694905	0.719891	
-1.09414	-1.09414	-1.07487	-1.0431	-0.991833	-0.924224	-0.838565	-0.743223	-0.635501	-0.504804	-0.369913	-0.228745	-0.0736927	0.0761949	0.212748	0.337567	0.449195	0.548754	0.618987	0.661494	0.693339	0.688276	0.641836	0.552383	0.436871	0.31804	0.204729	0.0922742	-0.0241844	-0.119527	-0.179908	-0.208284	-0.213341	-0.215182	-0.241378	-0.311329	-0.41229	-0.517793	-0.610213	-0.670033	-0.672709	-0.600768	-0.453495	-0.263797	-0.0477197	0.171321	0.380235	0.555637	0.657345	0.668923	
-1.15148	-1.15148	-1.12828	-1.0852	-1.02057	-0.938715	-0.834062	-0.711872	-0.574591	-0.418691	-0.258956	-0.10376	0.0530674	0.20086	0.326293	0.437221	0.534867	0.616501	0.662246	0.677383	0.670355	0.628004	0.544012	0.42978	0.303741	0.189258	0.0924942	0.00224931	-0.0898684	-0.161546	-0.203917	-0.217412	-0.215182	-0.211965	-0.238774	-0.310189	-0.413053	-0.521624	-0.615412	-0.67844	-0.68326	-0.613439	-0.472034	-0.286726	-0.0792821	0.130317	0.330885	0.492029	0.581964	0.580798	
-1.11048	-1.11048	-1.0845	-1.03872	-0.965567	-0.868147	-0.747534	-0.615656	-0.472582	-0.314626	-0.16422	-0.0187196	0.126577	0.257357	0.368598	0.464652	0.543931	0.600884	0.617103	0.594436	0.554401	0.478399	0.375976	0.255127	0.138363	0.0435696	-0.0284292	-0.0941771	-0.163207	-0.216899	-0.243865	-0.249671	-0.241378	-0.238774	-0.267723	-0.343298	-0.450829	-0.561732	-0.660187	-0.725188	-0.732668	-0.666799	-0.528124	-0.351168	-0.150311	0.0514132	0.241717	0.396055	0.477493	0.469701	
-0.964131	-0.964131	-0.93321	-0.880822	-0.803515	-0.706583	-0.593215	-0.468627	-0.336778	-0.198537	-0.0664753	0.0542923	0.173766	0.281611	0.365343	0.432291	0.478533	0.497045	0.471636	0.414874	0.343916	0.2543	0.147133	0.0396928	-0.0566983	-0.123701	-0.170399	-0.213453	-0.265372	-0.303988	-0.321935	-0.321099	-0.311329	-0.310189	-0.343298	-0.425372	-0.535763	-0.651865	-0.751057	-0.818073	-0.82533	-0.757185	-0.620146	-0.442141	-0.242552	-0.0424941	0.149595	0.301373	0.382066	0.375716	
-0.688896	-0.688896	-0.66392	-0.621004	-0.555177	-0.4719	-0.375996	-0.277619	-0.174745	-0.0670611	0.0297937	0.122488	0.211106	0.283839	0.330688	0.356051	0.358405	0.331348	0.267611	0.18062	0.0971004	0.00299316	-0.0916817	-0.18137	-0.251548	-0.294861	-0.319426	-0.348312	-0.38714	-0.417565	-0.427588	-0.423876	-0.41229	-0.413053	-0.450829	-0.535763	-0.64976	-0.764127	-0.862909	-0.925611	-0.926466	-0.853316	-0.708914	-0.528305	-0.325107	-0.121092	0.0724393	0.226738	0.310341	0.306116	
-0.315162	-0.315162	-0.294946	-0.26971	-0.229223	-0.17544	-0.117478	-0.0545896	0.0139236	0.0851226	0.147741	0.199095	0.244809	0.270575	0.266325	0.241458	0.196859	0.129677	0.0369206	-0.0615146	-0.146734	-0.228397	-0.30789	-0.373432	-0.4232	-0.444645	-0.456432	-0.474817	-0.507903	-0.531277	-0.537142	-0.530564	-0.517793	-0.521624	-0.561732	-0.651865	-0.764127	-0.878106	-0.971399	-1.02699	-1.01936	-0.933866	-0.781749	-0.592068	-0.380802	-0.170508	0.0316253	0.191628	0.279757	0.283328	
0.110562	0.110562	0.118761	0.12764	0.143928	0.166746	0.191493	0.215963	0.243924	0.268132	0.279103	0.281754	0.271088	0.240855	0.182084	0.109566	0.0279614	-0.0668846	-0.17167	-0.26967	-0.343628	-0.411304	-0.472022	-0.520643	-0.552281	-0.562094	-0.564526	-0.580976	-0.609471	-0.630117	-0.63175	-0.623315	-0.610213	-0.615412	-0.660187	-0.751057	-0.862909	-0.971399	-1.05715	-1.10283	-1.08015	-0.981816	-0.815606	-0.614812	-0.39344	-0.172161	0.0397252	0.206686	0.3044	0.316531	
0.532119	0.532119	0.536968	0.53012	0.528215	0.531325	0.523584	0.51074	0.496488	0.471494	0.428204	0.371669	0.302982	0.215639	0.11033	0.00103018	-0.104612	-0.212262	-0.318683	-0.407001	-0.468689	-0.522698	-0.571288	-0.607298	-0.629957	-0.631897	-0.633328	-0.649362	-0.677945	-0.695392	-0.694347	-0.684277	-0.670033	-0.67844	-0.725188	-0.818073	-0.925611	-1.02699	-1.10283	-1.13277	-1.09415	-0.975843	-0.79368	-0.577643	-0.341438	-0.10643	0.117663	0.295897	0.401767	0.422776	
0.92251	0.92251	0.923134	0.91144	0.893734	0.872308	0.836473	0.788984	0.733727	0.658453	0.563969	0.459289	0.343255	0.218365	0.0822987	-0.0437983	-0.156887	-0.266558	-0.365832	-0.443126	-0.494911	-0.540396	-0.583949	-0.614059	-0.633474	-0.634139	-0.637626	-0.658096	-0.686713	-0.702921	-0.698922	-0.687323	-0.672709	-0.68326	-0.732668	-0.82533	-0.926466	-1.01936	-1.08015	-1.09415	-1.03353	-0.894857	-0.694416	-0.461745	-0.211244	0.0360501	0.272057	0.45485	0.565067	0.589802	
1.2697	1.2697	1.26183	1.23339	1.19916	1.15754	1.08854	1.00444	0.91241	0.798095	0.667695	0.535547	0.395858	0.254218	0.114773	-0.0115375	-0.117719	-0.219502	-0.309663	-0.374736	-0.420244	-0.463236	-0.504335	-0.535074	-0.552825	-0.556545	-0.564228	-0.590264	-0.619919	-0.634059	-0.628101	-0.614527	-0.600768	-0.613439	-0.666799	-0.757185	-0.853316	-0.933866	-0.981816	-0.975843	-0.894857	-0.735339	-0.5184	-0.271808	-0.0119081	0.245107	0.482859	0.664472	0.77076	0.787561	
1.53167	1.53167	1.51888	1.47883	1.41908	1.34842	1.25322	1.14214	1.02443	0.888109	0.741983	0.60067	0.459958	0.323126	0.193404	0.0839025	-0.00804943	-0.0972399	-0.172856	-0.227409	-0.266872	-0.307755	-0.349628	-0.378194	-0.39794	-0.402452	-0.416804	-0.447064	-0.477162	-0.489176	-0.480432	-0.466835	-0.453495	-0.472034	-0.528124	-0.620146	-0.708914	-0.781749	-0.815606	-0.79368	-0.694416	-0.5184	-0.29035	-0.0367357	0.228661	0.48533	0.720785	0.89426	0.987887	0.994949	
1.67121	1.67121	1.64844	1.59807	1.52868	1.44325	1.3288	1.20507	1.08036	0.938975	0.798958	0.671516	0.543198	0.424731	0.316757	0.224361	0.150063	0.0729773	0.00770942	-0.0348094	-0.0732216	-0.112073	-0.153207	-0.181719	-0.198781	-0.207274	-0.224694	-0.259792	-0.288081	-0.296806	-0.286911	-0.27187	-0.263797	-0.286726	-0.351168	-0.442141	-0.528305	-0.592068	-0.614812	-0.577643	-0.461745	-0.271808	-0.0367357	0.223476	0.486734	0.74279	0.969012	1.12666	1.20526	1.19399	
1.65184	1.65184	1.6279	1.57806	1.50661	1.42466	1.32171	1.20864	1.09762	0.974748	0.852732	0.74825	0.644059	0.545719	0.461863	0.391138	0.330443	0.266529	0.213441	0.178024	0.144578	0.104261	0.0666322	0.0392493	0.023873	0.0138019	-0.00881299	-0.0456915	-0.0718123	-0.0768596	-0.0650703	-0.051399	-0.0477197	-0.0792821	-0.150311	-0.242552	-0.325107	-0.380802	-0.39344	-0.341438	-0.211244	-0.0119081	0.228661	0.486734	0.746879	0.995281	1.20544	1.34696	1.40272	1.37168	
1.4779	1.4779	1.46101	1.42686	1.37337	1.30908	1.22985	1.14857	1.06798	0.979183	0.896934	0.82363	0.748011	0.677209	0.616177	0.56284	0.515807	0.460784	0.418114	0.391295	0.357228	0.32124	0.284634	0.26224	0.248768	0.237087	0.211141	0.173227	0.151481	0.150335	0.163058	0.174953	0.171321	0.130317	0.0514132	-0.0424941	-0.121092	-0.170508	-0.172161	-0.10643	0.0360501	0.245107	0.48533	0.74279	0.995281	1.23171	1.4245	1.53937	1.56699	1.50923	
1.2068	1.2068	1.19031	1.17404	1.14823	1.11578	1.07513	1.03317	0.993194	0.941516	0.894806	0.859915	0.815415	0.772452	0.73972	0.707679	0.674372	0.635549	0.60453	0.586827	0.55732	0.522718	0.494527	0.473917	0.465959	0.450849	0.422753	0.385875	0.368808	0.37266	0.384298	0.394571	0.380235	0.330885	0.241717	0.149595	0.0724393	0.0316253	0.0397252	0.117663	0.272057	0.482859	0.720785	0.969012	1.20544	1.4245	1.58545	1.6683	1.66034	1.56938	
0.890489	0.890489	0.887134	0.887524	0.881043	0.87394	0.870368	0.866012	0.857677	0.849746	0.843322	0.836614	0.823606	0.806347	0.798485	0.786654	0.768796	0.74541	0.732769	0.724129	0.703277	0.676259	0.657882	0.645726	0.642442	0.627619	0.598798	0.565809	0.556278	0.563069	0.575597	0.578907	0.555637	0.492029	0.396055	0.301373	0.226738	0.191628	0.206686	0.295897	0.45485	0.664472	0.89426	1.12666	1.34696	1.53937	1.6683	1.71562	1.66823	1.54481	
0.595162	0.595162	0.593937	0.609685	0.623357	0.632603	0.648767	0.670703	0.68781	0.702531	0.724729	0.741629	0.753333	0.762896	0.776319	0.784295	0.781049	0.777329	0.77984	0.783615	0.769869	0.754516	0.746965	0.74465	0.746259	0.732661	0.704181	0.679204	0.675806	0.687968	0.696775	0.694905	0.657345	0.581964	0.477493	0.382066	0.310341	0.279757	0.3044	0.401767	0.565067	0.77076	0.987887	1.20526	1.40272	1.56699	1.66034	1.66823	1.58308	1.43133	
0.359691	0.359691	0.358075	0.372739	0.392475	0.411665	0.44372	0.476909	0.502267	0.533948	0.56971	0.598827	0.623563	0.647695	0.676111	0.696827	0.706367	0.718647	0.737625	0.748593	0.746622	0.740815	0.747913	0.753007	0.761065	0.746903	0.722878	0.705575	0.711167	0.72484	0.7314	0.719891	0.668923	0.580798	0.469701	0.375716	0.306116	0.283328	0.316531	0.422776	0.589802	0.787561	0.994949	1.19399	1.37168	1.50923	1.56938	1.54481	1.43133	1.25986	
