-0.404537	-0.404537	-0.364949	-0.302207	-0.243723	-0.207628	-0.179991	-0.141974	-0.10334	-0.068974	-0.0403607	-0.0437241	-0.0708067	-0.0907122	-0.0897019	-0.0543779	0.0162744	0.0974941	0.180425	0.242494	0.257203	0.202433	0.0798054	-0.0883948	-0.264263	-0.431371	-0.589921	-0.724769	-0.795006	-0.760252	-0.60248	-0.340649	-0.0288149	0.271535	0.512398	0.680251	0.775286	0.810436	0.792415	0.731126	0.651794	0.568623	0.49131	0.434058	0.396589	0.37693	0.375796	0.390222	0.420402	0.431647	
-0.404537	-0.404537	-0.364949	-0.302207	-0.243723	-0.207628	-0.179991	-0.141974	-0.10334	-0.068974	-0.0403607	-0.0437241	-0.0708067	-0.0907122	-0.0897019	-0.0543779	0.0162744	0.0974941	0.180425	0.242494	0.257203	0.202433	0.0798054	-0.0883948	-0.264263	-0.431371	-0.589921	-0.724769	-0.795006	-0.760252	-0.60248	-0.340649	-0.0288149	0.271535	0.512398	0.680251	0.775286	0.810436	0.792415	0.731126	0.651794	0.568623	0.49131	0.434058	0.396589	0.37693	0.375796	0.390222	0.420402	0.431647	
-0.364949	-0.364949	-0.323931	-0.269136	-0.223096	-0.190819	-0.167629	-0.141212	-0.1004	-0.0592174	-0.0290506	-0.0234653	-0.0340555	-0.0428286	-0.029302	0.019644	0.0938381	0.169793	0.24133	0.2896	0.288432	0.218337	0.0769229	-0.100684	-0.282061	-0.450325	-0.603668	-0.726938	-0.787542	-0.752858	-0.600035	-0.342676	-0.0357725	0.252777	0.484852	0.641853	0.734545	0.776232	0.765204	0.713453	0.643008	0.567244	0.491557	0.435534	0.397312	0.373708	0.360556	0.367111	0.382699	0.374342	
-0.302207	-0.302207	-0.269136	-0.228365	-0.192142	-0.16222	-0.147948	-0.134141	-0.0905072	-0.0428805	-0.00222086	0.023322	0.0281228	0.0315365	0.0597815	0.121116	0.206752	0.284947	0.337898	0.362006	0.337493	0.246753	0.0887693	-0.103664	-0.301775	-0.481622	-0.634184	-0.741939	-0.780689	-0.729996	-0.578985	-0.342343	-0.0611887	0.2092	0.423725	0.572169	0.666582	0.716033	0.714958	0.676535	0.624153	0.56794	0.506231	0.447831	0.396455	0.357838	0.326987	0.315206	0.30677	0.267972	
-0.243723	-0.243723	-0.223096	-0.192142	-0.161404	-0.135283	-0.121632	-0.108381	-0.0645217	-0.0152904	0.0372077	0.0784862	0.0905503	0.0996052	0.142331	0.216959	0.3123	0.389379	0.42646	0.427493	0.384436	0.278008	0.106647	-0.099411	-0.31207	-0.505555	-0.658801	-0.75136	-0.771171	-0.71086	-0.566589	-0.353157	-0.0981337	0.150399	0.34887	0.492699	0.592989	0.650032	0.664664	0.641922	0.602775	0.561294	0.514011	0.45515	0.388405	0.328817	0.277558	0.242857	0.203916	0.129427	
-0.207628	-0.207628	-0.190819	-0.16222	-0.135283	-0.110861	-0.0927467	-0.0737693	-0.0337393	0.0155335	0.0747803	0.125096	0.138439	0.149633	0.198404	0.276474	0.365129	0.440564	0.474711	0.465296	0.411846	0.300018	0.11955	-0.0975165	-0.322027	-0.519295	-0.668279	-0.752735	-0.760461	-0.69451	-0.559948	-0.361879	-0.126492	0.101743	0.287653	0.423233	0.524023	0.595389	0.625342	0.618181	0.586295	0.54786	0.502057	0.4371	0.354723	0.278556	0.208007	0.148765	0.0756156	-0.0305378	
-0.179991	-0.179991	-0.167629	-0.147948	-0.121632	-0.0927467	-0.0722134	-0.053368	-0.014837	0.037883	0.103899	0.151779	0.163758	0.171969	0.21311	0.283648	0.372104	0.444652	0.477941	0.465654	0.410008	0.298203	0.121003	-0.1007	-0.32849	-0.526695	-0.673876	-0.74689	-0.73547	-0.655408	-0.520124	-0.340289	-0.131948	0.074388	0.249166	0.381007	0.481479	0.555006	0.59253	0.587843	0.55499	0.514231	0.466479	0.396412	0.296981	0.199437	0.117725	0.036946	-0.0651786	-0.189889	
-0.141974	-0.141974	-0.141212	-0.134141	-0.108381	-0.0737693	-0.053368	-0.0328207	0.000770099	0.0509497	0.110628	0.154678	0.16676	0.173952	0.204145	0.270322	0.352624	0.414081	0.440838	0.427421	0.37232	0.262429	0.0923562	-0.126268	-0.348332	-0.53949	-0.673719	-0.726096	-0.690422	-0.592359	-0.453952	-0.285196	-0.103512	0.0785442	0.235474	0.360015	0.456176	0.529279	0.561956	0.546742	0.50788	0.458717	0.401886	0.324569	0.221503	0.109692	0.0109579	-0.087545	-0.200453	-0.331803	
-0.10334	-0.10334	-0.1004	-0.0905072	-0.0645217	-0.0337393	-0.014837	0.000770099	0.0224599	0.060867	0.110348	0.149693	0.169247	0.174815	0.190253	0.242251	0.310129	0.357976	0.378047	0.363504	0.307116	0.191141	0.0140661	-0.194985	-0.398163	-0.56501	-0.665461	-0.684643	-0.625214	-0.509966	-0.362776	-0.201195	-0.0364351	0.115457	0.245532	0.349414	0.434682	0.499667	0.526927	0.506306	0.456502	0.396733	0.323359	0.235072	0.131846	0.0198339	-0.0895586	-0.200413	-0.316808	-0.446599	
-0.068974	-0.068974	-0.0592174	-0.0428805	-0.0152904	0.0155335	0.037883	0.0509497	0.060867	0.0825723	0.119112	0.148465	0.163805	0.171284	0.180958	0.214304	0.260657	0.292769	0.300399	0.283145	0.218877	0.0930403	-0.0861797	-0.281434	-0.464225	-0.595734	-0.651884	-0.630244	-0.538257	-0.393794	-0.234626	-0.0827446	0.0566994	0.175753	0.269574	0.349018	0.417915	0.471315	0.486432	0.463409	0.41065	0.342881	0.260001	0.168356	0.0682146	-0.039282	-0.160445	-0.283263	-0.398734	-0.518967	
-0.0403607	-0.0403607	-0.0290506	-0.00222086	0.0372077	0.0747803	0.103899	0.110628	0.110348	0.119112	0.145224	0.158464	0.1646	0.165908	0.169621	0.184803	0.211232	0.217313	0.207456	0.176026	0.0982063	-0.0325144	-0.204421	-0.388589	-0.543794	-0.634364	-0.644268	-0.571915	-0.437483	-0.266855	-0.0935195	0.0542331	0.17145	0.254894	0.315035	0.369751	0.422032	0.456613	0.458751	0.424404	0.370366	0.300077	0.216833	0.136062	0.0443448	-0.0662373	-0.190974	-0.313166	-0.426946	-0.543967	
-0.0437241	-0.0437241	-0.0234653	0.023322	0.0784862	0.125096	0.151779	0.154678	0.149693	0.148465	0.158464	0.172475	0.17564	0.171205	0.16425	0.153175	0.142524	0.128657	0.104596	0.0539535	-0.0371196	-0.167855	-0.335355	-0.511323	-0.638623	-0.679788	-0.639317	-0.522236	-0.347145	-0.150768	0.0359026	0.192911	0.297177	0.35551	0.388584	0.408988	0.432858	0.453578	0.443161	0.399874	0.345271	0.277067	0.196996	0.119326	0.0402065	-0.0577866	-0.178169	-0.294641	-0.406307	-0.530158	
-0.0708067	-0.0708067	-0.0340555	0.0281228	0.0905503	0.138439	0.163758	0.16676	0.169247	0.163805	0.1646	0.17564	0.176556	0.166026	0.150895	0.117909	0.0840474	0.0529659	0.00444288	-0.0649297	-0.160731	-0.295589	-0.464644	-0.621907	-0.718128	-0.724788	-0.642704	-0.482645	-0.272182	-0.0521159	0.152524	0.316299	0.417603	0.460937	0.47171	0.468058	0.462122	0.454367	0.431279	0.385775	0.323301	0.26038	0.19702	0.129557	0.0573961	-0.0226153	-0.126826	-0.240332	-0.354388	-0.473823	
-0.0907122	-0.0907122	-0.0428286	0.0315365	0.0996052	0.149633	0.171969	0.173952	0.174815	0.171284	0.165908	0.171205	0.166026	0.148708	0.127078	0.0930261	0.0476804	-0.00743037	-0.0771688	-0.158788	-0.259462	-0.399501	-0.561157	-0.703574	-0.784731	-0.775347	-0.660408	-0.466731	-0.231675	0.0131049	0.233821	0.402597	0.507892	0.549715	0.541074	0.519658	0.498334	0.469399	0.432792	0.382975	0.322277	0.264433	0.218267	0.163633	0.0998169	0.0265191	-0.0654988	-0.172451	-0.283039	-0.388625	
-0.0897019	-0.0897019	-0.029302	0.0597815	0.142331	0.198404	0.21311	0.204145	0.190253	0.180958	0.169621	0.16425	0.150895	0.127078	0.0986944	0.0688127	0.022815	-0.0380301	-0.111533	-0.202718	-0.3161	-0.458652	-0.612959	-0.747564	-0.82074	-0.799078	-0.668735	-0.464453	-0.219462	0.0343493	0.263313	0.438915	0.55424	0.601912	0.593088	0.561085	0.529366	0.491931	0.449514	0.400304	0.349307	0.303104	0.261925	0.213102	0.155233	0.0835399	0.00783091	-0.0834046	-0.185383	-0.275164	
-0.0543779	-0.0543779	0.019644	0.121116	0.216959	0.276474	0.283648	0.270322	0.242251	0.214304	0.184803	0.153175	0.117909	0.0930261	0.0688127	0.046754	0.00927884	-0.040231	-0.108201	-0.199643	-0.319159	-0.459791	-0.609954	-0.739206	-0.805146	-0.777268	-0.655699	-0.459524	-0.219004	0.0248687	0.248877	0.434147	0.555296	0.610535	0.615053	0.585678	0.544711	0.507105	0.467199	0.429747	0.393464	0.355023	0.312406	0.26656	0.216331	0.150002	0.0763533	-0.0020668	-0.0778968	-0.136758	
0.0162744	0.0162744	0.0938381	0.206752	0.3123	0.365129	0.372104	0.352624	0.310129	0.260657	0.211232	0.142524	0.0840474	0.0476804	0.022815	0.00927884	-0.00270963	-0.0332325	-0.0945402	-0.182727	-0.294256	-0.425302	-0.569038	-0.690732	-0.750345	-0.72647	-0.622239	-0.448053	-0.233268	-0.0100449	0.202185	0.385026	0.514569	0.582147	0.598836	0.579734	0.539888	0.504017	0.470887	0.440976	0.41042	0.375153	0.335021	0.293977	0.240311	0.177918	0.112295	0.0522738	0.00807714	-0.00863268	
0.0974941	0.0974941	0.169793	0.284947	0.389379	0.440564	0.444652	0.414081	0.357976	0.292769	0.217313	0.128657	0.0529659	-0.00743037	-0.0380301	-0.040231	-0.0332325	-0.0486289	-0.0931644	-0.16854	-0.264031	-0.38433	-0.513262	-0.618629	-0.669485	-0.649535	-0.564246	-0.42531	-0.251443	-0.0504449	0.146186	0.315295	0.450207	0.534638	0.562624	0.546051	0.509175	0.468347	0.438092	0.409413	0.375255	0.335529	0.296495	0.253545	0.1994	0.142179	0.0950649	0.0677644	0.0629267	0.080093	
0.180425	0.180425	0.24133	0.337898	0.42646	0.474711	0.477941	0.440838	0.378047	0.300399	0.207456	0.104596	0.00444288	-0.0771688	-0.111533	-0.108201	-0.0945402	-0.0931644	-0.115767	-0.169939	-0.255169	-0.367521	-0.477039	-0.558401	-0.592064	-0.573977	-0.5046	-0.394793	-0.253609	-0.0842601	0.0946887	0.257869	0.394665	0.486056	0.516139	0.49766	0.45118	0.398345	0.360532	0.327518	0.285535	0.239833	0.194346	0.141333	0.0888236	0.0414258	0.0183078	0.0291141	0.0700121	0.126376	
0.242494	0.242494	0.2896	0.362006	0.427493	0.465296	0.465654	0.427421	0.363504	0.283145	0.176026	0.0539535	-0.0649297	-0.158788	-0.202718	-0.199643	-0.182727	-0.16854	-0.169939	-0.207882	-0.283941	-0.381327	-0.474648	-0.544465	-0.560689	-0.532	-0.46591	-0.374894	-0.255734	-0.11033	0.0543573	0.213379	0.350253	0.440402	0.464708	0.428771	0.363496	0.301875	0.25482	0.206454	0.155286	0.101913	0.0467512	-0.0135059	-0.0652941	-0.103513	-0.102208	-0.0561246	0.0322348	0.134888	
0.257203	0.257203	0.288432	0.337493	0.384436	0.411846	0.410008	0.37232	0.307116	0.218877	0.0982063	-0.0371196	-0.160731	-0.259462	-0.3161	-0.319159	-0.294256	-0.264031	-0.255169	-0.283941	-0.352804	-0.436429	-0.512392	-0.563289	-0.565963	-0.52433	-0.458848	-0.377078	-0.267402	-0.135573	0.0173866	0.175146	0.309453	0.391363	0.405929	0.355156	0.270358	0.190452	0.120419	0.0573727	-7.52811e-05	-0.0564407	-0.119579	-0.18404	-0.238047	-0.26449	-0.235436	-0.155481	-0.0304843	0.113927	
0.202433	0.202433	0.218337	0.246753	0.278008	0.300018	0.298203	0.262429	0.191141	0.0930403	-0.0325144	-0.167855	-0.295589	-0.399501	-0.458652	-0.459791	-0.425302	-0.38433	-0.367521	-0.381327	-0.436429	-0.511946	-0.576537	-0.606083	-0.595363	-0.546938	-0.481501	-0.397526	-0.295018	-0.174719	-0.029532	0.126034	0.258938	0.332971	0.33798	0.279094	0.180898	0.0757862	-0.0184379	-0.0911089	-0.156171	-0.221708	-0.291855	-0.35756	-0.40806	-0.425523	-0.380102	-0.268118	-0.11038	0.0648388	
0.0798054	0.0798054	0.0769229	0.0887693	0.106647	0.11955	0.121003	0.0923562	0.0140661	-0.0861797	-0.204421	-0.335355	-0.464644	-0.561157	-0.612959	-0.609954	-0.569038	-0.513262	-0.477039	-0.474648	-0.512392	-0.576537	-0.628801	-0.648583	-0.631139	-0.587024	-0.52103	-0.44142	-0.351196	-0.239795	-0.101006	0.0497884	0.18496	0.264835	0.269371	0.208661	0.105016	-0.0168364	-0.129128	-0.219113	-0.29604	-0.375733	-0.449946	-0.520236	-0.566189	-0.570837	-0.511433	-0.380071	-0.204227	-0.00984193	
-0.0883948	-0.0883948	-0.100684	-0.103664	-0.099411	-0.0975165	-0.1007	-0.126268	-0.194985	-0.281434	-0.388589	-0.511323	-0.621907	-0.703574	-0.747564	-0.739206	-0.690732	-0.618629	-0.558401	-0.544465	-0.563289	-0.606083	-0.648583	-0.66813	-0.659559	-0.636841	-0.586708	-0.520375	-0.439592	-0.333	-0.198112	-0.0519718	0.0889727	0.180014	0.201781	0.158046	0.0624563	-0.0662073	-0.193018	-0.30802	-0.406717	-0.495958	-0.574629	-0.650985	-0.693444	-0.684641	-0.6069	-0.468555	-0.291631	-0.0904363	
-0.264263	-0.264263	-0.282061	-0.301775	-0.31207	-0.322027	-0.32849	-0.348332	-0.398163	-0.464225	-0.543794	-0.638623	-0.718128	-0.784731	-0.82074	-0.805146	-0.750345	-0.669485	-0.592064	-0.560689	-0.565963	-0.595363	-0.631139	-0.659559	-0.678821	-0.689979	-0.670433	-0.618178	-0.541362	-0.441747	-0.309568	-0.159522	-0.0147335	0.0892481	0.131175	0.121646	0.0526838	-0.069336	-0.207784	-0.341435	-0.45975	-0.556998	-0.647449	-0.730121	-0.764495	-0.740893	-0.650415	-0.510544	-0.340248	-0.145465	
-0.431371	-0.431371	-0.450325	-0.481622	-0.505555	-0.519295	-0.526695	-0.53949	-0.56501	-0.595734	-0.634364	-0.679788	-0.724788	-0.775347	-0.799078	-0.777268	-0.72647	-0.649535	-0.573977	-0.532	-0.52433	-0.546938	-0.587024	-0.636841	-0.689979	-0.729245	-0.739604	-0.709267	-0.640767	-0.540838	-0.406626	-0.255708	-0.105342	0.014828	0.0820495	0.101863	0.0616489	-0.0383993	-0.174067	-0.317308	-0.450325	-0.559025	-0.659018	-0.736186	-0.7612	-0.724401	-0.628447	-0.497304	-0.337606	-0.160792	
-0.589921	-0.589921	-0.603668	-0.634184	-0.658801	-0.668279	-0.673876	-0.673719	-0.665461	-0.651884	-0.644268	-0.639317	-0.642704	-0.660408	-0.668735	-0.655699	-0.622239	-0.564246	-0.5046	-0.46591	-0.458848	-0.481501	-0.52103	-0.586708	-0.670433	-0.739604	-0.777406	-0.762662	-0.697855	-0.596495	-0.459229	-0.301938	-0.149695	-0.0259462	0.0658156	0.116193	0.107498	0.0288209	-0.10194	-0.245772	-0.380446	-0.499381	-0.601291	-0.670241	-0.682935	-0.633837	-0.540968	-0.429735	-0.293476	-0.143012	
-0.724769	-0.724769	-0.726938	-0.741939	-0.75136	-0.752735	-0.74689	-0.726096	-0.684643	-0.630244	-0.571915	-0.522236	-0.482645	-0.466731	-0.464453	-0.459524	-0.448053	-0.42531	-0.394793	-0.374894	-0.377078	-0.397526	-0.44142	-0.520375	-0.618178	-0.709267	-0.762662	-0.757876	-0.693982	-0.58561	-0.443071	-0.2857	-0.134912	-0.00884055	0.101514	0.17587	0.18781	0.129274	0.0107837	-0.129706	-0.26997	-0.397833	-0.491473	-0.542916	-0.540445	-0.490233	-0.409436	-0.314667	-0.208654	-0.0958969	
-0.795006	-0.795006	-0.787542	-0.780689	-0.771171	-0.760461	-0.73547	-0.690422	-0.625214	-0.538257	-0.437483	-0.347145	-0.272182	-0.231675	-0.219462	-0.219004	-0.233268	-0.251443	-0.253609	-0.255734	-0.267402	-0.295018	-0.351196	-0.439592	-0.541362	-0.640767	-0.697855	-0.693982	-0.628252	-0.51313	-0.36694	-0.214128	-0.0650358	0.0659415	0.181877	0.264552	0.287949	0.242223	0.143537	0.0111757	-0.135887	-0.272182	-0.356847	-0.382555	-0.360415	-0.314802	-0.246128	-0.164352	-0.087063	-0.0209917	
-0.760252	-0.760252	-0.752858	-0.729996	-0.71086	-0.69451	-0.655408	-0.592359	-0.509966	-0.393794	-0.266855	-0.150768	-0.0521159	0.0131049	0.0343493	0.0248687	-0.0100449	-0.0504449	-0.0842601	-0.11033	-0.135573	-0.174719	-0.239795	-0.333	-0.441747	-0.540838	-0.596495	-0.58561	-0.51313	-0.39794	-0.252933	-0.105321	0.0393305	0.170348	0.279176	0.362249	0.393554	0.359128	0.270723	0.140981	-0.00615344	-0.133712	-0.208447	-0.215119	-0.180407	-0.129229	-0.0599302	0.00182717	0.0468544	0.0718951	
-0.60248	-0.60248	-0.600035	-0.578985	-0.566589	-0.559948	-0.520124	-0.453952	-0.362776	-0.234626	-0.0935195	0.0359026	0.152524	0.233821	0.263313	0.248877	0.202185	0.146186	0.0946887	0.0543573	0.0173866	-0.029532	-0.101006	-0.198112	-0.309568	-0.406626	-0.459229	-0.443071	-0.36694	-0.252933	-0.112346	0.0246307	0.159229	0.284218	0.384363	0.464237	0.496637	0.466204	0.382862	0.259021	0.119871	0.00519044	-0.0594473	-0.0549659	-0.00747867	0.054034	0.122119	0.168005	0.182864	0.175829	
-0.340649	-0.340649	-0.342676	-0.342343	-0.353157	-0.361879	-0.340289	-0.285196	-0.201195	-0.0827446	0.0542331	0.192911	0.316299	0.402597	0.438915	0.434147	0.385026	0.315295	0.257869	0.213379	0.175146	0.126034	0.0497884	-0.0519718	-0.159522	-0.255708	-0.301938	-0.2857	-0.214128	-0.105321	0.0246307	0.156626	0.285071	0.397645	0.491276	0.563012	0.589737	0.55896	0.480992	0.367602	0.242114	0.135073	0.0815639	0.0906852	0.148735	0.21567	0.27293	0.306455	0.305701	0.273551	
-0.0288149	-0.0288149	-0.0357725	-0.0611887	-0.0981337	-0.126492	-0.131948	-0.103512	-0.0364351	0.0566994	0.17145	0.297177	0.417603	0.507892	0.55424	0.555296	0.514569	0.450207	0.394665	0.350253	0.309453	0.258938	0.18496	0.0889727	-0.0147335	-0.105342	-0.149695	-0.134912	-0.0650358	0.0393305	0.159229	0.285071	0.403083	0.501598	0.589637	0.649524	0.665926	0.632903	0.553296	0.447371	0.338757	0.249102	0.208278	0.215508	0.271235	0.341768	0.391905	0.416669	0.404868	0.366921	
0.271535	0.271535	0.252777	0.2092	0.150399	0.101743	0.074388	0.0785442	0.115457	0.175753	0.254894	0.35551	0.460937	0.549715	0.601912	0.610535	0.582147	0.534638	0.486056	0.440402	0.391363	0.332971	0.264835	0.180014	0.0892481	0.014828	-0.0259462	-0.00884055	0.0659415	0.170348	0.284218	0.397645	0.501598	0.59256	0.666827	0.706803	0.706645	0.664857	0.584125	0.483536	0.392458	0.328732	0.301492	0.308386	0.353803	0.422925	0.473297	0.492482	0.481981	0.446592	
0.512398	0.512398	0.484852	0.423725	0.34887	0.287653	0.249166	0.235474	0.245532	0.269574	0.315035	0.388584	0.47171	0.541074	0.593088	0.615053	0.598836	0.562624	0.516139	0.464708	0.405929	0.33798	0.269371	0.201781	0.131175	0.0820495	0.0658156	0.101514	0.181877	0.279176	0.384363	0.491276	0.589637	0.666827	0.709507	0.726963	0.712643	0.662553	0.579471	0.484531	0.406208	0.368944	0.357111	0.372768	0.413102	0.470721	0.519364	0.542985	0.541628	0.508887	
0.680251	0.680251	0.641853	0.572169	0.492699	0.423233	0.381007	0.360015	0.349414	0.349018	0.369751	0.408988	0.468058	0.519658	0.561085	0.585678	0.579734	0.546051	0.49766	0.428771	0.355156	0.279094	0.208661	0.158046	0.121646	0.101863	0.116193	0.17587	0.264552	0.362249	0.464237	0.563012	0.649524	0.706803	0.726963	0.72838	0.704215	0.64285	0.557011	0.467351	0.406341	0.393979	0.403034	0.423531	0.462511	0.511204	0.55596	0.579502	0.579734	0.551515	
0.775286	0.775286	0.734545	0.666582	0.592989	0.524023	0.481479	0.456176	0.434682	0.417915	0.422032	0.432858	0.462122	0.498334	0.529366	0.544711	0.539888	0.509175	0.45118	0.363496	0.270358	0.180898	0.105016	0.0624563	0.0526838	0.0616489	0.107498	0.18781	0.287949	0.393554	0.496637	0.589737	0.665926	0.706645	0.712643	0.704215	0.67503	0.614188	0.53247	0.457436	0.419946	0.425818	0.451267	0.477108	0.511779	0.553935	0.588813	0.605355	0.600114	0.580766	
0.810436	0.810436	0.776232	0.716033	0.650032	0.595389	0.555006	0.529279	0.499667	0.471315	0.456613	0.453578	0.454367	0.469399	0.491931	0.507105	0.504017	0.468347	0.398345	0.301875	0.190452	0.0757862	-0.0168364	-0.0662073	-0.069336	-0.0383993	0.0288209	0.129274	0.242223	0.359128	0.466204	0.55896	0.632903	0.664857	0.662553	0.64285	0.614188	0.567807	0.511828	0.467836	0.455279	0.466675	0.498632	0.534383	0.563808	0.587411	0.602555	0.611433	0.613319	0.596016	
0.792415	0.792415	0.765204	0.714958	0.664664	0.625342	0.59253	0.561956	0.526927	0.486432	0.458751	0.443161	0.431279	0.432792	0.449514	0.467199	0.470887	0.438092	0.360532	0.25482	0.120419	-0.0184379	-0.129128	-0.193018	-0.207784	-0.174067	-0.10194	0.0107837	0.143537	0.270723	0.382862	0.480992	0.553296	0.584125	0.579471	0.557011	0.53247	0.511828	0.491691	0.487624	0.500588	0.522679	0.553034	0.584501	0.59718	0.597103	0.595258	0.597974	0.602852	0.591283	
0.731126	0.731126	0.713453	0.676535	0.641922	0.618181	0.587843	0.546742	0.506306	0.463409	0.424404	0.399874	0.385775	0.382975	0.400304	0.429747	0.440976	0.409413	0.327518	0.206454	0.0573727	-0.0911089	-0.219113	-0.30802	-0.341435	-0.317308	-0.245772	-0.129706	0.0111757	0.140981	0.259021	0.367602	0.447371	0.483536	0.484531	0.467351	0.457436	0.467836	0.487624	0.515113	0.55075	0.586821	0.611619	0.624812	0.613882	0.587493	0.568421	0.559617	0.5638	0.560085	
0.651794	0.651794	0.643008	0.624153	0.602775	0.586295	0.55499	0.50788	0.456502	0.41065	0.370366	0.345271	0.323301	0.322277	0.349307	0.393464	0.41042	0.375255	0.285535	0.155286	-7.52811e-05	-0.156171	-0.29604	-0.406717	-0.45975	-0.450325	-0.380446	-0.26997	-0.135887	-0.00615344	0.119871	0.242114	0.338757	0.392458	0.406208	0.406341	0.419946	0.455279	0.500588	0.55075	0.607152	0.652268	0.672039	0.661558	0.625195	0.571444	0.528017	0.505403	0.51032	0.512617	
0.568623	0.568623	0.567244	0.56794	0.561294	0.54786	0.514231	0.458717	0.396733	0.342881	0.300077	0.277067	0.26038	0.264433	0.303104	0.355023	0.375153	0.335529	0.239833	0.101913	-0.0564407	-0.221708	-0.375733	-0.495958	-0.556998	-0.559025	-0.499381	-0.397833	-0.272182	-0.133712	0.00519044	0.135073	0.249102	0.328732	0.368944	0.393979	0.425818	0.466675	0.522679	0.586821	0.652268	0.699564	0.714336	0.683694	0.627622	0.554826	0.488604	0.456774	0.455951	0.457667	
0.49131	0.49131	0.491557	0.506231	0.514011	0.502057	0.466479	0.401886	0.323359	0.260001	0.216833	0.196996	0.19702	0.218267	0.261925	0.312406	0.335021	0.296495	0.194346	0.0467512	-0.119579	-0.291855	-0.449946	-0.574629	-0.647449	-0.659018	-0.601291	-0.491473	-0.356847	-0.208447	-0.0594473	0.0815639	0.208278	0.301492	0.357111	0.403034	0.451267	0.498632	0.553034	0.611619	0.672039	0.714336	0.71895	0.674361	0.602386	0.520441	0.447698	0.406601	0.393817	0.395392	
0.434058	0.434058	0.435534	0.447831	0.45515	0.4371	0.396412	0.324569	0.235072	0.168356	0.136062	0.119326	0.129557	0.163633	0.213102	0.26656	0.293977	0.253545	0.141333	-0.0135059	-0.18404	-0.35756	-0.520236	-0.650985	-0.730121	-0.736186	-0.670241	-0.542916	-0.382555	-0.215119	-0.0549659	0.0906852	0.215508	0.308386	0.372768	0.423531	0.477108	0.534383	0.584501	0.624812	0.661558	0.683694	0.674361	0.626573	0.545878	0.456736	0.382979	0.339826	0.320449	0.323659	
0.396589	0.396589	0.397312	0.396455	0.388405	0.354723	0.296981	0.221503	0.131846	0.0682146	0.0443448	0.0402065	0.0573961	0.0998169	0.155233	0.216331	0.240311	0.1994	0.0888236	-0.0652941	-0.238047	-0.40806	-0.566189	-0.693444	-0.764495	-0.7612	-0.682935	-0.540445	-0.360415	-0.180407	-0.00747867	0.148735	0.271235	0.353803	0.413102	0.462511	0.511779	0.563808	0.59718	0.613882	0.625195	0.627622	0.602386	0.545878	0.464542	0.373854	0.302374	0.262796	0.244013	0.242369	
0.37693	0.37693	0.373708	0.357838	0.328817	0.278556	0.199437	0.109692	0.0198339	-0.039282	-0.0662373	-0.0577866	-0.0226153	0.0265191	0.0835399	0.150002	0.177918	0.142179	0.0414258	-0.103513	-0.26449	-0.425523	-0.570837	-0.684641	-0.740893	-0.724401	-0.633837	-0.490233	-0.314802	-0.129229	0.054034	0.21567	0.341768	0.422925	0.470721	0.511204	0.553935	0.587411	0.597103	0.587493	0.571444	0.554826	0.520441	0.456736	0.373854	0.281225	0.219812	0.186552	0.164158	0.152561	
0.375796	0.375796	0.360556	0.326987	0.277558	0.208007	0.117725	0.0109579	-0.0895586	-0.160445	-0.190974	-0.178169	-0.126826	-0.0654988	0.00783091	0.0763533	0.112295	0.0950649	0.0183078	-0.102208	-0.235436	-0.380102	-0.511433	-0.6069	-0.650415	-0.628447	-0.540968	-0.409436	-0.246128	-0.0599302	0.122119	0.27293	0.391905	0.473297	0.519364	0.55596	0.588813	0.602555	0.595258	0.568421	0.528017	0.488604	0.447698	0.382979	0.302374	0.219812	0.160193	0.12079	0.0928073	0.0780003	
0.390222	0.390222	0.367111	0.315206	0.242857	0.148765	0.036946	-0.087545	-0.200413	-0.283263	-0.313166	-0.294641	-0.240332	-0.172451	-0.0834046	-0.0020668	0.0522738	0.0677644	0.0291141	-0.0561246	-0.155481	-0.268118	-0.380071	-0.468555	-0.510544	-0.497304	-0.429735	-0.314667	-0.164352	0.00182717	0.168005	0.306455	0.416669	0.492482	0.542985	0.579502	0.605355	0.611433	0.597974	0.559617	0.505403	0.456774	0.406601	0.339826	0.262796	0.186552	0.12079	0.0732088	0.0462199	0.0250986	
0.420402	0.420402	0.382699	0.30677	0.203916	0.0756156	-0.0651786	-0.200453	-0.316808	-0.398734	-0.426946	-0.406307	-0.354388	-0.283039	-0.185383	-0.0778968	0.00807714	0.0629267	0.0700121	0.0322348	-0.0304843	-0.11038	-0.204227	-0.291631	-0.340248	-0.337606	-0.293476	-0.208654	-0.087063	0.0468544	0.182864	0.305701	0.404868	0.481981	0.541628	0.579734	0.600114	0.613319	0.602852	0.5638	0.51032	0.455951	0.393817	0.320449	0.244013	0.164158	0.0928073	0.0462199	0.0195477	-0.0101163	
0.431647	0.431647	0.374342	0.267972	0.129427	-0.0305378	-0.189889	-0.331803	-0.446599	-0.518967	-0.543967	-0.530158	-0.473823	-0.388625	-0.275164	-0.136758	-0.00863268	0.080093	0.126376	0.134888	0.113927	0.0648388	-0.00984193	-0.0904363	-0.145465	-0.160792	-0.143012	-0.0958969	-0.0209917	0.0718951	0.175829	0.273551	0.366921	0.446592	0.508887	0.551515	0.580766	0.596016	0.591283	0.560085	0.512617	0.457667	0.395392	0.323659	0.242369	0.152561	0.0780003	0.0250986	-0.0101163	-0.0431926	
