2.12076	2.12076	1.98872	1.72931	1.39751	1.05718	0.727995	0.42221	0.160991	-0.0448007	-0.167249	-0.194591	-0.154852	-0.0843138	-0.0331523	-0.0495555	-0.151216	-0.346335	-0.614734	-0.89941	-1.14262	-1.30065	-1.35088	-1.27683	-1.08893	-0.811229	-0.470522	-0.104322	0.229883	0.46685	0.553661	0.484881	0.288333	0.0289362	-0.222382	-0.42418	-0.548704	-0.598578	-0.58478	-0.504653	-0.349838	-0.145141	0.0709601	0.262713	0.406157	0.479752	0.471855	0.4263	0.373318	0.327346	
2.12076	2.12076	1.98872	1.72931	1.39751	1.05718	0.727995	0.42221	0.160991	-0.0448007	-0.167249	-0.194591	-0.154852	-0.0843138	-0.0331523	-0.0495555	-0.151216	-0.346335	-0.614734	-0.89941	-1.14262	-1.30065	-1.35088	-1.27683	-1.08893	-0.811229	-0.470522	-0.104322	0.229883	0.46685	0.553661	0.484881	0.288333	0.0289362	-0.222382	-0.42418	-0.548704	-0.598578	-0.58478	-0.504653	-0.349838	-0.145141	0.0709601	0.262713	0.406157	0.479752	0.471855	0.4263	0.373318	0.327346	
1.98872	1.98872	1.85158	1.60831	1.30544	0.983791	0.664765	0.373914	0.124692	-0.0717302	-0.18912	-0.212656	-0.177018	-0.109809	-0.0566893	-0.0634004	-0.156252	-0.341806	-0.600853	-0.870373	-1.10273	-1.25373	-1.29604	-1.22111	-1.03952	-0.761272	-0.418714	-0.0565178	0.273833	0.509836	0.598067	0.535384	0.351462	0.108857	-0.138014	-0.339867	-0.466921	-0.525791	-0.530089	-0.466841	-0.335544	-0.155347	0.0353298	0.205666	0.329361	0.38648	0.377821	0.336632	0.292201	0.258971	
1.72931	1.72931	1.60831	1.39744	1.13271	0.843525	0.554084	0.292162	0.0613254	-0.124133	-0.231251	-0.246874	-0.208246	-0.141895	-0.0842379	-0.0818506	-0.164249	-0.339039	-0.574914	-0.816531	-1.02018	-1.15097	-1.18067	-1.10451	-0.924767	-0.657155	-0.32663	0.0274848	0.347542	0.571595	0.659722	0.619641	0.467154	0.249134	0.0192978	-0.176581	-0.313999	-0.395035	-0.42689	-0.400999	-0.31162	-0.180855	-0.0345254	0.0987102	0.192336	0.230867	0.219526	0.18453	0.148906	0.125533	
1.39751	1.39751	1.30544	1.13271	0.906649	0.661674	0.418751	0.190364	-0.017726	-0.180839	-0.269669	-0.279067	-0.235562	-0.166578	-0.107129	-0.10303	-0.173026	-0.325334	-0.527241	-0.73414	-0.900788	-1.00227	-1.01676	-0.940283	-0.764967	-0.508736	-0.19488	0.138331	0.43681	0.646588	0.737013	0.718767	0.607463	0.429967	0.230241	0.0417949	-0.104997	-0.207748	-0.27213	-0.297847	-0.267216	-0.199562	-0.115843	-0.0380247	0.0123985	0.0299455	0.0216034	-0.00693295	-0.0350338	-0.0438874	
1.05718	1.05718	0.983791	0.843525	0.661674	0.469341	0.270157	0.073569	-0.103564	-0.230197	-0.296206	-0.298257	-0.257024	-0.185114	-0.124916	-0.111382	-0.163409	-0.287882	-0.464808	-0.634679	-0.764539	-0.834561	-0.828842	-0.741922	-0.571593	-0.325905	-0.0326592	0.27291	0.545621	0.739916	0.83279	0.838918	0.767489	0.642288	0.478092	0.304131	0.151064	0.0266977	-0.0806713	-0.160783	-0.200762	-0.200698	-0.180836	-0.163451	-0.161743	-0.173062	-0.18643	-0.206712	-0.224295	-0.214256	
0.727995	0.727995	0.664765	0.554084	0.418751	0.270157	0.11012	-0.0526814	-0.19535	-0.295806	-0.337184	-0.323884	-0.271326	-0.193793	-0.127417	-0.106488	-0.142958	-0.24494	-0.395112	-0.53455	-0.627402	-0.663055	-0.639168	-0.538713	-0.363134	-0.130371	0.14015	0.421037	0.670016	0.851385	0.950993	0.98155	0.953154	0.870726	0.742439	0.584735	0.42413	0.276503	0.134526	-0.000420606	-0.107206	-0.16937	-0.209845	-0.252774	-0.299587	-0.335187	-0.364669	-0.392165	-0.406424	-0.38664	
0.42221	0.42221	0.373914	0.292162	0.190364	0.073569	-0.0526814	-0.179535	-0.291851	-0.374985	-0.3994	-0.364759	-0.296383	-0.215904	-0.145362	-0.113483	-0.132114	-0.209958	-0.325063	-0.432579	-0.501795	-0.518641	-0.474029	-0.355097	-0.171801	0.0581398	0.316306	0.575722	0.803587	0.978805	1.08647	1.14035	1.14739	1.10217	1.00347	0.860066	0.699209	0.531864	0.356972	0.180075	0.0244252	-0.09961	-0.201644	-0.303917	-0.398856	-0.465362	-0.518996	-0.559531	-0.581173	-0.564376	
0.160991	0.160991	0.124692	0.0613254	-0.017726	-0.103564	-0.19535	-0.291851	-0.382086	-0.45241	-0.470009	-0.430713	-0.364016	-0.284782	-0.202913	-0.149441	-0.143967	-0.191377	-0.270415	-0.3464	-0.39497	-0.390773	-0.319717	-0.181571	0.00942261	0.239766	0.482954	0.716694	0.927832	1.09966	1.21874	1.29174	1.32666	1.31499	1.24504	1.11991	0.964429	0.783785	0.580656	0.371019	0.175612	0.00035997	-0.162489	-0.316636	-0.4567	-0.571523	-0.660549	-0.719558	-0.743336	-0.724806	
-0.0448007	-0.0448007	-0.0717302	-0.124133	-0.180839	-0.230197	-0.295806	-0.374985	-0.45241	-0.513612	-0.538354	-0.511722	-0.462998	-0.393409	-0.309357	-0.235646	-0.201391	-0.20783	-0.243194	-0.280437	-0.296027	-0.260983	-0.162519	-0.00892281	0.187053	0.403822	0.617996	0.822755	1.01135	1.16814	1.2938	1.3975	1.46086	1.4805	1.44334	1.35027	1.20897	1.02407	0.799964	0.562801	0.331772	0.107961	-0.106932	-0.308568	-0.488104	-0.650541	-0.782111	-0.854093	-0.875429	-0.8633	
-0.167249	-0.167249	-0.18912	-0.231251	-0.269669	-0.296206	-0.337184	-0.3994	-0.470009	-0.538354	-0.586779	-0.594862	-0.56807	-0.514128	-0.441077	-0.368504	-0.305414	-0.259303	-0.238476	-0.229493	-0.194808	-0.119679	0.00308849	0.169573	0.363784	0.556074	0.734653	0.893548	1.0423	1.18371	1.31602	1.43598	1.53402	1.59167	1.59741	1.54	1.42174	1.24253	1.01199	0.751868	0.487969	0.222138	-0.0409518	-0.289332	-0.508789	-0.698174	-0.849333	-0.936609	-0.958794	-0.947805	
-0.194591	-0.194591	-0.212656	-0.246874	-0.279067	-0.298257	-0.323884	-0.364759	-0.430713	-0.511722	-0.594862	-0.647166	-0.660114	-0.636385	-0.585548	-0.50601	-0.409867	-0.323093	-0.258224	-0.192101	-0.105367	0.0060326	0.158189	0.34302	0.52862	0.691741	0.826731	0.936909	1.04011	1.1552	1.2828	1.41682	1.54389	1.64391	1.69103	1.67453	1.58686	1.41691	1.18077	0.908875	0.618296	0.317946	0.0220265	-0.256849	-0.505797	-0.718017	-0.871287	-0.956259	-0.977087	-0.959451	
-0.154852	-0.154852	-0.177018	-0.208246	-0.235562	-0.257024	-0.271326	-0.296383	-0.364016	-0.462998	-0.56807	-0.660114	-0.718094	-0.728391	-0.692711	-0.607515	-0.496418	-0.385777	-0.280444	-0.165597	-0.0371391	0.116065	0.293161	0.477691	0.64919	0.787129	0.883565	0.952224	1.01736	1.09982	1.21233	1.35017	1.49467	1.62045	1.6995	1.71364	1.65026	1.50613	1.27964	0.997738	0.693055	0.381755	0.0671319	-0.226779	-0.486493	-0.701875	-0.848731	-0.925895	-0.940081	-0.911277	
-0.0843138	-0.0843138	-0.109809	-0.141895	-0.166578	-0.185114	-0.193793	-0.215904	-0.284782	-0.393409	-0.514128	-0.636385	-0.728391	-0.763815	-0.736716	-0.656958	-0.545307	-0.421304	-0.288434	-0.150776	-0.0007408	0.177035	0.36695	0.546144	0.702248	0.820339	0.890433	0.933669	0.971845	1.02656	1.1163	1.24653	1.3895	1.51979	1.61772	1.65078	1.60679	1.4846	1.27413	0.99818	0.700085	0.393522	0.0814182	-0.212744	-0.46877	-0.665736	-0.796287	-0.858313	-0.862051	-0.824321	
-0.0331523	-0.0331523	-0.0566893	-0.0842379	-0.107129	-0.124916	-0.127417	-0.145362	-0.202913	-0.309357	-0.441077	-0.585548	-0.692711	-0.736716	-0.713914	-0.64717	-0.5409	-0.41824	-0.289296	-0.152051	0.00362709	0.179765	0.359052	0.526909	0.6655	0.765981	0.824136	0.857025	0.880219	0.915917	0.984177	1.09062	1.21908	1.3409	1.43917	1.48586	1.45826	1.3504	1.16506	0.919641	0.641141	0.351657	0.0594963	-0.2157	-0.45407	-0.623503	-0.729045	-0.774895	-0.761269	-0.705585	
-0.0495555	-0.0495555	-0.0634004	-0.0818506	-0.10303	-0.111382	-0.106488	-0.113483	-0.149441	-0.235646	-0.368504	-0.50601	-0.607515	-0.656958	-0.64717	-0.587262	-0.492691	-0.392732	-0.290389	-0.17134	-0.0268176	0.128222	0.281009	0.419443	0.531614	0.612879	0.66915	0.701345	0.715433	0.739307	0.790133	0.871614	0.981298	1.09369	1.1802	1.23283	1.2253	1.13596	0.982831	0.774877	0.525236	0.263161	0.011999	-0.224896	-0.425794	-0.568365	-0.645284	-0.662457	-0.63298	-0.576207	
-0.151216	-0.151216	-0.156252	-0.164249	-0.173026	-0.163409	-0.142958	-0.132114	-0.143967	-0.201391	-0.305414	-0.409867	-0.496418	-0.545307	-0.5409	-0.492691	-0.432834	-0.370536	-0.301211	-0.211213	-0.0957065	0.0268249	0.143913	0.243052	0.320961	0.377379	0.424917	0.451969	0.472239	0.499902	0.542947	0.602935	0.69071	0.791674	0.878764	0.93747	0.945865	0.885618	0.766644	0.594846	0.384205	0.163378	-0.0413641	-0.227599	-0.378117	-0.484249	-0.534178	-0.526345	-0.480035	-0.428895	
-0.346335	-0.346335	-0.341806	-0.339039	-0.325334	-0.287882	-0.24494	-0.209958	-0.191377	-0.20783	-0.259303	-0.323093	-0.385777	-0.421304	-0.41824	-0.392732	-0.370536	-0.347193	-0.316009	-0.265016	-0.195328	-0.117318	-0.0466175	0.0112825	0.0513133	0.0815369	0.107786	0.13548	0.170276	0.202291	0.241834	0.296616	0.369119	0.458271	0.552816	0.624232	0.65288	0.629433	0.547003	0.414716	0.24857	0.0787087	-0.0774759	-0.210261	-0.313087	-0.380438	-0.399946	-0.372427	-0.320161	-0.274347	
-0.614734	-0.614734	-0.600853	-0.574914	-0.527241	-0.464808	-0.395112	-0.325063	-0.270415	-0.243194	-0.238476	-0.258224	-0.280444	-0.288434	-0.289296	-0.290389	-0.301211	-0.316009	-0.325873	-0.320274	-0.300954	-0.271554	-0.256008	-0.253927	-0.255003	-0.247045	-0.236587	-0.209339	-0.164621	-0.120125	-0.0758444	-0.0232995	0.0409394	0.126848	0.221138	0.301548	0.354385	0.376263	0.340438	0.251383	0.132405	0.0167561	-0.08548	-0.163264	-0.220719	-0.248415	-0.242224	-0.20714	-0.162916	-0.124244	
-0.89941	-0.89941	-0.870373	-0.816531	-0.73414	-0.634679	-0.53455	-0.432579	-0.3464	-0.280437	-0.229493	-0.192101	-0.165597	-0.150776	-0.152051	-0.17134	-0.211213	-0.265016	-0.320274	-0.371303	-0.40615	-0.435748	-0.473166	-0.516344	-0.558725	-0.583114	-0.58313	-0.55246	-0.498499	-0.434018	-0.377997	-0.328409	-0.268483	-0.192952	-0.104662	-0.0122484	0.0757063	0.132238	0.13919	0.0999	0.0388617	-0.021521	-0.0653117	-0.0902619	-0.104086	-0.100007	-0.0777624	-0.0423656	-0.0100909	0.0118741	
-1.14262	-1.14262	-1.10273	-1.02018	-0.900788	-0.764539	-0.627402	-0.501795	-0.39497	-0.296027	-0.194808	-0.105367	-0.0371391	-0.0007408	0.00362709	-0.0268176	-0.0957065	-0.195328	-0.300954	-0.40615	-0.502019	-0.595475	-0.683704	-0.764218	-0.832681	-0.878512	-0.883442	-0.845772	-0.780537	-0.70471	-0.638622	-0.589926	-0.540649	-0.478901	-0.39752	-0.291405	-0.179559	-0.0937044	-0.0435266	-0.0287011	-0.0338072	-0.0427576	-0.0341835	-0.00712567	0.0250577	0.0558526	0.0853338	0.115344	0.135111	0.138649	
-1.30065	-1.30065	-1.25373	-1.15097	-1.00227	-0.834561	-0.663055	-0.518641	-0.390773	-0.260983	-0.119679	0.0060326	0.116065	0.177035	0.179765	0.128222	0.0268249	-0.117318	-0.271554	-0.435748	-0.595475	-0.735486	-0.862121	-0.971223	-1.04922	-1.09229	-1.08936	-1.04162	-0.967269	-0.885127	-0.813748	-0.766105	-0.726397	-0.67861	-0.608037	-0.504673	-0.390766	-0.279623	-0.189506	-0.13156	-0.0903122	-0.0459789	0.00965469	0.0815804	0.151254	0.207277	0.250224	0.270613	0.264175	0.243409	
-1.35088	-1.35088	-1.29604	-1.18067	-1.01676	-0.828842	-0.639168	-0.474029	-0.319717	-0.162519	0.00308849	0.158189	0.293161	0.36695	0.359052	0.281009	0.143913	-0.0466175	-0.256008	-0.473166	-0.683704	-0.862121	-1.00754	-1.11982	-1.19107	-1.21604	-1.19285	-1.12237	-1.02816	-0.937099	-0.864576	-0.817688	-0.792099	-0.764918	-0.71178	-0.622793	-0.515928	-0.400828	-0.289798	-0.198406	-0.120463	-0.0342661	0.0609708	0.168244	0.2642	0.340092	0.390577	0.39947	0.372716	0.32483	
-1.27683	-1.27683	-1.22111	-1.10451	-0.940283	-0.741922	-0.538713	-0.355097	-0.181571	-0.00892281	0.169573	0.34302	0.477691	0.546144	0.526909	0.419443	0.243052	0.0112825	-0.253927	-0.516344	-0.764218	-0.971223	-1.11982	-1.21034	-1.2593	-1.24877	-1.18565	-1.0778	-0.954296	-0.849888	-0.777013	-0.736826	-0.726528	-0.725805	-0.703767	-0.645426	-0.556447	-0.453478	-0.346138	-0.234861	-0.127077	-0.0111328	0.10908	0.235828	0.348526	0.442408	0.493779	0.493299	0.456843	0.39332	
-1.08893	-1.08893	-1.03952	-0.924767	-0.764967	-0.571593	-0.363134	-0.171801	0.00942261	0.187053	0.363784	0.52862	0.64919	0.702248	0.6655	0.531614	0.320961	0.0513133	-0.255003	-0.558725	-0.832681	-1.04922	-1.19107	-1.2593	-1.26273	-1.19827	-1.07836	-0.925572	-0.770984	-0.646961	-0.570066	-0.541204	-0.552278	-0.581576	-0.602501	-0.593559	-0.546897	-0.47258	-0.377111	-0.261786	-0.131068	0.00596607	0.142974	0.273894	0.39429	0.498904	0.548434	0.543267	0.502957	0.441867	
-0.811229	-0.811229	-0.761272	-0.657155	-0.508736	-0.325905	-0.130371	0.0581398	0.239766	0.403822	0.556074	0.691741	0.787129	0.820339	0.765981	0.612879	0.377379	0.0815369	-0.247045	-0.583114	-0.878512	-1.09229	-1.21604	-1.24877	-1.19827	-1.07893	-0.897902	-0.691973	-0.504417	-0.365302	-0.287306	-0.268097	-0.304756	-0.381203	-0.453612	-0.49441	-0.500806	-0.47247	-0.40613	-0.29553	-0.146671	0.00948608	0.154837	0.28293	0.405559	0.510037	0.556656	0.55165	0.517228	0.471381	
-0.470522	-0.470522	-0.418714	-0.32663	-0.19488	-0.0326592	0.14015	0.316306	0.482954	0.617996	0.734653	0.826731	0.883565	0.890433	0.824136	0.66915	0.424917	0.107786	-0.236587	-0.58313	-0.883442	-1.08936	-1.19285	-1.18565	-1.07836	-0.897902	-0.665655	-0.418462	-0.205535	-0.0535877	0.0258638	0.0274995	-0.0412086	-0.154388	-0.273174	-0.366953	-0.433795	-0.461078	-0.424298	-0.32216	-0.173726	-0.0109768	0.14192	0.281735	0.406905	0.495427	0.533065	0.536196	0.518998	0.492962	
-0.104322	-0.104322	-0.0565178	0.0274848	0.138331	0.27291	0.421037	0.575722	0.716694	0.822755	0.893548	0.936909	0.952224	0.933669	0.857025	0.701345	0.451969	0.13548	-0.209339	-0.55246	-0.845772	-1.04162	-1.12237	-1.0778	-0.925572	-0.691973	-0.418462	-0.146222	0.0840398	0.243261	0.318107	0.302851	0.208512	0.0692395	-0.0906555	-0.236801	-0.35821	-0.430914	-0.423495	-0.33904	-0.200135	-0.0351474	0.125655	0.28103	0.404309	0.482852	0.519466	0.53148	0.532183	0.526611	
0.229883	0.229883	0.273833	0.347542	0.43681	0.545621	0.670016	0.803587	0.927832	1.01135	1.0423	1.04011	1.01736	0.971845	0.880219	0.715433	0.472239	0.170276	-0.164621	-0.498499	-0.780537	-0.967269	-1.02816	-0.954296	-0.770984	-0.504417	-0.205535	0.0840398	0.324284	0.482846	0.548662	0.524515	0.415827	0.25112	0.0601452	-0.126409	-0.285436	-0.391293	-0.411345	-0.348999	-0.222647	-0.0554453	0.120098	0.285134	0.404825	0.485045	0.533353	0.558983	0.574639	0.584822	
0.46685	0.46685	0.509836	0.571595	0.646588	0.739916	0.851385	0.978805	1.09966	1.16814	1.18371	1.1552	1.09982	1.02656	0.915917	0.739307	0.499902	0.202291	-0.120125	-0.434018	-0.70471	-0.885127	-0.937099	-0.849888	-0.646961	-0.365302	-0.0535877	0.243261	0.482846	0.64005	0.69964	0.669512	0.553273	0.371495	0.159401	-0.0530416	-0.238085	-0.363142	-0.403026	-0.349494	-0.231956	-0.0730004	0.113373	0.288081	0.418201	0.51	0.569249	0.614706	0.649611	0.670803	
0.553661	0.553661	0.598067	0.659722	0.737013	0.83279	0.950993	1.08647	1.21874	1.2938	1.31602	1.2828	1.21233	1.1163	0.984177	0.790133	0.542947	0.241834	-0.0758444	-0.377997	-0.638622	-0.813748	-0.864576	-0.777013	-0.570066	-0.287306	0.0258638	0.318107	0.548662	0.69964	0.757879	0.729959	0.614743	0.425465	0.203312	-0.0197157	-0.215459	-0.347664	-0.392741	-0.341585	-0.22564	-0.0720458	0.114875	0.297354	0.441639	0.550351	0.625261	0.687458	0.736388	0.76754	
0.484881	0.484881	0.535384	0.619641	0.718767	0.838918	0.98155	1.14035	1.29174	1.3975	1.43598	1.41682	1.35017	1.24653	1.09062	0.871614	0.602935	0.296616	-0.0232995	-0.328409	-0.589926	-0.766105	-0.817688	-0.736826	-0.541204	-0.268097	0.0274995	0.302851	0.524515	0.669512	0.729959	0.707868	0.597266	0.417665	0.204366	-0.0150182	-0.205507	-0.333154	-0.371174	-0.320303	-0.198822	-0.0391897	0.139502	0.322148	0.47812	0.605852	0.704223	0.77545	0.833081	0.869395	
0.288333	0.288333	0.351462	0.467154	0.607463	0.767489	0.953154	1.14739	1.32666	1.46086	1.53402	1.54389	1.49467	1.3895	1.21908	0.981298	0.69071	0.369119	0.0409394	-0.268483	-0.540649	-0.726397	-0.792099	-0.726528	-0.552278	-0.304756	-0.0412086	0.208512	0.415827	0.553273	0.614743	0.597266	0.502987	0.352576	0.160823	-0.0407821	-0.215668	-0.324017	-0.341832	-0.276237	-0.146826	0.0190447	0.189528	0.37387	0.542025	0.684072	0.798029	0.880729	0.94212	0.977381	
0.0289362	0.0289362	0.108857	0.249134	0.429967	0.642288	0.870726	1.10217	1.31499	1.4805	1.59167	1.64391	1.62045	1.51979	1.3409	1.09369	0.791674	0.458271	0.126848	-0.192952	-0.478901	-0.67861	-0.764918	-0.725805	-0.581576	-0.381203	-0.154388	0.0692395	0.25112	0.371495	0.425465	0.417665	0.352576	0.23207	0.0697254	-0.0992359	-0.239984	-0.316419	-0.309296	-0.225597	-0.0803581	0.0935101	0.267106	0.447954	0.626986	0.783059	0.908862	1.0027	1.06527	1.08611	
-0.222382	-0.222382	-0.138014	0.0192978	0.230241	0.478092	0.742439	1.00347	1.24504	1.44334	1.59741	1.69103	1.6995	1.61772	1.43917	1.1802	0.878764	0.552816	0.221138	-0.104662	-0.39752	-0.608037	-0.71178	-0.703767	-0.602501	-0.453612	-0.273174	-0.0906555	0.0601452	0.159401	0.203312	0.204366	0.160823	0.0697254	-0.049328	-0.171508	-0.266949	-0.302858	-0.272687	-0.171521	-0.00663624	0.18085	0.362797	0.532907	0.712873	0.888828	1.02838	1.12387	1.17332	1.17807	
-0.42418	-0.42418	-0.339867	-0.176581	0.0417949	0.304131	0.584735	0.860066	1.11991	1.35027	1.54	1.67453	1.71364	1.65078	1.48586	1.23283	0.93747	0.624232	0.301548	-0.0122484	-0.291405	-0.504673	-0.622793	-0.645426	-0.593559	-0.49441	-0.366953	-0.236801	-0.126409	-0.0530416	-0.0197157	-0.0150182	-0.0407821	-0.0992359	-0.171508	-0.241405	-0.280608	-0.277345	-0.221427	-0.103782	0.071176	0.261756	0.445525	0.614141	0.794177	0.978913	1.12272	1.21412	1.25295	1.23982	
-0.548704	-0.548704	-0.466921	-0.313999	-0.104997	0.151064	0.42413	0.699209	0.964429	1.20897	1.42174	1.58686	1.65026	1.60679	1.45826	1.2253	0.945865	0.65288	0.354385	0.0757063	-0.179559	-0.390766	-0.515928	-0.556447	-0.546897	-0.500806	-0.433795	-0.35821	-0.285436	-0.238085	-0.215459	-0.205507	-0.215668	-0.239984	-0.266949	-0.280608	-0.271171	-0.238327	-0.162421	-0.0293101	0.142899	0.324271	0.496545	0.666073	0.84279	1.02156	1.16191	1.24974	1.28483	1.25764	
-0.598578	-0.598578	-0.525791	-0.395035	-0.207748	0.0266977	0.276503	0.531864	0.783785	1.02407	1.24253	1.41691	1.50613	1.4846	1.3504	1.13596	0.885618	0.629433	0.376263	0.132238	-0.0937044	-0.279623	-0.400828	-0.453478	-0.47258	-0.47247	-0.461078	-0.430914	-0.391293	-0.363142	-0.347664	-0.333154	-0.324017	-0.316419	-0.302858	-0.277345	-0.238327	-0.180909	-0.0904849	0.0387694	0.191799	0.356097	0.510645	0.664799	0.82954	0.996116	1.13629	1.22211	1.24859	1.21715	
-0.58478	-0.58478	-0.530089	-0.42689	-0.27213	-0.0806713	0.134526	0.356972	0.580656	0.799964	1.01199	1.18077	1.27964	1.27413	1.16506	0.982831	0.766644	0.547003	0.340438	0.13919	-0.0435266	-0.189506	-0.289798	-0.346138	-0.377111	-0.40613	-0.424298	-0.423495	-0.411345	-0.403026	-0.392741	-0.371174	-0.341832	-0.309296	-0.272687	-0.221427	-0.162421	-0.0904849	-0.000897265	0.104743	0.222977	0.350106	0.477128	0.610969	0.761544	0.91229	1.03939	1.11997	1.14258	1.11784	
-0.504653	-0.504653	-0.466841	-0.400999	-0.297847	-0.160783	-0.000420606	0.180075	0.371019	0.562801	0.751868	0.908875	0.997738	0.99818	0.919641	0.774877	0.594846	0.414716	0.251383	0.0999	-0.0287011	-0.13156	-0.198406	-0.234861	-0.261786	-0.29553	-0.32216	-0.33904	-0.348999	-0.349494	-0.341585	-0.320303	-0.276237	-0.225597	-0.171521	-0.103782	-0.0293101	0.0387694	0.104743	0.174475	0.252394	0.331658	0.419571	0.52523	0.651138	0.778641	0.884212	0.955248	0.979144	0.957374	
-0.349838	-0.349838	-0.335544	-0.31162	-0.267216	-0.200762	-0.107206	0.0244252	0.175612	0.331772	0.487969	0.618296	0.693055	0.700085	0.641141	0.525236	0.384205	0.24857	0.132405	0.0388617	-0.0338072	-0.0903122	-0.120463	-0.127077	-0.131068	-0.146671	-0.173726	-0.200135	-0.222647	-0.231956	-0.22564	-0.198822	-0.146826	-0.0803581	-0.00663624	0.071176	0.142899	0.191799	0.222977	0.252394	0.283888	0.313763	0.355224	0.421304	0.512997	0.615082	0.699331	0.753395	0.770783	0.747874	
-0.145141	-0.145141	-0.155347	-0.180855	-0.199562	-0.200698	-0.16937	-0.09961	0.00035997	0.107961	0.222138	0.317946	0.381755	0.393522	0.351657	0.263161	0.163378	0.0787087	0.0167561	-0.021521	-0.0427576	-0.0459789	-0.0342661	-0.0111328	0.00596607	0.00948608	-0.0109768	-0.0351474	-0.0554453	-0.0730004	-0.0720458	-0.0391897	0.0190447	0.0935101	0.18085	0.261756	0.324271	0.356097	0.350106	0.331658	0.313763	0.298014	0.285207	0.304907	0.357561	0.42943	0.49327	0.529	0.533368	0.512569	
0.0709601	0.0709601	0.0353298	-0.0345254	-0.115843	-0.180836	-0.209845	-0.201644	-0.162489	-0.106932	-0.0409518	0.0220265	0.0671319	0.0814182	0.0594963	0.011999	-0.0413641	-0.0774759	-0.08548	-0.0653117	-0.0341835	0.00965469	0.0609708	0.10908	0.142974	0.154837	0.14192	0.125655	0.120098	0.113373	0.114875	0.139502	0.189528	0.267106	0.362797	0.445525	0.496545	0.510645	0.477128	0.419571	0.355224	0.285207	0.21661	0.18621	0.196367	0.229123	0.264067	0.282001	0.282827	0.266255	
0.262713	0.262713	0.205666	0.0987102	-0.0380247	-0.163451	-0.252774	-0.303917	-0.316636	-0.308568	-0.289332	-0.256849	-0.226779	-0.212744	-0.2157	-0.224896	-0.227599	-0.210261	-0.163264	-0.0902619	-0.00712567	0.0815804	0.168244	0.235828	0.273894	0.28293	0.281735	0.28103	0.285134	0.288081	0.297354	0.322148	0.37387	0.447954	0.532907	0.614141	0.666073	0.664799	0.610969	0.52523	0.421304	0.304907	0.18621	0.0922518	0.0430294	0.0298193	0.0344505	0.0373714	0.0334575	0.0263319	
0.406157	0.406157	0.329361	0.192336	0.0123985	-0.161743	-0.299587	-0.398856	-0.4567	-0.488104	-0.508789	-0.505797	-0.486493	-0.46877	-0.45407	-0.425794	-0.378117	-0.313087	-0.220719	-0.104086	0.0250577	0.151254	0.2642	0.348526	0.39429	0.405559	0.406905	0.404309	0.404825	0.418201	0.441639	0.47812	0.542025	0.626986	0.712873	0.794177	0.84279	0.82954	0.761544	0.651138	0.512997	0.357561	0.196367	0.0430294	-0.0753205	-0.145432	-0.176375	-0.191531	-0.201762	-0.192464	
0.479752	0.479752	0.38648	0.230867	0.0299455	-0.173062	-0.335187	-0.465362	-0.571523	-0.650541	-0.698174	-0.718017	-0.701875	-0.665736	-0.623503	-0.568365	-0.484249	-0.380438	-0.248415	-0.100007	0.0558526	0.207277	0.340092	0.442408	0.498904	0.510037	0.495427	0.482852	0.485045	0.51	0.550351	0.605852	0.684072	0.783059	0.888828	0.978913	1.02156	0.996116	0.91229	0.778641	0.615082	0.42943	0.229123	0.0298193	-0.145432	-0.267616	-0.342083	-0.388985	-0.408167	-0.377671	
0.471855	0.471855	0.377821	0.219526	0.0216034	-0.18643	-0.364669	-0.518996	-0.660549	-0.782111	-0.849333	-0.871287	-0.848731	-0.796287	-0.729045	-0.645284	-0.534178	-0.399946	-0.242224	-0.0777624	0.0853338	0.250224	0.390577	0.493779	0.548434	0.556656	0.533065	0.519466	0.533353	0.569249	0.625261	0.704223	0.798029	0.908862	1.02838	1.12272	1.16191	1.13629	1.03939	0.884212	0.699331	0.49327	0.264067	0.0344505	-0.176375	-0.342083	-0.46632	-0.541062	-0.570843	-0.535188	
0.4263	0.4263	0.336632	0.18453	-0.00693295	-0.206712	-0.392165	-0.559531	-0.719558	-0.854093	-0.936609	-0.956259	-0.925895	-0.858313	-0.774895	-0.662457	-0.526345	-0.372427	-0.20714	-0.0423656	0.115344	0.270613	0.39947	0.493299	0.543267	0.55165	0.536196	0.53148	0.558983	0.614706	0.687458	0.77545	0.880729	1.0027	1.12387	1.21412	1.24974	1.22211	1.11997	0.955248	0.753395	0.529	0.282001	0.0373714	-0.191531	-0.388985	-0.541062	-0.635698	-0.674182	-0.644091	
0.373318	0.373318	0.292201	0.148906	-0.0350338	-0.224295	-0.406424	-0.581173	-0.743336	-0.875429	-0.958794	-0.977087	-0.940081	-0.862051	-0.761269	-0.63298	-0.480035	-0.320161	-0.162916	-0.0100909	0.135111	0.264175	0.372716	0.456843	0.502957	0.517228	0.518998	0.532183	0.574639	0.649611	0.736388	0.833081	0.94212	1.06527	1.17332	1.25295	1.28483	1.24859	1.14258	0.979144	0.770783	0.533368	0.282827	0.0334575	-0.201762	-0.408167	-0.570843	-0.674182	-0.717057	-0.691822	
0.327346	0.327346	0.258971	0.125533	-0.0438874	-0.214256	-0.38664	-0.564376	-0.724806	-0.8633	-0.947805	-0.959451	-0.911277	-0.824321	-0.705585	-0.576207	-0.428895	-0.274347	-0.124244	0.0118741	0.138649	0.243409	0.32483	0.39332	0.441867	0.471381	0.492962	0.526611	0.584822	0.670803	0.76754	0.869395	0.977381	1.08611	1.17807	1.23982	1.25764	1.21715	1.11784	0.957374	0.747874	0.512569	0.266255	0.0263319	-0.192464	-0.377671	-0.535188	-0.644091	-0.691822	-0.677389	
