-0.707841	-0.707841	-0.247016	0.0713951	-0.563439	0.146047	
-0.707841	-0.707841	-0.247016	0.0713951	-0.563439	0.146047	
-0.247016	-0.247016	0.416326	0.884571	0.357497	0.415766	
0.0713951	0.0713951	0.884571	1.64644	0.614547	0.335298	
-0.563439	-0.563439	0.357497	0.614547	-0.0810361	-0.551994	
0.146047	0.146047	0.415766	0.335298	-0.551994	-0.142607	
