0.892419	0.846402	0.758388	0.647795	0.525772	0.423834	0.35185	0.278158	0.194272	0.117581	0.0634466	0.0434912	0.0728745	0.143051	0.230649	0.311925	0.379567	0.428731	0.464384	0.490347	0.520814	0.547409	0.55539	0.54318	0.511927	0.457409	0.379529	0.300248	0.233582	0.187849	0.15639	0.127894	0.101099	0.0740295	0.0529829	0.0303916	-0.00436415	-0.0443935	-0.0752572	-0.107591	-0.147921	-0.174	-0.163608	-0.112511	-0.0454635	0.0276209	0.0964365	0.148409	0.179028	0.179028	
0.846402	0.792241	0.694844	0.56958	0.444802	0.341733	0.264901	0.191749	0.115426	0.0528658	0.00840168	-0.011753	0.0110372	0.07424	0.162588	0.258256	0.340779	0.405125	0.451515	0.493965	0.537857	0.577811	0.592713	0.575083	0.534919	0.476375	0.398393	0.312054	0.22571	0.139788	0.0588987	-0.00951722	-0.0594328	-0.0944374	-0.115855	-0.135065	-0.150099	-0.161359	-0.1644	-0.166382	-0.179636	-0.183078	-0.158817	-0.105783	-0.0323076	0.0526906	0.133012	0.198082	0.234725	0.234725	
0.758388	0.694844	0.586317	0.458812	0.339519	0.2404	0.164346	0.100464	0.0388941	-0.0108486	-0.0448261	-0.0536197	-0.0267296	0.0364049	0.124809	0.227889	0.320552	0.399276	0.46826	0.528434	0.588599	0.635171	0.644902	0.619127	0.570087	0.504986	0.420836	0.320777	0.207242	0.0805956	-0.0447537	-0.155395	-0.231242	-0.277051	-0.301468	-0.308748	-0.302171	-0.280983	-0.253057	-0.227199	-0.204686	-0.171803	-0.124267	-0.0642343	0.0115703	0.100149	0.188349	0.259603	0.301565	0.301565	
0.647795	0.56958	0.458812	0.337475	0.226582	0.137174	0.0652235	0.00877694	-0.0438731	-0.0860556	-0.10856	-0.101882	-0.0589556	0.0140782	0.109873	0.223551	0.327971	0.427737	0.522695	0.602647	0.67177	0.716246	0.715721	0.68185	0.620279	0.536186	0.428792	0.299761	0.156316	-0.00387355	-0.158905	-0.299147	-0.403174	-0.460443	-0.482878	-0.475185	-0.442736	-0.391418	-0.333839	-0.280694	-0.220442	-0.149272	-0.0764532	-0.00556373	0.0713654	0.163702	0.253685	0.323138	0.362792	0.362792	
0.525772	0.444802	0.339519	0.226582	0.125705	0.0414265	-0.0274828	-0.0795918	-0.125033	-0.160701	-0.173685	-0.154911	-0.0933951	-0.00331545	0.110047	0.2406	0.364012	0.487603	0.598417	0.691389	0.763132	0.798568	0.792587	0.749333	0.668463	0.552865	0.411178	0.249628	0.0749232	-0.106258	-0.277351	-0.433806	-0.555791	-0.624286	-0.643364	-0.624885	-0.5726	-0.49318	-0.408648	-0.321098	-0.225553	-0.121009	-0.0238236	0.0572835	0.142676	0.235435	0.323002	0.383024	0.412578	0.412578	
0.423834	0.341733	0.2404	0.137174	0.0414265	-0.0377098	-0.102772	-0.153181	-0.193849	-0.223688	-0.235714	-0.207918	-0.129456	-0.0210813	0.111304	0.266786	0.412447	0.547635	0.666282	0.763479	0.83249	0.862311	0.851919	0.796038	0.690299	0.53989	0.366266	0.176046	-0.0242066	-0.221549	-0.399565	-0.557387	-0.682019	-0.747226	-0.766105	-0.740633	-0.67233	-0.574165	-0.460217	-0.344019	-0.218275	-0.0909832	0.022819	0.120748	0.213371	0.305703	0.38587	0.434982	0.455347	0.455347	
0.35185	0.264901	0.164346	0.0652235	-0.0274828	-0.102772	-0.165573	-0.217637	-0.259608	-0.292762	-0.302674	-0.270968	-0.179826	-0.0588984	0.0952547	0.2728	0.434575	0.577604	0.697864	0.801198	0.868812	0.895805	0.882076	0.811682	0.67702	0.496207	0.294778	0.0814982	-0.136598	-0.339757	-0.518562	-0.66611	-0.77115	-0.824409	-0.833947	-0.800156	-0.716805	-0.602601	-0.471248	-0.335718	-0.194675	-0.0585148	0.0644653	0.176478	0.273369	0.358905	0.427915	0.468897	0.485619	0.485619	
0.278158	0.191749	0.100464	0.00877694	-0.0795918	-0.153181	-0.217637	-0.279076	-0.326978	-0.361169	-0.370259	-0.33335	-0.24107	-0.110098	0.0557228	0.244776	0.416103	0.566658	0.696177	0.804961	0.873109	0.900102	0.88257	0.798937	0.642537	0.437098	0.211585	-0.0233067	-0.248757	-0.451719	-0.625142	-0.758071	-0.838214	-0.869464	-0.862334	-0.808905	-0.707094	-0.580183	-0.444273	-0.301653	-0.16019	-0.0255212	0.10058	0.219063	0.321107	0.397964	0.458965	0.495892	0.513843	0.513843	
0.194272	0.115426	0.0388941	-0.0438731	-0.125033	-0.193849	-0.259608	-0.326978	-0.381616	-0.417406	-0.42947	-0.394356	-0.303215	-0.166648	0.0026043	0.18916	0.365712	0.523688	0.661131	0.775542	0.844575	0.872663	0.852456	0.762902	0.600131	0.384193	0.140619	-0.109726	-0.341439	-0.541704	-0.709891	-0.831231	-0.890176	-0.899219	-0.866354	-0.786161	-0.661918	-0.52538	-0.389175	-0.251283	-0.117735	0.00714542	0.127022	0.24595	0.349197	0.427099	0.485033	0.524268	0.544476	0.544476	
0.117581	0.0528658	-0.0108486	-0.0860556	-0.160701	-0.223688	-0.292762	-0.361169	-0.417406	-0.461407	-0.483669	-0.455773	-0.372145	-0.238176	-0.0736195	0.105801	0.286772	0.455663	0.60639	0.726459	0.799797	0.82108	0.788978	0.699133	0.542261	0.332984	0.0920541	-0.162854	-0.399975	-0.600418	-0.761491	-0.872103	-0.913691	-0.900261	-0.840504	-0.733586	-0.592698	-0.447753	-0.313652	-0.184925	-0.0651355	0.0443427	0.14971	0.255708	0.352603	0.430013	0.488332	0.530054	0.551639	0.551639	
0.0634466	0.00840168	-0.0448261	-0.10856	-0.173685	-0.235714	-0.302674	-0.370259	-0.42947	-0.483669	-0.516076	-0.494336	-0.419492	-0.296665	-0.152225	0.00793886	0.182981	0.355668	0.518107	0.650814	0.730832	0.742996	0.699987	0.612609	0.468785	0.283783	0.0705563	-0.170769	-0.407623	-0.610499	-0.765694	-0.870408	-0.904352	-0.876185	-0.797607	-0.673329	-0.525054	-0.374133	-0.242187	-0.123056	-0.0177542	0.0746109	0.160714	0.246499	0.330524	0.406308	0.473123	0.522251	0.550134	0.550134	
0.0434912	-0.011753	-0.0536197	-0.101882	-0.154911	-0.207918	-0.270968	-0.33335	-0.394356	-0.455773	-0.494336	-0.480143	-0.420717	-0.330213	-0.221398	-0.0934239	0.0602082	0.216947	0.374521	0.509392	0.591822	0.604439	0.570233	0.498963	0.382176	0.237609	0.0699558	-0.138866	-0.367101	-0.568293	-0.725087	-0.829848	-0.869248	-0.835357	-0.74718	-0.620702	-0.47096	-0.324618	-0.195314	-0.0812753	0.0155909	0.0963754	0.168251	0.234085	0.303146	0.375947	0.445314	0.506	0.53717	0.53717	
0.0728745	0.0110372	-0.0267296	-0.0589556	-0.0933951	-0.129456	-0.179826	-0.24107	-0.303215	-0.372145	-0.419492	-0.420717	-0.393027	-0.351935	-0.288742	-0.198159	-0.0860388	0.0358014	0.168068	0.288845	0.372203	0.402024	0.393686	0.351243	0.269071	0.167552	0.0535402	-0.105599	-0.301417	-0.485117	-0.639627	-0.75531	-0.80573	-0.780117	-0.69662	-0.571134	-0.429235	-0.288281	-0.16014	-0.0491309	0.0440169	0.113951	0.169187	0.222559	0.280444	0.347758	0.420608	0.481609	0.516347	0.516347	
0.143051	0.07424	0.0364049	0.0140782	-0.00331545	-0.0210813	-0.0588984	-0.110098	-0.166648	-0.238176	-0.296665	-0.330213	-0.351935	-0.368365	-0.356261	-0.317939	-0.261227	-0.189674	-0.100796	-0.00585299	0.0764148	0.131624	0.163318	0.163125	0.126767	0.076103	0.0143179	-0.0878655	-0.230443	-0.383526	-0.532047	-0.652203	-0.720863	-0.712305	-0.6424	-0.530794	-0.395697	-0.260698	-0.13171	-0.0183492	0.0718961	0.132261	0.178713	0.226759	0.281668	0.344547	0.406594	0.458891	0.486092	0.486092	
0.230649	0.162588	0.124809	0.109873	0.110047	0.111304	0.0952547	0.0557228	0.0026043	-0.0736195	-0.152225	-0.221398	-0.288742	-0.356261	-0.407534	-0.442782	-0.462015	-0.457711	-0.424955	-0.362357	-0.281924	-0.196985	-0.121022	-0.0671213	-0.0400434	-0.0349666	-0.0463751	-0.092245	-0.180914	-0.29636	-0.426883	-0.546201	-0.626893	-0.640328	-0.592254	-0.497789	-0.372816	-0.237707	-0.105578	0.00890701	0.0944228	0.152597	0.200627	0.254409	0.316066	0.374004	0.4267	0.463612	0.482578	0.482578	
0.311925	0.258256	0.227889	0.223551	0.2406	0.266786	0.2728	0.244776	0.18916	0.105801	0.00793886	-0.0934239	-0.198159	-0.317939	-0.442782	-0.561218	-0.664253	-0.733077	-0.760553	-0.733366	-0.661242	-0.557382	-0.442418	-0.329166	-0.231044	-0.161957	-0.121544	-0.118788	-0.16278	-0.241784	-0.347612	-0.46008	-0.546727	-0.577782	-0.548752	-0.471774	-0.355753	-0.218957	-0.0831886	0.0262822	0.108924	0.174475	0.236517	0.305502	0.373849	0.434251	0.483473	0.516286	0.531797	0.531797	
0.379567	0.340779	0.320552	0.327971	0.364012	0.412447	0.434575	0.416103	0.365712	0.286772	0.182981	0.0602082	-0.0860388	-0.261227	-0.462015	-0.664253	-0.845674	-0.983429	-1.06337	-1.0711	-1.01448	-0.903076	-0.754453	-0.587231	-0.424848	-0.287413	-0.191164	-0.150164	-0.156399	-0.207287	-0.294321	-0.399511	-0.491693	-0.532178	-0.515707	-0.45462	-0.349427	-0.212446	-0.0775017	0.0311186	0.119489	0.203595	0.289955	0.372601	0.444444	0.506032	0.559753	0.595733	0.613039	0.613039	
0.428731	0.405125	0.399276	0.427737	0.487603	0.547635	0.577604	0.566658	0.523688	0.455663	0.355668	0.216947	0.0358014	-0.189674	-0.457711	-0.733077	-0.983429	-1.17729	-1.29846	-1.34052	-1.30077	-1.17898	-1.00586	-0.80612	-0.597536	-0.406355	-0.265646	-0.188826	-0.166999	-0.195263	-0.264811	-0.364615	-0.450046	-0.491156	-0.483507	-0.434987	-0.346328	-0.220657	-0.0905689	0.0242802	0.12568	0.234001	0.342057	0.432579	0.507592	0.570392	0.633046	0.676487	0.695579	0.695579	
0.464384	0.451515	0.46826	0.522695	0.598417	0.666282	0.697864	0.696177	0.661131	0.60639	0.518107	0.374521	0.168068	-0.100796	-0.424955	-0.760553	-1.06337	-1.29846	-1.45978	-1.53443	-1.5058	-1.37825	-1.19158	-0.972455	-0.730542	-0.497786	-0.318725	-0.214464	-0.172085	-0.191766	-0.26175	-0.351678	-0.429307	-0.467201	-0.461155	-0.420313	-0.346204	-0.240138	-0.116272	0.00393972	0.123969	0.247331	0.366625	0.466793	0.544352	0.619107	0.69135	0.741876	0.763232	0.763232	
0.490347	0.493965	0.528434	0.602647	0.691389	0.763479	0.801198	0.804961	0.775542	0.726459	0.650814	0.509392	0.288845	-0.00585299	-0.362357	-0.733366	-1.0711	-1.34052	-1.53443	-1.63102	-1.60778	-1.48264	-1.29608	-1.06674	-0.807897	-0.555952	-0.357625	-0.233705	-0.18013	-0.201387	-0.268134	-0.348941	-0.41967	-0.460759	-0.461546	-0.424959	-0.364575	-0.27488	-0.158804	-0.0277877	0.106317	0.240796	0.366961	0.471252	0.560044	0.641969	0.71963	0.77147	0.792917	0.792917	
0.520814	0.537857	0.588599	0.67177	0.763132	0.83249	0.868812	0.873109	0.844575	0.799797	0.730832	0.591822	0.372203	0.0764148	-0.281924	-0.661242	-1.01448	-1.30077	-1.5058	-1.60778	-1.59605	-1.48745	-1.3115	-1.08651	-0.82993	-0.582082	-0.38229	-0.252815	-0.200699	-0.222225	-0.282485	-0.351626	-0.423419	-0.470664	-0.476823	-0.442695	-0.384567	-0.303296	-0.190403	-0.0591456	0.0791163	0.215116	0.340009	0.446798	0.540194	0.623723	0.696019	0.742208	0.762785	0.762785	
0.547409	0.577811	0.635171	0.716246	0.798568	0.862311	0.895805	0.900102	0.872663	0.82108	0.742996	0.604439	0.402024	0.131624	-0.196985	-0.557382	-0.903076	-1.17898	-1.37825	-1.48264	-1.48745	-1.40064	-1.24408	-1.03819	-0.801855	-0.57303	-0.385657	-0.268572	-0.227446	-0.244627	-0.295951	-0.360087	-0.434403	-0.487202	-0.495259	-0.461806	-0.399706	-0.314947	-0.204786	-0.0856182	0.0402111	0.164438	0.280289	0.38556	0.478998	0.560724	0.624002	0.663704	0.683102	0.683102	
0.55539	0.592713	0.644902	0.715721	0.792587	0.851919	0.882076	0.88257	0.852456	0.788978	0.699987	0.570233	0.393686	0.163318	-0.121022	-0.442418	-0.754453	-1.00586	-1.19158	-1.29608	-1.3115	-1.24408	-1.1157	-0.943053	-0.737872	-0.53336	-0.368297	-0.269966	-0.236455	-0.251759	-0.300073	-0.370117	-0.449853	-0.503324	-0.513287	-0.480467	-0.413299	-0.319615	-0.211805	-0.106853	-0.00551478	0.0957915	0.196385	0.293822	0.387702	0.465659	0.523725	0.558976	0.576802	0.576802	
0.54318	0.575083	0.619127	0.68185	0.749333	0.796038	0.811682	0.798937	0.762902	0.699133	0.612609	0.498963	0.351243	0.163125	-0.0671213	-0.329166	-0.587231	-0.80612	-0.972455	-1.06674	-1.08651	-1.03819	-0.943053	-0.81028	-0.645215	-0.478689	-0.343812	-0.261162	-0.234391	-0.254352	-0.31202	-0.390192	-0.470101	-0.517512	-0.52032	-0.484188	-0.413392	-0.317432	-0.212798	-0.122294	-0.0461252	0.0256298	0.103221	0.190658	0.279818	0.35667	0.415111	0.451629	0.471035	0.471035	
0.511927	0.534919	0.570087	0.620279	0.668463	0.690299	0.67702	0.642537	0.600131	0.542261	0.468785	0.382176	0.269071	0.126767	-0.0400434	-0.231044	-0.424848	-0.597536	-0.730542	-0.807897	-0.82993	-0.801855	-0.737872	-0.645215	-0.533823	-0.422655	-0.322958	-0.256705	-0.244463	-0.278526	-0.347839	-0.429039	-0.498745	-0.531474	-0.514725	-0.464902	-0.391922	-0.301195	-0.206174	-0.12631	-0.0695041	-0.023649	0.0306151	0.101253	0.180345	0.253289	0.314105	0.361432	0.386931	0.386931	
0.457409	0.476375	0.504986	0.536186	0.552865	0.53989	0.496207	0.437098	0.384193	0.332984	0.283783	0.237609	0.167552	0.076103	-0.0349666	-0.161957	-0.287413	-0.406355	-0.497786	-0.555952	-0.582082	-0.57303	-0.53336	-0.478689	-0.422655	-0.361409	-0.298028	-0.261007	-0.274354	-0.332106	-0.409241	-0.48616	-0.540683	-0.550772	-0.50988	-0.439818	-0.362287	-0.277994	-0.196429	-0.125147	-0.0741828	-0.038487	0.00198668	0.0579256	0.123812	0.189797	0.255089	0.314932	0.352302	0.352302	
0.379529	0.398393	0.420836	0.428792	0.411178	0.366266	0.294778	0.211585	0.140619	0.0920541	0.0705563	0.0699558	0.0535402	0.0143179	-0.0463751	-0.121544	-0.191164	-0.265646	-0.318725	-0.357625	-0.38229	-0.385657	-0.368297	-0.343812	-0.322958	-0.298028	-0.275233	-0.280812	-0.331073	-0.40734	-0.488056	-0.551981	-0.583348	-0.56743	-0.506053	-0.420518	-0.332339	-0.252564	-0.183645	-0.120333	-0.0655254	-0.0221898	0.0208796	0.0729657	0.134867	0.201439	0.271504	0.344159	0.38939	0.38939	
0.300248	0.312054	0.320777	0.299761	0.249628	0.176046	0.0814982	-0.0233067	-0.109726	-0.162854	-0.170769	-0.138866	-0.105599	-0.0878655	-0.092245	-0.118788	-0.150164	-0.188826	-0.214464	-0.233705	-0.252815	-0.268572	-0.269966	-0.261162	-0.256705	-0.261007	-0.280812	-0.330989	-0.409652	-0.493109	-0.568258	-0.612289	-0.61094	-0.571414	-0.496618	-0.398765	-0.300167	-0.216451	-0.154382	-0.0944989	-0.0295618	0.0313209	0.0895106	0.152979	0.223481	0.29821	0.373908	0.445378	0.488441	0.488441	
0.233582	0.22571	0.207242	0.156316	0.0749232	-0.0242066	-0.136598	-0.248757	-0.341439	-0.399975	-0.407623	-0.367101	-0.301417	-0.230443	-0.180914	-0.16278	-0.156399	-0.166999	-0.172085	-0.18013	-0.200699	-0.227446	-0.236455	-0.234391	-0.244463	-0.274354	-0.331073	-0.409652	-0.495377	-0.576043	-0.638106	-0.658916	-0.637087	-0.580409	-0.498845	-0.393459	-0.281713	-0.188262	-0.115233	-0.0425982	0.0413932	0.126418	0.212607	0.301128	0.39214	0.483144	0.560941	0.623442	0.653499	0.653499	
0.187849	0.139788	0.0805956	-0.00387355	-0.106258	-0.221549	-0.339757	-0.451719	-0.541704	-0.600418	-0.610499	-0.568293	-0.485117	-0.383526	-0.29636	-0.241784	-0.207287	-0.195263	-0.191766	-0.201387	-0.222225	-0.244627	-0.251759	-0.254352	-0.278526	-0.332106	-0.40734	-0.493109	-0.576043	-0.64156	-0.687869	-0.696569	-0.666898	-0.60844	-0.525523	-0.4151	-0.295203	-0.18349	-0.0801689	0.0249812	0.138953	0.257288	0.379583	0.503619	0.623744	0.730429	0.814366	0.866728	0.887861	0.887861	
0.15639	0.0588987	-0.0447537	-0.158905	-0.277351	-0.399565	-0.518562	-0.625142	-0.709891	-0.761491	-0.765694	-0.725087	-0.639627	-0.532047	-0.426883	-0.347612	-0.294321	-0.264811	-0.26175	-0.268134	-0.282485	-0.295951	-0.300073	-0.31202	-0.347839	-0.409241	-0.488056	-0.568258	-0.638106	-0.687869	-0.718822	-0.717879	-0.684563	-0.628416	-0.54787	-0.443668	-0.320572	-0.189558	-0.050853	0.0948324	0.24528	0.399815	0.560888	0.722413	0.869928	0.993407	1.08168	1.13537	1.15717	1.15717	
0.127894	-0.00951722	-0.155395	-0.299147	-0.433806	-0.557387	-0.66611	-0.758071	-0.831231	-0.872103	-0.870408	-0.829848	-0.75531	-0.652203	-0.546201	-0.46008	-0.399511	-0.364615	-0.351678	-0.348941	-0.351626	-0.360087	-0.370117	-0.390192	-0.429039	-0.48616	-0.551981	-0.612289	-0.658916	-0.696569	-0.717879	-0.708081	-0.67295	-0.621658	-0.559422	-0.470698	-0.351298	-0.206522	-0.0383062	0.142519	0.330105	0.52084	0.716155	0.909602	1.08539	1.22718	1.32863	1.39363	1.42683	1.42683	
0.101099	-0.0594328	-0.231242	-0.403174	-0.555791	-0.682019	-0.77115	-0.838214	-0.890176	-0.913691	-0.904352	-0.869248	-0.80573	-0.720863	-0.626893	-0.546727	-0.491693	-0.450046	-0.429307	-0.41967	-0.423419	-0.434403	-0.449853	-0.470101	-0.498745	-0.540683	-0.583348	-0.61094	-0.637087	-0.666898	-0.684563	-0.67295	-0.63621	-0.60278	-0.563314	-0.495968	-0.387735	-0.240608	-0.0614823	0.144893	0.366657	0.59671	0.824005	1.04453	1.24662	1.40939	1.5291	1.60619	1.64974	1.64974	
0.0740295	-0.0944374	-0.277051	-0.460443	-0.624286	-0.747226	-0.824409	-0.869464	-0.899219	-0.900261	-0.876185	-0.835357	-0.780117	-0.712305	-0.640328	-0.577782	-0.532178	-0.491156	-0.467201	-0.460759	-0.470664	-0.487202	-0.503324	-0.517512	-0.531474	-0.550772	-0.56743	-0.571414	-0.580409	-0.60844	-0.628416	-0.621658	-0.60278	-0.588942	-0.566337	-0.514311	-0.418673	-0.285535	-0.115299	0.0941561	0.336405	0.595856	0.852286	1.09649	1.32279	1.51777	1.66378	1.76241	1.81461	1.81461	
0.0529829	-0.115855	-0.301468	-0.482878	-0.643364	-0.766105	-0.833947	-0.862334	-0.866354	-0.840504	-0.797607	-0.74718	-0.69662	-0.6424	-0.592254	-0.548752	-0.515707	-0.483507	-0.461155	-0.461546	-0.476823	-0.495259	-0.513287	-0.52032	-0.514725	-0.50988	-0.506053	-0.496618	-0.498845	-0.525523	-0.54787	-0.559422	-0.563314	-0.566337	-0.552826	-0.507826	-0.434139	-0.327024	-0.183187	0.00797695	0.247753	0.521109	0.796429	1.05887	1.30629	1.52662	1.70455	1.82513	1.8907	1.8907	
0.0303916	-0.135065	-0.308748	-0.475185	-0.624885	-0.740633	-0.800156	-0.808905	-0.786161	-0.733586	-0.673329	-0.620702	-0.571134	-0.530794	-0.497789	-0.471774	-0.45462	-0.434987	-0.420313	-0.424959	-0.442695	-0.461806	-0.480467	-0.484188	-0.464902	-0.439818	-0.420518	-0.398765	-0.393459	-0.4151	-0.443668	-0.470698	-0.495968	-0.514311	-0.507826	-0.482241	-0.436945	-0.365919	-0.257176	-0.0949597	0.122746	0.386226	0.6656	0.940341	1.20476	1.44812	1.65017	1.79928	1.88171	1.88171	
-0.00436415	-0.150099	-0.302171	-0.442736	-0.5726	-0.67233	-0.716805	-0.707094	-0.661918	-0.592698	-0.525054	-0.47096	-0.429235	-0.395697	-0.372816	-0.355753	-0.349427	-0.346328	-0.346204	-0.364575	-0.384567	-0.399706	-0.413299	-0.413392	-0.391922	-0.362287	-0.332339	-0.300167	-0.281713	-0.295203	-0.320572	-0.351298	-0.387735	-0.418673	-0.434139	-0.436945	-0.432301	-0.403676	-0.330947	-0.202786	-0.0167572	0.217378	0.483276	0.766073	1.04987	1.31581	1.54061	1.71415	1.8142	1.8142	
-0.0443935	-0.161359	-0.280983	-0.391418	-0.49318	-0.574165	-0.602601	-0.580183	-0.52538	-0.447753	-0.374133	-0.324618	-0.288281	-0.260698	-0.237707	-0.218957	-0.212446	-0.220657	-0.240138	-0.27488	-0.303296	-0.314947	-0.319615	-0.317432	-0.301195	-0.277994	-0.252564	-0.216451	-0.188262	-0.18349	-0.189558	-0.206522	-0.240608	-0.285535	-0.327024	-0.365919	-0.403676	-0.41901	-0.386227	-0.293847	-0.145801	0.0517527	0.2956	0.579316	0.880337	1.16663	1.40841	1.59282	1.69862	1.69862	
-0.0752572	-0.1644	-0.253057	-0.333839	-0.408648	-0.460217	-0.471248	-0.444273	-0.389175	-0.313652	-0.242187	-0.195314	-0.16014	-0.13171	-0.105578	-0.0831886	-0.0775017	-0.0905689	-0.116272	-0.158804	-0.190403	-0.204786	-0.211805	-0.212798	-0.206174	-0.196429	-0.183645	-0.154382	-0.115233	-0.0801689	-0.050853	-0.0383062	-0.0614823	-0.115299	-0.183187	-0.257176	-0.330947	-0.386227	-0.39453	-0.344135	-0.237131	-0.0728443	0.151329	0.428005	0.732237	1.02618	1.27051	1.44996	1.54612	1.54612	
-0.107591	-0.166382	-0.227199	-0.280694	-0.321098	-0.344019	-0.335718	-0.301653	-0.251283	-0.184925	-0.123056	-0.0812753	-0.0491309	-0.0183492	0.00890701	0.0262822	0.0311186	0.0242802	0.00393972	-0.0277877	-0.0591456	-0.0856182	-0.106853	-0.122294	-0.12631	-0.125147	-0.120333	-0.0944989	-0.0425982	0.0249812	0.0948324	0.142519	0.144893	0.0941561	0.00797695	-0.0949597	-0.202786	-0.293847	-0.344135	-0.340123	-0.271684	-0.131481	0.0810774	0.349281	0.638115	0.915575	1.14309	1.30195	1.38293	1.38293	
-0.147921	-0.179636	-0.204686	-0.220442	-0.225553	-0.218275	-0.194675	-0.16019	-0.117735	-0.0651355	-0.0177542	0.0155909	0.0440169	0.0718961	0.0944228	0.108924	0.119489	0.12568	0.123969	0.106317	0.0791163	0.0402111	-0.00551478	-0.0461252	-0.0695041	-0.0741828	-0.0655254	-0.0295618	0.0413932	0.138953	0.24528	0.330105	0.366657	0.336405	0.247753	0.122746	-0.0167572	-0.145801	-0.237131	-0.271684	-0.237973	-0.118183	0.0844677	0.339305	0.605155	0.849788	1.04925	1.18843	1.259	1.259	
-0.174	-0.183078	-0.171803	-0.149272	-0.121009	-0.0909832	-0.0585148	-0.0255212	0.00714542	0.0443427	0.0746109	0.0963754	0.113951	0.132261	0.152597	0.174475	0.203595	0.234001	0.247331	0.240796	0.215116	0.164438	0.0957915	0.0256298	-0.023649	-0.038487	-0.0221898	0.0313209	0.126418	0.257288	0.399815	0.52084	0.59671	0.595856	0.521109	0.386226	0.217378	0.0517527	-0.0728443	-0.131481	-0.118183	-0.0188951	0.162099	0.392003	0.624088	0.830785	0.99868	1.11959	1.1834	1.1834	
-0.163608	-0.158817	-0.124267	-0.0764532	-0.0238236	0.022819	0.0644653	0.10058	0.127022	0.14971	0.160714	0.168251	0.169187	0.178713	0.200627	0.236517	0.289955	0.342057	0.366625	0.366961	0.340009	0.280289	0.196385	0.103221	0.0306151	0.00198668	0.0208796	0.0895106	0.212607	0.379583	0.560888	0.716155	0.824005	0.852286	0.796429	0.6656	0.483276	0.2956	0.151329	0.0810774	0.0844677	0.162099	0.305485	0.489531	0.676956	0.847651	0.990661	1.09455	1.14995	1.14995	
-0.112511	-0.105783	-0.0642343	-0.00556373	0.0572835	0.120748	0.176478	0.219063	0.24595	0.255708	0.246499	0.234085	0.222559	0.226759	0.254409	0.305502	0.372601	0.432579	0.466793	0.471252	0.446798	0.38556	0.293822	0.190658	0.101253	0.0579256	0.0729657	0.152979	0.301128	0.503619	0.722413	0.909602	1.04453	1.09649	1.05887	0.940341	0.766073	0.579316	0.428005	0.349281	0.339305	0.392003	0.489531	0.61382	0.75154	0.888694	1.01376	1.1039	1.14901	1.14901	
-0.0454635	-0.0323076	0.0115703	0.0713654	0.142676	0.213371	0.273369	0.321107	0.349197	0.352603	0.330524	0.303146	0.280444	0.281668	0.316066	0.373849	0.444444	0.507592	0.544352	0.560044	0.540194	0.478998	0.387702	0.279818	0.180345	0.123812	0.134867	0.223481	0.39214	0.623744	0.869928	1.08539	1.24662	1.32279	1.30629	1.20476	1.04987	0.880337	0.732237	0.638115	0.605155	0.624088	0.676956	0.75154	0.842798	0.950026	1.05685	1.13632	1.17551	1.17551	
0.0276209	0.0526906	0.100149	0.163702	0.235435	0.305703	0.358905	0.397964	0.427099	0.430013	0.406308	0.375947	0.347758	0.344547	0.374004	0.434251	0.506032	0.570392	0.619107	0.641969	0.623723	0.560724	0.465659	0.35667	0.253289	0.189797	0.201439	0.29821	0.483144	0.730429	0.993407	1.22718	1.40939	1.51777	1.52662	1.44812	1.31581	1.16663	1.02618	0.915575	0.849788	0.830785	0.847651	0.888694	0.950026	1.02598	1.10914	1.17598	1.21129	1.21129	
0.0964365	0.133012	0.188349	0.253685	0.323002	0.38587	0.427915	0.458965	0.485033	0.488332	0.473123	0.445314	0.420608	0.406594	0.4267	0.483473	0.559753	0.633046	0.69135	0.71963	0.696019	0.624002	0.523725	0.415111	0.314105	0.255089	0.271504	0.373908	0.560941	0.814366	1.08168	1.32863	1.5291	1.66378	1.70455	1.65017	1.54061	1.40841	1.27051	1.14309	1.04925	0.99868	0.990661	1.01376	1.05685	1.10914	1.16516	1.2122	1.23829	1.23829	
0.148409	0.198082	0.259603	0.323138	0.383024	0.434982	0.468897	0.495892	0.524268	0.530054	0.522251	0.506	0.481609	0.458891	0.463612	0.516286	0.595733	0.676487	0.741876	0.77147	0.742208	0.663704	0.558976	0.451629	0.361432	0.314932	0.344159	0.445378	0.623442	0.866728	1.13537	1.39363	1.60619	1.76241	1.82513	1.79928	1.71415	1.59282	1.44996	1.30195	1.18843	1.11959	1.09455	1.1039	1.13632	1.17598	1.2122	1.23594	1.24541	1.24541	
0.179028	0.234725	0.301565	0.362792	0.412578	0.455347	0.485619	0.513843	0.544476	0.551639	0.550134	0.53717	0.516347	0.486092	0.482578	0.531797	0.613039	0.695579	0.763232	0.792917	0.762785	0.683102	0.576802	0.471035	0.386931	0.352302	0.38939	0.488441	0.653499	0.887861	1.15717	1.42683	1.64974	1.81461	1.8907	1.88171	1.8142	1.69862	1.54612	1.38293	1.259	1.1834	1.14995	1.14901	1.17551	1.21129	1.23829	1.24541	1.24054	1.24054	
0.179028	0.234725	0.301565	0.362792	0.412578	0.455347	0.485619	0.513843	0.544476	0.551639	0.550134	0.53717	0.516347	0.486092	0.482578	0.531797	0.613039	0.695579	0.763232	0.792917	0.762785	0.683102	0.576802	0.471035	0.386931	0.352302	0.38939	0.488441	0.653499	0.887861	1.15717	1.42683	1.64974	1.81461	1.8907	1.88171	1.8142	1.69862	1.54612	1.38293	1.259	1.1834	1.14995	1.14901	1.17551	1.21129	1.23829	1.24541	1.24054	1.24054	
