-0.0494696	-0.0488454	-0.0584334	-0.0562059	-0.0593189	-0.0606802	-0.0584531	-0.0616478	-0.0674921	-0.0694543	-0.0647172	-0.0708653	-0.0809812	-0.0789371	-0.0768952	-0.0821205	-0.0944148	-0.104241	-0.0984579	-0.0942828	-0.109646	-0.133061	-0.151527	-0.155898	-0.142258	-0.13406	-0.160973	-0.225617	-0.318767	-0.431169	-0.535804	-0.595894	-0.59481	-0.533449	-0.40835	-0.217588	0.0187706	0.264437	0.491812	0.689369	0.846021	0.939925	0.948654	0.868487	0.722124	0.549165	0.389398	0.271186	0.209385	0.209385	
-0.0488454	-0.061092	-0.0612647	-0.0540458	-0.0590654	-0.0604227	-0.0616889	-0.0638986	-0.0685887	-0.0700107	-0.0669876	-0.0750596	-0.0814442	-0.078579	-0.0797692	-0.0873498	-0.0997015	-0.104366	-0.0962432	-0.0989607	-0.12032	-0.142825	-0.155869	-0.152671	-0.137857	-0.141231	-0.184746	-0.262439	-0.36391	-0.476004	-0.566638	-0.603407	-0.578017	-0.492946	-0.344031	-0.134644	0.108392	0.349146	0.565622	0.748964	0.88586	0.953033	0.932124	0.827213	0.667123	0.492331	0.338735	0.228879	0.172618	0.172618	
-0.0584334	-0.0612647	-0.0514825	-0.0537175	-0.0636861	-0.0641202	-0.0624735	-0.0662248	-0.0723128	-0.0678983	-0.0678031	-0.0809785	-0.0833439	-0.0785179	-0.0822943	-0.0931753	-0.10456	-0.102862	-0.0955584	-0.107274	-0.132308	-0.150993	-0.156984	-0.147607	-0.136875	-0.15618	-0.216496	-0.305511	-0.412367	-0.518805	-0.589938	-0.600749	-0.550268	-0.440653	-0.268235	-0.043306	0.201927	0.434389	0.637938	0.80477	0.918697	0.956382	0.905344	0.777895	0.607837	0.434914	0.290103	0.189988	0.139784	0.139784	
-0.0562059	-0.0540458	-0.0537175	-0.0654651	-0.0690982	-0.0607826	-0.0623081	-0.0706155	-0.0706384	-0.0670868	-0.0767176	-0.0856626	-0.0798248	-0.0786214	-0.0885525	-0.100773	-0.106467	-0.0993525	-0.0986203	-0.119636	-0.143982	-0.156055	-0.154771	-0.142743	-0.142196	-0.1804	-0.256193	-0.353959	-0.462051	-0.556528	-0.60314	-0.586359	-0.510334	-0.375639	-0.181119	0.055074	0.297706	0.518811	0.70744	0.855045	0.942564	0.948511	0.867922	0.721167	0.545427	0.378045	0.244289	0.154916	0.111056	0.111056	
-0.0593189	-0.0590654	-0.0636861	-0.0690982	-0.0596098	-0.0575314	-0.0699441	-0.0741147	-0.0706419	-0.0721502	-0.0812793	-0.0833682	-0.0790876	-0.0845451	-0.0963491	-0.105334	-0.10441	-0.0977326	-0.107749	-0.134011	-0.15285	-0.157305	-0.150419	-0.141081	-0.15661	-0.214629	-0.303157	-0.406197	-0.510031	-0.58577	-0.603905	-0.558902	-0.457078	-0.297337	-0.0835075	0.158624	0.393907	0.600999	0.772585	0.897764	0.955441	0.928255	0.819958	0.658107	0.481297	0.322893	0.201989	0.123928	0.0864595	0.0864595	
-0.0606802	-0.0604227	-0.0641202	-0.0607826	-0.0575314	-0.070376	-0.0775853	-0.0720325	-0.0687865	-0.075137	-0.0859141	-0.0844322	-0.0808149	-0.0907645	-0.103033	-0.106836	-0.101504	-0.101349	-0.121725	-0.147098	-0.157619	-0.155262	-0.146157	-0.146209	-0.18236	-0.258639	-0.355958	-0.45976	-0.552588	-0.603082	-0.59031	-0.517259	-0.389538	-0.205757	0.0230074	0.26505	0.48866	0.679463	0.831544	0.93066	0.955418	0.894919	0.762131	0.590216	0.417012	0.270588	0.163762	0.0971354	0.0658745	0.0658745	
-0.0584531	-0.0616889	-0.0624735	-0.0623081	-0.0699441	-0.0775853	-0.0716787	-0.0665227	-0.0731725	-0.0863904	-0.0891408	-0.0795409	-0.0842819	-0.101084	-0.107873	-0.104584	-0.100856	-0.111478	-0.13769	-0.156477	-0.158103	-0.151224	-0.14538	-0.161977	-0.220555	-0.311044	-0.412328	-0.511212	-0.585454	-0.605356	-0.560945	-0.460485	-0.307082	-0.101729	0.136057	0.371812	0.58013	0.752563	0.882145	0.95132	0.940895	0.848444	0.695741	0.519352	0.354207	0.222144	0.129996	0.0744958	0.0490565	0.0490565	
-0.0616478	-0.0638986	-0.0662248	-0.0706155	-0.0741147	-0.0720325	-0.0665227	-0.0735222	-0.0862063	-0.0892799	-0.0810267	-0.080807	-0.097867	-0.108541	-0.10588	-0.102518	-0.106609	-0.126822	-0.152085	-0.160571	-0.154888	-0.147933	-0.152769	-0.191504	-0.270525	-0.36933	-0.469131	-0.556176	-0.604235	-0.590176	-0.514892	-0.387814	-0.209677	0.0129119	0.252619	0.47633	0.666541	0.818398	0.921868	0.957378	0.910833	0.789547	0.622688	0.447623	0.294466	0.178386	0.100887	0.0558254	0.03566	0.03566	
-0.0674921	-0.0685887	-0.0723128	-0.0706384	-0.0706419	-0.0687865	-0.0731725	-0.0862063	-0.0882204	-0.0828347	-0.0818534	-0.0931709	-0.107082	-0.1078	-0.104037	-0.105564	-0.11841	-0.144197	-0.161658	-0.158741	-0.150308	-0.150163	-0.173144	-0.235852	-0.329713	-0.430095	-0.522288	-0.589564	-0.604988	-0.556045	-0.451604	-0.298772	-0.098223	0.135251	0.369278	0.576178	0.746099	0.874686	0.947944	0.946788	0.865003	0.719789	0.545381	0.377231	0.2392	0.139894	0.0764309	0.0408193	0.0252693	0.0252693	
-0.0694543	-0.0700107	-0.0678983	-0.0670868	-0.0721502	-0.075137	-0.0863904	-0.0892799	-0.0828347	-0.0832592	-0.0895648	-0.103436	-0.111244	-0.106281	-0.104486	-0.113649	-0.135984	-0.159632	-0.163045	-0.152813	-0.149462	-0.163547	-0.20961	-0.293462	-0.394122	-0.489166	-0.566729	-0.606103	-0.58481	-0.502372	-0.370772	-0.193463	0.0251275	0.261429	0.482575	0.669178	0.816829	0.918705	0.957568	0.918168	0.80419	0.641556	0.466574	0.310297	0.189544	0.106968	0.0564383	0.0290814	0.0174323	0.0174323	
-0.0647172	-0.0669876	-0.0678031	-0.0767176	-0.0812793	-0.0859141	-0.0891408	-0.0810267	-0.0818534	-0.0895648	-0.10137	-0.11414	-0.109411	-0.1019	-0.110692	-0.131035	-0.155173	-0.165778	-0.156644	-0.149088	-0.158488	-0.192436	-0.262599	-0.360371	-0.458704	-0.541542	-0.596655	-0.60115	-0.542219	-0.429228	-0.272337	-0.0730159	0.156804	0.38701	0.589362	0.753341	0.87637	0.947356	0.948268	0.871159	0.730311	0.557927	0.389138	0.248683	0.146268	0.079622	0.0405588	0.0201587	0.0116921	0.0116921	
-0.0708653	-0.0750596	-0.0809785	-0.0856626	-0.0833682	-0.0844322	-0.0795409	-0.080807	-0.0931709	-0.103436	-0.11414	-0.111013	-0.0995331	-0.108225	-0.129953	-0.150915	-0.165271	-0.161237	-0.15002	-0.154729	-0.181998	-0.239251	-0.329519	-0.430448	-0.517697	-0.581524	-0.606207	-0.571501	-0.477148	-0.337034	-0.156775	0.0599318	0.291962	0.507538	0.687008	0.826627	0.92182	0.957427	0.918376	0.806728	0.646377	0.472427	0.315805	0.193838	0.109734	0.0576022	0.0283234	0.0135768	0.00761442	0.00761442	
-0.0809812	-0.0814442	-0.0833439	-0.0798248	-0.0790876	-0.0808149	-0.0842819	-0.097867	-0.107082	-0.111244	-0.109411	-0.0995331	-0.107113	-0.130533	-0.14858	-0.162392	-0.164864	-0.153023	-0.151535	-0.174843	-0.223574	-0.303644	-0.403979	-0.496172	-0.565243	-0.603032	-0.590326	-0.515916	-0.390574	-0.226422	-0.0256731	0.200959	0.425012	0.619095	0.773343	0.886614	0.949765	0.946074	0.867535	0.727317	0.556296	0.388692	0.248906	0.146683	0.0799044	0.0404382	0.0191915	0.00887185	0.00480886	0.00480886	
-0.0789371	-0.078579	-0.0785179	-0.0786214	-0.0845451	-0.0907645	-0.101084	-0.108541	-0.1078	-0.106281	-0.1019	-0.108225	-0.130533	-0.147963	-0.159845	-0.166667	-0.15704	-0.149491	-0.168805	-0.213738	-0.284489	-0.38019	-0.476551	-0.550432	-0.595648	-0.599925	-0.545751	-0.435224	-0.283978	-0.0984834	0.117604	0.344033	0.550437	0.718655	0.84631	0.930214	0.956612	0.911475	0.797105	0.636779	0.464497	0.310098	0.190167	0.107576	0.0563803	0.0275061	0.0125995	0.00561741	0.00294155	0.00294155	
-0.0768952	-0.0797692	-0.0822943	-0.0885525	-0.0963491	-0.103033	-0.107873	-0.10588	-0.104037	-0.104486	-0.110692	-0.129953	-0.14858	-0.159845	-0.167115	-0.15988	-0.148727	-0.163779	-0.20756	-0.272187	-0.36077	-0.458702	-0.5378	-0.587506	-0.602837	-0.566868	-0.471997	-0.331809	-0.158917	0.0445172	0.26749	0.482268	0.663649	0.803995	0.903434	0.95368	0.939247	0.853523	0.710345	0.540049	0.375451	0.239413	0.140581	0.0763335	0.0384886	0.0181015	0.0080034	0.00344196	0.00174076	0.00174076	
-0.0821205	-0.0873498	-0.0931753	-0.100773	-0.105334	-0.106836	-0.104584	-0.102518	-0.105564	-0.113649	-0.131035	-0.150915	-0.162392	-0.166667	-0.15988	-0.148612	-0.160813	-0.203887	-0.265444	-0.34697	-0.443454	-0.527236	-0.580593	-0.602083	-0.580288	-0.501124	-0.371622	-0.208523	-0.0171897	0.198168	0.416467	0.609152	0.761465	0.873134	0.941383	0.953061	0.895941	0.774342	0.612244	0.442587	0.293147	0.178532	0.10038	0.0523208	0.0253826	0.0115092	0.00491263	0.00203846	0.000995534	0.000995534	
-0.0944148	-0.0997015	-0.10456	-0.106467	-0.10441	-0.101504	-0.100856	-0.106609	-0.11841	-0.135984	-0.155173	-0.165271	-0.164864	-0.15704	-0.148727	-0.160813	-0.202621	-0.2626	-0.339004	-0.432213	-0.518855	-0.575543	-0.600136	-0.587831	-0.522837	-0.404223	-0.24901	-0.0677518	0.138073	0.355281	0.55626	0.719763	0.841878	0.923504	0.956002	0.925165	0.827269	0.678427	0.508983	0.349685	0.220646	0.128354	0.0691165	0.0345891	0.0161487	0.00706088	0.00291037	0.00116557	0.000549667	0.000549667	
-0.104241	-0.104366	-0.102862	-0.0993525	-0.0977326	-0.101349	-0.111478	-0.126822	-0.144197	-0.159632	-0.165778	-0.161237	-0.153023	-0.149491	-0.163779	-0.203887	-0.2626	-0.33644	-0.426248	-0.513297	-0.57231	-0.598414	-0.591555	-0.537834	-0.429851	-0.281605	-0.108154	0.0881503	0.300823	0.506461	0.679709	0.811276	0.903065	0.951364	0.943055	0.86881	0.736676	0.572261	0.407098	0.265783	0.159794	0.0888181	0.0458211	0.0220245	0.0098987	0.00417492	0.00166227	0.000642803	0.000292737	0.000292737	
-0.0984579	-0.0962432	-0.0955584	-0.0986203	-0.107749	-0.121725	-0.13769	-0.152085	-0.161658	-0.163045	-0.156644	-0.15002	-0.151535	-0.168805	-0.20756	-0.265444	-0.339004	-0.426248	-0.511332	-0.57073	-0.597392	-0.593162	-0.547246	-0.448633	-0.306901	-0.139497	0.0484378	0.254662	0.461444	0.642245	0.782348	0.882234	0.942155	0.952041	0.899672	0.785939	0.630435	0.463418	0.312538	0.193951	0.111157	0.0590639	0.0292078	0.0134905	0.00583932	0.00237658	0.000914425	0.000341609	0.000150262	0.000150262	
-0.0942828	-0.0989607	-0.107274	-0.119636	-0.134011	-0.147098	-0.156477	-0.160571	-0.158741	-0.152813	-0.149088	-0.154729	-0.174843	-0.213738	-0.272187	-0.34697	-0.432213	-0.513297	-0.57073	-0.59707	-0.593726	-0.552287	-0.460833	-0.325042	-0.162597	0.0184449	0.217671	0.422797	0.608511	0.755881	0.862452	0.930811	0.954669	0.921285	0.826013	0.682084	0.516829	0.359371	0.229834	0.135648	0.0741581	0.0376951	0.0178794	0.00794006	0.00331172	0.00130129	0.000484088	0.000174805	7.42872e-05	7.42872e-05	
-0.109646	-0.12032	-0.132308	-0.143982	-0.15285	-0.157619	-0.158103	-0.154888	-0.150308	-0.149462	-0.158488	-0.181998	-0.223574	-0.284489	-0.36077	-0.443454	-0.518855	-0.57231	-0.597392	-0.593726	-0.553858	-0.466804	-0.335978	-0.177888	-0.00245827	0.19013	0.39177	0.579737	0.732643	0.844672	0.919133	0.953261	0.935455	0.857402	0.726408	0.565823	0.40475	0.266293	0.161609	0.0907896	0.0473869	0.0230613	0.0104997	0.0044863	0.00180418	0.000684822	0.000246443	8.60723e-05	3.53532e-05	3.53532e-05	
-0.133061	-0.142825	-0.150993	-0.156055	-0.157305	-0.155262	-0.151224	-0.147933	-0.150163	-0.163547	-0.192436	-0.239251	-0.303644	-0.38019	-0.458702	-0.527236	-0.575543	-0.598414	-0.593162	-0.552287	-0.466804	-0.339633	-0.185522	-0.0147914	0.171953	0.369187	0.557071	0.713434	0.829575	0.908359	0.949723	0.944056	0.881093	0.76319	0.609296	0.44727	0.302104	0.188208	0.108497	0.0580791	0.0289711	0.0135115	0.00591005	0.00243155	0.000943491	0.000346165	0.00012058	4.07595e-05	1.6188e-05	1.6188e-05	
-0.151527	-0.155869	-0.156984	-0.154771	-0.150419	-0.146157	-0.14538	-0.152769	-0.173144	-0.20961	-0.262599	-0.329519	-0.403979	-0.476551	-0.5378	-0.580593	-0.600136	-0.591555	-0.547246	-0.460833	-0.335978	-0.185522	-0.0188685	0.162937	0.355506	0.541439	0.699036	0.817704	0.89931	0.945496	0.948796	0.898318	0.792679	0.646563	0.485752	0.336071	0.214517	0.126695	0.0694644	0.035476	0.0169318	0.00757546	0.00318643	0.0012634	0.000473356	0.000167988	5.66766e-05	1.85554e-05	7.12945e-06	7.12945e-06	
-0.155898	-0.152671	-0.147607	-0.142743	-0.141081	-0.146209	-0.161977	-0.191504	-0.235852	-0.293462	-0.360371	-0.430448	-0.496172	-0.550432	-0.587506	-0.602083	-0.587831	-0.537834	-0.448633	-0.325042	-0.177888	-0.0147914	0.162937	0.350928	0.533467	0.690104	0.809505	0.892517	0.94159	0.951089	0.910338	0.815429	0.677318	0.519287	0.367099	0.239585	0.144716	0.0811469	0.0423768	0.0206758	0.00945356	0.00406217	0.00164474	0.000629028	0.000227749	7.82357e-05	2.55836e-05	8.11817e-06	3.01936e-06	3.01936e-06	
-0.142258	-0.137857	-0.136875	-0.142196	-0.15661	-0.18236	-0.220555	-0.270525	-0.329713	-0.394122	-0.458704	-0.517697	-0.565243	-0.595648	-0.602837	-0.580288	-0.522837	-0.429851	-0.306901	-0.162597	-0.00245827	0.171953	0.355506	0.533467	0.687076	0.805315	0.888316	0.938667	0.952007	0.918287	0.832135	0.701542	0.547239	0.394252	0.262495	0.161847	0.0926653	0.0494155	0.0246186	0.0114919	0.0050403	0.0020825	0.000812499	0.000300012	0.000105058	3.49596e-05	1.10882e-05	3.41282e-06	1.22944e-06	1.22944e-06	
-0.13406	-0.141231	-0.15618	-0.1804	-0.214629	-0.258639	-0.311044	-0.36933	-0.430095	-0.489166	-0.541542	-0.581524	-0.603032	-0.599925	-0.566868	-0.501124	-0.404223	-0.281605	-0.139497	0.0184449	0.19013	0.369187	0.541439	0.690104	0.805315	0.886895	0.937116	0.952278	0.923069	0.843486	0.719399	0.569209	0.416779	0.282419	0.177389	0.103524	0.056291	0.0285997	0.0136153	0.00608978	0.00256558	0.00102047	0.000384065	0.00013705	4.6457e-05	1.4987e-05	4.61384e-06	1.37848e-06	4.81296e-07	4.81296e-07	
-0.160973	-0.184746	-0.216496	-0.256193	-0.303157	-0.355958	-0.412328	-0.469131	-0.522288	-0.566729	-0.596655	-0.606207	-0.590326	-0.545751	-0.471997	-0.371622	-0.24901	-0.108154	0.0484378	0.217671	0.39177	0.557071	0.699036	0.809505	0.888316	0.937116	0.952323	0.925303	0.850049	0.731123	0.584985	0.434117	0.298655	0.190689	0.113228	0.06268	0.0324339	0.0157294	0.00716771	0.00307654	0.00124668	0.000477955	0.000173711	5.99632e-05	1.96931e-05	6.16376e-06	1.84318e-06	5.34962e-07	1.81153e-07	1.81153e-07	
-0.225617	-0.262439	-0.305511	-0.353959	-0.406197	-0.45976	-0.511212	-0.556176	-0.589564	-0.606103	-0.60115	-0.571501	-0.515916	-0.435224	-0.331809	-0.208523	-0.0677518	0.0881503	0.254662	0.422797	0.579737	0.713434	0.817704	0.892517	0.938667	0.952278	0.925303	0.852195	0.736923	0.594471	0.445874	0.310649	0.201187	0.121317	0.068261	0.0359244	0.0177271	0.0082217	0.00359228	0.0014819	0.000578373	0.000213984	7.51846e-05	2.51299e-05	8.00311e-06	2.43224e-06	7.07005e-07	1.99491e-07	6.55621e-08	6.55621e-08	
-0.318767	-0.36391	-0.412367	-0.462051	-0.510031	-0.552588	-0.585454	-0.604235	-0.604988	-0.58481	-0.542219	-0.477148	-0.390574	-0.283978	-0.158917	-0.0171897	0.138073	0.300823	0.461444	0.608511	0.732643	0.829575	0.89931	0.94159	0.952007	0.923069	0.850049	0.736923	0.597634	0.45181	0.318003	0.208441	0.127399	0.0727395	0.0388791	0.019497	0.0091938	0.00408547	0.00171442	0.000680736	0.000256238	9.15958e-05	3.11456e-05	1.00898e-05	3.11865e-06	9.21026e-07	2.60437e-07	7.14951e-08	2.28199e-08	2.28199e-08	
-0.431169	-0.476004	-0.518805	-0.556528	-0.58577	-0.603082	-0.605356	-0.590176	-0.556045	-0.502372	-0.429228	-0.337034	-0.226422	-0.0984834	0.0445172	0.198168	0.355281	0.506461	0.642245	0.755881	0.844672	0.908359	0.945496	0.951089	0.918287	0.843486	0.731123	0.594471	0.45181	0.32048	0.212146	0.131173	0.0758717	0.0411269	0.0209335	0.0100255	0.00452684	0.00193087	0.000779469	0.000298336	0.000108445	3.7498e-05	1.23526e-05	3.88219e-06	1.16561e-06	3.34777e-07	9.21541e-08	2.4631e-08	7.64065e-09	7.64065e-09	
-0.535804	-0.566638	-0.589938	-0.60314	-0.603905	-0.59031	-0.560945	-0.514892	-0.451604	-0.370772	-0.272337	-0.156775	-0.0256731	0.117604	0.26749	0.416467	0.55626	0.679709	0.782348	0.862452	0.919133	0.949723	0.948796	0.910338	0.832135	0.719399	0.584985	0.445874	0.318003	0.212146	0.132453	0.0774831	0.0425331	0.0219464	0.0106635	0.00488792	0.00211749	0.000868463	0.000337789	0.000124797	4.38628e-05	1.46876e-05	4.69216e-06	1.43195e-06	4.17985e-07	1.16841e-07	3.13324e-08	8.15959e-09	2.46166e-09	2.46166e-09	
-0.595894	-0.603407	-0.600749	-0.586359	-0.558902	-0.517259	-0.460485	-0.387814	-0.298772	-0.193463	-0.0730159	0.0599318	0.200959	0.344033	0.482268	0.609152	0.719763	0.811276	0.882234	0.930811	0.953261	0.944056	0.898318	0.815429	0.701542	0.569209	0.434117	0.310649	0.208441	0.131173	0.0774831	0.0430117	0.0224702	0.0110648	0.00514401	0.00226146	0.000941683	0.000371989	0.000139613	4.98564e-05	1.69638e-05	5.50695e-06	1.70779e-06	5.06546e-07	1.43867e-07	3.917e-08	1.02398e-08	2.60005e-09	7.63393e-10	7.63393e-10	
-0.59481	-0.578017	-0.550268	-0.510334	-0.457078	-0.389538	-0.307082	-0.209677	-0.098223	0.0251275	0.156804	0.291962	0.425012	0.550437	0.663649	0.761465	0.841878	0.903065	0.942155	0.954669	0.935455	0.881093	0.792679	0.677318	0.547239	0.416779	0.298655	0.201187	0.127399	0.0758717	0.0425331	0.0224702	0.0112018	0.00527689	0.00235238	0.000993827	0.000398484	0.000151852	5.50722e-05	1.90336e-05	6.27683e-06	1.9775e-06	5.95878e-07	1.71928e-07	4.75495e-08	1.26186e-08	3.21801e-09	7.97232e-10	2.27956e-10	2.27956e-10	
-0.533449	-0.492946	-0.440653	-0.375639	-0.297337	-0.205757	-0.101729	0.0129119	0.135251	0.261429	0.38701	0.507538	0.619095	0.718655	0.803995	0.873134	0.923504	0.951364	0.952041	0.921285	0.857402	0.76319	0.646563	0.519287	0.394252	0.282419	0.190689	0.121317	0.0727395	0.0411269	0.0219464	0.0110648	0.00527689	0.00238348	0.00102095	0.000415263	0.000160593	5.91247e-05	2.07485e-05	6.94863e-06	2.22338e-06	6.8048e-07	1.99421e-07	5.60181e-08	1.5098e-08	3.90809e-09	9.72887e-10	2.35319e-10	6.55705e-11	6.55705e-11	
-0.40835	-0.344031	-0.268235	-0.181119	-0.0835075	0.0230074	0.136057	0.252619	0.369278	0.482575	0.589362	0.687008	0.773343	0.84631	0.903434	0.941383	0.956002	0.943055	0.899672	0.826013	0.726408	0.609296	0.485752	0.367099	0.262495	0.177389	0.113228	0.068261	0.0388791	0.0209335	0.0106635	0.00514401	0.00235238	0.00102095	0.000421009	0.000165149	6.16964e-05	2.19758e-05	7.47169e-06	2.42749e-06	7.54442e-07	2.24527e-07	6.40502e-08	1.75306e-08	4.60786e-09	1.16419e-09	2.83087e-10	6.68939e-11	1.81762e-11	1.81762e-11	
-0.217588	-0.134644	-0.043306	0.055074	0.158624	0.26505	0.371812	0.47633	0.576178	0.669178	0.753341	0.826627	0.886614	0.930214	0.95368	0.953061	0.925165	0.86881	0.785939	0.682084	0.565823	0.44727	0.336071	0.239585	0.161847	0.103524	0.06268	0.0359244	0.019497	0.0100255	0.00488792	0.00226146	0.000993827	0.000415263	0.000165149	6.2578e-05	2.26162e-05	7.80408e-06	2.5738e-06	8.1211e-07	2.45397e-07	7.10807e-08	1.97544e-08	5.27222e-09	1.35244e-09	3.33735e-10	7.93169e-11	1.8322e-11	4.8576e-12	4.8576e-12	
0.0187706	0.108392	0.201927	0.297706	0.393907	0.48866	0.58013	0.666541	0.746099	0.816829	0.87637	0.92182	0.949765	0.956612	0.939247	0.895941	0.827269	0.736676	0.630435	0.516829	0.40475	0.302104	0.214517	0.144716	0.0926653	0.056291	0.0324339	0.0177271	0.0091938	0.00452684	0.00211749	0.000941683	0.000398484	0.000160593	6.16964e-05	2.26162e-05	7.9181e-06	2.6502e-06	8.48792e-07	2.6037e-07	7.65674e-08	2.16044e-08	5.85413e-09	1.52464e-09	3.8195e-10	9.21149e-11	2.141e-11	4.83748e-12	1.25218e-12	1.25218e-12	
0.264437	0.349146	0.434389	0.518811	0.600999	0.679463	0.752563	0.818398	0.874686	0.918705	0.947356	0.957427	0.946074	0.911475	0.853523	0.774342	0.678427	0.572261	0.463418	0.359371	0.266293	0.188208	0.126695	0.0811469	0.0494155	0.0285997	0.0157294	0.0082217	0.00408547	0.00193087	0.000868463	0.000371989	0.000151852	5.91247e-05	2.19758e-05	7.80408e-06	2.6502e-06	8.61381e-07	2.68194e-07	8.00595e-08	2.29326e-08	6.30851e-09	1.66796e-09	4.24198e-10	1.03851e-10	2.44926e-11	5.57046e-12	1.23179e-12	3.11482e-13	3.11482e-13	
0.491812	0.565622	0.637938	0.70744	0.772585	0.831544	0.882145	0.921868	0.947944	0.957568	0.948268	0.918376	0.867535	0.797105	0.710345	0.612244	0.508983	0.407098	0.312538	0.229834	0.161609	0.108497	0.0694644	0.0423768	0.0246186	0.0136153	0.00716771	0.00359228	0.00171442	0.000779469	0.000337789	0.000139613	5.50722e-05	2.07485e-05	7.47169e-06	2.5738e-06	8.48792e-07	2.68194e-07	8.12584e-08	2.36268e-08	6.5978e-09	1.77088e-09	4.57194e-10	1.13621e-10	2.72e-11	6.27694e-12	1.3977e-12	3.02647e-13	7.48046e-14	7.48046e-14	
0.689369	0.748964	0.80477	0.855045	0.897764	0.93066	0.95132	0.957378	0.946788	0.918168	0.871159	0.806728	0.727317	0.636779	0.540049	0.442587	0.349685	0.265783	0.193951	0.135648	0.0907896	0.0580791	0.035476	0.0206758	0.0114919	0.00608978	0.00307654	0.0014819	0.000680736	0.000298336	0.000124797	4.98564e-05	1.90336e-05	6.94863e-06	2.42749e-06	8.1211e-07	2.6037e-07	8.00595e-08	2.36268e-08	6.69713e-09	1.82468e-09	4.78205e-10	1.20637e-10	2.93148e-11	6.86643e-12	1.55134e-12	3.38382e-13	7.17852e-14	1.73524e-14	1.73524e-14	
0.846021	0.88586	0.918697	0.942564	0.955441	0.955418	0.940895	0.910833	0.865003	0.80419	0.730311	0.646377	0.556296	0.464497	0.375451	0.293147	0.220646	0.159794	0.111157	0.0741581	0.0473869	0.0289711	0.0169318	0.00945356	0.0050403	0.00256558	0.00124668	0.000578373	0.000256238	0.000108445	4.38628e-05	1.69638e-05	6.27683e-06	2.22338e-06	7.54442e-07	2.45397e-07	7.65674e-08	2.29326e-08	6.5978e-09	1.82468e-09	4.85421e-10	1.24305e-10	3.06614e-11	7.28979e-12	1.67162e-12	3.69949e-13	7.90854e-14	1.64455e-14	3.88982e-15	3.88982e-15	
0.939925	0.953033	0.956382	0.948511	0.928255	0.894919	0.848444	0.789547	0.719789	0.641556	0.557927	0.472427	0.388692	0.310098	0.239413	0.178532	0.128354	0.0888181	0.0590639	0.0376951	0.0230613	0.0135115	0.00757546	0.00406217	0.0020825	0.00102047	0.000477955	0.000213984	9.15958e-05	3.7498e-05	1.46876e-05	5.50695e-06	1.9775e-06	6.8048e-07	2.24527e-07	7.10807e-08	2.16044e-08	6.30851e-09	1.77088e-09	4.78205e-10	1.24305e-10	3.11238e-11	7.51112e-12	1.74822e-12	3.92677e-13	8.51704e-14	1.78528e-14	3.64071e-15	8.43039e-16	8.43039e-16	
0.948654	0.932124	0.905344	0.867922	0.819958	0.762131	0.695741	0.622688	0.545381	0.466574	0.389138	0.315805	0.248906	0.190167	0.140581	0.10038	0.0691165	0.0458211	0.0292078	0.0178794	0.0104997	0.00591005	0.00318643	0.00164474	0.000812499	0.000384065	0.000173711	7.51846e-05	3.11456e-05	1.23526e-05	4.69216e-06	1.70779e-06	5.95878e-07	1.99421e-07	6.40502e-08	1.97544e-08	5.85413e-09	1.66796e-09	4.57194e-10	1.20637e-10	3.06614e-11	7.51112e-12	1.77452e-12	4.04559e-13	8.90561e-14	1.89399e-14	3.89458e-15	7.79234e-16	1.76733e-16	1.76733e-16	
0.868487	0.827213	0.777895	0.721167	0.658107	0.590216	0.519352	0.447623	0.377231	0.310297	0.248683	0.193838	0.146683	0.107576	0.0763335	0.0523208	0.0345891	0.0220245	0.0134905	0.00794006	0.0044863	0.00243155	0.0012634	0.000629028	0.000300012	0.00013705	5.99632e-05	2.51299e-05	1.00898e-05	3.88219e-06	1.43195e-06	5.06546e-07	1.71928e-07	5.60181e-08	1.75306e-08	5.27222e-09	1.52464e-09	4.24198e-10	1.13621e-10	2.93148e-11	7.28979e-12	1.74822e-12	4.04559e-13	9.03904e-14	1.95101e-14	4.07043e-15	8.21445e-16	1.61326e-16	3.58547e-17	3.58547e-17	
0.722124	0.667123	0.607837	0.545427	0.481297	0.417012	0.354207	0.294466	0.2392	0.189544	0.146268	0.109734	0.0799044	0.0563803	0.0384886	0.0253826	0.0161487	0.0098987	0.00583932	0.00331172	0.00180418	0.000943491	0.000473356	0.000227749	0.000105058	4.6457e-05	1.96931e-05	8.00311e-06	3.11865e-06	1.16561e-06	4.17985e-07	1.43867e-07	4.75495e-08	1.5098e-08	4.60786e-09	1.35244e-09	3.8195e-10	1.03851e-10	2.72e-11	6.86643e-12	1.67162e-12	3.92677e-13	8.90561e-14	1.95101e-14	4.13106e-15	8.45864e-16	1.67602e-16	3.23224e-17	7.04261e-18	7.04261e-18	
0.549165	0.492331	0.434914	0.378045	0.322893	0.270588	0.222144	0.178386	0.139894	0.106968	0.079622	0.0576022	0.0404382	0.0275061	0.0181015	0.0115092	0.00706088	0.00417492	0.00237658	0.00130129	0.000684822	0.000346165	0.000167988	7.82357e-05	3.49596e-05	1.4987e-05	6.16376e-06	2.43224e-06	9.21026e-07	3.34777e-07	1.16841e-07	3.917e-08	1.26186e-08	3.90809e-09	1.16419e-09	3.33735e-10	9.21149e-11	2.44926e-11	6.27694e-12	1.55134e-12	3.69949e-13	8.51704e-14	1.89399e-14	4.07043e-15	8.45864e-16	1.70053e-16	3.30961e-17	6.27014e-18	1.33992e-18	1.33992e-18	
0.389398	0.338735	0.290103	0.244289	0.201989	0.163762	0.129996	0.100887	0.0764309	0.0564383	0.0405588	0.0283234	0.0191915	0.0125995	0.0080034	0.00491263	0.00291037	0.00166227	0.000914425	0.000484088	0.000246443	0.00012058	5.66766e-05	2.55836e-05	1.10882e-05	4.61384e-06	1.84318e-06	7.07005e-07	2.60437e-07	9.21541e-08	3.13324e-08	1.02398e-08	3.21801e-09	9.72887e-10	2.83087e-10	7.93169e-11	2.141e-11	5.57046e-12	1.3977e-12	3.38382e-13	7.90854e-14	1.78528e-14	3.89458e-15	8.21445e-16	1.67602e-16	3.30961e-17	6.3292e-18	1.17838e-18	2.4708e-19	2.4708e-19	
0.271186	0.228879	0.189988	0.154916	0.123928	0.0971354	0.0744958	0.0558254	0.0408193	0.0290814	0.0201587	0.0135768	0.00887185	0.00561741	0.00344196	0.00203846	0.00116557	0.000642803	0.000341609	0.000174805	8.60723e-05	4.07595e-05	1.85554e-05	8.11817e-06	3.41282e-06	1.37848e-06	5.34962e-07	1.99491e-07	7.14951e-08	2.4631e-08	8.15959e-09	2.60005e-09	7.97232e-10	2.35319e-10	6.68939e-11	1.8322e-11	4.83748e-12	1.23179e-12	3.02647e-13	7.17852e-14	1.64455e-14	3.64071e-15	7.79234e-16	1.61326e-16	3.23224e-17	6.27014e-18	1.17838e-18	2.15635e-19	4.437e-20	4.437e-20	
0.209385	0.172618	0.139784	0.111056	0.0864595	0.0658745	0.0490565	0.03566	0.0252693	0.0174323	0.0116921	0.00761442	0.00480886	0.00294155	0.00174076	0.000995534	0.000549667	0.000292737	0.000150262	7.42872e-05	3.53532e-05	1.6188e-05	7.12945e-06	3.01936e-06	1.22944e-06	4.81296e-07	1.81153e-07	6.55621e-08	2.28199e-08	7.64065e-09	2.46166e-09	7.63393e-10	2.27956e-10	6.55705e-11	1.81762e-11	4.8576e-12	1.25218e-12	3.11482e-13	7.48046e-14	1.73524e-14	3.88982e-15	8.43039e-16	1.76733e-16	3.58547e-17	7.04261e-18	1.33992e-18	2.4708e-19	4.437e-20	8.94418e-21	8.94418e-21	
0.209385	0.172618	0.139784	0.111056	0.0864595	0.0658745	0.0490565	0.03566	0.0252693	0.0174323	0.0116921	0.00761442	0.00480886	0.00294155	0.00174076	0.000995534	0.000549667	0.000292737	0.000150262	7.42872e-05	3.53532e-05	1.6188e-05	7.12945e-06	3.01936e-06	1.22944e-06	4.81296e-07	1.81153e-07	6.55621e-08	2.28199e-08	7.64065e-09	2.46166e-09	7.63393e-10	2.27956e-10	6.55705e-11	1.81762e-11	4.8576e-12	1.25218e-12	3.11482e-13	7.48046e-14	1.73524e-14	3.88982e-15	8.43039e-16	1.76733e-16	3.58547e-17	7.04261e-18	1.33992e-18	2.4708e-19	4.437e-20	8.94418e-21	8.94418e-21	
