1.46416	1.46416	1.36838	1.20906	0.996088	0.733139	0.451452	0.174844	-0.072163	-0.244849	-0.318829	-0.30509	-0.227133	-0.136204	-0.0709973	-0.0520242	-0.0929101	-0.196485	-0.353567	-0.560786	-0.788169	-0.987335	-1.11092	-1.15077	-1.10009	-0.954435	-0.716307	-0.411889	-0.099775	0.15242	0.302514	0.335576	0.276289	0.162489	0.0294178	-0.0920559	-0.196051	-0.25821	-0.250223	-0.175644	-0.0591598	0.0848014	0.248612	0.415109	0.555528	0.651168	0.698021	0.669928	0.580445	0.468667	
1.46416	1.46416	1.36838	1.20906	0.996088	0.733139	0.451452	0.174844	-0.072163	-0.244849	-0.318829	-0.30509	-0.227133	-0.136204	-0.0709973	-0.0520242	-0.0929101	-0.196485	-0.353567	-0.560786	-0.788169	-0.987335	-1.11092	-1.15077	-1.10009	-0.954435	-0.716307	-0.411889	-0.099775	0.15242	0.302514	0.335576	0.276289	0.162489	0.0294178	-0.0920559	-0.196051	-0.25821	-0.250223	-0.175644	-0.0591598	0.0848014	0.248612	0.415109	0.555528	0.651168	0.698021	0.669928	0.580445	0.468667	
1.36838	1.36838	1.28973	1.13851	0.926911	0.677428	0.417526	0.15754	-0.0729502	-0.231887	-0.298766	-0.280986	-0.194142	-0.0968314	-0.0299561	-0.0130991	-0.056684	-0.156019	-0.301927	-0.499765	-0.717375	-0.908675	-1.03454	-1.07423	-1.0232	-0.886258	-0.665114	-0.381961	-0.0911269	0.145026	0.290493	0.329784	0.283023	0.178502	0.0601789	-0.0532466	-0.151259	-0.210829	-0.207252	-0.144271	-0.0399679	0.0887591	0.231867	0.377846	0.507114	0.598615	0.633627	0.598455	0.505694	0.398171	
1.20906	1.20906	1.13851	0.995037	0.796975	0.572614	0.339969	0.109907	-0.0857038	-0.215127	-0.265409	-0.23856	-0.146255	-0.0378913	0.0353848	0.0553184	0.0184446	-0.0645663	-0.198074	-0.381181	-0.587173	-0.772961	-0.902194	-0.945308	-0.901027	-0.774352	-0.573181	-0.322114	-0.0645786	0.150585	0.292246	0.338554	0.308047	0.225983	0.124291	0.0264457	-0.0596892	-0.115676	-0.123704	-0.0821247	-0.00650765	0.091976	0.198192	0.303925	0.403085	0.474787	0.491244	0.442144	0.352623	0.266076	
0.996088	0.996088	0.926911	0.796975	0.624143	0.426419	0.222017	0.0314797	-0.120376	-0.217124	-0.246634	-0.20336	-0.0985443	0.0236638	0.112991	0.150479	0.127934	0.0574817	-0.0612913	-0.227512	-0.423955	-0.608873	-0.740378	-0.787466	-0.751566	-0.640439	-0.464391	-0.245658	-0.0213004	0.172748	0.313359	0.376628	0.370109	0.314163	0.232038	0.152279	0.0761753	0.0109114	-0.0205149	-0.0100997	0.0266516	0.0795644	0.137835	0.196584	0.257604	0.296079	0.28371	0.220323	0.135401	0.0690455	
0.733139	0.733139	0.677428	0.572614	0.426419	0.253669	0.0842582	-0.0601554	-0.170715	-0.242784	-0.254213	-0.189553	-0.0636129	0.0737973	0.18395	0.240762	0.229408	0.174125	0.0821769	-0.0655471	-0.254882	-0.439257	-0.575681	-0.631787	-0.607168	-0.509507	-0.352489	-0.162981	0.0340061	0.213001	0.356279	0.44249	0.469395	0.438074	0.378196	0.309473	0.234394	0.157947	0.0984596	0.0719563	0.0668136	0.0642153	0.0603382	0.0656742	0.0818717	0.083838	0.0395094	-0.0405482	-0.126881	-0.184956	
0.451452	0.451452	0.417526	0.339969	0.222017	0.0842582	-0.0436336	-0.145551	-0.219484	-0.265553	-0.262486	-0.193556	-0.0646058	0.0796569	0.204593	0.278883	0.292348	0.260573	0.193586	0.0661899	-0.111981	-0.294896	-0.42909	-0.490958	-0.473695	-0.383405	-0.241378	-0.0693817	0.109848	0.278438	0.428162	0.538884	0.594802	0.59376	0.555207	0.497402	0.420872	0.325596	0.237781	0.173758	0.121498	0.0598436	-0.00486432	-0.0547236	-0.0921564	-0.140695	-0.213675	-0.306274	-0.395704	-0.448952	
0.174844	0.174844	0.15754	0.109907	0.0314797	-0.0601554	-0.145551	-0.212742	-0.260314	-0.282099	-0.273521	-0.219227	-0.110021	0.0301452	0.159786	0.247859	0.283588	0.278395	0.232893	0.128628	-0.0235771	-0.183441	-0.301281	-0.357743	-0.341265	-0.261042	-0.132492	0.0272345	0.198389	0.364334	0.522836	0.6559	0.741388	0.773394	0.758585	0.713512	0.63026	0.518105	0.399724	0.292512	0.190805	0.0780738	-0.0402432	-0.142977	-0.231594	-0.328763	-0.432531	-0.540237	-0.627861	-0.678403	
-0.072163	-0.072163	-0.0729502	-0.0857038	-0.120376	-0.170715	-0.219484	-0.260314	-0.290327	-0.302247	-0.300052	-0.268409	-0.180322	-0.0607522	0.0499817	0.134304	0.188527	0.209117	0.190438	0.118399	0.007848	-0.115023	-0.208364	-0.246275	-0.221503	-0.146659	-0.0263697	0.126768	0.29168	0.4589	0.627481	0.782069	0.901362	0.967823	0.981333	0.944753	0.85599	0.725534	0.581051	0.432839	0.279285	0.117114	-0.047946	-0.202702	-0.339661	-0.467317	-0.58852	-0.705871	-0.802159	-0.860504	
-0.244849	-0.244849	-0.231887	-0.215127	-0.217124	-0.242784	-0.265553	-0.282099	-0.302247	-0.323373	-0.337492	-0.330778	-0.275781	-0.188792	-0.103156	-0.0273924	0.0375153	0.0814663	0.0897429	0.057745	-0.0096272	-0.0886806	-0.145015	-0.151833	-0.114345	-0.0358212	0.0837433	0.232096	0.39606	0.570444	0.749081	0.917488	1.06484	1.16389	1.20305	1.17582	1.0798	0.935627	0.764277	0.580218	0.381766	0.175894	-0.0335559	-0.232766	-0.411016	-0.556331	-0.682661	-0.806032	-0.905475	-0.961382	
-0.318829	-0.318829	-0.298766	-0.265409	-0.246634	-0.254213	-0.262486	-0.273521	-0.300052	-0.337492	-0.368808	-0.390595	-0.379317	-0.335416	-0.271621	-0.195366	-0.120165	-0.0661367	-0.0328189	-0.0284428	-0.0590497	-0.0935185	-0.103148	-0.0792398	-0.0240189	0.0612488	0.176455	0.326331	0.494942	0.672318	0.857214	1.03851	1.20067	1.32223	1.3824	1.36812	1.27319	1.11582	0.924224	0.70978	0.47883	0.237658	-0.00560078	-0.234341	-0.437263	-0.60368	-0.735189	-0.849014	-0.940192	-0.989626	
-0.30509	-0.30509	-0.280986	-0.23856	-0.20336	-0.189553	-0.193556	-0.219227	-0.268409	-0.330778	-0.390595	-0.438456	-0.465509	-0.456559	-0.411004	-0.343066	-0.272584	-0.199231	-0.134835	-0.103316	-0.100148	-0.0909457	-0.0662255	-0.0234035	0.0440426	0.137806	0.256215	0.401748	0.571211	0.750984	0.935932	1.1196	1.2856	1.4151	1.49028	1.4858	1.39711	1.24714	1.05194	0.823273	0.573067	0.307457	0.0374709	-0.215996	-0.432094	-0.603218	-0.739555	-0.842702	-0.915749	-0.959733	
-0.227133	-0.227133	-0.194142	-0.146255	-0.0985443	-0.0636129	-0.0646058	-0.110021	-0.180322	-0.275781	-0.379317	-0.465509	-0.521249	-0.54015	-0.515617	-0.462906	-0.38327	-0.285733	-0.201435	-0.148307	-0.113163	-0.0812621	-0.0397539	0.025069	0.104957	0.199719	0.315317	0.456206	0.61811	0.793659	0.974527	1.14997	1.30995	1.43864	1.52073	1.53354	1.46297	1.31803	1.13291	0.916048	0.658062	0.37573	0.0934065	-0.174663	-0.403435	-0.57565	-0.70461	-0.791262	-0.846998	-0.877514	
-0.136204	-0.136204	-0.0968314	-0.0378913	0.0236638	0.0737973	0.0796569	0.0301452	-0.0607522	-0.188792	-0.335416	-0.456559	-0.54015	-0.584911	-0.582665	-0.532132	-0.442841	-0.334951	-0.236397	-0.158588	-0.0998192	-0.057785	-0.00856454	0.0604575	0.140653	0.229105	0.339089	0.468062	0.616489	0.784104	0.954918	1.11411	1.2622	1.38886	1.46937	1.49714	1.45109	1.32967	1.16342	0.961565	0.710604	0.423351	0.136863	-0.129508	-0.355602	-0.529105	-0.64671	-0.713172	-0.745206	-0.755997	
-0.0709973	-0.0709973	-0.0299561	0.0353848	0.112991	0.18395	0.204593	0.159786	0.0499817	-0.103156	-0.271621	-0.411004	-0.515617	-0.582665	-0.597419	-0.550339	-0.462576	-0.353691	-0.240409	-0.14677	-0.079102	-0.0325576	0.0155326	0.0704949	0.137877	0.215911	0.310234	0.4218	0.557713	0.712059	0.869364	1.01656	1.15151	1.26958	1.35227	1.38452	1.36046	1.27142	1.12789	0.934631	0.697745	0.424407	0.146881	-0.105179	-0.311247	-0.471479	-0.566056	-0.606597	-0.618744	-0.614849	
-0.0520242	-0.0520242	-0.0130991	0.0553184	0.150479	0.240762	0.278883	0.247859	0.134304	-0.0273924	-0.195366	-0.343066	-0.462906	-0.532132	-0.550339	-0.517905	-0.44615	-0.337225	-0.219945	-0.124287	-0.0651014	-0.0277783	0.00424691	0.0389265	0.085024	0.143793	0.214962	0.313066	0.444057	0.5848	0.727784	0.868188	0.987256	1.0887	1.17155	1.21053	1.19894	1.13823	1.0133	0.83683	0.622876	0.377659	0.12085	-0.107409	-0.283547	-0.405642	-0.471541	-0.491457	-0.477521	-0.44845	
-0.0929101	-0.0929101	-0.056684	0.0184446	0.127934	0.229408	0.292348	0.283588	0.188527	0.0375153	-0.120165	-0.272584	-0.38327	-0.442841	-0.462576	-0.44615	-0.381267	-0.281717	-0.179849	-0.102294	-0.0645744	-0.0532774	-0.055634	-0.0526147	-0.0375041	-0.00322976	0.0521236	0.145473	0.266847	0.399884	0.532996	0.66044	0.768913	0.857172	0.927645	0.971291	0.97545	0.935016	0.834479	0.686408	0.502936	0.294499	0.076421	-0.112798	-0.25513	-0.335031	-0.365307	-0.362354	-0.332059	-0.275473	
-0.196485	-0.196485	-0.156019	-0.0645663	0.0574817	0.174125	0.260573	0.278395	0.209117	0.0814663	-0.0661367	-0.199231	-0.285733	-0.334951	-0.353691	-0.337225	-0.281717	-0.208326	-0.135582	-0.0902841	-0.0825316	-0.108871	-0.152391	-0.195264	-0.220652	-0.214976	-0.166865	-0.0776451	0.0370583	0.1738	0.302111	0.411215	0.507157	0.585197	0.643016	0.686652	0.709603	0.689564	0.621172	0.507769	0.36392	0.199491	0.0352451	-0.103622	-0.200559	-0.244482	-0.246623	-0.221336	-0.174077	-0.104759	
-0.353567	-0.353567	-0.301927	-0.198074	-0.0612913	0.0821769	0.193586	0.232893	0.190438	0.0897429	-0.0328189	-0.134835	-0.201435	-0.236397	-0.240409	-0.219945	-0.179849	-0.135582	-0.101763	-0.0974953	-0.135358	-0.209339	-0.294369	-0.374617	-0.437435	-0.464635	-0.4316	-0.342035	-0.220461	-0.0860782	0.0367952	0.135891	0.215638	0.278437	0.335657	0.392345	0.433232	0.433521	0.39586	0.322625	0.224512	0.113529	0.00431576	-0.0885129	-0.14134	-0.153504	-0.133154	-0.09002	-0.0291708	0.0477626	
-0.560786	-0.560786	-0.499765	-0.381181	-0.227512	-0.0655471	0.0661899	0.128628	0.118399	0.057745	-0.0284428	-0.103316	-0.148307	-0.158588	-0.14677	-0.124287	-0.102294	-0.0902841	-0.0974953	-0.13676	-0.220181	-0.335769	-0.460217	-0.581231	-0.671072	-0.716282	-0.693985	-0.608992	-0.483952	-0.35491	-0.240236	-0.150459	-0.0846395	-0.0254484	0.0392276	0.106047	0.159598	0.189281	0.187309	0.148024	0.0891992	0.0245387	-0.0348412	-0.0828845	-0.0986475	-0.0833895	-0.0442592	0.00703164	0.0740772	0.154734	
-0.788169	-0.788169	-0.717375	-0.587173	-0.423955	-0.254882	-0.111981	-0.0235771	0.007848	-0.0096272	-0.0590497	-0.100148	-0.113163	-0.0998192	-0.079102	-0.0651014	-0.0645744	-0.0825316	-0.135358	-0.220181	-0.339907	-0.483275	-0.634171	-0.778248	-0.892116	-0.946807	-0.929126	-0.848315	-0.722941	-0.593789	-0.485592	-0.402238	-0.34124	-0.28326	-0.215106	-0.141844	-0.0730517	-0.0195511	-0.000864109	-0.0131723	-0.0406896	-0.0663489	-0.0853232	-0.0953564	-0.0844826	-0.0479145	0.00484981	0.0578085	0.119225	0.198991	
-0.987335	-0.987335	-0.908675	-0.772961	-0.608873	-0.439257	-0.294896	-0.183441	-0.115023	-0.0886806	-0.0935185	-0.0909457	-0.0812621	-0.057785	-0.0325576	-0.0277783	-0.0532774	-0.108871	-0.209339	-0.335769	-0.483275	-0.648522	-0.81399	-0.964161	-1.08386	-1.13875	-1.11841	-1.02911	-0.898406	-0.764222	-0.65473	-0.575412	-0.520319	-0.46876	-0.403871	-0.326822	-0.243952	-0.18307	-0.155428	-0.146813	-0.14979	-0.15031	-0.14246	-0.125139	-0.0891197	-0.0406689	0.00849562	0.0604052	0.124144	0.202667	
-1.11092	-1.11092	-1.03454	-0.902194	-0.740378	-0.575681	-0.42909	-0.301281	-0.208364	-0.145015	-0.103148	-0.0662255	-0.0397539	-0.00856454	0.0155326	0.00424691	-0.055634	-0.152391	-0.294369	-0.460217	-0.634171	-0.81399	-0.987507	-1.13498	-1.23577	-1.26875	-1.22513	-1.11973	-0.979696	-0.834306	-0.717215	-0.640329	-0.593214	-0.552335	-0.503345	-0.440628	-0.369493	-0.311343	-0.275898	-0.250405	-0.231977	-0.217081	-0.190573	-0.151932	-0.0948962	-0.0387077	0.00338705	0.0510781	0.111209	0.191213	
-1.15077	-1.15077	-1.07423	-0.945308	-0.787466	-0.631787	-0.490958	-0.357743	-0.246275	-0.151833	-0.0792398	-0.0234035	0.025069	0.0604575	0.0704949	0.0389265	-0.0526147	-0.195264	-0.374617	-0.581231	-0.778248	-0.964161	-1.13498	-1.26871	-1.33112	-1.32306	-1.23984	-1.10761	-0.951342	-0.792374	-0.664862	-0.587873	-0.550008	-0.532066	-0.511851	-0.485046	-0.449379	-0.411145	-0.368481	-0.332308	-0.298303	-0.266893	-0.217747	-0.154977	-0.0851398	-0.0329442	0.0078572	0.0495845	0.0994848	0.171606	
-1.10009	-1.10009	-1.0232	-0.901027	-0.751566	-0.607168	-0.473695	-0.341265	-0.221503	-0.114345	-0.0240189	0.0440426	0.104957	0.140653	0.137877	0.085024	-0.0375041	-0.220652	-0.437435	-0.671072	-0.892116	-1.08386	-1.23577	-1.33112	-1.34792	-1.28621	-1.1583	-0.991329	-0.812031	-0.6428	-0.509562	-0.432879	-0.410036	-0.418844	-0.439295	-0.456917	-0.469131	-0.463274	-0.433721	-0.391314	-0.347296	-0.297135	-0.228003	-0.141534	-0.0598918	-0.0109341	0.0269032	0.0629189	0.102286	0.159246	
-0.954435	-0.954435	-0.886258	-0.774352	-0.640439	-0.509507	-0.383405	-0.261042	-0.146659	-0.0358212	0.0612488	0.137806	0.199719	0.229105	0.215911	0.143793	-0.00322976	-0.214976	-0.464635	-0.716282	-0.946807	-1.13875	-1.26875	-1.32306	-1.28621	-1.16281	-0.989402	-0.79504	-0.600341	-0.422826	-0.287058	-0.217911	-0.204997	-0.229842	-0.288328	-0.363398	-0.431636	-0.464498	-0.453959	-0.418061	-0.374107	-0.311671	-0.223665	-0.117025	-0.0289564	0.0238895	0.0632278	0.0924204	0.122475	0.159683	
-0.716307	-0.716307	-0.665114	-0.573181	-0.464391	-0.352489	-0.241378	-0.132492	-0.0263697	0.0837433	0.176455	0.256215	0.315317	0.339089	0.310234	0.214962	0.0521236	-0.166865	-0.4316	-0.693985	-0.929126	-1.11841	-1.22513	-1.23984	-1.1583	-0.989402	-0.777201	-0.55852	-0.353825	-0.178914	-0.0494104	0.0224196	0.0333721	-0.0111045	-0.102835	-0.225842	-0.339952	-0.41292	-0.435966	-0.416356	-0.371429	-0.29982	-0.198461	-0.0904711	-0.000971658	0.0678487	0.120267	0.147583	0.166226	0.184515	
-0.411889	-0.411889	-0.381961	-0.322114	-0.245658	-0.162981	-0.0693817	0.0272345	0.126768	0.232096	0.326331	0.401748	0.456206	0.468062	0.4218	0.313066	0.145473	-0.0776451	-0.342035	-0.608992	-0.848315	-1.02911	-1.11973	-1.10761	-0.991329	-0.79504	-0.55852	-0.327228	-0.121092	0.0503109	0.175295	0.245029	0.253949	0.195548	0.0836658	-0.0703364	-0.220517	-0.330432	-0.387196	-0.38689	-0.344225	-0.266887	-0.160972	-0.0579262	0.0370018	0.119278	0.184769	0.223848	0.239117	0.24466	
-0.099775	-0.099775	-0.0911269	-0.0645786	-0.0213004	0.0340061	0.109848	0.198389	0.29168	0.39606	0.494942	0.571211	0.61811	0.616489	0.557713	0.444057	0.266847	0.0370583	-0.220461	-0.483952	-0.722941	-0.898406	-0.979696	-0.951342	-0.812031	-0.600341	-0.353825	-0.121092	0.0795152	0.246016	0.366877	0.430207	0.433775	0.371384	0.247142	0.0753929	-0.101086	-0.240331	-0.319329	-0.332911	-0.293146	-0.218429	-0.117671	-0.0139034	0.0925172	0.18224	0.256652	0.313248	0.338596	0.338225	
0.15242	0.15242	0.145026	0.150585	0.172748	0.213001	0.278438	0.364334	0.4589	0.570444	0.672318	0.750984	0.793659	0.784104	0.712059	0.5848	0.399884	0.1738	-0.0860782	-0.35491	-0.593789	-0.764222	-0.834306	-0.792374	-0.6428	-0.422826	-0.178914	0.0503109	0.246016	0.401522	0.516479	0.574134	0.57373	0.509534	0.376982	0.196629	0.00722984	-0.146791	-0.239572	-0.270166	-0.235542	-0.153115	-0.0521945	0.0537006	0.158237	0.253934	0.347641	0.418111	0.452979	0.452301	
0.302514	0.302514	0.290493	0.292246	0.313359	0.356279	0.428162	0.522836	0.627481	0.749081	0.857214	0.935932	0.974527	0.954918	0.869364	0.727784	0.532996	0.302111	0.0367952	-0.240236	-0.485592	-0.65473	-0.717215	-0.664862	-0.509562	-0.287058	-0.0494104	0.175295	0.366877	0.516479	0.624853	0.673783	0.668033	0.603913	0.468063	0.28486	0.0922298	-0.0670554	-0.167887	-0.207756	-0.17724	-0.0869318	0.0233058	0.134876	0.243542	0.34759	0.456559	0.542683	0.587054	0.589596	
0.335576	0.335576	0.329784	0.338554	0.376628	0.44249	0.538884	0.6559	0.782069	0.917488	1.03851	1.1196	1.14997	1.11411	1.01656	0.868188	0.66044	0.411215	0.135891	-0.150459	-0.402238	-0.575412	-0.640329	-0.587873	-0.432879	-0.217911	0.0224196	0.245029	0.430207	0.574134	0.673783	0.720143	0.712815	0.64131	0.502318	0.322588	0.136438	-0.0200349	-0.121658	-0.157481	-0.125353	-0.0324944	0.0934266	0.220632	0.348647	0.468411	0.583072	0.682045	0.737675	0.744124	
0.276289	0.276289	0.283023	0.308047	0.370109	0.469395	0.594802	0.741388	0.901362	1.06484	1.20067	1.2856	1.30995	1.2622	1.15151	0.987256	0.768913	0.507157	0.215638	-0.0846395	-0.34124	-0.520319	-0.593214	-0.550008	-0.410036	-0.204997	0.0333721	0.253949	0.433775	0.57373	0.668033	0.712815	0.697998	0.614238	0.48071	0.312923	0.143426	-0.00309573	-0.0984668	-0.124136	-0.0846255	0.014731	0.160726	0.308115	0.459016	0.603027	0.730353	0.834184	0.89199	0.901207	
0.162489	0.162489	0.178502	0.225983	0.314163	0.438074	0.59376	0.773394	0.967823	1.16389	1.32223	1.4151	1.43864	1.38886	1.26958	1.0887	0.857172	0.585197	0.278437	-0.0254484	-0.28326	-0.46876	-0.552335	-0.532066	-0.418844	-0.229842	-0.0111045	0.195548	0.371384	0.509534	0.603913	0.64131	0.614238	0.533552	0.414888	0.269688	0.120221	-0.00677257	-0.0798413	-0.0848831	-0.0352525	0.0705261	0.227791	0.400712	0.573121	0.739211	0.877163	0.974506	1.02785	1.03663	
0.0294178	0.0294178	0.0601789	0.124291	0.232038	0.378196	0.555207	0.758585	0.981333	1.20305	1.3824	1.49028	1.52073	1.46937	1.35227	1.17155	0.927645	0.643016	0.335657	0.0392276	-0.215106	-0.403871	-0.503345	-0.511851	-0.439295	-0.288328	-0.102835	0.0836658	0.247142	0.376982	0.468063	0.502318	0.48071	0.414888	0.315632	0.201678	0.0833728	-0.0119242	-0.0511094	-0.0298471	0.0318428	0.140854	0.298346	0.495119	0.689222	0.85936	0.995489	1.0865	1.13646	1.13657	
-0.0920559	-0.0920559	-0.0532466	0.0264457	0.152279	0.309473	0.497402	0.713512	0.944753	1.17582	1.36812	1.4858	1.53354	1.49714	1.38452	1.21053	0.971291	0.686652	0.392345	0.106047	-0.141844	-0.326822	-0.440628	-0.485046	-0.456917	-0.363398	-0.225842	-0.0703364	0.0753929	0.196629	0.28486	0.322588	0.312923	0.269688	0.201678	0.124191	0.0422507	-0.0147316	-0.0178965	0.0275681	0.105604	0.220317	0.378519	0.577513	0.776955	0.942797	1.07645	1.16223	1.2013	1.18999	
-0.196051	-0.196051	-0.151259	-0.0596892	0.0761753	0.234394	0.420872	0.63026	0.85599	1.0798	1.27319	1.39711	1.46297	1.45109	1.36046	1.19894	0.97545	0.709603	0.433232	0.159598	-0.0730517	-0.243952	-0.369493	-0.449379	-0.469131	-0.431636	-0.339952	-0.220517	-0.101086	0.00722984	0.0922298	0.136438	0.143426	0.120221	0.0833728	0.0422507	0.00333192	-0.0110542	0.0143582	0.0771832	0.170043	0.291825	0.449974	0.636228	0.824233	0.985287	1.11364	1.19355	1.21585	1.19952	
-0.25821	-0.25821	-0.210829	-0.115676	0.0109114	0.157947	0.325596	0.518105	0.725534	0.935627	1.11582	1.24714	1.31803	1.32967	1.27142	1.13823	0.935016	0.689564	0.433521	0.189281	-0.0195511	-0.18307	-0.311343	-0.411145	-0.463274	-0.464498	-0.41292	-0.330432	-0.240331	-0.146791	-0.0670554	-0.0200349	-0.00309573	-0.00677257	-0.0119242	-0.0147316	-0.0110542	0.00464456	0.0489737	0.125362	0.228808	0.348461	0.498457	0.671409	0.843733	0.991199	1.10155	1.16946	1.19084	1.16671	
-0.250223	-0.250223	-0.207252	-0.123704	-0.0205149	0.0984596	0.237781	0.399724	0.581051	0.764277	0.924224	1.05194	1.13291	1.16342	1.12789	1.0133	0.834479	0.621172	0.39586	0.187309	-0.000864109	-0.155428	-0.275898	-0.368481	-0.433721	-0.453959	-0.435966	-0.387196	-0.319329	-0.239572	-0.167887	-0.121658	-0.0984668	-0.0798413	-0.0511094	-0.0178965	0.0143582	0.0489737	0.0991159	0.182036	0.284476	0.399184	0.533203	0.684878	0.831453	0.957588	1.05046	1.10511	1.1182	1.08783	
-0.175644	-0.175644	-0.144271	-0.0821247	-0.0100997	0.0719563	0.173758	0.292512	0.432839	0.580218	0.70978	0.823273	0.916048	0.961565	0.934631	0.83683	0.686408	0.507769	0.322625	0.148024	-0.0131723	-0.146813	-0.250405	-0.332308	-0.391314	-0.418061	-0.416356	-0.38689	-0.332911	-0.270166	-0.207756	-0.157481	-0.124136	-0.0848831	-0.0298471	0.0275681	0.0771832	0.125362	0.182036	0.252757	0.333611	0.428429	0.54112	0.665865	0.782361	0.881003	0.955788	0.991928	0.990584	0.959641	
-0.0591598	-0.0591598	-0.0399679	-0.00650765	0.0266516	0.0668136	0.121498	0.190805	0.279285	0.381766	0.47883	0.573067	0.658062	0.710604	0.697745	0.622876	0.502936	0.36392	0.224512	0.0891992	-0.0406896	-0.14979	-0.231977	-0.298303	-0.347296	-0.374107	-0.371429	-0.344225	-0.293146	-0.235542	-0.17724	-0.125353	-0.0846255	-0.0352525	0.0318428	0.105604	0.170043	0.228808	0.284476	0.333611	0.381656	0.439011	0.513581	0.598503	0.679364	0.745554	0.793554	0.810766	0.802768	0.783628	
0.0848014	0.0848014	0.0887591	0.091976	0.0795644	0.0642153	0.0598436	0.0780738	0.117114	0.175894	0.237658	0.307457	0.37573	0.423351	0.424407	0.377659	0.294499	0.199491	0.113529	0.0245387	-0.0663489	-0.15031	-0.217081	-0.266893	-0.297135	-0.311671	-0.29982	-0.266887	-0.218429	-0.153115	-0.0869318	-0.0324944	0.014731	0.0705261	0.140854	0.220317	0.291825	0.348461	0.399184	0.428429	0.439011	0.444873	0.464824	0.489552	0.521175	0.547601	0.56163	0.566065	0.560663	0.556773	
0.248612	0.248612	0.231867	0.198192	0.137835	0.0603382	-0.00486432	-0.0402432	-0.047946	-0.0335559	-0.00560078	0.0374709	0.0934065	0.136863	0.146881	0.12085	0.076421	0.0352451	0.00431576	-0.0348412	-0.0853232	-0.14246	-0.190573	-0.217747	-0.228003	-0.223665	-0.198461	-0.160972	-0.117671	-0.0521945	0.0233058	0.0934266	0.160726	0.227791	0.298346	0.378519	0.449974	0.498457	0.533203	0.54112	0.513581	0.464824	0.413874	0.36562	0.332082	0.312772	0.297836	0.288627	0.283397	0.299102	
0.415109	0.415109	0.377846	0.303925	0.196584	0.0656742	-0.0547236	-0.142977	-0.202702	-0.232766	-0.234341	-0.215996	-0.174663	-0.129508	-0.105179	-0.107409	-0.112798	-0.103622	-0.0885129	-0.0828845	-0.0953564	-0.125139	-0.151932	-0.154977	-0.141534	-0.117025	-0.0904711	-0.0579262	-0.0139034	0.0537006	0.134876	0.220632	0.308115	0.400712	0.495119	0.577513	0.636228	0.671409	0.684878	0.665865	0.598503	0.489552	0.36562	0.250579	0.155504	0.0877933	0.0386905	0.00978194	0.00710806	0.0409934	
0.555528	0.555528	0.507114	0.403085	0.257604	0.0818717	-0.0921564	-0.231594	-0.339661	-0.411016	-0.437263	-0.432094	-0.403435	-0.355602	-0.311247	-0.283547	-0.25513	-0.200559	-0.14134	-0.0986475	-0.0844826	-0.0891197	-0.0948962	-0.0851398	-0.0598918	-0.0289564	-0.000971658	0.0370018	0.0925172	0.158237	0.243542	0.348647	0.459016	0.573121	0.689222	0.776955	0.824233	0.843733	0.831453	0.782361	0.679364	0.521175	0.332082	0.155504	0.014864	-0.0935795	-0.177482	-0.226031	-0.224859	-0.181704	
0.651168	0.651168	0.598615	0.474787	0.296079	0.083838	-0.140695	-0.328763	-0.467317	-0.556331	-0.60368	-0.603218	-0.57565	-0.529105	-0.471479	-0.405642	-0.335031	-0.244482	-0.153504	-0.0833895	-0.0479145	-0.0406689	-0.0387077	-0.0329442	-0.0109341	0.0238895	0.0678487	0.119278	0.18224	0.253934	0.34759	0.468411	0.603027	0.739211	0.85936	0.942797	0.985287	0.991199	0.957588	0.881003	0.745554	0.547601	0.312772	0.0877933	-0.0935795	-0.240536	-0.344026	-0.396473	-0.395323	-0.355754	
0.698021	0.698021	0.633627	0.491244	0.28371	0.0395094	-0.213675	-0.432531	-0.58852	-0.682661	-0.735189	-0.739555	-0.70461	-0.64671	-0.566056	-0.471541	-0.365307	-0.246623	-0.133154	-0.0442592	0.00484981	0.00849562	0.00338705	0.0078572	0.0269032	0.0632278	0.120267	0.184769	0.256652	0.347641	0.456559	0.583072	0.730353	0.877163	0.995489	1.07645	1.11364	1.10155	1.05046	0.955788	0.793554	0.56163	0.297836	0.0386905	-0.177482	-0.344026	-0.452055	-0.508748	-0.509702	-0.467151	
0.669928	0.669928	0.598455	0.442144	0.220323	-0.0405482	-0.306274	-0.540237	-0.705871	-0.806032	-0.849014	-0.842702	-0.791262	-0.713172	-0.606597	-0.491457	-0.362354	-0.221336	-0.09002	0.00703164	0.0578085	0.0604052	0.0510781	0.0495845	0.0629189	0.0924204	0.147583	0.223848	0.313248	0.418111	0.542683	0.682045	0.834184	0.974506	1.0865	1.16223	1.19355	1.16946	1.10511	0.991928	0.810766	0.566065	0.288627	0.00978194	-0.226031	-0.396473	-0.508748	-0.571557	-0.578846	-0.539778	
0.580445	0.580445	0.505694	0.352623	0.135401	-0.126881	-0.395704	-0.627861	-0.802159	-0.905475	-0.940192	-0.915749	-0.846998	-0.745206	-0.618744	-0.477521	-0.332059	-0.174077	-0.0291708	0.0740772	0.119225	0.124144	0.111209	0.0994848	0.102286	0.122475	0.166226	0.239117	0.338596	0.452979	0.587054	0.737675	0.89199	1.02785	1.13646	1.2013	1.21585	1.19084	1.1182	0.990584	0.802768	0.560663	0.283397	0.00710806	-0.224859	-0.395323	-0.509702	-0.578846	-0.599212	-0.575525	
0.468667	0.468667	0.398171	0.266076	0.0690455	-0.184956	-0.448952	-0.678403	-0.860504	-0.961382	-0.989626	-0.959733	-0.877514	-0.755997	-0.614849	-0.44845	-0.275473	-0.104759	0.0477626	0.154734	0.198991	0.202667	0.191213	0.171606	0.159246	0.159683	0.184515	0.24466	0.338225	0.452301	0.589596	0.744124	0.901207	1.03663	1.13657	1.18999	1.19952	1.16671	1.08783	0.959641	0.783628	0.556773	0.299102	0.0409934	-0.181704	-0.355754	-0.467151	-0.539778	-0.575525	-0.568118	
