-0.476585	-0.37418	-0.234379	-0.0945446	0.0237563	0.116486	0.164368	0.160736	0.106622	0.016565	-0.0837032	-0.171331	-0.226666	-0.24137	-0.208203	-0.141023	-0.0529395	0.019618	0.0554315	0.0521411	0.0115074	-0.0719312	-0.18602	-0.306682	-0.403822	-0.446463	-0.418425	-0.313952	-0.150316	0.0437315	0.242742	0.431271	0.592723	0.698437	0.731104	0.694425	0.608711	0.489193	0.35329	0.2325	0.130447	0.0600449	0.0124724	-0.0219794	-0.0496674	-0.0936055	-0.14358	-0.199809	-0.23651	-0.23651	
-0.37418	-0.32728	-0.246301	-0.151565	-0.0654441	-0.00570801	0.0159611	-0.000140525	-0.0559223	-0.140994	-0.236241	-0.329177	-0.393601	-0.420131	-0.40951	-0.367378	-0.304477	-0.249447	-0.215524	-0.207528	-0.236057	-0.300884	-0.387594	-0.475993	-0.538723	-0.547366	-0.481557	-0.340802	-0.148702	0.0532536	0.247743	0.427887	0.575906	0.668783	0.695031	0.660635	0.580512	0.481257	0.378883	0.29618	0.238977	0.207468	0.186395	0.165569	0.146958	0.116918	0.0774267	0.02861	-0.00180609	-0.00180609	
-0.234379	-0.246301	-0.224504	-0.178576	-0.13756	-0.121809	-0.127178	-0.156256	-0.212093	-0.290388	-0.384421	-0.481931	-0.560582	-0.611663	-0.63088	-0.617515	-0.580891	-0.537766	-0.500429	-0.484093	-0.502673	-0.552406	-0.610657	-0.658692	-0.676601	-0.642785	-0.536245	-0.361256	-0.148831	0.0605172	0.248616	0.410849	0.537424	0.612645	0.628677	0.598343	0.53657	0.469846	0.411552	0.375788	0.367537	0.371794	0.378296	0.378495	0.36627	0.340341	0.304037	0.260434	0.230976	0.230976	
-0.0945446	-0.151565	-0.178576	-0.18493	-0.194425	-0.218681	-0.249879	-0.297591	-0.35867	-0.429173	-0.512538	-0.605171	-0.702862	-0.784511	-0.835164	-0.851808	-0.833683	-0.80023	-0.764184	-0.739046	-0.750034	-0.782905	-0.809773	-0.816209	-0.785517	-0.70642	-0.567804	-0.368921	-0.145781	0.0576756	0.227951	0.362734	0.46563	0.521174	0.530006	0.5096	0.474238	0.44561	0.427406	0.43691	0.477863	0.525491	0.563703	0.582181	0.577653	0.557328	0.521722	0.47882	0.455157	0.455157	
0.0237563	-0.0654441	-0.13756	-0.194425	-0.239893	-0.289208	-0.340878	-0.405703	-0.473146	-0.52914	-0.59883	-0.68954	-0.805597	-0.917012	-0.998004	-1.03619	-1.03598	-1.00991	-0.970534	-0.936881	-0.934267	-0.951971	-0.957649	-0.930285	-0.859975	-0.743274	-0.573124	-0.36061	-0.143453	0.037724	0.178817	0.284851	0.361272	0.394925	0.400298	0.39483	0.384532	0.394658	0.422812	0.479941	0.566253	0.653287	0.72418	0.763078	0.76089	0.736317	0.70225	0.66396	0.643161	0.643161	
0.116486	-0.00570801	-0.121809	-0.218681	-0.289208	-0.349137	-0.411084	-0.479072	-0.537529	-0.583793	-0.646844	-0.733985	-0.85635	-0.985694	-1.08695	-1.14648	-1.16392	-1.14505	-1.10417	-1.06181	-1.04531	-1.04796	-1.03473	-0.980728	-0.876578	-0.73079	-0.545274	-0.340964	-0.151555	-0.00372378	0.102252	0.174014	0.221341	0.239657	0.240351	0.247828	0.272773	0.330532	0.411744	0.515845	0.642281	0.761306	0.853381	0.901537	0.900274	0.867786	0.81816	0.773371	0.750362	0.750362	
0.164368	0.0159611	-0.127178	-0.249879	-0.340878	-0.411084	-0.472083	-0.524308	-0.568041	-0.607872	-0.662633	-0.733044	-0.846904	-0.981819	-1.09472	-1.17181	-1.20133	-1.18895	-1.15198	-1.10855	-1.08099	-1.06642	-1.03013	-0.948192	-0.81971	-0.657548	-0.477102	-0.299377	-0.155841	-0.0596655	-0.00212735	0.0323305	0.0561262	0.0601947	0.0664404	0.0958545	0.1612	0.263484	0.38599	0.53161	0.687753	0.835091	0.9476	0.998809	0.984568	0.925589	0.85368	0.794699	0.765144	0.765144	
0.160736	-0.000140525	-0.156256	-0.297591	-0.405703	-0.479072	-0.524308	-0.549949	-0.572975	-0.599016	-0.629142	-0.680402	-0.781542	-0.911418	-1.02819	-1.10961	-1.14422	-1.13537	-1.1045	-1.0624	-1.02558	-0.992636	-0.937381	-0.83948	-0.701472	-0.539087	-0.369834	-0.229162	-0.141056	-0.108175	-0.109593	-0.117262	-0.122762	-0.126361	-0.109427	-0.0568072	0.0425855	0.183678	0.348719	0.527615	0.70413	0.865697	0.983291	1.03199	1.00417	0.916228	0.814904	0.734868	0.693078	0.693078	
0.106622	-0.0559223	-0.212093	-0.35867	-0.473146	-0.537529	-0.568041	-0.572975	-0.567095	-0.555903	-0.551878	-0.579219	-0.654122	-0.768327	-0.87696	-0.96051	-1.00261	-0.998195	-0.969095	-0.927698	-0.879245	-0.832137	-0.769608	-0.666747	-0.532167	-0.378133	-0.228712	-0.133591	-0.108489	-0.140422	-0.204072	-0.25966	-0.294508	-0.306339	-0.282184	-0.210012	-0.08034	0.0944421	0.292367	0.4965	0.687752	0.854414	0.9713	1.00358	0.953522	0.838958	0.706112	0.611683	0.559785	0.559785	
0.016565	-0.140994	-0.290388	-0.429173	-0.52914	-0.583793	-0.607872	-0.599016	-0.555903	-0.504377	-0.460378	-0.446397	-0.479123	-0.555194	-0.650168	-0.737697	-0.787758	-0.792117	-0.769273	-0.724713	-0.671432	-0.613462	-0.539107	-0.439323	-0.316034	-0.185038	-0.0766087	-0.0310429	-0.0653757	-0.16063	-0.28118	-0.378934	-0.441494	-0.464784	-0.436633	-0.350436	-0.196038	0.00148307	0.219973	0.437396	0.630741	0.794528	0.901503	0.922746	0.852959	0.712225	0.557896	0.445001	0.386072	0.386072	
-0.0837032	-0.236241	-0.384421	-0.512538	-0.59883	-0.646844	-0.662633	-0.629142	-0.551878	-0.460378	-0.371333	-0.31165	-0.293687	-0.332321	-0.40449	-0.478021	-0.52697	-0.533775	-0.512389	-0.471742	-0.414788	-0.345765	-0.270401	-0.180222	-0.0854058	0.00571411	0.0713042	0.0656655	-0.019049	-0.163863	-0.330347	-0.469865	-0.565742	-0.601755	-0.566885	-0.46665	-0.302524	-0.0938688	0.135692	0.358847	0.55252	0.706323	0.799933	0.806444	0.718267	0.557311	0.383298	0.255627	0.186221	0.186221	
-0.171331	-0.329177	-0.481931	-0.605171	-0.68954	-0.733985	-0.733044	-0.680402	-0.579219	-0.446397	-0.31165	-0.201331	-0.13776	-0.131403	-0.161574	-0.205264	-0.240489	-0.247002	-0.229862	-0.193441	-0.134931	-0.0624465	0.0104974	0.0805984	0.144195	0.190342	0.202861	0.146525	0.0103763	-0.177738	-0.380083	-0.549921	-0.660582	-0.701188	-0.668628	-0.563795	-0.393975	-0.179121	0.0546104	0.278215	0.471333	0.614727	0.692063	0.674058	0.561246	0.38497	0.194725	0.0594338	-0.00979591	-0.00979591	
-0.226666	-0.393601	-0.560582	-0.702862	-0.805597	-0.85635	-0.846904	-0.781542	-0.654122	-0.479123	-0.293687	-0.13776	-0.0293313	0.0315141	0.0512182	0.0477832	0.0415552	0.0478836	0.0690804	0.10797	0.160655	0.225087	0.285613	0.332221	0.360577	0.360597	0.315789	0.203728	0.0199639	-0.208887	-0.439729	-0.633916	-0.761952	-0.808637	-0.76887	-0.650272	-0.467503	-0.244309	-0.00438565	0.221251	0.404851	0.530489	0.581047	0.544188	0.412651	0.219201	0.0241314	-0.124326	-0.199902	-0.199902	
-0.24137	-0.420131	-0.611663	-0.784511	-0.917012	-0.985694	-0.981819	-0.911418	-0.768327	-0.555194	-0.332321	-0.131403	0.0315141	0.145902	0.217196	0.264802	0.299499	0.331885	0.37037	0.411077	0.457618	0.509629	0.551513	0.568295	0.552888	0.498401	0.39527	0.229542	0.00364355	-0.255046	-0.509857	-0.725391	-0.867274	-0.919487	-0.870057	-0.733247	-0.536687	-0.298841	-0.0532437	0.170841	0.34828	0.455554	0.482025	0.4209	0.274317	0.0765641	-0.1201	-0.268064	-0.342359	-0.342359	
-0.208203	-0.40951	-0.63088	-0.835164	-0.998004	-1.08695	-1.09472	-1.02819	-0.87696	-0.650168	-0.40449	-0.161574	0.0512182	0.217196	0.344677	0.448416	0.529401	0.59222	0.647767	0.694272	0.735743	0.776358	0.794834	0.772087	0.70877	0.596406	0.43385	0.223616	-0.0339009	-0.316415	-0.584904	-0.81137	-0.958637	-1.01157	-0.964368	-0.821937	-0.613405	-0.36147	-0.102365	0.128271	0.301535	0.393629	0.397592	0.313505	0.15505	-0.0402918	-0.230944	-0.375553	-0.447326	-0.447326	
-0.141023	-0.367378	-0.617515	-0.851808	-1.03619	-1.14648	-1.17181	-1.10961	-0.96051	-0.737697	-0.478021	-0.205264	0.0477832	0.264802	0.448416	0.603361	0.723222	0.811155	0.879425	0.929895	0.969176	0.996194	0.99136	0.939804	0.835891	0.675245	0.462811	0.210513	-0.0774996	-0.376717	-0.650019	-0.875742	-1.02839	-1.08811	-1.04134	-0.901673	-0.686969	-0.427079	-0.159459	0.0831774	0.257397	0.33831	0.320875	0.224019	0.0603383	-0.136006	-0.317962	-0.462161	-0.536661	-0.536661	
-0.0529395	-0.304477	-0.580891	-0.833683	-1.03598	-1.16392	-1.20133	-1.14422	-1.00261	-0.787758	-0.52697	-0.240489	0.0415552	0.299499	0.529401	0.723222	0.869743	0.974273	1.04834	1.09818	1.13063	1.14376	1.12582	1.06244	0.935707	0.740747	0.49665	0.21618	-0.091323	-0.397896	-0.676424	-0.907408	-1.06206	-1.12563	-1.09133	-0.958735	-0.747842	-0.487793	-0.213985	0.027558	0.194235	0.263667	0.235455	0.126583	-0.0319298	-0.211035	-0.387299	-0.525704	-0.600871	-0.600871	
0.019618	-0.249447	-0.537766	-0.80023	-1.00991	-1.14505	-1.18895	-1.13537	-0.998195	-0.792117	-0.533775	-0.247002	0.0478836	0.331885	0.59222	0.811155	0.974273	1.0877	1.16346	1.20916	1.23063	1.23027	1.20302	1.13139	0.989077	0.780694	0.525532	0.235732	-0.072888	-0.380449	-0.666735	-0.899033	-1.05556	-1.12752	-1.10594	-0.988502	-0.788	-0.53697	-0.267114	-0.0293597	0.128003	0.182705	0.138627	0.0239101	-0.124985	-0.286492	-0.443286	-0.565462	-0.639664	-0.639664	
0.0554315	-0.215524	-0.500429	-0.764184	-0.970534	-1.10417	-1.15198	-1.1045	-0.969095	-0.769273	-0.512389	-0.229862	0.0690804	0.37037	0.647767	0.879425	1.04834	1.16346	1.23549	1.27615	1.28703	1.27507	1.23569	1.1507	1.00026	0.788053	0.529721	0.241645	-0.0592809	-0.361177	-0.643406	-0.868082	-1.02843	-1.10696	-1.09142	-0.991615	-0.807903	-0.568531	-0.304266	-0.0735022	0.0725695	0.111383	0.0506456	-0.0652277	-0.201183	-0.341741	-0.478656	-0.591424	-0.662469	-0.662469	
0.0521411	-0.207528	-0.484093	-0.739046	-0.936881	-1.06181	-1.10855	-1.0624	-0.927698	-0.724713	-0.471742	-0.193441	0.10797	0.411077	0.694272	0.929895	1.09818	1.20916	1.27615	1.30865	1.31132	1.28319	1.2216	1.1227	0.963154	0.741233	0.481977	0.205838	-0.0786894	-0.363543	-0.630424	-0.844049	-0.995948	-1.07047	-1.06275	-0.975043	-0.803986	-0.575628	-0.32271	-0.102429	0.0351748	0.0631455	0.00180099	-0.112659	-0.238645	-0.360743	-0.489572	-0.595546	-0.666648	-0.666648	
0.0115074	-0.236057	-0.502673	-0.750034	-0.934267	-1.04531	-1.08099	-1.02558	-0.879245	-0.671432	-0.414788	-0.134931	0.160655	0.457618	0.735743	0.969176	1.13063	1.23063	1.28703	1.31132	1.2996	1.25088	1.16991	1.05357	0.878939	0.648386	0.393082	0.128609	-0.140547	-0.403242	-0.647079	-0.847439	-0.988375	-1.04884	-1.03536	-0.949853	-0.784877	-0.56812	-0.322007	-0.101963	0.0345986	0.0624268	0.00063525	-0.108735	-0.227193	-0.343118	-0.464575	-0.569724	-0.640089	-0.640089	
-0.0719312	-0.300884	-0.552406	-0.782905	-0.951971	-1.04796	-1.06642	-0.992636	-0.832137	-0.613462	-0.345765	-0.0624465	0.225087	0.509629	0.776358	0.996194	1.14376	1.23027	1.27507	1.28319	1.25088	1.1828	1.08422	0.94739	0.756263	0.526497	0.277757	0.0201389	-0.234985	-0.478746	-0.703527	-0.884443	-1.00316	-1.04552	-1.01451	-0.914024	-0.747756	-0.537429	-0.29522	-0.0784775	0.0558139	0.0904256	0.0347362	-0.0658214	-0.173806	-0.284554	-0.399114	-0.502428	-0.57114	-0.57114	
-0.18602	-0.387594	-0.610657	-0.809773	-0.957649	-1.03473	-1.03013	-0.937381	-0.769608	-0.539107	-0.270401	0.0104974	0.285613	0.551513	0.794834	0.99136	1.12582	1.20302	1.23569	1.2216	1.16991	1.08422	0.962636	0.80015	0.602418	0.377774	0.134719	-0.109745	-0.345327	-0.56752	-0.768853	-0.925778	-1.0168	-1.03492	-0.98093	-0.859327	-0.687566	-0.475577	-0.244819	-0.0432588	0.087497	0.125569	0.0850414	-0.00137007	-0.0985193	-0.199424	-0.307295	-0.401964	-0.463326	-0.463326	
-0.306682	-0.475993	-0.658692	-0.816209	-0.930285	-0.980728	-0.948192	-0.83948	-0.666747	-0.439323	-0.180222	0.0805984	0.332221	0.568295	0.772087	0.939804	1.06244	1.13139	1.1507	1.1227	1.05357	0.94739	0.80015	0.61881	0.417539	0.202072	-0.022335	-0.241761	-0.450242	-0.644764	-0.808121	-0.933588	-1.006	-1.00203	-0.917817	-0.778291	-0.603928	-0.397849	-0.18422	0.0046497	0.134047	0.178756	0.147303	0.0784402	-0.0123499	-0.112619	-0.207853	-0.299493	-0.350346	-0.350346	
-0.403822	-0.538723	-0.676601	-0.785517	-0.859975	-0.876578	-0.81971	-0.701472	-0.532167	-0.316034	-0.0854058	0.144195	0.360577	0.552888	0.70877	0.835891	0.935707	0.989077	1.00026	0.963154	0.878939	0.756263	0.602418	0.417539	0.223258	0.0297464	-0.163407	-0.34591	-0.525604	-0.687421	-0.813071	-0.909143	-0.954045	-0.927283	-0.833383	-0.688663	-0.512202	-0.316227	-0.122357	0.0512214	0.176083	0.229603	0.220386	0.168592	0.0818404	-0.0162568	-0.108135	-0.192923	-0.234089	-0.234089	
-0.446463	-0.547366	-0.642785	-0.70642	-0.743274	-0.73079	-0.657548	-0.539087	-0.378133	-0.185038	0.00571411	0.190342	0.360597	0.498401	0.596406	0.675245	0.740747	0.780694	0.788053	0.741233	0.648386	0.526497	0.377774	0.202072	0.0297464	-0.123301	-0.272304	-0.422334	-0.569886	-0.696051	-0.787811	-0.859984	-0.884173	-0.841607	-0.745647	-0.596027	-0.425306	-0.249031	-0.071853	0.0868217	0.207124	0.276341	0.293715	0.261048	0.189341	0.100445	0.0131053	-0.0579403	-0.0896647	-0.0896647	
-0.418425	-0.481557	-0.536245	-0.567804	-0.573124	-0.545274	-0.477102	-0.369834	-0.228712	-0.0766087	0.0713042	0.202861	0.315789	0.39527	0.43385	0.462811	0.49665	0.525532	0.529721	0.481977	0.393082	0.277757	0.134719	-0.022335	-0.163407	-0.272304	-0.378577	-0.494006	-0.604765	-0.701936	-0.769415	-0.809892	-0.815096	-0.765824	-0.659753	-0.511394	-0.349771	-0.18539	-0.024329	0.120632	0.240505	0.327499	0.368834	0.364445	0.315394	0.238424	0.169732	0.119376	0.0971669	0.0971669	
-0.313952	-0.340802	-0.361256	-0.368921	-0.36061	-0.340964	-0.299377	-0.229162	-0.133591	-0.0310429	0.0656655	0.146525	0.203728	0.229542	0.223616	0.210513	0.21618	0.235732	0.241645	0.205838	0.128609	0.0201389	-0.109745	-0.241761	-0.34591	-0.422334	-0.494006	-0.572759	-0.658618	-0.730405	-0.773834	-0.786342	-0.763466	-0.696932	-0.582048	-0.434098	-0.277256	-0.11768	0.0339753	0.171	0.293628	0.393784	0.462024	0.483757	0.457408	0.404808	0.355863	0.326932	0.319403	0.319403	
-0.150316	-0.148702	-0.148831	-0.145781	-0.143453	-0.151555	-0.155841	-0.141056	-0.108489	-0.0653757	-0.019049	0.0103763	0.0199639	0.00364355	-0.0339009	-0.0774996	-0.091323	-0.072888	-0.0592809	-0.0786894	-0.140547	-0.234985	-0.345327	-0.450242	-0.525604	-0.569886	-0.604765	-0.658618	-0.723422	-0.76941	-0.787424	-0.774158	-0.727963	-0.63858	-0.509726	-0.359232	-0.202863	-0.0455944	0.102406	0.238943	0.370079	0.485884	0.572993	0.618009	0.616893	0.586349	0.559983	0.551174	0.552985	0.552985	
0.0437315	0.0532536	0.0605172	0.0576756	0.037724	-0.00372378	-0.0596655	-0.108175	-0.140422	-0.16063	-0.163863	-0.177738	-0.208887	-0.255046	-0.316415	-0.376717	-0.397896	-0.380449	-0.361177	-0.363543	-0.403242	-0.478746	-0.56752	-0.644764	-0.687421	-0.696051	-0.701936	-0.730405	-0.76941	-0.796133	-0.796006	-0.759022	-0.68929	-0.579964	-0.443423	-0.293259	-0.134098	0.0219355	0.1744	0.320877	0.457388	0.584587	0.68998	0.756849	0.779935	0.773829	0.769862	0.775541	0.783711	0.783711	
0.242742	0.247743	0.248616	0.227951	0.178817	0.102252	-0.00212735	-0.109593	-0.204072	-0.28118	-0.330347	-0.380083	-0.439729	-0.509857	-0.584904	-0.650019	-0.676424	-0.666735	-0.643406	-0.630424	-0.647079	-0.703527	-0.768853	-0.808121	-0.813071	-0.787811	-0.769415	-0.773834	-0.787424	-0.796006	-0.780261	-0.725396	-0.636384	-0.51284	-0.372404	-0.22509	-0.0687021	0.0810345	0.232148	0.386431	0.531419	0.670643	0.791507	0.871604	0.91944	0.948272	0.968555	0.993049	1.01221	1.01221	
0.431271	0.427887	0.410849	0.362734	0.284851	0.174014	0.0323305	-0.117262	-0.25966	-0.378934	-0.469865	-0.549921	-0.633916	-0.725391	-0.81137	-0.875742	-0.907408	-0.899033	-0.868082	-0.844049	-0.847439	-0.884443	-0.925778	-0.933588	-0.909143	-0.859984	-0.809892	-0.786342	-0.774158	-0.759022	-0.725396	-0.658652	-0.556787	-0.428108	-0.286447	-0.147547	-0.0111226	0.131975	0.277903	0.428941	0.577565	0.719943	0.8467	0.944818	1.02446	1.08588	1.137	1.18259	1.20462	1.20462	
0.592723	0.575906	0.537424	0.46563	0.361272	0.221341	0.0561262	-0.122762	-0.294508	-0.441494	-0.565742	-0.660582	-0.761952	-0.867274	-0.958637	-1.02839	-1.06206	-1.05556	-1.02843	-0.995948	-0.988375	-1.00316	-1.0168	-1.006	-0.954045	-0.884173	-0.815096	-0.763466	-0.727963	-0.68929	-0.636384	-0.556787	-0.440415	-0.316474	-0.186885	-0.0619383	0.050433	0.171076	0.29926	0.438558	0.580785	0.723061	0.848313	0.961317	1.07098	1.16551	1.25303	1.31613	1.34627	1.34627	
0.698437	0.668783	0.612645	0.521174	0.394925	0.239657	0.0601947	-0.126361	-0.306339	-0.464784	-0.601755	-0.701188	-0.808637	-0.919487	-1.01157	-1.08811	-1.12563	-1.12752	-1.10696	-1.07047	-1.04884	-1.04552	-1.03492	-1.00203	-0.927283	-0.841607	-0.765824	-0.696932	-0.63858	-0.579964	-0.51284	-0.428108	-0.316474	-0.197305	-0.084429	0.0142777	0.102864	0.19566	0.295485	0.413667	0.546451	0.678347	0.802167	0.923823	1.05033	1.17967	1.29517	1.37538	1.41565	1.41565	
0.731104	0.695031	0.628677	0.530006	0.400298	0.240351	0.0664404	-0.109427	-0.282184	-0.436633	-0.566885	-0.668628	-0.76887	-0.870057	-0.964368	-1.04134	-1.09133	-1.10594	-1.09142	-1.06275	-1.03536	-1.01451	-0.98093	-0.917817	-0.833383	-0.745647	-0.659753	-0.582048	-0.509726	-0.443423	-0.372404	-0.286447	-0.186885	-0.084429	0.00711608	0.0819155	0.140017	0.201198	0.272824	0.362738	0.476636	0.58595	0.702132	0.831461	0.969774	1.12954	1.26675	1.35705	1.40433	1.40433	
0.694425	0.660635	0.598343	0.5096	0.39483	0.247828	0.0958545	-0.0568072	-0.210012	-0.350436	-0.46665	-0.563795	-0.650272	-0.733247	-0.821937	-0.901673	-0.958735	-0.988502	-0.991615	-0.975043	-0.949853	-0.914024	-0.859327	-0.778291	-0.688663	-0.596027	-0.511394	-0.434098	-0.359232	-0.293259	-0.22509	-0.147547	-0.0619383	0.0142777	0.0819155	0.132751	0.164962	0.196843	0.232168	0.287079	0.373392	0.465414	0.56877	0.693914	0.838655	1.01284	1.16732	1.27005	1.32471	1.32471	
0.608711	0.580512	0.53657	0.474238	0.384532	0.272773	0.1612	0.0425855	-0.08034	-0.196038	-0.302524	-0.393975	-0.467503	-0.536687	-0.613405	-0.686969	-0.747842	-0.788	-0.807903	-0.803986	-0.784877	-0.747756	-0.687566	-0.603928	-0.512202	-0.425306	-0.349771	-0.277256	-0.202863	-0.134098	-0.0687021	-0.0111226	0.050433	0.102864	0.140017	0.164962	0.174422	0.177811	0.180797	0.202334	0.253226	0.322621	0.409327	0.526259	0.678715	0.852738	1.0137	1.12813	1.18128	1.18128	
0.489193	0.481257	0.469846	0.44561	0.394658	0.330532	0.263484	0.183678	0.0944421	0.00148307	-0.0938688	-0.179121	-0.244309	-0.298841	-0.36147	-0.427079	-0.487793	-0.53697	-0.568531	-0.575628	-0.56812	-0.537429	-0.475577	-0.397849	-0.316227	-0.249031	-0.18539	-0.11768	-0.0455944	0.0219355	0.0810345	0.131975	0.171076	0.19566	0.201198	0.196843	0.177811	0.143368	0.110774	0.0948058	0.106485	0.155336	0.231281	0.340458	0.497206	0.674412	0.841251	0.964243	1.02232	1.02232	
0.35329	0.378883	0.411552	0.427406	0.422812	0.411744	0.38599	0.348719	0.292367	0.219973	0.135692	0.0546104	-0.00438565	-0.0532437	-0.102365	-0.159459	-0.213985	-0.267114	-0.304266	-0.32271	-0.322007	-0.29522	-0.244819	-0.18422	-0.122357	-0.071853	-0.024329	0.0339753	0.102406	0.1744	0.232148	0.277903	0.29926	0.295485	0.272824	0.232168	0.180797	0.110774	0.0339334	-0.022368	-0.0469685	-0.0222836	0.0503763	0.160776	0.319966	0.503229	0.67591	0.809745	0.875976	0.875976	
0.2325	0.29618	0.375788	0.43691	0.479941	0.515845	0.53161	0.527615	0.4965	0.437396	0.358847	0.278215	0.221251	0.170841	0.128271	0.0831774	0.027558	-0.0293597	-0.0735022	-0.102429	-0.101963	-0.0784775	-0.0432588	0.0046497	0.0512214	0.0868217	0.120632	0.171	0.238943	0.320877	0.386431	0.428941	0.438558	0.413667	0.362738	0.287079	0.202334	0.0948058	-0.022368	-0.123833	-0.186034	-0.181994	-0.11971	0.00187556	0.175198	0.366567	0.552289	0.697922	0.772392	0.772392	
0.130447	0.238977	0.367537	0.477863	0.566253	0.642281	0.687753	0.70413	0.687752	0.630741	0.55252	0.471333	0.404851	0.34828	0.301535	0.257397	0.194235	0.128003	0.0725695	0.0351748	0.0345986	0.0558139	0.087497	0.134047	0.176083	0.207124	0.240505	0.293628	0.370079	0.457388	0.531419	0.577565	0.580785	0.546451	0.476636	0.373392	0.253226	0.106485	-0.0469685	-0.186034	-0.27954	-0.289827	-0.226815	-0.0954594	0.0866687	0.290861	0.492395	0.650971	0.739474	0.739474	
0.0600449	0.207468	0.371794	0.525491	0.653287	0.761306	0.835091	0.865697	0.854414	0.794528	0.706323	0.614727	0.530489	0.455554	0.393629	0.33831	0.263667	0.182705	0.111383	0.0631455	0.0624268	0.0904256	0.125569	0.178756	0.229603	0.276341	0.327499	0.393784	0.485884	0.584587	0.670643	0.719943	0.723061	0.678347	0.58595	0.465414	0.322621	0.155336	-0.0222836	-0.181994	-0.289827	-0.317661	-0.248322	-0.101848	0.0920231	0.311692	0.521086	0.6886	0.78438	0.78438	
0.0124724	0.186395	0.378296	0.563703	0.72418	0.853381	0.9476	0.983291	0.9713	0.901503	0.799933	0.692063	0.581047	0.482025	0.397592	0.320875	0.235455	0.138627	0.0506456	0.00180099	0.00063525	0.0347362	0.0850414	0.147303	0.220386	0.293715	0.368834	0.462024	0.572993	0.68998	0.791507	0.8467	0.848313	0.802167	0.702132	0.56877	0.409327	0.231281	0.0503763	-0.11971	-0.226815	-0.248322	-0.168471	-0.00686748	0.201532	0.434896	0.650477	0.829184	0.928925	0.928925	
-0.0219794	0.165569	0.378495	0.582181	0.763078	0.901537	0.998809	1.03199	1.00358	0.922746	0.806444	0.674058	0.544188	0.4209	0.313505	0.224019	0.126583	0.0239101	-0.0652277	-0.112659	-0.108735	-0.0658214	-0.00137007	0.0784402	0.168592	0.261048	0.364445	0.483757	0.618009	0.756849	0.871604	0.944818	0.961317	0.923823	0.831461	0.693914	0.526259	0.340458	0.160776	0.00187556	-0.0954594	-0.101848	-0.00686748	0.171464	0.400745	0.64736	0.875159	1.0647	1.16714	1.16714	
-0.0496674	0.146958	0.36627	0.577653	0.76089	0.900274	0.984568	1.00417	0.953522	0.852959	0.718267	0.561246	0.412651	0.274317	0.15505	0.0603383	-0.0319298	-0.124985	-0.201183	-0.238645	-0.227193	-0.173806	-0.0985193	-0.0123499	0.0818404	0.189341	0.315394	0.457408	0.616893	0.779935	0.91944	1.02446	1.07098	1.05033	0.969774	0.838655	0.678715	0.497206	0.319966	0.175198	0.0866687	0.0920231	0.201532	0.400745	0.654562	0.917853	1.16298	1.35711	1.46318	1.46318	
-0.0936055	0.116918	0.340341	0.557328	0.736317	0.867786	0.925589	0.916228	0.838958	0.712225	0.557311	0.38497	0.219201	0.0765641	-0.0402918	-0.136006	-0.211035	-0.286492	-0.341741	-0.360743	-0.343118	-0.284554	-0.199424	-0.112619	-0.0162568	0.100445	0.238424	0.404808	0.586349	0.773829	0.948272	1.08588	1.16551	1.17967	1.12954	1.01284	0.852738	0.674412	0.503229	0.366567	0.290861	0.311692	0.434896	0.64736	0.917853	1.20062	1.46198	1.66408	1.77783	1.77783	
-0.14358	0.0774267	0.304037	0.521722	0.70225	0.81816	0.85368	0.814904	0.706112	0.557896	0.383298	0.194725	0.0241314	-0.1201	-0.230944	-0.317962	-0.387299	-0.443286	-0.478656	-0.489572	-0.464575	-0.399114	-0.307295	-0.207853	-0.108135	0.0131053	0.169732	0.355863	0.559983	0.769862	0.968555	1.137	1.25303	1.29517	1.26675	1.16732	1.0137	0.841251	0.67591	0.552289	0.492395	0.521086	0.650477	0.875159	1.16298	1.46198	1.7363	1.94444	2.0596	2.0596	
-0.199809	0.02861	0.260434	0.47882	0.66396	0.773371	0.794699	0.734868	0.611683	0.445001	0.255627	0.0594338	-0.124326	-0.268064	-0.375553	-0.462161	-0.525704	-0.565462	-0.591424	-0.595546	-0.569724	-0.502428	-0.401964	-0.299493	-0.192923	-0.0579403	0.119376	0.326932	0.551174	0.775541	0.993049	1.18259	1.31613	1.37538	1.35705	1.27005	1.12813	0.964243	0.809745	0.697922	0.650971	0.6886	0.829184	1.0647	1.35711	1.66408	1.94444	2.15316	2.26782	2.26782	
-0.23651	-0.00180609	0.230976	0.455157	0.643161	0.750362	0.765144	0.693078	0.559785	0.386072	0.186221	-0.00979591	-0.199902	-0.342359	-0.447326	-0.536661	-0.600871	-0.639664	-0.662469	-0.666648	-0.640089	-0.57114	-0.463326	-0.350346	-0.234089	-0.0896647	0.0971669	0.319403	0.552985	0.783711	1.01221	1.20462	1.34627	1.41565	1.40433	1.32471	1.18128	1.02232	0.875976	0.772392	0.739474	0.78438	0.928925	1.16714	1.46318	1.77783	2.0596	2.26782	2.38478	2.38478	
-0.23651	-0.00180609	0.230976	0.455157	0.643161	0.750362	0.765144	0.693078	0.559785	0.386072	0.186221	-0.00979591	-0.199902	-0.342359	-0.447326	-0.536661	-0.600871	-0.639664	-0.662469	-0.666648	-0.640089	-0.57114	-0.463326	-0.350346	-0.234089	-0.0896647	0.0971669	0.319403	0.552985	0.783711	1.01221	1.20462	1.34627	1.41565	1.40433	1.32471	1.18128	1.02232	0.875976	0.772392	0.739474	0.78438	0.928925	1.16714	1.46318	1.77783	2.0596	2.26782	2.38478	2.38478	
