0.314295	0.313258	0.290711	0.236051	0.134639	-0.00591594	-0.171463	-0.348722	-0.538371	-0.725205	-0.876198	-0.968865	-0.993858	-0.940586	-0.824421	-0.674743	-0.515043	-0.367325	-0.257398	-0.20283	-0.210586	-0.254291	-0.325734	-0.417023	-0.488705	-0.515227	-0.492991	-0.42854	-0.322801	-0.20584	-0.0890676	0.0101936	0.0730945	0.110128	0.123017	0.126891	0.126123	0.136308	0.170882	0.219468	0.2828	0.355405	0.430265	0.505466	0.570695	0.620825	0.666881	0.700216	0.706975	0.706975	
0.313258	0.315574	0.299621	0.244073	0.146923	0.0173462	-0.139944	-0.320464	-0.519196	-0.709286	-0.861966	-0.955315	-0.97205	-0.913689	-0.801272	-0.657171	-0.517353	-0.398826	-0.314441	-0.2866	-0.31431	-0.372567	-0.449221	-0.53224	-0.593373	-0.595321	-0.54188	-0.454098	-0.321348	-0.170023	-0.0327167	0.0757952	0.154945	0.203858	0.227426	0.242299	0.251477	0.264942	0.285283	0.317182	0.354829	0.392146	0.43899	0.487337	0.527235	0.558142	0.588513	0.610905	0.613021	0.613021	
0.290711	0.299621	0.294192	0.243842	0.160745	0.0556229	-0.0873983	-0.265342	-0.465193	-0.65288	-0.803625	-0.895319	-0.91575	-0.868623	-0.76693	-0.636132	-0.519351	-0.42154	-0.358285	-0.356097	-0.398274	-0.467915	-0.558783	-0.638797	-0.68305	-0.663993	-0.576803	-0.453677	-0.294074	-0.11951	0.0300715	0.146642	0.237714	0.299398	0.332581	0.354135	0.373838	0.385814	0.390256	0.399972	0.409701	0.420213	0.432469	0.446306	0.464512	0.476735	0.486687	0.495665	0.498746	0.498746	
0.236051	0.244073	0.243842	0.211279	0.16117	0.0871531	-0.0337752	-0.19331	-0.37285	-0.556177	-0.704651	-0.793377	-0.818701	-0.783144	-0.696454	-0.585344	-0.49257	-0.425352	-0.391084	-0.405516	-0.462545	-0.544558	-0.637669	-0.707948	-0.733853	-0.693762	-0.585442	-0.435088	-0.255351	-0.0704423	0.0944012	0.220151	0.312095	0.38129	0.420628	0.437012	0.450612	0.456687	0.454279	0.448728	0.435917	0.429665	0.417921	0.39962	0.393816	0.392761	0.389431	0.387146	0.393796	0.393796	
0.134639	0.146923	0.160745	0.16117	0.145259	0.101428	0.0131502	-0.117433	-0.275568	-0.435452	-0.563975	-0.649947	-0.678279	-0.648793	-0.580638	-0.503084	-0.437999	-0.402166	-0.39983	-0.433425	-0.504591	-0.593392	-0.680157	-0.734699	-0.735344	-0.672901	-0.556494	-0.394116	-0.205592	-0.0215235	0.140649	0.273608	0.375399	0.4396	0.477416	0.489244	0.484963	0.474296	0.459756	0.445144	0.420341	0.401752	0.382908	0.355177	0.335478	0.323625	0.312256	0.302777	0.306836	0.306836	
-0.00591594	0.0173462	0.0556229	0.0871531	0.101428	0.0854799	0.0427645	-0.0479055	-0.17429	-0.299849	-0.408694	-0.482814	-0.504822	-0.485513	-0.440909	-0.384038	-0.348479	-0.345342	-0.36941	-0.421158	-0.504204	-0.599483	-0.674847	-0.70917	-0.693183	-0.623742	-0.498558	-0.334177	-0.155164	0.0240959	0.181491	0.316126	0.419862	0.471932	0.497997	0.505316	0.487999	0.456591	0.423568	0.397	0.366829	0.339575	0.318457	0.298254	0.281635	0.266081	0.251695	0.240711	0.236856	0.236856	
-0.171463	-0.139944	-0.0873983	-0.0337752	0.0131502	0.0427645	0.0431222	-0.00073722	-0.0747153	-0.16053	-0.249278	-0.30874	-0.3198	-0.30732	-0.274799	-0.234802	-0.220672	-0.237005	-0.28315	-0.352949	-0.445199	-0.542668	-0.615888	-0.642274	-0.623198	-0.556314	-0.426763	-0.265348	-0.0931246	0.0844702	0.238261	0.358802	0.444581	0.486975	0.495401	0.480503	0.448654	0.407592	0.361592	0.320571	0.287635	0.261449	0.243693	0.230339	0.219106	0.202862	0.186949	0.176997	0.1633	0.1633	
-0.348722	-0.320464	-0.265342	-0.19331	-0.117433	-0.0479055	-0.00073722	0.0170201	-0.00498961	-0.0548041	-0.113033	-0.145584	-0.146568	-0.125538	-0.0865558	-0.0565194	-0.0505747	-0.075731	-0.131246	-0.213534	-0.311924	-0.410563	-0.488184	-0.524728	-0.516076	-0.455066	-0.33618	-0.178457	-0.00816334	0.15637	0.296235	0.397561	0.453852	0.472833	0.463366	0.430216	0.384101	0.334619	0.287815	0.24118	0.202871	0.176237	0.153183	0.140143	0.127882	0.109913	0.101999	0.0969324	0.0854774	0.0854774	
-0.538371	-0.519196	-0.465193	-0.37285	-0.275568	-0.17429	-0.0747153	-0.00498961	0.0203435	0.0075615	-0.0123289	-0.00660084	0.0240978	0.0706693	0.126544	0.161455	0.166543	0.139585	0.0789066	-0.00685484	-0.111084	-0.214226	-0.299689	-0.35472	-0.361727	-0.31169	-0.20808	-0.0642548	0.0889901	0.233639	0.352938	0.425349	0.455006	0.445824	0.411309	0.364947	0.302327	0.240381	0.193663	0.148457	0.111545	0.0820382	0.0477811	0.0278127	0.0113353	-0.0067452	-0.0071012	-0.00532752	-0.00747918	-0.00747918	
-0.725205	-0.709286	-0.65288	-0.556177	-0.435452	-0.299849	-0.16053	-0.0548041	0.0075615	0.0387552	0.070851	0.126636	0.203342	0.288669	0.363894	0.408753	0.42335	0.399664	0.335356	0.248079	0.135974	0.0249768	-0.0731586	-0.147881	-0.171147	-0.129172	-0.0412478	0.0745701	0.202432	0.317403	0.401814	0.440552	0.447163	0.414857	0.352067	0.28122	0.205995	0.141201	0.08312	0.0345278	-0.0023643	-0.0348908	-0.0681734	-0.0982936	-0.114129	-0.127548	-0.132732	-0.126168	-0.128294	-0.128294	
-0.876198	-0.861966	-0.803625	-0.704651	-0.563975	-0.408694	-0.249278	-0.113033	-0.0123289	0.070851	0.161408	0.26942	0.391628	0.517959	0.614353	0.673307	0.698165	0.67845	0.616964	0.525195	0.401109	0.272926	0.159838	0.0710565	0.0364282	0.0708067	0.138352	0.222773	0.323595	0.405455	0.448334	0.451695	0.426658	0.369085	0.289201	0.20056	0.112461	0.0410991	-0.0287085	-0.0885274	-0.134421	-0.17517	-0.203747	-0.227668	-0.240879	-0.249725	-0.259549	-0.260779	-0.265145	-0.265145	
-0.968865	-0.955315	-0.895319	-0.793377	-0.649947	-0.482814	-0.30874	-0.145584	-0.00660084	0.126636	0.26942	0.430393	0.59276	0.742631	0.861492	0.939898	0.969583	0.94638	0.878929	0.768723	0.63282	0.490953	0.366381	0.274072	0.232631	0.248452	0.298175	0.366971	0.436364	0.487401	0.498773	0.471301	0.412438	0.326221	0.231076	0.129907	0.0338808	-0.0545891	-0.138201	-0.20732	-0.265314	-0.310381	-0.339969	-0.356655	-0.365841	-0.376844	-0.387834	-0.395958	-0.402864	-0.402864	
-0.993858	-0.97205	-0.91575	-0.818701	-0.678279	-0.504822	-0.3198	-0.146568	0.0240978	0.203342	0.391628	0.59276	0.795836	0.96101	1.08862	1.17025	1.18939	1.15701	1.07759	0.948669	0.800003	0.64654	0.510323	0.423221	0.383968	0.390206	0.434477	0.488571	0.528421	0.558262	0.545467	0.491321	0.415122	0.310233	0.195218	0.0782338	-0.0285907	-0.133004	-0.231274	-0.309316	-0.370869	-0.414063	-0.449075	-0.470435	-0.485844	-0.504571	-0.515572	-0.525348	-0.532235	-0.532235	
-0.940586	-0.913689	-0.868623	-0.783144	-0.648793	-0.485513	-0.30732	-0.125538	0.0706693	0.288669	0.517959	0.742631	0.96101	1.13551	1.26875	1.34212	1.34189	1.28439	1.17852	1.03237	0.874237	0.721181	0.588526	0.512323	0.476661	0.47614	0.517408	0.569493	0.602877	0.616171	0.586369	0.517854	0.429519	0.314792	0.191369	0.0604612	-0.0679444	-0.181184	-0.283843	-0.368631	-0.432096	-0.48458	-0.530108	-0.561982	-0.592329	-0.616508	-0.626086	-0.633919	-0.636429	-0.636429	
-0.824421	-0.801272	-0.76693	-0.696454	-0.580638	-0.440909	-0.274799	-0.0865558	0.126544	0.363894	0.614353	0.861492	1.08862	1.26875	1.38475	1.43353	1.40815	1.31068	1.17185	1.02082	0.855679	0.700403	0.58892	0.522874	0.4934	0.504556	0.553862	0.608336	0.641312	0.647598	0.622563	0.56106	0.461985	0.340927	0.210464	0.0704576	-0.071015	-0.192966	-0.293804	-0.383555	-0.453561	-0.516828	-0.574823	-0.617089	-0.656093	-0.682701	-0.695788	-0.705636	-0.707651	-0.707651	
-0.674743	-0.657171	-0.636132	-0.585344	-0.503084	-0.384038	-0.234802	-0.0565194	0.161455	0.408753	0.673307	0.939898	1.17025	1.34212	1.43353	1.43839	1.37507	1.24812	1.08781	0.931644	0.765571	0.609288	0.510405	0.456159	0.447136	0.479148	0.537501	0.603754	0.641581	0.65196	0.640535	0.588392	0.493744	0.376098	0.240745	0.0995003	-0.0344847	-0.155712	-0.261142	-0.35571	-0.437681	-0.508305	-0.568029	-0.61978	-0.657523	-0.683859	-0.707287	-0.719245	-0.727531	-0.727531	
-0.515043	-0.517353	-0.519351	-0.49257	-0.437999	-0.348479	-0.220672	-0.0505747	0.166543	0.42335	0.698165	0.969583	1.18939	1.34189	1.40815	1.37507	1.27981	1.13123	0.953246	0.780112	0.616567	0.473871	0.383346	0.34039	0.347506	0.395082	0.462319	0.546727	0.608319	0.63704	0.638021	0.592205	0.506122	0.396201	0.271497	0.143384	0.0194453	-0.0925311	-0.193233	-0.287769	-0.374253	-0.445495	-0.500911	-0.552556	-0.58915	-0.617652	-0.646608	-0.659949	-0.671065	-0.671065	
-0.367325	-0.398826	-0.42154	-0.425352	-0.402166	-0.345342	-0.237005	-0.075731	0.139585	0.399664	0.67845	0.94638	1.15701	1.28439	1.31068	1.24812	1.13123	0.965506	0.781996	0.604856	0.439372	0.301505	0.217731	0.188923	0.208452	0.276233	0.364972	0.464899	0.549655	0.596344	0.608651	0.568472	0.491454	0.397027	0.289901	0.1867	0.0806859	-0.0173359	-0.106101	-0.192529	-0.261785	-0.322954	-0.37286	-0.413467	-0.45172	-0.479881	-0.505178	-0.523421	-0.530491	-0.530491	
-0.257398	-0.314441	-0.358285	-0.391084	-0.39983	-0.36941	-0.28315	-0.131246	0.0789066	0.335356	0.616964	0.878929	1.07759	1.17852	1.17185	1.08781	0.953246	0.781996	0.593326	0.406911	0.243882	0.115846	0.0365614	0.0167721	0.0563655	0.144306	0.25758	0.373109	0.471263	0.531288	0.546336	0.522624	0.465248	0.391754	0.310797	0.226746	0.146155	0.0685495	-0.0057963	-0.070309	-0.117891	-0.162276	-0.200859	-0.228281	-0.256726	-0.277529	-0.292565	-0.30712	-0.311223	-0.311223	
-0.20283	-0.2866	-0.356097	-0.405516	-0.433425	-0.421158	-0.352949	-0.213534	-0.00685484	0.248079	0.525195	0.768723	0.948669	1.03237	1.02082	0.931644	0.780112	0.604856	0.406911	0.203949	0.0475038	-0.0627322	-0.134945	-0.141356	-0.0788745	0.0187357	0.144412	0.271892	0.380541	0.456087	0.477119	0.473063	0.444546	0.397375	0.340378	0.270045	0.210681	0.155753	0.108543	0.0755668	0.0459172	0.0205766	-0.000770055	-0.0142974	-0.0264096	-0.0356881	-0.0374433	-0.0404371	-0.0407269	-0.0407269	
-0.210586	-0.31431	-0.398274	-0.462545	-0.504591	-0.504204	-0.445199	-0.311924	-0.111084	0.135974	0.401109	0.63282	0.800003	0.874237	0.855679	0.765571	0.616567	0.439372	0.243882	0.0475038	-0.106053	-0.214123	-0.276496	-0.268691	-0.190543	-0.0730567	0.0662281	0.1998	0.309273	0.387188	0.425615	0.442631	0.434195	0.405982	0.366571	0.31872	0.282578	0.253115	0.230144	0.220811	0.218351	0.215681	0.214105	0.216991	0.21588	0.21779	0.224116	0.225651	0.230575	0.230575	
-0.254291	-0.372567	-0.467915	-0.544558	-0.593392	-0.599483	-0.542668	-0.410563	-0.214226	0.0249768	0.272926	0.490953	0.64654	0.721181	0.700403	0.609288	0.473871	0.301505	0.115846	-0.0627322	-0.214123	-0.321088	-0.368131	-0.34368	-0.253327	-0.114418	0.0340917	0.168752	0.285685	0.366955	0.420202	0.444391	0.439502	0.42232	0.396041	0.376331	0.362189	0.354171	0.355296	0.360869	0.377141	0.393574	0.410054	0.427343	0.437935	0.450768	0.459881	0.462681	0.46934	0.46934	
-0.325734	-0.449221	-0.558783	-0.637669	-0.680157	-0.674847	-0.615888	-0.488184	-0.299689	-0.0731586	0.159838	0.366381	0.510323	0.588526	0.58892	0.510405	0.383346	0.217731	0.0365614	-0.134945	-0.276496	-0.368131	-0.391056	-0.344652	-0.243527	-0.1076	0.0352687	0.181008	0.308838	0.39469	0.455854	0.480744	0.476802	0.467293	0.45328	0.446756	0.443974	0.451171	0.468428	0.487238	0.505323	0.526498	0.557766	0.581613	0.606146	0.632319	0.643348	0.65167	0.656604	0.656604	
-0.417023	-0.53224	-0.638797	-0.707948	-0.734699	-0.70917	-0.642274	-0.524728	-0.35472	-0.147881	0.0710565	0.274072	0.423221	0.512323	0.522874	0.456159	0.34039	0.188923	0.0167721	-0.141356	-0.268691	-0.34368	-0.344652	-0.286724	-0.176793	-0.0414431	0.102981	0.248941	0.371037	0.454333	0.512539	0.540711	0.538609	0.532679	0.523176	0.519128	0.523521	0.532647	0.552493	0.576159	0.595909	0.623602	0.657957	0.681538	0.711896	0.740509	0.751928	0.763029	0.766446	0.766446	
-0.488705	-0.593373	-0.68305	-0.733853	-0.735344	-0.693183	-0.623198	-0.516076	-0.361727	-0.171147	0.0364282	0.232631	0.383968	0.476661	0.4934	0.447136	0.347506	0.208452	0.0563655	-0.0788745	-0.190543	-0.253327	-0.243527	-0.176793	-0.0678673	0.0665401	0.217948	0.360162	0.471767	0.543771	0.591335	0.612966	0.606547	0.598999	0.587457	0.580738	0.580365	0.583147	0.600234	0.623064	0.647921	0.678077	0.708123	0.73032	0.749063	0.76859	0.782166	0.792113	0.801557	0.801557	
-0.515227	-0.595321	-0.663993	-0.693762	-0.672901	-0.623742	-0.556314	-0.455066	-0.31169	-0.129172	0.0708067	0.248452	0.390206	0.47614	0.504556	0.479148	0.395082	0.276233	0.144306	0.0187357	-0.0730567	-0.114418	-0.1076	-0.0414431	0.0665401	0.200015	0.352142	0.488026	0.591129	0.65301	0.678606	0.682968	0.669098	0.647938	0.634304	0.621835	0.609862	0.608369	0.615997	0.630707	0.651001	0.673859	0.696742	0.716802	0.725773	0.736641	0.752322	0.7596	0.770694	0.770694	
-0.492991	-0.54188	-0.576803	-0.585442	-0.556494	-0.498558	-0.426763	-0.33618	-0.20808	-0.0412478	0.138352	0.298175	0.434477	0.517408	0.553862	0.537501	0.462319	0.364972	0.25758	0.144412	0.0662281	0.0340917	0.0352687	0.102981	0.217948	0.352142	0.492537	0.606664	0.688544	0.738708	0.748543	0.736386	0.716885	0.684624	0.652983	0.629052	0.616141	0.605415	0.599675	0.605337	0.611386	0.623236	0.633197	0.645076	0.658424	0.668323	0.679863	0.682	0.684141	0.684141	
-0.42854	-0.454098	-0.453677	-0.435088	-0.394116	-0.334177	-0.265348	-0.178457	-0.0642548	0.0745701	0.222773	0.366971	0.488571	0.569493	0.608336	0.603754	0.546727	0.464899	0.373109	0.271892	0.1998	0.168752	0.181008	0.248941	0.360162	0.488026	0.606664	0.697405	0.756946	0.791613	0.79169	0.769062	0.737018	0.69404	0.649317	0.60812	0.582869	0.562309	0.549843	0.551767	0.547583	0.545436	0.545715	0.551517	0.56365	0.570725	0.573788	0.569915	0.567403	0.567403	
-0.322801	-0.321348	-0.294074	-0.255351	-0.205592	-0.155164	-0.0931246	-0.00816334	0.0889901	0.202432	0.323595	0.436364	0.528421	0.602877	0.641312	0.641581	0.608319	0.549655	0.471263	0.380541	0.309273	0.285685	0.308838	0.371037	0.471767	0.591129	0.688544	0.756946	0.808925	0.826004	0.802825	0.764357	0.71872	0.662615	0.610198	0.562082	0.523995	0.501301	0.4838	0.473996	0.462065	0.45314	0.452925	0.450048	0.451253	0.450607	0.447391	0.450213	0.450481	0.450481	
-0.20584	-0.170023	-0.11951	-0.0704423	-0.0215235	0.0240959	0.0844702	0.15637	0.233639	0.317403	0.405455	0.487401	0.558262	0.616171	0.647598	0.65196	0.63704	0.596344	0.531288	0.456087	0.387188	0.366955	0.39469	0.454333	0.543771	0.65301	0.738708	0.791613	0.826004	0.822927	0.787221	0.732227	0.675464	0.610873	0.547591	0.498511	0.458106	0.43047	0.398332	0.373759	0.362607	0.357837	0.358101	0.3476	0.340533	0.334321	0.328249	0.335288	0.336213	0.336213	
-0.0890676	-0.0327167	0.0300715	0.0944012	0.140649	0.181491	0.238261	0.296235	0.352938	0.401814	0.448334	0.498773	0.545467	0.586369	0.622563	0.640535	0.638021	0.608651	0.546336	0.477119	0.425615	0.420202	0.455854	0.512539	0.591335	0.678606	0.748543	0.79169	0.802825	0.787221	0.746205	0.68038	0.610655	0.538666	0.47549	0.429877	0.385165	0.345214	0.314196	0.287263	0.273413	0.266324	0.251953	0.244121	0.241152	0.232942	0.232058	0.233871	0.229917	0.229917	
0.0101936	0.0757952	0.146642	0.220151	0.273608	0.316126	0.358802	0.397561	0.425349	0.440552	0.451695	0.471301	0.491321	0.517854	0.56106	0.588392	0.592205	0.568472	0.522624	0.473063	0.442631	0.444391	0.480744	0.540711	0.612966	0.682968	0.736386	0.769062	0.764357	0.732227	0.68038	0.611102	0.535676	0.463546	0.403419	0.351428	0.299589	0.257041	0.235954	0.216158	0.198394	0.182968	0.161759	0.1581	0.157623	0.149162	0.150525	0.148362	0.137823	0.137823	
0.0730945	0.154945	0.237714	0.312095	0.375399	0.419862	0.444581	0.453852	0.455006	0.447163	0.426658	0.412438	0.415122	0.429519	0.461985	0.493744	0.506122	0.491454	0.465248	0.444546	0.434195	0.439502	0.476802	0.538609	0.606547	0.669098	0.716885	0.737018	0.71872	0.675464	0.610655	0.535676	0.461487	0.393773	0.331081	0.268343	0.217755	0.185406	0.162745	0.141698	0.127868	0.112959	0.100132	0.0977657	0.091247	0.0819094	0.07977	0.0783903	0.0690769	0.0690769	
0.110128	0.203858	0.299398	0.38129	0.4396	0.471932	0.486975	0.472833	0.445824	0.414857	0.369085	0.326221	0.310233	0.314792	0.340927	0.376098	0.396201	0.397027	0.391754	0.397375	0.405982	0.42232	0.467293	0.532679	0.598999	0.647938	0.684624	0.69404	0.662615	0.610873	0.538666	0.463546	0.393773	0.320691	0.253007	0.20126	0.163311	0.132253	0.106265	0.0825287	0.0671304	0.0555101	0.047057	0.042613	0.0352967	0.027732	0.0252691	0.0293678	0.0292913	0.0292913	
0.123017	0.227426	0.332581	0.420628	0.477416	0.497997	0.495401	0.463366	0.411309	0.352067	0.289201	0.231076	0.195218	0.191369	0.210464	0.240745	0.271497	0.289901	0.310797	0.340378	0.366571	0.396041	0.45328	0.523176	0.587457	0.634304	0.652983	0.649317	0.610198	0.547591	0.47549	0.403419	0.331081	0.253007	0.191994	0.149183	0.113511	0.0821883	0.0554828	0.0363844	0.0227617	0.0138757	0.00988954	0.00380182	-0.00332795	-0.00484854	-0.00901581	-0.0122051	-0.00654078	-0.00654078	
0.126891	0.242299	0.354135	0.437012	0.489244	0.505316	0.480503	0.430216	0.364947	0.28122	0.20056	0.129907	0.0782338	0.0604612	0.0704576	0.0995003	0.143384	0.1867	0.226746	0.270045	0.31872	0.376331	0.446756	0.519128	0.580738	0.621835	0.629052	0.60812	0.562082	0.498511	0.429877	0.351428	0.268343	0.20126	0.149183	0.101181	0.0649674	0.0392689	0.0183632	0.00369167	-0.00647491	-0.0117498	-0.0170557	-0.027234	-0.0316257	-0.0262725	-0.0305382	-0.0395129	-0.0341464	-0.0341464	
0.126123	0.251477	0.373838	0.450612	0.484963	0.487999	0.448654	0.384101	0.302327	0.205995	0.112461	0.0338808	-0.0285907	-0.0679444	-0.071015	-0.0344847	0.0194453	0.0806859	0.146155	0.210681	0.282578	0.362189	0.443974	0.523521	0.580365	0.609862	0.616141	0.582869	0.523995	0.458106	0.385165	0.299589	0.217755	0.163311	0.113511	0.0649674	0.0331184	0.00896127	-0.00859219	-0.0189892	-0.0271822	-0.0328923	-0.0395916	-0.0473826	-0.0475112	-0.0442316	-0.0483435	-0.0531009	-0.0511371	-0.0511371	
0.136308	0.264942	0.385814	0.456687	0.474296	0.456591	0.407592	0.334619	0.240381	0.141201	0.0410991	-0.0545891	-0.133004	-0.181184	-0.192966	-0.155712	-0.0925311	-0.0173359	0.0685495	0.155753	0.253115	0.354171	0.451171	0.532647	0.583147	0.608369	0.605415	0.562309	0.501301	0.43047	0.345214	0.257041	0.185406	0.132253	0.0821883	0.0392689	0.00896127	-0.00969153	-0.0259292	-0.0367692	-0.0424086	-0.0533279	-0.0562134	-0.0541143	-0.0579564	-0.0601103	-0.0596953	-0.0600175	-0.0605067	-0.0605067	
0.170882	0.285283	0.390256	0.454279	0.459756	0.423568	0.361592	0.287815	0.193663	0.08312	-0.0287085	-0.138201	-0.231274	-0.283843	-0.293804	-0.261142	-0.193233	-0.106101	-0.0057963	0.108543	0.230144	0.355296	0.468428	0.552493	0.600234	0.615997	0.599675	0.549843	0.4838	0.398332	0.314196	0.235954	0.162745	0.106265	0.0554828	0.0183632	-0.00859219	-0.0259292	-0.0381491	-0.0489024	-0.0543441	-0.0621243	-0.0622252	-0.0602761	-0.0658405	-0.0701678	-0.0675955	-0.0635544	-0.0671933	-0.0671933	
0.219468	0.317182	0.399972	0.448728	0.445144	0.397	0.320571	0.24118	0.148457	0.0345278	-0.0885274	-0.20732	-0.309316	-0.368631	-0.383555	-0.35571	-0.287769	-0.192529	-0.070309	0.0755668	0.220811	0.360869	0.487238	0.576159	0.623064	0.630707	0.605337	0.551767	0.473996	0.373759	0.287263	0.216158	0.141698	0.0825287	0.0363844	0.00369167	-0.0189892	-0.0367692	-0.0489024	-0.0583451	-0.0621373	-0.0641402	-0.0653509	-0.0651901	-0.0668324	-0.0712783	-0.0725874	-0.0709434	-0.0736795	-0.0736795	
0.2828	0.354829	0.409701	0.435917	0.420341	0.366829	0.287635	0.202871	0.111545	-0.0023643	-0.134421	-0.265314	-0.370869	-0.432096	-0.453561	-0.437681	-0.374253	-0.261785	-0.117891	0.0459172	0.218351	0.377141	0.505323	0.595909	0.647921	0.651001	0.611386	0.547583	0.462065	0.362607	0.273413	0.198394	0.127868	0.0671304	0.0227617	-0.00647491	-0.0271822	-0.0424086	-0.0543441	-0.0621373	-0.0647892	-0.0687827	-0.0729846	-0.0741149	-0.0738647	-0.071686	-0.0715638	-0.0733978	-0.071367	-0.071367	
0.355405	0.392146	0.420213	0.429665	0.401752	0.339575	0.261449	0.176237	0.0820382	-0.0348908	-0.17517	-0.310381	-0.414063	-0.48458	-0.516828	-0.508305	-0.445495	-0.322954	-0.162276	0.0205766	0.215681	0.393574	0.526498	0.623602	0.678077	0.673859	0.623236	0.545436	0.45314	0.357837	0.266324	0.182968	0.112959	0.0555101	0.0138757	-0.0117498	-0.0328923	-0.0533279	-0.0621243	-0.0641402	-0.0687827	-0.0686299	-0.0706828	-0.0778399	-0.0762676	-0.0704757	-0.0720137	-0.0755334	-0.0744081	-0.0744081	
0.430265	0.43899	0.432469	0.417921	0.382908	0.318457	0.243693	0.153183	0.0477811	-0.0681734	-0.203747	-0.339969	-0.449075	-0.530108	-0.574823	-0.568029	-0.500911	-0.37286	-0.200859	-0.000770055	0.214105	0.410054	0.557766	0.657957	0.708123	0.696742	0.633197	0.545715	0.452925	0.358101	0.251953	0.161759	0.100132	0.047057	0.00988954	-0.0170557	-0.0395916	-0.0562134	-0.0622252	-0.0653509	-0.0729846	-0.0706828	-0.0709662	-0.0752605	-0.0727506	-0.0726089	-0.076495	-0.0782574	-0.0743507	-0.0743507	
0.505466	0.487337	0.446306	0.39962	0.355177	0.298254	0.230339	0.140143	0.0278127	-0.0982936	-0.227668	-0.356655	-0.470435	-0.561982	-0.617089	-0.61978	-0.552556	-0.413467	-0.228281	-0.0142974	0.216991	0.427343	0.581613	0.681538	0.73032	0.716802	0.645076	0.551517	0.450048	0.3476	0.244121	0.1581	0.0977657	0.042613	0.00380182	-0.027234	-0.0473826	-0.0541143	-0.0602761	-0.0651901	-0.0741149	-0.0778399	-0.0752605	-0.071635	-0.0724465	-0.0783452	-0.0782057	-0.0748697	-0.0717899	-0.0717899	
0.570695	0.527235	0.464512	0.393816	0.335478	0.281635	0.219106	0.127882	0.0113353	-0.114129	-0.240879	-0.365841	-0.485844	-0.592329	-0.656093	-0.657523	-0.58915	-0.45172	-0.256726	-0.0264096	0.21588	0.437935	0.606146	0.711896	0.749063	0.725773	0.658424	0.56365	0.451253	0.340533	0.241152	0.157623	0.091247	0.0352967	-0.00332795	-0.0316257	-0.0475112	-0.0579564	-0.0658405	-0.0668324	-0.0738647	-0.0762676	-0.0727506	-0.0724465	-0.0766536	-0.0793104	-0.0719085	-0.0706294	-0.0793245	-0.0793245	
0.620825	0.558142	0.476735	0.392761	0.323625	0.266081	0.202862	0.109913	-0.0067452	-0.127548	-0.249725	-0.376844	-0.504571	-0.616508	-0.682701	-0.683859	-0.617652	-0.479881	-0.277529	-0.0356881	0.21779	0.450768	0.632319	0.740509	0.76859	0.736641	0.668323	0.570725	0.450607	0.334321	0.232942	0.149162	0.0819094	0.027732	-0.00484854	-0.0262725	-0.0442316	-0.0601103	-0.0701678	-0.0712783	-0.071686	-0.0704757	-0.0726089	-0.0783452	-0.0793104	-0.0743628	-0.0700368	-0.0741181	-0.0797629	-0.0797629	
0.666881	0.588513	0.486687	0.389431	0.312256	0.251695	0.186949	0.101999	-0.0071012	-0.132732	-0.259549	-0.387834	-0.515572	-0.626086	-0.695788	-0.707287	-0.646608	-0.505178	-0.292565	-0.0374433	0.224116	0.459881	0.643348	0.751928	0.782166	0.752322	0.679863	0.573788	0.447391	0.328249	0.232058	0.150525	0.07977	0.0252691	-0.00901581	-0.0305382	-0.0483435	-0.0596953	-0.0675955	-0.0725874	-0.0715638	-0.0720137	-0.076495	-0.0782057	-0.0719085	-0.0700368	-0.0805778	-0.0817647	-0.0695671	-0.0695671	
0.700216	0.610905	0.495665	0.387146	0.302777	0.240711	0.176997	0.0969324	-0.00532752	-0.126168	-0.260779	-0.395958	-0.525348	-0.633919	-0.705636	-0.719245	-0.659949	-0.523421	-0.30712	-0.0404371	0.225651	0.462681	0.65167	0.763029	0.792113	0.7596	0.682	0.569915	0.450213	0.335288	0.233871	0.148362	0.0783903	0.0293678	-0.0122051	-0.0395129	-0.0531009	-0.0600175	-0.0635544	-0.0709434	-0.0733978	-0.0755334	-0.0782574	-0.0748697	-0.0706294	-0.0741181	-0.0817647	-0.0781239	-0.0688449	-0.0688449	
0.706975	0.613021	0.498746	0.393796	0.306836	0.236856	0.1633	0.0854774	-0.00747918	-0.128294	-0.265145	-0.402864	-0.532235	-0.636429	-0.707651	-0.727531	-0.671065	-0.530491	-0.311223	-0.0407269	0.230575	0.46934	0.656604	0.766446	0.801557	0.770694	0.684141	0.567403	0.450481	0.336213	0.229917	0.137823	0.0690769	0.0292913	-0.00654078	-0.0341464	-0.0511371	-0.0605067	-0.0671933	-0.0736795	-0.071367	-0.0744081	-0.0743507	-0.0717899	-0.0793245	-0.0797629	-0.0695671	-0.0688449	-0.0830399	-0.0830399	
0.706975	0.613021	0.498746	0.393796	0.306836	0.236856	0.1633	0.0854774	-0.00747918	-0.128294	-0.265145	-0.402864	-0.532235	-0.636429	-0.707651	-0.727531	-0.671065	-0.530491	-0.311223	-0.0407269	0.230575	0.46934	0.656604	0.766446	0.801557	0.770694	0.684141	0.567403	0.450481	0.336213	0.229917	0.137823	0.0690769	0.0292913	-0.00654078	-0.0341464	-0.0511371	-0.0605067	-0.0671933	-0.0736795	-0.071367	-0.0744081	-0.0743507	-0.0717899	-0.0793245	-0.0797629	-0.0695671	-0.0688449	-0.0830399	-0.0830399	
