-0.0348989	-0.0348989	-0.0349705	-0.0349585	-0.0347641	-0.035259	-0.0349938	-0.0351445	-0.0358717	-0.0350184	-0.0358064	-0.0356846	-0.0343051	-0.0362017	-0.0331321	-0.0350712	-0.0327801	-0.0300548	-0.0277487	-0.0154981	-0.000660966	0.0271407	0.0750839	0.143866	0.242983	0.382939	0.551343	0.748836	0.946678	1.11194	1.20799	1.19908	1.06227	0.807209	0.475847	0.109895	-0.23092	-0.502798	-0.700262	-0.82123	-0.853875	-0.811306	-0.697422	-0.524685	-0.351165	-0.222062	-0.151524	-0.13294	-0.150047	-0.182353	
-0.0348989	-0.0348989	-0.0349705	-0.0349585	-0.0347641	-0.035259	-0.0349938	-0.0351445	-0.0358717	-0.0350184	-0.0358064	-0.0356846	-0.0343051	-0.0362017	-0.0331321	-0.0350712	-0.0327801	-0.0300548	-0.0277487	-0.0154981	-0.000660966	0.0271407	0.0750839	0.143866	0.242983	0.382939	0.551343	0.748836	0.946678	1.11194	1.20799	1.19908	1.06227	0.807209	0.475847	0.109895	-0.23092	-0.502798	-0.700262	-0.82123	-0.853875	-0.811306	-0.697422	-0.524685	-0.351165	-0.222062	-0.151524	-0.13294	-0.150047	-0.182353	
-0.0349705	-0.0349705	-0.0348636	-0.0352892	-0.0347356	-0.0355626	-0.0342784	-0.0350271	-0.0345192	-0.0334724	-0.0358573	-0.0339718	-0.0357178	-0.0378237	-0.0347534	-0.0373481	-0.0350423	-0.0295236	-0.0271311	-0.015847	0.000359187	0.0271928	0.0727787	0.142948	0.244166	0.384802	0.550701	0.746287	0.943663	1.10904	1.20177	1.19343	1.05893	0.806819	0.47527	0.113018	-0.22577	-0.497283	-0.69631	-0.816803	-0.850662	-0.809228	-0.696362	-0.52719	-0.355227	-0.227063	-0.155335	-0.135797	-0.151764	-0.181712	
-0.0349585	-0.0349585	-0.0352892	-0.0345298	-0.035223	-0.034551	-0.0357383	-0.0351406	-0.0364028	-0.0365813	-0.0354498	-0.0368757	-0.0340352	-0.0341866	-0.0329836	-0.0327317	-0.0310736	-0.0305885	-0.0267583	-0.0154791	-3.9175e-05	0.0290805	0.0781295	0.147044	0.245867	0.381443	0.551046	0.745318	0.938504	1.09934	1.19455	1.18395	1.05029	0.80259	0.479506	0.120874	-0.214743	-0.487138	-0.684568	-0.805383	-0.84183	-0.801985	-0.69164	-0.527279	-0.360838	-0.232457	-0.160247	-0.138799	-0.151854	-0.181068	
-0.0347641	-0.0347641	-0.0347356	-0.035223	-0.0348944	-0.0356318	-0.0345813	-0.035171	-0.0343732	-0.0337839	-0.0351798	-0.0340451	-0.0359828	-0.0368949	-0.0366202	-0.0365244	-0.035811	-0.0300632	-0.0256818	-0.0149527	0.00185614	0.0302635	0.075385	0.145327	0.247392	0.385335	0.550889	0.73943	0.929847	1.08894	1.17751	1.16819	1.04034	0.799607	0.479177	0.130142	-0.199037	-0.471313	-0.670897	-0.79203	-0.830968	-0.794912	-0.68737	-0.533117	-0.371628	-0.245795	-0.171153	-0.146658	-0.156178	-0.179899	
-0.035259	-0.035259	-0.0355626	-0.034551	-0.0356318	-0.0341097	-0.0355718	-0.0349805	-0.0353686	-0.0364598	-0.0354486	-0.0361334	-0.0357258	-0.0339201	-0.0346411	-0.032648	-0.0314937	-0.0304419	-0.0239153	-0.0163742	0.00298873	0.0321654	0.0796717	0.151544	0.252848	0.38264	0.548895	0.735079	0.919575	1.07347	1.16101	1.14862	1.02291	0.792753	0.484178	0.144912	-0.17954	-0.450106	-0.649845	-0.770118	-0.81525	-0.780797	-0.679812	-0.534541	-0.382856	-0.258243	-0.182484	-0.154207	-0.158289	-0.17848	
-0.0349938	-0.0349938	-0.0342784	-0.0357383	-0.0345813	-0.0355718	-0.0356101	-0.0349802	-0.035635	-0.0352674	-0.0344879	-0.0355572	-0.0350282	-0.0343657	-0.0367201	-0.0336827	-0.033991	-0.0309914	-0.0239404	-0.013643	0.00449801	0.035026	0.0823457	0.152313	0.252164	0.38479	0.550504	0.72884	0.906725	1.0533	1.1355	1.12434	1.00643	0.78386	0.485669	0.159464	-0.153999	-0.425033	-0.624144	-0.747376	-0.795248	-0.766573	-0.670991	-0.539852	-0.397284	-0.276574	-0.199168	-0.16584	-0.163602	-0.177945	
-0.0351445	-0.0351445	-0.0350271	-0.0351406	-0.035171	-0.0349805	-0.0349802	-0.0352309	-0.034692	-0.0353603	-0.0356399	-0.0351309	-0.0370414	-0.0350257	-0.0370882	-0.0336696	-0.0334133	-0.0301345	-0.0207789	-0.0155317	0.00716372	0.0370048	0.0830562	0.157272	0.260493	0.387304	0.546776	0.72005	0.891616	1.03443	1.10989	1.09579	0.980933	0.774065	0.48923	0.179007	-0.127739	-0.393256	-0.594158	-0.717116	-0.772445	-0.74656	-0.661036	-0.543063	-0.412697	-0.296767	-0.21846	-0.17938	-0.170013	-0.177202	
-0.0358717	-0.0358717	-0.0345192	-0.0364028	-0.0343732	-0.0353686	-0.035635	-0.034692	-0.0360111	-0.0358428	-0.0348677	-0.0359618	-0.0349229	-0.0331412	-0.035327	-0.0320591	-0.0316197	-0.0307213	-0.0214841	-0.0134943	0.00910517	0.0400043	0.0894883	0.16233	0.260117	0.386412	0.54672	0.713757	0.875939	1.00668	1.07663	1.06315	0.956241	0.75879	0.490725	0.197098	-0.0964098	-0.358623	-0.55792	-0.684272	-0.744088	-0.723512	-0.648185	-0.544781	-0.427873	-0.318165	-0.239874	-0.194537	-0.176425	-0.17761	
-0.0350184	-0.0350184	-0.0334724	-0.0365813	-0.0337839	-0.0364598	-0.0352674	-0.0353603	-0.0358428	-0.0350474	-0.0354759	-0.0357254	-0.0360914	-0.035914	-0.0371947	-0.0343623	-0.0336322	-0.029426	-0.01999	-0.0111855	0.0113494	0.0431735	0.0914827	0.166593	0.266107	0.39307	0.545115	0.703416	0.858035	0.982036	1.04427	1.02773	0.925913	0.742139	0.493005	0.217385	-0.0627594	-0.319116	-0.516881	-0.64753	-0.711243	-0.697963	-0.633954	-0.546963	-0.444098	-0.343529	-0.266242	-0.213977	-0.187559	-0.180196	
-0.0358064	-0.0358064	-0.0358573	-0.0354498	-0.0351798	-0.0354486	-0.0344879	-0.0356399	-0.0348677	-0.0354759	-0.0358258	-0.0350119	-0.0359646	-0.034067	-0.0352105	-0.032478	-0.0316499	-0.029173	-0.0189452	-0.0114832	0.0138157	0.0464555	0.0965421	0.171314	0.271073	0.393648	0.541156	0.694741	0.839473	0.951899	1.00592	0.987761	0.890335	0.722021	0.491946	0.236668	-0.0302651	-0.275263	-0.472748	-0.605178	-0.674962	-0.66738	-0.617179	-0.54474	-0.457749	-0.368071	-0.29221	-0.233975	-0.198097	-0.182819	
-0.0356846	-0.0356846	-0.0339718	-0.0368757	-0.0340451	-0.0361334	-0.0355572	-0.0351309	-0.0359618	-0.0357254	-0.0350119	-0.0364596	-0.0348487	-0.0357973	-0.0345568	-0.0340913	-0.0313985	-0.0273443	-0.0205423	-0.00652938	0.0156364	0.0495498	0.102373	0.179221	0.273207	0.397778	0.540859	0.686479	0.821193	0.920677	0.966768	0.945841	0.856663	0.69725	0.490011	0.253425	0.0081967	-0.229835	-0.422318	-0.560893	-0.631619	-0.634952	-0.597277	-0.540936	-0.471001	-0.393859	-0.321943	-0.257615	-0.213252	-0.189217	
-0.0343051	-0.0343051	-0.0357178	-0.0340352	-0.0359828	-0.0357258	-0.0350282	-0.0370414	-0.0349229	-0.0360914	-0.0359646	-0.0348487	-0.0362701	-0.0350913	-0.035542	-0.0340293	-0.0320983	-0.0270585	-0.0184446	-0.00394896	0.0177718	0.055399	0.106852	0.180577	0.282164	0.404306	0.538091	0.676025	0.800735	0.889734	0.928785	0.902394	0.813178	0.670585	0.486229	0.270941	0.0421543	-0.180667	-0.369976	-0.510264	-0.585111	-0.598891	-0.57412	-0.534147	-0.480877	-0.419963	-0.351286	-0.283959	-0.230855	-0.197551	
-0.0362017	-0.0362017	-0.0378237	-0.0341866	-0.0368949	-0.0339201	-0.0343657	-0.0350257	-0.0331412	-0.035914	-0.034067	-0.0357973	-0.0350913	-0.0346104	-0.0339689	-0.0321549	-0.0299393	-0.0249315	-0.0188554	-0.00241603	0.019047	0.0577882	0.113075	0.189686	0.286267	0.403677	0.535377	0.668593	0.781824	0.857106	0.88412	0.853642	0.771946	0.641517	0.475802	0.281711	0.0776911	-0.130528	-0.315072	-0.456719	-0.533947	-0.559221	-0.547591	-0.522383	-0.488297	-0.442502	-0.38046	-0.310474	-0.250556	-0.207003	
-0.0331321	-0.0331321	-0.0347534	-0.0329836	-0.0366202	-0.0346411	-0.0367201	-0.0370882	-0.035327	-0.0371947	-0.0352105	-0.0345568	-0.035542	-0.0339689	-0.0331951	-0.0338963	-0.0291167	-0.0238397	-0.0166207	0.00368953	0.0245809	0.0654685	0.119688	0.194837	0.295348	0.413002	0.537439	0.661487	0.762956	0.826359	0.846324	0.810764	0.728098	0.608172	0.465594	0.29548	0.113471	-0.0789398	-0.256225	-0.395906	-0.477185	-0.51484	-0.515863	-0.506743	-0.491823	-0.463761	-0.409109	-0.341255	-0.275038	-0.221872	
-0.0350712	-0.0350712	-0.0373481	-0.0327317	-0.0365244	-0.032648	-0.0336827	-0.0336696	-0.0320591	-0.0343623	-0.032478	-0.0340913	-0.0340293	-0.0321549	-0.0338963	-0.0299494	-0.0277699	-0.0228789	-0.0141993	0.00560856	0.0248709	0.0705338	0.126712	0.201056	0.302379	0.414545	0.536899	0.653792	0.744153	0.796581	0.804836	0.760064	0.679525	0.574972	0.449843	0.300495	0.142948	-0.0290472	-0.196676	-0.333474	-0.418278	-0.467991	-0.479979	-0.487402	-0.491001	-0.479881	-0.434822	-0.370619	-0.299909	-0.23655	
-0.0327801	-0.0327801	-0.0350423	-0.0310736	-0.035811	-0.0314937	-0.033991	-0.0334133	-0.0316197	-0.0336322	-0.0316499	-0.0313985	-0.0320983	-0.0299393	-0.0291167	-0.0277699	-0.0225694	-0.0176929	-0.00661689	0.00988957	0.0358857	0.078221	0.13441	0.213248	0.316014	0.423662	0.54139	0.65055	0.730527	0.771335	0.766183	0.717705	0.638248	0.540816	0.429742	0.308006	0.175434	0.0238324	-0.134719	-0.262107	-0.353483	-0.411106	-0.437994	-0.459576	-0.484199	-0.488609	-0.457013	-0.399927	-0.327357	-0.254706	
-0.0300548	-0.0300548	-0.0295236	-0.0305885	-0.0300632	-0.0304419	-0.0309914	-0.0301345	-0.0307213	-0.029426	-0.029173	-0.0273443	-0.0270585	-0.0249315	-0.0238397	-0.0228789	-0.0176929	-0.0137902	-0.0018519	0.0182081	0.0443433	0.0905167	0.149156	0.226625	0.324378	0.434195	0.550296	0.651505	0.719585	0.749445	0.734054	0.677432	0.593962	0.505447	0.413077	0.313085	0.202782	0.072593	-0.0680318	-0.188342	-0.283365	-0.350491	-0.388596	-0.427913	-0.470085	-0.491178	-0.474473	-0.427306	-0.355018	-0.274357	
-0.0277487	-0.0277487	-0.0271311	-0.0267583	-0.0256818	-0.0239153	-0.0239404	-0.0207789	-0.0214841	-0.01999	-0.0189452	-0.0205423	-0.0184446	-0.0188554	-0.0166207	-0.0141993	-0.00661689	-0.0018519	0.0136887	0.0305766	0.0584768	0.102538	0.161815	0.243537	0.345685	0.451911	0.562763	0.653657	0.715654	0.733816	0.707239	0.6401	0.558429	0.474173	0.394433	0.314053	0.230859	0.123478	0.000874582	-0.110186	-0.207054	-0.279209	-0.332002	-0.386445	-0.446639	-0.482417	-0.483614	-0.448461	-0.378122	-0.293388	
-0.0154981	-0.0154981	-0.015847	-0.0154791	-0.0149527	-0.0163742	-0.013643	-0.0155317	-0.0134943	-0.0111855	-0.0114832	-0.00652938	-0.00394896	-0.00241603	0.00368953	0.00560856	0.00988957	0.0182081	0.0305766	0.0490416	0.0831901	0.129497	0.191913	0.274051	0.370001	0.478022	0.584157	0.671153	0.72493	0.732005	0.690415	0.61879	0.532211	0.45044	0.381998	0.324436	0.262382	0.178047	0.0775045	-0.0224343	-0.117485	-0.195754	-0.261058	-0.332981	-0.408085	-0.460944	-0.481988	-0.459927	-0.398432	-0.30989	
-0.000660966	-0.000660966	0.000359187	-3.9175e-05	0.00185614	0.00298873	0.00449801	0.00716372	0.00910517	0.0113494	0.0138157	0.0156364	0.0177718	0.019047	0.0245809	0.0248709	0.0358857	0.0443433	0.0584768	0.0831901	0.115065	0.159393	0.224393	0.308915	0.40534	0.515234	0.617553	0.6996	0.742913	0.736793	0.689432	0.608452	0.515391	0.433971	0.379138	0.335357	0.294278	0.234893	0.158895	0.0698811	-0.0198877	-0.10117	-0.180442	-0.267633	-0.357007	-0.427149	-0.466866	-0.460959	-0.4077	-0.322188	
0.0271407	0.0271407	0.0271928	0.0290805	0.0302635	0.0321654	0.035026	0.0370048	0.0400043	0.0431735	0.0464555	0.0495498	0.055399	0.0577882	0.0654685	0.0705338	0.078221	0.0905167	0.102538	0.129497	0.159393	0.210272	0.277744	0.360552	0.458798	0.570513	0.665756	0.740244	0.778881	0.765909	0.70644	0.613725	0.517783	0.436775	0.387186	0.35632	0.337904	0.303243	0.250415	0.175166	0.0975824	0.0124534	-0.0781627	-0.180346	-0.282136	-0.371501	-0.429787	-0.440835	-0.401973	-0.322992	
0.0750839	0.0750839	0.0727787	0.0781295	0.075385	0.0796717	0.0823457	0.0830562	0.0894883	0.0914827	0.0965421	0.102373	0.106852	0.113075	0.119688	0.126712	0.13441	0.149156	0.161815	0.191913	0.224393	0.277744	0.346429	0.430346	0.531479	0.637082	0.729169	0.806866	0.83727	0.81156	0.742305	0.644499	0.538665	0.455128	0.411384	0.39365	0.389985	0.379507	0.350298	0.294182	0.229084	0.14236	0.0419271	-0.0722798	-0.188628	-0.296541	-0.372421	-0.401147	-0.380096	-0.311457	
0.143866	0.143866	0.142948	0.147044	0.145327	0.151544	0.152313	0.157272	0.16233	0.166593	0.171314	0.179221	0.180577	0.189686	0.194837	0.201056	0.213248	0.226625	0.243537	0.274051	0.308915	0.360552	0.430346	0.513292	0.616487	0.722318	0.817536	0.888227	0.906431	0.875763	0.798874	0.691734	0.577832	0.495155	0.449107	0.439719	0.45072	0.468192	0.457219	0.425015	0.374237	0.291322	0.183684	0.0590722	-0.0708644	-0.197572	-0.286858	-0.336577	-0.333767	-0.279783	
0.242983	0.242983	0.244166	0.245867	0.247392	0.252848	0.252164	0.260493	0.260117	0.266107	0.271073	0.273207	0.282164	0.286267	0.295348	0.302379	0.316014	0.324378	0.345685	0.370001	0.40534	0.458798	0.531479	0.616487	0.72103	0.822686	0.914309	0.976821	0.993317	0.958959	0.873994	0.754524	0.63431	0.544697	0.500671	0.497697	0.523425	0.558299	0.56951	0.565949	0.531253	0.455857	0.343771	0.215454	0.0672652	-0.0712953	-0.176785	-0.245054	-0.262517	-0.227605	
0.382939	0.382939	0.384802	0.381443	0.385335	0.38264	0.38479	0.387304	0.386412	0.39307	0.393648	0.397778	0.404306	0.403677	0.413002	0.414545	0.423662	0.434195	0.451911	0.478022	0.515234	0.570513	0.637082	0.722318	0.822686	0.923407	1.01403	1.07654	1.09055	1.04492	0.947685	0.821809	0.698997	0.603018	0.556926	0.55389	0.592736	0.643345	0.68141	0.701708	0.687601	0.622135	0.516622	0.380674	0.21913	0.0697694	-0.0498326	-0.135402	-0.17452	-0.156614	
0.551343	0.551343	0.550701	0.551046	0.550889	0.548895	0.550504	0.546776	0.54672	0.545115	0.541156	0.540859	0.538091	0.535377	0.537439	0.536899	0.54139	0.550296	0.562763	0.584157	0.617553	0.665756	0.729169	0.817536	0.914309	1.01403	1.10441	1.15929	1.16238	1.11239	1.01346	0.882447	0.748453	0.644827	0.594738	0.595595	0.643877	0.708141	0.769388	0.816461	0.826485	0.779273	0.683904	0.543809	0.375201	0.218752	0.0867322	-0.0137851	-0.0711771	-0.0695922	
0.748836	0.748836	0.746287	0.745318	0.73943	0.735079	0.72884	0.72005	0.713757	0.703416	0.694741	0.686479	0.676025	0.668593	0.661487	0.653792	0.65055	0.651505	0.653657	0.671153	0.6996	0.740244	0.806866	0.888227	0.976821	1.07654	1.15929	1.20595	1.21196	1.15914	1.04894	0.909055	0.768463	0.659628	0.605489	0.608585	0.658891	0.735064	0.82045	0.895332	0.929785	0.90662	0.825772	0.687074	0.517503	0.354391	0.212525	0.0993581	0.028129	0.013869	
0.946678	0.946678	0.943663	0.938504	0.929847	0.919575	0.906725	0.891616	0.875939	0.858035	0.839473	0.821193	0.800735	0.781824	0.762956	0.744153	0.730527	0.719585	0.715654	0.72493	0.742913	0.778881	0.83727	0.906431	0.993317	1.09055	1.16238	1.21196	1.21218	1.14842	1.03135	0.888827	0.740231	0.626774	0.567159	0.565939	0.616265	0.707791	0.814512	0.91114	0.973225	0.981948	0.918719	0.788812	0.622611	0.457256	0.307252	0.187065	0.105571	0.0775179	
1.11194	1.11194	1.10904	1.09934	1.08894	1.07347	1.0533	1.03443	1.00668	0.982036	0.951899	0.920677	0.889734	0.857106	0.826359	0.796581	0.771335	0.749445	0.733816	0.732005	0.736793	0.765909	0.81156	0.875763	0.958959	1.04492	1.11239	1.15914	1.14842	1.07748	0.960198	0.811545	0.656696	0.532799	0.465543	0.460791	0.51537	0.613941	0.733622	0.850902	0.949053	0.986826	0.944971	0.829649	0.675795	0.507053	0.354376	0.228867	0.14235	0.101447	
1.20799	1.20799	1.20177	1.19455	1.17751	1.16101	1.1355	1.10989	1.07663	1.04427	1.00592	0.966768	0.928785	0.88412	0.846324	0.804836	0.766183	0.734054	0.707239	0.690415	0.689432	0.70644	0.742305	0.798874	0.873994	0.947685	1.01346	1.04894	1.03135	0.960198	0.839476	0.678271	0.513505	0.383729	0.313463	0.30239	0.349892	0.452511	0.583188	0.724806	0.850722	0.916709	0.899794	0.810921	0.667604	0.498989	0.345456	0.21791	0.126205	0.0735676	
1.19908	1.19908	1.19343	1.18395	1.16819	1.14862	1.12434	1.09579	1.06315	1.02773	0.987761	0.945841	0.902394	0.853642	0.810764	0.760064	0.717705	0.677432	0.6401	0.61879	0.608452	0.613725	0.644499	0.691734	0.754524	0.821809	0.882447	0.909055	0.888827	0.811545	0.678271	0.508973	0.342176	0.206025	0.122633	0.0971578	0.141991	0.246562	0.381363	0.537504	0.687052	0.780382	0.793622	0.731217	0.597318	0.434168	0.281049	0.151758	0.0519086	-0.00905948	
1.06227	1.06227	1.05893	1.05029	1.04034	1.02291	1.00643	0.980933	0.956241	0.925913	0.890335	0.856663	0.813178	0.771946	0.728098	0.679525	0.638248	0.593962	0.558429	0.532211	0.515391	0.517783	0.538665	0.577832	0.63431	0.698997	0.748453	0.768463	0.740231	0.656696	0.513505	0.342176	0.165875	0.0160843	-0.0837617	-0.115164	-0.0764287	0.0178968	0.149134	0.319362	0.487301	0.604411	0.647608	0.610403	0.490056	0.336625	0.183774	0.0494117	-0.0600643	-0.128608	
0.807209	0.807209	0.806819	0.80259	0.799607	0.792753	0.78386	0.774065	0.75879	0.742139	0.722021	0.69725	0.670585	0.641517	0.608172	0.574972	0.540816	0.505447	0.474173	0.45044	0.433971	0.436775	0.455128	0.495155	0.544697	0.603018	0.644827	0.659628	0.626774	0.532799	0.383729	0.206025	0.0160843	-0.150757	-0.25786	-0.30047	-0.279419	-0.202548	-0.0686795	0.105542	0.281959	0.417198	0.492238	0.476246	0.37454	0.230732	0.0785164	-0.0650429	-0.18371	-0.263793	
0.475847	0.475847	0.47527	0.479506	0.479177	0.484178	0.485669	0.48923	0.490725	0.493005	0.491946	0.490011	0.486229	0.475802	0.465594	0.449843	0.429742	0.413077	0.394433	0.381998	0.379138	0.387186	0.411384	0.449107	0.500671	0.556926	0.594738	0.605489	0.567159	0.465543	0.313463	0.122633	-0.0837617	-0.25786	-0.377191	-0.442301	-0.442808	-0.373321	-0.247422	-0.0825411	0.0953634	0.252783	0.350908	0.354116	0.27371	0.142211	-0.00961826	-0.163412	-0.292391	-0.386883	
0.109895	0.109895	0.113018	0.120874	0.130142	0.144912	0.159464	0.179007	0.197098	0.217385	0.236668	0.253425	0.270941	0.281711	0.29548	0.300495	0.308006	0.313085	0.314053	0.324436	0.335357	0.35632	0.39365	0.439719	0.497697	0.55389	0.595595	0.608585	0.565939	0.460791	0.30239	0.0971578	-0.115164	-0.30047	-0.442301	-0.529155	-0.541955	-0.489605	-0.384306	-0.232199	-0.0490586	0.1211	0.231713	0.257453	0.202341	0.0865678	-0.0647567	-0.223459	-0.362765	-0.471225	
-0.23092	-0.23092	-0.22577	-0.214743	-0.199037	-0.17954	-0.153999	-0.127739	-0.0964098	-0.0627594	-0.0302651	0.0081967	0.0421543	0.0776911	0.113471	0.142948	0.175434	0.202782	0.230859	0.262382	0.294278	0.337904	0.389985	0.45072	0.523425	0.592736	0.643877	0.658891	0.616265	0.51537	0.349892	0.141991	-0.0764287	-0.279419	-0.442808	-0.541955	-0.575237	-0.546054	-0.462233	-0.319902	-0.141241	0.0299568	0.151446	0.203059	0.17278	0.0713445	-0.0737787	-0.232862	-0.382367	-0.505403	
-0.502798	-0.502798	-0.497283	-0.487138	-0.471313	-0.450106	-0.425033	-0.393256	-0.358623	-0.319116	-0.275263	-0.229835	-0.180667	-0.130528	-0.0789398	-0.0290472	0.0238324	0.072593	0.123478	0.178047	0.234893	0.303243	0.379507	0.468192	0.558299	0.643345	0.708141	0.735064	0.707791	0.613941	0.452511	0.246562	0.0178968	-0.202548	-0.373321	-0.489605	-0.546054	-0.541931	-0.478046	-0.354459	-0.187602	-0.0227413	0.108591	0.181201	0.170125	0.0856488	-0.0463386	-0.201008	-0.357995	-0.496068	
-0.700262	-0.700262	-0.69631	-0.684568	-0.670897	-0.649845	-0.624144	-0.594158	-0.55792	-0.516881	-0.472748	-0.422318	-0.369976	-0.315072	-0.256225	-0.196676	-0.134719	-0.0680318	0.000874582	0.0775045	0.158895	0.250415	0.350298	0.457219	0.56951	0.68141	0.769388	0.82045	0.814512	0.733622	0.583188	0.381363	0.149134	-0.0686795	-0.247422	-0.384306	-0.462233	-0.478046	-0.437328	-0.333042	-0.184545	-0.0311746	0.10705	0.193071	0.199018	0.133893	0.0222866	-0.125179	-0.286636	-0.437048	
-0.82123	-0.82123	-0.816803	-0.805383	-0.79203	-0.770118	-0.747376	-0.717116	-0.684272	-0.64753	-0.605178	-0.560893	-0.510264	-0.456719	-0.395906	-0.333474	-0.262107	-0.188342	-0.110186	-0.0224343	0.0698811	0.175166	0.294182	0.425015	0.565949	0.701708	0.816461	0.895332	0.91114	0.850902	0.724806	0.537504	0.319362	0.105542	-0.0825411	-0.232199	-0.319902	-0.354459	-0.333042	-0.251554	-0.128536	0.0136497	0.15372	0.244616	0.261033	0.21957	0.128369	-0.0102982	-0.172617	-0.332718	
-0.853875	-0.853875	-0.850662	-0.84183	-0.830968	-0.81525	-0.795248	-0.772445	-0.744088	-0.711243	-0.674962	-0.631619	-0.585111	-0.533947	-0.477185	-0.418278	-0.353483	-0.283365	-0.207054	-0.117485	-0.0198877	0.0975824	0.229084	0.374237	0.531253	0.687601	0.826485	0.929785	0.973225	0.949053	0.850722	0.687052	0.487301	0.281959	0.0953634	-0.0490586	-0.141241	-0.187602	-0.184545	-0.128536	-0.0248308	0.109545	0.241543	0.325181	0.355059	0.336319	0.262336	0.134252	-0.0235945	-0.184974	
-0.811306	-0.811306	-0.809228	-0.801985	-0.794912	-0.780797	-0.766573	-0.74656	-0.723512	-0.697963	-0.66738	-0.634952	-0.598891	-0.559221	-0.51484	-0.467991	-0.411106	-0.350491	-0.279209	-0.195754	-0.10117	0.0124534	0.14236	0.291322	0.455857	0.622135	0.779273	0.90662	0.981948	0.986826	0.916709	0.780382	0.604411	0.417198	0.252783	0.1211	0.0299568	-0.0227413	-0.0311746	0.0136497	0.109545	0.230333	0.342634	0.426652	0.472856	0.470344	0.409967	0.299669	0.157878	0.000557562	
-0.697422	-0.697422	-0.696362	-0.69164	-0.68737	-0.679812	-0.670991	-0.661036	-0.648185	-0.633954	-0.617179	-0.597277	-0.57412	-0.547591	-0.515863	-0.479979	-0.437994	-0.388596	-0.332002	-0.261058	-0.180442	-0.0781627	0.0419271	0.183684	0.343771	0.516622	0.683904	0.825772	0.918719	0.944971	0.899794	0.793622	0.647608	0.492238	0.350908	0.231713	0.151446	0.108591	0.10705	0.15372	0.241543	0.342634	0.450265	0.543438	0.597959	0.600757	0.558232	0.474504	0.351299	0.203229	
-0.524685	-0.524685	-0.52719	-0.527279	-0.533117	-0.534541	-0.539852	-0.543063	-0.544781	-0.546963	-0.54474	-0.540936	-0.534147	-0.522383	-0.506743	-0.487402	-0.459576	-0.427913	-0.386445	-0.332981	-0.267633	-0.180346	-0.0722798	0.0590722	0.215454	0.380674	0.543809	0.687074	0.788812	0.829649	0.810921	0.731217	0.610403	0.476246	0.354116	0.257453	0.203059	0.181201	0.193071	0.244616	0.325181	0.426652	0.543438	0.639731	0.689868	0.702013	0.684858	0.625262	0.523231	0.387544	
-0.351165	-0.351165	-0.355227	-0.360838	-0.371628	-0.382856	-0.397284	-0.412697	-0.427873	-0.444098	-0.457749	-0.471001	-0.480877	-0.488297	-0.491823	-0.491001	-0.484199	-0.470085	-0.446639	-0.408085	-0.357007	-0.282136	-0.188628	-0.0708644	0.0672652	0.21913	0.375201	0.517503	0.622611	0.675795	0.667604	0.597318	0.490056	0.37454	0.27371	0.202341	0.17278	0.170125	0.199018	0.261033	0.355059	0.472856	0.597959	0.689868	0.744982	0.777518	0.78062	0.742063	0.661669	0.546156	
-0.222062	-0.222062	-0.227063	-0.232457	-0.245795	-0.258243	-0.276574	-0.296767	-0.318165	-0.343529	-0.368071	-0.393859	-0.419963	-0.442502	-0.463761	-0.479881	-0.488609	-0.491178	-0.482417	-0.460944	-0.427149	-0.371501	-0.296541	-0.197572	-0.0712953	0.0697694	0.218752	0.354391	0.457256	0.507053	0.498989	0.434168	0.336625	0.230732	0.142211	0.0865678	0.0713445	0.0856488	0.133893	0.21957	0.336319	0.470344	0.600757	0.702013	0.777518	0.826819	0.84442	0.824737	0.770268	0.676016	
-0.151524	-0.151524	-0.155335	-0.160247	-0.171153	-0.182484	-0.199168	-0.21846	-0.239874	-0.266242	-0.29221	-0.321943	-0.351286	-0.38046	-0.409109	-0.434822	-0.457013	-0.474473	-0.483614	-0.481988	-0.466866	-0.429787	-0.372421	-0.286858	-0.176785	-0.0498326	0.0867322	0.212525	0.307252	0.354376	0.345456	0.281049	0.183774	0.0785164	-0.00961826	-0.0647567	-0.0737787	-0.0463386	0.0222866	0.128369	0.262336	0.409967	0.558232	0.684858	0.78062	0.84442	0.877111	0.881588	0.850874	0.783295	
-0.13294	-0.13294	-0.135797	-0.138799	-0.146658	-0.154207	-0.16584	-0.17938	-0.194537	-0.213977	-0.233975	-0.257615	-0.283959	-0.310474	-0.341255	-0.370619	-0.399927	-0.427306	-0.448461	-0.459927	-0.460959	-0.440835	-0.401147	-0.336577	-0.245054	-0.135402	-0.0137851	0.0993581	0.187065	0.228867	0.21791	0.151758	0.0494117	-0.0650429	-0.163412	-0.223459	-0.232862	-0.201008	-0.125179	-0.0102982	0.134252	0.299669	0.474504	0.625262	0.742063	0.824737	0.881588	0.9098	0.90863	0.876041	
-0.150047	-0.150047	-0.151764	-0.151854	-0.156178	-0.158289	-0.163602	-0.170013	-0.176425	-0.187559	-0.198097	-0.213252	-0.230855	-0.250556	-0.275038	-0.299909	-0.327357	-0.355018	-0.378122	-0.398432	-0.4077	-0.401973	-0.380096	-0.333767	-0.262517	-0.17452	-0.0711771	0.028129	0.105571	0.14235	0.126205	0.0519086	-0.0600643	-0.18371	-0.292391	-0.362765	-0.382367	-0.357995	-0.286636	-0.172617	-0.0235945	0.157878	0.351299	0.523231	0.661669	0.770268	0.850874	0.90863	0.945133	0.949947	
-0.182353	-0.182353	-0.181712	-0.181068	-0.179899	-0.17848	-0.177945	-0.177202	-0.17761	-0.180196	-0.182819	-0.189217	-0.197551	-0.207003	-0.221872	-0.23655	-0.254706	-0.274357	-0.293388	-0.30989	-0.322188	-0.322992	-0.311457	-0.279783	-0.227605	-0.156614	-0.0695922	0.013869	0.0775179	0.101447	0.0735676	-0.00905948	-0.128608	-0.263793	-0.386883	-0.471225	-0.505403	-0.496068	-0.437048	-0.332718	-0.184974	0.000557562	0.203229	0.387544	0.546156	0.676016	0.783295	0.876041	0.949947	0.987694	
