-0.151654	-0.151654	-0.143684	-0.127166	-0.115913	-0.114264	-0.116255	-0.0890462	-0.0275339	0.0522437	0.131601	0.218173	0.333124	0.466125	0.606308	0.729674	0.823025	0.841898	0.755102	0.559121	0.277771	-0.0426807	-0.348116	-0.571478	-0.680178	-0.684088	-0.619719	-0.526251	-0.429538	-0.328763	-0.227148	-0.127745	-0.0443398	0.0304692	0.104482	0.192085	0.328585	0.544959	0.809064	1.07277	1.27379	1.37126	1.33307	1.1738	0.933702	0.642361	0.332289	0.0571181	-0.17574	-0.363552	
-0.151654	-0.151654	-0.143684	-0.127166	-0.115913	-0.114264	-0.116255	-0.0890462	-0.0275339	0.0522437	0.131601	0.218173	0.333124	0.466125	0.606308	0.729674	0.823025	0.841898	0.755102	0.559121	0.277771	-0.0426807	-0.348116	-0.571478	-0.680178	-0.684088	-0.619719	-0.526251	-0.429538	-0.328763	-0.227148	-0.127745	-0.0443398	0.0304692	0.104482	0.192085	0.328585	0.544959	0.809064	1.07277	1.27379	1.37126	1.33307	1.1738	0.933702	0.642361	0.332289	0.0571181	-0.17574	-0.363552	
-0.143684	-0.143684	-0.135416	-0.119699	-0.107955	-0.106995	-0.108103	-0.0816578	-0.0208101	0.0574548	0.135814	0.220943	0.334131	0.465133	0.602941	0.724729	0.814909	0.832936	0.744785	0.549857	0.270253	-0.0476815	-0.348635	-0.567993	-0.672503	-0.671921	-0.603614	-0.505995	-0.405587	-0.304487	-0.204423	-0.111804	-0.0383837	0.0219254	0.079521	0.148756	0.269405	0.471293	0.727431	0.989675	1.19905	1.30986	1.29304	1.15722	0.939926	0.668683	0.376087	0.110369	-0.117386	-0.303459	
-0.127166	-0.127166	-0.119699	-0.104187	-0.0945989	-0.0934097	-0.0956336	-0.0697699	-0.0117283	0.0644041	0.140434	0.224503	0.334841	0.463929	0.599689	0.718772	0.807788	0.822861	0.736905	0.543842	0.268946	-0.0420884	-0.335928	-0.546879	-0.6446	-0.638819	-0.565075	-0.464065	-0.362868	-0.263987	-0.174098	-0.0961126	-0.0438885	-0.00859646	0.0201134	0.0638382	0.159609	0.343213	0.589262	0.854219	1.07628	1.2149	1.23138	1.1346	0.955088	0.717037	0.448847	0.201928	-0.01481	-0.196989	
-0.115913	-0.115913	-0.107955	-0.0945989	-0.0842288	-0.0846481	-0.084471	-0.0601273	-0.00303942	0.0703673	0.146105	0.229474	0.338997	0.467542	0.602322	0.7233	0.810322	0.829369	0.746225	0.561433	0.295626	-0.00592018	-0.287726	-0.490315	-0.582691	-0.573649	-0.500898	-0.401953	-0.30524	-0.218535	-0.144081	-0.0909048	-0.0662555	-0.0635054	-0.0659948	-0.05198	0.023199	0.190269	0.433062	0.704872	0.95025	1.11655	1.17286	1.11711	0.976196	0.772803	0.538761	0.313352	0.113493	-0.0556525	
-0.114264	-0.114264	-0.106995	-0.0934097	-0.0846481	-0.0826625	-0.0810637	-0.0542856	0.00178708	0.0761381	0.153094	0.240528	0.351501	0.482799	0.620642	0.743408	0.834199	0.854052	0.779023	0.601642	0.346526	0.0570761	-0.21377	-0.40708	-0.495284	-0.488113	-0.418885	-0.328627	-0.244225	-0.174528	-0.12613	-0.10201	-0.11012	-0.1392	-0.17182	-0.178279	-0.118768	0.0403979	0.282396	0.565086	0.82731	1.02318	1.11246	1.09541	0.992743	0.826955	0.625259	0.430297	0.25498	0.101396	
-0.116255	-0.116255	-0.108103	-0.0956336	-0.084471	-0.0810637	-0.0729949	-0.044259	0.0143509	0.0889822	0.170188	0.261507	0.375373	0.509769	0.649116	0.776817	0.866952	0.892332	0.822181	0.655769	0.412617	0.135183	-0.122476	-0.308231	-0.395789	-0.392457	-0.334382	-0.256654	-0.188746	-0.142143	-0.119412	-0.12729	-0.16494	-0.222791	-0.278445	-0.300637	-0.248308	-0.0952007	0.148695	0.436064	0.713663	0.925999	1.04272	1.05818	0.991327	0.863708	0.706444	0.546402	0.400632	0.269522	
-0.0890462	-0.0890462	-0.0816578	-0.0697699	-0.0601273	-0.0542856	-0.044259	-0.0133903	0.0424972	0.116443	0.197603	0.291615	0.405373	0.539437	0.679548	0.806698	0.897939	0.922924	0.860141	0.702941	0.473319	0.21024	-0.0336133	-0.210798	-0.296968	-0.301973	-0.255447	-0.19636	-0.148818	-0.127625	-0.134996	-0.172511	-0.237352	-0.317026	-0.387436	-0.416221	-0.365879	-0.214782	0.0255804	0.3138	0.594379	0.817845	0.954365	1.0004	0.969409	0.88468	0.770598	0.651245	0.539114	0.429173	
-0.0275339	-0.0275339	-0.0208101	-0.0117283	-0.00303942	0.00178708	0.0143509	0.0424972	0.0945928	0.162283	0.241307	0.333866	0.443826	0.575029	0.710837	0.8381	0.926124	0.953616	0.896867	0.752928	0.539521	0.293647	0.0659245	-0.102229	-0.190253	-0.205231	-0.178614	-0.14111	-0.120353	-0.127646	-0.164247	-0.230594	-0.316324	-0.40978	-0.488187	-0.514929	-0.461428	-0.311894	-0.0740366	0.208636	0.489029	0.71742	0.869982	0.94236	0.94553	0.898628	0.826934	0.742386	0.658457	0.569718	
0.0522437	0.0522437	0.0574548	0.0644041	0.0703673	0.0761381	0.0889822	0.116443	0.162283	0.224958	0.301439	0.393086	0.501118	0.62833	0.762932	0.889421	0.9781	1.00812	0.960872	0.831449	0.636973	0.408584	0.196198	0.0329779	-0.0613921	-0.0959145	-0.094238	-0.088599	-0.0969994	-0.135104	-0.199119	-0.286994	-0.385353	-0.48411	-0.558459	-0.579267	-0.517767	-0.366978	-0.135177	0.142343	0.421777	0.653409	0.820249	0.915909	0.942649	0.922965	0.878324	0.816984	0.753235	0.681545	
0.131601	0.131601	0.135814	0.140434	0.146105	0.153094	0.170188	0.197603	0.241307	0.301439	0.379331	0.47568	0.585092	0.714757	0.851041	0.982501	1.07518	1.11123	1.0747	0.960973	0.783096	0.569295	0.364912	0.198278	0.0866771	0.0237124	-0.0110476	-0.0399638	-0.08298	-0.147911	-0.233528	-0.33507	-0.436075	-0.527779	-0.593208	-0.597195	-0.523961	-0.36924	-0.138973	0.133943	0.410135	0.64523	0.820956	0.929643	0.971725	0.965395	0.932983	0.881378	0.827426	0.766445	
0.218173	0.218173	0.220943	0.224503	0.229474	0.240528	0.261507	0.291615	0.333866	0.393086	0.47568	0.577379	0.693149	0.82547	0.967209	1.10545	1.20446	1.24857	1.22326	1.12424	0.961746	0.756808	0.553476	0.373578	0.23395	0.131466	0.0540211	-0.0170696	-0.0914811	-0.180206	-0.278436	-0.382178	-0.474798	-0.55263	-0.597796	-0.584571	-0.49489	-0.331082	-0.10022	0.171938	0.451009	0.686681	0.86617	0.980175	1.02065	1.01202	0.9794	0.928817	0.877693	0.824938	
0.333124	0.333124	0.334131	0.334841	0.338997	0.351501	0.375373	0.405373	0.443826	0.501118	0.585092	0.693149	0.812438	0.947906	1.09355	1.23707	1.34215	1.3911	1.37348	1.28478	1.13033	0.92797	0.717041	0.515796	0.34337	0.198672	0.0785522	-0.0279697	-0.12983	-0.232939	-0.337294	-0.438616	-0.520627	-0.580416	-0.606769	-0.569289	-0.457722	-0.277433	-0.0373145	0.23998	0.518375	0.752613	0.928386	1.03568	1.06899	1.05256	1.01148	0.954245	0.899322	0.843447	
0.466125	0.466125	0.465133	0.463929	0.467542	0.482799	0.509769	0.539437	0.575029	0.62833	0.714757	0.82547	0.947906	1.08228	1.22779	1.37246	1.47774	1.52647	1.50989	1.42401	1.27169	1.06477	0.839727	0.61395	0.405618	0.221524	0.0638515	-0.0718715	-0.190706	-0.300256	-0.402527	-0.495071	-0.562594	-0.603725	-0.607526	-0.546737	-0.411397	-0.211667	0.0396521	0.321293	0.600899	0.830292	0.997329	1.09494	1.11421	1.08227	1.02726	0.958506	0.889662	0.824057	
0.606308	0.606308	0.602941	0.599689	0.602322	0.620642	0.649116	0.679548	0.710837	0.762932	0.851041	0.967209	1.09355	1.22779	1.37349	1.51674	1.61976	1.66246	1.63824	1.54588	1.3838	1.16228	0.914779	0.658281	0.416187	0.196922	0.0124309	-0.140562	-0.265431	-0.371223	-0.465168	-0.54501	-0.596232	-0.616352	-0.594668	-0.506148	-0.343493	-0.121917	0.137443	0.417782	0.686504	0.90077	1.05231	1.13581	1.14254	1.09905	1.02989	0.943996	0.856101	0.769919	
0.729674	0.729674	0.724729	0.718772	0.7233	0.743408	0.776817	0.806698	0.8381	0.889421	0.982501	1.10545	1.23707	1.37246	1.51674	1.65662	1.75379	1.78493	1.74738	1.64045	1.4627	1.2217	0.948084	0.66261	0.388351	0.14185	-0.0643282	-0.227627	-0.353843	-0.452624	-0.533053	-0.594899	-0.62296	-0.612427	-0.55836	-0.437184	-0.24699	-0.0115752	0.24754	0.512836	0.758639	0.950215	1.08096	1.14668	1.14022	1.08268	0.997587	0.897946	0.79301	0.69444	
0.823025	0.823025	0.814909	0.807788	0.810322	0.834199	0.866952	0.897939	0.926124	0.9781	1.07518	1.20446	1.34215	1.47774	1.61976	1.75379	1.84125	1.85791	1.80124	1.67635	1.4797	1.2198	0.923724	0.615501	0.320307	0.0557527	-0.160191	-0.328128	-0.451691	-0.541027	-0.608788	-0.650318	-0.65252	-0.611232	-0.52103	-0.3691	-0.158444	0.0864462	0.333716	0.574138	0.788807	0.949189	1.05173	1.09695	1.07351	1.00163	0.905502	0.797093	0.686537	0.584465	
0.841898	0.841898	0.832936	0.822861	0.829369	0.854052	0.892332	0.922924	0.953616	1.00812	1.11123	1.24857	1.3911	1.52647	1.66246	1.78493	1.85791	1.85354	1.77496	1.62952	1.41722	1.14516	0.838104	0.52181	0.219925	-0.0464967	-0.263533	-0.428624	-0.546527	-0.628324	-0.680546	-0.702901	-0.681122	-0.609914	-0.493259	-0.322943	-0.102755	0.132613	0.360422	0.570237	0.749582	0.879613	0.95779	0.979576	0.940836	0.857641	0.752903	0.643938	0.53567	0.44132	
0.755102	0.755102	0.744785	0.736905	0.746225	0.779023	0.822181	0.860141	0.896867	0.960872	1.0747	1.22326	1.37348	1.50989	1.63824	1.74738	1.80124	1.77496	1.67288	1.50985	1.28665	1.01278	0.70617	0.395157	0.100228	-0.158802	-0.367387	-0.525047	-0.635226	-0.703692	-0.740795	-0.741575	-0.697598	-0.608195	-0.477932	-0.305383	-0.0986402	0.11774	0.316322	0.49167	0.638643	0.742207	0.79704	0.804164	0.757768	0.670588	0.569336	0.466379	0.36527	0.273645	
0.559121	0.559121	0.549857	0.543842	0.561433	0.601642	0.655769	0.702941	0.752928	0.831449	0.960973	1.12424	1.28478	1.42401	1.54588	1.64045	1.67635	1.62952	1.50985	1.33486	1.11118	0.84461	0.549862	0.25293	-0.0294486	-0.27531	-0.474264	-0.623285	-0.721566	-0.778162	-0.795283	-0.776282	-0.716702	-0.61708	-0.486436	-0.3268	-0.138319	0.0491851	0.218461	0.361118	0.474487	0.55109	0.589219	0.587145	0.544021	0.469384	0.382334	0.291578	0.194716	0.10251	
0.277771	0.277771	0.270253	0.268946	0.295626	0.346526	0.412617	0.473319	0.539521	0.636973	0.783096	0.961746	1.13033	1.27169	1.3838	1.4627	1.4797	1.41722	1.28665	1.11118	0.897634	0.651084	0.378453	0.102149	-0.162214	-0.394837	-0.583835	-0.72398	-0.813809	-0.857292	-0.858997	-0.824874	-0.754417	-0.6534	-0.528437	-0.381308	-0.214374	-0.0509673	0.0927104	0.204103	0.287703	0.342138	0.368201	0.36543	0.334256	0.274433	0.203099	0.12043	0.0281902	-0.0672544	
-0.0426807	-0.0426807	-0.0476815	-0.0420884	-0.00592018	0.0570761	0.135183	0.21024	0.293647	0.408584	0.569295	0.756808	0.92797	1.06477	1.16228	1.2217	1.2198	1.14516	1.01278	0.84461	0.651084	0.43094	0.185212	-0.0662961	-0.311789	-0.526989	-0.701698	-0.828729	-0.904242	-0.93463	-0.92375	-0.880089	-0.808729	-0.713135	-0.597567	-0.462968	-0.310818	-0.163856	-0.0373242	0.0540685	0.116247	0.156371	0.176558	0.177389	0.155558	0.107215	0.0449703	-0.033485	-0.125734	-0.2211	
-0.348116	-0.348116	-0.348635	-0.335928	-0.287726	-0.21377	-0.122476	-0.0336133	0.0659245	0.196198	0.364912	0.553476	0.717041	0.839727	0.914779	0.948084	0.923724	0.838104	0.70617	0.549862	0.378453	0.185212	-0.0305768	-0.257325	-0.477798	-0.67	-0.822488	-0.92909	-0.986684	-1.00529	-0.984005	-0.936837	-0.864949	-0.774077	-0.663377	-0.535848	-0.392477	-0.259286	-0.144125	-0.0652385	-0.0118462	0.0256979	0.053709	0.0640801	0.050675	0.00775434	-0.0533887	-0.13667	-0.228053	-0.318502	
-0.571478	-0.571478	-0.567993	-0.546879	-0.490315	-0.40708	-0.308231	-0.210798	-0.102229	0.0329779	0.198278	0.373578	0.515796	0.61395	0.658281	0.66261	0.615501	0.52181	0.395157	0.25293	0.102149	-0.0662961	-0.257325	-0.458986	-0.65402	-0.818203	-0.942925	-1.02311	-1.06195	-1.06525	-1.03626	-0.981937	-0.906091	-0.814016	-0.705114	-0.578528	-0.443658	-0.317565	-0.205487	-0.125474	-0.0675196	-0.0199805	0.0178568	0.0367995	0.0297403	-0.00960537	-0.0663962	-0.144215	-0.227852	-0.312397	
-0.680178	-0.680178	-0.672503	-0.6446	-0.582691	-0.495284	-0.395789	-0.296968	-0.190253	-0.0613921	0.0866771	0.23395	0.34337	0.405618	0.416187	0.388351	0.320307	0.219925	0.100228	-0.0294486	-0.162214	-0.311789	-0.477798	-0.65402	-0.817924	-0.949885	-1.043	-1.10008	-1.12187	-1.11859	-1.08342	-1.02196	-0.937031	-0.836975	-0.720636	-0.59108	-0.453629	-0.325005	-0.205733	-0.111134	-0.0388229	0.0199047	0.0688353	0.0986884	0.0978375	0.0711719	0.0285723	-0.0374987	-0.109884	-0.183749	
-0.684088	-0.684088	-0.671921	-0.638819	-0.573649	-0.488113	-0.392457	-0.301973	-0.205231	-0.0959145	0.0237124	0.131466	0.198672	0.221524	0.196922	0.14185	0.0557527	-0.0464967	-0.158802	-0.27531	-0.394837	-0.526989	-0.67	-0.818203	-0.949885	-1.0493	-1.11673	-1.15481	-1.17006	-1.1623	-1.1233	-1.05328	-0.955233	-0.844094	-0.720882	-0.581811	-0.435328	-0.292714	-0.149931	-0.0296883	0.065188	0.139364	0.199617	0.237934	0.24926	0.23838	0.213557	0.165782	0.110182	0.0475528	
-0.619719	-0.619719	-0.603614	-0.565075	-0.500898	-0.418885	-0.334382	-0.255447	-0.178614	-0.094238	-0.0110476	0.0540211	0.0785522	0.0638515	0.0124309	-0.0643282	-0.160191	-0.263533	-0.367387	-0.474264	-0.583835	-0.701698	-0.822488	-0.942925	-1.043	-1.11673	-1.16384	-1.19431	-1.20761	-1.19969	-1.15958	-1.08059	-0.972625	-0.851968	-0.719444	-0.567526	-0.402154	-0.231693	-0.060989	0.091788	0.210328	0.300363	0.373448	0.428973	0.45675	0.467062	0.462395	0.431232	0.387182	0.330442	
-0.526251	-0.526251	-0.505995	-0.464065	-0.401953	-0.328627	-0.256654	-0.19636	-0.14111	-0.088599	-0.0399638	-0.0170696	-0.0279697	-0.0718715	-0.140562	-0.227627	-0.328128	-0.428624	-0.525047	-0.623285	-0.72398	-0.828729	-0.92909	-1.02311	-1.10008	-1.15481	-1.19431	-1.22363	-1.23996	-1.23494	-1.19379	-1.11079	-0.995136	-0.865426	-0.722223	-0.552831	-0.362562	-0.165998	0.0324831	0.211069	0.352561	0.461575	0.553626	0.6303	0.678094	0.708183	0.71873	0.702372	0.665096	0.613475	
-0.429538	-0.429538	-0.405587	-0.362868	-0.30524	-0.244225	-0.188746	-0.148818	-0.120353	-0.0969994	-0.08298	-0.0914811	-0.12983	-0.190706	-0.265431	-0.353843	-0.451691	-0.546527	-0.635226	-0.721566	-0.813809	-0.904242	-0.986684	-1.06195	-1.12187	-1.17006	-1.20761	-1.23996	-1.26108	-1.25789	-1.21927	-1.13565	-1.01556	-0.878016	-0.722851	-0.537353	-0.327731	-0.111776	0.102752	0.301031	0.463528	0.591187	0.703464	0.797168	0.862675	0.908659	0.934248	0.929001	0.898097	0.84007	
-0.328763	-0.328763	-0.304487	-0.263987	-0.218535	-0.174528	-0.142143	-0.127625	-0.127646	-0.135104	-0.147911	-0.180206	-0.232939	-0.300256	-0.371223	-0.452624	-0.541027	-0.628324	-0.703692	-0.778162	-0.857292	-0.93463	-1.00529	-1.06525	-1.11859	-1.1623	-1.19969	-1.23494	-1.25789	-1.25901	-1.22615	-1.14497	-1.02409	-0.878368	-0.714155	-0.520602	-0.304903	-0.0850359	0.132332	0.339978	0.516595	0.661828	0.78549	0.893272	0.971865	1.02983	1.06487	1.06945	1.03412	0.971002	
-0.227148	-0.227148	-0.204423	-0.174098	-0.144081	-0.12613	-0.119412	-0.134996	-0.164247	-0.199119	-0.233528	-0.278436	-0.337294	-0.402527	-0.465168	-0.533053	-0.608788	-0.680546	-0.740795	-0.795283	-0.858997	-0.92375	-0.984005	-1.03626	-1.08342	-1.1233	-1.15958	-1.19379	-1.21927	-1.22615	-1.19761	-1.12181	-0.998759	-0.849805	-0.686001	-0.502455	-0.298464	-0.0928394	0.116759	0.323573	0.508825	0.659417	0.78969	0.899556	0.983726	1.0466	1.08611	1.08927	1.05327	0.990334	
-0.127745	-0.127745	-0.111804	-0.0961126	-0.0909048	-0.10201	-0.12729	-0.172511	-0.230594	-0.286994	-0.33507	-0.382178	-0.438616	-0.495071	-0.54501	-0.594899	-0.650318	-0.702901	-0.741575	-0.776282	-0.824874	-0.880089	-0.936837	-0.981937	-1.02196	-1.05328	-1.08059	-1.11079	-1.13565	-1.14497	-1.12181	-1.04946	-0.931564	-0.791253	-0.645162	-0.489205	-0.314874	-0.13291	0.0595588	0.256218	0.436852	0.586441	0.711157	0.814911	0.896998	0.951737	0.983239	0.983976	0.949333	0.893517	
-0.0443398	-0.0443398	-0.0383837	-0.0438885	-0.0662555	-0.11012	-0.16494	-0.237352	-0.316324	-0.385353	-0.436075	-0.474798	-0.520627	-0.562594	-0.596232	-0.62296	-0.65252	-0.681122	-0.697598	-0.716702	-0.754417	-0.808729	-0.864949	-0.906091	-0.937031	-0.955233	-0.972625	-0.995136	-1.01556	-1.02409	-0.998759	-0.931564	-0.826565	-0.708818	-0.598093	-0.484675	-0.350653	-0.202282	-0.0345999	0.142937	0.312176	0.455015	0.570558	0.662124	0.727306	0.763236	0.78197	0.776477	0.747462	0.708411	
0.0304692	0.0304692	0.0219254	-0.00859646	-0.0635054	-0.1392	-0.222791	-0.317026	-0.40978	-0.48411	-0.527779	-0.55263	-0.580416	-0.603725	-0.616352	-0.612427	-0.611232	-0.609914	-0.608195	-0.61708	-0.6534	-0.713135	-0.774077	-0.814016	-0.836975	-0.844094	-0.851968	-0.865426	-0.878016	-0.878368	-0.849805	-0.791253	-0.708818	-0.628514	-0.560733	-0.495054	-0.406052	-0.295407	-0.15798	-0.006478	0.148163	0.280738	0.383707	0.454064	0.495712	0.509498	0.51533	0.507509	0.487161	0.456967	
0.104482	0.104482	0.079521	0.0201134	-0.0659948	-0.17182	-0.278445	-0.387436	-0.488187	-0.558459	-0.593208	-0.597796	-0.606769	-0.607526	-0.594668	-0.55836	-0.52103	-0.493259	-0.477932	-0.486436	-0.528437	-0.597567	-0.663377	-0.705114	-0.720636	-0.720882	-0.719444	-0.722223	-0.722851	-0.714155	-0.686001	-0.645162	-0.598093	-0.560733	-0.539851	-0.518721	-0.472469	-0.398763	-0.290278	-0.15967	-0.0220082	0.0979612	0.181373	0.224488	0.240648	0.237055	0.236455	0.225978	0.207509	0.176958	
0.192085	0.192085	0.148756	0.0638382	-0.05198	-0.178279	-0.300637	-0.416221	-0.514929	-0.579267	-0.597195	-0.584571	-0.569289	-0.546737	-0.506148	-0.437184	-0.3691	-0.322943	-0.305383	-0.3268	-0.381308	-0.462968	-0.535848	-0.578528	-0.59108	-0.581811	-0.567526	-0.552831	-0.537353	-0.520602	-0.502455	-0.489205	-0.484675	-0.495054	-0.518721	-0.537607	-0.531769	-0.487425	-0.399816	-0.28464	-0.15945	-0.0523102	0.0101474	0.0350957	0.0300807	0.0141549	0.00224688	-0.0175209	-0.0445152	-0.0751569	
0.328585	0.328585	0.269405	0.159609	0.023199	-0.118768	-0.248308	-0.365879	-0.461428	-0.517767	-0.523961	-0.49489	-0.457722	-0.411397	-0.343493	-0.24699	-0.158444	-0.102755	-0.0986402	-0.138319	-0.214374	-0.310818	-0.392477	-0.443658	-0.453629	-0.435328	-0.402154	-0.362562	-0.327731	-0.304903	-0.298464	-0.314874	-0.350653	-0.406052	-0.472469	-0.531769	-0.559234	-0.540124	-0.46629	-0.358826	-0.242241	-0.146284	-0.0870511	-0.0698943	-0.0842109	-0.109648	-0.136574	-0.174954	-0.209839	-0.244107	
0.544959	0.544959	0.471293	0.343213	0.190269	0.0403979	-0.0952007	-0.214782	-0.311894	-0.366978	-0.36924	-0.331082	-0.277433	-0.211667	-0.121917	-0.0115752	0.0864462	0.132613	0.11774	0.0491851	-0.0509673	-0.163856	-0.259286	-0.317565	-0.325005	-0.292714	-0.231693	-0.165998	-0.111776	-0.0850359	-0.0928394	-0.13291	-0.202282	-0.295407	-0.398763	-0.487425	-0.540124	-0.537598	-0.475881	-0.378013	-0.271613	-0.174251	-0.108658	-0.080578	-0.0936703	-0.126816	-0.169953	-0.217648	-0.260626	-0.296187	
0.809064	0.809064	0.727431	0.589262	0.433062	0.282396	0.148695	0.0255804	-0.0740366	-0.135177	-0.138973	-0.10022	-0.0373145	0.0396521	0.137443	0.24754	0.333716	0.360422	0.316322	0.218461	0.0927104	-0.0373242	-0.144125	-0.205487	-0.205733	-0.149931	-0.060989	0.0324831	0.102752	0.132332	0.116759	0.0595588	-0.0345999	-0.15798	-0.290278	-0.399816	-0.46629	-0.475881	-0.425246	-0.334623	-0.226873	-0.123142	-0.0409091	-0.00108899	-0.0165996	-0.0564687	-0.104758	-0.155193	-0.197936	-0.228838	
1.07277	1.07277	0.989675	0.854219	0.704872	0.565086	0.436064	0.3138	0.208636	0.142343	0.133943	0.171938	0.23998	0.321293	0.417782	0.512836	0.574138	0.570237	0.49167	0.361118	0.204103	0.0540685	-0.0652385	-0.125474	-0.111134	-0.0296883	0.091788	0.211069	0.301031	0.339978	0.323573	0.256218	0.142937	-0.006478	-0.15967	-0.28464	-0.358826	-0.378013	-0.334623	-0.24041	-0.120323	-0.000530099	0.09899	0.145212	0.130199	0.0864041	0.0340216	-0.0138175	-0.0518867	-0.0792171	
1.27379	1.27379	1.19905	1.07628	0.95025	0.82731	0.713663	0.594379	0.489029	0.421777	0.410135	0.451009	0.518375	0.600899	0.686504	0.758639	0.788807	0.749582	0.638643	0.474487	0.287703	0.116247	-0.0118462	-0.0675196	-0.0388229	0.065188	0.210328	0.352561	0.463528	0.516595	0.508825	0.436852	0.312176	0.148163	-0.0220082	-0.15945	-0.242241	-0.271613	-0.226873	-0.120323	0.0208482	0.159224	0.27256	0.327986	0.322622	0.279056	0.229074	0.182594	0.143879	0.121998	
1.37126	1.37126	1.30986	1.2149	1.11655	1.02318	0.925999	0.817845	0.71742	0.653409	0.64523	0.686681	0.752613	0.830292	0.90077	0.950215	0.949189	0.879613	0.742207	0.55109	0.342138	0.156371	0.0256979	-0.0199805	0.0199047	0.139364	0.300363	0.461575	0.591187	0.661828	0.659417	0.586441	0.455015	0.280738	0.0979612	-0.0523102	-0.146284	-0.174251	-0.123142	-0.000530099	0.159224	0.310892	0.435051	0.509137	0.520237	0.485206	0.439201	0.393142	0.356741	0.338218	
1.33307	1.33307	1.29304	1.23138	1.17286	1.11246	1.04272	0.954365	0.869982	0.820249	0.820956	0.86617	0.928386	0.997329	1.05231	1.08096	1.05173	0.95779	0.79704	0.589219	0.368201	0.176558	0.053709	0.0178568	0.0688353	0.199617	0.373448	0.553626	0.703464	0.78549	0.78969	0.711157	0.570558	0.383707	0.181373	0.0101474	-0.0870511	-0.108658	-0.0409091	0.09899	0.27256	0.435051	0.57441	0.664805	0.695775	0.673453	0.637671	0.599533	0.570669	0.554587	
1.1738	1.1738	1.15722	1.1346	1.11711	1.09541	1.05818	1.0004	0.94236	0.915909	0.929643	0.980175	1.03568	1.09494	1.13581	1.14668	1.09695	0.979576	0.804164	0.587145	0.36543	0.177389	0.0640801	0.0367995	0.0986884	0.237934	0.428973	0.6303	0.797168	0.893272	0.899556	0.814911	0.662124	0.454064	0.224488	0.0350957	-0.0698943	-0.080578	-0.00108899	0.145212	0.327986	0.509137	0.664805	0.780585	0.836692	0.83268	0.809938	0.779895	0.757217	0.74725	
0.933702	0.933702	0.939926	0.955088	0.976196	0.992743	0.991327	0.969409	0.94553	0.942649	0.971725	1.02065	1.06899	1.11421	1.14254	1.14022	1.07351	0.940836	0.757768	0.544021	0.334256	0.155558	0.050675	0.0297403	0.0978375	0.24926	0.45675	0.678094	0.862675	0.971865	0.983726	0.896998	0.727306	0.495712	0.240648	0.0300807	-0.0842109	-0.0936703	-0.0165996	0.130199	0.322622	0.520237	0.695775	0.836692	0.915552	0.938236	0.934462	0.916934	0.907812	0.914946	
0.642361	0.642361	0.668683	0.717037	0.772803	0.826955	0.863708	0.88468	0.898628	0.922965	0.965395	1.01202	1.05256	1.08227	1.09905	1.08268	1.00163	0.857641	0.670588	0.469384	0.274433	0.107215	0.00775434	-0.00960537	0.0711719	0.23838	0.467062	0.708183	0.908659	1.02983	1.0466	0.951737	0.763236	0.509498	0.237055	0.0141549	-0.109648	-0.126816	-0.0564687	0.0864041	0.279056	0.485206	0.673453	0.83268	0.938236	0.993882	1.01175	1.01437	1.02804	1.04922	
0.332289	0.332289	0.376087	0.448847	0.538761	0.625259	0.706444	0.770598	0.826934	0.878324	0.932983	0.9794	1.01148	1.02726	1.02989	0.997587	0.905502	0.752903	0.569336	0.382334	0.203099	0.0449703	-0.0533887	-0.0663962	0.0285723	0.213557	0.462395	0.71873	0.934248	1.06487	1.08611	0.983239	0.78197	0.51533	0.236455	0.00224688	-0.136574	-0.169953	-0.104758	0.0340216	0.229074	0.439201	0.637671	0.809938	0.934462	1.01175	1.0514	1.08181	1.11633	1.14943	
0.0571181	0.0571181	0.110369	0.201928	0.313352	0.430297	0.546402	0.651245	0.742386	0.816984	0.881378	0.928817	0.954245	0.958506	0.943996	0.897946	0.797093	0.643938	0.466379	0.291578	0.12043	-0.033485	-0.13667	-0.144215	-0.0374987	0.165782	0.431232	0.702372	0.929001	1.06945	1.08927	0.983976	0.776477	0.507509	0.225978	-0.0175209	-0.174954	-0.217648	-0.155193	-0.0138175	0.182594	0.393142	0.599533	0.779895	0.916934	1.01437	1.08181	1.13318	1.17801	1.20764	
-0.17574	-0.17574	-0.117386	-0.01481	0.113493	0.25498	0.400632	0.539114	0.658457	0.753235	0.827426	0.877693	0.899322	0.889662	0.856101	0.79301	0.686537	0.53567	0.36527	0.194716	0.0281902	-0.125734	-0.228053	-0.227852	-0.109884	0.110182	0.387182	0.665096	0.898097	1.03412	1.05327	0.949333	0.747462	0.487161	0.207509	-0.0445152	-0.209839	-0.260626	-0.197936	-0.0518867	0.143879	0.356741	0.570669	0.757217	0.907812	1.02804	1.11633	1.17801	1.21491	1.22913	
-0.363552	-0.363552	-0.303459	-0.196989	-0.0556525	0.101396	0.269522	0.429173	0.569718	0.681545	0.766445	0.824938	0.843447	0.824057	0.769919	0.69444	0.584465	0.44132	0.273645	0.10251	-0.0672544	-0.2211	-0.318502	-0.312397	-0.183749	0.0475528	0.330442	0.613475	0.84007	0.971002	0.990334	0.893517	0.708411	0.456967	0.176958	-0.0751569	-0.244107	-0.296187	-0.228838	-0.0792171	0.121998	0.338218	0.554587	0.74725	0.914946	1.04922	1.14943	1.20764	1.22913	1.2224	
