0.783629	0.783629	0.342728	0.275202	-0.119843	0.21121	
0.783629	0.783629	0.342728	0.275202	-0.119843	0.21121	
0.342728	0.342728	-0.640675	-0.889792	-0.534568	0.552192	
0.275202	0.275202	-0.889792	-0.912851	-0.0939267	0.780494	
-0.119843	-0.119843	-0.534568	-0.0939267	0.524398	0.610755	
0.21121	0.21121	0.552192	0.780494	0.610755	0.0356768	
