-0.343127	-0.265142	-0.199222	-0.14357	-0.0977772	-0.0712507	-0.0634138	-0.0588534	-0.0320486	0.0385394	0.16145	0.330264	0.547755	0.797382	1.05826	1.30033	1.50062	1.64103	1.71203	1.7196	1.67651	1.60213	1.49303	1.34735	1.17276	0.980495	0.780293	0.586789	0.418097	0.274991	0.179541	0.140569	0.114282	0.0815618	0.017046	-0.0996026	-0.246292	-0.399349	-0.547122	-0.681502	-0.78082	-0.850296	-0.878417	-0.850709	-0.774526	-0.65	-0.504293	-0.369742	-0.28875	-0.28875	
-0.265142	-0.162624	-0.0720074	-0.00407175	0.0402887	0.0538402	0.0388464	0.0123376	0.0157204	0.0647905	0.166371	0.322522	0.522352	0.750266	0.995684	1.23731	1.45063	1.61407	1.70669	1.73098	1.70278	1.63781	1.536	1.39134	1.21534	1.01736	0.814043	0.623597	0.448048	0.302073	0.202794	0.151612	0.125704	0.099388	0.0416836	-0.0578919	-0.188718	-0.339845	-0.48955	-0.634236	-0.75448	-0.841026	-0.890449	-0.883916	-0.82917	-0.730399	-0.608817	-0.504343	-0.442439	-0.442439	
-0.199222	-0.0720074	0.0352681	0.113267	0.158899	0.163349	0.130409	0.0800134	0.056157	0.0758743	0.149212	0.279765	0.448092	0.645079	0.867464	1.0989	1.31929	1.49574	1.60175	1.64754	1.64261	1.59744	1.51428	1.3751	1.19569	0.997259	0.796492	0.612834	0.443475	0.302379	0.204436	0.152674	0.133834	0.118458	0.0794684	0.00102831	-0.11173	-0.250362	-0.398407	-0.540975	-0.665784	-0.762218	-0.822511	-0.832692	-0.799952	-0.732503	-0.639939	-0.554398	-0.501731	-0.501731	
-0.14357	-0.00407175	0.113267	0.202027	0.24677	0.242404	0.184716	0.114441	0.0642782	0.0569672	0.101982	0.203537	0.336524	0.501514	0.699694	0.912665	1.12734	1.30208	1.41951	1.48761	1.51169	1.49348	1.42947	1.30338	1.12986	0.941458	0.751277	0.572927	0.40749	0.265491	0.171051	0.128184	0.127879	0.140863	0.132243	0.0870145	-0.00128569	-0.119668	-0.253787	-0.395029	-0.521023	-0.619764	-0.687461	-0.715661	-0.702757	-0.65503	-0.584359	-0.514227	-0.472149	-0.472149	
-0.0977772	0.0402887	0.158899	0.24677	0.287526	0.272635	0.202742	0.113809	0.0417035	0.00733748	0.0240725	0.0922052	0.201183	0.34088	0.510005	0.698433	0.890847	1.0569	1.18335	1.27511	1.325	1.33268	1.29198	1.1901	1.03803	0.86926	0.695446	0.517639	0.354104	0.219758	0.132275	0.105485	0.130594	0.168981	0.191335	0.188289	0.140246	0.0523663	-0.0621209	-0.195406	-0.324881	-0.432373	-0.506914	-0.544546	-0.541964	-0.50911	-0.461793	-0.410661	-0.379413	-0.379413	
-0.0712507	0.0538402	0.163349	0.242404	0.272635	0.243097	0.165367	0.069603	-0.013055	-0.0648064	-0.0686882	-0.0228672	0.0631765	0.176626	0.31316	0.468955	0.637934	0.798265	0.935498	1.0447	1.11688	1.14842	1.13164	1.05796	0.935026	0.790773	0.637465	0.476098	0.324926	0.20392	0.123291	0.105024	0.142114	0.198877	0.26072	0.302797	0.297871	0.246744	0.154817	0.0309321	-0.0959039	-0.205631	-0.28677	-0.331495	-0.346756	-0.335343	-0.304652	-0.271916	-0.252266	-0.252266	
-0.0634138	0.0388464	0.130409	0.184716	0.202742	0.165367	0.086898	-0.00706609	-0.0964258	-0.154109	-0.165979	-0.130018	-0.0556644	0.0372041	0.143555	0.273764	0.417246	0.564823	0.703512	0.820283	0.91448	0.975054	0.986148	0.943376	0.850471	0.7312	0.603036	0.463718	0.330666	0.224573	0.15151	0.139437	0.181367	0.251325	0.340152	0.412414	0.447038	0.434693	0.367996	0.261694	0.14546	0.0391012	-0.0477114	-0.107994	-0.142182	-0.154657	-0.149579	-0.13192	-0.120412	-0.120412	
-0.0588534	0.0123376	0.0800134	0.114441	0.113809	0.069603	-0.00706609	-0.103917	-0.193721	-0.245645	-0.25216	-0.216601	-0.145812	-0.0615255	0.0329464	0.142323	0.260918	0.384487	0.508917	0.63275	0.748208	0.837713	0.877716	0.864488	0.801551	0.713787	0.609914	0.490301	0.371781	0.272582	0.208169	0.202348	0.251167	0.328981	0.429507	0.52343	0.582739	0.594872	0.557259	0.475433	0.372538	0.27235	0.178752	0.102839	0.0455613	0.0055771	-0.0155518	-0.0223722	-0.0208402	-0.0208402	
-0.0320486	0.0157204	0.056157	0.0642782	0.0417035	-0.013055	-0.0964258	-0.193721	-0.26933	-0.307015	-0.303178	-0.262278	-0.19363	-0.106091	-0.0124245	0.0806342	0.173014	0.272127	0.382246	0.509791	0.638658	0.742392	0.801857	0.811327	0.785009	0.729737	0.649931	0.551346	0.439891	0.346186	0.291959	0.290327	0.336706	0.421319	0.52823	0.631355	0.713251	0.745128	0.723881	0.655108	0.559738	0.459389	0.35761	0.268431	0.18594	0.117434	0.0739691	0.0453995	0.0318567	0.0318567	
0.0385394	0.0647905	0.0758743	0.0569672	0.00733748	-0.0648064	-0.154109	-0.245645	-0.307015	-0.328748	-0.322267	-0.277753	-0.198184	-0.0986692	0.00292233	0.0878079	0.159014	0.236265	0.33338	0.45163	0.580727	0.690829	0.762406	0.797279	0.801652	0.769405	0.707437	0.620901	0.516064	0.431548	0.386176	0.385929	0.431311	0.517468	0.626584	0.741064	0.836686	0.880471	0.865933	0.797744	0.698792	0.586675	0.472855	0.362829	0.257866	0.168332	0.0995526	0.0586092	0.0392885	0.0392885	
0.16145	0.166371	0.149212	0.101982	0.0240725	-0.0686882	-0.165979	-0.25216	-0.303178	-0.322267	-0.30972	-0.257719	-0.168604	-0.0573025	0.050284	0.129695	0.198354	0.265077	0.347292	0.455984	0.574226	0.679506	0.760408	0.810104	0.832022	0.822791	0.773276	0.696298	0.600558	0.516808	0.475328	0.476309	0.520558	0.608687	0.718161	0.835274	0.933678	0.979754	0.967562	0.899113	0.79169	0.663417	0.527374	0.387379	0.259452	0.15224	0.0664325	0.018406	-0.00363419	-0.00363419	
0.330264	0.322522	0.279765	0.203537	0.0922052	-0.0228672	-0.130018	-0.216601	-0.262278	-0.277753	-0.257719	-0.198349	-0.106206	0.00380992	0.11553	0.199788	0.270421	0.330963	0.398461	0.493843	0.59936	0.698226	0.778554	0.832578	0.865578	0.867494	0.832261	0.763442	0.673025	0.593793	0.552672	0.553302	0.59622	0.684235	0.789601	0.905464	1.00149	1.04281	1.02693	0.951691	0.835032	0.687257	0.529048	0.364743	0.206025	0.0784075	-0.0136915	-0.0663078	-0.0955686	-0.0955686	
0.547755	0.522352	0.448092	0.336524	0.201183	0.0631765	-0.0556644	-0.145812	-0.19363	-0.198184	-0.168604	-0.106206	-0.0191375	0.0833117	0.191088	0.280576	0.3464	0.398434	0.458006	0.539438	0.63352	0.722252	0.796024	0.850708	0.891908	0.902378	0.878743	0.815548	0.727109	0.65363	0.611262	0.611452	0.653378	0.730592	0.82661	0.934077	1.01997	1.06156	1.04805	0.969554	0.847022	0.685279	0.502411	0.309217	0.127832	-0.0227185	-0.13879	-0.201082	-0.230076	-0.230076	
0.797382	0.750266	0.645079	0.501514	0.34088	0.176626	0.0372041	-0.0615255	-0.106091	-0.0986692	-0.0573025	0.00380992	0.0833117	0.175002	0.27245	0.349934	0.405475	0.448311	0.497618	0.569263	0.649264	0.726974	0.799214	0.858102	0.903682	0.926905	0.909953	0.849127	0.766216	0.693992	0.647439	0.643071	0.679095	0.740181	0.826796	0.923531	1.00096	1.04273	1.03234	0.962373	0.839635	0.671518	0.466603	0.243611	0.0323812	-0.148195	-0.281167	-0.359577	-0.396409	-0.396409	
1.05826	0.995684	0.867464	0.699694	0.510005	0.31316	0.143555	0.0329464	-0.0124245	0.00292233	0.050284	0.11553	0.191088	0.27245	0.348966	0.40539	0.44569	0.477057	0.513399	0.568918	0.633441	0.702902	0.775965	0.839422	0.894323	0.926034	0.915543	0.860106	0.780255	0.708074	0.657422	0.645971	0.675666	0.728874	0.808349	0.898607	0.969233	1.00927	1.00346	0.936968	0.812713	0.636848	0.411672	0.165585	-0.0751891	-0.281809	-0.423619	-0.512994	-0.556265	-0.556265	
1.30033	1.23731	1.0989	0.912665	0.698433	0.468955	0.273764	0.142323	0.0806342	0.0878079	0.129695	0.199788	0.280576	0.349934	0.40539	0.448088	0.470324	0.490283	0.512011	0.545597	0.595422	0.65787	0.727676	0.796537	0.860455	0.892723	0.88825	0.838105	0.760331	0.693701	0.644378	0.631826	0.662243	0.711918	0.785381	0.868554	0.932516	0.973071	0.96913	0.905563	0.782374	0.597295	0.351684	0.0810081	-0.178343	-0.403851	-0.564553	-0.658709	-0.69702	-0.69702	
1.50062	1.45063	1.31929	1.12734	0.890847	0.637934	0.417246	0.260918	0.173014	0.159014	0.198354	0.270421	0.3464	0.405475	0.44569	0.470324	0.486626	0.494123	0.499767	0.516076	0.546423	0.591962	0.655243	0.722737	0.783266	0.82273	0.823159	0.785908	0.723363	0.662928	0.621148	0.614424	0.648113	0.701389	0.776193	0.852549	0.910312	0.943006	0.935427	0.874408	0.745262	0.551009	0.289879	-0.00111315	-0.279662	-0.514866	-0.674329	-0.773459	-0.816362	-0.816362	
1.64103	1.61407	1.49574	1.30208	1.0569	0.798265	0.564823	0.384487	0.272127	0.236265	0.265077	0.330963	0.398434	0.448311	0.477057	0.490283	0.494123	0.490654	0.481497	0.476028	0.486172	0.517278	0.567922	0.627897	0.686685	0.726285	0.73815	0.719062	0.674166	0.629592	0.606468	0.610406	0.645857	0.704365	0.771556	0.837876	0.89056	0.917451	0.906011	0.843429	0.71001	0.50371	0.236951	-0.0637675	-0.353664	-0.594938	-0.762145	-0.859833	-0.904302	-0.904302	
1.71203	1.70669	1.60175	1.41951	1.18335	0.935498	0.703512	0.508917	0.382246	0.33338	0.347292	0.398461	0.458006	0.497618	0.513399	0.512011	0.499767	0.481497	0.454692	0.427723	0.420775	0.438805	0.474486	0.527715	0.586847	0.628585	0.653322	0.649719	0.624567	0.604082	0.602451	0.618759	0.657158	0.71585	0.771205	0.82658	0.869785	0.888012	0.873767	0.810295	0.681735	0.473718	0.202996	-0.10413	-0.397357	-0.637566	-0.813862	-0.913397	-0.954686	-0.954686	
1.7196	1.73098	1.64754	1.48761	1.27511	1.0447	0.820283	0.63275	0.509791	0.45163	0.455984	0.493843	0.539438	0.569263	0.568918	0.545597	0.516076	0.476028	0.427723	0.382671	0.360107	0.361029	0.384583	0.432654	0.489139	0.535272	0.562294	0.574081	0.575281	0.576735	0.596577	0.628425	0.671582	0.734575	0.790547	0.835914	0.870502	0.876504	0.85226	0.788544	0.65723	0.450089	0.185234	-0.120711	-0.41605	-0.654605	-0.824168	-0.920753	-0.965249	-0.965249	
1.67651	1.70278	1.64261	1.51169	1.325	1.11688	0.91448	0.748208	0.638658	0.580727	0.574226	0.59936	0.63352	0.649264	0.633441	0.595422	0.546423	0.486172	0.420775	0.360107	0.319461	0.303929	0.315243	0.354883	0.401406	0.437733	0.465996	0.48975	0.510275	0.533262	0.574083	0.624958	0.685444	0.760151	0.821819	0.868087	0.898953	0.900546	0.869617	0.800252	0.664761	0.453918	0.189166	-0.114116	-0.404621	-0.640281	-0.811934	-0.911592	-0.958126	-0.958126	
1.60213	1.63781	1.59744	1.49348	1.33268	1.14842	0.975054	0.837713	0.742392	0.690829	0.679506	0.698226	0.722252	0.726974	0.702902	0.65787	0.591962	0.517278	0.438805	0.361029	0.303929	0.275871	0.273982	0.295977	0.325135	0.347598	0.373744	0.398644	0.425379	0.46579	0.529697	0.60701	0.693415	0.785937	0.862598	0.923269	0.961772	0.96893	0.938054	0.856906	0.710375	0.491095	0.216325	-0.0840942	-0.368798	-0.606767	-0.784892	-0.893774	-0.940087	-0.940087	
1.49303	1.536	1.51428	1.42947	1.29198	1.13164	0.986148	0.877716	0.801857	0.762406	0.760408	0.778554	0.796024	0.799214	0.775965	0.727676	0.655243	0.567922	0.474486	0.384583	0.315243	0.273982	0.25642	0.256032	0.265318	0.28155	0.292793	0.305286	0.334545	0.388611	0.472262	0.573219	0.684671	0.797717	0.90738	0.994313	1.05162	1.06824	1.03122	0.941531	0.779937	0.556014	0.279163	-0.0246436	-0.316376	-0.562536	-0.736086	-0.851126	-0.906293	-0.906293	
1.34735	1.39134	1.3751	1.30338	1.1901	1.05796	0.943376	0.864488	0.811327	0.797279	0.810104	0.832578	0.850708	0.858102	0.839422	0.796537	0.722737	0.627897	0.527715	0.432654	0.354883	0.295977	0.256032	0.236755	0.234049	0.236772	0.230085	0.229238	0.258828	0.320534	0.408821	0.521392	0.65332	0.78741	0.926646	1.04293	1.11991	1.15298	1.12491	1.03601	0.875402	0.650387	0.368266	0.0662	-0.22174	-0.474415	-0.663037	-0.791846	-0.850229	-0.850229	
1.17276	1.21534	1.19569	1.12986	1.03803	0.935026	0.850471	0.801551	0.785009	0.801652	0.832022	0.865578	0.891908	0.903682	0.894323	0.860455	0.783266	0.686685	0.586847	0.489139	0.401406	0.325135	0.265318	0.234049	0.219313	0.200498	0.182812	0.176968	0.200395	0.256922	0.341927	0.457365	0.598943	0.74915	0.907846	1.05161	1.15714	1.21581	1.20552	1.11969	0.961088	0.73895	0.466261	0.180195	-0.0971575	-0.347367	-0.543957	-0.684769	-0.752867	-0.752867	
0.980495	1.01736	0.997259	0.941458	0.86926	0.790773	0.7312	0.713787	0.729737	0.769405	0.822791	0.867494	0.902378	0.926905	0.926034	0.892723	0.82273	0.726285	0.628585	0.535272	0.437733	0.347598	0.28155	0.236772	0.200498	0.175628	0.150906	0.134706	0.148067	0.191103	0.270604	0.388085	0.528352	0.684629	0.861567	1.02889	1.16314	1.24303	1.24655	1.1726	1.02338	0.816724	0.568636	0.304131	0.0408028	-0.197695	-0.388229	-0.532095	-0.608274	-0.608274	
0.780293	0.814043	0.796492	0.751277	0.695446	0.637465	0.603036	0.609914	0.649931	0.707437	0.773276	0.832261	0.878743	0.909953	0.915543	0.88825	0.823159	0.73815	0.653322	0.562294	0.465996	0.373744	0.292793	0.230085	0.182812	0.150906	0.119234	0.0895438	0.0878846	0.123413	0.199147	0.307583	0.44211	0.60816	0.798775	0.986733	1.14196	1.23826	1.25339	1.1896	1.05769	0.869335	0.650789	0.415304	0.181921	-0.0342243	-0.22502	-0.361261	-0.432129	-0.432129	
0.586789	0.623597	0.612834	0.572927	0.517639	0.476098	0.463718	0.490301	0.551346	0.620901	0.696298	0.763442	0.815548	0.849127	0.860106	0.838105	0.785908	0.719062	0.649719	0.574081	0.48975	0.398644	0.305286	0.229238	0.176968	0.134706	0.0895438	0.0514611	0.0437855	0.0693528	0.127841	0.216268	0.339289	0.512381	0.711135	0.914333	1.09098	1.20006	1.22694	1.17157	1.05233	0.883501	0.694962	0.498472	0.300041	0.115218	-0.0560677	-0.188595	-0.262449	-0.262449	
0.418097	0.448048	0.443475	0.40749	0.354104	0.324926	0.330666	0.371781	0.439891	0.516064	0.600558	0.673025	0.727109	0.766216	0.780255	0.760331	0.723363	0.674166	0.624567	0.575281	0.510275	0.425379	0.334545	0.258828	0.200395	0.148067	0.0878846	0.0437855	0.0256987	0.0210827	0.0515968	0.121181	0.228362	0.391996	0.589925	0.799059	0.987931	1.10974	1.15094	1.10988	1.00264	0.85589	0.701648	0.545575	0.385414	0.230434	0.0813767	-0.0399482	-0.111949	-0.111949	
0.274991	0.302073	0.302379	0.265491	0.219758	0.20392	0.224573	0.272582	0.346186	0.431548	0.516808	0.593793	0.65363	0.693992	0.708074	0.693701	0.662928	0.629592	0.604082	0.576735	0.533262	0.46579	0.388611	0.320534	0.256922	0.191103	0.123413	0.0693528	0.0210827	-0.0150253	-0.0125591	0.0250642	0.103976	0.24586	0.435308	0.643209	0.837865	0.970753	1.0187	0.988733	0.90234	0.786227	0.66587	0.544646	0.423639	0.297874	0.165947	0.0608093	-0.000645594	-0.000645594	
0.179541	0.202794	0.204436	0.171051	0.132275	0.123291	0.15151	0.208169	0.291959	0.386176	0.475328	0.552672	0.611262	0.647439	0.657422	0.644378	0.621148	0.606468	0.602451	0.596577	0.574083	0.529697	0.472262	0.408821	0.341927	0.270604	0.199147	0.127841	0.0515968	-0.0125591	-0.0557691	-0.0695923	-0.0340182	0.0774474	0.251836	0.45287	0.646895	0.78195	0.841598	0.82786	0.763651	0.674864	0.580682	0.496284	0.402866	0.29913	0.190704	0.0895252	0.0300187	0.0300187	
0.140569	0.151612	0.152674	0.128184	0.105485	0.105024	0.139437	0.202348	0.290327	0.385929	0.476309	0.553302	0.611452	0.643071	0.645971	0.631826	0.614424	0.610406	0.618759	0.628425	0.624958	0.60701	0.573219	0.521392	0.457365	0.388085	0.307583	0.216268	0.121181	0.0250642	-0.0695923	-0.133309	-0.136808	-0.0667887	0.0740969	0.252633	0.430311	0.564981	0.636446	0.637297	0.584722	0.513329	0.44234	0.379946	0.31134	0.228231	0.131753	0.0363642	-0.022425	-0.022425	
0.114282	0.125704	0.133834	0.127879	0.130594	0.142114	0.181367	0.251167	0.336706	0.431311	0.520558	0.59622	0.653378	0.679095	0.675666	0.662243	0.648113	0.645857	0.657158	0.671582	0.685444	0.693415	0.684671	0.65332	0.598943	0.528352	0.44211	0.339289	0.228362	0.103976	-0.0340182	-0.136808	-0.179114	-0.157442	-0.0596907	0.0829239	0.229597	0.349475	0.412021	0.409343	0.366256	0.308183	0.24973	0.199066	0.147526	0.0764792	-0.014761	-0.0982847	-0.149547	-0.149547	
0.0815618	0.099388	0.118458	0.140863	0.168981	0.198877	0.251325	0.328981	0.421319	0.517468	0.608687	0.684235	0.730592	0.740181	0.728874	0.711918	0.701389	0.704365	0.71585	0.734575	0.760151	0.785937	0.797717	0.78741	0.74915	0.684629	0.60816	0.512381	0.391996	0.24586	0.0774474	-0.0667887	-0.157442	-0.187471	-0.140893	-0.0445153	0.0556635	0.14058	0.180827	0.165822	0.12337	0.0678024	0.0143028	-0.0281221	-0.0758507	-0.141732	-0.218822	-0.291951	-0.342937	-0.342937	
0.017046	0.0416836	0.0794684	0.132243	0.191335	0.26072	0.340152	0.429507	0.52823	0.626584	0.718161	0.789601	0.82661	0.826796	0.808349	0.785381	0.776193	0.771556	0.771205	0.790547	0.821819	0.862598	0.90738	0.926646	0.907846	0.861567	0.798775	0.711135	0.589925	0.435308	0.251836	0.0740969	-0.0596907	-0.140893	-0.162399	-0.132837	-0.0907772	-0.0562407	-0.0463873	-0.0735512	-0.128623	-0.192294	-0.247056	-0.288465	-0.324786	-0.37645	-0.444239	-0.512283	-0.559441	-0.559441	
-0.0996026	-0.0578919	0.00102831	0.0870145	0.188289	0.302797	0.412414	0.52343	0.631355	0.741064	0.835274	0.905464	0.934077	0.923531	0.898607	0.868554	0.852549	0.837876	0.82658	0.835914	0.868087	0.923269	0.994313	1.04293	1.05161	1.02889	0.986733	0.914333	0.799059	0.643209	0.45287	0.252633	0.0829239	-0.0445153	-0.132837	-0.176008	-0.201796	-0.223	-0.249996	-0.301565	-0.371829	-0.439857	-0.491788	-0.531655	-0.562547	-0.600715	-0.655039	-0.710033	-0.743639	-0.743639	
-0.246292	-0.188718	-0.11173	-0.00128569	0.140246	0.297871	0.447038	0.582739	0.713251	0.836686	0.933678	1.00149	1.01997	1.00096	0.969233	0.932516	0.910312	0.89056	0.869785	0.870502	0.898953	0.961772	1.05162	1.11991	1.15714	1.16314	1.14196	1.09098	0.987931	0.837865	0.646895	0.430311	0.229597	0.0556635	-0.0907772	-0.201796	-0.289686	-0.357565	-0.420442	-0.490623	-0.56359	-0.626561	-0.674546	-0.709681	-0.735057	-0.767258	-0.806869	-0.846256	-0.870099	-0.870099	
-0.399349	-0.339845	-0.250362	-0.119668	0.0523663	0.246744	0.434693	0.594872	0.745128	0.880471	0.979754	1.04281	1.06156	1.04273	1.00927	0.973071	0.943006	0.917451	0.888012	0.876504	0.900546	0.96893	1.06824	1.15298	1.21581	1.24303	1.23826	1.20006	1.10974	0.970753	0.78195	0.564981	0.349475	0.14058	-0.0562407	-0.223	-0.357565	-0.464398	-0.547467	-0.619591	-0.683425	-0.737137	-0.782571	-0.80266	-0.809688	-0.827129	-0.847052	-0.874968	-0.897739	-0.897739	
-0.547122	-0.48955	-0.398407	-0.253787	-0.0621209	0.154817	0.367996	0.557259	0.723881	0.865933	0.967562	1.02693	1.04805	1.03234	1.00346	0.96913	0.935427	0.906011	0.873767	0.85226	0.869617	0.938054	1.03122	1.12491	1.20552	1.24655	1.25339	1.22694	1.15094	1.0187	0.841598	0.636446	0.412021	0.180827	-0.0463873	-0.249996	-0.420442	-0.547467	-0.632597	-0.697252	-0.7405	-0.767914	-0.784655	-0.779737	-0.768254	-0.764095	-0.761586	-0.767253	-0.778016	-0.778016	
-0.681502	-0.634236	-0.540975	-0.395029	-0.195406	0.0309321	0.261694	0.475433	0.655108	0.797744	0.899113	0.951691	0.969554	0.962373	0.936968	0.905563	0.874408	0.843429	0.810295	0.788544	0.800252	0.856906	0.941531	1.03601	1.11969	1.1726	1.1896	1.17157	1.10988	0.988733	0.82786	0.637297	0.409343	0.165822	-0.0735512	-0.301565	-0.490623	-0.619591	-0.697252	-0.727897	-0.730804	-0.718937	-0.683745	-0.643028	-0.601593	-0.56328	-0.540325	-0.522503	-0.513013	-0.513013	
-0.78082	-0.75448	-0.665784	-0.521023	-0.324881	-0.0959039	0.14546	0.372538	0.559738	0.698792	0.79169	0.835032	0.847022	0.839635	0.812713	0.782374	0.745262	0.71001	0.681735	0.65723	0.664761	0.710375	0.779937	0.875402	0.961088	1.02338	1.05769	1.05233	1.00264	0.90234	0.763651	0.584722	0.366256	0.12337	-0.128623	-0.371829	-0.56359	-0.683425	-0.7405	-0.730804	-0.682028	-0.612152	-0.517928	-0.42752	-0.338187	-0.24533	-0.180677	-0.14193	-0.119149	-0.119149	
-0.850296	-0.841026	-0.762218	-0.619764	-0.432373	-0.205631	0.0391012	0.27235	0.459389	0.586675	0.663417	0.687257	0.685279	0.671518	0.636848	0.597295	0.551009	0.50371	0.473718	0.450089	0.453918	0.491095	0.556014	0.650387	0.73895	0.816724	0.869335	0.883501	0.85589	0.786227	0.674864	0.513329	0.308183	0.0678024	-0.192294	-0.439857	-0.626561	-0.737137	-0.767914	-0.718937	-0.612152	-0.468277	-0.308729	-0.147671	0.00381366	0.140509	0.250503	0.326826	0.372268	0.372268	
-0.878417	-0.890449	-0.822511	-0.687461	-0.506914	-0.28677	-0.0477114	0.178752	0.35761	0.472855	0.527374	0.529048	0.502411	0.466603	0.411672	0.351684	0.289879	0.236951	0.202996	0.185234	0.189166	0.216325	0.279163	0.368266	0.466261	0.568636	0.650789	0.694962	0.701648	0.66587	0.580682	0.44234	0.24973	0.0143028	-0.247056	-0.491788	-0.674546	-0.782571	-0.784655	-0.683745	-0.517928	-0.308729	-0.0785279	0.156141	0.372582	0.558542	0.716239	0.832859	0.891057	0.891057	
-0.850709	-0.883916	-0.832692	-0.715661	-0.544546	-0.331495	-0.107994	0.102839	0.268431	0.362829	0.387379	0.364743	0.309217	0.243611	0.165585	0.0810081	-0.00111315	-0.0637675	-0.10413	-0.120711	-0.114116	-0.0840942	-0.0246436	0.0662	0.180195	0.304131	0.415304	0.498472	0.545575	0.544646	0.496284	0.379946	0.199066	-0.0281221	-0.288465	-0.531655	-0.709681	-0.80266	-0.779737	-0.643028	-0.42752	-0.147671	0.156141	0.450718	0.728387	0.975143	1.17923	1.3241	1.39914	1.39914	
-0.774526	-0.82917	-0.799952	-0.702757	-0.541964	-0.346756	-0.142182	0.0455613	0.18594	0.257866	0.259452	0.206025	0.127832	0.0323812	-0.0751891	-0.178343	-0.279662	-0.353664	-0.397357	-0.41605	-0.404621	-0.368798	-0.316376	-0.22174	-0.0971575	0.0408028	0.181921	0.300041	0.385414	0.423639	0.402866	0.31134	0.147526	-0.0758507	-0.324786	-0.562547	-0.735057	-0.809688	-0.768254	-0.601593	-0.338187	0.00381366	0.372582	0.728387	1.06158	1.35603	1.59824	1.7708	1.87063	1.87063	
-0.65	-0.730399	-0.732503	-0.65503	-0.50911	-0.335343	-0.154657	0.0055771	0.117434	0.168332	0.15224	0.0784075	-0.0227185	-0.148195	-0.281809	-0.403851	-0.514866	-0.594938	-0.637566	-0.654605	-0.640281	-0.606767	-0.562536	-0.474415	-0.347367	-0.197695	-0.0342243	0.115218	0.230434	0.297874	0.29913	0.228231	0.0764792	-0.141732	-0.37645	-0.600715	-0.767258	-0.827129	-0.764095	-0.56328	-0.24533	0.140509	0.558542	0.975143	1.35603	1.68987	1.96636	2.16575	2.2733	2.2733	
-0.504293	-0.608817	-0.639939	-0.584359	-0.461793	-0.304652	-0.149579	-0.0155518	0.0739691	0.0995526	0.0664325	-0.0136915	-0.13879	-0.281167	-0.423619	-0.564553	-0.674329	-0.762145	-0.813862	-0.824168	-0.811934	-0.784892	-0.736086	-0.663037	-0.543957	-0.388229	-0.22502	-0.0560677	0.0813767	0.165947	0.190704	0.131753	-0.014761	-0.218822	-0.444239	-0.655039	-0.806869	-0.847052	-0.761586	-0.540325	-0.180677	0.250503	0.716239	1.17923	1.59824	1.96636	2.26751	2.48976	2.60526	2.60526	
-0.369742	-0.504343	-0.554398	-0.514227	-0.410661	-0.271916	-0.13192	-0.0223722	0.0453995	0.0586092	0.018406	-0.0663078	-0.201082	-0.359577	-0.512994	-0.658709	-0.773459	-0.859833	-0.913397	-0.920753	-0.911592	-0.893774	-0.851126	-0.791846	-0.684769	-0.532095	-0.361261	-0.188595	-0.0399482	0.0608093	0.0895252	0.0363642	-0.0982847	-0.291951	-0.512283	-0.710033	-0.846256	-0.874968	-0.767253	-0.522503	-0.14193	0.326826	0.832859	1.3241	1.7708	2.16575	2.48976	2.72682	2.84758	2.84758	
-0.28875	-0.442439	-0.501731	-0.472149	-0.379413	-0.252266	-0.120412	-0.0208402	0.0318567	0.0392885	-0.00363419	-0.0955686	-0.230076	-0.396409	-0.556265	-0.69702	-0.816362	-0.904302	-0.954686	-0.965249	-0.958126	-0.940087	-0.906293	-0.850229	-0.752867	-0.608274	-0.432129	-0.262449	-0.111949	-0.000645594	0.0300187	-0.022425	-0.149547	-0.342937	-0.559441	-0.743639	-0.870099	-0.897739	-0.778016	-0.513013	-0.119149	0.372268	0.891057	1.39914	1.87063	2.2733	2.60526	2.84758	2.97672	2.97672	
-0.28875	-0.442439	-0.501731	-0.472149	-0.379413	-0.252266	-0.120412	-0.0208402	0.0318567	0.0392885	-0.00363419	-0.0955686	-0.230076	-0.396409	-0.556265	-0.69702	-0.816362	-0.904302	-0.954686	-0.965249	-0.958126	-0.940087	-0.906293	-0.850229	-0.752867	-0.608274	-0.432129	-0.262449	-0.111949	-0.000645594	0.0300187	-0.022425	-0.149547	-0.342937	-0.559441	-0.743639	-0.870099	-0.897739	-0.778016	-0.513013	-0.119149	0.372268	0.891057	1.39914	1.87063	2.2733	2.60526	2.84758	2.97672	2.97672	
