-0.788979	-0.753005	-0.694919	-0.613612	-0.511437	-0.411594	-0.308469	-0.197627	-0.0832947	0.0244283	0.112775	0.19959	0.291929	0.382943	0.461161	0.51549	0.530664	0.496949	0.421331	0.336936	0.274034	0.254133	0.254575	0.260103	0.275439	0.292331	0.305871	0.311674	0.309432	0.316605	0.330721	0.329103	0.312883	0.27893	0.223717	0.140124	0.0410346	-0.0542731	-0.153099	-0.268476	-0.39784	-0.519754	-0.630105	-0.74246	-0.852478	-0.948539	-1.01582	-1.04095	-1.04612	-1.04612	
-0.753005	-0.719534	-0.664667	-0.578341	-0.463265	-0.340005	-0.212982	-0.0805295	0.0572875	0.183034	0.279981	0.362265	0.433588	0.498001	0.546725	0.571941	0.563864	0.509318	0.421307	0.327874	0.265583	0.242469	0.240693	0.259232	0.283612	0.299267	0.301577	0.29379	0.279532	0.271771	0.269866	0.258448	0.239002	0.205027	0.15988	0.0929772	0.0134869	-0.0549228	-0.130765	-0.235136	-0.366325	-0.504894	-0.644092	-0.783554	-0.909503	-1.00992	-1.07655	-1.1097	-1.1215	-1.1215	
-0.694919	-0.664667	-0.610435	-0.523516	-0.40386	-0.266971	-0.119383	0.0336556	0.18819	0.321308	0.419032	0.487342	0.529603	0.566399	0.588798	0.586754	0.55411	0.481329	0.382039	0.287093	0.225941	0.194648	0.191813	0.220081	0.251261	0.264526	0.255985	0.238124	0.214261	0.191333	0.175319	0.156065	0.133639	0.103723	0.0679654	0.023853	-0.0257351	-0.0632619	-0.109853	-0.19414	-0.309856	-0.450983	-0.606372	-0.759498	-0.891887	-0.983461	-1.04314	-1.08341	-1.10081	-1.10081	
-0.613612	-0.578341	-0.523516	-0.446473	-0.332847	-0.191024	-0.0340611	0.132944	0.292884	0.428516	0.52091	0.567352	0.585272	0.592581	0.58533	0.5531	0.494907	0.409345	0.305211	0.212093	0.145942	0.112464	0.115231	0.147057	0.180404	0.189627	0.169441	0.143411	0.114482	0.0816947	0.0549726	0.0327685	0.00671907	-0.0232864	-0.0456711	-0.0671904	-0.078836	-0.0807075	-0.0958124	-0.147915	-0.239677	-0.36545	-0.518398	-0.670763	-0.795288	-0.876149	-0.931821	-0.977383	-1.0021	-1.0021	
-0.511437	-0.463265	-0.40386	-0.332847	-0.236026	-0.104184	0.0446163	0.210883	0.369834	0.501784	0.586572	0.613529	0.6073	0.584597	0.544403	0.480765	0.396286	0.300055	0.195287	0.103036	0.0402787	0.0163204	0.0243144	0.0520957	0.0823235	0.0804828	0.0535368	0.0232508	-0.0148438	-0.0559505	-0.0899197	-0.11565	-0.144494	-0.165392	-0.170261	-0.162872	-0.132241	-0.100643	-0.0818683	-0.100177	-0.164284	-0.263307	-0.396952	-0.535203	-0.642761	-0.714219	-0.771081	-0.814279	-0.844864	-0.844864	
-0.411594	-0.340005	-0.266971	-0.191024	-0.104184	0.00339242	0.139492	0.295082	0.44222	0.556927	0.620258	0.62845	0.59782	0.541279	0.467506	0.376571	0.271786	0.168417	0.0639717	-0.0241694	-0.0755181	-0.0861536	-0.0751407	-0.051984	-0.0342117	-0.0476264	-0.0732831	-0.109381	-0.151346	-0.194525	-0.232752	-0.265151	-0.292139	-0.303948	-0.288672	-0.246095	-0.185923	-0.122021	-0.0789005	-0.071384	-0.103618	-0.170162	-0.265326	-0.370668	-0.457241	-0.523195	-0.583005	-0.631466	-0.661901	-0.661901	
-0.308469	-0.212982	-0.119383	-0.0340611	0.0446163	0.139492	0.26226	0.399004	0.520954	0.607092	0.640471	0.622033	0.555792	0.460224	0.355502	0.245375	0.134579	0.0274423	-0.0712917	-0.148218	-0.185327	-0.194497	-0.181141	-0.164986	-0.157822	-0.170096	-0.192852	-0.226145	-0.267138	-0.308528	-0.349242	-0.383081	-0.409585	-0.41283	-0.378171	-0.31218	-0.232931	-0.149056	-0.0880946	-0.060261	-0.0605324	-0.0894483	-0.142323	-0.209842	-0.276652	-0.341902	-0.405606	-0.458201	-0.487697	-0.487697	
-0.197627	-0.0805295	0.0336556	0.132944	0.210883	0.295082	0.399004	0.509438	0.603626	0.654149	0.651592	0.58908	0.478572	0.343545	0.219062	0.102583	-0.0096786	-0.113655	-0.200808	-0.263431	-0.29209	-0.299101	-0.28622	-0.271769	-0.268184	-0.27663	-0.294819	-0.317165	-0.347093	-0.381882	-0.415843	-0.446489	-0.473132	-0.466347	-0.419432	-0.342853	-0.253704	-0.168676	-0.102371	-0.0613652	-0.0362774	-0.0299694	-0.0421284	-0.0748836	-0.127714	-0.193299	-0.266592	-0.329493	-0.362074	-0.362074	
-0.0832947	0.0572875	0.18819	0.292884	0.369834	0.44222	0.520954	0.603626	0.666171	0.674736	0.625771	0.516438	0.367206	0.206517	0.0673958	-0.049517	-0.156714	-0.249537	-0.317413	-0.357997	-0.378108	-0.38476	-0.371235	-0.349629	-0.345464	-0.350958	-0.360883	-0.372347	-0.389728	-0.412221	-0.430995	-0.451386	-0.469558	-0.455235	-0.405865	-0.332628	-0.247743	-0.176698	-0.114895	-0.0674512	-0.0289771	0.00332584	0.0157913	0.00526107	-0.0331252	-0.0951546	-0.171994	-0.236815	-0.275109	-0.275109	
0.0244283	0.183034	0.321308	0.428516	0.501784	0.556927	0.607092	0.654149	0.674736	0.64328	0.553827	0.412133	0.238031	0.0694283	-0.0740829	-0.195351	-0.295728	-0.372146	-0.421072	-0.441188	-0.449823	-0.444837	-0.418719	-0.3878	-0.37262	-0.375612	-0.380763	-0.385306	-0.394819	-0.406521	-0.411909	-0.418087	-0.420508	-0.400851	-0.353904	-0.287659	-0.222086	-0.168421	-0.119763	-0.0784125	-0.0344811	0.00649533	0.0305283	0.0364562	0.0128754	-0.0376883	-0.107441	-0.171218	-0.210778	-0.210778	
0.112775	0.279981	0.419032	0.52091	0.586572	0.620258	0.640471	0.651592	0.625771	0.553827	0.432725	0.273448	0.098576	-0.0697623	-0.215477	-0.332298	-0.42133	-0.486221	-0.515588	-0.512825	-0.502133	-0.478519	-0.43503	-0.389409	-0.36316	-0.359492	-0.359758	-0.362164	-0.369129	-0.372789	-0.367241	-0.358506	-0.34445	-0.321408	-0.281771	-0.235366	-0.190417	-0.15115	-0.11982	-0.0823577	-0.0444766	-0.00872657	0.0181964	0.0316398	0.0240047	-0.0101003	-0.0612786	-0.116561	-0.148302	-0.148302	
0.19959	0.362265	0.487342	0.567352	0.613529	0.62845	0.622033	0.58908	0.516438	0.412133	0.273448	0.114521	-0.0535676	-0.216659	-0.355887	-0.465362	-0.54371	-0.592326	-0.60276	-0.576457	-0.541747	-0.495247	-0.435129	-0.379635	-0.336409	-0.323238	-0.320745	-0.318164	-0.327307	-0.326274	-0.314257	-0.293258	-0.261009	-0.232717	-0.203271	-0.174738	-0.147842	-0.120042	-0.096983	-0.0722877	-0.0458883	-0.0223104	-0.00213129	0.0131043	0.0159159	-0.00299322	-0.0379855	-0.0735899	-0.0962633	-0.0962633	
0.291929	0.433588	0.529603	0.585272	0.6073	0.59782	0.555792	0.478572	0.367206	0.238031	0.098576	-0.0535676	-0.220112	-0.374846	-0.501481	-0.59377	-0.659691	-0.690927	-0.673133	-0.624329	-0.563961	-0.499943	-0.433403	-0.366162	-0.317454	-0.292992	-0.282161	-0.278163	-0.284115	-0.280535	-0.262965	-0.227842	-0.177022	-0.138039	-0.115896	-0.104142	-0.0898701	-0.0745895	-0.0624227	-0.0564012	-0.0462465	-0.0375344	-0.0264832	-0.0100111	-0.00441501	-0.00793754	-0.0251402	-0.0397943	-0.0471234	-0.0471234	
0.382943	0.498001	0.566399	0.592581	0.584597	0.541279	0.460224	0.343545	0.206517	0.0694283	-0.0697623	-0.216659	-0.374846	-0.512989	-0.627049	-0.703098	-0.746824	-0.755382	-0.714336	-0.644649	-0.567364	-0.496027	-0.426819	-0.352596	-0.305518	-0.275387	-0.25748	-0.253163	-0.253087	-0.248673	-0.22281	-0.172836	-0.105709	-0.0547348	-0.0330326	-0.0302996	-0.0252002	-0.020795	-0.0252533	-0.0388118	-0.04784	-0.0528918	-0.0525987	-0.0416765	-0.0324088	-0.0225142	-0.0173438	-0.00576011	0.00340391	0.00340391	
0.461161	0.546725	0.588798	0.58533	0.544403	0.467506	0.355502	0.219062	0.0673958	-0.0740829	-0.215477	-0.355887	-0.501481	-0.627049	-0.715068	-0.768622	-0.789752	-0.773568	-0.713222	-0.63054	-0.552654	-0.480084	-0.408817	-0.346604	-0.303369	-0.271895	-0.251394	-0.238026	-0.231318	-0.219082	-0.1849	-0.123443	-0.0469241	0.00909034	0.0363027	0.0357654	0.0328798	0.0238015	-0.00084652	-0.0293615	-0.0524529	-0.0653483	-0.0727709	-0.0696567	-0.0579815	-0.0384322	-0.0135329	0.0166343	0.0386559	0.0386559	
0.51549	0.571941	0.586754	0.5531	0.480765	0.376571	0.245375	0.102583	-0.049517	-0.195351	-0.332298	-0.465362	-0.59377	-0.703098	-0.768622	-0.79403	-0.783743	-0.739277	-0.671826	-0.588404	-0.515953	-0.452512	-0.392696	-0.343839	-0.308253	-0.281373	-0.253712	-0.226192	-0.209999	-0.186056	-0.140506	-0.0768171	-0.00283123	0.0552268	0.0862788	0.0887153	0.0807552	0.0560411	0.0176073	-0.0187136	-0.0477136	-0.0633454	-0.078384	-0.0845626	-0.0771266	-0.0573457	-0.0244329	0.0106752	0.0372878	0.0372878	
0.530664	0.563864	0.55411	0.494907	0.396286	0.271786	0.134579	-0.0096786	-0.156714	-0.295728	-0.42133	-0.54371	-0.659691	-0.746824	-0.789752	-0.783743	-0.740173	-0.671166	-0.593944	-0.513355	-0.451072	-0.405609	-0.369684	-0.343078	-0.324829	-0.304862	-0.271986	-0.233197	-0.19572	-0.153496	-0.0955023	-0.0298174	0.0338633	0.0843527	0.114131	0.12189	0.109645	0.0792765	0.0410756	0.00393485	-0.0242743	-0.0448162	-0.0697785	-0.0868441	-0.0904815	-0.0779622	-0.0473691	-0.0142695	0.0117289	0.0117289	
0.496949	0.509318	0.481329	0.409345	0.300055	0.168417	0.0274423	-0.113655	-0.249537	-0.372146	-0.486221	-0.592326	-0.690927	-0.755382	-0.773568	-0.739277	-0.671166	-0.587921	-0.499204	-0.418748	-0.362322	-0.337496	-0.330127	-0.337206	-0.343595	-0.338019	-0.307375	-0.254299	-0.194064	-0.131312	-0.0619185	0.00432812	0.0544383	0.0939184	0.116076	0.124849	0.110398	0.0796909	0.0470249	0.0127391	-0.0104272	-0.0303282	-0.0494453	-0.0652072	-0.0745826	-0.0702476	-0.0515088	-0.0244438	-0.0036022	-0.0036022	
0.421331	0.421307	0.382039	0.305211	0.195287	0.0639717	-0.0712917	-0.200808	-0.317413	-0.421072	-0.515588	-0.60276	-0.673133	-0.714336	-0.713222	-0.671826	-0.593944	-0.499204	-0.400678	-0.323326	-0.275209	-0.269896	-0.294858	-0.322301	-0.347012	-0.353071	-0.329157	-0.273081	-0.203642	-0.132007	-0.0557598	0.0098713	0.0499381	0.0715681	0.0795105	0.0789025	0.0657734	0.0448601	0.0217505	-5.25103e-05	-0.016852	-0.0256374	-0.0266912	-0.0279208	-0.0300419	-0.0277845	-0.00857119	0.0179269	0.0416415	0.0416415	
0.336936	0.327874	0.287093	0.212093	0.103036	-0.0241694	-0.148218	-0.263431	-0.357997	-0.441188	-0.512825	-0.576457	-0.624329	-0.644649	-0.63054	-0.588404	-0.513355	-0.418748	-0.323326	-0.25184	-0.21345	-0.223511	-0.265636	-0.308052	-0.343724	-0.354318	-0.33574	-0.283387	-0.21384	-0.144099	-0.0733711	-0.0149098	0.013901	0.0180105	0.00910235	0.00527125	-0.000347371	-0.00818263	-0.0163539	-0.0307001	-0.0376963	-0.0278315	-0.00384053	0.0207152	0.0347663	0.0443967	0.0697563	0.103295	0.131499	0.131499	
0.274034	0.265583	0.225941	0.145942	0.0402787	-0.0755181	-0.185327	-0.29209	-0.378108	-0.449823	-0.502133	-0.541747	-0.563961	-0.567364	-0.552654	-0.515953	-0.451072	-0.362322	-0.275209	-0.21345	-0.187384	-0.209889	-0.262578	-0.307518	-0.342211	-0.347474	-0.329155	-0.285956	-0.220843	-0.162469	-0.10109	-0.0514431	-0.0341916	-0.0407983	-0.0611513	-0.0677197	-0.0625027	-0.0560269	-0.0530905	-0.0552813	-0.0494348	-0.0202167	0.0276352	0.0721522	0.100581	0.118486	0.150138	0.189523	0.221381	0.221381	
0.254133	0.242469	0.194648	0.112464	0.0163204	-0.0861536	-0.194497	-0.299101	-0.38476	-0.444837	-0.478519	-0.495247	-0.499943	-0.496027	-0.480084	-0.452512	-0.405609	-0.337496	-0.269896	-0.223511	-0.209889	-0.235522	-0.280183	-0.314852	-0.331504	-0.325352	-0.305927	-0.270582	-0.220274	-0.175069	-0.131758	-0.0953213	-0.0851304	-0.0961182	-0.116578	-0.124552	-0.110469	-0.0935548	-0.0812863	-0.0677941	-0.0468545	0.00105349	0.0627305	0.117384	0.156221	0.179801	0.217001	0.259539	0.292098	0.292098	
0.254575	0.240693	0.191813	0.115231	0.0243144	-0.0751407	-0.181141	-0.28622	-0.371235	-0.418719	-0.43503	-0.435129	-0.433403	-0.426819	-0.408817	-0.392696	-0.369684	-0.330127	-0.294858	-0.265636	-0.262578	-0.280183	-0.299538	-0.314965	-0.308193	-0.292832	-0.272258	-0.241052	-0.207222	-0.177482	-0.157099	-0.144032	-0.139364	-0.148363	-0.165279	-0.167307	-0.1512	-0.128911	-0.109044	-0.0872335	-0.049158	0.0105353	0.0823296	0.150249	0.20067	0.23985	0.285679	0.330772	0.364712	0.364712	
0.260103	0.259232	0.220081	0.147057	0.0520957	-0.051984	-0.164986	-0.271769	-0.349629	-0.3878	-0.389409	-0.379635	-0.366162	-0.352596	-0.346604	-0.343839	-0.343078	-0.337206	-0.322301	-0.308052	-0.307518	-0.314852	-0.314965	-0.30304	-0.284636	-0.259439	-0.233019	-0.209968	-0.19021	-0.183212	-0.187325	-0.192546	-0.192433	-0.192658	-0.20262	-0.203668	-0.185614	-0.162732	-0.13725	-0.105787	-0.0585343	0.0102109	0.0879791	0.166483	0.235407	0.293363	0.353172	0.408228	0.444295	0.444295	
0.275439	0.283612	0.251261	0.180404	0.0823235	-0.0342117	-0.157822	-0.268184	-0.345464	-0.37262	-0.36316	-0.336409	-0.317454	-0.305518	-0.303369	-0.308253	-0.324829	-0.343595	-0.347012	-0.343724	-0.342211	-0.331504	-0.308193	-0.284636	-0.260232	-0.236713	-0.210038	-0.187782	-0.178371	-0.183544	-0.204257	-0.222988	-0.228357	-0.231056	-0.239374	-0.238823	-0.220589	-0.18936	-0.156398	-0.117049	-0.0586636	0.0134678	0.0996205	0.189573	0.270955	0.342298	0.405672	0.461833	0.496231	0.496231	
0.292331	0.299267	0.264526	0.189627	0.0804828	-0.0476264	-0.170096	-0.27663	-0.350958	-0.375612	-0.359492	-0.323238	-0.292992	-0.275387	-0.271895	-0.281373	-0.304862	-0.338019	-0.353071	-0.354318	-0.347474	-0.325352	-0.292832	-0.259439	-0.236713	-0.212656	-0.184053	-0.163803	-0.165223	-0.180613	-0.210711	-0.242554	-0.258435	-0.275234	-0.290207	-0.290912	-0.267524	-0.22376	-0.176211	-0.120089	-0.0485883	0.0318665	0.126549	0.22589	0.314605	0.389155	0.448091	0.497041	0.525825	0.525825	
0.305871	0.301577	0.255985	0.169441	0.0535368	-0.0732831	-0.192852	-0.294819	-0.360883	-0.380763	-0.359758	-0.320745	-0.282161	-0.25748	-0.251394	-0.253712	-0.271986	-0.307375	-0.329157	-0.33574	-0.329155	-0.305927	-0.272258	-0.233019	-0.210038	-0.184053	-0.154016	-0.141281	-0.151132	-0.177985	-0.217601	-0.262371	-0.298596	-0.332485	-0.355623	-0.355955	-0.323515	-0.268953	-0.206051	-0.128416	-0.0432564	0.0514986	0.158361	0.269302	0.370116	0.444884	0.498365	0.534828	0.554288	0.554288	
0.311674	0.29379	0.238124	0.143411	0.0232508	-0.109381	-0.226145	-0.317165	-0.372347	-0.385306	-0.362164	-0.318164	-0.278163	-0.253163	-0.238026	-0.226192	-0.233197	-0.254299	-0.273081	-0.283387	-0.285956	-0.270582	-0.241052	-0.209968	-0.187782	-0.163803	-0.141281	-0.137527	-0.153614	-0.188107	-0.237323	-0.293155	-0.346459	-0.394432	-0.419714	-0.413499	-0.374674	-0.308887	-0.228492	-0.131041	-0.0287632	0.0739324	0.187873	0.307605	0.417884	0.498495	0.547942	0.57583	0.5852	0.5852	
0.309432	0.279532	0.214261	0.114482	-0.0148438	-0.151346	-0.267138	-0.347093	-0.389728	-0.394819	-0.369129	-0.327307	-0.284115	-0.253087	-0.231318	-0.209999	-0.19572	-0.194064	-0.203642	-0.21384	-0.220843	-0.220274	-0.207222	-0.19021	-0.178371	-0.165223	-0.151132	-0.153614	-0.176142	-0.215126	-0.270804	-0.332352	-0.390702	-0.435158	-0.453536	-0.441991	-0.398024	-0.329835	-0.235941	-0.118092	-0.00235685	0.105693	0.219833	0.340706	0.453109	0.53478	0.578441	0.593787	0.593051	0.593051	
0.316605	0.271771	0.191333	0.0816947	-0.0559505	-0.194525	-0.308528	-0.381882	-0.412221	-0.406521	-0.372789	-0.326274	-0.280535	-0.248673	-0.219082	-0.186056	-0.153496	-0.131312	-0.132007	-0.144099	-0.162469	-0.175069	-0.177482	-0.183212	-0.183544	-0.180613	-0.177985	-0.188107	-0.215126	-0.261183	-0.321327	-0.379875	-0.426742	-0.451747	-0.452764	-0.428235	-0.381609	-0.3104	-0.206417	-0.0764624	0.0459324	0.15113	0.254007	0.363065	0.465256	0.536696	0.571304	0.571775	0.562281	0.562281	
0.330721	0.269866	0.175319	0.0549726	-0.0899197	-0.232752	-0.349242	-0.415843	-0.430995	-0.411909	-0.367241	-0.314257	-0.262965	-0.22281	-0.1849	-0.140506	-0.0955023	-0.0619185	-0.0557598	-0.0733711	-0.10109	-0.131758	-0.157099	-0.187325	-0.204257	-0.210711	-0.217601	-0.237323	-0.270804	-0.321327	-0.381639	-0.42779	-0.452161	-0.447284	-0.424724	-0.380586	-0.324313	-0.247146	-0.133551	-0.00345706	0.113526	0.202896	0.281133	0.361782	0.441091	0.497915	0.522103	0.520941	0.506398	0.506398	
0.329103	0.258448	0.156065	0.0327685	-0.11565	-0.265151	-0.383081	-0.446489	-0.451386	-0.418087	-0.358506	-0.293258	-0.227842	-0.172836	-0.123443	-0.0768171	-0.0298174	0.00432812	0.0098713	-0.0149098	-0.0514431	-0.0953213	-0.144032	-0.192546	-0.222988	-0.242554	-0.262371	-0.293155	-0.332352	-0.379875	-0.42779	-0.452924	-0.450541	-0.415197	-0.365264	-0.30443	-0.236899	-0.153024	-0.0452139	0.0732796	0.174625	0.240297	0.293417	0.343906	0.392208	0.432472	0.449273	0.444401	0.433074	0.433074	
0.312883	0.239002	0.133639	0.00671907	-0.144494	-0.292139	-0.409585	-0.473132	-0.469558	-0.420508	-0.34445	-0.261009	-0.177022	-0.105709	-0.0469241	-0.00283123	0.0338633	0.0544383	0.0499381	0.013901	-0.0341916	-0.0851304	-0.139364	-0.192433	-0.228357	-0.258435	-0.298596	-0.346459	-0.390702	-0.426742	-0.452161	-0.450541	-0.416332	-0.355002	-0.282903	-0.20576	-0.131401	-0.0471542	0.0508302	0.146424	0.221042	0.264069	0.287856	0.305214	0.326612	0.348364	0.360635	0.359999	0.352283	0.352283	
0.27893	0.205027	0.103723	-0.0232864	-0.165392	-0.303948	-0.41283	-0.466347	-0.455235	-0.400851	-0.321408	-0.232717	-0.138039	-0.0547348	0.00909034	0.0552268	0.0843527	0.0939184	0.0715681	0.0180105	-0.0407983	-0.0961182	-0.148363	-0.192658	-0.231056	-0.275234	-0.332485	-0.394432	-0.435158	-0.451747	-0.447284	-0.415197	-0.355002	-0.271765	-0.182026	-0.0980545	-0.0210764	0.0584459	0.136669	0.204547	0.247388	0.264866	0.265335	0.255745	0.256878	0.266359	0.274441	0.277353	0.272171	0.272171	
0.223717	0.15988	0.0679654	-0.0456711	-0.170261	-0.288672	-0.378171	-0.419432	-0.405865	-0.353904	-0.281771	-0.203271	-0.115896	-0.0330326	0.0363027	0.0862788	0.114131	0.116076	0.0795105	0.00910235	-0.0611513	-0.116578	-0.165279	-0.20262	-0.239374	-0.290207	-0.355623	-0.419714	-0.453536	-0.452764	-0.424724	-0.365264	-0.282903	-0.182026	-0.0775032	0.00679653	0.0797973	0.148755	0.206055	0.244052	0.25919	0.254556	0.237379	0.213	0.196348	0.195671	0.195247	0.191456	0.185895	0.185895	
0.140124	0.0929772	0.023853	-0.0671904	-0.162872	-0.246095	-0.31218	-0.342853	-0.332628	-0.287659	-0.235366	-0.174738	-0.104142	-0.0302996	0.0357654	0.0887153	0.12189	0.124849	0.0789025	0.00527125	-0.0677197	-0.124552	-0.167307	-0.203668	-0.238823	-0.290912	-0.355955	-0.413499	-0.441991	-0.428235	-0.380586	-0.30443	-0.20576	-0.0980545	0.00679653	0.0850317	0.148416	0.205614	0.248416	0.265744	0.25697	0.238586	0.208704	0.173089	0.147073	0.134149	0.123813	0.113325	0.103852	0.103852	
0.0410346	0.0134869	-0.0257351	-0.078836	-0.132241	-0.185923	-0.232931	-0.253704	-0.247743	-0.222086	-0.190417	-0.147842	-0.0898701	-0.0252002	0.0328798	0.0807552	0.109645	0.110398	0.0657734	-0.000347371	-0.0625027	-0.110469	-0.1512	-0.185614	-0.220589	-0.267524	-0.323515	-0.374674	-0.398024	-0.381609	-0.324313	-0.236899	-0.131401	-0.0210764	0.0797973	0.148416	0.197946	0.238678	0.263355	0.261121	0.236233	0.210277	0.178219	0.140539	0.107117	0.0806025	0.0558679	0.0341295	0.0193267	0.0193267	
-0.0542731	-0.0549228	-0.0632619	-0.0807075	-0.100643	-0.122021	-0.149056	-0.168676	-0.176698	-0.168421	-0.15115	-0.120042	-0.0745895	-0.020795	0.0238015	0.0560411	0.0792765	0.0796909	0.0448601	-0.00818263	-0.0560269	-0.0935548	-0.128911	-0.162732	-0.18936	-0.22376	-0.268953	-0.308887	-0.329835	-0.3104	-0.247146	-0.153024	-0.0471542	0.0584459	0.148755	0.205614	0.238678	0.259662	0.267611	0.246103	0.211552	0.177506	0.141492	0.101985	0.0552984	0.0164448	-0.0189037	-0.0474023	-0.061089	-0.061089	
-0.153099	-0.130765	-0.109853	-0.0958124	-0.0818683	-0.0789005	-0.0880946	-0.102371	-0.114895	-0.119763	-0.11982	-0.096983	-0.0624227	-0.0252533	-0.00084652	0.0176073	0.0410756	0.0470249	0.0217505	-0.0163539	-0.0530905	-0.0812863	-0.109044	-0.13725	-0.156398	-0.176211	-0.206051	-0.228492	-0.235941	-0.206417	-0.133551	-0.0452139	0.0508302	0.136669	0.206055	0.248416	0.263355	0.267611	0.258882	0.227401	0.184907	0.145808	0.105184	0.0575435	9.68311e-05	-0.0544477	-0.0972429	-0.126302	-0.1377	-0.1377	
-0.268476	-0.235136	-0.19414	-0.147915	-0.100177	-0.071384	-0.060261	-0.0613652	-0.0674512	-0.0784125	-0.0823577	-0.0722877	-0.0564012	-0.0388118	-0.0293615	-0.0187136	0.00393485	0.0127391	-5.25103e-05	-0.0307001	-0.0552813	-0.0677941	-0.0872335	-0.105787	-0.117049	-0.120089	-0.128416	-0.131041	-0.118092	-0.0764624	-0.00345706	0.0732796	0.146424	0.204547	0.244052	0.265744	0.261121	0.246103	0.227401	0.191835	0.150421	0.110875	0.0676132	0.0150556	-0.0503484	-0.113803	-0.159507	-0.184729	-0.191857	-0.191857	
-0.39784	-0.366325	-0.309856	-0.239677	-0.164284	-0.103618	-0.0605324	-0.0362774	-0.0289771	-0.0344811	-0.0444766	-0.0458883	-0.0462465	-0.04784	-0.0524529	-0.0477136	-0.0242743	-0.0104272	-0.016852	-0.0376963	-0.0494348	-0.0468545	-0.049158	-0.0585343	-0.0586636	-0.0485883	-0.0432564	-0.0287632	-0.00235685	0.0459324	0.113526	0.174625	0.221042	0.247388	0.25919	0.25697	0.236233	0.211552	0.184907	0.150421	0.112436	0.067705	0.0207829	-0.032178	-0.098579	-0.157995	-0.195612	-0.212824	-0.212094	-0.212094	
-0.519754	-0.504894	-0.450983	-0.36545	-0.263307	-0.170162	-0.0894483	-0.0299694	0.00332584	0.00649533	-0.00872657	-0.0223104	-0.0375344	-0.0528918	-0.0653483	-0.0633454	-0.0448162	-0.0303282	-0.0256374	-0.0278315	-0.0202167	0.00105349	0.0105353	0.0102109	0.0134678	0.0318665	0.0514986	0.0739324	0.105693	0.15113	0.202896	0.240297	0.264069	0.264866	0.254556	0.238586	0.210277	0.177506	0.145808	0.110875	0.067705	0.0188862	-0.0316785	-0.083601	-0.139393	-0.188414	-0.216925	-0.223706	-0.220486	-0.220486	
-0.630105	-0.644092	-0.606372	-0.518398	-0.396952	-0.265326	-0.142323	-0.0421284	0.0157913	0.0305283	0.0181964	-0.00213129	-0.0264832	-0.0525987	-0.0727709	-0.078384	-0.0697785	-0.0494453	-0.0266912	-0.00384053	0.0276352	0.0627305	0.0823296	0.0879791	0.0996205	0.126549	0.158361	0.187873	0.219833	0.254007	0.281133	0.293417	0.287856	0.265335	0.237379	0.208704	0.178219	0.141492	0.105184	0.0676132	0.0207829	-0.0316785	-0.0833799	-0.12994	-0.173841	-0.210482	-0.231396	-0.233601	-0.23087	-0.23087	
-0.74246	-0.783554	-0.759498	-0.670763	-0.535203	-0.370668	-0.209842	-0.0748836	0.00526107	0.0364562	0.0316398	0.0131043	-0.0100111	-0.0416765	-0.0696567	-0.0845626	-0.0868441	-0.0652072	-0.0279208	0.0207152	0.0721522	0.117384	0.150249	0.166483	0.189573	0.22589	0.269302	0.307605	0.340706	0.363065	0.361782	0.343906	0.305214	0.255745	0.213	0.173089	0.140539	0.101985	0.0575435	0.0150556	-0.032178	-0.083601	-0.12994	-0.165782	-0.198155	-0.222843	-0.238731	-0.243641	-0.243237	-0.243237	
-0.852478	-0.909503	-0.891887	-0.795288	-0.642761	-0.457241	-0.276652	-0.127714	-0.0331252	0.0128754	0.0240047	0.0159159	-0.00441501	-0.0324088	-0.0579815	-0.0771266	-0.0904815	-0.0745826	-0.0300419	0.0347663	0.100581	0.156221	0.20067	0.235407	0.270955	0.314605	0.370116	0.417884	0.453109	0.465256	0.441091	0.392208	0.326612	0.256878	0.196348	0.147073	0.107117	0.0552984	9.68311e-05	-0.0503484	-0.098579	-0.139393	-0.173841	-0.198155	-0.213776	-0.225033	-0.23602	-0.238308	-0.242092	-0.242092	
-0.948539	-1.00992	-0.983461	-0.876149	-0.714219	-0.523195	-0.341902	-0.193299	-0.0951546	-0.0376883	-0.0101003	-0.00299322	-0.00793754	-0.0225142	-0.0384322	-0.0573457	-0.0779622	-0.0702476	-0.0277845	0.0443967	0.118486	0.179801	0.23985	0.293363	0.342298	0.389155	0.444884	0.498495	0.53478	0.536696	0.497915	0.432472	0.348364	0.266359	0.195671	0.134149	0.0806025	0.0164448	-0.0544477	-0.113803	-0.157995	-0.188414	-0.210482	-0.222843	-0.225033	-0.224856	-0.227036	-0.229397	-0.234144	-0.234144	
-1.01582	-1.07655	-1.04314	-0.931821	-0.771081	-0.583005	-0.405606	-0.266592	-0.171994	-0.107441	-0.0612786	-0.0379855	-0.0251402	-0.0173438	-0.0135329	-0.0244329	-0.0473691	-0.0515088	-0.00857119	0.0697563	0.150138	0.217001	0.285679	0.353172	0.405672	0.448091	0.498365	0.547942	0.578441	0.571304	0.522103	0.449273	0.360635	0.274441	0.195247	0.123813	0.0558679	-0.0189037	-0.0972429	-0.159507	-0.195612	-0.216925	-0.231396	-0.238731	-0.23602	-0.227036	-0.220601	-0.223576	-0.225899	-0.225899	
-1.04095	-1.1097	-1.08341	-0.977383	-0.814279	-0.631466	-0.458201	-0.329493	-0.236815	-0.171218	-0.116561	-0.0735899	-0.0397943	-0.00576011	0.0166343	0.0106752	-0.0142695	-0.0244438	0.0179269	0.103295	0.189523	0.259539	0.330772	0.408228	0.461833	0.497041	0.534828	0.57583	0.593787	0.571775	0.520941	0.444401	0.359999	0.277353	0.191456	0.113325	0.0341295	-0.0474023	-0.126302	-0.184729	-0.212824	-0.223706	-0.233601	-0.243641	-0.238308	-0.229397	-0.223576	-0.225821	-0.232596	-0.232596	
-1.04612	-1.1215	-1.10081	-1.0021	-0.844864	-0.661901	-0.487697	-0.362074	-0.275109	-0.210778	-0.148302	-0.0962633	-0.0471234	0.00340391	0.0386559	0.0372878	0.0117289	-0.0036022	0.0416415	0.131499	0.221381	0.292098	0.364712	0.444295	0.496231	0.525825	0.554288	0.5852	0.593051	0.562281	0.506398	0.433074	0.352283	0.272171	0.185895	0.103852	0.0193267	-0.061089	-0.1377	-0.191857	-0.212094	-0.220486	-0.23087	-0.243237	-0.242092	-0.234144	-0.225899	-0.232596	-0.237525	-0.237525	
-1.04612	-1.1215	-1.10081	-1.0021	-0.844864	-0.661901	-0.487697	-0.362074	-0.275109	-0.210778	-0.148302	-0.0962633	-0.0471234	0.00340391	0.0386559	0.0372878	0.0117289	-0.0036022	0.0416415	0.131499	0.221381	0.292098	0.364712	0.444295	0.496231	0.525825	0.554288	0.5852	0.593051	0.562281	0.506398	0.433074	0.352283	0.272171	0.185895	0.103852	0.0193267	-0.061089	-0.1377	-0.191857	-0.212094	-0.220486	-0.23087	-0.243237	-0.242092	-0.234144	-0.225899	-0.232596	-0.237525	-0.237525	
