1.72926	1.72926	1.64619	1.47119	1.21593	0.895593	0.556627	0.24861	0.00400682	-0.159788	-0.267752	-0.371084	-0.476528	-0.601974	-0.748956	-0.89472	-1.00518	-1.0721	-1.0923	-1.0727	-1.03267	-0.956494	-0.80944	-0.621641	-0.42879	-0.229968	-0.0534021	0.091076	0.200457	0.252619	0.215521	0.105705	-0.0477479	-0.201851	-0.325558	-0.404294	-0.435823	-0.437339	-0.425989	-0.397333	-0.38498	-0.420527	-0.510204	-0.633485	-0.752924	-0.83832	-0.88908	-0.909641	-0.896543	-0.81833	
1.72926	1.72926	1.64619	1.47119	1.21593	0.895593	0.556627	0.24861	0.00400682	-0.159788	-0.267752	-0.371084	-0.476528	-0.601974	-0.748956	-0.89472	-1.00518	-1.0721	-1.0923	-1.0727	-1.03267	-0.956494	-0.80944	-0.621641	-0.42879	-0.229968	-0.0534021	0.091076	0.200457	0.252619	0.215521	0.105705	-0.0477479	-0.201851	-0.325558	-0.404294	-0.435823	-0.437339	-0.425989	-0.397333	-0.38498	-0.420527	-0.510204	-0.633485	-0.752924	-0.83832	-0.88908	-0.909641	-0.896543	-0.81833	
1.64619	1.64619	1.56227	1.3908	1.14597	0.843491	0.519779	0.228975	0.00390874	-0.147583	-0.247545	-0.332007	-0.428254	-0.550341	-0.687958	-0.828747	-0.940594	-1.00271	-1.02431	-1.01591	-0.976444	-0.900349	-0.766288	-0.594009	-0.407658	-0.228536	-0.0769398	0.0493149	0.14151	0.174658	0.133187	0.0282258	-0.116825	-0.258143	-0.363823	-0.426307	-0.44908	-0.439843	-0.404366	-0.364695	-0.345675	-0.373423	-0.456188	-0.57724	-0.696638	-0.791244	-0.851317	-0.873748	-0.861756	-0.791389	
1.47119	1.47119	1.3908	1.2281	1.00409	0.735272	0.44782	0.196792	0.00555877	-0.121124	-0.201144	-0.266667	-0.354621	-0.464127	-0.585504	-0.711074	-0.8173	-0.872342	-0.895487	-0.900827	-0.878924	-0.814858	-0.703257	-0.549777	-0.382456	-0.233008	-0.112354	-0.019705	0.0356947	0.04721	-0.000801151	-0.102397	-0.226236	-0.338942	-0.418119	-0.456725	-0.461727	-0.431036	-0.370054	-0.303933	-0.264988	-0.277778	-0.352072	-0.468366	-0.592675	-0.702228	-0.781874	-0.815592	-0.804271	-0.740104	
1.21593	1.21593	1.14597	1.00409	0.816217	0.599705	0.368863	0.17091	0.0191968	-0.077256	-0.136817	-0.19005	-0.266092	-0.351921	-0.457024	-0.56629	-0.655525	-0.705456	-0.740979	-0.760639	-0.760693	-0.720056	-0.63507	-0.509275	-0.368905	-0.245601	-0.153433	-0.0942396	-0.07335	-0.0844787	-0.136414	-0.227703	-0.326903	-0.405601	-0.45322	-0.465924	-0.451367	-0.394557	-0.304857	-0.212728	-0.156198	-0.157623	-0.220025	-0.327798	-0.463734	-0.591109	-0.688943	-0.746816	-0.747299	-0.685845	
0.895593	0.895593	0.843491	0.735272	0.599705	0.451239	0.290108	0.149317	0.0435271	-0.0247753	-0.0682205	-0.110572	-0.172712	-0.245161	-0.331584	-0.420446	-0.486559	-0.535353	-0.584667	-0.623671	-0.64684	-0.638019	-0.575281	-0.477545	-0.365117	-0.262659	-0.193523	-0.162575	-0.164855	-0.195067	-0.248325	-0.321213	-0.396223	-0.445957	-0.459722	-0.449861	-0.413208	-0.337454	-0.227347	-0.120654	-0.0482796	-0.0432278	-0.0955684	-0.199009	-0.346994	-0.494595	-0.612019	-0.689505	-0.704089	-0.650354	
0.556627	0.556627	0.519779	0.44782	0.368863	0.290108	0.202733	0.129394	0.0759708	0.0350653	-0.00197408	-0.0423438	-0.100413	-0.169412	-0.2402	-0.302559	-0.353656	-0.39629	-0.44287	-0.495999	-0.547564	-0.559521	-0.516559	-0.443443	-0.356543	-0.26747	-0.21068	-0.200761	-0.225746	-0.263297	-0.313035	-0.369619	-0.417535	-0.436768	-0.430812	-0.406427	-0.356085	-0.267083	-0.156509	-0.0468813	0.0309962	0.0446032	-0.0113779	-0.122387	-0.275322	-0.438239	-0.576404	-0.665125	-0.68744	-0.639615	
0.24861	0.24861	0.228975	0.196792	0.17091	0.149317	0.129394	0.11455	0.105079	0.0862204	0.0528608	0.000802397	-0.061452	-0.131978	-0.192136	-0.241217	-0.277987	-0.308981	-0.350546	-0.407386	-0.455335	-0.47015	-0.443269	-0.385663	-0.316167	-0.245252	-0.201018	-0.201323	-0.237935	-0.279815	-0.320258	-0.351461	-0.36996	-0.369906	-0.350607	-0.3144	-0.258347	-0.176085	-0.0775309	0.0182807	0.0773128	0.0811019	0.018372	-0.104931	-0.266797	-0.437301	-0.586419	-0.676943	-0.699155	-0.646064	
0.00400682	0.00400682	0.00390874	0.00555877	0.0191968	0.0435271	0.0759708	0.105079	0.116493	0.107284	0.0730899	0.00516087	-0.0735521	-0.146054	-0.19954	-0.238234	-0.257969	-0.27287	-0.303681	-0.348992	-0.376956	-0.37826	-0.345527	-0.291865	-0.230267	-0.174481	-0.146075	-0.155282	-0.196781	-0.240082	-0.267147	-0.274273	-0.267159	-0.246738	-0.217207	-0.173414	-0.119173	-0.0579696	0.0121086	0.0706316	0.0946204	0.0752377	-0.00181487	-0.14011	-0.309941	-0.482068	-0.626054	-0.708508	-0.717661	-0.648961	
-0.159788	-0.159788	-0.147583	-0.121124	-0.077256	-0.0247753	0.0350653	0.0862204	0.107284	0.0956518	0.0486556	-0.0412602	-0.136514	-0.214457	-0.264474	-0.290474	-0.289674	-0.284272	-0.290855	-0.306102	-0.308119	-0.290319	-0.239084	-0.174478	-0.115905	-0.0673627	-0.0459006	-0.0600192	-0.0975468	-0.133942	-0.150173	-0.139191	-0.114715	-0.0846604	-0.0488716	-0.0100702	0.0333709	0.0685624	0.0935039	0.110422	0.100636	0.0480569	-0.0525665	-0.206014	-0.385172	-0.55818	-0.691993	-0.757074	-0.747084	-0.660329	
-0.267752	-0.267752	-0.247545	-0.201144	-0.136817	-0.0682205	-0.00197408	0.0528608	0.0730899	0.0486556	-0.029368	-0.139938	-0.249136	-0.32722	-0.370301	-0.374502	-0.354502	-0.326702	-0.307621	-0.284372	-0.256753	-0.209709	-0.13754	-0.0611833	0.0068907	0.0637614	0.0883019	0.0813234	0.0584986	0.0327279	0.0238138	0.0411476	0.0671996	0.0973685	0.130357	0.157981	0.175786	0.188006	0.175211	0.145335	0.0902873	0.000167017	-0.128625	-0.293759	-0.478523	-0.652109	-0.776065	-0.825988	-0.796165	-0.690647	
-0.371084	-0.371084	-0.332007	-0.266667	-0.19005	-0.110572	-0.0423438	0.000802397	0.00516087	-0.0412602	-0.139938	-0.263848	-0.386636	-0.471327	-0.500126	-0.481549	-0.437425	-0.384561	-0.334157	-0.277888	-0.220848	-0.150468	-0.0558268	0.0407167	0.126633	0.194928	0.231197	0.246148	0.256031	0.25338	0.251132	0.258469	0.268535	0.280456	0.302463	0.316244	0.314901	0.293401	0.247641	0.17388	0.0748696	-0.0550883	-0.215494	-0.401328	-0.596792	-0.770117	-0.887352	-0.92057	-0.865412	-0.738047	
-0.476528	-0.476528	-0.428254	-0.354621	-0.266092	-0.172712	-0.100413	-0.061452	-0.0735521	-0.136514	-0.249136	-0.386636	-0.519386	-0.60548	-0.63006	-0.594838	-0.531641	-0.449898	-0.357789	-0.269208	-0.190819	-0.0995154	0.00855761	0.120951	0.224815	0.31191	0.376239	0.422321	0.464578	0.499642	0.50784	0.493439	0.481694	0.477609	0.472193	0.462259	0.437975	0.388335	0.312065	0.201911	0.0620081	-0.108299	-0.309588	-0.523583	-0.729687	-0.899729	-1.00143	-1.02023	-0.945653	-0.7957	
-0.601974	-0.601974	-0.550341	-0.464127	-0.351921	-0.245161	-0.169412	-0.131978	-0.146054	-0.214457	-0.32722	-0.471327	-0.60548	-0.69283	-0.720663	-0.688349	-0.613166	-0.508798	-0.390496	-0.273091	-0.163553	-0.0551221	0.0581861	0.187607	0.310676	0.409223	0.493276	0.57239	0.649366	0.714156	0.736684	0.71546	0.685855	0.659873	0.632618	0.602925	0.551791	0.471314	0.365152	0.227031	0.047711	-0.168657	-0.406673	-0.641094	-0.855343	-1.01667	-1.10026	-1.09928	-1.00952	-0.845778	
-0.748956	-0.748956	-0.687958	-0.585504	-0.457024	-0.331584	-0.2402	-0.192136	-0.19954	-0.264474	-0.370301	-0.500126	-0.63006	-0.720663	-0.754171	-0.734092	-0.66016	-0.543725	-0.409081	-0.274574	-0.143576	-0.0179572	0.110508	0.250074	0.385977	0.491662	0.584425	0.687413	0.79057	0.877071	0.915167	0.894895	0.851465	0.810208	0.769782	0.723454	0.64898	0.54383	0.410566	0.236081	0.02603	-0.218796	-0.485202	-0.738099	-0.947275	-1.09065	-1.15692	-1.13937	-1.03829	-0.871995	
-0.89472	-0.89472	-0.828747	-0.711074	-0.56629	-0.420446	-0.302559	-0.241217	-0.238234	-0.290474	-0.374502	-0.481549	-0.594838	-0.688349	-0.734092	-0.729886	-0.657308	-0.536341	-0.390531	-0.244601	-0.106963	0.018446	0.150424	0.294733	0.431174	0.540349	0.64185	0.756906	0.875497	0.975724	1.02647	1.01699	0.96953	0.917298	0.87084	0.808122	0.716254	0.591367	0.434362	0.24486	0.02042	-0.239736	-0.519287	-0.783326	-0.989172	-1.11515	-1.16016	-1.1303	-1.03575	-0.878998	
-1.00518	-1.00518	-0.940594	-0.8173	-0.655525	-0.486559	-0.353656	-0.277987	-0.257969	-0.289674	-0.354502	-0.437425	-0.531641	-0.613166	-0.66016	-0.657308	-0.59025	-0.471461	-0.323019	-0.178626	-0.0559879	0.0522736	0.171604	0.301626	0.425635	0.53823	0.652946	0.773664	0.898463	1.00541	1.06735	1.07722	1.03949	0.988233	0.93447	0.85801	0.753571	0.621346	0.453315	0.261016	0.0354253	-0.229346	-0.506862	-0.764485	-0.961697	-1.07593	-1.1075	-1.07597	-0.992129	-0.855587	
-1.0721	-1.0721	-1.00271	-0.872342	-0.705456	-0.535353	-0.39629	-0.308981	-0.27287	-0.284272	-0.326702	-0.384561	-0.449898	-0.508798	-0.543725	-0.536341	-0.471461	-0.350153	-0.209802	-0.0925441	-0.00675658	0.0720844	0.161444	0.258598	0.360157	0.472603	0.592775	0.723304	0.863567	0.980472	1.05701	1.08106	1.05364	1.00266	0.943033	0.864811	0.760981	0.626717	0.461525	0.276332	0.0604029	-0.187247	-0.450525	-0.697018	-0.883658	-0.984596	-1.0134	-0.983697	-0.908038	-0.792698	
-1.0923	-1.0923	-1.02431	-0.895487	-0.740979	-0.584667	-0.44287	-0.350546	-0.303681	-0.290855	-0.307621	-0.334157	-0.357789	-0.390496	-0.409081	-0.390531	-0.323019	-0.209802	-0.0934123	-0.0148382	0.0301539	0.0662872	0.108611	0.164104	0.241804	0.352801	0.481232	0.622381	0.767701	0.891722	0.979783	1.01689	1.00765	0.961754	0.892744	0.80987	0.710086	0.584076	0.440238	0.275524	0.0835053	-0.135975	-0.37482	-0.599668	-0.768137	-0.860062	-0.885939	-0.857875	-0.792438	-0.694552	
-1.0727	-1.0727	-1.01591	-0.900827	-0.760639	-0.623671	-0.495999	-0.407386	-0.348992	-0.306102	-0.284372	-0.277888	-0.269208	-0.273091	-0.274574	-0.244601	-0.178626	-0.0925441	-0.0148382	0.02917	0.0314631	0.0184704	0.0138894	0.0383675	0.101854	0.203423	0.333702	0.480305	0.624515	0.74926	0.844	0.896393	0.903407	0.86256	0.793238	0.711307	0.612644	0.500198	0.385608	0.260089	0.104772	-0.0834407	-0.289438	-0.483401	-0.633076	-0.722035	-0.74768	-0.721584	-0.663094	-0.571365	
-1.03267	-1.03267	-0.976444	-0.878924	-0.760693	-0.64684	-0.547564	-0.455335	-0.376956	-0.308119	-0.256753	-0.220848	-0.190819	-0.163553	-0.143576	-0.106963	-0.0559879	-0.00675658	0.0301539	0.0314631	-0.0101981	-0.0577251	-0.0909522	-0.0931842	-0.048889	0.040524	0.171631	0.319564	0.455845	0.57721	0.675154	0.738233	0.753693	0.71868	0.655081	0.574406	0.4868	0.400418	0.32202	0.232306	0.118501	-0.0261632	-0.195353	-0.356331	-0.488202	-0.577191	-0.608514	-0.589581	-0.529916	-0.440157	
-0.956494	-0.956494	-0.900349	-0.814858	-0.720056	-0.638019	-0.559521	-0.47015	-0.37826	-0.290319	-0.209709	-0.150468	-0.0995154	-0.0551221	-0.0179572	0.018446	0.0522736	0.0720844	0.0662872	0.0184704	-0.0577251	-0.135811	-0.203745	-0.22941	-0.201211	-0.119896	0.00530972	0.139561	0.264455	0.383111	0.48146	0.543034	0.56004	0.538626	0.48346	0.407874	0.333302	0.274351	0.235013	0.194319	0.124757	0.0269132	-0.101305	-0.229819	-0.345663	-0.43234	-0.467737	-0.452465	-0.38765	-0.293355	
-0.80944	-0.80944	-0.766288	-0.703257	-0.63507	-0.575281	-0.516559	-0.443269	-0.345527	-0.239084	-0.13754	-0.0558268	0.00855761	0.0581861	0.110508	0.150424	0.171604	0.161444	0.108611	0.0138894	-0.0909522	-0.203745	-0.302295	-0.353286	-0.342258	-0.27466	-0.167124	-0.0552628	0.055116	0.156909	0.243259	0.302897	0.327569	0.318222	0.272413	0.207369	0.155376	0.126322	0.122013	0.122377	0.102669	0.0526453	-0.0266037	-0.12072	-0.214713	-0.295462	-0.332212	-0.312656	-0.241341	-0.137791	
-0.621641	-0.621641	-0.594009	-0.549777	-0.509275	-0.477545	-0.443443	-0.385663	-0.291865	-0.174478	-0.0611833	0.0407167	0.120951	0.187607	0.250074	0.294733	0.301626	0.258598	0.164104	0.0383675	-0.0931842	-0.22941	-0.353286	-0.430954	-0.43779	-0.397946	-0.331234	-0.252986	-0.168577	-0.0925493	-0.0289581	0.0178738	0.0452925	0.0467303	0.0192067	-0.0200799	-0.0456194	-0.0396734	-0.0104734	0.018219	0.0391931	0.0370184	0.00995601	-0.0440931	-0.107539	-0.166667	-0.194049	-0.169653	-0.100558	0.00710158	
-0.42879	-0.42879	-0.407658	-0.382456	-0.368905	-0.365117	-0.356543	-0.316167	-0.230267	-0.115905	0.0068907	0.126633	0.224815	0.310676	0.385977	0.431174	0.425635	0.360157	0.241804	0.101854	-0.048889	-0.201211	-0.342258	-0.43779	-0.48235	-0.490654	-0.472733	-0.435495	-0.398381	-0.361993	-0.327248	-0.2967	-0.268641	-0.25901	-0.267772	-0.273047	-0.255953	-0.212815	-0.153011	-0.0930258	-0.0406711	-0.00226765	0.0140979	0.00622722	-0.0246385	-0.0534825	-0.0667126	-0.0370459	0.0319426	0.138432	
-0.229968	-0.229968	-0.228536	-0.233008	-0.245601	-0.262659	-0.26747	-0.245252	-0.174481	-0.0673627	0.0637614	0.194928	0.31191	0.409223	0.491662	0.540349	0.53823	0.472603	0.352801	0.203423	0.040524	-0.119896	-0.27466	-0.397946	-0.490654	-0.550195	-0.586007	-0.607894	-0.625754	-0.626584	-0.623725	-0.614084	-0.593163	-0.571527	-0.556888	-0.527009	-0.46657	-0.381878	-0.28867	-0.196546	-0.116073	-0.0420966	0.00973507	0.0359043	0.0328395	0.0301321	0.0354769	0.0764025	0.149011	0.252801	
-0.0534021	-0.0534021	-0.0769398	-0.112354	-0.153433	-0.193523	-0.21068	-0.201018	-0.146075	-0.0459006	0.0883019	0.231197	0.376239	0.493276	0.584425	0.64185	0.652946	0.592775	0.481232	0.333702	0.171631	0.00530972	-0.167124	-0.331234	-0.472733	-0.586007	-0.681852	-0.761879	-0.826236	-0.870715	-0.900739	-0.905762	-0.892079	-0.866593	-0.830014	-0.769594	-0.67005	-0.543768	-0.413542	-0.294484	-0.188194	-0.0874267	-0.00995408	0.0428799	0.0663365	0.0788658	0.104944	0.155902	0.226479	0.324666	
0.091076	0.091076	0.0493149	-0.019705	-0.0942396	-0.162575	-0.200761	-0.201323	-0.155282	-0.0600192	0.0813234	0.246148	0.422321	0.57239	0.687413	0.756906	0.773664	0.723304	0.622381	0.480305	0.319564	0.139561	-0.0552628	-0.252986	-0.435495	-0.607894	-0.761879	-0.895134	-0.999096	-1.07979	-1.13675	-1.16163	-1.15507	-1.123	-1.06732	-0.977953	-0.846709	-0.692564	-0.535838	-0.393952	-0.263091	-0.147251	-0.0515246	0.0181064	0.0629116	0.0898169	0.126652	0.175213	0.245949	0.343069	
0.200457	0.200457	0.14151	0.0356947	-0.07335	-0.164855	-0.225746	-0.237935	-0.196781	-0.0975468	0.0584986	0.256031	0.464578	0.649366	0.79057	0.875497	0.898463	0.863567	0.767701	0.624515	0.455845	0.264455	0.055116	-0.168577	-0.398381	-0.625754	-0.826236	-0.999096	-1.14394	-1.26143	-1.33669	-1.36906	-1.36067	-1.31863	-1.24597	-1.13013	-0.971465	-0.803925	-0.638714	-0.482173	-0.340038	-0.21327	-0.106923	-0.0301404	0.0200263	0.051702	0.0869265	0.133672	0.202483	0.302089	
0.252619	0.252619	0.174658	0.04721	-0.0844787	-0.195067	-0.263297	-0.279815	-0.240082	-0.133942	0.0327279	0.25338	0.499642	0.714156	0.877071	0.975724	1.00541	0.980472	0.891722	0.74926	0.57721	0.383111	0.156909	-0.0925493	-0.361993	-0.626584	-0.870715	-1.07979	-1.26143	-1.4007	-1.4845	-1.51191	-1.49618	-1.43927	-1.33766	-1.19665	-1.02758	-0.853856	-0.687362	-0.528747	-0.389164	-0.267154	-0.173008	-0.102518	-0.0531615	-0.0191615	0.00908356	0.052073	0.109962	0.212577	
0.215521	0.215521	0.133187	-0.000801151	-0.136414	-0.248325	-0.313035	-0.320258	-0.267147	-0.150173	0.0238138	0.251132	0.50784	0.736684	0.915167	1.02647	1.06735	1.05701	0.979783	0.844	0.675154	0.48146	0.243259	-0.0289581	-0.327248	-0.623725	-0.900739	-1.13675	-1.33669	-1.4845	-1.56746	-1.58615	-1.55831	-1.48283	-1.35252	-1.18309	-1.00001	-0.821207	-0.65855	-0.510178	-0.386666	-0.285646	-0.220861	-0.178533	-0.146547	-0.118103	-0.0958252	-0.0565518	0.00049732	0.111003	
0.105705	0.105705	0.0282258	-0.102397	-0.227703	-0.321213	-0.369619	-0.351461	-0.274273	-0.139191	0.0411476	0.258469	0.493439	0.71546	0.894895	1.01699	1.07722	1.08106	1.01689	0.896393	0.738233	0.543034	0.302897	0.0178738	-0.2967	-0.614084	-0.905762	-1.16163	-1.36906	-1.51191	-1.58615	-1.5957	-1.54394	-1.43565	-1.28147	-1.09131	-0.887308	-0.704336	-0.548464	-0.420729	-0.32444	-0.261393	-0.233833	-0.231312	-0.235372	-0.233393	-0.215542	-0.173497	-0.100769	0.0183543	
-0.0477479	-0.0477479	-0.116825	-0.226236	-0.326903	-0.396223	-0.417535	-0.36996	-0.267159	-0.114715	0.0671996	0.268535	0.481694	0.685855	0.851465	0.96953	1.03949	1.05364	1.00765	0.903407	0.753693	0.56004	0.327569	0.0452925	-0.268641	-0.593163	-0.892079	-1.15507	-1.36067	-1.49618	-1.55831	-1.54394	-1.45826	-1.31311	-1.12885	-0.914798	-0.698671	-0.516458	-0.37138	-0.270952	-0.209759	-0.191869	-0.213541	-0.259615	-0.306976	-0.338066	-0.325475	-0.281791	-0.199306	-0.0749048	
-0.201851	-0.201851	-0.258143	-0.338942	-0.405601	-0.445957	-0.436768	-0.369906	-0.246738	-0.0846604	0.0973685	0.280456	0.477609	0.659873	0.810208	0.917298	0.988233	1.00266	0.961754	0.86256	0.71868	0.538626	0.318222	0.0467303	-0.25901	-0.571527	-0.866593	-1.123	-1.31863	-1.43927	-1.48283	-1.43565	-1.31311	-1.13498	-0.917647	-0.68198	-0.459488	-0.275624	-0.147429	-0.0819137	-0.0668705	-0.0938949	-0.162889	-0.256333	-0.350828	-0.413285	-0.420013	-0.377278	-0.294696	-0.168868	
-0.325558	-0.325558	-0.363823	-0.418119	-0.45322	-0.459722	-0.430812	-0.350607	-0.217207	-0.0488716	0.130357	0.302463	0.472193	0.632618	0.769782	0.87084	0.93447	0.943033	0.892744	0.793238	0.655081	0.48346	0.272413	0.0192067	-0.267772	-0.556888	-0.830014	-1.06732	-1.24597	-1.33766	-1.35252	-1.28147	-1.12885	-0.917647	-0.678162	-0.430298	-0.199785	-0.0176674	0.0949252	0.130247	0.0991871	0.0241508	-0.0871948	-0.219282	-0.355862	-0.453756	-0.490803	-0.458737	-0.374992	-0.25039	
-0.404294	-0.404294	-0.426307	-0.456725	-0.465924	-0.449861	-0.406427	-0.3144	-0.173414	-0.0100702	0.157981	0.316244	0.462259	0.602925	0.723454	0.808122	0.85801	0.864811	0.80987	0.711307	0.574406	0.407874	0.207369	-0.0200799	-0.273047	-0.527009	-0.769594	-0.977953	-1.13013	-1.19665	-1.18309	-1.09131	-0.914798	-0.68198	-0.430298	-0.178002	0.0518302	0.229332	0.328144	0.343103	0.280505	0.165086	0.0131383	-0.156158	-0.326474	-0.452594	-0.520455	-0.511535	-0.440852	-0.326175	
-0.435823	-0.435823	-0.44908	-0.461727	-0.451367	-0.413208	-0.356085	-0.258347	-0.119173	0.0333709	0.175786	0.314901	0.437975	0.551791	0.64898	0.716254	0.753571	0.760981	0.710086	0.612644	0.4868	0.333302	0.155376	-0.0456194	-0.255953	-0.46657	-0.67005	-0.846709	-0.971465	-1.02758	-1.00001	-0.887308	-0.698671	-0.459488	-0.199785	0.0518302	0.273625	0.446277	0.537943	0.534431	0.451984	0.308702	0.129615	-0.0698422	-0.261631	-0.418776	-0.517398	-0.535972	-0.490149	-0.39851	
-0.437339	-0.437339	-0.439843	-0.431036	-0.394557	-0.337454	-0.267083	-0.176085	-0.0579696	0.0685624	0.188006	0.293401	0.388335	0.471314	0.54383	0.591367	0.621346	0.626717	0.584076	0.500198	0.400418	0.274351	0.126322	-0.0396734	-0.212815	-0.381878	-0.543768	-0.692564	-0.803925	-0.853856	-0.821207	-0.704336	-0.516458	-0.275624	-0.0176674	0.229332	0.446277	0.608709	0.686513	0.675526	0.581442	0.424286	0.23313	0.0217094	-0.185	-0.367554	-0.491865	-0.541296	-0.525709	-0.457968	
-0.425989	-0.425989	-0.404366	-0.370054	-0.304857	-0.227347	-0.156509	-0.0775309	0.0121086	0.0935039	0.175211	0.247641	0.312065	0.365152	0.410566	0.434362	0.453315	0.461525	0.440238	0.385608	0.32202	0.235013	0.122013	-0.0104734	-0.153011	-0.28867	-0.413542	-0.535838	-0.638714	-0.687362	-0.65855	-0.548464	-0.37138	-0.147429	0.0949252	0.328144	0.537943	0.686513	0.754543	0.739605	0.646933	0.493472	0.299217	0.0837522	-0.130762	-0.319092	-0.454381	-0.531915	-0.544999	-0.505555	
-0.397333	-0.397333	-0.364695	-0.303933	-0.212728	-0.120654	-0.0468813	0.0182807	0.0706316	0.110422	0.145335	0.17388	0.201911	0.227031	0.236081	0.24486	0.261016	0.276332	0.275524	0.260089	0.232306	0.194319	0.122377	0.018219	-0.0930258	-0.196546	-0.294484	-0.393952	-0.482173	-0.528747	-0.510178	-0.420729	-0.270952	-0.0819137	0.130247	0.343103	0.534431	0.675526	0.739605	0.726398	0.641234	0.501032	0.31334	0.102126	-0.111032	-0.296711	-0.429895	-0.514846	-0.545789	-0.521884	
-0.38498	-0.38498	-0.345675	-0.264988	-0.156198	-0.0482796	0.0309962	0.0773128	0.0946204	0.100636	0.0902873	0.0748696	0.0620081	0.047711	0.02603	0.02042	0.0354253	0.0604029	0.0835053	0.104772	0.118501	0.124757	0.102669	0.0391931	-0.0406711	-0.116073	-0.188194	-0.263091	-0.340038	-0.389164	-0.386666	-0.32444	-0.209759	-0.0668705	0.0991871	0.280505	0.451984	0.581442	0.646933	0.641234	0.574007	0.448035	0.275044	0.0766605	-0.121862	-0.295367	-0.4183	-0.492685	-0.521178	-0.501248	
-0.420527	-0.420527	-0.373423	-0.277778	-0.157623	-0.0432278	0.0446032	0.0811019	0.0752377	0.0480569	0.000167017	-0.0550883	-0.108299	-0.168657	-0.218796	-0.239736	-0.229346	-0.187247	-0.135975	-0.0834407	-0.0261632	0.0269132	0.0526453	0.0370184	-0.00226765	-0.0420966	-0.0874267	-0.147251	-0.21327	-0.267154	-0.285646	-0.261393	-0.191869	-0.0938949	0.0241508	0.165086	0.308702	0.424286	0.493472	0.501032	0.448035	0.34257	0.194832	0.0175876	-0.158065	-0.305092	-0.409714	-0.462247	-0.475573	-0.456757	
-0.510204	-0.510204	-0.456188	-0.352072	-0.220025	-0.0955684	-0.0113779	0.018372	-0.00181487	-0.0525665	-0.128625	-0.215494	-0.309588	-0.406673	-0.485202	-0.519287	-0.506862	-0.450525	-0.37482	-0.289438	-0.195353	-0.101305	-0.0266037	0.00995601	0.0140979	0.00973507	-0.00995408	-0.0515246	-0.106923	-0.173008	-0.220861	-0.233833	-0.213541	-0.162889	-0.0871948	0.0131383	0.129615	0.23313	0.299217	0.31334	0.275044	0.194832	0.0769041	-0.0661004	-0.212866	-0.333103	-0.407301	-0.431412	-0.422764	-0.398093	
-0.633485	-0.633485	-0.57724	-0.468366	-0.327798	-0.199009	-0.122387	-0.104931	-0.14011	-0.206014	-0.293759	-0.401328	-0.523583	-0.641094	-0.738099	-0.783326	-0.764485	-0.697018	-0.599668	-0.483401	-0.356331	-0.229819	-0.12072	-0.0440931	0.00622722	0.0359043	0.0428799	0.0181064	-0.0301404	-0.102518	-0.178533	-0.231312	-0.259615	-0.256333	-0.219282	-0.156158	-0.0698422	0.0217094	0.0837522	0.102126	0.0766605	0.0175876	-0.0661004	-0.173405	-0.283472	-0.367724	-0.402866	-0.400937	-0.374744	-0.332449	
-0.752924	-0.752924	-0.696638	-0.592675	-0.463734	-0.346994	-0.275322	-0.266797	-0.309941	-0.385172	-0.478523	-0.596792	-0.729687	-0.855343	-0.947275	-0.989172	-0.961697	-0.883658	-0.768137	-0.633076	-0.488202	-0.345663	-0.214713	-0.107539	-0.0246385	0.0328395	0.0663365	0.0629116	0.0200263	-0.0531615	-0.146547	-0.235372	-0.306976	-0.350828	-0.355862	-0.326474	-0.261631	-0.185	-0.130762	-0.111032	-0.121862	-0.158065	-0.212866	-0.283472	-0.352106	-0.397211	-0.403452	-0.377293	-0.335834	-0.272154	
-0.83832	-0.83832	-0.791244	-0.702228	-0.591109	-0.494595	-0.438239	-0.437301	-0.482068	-0.55818	-0.652109	-0.770117	-0.899729	-1.01667	-1.09065	-1.11515	-1.07593	-0.984596	-0.860062	-0.722035	-0.577191	-0.43234	-0.295462	-0.166667	-0.0534825	0.0301321	0.0788658	0.0898169	0.051702	-0.0191615	-0.118103	-0.233393	-0.338066	-0.413285	-0.453756	-0.452594	-0.418776	-0.367554	-0.319092	-0.296711	-0.295367	-0.305092	-0.333103	-0.367724	-0.397211	-0.406613	-0.390606	-0.348593	-0.289389	-0.211043	
-0.88908	-0.88908	-0.851317	-0.781874	-0.688943	-0.612019	-0.576404	-0.586419	-0.626054	-0.691993	-0.776065	-0.887352	-1.00143	-1.10026	-1.15692	-1.16016	-1.1075	-1.0134	-0.885939	-0.74768	-0.608514	-0.467737	-0.332212	-0.194049	-0.0667126	0.0354769	0.104944	0.126652	0.0869265	0.00908356	-0.0958252	-0.215542	-0.325475	-0.420013	-0.490803	-0.520455	-0.517398	-0.491865	-0.454381	-0.429895	-0.4183	-0.409714	-0.407301	-0.402866	-0.403452	-0.390606	-0.357995	-0.302344	-0.22924	-0.146977	
-0.909641	-0.909641	-0.873748	-0.815592	-0.746816	-0.689505	-0.665125	-0.676943	-0.708508	-0.757074	-0.825988	-0.92057	-1.02023	-1.09928	-1.13937	-1.1303	-1.07597	-0.983697	-0.857875	-0.721584	-0.589581	-0.452465	-0.312656	-0.169653	-0.0370459	0.0764025	0.155902	0.175213	0.133672	0.052073	-0.0565518	-0.173497	-0.281791	-0.377278	-0.458737	-0.511535	-0.535972	-0.541296	-0.531915	-0.514846	-0.492685	-0.462247	-0.431412	-0.400937	-0.377293	-0.348593	-0.302344	-0.234356	-0.152209	-0.0688405	
-0.896543	-0.896543	-0.861756	-0.804271	-0.747299	-0.704089	-0.68744	-0.699155	-0.717661	-0.747084	-0.796165	-0.865412	-0.945653	-1.00952	-1.03829	-1.03575	-0.992129	-0.908038	-0.792438	-0.663094	-0.529916	-0.38765	-0.241341	-0.100558	0.0319426	0.149011	0.226479	0.245949	0.202483	0.109962	0.00049732	-0.100769	-0.199306	-0.294696	-0.374992	-0.440852	-0.490149	-0.525709	-0.544999	-0.545789	-0.521178	-0.475573	-0.422764	-0.374744	-0.335834	-0.289389	-0.22924	-0.152209	-0.0667025	0.0133675	
-0.81833	-0.81833	-0.791389	-0.740104	-0.685845	-0.650354	-0.639615	-0.646064	-0.648961	-0.660329	-0.690647	-0.738047	-0.7957	-0.845778	-0.871995	-0.878998	-0.855587	-0.792698	-0.694552	-0.571365	-0.440157	-0.293355	-0.137791	0.00710158	0.138432	0.252801	0.324666	0.343069	0.302089	0.212577	0.111003	0.0183543	-0.0749048	-0.168868	-0.25039	-0.326175	-0.39851	-0.457968	-0.505555	-0.521884	-0.501248	-0.456757	-0.398093	-0.332449	-0.272154	-0.211043	-0.146977	-0.0688405	0.0133675	0.0907142	
