0.40438	0.40438	0.377968	0.332376	0.272263	0.211643	0.16059	0.143753	0.168317	0.224928	0.282868	0.32394	0.339147	0.357058	0.373014	0.378916	0.397491	0.442781	0.494542	0.561673	0.633549	0.696657	0.725047	0.708388	0.627887	0.473257	0.240163	-0.0320306	-0.289302	-0.463022	-0.530159	-0.504267	-0.403832	-0.276233	-0.14229	-0.00389571	0.111678	0.181996	0.222083	0.263432	0.312463	0.375863	0.440092	0.487357	0.526226	0.582385	0.663724	0.75301	0.821963	0.853391	
0.40438	0.40438	0.377968	0.332376	0.272263	0.211643	0.16059	0.143753	0.168317	0.224928	0.282868	0.32394	0.339147	0.357058	0.373014	0.378916	0.397491	0.442781	0.494542	0.561673	0.633549	0.696657	0.725047	0.708388	0.627887	0.473257	0.240163	-0.0320306	-0.289302	-0.463022	-0.530159	-0.504267	-0.403832	-0.276233	-0.14229	-0.00389571	0.111678	0.181996	0.222083	0.263432	0.312463	0.375863	0.440092	0.487357	0.526226	0.582385	0.663724	0.75301	0.821963	0.853391	
0.377968	0.377968	0.358965	0.322459	0.266635	0.203662	0.163103	0.159705	0.187402	0.238621	0.301685	0.349239	0.370553	0.384123	0.395372	0.406386	0.433048	0.470725	0.516717	0.579574	0.650788	0.70702	0.730249	0.701038	0.615358	0.453593	0.213985	-0.0613929	-0.313975	-0.48835	-0.559666	-0.527022	-0.422223	-0.281584	-0.126785	0.0198262	0.137359	0.215293	0.265796	0.306169	0.349896	0.398029	0.454004	0.502901	0.541378	0.596361	0.667387	0.748677	0.81213	0.838731	
0.332376	0.332376	0.322459	0.294395	0.248125	0.197369	0.168503	0.176548	0.212867	0.264705	0.327102	0.382194	0.41591	0.430234	0.44204	0.456662	0.47958	0.510125	0.561665	0.620869	0.683626	0.73103	0.742079	0.695314	0.593981	0.414653	0.166849	-0.107007	-0.358621	-0.537877	-0.611808	-0.571782	-0.453936	-0.295298	-0.112756	0.054415	0.182897	0.272498	0.332822	0.368722	0.404805	0.433717	0.466878	0.505474	0.549545	0.603232	0.66133	0.720726	0.770689	0.796825	
0.272263	0.272263	0.266635	0.248125	0.220222	0.192507	0.170609	0.180323	0.222742	0.286256	0.352204	0.414022	0.454448	0.474297	0.489688	0.512223	0.535274	0.567276	0.621167	0.680199	0.734796	0.775959	0.770065	0.703622	0.578818	0.379179	0.117784	-0.15897	-0.416529	-0.602585	-0.676072	-0.629713	-0.498236	-0.316857	-0.107296	0.0869229	0.233413	0.33692	0.401945	0.4309	0.447621	0.455474	0.465263	0.486437	0.524786	0.568695	0.612475	0.652235	0.686679	0.711349	
0.211643	0.211643	0.203662	0.197369	0.192507	0.179158	0.164915	0.177822	0.223701	0.289229	0.362368	0.427461	0.472942	0.502983	0.529516	0.55812	0.592224	0.633615	0.689353	0.756655	0.811885	0.843546	0.821848	0.735865	0.583073	0.364678	0.0868119	-0.203054	-0.469223	-0.664469	-0.739052	-0.689737	-0.546868	-0.346414	-0.109693	0.111868	0.282458	0.39629	0.45624	0.47344	0.463913	0.447702	0.434425	0.434513	0.45138	0.477684	0.507889	0.535467	0.555327	0.574702	
0.16059	0.16059	0.163103	0.168503	0.170609	0.164915	0.161013	0.178498	0.223292	0.284896	0.352635	0.41752	0.467276	0.514824	0.558223	0.595976	0.638701	0.697898	0.767368	0.849947	0.911879	0.932304	0.89883	0.795445	0.615772	0.372967	0.0807967	-0.225784	-0.506155	-0.708227	-0.787496	-0.736723	-0.587525	-0.370923	-0.116673	0.132813	0.331759	0.452439	0.497838	0.497932	0.463638	0.415737	0.370195	0.339673	0.328141	0.343152	0.35575	0.368796	0.378516	0.393107	
0.143753	0.143753	0.159705	0.176548	0.180323	0.177822	0.178498	0.192865	0.227457	0.279143	0.338854	0.400684	0.452279	0.508932	0.570038	0.620372	0.677072	0.757121	0.847679	0.943599	1.02223	1.04257	0.993253	0.870106	0.672239	0.408984	0.10303	-0.221856	-0.518617	-0.723771	-0.806126	-0.761407	-0.601493	-0.369799	-0.101667	0.16693	0.380678	0.500968	0.536624	0.511979	0.44928	0.367449	0.289504	0.224051	0.182753	0.172414	0.171252	0.170043	0.179078	0.202694	
0.168317	0.168317	0.187402	0.212867	0.222742	0.223701	0.223292	0.227457	0.239122	0.277863	0.331145	0.387755	0.438129	0.498394	0.563043	0.631162	0.715641	0.817849	0.925108	1.0349	1.12928	1.15958	1.10298	0.962969	0.751941	0.471376	0.144224	-0.194763	-0.498235	-0.702207	-0.787078	-0.746138	-0.582274	-0.335891	-0.058282	0.219367	0.436106	0.552748	0.580859	0.533363	0.438211	0.32117	0.211283	0.110542	0.0337308	-0.00831058	-0.0202483	-0.0194926	-0.0012588	0.0328026	
0.224928	0.224928	0.238621	0.264705	0.286256	0.289229	0.284896	0.279143	0.277863	0.293636	0.333072	0.375891	0.426557	0.485662	0.553823	0.633442	0.741396	0.864773	0.995987	1.12009	1.21847	1.25698	1.20253	1.05383	0.829681	0.536773	0.195185	-0.148193	-0.447298	-0.656775	-0.744592	-0.700736	-0.530144	-0.277005	0.0122994	0.289902	0.503754	0.614789	0.627216	0.556827	0.433539	0.28613	0.139449	0.00635469	-0.0989378	-0.168073	-0.190735	-0.181697	-0.151153	-0.105788	
0.282868	0.282868	0.301685	0.327102	0.352204	0.362368	0.352635	0.338854	0.331145	0.333072	0.34926	0.376235	0.41617	0.47221	0.543888	0.638821	0.759864	0.900647	1.04896	1.18365	1.28626	1.33294	1.28317	1.12956	0.895104	0.594429	0.247603	-0.0967018	-0.391015	-0.597933	-0.683491	-0.627287	-0.451534	-0.194146	0.0990701	0.367599	0.569797	0.680228	0.683147	0.595626	0.446186	0.27043	0.0938031	-0.0653113	-0.194772	-0.28091	-0.31823	-0.30118	-0.255619	-0.203169	
0.32394	0.32394	0.349239	0.382194	0.414022	0.427461	0.41752	0.400684	0.387755	0.375891	0.376235	0.389912	0.41898	0.469359	0.546402	0.64685	0.769576	0.918891	1.08264	1.23167	1.34114	1.38666	1.3316	1.17506	0.937725	0.634444	0.287294	-0.0565563	-0.347097	-0.54657	-0.618207	-0.547481	-0.363045	-0.105173	0.186478	0.445272	0.632658	0.738082	0.740513	0.646221	0.48546	0.290295	0.0910674	-0.0869651	-0.232804	-0.33288	-0.377098	-0.359721	-0.306847	-0.246795	
0.339147	0.339147	0.370553	0.41591	0.454448	0.472942	0.467276	0.452279	0.438129	0.426557	0.41617	0.41898	0.437906	0.481898	0.558677	0.666879	0.793974	0.945599	1.11794	1.27738	1.38166	1.41088	1.35259	1.19771	0.955416	0.646531	0.298977	-0.0430515	-0.33349	-0.525157	-0.577922	-0.48857	-0.295424	-0.0366857	0.248753	0.510274	0.702352	0.803836	0.804781	0.714024	0.560495	0.363088	0.151314	-0.0393978	-0.193797	-0.300084	-0.348688	-0.340056	-0.294336	-0.241652	
0.357058	0.357058	0.384123	0.430234	0.474297	0.502983	0.514824	0.508932	0.498394	0.485662	0.47221	0.469359	0.481898	0.516861	0.592764	0.707245	0.844749	1.00209	1.16622	1.31366	1.40614	1.42073	1.35253	1.19122	0.93761	0.620479	0.271959	-0.0740495	-0.364752	-0.54593	-0.5763	-0.470232	-0.264982	0.00203754	0.288878	0.55848	0.768615	0.881504	0.888954	0.80971	0.670005	0.493921	0.295557	0.101547	-0.0633408	-0.178775	-0.234232	-0.24115	-0.21574	-0.183921	
0.373014	0.373014	0.395372	0.44204	0.489688	0.529516	0.558223	0.570038	0.563043	0.553823	0.543888	0.546402	0.558677	0.592764	0.663709	0.779967	0.926412	1.0841	1.23022	1.35578	1.4342	1.42961	1.33764	1.15712	0.887004	0.554376	0.192614	-0.162234	-0.44759	-0.605731	-0.616552	-0.496534	-0.277734	0.00656465	0.309838	0.597223	0.827565	0.963691	0.999994	0.951113	0.834414	0.685303	0.514701	0.326786	0.156049	0.0303591	-0.0387983	-0.0687024	-0.0765288	-0.0847155	
0.378916	0.378916	0.406386	0.456662	0.512223	0.55812	0.595976	0.620372	0.631162	0.633442	0.638821	0.64685	0.666879	0.707245	0.779967	0.889156	1.03157	1.18249	1.31992	1.4245	1.47155	1.43128	1.30274	1.09789	0.812833	0.459073	0.078991	-0.280658	-0.562482	-0.708823	-0.706049	-0.567931	-0.322627	-0.0106603	0.321969	0.63698	0.888765	1.04861	1.12273	1.12173	1.04869	0.927184	0.776897	0.608907	0.448123	0.317868	0.225699	0.161708	0.110748	0.0538915	
0.397491	0.397491	0.433048	0.47958	0.535274	0.592224	0.638701	0.677072	0.715641	0.741396	0.759864	0.769576	0.793974	0.844749	0.926412	1.03157	1.16439	1.30078	1.41956	1.48834	1.49158	1.42053	1.26553	1.02779	0.714143	0.342344	-0.0485479	-0.409799	-0.68751	-0.831652	-0.819471	-0.65836	-0.378598	-0.0360563	0.327182	0.667661	0.948132	1.14685	1.26104	1.29932	1.27174	1.18711	1.06197	0.918798	0.775622	0.644906	0.528862	0.427472	0.334648	0.228766	
0.442781	0.442781	0.470725	0.510125	0.567276	0.633615	0.697898	0.757121	0.817849	0.864773	0.900647	0.918891	0.945599	1.00209	1.0841	1.18249	1.30078	1.41979	1.50164	1.52551	1.49088	1.39676	1.21404	0.940509	0.599352	0.216492	-0.17938	-0.539805	-0.807929	-0.944617	-0.922407	-0.741265	-0.438583	-0.0638093	0.327134	0.689793	0.999284	1.24089	1.39203	1.46123	1.46564	1.42566	1.34016	1.22505	1.09463	0.962719	0.828389	0.696156	0.56242	0.412752	
0.494542	0.494542	0.516717	0.561665	0.621167	0.689353	0.767368	0.847679	0.925108	0.995987	1.04896	1.08264	1.11794	1.16622	1.23022	1.31992	1.41956	1.50164	1.54559	1.54169	1.47916	1.34945	1.13701	0.847449	0.497748	0.11115	-0.287857	-0.645825	-0.899585	-1.02354	-0.993726	-0.802094	-0.489002	-0.0983983	0.316684	0.701548	1.03049	1.29237	1.47195	1.57711	1.617	1.60871	1.56084	1.48352	1.37555	1.24598	1.11013	0.958504	0.783314	0.588818	
0.561673	0.561673	0.579574	0.620869	0.680199	0.756655	0.849947	0.943599	1.0349	1.12009	1.18365	1.23167	1.27738	1.31366	1.35578	1.4245	1.48834	1.52551	1.54169	1.52102	1.43136	1.26552	1.03617	0.75134	0.408621	0.0280109	-0.359745	-0.708408	-0.956962	-1.07435	-1.04068	-0.846801	-0.531259	-0.137415	0.283179	0.676534	1.01663	1.28399	1.4766	1.616	1.69441	1.71152	1.68863	1.64952	1.57801	1.47254	1.34663	1.18464	0.977723	0.744718	
0.633549	0.633549	0.650788	0.683626	0.734796	0.811885	0.911879	1.02223	1.12928	1.21847	1.28626	1.34114	1.38166	1.40614	1.4342	1.47155	1.49158	1.49088	1.47916	1.43136	1.31461	1.13983	0.918097	0.640528	0.306437	-0.052639	-0.415602	-0.749214	-0.990508	-1.10664	-1.07406	-0.889508	-0.582867	-0.196716	0.215081	0.600108	0.94117	1.21615	1.4119	1.56071	1.66485	1.71485	1.72116	1.71036	1.67801	1.60635	1.48897	1.31825	1.1	0.853974	
0.696657	0.696657	0.70702	0.73103	0.775959	0.843546	0.932304	1.04257	1.15958	1.25698	1.33294	1.38666	1.41088	1.42073	1.42961	1.43128	1.42053	1.39676	1.34945	1.26552	1.13983	0.980732	0.777453	0.514361	0.201531	-0.131936	-0.471432	-0.778849	-1.00341	-1.11114	-1.08617	-0.923164	-0.646489	-0.28169	0.112133	0.484771	0.813316	1.08289	1.28122	1.42695	1.53496	1.61784	1.66376	1.6805	1.674	1.63032	1.52672	1.35957	1.14965	0.914163	
0.725047	0.725047	0.730249	0.742079	0.770065	0.821848	0.89883	0.993253	1.10298	1.20253	1.28317	1.3316	1.35259	1.35253	1.33764	1.30274	1.26553	1.21404	1.13701	1.03617	0.918097	0.777453	0.596341	0.361429	0.0801618	-0.225671	-0.53809	-0.814984	-1.01365	-1.11427	-1.10007	-0.961855	-0.717224	-0.387913	-0.0137053	0.342648	0.648017	0.897935	1.09145	1.23652	1.34468	1.43808	1.51269	1.55916	1.57168	1.55004	1.47327	1.32537	1.1346	0.921009	
0.708388	0.708388	0.701038	0.695314	0.703622	0.735865	0.795445	0.870106	0.962969	1.05383	1.12956	1.17506	1.19771	1.19122	1.15712	1.09789	1.02779	0.940509	0.847449	0.75134	0.640528	0.514361	0.361429	0.163202	-0.0838937	-0.353232	-0.625904	-0.873428	-1.05872	-1.15704	-1.15129	-1.02975	-0.804501	-0.500985	-0.156677	0.171942	0.456802	0.68844	0.867884	1.01431	1.12582	1.21613	1.29581	1.36255	1.39631	1.38818	1.32993	1.21447	1.05436	0.866866	
0.627887	0.627887	0.615358	0.593981	0.578818	0.583073	0.615772	0.672239	0.751941	0.829681	0.895104	0.937725	0.955416	0.93761	0.887004	0.812833	0.714143	0.599352	0.497748	0.408621	0.306437	0.201531	0.0801618	-0.0838937	-0.294435	-0.521709	-0.750086	-0.96958	-1.14304	-1.23468	-1.23193	-1.12287	-0.913129	-0.629187	-0.319505	-0.0217448	0.248249	0.474048	0.641308	0.779082	0.888167	0.973784	1.04712	1.11862	1.16151	1.15781	1.11367	1.04153	0.93082	0.783294	
0.473257	0.473257	0.453593	0.414653	0.379179	0.364678	0.372967	0.408984	0.471376	0.536773	0.594429	0.634444	0.646531	0.620479	0.554376	0.459073	0.342344	0.216492	0.11115	0.0280109	-0.052639	-0.131936	-0.225671	-0.353232	-0.521709	-0.71329	-0.914392	-1.10804	-1.25777	-1.33407	-1.33253	-1.23539	-1.04616	-0.78932	-0.502068	-0.222988	0.0360254	0.256183	0.420376	0.546757	0.644639	0.72139	0.787248	0.850885	0.890777	0.896024	0.874003	0.835423	0.774455	0.672611	
0.240163	0.240163	0.213985	0.166849	0.117784	0.0868119	0.0807967	0.10303	0.144224	0.195185	0.247603	0.287294	0.298977	0.271959	0.192614	0.078991	-0.0485479	-0.17938	-0.287857	-0.359745	-0.415602	-0.471432	-0.53809	-0.625904	-0.750086	-0.914392	-1.10448	-1.28148	-1.40534	-1.47016	-1.46478	-1.36898	-1.19576	-0.963048	-0.688953	-0.419175	-0.171799	0.0392745	0.202921	0.331419	0.41818	0.476187	0.528125	0.577496	0.609321	0.624606	0.624535	0.607865	0.578633	0.517361	
-0.0320306	-0.0320306	-0.0613929	-0.107007	-0.15897	-0.203054	-0.225784	-0.221856	-0.194763	-0.148193	-0.0967018	-0.0565563	-0.0430515	-0.0740495	-0.162234	-0.280658	-0.409799	-0.539805	-0.645825	-0.708408	-0.749214	-0.778849	-0.814984	-0.873428	-0.96958	-1.10804	-1.28148	-1.4409	-1.54899	-1.60678	-1.59739	-1.4985	-1.33495	-1.11782	-0.860008	-0.598174	-0.353399	-0.14181	0.0245869	0.153275	0.23124	0.26876	0.297146	0.327269	0.346228	0.364415	0.384316	0.389991	0.37698	0.343856	
-0.289302	-0.289302	-0.313975	-0.358621	-0.416529	-0.469223	-0.506155	-0.518617	-0.498235	-0.447298	-0.391015	-0.347097	-0.33349	-0.364752	-0.44759	-0.562482	-0.68751	-0.807929	-0.899585	-0.956962	-0.990508	-1.00341	-1.01365	-1.05872	-1.14304	-1.25777	-1.40534	-1.54899	-1.64862	-1.69718	-1.68523	-1.58991	-1.43251	-1.22666	-0.982649	-0.728996	-0.48036	-0.25906	-0.0894075	0.0330412	0.106591	0.133156	0.136285	0.142735	0.148297	0.162093	0.188261	0.201552	0.197079	0.178377	
-0.463022	-0.463022	-0.48835	-0.537877	-0.602585	-0.664469	-0.708227	-0.723771	-0.702207	-0.656775	-0.597933	-0.54657	-0.525157	-0.54593	-0.605731	-0.708823	-0.831652	-0.944617	-1.02354	-1.07435	-1.10664	-1.11114	-1.11427	-1.15704	-1.23468	-1.33407	-1.47016	-1.60678	-1.69718	-1.73505	-1.71421	-1.6252	-1.47799	-1.27885	-1.03936	-0.791904	-0.542841	-0.315664	-0.143713	-0.0206832	0.0548955	0.076667	0.0658006	0.0543457	0.0493784	0.0525002	0.0592805	0.0588879	0.0474679	0.0272518	
-0.530159	-0.530159	-0.559666	-0.611808	-0.676072	-0.739052	-0.787496	-0.806126	-0.787078	-0.744592	-0.683491	-0.618207	-0.577922	-0.5763	-0.616552	-0.706049	-0.819471	-0.922407	-0.993726	-1.04068	-1.07406	-1.08617	-1.10007	-1.15129	-1.23193	-1.33253	-1.46478	-1.59739	-1.68523	-1.71421	-1.68877	-1.60772	-1.46912	-1.27399	-1.03732	-0.784202	-0.532055	-0.303121	-0.126609	-0.0010642	0.073916	0.0963985	0.0814159	0.0573939	0.0371228	0.0179789	-0.00174442	-0.024918	-0.0573881	-0.0857309	
-0.504267	-0.504267	-0.527022	-0.571782	-0.629713	-0.689737	-0.736723	-0.761407	-0.746138	-0.700736	-0.627287	-0.547481	-0.48857	-0.470232	-0.496534	-0.567931	-0.65836	-0.741265	-0.802094	-0.846801	-0.889508	-0.923164	-0.961855	-1.02975	-1.12287	-1.23539	-1.36898	-1.4985	-1.58991	-1.6252	-1.60772	-1.53203	-1.39691	-1.20469	-0.967294	-0.705441	-0.446704	-0.217748	-0.0414645	0.0853951	0.161815	0.185726	0.170679	0.136221	0.0870411	0.0385578	-0.00922748	-0.0588057	-0.108869	-0.143824	
-0.403832	-0.403832	-0.422223	-0.453936	-0.498236	-0.546868	-0.587525	-0.601493	-0.582274	-0.530144	-0.451534	-0.363045	-0.295424	-0.264982	-0.277734	-0.322627	-0.378598	-0.438583	-0.489002	-0.531259	-0.582867	-0.646489	-0.717224	-0.804501	-0.913129	-1.04616	-1.19576	-1.33495	-1.43251	-1.47799	-1.46912	-1.39691	-1.25719	-1.06358	-0.818391	-0.550819	-0.295982	-0.0786512	0.0956488	0.227732	0.305099	0.324392	0.305763	0.251791	0.172506	0.0883458	0.0101708	-0.0664202	-0.128888	-0.167556	
-0.276233	-0.276233	-0.281584	-0.295298	-0.316857	-0.346414	-0.370923	-0.369799	-0.335891	-0.277005	-0.194146	-0.105173	-0.0366857	0.00203754	0.00656465	-0.0106603	-0.0360563	-0.0638093	-0.0983983	-0.137415	-0.196716	-0.28169	-0.387913	-0.500985	-0.629187	-0.78932	-0.963048	-1.11782	-1.22666	-1.27885	-1.27399	-1.20469	-1.06358	-0.855513	-0.600475	-0.329412	-0.0853957	0.115617	0.282471	0.41314	0.48296	0.494608	0.462173	0.384475	0.277007	0.166235	0.0572512	-0.0389546	-0.112429	-0.157136	
-0.14229	-0.14229	-0.126785	-0.112756	-0.107296	-0.109693	-0.116673	-0.101667	-0.058282	0.0122994	0.0990701	0.186478	0.248753	0.288878	0.309838	0.321969	0.327182	0.327134	0.316684	0.283179	0.215081	0.112133	-0.0137053	-0.156677	-0.319505	-0.502068	-0.688953	-0.860008	-0.982649	-1.03936	-1.03732	-0.967294	-0.818391	-0.600475	-0.338673	-0.0719613	0.164507	0.355858	0.507405	0.617733	0.678003	0.678918	0.624032	0.525468	0.401605	0.267785	0.139164	0.0315017	-0.0455648	-0.101022	
-0.00389571	-0.00389571	0.0198262	0.054415	0.0869229	0.111868	0.132813	0.16693	0.219367	0.289902	0.367599	0.445272	0.510274	0.55848	0.597223	0.63698	0.667661	0.689793	0.701548	0.676534	0.600108	0.484771	0.342648	0.171942	-0.0217448	-0.222988	-0.419175	-0.598174	-0.728996	-0.791904	-0.784202	-0.705441	-0.550819	-0.329412	-0.0719613	0.184582	0.41617	0.598756	0.73015	0.823466	0.870222	0.852204	0.775765	0.664231	0.53129	0.383035	0.244232	0.129407	0.0386219	-0.029947	
0.111678	0.111678	0.137359	0.182897	0.233413	0.282458	0.331759	0.380678	0.436106	0.503754	0.569797	0.632658	0.702352	0.768615	0.827565	0.888765	0.948132	0.999284	1.03049	1.01663	0.94117	0.813316	0.648017	0.456802	0.248249	0.0360254	-0.171799	-0.353399	-0.48036	-0.542841	-0.532055	-0.446704	-0.295982	-0.0853957	0.164507	0.41617	0.6331	0.798219	0.917698	0.999695	1.03078	0.997123	0.911215	0.795821	0.657878	0.507569	0.36522	0.23315	0.119376	0.0468098	
0.181996	0.181996	0.215293	0.272498	0.33692	0.39629	0.452439	0.500968	0.552748	0.614789	0.680228	0.738082	0.803836	0.881504	0.963691	1.04861	1.14685	1.24089	1.29237	1.28399	1.21615	1.08289	0.897935	0.68844	0.474048	0.256183	0.0392745	-0.14181	-0.25906	-0.315664	-0.303121	-0.217748	-0.0786512	0.115617	0.355858	0.598756	0.798219	0.949469	1.06099	1.12897	1.14274	1.10571	1.02136	0.90138	0.75674	0.609762	0.464167	0.314049	0.189956	0.116003	
0.222083	0.222083	0.265796	0.332822	0.401945	0.45624	0.497838	0.536624	0.580859	0.627216	0.683147	0.740513	0.804781	0.888954	0.999994	1.12273	1.26104	1.39203	1.47195	1.4766	1.4119	1.28122	1.09145	0.867884	0.641308	0.420376	0.202921	0.0245869	-0.0894075	-0.143713	-0.126609	-0.0414645	0.0956488	0.282471	0.507405	0.73015	0.917698	1.06099	1.15732	1.20753	1.21025	1.17123	1.0842	0.955108	0.808506	0.659295	0.503079	0.344368	0.219319	0.141469	
0.263432	0.263432	0.306169	0.368722	0.4309	0.47344	0.497932	0.511979	0.533363	0.556827	0.595626	0.646221	0.714024	0.80971	0.951113	1.12173	1.29932	1.46123	1.57711	1.616	1.56071	1.42695	1.23652	1.01431	0.779082	0.546757	0.331419	0.153275	0.0330412	-0.0206832	-0.0010642	0.0853951	0.227732	0.41314	0.617733	0.823466	0.999695	1.12897	1.20753	1.24825	1.24586	1.19106	1.08493	0.952595	0.809066	0.653909	0.489522	0.335385	0.209551	0.129631	
0.312463	0.312463	0.349896	0.404805	0.447621	0.463913	0.463638	0.44928	0.438211	0.433539	0.446186	0.48546	0.560495	0.670005	0.834414	1.04869	1.27174	1.46564	1.617	1.69441	1.66485	1.53496	1.34468	1.12582	0.888167	0.644639	0.41818	0.23124	0.106591	0.0548955	0.073916	0.161815	0.305099	0.48296	0.678003	0.870222	1.03078	1.14274	1.21025	1.24586	1.22758	1.14682	1.02322	0.8896	0.742128	0.579405	0.422245	0.282977	0.166639	0.0867471	
0.375863	0.375863	0.398029	0.433717	0.455474	0.447702	0.415737	0.367449	0.32117	0.28613	0.27043	0.290295	0.363088	0.493921	0.685303	0.927184	1.18711	1.42566	1.60871	1.71152	1.71485	1.61784	1.43808	1.21613	0.973784	0.72139	0.476187	0.26876	0.133156	0.076667	0.0963985	0.185726	0.324392	0.494608	0.678918	0.852204	0.997123	1.10571	1.17123	1.19106	1.14682	1.04868	0.919818	0.773111	0.612445	0.44876	0.299324	0.172028	0.0711653	0.0046883	
0.440092	0.440092	0.454004	0.466878	0.465263	0.434425	0.370195	0.289504	0.211283	0.139449	0.0938031	0.0910674	0.151314	0.295557	0.514701	0.776897	1.06197	1.34016	1.56084	1.68863	1.72116	1.66376	1.51269	1.29581	1.04712	0.787248	0.528125	0.297146	0.136285	0.0658006	0.0814159	0.170679	0.305763	0.462173	0.624032	0.775765	0.911215	1.02136	1.0842	1.08493	1.02322	0.919818	0.775516	0.605306	0.433309	0.268997	0.122576	0.00915382	-0.0650213	-0.106655	
0.487357	0.487357	0.502901	0.505474	0.486437	0.434513	0.339673	0.224051	0.110542	0.00635469	-0.0653113	-0.0869651	-0.0393978	0.101547	0.326786	0.608907	0.918798	1.22505	1.48352	1.64952	1.71036	1.6805	1.55916	1.36255	1.11862	0.850885	0.577496	0.327269	0.142735	0.0543457	0.0573939	0.136221	0.251791	0.384475	0.525468	0.664231	0.795821	0.90138	0.955108	0.952595	0.8896	0.773111	0.605306	0.413986	0.224883	0.0573075	-0.0818893	-0.174621	-0.218188	-0.235646	
0.526226	0.526226	0.541378	0.549545	0.524786	0.45138	0.328141	0.182753	0.0337308	-0.0989378	-0.194772	-0.232804	-0.193797	-0.0633408	0.156049	0.448123	0.775622	1.09463	1.37555	1.57801	1.67801	1.674	1.57168	1.39631	1.16151	0.890777	0.609321	0.346228	0.148297	0.0493784	0.0371228	0.0870411	0.172506	0.277007	0.401605	0.53129	0.657878	0.75674	0.808506	0.809066	0.742128	0.612445	0.433309	0.224883	0.0173892	-0.160489	-0.286154	-0.3566	-0.377783	-0.366173	
0.582385	0.582385	0.596361	0.603232	0.568695	0.477684	0.343152	0.172414	-0.00831058	-0.168073	-0.28091	-0.33288	-0.300084	-0.178775	0.0303591	0.317868	0.644906	0.962719	1.24598	1.47254	1.60635	1.63032	1.55004	1.38818	1.15781	0.896024	0.624606	0.364415	0.162093	0.0525002	0.0179789	0.0385578	0.0883458	0.166235	0.267785	0.383035	0.507569	0.609762	0.659295	0.653909	0.579405	0.44876	0.268997	0.0573075	-0.160489	-0.334651	-0.446295	-0.497938	-0.50004	-0.46158	
0.663724	0.663724	0.667387	0.66133	0.612475	0.507889	0.35575	0.171252	-0.0202483	-0.190735	-0.31823	-0.377098	-0.348688	-0.234232	-0.0387983	0.225699	0.528862	0.828389	1.11013	1.34663	1.48897	1.52672	1.47327	1.32993	1.11367	0.874003	0.624535	0.384316	0.188261	0.0592805	-0.00174442	-0.00922748	0.0101708	0.0572512	0.139164	0.244232	0.36522	0.464167	0.503079	0.489522	0.422245	0.299324	0.122576	-0.0818893	-0.286154	-0.446295	-0.53714	-0.573985	-0.559913	-0.499106	
0.75301	0.75301	0.748677	0.720726	0.652235	0.535467	0.368796	0.170043	-0.0194926	-0.181697	-0.30118	-0.359721	-0.340056	-0.24115	-0.0687024	0.161708	0.427472	0.696156	0.958504	1.18464	1.31825	1.35957	1.32537	1.21447	1.04153	0.835423	0.607865	0.389991	0.201552	0.0588879	-0.024918	-0.0588057	-0.0664202	-0.0389546	0.0315017	0.129407	0.23315	0.314049	0.344368	0.335385	0.282977	0.172028	0.00915382	-0.174621	-0.3566	-0.497938	-0.573985	-0.589471	-0.554934	-0.480003	
0.821963	0.821963	0.81213	0.770689	0.686679	0.555327	0.378516	0.179078	-0.0012588	-0.151153	-0.255619	-0.306847	-0.294336	-0.21574	-0.0765288	0.110748	0.334648	0.56242	0.783314	0.977723	1.1	1.14965	1.1346	1.05436	0.93082	0.774455	0.578633	0.37698	0.197079	0.0474679	-0.0573881	-0.108869	-0.128888	-0.112429	-0.0455648	0.0386219	0.119376	0.189956	0.219319	0.209551	0.166639	0.0711653	-0.0650213	-0.218188	-0.377783	-0.50004	-0.559913	-0.554934	-0.503878	-0.426165	
0.853391	0.853391	0.838731	0.796825	0.711349	0.574702	0.393107	0.202694	0.0328026	-0.105788	-0.203169	-0.246795	-0.241652	-0.183921	-0.0847155	0.0538915	0.228766	0.412752	0.588818	0.744718	0.853974	0.914163	0.921009	0.866866	0.783294	0.672611	0.517361	0.343856	0.178377	0.0272518	-0.0857309	-0.143824	-0.167556	-0.157136	-0.101022	-0.029947	0.0468098	0.116003	0.141469	0.129631	0.0867471	0.0046883	-0.106655	-0.235646	-0.366173	-0.46158	-0.499106	-0.480003	-0.426165	-0.358389	
