0.219624	0.219624	0.405287	0.278563	0.0260859	0.362267	
0.219624	0.219624	0.405287	0.278563	0.0260859	0.362267	
0.405287	0.405287	0.458671	0.785513	-0.0160424	0.194604	
0.278563	0.278563	0.785513	-0.155764	0.468413	0.574637	
0.0260859	0.0260859	-0.0160424	0.468413	0.813918	-0.603442	
0.362267	0.362267	0.194604	0.574637	-0.603442	0.29744	
