3.1449	3.1449	3.12119	3.0548	2.93024	2.72061	2.42891	2.07051	1.68382	1.32126	1.0192	0.807481	0.684311	0.641114	0.663407	0.740792	0.8585	0.996315	1.11371	1.18287	1.1868	1.14202	1.08475	1.03566	1.01256	1.00927	1.02045	1.04547	1.06492	1.06095	1.03845	1.00555	0.998531	1.01518	1.0316	1.03353	1.02077	1.00641	1.00475	1.00602	1.01021	1.01141	1.0045	0.986459	0.979938	0.984535	0.983128	0.966999	0.951102	0.944176	
3.1449	3.1449	3.12119	3.0548	2.93024	2.72061	2.42891	2.07051	1.68382	1.32126	1.0192	0.807481	0.684311	0.641114	0.663407	0.740792	0.8585	0.996315	1.11371	1.18287	1.1868	1.14202	1.08475	1.03566	1.01256	1.00927	1.02045	1.04547	1.06492	1.06095	1.03845	1.00555	0.998531	1.01518	1.0316	1.03353	1.02077	1.00641	1.00475	1.00602	1.01021	1.01141	1.0045	0.986459	0.979938	0.984535	0.983128	0.966999	0.951102	0.944176	
3.12119	3.12119	3.09627	3.03062	2.90419	2.69519	2.40356	2.04496	1.65958	1.29583	0.993261	0.779733	0.65399	0.608671	0.628234	0.702812	0.816835	0.951046	1.06408	1.12998	1.13201	1.08513	1.02604	0.975847	0.949336	0.943273	0.953047	0.972769	0.990246	0.985042	0.961045	0.927922	0.921537	0.935187	0.950885	0.952225	0.940803	0.927443	0.926296	0.926763	0.933505	0.936954	0.931061	0.914012	0.911082	0.918169	0.91907	0.905282	0.893675	0.890136	
3.0548	3.0548	3.03062	2.96338	2.83889	2.63065	2.34141	1.98691	1.60302	1.24157	0.937988	0.721087	0.591676	0.540497	0.555162	0.623475	0.73247	0.85878	0.967771	1.02892	1.0279	0.979843	0.917098	0.861079	0.830068	0.81847	0.821145	0.839244	0.851	0.842744	0.817254	0.78398	0.772017	0.784734	0.79804	0.799896	0.78829	0.776499	0.775378	0.7803	0.785889	0.790078	0.788618	0.780165	0.778331	0.787632	0.793484	0.788592	0.7818	0.784852	
2.93024	2.93024	2.90419	2.83889	2.71248	2.50768	2.22193	1.87118	1.49402	1.13453	0.833391	0.615914	0.483785	0.431133	0.442283	0.507794	0.611062	0.731508	0.833661	0.889551	0.886926	0.83741	0.772075	0.715181	0.677562	0.659975	0.659138	0.666008	0.671861	0.660217	0.630719	0.596882	0.584055	0.589376	0.599647	0.599222	0.58822	0.577844	0.576577	0.578925	0.588059	0.596042	0.595909	0.588791	0.593651	0.607179	0.617358	0.616751	0.618831	0.628904	
2.72061	2.72061	2.69519	2.63065	2.50768	2.30885	2.03124	1.69209	1.32518	0.975198	0.680528	0.464596	0.334129	0.279019	0.290441	0.352501	0.45435	0.569395	0.669515	0.724705	0.723863	0.677803	0.613571	0.553057	0.510925	0.487549	0.478449	0.48042	0.479081	0.462751	0.431074	0.396075	0.376285	0.375826	0.37939	0.375977	0.365314	0.354539	0.350486	0.354641	0.360728	0.366702	0.369665	0.371978	0.376477	0.39023	0.403691	0.413083	0.420438	0.437144	
2.42891	2.42891	2.40356	2.34141	2.22193	2.03124	1.76512	1.43992	1.08922	0.752407	0.469416	0.261524	0.135998	0.0879934	0.10263	0.171365	0.275031	0.39124	0.493512	0.551092	0.557222	0.520134	0.459994	0.404249	0.360679	0.334351	0.322422	0.317201	0.308785	0.288441	0.252474	0.217734	0.191813	0.182641	0.180254	0.172513	0.156441	0.143896	0.13615	0.135752	0.139451	0.144541	0.145853	0.146741	0.153512	0.166771	0.181197	0.191507	0.20428	0.224977	
2.07051	2.07051	2.04496	1.98691	1.87118	1.69209	1.43992	1.13376	0.803709	0.485475	0.219417	0.0225396	-0.091229	-0.132789	-0.106345	-0.0315684	0.0802715	0.202095	0.309793	0.377771	0.397993	0.375554	0.329579	0.282655	0.241811	0.216748	0.203771	0.19298	0.180938	0.158405	0.122799	0.0872057	0.0584233	0.0388602	0.0248089	0.00797441	-0.0072559	-0.0234707	-0.0384285	-0.0454883	-0.0482395	-0.0499124	-0.0519478	-0.0487438	-0.0462437	-0.0381373	-0.028062	-0.0151691	-0.00119083	0.019599	
1.68382	1.68382	1.65958	1.60302	1.49402	1.32518	1.08922	0.803709	0.496043	0.198609	-0.049319	-0.232683	-0.336441	-0.365307	-0.330684	-0.241758	-0.120164	0.0110658	0.131505	0.213471	0.252166	0.25278	0.224027	0.191282	0.160554	0.14213	0.132264	0.125395	0.112904	0.0900308	0.0550955	0.023783	-0.0125032	-0.0391483	-0.0592152	-0.0805048	-0.105295	-0.128211	-0.150221	-0.163443	-0.17513	-0.185457	-0.193448	-0.195484	-0.197766	-0.197462	-0.192787	-0.184431	-0.172278	-0.154274	
1.32126	1.32126	1.29583	1.24157	1.13453	0.975198	0.752407	0.485475	0.198609	-0.0790117	-0.310243	-0.481462	-0.573675	-0.595049	-0.547469	-0.449348	-0.317653	-0.175876	-0.0464754	0.0516875	0.112925	0.138478	0.135607	0.126108	0.110035	0.103882	0.104452	0.0997693	0.0908974	0.0739037	0.0473088	0.021796	-0.00922563	-0.0419997	-0.0735155	-0.10519	-0.129176	-0.154906	-0.184911	-0.210289	-0.231871	-0.251799	-0.268316	-0.276345	-0.285989	-0.295323	-0.301529	-0.299692	-0.290864	-0.279198	
1.0192	1.0192	0.993261	0.937988	0.833391	0.680528	0.469416	0.219417	-0.049319	-0.310243	-0.528794	-0.693164	-0.782268	-0.800551	-0.750908	-0.647298	-0.510329	-0.362626	-0.223267	-0.109605	-0.0267638	0.026159	0.0502077	0.0618269	0.0650464	0.0749885	0.0882249	0.0975748	0.100751	0.0929619	0.0783576	0.0648695	0.0369254	0.00383003	-0.0282232	-0.0600209	-0.0877481	-0.119786	-0.155771	-0.186846	-0.217981	-0.249628	-0.275013	-0.290133	-0.308474	-0.329015	-0.345711	-0.351764	-0.349174	-0.345235	
0.807481	0.807481	0.779733	0.721087	0.615914	0.464596	0.261524	0.0225396	-0.232683	-0.481462	-0.693164	-0.854397	-0.945898	-0.966258	-0.919543	-0.816427	-0.681597	-0.53392	-0.394035	-0.272134	-0.173694	-0.0968153	-0.0471126	-0.00962109	0.0150211	0.0434365	0.0731061	0.0958993	0.110811	0.118026	0.121873	0.127252	0.114804	0.0888098	0.0560896	0.0236784	-0.000781125	-0.0295999	-0.0661712	-0.105178	-0.144617	-0.18546	-0.218695	-0.243656	-0.268926	-0.300849	-0.330008	-0.34754	-0.351394	-0.355969	
0.684311	0.684311	0.65399	0.591676	0.483785	0.334129	0.135998	-0.091229	-0.336441	-0.573675	-0.782268	-0.945898	-1.04447	-1.07818	-1.04067	-0.950335	-0.824765	-0.685984	-0.551717	-0.428924	-0.318826	-0.226429	-0.15414	-0.0982839	-0.0562218	-0.0128655	0.0327884	0.0709113	0.102915	0.12788	0.154237	0.179229	0.186338	0.173954	0.149751	0.125617	0.110669	0.0881356	0.0533048	0.0145617	-0.0290936	-0.0747648	-0.115986	-0.146134	-0.180112	-0.221404	-0.262912	-0.290129	-0.301891	-0.316742	
0.641114	0.641114	0.608671	0.540497	0.431133	0.279019	0.0879934	-0.132789	-0.365307	-0.595049	-0.800551	-0.966258	-1.07818	-1.12213	-1.10329	-1.0268	-0.917382	-0.794918	-0.674722	-0.558372	-0.450843	-0.347576	-0.262403	-0.193456	-0.137498	-0.0826324	-0.0277146	0.0232021	0.0679657	0.108809	0.155438	0.206624	0.23739	0.242141	0.233037	0.225019	0.222263	0.210845	0.189451	0.156158	0.115714	0.0671508	0.0250302	-0.0115313	-0.0478385	-0.0978276	-0.149596	-0.18814	-0.209416	-0.232925	
0.663407	0.663407	0.628234	0.555162	0.442283	0.290441	0.10263	-0.106345	-0.330684	-0.547469	-0.750908	-0.919543	-1.04067	-1.10329	-1.10023	-1.0452	-0.955869	-0.85435	-0.752815	-0.653809	-0.549887	-0.44926	-0.356719	-0.281551	-0.219837	-0.163067	-0.103025	-0.0475285	0.00274351	0.0556357	0.121202	0.191367	0.246312	0.276238	0.282947	0.289643	0.305215	0.318923	0.313272	0.2934	0.25995	0.221242	0.180681	0.147754	0.109833	0.0572464	-0.00193609	-0.0487636	-0.0778082	-0.11173	
0.740792	0.740792	0.702812	0.623475	0.507794	0.352501	0.171365	-0.0315684	-0.241758	-0.449348	-0.647298	-0.816427	-0.950335	-1.0268	-1.0452	-1.01258	-0.944624	-0.868259	-0.789285	-0.706925	-0.61835	-0.520688	-0.429115	-0.355247	-0.294567	-0.241956	-0.188111	-0.135006	-0.0847439	-0.0266432	0.0465633	0.132322	0.207243	0.251509	0.276912	0.308294	0.344688	0.376159	0.394279	0.395738	0.382065	0.356913	0.328595	0.302967	0.272645	0.22425	0.164833	0.115098	0.0783522	0.0396081	
0.8585	0.8585	0.816835	0.73247	0.611062	0.45435	0.275031	0.0802715	-0.120164	-0.317653	-0.510329	-0.681597	-0.824765	-0.917382	-0.955869	-0.944624	-0.900544	-0.84845	-0.792723	-0.734505	-0.660446	-0.57503	-0.487803	-0.4171	-0.360479	-0.316435	-0.271621	-0.229476	-0.189716	-0.137966	-0.0648891	0.0267753	0.11334	0.175169	0.215702	0.257271	0.307638	0.367595	0.412353	0.438172	0.446351	0.443718	0.433346	0.426498	0.41217	0.375719	0.324223	0.278165	0.241705	0.201402	
0.996315	0.996315	0.951046	0.85878	0.731508	0.569395	0.39124	0.202095	0.0110658	-0.175876	-0.362626	-0.53392	-0.685984	-0.794918	-0.85435	-0.868259	-0.84845	-0.823106	-0.79096	-0.754258	-0.697048	-0.620853	-0.539455	-0.473307	-0.422682	-0.390495	-0.360586	-0.331939	-0.307228	-0.2636	-0.198929	-0.110881	-0.0230636	0.0420133	0.0871119	0.141743	0.205396	0.28124	0.344355	0.395548	0.42818	0.452814	0.467705	0.484351	0.489213	0.474715	0.443149	0.411361	0.380102	0.346971	
1.11371	1.11371	1.06408	0.967771	0.833661	0.669515	0.493512	0.309793	0.131505	-0.0464754	-0.223267	-0.394035	-0.551717	-0.674722	-0.752815	-0.789285	-0.792723	-0.79096	-0.783259	-0.767956	-0.729734	-0.666429	-0.592524	-0.52907	-0.483653	-0.458368	-0.439507	-0.42819	-0.418663	-0.391568	-0.342961	-0.265177	-0.180292	-0.118154	-0.0693132	-0.0185256	0.0449351	0.127649	0.207944	0.277093	0.33366	0.379853	0.417167	0.459232	0.492598	0.505781	0.497913	0.487432	0.471222	0.453594	
1.18287	1.18287	1.12998	1.02892	0.889551	0.724705	0.551092	0.377771	0.213471	0.0516875	-0.109605	-0.272134	-0.428924	-0.558372	-0.653809	-0.706925	-0.734505	-0.754258	-0.767956	-0.773624	-0.751556	-0.699201	-0.631975	-0.570903	-0.528	-0.510171	-0.503715	-0.505768	-0.512043	-0.500139	-0.465795	-0.40063	-0.330782	-0.275405	-0.233322	-0.189815	-0.133269	-0.0512497	0.0305978	0.108535	0.175329	0.237319	0.297891	0.362219	0.416474	0.453541	0.478859	0.495459	0.499971	0.501674	
1.1868	1.1868	1.13201	1.0279	0.886926	0.723863	0.557222	0.397993	0.252166	0.112925	-0.0267638	-0.173694	-0.318826	-0.450843	-0.549887	-0.61835	-0.660446	-0.697048	-0.729734	-0.751556	-0.745681	-0.705823	-0.644938	-0.585868	-0.544785	-0.529938	-0.531656	-0.547495	-0.568208	-0.571398	-0.553768	-0.505758	-0.44643	-0.401093	-0.368188	-0.337285	-0.291402	-0.223796	-0.149383	-0.0722912	-0.00035845	0.0687756	0.136405	0.212486	0.283575	0.346803	0.39697	0.439952	0.467418	0.494636	
1.14202	1.14202	1.08513	0.979843	0.83741	0.677803	0.520134	0.375554	0.25278	0.138478	0.026159	-0.0968153	-0.226429	-0.347576	-0.44926	-0.520688	-0.57503	-0.620853	-0.666429	-0.699201	-0.705823	-0.673784	-0.6205	-0.561099	-0.521533	-0.508458	-0.517	-0.545111	-0.577276	-0.596079	-0.594102	-0.56116	-0.518665	-0.486048	-0.45906	-0.440023	-0.410506	-0.360783	-0.296322	-0.229221	-0.163399	-0.101052	-0.0293044	0.0496385	0.129141	0.200391	0.272513	0.338429	0.390299	0.438868	
1.08475	1.08475	1.02604	0.917098	0.772075	0.613571	0.459994	0.329579	0.224027	0.135607	0.0502077	-0.0471126	-0.15414	-0.262403	-0.356719	-0.429115	-0.487803	-0.539455	-0.592524	-0.631975	-0.644938	-0.6205	-0.56586	-0.507095	-0.461471	-0.445322	-0.458906	-0.495452	-0.539767	-0.575802	-0.586884	-0.571416	-0.545511	-0.521104	-0.506284	-0.500061	-0.48266	-0.450131	-0.404252	-0.349602	-0.294979	-0.240836	-0.176452	-0.104091	-0.0300382	0.0446658	0.12755	0.208132	0.276839	0.343165	
1.03566	1.03566	0.975847	0.861079	0.715181	0.553057	0.404249	0.282655	0.191282	0.126108	0.0618269	-0.00962109	-0.0982839	-0.193456	-0.281551	-0.355247	-0.4171	-0.473307	-0.52907	-0.570903	-0.585868	-0.561099	-0.507095	-0.44114	-0.387917	-0.365454	-0.3752	-0.414361	-0.468197	-0.512637	-0.53807	-0.541328	-0.532187	-0.522471	-0.518893	-0.517869	-0.51509	-0.502294	-0.472189	-0.432181	-0.390941	-0.346821	-0.294123	-0.23495	-0.16899	-0.100089	-0.0187486	0.066496	0.14687	0.224282	
1.01256	1.01256	0.949336	0.830068	0.677562	0.510925	0.360679	0.241811	0.160554	0.110035	0.0650464	0.0150211	-0.0562218	-0.137498	-0.219837	-0.294567	-0.360479	-0.422682	-0.483653	-0.528	-0.544785	-0.521533	-0.461471	-0.387917	-0.320387	-0.280528	-0.280276	-0.3152	-0.368444	-0.422038	-0.456793	-0.473197	-0.479557	-0.483239	-0.489627	-0.499401	-0.510063	-0.514237	-0.502094	-0.477587	-0.449045	-0.41967	-0.380201	-0.331081	-0.278863	-0.226389	-0.154648	-0.0697745	0.0125458	0.0888182	
1.00927	1.00927	0.943273	0.81847	0.659975	0.487549	0.334351	0.216748	0.14213	0.103882	0.0749885	0.0434365	-0.0128655	-0.0826324	-0.163067	-0.241956	-0.316435	-0.390495	-0.458368	-0.510171	-0.529938	-0.508458	-0.445322	-0.365454	-0.280528	-0.224819	-0.207095	-0.227809	-0.27611	-0.326087	-0.360361	-0.385781	-0.402909	-0.417793	-0.436066	-0.451094	-0.473725	-0.492988	-0.499632	-0.493697	-0.482658	-0.461739	-0.433682	-0.400829	-0.36524	-0.324337	-0.26426	-0.189801	-0.113625	-0.0422092	
1.02045	1.02045	0.953047	0.821145	0.659138	0.478449	0.322422	0.203771	0.132264	0.104452	0.0882249	0.0731061	0.0327884	-0.0277146	-0.103025	-0.188111	-0.271621	-0.360586	-0.439507	-0.503715	-0.531656	-0.517	-0.458906	-0.3752	-0.280276	-0.207095	-0.169129	-0.170811	-0.207671	-0.245075	-0.276269	-0.300963	-0.320632	-0.341694	-0.364354	-0.380417	-0.410711	-0.441387	-0.46783	-0.479679	-0.482627	-0.475853	-0.466752	-0.443335	-0.419018	-0.393956	-0.354592	-0.288403	-0.219856	-0.157436	
1.04547	1.04547	0.972769	0.839244	0.666008	0.48042	0.317201	0.19298	0.125395	0.0997693	0.0975748	0.0958993	0.0709113	0.0232021	-0.0475285	-0.135006	-0.229476	-0.331939	-0.42819	-0.505768	-0.547495	-0.545111	-0.495452	-0.414361	-0.3152	-0.227809	-0.170811	-0.157825	-0.177675	-0.204061	-0.226079	-0.243051	-0.256308	-0.279382	-0.296428	-0.310642	-0.339577	-0.376105	-0.413289	-0.442774	-0.461785	-0.471592	-0.473348	-0.46453	-0.457907	-0.449993	-0.422731	-0.369126	-0.313004	-0.261195	
1.06492	1.06492	0.990246	0.851	0.671861	0.479081	0.308785	0.180938	0.112904	0.0908974	0.100751	0.110811	0.102915	0.0679657	0.00274351	-0.0847439	-0.189716	-0.307228	-0.418663	-0.512043	-0.568208	-0.577276	-0.539767	-0.468197	-0.368444	-0.27611	-0.207671	-0.177675	-0.18461	-0.199406	-0.209164	-0.216154	-0.224899	-0.242707	-0.252318	-0.259822	-0.277784	-0.307563	-0.348775	-0.389867	-0.420985	-0.444004	-0.460275	-0.467278	-0.47538	-0.482018	-0.47513	-0.438315	-0.395079	-0.349261	
1.06095	1.06095	0.985042	0.842744	0.660217	0.462751	0.288441	0.158405	0.0900308	0.0739037	0.0929619	0.118026	0.12788	0.108809	0.0556357	-0.0266432	-0.137966	-0.2636	-0.391568	-0.500139	-0.571398	-0.596079	-0.575802	-0.512637	-0.422038	-0.326087	-0.245075	-0.204061	-0.199406	-0.20227	-0.208475	-0.208877	-0.211755	-0.224423	-0.227158	-0.222938	-0.224126	-0.242445	-0.280767	-0.323958	-0.357803	-0.389562	-0.414876	-0.435842	-0.457417	-0.484937	-0.497185	-0.48104	-0.454468	-0.421641	
1.03845	1.03845	0.961045	0.817254	0.630719	0.431074	0.252474	0.122799	0.0550955	0.0473088	0.0783576	0.121873	0.154237	0.155438	0.121202	0.0465633	-0.0648891	-0.198929	-0.342961	-0.465795	-0.553768	-0.594102	-0.586884	-0.53807	-0.456793	-0.360361	-0.276269	-0.226079	-0.209164	-0.208475	-0.208452	-0.201363	-0.202532	-0.211679	-0.210438	-0.201014	-0.189592	-0.193294	-0.217119	-0.249815	-0.284945	-0.320158	-0.346459	-0.371932	-0.405157	-0.447114	-0.476442	-0.484887	-0.480381	-0.463986	
1.00555	1.00555	0.927922	0.78398	0.596882	0.396075	0.217734	0.0872057	0.023783	0.021796	0.0648695	0.127252	0.179229	0.206624	0.191367	0.132322	0.0267753	-0.110881	-0.265177	-0.40063	-0.505758	-0.56116	-0.571416	-0.541328	-0.473197	-0.385781	-0.300963	-0.243051	-0.216154	-0.208877	-0.201363	-0.193343	-0.194697	-0.204126	-0.205501	-0.193116	-0.167794	-0.155367	-0.163466	-0.190778	-0.21987	-0.24512	-0.263012	-0.28939	-0.321681	-0.367464	-0.408879	-0.438391	-0.453172	-0.454901	
0.998531	0.998531	0.921537	0.772017	0.584055	0.376285	0.191813	0.0584233	-0.0125032	-0.00922563	0.0369254	0.114804	0.186338	0.23739	0.246312	0.207243	0.11334	-0.0230636	-0.180292	-0.330782	-0.44643	-0.518665	-0.545511	-0.532187	-0.479557	-0.402909	-0.320632	-0.256308	-0.224899	-0.211755	-0.202532	-0.194697	-0.197497	-0.202166	-0.208539	-0.19346	-0.166703	-0.144286	-0.142565	-0.153052	-0.172983	-0.18959	-0.202753	-0.216607	-0.23971	-0.281547	-0.323462	-0.360578	-0.388886	-0.409021	
1.01518	1.01518	0.935187	0.784734	0.589376	0.375826	0.182641	0.0388602	-0.0391483	-0.0419997	0.00383003	0.0888098	0.173954	0.242141	0.276238	0.251509	0.175169	0.0420133	-0.118154	-0.275405	-0.401093	-0.486048	-0.521104	-0.522471	-0.483239	-0.417793	-0.341694	-0.279382	-0.242707	-0.224423	-0.211679	-0.204126	-0.202166	-0.213475	-0.228212	-0.216496	-0.190603	-0.16086	-0.142701	-0.142134	-0.159853	-0.169476	-0.17333	-0.173635	-0.186372	-0.213416	-0.246388	-0.281049	-0.312968	-0.340849	
1.0316	1.0316	0.950885	0.79804	0.599647	0.37939	0.180254	0.0248089	-0.0592152	-0.0735155	-0.0282232	0.0560896	0.149751	0.233037	0.282947	0.276912	0.215702	0.0871119	-0.0693132	-0.233322	-0.368188	-0.45906	-0.506284	-0.518893	-0.489627	-0.436066	-0.364354	-0.296428	-0.252318	-0.227158	-0.210438	-0.205501	-0.208539	-0.228212	-0.243572	-0.239694	-0.220339	-0.186802	-0.159787	-0.156103	-0.165731	-0.167857	-0.167565	-0.159196	-0.162053	-0.175133	-0.197959	-0.217924	-0.245227	-0.273265	
1.03353	1.03353	0.952225	0.799896	0.599222	0.375977	0.172513	0.00797441	-0.0805048	-0.10519	-0.0600209	0.0236784	0.125617	0.225019	0.289643	0.308294	0.257271	0.141743	-0.0185256	-0.189815	-0.337285	-0.440023	-0.500061	-0.517869	-0.499401	-0.451094	-0.380417	-0.310642	-0.259822	-0.222938	-0.201014	-0.193116	-0.19346	-0.216496	-0.239694	-0.251536	-0.240025	-0.212794	-0.184446	-0.174212	-0.169649	-0.175197	-0.173225	-0.162384	-0.154539	-0.158896	-0.16788	-0.175003	-0.196323	-0.217714	
1.02077	1.02077	0.940803	0.78829	0.58822	0.365314	0.156441	-0.0072559	-0.105295	-0.129176	-0.0877481	-0.000781125	0.110669	0.222263	0.305215	0.344688	0.307638	0.205396	0.0449351	-0.133269	-0.291402	-0.410506	-0.48266	-0.51509	-0.510063	-0.473725	-0.410711	-0.339577	-0.277784	-0.224126	-0.189592	-0.167794	-0.166703	-0.190603	-0.220339	-0.240025	-0.245178	-0.226641	-0.201191	-0.183217	-0.181093	-0.18902	-0.184166	-0.16868	-0.155052	-0.154476	-0.152173	-0.14928	-0.157179	-0.169733	
1.00641	1.00641	0.927443	0.776499	0.577844	0.354539	0.143896	-0.0234707	-0.128211	-0.154906	-0.119786	-0.0295999	0.0881356	0.210845	0.318923	0.376159	0.367595	0.28124	0.127649	-0.0512497	-0.223796	-0.360783	-0.450131	-0.502294	-0.514237	-0.492988	-0.441387	-0.376105	-0.307563	-0.242445	-0.193294	-0.155367	-0.144286	-0.16086	-0.186802	-0.212794	-0.226641	-0.217605	-0.20263	-0.18974	-0.18777	-0.19188	-0.189708	-0.177288	-0.16393	-0.156886	-0.145489	-0.129401	-0.126064	-0.129713	
1.00475	1.00475	0.926296	0.775378	0.576577	0.350486	0.13615	-0.0384285	-0.150221	-0.184911	-0.155771	-0.0661712	0.0533048	0.189451	0.313272	0.394279	0.412353	0.344355	0.207944	0.0305978	-0.149383	-0.296322	-0.404252	-0.472189	-0.502094	-0.499632	-0.46783	-0.413289	-0.348775	-0.280767	-0.217119	-0.163466	-0.142565	-0.142701	-0.159787	-0.184446	-0.201191	-0.20263	-0.197215	-0.182581	-0.17929	-0.188112	-0.195724	-0.190493	-0.178619	-0.168346	-0.149832	-0.126254	-0.110492	-0.0990881	
1.00602	1.00602	0.926763	0.7803	0.578925	0.354641	0.135752	-0.0454883	-0.163443	-0.210289	-0.186846	-0.105178	0.0145617	0.156158	0.2934	0.395738	0.438172	0.395548	0.277093	0.108535	-0.0722912	-0.229221	-0.349602	-0.432181	-0.477587	-0.493697	-0.479679	-0.442774	-0.389867	-0.323958	-0.249815	-0.190778	-0.153052	-0.142134	-0.156103	-0.174212	-0.183217	-0.18974	-0.182581	-0.16777	-0.16568	-0.176516	-0.187789	-0.189875	-0.184239	-0.178729	-0.163136	-0.134217	-0.101066	-0.0727591	
1.01021	1.01021	0.933505	0.785889	0.588059	0.360728	0.139451	-0.0482395	-0.17513	-0.231871	-0.217981	-0.144617	-0.0290936	0.115714	0.25995	0.382065	0.446351	0.42818	0.33366	0.175329	-0.00035845	-0.163399	-0.294979	-0.390941	-0.449045	-0.482658	-0.482627	-0.461785	-0.420985	-0.357803	-0.284945	-0.21987	-0.172983	-0.159853	-0.165731	-0.169649	-0.181093	-0.18777	-0.17929	-0.16568	-0.158547	-0.156524	-0.165942	-0.174532	-0.180334	-0.183941	-0.1718	-0.139204	-0.0976142	-0.0586342	
1.01141	1.01141	0.936954	0.790078	0.596042	0.366702	0.144541	-0.0499124	-0.185457	-0.251799	-0.249628	-0.18546	-0.0747648	0.0671508	0.221242	0.356913	0.443718	0.452814	0.379853	0.237319	0.0687756	-0.101052	-0.240836	-0.346821	-0.41967	-0.461739	-0.475853	-0.471592	-0.444004	-0.389562	-0.320158	-0.24512	-0.18959	-0.169476	-0.167857	-0.175197	-0.18902	-0.19188	-0.188112	-0.176516	-0.156524	-0.142746	-0.148921	-0.154399	-0.161805	-0.165588	-0.161186	-0.133863	-0.0935041	-0.0417073	
1.0045	1.0045	0.931061	0.788618	0.595909	0.369665	0.145853	-0.0519478	-0.193448	-0.268316	-0.275013	-0.218695	-0.115986	0.0250302	0.180681	0.328595	0.433346	0.467705	0.417167	0.297891	0.136405	-0.0293044	-0.176452	-0.294123	-0.380201	-0.433682	-0.466752	-0.473348	-0.460275	-0.414876	-0.346459	-0.263012	-0.202753	-0.17333	-0.167565	-0.173225	-0.184166	-0.189708	-0.195724	-0.187789	-0.165942	-0.148921	-0.139217	-0.131561	-0.130107	-0.135726	-0.133056	-0.106817	-0.0618191	-0.00392949	
0.986459	0.986459	0.914012	0.780165	0.588791	0.371978	0.146741	-0.0487438	-0.195484	-0.276345	-0.290133	-0.243656	-0.146134	-0.0115313	0.147754	0.302967	0.426498	0.484351	0.459232	0.362219	0.212486	0.0496385	-0.104091	-0.23495	-0.331081	-0.400829	-0.443335	-0.46453	-0.467278	-0.435842	-0.371932	-0.28939	-0.216607	-0.173635	-0.159196	-0.162384	-0.16868	-0.177288	-0.190493	-0.189875	-0.174532	-0.154399	-0.131561	-0.110484	-0.0996609	-0.0971121	-0.0819099	-0.0470668	0.0023983	0.0612772	
0.979938	0.979938	0.911082	0.778331	0.593651	0.376477	0.153512	-0.0462437	-0.197766	-0.285989	-0.308474	-0.268926	-0.180112	-0.0478385	0.109833	0.272645	0.41217	0.489213	0.492598	0.416474	0.283575	0.129141	-0.0300382	-0.16899	-0.278863	-0.36524	-0.419018	-0.457907	-0.47538	-0.457417	-0.405157	-0.321681	-0.23971	-0.186372	-0.162053	-0.154539	-0.155052	-0.16393	-0.178619	-0.184239	-0.180334	-0.161805	-0.130107	-0.0996609	-0.0779262	-0.0583253	-0.0259445	0.0185321	0.0765525	0.150604	
0.984535	0.984535	0.918169	0.787632	0.607179	0.39023	0.166771	-0.0381373	-0.197462	-0.295323	-0.329015	-0.300849	-0.221404	-0.0978276	0.0572464	0.22425	0.375719	0.474715	0.505781	0.453541	0.346803	0.200391	0.0446658	-0.100089	-0.226389	-0.324337	-0.393956	-0.449993	-0.482018	-0.484937	-0.447114	-0.367464	-0.281547	-0.213416	-0.175133	-0.158896	-0.154476	-0.156886	-0.168346	-0.178729	-0.183941	-0.165588	-0.135726	-0.0971121	-0.0583253	-0.0194861	0.0204875	0.0767475	0.15441	0.243953	
0.983128	0.983128	0.91907	0.793484	0.617358	0.403691	0.181197	-0.028062	-0.192787	-0.301529	-0.345711	-0.330008	-0.262912	-0.149596	-0.00193609	0.164833	0.324223	0.443149	0.497913	0.478859	0.39697	0.272513	0.12755	-0.0187486	-0.154648	-0.26426	-0.354592	-0.422731	-0.47513	-0.497185	-0.476442	-0.408879	-0.323462	-0.246388	-0.197959	-0.16788	-0.152173	-0.145489	-0.149832	-0.163136	-0.1718	-0.161186	-0.133056	-0.0819099	-0.0259445	0.0204875	0.0692408	0.142705	0.229575	0.318109	
0.966999	0.966999	0.905282	0.788592	0.616751	0.413083	0.191507	-0.0151691	-0.184431	-0.299692	-0.351764	-0.34754	-0.290129	-0.18814	-0.0487636	0.115098	0.278165	0.411361	0.487432	0.495459	0.439952	0.338429	0.208132	0.066496	-0.0697745	-0.189801	-0.288403	-0.369126	-0.438315	-0.48104	-0.484887	-0.438391	-0.360578	-0.281049	-0.217924	-0.175003	-0.14928	-0.129401	-0.126254	-0.134217	-0.139204	-0.133863	-0.106817	-0.0470668	0.0185321	0.0767475	0.142705	0.219157	0.300378	0.378382	
0.951102	0.951102	0.893675	0.7818	0.618831	0.420438	0.20428	-0.00119083	-0.172278	-0.290864	-0.349174	-0.351394	-0.301891	-0.209416	-0.0778082	0.0783522	0.241705	0.380102	0.471222	0.499971	0.467418	0.390299	0.276839	0.14687	0.0125458	-0.113625	-0.219856	-0.313004	-0.395079	-0.454468	-0.480381	-0.453172	-0.388886	-0.312968	-0.245227	-0.196323	-0.157179	-0.126064	-0.110492	-0.101066	-0.0976142	-0.0935041	-0.0618191	0.0023983	0.0765525	0.15441	0.229575	0.300378	0.372339	0.437235	
0.944176	0.944176	0.890136	0.784852	0.628904	0.437144	0.224977	0.019599	-0.154274	-0.279198	-0.345235	-0.355969	-0.316742	-0.232925	-0.11173	0.0396081	0.201402	0.346971	0.453594	0.501674	0.494636	0.438868	0.343165	0.224282	0.0888182	-0.0422092	-0.157436	-0.261195	-0.349261	-0.421641	-0.463986	-0.454901	-0.409021	-0.340849	-0.273265	-0.217714	-0.169733	-0.129713	-0.0990881	-0.0727591	-0.0586342	-0.0417073	-0.00392949	0.0612772	0.150604	0.243953	0.318109	0.378382	0.437235	0.474557	
