2.2875	2.2875	2.28541	2.2554	2.16352	2.00669	1.8132	1.58365	1.29215	0.938483	0.554688	0.175095	-0.167266	-0.448179	-0.671772	-0.854431	-0.995369	-1.08975	-1.13326	-1.1385	-1.10693	-1.03399	-0.91829	-0.799067	-0.727158	-0.722526	-0.763812	-0.796153	-0.796944	-0.755664	-0.664952	-0.536921	-0.41842	-0.330094	-0.272177	-0.268848	-0.349383	-0.518568	-0.752846	-0.996325	-1.2141	-1.37041	-1.42665	-1.357	-1.17072	-0.892251	-0.559996	-0.197115	0.17643	0.533084	
2.2875	2.2875	2.28541	2.2554	2.16352	2.00669	1.8132	1.58365	1.29215	0.938483	0.554688	0.175095	-0.167266	-0.448179	-0.671772	-0.854431	-0.995369	-1.08975	-1.13326	-1.1385	-1.10693	-1.03399	-0.91829	-0.799067	-0.727158	-0.722526	-0.763812	-0.796153	-0.796944	-0.755664	-0.664952	-0.536921	-0.41842	-0.330094	-0.272177	-0.268848	-0.349383	-0.518568	-0.752846	-0.996325	-1.2141	-1.37041	-1.42665	-1.357	-1.17072	-0.892251	-0.559996	-0.197115	0.17643	0.533084	
2.28541	2.28541	2.27383	2.23158	2.13	1.96579	1.76323	1.52691	1.23816	0.901805	0.542285	0.184575	-0.143783	-0.414858	-0.627471	-0.799429	-0.934543	-1.03162	-1.08125	-1.09125	-1.06308	-0.998332	-0.899453	-0.799841	-0.739326	-0.730433	-0.755287	-0.770919	-0.764881	-0.728384	-0.649815	-0.534421	-0.427196	-0.350393	-0.30581	-0.314115	-0.398302	-0.55905	-0.776529	-0.999998	-1.20215	-1.34695	-1.39631	-1.32321	-1.13683	-0.859469	-0.527937	-0.162301	0.211653	0.562184	
2.2554	2.2554	2.23158	2.17036	2.05033	1.86882	1.6525	1.41011	1.13454	0.829034	0.511435	0.193211	-0.102252	-0.347022	-0.538313	-0.693166	-0.819724	-0.913234	-0.963612	-0.975875	-0.957868	-0.915859	-0.849749	-0.780712	-0.734416	-0.720104	-0.728434	-0.731489	-0.724287	-0.697934	-0.634608	-0.538129	-0.452423	-0.402392	-0.386304	-0.413441	-0.495418	-0.632126	-0.810047	-0.997524	-1.17144	-1.29993	-1.33808	-1.25649	-1.06269	-0.781285	-0.446584	-0.0849758	0.27891	0.608477	
2.16352	2.16352	2.13	2.05033	1.90601	1.70396	1.47623	1.24151	0.991481	0.728784	0.461111	0.19753	-0.0466101	-0.25023	-0.413543	-0.552105	-0.66479	-0.745944	-0.786298	-0.801054	-0.802839	-0.79591	-0.769695	-0.731102	-0.699248	-0.686094	-0.691232	-0.69534	-0.695036	-0.678502	-0.630263	-0.555242	-0.499925	-0.486093	-0.503855	-0.549092	-0.623989	-0.727748	-0.861221	-1.00274	-1.14337	-1.24694	-1.26774	-1.17047	-0.961022	-0.664454	-0.323817	0.0335613	0.373991	0.668137	
2.00669	2.00669	1.96579	1.86882	1.70396	1.48714	1.26319	1.04889	0.837003	0.620489	0.409794	0.208415	0.024898	-0.13293	-0.268835	-0.387051	-0.481366	-0.543061	-0.577007	-0.602062	-0.631648	-0.659693	-0.667434	-0.656851	-0.646052	-0.648448	-0.663247	-0.67339	-0.675668	-0.665191	-0.631394	-0.584342	-0.562316	-0.580523	-0.623231	-0.680784	-0.752465	-0.840047	-0.940593	-1.04475	-1.14083	-1.20537	-1.19391	-1.07305	-0.843385	-0.531207	-0.17884	0.171214	0.489444	0.747505	
1.8132	1.8132	1.76323	1.6525	1.47623	1.26319	1.05609	0.873668	0.700558	0.533471	0.377028	0.234909	0.104412	-0.0132649	-0.118834	-0.211862	-0.282322	-0.332289	-0.369759	-0.413849	-0.467143	-0.517898	-0.547729	-0.561742	-0.578561	-0.606767	-0.638154	-0.654165	-0.656689	-0.649658	-0.634447	-0.618132	-0.627703	-0.66773	-0.721518	-0.783777	-0.858276	-0.942462	-1.03115	-1.10409	-1.15825	-1.17379	-1.12127	-0.971425	-0.72292	-0.397066	-0.0407544	0.307006	0.607909	0.839564	
1.58365	1.58365	1.52691	1.41011	1.24151	1.04889	0.873668	0.726368	0.598968	0.480674	0.374658	0.276538	0.1868	0.108195	0.0398367	-0.0204873	-0.0751452	-0.125489	-0.179473	-0.242341	-0.313301	-0.377902	-0.423936	-0.458008	-0.49852	-0.550038	-0.598205	-0.62394	-0.628405	-0.625243	-0.622361	-0.630461	-0.664544	-0.720986	-0.783751	-0.850417	-0.927766	-1.01602	-1.09744	-1.15502	-1.17483	-1.14779	-1.05123	-0.866786	-0.596355	-0.264489	0.0901317	0.424645	0.711345	0.925652	
1.29215	1.29215	1.23816	1.13454	0.991481	0.837003	0.700558	0.598968	0.521464	0.456171	0.391012	0.326165	0.270238	0.23287	0.207368	0.175326	0.127408	0.0627587	-0.0119516	-0.0949666	-0.179941	-0.256267	-0.31264	-0.35716	-0.407635	-0.470968	-0.532017	-0.570021	-0.583039	-0.583647	-0.587794	-0.609606	-0.659409	-0.730137	-0.803856	-0.877996	-0.960761	-1.05045	-1.13305	-1.18312	-1.18677	-1.12773	-0.990574	-0.768816	-0.475548	-0.139335	0.203088	0.524361	0.796227	0.99439	
0.938483	0.938483	0.901805	0.829034	0.728784	0.620489	0.533471	0.480674	0.456171	0.437454	0.411868	0.381135	0.362925	0.365032	0.373084	0.361282	0.313165	0.233344	0.132693	0.0266514	-0.0755252	-0.158771	-0.218932	-0.26364	-0.313987	-0.378328	-0.443592	-0.49241	-0.517094	-0.528153	-0.539843	-0.569004	-0.625035	-0.701646	-0.786321	-0.873086	-0.965508	-1.06353	-1.14735	-1.19747	-1.18821	-1.10244	-0.927981	-0.671627	-0.358186	-0.0221397	0.309221	0.610947	0.862728	1.03795	
0.554688	0.554688	0.542285	0.511435	0.461111	0.409794	0.377028	0.374658	0.391012	0.411868	0.427564	0.444101	0.468453	0.499617	0.523131	0.518054	0.468786	0.37448	0.250039	0.118965	0.00420339	-0.0817228	-0.138383	-0.179778	-0.223537	-0.28028	-0.341961	-0.398854	-0.442537	-0.474037	-0.498694	-0.531786	-0.581434	-0.653711	-0.743196	-0.843008	-0.949229	-1.05434	-1.14051	-1.18633	-1.16613	-1.05942	-0.857319	-0.576849	-0.248736	0.0885873	0.407724	0.688568	0.908912	1.04588	
0.175095	0.175095	0.184575	0.193211	0.19753	0.208415	0.234909	0.276538	0.326165	0.381135	0.444101	0.514262	0.582254	0.633162	0.657975	0.646304	0.587071	0.479627	0.338112	0.194149	0.0708083	-0.0164014	-0.0751051	-0.113717	-0.149386	-0.194107	-0.249071	-0.31491	-0.379538	-0.43213	-0.46679	-0.494115	-0.528717	-0.58605	-0.674673	-0.783797	-0.900226	-1.01166	-1.09651	-1.13802	-1.10942	-0.990659	-0.776454	-0.485692	-0.149946	0.189558	0.499654	0.751271	0.92534	1.01242	
-0.167266	-0.167266	-0.143783	-0.102252	-0.0466101	0.024898	0.104412	0.1868	0.270238	0.362925	0.468453	0.582254	0.683882	0.751274	0.772107	0.743102	0.664011	0.544645	0.40227	0.259535	0.136328	0.0430331	-0.0208786	-0.0620034	-0.0929139	-0.131601	-0.185485	-0.259968	-0.33819	-0.401385	-0.434573	-0.452189	-0.46652	-0.505097	-0.582264	-0.688846	-0.806181	-0.917797	-1.00002	-1.03769	-1.00508	-0.887047	-0.677352	-0.394296	-0.0627259	0.271667	0.567771	0.7893	0.918048	0.954582	
-0.448179	-0.448179	-0.414858	-0.347022	-0.25023	-0.13293	-0.0132649	0.108195	0.23287	0.365032	0.499617	0.633162	0.751274	0.827786	0.84514	0.799099	0.704563	0.58358	0.451814	0.322031	0.203153	0.109505	0.0390284	-0.00884838	-0.0482077	-0.0958682	-0.158404	-0.238914	-0.31803	-0.375029	-0.400236	-0.407035	-0.407572	-0.424394	-0.479419	-0.565561	-0.667213	-0.767111	-0.841088	-0.872011	-0.839694	-0.730996	-0.5428	-0.287048	0.0184664	0.330798	0.602104	0.791891	0.882689	0.881249	
-0.671772	-0.671772	-0.627471	-0.538313	-0.413543	-0.268835	-0.118834	0.0398367	0.207368	0.373084	0.523131	0.657975	0.772107	0.84514	0.858862	0.813342	0.725843	0.618996	0.504858	0.389213	0.281612	0.191237	0.115912	0.0518271	-0.0102571	-0.0828533	-0.163893	-0.250137	-0.319308	-0.36018	-0.369482	-0.368918	-0.357349	-0.351589	-0.371868	-0.419386	-0.484432	-0.557242	-0.612741	-0.637827	-0.611708	-0.52556	-0.37257	-0.161234	0.098731	0.365697	0.597468	0.756302	0.822828	0.796677	
-0.854431	-0.854431	-0.799429	-0.693166	-0.552105	-0.387051	-0.211862	-0.0204873	0.175326	0.361282	0.518054	0.646304	0.743102	0.799099	0.813342	0.788397	0.732775	0.655097	0.563728	0.4664	0.371352	0.285479	0.199917	0.112927	0.0191556	-0.0851792	-0.189075	-0.280195	-0.338537	-0.359469	-0.353135	-0.341437	-0.316308	-0.282216	-0.260448	-0.256371	-0.271038	-0.301436	-0.333606	-0.353379	-0.343268	-0.289243	-0.182257	-0.0275078	0.169519	0.376134	0.557155	0.682346	0.729302	0.687664	
-0.995369	-0.995369	-0.934543	-0.819724	-0.66479	-0.481366	-0.282322	-0.0751452	0.127408	0.313165	0.468786	0.587071	0.664011	0.704563	0.725843	0.732775	0.719685	0.68209	0.624418	0.551875	0.472186	0.387737	0.28776	0.171093	0.041649	-0.0939232	-0.21577	-0.310845	-0.361847	-0.371592	-0.351023	-0.323788	-0.275854	-0.208668	-0.142799	-0.0877715	-0.0481763	-0.0352062	-0.0426058	-0.0624739	-0.072563	-0.0533336	0.00746098	0.104634	0.235518	0.374764	0.50074	0.590199	0.615066	0.557942	
-1.08975	-1.08975	-1.03162	-0.913234	-0.745944	-0.543061	-0.332289	-0.125489	0.0627587	0.233344	0.37448	0.479627	0.544645	0.58358	0.618996	0.655097	0.68209	0.689068	0.673227	0.632484	0.573005	0.494137	0.380485	0.233174	0.0695086	-0.0886316	-0.220336	-0.316397	-0.367486	-0.374202	-0.343601	-0.298197	-0.225607	-0.129008	-0.0286035	0.0686731	0.152825	0.205121	0.216954	0.197099	0.170767	0.162177	0.184176	0.228664	0.29692	0.374134	0.446544	0.495533	0.494047	0.422275	
-1.13326	-1.13326	-1.08125	-0.963612	-0.786298	-0.577007	-0.369759	-0.179473	-0.0119516	0.132693	0.250039	0.338112	0.40227	0.451814	0.504858	0.563728	0.624418	0.673227	0.6989	0.692332	0.657004	0.588327	0.466419	0.296537	0.110335	-0.0623605	-0.200198	-0.299394	-0.352927	-0.358143	-0.319122	-0.256336	-0.164677	-0.0485591	0.0729752	0.194015	0.306469	0.382634	0.408347	0.391917	0.358484	0.3335	0.324008	0.324347	0.34163	0.3704	0.401353	0.418352	0.393531	0.314192	
-1.1385	-1.1385	-1.09125	-0.975875	-0.801054	-0.602062	-0.413849	-0.242341	-0.0949666	0.0266514	0.118965	0.194149	0.259535	0.322031	0.389213	0.4664	0.551875	0.632484	0.692332	0.714619	0.698834	0.638441	0.518282	0.348344	0.160097	-0.014529	-0.155977	-0.2567	-0.311608	-0.318398	-0.274447	-0.201199	-0.0960544	0.0293581	0.154492	0.276993	0.391817	0.475667	0.511813	0.506295	0.47893	0.444241	0.408728	0.372512	0.353925	0.35311	0.359873	0.357582	0.324543	0.249081	
-1.10693	-1.10693	-1.06308	-0.957868	-0.802839	-0.631648	-0.467143	-0.313301	-0.179941	-0.0755252	0.00420339	0.0708083	0.136328	0.203153	0.281612	0.371352	0.472186	0.573005	0.657004	0.698834	0.691401	0.636093	0.529954	0.379985	0.212128	0.0510617	-0.0818068	-0.180653	-0.24351	-0.259784	-0.221214	-0.139703	-0.0245435	0.104136	0.22156	0.326056	0.423504	0.497868	0.534932	0.540291	0.519822	0.481592	0.429175	0.374534	0.341415	0.331172	0.329586	0.323605	0.295789	0.239584	
-1.03399	-1.03399	-0.998332	-0.915859	-0.79591	-0.659693	-0.517898	-0.377902	-0.256267	-0.158771	-0.0817228	-0.0164014	0.0430331	0.109505	0.191237	0.285479	0.387737	0.494137	0.588327	0.638441	0.636093	0.592116	0.508838	0.394018	0.265037	0.143423	0.0355978	-0.0587679	-0.133059	-0.166966	-0.138224	-0.059252	0.0553997	0.178533	0.281661	0.363712	0.432049	0.479464	0.500916	0.502007	0.485158	0.449121	0.39953	0.351201	0.325662	0.319963	0.321046	0.322523	0.313797	0.282414	
-0.91829	-0.91829	-0.899453	-0.849749	-0.769695	-0.667434	-0.547729	-0.423936	-0.31264	-0.218932	-0.138383	-0.0751051	-0.0208786	0.0390284	0.115912	0.199917	0.28776	0.380485	0.466419	0.518282	0.529954	0.508838	0.460058	0.390374	0.320672	0.253499	0.180591	0.0995879	0.0246498	-0.0148763	-0.000398984	0.0624478	0.158967	0.263973	0.349602	0.404018	0.432862	0.436621	0.421517	0.402619	0.379967	0.351956	0.32066	0.299269	0.301241	0.318641	0.33794	0.357625	0.370085	0.363642	
-0.799067	-0.799067	-0.799841	-0.780712	-0.731102	-0.656851	-0.561742	-0.458008	-0.35716	-0.26364	-0.179778	-0.113717	-0.0620034	-0.00884838	0.0518271	0.112927	0.171093	0.233174	0.296537	0.348344	0.379985	0.394018	0.390374	0.381745	0.374564	0.360783	0.32729	0.279184	0.230894	0.20041	0.205002	0.245865	0.313311	0.387395	0.437471	0.449381	0.426786	0.377759	0.318004	0.265396	0.227045	0.202275	0.192671	0.20706	0.248636	0.30397	0.358129	0.407218	0.44194	0.44949	
-0.727158	-0.727158	-0.739326	-0.734416	-0.699248	-0.646052	-0.578561	-0.49852	-0.407635	-0.313987	-0.223537	-0.149386	-0.0929139	-0.0482077	-0.0102571	0.0191556	0.041649	0.0695086	0.110335	0.160097	0.212128	0.265037	0.320672	0.374564	0.421956	0.45385	0.471208	0.476265	0.468205	0.457689	0.462462	0.487729	0.521806	0.544045	0.535357	0.48752	0.409915	0.30998	0.202526	0.110365	0.0495442	0.0237408	0.0317012	0.076316	0.154286	0.248224	0.340383	0.421912	0.482092	0.512649	
-0.722526	-0.722526	-0.730433	-0.720104	-0.686094	-0.648448	-0.606767	-0.550038	-0.470968	-0.378328	-0.28028	-0.194107	-0.131601	-0.0958682	-0.0828533	-0.0851792	-0.0939232	-0.0886316	-0.0623605	-0.014529	0.0510617	0.143423	0.253499	0.360783	0.45385	0.539299	0.620726	0.684219	0.719169	0.735944	0.749712	0.760037	0.748925	0.704234	0.621637	0.508813	0.374451	0.220396	0.0634967	-0.0673533	-0.145112	-0.167797	-0.144243	-0.0789949	0.021212	0.143215	0.270132	0.384307	0.472031	0.524678	
-0.763812	-0.763812	-0.755287	-0.728434	-0.691232	-0.663247	-0.638154	-0.598205	-0.532017	-0.443592	-0.341961	-0.249071	-0.185485	-0.158404	-0.163893	-0.189075	-0.21577	-0.220336	-0.200198	-0.155977	-0.0818068	0.0355978	0.180591	0.32729	0.471208	0.620726	0.769034	0.890566	0.973963	1.02193	1.03843	1.02109	0.957692	0.842995	0.686869	0.505969	0.308547	0.0965862	-0.105652	-0.263647	-0.349088	-0.365214	-0.329527	-0.250543	-0.131823	0.0142588	0.166552	0.304945	0.415428	0.491105	
-0.796153	-0.796153	-0.770919	-0.731489	-0.69534	-0.67339	-0.654165	-0.62394	-0.570021	-0.49241	-0.398854	-0.31491	-0.259968	-0.238914	-0.250137	-0.280195	-0.310845	-0.316397	-0.299394	-0.2567	-0.180653	-0.0587679	0.0995879	0.279184	0.476265	0.684219	0.890566	1.06911	1.19997	1.2674	1.27267	1.22273	1.1121	0.935536	0.711321	0.465185	0.209383	-0.0487702	-0.279571	-0.45558	-0.547814	-0.565054	-0.525721	-0.437309	-0.301771	-0.136035	0.0372148	0.193861	0.324826	0.422493	
-0.796944	-0.796944	-0.764881	-0.724287	-0.695036	-0.675668	-0.656689	-0.628405	-0.583039	-0.517094	-0.442537	-0.379538	-0.33819	-0.31803	-0.319308	-0.338537	-0.361847	-0.367486	-0.352927	-0.311608	-0.24351	-0.133059	0.0246498	0.230894	0.468205	0.719169	0.973963	1.19997	1.36083	1.43449	1.42903	1.35616	1.2051	0.975577	0.69345	0.394808	0.0969808	-0.187328	-0.432087	-0.61484	-0.713732	-0.738534	-0.705359	-0.616114	-0.474262	-0.301937	-0.121499	0.052086	0.207926	0.331985	
-0.755664	-0.755664	-0.728384	-0.697934	-0.678502	-0.665191	-0.649658	-0.625243	-0.583647	-0.528153	-0.474037	-0.43213	-0.401385	-0.375029	-0.36018	-0.359469	-0.371592	-0.374202	-0.358143	-0.318398	-0.259784	-0.166966	-0.0148763	0.20041	0.457689	0.735944	1.02193	1.2674	1.43449	1.50954	1.50377	1.41213	1.23204	0.968911	0.653675	0.323655	0.00146668	-0.297317	-0.542536	-0.722805	-0.824035	-0.863159	-0.845727	-0.76802	-0.632776	-0.463835	-0.276662	-0.0901917	0.0839424	0.227877	
-0.664952	-0.664952	-0.649815	-0.634608	-0.630263	-0.631394	-0.634447	-0.622361	-0.587794	-0.539843	-0.498694	-0.46679	-0.434573	-0.400236	-0.369482	-0.353135	-0.351023	-0.343601	-0.319122	-0.274447	-0.221214	-0.138224	-0.000398984	0.205002	0.462462	0.749712	1.03843	1.27267	1.42903	1.50377	1.4915	1.38654	1.19578	0.929574	0.606639	0.26486	-0.0690074	-0.369241	-0.60481	-0.772665	-0.877819	-0.931476	-0.927654	-0.860471	-0.733663	-0.569457	-0.385854	-0.198785	-0.0217934	0.125017	
-0.536921	-0.536921	-0.534421	-0.538129	-0.555242	-0.584342	-0.618132	-0.630461	-0.609606	-0.569004	-0.531786	-0.494115	-0.452189	-0.407035	-0.368918	-0.341437	-0.323788	-0.298197	-0.256336	-0.201199	-0.139703	-0.059252	0.0624478	0.245865	0.487729	0.760037	1.02109	1.22273	1.35616	1.41213	1.38654	1.27596	1.09727	0.84727	0.537022	0.205023	-0.118676	-0.403637	-0.618954	-0.776837	-0.884046	-0.942604	-0.94306	-0.883459	-0.765307	-0.613347	-0.444184	-0.272165	-0.108722	0.0312426	
-0.41842	-0.41842	-0.427196	-0.452423	-0.499925	-0.562316	-0.627703	-0.664544	-0.659409	-0.625035	-0.581434	-0.528717	-0.46652	-0.407572	-0.357349	-0.316308	-0.275854	-0.225607	-0.164677	-0.0960544	-0.0245435	0.0553997	0.158967	0.313311	0.521806	0.748925	0.957692	1.1121	1.2051	1.23204	1.19578	1.09727	0.942593	0.723662	0.449221	0.152651	-0.137308	-0.390281	-0.584902	-0.732265	-0.834335	-0.888772	-0.891962	-0.843731	-0.742553	-0.609205	-0.458025	-0.302613	-0.159406	-0.0376242	
-0.330094	-0.330094	-0.350393	-0.402392	-0.486093	-0.580523	-0.66773	-0.720986	-0.730137	-0.701646	-0.653711	-0.58605	-0.505097	-0.424394	-0.351589	-0.282216	-0.208668	-0.129008	-0.0485591	0.0293581	0.104136	0.178533	0.263973	0.387395	0.544045	0.704234	0.842995	0.935536	0.975577	0.968911	0.929574	0.84727	0.723662	0.553346	0.336684	0.0995665	-0.132998	-0.338147	-0.502229	-0.629007	-0.717537	-0.770315	-0.785401	-0.758516	-0.682742	-0.571739	-0.436276	-0.297109	-0.173425	-0.0680647	
-0.272177	-0.272177	-0.30581	-0.386304	-0.503855	-0.623231	-0.721518	-0.783751	-0.803856	-0.786321	-0.743196	-0.674673	-0.582264	-0.479419	-0.371868	-0.260448	-0.142799	-0.0286035	0.0729752	0.154492	0.22156	0.281661	0.349602	0.437471	0.535357	0.621637	0.686869	0.711321	0.69345	0.653675	0.606639	0.537022	0.449221	0.336684	0.190793	0.0290269	-0.126757	-0.268175	-0.387374	-0.480496	-0.552034	-0.601237	-0.624708	-0.619435	-0.574096	-0.488089	-0.373887	-0.254412	-0.148098	-0.0533764	
-0.268848	-0.268848	-0.314115	-0.413441	-0.549092	-0.680784	-0.783777	-0.850417	-0.877996	-0.873086	-0.843008	-0.783797	-0.688846	-0.565561	-0.419386	-0.256371	-0.0877715	0.0686731	0.194015	0.276993	0.326056	0.363712	0.404018	0.449381	0.48752	0.508813	0.505969	0.465185	0.394808	0.323655	0.26486	0.205023	0.152651	0.0995665	0.0290269	-0.0471472	-0.118832	-0.189006	-0.252435	-0.306157	-0.350664	-0.382373	-0.402492	-0.414581	-0.39706	-0.342753	-0.261185	-0.167998	-0.0772116	0.000613903	
-0.349383	-0.349383	-0.398302	-0.495418	-0.623989	-0.752465	-0.858276	-0.927766	-0.960761	-0.965508	-0.949229	-0.900226	-0.806181	-0.667213	-0.484432	-0.271038	-0.0481763	0.152825	0.306469	0.391817	0.423504	0.432049	0.432862	0.426786	0.409915	0.374451	0.308547	0.209383	0.0969808	0.00146668	-0.0690074	-0.118676	-0.137308	-0.132998	-0.126757	-0.118832	-0.107254	-0.0994566	-0.099795	-0.101695	-0.107398	-0.112687	-0.131668	-0.160507	-0.172587	-0.157466	-0.117335	-0.0509876	0.0172295	0.0776647	
-0.518568	-0.518568	-0.55905	-0.632126	-0.727748	-0.840047	-0.942462	-1.01602	-1.05045	-1.06353	-1.05434	-1.01166	-0.917797	-0.767111	-0.557242	-0.301436	-0.0352062	0.205121	0.382634	0.475667	0.497868	0.479464	0.436621	0.377759	0.30998	0.220396	0.0965862	-0.0487702	-0.187328	-0.297317	-0.369241	-0.403637	-0.390281	-0.338147	-0.268175	-0.189006	-0.0994566	-0.0146103	0.0592683	0.117945	0.15944	0.172203	0.150946	0.10886	0.0661834	0.0353437	0.0358067	0.0679597	0.111251	0.155256	
-0.752846	-0.752846	-0.776529	-0.810047	-0.861221	-0.940593	-1.03115	-1.09744	-1.13305	-1.14735	-1.14051	-1.09651	-1.00002	-0.841088	-0.612741	-0.333606	-0.0426058	0.216954	0.408347	0.511813	0.534932	0.500916	0.421517	0.318004	0.202526	0.0634967	-0.105652	-0.279571	-0.432087	-0.542536	-0.60481	-0.618954	-0.584902	-0.502229	-0.387374	-0.252435	-0.099795	0.0592683	0.206039	0.328767	0.405667	0.43106	0.412362	0.360836	0.290271	0.226418	0.191309	0.188943	0.206687	0.232005	
-0.996325	-0.996325	-0.999998	-0.997524	-1.00274	-1.04475	-1.10409	-1.15502	-1.18312	-1.19747	-1.18633	-1.13802	-1.03769	-0.872011	-0.637827	-0.353379	-0.0624739	0.197099	0.391917	0.506295	0.540291	0.502007	0.402619	0.265396	0.110365	-0.0673533	-0.263647	-0.45558	-0.61484	-0.722805	-0.772665	-0.776837	-0.732265	-0.629007	-0.480496	-0.306157	-0.101695	0.117945	0.328767	0.492305	0.591467	0.629888	0.617977	0.564252	0.486833	0.410742	0.353963	0.322313	0.313386	0.311157	
-1.2141	-1.2141	-1.20215	-1.17144	-1.14337	-1.14083	-1.15825	-1.17483	-1.18677	-1.18821	-1.16613	-1.10942	-1.00508	-0.839694	-0.611708	-0.343268	-0.072563	0.170767	0.358484	0.47893	0.519822	0.485158	0.379967	0.227045	0.0495442	-0.145112	-0.349088	-0.547814	-0.713732	-0.824035	-0.877819	-0.884046	-0.834335	-0.717537	-0.552034	-0.350664	-0.107398	0.15944	0.405667	0.591467	0.710465	0.763993	0.762458	0.717412	0.652376	0.579023	0.505755	0.451039	0.415371	0.37749	
-1.37041	-1.37041	-1.34695	-1.29993	-1.24694	-1.20537	-1.17379	-1.14779	-1.12773	-1.10244	-1.05942	-0.990659	-0.887047	-0.730996	-0.52556	-0.289243	-0.0533336	0.162177	0.3335	0.444241	0.481592	0.449121	0.351956	0.202275	0.0237408	-0.167797	-0.365214	-0.565054	-0.738534	-0.863159	-0.931476	-0.942604	-0.888772	-0.770315	-0.601237	-0.382373	-0.112687	0.172203	0.43106	0.629888	0.763993	0.830047	0.838993	0.813224	0.767902	0.702792	0.631303	0.568357	0.509864	0.449402	
-1.42665	-1.42665	-1.39631	-1.33808	-1.26774	-1.19391	-1.12127	-1.05123	-0.990574	-0.927981	-0.857319	-0.776454	-0.677352	-0.5428	-0.37257	-0.182257	0.00746098	0.184176	0.324008	0.408728	0.429175	0.39953	0.32066	0.192671	0.0317012	-0.144243	-0.329527	-0.525721	-0.705359	-0.845727	-0.927654	-0.94306	-0.891962	-0.785401	-0.624708	-0.402492	-0.131668	0.150946	0.412362	0.617977	0.762458	0.838993	0.864536	0.856139	0.826602	0.781812	0.730403	0.67188	0.611768	0.542	
-1.357	-1.357	-1.32321	-1.25649	-1.17047	-1.07305	-0.971425	-0.866786	-0.768816	-0.671627	-0.576849	-0.485692	-0.394296	-0.287048	-0.161234	-0.0275078	0.104634	0.228664	0.324347	0.372512	0.374534	0.351201	0.299269	0.20706	0.076316	-0.0789949	-0.250543	-0.437309	-0.616114	-0.76802	-0.860471	-0.883459	-0.843731	-0.758516	-0.619435	-0.414581	-0.160507	0.10886	0.360836	0.564252	0.717412	0.813224	0.856139	0.8581	0.850935	0.838639	0.816949	0.777957	0.728488	0.658254	
-1.17072	-1.17072	-1.13683	-1.06269	-0.961022	-0.843385	-0.72292	-0.596355	-0.475548	-0.358186	-0.248736	-0.149946	-0.0627259	0.0184664	0.098731	0.169519	0.235518	0.29692	0.34163	0.353925	0.341415	0.325662	0.301241	0.248636	0.154286	0.021212	-0.131823	-0.301771	-0.474262	-0.632776	-0.733663	-0.765307	-0.742553	-0.682742	-0.574096	-0.39706	-0.172587	0.0661834	0.290271	0.486833	0.652376	0.767902	0.826602	0.850935	0.877414	0.904043	0.913905	0.904676	0.869931	0.798885	
-0.892251	-0.892251	-0.859469	-0.781285	-0.664454	-0.531207	-0.397066	-0.264489	-0.139335	-0.0221397	0.0885873	0.189558	0.271667	0.330798	0.365697	0.376134	0.374764	0.374134	0.3704	0.35311	0.331172	0.319963	0.318641	0.30397	0.248224	0.143215	0.0142588	-0.136035	-0.301937	-0.463835	-0.569457	-0.613347	-0.609205	-0.571739	-0.488089	-0.342753	-0.157466	0.0353437	0.226418	0.410742	0.579023	0.702792	0.781812	0.838639	0.904043	0.969291	1.01628	1.03896	1.0215	0.956295	
-0.559996	-0.559996	-0.527937	-0.446584	-0.323817	-0.17884	-0.0407544	0.0901317	0.203088	0.309221	0.407724	0.499654	0.567771	0.602104	0.597468	0.557155	0.50074	0.446544	0.401353	0.359873	0.329586	0.321046	0.33794	0.358129	0.340383	0.270132	0.166552	0.0372148	-0.121499	-0.276662	-0.385854	-0.444184	-0.458025	-0.436276	-0.373887	-0.261185	-0.117335	0.0358067	0.191309	0.353963	0.505755	0.631303	0.730403	0.816949	0.913905	1.01628	1.10436	1.15889	1.16436	1.11534	
-0.197115	-0.197115	-0.162301	-0.0849758	0.0335613	0.171214	0.307006	0.424645	0.524361	0.610947	0.688568	0.751271	0.7893	0.791891	0.756302	0.682346	0.590199	0.495533	0.418352	0.357582	0.323605	0.322523	0.357625	0.407218	0.421912	0.384307	0.304945	0.193861	0.052086	-0.0901917	-0.198785	-0.272165	-0.302613	-0.297109	-0.254412	-0.167998	-0.0509876	0.0679597	0.188943	0.322313	0.451039	0.568357	0.67188	0.777957	0.904676	1.03896	1.15889	1.24493	1.28157	1.2698	
0.17643	0.17643	0.211653	0.27891	0.373991	0.489444	0.607909	0.711345	0.796227	0.862728	0.908912	0.92534	0.918048	0.882689	0.822828	0.729302	0.615066	0.494047	0.393531	0.324543	0.295789	0.313797	0.370085	0.44194	0.482092	0.472031	0.415428	0.324826	0.207926	0.0839424	-0.0217934	-0.108722	-0.159406	-0.173425	-0.148098	-0.0772116	0.0172295	0.111251	0.206687	0.313386	0.415371	0.509864	0.611768	0.728488	0.869931	1.0215	1.16436	1.28157	1.35885	1.39036	
0.533084	0.533084	0.562184	0.608477	0.668137	0.747505	0.839564	0.925652	0.99439	1.03795	1.04588	1.01242	0.954582	0.881249	0.796677	0.687664	0.557942	0.422275	0.314192	0.249081	0.239584	0.282414	0.363642	0.44949	0.512649	0.524678	0.491105	0.422493	0.331985	0.227877	0.125017	0.0312426	-0.0376242	-0.0680647	-0.0533764	0.000613903	0.0776647	0.155256	0.232005	0.311157	0.37749	0.449402	0.542	0.658254	0.798885	0.956295	1.11534	1.2698	1.39036	1.46329	
