-0.684665	-0.666975	-0.589305	-0.469566	-0.33122	-0.179599	-0.0260676	0.0945724	0.156841	0.149069	0.0827044	-0.0198679	-0.147207	-0.280017	-0.387383	-0.462893	-0.509807	-0.523155	-0.506576	-0.470117	-0.407554	-0.311319	-0.184833	-0.0389485	0.095163	0.204324	0.306254	0.409274	0.508492	0.601649	0.696741	0.783631	0.846198	0.877654	0.86325	0.807722	0.708996	0.579173	0.464401	0.36915	0.287635	0.218675	0.160205	0.128271	0.111466	0.104356	0.115377	0.129282	0.138269	0.138269	
-0.666975	-0.666738	-0.617456	-0.518785	-0.39261	-0.251651	-0.115547	0.00264478	0.0838694	0.10235	0.055721	-0.038806	-0.171858	-0.313846	-0.433934	-0.530444	-0.596308	-0.626614	-0.629759	-0.6176	-0.570164	-0.482579	-0.362113	-0.211645	-0.0582409	0.0761791	0.198747	0.325794	0.442294	0.540329	0.624625	0.68341	0.725529	0.749968	0.737314	0.684173	0.591615	0.488521	0.400741	0.323968	0.267457	0.22827	0.206904	0.221157	0.254136	0.290021	0.327973	0.361985	0.387621	0.387621	
-0.589305	-0.617456	-0.59178	-0.513478	-0.406212	-0.28408	-0.159565	-0.0332965	0.0618483	0.0940436	0.0561932	-0.0341482	-0.1653	-0.302599	-0.430263	-0.544572	-0.631236	-0.682099	-0.709675	-0.722045	-0.69092	-0.617371	-0.503373	-0.353924	-0.18924	-0.0386558	0.0909954	0.22272	0.344067	0.444273	0.51695	0.5507	0.559716	0.560285	0.549962	0.510983	0.44029	0.363999	0.305036	0.263119	0.236177	0.22959	0.248491	0.299855	0.377048	0.455554	0.520197	0.574699	0.613549	0.613549	
-0.469566	-0.518785	-0.513478	-0.466786	-0.38755	-0.27916	-0.147722	-0.0172472	0.078563	0.117143	0.0898164	0.0042498	-0.119706	-0.246651	-0.377143	-0.505459	-0.612852	-0.688088	-0.742494	-0.772431	-0.761432	-0.705229	-0.598556	-0.45326	-0.280891	-0.122247	0.00869822	0.134538	0.250395	0.34127	0.391006	0.400006	0.377618	0.343215	0.314501	0.291467	0.26384	0.223702	0.193951	0.184815	0.189773	0.219736	0.275368	0.356779	0.461761	0.567605	0.658985	0.735858	0.78672	0.78672	
-0.33122	-0.39261	-0.406212	-0.38755	-0.330314	-0.227753	-0.0981594	0.0253359	0.120082	0.168813	0.155585	0.0800319	-0.0308642	-0.150275	-0.28434	-0.422016	-0.5444	-0.64497	-0.722366	-0.768397	-0.777637	-0.738035	-0.643136	-0.503765	-0.334537	-0.170728	-0.034118	0.0813817	0.184371	0.252725	0.26925	0.247007	0.196519	0.137635	0.0893092	0.0727657	0.0791701	0.0741919	0.0689593	0.0837599	0.124416	0.190288	0.278813	0.389264	0.506531	0.622194	0.724308	0.803287	0.857679	0.857679	
-0.179599	-0.251651	-0.28408	-0.27916	-0.227753	-0.13809	-0.0266239	0.0846889	0.174782	0.226568	0.229704	0.17962	0.0872874	-0.0297277	-0.166081	-0.305707	-0.437729	-0.554816	-0.645276	-0.702246	-0.728378	-0.710372	-0.631961	-0.505398	-0.347902	-0.183757	-0.042802	0.0665632	0.143671	0.174945	0.162778	0.116281	0.0464933	-0.0241501	-0.0792043	-0.0999677	-0.0904633	-0.0736468	-0.0596223	-0.0299879	0.0434861	0.143974	0.258179	0.38273	0.494651	0.601112	0.696534	0.763712	0.808081	0.808081	
-0.0260676	-0.115547	-0.159565	-0.147722	-0.0981594	-0.0266239	0.0671411	0.169014	0.249012	0.297426	0.317277	0.294003	0.217623	0.107886	-0.0218378	-0.162619	-0.305717	-0.432835	-0.526678	-0.588959	-0.62793	-0.631218	-0.574391	-0.459693	-0.308842	-0.153014	-0.0183738	0.0809297	0.128129	0.120839	0.0823878	0.0232391	-0.0568845	-0.138309	-0.19381	-0.21696	-0.220246	-0.202259	-0.166095	-0.114882	-0.0294008	0.0839225	0.200399	0.308349	0.405548	0.496222	0.57133	0.62224	0.651101	0.651101	
0.0945724	0.00264478	-0.0332965	-0.0172472	0.0253359	0.0846889	0.169014	0.266116	0.346438	0.398203	0.425601	0.412893	0.350318	0.258767	0.143205	0.00451561	-0.145269	-0.2758	-0.377992	-0.450895	-0.496082	-0.509739	-0.468874	-0.368867	-0.22686	-0.0851763	0.0288455	0.108754	0.134838	0.105671	0.0482352	-0.0258189	-0.11724	-0.205949	-0.265377	-0.291394	-0.297487	-0.281791	-0.238378	-0.175861	-0.0923556	0.00948676	0.103757	0.179965	0.251628	0.31818	0.367878	0.392917	0.395544	0.395544	
0.156841	0.0838694	0.0618483	0.078563	0.120082	0.174782	0.249012	0.346438	0.441151	0.503578	0.534761	0.527862	0.480246	0.407317	0.309896	0.186237	0.0513038	-0.0768553	-0.195571	-0.284816	-0.334461	-0.342293	-0.309559	-0.234625	-0.120105	-0.00547816	0.0849005	0.142822	0.154343	0.11938	0.0547978	-0.0333035	-0.136609	-0.223979	-0.284564	-0.322718	-0.335702	-0.323159	-0.28648	-0.230204	-0.161086	-0.0862835	-0.0203051	0.0260423	0.0657753	0.102015	0.11192	0.0936012	0.0731829	0.0731829	
0.149069	0.10235	0.0940436	0.117143	0.168813	0.226568	0.297426	0.398203	0.503578	0.579067	0.623436	0.628312	0.596556	0.543442	0.46691	0.37027	0.260336	0.139874	0.0159428	-0.0813218	-0.134071	-0.141736	-0.116745	-0.0668818	0.00841757	0.0900352	0.152997	0.186522	0.186958	0.146749	0.0772098	-0.0143965	-0.119703	-0.205797	-0.26896	-0.323731	-0.353831	-0.346068	-0.320942	-0.284787	-0.233824	-0.188829	-0.161717	-0.150281	-0.145055	-0.143385	-0.167293	-0.215114	-0.250815	-0.250815	
0.0827044	0.055721	0.0561932	0.0898164	0.155585	0.229704	0.317277	0.425601	0.534761	0.623436	0.682509	0.699777	0.691147	0.66452	0.612815	0.538893	0.447587	0.340762	0.233302	0.152286	0.0958167	0.0723848	0.0848191	0.117698	0.165756	0.215177	0.240749	0.238415	0.219884	0.175428	0.103903	0.0151454	-0.0829687	-0.17304	-0.250586	-0.320427	-0.362298	-0.361196	-0.346348	-0.333289	-0.316312	-0.306578	-0.312057	-0.333342	-0.361749	-0.393536	-0.438043	-0.48768	-0.521062	-0.521062	
-0.0198679	-0.038806	-0.0341482	0.0042498	0.0800319	0.17962	0.294003	0.412893	0.527862	0.628312	0.699777	0.736201	0.755306	0.758357	0.735566	0.689505	0.620819	0.534636	0.457262	0.399048	0.340798	0.296539	0.287138	0.303288	0.323665	0.335171	0.321698	0.282146	0.240705	0.195053	0.130773	0.0503302	-0.040487	-0.140885	-0.242059	-0.326545	-0.37492	-0.381909	-0.378897	-0.38908	-0.406511	-0.427898	-0.459962	-0.503651	-0.550072	-0.60497	-0.662851	-0.704116	-0.728061	-0.728061	
-0.147207	-0.171858	-0.1653	-0.119706	-0.0308642	0.0872874	0.217623	0.350318	0.480246	0.596556	0.691147	0.755306	0.798172	0.822563	0.833906	0.827719	0.793594	0.739591	0.684201	0.635696	0.578928	0.523925	0.490903	0.47542	0.456235	0.422103	0.371102	0.307455	0.246419	0.191031	0.13226	0.059915	-0.0297431	-0.13287	-0.239769	-0.334159	-0.392327	-0.41326	-0.428259	-0.453418	-0.490356	-0.533415	-0.579212	-0.638047	-0.70483	-0.770733	-0.822354	-0.848177	-0.860376	-0.860376	
-0.280017	-0.313846	-0.302599	-0.246651	-0.150275	-0.0297277	0.107886	0.258767	0.407317	0.543442	0.66452	0.758357	0.822563	0.869413	0.91476	0.948542	0.962674	0.950614	0.914975	0.866953	0.81232	0.756056	0.692523	0.627855	0.557857	0.475385	0.385172	0.293806	0.210232	0.139324	0.0796589	0.0130326	-0.0742125	-0.170741	-0.260867	-0.341384	-0.403563	-0.444556	-0.480085	-0.515743	-0.556064	-0.603299	-0.660524	-0.735623	-0.813138	-0.876572	-0.913773	-0.920759	-0.918985	-0.918985	
-0.387383	-0.433934	-0.430263	-0.377143	-0.28434	-0.166081	-0.0218378	0.143205	0.309896	0.46691	0.612815	0.735566	0.833906	0.91476	0.992335	1.06922	1.13467	1.1678	1.15848	1.11698	1.05943	0.984505	0.880507	0.757025	0.62541	0.494373	0.361459	0.228553	0.113282	0.0256456	-0.0383319	-0.0983279	-0.172945	-0.252432	-0.315412	-0.369813	-0.420877	-0.465813	-0.515725	-0.563122	-0.601664	-0.642438	-0.700865	-0.782045	-0.859987	-0.910428	-0.929084	-0.930089	-0.933427	-0.933427	
-0.462893	-0.530444	-0.544572	-0.505459	-0.422016	-0.305707	-0.162619	0.00451561	0.186237	0.37027	0.538893	0.689505	0.827719	0.948542	1.06922	1.19524	1.3096	1.38286	1.40984	1.39106	1.32114	1.20539	1.05047	0.867778	0.669981	0.47893	0.296514	0.118583	-0.0322185	-0.137903	-0.210337	-0.268846	-0.320039	-0.364215	-0.398644	-0.428237	-0.457656	-0.49381	-0.540695	-0.584064	-0.617742	-0.65052	-0.703758	-0.781425	-0.848617	-0.882731	-0.887911	-0.885688	-0.892841	-0.892841	
-0.509807	-0.596308	-0.631236	-0.612852	-0.5444	-0.437729	-0.305717	-0.145269	0.0513038	0.260336	0.447587	0.620819	0.793594	0.962674	1.13467	1.3096	1.46581	1.58043	1.65162	1.65596	1.57427	1.4131	1.19943	0.959341	0.701335	0.448321	0.209556	-0.0146016	-0.19888	-0.324106	-0.411616	-0.474782	-0.502127	-0.50436	-0.500586	-0.500747	-0.506015	-0.521449	-0.554857	-0.594249	-0.623524	-0.647343	-0.68886	-0.745646	-0.786389	-0.799863	-0.795816	-0.794589	-0.804438	-0.804438	
-0.523155	-0.626614	-0.682099	-0.688088	-0.64497	-0.554816	-0.432835	-0.2758	-0.0768553	0.139874	0.340762	0.534636	0.739591	0.950614	1.1678	1.38286	1.58043	1.74466	1.8535	1.87257	1.78588	1.5951	1.32809	1.02618	0.713696	0.408749	0.118483	-0.148007	-0.365228	-0.514716	-0.612424	-0.667707	-0.671548	-0.639493	-0.601852	-0.5734	-0.553367	-0.551995	-0.573496	-0.60479	-0.63632	-0.657196	-0.667703	-0.676093	-0.680923	-0.678673	-0.672333	-0.673548	-0.682202	-0.682202	
-0.506576	-0.629759	-0.709675	-0.742494	-0.722366	-0.645276	-0.526678	-0.377992	-0.195571	0.0159428	0.233302	0.457262	0.684201	0.914975	1.15848	1.40984	1.65162	1.8535	1.98286	2.00552	1.91681	1.71409	1.41199	1.05696	0.692382	0.348098	0.0343884	-0.248652	-0.492276	-0.671153	-0.777696	-0.815201	-0.790928	-0.738901	-0.68812	-0.642264	-0.605286	-0.587354	-0.588096	-0.608321	-0.640745	-0.659209	-0.646906	-0.607021	-0.566785	-0.547847	-0.542125	-0.540364	-0.540016	-0.540016	
-0.470117	-0.6176	-0.722045	-0.772431	-0.768397	-0.702246	-0.588959	-0.450895	-0.284816	-0.0813218	0.152286	0.399048	0.635696	0.866953	1.11698	1.39106	1.65596	1.87257	2.00552	2.02787	1.94073	1.73624	1.42473	1.04521	0.64939	0.284646	-0.0303856	-0.309636	-0.5648	-0.766283	-0.881885	-0.903937	-0.860293	-0.798232	-0.739565	-0.685984	-0.642514	-0.613337	-0.595041	-0.59773	-0.624178	-0.641178	-0.611773	-0.540986	-0.476561	-0.442681	-0.427319	-0.418152	-0.409193	-0.409193	
-0.407554	-0.570164	-0.69092	-0.761432	-0.777637	-0.728378	-0.62793	-0.496082	-0.334461	-0.134071	0.0958167	0.340798	0.578928	0.81232	1.05943	1.32114	1.57427	1.78588	1.91681	1.94073	1.85649	1.657	1.35217	0.980364	0.594954	0.23637	-0.0767856	-0.350212	-0.595519	-0.78867	-0.898591	-0.920873	-0.880157	-0.816342	-0.754864	-0.694936	-0.643458	-0.610412	-0.585083	-0.575389	-0.587508	-0.592101	-0.554516	-0.476521	-0.406513	-0.369779	-0.35147	-0.337823	-0.324574	-0.324574	
-0.311319	-0.482579	-0.617371	-0.705229	-0.738035	-0.710372	-0.631218	-0.509739	-0.342293	-0.141736	0.0723848	0.296539	0.523925	0.756056	0.984505	1.20539	1.4131	1.5951	1.71409	1.73624	1.657	1.47162	1.19497	0.86575	0.527589	0.200277	-0.10011	-0.360566	-0.578287	-0.739726	-0.839364	-0.876432	-0.853809	-0.795262	-0.728382	-0.662771	-0.609439	-0.573838	-0.547305	-0.533107	-0.527048	-0.514481	-0.479545	-0.420246	-0.366337	-0.331628	-0.313143	-0.306239	-0.298679	-0.298679	
-0.184833	-0.362113	-0.503373	-0.598556	-0.643136	-0.631961	-0.574391	-0.468874	-0.309559	-0.116745	0.0848191	0.287138	0.490903	0.692523	0.880507	1.05047	1.19943	1.32809	1.41199	1.42473	1.35217	1.19497	0.973442	0.709509	0.429792	0.150031	-0.11018	-0.332694	-0.509807	-0.640636	-0.730323	-0.774967	-0.768377	-0.721255	-0.661397	-0.601043	-0.549721	-0.517877	-0.492085	-0.463385	-0.436267	-0.416262	-0.398644	-0.379209	-0.363053	-0.341367	-0.318011	-0.305647	-0.297841	-0.297841	
-0.0389485	-0.211645	-0.353924	-0.45326	-0.503765	-0.505398	-0.459693	-0.368867	-0.234625	-0.0668818	0.117698	0.303288	0.47542	0.627855	0.757025	0.867778	0.959341	1.02618	1.05696	1.04521	0.980364	0.86575	0.709509	0.512045	0.29392	0.0765731	-0.120445	-0.285207	-0.417241	-0.517963	-0.586467	-0.621902	-0.624483	-0.59998	-0.560241	-0.511222	-0.469986	-0.443052	-0.415572	-0.382977	-0.349177	-0.331332	-0.337727	-0.354054	-0.365683	-0.359753	-0.342658	-0.32864	-0.318568	-0.318568	
0.095163	-0.0582409	-0.18924	-0.280891	-0.334537	-0.347902	-0.308842	-0.22686	-0.120105	0.00841757	0.165756	0.323665	0.456235	0.557857	0.62541	0.669981	0.701335	0.713696	0.692382	0.64939	0.594954	0.527589	0.429792	0.29392	0.142325	-0.00789571	-0.140345	-0.244714	-0.325176	-0.389043	-0.426887	-0.439758	-0.449452	-0.452012	-0.430122	-0.39481	-0.372051	-0.359286	-0.340314	-0.311811	-0.284216	-0.277745	-0.294902	-0.326953	-0.359767	-0.373058	-0.369684	-0.359572	-0.347298	-0.347298	
0.204324	0.0761791	-0.0386558	-0.122247	-0.170728	-0.183757	-0.153014	-0.0851763	-0.00547816	0.0900352	0.215177	0.335171	0.422103	0.475385	0.494373	0.47893	0.448321	0.408749	0.348098	0.284646	0.23637	0.200277	0.150031	0.0765731	-0.00789571	-0.0952573	-0.167103	-0.206353	-0.226341	-0.249285	-0.259128	-0.258942	-0.275019	-0.294011	-0.296764	-0.290485	-0.288243	-0.285935	-0.272758	-0.248847	-0.231672	-0.238742	-0.264379	-0.300749	-0.342684	-0.3776	-0.391766	-0.3813	-0.36504	-0.36504	
0.306254	0.198747	0.0909954	0.00869822	-0.034118	-0.042802	-0.0183738	0.0288455	0.0849005	0.152997	0.240749	0.321698	0.371102	0.385172	0.361459	0.296514	0.209556	0.118483	0.0343884	-0.0303856	-0.0767856	-0.10011	-0.11018	-0.120445	-0.140345	-0.167103	-0.177609	-0.159023	-0.128243	-0.108944	-0.0970845	-0.094668	-0.114247	-0.148515	-0.183019	-0.213224	-0.234692	-0.236632	-0.220138	-0.199545	-0.195115	-0.211596	-0.238106	-0.271705	-0.309446	-0.351971	-0.386425	-0.391134	-0.381035	-0.381035	
0.409274	0.325794	0.22272	0.134538	0.0813817	0.0665632	0.0809297	0.108754	0.142822	0.186522	0.238415	0.282146	0.307455	0.293806	0.228553	0.118583	-0.0146016	-0.148007	-0.248652	-0.309636	-0.350212	-0.360566	-0.332694	-0.285207	-0.244714	-0.206353	-0.159023	-0.100912	-0.0330115	0.019141	0.0403109	0.0382318	0.0130151	-0.0372806	-0.0991859	-0.156693	-0.192517	-0.198526	-0.187634	-0.175521	-0.178408	-0.194026	-0.21346	-0.238643	-0.267149	-0.309339	-0.35409	-0.374455	-0.380404	-0.380404	
0.508492	0.442294	0.344067	0.250395	0.184371	0.143671	0.128129	0.134838	0.154343	0.186958	0.219884	0.240705	0.246419	0.210232	0.113282	-0.0322185	-0.19888	-0.365228	-0.492276	-0.5648	-0.595519	-0.578287	-0.509807	-0.417241	-0.325176	-0.226341	-0.128243	-0.0330115	0.0605627	0.123908	0.13957	0.120763	0.0837883	0.0310536	-0.0321431	-0.0994628	-0.150437	-0.166559	-0.167135	-0.168524	-0.171439	-0.178618	-0.19472	-0.214105	-0.229005	-0.257584	-0.299169	-0.331667	-0.352293	-0.352293	
0.601649	0.540329	0.444273	0.34127	0.252725	0.174945	0.120839	0.105671	0.11938	0.146749	0.175428	0.195053	0.191031	0.139324	0.0256456	-0.137903	-0.324106	-0.514716	-0.671153	-0.766283	-0.78867	-0.739726	-0.640636	-0.517963	-0.389043	-0.249285	-0.108944	0.019141	0.123908	0.184707	0.193026	0.161413	0.113446	0.065039	0.0151715	-0.0478018	-0.106316	-0.137713	-0.15474	-0.162742	-0.15902	-0.1569	-0.168732	-0.186723	-0.195432	-0.2054	-0.235387	-0.277723	-0.30846	-0.30846	
0.696741	0.624625	0.51695	0.391006	0.26925	0.162778	0.0823878	0.0482352	0.0547978	0.0772098	0.103903	0.130773	0.13226	0.0796589	-0.0383319	-0.210337	-0.411616	-0.612424	-0.777696	-0.881885	-0.898591	-0.839364	-0.730323	-0.586467	-0.426887	-0.259128	-0.0970845	0.0403109	0.13957	0.193026	0.197683	0.159929	0.106291	0.0632428	0.0228111	-0.0268063	-0.0683197	-0.0985646	-0.122736	-0.133912	-0.132761	-0.127906	-0.133643	-0.147833	-0.155066	-0.160127	-0.180762	-0.2225	-0.261067	-0.261067	
0.783631	0.68341	0.5507	0.400006	0.247007	0.116281	0.0232391	-0.0258189	-0.0333035	-0.0143965	0.0151454	0.0503302	0.059915	0.0130326	-0.0983279	-0.268846	-0.474782	-0.667707	-0.815201	-0.903937	-0.920873	-0.876432	-0.774967	-0.621902	-0.439758	-0.258942	-0.094668	0.0382318	0.120763	0.161413	0.159929	0.120698	0.0698655	0.0257217	-0.00815179	-0.0326019	-0.0494683	-0.0671884	-0.0789512	-0.0837049	-0.0860537	-0.078932	-0.0823462	-0.102902	-0.116549	-0.124043	-0.139799	-0.170512	-0.202049	-0.202049	
0.846198	0.725529	0.559716	0.377618	0.196519	0.0464933	-0.0568845	-0.11724	-0.136609	-0.119703	-0.0829687	-0.040487	-0.0297431	-0.0742125	-0.172945	-0.320039	-0.502127	-0.671548	-0.790928	-0.860293	-0.880157	-0.853809	-0.768377	-0.624483	-0.449452	-0.275019	-0.114247	0.0130151	0.0837883	0.113446	0.106291	0.0698655	0.0245137	-0.0233278	-0.0544327	-0.0597995	-0.0555829	-0.050849	-0.0477894	-0.0492756	-0.0422727	-0.0249615	-0.0241987	-0.0458235	-0.0721417	-0.090047	-0.0996611	-0.114548	-0.13217	-0.13217	
0.877654	0.749968	0.560285	0.343215	0.137635	-0.0241501	-0.138309	-0.205949	-0.223979	-0.205797	-0.17304	-0.140885	-0.13287	-0.170741	-0.252432	-0.364215	-0.50436	-0.639493	-0.738901	-0.798232	-0.816342	-0.795262	-0.721255	-0.59998	-0.452012	-0.294011	-0.148515	-0.0372806	0.0310536	0.065039	0.0632428	0.0257217	-0.0233278	-0.0679915	-0.0974929	-0.0961989	-0.0714363	-0.0436436	-0.034987	-0.0391244	-0.0259215	-0.00749256	0.00367526	0.00493346	-0.0180711	-0.0364764	-0.0380328	-0.044738	-0.0487208	-0.0487208	
0.86325	0.737314	0.549962	0.314501	0.0893092	-0.0792043	-0.19381	-0.265377	-0.284564	-0.26896	-0.250586	-0.242059	-0.239769	-0.260867	-0.315412	-0.398644	-0.500586	-0.601852	-0.68812	-0.739565	-0.754864	-0.728382	-0.661397	-0.560241	-0.430122	-0.296764	-0.183019	-0.0991859	-0.0321431	0.0151715	0.0228111	-0.00815179	-0.0544327	-0.0974929	-0.131059	-0.124041	-0.0812445	-0.0508495	-0.0460638	-0.0476921	-0.0377808	-0.0238133	-0.0039342	0.0174508	0.0194337	0.0265058	0.0430895	0.0534546	0.0691952	0.0691952	
0.807722	0.684173	0.510983	0.291467	0.0727657	-0.0999677	-0.21696	-0.291394	-0.322718	-0.323731	-0.320427	-0.326545	-0.334159	-0.341384	-0.369813	-0.428237	-0.500747	-0.5734	-0.642264	-0.685984	-0.694936	-0.662771	-0.601043	-0.511222	-0.39481	-0.290485	-0.213224	-0.156693	-0.0994628	-0.0478018	-0.0268063	-0.0326019	-0.0597995	-0.0961989	-0.124041	-0.121673	-0.0966224	-0.085501	-0.0863824	-0.0842522	-0.0783841	-0.0618689	-0.0289759	0.012563	0.0504647	0.0877794	0.12972	0.170139	0.197832	0.197832	
0.708996	0.591615	0.44029	0.26384	0.0791701	-0.0904633	-0.220246	-0.297487	-0.335702	-0.353831	-0.362298	-0.37492	-0.392327	-0.403563	-0.420877	-0.457656	-0.506015	-0.553367	-0.605286	-0.642514	-0.643458	-0.609439	-0.549721	-0.469986	-0.372051	-0.288243	-0.234692	-0.192517	-0.150437	-0.106316	-0.0683197	-0.0494683	-0.0555829	-0.0714363	-0.0812445	-0.0966224	-0.120543	-0.142197	-0.151273	-0.143712	-0.133663	-0.109946	-0.0545878	0.0168747	0.09142	0.156494	0.212176	0.266646	0.300396	0.300396	
0.579173	0.488521	0.363999	0.223702	0.0741919	-0.0736468	-0.202259	-0.281791	-0.323159	-0.346068	-0.361196	-0.381909	-0.41326	-0.444556	-0.465813	-0.49381	-0.521449	-0.551995	-0.587354	-0.613337	-0.610412	-0.573838	-0.517877	-0.443052	-0.359286	-0.285935	-0.236632	-0.198526	-0.166559	-0.137713	-0.0985646	-0.0671884	-0.050849	-0.0436436	-0.0508495	-0.085501	-0.142197	-0.185737	-0.203421	-0.201756	-0.18478	-0.144212	-0.0706939	0.0242064	0.125776	0.210253	0.275124	0.335991	0.37434	0.37434	
0.464401	0.400741	0.305036	0.193951	0.0689593	-0.0596223	-0.166095	-0.238378	-0.28648	-0.320942	-0.346348	-0.378897	-0.428259	-0.480085	-0.515725	-0.540695	-0.554857	-0.573496	-0.588096	-0.595041	-0.585083	-0.547305	-0.492085	-0.415572	-0.340314	-0.272758	-0.220138	-0.187634	-0.167135	-0.15474	-0.122736	-0.0789512	-0.0477894	-0.034987	-0.0460638	-0.0863824	-0.151273	-0.203421	-0.225542	-0.229542	-0.209201	-0.158821	-0.0798932	0.0256025	0.135091	0.225014	0.308846	0.386066	0.425429	0.425429	
0.36915	0.323968	0.263119	0.184815	0.0837599	-0.0299879	-0.114882	-0.175861	-0.230204	-0.284787	-0.333289	-0.38908	-0.453418	-0.515743	-0.563122	-0.584064	-0.594249	-0.60479	-0.608321	-0.59773	-0.575389	-0.533107	-0.463385	-0.382977	-0.311811	-0.248847	-0.199545	-0.175521	-0.168524	-0.162742	-0.133912	-0.0837049	-0.0492756	-0.0391244	-0.0476921	-0.0842522	-0.143712	-0.201756	-0.229542	-0.223949	-0.20114	-0.155479	-0.0792366	0.0185436	0.1231	0.22212	0.317108	0.398358	0.441501	0.441501	
0.287635	0.267457	0.236177	0.189773	0.124416	0.0434861	-0.0294008	-0.0923556	-0.161086	-0.233824	-0.316312	-0.406511	-0.490356	-0.556064	-0.601664	-0.617742	-0.623524	-0.63632	-0.640745	-0.624178	-0.587508	-0.527048	-0.436267	-0.349177	-0.284216	-0.231672	-0.195115	-0.178408	-0.171439	-0.15902	-0.132761	-0.0860537	-0.0422727	-0.0259215	-0.0377808	-0.0783841	-0.133663	-0.18478	-0.209201	-0.20114	-0.177623	-0.131995	-0.0627522	0.0152125	0.107444	0.211486	0.300577	0.365316	0.406758	0.406758	
0.218675	0.22827	0.22959	0.219736	0.190288	0.143974	0.0839225	0.00948676	-0.0862835	-0.188829	-0.306578	-0.427898	-0.533415	-0.603299	-0.642438	-0.65052	-0.647343	-0.657196	-0.659209	-0.641178	-0.592101	-0.514481	-0.416262	-0.331332	-0.277745	-0.238742	-0.211596	-0.194026	-0.178618	-0.1569	-0.127906	-0.078932	-0.0249615	-0.00749256	-0.0238133	-0.0618689	-0.109946	-0.144212	-0.158821	-0.155479	-0.131995	-0.0936682	-0.0447458	0.0158947	0.0908415	0.179577	0.255754	0.301926	0.329062	0.329062	
0.160205	0.206904	0.248491	0.275368	0.278813	0.258179	0.200399	0.103757	-0.0203051	-0.161717	-0.312057	-0.459962	-0.579212	-0.660524	-0.700865	-0.703758	-0.68886	-0.667703	-0.646906	-0.611773	-0.554516	-0.479545	-0.398644	-0.337727	-0.294902	-0.264379	-0.238106	-0.21346	-0.19472	-0.168732	-0.133643	-0.0823462	-0.0241987	0.00367526	-0.0039342	-0.0289759	-0.0545878	-0.0706939	-0.0798932	-0.0792366	-0.0627522	-0.0447458	-0.0279457	0.0106559	0.070661	0.13378	0.184986	0.211021	0.217346	0.217346	
0.128271	0.221157	0.299855	0.356779	0.389264	0.38273	0.308349	0.179965	0.0260423	-0.150281	-0.333342	-0.503651	-0.638047	-0.735623	-0.782045	-0.781425	-0.745646	-0.676093	-0.607021	-0.540986	-0.476521	-0.420246	-0.379209	-0.354054	-0.326953	-0.300749	-0.271705	-0.238643	-0.214105	-0.186723	-0.147833	-0.102902	-0.0458235	0.00493346	0.0174508	0.012563	0.0168747	0.0242064	0.0256025	0.0185436	0.0152125	0.0158947	0.0106559	0.0189799	0.0494858	0.0779887	0.0905504	0.0874056	0.0769718	0.0769718	
0.111466	0.254136	0.377048	0.461761	0.506531	0.494651	0.405548	0.251628	0.0657753	-0.145055	-0.361749	-0.550072	-0.70483	-0.813138	-0.859987	-0.848617	-0.786389	-0.680923	-0.566785	-0.476561	-0.406513	-0.366337	-0.363053	-0.365683	-0.359767	-0.342684	-0.309446	-0.267149	-0.229005	-0.195432	-0.155066	-0.116549	-0.0721417	-0.0180711	0.0194337	0.0504647	0.09142	0.125776	0.135091	0.1231	0.107444	0.0908415	0.070661	0.0494858	0.0300464	0.00983829	-0.0210509	-0.0563886	-0.0772915	-0.0772915	
0.104356	0.290021	0.455554	0.567605	0.622194	0.601112	0.496222	0.31818	0.102015	-0.143385	-0.393536	-0.60497	-0.770733	-0.876572	-0.910428	-0.882731	-0.799863	-0.678673	-0.547847	-0.442681	-0.369779	-0.331628	-0.341367	-0.359753	-0.373058	-0.3776	-0.351971	-0.309339	-0.257584	-0.2054	-0.160127	-0.124043	-0.090047	-0.0364764	0.0265058	0.0877794	0.156494	0.210253	0.225014	0.22212	0.211486	0.179577	0.13378	0.0779887	0.00983829	-0.0629268	-0.134268	-0.192525	-0.224014	-0.224014	
0.115377	0.327973	0.520197	0.658985	0.724308	0.696534	0.57133	0.367878	0.11192	-0.167293	-0.438043	-0.662851	-0.822354	-0.913773	-0.929084	-0.887911	-0.795816	-0.672333	-0.542125	-0.427319	-0.35147	-0.313143	-0.318011	-0.342658	-0.369684	-0.391766	-0.386425	-0.35409	-0.299169	-0.235387	-0.180762	-0.139799	-0.0996611	-0.0380328	0.0430895	0.12972	0.212176	0.275124	0.308846	0.317108	0.300577	0.255754	0.184986	0.0905504	-0.0210509	-0.134268	-0.231394	-0.299932	-0.335555	-0.335555	
0.129282	0.361985	0.574699	0.735858	0.803287	0.763712	0.62224	0.392917	0.0936012	-0.215114	-0.48768	-0.704116	-0.848177	-0.920759	-0.930089	-0.885688	-0.794589	-0.673548	-0.540364	-0.418152	-0.337823	-0.306239	-0.305647	-0.32864	-0.359572	-0.3813	-0.391134	-0.374455	-0.331667	-0.277723	-0.2225	-0.170512	-0.114548	-0.044738	0.0534546	0.170139	0.266646	0.335991	0.386066	0.398358	0.365316	0.301926	0.211021	0.0874056	-0.0563886	-0.192525	-0.299932	-0.370603	-0.403747	-0.403747	
0.138269	0.387621	0.613549	0.78672	0.857679	0.808081	0.651101	0.395544	0.0731829	-0.250815	-0.521062	-0.728061	-0.860376	-0.918985	-0.933427	-0.892841	-0.804438	-0.682202	-0.540016	-0.409193	-0.324574	-0.298679	-0.297841	-0.318568	-0.347298	-0.36504	-0.381035	-0.380404	-0.352293	-0.30846	-0.261067	-0.202049	-0.13217	-0.0487208	0.0691952	0.197832	0.300396	0.37434	0.425429	0.441501	0.406758	0.329062	0.217346	0.0769718	-0.0772915	-0.224014	-0.335555	-0.403747	-0.438208	-0.438208	
0.138269	0.387621	0.613549	0.78672	0.857679	0.808081	0.651101	0.395544	0.0731829	-0.250815	-0.521062	-0.728061	-0.860376	-0.918985	-0.933427	-0.892841	-0.804438	-0.682202	-0.540016	-0.409193	-0.324574	-0.298679	-0.297841	-0.318568	-0.347298	-0.36504	-0.381035	-0.380404	-0.352293	-0.30846	-0.261067	-0.202049	-0.13217	-0.0487208	0.0691952	0.197832	0.300396	0.37434	0.425429	0.441501	0.406758	0.329062	0.217346	0.0769718	-0.0772915	-0.224014	-0.335555	-0.403747	-0.438208	-0.438208	
