-0.351694	0.0594341	0.359551	0.725166	0.248768	0.248768	
0.0594341	0.474149	0.0839381	0.190335	-0.419374	-0.419374	
0.359551	0.0839381	0.34715	0.562706	-0.816554	-0.816554	
0.725166	0.190335	0.562706	0.366167	-0.0203164	-0.0203164	
0.248768	-0.419374	-0.816554	-0.0203164	2.27536	2.27536	
0.248768	-0.419374	-0.816554	-0.0203164	2.27536	2.27536	
