1.61302	1.61302	0.723299	0.223886	0.590475	0.522729	
1.61302	1.61302	0.723299	0.223886	0.590475	0.522729	
0.723299	0.723299	-0.150464	-0.776636	-0.210904	-0.131199	
0.223886	0.223886	-0.776636	-1.15595	-0.889676	-0.0118745	
0.590475	0.590475	-0.210904	-0.889676	-0.251137	0.283607	
0.522729	0.522729	-0.131199	-0.0118745	0.283607	0.828607	
