-0.195145	-0.399986	-0.56705	-0.677103	-0.728908	-0.717082	-0.632024	-0.477733	-0.263572	-0.0323799	0.189486	0.401269	0.611007	0.815311	1.01084	1.20767	1.41366	1.6109	1.76085	1.83463	1.81758	1.7174	1.54931	1.34893	1.15471	0.963748	0.7663	0.559307	0.345555	0.126936	-0.107348	-0.344142	-0.54277	-0.671353	-0.724905	-0.710007	-0.627868	-0.488102	-0.300178	-0.0781716	0.135983	0.315032	0.454537	0.529235	0.527588	0.479119	0.411626	0.344266	0.30223	0.30223	
-0.399986	-0.614144	-0.778381	-0.881533	-0.926914	-0.903448	-0.802771	-0.620507	-0.377378	-0.123682	0.113941	0.331965	0.542201	0.740339	0.920128	1.09122	1.26704	1.43495	1.56916	1.65106	1.66244	1.61008	1.50764	1.37745	1.24278	1.09929	0.93867	0.754167	0.549627	0.329732	0.0845627	-0.173741	-0.402208	-0.559809	-0.636524	-0.641531	-0.581062	-0.464348	-0.291249	-0.0702081	0.151855	0.339056	0.480541	0.55169	0.542988	0.481124	0.393577	0.304487	0.247171	0.247171	
-0.56705	-0.778381	-0.937284	-1.03545	-1.07378	-1.04023	-0.921693	-0.720263	-0.463701	-0.203407	0.0331564	0.24773	0.45075	0.632093	0.785154	0.92083	1.05362	1.18334	1.29929	1.38111	1.41598	1.4131	1.37517	1.32043	1.2611	1.17975	1.06449	0.909712	0.726853	0.52396	0.28588	0.0207629	-0.225575	-0.406729	-0.509058	-0.537817	-0.499784	-0.406817	-0.254741	-0.0462561	0.174239	0.366304	0.508145	0.570877	0.54788	0.469714	0.370786	0.278182	0.220638	0.220638	
-0.677103	-0.881533	-1.03545	-1.12758	-1.15934	-1.11163	-0.982058	-0.773681	-0.518288	-0.266048	-0.0360484	0.171967	0.361624	0.518588	0.635603	0.722499	0.80315	0.888338	0.974495	1.05038	1.10361	1.13754	1.15914	1.18091	1.19506	1.17907	1.12054	1.01033	0.860234	0.680212	0.461724	0.212136	-0.0331293	-0.22928	-0.353932	-0.404339	-0.385945	-0.310887	-0.175371	0.0154928	0.219587	0.398113	0.525245	0.573299	0.538859	0.452862	0.354348	0.271098	0.222223	0.222223	
-0.728908	-0.926914	-1.07378	-1.15934	-1.17745	-1.11848	-0.98458	-0.779292	-0.53727	-0.296459	-0.0756012	0.120856	0.289255	0.410455	0.478664	0.512168	0.539392	0.577386	0.637175	0.702996	0.759955	0.818117	0.882507	0.962078	1.0438	1.09858	1.10431	1.04312	0.928091	0.777652	0.588322	0.363653	0.135573	-0.0534862	-0.18354	-0.246491	-0.240026	-0.173859	-0.0498562	0.118544	0.291026	0.43482	0.529764	0.559747	0.524765	0.445671	0.355978	0.282403	0.239715	0.239715	
-0.717082	-0.903448	-1.04023	-1.11163	-1.11848	-1.05561	-0.928586	-0.740851	-0.519083	-0.295164	-0.0883996	0.0910418	0.229118	0.305729	0.324737	0.307155	0.283731	0.28295	0.315011	0.363566	0.420005	0.487761	0.577766	0.703448	0.838697	0.950195	1.0116	1.00003	0.925752	0.80324	0.638667	0.447345	0.255728	0.0950536	-0.0162688	-0.0691823	-0.0639055	-0.00700299	0.101314	0.242956	0.380016	0.484754	0.542887	0.552625	0.518966	0.45066	0.371846	0.306906	0.268667	0.268667	
-0.632024	-0.802771	-0.921693	-0.982058	-0.98458	-0.928586	-0.820718	-0.655866	-0.459676	-0.257025	-0.0703466	0.081256	0.17668	0.203118	0.17102	0.106338	0.0451587	0.0133892	0.0255062	0.0659833	0.117836	0.186511	0.289894	0.436365	0.599042	0.749102	0.855754	0.888388	0.847103	0.748889	0.615188	0.463694	0.317021	0.204052	0.133947	0.104348	0.113297	0.16212	0.253305	0.369426	0.480719	0.559841	0.588579	0.574736	0.531811	0.464567	0.393071	0.338996	0.308825	0.308825	
-0.477733	-0.620507	-0.720263	-0.773681	-0.779292	-0.740851	-0.655866	-0.520703	-0.357426	-0.186019	-0.033766	0.0760488	0.121693	0.0970663	0.0221607	-0.0720185	-0.157927	-0.206753	-0.204587	-0.175116	-0.130476	-0.0676589	0.0318048	0.180594	0.35116	0.517187	0.64739	0.710198	0.703836	0.640219	0.54111	0.43122	0.333672	0.266614	0.234338	0.2342	0.259062	0.309883	0.392251	0.49383	0.592915	0.659261	0.667542	0.63101	0.570987	0.493988	0.421522	0.374373	0.351649	0.351649	
-0.263572	-0.377378	-0.463701	-0.518288	-0.53727	-0.519083	-0.459676	-0.357426	-0.231449	-0.0992259	0.0119002	0.0785024	0.0769385	0.0111363	-0.0908521	-0.204282	-0.30357	-0.362383	-0.373893	-0.355133	-0.32118	-0.274385	-0.188237	-0.0545498	0.101638	0.264184	0.40604	0.500344	0.532386	0.5018	0.438542	0.368823	0.306982	0.271585	0.272546	0.303081	0.352124	0.423673	0.517738	0.617488	0.709639	0.76747	0.762863	0.711543	0.637875	0.54835	0.465171	0.411492	0.386819	0.386819	
-0.0323799	-0.123682	-0.203407	-0.266048	-0.296459	-0.295164	-0.257025	-0.186019	-0.0992259	-0.00851555	0.0631514	0.0907586	0.0526475	-0.0377325	-0.154562	-0.273919	-0.378264	-0.448952	-0.475982	-0.475993	-0.464228	-0.438661	-0.373793	-0.263797	-0.1263	0.0271865	0.173299	0.285544	0.341684	0.340984	0.311142	0.273373	0.242821	0.234891	0.259029	0.316037	0.399469	0.506667	0.62364	0.730263	0.820662	0.871914	0.858762	0.800197	0.719697	0.620608	0.522829	0.453199	0.418918	0.418918	
0.189486	0.113941	0.0331564	-0.0360484	-0.0756012	-0.0883996	-0.0703466	-0.033766	0.0119002	0.0631514	0.10116	0.101503	0.045052	-0.0546398	-0.170816	-0.286728	-0.395242	-0.476375	-0.523698	-0.546836	-0.554015	-0.545917	-0.498721	-0.411902	-0.30004	-0.170479	-0.0424966	0.0676407	0.136971	0.155643	0.150561	0.146838	0.151706	0.171641	0.221846	0.307138	0.420192	0.558801	0.703105	0.825961	0.919947	0.965824	0.945373	0.87963	0.791962	0.687384	0.582872	0.504347	0.464348	0.464348	
0.401269	0.331965	0.24773	0.171967	0.120856	0.0910418	0.081256	0.0760488	0.0785024	0.0907586	0.101503	0.0865064	0.0237534	-0.0694036	-0.171699	-0.275674	-0.37544	-0.458014	-0.51758	-0.552703	-0.572075	-0.575587	-0.545723	-0.488936	-0.412686	-0.322914	-0.228845	-0.137769	-0.0787246	-0.0569926	-0.0396562	-0.0070431	0.0409091	0.10281	0.185238	0.292998	0.430103	0.597253	0.765406	0.903293	1.00196	1.04264	1.01254	0.934415	0.836251	0.731742	0.63486	0.56368	0.528467	0.528467	
0.611007	0.542201	0.45075	0.361624	0.289255	0.229118	0.17668	0.121693	0.0769385	0.0526475	0.045052	0.0237534	-0.0288411	-0.0988122	-0.174653	-0.251028	-0.329861	-0.404249	-0.465265	-0.506429	-0.532459	-0.541224	-0.525821	-0.498178	-0.461593	-0.419127	-0.372278	-0.322808	-0.28988	-0.270935	-0.239196	-0.175271	-0.0816013	0.0257608	0.146147	0.286965	0.452638	0.639611	0.820147	0.966101	1.06227	1.09099	1.04969	0.960988	0.855068	0.755895	0.674832	0.619051	0.593245	0.593245	
0.815311	0.740339	0.632093	0.518588	0.410455	0.305729	0.203118	0.0970663	0.0111363	-0.0377325	-0.0546398	-0.0694036	-0.0988122	-0.137752	-0.178298	-0.222955	-0.27816	-0.338655	-0.396848	-0.439722	-0.464919	-0.470569	-0.464342	-0.461655	-0.460005	-0.463998	-0.467541	-0.461023	-0.458137	-0.455538	-0.424827	-0.341929	-0.211506	-0.0565433	0.111989	0.291519	0.485262	0.68888	0.874368	1.01506	1.09531	1.10757	1.06022	0.969498	0.862404	0.770037	0.70086	0.653571	0.631486	0.631486	
1.01084	0.920128	0.785154	0.635603	0.478664	0.324737	0.17102	0.0221607	-0.0908521	-0.154562	-0.170816	-0.171699	-0.174653	-0.178298	-0.184689	-0.201423	-0.233216	-0.281217	-0.337304	-0.379821	-0.400549	-0.400109	-0.396845	-0.406308	-0.428696	-0.46771	-0.507585	-0.540585	-0.573857	-0.591612	-0.566518	-0.475188	-0.319682	-0.128179	0.0777854	0.292866	0.517162	0.734252	0.916621	1.04661	1.10971	1.10731	1.05809	0.971317	0.866571	0.776603	0.708286	0.657463	0.630976	0.630976	
1.20767	1.09122	0.92083	0.722499	0.512168	0.307155	0.106338	-0.0720185	-0.204282	-0.273919	-0.286728	-0.275674	-0.251028	-0.222955	-0.201423	-0.193384	-0.206375	-0.246035	-0.298952	-0.340796	-0.357774	-0.347673	-0.33989	-0.354509	-0.390646	-0.448187	-0.513434	-0.578125	-0.632344	-0.657917	-0.638133	-0.549207	-0.388474	-0.181745	0.046858	0.286526	0.529818	0.755198	0.940419	1.06829	1.11972	1.10595	1.05505	0.969839	0.863249	0.768582	0.693873	0.635032	0.601831	0.601831	
1.41366	1.26704	1.05362	0.80315	0.539392	0.283731	0.0451587	-0.157927	-0.30357	-0.378264	-0.395242	-0.37544	-0.329861	-0.27816	-0.233216	-0.206375	-0.206698	-0.237425	-0.28617	-0.328827	-0.338261	-0.317286	-0.306144	-0.318728	-0.357418	-0.423487	-0.500048	-0.576343	-0.636409	-0.664713	-0.649452	-0.567689	-0.413746	-0.208947	0.0214735	0.267913	0.523123	0.759798	0.953477	1.0842	1.13084	1.10937	1.05071	0.958046	0.844585	0.742692	0.662179	0.599803	0.563946	0.563946	
1.6109	1.43495	1.18334	0.888338	0.577386	0.28295	0.0133892	-0.206753	-0.362383	-0.448952	-0.476375	-0.458014	-0.404249	-0.338655	-0.281217	-0.246035	-0.237425	-0.260364	-0.305754	-0.34218	-0.340779	-0.312432	-0.290793	-0.292678	-0.329365	-0.391839	-0.466911	-0.550071	-0.61493	-0.64199	-0.624882	-0.549759	-0.411558	-0.220865	0.00535062	0.257986	0.521608	0.764297	0.964273	1.09794	1.14034	1.10831	1.03492	0.930882	0.81193	0.705479	0.623577	0.564781	0.53188	0.53188	
1.76085	1.56916	1.29929	0.974495	0.637175	0.315011	0.0255062	-0.204587	-0.373893	-0.475982	-0.523698	-0.51758	-0.465265	-0.396848	-0.337304	-0.298952	-0.28617	-0.305754	-0.342979	-0.37002	-0.36056	-0.32039	-0.284211	-0.275929	-0.303122	-0.356633	-0.434654	-0.525513	-0.591062	-0.613643	-0.59371	-0.525572	-0.399431	-0.214314	0.0141264	0.271508	0.538083	0.783112	0.982315	1.10703	1.13808	1.09431	1.00577	0.89238	0.773422	0.667782	0.588454	0.536823	0.509528	0.509528	
1.83463	1.65106	1.38111	1.05038	0.702996	0.363566	0.0659833	-0.175116	-0.355133	-0.475993	-0.546836	-0.552703	-0.506429	-0.439722	-0.379821	-0.340796	-0.328827	-0.34218	-0.37002	-0.38972	-0.370415	-0.326133	-0.287396	-0.272638	-0.295429	-0.349146	-0.430313	-0.521156	-0.583917	-0.601987	-0.573418	-0.497376	-0.368741	-0.184127	0.0476994	0.311686	0.579219	0.817282	1.00121	1.10629	1.12432	1.07048	0.968826	0.85102	0.738572	0.638048	0.562025	0.516757	0.494941	0.494941	
1.81758	1.66244	1.41598	1.10361	0.759955	0.420005	0.117836	-0.130476	-0.32118	-0.464228	-0.554015	-0.572075	-0.532459	-0.464919	-0.400549	-0.357774	-0.338261	-0.340779	-0.36056	-0.370415	-0.355152	-0.328714	-0.300577	-0.29636	-0.328471	-0.384766	-0.467072	-0.554774	-0.610418	-0.612484	-0.556282	-0.45722	-0.31927	-0.128781	0.112533	0.379134	0.635852	0.856871	1.01797	1.09795	1.1009	1.0391	0.930888	0.815206	0.712383	0.618499	0.545422	0.50405	0.486035	0.486035	
1.7174	1.61008	1.4131	1.13754	0.818117	0.487761	0.186511	-0.0676589	-0.274385	-0.438661	-0.545917	-0.575587	-0.541224	-0.470569	-0.400109	-0.347673	-0.317286	-0.312432	-0.32039	-0.326133	-0.328714	-0.324954	-0.322074	-0.343657	-0.389063	-0.45676	-0.546427	-0.626363	-0.663448	-0.635372	-0.543853	-0.414729	-0.251665	-0.0428576	0.205864	0.46746	0.70947	0.906945	1.0333	1.07991	1.06627	0.999953	0.892369	0.7839	0.692479	0.60806	0.53935	0.499417	0.48277	0.48277	
1.54931	1.50764	1.37517	1.15914	0.882507	0.577766	0.289894	0.0318048	-0.188237	-0.373793	-0.498721	-0.545723	-0.525821	-0.464342	-0.396845	-0.33989	-0.306144	-0.290793	-0.284211	-0.287396	-0.300577	-0.322074	-0.35333	-0.399739	-0.463279	-0.548111	-0.639213	-0.704106	-0.719647	-0.665295	-0.540883	-0.370127	-0.168964	0.0622163	0.321849	0.582056	0.804715	0.966078	1.04812	1.05764	1.0219	0.947458	0.845279	0.749755	0.672457	0.601889	0.541686	0.503529	0.487251	0.487251	
1.34893	1.37745	1.32043	1.18091	0.962078	0.703448	0.436365	0.180594	-0.0545498	-0.263797	-0.411902	-0.488936	-0.498178	-0.461655	-0.406308	-0.354509	-0.318728	-0.292678	-0.275929	-0.272638	-0.29636	-0.343657	-0.399739	-0.464451	-0.540485	-0.63047	-0.714335	-0.763581	-0.760468	-0.680471	-0.520161	-0.309223	-0.0731823	0.18455	0.456496	0.707883	0.905427	1.02941	1.06646	1.03509	0.969478	0.883221	0.789159	0.707064	0.642483	0.589614	0.545234	0.513759	0.49946	0.49946	
1.15471	1.24278	1.2611	1.19506	1.0438	0.838697	0.599042	0.35116	0.101638	-0.1263	-0.30004	-0.412686	-0.461593	-0.460005	-0.428696	-0.390646	-0.357418	-0.329365	-0.303122	-0.295429	-0.328471	-0.389063	-0.463279	-0.540485	-0.619173	-0.704798	-0.770654	-0.792158	-0.753887	-0.636406	-0.44777	-0.21132	0.0534738	0.328005	0.593209	0.8244	0.994597	1.07876	1.07388	1.01052	0.919686	0.820864	0.730836	0.655034	0.597352	0.562045	0.538651	0.520155	0.511272	0.511272	
0.963748	1.09929	1.17975	1.17907	1.09858	0.950195	0.749102	0.517187	0.264184	0.0271865	-0.170479	-0.322914	-0.419127	-0.463998	-0.46771	-0.448187	-0.423487	-0.391839	-0.356633	-0.349146	-0.384766	-0.45676	-0.548111	-0.63047	-0.704798	-0.769168	-0.794821	-0.76696	-0.675578	-0.520551	-0.311824	-0.0544898	0.224922	0.491616	0.729439	0.923607	1.05026	1.09239	1.06153	0.98265	0.874267	0.765244	0.676512	0.600692	0.542751	0.517717	0.511819	0.50752	0.505436	0.505436	
0.7663	0.93867	1.06449	1.12054	1.10431	1.0116	0.855754	0.64739	0.40604	0.173299	-0.0424966	-0.228845	-0.372278	-0.467541	-0.507585	-0.513434	-0.500048	-0.466911	-0.434654	-0.430313	-0.467072	-0.546427	-0.639213	-0.714335	-0.770654	-0.794821	-0.767008	-0.680695	-0.534476	-0.341419	-0.108856	0.157312	0.426671	0.667459	0.862349	1.00226	1.07765	1.08234	1.0306	0.938756	0.820651	0.70974	0.623218	0.546873	0.48731	0.463504	0.462936	0.464427	0.464515	0.464515	
0.559307	0.754167	0.909712	1.01033	1.04312	1.00003	0.888388	0.710198	0.500344	0.285544	0.0676407	-0.137769	-0.322808	-0.461023	-0.540585	-0.578125	-0.576343	-0.550071	-0.525513	-0.521156	-0.554774	-0.626363	-0.704106	-0.763581	-0.792158	-0.76696	-0.680695	-0.534764	-0.334227	-0.104993	0.135585	0.385125	0.629121	0.837923	0.988068	1.07645	1.1009	1.06325	0.984148	0.876342	0.750946	0.639066	0.554441	0.48496	0.431902	0.404782	0.396197	0.391631	0.387241	0.387241	
0.345555	0.549627	0.726853	0.860234	0.928091	0.925752	0.847103	0.703836	0.532386	0.341684	0.136971	-0.0787246	-0.28988	-0.458137	-0.573857	-0.632344	-0.636409	-0.61493	-0.591062	-0.583917	-0.610418	-0.663448	-0.719647	-0.760468	-0.753887	-0.675578	-0.534476	-0.334227	-0.0919384	0.150253	0.379727	0.605858	0.820001	0.994914	1.10666	1.1476	1.12094	1.04313	0.933292	0.799397	0.66031	0.544296	0.460384	0.403182	0.364046	0.335017	0.315354	0.302811	0.294168	0.294168	
0.126936	0.329732	0.52396	0.680212	0.777652	0.80324	0.748889	0.640219	0.5018	0.340984	0.155643	-0.0569926	-0.270935	-0.455538	-0.591612	-0.657917	-0.664713	-0.64199	-0.613643	-0.601987	-0.612484	-0.635372	-0.665295	-0.680471	-0.636406	-0.520551	-0.341419	-0.104993	0.150253	0.389829	0.61264	0.815379	0.992396	1.13217	1.20828	1.20567	1.13509	1.01724	0.866385	0.702374	0.554531	0.434857	0.346342	0.296559	0.270371	0.244688	0.223914	0.214838	0.210831	0.210831	
-0.107348	0.0845627	0.28588	0.461724	0.588322	0.638667	0.615188	0.54111	0.438542	0.311142	0.150561	-0.0396562	-0.239196	-0.424827	-0.566518	-0.638133	-0.649452	-0.624882	-0.59371	-0.573418	-0.556282	-0.543853	-0.540883	-0.520161	-0.44777	-0.311824	-0.108856	0.135585	0.379727	0.61264	0.822096	0.992253	1.13399	1.24319	1.28615	1.24269	1.12459	0.958333	0.76933	0.589165	0.440432	0.317748	0.224111	0.175478	0.15567	0.138806	0.130172	0.136417	0.144754	0.144754	
-0.344142	-0.173741	0.0207629	0.212136	0.363653	0.447345	0.463694	0.43122	0.368823	0.273373	0.146838	-0.0070431	-0.175271	-0.341929	-0.475188	-0.549207	-0.567689	-0.549759	-0.525572	-0.497376	-0.45722	-0.414729	-0.370127	-0.309223	-0.21132	-0.0544898	0.157312	0.385125	0.605858	0.815379	0.992253	1.13073	1.24305	1.31483	1.31418	1.22477	1.06253	0.861215	0.65112	0.463868	0.315909	0.196896	0.106795	0.0580841	0.0415765	0.038892	0.0472135	0.0661281	0.082884	0.082884	
-0.54277	-0.402208	-0.225575	-0.0331293	0.135573	0.255728	0.317021	0.333672	0.306982	0.242821	0.151706	0.0409091	-0.0816013	-0.211506	-0.319682	-0.388474	-0.413746	-0.411558	-0.399431	-0.368741	-0.31927	-0.251665	-0.168964	-0.0731823	0.0534738	0.224922	0.426671	0.629121	0.820001	0.992396	1.13399	1.24305	1.31048	1.3184	1.25845	1.12971	0.944661	0.728757	0.514127	0.332612	0.192166	0.0827723	0.00416474	-0.0390241	-0.0491741	-0.0368912	-0.0179422	-0.000435773	0.0123141	0.0123141	
-0.671353	-0.559809	-0.406729	-0.22928	-0.0534862	0.0950536	0.204052	0.266614	0.271585	0.234891	0.171641	0.10281	0.0257608	-0.0565433	-0.128179	-0.181745	-0.208947	-0.220865	-0.214314	-0.184127	-0.128781	-0.0428576	0.0622163	0.18455	0.328005	0.491616	0.667459	0.837923	0.994914	1.13217	1.24319	1.31483	1.3184	1.24983	1.13055	0.968616	0.768683	0.555581	0.363982	0.207556	0.0803843	-0.0127075	-0.0687177	-0.100189	-0.107634	-0.0904088	-0.0710236	-0.0642532	-0.0631816	-0.0631816	
-0.724905	-0.636524	-0.509058	-0.353932	-0.18354	-0.0162688	0.133947	0.234338	0.272546	0.259029	0.221846	0.185238	0.146147	0.111989	0.0777854	0.046858	0.0214735	0.00535062	0.0141264	0.0476994	0.112533	0.205864	0.321849	0.456496	0.593209	0.729439	0.862349	0.988068	1.10666	1.20828	1.28615	1.31418	1.25845	1.13055	0.960196	0.76252	0.556164	0.367642	0.212007	0.0829093	-0.0187386	-0.076007	-0.100829	-0.122893	-0.136979	-0.130297	-0.120855	-0.123876	-0.130527	-0.130527	
-0.710007	-0.641531	-0.537817	-0.404339	-0.246491	-0.0691823	0.104348	0.2342	0.303081	0.316037	0.307138	0.292998	0.286965	0.291519	0.292866	0.286526	0.267913	0.257986	0.271508	0.311686	0.379134	0.46746	0.582056	0.707883	0.8244	0.923607	1.00226	1.07645	1.1476	1.20567	1.24269	1.22477	1.12971	0.968616	0.76252	0.548219	0.357795	0.197129	0.0649998	-0.0353477	-0.0938739	-0.109824	-0.111114	-0.123421	-0.14206	-0.155913	-0.166119	-0.176119	-0.183531	-0.183531	
-0.627868	-0.581062	-0.499784	-0.385945	-0.240026	-0.0639055	0.113297	0.259062	0.352124	0.399469	0.420192	0.430103	0.452638	0.485262	0.517162	0.529818	0.523123	0.521608	0.538083	0.579219	0.635852	0.70947	0.804715	0.905427	0.994597	1.05026	1.07765	1.1009	1.12094	1.13509	1.12459	1.06253	0.944661	0.768683	0.556164	0.357795	0.192764	0.054504	-0.0512968	-0.11471	-0.136637	-0.133894	-0.126259	-0.123747	-0.136587	-0.166455	-0.195782	-0.213693	-0.223104	-0.223104	
-0.488102	-0.464348	-0.406817	-0.310887	-0.173859	-0.00700299	0.16212	0.309883	0.423673	0.506667	0.558801	0.597253	0.639611	0.68888	0.734252	0.755198	0.759798	0.764297	0.783112	0.817282	0.856871	0.906945	0.966078	1.02941	1.07876	1.09239	1.08234	1.06325	1.04313	1.01724	0.958333	0.861215	0.728757	0.555581	0.367642	0.197129	0.054504	-0.0513578	-0.116915	-0.146565	-0.151701	-0.151884	-0.149403	-0.139228	-0.1422	-0.171665	-0.206506	-0.230379	-0.243875	-0.243875	
-0.300178	-0.291249	-0.254741	-0.175371	-0.0498562	0.101314	0.253305	0.392251	0.517738	0.62364	0.703105	0.765406	0.820147	0.874368	0.916621	0.940419	0.953477	0.964273	0.982315	1.00121	1.01797	1.0333	1.04812	1.06646	1.07388	1.06153	1.0306	0.984148	0.933292	0.866385	0.76933	0.65112	0.514127	0.363982	0.212007	0.0649998	-0.0512968	-0.116915	-0.1443	-0.149181	-0.149075	-0.160348	-0.170234	-0.165867	-0.16616	-0.185253	-0.210333	-0.228	-0.236518	-0.236518	
-0.0781716	-0.0702081	-0.0462561	0.0154928	0.118544	0.242956	0.369426	0.49383	0.617488	0.730263	0.825961	0.903293	0.966101	1.01506	1.04661	1.06829	1.0842	1.09794	1.10703	1.10629	1.09795	1.07991	1.05764	1.03509	1.01052	0.98265	0.938756	0.876342	0.799397	0.702374	0.589165	0.463868	0.332612	0.207556	0.0829093	-0.0353477	-0.11471	-0.146565	-0.149181	-0.143307	-0.148633	-0.165305	-0.179211	-0.189641	-0.200079	-0.208068	-0.213388	-0.213753	-0.209416	-0.209416	
0.135983	0.151855	0.174239	0.219587	0.291026	0.380016	0.480719	0.592915	0.709639	0.820662	0.919947	1.00196	1.06227	1.09531	1.10971	1.11972	1.13084	1.14034	1.13808	1.12432	1.1009	1.06627	1.0219	0.969478	0.919686	0.874267	0.820651	0.750946	0.66031	0.554531	0.440432	0.315909	0.192166	0.0803843	-0.0187386	-0.0938739	-0.136637	-0.151701	-0.149075	-0.148633	-0.157671	-0.165323	-0.180174	-0.210773	-0.230495	-0.223045	-0.207768	-0.196408	-0.187448	-0.187448	
0.315032	0.339056	0.366304	0.398113	0.43482	0.484754	0.559841	0.659261	0.76747	0.871914	0.965824	1.04264	1.09099	1.10757	1.10731	1.10595	1.10937	1.10831	1.09431	1.07048	1.0391	0.999953	0.947458	0.883221	0.820864	0.765244	0.70974	0.639066	0.544296	0.434857	0.317748	0.196896	0.0827723	-0.0127075	-0.076007	-0.109824	-0.133894	-0.151884	-0.160348	-0.165305	-0.165323	-0.166524	-0.190078	-0.226389	-0.238156	-0.219283	-0.196325	-0.184862	-0.181558	-0.181558	
0.454537	0.480541	0.508145	0.525245	0.529764	0.542887	0.588579	0.667542	0.762863	0.858762	0.945373	1.01254	1.04969	1.06022	1.05809	1.05505	1.05071	1.03492	1.00577	0.968826	0.930888	0.892369	0.845279	0.789159	0.730836	0.676512	0.623218	0.554441	0.460384	0.346342	0.224111	0.106795	0.00416474	-0.0687177	-0.100829	-0.111114	-0.126259	-0.149403	-0.170234	-0.179211	-0.180174	-0.190078	-0.208523	-0.217966	-0.215492	-0.206796	-0.193119	-0.183104	-0.182389	-0.182389	
0.529235	0.55169	0.570877	0.573299	0.559747	0.552625	0.574736	0.63101	0.711543	0.800197	0.87963	0.934415	0.960988	0.969498	0.971317	0.969839	0.958046	0.930882	0.89238	0.85102	0.815206	0.7839	0.749755	0.707064	0.655034	0.600692	0.546873	0.48496	0.403182	0.296559	0.175478	0.0580841	-0.0390241	-0.100189	-0.122893	-0.123421	-0.123747	-0.139228	-0.165867	-0.189641	-0.210773	-0.226389	-0.217966	-0.192883	-0.184205	-0.19321	-0.194911	-0.187858	-0.184552	-0.184552	
0.527588	0.542988	0.54788	0.538859	0.524765	0.518966	0.531811	0.570987	0.637875	0.719697	0.791962	0.836251	0.855068	0.862404	0.866571	0.863249	0.844585	0.81193	0.773422	0.738572	0.712383	0.692479	0.672457	0.642483	0.597352	0.542751	0.48731	0.431902	0.364046	0.270371	0.15567	0.0415765	-0.0491741	-0.107634	-0.136979	-0.14206	-0.136587	-0.1422	-0.16616	-0.200079	-0.230495	-0.238156	-0.215492	-0.184205	-0.170555	-0.176643	-0.187726	-0.192157	-0.19069	-0.19069	
0.479119	0.481124	0.469714	0.452862	0.445671	0.45066	0.464567	0.493988	0.54835	0.620608	0.687384	0.731742	0.755895	0.770037	0.776603	0.768582	0.742692	0.705479	0.667782	0.638048	0.618499	0.60806	0.601889	0.589614	0.562045	0.517717	0.463504	0.404782	0.335017	0.244688	0.138806	0.038892	-0.0368912	-0.0904088	-0.130297	-0.155913	-0.166455	-0.171665	-0.185253	-0.208068	-0.223045	-0.219283	-0.206796	-0.19321	-0.176643	-0.167286	-0.175918	-0.190053	-0.195543	-0.195543	
0.411626	0.393577	0.370786	0.354348	0.355978	0.371846	0.393071	0.421522	0.465171	0.522829	0.582872	0.63486	0.674832	0.70086	0.708286	0.693873	0.662179	0.623577	0.588454	0.562025	0.545422	0.53935	0.541686	0.545234	0.538651	0.511819	0.462936	0.396197	0.315354	0.223914	0.130172	0.0472135	-0.0179422	-0.0710236	-0.120855	-0.166119	-0.195782	-0.206506	-0.210333	-0.213388	-0.207768	-0.196325	-0.193119	-0.194911	-0.187726	-0.175918	-0.174205	-0.182668	-0.190276	-0.190276	
0.344266	0.304487	0.278182	0.271098	0.282403	0.306906	0.338996	0.374373	0.411492	0.453199	0.504347	0.56368	0.619051	0.653571	0.657463	0.635032	0.599803	0.564781	0.536823	0.516757	0.50405	0.499417	0.503529	0.513759	0.520155	0.50752	0.464427	0.391631	0.302811	0.214838	0.136417	0.0661281	-0.000435773	-0.0642532	-0.123876	-0.176119	-0.213693	-0.230379	-0.228	-0.213753	-0.196408	-0.184862	-0.183104	-0.187858	-0.192157	-0.190053	-0.182668	-0.1777	-0.17768	-0.17768	
0.30223	0.247171	0.220638	0.222223	0.239715	0.268667	0.308825	0.351649	0.386819	0.418918	0.464348	0.528467	0.593245	0.631486	0.630976	0.601831	0.563946	0.53188	0.509528	0.494941	0.486035	0.48277	0.487251	0.49946	0.511272	0.505436	0.464515	0.387241	0.294168	0.210831	0.144754	0.082884	0.0123141	-0.0631816	-0.130527	-0.183531	-0.223104	-0.243875	-0.236518	-0.209416	-0.187448	-0.181558	-0.182389	-0.184552	-0.19069	-0.195543	-0.190276	-0.17768	-0.168236	-0.168236	
0.30223	0.247171	0.220638	0.222223	0.239715	0.268667	0.308825	0.351649	0.386819	0.418918	0.464348	0.528467	0.593245	0.631486	0.630976	0.601831	0.563946	0.53188	0.509528	0.494941	0.486035	0.48277	0.487251	0.49946	0.511272	0.505436	0.464515	0.387241	0.294168	0.210831	0.144754	0.082884	0.0123141	-0.0631816	-0.130527	-0.183531	-0.223104	-0.243875	-0.236518	-0.209416	-0.187448	-0.181558	-0.182389	-0.184552	-0.19069	-0.195543	-0.190276	-0.17768	-0.168236	-0.168236	
