-0.303489	-0.491615	-0.645958	-0.749713	-0.791468	-0.771425	-0.682167	-0.536846	-0.344715	-0.133676	0.0725061	0.275473	0.484739	0.701063	0.92055	1.15065	1.39209	1.61993	1.79032	1.87679	1.86823	1.7697	1.59551	1.37601	1.15961	0.954059	0.747732	0.543338	0.341487	0.13865	-0.0747041	-0.2893	-0.474038	-0.604443	-0.669568	-0.668583	-0.600689	-0.47303	-0.302649	-0.105392	0.0928801	0.272376	0.423739	0.51736	0.538831	0.516083	0.473659	0.427287	0.398808	0.398808	
-0.491615	-0.697946	-0.858416	-0.957691	-0.996305	-0.96842	-0.867052	-0.69801	-0.473402	-0.236615	-0.0128428	0.196606	0.40391	0.611814	0.814994	1.02019	1.23449	1.43931	1.59643	1.68979	1.7091	1.6547	1.53923	1.38629	1.2293	1.07066	0.90247	0.724572	0.535418	0.331253	0.102243	-0.137818	-0.350532	-0.504508	-0.588078	-0.604412	-0.555361	-0.446211	-0.28421	-0.0809957	0.126892	0.310863	0.461824	0.551499	0.564804	0.526737	0.460137	0.385788	0.337578	0.337578	
-0.645958	-0.858416	-1.01583	-1.11205	-1.14612	-1.11166	-0.996149	-0.804442	-0.560013	-0.310733	-0.0853092	0.118039	0.315768	0.505592	0.679344	0.846753	1.01875	1.18393	1.32088	1.41531	1.45507	1.44748	1.39556	1.31261	1.22612	1.12879	1.00753	0.860928	0.693783	0.507599	0.285942	0.03596	-0.197766	-0.372271	-0.47354	-0.507199	-0.477363	-0.390634	-0.246524	-0.0484515	0.164255	0.35551	0.508655	0.59092	0.588685	0.531065	0.445488	0.355886	0.298385	0.298385	
-0.749713	-0.957691	-1.11205	-1.20285	-1.23309	-1.18823	-1.05869	-0.854974	-0.60308	-0.356914	-0.139451	0.0549345	0.238946	0.404287	0.541853	0.660069	0.776255	0.893791	0.998328	1.08064	1.13518	1.16422	1.16804	1.15953	1.14751	1.11242	1.04222	0.935651	0.80194	0.643273	0.440871	0.201526	-0.033427	-0.220953	-0.340143	-0.389388	-0.373577	-0.303523	-0.175371	0.0119019	0.219018	0.407605	0.554774	0.62364	0.602992	0.528141	0.434502	0.347035	0.293731	0.293731	
-0.791468	-0.996305	-1.14612	-1.23309	-1.25506	-1.19772	-1.06135	-0.853434	-0.607227	-0.370557	-0.161371	0.0222984	0.188062	0.321499	0.411123	0.470596	0.528134	0.59224	0.662235	0.732186	0.788901	0.840207	0.888334	0.938486	0.990956	1.02127	1.01049	0.948748	0.846731	0.716395	0.544364	0.329753	0.106855	-0.0783518	-0.202677	-0.260911	-0.252275	-0.186785	-0.0642473	0.110624	0.297867	0.463473	0.588046	0.640202	0.611365	0.533633	0.44272	0.363081	0.315979	0.315979	
-0.771425	-0.96842	-1.11166	-1.18823	-1.19772	-1.13356	-0.997958	-0.800521	-0.570268	-0.347945	-0.151892	0.016553	0.156908	0.24861	0.286053	0.290033	0.290302	0.307403	0.347313	0.396307	0.447457	0.509064	0.582006	0.678667	0.788861	0.877448	0.919483	0.89844	0.828766	0.725446	0.577277	0.38958	0.195989	0.033497	-0.078435	-0.128916	-0.114942	-0.0480675	0.0704255	0.230474	0.390874	0.523011	0.616059	0.651804	0.625038	0.556442	0.474292	0.401673	0.35786	0.35786	
-0.682167	-0.867052	-0.996149	-1.05869	-1.06135	-0.997958	-0.877108	-0.699205	-0.490296	-0.286626	-0.107002	0.0395153	0.143092	0.18522	0.168709	0.116863	0.0683263	0.0472255	0.0599135	0.09581	0.142042	0.203789	0.292375	0.418528	0.563028	0.693018	0.779764	0.798192	0.755344	0.666872	0.538505	0.38258	0.225574	0.101694	0.0260469	-0.000380656	0.0213456	0.0866835	0.198684	0.344211	0.484477	0.593305	0.66074	0.679981	0.652787	0.591895	0.519751	0.457429	0.419753	0.419753	
-0.536846	-0.69801	-0.804442	-0.854974	-0.853434	-0.800521	-0.699205	-0.544404	-0.36248	-0.183289	-0.0306941	0.0796926	0.135078	0.122953	0.0535996	-0.0405955	-0.123462	-0.171488	-0.172006	-0.146363	-0.109669	-0.0529077	0.0357622	0.170635	0.331928	0.48699	0.603586	0.649091	0.628333	0.560632	0.45614	0.330537	0.213751	0.134039	0.0952496	0.0942659	0.128699	0.195463	0.301398	0.438072	0.573274	0.676564	0.729655	0.733495	0.699136	0.637999	0.572806	0.523528	0.496073	0.496073	
-0.344715	-0.473402	-0.560013	-0.60308	-0.607227	-0.570268	-0.490296	-0.36248	-0.211	-0.0627982	0.0549839	0.125426	0.133709	0.0734655	-0.0327382	-0.15451	-0.260797	-0.323966	-0.337923	-0.325174	-0.298512	-0.256932	-0.180446	-0.0524664	0.102712	0.260763	0.391871	0.464761	0.477717	0.436611	0.357169	0.263221	0.177823	0.125106	0.114412	0.140066	0.191265	0.268013	0.380042	0.51763	0.654641	0.760025	0.808127	0.80408	0.764719	0.700319	0.63556	0.592138	0.570583	0.570583	
-0.133676	-0.236615	-0.310733	-0.356914	-0.370557	-0.347945	-0.286626	-0.183289	-0.0627982	0.0522541	0.136299	0.171737	0.141143	0.0498785	-0.0768511	-0.211927	-0.327017	-0.402212	-0.430477	-0.432689	-0.427158	-0.410592	-0.35695	-0.252227	-0.115494	0.0370312	0.178478	0.276613	0.31653	0.300453	0.2498	0.182662	0.119162	0.0865822	0.0947614	0.139291	0.213252	0.315932	0.445122	0.58633	0.724481	0.831891	0.879213	0.875808	0.839786	0.775245	0.705356	0.656278	0.631769	0.631769	
0.0725061	-0.0128428	-0.0853092	-0.139451	-0.161371	-0.151892	-0.107002	-0.0306941	0.0549839	0.136299	0.191247	0.200699	0.149207	0.0458338	-0.0838594	-0.215195	-0.333112	-0.417937	-0.461786	-0.485889	-0.502419	-0.5087	-0.477409	-0.396054	-0.282829	-0.148003	-0.0156358	0.086491	0.142754	0.148263	0.120939	0.0811304	0.0451218	0.0313497	0.0552926	0.121431	0.220929	0.349458	0.498155	0.647871	0.787558	0.89256	0.936458	0.933816	0.902153	0.839908	0.766688	0.711094	0.682198	0.682198	
0.275473	0.196606	0.118039	0.0549345	0.0222984	0.016553	0.0395153	0.0796926	0.125426	0.171737	0.200699	0.195088	0.135253	0.0334801	-0.0836758	-0.202702	-0.313542	-0.397821	-0.45148	-0.486027	-0.512838	-0.532351	-0.517314	-0.463149	-0.383316	-0.28342	-0.18088	-0.0908878	-0.0366167	-0.027986	-0.0370288	-0.0440607	-0.0444025	-0.0262939	0.0242444	0.109677	0.227445	0.380534	0.550945	0.710385	0.850106	0.948082	0.980815	0.967468	0.930041	0.869495	0.801491	0.750249	0.724329	0.724329	
0.484739	0.40391	0.315768	0.238946	0.188062	0.156908	0.143092	0.135078	0.133709	0.141143	0.149207	0.135253	0.0778915	-0.00621126	-0.0994023	-0.192805	-0.281816	-0.355654	-0.407586	-0.442369	-0.471604	-0.494798	-0.490566	-0.461478	-0.41733	-0.360841	-0.300048	-0.243955	-0.214754	-0.21244	-0.207305	-0.183585	-0.14093	-0.0816359	-0.000477064	0.109716	0.252484	0.428201	0.612972	0.778735	0.91516	0.998169	1.01004	0.975187	0.921945	0.859737	0.801245	0.761558	0.743831	0.743831	
0.701063	0.611814	0.505592	0.404287	0.321499	0.24861	0.18522	0.122953	0.0734655	0.0498785	0.0458338	0.0334801	-0.00621126	-0.062907	-0.12332	-0.183456	-0.247737	-0.30673	-0.352771	-0.384835	-0.409917	-0.426741	-0.42514	-0.416249	-0.403723	-0.389341	-0.376099	-0.360674	-0.358698	-0.370262	-0.365003	-0.320736	-0.240562	-0.138205	-0.0145267	0.131537	0.300692	0.494484	0.688594	0.853147	0.974561	1.03425	1.02457	0.968239	0.894977	0.824523	0.767855	0.731527	0.716282	0.716282	
0.92055	0.814994	0.679344	0.541853	0.411123	0.286053	0.168709	0.0535996	-0.0327382	-0.0768511	-0.0838594	-0.0836758	-0.0994023	-0.12332	-0.147853	-0.177728	-0.218098	-0.262836	-0.305694	-0.335905	-0.354064	-0.360798	-0.358755	-0.36093	-0.368851	-0.38819	-0.410794	-0.4276	-0.456027	-0.488403	-0.488515	-0.431406	-0.320192	-0.176431	-0.0130913	0.166158	0.36387	0.574569	0.768643	0.921254	1.0212	1.05725	1.03073	0.95779	0.864268	0.777237	0.706979	0.65679	0.632397	0.632397	
1.15065	1.02019	0.846753	0.660069	0.470596	0.290033	0.116863	-0.0405955	-0.15451	-0.211927	-0.215195	-0.202702	-0.192805	-0.183456	-0.177728	-0.181417	-0.200579	-0.236287	-0.278344	-0.307212	-0.320149	-0.316045	-0.307239	-0.312787	-0.334286	-0.373824	-0.419555	-0.464847	-0.515437	-0.554892	-0.554806	-0.489883	-0.359668	-0.189485	0.00294666	0.211131	0.431167	0.648969	0.839074	0.981763	1.06082	1.073	1.03149	0.944034	0.828853	0.718446	0.624889	0.55185	0.512473	0.512473	
1.39209	1.23449	1.01875	0.776255	0.528134	0.290302	0.0683263	-0.123462	-0.260797	-0.327017	-0.333112	-0.313542	-0.281816	-0.247737	-0.218098	-0.200579	-0.205383	-0.234652	-0.27444	-0.304903	-0.312389	-0.293356	-0.277849	-0.284025	-0.309558	-0.359622	-0.420198	-0.479454	-0.534072	-0.570605	-0.568833	-0.500777	-0.361427	-0.175732	0.0331608	0.256005	0.489425	0.714935	0.905844	1.04029	1.09796	1.08501	1.0235	0.915423	0.776414	0.644084	0.532073	0.443225	0.393612	0.393612	
1.61993	1.43931	1.18393	0.893791	0.59224	0.307403	0.0472255	-0.171488	-0.323966	-0.402212	-0.417937	-0.397821	-0.355654	-0.30673	-0.262836	-0.236287	-0.234652	-0.25929	-0.300516	-0.332085	-0.328993	-0.297987	-0.273821	-0.269848	-0.293396	-0.345197	-0.406016	-0.469798	-0.52645	-0.558904	-0.551775	-0.480465	-0.340178	-0.152286	0.0630374	0.299618	0.549028	0.782253	0.973067	1.09907	1.13439	1.09033	0.997898	0.863277	0.704398	0.559591	0.442713	0.353986	0.304866	0.304866	
1.79032	1.59643	1.32088	0.998328	0.662235	0.347313	0.0599135	-0.172006	-0.337923	-0.430477	-0.461786	-0.45148	-0.407586	-0.352771	-0.305694	-0.278344	-0.27444	-0.300516	-0.343886	-0.372927	-0.36401	-0.32256	-0.282625	-0.266776	-0.283305	-0.325299	-0.384378	-0.455956	-0.513391	-0.537829	-0.523264	-0.453295	-0.319003	-0.129129	0.098036	0.350181	0.611561	0.850267	1.04026	1.15273	1.16025	1.08216	0.956544	0.797829	0.62787	0.481053	0.370552	0.293681	0.252673	0.252673	
1.87679	1.68979	1.41531	1.08064	0.732186	0.396307	0.09581	-0.146363	-0.325174	-0.432689	-0.485889	-0.486027	-0.442369	-0.384835	-0.335905	-0.307212	-0.304903	-0.332085	-0.372927	-0.402612	-0.389234	-0.339396	-0.293932	-0.271884	-0.282254	-0.321769	-0.385011	-0.459928	-0.512645	-0.527896	-0.504187	-0.428702	-0.290345	-0.0941749	0.14188	0.405289	0.674612	0.912592	1.09106	1.18163	1.16509	1.06332	0.913059	0.740043	0.570273	0.427916	0.324875	0.259608	0.226792	0.226792	
1.86823	1.7091	1.45507	1.13518	0.788901	0.447457	0.142042	-0.109669	-0.298512	-0.427158	-0.502419	-0.512838	-0.471604	-0.409917	-0.354064	-0.320149	-0.312389	-0.328993	-0.36401	-0.389234	-0.373958	-0.336127	-0.300329	-0.285302	-0.307057	-0.353399	-0.420955	-0.49693	-0.544127	-0.545037	-0.495652	-0.395977	-0.246431	-0.0448501	0.200427	0.470185	0.732043	0.952911	1.10972	1.17715	1.14579	1.03556	0.877567	0.706724	0.5478	0.410957	0.309001	0.247204	0.217681	0.217681	
1.7697	1.6547	1.44748	1.16422	0.840207	0.509064	0.203789	-0.0529077	-0.256932	-0.410592	-0.5087	-0.532351	-0.494798	-0.426741	-0.360798	-0.316045	-0.293356	-0.297987	-0.32256	-0.339396	-0.336127	-0.319395	-0.301368	-0.31003	-0.349829	-0.408054	-0.488539	-0.567557	-0.604827	-0.579545	-0.492094	-0.362386	-0.194273	0.0220866	0.275539	0.538617	0.780667	0.97655	1.10253	1.14131	1.10114	0.997532	0.849684	0.695381	0.555133	0.426497	0.323036	0.258358	0.22751	0.22751	
1.59551	1.53923	1.39556	1.16804	0.888334	0.582006	0.292375	0.0357622	-0.180446	-0.35695	-0.477409	-0.517314	-0.490566	-0.42514	-0.358755	-0.307239	-0.277849	-0.273821	-0.282625	-0.293932	-0.300329	-0.301368	-0.309958	-0.34277	-0.398627	-0.475269	-0.566851	-0.640339	-0.662289	-0.6127	-0.494803	-0.332729	-0.13603	0.0957941	0.352997	0.60966	0.831505	0.994423	1.08032	1.08861	1.04149	0.947098	0.81611	0.68615	0.571277	0.459546	0.362385	0.298315	0.267462	0.267462	
1.37601	1.38629	1.31261	1.15953	0.938486	0.678667	0.418528	0.170635	-0.0524664	-0.252227	-0.396054	-0.463149	-0.461478	-0.416249	-0.36093	-0.312787	-0.284025	-0.269848	-0.266776	-0.271884	-0.285302	-0.31003	-0.34277	-0.39067	-0.456803	-0.540014	-0.627071	-0.686986	-0.69506	-0.628058	-0.482436	-0.288208	-0.0699055	0.17172	0.432593	0.679472	0.876547	1.00724	1.05762	1.03682	0.975903	0.883526	0.768938	0.66324	0.57461	0.490253	0.415968	0.366023	0.342505	0.342505	
1.15961	1.2293	1.22612	1.14751	0.990956	0.788861	0.563028	0.331928	0.102712	-0.115494	-0.282829	-0.383316	-0.41733	-0.403723	-0.368851	-0.334286	-0.309558	-0.293396	-0.283305	-0.282254	-0.307057	-0.349829	-0.398627	-0.456803	-0.522881	-0.600846	-0.672495	-0.708577	-0.690804	-0.593691	-0.420629	-0.208242	0.021758	0.266419	0.514614	0.737583	0.909777	1.01168	1.02962	0.984356	0.909775	0.815801	0.713475	0.624707	0.557387	0.506771	0.469316	0.445945	0.43653	0.43653	
0.954059	1.07066	1.12879	1.11242	1.02127	0.877448	0.693018	0.48699	0.260763	0.0370312	-0.148003	-0.28342	-0.360841	-0.389341	-0.38819	-0.373824	-0.359622	-0.345197	-0.325299	-0.321769	-0.353399	-0.408054	-0.475269	-0.540014	-0.600846	-0.663709	-0.701699	-0.693998	-0.62909	-0.49497	-0.305413	-0.0813616	0.156869	0.388994	0.605732	0.793581	0.92982	0.994104	0.985586	0.927897	0.84294	0.746365	0.656109	0.58146	0.530555	0.510176	0.508265	0.511038	0.515098	0.515098	
0.747732	0.90247	1.00753	1.04222	1.01049	0.919483	0.779764	0.603586	0.391871	0.178478	-0.0156358	-0.18088	-0.300048	-0.376099	-0.410794	-0.419555	-0.420198	-0.406016	-0.384378	-0.385011	-0.420955	-0.488539	-0.566851	-0.627071	-0.672495	-0.701699	-0.689996	-0.627683	-0.511708	-0.346405	-0.141608	0.0922421	0.325274	0.532707	0.710546	0.851521	0.94074	0.966516	0.934804	0.86246	0.765229	0.670995	0.599024	0.541827	0.505521	0.504798	0.522838	0.537613	0.546	0.546	
0.543338	0.724572	0.860928	0.935651	0.948748	0.89844	0.798192	0.649091	0.464761	0.276613	0.086491	-0.0908878	-0.243955	-0.360674	-0.4276	-0.464847	-0.479454	-0.469798	-0.455956	-0.459928	-0.49693	-0.567557	-0.640339	-0.686986	-0.708577	-0.693998	-0.627683	-0.510434	-0.346182	-0.150513	0.0620594	0.284034	0.496517	0.6786	0.819513	0.916789	0.962451	0.947048	0.883642	0.789874	0.680684	0.590195	0.535211	0.497913	0.477832	0.48624	0.506295	0.517843	0.521457	0.521457	
0.341487	0.535418	0.693783	0.80194	0.846731	0.828766	0.755344	0.628333	0.477717	0.31653	0.142754	-0.0366167	-0.214754	-0.358698	-0.456027	-0.515437	-0.534072	-0.52645	-0.513391	-0.512645	-0.544127	-0.604827	-0.662289	-0.69506	-0.690804	-0.62909	-0.511708	-0.346182	-0.141067	0.069247	0.267755	0.465831	0.657969	0.818913	0.931275	0.990955	0.990852	0.93317	0.839473	0.722681	0.599266	0.506938	0.459247	0.436754	0.430143	0.439427	0.453372	0.460053	0.460098	0.460098	
0.13865	0.331253	0.507599	0.643273	0.716395	0.725446	0.666872	0.560632	0.436611	0.300453	0.148263	-0.027986	-0.21244	-0.370262	-0.488403	-0.554892	-0.570605	-0.558904	-0.537829	-0.527896	-0.545037	-0.579545	-0.6127	-0.628058	-0.593691	-0.49497	-0.346405	-0.150513	0.069247	0.271101	0.455667	0.637743	0.809435	0.9505	1.03824	1.05944	1.01566	0.921989	0.796702	0.654927	0.523297	0.428516	0.374341	0.352263	0.350127	0.355841	0.366587	0.378535	0.384368	0.384368	
-0.0747041	0.102243	0.285942	0.440871	0.544364	0.577277	0.538505	0.45614	0.357169	0.2498	0.120939	-0.0370288	-0.207305	-0.365003	-0.488515	-0.554806	-0.568833	-0.551775	-0.523264	-0.504187	-0.495652	-0.492094	-0.494803	-0.482436	-0.420629	-0.305413	-0.141608	0.0620594	0.267755	0.455667	0.631248	0.791076	0.937302	1.06089	1.12686	1.11332	1.02848	0.894844	0.73641	0.580608	0.451456	0.351485	0.281259	0.250659	0.246951	0.249123	0.261181	0.283786	0.299816	0.299816	
-0.2893	-0.137818	0.03596	0.201526	0.329753	0.38958	0.38258	0.330537	0.263221	0.182662	0.0811304	-0.0440607	-0.183585	-0.320736	-0.431406	-0.489883	-0.500777	-0.480465	-0.453295	-0.428702	-0.395977	-0.362386	-0.332729	-0.288208	-0.208242	-0.0813616	0.0922421	0.284034	0.465831	0.637743	0.791076	0.92012	1.04099	1.14066	1.17592	1.12405	0.999941	0.836367	0.661203	0.50098	0.371697	0.265132	0.184343	0.147457	0.142318	0.144998	0.157737	0.181912	0.200464	0.200464	
-0.474038	-0.350532	-0.197766	-0.033427	0.106855	0.195989	0.225574	0.213751	0.177823	0.119162	0.0451218	-0.0444025	-0.14093	-0.240562	-0.320192	-0.359668	-0.361427	-0.340178	-0.319003	-0.290345	-0.246431	-0.194273	-0.13603	-0.0699055	0.021758	0.156869	0.325274	0.496517	0.657969	0.809435	0.937302	1.04099	1.12643	1.17329	1.15445	1.063	0.917772	0.745417	0.566716	0.407632	0.281263	0.176437	0.0964763	0.0581747	0.0530135	0.0584932	0.0669786	0.0790412	0.0891036	0.0891036	
-0.604443	-0.504508	-0.372271	-0.220953	-0.0783518	0.033497	0.101694	0.134039	0.125106	0.0865822	0.0313497	-0.0262939	-0.0816359	-0.138205	-0.176431	-0.189485	-0.175732	-0.152286	-0.129129	-0.0941749	-0.0448501	0.0220866	0.0957941	0.17172	0.266419	0.388994	0.532707	0.6786	0.818913	0.9505	1.06089	1.14066	1.17329	1.14658	1.0684	0.946408	0.787775	0.610529	0.441018	0.300482	0.188139	0.0971911	0.0330428	-0.00206249	-0.0143408	-0.01368	-0.0133065	-0.0166628	-0.0183202	-0.0183202	
-0.669568	-0.588078	-0.47354	-0.340143	-0.202677	-0.078435	0.0260469	0.0952496	0.114412	0.0947614	0.0552926	0.0242444	-0.000477064	-0.0145267	-0.0130913	0.00294666	0.0331608	0.0630374	0.098036	0.14188	0.200427	0.275539	0.352997	0.432593	0.514614	0.605732	0.710546	0.819513	0.931275	1.03824	1.12686	1.17592	1.15445	1.0684	0.947185	0.796791	0.621781	0.44789	0.300657	0.18309	0.0910533	0.0327619	0.000524259	-0.0313713	-0.0610849	-0.0746257	-0.083685	-0.0980264	-0.108266	-0.108266	
-0.668583	-0.604412	-0.507199	-0.389388	-0.260911	-0.128916	-0.000380656	0.0942659	0.140066	0.139291	0.121431	0.109677	0.109716	0.131537	0.166158	0.211131	0.256005	0.299618	0.350181	0.405289	0.470185	0.538617	0.60966	0.679472	0.737583	0.793581	0.851521	0.916789	0.990955	1.05944	1.11332	1.12405	1.063	0.946408	0.796791	0.625948	0.453395	0.297368	0.167421	0.0666344	0.0035887	-0.0160982	-0.0225946	-0.0510052	-0.0896375	-0.116009	-0.13737	-0.161025	-0.176979	-0.176979	
-0.600689	-0.555361	-0.477363	-0.373577	-0.252275	-0.114942	0.0213456	0.128699	0.191265	0.213252	0.220929	0.227445	0.252484	0.300692	0.36387	0.431167	0.489425	0.549028	0.611561	0.674612	0.732043	0.780667	0.831505	0.876547	0.909777	0.92982	0.94074	0.962451	0.990852	1.01566	1.02848	0.999941	0.917772	0.787775	0.621781	0.453395	0.303391	0.169447	0.0592541	-0.0155087	-0.0516842	-0.0587361	-0.062227	-0.0795894	-0.107047	-0.138298	-0.171253	-0.201523	-0.220824	-0.220824	
-0.47303	-0.446211	-0.390634	-0.303523	-0.186785	-0.0480675	0.0866835	0.195463	0.268013	0.315932	0.349458	0.380534	0.428201	0.494484	0.574569	0.648969	0.714935	0.782253	0.850267	0.912592	0.952911	0.97655	0.994423	1.00724	1.01168	0.994104	0.966516	0.947048	0.93317	0.921989	0.894844	0.836367	0.745417	0.610529	0.44789	0.297368	0.169447	0.0645551	-0.00909451	-0.0534369	-0.0787555	-0.0967435	-0.110303	-0.116626	-0.128894	-0.15844	-0.191906	-0.217026	-0.232352	-0.232352	
-0.302649	-0.28421	-0.246524	-0.175371	-0.0642473	0.0704255	0.198684	0.301398	0.380042	0.445122	0.498155	0.550945	0.612972	0.688594	0.768643	0.839074	0.905844	0.973067	1.04026	1.09106	1.10972	1.10253	1.08032	1.05762	1.02962	0.985586	0.934804	0.883642	0.839473	0.796702	0.73641	0.661203	0.566716	0.441018	0.300657	0.167421	0.0592541	-0.00909451	-0.0471295	-0.0713531	-0.0931771	-0.12282	-0.147655	-0.153451	-0.161236	-0.185873	-0.207144	-0.213166	-0.213547	-0.213547	
-0.105392	-0.0809957	-0.0484515	0.0119019	0.110624	0.230474	0.344211	0.438072	0.51763	0.58633	0.647871	0.710385	0.778735	0.853147	0.921254	0.981763	1.04029	1.09907	1.15273	1.18163	1.17715	1.14131	1.08861	1.03682	0.984356	0.927897	0.86246	0.789874	0.722681	0.654927	0.580608	0.50098	0.407632	0.300482	0.18309	0.0666344	-0.0155087	-0.0534369	-0.0713531	-0.0855138	-0.107277	-0.141534	-0.169843	-0.182974	-0.195797	-0.210797	-0.21318	-0.200129	-0.18633	-0.18633	
0.0928801	0.126892	0.164255	0.219018	0.297867	0.390874	0.484477	0.573274	0.654641	0.724481	0.787558	0.850106	0.91516	0.974561	1.0212	1.06082	1.09796	1.13439	1.16025	1.16509	1.14579	1.10114	1.04149	0.975903	0.909775	0.84294	0.765229	0.680684	0.599266	0.523297	0.451456	0.371697	0.281263	0.188139	0.0910533	0.0035887	-0.0516842	-0.0787555	-0.0931771	-0.107277	-0.129624	-0.154617	-0.17884	-0.206228	-0.223521	-0.218013	-0.201718	-0.186534	-0.175371	-0.175371	
0.272376	0.310863	0.35551	0.407605	0.463473	0.523011	0.593305	0.676564	0.760025	0.831891	0.89256	0.948082	0.998169	1.03425	1.05725	1.073	1.08501	1.09033	1.08216	1.06332	1.03556	0.997532	0.947098	0.883526	0.815801	0.746365	0.670995	0.590195	0.506938	0.428516	0.351485	0.265132	0.176437	0.0971911	0.0327619	-0.0160982	-0.0587361	-0.0967435	-0.12282	-0.141534	-0.154617	-0.163026	-0.186177	-0.221333	-0.229801	-0.2053	-0.183869	-0.179961	-0.180832	-0.180832	
0.423739	0.461824	0.508655	0.554774	0.588046	0.616059	0.66074	0.729655	0.808127	0.879213	0.936458	0.980815	1.01004	1.02457	1.03073	1.03149	1.0235	0.997898	0.956544	0.913059	0.877567	0.849684	0.81611	0.768938	0.713475	0.656109	0.599024	0.535211	0.459247	0.374341	0.281259	0.184343	0.0964763	0.0330428	0.000524259	-0.0225946	-0.062227	-0.110303	-0.147655	-0.169843	-0.17884	-0.186177	-0.202268	-0.213383	-0.204743	-0.187904	-0.179999	-0.182172	-0.186425	-0.186425	
0.51736	0.551499	0.59092	0.62364	0.640202	0.651804	0.679981	0.733495	0.80408	0.875808	0.933816	0.967468	0.975187	0.968239	0.95779	0.944034	0.915423	0.863277	0.797829	0.740043	0.706724	0.695381	0.68615	0.66324	0.624707	0.58146	0.541827	0.497913	0.436754	0.352263	0.250659	0.147457	0.0581747	-0.00206249	-0.0313713	-0.0510052	-0.0795894	-0.116626	-0.153451	-0.182974	-0.206228	-0.221333	-0.213383	-0.186534	-0.172435	-0.179092	-0.185031	-0.185497	-0.188007	-0.188007	
0.538831	0.564804	0.588685	0.602992	0.611365	0.625038	0.652787	0.699136	0.764719	0.839786	0.902153	0.930041	0.921945	0.894977	0.864268	0.828853	0.776414	0.704398	0.62787	0.570273	0.5478	0.555133	0.571277	0.57461	0.557387	0.530555	0.505521	0.477832	0.430143	0.350127	0.246951	0.142318	0.0530135	-0.0143408	-0.0610849	-0.0896375	-0.107047	-0.128894	-0.161236	-0.195797	-0.223521	-0.229801	-0.204743	-0.172435	-0.16514	-0.176113	-0.182363	-0.184536	-0.188952	-0.188952	
0.516083	0.526737	0.531065	0.528141	0.533633	0.556442	0.591895	0.637999	0.700319	0.775245	0.839908	0.869495	0.859737	0.824523	0.777237	0.718446	0.644084	0.559591	0.481053	0.427916	0.410957	0.426497	0.459546	0.490253	0.506771	0.510176	0.504798	0.48624	0.439427	0.355841	0.249123	0.144998	0.0584932	-0.01368	-0.0746257	-0.116009	-0.138298	-0.15844	-0.185873	-0.210797	-0.218013	-0.2053	-0.187904	-0.179092	-0.176113	-0.175173	-0.178549	-0.182753	-0.183331	-0.183331	
0.473659	0.460137	0.445488	0.434502	0.44272	0.474292	0.519751	0.572806	0.63556	0.705356	0.766688	0.801491	0.801245	0.767855	0.706979	0.624889	0.532073	0.442713	0.370552	0.324875	0.309001	0.323036	0.362385	0.415968	0.469316	0.508265	0.522838	0.506295	0.453372	0.366587	0.261181	0.157737	0.0669786	-0.0133065	-0.083685	-0.13737	-0.171253	-0.191906	-0.207144	-0.21318	-0.201718	-0.183869	-0.179999	-0.185031	-0.182363	-0.178549	-0.182514	-0.181374	-0.17185	-0.17185	
0.427287	0.385788	0.355886	0.347035	0.363081	0.401673	0.457429	0.523528	0.592138	0.656278	0.711094	0.750249	0.761558	0.731527	0.65679	0.55185	0.443225	0.353986	0.293681	0.259608	0.247204	0.258358	0.298315	0.366023	0.445945	0.511038	0.537613	0.517843	0.460053	0.378535	0.283786	0.181912	0.0790412	-0.0166628	-0.0980264	-0.161025	-0.201523	-0.217026	-0.213166	-0.200129	-0.186534	-0.179961	-0.182172	-0.185497	-0.184536	-0.182753	-0.181374	-0.17634	-0.169834	-0.169834	
0.398808	0.337578	0.298385	0.293731	0.315979	0.35786	0.419753	0.496073	0.570583	0.631769	0.682198	0.724329	0.743831	0.716282	0.632397	0.512473	0.393612	0.304866	0.252673	0.226792	0.217681	0.22751	0.267462	0.342505	0.43653	0.515098	0.546	0.521457	0.460098	0.384368	0.299816	0.200464	0.0891036	-0.0183202	-0.108266	-0.176979	-0.220824	-0.232352	-0.213547	-0.18633	-0.175371	-0.180832	-0.186425	-0.188007	-0.188952	-0.183331	-0.17185	-0.169834	-0.177806	-0.177806	
0.398808	0.337578	0.298385	0.293731	0.315979	0.35786	0.419753	0.496073	0.570583	0.631769	0.682198	0.724329	0.743831	0.716282	0.632397	0.512473	0.393612	0.304866	0.252673	0.226792	0.217681	0.22751	0.267462	0.342505	0.43653	0.515098	0.546	0.521457	0.460098	0.384368	0.299816	0.200464	0.0891036	-0.0183202	-0.108266	-0.176979	-0.220824	-0.232352	-0.213547	-0.18633	-0.175371	-0.180832	-0.186425	-0.188007	-0.188952	-0.183331	-0.17185	-0.169834	-0.177806	-0.177806	
