0.833695	0.833695	0.644004	0.251461	0.313687	-0.323297	
0.833695	0.833695	0.644004	0.251461	0.313687	-0.323297	
0.644004	0.644004	0.538051	0.0527569	-0.0682714	-0.029423	
0.251461	0.251461	0.0527569	-0.0251598	0.171599	-0.681689	
0.313687	0.313687	-0.0682714	0.171599	-1.15476	-0.0933103	
-0.323297	-0.323297	-0.029423	-0.681689	-0.0933103	-0.0694892	
