-1.12876	-1.12876	-1.1013	-1.03569	-0.93098	-0.773259	-0.568718	-0.356552	-0.163837	0.0239981	0.19909	0.342785	0.442149	0.501089	0.533078	0.535429	0.501344	0.448541	0.395219	0.334748	0.26583	0.180885	0.0799999	-0.00514698	-0.0558224	-0.0843592	-0.0968813	-0.08219	-0.045795	-0.00615695	0.0367329	0.0810029	0.125831	0.177763	0.258414	0.352542	0.441802	0.49894	0.493116	0.39388	0.200137	-0.0695835	-0.396574	-0.736377	-1.02403	-1.231	-1.33855	-1.34159	-1.23856	-1.05252	
-1.12876	-1.12876	-1.1013	-1.03569	-0.93098	-0.773259	-0.568718	-0.356552	-0.163837	0.0239981	0.19909	0.342785	0.442149	0.501089	0.533078	0.535429	0.501344	0.448541	0.395219	0.334748	0.26583	0.180885	0.0799999	-0.00514698	-0.0558224	-0.0843592	-0.0968813	-0.08219	-0.045795	-0.00615695	0.0367329	0.0810029	0.125831	0.177763	0.258414	0.352542	0.441802	0.49894	0.493116	0.39388	0.200137	-0.0695835	-0.396574	-0.736377	-1.02403	-1.231	-1.33855	-1.34159	-1.23856	-1.05252	
-1.1013	-1.1013	-1.07725	-0.998812	-0.876165	-0.727126	-0.555524	-0.36858	-0.184294	-0.0022299	0.163305	0.304481	0.411045	0.479808	0.516379	0.521383	0.490061	0.437198	0.380677	0.318388	0.25319	0.177171	0.0882481	0.0111983	-0.0388283	-0.0704944	-0.0880795	-0.0805739	-0.0531017	-0.0190844	0.0230149	0.0736796	0.131097	0.196145	0.282277	0.372204	0.448773	0.489676	0.470517	0.368774	0.182014	-0.0769431	-0.395141	-0.728138	-1.01163	-1.214	-1.31854	-1.32525	-1.23386	-1.05694	
-1.03569	-1.03569	-0.998812	-0.908645	-0.78965	-0.663895	-0.524472	-0.367918	-0.208392	-0.0507613	0.0978132	0.235588	0.351459	0.426722	0.465295	0.475041	0.455459	0.413576	0.360963	0.298042	0.232294	0.16476	0.0932178	0.033611	-0.00667305	-0.0379067	-0.0624967	-0.0698138	-0.0564234	-0.0310709	0.0105875	0.0679853	0.139308	0.21844	0.308758	0.389311	0.449056	0.470597	0.436401	0.32899	0.149601	-0.0970178	-0.401494	-0.721531	-0.990238	-1.17902	-1.27377	-1.28174	-1.2039	-1.04374	
-0.93098	-0.93098	-0.876165	-0.78965	-0.703283	-0.609011	-0.491424	-0.359821	-0.234266	-0.106857	0.0199374	0.147532	0.258007	0.33445	0.38028	0.40689	0.408244	0.384743	0.343585	0.283603	0.219925	0.15983	0.103424	0.0593559	0.0287375	-0.000818241	-0.0322846	-0.048069	-0.0450155	-0.0278865	0.00836708	0.0677242	0.145636	0.233879	0.330059	0.408894	0.453786	0.454899	0.403833	0.290906	0.11254	-0.124951	-0.413974	-0.712665	-0.962199	-1.13357	-1.21988	-1.22863	-1.1591	-1.01347	
-0.773259	-0.773259	-0.727126	-0.663895	-0.609011	-0.546166	-0.457095	-0.356847	-0.259826	-0.159117	-0.055368	0.0435824	0.131598	0.203704	0.269054	0.322297	0.34749	0.342383	0.313342	0.264776	0.213924	0.168929	0.12403	0.0873157	0.0593482	0.0258893	-0.00904369	-0.027575	-0.0257044	-0.0137827	0.0168511	0.0711223	0.148947	0.242392	0.344476	0.421997	0.456959	0.441109	0.374474	0.250764	0.0745466	-0.150191	-0.416978	-0.69474	-0.92776	-1.0935	-1.18088	-1.19038	-1.11808	-0.974224	
-0.568718	-0.568718	-0.555524	-0.524472	-0.491424	-0.457095	-0.409332	-0.346384	-0.281941	-0.209377	-0.136246	-0.067433	-0.00673257	0.0593675	0.136506	0.211103	0.259347	0.275293	0.264612	0.234093	0.203484	0.174079	0.142246	0.114751	0.0873251	0.048224	0.00682016	-0.0124427	-0.0117459	0.00116801	0.0327684	0.0902591	0.16756	0.256702	0.352101	0.423828	0.446102	0.41457	0.335921	0.211421	0.0396405	-0.172385	-0.421429	-0.679101	-0.902041	-1.062	-1.14621	-1.14977	-1.07059	-0.927355	
-0.356552	-0.356552	-0.36858	-0.367918	-0.359821	-0.356847	-0.346384	-0.325306	-0.300171	-0.268587	-0.226688	-0.183147	-0.137525	-0.0825781	-0.00777017	0.0753964	0.144351	0.186422	0.202651	0.200517	0.190264	0.176459	0.158787	0.140822	0.115949	0.0759328	0.0332808	0.00637126	0.00264319	0.0166119	0.054039	0.115292	0.193607	0.277029	0.359006	0.415098	0.428513	0.391073	0.305537	0.174918	0.00898786	-0.192095	-0.427017	-0.67324	-0.885901	-1.03994	-1.11463	-1.10278	-1.01318	-0.871192	
-0.163837	-0.163837	-0.184294	-0.208392	-0.234266	-0.259826	-0.281941	-0.300171	-0.319214	-0.325641	-0.318078	-0.295158	-0.262754	-0.216168	-0.148385	-0.0625649	0.0185449	0.08283	0.133739	0.166992	0.183442	0.186896	0.180409	0.164539	0.140946	0.109465	0.0717715	0.0424762	0.0307856	0.0403738	0.0744939	0.135701	0.213451	0.294479	0.366964	0.412838	0.418587	0.377674	0.287935	0.156072	-0.0111862	-0.210196	-0.440589	-0.675811	-0.877783	-1.01569	-1.07257	-1.04641	-0.950764	-0.813254	
0.0239981	0.0239981	-0.0022299	-0.0507613	-0.106857	-0.159117	-0.209377	-0.268587	-0.325641	-0.369879	-0.394064	-0.398433	-0.380553	-0.343734	-0.282925	-0.204916	-0.124078	-0.041281	0.0424467	0.113141	0.161326	0.188222	0.190206	0.175469	0.159584	0.141016	0.112182	0.0796999	0.0613168	0.0659045	0.0972625	0.151093	0.222442	0.299524	0.36373	0.398872	0.402777	0.367605	0.281109	0.14418	-0.0289496	-0.233477	-0.462755	-0.691164	-0.876156	-0.992593	-1.02988	-0.989588	-0.89023	-0.754232	
0.19909	0.19909	0.163305	0.0978132	0.0199374	-0.055368	-0.136246	-0.226688	-0.318078	-0.394064	-0.449135	-0.475992	-0.475575	-0.449754	-0.404856	-0.345655	-0.270562	-0.174793	-0.0673399	0.0335573	0.115491	0.165157	0.180348	0.179276	0.175996	0.163283	0.135282	0.103491	0.0850476	0.0927418	0.124343	0.173539	0.235248	0.30282	0.359219	0.392004	0.394136	0.359294	0.276888	0.140194	-0.0465344	-0.265886	-0.499411	-0.716264	-0.882102	-0.972089	-0.985935	-0.936577	-0.834916	-0.69746	
0.342785	0.342785	0.304481	0.235588	0.147532	0.0435824	-0.067433	-0.183147	-0.295158	-0.398433	-0.475992	-0.524035	-0.541387	-0.53554	-0.513441	-0.473825	-0.405818	-0.307773	-0.190807	-0.0645708	0.0465551	0.120241	0.159948	0.183555	0.191723	0.179834	0.153839	0.126514	0.113786	0.124222	0.154686	0.198597	0.250858	0.307217	0.359661	0.396301	0.397722	0.357037	0.267489	0.123698	-0.0695554	-0.295837	-0.527247	-0.731307	-0.878307	-0.950153	-0.949527	-0.886176	-0.775993	-0.632382	
0.442149	0.442149	0.411045	0.351459	0.258007	0.131598	-0.00673257	-0.137525	-0.262754	-0.380553	-0.475575	-0.541387	-0.583591	-0.604904	-0.604819	-0.577777	-0.519526	-0.430445	-0.311265	-0.171372	-0.0441588	0.051946	0.124944	0.176514	0.198738	0.193967	0.176634	0.16126	0.156449	0.162075	0.182731	0.223471	0.270489	0.317321	0.364492	0.400955	0.398507	0.346088	0.245691	0.0988778	-0.094368	-0.320778	-0.546892	-0.735282	-0.863356	-0.916485	-0.898685	-0.823047	-0.701283	-0.55517	
0.501089	0.501089	0.479808	0.426722	0.33445	0.203704	0.0593675	-0.0825781	-0.216168	-0.343734	-0.449754	-0.53554	-0.604904	-0.652931	-0.66926	-0.653546	-0.608348	-0.529311	-0.417149	-0.2852	-0.158112	-0.0410459	0.0611625	0.136414	0.178313	0.19512	0.198126	0.19972	0.199715	0.1993	0.214471	0.250569	0.289703	0.327462	0.362459	0.390009	0.384719	0.331729	0.224091	0.0726318	-0.11729	-0.336501	-0.553019	-0.728543	-0.839702	-0.875656	-0.846009	-0.75581	-0.62553	-0.479011	
0.533078	0.533078	0.516379	0.465295	0.38028	0.269054	0.136506	-0.00777017	-0.148385	-0.282925	-0.404856	-0.513441	-0.604819	-0.66926	-0.699924	-0.699407	-0.667022	-0.60133	-0.513868	-0.407675	-0.286177	-0.156193	-0.038308	0.0530637	0.118595	0.164834	0.201357	0.227646	0.239739	0.243695	0.254265	0.27607	0.305303	0.336935	0.356773	0.365866	0.355721	0.306405	0.204463	0.0535209	-0.135404	-0.343951	-0.54368	-0.704263	-0.80284	-0.829569	-0.791211	-0.697947	-0.566168	-0.417014	
0.535429	0.535429	0.521383	0.475041	0.40689	0.322297	0.211103	0.0753964	-0.0625649	-0.204916	-0.345655	-0.473825	-0.577777	-0.653546	-0.699407	-0.713225	-0.693493	-0.652702	-0.603088	-0.525576	-0.414226	-0.285782	-0.164821	-0.0608693	0.0257197	0.109386	0.186905	0.24215	0.275001	0.298828	0.310597	0.313216	0.322987	0.34166	0.345967	0.339274	0.315379	0.268091	0.17534	0.0314473	-0.14811	-0.337325	-0.513552	-0.653799	-0.744039	-0.769861	-0.731098	-0.636454	-0.508231	-0.359203	
0.501344	0.501344	0.490061	0.455459	0.408244	0.34749	0.259347	0.144351	0.0185449	-0.124078	-0.270562	-0.405818	-0.519526	-0.608348	-0.667022	-0.693493	-0.694022	-0.683083	-0.665025	-0.61276	-0.526488	-0.41753	-0.29815	-0.181885	-0.0713875	0.0437478	0.153264	0.238008	0.307886	0.35893	0.37313	0.360635	0.348147	0.34299	0.33131	0.309645	0.272748	0.221275	0.138432	0.0127219	-0.143396	-0.309328	-0.460548	-0.580107	-0.661288	-0.686172	-0.647073	-0.557917	-0.434708	-0.289799	
0.448541	0.448541	0.437198	0.413576	0.384743	0.342383	0.275293	0.186422	0.08283	-0.041281	-0.174793	-0.307773	-0.430445	-0.529311	-0.60133	-0.652702	-0.683083	-0.694665	-0.693904	-0.669084	-0.619789	-0.539148	-0.429543	-0.303218	-0.172114	-0.0348871	0.0946297	0.212932	0.319266	0.392898	0.417907	0.40334	0.36622	0.332951	0.306275	0.27905	0.234346	0.177508	0.100671	0.00349071	-0.11563	-0.252244	-0.383655	-0.491841	-0.56795	-0.588311	-0.54938	-0.46338	-0.343465	-0.205817	
0.395219	0.395219	0.380677	0.360963	0.343585	0.313342	0.264612	0.202651	0.133739	0.0424467	-0.0673399	-0.190807	-0.311265	-0.417149	-0.513868	-0.603088	-0.665025	-0.693904	-0.711442	-0.714738	-0.698644	-0.650168	-0.561271	-0.434357	-0.288594	-0.140107	0.00992967	0.161011	0.291675	0.374991	0.412698	0.409184	0.370381	0.321903	0.278023	0.242173	0.199255	0.143223	0.0793022	0.0128419	-0.0712613	-0.179909	-0.295916	-0.402231	-0.476514	-0.493352	-0.453703	-0.368627	-0.252825	-0.122101	
0.334748	0.334748	0.318388	0.298042	0.283603	0.264776	0.234093	0.200517	0.166992	0.113141	0.0335573	-0.0645708	-0.171372	-0.2852	-0.407675	-0.525576	-0.61276	-0.669084	-0.714738	-0.741485	-0.747746	-0.72782	-0.666558	-0.551055	-0.405038	-0.244607	-0.0753077	0.0882749	0.217055	0.303341	0.35776	0.37744	0.359213	0.316459	0.265579	0.225595	0.184633	0.139821	0.0981451	0.0555447	-0.0078029	-0.0936602	-0.193867	-0.293442	-0.367939	-0.393957	-0.361391	-0.281287	-0.170644	-0.0463336	
0.26583	0.26583	0.25319	0.232294	0.219925	0.213924	0.203484	0.190264	0.183442	0.161326	0.115491	0.0465551	-0.0441588	-0.158112	-0.286177	-0.414226	-0.526488	-0.619789	-0.698644	-0.747746	-0.770176	-0.767322	-0.725062	-0.6291	-0.492239	-0.327937	-0.156565	-0.00690089	0.109982	0.196973	0.264135	0.310137	0.326518	0.306798	0.264454	0.227337	0.192465	0.167404	0.149955	0.122825	0.0735345	0.00679606	-0.0711527	-0.15267	-0.228938	-0.274959	-0.265336	-0.200868	-0.0992049	0.0187111	
0.180885	0.180885	0.177171	0.16476	0.15983	0.168929	0.174079	0.176459	0.186896	0.188222	0.165157	0.120241	0.051946	-0.0410459	-0.156193	-0.285782	-0.41753	-0.539148	-0.650168	-0.72782	-0.767322	-0.770211	-0.739199	-0.665133	-0.550142	-0.404244	-0.260352	-0.139334	-0.0339652	0.0595539	0.141958	0.211498	0.256594	0.269939	0.260987	0.245534	0.228801	0.227042	0.229492	0.215181	0.179224	0.127964	0.0678615	-0.00341321	-0.0839362	-0.15065	-0.167622	-0.129135	-0.0424007	0.062628	
0.0799999	0.0799999	0.0882481	0.0932178	0.103424	0.12403	0.142246	0.158787	0.180409	0.190206	0.180348	0.159948	0.124944	0.0611625	-0.038308	-0.164821	-0.29815	-0.429543	-0.561271	-0.666558	-0.725062	-0.739199	-0.721783	-0.67383	-0.595679	-0.495762	-0.397427	-0.306661	-0.210264	-0.11005	-0.0108653	0.0801651	0.151157	0.205548	0.244924	0.273841	0.296857	0.323597	0.340979	0.33781	0.316637	0.277359	0.219873	0.141095	0.0452872	-0.0375451	-0.0794948	-0.0711805	-0.0168139	0.061433	
-0.00514698	-0.00514698	0.0111983	0.033611	0.0593559	0.0873157	0.114751	0.140822	0.164539	0.175469	0.179276	0.183555	0.176514	0.136414	0.0530637	-0.0608693	-0.181885	-0.303218	-0.434357	-0.551055	-0.6291	-0.665133	-0.67383	-0.661831	-0.634115	-0.590576	-0.541004	-0.479019	-0.397901	-0.297967	-0.185734	-0.0740622	0.0300329	0.130605	0.227529	0.31292	0.388722	0.449512	0.48447	0.494633	0.48338	0.451704	0.389636	0.289747	0.171387	0.0660676	-0.000408528	-0.0276462	-0.0147936	0.0293632	
-0.0558224	-0.0558224	-0.0388283	-0.00667305	0.0287375	0.0593482	0.0873251	0.115949	0.140946	0.159584	0.175996	0.191723	0.198738	0.178313	0.118595	0.0257197	-0.0713875	-0.172114	-0.288594	-0.405038	-0.492239	-0.550142	-0.595679	-0.634115	-0.662305	-0.673769	-0.665954	-0.634089	-0.572301	-0.482398	-0.36255	-0.227405	-0.0831926	0.0671187	0.216204	0.358361	0.485491	0.586462	0.651989	0.680088	0.671098	0.634463	0.560712	0.44135	0.295024	0.160998	0.0641562	0.00238732	-0.0215418	-0.0116871	
-0.0843592	-0.0843592	-0.0704944	-0.0379067	-0.000818241	0.0258893	0.048224	0.0759328	0.109465	0.141016	0.163283	0.179834	0.193967	0.19512	0.164834	0.109386	0.0437478	-0.0348871	-0.140107	-0.244607	-0.327937	-0.404244	-0.495762	-0.590576	-0.673769	-0.735245	-0.767501	-0.764104	-0.725185	-0.651779	-0.531751	-0.370108	-0.181815	0.0134191	0.210986	0.407374	0.583125	0.731897	0.842272	0.893102	0.876961	0.818292	0.721119	0.575524	0.405052	0.238328	0.10312	0.00991508	-0.0408014	-0.0560835	
-0.0968813	-0.0968813	-0.0880795	-0.0624967	-0.0322846	-0.00904369	0.00682016	0.0332808	0.0717715	0.112182	0.135282	0.153839	0.176634	0.198126	0.201357	0.186905	0.153264	0.0946297	0.00992967	-0.0753077	-0.156565	-0.260352	-0.397427	-0.541004	-0.665954	-0.767501	-0.834921	-0.862047	-0.846901	-0.790261	-0.675245	-0.494103	-0.274039	-0.035007	0.215125	0.464208	0.686367	0.879753	1.03221	1.10006	1.07946	0.995138	0.863397	0.692862	0.497018	0.29843	0.128431	0.000390589	-0.0790313	-0.114044	
-0.08219	-0.08219	-0.0805739	-0.0698138	-0.048069	-0.027575	-0.0124427	0.00637126	0.0424762	0.0796999	0.103491	0.126514	0.16126	0.19972	0.227646	0.24215	0.238008	0.212932	0.161011	0.0882749	-0.00690089	-0.139334	-0.306661	-0.479019	-0.634089	-0.764104	-0.862047	-0.910825	-0.91683	-0.876309	-0.770244	-0.58156	-0.341075	-0.067028	0.235296	0.535245	0.801358	1.02693	1.19345	1.26801	1.24706	1.14925	0.994109	0.800194	0.578705	0.354898	0.155512	-0.00544055	-0.116307	-0.17147	
-0.045795	-0.045795	-0.0531017	-0.0564234	-0.0450155	-0.0257044	-0.0117459	0.00264319	0.0307856	0.0613168	0.0850476	0.113786	0.156449	0.199715	0.239739	0.275001	0.307886	0.319266	0.291675	0.217055	0.109982	-0.0339652	-0.210264	-0.397901	-0.572301	-0.725185	-0.846901	-0.91683	-0.932787	-0.896577	-0.792697	-0.609349	-0.359533	-0.0570411	0.284803	0.622458	0.923889	1.16473	1.32485	1.3936	1.36965	1.2683	1.10388	0.888987	0.640492	0.397925	0.183366	0.00239519	-0.128156	-0.205591	
-0.00615695	-0.00615695	-0.0190844	-0.0310709	-0.0278865	-0.0137827	0.00116801	0.0166119	0.0403738	0.0659045	0.0927418	0.124222	0.162075	0.1993	0.243695	0.298828	0.35893	0.392898	0.374991	0.303341	0.196973	0.0595539	-0.11005	-0.297967	-0.482398	-0.651779	-0.790261	-0.876309	-0.896577	-0.856201	-0.743123	-0.558061	-0.304995	0.00812376	0.364392	0.724644	1.04292	1.2864	1.4315	1.4809	1.44483	1.34001	1.17006	0.935453	0.672257	0.422734	0.202661	0.0259396	-0.111218	-0.21072	
0.0367329	0.0367329	0.0230149	0.0105875	0.00836708	0.0168511	0.0327684	0.054039	0.0744939	0.0972625	0.124343	0.154686	0.182731	0.214471	0.254265	0.310597	0.37313	0.417907	0.412698	0.35776	0.264135	0.141958	-0.0108653	-0.185734	-0.36255	-0.531751	-0.675245	-0.770244	-0.792697	-0.743123	-0.624372	-0.43931	-0.188476	0.128761	0.482248	0.837371	1.14928	1.38018	1.50641	1.5305	1.47793	1.36348	1.18441	0.945963	0.685022	0.441164	0.232123	0.0631321	-0.077189	-0.187717	
0.0810029	0.0810029	0.0736796	0.0679853	0.0677242	0.0711223	0.0902591	0.115292	0.135701	0.151093	0.173539	0.198597	0.223471	0.250569	0.27607	0.313216	0.360635	0.40334	0.409184	0.37744	0.310137	0.211498	0.0801651	-0.0740622	-0.227405	-0.370108	-0.494103	-0.58156	-0.609349	-0.558061	-0.43931	-0.254403	-0.0102891	0.295231	0.626118	0.951507	1.23378	1.43802	1.54203	1.54642	1.47631	1.34734	1.15885	0.928786	0.68548	0.462739	0.270722	0.108061	-0.033425	-0.144968	
0.125831	0.125831	0.131097	0.139308	0.145636	0.148947	0.16756	0.193607	0.213451	0.222442	0.235248	0.250858	0.270489	0.289703	0.305303	0.322987	0.348147	0.36622	0.370381	0.359213	0.326518	0.256594	0.151157	0.0300329	-0.0831926	-0.181815	-0.274039	-0.341075	-0.359533	-0.304995	-0.188476	-0.0102891	0.220338	0.490678	0.772213	1.04668	1.2822	1.45686	1.5453	1.54073	1.45324	1.30641	1.11193	0.890833	0.666625	0.467918	0.294525	0.143499	0.0109595	-0.0937236	
0.177763	0.177763	0.196145	0.21844	0.233879	0.242392	0.256702	0.277029	0.294479	0.299524	0.30282	0.307217	0.317321	0.327462	0.336935	0.34166	0.34299	0.332951	0.321903	0.316459	0.306798	0.269939	0.205548	0.130605	0.0671187	0.0134191	-0.035007	-0.067028	-0.0570411	0.00812376	0.128761	0.295231	0.490678	0.699797	0.915065	1.12467	1.30593	1.44513	1.51503	1.49689	1.40432	1.25301	1.06351	0.854013	0.645555	0.461456	0.304224	0.173486	0.0572532	-0.041729	
0.258414	0.258414	0.282277	0.308758	0.330059	0.344476	0.352101	0.359006	0.366964	0.36373	0.359219	0.359661	0.364492	0.362459	0.356773	0.345967	0.33131	0.306275	0.278023	0.265579	0.264454	0.260987	0.244924	0.227529	0.216204	0.210986	0.215125	0.235296	0.284803	0.364392	0.482248	0.626118	0.772213	0.915065	1.05594	1.19454	1.31362	1.40198	1.4381	1.4076	1.32371	1.18889	1.02145	0.832221	0.633107	0.461836	0.323008	0.207449	0.102672	0.00465598	
0.352542	0.352542	0.372204	0.389311	0.408894	0.421997	0.423828	0.415098	0.412838	0.398872	0.392004	0.396301	0.400955	0.390009	0.365866	0.339274	0.309645	0.27905	0.242173	0.225595	0.227337	0.245534	0.273841	0.31292	0.358361	0.407374	0.464208	0.535245	0.622458	0.724644	0.837371	0.951507	1.04668	1.12467	1.19454	1.2649	1.32321	1.35056	1.3372	1.29342	1.21873	1.11109	0.969957	0.801337	0.620101	0.466759	0.344973	0.240464	0.139095	0.0431796	
0.441802	0.441802	0.448773	0.449056	0.453786	0.456959	0.446102	0.428513	0.418587	0.402777	0.394136	0.397722	0.398507	0.384719	0.355721	0.315379	0.272748	0.234346	0.199255	0.184633	0.192465	0.228801	0.296857	0.388722	0.485491	0.583125	0.686367	0.801358	0.923889	1.04292	1.14928	1.23378	1.2822	1.30593	1.31362	1.32321	1.31568	1.28801	1.23642	1.17738	1.10374	1.01209	0.890665	0.742474	0.588664	0.456437	0.348545	0.254908	0.159289	0.0737148	
0.49894	0.49894	0.489676	0.470597	0.454899	0.441109	0.41457	0.391073	0.377674	0.367605	0.359294	0.357037	0.346088	0.331729	0.306405	0.268091	0.221275	0.177508	0.143223	0.139821	0.167404	0.227042	0.323597	0.449512	0.586462	0.731897	0.879753	1.02693	1.16473	1.2864	1.38018	1.43802	1.45686	1.44513	1.40198	1.35056	1.28801	1.21934	1.14168	1.06793	0.992794	0.901378	0.792714	0.668488	0.543994	0.428234	0.332484	0.253693	0.173962	0.10438	
0.493116	0.493116	0.470517	0.436401	0.403833	0.374474	0.335921	0.305537	0.287935	0.281109	0.276888	0.267489	0.245691	0.224091	0.204463	0.17534	0.138432	0.100671	0.0793022	0.0981451	0.149955	0.229492	0.340979	0.48447	0.651989	0.842272	1.03221	1.19345	1.32485	1.4315	1.50641	1.54203	1.5453	1.51503	1.4381	1.3372	1.23642	1.14168	1.05625	0.969904	0.885808	0.791595	0.694299	0.59502	0.493774	0.393406	0.309255	0.235265	0.168776	0.107858	
0.39388	0.39388	0.368774	0.32899	0.290906	0.250764	0.211421	0.174918	0.156072	0.14418	0.140194	0.123698	0.0988778	0.0726318	0.0535209	0.0314473	0.0127219	0.00349071	0.0128419	0.0555447	0.122825	0.215181	0.33781	0.494633	0.680088	0.893102	1.10006	1.26801	1.3936	1.4809	1.5305	1.54642	1.54073	1.49689	1.4076	1.29342	1.17738	1.06793	0.969904	0.877822	0.790689	0.701351	0.608406	0.517626	0.428501	0.344624	0.272567	0.204435	0.137438	0.0745169	
0.200137	0.200137	0.182014	0.149601	0.11254	0.0745466	0.0396405	0.00898786	-0.0111862	-0.0289496	-0.0465344	-0.0695554	-0.094368	-0.11729	-0.135404	-0.14811	-0.143396	-0.11563	-0.0712613	-0.0078029	0.0735345	0.179224	0.316637	0.48338	0.671098	0.876961	1.07946	1.24706	1.36965	1.44483	1.47793	1.47631	1.45324	1.40432	1.32371	1.21873	1.10374	0.992794	0.885808	0.790689	0.706336	0.622492	0.525735	0.433524	0.351661	0.286458	0.231547	0.165824	0.092016	0.0223132	
-0.0695835	-0.0695835	-0.0769431	-0.0970178	-0.124951	-0.150191	-0.172385	-0.192095	-0.210196	-0.233477	-0.265886	-0.295837	-0.320778	-0.336501	-0.343951	-0.337325	-0.309328	-0.252244	-0.179909	-0.0936602	0.00679606	0.127964	0.277359	0.451704	0.634463	0.818292	0.995138	1.14925	1.2683	1.34001	1.36348	1.34734	1.30641	1.25301	1.18889	1.11109	1.01209	0.901378	0.791595	0.701351	0.622492	0.540724	0.448869	0.360224	0.288076	0.239693	0.19688	0.131876	0.0531831	-0.0264024	
-0.396574	-0.396574	-0.395141	-0.401494	-0.413974	-0.416978	-0.421429	-0.427017	-0.440589	-0.462755	-0.499411	-0.527247	-0.546892	-0.553019	-0.54368	-0.513552	-0.460548	-0.383655	-0.295916	-0.193867	-0.0711527	0.0678615	0.219873	0.389636	0.560712	0.721119	0.863397	0.994109	1.10388	1.17006	1.18441	1.15885	1.11193	1.06351	1.02145	0.969957	0.890665	0.792714	0.694299	0.608406	0.525735	0.448869	0.376013	0.304841	0.248056	0.205359	0.166777	0.103721	0.0268545	-0.0549306	
-0.736377	-0.736377	-0.728138	-0.721531	-0.712665	-0.69474	-0.679101	-0.67324	-0.675811	-0.691164	-0.716264	-0.731307	-0.735282	-0.728543	-0.704263	-0.653799	-0.580107	-0.491841	-0.402231	-0.293442	-0.15267	-0.00341321	0.141095	0.289747	0.44135	0.575524	0.692862	0.800194	0.888987	0.935453	0.945963	0.928786	0.890833	0.854013	0.832221	0.801337	0.742474	0.668488	0.59502	0.517626	0.433524	0.360224	0.304841	0.254022	0.214433	0.182153	0.14925	0.0979267	0.0224357	-0.0581643	
-1.02403	-1.02403	-1.01163	-0.990238	-0.962199	-0.92776	-0.902041	-0.885901	-0.877783	-0.876156	-0.882102	-0.878307	-0.863356	-0.839702	-0.80284	-0.744039	-0.661288	-0.56795	-0.476514	-0.367939	-0.228938	-0.0839362	0.0452872	0.171387	0.295024	0.405052	0.497018	0.578705	0.640492	0.672257	0.685022	0.68548	0.666625	0.645555	0.633107	0.620101	0.588664	0.543994	0.493774	0.428501	0.351661	0.288076	0.248056	0.214433	0.188461	0.169783	0.14916	0.110902	0.0489999	-0.0201875	
-1.231	-1.231	-1.214	-1.17902	-1.13357	-1.0935	-1.062	-1.03994	-1.01569	-0.992593	-0.972089	-0.950153	-0.916485	-0.875656	-0.829569	-0.769861	-0.686172	-0.588311	-0.493352	-0.393957	-0.274959	-0.15065	-0.0375451	0.0660676	0.160998	0.238328	0.29843	0.354898	0.397925	0.422734	0.441164	0.462739	0.467918	0.461456	0.461836	0.466759	0.456437	0.428234	0.393406	0.344624	0.286458	0.239693	0.205359	0.182153	0.169783	0.169997	0.165813	0.1491	0.110788	0.0606348	
-1.33855	-1.33855	-1.31854	-1.27377	-1.21988	-1.18088	-1.14621	-1.11463	-1.07257	-1.02988	-0.985935	-0.949527	-0.898685	-0.846009	-0.791211	-0.731098	-0.647073	-0.54938	-0.453703	-0.361391	-0.265336	-0.167622	-0.0794948	-0.000408528	0.0641562	0.10312	0.128431	0.155512	0.183366	0.202661	0.232123	0.270722	0.294525	0.304224	0.323008	0.344973	0.348545	0.332484	0.309255	0.272567	0.231547	0.19688	0.166777	0.14925	0.14916	0.165813	0.185292	0.194757	0.189051	0.16604	
-1.34159	-1.34159	-1.32525	-1.28174	-1.22863	-1.19038	-1.14977	-1.10278	-1.04641	-0.989588	-0.936577	-0.886176	-0.823047	-0.75581	-0.697947	-0.636454	-0.557917	-0.46338	-0.368627	-0.281287	-0.200868	-0.129135	-0.0711805	-0.0276462	0.00238732	0.00991508	0.000390589	-0.00544055	0.00239519	0.0259396	0.0631321	0.108061	0.143499	0.173486	0.207449	0.240464	0.254908	0.253693	0.235265	0.204435	0.165824	0.131876	0.103721	0.0979267	0.110902	0.1491	0.194757	0.236193	0.263448	0.268369	
-1.23856	-1.23856	-1.23386	-1.2039	-1.1591	-1.11808	-1.07059	-1.01318	-0.950764	-0.89023	-0.834916	-0.775993	-0.701283	-0.62553	-0.566168	-0.508231	-0.434708	-0.343465	-0.252825	-0.170644	-0.0992049	-0.0424007	-0.0168139	-0.0147936	-0.0215418	-0.0408014	-0.0790313	-0.116307	-0.128156	-0.111218	-0.077189	-0.033425	0.0109595	0.0572532	0.102672	0.139095	0.159289	0.173962	0.168776	0.137438	0.092016	0.0531831	0.0268545	0.0224357	0.0489999	0.110788	0.189051	0.263448	0.324159	0.356948	
-1.05252	-1.05252	-1.05694	-1.04374	-1.01347	-0.974224	-0.927355	-0.871192	-0.813254	-0.754232	-0.69746	-0.632382	-0.55517	-0.479011	-0.417014	-0.359203	-0.289799	-0.205817	-0.122101	-0.0463336	0.0187111	0.062628	0.061433	0.0293632	-0.0116871	-0.0560835	-0.114044	-0.17147	-0.205591	-0.21072	-0.187717	-0.144968	-0.0937236	-0.041729	0.00465598	0.0431796	0.0737148	0.10438	0.107858	0.0745169	0.0223132	-0.0264024	-0.0549306	-0.0581643	-0.0201875	0.0606348	0.16604	0.268369	0.356948	0.414407	
