0.755104	0.753963	0.698699	0.606549	0.502601	0.416142	0.347059	0.298594	0.255269	0.206849	0.151609	0.0688794	-0.0344132	-0.157992	-0.305231	-0.476065	-0.670619	-0.858161	-0.97922	-1.00062	-0.907111	-0.713038	-0.449557	-0.167471	0.0920819	0.309814	0.47696	0.585284	0.62995	0.613767	0.556652	0.484156	0.409648	0.359741	0.341835	0.361535	0.410726	0.459665	0.483513	0.46337	0.399455	0.316419	0.228962	0.155939	0.109423	0.0724524	0.0487185	0.0374386	0.0357875	0.0357875	
0.753963	0.814364	0.817718	0.772268	0.695229	0.615963	0.541339	0.477033	0.418198	0.350377	0.274114	0.179244	0.0710323	-0.0570948	-0.204136	-0.37117	-0.553039	-0.721805	-0.826929	-0.842486	-0.750944	-0.56272	-0.314683	-0.0578072	0.170821	0.355993	0.4902	0.571081	0.590472	0.556986	0.496491	0.431714	0.374406	0.339115	0.327567	0.340626	0.367991	0.384966	0.375499	0.329409	0.240545	0.12848	0.0183392	-0.0714395	-0.13792	-0.186039	-0.207931	-0.218792	-0.222441	-0.222441	
0.698699	0.817718	0.880937	0.883875	0.834784	0.761648	0.683201	0.605474	0.530649	0.453169	0.372545	0.279755	0.174914	0.0476024	-0.0985833	-0.256433	-0.419653	-0.561657	-0.646053	-0.657207	-0.57441	-0.39942	-0.17535	0.0495677	0.238445	0.383605	0.486265	0.54113	0.542451	0.498703	0.442058	0.387955	0.348115	0.329057	0.32712	0.337902	0.340513	0.327635	0.285755	0.206613	0.09241	-0.0403234	-0.165463	-0.265548	-0.334282	-0.377955	-0.399933	-0.408803	-0.403517	-0.403517	
0.606549	0.772268	0.883875	0.930148	0.912174	0.85223	0.77231	0.676924	0.588297	0.509123	0.430584	0.346264	0.248584	0.132751	-0.00106114	-0.142882	-0.285428	-0.400276	-0.465289	-0.473062	-0.400596	-0.248783	-0.0575875	0.123385	0.268389	0.372374	0.44307	0.47633	0.465612	0.424556	0.382607	0.347388	0.330416	0.333774	0.33979	0.344498	0.325404	0.279518	0.203121	0.0925182	-0.0374303	-0.176783	-0.302634	-0.395548	-0.456627	-0.48533	-0.485981	-0.47644	-0.462688	-0.462688	
0.502601	0.695229	0.834784	0.912174	0.923191	0.879084	0.793569	0.687032	0.59378	0.51438	0.435348	0.357248	0.269563	0.176131	0.0685627	-0.0541076	-0.167998	-0.25446	-0.30087	-0.303108	-0.250205	-0.135812	0.0115059	0.144337	0.245204	0.312259	0.349285	0.363239	0.346929	0.31409	0.297309	0.294135	0.309998	0.335228	0.349859	0.349831	0.313878	0.240271	0.135029	0.00814314	-0.128715	-0.263162	-0.370741	-0.439067	-0.475177	-0.479786	-0.4569	-0.425732	-0.398242	-0.398242	
0.416142	0.615963	0.761648	0.85223	0.879084	0.835548	0.746465	0.637928	0.536872	0.453283	0.370405	0.297916	0.228016	0.161479	0.082597	-0.00696363	-0.0866214	-0.141008	-0.168001	-0.173212	-0.145536	-0.0744887	0.0244948	0.113619	0.173223	0.204555	0.212865	0.20446	0.182485	0.166467	0.180726	0.21505	0.266822	0.316247	0.351198	0.355708	0.308991	0.221518	0.0989897	-0.0407735	-0.180366	-0.294585	-0.369993	-0.401063	-0.395243	-0.364456	-0.313202	-0.264975	-0.227149	-0.227149	
0.347059	0.541339	0.683201	0.77231	0.793569	0.746465	0.652406	0.537968	0.422765	0.32649	0.248331	0.183748	0.126205	0.0801095	0.0320122	-0.0171674	-0.0520332	-0.0705594	-0.0785773	-0.0824444	-0.0800756	-0.0544206	-0.00936631	0.0261683	0.044293	0.0458475	0.0347811	0.0153555	-0.00195043	-0.0013904	0.0394383	0.10994	0.198052	0.284078	0.34172	0.358846	0.319271	0.226455	0.0930219	-0.053312	-0.182296	-0.268855	-0.304392	-0.292038	-0.247004	-0.183071	-0.101049	-0.0226123	0.0296809	0.0296809	
0.298594	0.477033	0.605474	0.676924	0.687032	0.637928	0.537968	0.405892	0.266024	0.157619	0.0801999	0.0215247	-0.0247609	-0.0477056	-0.0576407	-0.0665184	-0.0623561	-0.0525021	-0.0433248	-0.0414507	-0.0521328	-0.0659945	-0.0736876	-0.0909642	-0.114996	-0.137186	-0.162358	-0.184665	-0.19492	-0.174231	-0.105494	0.00259085	0.127387	0.240653	0.32348	0.355444	0.327692	0.243995	0.117685	-0.0162223	-0.133445	-0.201277	-0.203342	-0.152441	-0.0663903	0.037044	0.150007	0.252191	0.315964	0.315964	
0.255269	0.418198	0.530649	0.588297	0.59378	0.536872	0.422765	0.266024	0.102133	-0.0266773	-0.111916	-0.172922	-0.201114	-0.19288	-0.171371	-0.145405	-0.111	-0.0795371	-0.056884	-0.046081	-0.0665176	-0.106384	-0.154614	-0.214189	-0.270788	-0.314226	-0.349456	-0.37408	-0.371803	-0.32623	-0.226033	-0.0822672	0.0724288	0.209183	0.311342	0.357005	0.340755	0.269557	0.154533	0.0265194	-0.0763521	-0.116399	-0.0871487	-0.000728406	0.118951	0.252008	0.391747	0.513488	0.590833	0.590833	
0.206849	0.350377	0.453169	0.509123	0.51438	0.453283	0.32649	0.157619	-0.0266773	-0.18489	-0.295023	-0.359613	-0.369951	-0.343907	-0.297771	-0.24053	-0.180092	-0.131883	-0.102335	-0.0942501	-0.118721	-0.171906	-0.245067	-0.329589	-0.410615	-0.472182	-0.512218	-0.529377	-0.503776	-0.426487	-0.296611	-0.123697	0.0564948	0.213906	0.32448	0.372177	0.358268	0.291473	0.181036	0.0607181	-0.0251183	-0.0474895	0.0115448	0.128231	0.273865	0.432063	0.588081	0.727752	0.80927	0.80927	
0.151609	0.274114	0.372545	0.430584	0.435348	0.370405	0.248331	0.0801999	-0.111916	-0.295023	-0.425676	-0.493495	-0.507978	-0.479049	-0.416298	-0.33536	-0.254586	-0.198153	-0.172689	-0.166681	-0.193638	-0.251062	-0.331815	-0.432481	-0.523506	-0.587415	-0.62022	-0.614591	-0.56328	-0.459686	-0.305091	-0.113426	0.0781363	0.239846	0.350356	0.394808	0.374653	0.301677	0.19465	0.084297	0.0107685	0.000751903	0.0733416	0.206421	0.36799	0.54538	0.716532	0.864795	0.95447	0.95447	
0.0688794	0.179244	0.279755	0.346264	0.357248	0.297916	0.183748	0.0215247	-0.172922	-0.359613	-0.493495	-0.570341	-0.591713	-0.561763	-0.489189	-0.397365	-0.314228	-0.259351	-0.236708	-0.236344	-0.262285	-0.316508	-0.400029	-0.496868	-0.584614	-0.64189	-0.660633	-0.63796	-0.563457	-0.436301	-0.264973	-0.0667804	0.127287	0.28523	0.385691	0.414228	0.379907	0.302623	0.19486	0.0825058	0.00942694	0.00678709	0.0832582	0.223627	0.396356	0.584437	0.772174	0.931351	1.02698	1.02698	
-0.0344132	0.0710323	0.174914	0.248584	0.269563	0.228016	0.126205	-0.0247609	-0.201114	-0.369951	-0.507978	-0.591713	-0.619085	-0.589608	-0.514958	-0.423768	-0.339386	-0.278607	-0.25383	-0.256259	-0.280612	-0.334026	-0.414036	-0.507511	-0.592653	-0.650429	-0.66188	-0.620411	-0.520655	-0.368764	-0.184887	0.00729875	0.186369	0.325786	0.404901	0.420106	0.373287	0.283195	0.166254	0.0527041	-0.0210195	-0.0307652	0.0448985	0.187256	0.368726	0.569995	0.765031	0.930424	1.02619	1.02619	
-0.157992	-0.0570948	0.0476024	0.132751	0.176131	0.161479	0.0801095	-0.0477056	-0.19288	-0.343907	-0.479049	-0.561763	-0.589608	-0.561361	-0.487999	-0.395051	-0.302531	-0.236653	-0.211213	-0.213737	-0.237982	-0.287758	-0.363619	-0.459476	-0.554377	-0.621008	-0.635828	-0.583651	-0.464896	-0.296386	-0.102213	0.084977	0.247632	0.363819	0.419779	0.411603	0.343102	0.236184	0.114658	0.00435637	-0.069842	-0.0766238	-0.00990246	0.121939	0.299781	0.498455	0.696708	0.858642	0.955509	0.955509	
-0.305231	-0.204136	-0.0985833	-0.00106114	0.0685627	0.082597	0.0320122	-0.0576407	-0.171371	-0.297771	-0.416298	-0.489189	-0.514958	-0.487999	-0.410305	-0.308061	-0.213025	-0.147049	-0.119323	-0.123336	-0.145094	-0.191286	-0.266723	-0.364467	-0.467064	-0.544601	-0.568185	-0.521882	-0.402037	-0.227492	-0.0329787	0.147524	0.29611	0.390679	0.424685	0.390956	0.302879	0.188142	0.0628333	-0.0458743	-0.119296	-0.130485	-0.0767755	0.0425201	0.20881	0.391492	0.577903	0.725033	0.808505	0.808505	
-0.476065	-0.37117	-0.256433	-0.142882	-0.0541076	-0.00696363	-0.0171674	-0.0665184	-0.145405	-0.24053	-0.33536	-0.397365	-0.423768	-0.395051	-0.308061	-0.20317	-0.10738	-0.0359682	-0.00267422	-0.00405823	-0.0263036	-0.0719924	-0.145379	-0.241102	-0.343829	-0.428936	-0.463044	-0.425946	-0.314746	-0.147703	0.0419256	0.208436	0.335128	0.408537	0.421456	0.377303	0.280799	0.153713	0.0195893	-0.0924879	-0.171919	-0.197599	-0.157677	-0.0580767	0.0933934	0.265375	0.427011	0.552111	0.622209	0.622209	
-0.670619	-0.553039	-0.419653	-0.285428	-0.167998	-0.0866214	-0.0520332	-0.0623561	-0.111	-0.180092	-0.254586	-0.314228	-0.339386	-0.302531	-0.213025	-0.10738	-0.00421229	0.0778614	0.118289	0.121061	0.0984584	0.0528881	-0.0163474	-0.109941	-0.217287	-0.30729	-0.346309	-0.31536	-0.211321	-0.0517243	0.12303	0.274311	0.382953	0.437556	0.439431	0.381712	0.275061	0.139245	-0.00178468	-0.123023	-0.216574	-0.260914	-0.247201	-0.168524	-0.03717	0.114462	0.259296	0.363553	0.417004	0.417004	
-0.858161	-0.721805	-0.561657	-0.400276	-0.25446	-0.141008	-0.0705594	-0.0525021	-0.0795371	-0.131883	-0.198153	-0.259351	-0.278607	-0.236653	-0.147049	-0.0359682	0.0778614	0.170406	0.219892	0.231744	0.212371	0.17124	0.104193	0.00668572	-0.106159	-0.197658	-0.236153	-0.209957	-0.113827	0.0356306	0.196709	0.33789	0.437923	0.482423	0.472704	0.404415	0.28835	0.145924	-0.000603562	-0.133665	-0.239527	-0.304834	-0.317003	-0.264438	-0.157605	-0.0278357	0.0871941	0.166033	0.202525	0.202525	
-0.97922	-0.826929	-0.646053	-0.465289	-0.30087	-0.168001	-0.0785773	-0.0433248	-0.056884	-0.102335	-0.172689	-0.236708	-0.25383	-0.211213	-0.119323	-0.00267422	0.118289	0.219892	0.281472	0.304698	0.292812	0.257117	0.192723	0.0927074	-0.0204859	-0.110073	-0.149887	-0.127085	-0.0379592	0.100011	0.251502	0.388921	0.480329	0.515341	0.500773	0.430856	0.310312	0.161533	0.00940551	-0.12975	-0.243586	-0.329408	-0.358142	-0.324345	-0.238354	-0.128416	-0.0491664	-0.00204001	0.0103074	0.0103074	
-1.00062	-0.842486	-0.657207	-0.473062	-0.303108	-0.173212	-0.0824444	-0.0414507	-0.046081	-0.0942501	-0.166681	-0.236344	-0.256259	-0.213737	-0.123336	-0.00405823	0.121061	0.231744	0.304698	0.339647	0.333367	0.302986	0.240032	0.140488	0.0288581	-0.0624306	-0.104232	-0.0822813	0.000682036	0.125581	0.261145	0.386348	0.470745	0.50802	0.497972	0.425473	0.308475	0.166695	0.018989	-0.120392	-0.232596	-0.317873	-0.354713	-0.327314	-0.258443	-0.173392	-0.117372	-0.0979792	-0.101705	-0.101705	
-0.907111	-0.750944	-0.57441	-0.400596	-0.250205	-0.145536	-0.0800756	-0.0521328	-0.0665176	-0.118721	-0.193638	-0.262285	-0.280612	-0.237982	-0.145094	-0.0263036	0.0984584	0.212371	0.292812	0.333367	0.336066	0.310996	0.251855	0.156698	0.0429799	-0.0526584	-0.0970083	-0.0836927	-0.0208818	0.0823741	0.197757	0.307325	0.389672	0.435462	0.43679	0.379493	0.27639	0.145951	0.013287	-0.107463	-0.205574	-0.281782	-0.309763	-0.281624	-0.213435	-0.131285	-0.0894507	-0.083404	-0.0954136	-0.0954136	
-0.713038	-0.56272	-0.39942	-0.248783	-0.135812	-0.0744887	-0.0544206	-0.0659945	-0.106384	-0.171906	-0.251062	-0.316508	-0.334026	-0.287758	-0.191286	-0.0719924	0.0528881	0.17124	0.257117	0.302986	0.310996	0.286735	0.225787	0.125453	0.00692815	-0.0939344	-0.147845	-0.151741	-0.10872	-0.026954	0.0685804	0.165224	0.251326	0.311838	0.330176	0.300842	0.22486	0.115887	0.00521949	-0.0932447	-0.171422	-0.224571	-0.229512	-0.184129	-0.101511	-0.0141018	0.0284019	0.0332051	0.0173643	0.0173643	
-0.449557	-0.314683	-0.17535	-0.0575875	0.0115059	0.0244948	-0.00936631	-0.0736876	-0.154614	-0.245067	-0.331815	-0.400029	-0.414036	-0.363619	-0.266723	-0.145379	-0.0163474	0.104193	0.192723	0.240032	0.251855	0.225787	0.154335	0.0482553	-0.0742761	-0.180355	-0.249731	-0.27254	-0.241353	-0.173528	-0.0939805	-0.00382898	0.0882774	0.164966	0.21269	0.211082	0.162143	0.0850096	0.0060558	-0.0662682	-0.118227	-0.132523	-0.112439	-0.044898	0.0547927	0.143479	0.19714	0.207754	0.197014	0.197014	
-0.167471	-0.0578072	0.0495677	0.123385	0.144337	0.113619	0.0261683	-0.0909642	-0.214189	-0.329589	-0.432481	-0.496868	-0.507511	-0.459476	-0.364467	-0.241102	-0.109941	0.00668572	0.0927074	0.140488	0.156698	0.125453	0.0482553	-0.0569634	-0.17246	-0.281951	-0.36259	-0.393871	-0.378623	-0.328568	-0.2557	-0.167578	-0.0727332	0.0201285	0.0943606	0.124261	0.107228	0.0612575	0.00923659	-0.0257902	-0.037028	-0.0190147	0.032331	0.116694	0.224325	0.321632	0.382252	0.402421	0.399821	0.399821	
0.0920819	0.170821	0.238445	0.268389	0.245204	0.173223	0.044293	-0.114996	-0.270788	-0.410615	-0.523506	-0.584614	-0.592653	-0.554377	-0.467064	-0.343829	-0.217287	-0.106159	-0.0204859	0.0288581	0.0429799	0.00692815	-0.0742761	-0.17246	-0.279378	-0.384595	-0.46421	-0.505014	-0.504132	-0.464343	-0.395147	-0.312183	-0.21027	-0.096861	-0.0056899	0.0471966	0.0630688	0.0492023	0.0272082	0.0224558	0.0403891	0.0914496	0.172872	0.277511	0.392796	0.493697	0.565802	0.597046	0.606488	0.606488	
0.309814	0.355993	0.383605	0.372374	0.312259	0.204555	0.0458475	-0.137186	-0.314226	-0.472182	-0.587415	-0.64189	-0.650429	-0.621008	-0.544601	-0.428936	-0.30729	-0.197658	-0.110073	-0.0624306	-0.0526584	-0.0939344	-0.180355	-0.281951	-0.384595	-0.479806	-0.560727	-0.614822	-0.625994	-0.588414	-0.520432	-0.434625	-0.322672	-0.197789	-0.0887421	-0.00941143	0.0350725	0.0464093	0.0519316	0.0727684	0.117192	0.199659	0.301343	0.415538	0.535426	0.639853	0.724547	0.774096	0.79662	0.79662	
0.47696	0.4902	0.486265	0.44307	0.349285	0.212865	0.0347811	-0.162358	-0.349456	-0.512218	-0.62022	-0.660633	-0.66188	-0.635828	-0.568185	-0.463044	-0.346309	-0.236153	-0.149887	-0.104232	-0.0970083	-0.147845	-0.249731	-0.36259	-0.46421	-0.560727	-0.654991	-0.722866	-0.744447	-0.716487	-0.648868	-0.550848	-0.424644	-0.285537	-0.161151	-0.056583	0.0126382	0.0469228	0.0802813	0.124798	0.19197	0.292951	0.410221	0.526277	0.642801	0.7505	0.840899	0.909719	0.944185	0.944185	
0.585284	0.571081	0.54113	0.47633	0.363239	0.20446	0.0153555	-0.184665	-0.37408	-0.529377	-0.614591	-0.63796	-0.620411	-0.583651	-0.521882	-0.425946	-0.31536	-0.209957	-0.127085	-0.0822813	-0.0836927	-0.151741	-0.27254	-0.393871	-0.505014	-0.614822	-0.722866	-0.810136	-0.849191	-0.836575	-0.772981	-0.660725	-0.520788	-0.36788	-0.225144	-0.108462	-0.0222981	0.041254	0.0956346	0.154059	0.242529	0.356925	0.478826	0.598118	0.710778	0.815044	0.912676	0.995586	1.03796	1.03796	
0.62995	0.590472	0.542451	0.465612	0.346929	0.182485	-0.00195043	-0.19492	-0.371803	-0.503776	-0.56328	-0.563457	-0.520655	-0.464896	-0.402037	-0.314746	-0.211321	-0.113827	-0.0379592	0.000682036	-0.0208818	-0.10872	-0.241353	-0.378623	-0.504132	-0.625994	-0.744447	-0.849191	-0.918136	-0.923512	-0.865626	-0.753214	-0.608646	-0.450771	-0.299001	-0.174444	-0.0746505	0.00810197	0.0774256	0.152883	0.2571	0.3779	0.503078	0.619917	0.722546	0.826848	0.931487	1.02018	1.07379	1.07379	
0.613767	0.556986	0.498703	0.424556	0.31409	0.166467	-0.0013904	-0.174231	-0.32623	-0.426487	-0.459686	-0.436301	-0.368764	-0.296386	-0.227492	-0.147703	-0.0517243	0.0356306	0.100011	0.125581	0.0823741	-0.026954	-0.173528	-0.328568	-0.464343	-0.588414	-0.716487	-0.836575	-0.923512	-0.950602	-0.912837	-0.811929	-0.670946	-0.515057	-0.373446	-0.251684	-0.144688	-0.0565585	0.0262461	0.119244	0.229331	0.347644	0.470281	0.580732	0.678089	0.781698	0.885815	0.977279	1.03421	1.03421	
0.556652	0.496491	0.442058	0.382607	0.297309	0.180726	0.0394383	-0.105494	-0.226033	-0.296611	-0.305091	-0.264973	-0.184887	-0.102213	-0.0329787	0.0419256	0.12303	0.196709	0.251502	0.261145	0.197757	0.0685804	-0.0939805	-0.2557	-0.395147	-0.520432	-0.648868	-0.772981	-0.865626	-0.912837	-0.895322	-0.808299	-0.680252	-0.538761	-0.415377	-0.309683	-0.216275	-0.134675	-0.0513256	0.0412135	0.148852	0.267633	0.381059	0.478733	0.571498	0.66929	0.772504	0.8658	0.92112	0.92112	
0.484156	0.431714	0.387955	0.347388	0.294135	0.21505	0.10994	0.00259085	-0.0822672	-0.123697	-0.113426	-0.0667804	0.00729875	0.084977	0.147524	0.208436	0.274311	0.33789	0.388921	0.386348	0.307325	0.165224	-0.00382898	-0.167578	-0.312183	-0.434625	-0.550848	-0.660725	-0.753214	-0.811929	-0.808299	-0.740284	-0.636619	-0.524929	-0.424122	-0.34506	-0.280137	-0.215712	-0.140284	-0.0516615	0.0449828	0.150118	0.246945	0.332106	0.418446	0.507777	0.600636	0.681443	0.730446	0.730446	
0.409648	0.374406	0.348115	0.330416	0.309998	0.266822	0.198052	0.127387	0.0724288	0.0564948	0.0781363	0.127287	0.186369	0.247632	0.29611	0.335128	0.382953	0.437923	0.480329	0.470745	0.389672	0.251326	0.0882774	-0.0727332	-0.21027	-0.322672	-0.424644	-0.520788	-0.608646	-0.670946	-0.680252	-0.636619	-0.555089	-0.47014	-0.402995	-0.357156	-0.323158	-0.282159	-0.231575	-0.159481	-0.0729022	0.0130909	0.0910263	0.164702	0.241258	0.318053	0.398879	0.467075	0.502601	0.502601	
0.359741	0.339115	0.329057	0.333774	0.335228	0.316247	0.284078	0.240653	0.209183	0.213906	0.239846	0.28523	0.325786	0.363819	0.390679	0.408537	0.437556	0.482423	0.515341	0.50802	0.435462	0.311838	0.164966	0.0201285	-0.096861	-0.197789	-0.285537	-0.36788	-0.450771	-0.515057	-0.538761	-0.524929	-0.47014	-0.412178	-0.372729	-0.35045	-0.347446	-0.335493	-0.305872	-0.253454	-0.186273	-0.114615	-0.0525064	0.00879934	0.0745806	0.140007	0.209461	0.258762	0.288761	0.288761	
0.341835	0.327567	0.32712	0.33979	0.349859	0.351198	0.34172	0.32348	0.311342	0.32448	0.350356	0.385691	0.404901	0.419779	0.424685	0.421456	0.439431	0.472704	0.500773	0.497972	0.43679	0.330176	0.21269	0.0943606	-0.0056899	-0.0887421	-0.161151	-0.225144	-0.299001	-0.373446	-0.415377	-0.424122	-0.402995	-0.372729	-0.352743	-0.34913	-0.359736	-0.363524	-0.348274	-0.305822	-0.25171	-0.200041	-0.14951	-0.0955425	-0.0399963	0.0190738	0.0689549	0.0933748	0.112745	0.112745	
0.361535	0.340626	0.337902	0.344498	0.349831	0.355708	0.358846	0.355444	0.357005	0.372177	0.394808	0.414228	0.420106	0.411603	0.390956	0.377303	0.381712	0.404415	0.430856	0.425473	0.379493	0.300842	0.211082	0.124261	0.0471966	-0.00941143	-0.056583	-0.108462	-0.174444	-0.251684	-0.309683	-0.34506	-0.357156	-0.35045	-0.34913	-0.352736	-0.362744	-0.369687	-0.358292	-0.322182	-0.266796	-0.217496	-0.166596	-0.114057	-0.0723845	-0.0277022	0.00314469	0.0127766	0.019854	0.019854	
0.410726	0.367991	0.340513	0.325404	0.313878	0.308991	0.319271	0.327692	0.340755	0.358268	0.374653	0.379907	0.373287	0.343102	0.302879	0.280799	0.275061	0.28835	0.310312	0.308475	0.27639	0.22486	0.162143	0.107228	0.0630688	0.0350725	0.0126382	-0.0222981	-0.0746505	-0.144688	-0.216275	-0.280137	-0.323158	-0.347446	-0.359736	-0.362744	-0.370151	-0.365406	-0.337865	-0.293154	-0.227149	-0.160375	-0.102141	-0.047532	-0.00282874	0.0281879	0.0369764	0.0320745	0.0274907	0.0274907	
0.459665	0.384966	0.327635	0.279518	0.240271	0.221518	0.226455	0.243995	0.269557	0.291473	0.301677	0.302623	0.283195	0.236184	0.188142	0.153713	0.139245	0.145924	0.161533	0.166695	0.145951	0.115887	0.0850096	0.0612575	0.0492023	0.0464093	0.0469228	0.041254	0.00810197	-0.0565585	-0.134675	-0.215712	-0.282159	-0.335493	-0.363524	-0.369687	-0.365406	-0.342489	-0.30129	-0.233996	-0.150713	-0.0601549	0.0250266	0.0975859	0.15352	0.175977	0.177004	0.165299	0.148664	0.148664	
0.483513	0.375499	0.285755	0.203121	0.135029	0.0989897	0.0930219	0.117685	0.154533	0.181036	0.19465	0.19486	0.166254	0.114658	0.0628333	0.0195893	-0.00178468	-0.000603562	0.00940551	0.018989	0.013287	0.00521949	0.0060558	0.00923659	0.0272082	0.0519316	0.0802813	0.0956346	0.0774256	0.0262461	-0.0513256	-0.140284	-0.231575	-0.305872	-0.348274	-0.358292	-0.337865	-0.30129	-0.24409	-0.155226	-0.0488667	0.0741236	0.194551	0.293535	0.363648	0.392643	0.395832	0.383902	0.373056	0.373056	
0.46337	0.329409	0.206613	0.0925182	0.00814314	-0.0407735	-0.053312	-0.0162223	0.0265194	0.0607181	0.084297	0.0825058	0.0527041	0.00435637	-0.0458743	-0.0924879	-0.123023	-0.133665	-0.12975	-0.120392	-0.107463	-0.0932447	-0.0662682	-0.0257902	0.0224558	0.0727684	0.124798	0.154059	0.152883	0.119244	0.0412135	-0.0516615	-0.159481	-0.253454	-0.305822	-0.322182	-0.293154	-0.233996	-0.155226	-0.0504763	0.079765	0.230041	0.38228	0.507362	0.596998	0.644736	0.652592	0.648015	0.643306	0.643306	
0.399455	0.240545	0.09241	-0.0374303	-0.128715	-0.180366	-0.182296	-0.133445	-0.0763521	-0.0251183	0.0107685	0.00942694	-0.0210195	-0.069842	-0.119296	-0.171919	-0.216574	-0.239527	-0.243586	-0.232596	-0.205574	-0.171422	-0.118227	-0.037028	0.0403891	0.117192	0.19197	0.242529	0.2571	0.229331	0.148852	0.0449828	-0.0729022	-0.186273	-0.25171	-0.266796	-0.227149	-0.150713	-0.0488667	0.079765	0.234271	0.408851	0.585147	0.734963	0.83453	0.883406	0.899452	0.905123	0.899501	0.899501	
0.316419	0.12848	-0.0403234	-0.176783	-0.263162	-0.294585	-0.268855	-0.201277	-0.116399	-0.0474895	0.000751903	0.00678709	-0.0307652	-0.0766238	-0.130485	-0.197599	-0.260914	-0.304834	-0.329408	-0.317873	-0.281782	-0.224571	-0.132523	-0.0190147	0.0914496	0.199659	0.292951	0.356925	0.3779	0.347644	0.267633	0.150118	0.0130909	-0.114615	-0.200041	-0.217496	-0.160375	-0.0601549	0.0741236	0.230041	0.408851	0.606143	0.793338	0.947232	1.0471	1.09538	1.10731	1.11068	1.10954	1.10954	
0.228962	0.0183392	-0.165463	-0.302634	-0.370741	-0.369993	-0.304392	-0.203342	-0.0871487	0.0115448	0.0733416	0.0832582	0.0448985	-0.00990246	-0.0767755	-0.157677	-0.247201	-0.317003	-0.358142	-0.354713	-0.309763	-0.229512	-0.112439	0.032331	0.172872	0.301343	0.410221	0.478826	0.503078	0.470281	0.381059	0.246945	0.0910263	-0.0525064	-0.14951	-0.166596	-0.102141	0.0250266	0.194551	0.38228	0.585147	0.793338	0.988415	1.13424	1.21984	1.25871	1.25947	1.25824	1.25547	1.25547	
0.155939	-0.0714395	-0.265548	-0.395548	-0.439067	-0.401063	-0.292038	-0.152441	-0.000728406	0.128231	0.206421	0.223627	0.187256	0.121939	0.0425201	-0.0580767	-0.168524	-0.264438	-0.324345	-0.327314	-0.281624	-0.184129	-0.044898	0.116694	0.277511	0.415538	0.526277	0.598118	0.619917	0.580732	0.478733	0.332106	0.164702	0.00879934	-0.0955425	-0.114057	-0.047532	0.0975859	0.293535	0.507362	0.734963	0.947232	1.13424	1.2692	1.34221	1.36898	1.36068	1.35662	1.34687	1.34687	
0.109423	-0.13792	-0.334282	-0.456627	-0.475177	-0.395243	-0.247004	-0.0663903	0.118951	0.273865	0.36799	0.396356	0.368726	0.299781	0.20881	0.0933934	-0.03717	-0.157605	-0.238354	-0.258443	-0.213435	-0.101511	0.0547927	0.224325	0.392796	0.535426	0.642801	0.710778	0.722546	0.678089	0.571498	0.418446	0.241258	0.0745806	-0.0399963	-0.0723845	-0.00282874	0.15352	0.363648	0.596998	0.83453	1.0471	1.21984	1.34221	1.4064	1.42641	1.42162	1.4148	1.40678	1.40678	
0.0724524	-0.186039	-0.377955	-0.48533	-0.479786	-0.364456	-0.183071	0.037044	0.252008	0.432063	0.54538	0.584437	0.569995	0.498455	0.391492	0.265375	0.114462	-0.0278357	-0.128416	-0.173392	-0.131285	-0.0141018	0.143479	0.321632	0.493697	0.639853	0.7505	0.815044	0.826848	0.781698	0.66929	0.507777	0.318053	0.140007	0.0190738	-0.0277022	0.0281879	0.175977	0.392643	0.644736	0.883406	1.09538	1.25871	1.36898	1.42641	1.4465	1.45175	1.44036	1.44066	1.44066	
0.0487185	-0.207931	-0.399933	-0.485981	-0.4569	-0.313202	-0.101049	0.150007	0.391747	0.588081	0.716532	0.772174	0.765031	0.696708	0.577903	0.427011	0.259296	0.0871941	-0.0491664	-0.117372	-0.0894507	0.0284019	0.19714	0.382252	0.565802	0.724547	0.840899	0.912676	0.931487	0.885815	0.772504	0.600636	0.398879	0.209461	0.0689549	0.00314469	0.0369764	0.177004	0.395832	0.652592	0.899452	1.10731	1.25947	1.36068	1.42162	1.45175	1.46245	1.45508	1.455	1.455	
0.0374386	-0.218792	-0.408803	-0.47644	-0.425732	-0.264975	-0.0226123	0.252191	0.513488	0.727752	0.864795	0.931351	0.930424	0.858642	0.725033	0.552111	0.363553	0.166033	-0.00204001	-0.0979792	-0.083404	0.0332051	0.207754	0.402421	0.597046	0.774096	0.909719	0.995586	1.02018	0.977279	0.8658	0.681443	0.467075	0.258762	0.0933748	0.0127766	0.0320745	0.165299	0.383902	0.648015	0.905123	1.11068	1.25824	1.35662	1.4148	1.44036	1.45508	1.45856	1.45339	1.45339	
0.0357875	-0.222441	-0.403517	-0.462688	-0.398242	-0.227149	0.0296809	0.315964	0.590833	0.80927	0.95447	1.02698	1.02619	0.955509	0.808505	0.622209	0.417004	0.202525	0.0103074	-0.101705	-0.0954136	0.0173643	0.197014	0.399821	0.606488	0.79662	0.944185	1.03796	1.07379	1.03421	0.92112	0.730446	0.502601	0.288761	0.112745	0.019854	0.0274907	0.148664	0.373056	0.643306	0.899501	1.10954	1.25547	1.34687	1.40678	1.44066	1.455	1.45339	1.45175	1.45175	
0.0357875	-0.222441	-0.403517	-0.462688	-0.398242	-0.227149	0.0296809	0.315964	0.590833	0.80927	0.95447	1.02698	1.02619	0.955509	0.808505	0.622209	0.417004	0.202525	0.0103074	-0.101705	-0.0954136	0.0173643	0.197014	0.399821	0.606488	0.79662	0.944185	1.03796	1.07379	1.03421	0.92112	0.730446	0.502601	0.288761	0.112745	0.019854	0.0274907	0.148664	0.373056	0.643306	0.899501	1.10954	1.25547	1.34687	1.40678	1.44066	1.455	1.45339	1.45175	1.45175	
