-0.27976	-0.27976	0.16258	0.173033	-0.318992	0.000100964	
-0.27976	-0.27976	0.16258	0.173033	-0.318992	0.000100964	
0.16258	0.16258	0.71004	0.717691	0.211734	0.519602	
0.173033	0.173033	0.717691	0.675735	0.364838	0.00793515	
-0.318992	-0.318992	0.211734	0.364838	-0.280194	0.0939566	
0.000100964	0.000100964	0.519602	0.00793515	0.0939566	-0.759119	
