-0.028879	-0.028879	-0.0289003	-0.0281383	-0.02783	-0.0253537	-0.0225785	-0.0156786	-0.00422495	0.0150979	0.0482984	0.0982001	0.174105	0.280375	0.417792	0.589417	0.773231	0.956682	1.09991	1.16697	1.13256	0.974505	0.708908	0.374838	0.0186183	-0.301529	-0.548456	-0.717251	-0.797372	-0.807255	-0.745442	-0.61882	-0.453883	-0.290934	-0.166435	-0.108564	-0.107952	-0.135595	-0.165566	-0.191732	-0.195275	-0.177343	-0.141713	-0.102097	-0.0869157	-0.110297	-0.13011	-0.130019	-0.116368	-0.0979405	
-0.028879	-0.028879	-0.0289003	-0.0281383	-0.02783	-0.0253537	-0.0225785	-0.0156786	-0.00422495	0.0150979	0.0482984	0.0982001	0.174105	0.280375	0.417792	0.589417	0.773231	0.956682	1.09991	1.16697	1.13256	0.974505	0.708908	0.374838	0.0186183	-0.301529	-0.548456	-0.717251	-0.797372	-0.807255	-0.745442	-0.61882	-0.453883	-0.290934	-0.166435	-0.108564	-0.107952	-0.135595	-0.165566	-0.191732	-0.195275	-0.177343	-0.141713	-0.102097	-0.0869157	-0.110297	-0.13011	-0.130019	-0.116368	-0.0979405	
-0.0289003	-0.0289003	-0.0279339	-0.0287007	-0.0268238	-0.0254186	-0.0227276	-0.0152893	-0.00521437	0.0150016	0.0477664	0.0981943	0.174501	0.281756	0.419337	0.590339	0.774849	0.955113	1.09737	1.1645	1.12774	0.972555	0.7102	0.37749	0.0240014	-0.294232	-0.543198	-0.712757	-0.793415	-0.802925	-0.741198	-0.617641	-0.454803	-0.291687	-0.168021	-0.111486	-0.108736	-0.133312	-0.163335	-0.190074	-0.193518	-0.175191	-0.140289	-0.102501	-0.0873848	-0.109232	-0.127894	-0.12908	-0.115581	-0.0981096	
-0.0281383	-0.0281383	-0.0287007	-0.0271541	-0.0275052	-0.0246549	-0.0213329	-0.0147169	-0.00214465	0.0174281	0.0508665	0.101233	0.177034	0.281663	0.419017	0.587156	0.769011	0.949488	1.09038	1.15592	1.1232	0.96808	0.707927	0.38022	0.0303339	-0.286815	-0.533059	-0.701242	-0.78479	-0.796905	-0.738358	-0.615411	-0.455664	-0.297837	-0.17595	-0.114411	-0.110027	-0.135463	-0.163943	-0.186442	-0.191114	-0.175121	-0.141957	-0.104702	-0.0911963	-0.108829	-0.127041	-0.127531	-0.115418	-0.0983411	
-0.02783	-0.02783	-0.0268238	-0.0275052	-0.025138	-0.0241638	-0.0202401	-0.0135158	-0.00235757	0.0182821	0.0508563	0.103006	0.178544	0.285763	0.42303	0.589526	0.771914	0.946008	1.08318	1.14865	1.11139	0.962481	0.710222	0.388283	0.045855	-0.266503	-0.51573	-0.6853	-0.772634	-0.784607	-0.726326	-0.609891	-0.45683	-0.300257	-0.181269	-0.12146	-0.111662	-0.129748	-0.157595	-0.180971	-0.185315	-0.169168	-0.137607	-0.10562	-0.0921698	-0.105768	-0.120936	-0.12391	-0.112803	-0.0980157	
-0.0253537	-0.0253537	-0.0254186	-0.0246549	-0.0241638	-0.0216786	-0.018249	-0.0106365	0.00158983	0.0228357	0.056849	0.108209	0.185111	0.288616	0.425557	0.587551	0.766389	0.93692	1.07232	1.13507	1.10166	0.956302	0.710499	0.396556	0.0618233	-0.246545	-0.493872	-0.662968	-0.752047	-0.76734	-0.715403	-0.60408	-0.456121	-0.307721	-0.19145	-0.126293	-0.112582	-0.129758	-0.154648	-0.172068	-0.17835	-0.16477	-0.13727	-0.107214	-0.0964579	-0.103225	-0.116964	-0.119438	-0.110183	-0.0976505	
-0.0225785	-0.0225785	-0.0227276	-0.0213329	-0.0202401	-0.018249	-0.0126544	-0.00695494	0.00745017	0.0280899	0.0618187	0.11567	0.190684	0.296374	0.432353	0.592101	0.768344	0.934535	1.06319	1.12503	1.08919	0.950174	0.713066	0.411146	0.0879714	-0.214549	-0.460509	-0.629747	-0.727492	-0.746067	-0.695001	-0.589572	-0.451603	-0.309768	-0.198775	-0.133124	-0.111674	-0.121206	-0.143066	-0.160619	-0.165888	-0.154179	-0.128562	-0.10632	-0.0956741	-0.0973571	-0.107109	-0.110754	-0.103939	-0.0945437	
-0.0156786	-0.0156786	-0.0152893	-0.0147169	-0.0135158	-0.0106365	-0.00695494	0.00179207	0.0146466	0.0372472	0.0730088	0.126208	0.204116	0.308416	0.443436	0.599026	0.77196	0.929487	1.05495	1.11346	1.07843	0.946918	0.722185	0.431339	0.119301	-0.174746	-0.420699	-0.592578	-0.690246	-0.709923	-0.667376	-0.572942	-0.443575	-0.310172	-0.202708	-0.134158	-0.107841	-0.11208	-0.129613	-0.141764	-0.148948	-0.138544	-0.118867	-0.10126	-0.0933402	-0.0885505	-0.0952579	-0.0988157	-0.0941824	-0.0893518	
-0.00422495	-0.00422495	-0.00521437	-0.00214465	-0.00235757	0.00158983	0.00745017	0.0146466	0.0312762	0.0533908	0.0901143	0.144863	0.221836	0.325507	0.459007	0.611744	0.778625	0.933605	1.05202	1.10792	1.07384	0.948761	0.732528	0.457784	0.161352	-0.125245	-0.364796	-0.535291	-0.641985	-0.670395	-0.631467	-0.54238	-0.42299	-0.302626	-0.202539	-0.132792	-0.0972224	-0.0949237	-0.106624	-0.117662	-0.123387	-0.116302	-0.100095	-0.0908233	-0.0841771	-0.0750482	-0.0776538	-0.0800772	-0.0787145	-0.0784889	
0.0150979	0.0150979	0.0150016	0.0174281	0.0182821	0.0228357	0.0280899	0.0372472	0.0533908	0.0768359	0.115496	0.171371	0.250147	0.355778	0.487612	0.637909	0.800034	0.946111	1.05724	1.10934	1.07413	0.957596	0.75688	0.498619	0.216627	-0.0584301	-0.295983	-0.470524	-0.579177	-0.608165	-0.577043	-0.501097	-0.395317	-0.284912	-0.189813	-0.119439	-0.0786821	-0.0681872	-0.0733599	-0.0809463	-0.0862761	-0.0808654	-0.0703718	-0.069098	-0.0644239	-0.052177	-0.0502462	-0.051879	-0.0538156	-0.059217	
0.0482984	0.0482984	0.0477664	0.0508665	0.0508563	0.056849	0.0618187	0.0730088	0.0901143	0.115496	0.155975	0.212472	0.292331	0.396424	0.52592	0.672636	0.828344	0.96851	1.07462	1.12161	1.08928	0.978575	0.790256	0.548712	0.284419	0.0218577	-0.207234	-0.381798	-0.494788	-0.533033	-0.510982	-0.442864	-0.347761	-0.251903	-0.16645	-0.0959686	-0.0488777	-0.0296473	-0.0282516	-0.0316048	-0.0371241	-0.0334304	-0.0297883	-0.0350637	-0.0341934	-0.0202362	-0.0141171	-0.0135331	-0.0184968	-0.0299105	
0.0982001	0.0982001	0.0981943	0.101233	0.103006	0.108209	0.11567	0.126208	0.144863	0.171371	0.212472	0.271017	0.352081	0.456559	0.585279	0.72953	0.877388	1.01191	1.10706	1.1494	1.11548	1.01309	0.838158	0.617078	0.371682	0.122128	-0.100812	-0.275103	-0.392365	-0.437982	-0.42197	-0.364851	-0.284936	-0.203886	-0.125763	-0.0583318	-0.0037929	0.023323	0.033837	0.0317106	0.0309662	0.0312855	0.0304248	0.0159971	0.014281	0.0275921	0.0382218	0.0414018	0.0322641	0.0157958	
0.174105	0.174105	0.174501	0.177034	0.178544	0.185111	0.190684	0.204116	0.221836	0.250147	0.292331	0.352081	0.432373	0.53809	0.662309	0.802623	0.94457	1.06842	1.15775	1.19172	1.16009	1.06012	0.902502	0.699011	0.471492	0.239465	0.0269012	-0.150774	-0.270271	-0.319572	-0.315254	-0.27021	-0.205901	-0.136856	-0.0703364	-0.00314559	0.05166	0.090211	0.10709	0.113993	0.112304	0.112804	0.103996	0.0852917	0.0780726	0.0893478	0.104759	0.109802	0.0988904	0.0771504	
0.280375	0.280375	0.281756	0.281663	0.285763	0.288616	0.296374	0.308416	0.325507	0.355778	0.396424	0.456559	0.53809	0.63894	0.762572	0.89628	1.02863	1.14532	1.22294	1.25014	1.21628	1.1224	0.97607	0.790846	0.584136	0.368792	0.163809	-0.00690359	-0.12834	-0.19231	-0.197337	-0.160758	-0.109985	-0.057587	-0.00224459	0.0573984	0.118856	0.166903	0.193717	0.203465	0.207884	0.206986	0.193949	0.169744	0.156958	0.166401	0.1848	0.193958	0.180329	0.156305	
0.417792	0.417792	0.419337	0.419017	0.42303	0.425557	0.432353	0.443436	0.459007	0.487612	0.52592	0.585279	0.662309	0.762572	0.879672	1.00718	1.13106	1.23437	1.30096	1.31628	1.27863	1.1849	1.05251	0.885553	0.698466	0.50132	0.30862	0.136098	0.0100718	-0.0565193	-0.0690155	-0.0479367	-0.0156101	0.0234532	0.0668275	0.123898	0.185912	0.242324	0.277052	0.298478	0.307632	0.306923	0.289786	0.263475	0.245984	0.252177	0.275299	0.286676	0.274533	0.249138	
0.589417	0.589417	0.590339	0.587156	0.589526	0.587551	0.592101	0.599026	0.611744	0.637909	0.672636	0.72953	0.802623	0.89628	1.00718	1.12329	1.23465	1.32495	1.37696	1.38108	1.33923	1.24439	1.12234	0.969146	0.799381	0.621286	0.43869	0.274821	0.14894	0.0701714	0.0428139	0.0538751	0.072174	0.0980371	0.127486	0.176084	0.236936	0.304692	0.350761	0.381789	0.395678	0.39774	0.379769	0.353263	0.329973	0.335061	0.360658	0.376559	0.366787	0.344544	
0.773231	0.773231	0.774849	0.769011	0.771914	0.766389	0.768344	0.77196	0.778625	0.800034	0.828344	0.877388	0.94457	1.02863	1.13106	1.23465	1.33363	1.40563	1.4417	1.43019	1.37496	1.27883	1.16236	1.02219	0.872542	0.712775	0.54014	0.381229	0.251693	0.165588	0.13181	0.12677	0.129676	0.139081	0.155255	0.195312	0.260557	0.333737	0.388551	0.431299	0.456925	0.463292	0.446078	0.421274	0.395423	0.401502	0.42989	0.450428	0.447666	0.430827	
0.956682	0.956682	0.955113	0.949488	0.946008	0.93692	0.934535	0.929487	0.933605	0.946111	0.96851	1.01191	1.06842	1.14532	1.23437	1.32495	1.40563	1.46165	1.47676	1.44955	1.38279	1.28043	1.1657	1.03708	0.901481	0.756471	0.599544	0.448905	0.316452	0.222872	0.176257	0.156302	0.143965	0.138968	0.142688	0.174714	0.233991	0.310804	0.380527	0.438004	0.472646	0.482005	0.472113	0.449564	0.42459	0.430367	0.462031	0.487204	0.493982	0.486246	
1.09991	1.09991	1.09737	1.09038	1.08318	1.07232	1.06319	1.05495	1.05202	1.05724	1.07462	1.10706	1.15775	1.22294	1.30096	1.37696	1.4417	1.47676	1.47296	1.42623	1.34379	1.23372	1.12084	0.998625	0.877758	0.749741	0.603082	0.458472	0.328153	0.228729	0.168816	0.132234	0.106107	0.085235	0.0735751	0.0922947	0.149728	0.232152	0.310318	0.378552	0.425031	0.445714	0.44091	0.422653	0.398739	0.409257	0.441446	0.472511	0.490831	0.494247	
1.16697	1.16697	1.1645	1.15592	1.14865	1.13507	1.12503	1.11346	1.10792	1.10934	1.12161	1.1494	1.19172	1.25014	1.31628	1.38108	1.43019	1.44955	1.42623	1.36449	1.26342	1.14727	1.02742	0.912064	0.803453	0.689235	0.558592	0.426207	0.292418	0.18496	0.113441	0.0616564	0.018848	-0.020296	-0.0462802	-0.0385276	0.0116588	0.0892698	0.177014	0.258797	0.319511	0.345106	0.349503	0.334386	0.317764	0.32874	0.362174	0.397387	0.427665	0.443352	
1.13256	1.13256	1.12774	1.1232	1.11139	1.10166	1.08919	1.07843	1.07384	1.07413	1.08928	1.11548	1.16009	1.21628	1.27863	1.33923	1.37496	1.38279	1.34379	1.26342	1.15226	1.02725	0.906005	0.798787	0.701725	0.598867	0.48474	0.356387	0.228576	0.119095	0.0336469	-0.0372363	-0.0964758	-0.155498	-0.196463	-0.204418	-0.166733	-0.0933728	0.0012128	0.0908891	0.160423	0.196002	0.207813	0.196188	0.183803	0.195969	0.227329	0.264367	0.303969	0.32879	
0.974505	0.974505	0.972555	0.96808	0.962481	0.956302	0.950174	0.946918	0.948761	0.957596	0.978575	1.01309	1.06012	1.1224	1.1849	1.24439	1.27883	1.28043	1.23372	1.14727	1.02725	0.89544	0.774695	0.670886	0.582718	0.498266	0.40108	0.286636	0.163844	0.0493097	-0.0515834	-0.136645	-0.218115	-0.29363	-0.354342	-0.380367	-0.359526	-0.291696	-0.200896	-0.106372	-0.0273588	0.0179281	0.033152	0.0235719	0.0171	0.0277445	0.0552167	0.0916298	0.135128	0.16901	
0.708908	0.708908	0.7102	0.707927	0.710222	0.710499	0.713066	0.722185	0.732528	0.75688	0.790256	0.838158	0.902502	0.97607	1.05251	1.12234	1.16236	1.1657	1.12084	1.02742	0.906005	0.774695	0.65546	0.562563	0.48996	0.421787	0.341938	0.24034	0.127246	0.0111297	-0.100381	-0.201204	-0.302122	-0.401648	-0.483692	-0.527142	-0.524187	-0.473727	-0.390216	-0.291438	-0.207207	-0.156933	-0.140841	-0.146047	-0.151005	-0.144488	-0.12386	-0.0927788	-0.0515648	-0.0159217	
0.374838	0.374838	0.37749	0.38022	0.388283	0.396556	0.411146	0.431339	0.457784	0.498619	0.548712	0.617078	0.699011	0.790846	0.885553	0.969146	1.02219	1.03708	0.998625	0.912064	0.798787	0.670886	0.562563	0.48195	0.423457	0.375279	0.319098	0.235606	0.137649	0.023107	-0.0928471	-0.210332	-0.335821	-0.455697	-0.555243	-0.624065	-0.646466	-0.611432	-0.538102	-0.446824	-0.362456	-0.306305	-0.288906	-0.293819	-0.299831	-0.298586	-0.284945	-0.263233	-0.230696	-0.195715	
0.0186183	0.0186183	0.0240014	0.0303339	0.045855	0.0618233	0.0879714	0.119301	0.161352	0.216627	0.284419	0.371682	0.471492	0.584136	0.698466	0.799381	0.872542	0.901481	0.877758	0.803453	0.701725	0.582718	0.48996	0.423457	0.38471	0.364395	0.332594	0.275235	0.198029	0.0925837	-0.0278466	-0.157789	-0.299962	-0.438138	-0.563821	-0.655465	-0.698069	-0.686094	-0.634502	-0.550469	-0.464528	-0.40759	-0.393718	-0.395807	-0.404503	-0.407811	-0.403756	-0.392517	-0.37453	-0.342864	
-0.301529	-0.301529	-0.294232	-0.286815	-0.266503	-0.246545	-0.214549	-0.174746	-0.125245	-0.0584301	0.0218577	0.122128	0.239465	0.368792	0.50132	0.621286	0.712775	0.756471	0.749741	0.689235	0.598867	0.498266	0.421787	0.375279	0.364395	0.373377	0.369684	0.346017	0.293533	0.20303	0.0928417	-0.0411004	-0.197471	-0.356425	-0.502272	-0.615492	-0.682648	-0.696112	-0.662825	-0.592271	-0.513913	-0.45978	-0.443622	-0.445622	-0.459059	-0.468673	-0.470091	-0.473858	-0.470999	-0.447335	
-0.548456	-0.548456	-0.543198	-0.533059	-0.51573	-0.493872	-0.460509	-0.420699	-0.364796	-0.295983	-0.207234	-0.100812	0.0269012	0.163809	0.30862	0.43869	0.54014	0.599544	0.603082	0.558592	0.48474	0.40108	0.341938	0.319098	0.332594	0.369684	0.40318	0.41915	0.401205	0.340997	0.249399	0.1131	-0.0503359	-0.222969	-0.381785	-0.515218	-0.602898	-0.643634	-0.632624	-0.58165	-0.509999	-0.459927	-0.444615	-0.448625	-0.467121	-0.478562	-0.488495	-0.50584	-0.518736	-0.504703	
-0.717251	-0.717251	-0.712757	-0.701242	-0.6853	-0.662968	-0.629747	-0.592578	-0.535291	-0.470524	-0.381798	-0.275103	-0.150774	-0.00690359	0.136098	0.274821	0.381229	0.448905	0.458472	0.426207	0.356387	0.286636	0.24034	0.235606	0.275235	0.346017	0.41915	0.47741	0.498341	0.475947	0.406623	0.283963	0.128938	-0.0457824	-0.218752	-0.368637	-0.47333	-0.535136	-0.545078	-0.514487	-0.453574	-0.413122	-0.394871	-0.40313	-0.422965	-0.440236	-0.455977	-0.487011	-0.514077	-0.513184	
-0.797372	-0.797372	-0.793415	-0.78479	-0.772634	-0.752047	-0.727492	-0.690246	-0.641985	-0.579177	-0.494788	-0.392365	-0.270271	-0.12834	0.0100718	0.14894	0.251693	0.316452	0.328153	0.292418	0.228576	0.163844	0.127246	0.137649	0.198029	0.293533	0.401205	0.498341	0.564421	0.588731	0.553661	0.462617	0.31853	0.142054	-0.0355093	-0.183152	-0.301728	-0.379206	-0.411784	-0.397274	-0.353953	-0.317825	-0.301028	-0.313098	-0.336635	-0.357818	-0.380368	-0.425139	-0.464514	-0.482212	
-0.807255	-0.807255	-0.802925	-0.796905	-0.784607	-0.76734	-0.746067	-0.709923	-0.670395	-0.608165	-0.533033	-0.437982	-0.319572	-0.19231	-0.0565193	0.0701714	0.165588	0.222872	0.228729	0.18496	0.119095	0.0493097	0.0111297	0.023107	0.0925837	0.20303	0.340997	0.475947	0.588731	0.655998	0.662852	0.60194	0.477789	0.317981	0.153902	0.00434078	-0.120588	-0.203769	-0.249223	-0.249264	-0.219248	-0.185819	-0.173073	-0.185139	-0.208373	-0.2314	-0.262825	-0.316494	-0.366402	-0.405294	
-0.745442	-0.745442	-0.741198	-0.738358	-0.726326	-0.715403	-0.695001	-0.667376	-0.631467	-0.577043	-0.510982	-0.42197	-0.315254	-0.197337	-0.0690155	0.0428139	0.13181	0.176257	0.168816	0.113441	0.0336469	-0.0515834	-0.100381	-0.0928471	-0.0278466	0.0928417	0.249399	0.406623	0.553661	0.662852	0.710578	0.687732	0.596838	0.457763	0.304692	0.161853	0.0465127	-0.0352738	-0.0838367	-0.0918755	-0.0703837	-0.0397373	-0.0255728	-0.0307734	-0.0516494	-0.075592	-0.113504	-0.168465	-0.231164	-0.289343	
-0.61882	-0.61882	-0.617641	-0.615411	-0.609891	-0.60408	-0.589572	-0.572942	-0.54238	-0.501097	-0.442864	-0.364851	-0.27021	-0.160758	-0.0479367	0.0538751	0.12677	0.156302	0.132234	0.0616564	-0.0372363	-0.136645	-0.201204	-0.210332	-0.157789	-0.0411004	0.1131	0.283963	0.462617	0.60194	0.687732	0.70339	0.641131	0.521265	0.387635	0.260119	0.160347	0.0867644	0.0436156	0.031604	0.0560344	0.0905447	0.113076	0.11549	0.106256	0.0861558	0.0515913	-0.00307069	-0.0750542	-0.146668	
-0.453883	-0.453883	-0.454803	-0.455664	-0.45683	-0.456121	-0.451603	-0.443575	-0.42299	-0.395317	-0.347761	-0.284936	-0.205901	-0.109985	-0.0156101	0.072174	0.129676	0.143965	0.106107	0.018848	-0.0964758	-0.218115	-0.302122	-0.335821	-0.299962	-0.197471	-0.0503359	0.128938	0.31853	0.477789	0.596838	0.641131	0.60036	0.507544	0.392838	0.2805	0.19105	0.130075	0.0963421	0.0967959	0.128523	0.169359	0.200886	0.225439	0.234756	0.226197	0.201464	0.153637	0.0799178	0.00298527	
-0.290934	-0.290934	-0.291687	-0.297837	-0.300257	-0.307721	-0.309768	-0.310172	-0.302626	-0.284912	-0.251903	-0.203886	-0.136856	-0.057587	0.0234532	0.0980371	0.139081	0.138968	0.085235	-0.020296	-0.155498	-0.29363	-0.401648	-0.455697	-0.438138	-0.356425	-0.222969	-0.0457824	0.142054	0.317981	0.457763	0.521265	0.507544	0.435908	0.327388	0.22089	0.143402	0.0959207	0.0767096	0.08619	0.125551	0.175997	0.229257	0.279241	0.309134	0.321802	0.318548	0.283806	0.214462	0.140349	
-0.166435	-0.166435	-0.168021	-0.17595	-0.181269	-0.19145	-0.198775	-0.202708	-0.202539	-0.189813	-0.16645	-0.125763	-0.0703364	-0.00224459	0.0668275	0.127486	0.155255	0.142688	0.0735751	-0.0462802	-0.196463	-0.354342	-0.483692	-0.555243	-0.563821	-0.502272	-0.381785	-0.218752	-0.0355093	0.153902	0.304692	0.387635	0.392838	0.327388	0.22187	0.123896	0.0489745	0.00431848	-0.0114668	0.00505102	0.0540804	0.11707	0.188422	0.258596	0.316604	0.361987	0.387794	0.367854	0.315264	0.251937	
-0.108564	-0.108564	-0.111486	-0.114411	-0.12146	-0.126293	-0.133124	-0.134158	-0.132792	-0.119439	-0.0959686	-0.0583318	-0.00314559	0.0573984	0.123898	0.176084	0.195312	0.174714	0.0922947	-0.0385276	-0.204418	-0.380367	-0.527142	-0.624065	-0.655465	-0.615492	-0.515218	-0.368637	-0.183152	0.00434078	0.161853	0.260119	0.2805	0.22089	0.123896	0.0208691	-0.063779	-0.11733	-0.133665	-0.114083	-0.0615303	0.00350823	0.0863993	0.177237	0.267538	0.348569	0.404631	0.41018	0.387016	0.339624	
-0.107952	-0.107952	-0.108736	-0.110027	-0.111662	-0.112582	-0.111674	-0.107841	-0.0972224	-0.0786821	-0.0488777	-0.0037929	0.05166	0.118856	0.185912	0.236936	0.260557	0.233991	0.149728	0.0116588	-0.166733	-0.359526	-0.524187	-0.646466	-0.698069	-0.682648	-0.602898	-0.47333	-0.301728	-0.120588	0.0465127	0.160347	0.19105	0.143402	0.0489745	-0.063779	-0.16492	-0.227795	-0.253842	-0.242958	-0.204429	-0.140043	-0.0520385	0.052053	0.164358	0.2798	0.370016	0.413192	0.423847	0.399305	
-0.135595	-0.135595	-0.133312	-0.135463	-0.129748	-0.129758	-0.121206	-0.11208	-0.0949237	-0.0681872	-0.0296473	0.023323	0.090211	0.166903	0.242324	0.304692	0.333737	0.310804	0.232152	0.0892698	-0.0933728	-0.291696	-0.473727	-0.611432	-0.686094	-0.696112	-0.643634	-0.535136	-0.379206	-0.203769	-0.0352738	0.0867644	0.130075	0.0959207	0.00431848	-0.11733	-0.227795	-0.306405	-0.354624	-0.366909	-0.339905	-0.282726	-0.207301	-0.106851	0.020571	0.165857	0.287171	0.371618	0.416827	0.424875	
-0.165566	-0.165566	-0.163335	-0.163943	-0.157595	-0.154648	-0.143066	-0.129613	-0.106624	-0.0733599	-0.0282516	0.033837	0.10709	0.193717	0.277052	0.350761	0.388551	0.380527	0.310318	0.177014	0.0012128	-0.200896	-0.390216	-0.538102	-0.634502	-0.662825	-0.632624	-0.545078	-0.411784	-0.249223	-0.0838367	0.0436156	0.0963421	0.0767096	-0.0114668	-0.133665	-0.253842	-0.354624	-0.429247	-0.459115	-0.4487	-0.418586	-0.366825	-0.275832	-0.144016	0.00922602	0.157697	0.279971	0.361941	0.407528	
-0.191732	-0.191732	-0.190074	-0.186442	-0.180971	-0.172068	-0.160619	-0.141764	-0.117662	-0.0809463	-0.0316048	0.0317106	0.113993	0.203465	0.298478	0.381789	0.431299	0.438004	0.378552	0.258797	0.0908891	-0.106372	-0.291438	-0.446824	-0.550469	-0.592271	-0.58165	-0.514487	-0.397274	-0.249264	-0.0918755	0.031604	0.0967959	0.08619	0.00505102	-0.114083	-0.242958	-0.366909	-0.459115	-0.509154	-0.527037	-0.52631	-0.494636	-0.42308	-0.312197	-0.163742	0.00528411	0.154267	0.265351	0.346432	
-0.195275	-0.195275	-0.193518	-0.191114	-0.185315	-0.17835	-0.165888	-0.148948	-0.123387	-0.0862761	-0.0371241	0.0309662	0.112304	0.207884	0.307632	0.395678	0.456925	0.472646	0.425031	0.319511	0.160423	-0.0273588	-0.207207	-0.362456	-0.464528	-0.513913	-0.509999	-0.453574	-0.353953	-0.219248	-0.0703837	0.0560344	0.128523	0.125551	0.0540804	-0.0615303	-0.204429	-0.339905	-0.4487	-0.527037	-0.574609	-0.594824	-0.587489	-0.550823	-0.46977	-0.332087	-0.159137	-0.0022544	0.130066	0.244572	
-0.177343	-0.177343	-0.175191	-0.175121	-0.169168	-0.16477	-0.154179	-0.138544	-0.116302	-0.0808654	-0.0334304	0.0312855	0.112804	0.206986	0.306923	0.39774	0.463292	0.482005	0.445714	0.345106	0.196002	0.0179281	-0.156933	-0.306305	-0.40759	-0.45978	-0.459927	-0.413122	-0.317825	-0.185819	-0.0397373	0.0905447	0.169359	0.175997	0.11707	0.00350823	-0.140043	-0.282726	-0.418586	-0.52631	-0.594824	-0.636245	-0.661357	-0.656308	-0.604629	-0.486156	-0.329441	-0.172857	-0.0234407	0.113655	
-0.141713	-0.141713	-0.140289	-0.141957	-0.137607	-0.13727	-0.128562	-0.118867	-0.100095	-0.0703718	-0.0297883	0.0304248	0.103996	0.193949	0.289786	0.379769	0.446078	0.472113	0.44091	0.349503	0.207813	0.033152	-0.140841	-0.288906	-0.393718	-0.443622	-0.444615	-0.394871	-0.301028	-0.173073	-0.0255728	0.113076	0.200886	0.229257	0.188422	0.0863993	-0.0520385	-0.207301	-0.366825	-0.494636	-0.587489	-0.661357	-0.713995	-0.738672	-0.71829	-0.631369	-0.498143	-0.346904	-0.190959	-0.0441669	
-0.102097	-0.102097	-0.102501	-0.104702	-0.10562	-0.107214	-0.10632	-0.10126	-0.0908233	-0.069098	-0.0350637	0.0159971	0.0852917	0.169744	0.263475	0.353263	0.421274	0.449564	0.422653	0.334386	0.196188	0.0235719	-0.146047	-0.293819	-0.395807	-0.445622	-0.448625	-0.40313	-0.313098	-0.185139	-0.0307734	0.11549	0.225439	0.279241	0.258596	0.177237	0.052053	-0.106851	-0.275832	-0.42308	-0.550823	-0.656308	-0.738672	-0.796712	-0.812619	-0.762276	-0.659633	-0.523471	-0.370937	-0.226884	
-0.0869157	-0.0869157	-0.0873848	-0.0911963	-0.0921698	-0.0964579	-0.0956741	-0.0933402	-0.0841771	-0.0644239	-0.0341934	0.014281	0.0780726	0.156958	0.245984	0.329973	0.395423	0.42459	0.398739	0.317764	0.183803	0.0171	-0.151005	-0.299831	-0.404503	-0.459059	-0.467121	-0.422965	-0.336635	-0.208373	-0.0516494	0.106256	0.234756	0.309134	0.316604	0.267538	0.164358	0.020571	-0.144016	-0.312197	-0.46977	-0.604629	-0.71829	-0.812619	-0.868297	-0.863832	-0.798443	-0.683562	-0.547875	-0.411454	
-0.110297	-0.110297	-0.109232	-0.108829	-0.105768	-0.103225	-0.0973571	-0.0885505	-0.0750482	-0.052177	-0.0202362	0.0275921	0.0893478	0.166401	0.252177	0.335061	0.401502	0.430367	0.409257	0.32874	0.195969	0.0277445	-0.144488	-0.298586	-0.407811	-0.468673	-0.478562	-0.440236	-0.357818	-0.2314	-0.075592	0.0861558	0.226197	0.321802	0.361987	0.348569	0.2798	0.165857	0.00922602	-0.163742	-0.332087	-0.486156	-0.631369	-0.762276	-0.863832	-0.905836	-0.878453	-0.801523	-0.696245	-0.573407	
-0.13011	-0.13011	-0.127894	-0.127041	-0.120936	-0.116964	-0.107109	-0.0952579	-0.0776538	-0.0502462	-0.0141171	0.0382218	0.104759	0.1848	0.275299	0.360658	0.42989	0.462031	0.441446	0.362174	0.227329	0.0552167	-0.12386	-0.284945	-0.403756	-0.470091	-0.488495	-0.455977	-0.380368	-0.262825	-0.113504	0.0515913	0.201464	0.318548	0.387794	0.404631	0.370016	0.287171	0.157697	0.00528411	-0.159137	-0.329441	-0.498143	-0.659633	-0.798443	-0.878453	-0.901095	-0.877262	-0.809262	-0.701086	
-0.130019	-0.130019	-0.12908	-0.127531	-0.12391	-0.119438	-0.110754	-0.0988157	-0.0800772	-0.051879	-0.0135331	0.0414018	0.109802	0.193958	0.286676	0.376559	0.450428	0.487204	0.472511	0.397387	0.264367	0.0916298	-0.0927788	-0.263233	-0.392517	-0.473858	-0.50584	-0.487011	-0.425139	-0.316494	-0.168465	-0.00307069	0.153637	0.283806	0.367854	0.41018	0.413192	0.371618	0.279971	0.154267	-0.0022544	-0.172857	-0.346904	-0.523471	-0.683562	-0.801523	-0.877262	-0.903292	-0.867583	-0.791541	
-0.116368	-0.116368	-0.115581	-0.115418	-0.112803	-0.110183	-0.103939	-0.0941824	-0.0787145	-0.0538156	-0.0184968	0.0322641	0.0988904	0.180329	0.274533	0.366787	0.447666	0.493982	0.490831	0.427665	0.303969	0.135128	-0.0515648	-0.230696	-0.37453	-0.470999	-0.518736	-0.514077	-0.464514	-0.366402	-0.231164	-0.0750542	0.0799178	0.214462	0.315264	0.387016	0.423847	0.416827	0.361941	0.265351	0.130066	-0.0234407	-0.190959	-0.370937	-0.547875	-0.696245	-0.809262	-0.867583	-0.876053	-0.85155	
-0.0979405	-0.0979405	-0.0981096	-0.0983411	-0.0980157	-0.0976505	-0.0945437	-0.0893518	-0.0784889	-0.059217	-0.0299105	0.0157958	0.0771504	0.156305	0.249138	0.344544	0.430827	0.486246	0.494247	0.443352	0.32879	0.16901	-0.0159217	-0.195715	-0.342864	-0.447335	-0.504703	-0.513184	-0.482212	-0.405294	-0.289343	-0.146668	0.00298527	0.140349	0.251937	0.339624	0.399305	0.424875	0.407528	0.346432	0.244572	0.113655	-0.0441669	-0.226884	-0.411454	-0.573407	-0.701086	-0.791541	-0.85155	-0.875532	
