-0.188128	-0.188128	-0.189172	-0.190742	-0.195239	-0.187353	-0.187356	-0.20062	-0.201094	-0.191974	-0.209292	-0.220903	-0.21392	-0.213727	-0.215589	-0.239609	-0.256223	-0.244562	-0.23452	-0.256422	-0.291175	-0.332443	-0.350031	-0.333514	-0.304691	-0.321236	-0.397026	-0.530383	-0.713717	-0.919584	-1.08373	-1.16263	-1.1437	-1.02145	-0.780807	-0.424835	-0.00335511	0.430047	0.833588	1.19367	1.48545	1.66255	1.69256	1.55908	1.30533	0.992367	0.679036	0.419273	0.2227	0.0877118	
-0.188128	-0.188128	-0.189172	-0.190742	-0.195239	-0.187353	-0.187356	-0.20062	-0.201094	-0.191974	-0.209292	-0.220903	-0.21392	-0.213727	-0.215589	-0.239609	-0.256223	-0.244562	-0.23452	-0.256422	-0.291175	-0.332443	-0.350031	-0.333514	-0.304691	-0.321236	-0.397026	-0.530383	-0.713717	-0.919584	-1.08373	-1.16263	-1.1437	-1.02145	-0.780807	-0.424835	-0.00335511	0.430047	0.833588	1.19367	1.48545	1.66255	1.69256	1.55908	1.30533	0.992367	0.679036	0.419273	0.2227	0.0877118	
-0.189172	-0.189172	-0.186628	-0.190343	-0.190887	-0.191197	-0.197763	-0.205203	-0.199052	-0.192443	-0.204554	-0.209084	-0.213032	-0.212748	-0.220691	-0.241891	-0.252208	-0.249363	-0.247251	-0.266943	-0.297081	-0.329684	-0.343773	-0.333702	-0.316197	-0.340084	-0.413899	-0.545829	-0.719952	-0.912371	-1.0658	-1.13879	-1.11918	-0.992379	-0.755156	-0.406316	0.00337572	0.427967	0.82696	1.17999	1.46343	1.63464	1.65926	1.53493	1.28826	0.986855	0.686281	0.426524	0.236424	0.100445	
-0.190742	-0.190742	-0.190343	-0.190592	-0.187121	-0.195864	-0.201593	-0.1894	-0.192145	-0.213419	-0.208125	-0.205749	-0.217167	-0.220322	-0.230283	-0.23563	-0.23802	-0.246407	-0.260194	-0.271395	-0.298008	-0.313596	-0.328662	-0.3282	-0.338192	-0.370647	-0.448679	-0.572293	-0.733289	-0.89793	-1.03179	-1.09495	-1.0687	-0.939209	-0.701256	-0.371791	0.0223277	0.429367	0.820808	1.16427	1.43063	1.59257	1.61009	1.49562	1.26583	0.978557	0.691835	0.437236	0.242805	0.111371	
-0.195239	-0.195239	-0.190887	-0.187121	-0.191198	-0.199167	-0.190837	-0.187888	-0.206253	-0.220317	-0.203715	-0.205725	-0.218451	-0.227745	-0.238402	-0.224844	-0.228254	-0.24998	-0.273452	-0.283221	-0.29496	-0.29965	-0.312056	-0.329811	-0.371492	-0.415756	-0.498235	-0.609873	-0.747952	-0.877002	-0.980946	-1.03149	-0.993239	-0.861444	-0.626195	-0.322044	0.0462434	0.430899	0.807159	1.1343	1.37945	1.52233	1.53953	1.43342	1.23389	0.968671	0.701027	0.457931	0.260135	0.12581	
-0.187353	-0.187353	-0.191197	-0.195864	-0.199167	-0.202794	-0.193077	-0.193085	-0.207519	-0.207485	-0.199408	-0.205612	-0.218609	-0.236599	-0.243014	-0.225274	-0.23408	-0.265604	-0.29162	-0.300113	-0.292409	-0.291048	-0.298852	-0.342965	-0.408605	-0.470551	-0.551467	-0.649284	-0.753491	-0.841758	-0.910776	-0.941362	-0.891866	-0.754333	-0.533152	-0.255165	0.0753073	0.433007	0.785459	1.08575	1.3064	1.42256	1.44092	1.34898	1.18198	0.952213	0.708486	0.481626	0.290835	0.150136	
-0.187356	-0.187356	-0.197763	-0.201593	-0.190837	-0.193077	-0.205838	-0.204125	-0.207639	-0.206956	-0.206719	-0.212529	-0.221596	-0.237536	-0.231859	-0.226111	-0.236241	-0.272517	-0.298952	-0.301395	-0.287748	-0.282216	-0.298888	-0.370557	-0.454574	-0.538225	-0.613271	-0.694397	-0.757663	-0.802639	-0.835062	-0.837778	-0.777206	-0.633745	-0.434317	-0.183296	0.10464	0.433669	0.754154	1.027	1.21707	1.31534	1.33167	1.26729	1.13011	0.944009	0.721971	0.509848	0.321759	0.172661	
-0.20062	-0.20062	-0.205203	-0.1894	-0.187888	-0.193085	-0.204125	-0.213348	-0.207448	-0.206795	-0.218843	-0.226586	-0.22866	-0.231465	-0.226874	-0.23429	-0.248632	-0.276385	-0.297288	-0.295134	-0.282117	-0.279664	-0.315907	-0.405022	-0.505461	-0.602826	-0.671874	-0.726874	-0.747264	-0.748836	-0.74225	-0.71359	-0.639048	-0.497674	-0.321838	-0.104572	0.142683	0.433495	0.716187	0.95432	1.11125	1.19462	1.21166	1.17607	1.07598	0.929197	0.736839	0.537633	0.351696	0.197085	
-0.201094	-0.201094	-0.199052	-0.192145	-0.206253	-0.207519	-0.207639	-0.207448	-0.191325	-0.204526	-0.229958	-0.232652	-0.226401	-0.228089	-0.237862	-0.25812	-0.274903	-0.284082	-0.295937	-0.292687	-0.284248	-0.295117	-0.351196	-0.445519	-0.557829	-0.656112	-0.71783	-0.73572	-0.716533	-0.675457	-0.628528	-0.568302	-0.478429	-0.350905	-0.198476	-0.0228731	0.186324	0.426684	0.666219	0.859925	0.985956	1.05345	1.07859	1.06837	1.01167	0.902962	0.7453	0.566058	0.386105	0.233302	
-0.191974	-0.191974	-0.192443	-0.213419	-0.220317	-0.207485	-0.206956	-0.206795	-0.204526	-0.21932	-0.233577	-0.223545	-0.220104	-0.226089	-0.24481	-0.276593	-0.283924	-0.281054	-0.285722	-0.290884	-0.298859	-0.335028	-0.406029	-0.504029	-0.615953	-0.712653	-0.754503	-0.737335	-0.678859	-0.599877	-0.51209	-0.420103	-0.321562	-0.210357	-0.0882413	0.051291	0.216307	0.406311	0.594837	0.746258	0.847148	0.908365	0.947951	0.971125	0.954355	0.888583	0.76295	0.599165	0.427962	0.267562	
-0.209292	-0.209292	-0.204554	-0.208125	-0.203715	-0.199408	-0.206719	-0.218843	-0.229958	-0.233577	-0.229946	-0.224272	-0.2283	-0.231986	-0.25839	-0.286506	-0.281501	-0.270424	-0.274144	-0.29178	-0.327982	-0.386408	-0.469043	-0.56132	-0.6664	-0.749177	-0.764378	-0.713897	-0.620586	-0.506358	-0.379752	-0.260647	-0.1599	-0.0697735	0.0221429	0.124072	0.244722	0.377134	0.513061	0.622531	0.703846	0.766827	0.8236	0.879569	0.902879	0.871715	0.780674	0.628501	0.463139	0.29778	
-0.220903	-0.220903	-0.209084	-0.205749	-0.205725	-0.205612	-0.212529	-0.226586	-0.232652	-0.223545	-0.224272	-0.235704	-0.242187	-0.255456	-0.282016	-0.293112	-0.281175	-0.268837	-0.274532	-0.311067	-0.372692	-0.448338	-0.531652	-0.611524	-0.700546	-0.754294	-0.741487	-0.659603	-0.536985	-0.389682	-0.228464	-0.0933227	0.00577914	0.0689343	0.133237	0.194087	0.266246	0.338223	0.417028	0.4902	0.555714	0.624049	0.702331	0.783271	0.844847	0.845783	0.782332	0.653383	0.493037	0.330573	
-0.21392	-0.21392	-0.213032	-0.217167	-0.218451	-0.218609	-0.221596	-0.22866	-0.226401	-0.220104	-0.2283	-0.242187	-0.260395	-0.278684	-0.288127	-0.283662	-0.279168	-0.275772	-0.293313	-0.354032	-0.437193	-0.523326	-0.597558	-0.663994	-0.721275	-0.740423	-0.697117	-0.590219	-0.440893	-0.262839	-0.0791472	0.0652516	0.152014	0.193838	0.2241	0.246667	0.262507	0.275897	0.301616	0.344419	0.405906	0.485139	0.587943	0.697676	0.790484	0.825839	0.788729	0.678723	0.527876	0.365172	
-0.213727	-0.213727	-0.212748	-0.220322	-0.227745	-0.236599	-0.237536	-0.231465	-0.228089	-0.226089	-0.231986	-0.255456	-0.278684	-0.281878	-0.274483	-0.272315	-0.284649	-0.297377	-0.334948	-0.417281	-0.514293	-0.595873	-0.660868	-0.701944	-0.72074	-0.699419	-0.630624	-0.501492	-0.328429	-0.126795	0.0668715	0.209206	0.282095	0.300858	0.298883	0.275224	0.236854	0.191405	0.173673	0.19542	0.258637	0.356874	0.482537	0.620139	0.743317	0.807128	0.798555	0.70813	0.563968	0.403806	
-0.215589	-0.215589	-0.220691	-0.230283	-0.238402	-0.243014	-0.231859	-0.226874	-0.237862	-0.24481	-0.25839	-0.282016	-0.288127	-0.274483	-0.264221	-0.271288	-0.298144	-0.331005	-0.390327	-0.48636	-0.578311	-0.653054	-0.700168	-0.710378	-0.684246	-0.627588	-0.535894	-0.388562	-0.194678	0.0168698	0.209011	0.34002	0.399473	0.395541	0.357772	0.287169	0.193458	0.100768	0.0480687	0.0600473	0.132011	0.248116	0.398031	0.555098	0.701707	0.78922	0.799457	0.726639	0.590122	0.428557	
-0.239609	-0.239609	-0.241891	-0.23563	-0.224844	-0.225274	-0.226111	-0.23429	-0.25812	-0.276593	-0.286506	-0.293112	-0.283662	-0.272315	-0.271288	-0.287872	-0.332407	-0.390146	-0.467329	-0.554949	-0.634144	-0.694082	-0.714212	-0.685101	-0.615747	-0.528208	-0.415807	-0.250006	-0.0464413	0.164008	0.340182	0.458797	0.500826	0.474181	0.394344	0.275171	0.131571	-0.000158545	-0.0740711	-0.0666869	0.0181663	0.151924	0.319984	0.495964	0.657772	0.766995	0.794581	0.737829	0.60965	0.451367	
-0.256223	-0.256223	-0.252208	-0.23802	-0.228254	-0.23408	-0.236241	-0.248632	-0.274903	-0.283924	-0.281501	-0.281175	-0.279168	-0.284649	-0.298144	-0.332407	-0.401688	-0.482207	-0.555332	-0.623918	-0.684416	-0.719234	-0.701421	-0.630748	-0.524495	-0.410288	-0.274715	-0.0972169	0.105603	0.299874	0.455601	0.557664	0.581152	0.525253	0.400116	0.233421	0.0476246	-0.109821	-0.197325	-0.186315	-0.0917032	0.0594075	0.240668	0.431415	0.607781	0.735855	0.78409	0.746966	0.633512	0.481998	
-0.244562	-0.244562	-0.249363	-0.246407	-0.24998	-0.265604	-0.272517	-0.276385	-0.284082	-0.281054	-0.270424	-0.268837	-0.275772	-0.297377	-0.331005	-0.390146	-0.482207	-0.565268	-0.626339	-0.676832	-0.714772	-0.715576	-0.658335	-0.554555	-0.422333	-0.282179	-0.128554	0.0504979	0.237316	0.406655	0.53978	0.622147	0.623306	0.531991	0.363782	0.15606	-0.0557575	-0.225814	-0.312132	-0.293655	-0.1833	-0.0176832	0.179728	0.382691	0.573699	0.718865	0.784674	0.764509	0.661154	0.513121	
-0.23452	-0.23452	-0.247251	-0.260194	-0.273452	-0.29162	-0.298952	-0.297288	-0.295937	-0.285722	-0.274144	-0.274532	-0.293313	-0.334948	-0.390327	-0.467329	-0.555332	-0.626339	-0.672708	-0.699494	-0.702876	-0.663242	-0.571849	-0.447159	-0.290811	-0.129597	0.034116	0.199468	0.359267	0.501242	0.609092	0.669093	0.638925	0.512177	0.303728	0.06998	-0.155615	-0.323239	-0.403136	-0.373073	-0.251477	-0.0722714	0.133571	0.348307	0.545701	0.705477	0.783239	0.774737	0.679446	0.530629	
-0.256422	-0.256422	-0.266943	-0.271395	-0.283221	-0.300113	-0.301395	-0.295134	-0.292687	-0.290884	-0.29178	-0.311067	-0.354032	-0.417281	-0.48636	-0.554949	-0.623918	-0.676832	-0.699494	-0.687418	-0.645949	-0.56619	-0.452577	-0.30645	-0.130117	0.0466144	0.205274	0.344994	0.474494	0.587391	0.668863	0.696837	0.632059	0.468608	0.233083	-0.0162402	-0.239677	-0.399958	-0.46879	-0.431268	-0.303073	-0.117932	0.0915802	0.308495	0.511331	0.675568	0.765975	0.767327	0.681605	0.539384	
-0.291175	-0.291175	-0.297081	-0.298008	-0.29496	-0.292409	-0.287748	-0.282117	-0.284248	-0.298859	-0.327982	-0.372692	-0.437193	-0.514293	-0.578311	-0.634144	-0.684416	-0.714772	-0.702876	-0.645949	-0.562439	-0.457367	-0.322082	-0.157892	0.0343081	0.211233	0.351496	0.461437	0.560627	0.64428	0.692592	0.681762	0.580166	0.388111	0.137271	-0.112097	-0.326434	-0.472237	-0.531993	-0.48811	-0.356346	-0.168568	0.0444841	0.264842	0.471265	0.646816	0.74654	0.762676	0.688702	0.552682	
-0.332443	-0.332443	-0.329684	-0.313596	-0.29965	-0.291048	-0.282216	-0.279664	-0.295117	-0.335028	-0.386408	-0.448338	-0.523326	-0.595873	-0.653054	-0.694082	-0.719234	-0.715576	-0.663242	-0.56619	-0.457367	-0.32884	-0.176335	0.00257914	0.194042	0.354731	0.469368	0.549205	0.618525	0.668255	0.675201	0.623878	0.489454	0.282816	0.031358	-0.206506	-0.40322	-0.534686	-0.583656	-0.536803	-0.403886	-0.213238	-3.5409e-05	0.22536	0.436953	0.620026	0.735972	0.763539	0.703237	0.576204	
-0.350031	-0.350031	-0.343773	-0.328662	-0.312056	-0.298852	-0.298888	-0.315907	-0.351196	-0.406029	-0.469043	-0.531652	-0.597558	-0.660868	-0.700168	-0.714212	-0.701421	-0.658335	-0.571849	-0.452577	-0.322082	-0.176335	-0.0110357	0.165409	0.337003	0.471842	0.558204	0.609306	0.644962	0.65215	0.616121	0.525284	0.373594	0.164419	-0.0712868	-0.290113	-0.465705	-0.5806	-0.621779	-0.570664	-0.437292	-0.245632	-0.0281516	0.198504	0.416191	0.606613	0.730007	0.769541	0.716277	0.592015	
-0.333514	-0.333514	-0.333702	-0.3282	-0.329811	-0.342965	-0.370557	-0.405022	-0.445519	-0.504029	-0.56132	-0.611524	-0.663994	-0.701944	-0.710378	-0.685101	-0.630748	-0.554555	-0.447159	-0.30645	-0.157892	0.00257914	0.165409	0.321528	0.464419	0.570171	0.630707	0.649655	0.64391	0.605659	0.526461	0.411358	0.252822	0.0593548	-0.155485	-0.349281	-0.505155	-0.607198	-0.640944	-0.590706	-0.457472	-0.265891	-0.0490931	0.181734	0.40057	0.596239	0.728508	0.772486	0.725477	0.602367	
-0.304691	-0.304691	-0.316197	-0.338192	-0.371492	-0.408605	-0.454574	-0.505461	-0.557829	-0.615953	-0.6664	-0.700546	-0.721275	-0.72074	-0.684246	-0.615747	-0.524495	-0.422333	-0.290811	-0.130117	0.0343081	0.194042	0.337003	0.464419	0.57525	0.655153	0.685478	0.66574	0.613862	0.530398	0.422013	0.294242	0.148048	-0.0247873	-0.210514	-0.382834	-0.520722	-0.612705	-0.644589	-0.594432	-0.46642	-0.277272	-0.0623178	0.164204	0.383184	0.576769	0.709407	0.756847	0.710572	0.58753	
-0.321236	-0.321236	-0.340084	-0.370647	-0.415756	-0.470551	-0.538225	-0.602826	-0.656112	-0.712653	-0.749177	-0.754294	-0.740423	-0.699419	-0.627588	-0.528208	-0.410288	-0.282179	-0.129597	0.0466144	0.211233	0.354731	0.471842	0.570171	0.655153	0.706441	0.702024	0.638363	0.542197	0.426109	0.302315	0.180647	0.0529448	-0.091636	-0.253873	-0.406542	-0.53354	-0.621442	-0.653237	-0.610185	-0.486562	-0.304091	-0.0933222	0.131162	0.346952	0.541863	0.678588	0.729846	0.690903	0.574194	
-0.397026	-0.397026	-0.413899	-0.448679	-0.498235	-0.551467	-0.613271	-0.671874	-0.71783	-0.754503	-0.764378	-0.741487	-0.697117	-0.630624	-0.535894	-0.415807	-0.274715	-0.128554	0.034116	0.205274	0.351496	0.469368	0.558204	0.630707	0.685478	0.702024	0.655206	0.549239	0.419468	0.286795	0.165917	0.0604179	-0.040827	-0.160506	-0.300006	-0.439569	-0.558575	-0.644013	-0.679101	-0.638871	-0.522345	-0.341977	-0.133835	0.0897294	0.308044	0.506073	0.64978	0.711465	0.682749	0.575996	
-0.530383	-0.530383	-0.545829	-0.572293	-0.609873	-0.649284	-0.694397	-0.726874	-0.73572	-0.737335	-0.713897	-0.659603	-0.590219	-0.501492	-0.388562	-0.250006	-0.0972169	0.0504979	0.199468	0.344994	0.461437	0.549205	0.609306	0.649655	0.66574	0.638363	0.549239	0.40974	0.263147	0.131197	0.0260815	-0.0556007	-0.130962	-0.226967	-0.349155	-0.477323	-0.589856	-0.673363	-0.706936	-0.669615	-0.551897	-0.372389	-0.160675	0.0665609	0.290136	0.494934	0.647466	0.716892	0.696117	0.595227	
-0.713717	-0.713717	-0.719952	-0.733289	-0.747952	-0.753491	-0.757663	-0.747264	-0.716533	-0.678859	-0.620586	-0.536985	-0.440893	-0.328429	-0.194678	-0.0464413	0.105603	0.237316	0.359267	0.474494	0.560627	0.618525	0.644962	0.64391	0.613862	0.542197	0.419468	0.263147	0.116442	-0.000328641	-0.0829175	-0.139101	-0.191419	-0.268413	-0.377146	-0.49646	-0.604317	-0.684132	-0.717651	-0.678308	-0.561572	-0.379049	-0.165984	0.0648731	0.291308	0.500183	0.656	0.729411	0.71102	0.609227	
-0.919584	-0.919584	-0.912371	-0.89793	-0.877002	-0.841758	-0.802639	-0.748836	-0.675457	-0.599877	-0.506358	-0.389682	-0.262839	-0.126795	0.0168698	0.164008	0.299874	0.406655	0.501242	0.587391	0.64428	0.668255	0.65215	0.605659	0.530398	0.426109	0.286795	0.131197	-0.000328641	-0.0952869	-0.152441	-0.187114	-0.22032	-0.284592	-0.38309	-0.497457	-0.600478	-0.679173	-0.709975	-0.671154	-0.552516	-0.370337	-0.155476	0.0748136	0.302367	0.509356	0.664919	0.735552	0.712769	0.606249	
-1.08373	-1.08373	-1.0658	-1.03179	-0.980946	-0.910776	-0.835062	-0.74225	-0.628528	-0.51209	-0.379752	-0.228464	-0.0791472	0.0668715	0.209011	0.340182	0.455601	0.53978	0.609092	0.668863	0.692592	0.675201	0.616121	0.526461	0.422013	0.302315	0.165917	0.0260815	-0.0829175	-0.152441	-0.188495	-0.204531	-0.226403	-0.281037	-0.375817	-0.485807	-0.588754	-0.665418	-0.697398	-0.658065	-0.541005	-0.359428	-0.147113	0.0819243	0.304549	0.508875	0.657528	0.721103	0.690381	0.571849	
-1.16263	-1.16263	-1.13879	-1.09495	-1.03149	-0.941362	-0.837778	-0.71359	-0.568302	-0.420103	-0.260647	-0.0933227	0.0652516	0.209206	0.34002	0.458797	0.557664	0.622147	0.669093	0.696837	0.681762	0.623878	0.525284	0.411358	0.294242	0.180647	0.0604179	-0.0556007	-0.139101	-0.187114	-0.204531	-0.209673	-0.222362	-0.274661	-0.365559	-0.476665	-0.577725	-0.656433	-0.688302	-0.651142	-0.536424	-0.358894	-0.151447	0.0694156	0.285507	0.477777	0.616306	0.667729	0.623156	0.4941	
-1.1437	-1.1437	-1.11918	-1.0687	-0.993239	-0.891866	-0.777206	-0.639048	-0.478429	-0.321562	-0.1599	0.00577914	0.152014	0.282095	0.399473	0.500826	0.581152	0.623306	0.638925	0.632059	0.580166	0.489454	0.373594	0.252822	0.148048	0.0529448	-0.040827	-0.130962	-0.191419	-0.22032	-0.226403	-0.222362	-0.233962	-0.283964	-0.378799	-0.489716	-0.59553	-0.675814	-0.711907	-0.678442	-0.568062	-0.396839	-0.196995	0.0172088	0.222178	0.407394	0.53457	0.57552	0.523428	0.385735	
-1.02145	-1.02145	-0.992379	-0.939209	-0.861444	-0.754333	-0.633745	-0.497674	-0.350905	-0.210357	-0.0697735	0.0689343	0.193838	0.300858	0.395541	0.474181	0.525253	0.531991	0.512177	0.468608	0.388111	0.282816	0.164419	0.0593548	-0.0247873	-0.091636	-0.160506	-0.226967	-0.268413	-0.284592	-0.281037	-0.274661	-0.283964	-0.338515	-0.433901	-0.549942	-0.656558	-0.740646	-0.778698	-0.746999	-0.640405	-0.472815	-0.27817	-0.0714156	0.129577	0.30645	0.428425	0.465831	0.410059	0.275526	
-0.780807	-0.780807	-0.755156	-0.701256	-0.626195	-0.533152	-0.434317	-0.321838	-0.198476	-0.0882413	0.0221429	0.133237	0.2241	0.298883	0.357772	0.394344	0.400116	0.363782	0.303728	0.233083	0.137271	0.031358	-0.0712868	-0.155485	-0.210514	-0.253873	-0.300006	-0.349155	-0.377146	-0.38309	-0.375817	-0.365559	-0.378799	-0.433901	-0.535353	-0.651189	-0.761051	-0.844848	-0.88212	-0.849826	-0.740315	-0.572643	-0.377831	-0.168553	0.0312031	0.21179	0.334661	0.373057	0.322628	0.193661	
-0.424835	-0.424835	-0.406316	-0.371791	-0.322044	-0.255165	-0.183296	-0.104572	-0.0228731	0.051291	0.124072	0.194087	0.246667	0.275224	0.287169	0.275171	0.233421	0.15606	0.06998	-0.0162402	-0.112097	-0.206506	-0.290113	-0.349281	-0.382834	-0.406542	-0.439569	-0.477323	-0.49646	-0.497457	-0.485807	-0.476665	-0.489716	-0.549942	-0.651189	-0.76838	-0.875428	-0.955582	-0.988354	-0.947633	-0.83283	-0.658834	-0.458926	-0.247102	-0.0413399	0.141527	0.266899	0.310698	0.264836	0.145971	
-0.00335511	-0.00335511	0.00337572	0.0223277	0.0462434	0.0753073	0.10464	0.142683	0.186324	0.216307	0.244722	0.266246	0.262507	0.236854	0.193458	0.131571	0.0476246	-0.0557575	-0.155615	-0.239677	-0.326434	-0.40322	-0.465705	-0.505155	-0.520722	-0.53354	-0.558575	-0.589856	-0.604317	-0.600478	-0.588754	-0.577725	-0.59553	-0.656558	-0.761051	-0.875428	-0.979218	-1.05419	-1.07729	-1.02844	-0.902102	-0.719874	-0.512691	-0.291046	-0.0790258	0.112626	0.245486	0.295638	0.259905	0.154821	
0.430047	0.430047	0.427967	0.429367	0.430899	0.433007	0.433669	0.433495	0.426684	0.406311	0.377134	0.338223	0.275897	0.191405	0.100768	-0.000158545	-0.109821	-0.225814	-0.323239	-0.399958	-0.472237	-0.534686	-0.5806	-0.607198	-0.612705	-0.621442	-0.644013	-0.673363	-0.684132	-0.679173	-0.665418	-0.656433	-0.675814	-0.740646	-0.844848	-0.955582	-1.05419	-1.11849	-1.13172	-1.06696	-0.927913	-0.733433	-0.51396	-0.282985	-0.059462	0.141967	0.281804	0.342159	0.317445	0.226348	
0.833588	0.833588	0.82696	0.820808	0.807159	0.785459	0.754154	0.716187	0.666219	0.594837	0.513061	0.417028	0.301616	0.173673	0.0480687	-0.0740711	-0.197325	-0.312132	-0.403136	-0.46879	-0.531993	-0.583656	-0.621779	-0.640944	-0.644589	-0.653237	-0.679101	-0.706936	-0.717651	-0.709975	-0.697398	-0.688302	-0.711907	-0.778698	-0.88212	-0.988354	-1.07729	-1.13172	-1.12791	-1.0473	-0.890526	-0.680608	-0.447978	-0.20248	0.0336204	0.245858	0.395416	0.464314	0.447787	0.370435	
1.19367	1.19367	1.17999	1.16427	1.1343	1.08575	1.027	0.95432	0.859925	0.746258	0.622531	0.4902	0.344419	0.19542	0.0600473	-0.0666869	-0.186315	-0.293655	-0.373073	-0.431268	-0.48811	-0.536803	-0.570664	-0.590706	-0.594432	-0.610185	-0.638871	-0.669615	-0.678308	-0.671154	-0.658065	-0.651142	-0.678442	-0.746999	-0.849826	-0.947633	-1.02844	-1.06696	-1.0473	-0.946526	-0.771397	-0.546909	-0.299812	-0.0429532	0.202719	0.422495	0.574342	0.64418	0.630577	0.555889	
1.48545	1.48545	1.46343	1.43063	1.37945	1.3064	1.21707	1.11125	0.985956	0.847148	0.703846	0.555714	0.405906	0.258637	0.132011	0.0181663	-0.0917032	-0.1833	-0.251477	-0.303073	-0.356346	-0.403886	-0.437292	-0.457472	-0.46642	-0.486562	-0.522345	-0.551897	-0.561572	-0.552516	-0.541005	-0.536424	-0.568062	-0.640405	-0.740315	-0.83283	-0.902102	-0.927913	-0.890526	-0.771397	-0.580574	-0.343416	-0.0867624	0.176319	0.427015	0.64572	0.791919	0.856986	0.834973	0.757919	
1.66255	1.66255	1.63464	1.59257	1.52233	1.42256	1.31534	1.19462	1.05345	0.908365	0.766827	0.624049	0.485139	0.356874	0.248116	0.151924	0.0594075	-0.0176832	-0.0722714	-0.117932	-0.168568	-0.213238	-0.245632	-0.265891	-0.277272	-0.304091	-0.341977	-0.372389	-0.379049	-0.370337	-0.359428	-0.358894	-0.396839	-0.472815	-0.572643	-0.658834	-0.719874	-0.733433	-0.680608	-0.546909	-0.343416	-0.0994716	0.161112	0.425698	0.673974	0.885026	1.02186	1.07267	1.04078	0.957315	
1.69256	1.69256	1.65926	1.61009	1.53953	1.44092	1.33167	1.21166	1.07859	0.947951	0.8236	0.702331	0.587943	0.482537	0.398031	0.319984	0.240668	0.179728	0.133571	0.0915802	0.0444841	-3.5409e-05	-0.0281516	-0.0490931	-0.0623178	-0.0933222	-0.133835	-0.160675	-0.165984	-0.155476	-0.147113	-0.151447	-0.196995	-0.27817	-0.377831	-0.458926	-0.512691	-0.51396	-0.447978	-0.299812	-0.0867624	0.161112	0.424326	0.685671	0.928338	1.12898	1.24739	1.28278	1.23457	1.13841	
1.55908	1.55908	1.53493	1.49562	1.43342	1.34898	1.26729	1.17607	1.06837	0.971125	0.879569	0.783271	0.697676	0.620139	0.555098	0.495964	0.431415	0.382691	0.348307	0.308495	0.264842	0.22536	0.198504	0.181734	0.164204	0.131162	0.0897294	0.0665609	0.0648731	0.0748136	0.0819243	0.0694156	0.0172088	-0.0714156	-0.168553	-0.247102	-0.291046	-0.282985	-0.20248	-0.0429532	0.176319	0.425698	0.685671	0.939477	1.17332	1.35347	1.45382	1.4664	1.39797	1.28901	
1.30533	1.30533	1.28826	1.26583	1.23389	1.18198	1.13011	1.07598	1.01167	0.954355	0.902879	0.844847	0.790484	0.743317	0.701707	0.657772	0.607781	0.573699	0.545701	0.511331	0.471265	0.436953	0.416191	0.40057	0.383184	0.346952	0.308044	0.290136	0.291308	0.302367	0.304549	0.285507	0.222178	0.129577	0.0312031	-0.0413399	-0.0790258	-0.059462	0.0336204	0.202719	0.427015	0.673974	0.928338	1.17332	1.38984	1.54937	1.62153	1.60434	1.51085	1.37796	
0.992367	0.992367	0.986855	0.978557	0.968671	0.952213	0.944009	0.929197	0.902962	0.888583	0.871715	0.845783	0.825839	0.807128	0.78922	0.766995	0.735855	0.718865	0.705477	0.675568	0.646816	0.620026	0.606613	0.596239	0.576769	0.541863	0.506073	0.494934	0.500183	0.509356	0.508875	0.477777	0.407394	0.30645	0.21179	0.141527	0.112626	0.141967	0.245858	0.422495	0.64572	0.885026	1.12898	1.35347	1.54937	1.67475	1.71254	1.66149	1.53681	1.38009	
0.679036	0.679036	0.686281	0.691835	0.701027	0.708486	0.721971	0.736839	0.7453	0.76295	0.780674	0.782332	0.788729	0.798555	0.799457	0.794581	0.78409	0.784674	0.783239	0.765975	0.74654	0.735972	0.730007	0.728508	0.709407	0.678588	0.64978	0.647466	0.656	0.664919	0.657528	0.616306	0.53457	0.428425	0.334661	0.266899	0.245486	0.281804	0.395416	0.574342	0.791919	1.02186	1.24739	1.45382	1.62153	1.71254	1.71682	1.62873	1.47643	1.29821	
0.419273	0.419273	0.426524	0.437236	0.457931	0.481626	0.509848	0.537633	0.566058	0.599165	0.628501	0.653383	0.678723	0.70813	0.726639	0.737829	0.746966	0.764509	0.774737	0.767327	0.762676	0.763539	0.769541	0.772486	0.756847	0.729846	0.711465	0.716892	0.729411	0.735552	0.721103	0.667729	0.57552	0.465831	0.373057	0.310698	0.295638	0.342159	0.464314	0.64418	0.856986	1.07267	1.28278	1.4664	1.60434	1.66149	1.62873	1.5083	1.33398	1.13969	
0.2227	0.2227	0.236424	0.242805	0.260135	0.290835	0.321759	0.351696	0.386105	0.427962	0.463139	0.493037	0.527876	0.563968	0.590122	0.60965	0.633512	0.661154	0.679446	0.681605	0.688702	0.703237	0.716277	0.725477	0.710572	0.690903	0.682749	0.696117	0.71102	0.712769	0.690381	0.623156	0.523428	0.410059	0.322628	0.264836	0.259905	0.317445	0.447787	0.630577	0.834973	1.04078	1.23457	1.39797	1.51085	1.53681	1.47643	1.33398	1.14758	0.949263	
0.0877118	0.0877118	0.100445	0.111371	0.12581	0.150136	0.172661	0.197085	0.233302	0.267562	0.29778	0.330573	0.365172	0.403806	0.428557	0.451367	0.481998	0.513121	0.530629	0.539384	0.552682	0.576204	0.592015	0.602367	0.58753	0.574194	0.575996	0.595227	0.609227	0.606249	0.571849	0.4941	0.385735	0.275526	0.193661	0.145971	0.154821	0.226348	0.370435	0.555889	0.757919	0.957315	1.13841	1.28901	1.37796	1.38009	1.29821	1.13969	0.949263	0.755718	
