-0.149336	-0.149336	0.0268195	0.0757687	-0.44957	0.197701	
-0.149336	-0.149336	0.0268195	0.0757687	-0.44957	0.197701	
0.0268195	0.0268195	0.258239	0.484809	0.133873	0.393066	
0.0757687	0.0757687	0.484809	0.936527	0.47961	0.379796	
-0.44957	-0.44957	0.133873	0.47961	0.307004	-0.423982	
0.197701	0.197701	0.393066	0.379796	-0.423982	-0.395214	
