-0.470513	0.305742	0.877505	-0.51125	0.357802	0.357802	
0.305742	-0.256825	-0.154507	0.591201	0.703951	0.703951	
0.877505	-0.154507	0.311606	0.83671	-0.216809	-0.216809	
-0.51125	0.591201	0.83671	0.629302	-0.0657678	-0.0657678	
0.357802	0.703951	-0.216809	-0.0657678	0.290939	0.290939	
0.357802	0.703951	-0.216809	-0.0657678	0.290939	0.290939	
