-0.358714	-0.358714	0.1785	-0.376982	0.0541241	0.591691	
-0.358714	-0.358714	0.1785	-0.376982	0.0541241	0.591691	
0.1785	0.1785	0.948559	-0.969727	0.476562	0.414985	
-0.376982	-0.376982	-0.969727	0.0857622	0.47261	-0.0602531	
0.0541241	0.0541241	0.476562	0.47261	-0.649771	-0.0561599	
0.591691	0.591691	0.414985	-0.0602531	-0.0561599	0.619459	
