0.224995	0.282651	0.324127	0.337078	0.322849	0.31661	0.339128	0.390507	0.475333	0.589237	0.71701	0.828864	0.89162	0.900055	0.853089	0.753546	0.61229	0.459317	0.342449	0.289364	0.30853	0.394328	0.521323	0.652495	0.737714	0.754493	0.694037	0.573147	0.422322	0.258744	0.109868	-0.0176157	-0.0987462	-0.119198	-0.0756115	0.0234475	0.13586	0.228325	0.281047	0.29617	0.28155	0.245657	0.186153	0.107637	0.0252724	-0.0613281	-0.140086	-0.199475	-0.236563	-0.236563	
0.282651	0.348867	0.397177	0.417874	0.417262	0.414295	0.422472	0.443207	0.492884	0.570203	0.66769	0.764055	0.828003	0.852643	0.829441	0.75713	0.637036	0.506224	0.40228	0.35109	0.365388	0.444848	0.564442	0.68964	0.775751	0.790829	0.729644	0.607359	0.454867	0.296225	0.161996	0.0569654	-0.00724697	-0.0193457	0.0208513	0.10862	0.210211	0.288684	0.335345	0.350644	0.337806	0.305895	0.24707	0.1715	0.0919405	0.0125849	-0.0519203	-0.100804	-0.131966	-0.131966	
0.324127	0.397177	0.446601	0.468782	0.468981	0.458709	0.446591	0.446381	0.470229	0.521029	0.592585	0.676405	0.742427	0.787683	0.793963	0.74845	0.657648	0.553106	0.468553	0.425228	0.434298	0.49975	0.601261	0.706682	0.782219	0.793165	0.732413	0.616291	0.466063	0.314879	0.194562	0.1046	0.0543859	0.051968	0.0981262	0.184854	0.281448	0.356751	0.402256	0.418466	0.410305	0.385143	0.33415	0.266234	0.198797	0.13943	0.0948021	0.0658604	0.0507762	0.0507762	
0.337078	0.417874	0.468782	0.487019	0.482547	0.457616	0.427957	0.407152	0.405376	0.43285	0.481018	0.552524	0.628028	0.695009	0.73448	0.721741	0.658223	0.582615	0.520916	0.485095	0.494691	0.548382	0.626602	0.710949	0.767689	0.765643	0.704673	0.595061	0.451356	0.317791	0.214652	0.143274	0.115207	0.123652	0.173849	0.253175	0.341459	0.413719	0.459239	0.486323	0.489339	0.471323	0.430554	0.381481	0.342091	0.318671	0.308271	0.299674	0.296699	0.296699	
0.322849	0.417262	0.468981	0.482547	0.462644	0.422205	0.372849	0.329496	0.305953	0.311579	0.34168	0.39748	0.478683	0.566855	0.639979	0.662984	0.636061	0.593419	0.555396	0.534257	0.541875	0.583769	0.638697	0.693923	0.723459	0.701694	0.63634	0.53393	0.408455	0.29683	0.220676	0.177132	0.17202	0.197488	0.247837	0.322705	0.399605	0.460645	0.506907	0.538737	0.557416	0.558843	0.543922	0.529586	0.522482	0.533854	0.558533	0.576874	0.589421	0.589421	
0.31661	0.414295	0.458709	0.457616	0.422205	0.360396	0.286734	0.218637	0.176262	0.166419	0.180513	0.225515	0.303481	0.405755	0.505073	0.562192	0.578701	0.575255	0.564349	0.559301	0.566845	0.591465	0.623877	0.644124	0.641351	0.600927	0.529512	0.44024	0.338219	0.254358	0.205799	0.188229	0.204566	0.247892	0.308916	0.381742	0.446231	0.500763	0.550054	0.592485	0.632172	0.6556	0.670993	0.69056	0.723727	0.779138	0.833374	0.874648	0.897219	0.897219	
0.339128	0.422472	0.446591	0.427957	0.372849	0.286734	0.18977	0.0911783	0.0260361	-0.0020783	-0.00087685	0.0355647	0.116201	0.226919	0.347241	0.437964	0.492491	0.51916	0.528636	0.535499	0.541863	0.557532	0.569641	0.560707	0.526799	0.463643	0.385173	0.306528	0.228638	0.175676	0.154395	0.162728	0.206509	0.271517	0.344666	0.420414	0.484726	0.539227	0.594603	0.648942	0.706149	0.751322	0.791399	0.848134	0.926304	1.02761	1.12167	1.18726	1.22231	1.22231	
0.390507	0.443207	0.446381	0.407152	0.329496	0.218637	0.0911783	-0.0359256	-0.13222	-0.180711	-0.190029	-0.162683	-0.0865278	0.0268212	0.158747	0.279671	0.369031	0.424283	0.458828	0.479032	0.484663	0.487146	0.474309	0.433877	0.367451	0.285322	0.202111	0.133988	0.0851771	0.0591976	0.0654602	0.102358	0.16887	0.257014	0.350179	0.43686	0.50535	0.564104	0.629202	0.700164	0.772212	0.836037	0.905918	0.99876	1.12088	1.26389	1.39633	1.49674	1.54611	1.54611	
0.475333	0.492884	0.470229	0.405376	0.305953	0.176262	0.0260361	-0.13222	-0.261649	-0.343966	-0.380324	-0.368323	-0.304702	-0.189247	-0.0454061	0.0984892	0.218572	0.305777	0.362929	0.396484	0.397825	0.382055	0.346358	0.271426	0.173067	0.0661229	-0.0303402	-0.090326	-0.109137	-0.0963451	-0.0493306	0.0237055	0.116126	0.228235	0.340807	0.43659	0.512912	0.581455	0.654298	0.736183	0.821264	0.901534	0.99514	1.12095	1.28817	1.47645	1.64202	1.76152	1.81826	1.81826	
0.589237	0.570203	0.521029	0.43285	0.311579	0.166419	-0.0020783	-0.180711	-0.343966	-0.46413	-0.536577	-0.553886	-0.505202	-0.398044	-0.256186	-0.096199	0.0555907	0.174378	0.258959	0.298685	0.292293	0.257569	0.191338	0.0830654	-0.0505989	-0.184098	-0.291824	-0.339748	-0.324967	-0.265669	-0.175189	-0.0623769	0.0651265	0.20244	0.335656	0.439288	0.522174	0.59243	0.668729	0.761493	0.852853	0.950537	1.06216	1.20992	1.40233	1.60995	1.79646	1.92708	1.99289	1.99289	
0.71701	0.66769	0.592585	0.481018	0.34168	0.180513	-0.00087685	-0.190029	-0.380324	-0.536577	-0.644989	-0.688599	-0.66002	-0.573015	-0.442213	-0.272123	-0.0994711	0.0457349	0.148789	0.194665	0.186771	0.136557	0.0414414	-0.0963828	-0.258802	-0.413209	-0.523141	-0.559501	-0.515276	-0.41713	-0.285076	-0.132128	0.0276695	0.187915	0.337822	0.447879	0.528639	0.598984	0.674635	0.772192	0.86766	0.965181	1.0806	1.23432	1.4331	1.64173	1.82785	1.95926	2.02328	2.02328	
0.828864	0.764055	0.676405	0.552524	0.39748	0.225515	0.0355647	-0.162683	-0.368323	-0.553886	-0.688599	-0.752422	-0.750578	-0.683616	-0.558469	-0.389391	-0.207892	-0.0506421	0.0635463	0.122803	0.116012	0.0519247	-0.0641185	-0.226434	-0.406462	-0.570532	-0.683811	-0.710256	-0.646275	-0.518523	-0.348641	-0.164479	0.0198134	0.198038	0.351916	0.460727	0.537529	0.599749	0.663128	0.742632	0.822	0.907955	1.01701	1.1644	1.35475	1.55877	1.73683	1.85641	1.91416	1.91416	
0.89162	0.828003	0.742427	0.628028	0.478683	0.303481	0.116201	-0.0865278	-0.304702	-0.505202	-0.66002	-0.750578	-0.767245	-0.708958	-0.582678	-0.412956	-0.228959	-0.0582101	0.073498	0.141369	0.133709	0.0548581	-0.0840891	-0.266251	-0.464254	-0.643572	-0.760904	-0.784047	-0.710041	-0.555021	-0.362485	-0.156622	0.044815	0.22488	0.375564	0.476451	0.537224	0.576017	0.615534	0.664464	0.717974	0.783153	0.871084	1.00359	1.17534	1.35728	1.51311	1.61784	1.67228	1.67228	
0.900055	0.852643	0.787683	0.695009	0.566855	0.405755	0.226919	0.0268212	-0.189247	-0.398044	-0.573015	-0.683616	-0.708958	-0.646004	-0.50881	-0.33178	-0.132223	0.0599223	0.202019	0.272825	0.259441	0.168007	0.0073554	-0.199867	-0.422808	-0.62104	-0.748172	-0.773104	-0.696483	-0.536443	-0.332606	-0.121118	0.0832175	0.261266	0.398144	0.48389	0.518845	0.526848	0.532559	0.544951	0.569285	0.60229	0.666037	0.771923	0.90539	1.05155	1.17707	1.26389	1.30411	1.30411	
0.853089	0.829441	0.793963	0.73448	0.639979	0.505073	0.347241	0.158747	-0.0454061	-0.256186	-0.442213	-0.558469	-0.582678	-0.50881	-0.352388	-0.150069	0.0781992	0.289639	0.434446	0.506489	0.489064	0.381545	0.197743	-0.0393913	-0.287369	-0.503114	-0.643187	-0.679953	-0.617903	-0.469092	-0.271929	-0.0635487	0.135614	0.301863	0.414838	0.473086	0.478673	0.453926	0.423809	0.392382	0.380559	0.384023	0.41854	0.48751	0.579977	0.687397	0.768125	0.822128	0.84695	0.84695	
0.753546	0.75713	0.74845	0.721741	0.662984	0.562192	0.437964	0.279671	0.0984892	-0.096199	-0.272123	-0.389391	-0.412956	-0.33178	-0.150069	0.090935	0.353392	0.585833	0.748296	0.829002	0.803369	0.672878	0.457884	0.190497	-0.0821467	-0.31509	-0.468094	-0.520145	-0.477318	-0.346998	-0.172483	0.0142047	0.186117	0.318878	0.402413	0.435545	0.416059	0.359276	0.294629	0.223716	0.175229	0.148485	0.153837	0.195353	0.244671	0.296026	0.328731	0.348201	0.355187	0.355187	
0.61229	0.637036	0.657648	0.658223	0.636061	0.578701	0.492491	0.369031	0.218572	0.0555907	-0.0994711	-0.207892	-0.228959	-0.132223	0.0781992	0.353392	0.644224	0.907377	1.09765	1.18564	1.14959	0.998651	0.759913	0.465131	0.16379	-0.0922523	-0.264944	-0.335372	-0.309917	-0.205613	-0.0593055	0.0944892	0.228627	0.325189	0.375996	0.379557	0.334832	0.254036	0.155534	0.0555741	-0.0198639	-0.0707267	-0.087027	-0.0834381	-0.0789223	-0.0761305	-0.0892891	-0.10217	-0.114584	-0.114584	
0.459317	0.506224	0.553106	0.582615	0.593419	0.575255	0.51916	0.424283	0.305777	0.174378	0.0457349	-0.0506421	-0.0582101	0.0599223	0.289639	0.585833	0.907377	1.20366	1.41693	1.5104	1.46848	1.30893	1.05328	0.729963	0.399218	0.118918	-0.0750239	-0.165051	-0.158864	-0.0821886	0.0355946	0.163355	0.266791	0.333795	0.356462	0.330113	0.263255	0.162855	0.0393562	-0.0852278	-0.185473	-0.253019	-0.289574	-0.31614	-0.349408	-0.393118	-0.447679	-0.494245	-0.521049	-0.521049	
0.342449	0.40228	0.468553	0.520916	0.555396	0.564349	0.528636	0.458828	0.362929	0.258959	0.148789	0.0635463	0.073498	0.202019	0.434446	0.748296	1.09765	1.41693	1.65009	1.75055	1.71344	1.54542	1.26855	0.922731	0.570175	0.27241	0.0646641	-0.0412949	-0.0518175	0.00937822	0.107595	0.218825	0.300015	0.339657	0.343673	0.302751	0.227811	0.11502	-0.0254648	-0.164717	-0.287319	-0.373874	-0.429527	-0.47668	-0.540007	-0.630041	-0.725235	-0.804904	-0.848538	-0.848538	
0.289364	0.35109	0.425228	0.485095	0.534257	0.559301	0.535499	0.479032	0.396484	0.298685	0.194665	0.122803	0.141369	0.272825	0.506489	0.829002	1.18564	1.5104	1.75055	1.86114	1.82391	1.64694	1.36286	1.01247	0.655	0.350271	0.132841	0.0169826	0.00274318	0.0577042	0.152068	0.253401	0.320821	0.3495	0.345813	0.302391	0.230441	0.124569	-0.0233917	-0.174162	-0.310247	-0.409918	-0.479493	-0.556278	-0.652659	-0.775636	-0.902252	-1.00707	-1.06509	-1.06509	
0.30853	0.365388	0.434298	0.494691	0.541875	0.566845	0.541863	0.484663	0.397825	0.292293	0.186771	0.116012	0.133709	0.259441	0.489064	0.803369	1.14959	1.46848	1.71344	1.82391	1.78085	1.60234	1.32309	0.982263	0.632747	0.337125	0.128445	0.0202165	0.0124222	0.0708878	0.163351	0.261508	0.327004	0.357131	0.359418	0.326052	0.265942	0.170299	0.0362361	-0.106899	-0.24589	-0.355084	-0.443958	-0.541737	-0.663257	-0.816079	-0.966987	-1.08825	-1.15275	-1.15275	
0.394328	0.444848	0.49975	0.548382	0.583769	0.591465	0.557532	0.487146	0.382055	0.257569	0.136557	0.0519247	0.0548581	0.168007	0.381545	0.672878	0.998651	1.30893	1.54542	1.64694	1.60234	1.42734	1.15453	0.823408	0.492431	0.22026	0.0380945	-0.0458576	-0.0344259	0.0432378	0.148374	0.258786	0.335532	0.372306	0.384045	0.368437	0.329889	0.260602	0.153649	0.024562	-0.107009	-0.221295	-0.323593	-0.434545	-0.573073	-0.74311	-0.911655	-1.04623	-1.1206	-1.1206	
0.521323	0.564442	0.601261	0.626602	0.638697	0.623877	0.569641	0.474309	0.346358	0.191338	0.0414414	-0.0641185	-0.0840891	0.0073554	0.197743	0.457884	0.759913	1.05328	1.26855	1.36286	1.32309	1.15453	0.886412	0.571032	0.26686	0.0236901	-0.128537	-0.179052	-0.13543	-0.0260447	0.115106	0.245602	0.339074	0.396594	0.421514	0.42774	0.419141	0.386622	0.316096	0.213906	0.10196	-0.00904251	-0.115968	-0.240992	-0.398225	-0.578843	-0.758986	-0.901077	-0.979283	-0.979283	
0.652495	0.68964	0.706682	0.710949	0.693923	0.644124	0.560707	0.433877	0.271426	0.0830654	-0.0963828	-0.226434	-0.266251	-0.199867	-0.0393913	0.190497	0.465131	0.729963	0.922731	1.01247	0.982263	0.823408	0.571032	0.28321	0.00601504	-0.20988	-0.329269	-0.347043	-0.268683	-0.117697	0.0563087	0.216261	0.342843	0.428692	0.479782	0.5156	0.532664	0.52842	0.501546	0.439403	0.354681	0.252439	0.139264	0.0052724	-0.160329	-0.344414	-0.525934	-0.665493	-0.742008	-0.742008	
0.737714	0.775751	0.782219	0.767689	0.723459	0.641351	0.526799	0.367451	0.173067	-0.0505989	-0.258802	-0.406462	-0.464254	-0.422808	-0.287369	-0.0821467	0.16379	0.399218	0.570175	0.655	0.632747	0.492431	0.26686	0.00601504	-0.244498	-0.435132	-0.527371	-0.515255	-0.406838	-0.223136	-0.0161514	0.180353	0.350298	0.474612	0.554912	0.617721	0.659961	0.686752	0.698173	0.666036	0.603947	0.514136	0.40065	0.268096	0.10707	-0.0670565	-0.233175	-0.36079	-0.429198	-0.429198	
0.754493	0.790829	0.793165	0.765643	0.701694	0.600927	0.463643	0.285322	0.0661229	-0.184098	-0.413209	-0.570532	-0.643572	-0.62104	-0.503114	-0.31509	-0.0922523	0.118918	0.27241	0.350271	0.337125	0.22026	0.0236901	-0.20988	-0.435132	-0.601798	-0.675043	-0.644719	-0.515076	-0.313677	-0.0787797	0.149226	0.350117	0.508956	0.621205	0.709647	0.776592	0.835752	0.878251	0.876498	0.835178	0.754281	0.64366	0.512835	0.368343	0.219294	0.0794984	-0.0259515	-0.0849504	-0.0849504	
0.694037	0.729644	0.732413	0.704673	0.63634	0.529512	0.385173	0.202111	-0.0303402	-0.291824	-0.523141	-0.683811	-0.760904	-0.748172	-0.643187	-0.468094	-0.264944	-0.0750239	0.0646641	0.132841	0.128445	0.0380945	-0.128537	-0.329269	-0.527371	-0.675043	-0.735863	-0.6991	-0.564729	-0.357114	-0.113425	0.129683	0.351077	0.534401	0.675664	0.782133	0.866529	0.945668	1.01087	1.04073	1.02014	0.951444	0.845745	0.724209	0.594972	0.465955	0.36209	0.287545	0.249813	0.249813	
0.573147	0.607359	0.616291	0.595061	0.53393	0.44024	0.306528	0.133988	-0.090326	-0.339748	-0.559501	-0.710256	-0.784047	-0.773104	-0.679953	-0.520145	-0.335372	-0.165051	-0.0412949	0.0169826	0.0202165	-0.0458576	-0.179052	-0.347043	-0.515255	-0.644719	-0.6991	-0.662622	-0.533572	-0.333131	-0.0972691	0.142729	0.372218	0.569768	0.718781	0.827769	0.922596	1.01246	1.09022	1.14236	1.13783	1.08082	0.98249	0.8668	0.75419	0.654395	0.582313	0.529718	0.509307	0.509307	
0.422322	0.454867	0.466063	0.451356	0.408455	0.338219	0.228638	0.0851771	-0.109137	-0.324967	-0.515276	-0.646275	-0.710041	-0.696483	-0.617903	-0.477318	-0.309917	-0.158864	-0.0518175	0.00274318	0.0124222	-0.0344259	-0.13543	-0.268683	-0.406838	-0.515076	-0.564729	-0.533572	-0.412264	-0.234369	-0.0199038	0.206533	0.423048	0.608864	0.751408	0.855962	0.946029	1.03807	1.12304	1.18594	1.18575	1.13317	1.04151	0.928146	0.828929	0.747829	0.695678	0.664648	0.652508	0.652508	
0.258744	0.296225	0.314879	0.317791	0.29683	0.254358	0.175676	0.0591976	-0.0963451	-0.265669	-0.41713	-0.518523	-0.555021	-0.536443	-0.469092	-0.346998	-0.205613	-0.0821886	0.00937822	0.0577042	0.0708878	0.0432378	-0.0260447	-0.117697	-0.223136	-0.313677	-0.357114	-0.333131	-0.234369	-0.0824248	0.10771	0.315363	0.514278	0.680144	0.807771	0.897995	0.969914	1.04084	1.11173	1.1607	1.15273	1.10148	1.00383	0.891418	0.798409	0.723272	0.690846	0.684952	0.687435	0.687435	
0.109868	0.161996	0.194562	0.214652	0.220676	0.205799	0.154395	0.0654602	-0.0493306	-0.175189	-0.285076	-0.348641	-0.362485	-0.332606	-0.271929	-0.172483	-0.0593055	0.0355946	0.107595	0.152068	0.163351	0.148374	0.115106	0.0563087	-0.0161514	-0.0787797	-0.113425	-0.0972691	-0.0199038	0.10771	0.277089	0.462759	0.63734	0.785901	0.892381	0.95433	0.997417	1.0392	1.07213	1.08169	1.05124	0.978343	0.867325	0.750854	0.662974	0.607666	0.592502	0.602779	0.610007	0.610007	
-0.0176157	0.0569654	0.1046	0.143274	0.177132	0.188229	0.162728	0.102358	0.0237055	-0.0623769	-0.132128	-0.164479	-0.156622	-0.121118	-0.0635487	0.0142047	0.0944892	0.163355	0.218825	0.253401	0.261508	0.258786	0.245602	0.216261	0.180353	0.149226	0.129683	0.142729	0.206533	0.315363	0.462759	0.623655	0.774347	0.899072	0.974802	1.00821	1.02114	1.02197	1.00649	0.9684	0.898403	0.790669	0.668463	0.552108	0.460585	0.414361	0.410111	0.432937	0.453097	0.453097	
-0.0987462	-0.00724697	0.0543859	0.115207	0.17202	0.204566	0.206509	0.16887	0.116126	0.0651265	0.0276695	0.0198134	0.044815	0.0832175	0.135614	0.186117	0.228627	0.266791	0.300015	0.320821	0.327004	0.335532	0.339074	0.342843	0.350298	0.350117	0.351077	0.372218	0.423048	0.514278	0.63734	0.774347	0.906126	0.995191	1.03282	1.04151	1.02074	0.973186	0.907743	0.818197	0.70588	0.571526	0.437317	0.314577	0.219487	0.183792	0.191222	0.221562	0.250804	0.250804	
-0.119198	-0.0193457	0.051968	0.123652	0.197488	0.247892	0.271517	0.257014	0.228235	0.20244	0.187915	0.198038	0.22488	0.261266	0.301863	0.318878	0.325189	0.333795	0.339657	0.3495	0.357131	0.372306	0.396594	0.428692	0.474612	0.508956	0.534401	0.569768	0.608864	0.680144	0.785901	0.899072	0.995191	1.04647	1.05512	1.03286	0.975905	0.893407	0.787122	0.648619	0.499715	0.345317	0.19667	0.0712166	-0.0166451	-0.0483172	-0.0403867	-0.00898803	0.0208191	0.0208191	
-0.0756115	0.0208513	0.0981262	0.173849	0.247837	0.308916	0.344666	0.350179	0.340807	0.335656	0.337822	0.351916	0.375564	0.398144	0.414838	0.402413	0.375996	0.356462	0.343673	0.345813	0.359418	0.384045	0.421514	0.479782	0.554912	0.621205	0.675664	0.718781	0.751408	0.807771	0.892381	0.974802	1.03282	1.05512	1.03495	0.984099	0.905972	0.794439	0.651034	0.474457	0.296571	0.128543	-0.0263257	-0.149973	-0.239112	-0.279393	-0.272488	-0.240595	-0.214671	-0.214671	
0.0234475	0.10862	0.184854	0.253175	0.322705	0.381742	0.420414	0.43686	0.43659	0.439288	0.447879	0.460727	0.476451	0.48389	0.473086	0.435545	0.379557	0.330113	0.302751	0.302391	0.326052	0.368437	0.42774	0.5156	0.617721	0.709647	0.782133	0.827769	0.855962	0.897995	0.95433	1.00821	1.04151	1.03286	0.984099	0.909826	0.814949	0.681328	0.504001	0.304269	0.106178	-0.0805612	-0.237629	-0.358995	-0.446744	-0.484973	-0.480932	-0.45519	-0.435143	-0.435143	
0.13586	0.210211	0.281448	0.341459	0.399605	0.446231	0.484726	0.50535	0.512912	0.522174	0.528639	0.537529	0.537224	0.518845	0.478673	0.416059	0.334832	0.263255	0.227811	0.230441	0.265942	0.329889	0.419141	0.532664	0.659961	0.776592	0.866529	0.922596	0.946029	0.969914	0.997417	1.02114	1.02074	0.975905	0.905972	0.814949	0.700489	0.546792	0.348772	0.12932	-0.0840856	-0.274098	-0.426219	-0.542549	-0.62251	-0.653905	-0.655211	-0.636399	-0.615067	-0.615067	
0.228325	0.288684	0.356751	0.413719	0.460645	0.500763	0.539227	0.564104	0.581455	0.59243	0.598984	0.599749	0.576017	0.526848	0.453926	0.359276	0.254036	0.162855	0.11502	0.124569	0.170299	0.260602	0.386622	0.52842	0.686752	0.835752	0.945668	1.01246	1.03807	1.04084	1.0392	1.02197	0.973186	0.893407	0.794439	0.681328	0.546792	0.374618	0.167537	-0.0577875	-0.272244	-0.44864	-0.582612	-0.683863	-0.75018	-0.774086	-0.77008	-0.750456	-0.734142	-0.734142	
0.281047	0.335345	0.402256	0.459239	0.506907	0.550054	0.594603	0.629202	0.654298	0.668729	0.674635	0.663128	0.615534	0.532559	0.423809	0.294629	0.155534	0.0393562	-0.0254648	-0.0233917	0.0362361	0.153649	0.316096	0.501546	0.698173	0.878251	1.01087	1.09022	1.12304	1.11173	1.07213	1.00649	0.907743	0.787122	0.651034	0.504001	0.348772	0.167537	-0.041373	-0.253817	-0.446914	-0.601574	-0.712147	-0.781634	-0.813935	-0.820943	-0.808743	-0.786052	-0.773349	-0.773349	
0.29617	0.350644	0.418466	0.486323	0.538737	0.592485	0.648942	0.700164	0.736183	0.761493	0.772192	0.742632	0.664464	0.544951	0.392382	0.223716	0.0555741	-0.0852278	-0.164717	-0.174162	-0.106899	0.024562	0.213906	0.439403	0.666036	0.876498	1.04073	1.14236	1.18594	1.1607	1.08169	0.9684	0.818197	0.648619	0.474457	0.304269	0.12932	-0.0577875	-0.253817	-0.445827	-0.602736	-0.712687	-0.782809	-0.818031	-0.82026	-0.806621	-0.783829	-0.756071	-0.744633	-0.744633	
0.28155	0.337806	0.410305	0.489339	0.557416	0.632172	0.706149	0.772212	0.821264	0.852853	0.86766	0.822	0.717974	0.569285	0.380559	0.175229	-0.0198639	-0.185473	-0.287319	-0.310247	-0.24589	-0.107009	0.10196	0.354681	0.603947	0.835178	1.02014	1.13783	1.18575	1.15273	1.05124	0.898403	0.70588	0.499715	0.296571	0.106178	-0.0840856	-0.272244	-0.446914	-0.602736	-0.717044	-0.783479	-0.811813	-0.806931	-0.779949	-0.747913	-0.711866	-0.681844	-0.670862	-0.670862	
0.245657	0.305895	0.385143	0.471323	0.558843	0.6556	0.751322	0.836037	0.901534	0.950537	0.965181	0.907955	0.783153	0.60229	0.384023	0.148485	-0.0707267	-0.253019	-0.373874	-0.409918	-0.355084	-0.221295	-0.00904251	0.252439	0.514136	0.754281	0.951444	1.08082	1.13317	1.10148	0.978343	0.790669	0.571526	0.345317	0.128543	-0.0805612	-0.274098	-0.44864	-0.601574	-0.712687	-0.783479	-0.811494	-0.800634	-0.763311	-0.711556	-0.661273	-0.61773	-0.5937	-0.581003	-0.581003	
0.186153	0.24707	0.33415	0.430554	0.543922	0.670993	0.791399	0.905918	0.99514	1.06216	1.0806	1.01701	0.871084	0.666037	0.41854	0.153837	-0.087027	-0.289574	-0.429527	-0.479493	-0.443958	-0.323593	-0.115968	0.139264	0.40065	0.64366	0.845745	0.98249	1.04151	1.00383	0.867325	0.668463	0.437317	0.19667	-0.0263257	-0.237629	-0.426219	-0.582612	-0.712147	-0.782809	-0.811813	-0.800634	-0.752976	-0.696139	-0.630692	-0.569175	-0.526144	-0.509701	-0.493989	-0.493989	
0.107637	0.1715	0.266234	0.381481	0.529586	0.69056	0.848134	0.99876	1.12095	1.20992	1.23432	1.1644	1.00359	0.771923	0.48751	0.195353	-0.0834381	-0.31614	-0.47668	-0.556278	-0.541737	-0.434545	-0.240992	0.0052724	0.268096	0.512835	0.724209	0.8668	0.928146	0.891418	0.750854	0.552108	0.314577	0.0712166	-0.149973	-0.358995	-0.542549	-0.683863	-0.781634	-0.818031	-0.806931	-0.763311	-0.696139	-0.618128	-0.545474	-0.489634	-0.447502	-0.432725	-0.42506	-0.42506	
0.0252724	0.0919405	0.198797	0.342091	0.522482	0.723727	0.926304	1.12088	1.28817	1.40233	1.4331	1.35475	1.17534	0.90539	0.579977	0.244671	-0.0789223	-0.349408	-0.540007	-0.652659	-0.663257	-0.573073	-0.398225	-0.160329	0.10707	0.368343	0.594972	0.75419	0.828929	0.798409	0.662974	0.460585	0.219487	-0.0166451	-0.239112	-0.446744	-0.62251	-0.75018	-0.813935	-0.82026	-0.779949	-0.711556	-0.630692	-0.545474	-0.470003	-0.419695	-0.392607	-0.383514	-0.389919	-0.389919	
-0.0613281	0.0125849	0.13943	0.318671	0.533854	0.779138	1.02761	1.26389	1.47645	1.60995	1.64173	1.55877	1.35728	1.05155	0.687397	0.296026	-0.0761305	-0.393118	-0.630041	-0.775636	-0.816079	-0.74311	-0.578843	-0.344414	-0.0670565	0.219294	0.465955	0.654395	0.747829	0.723272	0.607666	0.414361	0.183792	-0.0483172	-0.279393	-0.484973	-0.653905	-0.774086	-0.820943	-0.806621	-0.747913	-0.661273	-0.569175	-0.489634	-0.419695	-0.37561	-0.368719	-0.369271	-0.377696	-0.377696	
-0.140086	-0.0519203	0.0948021	0.308271	0.558533	0.833374	1.12167	1.39633	1.64202	1.79646	1.82785	1.73683	1.51311	1.17707	0.768125	0.328731	-0.0892891	-0.447679	-0.725235	-0.902252	-0.966987	-0.911655	-0.758986	-0.525934	-0.233175	0.0794984	0.36209	0.582313	0.695678	0.690846	0.592502	0.410111	0.191222	-0.0403867	-0.272488	-0.480932	-0.655211	-0.77008	-0.808743	-0.783829	-0.711866	-0.61773	-0.526144	-0.447502	-0.392607	-0.368719	-0.36886	-0.37994	-0.395803	-0.395803	
-0.199475	-0.100804	0.0658604	0.299674	0.576874	0.874648	1.18726	1.49674	1.76152	1.92708	1.95926	1.85641	1.61784	1.26389	0.822128	0.348201	-0.10217	-0.494245	-0.804904	-1.00707	-1.08825	-1.04623	-0.901077	-0.665493	-0.36079	-0.0259515	0.287545	0.529718	0.664648	0.684952	0.602779	0.432937	0.221562	-0.00898803	-0.240595	-0.45519	-0.636399	-0.750456	-0.786052	-0.756071	-0.681844	-0.5937	-0.509701	-0.432725	-0.383514	-0.369271	-0.37994	-0.40668	-0.428489	-0.428489	
-0.236563	-0.131966	0.0507762	0.296699	0.589421	0.897219	1.22231	1.54611	1.81826	1.99289	2.02328	1.91416	1.67228	1.30411	0.84695	0.355187	-0.114584	-0.521049	-0.848538	-1.06509	-1.15275	-1.1206	-0.979283	-0.742008	-0.429198	-0.0849504	0.249813	0.509307	0.652508	0.687435	0.610007	0.453097	0.250804	0.0208191	-0.214671	-0.435143	-0.615067	-0.734142	-0.773349	-0.744633	-0.670862	-0.581003	-0.493989	-0.42506	-0.389919	-0.377696	-0.395803	-0.428489	-0.444282	-0.444282	
-0.236563	-0.131966	0.0507762	0.296699	0.589421	0.897219	1.22231	1.54611	1.81826	1.99289	2.02328	1.91416	1.67228	1.30411	0.84695	0.355187	-0.114584	-0.521049	-0.848538	-1.06509	-1.15275	-1.1206	-0.979283	-0.742008	-0.429198	-0.0849504	0.249813	0.509307	0.652508	0.687435	0.610007	0.453097	0.250804	0.0208191	-0.214671	-0.435143	-0.615067	-0.734142	-0.773349	-0.744633	-0.670862	-0.581003	-0.493989	-0.42506	-0.389919	-0.377696	-0.395803	-0.428489	-0.444282	-0.444282	
