1.08618	1.08618	1.03096	0.908787	0.73796	0.545903	0.341328	0.153057	-0.0102915	-0.142499	-0.249758	-0.335139	-0.418415	-0.501582	-0.588587	-0.659	-0.712061	-0.748886	-0.781028	-0.806238	-0.818841	-0.804702	-0.753295	-0.652386	-0.488731	-0.252043	0.0252445	0.290791	0.492966	0.603796	0.627409	0.574834	0.452935	0.286169	0.0951408	-0.101837	-0.277589	-0.399331	-0.459808	-0.485892	-0.505186	-0.520889	-0.512089	-0.477573	-0.428478	-0.352129	-0.248714	-0.144531	-0.0618905	0.00751216	
1.08618	1.08618	1.03096	0.908787	0.73796	0.545903	0.341328	0.153057	-0.0102915	-0.142499	-0.249758	-0.335139	-0.418415	-0.501582	-0.588587	-0.659	-0.712061	-0.748886	-0.781028	-0.806238	-0.818841	-0.804702	-0.753295	-0.652386	-0.488731	-0.252043	0.0252445	0.290791	0.492966	0.603796	0.627409	0.574834	0.452935	0.286169	0.0951408	-0.101837	-0.277589	-0.399331	-0.459808	-0.485892	-0.505186	-0.520889	-0.512089	-0.477573	-0.428478	-0.352129	-0.248714	-0.144531	-0.0618905	0.00751216	
1.03096	1.03096	0.978704	0.865708	0.714315	0.542027	0.358836	0.193706	0.0561127	-0.0655361	-0.169116	-0.25311	-0.332235	-0.417055	-0.503178	-0.580057	-0.642483	-0.685982	-0.721648	-0.752984	-0.774158	-0.772414	-0.728915	-0.629617	-0.471282	-0.247097	0.00969641	0.256148	0.450245	0.560393	0.581135	0.524481	0.405866	0.245731	0.0564213	-0.136312	-0.300298	-0.413992	-0.472547	-0.493363	-0.500769	-0.500963	-0.483835	-0.440064	-0.381231	-0.297005	-0.19472	-0.0920783	-0.0116067	0.0553634	
0.908787	0.908787	0.865708	0.780025	0.665093	0.530973	0.395955	0.275277	0.168174	0.0700473	-0.0140564	-0.093268	-0.169761	-0.254713	-0.343325	-0.43003	-0.501655	-0.561693	-0.615932	-0.659876	-0.685271	-0.695616	-0.66399	-0.573303	-0.430853	-0.233281	-0.0113661	0.201349	0.37315	0.473708	0.491236	0.44058	0.334945	0.186243	0.000835884	-0.184543	-0.330234	-0.427966	-0.477416	-0.487816	-0.480059	-0.460695	-0.415937	-0.353757	-0.284866	-0.195814	-0.0958364	0.00720628	0.0909609	0.154949	
0.73796	0.73796	0.714315	0.665093	0.597932	0.524186	0.456963	0.396245	0.329422	0.264157	0.207091	0.138918	0.0587501	-0.0331528	-0.129286	-0.230389	-0.315204	-0.390035	-0.459677	-0.52057	-0.557686	-0.58181	-0.560022	-0.484783	-0.367525	-0.202816	-0.0234129	0.140814	0.2766	0.36338	0.381742	0.34256	0.253772	0.123241	-0.0416989	-0.208869	-0.331183	-0.411538	-0.449511	-0.449263	-0.422959	-0.384825	-0.313753	-0.232344	-0.151006	-0.0574583	0.0419238	0.145228	0.236862	0.291058	
0.545903	0.545903	0.542027	0.530973	0.524186	0.526514	0.533947	0.546563	0.543126	0.515748	0.470725	0.410143	0.327756	0.230571	0.121061	0.005004	-0.102629	-0.190069	-0.269763	-0.34142	-0.396371	-0.429205	-0.417763	-0.365198	-0.281216	-0.160628	-0.0310936	0.0773208	0.16934	0.237819	0.264681	0.239241	0.169591	0.0656232	-0.0676092	-0.197147	-0.291573	-0.352904	-0.378603	-0.365434	-0.326138	-0.272226	-0.192597	-0.0974127	-0.00206222	0.0957105	0.196844	0.300755	0.388644	0.433543	
0.341328	0.341328	0.358836	0.395955	0.456963	0.533947	0.619464	0.707424	0.768262	0.781271	0.751833	0.693067	0.608567	0.505976	0.380699	0.24924	0.126094	0.0263845	-0.061561	-0.13568	-0.198552	-0.234886	-0.237108	-0.209245	-0.1617	-0.0919247	-0.0237505	0.0261313	0.06813	0.109839	0.139123	0.135032	0.0923219	0.0211669	-0.0690012	-0.153986	-0.221349	-0.263503	-0.276153	-0.252476	-0.206437	-0.145926	-0.0640236	0.04048	0.142317	0.246086	0.351386	0.452726	0.533437	0.570468	
0.153057	0.153057	0.193706	0.275277	0.396245	0.546563	0.707424	0.860119	0.970875	1.02016	1.01096	0.959429	0.870901	0.754174	0.610117	0.466671	0.338608	0.233878	0.144451	0.0749357	0.0164593	-0.020046	-0.0363338	-0.0327002	-0.0183439	0.00188035	0.00664374	-0.00167668	-0.00620158	0.00624196	0.0290237	0.0416941	0.0284846	-0.00161373	-0.044508	-0.089348	-0.131592	-0.1556	-0.15643	-0.130454	-0.0887954	-0.0300626	0.0509059	0.152899	0.257008	0.366071	0.48028	0.589403	0.661506	0.686536	
-0.0102915	-0.0102915	0.0561127	0.168174	0.329422	0.543126	0.768262	0.970875	1.12206	1.20239	1.21097	1.16405	1.067	0.932782	0.783139	0.634807	0.503456	0.39694	0.322397	0.268152	0.22563	0.19107	0.169149	0.155635	0.140384	0.115583	0.068022	0.0138568	-0.0291333	-0.0491546	-0.0428343	-0.0193122	-0.00117529	0.00364398	0.000937321	-0.015004	-0.0293549	-0.0388769	-0.0322296	-0.0128515	0.0219094	0.0696695	0.140012	0.236239	0.344038	0.456871	0.574007	0.679545	0.747106	0.761628	
-0.142499	-0.142499	-0.0655361	0.0700473	0.264157	0.515748	0.781271	1.02016	1.20239	1.30775	1.32255	1.27006	1.16897	1.03044	0.872086	0.72082	0.590777	0.495137	0.440614	0.411868	0.397308	0.380444	0.363987	0.345993	0.314765	0.253453	0.171843	0.0876352	0.0162281	-0.0323064	-0.0445353	-0.0216706	0.0159136	0.0498847	0.0724105	0.0829344	0.0848424	0.0828467	0.089113	0.0978257	0.114194	0.14593	0.205712	0.293439	0.400393	0.519352	0.643092	0.743392	0.795291	0.80126	
-0.249758	-0.249758	-0.169116	-0.0140564	0.207091	0.470725	0.751833	1.01096	1.21097	1.32255	1.34522	1.28871	1.18148	1.031	0.861402	0.700681	0.580341	0.510991	0.488067	0.489823	0.508558	0.523398	0.53065	0.523333	0.487842	0.417727	0.322261	0.216161	0.121138	0.0530311	0.0238067	0.0393549	0.083177	0.139499	0.185149	0.208363	0.212368	0.208896	0.20411	0.197173	0.19379	0.206119	0.254516	0.328909	0.428952	0.555647	0.683078	0.778522	0.81847	0.804655	
-0.335139	-0.335139	-0.25311	-0.093268	0.138918	0.410143	0.693067	0.959429	1.16405	1.27006	1.28871	1.22923	1.10606	0.936459	0.754037	0.590543	0.479699	0.435601	0.444152	0.489469	0.555975	0.619283	0.662992	0.672514	0.637436	0.574511	0.487173	0.376629	0.265268	0.178775	0.136476	0.145008	0.191819	0.258528	0.312738	0.342995	0.350031	0.343245	0.32443	0.297503	0.262289	0.245793	0.271166	0.331824	0.424617	0.544766	0.666732	0.761797	0.79838	0.7692	
-0.418415	-0.418415	-0.332235	-0.169761	0.0587501	0.327756	0.608567	0.870901	1.067	1.16897	1.18148	1.10606	0.9542	0.763	0.570951	0.408922	0.30969	0.290833	0.335404	0.430099	0.550626	0.667066	0.750463	0.790855	0.776426	0.727871	0.649164	0.540971	0.421451	0.324289	0.271809	0.269695	0.319201	0.390551	0.455688	0.494936	0.503006	0.482982	0.443825	0.388527	0.316302	0.260686	0.25143	0.294452	0.373828	0.483324	0.594975	0.679187	0.720979	0.691332	
-0.501582	-0.501582	-0.417055	-0.254713	-0.0331528	0.230571	0.505976	0.754174	0.932782	1.03044	1.031	0.936459	0.763	0.557966	0.349236	0.184086	0.098086	0.106624	0.19009	0.333787	0.50466	0.669945	0.799177	0.874935	0.89348	0.860469	0.785207	0.67749	0.562692	0.470991	0.413962	0.403088	0.451502	0.534503	0.611588	0.659142	0.662953	0.626003	0.559903	0.466835	0.356059	0.258142	0.204666	0.209582	0.262616	0.354699	0.45722	0.537345	0.576248	0.551204	
-0.588587	-0.588587	-0.503178	-0.343325	-0.129286	0.121061	0.380699	0.610117	0.783139	0.872086	0.861402	0.754037	0.570951	0.349236	0.134426	-0.0296356	-0.102046	-0.0753297	0.0442088	0.230371	0.441143	0.645241	0.819155	0.9276	0.970983	0.954348	0.889249	0.795289	0.692351	0.59701	0.537991	0.537881	0.596165	0.68369	0.761751	0.808189	0.815088	0.767025	0.671438	0.540225	0.392261	0.247643	0.142956	0.102436	0.123997	0.183626	0.264589	0.342049	0.378763	0.356762	
-0.659	-0.659	-0.580057	-0.43003	-0.230389	0.005004	0.24924	0.466671	0.634807	0.72082	0.700681	0.590543	0.408922	0.184086	-0.0296356	-0.182201	-0.243366	-0.204688	-0.0679333	0.138879	0.374875	0.607939	0.808378	0.942482	1.0096	1.01156	0.961751	0.884074	0.79323	0.700348	0.645122	0.65782	0.723824	0.810258	0.88847	0.935582	0.938272	0.883	0.764751	0.602692	0.417395	0.231654	0.0824539	0.000991941	-0.0134519	0.00658844	0.0611768	0.127463	0.16164	0.138747	
-0.712061	-0.712061	-0.642483	-0.501655	-0.315204	-0.102629	0.126094	0.338608	0.503456	0.590777	0.580341	0.479699	0.30969	0.098086	-0.102046	-0.243366	-0.299508	-0.252644	-0.11463	0.0854231	0.321901	0.568376	0.777385	0.930228	1.01817	1.03794	1.00045	0.927513	0.843139	0.77169	0.732853	0.746723	0.808328	0.892966	0.973513	1.01781	1.00677	0.944113	0.812469	0.634428	0.432978	0.229501	0.0511449	-0.0706965	-0.1291	-0.139319	-0.114281	-0.0724455	-0.0472275	-0.0781214	
-0.748886	-0.748886	-0.685982	-0.561693	-0.390035	-0.190069	0.0263845	0.233878	0.39694	0.495137	0.510991	0.435601	0.290833	0.106624	-0.0753297	-0.204688	-0.252644	-0.216305	-0.0962413	0.0861472	0.306747	0.536919	0.740999	0.893026	0.984913	1.01384	0.989528	0.926582	0.846475	0.785859	0.763001	0.782484	0.839953	0.916186	0.98806	1.02648	1.01501	0.94663	0.816238	0.63854	0.437105	0.231218	0.0409437	-0.109075	-0.207023	-0.246757	-0.244274	-0.22591	-0.220365	-0.271184	
-0.781028	-0.781028	-0.721648	-0.615932	-0.459677	-0.269763	-0.061561	0.144451	0.322397	0.440614	0.488067	0.444152	0.335404	0.19009	0.0442088	-0.0679333	-0.11463	-0.0962413	-0.00819339	0.142249	0.328279	0.519218	0.692428	0.830778	0.917795	0.946317	0.924551	0.864714	0.7855	0.72809	0.719531	0.747907	0.807395	0.881491	0.948059	0.98458	0.972021	0.90375	0.78803	0.62574	0.432003	0.235626	0.0462721	-0.117462	-0.239601	-0.301786	-0.317641	-0.323903	-0.348976	-0.420866	
-0.806238	-0.806238	-0.752984	-0.659876	-0.52057	-0.34142	-0.13568	0.0749357	0.268152	0.411868	0.489823	0.489469	0.430099	0.333787	0.230371	0.138879	0.0854231	0.0861472	0.142249	0.246067	0.378836	0.516117	0.643227	0.750122	0.818361	0.835752	0.802542	0.733111	0.659232	0.615855	0.620118	0.659787	0.723982	0.806155	0.884442	0.921918	0.906098	0.850033	0.752515	0.611545	0.439551	0.261584	0.0798398	-0.0910267	-0.220662	-0.297414	-0.331964	-0.360219	-0.412722	-0.508033	
-0.818841	-0.818841	-0.774158	-0.685271	-0.557686	-0.396371	-0.198552	0.0164593	0.22563	0.397308	0.508558	0.555975	0.550626	0.50466	0.441143	0.374875	0.321901	0.306747	0.328279	0.378836	0.44519	0.518426	0.588527	0.647196	0.678119	0.666163	0.617857	0.549732	0.483269	0.447979	0.463992	0.527205	0.613057	0.706727	0.793861	0.845493	0.845759	0.809892	0.73095	0.616146	0.475033	0.317917	0.146202	-0.0193094	-0.145318	-0.230478	-0.28735	-0.336926	-0.413119	-0.529166	
-0.804702	-0.804702	-0.772414	-0.695616	-0.58181	-0.429205	-0.234886	-0.020046	0.19107	0.380444	0.523398	0.619283	0.667066	0.669945	0.645241	0.607939	0.568376	0.536919	0.519218	0.516117	0.518426	0.523879	0.526759	0.51993	0.502299	0.457835	0.390886	0.322653	0.260459	0.231255	0.263964	0.349738	0.467982	0.580935	0.68104	0.754589	0.788338	0.779797	0.730821	0.649992	0.539752	0.403645	0.252125	0.10641	-0.0131228	-0.107646	-0.186511	-0.264259	-0.360812	-0.499562	
-0.753295	-0.753295	-0.728915	-0.66399	-0.560022	-0.417763	-0.237108	-0.0363338	0.169149	0.363987	0.53065	0.662992	0.750463	0.799177	0.819155	0.808378	0.777385	0.740999	0.692428	0.643227	0.588527	0.526759	0.456336	0.381346	0.309888	0.235752	0.149066	0.0655427	0.0054983	-0.00379895	0.0453073	0.144993	0.285592	0.430595	0.55246	0.652188	0.720786	0.755204	0.746909	0.704551	0.62978	0.523131	0.394152	0.267824	0.153327	0.0528337	-0.0490193	-0.156932	-0.277265	-0.430641	
-0.652386	-0.652386	-0.629617	-0.573303	-0.484783	-0.365198	-0.209245	-0.0327002	0.155635	0.345993	0.523333	0.672514	0.790855	0.874935	0.9276	0.942482	0.930228	0.893026	0.830778	0.750122	0.647196	0.51993	0.381346	0.241561	0.119193	0.0113292	-0.0999656	-0.194211	-0.246497	-0.247306	-0.18846	-0.0711335	0.0841089	0.251785	0.406357	0.535222	0.645783	0.729805	0.769941	0.771312	0.733334	0.657706	0.556601	0.449294	0.336578	0.220016	0.0978537	-0.0343013	-0.18181	-0.351433	
-0.488731	-0.488731	-0.471282	-0.430853	-0.367525	-0.281216	-0.1617	-0.0183439	0.140384	0.314765	0.487842	0.637436	0.776426	0.89348	0.970983	1.0096	1.01817	0.984913	0.917795	0.818361	0.678119	0.502299	0.309888	0.119193	-0.0521412	-0.204413	-0.340238	-0.435322	-0.482161	-0.479525	-0.41388	-0.281843	-0.115467	0.0636969	0.248484	0.417181	0.57064	0.705136	0.794199	0.836972	0.835543	0.792857	0.720936	0.634288	0.522612	0.390493	0.251295	0.0927851	-0.0846945	-0.267256	
-0.252043	-0.252043	-0.247097	-0.233281	-0.202816	-0.160628	-0.0919247	0.00188035	0.115583	0.253453	0.417727	0.574511	0.727871	0.860469	0.954348	1.01156	1.03794	1.01384	0.946317	0.835752	0.666163	0.457835	0.235752	0.0113292	-0.204413	-0.391333	-0.539847	-0.63809	-0.682934	-0.668185	-0.592426	-0.463014	-0.293524	-0.0984011	0.111392	0.313025	0.504284	0.682409	0.80924	0.890827	0.929506	0.921508	0.877001	0.808339	0.701405	0.566571	0.414376	0.23717	0.0352188	-0.167218	
0.0252445	0.0252445	0.00969641	-0.0113661	-0.0234129	-0.0310936	-0.0237505	0.00664374	0.068022	0.171843	0.322261	0.487173	0.649164	0.785207	0.889249	0.961751	1.00045	0.989528	0.924551	0.802542	0.617857	0.390886	0.149066	-0.0999656	-0.340238	-0.539847	-0.689582	-0.78586	-0.826809	-0.800991	-0.719155	-0.59824	-0.434679	-0.226992	-0.00208152	0.219013	0.437476	0.64775	0.814546	0.934614	1.01319	1.04364	1.02344	0.964596	0.866953	0.739274	0.578454	0.384644	0.163199	-0.0600195	
0.290791	0.290791	0.256148	0.201349	0.140814	0.0773208	0.0261313	-0.00167668	0.0138568	0.0876352	0.216161	0.376629	0.540971	0.67749	0.795289	0.884074	0.927513	0.926582	0.864714	0.733111	0.549732	0.322653	0.0655427	-0.194211	-0.435322	-0.63809	-0.78586	-0.866623	-0.89332	-0.869489	-0.790255	-0.674125	-0.522555	-0.32932	-0.105104	0.127797	0.36159	0.5936	0.799567	0.958167	1.07325	1.14645	1.15451	1.10873	1.02665	0.904155	0.731638	0.521514	0.286898	0.0518635	
0.492966	0.492966	0.450245	0.37315	0.2766	0.16934	0.06813	-0.00620158	-0.0291333	0.0162281	0.121138	0.265268	0.421451	0.562692	0.692351	0.79323	0.843139	0.846475	0.7855	0.659232	0.483269	0.260459	0.0054983	-0.246497	-0.482161	-0.682934	-0.826809	-0.89332	-0.902821	-0.877342	-0.810779	-0.707955	-0.577716	-0.410722	-0.20037	0.0358795	0.28075	0.528502	0.754045	0.944564	1.10048	1.20861	1.24771	1.22613	1.15794	1.03462	0.850413	0.627963	0.387786	0.156246	
0.603796	0.603796	0.560393	0.473708	0.36338	0.237819	0.109839	0.00624196	-0.0491546	-0.0323064	0.0530311	0.178775	0.324289	0.470991	0.59701	0.700348	0.77169	0.785859	0.72809	0.615855	0.447979	0.231255	-0.00379895	-0.247306	-0.479525	-0.668185	-0.800991	-0.869489	-0.877342	-0.845128	-0.79259	-0.722756	-0.621166	-0.472869	-0.287142	-0.0692783	0.181384	0.441754	0.676344	0.891835	1.08466	1.22231	1.2909	1.29101	1.22102	1.09501	0.915812	0.694226	0.456594	0.235104	
0.627409	0.627409	0.581135	0.491236	0.381742	0.264681	0.139123	0.0290237	-0.0428343	-0.0445353	0.0238067	0.136476	0.271809	0.413962	0.537991	0.645122	0.732853	0.763001	0.719531	0.620118	0.463992	0.263964	0.0453073	-0.18846	-0.41388	-0.592426	-0.719155	-0.790255	-0.810779	-0.79259	-0.759518	-0.719991	-0.64536	-0.525106	-0.369491	-0.176923	0.0637238	0.321056	0.559173	0.788521	1.00622	1.17036	1.26262	1.276	1.21019	1.08999	0.925094	0.714135	0.488763	0.280201	
0.574834	0.574834	0.524481	0.44058	0.34256	0.239241	0.135032	0.0416941	-0.0193122	-0.0216706	0.0393549	0.145008	0.269695	0.403088	0.537881	0.65782	0.746723	0.782484	0.747907	0.659787	0.527205	0.349738	0.144993	-0.0711335	-0.281843	-0.463014	-0.59824	-0.674125	-0.707955	-0.722756	-0.719991	-0.694624	-0.650325	-0.57287	-0.446532	-0.273751	-0.0647798	0.167556	0.400739	0.633782	0.857089	1.03795	1.15082	1.1853	1.14162	1.03683	0.87876	0.6847	0.47829	0.280928	
0.452935	0.452935	0.405866	0.334945	0.253772	0.169591	0.0923219	0.0284846	-0.00117529	0.0159136	0.083177	0.191819	0.319201	0.451502	0.596165	0.723824	0.808328	0.839953	0.807395	0.723982	0.613057	0.467982	0.285592	0.0841089	-0.115467	-0.293524	-0.434679	-0.522555	-0.577716	-0.621166	-0.64536	-0.650325	-0.64412	-0.602256	-0.507762	-0.369324	-0.195537	0.00885572	0.230006	0.450911	0.660421	0.847625	0.98172	1.03768	1.01675	0.932296	0.788587	0.612555	0.421938	0.236716	
0.286169	0.286169	0.245731	0.186243	0.123241	0.0656232	0.0211669	-0.00161373	0.00364398	0.0498847	0.139499	0.258528	0.390551	0.534503	0.68369	0.810258	0.892966	0.916186	0.881491	0.806155	0.706727	0.580935	0.430595	0.251785	0.0636969	-0.0984011	-0.226992	-0.32932	-0.410722	-0.472869	-0.525106	-0.57287	-0.602256	-0.591968	-0.540236	-0.452075	-0.315348	-0.137588	0.058856	0.259305	0.455147	0.634217	0.775112	0.850939	0.849558	0.782476	0.660448	0.499911	0.327411	0.162009	
0.0951408	0.0951408	0.0564213	0.000835884	-0.0416989	-0.0676092	-0.0690012	-0.044508	0.000937321	0.0724105	0.185149	0.312738	0.455688	0.611588	0.761751	0.88847	0.973513	0.98806	0.948059	0.884442	0.793861	0.68104	0.55246	0.406357	0.248484	0.111392	-0.00208152	-0.105104	-0.20037	-0.287142	-0.369491	-0.446532	-0.507762	-0.540236	-0.54095	-0.502701	-0.410275	-0.266564	-0.100372	0.0814598	0.259292	0.416516	0.553924	0.648002	0.6595	0.601591	0.496665	0.355814	0.197442	0.0557222	
-0.101837	-0.101837	-0.136312	-0.184543	-0.208869	-0.197147	-0.153986	-0.089348	-0.015004	0.0829344	0.208363	0.342995	0.494936	0.659142	0.808189	0.935582	1.01781	1.02648	0.98458	0.921918	0.845493	0.754589	0.652188	0.535222	0.417181	0.313025	0.219013	0.127797	0.0358795	-0.0692783	-0.176923	-0.273751	-0.369324	-0.452075	-0.502701	-0.510971	-0.457946	-0.351444	-0.220369	-0.0748347	0.0713215	0.205798	0.332751	0.428011	0.448325	0.397546	0.30747	0.184854	0.0477289	-0.0751395	
-0.277589	-0.277589	-0.300298	-0.330234	-0.331183	-0.291573	-0.221349	-0.131592	-0.0293549	0.0848424	0.212368	0.350031	0.503006	0.662953	0.815088	0.938272	1.00677	1.01501	0.972021	0.906098	0.845759	0.788338	0.720786	0.645783	0.57064	0.504284	0.437476	0.36159	0.28075	0.181384	0.0637238	-0.0647798	-0.195537	-0.315348	-0.410275	-0.457946	-0.441962	-0.378933	-0.298278	-0.206396	-0.101404	0.0102317	0.116566	0.195419	0.218507	0.181208	0.107974	0.00761856	-0.105125	-0.20855	
-0.399331	-0.399331	-0.413992	-0.427966	-0.411538	-0.352904	-0.263503	-0.1556	-0.0388769	0.0828467	0.208896	0.343245	0.482982	0.626003	0.767025	0.883	0.944113	0.94663	0.90375	0.850033	0.809892	0.779797	0.755204	0.729805	0.705136	0.682409	0.64775	0.5936	0.528502	0.441754	0.321056	0.167556	0.00885572	-0.137588	-0.266564	-0.351444	-0.378933	-0.373149	-0.349997	-0.308565	-0.244112	-0.168002	-0.0892428	-0.0284865	-0.00778604	-0.032871	-0.0867188	-0.155205	-0.237516	-0.330862	
-0.459808	-0.459808	-0.472547	-0.477416	-0.449511	-0.378603	-0.276153	-0.15643	-0.0322296	0.089113	0.20411	0.32443	0.443825	0.559903	0.671438	0.764751	0.812469	0.816238	0.78803	0.752515	0.73095	0.730821	0.746909	0.769941	0.794199	0.80924	0.814546	0.799567	0.754045	0.676344	0.559173	0.400739	0.230006	0.058856	-0.100372	-0.220369	-0.298278	-0.349997	-0.382009	-0.387648	-0.362337	-0.319354	-0.274287	-0.239046	-0.223536	-0.232263	-0.259908	-0.299342	-0.361545	-0.448409	
-0.485892	-0.485892	-0.493363	-0.487816	-0.449263	-0.365434	-0.252476	-0.130454	-0.0128515	0.0978257	0.197173	0.297503	0.388527	0.466835	0.540225	0.602692	0.634428	0.63854	0.62574	0.611545	0.616146	0.649992	0.704551	0.771312	0.836972	0.890827	0.934614	0.958167	0.944564	0.891835	0.788521	0.633782	0.450911	0.259305	0.0814598	-0.0748347	-0.206396	-0.308565	-0.387648	-0.438877	-0.455505	-0.444375	-0.424022	-0.407506	-0.395185	-0.396735	-0.403365	-0.420071	-0.467701	-0.54374	
-0.505186	-0.505186	-0.500769	-0.480059	-0.422959	-0.326138	-0.206437	-0.0887954	0.0219094	0.114194	0.19379	0.262289	0.316302	0.356059	0.392261	0.417395	0.432978	0.437105	0.432003	0.439551	0.475033	0.539752	0.62978	0.733334	0.835543	0.929506	1.01319	1.07325	1.10048	1.08466	1.00622	0.857089	0.660421	0.455147	0.259292	0.0713215	-0.101404	-0.244112	-0.362337	-0.455505	-0.516692	-0.534068	-0.526594	-0.520073	-0.51444	-0.508497	-0.500179	-0.503678	-0.537735	-0.595724	
-0.520889	-0.520889	-0.500963	-0.460695	-0.384825	-0.272226	-0.145926	-0.0300626	0.0696695	0.14593	0.206119	0.245793	0.260686	0.258142	0.247643	0.231654	0.229501	0.231218	0.235626	0.261584	0.317917	0.403645	0.523131	0.657706	0.792857	0.921508	1.04364	1.14645	1.20861	1.22231	1.17036	1.03795	0.847625	0.634217	0.416516	0.205798	0.0102317	-0.168002	-0.319354	-0.444375	-0.534068	-0.570682	-0.571281	-0.566273	-0.565744	-0.554908	-0.535478	-0.53096	-0.550494	-0.596652	
-0.512089	-0.512089	-0.483835	-0.415937	-0.313753	-0.192597	-0.0640236	0.0509059	0.140012	0.205712	0.254516	0.271166	0.25143	0.204666	0.142956	0.0824539	0.0511449	0.0409437	0.0462721	0.0798398	0.146202	0.252125	0.394152	0.556601	0.720936	0.877001	1.02344	1.15451	1.24771	1.2909	1.26262	1.15082	0.98172	0.775112	0.553924	0.332751	0.116566	-0.0892428	-0.274287	-0.424022	-0.526594	-0.571281	-0.572661	-0.560044	-0.551322	-0.528065	-0.498047	-0.482778	-0.489161	-0.528491	
-0.477573	-0.477573	-0.440064	-0.353757	-0.232344	-0.0974127	0.04048	0.152899	0.236239	0.293439	0.328909	0.331824	0.294452	0.209582	0.102436	0.000991941	-0.0706965	-0.109075	-0.117462	-0.0910267	-0.0193094	0.10641	0.267824	0.449294	0.634288	0.808339	0.964596	1.10873	1.22613	1.29101	1.276	1.1853	1.03768	0.850939	0.648002	0.428011	0.195419	-0.0284865	-0.239046	-0.407506	-0.520073	-0.566273	-0.560044	-0.524857	-0.486638	-0.436915	-0.388929	-0.359239	-0.358353	-0.39823	
-0.428478	-0.428478	-0.381231	-0.284866	-0.151006	-0.00206222	0.142317	0.257008	0.344038	0.400393	0.428952	0.424617	0.373828	0.262616	0.123997	-0.0134519	-0.1291	-0.207023	-0.239601	-0.220662	-0.145318	-0.0131228	0.153327	0.336578	0.522612	0.701405	0.866953	1.02665	1.15794	1.22102	1.21019	1.14162	1.01675	0.849558	0.6595	0.448325	0.218507	-0.00778604	-0.223536	-0.395185	-0.51444	-0.565744	-0.551322	-0.486638	-0.398308	-0.31644	-0.248097	-0.200694	-0.194919	-0.23088	
-0.352129	-0.352129	-0.297005	-0.195814	-0.0574583	0.0957105	0.246086	0.366071	0.456871	0.519352	0.555647	0.544766	0.483324	0.354699	0.183626	0.00658844	-0.139319	-0.246757	-0.301786	-0.297414	-0.230478	-0.107646	0.0528337	0.220016	0.390493	0.566571	0.739274	0.904155	1.03462	1.09501	1.08999	1.03683	0.932296	0.782476	0.601591	0.397546	0.181208	-0.032871	-0.232263	-0.396735	-0.508497	-0.554908	-0.528065	-0.436915	-0.31644	-0.201763	-0.102733	-0.036777	-0.0226905	-0.051802	
-0.248714	-0.248714	-0.19472	-0.0958364	0.0419238	0.196844	0.351386	0.48028	0.574007	0.643092	0.683078	0.666732	0.594975	0.45722	0.264589	0.0611768	-0.114281	-0.244274	-0.317641	-0.331964	-0.28735	-0.186511	-0.0490193	0.0978537	0.251295	0.414376	0.578454	0.731638	0.850413	0.915812	0.925094	0.87876	0.788587	0.660448	0.496665	0.30747	0.107974	-0.0867188	-0.259908	-0.403365	-0.500179	-0.535478	-0.498047	-0.388929	-0.248097	-0.102733	0.0198889	0.0989735	0.125599	0.106446	
-0.144531	-0.144531	-0.0920783	0.00720628	0.145228	0.300755	0.452726	0.589403	0.679545	0.743392	0.778522	0.761797	0.679187	0.537345	0.342049	0.127463	-0.0724455	-0.22591	-0.323903	-0.360219	-0.336926	-0.264259	-0.156932	-0.0343013	0.0927851	0.23717	0.384644	0.521514	0.627963	0.694226	0.714135	0.6847	0.612555	0.499911	0.355814	0.184854	0.00761856	-0.155205	-0.299342	-0.420071	-0.503678	-0.53096	-0.482778	-0.359239	-0.200694	-0.036777	0.0989735	0.185783	0.231762	0.223629	
-0.0618905	-0.0618905	-0.0116067	0.0909609	0.236862	0.388644	0.533437	0.661506	0.747106	0.795291	0.81847	0.79838	0.720979	0.576248	0.378763	0.16164	-0.0472275	-0.220365	-0.348976	-0.412722	-0.413119	-0.360812	-0.277265	-0.18181	-0.0846945	0.0352188	0.163199	0.286898	0.387786	0.456594	0.488763	0.47829	0.421938	0.327411	0.197442	0.0477289	-0.105125	-0.237516	-0.361545	-0.467701	-0.537735	-0.550494	-0.489161	-0.358353	-0.194919	-0.0226905	0.125599	0.231762	0.284013	0.283522	
0.00751216	0.00751216	0.0553634	0.154949	0.291058	0.433543	0.570468	0.686536	0.761628	0.80126	0.804655	0.7692	0.691332	0.551204	0.356762	0.138747	-0.0781214	-0.271184	-0.420866	-0.508033	-0.529166	-0.499562	-0.430641	-0.351433	-0.267256	-0.167218	-0.0600195	0.0518635	0.156246	0.235104	0.280201	0.280928	0.236716	0.162009	0.0557222	-0.0751395	-0.20855	-0.330862	-0.448409	-0.54374	-0.595724	-0.596652	-0.528491	-0.39823	-0.23088	-0.051802	0.106446	0.223629	0.283522	0.297757	
