-0.153216	-0.185629	-0.208143	-0.208257	-0.190989	-0.180158	-0.192627	-0.233777	-0.29043	-0.351092	-0.401449	-0.411898	-0.347142	-0.201099	0.02114	0.287216	0.546936	0.773898	0.931888	0.994635	0.952222	0.800958	0.564372	0.274507	-0.0356956	-0.329175	-0.562526	-0.703955	-0.760185	-0.749001	-0.692833	-0.62317	-0.548303	-0.469676	-0.39996	-0.332982	-0.245405	-0.123583	0.022372	0.168164	0.308209	0.448968	0.580688	0.704234	0.84178	0.986439	1.10096	1.17032	1.2032	1.2032	
-0.185629	-0.211097	-0.226916	-0.219829	-0.198949	-0.189957	-0.2075	-0.250883	-0.308047	-0.369586	-0.414636	-0.417901	-0.347197	-0.19332	0.0315427	0.293652	0.554783	0.786744	0.945667	1.00099	0.941035	0.770132	0.514366	0.207647	-0.10949	-0.401658	-0.631359	-0.767993	-0.812839	-0.779337	-0.694826	-0.592673	-0.479782	-0.363104	-0.26166	-0.17406	-0.0799699	0.0372407	0.171861	0.303141	0.427992	0.548581	0.64848	0.728055	0.812547	0.899702	0.959627	0.984707	0.991565	0.991565	
-0.208143	-0.226916	-0.234845	-0.217026	-0.192526	-0.184255	-0.204127	-0.250331	-0.312129	-0.375696	-0.425648	-0.431807	-0.359301	-0.20916	0.0117818	0.272031	0.533391	0.766529	0.924226	0.978995	0.916225	0.734631	0.46646	0.155332	-0.161404	-0.451351	-0.672217	-0.796248	-0.824976	-0.766279	-0.650354	-0.514187	-0.367088	-0.22166	-0.0999501	-0.00305893	0.0877521	0.193131	0.312344	0.427966	0.536423	0.632833	0.695654	0.726726	0.754132	0.781736	0.789339	0.775149	0.759654	0.759654	
-0.208257	-0.219829	-0.217026	-0.191985	-0.168601	-0.166306	-0.197051	-0.255312	-0.326759	-0.402078	-0.461105	-0.467851	-0.399409	-0.252757	-0.0344645	0.218558	0.480177	0.720049	0.889283	0.955914	0.892834	0.706039	0.435626	0.122924	-0.190001	-0.465326	-0.667876	-0.777261	-0.786843	-0.700684	-0.557482	-0.396056	-0.226252	-0.0650591	0.0657099	0.164596	0.248265	0.339003	0.439431	0.535176	0.620784	0.684791	0.705188	0.688077	0.663142	0.639909	0.607866	0.56756	0.537936	0.537936	
-0.190989	-0.198949	-0.192526	-0.168601	-0.153665	-0.165388	-0.213196	-0.284559	-0.370618	-0.458399	-0.523554	-0.534843	-0.468475	-0.321967	-0.106573	0.147916	0.420667	0.674979	0.858374	0.93384	0.876324	0.694903	0.427067	0.122454	-0.173434	-0.429225	-0.611903	-0.701739	-0.691925	-0.588764	-0.432086	-0.257088	-0.0764842	0.089593	0.223262	0.322096	0.397296	0.469454	0.544007	0.611272	0.664762	0.689189	0.66717	0.610087	0.545865	0.487482	0.432969	0.382041	0.34758	0.34758	
-0.180158	-0.189957	-0.184255	-0.166306	-0.165388	-0.19597	-0.261202	-0.349328	-0.449892	-0.546112	-0.616051	-0.623182	-0.550344	-0.398408	-0.178038	0.0822972	0.366057	0.631983	0.830324	0.925533	0.884046	0.713768	0.459338	0.171771	-0.105671	-0.337121	-0.495312	-0.572388	-0.557066	-0.450338	-0.291899	-0.114096	0.0682427	0.233856	0.367899	0.464224	0.526627	0.572532	0.61136	0.641141	0.656197	0.640349	0.58397	0.501994	0.415969	0.339644	0.278514	0.229981	0.19839	0.19839	
-0.192627	-0.2075	-0.204127	-0.197051	-0.213196	-0.261202	-0.343597	-0.444123	-0.551369	-0.651451	-0.715933	-0.711576	-0.63006	-0.46936	-0.244091	0.0241266	0.322139	0.606419	0.831645	0.950315	0.926279	0.776795	0.542988	0.275073	0.02083	-0.188589	-0.336361	-0.412594	-0.399	-0.300029	-0.151519	0.0227267	0.202718	0.363244	0.492067	0.579294	0.621238	0.632156	0.627771	0.616421	0.594114	0.545468	0.469116	0.379949	0.289077	0.209084	0.152324	0.114299	0.0904932	0.0904932	
-0.233777	-0.250883	-0.250331	-0.255312	-0.284559	-0.349328	-0.444123	-0.550701	-0.662938	-0.760617	-0.813424	-0.795711	-0.700022	-0.524737	-0.288336	-0.00455555	0.314324	0.622385	0.872144	1.0135	1.01635	0.893222	0.680064	0.43016	0.18932	-0.0109313	-0.154061	-0.233239	-0.231459	-0.150768	-0.0164555	0.150216	0.319871	0.466582	0.58141	0.650445	0.664454	0.636223	0.588982	0.541183	0.489988	0.421635	0.341548	0.260645	0.177665	0.103308	0.0562379	0.0317521	0.0178434	0.0178434	
-0.29043	-0.308047	-0.312129	-0.326759	-0.370618	-0.449892	-0.551369	-0.662938	-0.773768	-0.860374	-0.895463	-0.855865	-0.735923	-0.540657	-0.288593	0.0171629	0.3578	0.685975	0.961099	1.12888	1.1551	1.0504	0.85132	0.611399	0.379028	0.186202	0.0408654	-0.0494858	-0.0633863	-0.00430256	0.108552	0.256602	0.404871	0.528	0.618941	0.662353	0.647055	0.584532	0.503818	0.43086	0.363163	0.289332	0.219038	0.156304	0.0883938	0.0242905	-0.0122635	-0.0240982	-0.0282191	-0.0282191	
-0.351092	-0.369586	-0.375696	-0.402078	-0.458399	-0.546112	-0.651451	-0.760617	-0.860374	-0.9286	-0.936147	-0.864695	-0.716721	-0.499542	-0.225609	0.101587	0.457645	0.805125	1.0994	1.27801	1.31586	1.22521	1.03872	0.80847	0.58151	0.387699	0.235661	0.135978	0.101939	0.127566	0.20766	0.325856	0.441077	0.531386	0.59306	0.611109	0.573544	0.489558	0.390736	0.306342	0.234044	0.16614	0.113732	0.0726692	0.0221393	-0.0302005	-0.057954	-0.0603795	-0.0563567	-0.0563567	
-0.401449	-0.414636	-0.425648	-0.461105	-0.523554	-0.616051	-0.715933	-0.813424	-0.895463	-0.936147	-0.907743	-0.804519	-0.628461	-0.387255	-0.0967069	0.243538	0.610174	0.964588	1.25791	1.43733	1.48611	1.40841	1.23192	1.00733	0.782983	0.588359	0.42844	0.311089	0.244545	0.227828	0.265928	0.341135	0.414521	0.471216	0.506924	0.506755	0.459651	0.371374	0.271148	0.18703	0.118421	0.0631925	0.0309254	0.00972997	-0.0242702	-0.0646997	-0.0860996	-0.0833234	-0.0737942	-0.0737942	
-0.411898	-0.417901	-0.431807	-0.467851	-0.534843	-0.623182	-0.711576	-0.795711	-0.855865	-0.864695	-0.804519	-0.67193	-0.468044	-0.214068	0.0853974	0.432933	0.794204	1.13932	1.42459	1.60243	1.65631	1.5848	1.41701	1.20184	0.980605	0.77625	0.597153	0.454448	0.34848	0.281138	0.267735	0.294001	0.32775	0.357531	0.375455	0.368512	0.326851	0.25067	0.162407	0.085941	0.0251683	-0.0151597	-0.029735	-0.0361213	-0.0558541	-0.0844119	-0.101432	-0.0976111	-0.0858066	-0.0858066	
-0.347142	-0.347197	-0.359301	-0.399409	-0.468475	-0.550344	-0.63006	-0.700022	-0.735923	-0.716721	-0.628461	-0.468044	-0.251637	0.00563014	0.310375	0.64827	0.99431	1.32773	1.59612	1.76139	1.81168	1.74583	1.59024	1.37978	1.14975	0.92726	0.72553	0.550135	0.396149	0.276922	0.214402	0.194791	0.195909	0.209114	0.220925	0.219194	0.194717	0.142116	0.0741981	0.00876514	-0.0431635	-0.0697921	-0.0720019	-0.0697222	-0.0776638	-0.0942119	-0.107827	-0.106376	-0.0957479	-0.0957479	
-0.201099	-0.19332	-0.20916	-0.252757	-0.321967	-0.398408	-0.46936	-0.524737	-0.540657	-0.499542	-0.387255	-0.214068	0.00563014	0.266375	0.56428	0.886527	1.21676	1.52245	1.7574	1.90193	1.94514	1.88177	1.72792	1.51284	1.27211	1.02827	0.796224	0.583566	0.387479	0.226601	0.120508	0.0615653	0.0420976	0.0506613	0.0655717	0.0765229	0.0758101	0.0528198	0.0087611	-0.0449111	-0.0884324	-0.10454	-0.10078	-0.0953845	-0.0937305	-0.0982352	-0.108433	-0.111556	-0.105315	-0.105315	
0.02114	0.0315427	0.0117818	-0.0344645	-0.106573	-0.178038	-0.244091	-0.288336	-0.288593	-0.225609	-0.0967069	0.0853974	0.310375	0.56428	0.848138	1.14882	1.44355	1.70406	1.89877	2.01608	2.04048	1.96479	1.80658	1.58919	1.33414	1.06492	0.807878	0.566906	0.33841	0.146049	0.00694241	-0.0784636	-0.107868	-0.0985019	-0.076146	-0.0486761	-0.0239382	-0.0170388	-0.0375218	-0.0791391	-0.11456	-0.124268	-0.120614	-0.116004	-0.106692	-0.0998193	-0.105956	-0.114351	-0.114877	-0.114877	
0.287216	0.293652	0.272031	0.218558	0.147916	0.0822972	0.0241266	-0.00455555	0.0171629	0.101587	0.243538	0.432933	0.64827	0.886527	1.14882	1.41039	1.65885	1.86665	2.00931	2.08203	2.07076	1.98025	1.82217	1.60003	1.3328	1.05205	0.779476	0.515231	0.268383	0.0615386	-0.0989209	-0.202642	-0.238061	-0.226716	-0.195431	-0.15195	-0.105127	-0.0721252	-0.0707959	-0.0990681	-0.126151	-0.133795	-0.134854	-0.132862	-0.117909	-0.101574	-0.102888	-0.115625	-0.123833	-0.123833	
0.546936	0.554783	0.533391	0.480177	0.420667	0.366057	0.322139	0.314324	0.3578	0.457645	0.610174	0.794204	0.99431	1.21676	1.44355	1.65885	1.85114	1.98733	2.06308	2.08081	2.03674	1.93795	1.77728	1.55524	1.29191	1.00977	0.727791	0.456126	0.208684	-0.00532837	-0.182165	-0.297217	-0.337437	-0.327568	-0.290578	-0.235028	-0.171582	-0.118128	-0.0972988	-0.109928	-0.12792	-0.137193	-0.14535	-0.145998	-0.127853	-0.105402	-0.101512	-0.11618	-0.131016	-0.131016	
0.773898	0.786744	0.766529	0.720049	0.674979	0.631983	0.606419	0.622385	0.685975	0.805125	0.964588	1.13932	1.32773	1.52245	1.70406	1.86665	1.98733	2.04737	2.0603	2.03009	1.95858	1.84763	1.68933	1.48331	1.23519	0.962876	0.686505	0.417978	0.17279	-0.0450697	-0.229462	-0.351865	-0.403205	-0.402221	-0.363829	-0.300839	-0.227387	-0.160421	-0.122304	-0.11634	-0.124356	-0.137549	-0.152656	-0.154851	-0.136535	-0.112431	-0.103713	-0.116869	-0.135183	-0.135183	
0.931888	0.945667	0.924226	0.889283	0.858374	0.830324	0.831645	0.872144	0.961099	1.0994	1.25791	1.42459	1.59612	1.7574	1.89877	2.00931	2.06308	2.0603	2.01979	1.94446	1.84614	1.73389	1.59505	1.41474	1.19236	0.940847	0.673032	0.410578	0.17318	-0.0447121	-0.234975	-0.368384	-0.438122	-0.451469	-0.416742	-0.352859	-0.276744	-0.202689	-0.148857	-0.122218	-0.119896	-0.136989	-0.156417	-0.158924	-0.143871	-0.122898	-0.110615	-0.118547	-0.135551	-0.135551	
0.994635	1.00099	0.978995	0.955914	0.93384	0.925533	0.950315	1.0135	1.12888	1.27801	1.43733	1.60243	1.76139	1.90193	2.01608	2.08203	2.08081	2.03009	1.94446	1.83525	1.73325	1.63756	1.52106	1.37068	1.18143	0.952686	0.699904	0.451998	0.218294	-0.00612368	-0.201832	-0.34814	-0.44198	-0.47555	-0.45176	-0.394333	-0.321803	-0.24564	-0.178112	-0.131332	-0.118718	-0.136576	-0.155974	-0.158391	-0.149907	-0.136074	-0.122218	-0.121921	-0.132301	-0.132301	
0.952222	0.941035	0.916225	0.892834	0.876324	0.884046	0.926279	1.01635	1.1551	1.31586	1.48611	1.65631	1.81168	1.94514	2.04048	2.07076	2.03674	1.95858	1.84614	1.73325	1.64565	1.56305	1.47142	1.36146	1.21061	1.01136	0.780261	0.540104	0.300722	0.0724455	-0.126903	-0.292836	-0.416204	-0.474373	-0.469261	-0.425752	-0.362184	-0.287952	-0.210181	-0.146936	-0.12395	-0.136591	-0.151223	-0.154374	-0.154787	-0.150319	-0.137217	-0.127365	-0.126878	-0.126878	
0.800958	0.770132	0.734631	0.706039	0.694903	0.713768	0.776795	0.893222	1.0504	1.22521	1.40841	1.5848	1.74583	1.88177	1.96479	1.98025	1.93795	1.84763	1.73389	1.63756	1.56305	1.50166	1.45379	1.39095	1.27917	1.11127	0.900569	0.667764	0.427305	0.19556	-0.0156136	-0.206097	-0.357948	-0.444549	-0.467284	-0.445387	-0.395609	-0.326741	-0.244093	-0.170944	-0.137135	-0.137164	-0.143252	-0.148741	-0.158582	-0.163379	-0.15315	-0.134776	-0.121923	-0.121923	
0.564372	0.514366	0.46646	0.435626	0.427067	0.459338	0.542988	0.680064	0.85132	1.03872	1.23192	1.41701	1.59024	1.72792	1.80658	1.82217	1.77728	1.68933	1.59505	1.52106	1.47142	1.45379	1.45519	1.43323	1.36108	1.23324	1.05486	0.835681	0.59256	0.353793	0.129351	-0.0836928	-0.263141	-0.383183	-0.441881	-0.448912	-0.417586	-0.357714	-0.277967	-0.203231	-0.157789	-0.138781	-0.13455	-0.143599	-0.161094	-0.172875	-0.16693	-0.143579	-0.120724	-0.120724	
0.274507	0.207647	0.155332	0.122924	0.122454	0.171771	0.275073	0.43016	0.611399	0.80847	1.00733	1.20184	1.37978	1.51284	1.58919	1.60003	1.55524	1.48331	1.41474	1.37068	1.36146	1.39095	1.43323	1.45401	1.43701	1.36513	1.22367	1.01851	0.782473	0.546161	0.308283	0.073134	-0.130599	-0.285816	-0.387183	-0.429833	-0.42132	-0.375989	-0.30914	-0.240546	-0.183079	-0.142696	-0.128681	-0.140571	-0.161737	-0.176894	-0.175711	-0.152883	-0.126227	-0.126227	
-0.0356956	-0.10949	-0.161404	-0.190001	-0.173434	-0.105671	0.02083	0.18932	0.379028	0.58151	0.782983	0.980605	1.14975	1.27211	1.33414	1.3328	1.29191	1.23519	1.19236	1.18143	1.21061	1.27917	1.36108	1.43701	1.48537	1.4676	1.3663	1.19781	0.990769	0.758675	0.507528	0.262174	0.0417388	-0.151121	-0.298274	-0.379032	-0.398861	-0.377388	-0.333057	-0.275567	-0.20853	-0.150937	-0.129054	-0.140083	-0.159664	-0.17455	-0.177813	-0.161754	-0.139818	-0.139818	
-0.329175	-0.401658	-0.451351	-0.465326	-0.429225	-0.337121	-0.188589	-0.0109313	0.186202	0.387699	0.588359	0.77625	0.92726	1.02827	1.06492	1.05205	1.00977	0.962876	0.940847	0.952686	1.01136	1.11127	1.23324	1.36513	1.4676	1.5028	1.46482	1.35624	1.18382	0.962225	0.718753	0.479169	0.243299	0.0161614	-0.168784	-0.28777	-0.345082	-0.357615	-0.34143	-0.298217	-0.22952	-0.16491	-0.136989	-0.141182	-0.154213	-0.166254	-0.17334	-0.169446	-0.160315	-0.160315	
-0.562526	-0.631359	-0.672217	-0.667876	-0.611903	-0.495312	-0.336361	-0.154061	0.0408654	0.235661	0.42844	0.597153	0.72553	0.796224	0.807878	0.779476	0.727791	0.686505	0.673032	0.699904	0.780261	0.900569	1.05486	1.22367	1.3663	1.46482	1.50103	1.45366	1.32661	1.14107	0.926509	0.698771	0.45521	0.212216	0.00232264	-0.155966	-0.257695	-0.30982	-0.323883	-0.299158	-0.241545	-0.182863	-0.150345	-0.142051	-0.145273	-0.153509	-0.164176	-0.175426	-0.1836	-0.1836	
-0.703955	-0.767993	-0.796248	-0.777261	-0.701739	-0.572388	-0.412594	-0.233239	-0.0494858	0.135978	0.311089	0.454448	0.550135	0.583566	0.566906	0.515231	0.456126	0.417978	0.410578	0.451998	0.540104	0.667764	0.835681	1.01851	1.19781	1.35624	1.45366	1.46923	1.40445	1.27199	1.09791	0.893221	0.661295	0.423568	0.201015	0.00893637	-0.135463	-0.227802	-0.272581	-0.271877	-0.239298	-0.198482	-0.163479	-0.140482	-0.133248	-0.138373	-0.153206	-0.179044	-0.2032	-0.2032	
-0.760185	-0.812839	-0.824976	-0.786843	-0.691925	-0.557066	-0.399	-0.231459	-0.0633863	0.101939	0.244545	0.34848	0.396149	0.387479	0.33841	0.268383	0.208684	0.17279	0.17318	0.218294	0.300722	0.427305	0.59256	0.782473	0.990769	1.18382	1.32661	1.40445	1.40435	1.33427	1.21168	1.04052	0.837616	0.624503	0.405489	0.193796	0.016203	-0.111143	-0.184691	-0.213783	-0.217092	-0.20161	-0.168101	-0.134	-0.118755	-0.122728	-0.14276	-0.178828	-0.211834	-0.211834	
-0.749001	-0.779337	-0.766279	-0.700684	-0.588764	-0.450338	-0.300029	-0.150768	-0.00430256	0.127566	0.227828	0.281138	0.276922	0.226601	0.146049	0.0615386	-0.00532837	-0.0450697	-0.0447121	-0.00612368	0.0724455	0.19556	0.353793	0.546161	0.758675	0.962225	1.14107	1.27199	1.33427	1.32833	1.25267	1.12077	0.965177	0.791019	0.58883	0.376194	0.183614	0.0338503	-0.0651604	-0.128385	-0.17017	-0.180646	-0.155345	-0.120002	-0.102052	-0.107279	-0.132748	-0.1718	-0.203391	-0.203391	
-0.692833	-0.694826	-0.650354	-0.557482	-0.432086	-0.291899	-0.151519	-0.0164555	0.108552	0.20766	0.265928	0.267735	0.214402	0.120508	0.00694241	-0.0989209	-0.182165	-0.229462	-0.234975	-0.201832	-0.126903	-0.0156136	0.129351	0.308283	0.507528	0.718753	0.926509	1.09791	1.21168	1.25267	1.2187	1.14086	1.03842	0.898812	0.723544	0.533681	0.348999	0.191228	0.0703839	-0.0247779	-0.0959945	-0.127443	-0.119272	-0.0958526	-0.0821167	-0.0905826	-0.119457	-0.153282	-0.174449	-0.174449	
-0.62317	-0.592673	-0.514187	-0.396056	-0.257088	-0.114096	0.0227267	0.150216	0.256602	0.325856	0.341135	0.294001	0.194791	0.0615653	-0.0784636	-0.202642	-0.297217	-0.351865	-0.368384	-0.34814	-0.292836	-0.206097	-0.0836928	0.073134	0.262174	0.479169	0.698771	0.893221	1.04052	1.12077	1.14086	1.11788	1.04815	0.936014	0.801789	0.651504	0.489782	0.335801	0.200483	0.0857855	0.00219843	-0.0435739	-0.0598514	-0.0589757	-0.0561336	-0.0686469	-0.0958008	-0.117565	-0.124525	-0.124525	
-0.548303	-0.479782	-0.367088	-0.226252	-0.0764842	0.0682427	0.202718	0.319871	0.404871	0.441077	0.414521	0.32775	0.195909	0.0420976	-0.107868	-0.238061	-0.337437	-0.403205	-0.438122	-0.44198	-0.416204	-0.357948	-0.263141	-0.130599	0.0417388	0.243299	0.45521	0.661295	0.837616	0.965177	1.03842	1.04815	0.999553	0.922776	0.831872	0.718472	0.585447	0.444646	0.306806	0.191305	0.111577	0.0571472	0.0163103	-0.0080615	-0.0202379	-0.0354126	-0.0533092	-0.0594882	-0.0549091	-0.0549091	
-0.469676	-0.363104	-0.22166	-0.0650591	0.089593	0.233856	0.363244	0.466582	0.528	0.531386	0.471216	0.357531	0.209114	0.0506613	-0.0985019	-0.226716	-0.327568	-0.402221	-0.451469	-0.47555	-0.474373	-0.444549	-0.383183	-0.285816	-0.151121	0.0161614	0.212216	0.423568	0.624503	0.791019	0.898812	0.936014	0.922776	0.883113	0.820057	0.734692	0.630379	0.506606	0.379813	0.279997	0.211302	0.152779	0.0970829	0.0544973	0.0287969	0.0157197	0.0144466	0.0234476	0.0331883	0.0331883	
-0.39996	-0.26166	-0.0999501	0.0657099	0.223262	0.367899	0.492067	0.58141	0.618941	0.59306	0.506924	0.375455	0.220925	0.0655717	-0.076146	-0.195431	-0.290578	-0.363829	-0.416742	-0.45176	-0.469261	-0.467284	-0.441881	-0.387183	-0.298274	-0.168784	0.00232264	0.201015	0.405489	0.58883	0.723544	0.801789	0.831872	0.820057	0.776905	0.714736	0.630716	0.525021	0.421928	0.342473	0.280289	0.222321	0.167583	0.121204	0.0918195	0.0890206	0.108151	0.129396	0.139633	0.139633	
-0.332982	-0.17406	-0.00305893	0.164596	0.322096	0.464224	0.579294	0.650445	0.662353	0.611109	0.506755	0.368512	0.219194	0.0765229	-0.0486761	-0.15195	-0.235028	-0.300839	-0.352859	-0.394333	-0.425752	-0.445387	-0.448912	-0.429833	-0.379032	-0.28777	-0.155966	0.00893637	0.193796	0.376194	0.533681	0.651504	0.718472	0.734692	0.714736	0.668232	0.598042	0.51769	0.442401	0.3728	0.308163	0.255525	0.214892	0.181597	0.166028	0.182719	0.220825	0.251869	0.263902	0.263902	
-0.245405	-0.0799699	0.0877521	0.248265	0.397296	0.526627	0.621238	0.664454	0.647055	0.573544	0.459651	0.326851	0.194717	0.0758101	-0.0239382	-0.105127	-0.171582	-0.227387	-0.276744	-0.321803	-0.362184	-0.395609	-0.417586	-0.42132	-0.398861	-0.345082	-0.257695	-0.135463	0.016203	0.183614	0.348999	0.489782	0.585447	0.630379	0.630716	0.598042	0.550941	0.501883	0.443941	0.371713	0.302684	0.25694	0.234077	0.228038	0.244489	0.286665	0.339402	0.380825	0.401029	0.401029	
-0.123583	0.0372407	0.193131	0.339003	0.469454	0.572532	0.632156	0.636223	0.584532	0.489558	0.371374	0.25067	0.142116	0.0528198	-0.0170388	-0.0721252	-0.118128	-0.160421	-0.202689	-0.24564	-0.287952	-0.326741	-0.357714	-0.375989	-0.377388	-0.357615	-0.30982	-0.227802	-0.111143	0.0338503	0.191228	0.335801	0.444646	0.506606	0.525021	0.51769	0.501883	0.474302	0.421785	0.350058	0.283389	0.241667	0.23352	0.261181	0.317102	0.384422	0.449247	0.503925	0.537502	0.537502	
0.022372	0.171861	0.312344	0.439431	0.544007	0.61136	0.627771	0.588982	0.503818	0.390736	0.271148	0.162407	0.0741981	0.0087611	-0.0375218	-0.0707959	-0.0972988	-0.122304	-0.148857	-0.178112	-0.210181	-0.244093	-0.277967	-0.30914	-0.333057	-0.34143	-0.323883	-0.272581	-0.184691	-0.0651604	0.0703839	0.200483	0.306806	0.379813	0.421928	0.442401	0.443941	0.421785	0.377234	0.320821	0.265338	0.228635	0.233902	0.289283	0.374216	0.460587	0.538445	0.606863	0.651335	0.651335	
0.168164	0.303141	0.427966	0.535176	0.611272	0.641141	0.616421	0.541183	0.43086	0.306342	0.18703	0.085941	0.00876514	-0.0449111	-0.0791391	-0.0990681	-0.109928	-0.11634	-0.122218	-0.131332	-0.146936	-0.170944	-0.203231	-0.240546	-0.275567	-0.298217	-0.299158	-0.271877	-0.213783	-0.128385	-0.0247779	0.0857855	0.191305	0.279997	0.342473	0.3728	0.371713	0.350058	0.320821	0.287781	0.253281	0.234511	0.255464	0.321141	0.412732	0.508752	0.59857	0.673728	0.718671	0.718671	
0.308209	0.427992	0.536423	0.620784	0.664762	0.656197	0.594114	0.489988	0.363163	0.234044	0.118421	0.0251683	-0.0431635	-0.0884324	-0.11456	-0.126151	-0.12792	-0.124356	-0.119896	-0.118718	-0.12395	-0.137135	-0.157789	-0.183079	-0.20853	-0.22952	-0.241545	-0.239298	-0.217092	-0.17017	-0.0959945	0.00219843	0.111577	0.211302	0.280289	0.308163	0.302684	0.283389	0.265338	0.253281	0.250767	0.265131	0.301554	0.360228	0.439385	0.532467	0.622773	0.690141	0.724043	0.724043	
0.448968	0.548581	0.632833	0.684791	0.689189	0.640349	0.545468	0.421635	0.289332	0.16614	0.0631925	-0.0151597	-0.0697921	-0.10454	-0.124268	-0.133795	-0.137193	-0.137549	-0.136989	-0.136576	-0.136591	-0.137164	-0.138781	-0.142696	-0.150937	-0.16491	-0.182863	-0.198482	-0.20161	-0.180646	-0.127443	-0.0435739	0.0571472	0.152779	0.222321	0.255525	0.25694	0.241667	0.228635	0.234511	0.265131	0.310751	0.357377	0.404676	0.46417	0.537335	0.605854	0.649829	0.667327	0.667327	
0.580688	0.64848	0.695654	0.705188	0.66717	0.58397	0.469116	0.341548	0.219038	0.113732	0.0309254	-0.029735	-0.0720019	-0.10078	-0.120614	-0.134854	-0.14535	-0.152656	-0.156417	-0.155974	-0.151223	-0.143252	-0.13455	-0.128681	-0.129054	-0.136989	-0.150345	-0.163479	-0.168101	-0.155345	-0.119272	-0.0598514	0.0163103	0.0970829	0.167583	0.214892	0.234077	0.23352	0.233902	0.255464	0.301554	0.357377	0.407197	0.448597	0.487129	0.522797	0.548496	0.560188	0.56255	0.56255	
0.704234	0.728055	0.726726	0.688077	0.610087	0.501994	0.379949	0.260645	0.156304	0.0726692	0.00972997	-0.0361213	-0.0697222	-0.0953845	-0.116004	-0.132862	-0.145998	-0.154851	-0.158924	-0.158391	-0.154374	-0.148741	-0.143599	-0.140571	-0.140083	-0.141182	-0.142051	-0.140482	-0.134	-0.120002	-0.0958526	-0.0589757	-0.0080615	0.0544973	0.121204	0.181597	0.228038	0.261181	0.289283	0.321141	0.360228	0.404676	0.448597	0.481907	0.494106	0.483452	0.460773	0.440695	0.430575	0.430575	
0.84178	0.812547	0.754132	0.663142	0.545865	0.415969	0.289077	0.177665	0.0883938	0.0221393	-0.0242702	-0.0558541	-0.0776638	-0.0937305	-0.106692	-0.117909	-0.127853	-0.136535	-0.143871	-0.149907	-0.154787	-0.158582	-0.161094	-0.161737	-0.159664	-0.154213	-0.145273	-0.133248	-0.118755	-0.102052	-0.0821167	-0.0561336	-0.0202379	0.0287969	0.0918195	0.166028	0.244489	0.317102	0.374216	0.412732	0.439385	0.46417	0.487129	0.494106	0.470341	0.418381	0.358977	0.313963	0.292023	0.292023	
0.986439	0.899702	0.781736	0.639909	0.487482	0.339644	0.209084	0.103308	0.0242905	-0.0302005	-0.0646997	-0.0844119	-0.0942119	-0.0982352	-0.0998193	-0.101574	-0.105402	-0.112431	-0.122898	-0.136074	-0.150319	-0.163379	-0.172875	-0.176894	-0.17455	-0.166254	-0.153509	-0.138373	-0.122728	-0.107279	-0.0905826	-0.0686469	-0.0354126	0.0157197	0.0890206	0.182719	0.286665	0.384422	0.460587	0.508752	0.532467	0.537335	0.522797	0.483452	0.418381	0.337464	0.258103	0.196863	0.164125	0.164125	
1.10096	0.959627	0.789339	0.607866	0.432969	0.278514	0.152324	0.0562379	-0.0122635	-0.057954	-0.0860996	-0.101432	-0.107827	-0.108433	-0.105956	-0.102888	-0.101512	-0.103713	-0.110615	-0.122218	-0.137217	-0.15315	-0.16693	-0.175711	-0.177813	-0.17334	-0.164176	-0.153206	-0.14276	-0.132748	-0.119457	-0.0958008	-0.0533092	0.0144466	0.108151	0.220825	0.339402	0.449247	0.538445	0.59857	0.622773	0.605854	0.548496	0.460773	0.358977	0.258103	0.168441	0.0989146	0.0600008	0.0600008	
1.17032	0.984707	0.775149	0.56756	0.382041	0.229981	0.114299	0.0317521	-0.0240982	-0.0603795	-0.0833234	-0.0976111	-0.106376	-0.111556	-0.114351	-0.115625	-0.11618	-0.116869	-0.118547	-0.121921	-0.127365	-0.134776	-0.143579	-0.152883	-0.161754	-0.169446	-0.175426	-0.179044	-0.178828	-0.1718	-0.153282	-0.117565	-0.0594882	0.0234476	0.129396	0.251869	0.380825	0.503925	0.606863	0.673728	0.690141	0.649829	0.560188	0.440695	0.313963	0.196863	0.0989146	0.0268655	-0.0119918	-0.0119918	
1.2032	0.991565	0.759654	0.537936	0.34758	0.19839	0.0904932	0.0178434	-0.0282191	-0.0563567	-0.0737942	-0.0858066	-0.0957479	-0.105315	-0.114877	-0.123833	-0.131016	-0.135183	-0.135551	-0.132301	-0.126878	-0.121923	-0.120724	-0.126227	-0.139818	-0.160315	-0.1836	-0.2032	-0.211834	-0.203391	-0.174449	-0.124525	-0.0549091	0.0331883	0.139633	0.263902	0.401029	0.537502	0.651335	0.718671	0.724043	0.667327	0.56255	0.430575	0.292023	0.164125	0.0600008	-0.0119918	-0.0482968	-0.0482968	
1.2032	0.991565	0.759654	0.537936	0.34758	0.19839	0.0904932	0.0178434	-0.0282191	-0.0563567	-0.0737942	-0.0858066	-0.0957479	-0.105315	-0.114877	-0.123833	-0.131016	-0.135183	-0.135551	-0.132301	-0.126878	-0.121923	-0.120724	-0.126227	-0.139818	-0.160315	-0.1836	-0.2032	-0.211834	-0.203391	-0.174449	-0.124525	-0.0549091	0.0331883	0.139633	0.263902	0.401029	0.537502	0.651335	0.718671	0.724043	0.667327	0.56255	0.430575	0.292023	0.164125	0.0600008	-0.0119918	-0.0482968	-0.0482968	
