-0.514188	-0.514188	-0.500742	-0.460216	-0.386697	-0.306814	-0.253711	-0.245716	-0.276956	-0.340243	-0.426604	-0.541522	-0.671545	-0.784724	-0.872422	-0.938206	-0.955386	-0.890589	-0.752421	-0.537606	-0.256862	0.057404	0.371601	0.679986	0.971293	1.22734	1.4227	1.52998	1.54824	1.49621	1.40654	1.29365	1.13092	0.916285	0.68258	0.463304	0.269254	0.109835	-0.0233483	-0.141893	-0.240191	-0.317844	-0.379131	-0.417215	-0.40658	-0.348389	-0.280864	-0.226426	-0.198341	-0.206543	
-0.514188	-0.514188	-0.500742	-0.460216	-0.386697	-0.306814	-0.253711	-0.245716	-0.276956	-0.340243	-0.426604	-0.541522	-0.671545	-0.784724	-0.872422	-0.938206	-0.955386	-0.890589	-0.752421	-0.537606	-0.256862	0.057404	0.371601	0.679986	0.971293	1.22734	1.4227	1.52998	1.54824	1.49621	1.40654	1.29365	1.13092	0.916285	0.68258	0.463304	0.269254	0.109835	-0.0233483	-0.141893	-0.240191	-0.317844	-0.379131	-0.417215	-0.40658	-0.348389	-0.280864	-0.226426	-0.198341	-0.206543	
-0.500742	-0.500742	-0.474312	-0.430788	-0.375311	-0.321364	-0.281984	-0.277602	-0.311655	-0.379268	-0.461817	-0.562202	-0.673354	-0.769154	-0.840956	-0.892027	-0.901745	-0.83957	-0.709166	-0.502815	-0.231235	0.0705199	0.373995	0.675953	0.961236	1.20105	1.3704	1.45507	1.46662	1.42038	1.3368	1.22551	1.07116	0.879729	0.677767	0.482308	0.29764	0.138996	0.00726804	-0.109383	-0.207965	-0.287731	-0.350794	-0.392206	-0.39157	-0.347096	-0.292327	-0.24797	-0.228415	-0.240774	
-0.460216	-0.460216	-0.430788	-0.393184	-0.363594	-0.344637	-0.33553	-0.34373	-0.379645	-0.44163	-0.514114	-0.595462	-0.67982	-0.745573	-0.786379	-0.810075	-0.801245	-0.733985	-0.608878	-0.414807	-0.163659	0.113657	0.392895	0.676566	0.941319	1.15023	1.27969	1.33345	1.33591	1.29798	1.22295	1.11653	0.975449	0.818102	0.662046	0.505833	0.342294	0.192616	0.0665876	-0.0429711	-0.138175	-0.218731	-0.284811	-0.334418	-0.350086	-0.331673	-0.301892	-0.275917	-0.267974	-0.285257	
-0.386697	-0.386697	-0.375311	-0.363594	-0.360446	-0.376203	-0.402351	-0.434286	-0.46764	-0.512337	-0.564944	-0.628062	-0.688464	-0.721101	-0.723747	-0.70773	-0.665024	-0.576127	-0.446126	-0.267731	-0.046189	0.192894	0.434101	0.676332	0.897838	1.06168	1.15294	1.18312	1.17991	1.14793	1.08335	0.987827	0.866899	0.742517	0.630099	0.516726	0.388105	0.261028	0.150451	0.0513291	-0.0356308	-0.112583	-0.183352	-0.245995	-0.285491	-0.295777	-0.297936	-0.299221	-0.303693	-0.317121	
-0.306814	-0.306814	-0.321364	-0.344637	-0.376203	-0.420548	-0.476055	-0.524768	-0.557439	-0.580406	-0.608191	-0.64978	-0.688633	-0.692273	-0.65488	-0.593301	-0.506165	-0.38524	-0.244659	-0.0815942	0.10109	0.290767	0.472404	0.64913	0.804523	0.918607	0.982189	1.00272	0.996431	0.967855	0.916997	0.847631	0.757659	0.66374	0.581435	0.505351	0.418714	0.32898	0.242665	0.161181	0.0861156	0.0127051	-0.0656441	-0.147748	-0.211911	-0.255212	-0.289726	-0.314894	-0.329213	-0.344303	
-0.253711	-0.253711	-0.281984	-0.33553	-0.402351	-0.476055	-0.54463	-0.600539	-0.630695	-0.641476	-0.646263	-0.662022	-0.673024	-0.643293	-0.56631	-0.460774	-0.333823	-0.184463	-0.0316613	0.117254	0.260599	0.386727	0.491883	0.583513	0.665001	0.73	0.773531	0.78814	0.777819	0.750757	0.72138	0.691583	0.645712	0.583473	0.524125	0.476072	0.431566	0.386046	0.335817	0.275899	0.211291	0.138215	0.0476382	-0.0540598	-0.145038	-0.212398	-0.269119	-0.313565	-0.341557	-0.363912	
-0.245716	-0.245716	-0.277602	-0.34373	-0.434286	-0.524768	-0.600539	-0.653558	-0.683616	-0.688884	-0.677891	-0.660573	-0.628446	-0.556821	-0.442527	-0.303994	-0.149632	0.0162457	0.171973	0.305781	0.407432	0.469898	0.493958	0.50352	0.514421	0.53415	0.555057	0.561951	0.549133	0.529417	0.523038	0.53099	0.526157	0.497249	0.462359	0.441444	0.433664	0.431083	0.417731	0.384617	0.331724	0.256884	0.158399	0.0419632	-0.06602	-0.154676	-0.225331	-0.279811	-0.324584	-0.372849	
-0.276956	-0.276956	-0.311655	-0.379645	-0.46764	-0.557439	-0.630695	-0.683616	-0.71401	-0.718941	-0.690095	-0.629937	-0.543164	-0.427908	-0.285816	-0.12546	0.0443682	0.210447	0.352687	0.45772	0.517842	0.522151	0.480722	0.422307	0.376362	0.352627	0.346354	0.342219	0.33474	0.331827	0.347481	0.378599	0.402163	0.407186	0.406457	0.415033	0.4362	0.463446	0.481881	0.472498	0.429158	0.354806	0.252204	0.134179	0.0200991	-0.0715383	-0.143925	-0.206705	-0.271561	-0.342991	
-0.340243	-0.340243	-0.379268	-0.44163	-0.512337	-0.580406	-0.641476	-0.688884	-0.718941	-0.715017	-0.66029	-0.553655	-0.415997	-0.263401	-0.100986	0.0680169	0.233171	0.378627	0.48822	0.554013	0.56664	0.520151	0.426912	0.324185	0.241515	0.18799	0.156034	0.141437	0.143496	0.164281	0.20223	0.248364	0.290559	0.32437	0.35608	0.390394	0.429069	0.472944	0.509783	0.520027	0.489896	0.41933	0.320438	0.208109	0.106762	0.0263861	-0.0379535	-0.104047	-0.186429	-0.283889	
-0.426604	-0.426604	-0.461817	-0.514114	-0.564944	-0.608191	-0.646263	-0.677891	-0.690095	-0.66029	-0.573805	-0.43481	-0.262238	-0.0767284	0.104005	0.265146	0.400244	0.503895	0.571832	0.590974	0.553631	0.458509	0.330088	0.203578	0.105933	0.0353408	-0.0142012	-0.0375248	-0.0261445	0.0173919	0.0772919	0.138157	0.193992	0.24915	0.304311	0.354711	0.401554	0.448524	0.492486	0.515877	0.501116	0.448454	0.366523	0.277583	0.199227	0.138461	0.080258	0.0039319	-0.0950799	-0.205119	
-0.541522	-0.541522	-0.562202	-0.595462	-0.628062	-0.64978	-0.662022	-0.660573	-0.629937	-0.553655	-0.43481	-0.27722	-0.0848926	0.124835	0.314038	0.455549	0.546717	0.59684	0.609018	0.572566	0.484222	0.355558	0.211932	0.079216	-0.0276979	-0.108394	-0.164942	-0.184024	-0.159521	-0.0978803	-0.0205718	0.0522287	0.119382	0.18583	0.251105	0.308002	0.355076	0.395251	0.430262	0.45745	0.466529	0.449248	0.407654	0.355146	0.306617	0.259218	0.198151	0.110885	0.00101745	-0.12085	
-0.671545	-0.671545	-0.673354	-0.67982	-0.688464	-0.688633	-0.673024	-0.628446	-0.543164	-0.415997	-0.262238	-0.0848926	0.117885	0.325802	0.502737	0.62093	0.67356	0.662714	0.604732	0.504601	0.374683	0.230197	0.0887327	-0.0449465	-0.158703	-0.244275	-0.292755	-0.295653	-0.254942	-0.179677	-0.0903037	-0.00395494	0.0730686	0.143584	0.205538	0.25552	0.295171	0.3229	0.346294	0.373394	0.398765	0.417144	0.421439	0.417528	0.402774	0.370102	0.313168	0.227458	0.117799	-0.00959929	
-0.784724	-0.784724	-0.769154	-0.745573	-0.721101	-0.692273	-0.643293	-0.556821	-0.427908	-0.263401	-0.0767284	0.124835	0.325802	0.506382	0.649693	0.740455	0.753386	0.681598	0.55717	0.404869	0.243586	0.0881724	-0.051851	-0.180914	-0.289059	-0.360634	-0.390861	-0.375242	-0.322564	-0.239087	-0.137766	-0.0368847	0.0500128	0.115582	0.160552	0.193758	0.222392	0.242618	0.257987	0.281799	0.315898	0.3557	0.394117	0.430685	0.452996	0.449015	0.415083	0.350238	0.25167	0.119864	
-0.872422	-0.872422	-0.840956	-0.786379	-0.723747	-0.65488	-0.56631	-0.442527	-0.285816	-0.100986	0.104005	0.314038	0.502737	0.649693	0.752716	0.799949	0.766482	0.647971	0.484596	0.300425	0.113137	-0.0589398	-0.20191	-0.322123	-0.408727	-0.455285	-0.463042	-0.432295	-0.370586	-0.280629	-0.17223	-0.0619527	0.0289948	0.0907778	0.12412	0.141118	0.156862	0.167487	0.176424	0.195224	0.225958	0.272479	0.331508	0.398402	0.451383	0.477153	0.477803	0.444526	0.366269	0.245998	
-0.938206	-0.938206	-0.892027	-0.810075	-0.70773	-0.593301	-0.460774	-0.303994	-0.12546	0.0680169	0.265146	0.455549	0.62093	0.740455	0.799949	0.796576	0.725061	0.586912	0.409224	0.206755	0.00235746	-0.179218	-0.322309	-0.433108	-0.503469	-0.529154	-0.519007	-0.473533	-0.402959	-0.309338	-0.200892	-0.0923739	-0.00020685	0.0669441	0.101364	0.111878	0.115408	0.113257	0.109012	0.117967	0.145477	0.194334	0.256547	0.330906	0.399105	0.453778	0.488856	0.488112	0.437938	0.348168	
-0.955386	-0.955386	-0.901745	-0.801245	-0.665024	-0.506165	-0.333823	-0.149632	0.0443682	0.233171	0.400244	0.546717	0.67356	0.753386	0.766482	0.725061	0.640273	0.503218	0.324556	0.120687	-0.080901	-0.255301	-0.390489	-0.495907	-0.559494	-0.576177	-0.55631	-0.505814	-0.432328	-0.336531	-0.230459	-0.127113	-0.0355549	0.0375126	0.0761342	0.0819067	0.0779198	0.0690961	0.0605549	0.0641397	0.0845359	0.125141	0.180795	0.24949	0.320745	0.391395	0.454868	0.485781	0.469936	0.421842	
-0.890589	-0.890589	-0.83957	-0.733985	-0.576127	-0.38524	-0.184463	0.0162457	0.210447	0.378627	0.503895	0.59684	0.662714	0.681598	0.647971	0.586912	0.503218	0.376804	0.218329	0.0403961	-0.138098	-0.295999	-0.418892	-0.517187	-0.577554	-0.592252	-0.577653	-0.537796	-0.471777	-0.377771	-0.27473	-0.175308	-0.0863117	-0.0124842	0.0265313	0.0346087	0.0354958	0.0338743	0.0292339	0.0315496	0.0443234	0.0724383	0.108021	0.161019	0.226235	0.302426	0.379163	0.437075	0.463837	0.467546	
-0.752421	-0.752421	-0.709166	-0.608878	-0.446126	-0.244659	-0.0316613	0.171973	0.352687	0.48822	0.571832	0.609018	0.604732	0.55717	0.484596	0.409224	0.324556	0.218329	0.102615	-0.0270291	-0.171708	-0.3072	-0.415496	-0.506774	-0.566783	-0.587635	-0.58677	-0.56341	-0.510841	-0.43031	-0.339245	-0.246377	-0.156728	-0.0753501	-0.0221989	0.00129993	0.0160722	0.0259482	0.0280965	0.0265076	0.0262337	0.0313498	0.0439875	0.0766612	0.125638	0.189143	0.266779	0.349794	0.422495	0.477326	
-0.537606	-0.537606	-0.502815	-0.414807	-0.267731	-0.0815942	0.117254	0.305781	0.45772	0.554013	0.590974	0.572566	0.504601	0.404869	0.300425	0.206755	0.120687	0.0403961	-0.0270291	-0.104055	-0.201081	-0.300508	-0.386918	-0.470543	-0.532602	-0.563985	-0.576531	-0.568285	-0.538411	-0.487095	-0.421308	-0.339666	-0.247615	-0.148625	-0.067498	-0.0156732	0.0217098	0.0449881	0.0493186	0.0414813	0.0227662	-0.000225626	-0.0191872	-0.00927587	0.0238714	0.0740789	0.146592	0.242807	0.346052	0.438416	
-0.256862	-0.256862	-0.231235	-0.163659	-0.046189	0.10109	0.260599	0.407432	0.517842	0.56664	0.553631	0.484222	0.374683	0.243586	0.113137	0.00235746	-0.080901	-0.138098	-0.171708	-0.201081	-0.243063	-0.293102	-0.346911	-0.410659	-0.47008	-0.510461	-0.537361	-0.549356	-0.54764	-0.527623	-0.486645	-0.42092	-0.331833	-0.220766	-0.117452	-0.0362927	0.0273071	0.0656454	0.0724182	0.054192	0.0166703	-0.0321031	-0.0725563	-0.0785588	-0.0573319	-0.0145882	0.0528389	0.147437	0.252075	0.353873	
0.057404	0.057404	0.0705199	0.113657	0.192894	0.290767	0.386727	0.469898	0.522151	0.520151	0.458509	0.355558	0.230197	0.0881724	-0.0589398	-0.179218	-0.255301	-0.295999	-0.3072	-0.300508	-0.293102	-0.292813	-0.300213	-0.334087	-0.384819	-0.435523	-0.481884	-0.519989	-0.543818	-0.545643	-0.526811	-0.479572	-0.399553	-0.289645	-0.173417	-0.0688339	0.0191758	0.0718674	0.0816964	0.0582622	0.0100247	-0.0476533	-0.0982923	-0.121003	-0.114595	-0.081875	-0.0202879	0.0640783	0.154885	0.249931	
0.371601	0.371601	0.373995	0.392895	0.434101	0.472404	0.491883	0.493958	0.480722	0.426912	0.330088	0.211932	0.0887327	-0.051851	-0.20191	-0.322309	-0.390489	-0.418892	-0.415496	-0.386918	-0.346911	-0.300213	-0.265389	-0.273071	-0.319568	-0.376652	-0.437934	-0.494055	-0.533699	-0.555414	-0.55836	-0.5265	-0.456628	-0.35022	-0.229425	-0.109775	-0.00739617	0.0582292	0.0754044	0.050819	0.00577751	-0.0451815	-0.0979428	-0.135348	-0.149706	-0.132016	-0.0834728	-0.0153556	0.0550346	0.134345	
0.679986	0.679986	0.675953	0.676566	0.676332	0.64913	0.583513	0.50352	0.422307	0.324185	0.203578	0.079216	-0.0449465	-0.180914	-0.322123	-0.433108	-0.495907	-0.517187	-0.506774	-0.470543	-0.410659	-0.334087	-0.273071	-0.269397	-0.308903	-0.361593	-0.42004	-0.47787	-0.528613	-0.569568	-0.589014	-0.569084	-0.506738	-0.406376	-0.284255	-0.164838	-0.0560126	0.0236885	0.0502615	0.0292856	-0.00835849	-0.0466496	-0.0882218	-0.130268	-0.159105	-0.162583	-0.137958	-0.0992763	-0.0556603	0.00195537	
0.971293	0.971293	0.961236	0.941319	0.897838	0.804523	0.665001	0.514421	0.376362	0.241515	0.105933	-0.0276979	-0.158703	-0.289059	-0.408727	-0.503469	-0.559494	-0.577554	-0.566783	-0.532602	-0.47008	-0.384819	-0.319568	-0.308903	-0.337522	-0.374623	-0.417894	-0.470941	-0.52909	-0.580313	-0.606423	-0.593188	-0.538066	-0.440071	-0.326314	-0.213889	-0.103853	-0.0164468	0.01993	0.0113633	-0.0115008	-0.0357119	-0.0665784	-0.103475	-0.141295	-0.16836	-0.181557	-0.180434	-0.164341	-0.12982	
1.22734	1.22734	1.20105	1.15023	1.06168	0.918607	0.73	0.53415	0.352627	0.18799	0.0353408	-0.108394	-0.244275	-0.360634	-0.455285	-0.529154	-0.576177	-0.592252	-0.587635	-0.563985	-0.510461	-0.435523	-0.376652	-0.361593	-0.374623	-0.392677	-0.421029	-0.468858	-0.527148	-0.577635	-0.605269	-0.598288	-0.54356	-0.452923	-0.352505	-0.253624	-0.150587	-0.059172	-0.00266208	0.016832	0.0156868	0.00539122	-0.0165063	-0.0593967	-0.111949	-0.167113	-0.218553	-0.25397	-0.265037	-0.253823	
1.4227	1.4227	1.3704	1.27969	1.15294	0.982189	0.773531	0.555057	0.346354	0.156034	-0.0142012	-0.164942	-0.292755	-0.390861	-0.463042	-0.519007	-0.55631	-0.577653	-0.58677	-0.576531	-0.537361	-0.481884	-0.437934	-0.42004	-0.417894	-0.421029	-0.437403	-0.473902	-0.519203	-0.562704	-0.591219	-0.585812	-0.539424	-0.4675	-0.386723	-0.301051	-0.20931	-0.115112	-0.0300849	0.0276239	0.0559203	0.0594723	0.0352892	-0.0134324	-0.0791246	-0.163863	-0.252289	-0.320416	-0.360175	-0.371494	
1.52998	1.52998	1.45507	1.33345	1.18312	1.00272	0.78814	0.561951	0.342219	0.141437	-0.0375248	-0.184024	-0.295653	-0.375242	-0.432295	-0.473533	-0.505814	-0.537796	-0.56341	-0.568285	-0.549356	-0.519989	-0.494055	-0.47787	-0.470941	-0.468858	-0.473902	-0.488079	-0.512406	-0.545289	-0.56974	-0.571735	-0.54837	-0.505977	-0.44378	-0.36972	-0.282616	-0.176059	-0.0673001	0.0190991	0.0772035	0.101011	0.0857462	0.0345322	-0.0457697	-0.155301	-0.270324	-0.368162	-0.435744	-0.467071	
1.54824	1.54824	1.46662	1.33591	1.17991	0.996431	0.777819	0.549133	0.33474	0.143496	-0.0261445	-0.159521	-0.254942	-0.322564	-0.370586	-0.402959	-0.432328	-0.471777	-0.510841	-0.538411	-0.54764	-0.543818	-0.533699	-0.528613	-0.52909	-0.527148	-0.519203	-0.512406	-0.51839	-0.537957	-0.55936	-0.579579	-0.588741	-0.575088	-0.530247	-0.462439	-0.367639	-0.248386	-0.122483	-0.00709271	0.0824193	0.129554	0.131834	0.0876665	-0.00552526	-0.135921	-0.272153	-0.394953	-0.484406	-0.533676	
1.49621	1.49621	1.42038	1.29798	1.14793	0.967855	0.750757	0.529417	0.331827	0.164281	0.0173919	-0.0978803	-0.179677	-0.239087	-0.280629	-0.309338	-0.336531	-0.377771	-0.43031	-0.487095	-0.527623	-0.545643	-0.555414	-0.569568	-0.580313	-0.577635	-0.562704	-0.545289	-0.537957	-0.54715	-0.571911	-0.609273	-0.638505	-0.646248	-0.621842	-0.559154	-0.455313	-0.327119	-0.189261	-0.0520929	0.0634809	0.141964	0.170861	0.132074	0.0334726	-0.10216	-0.250504	-0.391257	-0.496577	-0.564151	
1.40654	1.40654	1.3368	1.22295	1.08335	0.916997	0.72138	0.523038	0.347481	0.20223	0.0772919	-0.0205718	-0.0903037	-0.137766	-0.17223	-0.200892	-0.230459	-0.27473	-0.339245	-0.421308	-0.486645	-0.526811	-0.55836	-0.589014	-0.606423	-0.605269	-0.591219	-0.56974	-0.55936	-0.571911	-0.602514	-0.643043	-0.676333	-0.698575	-0.690645	-0.636256	-0.538763	-0.412588	-0.266633	-0.116907	0.0164679	0.124652	0.178474	0.153818	0.0649735	-0.0644105	-0.213589	-0.359718	-0.475091	-0.553126	
1.29365	1.29365	1.22551	1.11653	0.987827	0.847631	0.691583	0.53099	0.378599	0.248364	0.138157	0.0522287	-0.00395494	-0.0368847	-0.0619527	-0.0923739	-0.127113	-0.175308	-0.246377	-0.339666	-0.42092	-0.479572	-0.5265	-0.569084	-0.593188	-0.598288	-0.585812	-0.571735	-0.579579	-0.609273	-0.643043	-0.674561	-0.702604	-0.726367	-0.726043	-0.689068	-0.609817	-0.494726	-0.355265	-0.206942	-0.0579729	0.0743501	0.145158	0.137675	0.0709857	-0.0398096	-0.171596	-0.30524	-0.418281	-0.500264	
1.13092	1.13092	1.07116	0.975449	0.866899	0.757659	0.645712	0.526157	0.402163	0.290559	0.193992	0.119382	0.0730686	0.0500128	0.0289948	-0.00020685	-0.0355549	-0.0863117	-0.156728	-0.247615	-0.331833	-0.399553	-0.456628	-0.506738	-0.538066	-0.54356	-0.539424	-0.54837	-0.588741	-0.638505	-0.676333	-0.702604	-0.720265	-0.731296	-0.735593	-0.721351	-0.668424	-0.573976	-0.452641	-0.311176	-0.156295	-0.0155827	0.0674496	0.0859046	0.0444633	-0.0389138	-0.142304	-0.254365	-0.352402	-0.425943	
0.916285	0.916285	0.879729	0.818102	0.742517	0.66374	0.583473	0.497249	0.407186	0.32437	0.24915	0.18583	0.143584	0.115582	0.0907778	0.0669441	0.0375126	-0.0124842	-0.0753501	-0.148625	-0.220766	-0.289645	-0.35022	-0.406376	-0.440071	-0.452923	-0.4675	-0.505977	-0.575088	-0.646248	-0.698575	-0.726367	-0.731296	-0.731984	-0.738198	-0.74046	-0.707717	-0.643099	-0.5497	-0.422546	-0.277722	-0.14412	-0.0489297	-0.00388456	-0.0162885	-0.0693388	-0.137534	-0.212899	-0.280383	-0.340491	
0.68258	0.68258	0.677767	0.662046	0.630099	0.581435	0.524125	0.462359	0.406457	0.35608	0.304311	0.251105	0.205538	0.160552	0.12412	0.101364	0.0761342	0.0265313	-0.0221989	-0.067498	-0.117452	-0.173417	-0.229425	-0.284255	-0.326314	-0.352505	-0.386723	-0.44378	-0.530247	-0.621842	-0.690645	-0.726043	-0.735593	-0.738198	-0.749302	-0.757275	-0.744416	-0.71057	-0.648397	-0.548846	-0.429866	-0.305899	-0.199593	-0.127541	-0.108066	-0.125926	-0.157802	-0.188951	-0.215175	-0.24777	
0.463304	0.463304	0.482308	0.505833	0.516726	0.505351	0.476072	0.441444	0.415033	0.390394	0.354711	0.308002	0.25552	0.193758	0.141118	0.111878	0.0819067	0.0346087	0.00129993	-0.0156732	-0.0362927	-0.0688339	-0.109775	-0.164838	-0.213889	-0.253624	-0.301051	-0.36972	-0.462439	-0.559154	-0.636256	-0.689068	-0.721351	-0.74046	-0.757275	-0.773536	-0.78221	-0.779879	-0.750382	-0.682981	-0.590813	-0.480637	-0.36873	-0.277261	-0.227609	-0.209749	-0.196036	-0.173612	-0.15815	-0.160667	
0.269254	0.269254	0.29764	0.342294	0.388105	0.418714	0.431566	0.433664	0.4362	0.429069	0.401554	0.355076	0.295171	0.222392	0.156862	0.115408	0.0779198	0.0354958	0.0160722	0.0217098	0.0273071	0.0191758	-0.00739617	-0.0560126	-0.103853	-0.150587	-0.20931	-0.282616	-0.367639	-0.455313	-0.538763	-0.609817	-0.668424	-0.707717	-0.744416	-0.78221	-0.815525	-0.841643	-0.840525	-0.801959	-0.729637	-0.632976	-0.529469	-0.428082	-0.351201	-0.296114	-0.237194	-0.164131	-0.103327	-0.0672611	
0.109835	0.109835	0.138996	0.192616	0.261028	0.32898	0.386046	0.431083	0.463446	0.472944	0.448524	0.395251	0.3229	0.242618	0.167487	0.113257	0.0690961	0.0338743	0.0259482	0.0449881	0.0656454	0.0718674	0.0582292	0.0236885	-0.0164468	-0.059172	-0.115112	-0.176059	-0.248386	-0.327119	-0.412588	-0.494726	-0.573976	-0.643099	-0.71057	-0.779879	-0.841643	-0.892106	-0.914429	-0.896254	-0.839898	-0.757491	-0.661597	-0.55578	-0.458389	-0.367207	-0.261197	-0.148332	-0.0523983	0.021496	
-0.0233483	-0.0233483	0.00726804	0.0665876	0.150451	0.242665	0.335817	0.417731	0.481881	0.509783	0.492486	0.430262	0.346294	0.257987	0.176424	0.109012	0.0605549	0.0292339	0.0280965	0.0493186	0.0724182	0.0816964	0.0754044	0.0502615	0.01993	-0.00266208	-0.0300849	-0.0673001	-0.122483	-0.189261	-0.266633	-0.355265	-0.452641	-0.5497	-0.648397	-0.750382	-0.840525	-0.914429	-0.961499	-0.964181	-0.922212	-0.85109	-0.762903	-0.653515	-0.538499	-0.416145	-0.277544	-0.133441	-0.0017083	0.107972	
-0.141893	-0.141893	-0.109383	-0.0429711	0.0513291	0.161181	0.275899	0.384617	0.472498	0.520027	0.515877	0.45745	0.373394	0.281799	0.195224	0.117967	0.0641397	0.0315496	0.0265076	0.0414813	0.054192	0.0582622	0.050819	0.0292856	0.0113633	0.016832	0.0276239	0.0190991	-0.00709271	-0.0520929	-0.116907	-0.206942	-0.311176	-0.422546	-0.548846	-0.682981	-0.801959	-0.896254	-0.964181	-0.988323	-0.961411	-0.900895	-0.81727	-0.714677	-0.591699	-0.448781	-0.289938	-0.123524	0.0381586	0.172825	
-0.240191	-0.240191	-0.207965	-0.138175	-0.0356308	0.0861156	0.211291	0.331724	0.429158	0.489896	0.501116	0.466529	0.398765	0.315898	0.225958	0.145477	0.0845359	0.0443234	0.0262337	0.0227662	0.0166703	0.0100247	0.00577751	-0.00835849	-0.0115008	0.0156868	0.0559203	0.0772035	0.0824193	0.0634809	0.0164679	-0.0579729	-0.156295	-0.277722	-0.429866	-0.590813	-0.729637	-0.839898	-0.922212	-0.961411	-0.946102	-0.893464	-0.822034	-0.730209	-0.611676	-0.466552	-0.298196	-0.110572	0.0700847	0.21216	
-0.317844	-0.317844	-0.287731	-0.218731	-0.112583	0.0127051	0.138215	0.256884	0.354806	0.41933	0.448454	0.449248	0.417144	0.3557	0.272479	0.194334	0.125141	0.0724383	0.0313498	-0.000225626	-0.0321031	-0.0476533	-0.0451815	-0.0466496	-0.0357119	0.00539122	0.0594723	0.101011	0.129554	0.141964	0.124652	0.0743501	-0.0155827	-0.14412	-0.305899	-0.480637	-0.632976	-0.757491	-0.85109	-0.900895	-0.893464	-0.849327	-0.786538	-0.707918	-0.594158	-0.449217	-0.272331	-0.0767582	0.0991444	0.226446	
-0.379131	-0.379131	-0.350794	-0.284811	-0.183352	-0.0656441	0.0476382	0.158399	0.252204	0.320438	0.366523	0.407654	0.421439	0.394117	0.331508	0.256547	0.180795	0.108021	0.0439875	-0.0191872	-0.0725563	-0.0982923	-0.0979428	-0.0882218	-0.0665784	-0.0165063	0.0352892	0.0857462	0.131834	0.170861	0.178474	0.145158	0.0674496	-0.0489297	-0.199593	-0.36873	-0.529469	-0.661597	-0.762903	-0.81727	-0.822034	-0.786538	-0.733098	-0.658383	-0.545765	-0.394932	-0.212878	-0.0257786	0.123316	0.221511	
-0.417215	-0.417215	-0.392206	-0.334418	-0.245995	-0.147748	-0.0540598	0.0419632	0.134179	0.208109	0.277583	0.355146	0.417528	0.430685	0.398402	0.330906	0.24949	0.161019	0.0766612	-0.00927587	-0.0785588	-0.121003	-0.135348	-0.130268	-0.103475	-0.0593967	-0.0134324	0.0345322	0.0876665	0.132074	0.153818	0.137675	0.0859046	-0.00388456	-0.127541	-0.277261	-0.428082	-0.55578	-0.653515	-0.714677	-0.730209	-0.707918	-0.658383	-0.579523	-0.46198	-0.306828	-0.127764	0.0449972	0.16849	0.231698	
-0.40658	-0.40658	-0.39157	-0.350086	-0.285491	-0.211911	-0.145038	-0.06602	0.0200991	0.106762	0.199227	0.306617	0.402774	0.452996	0.451383	0.399105	0.320745	0.226235	0.125638	0.0238714	-0.0573319	-0.114595	-0.149706	-0.159105	-0.141295	-0.111949	-0.0791246	-0.0457697	-0.00552526	0.0334726	0.0649735	0.0709857	0.0444633	-0.0162885	-0.108066	-0.227609	-0.351201	-0.458389	-0.538499	-0.591699	-0.611676	-0.594158	-0.545765	-0.46198	-0.341488	-0.189677	-0.0141133	0.141287	0.247413	0.289596	
-0.348389	-0.348389	-0.347096	-0.331673	-0.295777	-0.255212	-0.212398	-0.154676	-0.0715383	0.0263861	0.138461	0.259218	0.370102	0.449015	0.477153	0.453778	0.391395	0.302426	0.189143	0.0740789	-0.0145882	-0.081875	-0.132016	-0.162583	-0.16836	-0.167113	-0.163863	-0.155301	-0.135921	-0.10216	-0.0644105	-0.0398096	-0.0389138	-0.0693388	-0.125926	-0.209749	-0.296114	-0.367207	-0.416145	-0.448781	-0.466552	-0.449217	-0.394932	-0.306828	-0.189677	-0.041398	0.127915	0.270231	0.361886	0.388539	
-0.280864	-0.280864	-0.292327	-0.301892	-0.297936	-0.289726	-0.269119	-0.225331	-0.143925	-0.0379535	0.080258	0.198151	0.313168	0.415083	0.477803	0.488856	0.454868	0.379163	0.266779	0.146592	0.0528389	-0.0202879	-0.0834728	-0.137958	-0.181557	-0.218553	-0.252289	-0.270324	-0.272153	-0.250504	-0.213589	-0.171596	-0.142304	-0.137534	-0.157802	-0.196036	-0.237194	-0.261197	-0.277544	-0.289938	-0.298196	-0.272331	-0.212878	-0.127764	-0.0141133	0.127915	0.271474	0.39547	0.475706	0.493205	
-0.226426	-0.226426	-0.24797	-0.275917	-0.299221	-0.314894	-0.313565	-0.279811	-0.206705	-0.104047	0.0039319	0.110885	0.227458	0.350238	0.444526	0.488112	0.485781	0.437075	0.349794	0.242807	0.147437	0.0640783	-0.0153556	-0.0992763	-0.180434	-0.25397	-0.320416	-0.368162	-0.394953	-0.391257	-0.359718	-0.30524	-0.254365	-0.212899	-0.188951	-0.173612	-0.164131	-0.148332	-0.133441	-0.123524	-0.110572	-0.0767582	-0.0257786	0.0449972	0.141287	0.270231	0.39547	0.500111	0.567444	0.576925	
-0.198341	-0.198341	-0.228415	-0.267974	-0.303693	-0.329213	-0.341557	-0.324584	-0.271561	-0.186429	-0.0950799	0.00101745	0.117799	0.25167	0.366269	0.437938	0.469936	0.463837	0.422495	0.346052	0.252075	0.154885	0.0550346	-0.0556603	-0.164341	-0.265037	-0.360175	-0.435744	-0.484406	-0.496577	-0.475091	-0.418281	-0.352402	-0.280383	-0.215175	-0.15815	-0.103327	-0.0523983	-0.0017083	0.0381586	0.0700847	0.0991444	0.123316	0.16849	0.247413	0.361886	0.475706	0.567444	0.630825	0.637534	
-0.206543	-0.206543	-0.240774	-0.285257	-0.317121	-0.344303	-0.363912	-0.372849	-0.342991	-0.283889	-0.205119	-0.12085	-0.00959929	0.119864	0.245998	0.348168	0.421842	0.467546	0.477326	0.438416	0.353873	0.249931	0.134345	0.00195537	-0.12982	-0.253823	-0.371494	-0.467071	-0.533676	-0.564151	-0.553126	-0.500264	-0.425943	-0.340491	-0.24777	-0.160667	-0.0672611	0.021496	0.107972	0.172825	0.21216	0.226446	0.221511	0.231698	0.289596	0.388539	0.493205	0.576925	0.637534	0.653647	
