0	0	0	0	0	0	0	0	0	0	0	0	0	0	0	0	0	0	0	0	0	0	0	0	0	0	0	0	0	0	0	0	0	0	0	0	0	0	0	0	0	0	0	0	0	0	0	0	0	0	
0	0	0	0	0	0	0	0	0	0	0	0	0	0	0	0	0	0	0	0	0	0	0	0	0	0	0	0	0	0	0	0	0	0	0	0	0	0	0	0	0	0	0	0	0	0	0	0	0	0	
0	0	0	0	0	0	0	0	0	0	0	0	0	0	0	0	0	0	0	0	0	0	0	0	0	0	0	0	0	0	0	0	0	0	0	0	0	0	0	0	0	0	0	0	0	0	0	0	0	0	
0	0	0	0	0	0	0	0	0	0	0	0	0	0	0	0	0	0	0	0	0	0	0	0	0	0	0	0	0	0	0	0	0	0	0	0	0	0	0	0	0	0	0	0	0	0	0	0	0	0	
0	0	0	0	0	0	0	0	0	0	0	0	0	0	0	0	0	0	0	0	0	0	0	0	0	0	0	0	0	0	0	0	0	0	0	0	0	0	0	0	0	0	0	0	0	0	0	0	0	0	
0	0	0	0	0	0	0	0	0	0	0	0	0	0	0	0	0	0	0	0	0	0	0	0	0	0	0	0	0	0	0	0	0	0	0	0	0	0	0	0	0	0	0	0	0	0	0	0	0	0	
0	0	0	0	0	0	0	0	0	0	0	0	0	0	0	0	0	0	0	0	0	0	0	0	0	0	0	0	0	0	0	0	0	0	0	0	0	0	0	0	0	0	0	0	0	0	0	0	0	0	
0	0	0	0	0	0	0	0	0	0	0	0	0	0	0	0	0	0	0	0	0	0	0	0	0	0	0	0	0	0	0	0	0	0	0	0	0	0	0	0	0	0	0	0	0	0	0	0	0	0	
0	0	0	0	0	0	0	0	0	0	0	0	0	0	0	0	0	0	0	0	0	0	0	0	0	0	0	0	6.84849e-28	7.68806e-27	9.60528e-27	3.22987e-27	0	0	0	0	0	0	0	0	0	0	0	0	0	0	0	0	0	0	
0	0	0	0	0	0	0	0	0	0	0	0	0	0	0	0	0	0	0	0	0	0	0	0	0	3.40098e-29	4.99713e-26	1.64776e-25	1.90204e-24	1.77788e-23	2.21172e-23	7.69233e-24	2.41791e-25	8.89097e-26	9.60528e-27	0	0	0	0	0	0	0	0	0	0	0	0	0	0	0	
0	0	0	0	0	0	0	0	0	0	0	0	0	0	0	0	0	0	0	0	0	0	0	0	2.6135e-26	8.69462e-25	1.14916e-22	3.74593e-22	2.31398e-21	1.8024e-20	2.23068e-20	8.06746e-21	5.4343e-22	2.03562e-22	2.29892e-23	1.91852e-25	0	0	0	0	0	0	0	0	0	0	0	0	0	0	
0	0	0	0	0	0	0	0	0	0	0	0	0	0	0	0	0	0	0	0	0	0	0	3.56321e-25	6.46994e-23	1.76517e-21	1.1546e-19	3.71661e-19	1.62602e-18	1.05334e-17	1.29543e-17	4.90465e-18	5.32947e-19	2.03484e-19	2.41086e-20	4.20238e-22	1.67701e-24	0	0	0	0	0	0	0	0	0	0	0	0	0	
0	0	0	0	0	0	0	0	0	0	0	0	0	0	0	0	0	0	0	0	0	0	2.27543e-24	7.71345e-22	6.93419e-20	1.60686e-18	6.65583e-17	2.11263e-16	7.32e-16	3.92634e-15	4.79087e-15	1.91513e-15	2.99369e-16	1.16596e-16	1.45624e-17	4.00882e-19	3.41094e-21	8.75815e-24	0	0	0	0	0	0	0	0	0	0	0	0	
0	0	0	0	0	0	0	0	0	0	0	0	0	0	0	0	0	0	0	0	0	8.97887e-24	4.47172e-21	7.23097e-19	4.23242e-17	8.40296e-16	2.43076e-14	7.59288e-14	2.21156e-13	9.75845e-13	1.17891e-12	5.02932e-13	1.06291e-13	4.2273e-14	5.60245e-15	2.18598e-16	3.00361e-18	1.65016e-20	3.10471e-23	0	0	0	0	0	0	0	0	0	0	0	
0	0	0	0	0	0	0	0	0	0	0	0	0	0	0	0	0	0	0	0	2.4438e-23	1.60642e-20	3.78164e-18	3.8505e-16	1.6269e-14	2.76953e-13	5.86106e-12	1.79656e-11	4.56394e-11	1.64339e-10	1.96008e-10	9.04363e-11	2.48339e-11	1.01011e-11	1.43361e-12	7.51903e-14	1.5012e-15	1.33742e-17	5.39126e-20	7.99376e-23	0	0	0	0	0	0	0	0	0	0	
0	0	0	0	0	0	0	0	0	0	0	0	0	0	0	0	0	0	0	4.85196e-23	3.96241e-20	1.22691e-17	1.80231e-15	1.28406e-13	4.10955e-12	5.97262e-11	9.43477e-10	2.82578e-09	6.41891e-09	1.87039e-08	2.19392e-08	1.11257e-08	3.85455e-09	1.60718e-09	2.4748e-10	1.69867e-11	4.69187e-13	6.10526e-15	3.998e-17	1.27131e-19	1.55566e-22	0	0	0	0	0	0	0	0	0	
0	0	0	0	0	0	0	0	0	0	0	0	0	0	0	0	0	0	7.24613e-23	7.07258e-20	2.71629e-17	5.22974e-15	5.32629e-13	2.78864e-11	6.90659e-10	8.4889e-09	1.00308e-07	2.91562e-07	6.02837e-07	1.41238e-06	1.62108e-06	9.2002e-07	3.92066e-07	1.68206e-07	2.86461e-08	2.54549e-09	9.52685e-11	1.72674e-12	1.65558e-14	8.56329e-17	2.24911e-19	2.34405e-22	0	0	0	0	0	0	0	0	
0	0	0	0	0	0	0	0	0	0	0	0	0	0	0	0	0	8.26923e-23	9.39165e-20	4.30762e-17	1.02701e-14	1.36578e-12	1.01227e-10	3.97585e-09	7.65027e-08	7.82515e-07	6.82184e-06	1.90222e-05	3.62569e-05	6.83124e-05	7.62688e-05	4.92672e-05	2.51722e-05	1.11849e-05	2.16918e-06	2.49824e-07	1.2652e-08	3.13693e-10	4.20378e-12	3.18923e-14	1.36394e-16	3.05308e-19	2.7721e-22	0	0	0	0	0	0	0	
0	0	0	0	0	0	0	0	0	0	0	0	0	0	0	0	7.24613e-23	9.39165e-20	5.01122e-17	1.42588e-14	2.34427e-12	2.25962e-10	1.24275e-08	3.66509e-07	5.41738e-06	4.49255e-05	0.000280147	0.000733459	0.00129853	0.00199709	0.00215816	0.00159895	0.000951899	0.000443657	0.000102619	1.55018e-05	1.07994e-06	3.67449e-08	6.76994e-10	7.19619e-12	4.52003e-14	1.64868e-16	3.21625e-19	2.58714e-22	0	0	0	0	0	0	
0	0	0	0	0	0	0	0	0	0	0	0	0	0	0	4.85196e-23	7.07258e-20	4.30762e-17	1.42588e-14	2.7964e-12	3.32704e-10	2.36919e-08	9.65889e-07	2.10143e-05	0.000231844	0.00149288	0.00633452	0.0148993	0.0244629	0.031983	0.033481	0.0279952	0.0188181	0.00946195	0.00281286	0.000570541	5.6765e-05	2.71647e-06	6.92064e-08	1.01476e-09	8.94471e-12	4.79518e-14	1.5247e-16	2.63512e-19	1.90198e-22	0	0	0	0	0	
0	0	0	0	0	0	0	0	0	0	0	0	0	0	2.4438e-23	3.96241e-20	2.71629e-17	1.02701e-14	2.34427e-12	3.32704e-10	2.92072e-08	1.53439e-06	4.54128e-05	0.000699935	0.00546722	0.0253565	0.0691168	0.132718	0.196557	0.233934	0.24019	0.215366	0.159775	0.0929702	0.0396564	0.0112111	0.00170209	0.000120768	4.37862e-06	8.91752e-08	1.08617e-09	8.17574e-12	3.82067e-14	1.07596e-16	1.66789e-19	1.0909e-22	0	0	0	0	
0	0	0	0	0	0	0	0	0	0	0	0	0	8.97887e-24	1.60642e-20	1.22691e-17	5.22974e-15	1.36578e-12	2.25962e-10	2.36919e-08	1.53439e-06	5.82619e-05	0.00119679	0.0121516	0.0616011	0.180767	0.326148	0.457354	0.566027	0.63379	0.645773	0.599113	0.504551	0.380188	0.240984	0.100348	0.025641	0.00296965	0.000162619	4.7389e-06	8.02741e-08	8.34778e-10	5.47341e-12	2.26337e-14	5.71174e-17	8.01628e-20	4.78784e-23	0	0	0	
0	0	0	0	0	0	0	0	0	0	0	0	2.27543e-24	4.47172e-21	3.78164e-18	1.80231e-15	5.32629e-13	1.01227e-10	1.24275e-08	9.65889e-07	4.54128e-05	0.00119679	0.0158312	0.0950029	0.282164	0.495138	0.738985	0.99109	1.20428	1.33551	1.35846	1.26853	1.08376	0.841214	0.58935	0.364849	0.16131	0.0353765	0.0032494	0.000143621	3.47696e-06	5.01673e-08	4.53342e-10	2.62452e-12	9.70682e-15	2.21412e-17	2.83351e-20	1.55461e-23	0	0	
0	0	0	0	0	0	0	0	0	0	0	3.56321e-25	7.71345e-22	7.23097e-19	3.8505e-16	1.28406e-13	2.78864e-11	3.97585e-09	3.66509e-07	2.10143e-05	0.000699935	0.0121516	0.0950029	0.318565	0.601451	0.97377	1.40533	1.82675	2.16717	2.37125	2.40656	2.26755	1.97619	1.5793	1.1428	0.740459	0.422706	0.173808	0.0308751	0.00226784	8.237e-05	1.68386e-06	2.09729e-08	1.66486e-10	8.58543e-13	2.86056e-15	5.93301e-18	6.95781e-21	3.52128e-24	0	
0	0	0	0	0	0	0	0	0	0	2.6135e-26	6.46994e-23	6.93419e-20	4.23242e-17	1.6269e-14	4.10955e-12	6.90659e-10	7.65027e-08	5.41738e-06	0.000231844	0.00546722	0.0616011	0.282164	0.601451	1.06484	1.65871	2.30158	2.90027	3.37078	3.64869	3.69651	3.50782	3.108	2.5514	1.91525	1.2907	0.768644	0.39731	0.127923	0.0168342	0.000967776	2.88161e-05	4.98813e-07	5.38439e-09	3.769e-11	1.73703e-13	5.22788e-16	9.8799e-19	1.06336e-21	4.96903e-25	
0	0	0	0	0	0	0	0	0	3.40098e-29	8.69462e-25	1.76517e-21	1.60686e-18	8.40296e-16	2.76953e-13	5.97262e-11	8.4889e-09	7.82515e-07	4.49255e-05	0.00149288	0.0253565	0.180767	0.495138	0.97377	1.65871	2.47808	3.32584	4.09471	4.68959	5.03796	5.09771	4.86162	4.3582	3.64858	2.81993	1.97604	1.22551	0.661157	0.297224	0.0613098	0.00533782	0.000226171	5.32634e-06	7.62175e-08	7.00321e-10	4.25949e-12	1.73164e-14	4.65018e-17	7.91151e-20	7.71995e-23	
0	0	0	0	0	0	0	0	0	4.99713e-26	1.14916e-22	1.1546e-19	6.65583e-17	2.43076e-14	5.86106e-12	9.43477e-10	1.00308e-07	6.82184e-06	0.000280147	0.00633452	0.0691168	0.326148	0.738985	1.40533	2.30158	3.32584	4.35816	5.27981	5.98612	6.39756	6.46797	6.18948	5.59329	4.74641	3.74463	2.70251	1.7412	0.973663	0.466737	0.14594	0.0175464	0.000917581	2.51461e-05	4.0568e-07	4.12529e-09	2.74444e-11	1.21085e-13	3.50972e-16	6.42011e-19	6.7168e-22	
0	0	0	0	0	0	0	0	0	1.64776e-25	3.74593e-22	3.71661e-19	2.11263e-16	7.59288e-14	1.79656e-11	2.82578e-09	2.91562e-07	1.90222e-05	0.000733459	0.0148993	0.132718	0.457354	0.99109	1.82675	2.90027	4.09471	5.27981	6.32765	7.12589	7.58929	7.66849	7.35507	6.68239	5.72219	4.57723	3.37072	2.23364	1.29055	0.634815	0.247825	0.0382025	0.00266041	9.81214e-05	2.12381e-06	2.88513e-08	2.56686e-10	1.53086e-12	6.15477e-15	1.64455e-17	2.7968e-20	
0	0	0	0	0	0	0	0	6.84849e-28	1.90204e-24	2.31398e-21	1.62602e-18	7.32e-16	2.21156e-13	4.56394e-11	6.41891e-09	6.02837e-07	3.62569e-05	0.00129853	0.0244629	0.196557	0.566027	1.20428	2.16717	3.37078	4.68959	5.98612	7.12589	7.99101	8.4922	8.57779	8.23897	7.51064	6.46795	5.21862	3.89208	2.62629	1.55348	0.779959	0.324348	0.0638883	0.00578744	0.000258182	6.36464e-06	9.47023e-08	9.00337e-10	5.64691e-12	2.36229e-14	6.51965e-17	1.13929e-19	
0	0	0	0	0	0	0	0	7.68806e-27	1.77788e-23	1.8024e-20	1.05334e-17	3.92634e-15	9.75845e-13	1.64339e-10	1.87039e-08	1.41238e-06	6.83124e-05	0.00199709	0.031983	0.233934	0.63379	1.33551	2.37125	3.64869	5.03796	6.39756	7.58929	8.4922	9.01473	9.10393	8.75076	7.99101	6.90169	5.59333	4.19881	2.86005	1.71345	0.871567	0.370414	0.0835969	0.00836719	0.000393211	9.97284e-06	1.50933e-07	1.4508e-09	9.16902e-12	3.85709e-14	1.06904e-16	1.87439e-19	
0	0	0	0	0	0	0	0	9.60528e-27	2.21172e-23	2.23068e-20	1.29543e-17	4.79087e-15	1.17891e-12	1.96008e-10	2.19392e-08	1.62108e-06	7.62688e-05	0.00215816	0.033481	0.24019	0.645773	1.35846	2.40656	3.69651	5.09771	6.46797	7.66849	8.57779	9.10393	9.19375	8.83815	8.07308	6.97588	5.65753	4.25151	2.90039	1.74129	0.887745	0.378502	0.0873142	0.00886131	0.000419177	1.06675e-05	1.61762e-07	1.55682e-09	9.84725e-12	4.14488e-14	1.14932e-16	2.01585e-19	
0	0	0	0	0	0	0	0	3.22987e-27	7.69233e-24	8.06746e-21	4.90465e-18	1.91513e-15	5.02932e-13	9.04363e-11	1.11257e-08	9.2002e-07	4.92672e-05	0.00159895	0.0279952	0.215366	0.599113	1.26853	2.26755	3.50782	4.86162	6.18948	7.35507	8.23897	8.75076	8.83815	8.4922	7.74825	6.6824	5.40374	4.04343	2.7414	1.63197	0.824608	0.346888	0.0731974	0.00699586	0.000321293	8.04989e-06	1.2096e-07	1.15737e-09	7.29163e-12	3.06038e-14	8.46766e-17	1.48267e-19	
0	0	0	0	0	0	0	0	0	2.41791e-25	5.4343e-22	5.32947e-19	2.99369e-16	1.06291e-13	2.48339e-11	3.85455e-09	3.92066e-07	2.51722e-05	0.000951899	0.0188181	0.159775	0.504551	1.08376	1.97619	3.108	4.3582	5.59329	6.68239	7.51064	7.99101	8.07308	7.74825	7.0506	6.05338	4.86159	3.60124	2.40647	1.4053	0.697327	0.281553	0.0483512	0.00384141	0.000157588	3.68812e-06	5.30544e-08	4.92787e-10	3.03896e-12	1.25506e-14	3.4288e-17	5.94215e-20	
0	0	0	0	0	0	0	0	0	8.89097e-26	2.03562e-22	2.03484e-19	1.16596e-16	4.2273e-14	1.01011e-11	1.60718e-09	1.68206e-07	1.11849e-05	0.000443657	0.00946195	0.0929702	0.380188	0.841214	1.5793	2.5514	3.64858	4.74641	5.72219	6.46795	6.90169	6.97588	6.6824	6.05338	5.15787	4.09469	2.98211	1.94553	1.10316	0.534722	0.188526	0.0245945	0.0013616	3.91403e-05	6.60255e-07	7.02163e-09	4.90054e-11	2.284e-13	7.08728e-16	1.42506e-18	1.74053e-21	
0	0	0	0	0	0	0	0	0	9.60528e-27	2.29892e-23	2.41086e-20	1.45624e-17	5.60245e-15	1.43361e-12	2.4748e-10	2.86461e-08	2.16918e-06	0.000102619	0.00281286	0.0396564	0.240984	0.58935	1.1428	1.91525	2.81993	3.74463	4.57723	5.21862	5.59333	5.65753	5.40374	4.86159	4.09469	3.19384	2.26736	1.42923	0.78189	0.364345	0.0901994	0.00909289	0.000422229	1.05617e-05	1.57789e-07	1.49865e-09	9.36432e-12	3.89573e-14	1.0678e-16	1.85105e-19	1.83831e-22	
0	0	0	0	0	0	0	0	0	0	1.91852e-25	4.20238e-22	4.00882e-19	2.18598e-16	7.51903e-14	1.69867e-11	2.54549e-09	2.49824e-07	1.55018e-05	0.000570541	0.0112111	0.100348	0.364849	0.740459	1.2907	1.97604	2.70251	3.37072	3.89208	4.19881	4.25151	4.04343	3.60124	2.98211	2.26736	1.55346	0.939265	0.495047	0.193365	0.0295032	0.00185856	5.91475e-05	1.08271e-06	1.23174e-08	9.10308e-11	4.4611e-13	1.44931e-15	3.04733e-18	3.90561e-21	2.67144e-24	
0	0	0	0	0	0	0	0	0	0	0	1.67701e-24	3.41094e-21	3.00361e-18	1.5012e-15	4.69187e-13	9.52685e-11	1.2652e-08	1.07994e-06	5.6765e-05	0.00170209	0.025641	0.16131	0.422706	0.768644	1.22551	1.7412	2.23364	2.62629	2.86005	2.90039	2.7414	2.40647	1.94553	1.42923	0.939265	0.545901	0.260391	0.0576372	0.00514841	0.000219632	5.16335e-06	7.33323e-08	6.65242e-10	3.97245e-12	1.57571e-14	4.09921e-17	6.69981e-20	6.21774e-23	2.48868e-26	
0	0	0	0	0	0	0	0	0	0	0	0	8.75815e-24	1.65016e-20	1.33742e-17	6.10526e-15	1.72674e-12	3.13693e-10	3.67449e-08	2.71647e-06	0.000120768	0.00296965	0.0353765	0.173808	0.39731	0.661157	0.973663	1.29055	1.55348	1.71345	1.74129	1.63197	1.4053	1.10316	0.78189	0.495047	0.260391	0.0720299	0.00879479	0.000500536	1.50502e-05	2.64017e-07	2.88303e-09	2.03435e-11	9.41266e-14	2.83193e-16	5.32692e-19	5.68138e-22	2.61892e-25	0	
0	0	0	0	0	0	0	0	0	0	0	0	0	3.10471e-23	5.39126e-20	3.998e-17	1.65558e-14	4.20378e-12	6.76994e-10	6.92064e-08	4.37862e-06	0.000162619	0.0032494	0.0308751	0.127923	0.297224	0.466737	0.634815	0.779959	0.871567	0.887745	0.824608	0.697327	0.534722	0.364345	0.193365	0.0576372	0.00879479	0.000660195	2.55635e-05	5.57308e-07	7.3367e-09	6.09542e-11	3.26105e-13	1.11879e-15	2.37406e-18	2.83269e-21	1.4515e-24	0	0	
0	0	0	0	0	0	0	0	0	0	0	0	0	0	7.99376e-23	1.27131e-19	8.56329e-17	3.18923e-14	7.19619e-12	1.01476e-09	8.91752e-08	4.7389e-06	0.000143621	0.00226784	0.0168342	0.0613098	0.14594	0.247825	0.324348	0.370414	0.378502	0.346888	0.281553	0.188526	0.0901994	0.0295032	0.00514841	0.000500536	2.55635e-05	7.11517e-07	1.15326e-08	1.14502e-10	7.1528e-13	2.81425e-15	6.75245e-18	9.00829e-21	5.11443e-24	0	0	0	
0	0	0	0	0	0	0	0	0	0	0	0	0	0	0	1.55566e-22	2.24911e-19	1.36394e-16	4.52003e-14	8.94471e-12	1.08617e-09	8.02741e-08	3.47696e-06	8.237e-05	0.000967776	0.00533782	0.0175464	0.0382025	0.0638883	0.0835969	0.0873142	0.0731974	0.0483512	0.0245945	0.00909289	0.00185856	0.000219632	1.50502e-05	5.57308e-07	1.15326e-08	1.40653e-10	1.04697e-12	4.79489e-15	1.31512e-17	1.97713e-20	1.25056e-23	0	0	0	0	
0	0	0	0	0	0	0	0	0	0	0	0	0	0	0	0	2.34405e-22	3.05308e-19	1.64868e-16	4.79518e-14	8.17574e-12	8.34778e-10	5.01673e-08	1.68386e-06	2.88161e-05	0.000226171	0.000917581	0.00266041	0.00578744	0.00836719	0.00886131	0.00699586	0.00384141	0.0013616	0.000422229	5.91475e-05	5.16335e-06	2.64017e-07	7.3367e-09	1.14502e-10	1.04697e-12	5.70874e-15	1.82046e-17	3.12426e-20	2.22359e-23	0	0	0	0	0	
0	0	0	0	0	0	0	0	0	0	0	0	0	0	0	0	0	2.7721e-22	3.21625e-19	1.5247e-16	3.82067e-14	5.47341e-12	4.53342e-10	2.09729e-08	4.98813e-07	5.32634e-06	2.51461e-05	9.81214e-05	0.000258182	0.000393211	0.000419177	0.000321293	0.000157588	3.91403e-05	1.05617e-05	1.08271e-06	7.33323e-08	2.88303e-09	6.09542e-11	7.1528e-13	4.79489e-15	1.82046e-17	3.6311e-20	2.94847e-23	0	0	0	0	0	0	
0	0	0	0	0	0	0	0	0	0	0	0	0	0	0	0	0	0	2.58714e-22	2.63512e-19	1.07596e-16	2.26337e-14	2.62452e-12	1.66486e-10	5.38439e-09	7.62175e-08	4.0568e-07	2.12381e-06	6.36464e-06	9.97284e-06	1.06675e-05	8.04989e-06	3.68812e-06	6.60255e-07	1.57789e-07	1.23174e-08	6.65242e-10	2.03435e-11	3.26105e-13	2.81425e-15	1.31512e-17	3.12426e-20	2.94847e-23	0	0	0	0	0	0	0	
0	0	0	0	0	0	0	0	0	0	0	0	0	0	0	0	0	0	0	1.90198e-22	1.66789e-19	5.71174e-17	9.70682e-15	8.58543e-13	3.769e-11	7.00321e-10	4.12529e-09	2.88513e-08	9.47023e-08	1.50933e-07	1.61762e-07	1.2096e-07	5.30544e-08	7.02163e-09	1.49865e-09	9.10308e-11	3.97245e-12	9.41266e-14	1.11879e-15	6.75245e-18	1.97713e-20	2.22359e-23	0	0	0	0	0	0	0	0	
0	0	0	0	0	0	0	0	0	0	0	0	0	0	0	0	0	0	0	0	1.0909e-22	8.01628e-20	2.21412e-17	2.86056e-15	1.73703e-13	4.25949e-12	2.74444e-11	2.56686e-10	9.00337e-10	1.4508e-09	1.55682e-09	1.15737e-09	4.92787e-10	4.90054e-11	9.36432e-12	4.4611e-13	1.57571e-14	2.83193e-16	2.37406e-18	9.00829e-21	1.25056e-23	0	0	0	0	0	0	0	0	0	
0	0	0	0	0	0	0	0	0	0	0	0	0	0	0	0	0	0	0	0	0	4.78784e-23	2.83351e-20	5.93301e-18	5.22788e-16	1.73164e-14	1.21085e-13	1.53086e-12	5.64691e-12	9.16902e-12	9.84725e-12	7.29163e-12	3.03896e-12	2.284e-13	3.89573e-14	1.44931e-15	4.09921e-17	5.32692e-19	2.83269e-21	5.11443e-24	0	0	0	0	0	0	0	0	0	0	
0	0	0	0	0	0	0	0	0	0	0	0	0	0	0	0	0	0	0	0	0	0	1.55461e-23	6.95781e-21	9.8799e-19	4.65018e-17	3.50972e-16	6.15477e-15	2.36229e-14	3.85709e-14	4.14488e-14	3.06038e-14	1.25506e-14	7.08728e-16	1.0678e-16	3.04733e-18	6.69981e-20	5.68138e-22	1.4515e-24	0	0	0	0	0	0	0	0	0	0	0	
0	0	0	0	0	0	0	0	0	0	0	0	0	0	0	0	0	0	0	0	0	0	0	3.52128e-24	1.06336e-21	7.91151e-20	6.42011e-19	1.64455e-17	6.51965e-17	1.06904e-16	1.14932e-16	8.46766e-17	3.4288e-17	1.42506e-18	1.85105e-19	3.90561e-21	6.21774e-23	2.61892e-25	0	0	0	0	0	0	0	0	0	0	0	0	
0	0	0	0	0	0	0	0	0	0	0	0	0	0	0	0	0	0	0	0	0	0	0	0	4.96903e-25	7.71995e-23	6.7168e-22	2.7968e-20	1.13929e-19	1.87439e-19	2.01585e-19	1.48267e-19	5.94215e-20	1.74053e-21	1.83831e-22	2.67144e-24	2.48868e-26	0	0	0	0	0	0	0	0	0	0	0	0	0	
