-0.585407	-0.585407	-0.152527	0.462089	0.914287	-0.249313	
-0.585407	-0.585407	-0.152527	0.462089	0.914287	-0.249313	
-0.152527	-0.152527	-0.127089	-0.103433	0.251662	-0.322305	
0.462089	0.462089	-0.103433	-0.522245	-0.073432	0.177414	
0.914287	0.914287	0.251662	-0.073432	0.932422	0.659394	
-0.249313	-0.249313	-0.322305	0.177414	0.659394	-0.221996	
