-0.142842	-0.150787	-0.176287	-0.203414	-0.212302	-0.209801	-0.2057	-0.225042	-0.291828	-0.392864	-0.511668	-0.626579	-0.701117	-0.719374	-0.675357	-0.554764	-0.36482	-0.132367	0.128775	0.406011	0.664459	0.868625	1.00896	1.08748	1.09372	1.01261	0.85038	0.642547	0.436153	0.266635	0.147473	0.0741828	0.0341186	0.0144198	0.00562633	0.00203528	0.000685204	0.000215433	6.34546e-05	1.75592e-05	4.57673e-06	1.12627e-06	2.62239e-07	5.78872e-08	1.21364e-08	2.42079e-09	4.6016e-10	8.38294e-11	1.68604e-11	1.68604e-11	
-0.150787	-0.172458	-0.199428	-0.216442	-0.212841	-0.206381	-0.2167	-0.268722	-0.362114	-0.473544	-0.58951	-0.681889	-0.720188	-0.69979	-0.613605	-0.453247	-0.237736	0.00838532	0.275872	0.544938	0.777225	0.947511	1.05534	1.10022	1.06787	0.949301	0.762945	0.551233	0.358089	0.209866	0.111508	0.053998	0.0239562	0.00978467	0.00369579	0.00129619	0.000423667	0.000129487	3.71174e-05	1.00062e-05	2.54322e-06	6.10811e-07	1.38914e-07	2.99732e-08	6.14666e-09	1.19998e-09	2.23382e-10	3.98651e-11	7.84108e-12	7.84108e-12	
-0.176287	-0.199428	-0.219003	-0.214917	-0.203843	-0.214167	-0.255474	-0.337857	-0.44514	-0.557229	-0.658488	-0.715965	-0.713146	-0.652083	-0.523043	-0.328255	-0.0944875	0.160473	0.427631	0.678589	0.877611	1.01224	1.08654	1.09466	1.02173	0.86896	0.666422	0.459406	0.28513	0.159981	0.081561	0.0379816	0.0162383	0.00640375	0.00233949	0.000794866	0.00025205	7.48318e-05	2.08616e-05	5.47539e-06	1.35622e-06	3.17719e-07	7.05393e-08	1.48696e-08	2.98119e-09	5.69373e-10	1.03753e-10	1.81311e-11	3.48611e-12	3.48611e-12	
-0.203414	-0.216442	-0.214917	-0.201956	-0.213645	-0.251201	-0.320186	-0.4237	-0.534305	-0.635645	-0.707044	-0.720957	-0.676429	-0.573526	-0.403602	-0.182726	0.0619761	0.320455	0.578303	0.80098	0.96205	1.06065	1.09967	1.06776	0.954456	0.773794	0.564779	0.370762	0.219533	0.117784	0.0575591	0.0257533	0.0106017	0.00403369	0.00142432	0.000468495	0.000144033	4.15149e-05	1.12495e-05	2.87309e-06	6.93185e-07	1.58325e-07	3.43001e-08	7.06093e-09	1.38347e-09	2.58394e-10	4.60747e-11	7.88181e-12	1.48093e-12	1.48093e-12	
-0.212302	-0.212841	-0.203843	-0.213645	-0.250798	-0.310875	-0.408773	-0.520808	-0.618649	-0.694992	-0.724643	-0.693089	-0.607589	-0.462151	-0.257697	-0.0211516	0.228063	0.483327	0.720832	0.906567	1.02788	1.09044	1.09143	1.01715	0.866913	0.667705	0.462728	0.288806	0.162947	0.0835187	0.0390908	0.0167924	0.00665193	0.00244036	0.000832404	0.00026493	7.89298e-05	2.20763e-05	5.81217e-06	1.44386e-06	3.3919e-07	7.55048e-08	1.59562e-08	3.20666e-09	6.13821e-10	1.12083e-10	1.95514e-11	3.27319e-12	6.0085e-13	6.0085e-13	
-0.209801	-0.206381	-0.214167	-0.251201	-0.310875	-0.403181	-0.514739	-0.609429	-0.683621	-0.724523	-0.705484	-0.63028	-0.503835	-0.318602	-0.0909989	0.1513	0.399486	0.642172	0.847609	0.991059	1.07316	1.09882	1.05845	0.941986	0.762196	0.55606	0.365185	0.216421	0.116247	0.0568805	0.0254839	0.0105052	0.00400251	0.00141525	0.000466142	0.000143501	4.14157e-05	1.12371e-05	2.8735e-06	6.94133e-07	1.58731e-07	3.44279e-08	7.09525e-09	1.39172e-09	2.60212e-10	4.64427e-11	7.92377e-12	1.29802e-12	2.32752e-13	2.32752e-13	
-0.2057	-0.2167	-0.255474	-0.320186	-0.408773	-0.514739	-0.606714	-0.676854	-0.722465	-0.714146	-0.645653	-0.53099	-0.364254	-0.14819	0.0889134	0.329881	0.570423	0.78818	0.951798	1.05187	1.096	1.08232	0.998216	0.843827	0.645682	0.445106	0.276611	0.155515	0.0794761	0.0371085	0.0159088	0.0062914	0.00230491	0.000785308	0.000249708	7.43384e-05	2.07795e-05	5.46814e-06	1.35789e-06	3.18908e-07	7.09761e-08	1.49972e-08	3.01375e-09	5.76882e-10	1.0534e-10	1.83748e-11	3.06593e-12	4.91387e-13	8.60635e-14	8.60635e-14	
-0.225042	-0.268722	-0.337857	-0.4237	-0.520808	-0.609429	-0.676854	-0.721319	-0.718616	-0.655159	-0.546947	-0.394804	-0.191988	0.0396954	0.27509	0.509791	0.732274	0.911866	1.02885	1.08772	1.09374	1.03734	0.91032	0.727253	0.524578	0.341089	0.20039	0.106826	0.0519286	0.023133	0.00948883	0.00359963	0.00126798	0.00041625	0.000127768	3.67806e-05	9.95686e-06	2.54105e-06	6.12742e-07	1.399e-07	3.03015e-08	6.23716e-09	1.22207e-09	2.2827e-10	4.07064e-11	6.93921e-12	1.13228e-12	1.77546e-13	3.03728e-14	3.03728e-14	
-0.291828	-0.362114	-0.44514	-0.534305	-0.618649	-0.683621	-0.722465	-0.718616	-0.658458	-0.554308	-0.411857	-0.22145	0.00354457	0.234486	0.462506	0.683852	0.87374	1.00563	1.07715	1.09734	1.06266	0.961541	0.797776	0.599793	0.406895	0.249275	0.13839	0.0699458	0.0323432	0.0137483	0.0053964	0.001964	0.000665261	0.000210444	6.23619e-05	1.73604e-05	4.5517e-06	1.12661e-06	2.63813e-07	5.85588e-08	1.2344e-08	2.47521e-09	4.72873e-10	8.61948e-11	1.5011e-11	2.50082e-12	3.99059e-13	6.12216e-14	1.023e-14	1.023e-14	
-0.392864	-0.473544	-0.557229	-0.635645	-0.694992	-0.724523	-0.714146	-0.655159	-0.554308	-0.417275	-0.236176	-0.0187561	0.207472	0.429132	0.645895	0.840346	0.983732	1.06619	1.09674	1.07793	0.999003	0.855827	0.667638	0.470936	0.300064	0.173133	0.0908363	0.0435416	0.0191593	0.00777408	0.00292103	0.00102026	0.000332418	0.000101355	2.90029e-05	7.8094e-06	1.98344e-06	4.76213e-07	1.08303e-07	2.3375e-08	4.79602e-09	9.36962e-10	1.74551e-10	3.10514e-11	5.28157e-12	8.59994e-13	1.34213e-13	2.01467e-14	3.28869e-15	3.28869e-15	
-0.511668	-0.58951	-0.658488	-0.707044	-0.724643	-0.705484	-0.645653	-0.546947	-0.411857	-0.236176	-0.0263133	0.193915	0.409387	0.62009	0.814433	0.964949	1.0561	1.09434	1.08656	1.02514	0.901416	0.726014	0.530375	0.350381	0.209596	0.113929	0.0565215	0.0257118	0.0107733	0.00417535	0.00150265	0.000503948	0.00015801	4.64551e-05	1.28411e-05	3.34544e-06	8.23321e-07	1.91798e-07	4.2375e-08	8.89463e-09	1.77668e-09	3.3823e-10	6.14541e-11	1.06709e-11	1.77295e-12	2.82194e-13	4.30769e-14	6.32782e-15	1.00922e-15	1.00922e-15	
-0.626579	-0.681889	-0.715965	-0.720957	-0.693089	-0.63028	-0.53099	-0.394804	-0.22145	-0.0187561	0.193915	0.402862	0.607109	0.798077	0.951132	1.04793	1.0916	1.09113	1.04257	0.935576	0.773883	0.582927	0.397857	0.246038	0.138237	0.0708483	0.0332684	0.0143763	0.00574115	0.00212706	0.000733745	0.000236438	7.13831e-05	2.02472e-05	5.40889e-06	1.36402e-06	3.254e-07	7.35764e-08	1.57966e-08	3.22563e-09	6.27426e-10	1.16421e-10	2.06352e-11	3.49816e-12	5.67853e-13	8.83655e-14	1.31963e-14	1.89729e-15	2.95711e-16	2.95711e-16	
-0.701117	-0.720188	-0.713146	-0.676429	-0.607589	-0.503835	-0.364254	-0.191988	0.00354457	0.207472	0.409387	0.607109	0.792495	0.943798	1.04257	1.08938	1.09341	1.05363	0.959852	0.811098	0.62699	0.44036	0.280613	0.16254	0.0858732	0.0415514	0.0184919	0.00760026	0.00289602	0.00102672	0.000339787	0.000105286	3.06291e-05	8.38681e-06	2.16652e-06	5.29125e-07	1.22415e-07	2.68771e-08	5.60964e-09	1.11473e-09	2.11215e-10	3.82113e-11	6.60883e-12	1.09407e-12	1.73558e-13	2.64109e-14	3.85935e-15	5.43196e-16	8.2755e-17	8.2755e-17	
-0.719374	-0.69979	-0.652083	-0.573526	-0.462151	-0.318602	-0.14819	0.0396954	0.234486	0.429132	0.62009	0.798077	0.943798	1.04071	1.08815	1.09443	1.06007	0.975843	0.838095	0.661627	0.476152	0.311546	0.185492	0.100781	0.0501513	0.022949	0.00969476	0.0037952	0.0013816	0.000469243	0.000149134	4.44752e-05	1.24772e-05	3.30054e-06	8.24997e-07	1.95245e-07	4.38295e-08	9.34866e-09	1.89765e-09	3.67122e-10	6.77847e-11	1.19603e-11	2.01914e-12	3.26517e-13	5.06321e-14	7.53647e-15	1.07786e-15	1.48548e-16	2.2127e-17	2.2127e-17	
-0.675357	-0.613605	-0.523043	-0.403602	-0.257697	-0.0909989	0.0889134	0.27509	0.462506	0.645895	0.814433	0.951132	1.04257	1.08815	1.09472	1.06302	0.98487	0.855554	0.68642	0.503948	0.337275	0.205759	0.114664	0.0585566	0.0275031	0.0119249	0.00479031	0.00178892	0.000623044	0.000202969	6.2017e-05	1.78177e-05	4.82458e-06	1.23387e-06	2.98636e-07	6.85298e-08	1.49356e-08	3.09647e-09	6.11587e-10	1.1524e-10	2.07427e-11	3.57092e-12	5.88639e-13	9.30135e-14	1.41032e-14	2.05392e-15	2.87581e-16	3.88182e-17	5.65502e-18	5.65502e-18	
-0.554764	-0.453247	-0.328255	-0.182726	-0.0211516	0.1513	0.329881	0.509791	0.683852	0.840346	0.964949	1.04793	1.08938	1.09443	1.06302	0.987782	0.864102	0.701271	0.522889	0.356549	0.222132	0.126614	0.0662025	0.0318553	0.0141541	0.00582711	0.00223	0.00079575	0.000265532	8.30781e-05	2.44323e-05	6.76936e-06	1.77078e-06	4.38199e-07	1.02771e-07	2.28827e-08	4.84478e-09	9.76835e-10	1.87827e-10	3.44868e-11	6.05405e-12	1.01728e-12	1.63801e-13	2.53e-14	3.75217e-15	5.34817e-16	7.33306e-17	9.69733e-18	1.38206e-18	1.38206e-18	
-0.36482	-0.237736	-0.0944875	0.0619761	0.228063	0.399486	0.570423	0.732274	0.87374	0.983732	1.0561	1.0916	1.09341	1.06007	0.98487	0.864102	0.706213	0.532473	0.368469	0.233625	0.135811	0.072531	0.0356835	0.0162214	0.00683493	0.00267752	0.00097804	0.000334044	0.000106955	3.21814e-05	9.1199e-06	2.43934e-06	6.17027e-07	1.4787e-07	3.36309e-08	7.27069e-09	1.49638e-09	2.93591e-10	5.49864e-11	9.84277e-12	1.68592e-12	2.76627e-13	4.35255e-14	6.57377e-15	9.53925e-16	1.33116e-16	1.78791e-17	2.31701e-18	3.2316e-19	3.2316e-19	
-0.132367	0.00838532	0.160473	0.320455	0.483327	0.642172	0.78818	0.911866	1.00563	1.06619	1.09434	1.09113	1.05363	0.975843	0.855554	0.701271	0.532473	0.372502	0.239549	0.141607	0.0770546	0.0386801	0.0179592	0.00773401	0.0030978	0.00115723	0.000404244	0.000132373	4.07291e-05	1.18009e-05	3.22643e-06	8.33996e-07	2.04185e-07	4.74285e-08	1.04688e-08	2.19909e-09	4.40239e-10	8.41016e-11	1.53508e-11	2.68026e-12	4.48153e-13	7.18347e-14	1.10492e-14	1.63242e-15	2.31859e-16	3.16868e-17	4.17022e-18	5.2977e-19	7.23329e-20	7.23329e-20	
0.128775	0.275872	0.427631	0.578303	0.720832	0.847609	0.951798	1.02885	1.07715	1.09674	1.08656	1.04257	0.959852	0.838095	0.68642	0.522889	0.368469	0.239549	0.143587	0.0794122	0.0405905	0.0192157	0.00844547	0.00345471	0.00131857	0.000470716	0.000157541	4.95426e-05	1.467e-05	4.09844e-06	1.08232e-06	2.70655e-07	6.41978e-08	1.4466e-08	3.10131e-09	6.33449e-10	1.2343e-10	2.29726e-11	4.08875e-12	6.96699e-13	1.1377e-13	1.78229e-14	2.68105e-15	3.87616e-16	5.39064e-17	7.21736e-18	9.31031e-19	1.15977e-19	1.55068e-20	1.55068e-20	
0.406011	0.544938	0.678589	0.80098	0.906567	0.991059	1.05187	1.08772	1.09734	1.07793	1.02514	0.935576	0.811098	0.661627	0.503948	0.356549	0.233625	0.141607	0.0794122	0.0412468	0.0198752	0.00890241	0.00371467	0.00144715	0.000527539	0.000180338	5.79324e-05	1.7524e-05	5.00099e-06	1.3489e-06	3.44468e-07	8.34214e-08	1.91881e-08	4.19803e-09	8.74816e-10	1.73865e-10	3.29966e-11	5.98679e-12	1.03961e-12	1.72963e-13	2.75983e-14	4.22733e-15	6.22157e-16	8.80563e-17	1.19951e-17	1.57389e-18	1.9907e-19	2.43233e-20	3.18587e-21	3.18587e-21	
0.664459	0.777225	0.877611	0.96205	1.02788	1.07316	1.096	1.09374	1.06266	0.999003	0.901416	0.773883	0.62699	0.476152	0.337275	0.222132	0.135811	0.0770546	0.0405905	0.0198752	0.00905999	0.00385172	0.00153013	0.000569125	0.000198588	6.51344e-05	2.01187e-05	5.8629e-06	1.61475e-06	4.21021e-07	1.04086e-07	2.4436e-08	5.45549e-09	1.15983e-09	2.35113e-10	4.54994e-11	8.4157e-12	1.48939e-12	2.52476e-13	4.10353e-14	6.4008e-15	9.59061e-16	1.38156e-16	1.91497e-17	2.55605e-18	3.28792e-19	4.07883e-20	4.88991e-21	6.27633e-22	6.27633e-22	
0.868625	0.947511	1.01224	1.06065	1.09044	1.09882	1.08232	1.03734	0.961541	0.855827	0.726014	0.582927	0.44036	0.311546	0.205759	0.126614	0.072531	0.0386801	0.0192157	0.00890241	0.00385172	0.00155882	0.000591114	0.000210403	7.04213e-05	2.22019e-05	6.60466e-06	1.85697e-06	4.9425e-07	1.24721e-07	2.98825e-08	6.80751e-09	1.47649e-09	3.05279e-10	6.02435e-11	1.13599e-11	2.04909e-12	3.5394e-13	5.8602e-14	9.3094e-15	1.42021e-15	2.08249e-16	2.93747e-17	3.98903e-18	5.21911e-19	6.5838e-20	8.0134e-21	9.42894e-22	1.18636e-22	1.18636e-22	
1.00896	1.05534	1.08654	1.09967	1.09143	1.05845	0.998216	0.91032	0.797776	0.667638	0.530375	0.397857	0.280613	0.185492	0.114664	0.0662025	0.0356835	0.0179592	0.00844547	0.00371467	0.00153013	0.000591114	0.000214493	7.32219e-05	2.3553e-05	7.15016e-06	2.05175e-06	5.57355e-07	1.43539e-07	3.50957e-08	8.15778e-09	1.80505e-09	3.80667e-10	7.66053e-11	1.47273e-11	2.70776e-12	4.7662e-13	8.03969e-14	1.30084e-14	2.0208e-15	3.01655e-16	4.3306e-17	5.98387e-18	7.96423e-19	1.02176e-19	1.26446e-20	1.51047e-21	1.7449e-22	2.15287e-23	2.15287e-23	
1.08748	1.10022	1.09466	1.06776	1.01715	0.941986	0.843827	0.727253	0.599793	0.470936	0.350381	0.246038	0.16254	0.100781	0.0585566	0.0318553	0.0162214	0.00773401	0.00345471	0.00144715	0.000569125	0.000210403	7.32219e-05	2.40212e-05	7.43945e-06	2.17823e-06	6.03809e-07	1.58684e-07	3.95904e-08	9.38941e-09	2.11947e-09	4.55916e-10	9.35657e-11	1.83404e-11	3.4374e-12	6.1663e-13	1.0598e-13	1.74676e-14	2.76343e-15	4.19997e-16	6.13744e-17	8.63014e-18	1.16861e-18	1.52497e-19	1.91911e-20	2.33066e-21	2.73329e-22	3.10093e-23	3.75299e-24	3.75299e-24	
1.09372	1.06787	1.02173	0.954456	0.866913	0.762196	0.645682	0.524578	0.406895	0.300064	0.209596	0.138237	0.0858732	0.0501513	0.0275031	0.0141541	0.00683493	0.0030978	0.00131857	0.000527539	0.000198588	7.04213e-05	2.3553e-05	7.43945e-06	2.22208e-06	6.28458e-07	1.68522e-07	4.29002e-08	1.03807e-08	2.39052e-09	5.24522e-10	1.09784e-10	2.19428e-11	4.1926e-12	7.66577e-13	1.34255e-13	2.25434e-14	3.63252e-15	5.62179e-16	8.36333e-17	1.19693e-17	1.6492e-18	2.18934e-19	2.80218e-20	3.46033e-21	4.12535e-22	4.75122e-23	5.29527e-24	6.2886e-25	6.2886e-25	
1.01261	0.949301	0.86896	0.773794	0.667705	0.55606	0.445106	0.341089	0.249275	0.173133	0.113929	0.0708483	0.0415514	0.022949	0.0119249	0.00582711	0.00267752	0.00115723	0.000470716	0.000180338	6.51344e-05	2.22019e-05	7.15016e-06	2.17823e-06	6.28458e-07	1.71935e-07	4.46569e-08	1.10248e-08	2.5901e-09	5.79724e-10	1.23756e-10	2.52242e-11	4.91388e-12	9.15846e-13	1.63467e-13	2.79674e-14	4.59065e-15	7.23554e-16	1.09598e-16	1.59667e-17	2.23891e-18	3.02408e-19	3.93721e-20	4.94448e-21	5.9934e-22	7.01653e-23	7.93846e-24	8.69408e-25	1.01347e-25	1.01347e-25	
0.85038	0.762945	0.666422	0.564779	0.462728	0.365185	0.276611	0.20039	0.13839	0.0908363	0.0565215	0.0332684	0.0184919	0.00969476	0.00479031	0.00223	0.00097804	0.000404244	0.000157541	5.79324e-05	2.01187e-05	6.60466e-06	2.05175e-06	6.03809e-07	1.68522e-07	4.46569e-08	1.12482e-08	2.69602e-09	6.1558e-10	1.3404e-10	2.78627e-11	5.5347e-12	1.05165e-12	1.91324e-13	3.33568e-14	5.57834e-15	8.95569e-16	1.38142e-16	2.04894e-17	2.92444e-18	4.01961e-19	5.3243e-20	6.80104e-21	8.38317e-22	9.97786e-23	1.14744e-23	1.27568e-24	1.37328e-25	1.57181e-26	1.57181e-26	
0.642547	0.551233	0.459406	0.370762	0.288806	0.216421	0.155515	0.106826	0.0699458	0.0435416	0.0257118	0.0143763	0.00760026	0.0037952	0.00178892	0.00079575	0.000334044	0.000132373	4.95426e-05	1.7524e-05	5.8629e-06	1.85697e-06	5.57355e-07	1.58684e-07	4.29002e-08	1.10248e-08	2.69602e-09	6.28016e-10	1.39496e-10	2.95758e-11	5.99132e-12	1.16075e-12	2.15272e-13	3.82529e-14	6.51854e-15	1.06614e-15	1.67497e-16	2.52974e-17	3.6758e-18	5.14227e-19	6.93093e-20	9.00658e-21	1.12914e-21	1.36657e-22	1.59764e-23	1.80528e-24	1.97282e-25	2.08812e-26	2.3474e-27	2.3474e-27	
0.436153	0.358089	0.28513	0.219533	0.162947	0.116247	0.0794761	0.0519286	0.0323432	0.0191593	0.0107733	0.00574115	0.00289602	0.0013816	0.000623044	0.000265532	0.000106955	4.07291e-05	1.467e-05	5.00099e-06	1.61475e-06	4.9425e-07	1.43539e-07	3.95904e-08	1.03807e-08	2.5901e-09	6.1558e-10	1.39496e-10	3.01698e-11	6.2335e-12	1.23154e-12	2.32871e-13	4.21818e-14	7.32572e-15	1.22083e-15	1.95386e-16	3.00544e-17	4.44657e-18	6.33238e-19	8.68641e-20	1.14853e-20	1.46475e-21	1.80293e-22	2.14318e-23	2.46184e-24	2.73422e-25	2.93784e-26	3.0582e-27	3.37767e-28	3.37767e-28	
0.266635	0.209866	0.159981	0.117784	0.0835187	0.0568805	0.0371085	0.023133	0.0137483	0.00777408	0.00417535	0.00212706	0.00102672	0.000469243	0.000202969	8.30781e-05	3.21814e-05	1.18009e-05	4.09844e-06	1.3489e-06	4.21021e-07	1.24721e-07	3.50957e-08	9.38941e-09	2.39052e-09	5.79724e-10	1.3404e-10	2.95758e-11	6.2335e-12	1.25607e-12	2.42201e-13	4.47292e-14	7.91833e-15	1.34481e-15	2.19294e-16	3.4361e-17	5.17735e-18	7.50708e-19	1.04825e-19	1.41054e-20	1.83029e-21	2.29165e-22	2.77038e-23	3.2356e-24	3.65295e-25	3.98889e-26	4.2152e-27	4.31661e-28	4.68533e-29	4.68533e-29	
0.147473	0.111508	0.081561	0.0575591	0.0390908	0.0254839	0.0159088	0.00948883	0.0053964	0.00292103	0.00150265	0.000733745	0.000339787	0.000149134	6.2017e-05	2.44323e-05	9.1199e-06	3.22643e-06	1.08232e-06	3.44468e-07	1.04086e-07	2.98825e-08	8.15778e-09	2.11947e-09	5.24522e-10	1.23756e-10	2.78627e-11	5.99132e-12	1.23154e-12	2.42201e-13	4.56119e-14	8.23229e-15	1.42514e-15	2.36827e-16	3.78079e-17	5.80279e-18	8.56859e-19	1.21817e-19	1.66852e-20	2.20327e-21	2.80669e-22	3.45131e-23	4.09916e-24	4.70524e-25	5.22263e-26	5.6086e-27	5.83055e-28	5.87535e-29	6.26902e-30	6.26902e-30	
0.0741828	0.053998	0.0379816	0.0257533	0.0167924	0.0105052	0.0062914	0.00359963	0.001964	0.00102026	0.000503948	0.000236438	0.000105286	4.44752e-05	1.78177e-05	6.76936e-06	2.43934e-06	8.33996e-07	2.70655e-07	8.34214e-08	2.4436e-08	6.80751e-09	1.80505e-09	4.55916e-10	1.09784e-10	2.52242e-11	5.5347e-12	1.16075e-12	2.32871e-13	4.47292e-14	8.23229e-15	1.45296e-15	2.4611e-16	4.00391e-17	6.26095e-18	9.41702e-19	1.36336e-19	1.9012e-20	2.55537e-21	3.31259e-22	4.1442e-23	5.00652e-24	5.84393e-25	6.59472e-26	7.19859e-27	7.60481e-28	7.77941e-29	7.7158e-30	8.09535e-31	8.09535e-31	
0.0341186	0.0239562	0.0162383	0.0106017	0.00665193	0.00400251	0.00230491	0.00126798	0.000665261	0.000332418	0.00015801	7.13831e-05	3.06291e-05	1.24772e-05	4.82458e-06	1.77078e-06	6.17027e-07	2.04185e-07	6.41978e-08	1.91881e-08	5.45549e-09	1.47649e-09	3.80667e-10	9.35657e-11	2.19428e-11	4.91388e-12	1.05165e-12	2.15272e-13	4.21818e-14	7.91833e-15	1.42514e-15	2.4611e-16	4.08115e-17	6.50336e-18	9.96568e-19	1.46959e-19	2.0869e-20	2.8557e-21	3.76796e-22	4.79685e-23	5.89555e-24	6.99948e-25	8.03208e-26	8.91355e-27	9.57119e-28	9.94946e-29	1.00178e-29	9.78187e-31	1.00944e-31	1.00944e-31	
0.0144198	0.00978467	0.00640375	0.00403369	0.00244036	0.00141525	0.000785308	0.00041625	0.000210444	0.000101355	4.64551e-05	2.02472e-05	8.38681e-06	3.30054e-06	1.23387e-06	4.38199e-07	1.4787e-07	4.74285e-08	1.4466e-08	4.19803e-09	1.15983e-09	3.05279e-10	7.66053e-11	1.83404e-11	4.1926e-12	9.15846e-13	1.91324e-13	3.82529e-14	7.32572e-15	1.34481e-15	2.36827e-16	4.00391e-17	6.50336e-18	1.01555e-18	1.52576e-19	2.20688e-20	3.07518e-21	4.13087e-22	5.35257e-23	6.69419e-24	8.08545e-25	9.43688e-26	1.06491e-26	1.16249e-27	1.22826e-28	1.25669e-29	1.24572e-30	1.19782e-31	1.21609e-32	1.21609e-32	
0.00562633	0.00369579	0.00233949	0.00142432	0.000832404	0.000466142	0.000249708	0.000127768	6.23619e-05	2.90029e-05	1.28411e-05	5.40889e-06	2.16652e-06	8.24997e-07	2.98636e-07	1.02771e-07	3.36309e-08	1.04688e-08	3.10131e-09	8.74816e-10	2.35113e-10	6.02435e-11	1.47273e-11	3.4374e-12	7.66577e-13	1.63467e-13	3.33568e-14	6.51854e-15	1.22083e-15	2.19294e-16	3.78079e-17	6.26095e-18	9.96568e-19	1.52576e-19	2.24837e-20	3.19113e-21	4.36509e-22	5.75819e-23	7.32971e-24	9.00853e-25	1.06964e-25	1.22765e-26	1.36272e-27	1.46372e-28	1.52213e-29	1.53322e-30	1.49666e-31	1.41746e-32	1.41617e-33	1.41617e-33	
0.00203528	0.00129619	0.000794866	0.000468495	0.00026493	0.000143501	7.43384e-05	3.67806e-05	1.73604e-05	7.8094e-06	3.34544e-06	1.36402e-06	5.29125e-07	1.95245e-07	6.85298e-08	2.28827e-08	7.27069e-09	2.19909e-09	6.33449e-10	1.73865e-10	4.54994e-11	1.13599e-11	2.70776e-12	6.1663e-13	1.34255e-13	2.79674e-14	5.57834e-15	1.06614e-15	1.95386e-16	3.4361e-17	5.80279e-18	9.41702e-19	1.46959e-19	2.20688e-20	3.19113e-21	4.44606e-22	5.97232e-23	7.73948e-24	9.68144e-25	1.16971e-25	1.36574e-26	1.54187e-27	1.68402e-28	1.78028e-29	1.82259e-30	1.80784e-31	1.73822e-32	1.62185e-33	1.59495e-34	1.59495e-34	
0.000685204	0.000423667	0.00025205	0.000144033	7.89298e-05	4.14157e-05	2.07795e-05	9.95686e-06	4.5517e-06	1.98344e-06	8.23321e-07	3.254e-07	1.22415e-07	4.38295e-08	1.49356e-08	4.84478e-09	1.49638e-09	4.40239e-10	1.2343e-10	3.29966e-11	8.4157e-12	2.04909e-12	4.7662e-13	1.0598e-13	2.25434e-14	4.59065e-15	8.95569e-16	1.67497e-16	3.00544e-17	5.17735e-18	8.56859e-19	1.36336e-19	2.0869e-20	3.07518e-21	4.36509e-22	5.97232e-23	7.88108e-24	1.00364e-24	1.23417e-25	1.46628e-26	1.68401e-27	1.87063e-28	2.01081e-29	2.09273e-30	2.10973e-31	2.06118e-32	1.95247e-33	1.79516e-34	1.73809e-35	1.73809e-35	
0.000215433	0.000129487	7.48318e-05	4.15149e-05	2.20763e-05	1.12371e-05	5.46814e-06	2.54105e-06	1.12661e-06	4.76213e-07	1.91798e-07	7.35764e-08	2.68771e-08	9.34866e-09	3.09647e-09	9.76835e-10	2.93591e-10	8.41016e-11	2.29726e-11	5.98679e-12	1.48939e-12	3.5394e-13	8.03969e-14	1.74676e-14	3.63252e-15	7.23554e-16	1.38142e-16	2.52974e-17	4.44657e-18	7.50708e-19	1.21817e-19	1.9012e-20	2.8557e-21	4.13087e-22	5.75819e-23	7.73948e-24	1.00364e-24	1.25643e-25	1.51928e-26	1.77547e-27	2.00632e-28	2.19344e-29	2.32116e-30	2.37879e-31	2.36203e-32	2.27349e-33	2.12217e-34	1.92309e-35	1.8336e-36	1.8336e-36	
6.34546e-05	3.71174e-05	2.08616e-05	1.12495e-05	5.81217e-06	2.8735e-06	1.35789e-06	6.12742e-07	2.63813e-07	1.08303e-07	4.2375e-08	1.57966e-08	5.60964e-09	1.89765e-09	6.11587e-10	1.87827e-10	5.49864e-11	1.53508e-11	4.08875e-12	1.03961e-12	2.52476e-13	5.8602e-14	1.30084e-14	2.76343e-15	5.62179e-16	1.09598e-16	2.04894e-17	3.6758e-18	6.33238e-19	1.04825e-19	1.66852e-20	2.55537e-21	3.76796e-22	5.35257e-23	7.32971e-24	9.68144e-25	1.23417e-25	1.51928e-26	1.80705e-27	2.0778e-28	2.31084e-29	2.48707e-30	2.59163e-31	2.61599e-32	2.55906e-33	2.42718e-34	2.23305e-35	1.99484e-36	1.87346e-37	1.87346e-37	
1.75592e-05	1.00062e-05	5.47539e-06	2.87309e-06	1.44386e-06	6.94133e-07	3.18908e-07	1.399e-07	5.85588e-08	2.3375e-08	8.89463e-09	3.22563e-09	1.11473e-09	3.67122e-10	1.1524e-10	3.44868e-11	9.84277e-12	2.68026e-12	6.96699e-13	1.72963e-13	4.10353e-14	9.3094e-15	2.0208e-15	4.19997e-16	8.36333e-17	1.59667e-17	2.92444e-18	5.14227e-19	8.68641e-20	1.41054e-20	2.20327e-21	3.31259e-22	4.79685e-23	6.69419e-24	9.00853e-25	1.16971e-25	1.46628e-26	1.77547e-27	2.0778e-28	2.35135e-29	2.57439e-30	2.72832e-31	2.80021e-32	2.78462e-33	2.68424e-34	2.50929e-35	2.27586e-36	2.00462e-37	1.85478e-38	1.85478e-38	
4.57673e-06	2.54322e-06	1.35622e-06	6.93185e-07	3.3919e-07	1.58731e-07	7.09761e-08	3.03015e-08	1.2344e-08	4.79602e-09	1.77668e-09	6.27426e-10	2.11215e-10	6.77847e-11	2.07427e-11	6.05405e-12	1.68592e-12	4.48153e-13	1.1377e-13	2.75983e-14	6.4008e-15	1.42021e-15	3.01655e-16	6.13744e-17	1.19693e-17	2.23891e-18	4.01961e-19	6.93093e-20	1.14853e-20	1.83029e-21	2.80669e-22	4.1442e-23	5.89555e-24	8.08545e-25	1.06964e-25	1.36574e-26	1.68401e-27	2.00632e-28	2.31084e-29	2.57439e-30	2.77546e-31	2.89711e-32	2.92935e-33	2.87049e-34	2.72719e-35	2.51327e-36	2.24759e-37	1.95238e-38	1.78007e-39	1.78007e-39	
1.12627e-06	6.10811e-07	3.17719e-07	1.58325e-07	7.55048e-08	3.44279e-08	1.49972e-08	6.23716e-09	2.47521e-09	9.36962e-10	3.3823e-10	1.16421e-10	3.82113e-11	1.19603e-11	3.57092e-12	1.01728e-12	2.76627e-13	7.18347e-14	1.78229e-14	4.22733e-15	9.59061e-16	2.08249e-16	4.3306e-17	8.63014e-18	1.6492e-18	3.02408e-19	5.3243e-20	9.00658e-21	1.46475e-21	2.29165e-22	3.45131e-23	5.00652e-24	6.99948e-25	9.43688e-26	1.22765e-26	1.54187e-27	1.87063e-28	2.19344e-29	2.48707e-30	2.72832e-31	2.89711e-32	2.97924e-33	2.96838e-34	2.86686e-35	2.6851e-36	2.43987e-37	2.15185e-38	1.84373e-39	1.65681e-40	1.65681e-40	
2.62239e-07	1.38914e-07	7.05393e-08	3.43001e-08	1.59562e-08	7.09525e-09	3.01375e-09	1.22207e-09	4.72873e-10	1.74551e-10	6.14541e-11	2.06352e-11	6.60883e-12	2.01914e-12	5.88639e-13	1.63801e-13	4.35255e-14	1.10492e-14	2.68105e-15	6.22157e-16	1.38156e-16	2.93747e-17	5.98387e-18	1.16861e-18	2.18934e-19	3.93721e-20	6.80104e-21	1.12914e-21	1.80293e-22	2.77038e-23	4.09916e-24	5.84393e-25	8.03208e-26	1.06491e-26	1.36272e-27	1.68402e-28	2.01081e-29	2.32116e-30	2.59163e-31	2.80021e-32	2.92935e-33	2.96838e-34	2.91498e-35	2.77534e-36	2.56301e-37	2.2968e-38	1.99809e-39	1.68896e-40	1.49617e-41	1.49617e-41	
5.78872e-08	2.99732e-08	1.48696e-08	7.06093e-09	3.20666e-09	1.39172e-09	5.76882e-10	2.2827e-10	8.61948e-11	3.10514e-11	1.06709e-11	3.49816e-12	1.09407e-12	3.26517e-13	9.30135e-14	2.53e-14	6.57377e-15	1.63242e-15	3.87616e-16	8.80563e-17	1.91497e-17	3.98903e-18	7.96423e-19	1.52497e-19	2.80218e-20	4.94448e-21	8.38317e-22	1.36657e-22	2.14318e-23	3.2356e-24	4.70524e-25	6.59472e-26	8.91355e-27	1.16249e-27	1.46372e-28	1.78028e-29	2.09273e-30	2.37879e-31	2.61599e-32	2.78462e-33	2.87049e-34	2.86686e-35	2.77534e-36	2.60542e-37	2.37288e-38	2.09746e-39	1.80016e-40	1.50144e-41	1.31141e-42	1.31141e-42	
1.21364e-08	6.14666e-09	2.98119e-09	1.38347e-09	6.13821e-10	2.60212e-10	1.0534e-10	4.07064e-11	1.5011e-11	5.28157e-12	1.77295e-12	5.67853e-13	1.73558e-13	5.06321e-14	1.41032e-14	3.75217e-15	9.53925e-16	2.31859e-16	5.39064e-17	1.19951e-17	2.55605e-18	5.21911e-19	1.02176e-19	1.91911e-20	3.46033e-21	5.9934e-22	9.97786e-23	1.59764e-23	2.46184e-24	3.65295e-25	5.22263e-26	7.19859e-27	9.57119e-28	1.22826e-28	1.52213e-29	1.82259e-30	2.10973e-31	2.36203e-32	2.55906e-33	2.68424e-34	2.72719e-35	2.6851e-36	2.56301e-37	2.37288e-38	2.13167e-39	1.85893e-40	1.57428e-41	1.29582e-42	1.11615e-43	1.11615e-43	
2.42079e-09	1.19998e-09	5.69373e-10	2.58394e-10	1.12083e-10	4.64427e-11	1.83748e-11	6.93921e-12	2.50082e-12	8.59994e-13	2.82194e-13	8.83655e-14	2.64109e-14	7.53647e-15	2.05392e-15	5.34817e-16	1.33116e-16	3.16868e-17	7.21736e-18	1.57389e-18	3.28792e-19	6.5838e-20	1.26446e-20	2.33066e-21	4.12535e-22	7.01653e-23	1.14744e-23	1.80528e-24	2.73422e-25	3.98889e-26	5.6086e-27	7.60481e-28	9.94946e-29	1.25669e-29	1.53322e-30	1.80784e-31	2.06118e-32	2.27349e-33	2.42718e-34	2.50929e-35	2.51327e-36	2.43987e-37	2.2968e-38	2.09746e-39	1.85893e-40	1.59958e-41	1.3369e-42	1.08617e-43	9.22785e-45	9.22785e-45	
4.6016e-10	2.23382e-10	1.03753e-10	4.60747e-11	1.95514e-11	7.92377e-12	3.06593e-12	1.13228e-12	3.99059e-13	1.34213e-13	4.30769e-14	1.31963e-14	3.85935e-15	1.07786e-15	2.87581e-16	7.33306e-17	1.78791e-17	4.17022e-18	9.31031e-19	1.9907e-19	4.07883e-20	8.0134e-21	1.51047e-21	2.73329e-22	4.75122e-23	7.93846e-24	1.27568e-24	1.97282e-25	2.93784e-26	4.2152e-27	5.83055e-28	7.77941e-29	1.00178e-29	1.24572e-30	1.49666e-31	1.73822e-32	1.95247e-33	2.12217e-34	2.23305e-35	2.27586e-36	2.24759e-37	2.15185e-38	1.99809e-39	1.80016e-40	1.57428e-41	1.3369e-42	1.10289e-43	8.84582e-45	7.41379e-46	7.41379e-46	
8.38294e-11	3.98651e-11	1.81311e-11	7.88181e-12	3.27319e-12	1.29802e-12	4.91387e-13	1.77546e-13	6.12216e-14	2.01467e-14	6.32782e-15	1.89729e-15	5.43196e-16	1.48548e-16	3.88182e-17	9.69733e-18	2.31701e-18	5.2977e-19	1.15977e-19	2.43233e-20	4.88991e-21	9.42894e-22	1.7449e-22	3.10093e-23	5.29527e-24	8.69408e-25	1.37328e-25	2.08812e-26	3.0582e-27	4.31661e-28	5.87535e-29	7.7158e-30	9.78187e-31	1.19782e-31	1.41746e-32	1.62185e-33	1.79516e-34	1.92309e-35	1.99484e-36	2.00462e-37	1.95238e-38	1.84373e-39	1.68896e-40	1.50144e-41	1.29582e-42	1.08617e-43	8.84582e-45	7.00499e-46	5.79262e-47	5.79262e-47	
1.68604e-11	7.84108e-12	3.48611e-12	1.48093e-12	6.0085e-13	2.32752e-13	8.60635e-14	3.03728e-14	1.023e-14	3.28869e-15	1.00922e-15	2.95711e-16	8.2755e-17	2.2127e-17	5.65502e-18	1.38206e-18	3.2316e-19	7.23329e-20	1.55068e-20	3.18587e-21	6.27633e-22	1.18636e-22	2.15287e-23	3.75299e-24	6.2886e-25	1.01347e-25	1.57181e-26	2.3474e-27	3.37767e-28	4.68533e-29	6.26902e-30	8.09535e-31	1.00944e-31	1.21609e-32	1.41617e-33	1.59495e-34	1.73809e-35	1.8336e-36	1.87346e-37	1.85478e-38	1.78007e-39	1.65681e-40	1.49617e-41	1.31141e-42	1.11615e-43	9.22785e-45	7.41379e-46	5.79262e-47	4.72278e-48	4.72278e-48	
1.68604e-11	7.84108e-12	3.48611e-12	1.48093e-12	6.0085e-13	2.32752e-13	8.60635e-14	3.03728e-14	1.023e-14	3.28869e-15	1.00922e-15	2.95711e-16	8.2755e-17	2.2127e-17	5.65502e-18	1.38206e-18	3.2316e-19	7.23329e-20	1.55068e-20	3.18587e-21	6.27633e-22	1.18636e-22	2.15287e-23	3.75299e-24	6.2886e-25	1.01347e-25	1.57181e-26	2.3474e-27	3.37767e-28	4.68533e-29	6.26902e-30	8.09535e-31	1.00944e-31	1.21609e-32	1.41617e-33	1.59495e-34	1.73809e-35	1.8336e-36	1.87346e-37	1.85478e-38	1.78007e-39	1.65681e-40	1.49617e-41	1.31141e-42	1.11615e-43	9.22785e-45	7.41379e-46	5.79262e-47	4.72278e-48	4.72278e-48	
