0.483394	0.138459	0.0229098	0.00247039	0.000197218	0.000197218	
0.138459	0.028834	0.00378653	0.00033973	2.30816e-05	2.30816e-05	
0.0229098	0.00378653	0.000412788	3.16392e-05	1.86253e-06	1.86253e-06	
0.00247039	0.00033973	3.16392e-05	2.11069e-06	1.0913e-07	1.0913e-07	
0.000197218	2.30816e-05	1.86253e-06	1.0913e-07	4.98759e-09	4.98759e-09	
0.000197218	2.30816e-05	1.86253e-06	1.0913e-07	4.98759e-09	4.98759e-09	
