0.347024	0.325987	0.278924	0.229387	0.198435	0.190164	0.199397	0.213951	0.23187	0.257076	0.269133	0.244489	0.187802	0.126728	0.0755665	0.0333135	0.0103713	-0.000745654	-0.0109577	-0.000465644	0.0350679	0.0927275	0.164619	0.231368	0.277358	0.291334	0.278949	0.25244	0.209898	0.153198	0.0907595	0.0282415	-0.0348246	-0.111629	-0.203746	-0.290924	-0.346749	-0.360521	-0.338674	-0.288148	-0.206028	-0.101767	0.00995777	0.123701	0.234137	0.33647	0.420584	0.482452	0.515906	0.515906	
0.325987	0.307941	0.26417	0.214602	0.175414	0.161925	0.167874	0.182684	0.20486	0.243646	0.270267	0.251401	0.200856	0.151821	0.113458	0.092926	0.0855289	0.0795344	0.0792458	0.0882189	0.113041	0.158246	0.218417	0.268892	0.297523	0.298665	0.280841	0.243822	0.180539	0.0989903	0.0138434	-0.0656221	-0.145812	-0.235152	-0.337913	-0.429561	-0.480487	-0.485412	-0.453588	-0.39323	-0.302333	-0.192866	-0.0807081	0.0317717	0.145274	0.25734	0.351661	0.417232	0.453429	0.453429	
0.278924	0.26417	0.227566	0.186392	0.147671	0.128579	0.129922	0.139091	0.167489	0.206944	0.228712	0.21649	0.182331	0.144537	0.119808	0.116129	0.125591	0.132178	0.143359	0.15662	0.174821	0.208463	0.251808	0.289039	0.305137	0.297171	0.271217	0.220166	0.135377	0.0355256	-0.0566635	-0.144362	-0.228005	-0.322483	-0.43063	-0.518134	-0.569524	-0.567498	-0.522398	-0.451375	-0.346859	-0.230732	-0.121054	-0.0101186	0.105492	0.221591	0.322007	0.390499	0.426548	0.426548	
0.229387	0.214602	0.186392	0.148402	0.111079	0.0828888	0.070507	0.0729579	0.0920366	0.119871	0.136986	0.134912	0.114777	0.0887296	0.0781111	0.094609	0.123244	0.149034	0.174448	0.192654	0.211079	0.229657	0.253839	0.280644	0.287587	0.27081	0.234506	0.169733	0.0720487	-0.0355819	-0.133477	-0.222356	-0.310158	-0.402153	-0.494539	-0.572466	-0.611857	-0.595587	-0.534614	-0.437696	-0.313558	-0.190596	-0.0798706	0.0258029	0.134377	0.247859	0.345599	0.41164	0.449342	0.449342	
0.198435	0.175414	0.147671	0.111079	0.0673939	0.0248545	-0.0104399	-0.0317605	-0.035019	-0.0257078	-0.0172048	-0.0157618	-0.0210743	-0.027207	-0.0168801	0.0173446	0.0692335	0.119314	0.161868	0.196579	0.21473	0.216807	0.222243	0.234419	0.230499	0.202745	0.154569	0.0762044	-0.0267957	-0.12887	-0.221388	-0.306792	-0.387307	-0.462271	-0.530669	-0.584794	-0.600943	-0.56275	-0.47095	-0.337627	-0.191567	-0.0575338	0.0512531	0.142125	0.236791	0.329916	0.410439	0.472569	0.505277	0.505277	
0.190164	0.161925	0.128579	0.0828888	0.0248545	-0.0446582	-0.115376	-0.175735	-0.213048	-0.229226	-0.241791	-0.24752	-0.236809	-0.217054	-0.184127	-0.125636	-0.042078	0.040331	0.106737	0.157809	0.179533	0.170138	0.155294	0.150249	0.130594	0.0887282	0.0242249	-0.0619599	-0.156774	-0.243533	-0.320278	-0.385969	-0.443133	-0.487995	-0.5152	-0.536835	-0.525595	-0.459688	-0.337097	-0.172752	-0.00603198	0.13668	0.241354	0.316549	0.386634	0.451787	0.509621	0.563794	0.593345	0.593345	
0.199397	0.167874	0.129922	0.070507	-0.0104399	-0.115376	-0.233023	-0.340341	-0.417585	-0.468919	-0.509229	-0.525118	-0.507001	-0.459287	-0.396258	-0.308403	-0.19609	-0.0839979	0.00515724	0.0695788	0.0896077	0.0742373	0.0501284	0.0255574	-0.00533494	-0.0555205	-0.130076	-0.219147	-0.304614	-0.370894	-0.419222	-0.455532	-0.475111	-0.474693	-0.458978	-0.440029	-0.395667	-0.300731	-0.153817	0.0282144	0.207877	0.35218	0.454564	0.518144	0.560313	0.597865	0.63304	0.673559	0.700213	0.700213	
0.213951	0.182684	0.139091	0.0729579	-0.0317605	-0.175735	-0.340341	-0.49179	-0.613894	-0.70697	-0.781084	-0.814486	-0.787917	-0.7147	-0.623223	-0.507651	-0.371336	-0.236295	-0.126615	-0.0584981	-0.0378389	-0.0577317	-0.0940176	-0.127951	-0.163446	-0.211273	-0.282633	-0.365541	-0.437856	-0.481588	-0.498185	-0.499343	-0.480975	-0.440073	-0.384181	-0.327122	-0.248478	-0.127291	0.037187	0.224613	0.404214	0.551026	0.649949	0.706088	0.730721	0.747352	0.771151	0.800339	0.824412	0.824412	
0.23187	0.20486	0.167489	0.0920366	-0.035019	-0.213048	-0.417585	-0.613894	-0.787951	-0.928831	-1.03385	-1.07831	-1.04245	-0.947414	-0.824934	-0.685574	-0.534389	-0.383695	-0.267964	-0.202563	-0.185001	-0.203431	-0.24246	-0.282636	-0.313258	-0.349892	-0.411488	-0.485466	-0.54458	-0.563777	-0.550654	-0.519104	-0.468834	-0.39477	-0.30644	-0.215374	-0.101104	0.0400195	0.212077	0.39531	0.563879	0.707768	0.80758	0.8569	0.872413	0.876881	0.884664	0.902393	0.912706	0.912706	
0.257076	0.243646	0.206944	0.119871	-0.0257078	-0.229226	-0.468919	-0.70697	-0.928831	-1.11246	-1.2451	-1.2961	-1.25194	-1.13852	-0.986292	-0.824381	-0.662997	-0.508388	-0.392947	-0.325234	-0.309844	-0.330646	-0.367424	-0.401264	-0.423141	-0.451581	-0.498547	-0.563853	-0.614387	-0.609338	-0.571484	-0.51357	-0.435382	-0.336832	-0.220044	-0.10074	0.038062	0.194102	0.364062	0.532329	0.683823	0.815489	0.906098	0.946099	0.950224	0.940434	0.930264	0.925659	0.916547	0.916547	
0.269133	0.270267	0.228712	0.136986	-0.0172048	-0.241791	-0.509229	-0.781084	-1.03385	-1.2451	-1.3911	-1.44129	-1.3902	-1.26386	-1.09853	-0.924792	-0.754048	-0.596208	-0.4787	-0.412526	-0.395873	-0.408531	-0.434157	-0.454903	-0.465253	-0.478442	-0.517096	-0.578433	-0.61509	-0.600953	-0.553324	-0.479845	-0.383902	-0.267947	-0.129799	0.0130805	0.162765	0.323443	0.480748	0.62111	0.745116	0.848849	0.919932	0.947926	0.938549	0.91764	0.890841	0.857446	0.830865	0.830865	
0.244489	0.251401	0.21649	0.134912	-0.0157618	-0.24752	-0.525118	-0.814486	-1.07831	-1.2961	-1.44129	-1.48344	-1.43571	-1.31494	-1.15411	-0.979754	-0.806292	-0.652965	-0.533862	-0.463437	-0.439024	-0.434973	-0.436398	-0.439799	-0.438547	-0.440849	-0.468929	-0.511947	-0.535829	-0.522949	-0.474038	-0.40599	-0.309269	-0.180838	-0.0357384	0.114958	0.261456	0.409976	0.538859	0.641932	0.727251	0.792194	0.838332	0.853077	0.836159	0.808115	0.772094	0.718627	0.680792	0.680792	
0.187802	0.200856	0.182331	0.114777	-0.0210743	-0.236809	-0.507001	-0.787917	-1.04245	-1.25194	-1.3902	-1.43571	-1.39546	-1.29152	-1.15268	-0.991898	-0.825788	-0.680647	-0.563237	-0.490327	-0.445553	-0.416804	-0.397466	-0.383015	-0.367189	-0.355166	-0.362982	-0.379722	-0.389583	-0.37795	-0.338797	-0.282213	-0.193489	-0.0680826	0.0646114	0.201333	0.327244	0.441899	0.535985	0.598009	0.635167	0.662345	0.679536	0.676412	0.657001	0.621848	0.580719	0.523262	0.481612	0.481612	
0.126728	0.151821	0.144537	0.0887296	-0.027207	-0.217054	-0.459287	-0.7147	-0.947414	-1.13852	-1.26386	-1.31494	-1.29152	-1.21987	-1.10989	-0.969474	-0.815679	-0.682778	-0.5742	-0.502447	-0.443046	-0.385814	-0.342591	-0.305908	-0.274232	-0.237545	-0.210466	-0.195191	-0.186636	-0.171654	-0.150051	-0.112377	-0.0396347	0.0624991	0.171483	0.277193	0.366138	0.436946	0.48686	0.502484	0.49421	0.483116	0.469588	0.450061	0.420544	0.375868	0.329739	0.275515	0.238653	0.238653	
0.0755665	0.113458	0.119808	0.0781111	-0.0168801	-0.184127	-0.396258	-0.623223	-0.824934	-0.986292	-1.09853	-1.15411	-1.15268	-1.10989	-1.0281	-0.911648	-0.781088	-0.66776	-0.577368	-0.502448	-0.431339	-0.355542	-0.292079	-0.232574	-0.168095	-0.0956764	-0.0243967	0.0277737	0.0560992	0.0707569	0.0764478	0.0902316	0.132171	0.197378	0.270866	0.336866	0.38162	0.411283	0.41329	0.381918	0.333645	0.278399	0.233577	0.195	0.147305	0.0942307	0.0446542	-0.000698918	-0.0249655	-0.0249655	
0.0333135	0.092926	0.116129	0.094609	0.0173446	-0.125636	-0.308403	-0.507651	-0.685574	-0.824381	-0.924792	-0.979754	-0.991898	-0.969474	-0.911648	-0.826261	-0.728075	-0.639155	-0.564263	-0.496144	-0.420123	-0.331652	-0.248987	-0.163803	-0.0652734	0.0504544	0.165821	0.253053	0.304533	0.320974	0.313191	0.298528	0.30305	0.324	0.35321	0.377121	0.37938	0.368014	0.326711	0.258304	0.169547	0.0772548	0.000797682	-0.0635463	-0.126738	-0.19166	-0.24004	-0.274054	-0.283365	-0.283365	
0.0103713	0.0855289	0.125591	0.123244	0.0692335	-0.042078	-0.19609	-0.371336	-0.534389	-0.662997	-0.754048	-0.806292	-0.825788	-0.815679	-0.781088	-0.728075	-0.664886	-0.605124	-0.552656	-0.497339	-0.422913	-0.331559	-0.223701	-0.103002	0.0336363	0.185257	0.333683	0.450225	0.520795	0.544342	0.530187	0.493299	0.456964	0.434034	0.416923	0.397446	0.364015	0.315963	0.240714	0.141839	0.0203732	-0.101399	-0.20371	-0.290181	-0.365636	-0.441065	-0.493458	-0.520149	-0.523213	-0.523213	
-0.000745654	0.0795344	0.132178	0.149034	0.119314	0.040331	-0.0839979	-0.236295	-0.383695	-0.508388	-0.596208	-0.652965	-0.680647	-0.682778	-0.66776	-0.639155	-0.605124	-0.576497	-0.548856	-0.505595	-0.43898	-0.344659	-0.213309	-0.0606802	0.10612	0.288105	0.462829	0.602536	0.68963	0.71907	0.702075	0.65034	0.583682	0.523191	0.462137	0.403494	0.336852	0.257945	0.161955	0.0377558	-0.104207	-0.247058	-0.370712	-0.470094	-0.554341	-0.630872	-0.683886	-0.704002	-0.704421	-0.704421	
-0.0109577	0.0792458	0.143359	0.174448	0.161868	0.106737	0.00515724	-0.126615	-0.267964	-0.392947	-0.4787	-0.533862	-0.563237	-0.5742	-0.577368	-0.564263	-0.552656	-0.548856	-0.535723	-0.510603	-0.45317	-0.35445	-0.209628	-0.0346005	0.147338	0.343802	0.529568	0.681087	0.781197	0.813781	0.795733	0.740804	0.655608	0.570427	0.484417	0.39704	0.313175	0.212996	0.0984985	-0.0441316	-0.203705	-0.357256	-0.488614	-0.58755	-0.670544	-0.739419	-0.789575	-0.809661	-0.810338	-0.810338	
-0.000465644	0.0882189	0.15662	0.192654	0.196579	0.157809	0.0695788	-0.0584981	-0.202563	-0.325234	-0.412526	-0.463437	-0.490327	-0.502447	-0.502448	-0.496144	-0.497339	-0.505595	-0.510603	-0.485092	-0.43404	-0.341849	-0.202659	-0.0363366	0.146136	0.331444	0.514623	0.67037	0.765834	0.802273	0.796506	0.747236	0.667879	0.573556	0.47055	0.36907	0.273044	0.167784	0.0464775	-0.0988969	-0.259821	-0.41154	-0.539014	-0.634917	-0.709711	-0.769156	-0.810543	-0.824956	-0.826227	-0.826227	
0.0350679	0.113041	0.174821	0.211079	0.21473	0.179533	0.0896077	-0.0378389	-0.185001	-0.309844	-0.395873	-0.439024	-0.445553	-0.443046	-0.431339	-0.420123	-0.422913	-0.43898	-0.45317	-0.43404	-0.389163	-0.312716	-0.193147	-0.0495345	0.108463	0.268399	0.431281	0.569326	0.653138	0.692007	0.691569	0.658938	0.596887	0.507314	0.409199	0.311713	0.218491	0.117372	9.68024e-05	-0.136441	-0.282178	-0.411198	-0.519165	-0.599698	-0.663372	-0.716089	-0.749558	-0.765225	-0.76662	-0.76662	
0.0927275	0.158246	0.208463	0.229657	0.216807	0.170138	0.0742373	-0.0577317	-0.203431	-0.330646	-0.408531	-0.434973	-0.416804	-0.385814	-0.355542	-0.331652	-0.331559	-0.344659	-0.35445	-0.341849	-0.312716	-0.263511	-0.18254	-0.0784029	0.0424292	0.169842	0.297439	0.39899	0.462616	0.49012	0.493538	0.483217	0.445339	0.38152	0.30564	0.228144	0.151045	0.0636144	-0.0392237	-0.155632	-0.271357	-0.369533	-0.449507	-0.510333	-0.562535	-0.605181	-0.629313	-0.639713	-0.638379	-0.638379	
0.164619	0.218417	0.251808	0.253839	0.222243	0.155294	0.0501284	-0.0940176	-0.24246	-0.367424	-0.434157	-0.436398	-0.397466	-0.342591	-0.292079	-0.248987	-0.223701	-0.213309	-0.209628	-0.202659	-0.193147	-0.18254	-0.158051	-0.110698	-0.0464834	0.0283813	0.106829	0.169237	0.209098	0.225655	0.241501	0.254124	0.248581	0.226955	0.185583	0.140655	0.0875502	0.0206092	-0.0620376	-0.153329	-0.235279	-0.307173	-0.360433	-0.404302	-0.444955	-0.471807	-0.483333	-0.477888	-0.469938	-0.469938	
0.231368	0.268892	0.289039	0.280644	0.234419	0.150249	0.0255574	-0.127951	-0.282636	-0.401264	-0.454903	-0.439799	-0.383015	-0.305908	-0.232574	-0.163803	-0.103002	-0.0606802	-0.0346005	-0.0363366	-0.0495345	-0.0784029	-0.110698	-0.134373	-0.144821	-0.13376	-0.114078	-0.0968558	-0.0768214	-0.0585591	-0.0309889	0.0102049	0.0457566	0.0691846	0.0722993	0.0656517	0.0415421	-0.00479885	-0.0649701	-0.129707	-0.188251	-0.234193	-0.266392	-0.295787	-0.321597	-0.340845	-0.343965	-0.331309	-0.320218	-0.320218	
0.277358	0.297523	0.305137	0.287587	0.230499	0.130594	-0.00533494	-0.163446	-0.313258	-0.423141	-0.465253	-0.438547	-0.367189	-0.274232	-0.168095	-0.0652734	0.0336363	0.10612	0.147338	0.146136	0.108463	0.0424292	-0.0464834	-0.144821	-0.228636	-0.281556	-0.318213	-0.338419	-0.342825	-0.328041	-0.286639	-0.223656	-0.147352	-0.0802058	-0.0339749	-0.00544296	-0.00321836	-0.0224568	-0.0572999	-0.0947786	-0.131518	-0.161858	-0.183309	-0.201042	-0.217686	-0.230902	-0.224106	-0.209134	-0.192744	-0.192744	
0.291334	0.298665	0.297171	0.27081	0.202745	0.0887282	-0.0555205	-0.211273	-0.349892	-0.451581	-0.478442	-0.440849	-0.355166	-0.237545	-0.0956764	0.0504544	0.185257	0.288105	0.343802	0.331444	0.268399	0.169842	0.0283813	-0.13376	-0.281556	-0.393231	-0.480572	-0.53862	-0.56131	-0.552645	-0.504842	-0.42631	-0.328017	-0.227336	-0.14574	-0.0816108	-0.0454454	-0.0336062	-0.0376236	-0.0548453	-0.0788131	-0.102295	-0.117711	-0.124631	-0.130698	-0.13605	-0.126338	-0.109772	-0.0951926	-0.0951926	
0.278949	0.280841	0.271217	0.234506	0.154569	0.0242249	-0.130076	-0.282633	-0.411488	-0.498547	-0.517096	-0.468929	-0.362982	-0.210466	-0.0243967	0.165821	0.333683	0.462829	0.529568	0.514623	0.431281	0.297439	0.106829	-0.114078	-0.318213	-0.480572	-0.602147	-0.687351	-0.727058	-0.720541	-0.674406	-0.593661	-0.481318	-0.361599	-0.251175	-0.154831	-0.0860843	-0.0416774	-0.0190491	-0.0154941	-0.0306822	-0.0497625	-0.0590845	-0.0592713	-0.0590875	-0.0593647	-0.0489428	-0.0367502	-0.0239906	-0.0239906	
0.25244	0.243822	0.220166	0.169733	0.0762044	-0.0619599	-0.219147	-0.365541	-0.485466	-0.563853	-0.578433	-0.511947	-0.379722	-0.195191	0.0277737	0.253053	0.450225	0.602536	0.681087	0.67037	0.569326	0.39899	0.169237	-0.0968558	-0.338419	-0.53862	-0.687351	-0.787808	-0.838867	-0.832891	-0.787959	-0.709069	-0.596942	-0.472949	-0.347786	-0.231312	-0.138977	-0.065813	-0.0165198	0.00652219	0.00941456	0.000776631	-0.000701175	0.00564472	0.00669762	0.00778614	0.0147737	0.0230902	0.0305406	0.0305406	
0.209898	0.180539	0.135377	0.0720487	-0.0267957	-0.156774	-0.304614	-0.437856	-0.54458	-0.614387	-0.61509	-0.535829	-0.389583	-0.186636	0.0560992	0.304533	0.520795	0.68963	0.781197	0.765834	0.653138	0.462616	0.209098	-0.0768214	-0.342825	-0.56131	-0.727058	-0.838867	-0.887516	-0.885385	-0.849057	-0.777921	-0.680648	-0.564617	-0.438419	-0.315927	-0.210313	-0.124366	-0.0560146	-0.0119801	0.0141086	0.0312917	0.0503244	0.0679912	0.0758602	0.0813997	0.0857872	0.0938504	0.0953755	0.0953755	
0.153198	0.0989903	0.0355256	-0.0355819	-0.12887	-0.243533	-0.370894	-0.481588	-0.563777	-0.609338	-0.600953	-0.522949	-0.37795	-0.171654	0.0707569	0.320974	0.544342	0.71907	0.813781	0.802273	0.692007	0.49012	0.225655	-0.0585591	-0.328041	-0.552645	-0.720541	-0.832891	-0.885385	-0.893737	-0.869485	-0.813642	-0.734109	-0.63032	-0.51236	-0.399968	-0.2965	-0.210491	-0.13682	-0.0701092	-0.0140789	0.035378	0.0828407	0.115837	0.133703	0.150251	0.161696	0.174206	0.176762	0.176762	
0.0907595	0.0138434	-0.0566635	-0.133477	-0.221388	-0.320278	-0.419222	-0.498185	-0.550654	-0.571484	-0.553324	-0.474038	-0.338797	-0.150051	0.0764478	0.313191	0.530187	0.702075	0.795733	0.796506	0.691569	0.493538	0.241501	-0.0309889	-0.286639	-0.504842	-0.674406	-0.787959	-0.849057	-0.869485	-0.859781	-0.818408	-0.752135	-0.667006	-0.566041	-0.469388	-0.380844	-0.303636	-0.227722	-0.145239	-0.059658	0.0225771	0.0944546	0.141077	0.17014	0.196863	0.214757	0.235114	0.237456	0.237456	
0.0282415	-0.0656221	-0.144362	-0.222356	-0.306792	-0.385969	-0.455532	-0.499343	-0.519104	-0.51357	-0.479845	-0.40599	-0.282213	-0.112377	0.0902316	0.298528	0.493299	0.65034	0.740804	0.747236	0.658938	0.483217	0.254124	0.0102049	-0.223656	-0.42631	-0.593661	-0.709069	-0.777921	-0.813642	-0.818408	-0.78877	-0.737811	-0.674034	-0.595467	-0.524954	-0.454796	-0.393293	-0.3204	-0.222479	-0.113014	0.000870364	0.0916957	0.148977	0.185452	0.213985	0.234307	0.251909	0.254397	0.254397	
-0.0348246	-0.145812	-0.228005	-0.310158	-0.387307	-0.443133	-0.475111	-0.480975	-0.468834	-0.435382	-0.383902	-0.309269	-0.193489	-0.0396347	0.132171	0.30305	0.456964	0.583682	0.655608	0.667879	0.596887	0.445339	0.248581	0.0457566	-0.147352	-0.328017	-0.481318	-0.596942	-0.680648	-0.734109	-0.752135	-0.737811	-0.705499	-0.665813	-0.617712	-0.574823	-0.526649	-0.478076	-0.409849	-0.301667	-0.170394	-0.0333601	0.0736478	0.141932	0.185801	0.214499	0.23307	0.244768	0.245921	0.245921	
-0.111629	-0.235152	-0.322483	-0.402153	-0.462271	-0.487995	-0.474693	-0.440073	-0.39477	-0.336832	-0.267947	-0.180838	-0.0680826	0.0624991	0.197378	0.324	0.434034	0.523191	0.570427	0.573556	0.507314	0.38152	0.226955	0.0691846	-0.0802058	-0.227336	-0.361599	-0.472949	-0.564617	-0.63032	-0.667006	-0.674034	-0.665813	-0.658871	-0.644102	-0.625312	-0.597894	-0.560911	-0.497861	-0.388656	-0.242015	-0.0921922	0.0312042	0.116485	0.173	0.215126	0.236416	0.250041	0.254569	0.254569	
-0.203746	-0.337913	-0.43063	-0.494539	-0.530669	-0.5152	-0.458978	-0.384181	-0.30644	-0.220044	-0.129799	-0.0357384	0.0646114	0.171483	0.270866	0.35321	0.416923	0.462137	0.484417	0.47055	0.409199	0.30564	0.185583	0.0722993	-0.0339749	-0.14574	-0.251175	-0.347786	-0.438419	-0.51236	-0.566041	-0.595467	-0.617712	-0.644102	-0.662738	-0.669211	-0.661518	-0.638758	-0.583741	-0.480497	-0.331403	-0.170302	-0.0355621	0.0708764	0.1536	0.21275	0.250575	0.275021	0.287602	0.287602	
-0.290924	-0.429561	-0.518134	-0.572466	-0.584794	-0.536835	-0.440029	-0.327122	-0.215374	-0.10074	0.0130805	0.114958	0.201333	0.277193	0.336866	0.377121	0.397446	0.403494	0.39704	0.36907	0.311713	0.228144	0.140655	0.0656517	-0.00544296	-0.0816108	-0.154831	-0.231312	-0.315927	-0.399968	-0.469388	-0.524954	-0.574823	-0.625312	-0.669211	-0.694294	-0.702634	-0.690417	-0.6499	-0.556682	-0.41256	-0.255295	-0.110552	0.0127333	0.117491	0.200534	0.258458	0.299351	0.325397	0.325397	
-0.346749	-0.480487	-0.569524	-0.611857	-0.600943	-0.525595	-0.395667	-0.248478	-0.101104	0.038062	0.162765	0.261456	0.327244	0.366138	0.38162	0.37938	0.364015	0.336852	0.313175	0.273044	0.218491	0.151045	0.0875502	0.0415421	-0.00321836	-0.0454454	-0.0860843	-0.138977	-0.210313	-0.2965	-0.380844	-0.454796	-0.526649	-0.597894	-0.661518	-0.702634	-0.723896	-0.718933	-0.684213	-0.601797	-0.467312	-0.320871	-0.17956	-0.0508527	0.0655582	0.166512	0.243822	0.304642	0.344235	0.344235	
-0.360521	-0.485412	-0.567498	-0.595587	-0.56275	-0.459688	-0.300731	-0.127291	0.0400195	0.194102	0.323443	0.409976	0.441899	0.436946	0.411283	0.368014	0.315963	0.257945	0.212996	0.167784	0.117372	0.0636144	0.0206092	-0.00479885	-0.0224568	-0.0336062	-0.0416774	-0.065813	-0.124366	-0.210491	-0.303636	-0.393293	-0.478076	-0.560911	-0.638758	-0.690417	-0.718933	-0.718136	-0.683344	-0.608533	-0.490768	-0.356568	-0.229249	-0.108471	0.00901208	0.110229	0.197552	0.268854	0.31483	0.31483	
-0.338674	-0.453588	-0.522398	-0.534614	-0.47095	-0.337097	-0.153817	0.037187	0.212077	0.364062	0.480748	0.538859	0.535985	0.48686	0.41329	0.326711	0.240714	0.161955	0.0984985	0.0464775	9.68024e-05	-0.0392237	-0.0620376	-0.0649701	-0.0572999	-0.0376236	-0.0190491	-0.0165198	-0.0560146	-0.13682	-0.227722	-0.3204	-0.409849	-0.497861	-0.583741	-0.6499	-0.684213	-0.683344	-0.651162	-0.581746	-0.483122	-0.374051	-0.269065	-0.168525	-0.0683513	0.0265909	0.116786	0.190909	0.241913	0.241913	
-0.288148	-0.39323	-0.451375	-0.437696	-0.337627	-0.172752	0.0282144	0.224613	0.39531	0.532329	0.62111	0.641932	0.598009	0.502484	0.381918	0.258304	0.141839	0.0377558	-0.0441316	-0.0988969	-0.136441	-0.155632	-0.153329	-0.129707	-0.0947786	-0.0548453	-0.0154941	0.00652219	-0.0119801	-0.0701092	-0.145239	-0.222479	-0.301667	-0.388656	-0.480497	-0.556682	-0.601797	-0.608533	-0.581746	-0.532754	-0.463994	-0.385488	-0.312407	-0.238025	-0.160598	-0.0831677	-0.00179061	0.0654072	0.110668	0.110668	
-0.206028	-0.302333	-0.346859	-0.313558	-0.191567	-0.00603198	0.207877	0.404214	0.563879	0.683823	0.745116	0.727251	0.635167	0.49421	0.333645	0.169547	0.0203732	-0.104207	-0.203705	-0.259821	-0.282178	-0.271357	-0.235279	-0.188251	-0.131518	-0.0788131	-0.0306822	0.00941456	0.0141086	-0.0140789	-0.059658	-0.113014	-0.170394	-0.242015	-0.331403	-0.41256	-0.467312	-0.490768	-0.483122	-0.463994	-0.434505	-0.394825	-0.355474	-0.313236	-0.267173	-0.214863	-0.155938	-0.106956	-0.0751724	-0.0751724	
-0.101767	-0.192866	-0.230732	-0.190596	-0.0575338	0.13668	0.35218	0.551026	0.707768	0.815489	0.848849	0.792194	0.662345	0.483116	0.278399	0.0772548	-0.101399	-0.247058	-0.357256	-0.41154	-0.411198	-0.369533	-0.307173	-0.234193	-0.161858	-0.102295	-0.0497625	0.000776631	0.0312917	0.035378	0.0225771	0.000870364	-0.0333601	-0.0921922	-0.170302	-0.255295	-0.320871	-0.356568	-0.374051	-0.385488	-0.394825	-0.39446	-0.390644	-0.382509	-0.371205	-0.353712	-0.325012	-0.305769	-0.292663	-0.292663	
0.00995777	-0.0807081	-0.121054	-0.0798706	0.0512531	0.241354	0.454564	0.649949	0.80758	0.906098	0.919932	0.838332	0.679536	0.469588	0.233577	0.000797682	-0.20371	-0.370712	-0.488614	-0.539014	-0.519165	-0.449507	-0.360433	-0.266392	-0.183309	-0.117711	-0.0590845	-0.000701175	0.0503244	0.0828407	0.0944546	0.0916957	0.0736478	0.0312042	-0.0355621	-0.110552	-0.17956	-0.229249	-0.269065	-0.312407	-0.355474	-0.390644	-0.414263	-0.436034	-0.457315	-0.473893	-0.48535	-0.499806	-0.510813	-0.510813	
0.123701	0.0317717	-0.0101186	0.0258029	0.142125	0.316549	0.518144	0.706088	0.8569	0.946099	0.947926	0.853077	0.676412	0.450061	0.195	-0.0635463	-0.290181	-0.470094	-0.58755	-0.634917	-0.599698	-0.510333	-0.404302	-0.295787	-0.201042	-0.124631	-0.0592713	0.00564472	0.0679912	0.115837	0.141077	0.148977	0.141932	0.116485	0.0708764	0.0127333	-0.0508527	-0.108471	-0.168525	-0.238025	-0.313236	-0.382509	-0.436034	-0.487062	-0.535225	-0.579971	-0.621379	-0.661357	-0.689513	-0.689513	
0.234137	0.145274	0.105492	0.134377	0.236791	0.386634	0.560313	0.730721	0.872413	0.950224	0.938549	0.836159	0.657001	0.420544	0.147305	-0.126738	-0.365636	-0.554341	-0.670544	-0.709711	-0.663372	-0.562535	-0.444955	-0.321597	-0.217686	-0.130698	-0.0590875	0.00669762	0.0758602	0.133703	0.17014	0.185452	0.185801	0.173	0.1536	0.117491	0.0655582	0.00901208	-0.0683513	-0.160598	-0.267173	-0.371205	-0.457315	-0.535225	-0.603914	-0.671024	-0.734083	-0.793493	-0.833515	-0.833515	
0.33647	0.25734	0.221591	0.247859	0.329916	0.451787	0.597865	0.747352	0.876881	0.940434	0.91764	0.808115	0.621848	0.375868	0.0942307	-0.19166	-0.441065	-0.630872	-0.739419	-0.769156	-0.716089	-0.605181	-0.471807	-0.340845	-0.230902	-0.13605	-0.0593647	0.00778614	0.0813997	0.150251	0.196863	0.213985	0.214499	0.215126	0.21275	0.200534	0.166512	0.110229	0.0265909	-0.0831677	-0.214863	-0.353712	-0.473893	-0.579971	-0.671024	-0.753157	-0.834041	-0.903393	-0.949524	-0.949524	
0.420584	0.351661	0.322007	0.345599	0.410439	0.509621	0.63304	0.771151	0.884664	0.930264	0.890841	0.772094	0.580719	0.329739	0.0446542	-0.24004	-0.493458	-0.683886	-0.789575	-0.810543	-0.749558	-0.629313	-0.483333	-0.343965	-0.224106	-0.126338	-0.0489428	0.0147737	0.0857872	0.161696	0.214757	0.234307	0.23307	0.236416	0.250575	0.258458	0.243822	0.197552	0.116786	-0.00179061	-0.155938	-0.325012	-0.48535	-0.621379	-0.734083	-0.834041	-0.92632	-1.00421	-1.05216	-1.05216	
0.482452	0.417232	0.390499	0.41164	0.472569	0.563794	0.673559	0.800339	0.902393	0.925659	0.857446	0.718627	0.523262	0.275515	-0.000698918	-0.274054	-0.520149	-0.704002	-0.809661	-0.824956	-0.765225	-0.639713	-0.477888	-0.331309	-0.209134	-0.109772	-0.0367502	0.0230902	0.0938504	0.174206	0.235114	0.251909	0.244768	0.250041	0.275021	0.299351	0.304642	0.268854	0.190909	0.0654072	-0.106956	-0.305769	-0.499806	-0.661357	-0.793493	-0.903393	-1.00421	-1.08326	-1.13151	-1.13151	
0.515906	0.453429	0.426548	0.449342	0.505277	0.593345	0.700213	0.824412	0.912706	0.916547	0.830865	0.680792	0.481612	0.238653	-0.0249655	-0.283365	-0.523213	-0.704421	-0.810338	-0.826227	-0.76662	-0.638379	-0.469938	-0.320218	-0.192744	-0.0951926	-0.0239906	0.0305406	0.0953755	0.176762	0.237456	0.254397	0.245921	0.254569	0.287602	0.325397	0.344235	0.31483	0.241913	0.110668	-0.0751724	-0.292663	-0.510813	-0.689513	-0.833515	-0.949524	-1.05216	-1.13151	-1.17735	-1.17735	
0.515906	0.453429	0.426548	0.449342	0.505277	0.593345	0.700213	0.824412	0.912706	0.916547	0.830865	0.680792	0.481612	0.238653	-0.0249655	-0.283365	-0.523213	-0.704421	-0.810338	-0.826227	-0.76662	-0.638379	-0.469938	-0.320218	-0.192744	-0.0951926	-0.0239906	0.0305406	0.0953755	0.176762	0.237456	0.254397	0.245921	0.254569	0.287602	0.325397	0.344235	0.31483	0.241913	0.110668	-0.0751724	-0.292663	-0.510813	-0.689513	-0.833515	-0.949524	-1.05216	-1.13151	-1.17735	-1.17735	
