0.279521	0.279521	0.274326	0.281788	0.319898	0.385533	0.456144	0.528763	0.589516	0.622218	0.608182	0.539606	0.421087	0.274064	0.0968877	-0.110084	-0.302925	-0.452456	-0.559027	-0.64134	-0.717041	-0.801231	-0.874553	-0.927891	-0.966871	-0.995544	-1.01649	-1.02386	-1.01409	-0.986141	-0.935698	-0.865235	-0.779182	-0.669697	-0.521109	-0.355882	-0.206973	-0.0957868	-0.00857233	0.0710428	0.146356	0.219991	0.293883	0.382667	0.499691	0.637763	0.782052	0.917922	1.05426	1.18067	
0.279521	0.279521	0.274326	0.281788	0.319898	0.385533	0.456144	0.528763	0.589516	0.622218	0.608182	0.539606	0.421087	0.274064	0.0968877	-0.110084	-0.302925	-0.452456	-0.559027	-0.64134	-0.717041	-0.801231	-0.874553	-0.927891	-0.966871	-0.995544	-1.01649	-1.02386	-1.01409	-0.986141	-0.935698	-0.865235	-0.779182	-0.669697	-0.521109	-0.355882	-0.206973	-0.0957868	-0.00857233	0.0710428	0.146356	0.219991	0.293883	0.382667	0.499691	0.637763	0.782052	0.917922	1.05426	1.18067	
0.274326	0.274326	0.272951	0.291603	0.339934	0.39907	0.452061	0.50901	0.559127	0.576537	0.548481	0.478523	0.371546	0.23909	0.0789336	-0.103246	-0.27166	-0.410851	-0.521951	-0.608647	-0.679411	-0.758099	-0.834767	-0.89859	-0.94442	-0.976076	-1.00127	-1.01823	-1.01934	-0.998692	-0.949773	-0.876335	-0.784524	-0.670787	-0.52147	-0.356489	-0.201189	-0.0764062	0.0228592	0.103899	0.175089	0.248913	0.326784	0.41004	0.506092	0.621493	0.754243	0.887984	1.02031	1.14258	
0.281788	0.281788	0.291603	0.323199	0.372523	0.419864	0.451153	0.48338	0.503111	0.492314	0.447293	0.379127	0.285222	0.170798	0.0399234	-0.097773	-0.220797	-0.338024	-0.45377	-0.55154	-0.623209	-0.694942	-0.773312	-0.848072	-0.909131	-0.953499	-0.992461	-1.0244	-1.03894	-1.02448	-0.97425	-0.893415	-0.792578	-0.670395	-0.516869	-0.346614	-0.180159	-0.0372878	0.0753389	0.157487	0.222542	0.296645	0.37775	0.448777	0.511367	0.588027	0.69679	0.818377	0.942686	1.06267	
0.319898	0.319898	0.339934	0.372523	0.410069	0.438649	0.448914	0.44472	0.424872	0.385112	0.330007	0.259546	0.171316	0.0778149	-0.0126985	-0.096977	-0.172356	-0.260437	-0.369669	-0.474576	-0.552731	-0.625961	-0.704195	-0.78884	-0.867128	-0.933383	-0.990862	-1.03833	-1.06282	-1.05134	-0.996104	-0.905275	-0.791882	-0.660903	-0.502491	-0.327817	-0.151614	0.00239787	0.12381	0.211886	0.284552	0.361707	0.434556	0.484301	0.51371	0.551477	0.62006	0.715419	0.829916	0.9524	
0.385533	0.385533	0.39907	0.419864	0.438649	0.44393	0.417602	0.373158	0.320826	0.267728	0.203652	0.125914	0.0439904	-0.0180212	-0.0600872	-0.0991564	-0.138648	-0.195112	-0.276902	-0.369582	-0.455134	-0.538963	-0.625759	-0.717284	-0.812159	-0.899289	-0.977321	-1.03877	-1.07106	-1.05934	-0.997742	-0.896501	-0.775242	-0.639628	-0.480791	-0.304102	-0.126168	0.0320102	0.162541	0.268846	0.358267	0.437684	0.492752	0.512555	0.511793	0.516864	0.551451	0.615682	0.714366	0.834863	
0.456144	0.456144	0.452061	0.451153	0.448914	0.417602	0.348785	0.268201	0.200151	0.136297	0.0656976	-0.00892621	-0.0671724	-0.0909496	-0.0941834	-0.101791	-0.116146	-0.140149	-0.184575	-0.254365	-0.340841	-0.439622	-0.536183	-0.634765	-0.738189	-0.843648	-0.939844	-1.01271	-1.04528	-1.02812	-0.961051	-0.859233	-0.740571	-0.609699	-0.454079	-0.279051	-0.101101	0.0581203	0.197771	0.322052	0.428625	0.504305	0.535907	0.532445	0.514339	0.500895	0.502954	0.535222	0.610094	0.716366	
0.528763	0.528763	0.50901	0.48338	0.44472	0.373158	0.268201	0.165472	0.0756459	-0.00530977	-0.0773762	-0.127273	-0.149398	-0.142394	-0.121188	-0.10649	-0.0992852	-0.102121	-0.1245	-0.174691	-0.253416	-0.352633	-0.455877	-0.556171	-0.663103	-0.775428	-0.881363	-0.956751	-0.984837	-0.961387	-0.895177	-0.802358	-0.696407	-0.572695	-0.419721	-0.246659	-0.0760168	0.078192	0.220198	0.352293	0.459494	0.527862	0.551831	0.540256	0.512942	0.484309	0.469989	0.477438	0.5208	0.599171	
0.589516	0.589516	0.559127	0.503111	0.424872	0.320826	0.200151	0.0756459	-0.040402	-0.13861	-0.200068	-0.221226	-0.210545	-0.177756	-0.136587	-0.103674	-0.0866095	-0.0897037	-0.113187	-0.154832	-0.216622	-0.304927	-0.404054	-0.502066	-0.598671	-0.699774	-0.794596	-0.862483	-0.885043	-0.860652	-0.799936	-0.718277	-0.622402	-0.506229	-0.363983	-0.208495	-0.0575701	0.0811281	0.214106	0.33744	0.436456	0.500301	0.528103	0.527669	0.503832	0.470069	0.439644	0.427938	0.443633	0.491246	
0.622218	0.622218	0.576537	0.492314	0.385112	0.267728	0.136297	-0.00530977	-0.13861	-0.23731	-0.289286	-0.293882	-0.258609	-0.199312	-0.140414	-0.100623	-0.0857289	-0.0964331	-0.126933	-0.165676	-0.216625	-0.287678	-0.373237	-0.455492	-0.53102	-0.602176	-0.669627	-0.720562	-0.738893	-0.716752	-0.661876	-0.588524	-0.504376	-0.40692	-0.293004	-0.170149	-0.0492169	0.067758	0.181813	0.287019	0.373013	0.43844	0.482878	0.497237	0.482764	0.450637	0.418769	0.394342	0.387503	0.411507	
0.608182	0.608182	0.548481	0.447293	0.330007	0.203652	0.0656976	-0.0773762	-0.200068	-0.289286	-0.337446	-0.336775	-0.286339	-0.214282	-0.154579	-0.120966	-0.11003	-0.119269	-0.147031	-0.187662	-0.235809	-0.290893	-0.351418	-0.410331	-0.45623	-0.488297	-0.512246	-0.530826	-0.533032	-0.510625	-0.465863	-0.408957	-0.348834	-0.286317	-0.219656	-0.144243	-0.0601826	0.0290679	0.117448	0.201127	0.283309	0.362097	0.42319	0.454633	0.454158	0.433961	0.401526	0.370742	0.356226	0.371716	
0.539606	0.539606	0.478523	0.379127	0.259546	0.125914	-0.00892621	-0.127273	-0.221226	-0.293882	-0.336775	-0.335452	-0.293682	-0.239803	-0.198833	-0.175258	-0.165754	-0.166279	-0.185046	-0.222626	-0.268664	-0.308104	-0.346541	-0.379902	-0.393151	-0.37769	-0.345908	-0.31336	-0.286062	-0.259438	-0.22855	-0.197801	-0.173442	-0.158182	-0.145214	-0.12223	-0.0843132	-0.0347958	0.0195214	0.0850737	0.170144	0.26323	0.33994	0.380475	0.393743	0.391626	0.378791	0.360967	0.35205	0.367614	
0.421087	0.421087	0.371546	0.285222	0.171316	0.0439904	-0.0671724	-0.149398	-0.210545	-0.258609	-0.286339	-0.293682	-0.286805	-0.275204	-0.261301	-0.249405	-0.242116	-0.238723	-0.247147	-0.274079	-0.310794	-0.339687	-0.359612	-0.361633	-0.330926	-0.265694	-0.178523	-0.0940955	-0.0299991	0.00968911	0.0304756	0.0320436	0.0134254	-0.0198525	-0.0612081	-0.0936854	-0.108973	-0.106552	-0.0874564	-0.0423178	0.0364657	0.131844	0.215068	0.272289	0.308104	0.331725	0.3445	0.353622	0.364206	0.382091	
0.274064	0.274064	0.23909	0.170798	0.0778149	-0.0180212	-0.0909496	-0.142394	-0.177756	-0.199312	-0.214282	-0.239803	-0.275204	-0.307164	-0.325426	-0.328915	-0.329558	-0.329195	-0.332841	-0.343859	-0.364588	-0.376999	-0.368318	-0.323239	-0.241039	-0.130131	-0.00345481	0.119843	0.217275	0.276208	0.293358	0.26522	0.201646	0.116881	0.0269356	-0.0535433	-0.122096	-0.171666	-0.191629	-0.169172	-0.105986	-0.0217269	0.0682905	0.148646	0.2145	0.264842	0.305625	0.345702	0.379224	0.404575	
0.0968877	0.0968877	0.0789336	0.0399234	-0.0126985	-0.0600872	-0.0941834	-0.121188	-0.136587	-0.140414	-0.154579	-0.198833	-0.261301	-0.325426	-0.372686	-0.396508	-0.411941	-0.427083	-0.433822	-0.429349	-0.423472	-0.401234	-0.348717	-0.254038	-0.12389	0.0249423	0.181113	0.330844	0.454904	0.527723	0.536619	0.481153	0.378372	0.252753	0.121456	-0.00491169	-0.125271	-0.223049	-0.278894	-0.28571	-0.247916	-0.177744	-0.0826045	0.022158	0.117773	0.192724	0.256694	0.323848	0.386629	0.430528	
-0.110084	-0.110084	-0.103246	-0.097773	-0.096977	-0.0991564	-0.101791	-0.10649	-0.103674	-0.100623	-0.120966	-0.175258	-0.249405	-0.328915	-0.396508	-0.440897	-0.480731	-0.51581	-0.527629	-0.508084	-0.467332	-0.396579	-0.297175	-0.163116	0.00332174	0.184744	0.364047	0.532888	0.668352	0.739638	0.737658	0.663854	0.53573	0.378002	0.212833	0.0497078	-0.110431	-0.245419	-0.336709	-0.376748	-0.368766	-0.320127	-0.229846	-0.113385	0.00605453	0.111664	0.204002	0.295095	0.379435	0.443767	
-0.302925	-0.302925	-0.27166	-0.220797	-0.172356	-0.138648	-0.116146	-0.0992852	-0.0866095	-0.0857289	-0.11003	-0.165754	-0.242116	-0.329558	-0.411941	-0.480731	-0.541579	-0.583818	-0.59129	-0.557996	-0.486459	-0.369578	-0.226732	-0.0580709	0.137214	0.339203	0.531845	0.70483	0.83399	0.892302	0.879912	0.796647	0.655804	0.480248	0.288437	0.0943189	-0.0887145	-0.242591	-0.361063	-0.440204	-0.468203	-0.441188	-0.360298	-0.244338	-0.107392	0.029062	0.151903	0.260588	0.356459	0.431651	
-0.452456	-0.452456	-0.410851	-0.338024	-0.260437	-0.195112	-0.140149	-0.102121	-0.0897037	-0.0964331	-0.119269	-0.166279	-0.238723	-0.329195	-0.427083	-0.51581	-0.583818	-0.615357	-0.60712	-0.559351	-0.466061	-0.317347	-0.137558	0.0617098	0.273591	0.481706	0.671458	0.829991	0.93539	0.975478	0.956483	0.874742	0.739593	0.563666	0.359647	0.149057	-0.0506989	-0.223897	-0.368623	-0.476864	-0.531457	-0.524807	-0.461866	-0.355861	-0.213085	-0.0532636	0.0957949	0.223011	0.326458	0.405206	
-0.559027	-0.559027	-0.521951	-0.45377	-0.369669	-0.276902	-0.184575	-0.1245	-0.113187	-0.126933	-0.147031	-0.185046	-0.247147	-0.332841	-0.433822	-0.527629	-0.59129	-0.60712	-0.57596	-0.503463	-0.389726	-0.219563	-0.0168115	0.196407	0.40723	0.603471	0.769975	0.894444	0.968605	0.988132	0.963308	0.893513	0.782844	0.626536	0.43146	0.218352	0.00790345	-0.180632	-0.343148	-0.474009	-0.550563	-0.566666	-0.528195	-0.443864	-0.307049	-0.140873	0.0249628	0.171042	0.289251	0.376498	
-0.64134	-0.64134	-0.608647	-0.55154	-0.474576	-0.369582	-0.254365	-0.174691	-0.154832	-0.165676	-0.187662	-0.222626	-0.274079	-0.343859	-0.429349	-0.508084	-0.557996	-0.559351	-0.503463	-0.400716	-0.26062	-0.0741513	0.135427	0.342016	0.533789	0.695652	0.815419	0.898439	0.94516	0.947907	0.921161	0.868111	0.779554	0.646791	0.479444	0.288632	0.0851548	-0.108331	-0.282079	-0.427421	-0.526692	-0.573616	-0.567111	-0.502612	-0.379922	-0.221814	-0.0524922	0.108091	0.246421	0.35175	
-0.717041	-0.717041	-0.679411	-0.623209	-0.552731	-0.455134	-0.340841	-0.253416	-0.216622	-0.216625	-0.235809	-0.268664	-0.310794	-0.364588	-0.423472	-0.467332	-0.486459	-0.466061	-0.389726	-0.26062	-0.0967462	0.0993636	0.30058	0.487726	0.644068	0.75089	0.812752	0.85778	0.881904	0.870131	0.84434	0.801652	0.727149	0.617965	0.486228	0.332414	0.158466	-0.0187508	-0.19045	-0.345372	-0.466209	-0.544758	-0.566022	-0.528172	-0.432881	-0.296893	-0.135482	0.0361827	0.199503	0.33168	
-0.801231	-0.801231	-0.758099	-0.694942	-0.625961	-0.538963	-0.439622	-0.352633	-0.304927	-0.287678	-0.290893	-0.308104	-0.339687	-0.376999	-0.401234	-0.396579	-0.369578	-0.317347	-0.219563	-0.0741513	0.0993636	0.285975	0.462678	0.612916	0.72024	0.768973	0.782807	0.79229	0.788216	0.760934	0.733184	0.698832	0.642636	0.562247	0.465802	0.351551	0.217984	0.0706922	-0.0803081	-0.228761	-0.36607	-0.469676	-0.519586	-0.516246	-0.46059	-0.359549	-0.214039	-0.0360849	0.150092	0.308158	
-0.874553	-0.874553	-0.834767	-0.773312	-0.704195	-0.625759	-0.536183	-0.455877	-0.404054	-0.373237	-0.351418	-0.346541	-0.359612	-0.368318	-0.348717	-0.297175	-0.226732	-0.137558	-0.0168115	0.135427	0.30058	0.462678	0.596301	0.692282	0.744621	0.753297	0.733835	0.708811	0.67425	0.627379	0.590685	0.56405	0.532872	0.48158	0.414514	0.337688	0.242087	0.135027	0.0215981	-0.109185	-0.24897	-0.365129	-0.436946	-0.466806	-0.450698	-0.386229	-0.268843	-0.101656	0.0885354	0.262724	
-0.927891	-0.927891	-0.89859	-0.848072	-0.78884	-0.717284	-0.634765	-0.556171	-0.502066	-0.455492	-0.410331	-0.379902	-0.361633	-0.323239	-0.254038	-0.163116	-0.0580709	0.0617098	0.196407	0.342016	0.487726	0.612916	0.692282	0.725496	0.732229	0.711344	0.665288	0.612016	0.555167	0.490253	0.441852	0.422879	0.412634	0.385277	0.348615	0.299375	0.235563	0.169374	0.0957947	-0.0097064	-0.135528	-0.247751	-0.332625	-0.384556	-0.393299	-0.359723	-0.272178	-0.13431	0.0382958	0.210234	
-0.966871	-0.966871	-0.94442	-0.909131	-0.867128	-0.812159	-0.738189	-0.663103	-0.598671	-0.53102	-0.45623	-0.393151	-0.330926	-0.241039	-0.12389	0.00332174	0.137214	0.273591	0.40723	0.533789	0.644068	0.72024	0.744621	0.732229	0.702882	0.653907	0.583044	0.511161	0.437384	0.357637	0.305844	0.293947	0.294852	0.291331	0.281024	0.253909	0.212689	0.179353	0.139386	0.0679888	-0.0274095	-0.127599	-0.218337	-0.283335	-0.311616	-0.294858	-0.234221	-0.129732	0.0164565	0.173853	
-0.995544	-0.995544	-0.976076	-0.953499	-0.933383	-0.899289	-0.843648	-0.775428	-0.699774	-0.602176	-0.488297	-0.37769	-0.265694	-0.130131	0.0249423	0.184744	0.339203	0.481706	0.603471	0.695652	0.75089	0.768973	0.753297	0.711344	0.653907	0.578951	0.493792	0.410305	0.322631	0.236968	0.187321	0.179097	0.191925	0.20819	0.216062	0.204017	0.18699	0.17423	0.152854	0.111749	0.0488449	-0.0295511	-0.113764	-0.188222	-0.227696	-0.224158	-0.182143	-0.10048	0.0226382	0.160841	
-1.01649	-1.01649	-1.00127	-0.992461	-0.990862	-0.977321	-0.939844	-0.881363	-0.794596	-0.669627	-0.512246	-0.345908	-0.178523	-0.00345481	0.181113	0.364047	0.531845	0.671458	0.769975	0.815419	0.812752	0.782807	0.733835	0.665288	0.583044	0.493792	0.404049	0.31647	0.22668	0.143501	0.0930019	0.0845917	0.10206	0.128239	0.146679	0.15795	0.160035	0.154662	0.143885	0.119992	0.0773021	0.0240673	-0.0394625	-0.104246	-0.146331	-0.150036	-0.120133	-0.0497642	0.0550044	0.173551	
-1.02386	-1.02386	-1.01823	-1.0244	-1.03833	-1.03877	-1.01271	-0.956751	-0.862483	-0.720562	-0.530826	-0.31336	-0.0940955	0.119843	0.330844	0.532888	0.70483	0.829991	0.894444	0.898439	0.85778	0.79229	0.708811	0.612016	0.511161	0.410305	0.31647	0.235601	0.155721	0.0753727	0.0186509	0.00728807	0.0233251	0.0433685	0.0685886	0.101454	0.124504	0.131112	0.126788	0.107257	0.0767445	0.0463769	0.00942697	-0.0318626	-0.0605372	-0.0665885	-0.0408686	0.0211806	0.104885	0.202436	
-1.01409	-1.01409	-1.01934	-1.03894	-1.06282	-1.07106	-1.04528	-0.984837	-0.885043	-0.738893	-0.533032	-0.286062	-0.0299991	0.217275	0.454904	0.668352	0.83399	0.93539	0.968605	0.94516	0.881904	0.788216	0.67425	0.555167	0.437384	0.322631	0.22668	0.155721	0.0857355	0.00883585	-0.0461482	-0.0570625	-0.0489333	-0.0356342	-0.0063602	0.0359656	0.0703901	0.0947929	0.106153	0.0921175	0.0643682	0.0437214	0.029375	0.0195082	0.00933168	0.00989536	0.033195	0.0821659	0.148215	0.231036	
-0.986141	-0.986141	-0.998692	-1.02448	-1.05134	-1.05934	-1.02812	-0.961387	-0.860652	-0.716752	-0.510625	-0.259438	0.00968911	0.276208	0.527723	0.739638	0.892302	0.975478	0.988132	0.947907	0.870131	0.760934	0.627379	0.490253	0.357637	0.236968	0.143501	0.0753727	0.00883585	-0.0599402	-0.103084	-0.109469	-0.103869	-0.0944425	-0.0701881	-0.0289206	0.0148303	0.05538	0.0761879	0.0692869	0.0455457	0.0272398	0.0275023	0.0389877	0.0446061	0.0524317	0.073343	0.112713	0.168896	0.249359	
-0.935698	-0.935698	-0.949773	-0.97425	-0.996104	-0.997742	-0.961051	-0.895177	-0.799936	-0.661876	-0.465863	-0.22855	0.0304756	0.293358	0.536619	0.737658	0.879912	0.956483	0.963308	0.921161	0.84434	0.733184	0.590685	0.441852	0.305844	0.187321	0.0930019	0.0186509	-0.0461482	-0.103084	-0.138007	-0.146986	-0.145583	-0.135921	-0.115304	-0.0766215	-0.0279083	0.0221547	0.0514243	0.0496442	0.0274662	0.0119677	0.022003	0.0425112	0.0558735	0.0708053	0.090342	0.127768	0.185946	0.27003	
-0.865235	-0.865235	-0.876335	-0.893415	-0.905275	-0.896501	-0.859233	-0.802358	-0.718277	-0.588524	-0.408957	-0.197801	0.0320436	0.26522	0.481153	0.663854	0.796647	0.874742	0.893513	0.868111	0.801652	0.698832	0.56405	0.422879	0.293947	0.179097	0.0845917	0.00728807	-0.0570625	-0.109469	-0.146986	-0.16524	-0.174781	-0.171165	-0.155746	-0.117205	-0.064575	-0.0146332	0.0167944	0.0201029	0.00730293	0.00239468	0.018484	0.0371361	0.0511422	0.069198	0.0917493	0.134239	0.199285	0.287051	
-0.779182	-0.779182	-0.784524	-0.792578	-0.791882	-0.775242	-0.740571	-0.696407	-0.622402	-0.504376	-0.348834	-0.173442	0.0134254	0.201646	0.378372	0.53573	0.655804	0.739593	0.782844	0.779554	0.727149	0.642636	0.532872	0.412634	0.294852	0.191925	0.10206	0.0233251	-0.0489333	-0.103869	-0.145583	-0.174781	-0.19346	-0.19911	-0.193094	-0.163819	-0.116384	-0.0655419	-0.0306631	-0.0198505	-0.0190855	-0.0114483	0.00120689	0.010883	0.0225983	0.0404399	0.0643516	0.117646	0.195863	0.292737	
-0.669697	-0.669697	-0.670787	-0.670395	-0.660903	-0.639628	-0.609699	-0.572695	-0.506229	-0.40692	-0.286317	-0.158182	-0.0198525	0.116881	0.252753	0.378002	0.480248	0.563666	0.626536	0.646791	0.617965	0.562247	0.48158	0.385277	0.291331	0.20819	0.128239	0.0433685	-0.0356342	-0.0944425	-0.135921	-0.171165	-0.19911	-0.221182	-0.231908	-0.218968	-0.181452	-0.131488	-0.0905153	-0.0661299	-0.0476221	-0.0325919	-0.0279639	-0.0284749	-0.0196825	-0.00453767	0.0246295	0.0839901	0.167181	0.27708	
-0.521109	-0.521109	-0.52147	-0.516869	-0.502491	-0.480791	-0.454079	-0.419721	-0.363983	-0.293004	-0.219656	-0.145214	-0.0612081	0.0269356	0.121456	0.212833	0.288437	0.359647	0.43146	0.479444	0.486228	0.465802	0.414514	0.348615	0.281024	0.216062	0.146679	0.0685886	-0.0063602	-0.0701881	-0.115304	-0.155746	-0.193094	-0.231908	-0.266429	-0.269874	-0.241909	-0.189117	-0.142204	-0.105403	-0.0745383	-0.0631052	-0.0642256	-0.061561	-0.0512659	-0.0350188	-0.0048092	0.0503843	0.129904	0.245712	
-0.355882	-0.355882	-0.356489	-0.346614	-0.327817	-0.304102	-0.279051	-0.246659	-0.208495	-0.170149	-0.144243	-0.12223	-0.0936854	-0.0535433	-0.00491169	0.0497078	0.0943189	0.149057	0.218352	0.288632	0.332414	0.351551	0.337688	0.299375	0.253909	0.204017	0.15795	0.101454	0.0359656	-0.0289206	-0.0766215	-0.117205	-0.163819	-0.218968	-0.269874	-0.288366	-0.266514	-0.219093	-0.172506	-0.137407	-0.110923	-0.103207	-0.0981706	-0.0909697	-0.076929	-0.0551168	-0.0233138	0.0211592	0.0936262	0.202573	
-0.206973	-0.206973	-0.201189	-0.180159	-0.151614	-0.126168	-0.101101	-0.0760168	-0.0575701	-0.0492169	-0.0601826	-0.0843132	-0.108973	-0.122096	-0.125271	-0.110431	-0.0887145	-0.0506989	0.00790345	0.0851548	0.158466	0.217984	0.242087	0.235563	0.212689	0.18699	0.160035	0.124504	0.0703901	0.0148303	-0.0279083	-0.064575	-0.116384	-0.181452	-0.241909	-0.266514	-0.252854	-0.219196	-0.187808	-0.166496	-0.153516	-0.147124	-0.134607	-0.120188	-0.10725	-0.0899756	-0.0632922	-0.0194461	0.0518933	0.153153	
-0.0957868	-0.0957868	-0.0764062	-0.0372878	0.00239787	0.0320102	0.0581203	0.078192	0.0811281	0.067758	0.0290679	-0.0347958	-0.106552	-0.171666	-0.223049	-0.245419	-0.242591	-0.223897	-0.180632	-0.108331	-0.0187508	0.0706922	0.135027	0.169374	0.179353	0.17423	0.154662	0.131112	0.0947929	0.05538	0.0221547	-0.0146332	-0.0655419	-0.131488	-0.189117	-0.219093	-0.219196	-0.20397	-0.194657	-0.190326	-0.186831	-0.176943	-0.161249	-0.151714	-0.14241	-0.129746	-0.105309	-0.0606394	0.00567225	0.0993256	
-0.00857233	-0.00857233	0.0228592	0.0753389	0.12381	0.162541	0.197771	0.220198	0.214106	0.181813	0.117448	0.0195214	-0.0874564	-0.191629	-0.278894	-0.336709	-0.361063	-0.368623	-0.343148	-0.282079	-0.19045	-0.0803081	0.0215981	0.0957947	0.139386	0.152854	0.143885	0.126788	0.106153	0.0761879	0.0514243	0.0167944	-0.0306631	-0.0905153	-0.142204	-0.172506	-0.187808	-0.194657	-0.199637	-0.205392	-0.207235	-0.198548	-0.180765	-0.168848	-0.16188	-0.15128	-0.130335	-0.094515	-0.0406375	0.0361058	
0.0710428	0.0710428	0.103899	0.157487	0.211886	0.268846	0.322052	0.352293	0.33744	0.287019	0.201127	0.0850737	-0.0423178	-0.169172	-0.28571	-0.376748	-0.440204	-0.476864	-0.474009	-0.427421	-0.345372	-0.228761	-0.109185	-0.0097064	0.0679888	0.111749	0.119992	0.107257	0.0921175	0.0692869	0.0496442	0.0201029	-0.0198505	-0.0661299	-0.105403	-0.137407	-0.166496	-0.190326	-0.205392	-0.218774	-0.219426	-0.205132	-0.188012	-0.176005	-0.161032	-0.149524	-0.13775	-0.122912	-0.0903775	-0.0420188	
0.146356	0.146356	0.175089	0.222542	0.284552	0.358267	0.428625	0.459494	0.436456	0.373013	0.283309	0.170144	0.0364657	-0.105986	-0.247916	-0.368766	-0.468203	-0.531457	-0.550563	-0.526692	-0.466209	-0.36607	-0.24897	-0.135528	-0.0274095	0.0488449	0.0773021	0.0767445	0.0643682	0.0455457	0.0274662	0.00730293	-0.0190855	-0.0476221	-0.0745383	-0.110923	-0.153516	-0.186831	-0.207235	-0.219426	-0.215693	-0.192761	-0.174062	-0.157283	-0.141155	-0.13465	-0.132714	-0.133594	-0.127685	-0.110356	
0.219991	0.219991	0.248913	0.296645	0.361707	0.437684	0.504305	0.527862	0.500301	0.43844	0.362097	0.26323	0.131844	-0.0217269	-0.177744	-0.320127	-0.441188	-0.524807	-0.566666	-0.573616	-0.544758	-0.469676	-0.365129	-0.247751	-0.127599	-0.0295511	0.0240673	0.0463769	0.0437214	0.0272398	0.0119677	0.00239468	-0.0114483	-0.0325919	-0.0631052	-0.103207	-0.147124	-0.176943	-0.198548	-0.205132	-0.192761	-0.166051	-0.140472	-0.117735	-0.0992108	-0.0957956	-0.105318	-0.123473	-0.144909	-0.155732	
0.293883	0.293883	0.326784	0.37775	0.434556	0.492752	0.535907	0.551831	0.528103	0.482878	0.42319	0.33994	0.215068	0.0682905	-0.0826045	-0.229846	-0.360298	-0.461866	-0.528195	-0.567111	-0.566022	-0.519586	-0.436946	-0.332625	-0.218337	-0.113764	-0.0394625	0.00942697	0.029375	0.0275023	0.022003	0.018484	0.00120689	-0.0279639	-0.0642256	-0.0981706	-0.134607	-0.161249	-0.180765	-0.188012	-0.174062	-0.140472	-0.10194	-0.0692041	-0.0514948	-0.0482234	-0.0706807	-0.10364	-0.136257	-0.168997	
0.382667	0.382667	0.41004	0.448777	0.484301	0.512555	0.532445	0.540256	0.527669	0.497237	0.454633	0.380475	0.272289	0.148646	0.022158	-0.113385	-0.244338	-0.355861	-0.443864	-0.502612	-0.528172	-0.516246	-0.466806	-0.384556	-0.283335	-0.188222	-0.104246	-0.0318626	0.0195082	0.0389877	0.0425112	0.0371361	0.010883	-0.0284749	-0.061561	-0.0909697	-0.120188	-0.151714	-0.168848	-0.176005	-0.157283	-0.117735	-0.0692041	-0.0314539	-0.0132662	-0.0205408	-0.0560782	-0.0999675	-0.133176	-0.167205	
0.499691	0.499691	0.506092	0.511367	0.51371	0.511793	0.514339	0.512942	0.503832	0.482764	0.454158	0.393743	0.308104	0.2145	0.117773	0.00605453	-0.107392	-0.213085	-0.307049	-0.379922	-0.432881	-0.46059	-0.450698	-0.393299	-0.311616	-0.227696	-0.146331	-0.0605372	0.00933168	0.0446061	0.0558735	0.0511422	0.0225983	-0.0196825	-0.0512659	-0.076929	-0.10725	-0.14241	-0.16188	-0.161032	-0.141155	-0.0992108	-0.0514948	-0.0132662	-0.00126878	-0.0207412	-0.062578	-0.105957	-0.135524	-0.157086	
0.637763	0.637763	0.621493	0.588027	0.551477	0.516864	0.500895	0.484309	0.470069	0.450637	0.433961	0.391626	0.331725	0.264842	0.192724	0.111664	0.029062	-0.0532636	-0.140873	-0.221814	-0.296893	-0.359549	-0.386229	-0.359723	-0.294858	-0.224158	-0.150036	-0.0665885	0.00989536	0.0524317	0.0708053	0.069198	0.0404399	-0.00453767	-0.0350188	-0.0551168	-0.0899756	-0.129746	-0.15128	-0.149524	-0.13465	-0.0957956	-0.0482234	-0.0205408	-0.0207412	-0.0423299	-0.0828274	-0.116838	-0.139067	-0.144885	
0.782052	0.782052	0.754243	0.69679	0.62006	0.551451	0.502954	0.469989	0.439644	0.418769	0.401526	0.378791	0.3445	0.305625	0.256694	0.204002	0.151903	0.0957949	0.0249628	-0.0524922	-0.135482	-0.214039	-0.268843	-0.272178	-0.234221	-0.182143	-0.120133	-0.0408686	0.033195	0.073343	0.090342	0.0917493	0.0643516	0.0246295	-0.0048092	-0.0233138	-0.0632922	-0.105309	-0.130335	-0.13775	-0.132714	-0.105318	-0.0706807	-0.0560782	-0.062578	-0.0828274	-0.10786	-0.126156	-0.136407	-0.131078	
0.917922	0.917922	0.887984	0.818377	0.715419	0.615682	0.535222	0.477438	0.427938	0.394342	0.370742	0.360967	0.353622	0.345702	0.323848	0.295095	0.260588	0.223011	0.171042	0.108091	0.0361827	-0.0360849	-0.101656	-0.13431	-0.129732	-0.10048	-0.0497642	0.0211806	0.0821659	0.112713	0.127768	0.134239	0.117646	0.0839901	0.0503843	0.0211592	-0.0194461	-0.0606394	-0.094515	-0.122912	-0.133594	-0.123473	-0.10364	-0.0999675	-0.105957	-0.116838	-0.126156	-0.133006	-0.12746	-0.103536	
1.05426	1.05426	1.02031	0.942686	0.829916	0.714366	0.610094	0.5208	0.443633	0.387503	0.356226	0.35205	0.364206	0.379224	0.386629	0.379435	0.356459	0.326458	0.289251	0.246421	0.199503	0.150092	0.0885354	0.0382958	0.0164565	0.0226382	0.0550044	0.104885	0.148215	0.168896	0.185946	0.199285	0.195863	0.167181	0.129904	0.0936262	0.0518933	0.00567225	-0.0406375	-0.0903775	-0.127685	-0.144909	-0.136257	-0.133176	-0.135524	-0.139067	-0.136407	-0.12746	-0.102385	-0.0559991	
1.18067	1.18067	1.14258	1.06267	0.9524	0.834863	0.716366	0.599171	0.491246	0.411507	0.371716	0.367614	0.382091	0.404575	0.430528	0.443767	0.431651	0.405206	0.376498	0.35175	0.33168	0.308158	0.262724	0.210234	0.173853	0.160841	0.173551	0.202436	0.231036	0.249359	0.27003	0.287051	0.292737	0.27708	0.245712	0.202573	0.153153	0.0993256	0.0361058	-0.0420188	-0.110356	-0.155732	-0.168997	-0.167205	-0.157086	-0.144885	-0.131078	-0.103536	-0.0559991	-0.00240486	
