0.899456	0.795307	0.694328	0.617524	0.556423	0.490601	0.399928	0.29153	0.176342	0.0609157	-0.0382366	-0.107134	-0.136982	-0.126091	-0.0915764	-0.0514691	-0.0341455	-0.0614227	-0.117304	-0.176662	-0.220225	-0.24758	-0.265679	-0.289753	-0.320254	-0.335216	-0.314683	-0.253456	-0.146685	-0.0106571	0.132813	0.276664	0.408382	0.525051	0.623087	0.711392	0.810096	0.919222	1.01194	1.05776	1.05364	1.01407	0.954832	0.87838	0.796601	0.731641	0.692324	0.67759	0.670226	0.670226	
0.795307	0.73282	0.679934	0.640895	0.609501	0.566783	0.492413	0.382923	0.261113	0.133885	0.0122913	-0.0840165	-0.144005	-0.166455	-0.156153	-0.13387	-0.130386	-0.169248	-0.228592	-0.283454	-0.321014	-0.333274	-0.336843	-0.34686	-0.357702	-0.353971	-0.324955	-0.255071	-0.139137	0.00849913	0.16899	0.324881	0.472361	0.599597	0.699967	0.78419	0.865399	0.947157	1.003	1.01552	0.982424	0.920139	0.848026	0.766506	0.693146	0.641056	0.610227	0.593252	0.579015	0.579015	
0.694328	0.679934	0.66903	0.663615	0.667314	0.651625	0.586803	0.48116	0.359762	0.22932	0.0965002	-0.0185357	-0.103535	-0.157414	-0.183218	-0.194713	-0.221497	-0.273884	-0.33546	-0.400268	-0.433375	-0.43365	-0.423549	-0.408035	-0.390509	-0.362525	-0.315295	-0.236861	-0.114636	0.0404152	0.202446	0.362467	0.513484	0.642304	0.743504	0.818794	0.881692	0.933407	0.950671	0.926534	0.861596	0.775215	0.687421	0.603825	0.540814	0.505975	0.487907	0.465849	0.446977	0.446977	
0.617524	0.640895	0.663615	0.694311	0.728054	0.731901	0.68318	0.590567	0.480241	0.350385	0.21708	0.0924979	-0.0213846	-0.111125	-0.171172	-0.225648	-0.28402	-0.349671	-0.421241	-0.489768	-0.52447	-0.518536	-0.49397	-0.4608	-0.422411	-0.370811	-0.30453	-0.210681	-0.0755508	0.0836508	0.243894	0.395017	0.538912	0.661824	0.751719	0.814764	0.852406	0.868914	0.848962	0.787086	0.693719	0.587409	0.487382	0.402069	0.350161	0.330455	0.323295	0.306596	0.283793	0.283793	
0.556423	0.609501	0.667314	0.728054	0.779043	0.790251	0.757883	0.691554	0.598842	0.487236	0.36504	0.23338	0.0991764	-0.0197391	-0.119597	-0.21738	-0.311181	-0.394508	-0.473506	-0.542798	-0.578832	-0.572768	-0.535394	-0.485555	-0.430728	-0.358658	-0.273116	-0.167275	-0.0287337	0.128904	0.281725	0.424112	0.555061	0.665226	0.745301	0.785655	0.797423	0.777511	0.714222	0.616576	0.493592	0.369741	0.26302	0.179879	0.133398	0.120565	0.117921	0.101914	0.0801718	0.0801718	
0.490601	0.566783	0.651625	0.731901	0.790251	0.815186	0.807462	0.779581	0.725177	0.6422	0.534813	0.400979	0.250273	0.0976061	-0.050558	-0.191781	-0.317433	-0.419075	-0.502849	-0.567613	-0.60292	-0.591411	-0.544345	-0.487201	-0.411501	-0.315939	-0.211644	-0.093103	0.0500257	0.202876	0.345293	0.472397	0.581076	0.668805	0.724411	0.741285	0.723102	0.661269	0.560782	0.427942	0.275344	0.135294	0.0217279	-0.0616643	-0.104635	-0.113144	-0.110472	-0.113184	-0.126018	-0.126018	
0.399928	0.492413	0.586803	0.68318	0.757883	0.807462	0.840757	0.86421	0.860394	0.810086	0.715728	0.583428	0.414402	0.221675	0.0284705	-0.15444	-0.320287	-0.448677	-0.535443	-0.589428	-0.614493	-0.593978	-0.53713	-0.462912	-0.362203	-0.240773	-0.11389	0.0194439	0.16311	0.311871	0.447939	0.551117	0.62527	0.674495	0.694688	0.680756	0.625604	0.526157	0.391044	0.223284	0.0501984	-0.102992	-0.221	-0.291432	-0.326262	-0.328287	-0.314405	-0.30167	-0.300089	-0.300089	
0.29153	0.382923	0.48116	0.590567	0.691554	0.779581	0.86421	0.951832	1.00143	0.980336	0.891009	0.746832	0.554474	0.329983	0.0926057	-0.134612	-0.340074	-0.490039	-0.581965	-0.627856	-0.635952	-0.604964	-0.536372	-0.436747	-0.30009	-0.150098	-0.00308878	0.142966	0.293881	0.445411	0.576427	0.658209	0.69088	0.690943	0.664578	0.609815	0.51478	0.377476	0.214652	0.0298218	-0.152671	-0.310827	-0.420235	-0.473424	-0.496662	-0.486346	-0.463363	-0.439664	-0.421511	-0.421511	
0.176342	0.261113	0.359762	0.480241	0.598842	0.725177	0.860394	1.00143	1.09535	1.09909	1.0103	0.852216	0.640147	0.387803	0.115104	-0.149037	-0.380401	-0.546334	-0.643118	-0.683679	-0.677903	-0.632	-0.540473	-0.406753	-0.236341	-0.0579788	0.10956	0.264799	0.420481	0.576486	0.699365	0.756788	0.74959	0.702356	0.631209	0.538156	0.410455	0.244965	0.0689852	-0.118441	-0.301018	-0.451047	-0.549035	-0.583628	-0.584824	-0.567424	-0.540613	-0.508188	-0.486363	-0.486363	
0.0609157	0.133885	0.22932	0.350385	0.487236	0.6422	0.810086	0.980336	1.09909	1.11836	1.02927	0.861721	0.641465	0.373777	0.0811154	-0.20426	-0.44599	-0.615751	-0.715207	-0.744758	-0.72207	-0.656478	-0.538061	-0.368925	-0.168368	0.0278853	0.205703	0.367973	0.527216	0.67957	0.788566	0.825326	0.782623	0.693739	0.590452	0.46651	0.317774	0.144519	-0.0302909	-0.204794	-0.373645	-0.511591	-0.591847	-0.608244	-0.58917	-0.559705	-0.532933	-0.497681	-0.477151	-0.477151	
-0.0382366	0.0122913	0.0965002	0.21708	0.36504	0.534813	0.715728	0.891009	1.0103	1.02927	0.93817	0.768606	0.54498	0.277839	-0.0175221	-0.30494	-0.539643	-0.701884	-0.795487	-0.81501	-0.772634	-0.672061	-0.517675	-0.325055	-0.110453	0.0940299	0.274645	0.435808	0.591965	0.737392	0.83049	0.849196	0.787013	0.671101	0.543259	0.400285	0.242723	0.0758406	-0.084528	-0.234286	-0.376297	-0.492633	-0.54923	-0.544013	-0.508449	-0.467034	-0.438701	-0.410221	-0.392442	-0.392442	
-0.107134	-0.0840165	-0.0185357	0.0924979	0.23338	0.400979	0.583428	0.746832	0.852216	0.861721	0.768606	0.596708	0.368232	0.104807	-0.179385	-0.446941	-0.662085	-0.814314	-0.896028	-0.900021	-0.827156	-0.68758	-0.501479	-0.287671	-0.070178	0.130937	0.306317	0.465442	0.61373	0.737894	0.819056	0.828	0.75773	0.63604	0.497671	0.347837	0.188973	0.0370263	-0.100387	-0.219575	-0.322403	-0.402368	-0.429504	-0.403969	-0.355474	-0.309635	-0.281653	-0.261657	-0.250286	-0.250286	
-0.136982	-0.144005	-0.103535	-0.0213846	0.0991764	0.250273	0.414402	0.554474	0.640147	0.641465	0.54498	0.368232	0.135061	-0.122847	-0.387512	-0.6303	-0.820284	-0.948363	-1.00379	-0.981534	-0.872606	-0.697182	-0.488373	-0.264168	-0.0480189	0.148206	0.315935	0.465595	0.594656	0.697934	0.765861	0.769929	0.706404	0.591082	0.451102	0.301527	0.151887	0.0154678	-0.0975799	-0.17924	-0.243517	-0.279328	-0.270546	-0.228339	-0.16642	-0.115204	-0.083472	-0.0647509	-0.0568641	-0.0568641	
-0.126091	-0.166455	-0.157414	-0.111125	-0.0197391	0.0976061	0.221675	0.329983	0.387803	0.373777	0.277839	0.104807	-0.122847	-0.373165	-0.61411	-0.820639	-0.973801	-1.06292	-1.07921	-1.01797	-0.872886	-0.671152	-0.447869	-0.225475	-0.0266421	0.149122	0.305624	0.439203	0.545275	0.629945	0.676428	0.678932	0.62718	0.525355	0.398497	0.25654	0.119207	-0.00155183	-0.090358	-0.138268	-0.162272	-0.15264	-0.1101	-0.0524744	0.0207494	0.0793058	0.119915	0.150037	0.158886	0.158886	
-0.0915764	-0.156153	-0.183218	-0.171172	-0.119597	-0.050558	0.0284705	0.0926057	0.115104	0.0811154	-0.0175221	-0.179385	-0.387512	-0.61411	-0.813485	-0.974965	-1.07723	-1.11323	-1.07837	-0.967747	-0.79171	-0.575006	-0.356302	-0.149952	0.0211664	0.165983	0.290019	0.393013	0.471549	0.529538	0.556351	0.559857	0.523329	0.435494	0.328878	0.198685	0.0723342	-0.0253085	-0.0888177	-0.105327	-0.0862447	-0.0388676	0.0302619	0.103819	0.177574	0.239837	0.287988	0.323939	0.338517	0.338517	
-0.0514691	-0.13387	-0.194713	-0.225648	-0.21738	-0.191781	-0.15444	-0.134612	-0.149037	-0.20426	-0.30494	-0.446941	-0.6303	-0.820639	-0.974965	-1.07403	-1.1074	-1.07318	-0.979987	-0.825889	-0.629181	-0.408624	-0.198529	-0.0211753	0.113291	0.215792	0.298014	0.361297	0.403488	0.4247	0.428427	0.42343	0.394532	0.326371	0.233156	0.114888	0.00537677	-0.0687568	-0.103577	-0.0831898	-0.0272508	0.0460705	0.134131	0.212099	0.277138	0.336605	0.384252	0.421152	0.442448	0.442448	
-0.0341455	-0.130386	-0.221497	-0.28402	-0.311181	-0.317433	-0.320287	-0.340074	-0.380401	-0.44599	-0.539643	-0.662085	-0.820284	-0.973801	-1.07723	-1.1074	-1.06131	-0.952882	-0.798402	-0.604935	-0.389128	-0.170945	0.0218266	0.166065	0.25927	0.313966	0.344543	0.361968	0.360667	0.337269	0.311279	0.2846	0.253435	0.197917	0.112046	0.0137229	-0.0746558	-0.125124	-0.129143	-0.0843995	-0.0117672	0.0774667	0.16939	0.245018	0.308741	0.356304	0.398924	0.436698	0.457381	0.457381	
-0.0614227	-0.169248	-0.273884	-0.349671	-0.394508	-0.419075	-0.448677	-0.490039	-0.546334	-0.615751	-0.701884	-0.814314	-0.948363	-1.06292	-1.11323	-1.07318	-0.952882	-0.774819	-0.554752	-0.319042	-0.0788777	0.133765	0.297917	0.398693	0.44008	0.442784	0.420741	0.386502	0.337294	0.273406	0.214021	0.171125	0.132836	0.0787535	-0.00404797	-0.0939695	-0.163737	-0.193493	-0.173683	-0.116719	-0.0403748	0.0462234	0.128305	0.198625	0.254712	0.294323	0.333727	0.369659	0.393634	0.393634	
-0.117304	-0.228592	-0.33546	-0.421241	-0.473506	-0.502849	-0.535443	-0.581965	-0.643118	-0.715207	-0.795487	-0.896028	-1.00379	-1.07921	-1.07837	-0.979987	-0.798402	-0.554752	-0.277193	0.000311429	0.254623	0.465439	0.604888	0.659622	0.651009	0.597762	0.518834	0.431406	0.336044	0.237849	0.150403	0.0874741	0.0386852	-0.020876	-0.106077	-0.188248	-0.244763	-0.263157	-0.235092	-0.184576	-0.115768	-0.0433926	0.0259959	0.0902666	0.133784	0.166098	0.194583	0.22438	0.247176	0.247176	
-0.176662	-0.283454	-0.400268	-0.489768	-0.542798	-0.567613	-0.589428	-0.627856	-0.683679	-0.744758	-0.81501	-0.900021	-0.981534	-1.01797	-0.967747	-0.825889	-0.604935	-0.319042	0.000311429	0.306763	0.574479	0.778399	0.889617	0.914151	0.869594	0.772969	0.647136	0.510771	0.369051	0.233675	0.119421	0.0356014	-0.0296168	-0.103577	-0.193577	-0.27577	-0.325218	-0.335875	-0.31034	-0.270963	-0.216371	-0.16031	-0.109145	-0.0591853	-0.0331917	-0.0165894	-0.00190702	0.0159402	0.0344355	0.0344355	
-0.220225	-0.321014	-0.433375	-0.52447	-0.578832	-0.60292	-0.614493	-0.635952	-0.677903	-0.72207	-0.772634	-0.827156	-0.872606	-0.872886	-0.79171	-0.629181	-0.389128	-0.0788777	0.254623	0.574479	0.839064	1.02975	1.12862	1.13302	1.06931	0.945399	0.790877	0.617523	0.436455	0.2662	0.116258	-0.000833453	-0.0878921	-0.178199	-0.272899	-0.349057	-0.393454	-0.402567	-0.388914	-0.362336	-0.326646	-0.285903	-0.251435	-0.226592	-0.220863	-0.227987	-0.231336	-0.228542	-0.218349	-0.218349	
-0.24758	-0.333274	-0.43365	-0.518536	-0.572768	-0.591411	-0.593978	-0.604964	-0.632	-0.656478	-0.672061	-0.68758	-0.697182	-0.671152	-0.575006	-0.408624	-0.170945	0.133765	0.465439	0.778399	1.02975	1.20426	1.29646	1.29618	1.2243	1.09288	0.920898	0.72212	0.512548	0.310202	0.128644	-0.0145784	-0.126003	-0.230667	-0.330359	-0.405485	-0.448906	-0.460762	-0.457622	-0.445199	-0.421599	-0.396364	-0.382047	-0.385005	-0.408612	-0.443031	-0.469402	-0.485719	-0.487058	-0.487058	
-0.265679	-0.336843	-0.423549	-0.49397	-0.535394	-0.544345	-0.53713	-0.536372	-0.540473	-0.538061	-0.517675	-0.501479	-0.488373	-0.447869	-0.356302	-0.198529	0.0218266	0.297917	0.604888	0.889617	1.12862	1.29646	1.38326	1.3933	1.32524	1.19577	1.01789	0.80803	0.58465	0.353852	0.150855	-0.00685776	-0.139832	-0.252401	-0.356388	-0.438103	-0.486689	-0.509726	-0.518602	-0.517473	-0.502378	-0.488155	-0.490563	-0.519039	-0.57065	-0.631426	-0.683771	-0.720334	-0.735881	-0.735881	
-0.289753	-0.34686	-0.408035	-0.4608	-0.485555	-0.487201	-0.462912	-0.436747	-0.406753	-0.368925	-0.325055	-0.287671	-0.264168	-0.225475	-0.149952	-0.0211753	0.166065	0.398693	0.659622	0.914151	1.13302	1.29618	1.3933	1.42088	1.36889	1.25139	1.07995	0.868474	0.628866	0.382458	0.166511	-0.00823857	-0.14577	-0.260894	-0.367656	-0.448732	-0.503562	-0.540733	-0.564631	-0.573828	-0.570896	-0.566489	-0.576742	-0.621168	-0.686767	-0.764078	-0.838383	-0.89215	-0.921452	-0.921452	
-0.320254	-0.357702	-0.390509	-0.422411	-0.430728	-0.411501	-0.362203	-0.30009	-0.236341	-0.168368	-0.110453	-0.070178	-0.0480189	-0.0266421	0.0211664	0.113291	0.25927	0.44008	0.651009	0.869594	1.06931	1.2243	1.32524	1.36889	1.33917	1.2388	1.07791	0.872208	0.627175	0.375979	0.155325	-0.0184289	-0.156409	-0.277159	-0.379159	-0.460371	-0.519562	-0.55883	-0.588287	-0.60301	-0.60819	-0.612684	-0.633077	-0.682307	-0.749393	-0.8335	-0.913802	-0.976935	-1.01171	-1.01171	
-0.335216	-0.353971	-0.362525	-0.370811	-0.358658	-0.315939	-0.240773	-0.150098	-0.0579788	0.0278853	0.0940299	0.130937	0.148206	0.149122	0.165983	0.215792	0.313966	0.442784	0.597762	0.772969	0.945399	1.09288	1.19577	1.25139	1.2388	1.15243	1.00225	0.805303	0.567694	0.324005	0.108679	-0.0639592	-0.202544	-0.325355	-0.417625	-0.485232	-0.533323	-0.56331	-0.588745	-0.601107	-0.610585	-0.618317	-0.639519	-0.681131	-0.740481	-0.826395	-0.910785	-0.985722	-1.02324	-1.02324	
-0.314683	-0.324955	-0.315295	-0.30453	-0.273116	-0.211644	-0.11389	-0.00308878	0.10956	0.205703	0.274645	0.306317	0.315935	0.305624	0.290019	0.298014	0.344543	0.420741	0.518834	0.647136	0.790877	0.920898	1.01789	1.07995	1.07791	1.00225	0.867596	0.681307	0.456284	0.224941	0.0207413	-0.148189	-0.289374	-0.404877	-0.485729	-0.533332	-0.558378	-0.57005	-0.577981	-0.576382	-0.577208	-0.585162	-0.599149	-0.629245	-0.678886	-0.755582	-0.841897	-0.914832	-0.950975	-0.950975	
-0.253456	-0.255071	-0.236861	-0.210681	-0.167275	-0.093103	0.0194439	0.142966	0.264799	0.367973	0.435808	0.465442	0.465595	0.439203	0.393013	0.361297	0.361968	0.386502	0.431406	0.510771	0.617523	0.72212	0.80803	0.868474	0.872208	0.805303	0.681307	0.50656	0.301869	0.0912581	-0.0983086	-0.257754	-0.396046	-0.505322	-0.56696	-0.586679	-0.58683	-0.572654	-0.55789	-0.54245	-0.532395	-0.535365	-0.541757	-0.555515	-0.585676	-0.645079	-0.718985	-0.776793	-0.804944	-0.804944	
-0.146685	-0.139137	-0.114636	-0.0755508	-0.0287337	0.0500257	0.16311	0.293881	0.420481	0.527216	0.591965	0.61373	0.594656	0.545275	0.471549	0.403488	0.360667	0.337294	0.336044	0.369051	0.436455	0.512548	0.58465	0.628866	0.627175	0.567694	0.456284	0.301869	0.123199	-0.0596565	-0.227106	-0.373429	-0.499777	-0.587754	-0.625598	-0.617243	-0.590461	-0.560312	-0.530535	-0.505028	-0.489984	-0.487502	-0.486965	-0.484375	-0.49277	-0.526494	-0.573128	-0.606755	-0.618063	-0.618063	
-0.0106571	0.00849913	0.0404152	0.0836508	0.128904	0.202876	0.311871	0.445411	0.576486	0.67957	0.737392	0.737894	0.697934	0.629945	0.529538	0.4247	0.337269	0.273406	0.237849	0.233675	0.2662	0.310202	0.353852	0.382458	0.375979	0.324005	0.224941	0.0912581	-0.0596565	-0.215123	-0.349188	-0.467578	-0.571384	-0.630669	-0.644997	-0.617838	-0.572699	-0.530845	-0.48988	-0.458468	-0.43946	-0.436384	-0.436763	-0.428044	-0.422665	-0.429269	-0.444126	-0.445381	-0.438414	-0.438414	
0.132813	0.16899	0.202446	0.243894	0.281725	0.345293	0.447939	0.576427	0.699365	0.788566	0.83049	0.819056	0.765861	0.676428	0.556351	0.428427	0.311279	0.214021	0.150403	0.119421	0.116258	0.128644	0.150855	0.166511	0.155325	0.108679	0.0207413	-0.0983086	-0.227106	-0.349188	-0.448502	-0.536244	-0.606619	-0.638819	-0.633855	-0.590897	-0.534718	-0.485384	-0.438369	-0.4071	-0.389436	-0.387495	-0.393229	-0.385384	-0.373357	-0.358529	-0.342562	-0.318369	-0.29566	-0.29566	
0.276664	0.324881	0.362467	0.395017	0.424112	0.472397	0.551117	0.658209	0.756788	0.825326	0.849196	0.828	0.769929	0.678932	0.559857	0.42343	0.2846	0.171125	0.0874741	0.0356014	-0.000833453	-0.0145784	-0.00685776	-0.00823857	-0.0184289	-0.0639592	-0.148189	-0.257754	-0.373429	-0.467578	-0.536244	-0.589977	-0.621381	-0.623414	-0.597639	-0.542193	-0.477892	-0.423409	-0.374549	-0.346878	-0.334244	-0.334419	-0.349728	-0.350842	-0.339763	-0.312676	-0.27163	-0.228873	-0.196857	-0.196857	
0.408382	0.472361	0.513484	0.538912	0.555061	0.581076	0.62527	0.69088	0.74959	0.782623	0.787013	0.75773	0.706404	0.62718	0.523329	0.394532	0.253435	0.132836	0.0386852	-0.0296168	-0.0878921	-0.126003	-0.139832	-0.14577	-0.156409	-0.202544	-0.289374	-0.396046	-0.499777	-0.571384	-0.606619	-0.621381	-0.616817	-0.591439	-0.546828	-0.485382	-0.413633	-0.351356	-0.303552	-0.281274	-0.273672	-0.279894	-0.303203	-0.315052	-0.311841	-0.275666	-0.218499	-0.166221	-0.130654	-0.130654	
0.525051	0.599597	0.642304	0.661824	0.665226	0.668805	0.674495	0.690943	0.702356	0.693739	0.671101	0.63604	0.591082	0.525355	0.435494	0.326371	0.197917	0.0787535	-0.020876	-0.103577	-0.178199	-0.230667	-0.252401	-0.260894	-0.277159	-0.325355	-0.404877	-0.505322	-0.587754	-0.630669	-0.638819	-0.623414	-0.591439	-0.545026	-0.493854	-0.430042	-0.357019	-0.294468	-0.249754	-0.232635	-0.227925	-0.232179	-0.253927	-0.272915	-0.272331	-0.232394	-0.167085	-0.110196	-0.0786782	-0.0786782	
0.623087	0.699967	0.743504	0.751719	0.745301	0.724411	0.694688	0.664578	0.631209	0.590452	0.543259	0.497671	0.451102	0.398497	0.328878	0.233156	0.112046	-0.00404797	-0.106077	-0.193577	-0.272899	-0.330359	-0.356388	-0.367656	-0.379159	-0.417625	-0.485729	-0.56696	-0.625598	-0.644997	-0.633855	-0.597639	-0.546828	-0.493854	-0.441793	-0.384575	-0.32012	-0.259435	-0.221738	-0.206997	-0.19922	-0.197657	-0.207434	-0.226408	-0.22676	-0.182652	-0.116806	-0.061464	-0.0358312	-0.0358312	
0.711392	0.78419	0.818794	0.814764	0.785655	0.741285	0.680756	0.609815	0.538156	0.46651	0.400285	0.347837	0.301527	0.25654	0.198685	0.114888	0.0137229	-0.0939695	-0.188248	-0.27577	-0.349057	-0.405485	-0.438103	-0.448732	-0.460371	-0.485232	-0.533332	-0.586679	-0.617243	-0.617838	-0.590897	-0.542193	-0.485382	-0.430042	-0.384575	-0.343439	-0.291994	-0.24116	-0.212635	-0.200587	-0.190861	-0.181304	-0.181278	-0.195888	-0.191799	-0.146632	-0.0789371	-0.0229924	-0.00236812	-0.00236812	
0.810096	0.865399	0.881692	0.852406	0.797423	0.723102	0.625604	0.51478	0.410455	0.317774	0.242723	0.188973	0.151887	0.119207	0.0723342	0.00537677	-0.0746558	-0.163737	-0.244763	-0.325218	-0.393454	-0.448906	-0.486689	-0.503562	-0.519562	-0.533323	-0.558378	-0.58683	-0.590461	-0.572699	-0.534718	-0.477892	-0.413633	-0.357019	-0.32012	-0.291994	-0.256708	-0.219442	-0.200192	-0.189825	-0.182685	-0.170365	-0.165079	-0.18082	-0.176326	-0.137076	-0.0747688	-0.0233092	-0.00596203	-0.00596203	
0.919222	0.947157	0.933407	0.868914	0.777511	0.661269	0.526157	0.377476	0.244965	0.144519	0.0758406	0.0370263	0.0154678	-0.00155183	-0.0253085	-0.0687568	-0.125124	-0.193493	-0.263157	-0.335875	-0.402567	-0.460762	-0.509726	-0.540733	-0.55883	-0.56331	-0.57005	-0.572654	-0.560312	-0.530845	-0.485384	-0.423409	-0.351356	-0.294468	-0.259435	-0.24116	-0.219442	-0.190485	-0.177582	-0.168978	-0.163063	-0.156903	-0.154397	-0.172147	-0.176886	-0.147346	-0.0968648	-0.055692	-0.0387218	-0.0387218	
1.01194	1.003	0.950671	0.848962	0.714222	0.560782	0.391044	0.214652	0.0689852	-0.0302909	-0.084528	-0.100387	-0.0975799	-0.090358	-0.0888177	-0.103577	-0.129143	-0.173683	-0.235092	-0.31034	-0.388914	-0.457622	-0.518602	-0.564631	-0.588287	-0.588745	-0.577981	-0.55789	-0.530535	-0.48988	-0.438369	-0.374549	-0.303552	-0.249754	-0.221738	-0.212635	-0.200192	-0.177582	-0.157966	-0.146528	-0.139999	-0.136203	-0.145231	-0.167094	-0.177287	-0.162637	-0.124179	-0.0855004	-0.0707618	-0.0707618	
1.05776	1.01552	0.926534	0.787086	0.616576	0.427942	0.223284	0.0298218	-0.118441	-0.204794	-0.234286	-0.219575	-0.17924	-0.138268	-0.105327	-0.0831898	-0.0843995	-0.116719	-0.184576	-0.270963	-0.362336	-0.445199	-0.517473	-0.573828	-0.60301	-0.601107	-0.576382	-0.54245	-0.505028	-0.458468	-0.4071	-0.346878	-0.281274	-0.232635	-0.206997	-0.200587	-0.189825	-0.168978	-0.146528	-0.129391	-0.123884	-0.126365	-0.137108	-0.156156	-0.169856	-0.161591	-0.135969	-0.108373	-0.0910843	-0.0910843	
1.05364	0.982424	0.861596	0.693719	0.493592	0.275344	0.0501984	-0.152671	-0.301018	-0.373645	-0.376297	-0.322403	-0.243517	-0.162272	-0.0862447	-0.0272508	-0.0117672	-0.0403748	-0.115768	-0.216371	-0.326646	-0.421599	-0.502378	-0.570896	-0.60819	-0.610585	-0.577208	-0.532395	-0.489984	-0.43946	-0.389436	-0.334244	-0.273672	-0.227925	-0.19922	-0.190861	-0.182685	-0.163063	-0.139999	-0.123884	-0.118834	-0.12696	-0.141126	-0.152174	-0.160886	-0.153696	-0.132587	-0.106634	-0.0868381	-0.0868381	
1.01407	0.920139	0.775215	0.587409	0.369741	0.135294	-0.102992	-0.310827	-0.451047	-0.511591	-0.492633	-0.402368	-0.279328	-0.15264	-0.0388676	0.0460705	0.0774667	0.0462234	-0.0433926	-0.16031	-0.285903	-0.396364	-0.488155	-0.566489	-0.612684	-0.618317	-0.585162	-0.535365	-0.487502	-0.436384	-0.387495	-0.334419	-0.279894	-0.232179	-0.197657	-0.181304	-0.170365	-0.156903	-0.136203	-0.126365	-0.12696	-0.13841	-0.148622	-0.149155	-0.144569	-0.132076	-0.118136	-0.0905486	-0.0739785	-0.0739785	
0.954832	0.848026	0.687421	0.487382	0.26302	0.0217279	-0.221	-0.420235	-0.549035	-0.591847	-0.54923	-0.429504	-0.270546	-0.1101	0.0302619	0.134131	0.16939	0.128305	0.0259959	-0.109145	-0.251435	-0.382047	-0.490563	-0.576742	-0.633077	-0.639519	-0.599149	-0.541757	-0.486965	-0.436763	-0.393229	-0.349728	-0.303203	-0.253927	-0.207434	-0.181278	-0.165079	-0.154397	-0.145231	-0.137108	-0.141126	-0.148622	-0.146465	-0.132014	-0.113046	-0.0996294	-0.0901254	-0.0750538	-0.0616026	-0.0616026	
0.87838	0.766506	0.603825	0.402069	0.179879	-0.0616643	-0.291432	-0.473424	-0.583628	-0.608244	-0.544013	-0.403969	-0.228339	-0.0524744	0.103819	0.212099	0.245018	0.198625	0.0902666	-0.0591853	-0.226592	-0.385005	-0.519039	-0.621168	-0.682307	-0.681131	-0.629245	-0.555515	-0.484375	-0.428044	-0.385384	-0.350842	-0.315052	-0.272915	-0.226408	-0.195888	-0.18082	-0.172147	-0.167094	-0.156156	-0.152174	-0.149155	-0.132014	-0.10543	-0.0763639	-0.0628432	-0.0610001	-0.0565191	-0.0506998	-0.0506998	
0.796601	0.693146	0.540814	0.350161	0.133398	-0.104635	-0.326262	-0.496662	-0.584824	-0.58917	-0.508449	-0.355474	-0.16642	0.0207494	0.177574	0.277138	0.308741	0.254712	0.133784	-0.0331917	-0.220863	-0.408612	-0.57065	-0.686767	-0.749393	-0.740481	-0.678886	-0.585676	-0.49277	-0.422665	-0.373357	-0.339763	-0.311841	-0.272331	-0.22676	-0.191799	-0.176326	-0.176886	-0.177287	-0.169856	-0.160886	-0.144569	-0.113046	-0.0763639	-0.0410861	-0.0326035	-0.0471582	-0.0585214	-0.0685776	-0.0685776	
0.731641	0.641056	0.505975	0.330455	0.120565	-0.113144	-0.328287	-0.486346	-0.567424	-0.559705	-0.467034	-0.309635	-0.115204	0.0793058	0.239837	0.336605	0.356304	0.294323	0.166098	-0.0165894	-0.227987	-0.443031	-0.631426	-0.764078	-0.8335	-0.826395	-0.755582	-0.645079	-0.526494	-0.429269	-0.358529	-0.312676	-0.275666	-0.232394	-0.182652	-0.146632	-0.137076	-0.147346	-0.162637	-0.161591	-0.153696	-0.132076	-0.0996294	-0.0628432	-0.0326035	-0.0366278	-0.0598135	-0.0924498	-0.111845	-0.111845	
0.692324	0.610227	0.487907	0.323295	0.117921	-0.110472	-0.314405	-0.463363	-0.540613	-0.532933	-0.438701	-0.281653	-0.083472	0.119915	0.287988	0.384252	0.398924	0.333727	0.194583	-0.00190702	-0.231336	-0.469402	-0.683771	-0.838383	-0.913802	-0.910785	-0.841897	-0.718985	-0.573128	-0.444126	-0.342562	-0.27163	-0.218499	-0.167085	-0.116806	-0.0789371	-0.0747688	-0.0968648	-0.124179	-0.135969	-0.132587	-0.118136	-0.0901254	-0.0610001	-0.0471582	-0.0598135	-0.0996046	-0.151295	-0.181199	-0.181199	
0.67759	0.593252	0.465849	0.306596	0.101914	-0.113184	-0.30167	-0.439664	-0.508188	-0.497681	-0.410221	-0.261657	-0.0647509	0.150037	0.323939	0.421152	0.436698	0.369659	0.22438	0.0159402	-0.228542	-0.485719	-0.720334	-0.89215	-0.976935	-0.985722	-0.914832	-0.776793	-0.606755	-0.445381	-0.318369	-0.228873	-0.166221	-0.110196	-0.061464	-0.0229924	-0.0233092	-0.055692	-0.0855004	-0.108373	-0.106634	-0.0905486	-0.0750538	-0.0565191	-0.0585214	-0.0924498	-0.151295	-0.218668	-0.264561	-0.264561	
0.670226	0.579015	0.446977	0.283793	0.0801718	-0.126018	-0.300089	-0.421511	-0.486363	-0.477151	-0.392442	-0.250286	-0.0568641	0.158886	0.338517	0.442448	0.457381	0.393634	0.247176	0.0344355	-0.218349	-0.487058	-0.735881	-0.921452	-1.01171	-1.02324	-0.950975	-0.804944	-0.618063	-0.438414	-0.29566	-0.196857	-0.130654	-0.0786782	-0.0358312	-0.00236812	-0.00596203	-0.0387218	-0.0707618	-0.0910843	-0.0868381	-0.0739785	-0.0616026	-0.0506998	-0.0685776	-0.111845	-0.181199	-0.264561	-0.313671	-0.313671	
0.670226	0.579015	0.446977	0.283793	0.0801718	-0.126018	-0.300089	-0.421511	-0.486363	-0.477151	-0.392442	-0.250286	-0.0568641	0.158886	0.338517	0.442448	0.457381	0.393634	0.247176	0.0344355	-0.218349	-0.487058	-0.735881	-0.921452	-1.01171	-1.02324	-0.950975	-0.804944	-0.618063	-0.438414	-0.29566	-0.196857	-0.130654	-0.0786782	-0.0358312	-0.00236812	-0.00596203	-0.0387218	-0.0707618	-0.0910843	-0.0868381	-0.0739785	-0.0616026	-0.0506998	-0.0685776	-0.111845	-0.181199	-0.264561	-0.313671	-0.313671	
