-0.542341	-0.12039	0.176097	0.650769	0.452655	0.452655	
-0.12039	0.628226	0.280482	0.113566	-0.556164	-0.556164	
0.176097	0.280482	0.318292	0.547863	-0.914797	-0.914797	
0.650769	0.113566	0.547863	0.602113	-0.0930304	-0.0930304	
0.452655	-0.556164	-0.914797	-0.0930304	2.32089	2.32089	
0.452655	-0.556164	-0.914797	-0.0930304	2.32089	2.32089	
