3.91363e-32	3.91363e-32	1.1904e-30	3.44881e-29	9.2223e-28	2.27031e-26	5.13104e-25	1.06147e-23	2.00354e-22	3.43849e-21	5.34557e-20	7.49778e-19	9.44746e-18	1.06451e-16	1.0674e-15	9.47624e-15	7.40947e-14	5.07513e-13	3.02888e-12	1.5668e-11	6.99024e-11	2.6778e-10	8.77609e-10	2.45544e-09	5.86599e-09	1.20045e-08	2.1169e-08	3.23859e-08	4.32306e-08	5.05525e-08	5.19021e-08	4.68007e-08	3.70023e-08	2.55659e-08	1.53611e-08	7.97731e-09	3.55926e-09	1.35831e-09	4.42353e-10	1.22915e-10	2.91943e-11	5.94806e-12	1.04449e-12	1.58966e-13	2.10948e-14	2.45557e-15	2.52242e-16	2.29957e-17	1.87055e-18	1.36447e-19	
3.91363e-32	3.91363e-32	1.1904e-30	3.44881e-29	9.2223e-28	2.27031e-26	5.13104e-25	1.06147e-23	2.00354e-22	3.43849e-21	5.34557e-20	7.49778e-19	9.44746e-18	1.06451e-16	1.0674e-15	9.47624e-15	7.40947e-14	5.07513e-13	3.02888e-12	1.5668e-11	6.99024e-11	2.6778e-10	8.77609e-10	2.45544e-09	5.86599e-09	1.20045e-08	2.1169e-08	3.23859e-08	4.32306e-08	5.05525e-08	5.19021e-08	4.68007e-08	3.70023e-08	2.55659e-08	1.53611e-08	7.97731e-09	3.55926e-09	1.35831e-09	4.42353e-10	1.22915e-10	2.91943e-11	5.94806e-12	1.04449e-12	1.58966e-13	2.10948e-14	2.45557e-15	2.52242e-16	2.29957e-17	1.87055e-18	1.36447e-19	
1.1904e-30	1.1904e-30	3.48918e-29	9.74475e-28	2.51015e-26	5.94781e-25	1.29276e-23	2.56951e-22	4.65508e-21	7.65958e-20	1.14031e-18	1.52966e-17	1.84084e-16	1.97814e-15	1.88878e-14	1.59426e-13	1.18332e-12	7.68248e-12	4.34013e-11	2.12308e-10	8.95306e-10	3.24291e-09	1.00647e-08	2.67496e-08	6.10016e-08	1.19941e-07	2.04707e-07	3.05385e-07	4.00512e-07	4.63757e-07	4.75307e-07	4.31358e-07	3.46011e-07	2.44431e-07	1.51296e-07	8.1539e-08	3.80072e-08	1.52358e-08	5.23248e-09	1.53705e-09	3.864e-10	8.33349e-11	1.54811e-11	2.48981e-12	3.48649e-13	4.27607e-14	4.6206e-15	4.42416e-16	3.77395e-17	2.88274e-18	
3.44881e-29	3.44881e-29	9.74475e-28	2.62455e-26	6.51475e-25	1.48634e-23	3.10785e-22	5.93688e-21	1.03264e-19	1.62948e-18	2.32357e-17	2.9816e-16	3.42753e-15	3.51305e-14	3.19443e-13	2.56364e-12	1.8063e-11	1.11154e-10	5.94411e-10	2.74975e-09	1.09617e-08	3.7553e-08	1.10429e-07	2.79012e-07	6.07963e-07	1.14959e-06	1.90056e-06	2.7668e-06	3.56772e-06	4.09285e-06	4.18797e-06	3.82389e-06	3.10993e-06	2.24453e-06	1.43006e-06	7.99098e-07	3.88778e-07	1.63574e-07	5.92065e-08	1.83792e-08	4.88916e-09	1.11608e-09	2.19332e-10	3.72758e-11	5.50805e-12	7.11736e-13	8.08964e-14	8.13423e-15	7.27548e-16	5.81846e-17	
9.2223e-28	9.2223e-28	2.51015e-26	6.51475e-25	1.55705e-23	3.41743e-22	6.86742e-21	1.25946e-19	2.10071e-18	3.17477e-17	4.32989e-16	5.30625e-15	5.81635e-14	5.67487e-13	4.9034e-12	3.73253e-11	2.48993e-10	1.44816e-09	7.30827e-09	3.18698e-08	1.19712e-07	3.86666e-07	1.07417e-06	2.57354e-06	5.34668e-06	9.70562e-06	1.55203e-05	2.20254e-05	2.79073e-05	3.17103e-05	3.23937e-05	2.97632e-05	2.45537e-05	1.81208e-05	1.18993e-05	6.90538e-06	3.51376e-06	1.55545e-06	5.95035e-07	1.95798e-07	5.5293e-08	1.3403e-08	2.79511e-09	5.03466e-10	7.87199e-11	1.07441e-11	1.28747e-12	1.36236e-13	1.28009e-14	1.07367e-15	
2.27031e-26	2.27031e-26	5.94781e-25	1.48634e-23	3.41743e-22	7.20851e-21	1.39066e-19	2.44559e-18	3.90643e-17	5.64591e-16	7.35267e-15	8.58987e-14	8.95996e-13	8.3031e-12	6.80042e-11	4.89654e-10	3.08325e-09	1.68929e-08	8.01687e-08	3.28334e-07	1.15774e-06	3.51273e-06	9.18769e-06	2.08111e-05	4.11212e-05	7.15106e-05	0.00011042	0.000152565	0.000189793	0.000213518	0.000217749	0.000201379	0.000168627	0.00012739	8.63468e-05	5.21405e-05	2.78143e-05	1.29912e-05	5.26963e-06	1.84461e-06	5.55066e-07	1.43408e-07	3.1852e-08	6.10152e-09	1.01268e-09	1.46412e-10	1.85458e-11	2.07011e-12	2.04775e-13	1.80479e-14	
5.13104e-25	5.13104e-25	1.29276e-23	3.10785e-22	6.86742e-21	1.39066e-19	2.57253e-18	4.33235e-17	6.61758e-16	9.13175e-15	1.13351e-13	1.25985e-12	1.24771e-11	1.09542e-10	8.48018e-10	5.75764e-09	3.41032e-08	1.7535e-07	7.79352e-07	2.98487e-06	9.83686e-06	2.7918e-05	6.8483e-05	0.000146162	0.000273899	0.000455227	0.000677435	0.000909957	0.00111032	0.00123605	0.00125829	0.00117179	0.000996777	0.000771791	0.000540921	0.000340627	0.000191005	9.44324e-05	4.0767e-05	1.52433e-05	4.90874e-06	1.35762e-06	3.22501e-07	6.59594e-08	1.16629e-08	1.79211e-09	2.40673e-10	2.84142e-11	2.96614e-12	2.75295e-13	
1.06147e-23	1.06147e-23	2.56951e-22	5.93688e-21	1.25946e-19	2.44559e-18	4.33235e-17	6.9768e-16	1.01744e-14	1.33808e-13	1.57993e-12	1.66686e-11	1.56338e-10	1.29665e-09	9.45766e-09	6.03319e-08	3.34802e-07	1.60842e-06	6.66318e-06	2.37449e-05	7.27654e-05	0.000192226	0.000440254	0.00088195	0.00156234	0.00247498	0.00354176	0.00461731	0.00551944	0.00607595	0.00617359	0.00579206	0.00501022	0.00398196	0.00289143	0.00190353	0.00112544	0.000591126	0.000272759	0.000109461	3.79126e-05	1.12816e-05	2.88028e-06	6.3185e-07	1.19526e-07	1.95941e-08	2.79936e-09	3.50626e-10	3.87301e-11	3.79451e-12	
2.00354e-22	2.00354e-22	4.65508e-21	1.03264e-19	2.10071e-18	3.90643e-17	6.61758e-16	1.01744e-14	1.41406e-13	1.76885e-12	1.98222e-11	1.98006e-10	1.75375e-09	1.36963e-08	9.37783e-08	5.59737e-07	2.89663e-06	1.29349e-05	4.96664e-05	0.000163711	0.00046372	0.00113374	0.00241193	0.0045153	0.00753356	0.0113403	0.0155671	0.019659	0.0229898	0.0250051	0.0253556	0.02398	0.0211187	0.017258	0.0130124	0.00898111	0.005618	0.00314793	0.00156012	0.000675672	0.000253191	8.15444e-05	2.25044e-05	5.32368e-06	1.0827e-06	1.90185e-07	2.90186e-08	3.86935e-09	4.53649e-10	4.70439e-11	
3.43849e-21	3.43849e-21	7.65958e-20	1.62948e-18	3.17477e-17	5.64591e-16	9.13175e-15	1.33808e-13	1.76885e-12	2.0999e-11	2.22778e-10	2.10099e-09	1.75155e-08	1.28329e-07	8.21332e-07	4.56481e-06	2.19092e-05	9.03877e-05	0.000319547	0.000967444	0.00251515	0.00565329	0.0111061	0.019334	0.030258	0.0431357	0.0566492	0.0691544	0.0789949	0.0848187	0.0858221	0.0818679	0.0734997	0.0618737	0.0485604	0.0352466	0.0234157	0.0140619	0.00752696	0.00354047	0.00144527	0.000507348	0.000152385	3.91205e-05	8.60272e-06	1.62755e-06	2.66414e-07	3.79677e-08	4.74111e-09	5.21992e-10	
5.34557e-20	5.34557e-20	1.14031e-18	2.32357e-17	4.32989e-16	7.35267e-15	1.13351e-13	1.57993e-12	1.98222e-11	2.22778e-10	2.2312e-09	1.98023e-08	1.54818e-07	1.05959e-06	6.30802e-06	3.24613e-05	0.000143571	0.000543266	0.00175435	0.00483786	0.0114485	0.0234769	0.0423124	0.0681314	0.0995873	0.133998	0.167915	0.19775	0.220341	0.233387	0.235614	0.226809	0.207815	0.180539	0.147838	0.113193	0.0801774	0.051859	0.0301644	0.0155217	0.00695807	0.00268452	0.000884681	0.000248335	5.94501e-05	1.21865e-05	2.15127e-06	3.29171e-07	4.3953e-08	5.15546e-09	
7.49778e-19	7.49778e-19	1.52966e-17	2.9816e-16	5.30625e-15	8.58987e-14	1.25985e-12	1.66686e-11	1.98006e-10	2.10099e-09	1.98023e-08	1.64796e-07	1.20317e-06	7.65473e-06	4.21473e-05	0.000199494	0.00080687	0.0027762	0.00811155	0.0201736	0.0430393	0.0798433	0.131122	0.194282	0.264222	0.334659	0.399423	0.453258	0.492349	0.514371	0.518101	0.503316	0.470845	0.422532	0.361572	0.292706	0.221799	0.155226	0.0987211	0.0560092	0.0278252	0.0119145	0.00434978	0.00134715	0.000353926	7.91645e-05	1.5163e-05	2.50415e-06	3.59156e-07	4.50554e-08	
9.44746e-18	9.44746e-18	1.84084e-16	3.42753e-15	5.81635e-14	8.95996e-13	1.24771e-11	1.56338e-10	1.75375e-09	1.75155e-08	1.54818e-07	1.20317e-06	8.16398e-06	4.80116e-05	0.000242875	0.00104914	0.0038453	0.0119064	0.0311229	0.06901	0.131344	0.218587	0.325234	0.441945	0.5584	0.665732	0.757387	0.829271	0.879505	0.907245	0.911907	0.893341	0.852048	0.788684	0.704573	0.602856	0.489116	0.371318	0.259431	0.163481	0.0908818	0.0436702	0.017864	0.00616983	0.00179606	0.000442023	9.25187e-05	1.65912e-05	2.56917e-06	3.46215e-07	
1.06451e-16	1.06451e-16	1.97814e-15	3.51305e-14	5.67487e-13	8.3031e-12	1.09542e-10	1.29665e-09	1.36963e-08	1.28329e-07	1.05959e-06	7.65473e-06	4.80116e-05	0.000259312	0.00119593	0.00467156	0.0153499	0.0422529	0.0975317	0.190431	0.32018	0.475396	0.640155	0.79964	0.943245	1.06512	1.16267	1.23605	1.28636	1.31365	1.31812	1.29997	1.2589	1.19487	1.10717	0.994832	0.859457	0.705296	0.541107	0.380144	0.23841	0.130032	0.0603658	0.0235435	0.00768035	0.00210021	0.000484369	9.49771e-05	1.59722e-05	2.32353e-06	
1.0674e-15	1.0674e-15	1.88878e-14	3.19443e-13	4.9034e-12	6.80042e-11	8.48018e-10	9.45766e-09	9.37783e-08	8.21332e-07	6.30802e-06	4.21473e-05	0.000242875	0.00119593	0.00498402	0.0174191	0.0506766	0.12231	0.245923	0.41833	0.618776	0.822935	1.01339	1.18029	1.32044	1.43352	1.52121	1.58636	1.63017	1.65276	1.65621	1.64161	1.60635	1.54984	1.47158	1.36892	1.23967	1.08329	0.901428	0.701237	0.49661	0.309963	0.16537	0.0738431	0.0273475	0.00840369	0.002156	0.000465934	8.56549e-05	1.35252e-05	
9.47624e-15	9.47624e-15	1.59426e-13	2.56364e-12	3.73253e-11	4.89654e-10	5.75764e-09	6.03319e-08	5.59737e-07	4.56481e-06	3.24613e-05	0.000199494	0.00104914	0.00467156	0.0174191	0.0538273	0.136783	0.285477	0.494744	0.732169	0.964351	1.17555	1.35962	1.51431	1.63984	1.73646	1.80794	1.85721	1.88595	1.89994	1.90232	1.89326	1.87082	1.83031	1.7677	1.68193	1.56783	1.42511	1.25238	1.05171	0.826907	0.588343	0.363336	0.188129	0.0801893	0.028039	0.00808754	0.0019433	0.000393355	6.78217e-05	
7.40947e-14	7.40947e-14	1.18332e-12	1.8063e-11	2.48993e-10	3.08325e-09	3.41032e-08	3.34802e-07	2.89663e-06	2.19092e-05	0.000143571	0.00080687	0.0038453	0.0153499	0.0506766	0.136783	0.299797	0.536141	0.802634	1.05601	1.28573	1.48997	1.66046	1.79374	1.88827	1.94897	1.98309	1.9979	2.00085	2.00301	2.00436	2.00171	1.99989	1.99098	1.96499	1.91626	1.83572	1.7183	1.56248	1.37049	1.15073	0.906542	0.64172	0.387278	0.19218	0.0774101	0.0253812	0.00684375	0.00153692	0.000291157	
5.07513e-13	5.07513e-13	7.68248e-12	1.11154e-10	1.44816e-09	1.68929e-08	1.7535e-07	1.60842e-06	1.29349e-05	9.03877e-05	0.000543266	0.0027762	0.0119064	0.0422529	0.12231	0.285477	0.536141	0.826248	1.1002	1.35058	1.57876	1.76204	1.89182	1.97027	2.00419	2.007	1.98887	1.96216	1.93902	1.9229	1.91995	1.93111	1.95241	1.97784	2.00179	2.00779	1.98897	1.92857	1.82098	1.65817	1.44569	1.20292	0.938873	0.650797	0.376851	0.176408	0.0663913	0.0202646	0.00508606	0.00106503	
3.02888e-12	3.02888e-12	4.34013e-11	5.94411e-10	7.30827e-09	8.01687e-08	7.79352e-07	6.66318e-06	4.96664e-05	0.000319547	0.00175435	0.00811155	0.0311229	0.0975317	0.245923	0.494744	0.802634	1.1002	1.37233	1.62444	1.8173	1.93916	2.00171	2.00882	1.97524	1.91171	1.83647	1.75959	1.69867	1.66041	1.65273	1.68014	1.73279	1.80475	1.88249	1.95205	2.00044	2.01036	1.97158	1.87433	1.71039	1.47799	1.2117	0.925195	0.614791	0.334224	0.145137	0.0504671	0.0142396	0.00331256	
1.5668e-11	1.5668e-11	2.12308e-10	2.74975e-09	3.18698e-08	3.28334e-07	2.98487e-06	2.37449e-05	0.000163711	0.000967444	0.00483786	0.0201736	0.06901	0.190431	0.41833	0.732169	1.05601	1.35058	1.62444	1.83365	1.95603	2.01562	1.99896	1.92341	1.80199	1.65776	1.51089	1.37982	1.28011	1.22582	1.21684	1.25251	1.33514	1.45567	1.5978	1.74711	1.87879	1.97607	2.01731	1.98878	1.89109	1.71902	1.4643	1.17742	0.864788	0.537319	0.268331	0.106455	0.0338638	0.00877733	
6.99024e-11	6.99024e-11	8.95306e-10	1.09617e-08	1.19712e-07	1.15774e-06	9.83686e-06	7.27654e-05	0.00046372	0.00251515	0.0114485	0.0430393	0.131344	0.32018	0.618776	0.964351	1.28573	1.57876	1.8173	1.95603	2.02139	1.98719	1.87174	1.69739	1.48641	1.26191	1.04821	0.865139	0.729446	0.647283	0.631957	0.689267	0.80472	0.969878	1.17606	1.39681	1.61574	1.80894	1.94785	2.02083	1.99084	1.88393	1.6842	1.40579	1.09774	0.756951	0.428693	0.193013	0.0691039	0.0199508	
2.6778e-10	2.6778e-10	3.24291e-09	3.7553e-08	3.86666e-07	3.51273e-06	2.7918e-05	0.000192226	0.00113374	0.00565329	0.0234769	0.0798433	0.218587	0.475396	0.822935	1.17555	1.48997	1.76204	1.93916	2.01562	1.98719	1.84956	1.644	1.36755	1.06726	0.761679	0.480878	0.247988	0.0798959	-0.00970561	-0.0245366	0.0343355	0.172105	0.383448	0.645111	0.941409	1.25016	1.53771	1.77607	1.94138	2.01845	1.97962	1.84719	1.60522	1.30491	0.967899	0.608292	0.307082	0.122912	0.0393638	
8.77609e-10	8.77609e-10	1.00647e-08	1.10429e-07	1.07417e-06	9.18769e-06	6.8483e-05	0.000440254	0.00241193	0.0111061	0.0423124	0.131122	0.325234	0.640155	1.01339	1.35962	1.66046	1.89182	2.00171	1.99896	1.87174	1.644	1.32055	0.95761	0.565857	0.199406	-0.13122	-0.399751	-0.589728	-0.700818	-0.720911	-0.643844	-0.483264	-0.247585	0.0582116	0.415735	0.802424	1.17739	1.52543	1.79074	1.96395	2.01316	1.95034	1.76527	1.48443	1.15697	0.787963	0.438705	0.194171	0.0684543	
2.45544e-09	2.45544e-09	2.67496e-08	2.79012e-07	2.57354e-06	2.08111e-05	0.000146162	0.00088195	0.0045153	0.019334	0.0681314	0.194282	0.441945	0.79964	1.18029	1.51431	1.79374	1.97027	2.00882	1.92341	1.69739	1.36755	0.95761	0.503235	0.047011	-0.381748	-0.741798	-1.02602	-1.22205	-1.32114	-1.33663	-1.27199	-1.11559	-0.866797	-0.534676	-0.127982	0.316989	0.780331	1.2106	1.57707	1.84778	1.99179	2.00129	1.88057	1.63375	1.31988	0.954045	0.575325	0.277762	0.106678	
5.86599e-09	5.86599e-09	6.10016e-08	6.07963e-07	5.34668e-06	4.11212e-05	0.000273899	0.00156234	0.00753356	0.030258	0.0995873	0.264222	0.5584	0.943245	1.32044	1.63984	1.88827	2.00419	1.97524	1.80199	1.48641	1.06726	0.565857	0.047011	-0.462607	-0.914939	-1.28687	-1.56574	-1.74691	-1.84602	-1.86325	-1.79547	-1.6487	-1.41134	-1.07429	-0.652604	-0.161349	0.359663	0.872115	1.3312	1.69033	1.92422	2.00875	1.95365	1.75084	1.45557	1.09923	0.705871	0.366322	0.151416	
1.20045e-08	1.20045e-08	1.19941e-07	1.14959e-06	9.70562e-06	7.15106e-05	0.000455227	0.00247498	0.0113403	0.0431357	0.133998	0.334659	0.665732	1.06512	1.43352	1.73646	1.94897	2.007	1.91171	1.65776	1.26191	0.761679	0.199406	-0.381748	-0.914939	-1.3781	-1.72938	-1.9611	-2.10011	-2.16242	-2.17116	-2.13283	-2.02706	-1.83704	-1.53136	-1.11048	-0.603312	-0.0332607	0.540298	1.0739	1.51229	1.83081	1.98701	1.99196	1.83602	1.5638	1.22027	0.822411	0.452287	0.198631	
2.1169e-08	2.1169e-08	2.04707e-07	1.90056e-06	1.55203e-05	0.00011042	0.000677435	0.00354176	0.0155671	0.0566492	0.167915	0.399423	0.757387	1.16267	1.52121	1.80794	1.98309	1.98887	1.83647	1.51089	1.04821	0.480878	-0.13122	-0.741798	-1.28687	-1.72938	-2.03758	-2.21315	-2.268	-2.26191	-2.25785	-2.26881	-2.24719	-2.12391	-1.86894	-1.4797	-0.970993	-0.378997	0.237767	0.830849	1.33941	1.72615	1.94533	2.00619	1.89454	1.64572	1.316	0.919875	0.529157	0.243796	
3.23859e-08	3.23859e-08	3.05385e-07	2.7668e-06	2.20254e-05	0.000152565	0.000909957	0.00461731	0.019659	0.0691544	0.19775	0.453258	0.829271	1.23605	1.58636	1.85721	1.9979	1.96216	1.75959	1.37982	0.865139	0.247988	-0.399751	-1.02602	-1.56574	-1.9611	-2.21315	-2.2926	-2.24674	-2.18472	-2.17157	-2.21865	-2.28462	-2.2653	-2.07988	-1.74181	-1.25676	-0.654014	-0.0127709	0.629846	1.1867	1.62979	1.9015	2.00595	1.93163	1.7037	1.38668	0.995352	0.591937	0.282654	
4.32306e-08	4.32306e-08	4.00512e-07	3.56772e-06	2.79073e-05	0.000189793	0.00111032	0.00551944	0.0229898	0.0789949	0.220341	0.492349	0.879505	1.28636	1.63017	1.88595	2.00085	1.93902	1.69867	1.28011	0.729446	0.0798959	-0.589728	-1.22205	-1.74691	-2.10011	-2.268	-2.24674	-2.0746	-1.88435	-1.84305	-1.98967	-2.19169	-2.28215	-2.18849	-1.91093	-1.44949	-0.849073	-0.191452	0.480821	1.07032	1.55462	1.86074	1.9983	1.95529	1.7422	1.43346	1.04723	0.637046	0.311687	
5.05525e-08	5.05525e-08	4.63757e-07	4.09285e-06	3.17103e-05	0.000213518	0.00123605	0.00607595	0.0250051	0.0848187	0.233387	0.514371	0.907245	1.31365	1.65276	1.89994	2.00301	1.9229	1.66041	1.22582	0.647283	-0.00970561	-0.700818	-1.32114	-1.84602	-2.16242	-2.26191	-2.18472	-1.88435	-1.53443	-1.45768	-1.73066	-2.08874	-2.25544	-2.22195	-2.00494	-1.54612	-0.959842	-0.289541	0.393362	1.00604	1.50671	1.83979	1.99161	1.96496	1.7629	1.45882	1.07542	0.662204	0.328322	
5.19021e-08	5.19021e-08	4.75307e-07	4.18797e-06	3.23937e-05	0.000217749	0.00125829	0.00617359	0.0253556	0.0858221	0.235614	0.518101	0.911907	1.31812	1.65621	1.90232	2.00436	1.91995	1.65273	1.21684	0.631957	-0.0245366	-0.720911	-1.33663	-1.86325	-2.17116	-2.25785	-2.17157	-1.84305	-1.45768	-1.37294	-1.67422	-2.06803	-2.24886	-2.22446	-2.0211	-1.56063	-0.978092	-0.305865	0.378959	0.995688	1.49844	1.83744	1.98932	1.96559	1.76658	1.46323	1.0801	0.666407	0.331139	
4.68007e-08	4.68007e-08	4.31358e-07	3.82389e-06	2.97632e-05	0.000201379	0.00117179	0.00579206	0.02398	0.0818679	0.226809	0.503316	0.893341	1.29997	1.64161	1.89326	2.00171	1.93111	1.68014	1.25251	0.689267	0.0343355	-0.643844	-1.27199	-1.79547	-2.13283	-2.26881	-2.21865	-1.98967	-1.73066	-1.67422	-1.87633	-2.14611	-2.27144	-2.20774	-1.95684	-1.49806	-0.903566	-0.240583	0.43714	1.03791	1.53139	1.84991	1.99535	1.96062	1.7526	1.44615	1.06135	0.649568	0.319912	
3.70023e-08	3.70023e-08	3.46011e-07	3.10993e-06	2.45537e-05	0.000168627	0.000996777	0.00501022	0.0211187	0.0734997	0.207815	0.470845	0.852048	1.2589	1.60635	1.87082	1.99989	1.95241	1.73279	1.33514	0.80472	0.172105	-0.483264	-1.11559	-1.6487	-2.02706	-2.24719	-2.28462	-2.19169	-2.08874	-2.06803	-2.14611	-2.25677	-2.28335	-2.13585	-1.81926	-1.34604	-0.740479	-0.0929229	0.563378	1.13397	1.59671	1.88373	2.00337	1.94294	1.72137	1.40811	1.01897	0.61224	0.295577	
2.55659e-08	2.55659e-08	2.44431e-07	2.24453e-06	1.81208e-05	0.00012739	0.000771791	0.00398196	0.017258	0.0618737	0.180539	0.422532	0.788684	1.19487	1.54984	1.83031	1.99098	1.97784	1.80475	1.45567	0.969878	0.383448	-0.247585	-0.866797	-1.41134	-1.83704	-2.12391	-2.2653	-2.28215	-2.25544	-2.24886	-2.27144	-2.28335	-2.19973	-1.96675	-1.59876	-1.09645	-0.499485	0.132156	0.745704	1.27525	1.68511	1.928	2.00783	1.9114	1.67148	1.34729	0.95286	0.556165	0.260261	
1.53611e-08	1.53611e-08	1.51296e-07	1.43006e-06	1.18993e-05	8.63468e-05	0.000540921	0.00289143	0.0130124	0.0485604	0.147838	0.361572	0.704573	1.10717	1.47158	1.7677	1.96499	2.00179	1.88249	1.5978	1.17606	0.645111	0.0582116	-0.534676	-1.07429	-1.53136	-1.86894	-2.07988	-2.18849	-2.22195	-2.22446	-2.20774	-2.13585	-1.96675	-1.6803	-1.27026	-0.759178	-0.181265	0.412795	0.975102	1.44236	1.78926	1.97106	1.99985	1.86268	1.59975	1.26163	0.863891	0.484403	0.217133	
7.97731e-09	7.97731e-09	8.1539e-08	7.99098e-07	6.90538e-06	5.21405e-05	0.000340627	0.00190353	0.00898111	0.0352466	0.113193	0.292706	0.602856	0.994832	1.36892	1.68193	1.91626	2.00779	1.95205	1.74711	1.39681	0.941409	0.415735	-0.127982	-0.652604	-1.11048	-1.4797	-1.74181	-1.91093	-2.00494	-2.0211	-1.95684	-1.81926	-1.59876	-1.27026	-0.842786	-0.345108	0.201422	0.734817	1.22724	1.62159	1.88929	2.00319	1.97277	1.78853	1.50212	1.15068	0.754525	0.401367	0.170186	
3.55926e-09	3.55926e-09	3.80072e-08	3.88778e-07	3.51376e-06	2.78143e-05	0.000191005	0.00112544	0.005618	0.0234157	0.0801774	0.221799	0.489116	0.859457	1.23967	1.56783	1.83572	1.98897	2.00044	1.87879	1.61574	1.25016	0.802424	0.316989	-0.161349	-0.603312	-0.970993	-1.25676	-1.44949	-1.54612	-1.56063	-1.49806	-1.34604	-1.09645	-0.759178	-0.345108	0.122735	0.610083	1.07922	1.48077	1.78849	1.97024	2.00826	1.91422	1.68472	1.37759	1.01491	0.62878	0.312964	0.123919	
1.35831e-09	1.35831e-09	1.52358e-08	1.63574e-07	1.55545e-06	1.29912e-05	9.44324e-05	0.000591126	0.00314793	0.0140619	0.051859	0.155226	0.371318	0.705296	1.08329	1.42511	1.7183	1.92857	2.01036	1.97607	1.80894	1.53771	1.17739	0.780331	0.359663	-0.0332607	-0.378997	-0.654014	-0.849073	-0.959842	-0.978092	-0.903566	-0.740479	-0.499485	-0.181265	0.201422	0.610083	1.02331	1.40121	1.7118	1.92478	2.01071	1.97673	1.81699	1.548	1.22537	0.85659	0.493432	0.22644	0.0826701	
4.42353e-10	4.42353e-10	5.23248e-09	5.92065e-08	5.95035e-07	5.26963e-06	4.0767e-05	0.000272759	0.00156012	0.00752696	0.0301644	0.0987211	0.259431	0.541107	0.901428	1.25238	1.56248	1.82098	1.97158	2.01731	1.94785	1.77607	1.52543	1.2106	0.872115	0.540298	0.237767	-0.0127709	-0.191452	-0.289541	-0.305865	-0.240583	-0.0929229	0.132156	0.412795	0.734817	1.07922	1.40121	1.68818	1.88726	2.00501	2.00186	1.89513	1.67409	1.3802	1.04662	0.681149	0.3583	0.149435	0.0497333	
1.22915e-10	1.22915e-10	1.53705e-09	1.83792e-08	1.95798e-07	1.84461e-06	1.52433e-05	0.000109461	0.000675672	0.00354047	0.0155217	0.0560092	0.163481	0.380144	0.701237	1.05171	1.37049	1.65817	1.87433	1.98878	2.02083	1.94138	1.79074	1.57707	1.3312	1.0739	0.830849	0.629846	0.480821	0.393362	0.378959	0.43714	0.563378	0.745704	0.975102	1.22724	1.48077	1.7118	1.88726	2.00059	2.0132	1.9292	1.7566	1.48995	1.18387	0.84346	0.499447	0.235717	0.0882412	0.0265287	
2.91943e-11	2.91943e-11	3.864e-10	4.88916e-09	5.5293e-08	5.55066e-07	4.90874e-06	3.79126e-05	0.000253191	0.00144527	0.00695807	0.0278252	0.0908818	0.23841	0.49661	0.826907	1.15073	1.44569	1.71039	1.89109	1.99084	2.01845	1.96395	1.84778	1.69033	1.51229	1.33941	1.1867	1.07032	1.00604	0.995688	1.03791	1.13397	1.27525	1.44236	1.62159	1.78849	1.92478	2.00501	2.0132	1.9379	1.79556	1.55862	1.2713	0.960747	0.625074	0.328923	0.137259	0.0457152	0.0123449	
5.94806e-12	5.94806e-12	8.33349e-11	1.11608e-09	1.3403e-08	1.43408e-07	1.35762e-06	1.12816e-05	8.15444e-05	0.000507348	0.00268452	0.0119145	0.0436702	0.130032	0.309963	0.588343	0.906542	1.20292	1.47799	1.71902	1.88393	1.97962	2.01316	1.99179	1.92422	1.83081	1.72615	1.62979	1.55462	1.50671	1.49844	1.53139	1.59671	1.68511	1.78926	1.88929	1.97024	2.01071	2.00186	1.9292	1.79556	1.58238	1.31425	1.02885	0.715947	0.411736	0.18904	0.0691656	0.0204203	0.00494532	
1.04449e-12	1.04449e-12	1.54811e-11	2.19332e-10	2.79511e-09	3.1852e-08	3.22501e-07	2.88028e-06	2.25044e-05	0.000152385	0.000884681	0.00434978	0.017864	0.0603658	0.16537	0.363336	0.64172	0.938873	1.2117	1.4643	1.6842	1.84719	1.95034	2.00129	2.00875	1.98701	1.94533	1.9015	1.86074	1.83979	1.83744	1.84991	1.88373	1.928	1.97106	2.00319	2.00826	1.97673	1.89513	1.7566	1.55862	1.31425	1.05088	0.762655	0.468242	0.232607	0.0924744	0.029642	0.00777005	0.0016913	
1.58966e-13	1.58966e-13	2.48981e-12	3.72758e-11	5.03466e-10	6.10152e-09	6.59594e-08	6.3185e-07	5.32368e-06	3.91205e-05	0.000248335	0.00134715	0.00616983	0.0235435	0.0738431	0.188129	0.387278	0.650797	0.925195	1.17742	1.40579	1.60522	1.76527	1.88057	1.95365	1.99196	2.00619	2.00595	1.9983	1.99161	1.98932	1.99535	2.00337	2.00783	1.99985	1.97277	1.91422	1.81699	1.67409	1.48995	1.2713	1.02885	0.762655	0.488206	0.257517	0.109827	0.0379115	0.0107027	0.0025043	0.000492292	
2.10948e-14	2.10948e-14	3.48649e-13	5.50805e-12	7.87199e-11	1.01268e-09	1.16629e-08	1.19526e-07	1.0827e-06	8.60272e-06	5.94501e-05	0.000353926	0.00179606	0.00768035	0.0273475	0.0801893	0.19218	0.376851	0.614791	0.864788	1.09774	1.30491	1.48443	1.63375	1.75084	1.83602	1.89454	1.93163	1.95529	1.96496	1.96559	1.96062	1.94294	1.9114	1.86268	1.78853	1.68472	1.548	1.3802	1.18387	0.960747	0.715947	0.468242	0.257517	0.116261	0.0428434	0.0129566	0.00324898	0.000683582	0.000122097	
2.45557e-15	2.45557e-15	4.27607e-14	7.11736e-13	1.07441e-11	1.46412e-10	1.79211e-09	1.95941e-08	1.90185e-07	1.62755e-06	1.21865e-05	7.91645e-05	0.000442023	0.00210021	0.00840369	0.028039	0.0774101	0.176408	0.334224	0.537319	0.756951	0.967899	1.15697	1.31988	1.45557	1.5638	1.64572	1.7037	1.7422	1.7629	1.76658	1.7526	1.72137	1.67148	1.59975	1.50212	1.37759	1.22537	1.04662	0.84346	0.625074	0.411736	0.232607	0.109827	0.0428434	0.0138065	0.00369916	0.00083182	0.000158611	2.59071e-05	
2.52242e-16	2.52242e-16	4.6206e-15	8.08964e-14	1.28747e-12	1.85458e-11	2.40673e-10	2.79936e-09	2.90186e-08	2.66414e-07	2.15127e-06	1.5163e-05	9.25187e-05	0.000484369	0.002156	0.00808754	0.0253812	0.0663913	0.145137	0.268331	0.428693	0.608292	0.787963	0.954045	1.09923	1.22027	1.316	1.38668	1.43346	1.45882	1.46323	1.44615	1.40811	1.34729	1.26163	1.15068	1.01491	0.85659	0.681149	0.499447	0.328923	0.18904	0.0924744	0.0379115	0.0129566	0.00369916	0.000887957	0.000180722	3.14684e-05	4.72977e-06	
2.29957e-17	2.29957e-17	4.42416e-16	8.13423e-15	1.36236e-13	2.07011e-12	2.84142e-11	3.50626e-10	3.86935e-09	3.79677e-08	3.29171e-07	2.50415e-06	1.65912e-05	9.49771e-05	0.000465934	0.0019433	0.00684375	0.0202646	0.0504671	0.106455	0.193013	0.307082	0.438705	0.575325	0.705871	0.822411	0.919875	0.995352	1.04723	1.07542	1.0801	1.06135	1.01897	0.95286	0.863891	0.754525	0.62878	0.493432	0.3583	0.235717	0.137259	0.0691656	0.029642	0.0107027	0.00324898	0.00083182	0.000180722	3.35725e-05	5.37562e-06	7.47791e-07	
1.87055e-18	1.87055e-18	3.77395e-17	7.27548e-16	1.28009e-14	2.04775e-13	2.96614e-12	3.87301e-11	4.53649e-10	4.74111e-09	4.3953e-08	3.59156e-07	2.56917e-06	1.59722e-05	8.56549e-05	0.000393355	0.00153692	0.00508606	0.0142396	0.0338638	0.0691039	0.122912	0.194171	0.277762	0.366322	0.452287	0.529157	0.591937	0.637046	0.662204	0.666407	0.649568	0.61224	0.556165	0.484403	0.401367	0.312964	0.22644	0.149435	0.0882412	0.0457152	0.0204203	0.00777005	0.0025043	0.000683582	0.000158611	3.14684e-05	5.37562e-06	7.96434e-07	1.03074e-07	
1.36447e-19	1.36447e-19	2.88274e-18	5.81846e-17	1.07367e-15	1.80479e-14	2.75295e-13	3.79451e-12	4.70439e-11	5.21992e-10	5.15546e-09	4.50554e-08	3.46215e-07	2.32353e-06	1.35252e-05	6.78217e-05	0.000291157	0.00106503	0.00331256	0.00877733	0.0199508	0.0393638	0.0684543	0.106678	0.151416	0.198631	0.243796	0.282654	0.311687	0.328322	0.331139	0.319912	0.295577	0.260261	0.217133	0.170186	0.123919	0.0826701	0.0497333	0.0265287	0.0123449	0.00494532	0.0016913	0.000492292	0.000122097	2.59071e-05	4.72977e-06	7.47791e-07	1.03074e-07	1.24683e-08	
