-0.00663448	-0.00663448	0.19765	0.000797184	0.776827	-0.520904	
-0.00663448	-0.00663448	0.19765	0.000797184	0.776827	-0.520904	
0.19765	0.19765	0.464922	-0.35839	0.996513	-0.228776	
0.000797184	0.000797184	-0.35839	0.760585	0.525005	-0.517597	
0.776827	0.776827	0.996513	0.525005	-0.0211389	0.896079	
-0.520904	-0.520904	-0.228776	-0.517597	0.896079	0.378082	
