1.90785e-06	1.90785e-06	7.09552e-06	2.87871e-05	0.000107979	0.000370624	0.00116102	0.00331302	0.00860048	0.0203028	0.0436163	0.0854603	0.153313	0.253212	0.387684	0.554561	0.747192	0.955853	1.1697	1.37863	1.57447	1.7516	1.90681	2.0389	2.14814	2.23575	2.3034	2.35289	2.3858	2.40336	2.40626	2.39462	2.36796	2.32528	2.2651	2.18568	2.08528	1.96243	1.81642	1.64781	1.45893	1.2544	1.0414	0.829377	0.62907	0.450889	0.302927	0.189247	0.109134	0.0577387	
1.90785e-06	1.90785e-06	7.09552e-06	2.87871e-05	0.000107979	0.000370624	0.00116102	0.00331302	0.00860048	0.0203028	0.0436163	0.0854603	0.153313	0.253212	0.387684	0.554561	0.747192	0.955853	1.1697	1.37863	1.57447	1.7516	1.90681	2.0389	2.14814	2.23575	2.3034	2.35289	2.3858	2.40336	2.40626	2.39462	2.36796	2.32528	2.2651	2.18568	2.08528	1.96243	1.81642	1.64781	1.45893	1.2544	1.0414	0.829377	0.62907	0.450889	0.302927	0.189247	0.109134	0.0577387	
7.09552e-06	7.09552e-06	2.47286e-05	9.42982e-05	0.000331652	0.00106321	0.00309763	0.00818545	0.0195948	0.0424939	0.0836196	0.14985	0.245978	0.372761	0.526373	0.699453	0.883032	1.06837	1.24814	1.41694	1.57117	1.70871	1.82855	1.9305	2.01508	2.08322	2.1361	2.17496	2.2009	2.21476	2.21705	2.20785	2.18682	2.15324	2.10611	2.04422	1.96634	1.87142	1.75876	1.62824	1.48051	1.31721	1.14129	0.957409	0.772148	0.593781	0.431376	0.293176	0.184617	0.106805	
2.87871e-05	2.87871e-05	9.42982e-05	0.000338813	0.00111987	0.00335938	0.00911448	0.0223134	0.0492246	0.0978703	0.175774	0.286558	0.427362	0.589095	0.75954	0.927232	1.08401	1.22561	1.35092	1.46054	1.55569	1.63744	1.70666	1.76422	1.81102	1.84805	1.87629	1.89673	1.91019	1.91731	1.91847	1.91374	1.90286	1.8853	1.86029	1.82691	1.78414	1.73099	1.66653	1.58988	1.50021	1.39654	1.27765	1.14256	0.991536	0.82746	0.656905	0.490206	0.339699	0.216193	
0.000107979	0.000107979	0.000331652	0.00111987	0.00346956	0.00971165	0.0244621	0.0553038	0.11208	0.203768	0.333521	0.494953	0.673152	0.850411	1.01252	1.1517	1.26604	1.35729	1.42861	1.48309	1.52324	1.55108	1.56873	1.57842	1.58226	1.58214	1.5798	1.57664	1.57377	1.57197	1.57164	1.57286	1.57536	1.57851	1.58134	1.58256	1.58056	1.57347	1.55927	1.53574	1.50073	1.45225	1.38802	1.30514	1.20035	1.07111	0.917597	0.74504	0.565195	0.394992	
0.000370624	0.000370624	0.00106321	0.00335938	0.00971165	0.0252356	0.0586734	0.121733	0.225192	0.3722	0.553044	0.74698	0.931394	1.09096	1.21991	1.31866	1.38995	1.4366	1.461	1.46545	1.4527	1.42651	1.39148	1.35192	1.31139	1.27304	1.23935	1.21212	1.19268	1.18185	1.18004	1.18734	1.20343	1.22769	1.25897	1.29571	1.33573	1.37614	1.41349	1.44377	1.46235	1.46513	1.449	1.41152	1.3504	1.26295	1.14628	0.998677	0.822903	0.630327	
0.00116102	0.00116102	0.00309763	0.00911448	0.0244621	0.0586734	0.125125	0.236653	0.397096	0.59403	0.80104	0.990937	1.14864	1.27176	1.36246	1.42203	1.4508	1.44941	1.42017	1.36745	1.29736	1.21723	1.13362	1.05125	0.974142	0.905694	0.848124	0.803029	0.771538	0.754209	0.751358	0.763051	0.789014	0.828803	0.881528	0.945793	1.01968	1.10041	1.18407	1.26634	1.3413	1.40174	1.44099	1.45393	1.43741	1.3902	1.31197	1.20203	1.05826	0.880188	
0.00331302	0.00331302	0.00818545	0.0223134	0.0553038	0.121733	0.236653	0.405661	0.615051	0.833398	1.02873	1.18631	1.3075	1.39478	1.44523	1.45575	1.42688	1.36302	1.27178	1.1619	1.04242	0.921145	0.802794	0.691315	0.590855	0.504016	0.432249	0.376969	0.338694	0.317714	0.314294	0.328286	0.359802	0.408342	0.473648	0.55461	0.649711	0.757065	0.873134	0.993748	1.11481	1.22954	1.32931	1.40515	1.44879	1.45444	1.4198	1.34675	1.23912	1.09658	
0.00860048	0.00860048	0.0195948	0.0492246	0.11208	0.225192	0.397096	0.615051	0.844121	1.04687	1.20737	1.33016	1.41701	1.45865	1.44898	1.39189	1.29585	1.17134	1.02853	0.876145	0.722192	0.57166	0.428456	0.29804	0.183945	0.0870776	0.00869286	-0.0506518	-0.0914561	-0.113629	-0.117293	-0.102765	-0.0693982	-0.0175162	0.0533091	0.142942	0.250383	0.374295	0.512944	0.660976	0.814168	0.968046	1.11563	1.24864	1.35728	1.4312	1.46086	1.43963	1.3697	1.26092	
0.0203028	0.0203028	0.0424939	0.0978703	0.203768	0.3722	0.59403	0.833398	1.04687	1.21415	1.34129	1.43004	1.46437	1.43552	1.354	1.23257	1.08104	0.90939	0.725612	0.538566	0.355899	0.1827	0.0257238	-0.110475	-0.226175	-0.32152	-0.395799	-0.451177	-0.488444	-0.508362	-0.511934	-0.498685	-0.468839	-0.420684	-0.354099	-0.267264	-0.159307	-0.0313431	0.117488	0.284923	0.464339	0.650622	0.836605	1.01411	1.17474	1.30921	1.40812	1.45984	1.4509	1.382	
0.0436163	0.0436163	0.0836196	0.175774	0.333521	0.553044	0.80104	1.02873	1.20737	1.34129	1.43433	1.46588	1.42319	1.3239	1.18451	1.00929	0.808231	0.592296	0.372503	0.161095	-0.0352589	-0.210266	-0.359514	-0.484468	-0.587127	-0.666987	-0.72697	-0.770621	-0.798662	-0.813514	-0.816363	-0.806016	-0.784044	-0.746713	-0.693554	-0.621816	-0.528567	-0.411944	-0.273052	-0.107868	0.0802606	0.286571	0.504245	0.722991	0.931434	1.1182	1.2724	1.38888	1.45682	1.4551	
0.0854603	0.0854603	0.14985	0.286558	0.494953	0.74698	0.990937	1.18631	1.33016	1.43004	1.46588	1.41831	1.30784	1.15576	0.958606	0.72741	0.482611	0.236056	0.00290421	-0.209184	-0.395831	-0.552984	-0.681793	-0.784488	-0.86179	-0.916826	-0.956579	-0.982366	-0.998144	-1.00612	-1.00704	-1.00204	-0.98905	-0.968319	-0.934696	-0.885907	-0.818624	-0.725731	-0.607559	-0.462003	-0.286917	-0.0848298	0.141001	0.383386	0.63054	0.869241	1.08219	1.25212	1.38014	1.45622	
0.153313	0.153313	0.245978	0.427362	0.673152	0.931394	1.14864	1.3075	1.41701	1.46437	1.42319	1.30784	1.14632	0.931699	0.673729	0.406837	0.140635	-0.112108	-0.339104	-0.537726	-0.700896	-0.829531	-0.924088	-0.988675	-1.02843	-1.05197	-1.06398	-1.06748	-1.06836	-1.06762	-1.06676	-1.06834	-1.06683	-1.0655	-1.05758	-1.04009	-1.00696	-0.954014	-0.870843	-0.756852	-0.606864	-0.42276	-0.206046	0.0371435	0.299682	0.567275	0.831762	1.06719	1.24896	1.38433	
0.253212	0.253212	0.372761	0.589095	0.850411	1.09096	1.27176	1.39478	1.45865	1.43552	1.3239	1.15576	0.931699	0.654798	0.369581	0.0868188	-0.189422	-0.433186	-0.642844	-0.807678	-0.92868	-1.008	-1.05141	-1.06886	-1.06826	-1.05647	-1.03862	-1.02127	-1.0065	-0.998565	-0.997404	-1.00258	-1.01576	-1.03081	-1.04879	-1.06502	-1.07041	-1.06206	-1.02913	-0.96562	-0.861185	-0.714503	-0.52207	-0.291063	-0.0263603	0.256503	0.540089	0.824946	1.07354	1.26264	
0.387684	0.387684	0.526373	0.75954	1.01252	1.21991	1.36246	1.44523	1.44898	1.354	1.18451	0.958606	0.673729	0.369581	0.0696741	-0.230608	-0.491737	-0.707034	-0.873917	-0.984248	-1.05102	-1.07241	-1.06658	-1.03731	-0.997027	-0.952396	-0.911742	-0.877626	-0.852951	-0.840878	-0.838056	-0.846407	-0.868044	-0.897319	-0.93573	-0.977503	-1.02259	-1.05674	-1.07393	-1.06358	-1.01687	-0.923497	-0.781124	-0.582727	-0.341481	-0.0523674	0.249667	0.551544	0.85044	1.10116	
0.554561	0.554561	0.699453	0.927232	1.1517	1.31866	1.42203	1.45575	1.39189	1.23257	1.00929	0.72741	0.406837	0.0868188	-0.230608	-0.511526	-0.733297	-0.909685	-1.01671	-1.07312	-1.07547	-1.04129	-0.980933	-0.90981	-0.838089	-0.776609	-0.722269	-0.683429	-0.657674	-0.641681	-0.639287	-0.649878	-0.669641	-0.706149	-0.754141	-0.81124	-0.880159	-0.952085	-1.02062	-1.06461	-1.08057	-1.04437	-0.960559	-0.810351	-0.60583	-0.3503	-0.0409885	0.277656	0.600878	0.903696	
0.747192	0.747192	0.883032	1.08401	1.26604	1.38995	1.4508	1.42688	1.29585	1.08104	0.808231	0.482611	0.140635	-0.189422	-0.491737	-0.733297	-0.921721	-1.03611	-1.0787	-1.0676	-1.00338	-0.919112	-0.818669	-0.730299	-0.649064	-0.586358	-0.53793	-0.505853	-0.48471	-0.470622	-0.471947	-0.47841	-0.494672	-0.523951	-0.564504	-0.623536	-0.694653	-0.782036	-0.878793	-0.972517	-1.04592	-1.08164	-1.0594	-0.978174	-0.814437	-0.596146	-0.315439	0.00730113	0.344714	0.683023	
0.955853	0.955853	1.06837	1.22561	1.35729	1.4366	1.44941	1.36302	1.17134	0.90939	0.592296	0.236056	-0.112108	-0.433186	-0.707034	-0.909685	-1.03611	-1.07712	-1.05786	-0.978281	-0.872057	-0.750803	-0.643482	-0.551321	-0.487458	-0.440377	-0.415321	-0.393188	-0.383245	-0.379334	-0.377115	-0.380773	-0.390264	-0.404047	-0.428705	-0.467612	-0.521564	-0.604645	-0.704237	-0.825329	-0.936933	-1.03289	-1.07574	-1.06203	-0.970264	-0.796519	-0.550938	-0.243705	0.094273	0.451829	
1.1697	1.1697	1.24814	1.35092	1.42861	1.461	1.42017	1.27178	1.02853	0.725612	0.372503	0.00290421	-0.339104	-0.642844	-0.873917	-1.01671	-1.0787	-1.05786	-0.972794	-0.84472	-0.706349	-0.578723	-0.487053	-0.426696	-0.396653	-0.377337	-0.366274	-0.362535	-0.358611	-0.359303	-0.357555	-0.357911	-0.362122	-0.363144	-0.372993	-0.387794	-0.413389	-0.458129	-0.537797	-0.652117	-0.789945	-0.924588	-1.03116	-1.0791	-1.05209	-0.940694	-0.746058	-0.466931	-0.138046	0.223575	
1.37863	1.37863	1.41694	1.46054	1.48309	1.46545	1.36745	1.1619	0.876145	0.538566	0.161095	-0.209184	-0.537726	-0.807678	-0.984248	-1.07312	-1.0676	-0.978281	-0.84472	-0.688155	-0.552044	-0.453918	-0.404505	-0.384232	-0.376188	-0.371576	-0.369649	-0.367958	-0.365177	-0.364417	-0.364752	-0.365215	-0.367442	-0.369	-0.370388	-0.373732	-0.381498	-0.393086	-0.42895	-0.506428	-0.630063	-0.782014	-0.929171	-1.03937	-1.08258	-1.03021	-0.890027	-0.654772	-0.346429	0.00892325	
1.57447	1.57447	1.57117	1.55569	1.52324	1.4527	1.29736	1.04242	0.722192	0.355899	-0.0352589	-0.395831	-0.700896	-0.92868	-1.05102	-1.07547	-1.00338	-0.872057	-0.706349	-0.552044	-0.444282	-0.391682	-0.384692	-0.38653	-0.383455	-0.373406	-0.363119	-0.357419	-0.348882	-0.346896	-0.345644	-0.345933	-0.353939	-0.360734	-0.368315	-0.37901	-0.387473	-0.385294	-0.385765	-0.415818	-0.502974	-0.640111	-0.808182	-0.955874	-1.05665	-1.07207	-0.990037	-0.803359	-0.525235	-0.185138	
1.7516	1.7516	1.70871	1.63744	1.55108	1.42651	1.21723	0.921145	0.57166	0.1827	-0.210266	-0.552984	-0.829531	-1.008	-1.07241	-1.04129	-0.919112	-0.750803	-0.578723	-0.453918	-0.391682	-0.38979	-0.397563	-0.389697	-0.357583	-0.340035	-0.327059	-0.316959	-0.307071	-0.303251	-0.306009	-0.305442	-0.311413	-0.324414	-0.334754	-0.347951	-0.37881	-0.397591	-0.394685	-0.385634	-0.42153	-0.521517	-0.679837	-0.855209	-1.00168	-1.07162	-1.04688	-0.913847	-0.67307	-0.355066	
1.90681	1.90681	1.82855	1.70666	1.56873	1.39148	1.13362	0.802794	0.428456	0.0257238	-0.359514	-0.681793	-0.924088	-1.05141	-1.06658	-0.980933	-0.818669	-0.643482	-0.487053	-0.404505	-0.384692	-0.397563	-0.385324	-0.347494	-0.312836	-0.305228	-0.296974	-0.282856	-0.283915	-0.281031	-0.279498	-0.283707	-0.281953	-0.291168	-0.303034	-0.306575	-0.330694	-0.371554	-0.397054	-0.388747	-0.390298	-0.443761	-0.575566	-0.747212	-0.922317	-1.04267	-1.07104	-0.990163	-0.789411	-0.498787	
2.0389	2.0389	1.9305	1.76422	1.57842	1.35192	1.05125	0.691315	0.29804	-0.110475	-0.484468	-0.784488	-0.988675	-1.06886	-1.03731	-0.90981	-0.730299	-0.551321	-0.426696	-0.384232	-0.38653	-0.389697	-0.347494	-0.302256	-0.287957	-0.297401	-0.292372	-0.278861	-0.290572	-0.283322	-0.279178	-0.291153	-0.280208	-0.285712	-0.299094	-0.290719	-0.293351	-0.325878	-0.378896	-0.390061	-0.383958	-0.399785	-0.493922	-0.654518	-0.841791	-0.996183	-1.06725	-1.03695	-0.877783	-0.615346	
2.14814	2.14814	2.01508	1.81102	1.58226	1.31139	0.974142	0.590855	0.183945	-0.226175	-0.587127	-0.86179	-1.02843	-1.06826	-0.997027	-0.838089	-0.649064	-0.487458	-0.396653	-0.376188	-0.383455	-0.357583	-0.312836	-0.287957	-0.310351	-0.304937	-0.28525	-0.277653	-0.283949	-0.274337	-0.269706	-0.283182	-0.279889	-0.280922	-0.295145	-0.313672	-0.294827	-0.296945	-0.340275	-0.37675	-0.380432	-0.381084	-0.441619	-0.578876	-0.761183	-0.943357	-1.05032	-1.06128	-0.942655	-0.707055	
2.23575	2.23575	2.08322	1.84805	1.58214	1.27304	0.905694	0.504016	0.0870776	-0.32152	-0.666987	-0.916826	-1.05197	-1.05647	-0.952396	-0.776609	-0.586358	-0.440377	-0.377337	-0.371576	-0.373406	-0.340035	-0.305228	-0.297401	-0.304937	-0.279836	-0.260973	-0.269705	-0.259233	-0.255111	-0.25925	-0.254721	-0.266282	-0.266321	-0.266252	-0.299943	-0.300212	-0.300176	-0.322795	-0.364596	-0.373532	-0.372387	-0.40377	-0.521904	-0.696034	-0.889852	-1.02465	-1.06841	-0.987335	-0.779084	
2.3034	2.3034	2.1361	1.87629	1.5798	1.23935	0.848124	0.432249	0.00869286	-0.395799	-0.72697	-0.956579	-1.06398	-1.03862	-0.911742	-0.722269	-0.53793	-0.415321	-0.366274	-0.369649	-0.363119	-0.327059	-0.296974	-0.292372	-0.28525	-0.260973	-0.252097	-0.266541	-0.247765	-0.251427	-0.259637	-0.24328	-0.2617	-0.259383	-0.252327	-0.277908	-0.28921	-0.295275	-0.310135	-0.352716	-0.368436	-0.366597	-0.385457	-0.481517	-0.643048	-0.840425	-0.998032	-1.06911	-1.01559	-0.83095	
2.35289	2.35289	2.17496	1.89673	1.57664	1.21212	0.803029	0.376969	-0.0506518	-0.451177	-0.770621	-0.982366	-1.06748	-1.02127	-0.877626	-0.683429	-0.505853	-0.393188	-0.362535	-0.367958	-0.357419	-0.316959	-0.282856	-0.278861	-0.277653	-0.269705	-0.266541	-0.264961	-0.257215	-0.256361	-0.259294	-0.255653	-0.262266	-0.266388	-0.267318	-0.27601	-0.278333	-0.279766	-0.299514	-0.344422	-0.366673	-0.364727	-0.371939	-0.45259	-0.605278	-0.804316	-0.971898	-1.06283	-1.03437	-0.868197	
2.3858	2.3858	2.2009	1.91019	1.57377	1.19268	0.771538	0.338694	-0.0914561	-0.488444	-0.798662	-0.998144	-1.06836	-1.0065	-0.852951	-0.657674	-0.48471	-0.383245	-0.358611	-0.365177	-0.348882	-0.307071	-0.283915	-0.290572	-0.283949	-0.259233	-0.247765	-0.257215	-0.24066	-0.243262	-0.248627	-0.236492	-0.252813	-0.253132	-0.249354	-0.276002	-0.289009	-0.287057	-0.291326	-0.334928	-0.360383	-0.36302	-0.363711	-0.435925	-0.580765	-0.777056	-0.953671	-1.05712	-1.04407	-0.891981	
2.40336	2.40336	2.21476	1.91731	1.57197	1.18185	0.754209	0.317714	-0.113629	-0.508362	-0.813514	-1.00612	-1.06762	-0.998565	-0.840878	-0.641681	-0.470622	-0.379334	-0.359303	-0.364417	-0.346896	-0.303251	-0.281031	-0.283322	-0.274337	-0.255111	-0.251427	-0.256361	-0.243262	-0.24386	-0.250945	-0.240002	-0.252183	-0.254915	-0.250564	-0.268237	-0.280127	-0.283381	-0.288504	-0.332112	-0.359951	-0.363426	-0.36352	-0.425729	-0.565017	-0.763054	-0.944094	-1.05286	-1.04795	-0.904341	
2.40626	2.40626	2.21705	1.91847	1.57164	1.18004	0.751358	0.314294	-0.117293	-0.511934	-0.816363	-1.00704	-1.06676	-0.997404	-0.838056	-0.639287	-0.471947	-0.377115	-0.357555	-0.364752	-0.345644	-0.306009	-0.279498	-0.279178	-0.269706	-0.25925	-0.259637	-0.259294	-0.248627	-0.250945	-0.254638	-0.246421	-0.255974	-0.260264	-0.258211	-0.264545	-0.276046	-0.278899	-0.290951	-0.331219	-0.359815	-0.361789	-0.36086	-0.424964	-0.564068	-0.760463	-0.941096	-1.05257	-1.04951	-0.906152	
2.39462	2.39462	2.20785	1.91374	1.57286	1.18734	0.763051	0.328286	-0.102765	-0.498685	-0.806016	-1.00204	-1.06834	-1.00258	-0.846407	-0.649878	-0.47841	-0.380773	-0.357911	-0.365215	-0.345933	-0.305442	-0.283707	-0.291153	-0.283182	-0.254721	-0.24328	-0.255653	-0.236492	-0.240002	-0.246421	-0.232907	-0.250397	-0.24985	-0.244993	-0.274161	-0.289473	-0.288174	-0.28994	-0.333005	-0.358854	-0.364225	-0.361853	-0.431544	-0.574252	-0.769182	-0.949483	-1.05526	-1.04497	-0.898064	
2.36796	2.36796	2.18682	1.90286	1.57536	1.20343	0.789014	0.359802	-0.0693982	-0.468839	-0.784044	-0.98905	-1.06683	-1.01576	-0.868044	-0.669641	-0.494672	-0.390264	-0.362122	-0.367442	-0.353939	-0.311413	-0.281953	-0.280208	-0.279889	-0.266282	-0.2617	-0.262266	-0.252813	-0.252183	-0.255974	-0.250397	-0.259319	-0.262017	-0.262874	-0.275415	-0.280383	-0.28019	-0.295095	-0.339106	-0.365471	-0.364316	-0.370104	-0.444531	-0.591277	-0.792301	-0.964911	-1.06021	-1.03842	-0.879269	
2.32528	2.32528	2.15324	1.8853	1.57851	1.22769	0.828803	0.408342	-0.0175162	-0.420684	-0.746713	-0.968319	-1.0655	-1.03081	-0.897319	-0.706149	-0.523951	-0.404047	-0.363144	-0.369	-0.360734	-0.324414	-0.291168	-0.285712	-0.280922	-0.266321	-0.259383	-0.266388	-0.253132	-0.254915	-0.260264	-0.24985	-0.262017	-0.264094	-0.260451	-0.27629	-0.283957	-0.288288	-0.306621	-0.349978	-0.367793	-0.365084	-0.377255	-0.46808	-0.627805	-0.825502	-0.987209	-1.06641	-1.02326	-0.847645	
2.2651	2.2651	2.10611	1.86029	1.58134	1.25897	0.881528	0.473648	0.0533091	-0.354099	-0.693554	-0.934696	-1.05758	-1.04879	-0.93573	-0.754141	-0.564504	-0.428705	-0.372993	-0.370388	-0.368315	-0.334754	-0.303034	-0.299094	-0.295145	-0.266252	-0.252327	-0.267318	-0.249354	-0.250564	-0.258211	-0.244993	-0.262874	-0.260451	-0.253242	-0.288174	-0.297368	-0.301575	-0.316796	-0.360154	-0.370484	-0.370203	-0.395663	-0.502915	-0.674015	-0.869565	-1.01338	-1.0688	-0.99998	-0.802439	
2.18568	2.18568	2.04422	1.82691	1.58256	1.29571	0.945793	0.55461	0.142942	-0.267264	-0.621816	-0.885907	-1.04009	-1.06502	-0.977503	-0.81124	-0.623536	-0.467612	-0.387794	-0.373732	-0.37901	-0.347951	-0.306575	-0.290719	-0.313672	-0.299943	-0.277908	-0.27601	-0.276002	-0.268237	-0.264545	-0.274161	-0.275415	-0.27629	-0.288174	-0.314426	-0.298629	-0.294606	-0.330785	-0.370642	-0.377328	-0.37664	-0.424441	-0.556353	-0.733081	-0.920159	-1.04028	-1.06582	-0.963211	-0.738517	
2.08528	2.08528	1.96634	1.78414	1.58056	1.33573	1.01968	0.649711	0.250383	-0.159307	-0.528567	-0.818624	-1.00696	-1.07041	-1.02259	-0.880159	-0.694653	-0.521564	-0.413389	-0.381498	-0.387473	-0.37881	-0.330694	-0.293351	-0.294827	-0.300212	-0.28921	-0.278333	-0.289009	-0.280127	-0.276046	-0.289473	-0.280383	-0.283957	-0.297368	-0.298629	-0.290109	-0.311385	-0.363421	-0.387348	-0.383509	-0.391163	-0.470465	-0.619526	-0.808417	-0.976052	-1.06172	-1.04995	-0.90662	-0.654089	
1.96243	1.96243	1.87142	1.73099	1.57347	1.37614	1.10041	0.757065	0.374295	-0.0313431	-0.411944	-0.725731	-0.954014	-1.06206	-1.05674	-0.952085	-0.782036	-0.604645	-0.458129	-0.393086	-0.385294	-0.397591	-0.371554	-0.325878	-0.296945	-0.300176	-0.295275	-0.279766	-0.287057	-0.283381	-0.278899	-0.288174	-0.28019	-0.288288	-0.301575	-0.294606	-0.311385	-0.352902	-0.393594	-0.390097	-0.385798	-0.421576	-0.539796	-0.709312	-0.889473	-1.02494	-1.0729	-1.01245	-0.827285	-0.548311	
1.81642	1.81642	1.75876	1.66653	1.55927	1.41349	1.18407	0.873134	0.512944	0.117488	-0.273052	-0.607559	-0.870843	-1.02913	-1.07393	-1.02062	-0.878793	-0.704237	-0.537797	-0.42895	-0.385765	-0.394685	-0.397054	-0.378896	-0.340275	-0.322795	-0.310135	-0.299514	-0.291326	-0.288504	-0.290951	-0.28994	-0.295095	-0.306621	-0.316796	-0.330785	-0.363421	-0.393594	-0.397451	-0.385758	-0.403724	-0.48566	-0.63448	-0.809522	-0.97254	-1.06398	-1.05994	-0.948371	-0.723386	-0.415579	
1.64781	1.64781	1.62824	1.58988	1.53574	1.44377	1.26634	0.993748	0.660976	0.284923	-0.107868	-0.462003	-0.756852	-0.96562	-1.06358	-1.06461	-0.972517	-0.825329	-0.652117	-0.506428	-0.415818	-0.385634	-0.388747	-0.390061	-0.37675	-0.364596	-0.352716	-0.344422	-0.334928	-0.332112	-0.331219	-0.333005	-0.339106	-0.349978	-0.360154	-0.370642	-0.387348	-0.390097	-0.385758	-0.396348	-0.463635	-0.588325	-0.75665	-0.919148	-1.03748	-1.07558	-1.01807	-0.852335	-0.58768	-0.255724	
1.45893	1.45893	1.48051	1.50021	1.50073	1.46235	1.3413	1.11481	0.814168	0.464339	0.0802606	-0.286917	-0.606864	-0.861185	-1.01687	-1.08057	-1.04592	-0.936933	-0.789945	-0.630063	-0.502974	-0.42153	-0.390298	-0.383958	-0.380432	-0.373532	-0.368436	-0.366673	-0.360383	-0.359951	-0.359815	-0.358854	-0.365471	-0.367793	-0.370484	-0.377328	-0.383509	-0.385798	-0.403724	-0.463635	-0.574845	-0.724055	-0.882589	-1.00786	-1.0782	-1.05358	-0.934674	-0.718727	-0.421707	-0.0712437	
1.2544	1.2544	1.31721	1.39654	1.45225	1.46513	1.40174	1.22954	0.968046	0.650622	0.286571	-0.0848298	-0.42276	-0.714503	-0.923497	-1.04437	-1.08164	-1.03289	-0.924588	-0.782014	-0.640111	-0.521517	-0.443761	-0.399785	-0.381084	-0.372387	-0.366597	-0.364727	-0.36302	-0.363426	-0.361789	-0.364225	-0.364316	-0.365084	-0.370203	-0.37664	-0.391163	-0.421576	-0.48566	-0.588325	-0.724055	-0.869843	-0.995428	-1.07113	-1.0707	-0.98135	-0.809901	-0.547388	-0.224237	0.136047	
1.0414	1.0414	1.14129	1.27765	1.38802	1.449	1.44099	1.32931	1.11563	0.836605	0.504245	0.141001	-0.206046	-0.52207	-0.781124	-0.960559	-1.0594	-1.07574	-1.03116	-0.929171	-0.808182	-0.679837	-0.575566	-0.493922	-0.441619	-0.40377	-0.385457	-0.371939	-0.363711	-0.36352	-0.36086	-0.361853	-0.370104	-0.377255	-0.395663	-0.424441	-0.470465	-0.539796	-0.63448	-0.75665	-0.882589	-0.995428	-1.06568	-1.07456	-1.01036	-0.862474	-0.634588	-0.33631	-0.00104405	0.359482	
0.829377	0.829377	0.957409	1.14256	1.30514	1.41152	1.45393	1.40515	1.24864	1.01411	0.722991	0.383386	0.0371435	-0.291063	-0.582727	-0.810351	-0.978174	-1.06203	-1.0791	-1.03937	-0.955874	-0.855209	-0.747212	-0.654518	-0.578876	-0.521904	-0.481517	-0.45259	-0.435925	-0.425729	-0.424964	-0.431544	-0.444531	-0.46808	-0.502915	-0.556353	-0.619526	-0.709312	-0.809522	-0.919148	-1.00786	-1.07113	-1.07456	-1.02198	-0.885819	-0.680991	-0.414116	-0.0968931	0.243168	0.591443	
0.62907	0.62907	0.772148	0.991536	1.20035	1.3504	1.43741	1.44879	1.35728	1.17474	0.931434	0.63054	0.299682	-0.0263603	-0.341481	-0.60583	-0.814437	-0.970264	-1.05209	-1.08258	-1.05665	-1.00168	-0.922317	-0.841791	-0.761183	-0.696034	-0.643048	-0.605278	-0.580765	-0.565017	-0.564068	-0.574252	-0.591277	-0.627805	-0.674015	-0.733081	-0.808417	-0.889473	-0.97254	-1.03748	-1.0782	-1.0707	-1.01036	-0.885819	-0.694182	-0.455353	-0.155538	0.168647	0.499265	0.817547	
0.450889	0.450889	0.593781	0.82746	1.07111	1.26295	1.3902	1.45444	1.4312	1.30921	1.1182	0.869241	0.567275	0.256503	-0.0523674	-0.3503	-0.596146	-0.796519	-0.940694	-1.03021	-1.07207	-1.07162	-1.04267	-0.996183	-0.943357	-0.889852	-0.840425	-0.804316	-0.777056	-0.763054	-0.760463	-0.769182	-0.792301	-0.825502	-0.869565	-0.920159	-0.976052	-1.02494	-1.06398	-1.07558	-1.05358	-0.98135	-0.862474	-0.680991	-0.455353	-0.175903	0.133956	0.442002	0.752317	1.02589	
0.302927	0.302927	0.431376	0.656905	0.917597	1.14628	1.31197	1.4198	1.46086	1.40812	1.2724	1.08219	0.831762	0.540089	0.249667	-0.0409885	-0.315439	-0.550938	-0.746058	-0.890027	-0.990037	-1.04688	-1.07104	-1.06725	-1.05032	-1.02465	-0.998032	-0.971898	-0.953671	-0.944094	-0.941096	-0.949483	-0.964911	-0.987209	-1.01338	-1.04028	-1.06172	-1.0729	-1.05994	-1.01807	-0.934674	-0.809901	-0.634588	-0.414116	-0.155538	0.133956	0.422918	0.716422	0.989799	1.20304	
0.189247	0.189247	0.293176	0.490206	0.74504	0.998677	1.20203	1.34675	1.43963	1.45984	1.38888	1.25212	1.06719	0.824946	0.551544	0.277656	0.00730113	-0.243705	-0.466931	-0.654772	-0.803359	-0.913847	-0.990163	-1.03695	-1.06128	-1.06841	-1.06911	-1.06283	-1.05712	-1.05286	-1.05257	-1.05526	-1.06021	-1.06641	-1.0688	-1.06582	-1.04995	-1.01245	-0.948371	-0.852335	-0.718727	-0.547388	-0.33631	-0.0968931	0.168647	0.442002	0.716422	0.977374	1.18537	1.34018	
0.109134	0.109134	0.184617	0.339699	0.565195	0.822903	1.05826	1.23912	1.3697	1.4509	1.45682	1.38014	1.24896	1.07354	0.85044	0.600878	0.344714	0.094273	-0.138046	-0.346429	-0.525235	-0.67307	-0.789411	-0.877783	-0.942655	-0.987335	-1.01559	-1.03437	-1.04407	-1.04795	-1.04951	-1.04497	-1.03842	-1.02326	-0.99998	-0.963211	-0.90662	-0.827285	-0.723386	-0.58768	-0.421707	-0.224237	-0.00104405	0.243168	0.499265	0.752317	0.989799	1.18537	1.33255	1.43438	
0.0577387	0.0577387	0.106805	0.216193	0.394992	0.630327	0.880188	1.09658	1.26092	1.382	1.4551	1.45622	1.38433	1.26264	1.10116	0.903696	0.683023	0.451829	0.223575	0.00892325	-0.185138	-0.355066	-0.498787	-0.615346	-0.707055	-0.779084	-0.83095	-0.868197	-0.891981	-0.904341	-0.906152	-0.898064	-0.879269	-0.847645	-0.802439	-0.738517	-0.654089	-0.548311	-0.415579	-0.255724	-0.0712437	0.136047	0.359482	0.591443	0.817547	1.02589	1.20304	1.34018	1.43438	1.46511	
