-0.430906	-0.448157	-0.409195	-0.30669	-0.162089	0.0188714	0.213331	0.400147	0.556602	0.665173	0.706279	0.681026	0.605792	0.502784	0.396279	0.290491	0.192022	0.0957327	0.0140176	-0.0419936	-0.0678715	-0.0658064	-0.0363664	0.0177229	0.104997	0.205677	0.292372	0.354656	0.382986	0.378244	0.344091	0.288866	0.198788	0.088484	-0.0125707	-0.0797622	-0.0800777	0.00525375	0.168027	0.374347	0.589486	0.755984	0.837736	0.834142	0.745995	0.612627	0.473408	0.354683	0.292855	0.292855	
-0.448157	-0.503998	-0.503306	-0.44007	-0.319579	-0.161508	0.0272632	0.226586	0.406434	0.536535	0.599877	0.600246	0.547098	0.466629	0.382281	0.293126	0.19888	0.105166	0.0247805	-0.0328679	-0.0598732	-0.0603164	-0.0419173	0.00645132	0.0912149	0.19231	0.290208	0.374619	0.424034	0.440267	0.42675	0.375817	0.286792	0.17224	0.0693422	-0.00178207	-0.00944936	0.0755308	0.228145	0.433272	0.657706	0.840151	0.952072	0.975913	0.910918	0.788511	0.654301	0.54625	0.485247	0.485247	
-0.409195	-0.503306	-0.547107	-0.516001	-0.417556	-0.279379	-0.10152	0.0973851	0.281847	0.429669	0.517028	0.543147	0.519002	0.465165	0.407012	0.338099	0.258509	0.171655	0.0932311	0.0439216	0.0157842	0.00769978	0.0176905	0.0515596	0.121467	0.220554	0.325193	0.416153	0.479824	0.507054	0.498092	0.45249	0.368922	0.257365	0.152733	0.0754683	0.0555725	0.126612	0.26831	0.467147	0.692071	0.882111	1.00326	1.03595	0.988902	0.889049	0.772066	0.674968	0.615648	0.615648	
-0.30669	-0.44007	-0.516001	-0.511739	-0.439912	-0.322476	-0.164739	0.018446	0.197556	0.352398	0.459528	0.513066	0.514999	0.487834	0.455505	0.407094	0.340209	0.266508	0.200552	0.160708	0.136743	0.12069	0.116619	0.133138	0.18993	0.279696	0.382697	0.47338	0.536693	0.569826	0.564811	0.523231	0.443317	0.333693	0.220693	0.137956	0.10877	0.153587	0.281846	0.463712	0.670232	0.85747	0.98014	1.02946	1.00165	0.920262	0.824825	0.741104	0.694061	0.694061	
-0.162089	-0.319579	-0.417556	-0.439912	-0.388651	-0.294696	-0.163928	-0.00603502	0.165079	0.3172	0.433933	0.504067	0.526808	0.520957	0.509844	0.481348	0.427457	0.370619	0.322062	0.293201	0.273239	0.252425	0.236199	0.238475	0.278117	0.349331	0.439267	0.523241	0.584488	0.62711	0.629066	0.584297	0.500463	0.384812	0.262505	0.169104	0.131252	0.157043	0.258221	0.41508	0.59938	0.780486	0.911006	0.976345	0.968813	0.904971	0.823889	0.747861	0.704487	0.704487	
0.0188714	-0.161508	-0.279379	-0.322476	-0.294696	-0.223626	-0.116288	0.0207657	0.173516	0.31717	0.436599	0.516411	0.550358	0.563654	0.562426	0.541954	0.506459	0.46476	0.433255	0.416522	0.400001	0.374449	0.354998	0.344437	0.362836	0.418719	0.488403	0.562545	0.628975	0.674006	0.672257	0.622659	0.5271	0.394315	0.263473	0.161912	0.109541	0.119448	0.201939	0.341336	0.512308	0.688454	0.822204	0.892931	0.899813	0.850414	0.774715	0.703799	0.662539	0.662539	
0.213331	0.0272632	-0.10152	-0.164739	-0.163928	-0.116288	-0.0376321	0.0751219	0.203972	0.332406	0.446954	0.529791	0.576779	0.601738	0.607584	0.593606	0.564511	0.527604	0.502335	0.489518	0.480132	0.46489	0.447643	0.435376	0.441592	0.479164	0.537294	0.600317	0.663172	0.699066	0.68442	0.622532	0.511798	0.373119	0.23603	0.126648	0.0595625	0.0529235	0.119557	0.245241	0.411191	0.582386	0.719601	0.791344	0.80106	0.762569	0.69623	0.640311	0.603814	0.603814	
0.400147	0.226586	0.0973851	0.018446	-0.00603502	0.0207657	0.0751219	0.15116	0.247536	0.349215	0.444185	0.522678	0.582078	0.616904	0.632512	0.623486	0.592972	0.553658	0.528567	0.517916	0.515676	0.510716	0.496229	0.487634	0.494297	0.522669	0.571625	0.622345	0.668069	0.690472	0.666669	0.595497	0.4814	0.339787	0.194141	0.0780358	0.000216404	-0.0194491	0.0301399	0.137576	0.291461	0.45	0.585829	0.668272	0.689617	0.667153	0.61897	0.577319	0.547811	0.547811	
0.556602	0.406434	0.281847	0.197556	0.165079	0.173516	0.203972	0.247536	0.305324	0.367966	0.432152	0.492617	0.55057	0.594794	0.617743	0.612395	0.585877	0.552776	0.53274	0.529224	0.526643	0.515892	0.500519	0.489939	0.500562	0.526136	0.56515	0.607608	0.644197	0.659802	0.632946	0.563012	0.442208	0.296396	0.153855	0.0299512	-0.0562277	-0.0847962	-0.0558046	0.0280119	0.162021	0.307478	0.438434	0.529494	0.573937	0.576811	0.548519	0.521304	0.50116	0.50116	
0.665173	0.536535	0.429669	0.352398	0.3172	0.31717	0.332406	0.349215	0.367966	0.390411	0.409496	0.444914	0.494955	0.537846	0.563748	0.562977	0.546021	0.529992	0.523497	0.521677	0.511594	0.489822	0.467579	0.457139	0.467324	0.486232	0.518128	0.558457	0.595313	0.615755	0.595385	0.523198	0.403164	0.259225	0.1158	-0.00719029	-0.0988886	-0.144248	-0.138255	-0.0766925	0.035486	0.167555	0.297074	0.396377	0.455392	0.481253	0.48436	0.480728	0.474309	0.474309	
0.706279	0.599877	0.517028	0.459528	0.433933	0.436599	0.446954	0.444185	0.432152	0.409496	0.384995	0.392902	0.426577	0.461367	0.487321	0.490412	0.48621	0.485246	0.480673	0.478204	0.460715	0.436287	0.419386	0.409324	0.41597	0.427451	0.449955	0.492133	0.532372	0.558415	0.551566	0.483556	0.372838	0.23807	0.0931561	-0.0368592	-0.142193	-0.208857	-0.222972	-0.17618	-0.0800051	0.0455956	0.171404	0.276446	0.351429	0.397602	0.431619	0.450327	0.459331	0.459331	
0.681026	0.600246	0.543147	0.513066	0.504067	0.516411	0.529791	0.522678	0.492617	0.444914	0.392902	0.375397	0.379082	0.389693	0.401682	0.402541	0.406311	0.413879	0.413229	0.412935	0.395343	0.368624	0.351019	0.335923	0.341354	0.356971	0.384648	0.431635	0.473459	0.501762	0.499631	0.443604	0.348701	0.22403	0.0811116	-0.0599234	-0.182482	-0.267183	-0.299012	-0.268337	-0.185185	-0.0674095	0.0519935	0.166583	0.264643	0.336366	0.397287	0.435979	0.461906	0.461906	
0.605792	0.547098	0.519002	0.514999	0.526808	0.550358	0.576779	0.582078	0.55057	0.494955	0.426577	0.379082	0.347851	0.334133	0.330262	0.328113	0.32692	0.331945	0.335996	0.337715	0.325506	0.300245	0.280427	0.267197	0.274753	0.293434	0.322087	0.363177	0.403077	0.436146	0.441591	0.400261	0.32068	0.201817	0.0619586	-0.078091	-0.209415	-0.307372	-0.353585	-0.339624	-0.274539	-0.165398	-0.0416624	0.0774177	0.190033	0.287424	0.37404	0.435498	0.467718	0.467718	
0.502784	0.466629	0.465165	0.487834	0.520957	0.563654	0.601738	0.616904	0.594794	0.537846	0.461367	0.389693	0.334133	0.299535	0.282474	0.266788	0.257985	0.259837	0.269521	0.27628	0.263893	0.239097	0.219555	0.214188	0.221054	0.239478	0.259812	0.285332	0.319123	0.351141	0.363813	0.337649	0.278955	0.179039	0.0520728	-0.0817074	-0.215369	-0.321234	-0.379385	-0.379881	-0.329271	-0.235119	-0.121181	3.64903e-05	0.125935	0.240973	0.347831	0.432687	0.478641	0.478641	
0.396279	0.382281	0.407012	0.455505	0.509844	0.562426	0.607584	0.632512	0.617743	0.563748	0.487321	0.401682	0.330262	0.282474	0.245029	0.218364	0.206501	0.211719	0.228537	0.234507	0.219715	0.19475	0.176311	0.171327	0.174324	0.18418	0.195808	0.206585	0.231423	0.25856	0.269134	0.262328	0.227654	0.154931	0.0540902	-0.0656626	-0.197709	-0.30828	-0.374224	-0.391123	-0.353331	-0.275747	-0.178679	-0.0659151	0.0619172	0.192149	0.316552	0.421684	0.478328	0.478328	
0.290491	0.293126	0.338099	0.407094	0.481348	0.541954	0.593606	0.623486	0.612395	0.562977	0.490412	0.402541	0.328113	0.266788	0.218364	0.195527	0.184888	0.195023	0.213514	0.211317	0.199181	0.181491	0.15973	0.152785	0.148183	0.141677	0.143041	0.13728	0.145134	0.164444	0.173778	0.183273	0.173771	0.128045	0.0525947	-0.0510299	-0.175427	-0.283354	-0.352065	-0.377851	-0.354819	-0.295908	-0.211233	-0.111328	0.0107709	0.148526	0.281093	0.397016	0.456539	0.456539	
0.192022	0.19888	0.258509	0.340209	0.427457	0.506459	0.564511	0.592972	0.585877	0.546021	0.48621	0.406311	0.32692	0.257985	0.206501	0.184888	0.185579	0.195034	0.209609	0.213538	0.206218	0.188307	0.166711	0.154925	0.141423	0.132827	0.120894	0.100478	0.0917021	0.0936087	0.101559	0.116278	0.121056	0.0942928	0.0317843	-0.0622999	-0.174468	-0.27571	-0.342216	-0.367737	-0.352972	-0.305735	-0.234637	-0.139756	-0.0194086	0.116993	0.255865	0.375992	0.442205	0.442205	
0.0957327	0.105166	0.171655	0.266508	0.370619	0.46476	0.527604	0.553658	0.552776	0.529992	0.485246	0.413879	0.331945	0.259837	0.211719	0.195023	0.195034	0.20477	0.219855	0.230272	0.228356	0.213673	0.19337	0.180349	0.169254	0.153522	0.130787	0.0997321	0.071651	0.0548818	0.0555546	0.0655356	0.0710065	0.0534101	-0.00194918	-0.0922393	-0.199544	-0.297337	-0.36331	-0.385074	-0.369214	-0.324432	-0.256328	-0.163083	-0.0381623	0.107639	0.256359	0.382465	0.453862	0.453862	
0.0140176	0.0247805	0.0932311	0.200552	0.322062	0.433255	0.502335	0.528567	0.53274	0.523497	0.480673	0.413229	0.335996	0.269521	0.228537	0.213514	0.209609	0.219855	0.236779	0.250216	0.255258	0.249794	0.239843	0.233619	0.225308	0.199966	0.164807	0.120197	0.0713727	0.0400934	0.0331696	0.0347531	0.0373312	0.0192485	-0.0397506	-0.132465	-0.240569	-0.339849	-0.405212	-0.425806	-0.411678	-0.362788	-0.284988	-0.181158	-0.0477714	0.111992	0.278376	0.412122	0.491731	0.491731	
-0.0419936	-0.0328679	0.0439216	0.160708	0.293201	0.416522	0.489518	0.517916	0.529224	0.521677	0.478204	0.412935	0.337715	0.27628	0.234507	0.211317	0.213538	0.230272	0.250216	0.273704	0.287325	0.290921	0.294688	0.29391	0.285139	0.262319	0.216072	0.163033	0.102738	0.0533746	0.0370149	0.0256018	0.0207005	0.00116677	-0.0623674	-0.163404	-0.276453	-0.38373	-0.458963	-0.479081	-0.464706	-0.413088	-0.330174	-0.212928	-0.057918	0.120223	0.305596	0.453486	0.542705	0.542705	
-0.0678715	-0.0598732	0.0157842	0.136743	0.273239	0.400001	0.480132	0.515676	0.526643	0.511594	0.460715	0.395343	0.325506	0.263893	0.219715	0.199181	0.206218	0.228356	0.255258	0.287325	0.315971	0.338962	0.358356	0.370315	0.368338	0.34253	0.290092	0.228454	0.157817	0.0966424	0.0659217	0.0432875	0.02861	0.000263116	-0.0716752	-0.182268	-0.304866	-0.419903	-0.501723	-0.529115	-0.519293	-0.468368	-0.376986	-0.245447	-0.073731	0.12365	0.323316	0.481385	0.574847	0.574847	
-0.0658064	-0.0603164	0.00769978	0.12069	0.252425	0.374449	0.46489	0.510716	0.515892	0.489822	0.436287	0.368624	0.300245	0.239097	0.19475	0.181491	0.188307	0.213673	0.249794	0.290921	0.338962	0.386572	0.427508	0.461354	0.471985	0.445908	0.395436	0.326233	0.246628	0.1757	0.125624	0.0913067	0.0593172	0.0106149	-0.0752763	-0.19443	-0.325507	-0.446682	-0.532804	-0.573325	-0.568587	-0.517397	-0.419458	-0.277143	-0.0951621	0.117513	0.325493	0.488513	0.581633	0.581633	
-0.0363664	-0.0419173	0.0176905	0.116619	0.236199	0.354998	0.447643	0.496229	0.500519	0.467579	0.419386	0.351019	0.280427	0.219555	0.176311	0.15973	0.166711	0.19337	0.239843	0.294688	0.358356	0.427508	0.493694	0.551633	0.575947	0.568501	0.526667	0.455101	0.371233	0.287492	0.218373	0.164002	0.106445	0.0338661	-0.0675976	-0.200725	-0.339906	-0.467739	-0.560927	-0.605121	-0.601838	-0.553136	-0.454568	-0.30462	-0.113401	0.100891	0.306348	0.473245	0.566601	0.566601	
0.0177229	0.00645132	0.0515596	0.133138	0.238475	0.344437	0.435376	0.487634	0.489939	0.457139	0.409324	0.335923	0.267197	0.214188	0.171327	0.152785	0.154925	0.180349	0.233619	0.29391	0.370315	0.461354	0.551633	0.634712	0.680092	0.689708	0.657807	0.585259	0.505795	0.422709	0.336594	0.260024	0.174046	0.0729524	-0.0463881	-0.188466	-0.336642	-0.469562	-0.566814	-0.619827	-0.618778	-0.569185	-0.46665	-0.318712	-0.133829	0.0761213	0.271317	0.430076	0.514272	0.514272	
0.104997	0.0912149	0.121467	0.18993	0.278117	0.362836	0.441592	0.494297	0.500562	0.467324	0.41597	0.341354	0.274753	0.221054	0.174324	0.148183	0.141423	0.169254	0.225308	0.285139	0.368338	0.471985	0.575947	0.680092	0.751814	0.777769	0.765113	0.715302	0.654445	0.579175	0.48156	0.385133	0.275299	0.150601	0.0136259	-0.141309	-0.299541	-0.438192	-0.540225	-0.602728	-0.611953	-0.572248	-0.477648	-0.334801	-0.156599	0.0426035	0.221292	0.36203	0.435539	0.435539	
0.205677	0.19231	0.220554	0.279696	0.349331	0.418719	0.479164	0.522669	0.526136	0.486232	0.427451	0.356971	0.293434	0.239478	0.18418	0.141677	0.132827	0.153522	0.199966	0.262319	0.34253	0.445908	0.568501	0.689708	0.777769	0.830928	0.844764	0.830295	0.798735	0.736883	0.649237	0.550332	0.429908	0.288385	0.129066	-0.0440867	-0.210279	-0.359301	-0.477206	-0.555332	-0.584991	-0.562322	-0.484248	-0.350974	-0.184154	-0.00733964	0.151689	0.271914	0.337671	0.337671	
0.292372	0.290208	0.325193	0.382697	0.439267	0.488403	0.537294	0.571625	0.56515	0.518128	0.449955	0.384648	0.322087	0.259812	0.195808	0.143041	0.120894	0.130787	0.164807	0.216072	0.290092	0.395436	0.526667	0.657807	0.765113	0.844764	0.89568	0.926911	0.931271	0.904173	0.849589	0.758261	0.630828	0.473646	0.298857	0.116111	-0.065544	-0.236102	-0.381878	-0.486015	-0.541236	-0.537457	-0.47302	-0.361924	-0.219928	-0.0676709	0.06987	0.171952	0.225992	0.225992	
0.354656	0.374619	0.416153	0.47338	0.523241	0.562545	0.600317	0.622345	0.607608	0.558457	0.492133	0.431635	0.363177	0.285332	0.206585	0.13728	0.100478	0.0997321	0.120197	0.163033	0.228454	0.326233	0.455101	0.585259	0.715302	0.830295	0.926911	1.01193	1.06635	1.08867	1.06636	0.984315	0.852232	0.691513	0.510713	0.310957	0.110808	-0.081545	-0.25275	-0.385853	-0.470187	-0.492197	-0.454894	-0.364378	-0.245126	-0.11807	-0.00349752	0.0712883	0.113862	0.113862	
0.382986	0.424034	0.479824	0.536693	0.584488	0.628975	0.663172	0.668069	0.644197	0.595313	0.532372	0.473459	0.403077	0.319123	0.231423	0.145134	0.0917021	0.071651	0.0713727	0.102738	0.157817	0.246628	0.371233	0.505795	0.654445	0.798735	0.931271	1.06635	1.17985	1.25164	1.26421	1.20203	1.08298	0.925728	0.731192	0.516295	0.304033	0.0962406	-0.0961074	-0.254093	-0.365118	-0.419186	-0.411795	-0.341753	-0.242738	-0.143336	-0.0595513	-0.0109408	0.017254	0.017254	
0.378244	0.440267	0.507054	0.569826	0.62711	0.674006	0.699066	0.690472	0.659802	0.615755	0.558415	0.501762	0.436146	0.351141	0.25856	0.164444	0.0936087	0.0548818	0.0400934	0.0533746	0.0966424	0.1757	0.287492	0.422709	0.579175	0.736883	0.904173	1.08867	1.25164	1.36329	1.41127	1.383	1.28406	1.13114	0.936434	0.723133	0.505212	0.288987	0.0822552	-0.0972189	-0.230443	-0.305471	-0.311847	-0.269831	-0.206374	-0.139338	-0.0865651	-0.0548997	-0.0427874	-0.0427874	
0.344091	0.42675	0.498092	0.564811	0.629066	0.672257	0.68442	0.666669	0.632946	0.595385	0.551566	0.499631	0.441591	0.363813	0.269134	0.173778	0.101559	0.0555546	0.0331696	0.0370149	0.0659217	0.125624	0.218373	0.336594	0.48156	0.649237	0.849589	1.06636	1.26421	1.41127	1.49052	1.49715	1.41565	1.2741	1.1003	0.902989	0.691963	0.481858	0.274456	0.0866026	-0.0501482	-0.137476	-0.166287	-0.150528	-0.115959	-0.0790237	-0.0597295	-0.052761	-0.0540624	-0.0540624	
0.288866	0.375817	0.45249	0.523231	0.584297	0.622659	0.622532	0.595497	0.563012	0.523198	0.483556	0.443604	0.400261	0.337649	0.262328	0.183273	0.116278	0.0655356	0.0347531	0.0256018	0.0432875	0.0913067	0.164002	0.260024	0.385133	0.550332	0.758261	0.984315	1.20203	1.383	1.49715	1.52692	1.47158	1.35865	1.20813	1.03247	0.841372	0.6511	0.463642	0.290815	0.156263	0.0611987	0.0198123	0.0199356	0.0372963	0.048074	0.0370761	0.0198496	0.00160996	0.00160996	
0.198788	0.286792	0.368922	0.443317	0.500463	0.5271	0.511798	0.4814	0.442208	0.403164	0.372838	0.348701	0.32068	0.278955	0.227654	0.173771	0.121056	0.0710065	0.0373312	0.0207005	0.02861	0.0593172	0.106445	0.174046	0.275299	0.429908	0.630828	0.852232	1.08298	1.28406	1.41565	1.47158	1.45618	1.38056	1.25633	1.1104	0.952078	0.790855	0.633232	0.481592	0.357153	0.274422	0.240229	0.233504	0.23568	0.229824	0.204535	0.175922	0.15178	0.15178	
0.088484	0.17224	0.257365	0.333693	0.384812	0.394315	0.373119	0.339787	0.296396	0.259225	0.23807	0.22403	0.201817	0.179039	0.154931	0.128045	0.0942928	0.0534101	0.0192485	0.00116677	0.000263116	0.0106149	0.0338661	0.0729524	0.150601	0.288385	0.473646	0.691513	0.925728	1.13114	1.2741	1.35865	1.38056	1.33049	1.23816	1.1314	1.0102	0.88391	0.761422	0.64688	0.553723	0.498858	0.476915	0.472058	0.474449	0.461425	0.427703	0.391476	0.367254	0.367254	
-0.0125707	0.0693422	0.152733	0.220693	0.262505	0.263473	0.23603	0.194141	0.153855	0.1158	0.0931561	0.0811116	0.0619586	0.0520728	0.0540902	0.0525947	0.0317843	-0.00194918	-0.0397506	-0.0623674	-0.0716752	-0.0752763	-0.0675976	-0.0463881	0.0136259	0.129066	0.298857	0.510713	0.731192	0.936434	1.1003	1.20813	1.25633	1.23816	1.18297	1.11182	1.03013	0.94253	0.85998	0.78518	0.72271	0.697674	0.693684	0.704925	0.719302	0.70857	0.681424	0.643491	0.616304	0.616304	
-0.0797622	-0.00178207	0.0754683	0.137956	0.169104	0.161912	0.126648	0.0780358	0.0299512	-0.00719029	-0.0368592	-0.0599234	-0.078091	-0.0817074	-0.0656626	-0.0510299	-0.0622999	-0.0922393	-0.132465	-0.163404	-0.182268	-0.19443	-0.200725	-0.188466	-0.141309	-0.0440867	0.116111	0.310957	0.516295	0.723133	0.902989	1.03247	1.1104	1.1314	1.11182	1.07554	1.02693	0.975767	0.934441	0.894583	0.865491	0.863943	0.875659	0.907065	0.932559	0.927771	0.909942	0.878503	0.8562	0.8562	
-0.0800777	-0.00944936	0.0555725	0.10877	0.131252	0.109541	0.0595625	0.000216404	-0.0562277	-0.0988886	-0.142193	-0.182482	-0.209415	-0.215369	-0.197709	-0.175427	-0.174468	-0.199544	-0.240569	-0.276453	-0.304866	-0.325507	-0.339906	-0.336642	-0.299541	-0.210279	-0.065544	0.110808	0.304033	0.505212	0.691963	0.841372	0.952078	1.0102	1.03013	1.02693	1.00996	0.999336	0.989476	0.981348	0.982127	1.00047	1.02827	1.05968	1.08488	1.08537	1.06947	1.04364	1.02167	1.02167	
0.00525375	0.0755308	0.126612	0.153587	0.157043	0.119448	0.0529235	-0.0194491	-0.0847962	-0.144248	-0.208857	-0.267183	-0.307372	-0.321234	-0.30828	-0.283354	-0.27571	-0.297337	-0.339849	-0.38373	-0.419903	-0.446682	-0.467739	-0.469562	-0.438192	-0.359301	-0.236102	-0.081545	0.0962406	0.288987	0.481858	0.6511	0.790855	0.88391	0.94253	0.975767	0.999336	1.02701	1.0371	1.0477	1.06299	1.08364	1.11432	1.14086	1.15826	1.1563	1.13793	1.11503	1.09806	1.09806	
0.168027	0.228145	0.26831	0.281846	0.258221	0.201939	0.119557	0.0301399	-0.0558046	-0.138255	-0.222972	-0.299012	-0.353585	-0.379385	-0.374224	-0.352065	-0.342216	-0.36331	-0.405212	-0.458963	-0.501723	-0.532804	-0.560927	-0.566814	-0.540225	-0.477206	-0.381878	-0.25275	-0.0961074	0.0822552	0.274456	0.463642	0.633232	0.761422	0.85998	0.934441	0.989476	1.0371	1.07081	1.096	1.11434	1.12466	1.13388	1.14558	1.14689	1.13302	1.10913	1.07993	1.06544	1.06544	
0.374347	0.433272	0.467147	0.463712	0.41508	0.341336	0.245241	0.137576	0.0280119	-0.0766925	-0.17618	-0.268337	-0.339624	-0.379881	-0.391123	-0.377851	-0.367737	-0.385074	-0.425806	-0.479081	-0.529115	-0.573325	-0.605121	-0.619827	-0.602728	-0.555332	-0.486015	-0.385853	-0.254093	-0.0972189	0.0866026	0.290815	0.481592	0.64688	0.78518	0.894583	0.981348	1.0477	1.096	1.12091	1.12855	1.12352	1.10408	1.08037	1.05127	1.0169	0.983164	0.950068	0.92797	0.92797	
0.589486	0.657706	0.692071	0.670232	0.59938	0.512308	0.411191	0.291461	0.162021	0.035486	-0.0800051	-0.185185	-0.274539	-0.329271	-0.353331	-0.354819	-0.352972	-0.369214	-0.411678	-0.464706	-0.519293	-0.568587	-0.601838	-0.618778	-0.611953	-0.584991	-0.541236	-0.470187	-0.365118	-0.230443	-0.0501482	0.156263	0.357153	0.553723	0.72271	0.865491	0.982127	1.06299	1.11434	1.12855	1.10974	1.06989	1.01883	0.958267	0.891329	0.826012	0.770917	0.735182	0.714647	0.714647	
0.755984	0.840151	0.882111	0.85747	0.780486	0.688454	0.582386	0.45	0.307478	0.167555	0.0455956	-0.0674095	-0.165398	-0.235119	-0.275747	-0.295908	-0.305735	-0.324432	-0.362788	-0.413088	-0.468368	-0.517397	-0.553136	-0.569185	-0.572248	-0.562322	-0.537457	-0.492197	-0.419186	-0.305471	-0.137476	0.0611987	0.274422	0.498858	0.697674	0.863943	1.00047	1.08364	1.12466	1.12352	1.06989	0.987244	0.889363	0.776093	0.669997	0.585539	0.511616	0.459336	0.43972	0.43972	
0.837736	0.952072	1.00326	0.98014	0.911006	0.822204	0.719601	0.585829	0.438434	0.297074	0.171404	0.0519935	-0.0416624	-0.121181	-0.178679	-0.211233	-0.234637	-0.256328	-0.284988	-0.330174	-0.376986	-0.419458	-0.454568	-0.46665	-0.477648	-0.484248	-0.47302	-0.454894	-0.411795	-0.311847	-0.166287	0.0198123	0.240229	0.476915	0.693684	0.875659	1.02827	1.11432	1.13388	1.10408	1.01883	0.889363	0.739943	0.575817	0.423819	0.309844	0.215902	0.153252	0.128688	0.128688	
0.834142	0.975913	1.03595	1.02946	0.976345	0.892931	0.791344	0.668272	0.529494	0.396377	0.276446	0.166583	0.0774177	3.64903e-05	-0.0659151	-0.111328	-0.139756	-0.163083	-0.181158	-0.212928	-0.245447	-0.277143	-0.30462	-0.318712	-0.334801	-0.350974	-0.361924	-0.364378	-0.341753	-0.269831	-0.150528	0.0199356	0.233504	0.472058	0.704925	0.907065	1.05968	1.14086	1.14558	1.08037	0.958267	0.776093	0.575817	0.376881	0.182657	0.0285105	-0.0812858	-0.143856	-0.175675	-0.175675	
0.745995	0.910918	0.988902	1.00165	0.968813	0.899813	0.80106	0.689617	0.573937	0.455392	0.351429	0.264643	0.190033	0.125935	0.0619172	0.0107709	-0.0194086	-0.0381623	-0.0477714	-0.057918	-0.073731	-0.0951621	-0.113401	-0.133829	-0.156599	-0.184154	-0.219928	-0.245126	-0.242738	-0.206374	-0.115959	0.0372963	0.23568	0.474449	0.719302	0.932559	1.08488	1.15826	1.14689	1.05127	0.891329	0.669997	0.423819	0.182657	-0.039614	-0.215341	-0.336727	-0.404216	-0.439634	-0.439634	
0.612627	0.788511	0.889049	0.920262	0.904971	0.850414	0.762569	0.667153	0.576811	0.481253	0.397602	0.336366	0.287424	0.240973	0.192149	0.148526	0.116993	0.107639	0.111992	0.120223	0.12365	0.117513	0.100891	0.0761213	0.0426035	-0.00733964	-0.0676709	-0.11807	-0.143336	-0.139338	-0.0790237	0.048074	0.229824	0.461425	0.70857	0.927771	1.08537	1.1563	1.13302	1.0169	0.826012	0.585539	0.309844	0.0285105	-0.215341	-0.403336	-0.535195	-0.612162	-0.643773	-0.643773	
0.473408	0.654301	0.772066	0.824825	0.823889	0.774715	0.69623	0.61897	0.548519	0.48436	0.431619	0.397287	0.37404	0.347831	0.316552	0.281093	0.255865	0.256359	0.278376	0.305596	0.323316	0.325493	0.306348	0.271317	0.221292	0.151689	0.06987	-0.00349752	-0.0595513	-0.0865651	-0.0597295	0.0370761	0.204535	0.427703	0.681424	0.909942	1.06947	1.13793	1.10913	0.983164	0.770917	0.511616	0.215902	-0.0812858	-0.336727	-0.535195	-0.666624	-0.743955	-0.771647	-0.771647	
0.354683	0.54625	0.674968	0.741104	0.747861	0.703799	0.640311	0.577319	0.521304	0.480728	0.450327	0.435979	0.435498	0.432687	0.421684	0.397016	0.375992	0.382465	0.412122	0.453486	0.481385	0.488513	0.473245	0.430076	0.36203	0.271914	0.171952	0.0712883	-0.0109408	-0.0548997	-0.052761	0.0198496	0.175922	0.391476	0.643491	0.878503	1.04364	1.11503	1.07993	0.950068	0.735182	0.459336	0.153252	-0.143856	-0.404216	-0.612162	-0.743955	-0.813473	-0.841244	-0.841244	
0.292855	0.485247	0.615648	0.694061	0.704487	0.662539	0.603814	0.547811	0.50116	0.474309	0.459331	0.461906	0.467718	0.478641	0.478328	0.456539	0.442205	0.453862	0.491731	0.542705	0.574847	0.581633	0.566601	0.514272	0.435539	0.337671	0.225992	0.113862	0.017254	-0.0427874	-0.0540624	0.00160996	0.15178	0.367254	0.616304	0.8562	1.02167	1.09806	1.06544	0.92797	0.714647	0.43972	0.128688	-0.175675	-0.439634	-0.643773	-0.771647	-0.841244	-0.874187	-0.874187	
0.292855	0.485247	0.615648	0.694061	0.704487	0.662539	0.603814	0.547811	0.50116	0.474309	0.459331	0.461906	0.467718	0.478641	0.478328	0.456539	0.442205	0.453862	0.491731	0.542705	0.574847	0.581633	0.566601	0.514272	0.435539	0.337671	0.225992	0.113862	0.017254	-0.0427874	-0.0540624	0.00160996	0.15178	0.367254	0.616304	0.8562	1.02167	1.09806	1.06544	0.92797	0.714647	0.43972	0.128688	-0.175675	-0.439634	-0.643773	-0.771647	-0.841244	-0.874187	-0.874187	
