-0.184287	-0.181603	-0.196543	-0.228094	-0.262428	-0.303956	-0.352062	-0.393783	-0.41943	-0.431914	-0.432996	-0.4183	-0.388576	-0.332463	-0.23364	-0.0783125	0.109968	0.293742	0.456327	0.584815	0.649585	0.641355	0.575455	0.463916	0.322826	0.18123	0.0670021	-0.00937151	-0.0522085	-0.0648966	-0.0536375	-0.0372036	-0.0295943	-0.040075	-0.0755219	-0.139471	-0.223854	-0.308003	-0.375848	-0.401462	-0.368037	-0.284689	-0.162306	-0.0181605	0.128719	0.25505	0.351249	0.418732	0.446267	0.446267	
-0.181603	-0.190428	-0.212427	-0.241724	-0.267994	-0.303736	-0.348623	-0.389454	-0.426369	-0.448649	-0.463611	-0.477342	-0.467676	-0.423576	-0.333343	-0.184195	0.00351061	0.187105	0.357863	0.495976	0.574937	0.584252	0.538008	0.449433	0.33007	0.220991	0.137205	0.085759	0.0669514	0.0715643	0.0877201	0.108616	0.115402	0.0930299	0.045879	-0.0401216	-0.151477	-0.258446	-0.33924	-0.378107	-0.365084	-0.292895	-0.182331	-0.0581228	0.0647086	0.171391	0.254922	0.31005	0.333895	0.333895	
-0.196543	-0.212427	-0.229971	-0.246152	-0.263212	-0.282592	-0.315211	-0.363333	-0.408708	-0.447337	-0.481969	-0.516191	-0.524403	-0.49035	-0.40484	-0.267226	-0.0937029	0.0862325	0.254289	0.394311	0.483821	0.508111	0.47948	0.409988	0.315181	0.231547	0.17512	0.153489	0.158666	0.18659	0.223991	0.258809	0.271306	0.244828	0.178661	0.0692729	-0.0628102	-0.195604	-0.292808	-0.346262	-0.348702	-0.292011	-0.210701	-0.105968	0.00190954	0.0909987	0.165365	0.21382	0.242673	0.242673	
-0.228094	-0.241724	-0.246152	-0.243931	-0.239459	-0.23912	-0.259545	-0.314381	-0.370107	-0.425079	-0.479858	-0.528786	-0.54873	-0.523296	-0.450917	-0.335543	-0.183049	-0.0148999	0.143723	0.280516	0.373818	0.411864	0.397732	0.343844	0.27203	0.213127	0.18093	0.184253	0.219962	0.279583	0.349143	0.402286	0.422311	0.394862	0.312376	0.187431	0.0368805	-0.112534	-0.228219	-0.30281	-0.321079	-0.286994	-0.228105	-0.145315	-0.0532596	0.0266185	0.0894423	0.132512	0.155577	0.155577	
-0.262428	-0.267994	-0.263212	-0.239459	-0.208704	-0.191227	-0.204054	-0.259522	-0.325076	-0.389879	-0.456831	-0.514705	-0.546752	-0.536598	-0.484335	-0.395867	-0.273566	-0.124502	0.0206585	0.143058	0.243394	0.295486	0.293268	0.258425	0.212769	0.171582	0.163521	0.200736	0.267604	0.361631	0.457906	0.525081	0.551155	0.522768	0.434521	0.302911	0.141852	-0.0151124	-0.145717	-0.24454	-0.284833	-0.275537	-0.229647	-0.161659	-0.0897216	-0.0224418	0.0293019	0.0664591	0.0789514	0.0789514	
-0.303956	-0.303736	-0.282592	-0.23912	-0.191227	-0.155559	-0.164654	-0.21322	-0.282833	-0.351575	-0.419724	-0.485183	-0.53025	-0.53445	-0.508239	-0.455195	-0.360966	-0.243713	-0.122575	-0.00877184	0.0962314	0.161678	0.179803	0.163087	0.13964	0.127555	0.149304	0.218605	0.320385	0.437009	0.544008	0.622844	0.648344	0.622578	0.533059	0.39445	0.235024	0.0648478	-0.0799813	-0.183187	-0.234218	-0.240261	-0.207824	-0.150977	-0.0930232	-0.0443422	-0.00944271	0.018396	0.0262351	0.0262351	
-0.352062	-0.348623	-0.315211	-0.259545	-0.204054	-0.164654	-0.163874	-0.195264	-0.251541	-0.317915	-0.379987	-0.451112	-0.506128	-0.524711	-0.523721	-0.500578	-0.436115	-0.35179	-0.252685	-0.141144	-0.0356054	0.0362746	0.0689011	0.0711061	0.0685975	0.0916875	0.145877	0.241134	0.369571	0.49335	0.59975	0.678682	0.700287	0.671361	0.584814	0.448935	0.288983	0.11703	-0.0281089	-0.126027	-0.174872	-0.182061	-0.156293	-0.112109	-0.0679491	-0.0311528	-0.00716974	0.00781109	0.0127401	0.0127401	
-0.393783	-0.389454	-0.363333	-0.314381	-0.259522	-0.21322	-0.195264	-0.20673	-0.24324	-0.29572	-0.356646	-0.427512	-0.478819	-0.512642	-0.528558	-0.518348	-0.485065	-0.427359	-0.340956	-0.240339	-0.13785	-0.0611335	-0.0249822	-0.00132356	0.0193591	0.0647895	0.150816	0.262729	0.393034	0.518463	0.620671	0.685631	0.703109	0.666736	0.571165	0.435495	0.280907	0.129901	0.0076428	-0.07436	-0.11162	-0.105644	-0.0735932	-0.0373522	-0.00252182	0.0258136	0.0424441	0.0498973	0.0506676	0.0506676	
-0.41943	-0.426369	-0.408708	-0.370107	-0.325076	-0.282833	-0.251541	-0.24324	-0.267449	-0.308286	-0.360352	-0.416285	-0.462269	-0.496637	-0.518625	-0.516628	-0.509537	-0.466913	-0.388152	-0.303341	-0.207326	-0.132834	-0.0939616	-0.0518546	-0.00421369	0.0563033	0.158128	0.271404	0.390375	0.504708	0.590986	0.644167	0.649054	0.599152	0.499272	0.372601	0.231339	0.101509	0.0117239	-0.0388149	-0.0477638	-0.0233816	0.0187473	0.0671354	0.107152	0.133545	0.147789	0.152873	0.15645	0.15645	
-0.431914	-0.448649	-0.447337	-0.425079	-0.389879	-0.351575	-0.317915	-0.29572	-0.308286	-0.342821	-0.380586	-0.422099	-0.455954	-0.479241	-0.497081	-0.498363	-0.497084	-0.474007	-0.415394	-0.342561	-0.264471	-0.1953	-0.138629	-0.0829257	-0.0252634	0.0467597	0.147424	0.252138	0.362922	0.464746	0.53189	0.56877	0.554195	0.490273	0.395748	0.27547	0.14886	0.0473818	-0.013593	-0.03215	-0.00676422	0.0506179	0.118361	0.186345	0.246312	0.286404	0.311457	0.326375	0.330668	0.330668	
-0.432996	-0.463611	-0.481969	-0.479858	-0.456831	-0.419724	-0.379987	-0.356646	-0.360352	-0.380586	-0.408038	-0.433125	-0.45343	-0.467357	-0.476329	-0.481352	-0.483297	-0.473442	-0.43322	-0.376435	-0.311584	-0.247916	-0.183367	-0.121333	-0.0575182	0.0260403	0.125752	0.231759	0.331652	0.41668	0.465235	0.473362	0.440019	0.363648	0.263963	0.147759	0.0413407	-0.029689	-0.0625688	-0.0483354	0.0162299	0.117252	0.222677	0.323867	0.414925	0.474562	0.516074	0.543496	0.547754	0.547754	
-0.4183	-0.477342	-0.516191	-0.528786	-0.514705	-0.485183	-0.451112	-0.427512	-0.416285	-0.422099	-0.433125	-0.44053	-0.455404	-0.46521	-0.46578	-0.477672	-0.490835	-0.488219	-0.467085	-0.423954	-0.366502	-0.304812	-0.240831	-0.17771	-0.0998224	-0.00202621	0.108603	0.225949	0.320038	0.379555	0.403833	0.381516	0.319591	0.231026	0.123866	0.0140219	-0.0768562	-0.125223	-0.121016	-0.0670811	0.0368888	0.174768	0.319219	0.463452	0.592238	0.677472	0.736581	0.77975	0.788573	0.788573	
-0.388576	-0.467676	-0.524403	-0.54873	-0.546752	-0.53025	-0.506128	-0.478819	-0.462269	-0.455954	-0.45343	-0.455404	-0.45983	-0.459946	-0.464797	-0.493031	-0.521568	-0.540865	-0.543771	-0.510789	-0.462045	-0.400915	-0.329349	-0.251924	-0.148656	-0.0242412	0.105633	0.226739	0.320068	0.364094	0.364523	0.322231	0.233154	0.123859	0.00483471	-0.103864	-0.183281	-0.212998	-0.177903	-0.0907991	0.0541483	0.233127	0.413765	0.592933	0.747736	0.863037	0.948845	1.00422	1.0245	1.0245	
-0.332463	-0.423576	-0.49035	-0.523296	-0.536598	-0.53445	-0.524711	-0.512642	-0.496637	-0.479241	-0.467357	-0.46521	-0.459946	-0.45984	-0.482613	-0.533131	-0.584972	-0.625003	-0.646454	-0.631084	-0.59191	-0.534321	-0.454641	-0.351328	-0.211729	-0.054374	0.100966	0.233222	0.325278	0.364993	0.348946	0.28864	0.189183	0.0685042	-0.0612237	-0.173483	-0.245612	-0.263602	-0.209656	-0.0936495	0.0814027	0.290736	0.500641	0.702585	0.872899	1.00855	1.11367	1.17893	1.21294	1.21294	
-0.23364	-0.333343	-0.40484	-0.450917	-0.484335	-0.508239	-0.523721	-0.528558	-0.518625	-0.497081	-0.476329	-0.46578	-0.464797	-0.482613	-0.533347	-0.60572	-0.676819	-0.725062	-0.75414	-0.760323	-0.732778	-0.682413	-0.601185	-0.471015	-0.294671	-0.102852	0.0857123	0.241183	0.339933	0.377247	0.352282	0.28302	0.179386	0.0527013	-0.0766544	-0.185157	-0.250229	-0.257439	-0.190214	-0.0495588	0.135999	0.352863	0.580496	0.786181	0.964331	1.10734	1.20793	1.27416	1.30896	1.30896	
-0.0783125	-0.184195	-0.267226	-0.335543	-0.395867	-0.455195	-0.500578	-0.518348	-0.516628	-0.498363	-0.481352	-0.477672	-0.493031	-0.533131	-0.60572	-0.689957	-0.772444	-0.83273	-0.875483	-0.904664	-0.890451	-0.837119	-0.746082	-0.587068	-0.379913	-0.159465	0.0589854	0.23753	0.357094	0.405489	0.386474	0.314197	0.202565	0.069054	-0.0582733	-0.155428	-0.210785	-0.200186	-0.119058	0.0278512	0.215043	0.426693	0.651324	0.847586	1.01446	1.15171	1.23885	1.28815	1.31578	1.31578	
0.109968	0.00351061	-0.0937029	-0.183049	-0.273566	-0.360966	-0.436115	-0.485065	-0.509537	-0.497084	-0.483297	-0.490835	-0.521568	-0.584972	-0.676819	-0.772444	-0.863067	-0.942983	-1.00209	-1.04235	-1.04136	-0.986659	-0.879059	-0.697666	-0.46633	-0.211199	0.0381245	0.234536	0.369591	0.430947	0.418036	0.35097	0.25134	0.122746	-0.00299011	-0.090837	-0.132513	-0.108908	-0.0245354	0.118278	0.298444	0.49649	0.702951	0.881985	1.02756	1.14271	1.215	1.25371	1.27744	1.27744	
0.293742	0.187105	0.0862325	-0.0148999	-0.124502	-0.243713	-0.35179	-0.427359	-0.466913	-0.474007	-0.473442	-0.488219	-0.540865	-0.625003	-0.725062	-0.83273	-0.942983	-1.03658	-1.11075	-1.16124	-1.16748	-1.11482	-0.995429	-0.799617	-0.541576	-0.259125	0.0113131	0.230171	0.378359	0.450855	0.451907	0.395186	0.29994	0.184059	0.0755843	-0.00444069	-0.0406841	-0.0187265	0.0615095	0.201078	0.37376	0.559867	0.743108	0.894985	1.01498	1.10269	1.15896	1.1945	1.21331	1.21331	
0.456327	0.357863	0.254289	0.143723	0.0206585	-0.122575	-0.252685	-0.340956	-0.388152	-0.415394	-0.43322	-0.467085	-0.543771	-0.646454	-0.75414	-0.875483	-1.00209	-1.11075	-1.19808	-1.25186	-1.26809	-1.2179	-1.08353	-0.877899	-0.603453	-0.299099	-0.0123079	0.230509	0.399077	0.483375	0.492997	0.440025	0.345429	0.238168	0.141848	0.0637243	0.0280735	0.0524224	0.132962	0.266911	0.434097	0.610098	0.768711	0.896753	0.993459	1.05631	1.0962	1.11868	1.12566	1.12566	
0.584815	0.495976	0.394311	0.280516	0.143058	-0.00877184	-0.141144	-0.240339	-0.303341	-0.342561	-0.376435	-0.423954	-0.510789	-0.631084	-0.760323	-0.904664	-1.04235	-1.16124	-1.25186	-1.30381	-1.3302	-1.28549	-1.14505	-0.932545	-0.645584	-0.316567	-0.00784579	0.249777	0.426312	0.515261	0.527449	0.477682	0.393136	0.290348	0.187936	0.110496	0.0811299	0.108446	0.191844	0.315652	0.467237	0.622476	0.754941	0.874822	0.958938	1.00408	1.03358	1.03978	1.03987	1.03987	
0.649585	0.574937	0.483821	0.373818	0.243394	0.0962314	-0.0356054	-0.13785	-0.207326	-0.264471	-0.311584	-0.366502	-0.462045	-0.59191	-0.732778	-0.890451	-1.04136	-1.16748	-1.26809	-1.3302	-1.35808	-1.3085	-1.16115	-0.937021	-0.637536	-0.299933	0.0141857	0.276719	0.45723	0.549697	0.571395	0.528658	0.443053	0.3353	0.227491	0.144809	0.112593	0.140193	0.21682	0.330628	0.468867	0.607416	0.727818	0.830799	0.900586	0.935803	0.95303	0.953971	0.950457	0.950457	
0.641355	0.584252	0.508111	0.411864	0.295486	0.161678	0.0362746	-0.0611335	-0.132834	-0.1953	-0.247916	-0.304812	-0.400915	-0.534321	-0.682413	-0.837119	-0.986659	-1.11482	-1.2179	-1.28549	-1.3085	-1.25564	-1.10763	-0.876815	-0.574763	-0.242443	0.067245	0.323289	0.498671	0.594226	0.619093	0.575357	0.481072	0.363243	0.253423	0.167612	0.128907	0.145516	0.20846	0.316008	0.443147	0.572245	0.686448	0.765872	0.815872	0.840276	0.846268	0.846687	0.844344	0.844344	
0.575455	0.538008	0.47948	0.397732	0.293268	0.179803	0.0689011	-0.0249822	-0.0939616	-0.138629	-0.183367	-0.240831	-0.329349	-0.454641	-0.601185	-0.746082	-0.879059	-0.995429	-1.08353	-1.14505	-1.16115	-1.10763	-0.971787	-0.744603	-0.452348	-0.133892	0.161507	0.400227	0.5664	0.653105	0.660647	0.597997	0.497825	0.37483	0.254733	0.1662	0.120475	0.124519	0.177656	0.277401	0.39414	0.506962	0.608693	0.675764	0.708348	0.724509	0.722949	0.71277	0.713353	0.713353	
0.463916	0.449433	0.409988	0.343844	0.258425	0.163087	0.0711061	-0.00132356	-0.0518546	-0.0829257	-0.121333	-0.17771	-0.251924	-0.351328	-0.471015	-0.587068	-0.697666	-0.799617	-0.877899	-0.932545	-0.937021	-0.876815	-0.744603	-0.525857	-0.261611	0.0178525	0.28144	0.494302	0.641732	0.709132	0.695225	0.616575	0.503261	0.364972	0.231944	0.132542	0.0747861	0.0728797	0.120865	0.212832	0.317779	0.413767	0.502393	0.555433	0.580004	0.595107	0.584795	0.565032	0.560312	0.560312	
0.322826	0.33007	0.315181	0.27203	0.212769	0.13964	0.0685975	0.0193591	-0.00421369	-0.0252634	-0.0575182	-0.0998224	-0.148656	-0.211729	-0.294671	-0.379913	-0.46633	-0.541576	-0.603453	-0.645584	-0.637536	-0.574763	-0.452348	-0.261611	-0.0319883	0.20315	0.424041	0.600235	0.707884	0.741875	0.707412	0.617183	0.486551	0.337166	0.192061	0.0750322	0.00933503	-0.000754117	0.0426024	0.126853	0.215599	0.298995	0.377264	0.421251	0.438913	0.445654	0.428923	0.40807	0.401046	0.401046	
0.18123	0.220991	0.231547	0.213127	0.171582	0.127555	0.0916875	0.0647895	0.0563033	0.0467597	0.0260403	-0.00202621	-0.0242412	-0.054374	-0.102852	-0.159465	-0.211199	-0.259125	-0.299099	-0.316567	-0.299933	-0.242443	-0.133892	0.0178525	0.20315	0.399084	0.571854	0.700283	0.763092	0.763467	0.704292	0.597349	0.454664	0.290155	0.129039	0.00430989	-0.0616342	-0.0789634	-0.0459767	0.0235608	0.104851	0.183261	0.246609	0.285037	0.291153	0.282193	0.26466	0.243796	0.237059	0.237059	
0.0670021	0.137205	0.17512	0.18093	0.163521	0.149304	0.145877	0.150816	0.158128	0.147424	0.125752	0.108603	0.105633	0.100966	0.0857123	0.0589854	0.0381245	0.0113131	-0.0123079	-0.00784579	0.0141857	0.067245	0.161507	0.28144	0.424041	0.571854	0.690478	0.767802	0.797924	0.777335	0.705724	0.581121	0.413908	0.23861	0.0734081	-0.0548312	-0.129419	-0.155594	-0.129449	-0.0745642	0.00224815	0.0754493	0.12003	0.146424	0.143691	0.124649	0.104014	0.0810966	0.0677699	0.0677699	
-0.00937151	0.085759	0.153489	0.184253	0.200736	0.218605	0.241134	0.262729	0.271404	0.252138	0.231759	0.225949	0.226739	0.233222	0.241183	0.23753	0.234536	0.230171	0.230509	0.249777	0.276719	0.323289	0.400227	0.494302	0.600235	0.700283	0.767802	0.809049	0.815183	0.771216	0.685577	0.55103	0.377656	0.205621	0.0451489	-0.0872494	-0.171438	-0.201755	-0.182483	-0.137963	-0.0760232	-0.0234858	0.00386094	0.0176507	0.0101177	-0.018464	-0.049015	-0.0714358	-0.0917641	-0.0917641	
-0.0522085	0.0669514	0.158666	0.219962	0.267604	0.320385	0.369571	0.393034	0.390375	0.362922	0.331652	0.320038	0.320068	0.325278	0.339933	0.357094	0.369591	0.378359	0.399077	0.426312	0.45723	0.498671	0.5664	0.641732	0.707884	0.763092	0.797924	0.815183	0.796561	0.745329	0.65462	0.52184	0.365698	0.197683	0.0376054	-0.0951509	-0.177983	-0.207947	-0.198049	-0.164598	-0.121499	-0.084902	-0.0732169	-0.0780339	-0.096268	-0.138179	-0.177907	-0.202777	-0.227855	-0.227855	
-0.0648966	0.0715643	0.18659	0.279583	0.361631	0.437009	0.49335	0.518463	0.504708	0.464746	0.41668	0.379555	0.364094	0.364993	0.377247	0.405489	0.430947	0.450855	0.483375	0.515261	0.549697	0.594226	0.653105	0.709132	0.741875	0.763467	0.777335	0.771216	0.745329	0.69583	0.610386	0.495781	0.35381	0.19674	0.0519265	-0.0682675	-0.146698	-0.174468	-0.170209	-0.149333	-0.119049	-0.0973561	-0.100951	-0.124903	-0.16132	-0.211241	-0.25876	-0.293364	-0.318282	-0.318282	
-0.0536375	0.0877201	0.223991	0.349143	0.457906	0.544008	0.59975	0.620671	0.590986	0.53189	0.465235	0.403833	0.364523	0.348946	0.352282	0.386474	0.418036	0.451907	0.492997	0.527449	0.571395	0.619093	0.660647	0.695225	0.707412	0.704292	0.705724	0.685577	0.65462	0.610386	0.540248	0.452474	0.332975	0.199022	0.0796375	-0.0146589	-0.080672	-0.106363	-0.099468	-0.0817764	-0.0632502	-0.0594469	-0.076423	-0.111163	-0.161366	-0.220379	-0.275711	-0.316365	-0.337206	-0.337206	
-0.0372036	0.108616	0.258809	0.402286	0.525081	0.622844	0.678682	0.685631	0.644167	0.56877	0.473362	0.381516	0.322231	0.28864	0.28302	0.314197	0.35097	0.395186	0.440025	0.477682	0.528658	0.575357	0.597997	0.616575	0.617183	0.597349	0.581121	0.55103	0.52184	0.495781	0.452474	0.385567	0.299934	0.205839	0.111533	0.0431187	0.00519486	-0.00544851	0.00773852	0.0262043	0.0376946	0.0377212	0.0164493	-0.0288726	-0.0886091	-0.153276	-0.210782	-0.254236	-0.27717	-0.27717	
-0.0295943	0.115402	0.271306	0.422311	0.551155	0.648344	0.700287	0.703109	0.649054	0.554195	0.440019	0.319591	0.233154	0.189183	0.179386	0.202565	0.25134	0.29994	0.345429	0.393136	0.443053	0.481072	0.497825	0.503261	0.486551	0.454664	0.413908	0.377656	0.365698	0.35381	0.332975	0.299934	0.250823	0.195905	0.144711	0.113819	0.10744	0.120759	0.145708	0.173969	0.191589	0.188112	0.16215	0.113052	0.0527354	-0.0076699	-0.0635695	-0.10863	-0.134031	-0.134031	
-0.040075	0.0930299	0.244828	0.394862	0.522768	0.622578	0.671361	0.666736	0.599152	0.490273	0.363648	0.231026	0.123859	0.0685042	0.0527013	0.069054	0.122746	0.184059	0.238168	0.290348	0.3353	0.363243	0.37483	0.364972	0.337166	0.290155	0.23861	0.205621	0.197683	0.19674	0.199022	0.205839	0.195905	0.185765	0.181243	0.188325	0.217171	0.254978	0.30347	0.353817	0.382428	0.38006	0.3553	0.313462	0.259639	0.198223	0.139518	0.0986991	0.0740838	0.0740838	
-0.0755219	0.045879	0.178661	0.312376	0.434521	0.533059	0.584814	0.571165	0.499272	0.395748	0.263963	0.123866	0.00483471	-0.0612237	-0.0766544	-0.0582733	-0.00299011	0.0755843	0.141848	0.187936	0.227491	0.253423	0.254733	0.231944	0.192061	0.129039	0.0734081	0.0451489	0.0376054	0.0519265	0.0796375	0.111533	0.144711	0.181243	0.220962	0.272192	0.337043	0.413392	0.487515	0.545899	0.582649	0.590152	0.577249	0.540918	0.487651	0.429888	0.378098	0.34608	0.324165	0.324165	
-0.139471	-0.0401216	0.0692729	0.187431	0.302911	0.39445	0.448935	0.435495	0.372601	0.27547	0.147759	0.0140219	-0.103864	-0.173483	-0.185157	-0.155428	-0.090837	-0.00444069	0.0637243	0.110496	0.144809	0.167612	0.1662	0.132542	0.0750322	0.00430989	-0.0548312	-0.0872494	-0.0951509	-0.0682675	-0.0146589	0.0431187	0.113819	0.188325	0.272192	0.370549	0.46828	0.576279	0.672386	0.737886	0.784291	0.806086	0.797264	0.762268	0.713485	0.664219	0.62078	0.587244	0.569467	0.569467	
-0.223854	-0.151477	-0.0628102	0.0368805	0.141852	0.235024	0.288983	0.280907	0.231339	0.14886	0.0413407	-0.0768562	-0.183281	-0.245612	-0.250229	-0.210785	-0.132513	-0.0406841	0.0280735	0.0811299	0.112593	0.128907	0.120475	0.0747861	0.00933503	-0.0616342	-0.129419	-0.171438	-0.177983	-0.146698	-0.080672	0.00519486	0.10744	0.217171	0.337043	0.46828	0.604616	0.730594	0.839735	0.924482	0.97692	1.00333	0.988507	0.953745	0.915834	0.870019	0.825847	0.787031	0.773685	0.773685	
-0.308003	-0.258446	-0.195604	-0.112534	-0.0151124	0.0648478	0.11703	0.129901	0.101509	0.0473818	-0.029689	-0.125223	-0.212998	-0.263602	-0.257439	-0.200186	-0.108908	-0.0187265	0.0524224	0.108446	0.140193	0.145516	0.124519	0.0728797	-0.000754117	-0.0789634	-0.155594	-0.201755	-0.207947	-0.174468	-0.106363	-0.00544851	0.120759	0.254978	0.413392	0.576279	0.730594	0.870952	0.992121	1.08713	1.13468	1.15023	1.1349	1.10002	1.05783	1.01109	0.969986	0.934473	0.922612	0.922612	
-0.375848	-0.33924	-0.292808	-0.228219	-0.145717	-0.0799813	-0.0281089	0.0076428	0.0117239	-0.013593	-0.0625688	-0.121016	-0.177903	-0.209656	-0.190214	-0.119058	-0.0245354	0.0615095	0.132962	0.191844	0.21682	0.20846	0.177656	0.120865	0.0426024	-0.0459767	-0.129449	-0.182483	-0.198049	-0.170209	-0.099468	0.00773852	0.145708	0.30347	0.487515	0.672386	0.839735	0.992121	1.11643	1.20169	1.23963	1.24651	1.23211	1.19123	1.13575	1.08432	1.04279	1.01092	0.996218	0.996218	
-0.401462	-0.378107	-0.346262	-0.30281	-0.24454	-0.183187	-0.126027	-0.07436	-0.0388149	-0.03215	-0.0483354	-0.0670811	-0.0907991	-0.0936495	-0.0495588	0.0278512	0.118278	0.201078	0.266911	0.315652	0.330628	0.316008	0.277401	0.212832	0.126853	0.0235608	-0.0745642	-0.137963	-0.164598	-0.149333	-0.0817764	0.0262043	0.173969	0.353817	0.545899	0.737886	0.924482	1.08713	1.20169	1.27308	1.30336	1.29646	1.2652	1.21319	1.15295	1.09562	1.04767	1.01498	0.996782	0.996782	
-0.368037	-0.365084	-0.348702	-0.321079	-0.284833	-0.234218	-0.174872	-0.11162	-0.0477638	-0.00676422	0.0162299	0.0368888	0.0541483	0.0814027	0.135999	0.215043	0.298444	0.37376	0.434097	0.467237	0.468867	0.443147	0.39414	0.317779	0.215599	0.104851	0.00224815	-0.0760232	-0.121499	-0.119049	-0.0632502	0.0376946	0.191589	0.382428	0.582649	0.784291	0.97692	1.13468	1.23963	1.30336	1.32662	1.30093	1.24558	1.18255	1.11568	1.05041	0.998714	0.961098	0.936902	0.936902	
-0.284689	-0.292895	-0.292011	-0.286994	-0.275537	-0.240261	-0.182061	-0.105644	-0.0233816	0.0506179	0.117252	0.174768	0.233127	0.290736	0.352863	0.426693	0.49649	0.559867	0.610098	0.622476	0.607416	0.572245	0.506962	0.413767	0.298995	0.183261	0.0754493	-0.0234858	-0.084902	-0.0973561	-0.0594469	0.0377212	0.188112	0.38006	0.590152	0.806086	1.00333	1.15023	1.24651	1.29646	1.30093	1.25889	1.19011	1.11455	1.03465	0.962637	0.907309	0.868354	0.845736	0.845736	
-0.162306	-0.182331	-0.210701	-0.228105	-0.229647	-0.207824	-0.156293	-0.0735932	0.0187473	0.118361	0.222677	0.319219	0.413765	0.500641	0.580496	0.651324	0.702951	0.743108	0.768711	0.754941	0.727818	0.686448	0.608693	0.502393	0.377264	0.246609	0.12003	0.00386094	-0.0732169	-0.100951	-0.076423	0.0164493	0.16215	0.3553	0.577249	0.797264	0.988507	1.1349	1.23211	1.2652	1.24558	1.19011	1.11487	1.02668	0.935059	0.856442	0.789726	0.74758	0.731663	0.731663	
-0.0181605	-0.0581228	-0.105968	-0.145315	-0.161659	-0.150977	-0.112109	-0.0373522	0.0671354	0.186345	0.323867	0.463452	0.592933	0.702585	0.786181	0.847586	0.881985	0.894985	0.896753	0.874822	0.830799	0.765872	0.675764	0.555433	0.421251	0.285037	0.146424	0.0176507	-0.0780339	-0.124903	-0.111163	-0.0288726	0.113052	0.313462	0.540918	0.762268	0.953745	1.10002	1.19123	1.21319	1.18255	1.11455	1.02668	0.923971	0.82422	0.746172	0.675107	0.626211	0.606391	0.606391	
0.128719	0.0647086	0.00190954	-0.0532596	-0.0897216	-0.0930232	-0.0679491	-0.00252182	0.107152	0.246312	0.414925	0.592238	0.747736	0.872899	0.964331	1.01446	1.02756	1.01498	0.993459	0.958938	0.900586	0.815872	0.708348	0.580004	0.438913	0.291153	0.143691	0.0101177	-0.096268	-0.16132	-0.161366	-0.0886091	0.0527354	0.259639	0.487651	0.713485	0.915834	1.05783	1.13575	1.15295	1.11568	1.03465	0.935059	0.82422	0.716862	0.636067	0.569548	0.519636	0.494079	0.494079	
0.25505	0.171391	0.0909987	0.0266185	-0.0224418	-0.0443422	-0.0311528	0.0258136	0.133545	0.286404	0.474562	0.677472	0.863037	1.00855	1.10734	1.15171	1.14271	1.10269	1.05631	1.00408	0.935803	0.840276	0.724509	0.595107	0.445654	0.282193	0.124649	-0.018464	-0.138179	-0.211241	-0.220379	-0.153276	-0.0076699	0.198223	0.429888	0.664219	0.870019	1.01109	1.08432	1.09562	1.05041	0.962637	0.856442	0.746172	0.636067	0.54044	0.469828	0.423345	0.398072	0.398072	
0.351249	0.254922	0.165365	0.0894423	0.0293019	-0.00944271	-0.00716974	0.0424441	0.147789	0.311457	0.516074	0.736581	0.948845	1.11367	1.20793	1.23885	1.215	1.15896	1.0962	1.03358	0.95303	0.846268	0.722949	0.584795	0.428923	0.26466	0.104014	-0.049015	-0.177907	-0.25876	-0.275711	-0.210782	-0.0635695	0.139518	0.378098	0.62078	0.825847	0.969986	1.04279	1.04767	0.998714	0.907309	0.789726	0.675107	0.569548	0.469828	0.395975	0.350957	0.3255	0.3255	
0.418732	0.31005	0.21382	0.132512	0.0664591	0.018396	0.00781109	0.0498973	0.152873	0.326375	0.543496	0.77975	1.00422	1.17893	1.27416	1.28815	1.25371	1.1945	1.11868	1.03978	0.953971	0.846687	0.71277	0.565032	0.40807	0.243796	0.0810966	-0.0714358	-0.202777	-0.293364	-0.316365	-0.254236	-0.10863	0.0986991	0.34608	0.587244	0.787031	0.934473	1.01092	1.01498	0.961098	0.868354	0.74758	0.626211	0.519636	0.423345	0.350957	0.30193	0.275496	0.275496	
0.446267	0.333895	0.242673	0.155577	0.0789514	0.0262351	0.0127401	0.0506676	0.15645	0.330668	0.547754	0.788573	1.0245	1.21294	1.30896	1.31578	1.27744	1.21331	1.12566	1.03987	0.950457	0.844344	0.713353	0.560312	0.401046	0.237059	0.0677699	-0.0917641	-0.227855	-0.318282	-0.337206	-0.27717	-0.134031	0.0740838	0.324165	0.569467	0.773685	0.922612	0.996218	0.996782	0.936902	0.845736	0.731663	0.606391	0.494079	0.398072	0.3255	0.275496	0.251115	0.251115	
0.446267	0.333895	0.242673	0.155577	0.0789514	0.0262351	0.0127401	0.0506676	0.15645	0.330668	0.547754	0.788573	1.0245	1.21294	1.30896	1.31578	1.27744	1.21331	1.12566	1.03987	0.950457	0.844344	0.713353	0.560312	0.401046	0.237059	0.0677699	-0.0917641	-0.227855	-0.318282	-0.337206	-0.27717	-0.134031	0.0740838	0.324165	0.569467	0.773685	0.922612	0.996218	0.996782	0.936902	0.845736	0.731663	0.606391	0.494079	0.398072	0.3255	0.275496	0.251115	0.251115	
