0.476596	0.498153	0.493591	0.466154	0.426977	0.387023	0.361765	0.347291	0.327958	0.292726	0.227024	0.143352	0.0374653	-0.0820789	-0.206747	-0.32324	-0.417377	-0.486921	-0.537147	-0.552016	-0.521358	-0.445803	-0.333693	-0.190406	-0.0245649	0.148028	0.319866	0.480511	0.620015	0.717154	0.760544	0.747464	0.69834	0.625719	0.541918	0.452909	0.360948	0.281723	0.211522	0.145567	0.0734347	-0.0150423	-0.117865	-0.218092	-0.29306	-0.333714	-0.354409	-0.371958	-0.383137	-0.383137	
0.498153	0.54529	0.565297	0.564823	0.550805	0.529843	0.505399	0.472831	0.421175	0.35062	0.250199	0.136827	0.0121046	-0.10918	-0.220652	-0.320524	-0.398059	-0.454796	-0.491971	-0.491565	-0.447743	-0.364616	-0.242909	-0.0943436	0.0676231	0.224255	0.370651	0.506781	0.628026	0.71855	0.756942	0.742593	0.693974	0.618218	0.525846	0.422773	0.316769	0.214181	0.115279	0.0252032	-0.0636839	-0.158658	-0.258925	-0.348226	-0.40662	-0.431202	-0.434993	-0.434041	-0.436281	-0.436281	
0.493591	0.565297	0.608495	0.633746	0.64782	0.644243	0.617589	0.570442	0.491004	0.381118	0.243031	0.09572	-0.0480114	-0.170057	-0.270652	-0.358627	-0.423918	-0.473167	-0.498935	-0.480095	-0.425607	-0.337872	-0.212249	-0.0605611	0.0982984	0.241886	0.361809	0.473244	0.578736	0.663501	0.707144	0.708765	0.676261	0.609388	0.524947	0.423091	0.315774	0.204714	0.0900278	-0.0153019	-0.117471	-0.214549	-0.310876	-0.392349	-0.436406	-0.445207	-0.434884	-0.425184	-0.422819	-0.422819	
0.466154	0.564823	0.633746	0.6822	0.713103	0.713556	0.683574	0.623048	0.513745	0.36575	0.196826	0.02313	-0.131375	-0.259807	-0.360536	-0.438283	-0.498694	-0.540255	-0.554137	-0.52363	-0.460554	-0.368784	-0.243684	-0.0895481	0.0643407	0.192429	0.295317	0.383972	0.476632	0.561502	0.616688	0.642876	0.632665	0.587717	0.52406	0.440885	0.347859	0.244754	0.130326	0.0146298	-0.0965269	-0.196435	-0.282206	-0.346809	-0.37779	-0.375584	-0.356933	-0.338062	-0.332901	-0.332901	
0.426977	0.550805	0.64782	0.713103	0.747225	0.74978	0.71542	0.632007	0.489202	0.308595	0.11848	-0.0658685	-0.22894	-0.366536	-0.468792	-0.542601	-0.600571	-0.640196	-0.648562	-0.610563	-0.538101	-0.44164	-0.320536	-0.17656	-0.0362202	0.0764362	0.163786	0.242162	0.330964	0.423643	0.495687	0.54594	0.566761	0.555227	0.518689	0.461381	0.392514	0.306363	0.199099	0.0809632	-0.0274308	-0.122785	-0.196177	-0.243404	-0.253179	-0.227003	-0.195718	-0.162524	-0.149093	-0.149093	
0.387023	0.529843	0.644243	0.713556	0.74978	0.751711	0.709715	0.601846	0.436512	0.234873	0.0307517	-0.161648	-0.331743	-0.470452	-0.571228	-0.643658	-0.702101	-0.742801	-0.749846	-0.704167	-0.626413	-0.532356	-0.425455	-0.307456	-0.192351	-0.0987787	-0.0228914	0.0564929	0.150053	0.253369	0.346371	0.427716	0.481027	0.498261	0.490763	0.462198	0.422096	0.357845	0.269989	0.166876	0.0697179	-0.011971	-0.0672084	-0.0883009	-0.0771837	-0.0291531	0.0300016	0.0828474	0.108657	0.108657	
0.361765	0.505399	0.617589	0.683574	0.71542	0.709715	0.651789	0.531818	0.356116	0.142354	-0.0763105	-0.272229	-0.429201	-0.554248	-0.64454	-0.710531	-0.771746	-0.814747	-0.823171	-0.784531	-0.710273	-0.621749	-0.533418	-0.437397	-0.352536	-0.287944	-0.228604	-0.160595	-0.0656301	0.0508955	0.17032	0.281971	0.366716	0.415728	0.434915	0.43304	0.417656	0.385077	0.328167	0.248603	0.172218	0.110572	0.0810327	0.0878827	0.131353	0.209516	0.29096	0.364499	0.402839	0.402839	
0.347291	0.472831	0.570442	0.623048	0.632007	0.601846	0.531818	0.412493	0.242921	0.0285467	-0.195771	-0.378944	-0.518222	-0.62438	-0.695777	-0.743606	-0.789322	-0.821699	-0.83041	-0.806721	-0.747748	-0.676805	-0.608489	-0.543752	-0.494531	-0.465251	-0.431752	-0.37374	-0.282354	-0.15793	-0.0241501	0.105281	0.215884	0.293803	0.341795	0.37354	0.392125	0.387528	0.356967	0.305195	0.257873	0.228494	0.230719	0.268506	0.341804	0.44594	0.552254	0.645662	0.69619	0.69619	
0.327958	0.421175	0.491004	0.513745	0.489202	0.436512	0.356116	0.242921	0.0866542	-0.1155	-0.315942	-0.476073	-0.594242	-0.671578	-0.70857	-0.725682	-0.740579	-0.753815	-0.759837	-0.746694	-0.709109	-0.661815	-0.622362	-0.597034	-0.592664	-0.601803	-0.597593	-0.556464	-0.475889	-0.36175	-0.227427	-0.0891467	0.0353486	0.136289	0.212995	0.274422	0.327484	0.356002	0.36171	0.349102	0.331061	0.332236	0.359284	0.422341	0.520098	0.642837	0.776178	0.889165	0.95389	0.95389	
0.292726	0.35062	0.381118	0.36575	0.308595	0.234873	0.142354	0.0285467	-0.1155	-0.276968	-0.438537	-0.565186	-0.642637	-0.673464	-0.664768	-0.642861	-0.629621	-0.620299	-0.613209	-0.609015	-0.587476	-0.566498	-0.561814	-0.57337	-0.613022	-0.664048	-0.693683	-0.686905	-0.635041	-0.538667	-0.416282	-0.28544	-0.158879	-0.0482157	0.0513168	0.143982	0.228695	0.296961	0.340926	0.365116	0.376279	0.400855	0.448705	0.526907	0.645276	0.786749	0.937468	1.0675	1.14174	1.14174	
0.227024	0.250199	0.243031	0.196826	0.11848	0.0307517	-0.0763105	-0.195771	-0.315942	-0.438537	-0.553799	-0.632538	-0.653396	-0.623849	-0.567777	-0.508938	-0.460554	-0.425014	-0.404586	-0.400218	-0.39878	-0.403422	-0.425335	-0.473635	-0.55222	-0.646811	-0.722477	-0.754819	-0.736399	-0.669363	-0.56852	-0.452574	-0.334324	-0.221088	-0.113132	0.00181457	0.118452	0.214082	0.28481	0.333704	0.37024	0.420925	0.487664	0.579897	0.707959	0.85632	1.01536	1.15408	1.23617	1.23617	
0.143352	0.136827	0.09572	0.02313	-0.0658685	-0.161648	-0.272229	-0.378944	-0.476073	-0.565186	-0.632538	-0.655461	-0.616966	-0.535699	-0.43429	-0.335084	-0.252556	-0.196601	-0.168169	-0.168042	-0.180708	-0.20278	-0.243799	-0.316881	-0.428862	-0.556869	-0.669926	-0.740578	-0.75855	-0.725601	-0.653816	-0.558363	-0.45917	-0.356621	-0.242623	-0.121892	0.00424439	0.113996	0.201784	0.27192	0.324945	0.385494	0.461668	0.563105	0.692374	0.838698	0.997624	1.13471	1.21369	1.21369	
0.0374653	0.0121046	-0.0480114	-0.131375	-0.22894	-0.331743	-0.429201	-0.518222	-0.594242	-0.642637	-0.653396	-0.616966	-0.528955	-0.404937	-0.266855	-0.134659	-0.0339436	0.029836	0.0593183	0.056066	0.0330863	0.00093879	-0.0519072	-0.137092	-0.256278	-0.396164	-0.528386	-0.631082	-0.69142	-0.701427	-0.66515	-0.598136	-0.515739	-0.424445	-0.321189	-0.203049	-0.08065	0.0300745	0.118301	0.183884	0.241064	0.303324	0.378828	0.472081	0.589392	0.727168	0.870356	0.999559	1.07816	1.07816	
-0.0820789	-0.10918	-0.170057	-0.259807	-0.366536	-0.470452	-0.554248	-0.62438	-0.671578	-0.673464	-0.623849	-0.535699	-0.404937	-0.245534	-0.0840478	0.0590106	0.164785	0.22977	0.258806	0.254794	0.226709	0.188393	0.133475	0.05416	-0.0548302	-0.187236	-0.324909	-0.447845	-0.541839	-0.59251	-0.596481	-0.561245	-0.503429	-0.429599	-0.339182	-0.230535	-0.114419	-0.0168206	0.0532266	0.0951321	0.129043	0.16791	0.227358	0.31145	0.413215	0.535198	0.661448	0.775597	0.841893	0.841893	
-0.206747	-0.220652	-0.270652	-0.360536	-0.468792	-0.571228	-0.64454	-0.695777	-0.70857	-0.664768	-0.567777	-0.43429	-0.266855	-0.0840478	0.0823108	0.223679	0.330808	0.396287	0.423956	0.423647	0.395844	0.357198	0.308676	0.235984	0.138016	0.0188855	-0.112725	-0.23969	-0.3512	-0.430867	-0.46803	-0.462231	-0.428463	-0.370132	-0.289051	-0.193936	-0.0989404	-0.0280107	0.0109134	0.0165371	0.0151174	0.0187646	0.0486389	0.10888	0.185633	0.285616	0.38891	0.484458	0.542256	0.542256	
-0.32324	-0.320524	-0.358627	-0.438283	-0.542601	-0.643658	-0.710531	-0.743606	-0.725682	-0.642861	-0.508938	-0.335084	-0.134659	0.0590106	0.223679	0.364572	0.465001	0.521987	0.548409	0.549964	0.530368	0.501482	0.457717	0.393046	0.305448	0.197747	0.0760191	-0.0506181	-0.172525	-0.273659	-0.334792	-0.346583	-0.316197	-0.261828	-0.192829	-0.112787	-0.0430074	0.000625181	0.00616181	-0.0299401	-0.0719476	-0.105052	-0.111506	-0.089657	-0.0480283	0.0166815	0.0855161	0.154393	0.19704	0.19704	
-0.417377	-0.398059	-0.423918	-0.498694	-0.600571	-0.702101	-0.771746	-0.789322	-0.740579	-0.629621	-0.460554	-0.252556	-0.0339436	0.164785	0.330808	0.465001	0.553213	0.599081	0.621834	0.628099	0.61967	0.600286	0.566036	0.512901	0.441518	0.346656	0.229616	0.10285	-0.0289089	-0.147527	-0.224484	-0.243802	-0.216835	-0.156134	-0.0818386	-0.00933966	0.0472859	0.0638062	0.0320553	-0.0412441	-0.124913	-0.199701	-0.24359	-0.25433	-0.249196	-0.227133	-0.196533	-0.162444	-0.140884	-0.140884	
-0.486921	-0.454796	-0.473167	-0.540255	-0.640196	-0.742801	-0.814747	-0.821699	-0.753815	-0.620299	-0.425014	-0.196601	0.029836	0.22977	0.396287	0.521987	0.599081	0.637392	0.656868	0.664968	0.665692	0.653796	0.629729	0.593676	0.534711	0.44647	0.333461	0.206202	0.0678503	-0.0625758	-0.151431	-0.181004	-0.151626	-0.0748934	0.0149378	0.0945605	0.144091	0.139714	0.0790883	-0.0280395	-0.153402	-0.262471	-0.339139	-0.384764	-0.408839	-0.418764	-0.417838	-0.410527	-0.401143	-0.401143	
-0.537147	-0.491971	-0.498935	-0.554137	-0.648562	-0.749846	-0.823171	-0.83041	-0.759837	-0.613209	-0.404586	-0.168169	0.0593183	0.258806	0.423956	0.548409	0.621834	0.656868	0.67687	0.685513	0.693087	0.686642	0.668471	0.640165	0.582959	0.493229	0.381531	0.250674	0.10562	-0.0325914	-0.13452	-0.170742	-0.127783	-0.0322563	0.0742305	0.170347	0.224279	0.211164	0.130083	-0.00157113	-0.155173	-0.289164	-0.392987	-0.467797	-0.513585	-0.547817	-0.562794	-0.565429	-0.563628	-0.563628	
-0.552016	-0.491565	-0.480095	-0.52363	-0.610563	-0.704167	-0.784531	-0.806721	-0.746694	-0.609015	-0.400218	-0.168042	0.056066	0.254794	0.423647	0.549964	0.628099	0.664968	0.685513	0.699229	0.710945	0.708749	0.693315	0.661344	0.597894	0.503498	0.379566	0.234737	0.0833032	-0.0602522	-0.163546	-0.193734	-0.144121	-0.0312547	0.100512	0.212697	0.272999	0.255846	0.167036	0.0244497	-0.147211	-0.296674	-0.415951	-0.501703	-0.554974	-0.598613	-0.618811	-0.627497	-0.62801	-0.62801	
-0.521358	-0.447743	-0.425607	-0.460554	-0.538101	-0.626413	-0.710273	-0.747748	-0.709109	-0.587476	-0.39878	-0.180708	0.0330863	0.226709	0.395844	0.530368	0.61967	0.665692	0.693087	0.710945	0.72605	0.723094	0.702252	0.660295	0.58618	0.474832	0.331058	0.174942	0.0193227	-0.125176	-0.224628	-0.247937	-0.19156	-0.070266	0.0770058	0.205237	0.276378	0.268254	0.179186	0.0352774	-0.131867	-0.278956	-0.39517	-0.479542	-0.533762	-0.576493	-0.595139	-0.601493	-0.600544	-0.600544	
-0.445803	-0.364616	-0.337872	-0.368784	-0.44164	-0.532356	-0.621749	-0.676805	-0.661815	-0.566498	-0.403422	-0.20278	0.00093879	0.188393	0.357198	0.501482	0.600286	0.653796	0.686642	0.708749	0.723094	0.720746	0.695876	0.646248	0.557543	0.421766	0.258085	0.0864908	-0.0828337	-0.230152	-0.322673	-0.34339	-0.280798	-0.149159	0.00647613	0.14551	0.229731	0.236094	0.161494	0.0353722	-0.11013	-0.239762	-0.338942	-0.408671	-0.452866	-0.480189	-0.483906	-0.477167	-0.464507	-0.464507	
-0.333693	-0.242909	-0.212249	-0.243684	-0.320536	-0.425455	-0.533418	-0.608489	-0.622362	-0.561814	-0.425335	-0.243799	-0.0519072	0.133475	0.308676	0.457717	0.566036	0.629729	0.668471	0.693315	0.702252	0.695876	0.670206	0.606053	0.491307	0.334881	0.149391	-0.0465626	-0.233803	-0.384524	-0.47021	-0.48034	-0.411648	-0.273988	-0.106675	0.0470719	0.150779	0.177123	0.130377	0.0349404	-0.0816807	-0.186245	-0.257267	-0.294422	-0.308111	-0.301467	-0.276834	-0.247133	-0.223168	-0.223168	
-0.190406	-0.0943436	-0.0605611	-0.0895481	-0.17656	-0.307456	-0.437397	-0.543752	-0.597034	-0.57337	-0.473635	-0.316881	-0.137092	0.05416	0.235984	0.393046	0.512901	0.593676	0.640165	0.661344	0.660295	0.646248	0.606053	0.511212	0.366443	0.181187	-0.0320236	-0.250131	-0.446027	-0.592279	-0.665705	-0.657311	-0.566341	-0.418566	-0.244884	-0.0682762	0.0609631	0.120528	0.111875	0.0469633	-0.0326279	-0.0991277	-0.13205	-0.131589	-0.106922	-0.0592374	-0.000188234	0.0620706	0.103229	0.103229	
-0.0245649	0.0676231	0.0982984	0.0643407	-0.0362202	-0.192351	-0.352536	-0.494531	-0.592664	-0.613022	-0.55222	-0.428862	-0.256278	-0.0548302	0.138016	0.305448	0.441518	0.534711	0.582959	0.597894	0.58618	0.557543	0.491307	0.366443	0.186745	-0.0318484	-0.272818	-0.508078	-0.705167	-0.841239	-0.891292	-0.850996	-0.738057	-0.574671	-0.37549	-0.178918	-0.0268164	0.0737409	0.111359	0.094683	0.0628159	0.0343372	0.0352932	0.0746563	0.138567	0.22453	0.318418	0.40672	0.4623	0.4623	
0.148028	0.224255	0.241886	0.192429	0.0764362	-0.0987787	-0.287944	-0.465251	-0.601803	-0.664048	-0.646811	-0.556869	-0.396164	-0.187236	0.0188855	0.197747	0.346656	0.44647	0.493229	0.503498	0.474832	0.421766	0.334881	0.181187	-0.0318484	-0.281106	-0.539223	-0.775885	-0.970238	-1.0915	-1.10988	-1.03396	-0.894785	-0.708478	-0.490539	-0.278536	-0.0944989	0.0504513	0.13354	0.167783	0.183393	0.190635	0.229037	0.307522	0.402887	0.520982	0.643274	0.747694	0.813381	0.813381	
0.319866	0.370651	0.361809	0.295317	0.163786	-0.0228914	-0.228604	-0.431752	-0.597593	-0.693683	-0.722477	-0.669926	-0.528386	-0.324909	-0.112725	0.0760191	0.229616	0.333461	0.381531	0.379566	0.331058	0.258085	0.149391	-0.0320236	-0.272818	-0.539223	-0.797799	-1.02821	-1.20617	-1.29419	-1.27614	-1.17232	-1.00134	-0.791076	-0.565914	-0.33673	-0.127587	0.0462028	0.171232	0.250858	0.301974	0.345296	0.415629	0.520582	0.647686	0.792715	0.934236	1.05021	1.12413	1.12413	
0.480511	0.506781	0.473244	0.383972	0.242162	0.0564929	-0.160595	-0.37374	-0.556464	-0.686905	-0.754819	-0.740578	-0.631082	-0.447845	-0.23969	-0.0506181	0.10285	0.206202	0.250674	0.234737	0.174942	0.0864908	-0.0465626	-0.250131	-0.508078	-0.775885	-1.02821	-1.24135	-1.38134	-1.42686	-1.36976	-1.23028	-1.03451	-0.809405	-0.57296	-0.338755	-0.121949	0.0676978	0.219929	0.332925	0.407028	0.474693	0.563295	0.684082	0.835933	0.996282	1.15105	1.27624	1.34897	1.34897	
0.620015	0.628026	0.578736	0.476632	0.330964	0.150053	-0.0656301	-0.282354	-0.475889	-0.635041	-0.736399	-0.75855	-0.69142	-0.541839	-0.3512	-0.172525	-0.0289089	0.0678503	0.10562	0.0833032	0.0193227	-0.0828337	-0.233803	-0.446027	-0.705167	-0.970238	-1.20617	-1.38134	-1.47272	-1.47223	-1.37288	-1.19641	-0.978441	-0.746118	-0.511772	-0.285498	-0.0768422	0.109279	0.267738	0.390111	0.472363	0.551891	0.649031	0.779837	0.943679	1.11026	1.27006	1.39545	1.46562	1.46562	
0.717154	0.71855	0.663501	0.561502	0.423643	0.253369	0.0508955	-0.15793	-0.36175	-0.538667	-0.669363	-0.725601	-0.701427	-0.59251	-0.430867	-0.273659	-0.147527	-0.0625758	-0.0325914	-0.0602522	-0.125176	-0.230152	-0.384524	-0.592279	-0.841239	-1.0915	-1.29419	-1.42686	-1.47223	-1.41833	-1.27742	-1.08002	-0.852877	-0.623447	-0.400942	-0.197863	-0.017901	0.148411	0.287352	0.399851	0.485359	0.566141	0.664222	0.796075	0.963491	1.13288	1.28918	1.40924	1.4741	1.4741	
0.760544	0.756942	0.707144	0.616688	0.495687	0.346371	0.17032	-0.0241501	-0.227427	-0.416282	-0.56852	-0.653816	-0.66515	-0.596481	-0.46803	-0.334792	-0.224484	-0.151431	-0.13452	-0.163546	-0.224628	-0.322673	-0.47021	-0.665705	-0.891292	-1.10988	-1.27614	-1.36976	-1.37288	-1.27742	-1.11182	-0.91136	-0.694408	-0.485421	-0.290783	-0.123177	0.0213963	0.155255	0.269098	0.366323	0.442394	0.517999	0.614554	0.747525	0.908726	1.07101	1.22161	1.32953	1.38738	1.38738	
0.747464	0.742593	0.708765	0.642876	0.54594	0.427716	0.281971	0.105281	-0.0891467	-0.28544	-0.452574	-0.558363	-0.598136	-0.561245	-0.462231	-0.346583	-0.243802	-0.181004	-0.170742	-0.193734	-0.247937	-0.34339	-0.48034	-0.657311	-0.850996	-1.03396	-1.17232	-1.23028	-1.19641	-1.08002	-0.91136	-0.720746	-0.530978	-0.354387	-0.201971	-0.073662	0.0350116	0.12131	0.201932	0.277403	0.345363	0.419178	0.514389	0.641039	0.790455	0.947329	1.08298	1.17794	1.22875	1.22875	
0.69834	0.693974	0.676261	0.632665	0.566761	0.481027	0.366716	0.215884	0.0353486	-0.158879	-0.334324	-0.45917	-0.515739	-0.503429	-0.428463	-0.316197	-0.216835	-0.151626	-0.127783	-0.144121	-0.19156	-0.280798	-0.411648	-0.566341	-0.738057	-0.894785	-1.00134	-1.03451	-0.978441	-0.852877	-0.694408	-0.530978	-0.383111	-0.249523	-0.141288	-0.0600884	0.0030193	0.0523134	0.102313	0.153956	0.215156	0.285016	0.380439	0.4975	0.631691	0.776643	0.889518	0.971547	1.01034	1.01034	
0.625719	0.618218	0.609388	0.587717	0.555227	0.498261	0.415728	0.293803	0.136289	-0.0482157	-0.221088	-0.356621	-0.424445	-0.429599	-0.370132	-0.261828	-0.156134	-0.0748934	-0.0322563	-0.0312547	-0.070266	-0.149159	-0.273988	-0.418566	-0.574671	-0.708478	-0.791076	-0.809405	-0.746118	-0.623447	-0.485421	-0.354387	-0.249523	-0.173109	-0.113742	-0.0785321	-0.0618556	-0.0490466	-0.0268562	0.0060579	0.062112	0.134662	0.225662	0.336766	0.458694	0.580171	0.673079	0.737771	0.761082	0.761082	
0.541918	0.525846	0.524947	0.52406	0.518689	0.490763	0.434915	0.341795	0.212995	0.0513168	-0.113132	-0.242623	-0.321189	-0.339182	-0.289051	-0.192829	-0.0818386	0.0149378	0.0742305	0.100512	0.0770058	0.00647613	-0.106675	-0.244884	-0.37549	-0.490539	-0.565914	-0.57296	-0.511772	-0.400942	-0.290783	-0.201971	-0.141288	-0.113742	-0.10735	-0.121636	-0.148562	-0.17618	-0.186941	-0.169604	-0.114403	-0.0328132	0.0635458	0.17126	0.287098	0.395578	0.475764	0.529156	0.542781	0.542781	
0.452909	0.422773	0.423091	0.440885	0.461381	0.462198	0.43304	0.37354	0.274422	0.143982	0.00181457	-0.121892	-0.203049	-0.230535	-0.193936	-0.112787	-0.00933966	0.0945605	0.170347	0.212697	0.205237	0.14551	0.0470719	-0.0682762	-0.178918	-0.278536	-0.33673	-0.338755	-0.285498	-0.197863	-0.123177	-0.073662	-0.0600884	-0.0785321	-0.121636	-0.18824	-0.258504	-0.320541	-0.353933	-0.343413	-0.288999	-0.199581	-0.0907126	0.0261426	0.147263	0.256651	0.334923	0.379653	0.39261	0.39261	
0.360948	0.316769	0.315774	0.347859	0.392514	0.422096	0.417656	0.392125	0.327484	0.228695	0.118452	0.00424439	-0.08065	-0.114419	-0.0989404	-0.0430074	0.0472859	0.144091	0.224279	0.272999	0.276378	0.229731	0.150779	0.0609631	-0.0268164	-0.0944989	-0.127587	-0.121949	-0.0768422	-0.017901	0.0213963	0.0350116	0.0030193	-0.0618556	-0.148562	-0.258504	-0.365731	-0.455632	-0.505766	-0.498203	-0.435066	-0.332384	-0.204855	-0.0707017	0.0614962	0.18478	0.269452	0.310989	0.324943	0.324943	
0.281723	0.214181	0.204714	0.244754	0.306363	0.357845	0.385077	0.387528	0.356002	0.296961	0.214082	0.113996	0.0300745	-0.0168206	-0.0280107	0.000625181	0.0638062	0.139714	0.211164	0.255846	0.268254	0.236094	0.177123	0.120528	0.0737409	0.0504513	0.0462028	0.0676978	0.109279	0.148411	0.155255	0.12131	0.0523134	-0.0490466	-0.17618	-0.320541	-0.455632	-0.561277	-0.612398	-0.594361	-0.513243	-0.389941	-0.24613	-0.0938363	0.0535688	0.184135	0.275551	0.320877	0.334817	0.334817	
0.211522	0.115279	0.0900278	0.130326	0.199099	0.269989	0.328167	0.356967	0.36171	0.340926	0.28481	0.201784	0.118301	0.0532266	0.0109134	0.00616181	0.0320553	0.0790883	0.130083	0.167036	0.179186	0.161494	0.130377	0.111875	0.111359	0.13354	0.171232	0.219929	0.267738	0.287352	0.269098	0.201932	0.102313	-0.0268562	-0.186941	-0.353933	-0.505766	-0.612398	-0.646234	-0.605909	-0.503017	-0.354999	-0.196785	-0.0324623	0.130236	0.261951	0.353589	0.397227	0.406582	0.406582	
0.145567	0.0252032	-0.0153019	0.0146298	0.0809632	0.166876	0.248603	0.305195	0.349102	0.365116	0.333704	0.27192	0.183884	0.0951321	0.0165371	-0.0299401	-0.0412441	-0.0280395	-0.00157113	0.0244497	0.0352774	0.0353722	0.0349404	0.0469633	0.094683	0.167783	0.250858	0.332925	0.390111	0.399851	0.366323	0.277403	0.153956	0.0060579	-0.169604	-0.343413	-0.498203	-0.594361	-0.605909	-0.535474	-0.407199	-0.241286	-0.0613011	0.113383	0.279699	0.41478	0.502278	0.538032	0.545156	0.545156	
0.0734347	-0.0636839	-0.117471	-0.0965269	-0.0274308	0.0697179	0.172218	0.257873	0.331061	0.376279	0.37024	0.324945	0.241064	0.129043	0.0151174	-0.0719476	-0.124913	-0.153402	-0.155173	-0.147211	-0.131867	-0.11013	-0.0816807	-0.0326279	0.0628159	0.183393	0.301974	0.407028	0.472363	0.485359	0.442394	0.345363	0.215156	0.062112	-0.114403	-0.288999	-0.435066	-0.513243	-0.503017	-0.407199	-0.248268	-0.0650366	0.125872	0.3138	0.484448	0.622278	0.711979	0.750038	0.762035	0.762035	
-0.0150423	-0.158658	-0.214549	-0.196435	-0.122785	-0.011971	0.110572	0.228494	0.332236	0.400855	0.420925	0.385494	0.303324	0.16791	0.0187646	-0.105052	-0.199701	-0.262471	-0.289164	-0.296674	-0.278956	-0.239762	-0.186245	-0.0991277	0.0343372	0.190635	0.345296	0.474693	0.551891	0.566141	0.517999	0.419178	0.285016	0.134662	-0.0328132	-0.199581	-0.332384	-0.389941	-0.354999	-0.241286	-0.0650366	0.136059	0.341309	0.54416	0.725429	0.871051	0.968439	1.01221	1.02735	1.02735	
-0.117865	-0.258925	-0.310876	-0.282206	-0.196177	-0.0672084	0.0810327	0.230719	0.359284	0.448705	0.487664	0.461668	0.378828	0.227358	0.0486389	-0.111506	-0.24359	-0.339139	-0.392987	-0.415951	-0.39517	-0.338942	-0.257267	-0.13205	0.0352932	0.229037	0.415629	0.563295	0.649031	0.664222	0.614554	0.514389	0.380439	0.225662	0.0635458	-0.0907126	-0.204855	-0.24613	-0.196785	-0.0613011	0.125872	0.341309	0.562467	0.779884	0.972754	1.12552	1.23567	1.28645	1.31318	1.31318	
-0.218092	-0.348226	-0.392349	-0.346809	-0.243404	-0.0883009	0.0878827	0.268506	0.422341	0.526907	0.579897	0.563105	0.472081	0.31145	0.10888	-0.089657	-0.25433	-0.384764	-0.467797	-0.501703	-0.479542	-0.408671	-0.294422	-0.131589	0.0746563	0.307522	0.520582	0.684082	0.779837	0.796075	0.747525	0.641039	0.4975	0.336766	0.17126	0.0261426	-0.0707017	-0.0938363	-0.0324623	0.113383	0.3138	0.54416	0.779884	1.00367	1.19902	1.35289	1.4687	1.53427	1.5704	1.5704	
-0.29306	-0.40662	-0.436406	-0.37779	-0.253179	-0.0771837	0.131353	0.341804	0.520098	0.645276	0.707959	0.692374	0.589392	0.413215	0.185633	-0.0480283	-0.249196	-0.408839	-0.513585	-0.554974	-0.533762	-0.452866	-0.308111	-0.106922	0.138567	0.402887	0.647686	0.835933	0.943679	0.963491	0.908726	0.790455	0.631691	0.458694	0.287098	0.147263	0.0614962	0.0535688	0.130236	0.279699	0.484448	0.725429	0.972754	1.19902	1.39496	1.54433	1.65217	1.72635	1.76213	1.76213	
-0.333714	-0.431202	-0.445207	-0.375584	-0.227003	-0.0291531	0.209516	0.44594	0.642837	0.786749	0.85632	0.838698	0.727168	0.535198	0.285616	0.0166815	-0.227133	-0.418764	-0.547817	-0.598613	-0.576493	-0.480189	-0.301467	-0.0592374	0.22453	0.520982	0.792715	0.996282	1.11026	1.13288	1.07101	0.947329	0.776643	0.580171	0.395578	0.256651	0.18478	0.184135	0.261951	0.41478	0.622278	0.871051	1.12552	1.35289	1.54433	1.68457	1.78956	1.87421	1.91488	1.91488	
-0.354409	-0.434993	-0.434884	-0.356933	-0.195718	0.0300016	0.29096	0.552254	0.776178	0.937468	1.01536	0.997624	0.870356	0.661448	0.38891	0.0855161	-0.196533	-0.417838	-0.562794	-0.618811	-0.595139	-0.483906	-0.276834	-0.000188234	0.318418	0.643274	0.934236	1.15105	1.27006	1.28918	1.22161	1.08298	0.889518	0.673079	0.475764	0.334923	0.269452	0.275551	0.353589	0.502278	0.711979	0.968439	1.23567	1.4687	1.65217	1.78956	1.89783	1.99066	2.04053	2.04053	
-0.371958	-0.434041	-0.425184	-0.338062	-0.162524	0.0828474	0.364499	0.645662	0.889165	1.0675	1.15408	1.13471	0.999559	0.775597	0.484458	0.154393	-0.162444	-0.410527	-0.565429	-0.627497	-0.601493	-0.477167	-0.247133	0.0620706	0.40672	0.747694	1.05021	1.27624	1.39545	1.40924	1.32953	1.17794	0.971547	0.737771	0.529156	0.379653	0.310989	0.320877	0.397227	0.538032	0.750038	1.01221	1.28645	1.53427	1.72635	1.87421	1.99066	2.08656	2.1487	2.1487	
-0.383137	-0.436281	-0.422819	-0.332901	-0.149093	0.108657	0.402839	0.69619	0.95389	1.14174	1.23617	1.21369	1.07816	0.841893	0.542256	0.19704	-0.140884	-0.401143	-0.563628	-0.62801	-0.600544	-0.464507	-0.223168	0.103229	0.4623	0.813381	1.12413	1.34897	1.46562	1.4741	1.38738	1.22875	1.01034	0.761082	0.542781	0.39261	0.324943	0.334817	0.406582	0.545156	0.762035	1.02735	1.31318	1.5704	1.76213	1.91488	2.04053	2.1487	2.21633	2.21633	
-0.383137	-0.436281	-0.422819	-0.332901	-0.149093	0.108657	0.402839	0.69619	0.95389	1.14174	1.23617	1.21369	1.07816	0.841893	0.542256	0.19704	-0.140884	-0.401143	-0.563628	-0.62801	-0.600544	-0.464507	-0.223168	0.103229	0.4623	0.813381	1.12413	1.34897	1.46562	1.4741	1.38738	1.22875	1.01034	0.761082	0.542781	0.39261	0.324943	0.334817	0.406582	0.545156	0.762035	1.02735	1.31318	1.5704	1.76213	1.91488	2.04053	2.1487	2.21633	2.21633	
