2.61035e-15	1.37697e-16	6.50728e-18	2.76745e-19	1.06354e-20	3.70725e-22	1.17617e-23	3.40704e-25	9.03697e-27	2.20066e-28	4.93196e-30	1.01949e-31	1.94775e-33	3.44568e-35	5.65395e-37	8.61877e-39	1.2223e-40	1.61479e-42	1.98967e-44	2.28897e-46	2.46107e-48	2.47521e-50	2.3305e-52	2.0556e-54	1.69962e-56	1.318e-58	9.59026e-61	6.5502e-63	4.20064e-65	2.52992e-67	1.43116e-69	7.60478e-72	3.79568e-74	1.77931e-76	7.83237e-79	3.23662e-81	1.25513e-83	4.56541e-86	1.55676e-88	4.97297e-91	1.48703e-93	4.15842e-96	1.08638e-98	2.64819e-101	6.01484e-104	1.27092e-106	2.49372e-109	4.5344e-112	7.63473e-115	7.63473e-115	
1.37697e-16	6.89865e-18	3.10185e-19	1.25709e-20	4.61018e-22	1.53547e-23	4.65984e-25	1.29248e-26	3.2855e-28	7.67378e-30	1.65066e-31	3.27698e-33	6.01599e-35	1.02315e-36	1.61465e-38	2.36802e-40	3.23185e-42	4.10981e-44	4.8752e-46	5.4002e-48	5.59086e-50	5.41453e-52	4.90885e-54	4.16886e-56	3.31833e-58	2.47684e-60	1.73431e-62	1.13958e-64	7.02843e-67	4.06945e-69	2.21213e-71	1.12898e-73	5.40909e-76	2.43249e-78	1.02648e-80	4.06329e-83	1.5081e-85	5.24533e-88	1.7085e-90	5.20733e-93	1.48381e-95	3.94865e-98	9.80162e-101	2.26635e-103	4.87363e-106	9.72956e-109	1.79954e-111	3.07644e-114	4.85538e-117	4.85538e-117	
6.50728e-18	3.10185e-19	1.32903e-20	5.13981e-22	1.80096e-23	5.73748e-25	1.66716e-26	4.43142e-28	1.08038e-29	2.42184e-31	5.0029e-33	9.54336e-35	1.68423e-36	2.75471e-38	4.18222e-40	5.90235e-42	7.75356e-44	9.49197e-46	1.08408e-47	1.15623e-49	1.15262e-51	1.0748e-53	9.38144e-56	7.66964e-58	5.87583e-60	4.22027e-62	2.84276e-64	1.79634e-66	1.06503e-68	5.92528e-71	3.09342e-73	1.51539e-75	6.96468e-78	3.00237e-80	1.21358e-82	4.59753e-85	1.63155e-87	5.42022e-90	1.68437e-92	4.89182e-95	1.32637e-97	3.35354e-100	7.89563e-103	1.72837e-105	3.51138e-108	6.60736e-111	1.14889e-113	1.8411e-116	2.7145e-119	2.7145e-119	
2.76745e-19	1.25709e-20	5.13981e-22	1.89916e-23	6.36507e-25	1.94148e-26	5.40618e-28	1.37815e-29	3.2246e-31	6.94155e-33	1.37778e-34	2.52644e-36	4.28781e-38	6.74655e-40	9.85617e-42	1.33881e-43	1.69302e-45	1.99542e-47	2.19425e-49	2.25332e-51	2.16274e-53	1.94156e-55	1.63134e-57	1.28358e-59	9.46216e-62	6.53753e-64	4.23471e-66	2.57225e-68	1.46534e-70	7.82923e-73	3.92319e-75	1.8435e-77	8.12148e-80	3.35334e-82	1.29715e-84	4.69841e-87	1.5925e-89	5.04721e-92	1.49445e-94	4.12975e-97	1.06381e-99	2.551e-102	5.68578e-105	1.1758e-107	2.25142e-110	3.98256e-113	6.49083e-116	9.71748e-119	1.33336e-121	1.33336e-121	
1.06354e-20	4.61018e-22	1.80096e-23	6.36507e-25	2.04247e-26	5.97008e-28	1.5943e-29	3.90042e-31	8.76378e-33	1.81262e-34	3.45834e-36	6.09831e-38	9.95624e-40	1.50738e-41	2.11947e-43	2.77134e-45	3.37392e-47	3.8286e-49	4.05352e-51	4.00769e-53	3.70312e-55	3.19999e-57	2.58761e-59	1.959e-61	1.38912e-63	9.22903e-66	5.74635e-68	3.35363e-70	1.83467e-72	9.40834e-75	4.52204e-77	2.03675e-79	8.59392e-82	3.39568e-84	1.25581e-86	4.34427e-89	1.4047e-91	4.24176e-94	1.19499e-96	3.13713e-99	7.66411e-102	1.73974e-104	3.66299e-107	7.13904e-110	1.28499e-112	2.13045e-115	3.2437e-118	4.51955e-121	5.7462e-124	5.7462e-124	
3.70725e-22	1.53547e-23	5.73748e-25	1.94148e-26	5.97008e-28	1.67353e-29	4.28897e-31	1.0076e-32	2.17519e-34	4.32455e-36	7.93424e-38	1.34585e-39	2.11423e-41	3.08068e-43	4.16959e-45	5.24865e-47	6.15196e-49	6.72118e-51	6.85096e-53	6.52067e-55	5.79945e-57	4.82296e-59	3.75239e-61	2.73255e-63	1.86317e-65	1.18982e-67	7.11768e-70	3.98901e-72	2.09444e-74	1.03017e-76	4.74586e-79	2.04723e-81	8.26605e-84	3.1225e-86	1.10285e-88	3.63942e-91	1.12118e-93	3.22115e-96	8.62061e-99	2.14624e-101	4.96325e-104	1.06425e-106	2.11173e-109	3.86866e-112	6.5263e-115	1.01077e-117	1.4322e-120	1.84916e-123	2.16758e-126	2.16758e-126	
1.17617e-23	4.65984e-25	1.66716e-26	5.40618e-28	1.5943e-29	4.28897e-31	1.05552e-32	2.38245e-34	4.94375e-36	9.45143e-38	1.66803e-39	2.72244e-41	4.11598e-43	5.77299e-45	7.52193e-47	9.1158e-49	1.02868e-50	1.08197e-52	1.06167e-54	9.72617e-57	8.32474e-59	6.66088e-61	4.9847e-63	3.49034e-65	2.28746e-67	1.40344e-69	8.06199e-72	4.33628e-74	2.18371e-76	1.02946e-78	4.54203e-81	1.87484e-83	7.23692e-86	2.61074e-88	8.79605e-91	2.76544e-93	8.10524e-96	2.21206e-98	5.61414e-101	1.32303e-103	2.88999e-106	5.83987e-109	1.08918e-111	1.87005e-114	2.94686e-117	4.24727e-120	5.5765e-123	6.63856e-126	7.13284e-129	7.13284e-129	
3.40704e-25	1.29248e-26	4.43142e-28	1.37815e-29	3.90042e-31	1.0076e-32	2.38245e-34	5.169e-36	1.03141e-37	1.89676e-39	3.22089e-41	5.05923e-43	7.36251e-45	9.94098e-47	1.24699e-48	1.45492e-50	1.58059e-52	1.60035e-54	1.51145e-56	1.33251e-58	1.0973e-60	8.44483e-63	6.07657e-65	4.08959e-67	2.57493e-69	1.51701e-71	8.36324e-74	4.31434e-76	2.08235e-78	9.40141e-81	3.96908e-83	1.56621e-85	5.77342e-88	1.98674e-90	6.377e-93	1.9074e-95	5.31039e-98	1.37437e-100	3.3016e-103	7.34913e-106	1.5128e-108	2.87328e-111	5.02221e-114	8.0544e-117	1.18111e-119	1.57735e-122	1.90945e-125	2.0837e-128	2.03813e-131	2.03813e-131	
9.03697e-27	3.2855e-28	1.08038e-29	3.2246e-31	8.76378e-33	2.17519e-34	4.94375e-36	1.03141e-37	1.97968e-39	3.50292e-41	5.7246e-43	8.65517e-45	1.21252e-46	1.57613e-48	1.9034e-50	2.13794e-52	2.23579e-54	2.17883e-56	1.98025e-58	1.67965e-60	1.33036e-62	9.84434e-65	6.8083e-67	4.40203e-69	2.66142e-71	1.50475e-73	7.95626e-76	3.93371e-78	1.81827e-80	7.85496e-83	3.17013e-85	1.1946e-87	4.20044e-90	1.37703e-92	4.20492e-95	1.19469e-97	3.15412e-100	7.72644e-103	1.75314e-105	3.67736e-108	7.11476e-111	1.26638e-113	2.06755e-116	3.08558e-119	4.19247e-122	5.16206e-125	5.72803e-128	5.69072e-131	5.0259e-134	5.0259e-134	
2.20066e-28	7.67378e-30	2.42184e-31	6.94155e-33	1.81262e-34	4.32455e-36	9.45143e-38	1.89676e-39	3.50292e-41	5.96506e-43	9.38318e-45	1.36568e-46	1.84187e-48	2.30495e-50	2.6797e-52	2.89736e-54	2.91628e-56	2.73487e-58	2.39136e-60	1.9509e-62	1.4857e-64	1.05664e-66	7.02047e-69	4.35861e-71	2.5289e-73	1.3713e-75	6.94902e-78	3.29024e-80	1.4552e-82	6.00947e-85	2.31604e-87	8.32481e-90	2.78856e-92	8.69679e-95	2.52254e-97	6.7962e-100	1.69825e-102	3.92927e-105	8.40132e-108	1.65629e-110	3.00304e-113	4.99264e-116	7.58497e-119	1.04882e-121	1.31383e-124	1.48281e-127	1.49793e-130	1.3438e-133	1.061e-136	1.061e-136	
4.93196e-30	1.65066e-31	5.0029e-33	1.37778e-34	3.45834e-36	7.93424e-38	1.66803e-39	3.22089e-41	5.7246e-43	9.38318e-45	1.42087e-46	1.99089e-48	2.58497e-50	3.11417e-52	3.48508e-54	3.62674e-56	3.5128e-58	3.16934e-60	2.66542e-62	2.09072e-64	1.53027e-66	1.04555e-68	6.67029e-71	3.97415e-73	2.21143e-75	1.14925e-77	5.5771e-80	2.52665e-82	1.06822e-84	4.21257e-87	1.54858e-89	5.30258e-92	1.68972e-94	5.00557e-97	1.37675e-99	3.51067e-102	8.28566e-105	1.80646e-107	3.63015e-110	6.70665e-113	1.13576e-115	1.75704e-118	2.47321e-121	3.15286e-124	3.62017e-127	3.71956e-130	3.3929e-133	2.7213e-136	1.89732e-139	1.89732e-139	
1.01949e-31	3.27698e-33	9.54336e-35	2.52644e-36	6.09831e-38	1.34585e-39	2.72244e-41	5.05923e-43	8.65517e-45	1.36568e-46	1.99089e-48	2.68558e-50	3.35682e-52	3.89278e-54	4.19292e-56	4.19882e-58	3.91264e-60	3.39523e-62	2.74539e-64	2.06968e-66	1.4553e-68	9.54744e-71	5.84522e-73	3.33995e-75	1.78116e-77	8.86431e-80	4.11591e-82	1.78246e-84	7.19618e-87	2.7068e-89	9.47901e-92	3.0877e-94	9.34581e-97	2.62525e-99	6.83397e-102	1.64589e-104	3.66037e-107	7.50033e-110	1.41242e-112	2.43721e-115	3.84054e-118	5.50473e-121	7.14345e-124	8.34696e-127	8.72492e-130	8.09447e-133	6.60121e-136	4.67568e-139	2.83401e-142	2.83401e-142	
1.94775e-33	6.01599e-35	1.68423e-36	4.28781e-38	9.95624e-40	2.11423e-41	4.11598e-43	7.36251e-45	1.21252e-46	1.84187e-48	2.58497e-50	3.35682e-52	4.03889e-54	4.50794e-56	4.6724e-58	4.50148e-60	4.0344e-62	3.366e-64	2.61586e-66	1.89447e-68	1.27906e-70	8.05259e-73	4.72809e-75	2.58914e-77	1.32225e-79	6.29621e-82	2.79456e-84	1.15565e-86	4.45015e-89	1.59458e-91	5.31209e-94	1.64356e-96	4.71713e-99	1.25408e-101	3.08332e-104	6.99724e-107	1.46251e-109	2.80824e-112	4.93925e-115	7.93056e-118	1.15783e-120	1.52994e-123	1.81977e-126	1.93571e-129	1.82697e-132	1.51534e-135	1.09132e-138	6.72044e-142	3.46926e-145	3.46926e-145	
3.44568e-35	1.02315e-36	2.75471e-38	6.74655e-40	1.50738e-41	3.08068e-43	5.77299e-45	9.94098e-47	1.57613e-48	2.30495e-50	3.11417e-52	3.89278e-54	4.50794e-56	4.84172e-58	4.82797e-60	4.47362e-62	3.85492e-64	3.09112e-66	2.30774e-68	1.60477e-70	1.03974e-72	6.2777e-75	3.53247e-77	1.85243e-79	9.05148e-82	4.11996e-84	1.74616e-86	6.88746e-89	2.5265e-91	8.61191e-94	2.72497e-96	7.99444e-99	2.17156e-101	5.45262e-104	1.2632e-106	2.69417e-109	5.27682e-112	9.46339e-115	1.54875e-117	2.30389e-120	3.10088e-123	3.75559e-126	4.06648e-129	3.90566e-132	3.29556e-135	2.41384e-138	1.51137e-141	7.92737e-145	3.38892e-148	3.38892e-148	
5.65395e-37	1.61465e-38	4.18222e-40	9.85617e-42	2.11947e-43	4.16959e-45	7.52193e-47	1.24699e-48	1.9034e-50	2.6797e-52	3.48508e-54	4.19292e-56	4.6724e-58	4.82797e-60	4.63029e-62	4.12511e-64	3.4163e-66	2.63163e-68	1.88646e-70	1.25886e-72	7.82202e-75	4.52608e-77	2.43887e-79	1.22368e-81	5.71549e-84	2.48417e-86	1.00422e-88	3.77324e-91	1.31668e-93	4.26284e-96	1.27898e-98	3.55122e-101	9.1105e-104	2.1555e-106	4.69305e-109	9.37949e-112	1.71578e-114	2.86311e-117	4.34116e-120	5.95337e-123	7.34421e-126	8.09717e-129	7.91627e-132	6.79728e-135	5.06487e-138	3.22523e-141	1.72001e-144	7.47162e-148	2.53954e-151	2.53954e-151	
8.61877e-39	2.36802e-40	5.90235e-42	1.33881e-43	2.77134e-45	5.24865e-47	9.1158e-49	1.45492e-50	2.13794e-52	2.89736e-54	3.62674e-56	4.19882e-58	4.50148e-60	4.47362e-62	4.12511e-64	3.53204e-66	2.81006e-68	2.07842e-70	1.42975e-72	9.14997e-75	5.4486e-77	3.01908e-79	1.55653e-81	7.46517e-84	3.32948e-86	1.38026e-88	5.31514e-91	1.89977e-93	6.29656e-96	1.93296e-98	5.48874e-101	1.43934e-103	3.47933e-106	7.73639e-109	1.57838e-111	2.94624e-114	5.01475e-117	7.75276e-120	1.08367e-122	1.3621e-125	1.52961e-128	1.52269e-131	1.33087e-134	1.00912e-137	6.53709e-141	3.54553e-144	1.56593e-147	5.40875e-151	1.37044e-154	1.37044e-154	
1.2223e-40	3.23185e-42	7.75356e-44	1.69302e-45	3.37392e-47	6.15196e-49	1.02868e-50	1.58059e-52	2.23579e-54	2.91628e-56	3.5128e-58	3.91264e-60	4.0344e-62	3.85492e-64	3.4163e-66	2.81006e-68	2.14661e-70	1.52361e-72	1.00515e-74	6.1647e-77	3.5153e-79	1.86366e-81	9.18439e-84	4.20614e-86	1.78926e-88	7.06578e-91	2.58831e-93	8.78692e-96	2.76144e-98	8.02301e-101	2.1516e-103	5.3164e-106	1.20777e-108	2.51646e-111	4.79505e-114	8.32808e-117	1.31326e-119	1.87167e-122	2.39784e-125	2.7436e-128	2.78184e-131	2.47568e-134	1.91076e-137	1.25956e-140	6.94964e-144	3.12159e-147	1.09623e-150	2.82282e-154	4.73978e-158	4.73978e-158	
1.61479e-42	4.10981e-44	9.49197e-46	1.99542e-47	3.8286e-49	6.72118e-51	1.08197e-52	1.60035e-54	2.17883e-56	2.73487e-58	3.16934e-60	3.39523e-62	3.366e-64	3.09112e-66	2.63163e-68	2.07842e-70	1.52361e-72	1.03711e-74	6.55695e-77	3.85096e-79	2.10103e-81	1.06472e-83	5.01036e-86	2.18854e-88	8.86841e-91	3.33143e-93	1.1591e-95	3.73109e-98	1.10972e-100	3.045e-103	7.6944e-106	1.78675e-108	3.80356e-111	7.40155e-114	1.31226e-116	2.11152e-119	3.0695e-122	4.00954e-125	4.67595e-128	4.83065e-131	4.3787e-134	3.44108e-137	2.30892e-140	1.29634e-143	5.92345e-147	2.11554e-150	5.53861e-154	9.45203e-158	7.88889e-162	7.88889e-162	
1.98967e-44	4.8752e-46	1.08408e-47	2.19425e-49	4.05352e-51	6.85096e-53	1.06167e-54	1.51145e-56	1.98025e-58	2.39136e-60	2.66542e-62	2.74539e-64	2.61586e-66	2.30774e-68	1.88646e-70	1.42975e-72	1.00515e-74	6.55695e-77	3.96975e-79	2.2307e-81	1.16334e-83	5.62934e-86	2.52662e-88	1.0513e-90	4.05243e-93	1.44588e-95	4.76995e-98	1.45314e-100	4.08185e-103	1.05534e-105	2.50616e-108	5.45326e-111	1.08419e-113	1.96305e-116	3.22439e-119	4.78285e-122	6.37247e-125	7.5773e-128	7.97855e-131	7.3686e-134	5.89807e-137	4.02956e-140	2.30285e-143	1.07075e-146	3.8902e-150	1.03578e-153	1.79717e-157	1.52462e-161	0	0	
2.28897e-46	5.4002e-48	1.15623e-49	2.25332e-51	4.00769e-53	6.52067e-55	9.72617e-57	1.33251e-58	1.67965e-60	1.9509e-62	2.09072e-64	2.06968e-66	1.89447e-68	1.60477e-70	1.25886e-72	9.14997e-75	6.1647e-77	3.85096e-79	2.2307e-81	1.19818e-83	5.96666e-86	2.75381e-88	1.17738e-90	4.66014e-93	1.70615e-95	5.772e-98	1.80212e-100	5.18499e-103	1.37232e-105	3.33441e-108	7.41983e-111	1.50787e-113	2.78935e-116	4.67893e-119	7.08476e-122	9.63185e-125	1.16818e-127	1.25414e-130	1.18054e-133	9.62771e-137	6.69951e-140	3.89837e-143	1.84501e-146	6.821e-150	1.84748e-153	3.25997e-157	2.81178e-161	0	0	0	
2.46107e-48	5.59086e-50	1.15262e-51	2.16274e-53	3.70312e-55	5.79945e-57	8.32474e-59	1.0973e-60	1.33036e-62	1.4857e-64	1.53027e-66	1.4553e-68	1.27906e-70	1.03974e-72	7.82202e-75	5.4486e-77	3.5153e-79	2.10103e-81	1.16334e-83	5.96666e-86	2.83394e-88	1.24593e-90	5.06725e-93	1.90495e-95	6.61293e-98	2.11728e-100	6.24315e-103	1.69249e-105	4.20979e-108	9.58473e-111	1.99193e-113	3.76644e-116	6.4549e-119	9.98142e-122	1.38521e-124	1.71426e-127	1.87718e-130	1.80162e-133	1.49753e-136	1.06173e-139	6.29252e-143	3.03228e-146	1.14107e-149	3.14487e-153	5.6451e-157	4.95164e-161	0	0	0	0	
2.47521e-50	5.41453e-52	1.0748e-53	1.94156e-55	3.19999e-57	4.82296e-59	6.66088e-61	8.44483e-63	9.84434e-65	1.05664e-66	1.04555e-68	9.54744e-71	8.05259e-73	6.2777e-75	4.52608e-77	3.01908e-79	1.86366e-81	1.06472e-83	5.62934e-86	2.75381e-88	1.24593e-90	5.21064e-93	2.01279e-95	7.17465e-98	2.35714e-100	7.1275e-103	1.98025e-105	5.04507e-108	1.17587e-110	2.50032e-113	4.83479e-116	8.46936e-119	1.33804e-121	1.89632e-124	2.39558e-127	2.67669e-130	2.62028e-133	2.22067e-136	1.60468e-139	9.6898e-143	4.75586e-146	1.82221e-149	5.11188e-153	9.33701e-157	8.33138e-161	0	0	0	0	0	
2.3305e-52	4.90885e-54	9.38144e-56	1.63134e-57	2.58761e-59	3.75239e-61	4.9847e-63	6.07657e-65	6.8083e-67	7.02047e-69	6.67029e-71	5.84522e-73	4.72809e-75	3.53247e-77	2.43887e-79	1.55653e-81	9.18439e-84	5.01036e-86	2.52662e-88	1.17738e-90	5.06725e-93	2.01279e-95	7.3722e-98	2.48699e-100	7.7166e-103	2.19854e-105	5.7404e-108	1.37039e-110	2.983e-113	5.90168e-116	1.05724e-118	1.70727e-121	2.47207e-124	3.18918e-127	3.6375e-130	3.63337e-133	3.14077e-136	2.314e-139	1.42415e-142	7.12168e-146	2.77919e-149	7.93828e-153	1.47585e-156	1.34001e-160	0	0	0	0	0	0	
2.0556e-54	4.16886e-56	7.66964e-58	1.28358e-59	1.959e-61	2.73255e-63	3.49034e-65	4.08959e-67	4.40203e-69	4.35861e-71	3.97415e-73	3.33995e-75	2.58914e-77	1.85243e-79	1.22368e-81	7.46517e-84	4.20614e-86	2.18854e-88	1.0513e-90	4.66014e-93	1.90495e-95	7.17465e-98	2.48699e-100	7.92349e-103	2.31646e-105	6.20237e-108	1.51747e-110	3.38329e-113	6.85224e-116	1.25595e-118	2.07407e-121	3.06969e-124	4.04598e-127	4.71268e-130	4.80518e-133	4.2383e-136	3.18498e-139	1.99857e-142	1.01862e-145	4.05004e-149	1.17824e-152	2.23035e-156	2.06123e-160	0	0	0	0	0	0	0	
1.69962e-56	3.31833e-58	5.87583e-60	9.46216e-62	1.38912e-63	1.86317e-65	2.28746e-67	2.57493e-69	2.66142e-71	2.5289e-73	2.21143e-75	1.78116e-77	1.32225e-79	9.05148e-82	5.71549e-84	3.32948e-86	1.78926e-88	8.86841e-91	4.05243e-93	1.70615e-95	6.61293e-98	2.35714e-100	7.7166e-103	2.31646e-105	6.36441e-108	1.59678e-110	3.64858e-113	7.5688e-116	1.42015e-118	2.39954e-121	3.63179e-124	4.89286e-127	5.82261e-130	6.06286e-133	5.45875e-136	4.18566e-139	2.67894e-142	1.39212e-145	5.64139e-149	1.67213e-152	3.22385e-156	3.03355e-160	0	0	0	0	0	0	0	0	
1.318e-58	2.47684e-60	4.22027e-62	6.53753e-64	9.22903e-66	1.18982e-67	1.40344e-69	1.51701e-71	1.50475e-73	1.3713e-75	1.14925e-77	8.86431e-80	6.29621e-82	4.11996e-84	2.48417e-86	1.38026e-88	7.06578e-91	3.33143e-93	1.44588e-95	5.772e-98	2.11728e-100	7.1275e-103	2.19854e-105	6.20237e-108	1.59678e-110	3.74152e-113	7.95447e-116	1.52872e-118	2.64418e-121	4.09471e-124	5.64139e-127	6.86203e-130	7.3e-133	6.71207e-136	5.25363e-139	3.43094e-142	1.81849e-145	7.51349e-149	2.2698e-152	4.45864e-156	4.27309e-160	0	0	0	0	0	0	0	0	0	
9.59026e-61	1.73431e-62	2.84276e-64	4.23471e-66	5.74635e-68	7.11768e-70	8.06199e-72	8.36324e-74	7.95626e-76	6.94902e-78	5.5771e-80	4.11591e-82	2.79456e-84	1.74616e-86	1.00422e-88	5.31514e-91	2.58831e-93	1.1591e-95	4.76995e-98	1.80212e-100	6.24315e-103	1.98025e-105	5.7404e-108	1.51747e-110	3.64858e-113	7.95447e-116	1.56671e-118	2.77562e-121	4.40009e-124	6.20246e-127	7.71527e-130	8.38942e-133	7.88089e-136	6.29935e-139	4.19934e-142	2.27108e-145	9.57078e-149	2.9479e-152	5.90185e-156	5.76284e-160	0	0	0	0	0	0	0	0	0	0	
6.5502e-63	1.13958e-64	1.79634e-66	2.57225e-68	3.35363e-70	3.98901e-72	4.33628e-74	4.31434e-76	3.93371e-78	3.29024e-80	2.52665e-82	1.78246e-84	1.15565e-86	6.88746e-89	3.77324e-91	1.89977e-93	8.78692e-96	3.73109e-98	1.45314e-100	5.18499e-103	1.69249e-105	5.04507e-108	1.37039e-110	3.38329e-113	7.5688e-116	1.52872e-118	2.77562e-121	4.50682e-124	6.50342e-127	8.27691e-130	9.20385e-133	8.83737e-136	7.21693e-139	4.91309e-142	2.7123e-145	1.16629e-148	3.66399e-152	7.47907e-156	7.44314e-160	0	0	0	0	0	0	0	0	0	0	0	
4.20064e-65	7.02843e-67	1.06503e-68	1.46534e-70	1.83467e-72	2.09444e-74	2.18371e-76	2.08235e-78	1.81827e-80	1.4552e-82	1.06822e-84	7.19618e-87	4.45015e-89	2.5265e-91	1.31668e-93	6.29656e-96	2.76144e-98	1.10972e-100	4.08185e-103	1.37232e-105	4.20979e-108	1.17587e-110	2.983e-113	6.85224e-116	1.42015e-118	2.64418e-121	4.40009e-124	6.50342e-127	8.47299e-130	9.64001e-133	9.46567e-136	7.90116e-139	5.49543e-142	3.09814e-145	1.35988e-148	4.35914e-152	9.07563e-156	9.20879e-160	0	0	0	0	0	0	0	0	0	0	0	0	
2.52992e-67	4.06945e-69	5.92528e-71	7.82923e-73	9.40834e-75	1.03017e-76	1.02946e-78	9.40141e-81	7.85496e-83	6.00947e-85	4.21257e-87	2.7068e-89	1.59458e-91	8.61191e-94	4.26284e-96	1.93296e-98	8.02301e-101	3.045e-103	1.05534e-105	3.33441e-108	9.58473e-111	2.50032e-113	5.90168e-116	1.25595e-118	2.39954e-121	4.09471e-124	6.20246e-127	8.27691e-130	9.64001e-133	9.6848e-136	8.26703e-139	5.8772e-142	3.38515e-145	1.51737e-148	4.96506e-152	1.05476e-155	1.09159e-159	0	0	0	0	0	0	0	0	0	0	0	0	0	
1.43116e-69	2.21213e-71	3.09342e-73	3.92319e-75	4.52204e-77	4.74586e-79	4.54203e-81	3.96908e-83	3.17013e-85	2.31604e-87	1.54858e-89	9.47901e-92	5.31209e-94	2.72497e-96	1.27898e-98	5.48874e-101	2.1516e-103	7.6944e-106	2.50616e-108	7.41983e-111	1.99193e-113	4.83479e-116	1.05724e-118	2.07407e-121	3.63179e-124	5.64139e-127	7.71527e-130	9.20385e-133	9.46567e-136	8.26703e-139	6.01022e-142	3.5384e-145	1.62043e-148	5.41474e-152	1.17418e-155	1.23993e-159	0	0	0	0	0	0	0	0	0	0	0	0	0	0	
7.60478e-72	1.12898e-73	1.51539e-75	1.8435e-77	2.03675e-79	2.04723e-81	1.87484e-83	1.56621e-85	1.1946e-87	8.32481e-90	5.30258e-92	3.0877e-94	1.64356e-96	7.99444e-99	3.55122e-101	1.43934e-103	5.3164e-106	1.78675e-108	5.45326e-111	1.50787e-113	3.76644e-116	8.46936e-119	1.70727e-121	3.06969e-124	4.89286e-127	6.86203e-130	8.38942e-133	8.83737e-136	7.90116e-139	5.8772e-142	3.5384e-145	1.6563e-148	5.65451e-152	1.25218e-155	1.34976e-159	0	0	0	0	0	0	0	0	0	0	0	0	0	0	0	
3.79568e-74	5.40909e-76	6.96468e-78	8.12148e-80	8.59392e-82	8.26605e-84	7.23692e-86	5.77342e-88	4.20044e-90	2.78856e-92	1.68972e-94	9.34581e-97	4.71713e-99	2.17156e-101	9.1105e-104	3.47933e-106	1.20777e-108	3.80356e-111	1.08419e-113	2.78935e-116	6.4549e-119	1.33804e-121	2.47207e-124	4.04598e-127	5.82261e-130	7.3e-133	7.88089e-136	7.21693e-139	5.49543e-142	3.38515e-145	1.62043e-148	5.65451e-152	1.27931e-155	1.40825e-159	0	0	0	0	0	0	0	0	0	0	0	0	0	0	0	0	
1.77931e-76	2.43249e-78	3.00237e-80	3.35334e-82	3.39568e-84	3.1225e-86	2.61074e-88	1.98674e-90	1.37703e-92	8.69679e-95	5.00557e-97	2.62525e-99	1.25408e-101	5.45262e-104	2.1555e-106	7.73639e-109	2.51646e-111	7.40155e-114	1.96305e-116	4.67893e-119	9.98142e-122	1.89632e-124	3.18918e-127	4.71268e-130	6.06286e-133	6.71207e-136	6.29935e-139	4.91309e-142	3.09814e-145	1.51737e-148	5.41474e-152	1.25218e-155	1.40825e-159	0	0	0	0	0	0	0	0	0	0	0	0	0	0	0	0	0	
7.83237e-79	1.02648e-80	1.21358e-82	1.29715e-84	1.25581e-86	1.10285e-88	8.79605e-91	6.377e-93	4.20492e-95	2.52254e-97	1.37675e-99	6.83397e-102	3.08332e-104	1.2632e-106	4.69305e-109	1.57838e-111	4.79505e-114	1.31226e-116	3.22439e-119	7.08476e-122	1.38521e-124	2.39558e-127	3.6375e-130	4.80518e-133	5.45875e-136	5.25363e-139	4.19934e-142	2.7123e-145	1.35988e-148	4.96506e-152	1.17418e-155	1.34976e-159	0	0	0	0	0	0	0	0	0	0	0	0	0	0	0	0	0	0	
3.23662e-81	4.06329e-83	4.59753e-85	4.69841e-87	4.34427e-89	3.63942e-91	2.76544e-93	1.9074e-95	1.19469e-97	6.7962e-100	3.51067e-102	1.64589e-104	6.99724e-107	2.69417e-109	9.37949e-112	2.94624e-114	8.32808e-117	2.11152e-119	4.78285e-122	9.63185e-125	1.71426e-127	2.67669e-130	3.63337e-133	4.2383e-136	4.18566e-139	3.43094e-142	2.27108e-145	1.16629e-148	4.35914e-152	1.05476e-155	1.23993e-159	0	0	0	0	0	0	0	0	0	0	0	0	0	0	0	0	0	0	0	
1.25513e-83	1.5081e-85	1.63155e-87	1.5925e-89	1.4047e-91	1.12118e-93	8.10524e-96	5.31039e-98	3.15412e-100	1.69825e-102	8.28566e-105	3.66037e-107	1.46251e-109	5.27682e-112	1.71578e-114	5.01475e-117	1.31326e-119	3.0695e-122	6.37247e-125	1.16818e-127	1.87718e-130	2.62028e-133	3.14077e-136	3.18498e-139	2.67894e-142	1.81849e-145	9.57078e-149	3.66399e-152	9.07563e-156	1.09159e-159	0	0	0	0	0	0	0	0	0	0	0	0	0	0	0	0	0	0	0	0	
4.56541e-86	5.24533e-88	5.42022e-90	5.04721e-92	4.24176e-94	3.22115e-96	2.21206e-98	1.37437e-100	7.72644e-103	3.92927e-105	1.80646e-107	7.50033e-110	2.80824e-112	9.46339e-115	2.86311e-117	7.75276e-120	1.87167e-122	4.00954e-125	7.5773e-128	1.25414e-130	1.80162e-133	2.22067e-136	2.314e-139	1.99857e-142	1.39212e-145	7.51349e-149	2.9479e-152	7.47907e-156	9.20879e-160	0	0	0	0	0	0	0	0	0	0	0	0	0	0	0	0	0	0	0	0	0	
1.55676e-88	1.7085e-90	1.68437e-92	1.49445e-94	1.19499e-96	8.62061e-99	5.61414e-101	3.3016e-103	1.75314e-105	8.40132e-108	3.63015e-110	1.41242e-112	4.93925e-115	1.54875e-117	4.34116e-120	1.08367e-122	2.39784e-125	4.67595e-128	7.97855e-131	1.18054e-133	1.49753e-136	1.60468e-139	1.42415e-142	1.01862e-145	5.64139e-149	2.2698e-152	5.90185e-156	7.44314e-160	0	0	0	0	0	0	0	0	0	0	0	0	0	0	0	0	0	0	0	0	0	0	
4.97297e-91	5.20733e-93	4.89182e-95	4.12975e-97	3.13713e-99	2.14624e-101	1.32303e-103	7.34913e-106	3.67736e-108	1.65629e-110	6.70665e-113	2.43721e-115	7.93056e-118	2.30389e-120	5.95337e-123	1.3621e-125	2.7436e-128	4.83065e-131	7.3686e-134	9.62771e-137	1.06173e-139	9.6898e-143	7.12168e-146	4.05004e-149	1.67213e-152	4.45864e-156	5.76284e-160	0	0	0	0	0	0	0	0	0	0	0	0	0	0	0	0	0	0	0	0	0	0	0	
1.48703e-93	1.48381e-95	1.32637e-97	1.06381e-99	7.66411e-102	4.96325e-104	2.88999e-106	1.5128e-108	7.11476e-111	3.00304e-113	1.13576e-115	3.84054e-118	1.15783e-120	3.10088e-123	7.34421e-126	1.52961e-128	2.78184e-131	4.3787e-134	5.89807e-137	6.69951e-140	6.29252e-143	4.75586e-146	2.77919e-149	1.17824e-152	3.22385e-156	4.27309e-160	0	0	0	0	0	0	0	0	0	0	0	0	0	0	0	0	0	0	0	0	0	0	0	0	
4.15842e-96	3.94865e-98	3.35354e-100	2.551e-102	1.73974e-104	1.06425e-106	5.83987e-109	2.87328e-111	1.26638e-113	4.99264e-116	1.75704e-118	5.50473e-121	1.52994e-123	3.75559e-126	8.09717e-129	1.52269e-131	2.47568e-134	3.44108e-137	4.02956e-140	3.89837e-143	3.03228e-146	1.82221e-149	7.93828e-153	2.23035e-156	3.03355e-160	0	0	0	0	0	0	0	0	0	0	0	0	0	0	0	0	0	0	0	0	0	0	0	0	0	
1.08638e-98	9.80162e-101	7.89563e-103	5.68578e-105	3.66299e-107	2.11173e-109	1.08918e-111	5.02221e-114	2.06755e-116	7.58497e-119	2.47321e-121	7.14345e-124	1.81977e-126	4.06648e-129	7.91627e-132	1.33087e-134	1.91076e-137	2.30892e-140	2.30285e-143	1.84501e-146	1.14107e-149	5.11188e-153	1.47585e-156	2.06123e-160	0	0	0	0	0	0	0	0	0	0	0	0	0	0	0	0	0	0	0	0	0	0	0	0	0	0	
2.64819e-101	2.26635e-103	1.72837e-105	1.1758e-107	7.13904e-110	3.86866e-112	1.87005e-114	8.0544e-117	3.08558e-119	1.04882e-121	3.15286e-124	8.34696e-127	1.93571e-129	3.90566e-132	6.79728e-135	1.00912e-137	1.25956e-140	1.29634e-143	1.07075e-146	6.821e-150	3.14487e-153	9.33701e-157	1.34001e-160	0	0	0	0	0	0	0	0	0	0	0	0	0	0	0	0	0	0	0	0	0	0	0	0	0	0	0	
6.01484e-104	4.87363e-106	3.51138e-108	2.25142e-110	1.28499e-112	6.5263e-115	2.94686e-117	1.18111e-119	4.19247e-122	1.31383e-124	3.62017e-127	8.72492e-130	1.82697e-132	3.29556e-135	5.06487e-138	6.53709e-141	6.94964e-144	5.92345e-147	3.8902e-150	1.84748e-153	5.6451e-157	8.33138e-161	0	0	0	0	0	0	0	0	0	0	0	0	0	0	0	0	0	0	0	0	0	0	0	0	0	0	0	0	
1.27092e-106	9.72956e-109	6.60736e-111	3.98256e-113	2.13045e-115	1.01077e-117	4.24727e-120	1.57735e-122	5.16206e-125	1.48281e-127	3.71956e-130	8.09447e-133	1.51534e-135	2.41384e-138	3.22523e-141	3.54553e-144	3.12159e-147	2.11554e-150	1.03578e-153	3.25997e-157	4.95164e-161	0	0	0	0	0	0	0	0	0	0	0	0	0	0	0	0	0	0	0	0	0	0	0	0	0	0	0	0	0	
2.49372e-109	1.79954e-111	1.14889e-113	6.49083e-116	3.2437e-118	1.4322e-120	5.5765e-123	1.90945e-125	5.72803e-128	1.49793e-130	3.3929e-133	6.60121e-136	1.09132e-138	1.51137e-141	1.72001e-144	1.56593e-147	1.09623e-150	5.53861e-154	1.79717e-157	2.81178e-161	0	0	0	0	0	0	0	0	0	0	0	0	0	0	0	0	0	0	0	0	0	0	0	0	0	0	0	0	0	0	
4.5344e-112	3.07644e-114	1.8411e-116	9.71748e-119	4.51955e-121	1.84916e-123	6.63856e-126	2.0837e-128	5.69072e-131	1.3438e-133	2.7213e-136	4.67568e-139	6.72044e-142	7.92737e-145	7.47162e-148	5.40875e-151	2.82282e-154	9.45203e-158	1.52462e-161	0	0	0	0	0	0	0	0	0	0	0	0	0	0	0	0	0	0	0	0	0	0	0	0	0	0	0	0	0	0	0	
7.63473e-115	4.85538e-117	2.7145e-119	1.33336e-121	5.7462e-124	2.16758e-126	7.13284e-129	2.03813e-131	5.0259e-134	1.061e-136	1.89732e-139	2.83401e-142	3.46926e-145	3.38892e-148	2.53954e-151	1.37044e-154	4.73978e-158	7.88889e-162	0	0	0	0	0	0	0	0	0	0	0	0	0	0	0	0	0	0	0	0	0	0	0	0	0	0	0	0	0	0	0	0	
7.63473e-115	4.85538e-117	2.7145e-119	1.33336e-121	5.7462e-124	2.16758e-126	7.13284e-129	2.03813e-131	5.0259e-134	1.061e-136	1.89732e-139	2.83401e-142	3.46926e-145	3.38892e-148	2.53954e-151	1.37044e-154	4.73978e-158	7.88889e-162	0	0	0	0	0	0	0	0	0	0	0	0	0	0	0	0	0	0	0	0	0	0	0	0	0	0	0	0	0	0	0	0	
