-1.34112	-1.34112	-1.40235	-1.51924	-1.64307	-1.71233	-1.68529	-1.548	-1.28932	-0.911218	-0.469899	-0.00315862	0.481327	0.944485	1.3293	1.60157	1.77104	1.83704	1.77793	1.57608	1.25557	0.88244	0.528627	0.245547	0.0485281	-0.0732564	-0.139273	-0.172861	-0.187148	-0.193475	-0.196185	-0.197291	-0.199611	-0.200676	-0.204436	-0.206817	-0.21163	-0.215935	-0.221087	-0.226309	-0.231678	-0.234865	-0.239458	-0.239839	-0.240571	-0.241471	-0.242248	-0.247488	-0.259526	-0.280786	
-1.34112	-1.34112	-1.40235	-1.51924	-1.64307	-1.71233	-1.68529	-1.548	-1.28932	-0.911218	-0.469899	-0.00315862	0.481327	0.944485	1.3293	1.60157	1.77104	1.83704	1.77793	1.57608	1.25557	0.88244	0.528627	0.245547	0.0485281	-0.0732564	-0.139273	-0.172861	-0.187148	-0.193475	-0.196185	-0.197291	-0.199611	-0.200676	-0.204436	-0.206817	-0.21163	-0.215935	-0.221087	-0.226309	-0.231678	-0.234865	-0.239458	-0.239839	-0.240571	-0.241471	-0.242248	-0.247488	-0.259526	-0.280786	
-1.40235	-1.40235	-1.46625	-1.54539	-1.61522	-1.64154	-1.58895	-1.4458	-1.19906	-0.863696	-0.46125	-0.0110904	0.450488	0.893669	1.2725	1.55677	1.73608	1.80197	1.7415	1.54839	1.24915	0.895427	0.55566	0.274007	0.0708005	-0.0587883	-0.134172	-0.172781	-0.19148	-0.199739	-0.202725	-0.204697	-0.204655	-0.206107	-0.205555	-0.207258	-0.206845	-0.208378	-0.209042	-0.210532	-0.212721	-0.2167	-0.220321	-0.228757	-0.236737	-0.247383	-0.260239	-0.275152	-0.28708	-0.301169	
-1.51924	-1.51924	-1.54539	-1.5679	-1.56868	-1.53	-1.43689	-1.27211	-1.04316	-0.766333	-0.415062	-0.00711692	0.411866	0.813416	1.17014	1.46038	1.642	1.70239	1.64055	1.47078	1.21235	0.905306	0.595672	0.324467	0.116593	-0.0248866	-0.112832	-0.159753	-0.185472	-0.195676	-0.201069	-0.202802	-0.202691	-0.203658	-0.201845	-0.202701	-0.200972	-0.201183	-0.200835	-0.20206	-0.203471	-0.20986	-0.215642	-0.228832	-0.244208	-0.263097	-0.283203	-0.301558	-0.314921	-0.315487	
-1.64307	-1.64307	-1.61522	-1.56868	-1.4893	-1.38606	-1.25981	-1.08703	-0.885859	-0.640757	-0.32236	0.0373287	0.401575	0.73768	1.05098	1.31428	1.47653	1.52213	1.46265	1.32675	1.12783	0.888546	0.624727	0.37766	0.170375	0.0181202	-0.0807613	-0.139216	-0.170077	-0.184794	-0.19207	-0.194917	-0.197376	-0.198667	-0.201622	-0.203341	-0.208115	-0.211311	-0.217338	-0.223403	-0.230329	-0.238078	-0.247524	-0.254872	-0.265461	-0.273982	-0.284421	-0.289585	-0.299796	-0.302821	
-1.71233	-1.71233	-1.64154	-1.53	-1.38606	-1.23375	-1.08238	-0.919234	-0.729919	-0.488808	-0.210255	0.0885785	0.381009	0.651573	0.913418	1.13006	1.26981	1.30489	1.26091	1.16554	1.03681	0.863994	0.654919	0.432413	0.22636	0.0612736	-0.0526727	-0.126834	-0.164449	-0.187378	-0.195456	-0.201471	-0.204877	-0.207004	-0.212684	-0.215181	-0.223214	-0.228546	-0.237779	-0.245701	-0.2564	-0.263233	-0.273586	-0.276678	-0.280738	-0.278141	-0.276033	-0.27294	-0.272385	-0.283888	
-1.68529	-1.68529	-1.58895	-1.43689	-1.25981	-1.08238	-0.92072	-0.760603	-0.56442	-0.344535	-0.131165	0.0911013	0.316928	0.543691	0.753267	0.929957	1.04952	1.08873	1.07331	1.02628	0.959623	0.846927	0.689132	0.486669	0.28159	0.100791	-0.0349288	-0.125188	-0.177831	-0.206766	-0.22028	-0.227286	-0.231037	-0.233481	-0.236218	-0.239392	-0.242033	-0.246696	-0.249907	-0.254311	-0.258672	-0.262053	-0.265441	-0.268516	-0.269149	-0.27197	-0.269561	-0.275416	-0.28127	-0.300575	
-1.548	-1.548	-1.4458	-1.27211	-1.08703	-0.919234	-0.760603	-0.599592	-0.425137	-0.260896	-0.116285	0.0392192	0.219543	0.405026	0.566513	0.705922	0.806404	0.867657	0.893033	0.900671	0.887207	0.83602	0.721494	0.547897	0.345969	0.15359	-0.00357258	-0.110771	-0.181334	-0.216669	-0.238175	-0.246086	-0.250925	-0.254001	-0.2539	-0.25731	-0.255561	-0.258037	-0.255863	-0.25605	-0.253043	-0.252272	-0.248665	-0.250632	-0.250367	-0.260628	-0.273772	-0.293854	-0.32547	-0.366209	
-1.28932	-1.28932	-1.19906	-1.04316	-0.885859	-0.729919	-0.56442	-0.425137	-0.319161	-0.238018	-0.160662	-0.0594097	0.0682611	0.202268	0.320552	0.425947	0.528874	0.630651	0.715423	0.783915	0.82996	0.835173	0.767738	0.629001	0.43716	0.23804	0.0640779	-0.0644291	-0.149503	-0.197906	-0.224496	-0.236501	-0.242093	-0.24452	-0.244881	-0.24537	-0.24478	-0.244273	-0.243649	-0.242533	-0.242569	-0.243061	-0.245405	-0.252873	-0.264073	-0.282531	-0.315637	-0.35571	-0.407638	-0.472516	
-0.911218	-0.911218	-0.863696	-0.766333	-0.640757	-0.488808	-0.344535	-0.260896	-0.238018	-0.237259	-0.21662	-0.185448	-0.141464	-0.0762769	-0.00506574	0.0842223	0.208454	0.36677	0.522374	0.659352	0.765586	0.82337	0.807111	0.705394	0.533581	0.33474	0.147931	0.00113199	-0.0997764	-0.161159	-0.194569	-0.21109	-0.218332	-0.221395	-0.222322	-0.223183	-0.224459	-0.22597	-0.231147	-0.23585	-0.246343	-0.260087	-0.276765	-0.302071	-0.332502	-0.366548	-0.410778	-0.462471	-0.515625	-0.578544	
-0.469899	-0.469899	-0.46125	-0.415062	-0.32236	-0.210255	-0.131165	-0.116285	-0.160662	-0.21662	-0.267928	-0.340035	-0.391325	-0.398141	-0.361431	-0.277715	-0.124845	0.0849828	0.299261	0.496865	0.651679	0.757861	0.787965	0.729188	0.584393	0.396523	0.202888	0.0436269	-0.0727739	-0.146352	-0.187583	-0.211322	-0.220733	-0.229265	-0.232511	-0.238138	-0.245163	-0.251938	-0.26482	-0.279541	-0.29711	-0.325227	-0.353643	-0.389804	-0.436662	-0.481359	-0.531999	-0.587428	-0.635962	-0.672148	
-0.00315862	-0.00315862	-0.0110904	-0.00711692	0.0373287	0.0885785	0.0911013	0.0392192	-0.0594097	-0.185448	-0.340035	-0.507708	-0.634227	-0.699902	-0.69587	-0.615371	-0.439815	-0.208898	0.0494197	0.289954	0.485253	0.629523	0.706059	0.685845	0.578287	0.403418	0.213468	0.0416334	-0.0857616	-0.173404	-0.22281	-0.253456	-0.269544	-0.280458	-0.293021	-0.301185	-0.318215	-0.332685	-0.352011	-0.377956	-0.401636	-0.433277	-0.4712	-0.503672	-0.549928	-0.596221	-0.636355	-0.683826	-0.731806	-0.753953	
0.481327	0.481327	0.450488	0.411866	0.401575	0.381009	0.316928	0.219543	0.0682611	-0.141464	-0.391325	-0.634227	-0.832218	-0.963008	-0.990009	-0.905778	-0.730139	-0.488232	-0.196608	0.0716103	0.29803	0.475777	0.585966	0.602559	0.530283	0.37025	0.186622	0.00434427	-0.136477	-0.235362	-0.298554	-0.331906	-0.357886	-0.368802	-0.387181	-0.399687	-0.418045	-0.441434	-0.462628	-0.493818	-0.525814	-0.555802	-0.597511	-0.631023	-0.662842	-0.701741	-0.727524	-0.739357	-0.759272	-0.763583	
0.944485	0.944485	0.893669	0.813416	0.73768	0.651573	0.543691	0.405026	0.202268	-0.0762769	-0.398141	-0.699902	-0.963008	-1.14	-1.18227	-1.10956	-0.950413	-0.707864	-0.41308	-0.137857	0.109495	0.305325	0.43524	0.487689	0.438498	0.300655	0.120255	-0.0691275	-0.222948	-0.335464	-0.410038	-0.450748	-0.481302	-0.496534	-0.514338	-0.530552	-0.547065	-0.569145	-0.591637	-0.613141	-0.645674	-0.665776	-0.69581	-0.722128	-0.737678	-0.750175	-0.761067	-0.744381	-0.716926	-0.68808	
1.3293	1.3293	1.2725	1.17014	1.05098	0.913418	0.753267	0.566513	0.320552	-0.00506574	-0.361431	-0.69587	-0.990009	-1.18227	-1.24608	-1.20128	-1.07165	-0.8492	-0.579793	-0.305725	-0.0519672	0.147589	0.29454	0.370684	0.340737	0.227599	0.0472707	-0.144047	-0.31149	-0.438878	-0.521458	-0.574296	-0.603432	-0.625921	-0.638272	-0.656049	-0.668474	-0.683518	-0.702473	-0.711183	-0.729611	-0.738068	-0.74027	-0.746474	-0.73827	-0.720391	-0.699071	-0.666102	-0.606211	-0.544418	
1.60157	1.60157	1.55677	1.46038	1.31428	1.13006	0.929957	0.705922	0.425947	0.0842223	-0.277715	-0.615371	-0.905778	-1.10956	-1.20128	-1.19259	-1.09058	-0.899961	-0.659835	-0.388803	-0.142056	0.0607745	0.217204	0.30522	0.294114	0.198243	0.0182052	-0.174157	-0.35841	-0.498566	-0.591589	-0.655162	-0.681923	-0.708371	-0.712779	-0.725803	-0.72972	-0.734163	-0.738958	-0.73976	-0.733568	-0.732728	-0.712028	-0.692944	-0.66315	-0.620449	-0.567312	-0.510314	-0.434579	-0.35029	
1.77104	1.77104	1.73608	1.642	1.47653	1.26981	1.04952	0.806404	0.528874	0.208454	-0.124845	-0.439815	-0.730139	-0.950413	-1.07165	-1.09058	-1.01545	-0.863401	-0.644431	-0.389345	-0.149613	0.0525734	0.213423	0.30552	0.315842	0.226122	0.0576095	-0.143169	-0.337225	-0.490735	-0.597166	-0.664033	-0.698212	-0.71646	-0.722201	-0.721658	-0.718207	-0.710381	-0.697734	-0.685217	-0.661477	-0.638284	-0.605067	-0.565255	-0.516113	-0.457305	-0.384674	-0.302632	-0.202429	-0.10101	
1.83704	1.83704	1.80197	1.70239	1.52213	1.30489	1.08873	0.867657	0.630651	0.36677	0.0849828	-0.208898	-0.488232	-0.707864	-0.8492	-0.899961	-0.863401	-0.743138	-0.555543	-0.319285	-0.0871652	0.115048	0.275935	0.379441	0.40255	0.328383	0.168516	-0.0338471	-0.23678	-0.401884	-0.520423	-0.593088	-0.631298	-0.648181	-0.648945	-0.643524	-0.629675	-0.61227	-0.588642	-0.560003	-0.52234	-0.482316	-0.426599	-0.369005	-0.30133	-0.222283	-0.136326	-0.0493557	0.057224	0.174277	
1.77793	1.77793	1.7415	1.64055	1.46265	1.26091	1.07331	0.893033	0.715423	0.522374	0.299261	0.0494197	-0.196608	-0.41308	-0.579793	-0.659835	-0.644431	-0.555543	-0.392733	-0.169221	0.0562467	0.257272	0.422467	0.530503	0.567254	0.505744	0.354994	0.152476	-0.0572097	-0.234465	-0.36186	-0.443067	-0.482816	-0.49858	-0.495898	-0.481096	-0.461017	-0.431488	-0.395957	-0.358497	-0.30499	-0.254583	-0.190525	-0.116363	-0.0401158	0.0456581	0.145295	0.238261	0.331544	0.434022	
1.57608	1.57608	1.54839	1.47078	1.32675	1.16554	1.02628	0.900671	0.783915	0.659352	0.496865	0.289954	0.0716103	-0.137857	-0.305725	-0.388803	-0.389345	-0.319285	-0.169221	0.0416161	0.261001	0.466132	0.632445	0.746791	0.797706	0.747223	0.609717	0.408697	0.194099	0.00945053	-0.130493	-0.214459	-0.262039	-0.273221	-0.270405	-0.249252	-0.220932	-0.186416	-0.139292	-0.0937071	-0.0343413	0.027874	0.0937315	0.168413	0.245334	0.322797	0.40613	0.492128	0.571887	0.657512	
1.25557	1.25557	1.24915	1.21235	1.12783	1.03681	0.959623	0.887207	0.82996	0.765586	0.651679	0.485253	0.29803	0.109495	-0.0519672	-0.142056	-0.149613	-0.0871652	0.0562467	0.261001	0.487271	0.701694	0.876363	1.00593	1.07082	1.03829	0.91568	0.720004	0.505033	0.313004	0.164508	0.0740193	0.0210325	0.00840948	0.0104936	0.0329044	0.0613726	0.0988776	0.14287	0.191983	0.245444	0.306908	0.36677	0.436143	0.502397	0.57101	0.639473	0.703795	0.761436	0.823513	
0.88244	0.88244	0.895427	0.905306	0.888546	0.863994	0.846927	0.83602	0.835173	0.82337	0.757861	0.629523	0.475777	0.305325	0.147589	0.0607745	0.0525734	0.115048	0.257272	0.466132	0.701694	0.928334	1.11753	1.26235	1.3435	1.33159	1.22407	1.03818	0.824936	0.627054	0.472872	0.373386	0.316722	0.29826	0.299243	0.317911	0.344778	0.378412	0.418413	0.460841	0.507563	0.557864	0.607058	0.661432	0.714725	0.764458	0.81739	0.865963	0.898361	0.935442	
0.528627	0.528627	0.55566	0.595672	0.624727	0.654919	0.689132	0.721494	0.767738	0.807111	0.787965	0.706059	0.585966	0.43524	0.29454	0.217204	0.213423	0.275935	0.422467	0.632445	0.876363	1.11753	1.32074	1.48083	1.58176	1.58765	1.49925	1.32386	1.11419	0.914004	0.752645	0.647351	0.582763	0.560374	0.55475	0.569753	0.590709	0.618295	0.651948	0.687014	0.723002	0.766501	0.800203	0.841384	0.877338	0.907741	0.933367	0.961378	0.969802	0.972334	
0.245547	0.245547	0.274007	0.324467	0.37766	0.432413	0.486669	0.547897	0.629001	0.705394	0.729188	0.685845	0.602559	0.487689	0.370684	0.30522	0.30552	0.379441	0.530503	0.746791	1.00593	1.26235	1.48083	1.66161	1.77722	1.80517	1.73321	1.56953	1.36537	1.16272	0.996797	0.884463	0.814126	0.784494	0.77482	0.781444	0.796517	0.816091	0.836864	0.864225	0.883665	0.911808	0.932562	0.952282	0.969278	0.978966	0.978706	0.970875	0.946693	0.918177	
0.0485281	0.0485281	0.0708005	0.116593	0.170375	0.22636	0.28159	0.345969	0.43716	0.533581	0.584393	0.578287	0.530283	0.438498	0.340737	0.294114	0.315842	0.40255	0.567254	0.797706	1.07082	1.3435	1.58176	1.77722	1.91179	1.95824	1.90218	1.75144	1.55245	1.34846	1.18022	1.05917	0.985154	0.947038	0.931374	0.931415	0.936797	0.947526	0.958142	0.969036	0.976346	0.984226	0.981304	0.978476	0.96749	0.946367	0.919308	0.890898	0.838544	0.778539	
-0.0732564	-0.0732564	-0.0587883	-0.0248866	0.0181202	0.0612736	0.100791	0.15359	0.23804	0.33474	0.396523	0.403418	0.37025	0.300655	0.227599	0.198243	0.226122	0.328383	0.505744	0.747223	1.03829	1.33159	1.58765	1.80517	1.95824	2.02439	1.98702	1.84863	1.65666	1.4545	1.28105	1.15695	1.0734	1.02938	1.00451	0.993275	0.988931	0.984507	0.978935	0.975962	0.960227	0.951181	0.929996	0.90304	0.872431	0.832278	0.777261	0.722902	0.657334	0.587853	
-0.139273	-0.139273	-0.134172	-0.112832	-0.0807613	-0.0526727	-0.0349288	-0.00357258	0.0640779	0.147931	0.202888	0.213468	0.186622	0.120255	0.0472707	0.0182052	0.0576095	0.168516	0.354994	0.609717	0.91568	1.22407	1.49925	1.73321	1.90218	1.98702	1.96313	1.83751	1.65195	1.44958	1.27631	1.14375	1.05775	1.00348	0.972081	0.952006	0.934989	0.921292	0.900998	0.882096	0.853495	0.824218	0.785169	0.743304	0.695696	0.642275	0.58494	0.528535	0.46005	0.389618	
-0.172861	-0.172861	-0.172781	-0.159753	-0.139216	-0.126834	-0.125188	-0.110771	-0.0644291	0.00113199	0.0436269	0.0416334	0.00434427	-0.0691275	-0.144047	-0.174157	-0.143169	-0.0338471	0.152476	0.408697	0.720004	1.03818	1.32386	1.56953	1.75144	1.84863	1.83751	1.72129	1.54078	1.34085	1.16424	1.02982	0.936905	0.878207	0.839928	0.811403	0.78869	0.763625	0.736313	0.708793	0.670793	0.636253	0.593274	0.54549	0.497715	0.445112	0.384785	0.333699	0.276727	0.221063	
-0.187148	-0.187148	-0.19148	-0.185472	-0.170077	-0.164449	-0.177831	-0.181334	-0.149503	-0.0997764	-0.0727739	-0.0857616	-0.136477	-0.222948	-0.31149	-0.35841	-0.337225	-0.23678	-0.0572097	0.194099	0.505033	0.824936	1.11419	1.36537	1.55245	1.65666	1.65195	1.54078	1.36352	1.16339	0.986314	0.848489	0.753742	0.691487	0.650047	0.619758	0.591977	0.566895	0.535153	0.507034	0.468314	0.433912	0.391981	0.350078	0.308078	0.265345	0.219579	0.180574	0.139576	0.0975119	
-0.193475	-0.193475	-0.199739	-0.195676	-0.184794	-0.187378	-0.206766	-0.216669	-0.197906	-0.161159	-0.146352	-0.173404	-0.235362	-0.335464	-0.438878	-0.498566	-0.490735	-0.401884	-0.234465	0.00945053	0.313004	0.627054	0.914004	1.16272	1.34846	1.4545	1.44958	1.34085	1.16339	0.96318	0.785667	0.646371	0.552107	0.488508	0.449226	0.418208	0.3943	0.369978	0.343412	0.31865	0.28719	0.258246	0.226778	0.192996	0.161597	0.130328	0.0974779	0.0737616	0.0443996	0.0171546	
-0.196185	-0.196185	-0.202725	-0.201069	-0.19207	-0.195456	-0.22028	-0.238175	-0.224496	-0.194569	-0.187583	-0.22281	-0.298554	-0.410038	-0.521458	-0.591589	-0.597166	-0.520423	-0.36186	-0.130493	0.164508	0.472872	0.752645	0.996797	1.18022	1.28105	1.27631	1.16424	0.986314	0.785667	0.60663	0.469495	0.373671	0.314135	0.274509	0.248517	0.226845	0.20813	0.186515	0.169807	0.144073	0.127267	0.103603	0.0817451	0.0630097	0.0435686	0.0188979	0.00418483	-0.0101867	-0.0276623	
-0.197291	-0.197291	-0.204697	-0.202802	-0.194917	-0.201471	-0.227286	-0.246086	-0.236501	-0.21109	-0.211322	-0.253456	-0.331906	-0.450748	-0.574296	-0.655162	-0.664033	-0.593088	-0.443067	-0.214459	0.0740193	0.373386	0.647351	0.884463	1.05917	1.15695	1.14375	1.02982	0.848489	0.646371	0.469495	0.331023	0.240811	0.180844	0.147989	0.12451	0.108912	0.0962534	0.0810115	0.0700815	0.0542572	0.0407674	0.0265516	0.0119954	-0.00129825	-0.0128479	-0.0235549	-0.0283187	-0.040832	-0.0529533	
-0.199611	-0.199611	-0.204655	-0.202691	-0.197376	-0.204877	-0.231037	-0.250925	-0.242093	-0.218332	-0.220733	-0.269544	-0.357886	-0.481302	-0.603432	-0.681923	-0.698212	-0.631298	-0.482816	-0.262039	0.0210325	0.316722	0.582763	0.814126	0.985154	1.0734	1.05775	0.936905	0.753742	0.552107	0.373671	0.240811	0.148577	0.0952953	0.0619241	0.0430637	0.0310319	0.0210329	0.0112583	0.00659653	-0.00661787	-0.00892564	-0.0181357	-0.0260996	-0.0300576	-0.0358693	-0.0492294	-0.0523806	-0.0566105	-0.0632399	
-0.200676	-0.200676	-0.206107	-0.203658	-0.198667	-0.207004	-0.233481	-0.254001	-0.24452	-0.221395	-0.229265	-0.280458	-0.368802	-0.496534	-0.625921	-0.708371	-0.71646	-0.648181	-0.49858	-0.273221	0.00840948	0.29826	0.560374	0.784494	0.947038	1.02938	1.00348	0.878207	0.691487	0.488508	0.314135	0.180844	0.0952953	0.0421271	0.0139035	-0.00177017	-0.0116079	-0.0159706	-0.0229778	-0.0254687	-0.0321741	-0.0354828	-0.0422277	-0.0465705	-0.0513201	-0.0558334	-0.0584645	-0.0554826	-0.0617755	-0.0688368	
-0.204436	-0.204436	-0.205555	-0.201845	-0.201622	-0.212684	-0.236218	-0.2539	-0.244881	-0.222322	-0.232511	-0.293021	-0.387181	-0.514338	-0.638272	-0.712779	-0.722201	-0.648945	-0.495898	-0.270405	0.0104936	0.299243	0.55475	0.77482	0.931374	1.00451	0.972081	0.839928	0.650047	0.449226	0.274509	0.147989	0.0619241	0.0139035	-0.0135754	-0.0285025	-0.0347663	-0.0402381	-0.0447036	-0.0439849	-0.0516447	-0.0492782	-0.0528008	-0.0553689	-0.0553261	-0.0561523	-0.0639325	-0.0637138	-0.0683277	-0.0715783	
-0.206817	-0.206817	-0.207258	-0.202701	-0.203341	-0.215181	-0.239392	-0.25731	-0.24537	-0.223183	-0.238138	-0.301185	-0.399687	-0.530552	-0.656049	-0.725803	-0.721658	-0.643524	-0.481096	-0.249252	0.0329044	0.317911	0.569753	0.781444	0.931415	0.993275	0.952006	0.811403	0.619758	0.418208	0.248517	0.12451	0.0430637	-0.00177017	-0.0285025	-0.0389202	-0.0464053	-0.0485359	-0.051317	-0.0514116	-0.0557063	-0.0533628	-0.0589797	-0.0598451	-0.060813	-0.0644385	-0.067234	-0.0627844	-0.067153	-0.0705123	
-0.21163	-0.21163	-0.206845	-0.200972	-0.208115	-0.223214	-0.242033	-0.255561	-0.24478	-0.224459	-0.245163	-0.318215	-0.418045	-0.547065	-0.668474	-0.72972	-0.718207	-0.629675	-0.461017	-0.220932	0.0613726	0.344778	0.590709	0.796517	0.936797	0.988931	0.934989	0.78869	0.591977	0.3943	0.226845	0.108912	0.0310319	-0.0116079	-0.0347663	-0.0464053	-0.0510224	-0.0538773	-0.0563743	-0.0554591	-0.0595769	-0.0578387	-0.0613107	-0.0610009	-0.0621788	-0.0635112	-0.0662986	-0.0634443	-0.0711223	-0.0735562	
-0.215935	-0.215935	-0.208378	-0.201183	-0.211311	-0.228546	-0.246696	-0.258037	-0.244273	-0.22597	-0.251938	-0.332685	-0.441434	-0.569145	-0.683518	-0.734163	-0.710381	-0.61227	-0.431488	-0.186416	0.0988776	0.378412	0.618295	0.816091	0.947526	0.984507	0.921292	0.763625	0.566895	0.369978	0.20813	0.0962534	0.0210329	-0.0159706	-0.0402381	-0.0485359	-0.0538773	-0.0569345	-0.0581032	-0.0578863	-0.0625599	-0.0584234	-0.0628443	-0.0630288	-0.0625196	-0.064207	-0.0675596	-0.0666328	-0.072245	-0.070791	
-0.221087	-0.221087	-0.209042	-0.200835	-0.217338	-0.237779	-0.249907	-0.255863	-0.243649	-0.231147	-0.26482	-0.352011	-0.462628	-0.591637	-0.702473	-0.738958	-0.697734	-0.588642	-0.395957	-0.139292	0.14287	0.418413	0.651948	0.836864	0.958142	0.978935	0.900998	0.736313	0.535153	0.343412	0.186515	0.0810115	0.0112583	-0.0229778	-0.0447036	-0.051317	-0.0563743	-0.0581032	-0.0574465	-0.059472	-0.0595827	-0.0580261	-0.0638135	-0.0613929	-0.0633749	-0.0687766	-0.0698334	-0.0643715	-0.0717713	-0.0719338	
-0.226309	-0.226309	-0.210532	-0.20206	-0.223403	-0.245701	-0.254311	-0.25605	-0.242533	-0.23585	-0.279541	-0.377956	-0.493818	-0.613141	-0.711183	-0.73976	-0.685217	-0.560003	-0.358497	-0.0937071	0.191983	0.460841	0.687014	0.864225	0.969036	0.975962	0.882096	0.708793	0.507034	0.31865	0.169807	0.0700815	0.00659653	-0.0254687	-0.0439849	-0.0514116	-0.0554591	-0.0578863	-0.059472	-0.0605786	-0.0629926	-0.0633802	-0.0654964	-0.0647374	-0.066497	-0.0662074	-0.0637003	-0.0673213	-0.0763291	-0.0725527	
-0.231678	-0.231678	-0.212721	-0.203471	-0.230329	-0.2564	-0.258672	-0.253043	-0.242569	-0.246343	-0.29711	-0.401636	-0.525814	-0.645674	-0.729611	-0.733568	-0.661477	-0.52234	-0.30499	-0.0343413	0.245444	0.507563	0.723002	0.883665	0.976346	0.960227	0.853495	0.670793	0.468314	0.28719	0.144073	0.0542572	-0.00661787	-0.0321741	-0.0516447	-0.0557063	-0.0595769	-0.0625599	-0.0595827	-0.0629926	-0.0617898	-0.0594936	-0.0638549	-0.0620766	-0.063173	-0.068164	-0.0720931	-0.0715038	-0.0747032	-0.0699723	
-0.234865	-0.234865	-0.2167	-0.20986	-0.238078	-0.263233	-0.262053	-0.252272	-0.243061	-0.260087	-0.325227	-0.433277	-0.555802	-0.665776	-0.738068	-0.732728	-0.638284	-0.482316	-0.254583	0.027874	0.306908	0.557864	0.766501	0.911808	0.984226	0.951181	0.824218	0.636253	0.433912	0.258246	0.127267	0.0407674	-0.00892564	-0.0354828	-0.0492782	-0.0533628	-0.0578387	-0.0584234	-0.0580261	-0.0633802	-0.0594936	-0.0654685	-0.0672378	-0.0659445	-0.069877	-0.0729668	-0.0655298	-0.0680356	-0.0747494	-0.0725877	
-0.239458	-0.239458	-0.220321	-0.215642	-0.247524	-0.273586	-0.265441	-0.248665	-0.245405	-0.276765	-0.353643	-0.4712	-0.597511	-0.69581	-0.74027	-0.712028	-0.605067	-0.426599	-0.190525	0.0937315	0.36677	0.607058	0.800203	0.932562	0.981304	0.929996	0.785169	0.593274	0.391981	0.226778	0.103603	0.0265516	-0.0181357	-0.0422277	-0.0528008	-0.0589797	-0.0613107	-0.0628443	-0.0638135	-0.0654964	-0.0638549	-0.0672378	-0.0648779	-0.0648568	-0.0677606	-0.0666378	-0.067184	-0.0771149	-0.0782629	-0.0743435	
-0.239839	-0.239839	-0.228757	-0.228832	-0.254872	-0.276678	-0.268516	-0.250632	-0.252873	-0.302071	-0.389804	-0.503672	-0.631023	-0.722128	-0.746474	-0.692944	-0.565255	-0.369005	-0.116363	0.168413	0.436143	0.661432	0.841384	0.952282	0.978476	0.90304	0.743304	0.54549	0.350078	0.192996	0.0817451	0.0119954	-0.0260996	-0.0465705	-0.0553689	-0.0598451	-0.0610009	-0.0630288	-0.0613929	-0.0647374	-0.0620766	-0.0659445	-0.0648568	-0.0680194	-0.0700665	-0.0720237	-0.0734289	-0.0774489	-0.0732059	-0.0725616	
-0.240571	-0.240571	-0.236737	-0.244208	-0.265461	-0.280738	-0.269149	-0.250367	-0.264073	-0.332502	-0.436662	-0.549928	-0.662842	-0.737678	-0.73827	-0.66315	-0.516113	-0.30133	-0.0401158	0.245334	0.502397	0.714725	0.877338	0.969278	0.96749	0.872431	0.695696	0.497715	0.308078	0.161597	0.0630097	-0.00129825	-0.0300576	-0.0513201	-0.0553261	-0.060813	-0.0621788	-0.0625196	-0.0633749	-0.066497	-0.063173	-0.069877	-0.0677606	-0.0700665	-0.071935	-0.0729309	-0.0714412	-0.0754196	-0.0741419	-0.0806667	
-0.241471	-0.241471	-0.247383	-0.263097	-0.273982	-0.278141	-0.27197	-0.260628	-0.282531	-0.366548	-0.481359	-0.596221	-0.701741	-0.750175	-0.720391	-0.620449	-0.457305	-0.222283	0.0456581	0.322797	0.57101	0.764458	0.907741	0.978966	0.946367	0.832278	0.642275	0.445112	0.265345	0.130328	0.0435686	-0.0128479	-0.0358693	-0.0558334	-0.0561523	-0.0644385	-0.0635112	-0.064207	-0.0687766	-0.0662074	-0.068164	-0.0729668	-0.0666378	-0.0720237	-0.0729309	-0.0703098	-0.071775	-0.0811167	-0.0785859	-0.0828795	
-0.242248	-0.242248	-0.260239	-0.283203	-0.284421	-0.276033	-0.269561	-0.273772	-0.315637	-0.410778	-0.531999	-0.636355	-0.727524	-0.761067	-0.699071	-0.567312	-0.384674	-0.136326	0.145295	0.40613	0.639473	0.81739	0.933367	0.978706	0.919308	0.777261	0.58494	0.384785	0.219579	0.0974779	0.0188979	-0.0235549	-0.0492294	-0.0584645	-0.0639325	-0.067234	-0.0662986	-0.0675596	-0.0698334	-0.0637003	-0.0720931	-0.0655298	-0.067184	-0.0734289	-0.0714412	-0.071775	-0.0834906	-0.0837209	-0.0749412	-0.0844607	
-0.247488	-0.247488	-0.275152	-0.301558	-0.289585	-0.27294	-0.275416	-0.293854	-0.35571	-0.462471	-0.587428	-0.683826	-0.739357	-0.744381	-0.666102	-0.510314	-0.302632	-0.0493557	0.238261	0.492128	0.703795	0.865963	0.961378	0.970875	0.890898	0.722902	0.528535	0.333699	0.180574	0.0737616	0.00418483	-0.0283187	-0.0523806	-0.0554826	-0.0637138	-0.0627844	-0.0634443	-0.0666328	-0.0643715	-0.0673213	-0.0715038	-0.0680356	-0.0771149	-0.0774489	-0.0754196	-0.0811167	-0.0837209	-0.071788	-0.0782084	-0.09129	
-0.259526	-0.259526	-0.28708	-0.314921	-0.299796	-0.272385	-0.28127	-0.32547	-0.407638	-0.515625	-0.635962	-0.731806	-0.759272	-0.716926	-0.606211	-0.434579	-0.202429	0.057224	0.331544	0.571887	0.761436	0.898361	0.969802	0.946693	0.838544	0.657334	0.46005	0.276727	0.139576	0.0443996	-0.0101867	-0.040832	-0.0566105	-0.0617755	-0.0683277	-0.067153	-0.0711223	-0.072245	-0.0717713	-0.0763291	-0.0747032	-0.0747494	-0.0782629	-0.0732059	-0.0741419	-0.0785859	-0.0749412	-0.0782084	-0.093522	-0.0946275	
-0.280786	-0.280786	-0.301169	-0.315487	-0.302821	-0.283888	-0.300575	-0.366209	-0.472516	-0.578544	-0.672148	-0.753953	-0.763583	-0.68808	-0.544418	-0.35029	-0.10101	0.174277	0.434022	0.657512	0.823513	0.935442	0.972334	0.918177	0.778539	0.587853	0.389618	0.221063	0.0975119	0.0171546	-0.0276623	-0.0529533	-0.0632399	-0.0688368	-0.0715783	-0.0705123	-0.0735562	-0.070791	-0.0719338	-0.0725527	-0.0699723	-0.0725877	-0.0743435	-0.0725616	-0.0806667	-0.0828795	-0.0844607	-0.09129	-0.0946275	-0.0847282	
