-0.994078	-0.994078	-0.919852	-0.779593	-0.599811	-0.3971	-0.186939	0.0205055	0.213998	0.379995	0.487932	0.537401	0.538249	0.496721	0.420921	0.322725	0.215836	0.105177	-0.0111308	-0.114516	-0.168821	-0.182917	-0.188686	-0.187169	-0.176228	-0.171842	-0.189844	-0.217895	-0.239694	-0.252055	-0.243907	-0.206053	-0.13039	-0.0236651	0.0989926	0.195819	0.257492	0.293146	0.296548	0.244316	0.143346	0.0217763	-0.122271	-0.30151	-0.504812	-0.710939	-0.876335	-0.96903	-0.961191	-0.862898	
-0.994078	-0.994078	-0.919852	-0.779593	-0.599811	-0.3971	-0.186939	0.0205055	0.213998	0.379995	0.487932	0.537401	0.538249	0.496721	0.420921	0.322725	0.215836	0.105177	-0.0111308	-0.114516	-0.168821	-0.182917	-0.188686	-0.187169	-0.176228	-0.171842	-0.189844	-0.217895	-0.239694	-0.252055	-0.243907	-0.206053	-0.13039	-0.0236651	0.0989926	0.195819	0.257492	0.293146	0.296548	0.244316	0.143346	0.0217763	-0.122271	-0.30151	-0.504812	-0.710939	-0.876335	-0.96903	-0.961191	-0.862898	
-0.919852	-0.919852	-0.86794	-0.746081	-0.574105	-0.387182	-0.201037	-0.0101539	0.179485	0.340823	0.441382	0.487277	0.493899	0.461619	0.394734	0.305937	0.211122	0.11618	0.017814	-0.0716556	-0.126323	-0.15387	-0.175074	-0.18742	-0.189668	-0.192342	-0.200954	-0.211952	-0.22471	-0.2394	-0.232332	-0.19111	-0.119242	-0.030266	0.0742814	0.167058	0.23611	0.278902	0.291575	0.25575	0.172541	0.0573864	-0.0913604	-0.281226	-0.497471	-0.715487	-0.886557	-0.97999	-0.973834	-0.875279	
-0.779593	-0.779593	-0.746081	-0.657004	-0.523318	-0.368027	-0.207009	-0.0387137	0.123219	0.258872	0.34345	0.391693	0.410556	0.392123	0.338082	0.268284	0.199923	0.133192	0.0597214	-0.0181422	-0.0806119	-0.127685	-0.165939	-0.190337	-0.206608	-0.217429	-0.220743	-0.215162	-0.216475	-0.225329	-0.211309	-0.163184	-0.100651	-0.0392933	0.0367218	0.120103	0.19542	0.251592	0.279878	0.264387	0.198879	0.0928057	-0.0582296	-0.256619	-0.485783	-0.715176	-0.892787	-0.989986	-0.989033	-0.89687	
-0.599811	-0.599811	-0.574105	-0.523318	-0.447278	-0.337842	-0.202707	-0.0685086	0.0474398	0.138979	0.204377	0.255148	0.292214	0.296478	0.269714	0.231226	0.194885	0.157036	0.103498	0.0335119	-0.034485	-0.0937657	-0.144946	-0.182899	-0.209013	-0.228009	-0.23286	-0.223734	-0.213744	-0.210009	-0.186019	-0.136955	-0.0852966	-0.0454992	0.00895026	0.0804733	0.158534	0.224261	0.266644	0.266408	0.216961	0.121067	-0.0243974	-0.2238	-0.458506	-0.696232	-0.882765	-0.988461	-1.00007	-0.92161	
-0.3971	-0.3971	-0.387182	-0.368027	-0.337842	-0.279248	-0.199521	-0.118484	-0.0547189	-0.00159065	0.0413107	0.0918279	0.145722	0.185103	0.19946	0.196318	0.186582	0.169749	0.134407	0.078086	0.0207083	-0.0368427	-0.101451	-0.158042	-0.197043	-0.21985	-0.231602	-0.225991	-0.210853	-0.192369	-0.162484	-0.122985	-0.0877687	-0.0572991	-0.0112836	0.0497396	0.120912	0.196963	0.25663	0.269847	0.228175	0.145508	0.0128198	-0.179614	-0.415058	-0.656899	-0.85451	-0.977438	-1.00496	-0.942829	
-0.186939	-0.186939	-0.201037	-0.207009	-0.202707	-0.199521	-0.19554	-0.187409	-0.172457	-0.1528	-0.122901	-0.0721991	6.89968e-05	0.0702758	0.119086	0.142871	0.154633	0.160138	0.146276	0.112665	0.0742058	0.0224016	-0.0523283	-0.126639	-0.175853	-0.2073	-0.227861	-0.231553	-0.211118	-0.179056	-0.144322	-0.116957	-0.0957802	-0.0733863	-0.0347081	0.0157904	0.0840687	0.167634	0.242981	0.269316	0.237281	0.158412	0.0323291	-0.149563	-0.371278	-0.603542	-0.804358	-0.942881	-0.99715	-0.961249	
0.0205055	0.0205055	-0.0101539	-0.0387137	-0.0685086	-0.118484	-0.187409	-0.246566	-0.283712	-0.289762	-0.269533	-0.214728	-0.133487	-0.0473075	0.0193131	0.0639406	0.0996312	0.128765	0.141041	0.133435	0.113347	0.0691383	-0.00520103	-0.083924	-0.145405	-0.187671	-0.219133	-0.229662	-0.212859	-0.177186	-0.141795	-0.118784	-0.10533	-0.0881668	-0.0563811	-0.0120534	0.0522587	0.141265	0.225501	0.261408	0.234677	0.161771	0.0433038	-0.122303	-0.323666	-0.54104	-0.742953	-0.900077	-0.979795	-0.971829	
0.213998	0.213998	0.179485	0.123219	0.0474398	-0.0547189	-0.172457	-0.283712	-0.357177	-0.385927	-0.376609	-0.334605	-0.259922	-0.1728	-0.0916426	-0.0222317	0.0367611	0.0852137	0.119181	0.135877	0.132508	0.101913	0.0429606	-0.031078	-0.0992812	-0.153465	-0.190039	-0.206458	-0.199571	-0.179977	-0.154653	-0.129735	-0.108346	-0.0892802	-0.0615537	-0.0210185	0.0390579	0.11542	0.188843	0.229159	0.221412	0.163537	0.0602384	-0.084273	-0.263421	-0.467306	-0.670541	-0.838206	-0.940765	-0.958366	
0.379995	0.379995	0.340823	0.258872	0.138979	-0.00159065	-0.1528	-0.289762	-0.385927	-0.431918	-0.446792	-0.430654	-0.380598	-0.302774	-0.211013	-0.117487	-0.0352054	0.0305752	0.0796991	0.10884	0.119284	0.111049	0.0773896	0.0206234	-0.0454999	-0.103458	-0.144548	-0.165492	-0.17635	-0.180295	-0.168799	-0.140751	-0.112598	-0.0907387	-0.065805	-0.0293373	0.0211193	0.0819807	0.139908	0.17918	0.186903	0.15843	0.0858022	-0.0336447	-0.196402	-0.391681	-0.592736	-0.765799	-0.877012	-0.912917	
0.487932	0.487932	0.441382	0.34345	0.204377	0.0413107	-0.122901	-0.269533	-0.376609	-0.446792	-0.485429	-0.495798	-0.471753	-0.413878	-0.325018	-0.217785	-0.111126	-0.0231012	0.0339288	0.0657686	0.0879072	0.101154	0.0926775	0.0583062	0.0063933	-0.0515879	-0.0971741	-0.125734	-0.147839	-0.166632	-0.167726	-0.148674	-0.124472	-0.103647	-0.0806664	-0.0460375	-0.0020451	0.0455094	0.0924598	0.133429	0.159685	0.159242	0.118818	0.0238342	-0.128544	-0.3175	-0.5133	-0.681804	-0.801882	-0.854387	
0.537401	0.537401	0.487277	0.391693	0.255148	0.0918279	-0.0721991	-0.214728	-0.334605	-0.430654	-0.495798	-0.526829	-0.526716	-0.492422	-0.421867	-0.317533	-0.197376	-0.0945564	-0.0303904	0.011088	0.0477056	0.0754378	0.083405	0.0698609	0.0352436	-0.0109277	-0.0518792	-0.0825883	-0.11085	-0.136074	-0.151451	-0.152463	-0.144849	-0.131252	-0.109962	-0.0789337	-0.0425767	0.000593346	0.050983	0.101946	0.145757	0.174952	0.165859	0.0906924	-0.0546605	-0.242575	-0.434867	-0.602837	-0.726512	-0.790575	
0.538249	0.538249	0.493899	0.410556	0.292214	0.145722	6.89968e-05	-0.133487	-0.259922	-0.380598	-0.471753	-0.526716	-0.546686	-0.53414	-0.486272	-0.401664	-0.294056	-0.193985	-0.116712	-0.0531845	-0.00295912	0.030775	0.0491163	0.0515063	0.0386009	0.0171002	-0.00867249	-0.0369528	-0.0634017	-0.0898571	-0.118985	-0.143007	-0.156033	-0.154198	-0.142994	-0.122405	-0.0956438	-0.0519414	0.00908625	0.080044	0.148727	0.197348	0.205113	0.149903	0.0217625	-0.151831	-0.338588	-0.506749	-0.6403	-0.716075	
0.496721	0.496721	0.461619	0.392123	0.296478	0.185103	0.0702758	-0.0473075	-0.1728	-0.302774	-0.413878	-0.492422	-0.53414	-0.540049	-0.514992	-0.461973	-0.387765	-0.299164	-0.207115	-0.124278	-0.0665957	-0.0255549	0.00594686	0.0244458	0.0347178	0.0393936	0.0313636	0.010759	-0.014062	-0.0436331	-0.0817013	-0.122079	-0.156627	-0.175382	-0.180965	-0.172704	-0.145049	-0.091698	-0.0177362	0.0709343	0.159763	0.224775	0.246057	0.208623	0.107634	-0.0440354	-0.224382	-0.399482	-0.539962	-0.622437	
0.420921	0.420921	0.394734	0.338082	0.269714	0.19946	0.119086	0.0193131	-0.0916426	-0.211013	-0.325018	-0.421867	-0.486272	-0.514992	-0.517389	-0.502058	-0.461142	-0.387119	-0.29403	-0.207208	-0.142358	-0.0883343	-0.0410191	-0.00223404	0.0298617	0.0541868	0.0610213	0.0481426	0.0214071	-0.0138792	-0.0607092	-0.117568	-0.169554	-0.200054	-0.220236	-0.217898	-0.183282	-0.116481	-0.0302643	0.0747503	0.183526	0.265454	0.300606	0.28074	0.199572	0.0657881	-0.108564	-0.285486	-0.4313	-0.517887	
0.322725	0.322725	0.305937	0.268284	0.231226	0.196318	0.142871	0.0639406	-0.0222317	-0.117487	-0.217785	-0.317533	-0.401664	-0.461973	-0.502058	-0.519871	-0.504893	-0.453361	-0.381837	-0.30149	-0.229148	-0.163311	-0.0975089	-0.0345469	0.0178132	0.0569802	0.0776187	0.0659555	0.0282303	-0.0167447	-0.0707773	-0.135133	-0.191307	-0.228297	-0.253117	-0.247241	-0.201545	-0.123599	-0.0239395	0.0951194	0.218845	0.319206	0.372527	0.364515	0.290153	0.159004	-0.00877355	-0.176517	-0.316666	-0.406757	
0.215836	0.215836	0.211122	0.199923	0.194885	0.186582	0.154633	0.0996312	0.0367611	-0.0352054	-0.111126	-0.197376	-0.294056	-0.387765	-0.461142	-0.504893	-0.516293	-0.501729	-0.461661	-0.392382	-0.318723	-0.244809	-0.15969	-0.0707594	0.000655117	0.0540106	0.0775585	0.0564423	0.00855137	-0.0440868	-0.105259	-0.169617	-0.220086	-0.250243	-0.266623	-0.248163	-0.193496	-0.103334	0.0111056	0.142845	0.276282	0.384275	0.447792	0.451147	0.377122	0.24295	0.0815786	-0.0750816	-0.208534	-0.305111	
0.105177	0.105177	0.11618	0.133192	0.157036	0.169749	0.160138	0.128765	0.0852137	0.0305752	-0.0231012	-0.0945564	-0.193985	-0.299164	-0.387119	-0.453361	-0.501729	-0.526867	-0.517167	-0.464307	-0.396066	-0.314854	-0.212513	-0.107516	-0.0223731	0.0364907	0.0556785	0.0281226	-0.0267089	-0.0920263	-0.158248	-0.213488	-0.253562	-0.27302	-0.267216	-0.224381	-0.150851	-0.0483397	0.0756965	0.217549	0.355744	0.461156	0.525719	0.534257	0.463994	0.332506	0.172022	0.0154922	-0.12069	-0.227435	
-0.0111308	-0.0111308	0.017814	0.0597214	0.103498	0.134407	0.146276	0.141041	0.119181	0.0796991	0.0339288	-0.0303904	-0.116712	-0.207115	-0.29403	-0.381837	-0.461661	-0.517167	-0.534922	-0.503989	-0.444413	-0.359457	-0.253275	-0.144754	-0.0604347	-0.00899512	0.00371789	-0.021723	-0.0792528	-0.153944	-0.221624	-0.269926	-0.296839	-0.293093	-0.261337	-0.191185	-0.0881759	0.0358056	0.170903	0.319656	0.457274	0.553231	0.607415	0.610694	0.547138	0.425365	0.264749	0.0930658	-0.064486	-0.191303	
-0.114516	-0.114516	-0.0716556	-0.0181422	0.0335119	0.078086	0.112665	0.133435	0.135877	0.10884	0.0657686	0.011088	-0.0531845	-0.124278	-0.207208	-0.30149	-0.392382	-0.464307	-0.503989	-0.493538	-0.447202	-0.37308	-0.276615	-0.181969	-0.119063	-0.087375	-0.0783297	-0.101236	-0.158903	-0.227958	-0.285688	-0.326078	-0.337281	-0.309781	-0.251214	-0.145961	-0.00390752	0.148554	0.30014	0.453352	0.584475	0.668764	0.703827	0.690335	0.623192	0.50458	0.339093	0.150131	-0.0365979	-0.186399	
-0.168821	-0.168821	-0.126323	-0.0806119	-0.034485	0.0207083	0.0742058	0.113347	0.132508	0.119284	0.0879072	0.0477056	-0.00295912	-0.0665957	-0.142358	-0.229148	-0.318723	-0.396066	-0.444413	-0.447202	-0.422587	-0.371919	-0.300059	-0.236754	-0.209867	-0.198165	-0.194434	-0.216588	-0.258945	-0.300733	-0.341989	-0.375747	-0.368891	-0.315068	-0.22628	-0.0884945	0.0869962	0.271831	0.444931	0.600606	0.723653	0.792992	0.804432	0.766557	0.681999	0.547694	0.373972	0.173176	-0.0301729	-0.195448	
-0.182917	-0.182917	-0.15387	-0.127685	-0.0937657	-0.0368427	0.0224016	0.0691383	0.101913	0.111049	0.101154	0.0754378	0.030775	-0.0255549	-0.0883343	-0.163311	-0.244809	-0.314854	-0.359457	-0.37308	-0.371919	-0.353525	-0.321921	-0.306159	-0.315859	-0.322391	-0.325707	-0.344079	-0.360564	-0.369963	-0.38871	-0.405677	-0.380192	-0.298405	-0.17416	-0.00531618	0.194241	0.40486	0.597832	0.75856	0.871513	0.915523	0.895338	0.830534	0.717665	0.561269	0.374638	0.16761	-0.0364265	-0.207023	
-0.188686	-0.188686	-0.175074	-0.165939	-0.144946	-0.101451	-0.0523283	-0.00520103	0.0429606	0.0773896	0.0926775	0.083405	0.0491163	0.00594686	-0.0410191	-0.0975089	-0.15969	-0.212513	-0.253275	-0.276615	-0.300059	-0.321921	-0.341487	-0.369298	-0.407044	-0.429599	-0.440398	-0.449449	-0.44686	-0.434677	-0.426989	-0.414352	-0.360659	-0.248202	-0.0920646	0.098621	0.316393	0.545072	0.75123	0.91778	1.02009	1.03452	0.982096	0.884641	0.743871	0.563087	0.357804	0.142994	-0.0596958	-0.230919	
-0.187169	-0.187169	-0.18742	-0.190337	-0.182899	-0.158042	-0.126639	-0.083924	-0.031078	0.0206234	0.0583062	0.0698609	0.0515063	0.0244458	-0.00223404	-0.0345469	-0.0707594	-0.107516	-0.144754	-0.181969	-0.236754	-0.306159	-0.369298	-0.425966	-0.481011	-0.517761	-0.530135	-0.530452	-0.519473	-0.494562	-0.456808	-0.401433	-0.30814	-0.163841	0.0131849	0.217535	0.44666	0.676557	0.883867	1.05008	1.14109	1.13502	1.05541	0.927352	0.754998	0.548904	0.326193	0.102037	-0.0994512	-0.264786	
-0.176228	-0.176228	-0.189668	-0.206608	-0.209013	-0.197043	-0.175853	-0.145405	-0.0992812	-0.0454999	0.0063933	0.0352436	0.0386009	0.0347178	0.0298617	0.0178132	0.000655117	-0.0223731	-0.0604347	-0.119063	-0.209867	-0.315859	-0.407044	-0.481011	-0.551742	-0.598241	-0.610449	-0.598683	-0.575609	-0.531395	-0.458363	-0.357857	-0.221339	-0.0519537	0.139312	0.353296	0.580449	0.795658	0.984936	1.13665	1.21163	1.19214	1.0956	0.941223	0.741784	0.513388	0.278832	0.0545819	-0.144689	-0.30254	
-0.171842	-0.171842	-0.192342	-0.217429	-0.228009	-0.21985	-0.2073	-0.187671	-0.153465	-0.103458	-0.0515879	-0.0109277	0.0171002	0.0393936	0.0541868	0.0569802	0.0540106	0.0364907	-0.00899512	-0.087375	-0.198165	-0.322391	-0.429599	-0.517761	-0.598241	-0.656619	-0.671893	-0.650737	-0.600749	-0.523406	-0.413646	-0.274661	-0.104431	0.084983	0.288778	0.50863	0.724244	0.910748	1.06968	1.19146	1.2413	1.20674	1.09687	0.92748	0.713172	0.473272	0.235579	0.0108721	-0.182342	-0.334027	
-0.189844	-0.189844	-0.200954	-0.220743	-0.23286	-0.231602	-0.227861	-0.219133	-0.190039	-0.144548	-0.0971741	-0.0518792	-0.00867249	0.0313636	0.0610213	0.0776187	0.0775585	0.0556785	0.00371789	-0.0783297	-0.194434	-0.325707	-0.440398	-0.530135	-0.610449	-0.671893	-0.693163	-0.666528	-0.590286	-0.471112	-0.31932	-0.146343	0.0448953	0.250242	0.465605	0.682001	0.865695	1.01287	1.13098	1.2134	1.23521	1.18102	1.0582	0.884231	0.6728	0.435783	0.197067	-0.0222742	-0.210756	-0.354623	
-0.217895	-0.217895	-0.211952	-0.215162	-0.223734	-0.225991	-0.231553	-0.229662	-0.206458	-0.165492	-0.125734	-0.0825883	-0.0369528	0.010759	0.0481426	0.0659555	0.0564423	0.0281226	-0.021723	-0.101236	-0.216588	-0.344079	-0.449449	-0.530452	-0.598683	-0.650737	-0.666528	-0.631929	-0.534695	-0.38086	-0.194129	0.0125963	0.227026	0.446158	0.659017	0.84602	0.989765	1.09091	1.16238	1.20038	1.19145	1.11521	0.980304	0.809994	0.609109	0.383762	0.15664	-0.0569024	-0.232872	-0.359355	
-0.239694	-0.239694	-0.22471	-0.216475	-0.213744	-0.210853	-0.211118	-0.212859	-0.199571	-0.17635	-0.147839	-0.11085	-0.0634017	-0.014062	0.0214071	0.0282303	0.00855137	-0.0267089	-0.0792528	-0.158903	-0.258945	-0.360564	-0.44686	-0.519473	-0.575609	-0.600749	-0.590286	-0.534695	-0.423703	-0.250197	-0.0381283	0.192566	0.423498	0.646477	0.839338	0.984188	1.08603	1.15008	1.17851	1.17528	1.1298	1.02841	0.884495	0.718298	0.525198	0.316893	0.105692	-0.091068	-0.249571	-0.359177	
-0.252055	-0.252055	-0.2394	-0.225329	-0.210009	-0.192369	-0.179056	-0.177186	-0.179977	-0.180295	-0.166632	-0.136074	-0.0898571	-0.0436331	-0.0138792	-0.0167447	-0.0440868	-0.0920263	-0.153944	-0.227958	-0.300733	-0.369963	-0.434677	-0.494562	-0.531395	-0.523406	-0.471112	-0.38086	-0.250197	-0.070393	0.15054	0.389819	0.626014	0.831396	0.985277	1.08752	1.15759	1.19369	1.19031	1.15203	1.06746	0.944236	0.796973	0.630046	0.444491	0.250457	0.0535667	-0.125757	-0.265913	-0.365209	
-0.243907	-0.243907	-0.232332	-0.211309	-0.186019	-0.162484	-0.144322	-0.141795	-0.154653	-0.168799	-0.167726	-0.151451	-0.118985	-0.0817013	-0.0607092	-0.0707773	-0.105259	-0.158248	-0.221624	-0.285688	-0.341989	-0.38871	-0.426989	-0.456808	-0.458363	-0.413646	-0.31932	-0.194129	-0.0381283	0.15054	0.370152	0.597261	0.812365	0.99031	1.10785	1.17377	1.20451	1.20849	1.18109	1.11663	1.01096	0.876724	0.727288	0.563048	0.38541	0.19623	0.00358064	-0.16182	-0.290367	-0.376894	
-0.206053	-0.206053	-0.19111	-0.163184	-0.136955	-0.122985	-0.116957	-0.118784	-0.129735	-0.140751	-0.148674	-0.152463	-0.143007	-0.122079	-0.117568	-0.135133	-0.169617	-0.213488	-0.269926	-0.326078	-0.375747	-0.405677	-0.414352	-0.401433	-0.357857	-0.274661	-0.146343	0.0125963	0.192566	0.389819	0.597261	0.802677	0.983811	1.12885	1.21552	1.25072	1.24024	1.20321	1.14996	1.07056	0.96049	0.825203	0.677181	0.52135	0.350256	0.162713	-0.0289968	-0.194229	-0.314712	-0.382223	
-0.13039	-0.13039	-0.119242	-0.100651	-0.0852966	-0.0877687	-0.0957802	-0.10533	-0.108346	-0.112598	-0.124472	-0.144849	-0.156033	-0.156627	-0.169554	-0.191307	-0.220086	-0.253562	-0.296839	-0.337281	-0.368891	-0.380192	-0.360659	-0.30814	-0.221339	-0.104431	0.0448953	0.227026	0.423498	0.626014	0.812365	0.983811	1.12563	1.23657	1.30137	1.31546	1.27722	1.20902	1.134	1.04715	0.933748	0.796666	0.65002	0.502086	0.334921	0.150682	-0.0396912	-0.206203	-0.322522	-0.379226	
-0.0236651	-0.0236651	-0.030266	-0.0392933	-0.0454992	-0.0572991	-0.0733863	-0.0881668	-0.0892802	-0.0907387	-0.103647	-0.131252	-0.154198	-0.175382	-0.200054	-0.228297	-0.250243	-0.27302	-0.293093	-0.309781	-0.315068	-0.298405	-0.248202	-0.163841	-0.0519537	0.084983	0.250242	0.446158	0.646477	0.831396	0.99031	1.12885	1.23657	1.31416	1.3596	1.36582	1.31868	1.24322	1.15691	1.05717	0.934021	0.793957	0.649333	0.501623	0.336335	0.157203	-0.0294273	-0.190351	-0.302818	-0.362709	
0.0989926	0.0989926	0.0742814	0.0367218	0.00895026	-0.0112836	-0.0347081	-0.0563811	-0.0615537	-0.065805	-0.0806664	-0.109962	-0.142994	-0.180965	-0.220236	-0.253117	-0.266623	-0.267216	-0.261337	-0.251214	-0.22628	-0.17416	-0.0920646	0.0131849	0.139312	0.288778	0.465605	0.659017	0.839338	0.985277	1.10785	1.21552	1.30137	1.3596	1.38997	1.38731	1.34489	1.2802	1.19671	1.09326	0.968952	0.823188	0.675489	0.523912	0.355436	0.177492	-0.00265419	-0.154743	-0.266492	-0.334308	
0.195819	0.195819	0.167058	0.120103	0.0804733	0.0497396	0.0157904	-0.0120534	-0.0210185	-0.0293373	-0.0460375	-0.0789337	-0.122405	-0.172704	-0.217898	-0.247241	-0.248163	-0.224381	-0.191185	-0.145961	-0.0884945	-0.00531618	0.098621	0.217535	0.353296	0.50863	0.682001	0.84602	0.984188	1.08752	1.17377	1.25072	1.31546	1.36582	1.38731	1.38326	1.36161	1.32202	1.2584	1.16458	1.04491	0.897067	0.7425	0.584668	0.411501	0.232125	0.052122	-0.105882	-0.220951	-0.297215	
0.257492	0.257492	0.23611	0.19542	0.158534	0.120912	0.0840687	0.0522587	0.0390579	0.0211193	-0.0020451	-0.0425767	-0.0956438	-0.145049	-0.183282	-0.201545	-0.193496	-0.150851	-0.0881759	-0.00390752	0.0869962	0.194241	0.316393	0.44666	0.580449	0.724244	0.865695	0.989765	1.08603	1.15759	1.20451	1.24024	1.27722	1.31868	1.34489	1.36161	1.36925	1.36446	1.33156	1.26695	1.15612	1.01085	0.851061	0.687176	0.51191	0.326634	0.134017	-0.0366215	-0.168671	-0.259399	
0.293146	0.293146	0.278902	0.251592	0.224261	0.196963	0.167634	0.141265	0.11542	0.0819807	0.0455094	0.000593346	-0.0519414	-0.091698	-0.116481	-0.123599	-0.103334	-0.0483397	0.0358056	0.148554	0.271831	0.40486	0.545072	0.676557	0.795658	0.910748	1.01287	1.09091	1.15008	1.19369	1.20849	1.20321	1.20902	1.24322	1.2802	1.32202	1.36446	1.40062	1.40205	1.36282	1.27413	1.14365	0.98622	0.818468	0.640732	0.442252	0.237788	0.0560956	-0.094258	-0.204425	
0.296548	0.296548	0.291575	0.279878	0.266644	0.25663	0.242981	0.225501	0.188843	0.139908	0.0924598	0.050983	0.00908625	-0.0177362	-0.0302643	-0.0239395	0.0111056	0.0756965	0.170903	0.30014	0.444931	0.597832	0.75123	0.883867	0.984936	1.06968	1.13098	1.16238	1.17851	1.19031	1.18109	1.14996	1.134	1.15691	1.19671	1.2584	1.33156	1.40205	1.43876	1.42964	1.37408	1.26589	1.12615	0.964879	0.78165	0.574851	0.363486	0.169262	0.000205389	-0.13212	
0.244316	0.244316	0.25575	0.264387	0.266408	0.269847	0.269316	0.261408	0.229159	0.17918	0.133429	0.101946	0.080044	0.0709343	0.0747503	0.0951194	0.142845	0.217549	0.319656	0.453352	0.600606	0.75856	0.91778	1.05008	1.13665	1.19146	1.2134	1.20038	1.17528	1.15203	1.11663	1.07056	1.04715	1.05717	1.09326	1.16458	1.26695	1.36282	1.42964	1.45428	1.43993	1.37122	1.25825	1.10946	0.926192	0.716674	0.504023	0.29664	0.114844	-0.0361149	
0.143346	0.143346	0.172541	0.198879	0.216961	0.228175	0.237281	0.234677	0.221412	0.186903	0.159685	0.145757	0.148727	0.159763	0.183526	0.218845	0.276282	0.355744	0.457274	0.584475	0.723653	0.871513	1.02009	1.14109	1.21163	1.2413	1.23521	1.19145	1.1298	1.06746	1.01096	0.96049	0.933748	0.934021	0.968952	1.04491	1.15612	1.27413	1.37408	1.43993	1.46413	1.43449	1.35096	1.22487	1.05372	0.851555	0.639434	0.430171	0.239868	0.0771878	
0.0217763	0.0217763	0.0573864	0.0928057	0.121067	0.145508	0.158412	0.161771	0.163537	0.15843	0.159242	0.174952	0.197348	0.224775	0.265454	0.319206	0.384275	0.461156	0.553231	0.668764	0.792992	0.915523	1.03452	1.13502	1.19214	1.20674	1.18102	1.11521	1.02841	0.944236	0.876724	0.825203	0.796666	0.793957	0.823188	0.897067	1.01085	1.14365	1.26589	1.37122	1.43449	1.44251	1.39588	1.30077	1.14758	0.954156	0.751597	0.554162	0.371504	0.202083	
-0.122271	-0.122271	-0.0913604	-0.0582296	-0.0243974	0.0128198	0.0323291	0.0433038	0.0602384	0.0858022	0.118818	0.165859	0.205113	0.246057	0.300606	0.372527	0.447792	0.525719	0.607415	0.703827	0.804432	0.895338	0.982096	1.05541	1.0956	1.09687	1.0582	0.980304	0.884495	0.796973	0.727288	0.677181	0.65002	0.649333	0.675489	0.7425	0.851061	0.98622	1.12615	1.25825	1.35096	1.39588	1.39342	1.33316	1.20091	1.02065	0.833667	0.659355	0.496701	0.327598	
-0.30151	-0.30151	-0.281226	-0.256619	-0.2238	-0.179614	-0.149563	-0.122303	-0.084273	-0.0336447	0.0238342	0.0906924	0.149903	0.208623	0.28074	0.364515	0.451147	0.534257	0.610694	0.690335	0.766557	0.830534	0.884641	0.927352	0.941223	0.92748	0.884231	0.809994	0.718298	0.630046	0.563048	0.52135	0.502086	0.501623	0.523912	0.584668	0.687176	0.818468	0.964879	1.10946	1.22487	1.30077	1.33316	1.30156	1.20392	1.05333	0.89655	0.746495	0.597867	0.432846	
-0.504812	-0.504812	-0.497471	-0.485783	-0.458506	-0.415058	-0.371278	-0.323666	-0.263421	-0.196402	-0.128544	-0.0546605	0.0217625	0.107634	0.199572	0.290153	0.377122	0.463994	0.547138	0.623192	0.681999	0.717665	0.743871	0.754998	0.741784	0.713172	0.6728	0.609109	0.525198	0.444491	0.38541	0.350256	0.334921	0.336335	0.355436	0.411501	0.51191	0.640732	0.78165	0.926192	1.05372	1.14758	1.20091	1.20392	1.15083	1.04895	0.926288	0.799473	0.660063	0.511108	
-0.710939	-0.710939	-0.715487	-0.715176	-0.696232	-0.656899	-0.603542	-0.54104	-0.467306	-0.391681	-0.3175	-0.242575	-0.151831	-0.0440354	0.0657881	0.159004	0.24295	0.332506	0.425365	0.50458	0.547694	0.561269	0.563087	0.548904	0.513388	0.473272	0.435783	0.383762	0.316893	0.250457	0.19623	0.162713	0.150682	0.157203	0.177492	0.232125	0.326634	0.442252	0.574851	0.716674	0.851555	0.954156	1.02065	1.05333	1.04895	1.0036	0.923585	0.822906	0.703373	0.573648	
-0.876335	-0.876335	-0.886557	-0.892787	-0.882765	-0.85451	-0.804358	-0.742953	-0.670541	-0.592736	-0.5133	-0.434867	-0.338588	-0.224382	-0.108564	-0.00877355	0.0815786	0.172022	0.264749	0.339093	0.373972	0.374638	0.357804	0.326193	0.278832	0.235579	0.197067	0.15664	0.105692	0.0535667	0.00358064	-0.0289968	-0.0396912	-0.0294273	-0.00265419	0.052122	0.134017	0.237788	0.363486	0.504023	0.639434	0.751597	0.833667	0.89655	0.926288	0.923585	0.886057	0.82079	0.7319	0.625249	
-0.96903	-0.96903	-0.97999	-0.989986	-0.988461	-0.977438	-0.942881	-0.900077	-0.838206	-0.765799	-0.681804	-0.602837	-0.506749	-0.399482	-0.285486	-0.176517	-0.0750816	0.0154922	0.0930658	0.150131	0.173176	0.16761	0.142994	0.102037	0.0545819	0.0108721	-0.0222742	-0.0569024	-0.091068	-0.125757	-0.16182	-0.194229	-0.206203	-0.190351	-0.154743	-0.105882	-0.0366215	0.0560956	0.169262	0.29664	0.430171	0.554162	0.659355	0.746495	0.799473	0.822906	0.82079	0.795472	0.743373	0.668235	
-0.961191	-0.961191	-0.973834	-0.989033	-1.00007	-1.00496	-0.99715	-0.979795	-0.940765	-0.877012	-0.801882	-0.726512	-0.6403	-0.539962	-0.4313	-0.316666	-0.208534	-0.12069	-0.064486	-0.0365979	-0.0301729	-0.0364265	-0.0596958	-0.0994512	-0.144689	-0.182342	-0.210756	-0.232872	-0.249571	-0.265913	-0.290367	-0.314712	-0.322522	-0.302818	-0.266492	-0.220951	-0.168671	-0.094258	0.000205389	0.114844	0.239868	0.371504	0.496701	0.597867	0.660063	0.703373	0.7319	0.743373	0.735619	0.701768	
-0.862898	-0.862898	-0.875279	-0.89687	-0.92161	-0.942829	-0.961249	-0.971829	-0.958366	-0.912917	-0.854387	-0.790575	-0.716075	-0.622437	-0.517887	-0.406757	-0.305111	-0.227435	-0.191303	-0.186399	-0.195448	-0.207023	-0.230919	-0.264786	-0.30254	-0.334027	-0.354623	-0.359355	-0.359177	-0.365209	-0.376894	-0.382223	-0.379226	-0.362709	-0.334308	-0.297215	-0.259399	-0.204425	-0.13212	-0.0361149	0.0771878	0.202083	0.327598	0.432846	0.511108	0.573648	0.625249	0.668235	0.701768	0.715548	
