-0.100271	-0.0650689	-0.0255827	0.00577748	0.0181068	0.00992833	-0.0172067	-0.0494002	-0.0727624	-0.0867477	-0.090971	-0.0733352	-0.036258	0.00545189	0.0404397	0.0612913	0.0784413	0.104237	0.148352	0.208299	0.274943	0.348824	0.431064	0.512039	0.57961	0.620749	0.630315	0.611765	0.568461	0.510213	0.446629	0.383805	0.327877	0.26847	0.195477	0.104641	-0.00114674	-0.125709	-0.274769	-0.432888	-0.569802	-0.658564	-0.712007	-0.743382	-0.757775	-0.753522	-0.729359	-0.706051	-0.688468	-0.688468	
-0.0650689	-0.0523983	-0.0258525	-0.0021638	0.00982073	0.0126339	-0.00029384	-0.0194895	-0.0356757	-0.0388169	-0.0272577	-0.000490698	0.0360064	0.0607962	0.0653013	0.0505857	0.0297662	0.0250726	0.051304	0.103347	0.168935	0.248053	0.341612	0.444306	0.538761	0.604288	0.626616	0.607919	0.564758	0.503244	0.432676	0.361173	0.289235	0.211148	0.116522	0.00434116	-0.108813	-0.222048	-0.34641	-0.472484	-0.581684	-0.656246	-0.699665	-0.725238	-0.72887	-0.702003	-0.654479	-0.609413	-0.583632	-0.583632	
-0.0255827	-0.0258525	-0.0113291	0.00479178	0.019353	0.0321351	0.0301763	0.0208618	0.0195717	0.0319582	0.0612241	0.0954547	0.121718	0.122516	0.0958759	0.0523214	-0.00102173	-0.0378193	-0.0411703	-0.00919662	0.0527841	0.138108	0.241255	0.361123	0.479843	0.56429	0.59671	0.583974	0.544554	0.48374	0.402141	0.315028	0.227703	0.133985	0.0183497	-0.110658	-0.224129	-0.328308	-0.427681	-0.524163	-0.602398	-0.651327	-0.678509	-0.685715	-0.66459	-0.607947	-0.534596	-0.466227	-0.433026	-0.433026	
0.00577748	-0.0021638	0.00479178	0.0240407	0.044176	0.0605617	0.0662954	0.0732758	0.0923888	0.122193	0.161512	0.194393	0.203966	0.181573	0.129207	0.0599149	-0.022198	-0.0891353	-0.123884	-0.114091	-0.06283	0.0208541	0.1296	0.263024	0.397302	0.500225	0.551866	0.551719	0.517185	0.451152	0.359665	0.257309	0.150412	0.040932	-0.0830685	-0.217446	-0.330317	-0.422418	-0.493801	-0.555836	-0.604217	-0.625422	-0.631963	-0.624752	-0.584504	-0.502987	-0.407503	-0.32187	-0.278874	-0.278874	
0.0181068	0.00982073	0.019353	0.044176	0.0663658	0.0846473	0.0994094	0.126499	0.164097	0.203685	0.246442	0.274631	0.26959	0.230773	0.153941	0.0576878	-0.0467827	-0.137527	-0.197629	-0.210846	-0.17639	-0.0996914	0.0111618	0.149649	0.297013	0.421078	0.491972	0.505197	0.479981	0.413454	0.310114	0.187867	0.0624474	-0.0571936	-0.185716	-0.312009	-0.407565	-0.476052	-0.51948	-0.54787	-0.558571	-0.559403	-0.55504	-0.539747	-0.496161	-0.407361	-0.302528	-0.206377	-0.158943	-0.158943	
0.00992833	0.0126339	0.0321351	0.0605617	0.0846473	0.105013	0.128749	0.166323	0.212269	0.25855	0.301391	0.324733	0.312858	0.260699	0.165917	0.0502694	-0.0743016	-0.184641	-0.264487	-0.300762	-0.282454	-0.214208	-0.104332	0.0387566	0.192492	0.327022	0.412993	0.444254	0.428814	0.360631	0.241714	0.0999764	-0.0389502	-0.162875	-0.27835	-0.38124	-0.452363	-0.490961	-0.500088	-0.499887	-0.48488	-0.464927	-0.450754	-0.432354	-0.39137	-0.308989	-0.213066	-0.125184	-0.0795489	-0.0795489	
-0.0172067	-0.00029384	0.0301763	0.0662954	0.0994094	0.128749	0.155571	0.195314	0.24789	0.294887	0.333314	0.350002	0.326697	0.266064	0.164053	0.0328844	-0.106742	-0.229609	-0.321348	-0.368518	-0.364638	-0.308638	-0.205411	-0.0678305	0.0839396	0.222517	0.319226	0.365281	0.354396	0.279023	0.15042	-0.00329909	-0.148184	-0.266125	-0.361882	-0.434094	-0.47465	-0.486716	-0.468358	-0.43346	-0.387212	-0.345395	-0.320582	-0.300825	-0.271725	-0.210439	-0.131198	-0.0610279	-0.0204647	-0.0204647	
-0.0494002	-0.0194895	0.0208618	0.0732758	0.126499	0.166323	0.195314	0.23967	0.292182	0.335785	0.365748	0.367268	0.328103	0.254535	0.139953	-0.01105	-0.163997	-0.294121	-0.388199	-0.440552	-0.447259	-0.407608	-0.316407	-0.183406	-0.0313176	0.1148	0.220145	0.273639	0.266028	0.191524	0.0602162	-0.0976107	-0.238127	-0.344691	-0.422143	-0.470971	-0.489215	-0.471817	-0.424585	-0.360187	-0.282028	-0.218512	-0.182338	-0.161189	-0.144623	-0.108215	-0.0573242	-0.0132646	0.01701	0.01701	
-0.0727624	-0.0356757	0.0195717	0.0923888	0.164097	0.212269	0.24789	0.292182	0.344777	0.386485	0.410278	0.394236	0.334017	0.233505	0.0904641	-0.0844006	-0.255143	-0.395385	-0.49434	-0.549295	-0.564482	-0.536941	-0.448745	-0.308346	-0.145711	0.00967066	0.12769	0.195042	0.19631	0.126991	-0.00499589	-0.158581	-0.292258	-0.390485	-0.450114	-0.475164	-0.473218	-0.438514	-0.365547	-0.272533	-0.170376	-0.0889643	-0.0461174	-0.0269614	-0.0268277	-0.024413	-0.0127085	-0.00568211	0.00412982	0.00412982	
-0.0867477	-0.0388169	0.0319582	0.122193	0.203685	0.25855	0.294887	0.335785	0.386485	0.427677	0.442415	0.407392	0.319464	0.182687	0.00923975	-0.188243	-0.376212	-0.531338	-0.636906	-0.691648	-0.7077	-0.676793	-0.58108	-0.431224	-0.254825	-0.0774154	0.0604909	0.143349	0.156893	0.096019	-0.0236298	-0.166628	-0.293478	-0.383974	-0.431061	-0.442933	-0.426087	-0.37395	-0.285864	-0.171201	-0.0512539	0.0377236	0.078396	0.082668	0.0554612	0.016225	-0.0186354	-0.0535937	-0.0653022	-0.0653022	
-0.090971	-0.0272577	0.0612241	0.161512	0.246442	0.301391	0.333314	0.365748	0.410278	0.442415	0.439189	0.380019	0.258637	0.0896147	-0.107527	-0.318077	-0.515605	-0.673915	-0.775003	-0.824658	-0.834021	-0.797396	-0.698916	-0.544102	-0.351655	-0.157985	-0.00335418	0.101346	0.136657	0.097163	-0.000298128	-0.122632	-0.235586	-0.315628	-0.357917	-0.366808	-0.345178	-0.285585	-0.182552	-0.0518436	0.076983	0.160923	0.184206	0.161571	0.0976649	0.0105753	-0.0798556	-0.162714	-0.203667	-0.203667	
-0.0733352	-0.000490698	0.0954547	0.194393	0.274631	0.324733	0.350002	0.367268	0.394236	0.407392	0.380019	0.294137	0.155138	-0.0313131	-0.23687	-0.4471	-0.641414	-0.78629	-0.877406	-0.920651	-0.917718	-0.871269	-0.773945	-0.61547	-0.423131	-0.230642	-0.063798	0.0545035	0.107525	0.0956207	0.0317611	-0.05922	-0.152282	-0.224062	-0.261784	-0.263876	-0.233023	-0.165947	-0.0532321	0.0884101	0.217579	0.290124	0.28863	0.223179	0.109473	-0.0372613	-0.192705	-0.323326	-0.397331	-0.397331	
-0.036258	0.0360064	0.121718	0.203966	0.26959	0.312858	0.326697	0.328103	0.334017	0.319464	0.258637	0.155138	0.00499201	-0.177051	-0.374301	-0.568522	-0.733234	-0.853003	-0.925937	-0.950737	-0.93363	-0.882665	-0.786522	-0.643543	-0.471586	-0.292413	-0.128511	-0.00283144	0.0656395	0.0799343	0.0491961	-0.0124164	-0.0805467	-0.135544	-0.163524	-0.154611	-0.109925	-0.0303193	0.0920477	0.238185	0.360301	0.414194	0.380961	0.271591	0.105357	-0.101316	-0.318356	-0.500487	-0.604833	-0.604833	
0.00545189	0.0607962	0.122516	0.181573	0.230773	0.260699	0.266064	0.254535	0.233505	0.182687	0.0896147	-0.0313131	-0.177051	-0.343936	-0.514751	-0.668294	-0.794746	-0.877763	-0.916078	-0.916633	-0.887668	-0.836127	-0.753502	-0.634796	-0.494778	-0.343073	-0.19556	-0.0786242	0.00388879	0.0438074	0.0412261	0.0145875	-0.0248254	-0.0611986	-0.0726078	-0.0488822	0.00786173	0.102328	0.234554	0.381205	0.498675	0.534236	0.467726	0.310431	0.0882898	-0.173901	-0.442636	-0.660367	-0.786119	-0.786119	
0.0404397	0.0653013	0.0958759	0.129207	0.153941	0.165917	0.164053	0.139953	0.0904641	0.00923975	-0.107527	-0.23687	-0.374301	-0.514751	-0.64246	-0.750148	-0.829558	-0.863801	-0.857939	-0.834434	-0.799778	-0.75102	-0.685605	-0.601157	-0.497833	-0.381184	-0.262903	-0.154542	-0.0683733	-0.012991	0.0160139	0.023337	0.0104625	-0.00730307	-0.0023145	0.0404415	0.121602	0.236566	0.376752	0.52187	0.626574	0.640113	0.545833	0.347399	0.0736223	-0.240536	-0.555417	-0.805501	-0.950018	-0.950018	
0.0612913	0.0505857	0.0523214	0.0599149	0.0576878	0.0502694	0.0328844	-0.01105	-0.0844006	-0.188243	-0.318077	-0.4471	-0.568522	-0.668294	-0.750148	-0.810961	-0.839717	-0.823371	-0.779779	-0.735216	-0.691238	-0.650137	-0.607699	-0.552028	-0.480355	-0.401861	-0.316689	-0.223561	-0.133373	-0.0604039	-0.00515599	0.0235022	0.0315278	0.0408547	0.0656333	0.125809	0.226282	0.354592	0.497786	0.634998	0.726166	0.725684	0.606805	0.372464	0.0552477	-0.302968	-0.650037	-0.92253	-1.0741	-1.0741	
0.0784413	0.0297662	-0.00102173	-0.022198	-0.0467827	-0.0743016	-0.106742	-0.163997	-0.255143	-0.376212	-0.515605	-0.641414	-0.733234	-0.794746	-0.829558	-0.839717	-0.817992	-0.763771	-0.694218	-0.631315	-0.582112	-0.552645	-0.530787	-0.496843	-0.456517	-0.411505	-0.350612	-0.271736	-0.182787	-0.0900393	-0.0120121	0.0382626	0.068008	0.0876598	0.121131	0.193578	0.305157	0.44149	0.58531	0.714452	0.791509	0.778349	0.645587	0.385893	0.0366304	-0.352718	-0.720555	-1.00099	-1.15556	-1.15556	
0.104237	0.0250726	-0.0378193	-0.0891353	-0.137527	-0.184641	-0.229609	-0.294121	-0.395385	-0.531338	-0.673915	-0.78629	-0.853003	-0.877763	-0.863801	-0.823371	-0.763771	-0.688998	-0.607464	-0.536424	-0.493334	-0.476361	-0.465029	-0.449559	-0.429557	-0.404375	-0.366206	-0.305581	-0.215508	-0.103703	-0.00597451	0.063511	0.109016	0.136767	0.174864	0.251214	0.363054	0.498981	0.635623	0.749111	0.816294	0.79672	0.656508	0.389801	0.0240817	-0.383072	-0.757546	-1.04204	-1.19383	-1.19383	
0.148352	0.051304	-0.0411703	-0.123884	-0.197629	-0.264487	-0.321348	-0.388199	-0.49434	-0.636906	-0.775003	-0.877406	-0.925937	-0.916078	-0.857939	-0.779779	-0.694218	-0.607464	-0.524196	-0.460829	-0.428223	-0.419457	-0.419384	-0.418161	-0.408431	-0.393163	-0.375242	-0.326293	-0.229566	-0.104048	0.0114803	0.0988108	0.153328	0.1869	0.232898	0.307853	0.412186	0.541118	0.664103	0.760263	0.814753	0.789364	0.64729	0.380177	0.00852415	-0.400975	-0.771018	-1.05505	-1.19682	-1.19682	
0.208299	0.103347	-0.00919662	-0.114091	-0.210846	-0.300762	-0.368518	-0.440552	-0.549295	-0.691648	-0.824658	-0.920651	-0.950737	-0.916633	-0.834434	-0.735216	-0.631315	-0.536424	-0.460829	-0.409064	-0.382945	-0.380357	-0.393227	-0.405838	-0.405949	-0.399608	-0.387507	-0.336064	-0.234441	-0.0966064	0.0424167	0.148938	0.214798	0.257179	0.302811	0.374699	0.474965	0.590256	0.695841	0.774915	0.812383	0.772999	0.624608	0.356685	-0.0120694	-0.419079	-0.783895	-1.05793	-1.19893	-1.19893	
0.274943	0.168935	0.0527841	-0.06283	-0.17639	-0.282454	-0.364638	-0.447259	-0.564482	-0.7077	-0.834021	-0.917718	-0.93363	-0.887668	-0.799778	-0.691238	-0.582112	-0.493334	-0.428223	-0.382945	-0.359041	-0.362291	-0.384242	-0.405148	-0.416556	-0.418025	-0.404367	-0.349154	-0.236673	-0.0802931	0.0835805	0.211106	0.291249	0.346355	0.397664	0.466803	0.55983	0.660911	0.74863	0.811704	0.827506	0.770632	0.609395	0.329702	-0.0402463	-0.446009	-0.81105	-1.08413	-1.22398	-1.22398	
0.348824	0.248053	0.138108	0.0208541	-0.0996914	-0.214208	-0.308638	-0.407608	-0.536941	-0.676793	-0.797396	-0.871269	-0.882665	-0.836127	-0.75102	-0.650137	-0.552645	-0.476361	-0.419457	-0.380357	-0.362291	-0.365264	-0.385789	-0.414551	-0.433146	-0.437056	-0.414967	-0.349131	-0.226749	-0.0522254	0.128703	0.277403	0.382129	0.449543	0.508334	0.57846	0.661531	0.746852	0.816962	0.863846	0.858315	0.778005	0.597377	0.305651	-0.067821	-0.474379	-0.842894	-1.12237	-1.26669	-1.26669	
0.431064	0.341612	0.241255	0.1296	0.0111618	-0.104332	-0.205411	-0.316407	-0.448745	-0.58108	-0.698916	-0.773945	-0.786522	-0.753502	-0.685605	-0.607699	-0.530787	-0.465029	-0.419384	-0.393227	-0.384242	-0.385789	-0.404892	-0.434015	-0.451117	-0.44773	-0.406723	-0.323002	-0.190402	-0.00910359	0.181955	0.34876	0.471574	0.548666	0.613831	0.685579	0.758693	0.82995	0.884693	0.912739	0.889599	0.786365	0.584778	0.284048	-0.088406	-0.491341	-0.860751	-1.13971	-1.29047	-1.29047	
0.512039	0.444306	0.361123	0.263024	0.149649	0.0387566	-0.0678305	-0.183406	-0.308346	-0.431224	-0.544102	-0.61547	-0.643543	-0.634796	-0.601157	-0.552028	-0.496843	-0.449559	-0.418161	-0.405838	-0.405148	-0.414551	-0.434015	-0.454482	-0.458969	-0.437587	-0.37475	-0.267328	-0.11955	0.0572676	0.244805	0.41447	0.543592	0.632355	0.70198	0.77061	0.831679	0.886252	0.930012	0.944169	0.905124	0.784476	0.567937	0.264975	-0.0958846	-0.481086	-0.840101	-1.11203	-1.26161	-1.26161	
0.57961	0.538761	0.479843	0.397302	0.297013	0.192492	0.0839396	-0.0313176	-0.145711	-0.254825	-0.351655	-0.423131	-0.471586	-0.494778	-0.497833	-0.480355	-0.456517	-0.429557	-0.408431	-0.405949	-0.416556	-0.433146	-0.451117	-0.458969	-0.450802	-0.403521	-0.307472	-0.177707	-0.0221658	0.14222	0.319356	0.482458	0.60561	0.693801	0.760097	0.817041	0.869401	0.911715	0.940793	0.950952	0.903019	0.771332	0.55328	0.259717	-0.0787671	-0.438672	-0.77707	-1.03309	-1.17814	-1.17814	
0.620749	0.604288	0.56429	0.500225	0.421078	0.327022	0.222517	0.1148	0.00967066	-0.0774154	-0.157985	-0.230642	-0.292413	-0.343073	-0.381184	-0.401861	-0.411505	-0.404375	-0.393163	-0.399608	-0.418025	-0.437056	-0.44773	-0.437587	-0.403521	-0.332987	-0.211565	-0.0617955	0.0956794	0.246589	0.399282	0.542524	0.654065	0.73201	0.78853	0.831386	0.868781	0.900555	0.923177	0.937507	0.891459	0.760147	0.555422	0.278209	-0.0349785	-0.362827	-0.677867	-0.915593	-1.04914	-1.04914	
0.630315	0.626616	0.59671	0.551866	0.491972	0.412993	0.319226	0.220145	0.12769	0.0604909	-0.00335418	-0.063798	-0.128511	-0.19556	-0.262903	-0.316689	-0.350612	-0.366206	-0.375242	-0.387507	-0.404367	-0.414967	-0.406723	-0.37475	-0.307472	-0.211565	-0.0741647	0.0781306	0.21741	0.342461	0.459066	0.57118	0.665323	0.733379	0.781648	0.815706	0.839459	0.862131	0.889382	0.909459	0.87401	0.759713	0.569947	0.319598	0.0391677	-0.258851	-0.54038	-0.754548	-0.872846	-0.872846	
0.611765	0.607919	0.583974	0.551719	0.505197	0.444254	0.365281	0.273639	0.195042	0.143349	0.101346	0.0545035	-0.00283144	-0.0786242	-0.154542	-0.223561	-0.271736	-0.305581	-0.326293	-0.336064	-0.349154	-0.349131	-0.323002	-0.267328	-0.177707	-0.0617955	0.0781306	0.217101	0.320989	0.402534	0.478796	0.55743	0.631763	0.689757	0.733214	0.76628	0.791674	0.814562	0.851395	0.879895	0.854909	0.760496	0.593517	0.376211	0.134444	-0.126195	-0.368956	-0.547742	-0.648441	-0.648441	
0.568461	0.564758	0.544554	0.517185	0.479981	0.428814	0.354396	0.266028	0.19631	0.156893	0.136657	0.107525	0.0656395	0.00388879	-0.0683733	-0.133373	-0.182787	-0.215508	-0.229566	-0.234441	-0.236673	-0.226749	-0.190402	-0.11955	-0.0221658	0.0956794	0.21741	0.320989	0.388519	0.425132	0.457952	0.503156	0.556092	0.611465	0.661754	0.701278	0.728873	0.760073	0.808435	0.845402	0.839421	0.763861	0.622628	0.442083	0.235278	0.0191839	-0.17706	-0.318194	-0.393231	-0.393231	
0.510213	0.503244	0.48374	0.451152	0.413454	0.360631	0.279023	0.191524	0.126991	0.096019	0.097163	0.0956207	0.0799343	0.0438074	-0.012991	-0.0604039	-0.0900393	-0.103703	-0.104048	-0.0966064	-0.0802931	-0.0522254	-0.00910359	0.0572676	0.14222	0.246589	0.342461	0.402534	0.425132	0.418379	0.41716	0.435986	0.473478	0.523195	0.577042	0.619844	0.655993	0.702912	0.757823	0.810267	0.821764	0.765329	0.65363	0.50722	0.331241	0.154763	0.00516891	-0.108358	-0.154791	-0.154791	
0.446629	0.432676	0.402141	0.359665	0.310114	0.241714	0.15042	0.0602162	-0.00499589	-0.0236298	-0.000298128	0.0317611	0.0491961	0.0412261	0.0160139	-0.00515599	-0.0120121	-0.00597451	0.0114803	0.0424167	0.0835805	0.128703	0.181955	0.244805	0.319356	0.399282	0.459066	0.478796	0.457952	0.41716	0.387602	0.38399	0.409187	0.450709	0.499736	0.544091	0.581663	0.633348	0.698623	0.760979	0.78458	0.750646	0.66506	0.544269	0.399423	0.256669	0.144566	0.0636204	0.0351493	0.0351493	
0.383805	0.361173	0.315028	0.257309	0.187867	0.0999764	-0.00329909	-0.0976107	-0.158581	-0.166628	-0.122632	-0.05922	-0.0124164	0.0145875	0.023337	0.0235022	0.0382626	0.063511	0.0988108	0.148938	0.211106	0.277403	0.34876	0.41447	0.482458	0.542524	0.57118	0.55743	0.503156	0.435986	0.38399	0.365329	0.374867	0.408104	0.448246	0.48444	0.517728	0.564177	0.628766	0.682139	0.709781	0.691464	0.624035	0.529209	0.416871	0.309573	0.232112	0.187297	0.169851	0.169851	
0.327877	0.289235	0.227703	0.150412	0.0624474	-0.0389502	-0.148184	-0.238127	-0.292258	-0.293478	-0.235586	-0.152282	-0.0805467	-0.0248254	0.0104625	0.0315278	0.068008	0.109016	0.153328	0.214798	0.291249	0.382129	0.471574	0.543592	0.60561	0.654065	0.665323	0.631763	0.556092	0.473478	0.409187	0.374867	0.373569	0.394341	0.41611	0.430701	0.454382	0.488345	0.535635	0.577529	0.595634	0.578442	0.527903	0.453289	0.369224	0.305463	0.26703	0.255853	0.255581	0.255581	
0.26847	0.211148	0.133985	0.040932	-0.0571936	-0.162875	-0.266125	-0.344691	-0.390485	-0.383974	-0.315628	-0.224062	-0.135544	-0.0611986	-0.00730307	0.0408547	0.0876598	0.136767	0.1869	0.257179	0.346355	0.449543	0.548666	0.632355	0.693801	0.73201	0.733379	0.689757	0.611465	0.523195	0.450709	0.408104	0.394341	0.392082	0.387294	0.374829	0.372976	0.382268	0.406946	0.425771	0.426471	0.411594	0.373626	0.323071	0.275094	0.254804	0.259863	0.279915	0.294595	0.294595	
0.195477	0.116522	0.0183497	-0.0830685	-0.185716	-0.27835	-0.361882	-0.422143	-0.450114	-0.431061	-0.357917	-0.261784	-0.163524	-0.0726078	-0.0023145	0.0656333	0.121131	0.174864	0.232898	0.302811	0.397664	0.508334	0.613831	0.70198	0.760097	0.78853	0.781648	0.733214	0.661754	0.577042	0.499736	0.448246	0.41611	0.387294	0.343166	0.292667	0.256978	0.239696	0.238034	0.225273	0.210958	0.197132	0.173595	0.152788	0.145667	0.168606	0.212263	0.261332	0.28606	0.28606	
0.104641	0.00434116	-0.110658	-0.217446	-0.312009	-0.38124	-0.434094	-0.470971	-0.475164	-0.442933	-0.366808	-0.263876	-0.154611	-0.0488822	0.0404415	0.125809	0.193578	0.251214	0.307853	0.374699	0.466803	0.57846	0.685579	0.77061	0.817041	0.831386	0.815706	0.76628	0.701278	0.619844	0.544091	0.48444	0.430701	0.374829	0.292667	0.19965	0.125153	0.0757557	0.0402543	0.00194275	-0.0261747	-0.046345	-0.0545165	-0.0507443	-0.0269788	0.0363766	0.115736	0.189334	0.226677	0.226677	
-0.00114674	-0.108813	-0.224129	-0.330317	-0.407565	-0.452363	-0.47465	-0.489215	-0.473218	-0.426087	-0.345178	-0.233023	-0.109925	0.00786173	0.121602	0.226282	0.305157	0.363054	0.412186	0.474965	0.55983	0.661531	0.758693	0.831679	0.869401	0.868781	0.839459	0.791674	0.728873	0.655993	0.581663	0.517728	0.454382	0.372976	0.256978	0.125153	0.0151598	-0.070447	-0.144634	-0.219552	-0.279556	-0.313666	-0.313828	-0.288622	-0.232765	-0.134596	-0.0297987	0.0589189	0.104691	0.104691	
-0.125709	-0.222048	-0.328308	-0.422418	-0.476052	-0.490961	-0.486716	-0.471817	-0.438514	-0.37395	-0.285585	-0.165947	-0.0303193	0.102328	0.236566	0.354592	0.44149	0.498981	0.541118	0.590256	0.660911	0.746852	0.82995	0.886252	0.911715	0.900555	0.862131	0.814562	0.760073	0.702912	0.633348	0.564177	0.488345	0.382268	0.239696	0.0757557	-0.070447	-0.193491	-0.30894	-0.421964	-0.517782	-0.569641	-0.574468	-0.538386	-0.458054	-0.342022	-0.215129	-0.112755	-0.0600876	-0.0600876	
-0.274769	-0.34641	-0.427681	-0.493801	-0.51948	-0.500088	-0.468358	-0.424585	-0.365547	-0.285864	-0.182552	-0.0532321	0.0920477	0.234554	0.376752	0.497786	0.58531	0.635623	0.664103	0.695841	0.74863	0.816962	0.884693	0.930012	0.940793	0.923177	0.889382	0.851395	0.808435	0.757823	0.698623	0.628766	0.535635	0.406946	0.238034	0.0402543	-0.144634	-0.30894	-0.468388	-0.61693	-0.744964	-0.812149	-0.818287	-0.768526	-0.664053	-0.530428	-0.381986	-0.268618	-0.206161	-0.206161	
-0.432888	-0.472484	-0.524163	-0.555836	-0.54787	-0.499887	-0.43346	-0.360187	-0.272533	-0.171201	-0.0518436	0.0884101	0.238185	0.381205	0.52187	0.634998	0.714452	0.749111	0.760263	0.774915	0.811704	0.863846	0.912739	0.944169	0.950952	0.937507	0.909459	0.879895	0.845402	0.810267	0.760979	0.682139	0.577529	0.425771	0.225273	0.00194275	-0.219552	-0.421964	-0.61693	-0.800952	-0.950397	-1.0267	-1.0196	-0.939406	-0.800529	-0.635177	-0.467544	-0.339692	-0.269269	-0.269269	
-0.569802	-0.581684	-0.602398	-0.604217	-0.558571	-0.48488	-0.387212	-0.282028	-0.170376	-0.0512539	0.076983	0.217579	0.360301	0.498675	0.626574	0.726166	0.791509	0.816294	0.814753	0.812383	0.827506	0.858315	0.889599	0.905124	0.903019	0.891459	0.87401	0.854909	0.839421	0.821764	0.78458	0.709781	0.595634	0.426471	0.210958	-0.0261747	-0.279556	-0.517782	-0.744964	-0.950397	-1.10066	-1.1699	-1.13704	-1.01641	-0.83831	-0.633837	-0.433124	-0.27948	-0.193318	-0.193318	
-0.658564	-0.656246	-0.651327	-0.625422	-0.559403	-0.464927	-0.345395	-0.218512	-0.0889643	0.0377236	0.160923	0.290124	0.414194	0.534236	0.640113	0.725684	0.778349	0.79672	0.789364	0.772999	0.770632	0.778005	0.786365	0.784476	0.771332	0.760147	0.759713	0.760496	0.763861	0.765329	0.750646	0.691464	0.578442	0.411594	0.197132	-0.046345	-0.313666	-0.569641	-0.812149	-1.0267	-1.1699	-1.21657	-1.14725	-0.976852	-0.744868	-0.492627	-0.257996	-0.0800862	0.0209107	0.0209107	
-0.712007	-0.699665	-0.678509	-0.631963	-0.55504	-0.450754	-0.320582	-0.182338	-0.0461174	0.078396	0.184206	0.28863	0.380961	0.467726	0.545833	0.606805	0.645587	0.656508	0.64729	0.624608	0.609395	0.597377	0.584778	0.567937	0.55328	0.555422	0.569947	0.593517	0.622628	0.65363	0.66506	0.624035	0.527903	0.373626	0.173595	-0.0545165	-0.313828	-0.574468	-0.818287	-1.0196	-1.13704	-1.14725	-1.03138	-0.805076	-0.519463	-0.221723	0.0493978	0.252429	0.364794	0.364794	
-0.743382	-0.725238	-0.685715	-0.624752	-0.539747	-0.432354	-0.300825	-0.161189	-0.0269614	0.082668	0.161571	0.223179	0.271591	0.310431	0.347399	0.372464	0.385893	0.389801	0.380177	0.356685	0.329702	0.305651	0.284048	0.264975	0.259717	0.278209	0.319598	0.376211	0.442083	0.50722	0.544269	0.529209	0.453289	0.323071	0.152788	-0.0507443	-0.288622	-0.538386	-0.768526	-0.939406	-1.01641	-0.976852	-0.805076	-0.526932	-0.188359	0.158013	0.463473	0.69356	0.81888	0.81888	
-0.757775	-0.72887	-0.66459	-0.584504	-0.496161	-0.39137	-0.271725	-0.144623	-0.0268277	0.0554612	0.0976649	0.109473	0.105357	0.0882898	0.0736223	0.0552477	0.0366304	0.0240817	0.00852415	-0.0120694	-0.0402463	-0.067821	-0.088406	-0.0958846	-0.0787671	-0.0349785	0.0391677	0.134444	0.235278	0.331241	0.399423	0.416871	0.369224	0.275094	0.145667	-0.0269788	-0.232765	-0.458054	-0.664053	-0.800529	-0.83831	-0.744868	-0.519463	-0.188359	0.209044	0.602195	0.941719	1.1935	1.32687	1.32687	
-0.753522	-0.702003	-0.607947	-0.502987	-0.407361	-0.308989	-0.210439	-0.108215	-0.024413	0.016225	0.0105753	-0.0372613	-0.101316	-0.173901	-0.240536	-0.302968	-0.352718	-0.383072	-0.400975	-0.419079	-0.446009	-0.474379	-0.491341	-0.481086	-0.438672	-0.362827	-0.258851	-0.126195	0.0191839	0.154763	0.256669	0.309573	0.305463	0.254804	0.168606	0.0363766	-0.134596	-0.342022	-0.530428	-0.635177	-0.633837	-0.492627	-0.221723	0.158013	0.602195	1.03618	1.41468	1.68949	1.83272	1.83272	
-0.729359	-0.654479	-0.534596	-0.407503	-0.302528	-0.213066	-0.131198	-0.0573242	-0.0127085	-0.0186354	-0.0798556	-0.192705	-0.318356	-0.442636	-0.555417	-0.650037	-0.720555	-0.757546	-0.771018	-0.783895	-0.81105	-0.842894	-0.860751	-0.840101	-0.77707	-0.677867	-0.54038	-0.368956	-0.17706	0.00516891	0.144566	0.232112	0.26703	0.259863	0.212263	0.115736	-0.0297987	-0.215129	-0.381986	-0.467544	-0.433124	-0.257996	0.0493978	0.463473	0.941719	1.41468	1.81571	2.10777	2.25785	2.25785	
-0.706051	-0.609413	-0.466227	-0.32187	-0.206377	-0.125184	-0.0610279	-0.0132646	-0.00568211	-0.0535937	-0.162714	-0.323326	-0.500487	-0.660367	-0.805501	-0.92253	-1.00099	-1.04204	-1.05505	-1.05793	-1.08413	-1.12237	-1.13971	-1.11203	-1.03309	-0.915593	-0.754548	-0.547742	-0.318194	-0.108358	0.0636204	0.187297	0.255853	0.279915	0.261332	0.189334	0.0589189	-0.112755	-0.268618	-0.339692	-0.27948	-0.0800862	0.252429	0.69356	1.1935	1.68949	2.10777	2.40736	2.56053	2.56053	
-0.688468	-0.583632	-0.433026	-0.278874	-0.158943	-0.0795489	-0.0204647	0.01701	0.00412982	-0.0653022	-0.203667	-0.397331	-0.604833	-0.786119	-0.950018	-1.0741	-1.15556	-1.19383	-1.19682	-1.19893	-1.22398	-1.26669	-1.29047	-1.26161	-1.17814	-1.04914	-0.872846	-0.648441	-0.393231	-0.154791	0.0351493	0.169851	0.255581	0.294595	0.28606	0.226677	0.104691	-0.0600876	-0.206161	-0.269269	-0.193318	0.0209107	0.364794	0.81888	1.32687	1.83272	2.25785	2.56053	2.71509	2.71509	
-0.688468	-0.583632	-0.433026	-0.278874	-0.158943	-0.0795489	-0.0204647	0.01701	0.00412982	-0.0653022	-0.203667	-0.397331	-0.604833	-0.786119	-0.950018	-1.0741	-1.15556	-1.19383	-1.19682	-1.19893	-1.22398	-1.26669	-1.29047	-1.26161	-1.17814	-1.04914	-0.872846	-0.648441	-0.393231	-0.154791	0.0351493	0.169851	0.255581	0.294595	0.28606	0.226677	0.104691	-0.0600876	-0.206161	-0.269269	-0.193318	0.0209107	0.364794	0.81888	1.32687	1.83272	2.25785	2.56053	2.71509	2.71509	
