0.0785634	0.0785634	0.016564	-0.10805	-0.278216	-0.445909	-0.581725	-0.67219	-0.68119	-0.586713	-0.409162	-0.169696	0.095373	0.345079	0.567482	0.750452	0.88908	1.00838	1.11125	1.15813	1.14406	1.06335	0.917257	0.728024	0.51144	0.272435	0.037661	-0.184681	-0.378804	-0.516387	-0.592228	-0.596417	-0.527843	-0.405102	-0.250936	-0.0920959	0.0598372	0.189419	0.308887	0.41692	0.511477	0.586915	0.613975	0.559204	0.455136	0.334942	0.223384	0.133764	0.0305056	-0.0783457	
0.0785634	0.0785634	0.016564	-0.10805	-0.278216	-0.445909	-0.581725	-0.67219	-0.68119	-0.586713	-0.409162	-0.169696	0.095373	0.345079	0.567482	0.750452	0.88908	1.00838	1.11125	1.15813	1.14406	1.06335	0.917257	0.728024	0.51144	0.272435	0.037661	-0.184681	-0.378804	-0.516387	-0.592228	-0.596417	-0.527843	-0.405102	-0.250936	-0.0920959	0.0598372	0.189419	0.308887	0.41692	0.511477	0.586915	0.613975	0.559204	0.455136	0.334942	0.223384	0.133764	0.0305056	-0.0783457	
0.016564	0.016564	-0.0525858	-0.181228	-0.347799	-0.514666	-0.656173	-0.740211	-0.737291	-0.641559	-0.473239	-0.239719	0.0248844	0.282332	0.507857	0.693147	0.837138	0.954328	1.04491	1.09163	1.08257	1.00338	0.859855	0.673865	0.459376	0.230245	0.0104676	-0.204795	-0.396577	-0.530445	-0.601241	-0.602225	-0.528706	-0.408726	-0.262315	-0.105084	0.0479382	0.186231	0.313959	0.424407	0.515327	0.580462	0.602897	0.564882	0.478663	0.367652	0.258207	0.150129	0.0324543	-0.0774303	
-0.10805	-0.10805	-0.181228	-0.309313	-0.469937	-0.635179	-0.780242	-0.861662	-0.85775	-0.763853	-0.589625	-0.347058	-0.0836987	0.169321	0.392893	0.582441	0.733708	0.847891	0.930842	0.978851	0.96825	0.887759	0.752288	0.573767	0.364425	0.150147	-0.0536601	-0.253406	-0.430283	-0.552007	-0.611647	-0.607287	-0.537742	-0.425801	-0.288512	-0.134167	0.0246056	0.171487	0.306422	0.426997	0.520571	0.575662	0.59468	0.570589	0.505221	0.404753	0.292173	0.168709	0.0398504	-0.0788247	
-0.278216	-0.278216	-0.347799	-0.469937	-0.624473	-0.789727	-0.936782	-1.02103	-1.01551	-0.918994	-0.736116	-0.48223	-0.211404	0.0359187	0.25123	0.441867	0.600414	0.718814	0.799886	0.840343	0.822451	0.743549	0.618748	0.451082	0.255007	0.0533218	-0.134742	-0.311098	-0.462006	-0.564047	-0.610284	-0.603589	-0.549172	-0.449443	-0.319682	-0.165131	0.0010977	0.149791	0.285432	0.411392	0.509387	0.566428	0.59028	0.572398	0.519615	0.430543	0.313722	0.184412	0.0379622	-0.097252	
-0.445909	-0.445909	-0.514666	-0.635179	-0.789727	-0.955282	-1.09846	-1.17816	-1.16363	-1.06089	-0.880473	-0.629449	-0.3498	-0.0970035	0.123636	0.315444	0.47244	0.589776	0.670919	0.699631	0.679259	0.605574	0.484154	0.328842	0.153731	-0.0278566	-0.193008	-0.342069	-0.470552	-0.552005	-0.588773	-0.58578	-0.542456	-0.460704	-0.341089	-0.190511	-0.0258889	0.118765	0.253749	0.376498	0.472509	0.53711	0.572022	0.563708	0.520968	0.441718	0.325533	0.185587	0.0201287	-0.134516	
-0.581725	-0.581725	-0.656173	-0.780242	-0.936782	-1.09846	-1.22926	-1.29888	-1.28188	-1.17291	-0.989965	-0.742737	-0.462502	-0.196062	0.037319	0.232009	0.379196	0.488543	0.565044	0.593143	0.575557	0.500177	0.373756	0.227442	0.0750664	-0.0810199	-0.214187	-0.335703	-0.441313	-0.507508	-0.542314	-0.547818	-0.515041	-0.452291	-0.347042	-0.207216	-0.059216	0.0783661	0.211209	0.327501	0.420775	0.490758	0.532604	0.54079	0.510707	0.433986	0.31046	0.15504	-0.0233047	-0.19316	
-0.67219	-0.67219	-0.740211	-0.861662	-1.02103	-1.17816	-1.29888	-1.3609	-1.34691	-1.23395	-1.03806	-0.782629	-0.502567	-0.227322	0.0151322	0.204734	0.33793	0.439656	0.518237	0.552384	0.527862	0.443493	0.312721	0.171189	0.0350376	-0.0874004	-0.191244	-0.285905	-0.367733	-0.425301	-0.462847	-0.478966	-0.461714	-0.416241	-0.330597	-0.216147	-0.092416	0.0321825	0.15552	0.271435	0.370136	0.446907	0.496226	0.507864	0.482361	0.405771	0.27727	0.105997	-0.0824942	-0.268888	
-0.68119	-0.68119	-0.737291	-0.85775	-1.01551	-1.16363	-1.28188	-1.34691	-1.3251	-1.20398	-1.00186	-0.738732	-0.451595	-0.171528	0.0661787	0.247006	0.376811	0.479338	0.546889	0.568868	0.532585	0.443687	0.318243	0.182135	0.0577788	-0.0430043	-0.12091	-0.188245	-0.246876	-0.297485	-0.340489	-0.3699	-0.37652	-0.346288	-0.288443	-0.205478	-0.107823	-0.0041471	0.100404	0.208684	0.31322	0.405151	0.468332	0.480773	0.448975	0.371664	0.243526	0.07004	-0.137915	-0.336614	
-0.586713	-0.586713	-0.641559	-0.763853	-0.918994	-1.06089	-1.17291	-1.23395	-1.20398	-1.08038	-0.872066	-0.602055	-0.312308	-0.0416446	0.193762	0.375898	0.508805	0.600946	0.649516	0.647866	0.597433	0.503843	0.38454	0.256078	0.141103	0.0581243	0.00206121	-0.0435612	-0.0894578	-0.137461	-0.189614	-0.233602	-0.257953	-0.253146	-0.229154	-0.183033	-0.112063	-0.0310642	0.0576578	0.155201	0.262241	0.369357	0.452016	0.478246	0.443834	0.356963	0.227505	0.0566112	-0.157774	-0.36977	
-0.409162	-0.409162	-0.473239	-0.589625	-0.736116	-0.880473	-0.989965	-1.03806	-1.00186	-0.872066	-0.657194	-0.384572	-0.0984981	0.164709	0.392931	0.578124	0.710359	0.782635	0.806594	0.782829	0.716442	0.611901	0.491886	0.365817	0.258318	0.184253	0.144502	0.115956	0.0805509	0.0322983	-0.0280326	-0.0860234	-0.129505	-0.157163	-0.167165	-0.154193	-0.109835	-0.0444637	0.0348368	0.124873	0.233467	0.350394	0.447881	0.495199	0.467388	0.372083	0.233702	0.0599277	-0.151339	-0.366288	
-0.169696	-0.169696	-0.239719	-0.347058	-0.48223	-0.629449	-0.742737	-0.782629	-0.738732	-0.602055	-0.384572	-0.117838	0.164961	0.428427	0.650619	0.820937	0.931822	0.982239	0.989492	0.948083	0.8587	0.741374	0.610401	0.484022	0.384628	0.320712	0.285258	0.265687	0.239262	0.193382	0.134046	0.0659661	0.00153588	-0.0613738	-0.105578	-0.124198	-0.106458	-0.0548301	0.0231137	0.119131	0.233724	0.357145	0.464822	0.521016	0.504647	0.417479	0.278556	0.09648	-0.10942	-0.317212	
0.095373	0.095373	0.0248844	-0.0836987	-0.211404	-0.3498	-0.462502	-0.502567	-0.451595	-0.312308	-0.0984981	0.164961	0.446804	0.709242	0.918443	1.06677	1.15396	1.18685	1.16883	1.10518	0.997305	0.863083	0.718938	0.597076	0.50678	0.446052	0.413201	0.396804	0.373968	0.335911	0.280073	0.203281	0.116132	0.0293534	-0.0424929	-0.0810356	-0.0861798	-0.0520486	0.0214912	0.128469	0.253685	0.387902	0.505688	0.571471	0.565709	0.493225	0.357901	0.175361	-0.0327456	-0.234939	
0.345079	0.345079	0.282332	0.169321	0.0359187	-0.0970035	-0.196062	-0.227322	-0.171528	-0.0416446	0.164709	0.428427	0.709242	0.959768	1.15418	1.28284	1.34729	1.35756	1.31243	1.22494	1.09754	0.944467	0.791715	0.672613	0.586075	0.532732	0.506275	0.48912	0.469738	0.441254	0.387793	0.30682	0.205356	0.102067	0.0158197	-0.0334447	-0.050408	-0.0274347	0.0422121	0.157696	0.296455	0.441899	0.564511	0.64003	0.644567	0.581622	0.454191	0.27719	0.0685727	-0.142796	
0.567482	0.567482	0.507857	0.392893	0.25123	0.123636	0.037319	0.0151322	0.0661787	0.193762	0.392931	0.650619	0.918443	1.15418	1.33241	1.44392	1.4836	1.46068	1.38641	1.2749	1.13481	0.972028	0.817317	0.690132	0.59944	0.553367	0.540055	0.533707	0.525612	0.507641	0.460737	0.378754	0.270702	0.164063	0.0765088	0.0218015	0.00445013	0.0270449	0.0945649	0.21461	0.364432	0.514976	0.638623	0.716986	0.730862	0.672999	0.550974	0.376187	0.17086	-0.0485268	
0.750452	0.750452	0.693147	0.582441	0.441867	0.315444	0.232009	0.204734	0.247006	0.375898	0.578124	0.820937	1.06677	1.28284	1.44392	1.53058	1.54119	1.48871	1.39078	1.25906	1.10615	0.943186	0.786086	0.652445	0.565083	0.533846	0.53344	0.543577	0.550222	0.538677	0.501396	0.431245	0.334387	0.237116	0.156488	0.0988362	0.0787231	0.101935	0.175094	0.298322	0.455037	0.608429	0.730886	0.808954	0.828201	0.771804	0.65028	0.475585	0.270363	0.0460442	
0.88908	0.88908	0.837138	0.733708	0.600414	0.47244	0.379196	0.33793	0.376811	0.508805	0.710359	0.931822	1.15396	1.34729	1.4836	1.54119	1.52945	1.45332	1.3323	1.18216	1.01774	0.853622	0.699406	0.57287	0.497555	0.480493	0.493284	0.52324	0.546073	0.539752	0.512032	0.46188	0.391942	0.316613	0.250955	0.199684	0.177823	0.199402	0.27527	0.39797	0.553305	0.707605	0.827559	0.902161	0.916944	0.861023	0.740631	0.568238	0.354797	0.119596	
1.00838	1.00838	0.954328	0.847891	0.718814	0.589776	0.488543	0.439656	0.479338	0.600946	0.782635	0.982239	1.18685	1.35756	1.46068	1.48871	1.45332	1.36097	1.22309	1.05822	0.879223	0.715167	0.570963	0.461912	0.40775	0.405502	0.427802	0.474152	0.515963	0.520489	0.504521	0.481245	0.440772	0.390521	0.343971	0.305327	0.285084	0.310514	0.38542	0.500999	0.646273	0.797509	0.906923	0.973964	0.977099	0.921232	0.807149	0.635246	0.410755	0.160783	
1.11125	1.11125	1.04491	0.930842	0.799886	0.670919	0.565044	0.518237	0.546889	0.649516	0.806594	0.989492	1.16883	1.31243	1.38641	1.39078	1.3323	1.22309	1.07404	0.900688	0.718854	0.557773	0.427676	0.344195	0.314016	0.325321	0.359643	0.416414	0.469215	0.491591	0.497193	0.496577	0.485063	0.461781	0.430726	0.400792	0.386605	0.413979	0.483574	0.58988	0.720377	0.857067	0.95948	1.01526	1.00936	0.94819	0.832168	0.651258	0.420237	0.15858	
1.15813	1.15813	1.09163	0.978851	0.840343	0.699631	0.593143	0.552384	0.568868	0.647866	0.782829	0.948083	1.10518	1.22494	1.2749	1.25906	1.18216	1.05822	0.900688	0.729819	0.557855	0.407836	0.299284	0.24436	0.231327	0.25364	0.300084	0.36125	0.418871	0.463531	0.493163	0.515035	0.525728	0.522495	0.501487	0.478837	0.475744	0.505051	0.563426	0.65188	0.762867	0.876905	0.964782	1.01284	1.00143	0.93259	0.806043	0.611162	0.371747	0.109473	
1.14406	1.14406	1.08257	0.96825	0.822451	0.679259	0.575557	0.527862	0.532585	0.597433	0.716442	0.8587	0.997305	1.09754	1.13481	1.10615	1.01774	0.879223	0.718854	0.557855	0.406396	0.28124	0.203129	0.171283	0.16676	0.197786	0.25438	0.316482	0.380271	0.443211	0.494819	0.52952	0.553147	0.560959	0.550653	0.538782	0.550857	0.57905	0.619667	0.683139	0.769971	0.861045	0.930965	0.965393	0.948375	0.870297	0.728914	0.522436	0.278396	0.0232501	
1.06335	1.06335	1.00338	0.887759	0.743549	0.605574	0.500177	0.443493	0.443687	0.503843	0.611901	0.741374	0.863083	0.944467	0.972028	0.943186	0.853622	0.715167	0.557773	0.407836	0.28124	0.188254	0.13565	0.121205	0.13243	0.172662	0.225886	0.284839	0.353402	0.428003	0.493955	0.541027	0.567303	0.583994	0.590928	0.594081	0.609239	0.632771	0.661997	0.70688	0.769197	0.837882	0.883028	0.897762	0.86329	0.766364	0.607385	0.393129	0.151365	-0.0899071	
0.917257	0.917257	0.859855	0.752288	0.618748	0.484154	0.373756	0.312721	0.318243	0.38454	0.491886	0.610401	0.718938	0.791715	0.817317	0.786086	0.699406	0.570963	0.427676	0.299284	0.203129	0.13565	0.0949195	0.0923477	0.119661	0.165564	0.213099	0.27212	0.344051	0.417146	0.488595	0.546806	0.578552	0.600866	0.626119	0.646431	0.660932	0.677699	0.708908	0.74733	0.785414	0.820894	0.833295	0.818452	0.761404	0.644575	0.469263	0.250037	0.0118201	-0.216476	
0.728024	0.728024	0.673865	0.573767	0.451082	0.328842	0.227442	0.171189	0.182135	0.256078	0.365817	0.484022	0.597076	0.672613	0.690132	0.652445	0.57287	0.461912	0.344195	0.24436	0.171283	0.121205	0.0923477	0.0950215	0.12351	0.167754	0.216185	0.2822	0.35196	0.411054	0.476423	0.544371	0.588735	0.619385	0.656476	0.69114	0.715883	0.736882	0.770644	0.80257	0.820359	0.821685	0.793591	0.745336	0.662859	0.52942	0.34469	0.123456	-0.111142	-0.327947	
0.51144	0.51144	0.459376	0.364425	0.255007	0.153731	0.0750664	0.0350376	0.0577788	0.141103	0.258318	0.384628	0.50678	0.586075	0.59944	0.565083	0.497555	0.40775	0.314016	0.231327	0.16676	0.13243	0.119661	0.12351	0.144573	0.181509	0.228383	0.28819	0.348585	0.399018	0.458888	0.525467	0.583792	0.633302	0.680712	0.724021	0.766485	0.808022	0.844388	0.864349	0.863216	0.836559	0.769567	0.686913	0.577174	0.424439	0.23374	0.0158392	-0.210772	-0.415304	
0.272435	0.272435	0.230245	0.150147	0.0533218	-0.0278566	-0.0810199	-0.0874004	-0.0430043	0.0581243	0.184253	0.320712	0.446052	0.532732	0.553367	0.533846	0.480493	0.405502	0.325321	0.25364	0.197786	0.172662	0.165564	0.167754	0.181509	0.208929	0.241218	0.281361	0.33216	0.389153	0.442711	0.494893	0.555013	0.62796	0.697288	0.756433	0.81829	0.883411	0.928589	0.936942	0.912605	0.851569	0.750307	0.636861	0.502951	0.332221	0.132855	-0.0842859	-0.295085	-0.480482	
0.037661	0.037661	0.0104676	-0.0536601	-0.134742	-0.193008	-0.214187	-0.191244	-0.12091	0.00206121	0.144502	0.285258	0.413201	0.506275	0.540055	0.53344	0.493284	0.427802	0.359643	0.300084	0.25438	0.225886	0.213099	0.216185	0.228383	0.241218	0.254648	0.281997	0.325747	0.377699	0.42302	0.469713	0.529907	0.612046	0.705107	0.791228	0.874946	0.950854	0.998521	1.00062	0.951509	0.853499	0.720048	0.578681	0.425436	0.243083	0.0381732	-0.173773	-0.363357	-0.519567	
-0.184681	-0.184681	-0.204795	-0.253406	-0.311098	-0.342069	-0.335703	-0.285905	-0.188245	-0.0435612	0.115956	0.265687	0.396804	0.48912	0.533707	0.543577	0.52324	0.474152	0.416414	0.36125	0.316482	0.284839	0.27212	0.2822	0.28819	0.281361	0.281997	0.301111	0.328643	0.355701	0.393557	0.453738	0.528639	0.61015	0.712816	0.828473	0.936346	1.0107	1.05068	1.04436	0.979536	0.857915	0.697646	0.521814	0.341973	0.14634	-0.0577578	-0.25501	-0.423988	-0.558485	
-0.378804	-0.378804	-0.396577	-0.430283	-0.462006	-0.470552	-0.441313	-0.367733	-0.246876	-0.0894578	0.0805509	0.239262	0.373968	0.469738	0.525612	0.550222	0.546073	0.515963	0.469215	0.418871	0.380271	0.353402	0.344051	0.35196	0.348585	0.33216	0.325747	0.328643	0.332374	0.344687	0.380998	0.449427	0.5336	0.627321	0.741208	0.873973	0.996456	1.07264	1.09664	1.07462	0.995258	0.858861	0.67627	0.471321	0.26408	0.0573393	-0.145535	-0.333351	-0.493234	-0.614894	
-0.516387	-0.516387	-0.530445	-0.552007	-0.564047	-0.552005	-0.507508	-0.425301	-0.297485	-0.137461	0.0322983	0.193382	0.335911	0.441254	0.507641	0.538677	0.539752	0.520489	0.491591	0.463531	0.443211	0.428003	0.417146	0.411054	0.399018	0.389153	0.377699	0.355701	0.344687	0.366399	0.40765	0.464571	0.547904	0.664756	0.799274	0.937133	1.06011	1.13306	1.14637	1.10144	1.00017	0.846331	0.644108	0.419473	0.200061	-0.0133605	-0.223743	-0.412331	-0.568561	-0.682172	
-0.592228	-0.592228	-0.601241	-0.611647	-0.610284	-0.588773	-0.542314	-0.462847	-0.340489	-0.189614	-0.0280326	0.134046	0.280073	0.387793	0.460737	0.501396	0.512032	0.504521	0.497193	0.493163	0.494819	0.493955	0.488595	0.476423	0.458888	0.442711	0.42302	0.393557	0.380998	0.40765	0.456681	0.511298	0.597929	0.727035	0.873065	1.01288	1.13114	1.19391	1.1897	1.1224	0.998521	0.827571	0.611518	0.37552	0.148005	-0.0750661	-0.292999	-0.486005	-0.643069	-0.751426	
-0.596417	-0.596417	-0.602225	-0.607287	-0.603589	-0.58578	-0.547818	-0.478966	-0.3699	-0.233602	-0.0860234	0.0659661	0.203281	0.30682	0.378754	0.431245	0.46188	0.481245	0.496577	0.515035	0.52952	0.541027	0.546806	0.544371	0.525467	0.494893	0.469713	0.453738	0.449427	0.464571	0.511298	0.588814	0.692883	0.817431	0.956217	1.09555	1.19746	1.23531	1.20799	1.11909	0.981853	0.803468	0.581135	0.34057	0.100947	-0.133036	-0.353254	-0.545571	-0.702351	-0.808243	
-0.527843	-0.527843	-0.528706	-0.537742	-0.549172	-0.542456	-0.515041	-0.461714	-0.37652	-0.257953	-0.129505	0.00153588	0.116132	0.205356	0.270702	0.334387	0.391942	0.440772	0.485063	0.525728	0.553147	0.567303	0.578552	0.588735	0.583792	0.555013	0.529907	0.528639	0.5336	0.547904	0.597929	0.692883	0.80999	0.93428	1.06018	1.1723	1.2355	1.23792	1.18755	1.08902	0.943431	0.756297	0.533578	0.29231	0.0473711	-0.18788	-0.40304	-0.587658	-0.731445	-0.82737	
-0.405102	-0.405102	-0.408726	-0.425801	-0.449443	-0.460704	-0.452291	-0.416241	-0.346288	-0.253146	-0.157163	-0.0613738	0.0293534	0.102067	0.164063	0.237116	0.316613	0.390521	0.461781	0.522495	0.560959	0.583994	0.600866	0.619385	0.633302	0.62796	0.612046	0.61015	0.627321	0.664756	0.727035	0.817431	0.93428	1.05879	1.16699	1.22992	1.23673	1.20312	1.13523	1.02572	0.874119	0.685412	0.466052	0.234947	0.00405519	-0.220677	-0.421667	-0.591759	-0.722356	-0.803864	
-0.250936	-0.250936	-0.262315	-0.288512	-0.319682	-0.341089	-0.347042	-0.330597	-0.288443	-0.229154	-0.167165	-0.105578	-0.0424929	0.0158197	0.0765088	0.156488	0.250955	0.343971	0.430726	0.501487	0.550653	0.590928	0.626119	0.656476	0.680712	0.697288	0.705107	0.712816	0.741208	0.799274	0.873065	0.956217	1.06018	1.16699	1.23728	1.2475	1.20763	1.14104	1.04495	0.920832	0.772735	0.595921	0.396493	0.18952	-0.0158603	-0.213314	-0.388686	-0.53828	-0.656672	-0.729401	
-0.0920959	-0.0920959	-0.105084	-0.134167	-0.165131	-0.190511	-0.207216	-0.216147	-0.205478	-0.183033	-0.154193	-0.124198	-0.0810356	-0.0334447	0.0218015	0.0988362	0.199684	0.305327	0.400792	0.478837	0.538782	0.594081	0.646431	0.69114	0.724021	0.756433	0.791228	0.828473	0.873973	0.937133	1.01288	1.09555	1.1723	1.22992	1.2475	1.21868	1.14848	1.05026	0.926543	0.796297	0.656981	0.500028	0.33015	0.161004	-0.00501355	-0.158246	-0.29662	-0.419434	-0.523435	-0.591761	
0.0598372	0.0598372	0.0479382	0.0246056	0.0010977	-0.0258889	-0.059216	-0.092416	-0.107823	-0.112063	-0.109835	-0.106458	-0.0861798	-0.050408	0.00445013	0.0787231	0.177823	0.285084	0.386605	0.475744	0.550857	0.609239	0.660932	0.715883	0.766485	0.81829	0.874946	0.936346	0.996456	1.06011	1.13114	1.19746	1.2355	1.23673	1.20763	1.14848	1.04994	0.920912	0.789464	0.672474	0.551007	0.422863	0.294482	0.17487	0.0647264	-0.0382028	-0.139341	-0.239569	-0.33294	-0.401048	
0.189419	0.189419	0.186231	0.171487	0.149791	0.118765	0.0783661	0.0321825	-0.0041471	-0.0310642	-0.0444637	-0.0548301	-0.0520486	-0.0274347	0.0270449	0.101935	0.199402	0.310514	0.413979	0.505051	0.57905	0.632771	0.677699	0.736882	0.808022	0.883411	0.950854	1.0107	1.07264	1.13306	1.19391	1.23531	1.23792	1.20312	1.14104	1.05026	0.920912	0.774948	0.648562	0.553648	0.471272	0.39272	0.31935	0.256612	0.199296	0.139572	0.0664856	-0.0191156	-0.107742	-0.182428	
0.308887	0.308887	0.313959	0.306422	0.285432	0.253749	0.211209	0.15552	0.100404	0.0576578	0.0348368	0.0231137	0.0214912	0.0422121	0.0945649	0.175094	0.27527	0.38542	0.483574	0.563426	0.619667	0.661997	0.708908	0.770644	0.844388	0.928589	0.998521	1.05068	1.09664	1.14637	1.1897	1.20799	1.18755	1.13523	1.04495	0.926543	0.789464	0.648562	0.533166	0.466137	0.434103	0.420917	0.407355	0.400922	0.388332	0.364876	0.315848	0.2401	0.148405	0.0505116	
0.41692	0.41692	0.424407	0.426997	0.411392	0.376498	0.327501	0.271435	0.208684	0.155201	0.124873	0.119131	0.128469	0.157696	0.21461	0.298322	0.39797	0.500999	0.58988	0.65188	0.683139	0.70688	0.74733	0.80257	0.864349	0.936942	1.00062	1.04436	1.07462	1.10144	1.1224	1.11909	1.08902	1.02572	0.920832	0.796297	0.672474	0.553648	0.466137	0.432936	0.451576	0.499497	0.545838	0.590733	0.622189	0.625674	0.592501	0.517186	0.409709	0.281322	
0.511477	0.511477	0.515327	0.520571	0.509387	0.472509	0.420775	0.370136	0.31322	0.262241	0.233467	0.233724	0.253685	0.296455	0.364432	0.455037	0.553305	0.646273	0.720377	0.762867	0.769971	0.769197	0.785414	0.820359	0.863216	0.912605	0.951509	0.979536	0.995258	1.00017	0.998521	0.981853	0.943431	0.874119	0.772735	0.656981	0.551007	0.471272	0.434103	0.451576	0.522849	0.624455	0.723119	0.814079	0.876516	0.897964	0.873955	0.78993	0.661845	0.504131	
0.586915	0.586915	0.580462	0.575662	0.566428	0.53711	0.490758	0.446907	0.405151	0.369357	0.350394	0.357145	0.387902	0.441899	0.514976	0.608429	0.707605	0.797509	0.857067	0.876905	0.861045	0.837882	0.820894	0.821685	0.836559	0.851569	0.853499	0.857915	0.858861	0.846331	0.827571	0.803468	0.756297	0.685412	0.595921	0.500028	0.422863	0.39272	0.420917	0.499497	0.624455	0.777045	0.918506	1.03905	1.11962	1.15478	1.13489	1.04729	0.899646	0.707632	
0.613975	0.613975	0.602897	0.59468	0.59028	0.572022	0.532604	0.496226	0.468332	0.452016	0.447881	0.464822	0.505688	0.564511	0.638623	0.730886	0.827559	0.906923	0.95948	0.964782	0.930965	0.883028	0.833295	0.793591	0.769567	0.750307	0.720048	0.697646	0.67627	0.644108	0.611518	0.581135	0.533578	0.466052	0.396493	0.33015	0.294482	0.31935	0.407355	0.545838	0.723119	0.918506	1.09154	1.23037	1.32499	1.36597	1.35138	1.25884	1.09256	0.87565	
0.559204	0.559204	0.564882	0.570589	0.572398	0.563708	0.54079	0.507864	0.480773	0.478246	0.495199	0.521016	0.571471	0.64003	0.716986	0.808954	0.902161	0.973964	1.01526	1.01284	0.965393	0.897762	0.818452	0.745336	0.686913	0.636861	0.578681	0.521814	0.471321	0.419473	0.37552	0.34057	0.29231	0.234947	0.18952	0.161004	0.17487	0.256612	0.400922	0.590733	0.814079	1.03905	1.23037	1.3834	1.48495	1.52679	1.50785	1.40688	1.2245	0.994452	
0.455136	0.455136	0.478663	0.505221	0.519615	0.520968	0.510707	0.482361	0.448975	0.443834	0.467388	0.504647	0.565709	0.644567	0.730862	0.828201	0.916944	0.977099	1.00936	1.00143	0.948375	0.86329	0.761404	0.662859	0.577174	0.502951	0.425436	0.341973	0.26408	0.200061	0.148005	0.100947	0.0473711	0.00405519	-0.0158603	-0.00501355	0.0647264	0.199296	0.388332	0.622189	0.876516	1.11962	1.32499	1.48495	1.58836	1.63053	1.60317	1.49257	1.30249	1.06266	
0.334942	0.334942	0.367652	0.404753	0.430543	0.441718	0.433986	0.405771	0.371664	0.356963	0.372083	0.417479	0.493225	0.581622	0.672999	0.771804	0.861023	0.921232	0.94819	0.93259	0.870297	0.766364	0.644575	0.52942	0.424439	0.332221	0.243083	0.14634	0.0573393	-0.0133605	-0.0750661	-0.133036	-0.18788	-0.220677	-0.213314	-0.158246	-0.0382028	0.139572	0.364876	0.625674	0.897964	1.15478	1.36597	1.52679	1.63053	1.66665	1.63382	1.51914	1.3226	1.08129	
0.223384	0.223384	0.258207	0.292173	0.313722	0.325533	0.31046	0.27727	0.243526	0.227505	0.233702	0.278556	0.357901	0.454191	0.550974	0.65028	0.740631	0.807149	0.832168	0.806043	0.728914	0.607385	0.469263	0.34469	0.23374	0.132855	0.0381732	-0.0577578	-0.145535	-0.223743	-0.292999	-0.353254	-0.40304	-0.421667	-0.388686	-0.29662	-0.139341	0.0664856	0.315848	0.592501	0.873955	1.13489	1.35138	1.50785	1.60317	1.63382	1.59718	1.48415	1.29549	1.06831	
0.133764	0.133764	0.150129	0.168709	0.184412	0.185587	0.15504	0.105997	0.07004	0.0566112	0.0599277	0.09648	0.175361	0.27719	0.376187	0.475585	0.568238	0.635246	0.651258	0.611162	0.522436	0.393129	0.250037	0.123456	0.0158392	-0.0842859	-0.173773	-0.25501	-0.333351	-0.412331	-0.486005	-0.545571	-0.587658	-0.591759	-0.53828	-0.419434	-0.239569	-0.0191156	0.2401	0.517186	0.78993	1.04729	1.25884	1.40688	1.49257	1.51914	1.48415	1.38609	1.22862	1.03749	
0.0305056	0.0305056	0.0324543	0.0398504	0.0379622	0.0201287	-0.0233047	-0.0824942	-0.137915	-0.157774	-0.151339	-0.10942	-0.0327456	0.0685727	0.17086	0.270363	0.354797	0.410755	0.420237	0.371747	0.278396	0.151365	0.0118201	-0.111142	-0.210772	-0.295085	-0.363357	-0.423988	-0.493234	-0.568561	-0.643069	-0.702351	-0.731445	-0.722356	-0.656672	-0.523435	-0.33294	-0.107742	0.148405	0.409709	0.661845	0.899646	1.09256	1.2245	1.30249	1.3226	1.29549	1.22862	1.11991	0.971669	
-0.0783457	-0.0783457	-0.0774303	-0.0788247	-0.097252	-0.134516	-0.19316	-0.268888	-0.336614	-0.36977	-0.366288	-0.317212	-0.234939	-0.142796	-0.0485268	0.0460442	0.119596	0.160783	0.15858	0.109473	0.0232501	-0.0899071	-0.216476	-0.327947	-0.415304	-0.480482	-0.519567	-0.558485	-0.614894	-0.682172	-0.751426	-0.808243	-0.82737	-0.803864	-0.729401	-0.591761	-0.401048	-0.182428	0.0505116	0.281322	0.504131	0.707632	0.87565	0.994452	1.06266	1.08129	1.06831	1.03749	0.971669	0.864136	
