1.14875	0.187897	0.156884	0.595142	0.00816028	0.00816028	
0.187897	1.08597	0.442615	-0.192204	-0.376563	-0.376563	
0.156884	0.442615	-0.899022	-0.055218	0.628905	0.628905	
0.595142	-0.192204	-0.055218	-0.521002	0.260347	0.260347	
0.00816028	-0.376563	0.628905	0.260347	-0.338521	-0.338521	
0.00816028	-0.376563	0.628905	0.260347	-0.338521	-0.338521	
