-1.03525	-1.03525	-0.401867	0.0539112	-0.418248	0.0445834	
-1.03525	-1.03525	-0.401867	0.0539112	-0.418248	0.0445834	
-0.401867	-0.401867	0.497596	1.07896	0.521137	0.31664	
0.0539112	0.0539112	1.07896	1.82236	0.693896	0.137007	
-0.418248	-0.418248	0.521137	0.693896	-0.339248	-0.477013	
0.0445834	0.0445834	0.31664	0.137007	-0.477013	0.093988	
