3.65777	3.65777	3.58412	3.43388	3.19228	2.87056	2.47887	2.06172	1.663	1.32497	1.07961	0.923628	0.855834	0.853484	0.908714	1.00912	1.12987	1.24428	1.31047	1.31556	1.26697	1.19639	1.13371	1.09645	1.07674	1.08017	1.09242	1.10528	1.10544	1.07574	1.04131	1.02414	1.03168	1.05108	1.05599	1.04248	1.03287	1.02641	1.03087	1.03842	1.04562	1.04251	1.03385	1.02721	1.03517	1.04567	1.03919	1.02353	1.02693	1.03808	
3.65777	3.65777	3.58412	3.43388	3.19228	2.87056	2.47887	2.06172	1.663	1.32497	1.07961	0.923628	0.855834	0.853484	0.908714	1.00912	1.12987	1.24428	1.31047	1.31556	1.26697	1.19639	1.13371	1.09645	1.07674	1.08017	1.09242	1.10528	1.10544	1.07574	1.04131	1.02414	1.03168	1.05108	1.05599	1.04248	1.03287	1.02641	1.03087	1.03842	1.04562	1.04251	1.03385	1.02721	1.03517	1.04567	1.03919	1.02353	1.02693	1.03808	
3.58412	3.58412	3.51168	3.36099	3.12249	2.80163	2.41312	1.9987	1.60099	1.26533	1.01896	0.863034	0.794558	0.790892	0.845998	0.944728	1.06452	1.17688	1.24243	1.24645	1.19692	1.12618	1.06052	1.02132	0.999954	1.00026	1.0102	1.02215	1.01791	0.98769	0.952316	0.932711	0.938296	0.957118	0.960326	0.946844	0.936366	0.930218	0.935076	0.942762	0.948518	0.947481	0.941697	0.936421	0.943744	0.956321	0.953248	0.941037	0.945601	0.959712	
3.43388	3.43388	3.36099	3.2131	2.97525	2.65932	2.27516	1.86526	1.47351	1.13986	0.896163	0.741325	0.671823	0.669526	0.722561	0.819956	0.936749	1.04626	1.10969	1.11392	1.06618	0.994249	0.92993	0.886438	0.861159	0.857066	0.86224	0.866592	0.861435	0.828661	0.791144	0.770072	0.771822	0.783837	0.785795	0.771994	0.760836	0.753991	0.756774	0.76387	0.772666	0.771633	0.765208	0.763111	0.775516	0.788555	0.788261	0.781648	0.792245	0.809469	
3.19228	3.19228	3.12249	2.97525	2.74612	2.43529	2.06212	1.66212	1.27776	0.952916	0.7114	0.560303	0.492714	0.491615	0.547939	0.645162	0.763556	0.871827	0.937408	0.943993	0.898138	0.829733	0.762428	0.716116	0.688737	0.678902	0.679162	0.681411	0.667341	0.633419	0.593587	0.566757	0.562761	0.570689	0.56766	0.553284	0.539425	0.53084	0.532572	0.538135	0.542512	0.543829	0.542563	0.542236	0.551411	0.566781	0.57259	0.57299	0.584354	0.606423	
2.87056	2.87056	2.80163	2.65932	2.43529	2.13512	1.77366	1.38706	1.01628	0.70204	0.469285	0.325895	0.263314	0.269996	0.330617	0.43278	0.553368	0.663942	0.734128	0.747058	0.711768	0.64912	0.588338	0.542141	0.513473	0.499963	0.496355	0.490279	0.473588	0.437766	0.395636	0.366102	0.354818	0.353011	0.345433	0.327824	0.309263	0.299008	0.294976	0.296699	0.300334	0.299856	0.294746	0.295835	0.307863	0.32073	0.32751	0.332366	0.348613	0.371568	
2.47887	2.47887	2.41312	2.27516	2.06212	1.77366	1.43052	1.0611	0.708407	0.409267	0.187782	0.0548216	0.000850808	0.0168479	0.0881491	0.19748	0.327756	0.445037	0.525717	0.553142	0.530848	0.482484	0.429955	0.387222	0.361944	0.348056	0.342588	0.335396	0.314864	0.280052	0.237132	0.202779	0.184525	0.172227	0.157467	0.138108	0.116391	0.0987459	0.0886688	0.0840025	0.0808767	0.0769334	0.07281	0.0721991	0.076835	0.0859382	0.0940073	0.103181	0.115748	0.13831	
2.06172	2.06172	1.9987	1.86526	1.66212	1.38706	1.0611	0.712209	0.377169	0.0960405	-0.113184	-0.234006	-0.277495	-0.248974	-0.166359	-0.0442835	0.095784	0.223443	0.319592	0.362501	0.362753	0.333357	0.295965	0.265124	0.248563	0.238851	0.237126	0.230618	0.20882	0.177499	0.136771	0.102382	0.0763266	0.0577276	0.0366231	0.0113188	-0.0200731	-0.0399939	-0.0585784	-0.0707245	-0.0829056	-0.092115	-0.103623	-0.107884	-0.108234	-0.106836	-0.102678	-0.0952058	-0.0848131	-0.0671822	
1.663	1.663	1.60099	1.47351	1.27776	1.01628	0.708407	0.377169	0.0633223	-0.203892	-0.399786	-0.511201	-0.546268	-0.508076	-0.414243	-0.283674	-0.132174	0.00640502	0.117061	0.183641	0.208066	0.203791	0.188805	0.172669	0.168007	0.168317	0.173744	0.171083	0.157479	0.135331	0.101554	0.0697193	0.0420372	0.0113042	-0.0157744	-0.0418607	-0.0727713	-0.102324	-0.131123	-0.153888	-0.173405	-0.191565	-0.20852	-0.218663	-0.2292	-0.238264	-0.240224	-0.234101	-0.231012	-0.220699	
1.32497	1.32497	1.26533	1.13986	0.952916	0.70204	0.409267	0.0960405	-0.203892	-0.457909	-0.647362	-0.754838	-0.786326	-0.743475	-0.644277	-0.505523	-0.347574	-0.200638	-0.0745063	0.00971414	0.0596528	0.0817555	0.0878334	0.0918658	0.105302	0.120019	0.138625	0.149436	0.1433	0.133421	0.111978	0.089506	0.0613781	0.0329696	0.00540166	-0.0232275	-0.0615213	-0.0924561	-0.126977	-0.15685	-0.188852	-0.215351	-0.239982	-0.257018	-0.278338	-0.298565	-0.308306	-0.308511	-0.313442	-0.311788	
1.07961	1.07961	1.01896	0.896163	0.7114	0.469285	0.187782	-0.113184	-0.399786	-0.647362	-0.833011	-0.942124	-0.976654	-0.936548	-0.839036	-0.702388	-0.54591	-0.39718	-0.265287	-0.164169	-0.0912968	-0.0437759	-0.0126124	0.0121223	0.0413567	0.0720658	0.105105	0.127091	0.138534	0.148696	0.146566	0.139708	0.120704	0.09103	0.0645688	0.0414192	0.0110179	-0.0212087	-0.0626664	-0.100997	-0.138799	-0.173419	-0.20561	-0.230159	-0.26126	-0.294508	-0.314479	-0.321205	-0.333413	-0.342201	
0.923628	0.923628	0.863034	0.741325	0.560303	0.325895	0.0548216	-0.234006	-0.511201	-0.754838	-0.942124	-1.06021	-1.10394	-1.07545	-0.986472	-0.858627	-0.709751	-0.566318	-0.434431	-0.325127	-0.237768	-0.171407	-0.122653	-0.0820202	-0.0372554	0.00944098	0.0578537	0.0967187	0.125092	0.153908	0.174318	0.187142	0.182701	0.164719	0.149601	0.134689	0.111633	0.0830574	0.0450626	0.00604151	-0.0369874	-0.0781397	-0.114763	-0.145022	-0.186665	-0.230454	-0.260632	-0.275249	-0.297198	-0.315776	
0.855834	0.855834	0.794558	0.671823	0.492714	0.263314	0.000850808	-0.277495	-0.546268	-0.786326	-0.976654	-1.10394	-1.16157	-1.1462	-1.07469	-0.959795	-0.829165	-0.698889	-0.576275	-0.467752	-0.372251	-0.29203	-0.230622	-0.177314	-0.123536	-0.0675134	-0.00994777	0.0407075	0.0841783	0.133919	0.179503	0.217869	0.230302	0.227346	0.225122	0.225792	0.218279	0.203796	0.173126	0.136853	0.0946232	0.0524756	0.0148704	-0.0199356	-0.0662815	-0.121237	-0.16089	-0.185464	-0.213699	-0.243008	
0.853484	0.853484	0.790892	0.669526	0.491615	0.269996	0.0168479	-0.248974	-0.508076	-0.743475	-0.936548	-1.07545	-1.1462	-1.15222	-1.09552	-1.00298	-0.890904	-0.778434	-0.672517	-0.569818	-0.474394	-0.391392	-0.32312	-0.267131	-0.21236	-0.153053	-0.0912255	-0.0361286	0.0190767	0.0829873	0.150311	0.207996	0.244237	0.258017	0.272463	0.291329	0.309364	0.310451	0.294709	0.26979	0.237063	0.200659	0.166802	0.134366	0.0849577	0.0266209	-0.0216572	-0.0528438	-0.0886384	-0.127604	
0.908714	0.908714	0.845998	0.722561	0.547939	0.330617	0.0881491	-0.166359	-0.414243	-0.644277	-0.839036	-0.986472	-1.07469	-1.09552	-1.06337	-0.988024	-0.900726	-0.809651	-0.722246	-0.632258	-0.543966	-0.459729	-0.39349	-0.339657	-0.288974	-0.235284	-0.179869	-0.125116	-0.0685372	0.00106736	0.0824433	0.15952	0.209828	0.241094	0.274992	0.314869	0.351461	0.375315	0.384836	0.378383	0.360833	0.335857	0.31572	0.289787	0.249183	0.190529	0.140975	0.103939	0.0658099	0.0202764	
1.00912	1.00912	0.944728	0.819956	0.645162	0.43278	0.19748	-0.0442835	-0.283674	-0.505523	-0.702388	-0.858627	-0.959795	-1.00298	-0.988024	-0.938026	-0.873543	-0.805308	-0.740726	-0.666175	-0.585283	-0.508081	-0.442078	-0.394514	-0.353454	-0.311182	-0.267636	-0.224955	-0.17521	-0.107285	-0.0187311	0.0648503	0.12934	0.172941	0.214035	0.268251	0.332201	0.38184	0.412769	0.427999	0.43231	0.429969	0.427851	0.419738	0.392239	0.345228	0.300035	0.266091	0.230381	0.182525	
1.12987	1.12987	1.06452	0.936749	0.763556	0.553368	0.327756	0.095784	-0.132174	-0.347574	-0.54591	-0.709751	-0.829165	-0.890904	-0.900726	-0.873543	-0.832927	-0.788765	-0.744637	-0.685902	-0.61712	-0.544158	-0.484316	-0.44431	-0.413592	-0.385638	-0.357511	-0.327755	-0.290161	-0.232368	-0.149376	-0.0663651	0.000630985	0.0471681	0.0971621	0.164429	0.238783	0.303642	0.360967	0.401046	0.429988	0.451373	0.473992	0.486799	0.484054	0.457799	0.427732	0.403257	0.377054	0.336324	
1.24428	1.24428	1.17688	1.04626	0.871827	0.663942	0.445037	0.223443	0.00640502	-0.200638	-0.39718	-0.566318	-0.698889	-0.778434	-0.809651	-0.805308	-0.788765	-0.76849	-0.746874	-0.706384	-0.648391	-0.582546	-0.523362	-0.488265	-0.465192	-0.450135	-0.439466	-0.427435	-0.406711	-0.363886	-0.289366	-0.212173	-0.147993	-0.103039	-0.0596953	0.00370571	0.0848787	0.165879	0.238698	0.295067	0.344246	0.388449	0.435812	0.475958	0.500941	0.499345	0.491027	0.486112	0.477552	0.450743	
1.31047	1.31047	1.24243	1.10969	0.937408	0.734128	0.525717	0.319592	0.117061	-0.0745063	-0.265287	-0.434431	-0.576275	-0.672517	-0.722246	-0.740726	-0.744637	-0.746874	-0.74301	-0.719981	-0.671655	-0.612141	-0.556143	-0.524984	-0.50851	-0.506568	-0.509133	-0.510917	-0.506928	-0.477163	-0.417369	-0.354127	-0.298448	-0.26101	-0.227008	-0.167705	-0.0936405	-0.0131728	0.0638871	0.131874	0.193238	0.258272	0.323723	0.384592	0.433823	0.464438	0.484371	0.50217	0.514656	0.510344	
1.31556	1.31556	1.24645	1.11392	0.943993	0.747058	0.553142	0.362501	0.183641	0.00971414	-0.164169	-0.325127	-0.467752	-0.569818	-0.632258	-0.666175	-0.685902	-0.706384	-0.719981	-0.710823	-0.67507	-0.61974	-0.565129	-0.534023	-0.521566	-0.527261	-0.543858	-0.56161	-0.572666	-0.558698	-0.514728	-0.461824	-0.413937	-0.388951	-0.366029	-0.322955	-0.262342	-0.189591	-0.113004	-0.0462165	0.0197265	0.0877319	0.162417	0.239744	0.311223	0.364815	0.407745	0.452023	0.488237	0.510844	
1.26697	1.26697	1.19692	1.06618	0.898138	0.711768	0.530848	0.362753	0.208066	0.0596528	-0.0912968	-0.237768	-0.372251	-0.474394	-0.543966	-0.585283	-0.61712	-0.648391	-0.671655	-0.67507	-0.644307	-0.594141	-0.539134	-0.507187	-0.496043	-0.509866	-0.536613	-0.567378	-0.5931	-0.593812	-0.564895	-0.526485	-0.491818	-0.473997	-0.462561	-0.43565	-0.393062	-0.330626	-0.267111	-0.208299	-0.149887	-0.0813704	-0.00537415	0.0744512	0.151696	0.222242	0.289717	0.353698	0.409978	0.457438	
1.19639	1.19639	1.12618	0.994249	0.829733	0.64912	0.482484	0.333357	0.203791	0.0817555	-0.0437759	-0.171407	-0.29203	-0.391392	-0.459729	-0.508081	-0.544158	-0.582546	-0.612141	-0.61974	-0.594141	-0.542166	-0.484327	-0.446131	-0.432781	-0.449077	-0.485367	-0.527979	-0.568591	-0.582158	-0.570531	-0.546214	-0.521132	-0.514663	-0.514904	-0.502345	-0.475573	-0.431902	-0.381856	-0.332835	-0.283582	-0.226238	-0.160977	-0.0859083	-0.00905406	0.070165	0.146025	0.224651	0.294733	0.366762	
1.13371	1.13371	1.06052	0.92993	0.762428	0.588338	0.429955	0.295965	0.188805	0.0878334	-0.0126124	-0.122653	-0.230622	-0.32312	-0.39349	-0.442078	-0.484316	-0.523362	-0.556143	-0.565129	-0.539134	-0.484327	-0.420204	-0.369728	-0.34946	-0.360827	-0.397829	-0.450649	-0.498776	-0.527334	-0.532474	-0.522859	-0.511598	-0.515446	-0.520257	-0.525106	-0.516858	-0.48944	-0.451871	-0.417609	-0.380098	-0.336878	-0.281475	-0.219228	-0.151676	-0.079188	0.00169252	0.0846856	0.162217	0.245701	
1.09645	1.09645	1.02132	0.886438	0.716116	0.542141	0.387222	0.265124	0.172669	0.0918658	0.0121223	-0.0820202	-0.177314	-0.267131	-0.339657	-0.394514	-0.44431	-0.488265	-0.524984	-0.534023	-0.507187	-0.446131	-0.369728	-0.305314	-0.267877	-0.267667	-0.302276	-0.354266	-0.40767	-0.44564	-0.459918	-0.463578	-0.466793	-0.477966	-0.494924	-0.514085	-0.519183	-0.510844	-0.490665	-0.467911	-0.443585	-0.414093	-0.370549	-0.323907	-0.273038	-0.209208	-0.131839	-0.0523848	0.0216584	0.109774	
1.07674	1.07674	0.999954	0.861159	0.688737	0.513473	0.361944	0.248563	0.168007	0.105302	0.0413567	-0.0372554	-0.123536	-0.21236	-0.288974	-0.353454	-0.413592	-0.465192	-0.50851	-0.521566	-0.496043	-0.432781	-0.34946	-0.267877	-0.213675	-0.195682	-0.215216	-0.260959	-0.310215	-0.347557	-0.36897	-0.382678	-0.394755	-0.413211	-0.43569	-0.463817	-0.485549	-0.497625	-0.493458	-0.485383	-0.47301	-0.455223	-0.426977	-0.397315	-0.358707	-0.308009	-0.242444	-0.173054	-0.104244	-0.0225925	
1.08017	1.08017	1.00026	0.857066	0.678902	0.499963	0.348056	0.238851	0.168317	0.120019	0.0720658	0.00944098	-0.0675134	-0.153053	-0.235284	-0.311182	-0.385638	-0.450135	-0.506568	-0.527261	-0.509866	-0.449077	-0.360827	-0.267667	-0.195682	-0.156149	-0.161266	-0.194376	-0.233052	-0.26753	-0.284725	-0.298653	-0.314681	-0.333539	-0.357508	-0.392162	-0.424389	-0.454674	-0.466739	-0.473241	-0.475764	-0.475047	-0.45734	-0.440546	-0.419899	-0.388101	-0.331959	-0.270542	-0.212712	-0.145399	
1.09242	1.09242	1.0102	0.86224	0.679162	0.496355	0.342588	0.237126	0.173744	0.138625	0.105105	0.0578537	-0.00994777	-0.0912255	-0.179869	-0.267636	-0.357511	-0.439466	-0.509133	-0.543858	-0.536613	-0.485367	-0.397829	-0.302276	-0.215216	-0.161266	-0.150388	-0.169247	-0.19669	-0.2216	-0.22873	-0.240032	-0.253256	-0.266121	-0.286406	-0.315044	-0.351174	-0.391675	-0.418391	-0.440105	-0.457313	-0.465485	-0.463635	-0.46634	-0.461003	-0.440931	-0.398543	-0.351452	-0.302369	-0.248029	
1.10528	1.10528	1.02215	0.866592	0.681411	0.490279	0.335396	0.230618	0.171083	0.149436	0.127091	0.0967187	0.0407075	-0.0361286	-0.125116	-0.224955	-0.327755	-0.427435	-0.510917	-0.56161	-0.567378	-0.527979	-0.450649	-0.354266	-0.260959	-0.194376	-0.169247	-0.173936	-0.194707	-0.207635	-0.208885	-0.214973	-0.221484	-0.225015	-0.235777	-0.249154	-0.280891	-0.323001	-0.358669	-0.388467	-0.416157	-0.436482	-0.451553	-0.465241	-0.476736	-0.477486	-0.454971	-0.415804	-0.376461	-0.3372	
1.10544	1.10544	1.01791	0.861435	0.667341	0.473588	0.314864	0.20882	0.157479	0.1433	0.138534	0.125092	0.0841783	0.0190767	-0.0685372	-0.17521	-0.290161	-0.406711	-0.506928	-0.572666	-0.5931	-0.568591	-0.498776	-0.40767	-0.310215	-0.233052	-0.19669	-0.194707	-0.205787	-0.214923	-0.210776	-0.211195	-0.210452	-0.210306	-0.206685	-0.205032	-0.225359	-0.260532	-0.294121	-0.32708	-0.358906	-0.385484	-0.410256	-0.437784	-0.468248	-0.487899	-0.483211	-0.461261	-0.436742	-0.413258	
1.07574	1.07574	0.98769	0.828661	0.633419	0.437766	0.280052	0.177499	0.135331	0.133421	0.148696	0.153908	0.133919	0.0829873	0.00106736	-0.107285	-0.232368	-0.363886	-0.477163	-0.558698	-0.593812	-0.582158	-0.527334	-0.44564	-0.347557	-0.26753	-0.2216	-0.207635	-0.214923	-0.218612	-0.209809	-0.21039	-0.209593	-0.207167	-0.19483	-0.180416	-0.183531	-0.203916	-0.230867	-0.26282	-0.291493	-0.315599	-0.342553	-0.376259	-0.418444	-0.453351	-0.472661	-0.468971	-0.462171	-0.453108	
1.04131	1.04131	0.952316	0.791144	0.593587	0.395636	0.237132	0.136771	0.101554	0.111978	0.146566	0.174318	0.179503	0.150311	0.0824433	-0.0187311	-0.149376	-0.289366	-0.417369	-0.514728	-0.564895	-0.570531	-0.532474	-0.459918	-0.36897	-0.284725	-0.22873	-0.208885	-0.210776	-0.209809	-0.205332	-0.204953	-0.204583	-0.204269	-0.187022	-0.161845	-0.151216	-0.15995	-0.181071	-0.204748	-0.220942	-0.23904	-0.261551	-0.29287	-0.335497	-0.381972	-0.416379	-0.430235	-0.441761	-0.45128	
1.02414	1.02414	0.932711	0.770072	0.566757	0.366102	0.202779	0.102382	0.0697193	0.089506	0.139708	0.187142	0.217869	0.207996	0.15952	0.0648503	-0.0663651	-0.212173	-0.354127	-0.461824	-0.526485	-0.546214	-0.522859	-0.463578	-0.382678	-0.298653	-0.240032	-0.214973	-0.211195	-0.21039	-0.204953	-0.203075	-0.206028	-0.210059	-0.193181	-0.167824	-0.145963	-0.141897	-0.150419	-0.165424	-0.177655	-0.188384	-0.195122	-0.214243	-0.25154	-0.294936	-0.331953	-0.357143	-0.382228	-0.402657	
1.03168	1.03168	0.938296	0.771822	0.562761	0.354818	0.184525	0.0763266	0.0420372	0.0613781	0.120704	0.182701	0.230302	0.244237	0.209828	0.12934	0.000630985	-0.147993	-0.298448	-0.413937	-0.491818	-0.521132	-0.511598	-0.466793	-0.394755	-0.314681	-0.253256	-0.221484	-0.210452	-0.209593	-0.204583	-0.206028	-0.216958	-0.227496	-0.213953	-0.188077	-0.154885	-0.14138	-0.143286	-0.157602	-0.16175	-0.1615	-0.154923	-0.16604	-0.187121	-0.219463	-0.251306	-0.278731	-0.304818	-0.328461	
1.05108	1.05108	0.957118	0.783837	0.570689	0.353011	0.172227	0.0577276	0.0113042	0.0329696	0.09103	0.164719	0.227346	0.258017	0.241094	0.172941	0.0471681	-0.103039	-0.26101	-0.388951	-0.473997	-0.514663	-0.515446	-0.477966	-0.413211	-0.333539	-0.266121	-0.225015	-0.210306	-0.207167	-0.204269	-0.210059	-0.227496	-0.238239	-0.237458	-0.216694	-0.18325	-0.163472	-0.159997	-0.164036	-0.166307	-0.163287	-0.150917	-0.149614	-0.15716	-0.177659	-0.196312	-0.217331	-0.238623	-0.258749	
1.05599	1.05599	0.960326	0.785795	0.56766	0.345433	0.157467	0.0366231	-0.0157744	0.00540166	0.0645688	0.149601	0.225122	0.272463	0.274992	0.214035	0.0971621	-0.0596953	-0.227008	-0.366029	-0.462561	-0.514904	-0.520257	-0.494924	-0.43569	-0.357508	-0.286406	-0.235777	-0.206685	-0.19483	-0.187022	-0.193181	-0.213953	-0.237458	-0.253089	-0.237555	-0.208932	-0.186278	-0.174509	-0.174541	-0.183408	-0.177096	-0.159731	-0.149531	-0.148605	-0.156312	-0.164142	-0.178326	-0.189341	-0.20036	
1.04248	1.04248	0.946844	0.771994	0.553284	0.327824	0.138108	0.0113188	-0.0418607	-0.0232275	0.0414192	0.134689	0.225792	0.291329	0.314869	0.268251	0.164429	0.00370571	-0.167705	-0.322955	-0.43565	-0.502345	-0.525106	-0.514085	-0.463817	-0.392162	-0.315044	-0.249154	-0.205032	-0.180416	-0.161845	-0.167824	-0.188077	-0.216694	-0.237555	-0.235408	-0.218026	-0.196499	-0.182597	-0.187247	-0.196632	-0.18605	-0.170635	-0.155667	-0.150552	-0.146487	-0.146653	-0.147625	-0.152115	-0.155577	
1.03287	1.03287	0.936366	0.760836	0.539425	0.309263	0.116391	-0.0200731	-0.0727713	-0.0615213	0.0110179	0.111633	0.218279	0.309364	0.351461	0.332201	0.238783	0.0848787	-0.0936405	-0.262342	-0.393062	-0.475573	-0.516858	-0.519183	-0.485549	-0.424389	-0.351174	-0.280891	-0.225359	-0.183531	-0.151216	-0.145963	-0.154885	-0.18325	-0.208932	-0.218026	-0.208158	-0.19505	-0.182121	-0.18781	-0.193716	-0.196109	-0.185795	-0.170464	-0.157217	-0.146767	-0.137332	-0.128301	-0.127832	-0.121571	
1.02641	1.02641	0.930218	0.753991	0.53084	0.299008	0.0987459	-0.0399939	-0.102324	-0.0924561	-0.0212087	0.0830574	0.203796	0.310451	0.375315	0.38184	0.303642	0.165879	-0.0131728	-0.189591	-0.330626	-0.431902	-0.48944	-0.510844	-0.497625	-0.454674	-0.391675	-0.323001	-0.260532	-0.203916	-0.15995	-0.141897	-0.14138	-0.163472	-0.186278	-0.196499	-0.19505	-0.182526	-0.167969	-0.172752	-0.188015	-0.200554	-0.194283	-0.181186	-0.168821	-0.156919	-0.138482	-0.118633	-0.106487	-0.0920747	
1.03087	1.03087	0.935076	0.756774	0.532572	0.294976	0.0886688	-0.0585784	-0.131123	-0.126977	-0.0626664	0.0450626	0.173126	0.294709	0.384836	0.412769	0.360967	0.238698	0.0638871	-0.113004	-0.267111	-0.381856	-0.451871	-0.490665	-0.493458	-0.466739	-0.418391	-0.358669	-0.294121	-0.230867	-0.181071	-0.150419	-0.143286	-0.159997	-0.174509	-0.182597	-0.182121	-0.167969	-0.15392	-0.155891	-0.167697	-0.182923	-0.186852	-0.185365	-0.180457	-0.170432	-0.146962	-0.116081	-0.0956848	-0.0729548	
1.03842	1.03842	0.942762	0.76387	0.538135	0.296699	0.0840025	-0.0707245	-0.153888	-0.15685	-0.100997	0.00604151	0.136853	0.26979	0.378383	0.427999	0.401046	0.295067	0.131874	-0.0462165	-0.208299	-0.332835	-0.417609	-0.467911	-0.485383	-0.473241	-0.440105	-0.388467	-0.32708	-0.26282	-0.204748	-0.165424	-0.157602	-0.164036	-0.174541	-0.187247	-0.18781	-0.172752	-0.155891	-0.142558	-0.144826	-0.160669	-0.172365	-0.178391	-0.179819	-0.174009	-0.151696	-0.119756	-0.0915146	-0.0557772	
1.04562	1.04562	0.948518	0.772666	0.542512	0.300334	0.0808767	-0.0829056	-0.173405	-0.188852	-0.138799	-0.0369874	0.0946232	0.237063	0.360833	0.43231	0.429988	0.344246	0.193238	0.0197265	-0.149887	-0.283582	-0.380098	-0.443585	-0.47301	-0.475764	-0.457313	-0.416157	-0.358906	-0.291493	-0.220942	-0.177655	-0.16175	-0.166307	-0.183408	-0.196632	-0.193716	-0.188015	-0.167697	-0.144826	-0.138299	-0.146944	-0.150889	-0.156924	-0.16071	-0.162888	-0.14701	-0.114434	-0.0761289	-0.0326279	
1.04251	1.04251	0.947481	0.771633	0.543829	0.299856	0.0769334	-0.092115	-0.191565	-0.215351	-0.173419	-0.0781397	0.0524756	0.200659	0.335857	0.429969	0.451373	0.388449	0.258272	0.0877319	-0.0813704	-0.226238	-0.336878	-0.414093	-0.455223	-0.475047	-0.465485	-0.436482	-0.385484	-0.315599	-0.23904	-0.188384	-0.1615	-0.163287	-0.177096	-0.18605	-0.196109	-0.200554	-0.182923	-0.160669	-0.146944	-0.135971	-0.131381	-0.134574	-0.137571	-0.137357	-0.117717	-0.081959	-0.0401888	0.00399801	
1.03385	1.03385	0.941697	0.765208	0.542563	0.294746	0.07281	-0.103623	-0.20852	-0.239982	-0.20561	-0.114763	0.0148704	0.166802	0.31572	0.427851	0.473992	0.435812	0.323723	0.162417	-0.00537415	-0.160977	-0.281475	-0.370549	-0.426977	-0.45734	-0.463635	-0.451553	-0.410256	-0.342553	-0.261551	-0.195122	-0.154923	-0.150917	-0.159731	-0.170635	-0.185795	-0.194283	-0.186852	-0.172365	-0.150889	-0.131381	-0.123316	-0.116153	-0.108615	-0.0957728	-0.0720966	-0.0292874	0.0190191	0.0745783	
1.02721	1.02721	0.936421	0.763111	0.542236	0.295835	0.0721991	-0.107884	-0.218663	-0.257018	-0.230159	-0.145022	-0.0199356	0.134366	0.289787	0.419738	0.486799	0.475958	0.384592	0.239744	0.0744512	-0.0859083	-0.219228	-0.323907	-0.397315	-0.440546	-0.46634	-0.465241	-0.437784	-0.376259	-0.29287	-0.214243	-0.16604	-0.149614	-0.149531	-0.155667	-0.170464	-0.181186	-0.185365	-0.178391	-0.156924	-0.134574	-0.116153	-0.0976836	-0.0789813	-0.0584326	-0.0226873	0.0369166	0.104528	0.172123	
1.03517	1.03517	0.943744	0.775516	0.551411	0.307863	0.076835	-0.108234	-0.2292	-0.278338	-0.26126	-0.186665	-0.0662815	0.0849577	0.249183	0.392239	0.484054	0.500941	0.433823	0.311223	0.151696	-0.00905406	-0.151676	-0.273038	-0.358707	-0.419899	-0.461003	-0.476736	-0.468248	-0.418444	-0.335497	-0.25154	-0.187121	-0.15716	-0.148605	-0.150552	-0.157217	-0.168821	-0.180457	-0.179819	-0.16071	-0.137571	-0.108615	-0.0789813	-0.0530434	-0.0250399	0.0272428	0.104766	0.18587	0.263737	
1.04567	1.04567	0.956321	0.788555	0.566781	0.32073	0.0859382	-0.106836	-0.238264	-0.298565	-0.294508	-0.230454	-0.121237	0.0266209	0.190529	0.345228	0.457799	0.499345	0.464438	0.364815	0.222242	0.070165	-0.079188	-0.209208	-0.308009	-0.388101	-0.440931	-0.477486	-0.487899	-0.453351	-0.381972	-0.294936	-0.219463	-0.177659	-0.156312	-0.146487	-0.146767	-0.156919	-0.170432	-0.174009	-0.162888	-0.137357	-0.0957728	-0.0584326	-0.0250399	0.0153866	0.0816855	0.162869	0.24978	0.339987	
1.03919	1.03919	0.953248	0.788261	0.57259	0.32751	0.0940073	-0.102678	-0.240224	-0.308306	-0.314479	-0.260632	-0.16089	-0.0216572	0.140975	0.300035	0.427732	0.491027	0.484371	0.407745	0.289717	0.146025	0.00169252	-0.131839	-0.242444	-0.331959	-0.398543	-0.454971	-0.483211	-0.472661	-0.416379	-0.331953	-0.251306	-0.196312	-0.164142	-0.146653	-0.137332	-0.138482	-0.146962	-0.151696	-0.14701	-0.117717	-0.0720966	-0.0226873	0.0272428	0.0816855	0.145952	0.227578	0.318193	0.405406	
1.02353	1.02353	0.941037	0.781648	0.57299	0.332366	0.103181	-0.0952058	-0.234101	-0.308511	-0.321205	-0.275249	-0.185464	-0.0528438	0.103939	0.266091	0.403257	0.486112	0.50217	0.452023	0.353698	0.224651	0.0846856	-0.0523848	-0.173054	-0.270542	-0.351452	-0.415804	-0.461261	-0.468971	-0.430235	-0.357143	-0.278731	-0.217331	-0.178326	-0.147625	-0.128301	-0.118633	-0.116081	-0.119756	-0.114434	-0.081959	-0.0292874	0.0369166	0.104766	0.162869	0.227578	0.311967	0.390564	0.453142	
1.02693	1.02693	0.945601	0.792245	0.584354	0.348613	0.115748	-0.0848131	-0.231012	-0.313442	-0.333413	-0.297198	-0.213699	-0.0886384	0.0658099	0.230381	0.377054	0.477552	0.514656	0.488237	0.409978	0.294733	0.162217	0.0216584	-0.104244	-0.212712	-0.302369	-0.376461	-0.436742	-0.462171	-0.441761	-0.382228	-0.304818	-0.238623	-0.189341	-0.152115	-0.127832	-0.106487	-0.0956848	-0.0915146	-0.0761289	-0.0401888	0.0190191	0.104528	0.18587	0.24978	0.318193	0.390564	0.443565	0.475438	
1.03808	1.03808	0.959712	0.809469	0.606423	0.371568	0.13831	-0.0671822	-0.220699	-0.311788	-0.342201	-0.315776	-0.243008	-0.127604	0.0202764	0.182525	0.336324	0.450743	0.510344	0.510844	0.457438	0.366762	0.245701	0.109774	-0.0225925	-0.145399	-0.248029	-0.3372	-0.413258	-0.453108	-0.45128	-0.402657	-0.328461	-0.258749	-0.20036	-0.155577	-0.121571	-0.0920747	-0.0729548	-0.0557772	-0.0326279	0.00399801	0.0745783	0.172123	0.263737	0.339987	0.405406	0.453142	0.475438	0.475085	
