0.218962	0.131868	0.0689933	0.0245124	-0.00447717	-0.0103987	0.00868168	0.0729156	0.186633	0.328517	0.456017	0.534365	0.532837	0.436129	0.245015	-0.0147002	-0.285479	-0.514348	-0.661899	-0.72693	-0.718149	-0.625657	-0.448406	-0.202157	0.0682971	0.303696	0.456819	0.508395	0.467821	0.348132	0.180196	0.0108544	-0.131792	-0.23142	-0.288671	-0.320797	-0.327765	-0.301828	-0.242192	-0.142998	-0.00593279	0.151125	0.307672	0.450115	0.578257	0.692664	0.777503	0.820773	0.834024	0.834024	
0.131868	0.0634602	0.0186345	-0.0143626	-0.0322399	-0.0337811	-0.0116291	0.0559181	0.168494	0.303616	0.425197	0.498728	0.497087	0.410992	0.230394	-0.015602	-0.26763	-0.481852	-0.620048	-0.679953	-0.666065	-0.570563	-0.399408	-0.16578	0.0915828	0.310829	0.441441	0.470598	0.410793	0.2739	0.0927637	-0.0879147	-0.239064	-0.338661	-0.389792	-0.414367	-0.413554	-0.381253	-0.31622	-0.208348	-0.0514413	0.14213	0.345391	0.53526	0.709779	0.865946	0.980879	1.04297	1.06672	1.06672	
0.0689933	0.0186345	-0.0140402	-0.0386017	-0.0537263	-0.0565786	-0.0349293	0.0306614	0.138342	0.267701	0.381932	0.452972	0.460117	0.384244	0.217595	-0.00694457	-0.242658	-0.441167	-0.5629	-0.61224	-0.59297	-0.502972	-0.34536	-0.128582	0.10327	0.291558	0.394271	0.39944	0.318611	0.17059	-0.00941277	-0.186494	-0.333168	-0.422363	-0.460288	-0.471582	-0.457008	-0.411743	-0.335192	-0.216917	-0.0471404	0.165586	0.390414	0.601176	0.800576	0.986385	1.13035	1.21775	1.25822	1.25822	
0.0245124	-0.0143626	-0.0386017	-0.0621153	-0.0772836	-0.0820465	-0.0609922	0.00389293	0.109428	0.230729	0.337409	0.408137	0.418902	0.355761	0.210168	0.00900273	-0.201084	-0.375051	-0.483209	-0.530336	-0.515319	-0.435449	-0.29635	-0.110973	0.0840621	0.239085	0.31136	0.293758	0.203968	0.0607679	-0.106353	-0.270518	-0.403907	-0.477344	-0.498616	-0.490288	-0.452934	-0.385955	-0.292332	-0.165139	0.00619843	0.217642	0.43927	0.647654	0.85265	1.05374	1.21892	1.32943	1.38662	1.38662	
-0.00447717	-0.0322399	-0.0537263	-0.0772836	-0.0935492	-0.101871	-0.0814923	-0.0175441	0.0818427	0.1942	0.295636	0.364557	0.3862	0.341803	0.218003	0.0459226	-0.139871	-0.298459	-0.401171	-0.451329	-0.442923	-0.381388	-0.274074	-0.124777	0.0334423	0.153448	0.202876	0.178125	0.0894483	-0.042752	-0.188537	-0.331414	-0.445949	-0.499558	-0.498253	-0.46215	-0.395209	-0.30353	-0.194586	-0.0657616	0.0945362	0.288631	0.49109	0.682884	0.878011	1.07597	1.24437	1.36389	1.42963	1.42963	
-0.0103987	-0.0337811	-0.0565786	-0.0820465	-0.101871	-0.112329	-0.0893163	-0.0254878	0.0709001	0.177914	0.272406	0.342397	0.372317	0.338436	0.235472	0.086514	-0.0810916	-0.225442	-0.327344	-0.386494	-0.39538	-0.359965	-0.279037	-0.16089	-0.0376359	0.0571808	0.0937562	0.0639936	-0.0186505	-0.129199	-0.246867	-0.364025	-0.451798	-0.477695	-0.448953	-0.382838	-0.287947	-0.177463	-0.0614867	0.0605685	0.20215	0.371497	0.548117	0.715736	0.88698	1.05988	1.20721	1.31504	1.37681	1.37681	
0.00868168	-0.0116291	-0.0349293	-0.0609922	-0.0814923	-0.0893163	-0.0629061	0.000936601	0.0922308	0.18572	0.269217	0.33273	0.360808	0.334417	0.246907	0.116004	-0.0351611	-0.171997	-0.280164	-0.352112	-0.374465	-0.352526	-0.291652	-0.202838	-0.10815	-0.0364154	-0.0125661	-0.038815	-0.105464	-0.190657	-0.27566	-0.356078	-0.407385	-0.403887	-0.350774	-0.260506	-0.147379	-0.0290617	0.085776	0.197347	0.319057	0.461836	0.60938	0.74654	0.88022	1.00732	1.11181	1.18988	1.23672	1.23672	
0.0729156	0.0559181	0.0306614	0.00389293	-0.0175441	-0.0254878	0.000936601	0.0598851	0.135844	0.210036	0.274539	0.321489	0.34182	0.313944	0.235158	0.119259	-0.0169133	-0.143977	-0.252795	-0.326541	-0.352972	-0.344475	-0.302834	-0.237701	-0.170145	-0.118838	-0.0990137	-0.117317	-0.165485	-0.215851	-0.257548	-0.296354	-0.311925	-0.284188	-0.215619	-0.113228	0.00601243	0.123875	0.234139	0.335528	0.438048	0.551805	0.665129	0.764634	0.849901	0.91822	0.968664	1.00849	1.03506	1.03506	
0.186633	0.168494	0.138342	0.109428	0.0818427	0.0709001	0.0922308	0.135844	0.189171	0.234962	0.269896	0.294933	0.300047	0.267149	0.200076	0.10427	-0.0087342	-0.119698	-0.221995	-0.294078	-0.327946	-0.32811	-0.296427	-0.252494	-0.209262	-0.173798	-0.156854	-0.161668	-0.178578	-0.188441	-0.191155	-0.191981	-0.17603	-0.13428	-0.062743	0.0412509	0.159269	0.272684	0.376705	0.467201	0.54797	0.626477	0.698292	0.754404	0.787388	0.796047	0.794684	0.79876	0.805935	0.805935	
0.328517	0.303616	0.267701	0.230729	0.1942	0.177914	0.18572	0.210036	0.234962	0.246685	0.252872	0.255426	0.245057	0.212894	0.162692	0.0904597	0.00464222	-0.0862356	-0.179342	-0.247865	-0.280225	-0.280273	-0.259023	-0.23503	-0.211321	-0.187655	-0.166145	-0.151251	-0.140146	-0.117823	-0.0871074	-0.0557457	-0.0191526	0.0261968	0.094703	0.194943	0.306381	0.411364	0.505087	0.579419	0.631559	0.667274	0.692494	0.70483	0.690807	0.650676	0.61047	0.588824	0.581505	0.581505	
0.456017	0.425197	0.381932	0.337409	0.295636	0.272406	0.269217	0.274539	0.269896	0.252872	0.233628	0.214861	0.193831	0.16681	0.133775	0.0898769	0.0380649	-0.0303026	-0.107503	-0.161929	-0.189012	-0.190411	-0.175922	-0.163788	-0.154099	-0.140431	-0.119721	-0.0952448	-0.0623487	-0.0139626	0.0389337	0.0912341	0.142171	0.189046	0.251664	0.342045	0.44036	0.530173	0.604928	0.654091	0.670729	0.660539	0.640695	0.615776	0.56761	0.496961	0.43568	0.400573	0.384754	0.384754	
0.534365	0.498728	0.452972	0.408137	0.364557	0.342397	0.33273	0.321489	0.294933	0.255426	0.214861	0.181724	0.155527	0.136026	0.127625	0.12141	0.106301	0.0684897	0.0197445	-0.0183543	-0.0386219	-0.0332308	-0.0202289	-0.0215579	-0.0328619	-0.0397343	-0.0295308	-0.00158153	0.043819	0.103668	0.169646	0.240592	0.302882	0.34786	0.400694	0.47379	0.549034	0.612969	0.65861	0.67565	0.655413	0.60432	0.548586	0.498001	0.431871	0.350505	0.284862	0.246486	0.227084	0.227084	
0.532837	0.497087	0.460117	0.418902	0.3862	0.372317	0.360808	0.34182	0.300047	0.245057	0.193831	0.155527	0.131171	0.133345	0.161668	0.198774	0.231113	0.23567	0.218965	0.202029	0.197355	0.207869	0.207813	0.181887	0.141788	0.10794	0.0974799	0.114939	0.161285	0.227665	0.304383	0.387006	0.453064	0.493248	0.53076	0.57459	0.614629	0.643917	0.655003	0.639145	0.588246	0.509178	0.431858	0.36832	0.298993	0.223421	0.165413	0.129904	0.109946	0.109946	
0.436129	0.410992	0.384244	0.355761	0.341803	0.338436	0.334417	0.313944	0.267149	0.212894	0.16681	0.136026	0.133345	0.172372	0.24375	0.338167	0.426521	0.476037	0.500454	0.510833	0.515637	0.51737	0.493954	0.43923	0.364168	0.290756	0.24733	0.249275	0.292659	0.357251	0.435044	0.520122	0.582473	0.610776	0.622571	0.626632	0.625213	0.617305	0.595032	0.552599	0.483627	0.393657	0.309633	0.243349	0.181161	0.122062	0.0778933	0.047537	0.0284595	0.0284595	
0.245015	0.230394	0.217595	0.210168	0.218003	0.235472	0.246907	0.235158	0.200076	0.162692	0.133775	0.127625	0.161668	0.24375	0.374222	0.534818	0.678509	0.783816	0.852715	0.882096	0.890144	0.878748	0.829369	0.739182	0.618853	0.502134	0.425962	0.405041	0.430995	0.483373	0.554477	0.628321	0.672738	0.680732	0.661635	0.623238	0.580921	0.539836	0.492313	0.434602	0.361899	0.276976	0.198055	0.135231	0.085283	0.0470536	0.0179467	-0.00736405	-0.0249125	-0.0249125	
-0.0147002	-0.015602	-0.00694457	0.00900273	0.0459226	0.086514	0.116004	0.119259	0.10427	0.0904597	0.0898769	0.12141	0.198774	0.338167	0.534818	0.75573	0.959926	1.12225	1.22909	1.28292	1.30074	1.27526	1.1946	1.06399	0.902428	0.745377	0.627264	0.570603	0.569501	0.599242	0.646827	0.691998	0.71056	0.69657	0.646278	0.569609	0.494836	0.43059	0.368792	0.306926	0.242181	0.173629	0.106915	0.0501761	0.0132129	-0.00510229	-0.0212365	-0.0423166	-0.0577494	-0.0577494	
-0.285479	-0.26763	-0.242658	-0.201084	-0.139871	-0.0810916	-0.0351611	-0.0169133	-0.0087342	0.00464222	0.0380649	0.106301	0.231113	0.426521	0.678509	0.959926	1.22468	1.4428	1.5991	1.68864	1.71651	1.67397	1.56421	1.40227	1.20329	0.999571	0.835215	0.73702	0.693459	0.684601	0.697963	0.708201	0.698424	0.662268	0.586877	0.485388	0.391144	0.313413	0.246314	0.188519	0.138552	0.0912015	0.0391516	-0.0107232	-0.0366312	-0.0398633	-0.046757	-0.0639245	-0.0763571	-0.0763571	
-0.514348	-0.481852	-0.441167	-0.375051	-0.298459	-0.225442	-0.171997	-0.143977	-0.119698	-0.0862356	-0.0303026	0.0684897	0.23567	0.476037	0.783816	1.12225	1.4428	1.72238	1.92994	2.05377	2.093	2.0414	1.91463	1.7232	1.48281	1.23695	1.0282	0.877008	0.782442	0.735077	0.710941	0.682643	0.647541	0.59666	0.508646	0.39719	0.294003	0.209663	0.143042	0.0929879	0.0584976	0.0308617	-0.00713746	-0.0494742	-0.0675101	-0.0627994	-0.0645067	-0.0771487	-0.0854814	-0.0854814	
-0.661899	-0.620048	-0.5629	-0.483209	-0.401171	-0.327344	-0.280164	-0.252795	-0.221995	-0.179342	-0.107503	0.0197445	0.218965	0.500454	0.852715	1.22909	1.5991	1.92994	2.18159	2.34327	2.39847	2.34347	2.19629	1.97072	1.69958	1.4224	1.17047	0.97133	0.83489	0.750113	0.688651	0.633096	0.585378	0.527011	0.436541	0.327859	0.223919	0.136487	0.0711562	0.0274288	0.00421668	-0.00959699	-0.0357956	-0.0694707	-0.0831549	-0.0782729	-0.0783203	-0.0852579	-0.0885902	-0.0885902	
-0.72693	-0.679953	-0.61224	-0.530336	-0.451329	-0.386494	-0.352112	-0.326541	-0.294078	-0.247865	-0.161929	-0.0183543	0.202029	0.510833	0.882096	1.28292	1.68864	2.05377	2.34327	2.53315	2.59266	2.52461	2.35351	2.10717	1.81968	1.51971	1.24013	1.00973	0.841563	0.730817	0.650692	0.585468	0.532759	0.472662	0.391373	0.295617	0.1945	0.1035	0.0367446	-0.0050368	-0.0242774	-0.0328593	-0.0503844	-0.0742827	-0.086971	-0.0886943	-0.0897233	-0.0901186	-0.0882692	-0.0882692	
-0.718149	-0.666065	-0.59297	-0.515319	-0.442923	-0.39538	-0.374465	-0.352972	-0.327946	-0.280225	-0.189012	-0.0386219	0.197355	0.515637	0.890144	1.30074	1.71651	2.093	2.39847	2.59266	2.64197	2.56014	2.37507	2.11477	1.81514	1.50897	1.22338	0.982182	0.806399	0.69067	0.607142	0.546059	0.499943	0.448709	0.385371	0.306286	0.209287	0.114592	0.0429772	-0.00311694	-0.0274891	-0.0399882	-0.052422	-0.0668291	-0.0816351	-0.0943192	-0.0980857	-0.0925061	-0.0864415	-0.0864415	
-0.625657	-0.570563	-0.502972	-0.435449	-0.381388	-0.359965	-0.352526	-0.344475	-0.32811	-0.280273	-0.190411	-0.0332308	0.207869	0.51737	0.878748	1.27526	1.67397	2.0414	2.34347	2.52461	2.56014	2.46706	2.26237	1.98622	1.68967	1.39751	1.12567	0.898321	0.732964	0.622313	0.553304	0.516517	0.488066	0.45313	0.413524	0.354296	0.265384	0.169271	0.0898561	0.0329055	-0.00499451	-0.0289321	-0.0407827	-0.0490626	-0.0687176	-0.0933398	-0.101054	-0.0922792	-0.084261	-0.084261	
-0.448406	-0.399408	-0.34536	-0.29635	-0.274074	-0.279037	-0.291652	-0.302834	-0.296427	-0.259023	-0.175922	-0.0202289	0.207813	0.493954	0.829369	1.1946	1.56421	1.91463	2.19629	2.35351	2.37507	2.26237	2.03748	1.76462	1.48557	1.2128	0.965408	0.762693	0.615387	0.525688	0.488588	0.481826	0.476393	0.469677	0.461164	0.425433	0.351801	0.260374	0.173418	0.101652	0.044928	0.00478279	-0.0124565	-0.021515	-0.0480254	-0.0823156	-0.0952269	-0.0883204	-0.0816409	-0.0816409	
-0.202157	-0.16578	-0.128582	-0.110973	-0.124777	-0.16089	-0.202838	-0.237701	-0.252494	-0.23503	-0.163788	-0.0215579	0.181887	0.43923	0.739182	1.06399	1.40227	1.7232	1.97072	2.10717	2.11477	1.98622	1.76462	1.50718	1.23863	0.984111	0.76661	0.5935	0.470922	0.40518	0.394766	0.416864	0.445809	0.477797	0.502696	0.496045	0.449851	0.373811	0.284789	0.199197	0.123256	0.0656778	0.0362452	0.0172782	-0.0171698	-0.056999	-0.0768331	-0.0782076	-0.0765662	-0.0765662	
0.0682971	0.0915828	0.10327	0.0840621	0.0334423	-0.0376359	-0.10815	-0.170145	-0.209262	-0.211321	-0.154099	-0.0328619	0.141788	0.364168	0.618853	0.902428	1.20329	1.48281	1.69958	1.81968	1.81514	1.68967	1.48557	1.23863	0.981904	0.754679	0.568679	0.418876	0.309889	0.257467	0.26777	0.316577	0.379636	0.449772	0.510156	0.541327	0.535289	0.487993	0.408374	0.316513	0.227402	0.155365	0.107903	0.0706072	0.0281843	-0.0133	-0.0422107	-0.0578034	-0.0644485	-0.0644485	
0.303696	0.310829	0.291558	0.239085	0.153448	0.0571808	-0.0364154	-0.118838	-0.173798	-0.187655	-0.140431	-0.0397343	0.10794	0.290756	0.502134	0.745377	0.999571	1.23695	1.4224	1.51971	1.50897	1.39751	1.2128	0.984111	0.754679	0.557129	0.389144	0.24771	0.14716	0.105628	0.121817	0.178226	0.2666	0.371753	0.465921	0.538409	0.581786	0.576849	0.521865	0.438125	0.348812	0.269194	0.201568	0.142393	0.0931677	0.05171	0.0119078	-0.0210675	-0.0378353	-0.0378353	
0.456819	0.441441	0.394271	0.31136	0.202876	0.0937562	-0.0125661	-0.0990137	-0.156854	-0.166145	-0.119721	-0.0295308	0.0974799	0.24733	0.425962	0.627264	0.835215	1.0282	1.17047	1.24013	1.22338	1.12567	0.965408	0.76661	0.568679	0.389144	0.228183	0.0986631	0.0102152	-0.0362297	-0.0378186	0.0153324	0.120679	0.244397	0.361668	0.475325	0.570422	0.614552	0.599587	0.543957	0.47144	0.393706	0.311047	0.234992	0.181293	0.138791	0.0882621	0.0395643	0.0131038	0.0131038	
0.508395	0.470598	0.39944	0.293758	0.178125	0.0639936	-0.038815	-0.117317	-0.161668	-0.151251	-0.0952448	-0.00158153	0.114939	0.249275	0.405041	0.570603	0.73702	0.877008	0.97133	1.00973	0.982182	0.898321	0.762693	0.5935	0.418876	0.24771	0.0986631	-0.0152952	-0.105439	-0.170625	-0.189255	-0.143331	-0.044873	0.0754539	0.209956	0.35772	0.491818	0.583121	0.621674	0.612883	0.572131	0.508092	0.425044	0.345874	0.291222	0.245943	0.18887	0.131807	0.0989263	0.0989263	
0.467821	0.410793	0.318611	0.203968	0.0894483	-0.0186505	-0.105464	-0.165485	-0.178578	-0.140146	-0.0623487	0.043819	0.161285	0.292659	0.430995	0.569501	0.693459	0.782442	0.83489	0.841563	0.806399	0.732964	0.615387	0.470922	0.309889	0.14716	0.0102152	-0.105439	-0.20823	-0.283629	-0.31529	-0.29251	-0.220019	-0.10923	0.0351462	0.196362	0.350574	0.483819	0.579872	0.625989	0.626934	0.590696	0.528347	0.464574	0.41481	0.368494	0.31419	0.260967	0.228023	0.228023	
0.348132	0.2739	0.17059	0.0607679	-0.042752	-0.129199	-0.190657	-0.215851	-0.188441	-0.117823	-0.0139626	0.103668	0.227665	0.357251	0.483373	0.599242	0.684601	0.735077	0.750113	0.730817	0.69067	0.622313	0.525688	0.40518	0.257467	0.105628	-0.0362297	-0.170625	-0.283629	-0.368516	-0.421965	-0.429595	-0.38549	-0.289105	-0.149888	0.00689623	0.169128	0.333114	0.47613	0.57408	0.62154	0.625873	0.604238	0.573548	0.538226	0.499429	0.461493	0.426764	0.402744	0.402744	
0.180196	0.0927637	-0.00941277	-0.106353	-0.188537	-0.246867	-0.27566	-0.257548	-0.191155	-0.0871074	0.0389337	0.169646	0.304383	0.435044	0.554477	0.646827	0.697963	0.710941	0.688651	0.650692	0.607142	0.553304	0.488588	0.394766	0.26777	0.121817	-0.0378186	-0.189255	-0.31529	-0.421965	-0.502469	-0.543527	-0.533278	-0.458738	-0.335559	-0.191838	-0.0295531	0.15006	0.323207	0.463109	0.555878	0.608466	0.639953	0.654007	0.645802	0.629919	0.623387	0.620652	0.615319	0.615319	
0.0108544	-0.0879147	-0.186494	-0.270518	-0.331414	-0.364025	-0.356078	-0.296354	-0.191981	-0.0557457	0.0912341	0.240592	0.387006	0.520122	0.628321	0.691998	0.708201	0.682643	0.633096	0.585468	0.546059	0.516517	0.481826	0.416864	0.316577	0.178226	0.0153324	-0.143331	-0.29251	-0.429595	-0.543527	-0.625553	-0.651146	-0.606762	-0.515005	-0.390756	-0.231273	-0.0476659	0.139165	0.308103	0.442158	0.545894	0.631965	0.693424	0.725601	0.750754	0.787518	0.824833	0.845333	0.845333	
-0.131792	-0.239064	-0.333168	-0.403907	-0.445949	-0.451798	-0.407385	-0.311925	-0.17603	-0.0191526	0.142171	0.302882	0.453064	0.582473	0.672738	0.71056	0.698424	0.647541	0.585378	0.532759	0.499943	0.488066	0.476393	0.445809	0.379636	0.2666	0.120679	-0.044873	-0.220019	-0.38549	-0.533278	-0.651146	-0.715739	-0.724967	-0.681423	-0.577021	-0.424977	-0.250455	-0.0628726	0.126355	0.299694	0.453131	0.585983	0.691381	0.774613	0.854029	0.937719	1.01408	1.06108	1.06108	
-0.23142	-0.338661	-0.422363	-0.477344	-0.499558	-0.477695	-0.403887	-0.284188	-0.13428	0.0261968	0.189046	0.34786	0.493248	0.610776	0.680732	0.69657	0.662268	0.59666	0.527011	0.472662	0.448709	0.45313	0.469677	0.477797	0.449772	0.371753	0.244397	0.0754539	-0.10923	-0.289105	-0.458738	-0.606762	-0.724967	-0.80103	-0.804155	-0.728509	-0.605762	-0.4537	-0.270378	-0.0650891	0.144708	0.342269	0.513217	0.660202	0.79891	0.933384	1.05665	1.16086	1.22609	1.22609	
-0.288671	-0.389792	-0.460288	-0.498616	-0.498253	-0.448953	-0.350774	-0.215619	-0.062743	0.094703	0.251664	0.400694	0.53076	0.622571	0.661635	0.646278	0.586877	0.508646	0.436541	0.391373	0.385371	0.413524	0.461164	0.502696	0.510156	0.465921	0.361668	0.209956	0.0351462	-0.149888	-0.335559	-0.515005	-0.681423	-0.804155	-0.852903	-0.834254	-0.762859	-0.638299	-0.46476	-0.252502	-0.0151545	0.218453	0.42568	0.616823	0.806397	0.982536	1.12905	1.24228	1.30979	1.30979	
-0.320797	-0.414367	-0.471582	-0.490288	-0.46215	-0.382838	-0.260506	-0.113228	0.0412509	0.194943	0.342045	0.47379	0.57459	0.626632	0.623238	0.569609	0.485388	0.39719	0.327859	0.295617	0.306286	0.354296	0.425433	0.496045	0.541327	0.538409	0.475325	0.35772	0.196362	0.00689623	-0.191838	-0.390756	-0.577021	-0.728509	-0.834254	-0.885556	-0.865827	-0.774717	-0.625319	-0.420864	-0.172908	0.0851592	0.331705	0.569943	0.796971	0.993167	1.1436	1.2457	1.29835	1.29835	
-0.327765	-0.413554	-0.457008	-0.452934	-0.395209	-0.287947	-0.147379	0.00601243	0.159269	0.306381	0.44036	0.549034	0.614629	0.625213	0.580921	0.494836	0.391144	0.294003	0.223919	0.1945	0.209287	0.265384	0.351801	0.449851	0.535289	0.581786	0.570422	0.491818	0.350574	0.169128	-0.0295531	-0.231273	-0.424977	-0.605762	-0.762859	-0.865827	-0.891825	-0.844527	-0.729622	-0.547978	-0.313697	-0.0473256	0.235507	0.513043	0.758055	0.953772	1.09239	1.17053	1.19976	1.19976	
-0.301828	-0.381253	-0.411743	-0.385955	-0.30353	-0.177463	-0.0290617	0.123875	0.272684	0.411364	0.530173	0.612969	0.643917	0.617305	0.539836	0.43059	0.313413	0.209663	0.136487	0.1035	0.114592	0.169271	0.260374	0.373811	0.487993	0.576849	0.614552	0.583121	0.483819	0.333114	0.15006	-0.0476659	-0.250455	-0.4537	-0.638299	-0.774717	-0.844527	-0.83979	-0.759588	-0.615055	-0.414894	-0.157434	0.139973	0.429471	0.670517	0.851872	0.970554	1.02575	1.03823	1.03823	
-0.242192	-0.31622	-0.335192	-0.292332	-0.194586	-0.0614867	0.085776	0.234139	0.376705	0.505087	0.604928	0.65861	0.655003	0.595032	0.492313	0.368792	0.246314	0.143042	0.0711562	0.0367446	0.0429772	0.0898561	0.173418	0.284789	0.408374	0.521865	0.599587	0.621674	0.579872	0.47613	0.323207	0.139165	-0.0628726	-0.270378	-0.46476	-0.625319	-0.729622	-0.759588	-0.717523	-0.616206	-0.452926	-0.222948	0.0467733	0.306971	0.522425	0.680509	0.778964	0.82523	0.839006	0.839006	
-0.142998	-0.208348	-0.216917	-0.165139	-0.0657616	0.0605685	0.197347	0.335528	0.467201	0.579419	0.654091	0.67565	0.639145	0.552599	0.434602	0.306926	0.188519	0.0929879	0.0274288	-0.0050368	-0.00311694	0.0329055	0.101652	0.199197	0.316513	0.438125	0.543957	0.612883	0.625989	0.57408	0.463109	0.308103	0.126355	-0.0650891	-0.252502	-0.420864	-0.547978	-0.615055	-0.616206	-0.550389	-0.4201	-0.242279	-0.0441556	0.150185	0.319456	0.446033	0.5293	0.583119	0.613192	0.613192	
-0.00593279	-0.0514413	-0.0471404	0.00619843	0.0945362	0.20215	0.319057	0.438048	0.54797	0.631559	0.670729	0.655413	0.588246	0.483627	0.361899	0.242181	0.138552	0.0584976	0.00421668	-0.0242774	-0.0274891	-0.00499451	0.044928	0.123256	0.227402	0.348812	0.47144	0.572131	0.626934	0.62154	0.555878	0.442158	0.299694	0.144708	-0.0151545	-0.172908	-0.313697	-0.414894	-0.452926	-0.4201	-0.33744	-0.236857	-0.13199	-0.022415	0.0831663	0.171686	0.245281	0.3108	0.355068	0.355068	
0.151125	0.14213	0.165586	0.217642	0.288631	0.371497	0.461836	0.551805	0.626477	0.667274	0.660539	0.60432	0.509178	0.393657	0.276976	0.173629	0.0912015	0.0308617	-0.00959699	-0.0328593	-0.0399882	-0.0289321	0.00478279	0.0656778	0.155365	0.269194	0.393706	0.508092	0.590696	0.625873	0.608466	0.545894	0.453131	0.342269	0.218453	0.0851592	-0.0473256	-0.157434	-0.222948	-0.242279	-0.236857	-0.226905	-0.214606	-0.193098	-0.158279	-0.108594	-0.0462219	0.0159355	0.0557592	0.0557592	
0.307672	0.345391	0.390414	0.43927	0.49109	0.548117	0.60938	0.665129	0.698292	0.692494	0.640695	0.548586	0.431858	0.309633	0.198055	0.106915	0.0391516	-0.00713746	-0.0357956	-0.0503844	-0.052422	-0.0407827	-0.0124565	0.0362452	0.107903	0.201568	0.311047	0.425044	0.528347	0.604238	0.639953	0.631965	0.585983	0.513217	0.42568	0.331705	0.235507	0.139973	0.0467733	-0.0441556	-0.13199	-0.214606	-0.289766	-0.349662	-0.378172	-0.366377	-0.329388	-0.295141	-0.278497	-0.278497	
0.450115	0.53526	0.601176	0.647654	0.682884	0.715736	0.74654	0.764634	0.754404	0.70483	0.615776	0.498001	0.36832	0.243349	0.135231	0.0501761	-0.0107232	-0.0494742	-0.0694707	-0.0742827	-0.0668291	-0.0490626	-0.021515	0.0172782	0.0706072	0.142393	0.234992	0.345874	0.464574	0.573548	0.654007	0.693424	0.691381	0.660202	0.616823	0.569943	0.513043	0.429471	0.306971	0.150185	-0.022415	-0.193098	-0.349662	-0.476904	-0.55803	-0.59267	-0.603088	-0.612282	-0.622162	-0.622162	
0.578257	0.709779	0.800576	0.85265	0.878011	0.88698	0.88022	0.849901	0.787388	0.690807	0.56761	0.431871	0.298993	0.181161	0.085283	0.0132129	-0.0366312	-0.0675101	-0.0831549	-0.086971	-0.0816351	-0.0687176	-0.0480254	-0.0171698	0.0281843	0.0931677	0.181293	0.291222	0.41481	0.538226	0.645802	0.725601	0.774613	0.79891	0.806397	0.796971	0.758055	0.670517	0.522425	0.319456	0.0831663	-0.158279	-0.378172	-0.55803	-0.693591	-0.793164	-0.866913	-0.918271	-0.945129	-0.945129	
0.692664	0.865946	0.986385	1.05374	1.07597	1.05988	1.00732	0.91822	0.796047	0.650676	0.496961	0.350505	0.223421	0.122062	0.0470536	-0.00510229	-0.0398633	-0.0627994	-0.0782729	-0.0886943	-0.0943192	-0.0933398	-0.0823156	-0.056999	-0.0133	0.05171	0.138791	0.245943	0.368494	0.499429	0.629919	0.750754	0.854029	0.933384	0.982536	0.993167	0.953772	0.851872	0.680509	0.446033	0.171686	-0.108594	-0.366377	-0.59267	-0.793164	-0.968551	-1.10565	-1.19164	-1.22927	-1.22927	
0.777503	0.980879	1.13035	1.21892	1.24437	1.20721	1.11181	0.968664	0.794684	0.61047	0.43568	0.284862	0.165413	0.0778933	0.0179467	-0.0212365	-0.046757	-0.0645067	-0.0783203	-0.0897233	-0.0980857	-0.101054	-0.0952269	-0.0768331	-0.0422107	0.0119078	0.0882621	0.18887	0.31419	0.461493	0.623387	0.787518	0.937719	1.05665	1.12905	1.1436	1.09239	0.970554	0.778964	0.5293	0.245281	-0.0462219	-0.329388	-0.603088	-0.866913	-1.10565	-1.29328	-1.41289	-1.4674	-1.4674	
0.820773	1.04297	1.21775	1.32943	1.36389	1.31504	1.18988	1.00849	0.79876	0.588824	0.400573	0.246486	0.129904	0.047537	-0.00736405	-0.0423166	-0.0639245	-0.0771487	-0.0852579	-0.0901186	-0.0925061	-0.0922792	-0.0883204	-0.0782076	-0.0578034	-0.0210675	0.0395643	0.131807	0.260967	0.426764	0.620652	0.824833	1.01408	1.16086	1.24228	1.2457	1.17053	1.02575	0.82523	0.583119	0.3108	0.0159355	-0.295141	-0.612282	-0.918271	-1.19164	-1.41289	-1.56803	-1.64801	-1.64801	
0.834024	1.06672	1.25822	1.38662	1.42963	1.37681	1.23672	1.03506	0.805935	0.581505	0.384754	0.227084	0.109946	0.0284595	-0.0249125	-0.0577494	-0.0763571	-0.0854814	-0.0885902	-0.0882692	-0.0864415	-0.084261	-0.0816409	-0.0765662	-0.0644485	-0.0378353	0.0131038	0.0989263	0.228023	0.402744	0.615319	0.845333	1.06108	1.22609	1.30979	1.29835	1.19976	1.03823	0.839006	0.613192	0.355068	0.0557592	-0.278497	-0.622162	-0.945129	-1.22927	-1.4674	-1.64801	-1.74848	-1.74848	
0.834024	1.06672	1.25822	1.38662	1.42963	1.37681	1.23672	1.03506	0.805935	0.581505	0.384754	0.227084	0.109946	0.0284595	-0.0249125	-0.0577494	-0.0763571	-0.0854814	-0.0885902	-0.0882692	-0.0864415	-0.084261	-0.0816409	-0.0765662	-0.0644485	-0.0378353	0.0131038	0.0989263	0.228023	0.402744	0.615319	0.845333	1.06108	1.22609	1.30979	1.29835	1.19976	1.03823	0.839006	0.613192	0.355068	0.0557592	-0.278497	-0.622162	-0.945129	-1.22927	-1.4674	-1.64801	-1.74848	-1.74848	
