0.344287	0.242	0.16606	0.114511	0.0814545	0.0498393	0.0307379	0.0169855	0.00288952	-0.00568994	-0.0162017	-0.0257	-0.0327623	-0.033968	-0.0371852	-0.0460026	-0.0452999	-0.0452134	-0.052833	-0.0549526	-0.0533678	-0.054437	-0.0609505	-0.0680667	-0.0642592	-0.0606896	-0.0719976	-0.0841435	-0.0849581	-0.0807843	-0.0790533	-0.0894494	-0.114312	-0.132063	-0.123693	-0.0982549	-0.071523	-0.0487716	-0.0350469	-0.0302371	-0.0133425	0.0420306	0.137518	0.251139	0.361956	0.459834	0.537601	0.588638	0.612309	0.612309	
0.242	0.153306	0.0924457	0.0558853	0.028975	0.00740222	0.00139327	-0.00918706	-0.0210972	-0.0256975	-0.0312175	-0.0355084	-0.0378541	-0.0384701	-0.0451344	-0.0499265	-0.0447155	-0.0482025	-0.0563381	-0.0550982	-0.0532542	-0.0566261	-0.0644184	-0.0684934	-0.0625624	-0.0631892	-0.0773245	-0.0863054	-0.0840213	-0.0800057	-0.0816969	-0.0975934	-0.123465	-0.135027	-0.12141	-0.0985283	-0.0811663	-0.0735471	-0.079973	-0.0936761	-0.0853514	-0.0264277	0.0838163	0.225054	0.37642	0.519646	0.634719	0.707661	0.739809	0.739809	
0.16606	0.0924457	0.0463406	0.017358	-0.00212266	-0.0117748	-0.0172123	-0.0296195	-0.0335566	-0.0325323	-0.0364551	-0.0409015	-0.0430712	-0.0430249	-0.048066	-0.0491686	-0.0460868	-0.0526912	-0.0570295	-0.0539621	-0.0546996	-0.0599226	-0.0669475	-0.0675287	-0.0617489	-0.0675383	-0.0824349	-0.0870664	-0.0826217	-0.080159	-0.0864251	-0.107201	-0.131362	-0.135272	-0.117966	-0.0999659	-0.093613	-0.102406	-0.128961	-0.158886	-0.156289	-0.0927006	0.0319304	0.200465	0.392409	0.580822	0.733065	0.828365	0.869663	0.869663	
0.114511	0.0558853	0.017358	-0.0034638	-0.0163395	-0.0267096	-0.0321315	-0.0373174	-0.0352376	-0.036499	-0.0433134	-0.0454728	-0.0428613	-0.0442182	-0.0514979	-0.0495167	-0.047104	-0.0551788	-0.057352	-0.0543733	-0.0566416	-0.0627363	-0.0686084	-0.0661914	-0.0624963	-0.0732177	-0.0865277	-0.0864518	-0.0813286	-0.0818843	-0.0934505	-0.117511	-0.13699	-0.132818	-0.114318	-0.103654	-0.109853	-0.136	-0.18165	-0.224377	-0.224217	-0.154886	-0.0162824	0.178888	0.410341	0.642326	0.830709	0.948823	1.0003	1.0003	
0.0814545	0.028975	-0.00212266	-0.0163395	-0.0319708	-0.034988	-0.0338072	-0.0384668	-0.0380155	-0.0432036	-0.0464229	-0.0434855	-0.0438706	-0.0494652	-0.0519951	-0.046694	-0.050374	-0.0592097	-0.0565257	-0.0539676	-0.0592505	-0.0662967	-0.0693205	-0.0644727	-0.0652067	-0.0797315	-0.0889677	-0.0847263	-0.0808708	-0.0857982	-0.102623	-0.12738	-0.139497	-0.128196	-0.111753	-0.110785	-0.130893	-0.174763	-0.237236	-0.288314	-0.28708	-0.210965	-0.0587245	0.162032	0.430622	0.702951	0.925495	1.06684	1.1298	1.1298	
0.0498393	0.00740222	-0.0117748	-0.0267096	-0.034988	-0.030325	-0.0383659	-0.0440732	-0.0425562	-0.0454906	-0.0443051	-0.0446007	-0.0470979	-0.0501922	-0.0507666	-0.0488543	-0.0552131	-0.0588477	-0.0543121	-0.0564094	-0.0635888	-0.0685955	-0.0680916	-0.0638281	-0.0705863	-0.085873	-0.0891173	-0.0826258	-0.0821816	-0.0922958	-0.113263	-0.135417	-0.138461	-0.122528	-0.111792	-0.122583	-0.157656	-0.218751	-0.294394	-0.348586	-0.342791	-0.25884	-0.0931115	0.151702	0.453595	0.761385	1.01515	1.17996	1.25586	1.25586	
0.0307379	0.00139327	-0.0172123	-0.0321315	-0.0338072	-0.0383659	-0.0482007	-0.0437473	-0.0404468	-0.0440506	-0.0459844	-0.0467826	-0.0482487	-0.0530405	-0.0512387	-0.0492052	-0.0572558	-0.0587574	-0.0553333	-0.0599541	-0.0663343	-0.0692613	-0.066902	-0.0656954	-0.077585	-0.0900382	-0.0872547	-0.0814136	-0.0860405	-0.101285	-0.12415	-0.140277	-0.134158	-0.117501	-0.116064	-0.140218	-0.190836	-0.267463	-0.351248	-0.402922	-0.389325	-0.296371	-0.117068	0.149655	0.479486	0.816301	1.09742	1.28558	1.37574	1.37574	
0.0169855	-0.00918706	-0.0296195	-0.0373174	-0.0384668	-0.0440732	-0.0437473	-0.0369269	-0.0424941	-0.050319	-0.0483355	-0.046785	-0.0513917	-0.0526663	-0.0477609	-0.0534273	-0.0622263	-0.0574908	-0.0555445	-0.0634223	-0.0691533	-0.0695256	-0.0661627	-0.0699043	-0.0848848	-0.0915115	-0.0844097	-0.0823199	-0.0928445	-0.112116	-0.133662	-0.141025	-0.127744	-0.115227	-0.126142	-0.1647	-0.230709	-0.319681	-0.405431	-0.449037	-0.424776	-0.321419	-0.128276	0.157419	0.50836	0.866489	1.17024	1.38094	1.4862	1.4862	
0.00288952	-0.0210972	-0.0335566	-0.0352376	-0.0380155	-0.0425562	-0.0404468	-0.0424941	-0.0532753	-0.0502762	-0.043253	-0.0481756	-0.0530622	-0.0510511	-0.0518999	-0.0599973	-0.060163	-0.0543381	-0.0596919	-0.0685939	-0.0705738	-0.0681198	-0.0669117	-0.0769805	-0.0909668	-0.0898823	-0.0820912	-0.0864954	-0.10249	-0.123469	-0.140041	-0.137579	-0.121307	-0.117992	-0.143388	-0.196741	-0.276895	-0.373377	-0.454225	-0.484782	-0.447386	-0.331907	-0.12468	0.176093	0.540105	0.910985	1.23187	1.46323	1.58352	1.58352	
-0.00568994	-0.0256975	-0.0325323	-0.036499	-0.0432036	-0.0454906	-0.0440506	-0.050319	-0.0502762	-0.0408541	-0.0458884	-0.0552718	-0.0548124	-0.0519	-0.05436	-0.0599848	-0.0583263	-0.0573171	-0.0655032	-0.0709622	-0.0695971	-0.0672518	-0.0713987	-0.0854973	-0.0933971	-0.0860498	-0.0825851	-0.0945354	-0.113983	-0.133454	-0.141956	-0.131089	-0.117668	-0.127934	-0.168805	-0.236571	-0.328138	-0.425736	-0.494792	-0.508263	-0.455531	-0.325927	-0.104737	0.206173	0.574447	0.949196	1.28101	1.52968	1.66362	1.66362	
-0.0162017	-0.0312175	-0.0364551	-0.0433134	-0.0464229	-0.0443051	-0.0459844	-0.0483355	-0.043253	-0.0458884	-0.0569848	-0.0566552	-0.0504493	-0.0503723	-0.0585402	-0.0636056	-0.0580847	-0.0597667	-0.0699482	-0.0718866	-0.068249	-0.0690682	-0.079197	-0.0920913	-0.0914325	-0.0829516	-0.0877249	-0.105711	-0.125558	-0.140148	-0.139108	-0.124034	-0.119965	-0.146726	-0.202916	-0.283689	-0.382125	-0.473333	-0.524439	-0.517881	-0.447705	-0.301915	-0.067692	0.247425	0.611005	0.980969	1.31681	1.57763	1.72222	1.72222	
-0.0257	-0.0355084	-0.0409015	-0.0454728	-0.0434855	-0.0446007	-0.0467826	-0.046785	-0.0481756	-0.0552718	-0.0566552	-0.0491965	-0.0492337	-0.0587186	-0.0657086	-0.0599278	-0.0553555	-0.0669204	-0.0748399	-0.0696948	-0.0677162	-0.0751147	-0.0877497	-0.0941366	-0.0871829	-0.0838238	-0.097596	-0.118254	-0.135223	-0.142132	-0.132685	-0.120017	-0.131113	-0.175335	-0.245604	-0.336593	-0.435473	-0.512468	-0.540859	-0.512299	-0.422537	-0.258899	-0.01381	0.298866	0.649354	1.00657	1.33886	1.60467	1.75513	1.75513	
-0.0327623	-0.0378541	-0.0430712	-0.0428613	-0.0438706	-0.0470979	-0.0482487	-0.0513917	-0.0530622	-0.0548124	-0.0504493	-0.0492337	-0.0593683	-0.0651994	-0.0602923	-0.0551847	-0.0637776	-0.0755294	-0.0720802	-0.0667481	-0.0727481	-0.0837937	-0.0930236	-0.0918774	-0.0844133	-0.0903631	-0.110732	-0.130029	-0.141053	-0.139068	-0.12566	-0.123214	-0.153204	-0.213857	-0.29592	-0.392553	-0.483929	-0.539602	-0.542255	-0.490341	-0.378899	-0.196792	0.0554872	0.35886	0.689084	1.02655	1.34703	1.60875	1.75874	1.75874	
-0.033968	-0.0384701	-0.0430249	-0.0442182	-0.0494652	-0.0501922	-0.0530405	-0.0526663	-0.0510511	-0.0519	-0.0503723	-0.0587186	-0.0651994	-0.0599754	-0.0570705	-0.0624438	-0.0726331	-0.0743215	-0.0680003	-0.0706498	-0.0809638	-0.0903429	-0.0941386	-0.0881939	-0.0862325	-0.102456	-0.124784	-0.138659	-0.141657	-0.132544	-0.122644	-0.137413	-0.187025	-0.261462	-0.351848	-0.447542	-0.522824	-0.551774	-0.527317	-0.450921	-0.316144	-0.116679	0.137652	0.425312	0.729791	1.0415	1.3413	1.58836	1.73042	1.73042	
-0.0371852	-0.0451344	-0.048066	-0.0514979	-0.0519951	-0.0507666	-0.0512387	-0.0477609	-0.0518999	-0.05436	-0.0585402	-0.0657086	-0.0602923	-0.0570705	-0.0623169	-0.0691826	-0.0752552	-0.0719311	-0.0688658	-0.07756	-0.0884479	-0.0943641	-0.0919733	-0.0860175	-0.0949282	-0.118405	-0.136402	-0.14198	-0.137382	-0.126539	-0.128879	-0.164964	-0.231909	-0.316364	-0.410053	-0.496454	-0.547702	-0.54687	-0.495054	-0.393078	-0.23447	-0.0209856	0.229241	0.495919	0.770974	1.05167	1.32156	1.54279	1.66912	1.66912	
-0.0460026	-0.0499265	-0.0491686	-0.0495167	-0.046694	-0.0488543	-0.0492052	-0.0534273	-0.0599973	-0.0599848	-0.0636056	-0.0599278	-0.0551847	-0.0624438	-0.0691826	-0.0753483	-0.0756148	-0.0680073	-0.0730103	-0.087684	-0.0948945	-0.0936888	-0.0878499	-0.0902945	-0.111028	-0.133643	-0.142085	-0.139718	-0.131199	-0.126712	-0.148738	-0.206145	-0.285886	-0.375692	-0.465771	-0.533672	-0.554977	-0.523623	-0.444607	-0.31623	-0.135314	0.0865715	0.326325	0.568376	0.811814	1.05668	1.28752	1.47225	1.57574	1.57574	
-0.0452999	-0.0447155	-0.0460868	-0.047104	-0.050374	-0.0552131	-0.0572558	-0.0622263	-0.060163	-0.0583263	-0.0580847	-0.0553555	-0.0637776	-0.0726331	-0.0752552	-0.0756148	-0.067845	-0.0694523	-0.0873674	-0.0967612	-0.0936092	-0.0890428	-0.0891337	-0.104473	-0.129357	-0.142458	-0.141087	-0.134383	-0.128185	-0.138951	-0.184454	-0.259076	-0.345869	-0.435274	-0.513045	-0.553937	-0.542359	-0.481355	-0.375191	-0.22064	-0.0216392	0.201317	0.424973	0.640441	0.850869	1.0552	1.23869	1.37821	1.4534	1.4534	
-0.0452134	-0.0482025	-0.0526912	-0.0551788	-0.0592097	-0.0588477	-0.0587574	-0.0574908	-0.0543381	-0.0573171	-0.0597667	-0.0669204	-0.0755294	-0.0743215	-0.0719311	-0.0680073	-0.0694523	-0.0872398	-0.0986082	-0.0930226	-0.0886092	-0.0901266	-0.100524	-0.123793	-0.142189	-0.142931	-0.136087	-0.130331	-0.134594	-0.16786	-0.235261	-0.320028	-0.407775	-0.489551	-0.545432	-0.553253	-0.508862	-0.419609	-0.286355	-0.107987	0.102084	0.318205	0.521654	0.709814	0.885783	1.04497	1.17466	1.26345	1.30743	1.30743	
-0.052833	-0.0563381	-0.0570295	-0.057352	-0.0565257	-0.0543121	-0.0553333	-0.0555445	-0.0596919	-0.0655032	-0.0699482	-0.0748399	-0.0720802	-0.0680003	-0.0688658	-0.0730103	-0.0873674	-0.0986082	-0.0927608	-0.0876625	-0.0914566	-0.0992955	-0.118389	-0.140556	-0.145426	-0.137489	-0.131479	-0.133391	-0.156814	-0.214895	-0.297149	-0.384126	-0.466536	-0.531814	-0.557087	-0.52947	-0.454398	-0.337973	-0.178587	0.0182121	0.230308	0.432505	0.613394	0.77383	0.913143	1.02304	1.09538	1.13212	1.14501	1.14501	
-0.0549526	-0.0550982	-0.0539621	-0.0543733	-0.0539676	-0.0564094	-0.0599541	-0.0634223	-0.0685939	-0.0709622	-0.0718866	-0.0696948	-0.0667481	-0.0706498	-0.07756	-0.087684	-0.0967612	-0.0930226	-0.0876625	-0.092004	-0.099376	-0.114631	-0.138098	-0.147833	-0.1394	-0.131522	-0.13309	-0.150553	-0.198866	-0.276843	-0.363903	-0.446118	-0.51594	-0.554933	-0.543954	-0.482289	-0.379167	-0.236344	-0.054088	0.152603	0.357211	0.540342	0.697574	0.829111	0.92864	0.986398	1.00166	0.989613	0.974523	0.974523	
-0.0533678	-0.0532542	-0.0546996	-0.0566416	-0.0592505	-0.0635888	-0.0663343	-0.0691533	-0.0705738	-0.0695971	-0.068249	-0.0677162	-0.0727481	-0.0809638	-0.0884479	-0.0948945	-0.0936092	-0.0886092	-0.0914566	-0.099376	-0.113312	-0.136269	-0.149443	-0.141562	-0.131109	-0.132483	-0.147504	-0.18758	-0.259515	-0.346445	-0.429043	-0.500394	-0.548566	-0.552751	-0.504579	-0.41258	-0.283294	-0.115731	0.082663	0.28863	0.477629	0.638817	0.771437	0.871391	0.927616	0.932732	0.895512	0.842148	0.804679	0.804679	
-0.054437	-0.0566261	-0.0599226	-0.0627363	-0.0662967	-0.0685955	-0.0692613	-0.0695256	-0.0681198	-0.0672518	-0.0690682	-0.0751147	-0.0837937	-0.0903429	-0.0943641	-0.0936888	-0.0890428	-0.0901266	-0.0992955	-0.114631	-0.136269	-0.149987	-0.143031	-0.130772	-0.131534	-0.146139	-0.180587	-0.245844	-0.33155	-0.415188	-0.486888	-0.54013	-0.556654	-0.521805	-0.439969	-0.321362	-0.167177	0.0206907	0.225013	0.419692	0.587716	0.725599	0.83152	0.895738	0.905968	0.861307	0.780314	0.696268	0.643558	0.643558	
-0.0609505	-0.0644184	-0.0669475	-0.0686084	-0.0693205	-0.0680916	-0.066902	-0.0661627	-0.0669117	-0.0713987	-0.079197	-0.0877497	-0.0930236	-0.0941386	-0.0919733	-0.0878499	-0.0891337	-0.100524	-0.118389	-0.138098	-0.149443	-0.143031	-0.130661	-0.130814	-0.145532	-0.176851	-0.236235	-0.319571	-0.404242	-0.476172	-0.531572	-0.556938	-0.534341	-0.462326	-0.352274	-0.20926	-0.032681	0.166906	0.365174	0.540397	0.684926	0.798113	0.873399	0.89729	0.861231	0.773535	0.66069	0.558165	0.497753	0.497753	
-0.0680667	-0.0684934	-0.0675287	-0.0661914	-0.0644727	-0.0638281	-0.0656954	-0.0699043	-0.0769805	-0.0854973	-0.0920913	-0.0941366	-0.0918774	-0.0881939	-0.0860175	-0.0902945	-0.104473	-0.123793	-0.140556	-0.147833	-0.141562	-0.130772	-0.130814	-0.145349	-0.175305	-0.230648	-0.311122	-0.396135	-0.468349	-0.524245	-0.555115	-0.542753	-0.480145	-0.37732	-0.243133	-0.0772512	0.115392	0.314528	0.495935	0.647242	0.767234	0.852762	0.892043	0.872415	0.793515	0.673135	0.542019	0.433029	0.371774	0.371774	
-0.0642592	-0.0625624	-0.0617489	-0.0624963	-0.0652067	-0.0705863	-0.077585	-0.0848848	-0.0909668	-0.0933971	-0.0914325	-0.0871829	-0.0844133	-0.0862325	-0.0949282	-0.111028	-0.129357	-0.142189	-0.145426	-0.1394	-0.131109	-0.131534	-0.145532	-0.175305	-0.228831	-0.306748	-0.391075	-0.463262	-0.518851	-0.55258	-0.547872	-0.493731	-0.397298	-0.269956	-0.113349	0.0713157	0.268777	0.454619	0.612205	0.738206	0.831934	0.88475	0.882909	0.819981	0.705958	0.56571	0.429724	0.32454	0.267802	0.267802	
-0.0606896	-0.0631892	-0.0675383	-0.0732177	-0.0797315	-0.085873	-0.0900382	-0.0915115	-0.0898823	-0.0860498	-0.0829516	-0.0838238	-0.0903631	-0.102456	-0.118405	-0.133643	-0.142458	-0.142931	-0.137489	-0.131522	-0.132483	-0.146139	-0.176851	-0.230648	-0.306748	-0.389346	-0.460755	-0.515615	-0.550374	-0.550648	-0.503405	-0.412621	-0.290658	-0.141627	0.0350655	0.228944	0.417198	0.580102	0.711352	0.811343	0.874794	0.888884	0.84349	0.742242	0.604474	0.457864	0.328491	0.234592	0.18583	0.18583	
-0.0719976	-0.0773245	-0.0824349	-0.0865277	-0.0889677	-0.0891173	-0.0872547	-0.0844097	-0.0820912	-0.0825851	-0.0877249	-0.097596	-0.110732	-0.124784	-0.136402	-0.142085	-0.141087	-0.136087	-0.131479	-0.13309	-0.147504	-0.180587	-0.236235	-0.311122	-0.391075	-0.460755	-0.514543	-0.54913	-0.551928	-0.509545	-0.423477	-0.305847	-0.162808	0.00662607	0.195807	0.38454	0.551449	0.687157	0.7919	0.863228	0.890336	0.861286	0.774737	0.64494	0.496793	0.356056	0.241636	0.163316	0.124091	0.124091	
-0.0841435	-0.0863054	-0.0870664	-0.0864518	-0.0847263	-0.0826258	-0.0814136	-0.0823199	-0.0864954	-0.0945354	-0.105711	-0.118254	-0.130029	-0.138659	-0.14198	-0.139718	-0.134383	-0.130331	-0.133391	-0.150553	-0.18758	-0.245844	-0.319571	-0.396135	-0.463262	-0.515615	-0.54913	-0.552288	-0.512508	-0.429958	-0.315858	-0.177509	-0.0142642	0.169841	0.357459	0.526856	0.666081	0.774394	0.851338	0.888493	0.873503	0.801354	0.681688	0.536459	0.391045	0.265537	0.170762	0.109366	0.0796751	0.0796751	
-0.0849581	-0.0840213	-0.0826217	-0.0813286	-0.0808708	-0.0821816	-0.0860405	-0.0928445	-0.10249	-0.113983	-0.125558	-0.135223	-0.141053	-0.141657	-0.137382	-0.131199	-0.128185	-0.134594	-0.156814	-0.198866	-0.259515	-0.33155	-0.404242	-0.468349	-0.518851	-0.550374	-0.551928	-0.512508	-0.432112	-0.320838	-0.186166	-0.0279449	0.151264	0.336617	0.506946	0.648555	0.759404	0.840183	0.884737	0.881203	0.822096	0.713045	0.572904	0.426243	0.294305	0.189638	0.115784	0.0703763	0.0491539	0.0491539	
-0.0807843	-0.0800057	-0.080159	-0.0818843	-0.0857982	-0.0922958	-0.101285	-0.112116	-0.123469	-0.133454	-0.140148	-0.142132	-0.139068	-0.132544	-0.126539	-0.126712	-0.138951	-0.16786	-0.214895	-0.276843	-0.346445	-0.415188	-0.476172	-0.524245	-0.55258	-0.550648	-0.509545	-0.429958	-0.320838	-0.189026	-0.0347046	0.140129	0.322483	0.49228	0.63498	0.747343	0.830534	0.880246	0.885602	0.83766	0.73878	0.604739	0.458823	0.322983	0.21152	0.129553	0.0752466	0.0434816	0.0291215	0.0291215	
-0.0790533	-0.0816969	-0.0864251	-0.0934505	-0.102623	-0.113263	-0.12415	-0.133662	-0.140041	-0.141956	-0.139108	-0.132685	-0.12566	-0.122644	-0.128879	-0.148738	-0.184454	-0.235261	-0.297149	-0.363903	-0.429043	-0.486888	-0.531572	-0.555115	-0.547872	-0.503405	-0.423477	-0.315858	-0.186166	-0.0347046	0.136422	0.315349	0.483297	0.625708	0.738513	0.822916	0.875928	0.887798	0.84892	0.759177	0.631518	0.48762	0.349592	0.23314	0.145049	0.0845984	0.0468374	0.0257781	0.0165624	0.0165624	
-0.0894494	-0.0975934	-0.107201	-0.117511	-0.12738	-0.135417	-0.140277	-0.141025	-0.137579	-0.131089	-0.124034	-0.120017	-0.123214	-0.137413	-0.164964	-0.206145	-0.259076	-0.320028	-0.384126	-0.446118	-0.500394	-0.54013	-0.556938	-0.542753	-0.493731	-0.412621	-0.305847	-0.177509	-0.0279449	0.140129	0.315349	0.480271	0.621001	0.733126	0.817669	0.872429	0.888682	0.85671	0.77469	0.653164	0.512062	0.373177	0.253147	0.160202	0.0948561	0.0527802	0.0279097	0.014658	0.00904027	0.00904027	
-0.114312	-0.123465	-0.131362	-0.13699	-0.139497	-0.138461	-0.134158	-0.127744	-0.121307	-0.117668	-0.119965	-0.131113	-0.153204	-0.187025	-0.231909	-0.285886	-0.345869	-0.407775	-0.466536	-0.51594	-0.548566	-0.556654	-0.534341	-0.480145	-0.397298	-0.290658	-0.162808	-0.0142642	0.151264	0.322483	0.483297	0.621001	0.731316	0.814998	0.870171	0.888913	0.861741	0.785807	0.669758	0.531828	0.393139	0.270789	0.174114	0.104759	0.0591429	0.0314541	0.0159169	0.00799218	0.00473518	0.00473518	
-0.132063	-0.135027	-0.135272	-0.132818	-0.128196	-0.122528	-0.117501	-0.115227	-0.117992	-0.127934	-0.146726	-0.175335	-0.213857	-0.261462	-0.316364	-0.375692	-0.435274	-0.489551	-0.531814	-0.554933	-0.552751	-0.521805	-0.462326	-0.37732	-0.269956	-0.141627	0.00662607	0.169841	0.336617	0.49228	0.625708	0.733126	0.814998	0.869393	0.888923	0.864541	0.792952	0.681449	0.54674	0.409052	0.285527	0.186229	0.113732	0.0651884	0.0351585	0.0179051	0.00868699	0.00417808	0.00238009	0.00238009	
-0.123693	-0.12141	-0.117966	-0.114318	-0.111753	-0.111792	-0.116064	-0.126142	-0.143388	-0.168805	-0.202916	-0.245604	-0.29592	-0.351848	-0.410053	-0.465771	-0.513045	-0.545432	-0.557087	-0.543954	-0.504579	-0.439969	-0.352274	-0.243133	-0.113349	0.0350655	0.195807	0.357459	0.506946	0.63498	0.738513	0.817669	0.870171	0.888923	0.865438	0.796443	0.68839	0.556708	0.420615	0.296942	0.196115	0.121389	0.0705647	0.03861	0.0199314	0.00973721	0.00453758	0.00209422	0.00114815	0.00114815	
-0.0982549	-0.0985283	-0.0999659	-0.103654	-0.110785	-0.122583	-0.140218	-0.1647	-0.196741	-0.236571	-0.283689	-0.336593	-0.392553	-0.447542	-0.496454	-0.533672	-0.553937	-0.553253	-0.52947	-0.482289	-0.41258	-0.321362	-0.20926	-0.0772512	0.0713157	0.228944	0.38454	0.526856	0.648555	0.747343	0.822916	0.872429	0.888913	0.864541	0.796443	0.690691	0.561698	0.427627	0.304723	0.203428	0.12742	0.0750218	0.0416035	0.0217748	0.0107791	0.00506041	0.00226891	0.00100663	0.000531664	0.000531664	
-0.071523	-0.0811663	-0.093613	-0.109853	-0.130893	-0.157656	-0.190836	-0.230709	-0.276895	-0.328138	-0.382125	-0.435473	-0.483929	-0.522824	-0.547702	-0.554977	-0.542359	-0.508862	-0.454398	-0.379167	-0.283294	-0.167177	-0.032681	0.115392	0.268777	0.417198	0.551449	0.666081	0.759404	0.830534	0.875928	0.888682	0.861741	0.792952	0.68839	0.561698	0.429977	0.308665	0.207918	0.131581	0.0783589	0.0439891	0.0233223	0.0116996	0.00556382	0.00251426	0.0010864	0.000464116	0.000236393	0.000236393	
-0.0487716	-0.0735471	-0.102406	-0.136	-0.174763	-0.218751	-0.267463	-0.319681	-0.373377	-0.425736	-0.473333	-0.512468	-0.539602	-0.551774	-0.54687	-0.523623	-0.481355	-0.419609	-0.337973	-0.236344	-0.115731	0.0206907	0.166906	0.314528	0.454619	0.580102	0.687157	0.774394	0.840183	0.880246	0.887798	0.85671	0.785807	0.681449	0.556708	0.427627	0.308665	0.209432	0.133705	0.0804245	0.0456493	0.0244909	0.0124403	0.00599293	0.00274263	0.00119488	0.000498342	0.000205323	0.000100958	0.000100958	
-0.0350469	-0.079973	-0.128961	-0.18165	-0.237236	-0.294394	-0.351248	-0.405431	-0.454225	-0.494792	-0.524439	-0.540859	-0.542255	-0.527317	-0.495054	-0.444607	-0.375191	-0.286355	-0.178587	-0.054088	0.082663	0.225013	0.365174	0.495935	0.612205	0.711352	0.7919	0.851338	0.884737	0.885602	0.84892	0.77469	0.669758	0.54674	0.420615	0.304723	0.207918	0.133705	0.0811237	0.0465009	0.0252184	0.0129589	0.00631933	0.00292873	0.00129196	0.000543483	0.000219098	8.71924e-05	4.14312e-05	4.14312e-05	
-0.0302371	-0.0936761	-0.158886	-0.224377	-0.288314	-0.348586	-0.402922	-0.449037	-0.484782	-0.508263	-0.517881	-0.512299	-0.490341	-0.450921	-0.393078	-0.31623	-0.22064	-0.107987	0.0182121	0.152603	0.28863	0.419692	0.540397	0.647242	0.738206	0.811343	0.863228	0.888493	0.881203	0.83766	0.759177	0.653164	0.531828	0.409052	0.296942	0.203428	0.131581	0.0804245	0.0465009	0.0254653	0.0132259	0.00652339	0.00305974	0.0013666	0.000582008	0.000236735	9.23765e-05	3.55589e-05	1.63452e-05	1.63452e-05	
-0.0133425	-0.0853514	-0.156289	-0.224217	-0.28708	-0.342791	-0.389325	-0.424776	-0.447386	-0.455531	-0.447705	-0.422537	-0.378899	-0.316144	-0.23447	-0.135314	-0.0216392	0.102084	0.230308	0.357211	0.477629	0.587716	0.684926	0.767234	0.831934	0.874794	0.890336	0.873503	0.822096	0.73878	0.631518	0.512062	0.393139	0.285527	0.196115	0.12742	0.0783589	0.0456493	0.0252184	0.0132259	0.00659281	0.00312737	0.00141344	0.000609377	0.000250917	9.88199e-05	3.73723e-05	1.39337e-05	6.20211e-06	6.20211e-06	
0.0420306	-0.0264277	-0.0927006	-0.154886	-0.210965	-0.25884	-0.296371	-0.321419	-0.331907	-0.325927	-0.301915	-0.258899	-0.196792	-0.116679	-0.0209856	0.0865715	0.201317	0.318205	0.432505	0.540342	0.638817	0.725599	0.798113	0.852762	0.88475	0.888884	0.861286	0.801354	0.713045	0.604739	0.48762	0.373177	0.270789	0.186229	0.121389	0.0750218	0.0439891	0.0244909	0.0129589	0.00652339	0.00312737	0.0014294	0.000623547	0.000259891	0.000103607	3.95581e-05	1.45168e-05	5.24884e-06	2.26461e-06	2.26461e-06	
0.137518	0.0838163	0.0319304	-0.0162824	-0.0587245	-0.0931115	-0.117068	-0.128276	-0.12468	-0.104737	-0.067692	-0.01381	0.0554872	0.137652	0.229241	0.326325	0.424973	0.521654	0.613394	0.697574	0.771437	0.83152	0.873399	0.892043	0.882909	0.84349	0.774737	0.681688	0.572904	0.458823	0.349592	0.253147	0.174114	0.113732	0.0705647	0.0416035	0.0233223	0.0124403	0.00631933	0.00305974	0.00141344	0.000623547	0.000262955	0.000106104	4.10065e-05	1.51965e-05	5.41755e-06	1.90188e-06	7.96131e-07	7.96131e-07	
0.251139	0.225054	0.200465	0.178888	0.162032	0.151702	0.149655	0.157419	0.176093	0.206173	0.247425	0.298866	0.35886	0.425312	0.495919	0.568376	0.640441	0.709814	0.77383	0.829111	0.871391	0.895738	0.89729	0.872415	0.819981	0.742242	0.64494	0.536459	0.426243	0.322983	0.23314	0.160202	0.104759	0.0651884	0.03861	0.0217748	0.0116996	0.00599293	0.00292873	0.0013666	0.000609377	0.000259891	0.000106104	4.15045e-05	1.55689e-05	5.6064e-06	1.94369e-06	6.63253e-07	2.69618e-07	2.69618e-07	
0.361956	0.37642	0.392409	0.410341	0.430622	0.453595	0.479486	0.50836	0.540105	0.574447	0.611005	0.649354	0.689084	0.729791	0.770974	0.811814	0.850869	0.885783	0.913143	0.92864	0.927616	0.905968	0.861231	0.793515	0.705958	0.604474	0.496793	0.391045	0.294305	0.21152	0.145049	0.0948561	0.0591429	0.0351585	0.0199314	0.0107791	0.00556382	0.00274263	0.00129196	0.000582008	0.000250917	0.000103607	4.10065e-05	1.55689e-05	5.67495e-06	1.98781e-06	6.70866e-07	2.22745e-07	8.80093e-08	8.80093e-08	
0.459834	0.519646	0.580822	0.642326	0.702951	0.761385	0.816301	0.866489	0.910985	0.949196	0.980969	1.00657	1.02655	1.0415	1.05167	1.05668	1.0552	1.04497	1.02304	0.986398	0.932732	0.861307	0.773535	0.673135	0.56571	0.457864	0.356056	0.265537	0.189638	0.129553	0.0845984	0.0527802	0.0314541	0.0179051	0.00973721	0.00506041	0.00251426	0.00119488	0.000543483	0.000236735	9.88199e-05	3.95581e-05	1.51965e-05	5.6064e-06	1.98781e-06	6.77939e-07	2.2293e-07	7.20903e-08	2.77082e-08	2.77082e-08	
0.537601	0.634719	0.733065	0.830709	0.925495	1.01515	1.09742	1.17024	1.23187	1.28101	1.31681	1.33886	1.34703	1.3413	1.32156	1.28752	1.23869	1.17466	1.09538	1.00166	0.895512	0.780314	0.66069	0.542019	0.429724	0.328491	0.241636	0.170762	0.115784	0.0752466	0.0468374	0.0279097	0.0159169	0.00868699	0.00453758	0.00226891	0.0010864	0.000498342	0.000219098	9.23765e-05	3.73723e-05	1.45168e-05	5.41755e-06	1.94369e-06	6.70866e-07	2.2293e-07	7.14766e-08	2.25286e-08	8.42867e-09	8.42867e-09	
0.588638	0.707661	0.828365	0.948823	1.06684	1.17996	1.28558	1.38094	1.46323	1.52968	1.57763	1.60467	1.60875	1.58836	1.54279	1.47225	1.37821	1.26345	1.13212	0.989613	0.842148	0.696268	0.558165	0.433029	0.32454	0.234592	0.163316	0.109366	0.0703763	0.0434816	0.0257781	0.014658	0.00799218	0.00417808	0.00209422	0.00100663	0.000464116	0.000205323	8.71924e-05	3.55589e-05	1.39337e-05	5.24884e-06	1.90188e-06	6.63253e-07	2.22745e-07	7.20903e-08	2.25286e-08	6.91897e-09	2.5188e-09	2.5188e-09	
0.612309	0.739809	0.869663	1.0003	1.1298	1.25586	1.37574	1.4862	1.58352	1.66362	1.72222	1.75513	1.75874	1.73042	1.66912	1.57574	1.4534	1.30743	1.14501	0.974523	0.804679	0.643558	0.497753	0.371774	0.267802	0.18583	0.124091	0.0796751	0.0491539	0.0291215	0.0165624	0.00904027	0.00473518	0.00238009	0.00114815	0.000531664	0.000236393	0.000100958	4.14312e-05	1.63452e-05	6.20211e-06	2.26461e-06	7.96131e-07	2.69618e-07	8.80093e-08	2.77082e-08	8.42867e-09	2.5188e-09	8.90697e-10	8.90697e-10	
0.612309	0.739809	0.869663	1.0003	1.1298	1.25586	1.37574	1.4862	1.58352	1.66362	1.72222	1.75513	1.75874	1.73042	1.66912	1.57574	1.4534	1.30743	1.14501	0.974523	0.804679	0.643558	0.497753	0.371774	0.267802	0.18583	0.124091	0.0796751	0.0491539	0.0291215	0.0165624	0.00904027	0.00473518	0.00238009	0.00114815	0.000531664	0.000236393	0.000100958	4.14312e-05	1.63452e-05	6.20211e-06	2.26461e-06	7.96131e-07	2.69618e-07	8.80093e-08	2.77082e-08	8.42867e-09	2.5188e-09	8.90697e-10	8.90697e-10	
