0.330609	0.330609	-0.031935	0.418293	0.271878	1.17225	
0.330609	0.330609	-0.031935	0.418293	0.271878	1.17225	
-0.031935	-0.031935	-0.221115	-0.0587942	0.215708	1.0249	
0.418293	0.418293	-0.0587942	0.245041	-0.00928522	0.598234	
0.271878	0.271878	0.215708	-0.00928522	0.32331	1.32317	
1.17225	1.17225	1.0249	0.598234	1.32317	0.355567	
