0.0518191	0.0829865	0.118304	0.150894	0.185262	0.231143	0.301331	0.413163	0.559634	0.704347	0.827458	0.936822	1.03023	1.10284	1.15651	1.1901	1.18705	1.12992	1.03636	0.925486	0.820671	0.735999	0.680152	0.656374	0.653506	0.67133	0.695921	0.716373	0.746223	0.794398	0.838279	0.857538	0.869682	0.874328	0.855617	0.803215	0.733949	0.667021	0.602801	0.535453	0.469058	0.41224	0.366922	0.342399	0.329335	0.326984	0.338444	0.359267	0.377049	0.377049	
0.0829865	0.144046	0.216017	0.289515	0.364187	0.447962	0.535827	0.643889	0.772136	0.890376	0.982502	1.05125	1.09499	1.12343	1.13798	1.13751	1.09523	0.99809	0.867886	0.728412	0.604456	0.515535	0.471534	0.467777	0.4882	0.532628	0.588759	0.64411	0.714083	0.789976	0.853338	0.889254	0.913515	0.923632	0.905598	0.849779	0.768162	0.687394	0.609874	0.536008	0.463335	0.402934	0.35763	0.323786	0.298846	0.283766	0.284516	0.298284	0.311234	0.311234	
0.118304	0.216017	0.322112	0.433037	0.549891	0.667109	0.771324	0.876472	0.98238	1.06844	1.12602	1.15372	1.1468	1.12004	1.08296	1.03245	0.946494	0.813804	0.648616	0.480963	0.345338	0.2592	0.233246	0.256356	0.308683	0.382811	0.471643	0.566537	0.672838	0.778723	0.86427	0.922598	0.957343	0.965397	0.940357	0.879694	0.790217	0.694036	0.603525	0.517532	0.437633	0.372603	0.322067	0.280925	0.250923	0.233592	0.227029	0.225227	0.224131	0.224131	
0.150894	0.289515	0.433037	0.582785	0.726174	0.86557	0.985366	1.09129	1.17368	1.2236	1.24748	1.22917	1.1698	1.08453	0.9883	0.884593	0.755379	0.593438	0.405898	0.222103	0.0827164	0.00369981	-0.00713875	0.0449863	0.131862	0.23928	0.361177	0.490072	0.6269	0.753122	0.860143	0.940726	0.984856	0.989671	0.951099	0.882122	0.789981	0.684441	0.58266	0.481961	0.392655	0.322	0.266569	0.224333	0.195904	0.183917	0.175468	0.163014	0.151146	0.151146	
0.185262	0.364187	0.549891	0.726174	0.886191	1.03499	1.16126	1.25766	1.31482	1.33034	1.31763	1.25162	1.14071	1.00461	0.856629	0.69989	0.528449	0.354385	0.162074	-0.0166198	-0.148094	-0.219733	-0.219196	-0.145388	-0.0274519	0.10958	0.260683	0.414807	0.570791	0.715038	0.837752	0.935148	0.990952	0.991788	0.94382	0.867554	0.775147	0.667463	0.552308	0.437389	0.337536	0.262173	0.204512	0.162558	0.137187	0.127389	0.124474	0.113914	0.105051	0.105051	
0.231143	0.447962	0.667109	0.86557	1.03499	1.18253	1.29404	1.36605	1.39434	1.37892	1.32189	1.20753	1.05162	0.876897	0.686367	0.487803	0.293788	0.117588	-0.0608493	-0.222829	-0.340472	-0.39999	-0.389307	-0.303016	-0.164462	-0.0054454	0.163115	0.33274	0.50404	0.661869	0.795055	0.902082	0.964586	0.972226	0.928351	0.855449	0.768257	0.654574	0.524667	0.393302	0.280522	0.196534	0.132307	0.088662	0.0675492	0.0667864	0.0787979	0.0878345	0.092815	0.092815	
0.301331	0.535827	0.771324	0.985366	1.16126	1.29404	1.37745	1.42122	1.42156	1.37259	1.27229	1.1153	0.92033	0.708985	0.48779	0.267467	0.0646024	-0.106583	-0.271198	-0.40987	-0.507179	-0.544693	-0.518107	-0.425299	-0.278874	-0.110321	0.0669012	0.249851	0.436627	0.604769	0.74314	0.849881	0.916941	0.932176	0.903318	0.842096	0.757088	0.63891	0.499482	0.358096	0.234182	0.136569	0.0593329	0.0135084	0.000142362	0.0160601	0.0470039	0.0758569	0.0942498	0.0942498	
0.413163	0.643889	0.876472	1.09129	1.25766	1.36605	1.42122	1.43496	1.4027	1.31589	1.17345	0.980131	0.748935	0.50954	0.275542	0.0547943	-0.144788	-0.310722	-0.454242	-0.570416	-0.639253	-0.649132	-0.608931	-0.518393	-0.382328	-0.221121	-0.0432314	0.151073	0.351166	0.526632	0.67338	0.789137	0.866145	0.893801	0.881891	0.833912	0.748859	0.632421	0.49361	0.348423	0.209328	0.0909214	-0.00219426	-0.0520306	-0.0540408	-0.025017	0.0194984	0.0575571	0.0829214	0.0829214	
0.559634	0.772136	0.98238	1.17368	1.31482	1.39434	1.42156	1.4027	1.32758	1.19911	1.02	0.798552	0.544118	0.298098	0.0693384	-0.141889	-0.326515	-0.479645	-0.601433	-0.689477	-0.730809	-0.719814	-0.672022	-0.591235	-0.474417	-0.328901	-0.157972	0.0376763	0.241452	0.419018	0.579304	0.719564	0.815631	0.861441	0.870967	0.838586	0.761099	0.653832	0.520881	0.367744	0.206879	0.0624243	-0.0461396	-0.0996632	-0.0981584	-0.0639535	-0.016776	0.0276685	0.0580001	0.0580001	
0.704347	0.890376	1.06844	1.2236	1.33034	1.37892	1.37259	1.31589	1.19911	1.02998	0.822657	0.583167	0.328897	0.0931136	-0.117682	-0.307627	-0.470264	-0.606746	-0.706779	-0.769555	-0.790546	-0.769508	-0.720957	-0.64905	-0.548003	-0.423017	-0.27115	-0.085253	0.109986	0.291824	0.47133	0.638809	0.758591	0.825655	0.858968	0.847348	0.784954	0.688033	0.559558	0.400304	0.225645	0.0676857	-0.0485601	-0.110208	-0.118704	-0.0966145	-0.0589618	-0.0109226	0.0225662	0.0225662	
0.827458	0.982502	1.12602	1.24748	1.31763	1.32189	1.27229	1.17345	1.02	0.822657	0.602039	0.36335	0.123126	-0.0870238	-0.268381	-0.426982	-0.561004	-0.675844	-0.753736	-0.797491	-0.808596	-0.79111	-0.750445	-0.688584	-0.606629	-0.50734	-0.380618	-0.218695	-0.0346566	0.150828	0.342054	0.527153	0.668532	0.765129	0.82937	0.851863	0.810654	0.723721	0.597325	0.434509	0.261979	0.101671	-0.0210741	-0.0931599	-0.119554	-0.112818	-0.0800605	-0.0329903	0.00488683	0.00488683	
0.936822	1.05125	1.15372	1.22917	1.25162	1.20753	1.1153	0.980131	0.798552	0.583167	0.36335	0.134793	-0.0768832	-0.244687	-0.376392	-0.490203	-0.583863	-0.665671	-0.725033	-0.756431	-0.767966	-0.759672	-0.731988	-0.692711	-0.641061	-0.571205	-0.480759	-0.353236	-0.188941	-0.00739759	0.183191	0.379724	0.546808	0.6814	0.786402	0.840899	0.826761	0.748693	0.623746	0.469476	0.305353	0.149124	0.0230133	-0.063221	-0.101755	-0.103314	-0.0776443	-0.0343099	-0.00405218	-0.00405218	
1.03023	1.09499	1.1468	1.1698	1.14071	1.05162	0.92033	0.748935	0.544118	0.328897	0.123126	-0.0768832	-0.243454	-0.358642	-0.439698	-0.503871	-0.551775	-0.594161	-0.631196	-0.655134	-0.668451	-0.667853	-0.664583	-0.665312	-0.649402	-0.615017	-0.561019	-0.469931	-0.333902	-0.165794	0.015351	0.215162	0.408142	0.579098	0.716046	0.80207	0.814848	0.754378	0.644652	0.499375	0.342898	0.189097	0.0580111	-0.0321835	-0.0742468	-0.0744853	-0.0488052	-0.0177344	0.00216305	0.00216305	
1.10284	1.12343	1.12004	1.08453	1.00461	0.876897	0.708985	0.50954	0.298098	0.0931136	-0.0870238	-0.244687	-0.358642	-0.423377	-0.457812	-0.479062	-0.487855	-0.496214	-0.520121	-0.543405	-0.55821	-0.565524	-0.58568	-0.617933	-0.63639	-0.63468	-0.61685	-0.564467	-0.458224	-0.31216	-0.141545	0.0597097	0.270275	0.465263	0.627094	0.736986	0.776517	0.744019	0.65337	0.517449	0.36159	0.209381	0.0835878	-0.00181557	-0.0382309	-0.0316268	-0.00598133	0.0159599	0.0258523	0.0258523	
1.15651	1.13798	1.08296	0.9883	0.856629	0.686367	0.48779	0.275542	0.0693384	-0.117682	-0.268381	-0.376392	-0.439698	-0.457812	-0.452471	-0.439595	-0.417298	-0.403826	-0.417994	-0.44164	-0.459399	-0.475116	-0.510508	-0.563325	-0.611034	-0.6461	-0.664626	-0.64518	-0.567527	-0.439428	-0.274264	-0.073101	0.142265	0.351771	0.533988	0.664686	0.72975	0.724197	0.651091	0.520883	0.363018	0.216699	0.103099	0.0281248	0.00116596	0.0129327	0.0418744	0.0615555	0.0694973	0.0694973	
1.1901	1.13751	1.03245	0.884593	0.69989	0.487803	0.267467	0.0547943	-0.141889	-0.307627	-0.426982	-0.490203	-0.503871	-0.479062	-0.439595	-0.396485	-0.354299	-0.32815	-0.330792	-0.345583	-0.364936	-0.389845	-0.439029	-0.511497	-0.589934	-0.665513	-0.71669	-0.721588	-0.666481	-0.549115	-0.382642	-0.187675	0.0263144	0.244299	0.442519	0.591814	0.676692	0.692333	0.63459	0.511948	0.360101	0.224901	0.1239	0.061738	0.0424244	0.0596523	0.0939675	0.12052	0.134154	0.134154	
1.18705	1.09523	0.946494	0.755379	0.528449	0.293788	0.0646024	-0.144788	-0.326515	-0.470264	-0.561004	-0.583863	-0.551775	-0.487855	-0.417298	-0.354299	-0.307792	-0.283387	-0.275919	-0.279204	-0.295421	-0.330661	-0.390521	-0.474307	-0.577932	-0.678518	-0.7474	-0.772562	-0.733991	-0.628028	-0.470244	-0.28417	-0.0768486	0.145653	0.353218	0.512375	0.611279	0.64416	0.601433	0.495589	0.36254	0.24074	0.152859	0.10205	0.0894138	0.112011	0.151033	0.187946	0.209708	0.209708	
1.12992	0.99809	0.813804	0.593438	0.354385	0.117588	-0.106583	-0.310722	-0.479645	-0.606746	-0.675844	-0.665671	-0.594161	-0.496214	-0.403826	-0.32815	-0.283387	-0.262906	-0.244441	-0.235512	-0.250232	-0.29051	-0.358337	-0.455742	-0.573794	-0.683859	-0.758622	-0.788954	-0.759367	-0.66404	-0.517365	-0.346323	-0.147082	0.0715799	0.272658	0.432562	0.539636	0.586319	0.560607	0.477769	0.364062	0.256036	0.176239	0.132613	0.130253	0.157674	0.208178	0.256797	0.28857	0.28857	
1.03636	0.867886	0.648616	0.405898	0.162074	-0.0608493	-0.271198	-0.454242	-0.601433	-0.706779	-0.753736	-0.725033	-0.631196	-0.520121	-0.417994	-0.330792	-0.275919	-0.244441	-0.217451	-0.201078	-0.213114	-0.253575	-0.326591	-0.43441	-0.559053	-0.667896	-0.737215	-0.765207	-0.73722	-0.649201	-0.519078	-0.361799	-0.179441	0.0218365	0.206679	0.353963	0.462498	0.516271	0.508144	0.444426	0.351875	0.257031	0.185778	0.15186	0.155414	0.195702	0.255409	0.316703	0.354724	0.354724	
0.925486	0.728412	0.480963	0.222103	-0.0166198	-0.222829	-0.40987	-0.570416	-0.689477	-0.769555	-0.797491	-0.756431	-0.655134	-0.543405	-0.44164	-0.345583	-0.279204	-0.235512	-0.201078	-0.175569	-0.173517	-0.20509	-0.278121	-0.390497	-0.519095	-0.628098	-0.690979	-0.713831	-0.687045	-0.605089	-0.484729	-0.345677	-0.186868	-0.0110802	0.150385	0.282332	0.381135	0.438521	0.441817	0.394159	0.318311	0.239717	0.180061	0.152828	0.167131	0.21849	0.292122	0.359565	0.401094	0.401094	
0.820671	0.604456	0.345338	0.0827164	-0.148094	-0.340472	-0.507179	-0.639253	-0.730809	-0.790546	-0.808596	-0.767966	-0.668451	-0.55821	-0.459399	-0.364936	-0.295421	-0.250232	-0.213114	-0.173517	-0.155777	-0.172972	-0.230173	-0.331866	-0.457356	-0.560058	-0.616348	-0.639697	-0.622135	-0.551522	-0.442909	-0.322485	-0.191086	-0.037139	0.109003	0.22625	0.316091	0.369069	0.37617	0.336932	0.273823	0.210861	0.162501	0.142166	0.164073	0.224954	0.303998	0.370339	0.408466	0.408466	
0.735999	0.515535	0.2592	0.00369981	-0.219733	-0.39999	-0.544693	-0.649132	-0.719814	-0.769508	-0.79111	-0.759672	-0.667853	-0.565524	-0.475116	-0.389845	-0.330661	-0.29051	-0.253575	-0.20509	-0.172972	-0.165172	-0.191614	-0.270053	-0.380835	-0.474884	-0.526511	-0.557794	-0.55804	-0.500615	-0.407122	-0.306215	-0.193293	-0.0550816	0.0828627	0.193397	0.274868	0.316728	0.316026	0.275873	0.220012	0.168036	0.130249	0.121423	0.151481	0.217997	0.295603	0.355554	0.387818	0.387818	
0.680152	0.471534	0.233246	-0.00713875	-0.219196	-0.389307	-0.518107	-0.608931	-0.672022	-0.720957	-0.750445	-0.731988	-0.664583	-0.58568	-0.510508	-0.439029	-0.390521	-0.358337	-0.326591	-0.278121	-0.230173	-0.191614	-0.181368	-0.22699	-0.313686	-0.396488	-0.453952	-0.498971	-0.51283	-0.469986	-0.388575	-0.295869	-0.184077	-0.0496374	0.0850357	0.196434	0.270093	0.295206	0.27449	0.226138	0.167361	0.117898	0.0916198	0.0968015	0.13753	0.201796	0.271501	0.322519	0.349005	0.349005	
0.656374	0.467777	0.256356	0.0449863	-0.145388	-0.303016	-0.425299	-0.518393	-0.591235	-0.64905	-0.688584	-0.692711	-0.665312	-0.617933	-0.563325	-0.511497	-0.474307	-0.455742	-0.43441	-0.390497	-0.331866	-0.270053	-0.22699	-0.231445	-0.282876	-0.350553	-0.41547	-0.470249	-0.492815	-0.467086	-0.398592	-0.299821	-0.175327	-0.0331333	0.106987	0.225144	0.297159	0.308296	0.271478	0.209429	0.138584	0.080641	0.0593376	0.0783479	0.12528	0.185851	0.246589	0.291355	0.315789	0.315789	
0.653506	0.4882	0.308683	0.131862	-0.0274519	-0.164462	-0.278874	-0.382328	-0.474417	-0.548003	-0.606629	-0.641061	-0.649402	-0.63639	-0.611034	-0.589934	-0.577932	-0.573794	-0.559053	-0.519095	-0.457356	-0.380835	-0.313686	-0.282876	-0.296809	-0.347509	-0.409856	-0.462291	-0.495722	-0.487031	-0.429786	-0.32634	-0.185961	-0.0322969	0.120176	0.247966	0.32425	0.338205	0.302316	0.236687	0.153845	0.0850611	0.0607224	0.0792957	0.124189	0.177869	0.229863	0.272793	0.295826	0.295826	
0.67133	0.532628	0.382811	0.23928	0.10958	-0.0054454	-0.110321	-0.221121	-0.328901	-0.423017	-0.50734	-0.571205	-0.615017	-0.63468	-0.6461	-0.665513	-0.678518	-0.683859	-0.667896	-0.628098	-0.560058	-0.474884	-0.396488	-0.350553	-0.347509	-0.381691	-0.43583	-0.489624	-0.526499	-0.525574	-0.472034	-0.364519	-0.215409	-0.0436796	0.125259	0.265179	0.349587	0.380037	0.359272	0.298419	0.215646	0.138918	0.102068	0.102383	0.128067	0.168263	0.211398	0.250139	0.272874	0.272874	
0.695921	0.588759	0.471643	0.361177	0.260683	0.163115	0.0669012	-0.0432314	-0.157972	-0.27115	-0.380618	-0.480759	-0.561019	-0.61685	-0.664626	-0.71669	-0.7474	-0.758622	-0.737215	-0.690979	-0.616348	-0.526511	-0.453952	-0.41547	-0.409856	-0.43583	-0.492025	-0.546314	-0.57747	-0.566059	-0.506587	-0.397031	-0.243058	-0.0569328	0.128555	0.281469	0.382671	0.431116	0.425389	0.373731	0.296488	0.217507	0.162608	0.131682	0.128434	0.148727	0.181265	0.218324	0.240202	0.240202	
0.716373	0.64411	0.566537	0.490072	0.414807	0.33274	0.249851	0.151073	0.0376763	-0.085253	-0.218695	-0.353236	-0.469931	-0.564467	-0.64518	-0.721588	-0.772562	-0.788954	-0.765207	-0.713831	-0.639697	-0.557794	-0.498971	-0.470249	-0.462291	-0.489624	-0.546314	-0.593347	-0.610557	-0.584321	-0.51981	-0.407702	-0.254657	-0.0728389	0.115214	0.281514	0.402472	0.469533	0.479255	0.4406	0.376828	0.300354	0.23013	0.171504	0.133919	0.124385	0.135954	0.160712	0.177271	0.177271	
0.746223	0.714083	0.672838	0.6269	0.570791	0.50404	0.436627	0.351166	0.241452	0.109986	-0.0346566	-0.188941	-0.333902	-0.458224	-0.567527	-0.666481	-0.733991	-0.759367	-0.73722	-0.687045	-0.622135	-0.55804	-0.51283	-0.492815	-0.495722	-0.526499	-0.57747	-0.610557	-0.614459	-0.59005	-0.522517	-0.403795	-0.256939	-0.0900209	0.088656	0.263015	0.401857	0.488201	0.51676	0.497358	0.446429	0.370279	0.289085	0.208512	0.140501	0.0944119	0.0702156	0.066516	0.0664716	0.0664716	
0.794398	0.789976	0.778723	0.753122	0.715038	0.661869	0.604769	0.526632	0.419018	0.291824	0.150828	-0.00739759	-0.165794	-0.31216	-0.439428	-0.549115	-0.628028	-0.66404	-0.649201	-0.605089	-0.551522	-0.500615	-0.469986	-0.467086	-0.487031	-0.525574	-0.566059	-0.584321	-0.59005	-0.573601	-0.512113	-0.395356	-0.254324	-0.0998072	0.0706762	0.244426	0.39269	0.493681	0.543926	0.542589	0.499122	0.419252	0.320974	0.219626	0.124621	0.0414046	-0.0253977	-0.0719083	-0.0974634	-0.0974634	
0.838279	0.853338	0.86427	0.860143	0.837752	0.795055	0.74314	0.67338	0.579304	0.47133	0.342054	0.183191	0.015351	-0.141545	-0.274264	-0.382642	-0.470244	-0.517365	-0.519078	-0.484729	-0.442909	-0.407122	-0.388575	-0.398592	-0.429786	-0.472034	-0.506587	-0.51981	-0.522517	-0.512113	-0.463589	-0.365773	-0.235207	-0.087483	0.0752266	0.237664	0.380947	0.489005	0.550425	0.56384	0.528457	0.445263	0.327778	0.199257	0.0739929	-0.0455502	-0.156203	-0.245589	-0.297024	-0.297024	
0.857538	0.889254	0.922598	0.940726	0.935148	0.902082	0.849881	0.789137	0.719564	0.638809	0.527153	0.379724	0.215162	0.0597097	-0.073101	-0.187675	-0.28417	-0.346323	-0.361799	-0.345677	-0.322485	-0.306215	-0.295869	-0.299821	-0.32634	-0.364519	-0.397031	-0.407702	-0.403795	-0.395356	-0.365773	-0.296656	-0.186984	-0.0512239	0.0954799	0.241042	0.37372	0.475837	0.536206	0.553557	0.524129	0.439734	0.306049	0.149902	-0.0088949	-0.164147	-0.308507	-0.423147	-0.487047	-0.487047	
0.869682	0.913515	0.957343	0.984856	0.990952	0.964586	0.916941	0.866145	0.815631	0.758591	0.668532	0.546808	0.408142	0.270275	0.142265	0.0263144	-0.0768486	-0.147082	-0.179441	-0.186868	-0.191086	-0.193293	-0.184077	-0.175327	-0.185961	-0.215409	-0.243058	-0.254657	-0.256939	-0.254324	-0.235207	-0.186984	-0.0973767	0.0138399	0.136251	0.262025	0.378023	0.465623	0.514588	0.527129	0.493548	0.407091	0.265074	0.0902111	-0.102164	-0.297647	-0.469183	-0.597832	-0.662746	-0.662746	
0.874328	0.923632	0.965397	0.989671	0.991788	0.972226	0.932176	0.893801	0.861441	0.825655	0.765129	0.6814	0.579098	0.465263	0.351771	0.244299	0.145653	0.0715799	0.0218365	-0.0110802	-0.037139	-0.0550816	-0.0496374	-0.0331333	-0.0322969	-0.0436796	-0.0569328	-0.0728389	-0.0900209	-0.0998072	-0.087483	-0.0512239	0.0138399	0.0943017	0.189243	0.291381	0.389177	0.461071	0.497711	0.499911	0.452308	0.355422	0.212293	0.0300484	-0.185045	-0.408851	-0.605048	-0.74141	-0.809446	-0.809446	
0.855617	0.905598	0.940357	0.951099	0.94382	0.928351	0.903318	0.881891	0.870967	0.858968	0.82937	0.786402	0.716046	0.627094	0.533988	0.442519	0.353218	0.272658	0.206679	0.150385	0.109003	0.0828627	0.0850357	0.106987	0.120176	0.125259	0.128555	0.115214	0.088656	0.0706762	0.0752266	0.0954799	0.136251	0.189243	0.25204	0.329573	0.404199	0.457757	0.483002	0.47289	0.415938	0.313481	0.170173	-0.0105221	-0.23117	-0.468118	-0.679257	-0.834245	-0.912475	-0.912475	
0.803215	0.849779	0.879694	0.882122	0.867554	0.855449	0.842096	0.833912	0.838586	0.847348	0.851863	0.840899	0.80207	0.736986	0.664686	0.591814	0.512375	0.432562	0.353963	0.282332	0.22625	0.193397	0.196434	0.225144	0.247966	0.265179	0.281469	0.281514	0.263015	0.244426	0.237664	0.241042	0.262025	0.291381	0.329573	0.380399	0.434003	0.465278	0.469362	0.450917	0.394546	0.296577	0.156883	-0.0209394	-0.232687	-0.460993	-0.675334	-0.841211	-0.931813	-0.931813	
0.733949	0.768162	0.790217	0.789981	0.775147	0.768257	0.757088	0.748859	0.761099	0.784954	0.810654	0.826761	0.814848	0.776517	0.72975	0.676692	0.611279	0.539636	0.462498	0.381135	0.316091	0.274868	0.270093	0.297159	0.32425	0.349587	0.382671	0.402472	0.401857	0.39269	0.380947	0.37372	0.378023	0.389177	0.404199	0.434003	0.466134	0.475704	0.466744	0.446718	0.405863	0.323428	0.193869	0.0246008	-0.175317	-0.386897	-0.589631	-0.750693	-0.84137	-0.84137	
0.667021	0.687394	0.694036	0.684441	0.667463	0.654574	0.63891	0.632421	0.653832	0.688033	0.723721	0.748693	0.754378	0.744019	0.724197	0.692333	0.64416	0.586319	0.516271	0.438521	0.369069	0.316728	0.295206	0.308296	0.338205	0.380037	0.431116	0.469533	0.488201	0.493681	0.489005	0.475837	0.465623	0.461071	0.457757	0.465278	0.475704	0.477493	0.477445	0.47697	0.459852	0.402286	0.295025	0.142738	-0.0438324	-0.242047	-0.426201	-0.570793	-0.650676	-0.650676	
0.602801	0.609874	0.603525	0.58266	0.552308	0.524667	0.499482	0.49361	0.520881	0.559558	0.597325	0.623746	0.644652	0.65337	0.651091	0.63459	0.601433	0.560607	0.508144	0.441817	0.37617	0.316026	0.27449	0.271478	0.302316	0.359272	0.425389	0.479255	0.51676	0.543926	0.550425	0.536206	0.514588	0.497711	0.483002	0.469362	0.466744	0.477445	0.506759	0.539032	0.547964	0.516713	0.438243	0.311585	0.145814	-0.033111	-0.197217	-0.320985	-0.390105	-0.390105	
0.535453	0.536008	0.517532	0.481961	0.437389	0.393302	0.358096	0.348423	0.367744	0.400304	0.434509	0.469476	0.499375	0.517449	0.520883	0.511948	0.495589	0.477769	0.444426	0.394159	0.336932	0.275873	0.226138	0.209429	0.236687	0.298419	0.373731	0.4406	0.497358	0.542589	0.56384	0.553557	0.527129	0.499911	0.47289	0.450917	0.446718	0.47697	0.539032	0.604265	0.646306	0.646918	0.599848	0.506198	0.369309	0.214116	0.0670785	-0.0485953	-0.113467	-0.113467	
0.469058	0.463335	0.437633	0.392655	0.337536	0.280522	0.234182	0.209328	0.206879	0.225645	0.261979	0.305353	0.342898	0.36159	0.363018	0.360101	0.36254	0.364062	0.351875	0.318311	0.273823	0.220012	0.167361	0.138584	0.153845	0.215646	0.296488	0.376828	0.446429	0.499122	0.528457	0.524129	0.493548	0.452308	0.415938	0.394546	0.405863	0.459852	0.547964	0.646306	0.725698	0.768005	0.758947	0.699076	0.593661	0.458273	0.319258	0.204439	0.138247	0.138247	
0.41224	0.402934	0.372603	0.322	0.262173	0.196534	0.136569	0.0909214	0.0624243	0.0676857	0.101671	0.149124	0.189097	0.209381	0.216699	0.224901	0.24074	0.256036	0.257031	0.239717	0.210861	0.168036	0.117898	0.080641	0.0850611	0.138918	0.217507	0.300354	0.370279	0.419252	0.445263	0.439734	0.407091	0.355422	0.313481	0.296577	0.323428	0.402286	0.516713	0.646918	0.768005	0.858671	0.893297	0.866603	0.779253	0.648827	0.506744	0.387939	0.32056	0.32056	
0.366922	0.35763	0.322067	0.266569	0.204512	0.132307	0.0593329	-0.00219426	-0.0461396	-0.0485601	-0.0210741	0.0230133	0.0580111	0.0835878	0.103099	0.1239	0.152859	0.176239	0.185778	0.180061	0.162501	0.130249	0.0916198	0.0593376	0.0607224	0.102068	0.162608	0.23013	0.289085	0.320974	0.327778	0.306049	0.265074	0.212293	0.170173	0.156883	0.193869	0.295025	0.438243	0.599848	0.758947	0.893297	0.967758	0.964715	0.882479	0.746741	0.59745	0.474158	0.405119	0.405119	
0.342399	0.323786	0.280925	0.224333	0.162558	0.088662	0.0135084	-0.0520306	-0.0996632	-0.110208	-0.0931599	-0.063221	-0.0321835	-0.00181557	0.0281248	0.061738	0.10205	0.132613	0.15186	0.152828	0.142166	0.121423	0.0968015	0.0783479	0.0792957	0.102383	0.131682	0.171504	0.208512	0.219626	0.199257	0.149902	0.0902111	0.0300484	-0.0105221	-0.0209394	0.0246008	0.142738	0.311585	0.506198	0.699076	0.866603	0.964715	0.969246	0.884811	0.740163	0.580805	0.44602	0.368873	0.368873	
0.329335	0.298846	0.250923	0.195904	0.137187	0.0675492	0.000142362	-0.0540408	-0.0981584	-0.118704	-0.119554	-0.101755	-0.0742468	-0.0382309	0.00116596	0.0424244	0.0894138	0.130253	0.155414	0.167131	0.164073	0.151481	0.13753	0.12528	0.124189	0.128067	0.128434	0.133919	0.140501	0.124621	0.0739929	-0.0088949	-0.102164	-0.185045	-0.23117	-0.232687	-0.175317	-0.0438324	0.145814	0.369309	0.593661	0.779253	0.882479	0.884811	0.795409	0.64558	0.473004	0.320999	0.231461	0.231461	
0.326984	0.283766	0.233592	0.183917	0.127389	0.0667864	0.0160601	-0.025017	-0.0639535	-0.0966145	-0.112818	-0.103314	-0.0744853	-0.0316268	0.0129327	0.0596523	0.112011	0.157674	0.195702	0.21849	0.224954	0.217997	0.201796	0.185851	0.177869	0.168263	0.148727	0.124385	0.0944119	0.0414046	-0.0455502	-0.164147	-0.297647	-0.408851	-0.468118	-0.460993	-0.386897	-0.242047	-0.033111	0.214116	0.458273	0.648827	0.746741	0.740163	0.64558	0.486166	0.298771	0.131101	0.032141	0.032141	
0.338444	0.284516	0.227029	0.175468	0.124474	0.0787979	0.0470039	0.0194984	-0.016776	-0.0589618	-0.0800605	-0.0776443	-0.0488052	-0.00598133	0.0418744	0.0939675	0.151033	0.208178	0.255409	0.292122	0.303998	0.295603	0.271501	0.246589	0.229863	0.211398	0.181265	0.135954	0.0702156	-0.0253977	-0.156203	-0.308507	-0.469183	-0.605048	-0.679257	-0.675334	-0.589631	-0.426201	-0.197217	0.0670785	0.319258	0.506744	0.59745	0.580805	0.473004	0.298771	0.0978992	-0.07762	-0.177877	-0.177877	
0.359267	0.298284	0.225227	0.163014	0.113914	0.0878345	0.0758569	0.0575571	0.0276685	-0.0109226	-0.0329903	-0.0343099	-0.0177344	0.0159599	0.0615555	0.12052	0.187946	0.256797	0.316703	0.359565	0.370339	0.355554	0.322519	0.291355	0.272793	0.250139	0.218324	0.160712	0.066516	-0.0719083	-0.245589	-0.423147	-0.597832	-0.74141	-0.834245	-0.841211	-0.750693	-0.570793	-0.320985	-0.0485953	0.204439	0.387939	0.474158	0.44602	0.320999	0.131101	-0.07762	-0.251833	-0.348991	-0.348991	
0.377049	0.311234	0.224131	0.151146	0.105051	0.092815	0.0942498	0.0829214	0.0580001	0.0225662	0.00488683	-0.00405218	0.00216305	0.0258523	0.0694973	0.134154	0.209708	0.28857	0.354724	0.401094	0.408466	0.387818	0.349005	0.315789	0.295826	0.272874	0.240202	0.177271	0.0664716	-0.0974634	-0.297024	-0.487047	-0.662746	-0.809446	-0.912475	-0.931813	-0.84137	-0.650676	-0.390105	-0.113467	0.138247	0.32056	0.405119	0.368873	0.231461	0.032141	-0.177877	-0.348991	-0.442553	-0.442553	
0.377049	0.311234	0.224131	0.151146	0.105051	0.092815	0.0942498	0.0829214	0.0580001	0.0225662	0.00488683	-0.00405218	0.00216305	0.0258523	0.0694973	0.134154	0.209708	0.28857	0.354724	0.401094	0.408466	0.387818	0.349005	0.315789	0.295826	0.272874	0.240202	0.177271	0.0664716	-0.0974634	-0.297024	-0.487047	-0.662746	-0.809446	-0.912475	-0.931813	-0.84137	-0.650676	-0.390105	-0.113467	0.138247	0.32056	0.405119	0.368873	0.231461	0.032141	-0.177877	-0.348991	-0.442553	-0.442553	
