-0.854218	-0.854218	-0.708609	0.978628	0.404857	1.06364	
-0.854218	-0.854218	-0.708609	0.978628	0.404857	1.06364	
-0.708609	-0.708609	-1.19882	-0.0539316	-0.613615	-0.879351	
0.978628	0.978628	-0.0539316	0.583477	0.418778	0.845616	
0.404857	0.404857	-0.613615	0.418778	0.159108	-0.0161649	
1.06364	1.06364	-0.879351	0.845616	-0.0161649	1.02551	
