0.248542	0.2393	0.214893	0.17109	0.110798	0.0359326	-0.0278166	-0.0625513	-0.063688	-0.0197737	0.0565224	0.149233	0.244511	0.346491	0.462641	0.587862	0.68874	0.748782	0.775465	0.769563	0.740924	0.68672	0.600214	0.490422	0.352666	0.210417	0.0786969	-0.0418897	-0.144042	-0.230049	-0.293667	-0.336459	-0.368761	-0.393	-0.396034	-0.384665	-0.366764	-0.345767	-0.321624	-0.29227	-0.267685	-0.244477	-0.241075	-0.250568	-0.254859	-0.2627	-0.265992	-0.267825	-0.260212	-0.260212	
0.2393	0.258369	0.260474	0.239255	0.206285	0.162426	0.122529	0.0954783	0.0868745	0.113903	0.159906	0.218979	0.287543	0.382333	0.507008	0.641341	0.757406	0.84288	0.886789	0.893154	0.861241	0.792084	0.689759	0.559166	0.40434	0.242106	0.0917316	-0.0360282	-0.14234	-0.229459	-0.295285	-0.33722	-0.366376	-0.390313	-0.398206	-0.404218	-0.403917	-0.393636	-0.372642	-0.340544	-0.313486	-0.292904	-0.281102	-0.271274	-0.249837	-0.232073	-0.2278	-0.222718	-0.213466	-0.213466	
0.214893	0.260474	0.275761	0.282316	0.285941	0.278334	0.261367	0.245269	0.240539	0.250729	0.268347	0.294922	0.335291	0.416028	0.528789	0.655414	0.781336	0.880818	0.940173	0.954084	0.916114	0.829737	0.71254	0.572392	0.414451	0.255688	0.102925	-0.0256845	-0.130045	-0.212154	-0.268796	-0.305492	-0.326246	-0.343399	-0.358527	-0.379026	-0.397398	-0.395717	-0.370333	-0.338979	-0.309624	-0.286171	-0.265975	-0.235184	-0.189939	-0.148913	-0.133819	-0.123916	-0.114055	-0.114055	
0.17109	0.239255	0.282316	0.319336	0.355967	0.377409	0.383078	0.385011	0.39091	0.39215	0.389788	0.394228	0.409039	0.461852	0.54021	0.642905	0.759677	0.856788	0.923867	0.936811	0.89258	0.800595	0.6769	0.543256	0.402382	0.263079	0.126146	0.00466458	-0.0909706	-0.163711	-0.207982	-0.2384	-0.253837	-0.264306	-0.28436	-0.314271	-0.344033	-0.345021	-0.321127	-0.292362	-0.261138	-0.22943	-0.194127	-0.146181	-0.0805281	-0.0198425	0.0103415	0.0266765	0.0392717	0.0392717	
0.110798	0.206285	0.285941	0.355967	0.419921	0.464323	0.491157	0.517758	0.537337	0.536461	0.529364	0.519992	0.512844	0.521682	0.557638	0.617504	0.698892	0.775438	0.827264	0.835603	0.793709	0.716398	0.612534	0.499406	0.38681	0.27404	0.160543	0.0588033	-0.02314	-0.0778229	-0.113961	-0.139438	-0.153128	-0.166783	-0.185664	-0.217459	-0.244942	-0.246273	-0.230752	-0.208976	-0.178178	-0.134171	-0.0832272	-0.0208039	0.0611024	0.139654	0.190007	0.220554	0.240311	0.240311	
0.0359326	0.162426	0.278334	0.377409	0.464323	0.537779	0.597687	0.649235	0.67777	0.681545	0.677613	0.656797	0.626959	0.600736	0.588055	0.595675	0.625586	0.66572	0.684158	0.681301	0.650981	0.603275	0.540279	0.462748	0.387672	0.304909	0.222467	0.142671	0.0751884	0.0302347	-0.0038223	-0.0252884	-0.0392798	-0.0554753	-0.0738989	-0.0997391	-0.124394	-0.133329	-0.134271	-0.123205	-0.0877037	-0.025459	0.0497603	0.1332	0.232038	0.327041	0.397534	0.444049	0.472529	0.472529	
-0.0278166	0.122529	0.261367	0.383078	0.491157	0.597687	0.691559	0.763855	0.808646	0.82527	0.819581	0.788732	0.743408	0.690309	0.633727	0.592083	0.568698	0.55448	0.534525	0.511696	0.494302	0.484815	0.469784	0.436915	0.401178	0.353861	0.30305	0.248905	0.196801	0.150774	0.111678	0.0874313	0.0639542	0.0433183	0.0247504	0.00961659	-0.00490132	-0.0186889	-0.0293439	-0.0249722	0.0141889	0.0906367	0.187986	0.29285	0.407588	0.517727	0.607376	0.671297	0.707786	0.707786	
-0.0625513	0.0954783	0.245269	0.385011	0.517758	0.649235	0.763855	0.853589	0.911796	0.940545	0.94082	0.911922	0.860135	0.778863	0.686666	0.594932	0.520361	0.458387	0.399752	0.357384	0.347901	0.363204	0.388166	0.40198	0.410156	0.40363	0.386854	0.361158	0.317656	0.269817	0.219063	0.184654	0.153587	0.126723	0.11199	0.106965	0.102255	0.0929814	0.0841794	0.0894401	0.134379	0.218883	0.332889	0.452798	0.571687	0.686243	0.781742	0.851806	0.888125	0.888125	
-0.063688	0.0868745	0.240539	0.39091	0.537337	0.67777	0.808646	0.911796	0.987041	1.03072	1.04772	1.02531	0.963482	0.862451	0.740657	0.610694	0.491288	0.382878	0.287591	0.228743	0.215132	0.246493	0.301781	0.360463	0.408938	0.439934	0.451724	0.447636	0.420317	0.373122	0.317246	0.268411	0.228668	0.197383	0.183033	0.181093	0.185741	0.190041	0.193917	0.212894	0.260646	0.352391	0.473386	0.59269	0.707477	0.81185	0.903378	0.968832	0.996957	0.996957	
-0.0197737	0.113903	0.250729	0.39215	0.536461	0.681545	0.82527	0.940545	1.03072	1.10095	1.13978	1.12845	1.05809	0.945713	0.801497	0.638614	0.476698	0.326125	0.204326	0.129156	0.108071	0.144719	0.220574	0.311587	0.39447	0.454593	0.486828	0.503063	0.495596	0.458044	0.400051	0.337232	0.288284	0.253412	0.234618	0.232138	0.242583	0.26621	0.291463	0.322252	0.380754	0.469595	0.582625	0.691742	0.787801	0.884223	0.969945	1.02834	1.05108	1.05108	
0.0565224	0.159906	0.268347	0.389788	0.529364	0.677613	0.819581	0.94082	1.04772	1.13978	1.19635	1.19217	1.12021	1.00556	0.847494	0.662074	0.469805	0.294645	0.162262	0.0764541	0.0487491	0.0806385	0.153497	0.255546	0.351195	0.426173	0.47688	0.513913	0.535196	0.516964	0.466839	0.399029	0.344822	0.306766	0.279525	0.27079	0.285113	0.321716	0.364676	0.413158	0.479338	0.566779	0.659605	0.743271	0.820048	0.898152	0.973464	1.02155	1.03859	1.03859	
0.149233	0.218979	0.294922	0.394228	0.519992	0.656797	0.788732	0.911922	1.02531	1.12845	1.19217	1.1947	1.134	1.02565	0.864593	0.668314	0.463063	0.277911	0.137484	0.046147	0.0116096	0.033132	0.0959364	0.191294	0.287747	0.368411	0.433409	0.492294	0.538468	0.545988	0.513819	0.456627	0.40265	0.356707	0.321155	0.302234	0.319059	0.366261	0.424386	0.494273	0.570186	0.646937	0.708777	0.756458	0.803945	0.857092	0.910519	0.944637	0.957393	0.957393	
0.244511	0.287543	0.335291	0.409039	0.512844	0.626959	0.743408	0.860135	0.963482	1.05809	1.12021	1.134	1.09104	0.9908	0.834753	0.644378	0.442173	0.263194	0.12446	0.0321207	-0.00924424	-0.00358082	0.0403182	0.115462	0.203847	0.288401	0.371215	0.448124	0.510469	0.538976	0.527488	0.490065	0.442389	0.393785	0.355742	0.336416	0.353793	0.405255	0.474632	0.555942	0.636001	0.697248	0.72835	0.745563	0.765174	0.787806	0.810072	0.824637	0.830502	0.830502	
0.346491	0.382333	0.416028	0.461852	0.521682	0.600736	0.690309	0.778863	0.862451	0.945713	1.00556	1.02565	0.9908	0.89881	0.755176	0.587433	0.412239	0.252515	0.123748	0.0280813	-0.0229717	-0.035677	-0.014396	0.038164	0.110487	0.19708	0.287264	0.370801	0.438172	0.477618	0.492602	0.480583	0.448835	0.412923	0.384147	0.37354	0.395566	0.448038	0.520933	0.601907	0.671583	0.712557	0.720075	0.71719	0.713832	0.707713	0.700568	0.693057	0.693001	0.693001	
0.462641	0.507008	0.528789	0.54021	0.557638	0.588055	0.633727	0.686666	0.740657	0.801497	0.847494	0.864593	0.834753	0.755176	0.641285	0.50925	0.371412	0.241679	0.128229	0.034477	-0.0225056	-0.049279	-0.0521882	-0.029303	0.0186718	0.0938444	0.179162	0.259739	0.327585	0.378616	0.415731	0.434111	0.430034	0.420055	0.414366	0.418519	0.444866	0.492729	0.555754	0.6191	0.666904	0.687934	0.686781	0.675183	0.658871	0.631758	0.597212	0.574811	0.563819	0.563819	
0.587862	0.641341	0.655414	0.642905	0.617504	0.595675	0.592083	0.594932	0.610694	0.638614	0.662074	0.668314	0.644378	0.587433	0.50925	0.417364	0.322359	0.222335	0.121036	0.0352412	-0.0260018	-0.0646662	-0.0877918	-0.0911769	-0.0682329	-0.0111289	0.0603757	0.136487	0.204021	0.263559	0.320525	0.364625	0.399971	0.424568	0.449307	0.476919	0.507758	0.547937	0.589479	0.62459	0.642956	0.644029	0.634729	0.617702	0.590635	0.546232	0.497294	0.460971	0.443751	0.443751	
0.68874	0.757406	0.781336	0.759677	0.698892	0.625586	0.568698	0.520361	0.491288	0.476698	0.469805	0.463063	0.442173	0.412239	0.371412	0.322359	0.26213	0.182616	0.0924055	0.0123876	-0.0520021	-0.0986806	-0.135277	-0.157015	-0.152812	-0.115909	-0.057663	0.0137062	0.0852073	0.151869	0.227316	0.303478	0.377185	0.440324	0.496072	0.548012	0.582998	0.60867	0.622973	0.627782	0.62004	0.597306	0.574189	0.546757	0.506182	0.450342	0.394122	0.351611	0.332272	0.332272	
0.748782	0.84288	0.880818	0.856788	0.775438	0.66572	0.55448	0.458387	0.382878	0.326125	0.294645	0.277911	0.263194	0.252515	0.241679	0.222335	0.182616	0.116669	0.0381287	-0.0342568	-0.0982205	-0.150387	-0.194	-0.22761	-0.236984	-0.217002	-0.16824	-0.100056	-0.0286253	0.050175	0.14685	0.258492	0.368592	0.464315	0.548338	0.620688	0.658439	0.663599	0.652616	0.634679	0.604371	0.557336	0.512716	0.467739	0.416084	0.354304	0.296444	0.260261	0.242027	0.242027	
0.775465	0.886789	0.940173	0.923867	0.827264	0.684158	0.534525	0.399752	0.287591	0.204326	0.162262	0.137484	0.12446	0.123748	0.128229	0.121036	0.0924055	0.0381287	-0.0326749	-0.0954477	-0.158105	-0.213461	-0.261404	-0.303774	-0.320898	-0.313046	-0.271054	-0.209664	-0.14218	-0.049314	0.0730449	0.218742	0.362432	0.484466	0.59343	0.682193	0.719573	0.710763	0.679261	0.646941	0.598378	0.527173	0.458552	0.396011	0.335975	0.271585	0.221072	0.192633	0.182404	0.182404	
0.769563	0.893154	0.954084	0.936811	0.835603	0.681301	0.511696	0.357384	0.228743	0.129156	0.0764541	0.046147	0.0321207	0.0280813	0.034477	0.0352412	0.0123876	-0.0342568	-0.0954477	-0.152724	-0.216182	-0.277969	-0.334255	-0.387021	-0.410137	-0.408012	-0.371382	-0.31671	-0.248366	-0.141087	0.00328888	0.179678	0.347888	0.492586	0.617509	0.713903	0.752633	0.737098	0.695636	0.650587	0.589907	0.503382	0.420915	0.349788	0.285691	0.222662	0.176942	0.155256	0.150148	0.150148	
0.740924	0.861241	0.916114	0.89258	0.793709	0.650981	0.494302	0.347901	0.215132	0.108071	0.0487491	0.0116096	-0.00924424	-0.0229717	-0.0225056	-0.0260018	-0.0520021	-0.0982205	-0.158105	-0.216182	-0.282205	-0.355547	-0.422391	-0.479726	-0.503849	-0.499083	-0.458149	-0.395768	-0.318072	-0.199574	-0.0441959	0.144598	0.324045	0.479009	0.605402	0.702599	0.749806	0.741163	0.700344	0.645435	0.576436	0.485741	0.402208	0.330607	0.266796	0.206347	0.160109	0.140498	0.135041	0.135041	
0.68672	0.792084	0.829737	0.800595	0.716398	0.603275	0.484815	0.363204	0.246493	0.144719	0.0806385	0.033132	-0.00358082	-0.035677	-0.049279	-0.0646662	-0.0986806	-0.150387	-0.213461	-0.277969	-0.355547	-0.440366	-0.516725	-0.572451	-0.59535	-0.581737	-0.527073	-0.44505	-0.348704	-0.223268	-0.0639333	0.12272	0.302098	0.450788	0.56671	0.658528	0.715435	0.722457	0.686215	0.628509	0.555249	0.472726	0.397868	0.332606	0.275083	0.213572	0.164249	0.137742	0.128244	0.128244	
0.600214	0.689759	0.71254	0.6769	0.612534	0.540279	0.469784	0.388166	0.301781	0.220574	0.153497	0.0959364	0.0403182	-0.014396	-0.0521882	-0.0877918	-0.135277	-0.194	-0.261404	-0.334255	-0.422391	-0.516725	-0.594939	-0.649238	-0.669252	-0.644548	-0.57405	-0.472306	-0.357488	-0.224449	-0.0649001	0.115211	0.282697	0.414674	0.513764	0.596964	0.65541	0.675202	0.648634	0.592668	0.529491	0.458413	0.39739	0.347092	0.29642	0.239933	0.187236	0.153691	0.140865	0.140865	
0.490422	0.559166	0.572392	0.543256	0.499406	0.462748	0.436915	0.40198	0.360463	0.311587	0.255546	0.191294	0.115462	0.038164	-0.029303	-0.0911769	-0.157015	-0.22761	-0.303774	-0.387021	-0.479726	-0.572451	-0.649238	-0.697066	-0.712082	-0.678992	-0.602108	-0.491317	-0.363759	-0.225335	-0.0633134	0.0984359	0.240858	0.353019	0.436365	0.511683	0.57435	0.605553	0.599628	0.566401	0.516698	0.459919	0.406483	0.363436	0.32178	0.270959	0.223549	0.19238	0.180753	0.180753	
0.352666	0.40434	0.414451	0.402382	0.38681	0.387672	0.401178	0.410156	0.408938	0.39447	0.351195	0.287747	0.203847	0.110487	0.0186718	-0.0682329	-0.152812	-0.236984	-0.320898	-0.410137	-0.503849	-0.59535	-0.669252	-0.712082	-0.720421	-0.685798	-0.61483	-0.510749	-0.382351	-0.239691	-0.0876444	0.049767	0.166133	0.259714	0.337112	0.407058	0.467536	0.510069	0.532355	0.532831	0.513078	0.476118	0.432896	0.397303	0.358776	0.315387	0.276009	0.252683	0.2435	0.2435	
0.210417	0.242106	0.255688	0.263079	0.27404	0.304909	0.353861	0.40363	0.439934	0.454593	0.426173	0.368411	0.288401	0.19708	0.0938444	-0.0111289	-0.115909	-0.217002	-0.313046	-0.408012	-0.499083	-0.581737	-0.644548	-0.678992	-0.685798	-0.663979	-0.611998	-0.526359	-0.404318	-0.269401	-0.13858	-0.0321639	0.0560474	0.135439	0.209525	0.279684	0.344276	0.404855	0.458744	0.497911	0.511303	0.496514	0.4645	0.432824	0.395722	0.362247	0.342652	0.333478	0.331979	0.331979	
0.0786969	0.0917316	0.102925	0.126146	0.160543	0.222467	0.30305	0.386854	0.451724	0.486828	0.47688	0.433409	0.371215	0.287264	0.179162	0.0603757	-0.057663	-0.16824	-0.271054	-0.371382	-0.458149	-0.527073	-0.57405	-0.602108	-0.61483	-0.611998	-0.585742	-0.521654	-0.422675	-0.313266	-0.214772	-0.13801	-0.0710094	0.00109639	0.074929	0.145986	0.22019	0.291305	0.36639	0.434544	0.476548	0.492282	0.483649	0.466631	0.440288	0.42306	0.425904	0.433466	0.43741	0.43741	
-0.0418897	-0.0360282	-0.0256845	0.00466458	0.0588033	0.142671	0.248905	0.361158	0.447636	0.503063	0.513913	0.492294	0.448124	0.370801	0.259739	0.136487	0.0137062	-0.100056	-0.209664	-0.31671	-0.395768	-0.44505	-0.472306	-0.491317	-0.510749	-0.526359	-0.521654	-0.490777	-0.431047	-0.362201	-0.304314	-0.252902	-0.200117	-0.134095	-0.0605449	0.015071	0.0944401	0.171893	0.25618	0.337283	0.403341	0.448853	0.476037	0.490536	0.490609	0.500534	0.525907	0.551729	0.55863	0.55863	
-0.144042	-0.14234	-0.130045	-0.0909706	-0.02314	0.0751884	0.196801	0.317656	0.420317	0.495596	0.535196	0.538468	0.510469	0.438172	0.327585	0.204021	0.0852073	-0.0286253	-0.14218	-0.248366	-0.318072	-0.348704	-0.357488	-0.363759	-0.382351	-0.404318	-0.422675	-0.431047	-0.422528	-0.408245	-0.393152	-0.371894	-0.333516	-0.272209	-0.197326	-0.11762	-0.0332258	0.0509219	0.139835	0.231887	0.313183	0.385131	0.449658	0.505855	0.544159	0.58252	0.631755	0.664824	0.676785	0.676785	
-0.230049	-0.229459	-0.212154	-0.163711	-0.0778229	0.0302347	0.150774	0.269817	0.373122	0.458044	0.516964	0.545988	0.538976	0.477618	0.378616	0.263559	0.151869	0.050175	-0.049314	-0.141087	-0.199574	-0.223268	-0.224449	-0.225335	-0.239691	-0.269401	-0.313266	-0.362201	-0.408245	-0.448181	-0.481168	-0.491918	-0.468671	-0.408121	-0.331487	-0.251186	-0.166002	-0.0784504	0.0201435	0.124445	0.224028	0.322308	0.425571	0.524191	0.602436	0.666715	0.723452	0.757948	0.765604	0.765604	
-0.293667	-0.295285	-0.268796	-0.207982	-0.113961	-0.0038223	0.111678	0.219063	0.317246	0.400051	0.466839	0.513819	0.527488	0.492602	0.415731	0.320525	0.227316	0.14685	0.0730449	0.00328888	-0.0441959	-0.0639333	-0.0649001	-0.0633134	-0.0876444	-0.13858	-0.214772	-0.304314	-0.393152	-0.481168	-0.555848	-0.599877	-0.592822	-0.538078	-0.466308	-0.389945	-0.307037	-0.212332	-0.0993686	0.0217818	0.143113	0.266471	0.39911	0.531716	0.643541	0.733796	0.80019	0.835849	0.842685	0.842685	
-0.336459	-0.33722	-0.305492	-0.2384	-0.139438	-0.0252884	0.0874313	0.184654	0.268411	0.337232	0.399029	0.456627	0.490065	0.480583	0.434111	0.364625	0.303478	0.258492	0.218742	0.179678	0.144598	0.12272	0.115211	0.0984359	0.049767	-0.0321639	-0.13801	-0.252902	-0.371894	-0.491918	-0.599877	-0.671872	-0.683453	-0.645422	-0.586588	-0.520328	-0.444143	-0.346628	-0.227333	-0.0923157	0.051702	0.203764	0.362623	0.521494	0.66331	0.778701	0.862025	0.901986	0.9139	0.9139	
-0.368761	-0.366376	-0.326246	-0.253837	-0.153128	-0.0392798	0.0639542	0.153587	0.228668	0.288284	0.344822	0.40265	0.442389	0.448835	0.430034	0.399971	0.377185	0.368592	0.362432	0.347888	0.324045	0.302098	0.282697	0.240858	0.166133	0.0560474	-0.0710094	-0.200117	-0.333516	-0.468671	-0.592822	-0.683453	-0.723881	-0.717161	-0.686213	-0.638734	-0.569477	-0.473453	-0.351074	-0.20669	-0.0414334	0.13592	0.315926	0.490223	0.651649	0.791441	0.890713	0.946713	0.967902	0.967902	
-0.393	-0.390313	-0.343399	-0.264306	-0.166783	-0.0554753	0.0433183	0.126723	0.197383	0.253412	0.306766	0.356707	0.393785	0.412923	0.420055	0.424568	0.440324	0.464315	0.484466	0.492586	0.479009	0.450788	0.414674	0.353019	0.259714	0.135439	0.00109639	-0.134095	-0.272209	-0.408121	-0.538078	-0.645422	-0.717161	-0.75253	-0.758538	-0.733715	-0.674987	-0.582649	-0.457176	-0.30813	-0.129139	0.0687184	0.261877	0.445741	0.616561	0.768049	0.878496	0.948347	0.981931	0.981931	
-0.396034	-0.398206	-0.358527	-0.28436	-0.185664	-0.0738989	0.0247504	0.11199	0.183033	0.234618	0.279525	0.321155	0.355742	0.384147	0.414366	0.449307	0.496072	0.548338	0.59343	0.617509	0.605402	0.56671	0.513764	0.436365	0.337112	0.209525	0.074929	-0.0605449	-0.197326	-0.331487	-0.466308	-0.586588	-0.686213	-0.758538	-0.795651	-0.794433	-0.748199	-0.655634	-0.529811	-0.378434	-0.197286	0.0047966	0.20293	0.387137	0.558154	0.708618	0.821775	0.899027	0.943952	0.943952	
-0.384665	-0.404218	-0.379026	-0.314271	-0.217459	-0.0997391	0.00961659	0.106965	0.181093	0.232138	0.27079	0.302234	0.336416	0.37354	0.418519	0.476919	0.548012	0.620688	0.682193	0.713903	0.702599	0.658528	0.596964	0.511683	0.407058	0.279684	0.145986	0.015071	-0.11762	-0.251186	-0.389945	-0.520328	-0.638734	-0.733715	-0.794433	-0.814816	-0.781214	-0.694911	-0.57031	-0.423884	-0.253216	-0.0615576	0.129635	0.307304	0.473411	0.620405	0.731059	0.814222	0.865162	0.865162	
-0.366764	-0.403917	-0.397398	-0.344033	-0.244942	-0.124394	-0.00490132	0.102255	0.185741	0.242583	0.285113	0.319059	0.353793	0.395566	0.444866	0.507758	0.582998	0.658439	0.719573	0.752633	0.749806	0.715435	0.65541	0.57435	0.467536	0.344276	0.22019	0.0944401	-0.0332258	-0.166002	-0.307037	-0.444143	-0.569477	-0.674987	-0.748199	-0.781214	-0.763344	-0.692205	-0.579359	-0.448373	-0.299294	-0.128632	0.042501	0.20501	0.362196	0.501352	0.608786	0.691294	0.742066	0.742066	
-0.345767	-0.393636	-0.395717	-0.345021	-0.246273	-0.133329	-0.0186889	0.0929814	0.190041	0.26621	0.321716	0.366261	0.405255	0.448038	0.492729	0.547937	0.60867	0.663599	0.710763	0.737098	0.741163	0.722457	0.675202	0.605553	0.510069	0.404855	0.291305	0.171893	0.0509219	-0.0784504	-0.212332	-0.346628	-0.473453	-0.582649	-0.655634	-0.694911	-0.692205	-0.638667	-0.552614	-0.445439	-0.324839	-0.189959	-0.0496886	0.0855593	0.221563	0.347158	0.447579	0.521343	0.568628	0.568628	
-0.321624	-0.372642	-0.370333	-0.321127	-0.230752	-0.134271	-0.0293439	0.0841794	0.193917	0.291463	0.364676	0.424386	0.474632	0.520933	0.555754	0.589479	0.622973	0.652616	0.679261	0.695636	0.700344	0.686215	0.648634	0.599628	0.532355	0.458744	0.36639	0.25618	0.139835	0.0201435	-0.0993686	-0.227333	-0.351074	-0.457176	-0.529811	-0.57031	-0.579359	-0.552614	-0.495765	-0.420236	-0.337882	-0.241396	-0.140283	-0.0424058	0.0644135	0.163715	0.246356	0.309896	0.347295	0.347295	
-0.29227	-0.340544	-0.338979	-0.292362	-0.208976	-0.123205	-0.0249722	0.0894401	0.212894	0.322252	0.413158	0.494273	0.555942	0.601907	0.6191	0.62459	0.627782	0.634679	0.646941	0.650587	0.645435	0.628509	0.592668	0.566401	0.532831	0.497911	0.434544	0.337283	0.231887	0.124445	0.0217818	-0.0923157	-0.20669	-0.30813	-0.378434	-0.423884	-0.448373	-0.445439	-0.420236	-0.381698	-0.337702	-0.284678	-0.225407	-0.164606	-0.10013	-0.0370234	0.0194946	0.0647672	0.0937238	0.0937238	
-0.267685	-0.313486	-0.309624	-0.261138	-0.178178	-0.0877037	0.0141889	0.134379	0.260646	0.380754	0.479338	0.570186	0.636001	0.671583	0.666904	0.642956	0.62004	0.604371	0.598378	0.589907	0.576436	0.555249	0.529491	0.516698	0.513078	0.511303	0.476548	0.403341	0.313183	0.224028	0.143113	0.051702	-0.0414334	-0.129139	-0.197286	-0.253216	-0.299294	-0.324839	-0.337882	-0.337702	-0.335802	-0.32494	-0.30297	-0.28208	-0.260142	-0.241821	-0.219567	-0.197118	-0.180157	-0.180157	
-0.244477	-0.292904	-0.286171	-0.22943	-0.134171	-0.025459	0.0906367	0.218883	0.352391	0.469595	0.566779	0.646937	0.697248	0.712557	0.687934	0.644029	0.597306	0.557336	0.527173	0.503382	0.485741	0.472726	0.458413	0.459919	0.476118	0.496514	0.492282	0.448853	0.385131	0.322308	0.266471	0.203764	0.13592	0.0687184	0.0047966	-0.0615576	-0.128632	-0.189959	-0.241396	-0.284678	-0.32494	-0.354947	-0.374955	-0.395169	-0.419702	-0.447642	-0.466388	-0.471987	-0.472717	-0.472717	
-0.241075	-0.281102	-0.265975	-0.194127	-0.0832272	0.0497603	0.187986	0.332889	0.473386	0.582625	0.659605	0.708777	0.72835	0.720075	0.686781	0.634729	0.574189	0.512716	0.458552	0.420915	0.402208	0.397868	0.39739	0.406483	0.432896	0.4645	0.483649	0.476037	0.449658	0.425571	0.39911	0.362623	0.315926	0.261877	0.20293	0.129635	0.042501	-0.0496886	-0.140283	-0.225407	-0.30297	-0.374955	-0.439237	-0.502447	-0.575059	-0.647667	-0.708721	-0.751019	-0.772703	-0.772703	
-0.250568	-0.271274	-0.235184	-0.146181	-0.0208039	0.1332	0.29285	0.452798	0.59269	0.691742	0.743271	0.756458	0.745563	0.71719	0.675183	0.617702	0.546757	0.467739	0.396011	0.349788	0.330607	0.332606	0.347092	0.363436	0.397303	0.432824	0.466631	0.490536	0.505855	0.524191	0.531716	0.521494	0.490223	0.445741	0.387137	0.307304	0.20501	0.0855593	-0.0424058	-0.164606	-0.28208	-0.395169	-0.502447	-0.611326	-0.722721	-0.834874	-0.93377	-1.00886	-1.05265	-1.05265	
-0.254859	-0.249837	-0.189939	-0.0805281	0.0611024	0.232038	0.407588	0.571687	0.707477	0.787801	0.820048	0.803945	0.765174	0.713832	0.658871	0.590635	0.506182	0.416084	0.335975	0.285691	0.266796	0.275083	0.29642	0.32178	0.358776	0.395722	0.440288	0.490609	0.544159	0.602436	0.643541	0.66331	0.651649	0.616561	0.558154	0.473411	0.362196	0.221563	0.0644135	-0.10013	-0.260142	-0.419702	-0.575059	-0.722721	-0.869929	-1.00802	-1.13186	-1.2285	-1.28512	-1.28512	
-0.2627	-0.232073	-0.148913	-0.0198425	0.139654	0.327041	0.517727	0.686243	0.81185	0.884223	0.898152	0.857092	0.787806	0.707713	0.631758	0.546232	0.450342	0.354304	0.271585	0.222662	0.206347	0.213572	0.239933	0.270959	0.315387	0.362247	0.42306	0.500534	0.58252	0.666715	0.733796	0.778701	0.791441	0.768049	0.708618	0.620405	0.501352	0.347158	0.163715	-0.0370234	-0.241821	-0.447642	-0.647667	-0.834874	-1.00802	-1.16366	-1.29631	-1.39819	-1.45691	-1.45691	
-0.265992	-0.2278	-0.133819	0.0103415	0.190007	0.397534	0.607376	0.781742	0.903378	0.969945	0.973464	0.910519	0.810072	0.700568	0.597212	0.497294	0.394122	0.296444	0.221072	0.176942	0.160109	0.164249	0.187236	0.223549	0.276009	0.342652	0.425904	0.525907	0.631755	0.723452	0.80019	0.862025	0.890713	0.878496	0.821775	0.731059	0.608786	0.447579	0.246356	0.0194946	-0.219567	-0.466388	-0.708721	-0.93377	-1.13186	-1.29631	-1.42582	-1.51976	-1.57156	-1.57156	
-0.267825	-0.222718	-0.123916	0.0266765	0.220554	0.444049	0.671297	0.851806	0.968832	1.02834	1.02155	0.944637	0.824637	0.693057	0.574811	0.460971	0.351611	0.260261	0.192633	0.155256	0.140498	0.137742	0.153691	0.19238	0.252683	0.333478	0.433466	0.551729	0.664824	0.757948	0.835849	0.901986	0.946713	0.948347	0.899027	0.814222	0.691294	0.521343	0.309896	0.0647672	-0.197118	-0.471987	-0.751019	-1.00886	-1.2285	-1.39819	-1.51976	-1.60162	-1.64451	-1.64451	
-0.260212	-0.213466	-0.114055	0.0392717	0.240311	0.472529	0.707786	0.888125	0.996957	1.05108	1.03859	0.957393	0.830502	0.693001	0.563819	0.443751	0.332272	0.242027	0.182404	0.150148	0.135041	0.128244	0.140865	0.180753	0.2435	0.331979	0.43741	0.55863	0.676785	0.765604	0.842685	0.9139	0.967902	0.981931	0.943952	0.865162	0.742066	0.568628	0.347295	0.0937238	-0.180157	-0.472717	-0.772703	-1.05265	-1.28512	-1.45691	-1.57156	-1.64451	-1.68084	-1.68084	
-0.260212	-0.213466	-0.114055	0.0392717	0.240311	0.472529	0.707786	0.888125	0.996957	1.05108	1.03859	0.957393	0.830502	0.693001	0.563819	0.443751	0.332272	0.242027	0.182404	0.150148	0.135041	0.128244	0.140865	0.180753	0.2435	0.331979	0.43741	0.55863	0.676785	0.765604	0.842685	0.9139	0.967902	0.981931	0.943952	0.865162	0.742066	0.568628	0.347295	0.0937238	-0.180157	-0.472717	-0.772703	-1.05265	-1.28512	-1.45691	-1.57156	-1.64451	-1.68084	-1.68084	
