0.272275	0.184353	0.12087	0.0816715	0.0527905	0.0269047	0.0153423	0.0029828	-0.00802952	-0.0156379	-0.0250951	-0.0322391	-0.0360926	-0.0357271	-0.0422386	-0.0485505	-0.0449095	-0.0483008	-0.0553929	-0.054853	-0.0536686	-0.0567439	-0.0647877	-0.0683872	-0.0620858	-0.0639357	-0.0783367	-0.0863176	-0.0838403	-0.0799344	-0.0821197	-0.0995397	-0.125692	-0.135487	-0.121103	-0.0997718	-0.085184	-0.0823431	-0.0963952	-0.117824	-0.113931	-0.0555712	0.0582497	0.209479	0.37807	0.541523	0.673127	0.755351	0.790813	0.790813	
0.184353	0.109736	0.0618631	0.0333945	0.00958342	-0.00345359	-0.00733537	-0.0203753	-0.0279088	-0.0304968	-0.0349821	-0.0381075	-0.0396334	-0.041656	-0.0490057	-0.0488477	-0.0448719	-0.0526208	-0.057397	-0.0540765	-0.0543852	-0.0599176	-0.0675147	-0.0673321	-0.0614301	-0.0683226	-0.0830104	-0.0868698	-0.0825457	-0.0801823	-0.0869945	-0.108952	-0.132777	-0.135103	-0.11769	-0.101252	-0.0972	-0.110239	-0.143305	-0.179255	-0.180031	-0.117366	0.00951683	0.186208	0.392924	0.598792	0.76553	0.869472	0.914261	0.914261	
0.12087	0.0618631	0.025182	0.00241743	-0.0118462	-0.0180247	-0.0258123	-0.035609	-0.0343503	-0.0347783	-0.0398951	-0.0437039	-0.0437862	-0.0446596	-0.05012	-0.0483673	-0.0480033	-0.0558448	-0.0565269	-0.0539464	-0.0569126	-0.063156	-0.0687498	-0.0656868	-0.0624978	-0.0739564	-0.0866518	-0.0861999	-0.0813893	-0.0819399	-0.0940303	-0.118884	-0.137672	-0.132362	-0.114265	-0.104924	-0.112922	-0.142752	-0.193702	-0.240875	-0.24331	-0.175302	-0.0355281	0.166125	0.409797	0.656297	0.857114	0.983327	1.03855	1.03855	
0.0816715	0.0333945	0.00241743	-0.0122004	-0.02494	-0.0322951	-0.0357618	-0.0380922	-0.0356763	-0.0405542	-0.0460428	-0.0449157	-0.0427218	-0.0478585	-0.0527961	-0.0476081	-0.0498033	-0.0580866	-0.0565869	-0.0547928	-0.0591821	-0.0659493	-0.0692729	-0.0643252	-0.06542	-0.0800417	-0.0887501	-0.0846455	-0.0810206	-0.0857521	-0.103063	-0.12829	-0.139656	-0.127769	-0.111959	-0.111865	-0.133291	-0.180256	-0.246816	-0.301029	-0.301927	-0.227518	-0.07492	0.150813	0.42906	0.712959	0.945939	1.09488	1.16185	1.16185	
0.0527905	0.00958342	-0.0118462	-0.02494	-0.0369372	-0.0335162	-0.036029	-0.0400584	-0.0404727	-0.0462218	-0.0455825	-0.0433957	-0.0464587	-0.0516588	-0.0503922	-0.0470233	-0.0551634	-0.0598787	-0.0546881	-0.0557667	-0.0628511	-0.068817	-0.0684022	-0.0635787	-0.0705003	-0.0858232	-0.0889343	-0.0827682	-0.0822097	-0.0920075	-0.113473	-0.13591	-0.138386	-0.122335	-0.112115	-0.123206	-0.159178	-0.22278	-0.301414	-0.357816	-0.353996	-0.272058	-0.106525	0.141928	0.451026	0.767613	1.02997	1.20188	1.28194	1.28194	
0.0269047	-0.00345359	-0.0180247	-0.0322951	-0.0335162	-0.0328671	-0.0443706	-0.044544	-0.0435003	-0.0454237	-0.044252	-0.0462028	-0.0484662	-0.0515437	-0.0505645	-0.0507098	-0.057972	-0.0576828	-0.0544792	-0.0598673	-0.0665222	-0.0694938	-0.0666588	-0.0652401	-0.0774219	-0.0898723	-0.0872246	-0.0816074	-0.0857379	-0.100686	-0.124131	-0.140521	-0.134133	-0.117558	-0.116187	-0.140055	-0.191248	-0.269842	-0.355779	-0.409189	-0.397652	-0.306905	-0.128131	0.141069	0.475904	0.819096	1.10718	1.30187	1.39619	1.39619	
0.0153423	-0.00733537	-0.0258123	-0.0357618	-0.036029	-0.0443706	-0.048065	-0.0402752	-0.0413589	-0.0460873	-0.0473706	-0.0474853	-0.0506462	-0.0538842	-0.0493477	-0.0518866	-0.0602151	-0.0577305	-0.0565007	-0.0631937	-0.068477	-0.0693871	-0.0660603	-0.0695246	-0.0844515	-0.0912806	-0.084614	-0.0823549	-0.0920244	-0.111207	-0.133532	-0.141275	-0.127936	-0.11531	-0.125617	-0.163405	-0.229783	-0.320315	-0.407754	-0.453067	-0.431104	-0.330019	-0.137582	0.149619	0.503762	0.866351	1.17573	1.3923	1.5015	1.5015	
0.0029828	-0.0203753	-0.035609	-0.0380922	-0.0400584	-0.044544	-0.0402752	-0.0381699	-0.0484263	-0.0515658	-0.0468601	-0.0481714	-0.0530797	-0.050844	-0.0490682	-0.0589597	-0.0621064	-0.0552545	-0.0584903	-0.0672112	-0.0704814	-0.068683	-0.0666527	-0.0759777	-0.0903185	-0.0900452	-0.0824559	-0.0859577	-0.101039	-0.122419	-0.140049	-0.138061	-0.121646	-0.117642	-0.141703	-0.193999	-0.27447	-0.372343	-0.454861	-0.487463	-0.452648	-0.339405	-0.132967	0.16858	0.534514	0.908539	1.23402	1.47053	1.59436	1.59436	
-0.00802952	-0.0279088	-0.0343503	-0.0356763	-0.0404727	-0.0435003	-0.0413589	-0.0484263	-0.054423	-0.045406	-0.0438612	-0.0518127	-0.0536589	-0.0513471	-0.0553819	-0.0615806	-0.057611	-0.0555986	-0.0646342	-0.0708746	-0.0701506	-0.0673626	-0.0701588	-0.0841689	-0.0933171	-0.0866836	-0.0824971	-0.0930747	-0.112097	-0.1326	-0.142357	-0.131846	-0.117783	-0.126523	-0.165474	-0.23215	-0.32419	-0.423352	-0.494497	-0.510572	-0.460677	-0.333216	-0.11284	0.198411	0.567933	0.945139	1.28084	1.53392	1.67088	1.67088	
-0.0156379	-0.0304968	-0.0347783	-0.0405542	-0.0462218	-0.0454237	-0.0460873	-0.0515658	-0.045406	-0.041351	-0.0522863	-0.0572297	-0.0534882	-0.0518822	-0.0569193	-0.0611112	-0.0578639	-0.0603841	-0.0691942	-0.0714133	-0.0687563	-0.0683798	-0.0773063	-0.091304	-0.0921252	-0.0833754	-0.0866033	-0.10343	-0.123668	-0.139833	-0.140036	-0.124816	-0.119201	-0.14357	-0.197563	-0.27751	-0.376859	-0.470204	-0.524147	-0.520816	-0.453666	-0.30992	-0.0764632	0.238926	0.603693	0.976005	1.31535	1.57996	1.72704	1.72704	
-0.0250951	-0.0349821	-0.0398951	-0.0460428	-0.0455825	-0.044252	-0.0473706	-0.0468601	-0.0438612	-0.0522863	-0.0590957	-0.0532526	-0.0490666	-0.053955	-0.063227	-0.0626231	-0.0569572	-0.0643452	-0.07303	-0.0708545	-0.0680604	-0.0729987	-0.0859578	-0.0944367	-0.0880746	-0.0832918	-0.0953383	-0.115561	-0.133798	-0.142633	-0.134023	-0.120197	-0.128618	-0.169842	-0.238051	-0.32881	-0.429397	-0.509468	-0.541597	-0.516815	-0.430206	-0.268519	-0.024015	0.289269	0.641424	1.00135	1.3371	1.60629	1.75887	1.75887	
-0.0322391	-0.0381075	-0.0437039	-0.0449157	-0.0433957	-0.0462028	-0.0474853	-0.0481714	-0.0518127	-0.0572297	-0.0532526	-0.0478409	-0.0540812	-0.064032	-0.0646303	-0.0562339	-0.0594212	-0.0732042	-0.0740833	-0.067819	-0.0705527	-0.0812554	-0.092581	-0.0928567	-0.0846291	-0.088524	-0.107561	-0.127464	-0.140596	-0.140471	-0.126849	-0.121801	-0.148129	-0.205676	-0.286264	-0.383631	-0.477888	-0.537802	-0.545047	-0.497321	-0.389114	-0.208821	0.0432818	0.347988	0.680748	1.02161	1.34585	1.61092	1.76291	1.76291	
-0.0360926	-0.0396334	-0.0437862	-0.0427218	-0.0464587	-0.0484662	-0.0506462	-0.0530797	-0.0536589	-0.0534882	-0.0490666	-0.0540812	-0.0642538	-0.0637848	-0.0571746	-0.0581708	-0.0708601	-0.0762414	-0.0689066	-0.0686642	-0.0783848	-0.0891221	-0.0945389	-0.0890076	-0.085279	-0.0991671	-0.121166	-0.137011	-0.142562	-0.134419	-0.122583	-0.133276	-0.178775	-0.250589	-0.340524	-0.438322	-0.517962	-0.552322	-0.533105	-0.461161	-0.329642	-0.131696	0.123174	0.413194	0.721276	1.03727	1.34149	1.59232	1.7366	1.7366	
-0.0357271	-0.041656	-0.0446596	-0.0478585	-0.0516588	-0.0515437	-0.0538842	-0.050844	-0.0513471	-0.0518822	-0.053955	-0.064032	-0.0637848	-0.057766	-0.0594586	-0.0676573	-0.0752864	-0.0720996	-0.0681866	-0.0756332	-0.086256	-0.0935974	-0.0930163	-0.0863096	-0.0920101	-0.113811	-0.133476	-0.142073	-0.139413	-0.127734	-0.126154	-0.15718	-0.220317	-0.303197	-0.397898	-0.488162	-0.545345	-0.550855	-0.504662	-0.407282	-0.251807	-0.0392407	0.212562	0.482772	0.762517	1.04851	1.3238	1.54968	1.67876	1.67876	
-0.0422386	-0.0490057	-0.05012	-0.0527961	-0.0503922	-0.0505645	-0.0493477	-0.0490682	-0.0553819	-0.0569193	-0.063227	-0.0646303	-0.0571746	-0.0594586	-0.0662076	-0.0730634	-0.0757683	-0.0699884	-0.0718127	-0.0836812	-0.0927754	-0.0949336	-0.0893796	-0.0881588	-0.105672	-0.12933	-0.141259	-0.141521	-0.133209	-0.125597	-0.142018	-0.194273	-0.271302	-0.361077	-0.454072	-0.527837	-0.556452	-0.531976	-0.458742	-0.334966	-0.15675	0.0652371	0.30784	0.554562	0.803685	1.05493	1.29243	1.48303	1.59001	1.59001	
-0.0485505	-0.0488477	-0.0483673	-0.0476081	-0.0470233	-0.0507098	-0.0518866	-0.0589597	-0.0615806	-0.0611112	-0.0626231	-0.0562339	-0.0581708	-0.0676573	-0.0730634	-0.077373	-0.0722656	-0.0680537	-0.0806548	-0.0936747	-0.0956847	-0.0914079	-0.0876741	-0.0988314	-0.123684	-0.140551	-0.142526	-0.136747	-0.128466	-0.133791	-0.172849	-0.243357	-0.329199	-0.420535	-0.503496	-0.552199	-0.548813	-0.494818	-0.394442	-0.244245	-0.047014	0.177483	0.405323	0.62643	0.843432	1.05531	1.24687	1.39353	1.47298	1.47298	
-0.0449095	-0.0448719	-0.0480033	-0.0498033	-0.0551634	-0.057972	-0.0602151	-0.0621064	-0.057611	-0.0578639	-0.0569572	-0.0594212	-0.0708601	-0.0752864	-0.0757683	-0.0722656	-0.0664703	-0.0782448	-0.095477	-0.0966131	-0.0911729	-0.0886494	-0.0951995	-0.117186	-0.13887	-0.143883	-0.138638	-0.13157	-0.131119	-0.157148	-0.21873	-0.301494	-0.390439	-0.47647	-0.539986	-0.557108	-0.521152	-0.438765	-0.311148	-0.13641	0.0734265	0.292789	0.501616	0.696182	0.879588	1.04753	1.18662	1.28359	1.33237	1.33237	
-0.0483008	-0.0526208	-0.0558448	-0.0580866	-0.0598787	-0.0576828	-0.0577305	-0.0552545	-0.0555986	-0.0603841	-0.0643452	-0.0732042	-0.0762414	-0.0720996	-0.0699884	-0.0680537	-0.0782448	-0.0963667	-0.0975557	-0.0897681	-0.0893087	-0.0947754	-0.111579	-0.135464	-0.145539	-0.140374	-0.133389	-0.131293	-0.147436	-0.19805	-0.276831	-0.36445	-0.450364	-0.522554	-0.55769	-0.540041	-0.473088	-0.363267	-0.209039	-0.0144409	0.199485	0.406607	0.593794	0.761301	0.909003	1.02883	1.1115	1.15689	1.17469	1.17469	
-0.0553929	-0.057397	-0.0565269	-0.0565869	-0.0546881	-0.0544792	-0.0565007	-0.0584903	-0.0646342	-0.0691942	-0.07303	-0.0740833	-0.0689066	-0.0681866	-0.0718127	-0.0806548	-0.095477	-0.0975557	-0.0890226	-0.0893736	-0.095844	-0.108073	-0.131024	-0.146643	-0.142888	-0.134174	-0.131825	-0.142516	-0.182288	-0.254926	-0.341898	-0.427278	-0.503152	-0.55187	-0.552189	-0.500202	-0.404614	-0.268022	-0.0897971	0.116918	0.325642	0.515073	0.679279	0.818646	0.927645	0.99624	1.02209	1.01832	1.00772	1.00772	
-0.054853	-0.0540765	-0.0539464	-0.0547928	-0.0557667	-0.0598673	-0.0631937	-0.0672112	-0.0708746	-0.0714133	-0.0708545	-0.067819	-0.0686642	-0.0756332	-0.0836812	-0.0936747	-0.0966131	-0.0897681	-0.0893736	-0.096469	-0.106603	-0.127267	-0.146833	-0.145883	-0.134783	-0.131536	-0.140374	-0.171698	-0.23638	-0.322018	-0.407732	-0.484579	-0.541806	-0.558083	-0.521337	-0.438044	-0.315731	-0.153627	0.0428174	0.251611	0.446784	0.615201	0.755434	0.864247	0.931037	0.947357	0.92002	0.873655	0.839695	0.839695	
-0.0536686	-0.0543852	-0.0569126	-0.0591821	-0.0628511	-0.0665222	-0.068477	-0.0704814	-0.0701506	-0.0687563	-0.0680604	-0.0705527	-0.0783848	-0.086256	-0.0927754	-0.0956847	-0.0911729	-0.0893087	-0.095844	-0.106603	-0.125805	-0.146601	-0.148323	-0.135572	-0.130541	-0.139287	-0.165509	-0.221967	-0.304675	-0.39136	-0.468526	-0.530006	-0.558739	-0.536955	-0.465366	-0.35441	-0.206614	-0.0225293	0.182899	0.383243	0.558891	0.70462	0.819051	0.893428	0.915034	0.881081	0.808237	0.729094	0.678506	0.678506	
-0.0567439	-0.0599176	-0.063156	-0.0659493	-0.068817	-0.0694938	-0.0693871	-0.068683	-0.0673626	-0.0683798	-0.0729987	-0.0812554	-0.0891221	-0.0935974	-0.0949336	-0.0914079	-0.0886494	-0.0947754	-0.108073	-0.127267	-0.146601	-0.149258	-0.136198	-0.129535	-0.138471	-0.162374	-0.211945	-0.290346	-0.377744	-0.455577	-0.51863	-0.555763	-0.547465	-0.487516	-0.385987	-0.249896	-0.0785403	0.120224	0.323144	0.506249	0.659185	0.780901	0.86603	0.901388	0.876807	0.798251	0.690909	0.59068	0.53082	0.53082	
-0.0647877	-0.0675147	-0.0687498	-0.0692729	-0.0684022	-0.0666588	-0.0660603	-0.0666527	-0.0701588	-0.0773063	-0.0859578	-0.092581	-0.0945389	-0.0930163	-0.0893796	-0.0876741	-0.0951995	-0.111579	-0.131024	-0.146833	-0.148323	-0.136198	-0.129125	-0.137942	-0.161025	-0.205914	-0.279686	-0.366884	-0.445678	-0.509061	-0.550982	-0.553615	-0.504942	-0.411829	-0.284912	-0.125195	0.0647666	0.267102	0.456304	0.616707	0.745593	0.840798	0.89156	0.884201	0.815769	0.7019	0.57307	0.463671	0.401474	0.401474	
-0.0683872	-0.0673321	-0.0656868	-0.0643252	-0.0635787	-0.0652401	-0.0695246	-0.0759777	-0.0841689	-0.091304	-0.0944367	-0.0928567	-0.0890076	-0.0863096	-0.0881588	-0.0988314	-0.117186	-0.135464	-0.146643	-0.145883	-0.135572	-0.129535	-0.137942	-0.160662	-0.203161	-0.273161	-0.35918	-0.438635	-0.501903	-0.545987	-0.556506	-0.517989	-0.432727	-0.313021	-0.163071	0.0173501	0.216303	0.409431	0.57674	0.712268	0.815697	0.879908	0.890968	0.840009	0.734153	0.597004	0.459995	0.352018	0.293147	0.293147	
-0.0620858	-0.0614301	-0.0624978	-0.06542	-0.0705003	-0.0774219	-0.0844515	-0.0903185	-0.0933171	-0.0921252	-0.0880746	-0.0846291	-0.085279	-0.0920101	-0.105672	-0.123684	-0.13887	-0.145539	-0.142888	-0.134783	-0.130541	-0.138471	-0.161025	-0.203161	-0.270971	-0.355155	-0.434376	-0.497243	-0.541877	-0.557368	-0.527133	-0.449079	-0.335245	-0.193059	-0.0217663	0.171866	0.36652	0.539573	0.681151	0.791089	0.865797	0.893149	0.861092	0.769997	0.636968	0.489765	0.356474	0.25804	0.206393	0.206393	
-0.0639357	-0.0683226	-0.0739564	-0.0800417	-0.0858232	-0.0898723	-0.0912806	-0.0900452	-0.0866836	-0.0833754	-0.0832918	-0.088524	-0.0991671	-0.113811	-0.12933	-0.140551	-0.143883	-0.140374	-0.134174	-0.131536	-0.139287	-0.162374	-0.205914	-0.273161	-0.355155	-0.432944	-0.494965	-0.53925	-0.557294	-0.532994	-0.461105	-0.352207	-0.216061	-0.0527897	0.134569	0.32858	0.505802	0.652686	0.767844	0.850332	0.890806	0.87615	0.801714	0.678741	0.53129	0.386581	0.266153	0.182354	0.13996	0.13996	
-0.0783367	-0.0830104	-0.0866518	-0.0887501	-0.0889343	-0.0872246	-0.084614	-0.0824559	-0.0824971	-0.0866033	-0.0953383	-0.107561	-0.121166	-0.133476	-0.141259	-0.142526	-0.138638	-0.133389	-0.131825	-0.140374	-0.165509	-0.211945	-0.279686	-0.35918	-0.434376	-0.494965	-0.538355	-0.557061	-0.536199	-0.468984	-0.364218	-0.232795	-0.0761818	0.104802	0.296519	0.476159	0.627356	0.746723	0.834842	0.885306	0.885422	0.82711	0.716449	0.573686	0.425021	0.292992	0.191117	0.124072	0.0913267	0.0913267	
-0.0863176	-0.0868698	-0.0861999	-0.0846455	-0.0827682	-0.0816074	-0.0823549	-0.0859577	-0.0930747	-0.10343	-0.115561	-0.127464	-0.137011	-0.142073	-0.141521	-0.136747	-0.13157	-0.131293	-0.142516	-0.171698	-0.221967	-0.290346	-0.366884	-0.438635	-0.497243	-0.53925	-0.557061	-0.53721	-0.472873	-0.371402	-0.243737	-0.092456	0.0826458	0.271033	0.451396	0.60566	0.728295	0.820406	0.878153	0.890153	0.846292	0.748317	0.612597	0.463848	0.325494	0.212877	0.131795	0.0811833	0.0572971	0.0572971	
-0.0838403	-0.0825457	-0.0813893	-0.0810206	-0.0822097	-0.0857379	-0.0920244	-0.101039	-0.112097	-0.123668	-0.133798	-0.140596	-0.142562	-0.139413	-0.133209	-0.128466	-0.131119	-0.147436	-0.182288	-0.23638	-0.304675	-0.377744	-0.445678	-0.501903	-0.541877	-0.557294	-0.536199	-0.472873	-0.373794	-0.249152	-0.102039	0.0680041	0.252584	0.432192	0.588109	0.712997	0.807796	0.870611	0.891736	0.860144	0.774192	0.646528	0.499901	0.358105	0.238289	0.148086	0.087183	0.0510373	0.0345405	0.0345405	
-0.0799344	-0.0801823	-0.0819399	-0.0857521	-0.0920075	-0.100686	-0.111207	-0.122419	-0.1326	-0.139833	-0.142633	-0.140471	-0.134419	-0.127734	-0.125597	-0.133791	-0.157148	-0.19805	-0.254926	-0.322018	-0.39136	-0.455577	-0.509061	-0.545987	-0.557368	-0.532994	-0.468984	-0.371402	-0.249152	-0.105203	0.0607317	0.241433	0.419086	0.575175	0.701179	0.79754	0.863636	0.891415	0.869734	0.794513	0.675074	0.53191	0.388581	0.263628	0.166587	0.0985398	0.0552729	0.0308047	0.0199974	0.0199974	
-0.0821197	-0.0869945	-0.0940303	-0.103063	-0.113473	-0.124131	-0.133532	-0.140049	-0.142357	-0.140036	-0.134023	-0.126849	-0.122583	-0.126154	-0.142018	-0.172849	-0.21873	-0.276831	-0.341898	-0.407732	-0.468526	-0.51863	-0.550982	-0.556506	-0.527133	-0.461105	-0.364218	-0.243737	-0.102039	0.0607317	0.237705	0.412442	0.567247	0.693126	0.78999	0.857903	0.890192	0.876082	0.809915	0.698259	0.559297	0.41586	0.287336	0.184894	0.111134	0.062683	0.0335638	0.0178409	0.0111152	0.0111152	
-0.0995397	-0.108952	-0.118884	-0.12829	-0.13591	-0.140521	-0.141275	-0.138061	-0.131846	-0.124816	-0.120197	-0.121801	-0.133276	-0.15718	-0.194273	-0.243357	-0.301494	-0.36445	-0.427278	-0.484579	-0.530006	-0.555763	-0.553615	-0.517989	-0.449079	-0.352207	-0.232795	-0.092456	0.0680041	0.241433	0.412442	0.564575	0.689044	0.785374	0.853859	0.888816	0.880057	0.821064	0.716295	0.581785	0.439302	0.308559	0.201957	0.123474	0.0707208	0.0381037	0.0195135	0.00991118	0.0059302	0.0059302	
-0.125692	-0.132777	-0.137672	-0.139656	-0.138386	-0.134133	-0.127936	-0.121646	-0.117783	-0.119201	-0.128618	-0.148129	-0.178775	-0.220317	-0.271302	-0.329199	-0.390439	-0.450364	-0.503152	-0.541806	-0.558739	-0.547465	-0.504942	-0.432727	-0.335245	-0.216061	-0.0761818	0.0826458	0.252584	0.419086	0.567247	0.689044	0.783821	0.851774	0.887796	0.882331	0.828557	0.72947	0.59926	0.458466	0.326689	0.217121	0.134871	0.0784969	0.042922	0.0221309	0.0108597	0.00528024	0.00303664	0.00303664	
-0.135487	-0.135103	-0.132362	-0.127769	-0.122335	-0.117558	-0.11531	-0.117642	-0.126523	-0.14357	-0.169842	-0.205676	-0.250589	-0.303197	-0.361077	-0.420535	-0.47647	-0.522554	-0.55187	-0.558083	-0.536955	-0.487516	-0.411829	-0.313021	-0.193059	-0.0527897	0.104802	0.271033	0.432192	0.575175	0.693126	0.785374	0.851774	0.887424	0.883355	0.832856	0.738067	0.611706	0.473053	0.341254	0.229877	0.144858	0.0855779	0.0475092	0.024847	0.0122819	0.00578509	0.00269758	0.00149246	0.00149246	
-0.121103	-0.11769	-0.114265	-0.111959	-0.112115	-0.116187	-0.125617	-0.141703	-0.165474	-0.197563	-0.238051	-0.286264	-0.340524	-0.397898	-0.454072	-0.503496	-0.539986	-0.55769	-0.552189	-0.521337	-0.465366	-0.385987	-0.284912	-0.163071	-0.0217663	0.134569	0.296519	0.451396	0.588109	0.701179	0.78999	0.853859	0.887796	0.883355	0.834256	0.742305	0.61915	0.48287	0.351902	0.239813	0.153049	0.0916496	0.051605	0.027382	0.0137225	0.00651396	0.00295028	0.00132165	0.000704132	0.000704132	
-0.0997718	-0.101252	-0.104924	-0.111865	-0.123206	-0.140055	-0.163405	-0.193999	-0.23215	-0.27751	-0.32881	-0.383631	-0.438322	-0.488162	-0.527837	-0.552199	-0.557108	-0.540041	-0.500202	-0.438044	-0.35441	-0.249896	-0.125195	0.0173501	0.171866	0.32858	0.476159	0.60566	0.712997	0.79754	0.857903	0.888816	0.882331	0.832856	0.742305	0.621626	0.487804	0.358386	0.246614	0.159134	0.0964509	0.0550134	0.0295877	0.015035	0.00723316	0.00330282	0.00144074	0.000621093	0.000318964	0.000318964	
-0.085184	-0.0972	-0.112922	-0.133291	-0.159178	-0.191248	-0.229783	-0.27447	-0.32419	-0.376859	-0.429397	-0.477888	-0.517962	-0.545345	-0.556452	-0.548813	-0.521152	-0.473088	-0.404614	-0.315731	-0.206614	-0.0785403	0.0647666	0.216303	0.36652	0.505802	0.627356	0.728295	0.807796	0.863636	0.890192	0.880057	0.828557	0.738067	0.61915	0.487804	0.360563	0.250068	0.16288	0.0997738	0.057573	0.0313507	0.0161396	0.00786933	0.0036406	0.00160166	0.00067395	0.000280035	0.000138768	0.000138768	
-0.0823431	-0.110239	-0.142752	-0.180256	-0.22278	-0.269842	-0.320315	-0.372343	-0.423352	-0.470204	-0.509468	-0.537802	-0.552322	-0.550855	-0.531976	-0.494818	-0.438765	-0.363267	-0.268022	-0.153627	-0.0225293	0.120224	0.267102	0.409431	0.539573	0.652686	0.746723	0.820406	0.870611	0.891415	0.876082	0.821064	0.72947	0.611706	0.48287	0.358386	0.250068	0.164145	0.101473	0.0591604	0.0325802	0.0169756	0.0083822	0.00392876	0.00175075	0.000743226	0.000302117	0.000121181	5.80037e-05	5.80037e-05	
-0.0963952	-0.143305	-0.193702	-0.246816	-0.301414	-0.355779	-0.407754	-0.454861	-0.494497	-0.524147	-0.541597	-0.545047	-0.533105	-0.504662	-0.458742	-0.394442	-0.311148	-0.209039	-0.0897971	0.0428174	0.182899	0.323144	0.456304	0.57674	0.681151	0.767844	0.834842	0.878153	0.891736	0.869734	0.809915	0.716295	0.59926	0.473053	0.351902	0.246614	0.16288	0.101473	0.0596984	0.0332118	0.0174969	0.0087419	0.00414828	0.00187231	0.000804944	0.00033021	0.00012985	5.03506e-05	2.33031e-05	2.33031e-05	
-0.117824	-0.179255	-0.240875	-0.301029	-0.357816	-0.409189	-0.453067	-0.487463	-0.510572	-0.520816	-0.516815	-0.497321	-0.461161	-0.407282	-0.334966	-0.244245	-0.13641	-0.0144409	0.116918	0.251611	0.383243	0.506249	0.616707	0.712268	0.791089	0.850332	0.885306	0.890153	0.860144	0.794513	0.698259	0.581785	0.458466	0.341254	0.239813	0.159134	0.0997738	0.0591604	0.0332118	0.017674	0.00892727	0.00428568	0.00195798	0.000852408	0.000354082	0.000140556	5.35386e-05	2.00966e-05	9.0024e-06	9.0024e-06	
-0.113931	-0.180031	-0.24331	-0.301927	-0.353996	-0.397652	-0.431104	-0.452648	-0.460677	-0.453666	-0.430206	-0.389114	-0.329642	-0.251807	-0.15675	-0.047014	0.0734265	0.199485	0.325642	0.446784	0.558891	0.659185	0.745593	0.815697	0.865797	0.890806	0.885422	0.846292	0.774192	0.675074	0.559297	0.439302	0.326689	0.229877	0.153049	0.0964509	0.057573	0.0325802	0.0174969	0.00892727	0.00433245	0.00200224	0.00088222	0.000371041	0.000149127	5.73569e-05	2.11886e-05	7.70914e-06	3.34579e-06	3.34579e-06	
-0.0555712	-0.117366	-0.175302	-0.227518	-0.272058	-0.306905	-0.330019	-0.339405	-0.333216	-0.30992	-0.268519	-0.208821	-0.131696	-0.0392407	0.0652371	0.177483	0.292789	0.406607	0.515073	0.615201	0.70462	0.780901	0.840798	0.879908	0.893149	0.87615	0.82711	0.748317	0.646528	0.53191	0.41586	0.308559	0.217121	0.144858	0.0916496	0.0550134	0.0313507	0.0169756	0.0087419	0.00428568	0.00200224	0.000892384	0.000379826	0.000154549	6.01808e-05	2.24541e-05	8.05404e-06	2.84373e-06	1.19689e-06	1.19689e-06	
0.0582497	0.00951683	-0.0355281	-0.07492	-0.106525	-0.128131	-0.137582	-0.132967	-0.11284	-0.0764632	-0.024015	0.0432818	0.123174	0.212562	0.30784	0.405323	0.501616	0.593794	0.679279	0.755434	0.819051	0.86603	0.89156	0.890968	0.861092	0.801714	0.716449	0.612597	0.499901	0.388581	0.287336	0.201957	0.134871	0.0855779	0.051605	0.0295877	0.0161396	0.0083822	0.00414828	0.00195798	0.00088222	0.000379826	0.000156401	6.16531e-05	2.32885e-05	8.43883e-06	2.94222e-06	1.00928e-06	4.12342e-07	4.12342e-07	
0.209479	0.186208	0.166125	0.150813	0.141928	0.141069	0.149619	0.16858	0.198411	0.238926	0.289269	0.347988	0.413194	0.482772	0.554562	0.62643	0.696182	0.761301	0.818646	0.864247	0.893428	0.901388	0.884201	0.840009	0.769997	0.678741	0.573686	0.463848	0.358105	0.263628	0.184894	0.123474	0.0784969	0.0475092	0.027382	0.015035	0.00786933	0.00392876	0.00187231	0.000852408	0.000371041	0.000154549	6.16531e-05	2.35752e-05	8.64853e-06	3.04688e-06	1.03363e-06	3.44849e-07	1.3688e-07	1.3688e-07	
0.37807	0.392924	0.409797	0.42906	0.451026	0.475904	0.503762	0.534514	0.567933	0.603693	0.641424	0.680748	0.721276	0.762517	0.803685	0.843432	0.879588	0.909003	0.927645	0.931037	0.915034	0.876807	0.815769	0.734153	0.636968	0.53129	0.425021	0.325494	0.238289	0.166587	0.111134	0.0707208	0.042922	0.024847	0.0137225	0.00723316	0.0036406	0.00175075	0.000804944	0.000354082	0.000149127	6.01808e-05	2.32885e-05	8.64853e-06	3.08464e-06	1.05761e-06	3.49439e-07	1.13499e-07	4.38066e-08	4.38066e-08	
0.541523	0.598792	0.656297	0.712959	0.767613	0.819096	0.866351	0.908539	0.945139	0.976005	1.00135	1.02161	1.03727	1.04851	1.05493	1.05531	1.04753	1.02883	0.99624	0.947357	0.881081	0.798251	0.7019	0.597004	0.489765	0.386581	0.292992	0.212877	0.148086	0.0985398	0.062683	0.0381037	0.0221309	0.0122819	0.00651396	0.00330282	0.00160166	0.000743226	0.00033021	0.000140556	5.73569e-05	2.24541e-05	8.43883e-06	3.04688e-06	1.05761e-06	3.53231e-07	1.13768e-07	3.60078e-08	1.3525e-08	1.3525e-08	
0.673127	0.76553	0.857114	0.945939	1.02997	1.10718	1.17573	1.23402	1.28084	1.31535	1.3371	1.34585	1.34149	1.3238	1.29243	1.24687	1.18662	1.1115	1.02209	0.92002	0.808237	0.690909	0.57307	0.459995	0.356474	0.266153	0.191117	0.131795	0.087183	0.0552729	0.0335638	0.0195135	0.0108597	0.00578509	0.00295028	0.00144074	0.00067395	0.000302117	0.00012985	5.35386e-05	2.11886e-05	8.05404e-06	2.94222e-06	1.03363e-06	3.49439e-07	1.13768e-07	3.57434e-08	1.10318e-08	4.03511e-09	4.03511e-09	
0.755351	0.869472	0.983327	1.09488	1.20188	1.30187	1.3923	1.47053	1.53392	1.57996	1.60629	1.61092	1.59232	1.54968	1.48303	1.39353	1.28359	1.15689	1.01832	0.873655	0.729094	0.59068	0.463671	0.352018	0.25804	0.182354	0.124072	0.0811833	0.0510373	0.0308047	0.0178409	0.00991118	0.00528024	0.00269758	0.00132165	0.000621093	0.000280035	0.000121181	5.03506e-05	2.00966e-05	7.70914e-06	2.84373e-06	1.00928e-06	3.44849e-07	1.13499e-07	3.60078e-08	1.10318e-08	3.31937e-09	1.18193e-09	1.18193e-09	
0.790813	0.914261	1.03855	1.16185	1.28194	1.39619	1.5015	1.59436	1.67088	1.72704	1.75887	1.76291	1.7366	1.67876	1.59001	1.47298	1.33237	1.17469	1.00772	0.839695	0.678506	0.53082	0.401474	0.293147	0.206393	0.13996	0.0913267	0.0572971	0.0345405	0.0199974	0.0111152	0.0059302	0.00303664	0.00149246	0.000704132	0.000318964	0.000138768	5.80037e-05	2.33031e-05	9.0024e-06	3.34579e-06	1.19689e-06	4.12342e-07	1.3688e-07	4.38066e-08	1.3525e-08	4.03511e-09	1.18193e-09	4.08965e-10	4.08965e-10	
0.790813	0.914261	1.03855	1.16185	1.28194	1.39619	1.5015	1.59436	1.67088	1.72704	1.75887	1.76291	1.7366	1.67876	1.59001	1.47298	1.33237	1.17469	1.00772	0.839695	0.678506	0.53082	0.401474	0.293147	0.206393	0.13996	0.0913267	0.0572971	0.0345405	0.0199974	0.0111152	0.0059302	0.00303664	0.00149246	0.000704132	0.000318964	0.000138768	5.80037e-05	2.33031e-05	9.0024e-06	3.34579e-06	1.19689e-06	4.12342e-07	1.3688e-07	4.38066e-08	1.3525e-08	4.03511e-09	1.18193e-09	4.08965e-10	4.08965e-10	
