2.38513e-36	2.38513e-36	9.59217e-35	3.64238e-33	1.27431e-31	4.09733e-30	1.20751e-28	3.25212e-27	7.97882e-26	1.77704e-24	3.57928e-23	6.49308e-22	1.05614e-20	1.53292e-19	1.9751e-18	2.24656e-17	2.24263e-16	1.95268e-15	1.47358e-14	9.5756e-14	5.32308e-13	2.51485e-12	1.00319e-11	3.3583e-11	9.39015e-11	2.1903e-10	4.28018e-10	7.07012e-10	9.95683e-10	1.20031e-09	1.23912e-09	1.09514e-09	8.28487e-10	5.35131e-10	2.93186e-10	1.35158e-10	5.21393e-11	1.6799e-11	4.5253e-12	1.02263e-12	1.94876e-13	3.15214e-14	4.35948e-15	5.19435e-16	5.37215e-17	4.85732e-18	3.86544e-19	2.72432e-20	1.71024e-21	9.61325e-23	
2.38513e-36	2.38513e-36	9.59217e-35	3.64238e-33	1.27431e-31	4.09733e-30	1.20751e-28	3.25212e-27	7.97882e-26	1.77704e-24	3.57928e-23	6.49308e-22	1.05614e-20	1.53292e-19	1.9751e-18	2.24656e-17	2.24263e-16	1.95268e-15	1.47358e-14	9.5756e-14	5.32308e-13	2.51485e-12	1.00319e-11	3.3583e-11	9.39015e-11	2.1903e-10	4.28018e-10	7.07012e-10	9.95683e-10	1.20031e-09	1.23912e-09	1.09514e-09	8.28487e-10	5.35131e-10	2.93186e-10	1.35158e-10	5.21393e-11	1.6799e-11	4.5253e-12	1.02263e-12	1.94876e-13	3.15214e-14	4.35948e-15	5.19435e-16	5.37215e-17	4.85732e-18	3.86544e-19	2.72432e-20	1.71024e-21	9.61325e-23	
9.59217e-35	9.59217e-35	3.71326e-33	1.35767e-31	4.57096e-30	1.41346e-28	4.0033e-27	1.0354e-25	2.43741e-24	5.20398e-23	1.0038e-21	1.74199e-20	2.70741e-19	3.75009e-18	4.60495e-17	4.98503e-16	4.72941e-15	3.90819e-14	2.79543e-13	1.71988e-12	9.04556e-12	4.04271e-11	1.52685e-10	4.85026e-10	1.29238e-09	2.89127e-09	5.46198e-09	8.79034e-09	1.21467e-08	1.44782e-08	1.49149e-08	1.32812e-08	1.02083e-08	6.74867e-09	3.81315e-09	1.82685e-09	7.37329e-10	2.49824e-10	7.10136e-11	1.69661e-11	3.42047e-12	5.85194e-13	8.55331e-14	1.07577e-14	1.17281e-15	1.11619e-16	9.33626e-18	6.90643e-19	4.54461e-20	2.6743e-21	
3.64238e-33	3.64238e-33	1.35767e-31	4.78122e-30	1.54953e-28	4.60937e-27	1.25496e-25	3.11762e-24	7.04321e-23	1.44175e-21	2.66357e-20	4.42213e-19	6.56721e-18	8.68049e-17	1.01579e-15	1.04639e-14	9.43287e-14	7.39599e-13	5.01272e-12	2.91908e-11	1.45213e-10	6.13836e-10	2.19494e-09	6.61801e-09	1.68127e-08	3.60958e-08	6.59516e-08	1.03456e-07	1.40368e-07	1.65556e-07	1.70222e-07	1.52633e-07	1.19107e-07	8.05489e-08	4.69137e-08	2.33464e-08	9.85423e-09	3.5102e-09	1.05279e-09	2.65945e-10	5.67348e-11	1.02694e-11	1.58676e-12	2.10718e-13	2.42213e-14	2.42686e-15	2.13384e-16	1.65689e-17	1.14285e-18	7.04025e-20	
1.27431e-31	1.27431e-31	4.57096e-30	1.54953e-28	4.83088e-27	1.38138e-25	3.61239e-24	8.61192e-23	1.86524e-21	3.65662e-20	6.46212e-19	1.02498e-17	1.45225e-16	1.8287e-15	2.03545e-14	1.99113e-13	1.70165e-12	1.26277e-11	8.08794e-11	4.44519e-10	2.08536e-09	8.31267e-09	2.80617e-08	8.0101e-08	1.93592e-07	3.98155e-07	7.02553e-07	1.07299e-06	1.42874e-06	1.66747e-06	1.71124e-06	1.54503e-06	1.22438e-06	8.47762e-07	5.09645e-07	2.6389e-07	1.16729e-07	4.38219e-08	1.39062e-08	3.72511e-09	8.43431e-10	1.61995e-10	2.65344e-11	3.73026e-12	4.53177e-13	4.79078e-14	4.43685e-15	3.62279e-16	2.62359e-17	1.69443e-18	
4.09733e-30	4.09733e-30	1.41346e-28	4.60937e-27	1.38138e-25	3.79394e-24	9.52084e-23	2.17597e-21	4.51326e-20	8.4629e-19	1.42867e-17	2.1616e-16	2.91698e-15	3.49257e-14	3.68979e-13	3.41955e-12	2.76332e-11	1.93531e-10	1.16777e-09	6.03749e-09	2.66186e-08	9.97154e-08	3.16744e-07	8.53429e-07	1.95737e-06	3.84846e-06	6.54668e-06	9.72225e-06	1.26966e-05	1.46605e-05	1.50172e-05	1.36536e-05	1.09926e-05	7.80085e-06	4.84794e-06	2.61696e-06	1.21601e-06	4.82483e-07	1.6251e-07	4.632e-08	1.11694e-08	2.28406e-09	3.97881e-10	5.93908e-11	7.64668e-12	8.55037e-13	8.35956e-14	7.19235e-15	5.47871e-16	3.71578e-17	
1.20751e-28	1.20751e-28	4.0033e-27	1.25496e-25	3.61239e-24	9.52084e-23	2.29049e-21	5.01298e-20	9.9448e-19	1.78119e-17	2.86797e-16	4.13212e-15	5.30067e-14	6.02173e-13	6.02387e-12	5.27486e-11	4.01863e-10	2.64755e-09	1.49966e-08	7.26588e-08	2.9987e-07	1.05147e-06	3.13094e-06	7.93602e-06	1.72239e-05	3.22977e-05	5.28635e-05	7.6224e-05	9.75463e-05	0.000111403	0.000113896	0.0001043	8.5367e-05	6.21635e-05	4.0007e-05	2.25642e-05	1.1044e-05	4.64623e-06	1.6671e-06	5.07576e-07	1.30871e-07	2.86048e-08	5.319e-09	8.45906e-10	1.15787e-10	1.37334e-11	1.42106e-12	1.29126e-13	1.03673e-14	7.39739e-16	
3.25212e-27	3.25212e-27	1.0354e-25	3.11762e-24	8.61192e-23	2.17597e-21	5.01298e-20	1.04935e-18	1.98833e-17	3.39644e-16	5.20709e-15	7.13042e-14	8.67633e-13	9.32943e-12	8.8131e-11	7.26957e-10	5.2036e-09	3.21275e-08	1.7013e-07	7.6903e-07	2.95731e-06	9.66141e-06	2.68502e-05	6.37772e-05	0.000130559	0.00023286	0.000365891	0.000511383	0.000640623	0.000723239	0.000737979	0.000680922	0.000567046	0.000424313	0.000283365	0.000167407	8.65743e-05	3.87608e-05	1.48779e-05	4.86065e-06	1.34626e-06	3.15947e-07	6.29816e-08	1.0714e-08	1.56472e-09	1.97498e-10	2.16916e-11	2.08702e-12	1.77022e-13	1.3316e-14	
7.97882e-26	7.97882e-26	2.43741e-24	7.04321e-23	1.86524e-21	4.51326e-20	9.9448e-19	1.98833e-17	3.5931e-16	5.84367e-15	8.51401e-14	1.10571e-12	1.27313e-11	1.29221e-10	1.14916e-09	8.8979e-09	5.9608e-08	3.43385e-07	1.69177e-06	7.09761e-06	2.52938e-05	7.6575e-05	0.000197615	0.00043792	0.000842428	0.00142468	0.00214354	0.00289827	0.00354943	0.00395829	0.00403059	0.00374915	0.00318018	0.00244946	0.00170134	0.00105589	0.000578995	0.000277043	0.000114312	4.02857e-05	1.20514e-05	3.05293e-06	6.55699e-07	1.19864e-07	1.87555e-08	2.52859e-09	2.95758e-10	3.02188e-11	2.71487e-12	2.1579e-13	
1.77704e-24	1.77704e-24	5.20398e-23	1.44175e-21	3.65662e-20	8.4629e-19	1.78119e-17	3.39644e-16	5.84367e-15	9.03161e-14	1.24786e-12	1.53326e-11	1.66598e-10	1.59116e-09	1.32738e-08	9.60906e-08	5.99702e-07	3.20689e-06	1.4616e-05	5.65628e-05	0.000185605	0.000517395	0.00123258	0.00253526	0.00456362	0.00729204	0.0104751	0.0136714	0.0163417	0.0179844	0.0182721	0.0171462	0.0148348	0.0117843	0.00853536	0.00558312	0.00325923	0.0016748	0.000747048	0.00028576	9.29216e-05	2.55697e-05	5.95209e-06	1.17557e-06	1.98037e-07	2.86407e-08	3.58108e-09	3.89858e-10	3.72072e-11	3.13306e-12	
3.57928e-23	3.57928e-23	1.0038e-21	2.66357e-20	6.46212e-19	1.42867e-17	2.86797e-16	5.20709e-15	8.51401e-14	1.24786e-12	1.63111e-11	1.89103e-10	1.93298e-09	1.73108e-08	1.34917e-07	9.08856e-07	5.25608e-06	2.59327e-05	0.0001086	0.000384832	0.00115387	0.00293954	0.00642022	0.0121861	0.0204276	0.0307179	0.041997	0.0527776	0.0614607	0.0666745	0.0675776	0.064025	0.0565909	0.0464653	0.0351959	0.0243532	0.0152027	0.00843573	0.00409425	0.00171227	0.00060984	0.000183655	4.66616e-05	1.0021e-05	1.82781e-06	2.84987e-07	3.82581e-08	4.45474e-09	4.53141e-10	4.05414e-11	
6.49308e-22	6.49308e-22	1.74199e-20	4.42213e-19	1.02498e-17	2.1616e-16	4.13212e-15	7.13042e-14	1.10571e-12	1.53326e-11	1.89103e-10	2.0623e-09	1.97621e-08	1.65273e-07	1.19777e-06	7.46749e-06	3.97661e-05	0.000179719	0.000685947	0.0022061	0.00598906	0.0138207	0.0274585	0.0477861	0.0742133	0.104592	0.135661	0.163755	0.185446	0.198103	0.20027	0.191708	0.173376	0.147467	0.117152	0.0860696	0.0577295	0.0347978	0.018512	0.00853612	0.00336003	0.00111738	0.000312487	7.35296e-05	1.46192e-05	2.47179e-06	3.58071e-07	4.47888e-08	4.8743e-09	4.64864e-10	
1.05614e-20	1.05614e-20	2.70741e-19	6.56721e-18	1.45225e-16	2.91698e-15	5.30067e-14	8.67633e-13	1.27313e-11	1.66598e-10	1.93298e-09	1.97621e-08	1.76821e-07	1.37456e-06	9.21264e-06	5.28176e-05	0.000257061	0.001055	0.00363418	0.0104957	0.0255191	0.0528056	0.0946273	0.150014	0.214801	0.282735	0.347079	0.401739	0.441951	0.464718	0.468577	0.453291	0.419784	0.370418	0.309273	0.241991	0.175138	0.115351	0.0677863	0.0347921	0.0152962	0.00567761	0.00176552	0.000459354	0.00010035	1.85259e-05	2.91303e-06	3.9339e-07	4.60006e-08	4.69386e-09	
1.53292e-19	1.53292e-19	3.75009e-18	8.68049e-17	1.8287e-15	3.49257e-14	6.02173e-13	9.32943e-12	1.29221e-10	1.59116e-09	1.73108e-08	1.65273e-07	1.37456e-06	9.87956e-06	6.08501e-05	0.000318407	0.00140376	0.00517762	0.0159081	0.040736	0.0876051	0.160805	0.25788	0.370608	0.488025	0.599528	0.696861	0.774246	0.828536	0.858621	0.863712	0.843554	0.798859	0.730471	0.640534	0.533868	0.417646	0.301719	0.197174	0.113739	0.0565125	0.023709	0.00829791	0.00241349	0.000584857	0.000118849	2.04238e-05	2.99498e-06	3.78137e-07	4.14546e-08	
1.9751e-18	1.9751e-18	4.60495e-17	1.01579e-15	2.03545e-14	3.68979e-13	6.02387e-12	8.8131e-11	1.14916e-09	1.32738e-08	1.34917e-07	1.19777e-06	9.21264e-06	6.08501e-05	0.000341911	0.00161859	0.00639622	0.0209411	0.0565928	0.126646	0.237802	0.383784	0.548882	0.715909	0.87079	1.00493	1.11386	1.19612	1.25254	1.28371	1.28898	1.26798	1.22173	1.14999	1.0517	0.927286	0.779948	0.61637	0.448619	0.292821	0.166301	0.0799584	0.0319456	0.0105229	0.00286065	0.000645978	0.000122283	1.96003e-05	2.68675e-06	3.17924e-07	
2.24656e-17	2.24656e-17	4.98503e-16	1.04639e-14	1.99113e-13	3.41955e-12	5.27486e-11	7.26957e-10	8.8979e-09	9.60906e-08	9.08856e-07	7.46749e-06	5.28176e-05	0.000318407	0.00161859	0.00686195	0.0240092	0.0687804	0.16097	0.310311	0.50414	0.715421	0.920962	1.10649	1.2652	1.39569	1.49778	1.57386	1.62631	1.65394	1.6582	1.64011	1.59767	1.5311	1.44003	1.3208	1.1735	0.99803	0.799387	0.588144	0.38391	0.214175	0.0991711	0.0375483	0.0116016	0.00294333	0.000619331	0.000109318	1.63694e-05	2.10145e-06	
2.24263e-16	2.24263e-16	4.72941e-15	9.43287e-14	1.70165e-12	2.76332e-11	4.01863e-10	5.2036e-09	5.9608e-08	5.99702e-07	5.25608e-06	3.97661e-05	0.000257061	0.00140376	0.00639622	0.0240092	0.0733724	0.181129	0.361823	0.596065	0.842882	1.07519	1.28398	1.46387	1.61356	1.73175	1.82028	1.88282	1.92214	1.93991	1.9421	1.93171	1.90123	1.84817	1.77068	1.6645	1.52747	1.3595	1.16159	0.938366	0.695165	0.451201	0.245101	0.108286	0.038573	0.0111292	0.00262931	0.000515267	8.48491e-05	1.18826e-05	
1.95268e-15	1.95268e-15	3.90819e-14	7.39599e-13	1.26277e-11	1.93531e-10	2.64755e-09	3.21275e-08	3.43385e-07	3.20689e-06	2.59327e-05	0.000179719	0.001055	0.00517762	0.0209411	0.0687804	0.181129	0.380405	0.644972	0.919663	1.1741	1.40807	1.6126	1.77833	1.90273	1.98656	2.03865	2.06674	2.07732	2.0831	2.08462	2.08039	2.07209	2.05273	2.01017	1.94106	1.83244	1.68412	1.49352	1.27026	1.02403	0.755798	0.481109	0.250604	0.104287	0.034644	0.00928571	0.0020376	0.00037154	5.70814e-05	
1.47358e-14	1.47358e-14	2.79543e-13	5.01272e-12	8.08794e-11	1.16777e-09	1.49966e-08	1.7013e-07	1.69177e-06	1.4616e-05	0.0001086	0.000685947	0.00363418	0.0159081	0.0565928	0.16097	0.361823	0.644972	0.944929	1.2223	1.48454	1.71323	1.8852	2.00198	2.06671	2.09296	2.09049	2.07562	2.05597	2.04351	2.04229	2.04958	2.06753	2.08534	2.09407	2.08145	2.03305	1.93856	1.78924	1.58149	1.32974	1.05834	0.765965	0.468094	0.229156	0.0885162	0.0271684	0.00672835	0.00136737	0.000231684	
9.5756e-14	9.5756e-14	1.71988e-12	2.91908e-11	4.44519e-10	6.03749e-09	7.26588e-08	7.6903e-07	7.09761e-06	5.65628e-05	0.000384832	0.0022061	0.0104957	0.040736	0.126646	0.310311	0.596065	0.919663	1.2223	1.5109	1.76219	1.93662	2.04801	2.09627	2.09234	2.04868	1.9823	1.90964	1.84845	1.8079	1.80049	1.82897	1.8833	1.95248	2.0243	2.0779	2.10137	2.07395	1.98952	1.84065	1.61957	1.34005	1.04391	0.725396	0.414572	0.186718	0.0659962	0.0185511	0.0042227	0.000792372	
5.32308e-13	5.32308e-13	9.04556e-12	1.45213e-10	2.08536e-09	2.66186e-08	2.9987e-07	2.95731e-06	2.52938e-05	0.000185605	0.00115387	0.00598906	0.0255191	0.0876051	0.237802	0.50414	0.842882	1.1741	1.48454	1.76219	1.95039	2.06898	2.10755	2.0684	1.97134	1.83698	1.69175	1.55531	1.44809	1.38938	1.3803	1.41822	1.50744	1.63512	1.77794	1.92154	2.03622	2.09991	2.09584	2.00555	1.84849	1.60342	1.3004	0.979452	0.636066	0.330994	0.134555	0.0429891	0.0109825	0.00228677	
2.51485e-12	2.51485e-12	4.04271e-11	6.13836e-10	8.31267e-09	9.97154e-08	1.05147e-06	9.66141e-06	7.6575e-05	0.000517395	0.00293954	0.0138207	0.0528056	0.160805	0.383784	0.715421	1.07519	1.40807	1.71323	1.93662	2.06898	2.10996	2.04106	1.90487	1.70612	1.48012	1.25214	1.04949	0.893742	0.798286	0.78135	0.846949	0.980941	1.16557	1.38903	1.61945	1.82994	1.99556	2.09228	2.0992	1.99853	1.8157	1.53443	1.21167	0.861634	0.507214	0.234851	0.0849075	0.0242926	0.0056061	
1.00319e-11	1.00319e-11	1.52685e-10	2.19494e-09	2.80617e-08	3.16744e-07	3.13094e-06	2.68502e-05	0.000197615	0.00123258	0.00642022	0.0274585	0.0946273	0.25788	0.548882	0.920962	1.28398	1.6126	1.8852	2.04801	2.10755	2.04106	1.88473	1.62868	1.32995	0.999963	0.68901	0.421242	0.221525	0.112659	0.0951383	0.166259	0.331183	0.577002	0.873681	1.19667	1.51246	1.79224	1.98746	2.09557	2.08331	1.96402	1.73215	1.41816	1.07036	0.69379	0.359857	0.145756	0.0463968	0.011811	
3.3583e-11	3.3583e-11	4.85026e-10	6.61801e-09	8.0101e-08	8.53429e-07	7.93602e-06	6.37772e-05	0.00043792	0.00253526	0.0121861	0.0477861	0.150014	0.370608	0.715909	1.10649	1.46387	1.77833	2.00198	2.09627	2.0684	1.90487	1.62868	1.27167	0.862842	0.452407	0.0617765	-0.265266	-0.504715	-0.646297	-0.67108	-0.574407	-0.370874	-0.0774339	0.289368	0.695284	1.11472	1.49158	1.80822	2.0172	2.10235	2.05323	1.88264	1.59538	1.254	0.872283	0.496725	0.222246	0.0779061	0.0217041	
9.39015e-11	9.39015e-11	1.29238e-09	1.68127e-08	1.93592e-07	1.95737e-06	1.72239e-05	0.000130559	0.000842428	0.00456362	0.0204276	0.0742133	0.214801	0.488025	0.87079	1.2652	1.61356	1.90273	2.06671	2.09234	1.97134	1.70612	1.32995	0.862842	0.362678	-0.134378	-0.57911	-0.944179	-1.21153	-1.35791	-1.3815	-1.28502	-1.06371	-0.735736	-0.321799	0.16204	0.66441	1.14951	1.56964	1.87917	2.06295	2.09337	1.9865	1.73912	1.41004	1.03172	0.632185	0.307406	0.117146	0.0353442	
2.1903e-10	2.1903e-10	2.89127e-09	3.60958e-08	3.98155e-07	3.84846e-06	3.22977e-05	0.00023286	0.00142468	0.00729204	0.0307179	0.104592	0.282735	0.599528	1.00493	1.39569	1.73175	1.98656	2.09296	2.04868	1.83698	1.48012	0.999963	0.452407	-0.134378	-0.687985	-1.17669	-1.56977	-1.83628	-1.98037	-2.0042	-1.90763	-1.69144	-1.34747	-0.895387	-0.361311	0.218728	0.787031	1.30184	1.7089	1.98607	2.09288	2.0481	1.84782	1.53752	1.16695	0.755967	0.392968	0.160487	0.0517985	
4.28018e-10	4.28018e-10	5.46198e-09	6.59516e-08	7.02553e-07	6.54668e-06	5.28635e-05	0.000365891	0.00214354	0.0104751	0.041997	0.135661	0.347079	0.696861	1.11386	1.49778	1.82028	2.03865	2.09049	1.9823	1.69175	1.25214	0.68901	0.0617765	-0.57911	-1.17669	-1.68334	-2.0597	-2.32287	-2.47712	-2.50356	-2.39776	-2.17796	-1.85012	-1.39327	-0.8242	-0.197474	0.443017	1.03817	1.53197	1.88677	2.06726	2.08063	1.92445	1.63569	1.27557	0.861281	0.471332	0.203308	0.0692756	
7.07012e-10	7.07012e-10	8.79034e-09	1.03456e-07	1.07299e-06	9.72225e-06	7.6224e-05	0.000511383	0.00289827	0.0136714	0.0527776	0.163755	0.401739	0.774246	1.19612	1.57386	1.88282	2.06674	2.07562	1.90964	1.55531	1.04949	0.421242	-0.265266	-0.944179	-1.56977	-2.0597	-2.40065	-2.60667	-2.69762	-2.71044	-2.65418	-2.49827	-2.21472	-1.78481	-1.20498	-0.541066	0.148928	0.811362	1.36791	1.79067	2.02993	2.09026	1.97463	1.70668	1.35698	0.943944	0.53641	0.240981	0.0855317	
9.95683e-10	9.95683e-10	1.21467e-08	1.40368e-07	1.42874e-06	1.26966e-05	9.75463e-05	0.000640623	0.00354943	0.0163417	0.0614607	0.185446	0.441951	0.828536	1.25254	1.62631	1.92214	2.07732	2.05597	1.84845	1.44809	0.893742	0.221525	-0.504715	-1.21153	-1.83628	-2.32287	-2.60667	-2.69842	-2.70214	-2.69992	-2.70446	-2.66124	-2.46366	-2.05184	-1.47329	-0.794648	-0.0659553	0.636405	1.24172	1.71177	1.99395	2.09234	2.00663	1.75243	1.41101	1.00153	0.583824	0.269562	0.09835	
1.20031e-09	1.20031e-09	1.44782e-08	1.65556e-07	1.66747e-06	1.46605e-05	0.000111403	0.000723239	0.00395829	0.0179844	0.0666745	0.198103	0.464718	0.858621	1.28371	1.65394	1.93991	2.0831	2.04351	1.8079	1.38938	0.798286	0.112659	-0.646297	-1.35791	-1.98037	-2.47712	-2.69762	-2.70214	-2.66876	-2.66296	-2.68684	-2.71453	-2.60203	-2.2031	-1.61355	-0.945268	-0.184024	0.532282	1.17113	1.66125	1.97527	2.08727	2.02148	1.77826	1.44005	1.03277	0.610492	0.286116	0.105953	
1.23912e-09	1.23912e-09	1.49149e-08	1.70222e-07	1.71124e-06	1.50172e-05	0.000113896	0.000737979	0.00403059	0.0182721	0.0675776	0.20027	0.468577	0.863712	1.28898	1.6582	1.9421	2.08462	2.04229	1.80049	1.3803	0.78135	0.0951383	-0.67108	-1.3815	-2.0042	-2.50356	-2.71044	-2.69992	-2.66296	-2.65705	-2.68119	-2.71953	-2.62509	-2.22962	-1.63606	-0.972257	-0.20431	0.514102	1.15867	1.65193	1.97199	2.08463	2.02412	1.7833	1.44489	1.03786	0.614965	0.28894	0.10726	
1.09514e-09	1.09514e-09	1.32812e-08	1.52633e-07	1.54503e-06	1.36536e-05	0.0001043	0.000680922	0.00374915	0.0171462	0.064025	0.191708	0.453291	0.843554	1.26798	1.64011	1.93171	2.08039	2.04958	1.82897	1.41822	0.846949	0.166259	-0.574407	-1.28502	-1.90763	-2.39776	-2.65418	-2.70446	-2.68684	-2.68119	-2.69733	-2.69076	-2.53286	-2.12629	-1.54411	-0.86865	-0.125076	0.584887	1.20672	1.68734	1.98459	2.0907	2.01424	1.7652	1.42561	1.01719	0.59707	0.277727	0.102079	
8.28487e-10	8.28487e-10	1.02083e-08	1.19107e-07	1.22438e-06	1.09926e-05	8.5367e-05	0.000567046	0.00318018	0.0148348	0.0565909	0.173376	0.419784	0.798859	1.22173	1.59767	1.90123	2.07209	2.06753	1.8833	1.50744	0.980941	0.331183	-0.370874	-1.06371	-1.69144	-2.17796	-2.49827	-2.66124	-2.71453	-2.71953	-2.69076	-2.58084	-2.32682	-1.90462	-1.32677	-0.652609	0.0520466	0.733807	1.3112	1.75664	2.01439	2.09234	1.98971	1.7276	1.38174	0.970108	0.557677	0.253651	0.0911541	
5.35131e-10	5.35131e-10	6.74867e-09	8.05489e-08	8.47762e-07	7.80085e-06	6.21635e-05	0.000424313	0.00244946	0.0117843	0.0464653	0.147467	0.370418	0.730471	1.14999	1.5311	1.84817	2.05273	2.08534	1.95248	1.63512	1.16557	0.577002	-0.0774339	-0.735736	-1.34747	-1.85012	-2.21472	-2.46366	-2.60203	-2.62509	-2.53286	-2.32682	-2.01079	-1.56606	-0.987697	-0.34463	0.319681	0.942156	1.4631	1.84647	2.0534	2.08629	1.94706	1.66736	1.31153	0.897242	0.499192	0.219178	0.0760154	
2.93186e-10	2.93186e-10	3.81315e-09	4.69137e-08	5.09645e-07	4.84794e-06	4.0007e-05	0.000283365	0.00170134	0.00853536	0.0351959	0.117152	0.309273	0.640534	1.0517	1.44003	1.77068	2.01017	2.09407	2.0243	1.77794	1.38903	0.873681	0.289368	-0.321799	-0.895387	-1.39327	-1.78481	-2.05184	-2.2031	-2.22962	-2.12629	-1.90462	-1.56606	-1.10614	-0.555572	0.0438385	0.646396	1.19604	1.63806	1.94726	2.08431	2.06476	1.88245	1.58017	1.21361	0.800599	0.425513	0.177879	0.0587421	
1.35158e-10	1.35158e-10	1.82685e-09	2.33464e-08	2.6389e-07	2.61696e-06	2.25642e-05	0.000167407	0.00105589	0.00558312	0.0243532	0.0860696	0.241991	0.533868	0.927286	1.3208	1.6645	1.94106	2.08145	2.0779	1.92154	1.61945	1.19667	0.695284	0.16204	-0.361311	-0.8242	-1.20498	-1.47329	-1.61355	-1.63606	-1.54411	-1.32677	-0.987697	-0.555572	-0.0529135	0.48548	1.00037	1.46544	1.81518	2.03593	2.09724	2.01522	1.78667	1.46464	1.08896	0.683548	0.341974	0.134163	0.0416248	
5.21393e-11	5.21393e-11	7.37329e-10	9.85423e-09	1.16729e-07	1.21601e-06	1.1044e-05	8.65743e-05	0.000578995	0.00325923	0.0152027	0.0577295	0.175138	0.417646	0.779948	1.1735	1.52747	1.83244	2.03305	2.10137	2.03622	1.82994	1.51246	1.11472	0.66441	0.218728	-0.197474	-0.541066	-0.794648	-0.945268	-0.972257	-0.86865	-0.652609	-0.34463	0.0438385	0.48548	0.93799	1.3612	1.71495	1.96855	2.09334	2.07403	1.92981	1.65745	1.31983	0.938706	0.55172	0.255661	0.0927632	0.0266916	
1.6799e-11	1.6799e-11	2.49824e-10	3.5102e-09	4.38219e-08	4.82483e-07	4.64623e-06	3.87608e-05	0.000277043	0.0016748	0.00843573	0.0347978	0.115351	0.301719	0.61637	0.99803	1.3595	1.68412	1.93856	2.07395	2.09991	1.99556	1.79224	1.49158	1.14951	0.787031	0.443017	0.148928	-0.0659553	-0.184024	-0.20431	-0.125076	0.0520466	0.319681	0.646396	1.00037	1.3612	1.67867	1.92721	2.0719	2.09898	2.00681	1.79795	1.49272	1.14706	0.767001	0.41396	0.174719	0.0578269	0.0152555	
4.5253e-12	4.5253e-12	7.10136e-11	1.05279e-09	1.39062e-08	1.6251e-07	1.6671e-06	1.48779e-05	0.000114312	0.000747048	0.00409425	0.018512	0.0677863	0.197174	0.448619	0.799387	1.16159	1.49352	1.78924	1.98952	2.09584	2.09228	1.98746	1.80822	1.56964	1.30184	1.03817	0.811362	0.636405	0.532282	0.514102	0.584887	0.733807	0.942156	1.19604	1.46544	1.71495	1.92721	2.05675	2.11005	2.04164	1.8815	1.61868	1.29775	0.94791	0.581855	0.282492	0.106939	0.0319104	0.00764742	
1.02263e-12	1.02263e-12	1.69661e-11	2.65945e-10	3.72511e-09	4.632e-08	5.07576e-07	4.86065e-06	4.02857e-05	0.00028576	0.00171227	0.00853612	0.0347921	0.113739	0.292821	0.588144	0.938366	1.27026	1.58149	1.84065	2.00555	2.0992	2.09557	2.0172	1.87917	1.7089	1.53197	1.36791	1.24172	1.17113	1.15867	1.20672	1.3112	1.4631	1.63806	1.81518	1.96855	2.0719	2.11005	2.05288	1.91621	1.69678	1.39757	1.07509	0.727433	0.398913	0.170965	0.0573402	0.0152974	0.00331001	
1.94876e-13	1.94876e-13	3.42047e-12	5.67348e-11	8.43431e-10	1.11694e-08	1.30871e-07	1.34626e-06	1.20514e-05	9.29216e-05	0.00060984	0.00336003	0.0152962	0.0565125	0.166301	0.38391	0.695165	1.02403	1.32974	1.61957	1.84849	1.99853	2.08331	2.10235	2.06295	1.98607	1.88677	1.79067	1.71177	1.66125	1.65193	1.68734	1.75664	1.84647	1.94726	2.03593	2.09334	2.09898	2.04164	1.91621	1.72301	1.44898	1.14809	0.829237	0.501083	0.239347	0.089348	0.0263676	0.00626544	0.00122128	
3.15214e-14	3.15214e-14	5.85194e-13	1.02694e-11	1.61995e-10	2.28406e-09	2.86048e-08	3.15947e-07	3.05293e-06	2.55697e-05	0.000183655	0.00111738	0.00567761	0.023709	0.0799584	0.214175	0.451201	0.755798	1.05834	1.34005	1.60342	1.8157	1.96402	2.05323	2.09337	2.09288	2.06726	2.02993	1.99395	1.97527	1.97199	1.98459	2.01439	2.0534	2.08431	2.09724	2.07403	2.00681	1.8815	1.69678	1.44898	1.17174	0.88009	0.569635	0.297014	0.121762	0.0394162	0.0102314	0.00216761	0.000381153	
4.35948e-15	4.35948e-15	8.55331e-14	1.58676e-12	2.65344e-11	3.97881e-10	5.319e-09	6.29816e-08	6.55699e-07	5.95209e-06	4.66616e-05	0.000312487	0.00176552	0.00829791	0.0319456	0.0991711	0.245101	0.481109	0.765965	1.04391	1.3004	1.53443	1.73215	1.88264	1.9865	2.0481	2.08063	2.09026	2.09234	2.08727	2.08463	2.0907	2.09234	2.08629	2.06476	2.01522	1.92981	1.79795	1.61868	1.39757	1.14809	0.88009	0.59357	0.329938	0.146148	0.0513693	0.0144767	0.00332145	0.000630268	0.000100374	
5.19435e-16	5.19435e-16	1.07577e-14	2.10718e-13	3.73026e-12	5.93908e-11	8.45906e-10	1.0714e-08	1.19864e-07	1.17557e-06	1.0021e-05	7.35296e-05	0.000459354	0.00241349	0.0105229	0.0375483	0.108286	0.250604	0.468094	0.725396	0.979452	1.21167	1.41816	1.59538	1.73912	1.84782	1.92445	1.97463	2.00663	2.02148	2.02412	2.01424	1.98971	1.94706	1.88245	1.78667	1.65745	1.49272	1.29775	1.07509	0.829237	0.569635	0.329938	0.155231	0.0585855	0.017805	0.00440721	0.000900747	0.000154092	2.23451e-05	
5.37215e-17	5.37215e-17	1.17281e-15	2.42213e-14	4.53177e-13	7.64668e-12	1.15787e-10	1.56472e-09	1.87555e-08	1.98037e-07	1.82781e-06	1.46192e-05	0.00010035	0.000584857	0.00286065	0.0116016	0.038573	0.104287	0.229156	0.414572	0.636066	0.861634	1.07036	1.254	1.41004	1.53752	1.63569	1.70668	1.75243	1.77826	1.7833	1.7652	1.7276	1.66736	1.58017	1.46464	1.31983	1.14706	0.94791	0.727433	0.501083	0.297014	0.146148	0.0585855	0.0190723	0.00507416	0.00111501	0.000204792	3.18106e-05	4.22484e-06	
4.85732e-18	4.85732e-18	1.11619e-16	2.42686e-15	4.79078e-14	8.55037e-13	1.37334e-11	1.97498e-10	2.52859e-09	2.86407e-08	2.84987e-07	2.47179e-06	1.85259e-05	0.000118849	0.000645978	0.00294333	0.0111292	0.034644	0.0885162	0.186718	0.330994	0.507214	0.69379	0.872283	1.03172	1.16695	1.27557	1.35698	1.41101	1.44005	1.44489	1.42561	1.38174	1.31153	1.21361	1.08896	0.938706	0.767001	0.581855	0.398913	0.239347	0.121762	0.0513693	0.017805	0.00507416	0.00119704	0.000235999	3.929e-05	5.58037e-06	6.82705e-07	
3.86544e-19	3.86544e-19	9.33626e-18	2.13384e-16	4.43685e-15	8.35956e-14	1.42106e-12	2.16916e-11	2.95758e-10	3.58108e-09	3.82581e-08	3.58071e-07	2.91303e-06	2.04238e-05	0.000122283	0.000619331	0.00262931	0.00928571	0.0271684	0.0659962	0.134555	0.234851	0.359857	0.496725	0.632185	0.755967	0.861281	0.943944	1.00153	1.03277	1.03786	1.01719	0.970108	0.897242	0.800599	0.683548	0.55172	0.41396	0.282492	0.170965	0.089348	0.0394162	0.0144767	0.00440721	0.00111501	0.000235999	4.21501e-05	6.41112e-06	8.38024e-07	9.49489e-08	
2.72432e-20	2.72432e-20	6.90643e-19	1.65689e-17	3.62279e-16	7.19235e-15	1.29126e-13	2.08702e-12	3.02188e-11	3.89858e-10	4.45474e-09	4.47888e-08	3.9339e-07	2.99498e-06	1.96003e-05	0.000109318	0.000515267	0.0020376	0.00672835	0.0185511	0.0429891	0.0849075	0.145756	0.222246	0.307406	0.392968	0.471332	0.53641	0.583824	0.610492	0.614965	0.59707	0.557677	0.499192	0.425513	0.341974	0.255661	0.174719	0.106939	0.0573402	0.0263676	0.0102314	0.00332145	0.000900747	0.000204792	3.929e-05	6.41112e-06	8.97182e-07	1.08561e-07	1.14469e-08	
1.71024e-21	1.71024e-21	4.54461e-20	1.14285e-18	2.62359e-17	5.47871e-16	1.03673e-14	1.77022e-13	2.71487e-12	3.72072e-11	4.53141e-10	4.8743e-09	4.60006e-08	3.78137e-07	2.68675e-06	1.63694e-05	8.48491e-05	0.00037154	0.00136737	0.0042227	0.0109825	0.0242926	0.0463968	0.0779061	0.117146	0.160487	0.203308	0.240981	0.269562	0.286116	0.28894	0.277727	0.253651	0.219178	0.177879	0.134163	0.0927632	0.0578269	0.0319104	0.0152974	0.00626544	0.00216761	0.000630268	0.000154092	3.18106e-05	5.58037e-06	8.38024e-07	1.08561e-07	1.2223e-08	1.20468e-09	
9.61325e-23	9.61325e-23	2.6743e-21	7.04025e-20	1.69443e-18	3.71578e-17	7.39739e-16	1.3316e-14	2.1579e-13	3.13306e-12	4.05414e-11	4.64864e-10	4.69386e-09	4.14546e-08	3.17924e-07	2.10145e-06	1.18826e-05	5.70814e-05	0.000231684	0.000792372	0.00228677	0.0056061	0.011811	0.0217041	0.0353442	0.0517985	0.0692756	0.0855317	0.09835	0.105953	0.10726	0.102079	0.0911541	0.0760154	0.0587421	0.0416248	0.0266916	0.0152555	0.00764742	0.00331001	0.00122128	0.000381153	0.000100374	2.23451e-05	4.22484e-06	6.82705e-07	9.49489e-08	1.14469e-08	1.20468e-09	1.1141e-10	
