0.195271	0.224933	0.231732	0.232668	0.237665	0.262295	0.313373	0.377709	0.452277	0.551692	0.674875	0.782601	0.849528	0.871418	0.849418	0.788656	0.708545	0.626956	0.544435	0.458011	0.367815	0.299642	0.270517	0.292926	0.371004	0.476645	0.602612	0.749148	0.893414	1.02078	1.13792	1.24731	1.31182	1.31132	1.25568	1.16412	1.04141	0.888003	0.725227	0.569572	0.43907	0.342194	0.278822	0.244465	0.238211	0.252273	0.270294	0.278959	0.279937	0.279937	
0.224933	0.281298	0.324079	0.361859	0.39875	0.446036	0.510746	0.580393	0.652984	0.736902	0.828094	0.900267	0.933021	0.916254	0.849674	0.742026	0.624835	0.520649	0.420411	0.328196	0.242756	0.188356	0.176133	0.221048	0.32456	0.456803	0.605326	0.765749	0.918522	1.05336	1.18233	1.29948	1.36714	1.36739	1.31092	1.21323	1.085	0.930815	0.766952	0.611899	0.484407	0.384516	0.310929	0.269374	0.257209	0.266908	0.280289	0.283725	0.28308	0.28308	
0.231732	0.324079	0.41464	0.500764	0.579133	0.649134	0.724962	0.797379	0.86602	0.930928	0.981854	1.00802	0.991547	0.927094	0.814908	0.66999	0.523376	0.394349	0.281952	0.186647	0.107935	0.0633295	0.0643679	0.124924	0.246648	0.402086	0.574477	0.751289	0.913416	1.05751	1.19146	1.30853	1.38171	1.39476	1.3484	1.25007	1.11641	0.961105	0.792809	0.637533	0.50505	0.396817	0.314619	0.261919	0.24275	0.240394	0.2529	0.267212	0.278012	0.278012	
0.232668	0.361859	0.500764	0.640911	0.763555	0.862376	0.942917	1.00724	1.05873	1.09917	1.10948	1.08191	1.00919	0.897041	0.745184	0.573297	0.411411	0.263205	0.144484	0.050451	-0.026455	-0.064376	-0.0533266	0.0133561	0.139428	0.308362	0.498689	0.688859	0.864829	1.02129	1.15971	1.27694	1.35607	1.39169	1.36836	1.28402	1.15342	0.99438	0.823109	0.659438	0.516966	0.391166	0.293348	0.2283	0.193834	0.183218	0.194947	0.225647	0.250366	0.250366	
0.237665	0.39875	0.579133	0.763555	0.929643	1.05751	1.1417	1.18932	1.22081	1.22682	1.19159	1.11032	0.989022	0.830235	0.647163	0.465547	0.300562	0.147669	0.0243506	-0.0728306	-0.150169	-0.182268	-0.164142	-0.0974714	0.0228804	0.190962	0.386698	0.584776	0.769267	0.938591	1.08394	1.20215	1.29136	1.34749	1.35436	1.29833	1.18018	1.02554	0.852401	0.681226	0.520795	0.371032	0.253121	0.172908	0.132434	0.121244	0.138437	0.176133	0.205858	0.205858	
0.262295	0.446036	0.649134	0.862376	1.05751	1.20363	1.29199	1.32924	1.33354	1.2958	1.21273	1.08875	0.925602	0.730558	0.528237	0.350879	0.198011	0.0525193	-0.0657022	-0.160555	-0.234465	-0.266696	-0.250208	-0.192974	-0.0899518	0.0636387	0.251013	0.444941	0.632513	0.809081	0.96492	1.09602	1.19431	1.26735	1.29621	1.26858	1.17485	1.03696	0.875301	0.7006	0.52359	0.35116	0.215736	0.124896	0.0816372	0.0725591	0.0890219	0.118217	0.140324	0.140324	
0.313373	0.510746	0.724962	0.942917	1.1417	1.29199	1.38232	1.40756	1.37443	1.2872	1.16213	1.00208	0.81351	0.601487	0.403071	0.239508	0.104328	-0.0151133	-0.115383	-0.193897	-0.262676	-0.302423	-0.3001	-0.260775	-0.180283	-0.0532999	0.110099	0.28511	0.458305	0.636929	0.805256	0.956463	1.07201	1.15791	1.20539	1.2019	1.14309	1.03343	0.889702	0.714227	0.52305	0.336461	0.190813	0.0935509	0.0437571	0.0316311	0.0394995	0.0581102	0.0697036	0.0697036	
0.377709	0.580393	0.797379	1.00724	1.18932	1.32924	1.40756	1.40433	1.3308	1.2033	1.04268	0.855637	0.6597	0.456567	0.272148	0.128915	0.0196355	-0.0647586	-0.132895	-0.192831	-0.255628	-0.305162	-0.321749	-0.300121	-0.240176	-0.143113	-0.0147874	0.12651	0.275413	0.447081	0.626247	0.79075	0.924363	1.02944	1.09438	1.11848	1.09513	1.01593	0.888078	0.716684	0.523631	0.336601	0.187135	0.0803365	0.0161486	-0.011108	-0.0126359	-0.00396417	0.00259977	0.00259977	
0.452277	0.652984	0.86602	1.05873	1.22081	1.33354	1.37443	1.3308	1.22235	1.06611	0.876988	0.677784	0.485686	0.299741	0.138361	0.021036	-0.0547812	-0.0988359	-0.138493	-0.179729	-0.234018	-0.290519	-0.323845	-0.320405	-0.285505	-0.222109	-0.131453	-0.0274685	0.0985885	0.263753	0.442548	0.609515	0.760393	0.889189	0.979243	1.02936	1.03539	0.981034	0.868263	0.712354	0.535421	0.357802	0.203059	0.0809851	-0.00508123	-0.0493495	-0.0603501	-0.0602736	-0.0575772	-0.0575772	
0.551692	0.736902	0.930928	1.09917	1.22682	1.2958	1.2872	1.2033	1.06611	0.892436	0.689399	0.489034	0.307146	0.140994	0.00876153	-0.0738016	-0.11196	-0.124118	-0.137693	-0.163517	-0.209476	-0.265795	-0.310262	-0.330658	-0.326652	-0.296299	-0.242212	-0.169022	-0.0650261	0.0843705	0.251968	0.416503	0.587466	0.749697	0.871859	0.945547	0.976523	0.942889	0.848081	0.717176	0.558278	0.387654	0.223448	0.0811564	-0.0218969	-0.0780434	-0.0982411	-0.104439	-0.109012	-0.109012	
0.674875	0.828094	0.981854	1.10948	1.19159	1.21273	1.16213	1.04268	0.876988	0.689399	0.480923	0.290295	0.128261	-0.00790934	-0.10518	-0.150949	-0.159091	-0.14681	-0.137902	-0.150343	-0.184276	-0.232386	-0.285206	-0.333317	-0.364099	-0.370304	-0.349157	-0.303026	-0.221892	-0.0926737	0.0678201	0.237172	0.43512	0.629503	0.777193	0.874422	0.923331	0.91474	0.846258	0.735927	0.589464	0.418502	0.242282	0.0863026	-0.0324165	-0.101519	-0.132027	-0.149009	-0.157911	-0.157911	
0.782601	0.900267	1.00802	1.08191	1.11032	1.08875	1.00208	0.855637	0.677784	0.489034	0.290295	0.120996	-0.0128984	-0.121373	-0.188784	-0.210457	-0.200127	-0.174983	-0.151969	-0.15534	-0.176422	-0.21795	-0.275502	-0.336557	-0.39265	-0.426591	-0.434094	-0.41407	-0.355948	-0.246899	-0.0929379	0.088357	0.301237	0.512143	0.681882	0.799949	0.873407	0.895262	0.852239	0.756127	0.611524	0.43732	0.258955	0.0968125	-0.0312598	-0.112126	-0.154179	-0.172762	-0.180214	-0.180214	
0.849528	0.933021	0.991547	1.00919	0.989022	0.925602	0.81351	0.6597	0.485686	0.307146	0.128261	-0.0128984	-0.116425	-0.193457	-0.235608	-0.23892	-0.222891	-0.203141	-0.179523	-0.175035	-0.188558	-0.223777	-0.273095	-0.331502	-0.397175	-0.459358	-0.501172	-0.506745	-0.471239	-0.377739	-0.222007	-0.0328342	0.182201	0.397836	0.581698	0.723071	0.820965	0.867541	0.8449	0.758916	0.618281	0.450287	0.278282	0.118616	-0.0120941	-0.104342	-0.154435	-0.172009	-0.173891	-0.173891	
0.871418	0.916254	0.927094	0.897041	0.830235	0.730558	0.601487	0.456567	0.299741	0.140994	-0.00790934	-0.121373	-0.193457	-0.240641	-0.251794	-0.235082	-0.217642	-0.203876	-0.184463	-0.175206	-0.18516	-0.217037	-0.256967	-0.307193	-0.382141	-0.472338	-0.544497	-0.575642	-0.561724	-0.480614	-0.331547	-0.143775	0.065663	0.279713	0.476979	0.639952	0.759752	0.822856	0.816174	0.741287	0.615142	0.456956	0.291928	0.141178	0.0134517	-0.0769469	-0.130705	-0.145983	-0.145284	-0.145284	
0.849418	0.849674	0.814908	0.745184	0.647163	0.528237	0.403071	0.272148	0.138361	0.00876153	-0.10518	-0.188784	-0.235608	-0.251794	-0.234373	-0.20023	-0.179347	-0.17284	-0.162598	-0.157843	-0.167153	-0.195399	-0.227778	-0.273982	-0.356915	-0.460752	-0.550476	-0.603392	-0.608405	-0.548096	-0.421175	-0.249203	-0.0520815	0.156476	0.356604	0.533827	0.669926	0.748293	0.757794	0.705174	0.600318	0.455031	0.298159	0.15722	0.0453863	-0.03533	-0.0824172	-0.0996128	-0.100369	-0.100369	
0.788656	0.742026	0.66999	0.573297	0.465547	0.350879	0.239508	0.128915	0.021036	-0.0738016	-0.150949	-0.210457	-0.23892	-0.235082	-0.20023	-0.15536	-0.130521	-0.129036	-0.138002	-0.147175	-0.164385	-0.187282	-0.211302	-0.255387	-0.332146	-0.429418	-0.523873	-0.587489	-0.608526	-0.572952	-0.478096	-0.331881	-0.151246	0.0419633	0.232758	0.411407	0.560339	0.651586	0.681181	0.654837	0.572351	0.443684	0.297862	0.169699	0.0746748	0.00871676	-0.031123	-0.0483051	-0.0541777	-0.0541777	
0.708545	0.624835	0.523376	0.411411	0.300562	0.198011	0.104328	0.0196355	-0.0547812	-0.11196	-0.159091	-0.200127	-0.222891	-0.217642	-0.179347	-0.130521	-0.0973184	-0.0896302	-0.111121	-0.142905	-0.172636	-0.195582	-0.219716	-0.259358	-0.320262	-0.401901	-0.486237	-0.550028	-0.577044	-0.559188	-0.497054	-0.37781	-0.220609	-0.0521919	0.122993	0.300592	0.456197	0.559407	0.607217	0.596603	0.531451	0.41636	0.282865	0.169307	0.0863739	0.0384113	0.0139173	0.00418184	0.00121378	0.00121378	
0.626956	0.520649	0.394349	0.263205	0.147669	0.0525193	-0.0151133	-0.0647586	-0.0988359	-0.124118	-0.14681	-0.174983	-0.203141	-0.203876	-0.17284	-0.129036	-0.0896302	-0.075898	-0.105036	-0.154919	-0.195352	-0.222022	-0.247537	-0.277948	-0.31881	-0.378382	-0.451882	-0.508532	-0.534282	-0.531969	-0.487916	-0.393739	-0.263719	-0.120982	0.0378999	0.210381	0.36414	0.47533	0.533255	0.539369	0.486765	0.39023	0.275807	0.169727	0.098225	0.0584697	0.0474009	0.0480324	0.0501273	0.0501273	
0.544435	0.420411	0.281952	0.144484	0.0243506	-0.0657022	-0.115383	-0.132895	-0.138493	-0.137693	-0.137902	-0.151969	-0.179523	-0.184463	-0.162598	-0.138002	-0.111121	-0.105036	-0.140042	-0.192753	-0.234924	-0.264696	-0.289102	-0.303537	-0.318751	-0.357212	-0.414758	-0.463625	-0.493058	-0.500571	-0.47522	-0.400566	-0.295567	-0.17188	-0.0206995	0.146366	0.297994	0.411151	0.479897	0.493233	0.453881	0.371387	0.269056	0.173845	0.105116	0.0741895	0.0715437	0.0829728	0.0928268	0.0928268	
0.458011	0.328196	0.186647	0.050451	-0.0728306	-0.160555	-0.193897	-0.192831	-0.179729	-0.163517	-0.150343	-0.15534	-0.175035	-0.175206	-0.157843	-0.147175	-0.142905	-0.154919	-0.192753	-0.243999	-0.285295	-0.311342	-0.323599	-0.314914	-0.303321	-0.32271	-0.370303	-0.417221	-0.454055	-0.474892	-0.46214	-0.403256	-0.308708	-0.190633	-0.0436578	0.120149	0.2668	0.379949	0.448167	0.465447	0.430071	0.353741	0.260278	0.170938	0.108324	0.0773263	0.0761299	0.0938508	0.108491	0.108491	
0.367815	0.242756	0.107935	-0.026455	-0.150169	-0.234465	-0.262676	-0.255628	-0.234018	-0.209476	-0.184276	-0.176422	-0.188558	-0.18516	-0.167153	-0.164385	-0.172636	-0.195352	-0.234924	-0.285295	-0.318977	-0.330836	-0.32215	-0.29028	-0.260886	-0.267008	-0.31229	-0.364074	-0.404954	-0.435476	-0.43661	-0.384879	-0.29361	-0.176542	-0.0355042	0.121922	0.263711	0.371268	0.432624	0.442009	0.402117	0.321299	0.230797	0.150259	0.092906	0.0624342	0.0599898	0.0801195	0.0981055	0.0981055	
0.299642	0.188356	0.0633295	-0.064376	-0.182268	-0.266696	-0.302423	-0.305162	-0.290519	-0.265795	-0.232386	-0.21795	-0.223777	-0.217037	-0.195399	-0.187282	-0.195582	-0.222022	-0.264696	-0.311342	-0.330836	-0.318979	-0.289842	-0.24342	-0.200799	-0.203403	-0.254251	-0.309595	-0.352576	-0.386925	-0.395247	-0.344612	-0.250281	-0.133557	0.00100709	0.149379	0.284808	0.383416	0.435041	0.429987	0.374845	0.282713	0.186598	0.108245	0.0523503	0.0204657	0.0147014	0.0313755	0.0472953	0.0472953	
0.270517	0.176133	0.0643679	-0.0533266	-0.164142	-0.250208	-0.3001	-0.321749	-0.323845	-0.310262	-0.285206	-0.275502	-0.273095	-0.256967	-0.227778	-0.211302	-0.219716	-0.247537	-0.289102	-0.323599	-0.32215	-0.289842	-0.244563	-0.187043	-0.137784	-0.1397	-0.192197	-0.248429	-0.293359	-0.332094	-0.343099	-0.295881	-0.204172	-0.0894024	0.0426227	0.183715	0.31263	0.407916	0.452302	0.43403	0.360504	0.252439	0.141849	0.0502327	-0.0121181	-0.0462566	-0.0565675	-0.0472073	-0.0391054	-0.0391054	
0.292926	0.221048	0.124924	0.0133561	-0.0974714	-0.192974	-0.260775	-0.300121	-0.320405	-0.330658	-0.333317	-0.336557	-0.331502	-0.307193	-0.273982	-0.255387	-0.259358	-0.277948	-0.303537	-0.314914	-0.29028	-0.24342	-0.187043	-0.127242	-0.0878225	-0.0941665	-0.142625	-0.199635	-0.245985	-0.280383	-0.28511	-0.242328	-0.160493	-0.0486164	0.0829244	0.219538	0.343105	0.437984	0.48009	0.450851	0.366907	0.246628	0.113585	-0.00294611	-0.0865899	-0.131922	-0.151152	-0.157628	-0.158926	-0.158926	
0.371004	0.32456	0.246648	0.139428	0.0228804	-0.0899518	-0.180283	-0.240176	-0.285505	-0.326652	-0.364099	-0.39265	-0.397175	-0.382141	-0.356915	-0.332146	-0.320262	-0.31881	-0.318751	-0.303321	-0.260886	-0.200799	-0.137784	-0.0878225	-0.0657974	-0.0794595	-0.128376	-0.185518	-0.22943	-0.246501	-0.231021	-0.186197	-0.10725	0.00485723	0.138904	0.27181	0.394859	0.48553	0.517962	0.481829	0.389417	0.26251	0.109024	-0.0391785	-0.151845	-0.222405	-0.262439	-0.285387	-0.297595	-0.297595	
0.476645	0.456803	0.402086	0.308362	0.190962	0.0636387	-0.0532999	-0.143113	-0.222109	-0.296299	-0.370304	-0.426591	-0.459358	-0.472338	-0.460752	-0.429418	-0.401901	-0.378382	-0.357212	-0.32271	-0.267008	-0.203403	-0.1397	-0.0941665	-0.0794595	-0.0960137	-0.139297	-0.19191	-0.225422	-0.224536	-0.191833	-0.137747	-0.0490884	0.0656313	0.199982	0.336233	0.459393	0.545264	0.567	0.523724	0.427915	0.29373	0.125127	-0.0440592	-0.188275	-0.291083	-0.358062	-0.399848	-0.419077	-0.419077	
0.602612	0.605326	0.574477	0.498689	0.386698	0.251013	0.110099	-0.0147874	-0.131453	-0.242212	-0.349157	-0.434094	-0.501172	-0.544497	-0.550476	-0.523873	-0.486237	-0.451882	-0.414758	-0.370303	-0.31229	-0.254251	-0.192197	-0.142625	-0.128376	-0.139297	-0.169341	-0.2039	-0.224096	-0.219625	-0.179101	-0.110209	-0.00586349	0.117587	0.254237	0.394182	0.519475	0.602254	0.623333	0.586049	0.490309	0.350561	0.17441	-0.00919278	-0.179329	-0.318339	-0.419421	-0.484678	-0.515222	-0.515222	
0.749148	0.765749	0.751289	0.688859	0.584776	0.444941	0.28511	0.12651	-0.0274685	-0.169022	-0.303026	-0.41407	-0.506745	-0.575642	-0.603392	-0.587489	-0.550028	-0.508532	-0.463625	-0.417221	-0.364074	-0.309595	-0.248429	-0.199635	-0.185518	-0.19191	-0.2039	-0.218451	-0.235034	-0.233047	-0.19085	-0.113935	0.00680557	0.146607	0.297975	0.446154	0.573158	0.658744	0.689969	0.664904	0.570327	0.425293	0.240952	0.0454087	-0.144172	-0.310498	-0.439283	-0.527511	-0.570418	-0.570418	
0.893414	0.918522	0.913416	0.864829	0.769267	0.632513	0.458305	0.275413	0.0985885	-0.0650261	-0.221892	-0.355948	-0.471239	-0.561724	-0.608405	-0.608526	-0.577044	-0.534282	-0.493058	-0.454055	-0.404954	-0.352576	-0.293359	-0.245985	-0.22943	-0.225422	-0.224096	-0.235034	-0.248812	-0.241417	-0.198402	-0.123552	0.000511653	0.158183	0.329859	0.48925	0.621204	0.7164	0.759836	0.741514	0.650026	0.500045	0.308567	0.100994	-0.105148	-0.285172	-0.431012	-0.531864	-0.582605	-0.582605	
1.02078	1.05336	1.05751	1.02129	0.938591	0.809081	0.636929	0.447081	0.263753	0.0843705	-0.0926737	-0.246899	-0.377739	-0.480614	-0.548096	-0.572952	-0.559188	-0.531969	-0.500571	-0.474892	-0.435476	-0.386925	-0.332094	-0.280383	-0.246501	-0.224536	-0.219625	-0.233047	-0.241417	-0.222477	-0.177134	-0.112265	-0.000301655	0.159693	0.335855	0.504227	0.649857	0.758624	0.810998	0.793331	0.700743	0.551265	0.359178	0.145117	-0.0659308	-0.252335	-0.399119	-0.499239	-0.547835	-0.547835	
1.13792	1.18233	1.19146	1.15971	1.08394	0.96492	0.805256	0.626247	0.442548	0.251968	0.0678201	-0.0929379	-0.222007	-0.331547	-0.421175	-0.478096	-0.497054	-0.487916	-0.47522	-0.46214	-0.43661	-0.395247	-0.343099	-0.28511	-0.231021	-0.191833	-0.179101	-0.19085	-0.198402	-0.177134	-0.135122	-0.0766341	0.0193186	0.157062	0.32231	0.493585	0.653665	0.775357	0.832153	0.810183	0.713	0.562354	0.376474	0.171565	-0.034028	-0.215031	-0.35619	-0.448104	-0.491583	-0.491583	
1.24731	1.29948	1.30853	1.27694	1.20215	1.09602	0.956463	0.79075	0.609515	0.416503	0.237172	0.088357	-0.0328342	-0.143775	-0.249203	-0.331881	-0.37781	-0.393739	-0.400566	-0.403256	-0.384879	-0.344612	-0.295881	-0.242328	-0.186197	-0.137747	-0.110209	-0.113935	-0.123552	-0.112265	-0.0766341	-0.0185123	0.0577454	0.169284	0.313699	0.479016	0.637816	0.757666	0.815449	0.789526	0.68934	0.537175	0.361317	0.173244	-0.0154478	-0.183347	-0.317286	-0.407228	-0.452894	-0.452894	
1.31182	1.36714	1.38171	1.35607	1.29136	1.19431	1.07201	0.924363	0.760393	0.587466	0.43512	0.301237	0.182201	0.065663	-0.0520815	-0.151246	-0.220609	-0.263719	-0.295567	-0.308708	-0.29361	-0.250281	-0.204172	-0.160493	-0.10725	-0.0490884	-0.00586349	0.00680557	0.000511653	-0.000301655	0.0193186	0.0577454	0.109575	0.195964	0.320351	0.464785	0.598531	0.698214	0.745249	0.718948	0.623007	0.480785	0.317557	0.146425	-0.0172908	-0.165157	-0.286032	-0.378618	-0.430276	-0.430276	
1.31132	1.36739	1.39476	1.39169	1.34749	1.26735	1.15791	1.02944	0.889189	0.749697	0.629503	0.512143	0.397836	0.279713	0.156476	0.0419633	-0.0521919	-0.120982	-0.17188	-0.190633	-0.176542	-0.133557	-0.0894024	-0.0486164	0.00485723	0.0656313	0.117587	0.146607	0.158183	0.159693	0.157062	0.169284	0.195964	0.259188	0.356714	0.458604	0.545842	0.605411	0.628312	0.596559	0.518584	0.400495	0.256093	0.10183	-0.0444068	-0.170973	-0.280673	-0.368803	-0.421247	-0.421247	
1.25568	1.31092	1.3484	1.36836	1.35436	1.29621	1.20539	1.09438	0.979243	0.871859	0.777193	0.681882	0.581698	0.476979	0.356604	0.232758	0.122993	0.0378999	-0.0206995	-0.0436578	-0.0355042	0.00100709	0.0426227	0.0829244	0.138904	0.199982	0.254237	0.297975	0.329859	0.335855	0.32231	0.313699	0.320351	0.356714	0.409488	0.456195	0.483904	0.495878	0.486073	0.446378	0.384008	0.295476	0.177637	0.0411641	-0.0884049	-0.204109	-0.299212	-0.371912	-0.412007	-0.412007	
1.16412	1.21323	1.25007	1.28402	1.29833	1.26858	1.2019	1.11848	1.02936	0.945547	0.874422	0.799949	0.723071	0.639952	0.533827	0.411407	0.300592	0.210381	0.146366	0.120149	0.121922	0.149379	0.183715	0.219538	0.27181	0.336233	0.394182	0.446154	0.48925	0.504227	0.493585	0.479016	0.464785	0.458604	0.456195	0.437015	0.40424	0.372924	0.339543	0.295216	0.243266	0.178075	0.090137	-0.0187547	-0.132992	-0.239456	-0.32346	-0.378853	-0.404541	-0.404541	
1.04141	1.085	1.11641	1.15342	1.18018	1.17485	1.14309	1.09513	1.03539	0.976523	0.923331	0.873407	0.820965	0.759752	0.669926	0.560339	0.456197	0.36414	0.297994	0.2668	0.263711	0.284808	0.31263	0.343105	0.394859	0.459393	0.519475	0.573158	0.621204	0.649857	0.653665	0.637816	0.598531	0.545842	0.483904	0.40424	0.317831	0.251827	0.204278	0.157661	0.111056	0.0629553	0.00448604	-0.0722375	-0.162093	-0.253555	-0.328372	-0.377035	-0.399931	-0.399931	
0.888003	0.930815	0.961105	0.99438	1.02554	1.03696	1.03343	1.01593	0.981034	0.942889	0.91474	0.895262	0.867541	0.822856	0.748293	0.651586	0.559407	0.47533	0.411151	0.379949	0.371268	0.383416	0.407916	0.437984	0.48553	0.545264	0.602254	0.658744	0.7164	0.758624	0.775357	0.757666	0.698214	0.605411	0.495878	0.372924	0.251827	0.160631	0.0932162	0.0387279	-0.00556083	-0.0390249	-0.0712848	-0.116176	-0.17244	-0.237844	-0.300458	-0.349915	-0.377859	-0.377859	
0.725227	0.766952	0.792809	0.823109	0.852401	0.875301	0.889702	0.888078	0.868263	0.848081	0.846258	0.852239	0.8449	0.816174	0.757794	0.681181	0.607217	0.533255	0.479897	0.448167	0.432624	0.435041	0.452302	0.48009	0.517962	0.567	0.623333	0.689969	0.759836	0.810998	0.832153	0.815449	0.745249	0.628312	0.486073	0.339543	0.204278	0.0932162	0.00560376	-0.059402	-0.0945794	-0.106943	-0.112318	-0.1245	-0.148517	-0.188052	-0.239347	-0.289641	-0.319979	-0.319979	
0.569572	0.611899	0.637533	0.659438	0.681226	0.7006	0.714227	0.716684	0.712354	0.717176	0.735927	0.756127	0.758916	0.741287	0.705174	0.654837	0.596603	0.539369	0.493233	0.465447	0.442009	0.429987	0.43403	0.450851	0.481829	0.523724	0.586049	0.664904	0.741514	0.793331	0.810183	0.789526	0.718948	0.596559	0.446378	0.295216	0.157661	0.0387279	-0.059402	-0.123052	-0.144452	-0.132794	-0.107932	-0.0896486	-0.0857202	-0.105183	-0.144736	-0.186204	-0.212079	-0.212079	
0.43907	0.484407	0.50505	0.516966	0.520795	0.52359	0.52305	0.523631	0.535421	0.558278	0.589464	0.611524	0.618281	0.615142	0.600318	0.572351	0.531451	0.486765	0.453881	0.430071	0.402117	0.374845	0.360504	0.366907	0.389417	0.427915	0.490309	0.570327	0.650026	0.700743	0.713	0.68934	0.623007	0.518584	0.384008	0.243266	0.111056	-0.00556083	-0.0945794	-0.144452	-0.148064	-0.116286	-0.066956	-0.0238097	0.000111328	-0.00189197	-0.0247523	-0.0548107	-0.0734971	-0.0734971	
0.342194	0.384516	0.396817	0.391166	0.371032	0.35116	0.336461	0.336601	0.357802	0.387654	0.418502	0.43732	0.450287	0.456956	0.455031	0.443684	0.41636	0.39023	0.371387	0.353741	0.321299	0.282713	0.252439	0.246628	0.26251	0.29373	0.350561	0.425293	0.500045	0.551265	0.562354	0.537175	0.480785	0.400495	0.295476	0.178075	0.0629553	-0.0390249	-0.106943	-0.132794	-0.116286	-0.0684349	-0.00541486	0.0520146	0.0913436	0.107819	0.103045	0.083195	0.0676658	0.0676658	
0.278822	0.310929	0.314619	0.293348	0.253121	0.215736	0.190813	0.187135	0.203059	0.223448	0.242282	0.258955	0.278282	0.291928	0.298159	0.297862	0.282865	0.275807	0.269056	0.260278	0.230797	0.186598	0.141849	0.113585	0.109024	0.125127	0.17441	0.240952	0.308567	0.359178	0.376474	0.361317	0.317557	0.256093	0.177637	0.090137	0.00448604	-0.0712848	-0.112318	-0.107932	-0.066956	-0.00541486	0.0645344	0.128162	0.177729	0.207098	0.213516	0.202254	0.190014	0.190014	
0.244465	0.269374	0.261919	0.2283	0.172908	0.124896	0.0935509	0.0803365	0.0809851	0.0811564	0.0863026	0.0968125	0.118616	0.141178	0.15722	0.169699	0.169307	0.169727	0.173845	0.170938	0.150259	0.108245	0.0502327	-0.00294611	-0.0391785	-0.0440592	-0.00919278	0.0454087	0.100994	0.145117	0.171565	0.173244	0.146425	0.10183	0.0411641	-0.0187547	-0.0722375	-0.116176	-0.1245	-0.0896486	-0.0238097	0.0520146	0.128162	0.197257	0.24888	0.276543	0.285164	0.280278	0.277131	0.277131	
0.238211	0.257209	0.24275	0.193834	0.132434	0.0816372	0.0437571	0.0161486	-0.00508123	-0.0218969	-0.0324165	-0.0312598	-0.0120941	0.0134517	0.0453863	0.0746748	0.0863739	0.098225	0.105116	0.108324	0.092906	0.0523503	-0.0121181	-0.0865899	-0.151845	-0.188275	-0.179329	-0.144172	-0.105148	-0.0659308	-0.034028	-0.0154478	-0.0172908	-0.0444068	-0.0884049	-0.132992	-0.162093	-0.17244	-0.148517	-0.0857202	0.000111328	0.0913436	0.177729	0.24888	0.291251	0.305425	0.304481	0.302965	0.304734	0.304734	
0.252273	0.266908	0.240394	0.183218	0.121244	0.0725591	0.0316311	-0.011108	-0.0493495	-0.0780434	-0.101519	-0.112126	-0.104342	-0.0769469	-0.03533	0.00871676	0.0384113	0.0584697	0.0741895	0.0773263	0.0624342	0.0204657	-0.0462566	-0.131922	-0.222405	-0.291083	-0.318339	-0.310498	-0.285172	-0.252335	-0.215031	-0.183347	-0.165157	-0.170973	-0.204109	-0.239456	-0.253555	-0.237844	-0.188052	-0.105183	-0.00189197	0.107819	0.207098	0.276543	0.305425	0.301509	0.285917	0.273429	0.267778	0.267778	
0.270294	0.280289	0.2529	0.194947	0.138437	0.0890219	0.0394995	-0.0126359	-0.0603501	-0.0982411	-0.132027	-0.154179	-0.154435	-0.130705	-0.0824172	-0.031123	0.0139173	0.0474009	0.0715437	0.0761299	0.0599898	0.0147014	-0.0565675	-0.151152	-0.262439	-0.358062	-0.419421	-0.439283	-0.431012	-0.399119	-0.35619	-0.317286	-0.286032	-0.280673	-0.299212	-0.32346	-0.328372	-0.300458	-0.239347	-0.144736	-0.0247523	0.103045	0.213516	0.285164	0.304481	0.285917	0.247859	0.20896	0.183605	0.183605	
0.278959	0.283725	0.267212	0.225647	0.176133	0.118217	0.0581102	-0.00396417	-0.0602736	-0.104439	-0.149009	-0.172762	-0.172009	-0.145983	-0.0996128	-0.0483051	0.00418184	0.0480324	0.0829728	0.0938508	0.0801195	0.0313755	-0.0472073	-0.157628	-0.285387	-0.399848	-0.484678	-0.527511	-0.531864	-0.499239	-0.448104	-0.407228	-0.378618	-0.368803	-0.371912	-0.378853	-0.377035	-0.349915	-0.289641	-0.186204	-0.0548107	0.083195	0.202254	0.280278	0.302965	0.273429	0.20896	0.14171	0.0956217	0.0956217	
0.279937	0.28308	0.278012	0.250366	0.205858	0.140324	0.0697036	0.00259977	-0.0575772	-0.109012	-0.157911	-0.180214	-0.173891	-0.145284	-0.100369	-0.0541777	0.00121378	0.0501273	0.0928268	0.108491	0.0981055	0.0472953	-0.0391054	-0.158926	-0.297595	-0.419077	-0.515222	-0.570418	-0.582605	-0.547835	-0.491583	-0.452894	-0.430276	-0.421247	-0.412007	-0.404541	-0.399931	-0.377859	-0.319979	-0.212079	-0.0734971	0.0676658	0.190014	0.277131	0.304734	0.267778	0.183605	0.0956217	0.038285	0.038285	
0.279937	0.28308	0.278012	0.250366	0.205858	0.140324	0.0697036	0.00259977	-0.0575772	-0.109012	-0.157911	-0.180214	-0.173891	-0.145284	-0.100369	-0.0541777	0.00121378	0.0501273	0.0928268	0.108491	0.0981055	0.0472953	-0.0391054	-0.158926	-0.297595	-0.419077	-0.515222	-0.570418	-0.582605	-0.547835	-0.491583	-0.452894	-0.430276	-0.421247	-0.412007	-0.404541	-0.399931	-0.377859	-0.319979	-0.212079	-0.0734971	0.0676658	0.190014	0.277131	0.304734	0.267778	0.183605	0.0956217	0.038285	0.038285	
