6.28058e-05	6.28058e-05	0.00381923	0.0721812	0.0263945	0.00127359	
6.28058e-05	6.28058e-05	0.00381923	0.0721812	0.0263945	0.00127359	
0.00381923	0.00381923	0.140951	1.354	0.553661	0.0481753	
0.0721812	0.0721812	1.354	1.56817	1.61495	0.486931	
0.0263945	0.0263945	0.553661	1.61495	0.988178	0.116838	
0.00127359	0.00127359	0.0481753	0.486931	0.116838	0.00747759	
