0.801353	0.801353	0.840195	0.884517	0.932236	0.98474	1.02087	1.01603	0.971012	0.887167	0.768575	0.603408	0.396203	0.166972	-0.055969	-0.235315	-0.327752	-0.316801	-0.230129	-0.10531	0.0284817	0.152785	0.243688	0.287444	0.281586	0.245968	0.203792	0.159252	0.122058	0.106166	0.117061	0.152633	0.195482	0.233018	0.248626	0.223267	0.155342	0.0780359	0.0124377	-0.0152673	-0.00614816	0.0362179	0.108526	0.200014	0.313261	0.460125	0.631357	0.797457	0.926978	1.0046	
0.801353	0.801353	0.840195	0.884517	0.932236	0.98474	1.02087	1.01603	0.971012	0.887167	0.768575	0.603408	0.396203	0.166972	-0.055969	-0.235315	-0.327752	-0.316801	-0.230129	-0.10531	0.0284817	0.152785	0.243688	0.287444	0.281586	0.245968	0.203792	0.159252	0.122058	0.106166	0.117061	0.152633	0.195482	0.233018	0.248626	0.223267	0.155342	0.0780359	0.0124377	-0.0152673	-0.00614816	0.0362179	0.108526	0.200014	0.313261	0.460125	0.631357	0.797457	0.926978	1.0046	
0.840195	0.840195	0.867518	0.906666	0.953771	1.00207	1.03766	1.04161	1.00773	0.929935	0.800226	0.611804	0.395746	0.17544	-0.0368949	-0.201853	-0.283459	-0.286555	-0.220018	-0.0978872	0.0387906	0.16611	0.263095	0.307203	0.299739	0.269699	0.230819	0.188249	0.154835	0.138523	0.142637	0.164874	0.193782	0.226879	0.24517	0.227186	0.173524	0.106446	0.0402128	0.00694262	0.0102293	0.0536066	0.1392	0.247387	0.366241	0.501834	0.658929	0.812293	0.927354	0.999678	
0.884517	0.884517	0.906666	0.938677	0.981969	1.03076	1.07012	1.08106	1.05806	0.983647	0.841476	0.63724	0.416826	0.200861	-0.000643881	-0.145826	-0.219947	-0.239642	-0.192412	-0.0752594	0.0614344	0.18899	0.288585	0.333818	0.329962	0.304353	0.269262	0.229249	0.198366	0.181849	0.177889	0.181298	0.191321	0.218105	0.239028	0.23127	0.195001	0.142741	0.0837977	0.051361	0.0555351	0.106393	0.206731	0.329995	0.446874	0.560587	0.690319	0.821166	0.916845	0.980877	
0.932236	0.932236	0.953771	0.981969	1.02481	1.07928	1.119	1.12934	1.10981	1.03347	0.883407	0.679955	0.462976	0.245906	0.0515039	-0.0860913	-0.162803	-0.187838	-0.144127	-0.0346847	0.0988112	0.225221	0.318317	0.366071	0.372974	0.356343	0.324222	0.285048	0.252973	0.235024	0.219325	0.200185	0.191789	0.207203	0.229084	0.234035	0.213749	0.179022	0.137365	0.117036	0.132859	0.196493	0.308746	0.4378	0.547929	0.641132	0.742249	0.837736	0.905662	0.950171	
0.98474	0.98474	1.00207	1.03076	1.07928	1.13647	1.17592	1.18265	1.15648	1.07435	0.928096	0.732964	0.517571	0.301262	0.107896	-0.0359718	-0.119314	-0.136968	-0.0889431	0.014485	0.141124	0.256997	0.342409	0.397123	0.420821	0.415642	0.392956	0.354695	0.314956	0.283612	0.251094	0.217948	0.198054	0.205112	0.227895	0.24075	0.230878	0.213872	0.196238	0.197873	0.231179	0.307352	0.424139	0.549635	0.650767	0.734811	0.81007	0.86804	0.900253	0.912076	
1.02087	1.02087	1.03766	1.07012	1.119	1.17592	1.22059	1.22727	1.18483	1.09647	0.96336	0.778149	0.563419	0.349301	0.152083	-0.00595916	-0.0906694	-0.0989488	-0.0472027	0.0511357	0.168138	0.273941	0.355627	0.418259	0.45595	0.468861	0.452322	0.409326	0.357296	0.306814	0.259948	0.223757	0.202947	0.204002	0.223966	0.2403	0.242166	0.243951	0.251204	0.280258	0.33415	0.422547	0.54488	0.663076	0.753198	0.817507	0.860212	0.878267	0.875779	0.853635	
1.01603	1.01603	1.04161	1.08106	1.12934	1.18265	1.22727	1.23175	1.18351	1.09548	0.972104	0.79747	0.587006	0.372944	0.170074	0.00954964	-0.0766905	-0.0874922	-0.0366141	0.0630995	0.176592	0.281608	0.373387	0.440436	0.478141	0.489863	0.47567	0.433203	0.373318	0.307868	0.252567	0.215133	0.190667	0.189008	0.205573	0.226396	0.245308	0.268683	0.301434	0.357333	0.435391	0.541465	0.667564	0.778988	0.85104	0.881122	0.879237	0.861561	0.826327	0.775514	
0.971012	0.971012	1.00773	1.05806	1.10981	1.15648	1.18483	1.18351	1.14752	1.07041	0.947696	0.777281	0.573784	0.355531	0.150005	-0.00852862	-0.097394	-0.115638	-0.0649014	0.0340467	0.149502	0.27092	0.378358	0.446987	0.474477	0.475878	0.452586	0.409267	0.351916	0.289613	0.233335	0.18752	0.15627	0.149485	0.167218	0.201015	0.242357	0.287998	0.342738	0.419365	0.522606	0.64669	0.774803	0.876691	0.925321	0.913506	0.871471	0.817211	0.751171	0.677104	
0.887167	0.887167	0.929935	0.983647	1.03347	1.07435	1.09647	1.09548	1.07041	1.0017	0.878754	0.711702	0.512458	0.292037	0.0836268	-0.0742888	-0.167668	-0.188398	-0.135376	-0.0361752	0.0850297	0.218729	0.337908	0.407835	0.428865	0.417193	0.387543	0.342371	0.284482	0.226135	0.173343	0.128144	0.100571	0.103541	0.132088	0.174342	0.226452	0.289762	0.364816	0.463573	0.591137	0.727127	0.844765	0.925592	0.943246	0.902811	0.831826	0.748565	0.653388	0.558103	
0.768575	0.768575	0.800226	0.841476	0.883407	0.928096	0.96336	0.972104	0.947696	0.878754	0.755452	0.586844	0.392204	0.180579	-0.0249582	-0.191196	-0.288942	-0.305573	-0.249198	-0.144928	-0.010742	0.133339	0.249735	0.317339	0.337295	0.324364	0.288617	0.235257	0.172776	0.114262	0.0658261	0.0311821	0.0238335	0.0446206	0.0862175	0.135094	0.193634	0.270476	0.368208	0.491748	0.63489	0.774364	0.881573	0.932833	0.921472	0.860541	0.767484	0.650172	0.526563	0.416157	
0.603408	0.603408	0.611804	0.63724	0.679955	0.732964	0.778149	0.79747	0.777281	0.711702	0.586844	0.414266	0.218992	0.0191219	-0.179499	-0.344704	-0.440442	-0.45586	-0.402796	-0.289298	-0.135847	0.0131411	0.124761	0.187208	0.202179	0.182923	0.145644	0.0900479	0.0246203	-0.0346991	-0.0759647	-0.0902371	-0.072413	-0.0291759	0.0253481	0.0840969	0.151694	0.244366	0.366054	0.508684	0.655322	0.78718	0.877237	0.89803	0.856418	0.776267	0.665454	0.526237	0.382471	0.270901	
0.396203	0.396203	0.395746	0.416826	0.462976	0.517571	0.563419	0.587006	0.573784	0.512458	0.392204	0.218992	0.0184375	-0.185192	-0.378577	-0.532794	-0.618297	-0.631859	-0.579878	-0.459478	-0.300942	-0.154196	-0.0450771	0.018111	0.0308678	0.00605135	-0.0403465	-0.0968367	-0.151507	-0.197886	-0.227099	-0.222491	-0.185681	-0.126151	-0.0509274	0.0330179	0.121757	0.225719	0.357319	0.500543	0.63821	0.753201	0.824964	0.825205	0.758275	0.651874	0.525581	0.379817	0.238507	0.135066	
0.166972	0.166972	0.17544	0.200861	0.245906	0.301262	0.349301	0.372944	0.355531	0.292037	0.180579	0.0191219	-0.185192	-0.401105	-0.590744	-0.729725	-0.806771	-0.819742	-0.758257	-0.634097	-0.484272	-0.349999	-0.241619	-0.176065	-0.161058	-0.190621	-0.244363	-0.296709	-0.337432	-0.366182	-0.376692	-0.358265	-0.310358	-0.228997	-0.12248	-0.00813653	0.107391	0.219968	0.342258	0.470741	0.59219	0.681941	0.72807	0.717586	0.639113	0.515244	0.372494	0.23088	0.105987	0.00759896	
-0.055969	-0.055969	-0.0368949	-0.000643881	0.0515039	0.107896	0.152083	0.170074	0.150005	0.0836268	-0.0249582	-0.179499	-0.378577	-0.590744	-0.769531	-0.902188	-0.983292	-0.993241	-0.920203	-0.798389	-0.6639	-0.53908	-0.435867	-0.372193	-0.354466	-0.383937	-0.440784	-0.489898	-0.518662	-0.527142	-0.51482	-0.483816	-0.420482	-0.317278	-0.183877	-0.0411547	0.101086	0.222782	0.334273	0.439011	0.528589	0.590495	0.60842	0.581697	0.505961	0.379791	0.225861	0.0863771	-0.0218128	-0.109901	
-0.235315	-0.235315	-0.201853	-0.145826	-0.0860913	-0.0359718	-0.00595916	0.00954964	-0.00852862	-0.0742888	-0.191196	-0.344704	-0.532794	-0.729725	-0.902188	-1.03537	-1.117	-1.12321	-1.05424	-0.946519	-0.822211	-0.703337	-0.612582	-0.559896	-0.541224	-0.559302	-0.601315	-0.646135	-0.673037	-0.671514	-0.638417	-0.5838	-0.49159	-0.364769	-0.21712	-0.0596303	0.0942064	0.22714	0.334447	0.408035	0.457697	0.485984	0.477196	0.430434	0.352594	0.231703	0.0888235	-0.0387423	-0.132903	-0.197351	
-0.327752	-0.327752	-0.283459	-0.219947	-0.162803	-0.119314	-0.0906694	-0.0766905	-0.097394	-0.167668	-0.288942	-0.440442	-0.618297	-0.806771	-0.983292	-1.117	-1.19183	-1.19236	-1.13891	-1.0524	-0.945157	-0.839509	-0.763365	-0.718689	-0.694723	-0.693853	-0.71611	-0.75189	-0.777322	-0.772523	-0.730309	-0.645359	-0.523644	-0.376291	-0.214606	-0.0469762	0.105096	0.234306	0.328979	0.368644	0.378559	0.374838	0.347172	0.287807	0.197686	0.0791819	-0.0422936	-0.144585	-0.216286	-0.249629	
-0.316801	-0.316801	-0.286555	-0.239642	-0.187838	-0.136968	-0.0989488	-0.0874922	-0.115638	-0.188398	-0.305573	-0.45586	-0.631859	-0.819742	-0.993241	-1.12321	-1.19236	-1.2024	-1.17003	-1.1069	-1.01692	-0.929579	-0.862523	-0.818252	-0.78959	-0.779835	-0.788723	-0.810087	-0.825863	-0.814522	-0.760837	-0.65582	-0.517767	-0.354809	-0.178889	-0.00743175	0.140294	0.247404	0.311666	0.325211	0.310572	0.273707	0.223483	0.152512	0.0507323	-0.0623261	-0.164809	-0.241305	-0.277657	-0.276958	
-0.230129	-0.230129	-0.220018	-0.192412	-0.144127	-0.0889431	-0.0472027	-0.0366141	-0.0649014	-0.135376	-0.249198	-0.402796	-0.579878	-0.758257	-0.920203	-1.05424	-1.13891	-1.17003	-1.15506	-1.11052	-1.03911	-0.9657	-0.89394	-0.843539	-0.820059	-0.816204	-0.818979	-0.821863	-0.817029	-0.785836	-0.71734	-0.605877	-0.462838	-0.296021	-0.117866	0.0498566	0.18719	0.262189	0.289733	0.283322	0.248933	0.190098	0.109309	0.0151888	-0.0862769	-0.184362	-0.271665	-0.323899	-0.323148	-0.284511	
-0.10531	-0.10531	-0.0978872	-0.0752594	-0.0346847	0.014485	0.0511357	0.0630995	0.0340467	-0.0361752	-0.144928	-0.289298	-0.459478	-0.634097	-0.798389	-0.946519	-1.0524	-1.1069	-1.11052	-1.07809	-1.01577	-0.944543	-0.871858	-0.823535	-0.805251	-0.800537	-0.791343	-0.776522	-0.747522	-0.700624	-0.61934	-0.505841	-0.360004	-0.199367	-0.0361063	0.11275	0.227891	0.275462	0.274716	0.24254	0.18723	0.107581	0.00290904	-0.114032	-0.213488	-0.295285	-0.355978	-0.379342	-0.348054	-0.279053	
0.0284817	0.0284817	0.0387906	0.0614344	0.0988112	0.141124	0.168138	0.176592	0.149502	0.0850297	-0.010742	-0.135847	-0.300942	-0.484272	-0.6639	-0.822211	-0.945157	-1.01692	-1.03911	-1.01577	-0.957256	-0.882812	-0.814781	-0.771769	-0.75131	-0.738183	-0.715468	-0.677764	-0.628112	-0.570306	-0.485143	-0.367611	-0.227724	-0.0794311	0.0594855	0.181443	0.266435	0.293805	0.275766	0.2185	0.133651	0.0290029	-0.0936595	-0.220688	-0.324408	-0.395753	-0.427463	-0.411727	-0.354139	-0.272922	
0.152785	0.152785	0.16611	0.18899	0.225221	0.256997	0.273941	0.281608	0.27092	0.218729	0.133339	0.0131411	-0.154196	-0.349999	-0.53908	-0.703337	-0.839509	-0.929579	-0.9657	-0.944543	-0.882812	-0.811274	-0.75104	-0.703019	-0.665055	-0.639559	-0.604674	-0.547573	-0.47955	-0.407053	-0.316575	-0.201453	-0.07577	0.0524668	0.162707	0.25262	0.304782	0.307233	0.274929	0.203542	0.0953753	-0.0349734	-0.174514	-0.304723	-0.409591	-0.473184	-0.484229	-0.437762	-0.356866	-0.269965	
0.243688	0.243688	0.263095	0.288585	0.318317	0.342409	0.355627	0.373387	0.378358	0.337908	0.249735	0.124761	-0.0450771	-0.241619	-0.435867	-0.612582	-0.763365	-0.862523	-0.89394	-0.871858	-0.814781	-0.75104	-0.682675	-0.614871	-0.554763	-0.511312	-0.463926	-0.397324	-0.315805	-0.223998	-0.128047	-0.0207286	0.0887496	0.191901	0.273024	0.329241	0.346509	0.321558	0.271426	0.189623	0.0718445	-0.0716187	-0.226478	-0.35938	-0.452489	-0.504749	-0.505561	-0.451714	-0.364325	-0.27236	
0.287444	0.287444	0.307203	0.333818	0.366071	0.397123	0.418259	0.440436	0.446987	0.407835	0.317339	0.187208	0.018111	-0.176065	-0.372193	-0.559896	-0.718689	-0.818252	-0.843539	-0.823535	-0.771769	-0.703019	-0.614871	-0.523451	-0.43958	-0.371466	-0.308307	-0.237022	-0.146381	-0.0465819	0.0524761	0.152331	0.246533	0.323949	0.379113	0.403295	0.392957	0.347814	0.274791	0.173865	0.05245	-0.0936617	-0.247868	-0.375895	-0.450541	-0.487613	-0.484955	-0.440507	-0.365939	-0.274365	
0.281586	0.281586	0.299739	0.329962	0.372974	0.420821	0.45595	0.478141	0.474477	0.428865	0.337295	0.202179	0.0308678	-0.161058	-0.354466	-0.541224	-0.694723	-0.78959	-0.820059	-0.805251	-0.75131	-0.665055	-0.554763	-0.43958	-0.33341	-0.238581	-0.152635	-0.0720067	0.0162005	0.107845	0.203461	0.299361	0.381695	0.440491	0.471002	0.469425	0.444856	0.38425	0.291116	0.173007	0.0452876	-0.100002	-0.240799	-0.352502	-0.415572	-0.440787	-0.439027	-0.405559	-0.342401	-0.261476	
0.245968	0.245968	0.269699	0.304353	0.356343	0.415642	0.468861	0.489863	0.475878	0.417193	0.324364	0.182923	0.00605135	-0.190621	-0.383937	-0.559302	-0.693853	-0.779835	-0.816204	-0.800537	-0.738183	-0.639559	-0.511312	-0.371466	-0.238581	-0.115682	-0.00624777	0.0839351	0.164429	0.242828	0.329623	0.420102	0.491323	0.53324	0.542831	0.52566	0.486282	0.412356	0.308262	0.18941	0.0559584	-0.0829376	-0.21094	-0.305091	-0.360062	-0.380927	-0.380621	-0.346866	-0.291128	-0.223347	
0.203792	0.203792	0.230819	0.269262	0.324222	0.392956	0.452322	0.47567	0.452586	0.387543	0.288617	0.145644	-0.0403465	-0.244363	-0.440784	-0.601315	-0.71611	-0.788723	-0.818979	-0.791343	-0.715468	-0.604674	-0.463926	-0.308307	-0.152635	-0.00624777	0.11991	0.216966	0.296016	0.367029	0.441525	0.516046	0.568587	0.594913	0.592322	0.56677	0.51392	0.427556	0.322444	0.210327	0.0777901	-0.0558661	-0.170396	-0.249351	-0.294995	-0.312644	-0.30527	-0.273383	-0.224992	-0.177401	
0.159252	0.159252	0.188249	0.229249	0.285048	0.354695	0.409326	0.433203	0.409267	0.342371	0.235257	0.0900479	-0.0968367	-0.296709	-0.489898	-0.646135	-0.75189	-0.810087	-0.821863	-0.776522	-0.677764	-0.547573	-0.397324	-0.237022	-0.0720067	0.0839351	0.216966	0.322185	0.402755	0.469458	0.531197	0.582636	0.61171	0.62627	0.620209	0.590268	0.52515	0.430811	0.323732	0.21311	0.087288	-0.0383612	-0.138221	-0.204284	-0.23729	-0.248007	-0.231759	-0.199744	-0.167473	-0.142771	
0.122058	0.122058	0.154835	0.198366	0.252973	0.314956	0.357296	0.373318	0.351916	0.284482	0.172776	0.0246203	-0.151507	-0.337432	-0.518662	-0.673037	-0.777322	-0.825863	-0.817029	-0.747522	-0.628112	-0.47955	-0.315805	-0.146381	0.0162005	0.164429	0.296016	0.402755	0.479825	0.538921	0.586278	0.617855	0.632143	0.633881	0.622319	0.590381	0.524067	0.419475	0.306942	0.192714	0.0743993	-0.0409276	-0.128579	-0.182934	-0.201987	-0.197618	-0.174239	-0.14954	-0.132278	-0.131465	
0.106166	0.106166	0.138523	0.181849	0.235024	0.283612	0.306814	0.307868	0.289613	0.226135	0.114262	-0.0346991	-0.197886	-0.366182	-0.527142	-0.671514	-0.772523	-0.814522	-0.785836	-0.700624	-0.570306	-0.407053	-0.223998	-0.0465819	0.107845	0.242828	0.367029	0.469458	0.538921	0.58139	0.611035	0.630993	0.637237	0.626889	0.610158	0.577803	0.507654	0.396758	0.268948	0.145799	0.0350216	-0.0691858	-0.151124	-0.192933	-0.195848	-0.177822	-0.154049	-0.137007	-0.138262	-0.152662	
0.117061	0.117061	0.142637	0.177889	0.219325	0.251094	0.259948	0.252567	0.233335	0.173343	0.0658261	-0.0759647	-0.227099	-0.376692	-0.51482	-0.638417	-0.730309	-0.760837	-0.71734	-0.61934	-0.485143	-0.316575	-0.128047	0.0524761	0.203461	0.329623	0.441525	0.531197	0.586278	0.611035	0.623661	0.635777	0.636951	0.621364	0.597169	0.553237	0.47077	0.348578	0.208402	0.0800718	-0.027293	-0.121752	-0.193757	-0.22518	-0.220859	-0.199312	-0.1803	-0.16982	-0.179109	-0.202594	
0.152633	0.152633	0.164874	0.181298	0.200185	0.217948	0.223757	0.215133	0.18752	0.128144	0.0311821	-0.0902371	-0.222491	-0.358265	-0.483816	-0.5838	-0.645359	-0.65582	-0.605877	-0.505841	-0.367611	-0.201453	-0.0207286	0.152331	0.299361	0.420102	0.516046	0.582636	0.617855	0.630993	0.635777	0.63929	0.63341	0.613496	0.576164	0.505115	0.399001	0.266576	0.124276	-0.00406126	-0.108583	-0.196383	-0.255096	-0.273341	-0.268091	-0.25367	-0.239119	-0.229683	-0.24155	-0.271411	
0.195482	0.195482	0.193782	0.191321	0.191789	0.198054	0.202947	0.190667	0.15627	0.100571	0.0238335	-0.072413	-0.185681	-0.310358	-0.420482	-0.49159	-0.523644	-0.517767	-0.462838	-0.360004	-0.227724	-0.07577	0.0887496	0.246533	0.381695	0.491323	0.568587	0.61171	0.632143	0.637237	0.636951	0.63341	0.620005	0.586975	0.528814	0.429935	0.300202	0.155984	0.0166059	-0.105773	-0.210216	-0.291711	-0.337905	-0.345468	-0.337769	-0.329397	-0.318546	-0.309956	-0.31767	-0.34685	
0.233018	0.233018	0.226879	0.218105	0.207203	0.205112	0.204002	0.189008	0.149485	0.103541	0.0446206	-0.0291759	-0.126151	-0.228997	-0.317278	-0.364769	-0.376291	-0.354809	-0.296021	-0.199367	-0.0794311	0.0524668	0.191901	0.323949	0.440491	0.53324	0.594913	0.62627	0.633881	0.626889	0.621364	0.613496	0.586975	0.532328	0.443972	0.319286	0.174879	0.0267317	-0.107318	-0.220034	-0.316948	-0.393072	-0.434268	-0.439048	-0.430306	-0.423284	-0.411279	-0.400426	-0.396911	-0.410634	
0.248626	0.248626	0.24517	0.239028	0.229084	0.227895	0.223966	0.205573	0.167218	0.132088	0.0862175	0.0253481	-0.0509274	-0.12248	-0.183877	-0.21712	-0.214606	-0.178889	-0.117866	-0.0361063	0.0594855	0.162707	0.273024	0.379113	0.471002	0.542831	0.592322	0.620209	0.622319	0.610158	0.597169	0.576164	0.528814	0.443972	0.320909	0.175424	0.0245717	-0.120625	-0.242028	-0.344263	-0.430896	-0.498869	-0.538947	-0.550762	-0.542568	-0.528369	-0.505728	-0.484541	-0.463634	-0.453417	
0.223267	0.223267	0.227186	0.23127	0.234035	0.24075	0.2403	0.226396	0.201015	0.174342	0.135094	0.0840969	0.0330179	-0.00813653	-0.0411547	-0.0596303	-0.0469762	-0.00743175	0.0498566	0.11275	0.181443	0.25262	0.329241	0.403295	0.469425	0.52566	0.56677	0.590268	0.590381	0.577803	0.553237	0.505115	0.429935	0.319286	0.175424	0.0134231	-0.145112	-0.287888	-0.396587	-0.483579	-0.550722	-0.601699	-0.635787	-0.65132	-0.645443	-0.621886	-0.586382	-0.553935	-0.51608	-0.481843	
0.155342	0.155342	0.173524	0.195001	0.213749	0.230878	0.242166	0.245308	0.242357	0.226452	0.193634	0.151694	0.121757	0.107391	0.101086	0.0942064	0.105096	0.140294	0.18719	0.227891	0.266435	0.304782	0.346509	0.392957	0.444856	0.486282	0.51392	0.52515	0.524067	0.507654	0.47077	0.399001	0.300202	0.174879	0.0245717	-0.145112	-0.317094	-0.465976	-0.56152	-0.624516	-0.663057	-0.691629	-0.711572	-0.721948	-0.71518	-0.683932	-0.639126	-0.591088	-0.537131	-0.486465	
0.0780359	0.0780359	0.106446	0.142741	0.179022	0.213872	0.243951	0.268683	0.287998	0.289762	0.270476	0.244366	0.225719	0.219968	0.222782	0.22714	0.234306	0.247404	0.262189	0.275462	0.293805	0.307233	0.321558	0.347814	0.38425	0.412356	0.427556	0.430811	0.419475	0.396758	0.348578	0.266576	0.155984	0.0267317	-0.120625	-0.287888	-0.465976	-0.617047	-0.703438	-0.743332	-0.759336	-0.763612	-0.762452	-0.753831	-0.739653	-0.706242	-0.65292	-0.582549	-0.514122	-0.458698	
0.0124377	0.0124377	0.0402128	0.0837977	0.137365	0.196238	0.251204	0.301434	0.342738	0.364816	0.368208	0.366054	0.357319	0.342258	0.334273	0.334447	0.328979	0.311666	0.289733	0.274716	0.275766	0.274929	0.271426	0.274791	0.291116	0.308262	0.322444	0.323732	0.306942	0.268948	0.208402	0.124276	0.0166059	-0.107318	-0.242028	-0.396587	-0.56152	-0.703438	-0.781278	-0.811777	-0.811915	-0.794569	-0.767491	-0.738828	-0.715919	-0.678247	-0.612309	-0.525261	-0.444808	-0.394969	
-0.0152673	-0.0152673	0.00694262	0.051361	0.117036	0.197873	0.280258	0.357333	0.419365	0.463573	0.491748	0.508684	0.500543	0.470741	0.439011	0.408035	0.368644	0.325211	0.283322	0.24254	0.2185	0.203542	0.189623	0.173865	0.173007	0.18941	0.210327	0.21311	0.192714	0.145799	0.0800718	-0.00406126	-0.105773	-0.220034	-0.344263	-0.483579	-0.624516	-0.743332	-0.811777	-0.831107	-0.811614	-0.770188	-0.72618	-0.687758	-0.646782	-0.592005	-0.513237	-0.418134	-0.339701	-0.299715	
-0.00614816	-0.00614816	0.0102293	0.0555351	0.132859	0.231179	0.33415	0.435391	0.522606	0.591137	0.63489	0.655322	0.63821	0.59219	0.528589	0.457697	0.378559	0.310572	0.248933	0.18723	0.133651	0.0953753	0.0718445	0.05245	0.0452876	0.0559584	0.0777901	0.087288	0.0743993	0.0350216	-0.027293	-0.108583	-0.210216	-0.316948	-0.430896	-0.550722	-0.663057	-0.759336	-0.811915	-0.811614	-0.766211	-0.702126	-0.65037	-0.603512	-0.541189	-0.467462	-0.38401	-0.29666	-0.227693	-0.196755	
0.0362179	0.0362179	0.0536066	0.106393	0.196493	0.307352	0.422547	0.541465	0.64669	0.727127	0.774364	0.78718	0.753201	0.681941	0.590495	0.485984	0.374838	0.273707	0.190098	0.107581	0.0290029	-0.0349734	-0.0716187	-0.0936617	-0.100002	-0.0829376	-0.0558661	-0.0383612	-0.0409276	-0.0691858	-0.121752	-0.196383	-0.291711	-0.393072	-0.498869	-0.601699	-0.691629	-0.763612	-0.794569	-0.770188	-0.702126	-0.62141	-0.552297	-0.487759	-0.412503	-0.339569	-0.263007	-0.189104	-0.137172	-0.120131	
0.108526	0.108526	0.1392	0.206731	0.308746	0.424139	0.54488	0.667564	0.774803	0.844765	0.881573	0.877237	0.824964	0.72807	0.60842	0.477196	0.347172	0.223483	0.109309	0.00290904	-0.0936595	-0.174514	-0.226478	-0.247868	-0.240799	-0.21094	-0.170396	-0.138221	-0.128579	-0.151124	-0.193757	-0.255096	-0.337905	-0.434268	-0.538947	-0.635787	-0.711572	-0.762452	-0.767491	-0.72618	-0.65037	-0.552297	-0.450284	-0.365113	-0.291492	-0.23057	-0.170072	-0.114491	-0.0830188	-0.084543	
0.200014	0.200014	0.247387	0.329995	0.4378	0.549635	0.663076	0.778988	0.876691	0.925592	0.932833	0.89803	0.825205	0.717586	0.581697	0.430434	0.287807	0.152512	0.0151888	-0.114032	-0.220688	-0.304723	-0.35938	-0.375895	-0.352502	-0.305091	-0.249351	-0.204284	-0.182934	-0.192933	-0.22518	-0.273341	-0.345468	-0.439048	-0.550762	-0.65132	-0.721948	-0.753831	-0.738828	-0.687758	-0.603512	-0.487759	-0.365113	-0.268426	-0.20211	-0.154184	-0.115865	-0.0873558	-0.0810435	-0.0908611	
0.313261	0.313261	0.366241	0.446874	0.547929	0.650767	0.753198	0.85104	0.925321	0.943246	0.921472	0.856418	0.758275	0.639113	0.505961	0.352594	0.197686	0.0507323	-0.0862769	-0.213488	-0.324408	-0.409591	-0.452489	-0.450541	-0.415572	-0.360062	-0.294995	-0.23729	-0.201987	-0.195848	-0.220859	-0.268091	-0.337769	-0.430306	-0.542568	-0.645443	-0.71518	-0.739653	-0.715919	-0.646782	-0.541189	-0.412503	-0.291492	-0.20211	-0.144156	-0.110265	-0.100472	-0.102073	-0.111312	-0.125683	
0.460125	0.460125	0.501834	0.560587	0.641132	0.734811	0.817507	0.881122	0.913506	0.902811	0.860541	0.776267	0.651874	0.515244	0.379791	0.231703	0.0791819	-0.0623261	-0.184362	-0.295285	-0.395753	-0.473184	-0.504749	-0.487613	-0.440787	-0.380927	-0.312644	-0.248007	-0.197618	-0.177822	-0.199312	-0.25367	-0.329397	-0.423284	-0.528369	-0.621886	-0.683932	-0.706242	-0.678247	-0.592005	-0.467462	-0.339569	-0.23057	-0.154184	-0.110265	-0.097103	-0.113734	-0.134248	-0.150954	-0.176592	
0.631357	0.631357	0.658929	0.690319	0.742249	0.81007	0.860212	0.879237	0.871471	0.831826	0.767484	0.665454	0.525581	0.372494	0.225861	0.0888235	-0.0422936	-0.164809	-0.271665	-0.355978	-0.427463	-0.484229	-0.505561	-0.484955	-0.439027	-0.380621	-0.30527	-0.231759	-0.174239	-0.154049	-0.1803	-0.239119	-0.318546	-0.411279	-0.505728	-0.586382	-0.639126	-0.65292	-0.612309	-0.513237	-0.38401	-0.263007	-0.170072	-0.115865	-0.100472	-0.113734	-0.142203	-0.164029	-0.184294	-0.2101	
0.797457	0.797457	0.812293	0.821166	0.837736	0.86804	0.878267	0.861561	0.817211	0.748565	0.650172	0.526237	0.379817	0.23088	0.0863771	-0.0387423	-0.144585	-0.241305	-0.323899	-0.379342	-0.411727	-0.437762	-0.451714	-0.440507	-0.405559	-0.346866	-0.273383	-0.199744	-0.14954	-0.137007	-0.16982	-0.229683	-0.309956	-0.400426	-0.484541	-0.553935	-0.591088	-0.582549	-0.525261	-0.418134	-0.29666	-0.189104	-0.114491	-0.0873558	-0.102073	-0.134248	-0.164029	-0.191159	-0.211757	-0.223972	
0.926978	0.926978	0.927354	0.916845	0.905662	0.900253	0.875779	0.826327	0.751171	0.653388	0.526563	0.382471	0.238507	0.105987	-0.0218128	-0.132903	-0.216286	-0.277657	-0.323148	-0.348054	-0.354139	-0.356866	-0.364325	-0.365939	-0.342401	-0.291128	-0.224992	-0.167473	-0.132278	-0.138262	-0.179109	-0.24155	-0.31767	-0.396911	-0.463634	-0.51608	-0.537131	-0.514122	-0.444808	-0.339701	-0.227693	-0.137172	-0.0830188	-0.0810435	-0.111312	-0.150954	-0.184294	-0.211757	-0.226409	-0.221616	
1.0046	1.0046	0.999678	0.980877	0.950171	0.912076	0.853635	0.775514	0.677104	0.558103	0.416157	0.270901	0.135066	0.00759896	-0.109901	-0.197351	-0.249629	-0.276958	-0.284511	-0.279053	-0.272922	-0.269965	-0.27236	-0.274365	-0.261476	-0.223347	-0.177401	-0.142771	-0.131465	-0.152662	-0.202594	-0.271411	-0.34685	-0.410634	-0.453417	-0.481843	-0.486465	-0.458698	-0.394969	-0.299715	-0.196755	-0.120131	-0.084543	-0.0908611	-0.125683	-0.176592	-0.2101	-0.223972	-0.221616	-0.196706	
