-0.150433	-0.00773967	0.170791	0.369492	0.549835	0.695719	0.791447	0.827459	0.819914	0.786524	0.733709	0.666518	0.600541	0.55556	0.532726	0.513663	0.48256	0.425904	0.338821	0.233178	0.11372	-0.0150759	-0.15103	-0.280607	-0.37866	-0.432533	-0.434266	-0.381748	-0.293824	-0.191386	-0.0911892	-0.0044192	0.0671882	0.115313	0.128587	0.101871	0.0439911	-0.040391	-0.148059	-0.275223	-0.403891	-0.501822	-0.565756	-0.596677	-0.602999	-0.594037	-0.576305	-0.569023	-0.567389	-0.567389	
-0.00773967	0.178561	0.378579	0.570575	0.725379	0.830014	0.879591	0.872653	0.82106	0.744007	0.650232	0.544344	0.449848	0.381761	0.342272	0.324354	0.30391	0.267663	0.204543	0.118519	0.0192493	-0.0959563	-0.219471	-0.328642	-0.407737	-0.444782	-0.430118	-0.372632	-0.274119	-0.156888	-0.0365194	0.0773671	0.166873	0.229839	0.250972	0.222601	0.150576	0.0422393	-0.0967674	-0.257114	-0.412037	-0.53085	-0.596389	-0.624707	-0.626646	-0.609577	-0.596523	-0.59339	-0.600951	-0.600951	
0.170791	0.378579	0.576742	0.741271	0.851976	0.905245	0.901623	0.845576	0.7523	0.643671	0.524645	0.400838	0.290539	0.212167	0.164503	0.146436	0.14319	0.130107	0.0935152	0.0316156	-0.0496963	-0.145183	-0.24717	-0.340603	-0.405888	-0.426287	-0.399821	-0.335589	-0.235346	-0.111195	0.0199327	0.137896	0.234536	0.307146	0.340122	0.318626	0.24698	0.129602	-0.032066	-0.220199	-0.401449	-0.535564	-0.609604	-0.639866	-0.641134	-0.631989	-0.633025	-0.647675	-0.669894	-0.669894	
0.369492	0.570575	0.741271	0.86017	0.908648	0.900399	0.839641	0.73436	0.60916	0.484468	0.356645	0.238017	0.141282	0.073464	0.0306421	0.0203529	0.0277825	0.0317471	0.0192029	-0.0186567	-0.0764895	-0.154258	-0.241522	-0.320284	-0.372272	-0.382769	-0.348979	-0.281381	-0.18144	-0.0670765	0.0523034	0.162892	0.254825	0.330403	0.375307	0.37218	0.312523	0.196353	0.0307243	-0.168538	-0.366026	-0.511767	-0.595163	-0.634686	-0.645738	-0.650459	-0.668781	-0.703031	-0.737535	-0.737535	
0.549835	0.725379	0.851976	0.908648	0.890745	0.819166	0.701446	0.558256	0.414704	0.281901	0.160221	0.0645403	-0.00136891	-0.0409565	-0.0589748	-0.0528107	-0.0289909	-0.00493012	0.00871382	-0.00612497	-0.0515441	-0.12055	-0.198358	-0.269334	-0.316821	-0.326693	-0.296173	-0.231115	-0.139258	-0.0389375	0.0643566	0.156566	0.237773	0.31355	0.363066	0.369073	0.323275	0.223165	0.066885	-0.125989	-0.317019	-0.466889	-0.556062	-0.60437	-0.630579	-0.649629	-0.684503	-0.732618	-0.774691	-0.774691	
0.695719	0.830014	0.905245	0.900399	0.819166	0.687736	0.523339	0.35555	0.208478	0.0838715	-0.0172481	-0.0838615	-0.117519	-0.125178	-0.112694	-0.0832052	-0.0407134	0.00841608	0.0446602	0.0454676	0.00881816	-0.0610543	-0.144879	-0.216959	-0.265192	-0.279288	-0.252349	-0.192355	-0.112407	-0.0232854	0.0627632	0.134556	0.201336	0.266487	0.318158	0.334812	0.29997	0.213079	0.0762034	-0.1018	-0.279641	-0.415293	-0.502799	-0.554136	-0.589882	-0.624364	-0.671959	-0.731986	-0.777967	-0.777967	
0.791447	0.879591	0.901623	0.839641	0.701446	0.523339	0.326824	0.150627	0.0173168	-0.0805528	-0.147867	-0.180875	-0.18133	-0.154726	-0.118177	-0.0776845	-0.0255958	0.0348712	0.0824577	0.100096	0.0717885	-0.00577229	-0.0976058	-0.169321	-0.212385	-0.223248	-0.201506	-0.151284	-0.0817436	-0.00998818	0.0485066	0.093615	0.142059	0.19694	0.24553	0.269636	0.251983	0.183655	0.0683066	-0.0856012	-0.23968	-0.360425	-0.443556	-0.494565	-0.540352	-0.585819	-0.637882	-0.701865	-0.745696	-0.745696	
0.827459	0.872653	0.845576	0.73436	0.558256	0.35555	0.150627	-0.0160524	-0.123003	-0.188987	-0.223211	-0.227143	-0.194423	-0.141829	-0.0939141	-0.0517061	-0.00183065	0.0586613	0.11322	0.1424	0.113732	0.032322	-0.0572029	-0.123036	-0.158207	-0.161856	-0.14212	-0.103353	-0.0488554	0.00655781	0.04451	0.0644597	0.0840445	0.117371	0.158829	0.185856	0.178679	0.132767	0.0464656	-0.0800027	-0.20336	-0.306259	-0.382949	-0.436262	-0.490553	-0.536394	-0.588139	-0.645764	-0.681369	-0.681369	
0.819914	0.82106	0.7523	0.60916	0.414704	0.208478	0.0173168	-0.123003	-0.200036	-0.237465	-0.246576	-0.225193	-0.170439	-0.105275	-0.0509268	-0.00438841	0.0392027	0.0923829	0.142148	0.165439	0.13469	0.059142	-0.0241318	-0.0813604	-0.101583	-0.0981803	-0.0882272	-0.0634131	-0.0218994	0.021494	0.0438651	0.0436275	0.0373853	0.0433689	0.0680743	0.0941823	0.104471	0.0800961	0.0227592	-0.0684116	-0.160083	-0.237955	-0.307051	-0.362121	-0.424982	-0.483695	-0.541616	-0.601777	-0.638035	-0.638035	
0.786524	0.744007	0.643671	0.484468	0.281901	0.0838715	-0.0805528	-0.188987	-0.237465	-0.249194	-0.232183	-0.190301	-0.126343	-0.0523285	0.0130085	0.0627122	0.0970977	0.139203	0.173713	0.180566	0.145762	0.0783449	0.00837591	-0.0323864	-0.0406556	-0.0395206	-0.0376164	-0.025628	0.000552443	0.0294503	0.0376921	0.0181425	-0.0117243	-0.0212649	-0.00756486	0.0185512	0.0430563	0.0393082	0.0108738	-0.0434349	-0.0982176	-0.15032	-0.210336	-0.274473	-0.354002	-0.431756	-0.510009	-0.582984	-0.626546	-0.626546	
0.733709	0.650232	0.524645	0.356645	0.160221	-0.0172481	-0.147867	-0.223211	-0.246576	-0.232183	-0.194452	-0.143787	-0.0751344	0.00672593	0.0812485	0.130693	0.163431	0.193545	0.207534	0.198648	0.161457	0.102963	0.0463542	0.0171093	0.0101124	0.00875706	0.00742418	0.0120005	0.0257077	0.0451087	0.0444098	0.0117263	-0.0334945	-0.0667367	-0.0699782	-0.0444616	-0.0121934	0.00362558	0.00121294	-0.0209868	-0.0422025	-0.0709122	-0.119939	-0.18998	-0.28154	-0.373355	-0.469315	-0.554568	-0.606405	-0.606405	
0.666518	0.544344	0.400838	0.238017	0.0645403	-0.0838615	-0.180875	-0.227143	-0.225193	-0.190301	-0.143787	-0.0863596	-0.00959306	0.0786838	0.153449	0.206954	0.233325	0.243859	0.236517	0.21303	0.175895	0.127678	0.087796	0.0659559	0.0529428	0.0440597	0.0391363	0.0396967	0.0552047	0.075073	0.0676251	0.0308516	-0.0234536	-0.074644	-0.099928	-0.0943728	-0.0695648	-0.0486135	-0.0349353	-0.0295387	-0.0195644	-0.0189218	-0.0509526	-0.1103	-0.194964	-0.290102	-0.389948	-0.483626	-0.542911	-0.542911	
0.600541	0.449848	0.290539	0.141282	-0.00136891	-0.117519	-0.18133	-0.194423	-0.170439	-0.126343	-0.0751344	-0.00959306	0.0719932	0.157312	0.233797	0.284827	0.299309	0.284454	0.258415	0.223535	0.18268	0.14704	0.122462	0.102117	0.0814103	0.0668504	0.0575442	0.0662185	0.0935373	0.114115	0.11236	0.0783546	0.017369	-0.0501921	-0.104514	-0.132017	-0.134287	-0.122494	-0.105055	-0.0748026	-0.0315925	0.00215644	0.00670123	-0.0289849	-0.0929564	-0.172652	-0.26804	-0.360502	-0.420859	-0.420859	
0.55556	0.381761	0.212167	0.073464	-0.0409565	-0.125178	-0.154726	-0.141829	-0.105275	-0.0523285	0.00672593	0.0786838	0.157312	0.23702	0.308499	0.3494	0.349153	0.317731	0.277081	0.228142	0.188498	0.164848	0.146064	0.12374	0.102705	0.0880601	0.0861208	0.111342	0.147101	0.173424	0.179302	0.149875	0.0871957	0.00130351	-0.0926242	-0.168614	-0.210014	-0.217222	-0.195535	-0.143262	-0.0717459	0.000910639	0.0466664	0.0503609	0.0269909	-0.0265221	-0.105157	-0.187809	-0.247302	-0.247302	
0.532726	0.342272	0.164503	0.0306421	-0.0589748	-0.112694	-0.118177	-0.0939141	-0.0509268	0.0130085	0.0812485	0.153449	0.233797	0.308499	0.368467	0.39921	0.390668	0.353219	0.302385	0.248617	0.213045	0.192565	0.174728	0.16025	0.143161	0.127332	0.134864	0.171499	0.21891	0.256375	0.264999	0.233654	0.163808	0.0560667	-0.0785368	-0.20635	-0.290636	-0.319515	-0.296101	-0.219624	-0.116576	-0.00607199	0.0835783	0.132411	0.15157	0.131119	0.0808073	0.0180482	-0.0310484	-0.0310484	
0.513663	0.324354	0.146436	0.0203529	-0.0528107	-0.0832052	-0.0776845	-0.0517061	-0.00438841	0.0627122	0.130693	0.206954	0.284827	0.3494	0.39921	0.426367	0.431422	0.399791	0.350158	0.302185	0.269729	0.250581	0.23554	0.215653	0.192754	0.182051	0.198885	0.245803	0.296983	0.340744	0.354554	0.320956	0.243463	0.108847	-0.0672033	-0.239392	-0.366944	-0.413334	-0.382403	-0.291344	-0.161144	-0.0180248	0.115464	0.216936	0.281416	0.303501	0.284688	0.242724	0.210229	0.210229	
0.48256	0.30391	0.14319	0.0277825	-0.0289909	-0.0407134	-0.0255958	-0.00183065	0.0392027	0.0970977	0.163431	0.233325	0.299309	0.349153	0.390668	0.431422	0.451335	0.43918	0.405179	0.367485	0.342247	0.326571	0.308444	0.283279	0.254494	0.245506	0.266948	0.314308	0.375236	0.425467	0.441395	0.409768	0.320496	0.161629	-0.0487371	-0.263092	-0.427218	-0.493295	-0.459009	-0.352244	-0.197522	-0.0218697	0.15109	0.302862	0.414193	0.477185	0.497685	0.488125	0.475246	0.475246	
0.425904	0.267663	0.130107	0.0317471	-0.00493012	0.00841608	0.0348712	0.0586613	0.0923829	0.139203	0.193545	0.243859	0.284454	0.317731	0.353219	0.399791	0.43918	0.451512	0.436175	0.412164	0.397541	0.387473	0.368044	0.33462	0.302842	0.299555	0.326768	0.383068	0.4522	0.508984	0.533734	0.501375	0.395012	0.213761	-0.0257222	-0.275256	-0.465228	-0.54878	-0.518785	-0.402853	-0.231108	-0.0266693	0.18739	0.388455	0.550821	0.659592	0.721374	0.750458	0.758617	0.758617	
0.338821	0.204543	0.0935152	0.0192029	0.00871382	0.0446602	0.0824577	0.11322	0.142148	0.173713	0.207534	0.236517	0.258415	0.277081	0.302385	0.350158	0.405179	0.436175	0.434093	0.42336	0.420506	0.41916	0.402006	0.365315	0.335104	0.338558	0.381799	0.451371	0.524448	0.584099	0.610851	0.579194	0.460705	0.258883	-0.000326064	-0.271758	-0.483439	-0.584769	-0.564183	-0.446684	-0.26281	-0.0343104	0.221196	0.47102	0.683423	0.845905	0.95426	1.02192	1.05663	1.05663	
0.233178	0.118519	0.0316156	-0.0186567	-0.00612497	0.0454676	0.100096	0.1424	0.165439	0.180566	0.198648	0.21303	0.223535	0.228142	0.248617	0.302185	0.367485	0.412164	0.42336	0.42741	0.430137	0.430662	0.411262	0.372393	0.346644	0.357624	0.416724	0.5001	0.578523	0.646748	0.673375	0.634325	0.506582	0.291575	0.0201784	-0.263197	-0.484548	-0.60182	-0.597499	-0.484795	-0.290404	-0.0384433	0.25152	0.54821	0.8081	1.01881	1.17623	1.28376	1.34229	1.34229	
0.11372	0.0192493	-0.0496963	-0.0764895	-0.0515441	0.00881816	0.0717885	0.113732	0.13469	0.145762	0.161457	0.175895	0.18268	0.188498	0.213045	0.269729	0.342247	0.397541	0.420506	0.430137	0.433526	0.430833	0.407297	0.36388	0.33699	0.358098	0.432355	0.528756	0.611035	0.674505	0.697756	0.655337	0.525484	0.306962	0.0302455	-0.24972	-0.478463	-0.610329	-0.614255	-0.511491	-0.309942	-0.0356026	0.282359	0.614403	0.914204	1.16757	1.36304	1.50322	1.57982	1.57982	
-0.0150759	-0.0959563	-0.145183	-0.154258	-0.12055	-0.0610543	-0.00577229	0.032322	0.059142	0.0783449	0.102963	0.127678	0.14704	0.164848	0.192565	0.250581	0.326571	0.387473	0.41916	0.430662	0.430833	0.419546	0.386989	0.343882	0.317555	0.346386	0.427228	0.52628	0.613303	0.669214	0.686204	0.640423	0.51209	0.29718	0.0259596	-0.245411	-0.472355	-0.60988	-0.627979	-0.530645	-0.325409	-0.0343875	0.306424	0.661757	0.994149	1.27649	1.5011	1.66501	1.75195	1.75195	
-0.15103	-0.219471	-0.24717	-0.241522	-0.198358	-0.144879	-0.0976058	-0.0572029	-0.0241318	0.00837591	0.0463542	0.087796	0.122462	0.146064	0.174728	0.23554	0.308444	0.368044	0.402006	0.411262	0.407297	0.386989	0.352384	0.31218	0.289226	0.316552	0.395823	0.493147	0.580526	0.631529	0.639845	0.594826	0.470476	0.267756	0.0138805	-0.251631	-0.474666	-0.612214	-0.647018	-0.553686	-0.344483	-0.0453158	0.309702	0.679836	1.03366	1.33611	1.58312	1.76088	1.85505	1.85505	
-0.280607	-0.328642	-0.340603	-0.320284	-0.269334	-0.216959	-0.169321	-0.123036	-0.0813604	-0.0323864	0.0171093	0.0659559	0.102117	0.12374	0.16025	0.215653	0.283279	0.33462	0.365315	0.372393	0.36388	0.343882	0.31218	0.27239	0.254142	0.277194	0.344865	0.434743	0.511318	0.556437	0.559833	0.517537	0.407498	0.22188	-0.014395	-0.265703	-0.482892	-0.622836	-0.668027	-0.579992	-0.374884	-0.0788782	0.283231	0.65677	1.01911	1.33929	1.59692	1.77885	1.87938	1.87938	
-0.37866	-0.407737	-0.405888	-0.372272	-0.316821	-0.265192	-0.212385	-0.158207	-0.101583	-0.0406556	0.0101124	0.0529428	0.0814103	0.102705	0.143161	0.192754	0.254494	0.302842	0.335104	0.346644	0.33699	0.317555	0.289226	0.254142	0.235298	0.242502	0.284862	0.354861	0.416607	0.45492	0.455524	0.411034	0.314355	0.153608	-0.0617053	-0.293083	-0.496658	-0.637561	-0.686536	-0.609167	-0.417879	-0.131322	0.216322	0.581694	0.947515	1.26754	1.52651	1.71382	1.80938	1.80938	
-0.432533	-0.444782	-0.426287	-0.382769	-0.326693	-0.279288	-0.223248	-0.161856	-0.0981803	-0.0395206	0.00875706	0.0440597	0.0668504	0.0880601	0.127332	0.182051	0.245506	0.299555	0.338558	0.357624	0.358098	0.346386	0.316552	0.277194	0.242502	0.22501	0.232796	0.26855	0.312678	0.336794	0.330881	0.285658	0.19905	0.0597622	-0.12886	-0.33329	-0.519496	-0.653784	-0.702003	-0.634832	-0.464015	-0.200899	0.117983	0.458642	0.81004	1.11724	1.36526	1.54822	1.63761	1.63761	
-0.434266	-0.430118	-0.399821	-0.348979	-0.296173	-0.252349	-0.201506	-0.14212	-0.0882272	-0.0376164	0.00742418	0.0391363	0.0575442	0.0861208	0.134864	0.198885	0.266948	0.326768	0.381799	0.416724	0.432355	0.427228	0.395823	0.344865	0.284862	0.232796	0.201281	0.197972	0.212179	0.21645	0.202207	0.154167	0.074325	-0.0482934	-0.210062	-0.384529	-0.55009	-0.667093	-0.714195	-0.659054	-0.510684	-0.286919	-0.00720096	0.299627	0.617786	0.900405	1.12802	1.29094	1.37519	1.37519	
-0.381748	-0.372632	-0.335589	-0.281381	-0.231115	-0.192355	-0.151284	-0.103353	-0.0634131	-0.025628	0.0120005	0.0396967	0.0662185	0.111342	0.171499	0.245803	0.314308	0.383068	0.451371	0.5001	0.528756	0.52628	0.493147	0.434743	0.354861	0.26855	0.197972	0.148492	0.129894	0.114189	0.0836636	0.0304731	-0.0501149	-0.156233	-0.290805	-0.436765	-0.574363	-0.677126	-0.723339	-0.680779	-0.560114	-0.379366	-0.148017	0.116359	0.391528	0.639676	0.84296	0.98373	1.06273	1.06273	
-0.293824	-0.274119	-0.235346	-0.18144	-0.139258	-0.112407	-0.0817436	-0.0488554	-0.0218994	0.000552443	0.0257077	0.0552047	0.0935373	0.147101	0.21891	0.296983	0.375236	0.4522	0.524448	0.578523	0.611035	0.613303	0.580526	0.511318	0.416607	0.312678	0.212179	0.129894	0.0742944	0.0346789	-0.0126361	-0.0695389	-0.145566	-0.242657	-0.351599	-0.464022	-0.576567	-0.671228	-0.718684	-0.704924	-0.622733	-0.488176	-0.305623	-0.0815084	0.156952	0.378519	0.556717	0.68762	0.75828	0.75828	
-0.191386	-0.156888	-0.111195	-0.0670765	-0.0389375	-0.0232854	-0.00998818	0.00655781	0.021494	0.0294503	0.0451087	0.075073	0.114115	0.173424	0.256375	0.340744	0.425467	0.508984	0.584099	0.646748	0.674505	0.669214	0.631529	0.556437	0.45492	0.336794	0.21645	0.114189	0.0346789	-0.0254575	-0.0799862	-0.135945	-0.206663	-0.287295	-0.367631	-0.454449	-0.544655	-0.632378	-0.693821	-0.710312	-0.669605	-0.584027	-0.449849	-0.266227	-0.0635499	0.135483	0.301285	0.427945	0.498932	0.498932	
-0.0911892	-0.0365194	0.0199327	0.0523034	0.0643566	0.0627632	0.0485066	0.04451	0.0438651	0.0376921	0.0444098	0.0676251	0.11236	0.179302	0.264999	0.354554	0.441395	0.533734	0.610851	0.673375	0.697756	0.686204	0.639845	0.559833	0.455524	0.330881	0.202207	0.0836636	-0.0126361	-0.0799862	-0.128642	-0.172129	-0.223585	-0.280951	-0.334287	-0.395167	-0.461415	-0.545947	-0.625669	-0.670739	-0.677524	-0.636937	-0.546991	-0.404242	-0.235859	-0.0636235	0.0916432	0.209522	0.281132	0.281132	
-0.0044192	0.0773671	0.137896	0.162892	0.156566	0.134556	0.093615	0.0644597	0.0436275	0.0181425	0.0117263	0.0308516	0.0783546	0.149875	0.233654	0.320956	0.409768	0.501375	0.579194	0.634325	0.655337	0.640423	0.594826	0.517537	0.411034	0.285658	0.154167	0.0304731	-0.0695389	-0.135945	-0.172129	-0.192691	-0.2123	-0.235581	-0.257049	-0.280372	-0.326043	-0.40505	-0.491786	-0.571363	-0.618501	-0.617354	-0.571479	-0.471287	-0.342123	-0.203306	-0.0690254	0.0385461	0.103818	0.103818	
0.0671882	0.166873	0.234536	0.254825	0.237773	0.201336	0.142059	0.0840445	0.0373853	-0.0117243	-0.0334945	-0.0234536	0.017369	0.0871957	0.163808	0.243463	0.320496	0.395012	0.460705	0.506582	0.525484	0.51209	0.470476	0.407498	0.314355	0.19905	0.074325	-0.0501149	-0.145566	-0.206663	-0.223585	-0.2123	-0.192992	-0.166272	-0.143598	-0.127828	-0.146703	-0.209699	-0.298917	-0.399751	-0.475845	-0.515407	-0.511348	-0.460664	-0.382469	-0.281119	-0.173256	-0.0786229	-0.0196889	-0.0196889	
0.115313	0.229839	0.307146	0.330403	0.31355	0.266487	0.19694	0.117371	0.0433689	-0.0212649	-0.0667367	-0.074644	-0.0501921	0.00130351	0.0560667	0.108847	0.161629	0.213761	0.258883	0.291575	0.306962	0.29718	0.267756	0.22188	0.153608	0.0597622	-0.0482934	-0.156233	-0.242657	-0.287295	-0.280951	-0.235581	-0.166272	-0.089603	-0.014621	0.0456764	0.0600476	0.0230606	-0.0618815	-0.177633	-0.280687	-0.356338	-0.391254	-0.383219	-0.350225	-0.287508	-0.206528	-0.129278	-0.081105	-0.081105	
0.128587	0.250972	0.340122	0.375307	0.363066	0.318158	0.24553	0.158829	0.0680743	-0.00756486	-0.0699782	-0.099928	-0.104514	-0.0926242	-0.0785368	-0.0672033	-0.0487371	-0.0257222	-0.000326064	0.0201784	0.0302455	0.0259596	0.0138805	-0.014395	-0.0617053	-0.12886	-0.210062	-0.290805	-0.351599	-0.367631	-0.334287	-0.257049	-0.143598	-0.014621	0.112781	0.211723	0.258462	0.244459	0.170445	0.0562967	-0.0635657	-0.160625	-0.223975	-0.255705	-0.261969	-0.231933	-0.173605	-0.112626	-0.0697782	-0.0697782	
0.101871	0.222601	0.318626	0.37218	0.369073	0.334812	0.269636	0.185856	0.0941823	0.0185512	-0.0444616	-0.0943728	-0.132017	-0.168614	-0.20635	-0.239392	-0.263092	-0.275256	-0.271758	-0.263197	-0.24972	-0.245411	-0.251631	-0.265703	-0.293083	-0.33329	-0.384529	-0.436765	-0.464022	-0.454449	-0.395167	-0.280372	-0.127828	0.0456764	0.211723	0.336889	0.408205	0.416479	0.362638	0.264015	0.144696	0.0387107	-0.0404367	-0.0987959	-0.131005	-0.126153	-0.0883112	-0.0380273	-0.00534402	-0.00534402	
0.0439911	0.150576	0.24698	0.312523	0.323275	0.29997	0.251983	0.178679	0.104471	0.0430563	-0.0121934	-0.0695648	-0.134287	-0.210014	-0.290636	-0.366944	-0.427218	-0.465228	-0.483439	-0.484548	-0.478463	-0.472355	-0.474666	-0.482892	-0.496658	-0.519496	-0.55009	-0.574363	-0.576567	-0.544655	-0.461415	-0.326043	-0.146703	0.0600476	0.258462	0.408205	0.500926	0.531823	0.501978	0.422703	0.314092	0.21313	0.128853	0.0594107	0.0155795	0.00317784	0.0238934	0.06295	0.0847851	0.0847851	
-0.040391	0.0422393	0.129602	0.196353	0.223165	0.213079	0.183655	0.132767	0.0800961	0.0393082	0.00362558	-0.0486135	-0.122494	-0.217222	-0.319515	-0.413334	-0.493295	-0.54878	-0.584769	-0.60182	-0.610329	-0.60988	-0.612214	-0.622836	-0.637561	-0.653784	-0.667093	-0.677126	-0.671228	-0.632378	-0.545947	-0.40505	-0.209699	0.0230606	0.244459	0.416479	0.531823	0.586081	0.585922	0.53736	0.451323	0.356061	0.271229	0.191496	0.133388	0.110745	0.115962	0.144522	0.159877	0.159877	
-0.148059	-0.0967674	-0.032066	0.0307243	0.066885	0.0762034	0.0683066	0.0464656	0.0227592	0.0108738	0.00121294	-0.0349353	-0.105055	-0.195535	-0.296101	-0.382403	-0.459009	-0.518785	-0.564183	-0.597499	-0.614255	-0.627979	-0.647018	-0.668027	-0.686536	-0.702003	-0.714195	-0.723339	-0.718684	-0.693821	-0.625669	-0.491786	-0.298917	-0.0618815	0.170445	0.362638	0.501978	0.585922	0.62448	0.609181	0.546823	0.459922	0.367541	0.277169	0.204494	0.163042	0.149903	0.157669	0.163258	0.163258	
-0.275223	-0.257114	-0.220199	-0.168538	-0.125989	-0.1018	-0.0856012	-0.0800027	-0.0684116	-0.0434349	-0.0209868	-0.0295387	-0.0748026	-0.143262	-0.219624	-0.291344	-0.352244	-0.402853	-0.446684	-0.484795	-0.511491	-0.530645	-0.553686	-0.579992	-0.609167	-0.634832	-0.659054	-0.680779	-0.704924	-0.710312	-0.670739	-0.571363	-0.399751	-0.177633	0.0562967	0.264015	0.422703	0.53736	0.609181	0.62411	0.586741	0.510146	0.406914	0.301869	0.209088	0.138845	0.100658	0.0809774	0.0739015	0.0739015	
-0.403891	-0.412037	-0.401449	-0.366026	-0.317019	-0.279641	-0.23968	-0.20336	-0.160083	-0.0982176	-0.0422025	-0.0195644	-0.0315925	-0.0717459	-0.116576	-0.161144	-0.197522	-0.231108	-0.26281	-0.290404	-0.309942	-0.325409	-0.344483	-0.374884	-0.417879	-0.464015	-0.510684	-0.560114	-0.622733	-0.669605	-0.677524	-0.618501	-0.475845	-0.280687	-0.0635657	0.144696	0.314092	0.451323	0.546823	0.586741	0.571401	0.491089	0.374745	0.249856	0.127554	0.0293621	-0.0395822	-0.0881054	-0.109423	-0.109423	
-0.501822	-0.53085	-0.535564	-0.511767	-0.466889	-0.415293	-0.360425	-0.306259	-0.237955	-0.15032	-0.0709122	-0.0189218	0.00215644	0.000910639	-0.00607199	-0.0180248	-0.0218697	-0.0266693	-0.0343104	-0.0384433	-0.0356026	-0.0343875	-0.0453158	-0.0788782	-0.131322	-0.200899	-0.286919	-0.379366	-0.488176	-0.584027	-0.636937	-0.617354	-0.515407	-0.356338	-0.160625	0.0387107	0.21313	0.356061	0.459922	0.510146	0.491089	0.405421	0.268621	0.114541	-0.0355819	-0.166429	-0.264677	-0.343763	-0.376037	-0.376037	
-0.565756	-0.596389	-0.609604	-0.595163	-0.556062	-0.502799	-0.443556	-0.382949	-0.307051	-0.210336	-0.119939	-0.0509526	0.00670123	0.0466664	0.0835783	0.115464	0.15109	0.18739	0.221196	0.25152	0.282359	0.306424	0.309702	0.283231	0.216322	0.117983	-0.00720096	-0.148017	-0.305623	-0.449849	-0.546991	-0.571479	-0.511348	-0.391254	-0.223975	-0.0404367	0.128853	0.271229	0.367541	0.406914	0.374745	0.268621	0.102699	-0.0827668	-0.263816	-0.431573	-0.563742	-0.665617	-0.717191	-0.717191	
-0.596677	-0.624707	-0.639866	-0.634686	-0.60437	-0.554136	-0.494565	-0.436262	-0.362121	-0.274473	-0.18998	-0.1103	-0.0289849	0.0503609	0.132411	0.216936	0.302862	0.388455	0.47102	0.54821	0.614403	0.661757	0.679836	0.65677	0.581694	0.458642	0.299627	0.116359	-0.0815084	-0.266227	-0.404242	-0.471287	-0.460664	-0.383219	-0.255705	-0.0987959	0.0594107	0.191496	0.277169	0.301869	0.249856	0.114541	-0.0827668	-0.309902	-0.534607	-0.738782	-0.910706	-1.03544	-1.10277	-1.10277	
-0.602999	-0.626646	-0.641134	-0.645738	-0.630579	-0.589882	-0.540352	-0.490553	-0.424982	-0.354002	-0.28154	-0.194964	-0.0929564	0.0269909	0.15157	0.281416	0.414193	0.550821	0.683423	0.8081	0.914204	0.994149	1.03366	1.01911	0.947515	0.81004	0.617786	0.391528	0.156952	-0.0635499	-0.235859	-0.342123	-0.382469	-0.350225	-0.261969	-0.131005	0.0155795	0.133388	0.204494	0.209088	0.127554	-0.0355819	-0.263816	-0.534607	-0.803785	-1.05054	-1.26562	-1.41769	-1.50175	-1.50175	
-0.594037	-0.609577	-0.631989	-0.650459	-0.649629	-0.624364	-0.585819	-0.536394	-0.483695	-0.431756	-0.373355	-0.290102	-0.172652	-0.0265221	0.131119	0.303501	0.477185	0.659592	0.845905	1.01881	1.16757	1.27649	1.33611	1.33929	1.26754	1.11724	0.900405	0.639676	0.378519	0.135483	-0.0636235	-0.203306	-0.281119	-0.287508	-0.231933	-0.126153	0.00317784	0.110745	0.163042	0.138845	0.0293621	-0.166429	-0.431573	-0.738782	-1.05054	-1.34239	-1.59464	-1.77245	-1.87486	-1.87486	
-0.576305	-0.596523	-0.633025	-0.668781	-0.684503	-0.671959	-0.637882	-0.588139	-0.541616	-0.510009	-0.469315	-0.389948	-0.26804	-0.105157	0.0808073	0.284688	0.497685	0.721374	0.95426	1.17623	1.36304	1.5011	1.58312	1.59692	1.52651	1.36526	1.12802	0.84296	0.556717	0.301285	0.0916432	-0.0690254	-0.173256	-0.206528	-0.173605	-0.0883112	0.0238934	0.115962	0.149903	0.100658	-0.0395822	-0.264677	-0.563742	-0.910706	-1.26562	-1.59464	-1.87424	-2.07419	-2.18192	-2.18192	
-0.569023	-0.59339	-0.647675	-0.703031	-0.732618	-0.731986	-0.701865	-0.645764	-0.601777	-0.582984	-0.554568	-0.483626	-0.360502	-0.187809	0.0180482	0.242724	0.488125	0.750458	1.02192	1.28376	1.50322	1.66501	1.76088	1.77885	1.71382	1.54822	1.29094	0.98373	0.68762	0.427945	0.209522	0.0385461	-0.0786229	-0.129278	-0.112626	-0.0380273	0.06295	0.144522	0.157669	0.0809774	-0.0881054	-0.343763	-0.665617	-1.03544	-1.41769	-1.77245	-2.07419	-2.29442	-2.41098	-2.41098	
-0.567389	-0.600951	-0.669894	-0.737535	-0.774691	-0.777967	-0.745696	-0.681369	-0.638035	-0.626546	-0.606405	-0.542911	-0.420859	-0.247302	-0.0310484	0.210229	0.475246	0.758617	1.05663	1.34229	1.57982	1.75195	1.85505	1.87938	1.80938	1.63761	1.37519	1.06273	0.75828	0.498932	0.281132	0.103818	-0.0196889	-0.081105	-0.0697782	-0.00534402	0.0847851	0.159877	0.163258	0.0739015	-0.109423	-0.376037	-0.717191	-1.10277	-1.50175	-1.87486	-2.18192	-2.41098	-2.52737	-2.52737	
-0.567389	-0.600951	-0.669894	-0.737535	-0.774691	-0.777967	-0.745696	-0.681369	-0.638035	-0.626546	-0.606405	-0.542911	-0.420859	-0.247302	-0.0310484	0.210229	0.475246	0.758617	1.05663	1.34229	1.57982	1.75195	1.85505	1.87938	1.80938	1.63761	1.37519	1.06273	0.75828	0.498932	0.281132	0.103818	-0.0196889	-0.081105	-0.0697782	-0.00534402	0.0847851	0.159877	0.163258	0.0739015	-0.109423	-0.376037	-0.717191	-1.10277	-1.50175	-1.87486	-2.18192	-2.41098	-2.52737	-2.52737	
