-3.5163	-3.5163	-3.30532	-2.92025	-2.40572	-1.84028	-1.28682	-0.787095	-0.387021	-0.12747	0.00712049	0.0554143	0.0661486	0.0558244	0.037735	0.0105848	-0.0103522	-0.0224961	-0.0355459	-0.0589706	-0.101156	-0.175694	-0.287136	-0.456317	-0.696933	-0.987226	-1.28738	-1.55512	-1.75733	-1.86756	-1.87323	-1.7738	-1.58266	-1.3274	-1.03809	-0.754032	-0.509694	-0.314813	-0.164748	-0.0523526	-0.00131712	-0.0153501	-0.0623709	-0.123264	-0.190727	-0.237275	-0.239693	-0.201492	-0.135931	-0.0495655	
-3.5163	-3.5163	-3.30532	-2.92025	-2.40572	-1.84028	-1.28682	-0.787095	-0.387021	-0.12747	0.00712049	0.0554143	0.0661486	0.0558244	0.037735	0.0105848	-0.0103522	-0.0224961	-0.0355459	-0.0589706	-0.101156	-0.175694	-0.287136	-0.456317	-0.696933	-0.987226	-1.28738	-1.55512	-1.75733	-1.86756	-1.87323	-1.7738	-1.58266	-1.3274	-1.03809	-0.754032	-0.509694	-0.314813	-0.164748	-0.0523526	-0.00131712	-0.0153501	-0.0623709	-0.123264	-0.190727	-0.237275	-0.239693	-0.201492	-0.135931	-0.0495655	
-3.30532	-3.30532	-3.08924	-2.71011	-2.22364	-1.68318	-1.13352	-0.643495	-0.266568	-0.0240897	0.105894	0.147907	0.149605	0.132389	0.110111	0.0819487	0.0668795	0.0584769	0.0434756	0.0185651	-0.0225814	-0.0940194	-0.203254	-0.368947	-0.597814	-0.874116	-1.16586	-1.42702	-1.62047	-1.7273	-1.73487	-1.64496	-1.46576	-1.22033	-0.939084	-0.668813	-0.433225	-0.243229	-0.101295	-0.00354378	0.0353042	0.020274	-0.0231389	-0.0837282	-0.152427	-0.198611	-0.19932	-0.157376	-0.0864375	0.00817401	
-2.92025	-2.92025	-2.71011	-2.34441	-1.88795	-1.38402	-0.876077	-0.424514	-0.0799218	0.146225	0.262607	0.300465	0.292316	0.26802	0.236084	0.208863	0.194452	0.191719	0.186694	0.175782	0.135471	0.0631741	-0.0466581	-0.210198	-0.419557	-0.663552	-0.926672	-1.17206	-1.35641	-1.45833	-1.46881	-1.39493	-1.23488	-1.00687	-0.753078	-0.514811	-0.303216	-0.122028	0.00610663	0.0842475	0.108398	0.0839441	0.0338181	-0.0216708	-0.0797356	-0.122735	-0.120014	-0.0767496	0.000266665	0.101714	
-2.40572	-2.40572	-2.22364	-1.88795	-1.46417	-1.01032	-0.570404	-0.176914	0.132871	0.338992	0.432201	0.456329	0.444229	0.423261	0.392773	0.368887	0.355663	0.357442	0.363922	0.367332	0.332763	0.258085	0.146348	-0.0094582	-0.194715	-0.400273	-0.620666	-0.833988	-1.00522	-1.10437	-1.12032	-1.05747	-0.920621	-0.727483	-0.516274	-0.318566	-0.138904	0.0233178	0.13406	0.191272	0.199837	0.161934	0.104171	0.056287	0.0112271	-0.0248924	-0.0227943	0.0133586	0.0936048	0.203919	
-1.84028	-1.84028	-1.68318	-1.38402	-1.01032	-0.630299	-0.261881	0.0704164	0.334629	0.505327	0.584048	0.597555	0.585823	0.56576	0.544114	0.528657	0.529872	0.543793	0.560146	0.566353	0.531919	0.454438	0.345529	0.207748	0.0512673	-0.115668	-0.291649	-0.463935	-0.611074	-0.705764	-0.726131	-0.680225	-0.579795	-0.433604	-0.265408	-0.104211	0.0454912	0.176151	0.261285	0.303407	0.299558	0.258823	0.204485	0.160516	0.122565	0.0923981	0.0886533	0.125338	0.20255	0.31079	
-1.28682	-1.28682	-1.13352	-0.876077	-0.570404	-0.261881	0.0373388	0.300119	0.507106	0.638929	0.707281	0.718609	0.711854	0.692996	0.679223	0.670075	0.685145	0.711876	0.741034	0.74884	0.714405	0.63509	0.53155	0.410127	0.278054	0.152398	0.0249129	-0.105606	-0.227139	-0.30926	-0.334625	-0.310274	-0.246852	-0.150121	-0.0280006	0.0949793	0.215414	0.316511	0.382169	0.416607	0.41566	0.379883	0.331796	0.294031	0.261166	0.236797	0.234226	0.268632	0.334982	0.421734	
-0.787095	-0.787095	-0.643495	-0.424514	-0.176914	0.0704164	0.300119	0.500961	0.656638	0.757239	0.807435	0.8152	0.807488	0.797739	0.794822	0.796574	0.811543	0.840839	0.874344	0.887234	0.859168	0.780432	0.67421	0.561737	0.45654	0.367213	0.284972	0.192643	0.0954746	0.0220026	-0.00906401	-0.000211334	0.0370716	0.0934228	0.167497	0.25541	0.346365	0.427775	0.489562	0.532887	0.542222	0.512751	0.475784	0.448477	0.426403	0.405547	0.398393	0.41824	0.464469	0.522193	
-0.387021	-0.387021	-0.266568	-0.0799218	0.132871	0.334629	0.507106	0.656638	0.77661	0.853525	0.886414	0.886261	0.879481	0.878538	0.883206	0.888686	0.905876	0.937222	0.964916	0.968435	0.94045	0.863107	0.756922	0.65334	0.573399	0.512086	0.457166	0.393796	0.329055	0.275616	0.239792	0.226537	0.235317	0.261351	0.308118	0.369843	0.438506	0.508335	0.574903	0.626468	0.650132	0.64034	0.621927	0.599455	0.576123	0.559386	0.555179	0.5623	0.585572	0.610171	
-0.12747	-0.12747	-0.0240897	0.146225	0.338992	0.505327	0.638929	0.757239	0.853525	0.909026	0.93387	0.94115	0.940809	0.941464	0.945365	0.955605	0.973448	0.999006	1.01163	1.00254	0.956205	0.875305	0.775205	0.682302	0.617079	0.574121	0.536786	0.500192	0.469379	0.437553	0.406753	0.37661	0.362549	0.370511	0.394905	0.43536	0.486918	0.549938	0.61717	0.6824	0.723699	0.743288	0.743322	0.726175	0.698394	0.67593	0.670532	0.675999	0.67197	0.656313	
0.00712049	0.00712049	0.105894	0.262607	0.432201	0.584048	0.707281	0.807435	0.886414	0.93387	0.956487	0.97303	0.987178	1.00071	1.01252	1.02059	1.02496	1.0278	1.01598	0.987262	0.92186	0.830569	0.728761	0.640087	0.575729	0.543227	0.528066	0.526497	0.523948	0.510781	0.488209	0.462183	0.440689	0.426048	0.424644	0.442651	0.47962	0.542017	0.619869	0.702139	0.764152	0.802962	0.817605	0.811913	0.781785	0.753635	0.74197	0.728878	0.698558	0.651732	
0.0554143	0.0554143	0.147907	0.300465	0.456329	0.597555	0.718609	0.8152	0.886261	0.94115	0.97303	1.0014	1.02882	1.06122	1.08411	1.08909	1.07709	1.05444	1.01129	0.945018	0.848707	0.734173	0.625547	0.537421	0.479103	0.454954	0.459357	0.482704	0.50612	0.517078	0.50915	0.485221	0.45031	0.419038	0.402992	0.403763	0.42752	0.484598	0.574633	0.678483	0.765685	0.8238	0.856277	0.861145	0.837536	0.805117	0.776944	0.737971	0.67844	0.605658	
0.0661486	0.0661486	0.149605	0.292316	0.444229	0.585823	0.711854	0.807488	0.879481	0.940809	0.987178	1.02882	1.08103	1.13068	1.1587	1.15568	1.13171	1.0777	0.997044	0.883469	0.747369	0.609391	0.497898	0.406932	0.348408	0.329616	0.347159	0.388316	0.436332	0.472327	0.482661	0.458753	0.410515	0.362385	0.33214	0.315334	0.332624	0.386352	0.483195	0.604459	0.724338	0.810608	0.863786	0.882074	0.865848	0.827551	0.782159	0.717358	0.626547	0.527584	
0.0558244	0.0558244	0.132389	0.26802	0.423261	0.56576	0.692996	0.797739	0.878538	0.941464	1.00071	1.06122	1.13068	1.18993	1.21979	1.21443	1.17326	1.08633	0.964406	0.814222	0.647968	0.48937	0.362644	0.266919	0.209087	0.19381	0.222075	0.278535	0.343082	0.391543	0.411104	0.394081	0.341946	0.278889	0.222689	0.190935	0.198979	0.257185	0.361654	0.502085	0.645247	0.755207	0.829713	0.869603	0.869273	0.826214	0.755992	0.664999	0.548701	0.429147	
0.037735	0.037735	0.110111	0.236084	0.392773	0.544114	0.679223	0.794822	0.883206	0.945365	1.01252	1.08411	1.1587	1.21979	1.25259	1.23901	1.17627	1.06647	0.915505	0.734136	0.546931	0.372927	0.226885	0.130553	0.0802941	0.0739494	0.10609	0.165947	0.241694	0.307634	0.330813	0.308759	0.252479	0.182391	0.113255	0.0655921	0.0614988	0.121589	0.23083	0.375729	0.527134	0.654502	0.748674	0.806744	0.822317	0.788271	0.703125	0.586875	0.459874	0.331914	
0.0105848	0.0105848	0.0819487	0.208863	0.368887	0.528657	0.670075	0.796574	0.888686	0.955605	1.02059	1.08909	1.15568	1.21443	1.23901	1.2156	1.13577	1.00759	0.839883	0.641092	0.435968	0.251505	0.106437	0.017609	-0.0237078	-0.0249667	0.0116527	0.0768293	0.159368	0.235945	0.266026	0.240928	0.185937	0.112497	0.0308213	-0.03073	-0.0416562	0.00497148	0.10404	0.238929	0.389816	0.530975	0.637968	0.709459	0.739295	0.711319	0.622014	0.495204	0.365942	0.242546	
-0.0103522	-0.0103522	0.0668795	0.194452	0.355663	0.529872	0.685145	0.811543	0.905876	0.973448	1.02496	1.07709	1.13171	1.17326	1.17627	1.13577	1.04242	0.902782	0.727441	0.524523	0.314696	0.134556	-0.00251389	-0.0857762	-0.119012	-0.109546	-0.0557197	0.0303661	0.120446	0.192703	0.229387	0.215676	0.165062	0.0817203	-0.0141976	-0.0822296	-0.100446	-0.0699045	0.0129329	0.127565	0.263312	0.403311	0.516958	0.597523	0.633499	0.608816	0.525814	0.407049	0.281839	0.173565	
-0.0224961	-0.0224961	0.0584769	0.191719	0.357442	0.543793	0.711876	0.840839	0.937222	0.999006	1.0278	1.05444	1.0777	1.08633	1.06647	1.00759	0.902782	0.760582	0.583217	0.381315	0.18436	0.0159794	-0.109158	-0.184041	-0.19854	-0.163068	-0.0867915	0.0110402	0.109697	0.1862	0.228337	0.225151	0.168178	0.0796835	-0.0116721	-0.0815142	-0.11477	-0.0997493	-0.034177	0.0570683	0.171702	0.299208	0.41384	0.492774	0.529975	0.505233	0.426958	0.321888	0.209805	0.11943	
-0.0355459	-0.0355459	0.0434756	0.186694	0.363922	0.560146	0.741034	0.874344	0.964916	1.01163	1.01598	1.01129	0.997044	0.964406	0.915505	0.839883	0.727441	0.583217	0.411846	0.225878	0.0532082	-0.0911241	-0.197387	-0.252403	-0.244396	-0.185873	-0.0894318	0.022468	0.129527	0.2126	0.260084	0.257515	0.195578	0.105806	0.0226159	-0.0429178	-0.08198	-0.0819686	-0.0386872	0.033872	0.129126	0.240182	0.346945	0.41499	0.439359	0.407546	0.334532	0.24228	0.146085	0.0730566	
-0.0589706	-0.0589706	0.0185651	0.175782	0.367332	0.566353	0.74884	0.887234	0.968435	1.00254	0.987262	0.945018	0.883469	0.814222	0.734136	0.641092	0.524523	0.381315	0.225878	0.0735872	-0.0659545	-0.183608	-0.265447	-0.291245	-0.258455	-0.182433	-0.065652	0.0656079	0.177741	0.260657	0.304843	0.29963	0.245983	0.159504	0.0785543	0.0220413	-0.0136606	-0.0251069	0.000855986	0.0594001	0.136069	0.222368	0.306955	0.356685	0.360332	0.319983	0.248965	0.160111	0.0819066	0.0273209	
-0.101156	-0.101156	-0.0225814	0.135471	0.332763	0.531919	0.714405	0.859168	0.94045	0.956205	0.92186	0.848707	0.747369	0.647968	0.546931	0.435968	0.314696	0.18436	0.0532082	-0.0659545	-0.17039	-0.251567	-0.300757	-0.298569	-0.241511	-0.143451	-0.010673	0.128738	0.244818	0.328346	0.364193	0.351023	0.302502	0.232115	0.157099	0.104513	0.0705973	0.0573873	0.0747962	0.115184	0.169729	0.23308	0.28923	0.313441	0.296787	0.25042	0.174773	0.0881292	0.0222723	-0.0150495	
-0.175694	-0.175694	-0.0940194	0.0631741	0.258085	0.454438	0.63509	0.780432	0.863107	0.875305	0.830569	0.734173	0.609391	0.48937	0.372927	0.251505	0.134556	0.0159794	-0.0911241	-0.183608	-0.251567	-0.289689	-0.294874	-0.266008	-0.188558	-0.070532	0.0716504	0.214758	0.338626	0.417643	0.443416	0.425783	0.377042	0.313199	0.247834	0.190893	0.158839	0.145345	0.15525	0.1758	0.21315	0.258922	0.288126	0.289094	0.262933	0.206535	0.128601	0.046316	-0.00780645	-0.0279149	
-0.287136	-0.287136	-0.203254	-0.0466581	0.146348	0.345529	0.53155	0.67421	0.756922	0.775205	0.728761	0.625547	0.497898	0.362644	0.226885	0.106437	-0.00251389	-0.109158	-0.197387	-0.265447	-0.300757	-0.294874	-0.26737	-0.210783	-0.110098	0.0222742	0.175878	0.327095	0.450281	0.519981	0.536524	0.517179	0.466991	0.399167	0.331407	0.272745	0.23378	0.219581	0.223196	0.234044	0.258801	0.288633	0.297489	0.283933	0.251276	0.186874	0.115693	0.0495823	0.00167362	-0.0088036	
-0.456317	-0.456317	-0.368947	-0.210198	-0.0094582	0.207748	0.410127	0.561737	0.65334	0.682302	0.640087	0.537421	0.406932	0.266919	0.130553	0.017609	-0.0857762	-0.184041	-0.252403	-0.291245	-0.298569	-0.266008	-0.210783	-0.127778	-0.00574288	0.141882	0.306918	0.456026	0.569348	0.635009	0.645864	0.615604	0.559818	0.485875	0.40838	0.338974	0.29163	0.274487	0.274365	0.285374	0.307321	0.32049	0.312838	0.2891	0.254953	0.194169	0.130704	0.0840934	0.0537917	0.0457412	
-0.696933	-0.696933	-0.597814	-0.419557	-0.194715	0.0512673	0.278054	0.45654	0.573399	0.617079	0.575729	0.479103	0.348408	0.209087	0.0802941	-0.0237078	-0.119012	-0.19854	-0.244396	-0.258455	-0.241511	-0.188558	-0.110098	-0.00574288	0.132904	0.287952	0.451394	0.592066	0.693195	0.755718	0.764358	0.718025	0.651564	0.574655	0.48375	0.399887	0.342269	0.315795	0.315756	0.323694	0.33731	0.343436	0.329818	0.298767	0.261739	0.209873	0.164039	0.14161	0.13416	0.131363	
-0.987226	-0.987226	-0.874116	-0.663552	-0.400273	-0.115668	0.152398	0.367213	0.512086	0.574121	0.543227	0.454954	0.329616	0.19381	0.0739494	-0.0249667	-0.109546	-0.163068	-0.185873	-0.182433	-0.143451	-0.070532	0.0222742	0.141882	0.287952	0.433844	0.578475	0.708116	0.801544	0.851024	0.856488	0.811188	0.739606	0.652728	0.556437	0.464754	0.392055	0.351441	0.34532	0.34133	0.337996	0.337571	0.319416	0.281546	0.243939	0.205875	0.185112	0.189083	0.208304	0.223577	
-1.28738	-1.28738	-1.16586	-0.926672	-0.620666	-0.291649	0.0249129	0.284972	0.457166	0.536786	0.528066	0.459357	0.347159	0.222075	0.10609	0.0116527	-0.0557197	-0.0867915	-0.0894318	-0.065652	-0.010673	0.0716504	0.175878	0.306918	0.451394	0.578475	0.69897	0.810678	0.889345	0.921836	0.919368	0.888255	0.819855	0.725746	0.627561	0.532842	0.444563	0.383824	0.354806	0.331172	0.31065	0.292914	0.263283	0.222105	0.190769	0.173697	0.186261	0.222108	0.265719	0.304348	
-1.55512	-1.55512	-1.42702	-1.17206	-0.833988	-0.463935	-0.105606	0.192643	0.393796	0.500192	0.526497	0.482704	0.388316	0.278535	0.165947	0.0768293	0.0303661	0.0110402	0.022468	0.0656079	0.128738	0.214758	0.327095	0.456026	0.592066	0.708116	0.810678	0.893837	0.94718	0.972086	0.970791	0.942075	0.883247	0.79806	0.69988	0.592714	0.491936	0.408969	0.344604	0.291515	0.247166	0.206646	0.16419	0.122253	0.100544	0.108499	0.15466	0.21942	0.290766	0.354379	
-1.75733	-1.75733	-1.62047	-1.35641	-1.00522	-0.611074	-0.227139	0.0954746	0.329055	0.469379	0.523948	0.50612	0.436332	0.343082	0.241694	0.159368	0.120446	0.109697	0.129527	0.177741	0.244818	0.338626	0.450281	0.569348	0.693195	0.801544	0.889345	0.94718	0.978233	1.00384	1.01012	0.982325	0.93328	0.859846	0.759847	0.640695	0.526389	0.426587	0.328944	0.233846	0.158167	0.101924	0.0505072	0.00447156	-0.00965562	0.0182716	0.0871568	0.173948	0.271033	0.358311	
-1.86756	-1.86756	-1.7273	-1.45833	-1.10437	-0.705764	-0.30926	0.0220026	0.275616	0.437553	0.510781	0.517078	0.472327	0.391543	0.307634	0.235945	0.192703	0.1862	0.2126	0.260657	0.328346	0.417643	0.519981	0.635009	0.755718	0.851024	0.921836	0.972086	1.00384	1.02469	1.03254	1.01778	0.974003	0.901894	0.805915	0.692148	0.569153	0.448417	0.320236	0.187612	0.0777579	0.000383416	-0.0670777	-0.116659	-0.121807	-0.0816738	-0.00435975	0.10571	0.228094	0.329762	
-1.87323	-1.87323	-1.73487	-1.46881	-1.12032	-0.726131	-0.334625	-0.00906401	0.239792	0.406753	0.488209	0.50915	0.482661	0.411104	0.330813	0.266026	0.229387	0.228337	0.260084	0.304843	0.364193	0.443416	0.536524	0.645864	0.764358	0.856488	0.919368	0.970791	1.01012	1.03254	1.04524	1.04048	1.00612	0.942981	0.858098	0.747374	0.618793	0.478995	0.328082	0.167611	0.0258321	-0.0799342	-0.166861	-0.227108	-0.234479	-0.191887	-0.100291	0.0294112	0.168836	0.281955	
-1.7738	-1.7738	-1.64496	-1.39493	-1.05747	-0.680225	-0.310274	-0.000211334	0.226537	0.37661	0.462183	0.485221	0.458753	0.394081	0.308759	0.240928	0.215676	0.225151	0.257515	0.29963	0.351023	0.425783	0.517179	0.615604	0.718025	0.811188	0.888255	0.942075	0.982325	1.01778	1.04048	1.04329	1.02923	0.989822	0.914581	0.80278	0.670734	0.524602	0.352035	0.166722	-0.000664476	-0.136894	-0.248095	-0.323865	-0.343403	-0.297344	-0.188632	-0.0507854	0.0912001	0.216542	
-1.58266	-1.58266	-1.46576	-1.23488	-0.920621	-0.579795	-0.246852	0.0370716	0.235317	0.362549	0.440689	0.45031	0.410515	0.341946	0.252479	0.185937	0.165062	0.168178	0.195578	0.245983	0.302502	0.377042	0.466991	0.559818	0.651564	0.739606	0.819855	0.883247	0.93328	0.974003	1.00612	1.02923	1.03796	1.01981	0.964301	0.86454	0.731183	0.572329	0.38118	0.179496	-0.0147949	-0.19332	-0.331252	-0.410931	-0.430738	-0.383294	-0.269337	-0.130693	0.00669785	0.137737	
-1.3274	-1.3274	-1.22033	-1.00687	-0.727483	-0.433604	-0.150121	0.0934228	0.261351	0.370511	0.426048	0.419038	0.362385	0.278889	0.182391	0.112497	0.0817203	0.0796835	0.105806	0.159504	0.232115	0.313199	0.399167	0.485875	0.574655	0.652728	0.725746	0.79806	0.859846	0.901894	0.942981	0.989822	1.01981	1.02036	0.989326	0.907187	0.771242	0.599446	0.404466	0.188694	-0.0358055	-0.247859	-0.408467	-0.494441	-0.511907	-0.466552	-0.35561	-0.22089	-0.0873309	0.0374891	
-1.03809	-1.03809	-0.939084	-0.753078	-0.516274	-0.265408	-0.0280006	0.167497	0.308118	0.394905	0.424644	0.402992	0.33214	0.222689	0.113255	0.0308213	-0.0141976	-0.0116721	0.0226159	0.0785543	0.157099	0.247834	0.331407	0.40838	0.48375	0.556437	0.627561	0.69988	0.759847	0.805915	0.858098	0.914581	0.964301	0.989326	0.968312	0.887811	0.751519	0.581565	0.388142	0.163969	-0.0753244	-0.299086	-0.474341	-0.574517	-0.597078	-0.555035	-0.454893	-0.322885	-0.193883	-0.0794487	
-0.754032	-0.754032	-0.668813	-0.514811	-0.318566	-0.104211	0.0949793	0.25541	0.369843	0.43536	0.442651	0.403763	0.315334	0.190935	0.0655921	-0.03073	-0.0822296	-0.0815142	-0.0429178	0.0220413	0.104513	0.190893	0.272745	0.338974	0.399887	0.464754	0.532842	0.592714	0.640695	0.692148	0.747374	0.80278	0.86454	0.907187	0.887811	0.800637	0.667369	0.504808	0.315548	0.0963393	-0.136387	-0.359577	-0.538079	-0.64309	-0.672047	-0.63812	-0.554317	-0.435043	-0.314686	-0.213285	
-0.509694	-0.509694	-0.433225	-0.303216	-0.138904	0.0454912	0.215414	0.346365	0.438506	0.486918	0.47962	0.42752	0.332624	0.198979	0.0614988	-0.0416562	-0.100446	-0.11477	-0.08198	-0.0136606	0.0705973	0.158839	0.23378	0.29163	0.342269	0.392055	0.444563	0.491936	0.526389	0.569153	0.618793	0.670734	0.731183	0.771242	0.751519	0.667369	0.541309	0.388777	0.206222	0.000582117	-0.216734	-0.425072	-0.592306	-0.691256	-0.724183	-0.705812	-0.638065	-0.533328	-0.430581	-0.341425	
-0.314813	-0.314813	-0.243229	-0.122028	0.0233178	0.176151	0.316511	0.427775	0.508335	0.549938	0.542017	0.484598	0.386352	0.257185	0.121589	0.00497148	-0.0699045	-0.0997493	-0.0819686	-0.0251069	0.0573873	0.145345	0.219581	0.274487	0.315795	0.351441	0.383824	0.408969	0.426587	0.448417	0.478995	0.524602	0.572329	0.599446	0.581565	0.504808	0.388777	0.248733	0.0763757	-0.116405	-0.30665	-0.481673	-0.62642	-0.718072	-0.748542	-0.733929	-0.676559	-0.592088	-0.508741	-0.428787	
-0.164748	-0.164748	-0.101295	0.00610663	0.13406	0.261285	0.382169	0.489562	0.574903	0.61717	0.619869	0.574633	0.483195	0.361654	0.23083	0.10404	0.0129329	-0.034177	-0.0386872	0.000855986	0.0747962	0.15525	0.223196	0.274365	0.315756	0.34532	0.354806	0.344604	0.328944	0.320236	0.328082	0.352035	0.38118	0.404466	0.388142	0.315548	0.206222	0.0763757	-0.0730896	-0.239634	-0.400999	-0.536101	-0.641625	-0.708477	-0.730684	-0.709672	-0.657662	-0.590119	-0.523864	-0.463294	
-0.0523526	-0.0523526	-0.00354378	0.0842475	0.191272	0.303407	0.416607	0.532887	0.626468	0.6824	0.702139	0.678483	0.604459	0.502085	0.375729	0.238929	0.127565	0.0570683	0.033872	0.0594001	0.115184	0.1758	0.234044	0.285374	0.323694	0.34133	0.331172	0.291515	0.233846	0.187612	0.167611	0.166722	0.179496	0.188694	0.163969	0.0963393	0.000582117	-0.116405	-0.239634	-0.369032	-0.491708	-0.589454	-0.652471	-0.680925	-0.677684	-0.641808	-0.590749	-0.539967	-0.490424	-0.453123	
-0.00131712	-0.00131712	0.0353042	0.108398	0.199837	0.299558	0.41566	0.542222	0.650132	0.723699	0.764152	0.765685	0.724338	0.645247	0.527134	0.389816	0.263312	0.171702	0.129126	0.136069	0.169729	0.21315	0.258801	0.307321	0.33731	0.337996	0.31065	0.247166	0.158167	0.0777579	0.0258321	-0.000664476	-0.0147949	-0.0358055	-0.0753244	-0.136387	-0.216734	-0.30665	-0.400999	-0.491708	-0.575066	-0.633947	-0.647743	-0.628425	-0.597038	-0.551417	-0.501565	-0.461347	-0.43384	-0.417131	
-0.0153501	-0.0153501	0.020274	0.0839441	0.161934	0.258823	0.379883	0.512751	0.64034	0.743288	0.802962	0.8238	0.810608	0.755207	0.654502	0.530975	0.403311	0.299208	0.240182	0.222368	0.23308	0.258922	0.288633	0.32049	0.343436	0.337571	0.292914	0.206646	0.101924	0.000383416	-0.0799342	-0.136894	-0.19332	-0.247859	-0.299086	-0.359577	-0.425072	-0.481673	-0.536101	-0.589454	-0.633947	-0.646702	-0.61163	-0.554924	-0.499855	-0.453395	-0.408302	-0.375568	-0.365457	-0.365041	
-0.0623709	-0.0623709	-0.0231389	0.0338181	0.104171	0.204485	0.331796	0.475784	0.621927	0.743322	0.817605	0.856277	0.863786	0.829713	0.748674	0.637968	0.516958	0.41384	0.346945	0.306955	0.28923	0.288126	0.297489	0.312838	0.329818	0.319416	0.263283	0.16419	0.0505072	-0.0670777	-0.166861	-0.248095	-0.331252	-0.408467	-0.474341	-0.538079	-0.592306	-0.62642	-0.641625	-0.652471	-0.647743	-0.61163	-0.541529	-0.465896	-0.396617	-0.350851	-0.311286	-0.289218	-0.298726	-0.318472	
-0.123264	-0.123264	-0.0837282	-0.0216708	0.056287	0.160516	0.294031	0.448477	0.599455	0.726175	0.811913	0.861145	0.882074	0.869603	0.806744	0.709459	0.597523	0.492774	0.41499	0.356685	0.313441	0.289094	0.283933	0.2891	0.298767	0.281546	0.222105	0.122253	0.00447156	-0.116659	-0.227108	-0.323865	-0.410931	-0.494441	-0.574517	-0.64309	-0.691256	-0.718072	-0.708477	-0.680925	-0.628425	-0.554924	-0.465896	-0.37309	-0.295016	-0.244896	-0.211239	-0.203148	-0.22737	-0.269335	
-0.190727	-0.190727	-0.152427	-0.0797356	0.0112271	0.122565	0.261166	0.426403	0.576123	0.698394	0.781785	0.837536	0.865848	0.869273	0.822317	0.739295	0.633499	0.529975	0.439359	0.360332	0.296787	0.262933	0.251276	0.254953	0.261739	0.243939	0.190769	0.100544	-0.00965562	-0.121807	-0.234479	-0.343403	-0.430738	-0.511907	-0.597078	-0.672047	-0.724183	-0.748542	-0.730684	-0.677684	-0.597038	-0.499855	-0.396617	-0.295016	-0.206651	-0.142419	-0.107248	-0.111695	-0.146523	-0.2103	
-0.237275	-0.237275	-0.198611	-0.122735	-0.0248924	0.0923981	0.236797	0.405547	0.559386	0.67593	0.753635	0.805117	0.827551	0.826214	0.788271	0.711319	0.608816	0.505233	0.407546	0.319983	0.25042	0.206535	0.186874	0.194169	0.209873	0.205875	0.173697	0.108499	0.0182716	-0.0816738	-0.191887	-0.297344	-0.383294	-0.466552	-0.555035	-0.63812	-0.705812	-0.733929	-0.709672	-0.641808	-0.551417	-0.453395	-0.350851	-0.244896	-0.142419	-0.0662231	-0.0266506	-0.0312076	-0.0688286	-0.14482	
-0.239693	-0.239693	-0.19932	-0.120014	-0.0227943	0.0886533	0.234226	0.398393	0.555179	0.670532	0.74197	0.776944	0.782159	0.755992	0.703125	0.622014	0.525814	0.426958	0.334532	0.248965	0.174773	0.128601	0.115693	0.130704	0.164039	0.185112	0.186261	0.15466	0.0871568	-0.00435975	-0.100291	-0.188632	-0.269337	-0.35561	-0.454893	-0.554317	-0.638065	-0.676559	-0.657662	-0.590749	-0.501565	-0.408302	-0.311286	-0.211239	-0.107248	-0.0266506	0.0215692	0.037489	0.00774897	-0.0669342	
-0.201492	-0.201492	-0.157376	-0.0767496	0.0133586	0.125338	0.268632	0.41824	0.5623	0.675999	0.728878	0.737971	0.717358	0.664999	0.586875	0.495204	0.407049	0.321888	0.24228	0.160111	0.0881292	0.046316	0.0495823	0.0840934	0.14161	0.189083	0.222108	0.21942	0.173948	0.10571	0.0294112	-0.0507854	-0.130693	-0.22089	-0.322885	-0.435043	-0.533328	-0.592088	-0.590119	-0.539967	-0.461347	-0.375568	-0.289218	-0.203148	-0.111695	-0.0312076	0.037489	0.0759985	0.0665584	0.00877182	
-0.135931	-0.135931	-0.0864375	0.000266665	0.0936048	0.20255	0.334982	0.464469	0.585572	0.67197	0.698558	0.67844	0.626547	0.548701	0.459874	0.365942	0.281839	0.209805	0.146085	0.0819066	0.0222723	-0.00780645	0.00167362	0.0537917	0.13416	0.208304	0.265719	0.290766	0.271033	0.228094	0.168836	0.0912001	0.00669785	-0.0873309	-0.193883	-0.314686	-0.430581	-0.508741	-0.523864	-0.490424	-0.43384	-0.365457	-0.298726	-0.22737	-0.146523	-0.0688286	0.00774897	0.0665584	0.0862649	0.061251	
-0.0495655	-0.0495655	0.00817401	0.101714	0.203919	0.31079	0.421734	0.522193	0.610171	0.656313	0.651732	0.605658	0.527584	0.429147	0.331914	0.242546	0.173565	0.11943	0.0730566	0.0273209	-0.0150495	-0.0279149	-0.0088036	0.0457412	0.131363	0.223577	0.304348	0.354379	0.358311	0.329762	0.281955	0.216542	0.137737	0.0374891	-0.0794487	-0.213285	-0.341425	-0.428787	-0.463294	-0.453123	-0.417131	-0.365041	-0.318472	-0.269335	-0.2103	-0.14482	-0.0669342	0.00877182	0.061251	0.0667484	
