0.986309	1.00027	0.968382	0.895312	0.783204	0.637553	0.462241	0.259331	0.0465788	-0.159917	-0.358946	-0.533403	-0.665627	-0.761362	-0.831306	-0.866904	-0.875067	-0.86461	-0.843997	-0.823429	-0.800639	-0.775759	-0.741697	-0.708307	-0.663291	-0.585721	-0.483497	-0.374502	-0.259062	-0.128681	-0.00763327	0.0932044	0.178425	0.245562	0.301872	0.347937	0.374158	0.373767	0.347667	0.306222	0.260294	0.209907	0.156975	0.107038	0.0580936	0.0118914	-0.0227363	-0.0456848	-0.0606607	-0.0606607	
1.00027	0.970242	0.881669	0.761944	0.613429	0.446162	0.264276	0.0694222	-0.127046	-0.308784	-0.472062	-0.61453	-0.720538	-0.78675	-0.825733	-0.838724	-0.835572	-0.825008	-0.817485	-0.809954	-0.798642	-0.780113	-0.750829	-0.728562	-0.69149	-0.619725	-0.519861	-0.414159	-0.314417	-0.212384	-0.113543	-0.0129615	0.0790273	0.151247	0.217842	0.27926	0.325433	0.352077	0.353614	0.331444	0.301987	0.273392	0.241345	0.199673	0.148074	0.101682	0.0759021	0.0606607	0.044365	0.044365	
0.968382	0.881669	0.745699	0.579257	0.393199	0.207788	0.0216969	-0.156349	-0.31962	-0.456736	-0.577348	-0.681256	-0.751616	-0.780421	-0.78018	-0.76843	-0.754002	-0.745914	-0.748532	-0.748884	-0.746299	-0.732326	-0.709603	-0.692381	-0.660687	-0.603659	-0.521723	-0.437784	-0.362598	-0.292841	-0.226915	-0.147236	-0.0635343	0.0142122	0.0908909	0.168227	0.236232	0.28018	0.309732	0.328717	0.329365	0.324185	0.316929	0.292212	0.252963	0.21482	0.19603	0.189034	0.172925	0.172925	
0.895312	0.761944	0.579257	0.36376	0.152007	-0.045696	-0.225504	-0.378331	-0.503966	-0.60453	-0.682323	-0.735095	-0.76418	-0.755463	-0.721107	-0.683475	-0.655085	-0.644209	-0.647139	-0.654743	-0.658156	-0.64866	-0.636551	-0.624133	-0.601819	-0.563024	-0.504584	-0.450179	-0.407492	-0.373154	-0.329282	-0.267607	-0.204655	-0.130454	-0.0498162	0.0317319	0.11407	0.178482	0.233962	0.292383	0.332912	0.352991	0.367831	0.371234	0.360373	0.341985	0.332449	0.329017	0.312854	0.312854	
0.783204	0.613429	0.393199	0.152007	-0.0722101	-0.268868	-0.435146	-0.565935	-0.663344	-0.727573	-0.759085	-0.769082	-0.760535	-0.718688	-0.65799	-0.598961	-0.558198	-0.536545	-0.532158	-0.54263	-0.550185	-0.551416	-0.551145	-0.547489	-0.536774	-0.515838	-0.490749	-0.466441	-0.447797	-0.439157	-0.415535	-0.373266	-0.320494	-0.25153	-0.175877	-0.0960602	-0.0159082	0.061929	0.143546	0.230911	0.307099	0.3574	0.395866	0.426331	0.446212	0.457997	0.467807	0.472711	0.4624	0.4624	
0.637553	0.446162	0.207788	-0.045696	-0.268868	-0.453201	-0.597955	-0.704654	-0.773474	-0.80642	-0.806668	-0.780683	-0.732258	-0.663089	-0.588047	-0.515583	-0.464717	-0.430955	-0.416031	-0.419767	-0.435763	-0.45529	-0.465564	-0.472361	-0.475071	-0.479057	-0.486063	-0.493203	-0.49932	-0.493614	-0.476452	-0.449704	-0.403826	-0.343625	-0.275051	-0.204405	-0.130944	-0.0420537	0.0525728	0.153972	0.252197	0.329217	0.402	0.465486	0.513802	0.555999	0.586836	0.60064	0.597975	0.597975	
0.462241	0.264276	0.0216969	-0.225504	-0.435146	-0.597955	-0.714288	-0.793459	-0.837547	-0.845173	-0.812168	-0.751335	-0.67169	-0.590553	-0.512522	-0.436151	-0.374409	-0.33209	-0.317254	-0.321444	-0.34371	-0.366123	-0.380605	-0.397372	-0.418347	-0.447268	-0.47678	-0.508508	-0.530869	-0.531314	-0.519708	-0.497821	-0.462854	-0.415988	-0.358522	-0.298799	-0.226771	-0.129904	-0.0257359	0.0828702	0.188717	0.285036	0.387121	0.479696	0.554672	0.622675	0.674798	0.705178	0.716877	0.716877	
0.259331	0.0694222	-0.156349	-0.378331	-0.565935	-0.704654	-0.793459	-0.848744	-0.873018	-0.846801	-0.77491	-0.684482	-0.590461	-0.507589	-0.435241	-0.365962	-0.30082	-0.261544	-0.252523	-0.259597	-0.281914	-0.296972	-0.303537	-0.323521	-0.360941	-0.404869	-0.449553	-0.493811	-0.522851	-0.536167	-0.54063	-0.529014	-0.50168	-0.467541	-0.423248	-0.368289	-0.298004	-0.204027	-0.10083	0.00584742	0.116692	0.230254	0.351932	0.471587	0.576051	0.661088	0.729454	0.781691	0.808285	0.808285	
0.0465788	-0.127046	-0.31962	-0.503966	-0.663344	-0.773474	-0.837547	-0.873018	-0.870707	-0.809605	-0.711075	-0.60547	-0.504753	-0.417796	-0.357213	-0.311049	-0.266968	-0.241265	-0.228381	-0.224946	-0.244171	-0.261037	-0.258522	-0.266408	-0.29885	-0.343576	-0.398355	-0.451734	-0.482455	-0.501562	-0.520986	-0.52577	-0.511765	-0.489981	-0.459238	-0.411167	-0.346948	-0.268705	-0.175837	-0.0745492	0.0370986	0.165299	0.298238	0.434986	0.569812	0.67386	0.755057	0.827336	0.868641	0.868641	
-0.159917	-0.308784	-0.456736	-0.60453	-0.727573	-0.80642	-0.845173	-0.846801	-0.809605	-0.734992	-0.633135	-0.518966	-0.414706	-0.335603	-0.30151	-0.287785	-0.267728	-0.248811	-0.239094	-0.234742	-0.242813	-0.24496	-0.232964	-0.237841	-0.257993	-0.285259	-0.328296	-0.380129	-0.419094	-0.441727	-0.455697	-0.470952	-0.485453	-0.48518	-0.468423	-0.428834	-0.373257	-0.31342	-0.237702	-0.142336	-0.0298842	0.0968445	0.231399	0.376625	0.523996	0.65102	0.750636	0.831265	0.88572	0.88572	
-0.358946	-0.472062	-0.577348	-0.682323	-0.759085	-0.806668	-0.812168	-0.77491	-0.711075	-0.633135	-0.523476	-0.410017	-0.328442	-0.282966	-0.272801	-0.278963	-0.27757	-0.269639	-0.271311	-0.271586	-0.267418	-0.24581	-0.226604	-0.230257	-0.244783	-0.260499	-0.274617	-0.294976	-0.32497	-0.359117	-0.373333	-0.388331	-0.425314	-0.450004	-0.444884	-0.416743	-0.377681	-0.330681	-0.271719	-0.186908	-0.072253	0.0485593	0.17633	0.317422	0.458078	0.590581	0.697872	0.773383	0.82185	0.82185	
-0.533403	-0.61453	-0.681256	-0.735095	-0.769082	-0.780683	-0.751335	-0.684482	-0.60547	-0.518966	-0.410017	-0.31801	-0.267506	-0.249072	-0.249405	-0.270521	-0.294005	-0.303476	-0.299147	-0.287146	-0.275662	-0.258296	-0.244945	-0.238021	-0.242048	-0.247998	-0.245452	-0.233972	-0.240145	-0.274376	-0.293152	-0.309194	-0.3469	-0.382739	-0.388603	-0.372254	-0.352096	-0.317578	-0.266747	-0.188283	-0.0812473	0.032459	0.150841	0.267716	0.38096	0.492901	0.584438	0.641643	0.667771	0.667771	
-0.665627	-0.720538	-0.751616	-0.76418	-0.760535	-0.732258	-0.67169	-0.590461	-0.504753	-0.414706	-0.328442	-0.267506	-0.232066	-0.219566	-0.231041	-0.269384	-0.308474	-0.325941	-0.314935	-0.290681	-0.274317	-0.266238	-0.260038	-0.250889	-0.241402	-0.22993	-0.216715	-0.197602	-0.192043	-0.209315	-0.229637	-0.246368	-0.268128	-0.298599	-0.312176	-0.308165	-0.293706	-0.259565	-0.208368	-0.136698	-0.0503489	0.0436342	0.135781	0.214922	0.287709	0.357271	0.417432	0.450948	0.454661	0.454661	
-0.761362	-0.78675	-0.780421	-0.755463	-0.718688	-0.663089	-0.590553	-0.507589	-0.417796	-0.335603	-0.282966	-0.249072	-0.219566	-0.208967	-0.230181	-0.269198	-0.302222	-0.323049	-0.319342	-0.29609	-0.275899	-0.264359	-0.255171	-0.249545	-0.241579	-0.21817	-0.192855	-0.178324	-0.169953	-0.168456	-0.182229	-0.198011	-0.20326	-0.20755	-0.213041	-0.213045	-0.196803	-0.162247	-0.11254	-0.0575424	-0.00233959	0.0581173	0.113115	0.153637	0.179505	0.20322	0.221644	0.220768	0.218623	0.218623	
-0.831306	-0.825733	-0.78018	-0.721107	-0.65799	-0.588047	-0.512522	-0.435241	-0.357213	-0.30151	-0.272801	-0.249405	-0.231041	-0.230181	-0.241953	-0.259348	-0.283717	-0.30557	-0.302231	-0.276433	-0.260339	-0.255974	-0.246696	-0.237292	-0.233722	-0.220897	-0.193843	-0.170779	-0.160953	-0.156665	-0.15541	-0.152851	-0.132739	-0.105105	-0.0933866	-0.0846477	-0.0662341	-0.0396055	-0.00596289	0.0187775	0.0404327	0.0616111	0.070158	0.0732927	0.0623294	0.0408168	0.0160548	-0.00838574	-0.0110528	-0.0110528	
-0.866904	-0.838724	-0.76843	-0.683475	-0.598961	-0.515583	-0.436151	-0.365962	-0.311049	-0.287785	-0.278963	-0.270521	-0.269384	-0.269198	-0.259348	-0.261055	-0.275207	-0.280476	-0.263429	-0.239512	-0.229023	-0.233129	-0.239781	-0.229863	-0.220144	-0.218948	-0.208059	-0.180244	-0.15871	-0.151304	-0.132674	-0.100688	-0.0536613	-0.00196486	0.0288448	0.0488316	0.0697769	0.0902451	0.102501	0.0928393	0.0747111	0.0512631	0.010249	-0.0311654	-0.0699707	-0.121298	-0.179773	-0.215096	-0.21429	-0.21429	
-0.875067	-0.835572	-0.754002	-0.655085	-0.558198	-0.464717	-0.374409	-0.30082	-0.266968	-0.267728	-0.27757	-0.294005	-0.308474	-0.302222	-0.283717	-0.275207	-0.265868	-0.245922	-0.224626	-0.214073	-0.207208	-0.212423	-0.227524	-0.228736	-0.217721	-0.212803	-0.214326	-0.188227	-0.149869	-0.12462	-0.0889499	-0.0341474	0.0260239	0.0802529	0.126566	0.16245	0.189429	0.204619	0.195601	0.158878	0.103235	0.0339738	-0.0522885	-0.138099	-0.207613	-0.278414	-0.35231	-0.393105	-0.393244	-0.393244	
-0.86461	-0.825008	-0.745914	-0.644209	-0.536545	-0.430955	-0.33209	-0.261544	-0.241265	-0.248811	-0.269639	-0.303476	-0.325941	-0.323049	-0.30557	-0.280476	-0.245922	-0.217215	-0.200907	-0.196516	-0.19861	-0.206509	-0.214058	-0.216325	-0.212492	-0.207589	-0.204391	-0.179786	-0.132627	-0.0846753	-0.0371836	0.0284043	0.0972529	0.154837	0.211857	0.25552	0.281912	0.286851	0.256126	0.193526	0.110217	0.00938884	-0.109675	-0.22727	-0.327215	-0.41505	-0.492151	-0.54127	-0.553525	-0.553525	
-0.843997	-0.817485	-0.748532	-0.647139	-0.532158	-0.416031	-0.317254	-0.252523	-0.228381	-0.239094	-0.271311	-0.299147	-0.314935	-0.319342	-0.302231	-0.263429	-0.224626	-0.200907	-0.190761	-0.196228	-0.204053	-0.211101	-0.208133	-0.195591	-0.188618	-0.184595	-0.172217	-0.146368	-0.106721	-0.0473738	0.0206395	0.088143	0.153667	0.217363	0.277402	0.320636	0.338193	0.323362	0.277176	0.200132	0.0962183	-0.0239939	-0.15886	-0.298953	-0.425611	-0.52371	-0.597418	-0.653409	-0.68122	-0.68122	
-0.823429	-0.809954	-0.748884	-0.654743	-0.54263	-0.419767	-0.321444	-0.259597	-0.224946	-0.234742	-0.271586	-0.287146	-0.290681	-0.29609	-0.276433	-0.239512	-0.214073	-0.196516	-0.196228	-0.215266	-0.221492	-0.215492	-0.202028	-0.172416	-0.144285	-0.133014	-0.116009	-0.090722	-0.0615278	0.00077372	0.0804531	0.141871	0.198437	0.258901	0.307172	0.344025	0.353919	0.320271	0.260882	0.172454	0.0564248	-0.0692545	-0.207562	-0.352987	-0.487754	-0.594425	-0.667591	-0.726196	-0.770784	-0.770784	
-0.800639	-0.798642	-0.746299	-0.658156	-0.550185	-0.435763	-0.34371	-0.281914	-0.244171	-0.242813	-0.267418	-0.275662	-0.274317	-0.275899	-0.260339	-0.229023	-0.207208	-0.19861	-0.204053	-0.221492	-0.223383	-0.209941	-0.185656	-0.144776	-0.106034	-0.0805379	-0.0525493	-0.0253261	0.00714445	0.0683712	0.139423	0.193838	0.241033	0.288975	0.322145	0.336196	0.321311	0.26881	0.194547	0.0994279	-0.0133645	-0.13165	-0.255551	-0.386635	-0.515204	-0.619403	-0.697836	-0.765042	-0.810513	-0.810513	
-0.775759	-0.780113	-0.732326	-0.64866	-0.551416	-0.45529	-0.366123	-0.296972	-0.261037	-0.24496	-0.24581	-0.258296	-0.266238	-0.264359	-0.255974	-0.233129	-0.212423	-0.206509	-0.211101	-0.215492	-0.209941	-0.196189	-0.165692	-0.125188	-0.0806378	-0.0366611	0.00475145	0.0469941	0.0995878	0.15738	0.204186	0.250296	0.286026	0.304333	0.31132	0.294712	0.250875	0.180859	0.0917393	-0.00461505	-0.105942	-0.209159	-0.312366	-0.418194	-0.521172	-0.614279	-0.693582	-0.753647	-0.788819	-0.788819	
-0.741697	-0.750829	-0.709603	-0.636551	-0.551145	-0.465564	-0.380605	-0.303537	-0.258522	-0.232964	-0.226604	-0.244945	-0.260038	-0.255171	-0.246696	-0.239781	-0.227524	-0.214058	-0.208133	-0.202028	-0.185656	-0.165692	-0.145625	-0.113724	-0.0571982	0.00283063	0.0539578	0.112523	0.184412	0.243839	0.277733	0.308164	0.322883	0.308736	0.275494	0.218451	0.149104	0.0724843	-0.0203993	-0.114879	-0.206837	-0.296987	-0.379529	-0.456378	-0.521966	-0.589632	-0.657209	-0.696311	-0.712824	-0.712824	
-0.708307	-0.728562	-0.692381	-0.624133	-0.547489	-0.472361	-0.397372	-0.323521	-0.266408	-0.237841	-0.230257	-0.238021	-0.250889	-0.249545	-0.237292	-0.229863	-0.228736	-0.216325	-0.195591	-0.172416	-0.144776	-0.125188	-0.113724	-0.0826933	-0.0240607	0.0374693	0.0989086	0.17271	0.247356	0.299947	0.330527	0.34349	0.334582	0.296806	0.225333	0.132277	0.0368027	-0.0523585	-0.13957	-0.222307	-0.301755	-0.375738	-0.43644	-0.487143	-0.522481	-0.560335	-0.599379	-0.608914	-0.606922	-0.606922	
-0.663291	-0.69149	-0.660687	-0.601819	-0.536774	-0.475071	-0.418347	-0.360941	-0.29885	-0.257993	-0.244783	-0.242048	-0.241402	-0.241579	-0.233722	-0.220144	-0.217721	-0.212492	-0.188618	-0.144285	-0.106034	-0.0806378	-0.0571982	-0.0240607	0.0231259	0.0829244	0.159558	0.231956	0.292666	0.336371	0.351362	0.336747	0.306106	0.25282	0.153573	0.0363729	-0.0749631	-0.173583	-0.253286	-0.324494	-0.386801	-0.437509	-0.473167	-0.492919	-0.50677	-0.520988	-0.525621	-0.516154	-0.509509	-0.509509	
-0.585721	-0.619725	-0.603659	-0.563024	-0.515838	-0.479057	-0.447268	-0.404869	-0.343576	-0.285259	-0.260499	-0.247998	-0.22993	-0.21817	-0.220897	-0.218948	-0.212803	-0.207589	-0.184595	-0.133014	-0.0805379	-0.0366611	0.00283063	0.0374693	0.0829244	0.154272	0.236706	0.290903	0.329612	0.358065	0.345805	0.299026	0.238701	0.162465	0.0555012	-0.0679621	-0.181975	-0.27538	-0.346604	-0.403095	-0.450266	-0.484597	-0.494467	-0.490318	-0.489538	-0.474594	-0.4434	-0.422573	-0.416548	-0.416548	
-0.483497	-0.519861	-0.521723	-0.504584	-0.490749	-0.486063	-0.47678	-0.449553	-0.398355	-0.328296	-0.274617	-0.245452	-0.216715	-0.192855	-0.193843	-0.208059	-0.214326	-0.204391	-0.172217	-0.116009	-0.0525493	0.00475145	0.0539578	0.0989086	0.159558	0.236706	0.299565	0.332999	0.349381	0.344068	0.298316	0.229124	0.149257	0.0513811	-0.0511186	-0.154319	-0.255376	-0.344433	-0.416553	-0.466912	-0.50606	-0.524717	-0.511828	-0.488943	-0.462741	-0.420648	-0.364356	-0.328862	-0.330499	-0.330499	
-0.374502	-0.414159	-0.437784	-0.450179	-0.466441	-0.493203	-0.508508	-0.493811	-0.451734	-0.380129	-0.294976	-0.233972	-0.197602	-0.178324	-0.170779	-0.180244	-0.188227	-0.179786	-0.146368	-0.090722	-0.0253261	0.0469941	0.112523	0.17271	0.231956	0.290903	0.332999	0.352262	0.340314	0.28969	0.22184	0.141438	0.0451027	-0.0605841	-0.149081	-0.226478	-0.312291	-0.392372	-0.464384	-0.514197	-0.538374	-0.542582	-0.51569	-0.47219	-0.422861	-0.362367	-0.298873	-0.262486	-0.263932	-0.263932	
-0.259062	-0.314417	-0.362598	-0.407492	-0.447797	-0.49932	-0.530869	-0.522851	-0.482455	-0.419094	-0.32497	-0.240145	-0.192043	-0.169953	-0.160953	-0.15871	-0.149869	-0.132627	-0.106721	-0.0615278	0.00714445	0.0995878	0.184412	0.247356	0.292666	0.329612	0.349381	0.340314	0.293183	0.21158	0.135118	0.0485293	-0.0672556	-0.175428	-0.249005	-0.306017	-0.369728	-0.432854	-0.490568	-0.524296	-0.527353	-0.518787	-0.487478	-0.434495	-0.378472	-0.316861	-0.261867	-0.231673	-0.220156	-0.220156	
-0.128681	-0.212384	-0.292841	-0.373154	-0.439157	-0.493614	-0.531314	-0.536167	-0.501562	-0.441727	-0.359117	-0.274376	-0.209315	-0.168456	-0.156665	-0.151304	-0.12462	-0.0846753	-0.0473738	0.00077372	0.0683712	0.15738	0.243839	0.299947	0.336371	0.358065	0.344068	0.28969	0.21158	0.127532	0.046898	-0.0510242	-0.167041	-0.267624	-0.343277	-0.395839	-0.435015	-0.473274	-0.498963	-0.501698	-0.484471	-0.459553	-0.427596	-0.379456	-0.329542	-0.285821	-0.251562	-0.227042	-0.20342	-0.20342	
-0.00763327	-0.113543	-0.226915	-0.329282	-0.415535	-0.476452	-0.519708	-0.54063	-0.520986	-0.455697	-0.373333	-0.293152	-0.229637	-0.182229	-0.15541	-0.132674	-0.0889499	-0.0371836	0.0206395	0.0804531	0.139423	0.204186	0.277733	0.330527	0.351362	0.345805	0.298316	0.22184	0.135118	0.046898	-0.0493944	-0.155442	-0.253984	-0.340714	-0.413474	-0.46349	-0.492459	-0.504718	-0.493261	-0.46719	-0.430709	-0.386998	-0.354012	-0.319443	-0.284692	-0.266237	-0.253384	-0.232093	-0.206	-0.206	
0.0932044	-0.0129615	-0.147236	-0.267607	-0.373266	-0.449704	-0.497821	-0.529014	-0.52577	-0.470952	-0.388331	-0.309194	-0.246368	-0.198011	-0.152851	-0.100688	-0.0341474	0.0284043	0.088143	0.141871	0.193838	0.250296	0.308164	0.34349	0.336747	0.299026	0.229124	0.141438	0.0485293	-0.0510242	-0.155442	-0.251086	-0.330305	-0.402103	-0.461341	-0.498959	-0.513456	-0.502339	-0.466311	-0.426064	-0.382124	-0.329903	-0.294716	-0.268773	-0.247935	-0.24728	-0.249432	-0.239055	-0.224216	-0.224216	
0.178425	0.0790273	-0.0635343	-0.204655	-0.320494	-0.403826	-0.462854	-0.50168	-0.511765	-0.485453	-0.425314	-0.3469	-0.268128	-0.20326	-0.132739	-0.0536613	0.0260239	0.0972529	0.153667	0.198437	0.241033	0.286026	0.322883	0.334582	0.306106	0.238701	0.149257	0.0451027	-0.0672556	-0.167041	-0.253984	-0.330305	-0.3936	-0.445582	-0.485367	-0.511988	-0.509566	-0.473788	-0.423657	-0.375045	-0.328585	-0.286187	-0.255048	-0.234647	-0.227168	-0.228316	-0.237552	-0.249473	-0.24787	-0.24787	
0.245562	0.151247	0.0142122	-0.130454	-0.25153	-0.343625	-0.415988	-0.467541	-0.489981	-0.48518	-0.450004	-0.382739	-0.298599	-0.20755	-0.105105	-0.00196486	0.0802529	0.154837	0.217363	0.258901	0.288975	0.304333	0.308736	0.296806	0.25282	0.162465	0.0513811	-0.0605841	-0.175428	-0.267624	-0.340714	-0.402103	-0.445582	-0.473627	-0.487175	-0.493685	-0.479958	-0.436476	-0.383322	-0.331214	-0.28403	-0.248063	-0.222521	-0.210539	-0.208259	-0.209665	-0.230329	-0.261442	-0.273923	-0.273923	
0.301872	0.217842	0.0908909	-0.0498162	-0.175877	-0.275051	-0.358522	-0.423248	-0.459238	-0.468423	-0.444884	-0.388603	-0.312176	-0.213041	-0.0933866	0.0288448	0.126566	0.211857	0.277402	0.307172	0.322145	0.31132	0.275494	0.225333	0.153573	0.0555012	-0.0511186	-0.149081	-0.249005	-0.343277	-0.413474	-0.461341	-0.485367	-0.487175	-0.479917	-0.461819	-0.430069	-0.388879	-0.340256	-0.291084	-0.248514	-0.218517	-0.204736	-0.201681	-0.199077	-0.205553	-0.231508	-0.26174	-0.280625	-0.280625	
0.347937	0.27926	0.168227	0.0317319	-0.0960602	-0.204405	-0.298799	-0.368289	-0.411167	-0.428834	-0.416743	-0.372254	-0.308165	-0.213045	-0.0846477	0.0488316	0.16245	0.25552	0.320636	0.344025	0.336196	0.294712	0.218451	0.132277	0.0363729	-0.0679621	-0.154319	-0.226478	-0.306017	-0.395839	-0.46349	-0.498959	-0.511988	-0.493685	-0.461819	-0.420416	-0.368847	-0.327771	-0.291814	-0.253699	-0.223181	-0.205807	-0.202732	-0.208113	-0.211372	-0.221269	-0.23664	-0.245727	-0.255351	-0.255351	
0.374158	0.325433	0.236232	0.11407	-0.0159082	-0.130944	-0.226771	-0.298004	-0.346948	-0.373257	-0.377681	-0.352096	-0.293706	-0.196803	-0.0662341	0.0697769	0.189429	0.281912	0.338193	0.353919	0.321311	0.250875	0.149104	0.0368027	-0.0749631	-0.181975	-0.255376	-0.312291	-0.369728	-0.435015	-0.492459	-0.513456	-0.509566	-0.479958	-0.430069	-0.368847	-0.306365	-0.26884	-0.247038	-0.22793	-0.219528	-0.211167	-0.205277	-0.216624	-0.229154	-0.237323	-0.237722	-0.225996	-0.222668	-0.222668	
0.373767	0.352077	0.28018	0.178482	0.061929	-0.0420537	-0.129904	-0.204027	-0.268705	-0.31342	-0.330681	-0.317578	-0.259565	-0.162247	-0.0396055	0.0902451	0.204619	0.286851	0.323362	0.320271	0.26881	0.180859	0.0724843	-0.0523585	-0.173583	-0.27538	-0.344433	-0.392372	-0.432854	-0.473274	-0.504718	-0.502339	-0.473788	-0.436476	-0.388879	-0.327771	-0.26884	-0.228423	-0.20869	-0.208038	-0.215132	-0.215519	-0.216097	-0.230384	-0.246187	-0.247464	-0.230509	-0.20707	-0.197249	-0.197249	
0.347667	0.353614	0.309732	0.233962	0.143546	0.0525728	-0.0257359	-0.10083	-0.175837	-0.237702	-0.271719	-0.266747	-0.208368	-0.11254	-0.00596289	0.102501	0.195601	0.256126	0.277176	0.260882	0.194547	0.0917393	-0.0203993	-0.13957	-0.253286	-0.346604	-0.416553	-0.464384	-0.490568	-0.498963	-0.493261	-0.466311	-0.423657	-0.383322	-0.340256	-0.291814	-0.247038	-0.20869	-0.192135	-0.199644	-0.210167	-0.218436	-0.2297	-0.240954	-0.245862	-0.237914	-0.217574	-0.199329	-0.192884	-0.192884	
0.306222	0.331444	0.328717	0.292383	0.230911	0.153972	0.0828702	0.00584742	-0.0745492	-0.142336	-0.186908	-0.188283	-0.136698	-0.0575424	0.0187775	0.0928393	0.158878	0.193526	0.200132	0.172454	0.0994279	-0.00461505	-0.114879	-0.222307	-0.324494	-0.403095	-0.466912	-0.514197	-0.524296	-0.501698	-0.46719	-0.426064	-0.375045	-0.331214	-0.291084	-0.253699	-0.22793	-0.208038	-0.199644	-0.200023	-0.207623	-0.225069	-0.238614	-0.24042	-0.231641	-0.21641	-0.205978	-0.202724	-0.199475	-0.199475	
0.260294	0.301987	0.329365	0.332912	0.307099	0.252197	0.188717	0.116692	0.0370986	-0.0298842	-0.072253	-0.0812473	-0.0503489	-0.00233959	0.0404327	0.0747111	0.103235	0.110217	0.0962183	0.0564248	-0.0133645	-0.105942	-0.206837	-0.301755	-0.386801	-0.450266	-0.50606	-0.538374	-0.527353	-0.484471	-0.430709	-0.382124	-0.328585	-0.28403	-0.248514	-0.223181	-0.219528	-0.215132	-0.210167	-0.207623	-0.210143	-0.230374	-0.24229	-0.230755	-0.21582	-0.203826	-0.200457	-0.204616	-0.2018	-0.2018	
0.209907	0.273392	0.324185	0.352991	0.3574	0.329217	0.285036	0.230254	0.165299	0.0968445	0.0485593	0.032459	0.0436342	0.0581173	0.0616111	0.0512631	0.0339738	0.00938884	-0.0239939	-0.0692545	-0.13165	-0.209159	-0.296987	-0.375738	-0.437509	-0.484597	-0.524717	-0.542582	-0.518787	-0.459553	-0.386998	-0.329903	-0.286187	-0.248063	-0.218517	-0.205807	-0.211167	-0.215519	-0.218436	-0.225069	-0.230374	-0.236655	-0.231876	-0.211604	-0.19849	-0.195565	-0.198451	-0.20616	-0.206987	-0.206987	
0.156975	0.241345	0.316929	0.367831	0.395866	0.402	0.387121	0.351932	0.298238	0.231399	0.17633	0.150841	0.135781	0.113115	0.070158	0.010249	-0.0522885	-0.109675	-0.15886	-0.207562	-0.255551	-0.312366	-0.379529	-0.43644	-0.473167	-0.494467	-0.511828	-0.51569	-0.487478	-0.427596	-0.354012	-0.294716	-0.255048	-0.222521	-0.204736	-0.202732	-0.205277	-0.216097	-0.2297	-0.238614	-0.24229	-0.231876	-0.211175	-0.194887	-0.190461	-0.1943	-0.198776	-0.205407	-0.213249	-0.213249	
0.107038	0.199673	0.292212	0.371234	0.426331	0.465486	0.479696	0.471587	0.434986	0.376625	0.317422	0.267716	0.214922	0.153637	0.0732927	-0.0311654	-0.138099	-0.22727	-0.298953	-0.352987	-0.386635	-0.418194	-0.456378	-0.487143	-0.492919	-0.490318	-0.488943	-0.47219	-0.434495	-0.379456	-0.319443	-0.268773	-0.234647	-0.210539	-0.201681	-0.208113	-0.216624	-0.230384	-0.240954	-0.24042	-0.230755	-0.211604	-0.194887	-0.188641	-0.192036	-0.199152	-0.20017	-0.203331	-0.214349	-0.214349	
0.0580936	0.148074	0.252963	0.360373	0.446212	0.513802	0.554672	0.576051	0.569812	0.523996	0.458078	0.38096	0.287709	0.179505	0.0623294	-0.0699707	-0.207613	-0.327215	-0.425611	-0.487754	-0.515204	-0.521172	-0.521966	-0.522481	-0.50677	-0.489538	-0.462741	-0.422861	-0.378472	-0.329542	-0.284692	-0.247935	-0.227168	-0.208259	-0.199077	-0.211372	-0.229154	-0.246187	-0.245862	-0.231641	-0.21582	-0.19849	-0.190461	-0.192036	-0.198603	-0.203901	-0.20193	-0.200588	-0.203022	-0.203022	
0.0118914	0.101682	0.21482	0.341985	0.457997	0.555999	0.622675	0.661088	0.67386	0.65102	0.590581	0.492901	0.357271	0.20322	0.0408168	-0.121298	-0.278414	-0.41505	-0.52371	-0.594425	-0.619403	-0.614279	-0.589632	-0.560335	-0.520988	-0.474594	-0.420648	-0.362367	-0.316861	-0.285821	-0.266237	-0.24728	-0.228316	-0.209665	-0.205553	-0.221269	-0.237323	-0.247464	-0.237914	-0.21641	-0.203826	-0.195565	-0.1943	-0.199152	-0.203901	-0.21006	-0.206802	-0.194085	-0.188224	-0.188224	
-0.0227363	0.0759021	0.19603	0.332449	0.467807	0.586836	0.674798	0.729454	0.755057	0.750636	0.697872	0.584438	0.417432	0.221644	0.0160548	-0.179773	-0.35231	-0.492151	-0.597418	-0.667591	-0.697836	-0.693582	-0.657209	-0.599379	-0.525621	-0.4434	-0.364356	-0.298873	-0.261867	-0.251562	-0.253384	-0.249432	-0.237552	-0.230329	-0.231508	-0.23664	-0.237722	-0.230509	-0.217574	-0.205978	-0.200457	-0.198451	-0.198776	-0.20017	-0.20193	-0.206802	-0.206253	-0.195721	-0.187873	-0.187873	
-0.0456848	0.0606607	0.189034	0.329017	0.472711	0.60064	0.705178	0.781691	0.827336	0.831265	0.773383	0.641643	0.450948	0.220768	-0.00838574	-0.215096	-0.393105	-0.54127	-0.653409	-0.726196	-0.765042	-0.753647	-0.696311	-0.608914	-0.516154	-0.422573	-0.328862	-0.262486	-0.231673	-0.227042	-0.232093	-0.239055	-0.249473	-0.261442	-0.26174	-0.245727	-0.225996	-0.20707	-0.199329	-0.202724	-0.204616	-0.20616	-0.205407	-0.203331	-0.200588	-0.194085	-0.195721	-0.200759	-0.195485	-0.195485	
-0.0606607	0.044365	0.172925	0.312854	0.4624	0.597975	0.716877	0.808285	0.868641	0.88572	0.82185	0.667771	0.454661	0.218623	-0.0110528	-0.21429	-0.393244	-0.553525	-0.68122	-0.770784	-0.810513	-0.788819	-0.712824	-0.606922	-0.509509	-0.416548	-0.330499	-0.263932	-0.220156	-0.20342	-0.206	-0.224216	-0.24787	-0.273923	-0.280625	-0.255351	-0.222668	-0.197249	-0.192884	-0.199475	-0.2018	-0.206987	-0.213249	-0.214349	-0.203022	-0.188224	-0.187873	-0.195485	-0.199575	-0.199575	
-0.0606607	0.044365	0.172925	0.312854	0.4624	0.597975	0.716877	0.808285	0.868641	0.88572	0.82185	0.667771	0.454661	0.218623	-0.0110528	-0.21429	-0.393244	-0.553525	-0.68122	-0.770784	-0.810513	-0.788819	-0.712824	-0.606922	-0.509509	-0.416548	-0.330499	-0.263932	-0.220156	-0.20342	-0.206	-0.224216	-0.24787	-0.273923	-0.280625	-0.255351	-0.222668	-0.197249	-0.192884	-0.199475	-0.2018	-0.206987	-0.213249	-0.214349	-0.203022	-0.188224	-0.187873	-0.195485	-0.199575	-0.199575	
