1.3651	1.25965	1.09243	0.884936	0.669058	0.462019	0.293388	0.156073	0.0485326	-0.0224568	-0.0557037	-0.0576282	-0.0408978	-0.00434625	0.0554109	0.12151	0.170835	0.193759	0.190118	0.152078	0.0907606	0.0141149	-0.0645539	-0.134496	-0.219444	-0.28438	-0.311083	-0.290723	-0.230437	-0.124755	0.0328583	0.218736	0.405381	0.564192	0.686933	0.77199	0.828848	0.856305	0.844378	0.789235	0.716693	0.638784	0.548573	0.453453	0.356358	0.265402	0.189873	0.137332	0.117581	0.117581	
1.25965	1.18072	1.04542	0.868916	0.6803	0.511252	0.375723	0.258143	0.154531	0.0758603	0.0287196	0.0085026	0.00498031	0.0233192	0.0646521	0.120996	0.164186	0.187442	0.186502	0.160705	0.117077	0.0585652	-0.0103489	-0.0831155	-0.174993	-0.250972	-0.293963	-0.288068	-0.228438	-0.122616	0.0456812	0.244581	0.434321	0.598254	0.721446	0.798313	0.847881	0.865598	0.839608	0.761406	0.656316	0.542747	0.414373	0.283802	0.157294	0.0511139	-0.0280693	-0.0772566	-0.0935799	-0.0935799	
1.09243	1.04542	0.948947	0.813013	0.670163	0.547744	0.449907	0.360034	0.274543	0.200926	0.139747	0.101965	0.0767163	0.0712309	0.0860851	0.117245	0.144997	0.162035	0.162799	0.149504	0.125472	0.0857367	0.0275383	-0.0407656	-0.125784	-0.206624	-0.254985	-0.254955	-0.199702	-0.097883	0.0634336	0.249858	0.430937	0.588792	0.703088	0.775268	0.816687	0.826897	0.789455	0.697332	0.567323	0.424972	0.268283	0.111347	-0.0252085	-0.135607	-0.210152	-0.250467	-0.261934	-0.261934	
0.884936	0.868916	0.813013	0.727957	0.642445	0.57471	0.51603	0.460622	0.405533	0.343639	0.273294	0.211604	0.159574	0.123374	0.107445	0.105159	0.113575	0.11905	0.118151	0.113111	0.105451	0.0840563	0.0440964	-0.012523	-0.0837271	-0.156614	-0.20153	-0.195962	-0.14305	-0.0458427	0.0918443	0.248659	0.401003	0.533805	0.636028	0.700988	0.734887	0.737058	0.689404	0.589584	0.450415	0.292663	0.122897	-0.0374666	-0.166189	-0.266751	-0.332243	-0.367632	-0.375722	-0.375722	
0.669058	0.6803	0.670163	0.642445	0.612634	0.584263	0.564959	0.554414	0.535123	0.490465	0.416878	0.329976	0.246113	0.174843	0.120706	0.0859618	0.072356	0.0677448	0.0617777	0.0602899	0.059139	0.0545664	0.0372107	-0.000284137	-0.0478605	-0.0993946	-0.12739	-0.113608	-0.0634662	0.0226685	0.128419	0.240962	0.347918	0.444634	0.529682	0.585249	0.609937	0.602765	0.547044	0.447843	0.314862	0.156002	-0.00893326	-0.156105	-0.264717	-0.342046	-0.396759	-0.425536	-0.433326	-0.433326	
0.462019	0.511252	0.547744	0.57471	0.584263	0.594677	0.614119	0.639725	0.651103	0.622248	0.54472	0.432839	0.316905	0.214574	0.125823	0.0627655	0.0290954	0.0105756	0.000998192	-0.00322508	0.00359778	0.0183713	0.0207298	0.0038189	-0.0198713	-0.0423961	-0.0467844	-0.019926	0.0298578	0.103764	0.178422	0.23866	0.292942	0.351808	0.412019	0.451376	0.461718	0.436704	0.37639	0.281997	0.164934	0.0264197	-0.117989	-0.239327	-0.323729	-0.378653	-0.425157	-0.451129	-0.464212	-0.464212	
0.293388	0.375723	0.449907	0.51603	0.564959	0.614119	0.665488	0.713494	0.741822	0.720285	0.638775	0.512904	0.377261	0.249712	0.13032	0.0409699	-0.0173222	-0.052986	-0.0698693	-0.0790168	-0.062203	-0.0279488	-0.00517801	0.0061219	0.0128497	0.0234285	0.0461242	0.0786796	0.130005	0.190389	0.234072	0.249494	0.255669	0.277177	0.304526	0.316487	0.302319	0.264509	0.202938	0.119981	0.0277872	-0.0823923	-0.197991	-0.295127	-0.365425	-0.40863	-0.446815	-0.475967	-0.492341	-0.492341	
0.156073	0.258143	0.360034	0.460622	0.554414	0.639725	0.713494	0.775522	0.805177	0.781934	0.699005	0.567985	0.424295	0.280094	0.143073	0.0248007	-0.0607128	-0.113835	-0.145313	-0.154797	-0.126468	-0.0767487	-0.031879	0.0115604	0.0564382	0.101973	0.149068	0.189116	0.235677	0.278886	0.2892	0.268117	0.239632	0.226173	0.217565	0.189342	0.146111	0.0920297	0.0262759	-0.0404257	-0.111056	-0.181353	-0.257142	-0.330568	-0.385665	-0.429534	-0.464956	-0.497429	-0.520775	-0.520775	
0.0485326	0.154531	0.274543	0.405533	0.535123	0.651103	0.741822	0.805177	0.830122	0.80716	0.725752	0.59902	0.460815	0.309095	0.1593	0.0225738	-0.0803208	-0.145033	-0.188059	-0.191931	-0.160974	-0.105708	-0.0348678	0.0374346	0.120307	0.194647	0.254133	0.297403	0.329791	0.350753	0.33065	0.283929	0.229917	0.181802	0.130867	0.0605748	-0.0115765	-0.0790246	-0.142833	-0.196423	-0.241278	-0.278113	-0.312907	-0.354671	-0.399241	-0.437154	-0.467637	-0.498226	-0.521425	-0.521425	
-0.0224568	0.0758603	0.200926	0.343639	0.490465	0.622248	0.720285	0.781934	0.80716	0.783331	0.710571	0.60053	0.472879	0.332259	0.182458	0.0431676	-0.0669963	-0.13441	-0.170706	-0.172819	-0.139557	-0.0769265	0.00519112	0.0999795	0.202567	0.292717	0.356804	0.392183	0.407848	0.395801	0.349934	0.279904	0.200146	0.121411	0.0309775	-0.0691239	-0.1616	-0.24013	-0.299137	-0.339006	-0.363769	-0.368935	-0.365411	-0.371989	-0.396095	-0.427792	-0.451536	-0.476768	-0.499181	-0.499181	
-0.0557037	0.0287196	0.139747	0.273294	0.416878	0.54472	0.638775	0.699005	0.725752	0.710571	0.650021	0.565296	0.457784	0.339497	0.206584	0.0775106	-0.0155965	-0.0683878	-0.088954	-0.086528	-0.0499463	0.0136093	0.0988079	0.198863	0.303152	0.395974	0.453408	0.472054	0.458305	0.415616	0.342416	0.243941	0.137729	0.0299041	-0.0872901	-0.199237	-0.300689	-0.38344	-0.434573	-0.46205	-0.466505	-0.45019	-0.413387	-0.383677	-0.384955	-0.401015	-0.417019	-0.43496	-0.454491	-0.454491	
-0.0576282	0.0085026	0.101965	0.211604	0.329976	0.432839	0.512904	0.567985	0.59902	0.60053	0.565296	0.505172	0.431983	0.345488	0.238637	0.133603	0.0681186	0.0354899	0.0272382	0.0362306	0.0755599	0.142751	0.224144	0.320125	0.416066	0.505144	0.546198	0.536181	0.489565	0.411521	0.303846	0.170526	0.0345533	-0.0973692	-0.219589	-0.329149	-0.423503	-0.497266	-0.540094	-0.550793	-0.541148	-0.509827	-0.453182	-0.397806	-0.373464	-0.370629	-0.368824	-0.375856	-0.388375	-0.388375	
-0.0408978	0.00498031	0.0767163	0.159574	0.246113	0.316905	0.377261	0.424295	0.460815	0.472879	0.457784	0.431983	0.396136	0.345505	0.274869	0.211072	0.175978	0.166751	0.173775	0.192154	0.234719	0.302861	0.371544	0.448939	0.525909	0.594714	0.610821	0.57107	0.494826	0.38362	0.241461	0.069142	-0.0940078	-0.238765	-0.359583	-0.454388	-0.529503	-0.586425	-0.613929	-0.609272	-0.587599	-0.544553	-0.479872	-0.41091	-0.365037	-0.339745	-0.315361	-0.305853	-0.30879	-0.30879	
-0.00434625	0.0233192	0.0712309	0.123374	0.174843	0.214574	0.249712	0.280094	0.309095	0.332259	0.339497	0.345488	0.345505	0.338646	0.315625	0.302446	0.308659	0.330716	0.35329	0.377866	0.421385	0.476582	0.527208	0.581024	0.625535	0.65528	0.637848	0.564151	0.458674	0.318286	0.146724	-0.0459927	-0.220807	-0.364329	-0.478624	-0.559243	-0.612836	-0.64641	-0.655651	-0.636849	-0.59947	-0.550112	-0.486291	-0.41719	-0.364756	-0.320942	-0.276378	-0.250108	-0.239838	-0.239838	
0.0554109	0.0646521	0.0860851	0.107445	0.120706	0.125823	0.13032	0.143073	0.1593	0.182458	0.206584	0.238637	0.274869	0.315625	0.356162	0.405761	0.462052	0.518419	0.559014	0.586909	0.62136	0.659658	0.69159	0.709354	0.703521	0.678631	0.616134	0.511592	0.382219	0.22258	0.0382306	-0.152448	-0.320822	-0.456499	-0.562751	-0.633688	-0.664829	-0.673075	-0.661778	-0.627017	-0.582626	-0.529221	-0.475384	-0.422424	-0.371217	-0.323835	-0.268449	-0.225476	-0.204812	-0.204812	
0.12151	0.120996	0.117245	0.105159	0.0859618	0.0627655	0.0409699	0.0248007	0.0225738	0.0431676	0.0775106	0.133603	0.211072	0.302446	0.405761	0.514462	0.621613	0.711359	0.764378	0.794371	0.813946	0.830672	0.836731	0.810677	0.752498	0.669965	0.56668	0.438388	0.286019	0.115786	-0.0676682	-0.242981	-0.391802	-0.513709	-0.610355	-0.672835	-0.689262	-0.673404	-0.642478	-0.596032	-0.543923	-0.494049	-0.450945	-0.415136	-0.378748	-0.338305	-0.287929	-0.241939	-0.214501	-0.214501	
0.170835	0.164186	0.144997	0.113575	0.072356	0.0290954	-0.0173222	-0.0607128	-0.0803208	-0.0669963	-0.0155965	0.0681186	0.175978	0.308659	0.462052	0.621613	0.769397	0.88241	0.946447	0.971698	0.976333	0.968619	0.942401	0.878072	0.776656	0.650531	0.512331	0.364702	0.199282	0.0241827	-0.148306	-0.303478	-0.432523	-0.538823	-0.629694	-0.688062	-0.699782	-0.669501	-0.6201	-0.565768	-0.508034	-0.461142	-0.425924	-0.400984	-0.378647	-0.350446	-0.314788	-0.277334	-0.251508	-0.251508	
0.193759	0.187442	0.162035	0.11905	0.0677448	0.0105756	-0.052986	-0.113835	-0.145033	-0.13441	-0.0683878	0.0354899	0.166751	0.330716	0.518419	0.711359	0.88241	1.00662	1.08604	1.12067	1.11715	1.08243	1.01605	0.916755	0.780153	0.620348	0.459744	0.301691	0.137474	-0.0327709	-0.194425	-0.332788	-0.444317	-0.536757	-0.620745	-0.678576	-0.693156	-0.659901	-0.604703	-0.546448	-0.491186	-0.445511	-0.410635	-0.391178	-0.371438	-0.35424	-0.337192	-0.316042	-0.303207	-0.303207	
0.190118	0.186502	0.162799	0.118151	0.0617777	0.000998192	-0.0698693	-0.145313	-0.188059	-0.170706	-0.088954	0.0272382	0.173775	0.35329	0.559014	0.764378	0.946447	1.08604	1.18903	1.24296	1.23282	1.16854	1.06565	0.936158	0.776755	0.590243	0.41174	0.253538	0.0944038	-0.0639445	-0.214958	-0.335168	-0.425206	-0.505351	-0.57993	-0.640448	-0.665197	-0.639709	-0.593365	-0.541941	-0.490771	-0.44904	-0.411923	-0.389252	-0.369019	-0.353631	-0.351144	-0.351648	-0.354846	-0.354846	
0.152078	0.160705	0.149504	0.113111	0.0602899	-0.00322508	-0.0790168	-0.154797	-0.191931	-0.172819	-0.086528	0.0362306	0.192154	0.377866	0.586909	0.794371	0.971698	1.12067	1.24296	1.31074	1.29463	1.21356	1.09046	0.944041	0.77038	0.567633	0.381275	0.224253	0.0757609	-0.0747174	-0.214342	-0.315782	-0.387365	-0.455209	-0.524375	-0.586191	-0.621476	-0.61253	-0.585201	-0.548082	-0.507459	-0.468744	-0.429945	-0.400786	-0.371829	-0.352488	-0.352318	-0.36783	-0.382755	-0.382755	
0.0907606	0.117077	0.125472	0.105451	0.059139	0.00359778	-0.062203	-0.126468	-0.160974	-0.139557	-0.0499463	0.0755599	0.234719	0.421385	0.62136	0.813946	0.976333	1.11715	1.23282	1.29463	1.2786	1.19654	1.07572	0.931955	0.758708	0.55602	0.375321	0.222847	0.0803894	-0.0624327	-0.193448	-0.280344	-0.342214	-0.402706	-0.469523	-0.530907	-0.568845	-0.578167	-0.571031	-0.552122	-0.528293	-0.496829	-0.45909	-0.425105	-0.385409	-0.35653	-0.34976	-0.360855	-0.3777	-0.3777	
0.0141149	0.0585652	0.0857367	0.0840563	0.0545664	0.0183713	-0.0279488	-0.0767487	-0.105708	-0.0769265	0.0136093	0.142751	0.302861	0.476582	0.659658	0.830672	0.968619	1.08243	1.16854	1.21356	1.19654	1.12523	1.02605	0.896634	0.742079	0.559356	0.391222	0.2447	0.1056	-0.0274129	-0.14855	-0.223768	-0.279093	-0.337551	-0.402499	-0.464314	-0.509284	-0.535535	-0.551992	-0.557897	-0.55101	-0.534083	-0.498785	-0.457821	-0.413123	-0.372926	-0.352886	-0.34707	-0.351693	-0.351693	
-0.0645539	-0.0103489	0.0275383	0.0440964	0.0372107	0.0207298	-0.00517801	-0.031879	-0.0348678	0.00519112	0.0988079	0.224144	0.371544	0.527208	0.69159	0.836731	0.942401	1.01605	1.06565	1.09046	1.07572	1.02605	0.951148	0.847243	0.716329	0.562935	0.413708	0.279417	0.155944	0.03932	-0.0636358	-0.133381	-0.186064	-0.242799	-0.308422	-0.373066	-0.428031	-0.477384	-0.52351	-0.559271	-0.582709	-0.581494	-0.553854	-0.509236	-0.456094	-0.410022	-0.369895	-0.340867	-0.326306	-0.326306	
-0.134496	-0.0831155	-0.0407656	-0.012523	-0.000284137	0.0038189	0.0061219	0.0115604	0.0374346	0.0999795	0.198863	0.320125	0.448939	0.581024	0.709354	0.810677	0.878072	0.916755	0.936158	0.944041	0.931955	0.896634	0.847243	0.771719	0.672795	0.555549	0.43578	0.327345	0.227987	0.136678	0.053516	-0.0124659	-0.0655947	-0.119563	-0.187826	-0.256536	-0.32626	-0.401412	-0.478663	-0.551192	-0.602798	-0.627698	-0.612499	-0.568824	-0.516409	-0.460153	-0.40436	-0.353397	-0.321546	-0.321546	
-0.219444	-0.174993	-0.125784	-0.0837271	-0.0478605	-0.0198713	0.0128497	0.0564382	0.120307	0.202567	0.303152	0.416066	0.525909	0.625535	0.703521	0.752498	0.776656	0.780153	0.776755	0.77038	0.758708	0.742079	0.716329	0.672795	0.605657	0.534373	0.458401	0.38834	0.32729	0.264928	0.201477	0.135205	0.076895	0.0160745	-0.0583427	-0.13732	-0.22742	-0.332364	-0.441699	-0.542651	-0.618733	-0.658374	-0.65447	-0.61509	-0.559735	-0.50045	-0.437931	-0.379466	-0.345245	-0.345245	
-0.28438	-0.250972	-0.206624	-0.156614	-0.0993946	-0.0423961	0.0234285	0.101973	0.194647	0.292717	0.395974	0.505144	0.594714	0.65528	0.678631	0.669965	0.650531	0.620348	0.590243	0.567633	0.55602	0.559356	0.562935	0.555549	0.534373	0.51579	0.489154	0.460867	0.432167	0.397953	0.35284	0.286355	0.218659	0.142669	0.0579214	-0.0342577	-0.143555	-0.269088	-0.398965	-0.513092	-0.600017	-0.653061	-0.665086	-0.637185	-0.590659	-0.534303	-0.472335	-0.423286	-0.393307	-0.393307	
-0.311083	-0.293963	-0.254985	-0.20153	-0.12739	-0.0467844	0.0461242	0.149068	0.254133	0.356804	0.453408	0.546198	0.610821	0.637848	0.616134	0.56668	0.512331	0.459744	0.41174	0.381275	0.375321	0.391222	0.413708	0.43578	0.458401	0.489154	0.510449	0.517877	0.519629	0.512735	0.489182	0.429583	0.354079	0.266108	0.167925	0.0624833	-0.064259	-0.207216	-0.346975	-0.464148	-0.553829	-0.616001	-0.64228	-0.63296	-0.604698	-0.562928	-0.517507	-0.485506	-0.469086	-0.469086	
-0.290723	-0.288068	-0.254955	-0.195962	-0.113608	-0.019926	0.0786796	0.189116	0.297403	0.392183	0.472054	0.536181	0.57107	0.564151	0.511592	0.438388	0.364702	0.301691	0.253538	0.224253	0.222847	0.2447	0.279417	0.327345	0.38834	0.460867	0.517877	0.552754	0.583195	0.606988	0.60743	0.565855	0.489286	0.389977	0.278031	0.154418	0.0140623	-0.141211	-0.279769	-0.390922	-0.482222	-0.548956	-0.59349	-0.61185	-0.61302	-0.601711	-0.581035	-0.565774	-0.562938	-0.562938	
-0.230437	-0.228438	-0.199702	-0.14305	-0.0634662	0.0298578	0.130005	0.235677	0.329791	0.407848	0.458305	0.489565	0.494826	0.458674	0.382219	0.286019	0.199282	0.137474	0.0944038	0.0757609	0.0803894	0.1056	0.155944	0.227987	0.32729	0.432167	0.519629	0.583195	0.639765	0.691641	0.71196	0.686206	0.613011	0.504284	0.381726	0.246395	0.0955807	-0.0583689	-0.192169	-0.296904	-0.383964	-0.462154	-0.526069	-0.576744	-0.623374	-0.649467	-0.657388	-0.661937	-0.665725	-0.665725	
-0.124755	-0.122616	-0.097883	-0.0458427	0.0226685	0.103764	0.190389	0.278886	0.350753	0.395801	0.415616	0.411521	0.38362	0.318286	0.22258	0.115786	0.0241827	-0.0327709	-0.0639445	-0.0747174	-0.0624327	-0.0274129	0.03932	0.136678	0.264928	0.397953	0.512735	0.606988	0.691641	0.7608	0.794168	0.777524	0.706863	0.602445	0.480599	0.349312	0.205233	0.0533249	-0.0753364	-0.177563	-0.271287	-0.360596	-0.448989	-0.539338	-0.628335	-0.69724	-0.738419	-0.7618	-0.777091	-0.777091	
0.0328583	0.0456812	0.0634336	0.0918443	0.128419	0.178422	0.234072	0.2892	0.33065	0.349934	0.342416	0.303846	0.241461	0.146724	0.0382306	-0.0676682	-0.148306	-0.194425	-0.214958	-0.214342	-0.193448	-0.14855	-0.0636358	0.053516	0.201477	0.35284	0.489182	0.60743	0.71196	0.794168	0.830045	0.819641	0.75785	0.668526	0.571486	0.468807	0.348223	0.212212	0.0904362	-0.0169045	-0.123013	-0.238677	-0.366354	-0.502632	-0.636335	-0.744115	-0.819218	-0.866878	-0.896082	-0.896082	
0.218736	0.244581	0.249858	0.248659	0.240962	0.23866	0.249494	0.268117	0.283929	0.279904	0.243941	0.170526	0.069142	-0.0459927	-0.152448	-0.242981	-0.303478	-0.332788	-0.335168	-0.315782	-0.280344	-0.223768	-0.133381	-0.0124659	0.135205	0.286355	0.429583	0.565855	0.686206	0.777524	0.819641	0.811142	0.76358	0.700814	0.644526	0.587065	0.502451	0.392335	0.277254	0.163009	0.0403738	-0.108496	-0.277107	-0.454329	-0.625641	-0.765604	-0.878232	-0.961291	-1.00904	-1.00904	
0.405381	0.434321	0.430937	0.401003	0.347918	0.292942	0.255669	0.239632	0.229917	0.200146	0.137729	0.0345533	-0.0940078	-0.220807	-0.320822	-0.391802	-0.432523	-0.444317	-0.425206	-0.387365	-0.342214	-0.279093	-0.186064	-0.0655947	0.076895	0.218659	0.354079	0.489286	0.613011	0.706863	0.75785	0.76358	0.739549	0.714732	0.703343	0.689533	0.642989	0.558914	0.453557	0.334013	0.190913	0.0152226	-0.188635	-0.397685	-0.588682	-0.755197	-0.900017	-1.01398	-1.07977	-1.07977	
0.564192	0.598254	0.588792	0.533805	0.444634	0.351808	0.277177	0.226173	0.181802	0.121411	0.0299041	-0.0973692	-0.238765	-0.364329	-0.456499	-0.513709	-0.538823	-0.536757	-0.505351	-0.455209	-0.402706	-0.337551	-0.242799	-0.119563	0.0160745	0.142669	0.266108	0.389977	0.504284	0.602445	0.668526	0.700814	0.714732	0.730143	0.759639	0.781731	0.766672	0.7079	0.612201	0.482416	0.320797	0.120528	-0.1092	-0.336677	-0.541245	-0.721906	-0.88874	-1.01974	-1.09194	-1.09194	
0.686933	0.721446	0.703088	0.636028	0.529682	0.412019	0.304526	0.217565	0.130867	0.0309775	-0.0872901	-0.219589	-0.359583	-0.478624	-0.562751	-0.610355	-0.629694	-0.620745	-0.57993	-0.524375	-0.469523	-0.402499	-0.308422	-0.187826	-0.0583427	0.0579214	0.167925	0.278031	0.381726	0.480599	0.571486	0.644526	0.703343	0.759639	0.821713	0.863881	0.867872	0.826845	0.735596	0.599379	0.427508	0.217087	-0.023941	-0.262024	-0.477969	-0.672217	-0.853331	-0.990266	-1.05919	-1.05919	
0.77199	0.798313	0.775268	0.700988	0.585249	0.451376	0.316487	0.189342	0.0605748	-0.0691239	-0.199237	-0.329149	-0.454388	-0.559243	-0.633688	-0.672835	-0.688062	-0.678576	-0.640448	-0.586191	-0.530907	-0.464314	-0.373066	-0.256536	-0.13732	-0.0342577	0.0624833	0.154418	0.246395	0.349312	0.468807	0.587065	0.689533	0.781731	0.863881	0.914385	0.9268	0.895163	0.811788	0.682194	0.515831	0.315153	0.0765477	-0.167641	-0.390784	-0.597582	-0.783465	-0.916098	-0.976121	-0.976121	
0.828848	0.847881	0.816687	0.734887	0.609937	0.461718	0.302319	0.146111	-0.0115765	-0.1616	-0.300689	-0.423503	-0.529503	-0.612836	-0.664829	-0.689262	-0.699782	-0.693156	-0.665197	-0.621476	-0.568845	-0.509284	-0.428031	-0.32626	-0.22742	-0.143555	-0.064259	0.0140623	0.0955807	0.205233	0.348223	0.502451	0.642989	0.766672	0.867872	0.9268	0.943651	0.91702	0.844935	0.72936	0.583695	0.40479	0.182791	-0.0526654	-0.273575	-0.478779	-0.660597	-0.783751	-0.834935	-0.834935	
0.856305	0.865598	0.826897	0.737058	0.602765	0.436704	0.264509	0.0920297	-0.0790246	-0.24013	-0.38344	-0.497266	-0.586425	-0.64641	-0.673075	-0.673404	-0.669501	-0.659901	-0.639709	-0.61253	-0.578167	-0.535535	-0.477384	-0.401412	-0.332364	-0.269088	-0.207216	-0.141211	-0.0583689	0.0533249	0.212212	0.392335	0.558914	0.7079	0.826845	0.895163	0.91702	0.899809	0.842021	0.747668	0.626752	0.474053	0.279663	0.0690571	-0.129108	-0.315203	-0.477755	-0.586667	-0.629957	-0.629957	
0.844378	0.839608	0.789455	0.689404	0.547044	0.37639	0.202938	0.0262759	-0.142833	-0.299137	-0.434573	-0.540094	-0.613929	-0.655651	-0.661778	-0.642478	-0.6201	-0.604703	-0.593365	-0.585201	-0.571031	-0.551992	-0.52351	-0.478663	-0.441699	-0.398965	-0.346975	-0.279769	-0.192169	-0.0753364	0.0904362	0.277254	0.453557	0.612201	0.735596	0.811788	0.844935	0.842021	0.805102	0.735159	0.637641	0.514433	0.36049	0.194214	0.0385341	-0.111749	-0.243535	-0.336086	-0.37194	-0.37194	
0.789235	0.761406	0.697332	0.589584	0.447843	0.281997	0.119981	-0.0404257	-0.196423	-0.339006	-0.46205	-0.550793	-0.609272	-0.636849	-0.627017	-0.596032	-0.565768	-0.546448	-0.541941	-0.548082	-0.552122	-0.557897	-0.559271	-0.551192	-0.542651	-0.513092	-0.464148	-0.390922	-0.296904	-0.177563	-0.0169045	0.163009	0.334013	0.482416	0.599379	0.682194	0.72936	0.747668	0.735159	0.688112	0.614437	0.526697	0.425197	0.319425	0.222488	0.120104	0.0288545	-0.0369144	-0.0647464	-0.0647464	
0.716693	0.656316	0.567323	0.450415	0.314862	0.164934	0.0277872	-0.111056	-0.241278	-0.363769	-0.466505	-0.541148	-0.587599	-0.59947	-0.582626	-0.543923	-0.508034	-0.491186	-0.490771	-0.507459	-0.528293	-0.55101	-0.582709	-0.602798	-0.618733	-0.600017	-0.553829	-0.482222	-0.383964	-0.271287	-0.123013	0.0403738	0.190913	0.320797	0.427508	0.515831	0.583695	0.626752	0.637641	0.614437	0.569688	0.520369	0.479397	0.444068	0.408047	0.367147	0.329101	0.300574	0.291089	0.291089	
0.638784	0.542747	0.424972	0.292663	0.156002	0.0264197	-0.0823923	-0.181353	-0.278113	-0.368935	-0.45019	-0.509827	-0.544553	-0.550112	-0.529221	-0.494049	-0.461142	-0.445511	-0.44904	-0.468744	-0.496829	-0.534083	-0.581494	-0.627698	-0.658374	-0.653061	-0.616001	-0.548956	-0.462154	-0.360596	-0.238677	-0.108496	0.0152226	0.120528	0.217087	0.315153	0.40479	0.474053	0.514433	0.526697	0.520369	0.523097	0.544487	0.574174	0.602002	0.620255	0.642196	0.660091	0.672217	0.672217	
0.548573	0.414373	0.268283	0.122897	-0.00893326	-0.117989	-0.197991	-0.257142	-0.312907	-0.365411	-0.413387	-0.453182	-0.479872	-0.486291	-0.475384	-0.450945	-0.425924	-0.410635	-0.411923	-0.429945	-0.45909	-0.498785	-0.553854	-0.612499	-0.65447	-0.665086	-0.64228	-0.59349	-0.526069	-0.448989	-0.366354	-0.277107	-0.188635	-0.1092	-0.023941	0.0765477	0.182791	0.279663	0.36049	0.425197	0.479397	0.544487	0.629367	0.72037	0.803903	0.88099	0.958157	1.02167	1.05461	1.05461	
0.453453	0.283802	0.111347	-0.0374666	-0.156105	-0.239327	-0.295127	-0.330568	-0.354671	-0.371989	-0.383677	-0.397806	-0.41091	-0.41719	-0.422424	-0.415136	-0.400984	-0.391178	-0.389252	-0.400786	-0.425105	-0.457821	-0.509236	-0.568824	-0.61509	-0.637185	-0.63296	-0.61185	-0.576744	-0.539338	-0.502632	-0.454329	-0.397685	-0.336677	-0.262024	-0.167641	-0.0526654	0.0690571	0.194214	0.319425	0.444068	0.574174	0.72037	0.870158	1.00355	1.13621	1.26036	1.3579	1.40824	1.40824	
0.356358	0.157294	-0.0252085	-0.166189	-0.264717	-0.323729	-0.365425	-0.385665	-0.399241	-0.396095	-0.384955	-0.373464	-0.365037	-0.364756	-0.371217	-0.378748	-0.378647	-0.371438	-0.369019	-0.371829	-0.385409	-0.413123	-0.456094	-0.516409	-0.559735	-0.590659	-0.604698	-0.61302	-0.623374	-0.628335	-0.636335	-0.625641	-0.588682	-0.541245	-0.477969	-0.390784	-0.273575	-0.129108	0.0385341	0.222488	0.408047	0.602002	0.803903	1.00355	1.19228	1.36934	1.53205	1.65561	1.71511	1.71511	
0.265402	0.0511139	-0.135607	-0.266751	-0.342046	-0.378653	-0.40863	-0.429534	-0.437154	-0.427792	-0.401015	-0.370629	-0.339745	-0.320942	-0.323835	-0.338305	-0.350446	-0.35424	-0.353631	-0.352488	-0.35653	-0.372926	-0.410022	-0.460153	-0.50045	-0.534303	-0.562928	-0.601711	-0.649467	-0.69724	-0.744115	-0.765604	-0.755197	-0.721906	-0.672217	-0.597582	-0.478779	-0.315203	-0.111749	0.120104	0.367147	0.620255	0.88099	1.13621	1.36934	1.58633	1.7702	1.90262	1.96615	1.96615	
0.189873	-0.0280693	-0.210152	-0.332243	-0.396759	-0.425157	-0.446815	-0.464956	-0.467637	-0.451536	-0.417019	-0.368824	-0.315361	-0.276378	-0.268449	-0.287929	-0.314788	-0.337192	-0.351144	-0.352318	-0.34976	-0.352886	-0.369895	-0.40436	-0.437931	-0.472335	-0.517507	-0.581035	-0.657388	-0.738419	-0.819218	-0.878232	-0.900017	-0.88874	-0.853331	-0.783465	-0.660597	-0.477755	-0.243535	0.0288545	0.329101	0.642196	0.958157	1.26036	1.53205	1.7702	1.96187	2.09337	2.15425	2.15425	
0.137332	-0.0772566	-0.250467	-0.367632	-0.425536	-0.451129	-0.475967	-0.497429	-0.498226	-0.476768	-0.43496	-0.375856	-0.305853	-0.250108	-0.225476	-0.241939	-0.277334	-0.316042	-0.351648	-0.36783	-0.360855	-0.34707	-0.340867	-0.353397	-0.379466	-0.423286	-0.485506	-0.565774	-0.661937	-0.7618	-0.866878	-0.961291	-1.01398	-1.01974	-0.990266	-0.916098	-0.783751	-0.586667	-0.336086	-0.0369144	0.300574	0.660091	1.02167	1.3579	1.65561	1.90262	2.09337	2.21728	2.27427	2.27427	
0.117581	-0.0935799	-0.261934	-0.375722	-0.433326	-0.464212	-0.492341	-0.520775	-0.521425	-0.499181	-0.454491	-0.388375	-0.30879	-0.239838	-0.204812	-0.214501	-0.251508	-0.303207	-0.354846	-0.382755	-0.3777	-0.351693	-0.326306	-0.321546	-0.345245	-0.393307	-0.469086	-0.562938	-0.665725	-0.777091	-0.896082	-1.00904	-1.07977	-1.09194	-1.05919	-0.976121	-0.834935	-0.629957	-0.37194	-0.0647464	0.291089	0.672217	1.05461	1.40824	1.71511	1.96615	2.15425	2.27427	2.32921	2.32921	
0.117581	-0.0935799	-0.261934	-0.375722	-0.433326	-0.464212	-0.492341	-0.520775	-0.521425	-0.499181	-0.454491	-0.388375	-0.30879	-0.239838	-0.204812	-0.214501	-0.251508	-0.303207	-0.354846	-0.382755	-0.3777	-0.351693	-0.326306	-0.321546	-0.345245	-0.393307	-0.469086	-0.562938	-0.665725	-0.777091	-0.896082	-1.00904	-1.07977	-1.09194	-1.05919	-0.976121	-0.834935	-0.629957	-0.37194	-0.0647464	0.291089	0.672217	1.05461	1.40824	1.71511	1.96615	2.15425	2.27427	2.32921	2.32921	
