-0.337089	-0.256436	-0.171752	-0.0872387	-0.0138567	0.0301955	0.0437805	0.0377162	0.0176909	-0.0287455	-0.095487	-0.176896	-0.261488	-0.35704	-0.441153	-0.50212	-0.567318	-0.629032	-0.681478	-0.723831	-0.764469	-0.790797	-0.804395	-0.808	-0.797518	-0.767342	-0.709493	-0.638978	-0.556982	-0.456057	-0.340587	-0.211822	-0.0826378	0.0547346	0.176348	0.25679	0.301453	0.329362	0.356765	0.37519	0.394156	0.428445	0.478511	0.531972	0.581602	0.618759	0.644583	0.663714	0.676278	0.676278	
-0.256436	-0.172557	-0.0886402	-0.0075257	0.0623032	0.103156	0.121343	0.117682	0.0884797	0.0295293	-0.0522839	-0.144603	-0.239499	-0.338867	-0.420039	-0.478163	-0.533172	-0.587983	-0.637178	-0.687166	-0.741855	-0.788032	-0.826514	-0.856099	-0.869066	-0.856065	-0.818533	-0.760186	-0.680886	-0.573795	-0.442734	-0.302347	-0.163378	-0.019305	0.116057	0.220844	0.292123	0.341887	0.379571	0.406308	0.432486	0.464714	0.505006	0.547483	0.589511	0.621503	0.640339	0.656533	0.670429	0.670429	
-0.171752	-0.0886402	-0.0122897	0.058891	0.11541	0.155159	0.184372	0.18675	0.152022	0.0811906	-0.0152225	-0.117836	-0.215053	-0.299041	-0.371686	-0.427224	-0.478488	-0.533214	-0.585973	-0.644203	-0.703647	-0.761451	-0.821871	-0.870643	-0.905849	-0.915526	-0.900553	-0.862818	-0.790371	-0.684297	-0.545533	-0.400325	-0.258346	-0.115991	0.0234769	0.15149	0.254608	0.335813	0.393487	0.434527	0.471021	0.504218	0.533125	0.563438	0.596193	0.621386	0.6387	0.657559	0.677754	0.677754	
-0.0872387	-0.0075257	0.058891	0.113864	0.157941	0.200243	0.238205	0.24681	0.212854	0.140187	0.0364545	-0.0708301	-0.162938	-0.237546	-0.303144	-0.360076	-0.412278	-0.468186	-0.525253	-0.584715	-0.645545	-0.710063	-0.782074	-0.847203	-0.894384	-0.924475	-0.932308	-0.912926	-0.855464	-0.756907	-0.624334	-0.480996	-0.3437	-0.206939	-0.0675149	0.0705483	0.20199	0.311766	0.389697	0.445597	0.486372	0.517257	0.537885	0.556363	0.58011	0.600533	0.616881	0.638728	0.659583	0.659583	
-0.0138567	0.0623032	0.11541	0.157941	0.195129	0.244461	0.287394	0.29935	0.270317	0.202677	0.101875	-0.0022192	-0.0911258	-0.158932	-0.220989	-0.280209	-0.334926	-0.396003	-0.453451	-0.509963	-0.564336	-0.624438	-0.692156	-0.760113	-0.815875	-0.86488	-0.895955	-0.898416	-0.85985	-0.775339	-0.658693	-0.526001	-0.393507	-0.261158	-0.127088	0.0103425	0.148902	0.272896	0.365608	0.428155	0.466297	0.489225	0.500639	0.508047	0.52027	0.534392	0.547473	0.561716	0.571642	0.571642	
0.0301955	0.103156	0.155159	0.200243	0.244461	0.296935	0.333949	0.342661	0.323334	0.266333	0.181567	0.0878229	-0.00038625	-0.0719586	-0.133409	-0.192729	-0.250252	-0.31087	-0.361241	-0.413946	-0.461655	-0.507693	-0.563243	-0.621758	-0.677805	-0.736614	-0.786575	-0.811389	-0.79706	-0.740388	-0.653442	-0.539902	-0.41196	-0.276912	-0.144094	-0.0136545	0.116025	0.233569	0.328465	0.384862	0.411066	0.419801	0.416435	0.411227	0.403634	0.407155	0.413312	0.40882	0.402058	0.402058	
0.0437805	0.121343	0.184372	0.238205	0.287394	0.333949	0.365234	0.378808	0.367907	0.330526	0.271637	0.190124	0.101151	0.0209271	-0.0454594	-0.108959	-0.167074	-0.220004	-0.259532	-0.302142	-0.339859	-0.370562	-0.409924	-0.456179	-0.503647	-0.560437	-0.620113	-0.662729	-0.674985	-0.655811	-0.610196	-0.520552	-0.399752	-0.263489	-0.126688	-0.00590686	0.107606	0.206621	0.284653	0.328287	0.333391	0.322997	0.302941	0.269721	0.23444	0.215238	0.202671	0.182035	0.157383	0.157383	
0.0377162	0.117682	0.18675	0.24681	0.29935	0.342661	0.378808	0.394997	0.394201	0.380484	0.350538	0.291905	0.207316	0.122169	0.0433171	-0.03132	-0.0943474	-0.137231	-0.162643	-0.188366	-0.205867	-0.216291	-0.241083	-0.271441	-0.30678	-0.358859	-0.422674	-0.478626	-0.515522	-0.534602	-0.52149	-0.456094	-0.343367	-0.212322	-0.0815487	0.030766	0.119256	0.18869	0.23736	0.255671	0.239909	0.211437	0.168404	0.101498	0.026775	-0.0296008	-0.0694559	-0.110164	-0.143475	-0.143475	
0.0176909	0.0884797	0.152022	0.212854	0.270317	0.323334	0.367907	0.394201	0.404394	0.414033	0.411182	0.378973	0.312916	0.229085	0.135982	0.0448587	-0.0247856	-0.0660128	-0.0816649	-0.088105	-0.0772828	-0.0648372	-0.0671717	-0.0766539	-0.0998143	-0.145282	-0.209522	-0.273688	-0.329953	-0.376132	-0.387211	-0.339649	-0.245	-0.129793	-0.0134997	0.0855944	0.150899	0.185242	0.196676	0.176739	0.133464	0.0778977	0.0038646	-0.0984981	-0.211667	-0.301022	-0.370075	-0.424559	-0.459774	-0.459774	
-0.0287455	0.0295293	0.0811906	0.140187	0.202677	0.266333	0.330526	0.380484	0.414033	0.441833	0.457559	0.445744	0.395921	0.314717	0.214557	0.11627	0.0408141	-0.0057319	-0.026058	-0.0206491	0.0124252	0.0535995	0.0867803	0.108446	0.103175	0.069176	0.0111968	-0.0563118	-0.120928	-0.179409	-0.20039	-0.170704	-0.103228	-0.0188659	0.0696921	0.144936	0.184931	0.189543	0.16267	0.106365	0.0261192	-0.0647751	-0.175404	-0.313451	-0.452643	-0.568859	-0.661876	-0.731714	-0.769526	-0.769526	
-0.095487	-0.0522839	-0.0152225	0.0364545	0.101875	0.181567	0.271637	0.350538	0.411182	0.457559	0.487399	0.489197	0.447713	0.365821	0.26647	0.165514	0.0797374	0.0236637	-0.00538936	0.00363475	0.0544657	0.128771	0.204045	0.257189	0.278062	0.262629	0.218908	0.160602	0.0981824	0.0468806	0.0233744	0.0316424	0.0639157	0.107699	0.156922	0.201271	0.216288	0.19851	0.147996	0.060394	-0.0555576	-0.185727	-0.33464	-0.503642	-0.665367	-0.804116	-0.921621	-1.01199	-1.05983	-1.05983	
-0.176896	-0.144603	-0.117836	-0.0708301	-0.0022192	0.0878229	0.190124	0.291905	0.378973	0.445744	0.489197	0.49296	0.448364	0.371905	0.281174	0.177885	0.0863533	0.0258009	-0.0104977	-0.00195756	0.0641424	0.168964	0.279898	0.362402	0.411665	0.419344	0.392918	0.34578	0.296893	0.261757	0.238449	0.231244	0.22987	0.238753	0.252089	0.263354	0.254172	0.21522	0.146998	0.0338845	-0.112627	-0.277017	-0.455341	-0.64543	-0.825997	-0.980999	-1.11445	-1.21904	-1.27461	-1.27461	
-0.261488	-0.239499	-0.215053	-0.162938	-0.0911258	-0.00038625	0.101151	0.207316	0.312916	0.395921	0.447713	0.448364	0.408018	0.338974	0.25136	0.143978	0.0503723	-0.00746002	-0.0434824	-0.0287033	0.0511721	0.174208	0.300782	0.40507	0.481653	0.518235	0.514933	0.491103	0.462963	0.442811	0.419225	0.394262	0.372525	0.355872	0.347947	0.336665	0.303478	0.243639	0.154969	0.0228306	-0.144785	-0.328933	-0.521428	-0.720759	-0.912919	-1.07985	-1.21801	-1.3223	-1.37607	-1.37607	
-0.35704	-0.338867	-0.299041	-0.237546	-0.158932	-0.0719586	0.0209271	0.122169	0.229085	0.314717	0.365821	0.371905	0.338974	0.275166	0.184793	0.0748831	-0.0220857	-0.084154	-0.11563	-0.0880507	0.00266774	0.132812	0.265011	0.384609	0.488488	0.553161	0.581955	0.591483	0.591404	0.585035	0.562799	0.531332	0.494071	0.463064	0.436601	0.401256	0.343792	0.257356	0.148891	0.0103185	-0.161018	-0.345043	-0.531151	-0.723878	-0.910487	-1.0778	-1.20974	-1.29824	-1.34084	-1.34084	
-0.441153	-0.420039	-0.371686	-0.303144	-0.220989	-0.133409	-0.0454594	0.0433171	0.135982	0.214557	0.26647	0.281174	0.25136	0.184793	0.0903662	-0.0253812	-0.134339	-0.206786	-0.231345	-0.191713	-0.0956365	0.0340542	0.170823	0.310794	0.4404	0.541246	0.612088	0.659249	0.683065	0.688448	0.671683	0.639735	0.603459	0.559914	0.515434	0.456878	0.370899	0.262431	0.139159	-0.000476356	-0.161735	-0.335082	-0.50481	-0.669091	-0.830224	-0.97738	-1.09055	-1.15948	-1.18691	-1.18691	
-0.50212	-0.478163	-0.427224	-0.360076	-0.280209	-0.192729	-0.108959	-0.03132	0.0448587	0.11627	0.165514	0.177885	0.143978	0.0748831	-0.0253812	-0.149952	-0.273746	-0.356946	-0.376506	-0.334421	-0.238651	-0.104857	0.0467098	0.209448	0.366784	0.507022	0.616599	0.691186	0.734032	0.749314	0.746786	0.729558	0.700512	0.652093	0.585279	0.498002	0.389386	0.264231	0.133345	-0.00181319	-0.151946	-0.310851	-0.456843	-0.582295	-0.697584	-0.803656	-0.888226	-0.935039	-0.953158	-0.953158	
-0.567318	-0.533172	-0.478488	-0.412278	-0.334926	-0.250252	-0.167074	-0.0943474	-0.0247856	0.0408141	0.0797374	0.0863533	0.0503723	-0.0220857	-0.134339	-0.273746	-0.408628	-0.503657	-0.529632	-0.493711	-0.395991	-0.247338	-0.072849	0.114188	0.300672	0.473789	0.609816	0.700233	0.756095	0.782999	0.796072	0.793781	0.771723	0.715414	0.625328	0.510818	0.382932	0.24992	0.115554	-0.0123337	-0.148282	-0.283754	-0.396265	-0.476473	-0.536731	-0.590801	-0.633753	-0.659289	-0.67081	-0.67081	
-0.629032	-0.587983	-0.533214	-0.468186	-0.396003	-0.31087	-0.220004	-0.137231	-0.0660128	-0.0057319	0.0236637	0.0258009	-0.00746002	-0.084154	-0.206786	-0.356946	-0.503657	-0.620312	-0.669312	-0.645169	-0.538344	-0.369848	-0.167275	0.0497968	0.26396	0.457528	0.60906	0.711557	0.775045	0.812532	0.829677	0.825643	0.797625	0.729023	0.622693	0.493703	0.354832	0.215357	0.080938	-0.0438219	-0.160451	-0.262377	-0.335163	-0.371077	-0.384726	-0.385947	-0.383864	-0.381027	-0.384837	-0.384837	
-0.681478	-0.637178	-0.585973	-0.525253	-0.453451	-0.361241	-0.259532	-0.162643	-0.0816649	-0.026058	-0.00538936	-0.0104977	-0.0434824	-0.11563	-0.231345	-0.376506	-0.529632	-0.669312	-0.741561	-0.724693	-0.615521	-0.435672	-0.208304	0.0302847	0.255544	0.452878	0.607827	0.71734	0.791701	0.836266	0.851995	0.838599	0.790317	0.709357	0.59711	0.459088	0.310964	0.160514	0.018805	-0.10303	-0.196698	-0.26	-0.291198	-0.289457	-0.270412	-0.231827	-0.189803	-0.159769	-0.14912	-0.14912	
-0.723831	-0.687166	-0.644203	-0.584715	-0.509963	-0.413946	-0.302142	-0.188366	-0.088105	-0.0206491	0.00363475	-0.00195756	-0.0287033	-0.0880507	-0.191713	-0.334421	-0.493711	-0.645169	-0.724693	-0.713669	-0.612035	-0.432224	-0.196121	0.0511139	0.277546	0.471904	0.630127	0.746002	0.822678	0.86885	0.875041	0.835482	0.757717	0.657431	0.536996	0.393682	0.237477	0.0777125	-0.0683727	-0.182545	-0.256394	-0.287454	-0.285985	-0.257994	-0.210194	-0.146166	-0.0786774	-0.0221037	0.00320618	0.00320618	
-0.764469	-0.741855	-0.703647	-0.645545	-0.564336	-0.461655	-0.339859	-0.205867	-0.0772828	0.0124252	0.0544657	0.0641424	0.0511721	0.00266774	-0.0956365	-0.238651	-0.395991	-0.538344	-0.615521	-0.612035	-0.527215	-0.363207	-0.137555	0.105096	0.330603	0.524756	0.680887	0.789358	0.854101	0.890646	0.879766	0.814529	0.710548	0.587193	0.451301	0.294833	0.127532	-0.0361247	-0.178278	-0.279854	-0.332599	-0.34345	-0.32217	-0.269392	-0.200398	-0.123159	-0.047205	0.0161768	0.0528598	0.0528598	
-0.790797	-0.788032	-0.761451	-0.710063	-0.624438	-0.507693	-0.370562	-0.216291	-0.0648372	0.0535995	0.128771	0.168964	0.174208	0.132812	0.0340542	-0.104857	-0.247338	-0.369848	-0.435672	-0.432224	-0.363207	-0.227368	-0.0325979	0.18977	0.406135	0.595302	0.739407	0.829214	0.874543	0.88822	0.854854	0.769622	0.64688	0.50557	0.352144	0.181272	0.0108625	-0.148009	-0.278687	-0.365075	-0.406625	-0.41333	-0.386609	-0.323645	-0.243674	-0.163457	-0.0948821	-0.0336912	0.0030733	0.0030733	
-0.804395	-0.826514	-0.821871	-0.782074	-0.692156	-0.563243	-0.409924	-0.241083	-0.0671717	0.0867803	0.204045	0.279898	0.300782	0.265011	0.170823	0.0467098	-0.072849	-0.167275	-0.208304	-0.196121	-0.137555	-0.0325979	0.118198	0.305477	0.493966	0.660336	0.783205	0.852642	0.874598	0.857394	0.800699	0.696775	0.567738	0.418331	0.255512	0.0840445	-0.0821649	-0.228231	-0.347202	-0.42188	-0.460835	-0.469747	-0.447951	-0.393732	-0.321884	-0.257684	-0.203529	-0.155926	-0.126789	-0.126789	
-0.808	-0.856099	-0.870643	-0.847203	-0.760113	-0.621758	-0.456179	-0.271441	-0.0766539	0.108446	0.257189	0.362402	0.40507	0.384609	0.310794	0.209448	0.114188	0.0497968	0.0302847	0.0511139	0.105096	0.18977	0.305477	0.444156	0.581415	0.702778	0.792363	0.838142	0.835797	0.793742	0.716614	0.605316	0.476949	0.331597	0.177104	0.0191436	-0.13044	-0.26112	-0.368354	-0.438739	-0.476492	-0.490775	-0.480753	-0.448446	-0.408471	-0.372089	-0.339214	-0.309399	-0.290822	-0.290822	
-0.797518	-0.869066	-0.905849	-0.894384	-0.815875	-0.677805	-0.503647	-0.30678	-0.0998143	0.103175	0.278062	0.411665	0.481653	0.488488	0.4404	0.366784	0.300672	0.26396	0.255544	0.277546	0.330603	0.406135	0.493966	0.581415	0.657102	0.725503	0.773714	0.786588	0.760809	0.697783	0.609959	0.498611	0.379053	0.251569	0.122651	-0.0021797	-0.1205	-0.228898	-0.324431	-0.393786	-0.439773	-0.468907	-0.480417	-0.479441	-0.47518	-0.470398	-0.461308	-0.447142	-0.438968	-0.438968	
-0.767342	-0.856065	-0.915526	-0.924475	-0.86488	-0.736614	-0.560437	-0.358859	-0.145282	0.069176	0.262629	0.419344	0.518235	0.553161	0.541246	0.507022	0.473789	0.457528	0.452878	0.471904	0.524756	0.595302	0.660336	0.702778	0.725503	0.738212	0.73189	0.704087	0.651842	0.578208	0.494981	0.398849	0.302643	0.203862	0.108923	0.0269232	-0.052511	-0.132223	-0.209928	-0.276584	-0.337166	-0.395093	-0.440696	-0.472654	-0.499137	-0.52618	-0.54461	-0.5523	-0.554356	-0.554356	
-0.709493	-0.818533	-0.900553	-0.932308	-0.895955	-0.786575	-0.620113	-0.422674	-0.209522	0.0111968	0.218908	0.392918	0.514933	0.581955	0.612088	0.616599	0.609816	0.60906	0.607827	0.630127	0.680887	0.739407	0.783205	0.792363	0.773714	0.73189	0.671849	0.601914	0.528659	0.455951	0.387211	0.325132	0.264265	0.20317	0.148412	0.109936	0.0722714	0.0242823	-0.0291789	-0.0896992	-0.166702	-0.261912	-0.349153	-0.415371	-0.471251	-0.52976	-0.581798	-0.617844	-0.633766	-0.633766	
-0.638978	-0.760186	-0.862818	-0.912926	-0.898416	-0.811389	-0.662729	-0.478626	-0.273688	-0.0563118	0.160602	0.34578	0.491103	0.591483	0.659249	0.691186	0.700233	0.711557	0.71734	0.746002	0.789358	0.829214	0.852642	0.838142	0.786588	0.704087	0.601914	0.504125	0.418325	0.351168	0.304624	0.278453	0.263307	0.245646	0.236701	0.24153	0.240332	0.222286	0.189747	0.1348	0.0448454	-0.0784435	-0.201639	-0.303511	-0.392653	-0.481707	-0.56382	-0.625387	-0.655859	-0.655859	
-0.556982	-0.680886	-0.790371	-0.855464	-0.85985	-0.79706	-0.674985	-0.515522	-0.329953	-0.120928	0.0981824	0.296893	0.462963	0.591404	0.683065	0.734032	0.756095	0.775045	0.791701	0.822678	0.854101	0.874543	0.874598	0.835797	0.760809	0.651842	0.528659	0.418325	0.332079	0.274566	0.251835	0.264139	0.293192	0.329046	0.366336	0.408409	0.436408	0.436401	0.413478	0.359062	0.265543	0.136834	-0.00388695	-0.141988	-0.270271	-0.3908	-0.49489	-0.573245	-0.614816	-0.614816	
-0.456057	-0.573795	-0.684297	-0.756907	-0.775339	-0.740388	-0.655811	-0.534602	-0.376132	-0.179409	0.0468806	0.261757	0.442811	0.585035	0.688448	0.749314	0.782999	0.812532	0.836266	0.86885	0.890646	0.88822	0.857394	0.793742	0.697783	0.578208	0.455951	0.351168	0.274566	0.235571	0.2364	0.281631	0.359153	0.441753	0.523563	0.596139	0.64059	0.650406	0.623505	0.562802	0.473253	0.355625	0.210518	0.0444757	-0.121998	-0.27109	-0.388365	-0.475857	-0.521288	-0.521288	
-0.340587	-0.442734	-0.545533	-0.624334	-0.658693	-0.653442	-0.610196	-0.52149	-0.387211	-0.20039	0.0233744	0.238449	0.419225	0.562799	0.671683	0.746786	0.796072	0.829677	0.851995	0.875041	0.879766	0.854854	0.800699	0.716614	0.609959	0.494981	0.387211	0.304624	0.251835	0.2364	0.267456	0.348314	0.463538	0.58392	0.693923	0.779444	0.831347	0.839556	0.804624	0.73893	0.654126	0.547336	0.404494	0.223653	0.0345682	-0.131408	-0.261829	-0.351377	-0.398651	-0.398651	
-0.211822	-0.302347	-0.400325	-0.480996	-0.526001	-0.539902	-0.520552	-0.456094	-0.339649	-0.170704	0.0316424	0.231244	0.394262	0.531332	0.639735	0.729558	0.793781	0.825643	0.838599	0.835482	0.814529	0.769622	0.696775	0.605316	0.498611	0.398849	0.325132	0.278453	0.264139	0.281631	0.348314	0.458349	0.596478	0.734815	0.850984	0.937596	0.984914	0.989504	0.950358	0.881586	0.795068	0.688394	0.54538	0.367989	0.183006	0.0153758	-0.118044	-0.210382	-0.256588	-0.256588	
-0.0826378	-0.163378	-0.258346	-0.3437	-0.393507	-0.41196	-0.399752	-0.343367	-0.245	-0.103228	0.0639157	0.22987	0.372525	0.494071	0.603459	0.700512	0.771723	0.797625	0.790317	0.757717	0.710548	0.64688	0.567738	0.476949	0.379053	0.302643	0.264265	0.263307	0.293192	0.359153	0.463538	0.596478	0.743603	0.874903	0.981384	1.05145	1.08655	1.08733	1.04431	0.970447	0.874759	0.758794	0.617633	0.459484	0.3023	0.159924	0.0417794	-0.0414963	-0.0839163	-0.0839163	
0.0547346	-0.019305	-0.115991	-0.206939	-0.261158	-0.276912	-0.263489	-0.212322	-0.129793	-0.0188659	0.107699	0.238753	0.355872	0.463064	0.559914	0.652093	0.715414	0.729023	0.709357	0.657431	0.587193	0.50557	0.418331	0.331597	0.251569	0.203862	0.20317	0.245646	0.329046	0.441753	0.58392	0.734815	0.874903	0.994047	1.07677	1.12436	1.14852	1.14127	1.09154	1.00561	0.897799	0.775598	0.640868	0.506629	0.384757	0.281895	0.193725	0.129487	0.0925854	0.0925854	
0.176348	0.116057	0.0234769	-0.0675149	-0.127088	-0.144094	-0.126688	-0.0815487	-0.0134997	0.0696921	0.156922	0.252089	0.347947	0.436601	0.515434	0.585279	0.625328	0.622693	0.59711	0.536996	0.451301	0.352144	0.255512	0.177104	0.122651	0.108923	0.148412	0.236701	0.366336	0.523563	0.693923	0.850984	0.981384	1.07677	1.13132	1.15725	1.16502	1.14668	1.08309	0.983464	0.870924	0.75295	0.630994	0.521942	0.436386	0.374549	0.327079	0.287627	0.262158	0.262158	
0.25679	0.220844	0.15149	0.0705483	0.0103425	-0.0136545	-0.00590686	0.030766	0.0855944	0.144936	0.201271	0.263354	0.336665	0.401256	0.456878	0.498002	0.510818	0.493703	0.459088	0.393682	0.294833	0.181272	0.0840445	0.0191436	-0.0021797	0.0269232	0.109936	0.24153	0.408409	0.596139	0.779444	0.937596	1.05145	1.12436	1.15725	1.15888	1.14528	1.10287	1.01928	0.912283	0.804063	0.69801	0.597483	0.51841	0.469911	0.445876	0.432836	0.420152	0.409174	0.409174	
0.301453	0.292123	0.254608	0.20199	0.148902	0.116025	0.107606	0.119256	0.150899	0.184931	0.216288	0.254172	0.303478	0.343792	0.370899	0.389386	0.382932	0.354832	0.310964	0.237477	0.127532	0.0108625	-0.0821649	-0.13044	-0.1205	-0.052511	0.0722714	0.240332	0.436408	0.64059	0.831347	0.984914	1.08655	1.14852	1.16502	1.14528	1.09851	1.01936	0.91642	0.805554	0.706753	0.61754	0.544581	0.506028	0.497762	0.504987	0.515849	0.525251	0.529556	0.529556	
0.329362	0.341887	0.335813	0.311766	0.272896	0.233569	0.206621	0.18869	0.185242	0.189543	0.19851	0.21522	0.243639	0.257356	0.262431	0.264231	0.24992	0.215357	0.160514	0.0777125	-0.0361247	-0.148009	-0.228231	-0.26112	-0.228898	-0.132223	0.0242823	0.222286	0.436401	0.650406	0.839556	0.989504	1.08733	1.14127	1.14668	1.10287	1.01936	0.909773	0.791358	0.684654	0.599774	0.532485	0.495212	0.498788	0.528522	0.556623	0.58306	0.604978	0.622654	0.622654	
0.356765	0.379571	0.393487	0.389697	0.365608	0.328465	0.284653	0.23736	0.196676	0.16267	0.147996	0.146998	0.154969	0.148891	0.139159	0.133345	0.115554	0.080938	0.018805	-0.0683727	-0.178278	-0.278687	-0.347202	-0.368354	-0.324431	-0.209928	-0.0291789	0.189747	0.413478	0.623505	0.804624	0.950358	1.04431	1.09154	1.08309	1.01928	0.91642	0.791358	0.672539	0.577082	0.511981	0.474907	0.472716	0.507042	0.558075	0.596625	0.626709	0.655496	0.678414	0.678414	
0.37519	0.406308	0.434527	0.445597	0.428155	0.384862	0.328287	0.255671	0.176739	0.106365	0.060394	0.0338845	0.0228306	0.0103185	-0.000476356	-0.00181319	-0.0123337	-0.0438219	-0.10303	-0.182545	-0.279854	-0.365075	-0.42188	-0.438739	-0.393786	-0.276584	-0.0896992	0.1348	0.359062	0.562802	0.73893	0.881586	0.970447	1.00561	0.983464	0.912283	0.805554	0.684654	0.577082	0.49871	0.459413	0.45036	0.47091	0.517291	0.571495	0.613792	0.648373	0.681508	0.709378	0.709378	
0.394156	0.432486	0.471021	0.486372	0.466297	0.411066	0.333391	0.239909	0.133464	0.0261192	-0.0555576	-0.112627	-0.144785	-0.161018	-0.161735	-0.151946	-0.148282	-0.160451	-0.196698	-0.256394	-0.332599	-0.406625	-0.460835	-0.476492	-0.439773	-0.337166	-0.166702	0.0448454	0.265543	0.473253	0.654126	0.795068	0.874759	0.897799	0.870924	0.804063	0.706753	0.599774	0.511981	0.459413	0.442911	0.453012	0.480839	0.522301	0.57207	0.61356	0.652474	0.691264	0.72347	0.72347	
0.428445	0.464714	0.504218	0.517257	0.489225	0.419801	0.322997	0.211437	0.0778977	-0.0647751	-0.185727	-0.277017	-0.328933	-0.345043	-0.335082	-0.310851	-0.283754	-0.262377	-0.26	-0.287454	-0.34345	-0.41333	-0.469747	-0.490775	-0.468907	-0.395093	-0.261912	-0.0784435	0.136834	0.355625	0.547336	0.688394	0.758794	0.775598	0.75295	0.69801	0.61754	0.532485	0.474907	0.45036	0.453012	0.470438	0.496721	0.532195	0.575144	0.616953	0.655575	0.698245	0.73229	0.73229	
0.478511	0.505006	0.533125	0.537885	0.500639	0.416435	0.302941	0.168404	0.0038646	-0.175404	-0.33464	-0.455341	-0.521428	-0.531151	-0.50481	-0.456843	-0.396265	-0.335163	-0.291198	-0.285985	-0.32217	-0.386609	-0.447951	-0.480753	-0.480417	-0.440696	-0.349153	-0.201639	-0.00388695	0.210518	0.404494	0.54538	0.617633	0.640868	0.630994	0.597483	0.544581	0.495212	0.472716	0.47091	0.480839	0.496721	0.51869	0.550881	0.58889	0.627034	0.66135	0.697109	0.727229	0.727229	
0.531972	0.547483	0.563438	0.556363	0.508047	0.411227	0.269721	0.101498	-0.0984981	-0.313451	-0.503642	-0.64543	-0.720759	-0.723878	-0.669091	-0.582295	-0.476473	-0.371077	-0.289457	-0.257994	-0.269392	-0.323645	-0.393732	-0.448446	-0.479441	-0.472654	-0.415371	-0.303511	-0.141988	0.0444757	0.223653	0.367989	0.459484	0.506629	0.521942	0.51841	0.506028	0.498788	0.507042	0.517291	0.522301	0.532195	0.550881	0.577566	0.609128	0.637645	0.657051	0.675442	0.689079	0.689079	
0.581602	0.589511	0.596193	0.58011	0.52027	0.403634	0.23444	0.026775	-0.211667	-0.452643	-0.665367	-0.825997	-0.912919	-0.910487	-0.830224	-0.697584	-0.536731	-0.384726	-0.270412	-0.210194	-0.200398	-0.243674	-0.321884	-0.408471	-0.47518	-0.499137	-0.471251	-0.392653	-0.270271	-0.121998	0.0345682	0.183006	0.3023	0.384757	0.436386	0.469911	0.497762	0.528522	0.558075	0.571495	0.57207	0.575144	0.58889	0.609128	0.62778	0.644592	0.647619	0.641776	0.635693	0.635693	
0.618759	0.621503	0.621386	0.600533	0.534392	0.407155	0.215238	-0.0296008	-0.301022	-0.568859	-0.804116	-0.980999	-1.07985	-1.0778	-0.97738	-0.803656	-0.590801	-0.385947	-0.231827	-0.146166	-0.123159	-0.163457	-0.257684	-0.372089	-0.470398	-0.52618	-0.52976	-0.481707	-0.3908	-0.27109	-0.131408	0.0153758	0.159924	0.281895	0.374549	0.445876	0.504987	0.556623	0.596625	0.613792	0.61356	0.616953	0.627034	0.637645	0.644592	0.65026	0.64378	0.623742	0.602778	0.602778	
0.644583	0.640339	0.6387	0.616881	0.547473	0.413312	0.202671	-0.0694559	-0.370075	-0.661876	-0.921621	-1.11445	-1.21801	-1.20974	-1.09055	-0.888226	-0.633753	-0.383864	-0.189803	-0.0786774	-0.047205	-0.0948821	-0.203529	-0.339214	-0.461308	-0.54461	-0.581798	-0.56382	-0.49489	-0.388365	-0.261829	-0.118044	0.0417794	0.193725	0.327079	0.432836	0.515849	0.58306	0.626709	0.648373	0.652474	0.655575	0.66135	0.657051	0.647619	0.64378	0.638826	0.621148	0.599209	0.599209	
0.663714	0.656533	0.657559	0.638728	0.561716	0.40882	0.182035	-0.110164	-0.424559	-0.731714	-1.01199	-1.21904	-1.3223	-1.29824	-1.15948	-0.935039	-0.659289	-0.381027	-0.159769	-0.0221037	0.0161768	-0.0336912	-0.155926	-0.309399	-0.447142	-0.5523	-0.617844	-0.625387	-0.573245	-0.475857	-0.351377	-0.210382	-0.0414963	0.129487	0.287627	0.420152	0.525251	0.604978	0.655496	0.681508	0.691264	0.698245	0.697109	0.675442	0.641776	0.623742	0.621148	0.613234	0.597861	0.597861	
0.676278	0.670429	0.677754	0.659583	0.571642	0.402058	0.157383	-0.143475	-0.459774	-0.769526	-1.05983	-1.27461	-1.37607	-1.34084	-1.18691	-0.953158	-0.67081	-0.384837	-0.14912	0.00320618	0.0528598	0.0030733	-0.126789	-0.290822	-0.438968	-0.554356	-0.633766	-0.655859	-0.614816	-0.521288	-0.398651	-0.256588	-0.0839163	0.0925854	0.262158	0.409174	0.529556	0.622654	0.678414	0.709378	0.72347	0.73229	0.727229	0.689079	0.635693	0.602778	0.599209	0.597861	0.587739	0.587739	
0.676278	0.670429	0.677754	0.659583	0.571642	0.402058	0.157383	-0.143475	-0.459774	-0.769526	-1.05983	-1.27461	-1.37607	-1.34084	-1.18691	-0.953158	-0.67081	-0.384837	-0.14912	0.00320618	0.0528598	0.0030733	-0.126789	-0.290822	-0.438968	-0.554356	-0.633766	-0.655859	-0.614816	-0.521288	-0.398651	-0.256588	-0.0839163	0.0925854	0.262158	0.409174	0.529556	0.622654	0.678414	0.709378	0.72347	0.73229	0.727229	0.689079	0.635693	0.602778	0.599209	0.597861	0.587739	0.587739	
