-0.0871169	-0.0367167	0.029625	0.122025	0.237706	0.365926	0.500955	0.626346	0.734781	0.839675	0.938336	1.01815	1.09187	1.16489	1.22797	1.2631	1.26819	1.25085	1.20973	1.15355	1.10199	1.05874	1.01069	0.950823	0.87801	0.799037	0.730416	0.679073	0.627961	0.566518	0.507711	0.460892	0.411666	0.362258	0.335608	0.342059	0.359904	0.377845	0.399769	0.426704	0.449693	0.454549	0.443614	0.419056	0.388726	0.35996	0.331533	0.303266	0.286438	0.286438	
-0.0367167	0.0521838	0.146625	0.253606	0.371129	0.49344	0.627014	0.751727	0.849985	0.93487	1.00754	1.06296	1.11351	1.16186	1.19631	1.20543	1.1886	1.14879	1.08423	1.00261	0.926951	0.859078	0.795131	0.728557	0.664356	0.605561	0.56066	0.534145	0.507627	0.47618	0.449932	0.428319	0.397339	0.365348	0.350561	0.362917	0.386707	0.40233	0.407016	0.411703	0.409213	0.394116	0.372258	0.344814	0.324288	0.305101	0.283107	0.261756	0.245922	0.245922	
0.029625	0.146625	0.264714	0.379294	0.494539	0.611861	0.741521	0.859715	0.946591	1.0116	1.0514	1.07366	1.0989	1.12171	1.13023	1.10722	1.05927	0.990466	0.90447	0.809874	0.717463	0.635821	0.565631	0.501824	0.455054	0.424504	0.408293	0.408641	0.408177	0.411969	0.414788	0.411103	0.393304	0.370426	0.35871	0.364801	0.382681	0.391468	0.38839	0.375455	0.360077	0.336578	0.310985	0.290558	0.268785	0.248959	0.226086	0.209612	0.2012	0.2012	
0.122025	0.253606	0.379294	0.494809	0.608317	0.720491	0.836986	0.938268	1.01458	1.05791	1.06143	1.05329	1.05563	1.05103	1.02737	0.970643	0.884143	0.779607	0.673255	0.567926	0.471331	0.393224	0.33271	0.286508	0.264217	0.265721	0.27908	0.307939	0.34054	0.378613	0.411152	0.418397	0.406847	0.385666	0.370519	0.361864	0.358479	0.35376	0.339427	0.321627	0.299634	0.277291	0.257387	0.241631	0.223132	0.198191	0.173461	0.158631	0.154049	0.154049	
0.237706	0.371129	0.494539	0.608317	0.721981	0.82099	0.91893	1.00472	1.06265	1.08248	1.05503	1.02358	0.993567	0.95182	0.889934	0.797523	0.673969	0.529911	0.39537	0.28148	0.190499	0.129696	0.0981916	0.0826614	0.0920809	0.127231	0.17492	0.238134	0.306984	0.376283	0.431109	0.449195	0.439729	0.416719	0.39374	0.36237	0.327458	0.30017	0.275579	0.255052	0.23241	0.212027	0.198139	0.190505	0.178961	0.159315	0.135636	0.118577	0.111456	0.111456	
0.365926	0.49344	0.611861	0.720491	0.82099	0.907698	0.990849	1.05952	1.09419	1.091	1.04289	0.985228	0.917574	0.830219	0.726265	0.594279	0.430801	0.243393	0.0834317	-0.0381796	-0.114386	-0.145258	-0.139543	-0.11273	-0.0653096	0.00771779	0.0971858	0.202217	0.303245	0.396742	0.469462	0.499328	0.49631	0.470763	0.431925	0.370061	0.299999	0.246914	0.211664	0.188193	0.164946	0.147754	0.141196	0.141434	0.13768	0.125004	0.102514	0.084305	0.071685	0.071685	
0.500955	0.627014	0.741521	0.836986	0.91893	0.990849	1.05547	1.09612	1.10256	1.07503	1.00613	0.918665	0.812829	0.686036	0.536778	0.363964	0.164494	-0.0525405	-0.229479	-0.350378	-0.409283	-0.415059	-0.375717	-0.307858	-0.220904	-0.106534	0.0277279	0.169645	0.300122	0.413964	0.506947	0.554507	0.567793	0.548369	0.4952	0.410182	0.310769	0.233314	0.176693	0.137557	0.107611	0.0899953	0.0884342	0.0921633	0.0887043	0.078077	0.0630351	0.0508042	0.0422628	0.0422628	
0.626346	0.751727	0.859715	0.938268	1.00472	1.05952	1.09612	1.1048	1.08417	1.03152	0.940842	0.826881	0.691175	0.526973	0.337373	0.125908	-0.100974	-0.333058	-0.517498	-0.633936	-0.678514	-0.668142	-0.601882	-0.495148	-0.366841	-0.210927	-0.0373885	0.134057	0.288629	0.428526	0.53655	0.599689	0.628178	0.619036	0.563809	0.469265	0.35855	0.256394	0.168243	0.103001	0.0609297	0.0412715	0.0412546	0.0426287	0.0370217	0.0316134	0.0320752	0.0385576	0.0409574	0.0409574	
0.734781	0.849985	0.946591	1.01458	1.06265	1.09419	1.10256	1.08417	1.041	0.968843	0.860105	0.721671	0.559727	0.365079	0.14321	-0.093125	-0.336031	-0.572083	-0.755502	-0.866389	-0.904762	-0.881439	-0.792848	-0.657174	-0.49525	-0.307431	-0.107804	0.0845113	0.264534	0.429715	0.552303	0.623757	0.66103	0.664004	0.612905	0.521829	0.411489	0.289077	0.172314	0.0827739	0.0305709	0.00862299	0.00638934	0.00595969	0.00336967	0.0112202	0.0290136	0.0494759	0.0578645	0.0578645	
0.839675	0.93487	1.0116	1.05791	1.08248	1.091	1.07503	1.03152	0.968843	0.876442	0.749981	0.591117	0.412669	0.200779	-0.0324233	-0.274193	-0.518361	-0.738027	-0.910918	-1.01542	-1.04757	-1.0141	-0.9173	-0.773988	-0.601348	-0.402334	-0.190239	0.0162945	0.214268	0.400531	0.536729	0.616831	0.666691	0.680593	0.639856	0.560137	0.456969	0.328974	0.196564	0.0869056	0.0173925	-0.0178453	-0.0294749	-0.026919	-0.0134579	0.0177277	0.0539358	0.077684	0.084693	0.084693	
0.938336	1.00754	1.0514	1.06143	1.05503	1.04289	1.00613	0.940842	0.860105	0.749981	0.604612	0.436421	0.252011	0.040243	-0.186269	-0.413872	-0.635427	-0.827036	-0.980202	-1.07592	-1.10111	-1.0639	-0.972729	-0.837203	-0.671713	-0.477008	-0.263121	-0.0543081	0.14923	0.341055	0.488466	0.586754	0.649164	0.67453	0.644707	0.574492	0.482261	0.362135	0.229196	0.106616	0.0156192	-0.037833	-0.0562076	-0.0446458	-0.00971197	0.041239	0.0861947	0.103854	0.105156	0.105156	
1.01815	1.06296	1.07366	1.05329	1.02358	0.985228	0.918665	0.826881	0.721671	0.591117	0.436421	0.272361	0.0976995	-0.101107	-0.309483	-0.509327	-0.699069	-0.858088	-0.986679	-1.06371	-1.08543	-1.05468	-0.978822	-0.863247	-0.716917	-0.541262	-0.338626	-0.130077	0.0688136	0.25769	0.41978	0.533778	0.608968	0.642586	0.625183	0.566518	0.487339	0.381879	0.256654	0.130591	0.0230574	-0.0413781	-0.0607405	-0.040312	0.00941758	0.0678611	0.112761	0.130611	0.131407	0.131407	
1.09187	1.11351	1.0989	1.05563	0.993567	0.917574	0.812829	0.691175	0.559727	0.412669	0.252011	0.0976995	-0.0618482	-0.238191	-0.411883	-0.569543	-0.718051	-0.841601	-0.937958	-0.99969	-1.02454	-1.0136	-0.961929	-0.868279	-0.750231	-0.605072	-0.418677	-0.220519	-0.0323261	0.151499	0.319814	0.447894	0.536709	0.587461	0.593935	0.557928	0.49147	0.395901	0.277753	0.151717	0.0457089	-0.0199652	-0.0388429	-0.0126608	0.0349977	0.0889707	0.132557	0.15705	0.168878	0.168878	
1.16489	1.16186	1.12171	1.05103	0.95182	0.830219	0.686036	0.526973	0.365079	0.200779	0.040243	-0.101107	-0.238191	-0.375547	-0.502684	-0.610045	-0.709515	-0.792107	-0.848143	-0.886579	-0.915953	-0.931795	-0.914635	-0.859862	-0.785322	-0.674325	-0.514291	-0.332945	-0.15268	0.0230537	0.195885	0.335333	0.443985	0.522389	0.560513	0.551827	0.498489	0.408981	0.292844	0.180613	0.0863116	0.026475	0.0075604	0.0254991	0.0651864	0.106394	0.148695	0.185994	0.21051	0.21051	
1.22797	1.19631	1.13023	1.02737	0.889934	0.726265	0.536778	0.337373	0.14321	-0.0324233	-0.186269	-0.309483	-0.411883	-0.502684	-0.578219	-0.638149	-0.692276	-0.731692	-0.744459	-0.755447	-0.785455	-0.826432	-0.851254	-0.848968	-0.818146	-0.741287	-0.61188	-0.451644	-0.285024	-0.114829	0.0562128	0.2125	0.349241	0.458344	0.526435	0.541731	0.503791	0.418621	0.312355	0.215628	0.138719	0.0849074	0.0616929	0.0720961	0.100346	0.13449	0.174473	0.221414	0.253358	0.253358	
1.2631	1.20543	1.10722	0.970643	0.797523	0.594279	0.363964	0.125908	-0.093125	-0.274193	-0.413872	-0.509327	-0.569543	-0.610045	-0.638149	-0.658902	-0.675736	-0.674022	-0.650744	-0.642803	-0.668046	-0.723552	-0.784864	-0.826773	-0.831524	-0.78543	-0.688086	-0.556503	-0.407224	-0.247662	-0.0774311	0.0973967	0.264145	0.399048	0.488658	0.526892	0.502947	0.42998	0.336629	0.250966	0.184217	0.133264	0.108081	0.116623	0.142306	0.176764	0.21941	0.266852	0.300305	0.300305	
1.26819	1.1886	1.05927	0.884143	0.673969	0.430801	0.164494	-0.100974	-0.336031	-0.518361	-0.635427	-0.699069	-0.718051	-0.709515	-0.692276	-0.675736	-0.648663	-0.605847	-0.557599	-0.534289	-0.547979	-0.606202	-0.689493	-0.767831	-0.813074	-0.805315	-0.752111	-0.653218	-0.520022	-0.367443	-0.189603	0.0075601	0.194662	0.346547	0.452434	0.504311	0.495169	0.435361	0.352664	0.274895	0.209793	0.163295	0.145446	0.156396	0.188926	0.22952	0.271863	0.31526	0.340589	0.340589	
1.25085	1.14879	0.990466	0.779607	0.529911	0.243393	-0.0525405	-0.333058	-0.572083	-0.738027	-0.827036	-0.858088	-0.841601	-0.792107	-0.731692	-0.674022	-0.605847	-0.52937	-0.463985	-0.425687	-0.424284	-0.473795	-0.564632	-0.668474	-0.749928	-0.7918	-0.784345	-0.718837	-0.608834	-0.460208	-0.278551	-0.071901	0.125323	0.285656	0.404283	0.470087	0.471659	0.421125	0.348112	0.270765	0.209403	0.173102	0.165972	0.191424	0.23438	0.284222	0.328685	0.360209	0.376685	0.376685	
1.20973	1.08423	0.90447	0.673255	0.39537	0.0834317	-0.229479	-0.517498	-0.755502	-0.910918	-0.980202	-0.986679	-0.937958	-0.848143	-0.744459	-0.650744	-0.557599	-0.463985	-0.385908	-0.333783	-0.317274	-0.352635	-0.437151	-0.552514	-0.667123	-0.751259	-0.787214	-0.754918	-0.662949	-0.524338	-0.343956	-0.138599	0.0595001	0.223322	0.349857	0.423023	0.431637	0.386317	0.315018	0.243829	0.189094	0.164922	0.174593	0.21471	0.272242	0.33119	0.373147	0.397726	0.404196	0.404196	
1.15355	1.00261	0.809874	0.567926	0.28148	-0.0381796	-0.350378	-0.633936	-0.866389	-1.01542	-1.07592	-1.06371	-0.99969	-0.886579	-0.755447	-0.642803	-0.534289	-0.425687	-0.333783	-0.27398	-0.249103	-0.274287	-0.351524	-0.468461	-0.595384	-0.700407	-0.760633	-0.748654	-0.669546	-0.543377	-0.378683	-0.185695	0.00649596	0.164636	0.287826	0.364363	0.375949	0.333169	0.264403	0.200406	0.156561	0.144167	0.167923	0.22559	0.296812	0.361205	0.405976	0.426813	0.432993	0.432993	
1.10199	0.926951	0.717463	0.471331	0.190499	-0.114386	-0.409283	-0.678514	-0.904762	-1.04757	-1.10111	-1.08543	-1.02454	-0.915953	-0.785455	-0.668046	-0.547979	-0.424284	-0.317274	-0.249103	-0.220497	-0.241712	-0.319899	-0.435929	-0.557902	-0.6668	-0.738768	-0.731534	-0.655593	-0.540798	-0.390992	-0.210395	-0.0271759	0.11711	0.226518	0.294785	0.305876	0.264787	0.202157	0.150938	0.11936	0.12088	0.159984	0.232821	0.315328	0.385238	0.434108	0.463879	0.476254	0.476254	
1.05874	0.859078	0.635821	0.393224	0.129696	-0.145258	-0.415059	-0.668142	-0.881439	-1.0141	-1.0639	-1.05468	-1.0136	-0.931795	-0.826432	-0.723552	-0.606202	-0.473795	-0.352635	-0.274287	-0.241712	-0.269465	-0.353092	-0.459753	-0.566361	-0.665739	-0.73099	-0.719683	-0.64427	-0.540308	-0.403374	-0.232858	-0.0606635	0.0702082	0.165477	0.222785	0.229855	0.197543	0.148784	0.112037	0.096626	0.113381	0.167084	0.249761	0.337358	0.413123	0.470747	0.515022	0.539071	0.539071	
1.01069	0.795131	0.565631	0.33271	0.0981916	-0.139543	-0.375717	-0.601882	-0.792848	-0.9173	-0.972729	-0.978822	-0.961929	-0.914635	-0.851254	-0.784864	-0.689493	-0.564632	-0.437151	-0.351524	-0.319899	-0.353092	-0.434883	-0.528074	-0.615904	-0.692354	-0.734912	-0.714594	-0.645318	-0.552997	-0.427759	-0.27213	-0.114815	0.0102362	0.0989672	0.148648	0.155387	0.137823	0.109476	0.0900792	0.0938777	0.130189	0.195696	0.281208	0.371822	0.454357	0.526796	0.586014	0.622217	0.622217	
0.950823	0.728557	0.501824	0.286508	0.0826614	-0.11273	-0.307858	-0.495148	-0.657174	-0.773988	-0.837203	-0.863247	-0.868279	-0.859862	-0.848968	-0.826773	-0.767831	-0.668474	-0.552514	-0.468461	-0.435929	-0.459753	-0.528074	-0.608879	-0.679619	-0.729106	-0.747082	-0.72209	-0.660695	-0.575881	-0.461942	-0.323291	-0.181382	-0.0556006	0.0357739	0.0827198	0.0953833	0.0896872	0.0779284	0.075956	0.101839	0.159858	0.236722	0.323814	0.417492	0.509767	0.593866	0.664973	0.706508	0.706508	
0.87801	0.664356	0.455054	0.264217	0.0920809	-0.0653096	-0.220904	-0.366841	-0.49525	-0.601348	-0.671713	-0.716917	-0.750231	-0.785322	-0.818146	-0.831524	-0.813074	-0.749928	-0.667123	-0.595384	-0.557902	-0.566361	-0.615904	-0.679619	-0.732848	-0.765756	-0.769862	-0.746079	-0.69065	-0.608198	-0.503517	-0.377042	-0.240847	-0.112599	-0.0137602	0.0441424	0.0665194	0.0672649	0.0607312	0.0663417	0.107759	0.179048	0.264118	0.358944	0.460727	0.563641	0.657663	0.731836	0.774112	0.774112	
0.799037	0.605561	0.424504	0.265721	0.127231	0.00771779	-0.106534	-0.210927	-0.307431	-0.402334	-0.477008	-0.541262	-0.605072	-0.674325	-0.741287	-0.78543	-0.805315	-0.7918	-0.751259	-0.700407	-0.6668	-0.665739	-0.692354	-0.729106	-0.765756	-0.790159	-0.79065	-0.769129	-0.717822	-0.645667	-0.548948	-0.425081	-0.295262	-0.16788	-0.0647728	0.0089405	0.0497123	0.0572651	0.0543183	0.0639097	0.106942	0.178889	0.269596	0.376385	0.493869	0.606395	0.704657	0.774562	0.812104	0.812104	
0.730416	0.56066	0.408293	0.27908	0.17492	0.0971858	0.0277279	-0.0373885	-0.107804	-0.190239	-0.263121	-0.338626	-0.418677	-0.514291	-0.61188	-0.688086	-0.752111	-0.784345	-0.787214	-0.760633	-0.738768	-0.73099	-0.734912	-0.747082	-0.769862	-0.79065	-0.787269	-0.767849	-0.733034	-0.676062	-0.587954	-0.470016	-0.345535	-0.227338	-0.123473	-0.0386502	0.0202623	0.044167	0.0547827	0.0704775	0.107016	0.170529	0.259342	0.374857	0.503117	0.618679	0.709942	0.766163	0.793128	0.793128	
0.679073	0.534145	0.408641	0.307939	0.238134	0.202217	0.169645	0.134057	0.0845113	0.0162945	-0.0543081	-0.130077	-0.220519	-0.332945	-0.451644	-0.556503	-0.653218	-0.718837	-0.754918	-0.748654	-0.731534	-0.719683	-0.714594	-0.72209	-0.746079	-0.769129	-0.767849	-0.763247	-0.743984	-0.694708	-0.612955	-0.501796	-0.38207	-0.263624	-0.158697	-0.0715211	-0.00424645	0.036584	0.0630619	0.0817888	0.110312	0.158354	0.233671	0.340934	0.461166	0.568113	0.644385	0.683136	0.699616	0.699616	
0.627961	0.507627	0.408177	0.34054	0.306984	0.303245	0.300122	0.288629	0.264534	0.214268	0.14923	0.0688136	-0.0323261	-0.15268	-0.285024	-0.407224	-0.520022	-0.608834	-0.662949	-0.669546	-0.655593	-0.64427	-0.645318	-0.660695	-0.69065	-0.717822	-0.733034	-0.743984	-0.727138	-0.676392	-0.59756	-0.501876	-0.387813	-0.264132	-0.159865	-0.0785794	-0.0146692	0.030577	0.0608357	0.0826808	0.105038	0.143163	0.19976	0.27634	0.367066	0.444768	0.500954	0.526633	0.537221	0.537221	
0.566518	0.47618	0.411969	0.378613	0.376283	0.396742	0.413964	0.428526	0.429715	0.400531	0.341055	0.25769	0.151499	0.0230537	-0.114829	-0.247662	-0.367443	-0.460208	-0.524338	-0.543377	-0.540798	-0.540308	-0.552997	-0.575881	-0.608198	-0.645667	-0.676062	-0.694708	-0.676392	-0.616757	-0.544673	-0.461207	-0.353791	-0.236911	-0.13652	-0.0656258	-0.0139907	0.0208649	0.0463873	0.0675315	0.0932723	0.128313	0.167042	0.206488	0.241356	0.271225	0.294492	0.3083	0.316261	0.316261	
0.507711	0.449932	0.414788	0.411152	0.431109	0.469462	0.506947	0.53655	0.552303	0.536729	0.488466	0.41978	0.319814	0.195885	0.0562128	-0.0774311	-0.189603	-0.278551	-0.343956	-0.378683	-0.390992	-0.403374	-0.427759	-0.461942	-0.503517	-0.548948	-0.587954	-0.612955	-0.59756	-0.544673	-0.472574	-0.391272	-0.293399	-0.18738	-0.0983372	-0.0349425	0.00233282	0.0254957	0.0435363	0.0630875	0.0853073	0.111882	0.132721	0.129975	0.10481	0.0730305	0.053581	0.0472395	0.0482418	0.0482418	
0.460892	0.428319	0.411103	0.418397	0.449195	0.499328	0.554507	0.599689	0.623757	0.616831	0.586754	0.533778	0.447894	0.335333	0.2125	0.0973967	0.0075601	-0.071901	-0.138599	-0.185695	-0.210395	-0.232858	-0.27213	-0.323291	-0.377042	-0.425081	-0.470016	-0.501796	-0.501876	-0.461207	-0.391272	-0.307796	-0.214569	-0.120459	-0.040894	0.0120723	0.0403834	0.0592872	0.0765038	0.0915089	0.100637	0.106374	0.0978828	0.0518301	-0.0288291	-0.119193	-0.192508	-0.237443	-0.25842	-0.25842	
0.411666	0.397339	0.393304	0.406847	0.439729	0.49631	0.567793	0.628178	0.66103	0.666691	0.649164	0.608968	0.536709	0.443985	0.349241	0.264145	0.194662	0.125323	0.0595001	0.00649596	-0.0271759	-0.0606635	-0.114815	-0.181382	-0.240847	-0.295262	-0.345535	-0.38207	-0.387813	-0.353791	-0.293399	-0.214569	-0.128218	-0.0442031	0.024234	0.0693462	0.097079	0.122676	0.144924	0.152727	0.146673	0.121775	0.0697108	-0.0213472	-0.145439	-0.276386	-0.397283	-0.489478	-0.540351	-0.540351	
0.362258	0.365348	0.370426	0.385666	0.416719	0.470763	0.548369	0.619036	0.664004	0.680593	0.67453	0.642586	0.587461	0.522389	0.458344	0.399048	0.346547	0.285656	0.223322	0.164636	0.11711	0.0702082	0.0102362	-0.0556006	-0.112599	-0.16788	-0.227338	-0.263624	-0.264132	-0.236911	-0.18738	-0.120459	-0.0442031	0.0313769	0.0938306	0.140595	0.17891	0.216693	0.240981	0.245243	0.224275	0.170112	0.0745453	-0.0639649	-0.219844	-0.379099	-0.534126	-0.661672	-0.738464	-0.738464	
0.335608	0.350561	0.35871	0.370519	0.39374	0.431925	0.4952	0.563809	0.612905	0.639856	0.644707	0.625183	0.593935	0.560513	0.526435	0.488658	0.452434	0.404283	0.349857	0.287826	0.226518	0.165477	0.0989672	0.0357739	-0.0137602	-0.0647728	-0.123473	-0.158697	-0.159865	-0.13652	-0.0983372	-0.040894	0.024234	0.0938306	0.162948	0.22676	0.285812	0.340118	0.37489	0.374275	0.341076	0.261158	0.128727	-0.0438723	-0.232052	-0.414439	-0.586704	-0.729656	-0.812819	-0.812819	
0.342059	0.362917	0.364801	0.361864	0.36237	0.370061	0.410182	0.469265	0.521829	0.560137	0.574492	0.566518	0.557928	0.551827	0.541731	0.526892	0.504311	0.470087	0.423023	0.364363	0.294785	0.222785	0.148648	0.0827198	0.0441424	0.0089405	-0.0386502	-0.0715211	-0.0785794	-0.0656258	-0.0349425	0.0120723	0.0693462	0.140595	0.22676	0.313927	0.399028	0.480573	0.53557	0.543576	0.49863	0.401928	0.252468	0.0582873	-0.153461	-0.360982	-0.547136	-0.690246	-0.770575	-0.770575	
0.359904	0.386707	0.382681	0.358479	0.327458	0.299999	0.310769	0.35855	0.411489	0.456969	0.482261	0.487339	0.49147	0.498489	0.503791	0.502947	0.495169	0.471659	0.431637	0.375949	0.305876	0.229855	0.155387	0.0953833	0.0665194	0.0497123	0.0202623	-0.00424645	-0.0146692	-0.0139907	0.00233282	0.0403834	0.097079	0.17891	0.285812	0.399028	0.513104	0.625506	0.707673	0.728859	0.684456	0.582337	0.429571	0.233353	0.0120423	-0.209232	-0.404547	-0.548562	-0.624379	-0.624379	
0.377845	0.40233	0.391468	0.35376	0.30017	0.246914	0.233314	0.256394	0.289077	0.328974	0.362135	0.381879	0.395901	0.408981	0.418621	0.42998	0.435361	0.421125	0.386317	0.333169	0.264787	0.197543	0.137823	0.0896872	0.0672649	0.0572651	0.044167	0.036584	0.030577	0.0208649	0.0254957	0.0592872	0.122676	0.216693	0.340118	0.480573	0.625506	0.763318	0.865468	0.904819	0.876499	0.785918	0.639678	0.451531	0.237432	0.0179298	-0.177984	-0.32442	-0.398648	-0.398648	
0.399769	0.407016	0.38839	0.339427	0.275579	0.211664	0.176693	0.168243	0.172314	0.196564	0.229196	0.256654	0.277753	0.292844	0.312355	0.336629	0.352664	0.348112	0.315018	0.264403	0.202157	0.148784	0.109476	0.0779284	0.0607312	0.0543183	0.0547827	0.0630619	0.0608357	0.0463873	0.0435363	0.0765038	0.144924	0.240981	0.37489	0.53557	0.707673	0.865468	0.983528	1.05217	1.05794	0.997365	0.871148	0.693334	0.489572	0.277368	0.0832895	-0.0602203	-0.135002	-0.135002	
0.426704	0.411703	0.375455	0.321627	0.255052	0.188193	0.137557	0.103001	0.0827739	0.0869056	0.106616	0.130591	0.151717	0.180613	0.215628	0.250966	0.274895	0.270765	0.243829	0.200406	0.150938	0.112037	0.0900792	0.075956	0.0663417	0.0639097	0.0704775	0.0817888	0.0826808	0.0675315	0.0630875	0.0915089	0.152727	0.245243	0.374275	0.543576	0.728859	0.904819	1.05217	1.15826	1.21083	1.18956	1.09028	0.927315	0.72613	0.517278	0.331253	0.193809	0.125343	0.125343	
0.449693	0.409213	0.360077	0.299634	0.23241	0.164946	0.107611	0.0609297	0.0305709	0.0173925	0.0156192	0.0230574	0.0457089	0.0863116	0.138719	0.184217	0.209793	0.209403	0.189094	0.156561	0.11936	0.096626	0.0938777	0.101839	0.107759	0.106942	0.107016	0.110312	0.105038	0.0932723	0.0853073	0.100637	0.146673	0.224275	0.341076	0.49863	0.684456	0.876499	1.05794	1.21083	1.30658	1.32336	1.25405	1.10569	0.910242	0.704274	0.523464	0.395058	0.329611	0.329611	
0.454549	0.394116	0.336578	0.277291	0.212027	0.147754	0.0899953	0.0412715	0.00862299	-0.0178453	-0.037833	-0.0413781	-0.0199652	0.026475	0.0849074	0.133264	0.163295	0.173102	0.164922	0.144167	0.12088	0.113381	0.130189	0.159858	0.179048	0.178889	0.170529	0.158354	0.143163	0.128313	0.111882	0.106374	0.121775	0.170112	0.261158	0.401928	0.582337	0.785918	0.997365	1.18956	1.32336	1.36809	1.32227	1.19429	1.01433	0.819751	0.64325	0.513956	0.445842	0.445842	
0.443614	0.372258	0.310985	0.257387	0.198139	0.141196	0.0884342	0.0412546	0.00638934	-0.0294749	-0.0562076	-0.0607405	-0.0388429	0.0075604	0.0616929	0.108081	0.145446	0.165972	0.174593	0.167923	0.159984	0.167084	0.195696	0.236722	0.264118	0.269596	0.259342	0.233671	0.19976	0.167042	0.132721	0.0978828	0.0697108	0.0745453	0.128727	0.252468	0.429571	0.639678	0.871148	1.09028	1.25405	1.32227	1.29776	1.19473	1.03712	0.854349	0.674457	0.531523	0.45276	0.45276	
0.419056	0.344814	0.290558	0.241631	0.190505	0.141434	0.0921633	0.0426287	0.00595969	-0.026919	-0.0446458	-0.040312	-0.0126608	0.0254991	0.0720961	0.116623	0.156396	0.191424	0.21471	0.22559	0.232821	0.249761	0.281208	0.323814	0.358944	0.376385	0.374857	0.340934	0.27634	0.206488	0.129975	0.0518301	-0.0213472	-0.0639649	-0.0438723	0.0582873	0.233353	0.451531	0.693334	0.927315	1.10569	1.19429	1.19473	1.11664	0.979169	0.802371	0.615364	0.46181	0.373408	0.373408	
0.388726	0.324288	0.268785	0.223132	0.178961	0.13768	0.0887043	0.0370217	0.00336967	-0.0134579	-0.00971197	0.00941758	0.0349977	0.0651864	0.100346	0.142306	0.188926	0.23438	0.272242	0.296812	0.315328	0.337358	0.371822	0.417492	0.460727	0.493869	0.503117	0.461166	0.367066	0.241356	0.10481	-0.0288291	-0.145439	-0.219844	-0.232052	-0.153461	0.0120423	0.237432	0.489572	0.72613	0.910242	1.01433	1.03712	0.979169	0.847905	0.669376	0.480584	0.325525	0.238247	0.238247	
0.35996	0.305101	0.248959	0.198191	0.159315	0.125004	0.078077	0.0316134	0.0112202	0.0177277	0.041239	0.0678611	0.0889707	0.106394	0.13449	0.176764	0.22952	0.284222	0.33119	0.361205	0.385238	0.413123	0.454357	0.509767	0.563641	0.606395	0.618679	0.568113	0.444768	0.271225	0.0730305	-0.119193	-0.276386	-0.379099	-0.414439	-0.360982	-0.209232	0.0179298	0.277368	0.517278	0.704274	0.819751	0.854349	0.802371	0.669376	0.489062	0.306692	0.162457	0.082586	0.082586	
0.331533	0.283107	0.226086	0.173461	0.135636	0.102514	0.0630351	0.0320752	0.0290136	0.0539358	0.0861947	0.112761	0.132557	0.148695	0.174473	0.21941	0.271863	0.328685	0.373147	0.405976	0.434108	0.470747	0.526796	0.593866	0.657663	0.704657	0.709942	0.644385	0.500954	0.294492	0.053581	-0.192508	-0.397283	-0.534126	-0.586704	-0.547136	-0.404547	-0.177984	0.0832895	0.331253	0.523464	0.64325	0.674457	0.615364	0.480584	0.306692	0.139677	0.010572	-0.060482	-0.060482	
0.303266	0.261756	0.209612	0.158631	0.118577	0.084305	0.0508042	0.0385576	0.0494759	0.077684	0.103854	0.130611	0.15705	0.185994	0.221414	0.266852	0.31526	0.360209	0.397726	0.426813	0.463879	0.515022	0.586014	0.664973	0.731836	0.774562	0.766163	0.683136	0.526633	0.3083	0.0472395	-0.237443	-0.489478	-0.661672	-0.729656	-0.690246	-0.548562	-0.32442	-0.0602203	0.193809	0.395058	0.513956	0.531523	0.46181	0.325525	0.162457	0.010572	-0.108688	-0.174539	-0.174539	
0.286438	0.245922	0.2012	0.154049	0.111456	0.071685	0.0422628	0.0409574	0.0578645	0.084693	0.105156	0.131407	0.168878	0.21051	0.253358	0.300305	0.340589	0.376685	0.404196	0.432993	0.476254	0.539071	0.622217	0.706508	0.774112	0.812104	0.793128	0.699616	0.537221	0.316261	0.0482418	-0.25842	-0.540351	-0.738464	-0.812819	-0.770575	-0.624379	-0.398648	-0.135002	0.125343	0.329611	0.445842	0.45276	0.373408	0.238247	0.082586	-0.060482	-0.174539	-0.239139	-0.239139	
0.286438	0.245922	0.2012	0.154049	0.111456	0.071685	0.0422628	0.0409574	0.0578645	0.084693	0.105156	0.131407	0.168878	0.21051	0.253358	0.300305	0.340589	0.376685	0.404196	0.432993	0.476254	0.539071	0.622217	0.706508	0.774112	0.812104	0.793128	0.699616	0.537221	0.316261	0.0482418	-0.25842	-0.540351	-0.738464	-0.812819	-0.770575	-0.624379	-0.398648	-0.135002	0.125343	0.329611	0.445842	0.45276	0.373408	0.238247	0.082586	-0.060482	-0.174539	-0.239139	-0.239139	
