-0.467621	-0.467621	-0.291375	0.37125	0.584035	-0.0613547	
-0.467621	-0.467621	-0.291375	0.37125	0.584035	-0.0613547	
-0.291375	-0.291375	-0.267467	0.527806	0.363867	0.152914	
0.37125	0.37125	0.527806	0.896775	1.19667	0.46122	
0.584035	0.584035	0.363867	1.19667	0.781924	0.680166	
-0.0613547	-0.0613547	0.152914	0.46122	0.680166	1.08343	
