-0.304883	-0.390767	-0.497778	-0.618396	-0.71688	-0.778138	-0.783242	-0.716456	-0.588677	-0.399828	-0.153698	0.117699	0.391874	0.659813	0.892377	1.05589	1.14528	1.16899	1.12058	0.989273	0.78913	0.562951	0.358349	0.204075	0.104485	0.0483703	0.0203635	0.00783863	0.00277275	0.000905397	0.000274034	7.71643e-05	2.02828e-05	4.99173e-06	1.15341e-06	2.50852e-07	5.1469e-08	9.98353e-09	1.83432e-09	3.19815e-10	5.3e-11	8.36135e-12	1.25755e-12	1.80555e-13	2.47785e-14	3.25411e-15	4.09425e-16	4.9469e-17	6.35909e-18	6.35909e-18	
-0.390767	-0.489802	-0.607815	-0.709589	-0.769647	-0.786948	-0.739398	-0.625993	-0.45888	-0.234523	0.0287511	0.298254	0.562949	0.808767	1.00079	1.11799	1.16696	1.1519	1.06134	0.893194	0.675773	0.456622	0.275604	0.149155	0.0727671	0.0321866	0.0129806	0.00479803	0.00163327	0.000514237	0.00015034	4.09567e-05	1.04304e-05	2.49035e-06	5.58918e-07	1.18197e-07	2.36046e-08	4.46063e-09	7.9913e-10	1.3596e-10	2.20026e-11	3.39201e-12	4.98842e-13	7.00745e-14	9.41409e-15	1.21092e-15	1.49297e-16	1.76837e-17	2.22554e-18	2.22554e-18	
-0.497778	-0.607815	-0.707815	-0.764986	-0.785409	-0.754066	-0.652603	-0.498275	-0.295151	-0.0450141	0.221036	0.480854	0.729092	0.941063	1.08491	1.15633	1.16593	1.10969	0.976972	0.779527	0.557196	0.355675	0.203183	0.104359	0.0484622	0.0204635	0.00789973	0.00280199	0.000917318	0.000278327	7.85569e-05	2.06949e-05	5.10399e-06	1.18174e-06	2.5751e-07	5.29324e-08	1.02855e-08	1.89298e-09	3.30572e-10	5.48666e-11	8.66851e-12	1.30557e-12	1.87699e-13	2.57916e-14	3.39127e-15	4.27166e-16	5.15996e-17	5.9904e-18	7.37992e-19	7.37992e-19	
-0.618396	-0.709589	-0.764986	-0.784049	-0.760903	-0.669638	-0.522362	-0.335261	-0.101816	0.159013	0.41542	0.660089	0.881767	1.04801	1.1409	1.16949	1.13926	1.03964	0.868805	0.653918	0.440134	0.264862	0.143013	0.069647	0.0307646	0.0123942	0.00457777	0.00155743	0.000490176	0.000143273	3.90275e-05	9.93908e-06	2.37324e-06	5.32714e-07	1.12679e-07	2.25083e-08	4.25468e-09	7.62473e-10	1.29767e-10	2.10078e-11	3.2398e-12	4.76633e-13	6.69792e-14	9.00153e-15	1.15827e-15	1.42854e-16	1.69047e-17	1.92336e-18	2.3193e-19	2.3193e-19	
-0.71688	-0.769647	-0.785409	-0.760903	-0.675635	-0.533967	-0.357262	-0.139865	0.112588	0.366305	0.60574	0.82863	1.01019	1.12281	1.16744	1.15585	1.08349	0.940947	0.741527	0.524212	0.331405	0.187743	0.0957383	0.0441857	0.0185591	0.00713199	0.00251978	0.000822139	0.00024872	7.0023e-05	1.84063e-05	4.53091e-06	1.04732e-06	2.2789e-07	4.67852e-08	9.08106e-09	1.66972e-09	2.91341e-10	4.83199e-11	7.62929e-12	1.14841e-12	1.65022e-13	2.26656e-14	2.97906e-15	3.75114e-16	4.52969e-17	5.25086e-18	5.85483e-19	6.91043e-20	6.91043e-20	
-0.778138	-0.786948	-0.754066	-0.669638	-0.533967	-0.364163	-0.158718	0.0835304	0.333123	0.567311	0.786269	0.975332	1.10387	1.16269	1.16452	1.11254	0.995964	0.816462	0.603329	0.399312	0.236728	0.126156	0.0607399	0.0265651	0.0106104	0.00388956	0.00131463	0.000411386	0.000119638	3.24445e-05	8.23019e-06	1.95836e-06	4.3823e-07	9.24391e-08	1.84198e-08	3.47419e-09	6.21374e-10	1.05565e-10	1.70623e-11	2.62752e-12	3.86046e-13	5.41842e-14	7.27398e-15	9.35038e-16	1.15215e-16	1.36221e-17	1.54689e-18	1.69036e-19	1.95291e-20	1.95291e-20	
-0.783242	-0.739398	-0.652603	-0.522362	-0.357262	-0.158718	0.0736096	0.316247	0.544591	0.757329	0.947383	1.08634	1.15698	1.16878	1.13102	1.0358	0.877138	0.67378	0.464896	0.287498	0.15972	0.0800666	0.0364058	0.0150941	0.00573505	0.00200624	0.000648918	0.000194819	5.44784e-05	1.42347e-05	3.48543e-06	8.01843e-07	1.73737e-07	3.55322e-08	6.87326e-09	1.25988e-09	2.19217e-10	3.62659e-11	5.7129e-12	8.58138e-13	1.23075e-13	1.68744e-14	2.21431e-15	2.78402e-16	3.35719e-17	3.88664e-18	4.32385e-19	4.6308e-20	5.23737e-21	5.23737e-21	
-0.716456	-0.625993	-0.498275	-0.335261	-0.139865	0.0835304	0.316247	0.537086	0.74278	0.929418	1.07274	1.15162	1.17075	1.14246	1.06328	0.923681	0.73312	0.524785	0.337249	0.194735	0.101401	0.047844	0.0205598	0.00808676	0.00292497	0.000977069	0.000302611	8.72059e-05	2.34593e-05	5.90838e-06	1.39693e-06	3.10815e-07	6.52269e-08	1.29376e-08	2.43004e-09	4.32988e-10	7.33091e-11	1.18121e-11	1.81385e-12	2.65807e-13	3.72191e-14	4.98556e-15	6.39578e-16	7.86611e-17	9.28419e-18	1.05258e-18	1.1473e-19	1.20441e-20	1.33366e-21	1.33366e-21	
-0.588677	-0.45888	-0.295151	-0.101816	0.112588	0.333123	0.544591	0.74278	0.923239	1.06531	1.14779	1.17157	1.14929	1.08125	0.957333	0.780181	0.576288	0.383183	0.229173	0.123613	0.0603893	0.0268496	0.0109168	0.00407793	0.00140548	0.000448708	0.000133172	3.68633e-05	9.54563e-06	2.31861e-06	5.296e-07	1.14015e-07	2.31839e-08	4.46136e-09	8.13937e-10	1.41021e-10	2.32395e-11	3.64797e-12	5.46197e-13	7.81046e-14	1.06796e-14	1.39791e-15	1.75351e-16	2.11001e-17	2.43792e-18	2.70711e-19	2.89151e-20	2.97574e-21	3.22663e-22	3.22663e-22	
-0.399828	-0.234523	-0.0450141	0.159013	0.366305	0.567311	0.757329	0.929418	1.06531	1.14639	1.17185	1.15293	1.09199	0.979767	0.814802	0.617549	0.422815	0.260897	0.145315	0.0733195	0.0336595	0.0141242	0.00544167	0.00193304	0.000635596	0.000194139	5.52658e-05	1.47068e-05	3.66852e-06	8.59946e-07	1.89873e-07	3.9573e-08	7.8007e-09	1.45701e-09	2.58302e-10	4.35325e-11	6.98499e-12	1.06852e-12	1.56039e-13	2.17793e-14	2.9088e-15	3.72148e-16	4.56555e-17	5.37611e-18	6.08191e-19	6.61589e-20	6.9259e-21	6.98868e-22	7.42199e-23	7.42199e-23	
-0.153698	0.0287511	0.221036	0.41542	0.60574	0.786269	0.947383	1.07274	1.14779	1.17185	1.15408	1.097	0.992527	0.837394	0.647478	0.454157	0.287895	0.165008	0.0857458	0.040554	0.0175309	0.00695613	0.00254383	0.000860642	0.000270336	7.90939e-05	2.16193e-05	5.53592e-06	1.33134e-06	3.01405e-07	6.43738e-08	1.29966e-08	2.48494e-09	4.50727e-10	7.76817e-11	1.27404e-11	1.9912e-12	2.96951e-13	4.23089e-14	5.76581e-15	7.524e-16	9.41126e-17	1.1295e-17	1.30186e-18	1.44236e-19	1.53736e-20	1.57769e-21	1.56125e-22	1.6243e-23	1.6243e-23	
0.117699	0.298254	0.480854	0.660089	0.82863	0.975332	1.08634	1.15162	1.17157	1.15293	1.097	0.996658	0.848508	0.665556	0.475784	0.308463	0.181253	0.0967117	0.0470081	0.0208932	0.00852469	0.00320525	0.00111467	0.000359769	0.000108112	3.03375e-05	7.9712e-06	1.96607e-06	4.56266e-07	9.9842e-08	2.06422e-08	4.0397e-09	7.49633e-10	1.32115e-10	2.21473e-11	3.53642e-12	5.38595e-13	7.83353e-14	1.08934e-14	1.44997e-15	1.84929e-16	2.2622e-17	2.65675e-18	2.99814e-19	3.2539e-20	3.39908e-21	3.42028e-22	3.32002e-23	3.38457e-24	3.38457e-24	
0.391874	0.562949	0.729092	0.881767	1.01019	1.10387	1.15698	1.17075	1.14929	1.09199	0.992527	0.848508	0.671596	0.486807	0.321325	0.192828	0.10531	0.0524702	0.0239277	0.010022	0.00386917	0.00138161	0.000457805	0.000141203	4.06556e-05	1.09565e-05	2.77063e-06	6.58931e-07	1.47703e-07	3.12672e-08	6.26251e-09	1.18883e-09	2.14245e-10	3.67092e-11	5.98875e-12	9.3148e-13	1.38304e-13	1.96264e-14	2.66485e-15	3.46575e-16	4.32164e-17	5.17182e-18	5.94533e-19	6.57083e-20	6.98768e-21	7.15576e-22	7.06181e-23	6.72541e-24	6.71992e-25	6.71992e-25	
0.659813	0.808767	0.941063	1.04801	1.12281	1.16269	1.16878	1.14246	1.08125	0.979767	0.837394	0.665556	0.486807	0.325699	0.198847	0.110795	0.0564367	0.026349	0.0113094	0.00447683	0.00163957	0.000557259	0.000176287	5.20503e-05	1.43811e-05	3.72718e-06	9.08183e-07	2.08492e-07	4.51845e-08	9.26137e-09	1.79845e-09	3.31407e-10	5.80399e-11	9.67421e-12	1.53678e-12	2.32952e-13	3.37364e-14	4.67308e-15	6.19788e-16	7.8788e-17	9.60891e-18	1.12534e-18	1.26667e-19	1.37145e-20	1.42947e-21	1.43542e-22	1.38965e-23	1.29879e-24	1.27227e-25	1.27227e-25	
0.892377	1.00079	1.08491	1.1409	1.16744	1.16452	1.13102	1.06328	0.957333	0.814802	0.647478	0.475784	0.321325	0.198847	0.11268	0.0585236	0.0279125	0.0122553	0.004967	0.00186357	0.000649084	0.00021045	6.36836e-05	1.80309e-05	4.78784e-06	1.19496e-06	2.80903e-07	6.2316e-08	1.307e-08	2.59615e-09	4.89174e-10	8.75662e-11	1.49132e-11	2.41963e-12	3.74478e-13	5.5351e-14	7.8224e-15	1.05813e-15	1.37142e-16	1.70471e-17	2.03417e-18	2.33216e-19	2.57117e-20	2.72805e-21	2.78776e-22	2.74573e-23	2.60834e-24	2.39294e-25	2.29873e-26	2.29873e-26	
1.05589	1.11799	1.15633	1.16949	1.15585	1.11254	1.0358	0.923681	0.780181	0.617549	0.454157	0.308463	0.192828	0.110795	0.0585236	0.0284531	0.0127565	0.00528588	0.00202933	0.000723656	0.000240294	7.4481e-05	2.16005e-05	5.87448e-06	1.50138e-06	3.61332e-07	8.20428e-08	1.76066e-08	3.57724e-09	6.89214e-10	1.26109e-10	2.19456e-11	3.63697e-12	5.74749e-13	8.67132e-14	1.25043e-14	1.72532e-15	2.28015e-16	2.88913e-17	3.51307e-18	4.10304e-19	4.60674e-20	4.97624e-21	5.17563e-22	5.18682e-23	5.01213e-24	4.67329e-25	4.20956e-26	3.96668e-27	3.96668e-27	
1.14528	1.16696	1.16593	1.13926	1.08349	0.995964	0.877138	0.73312	0.576288	0.422815	0.287895	0.181253	0.10531	0.0564367	0.0279125	0.0127565	0.00539655	0.00211756	0.000772389	0.000262476	8.32849e-05	2.47296e-05	6.88594e-06	1.80173e-06	4.43853e-07	1.03138e-07	2.26457e-08	4.70619e-09	9.27155e-10	1.73414e-10	3.08377e-11	5.22065e-12	8.42493e-13	1.29757e-13	1.90948e-14	2.68777e-15	3.62252e-16	4.67949e-17	5.79914e-18	6.90072e-19	7.89153e-20	8.67997e-21	9.18976e-22	9.37224e-23	9.21394e-24	8.73792e-25	7.99868e-26	7.07602e-27	6.54236e-28	6.54236e-28	
1.16899	1.1519	1.10969	1.03964	0.940947	0.816462	0.67378	0.524785	0.383183	0.260897	0.165008	0.0967117	0.0524702	0.026349	0.0122553	0.00528588	0.00211756	0.000789342	0.000274314	8.9054e-05	2.70613e-05	7.71246e-06	2.06548e-06	5.20758e-07	1.23827e-07	2.78161e-08	5.91273e-09	1.19114e-09	2.27751e-10	4.13892e-11	7.15854e-12	1.17983e-12	1.85522e-13	2.78644e-14	4.0018e-15	5.50127e-16	7.24606e-17	9.15337e-18	1.10992e-18	1.29303e-19	1.44839e-20	1.56122e-21	1.62059e-22	1.62116e-23	1.56395e-24	1.45596e-25	1.30883e-26	1.13743e-27	1.03215e-28	1.03215e-28	
1.12058	1.06134	0.976972	0.868805	0.741527	0.603329	0.464896	0.337249	0.229173	0.145315	0.0857458	0.0470081	0.0239277	0.0113094	0.004967	0.00202933	0.000772389	0.000274314	9.10636e-05	2.83076e-05	8.25487e-06	2.26226e-06	5.8366e-07	1.42005e-07	3.2635e-08	7.09558e-09	1.46175e-09	2.85736e-10	5.30719e-11	9.37874e-12	1.57888e-12	2.53512e-13	3.88676e-14	5.69627e-15	7.98837e-16	1.07305e-16	1.38193e-17	1.70786e-18	2.02718e-19	2.31294e-20	2.53871e-21	2.68267e-22	2.73114e-23	2.68069e-24	2.53842e-25	2.32047e-26	2.04905e-27	1.74973e-28	1.55879e-29	1.55879e-29	
0.989273	0.893194	0.779527	0.653918	0.524212	0.399312	0.287498	0.194735	0.123613	0.0733195	0.040554	0.0208932	0.010022	0.00447683	0.00186357	0.000723656	0.000262476	8.9054e-05	2.83076e-05	8.44396e-06	2.36752e-06	6.24966e-07	1.55572e-07	3.65767e-08	8.1345e-09	1.71376e-09	3.42513e-10	6.50274e-11	1.17429e-11	2.01953e-12	3.31162e-13	5.18367e-14	7.75376e-15	1.10947e-15	1.52012e-16	1.99624e-17	2.51486e-18	3.04199e-19	3.53594e-20	3.95278e-21	4.25288e-22	4.4072e-23	4.40199e-24	4.24067e-25	3.94277e-26	3.54014e-27	3.07152e-28	2.57786e-29	2.25523e-30	2.25523e-30	
0.78913	0.675773	0.557196	0.440134	0.331405	0.236728	0.15972	0.101401	0.0603893	0.0336595	0.0175309	0.00852469	0.00386917	0.00163957	0.000649084	0.000240294	8.32849e-05	2.70613e-05	8.25487e-06	2.36752e-06	6.3937e-07	1.62832e-07	3.91652e-08	8.90977e-09	1.91979e-09	3.92335e-10	7.61468e-11	1.40537e-11	2.46949e-12	4.13629e-13	6.61138e-14	1.00953e-14	1.47415e-15	2.06059e-16	2.75981e-17	3.54487e-18	4.37052e-19	5.17657e-20	5.89486e-21	6.45897e-22	6.81444e-23	6.92761e-24	6.79077e-25	6.42274e-26	5.86492e-27	5.17377e-28	4.41174e-29	3.64009e-30	3.12807e-31	3.12807e-31	
0.562951	0.456622	0.355675	0.264862	0.187743	0.126156	0.0800666	0.047844	0.0268496	0.0141242	0.00695613	0.00320525	0.00138161	0.000557259	0.00021045	7.4481e-05	2.47296e-05	7.71246e-06	2.26226e-06	6.24966e-07	1.62832e-07	4.00679e-08	9.32452e-09	2.05504e-09	4.29489e-10	8.52279e-11	1.60787e-11	2.88724e-12	4.94062e-13	8.06549e-14	1.25747e-14	1.87425e-15	2.67333e-16	3.65245e-17	4.78429e-18	6.01356e-19	7.25926e-20	8.42265e-21	9.4002e-22	1.0099e-22	1.04517e-23	1.0427e-24	1.00341e-25	9.32025e-27	8.36118e-28	7.24862e-29	6.07631e-30	4.92999e-31	4.16253e-32	4.16253e-32	
0.358349	0.275604	0.203183	0.143013	0.0957383	0.0607399	0.0364058	0.0205598	0.0109168	0.00544167	0.00254383	0.00111467	0.000457805	0.000176287	6.36836e-05	2.16005e-05	6.88594e-06	2.06548e-06	5.8366e-07	1.55572e-07	3.91652e-08	9.32452e-09	2.10219e-09	4.49357e-10	9.11853e-11	1.75873e-11	3.22797e-12	5.64429e-13	9.41277e-14	1.4987e-14	2.2806e-15	3.32007e-16	4.62827e-17	6.18387e-18	7.92598e-19	9.75353e-20	1.15329e-20	1.31135e-21	1.43493e-22	1.51212e-23	1.53562e-24	1.50388e-25	1.4212e-26	1.29681e-27	1.14323e-28	9.74275e-30	8.03077e-31	6.40874e-32	5.31796e-33	5.31796e-33	
0.204075	0.149155	0.104359	0.069647	0.0441857	0.0265651	0.0150941	0.00808676	0.00407793	0.00193304	0.000860642	0.000359769	0.000141203	5.20503e-05	1.80309e-05	5.87448e-06	1.80173e-06	5.20758e-07	1.42005e-07	3.65767e-08	8.90977e-09	2.05504e-09	4.49357e-10	9.32617e-11	1.83936e-11	3.4513e-12	6.1679e-13	1.051e-13	1.70935e-14	2.65625e-15	3.94767e-16	5.61637e-17	7.65613e-18	1.00088e-18	1.25586e-19	1.51369e-20	1.75393e-21	1.9552e-22	2.09841e-23	2.16975e-24	2.16293e-25	2.08003e-26	1.93091e-27	1.73133e-28	1.50029e-29	1.25717e-30	1.01922e-31	8.00192e-33	6.52738e-34	6.52738e-34	
0.104485	0.0727671	0.0484622	0.0307646	0.0185591	0.0106104	0.00573505	0.00292497	0.00140548	0.000635596	0.000270336	0.000108112	4.06556e-05	1.43811e-05	4.78784e-06	1.50138e-06	4.43853e-07	1.23827e-07	3.2635e-08	8.1345e-09	1.91979e-09	4.29489e-10	9.11853e-11	1.83936e-11	3.52911e-12	6.44754e-13	1.12284e-13	1.86589e-14	2.96166e-15	4.49458e-16	6.52763e-17	9.08091e-18	1.21113e-18	1.54991e-19	1.90472e-20	2.24959e-21	2.55536e-22	2.7938e-23	2.94196e-24	2.98587e-25	2.92267e-26	2.76082e-27	2.5183e-28	2.21945e-29	1.89101e-30	1.55845e-31	1.24299e-32	9.60306e-34	7.70255e-35	7.70255e-35	
0.0483703	0.0321866	0.0204635	0.0123942	0.00713199	0.00388956	0.00200624	0.000977069	0.000448708	0.000194139	7.90939e-05	3.03375e-05	1.09565e-05	3.72718e-06	1.19496e-06	3.61332e-07	1.03138e-07	2.78161e-08	7.09558e-09	1.71376e-09	3.92335e-10	8.52279e-11	1.75873e-11	3.4513e-12	6.44754e-13	1.14785e-13	1.94942e-14	3.16141e-15	4.9004e-16	7.26717e-17	1.03199e-17	1.40455e-18	1.83368e-19	2.29819e-20	2.76736e-21	3.20401e-22	3.56934e-23	3.82874e-24	3.95725e-25	3.94353e-26	3.79147e-27	3.51906e-28	3.155e-29	2.73384e-30	2.2908e-31	1.85726e-32	1.45766e-33	1.10843e-34	8.74417e-36	8.74417e-36	
0.0203635	0.0129806	0.00789973	0.00457777	0.00251978	0.00131463	0.000648918	0.000302611	0.000133172	5.52658e-05	2.16193e-05	7.9712e-06	2.77063e-06	9.08183e-07	2.80903e-07	8.20428e-08	2.26457e-08	5.91273e-09	1.46175e-09	3.42513e-10	7.61468e-11	1.60787e-11	3.22797e-12	6.1679e-13	1.12284e-13	1.94942e-14	3.23092e-15	5.11678e-16	7.75029e-17	1.12378e-17	1.56123e-18	2.07989e-19	2.65925e-20	3.26559e-21	3.85463e-22	4.37664e-23	4.78348e-24	5.03608e-25	5.11061e-26	5.00222e-27	4.72533e-28	4.3106e-29	3.79955e-30	3.23785e-31	2.66898e-32	2.12924e-33	1.6448e-34	1.23132e-35	9.5559e-37	9.5559e-37	
0.00783863	0.00479803	0.00280199	0.00155743	0.000822139	0.000411386	0.000194819	8.72059e-05	3.68633e-05	1.47068e-05	5.53592e-06	1.96607e-06	6.58931e-07	2.08492e-07	6.2316e-08	1.76066e-08	4.70619e-09	1.19114e-09	2.85736e-10	6.50274e-11	1.40537e-11	2.88724e-12	5.64429e-13	1.051e-13	1.86589e-14	3.16141e-15	5.11678e-16	7.91832e-17	1.17268e-17	1.66346e-18	2.26203e-19	2.95117e-20	3.69693e-21	4.45013e-22	5.15123e-23	5.73807e-24	6.15513e-25	6.36232e-26	6.34134e-27	6.09824e-28	5.66171e-29	5.07766e-30	4.40146e-31	3.68964e-32	2.99263e-33	2.34977e-34	1.78697e-35	1.31727e-36	1.00592e-37	1.00592e-37	
0.00277275	0.00163327	0.000917318	0.000490176	0.00024872	0.000119638	5.44784e-05	2.34593e-05	9.54563e-06	3.66852e-06	1.33134e-06	4.56266e-07	1.47703e-07	4.51845e-08	1.307e-08	3.57724e-09	9.27155e-10	2.27751e-10	5.30719e-11	1.17429e-11	2.46949e-12	4.94062e-13	9.41277e-14	1.70935e-14	2.96166e-15	4.9004e-16	7.75029e-17	1.17268e-17	1.69899e-18	2.35896e-19	3.1414e-20	4.01551e-21	4.93069e-22	5.82033e-23	6.60956e-24	7.22577e-25	7.60983e-26	7.72552e-27	7.56513e-28	7.14996e-29	6.52598e-30	5.7556e-31	4.90767e-32	4.04793e-33	3.23136e-34	2.49776e-35	1.87042e-36	1.35796e-37	1.02062e-38	1.02062e-38	
0.000905397	0.000514237	0.000278327	0.000143273	7.0023e-05	3.24445e-05	1.42347e-05	5.90838e-06	2.31861e-06	8.59946e-07	3.01405e-07	9.9842e-08	3.12672e-08	9.26137e-09	2.59615e-09	6.89214e-10	1.73414e-10	4.13892e-11	9.37874e-12	2.01953e-12	4.13629e-13	8.06549e-14	1.4987e-14	2.65625e-15	4.49458e-16	7.26717e-17	1.12378e-17	1.66346e-18	2.35896e-19	3.20748e-20	4.18489e-21	5.24344e-22	6.31373e-23	7.31148e-24	8.14853e-25	8.74586e-26	9.04607e-27	9.0225e-28	8.683e-29	8.06765e-30	7.24117e-31	6.28197e-32	5.27038e-33	4.27833e-34	3.3621e-35	2.55896e-36	1.8873e-37	1.3498e-38	9.98684e-40	9.98684e-40	
0.000274034	0.00015034	7.85569e-05	3.90275e-05	1.84063e-05	8.23019e-06	3.48543e-06	1.39693e-06	5.296e-07	1.89873e-07	6.43738e-08	2.06422e-08	6.26251e-09	1.79845e-09	4.89174e-10	1.26109e-10	3.08377e-11	7.15854e-12	1.57888e-12	3.31162e-13	6.61138e-14	1.25747e-14	2.2806e-15	3.94767e-16	6.52763e-17	1.03199e-17	1.56123e-18	2.26203e-19	3.1414e-20	4.18489e-21	5.35202e-22	6.5758e-23	7.76772e-24	8.8279e-25	9.65912e-26	1.01817e-26	1.03463e-27	1.01414e-28	9.59456e-30	8.76626e-31	7.73946e-32	6.6062e-33	5.45463e-34	4.35886e-35	3.3728e-36	2.52828e-37	1.83687e-38	1.29441e-39	9.42987e-41	9.42987e-41	
7.71643e-05	4.09567e-05	2.06949e-05	9.93908e-06	4.53091e-06	1.95836e-06	8.01843e-07	3.10815e-07	1.14015e-07	3.9573e-08	1.29966e-08	4.0397e-09	1.18883e-09	3.31407e-10	8.75662e-11	2.19456e-11	5.22065e-12	1.17983e-12	2.53512e-13	5.18367e-14	1.00953e-14	1.87425e-15	3.32007e-16	5.61637e-17	9.08091e-18	1.40455e-18	2.07989e-19	2.95117e-20	4.01551e-21	5.24344e-22	6.5758e-23	7.92601e-24	9.18842e-25	1.0252e-25	1.10165e-26	1.14085e-27	1.13929e-28	1.09781e-29	1.02131e-30	9.17859e-32	7.97297e-33	6.69763e-34	5.44383e-35	4.28338e-36	3.26421e-37	2.41037e-38	1.72545e-39	1.19824e-40	8.59688e-42	8.59688e-42	
2.02828e-05	1.04304e-05	5.10399e-06	2.37324e-06	1.04732e-06	4.3823e-07	1.73737e-07	6.52269e-08	2.31839e-08	7.8007e-09	2.48494e-09	7.49633e-10	2.14245e-10	5.80399e-11	1.49132e-11	3.63697e-12	8.42493e-13	1.85522e-13	3.88676e-14	7.75376e-15	1.47415e-15	2.67333e-16	4.62827e-17	7.65613e-18	1.21113e-18	1.83368e-19	2.65925e-20	3.69693e-21	4.93069e-22	6.31373e-23	7.76772e-24	9.18842e-25	1.04575e-25	1.1459e-26	1.20972e-27	1.23114e-28	1.20861e-29	1.1452e-30	1.04794e-31	9.26608e-33	7.92128e-34	6.5503e-35	5.24219e-36	4.06223e-37	3.04946e-38	2.21864e-39	1.56514e-40	1.07133e-41	7.5713e-43	7.5713e-43	
4.99173e-06	2.49035e-06	1.18174e-06	5.32714e-07	2.2789e-07	9.24391e-08	3.55322e-08	1.29376e-08	4.46136e-09	1.45701e-09	4.50727e-10	1.32115e-10	3.67092e-11	9.67421e-12	2.41963e-12	5.74749e-13	1.29757e-13	2.78644e-14	5.69627e-15	1.10947e-15	2.06059e-16	3.65245e-17	6.18387e-18	1.00088e-18	1.54991e-19	2.29819e-20	3.26559e-21	4.45013e-22	5.82033e-23	7.31148e-24	8.8279e-25	1.0252e-25	1.1459e-26	1.23358e-27	1.27979e-28	1.28036e-29	1.23598e-30	1.15193e-31	1.0371e-32	9.02467e-34	7.59435e-35	6.1833e-36	4.87345e-37	3.72006e-38	2.75145e-39	1.97274e-40	1.37172e-41	9.25643e-43	6.44501e-44	6.44501e-44	
1.15341e-06	5.58918e-07	2.5751e-07	1.12679e-07	4.67852e-08	1.84198e-08	6.87326e-09	2.43004e-09	8.13937e-10	2.58302e-10	7.76817e-11	2.21473e-11	5.98875e-12	1.53678e-12	3.74478e-13	8.67132e-14	1.90948e-14	4.0018e-15	7.98837e-16	1.52012e-16	2.75981e-17	4.78429e-18	7.92598e-19	1.25586e-19	1.90472e-20	2.76736e-21	3.85463e-22	5.15123e-23	6.60956e-24	8.14853e-25	9.65912e-26	1.10165e-26	1.20972e-27	1.27979e-28	1.30521e-29	1.28402e-30	1.21918e-31	1.11794e-32	9.90516e-34	8.48457e-35	7.02992e-36	5.63691e-37	4.37638e-38	3.29137e-39	2.39899e-40	1.69536e-41	1.16216e-42	7.73264e-44	5.30547e-45	5.30547e-45	
2.50852e-07	1.18197e-07	5.29324e-08	2.25083e-08	9.08106e-09	3.47419e-09	1.25988e-09	4.32988e-10	1.41021e-10	4.35325e-11	1.27404e-11	3.53642e-12	9.3148e-13	2.32952e-13	5.5351e-14	1.25043e-14	2.68777e-15	5.50127e-16	1.07305e-16	1.99624e-17	3.54487e-18	6.01356e-19	9.75353e-20	1.51369e-20	2.24959e-21	3.20401e-22	4.37664e-23	5.73807e-24	7.22577e-25	8.74586e-26	1.01817e-26	1.14085e-27	1.23114e-28	1.28036e-29	1.28402e-30	1.24246e-31	1.16068e-32	1.04739e-33	9.13498e-35	7.70432e-36	6.28656e-37	4.96545e-38	3.79821e-39	2.81499e-40	2.02232e-41	1.40893e-42	9.52306e-44	6.2488e-45	4.22559e-46	4.22559e-46	
5.1469e-08	2.36046e-08	1.02855e-08	4.25468e-09	1.66972e-09	6.21374e-10	2.19217e-10	7.33091e-11	2.32395e-11	6.98499e-12	1.9912e-12	5.38595e-13	1.38304e-13	3.37364e-14	7.8224e-15	1.72532e-15	3.62252e-16	7.24606e-17	1.38193e-17	2.51486e-18	4.37052e-19	7.25926e-20	1.15329e-20	1.75393e-21	2.55536e-22	3.56934e-23	4.78348e-24	6.15513e-25	7.60983e-26	9.04607e-27	1.03463e-27	1.13929e-28	1.20861e-29	1.23598e-30	1.21918e-31	1.16068e-32	1.06707e-33	9.47855e-35	8.13947e-36	6.76051e-37	5.43388e-38	4.22863e-39	3.18753e-40	2.32848e-41	1.6491e-42	1.13283e-43	7.55115e-45	4.88722e-46	3.2578e-47	3.2578e-47	
9.98353e-09	4.46063e-09	1.89298e-09	7.62473e-10	2.91341e-10	1.05565e-10	3.62659e-11	1.18121e-11	3.64797e-12	1.06852e-12	2.96951e-13	7.83353e-14	1.96264e-14	4.67308e-15	1.05813e-15	2.28015e-16	4.67949e-17	9.15337e-18	1.70786e-18	3.04199e-19	5.17657e-20	8.42265e-21	1.31135e-21	1.9552e-22	2.7938e-23	3.82874e-24	5.03608e-25	6.36232e-26	7.72552e-27	9.0225e-28	1.01414e-28	1.09781e-29	1.1452e-30	1.15193e-31	1.11794e-32	1.04739e-33	9.47855e-35	8.28988e-36	7.01065e-37	5.73578e-38	4.5422e-39	3.48328e-40	2.58797e-41	1.8637e-42	1.30146e-43	8.81672e-45	5.79675e-46	3.70111e-47	2.43243e-48	2.43243e-48	
1.83432e-09	7.9913e-10	3.30572e-10	1.29767e-10	4.83199e-11	1.70623e-11	5.7129e-12	1.81385e-12	5.46197e-13	1.56039e-13	4.23089e-14	1.08934e-14	2.66485e-15	6.19788e-16	1.37142e-16	2.88913e-17	5.79914e-18	1.10992e-18	2.02718e-19	3.53594e-20	5.89486e-21	9.4002e-22	1.43493e-22	2.09841e-23	2.94196e-24	3.95725e-25	5.11061e-26	6.34134e-27	7.56513e-28	8.683e-29	9.59456e-30	1.02131e-30	1.04794e-31	1.0371e-32	9.90516e-34	9.13498e-35	8.13947e-36	7.01065e-37	5.84008e-38	4.70755e-39	3.67367e-40	2.77675e-41	2.03379e-42	1.44412e-43	9.94514e-45	6.64531e-46	4.31015e-47	2.71522e-48	1.75967e-49	1.75967e-49	
3.19815e-10	1.3596e-10	5.48666e-11	2.10078e-11	7.62929e-12	2.62752e-12	8.58138e-13	2.65807e-13	7.81046e-14	2.17793e-14	5.76581e-15	1.44997e-15	3.46575e-16	7.8788e-17	1.70471e-17	3.51307e-18	6.90072e-19	1.29303e-19	2.31294e-20	3.95278e-21	6.45897e-22	1.0099e-22	1.51212e-23	2.16975e-24	2.98587e-25	3.94353e-26	5.00222e-27	6.09824e-28	7.14996e-29	8.06765e-30	8.76626e-31	9.17859e-32	9.26608e-33	9.02467e-34	8.48457e-35	7.70432e-36	6.76051e-37	5.73578e-38	4.70755e-39	3.7394e-40	2.87622e-41	2.14317e-42	1.54776e-43	1.08381e-44	7.36185e-46	4.85277e-47	3.10553e-48	1.93054e-49	1.23394e-50	1.23394e-50	
5.3e-11	2.20026e-11	8.66851e-12	3.2398e-12	1.14841e-12	3.86046e-13	1.23075e-13	3.72191e-14	1.06796e-14	2.9088e-15	7.524e-16	1.84929e-16	4.32164e-17	9.60891e-18	2.03417e-18	4.10304e-19	7.89153e-20	1.44839e-20	2.53871e-21	4.25288e-22	6.81444e-23	1.04517e-23	1.53562e-24	2.16293e-25	2.92267e-26	3.79147e-27	4.72533e-28	5.66171e-29	6.52598e-30	7.24117e-31	7.73946e-32	7.97297e-33	7.92128e-34	7.59435e-35	7.02992e-36	6.28656e-37	5.43388e-38	4.5422e-39	3.67367e-40	2.87622e-41	2.18091e-42	1.60232e-43	1.14116e-44	7.88174e-46	5.28148e-47	3.43498e-48	2.16922e-49	1.33089e-50	8.39094e-52	8.39094e-52	
8.36135e-12	3.39201e-12	1.30557e-12	4.76633e-13	1.65022e-13	5.41842e-14	1.68744e-14	4.98556e-15	1.39791e-15	3.72148e-16	9.41126e-17	2.2622e-17	5.17182e-18	1.12534e-18	2.33216e-19	4.60674e-20	8.67997e-21	1.56122e-21	2.68267e-22	4.4072e-23	6.92761e-24	1.0427e-24	1.50388e-25	2.08003e-26	2.76082e-27	3.51906e-28	4.3106e-29	5.07766e-30	5.7556e-31	6.28197e-32	6.6062e-33	6.69763e-34	6.5503e-35	6.1833e-36	5.63691e-37	4.96545e-38	4.22863e-39	3.48328e-40	2.77675e-41	2.14317e-42	1.60232e-43	1.16095e-44	8.15523e-46	5.55658e-47	3.67372e-48	2.3578e-49	1.46954e-50	8.89969e-52	5.53562e-53	5.53562e-53	
1.25755e-12	4.98842e-13	1.87699e-13	6.69792e-14	2.26656e-14	7.27398e-15	2.21431e-15	6.39578e-16	1.75351e-16	4.56555e-17	1.1295e-17	2.65675e-18	5.94533e-19	1.26667e-19	2.57117e-20	4.97624e-21	9.18976e-22	1.62059e-22	2.73114e-23	4.40199e-24	6.79077e-25	1.00341e-25	1.4212e-26	1.93091e-27	2.5183e-28	3.155e-29	3.79955e-30	4.40146e-31	4.90767e-32	5.27038e-33	5.45463e-34	5.44383e-35	5.24219e-36	4.87345e-37	4.37638e-38	3.79821e-39	3.18753e-40	2.58797e-41	2.03379e-42	1.54776e-43	1.14116e-44	8.15523e-46	5.65141e-47	3.79921e-48	2.47869e-49	1.57007e-50	9.65943e-52	5.77511e-53	3.54435e-54	3.54435e-54	
1.80555e-13	7.00745e-14	2.57916e-14	9.00153e-15	2.97906e-15	9.35038e-16	2.78402e-16	7.86611e-17	2.11001e-17	5.37611e-18	1.30186e-18	2.99814e-19	6.57083e-20	1.37145e-20	2.72805e-21	5.17563e-22	9.37224e-23	1.62116e-23	2.68069e-24	4.24067e-25	6.42274e-26	9.32025e-27	1.29681e-27	1.73133e-28	2.21945e-29	2.73384e-30	3.23785e-31	3.68964e-32	4.04793e-33	4.27833e-34	4.35886e-35	4.28338e-36	4.06223e-37	3.72006e-38	3.29137e-39	2.81499e-40	2.32848e-41	1.8637e-42	1.44412e-43	1.08381e-44	7.88174e-46	5.55658e-47	3.79921e-48	2.52035e-49	1.62288e-50	1.0147e-51	6.16295e-53	3.63806e-54	2.2034e-55	2.2034e-55	
2.47785e-14	9.41409e-15	3.39127e-15	1.15827e-15	3.75114e-16	1.15215e-16	3.35719e-17	9.28419e-18	2.43792e-18	6.08191e-19	1.44236e-19	3.2539e-20	6.98768e-21	1.42947e-21	2.78776e-22	5.18682e-23	9.21394e-24	1.56395e-24	2.53842e-25	3.94277e-26	5.86492e-27	8.36118e-28	1.14323e-28	1.50029e-29	1.89101e-30	2.2908e-31	2.66898e-32	2.99263e-33	3.23136e-34	3.3621e-35	3.3728e-36	3.26421e-37	3.04946e-38	2.75145e-39	2.39899e-40	2.02232e-41	1.6491e-42	1.30146e-43	9.94514e-45	7.36185e-46	5.28148e-47	3.67372e-48	2.47869e-49	1.62288e-50	1.0315e-51	6.36705e-53	3.81823e-54	2.22573e-55	1.33046e-56	1.33046e-56	
3.25411e-15	1.21092e-15	4.27166e-16	1.42854e-16	4.52969e-17	1.36221e-17	3.88664e-18	1.05258e-18	2.70711e-19	6.61589e-20	1.53736e-20	3.39908e-21	7.15576e-22	1.43542e-22	2.74573e-23	5.01213e-24	8.73792e-25	1.45596e-25	2.32047e-26	3.54014e-27	5.17377e-28	7.24862e-29	9.74275e-30	1.25717e-30	1.55845e-31	1.85726e-32	2.12924e-33	2.34977e-34	2.49776e-35	2.55896e-36	2.52828e-37	2.41037e-38	2.21864e-39	1.97274e-40	1.69536e-41	1.40893e-42	1.13283e-43	8.81672e-45	6.64531e-46	4.85277e-47	3.43498e-48	2.3578e-49	1.57007e-50	1.0147e-51	6.36705e-53	3.88047e-54	2.29794e-55	1.32292e-56	7.80598e-58	7.80598e-58	
4.09425e-16	1.49297e-16	5.15996e-17	1.69047e-17	5.25086e-18	1.54689e-18	4.32385e-19	1.1473e-19	2.89151e-20	6.9259e-21	1.57769e-21	3.42028e-22	7.06181e-23	1.38965e-23	2.60834e-24	4.67329e-25	7.99868e-26	1.30883e-26	2.04905e-27	3.07152e-28	4.41174e-29	6.07631e-30	8.03077e-31	1.01922e-31	1.24299e-32	1.45766e-33	1.6448e-34	1.78697e-35	1.87042e-36	1.8873e-37	1.83687e-38	1.72545e-39	1.56514e-40	1.37172e-41	1.16216e-42	9.52306e-44	7.55115e-45	5.79675e-46	4.31015e-47	3.10553e-48	2.16922e-49	1.46954e-50	9.65943e-52	6.16295e-53	3.81823e-54	2.29794e-55	1.34394e-56	7.64202e-58	4.45169e-59	4.45169e-59	
4.9469e-17	1.76837e-17	5.9904e-18	1.92336e-18	5.85483e-19	1.69036e-19	4.6308e-20	1.20441e-20	2.97574e-21	6.98868e-22	1.56125e-22	3.32002e-23	6.72541e-24	1.29879e-24	2.39294e-25	4.20956e-26	7.07602e-27	1.13743e-27	1.74973e-28	2.57786e-29	3.64009e-30	4.92999e-31	6.40874e-32	8.00192e-33	9.60306e-34	1.10843e-34	1.23132e-35	1.31727e-36	1.35796e-37	1.3498e-38	1.29441e-39	1.19824e-40	1.07133e-41	9.25643e-43	7.73264e-44	6.2488e-45	4.88722e-46	3.70111e-47	2.71522e-48	1.93054e-49	1.33089e-50	8.89969e-52	5.77511e-53	3.63806e-54	2.22573e-55	1.32292e-56	7.64202e-58	4.2926e-59	2.46895e-60	2.46895e-60	
6.35909e-18	2.22554e-18	7.37992e-19	2.3193e-19	6.91043e-20	1.95291e-20	5.23737e-21	1.33366e-21	3.22663e-22	7.42199e-23	1.6243e-23	3.38457e-24	6.71992e-25	1.27227e-25	2.29873e-26	3.96668e-27	6.54236e-28	1.03215e-28	1.55879e-29	2.25523e-30	3.12807e-31	4.16253e-32	5.31796e-33	6.52738e-34	7.70255e-35	8.74417e-36	9.5559e-37	1.00592e-37	1.02062e-38	9.98684e-40	9.42987e-41	8.59688e-42	7.5713e-43	6.44501e-44	5.30547e-45	4.22559e-46	3.2578e-47	2.43243e-48	1.75967e-49	1.23394e-50	8.39094e-52	5.53562e-53	3.54435e-54	2.2034e-55	1.33046e-56	7.80598e-58	4.45169e-59	2.46895e-60	1.4014e-61	1.4014e-61	
6.35909e-18	2.22554e-18	7.37992e-19	2.3193e-19	6.91043e-20	1.95291e-20	5.23737e-21	1.33366e-21	3.22663e-22	7.42199e-23	1.6243e-23	3.38457e-24	6.71992e-25	1.27227e-25	2.29873e-26	3.96668e-27	6.54236e-28	1.03215e-28	1.55879e-29	2.25523e-30	3.12807e-31	4.16253e-32	5.31796e-33	6.52738e-34	7.70255e-35	8.74417e-36	9.5559e-37	1.00592e-37	1.02062e-38	9.98684e-40	9.42987e-41	8.59688e-42	7.5713e-43	6.44501e-44	5.30547e-45	4.22559e-46	3.2578e-47	2.43243e-48	1.75967e-49	1.23394e-50	8.39094e-52	5.53562e-53	3.54435e-54	2.2034e-55	1.33046e-56	7.80598e-58	4.45169e-59	2.46895e-60	1.4014e-61	1.4014e-61	
