1.28616	1.24185	1.18223	1.1165	1.04717	0.972437	0.882498	0.765516	0.644066	0.536212	0.430739	0.339534	0.261402	0.181834	0.110118	0.0423282	-0.029125	-0.104967	-0.180735	-0.248152	-0.299199	-0.344567	-0.387336	-0.409817	-0.396448	-0.344946	-0.238033	-0.081352	0.0939312	0.27725	0.435011	0.543942	0.595806	0.580508	0.521643	0.44301	0.361493	0.302441	0.271513	0.267495	0.286568	0.312798	0.33644	0.345042	0.334331	0.298458	0.24205	0.195322	0.168097	0.168097	
1.24185	1.18586	1.11824	1.05427	0.99569	0.934311	0.858798	0.769686	0.677481	0.589459	0.506043	0.420809	0.330156	0.2367	0.155206	0.0770122	0.000235199	-0.086989	-0.179337	-0.263123	-0.33609	-0.401028	-0.45672	-0.492915	-0.497075	-0.457426	-0.366392	-0.222486	-0.0502654	0.130467	0.297933	0.424369	0.486943	0.49015	0.452099	0.381288	0.312399	0.268347	0.251282	0.258668	0.284949	0.319337	0.33929	0.33923	0.312027	0.256631	0.19153	0.129568	0.0898116	0.0898116	
1.18223	1.11824	1.04882	0.982296	0.923678	0.865129	0.80344	0.736903	0.669725	0.605472	0.548597	0.468914	0.37296	0.28814	0.209987	0.132331	0.0508975	-0.0506549	-0.16677	-0.26538	-0.356889	-0.434164	-0.494944	-0.547128	-0.569624	-0.545525	-0.47659	-0.356543	-0.191649	-0.0224015	0.143659	0.281837	0.358506	0.383811	0.36856	0.323999	0.278465	0.255061	0.251011	0.267453	0.303335	0.339466	0.355384	0.344878	0.303491	0.228951	0.146858	0.0757926	0.0269381	0.0269381	
1.1165	1.05427	0.982296	0.919234	0.858254	0.797026	0.741095	0.688234	0.63469	0.59306	0.550083	0.481777	0.396414	0.321194	0.257515	0.192392	0.108176	0.00613003	-0.109622	-0.224749	-0.327752	-0.422055	-0.511421	-0.584523	-0.626851	-0.62775	-0.574508	-0.476097	-0.337519	-0.179408	-0.0170972	0.124373	0.221276	0.272857	0.284083	0.272158	0.25343	0.253979	0.270534	0.300812	0.344221	0.374067	0.382538	0.365127	0.30918	0.21338	0.106148	0.0176041	-0.0370064	-0.0370064	
1.04717	0.99569	0.923678	0.858254	0.790319	0.72801	0.67284	0.626363	0.58331	0.554568	0.520679	0.463055	0.392251	0.335304	0.29051	0.242257	0.17221	0.0853001	-0.0178749	-0.136858	-0.252288	-0.371082	-0.491562	-0.594721	-0.662579	-0.689546	-0.659507	-0.585701	-0.471615	-0.323201	-0.171613	-0.0308613	0.0810003	0.153099	0.190547	0.210003	0.227537	0.257811	0.300878	0.350836	0.402996	0.43741	0.438275	0.399623	0.315274	0.196422	0.0691012	-0.0439647	-0.111528	-0.111528	
0.972437	0.934311	0.865129	0.797026	0.72801	0.658649	0.601033	0.554664	0.512147	0.486745	0.464774	0.423898	0.372139	0.335653	0.309714	0.275836	0.23065	0.16653	0.0775088	-0.0347392	-0.161038	-0.297276	-0.438011	-0.561293	-0.651392	-0.698753	-0.700325	-0.657877	-0.570534	-0.448536	-0.310082	-0.172325	-0.0524394	0.0290893	0.0886793	0.136707	0.181165	0.243916	0.315597	0.394824	0.464061	0.504314	0.503196	0.442032	0.331357	0.186898	0.0329804	-0.0953872	-0.168483	-0.168483	
0.882498	0.858798	0.80344	0.741095	0.67284	0.601033	0.537201	0.478668	0.438769	0.421412	0.405571	0.382492	0.348204	0.322079	0.310632	0.294622	0.272717	0.232466	0.157892	0.0571353	-0.0700211	-0.212081	-0.356535	-0.488645	-0.591225	-0.655455	-0.687167	-0.677134	-0.625434	-0.534827	-0.415007	-0.294304	-0.173138	-0.0839047	-0.0180236	0.0485161	0.115147	0.200078	0.30129	0.411178	0.495768	0.543786	0.545229	0.477064	0.357311	0.19657	0.0241047	-0.113284	-0.190458	-0.190458	
0.765516	0.769686	0.736903	0.688234	0.626363	0.554664	0.478668	0.418549	0.387329	0.377112	0.366577	0.352892	0.323359	0.29845	0.296346	0.296438	0.296564	0.280325	0.225646	0.14509	0.0280863	-0.110752	-0.253851	-0.390952	-0.499602	-0.579121	-0.634189	-0.653713	-0.637182	-0.584423	-0.493419	-0.391289	-0.287236	-0.197281	-0.125163	-0.0470068	0.0427859	0.14754	0.271959	0.394929	0.491877	0.556688	0.562862	0.50085	0.381961	0.220763	0.0483759	-0.101645	-0.186585	-0.186585	
0.644066	0.677481	0.669725	0.63469	0.58331	0.512147	0.438769	0.387329	0.368816	0.356244	0.339962	0.318497	0.287118	0.266499	0.271016	0.287172	0.302635	0.30472	0.274063	0.217599	0.119895	-0.00521149	-0.138086	-0.271254	-0.382663	-0.476983	-0.557403	-0.606248	-0.623572	-0.602197	-0.540917	-0.465369	-0.386693	-0.311227	-0.233837	-0.142758	-0.0306008	0.100018	0.242384	0.375357	0.485673	0.560861	0.56865	0.51635	0.401824	0.23794	0.0663673	-0.0852943	-0.16737	-0.16737	
0.536212	0.589459	0.605472	0.59306	0.554568	0.486745	0.421412	0.377112	0.356244	0.332881	0.30549	0.274627	0.244775	0.22921	0.236207	0.258944	0.282156	0.295796	0.289938	0.257872	0.187079	0.0864424	-0.025396	-0.142014	-0.252124	-0.354154	-0.454646	-0.531309	-0.581907	-0.596693	-0.573587	-0.52729	-0.466827	-0.401547	-0.316656	-0.215949	-0.0904382	0.0594375	0.219333	0.373099	0.493343	0.569373	0.579147	0.523199	0.403422	0.233108	0.0610552	-0.0823357	-0.164369	-0.164369	
0.430739	0.506043	0.548597	0.550083	0.520679	0.464774	0.405571	0.366577	0.339962	0.30549	0.264678	0.230824	0.203327	0.190299	0.193369	0.216244	0.24067	0.262626	0.28043	0.269964	0.229622	0.158382	0.0697883	-0.0236208	-0.125649	-0.228626	-0.334019	-0.434305	-0.516674	-0.568098	-0.582853	-0.566795	-0.52585	-0.461845	-0.37224	-0.261016	-0.119509	0.0489915	0.221003	0.381313	0.513605	0.588609	0.588025	0.517536	0.384956	0.210595	0.0343684	-0.110676	-0.198632	-0.198632	
0.339534	0.420809	0.468914	0.481777	0.463055	0.423898	0.382492	0.352892	0.318497	0.274627	0.230824	0.187553	0.160069	0.144761	0.145536	0.166581	0.190194	0.218809	0.252259	0.261074	0.248803	0.214093	0.149245	0.0816855	-0.00221931	-0.101278	-0.206491	-0.323643	-0.429047	-0.509784	-0.557086	-0.570257	-0.554765	-0.508031	-0.424682	-0.300707	-0.140308	0.0534636	0.248147	0.418152	0.552985	0.616382	0.6042	0.521809	0.3728	0.177983	-0.0243336	-0.18449	-0.280338	-0.280338	
0.261402	0.330156	0.37296	0.396414	0.392251	0.372139	0.348204	0.323359	0.287118	0.244775	0.203327	0.160069	0.129213	0.110014	0.107158	0.120223	0.139458	0.171671	0.215925	0.241796	0.254628	0.246095	0.208379	0.16629	0.104821	0.0202521	-0.0833732	-0.20947	-0.331633	-0.433098	-0.509763	-0.552937	-0.564276	-0.539021	-0.460249	-0.322195	-0.138937	0.077233	0.293868	0.472187	0.597548	0.649887	0.624359	0.519634	0.344745	0.1274	-0.0948967	-0.272918	-0.378742	-0.378742	
0.181834	0.2367	0.28814	0.321194	0.335304	0.335653	0.322079	0.29845	0.266499	0.22921	0.190299	0.144761	0.110014	0.0949649	0.0882366	0.0913361	0.102531	0.127052	0.163823	0.199052	0.228451	0.242339	0.241999	0.227192	0.184231	0.111686	0.00778369	-0.121007	-0.244502	-0.354324	-0.450972	-0.518243	-0.550301	-0.532968	-0.451252	-0.301877	-0.1006	0.122819	0.342496	0.525308	0.64584	0.688123	0.639907	0.502608	0.302159	0.0629324	-0.17667	-0.362791	-0.472208	-0.472208	
0.110118	0.155206	0.209987	0.257515	0.29051	0.309714	0.310632	0.296346	0.271016	0.236207	0.193369	0.145536	0.107158	0.0882366	0.0804674	0.0705168	0.0676805	0.0805686	0.104842	0.136198	0.174782	0.213158	0.237614	0.243369	0.215612	0.151384	0.0534677	-0.0608302	-0.176466	-0.288559	-0.387934	-0.465291	-0.501045	-0.482607	-0.397105	-0.238826	-0.0315836	0.194709	0.417105	0.592908	0.696885	0.721416	0.645817	0.48298	0.256366	-0.00860833	-0.263536	-0.463168	-0.571542	-0.571542	
0.0423282	0.0770122	0.132331	0.192392	0.242257	0.275836	0.294622	0.296438	0.287172	0.258944	0.216244	0.166581	0.120223	0.0913361	0.0705168	0.0462254	0.0291982	0.025447	0.0333803	0.0628731	0.107304	0.157358	0.198019	0.210066	0.191591	0.145772	0.0675403	-0.0234422	-0.123142	-0.227785	-0.323986	-0.398667	-0.428053	-0.404763	-0.310525	-0.142451	0.070347	0.298189	0.519043	0.680657	0.754103	0.748476	0.642919	0.452939	0.204115	-0.077906	-0.344914	-0.560874	-0.678458	-0.678458	
-0.029125	0.000235199	0.0508975	0.108176	0.17221	0.23065	0.272717	0.296564	0.302635	0.282156	0.24067	0.190194	0.139458	0.102531	0.0676805	0.0291982	-0.0106239	-0.0424221	-0.0549199	-0.0326767	0.0176304	0.0760382	0.130369	0.156047	0.153309	0.126016	0.0678364	-0.00662224	-0.0897876	-0.174014	-0.255159	-0.316945	-0.342611	-0.315396	-0.214316	-0.0424322	0.183992	0.417465	0.623761	0.767424	0.817703	0.781582	0.647854	0.431103	0.160728	-0.140296	-0.424581	-0.647609	-0.770314	-0.770314	
-0.104967	-0.086989	-0.0506549	0.00613003	0.0853001	0.16653	0.232466	0.280325	0.30472	0.295796	0.262626	0.218809	0.171671	0.127052	0.0805686	0.025447	-0.0424221	-0.105089	-0.134083	-0.123062	-0.0762432	-0.0116582	0.0519337	0.0979626	0.113489	0.0982443	0.0529235	-0.00754425	-0.0719837	-0.135831	-0.198285	-0.251344	-0.273664	-0.238043	-0.127081	0.05752	0.289429	0.521684	0.718973	0.846461	0.884536	0.826354	0.668814	0.430701	0.13448	-0.184901	-0.480743	-0.708426	-0.830651	-0.830651	
-0.180735	-0.179337	-0.16677	-0.109622	-0.0178749	0.0775088	0.157892	0.225646	0.274063	0.289938	0.28043	0.252259	0.215925	0.163823	0.104842	0.0333803	-0.0549199	-0.134083	-0.171672	-0.174444	-0.138705	-0.0755239	-0.0118506	0.0443154	0.0662786	0.0536887	0.021914	-0.0222828	-0.0716499	-0.126454	-0.18621	-0.236451	-0.249956	-0.196467	-0.0668923	0.131662	0.367782	0.604587	0.804591	0.926498	0.955291	0.880313	0.709269	0.453398	0.138416	-0.189499	-0.493004	-0.725211	-0.853962	-0.853962	
-0.248152	-0.263123	-0.26538	-0.224749	-0.136858	-0.0347392	0.0571353	0.14509	0.217599	0.257872	0.269964	0.261074	0.241796	0.199052	0.136198	0.0628731	-0.0326767	-0.123062	-0.174444	-0.193427	-0.166902	-0.107181	-0.040466	0.0130992	0.026368	0.00609285	-0.0214545	-0.0642421	-0.11056	-0.159911	-0.219549	-0.262052	-0.270586	-0.205823	-0.0641322	0.145776	0.40463	0.659219	0.865081	0.994854	1.03199	0.951252	0.774452	0.514615	0.193806	-0.14095	-0.456217	-0.693856	-0.826059	-0.826059	
-0.299199	-0.33609	-0.356889	-0.327752	-0.252288	-0.161038	-0.0700211	0.0280863	0.119895	0.187079	0.229622	0.248803	0.254628	0.228451	0.174782	0.107304	0.0176304	-0.0762432	-0.138705	-0.166902	-0.149273	-0.0990616	-0.0469393	-0.0129449	-0.0153151	-0.0435615	-0.0794645	-0.13043	-0.185981	-0.242901	-0.30264	-0.340427	-0.338168	-0.260694	-0.102152	0.126795	0.402668	0.676022	0.900382	1.04407	1.08994	1.01944	0.852603	0.600932	0.286625	-0.0429524	-0.352452	-0.587852	-0.717331	-0.717331	
-0.344567	-0.401028	-0.434164	-0.422055	-0.371082	-0.297276	-0.212081	-0.110752	-0.00521149	0.0864424	0.158382	0.214093	0.246095	0.242339	0.213158	0.157358	0.0760382	-0.0116582	-0.0755239	-0.107181	-0.0990616	-0.0682481	-0.0448663	-0.0356809	-0.0516795	-0.0932517	-0.149038	-0.213539	-0.283665	-0.353133	-0.412445	-0.449552	-0.438645	-0.349451	-0.176784	0.0707697	0.361147	0.649262	0.893813	1.05749	1.12275	1.08158	0.940621	0.71105	0.417068	0.106359	-0.182255	-0.408039	-0.529171	-0.529171	
-0.387336	-0.45672	-0.494944	-0.511421	-0.491562	-0.438011	-0.356535	-0.253851	-0.138086	-0.025396	0.0697883	0.149245	0.208379	0.241999	0.237614	0.198019	0.130369	0.0519337	-0.0118506	-0.040466	-0.0469393	-0.0448663	-0.0375359	-0.0487772	-0.0840925	-0.143792	-0.221938	-0.305069	-0.384469	-0.457754	-0.523238	-0.562589	-0.548867	-0.455326	-0.273961	-0.0179847	0.284513	0.583789	0.841045	1.03401	1.13366	1.12996	1.02712	0.835444	0.58154	0.301746	0.0374671	-0.168386	-0.277081	-0.277081	
-0.409817	-0.492915	-0.547128	-0.584523	-0.594721	-0.561293	-0.488645	-0.390952	-0.271254	-0.142014	-0.0236208	0.0816855	0.16629	0.227192	0.243369	0.210066	0.156047	0.0979626	0.0443154	0.0130992	-0.0129449	-0.0356809	-0.0487772	-0.0834242	-0.133405	-0.203765	-0.293111	-0.378648	-0.465692	-0.550976	-0.624352	-0.663896	-0.644004	-0.545748	-0.36063	-0.104857	0.197024	0.498847	0.771252	0.987621	1.11348	1.15341	1.0972	0.952971	0.749227	0.515517	0.292379	0.110823	0.0164087	0.0164087	
-0.396448	-0.497075	-0.569624	-0.626851	-0.662579	-0.651392	-0.591225	-0.499602	-0.382663	-0.252124	-0.125649	-0.00221931	0.104821	0.184231	0.215612	0.191591	0.153309	0.113489	0.0662786	0.026368	-0.0153151	-0.0516795	-0.0840925	-0.133405	-0.193521	-0.268461	-0.357181	-0.443634	-0.533169	-0.621794	-0.689365	-0.725779	-0.702424	-0.602157	-0.422551	-0.170428	0.119374	0.417667	0.701124	0.93263	1.08672	1.16438	1.15572	1.06415	0.909164	0.721385	0.536327	0.381785	0.302276	0.302276	
-0.344946	-0.457426	-0.545525	-0.62775	-0.689546	-0.698753	-0.655455	-0.579121	-0.476983	-0.354154	-0.228626	-0.101278	0.0202521	0.111686	0.151384	0.145772	0.126016	0.0982443	0.0536887	0.00609285	-0.0435615	-0.0932517	-0.143792	-0.203765	-0.268461	-0.342281	-0.421998	-0.506708	-0.589718	-0.66472	-0.723072	-0.747759	-0.713881	-0.608486	-0.435578	-0.197289	0.0826353	0.373561	0.647035	0.885081	1.06548	1.1714	1.2012	1.15067	1.04053	0.894878	0.739774	0.614921	0.546206	0.546206	
-0.238033	-0.366392	-0.47659	-0.574508	-0.659507	-0.700325	-0.687167	-0.634189	-0.557403	-0.454646	-0.334019	-0.206491	-0.0833732	0.00778369	0.0534677	0.0675403	0.0678364	0.0529235	0.021914	-0.0214545	-0.0794645	-0.149038	-0.221938	-0.293111	-0.357181	-0.421998	-0.48816	-0.559598	-0.628562	-0.69132	-0.735891	-0.737507	-0.687533	-0.573878	-0.397282	-0.169518	0.09183	0.365632	0.626577	0.862128	1.05224	1.17549	1.23282	1.21384	1.13347	1.01947	0.893675	0.790943	0.731878	0.731878	
-0.081352	-0.222486	-0.356543	-0.476097	-0.585701	-0.657877	-0.677134	-0.653713	-0.606248	-0.531309	-0.434305	-0.323643	-0.20947	-0.121007	-0.0608302	-0.0234422	-0.00662224	-0.00754425	-0.0222828	-0.0642421	-0.13043	-0.213539	-0.305069	-0.378648	-0.443634	-0.506708	-0.559598	-0.612426	-0.66247	-0.701391	-0.715684	-0.69532	-0.627976	-0.505443	-0.327904	-0.108803	0.12957	0.385641	0.631536	0.855147	1.04833	1.17973	1.25208	1.2571	1.19794	1.10283	0.996857	0.910451	0.85991	0.85991	
0.0939312	-0.0502654	-0.191649	-0.337519	-0.471615	-0.570534	-0.625434	-0.637182	-0.623572	-0.581907	-0.516674	-0.429047	-0.331633	-0.244502	-0.176466	-0.123142	-0.0897876	-0.0719837	-0.0716499	-0.11056	-0.185981	-0.283665	-0.384469	-0.465692	-0.533169	-0.589718	-0.628562	-0.66247	-0.689624	-0.701148	-0.685658	-0.637504	-0.549853	-0.410487	-0.229478	-0.0260165	0.194535	0.426454	0.64518	0.853112	1.04242	1.17509	1.24993	1.26892	1.23185	1.15802	1.0711	0.995338	0.948542	0.948542	
0.27725	0.130467	-0.0224015	-0.179408	-0.323201	-0.448536	-0.534827	-0.584423	-0.602197	-0.596693	-0.568098	-0.509784	-0.433098	-0.354324	-0.288559	-0.227785	-0.174014	-0.135831	-0.126454	-0.159911	-0.242901	-0.353133	-0.457754	-0.550976	-0.621794	-0.66472	-0.69132	-0.701391	-0.701148	-0.68472	-0.642382	-0.567406	-0.451521	-0.298209	-0.116417	0.0668366	0.259017	0.464346	0.662164	0.85284	1.02168	1.15137	1.23289	1.26354	1.24294	1.18471	1.11713	1.05478	1.01673	1.01673	
0.435011	0.297933	0.143659	-0.0170972	-0.171613	-0.310082	-0.415007	-0.493419	-0.540917	-0.573587	-0.582853	-0.557086	-0.509763	-0.450972	-0.387934	-0.323986	-0.255159	-0.198285	-0.18621	-0.219549	-0.30264	-0.412445	-0.523238	-0.624352	-0.689365	-0.723072	-0.735891	-0.715684	-0.685658	-0.642382	-0.569639	-0.467375	-0.331281	-0.176979	-0.0105682	0.156485	0.326325	0.496044	0.6634	0.829107	0.982127	1.11443	1.19949	1.24035	1.23342	1.18733	1.13657	1.08823	1.06469	1.06469	
0.543942	0.424369	0.281837	0.124373	-0.0308613	-0.172325	-0.294304	-0.391289	-0.465369	-0.52729	-0.566795	-0.570257	-0.552937	-0.518243	-0.465291	-0.398667	-0.316945	-0.251344	-0.236451	-0.262052	-0.340427	-0.449552	-0.562589	-0.663896	-0.725779	-0.747759	-0.737507	-0.69532	-0.637504	-0.567406	-0.467375	-0.343867	-0.202544	-0.0494649	0.103872	0.253768	0.39322	0.519273	0.650287	0.785544	0.920013	1.04417	1.1279	1.17568	1.18585	1.16802	1.14056	1.10458	1.08711	1.08711	
0.595806	0.486943	0.358506	0.221276	0.0810003	-0.0524394	-0.173138	-0.287236	-0.386693	-0.466827	-0.52585	-0.554765	-0.564276	-0.550301	-0.501045	-0.428053	-0.342611	-0.273664	-0.249956	-0.270586	-0.338168	-0.438645	-0.548867	-0.644004	-0.702424	-0.713881	-0.687533	-0.627976	-0.549853	-0.451521	-0.331281	-0.202544	-0.0550212	0.0900296	0.221634	0.337411	0.428561	0.512709	0.613134	0.725974	0.832324	0.937084	1.02478	1.0804	1.11296	1.11973	1.10757	1.09139	1.07995	1.07995	
0.580508	0.49015	0.383811	0.272857	0.153099	0.0290893	-0.0839047	-0.197281	-0.311227	-0.401547	-0.461845	-0.508031	-0.539021	-0.532968	-0.482607	-0.404763	-0.315396	-0.238043	-0.196467	-0.205823	-0.260694	-0.349451	-0.455326	-0.545748	-0.602157	-0.608486	-0.573878	-0.505443	-0.410487	-0.298209	-0.176979	-0.0494649	0.0900296	0.214476	0.316756	0.392676	0.441546	0.488756	0.5482	0.624531	0.709642	0.803527	0.894219	0.960229	1.00798	1.03324	1.04034	1.04798	1.05093	1.05093	
0.521643	0.452099	0.36856	0.284083	0.190547	0.0886793	-0.0180236	-0.125163	-0.233837	-0.316656	-0.37224	-0.424682	-0.460249	-0.451252	-0.397105	-0.310525	-0.214316	-0.127081	-0.0668923	-0.0641322	-0.102152	-0.176784	-0.273961	-0.36063	-0.422551	-0.435578	-0.397282	-0.327904	-0.229478	-0.116417	-0.0105682	0.103872	0.221634	0.316756	0.380215	0.41357	0.427071	0.43581	0.450635	0.484421	0.552615	0.640864	0.729252	0.807468	0.87064	0.922534	0.962332	0.988908	0.999951	0.999951	
0.44301	0.381288	0.323999	0.272158	0.210003	0.136707	0.0485161	-0.0470068	-0.142758	-0.215949	-0.261016	-0.300707	-0.322195	-0.301877	-0.238826	-0.142451	-0.0424322	0.05752	0.131662	0.145776	0.126795	0.0707697	-0.0179847	-0.104857	-0.170428	-0.197289	-0.169518	-0.108803	-0.0260165	0.0668366	0.156485	0.253768	0.337411	0.392676	0.41357	0.407718	0.378661	0.337642	0.318886	0.331471	0.379297	0.449679	0.533585	0.629859	0.724176	0.804499	0.868895	0.916925	0.936675	0.936675	
0.361493	0.312399	0.278465	0.25343	0.227537	0.181165	0.115147	0.0427859	-0.0306008	-0.0904382	-0.119509	-0.140308	-0.138937	-0.1006	-0.0315836	0.070347	0.183992	0.289429	0.367782	0.40463	0.402668	0.361147	0.284513	0.197024	0.119374	0.0826353	0.09183	0.12957	0.194535	0.259017	0.326325	0.39322	0.428561	0.441546	0.427071	0.378661	0.300612	0.224345	0.178476	0.162133	0.190105	0.252933	0.340316	0.450927	0.568191	0.674623	0.765756	0.838761	0.872801	0.872801	
0.302441	0.268347	0.255061	0.253979	0.257811	0.243916	0.200078	0.14754	0.100018	0.0594375	0.0489915	0.0534636	0.077233	0.122819	0.194709	0.298189	0.417465	0.521684	0.604587	0.659219	0.676022	0.649262	0.583789	0.498847	0.417667	0.373561	0.365632	0.385641	0.426454	0.464346	0.496044	0.519273	0.512709	0.488756	0.43581	0.337642	0.224345	0.120443	0.0425232	-0.00472668	0.000761216	0.0629723	0.156998	0.278158	0.414033	0.546321	0.669241	0.765652	0.811134	0.811134	
0.271513	0.251282	0.251011	0.270534	0.300878	0.315597	0.30129	0.271959	0.242384	0.219333	0.221003	0.248147	0.293868	0.342496	0.417105	0.519043	0.623761	0.718973	0.804591	0.865081	0.900382	0.893813	0.841045	0.771252	0.701124	0.647035	0.626577	0.631536	0.64518	0.662164	0.6634	0.650287	0.613134	0.5482	0.450635	0.318886	0.178476	0.0425232	-0.0689513	-0.1396	-0.153326	-0.108117	-0.0157096	0.115932	0.276832	0.441745	0.587914	0.705208	0.764098	0.764098	
0.267495	0.258668	0.267453	0.300812	0.350836	0.394824	0.411178	0.394929	0.375357	0.373099	0.381313	0.418152	0.472187	0.525308	0.592908	0.680657	0.767424	0.846461	0.926498	0.994854	1.04407	1.05749	1.03401	0.987621	0.93263	0.885081	0.862128	0.855147	0.853112	0.85284	0.829107	0.785544	0.725974	0.624531	0.484421	0.331471	0.162133	-0.00472668	-0.1396	-0.228574	-0.255749	-0.227577	-0.137967	0.00222213	0.177037	0.36832	0.535152	0.665321	0.739173	0.739173	
0.286568	0.284949	0.303335	0.344221	0.402996	0.464061	0.495768	0.491877	0.485673	0.493343	0.513605	0.552985	0.597548	0.64584	0.696885	0.754103	0.817703	0.884536	0.955291	1.03199	1.08994	1.12275	1.13366	1.11348	1.08672	1.06548	1.05224	1.04833	1.04242	1.02168	0.982127	0.920013	0.832324	0.709642	0.552615	0.379297	0.190105	0.000761216	-0.153326	-0.255749	-0.307403	-0.293057	-0.200062	-0.0526157	0.131012	0.341168	0.536847	0.682956	0.768673	0.768673	
0.312798	0.319337	0.339466	0.374067	0.43741	0.504314	0.543786	0.556688	0.560861	0.569373	0.588609	0.616382	0.649887	0.688123	0.721416	0.748476	0.781582	0.826354	0.880313	0.951252	1.01944	1.08158	1.12996	1.15341	1.16438	1.1714	1.17549	1.17973	1.17509	1.15137	1.11443	1.04417	0.937084	0.803527	0.640864	0.449679	0.252933	0.0629723	-0.108117	-0.227577	-0.293057	-0.285049	-0.193306	-0.0373284	0.163804	0.392893	0.61354	0.776588	0.873003	0.873003	
0.33644	0.33929	0.355384	0.382538	0.438275	0.503196	0.545229	0.562862	0.56865	0.579147	0.588025	0.6042	0.624359	0.639907	0.645817	0.642919	0.647854	0.668814	0.709269	0.774452	0.852603	0.940621	1.02712	1.0972	1.15572	1.2012	1.23282	1.25208	1.24993	1.23289	1.19949	1.1279	1.02478	0.894219	0.729252	0.533585	0.340316	0.156998	-0.0157096	-0.137967	-0.200062	-0.193306	-0.105518	0.0650507	0.290279	0.537144	0.776113	0.956173	1.06097	1.06097	
0.345042	0.33923	0.344878	0.365127	0.399623	0.442032	0.477064	0.50085	0.51635	0.523199	0.517536	0.521809	0.519634	0.502608	0.48298	0.452939	0.431103	0.430701	0.453398	0.514615	0.600932	0.71105	0.835444	0.952971	1.06415	1.15067	1.21384	1.2571	1.26892	1.26354	1.24035	1.17568	1.0804	0.960229	0.807468	0.629859	0.450927	0.278158	0.115932	0.00222213	-0.0526157	-0.0373284	0.0650507	0.247133	0.49256	0.767148	1.02943	1.23179	1.34095	1.34095	
0.334331	0.312027	0.303491	0.30918	0.315274	0.331357	0.357311	0.381961	0.401824	0.403422	0.384956	0.3728	0.344745	0.302159	0.256366	0.204115	0.160728	0.13448	0.138416	0.193806	0.286625	0.417068	0.58154	0.749227	0.909164	1.04053	1.13347	1.19794	1.23185	1.24294	1.23342	1.18585	1.11296	1.00798	0.87064	0.724176	0.568191	0.414033	0.276832	0.177037	0.131012	0.163804	0.290279	0.49256	0.761661	1.06639	1.35012	1.57044	1.69528	1.69528	
0.298458	0.256631	0.228951	0.21338	0.196422	0.186898	0.19657	0.220763	0.23794	0.233108	0.210595	0.177983	0.1274	0.0629324	-0.00860833	-0.077906	-0.140296	-0.184901	-0.189499	-0.14095	-0.0429524	0.106359	0.301746	0.515517	0.721385	0.894878	1.01947	1.10283	1.15802	1.18471	1.18733	1.16802	1.11973	1.03324	0.922534	0.804499	0.674623	0.546321	0.441745	0.36832	0.341168	0.392893	0.537144	0.767148	1.06639	1.39475	1.69781	1.93369	2.07199	2.07199	
0.24205	0.19153	0.146858	0.106148	0.0691012	0.0329804	0.0241047	0.0483759	0.0663673	0.0610552	0.0343684	-0.0243336	-0.0948967	-0.17667	-0.263536	-0.344914	-0.424581	-0.480743	-0.493004	-0.456217	-0.352452	-0.182255	0.0374671	0.292379	0.536327	0.739774	0.893675	0.996857	1.0711	1.11713	1.13657	1.14056	1.10757	1.04034	0.962332	0.868895	0.765756	0.669241	0.587914	0.535152	0.536847	0.61354	0.776113	1.02943	1.35012	1.69781	2.028	2.28258	2.41565	2.41565	
0.195322	0.129568	0.0757926	0.0176041	-0.0439647	-0.0953872	-0.113284	-0.101645	-0.0852943	-0.0823357	-0.110676	-0.18449	-0.272918	-0.362791	-0.463168	-0.560874	-0.647609	-0.708426	-0.725211	-0.693856	-0.587852	-0.408039	-0.168386	0.110823	0.381785	0.614921	0.790943	0.910451	0.995338	1.05478	1.08823	1.10458	1.09139	1.04798	0.988908	0.916925	0.838761	0.765652	0.705208	0.665321	0.682956	0.776588	0.956173	1.23179	1.57044	1.93369	2.28258	2.55338	2.6901	2.6901	
0.168097	0.0898116	0.0269381	-0.0370064	-0.111528	-0.168483	-0.190458	-0.186585	-0.16737	-0.164369	-0.198632	-0.280338	-0.378742	-0.472208	-0.571542	-0.678458	-0.770314	-0.830651	-0.853962	-0.826059	-0.717331	-0.529171	-0.277081	0.0164087	0.302276	0.546206	0.731878	0.85991	0.948542	1.01673	1.06469	1.08711	1.07995	1.05093	0.999951	0.936675	0.872801	0.811134	0.764098	0.739173	0.768673	0.873003	1.06097	1.34095	1.69528	2.07199	2.41565	2.6901	2.83827	2.83827	
0.168097	0.0898116	0.0269381	-0.0370064	-0.111528	-0.168483	-0.190458	-0.186585	-0.16737	-0.164369	-0.198632	-0.280338	-0.378742	-0.472208	-0.571542	-0.678458	-0.770314	-0.830651	-0.853962	-0.826059	-0.717331	-0.529171	-0.277081	0.0164087	0.302276	0.546206	0.731878	0.85991	0.948542	1.01673	1.06469	1.08711	1.07995	1.05093	0.999951	0.936675	0.872801	0.811134	0.764098	0.739173	0.768673	0.873003	1.06097	1.34095	1.69528	2.07199	2.41565	2.6901	2.83827	2.83827	
