-0.292521	-0.188009	-0.0571694	0.0785587	0.206569	0.303934	0.370532	0.419098	0.457409	0.47159	0.45391	0.398342	0.312142	0.221513	0.132476	0.0441805	-0.0297939	-0.0832379	-0.110205	-0.119779	-0.104752	-0.0657611	-0.0175469	0.0312877	0.0647423	0.0858579	0.0872599	0.0722637	0.0370203	-0.0197957	-0.0741077	-0.131446	-0.186057	-0.219288	-0.235607	-0.246326	-0.261606	-0.28156	-0.290365	-0.281523	-0.271379	-0.264105	-0.244152	-0.215355	-0.196395	-0.179836	-0.161498	-0.153692	-0.151112	-0.151112	
-0.188009	-0.0613191	0.0825953	0.233697	0.36138	0.446519	0.492388	0.509417	0.493982	0.44113	0.363948	0.26045	0.141069	0.0202757	-0.0948535	-0.205053	-0.301433	-0.363222	-0.386987	-0.38093	-0.340434	-0.278014	-0.205595	-0.134875	-0.0735289	-0.0208928	0.012497	0.0305292	0.0192828	-0.00921983	-0.0272109	-0.0457057	-0.0692123	-0.0902146	-0.0980446	-0.105024	-0.126431	-0.151547	-0.173815	-0.187181	-0.186756	-0.181605	-0.171849	-0.160657	-0.164626	-0.168383	-0.162954	-0.161518	-0.157244	-0.157244	
-0.0571694	0.0825953	0.237062	0.391917	0.518814	0.599393	0.622051	0.585138	0.499565	0.387457	0.256483	0.108148	-0.0443669	-0.192656	-0.325502	-0.446349	-0.548141	-0.615247	-0.637555	-0.61331	-0.554459	-0.473764	-0.384398	-0.302553	-0.22607	-0.15304	-0.0867931	-0.0356681	-0.0149156	-0.00502855	0.00964658	0.0352772	0.0609932	0.0624574	0.0532625	0.0399639	0.019223	-0.00447893	-0.0340035	-0.064778	-0.0842229	-0.0937289	-0.104552	-0.125101	-0.156417	-0.174317	-0.177937	-0.182647	-0.177742	-0.177742	
0.0785587	0.233697	0.391917	0.548226	0.674629	0.741419	0.724773	0.630793	0.488267	0.322092	0.138245	-0.053492	-0.23649	-0.40256	-0.542199	-0.661345	-0.755926	-0.822152	-0.836675	-0.797061	-0.726772	-0.637453	-0.542197	-0.453346	-0.375244	-0.293881	-0.205951	-0.129793	-0.0690766	-0.0148379	0.0395803	0.102585	0.160133	0.194434	0.199106	0.181039	0.16131	0.138097	0.103197	0.0564411	0.0134398	-0.0158372	-0.0506293	-0.0954286	-0.139913	-0.168512	-0.183341	-0.195279	-0.195086	-0.195086	
0.206569	0.36138	0.518814	0.674629	0.791409	0.833454	0.77894	0.641137	0.4487	0.236075	0.0122602	-0.206764	-0.408513	-0.579961	-0.720289	-0.830781	-0.907238	-0.958056	-0.962336	-0.919636	-0.844888	-0.756782	-0.666523	-0.586215	-0.513945	-0.425976	-0.331097	-0.236934	-0.141284	-0.046154	0.0512467	0.145567	0.225037	0.280747	0.301876	0.294641	0.27272	0.243901	0.212947	0.162328	0.103771	0.0544808	-0.0041657	-0.0602939	-0.101007	-0.135107	-0.164443	-0.18528	-0.190949	-0.190949	
0.303934	0.446519	0.599393	0.741419	0.833454	0.846252	0.765194	0.594649	0.368318	0.125333	-0.113138	-0.337332	-0.54288	-0.712213	-0.844905	-0.935524	-0.991133	-1.02135	-1.01607	-0.974453	-0.905692	-0.828083	-0.748148	-0.679751	-0.615096	-0.533103	-0.437962	-0.332527	-0.217851	-0.0966765	0.0265699	0.140497	0.232002	0.298284	0.337551	0.351398	0.339409	0.310902	0.284773	0.244415	0.187426	0.124834	0.0502959	-0.00929404	-0.0427798	-0.0783525	-0.118617	-0.143933	-0.149676	-0.149676	
0.370532	0.492388	0.622051	0.724773	0.77894	0.765194	0.66191	0.472605	0.234516	-0.0127394	-0.242368	-0.454718	-0.645705	-0.797968	-0.905734	-0.974256	-1.01276	-1.01996	-1.00048	-0.961402	-0.906982	-0.846987	-0.78423	-0.721424	-0.659094	-0.592901	-0.513315	-0.409382	-0.287945	-0.16108	-0.0340146	0.0793034	0.17083	0.245067	0.300279	0.337007	0.349088	0.338035	0.321649	0.297153	0.254538	0.192307	0.123411	0.0700326	0.0351623	0.00224114	-0.0429862	-0.0764272	-0.0773851	-0.0773851	
0.419098	0.509417	0.585138	0.630793	0.641137	0.594649	0.472605	0.284557	0.0570851	-0.177387	-0.387108	-0.568187	-0.721653	-0.843808	-0.92445	-0.969719	-0.980339	-0.959286	-0.929946	-0.905093	-0.865027	-0.812659	-0.765	-0.713988	-0.659405	-0.605483	-0.541007	-0.453617	-0.350249	-0.235937	-0.119058	-0.0204265	0.0569325	0.128806	0.201165	0.259137	0.299026	0.324294	0.3288	0.321464	0.300462	0.255457	0.207076	0.166459	0.129184	0.0943252	0.0545134	0.0253683	0.0216272	0.0216272	
0.457409	0.493982	0.499565	0.488267	0.4487	0.368318	0.234516	0.0570851	-0.152126	-0.356192	-0.529291	-0.665021	-0.780071	-0.874569	-0.922751	-0.926491	-0.901524	-0.861048	-0.82745	-0.815525	-0.788295	-0.747026	-0.706407	-0.665882	-0.632746	-0.59944	-0.545571	-0.468122	-0.390664	-0.309237	-0.221583	-0.142301	-0.0779048	-0.0129121	0.068618	0.145128	0.209675	0.266561	0.303556	0.31802	0.315619	0.305965	0.289293	0.262085	0.231409	0.197925	0.168117	0.151253	0.142207	0.142207	
0.47159	0.44113	0.387457	0.322092	0.236075	0.125333	-0.0127394	-0.177387	-0.356192	-0.518277	-0.651997	-0.74873	-0.829515	-0.886769	-0.89385	-0.855361	-0.803563	-0.74651	-0.703027	-0.688317	-0.676743	-0.662066	-0.63695	-0.608611	-0.591841	-0.583964	-0.547121	-0.483754	-0.429442	-0.377417	-0.324777	-0.266642	-0.208817	-0.146749	-0.064051	0.0263117	0.10866	0.178857	0.241313	0.283561	0.307938	0.336159	0.353484	0.34791	0.3296	0.307365	0.292668	0.284303	0.275967	0.275967	
0.45391	0.363948	0.256483	0.138245	0.0122602	-0.113138	-0.242368	-0.387108	-0.529291	-0.651997	-0.75282	-0.820764	-0.858741	-0.865832	-0.836751	-0.772694	-0.695666	-0.616698	-0.560208	-0.540582	-0.544221	-0.55641	-0.56194	-0.558076	-0.557492	-0.561909	-0.544052	-0.513159	-0.481579	-0.450375	-0.420246	-0.374716	-0.318314	-0.256979	-0.185458	-0.0927145	0.00355463	0.0840824	0.161358	0.228527	0.289431	0.349331	0.390929	0.409811	0.413191	0.414681	0.415603	0.412782	0.413313	0.413313	
0.398342	0.26045	0.108148	-0.053492	-0.206764	-0.337332	-0.454718	-0.568187	-0.665021	-0.74873	-0.820764	-0.858946	-0.852457	-0.817999	-0.761795	-0.674562	-0.57471	-0.484649	-0.425242	-0.404731	-0.418519	-0.449776	-0.478592	-0.502625	-0.52476	-0.536696	-0.534708	-0.533706	-0.52966	-0.515529	-0.495037	-0.464513	-0.414442	-0.354125	-0.291282	-0.204133	-0.103858	-0.0123129	0.0752384	0.16508	0.259288	0.344244	0.405963	0.446157	0.482081	0.513358	0.525856	0.532381	0.53999	0.53999	
0.312142	0.141069	-0.0443669	-0.23649	-0.408513	-0.54288	-0.645705	-0.721653	-0.780071	-0.829515	-0.858741	-0.852457	-0.814692	-0.757055	-0.674008	-0.566285	-0.460133	-0.374877	-0.318537	-0.299373	-0.316969	-0.35641	-0.398739	-0.437366	-0.474209	-0.502139	-0.514374	-0.52601	-0.546698	-0.561331	-0.555087	-0.528615	-0.486758	-0.435292	-0.375146	-0.298981	-0.205298	-0.108937	-0.0188571	0.0852536	0.203937	0.313104	0.396203	0.461269	0.536123	0.594874	0.621234	0.644257	0.656331	0.656331	
0.221513	0.0202757	-0.192656	-0.40256	-0.579961	-0.712213	-0.797968	-0.843808	-0.874569	-0.886769	-0.865832	-0.817999	-0.757055	-0.675207	-0.573139	-0.470854	-0.384992	-0.308356	-0.25623	-0.241631	-0.252528	-0.289293	-0.339508	-0.378242	-0.403158	-0.436123	-0.469528	-0.494304	-0.528943	-0.569907	-0.586569	-0.564468	-0.526303	-0.483307	-0.430584	-0.37287	-0.297362	-0.204506	-0.110643	-0.00242706	0.120496	0.24237	0.352085	0.450492	0.558027	0.650675	0.705506	0.746839	0.773145	0.773145	
0.132476	-0.0948535	-0.325502	-0.542199	-0.720289	-0.844905	-0.905734	-0.92445	-0.922751	-0.89385	-0.836751	-0.761795	-0.674008	-0.573139	-0.473063	-0.396662	-0.342818	-0.287155	-0.247434	-0.233288	-0.237444	-0.264844	-0.309157	-0.333604	-0.33641	-0.361846	-0.403165	-0.444617	-0.485465	-0.527144	-0.558719	-0.554603	-0.528526	-0.50006	-0.466511	-0.426706	-0.371315	-0.289965	-0.193304	-0.0889642	0.0260918	0.148783	0.27872	0.415423	0.551031	0.669985	0.763418	0.832394	0.869783	0.869783	
0.0441805	-0.205053	-0.446349	-0.661345	-0.830781	-0.935524	-0.974256	-0.969719	-0.926491	-0.855361	-0.772694	-0.674562	-0.566285	-0.470854	-0.396662	-0.343232	-0.313622	-0.292701	-0.273933	-0.260246	-0.260114	-0.275435	-0.294999	-0.298479	-0.298048	-0.313099	-0.339709	-0.380685	-0.419133	-0.449992	-0.483654	-0.507283	-0.50374	-0.486422	-0.473841	-0.455005	-0.417916	-0.351535	-0.260432	-0.163386	-0.0607137	0.0602092	0.209051	0.370686	0.52233	0.657849	0.775667	0.864517	0.908987	0.908987	
-0.0297939	-0.301433	-0.548141	-0.755926	-0.907238	-0.991133	-1.01276	-0.980339	-0.901524	-0.803563	-0.695666	-0.57471	-0.460133	-0.384992	-0.342818	-0.313622	-0.302053	-0.30608	-0.30748	-0.295944	-0.291791	-0.29121	-0.283746	-0.277149	-0.279614	-0.286125	-0.295294	-0.318679	-0.346886	-0.370311	-0.398902	-0.435549	-0.454742	-0.454226	-0.45509	-0.451574	-0.430937	-0.383065	-0.3044	-0.208483	-0.109637	0.00963089	0.163907	0.326755	0.476585	0.60879	0.728534	0.822362	0.862301	0.862301	
-0.0832379	-0.363222	-0.615247	-0.822152	-0.958056	-1.02135	-1.01996	-0.959286	-0.861048	-0.74651	-0.616698	-0.484649	-0.374877	-0.308356	-0.287155	-0.292701	-0.30608	-0.326491	-0.339134	-0.333344	-0.325213	-0.309922	-0.288128	-0.270942	-0.262183	-0.258854	-0.263595	-0.27206	-0.277452	-0.291287	-0.317695	-0.35442	-0.390473	-0.416086	-0.4323	-0.435379	-0.413579	-0.366899	-0.301428	-0.210773	-0.107153	0.00677806	0.142638	0.281147	0.407562	0.5222	0.624606	0.701586	0.734926	0.734926	
-0.110205	-0.386987	-0.637555	-0.836675	-0.962336	-1.01607	-1.00048	-0.929946	-0.82745	-0.703027	-0.560208	-0.425242	-0.318537	-0.25623	-0.247434	-0.273933	-0.30748	-0.339134	-0.362509	-0.365009	-0.350582	-0.321626	-0.287032	-0.259714	-0.243487	-0.238715	-0.244107	-0.242259	-0.231426	-0.234381	-0.254935	-0.286426	-0.32412	-0.360562	-0.381218	-0.379166	-0.353779	-0.310528	-0.257315	-0.180262	-0.0801086	0.025338	0.130997	0.231272	0.324	0.409442	0.47876	0.522947	0.542418	0.542418	
-0.119779	-0.38093	-0.61331	-0.797061	-0.919636	-0.974453	-0.961402	-0.905093	-0.815525	-0.688317	-0.540582	-0.404731	-0.299373	-0.241631	-0.233288	-0.260246	-0.295944	-0.333344	-0.365009	-0.374111	-0.356743	-0.315285	-0.272273	-0.242507	-0.232277	-0.235492	-0.238805	-0.230397	-0.212357	-0.207187	-0.22025	-0.237861	-0.254501	-0.276978	-0.289057	-0.274724	-0.248771	-0.220583	-0.187639	-0.133303	-0.0454458	0.044728	0.112431	0.171429	0.224957	0.269903	0.303778	0.318146	0.32112	0.32112	
-0.104752	-0.340434	-0.554459	-0.726772	-0.844888	-0.905692	-0.906982	-0.865027	-0.788295	-0.676743	-0.544221	-0.418519	-0.316969	-0.252528	-0.237444	-0.260114	-0.291791	-0.325213	-0.350582	-0.356743	-0.338923	-0.301285	-0.26244	-0.237032	-0.229478	-0.23129	-0.238657	-0.233426	-0.2111	-0.195304	-0.190436	-0.187586	-0.184554	-0.183842	-0.176041	-0.154626	-0.127776	-0.104735	-0.0866775	-0.0570706	-0.00525335	0.0458041	0.0775937	0.0976706	0.10854	0.115596	0.116126	0.103357	0.0945037	0.0945037	
-0.0657611	-0.278014	-0.473764	-0.637453	-0.756782	-0.828083	-0.846987	-0.812659	-0.747026	-0.662066	-0.55641	-0.449776	-0.35641	-0.289293	-0.264844	-0.275435	-0.29121	-0.309922	-0.321626	-0.315285	-0.301285	-0.28062	-0.257993	-0.24771	-0.24272	-0.237504	-0.243408	-0.238723	-0.213503	-0.184477	-0.156078	-0.13112	-0.111246	-0.0889855	-0.0603927	-0.0321963	-0.00588603	0.0132143	0.0257575	0.0377519	0.0427302	0.0392786	0.0300254	0.0125281	-0.0189789	-0.0530608	-0.077362	-0.101821	-0.121816	-0.121816	
-0.0175469	-0.205595	-0.384398	-0.542197	-0.666523	-0.748148	-0.78423	-0.765	-0.706407	-0.63695	-0.56194	-0.478592	-0.398739	-0.339508	-0.309157	-0.294999	-0.283746	-0.288128	-0.287032	-0.272273	-0.26244	-0.257993	-0.252619	-0.257642	-0.264775	-0.254177	-0.244339	-0.234515	-0.210954	-0.169741	-0.123418	-0.087819	-0.0474117	0.0062498	0.0560457	0.0891687	0.112366	0.128554	0.134652	0.123466	0.0825266	0.0260855	-0.0227356	-0.0748584	-0.14765	-0.217166	-0.261948	-0.295881	-0.31934	-0.31934	
0.0312877	-0.134875	-0.302553	-0.453346	-0.586215	-0.679751	-0.721424	-0.713988	-0.665882	-0.608611	-0.558076	-0.502625	-0.437366	-0.378242	-0.333604	-0.298479	-0.277149	-0.270942	-0.259714	-0.242507	-0.237032	-0.24771	-0.257642	-0.266192	-0.268784	-0.252159	-0.2338	-0.220493	-0.196261	-0.147948	-0.0931036	-0.0465178	0.0133925	0.0866512	0.148315	0.189069	0.209554	0.222278	0.229569	0.197087	0.115767	0.0163919	-0.0765715	-0.1657	-0.269603	-0.365389	-0.426456	-0.468423	-0.493966	-0.493966	
0.0647423	-0.0735289	-0.22607	-0.375244	-0.513945	-0.615096	-0.659094	-0.659405	-0.632746	-0.591841	-0.557492	-0.52476	-0.474209	-0.403158	-0.33641	-0.298048	-0.279614	-0.262183	-0.243487	-0.232277	-0.229478	-0.24272	-0.264775	-0.268784	-0.244881	-0.215756	-0.201038	-0.191164	-0.165657	-0.121538	-0.0699738	-0.00650298	0.0705607	0.147914	0.212013	0.257859	0.281655	0.292276	0.288232	0.23437	0.133512	0.00738916	-0.126805	-0.250266	-0.376062	-0.486551	-0.560886	-0.612873	-0.636458	-0.636458	
0.0858579	-0.0208928	-0.15304	-0.293881	-0.425976	-0.533103	-0.592901	-0.605483	-0.59944	-0.583964	-0.561909	-0.536696	-0.502139	-0.436123	-0.361846	-0.313099	-0.286125	-0.258854	-0.238715	-0.235492	-0.23129	-0.237504	-0.254177	-0.252159	-0.215756	-0.177362	-0.154879	-0.135429	-0.116443	-0.0899875	-0.0405568	0.0389974	0.120971	0.198052	0.2684	0.307612	0.323424	0.320823	0.287281	0.215784	0.110374	-0.0211488	-0.169967	-0.315976	-0.447776	-0.561274	-0.655726	-0.72269	-0.74887	-0.74887	
0.0872599	0.012497	-0.0867931	-0.205951	-0.331097	-0.437962	-0.513315	-0.541007	-0.545571	-0.547121	-0.544052	-0.534708	-0.514374	-0.469528	-0.403165	-0.339709	-0.295294	-0.263595	-0.244107	-0.238805	-0.238657	-0.243408	-0.244339	-0.2338	-0.201038	-0.154879	-0.108208	-0.0681962	-0.0470303	-0.0227876	0.0285834	0.100393	0.170645	0.237448	0.29716	0.328481	0.331352	0.300936	0.235888	0.151681	0.0490816	-0.0732127	-0.218631	-0.369789	-0.493063	-0.603675	-0.708978	-0.779152	-0.811661	-0.811661	
0.0722637	0.0305292	-0.0356681	-0.129793	-0.236934	-0.332527	-0.409382	-0.453617	-0.468122	-0.483754	-0.513159	-0.533706	-0.52601	-0.494304	-0.444617	-0.380685	-0.318679	-0.27206	-0.242259	-0.230397	-0.233426	-0.238723	-0.234515	-0.220493	-0.191164	-0.135429	-0.0681962	-0.0183258	0.0166551	0.0621594	0.121135	0.174893	0.224998	0.271948	0.302845	0.316346	0.302892	0.249434	0.160268	0.0581886	-0.044739	-0.157425	-0.284366	-0.414378	-0.52315	-0.62018	-0.716742	-0.785017	-0.816937	-0.816937	
0.0370203	0.0192828	-0.0149156	-0.0690766	-0.141284	-0.217851	-0.287945	-0.350249	-0.390664	-0.429442	-0.481579	-0.52966	-0.546698	-0.528943	-0.485465	-0.419133	-0.346886	-0.277452	-0.231426	-0.212357	-0.2111	-0.213503	-0.210954	-0.196261	-0.165657	-0.116443	-0.0470303	0.0166551	0.0781365	0.142893	0.202255	0.249616	0.281023	0.297835	0.293291	0.277105	0.235435	0.15578	0.0595118	-0.0454667	-0.149691	-0.247033	-0.346196	-0.449075	-0.542595	-0.622589	-0.695297	-0.749173	-0.774683	-0.774683	
-0.0197957	-0.00921983	-0.00502855	-0.0148379	-0.046154	-0.0966765	-0.16108	-0.235937	-0.309237	-0.377417	-0.450375	-0.515529	-0.561331	-0.569907	-0.527144	-0.449992	-0.370311	-0.291287	-0.234381	-0.207187	-0.195304	-0.184477	-0.169741	-0.147948	-0.121538	-0.0899875	-0.0227876	0.0621594	0.142893	0.217288	0.274495	0.311845	0.318707	0.296342	0.255544	0.204943	0.133126	0.0367975	-0.0592865	-0.155994	-0.250568	-0.325148	-0.392525	-0.468336	-0.543685	-0.607766	-0.656243	-0.688656	-0.706955	-0.706955	
-0.0741077	-0.0272109	0.00964658	0.0395803	0.0512467	0.0265699	-0.0340146	-0.119058	-0.221583	-0.324777	-0.420246	-0.495037	-0.555087	-0.586569	-0.558719	-0.483654	-0.398902	-0.317695	-0.254935	-0.22025	-0.190436	-0.156078	-0.123418	-0.0931036	-0.0699738	-0.0405568	0.0285834	0.121135	0.202255	0.274495	0.331755	0.354371	0.328377	0.266215	0.194866	0.107558	0.00715907	-0.0871396	-0.176745	-0.261664	-0.337583	-0.394559	-0.439888	-0.490016	-0.535499	-0.574284	-0.599235	-0.6068	-0.615252	-0.615252	
-0.131446	-0.0457057	0.0352772	0.102585	0.145567	0.140497	0.0793034	-0.0204265	-0.142301	-0.266642	-0.374716	-0.464513	-0.528615	-0.564468	-0.554603	-0.507283	-0.435549	-0.35442	-0.286426	-0.237861	-0.187586	-0.13112	-0.087819	-0.0465178	-0.00650298	0.0389974	0.100393	0.174893	0.249616	0.311845	0.354371	0.351263	0.297486	0.214279	0.120766	0.0139718	-0.0975978	-0.194713	-0.284923	-0.357758	-0.413854	-0.464052	-0.498534	-0.52078	-0.529559	-0.529234	-0.52438	-0.50943	-0.498385	-0.498385	
-0.186057	-0.0692123	0.0609932	0.160133	0.225037	0.232002	0.17083	0.0569325	-0.0779048	-0.208817	-0.318314	-0.414442	-0.486758	-0.526303	-0.528526	-0.50374	-0.454742	-0.390473	-0.32412	-0.254501	-0.184554	-0.111246	-0.0474117	0.0133925	0.0705607	0.120971	0.170645	0.224998	0.281023	0.318707	0.328377	0.297486	0.231527	0.143593	0.0408418	-0.0681148	-0.176162	-0.278093	-0.373876	-0.440848	-0.48533	-0.531083	-0.552241	-0.539664	-0.508024	-0.468763	-0.441341	-0.418732	-0.393982	-0.393982	
-0.219288	-0.0902146	0.0624574	0.194434	0.280747	0.298284	0.245067	0.128806	-0.0129121	-0.146749	-0.256979	-0.354125	-0.435292	-0.483307	-0.50006	-0.486422	-0.454226	-0.416086	-0.360562	-0.276978	-0.183842	-0.0889855	0.0062498	0.0866512	0.147914	0.198052	0.237448	0.271948	0.297835	0.296342	0.266215	0.214279	0.143593	0.0520278	-0.0522123	-0.156006	-0.259356	-0.356573	-0.435426	-0.492296	-0.533698	-0.563648	-0.570316	-0.537149	-0.473193	-0.41229	-0.372406	-0.342876	-0.319891	-0.319891	
-0.235607	-0.0980446	0.0532625	0.199106	0.301876	0.337551	0.300279	0.201165	0.068618	-0.064051	-0.185458	-0.291282	-0.375146	-0.430584	-0.466511	-0.473841	-0.45509	-0.4323	-0.381218	-0.289057	-0.176041	-0.0603927	0.0560457	0.148315	0.212013	0.2684	0.29716	0.302845	0.293291	0.255544	0.194866	0.120766	0.0408418	-0.0522123	-0.15844	-0.258038	-0.347463	-0.423141	-0.477112	-0.52278	-0.553653	-0.558154	-0.545113	-0.500617	-0.431657	-0.370749	-0.322778	-0.28994	-0.276124	-0.276124	
-0.246326	-0.105024	0.0399639	0.181039	0.294641	0.351398	0.337007	0.259137	0.145128	0.0263117	-0.0927145	-0.204133	-0.298981	-0.37287	-0.426706	-0.455005	-0.451574	-0.435379	-0.379166	-0.274724	-0.154626	-0.0321963	0.0891687	0.189069	0.257859	0.307612	0.328481	0.316346	0.277105	0.204943	0.107558	0.0139718	-0.0681148	-0.156006	-0.258038	-0.356311	-0.426317	-0.471573	-0.507156	-0.537678	-0.545313	-0.524468	-0.491117	-0.445435	-0.396811	-0.345722	-0.291169	-0.257239	-0.244925	-0.244925	
-0.261606	-0.126431	0.019223	0.16131	0.27272	0.339409	0.349088	0.299026	0.209675	0.10866	0.00355463	-0.103858	-0.205298	-0.297362	-0.371315	-0.417916	-0.430937	-0.413579	-0.353779	-0.248771	-0.127776	-0.00588603	0.112366	0.209554	0.281655	0.323424	0.331352	0.302892	0.235435	0.133126	0.00715907	-0.0975978	-0.176162	-0.259356	-0.347463	-0.426317	-0.477674	-0.506469	-0.526047	-0.532535	-0.514389	-0.472933	-0.425845	-0.389915	-0.367948	-0.330028	-0.276564	-0.241055	-0.222182	-0.222182	
-0.28156	-0.151547	-0.00447893	0.138097	0.243901	0.310902	0.338035	0.324294	0.266561	0.178857	0.0840824	-0.0123129	-0.108937	-0.204506	-0.289965	-0.351535	-0.383065	-0.366899	-0.310528	-0.220583	-0.104735	0.0132143	0.128554	0.222278	0.292276	0.320823	0.300936	0.249434	0.15578	0.0367975	-0.0871396	-0.194713	-0.278093	-0.356573	-0.423141	-0.471573	-0.506469	-0.525727	-0.529934	-0.513529	-0.471335	-0.417985	-0.366093	-0.329548	-0.320312	-0.305487	-0.270781	-0.245225	-0.233824	-0.233824	
-0.290365	-0.173815	-0.0340035	0.103197	0.212947	0.284773	0.321649	0.3288	0.303556	0.241313	0.161358	0.0752384	-0.0188571	-0.110643	-0.193304	-0.260432	-0.3044	-0.301428	-0.257315	-0.187639	-0.0866775	0.0257575	0.134652	0.229569	0.288232	0.287281	0.235888	0.160268	0.0595118	-0.0592865	-0.176745	-0.284923	-0.373876	-0.435426	-0.477112	-0.507156	-0.526047	-0.529934	-0.511819	-0.470089	-0.416847	-0.366026	-0.31733	-0.280873	-0.272335	-0.273967	-0.266089	-0.261248	-0.266661	-0.266661	
-0.281523	-0.187181	-0.064778	0.0564411	0.162328	0.244415	0.297153	0.321464	0.31802	0.283561	0.228527	0.16508	0.0852536	-0.00242706	-0.0889642	-0.163386	-0.208483	-0.210773	-0.180262	-0.133303	-0.0570706	0.0377519	0.123466	0.197087	0.23437	0.215784	0.151681	0.0581886	-0.0454667	-0.155994	-0.261664	-0.357758	-0.440848	-0.492296	-0.52278	-0.537678	-0.532535	-0.513529	-0.470089	-0.408461	-0.361337	-0.323737	-0.281665	-0.254008	-0.243116	-0.244962	-0.258278	-0.276741	-0.297806	-0.297806	
-0.271379	-0.186756	-0.0842229	0.0134398	0.103771	0.187426	0.254538	0.300462	0.315619	0.307938	0.289431	0.259288	0.203937	0.120496	0.0260918	-0.0607137	-0.109637	-0.107153	-0.0801086	-0.0454458	-0.00525335	0.0427302	0.0825266	0.115767	0.133512	0.110374	0.0490816	-0.044739	-0.149691	-0.250568	-0.337583	-0.413854	-0.48533	-0.533698	-0.553653	-0.545313	-0.514389	-0.471335	-0.416847	-0.361337	-0.321408	-0.290049	-0.260057	-0.239042	-0.223291	-0.226575	-0.252785	-0.285588	-0.318644	-0.318644	
-0.264105	-0.181605	-0.0937289	-0.0158372	0.0544808	0.124834	0.192307	0.255457	0.305965	0.336159	0.349331	0.344244	0.313104	0.24237	0.148783	0.0602092	0.00963089	0.00677806	0.025338	0.044728	0.0458041	0.0392786	0.0260855	0.0163919	0.00738916	-0.0211488	-0.0732127	-0.157425	-0.247033	-0.325148	-0.394559	-0.464052	-0.531083	-0.563648	-0.558154	-0.524468	-0.472933	-0.417985	-0.366026	-0.323737	-0.290049	-0.26166	-0.245276	-0.236671	-0.225398	-0.230823	-0.258261	-0.285705	-0.30594	-0.30594	
-0.244152	-0.171849	-0.104552	-0.0506293	-0.0041657	0.0502959	0.123411	0.207076	0.289293	0.353484	0.390929	0.405963	0.396203	0.352085	0.27872	0.209051	0.163907	0.142638	0.130997	0.112431	0.0775937	0.0300254	-0.0227356	-0.0765715	-0.126805	-0.169967	-0.218631	-0.284366	-0.346196	-0.392525	-0.439888	-0.498534	-0.552241	-0.570316	-0.545113	-0.491117	-0.425845	-0.366093	-0.31733	-0.281665	-0.260057	-0.245276	-0.242004	-0.247698	-0.247183	-0.253833	-0.271231	-0.27405	-0.264537	-0.264537	
-0.215355	-0.160657	-0.125101	-0.0954286	-0.0602939	-0.00929404	0.0700326	0.166459	0.262085	0.34791	0.409811	0.446157	0.461269	0.450492	0.415423	0.370686	0.326755	0.281147	0.231272	0.171429	0.0976706	0.0125281	-0.0748584	-0.1657	-0.250266	-0.315976	-0.369789	-0.414378	-0.449075	-0.468336	-0.490016	-0.52078	-0.539664	-0.537149	-0.500617	-0.445435	-0.389915	-0.329548	-0.280873	-0.254008	-0.239042	-0.236671	-0.247698	-0.259191	-0.266255	-0.274203	-0.277987	-0.260208	-0.228989	-0.228989	
-0.196395	-0.164626	-0.156417	-0.139913	-0.101007	-0.0427798	0.0351623	0.129184	0.231409	0.3296	0.413191	0.482081	0.536123	0.558027	0.551031	0.52233	0.476585	0.407562	0.324	0.224957	0.10854	-0.0189789	-0.14765	-0.269603	-0.376062	-0.447776	-0.493063	-0.52315	-0.542595	-0.543685	-0.535499	-0.529559	-0.508024	-0.473193	-0.431657	-0.396811	-0.367948	-0.320312	-0.272335	-0.243116	-0.223291	-0.225398	-0.247183	-0.266255	-0.280409	-0.280711	-0.271812	-0.25264	-0.216383	-0.216383	
-0.179836	-0.168383	-0.174317	-0.168512	-0.135107	-0.0783525	0.00224114	0.0943252	0.197925	0.307365	0.414681	0.513358	0.594874	0.650675	0.669985	0.657849	0.60879	0.5222	0.409442	0.269903	0.115596	-0.0530608	-0.217166	-0.365389	-0.486551	-0.561274	-0.603675	-0.62018	-0.622589	-0.607766	-0.574284	-0.529234	-0.468763	-0.41229	-0.370749	-0.345722	-0.330028	-0.305487	-0.273967	-0.244962	-0.226575	-0.230823	-0.253833	-0.274203	-0.280711	-0.270492	-0.254897	-0.242354	-0.226936	-0.226936	
-0.161498	-0.162954	-0.177937	-0.183341	-0.164443	-0.118617	-0.0429862	0.0545134	0.168117	0.292668	0.415603	0.525856	0.621234	0.705506	0.763418	0.775667	0.728534	0.624606	0.47876	0.303778	0.116126	-0.077362	-0.261948	-0.426456	-0.560886	-0.655726	-0.708978	-0.716742	-0.695297	-0.656243	-0.599235	-0.52438	-0.441341	-0.372406	-0.322778	-0.291169	-0.276564	-0.270781	-0.266089	-0.258278	-0.252785	-0.258261	-0.271231	-0.277987	-0.271812	-0.254897	-0.237163	-0.232515	-0.237507	-0.237507	
-0.153692	-0.161518	-0.182647	-0.195279	-0.18528	-0.143933	-0.0764272	0.0253683	0.151253	0.284303	0.412782	0.532381	0.644257	0.746839	0.832394	0.864517	0.822362	0.701586	0.522947	0.318146	0.103357	-0.101821	-0.295881	-0.468423	-0.612873	-0.72269	-0.779152	-0.785017	-0.749173	-0.688656	-0.6068	-0.50943	-0.418732	-0.342876	-0.28994	-0.257239	-0.241055	-0.245225	-0.261248	-0.276741	-0.285588	-0.285705	-0.27405	-0.260208	-0.25264	-0.242354	-0.232515	-0.23601	-0.24668	-0.24668	
-0.151112	-0.157244	-0.177742	-0.195086	-0.190949	-0.149676	-0.0773851	0.0216272	0.142207	0.275967	0.413313	0.53999	0.656331	0.773145	0.869783	0.908987	0.862301	0.734926	0.542418	0.32112	0.0945037	-0.121816	-0.31934	-0.493966	-0.636458	-0.74887	-0.811661	-0.816937	-0.774683	-0.706955	-0.615252	-0.498385	-0.393982	-0.319891	-0.276124	-0.244925	-0.222182	-0.233824	-0.266661	-0.297806	-0.318644	-0.30594	-0.264537	-0.228989	-0.216383	-0.226936	-0.237507	-0.24668	-0.270493	-0.270493	
-0.151112	-0.157244	-0.177742	-0.195086	-0.190949	-0.149676	-0.0773851	0.0216272	0.142207	0.275967	0.413313	0.53999	0.656331	0.773145	0.869783	0.908987	0.862301	0.734926	0.542418	0.32112	0.0945037	-0.121816	-0.31934	-0.493966	-0.636458	-0.74887	-0.811661	-0.816937	-0.774683	-0.706955	-0.615252	-0.498385	-0.393982	-0.319891	-0.276124	-0.244925	-0.222182	-0.233824	-0.266661	-0.297806	-0.318644	-0.30594	-0.264537	-0.228989	-0.216383	-0.226936	-0.237507	-0.24668	-0.270493	-0.270493	
