-0.201344	-0.170512	-0.13327	-0.0880469	-0.0545831	-0.053662	-0.0800069	-0.114905	-0.146359	-0.16291	-0.161397	-0.133399	-0.0849947	-0.0323523	0.0161377	0.0603776	0.104553	0.157852	0.221261	0.284471	0.347492	0.407808	0.465678	0.51972	0.559202	0.580988	0.583245	0.565849	0.533743	0.490832	0.441645	0.395266	0.352251	0.292548	0.207494	0.0975497	-0.0329714	-0.17654	-0.331923	-0.484872	-0.601034	-0.667055	-0.697726	-0.708007	-0.703532	-0.677845	-0.637121	-0.596172	-0.569582	-0.569582	
-0.170512	-0.162648	-0.134141	-0.0928268	-0.0621867	-0.0511955	-0.0632407	-0.0849984	-0.104514	-0.11102	-0.0983538	-0.0643775	-0.0212804	0.0189647	0.0430245	0.0508567	0.0591912	0.080264	0.124075	0.183629	0.243122	0.307322	0.382512	0.460541	0.530343	0.576714	0.588651	0.577652	0.547159	0.500616	0.449158	0.395432	0.335237	0.251382	0.135895	-0.00125891	-0.137804	-0.272728	-0.409285	-0.534291	-0.629344	-0.68384	-0.707967	-0.708612	-0.688875	-0.640056	-0.569757	-0.508455	-0.470496	-0.470496	
-0.13327	-0.134141	-0.110909	-0.0760655	-0.0455082	-0.0246063	-0.0231403	-0.0337421	-0.0426474	-0.0368713	-0.0110038	0.0223343	0.0574441	0.0757246	0.0721772	0.0544481	0.0271713	0.0147542	0.0295486	0.0662967	0.121169	0.192082	0.280317	0.38407	0.481985	0.548975	0.572737	0.562581	0.535736	0.49251	0.431444	0.364314	0.285185	0.181431	0.0408166	-0.117916	-0.260079	-0.384886	-0.495898	-0.593453	-0.657799	-0.688309	-0.69504	-0.678528	-0.633995	-0.552522	-0.45738	-0.373963	-0.326768	-0.326768	
-0.0880469	-0.0928268	-0.0760655	-0.0433922	-0.00976762	0.0161904	0.0261572	0.0275557	0.0356316	0.054535	0.0882252	0.118321	0.137249	0.134109	0.108449	0.0656032	0.0069142	-0.0426197	-0.0647383	-0.050286	-0.00370475	0.0694269	0.167245	0.289999	0.411992	0.500149	0.539302	0.542503	0.519241	0.468255	0.39153	0.305283	0.205027	0.0808028	-0.0703297	-0.23133	-0.367278	-0.478645	-0.560739	-0.621508	-0.655287	-0.66084	-0.650404	-0.618516	-0.555622	-0.454676	-0.341164	-0.244969	-0.194629	-0.194629	
-0.0545831	-0.0621867	-0.0455082	-0.00976762	0.0239678	0.0528286	0.0714396	0.0901335	0.115336	0.139603	0.171994	0.196976	0.202556	0.186035	0.140368	0.0699511	-0.0181805	-0.0979928	-0.150128	-0.156349	-0.120644	-0.0498823	0.0535087	0.18621	0.324536	0.436441	0.497325	0.511769	0.491188	0.433149	0.341708	0.230806	0.106593	-0.0284467	-0.183199	-0.33641	-0.451293	-0.534234	-0.583229	-0.606732	-0.605183	-0.588969	-0.570805	-0.537861	-0.473315	-0.367178	-0.247749	-0.145881	-0.0905096	-0.0905096	
-0.053662	-0.0511955	-0.0246063	0.0161904	0.0528286	0.0840004	0.114439	0.146457	0.176801	0.201362	0.229498	0.249447	0.251326	0.225008	0.159883	0.0659639	-0.0465249	-0.149515	-0.223519	-0.251427	-0.227469	-0.160653	-0.0538194	0.0877459	0.23758	0.363233	0.437562	0.46032	0.443504	0.380844	0.27166	0.140822	-0.000266713	-0.142539	-0.286163	-0.415206	-0.507226	-0.560402	-0.571791	-0.559781	-0.525905	-0.49121	-0.464437	-0.431658	-0.374016	-0.275734	-0.167126	-0.0724973	-0.0221056	-0.0221056	
-0.0800069	-0.0632407	-0.0231403	0.0261572	0.0714396	0.114439	0.155147	0.192732	0.229316	0.255723	0.278951	0.294791	0.288473	0.249427	0.169681	0.0544465	-0.0775022	-0.19734	-0.286687	-0.32952	-0.319086	-0.258893	-0.153085	-0.0104512	0.142254	0.272818	0.354718	0.387306	0.370109	0.297866	0.176792	0.0310764	-0.116277	-0.254782	-0.379498	-0.476748	-0.537199	-0.560486	-0.542996	-0.495531	-0.426666	-0.366703	-0.328939	-0.296729	-0.252374	-0.179788	-0.0936528	-0.0176903	0.0239917	0.0239917	
-0.114905	-0.0849984	-0.0337421	0.0275557	0.0901335	0.146457	0.192732	0.239004	0.285734	0.317251	0.335567	0.343108	0.318318	0.262082	0.163124	0.0194729	-0.134135	-0.267337	-0.364657	-0.417051	-0.417995	-0.369335	-0.267043	-0.12492	0.0318333	0.172363	0.264277	0.303718	0.284278	0.206613	0.0816196	-0.0721698	-0.221515	-0.348818	-0.450646	-0.520376	-0.555137	-0.548062	-0.497305	-0.413358	-0.313387	-0.230007	-0.180898	-0.151932	-0.12523	-0.0816277	-0.0255584	0.0202224	0.0534607	0.0534607	
-0.146359	-0.104514	-0.0426474	0.0356316	0.115336	0.176801	0.229316	0.285734	0.342388	0.382704	0.401546	0.393625	0.349251	0.264018	0.132994	-0.0437093	-0.223593	-0.371948	-0.477839	-0.538673	-0.548888	-0.510058	-0.40988	-0.255359	-0.08389	0.0681717	0.173345	0.221356	0.209359	0.137995	0.0117858	-0.142002	-0.286285	-0.406383	-0.490312	-0.531039	-0.543108	-0.511569	-0.433229	-0.318683	-0.187958	-0.0884007	-0.0339	-0.0116489	-0.0078714	-0.00314922	0.0117695	0.0265614	0.0399953	0.0399953	
-0.16291	-0.11102	-0.0368713	0.054535	0.139603	0.201362	0.255723	0.317251	0.382704	0.433114	0.449937	0.427458	0.35592	0.236265	0.0716462	-0.133497	-0.33213	-0.498083	-0.613908	-0.678009	-0.694475	-0.65768	-0.548935	-0.384823	-0.202094	-0.0325762	0.0901909	0.157163	0.156949	0.0954018	-0.0188845	-0.16499	-0.303198	-0.41616	-0.483176	-0.504332	-0.494894	-0.439922	-0.339013	-0.200686	-0.0559049	0.0516943	0.102374	0.108536	0.082166	0.0387911	0.0027478	-0.0291998	-0.0381828	-0.0381828	
-0.161397	-0.0983538	-0.0110038	0.0882252	0.171994	0.229498	0.278951	0.335567	0.401546	0.449937	0.456973	0.41403	0.313727	0.162233	-0.0276278	-0.244366	-0.455336	-0.628949	-0.744116	-0.80439	-0.818169	-0.778999	-0.67082	-0.50686	-0.314193	-0.128824	0.0118513	0.0965047	0.11989	0.0809217	-0.0121784	-0.138701	-0.265834	-0.364372	-0.416821	-0.426861	-0.406568	-0.341739	-0.225791	-0.0698614	0.083491	0.186285	0.219942	0.196609	0.128139	0.0325938	-0.0604575	-0.141435	-0.176328	-0.176328	
-0.133399	-0.0643775	0.0223343	0.118321	0.196976	0.249447	0.294791	0.343108	0.393625	0.427458	0.41403	0.344525	0.223673	0.0503579	-0.149628	-0.367269	-0.576344	-0.74125	-0.844144	-0.896916	-0.902877	-0.858604	-0.758646	-0.600562	-0.409043	-0.221286	-0.0677247	0.0378857	0.0839093	0.0725406	0.0121587	-0.0839341	-0.190161	-0.27812	-0.322192	-0.322432	-0.289917	-0.211244	-0.0840322	0.0796518	0.231661	0.316784	0.323632	0.259812	0.141891	-0.0133035	-0.172392	-0.299943	-0.369625	-0.369625	
-0.0849947	-0.0212804	0.0574441	0.137249	0.202556	0.251326	0.288473	0.318318	0.349251	0.35592	0.313727	0.223673	0.086477	-0.0895447	-0.28963	-0.49489	-0.681422	-0.820273	-0.905881	-0.943186	-0.936091	-0.888914	-0.796515	-0.654247	-0.478468	-0.300867	-0.141353	-0.0208594	0.043225	0.0585717	0.0306875	-0.0358017	-0.118229	-0.1834	-0.212666	-0.200642	-0.150585	-0.0648315	0.0705878	0.236101	0.372944	0.438073	0.411122	0.303225	0.135225	-0.0784603	-0.299338	-0.479984	-0.580094	-0.580094	
-0.0323523	0.0189647	0.0757246	0.134109	0.186035	0.225008	0.249427	0.262082	0.264018	0.236265	0.162233	0.0503579	-0.0895447	-0.2618	-0.447831	-0.620805	-0.767372	-0.868701	-0.923454	-0.936356	-0.91496	-0.867986	-0.790665	-0.671653	-0.524991	-0.363859	-0.206697	-0.0864104	-0.00618253	0.0351003	0.0345687	0.00214213	-0.0498803	-0.0936538	-0.103349	-0.0748777	-0.0120051	0.0853522	0.224614	0.384746	0.508867	0.549236	0.488245	0.332237	0.109794	-0.15706	-0.431205	-0.649036	-0.772908	-0.772908	
0.0161377	0.0430245	0.0721772	0.108449	0.140368	0.159883	0.169681	0.163124	0.132994	0.0716462	-0.0276278	-0.149628	-0.28963	-0.447831	-0.604499	-0.735035	-0.832311	-0.885297	-0.894684	-0.878952	-0.851819	-0.809478	-0.747532	-0.661746	-0.547332	-0.411671	-0.270333	-0.147712	-0.0566922	0.000415904	0.0251553	0.0275184	0.00930451	-0.0116578	-0.00604105	0.0386746	0.119547	0.233689	0.377836	0.527532	0.635839	0.648594	0.552384	0.355597	0.0833619	-0.235059	-0.556213	-0.807762	-0.955331	-0.955331	
0.0603776	0.0508567	0.0544481	0.0656032	0.0699511	0.0659639	0.0544465	0.0194729	-0.0437093	-0.133497	-0.244366	-0.367269	-0.49489	-0.620805	-0.735035	-0.818892	-0.868678	-0.869253	-0.838102	-0.802657	-0.767122	-0.72678	-0.683406	-0.62384	-0.537553	-0.430325	-0.313024	-0.201112	-0.103563	-0.0319398	0.0189991	0.0494314	0.0536979	0.0583741	0.0844805	0.141652	0.238404	0.361084	0.502156	0.641032	0.729211	0.725465	0.605442	0.370716	0.0535471	-0.306808	-0.661232	-0.940801	-1.09518	-1.09518	
0.104553	0.0591912	0.0271713	0.0069142	-0.0181805	-0.0465249	-0.0775022	-0.134135	-0.223593	-0.33213	-0.455336	-0.576344	-0.681422	-0.767372	-0.832311	-0.868678	-0.863983	-0.821367	-0.763117	-0.712322	-0.671066	-0.639962	-0.613603	-0.574584	-0.51412	-0.438188	-0.343865	-0.235879	-0.135526	-0.0485261	0.0251124	0.0770165	0.107558	0.128228	0.157167	0.220134	0.322471	0.448696	0.583708	0.70854	0.782455	0.76474	0.631787	0.376086	0.031059	-0.358697	-0.733239	-1.02108	-1.18252	-1.18252	
0.157852	0.080264	0.0147542	-0.0426197	-0.0979928	-0.149515	-0.19734	-0.267337	-0.371948	-0.498083	-0.628949	-0.74125	-0.820273	-0.868701	-0.885297	-0.869253	-0.821367	-0.754904	-0.685266	-0.627274	-0.589818	-0.571683	-0.557212	-0.529965	-0.489543	-0.435841	-0.357783	-0.262408	-0.159142	-0.0522728	0.0423296	0.114713	0.166493	0.195654	0.223066	0.282168	0.376302	0.496874	0.620094	0.726779	0.788737	0.768989	0.633203	0.37153	0.015664	-0.38787	-0.764666	-1.05196	-1.20872	-1.20872	
0.221261	0.124075	0.0295486	-0.0647383	-0.150128	-0.223519	-0.286687	-0.364657	-0.477839	-0.613908	-0.744116	-0.844144	-0.905881	-0.923454	-0.894684	-0.838102	-0.763117	-0.685266	-0.612485	-0.557347	-0.529972	-0.522951	-0.516844	-0.503889	-0.476042	-0.431944	-0.370691	-0.284433	-0.171294	-0.0434576	0.0707218	0.162662	0.227467	0.257896	0.285661	0.338253	0.420132	0.528212	0.633857	0.72182	0.768764	0.745833	0.614652	0.357943	-0.000188606	-0.401447	-0.768292	-1.05312	-1.19628	-1.19628	
0.284471	0.183629	0.0662967	-0.050286	-0.156349	-0.251427	-0.32952	-0.417051	-0.538673	-0.678009	-0.80439	-0.896916	-0.943186	-0.936356	-0.878952	-0.802657	-0.712322	-0.627274	-0.557347	-0.510135	-0.48856	-0.486155	-0.490948	-0.492941	-0.476728	-0.443762	-0.39237	-0.301719	-0.174273	-0.0287559	0.110018	0.222988	0.300974	0.337072	0.360636	0.404308	0.471376	0.566968	0.653472	0.717493	0.753563	0.720365	0.584459	0.333145	-0.0207607	-0.41907	-0.776202	-1.04676	-1.18611	-1.18611	
0.347492	0.243122	0.121169	-0.00370475	-0.120644	-0.227469	-0.319086	-0.417995	-0.548888	-0.694475	-0.818169	-0.902877	-0.936091	-0.91496	-0.851819	-0.767122	-0.671066	-0.589818	-0.529972	-0.48856	-0.464044	-0.463052	-0.478748	-0.491022	-0.486851	-0.463405	-0.415359	-0.320451	-0.178592	-0.0111277	0.159501	0.296578	0.385506	0.431081	0.455701	0.491221	0.549743	0.627142	0.695706	0.745936	0.75911	0.711082	0.567076	0.305628	-0.0511388	-0.448029	-0.80506	-1.07395	-1.20907	-1.20907	
0.407808	0.307322	0.192082	0.0694269	-0.0498823	-0.160653	-0.258893	-0.369335	-0.510058	-0.65768	-0.778999	-0.858604	-0.888914	-0.867986	-0.809478	-0.72678	-0.639962	-0.571683	-0.522951	-0.486155	-0.463052	-0.461576	-0.475985	-0.493155	-0.497457	-0.478155	-0.424294	-0.323799	-0.172497	0.0145252	0.206801	0.364736	0.471286	0.53079	0.562636	0.596624	0.648678	0.708886	0.76001	0.796033	0.788067	0.717969	0.554911	0.279338	-0.0833255	-0.48415	-0.846849	-1.11845	-1.2582	-1.2582	
0.465678	0.382512	0.280317	0.167245	0.0535087	-0.0538194	-0.153085	-0.267043	-0.40988	-0.548935	-0.67082	-0.758646	-0.796515	-0.790665	-0.747532	-0.683406	-0.613603	-0.557212	-0.516844	-0.490948	-0.478748	-0.475985	-0.488486	-0.507868	-0.511676	-0.487352	-0.417375	-0.301477	-0.142775	0.0540648	0.25584	0.429209	0.552954	0.620181	0.660808	0.699137	0.742931	0.792349	0.829661	0.846724	0.819453	0.722541	0.537541	0.251375	-0.111082	-0.507234	-0.872015	-1.14176	-1.28768	-1.28768	
0.51972	0.460541	0.38407	0.289999	0.18621	0.0877459	-0.0104512	-0.12492	-0.255359	-0.384823	-0.50686	-0.600562	-0.654247	-0.671653	-0.661746	-0.62384	-0.574584	-0.529965	-0.503889	-0.492941	-0.491022	-0.493155	-0.507868	-0.526547	-0.521335	-0.481821	-0.392165	-0.260269	-0.0902382	0.109383	0.311087	0.488332	0.614397	0.689767	0.738291	0.778052	0.814379	0.845643	0.874265	0.879694	0.834569	0.719348	0.516488	0.227577	-0.124774	-0.502152	-0.853358	-1.11712	-1.25949	-1.25949	
0.559202	0.530343	0.481985	0.411992	0.324536	0.23758	0.142254	0.0318333	-0.08389	-0.202094	-0.314193	-0.409043	-0.478468	-0.524991	-0.547332	-0.537553	-0.51412	-0.489543	-0.476042	-0.476728	-0.486851	-0.497457	-0.511676	-0.521335	-0.510979	-0.454078	-0.340744	-0.18903	-0.013807	0.172653	0.366454	0.539503	0.659358	0.735415	0.783035	0.814406	0.842507	0.862637	0.883477	0.883246	0.832083	0.707102	0.498687	0.220585	-0.107003	-0.457101	-0.788316	-1.03439	-1.17572	-1.17572	
0.580988	0.576714	0.548975	0.500149	0.436441	0.363233	0.272818	0.172363	0.0681717	-0.0325762	-0.128824	-0.221286	-0.300867	-0.363859	-0.411671	-0.430325	-0.438188	-0.435841	-0.431944	-0.443762	-0.463405	-0.478155	-0.487352	-0.481821	-0.454078	-0.379295	-0.250508	-0.092053	0.0806673	0.250044	0.421785	0.57561	0.682152	0.751872	0.793824	0.815234	0.83113	0.842631	0.857761	0.86253	0.814938	0.688762	0.49359	0.236219	-0.0607665	-0.373374	-0.677689	-0.905588	-1.03787	-1.03787	
0.583245	0.588651	0.572737	0.539302	0.497325	0.437562	0.354718	0.264277	0.173345	0.0901909	0.0118513	-0.0677247	-0.141353	-0.206697	-0.270333	-0.313024	-0.343865	-0.357783	-0.370691	-0.39237	-0.415359	-0.424294	-0.417375	-0.392165	-0.340744	-0.250508	-0.114618	0.0340706	0.181709	0.31926	0.453689	0.577342	0.665292	0.727502	0.769768	0.785892	0.79534	0.802606	0.817821	0.833975	0.793638	0.679721	0.502669	0.271384	0.00906712	-0.265404	-0.530154	-0.737733	-0.849987	-0.849987	
0.565849	0.577652	0.562581	0.542503	0.511769	0.46032	0.387306	0.303718	0.221356	0.157163	0.0965047	0.0378857	-0.0208594	-0.0864104	-0.147712	-0.201112	-0.235879	-0.262408	-0.284433	-0.301719	-0.320451	-0.323799	-0.301477	-0.260269	-0.18903	-0.092053	0.0340706	0.166881	0.271126	0.364563	0.453792	0.539087	0.614598	0.671528	0.712711	0.736161	0.747293	0.75945	0.78753	0.807624	0.775405	0.676869	0.517189	0.317765	0.0987286	-0.136221	-0.359884	-0.53067	-0.628546	-0.628546	
0.533743	0.547159	0.535736	0.519241	0.491188	0.443504	0.370109	0.284278	0.209359	0.156949	0.11989	0.0839093	0.043225	-0.00618253	-0.0566922	-0.103563	-0.135526	-0.159142	-0.171294	-0.174273	-0.178592	-0.172497	-0.142775	-0.0902382	-0.013807	0.0806673	0.181709	0.271126	0.334721	0.383579	0.43045	0.482419	0.53737	0.592856	0.641643	0.677043	0.694993	0.715676	0.756466	0.782578	0.76387	0.683016	0.543993	0.376746	0.192565	-0.00227697	-0.180656	-0.314251	-0.389639	-0.389639	
0.490832	0.500616	0.49251	0.468255	0.433149	0.380844	0.297866	0.206613	0.137995	0.0954018	0.0809217	0.0725406	0.0585717	0.0351003	0.000415904	-0.0319398	-0.0485261	-0.0522728	-0.0434576	-0.0287559	-0.0111277	0.0145252	0.0540648	0.109383	0.172653	0.250044	0.31926	0.364563	0.383579	0.386845	0.398677	0.423133	0.464261	0.51738	0.57081	0.608771	0.6357	0.671458	0.718526	0.755689	0.750377	0.685627	0.573492	0.437085	0.280278	0.124384	-0.0119586	-0.118723	-0.166937	-0.166937	
0.441645	0.449158	0.431444	0.39153	0.341708	0.27166	0.176792	0.0816196	0.0117858	-0.0188845	-0.0121784	0.0121587	0.0306875	0.0345687	0.0251553	0.0189991	0.0251124	0.0423296	0.0707218	0.110018	0.159501	0.206801	0.25584	0.311087	0.366454	0.421785	0.453689	0.453792	0.43045	0.398677	0.380945	0.382481	0.414311	0.460339	0.510652	0.552633	0.580362	0.62351	0.674014	0.713355	0.71868	0.669481	0.580269	0.471188	0.342177	0.218936	0.12243	0.0480059	0.0195661	0.0195661	
0.395266	0.395432	0.364314	0.305283	0.230806	0.140822	0.0310764	-0.0721698	-0.142002	-0.16499	-0.138701	-0.0839341	-0.0358017	0.00214213	0.0275184	0.0494314	0.0770165	0.114713	0.162662	0.222988	0.296578	0.364736	0.429209	0.488332	0.539503	0.57561	0.577342	0.539087	0.482419	0.423133	0.382481	0.373089	0.394034	0.435751	0.480053	0.518013	0.544277	0.582074	0.626024	0.653002	0.653751	0.614952	0.543726	0.455127	0.355708	0.268653	0.209595	0.170764	0.160784	0.160784	
0.352251	0.335237	0.285185	0.205027	0.106593	-0.000266713	-0.116277	-0.221515	-0.286285	-0.303198	-0.265834	-0.190161	-0.118229	-0.0498803	0.00930451	0.0536979	0.107558	0.166493	0.227467	0.300974	0.385506	0.471286	0.552954	0.614397	0.659358	0.682152	0.665292	0.614598	0.53737	0.464261	0.414311	0.394034	0.405357	0.439303	0.469684	0.49072	0.512399	0.538067	0.565955	0.573877	0.560748	0.522314	0.460988	0.389201	0.317597	0.267362	0.244443	0.243217	0.247015	0.247015	
0.292548	0.251382	0.181431	0.0808028	-0.0284467	-0.142539	-0.254782	-0.348818	-0.406383	-0.41616	-0.364372	-0.27812	-0.1834	-0.0936538	-0.0116578	0.0583741	0.128228	0.195654	0.257896	0.337072	0.431081	0.53079	0.620181	0.689767	0.735415	0.751872	0.727502	0.671528	0.592856	0.51738	0.460339	0.435751	0.439303	0.452872	0.458444	0.454097	0.458785	0.46259	0.46638	0.453704	0.425625	0.38645	0.337058	0.283654	0.239244	0.227891	0.242009	0.272897	0.291151	0.291151	
0.207494	0.135895	0.0408166	-0.0703297	-0.183199	-0.286163	-0.379498	-0.450646	-0.490312	-0.483176	-0.416821	-0.322192	-0.212666	-0.103349	-0.00604105	0.0844805	0.157167	0.223066	0.285661	0.360636	0.455701	0.562636	0.660808	0.738291	0.783035	0.793824	0.769768	0.712711	0.641643	0.57081	0.510652	0.480053	0.469684	0.458444	0.429536	0.390709	0.365486	0.3452	0.324813	0.286359	0.24172	0.205575	0.169824	0.140884	0.133408	0.161921	0.212821	0.266601	0.297706	0.297706	
0.0975497	-0.00125891	-0.117916	-0.23133	-0.33641	-0.415206	-0.476748	-0.520376	-0.531039	-0.504332	-0.426861	-0.322432	-0.200642	-0.0748777	0.0386746	0.141652	0.220134	0.282168	0.338253	0.404308	0.491221	0.596624	0.699137	0.778052	0.814406	0.815234	0.785892	0.736161	0.677043	0.608771	0.552633	0.518013	0.49072	0.454097	0.390709	0.315623	0.257242	0.207142	0.154147	0.0885423	0.0285847	-0.0096559	-0.0361705	-0.0398014	-0.0127805	0.050647	0.140666	0.218769	0.261105	0.261105	
-0.0329714	-0.137804	-0.260079	-0.367278	-0.451293	-0.507226	-0.537199	-0.555137	-0.543108	-0.494894	-0.406568	-0.289917	-0.150585	-0.0120051	0.119547	0.238404	0.322471	0.376302	0.420132	0.471376	0.549743	0.648678	0.742931	0.814379	0.842507	0.83113	0.79534	0.747293	0.694993	0.6357	0.580362	0.544277	0.512399	0.458785	0.365486	0.257242	0.160563	0.0773291	-0.0113832	-0.11306	-0.196765	-0.254316	-0.274195	-0.258886	-0.204584	-0.101674	0.0136899	0.109833	0.161257	0.161257	
-0.17654	-0.272728	-0.384886	-0.478645	-0.534234	-0.560402	-0.560486	-0.548062	-0.511569	-0.439922	-0.341739	-0.211244	-0.0648315	0.0853522	0.233689	0.361084	0.448696	0.496874	0.528212	0.566968	0.627142	0.708886	0.792349	0.845643	0.862637	0.842631	0.802606	0.75945	0.715676	0.671458	0.62351	0.582074	0.538067	0.46259	0.3452	0.207142	0.0773291	-0.0386102	-0.165969	-0.301149	-0.4166	-0.494498	-0.518189	-0.491607	-0.415505	-0.291916	-0.157198	-0.0531916	0.00414002	0.00414002	
-0.331923	-0.409285	-0.495898	-0.560739	-0.583229	-0.571791	-0.542996	-0.497305	-0.433229	-0.339013	-0.225791	-0.0840322	0.0705878	0.224614	0.377836	0.502156	0.583708	0.620094	0.633857	0.653472	0.695706	0.76001	0.829661	0.874265	0.883477	0.857761	0.817821	0.78753	0.756466	0.718526	0.674014	0.626024	0.565955	0.46638	0.324813	0.154147	-0.0113832	-0.165969	-0.329452	-0.489935	-0.634298	-0.721606	-0.746141	-0.709341	-0.608549	-0.470106	-0.318236	-0.204004	-0.14116	-0.14116	
-0.484872	-0.534291	-0.593453	-0.621508	-0.606732	-0.559781	-0.495531	-0.413358	-0.318683	-0.200686	-0.0698614	0.0796518	0.236101	0.384746	0.527532	0.641032	0.70854	0.726779	0.72182	0.717493	0.745936	0.796033	0.846724	0.879694	0.883246	0.86253	0.833975	0.807624	0.782578	0.755689	0.713355	0.653002	0.573877	0.453704	0.286359	0.0885423	-0.11306	-0.301149	-0.489935	-0.674531	-0.832012	-0.923706	-0.936218	-0.871756	-0.737038	-0.571108	-0.403971	-0.275657	-0.210712	-0.210712	
-0.601034	-0.629344	-0.657799	-0.655287	-0.605183	-0.525905	-0.426666	-0.313387	-0.187958	-0.0559049	0.083491	0.231661	0.372944	0.508867	0.635839	0.729211	0.782455	0.788737	0.768764	0.753563	0.75911	0.788067	0.819453	0.834569	0.832083	0.814938	0.793638	0.775405	0.76387	0.750377	0.71868	0.653751	0.560748	0.425625	0.24172	0.0285847	-0.196765	-0.4166	-0.634298	-0.832012	-0.989565	-1.07233	-1.05449	-0.949353	-0.773851	-0.56839	-0.371896	-0.219853	-0.140865	-0.140865	
-0.667055	-0.68384	-0.688309	-0.66084	-0.588969	-0.49121	-0.366703	-0.230007	-0.0884007	0.0516943	0.186285	0.316784	0.438073	0.549236	0.648594	0.725465	0.76474	0.768989	0.745833	0.720365	0.711082	0.717969	0.722541	0.719348	0.707102	0.688762	0.679721	0.676869	0.683016	0.685627	0.669481	0.614952	0.522314	0.38645	0.205575	-0.0096559	-0.254316	-0.494498	-0.721606	-0.923706	-1.07233	-1.12942	-1.07243	-0.919061	-0.689377	-0.435876	-0.206675	-0.0279297	0.0651571	0.0651571	
-0.697726	-0.707967	-0.69504	-0.650404	-0.570805	-0.464437	-0.328939	-0.180898	-0.0339	0.102374	0.219942	0.323632	0.411122	0.488245	0.552384	0.605442	0.631787	0.633203	0.614652	0.584459	0.567076	0.554911	0.537541	0.516488	0.498687	0.49359	0.502669	0.517189	0.543993	0.573492	0.580269	0.543726	0.460988	0.337058	0.169824	-0.0361705	-0.274195	-0.518189	-0.746141	-0.936218	-1.05449	-1.07243	-0.971068	-0.758563	-0.477082	-0.182719	0.0840386	0.287329	0.393016	0.393016	
-0.708007	-0.708612	-0.678528	-0.618516	-0.537861	-0.431658	-0.296729	-0.151932	-0.0116489	0.108536	0.196609	0.259812	0.303225	0.332237	0.355597	0.370716	0.376086	0.37153	0.357943	0.333145	0.305628	0.279338	0.251375	0.227577	0.220585	0.236219	0.271384	0.317765	0.376746	0.437085	0.471188	0.455127	0.389201	0.283654	0.140884	-0.0398014	-0.258886	-0.491607	-0.709341	-0.871756	-0.949353	-0.919061	-0.758563	-0.492158	-0.162637	0.17687	0.475836	0.700532	0.822172	0.822172	
-0.703532	-0.688875	-0.633995	-0.555622	-0.473315	-0.374016	-0.252374	-0.12523	-0.0078714	0.082166	0.128139	0.141891	0.135225	0.109794	0.0833619	0.0535471	0.031059	0.015664	-0.000188606	-0.0207607	-0.0511388	-0.0833255	-0.111082	-0.124774	-0.107003	-0.0607665	0.00906712	0.0987286	0.192565	0.280278	0.342177	0.355708	0.317597	0.239244	0.133408	-0.0127805	-0.204584	-0.415505	-0.608549	-0.737038	-0.773851	-0.689377	-0.477082	-0.162637	0.214796	0.592221	0.920903	1.16292	1.29522	1.29522	
-0.677845	-0.640056	-0.552522	-0.454676	-0.367178	-0.275734	-0.179788	-0.0816277	-0.00314922	0.0387911	0.0325938	-0.0133035	-0.0784603	-0.15706	-0.235059	-0.306808	-0.358697	-0.38787	-0.401447	-0.41907	-0.448029	-0.48415	-0.507234	-0.502152	-0.457101	-0.373374	-0.265404	-0.136221	-0.00227697	0.124384	0.218936	0.268653	0.267362	0.227891	0.161921	0.050647	-0.101674	-0.291916	-0.470106	-0.571108	-0.56839	-0.435876	-0.182719	0.17687	0.592221	0.999098	1.36076	1.62316	1.76579	1.76579	
-0.637121	-0.569757	-0.45738	-0.341164	-0.247749	-0.167126	-0.0936528	-0.0255584	0.0117695	0.0027478	-0.0604575	-0.172392	-0.299338	-0.431205	-0.556213	-0.661232	-0.733239	-0.764666	-0.768292	-0.776202	-0.80506	-0.846849	-0.872015	-0.853358	-0.788316	-0.677689	-0.530154	-0.359884	-0.180656	-0.0119586	0.12243	0.209595	0.244443	0.242009	0.212821	0.140666	0.0136899	-0.157198	-0.318236	-0.403971	-0.371896	-0.206675	0.0840386	0.475836	0.920903	1.36076	1.74039	2.01791	2.16648	2.16648	
-0.596172	-0.508455	-0.373963	-0.244969	-0.145881	-0.0724973	-0.0176903	0.0202224	0.0265614	-0.0291998	-0.141435	-0.299943	-0.479984	-0.649036	-0.807762	-0.940801	-1.02108	-1.05196	-1.05312	-1.04676	-1.07395	-1.11845	-1.14176	-1.11712	-1.03439	-0.905588	-0.737733	-0.53067	-0.314251	-0.118723	0.0480059	0.170764	0.243217	0.272897	0.266601	0.218769	0.109833	-0.0531916	-0.204004	-0.275657	-0.219853	-0.0279297	0.287329	0.700532	1.16292	1.62316	2.01791	2.30786	2.46246	2.46246	
-0.569582	-0.470496	-0.326768	-0.194629	-0.0905096	-0.0221056	0.0239917	0.0534607	0.0399953	-0.0381828	-0.176328	-0.369625	-0.580094	-0.772908	-0.955331	-1.09518	-1.18252	-1.20872	-1.19628	-1.18611	-1.20907	-1.2582	-1.28768	-1.25949	-1.17572	-1.03787	-0.849987	-0.628546	-0.389639	-0.166937	0.0195661	0.160784	0.247015	0.291151	0.297706	0.261105	0.161257	0.00414002	-0.14116	-0.210712	-0.140865	0.0651571	0.393016	0.822172	1.29522	1.76579	2.16648	2.46246	2.61619	2.61619	
-0.569582	-0.470496	-0.326768	-0.194629	-0.0905096	-0.0221056	0.0239917	0.0534607	0.0399953	-0.0381828	-0.176328	-0.369625	-0.580094	-0.772908	-0.955331	-1.09518	-1.18252	-1.20872	-1.19628	-1.18611	-1.20907	-1.2582	-1.28768	-1.25949	-1.17572	-1.03787	-0.849987	-0.628546	-0.389639	-0.166937	0.0195661	0.160784	0.247015	0.291151	0.297706	0.261105	0.161257	0.00414002	-0.14116	-0.210712	-0.140865	0.0651571	0.393016	0.822172	1.29522	1.76579	2.16648	2.46246	2.61619	2.61619	
