0.156559	0.156559	0.289542	0.24097	-0.325422	0.301596	
0.156559	0.156559	0.289542	0.24097	-0.325422	0.301596	
0.289542	0.289542	0.487865	0.574909	-0.118651	0.697256	
0.24097	0.24097	0.574909	0.352061	0.0165317	0.116519	
-0.325422	-0.325422	-0.118651	0.0165317	-0.749099	0.0357297	
0.301596	0.301596	0.697256	0.116519	0.0357297	-0.0980594	
