1.71346	1.71346	1.81961	1.99084	2.17333	2.32891	2.4398	2.4958	2.48638	2.40442	2.25106	2.03555	1.77265	1.47927	1.17133	0.861838	0.560148	0.273288	0.00733791	-0.23344	-0.446937	-0.632295	-0.789878	-0.921168	-1.02811	-1.11294	-1.17801	-1.22537	-1.25679	-1.27354	-1.27631	-1.26529	-1.23994	-1.19926	-1.14163	-1.06508	-0.967316	-0.845985	-0.698989	-0.524695	-0.322241	-0.0921351	0.164056	0.443044	0.739464	1.0468	1.35674	1.65767	1.93469	2.17095	
1.71346	1.71346	1.81961	1.99084	2.17333	2.32891	2.4398	2.4958	2.48638	2.40442	2.25106	2.03555	1.77265	1.47927	1.17133	0.861838	0.560148	0.273288	0.00733791	-0.23344	-0.446937	-0.632295	-0.789878	-0.921168	-1.02811	-1.11294	-1.17801	-1.22537	-1.25679	-1.27354	-1.27631	-1.26529	-1.23994	-1.19926	-1.14163	-1.06508	-0.967316	-0.845985	-0.698989	-0.524695	-0.322241	-0.0921351	0.164056	0.443044	0.739464	1.0468	1.35674	1.65767	1.93469	2.17095	
1.81961	1.81961	1.87616	1.97998	2.11309	2.24749	2.3481	2.38606	2.35146	2.25073	2.09508	1.89469	1.6587	1.39613	1.11694	0.831789	0.551416	0.285883	0.0421419	-0.176398	-0.367936	-0.532184	-0.670489	-0.784713	-0.877027	-0.949925	-1.00557	-1.04597	-1.07273	-1.08694	-1.08928	-1.07981	-1.05816	-1.02334	-0.974042	-0.908334	-0.824146	-0.719081	-0.590708	-0.437054	-0.256497	-0.0485084	0.185542	0.443045	0.718514	1.00298	1.28587	1.55634	1.80403	2.0195	
1.99084	1.99084	1.97998	1.98623	2.03049	2.09709	2.14518	2.14419	2.08804	1.98212	1.83319	1.64964	1.44034	1.21405	0.9798	0.746085	0.52152	0.312894	0.122991	-0.046438	-0.193855	-0.319818	-0.425744	-0.512895	-0.583307	-0.638927	-0.681339	-0.712251	-0.732724	-0.743612	-0.74544	-0.738105	-0.721533	-0.694772	-0.657058	-0.606845	-0.542573	-0.462481	-0.364521	-0.24684	-0.108316	0.0524141	0.234506	0.436069	0.654972	0.885912	1.12096	1.35151	1.5686	1.76309	
2.17333	2.17333	2.11309	2.03049	1.9584	1.90002	1.84608	1.79011	1.71989	1.61886	1.48272	1.3199	1.14224	0.961832	0.787449	0.624416	0.476426	0.343357	0.224642	0.121636	0.0337988	-0.0408803	-0.103158	-0.154261	-0.196025	-0.229149	-0.254861	-0.273899	-0.286612	-0.293557	-0.294697	-0.290183	-0.279797	-0.263361	-0.240243	-0.210101	-0.171781	-0.124431	-0.0670294	0.00240303	0.0846847	0.181237	0.293865	0.421315	0.563449	0.720688	0.890937	1.06971	1.24946	1.41866	
2.32891	2.32891	2.24749	2.09709	1.90002	1.69376	1.5199	1.38905	1.27659	1.16174	1.04262	0.920763	0.800146	0.68691	0.584299	0.4962	0.423769	0.365376	0.321475	0.290256	0.267069	0.249503	0.236436	0.225308	0.215527	0.207047	0.199245	0.193058	0.188433	0.185711	0.185423	0.186907	0.190998	0.196296	0.203651	0.211836	0.221198	0.231999	0.244438	0.259627	0.280424	0.307592	0.345913	0.398464	0.46525	0.547213	0.644151	0.753254	0.870733	0.990295	
2.4398	2.4398	2.3481	2.14518	1.84608	1.5199	1.23155	0.994607	0.803529	0.661737	0.560527	0.484154	0.428223	0.389196	0.366266	0.361395	0.371167	0.393748	0.42568	0.460152	0.492979	0.523202	0.548169	0.566442	0.579594	0.587402	0.59165	0.593685	0.594096	0.594301	0.594324	0.594344	0.594172	0.592921	0.589529	0.583283	0.57228	0.555906	0.534396	0.506096	0.47403	0.439829	0.405655	0.37874	0.363384	0.362285	0.377814	0.409832	0.457026	0.520101	
2.4958	2.4958	2.38606	2.14419	1.79011	1.38905	0.994607	0.644832	0.380064	0.207017	0.0996487	0.0472183	0.0431321	0.0746002	0.1375	0.221579	0.31698	0.417095	0.512448	0.598299	0.672768	0.734372	0.780793	0.815055	0.838735	0.853608	0.863181	0.86797	0.870567	0.871778	0.871555	0.87161	0.869074	0.866166	0.858119	0.845969	0.825916	0.795697	0.753969	0.699598	0.629813	0.548852	0.456263	0.357064	0.258572	0.168966	0.0962601	0.0502256	0.0357125	0.0587559	
2.48638	2.48638	2.35146	2.08804	1.71989	1.27659	0.803529	0.380064	0.0612949	-0.159726	-0.288377	-0.32351	-0.290111	-0.202623	-0.0743315	0.0738712	0.23225	0.385853	0.526939	0.649797	0.751086	0.82918	0.886725	0.928315	0.956067	0.974624	0.985834	0.992074	0.995827	0.997011	0.997229	0.996415	0.99347	0.988651	0.979673	0.96443	0.940877	0.905943	0.853528	0.78454	0.692809	0.578912	0.444654	0.294744	0.136801	-0.0174968	-0.155798	-0.264005	-0.326301	-0.336668	
2.40442	2.40442	2.25073	1.98212	1.61886	1.16174	0.661737	0.207017	-0.159726	-0.418117	-0.54586	-0.569831	-0.518793	-0.400372	-0.243565	-0.0628527	0.124001	0.299383	0.456694	0.585413	0.688399	0.765812	0.824913	0.867544	0.898989	0.92074	0.935424	0.946142	0.951866	0.955207	0.956063	0.953048	0.949363	0.939186	0.927679	0.907874	0.88091	0.843866	0.792482	0.721183	0.629427	0.510991	0.366007	0.195869	0.012409	-0.174339	-0.34334	-0.483813	-0.574357	-0.606325	
2.25106	2.25106	2.09508	1.83319	1.48272	1.04262	0.560527	0.0996487	-0.288377	-0.54586	-0.669739	-0.695172	-0.626051	-0.494177	-0.330536	-0.148089	0.0223505	0.177579	0.304769	0.408414	0.491928	0.558752	0.613403	0.65855	0.694707	0.723734	0.747474	0.765217	0.776382	0.783942	0.784367	0.780135	0.770928	0.755002	0.734357	0.707205	0.673931	0.63103	0.583165	0.520438	0.44428	0.347801	0.232236	0.0873464	-0.0780309	-0.258889	-0.436046	-0.588524	-0.705146	-0.755906	
2.03555	2.03555	1.89469	1.64964	1.3199	0.920763	0.484154	0.0472183	-0.32351	-0.569831	-0.695172	-0.701947	-0.615191	-0.489317	-0.337039	-0.19275	-0.0684177	0.0362652	0.115563	0.186743	0.243777	0.29967	0.349308	0.397377	0.437044	0.476004	0.50611	0.528999	0.546919	0.554742	0.556762	0.551049	0.536284	0.517346	0.487549	0.454346	0.414392	0.368765	0.319017	0.267291	0.210659	0.145219	0.069045	-0.022735	-0.141524	-0.27799	-0.436567	-0.58511	-0.717466	-0.809075	
1.77265	1.77265	1.6587	1.44034	1.14224	0.800146	0.428223	0.0431321	-0.290111	-0.518793	-0.626051	-0.615191	-0.538159	-0.425329	-0.305182	-0.21378	-0.139514	-0.0929763	-0.0509891	-0.0127043	0.030923	0.0785136	0.126649	0.171293	0.215431	0.25244	0.282637	0.305719	0.323935	0.330257	0.334032	0.327081	0.313316	0.293781	0.264641	0.230865	0.189162	0.146549	0.0963359	0.0504541	0.00344457	-0.034686	-0.0776517	-0.118353	-0.182607	-0.26852	-0.385058	-0.523507	-0.653025	-0.772162	
1.47927	1.47927	1.39613	1.21405	0.961832	0.68691	0.389196	0.0746002	-0.202623	-0.400372	-0.494177	-0.489317	-0.425329	-0.336186	-0.268669	-0.226974	-0.206028	-0.19411	-0.168448	-0.137243	-0.0920446	-0.053323	-0.0102431	0.024837	0.0610471	0.0846169	0.109029	0.125956	0.136186	0.144323	0.14387	0.140313	0.131167	0.114965	0.0968758	0.0700589	0.0395732	0.00461023	-0.0358651	-0.0767128	-0.119429	-0.157129	-0.18544	-0.203548	-0.217385	-0.255531	-0.320185	-0.430461	-0.560572	-0.690514	
1.17133	1.17133	1.11694	0.9798	0.787449	0.584299	0.366266	0.1375	-0.0743315	-0.243565	-0.330536	-0.337039	-0.305182	-0.268669	-0.25324	-0.252545	-0.255103	-0.238671	-0.209214	-0.172664	-0.142166	-0.114178	-0.089246	-0.0682333	-0.0528008	-0.0368721	-0.0260846	-0.0156771	-0.0115604	-0.00536636	-0.00698024	-0.0086201	-0.012964	-0.0231244	-0.0315708	-0.0465151	-0.0611083	-0.081167	-0.102373	-0.132187	-0.158567	-0.194999	-0.227356	-0.253129	-0.257183	-0.260477	-0.283114	-0.346121	-0.453077	-0.587499	
0.861838	0.861838	0.831789	0.746085	0.624416	0.4962	0.361395	0.221579	0.0738712	-0.0628527	-0.148089	-0.19275	-0.21378	-0.226974	-0.252545	-0.26808	-0.261936	-0.233512	-0.201766	-0.179238	-0.165226	-0.151766	-0.143322	-0.134746	-0.127136	-0.118343	-0.112865	-0.106204	-0.101957	-0.0997791	-0.0987935	-0.100642	-0.104149	-0.108978	-0.116338	-0.123094	-0.132043	-0.139949	-0.147241	-0.160052	-0.173498	-0.190999	-0.220073	-0.253867	-0.273568	-0.273579	-0.269912	-0.296625	-0.369249	-0.481554	
0.560148	0.560148	0.551416	0.52152	0.476426	0.423769	0.371167	0.31698	0.23225	0.124001	0.0223505	-0.0684177	-0.139514	-0.206028	-0.255103	-0.261936	-0.240916	-0.204783	-0.19004	-0.186077	-0.185506	-0.178458	-0.173357	-0.165602	-0.158146	-0.149842	-0.143841	-0.13734	-0.1346	-0.131918	-0.131871	-0.133757	-0.136219	-0.141545	-0.147845	-0.153671	-0.163203	-0.171227	-0.176017	-0.183063	-0.187173	-0.188191	-0.196466	-0.228316	-0.263564	-0.28119	-0.275901	-0.270646	-0.309809	-0.396786	
0.273288	0.273288	0.285883	0.312894	0.343357	0.365376	0.393748	0.417095	0.385853	0.299383	0.177579	0.0362652	-0.0929763	-0.19411	-0.238671	-0.233512	-0.204783	-0.190291	-0.201007	-0.202642	-0.193726	-0.177381	-0.174095	-0.162145	-0.155022	-0.148554	-0.145583	-0.141546	-0.139831	-0.139824	-0.137495	-0.140413	-0.140798	-0.142549	-0.14921	-0.15177	-0.15792	-0.170232	-0.175393	-0.185593	-0.200869	-0.203867	-0.194188	-0.198169	-0.232452	-0.26663	-0.280557	-0.272133	-0.278646	-0.330737	
0.00733791	0.00733791	0.0421419	0.122991	0.224642	0.321475	0.42568	0.512448	0.526939	0.456694	0.304769	0.115563	-0.0509891	-0.168448	-0.209214	-0.201766	-0.19004	-0.201007	-0.207741	-0.190729	-0.169054	-0.166117	-0.162916	-0.153808	-0.151656	-0.155	-0.147563	-0.151785	-0.147731	-0.148832	-0.149167	-0.14667	-0.151838	-0.147121	-0.151667	-0.153935	-0.151785	-0.159307	-0.16663	-0.165315	-0.180836	-0.204117	-0.207544	-0.196904	-0.207779	-0.243001	-0.271746	-0.271144	-0.268465	-0.292285	
-0.23344	-0.23344	-0.176398	-0.046438	0.121636	0.290256	0.460152	0.598299	0.649797	0.585413	0.408414	0.186743	-0.0127043	-0.137243	-0.172664	-0.179238	-0.186077	-0.202642	-0.190729	-0.1669	-0.161226	-0.169292	-0.161039	-0.157593	-0.160682	-0.157561	-0.151121	-0.155917	-0.15004	-0.150374	-0.153402	-0.148297	-0.155563	-0.153275	-0.154668	-0.16066	-0.158213	-0.158268	-0.168182	-0.165197	-0.161595	-0.181362	-0.20391	-0.19957	-0.198526	-0.218531	-0.258493	-0.272771	-0.265254	-0.270206	
-0.446937	-0.446937	-0.367936	-0.193855	0.0337988	0.267069	0.492979	0.672768	0.751086	0.688399	0.491928	0.243777	0.030923	-0.0920446	-0.142166	-0.165226	-0.185506	-0.193726	-0.169054	-0.161226	-0.169475	-0.174377	-0.1549	-0.15803	-0.154397	-0.145687	-0.14487	-0.144709	-0.139165	-0.140607	-0.141378	-0.13815	-0.142861	-0.143998	-0.144889	-0.149904	-0.160009	-0.151529	-0.168175	-0.172568	-0.165165	-0.161812	-0.1896	-0.198313	-0.19664	-0.20454	-0.237177	-0.264898	-0.266275	-0.263812	
-0.632295	-0.632295	-0.532184	-0.319818	-0.0408803	0.249503	0.523202	0.734372	0.82918	0.765812	0.558752	0.29967	0.0785136	-0.053323	-0.114178	-0.151766	-0.178458	-0.177381	-0.166117	-0.169292	-0.174377	-0.154031	-0.142979	-0.149453	-0.143467	-0.134294	-0.146065	-0.133609	-0.139996	-0.138922	-0.134877	-0.14333	-0.132678	-0.143841	-0.139098	-0.13656	-0.15049	-0.144664	-0.148308	-0.166608	-0.17518	-0.165741	-0.177013	-0.190531	-0.191969	-0.195441	-0.22199	-0.257383	-0.263203	-0.259433	
-0.789878	-0.789878	-0.670489	-0.425744	-0.103158	0.236436	0.548169	0.780793	0.886725	0.824913	0.613403	0.349308	0.126649	-0.0102431	-0.089246	-0.143322	-0.173357	-0.174095	-0.162916	-0.161039	-0.1549	-0.142979	-0.149147	-0.150226	-0.141916	-0.143181	-0.14602	-0.137022	-0.142488	-0.140455	-0.136137	-0.144493	-0.136839	-0.143038	-0.144807	-0.142313	-0.145788	-0.150942	-0.144448	-0.149034	-0.160001	-0.162831	-0.173436	-0.189628	-0.189879	-0.190585	-0.206143	-0.244212	-0.262296	-0.259313	
-0.921168	-0.921168	-0.784713	-0.512895	-0.154261	0.225308	0.566442	0.815055	0.928315	0.867544	0.65855	0.397377	0.171293	0.024837	-0.0682333	-0.134746	-0.165602	-0.162145	-0.153808	-0.157593	-0.15803	-0.149453	-0.150226	-0.14528	-0.13932	-0.139353	-0.136481	-0.132024	-0.134805	-0.131438	-0.131605	-0.134087	-0.132039	-0.13584	-0.136912	-0.140411	-0.141628	-0.150086	-0.148243	-0.155731	-0.158881	-0.156961	-0.162285	-0.182739	-0.188793	-0.186315	-0.197437	-0.234163	-0.257243	-0.258371	
-1.02811	-1.02811	-0.877027	-0.583307	-0.196025	0.215527	0.579594	0.838735	0.956067	0.898989	0.694707	0.437044	0.215431	0.0610471	-0.0528008	-0.127136	-0.158146	-0.155022	-0.151656	-0.160682	-0.154397	-0.143467	-0.141916	-0.13932	-0.132713	-0.134093	-0.131456	-0.130418	-0.130777	-0.129906	-0.129636	-0.130571	-0.130308	-0.130789	-0.133154	-0.133112	-0.135875	-0.141952	-0.141728	-0.149553	-0.16057	-0.157692	-0.157716	-0.177051	-0.186972	-0.186992	-0.188176	-0.221362	-0.252522	-0.259892	
-1.11294	-1.11294	-0.949925	-0.638927	-0.229149	0.207047	0.587402	0.853608	0.974624	0.92074	0.723734	0.476004	0.25244	0.0846169	-0.0368721	-0.118343	-0.149842	-0.148554	-0.155	-0.157561	-0.145687	-0.134294	-0.143181	-0.139353	-0.134093	-0.137607	-0.135674	-0.13129	-0.134816	-0.132141	-0.130932	-0.135178	-0.131559	-0.134922	-0.136415	-0.136992	-0.134163	-0.145396	-0.135839	-0.140877	-0.153389	-0.16177	-0.155468	-0.171889	-0.183203	-0.184627	-0.185546	-0.213925	-0.245923	-0.25721	
-1.17801	-1.17801	-1.00557	-0.681339	-0.254861	0.199245	0.59165	0.863181	0.985834	0.935424	0.747474	0.50611	0.282637	0.109029	-0.0260846	-0.112865	-0.143841	-0.145583	-0.147563	-0.151121	-0.14487	-0.146065	-0.14602	-0.136481	-0.131456	-0.135674	-0.124486	-0.129239	-0.126086	-0.123932	-0.127863	-0.122319	-0.129823	-0.125083	-0.129716	-0.1359	-0.131495	-0.143746	-0.145745	-0.145851	-0.148517	-0.153414	-0.152504	-0.168175	-0.182778	-0.184684	-0.181805	-0.206374	-0.240747	-0.256901	
-1.22537	-1.22537	-1.04597	-0.712251	-0.273899	0.193058	0.593685	0.86797	0.992074	0.946142	0.765217	0.528999	0.305719	0.125956	-0.0156771	-0.106204	-0.13734	-0.141546	-0.151785	-0.155917	-0.144709	-0.133609	-0.137022	-0.132024	-0.130418	-0.13129	-0.129239	-0.128037	-0.129586	-0.126987	-0.128955	-0.128225	-0.129047	-0.129311	-0.130522	-0.131248	-0.129612	-0.137273	-0.134028	-0.139698	-0.153028	-0.159358	-0.152483	-0.164212	-0.179408	-0.184031	-0.178819	-0.201783	-0.237584	-0.254764	
-1.25679	-1.25679	-1.07273	-0.732724	-0.286612	0.188433	0.594096	0.870567	0.995827	0.951866	0.776382	0.546919	0.323935	0.136186	-0.0115604	-0.101957	-0.1346	-0.139831	-0.147731	-0.15004	-0.139165	-0.139996	-0.142488	-0.134805	-0.130777	-0.134816	-0.126086	-0.129586	-0.126945	-0.125418	-0.128	-0.124063	-0.129822	-0.126246	-0.130029	-0.135204	-0.130213	-0.14091	-0.140674	-0.139597	-0.145044	-0.154994	-0.149945	-0.16309	-0.178185	-0.184204	-0.180548	-0.197549	-0.23241	-0.254108	
-1.27354	-1.27354	-1.08694	-0.743612	-0.293557	0.185711	0.594301	0.871778	0.997011	0.955207	0.783942	0.554742	0.330257	0.144323	-0.00536636	-0.0997791	-0.131918	-0.139824	-0.148832	-0.150374	-0.140607	-0.138922	-0.140455	-0.131438	-0.129906	-0.132141	-0.123932	-0.126987	-0.125418	-0.12283	-0.126892	-0.122509	-0.128081	-0.125122	-0.128261	-0.132323	-0.128401	-0.138879	-0.139585	-0.140053	-0.146789	-0.155553	-0.151992	-0.161667	-0.178023	-0.18276	-0.177315	-0.196928	-0.232691	-0.253062	
-1.27631	-1.27631	-1.08928	-0.74544	-0.294697	0.185423	0.594324	0.871555	0.997229	0.956063	0.784367	0.556762	0.334032	0.14387	-0.00698024	-0.0987935	-0.131871	-0.137495	-0.149167	-0.153402	-0.141378	-0.134877	-0.136137	-0.131605	-0.129636	-0.130932	-0.127863	-0.128955	-0.128	-0.126892	-0.128362	-0.126382	-0.128791	-0.127852	-0.128921	-0.131591	-0.129163	-0.135278	-0.134518	-0.138499	-0.149199	-0.157306	-0.14943	-0.161038	-0.176607	-0.184019	-0.179041	-0.195714	-0.231171	-0.252967	
-1.26529	-1.26529	-1.07981	-0.738105	-0.290183	0.186907	0.594344	0.87161	0.996415	0.953048	0.780135	0.551049	0.327081	0.140313	-0.0086201	-0.100642	-0.133757	-0.140413	-0.14667	-0.148297	-0.13815	-0.14333	-0.144493	-0.134087	-0.130571	-0.135178	-0.122319	-0.128225	-0.124063	-0.122509	-0.126382	-0.121031	-0.128921	-0.12402	-0.128958	-0.135113	-0.129347	-0.142512	-0.144164	-0.140897	-0.14325	-0.153709	-0.150982	-0.163012	-0.178723	-0.183043	-0.17966	-0.197111	-0.232007	-0.254028	
-1.23994	-1.23994	-1.05816	-0.721533	-0.279797	0.190998	0.594172	0.869074	0.99347	0.949363	0.770928	0.536284	0.313316	0.131167	-0.012964	-0.104149	-0.136219	-0.140798	-0.151838	-0.155563	-0.142861	-0.132678	-0.136839	-0.132039	-0.130308	-0.131559	-0.129823	-0.129047	-0.129822	-0.128081	-0.128791	-0.128921	-0.128863	-0.129529	-0.130658	-0.131429	-0.129753	-0.136628	-0.133097	-0.138157	-0.151633	-0.159385	-0.152051	-0.163592	-0.178292	-0.183926	-0.178207	-0.199815	-0.23653	-0.254292	
-1.19926	-1.19926	-1.02334	-0.694772	-0.263361	0.196296	0.592921	0.866166	0.988651	0.939186	0.755002	0.517346	0.293781	0.114965	-0.0231244	-0.108978	-0.141545	-0.142549	-0.147121	-0.153275	-0.143998	-0.143841	-0.143038	-0.13584	-0.130789	-0.134922	-0.125083	-0.129311	-0.126246	-0.125122	-0.127852	-0.12402	-0.129529	-0.126672	-0.129335	-0.135079	-0.131134	-0.141919	-0.142913	-0.144825	-0.149251	-0.155192	-0.150422	-0.166375	-0.181415	-0.184352	-0.183159	-0.204332	-0.237446	-0.256277	
-1.14163	-1.14163	-0.974042	-0.657058	-0.240243	0.203651	0.589529	0.858119	0.979673	0.927679	0.734357	0.487549	0.264641	0.0968758	-0.0315708	-0.116338	-0.147845	-0.14921	-0.151667	-0.154668	-0.144889	-0.139098	-0.144807	-0.136912	-0.133154	-0.136415	-0.129716	-0.130522	-0.130029	-0.128261	-0.128921	-0.128958	-0.130658	-0.129335	-0.134106	-0.135542	-0.132605	-0.144174	-0.140751	-0.142241	-0.151252	-0.157791	-0.155605	-0.171521	-0.183015	-0.18473	-0.181983	-0.209627	-0.245322	-0.257592	
-1.06508	-1.06508	-0.908334	-0.606845	-0.210101	0.211836	0.583283	0.845969	0.96443	0.907874	0.707205	0.454346	0.230865	0.0700589	-0.0465151	-0.123094	-0.153671	-0.15177	-0.153935	-0.16066	-0.149904	-0.13656	-0.142313	-0.140411	-0.133112	-0.136992	-0.1359	-0.131248	-0.135204	-0.132323	-0.131591	-0.135113	-0.131429	-0.135079	-0.135542	-0.135278	-0.136199	-0.144001	-0.136636	-0.144038	-0.157905	-0.160929	-0.156519	-0.173873	-0.18458	-0.186245	-0.187874	-0.218699	-0.249489	-0.258458	
-0.967316	-0.967316	-0.824146	-0.542573	-0.171781	0.221198	0.57228	0.825916	0.940877	0.88091	0.673931	0.414392	0.189162	0.0395732	-0.0611083	-0.132043	-0.163203	-0.15792	-0.151785	-0.158213	-0.160009	-0.15049	-0.145788	-0.141628	-0.135875	-0.134163	-0.131495	-0.129612	-0.130213	-0.128401	-0.129163	-0.129347	-0.129753	-0.131134	-0.132605	-0.136199	-0.137992	-0.144713	-0.147967	-0.157226	-0.16079	-0.155549	-0.159795	-0.17958	-0.189445	-0.186177	-0.192814	-0.229784	-0.25489	-0.258692	
-0.845985	-0.845985	-0.719081	-0.462481	-0.124431	0.231999	0.555906	0.795697	0.905943	0.843866	0.63103	0.368765	0.146549	0.00461023	-0.081167	-0.139949	-0.171227	-0.170232	-0.159307	-0.158268	-0.151529	-0.144664	-0.150942	-0.150086	-0.141952	-0.145396	-0.143746	-0.137273	-0.14091	-0.138879	-0.135278	-0.142512	-0.136628	-0.141919	-0.144174	-0.144001	-0.144713	-0.153911	-0.145404	-0.148415	-0.155882	-0.161171	-0.168713	-0.188377	-0.189813	-0.188622	-0.203071	-0.238172	-0.259901	-0.260589	
-0.698989	-0.698989	-0.590708	-0.364521	-0.0670294	0.244438	0.534396	0.753969	0.853528	0.792482	0.583165	0.319017	0.0963359	-0.0358651	-0.102373	-0.147241	-0.176017	-0.175393	-0.16663	-0.168182	-0.168175	-0.148308	-0.144448	-0.148243	-0.141728	-0.135839	-0.145745	-0.134028	-0.140674	-0.139585	-0.134518	-0.144164	-0.133097	-0.142913	-0.140751	-0.136636	-0.147967	-0.145404	-0.145033	-0.159856	-0.172032	-0.165883	-0.176012	-0.189546	-0.190145	-0.192191	-0.213949	-0.254007	-0.264703	-0.25844	
-0.524695	-0.524695	-0.437054	-0.24684	0.00240303	0.259627	0.506096	0.699598	0.78454	0.721183	0.520438	0.267291	0.0504541	-0.0767128	-0.132187	-0.160052	-0.183063	-0.185593	-0.165315	-0.165197	-0.172568	-0.166608	-0.149034	-0.155731	-0.149553	-0.140877	-0.145851	-0.139698	-0.139597	-0.140053	-0.138499	-0.140897	-0.138157	-0.144825	-0.142241	-0.144038	-0.157226	-0.148415	-0.159856	-0.171895	-0.170099	-0.161851	-0.182595	-0.195031	-0.1953	-0.201205	-0.232348	-0.261809	-0.263732	-0.261564	
-0.322241	-0.322241	-0.256497	-0.108316	0.0846847	0.280424	0.47403	0.629813	0.692809	0.629427	0.44428	0.210659	0.00344457	-0.119429	-0.158567	-0.173498	-0.187173	-0.200869	-0.180836	-0.161595	-0.165165	-0.17518	-0.160001	-0.158881	-0.16057	-0.153389	-0.148517	-0.153028	-0.145044	-0.146789	-0.149199	-0.14325	-0.151633	-0.149251	-0.151252	-0.157905	-0.16079	-0.155882	-0.172032	-0.170099	-0.160813	-0.17068	-0.199761	-0.200207	-0.197937	-0.211319	-0.248957	-0.270703	-0.265902	-0.266059	
-0.0921351	-0.0921351	-0.0485084	0.0524141	0.181237	0.307592	0.439829	0.548852	0.578912	0.510991	0.347801	0.145219	-0.034686	-0.157129	-0.194999	-0.190999	-0.188191	-0.203867	-0.204117	-0.181362	-0.161812	-0.165741	-0.162831	-0.156961	-0.157692	-0.16177	-0.153414	-0.159358	-0.154994	-0.155553	-0.157306	-0.153709	-0.159385	-0.155192	-0.157791	-0.160929	-0.155549	-0.161171	-0.165883	-0.161851	-0.17068	-0.198426	-0.20875	-0.198408	-0.202759	-0.232491	-0.268268	-0.271453	-0.265651	-0.282719	
0.164056	0.164056	0.185542	0.234506	0.293865	0.345913	0.405655	0.456263	0.444654	0.366007	0.232236	0.069045	-0.0776517	-0.18544	-0.227356	-0.220073	-0.196466	-0.194188	-0.207544	-0.20391	-0.1896	-0.177013	-0.173436	-0.162285	-0.157716	-0.155468	-0.152504	-0.152483	-0.149945	-0.151992	-0.14943	-0.150982	-0.152051	-0.150422	-0.155605	-0.156519	-0.159795	-0.168713	-0.176012	-0.182595	-0.199761	-0.20875	-0.200641	-0.195548	-0.220801	-0.257705	-0.277437	-0.272742	-0.274394	-0.312312	
0.443044	0.443044	0.443045	0.436069	0.421315	0.398464	0.37874	0.357064	0.294744	0.195869	0.0873464	-0.022735	-0.118353	-0.203548	-0.253129	-0.253867	-0.228316	-0.198169	-0.196904	-0.19957	-0.198313	-0.190531	-0.189628	-0.182739	-0.177051	-0.171889	-0.168175	-0.164212	-0.16309	-0.161667	-0.161038	-0.163012	-0.163592	-0.166375	-0.171521	-0.173873	-0.17958	-0.188377	-0.189546	-0.195031	-0.200207	-0.198408	-0.195548	-0.216302	-0.254657	-0.278994	-0.281133	-0.270315	-0.292829	-0.367506	
0.739464	0.739464	0.718514	0.654972	0.563449	0.46525	0.363384	0.258572	0.136801	0.012409	-0.0780309	-0.141524	-0.182607	-0.217385	-0.257183	-0.273568	-0.263564	-0.232452	-0.207779	-0.198526	-0.19664	-0.191969	-0.189879	-0.188793	-0.186972	-0.183203	-0.182778	-0.179408	-0.178185	-0.178023	-0.176607	-0.178723	-0.178292	-0.181415	-0.183015	-0.18458	-0.189445	-0.189813	-0.190145	-0.1953	-0.197937	-0.202759	-0.220801	-0.254657	-0.278427	-0.281989	-0.272494	-0.283435	-0.343806	-0.445684	
1.0468	1.0468	1.00298	0.885912	0.720688	0.547213	0.362285	0.168966	-0.0174968	-0.174339	-0.258889	-0.27799	-0.26852	-0.255531	-0.260477	-0.273579	-0.28119	-0.26663	-0.243001	-0.218531	-0.20454	-0.195441	-0.190585	-0.186315	-0.186992	-0.184627	-0.184684	-0.184031	-0.184204	-0.18276	-0.184019	-0.183043	-0.183926	-0.184352	-0.18473	-0.186245	-0.186177	-0.188622	-0.192191	-0.201205	-0.211319	-0.232491	-0.257705	-0.278994	-0.281989	-0.275281	-0.282066	-0.327337	-0.417703	-0.544571	
1.35674	1.35674	1.28587	1.12096	0.890937	0.644151	0.377814	0.0962601	-0.155798	-0.34334	-0.436046	-0.436567	-0.385058	-0.320185	-0.283114	-0.269912	-0.275901	-0.280557	-0.271746	-0.258493	-0.237177	-0.22199	-0.206143	-0.197437	-0.188176	-0.185546	-0.181805	-0.178819	-0.180548	-0.177315	-0.179041	-0.17966	-0.178207	-0.183159	-0.181983	-0.187874	-0.192814	-0.203071	-0.213949	-0.232348	-0.248957	-0.268268	-0.277437	-0.281133	-0.272494	-0.282066	-0.320064	-0.40443	-0.524881	-0.656737	
1.65767	1.65767	1.55634	1.35151	1.06971	0.753254	0.409832	0.0502256	-0.264005	-0.483813	-0.588524	-0.58511	-0.523507	-0.430461	-0.346121	-0.296625	-0.270646	-0.272133	-0.271144	-0.272771	-0.264898	-0.257383	-0.244212	-0.234163	-0.221362	-0.213925	-0.206374	-0.201783	-0.197549	-0.196928	-0.195714	-0.197111	-0.199815	-0.204332	-0.209627	-0.218699	-0.229784	-0.238172	-0.254007	-0.261809	-0.270703	-0.271453	-0.272742	-0.270315	-0.283435	-0.327337	-0.40443	-0.520177	-0.63981	-0.754899	
1.93469	1.93469	1.80403	1.5686	1.24946	0.870733	0.457026	0.0357125	-0.326301	-0.574357	-0.705146	-0.717466	-0.653025	-0.560572	-0.453077	-0.369249	-0.309809	-0.278646	-0.268465	-0.265254	-0.266275	-0.263203	-0.262296	-0.257243	-0.252522	-0.245923	-0.240747	-0.237584	-0.23241	-0.232691	-0.231171	-0.232007	-0.23653	-0.237446	-0.245322	-0.249489	-0.25489	-0.259901	-0.264703	-0.263732	-0.265902	-0.265651	-0.274394	-0.292829	-0.343806	-0.417703	-0.524881	-0.63981	-0.747365	-0.835895	
2.17095	2.17095	2.0195	1.76309	1.41866	0.990295	0.520101	0.0587559	-0.336668	-0.606325	-0.755906	-0.809075	-0.772162	-0.690514	-0.587499	-0.481554	-0.396786	-0.330737	-0.292285	-0.270206	-0.263812	-0.259433	-0.259313	-0.258371	-0.259892	-0.25721	-0.256901	-0.254764	-0.254108	-0.253062	-0.252967	-0.254028	-0.254292	-0.256277	-0.257592	-0.258458	-0.258692	-0.260589	-0.25844	-0.261564	-0.266059	-0.282719	-0.312312	-0.367506	-0.445684	-0.544571	-0.656737	-0.754899	-0.835895	-0.865616	
