-3.67845	-3.67845	-3.4871	-3.11895	-2.64418	-2.09292	-1.49613	-0.932192	-0.451808	-0.0646718	0.211082	0.382522	0.466733	0.500241	0.500484	0.492785	0.486685	0.475577	0.450592	0.410095	0.338287	0.223945	0.0459316	-0.198347	-0.497045	-0.844236	-1.21177	-1.56245	-1.8521	-2.03778	-2.07788	-1.95457	-1.68948	-1.35069	-1.01414	-0.715209	-0.449003	-0.219352	-0.0362132	0.0901504	0.164074	0.184452	0.151712	0.0959646	0.0555918	0.0393608	0.0504798	0.0793296	0.117837	0.163068	
-3.67845	-3.67845	-3.4871	-3.11895	-2.64418	-2.09292	-1.49613	-0.932192	-0.451808	-0.0646718	0.211082	0.382522	0.466733	0.500241	0.500484	0.492785	0.486685	0.475577	0.450592	0.410095	0.338287	0.223945	0.0459316	-0.198347	-0.497045	-0.844236	-1.21177	-1.56245	-1.8521	-2.03778	-2.07788	-1.95457	-1.68948	-1.35069	-1.01414	-0.715209	-0.449003	-0.219352	-0.0362132	0.0901504	0.164074	0.184452	0.151712	0.0959646	0.0555918	0.0393608	0.0504798	0.0793296	0.117837	0.163068	
-3.4871	-3.4871	-3.30999	-2.95978	-2.49139	-1.95609	-1.40214	-0.871375	-0.403532	-0.0245753	0.242664	0.414465	0.500434	0.532299	0.531726	0.528204	0.520926	0.508969	0.489064	0.448522	0.374418	0.262527	0.090582	-0.144919	-0.428968	-0.754101	-1.09535	-1.43042	-1.71881	-1.90172	-1.93888	-1.81881	-1.56818	-1.24883	-0.933134	-0.651051	-0.404739	-0.187907	-0.010971	0.108719	0.177539	0.195956	0.167135	0.12061	0.0852139	0.0638663	0.0702618	0.100234	0.143555	0.186741	
-3.11895	-3.11895	-2.95978	-2.64722	-2.22007	-1.73268	-1.22766	-0.737943	-0.300827	0.0464588	0.293943	0.452043	0.541917	0.577718	0.583082	0.58143	0.580543	0.571344	0.555822	0.510213	0.435376	0.32325	0.160403	-0.0474268	-0.294197	-0.583739	-0.891251	-1.19762	-1.4668	-1.63637	-1.66923	-1.56011	-1.34161	-1.06191	-0.772079	-0.513495	-0.296929	-0.11027	0.0510096	0.158135	0.21523	0.231171	0.213072	0.173543	0.136657	0.111432	0.110369	0.136265	0.176061	0.21819	
-2.64418	-2.64418	-2.49139	-2.22007	-1.86156	-1.44603	-1.00349	-0.572856	-0.191589	0.111221	0.338888	0.489149	0.579824	0.618288	0.629736	0.634917	0.645383	0.64865	0.642824	0.597642	0.520309	0.410725	0.263329	0.0900959	-0.10956	-0.352246	-0.6188	-0.88863	-1.12597	-1.27667	-1.30642	-1.21723	-1.03679	-0.800436	-0.547167	-0.320542	-0.134506	0.021596	0.157545	0.245756	0.290475	0.308344	0.29853	0.258892	0.215777	0.181462	0.170297	0.191666	0.22255	0.254312	
-2.09292	-2.09292	-1.95609	-1.73268	-1.44603	-1.10343	-0.744588	-0.400634	-0.0909653	0.169311	0.369046	0.510902	0.598841	0.644936	0.666196	0.685093	0.7048	0.721667	0.728062	0.695054	0.62358	0.52135	0.389979	0.247396	0.0946699	-0.0938316	-0.310931	-0.540775	-0.748643	-0.883374	-0.915241	-0.842276	-0.687156	-0.489913	-0.286235	-0.102979	0.0509974	0.186184	0.300478	0.367247	0.40297	0.418878	0.406926	0.366656	0.317289	0.270644	0.249705	0.254697	0.274627	0.290676	
-1.49613	-1.49613	-1.40214	-1.22766	-1.00349	-0.744588	-0.47666	-0.217979	0.0195136	0.230463	0.39253	0.516957	0.60012	0.658303	0.69339	0.728688	0.7591	0.79046	0.806565	0.790432	0.728263	0.630544	0.509424	0.395612	0.289067	0.149154	-0.0240097	-0.213302	-0.387848	-0.508857	-0.543812	-0.487297	-0.359962	-0.197785	-0.0375118	0.109654	0.235979	0.351758	0.448072	0.505021	0.531312	0.540229	0.521766	0.475676	0.420113	0.363626	0.325935	0.308925	0.308524	0.312147	
-0.932192	-0.932192	-0.871375	-0.737943	-0.572856	-0.400634	-0.217979	-0.0383372	0.133572	0.288137	0.415583	0.523954	0.611444	0.676647	0.722246	0.763555	0.811689	0.859662	0.884752	0.872431	0.811358	0.718338	0.615023	0.524919	0.445143	0.345441	0.212051	0.0613933	-0.0778196	-0.177063	-0.212068	-0.178757	-0.0880467	0.035676	0.164502	0.279789	0.386827	0.485671	0.567173	0.618041	0.644569	0.653989	0.629469	0.572758	0.503968	0.441545	0.395309	0.362964	0.338774	0.324343	
-0.451808	-0.451808	-0.403532	-0.300827	-0.191589	-0.0909653	0.0195136	0.133572	0.241586	0.345245	0.448033	0.555214	0.647698	0.719443	0.772936	0.819916	0.869795	0.91751	0.943275	0.929805	0.862602	0.769914	0.677361	0.599051	0.536075	0.473894	0.389602	0.281715	0.17014	0.087744	0.0562458	0.075007	0.13679	0.225652	0.314258	0.394443	0.47586	0.558266	0.63226	0.6911	0.726577	0.735101	0.705649	0.648879	0.582075	0.515428	0.45906	0.413216	0.364937	0.325025	
-0.0646718	-0.0646718	-0.0245753	0.0464588	0.111221	0.169311	0.230463	0.288137	0.345245	0.422066	0.514158	0.615164	0.713552	0.800191	0.864178	0.907568	0.945244	0.971409	0.977347	0.944167	0.871714	0.770799	0.670845	0.593645	0.549367	0.522392	0.490062	0.431461	0.357074	0.300302	0.272574	0.279527	0.314025	0.360814	0.406878	0.446033	0.494657	0.56239	0.646548	0.721772	0.772194	0.779711	0.756124	0.709679	0.650354	0.585628	0.521812	0.451949	0.384261	0.3268	
0.211082	0.211082	0.242664	0.293943	0.338888	0.369046	0.39253	0.415583	0.448033	0.514158	0.610131	0.715948	0.823947	0.921839	0.987183	1.02379	1.0428	1.03698	1.00499	0.93288	0.830309	0.709114	0.597928	0.519789	0.493242	0.495398	0.506957	0.500893	0.480635	0.458312	0.438025	0.425691	0.424348	0.431313	0.434755	0.436583	0.457954	0.513562	0.602682	0.696283	0.769122	0.798949	0.794542	0.762404	0.715999	0.652868	0.578619	0.494066	0.403765	0.326868	
0.382522	0.382522	0.414465	0.452043	0.489149	0.510902	0.516957	0.523954	0.555214	0.615164	0.715948	0.837682	0.970051	1.07721	1.14189	1.16693	1.15702	1.10549	1.02315	0.903506	0.756173	0.608809	0.481729	0.399946	0.376313	0.397914	0.444323	0.492434	0.524484	0.531385	0.520199	0.500828	0.477848	0.443519	0.398727	0.362348	0.361864	0.414244	0.507952	0.619734	0.723862	0.792366	0.813555	0.804173	0.770586	0.710454	0.630364	0.53207	0.418592	0.318639	
0.466733	0.466733	0.500434	0.541917	0.579824	0.598841	0.60012	0.611444	0.647698	0.713552	0.823947	0.970051	1.11799	1.2336	1.30046	1.3173	1.27191	1.17728	1.04284	0.875341	0.685579	0.502637	0.341924	0.243933	0.215535	0.245874	0.317915	0.407757	0.47641	0.506733	0.505584	0.488495	0.452044	0.387806	0.30484	0.241007	0.222387	0.27742	0.387244	0.522993	0.653137	0.756373	0.808577	0.823791	0.805082	0.748052	0.656525	0.541549	0.413323	0.299683	
0.500241	0.500241	0.532299	0.577718	0.618288	0.644936	0.658303	0.676647	0.719443	0.800191	0.921839	1.07721	1.2336	1.35758	1.43102	1.43977	1.37541	1.25054	1.07088	0.849788	0.617303	0.398752	0.211236	0.0873278	0.0398915	0.0667432	0.148732	0.255356	0.346302	0.402345	0.419787	0.401532	0.352271	0.27169	0.177617	0.0989271	0.078252	0.136287	0.260944	0.411361	0.56388	0.699552	0.787205	0.821505	0.809154	0.754312	0.655768	0.527109	0.394787	0.281308	
0.500484	0.500484	0.531726	0.583082	0.629736	0.666196	0.69339	0.722246	0.772936	0.864178	0.987183	1.14189	1.30046	1.43102	1.50727	1.51582	1.44624	1.30066	1.08733	0.830143	0.559225	0.305237	0.0994469	-0.048041	-0.119782	-0.10939	-0.0317305	0.07642	0.175595	0.245845	0.283453	0.274743	0.222972	0.13952	0.0433537	-0.0328783	-0.0479327	0.00925726	0.137632	0.302828	0.478104	0.639956	0.756828	0.809488	0.80425	0.745081	0.639793	0.506384	0.370042	0.261203	
0.492785	0.492785	0.528204	0.58143	0.634917	0.685093	0.728688	0.763555	0.819916	0.907568	1.02379	1.16693	1.3173	1.43977	1.51582	1.52351	1.45321	1.30092	1.06975	0.793179	0.503642	0.227288	-0.00357152	-0.169891	-0.256397	-0.257073	-0.190958	-0.0908808	0.0116803	0.0929947	0.142047	0.144059	0.0945583	0.0152614	-0.0726088	-0.141733	-0.159392	-0.095874	0.0398016	0.219052	0.408606	0.584995	0.725017	0.794371	0.791217	0.731677	0.624764	0.492582	0.361827	0.26171	
0.486685	0.486685	0.520926	0.580543	0.645383	0.7048	0.7591	0.811689	0.869795	0.945244	1.0428	1.15702	1.27191	1.37541	1.44624	1.45321	1.38515	1.23523	1.0025	0.719172	0.422545	0.135668	-0.10402	-0.271802	-0.356994	-0.35876	-0.302669	-0.214634	-0.114044	-0.0254761	0.0249158	0.0296694	-0.0144025	-0.0836359	-0.158525	-0.222269	-0.23989	-0.174348	-0.0370855	0.148357	0.348782	0.537736	0.692707	0.775764	0.77845	0.719181	0.610433	0.480575	0.365828	0.278348	
0.475577	0.475577	0.508969	0.571344	0.64865	0.721667	0.79046	0.859662	0.91751	0.971409	1.03698	1.10549	1.17728	1.25054	1.30066	1.30092	1.23523	1.08843	0.867673	0.59813	0.305819	0.0298049	-0.192896	-0.338976	-0.410719	-0.409993	-0.356025	-0.265671	-0.169225	-0.0892187	-0.042535	-0.036482	-0.0684491	-0.134159	-0.211109	-0.267181	-0.276383	-0.222236	-0.0973304	0.0900821	0.299083	0.495611	0.652709	0.746781	0.753673	0.694278	0.588757	0.469131	0.371966	0.302266	
0.450592	0.450592	0.489064	0.555822	0.642824	0.728062	0.806565	0.884752	0.943275	0.977347	1.00499	1.02315	1.04284	1.07088	1.08733	1.06975	1.0025	0.867673	0.669546	0.425589	0.160066	-0.0870766	-0.276222	-0.388426	-0.428966	-0.403585	-0.336355	-0.244688	-0.152774	-0.0806038	-0.0418097	-0.0360917	-0.0620439	-0.124055	-0.202278	-0.256131	-0.268336	-0.232539	-0.125451	0.0511178	0.25619	0.447218	0.595857	0.688784	0.700405	0.645735	0.54808	0.445144	0.365943	0.31627	
0.410095	0.410095	0.448522	0.510213	0.597642	0.695054	0.790432	0.872431	0.929805	0.944167	0.93288	0.903506	0.875341	0.849788	0.830143	0.793179	0.719172	0.59813	0.425589	0.209711	-0.0115483	-0.204873	-0.345656	-0.417089	-0.413216	-0.342818	-0.25053	-0.158824	-0.0698298	-0.00165521	0.0319973	0.0358745	0.00589034	-0.0503107	-0.123351	-0.18604	-0.214729	-0.195999	-0.114832	0.0297402	0.210641	0.387008	0.522752	0.603639	0.617072	0.56986	0.485751	0.406339	0.341273	0.307888	
0.338287	0.338287	0.374418	0.435376	0.520309	0.62358	0.728263	0.811358	0.862602	0.871714	0.830309	0.756173	0.685579	0.617303	0.559225	0.503642	0.422545	0.305819	0.160066	-0.0115483	-0.178571	-0.314447	-0.397304	-0.409374	-0.34846	-0.233692	-0.113068	-0.00475559	0.0870075	0.145697	0.174292	0.17827	0.145806	0.0821033	0.00828676	-0.0663552	-0.118459	-0.128231	-0.0825319	0.0240735	0.171244	0.318847	0.434548	0.502758	0.516575	0.478361	0.416908	0.357868	0.306846	0.285846	
0.223945	0.223945	0.262527	0.32325	0.410725	0.52135	0.630544	0.718338	0.769914	0.770799	0.709114	0.608809	0.502637	0.398752	0.305237	0.227288	0.135668	0.0298049	-0.0870766	-0.204873	-0.314447	-0.39431	-0.419694	-0.363099	-0.241291	-0.083643	0.0707201	0.201558	0.295392	0.352087	0.37525	0.366559	0.32555	0.256198	0.167231	0.0760134	-0.00773874	-0.0502312	-0.0381339	0.0317383	0.135561	0.24477	0.338478	0.395833	0.403776	0.3819	0.344693	0.307021	0.272111	0.259005	
0.0459316	0.0459316	0.090582	0.160403	0.263329	0.389979	0.509424	0.615023	0.677361	0.670845	0.597928	0.481729	0.341924	0.211236	0.0994469	-0.00357152	-0.10402	-0.192896	-0.276222	-0.345656	-0.397304	-0.419694	-0.374647	-0.257127	-0.0934342	0.10312	0.291561	0.436589	0.530837	0.585888	0.600827	0.571974	0.516184	0.437386	0.325543	0.203013	0.0985467	0.0292221	0.00952219	0.0368574	0.0967859	0.171252	0.242035	0.284525	0.293664	0.293127	0.273467	0.251091	0.243472	0.2453	
-0.198347	-0.198347	-0.144919	-0.0474268	0.0900959	0.247396	0.395612	0.524919	0.599051	0.593645	0.519789	0.399946	0.243933	0.0873278	-0.048041	-0.169891	-0.271802	-0.338976	-0.388426	-0.417089	-0.409374	-0.363099	-0.257127	-0.0923662	0.103806	0.321184	0.525258	0.682003	0.774995	0.815611	0.816108	0.778049	0.706401	0.605167	0.46887	0.325399	0.201118	0.10516	0.0552398	0.0393284	0.0522764	0.0963392	0.144211	0.172741	0.188379	0.206292	0.210779	0.214603	0.234672	0.260095	
-0.497045	-0.497045	-0.428968	-0.294197	-0.10956	0.0946699	0.289067	0.445143	0.536075	0.549367	0.493242	0.376313	0.215535	0.0398915	-0.119782	-0.256397	-0.356994	-0.410719	-0.428966	-0.413216	-0.34846	-0.241291	-0.0934342	0.103806	0.327859	0.553643	0.750456	0.901784	0.990669	1.01582	1.00097	0.962066	0.879385	0.752894	0.604248	0.449341	0.299228	0.176133	0.0933842	0.0399582	0.0113316	0.0160458	0.0340842	0.0507418	0.0769602	0.116587	0.151469	0.192717	0.244645	0.297049	
-0.844236	-0.844236	-0.754101	-0.583739	-0.352246	-0.0938316	0.149154	0.345441	0.473894	0.522392	0.495398	0.397914	0.245874	0.0667432	-0.10939	-0.257073	-0.35876	-0.409993	-0.403585	-0.342818	-0.233692	-0.083643	0.10312	0.321184	0.553643	0.776259	0.957091	1.08687	1.16092	1.18105	1.15658	1.10884	1.02127	0.889605	0.729981	0.562262	0.397125	0.249024	0.126085	0.0328856	-0.0311018	-0.0687791	-0.0818266	-0.0714665	-0.0346623	0.0282869	0.0981757	0.1796	0.262571	0.334319	
-1.21177	-1.21177	-1.09535	-0.891251	-0.6188	-0.310931	-0.0240097	0.212051	0.389602	0.490062	0.506957	0.444323	0.317915	0.148732	-0.0317305	-0.190958	-0.302669	-0.356025	-0.336355	-0.25053	-0.113068	0.0707201	0.291561	0.525258	0.750456	0.957091	1.11756	1.22507	1.28659	1.30692	1.28334	1.22386	1.13702	1.01246	0.847213	0.668928	0.496145	0.321138	0.154764	0.0182812	-0.0849196	-0.157964	-0.197048	-0.195112	-0.150877	-0.0639306	0.0387983	0.150957	0.262635	0.350093	
-1.56245	-1.56245	-1.43042	-1.19762	-0.88863	-0.540775	-0.213302	0.0613933	0.281715	0.431461	0.500893	0.492434	0.407757	0.255356	0.07642	-0.0908808	-0.214634	-0.265671	-0.244688	-0.158824	-0.00475559	0.201558	0.436589	0.682003	0.901784	1.08687	1.22507	1.32025	1.37907	1.39682	1.3729	1.31835	1.23294	1.11126	0.951662	0.775511	0.585685	0.381841	0.185707	0.0122913	-0.130541	-0.233986	-0.29697	-0.313474	-0.272105	-0.169236	-0.0409111	0.0948741	0.222067	0.317777	
-1.8521	-1.8521	-1.71881	-1.4668	-1.12597	-0.748643	-0.387848	-0.0778196	0.17014	0.357074	0.480635	0.524484	0.47641	0.346302	0.175595	0.0116803	-0.114044	-0.169225	-0.152774	-0.0698298	0.0870075	0.295392	0.530837	0.774995	0.990669	1.16092	1.28659	1.37907	1.44129	1.45491	1.43175	1.38873	1.30642	1.18627	1.0386	0.867613	0.663064	0.43457	0.216938	0.0188751	-0.156619	-0.294094	-0.387246	-0.426151	-0.392472	-0.28545	-0.144429	0.00608184	0.142514	0.245608	
-2.03778	-2.03778	-1.90172	-1.63637	-1.27667	-0.883374	-0.508857	-0.177063	0.087744	0.300302	0.458312	0.531385	0.506733	0.402345	0.245845	0.0929947	-0.0254761	-0.0892187	-0.0806038	-0.00165521	0.145697	0.352087	0.585888	0.815611	1.01582	1.18105	1.30692	1.39682	1.45491	1.47763	1.46732	1.42829	1.35637	1.25018	1.11283	0.940623	0.729869	0.490473	0.251454	0.0235961	-0.179749	-0.345563	-0.463382	-0.521816	-0.500263	-0.40146	-0.258041	-0.106735	0.0343972	0.153635	
-2.07788	-2.07788	-1.93888	-1.66923	-1.30642	-0.915241	-0.543812	-0.212068	0.0562458	0.272574	0.438025	0.520199	0.505584	0.419787	0.283453	0.142047	0.0249158	-0.042535	-0.0418097	0.0319973	0.174292	0.37525	0.600827	0.816108	1.00097	1.15658	1.28334	1.3729	1.43175	1.46732	1.47122	1.44252	1.38502	1.29617	1.17033	1.0074	0.798507	0.554661	0.293332	0.0317241	-0.202201	-0.393184	-0.531627	-0.603509	-0.592704	-0.503651	-0.368293	-0.216282	-0.0659447	0.0675813	
-1.95457	-1.95457	-1.81881	-1.56011	-1.21723	-0.842276	-0.487297	-0.178757	0.075007	0.279527	0.425691	0.500828	0.488495	0.401532	0.274743	0.144059	0.0296694	-0.036482	-0.0360917	0.0358745	0.17827	0.366559	0.571974	0.778049	0.962066	1.10884	1.22386	1.31835	1.38873	1.42829	1.44252	1.43453	1.39568	1.32335	1.21708	1.07141	0.86788	0.612166	0.336029	0.0517253	-0.214483	-0.433138	-0.588618	-0.669853	-0.66458	-0.585259	-0.45834	-0.299502	-0.13654	0.000321936	
-1.68948	-1.68948	-1.56818	-1.34161	-1.03679	-0.687156	-0.359962	-0.0880467	0.13679	0.314025	0.424348	0.477848	0.452044	0.352271	0.222972	0.0945583	-0.0144025	-0.0684491	-0.0620439	0.00589034	0.145806	0.32555	0.516184	0.706401	0.879385	1.02127	1.13702	1.23294	1.30642	1.35637	1.38502	1.39568	1.38479	1.33843	1.24494	1.10652	0.912048	0.656307	0.369123	0.0647645	-0.222275	-0.454831	-0.62342	-0.717199	-0.719008	-0.645321	-0.523335	-0.365561	-0.198991	-0.0632814	
-1.35069	-1.35069	-1.24883	-1.06191	-0.800436	-0.489913	-0.197785	0.035676	0.225652	0.360814	0.431313	0.443519	0.387806	0.27169	0.13952	0.0152614	-0.0836359	-0.134159	-0.124055	-0.0503107	0.0821033	0.256198	0.437386	0.605167	0.752894	0.889605	1.01246	1.11126	1.18627	1.25018	1.29617	1.32335	1.33843	1.31603	1.22946	1.09527	0.916493	0.676795	0.381774	0.0665238	-0.225709	-0.466702	-0.646728	-0.745935	-0.751578	-0.683167	-0.573908	-0.428009	-0.272155	-0.134646	
-1.01414	-1.01414	-0.933134	-0.772079	-0.547167	-0.286235	-0.0375118	0.164502	0.314258	0.406878	0.434755	0.398727	0.30484	0.177617	0.0433537	-0.0726088	-0.158525	-0.211109	-0.202278	-0.123351	0.00828676	0.167231	0.325543	0.46887	0.604248	0.729981	0.847213	0.951662	1.0386	1.11283	1.17033	1.21708	1.24494	1.22946	1.16055	1.04188	0.87461	0.651353	0.372701	0.0653075	-0.22878	-0.477318	-0.661612	-0.761544	-0.772344	-0.717805	-0.624264	-0.499446	-0.358991	-0.22265	
-0.715209	-0.715209	-0.651051	-0.513495	-0.320542	-0.102979	0.109654	0.279789	0.394443	0.446033	0.436583	0.362348	0.241007	0.0989271	-0.0328783	-0.141733	-0.222269	-0.267181	-0.256131	-0.18604	-0.0663552	0.0760134	0.203013	0.325399	0.449341	0.562262	0.668928	0.775511	0.867613	0.940623	1.0074	1.07141	1.10652	1.09527	1.04188	0.939999	0.782999	0.581546	0.335225	0.0500501	-0.237292	-0.475318	-0.653253	-0.759736	-0.782772	-0.744333	-0.668439	-0.563755	-0.439434	-0.305026	
-0.449003	-0.449003	-0.404739	-0.296929	-0.134506	0.0509974	0.235979	0.386827	0.47586	0.494657	0.457954	0.361864	0.222387	0.078252	-0.0479327	-0.159392	-0.23989	-0.276383	-0.268336	-0.214729	-0.118459	-0.00773874	0.0985467	0.201118	0.299228	0.397125	0.496145	0.585685	0.663064	0.729869	0.798507	0.86788	0.912048	0.916493	0.87461	0.782999	0.649495	0.47897	0.266218	0.00875651	-0.251644	-0.465038	-0.627335	-0.73581	-0.769657	-0.738479	-0.67782	-0.598519	-0.489797	-0.363201	
-0.219352	-0.219352	-0.187907	-0.11027	0.021596	0.186184	0.351758	0.485671	0.558266	0.56239	0.513562	0.414244	0.27742	0.136287	0.00925726	-0.095874	-0.174348	-0.222236	-0.232539	-0.195999	-0.128231	-0.0502312	0.0292221	0.10516	0.176133	0.249024	0.321138	0.381841	0.43457	0.490473	0.554661	0.612166	0.656307	0.676795	0.651353	0.581546	0.47897	0.342387	0.166211	-0.0506349	-0.27516	-0.460274	-0.594385	-0.682376	-0.720508	-0.699523	-0.648869	-0.582722	-0.489014	-0.379037	
-0.0362132	-0.0362132	-0.010971	0.0510096	0.157545	0.300478	0.448072	0.567173	0.63226	0.646548	0.602682	0.507952	0.387244	0.260944	0.137632	0.0398016	-0.0370855	-0.0973304	-0.125451	-0.114832	-0.0825319	-0.0381339	0.00952219	0.0552398	0.0933842	0.126085	0.154764	0.185707	0.216938	0.251454	0.293332	0.336029	0.369123	0.381774	0.372701	0.335225	0.266218	0.166211	0.026701	-0.142079	-0.308657	-0.447509	-0.548918	-0.617026	-0.64895	-0.632566	-0.5821	-0.519158	-0.439461	-0.342076	
0.0901504	0.0901504	0.108719	0.158135	0.245756	0.367247	0.505021	0.618041	0.6911	0.721772	0.696283	0.619734	0.522993	0.411361	0.302828	0.219052	0.148357	0.0900821	0.0511178	0.0297402	0.0240735	0.0317383	0.0368574	0.0393284	0.0399582	0.0328856	0.0182812	0.0122913	0.0188751	0.0235961	0.0317241	0.0517253	0.0647645	0.0665238	0.0653075	0.0500501	0.00875651	-0.0506349	-0.142079	-0.249574	-0.346918	-0.424938	-0.488655	-0.538611	-0.562908	-0.549848	-0.503157	-0.439774	-0.370529	-0.283489	
0.164074	0.164074	0.177539	0.21523	0.290475	0.40297	0.531312	0.644569	0.726577	0.772194	0.769122	0.723862	0.653137	0.56388	0.478104	0.408606	0.348782	0.299083	0.25619	0.210641	0.171244	0.135561	0.0967859	0.0522764	0.0113316	-0.0311018	-0.0849196	-0.130541	-0.156619	-0.179749	-0.202201	-0.214483	-0.222275	-0.225709	-0.22878	-0.237292	-0.251644	-0.27516	-0.308657	-0.346918	-0.37379	-0.392376	-0.420412	-0.454065	-0.469664	-0.462131	-0.429088	-0.376234	-0.313614	-0.238224	
0.184452	0.184452	0.195956	0.231171	0.308344	0.418878	0.540229	0.653989	0.735101	0.779711	0.798949	0.792366	0.756373	0.699552	0.639956	0.584995	0.537736	0.495611	0.447218	0.387008	0.318847	0.24477	0.171252	0.0963392	0.0160458	-0.0687791	-0.157964	-0.233986	-0.294094	-0.345563	-0.393184	-0.433138	-0.454831	-0.466702	-0.477318	-0.475318	-0.465038	-0.460274	-0.447509	-0.424938	-0.392376	-0.36497	-0.359689	-0.367758	-0.377769	-0.379198	-0.367176	-0.335055	-0.287319	-0.229533	
0.151712	0.151712	0.167135	0.213072	0.29853	0.406926	0.521766	0.629469	0.705649	0.756124	0.794542	0.813555	0.808577	0.787205	0.756828	0.725017	0.692707	0.652709	0.595857	0.522752	0.434548	0.338478	0.242035	0.144211	0.0340842	-0.0818266	-0.197048	-0.29697	-0.387246	-0.463382	-0.531627	-0.588618	-0.62342	-0.646728	-0.661612	-0.653253	-0.627335	-0.594385	-0.548918	-0.488655	-0.420412	-0.359689	-0.321288	-0.299293	-0.304831	-0.316752	-0.328262	-0.32082	-0.288617	-0.24783	
0.0959646	0.0959646	0.12061	0.173543	0.258892	0.366656	0.475676	0.572758	0.648879	0.709679	0.762404	0.804173	0.823791	0.821505	0.809488	0.794371	0.775764	0.746781	0.688784	0.603639	0.502758	0.395833	0.284525	0.172741	0.0507418	-0.0714665	-0.195112	-0.313474	-0.426151	-0.521816	-0.603509	-0.669853	-0.717199	-0.745935	-0.761544	-0.759736	-0.73581	-0.682376	-0.617026	-0.538611	-0.454065	-0.367758	-0.299293	-0.265768	-0.270426	-0.289308	-0.312094	-0.319376	-0.306692	-0.287007	
0.0555918	0.0555918	0.0852139	0.136657	0.215777	0.317289	0.420113	0.503968	0.582075	0.650354	0.715999	0.770586	0.805082	0.809154	0.80425	0.791217	0.77845	0.753673	0.700405	0.617072	0.516575	0.403776	0.293664	0.188379	0.0769602	-0.0346623	-0.150877	-0.272105	-0.392472	-0.500263	-0.592704	-0.66458	-0.719008	-0.751578	-0.772344	-0.782772	-0.769657	-0.720508	-0.64895	-0.562908	-0.469664	-0.377769	-0.304831	-0.270426	-0.271645	-0.289277	-0.312382	-0.323125	-0.327675	-0.326737	
0.0393608	0.0393608	0.0638663	0.111432	0.181462	0.270644	0.363626	0.441545	0.515428	0.585628	0.652868	0.710454	0.748052	0.754312	0.745081	0.731677	0.719181	0.694278	0.645735	0.56986	0.478361	0.3819	0.293127	0.206292	0.116587	0.0282869	-0.0639306	-0.169236	-0.28545	-0.40146	-0.503651	-0.585259	-0.645321	-0.683167	-0.717805	-0.744333	-0.738479	-0.699523	-0.632566	-0.549848	-0.462131	-0.379198	-0.316752	-0.289308	-0.289277	-0.299102	-0.315716	-0.325541	-0.339851	-0.351997	
0.0504798	0.0504798	0.0702618	0.110369	0.170297	0.249705	0.325935	0.395309	0.45906	0.521812	0.578619	0.630364	0.656525	0.655768	0.639793	0.624764	0.610433	0.588757	0.54808	0.485751	0.416908	0.344693	0.273467	0.210779	0.151469	0.0981757	0.0387983	-0.0409111	-0.144429	-0.258041	-0.368293	-0.45834	-0.523335	-0.573908	-0.624264	-0.668439	-0.67782	-0.648869	-0.5821	-0.503157	-0.429088	-0.367176	-0.328262	-0.312094	-0.312382	-0.315716	-0.321185	-0.329333	-0.340822	-0.358614	
0.0793296	0.0793296	0.100234	0.136265	0.191666	0.254697	0.308925	0.362964	0.413216	0.451949	0.494066	0.53207	0.541549	0.527109	0.506384	0.492582	0.480575	0.469131	0.445144	0.406339	0.357868	0.307021	0.251091	0.214603	0.192717	0.1796	0.150957	0.0948741	0.00608184	-0.106735	-0.216282	-0.299502	-0.365561	-0.428009	-0.499446	-0.563755	-0.598519	-0.582722	-0.519158	-0.439774	-0.376234	-0.335055	-0.32082	-0.319376	-0.323125	-0.325541	-0.329333	-0.327178	-0.32965	-0.347004	
0.117837	0.117837	0.143555	0.176061	0.22255	0.274627	0.308524	0.338774	0.364937	0.384261	0.403765	0.418592	0.413323	0.394787	0.370042	0.361827	0.365828	0.371966	0.365943	0.341273	0.306846	0.272111	0.243472	0.234672	0.244645	0.262571	0.262635	0.222067	0.142514	0.0343972	-0.0659447	-0.13654	-0.198991	-0.272155	-0.358991	-0.439434	-0.489797	-0.489014	-0.439461	-0.370529	-0.313614	-0.287319	-0.288617	-0.306692	-0.327675	-0.339851	-0.340822	-0.32965	-0.321621	-0.334579	
0.163068	0.163068	0.186741	0.21819	0.254312	0.290676	0.312147	0.324343	0.325025	0.3268	0.326868	0.318639	0.299683	0.281308	0.261203	0.26171	0.278348	0.302266	0.31627	0.307888	0.285846	0.259005	0.2453	0.260095	0.297049	0.334319	0.350093	0.317777	0.245608	0.153635	0.0675813	0.000321936	-0.0632814	-0.134646	-0.22265	-0.305026	-0.363201	-0.379037	-0.342076	-0.283489	-0.238224	-0.229533	-0.24783	-0.287007	-0.326737	-0.351997	-0.358614	-0.347004	-0.334579	-0.334759	
