1.39653	1.39653	1.40383	1.40361	1.39236	1.368	1.31831	1.22974	1.09389	0.910925	0.708907	0.519501	0.363351	0.235818	0.126791	0.0316193	-0.0481549	-0.122414	-0.195093	-0.264272	-0.30986	-0.316963	-0.283936	-0.191553	-0.0393724	0.138213	0.31239	0.478489	0.602559	0.655725	0.65	0.588397	0.468787	0.307013	0.123	-0.0810658	-0.269186	-0.407502	-0.467893	-0.461927	-0.424556	-0.374218	-0.358734	-0.386129	-0.460301	-0.581809	-0.72625	-0.848226	-0.925617	-0.942527	
1.39653	1.39653	1.40383	1.40361	1.39236	1.368	1.31831	1.22974	1.09389	0.910925	0.708907	0.519501	0.363351	0.235818	0.126791	0.0316193	-0.0481549	-0.122414	-0.195093	-0.264272	-0.30986	-0.316963	-0.283936	-0.191553	-0.0393724	0.138213	0.31239	0.478489	0.602559	0.655725	0.65	0.588397	0.468787	0.307013	0.123	-0.0810658	-0.269186	-0.407502	-0.467893	-0.461927	-0.424556	-0.374218	-0.358734	-0.386129	-0.460301	-0.581809	-0.72625	-0.848226	-0.925617	-0.942527	
1.40383	1.40383	1.39201	1.38173	1.37337	1.35151	1.29866	1.19886	1.04986	0.86519	0.670928	0.486869	0.325184	0.191583	0.0833941	-0.00833652	-0.0911218	-0.167327	-0.248431	-0.316878	-0.352737	-0.354688	-0.318277	-0.211943	-0.0565794	0.127604	0.323839	0.504337	0.638595	0.707728	0.704133	0.645309	0.534571	0.379475	0.190727	-0.0143208	-0.209618	-0.345921	-0.406113	-0.403812	-0.374942	-0.339101	-0.323384	-0.344753	-0.418767	-0.542577	-0.684264	-0.804008	-0.879758	-0.901245	
1.40361	1.40361	1.38173	1.36541	1.35161	1.31926	1.25655	1.13977	0.977599	0.794543	0.606413	0.419289	0.255493	0.121927	0.0158406	-0.078761	-0.170264	-0.251016	-0.331491	-0.40167	-0.437649	-0.431585	-0.374805	-0.244295	-0.0759218	0.119718	0.342024	0.549002	0.707284	0.800971	0.811746	0.755653	0.651054	0.504343	0.31402	0.106991	-0.091447	-0.238629	-0.311898	-0.317073	-0.295436	-0.269112	-0.257415	-0.2797	-0.347825	-0.460338	-0.595668	-0.719128	-0.79595	-0.821329	
1.39236	1.39236	1.37337	1.35161	1.31737	1.26357	1.18895	1.0665	0.89483	0.704835	0.51318	0.329987	0.173332	0.0451361	-0.0623119	-0.16114	-0.257505	-0.343985	-0.426066	-0.50229	-0.538956	-0.519929	-0.435228	-0.280781	-0.0892055	0.127251	0.371826	0.608637	0.797692	0.920997	0.954367	0.903902	0.797018	0.651106	0.460725	0.250029	0.0515182	-0.112986	-0.202708	-0.219305	-0.209497	-0.185606	-0.176031	-0.198021	-0.255777	-0.348631	-0.469265	-0.587918	-0.671512	-0.713107	
1.368	1.368	1.35151	1.31926	1.26357	1.18766	1.09716	0.973138	0.801138	0.600101	0.405042	0.232938	0.09132	-0.0268211	-0.130584	-0.234559	-0.33356	-0.429798	-0.522117	-0.597061	-0.622929	-0.59194	-0.493072	-0.322306	-0.105575	0.144869	0.419414	0.682956	0.900713	1.04592	1.10083	1.06172	0.954553	0.796025	0.602087	0.383723	0.178922	0.00661956	-0.0954845	-0.128349	-0.131529	-0.115391	-0.102871	-0.11289	-0.151479	-0.223035	-0.32282	-0.4287	-0.517936	-0.581005	
1.31831	1.31831	1.29866	1.25655	1.18895	1.09716	0.984136	0.848949	0.678761	0.484167	0.300764	0.144586	0.0133355	-0.0887261	-0.177931	-0.278862	-0.38832	-0.49432	-0.592626	-0.662841	-0.683478	-0.640866	-0.5317	-0.347852	-0.106629	0.17913	0.481216	0.770043	1.00877	1.17126	1.24159	1.21998	1.10898	0.931142	0.719472	0.492272	0.276042	0.10299	-0.0085717	-0.0599585	-0.0709088	-0.0569236	-0.041735	-0.0314818	-0.0379677	-0.0790368	-0.160984	-0.255158	-0.344724	-0.421436	
1.22974	1.22974	1.19886	1.13977	1.0665	0.973138	0.848949	0.694022	0.529075	0.356213	0.196021	0.0582931	-0.0464685	-0.126848	-0.200958	-0.292154	-0.40219	-0.51632	-0.62112	-0.694662	-0.716827	-0.663334	-0.542477	-0.345827	-0.0797894	0.22942	0.549568	0.858988	1.11881	1.29391	1.37781	1.36138	1.2414	1.0471	0.816624	0.576795	0.348925	0.171011	0.0487205	-0.0184386	-0.0346332	-0.0125842	0.0195102	0.0556034	0.0777699	0.0644527	0.00712984	-0.0727149	-0.159129	-0.246271	
1.09389	1.09389	1.04986	0.977599	0.89483	0.801138	0.678761	0.529075	0.370916	0.220597	0.0864317	-0.0123592	-0.0799809	-0.133753	-0.195598	-0.270178	-0.37026	-0.486364	-0.602235	-0.689043	-0.714273	-0.659574	-0.529135	-0.316721	-0.0317907	0.286871	0.616491	0.943385	1.22332	1.41549	1.50087	1.47591	1.34049	1.13313	0.8871	0.634475	0.398279	0.211086	0.0837403	0.0107287	-0.0112392	0.0205103	0.0770058	0.144323	0.194655	0.204016	0.176115	0.115619	0.0273212	-0.0779485	
0.910925	0.910925	0.86519	0.794543	0.704835	0.600101	0.484167	0.356213	0.220597	0.0984968	0.000306171	-0.0594706	-0.0832319	-0.101346	-0.139647	-0.202677	-0.296479	-0.418024	-0.541091	-0.634897	-0.66736	-0.627067	-0.496415	-0.271504	0.0184947	0.341319	0.686393	1.02556	1.31942	1.51927	1.59873	1.55938	1.41671	1.19787	0.93937	0.667564	0.419652	0.222152	0.0918398	0.0274935	0.0163238	0.0533257	0.130767	0.225015	0.30635	0.340641	0.332253	0.281045	0.194692	0.0848422	
0.708907	0.708907	0.670928	0.606413	0.51318	0.405042	0.300764	0.196021	0.0864317	0.000306171	-0.049293	-0.0626943	-0.0462018	-0.0286319	-0.0379332	-0.0881397	-0.179845	-0.306119	-0.438336	-0.546271	-0.592349	-0.561647	-0.436636	-0.214181	0.0715935	0.3994	0.755887	1.10481	1.39997	1.60092	1.67184	1.62088	1.47026	1.2422	0.966758	0.674111	0.410506	0.204543	0.0769668	0.02477	0.0297118	0.0802074	0.177921	0.294341	0.398261	0.460165	0.466643	0.425607	0.346751	0.241718	
0.519501	0.519501	0.486869	0.419289	0.329987	0.232938	0.144586	0.0582931	-0.0123592	-0.0594706	-0.0626943	-0.0320758	0.0276491	0.0799554	0.097754	0.0596773	-0.0262522	-0.155646	-0.306835	-0.434549	-0.496673	-0.476248	-0.364719	-0.15694	0.123608	0.457012	0.821649	1.17219	1.46185	1.65206	1.7152	1.65037	1.48899	1.25183	0.961983	0.655591	0.376065	0.158845	0.0297835	-0.0135902	0.00598545	0.0824304	0.206489	0.341751	0.453093	0.532265	0.557593	0.53396	0.46798	0.37369	
0.363351	0.363351	0.325184	0.255493	0.173332	0.09132	0.0133355	-0.0464685	-0.0799809	-0.0832319	-0.0462018	0.0276491	0.112829	0.196149	0.244156	0.224651	0.138525	0.00415756	-0.162879	-0.310258	-0.394052	-0.391502	-0.292579	-0.0982938	0.176501	0.511031	0.871986	1.21811	1.50023	1.6788	1.73206	1.65614	1.474	1.21831	0.914238	0.60064	0.310287	0.0814151	-0.0522084	-0.0876597	-0.0463762	0.0590458	0.199764	0.345925	0.468121	0.553787	0.593568	0.58764	0.540195	0.459294	
0.235818	0.235818	0.191583	0.121927	0.0451361	-0.0268211	-0.0887261	-0.126848	-0.133753	-0.101346	-0.0286319	0.0799554	0.196149	0.306703	0.374553	0.364473	0.272625	0.131907	-0.0340838	-0.188116	-0.294704	-0.317227	-0.235032	-0.0550992	0.21516	0.551657	0.910161	1.24535	1.51587	1.68111	1.72286	1.63571	1.43581	1.16079	0.843227	0.517739	0.214432	-0.023141	-0.159627	-0.186504	-0.120093	0.0061496	0.151828	0.297125	0.428845	0.522289	0.572309	0.57882	0.549131	0.484607	
0.126791	0.126791	0.0833941	0.0158406	-0.0623119	-0.130584	-0.177931	-0.200958	-0.195598	-0.139647	-0.0379332	0.097754	0.244156	0.374553	0.450455	0.444054	0.355222	0.215964	0.0573504	-0.102606	-0.22403	-0.261801	-0.195704	-0.0263043	0.244673	0.582699	0.937597	1.26319	1.51674	1.66528	1.69272	1.59399	1.38415	1.0956	0.764265	0.420633	0.10467	-0.136635	-0.271458	-0.293394	-0.212044	-0.0779146	0.0708516	0.215024	0.350518	0.454718	0.514226	0.525246	0.501825	0.449993	
0.0316193	0.0316193	-0.00833652	-0.078761	-0.16114	-0.234559	-0.278862	-0.292154	-0.270178	-0.202677	-0.0881397	0.0596773	0.224651	0.364473	0.444054	0.452022	0.382837	0.24728	0.0855897	-0.0758076	-0.201483	-0.245712	-0.181781	-0.0122056	0.257052	0.590102	0.942654	1.26067	1.49925	1.6307	1.64191	1.53421	1.32311	1.02738	0.680504	0.324439	0.002889	-0.237773	-0.372006	-0.391443	-0.308949	-0.174627	-0.0238	0.125523	0.257255	0.354575	0.409382	0.421805	0.40421	0.369339	
-0.0481549	-0.0481549	-0.0911218	-0.170264	-0.257505	-0.33356	-0.38832	-0.40219	-0.37026	-0.296479	-0.179845	-0.0262522	0.138525	0.272625	0.355222	0.382837	0.337489	0.211706	0.0475204	-0.112421	-0.231145	-0.268179	-0.198135	-0.0252579	0.239156	0.564748	0.911538	1.22871	1.46548	1.58849	1.5882	1.46895	1.25004	0.951468	0.600793	0.243483	-0.0729135	-0.308453	-0.44334	-0.46998	-0.398716	-0.273739	-0.120935	0.0316337	0.15515	0.232722	0.273135	0.284675	0.275893	0.255753	
-0.122414	-0.122414	-0.167327	-0.251016	-0.343985	-0.429798	-0.49432	-0.51632	-0.486364	-0.418024	-0.306119	-0.155646	0.00415756	0.131907	0.215964	0.24728	0.211706	0.104727	-0.0431043	-0.188327	-0.289702	-0.317879	-0.244205	-0.0659529	0.20338	0.53088	0.872988	1.18496	1.42217	1.54444	1.5367	1.40932	1.18436	0.888097	0.546195	0.194539	-0.12311	-0.360828	-0.495242	-0.530182	-0.476906	-0.363059	-0.21503	-0.0679133	0.0458166	0.113798	0.143092	0.148187	0.144127	0.137707	
-0.195093	-0.195093	-0.248431	-0.331491	-0.426066	-0.522117	-0.592626	-0.62112	-0.602235	-0.541091	-0.438336	-0.306835	-0.162879	-0.0340838	0.0573504	0.0855897	0.0475204	-0.0431043	-0.168381	-0.289866	-0.368631	-0.382396	-0.302305	-0.113521	0.166208	0.496158	0.834603	1.13997	1.37198	1.48571	1.47877	1.35593	1.13611	0.844075	0.509453	0.164109	-0.153779	-0.398245	-0.537784	-0.578793	-0.541137	-0.442952	-0.304606	-0.168205	-0.0624506	0.00372099	0.0269838	0.0272023	0.0283519	0.0375221	
-0.264272	-0.264272	-0.316878	-0.40167	-0.50229	-0.597061	-0.662841	-0.694662	-0.689043	-0.634897	-0.546271	-0.434549	-0.310258	-0.188116	-0.102606	-0.0758076	-0.112421	-0.188327	-0.289866	-0.38747	-0.449155	-0.445447	-0.347489	-0.151398	0.12983	0.462544	0.802969	1.10284	1.3213	1.42657	1.41849	1.30389	1.09504	0.810116	0.476664	0.143027	-0.164338	-0.409096	-0.561218	-0.620156	-0.598059	-0.50829	-0.381667	-0.255761	-0.158463	-0.10048	-0.0743408	-0.0662127	-0.0551139	-0.0286083	
-0.30986	-0.30986	-0.352737	-0.437649	-0.538956	-0.622929	-0.683478	-0.716827	-0.714273	-0.66736	-0.592349	-0.496673	-0.394052	-0.294704	-0.22403	-0.201483	-0.231145	-0.289702	-0.368631	-0.449155	-0.494615	-0.468263	-0.351793	-0.151057	0.129126	0.45955	0.793482	1.07985	1.28578	1.39232	1.38748	1.26785	1.0609	0.786676	0.46077	0.13768	-0.156131	-0.39767	-0.562917	-0.643196	-0.631381	-0.547163	-0.428211	-0.313804	-0.223898	-0.165457	-0.128281	-0.104883	-0.0787703	-0.0371963	
-0.316963	-0.316963	-0.354688	-0.431585	-0.519929	-0.59194	-0.640866	-0.663334	-0.659574	-0.627067	-0.561647	-0.476248	-0.391502	-0.317227	-0.261801	-0.245712	-0.268179	-0.317879	-0.382396	-0.445447	-0.468263	-0.423533	-0.294898	-0.089351	0.186573	0.501295	0.808195	1.06733	1.25847	1.366	1.36347	1.24192	1.03877	0.772799	0.460763	0.148694	-0.136438	-0.375296	-0.541434	-0.624749	-0.617598	-0.5426	-0.433965	-0.325426	-0.234112	-0.166809	-0.113982	-0.0760369	-0.0379594	0.0114146	
-0.283936	-0.283936	-0.318277	-0.374805	-0.435228	-0.493072	-0.5317	-0.542477	-0.529135	-0.496415	-0.436636	-0.364719	-0.292579	-0.235032	-0.195704	-0.181781	-0.198135	-0.244205	-0.302305	-0.347489	-0.351793	-0.294898	-0.165157	0.034492	0.291056	0.571931	0.844384	1.07329	1.23733	1.321	1.31276	1.20399	1.01784	0.764452	0.463768	0.170407	-0.0958205	-0.319851	-0.475933	-0.548895	-0.544371	-0.481387	-0.381365	-0.27301	-0.177119	-0.10028	-0.0363803	0.0139742	0.0569375	0.111563	
-0.191553	-0.191553	-0.211943	-0.244295	-0.280781	-0.322306	-0.347852	-0.345827	-0.316721	-0.271504	-0.214181	-0.15694	-0.0982938	-0.0550992	-0.0263043	-0.0122056	-0.0252579	-0.0659529	-0.113521	-0.151398	-0.151057	-0.089351	0.034492	0.211278	0.429839	0.668057	0.897861	1.08876	1.2177	1.27386	1.25423	1.16015	0.993689	0.757041	0.476481	0.20842	-0.0278341	-0.218948	-0.352144	-0.417577	-0.412659	-0.355303	-0.265004	-0.158048	-0.0574707	0.0264001	0.0988909	0.15643	0.206552	0.266876	
-0.0393724	-0.0393724	-0.0565794	-0.0759218	-0.0892055	-0.105575	-0.106629	-0.0797894	-0.0317907	0.0184947	0.0715935	0.123608	0.176501	0.21516	0.244673	0.257052	0.239156	0.20338	0.166208	0.12983	0.129126	0.186573	0.291056	0.429839	0.601744	0.786057	0.954242	1.08963	1.18667	1.227	1.20393	1.11558	0.962153	0.753098	0.51381	0.27968	0.0753048	-0.077592	-0.178177	-0.230055	-0.224906	-0.169871	-0.08638	0.0133132	0.11477	0.203092	0.274092	0.33271	0.386267	0.441091	
0.138213	0.138213	0.127604	0.119718	0.127251	0.144869	0.17913	0.22942	0.286871	0.341319	0.3994	0.457012	0.511031	0.551657	0.582699	0.590102	0.564748	0.53088	0.496158	0.462544	0.45955	0.501295	0.571931	0.668057	0.786057	0.905082	1.00538	1.08535	1.14796	1.17041	1.14645	1.06551	0.930988	0.758424	0.566611	0.377317	0.210453	0.0903162	0.0220846	-0.0104615	-0.00581599	0.0468289	0.129707	0.226394	0.326436	0.411808	0.476455	0.529609	0.577066	0.619457	
0.31239	0.31239	0.323839	0.342024	0.371826	0.419414	0.481216	0.549568	0.616491	0.686393	0.755887	0.821649	0.871986	0.910161	0.937597	0.942654	0.911538	0.872988	0.834603	0.802969	0.793482	0.808195	0.844384	0.897861	0.954242	1.00538	1.05202	1.08895	1.11212	1.11133	1.08111	1.01387	0.908939	0.774714	0.620436	0.480552	0.360792	0.272229	0.226717	0.212783	0.223792	0.273019	0.351492	0.446821	0.54152	0.6194	0.681126	0.733191	0.77971	0.816002	
0.478489	0.478489	0.504337	0.549002	0.608637	0.682956	0.770043	0.858988	0.943385	1.02556	1.10481	1.17219	1.21811	1.24535	1.26319	1.26067	1.22871	1.18496	1.13997	1.10284	1.07985	1.06733	1.07329	1.08876	1.08963	1.08535	1.08895	1.08784	1.07542	1.05572	1.0198	0.959679	0.884013	0.788388	0.671181	0.571743	0.495846	0.431313	0.397986	0.400627	0.428318	0.48159	0.555892	0.643948	0.728484	0.801889	0.867341	0.922884	0.969849	0.996626	
0.602559	0.602559	0.638595	0.707284	0.797692	0.900713	1.00877	1.11881	1.22332	1.31942	1.39997	1.46185	1.50023	1.51587	1.51674	1.49925	1.46548	1.42217	1.37198	1.3213	1.28578	1.25847	1.23733	1.2177	1.18667	1.14796	1.11212	1.07542	1.03677	0.999767	0.959436	0.906062	0.854081	0.788875	0.703447	0.630175	0.574727	0.526562	0.506887	0.524127	0.5692	0.638502	0.717408	0.792796	0.868811	0.943509	1.01738	1.07659	1.11782	1.13782	
0.655725	0.655725	0.707728	0.800971	0.920997	1.04592	1.17126	1.29391	1.41549	1.51927	1.60092	1.65206	1.6788	1.68111	1.66528	1.6307	1.58849	1.54444	1.48571	1.42657	1.39232	1.366	1.321	1.27386	1.227	1.17041	1.11133	1.05572	0.999767	0.947929	0.89936	0.856197	0.818755	0.766451	0.693194	0.633699	0.583791	0.549446	0.549014	0.574782	0.623855	0.707304	0.793704	0.867643	0.943159	1.02845	1.11014	1.1753	1.21713	1.23795	
0.65	0.65	0.704133	0.811746	0.954367	1.10083	1.24159	1.37781	1.50087	1.59873	1.67184	1.7152	1.73206	1.72286	1.69272	1.64191	1.5882	1.5367	1.47877	1.41849	1.38748	1.36347	1.31276	1.25423	1.20393	1.14645	1.08111	1.0198	0.959436	0.89936	0.845895	0.807625	0.773342	0.718852	0.649612	0.58746	0.538129	0.513943	0.522724	0.551963	0.60449	0.688626	0.781957	0.865712	0.951177	1.04511	1.13447	1.20331	1.24844	1.2687	
0.588397	0.588397	0.645309	0.755653	0.903902	1.06172	1.21998	1.36138	1.47591	1.55938	1.62088	1.65037	1.65614	1.63571	1.59399	1.53421	1.46895	1.40932	1.35593	1.30389	1.26785	1.24192	1.20399	1.16015	1.11558	1.06551	1.01387	0.959679	0.906062	0.856197	0.807625	0.761808	0.719006	0.658655	0.579	0.505559	0.453563	0.426216	0.429441	0.461671	0.516331	0.5973	0.692123	0.790889	0.892452	0.991127	1.08141	1.15691	1.20605	1.23372	
0.468787	0.468787	0.534571	0.651054	0.797018	0.954553	1.10898	1.2414	1.34049	1.41671	1.47026	1.48899	1.474	1.43581	1.38415	1.32311	1.25004	1.18436	1.13611	1.09504	1.0609	1.03877	1.01784	0.993689	0.962153	0.930988	0.908939	0.884013	0.854081	0.818755	0.773342	0.719006	0.65808	0.579286	0.482061	0.393682	0.333041	0.299011	0.293153	0.318414	0.368172	0.438161	0.536388	0.656998	0.77548	0.874873	0.964733	1.0508	1.11839	1.16399	
0.307013	0.307013	0.379475	0.504343	0.651106	0.796025	0.931142	1.0471	1.13313	1.19787	1.2422	1.25183	1.21831	1.16079	1.0956	1.02738	0.951468	0.888097	0.844075	0.810116	0.786676	0.772799	0.764452	0.757041	0.753098	0.758424	0.774714	0.788388	0.788875	0.766451	0.718852	0.658655	0.579286	0.479421	0.367419	0.261078	0.178901	0.130965	0.118521	0.131024	0.1632	0.226668	0.331695	0.46855	0.598647	0.703343	0.797557	0.896208	0.988472	1.05243	
0.123	0.123	0.190727	0.31402	0.460725	0.602087	0.719472	0.816624	0.8871	0.93937	0.966758	0.961983	0.914238	0.843227	0.764265	0.680504	0.600793	0.546195	0.509453	0.476664	0.46077	0.460763	0.463768	0.476481	0.51381	0.566611	0.620436	0.671181	0.703447	0.693194	0.649612	0.579	0.482061	0.367419	0.245431	0.11634	0.00697789	-0.0611889	-0.0867357	-0.0925816	-0.0765417	-0.0187055	0.0882277	0.22166	0.360463	0.481156	0.589663	0.700889	0.811559	0.892955	
-0.0810658	-0.0810658	-0.0143208	0.106991	0.250029	0.383723	0.492272	0.576795	0.634475	0.667564	0.674111	0.655591	0.60064	0.517739	0.420633	0.324439	0.243483	0.194539	0.164109	0.143027	0.13768	0.148694	0.170407	0.20842	0.27968	0.377317	0.480552	0.571743	0.630175	0.633699	0.58746	0.505559	0.393682	0.261078	0.11634	-0.0280823	-0.154677	-0.241622	-0.291107	-0.323283	-0.323816	-0.274466	-0.177562	-0.0461405	0.101635	0.240826	0.368636	0.495721	0.61883	0.715923	
-0.269186	-0.269186	-0.209618	-0.091447	0.0515182	0.178922	0.276042	0.348925	0.398279	0.419652	0.410506	0.376065	0.310287	0.214432	0.10467	0.002889	-0.0729135	-0.12311	-0.153779	-0.164338	-0.156131	-0.136438	-0.0958205	-0.0278341	0.0753048	0.210453	0.360792	0.495846	0.574727	0.583791	0.538129	0.453563	0.333041	0.178901	0.00697789	-0.154677	-0.290045	-0.398533	-0.480335	-0.535551	-0.552064	-0.518515	-0.426735	-0.291299	-0.139384	0.0112555	0.155176	0.293485	0.42698	0.533412	
-0.407502	-0.407502	-0.345921	-0.238629	-0.112986	0.00661956	0.10299	0.171011	0.211086	0.222152	0.204543	0.158845	0.0814151	-0.023141	-0.136635	-0.237773	-0.308453	-0.360828	-0.398245	-0.409096	-0.39767	-0.375296	-0.319851	-0.218948	-0.077592	0.0903162	0.272229	0.431313	0.526562	0.549446	0.513943	0.426216	0.299011	0.130965	-0.0611889	-0.241622	-0.398533	-0.534048	-0.638022	-0.70511	-0.731391	-0.706459	-0.615906	-0.483448	-0.33057	-0.173509	-0.0201746	0.124191	0.255686	0.357452	
-0.467893	-0.467893	-0.406113	-0.311898	-0.202708	-0.0954845	-0.0085717	0.0487205	0.0837403	0.0918398	0.0769668	0.0297835	-0.0522084	-0.159627	-0.271458	-0.372006	-0.44334	-0.495242	-0.537784	-0.561218	-0.562917	-0.541434	-0.475933	-0.352144	-0.178177	0.0220846	0.226717	0.397986	0.506887	0.549014	0.522724	0.429441	0.293153	0.118521	-0.0867357	-0.291107	-0.480335	-0.638022	-0.754339	-0.828261	-0.851737	-0.818968	-0.728859	-0.601346	-0.450794	-0.291374	-0.135246	0.0096716	0.128432	0.211395	
-0.461927	-0.461927	-0.403812	-0.317073	-0.219305	-0.128349	-0.0599585	-0.0184386	0.0107287	0.0274935	0.02477	-0.0135902	-0.0876597	-0.186504	-0.293394	-0.391443	-0.46998	-0.530182	-0.578793	-0.620156	-0.643196	-0.624749	-0.548895	-0.417577	-0.230055	-0.0104615	0.212783	0.400627	0.524127	0.574782	0.551963	0.461671	0.318414	0.131024	-0.0925816	-0.323283	-0.535551	-0.70511	-0.828261	-0.902666	-0.915794	-0.870905	-0.775945	-0.647511	-0.500544	-0.346867	-0.200396	-0.0689622	0.0297298	0.0859728	
-0.424556	-0.424556	-0.374942	-0.295436	-0.209497	-0.131529	-0.0709088	-0.0346332	-0.0112392	0.0163238	0.0297118	0.00598545	-0.0463762	-0.120093	-0.212044	-0.308949	-0.398716	-0.476906	-0.541137	-0.598059	-0.631381	-0.617598	-0.544371	-0.412659	-0.224906	-0.00581599	0.223792	0.428318	0.5692	0.623855	0.60449	0.516331	0.368172	0.1632	-0.0765417	-0.323816	-0.552064	-0.731391	-0.851737	-0.915794	-0.919511	-0.869127	-0.768537	-0.638619	-0.495686	-0.36136	-0.237901	-0.136719	-0.0691414	-0.0395585	
-0.374218	-0.374218	-0.339101	-0.269112	-0.185606	-0.115391	-0.0569236	-0.0125842	0.0205103	0.0533257	0.0802074	0.0824304	0.0590458	0.0061496	-0.0779146	-0.174627	-0.273739	-0.363059	-0.442952	-0.50829	-0.547163	-0.5426	-0.481387	-0.355303	-0.169871	0.0468289	0.273019	0.48159	0.638502	0.707304	0.688626	0.5973	0.438161	0.226668	-0.0187055	-0.274466	-0.518515	-0.706459	-0.818968	-0.870905	-0.869127	-0.817496	-0.718977	-0.592112	-0.465146	-0.352069	-0.257792	-0.187799	-0.150282	-0.148664	
-0.358734	-0.358734	-0.323384	-0.257415	-0.176031	-0.102871	-0.041735	0.0195102	0.0770058	0.130767	0.177921	0.206489	0.199764	0.151828	0.0708516	-0.0238	-0.120935	-0.21503	-0.304606	-0.381667	-0.428211	-0.433965	-0.381365	-0.265004	-0.08638	0.129707	0.351492	0.555892	0.717408	0.793704	0.781957	0.692123	0.536388	0.331695	0.0882277	-0.177562	-0.426735	-0.615906	-0.728859	-0.775945	-0.768537	-0.718977	-0.631586	-0.524142	-0.424733	-0.343959	-0.275584	-0.22933	-0.208283	-0.227603	
-0.386129	-0.386129	-0.344753	-0.2797	-0.198021	-0.11289	-0.0314818	0.0556034	0.144323	0.225015	0.294341	0.341751	0.345925	0.297125	0.215024	0.125523	0.0316337	-0.0679133	-0.168205	-0.255761	-0.313804	-0.325426	-0.27301	-0.158048	0.0133132	0.226394	0.446821	0.643948	0.792796	0.867643	0.865712	0.790889	0.656998	0.46855	0.22166	-0.0461405	-0.291299	-0.483448	-0.601346	-0.647511	-0.638619	-0.592112	-0.524142	-0.44476	-0.374818	-0.324715	-0.279623	-0.247234	-0.242271	-0.277116	
-0.460301	-0.460301	-0.418767	-0.347825	-0.255777	-0.151479	-0.0379677	0.0777699	0.194655	0.30635	0.398261	0.453093	0.468121	0.428845	0.350518	0.257255	0.15515	0.0458166	-0.0624506	-0.158463	-0.223898	-0.234112	-0.177119	-0.0574707	0.11477	0.326436	0.54152	0.728484	0.868811	0.943159	0.951177	0.892452	0.77548	0.598647	0.360463	0.101635	-0.139384	-0.33057	-0.450794	-0.500544	-0.495686	-0.465146	-0.424733	-0.374818	-0.32934	-0.29121	-0.255242	-0.237949	-0.249699	-0.294775	
-0.581809	-0.581809	-0.542577	-0.460338	-0.348631	-0.223035	-0.0790368	0.0644527	0.204016	0.340641	0.460165	0.532265	0.553787	0.522289	0.454718	0.354575	0.232722	0.113798	0.00372099	-0.10048	-0.165457	-0.166809	-0.10028	0.0264001	0.203092	0.411808	0.6194	0.801889	0.943509	1.02845	1.04511	0.991127	0.874873	0.703343	0.481156	0.240826	0.0112555	-0.173509	-0.291374	-0.346867	-0.36136	-0.352069	-0.343959	-0.324715	-0.29121	-0.252139	-0.222029	-0.218556	-0.242591	-0.300968	
-0.72625	-0.72625	-0.684264	-0.595668	-0.469265	-0.32282	-0.160984	0.00712984	0.176115	0.332253	0.466643	0.557593	0.593568	0.572309	0.514226	0.409382	0.273135	0.143092	0.0269838	-0.0743408	-0.128281	-0.113982	-0.0363803	0.0988909	0.274092	0.476455	0.681126	0.867341	1.01738	1.11014	1.13447	1.08141	0.964733	0.797557	0.589663	0.368636	0.155176	-0.0201746	-0.135246	-0.200396	-0.237901	-0.257792	-0.275584	-0.279623	-0.255242	-0.222029	-0.20348	-0.21002	-0.245059	-0.316965	
-0.848226	-0.848226	-0.804008	-0.719128	-0.587918	-0.4287	-0.255158	-0.0727149	0.115619	0.281045	0.425607	0.53396	0.58764	0.57882	0.525246	0.421805	0.284675	0.148187	0.0272023	-0.0662127	-0.104883	-0.0760369	0.0139742	0.15643	0.33271	0.529609	0.733191	0.922884	1.07659	1.1753	1.20331	1.15691	1.0508	0.896208	0.700889	0.495721	0.293485	0.124191	0.0096716	-0.0689622	-0.136719	-0.187799	-0.22933	-0.247234	-0.237949	-0.218556	-0.21002	-0.224671	-0.268619	-0.341922	
-0.925617	-0.925617	-0.879758	-0.79595	-0.671512	-0.517936	-0.344724	-0.159129	0.0273212	0.194692	0.346751	0.46798	0.540195	0.549131	0.501825	0.40421	0.275893	0.144127	0.0283519	-0.0551139	-0.0787703	-0.0379594	0.0569375	0.206552	0.386267	0.577066	0.77971	0.969849	1.11782	1.21713	1.24844	1.20605	1.11839	0.988472	0.811559	0.61883	0.42698	0.255686	0.128432	0.0297298	-0.0691414	-0.150282	-0.208283	-0.242271	-0.249699	-0.242591	-0.245059	-0.268619	-0.3126	-0.378767	
-0.942527	-0.942527	-0.901245	-0.821329	-0.713107	-0.581005	-0.421436	-0.246271	-0.0779485	0.0848422	0.241718	0.37369	0.459294	0.484607	0.449993	0.369339	0.255753	0.137707	0.0375221	-0.0286083	-0.0371963	0.0114146	0.111563	0.266876	0.441091	0.619457	0.816002	0.996626	1.13782	1.23795	1.2687	1.23372	1.16399	1.05243	0.892955	0.715923	0.533412	0.357452	0.211395	0.0859728	-0.0395585	-0.148664	-0.227603	-0.277116	-0.294775	-0.300968	-0.316965	-0.341922	-0.378767	-0.43105	
