2.27338	2.27338	2.23218	2.13053	1.97763	1.79378	1.56458	1.29368	1.02242	0.793342	0.610662	0.492506	0.456067	0.490618	0.572754	0.692298	0.826402	0.943053	1.01807	1.0297	0.988321	0.932698	0.887411	0.845678	0.812085	0.796902	0.799844	0.816452	0.835326	0.855157	0.870715	0.866494	0.853951	0.85127	0.871379	0.93204	1.04221	1.17425	1.3013	1.37865	1.39405	1.34947	1.24718	1.09894	0.905316	0.672531	0.4174	0.152277	-0.0933077	-0.275928	
2.27338	2.27338	2.23218	2.13053	1.97763	1.79378	1.56458	1.29368	1.02242	0.793342	0.610662	0.492506	0.456067	0.490618	0.572754	0.692298	0.826402	0.943053	1.01807	1.0297	0.988321	0.932698	0.887411	0.845678	0.812085	0.796902	0.799844	0.816452	0.835326	0.855157	0.870715	0.866494	0.853951	0.85127	0.871379	0.93204	1.04221	1.17425	1.3013	1.37865	1.39405	1.34947	1.24718	1.09894	0.905316	0.672531	0.4174	0.152277	-0.0933077	-0.275928	
2.23218	2.23218	2.18949	2.08919	1.93773	1.74654	1.51227	1.25526	0.996903	0.757216	0.563039	0.443736	0.402324	0.438749	0.538929	0.665773	0.7919	0.897075	0.957101	0.966302	0.942448	0.897907	0.851817	0.811743	0.776176	0.756541	0.758145	0.772215	0.7924	0.816098	0.835593	0.839954	0.835407	0.834726	0.859739	0.921848	1.02285	1.14175	1.2562	1.32473	1.33358	1.28817	1.19933	1.06552	0.878368	0.647013	0.390776	0.132541	-0.0925097	-0.256189	
2.13053	2.13053	2.08919	1.99251	1.84385	1.6497	1.41114	1.15935	0.909312	0.670788	0.472132	0.349499	0.305455	0.349397	0.462548	0.596419	0.718782	0.813008	0.860174	0.873964	0.871218	0.839782	0.795394	0.755056	0.716306	0.68911	0.684538	0.698351	0.723872	0.755253	0.780748	0.791911	0.789348	0.791652	0.824109	0.890541	0.982457	1.08198	1.17737	1.2341	1.2341	1.19026	1.11603	0.998232	0.821988	0.601427	0.3573	0.121073	-0.0736891	-0.21126	
1.97763	1.97763	1.93773	1.84385	1.69773	1.50728	1.27303	1.01626	0.76076	0.52684	0.335837	0.214634	0.178426	0.226069	0.33425	0.466224	0.592154	0.68298	0.731897	0.755322	0.760336	0.73727	0.69712	0.654077	0.615097	0.588731	0.579513	0.59076	0.620714	0.65988	0.697721	0.715965	0.719819	0.730522	0.768066	0.832554	0.912148	0.987744	1.06144	1.10374	1.09806	1.05624	0.989849	0.882835	0.72303	0.522868	0.313741	0.120019	-0.0387693	-0.151039	
1.79378	1.79378	1.74654	1.6497	1.50728	1.32437	1.09787	0.841216	0.576234	0.337097	0.149234	0.0404549	0.0152877	0.0611077	0.156399	0.2863	0.414008	0.506056	0.563948	0.596565	0.60192	0.580443	0.545804	0.505594	0.472829	0.451196	0.440152	0.448751	0.4771	0.525254	0.577772	0.611263	0.629077	0.653729	0.69322	0.747105	0.807606	0.860687	0.910205	0.933242	0.921562	0.884509	0.821884	0.730109	0.593712	0.424635	0.258272	0.115614	-0.00185414	-0.0904056	
1.56458	1.56458	1.51227	1.41114	1.27303	1.09787	0.875349	0.617948	0.354949	0.115718	-0.0683886	-0.172291	-0.193682	-0.149661	-0.0514566	0.0767281	0.201995	0.30172	0.372834	0.407597	0.410479	0.395053	0.36734	0.331293	0.301635	0.28598	0.278599	0.282475	0.311228	0.368149	0.436082	0.485988	0.522424	0.554896	0.590718	0.629278	0.673278	0.71444	0.745265	0.747586	0.726646	0.685402	0.626513	0.551476	0.448506	0.323671	0.207126	0.111858	0.0377251	-0.0211331	
1.29368	1.29368	1.25526	1.15935	1.01626	0.841216	0.617948	0.359432	0.102138	-0.122059	-0.299656	-0.405118	-0.435476	-0.392125	-0.292042	-0.163153	-0.0348788	0.0811648	0.163683	0.198396	0.199647	0.183738	0.161121	0.135479	0.111506	0.0958359	0.0920844	0.103927	0.141193	0.209403	0.286713	0.348391	0.389765	0.422727	0.453501	0.483121	0.517276	0.550354	0.565319	0.551545	0.516426	0.470447	0.417349	0.358965	0.29105	0.220669	0.157659	0.11266	0.0847591	0.0611647	
1.02242	1.02242	0.996903	0.909312	0.76076	0.576234	0.354949	0.102138	-0.146405	-0.361098	-0.531198	-0.644377	-0.682218	-0.640801	-0.54048	-0.414042	-0.276301	-0.1448	-0.0549184	-0.0193014	-0.020186	-0.0383197	-0.0597669	-0.0789277	-0.0988693	-0.11026	-0.103357	-0.0776459	-0.0253884	0.0496616	0.131225	0.197489	0.242461	0.270992	0.295053	0.322694	0.353465	0.375829	0.380228	0.354416	0.304471	0.249072	0.203478	0.162909	0.133829	0.118699	0.11696	0.123853	0.135498	0.143824	
0.793342	0.793342	0.757216	0.670788	0.52684	0.337097	0.115718	-0.122059	-0.361098	-0.575974	-0.752155	-0.871482	-0.91367	-0.870128	-0.770067	-0.63839	-0.491236	-0.360104	-0.275022	-0.235017	-0.230019	-0.250099	-0.26918	-0.284279	-0.303574	-0.313083	-0.294335	-0.246229	-0.179973	-0.102015	-0.0234053	0.0458358	0.0895173	0.112918	0.131196	0.157634	0.186007	0.201095	0.197827	0.163308	0.102313	0.0417499	0.00286061	-0.0108181	-0.00211387	0.0338237	0.0874036	0.141102	0.185602	0.216957	
0.610662	0.610662	0.563039	0.472132	0.335837	0.149234	-0.0683886	-0.299656	-0.531198	-0.752155	-0.933851	-1.05733	-1.09775	-1.05645	-0.952841	-0.81422	-0.664406	-0.542623	-0.462862	-0.419317	-0.409528	-0.423911	-0.44313	-0.464578	-0.483645	-0.481495	-0.447263	-0.385361	-0.311042	-0.237118	-0.161747	-0.0934128	-0.0478881	-0.029556	-0.0199934	-0.00450564	0.0187807	0.0328655	0.0282737	-0.00684619	-0.0713264	-0.136898	-0.169743	-0.159294	-0.114703	-0.0335879	0.0713915	0.170259	0.24695	0.295741	
0.492506	0.492506	0.443736	0.349499	0.214634	0.0404549	-0.172291	-0.405118	-0.644377	-0.871482	-1.05733	-1.16956	-1.20548	-1.17253	-1.07773	-0.937316	-0.791528	-0.674217	-0.591581	-0.545385	-0.535541	-0.550338	-0.575969	-0.601258	-0.611888	-0.596843	-0.550719	-0.479194	-0.404037	-0.334163	-0.266476	-0.212709	-0.177473	-0.157962	-0.149972	-0.14395	-0.130762	-0.11978	-0.127291	-0.158535	-0.215962	-0.273305	-0.297326	-0.268838	-0.191733	-0.0737738	0.0703034	0.212577	0.320611	0.379789	
0.456067	0.456067	0.402324	0.305455	0.178426	0.0152877	-0.193682	-0.435476	-0.682218	-0.91367	-1.09775	-1.20548	-1.23916	-1.21098	-1.12177	-0.990074	-0.857455	-0.741102	-0.654795	-0.610201	-0.605683	-0.622114	-0.654629	-0.680467	-0.680684	-0.654655	-0.605874	-0.541058	-0.467533	-0.395203	-0.33724	-0.303493	-0.281272	-0.264715	-0.256761	-0.251059	-0.248323	-0.244059	-0.251906	-0.280884	-0.327635	-0.369283	-0.382448	-0.343001	-0.236322	-0.0878543	0.082188	0.250868	0.37815	0.453187	
0.490618	0.490618	0.438749	0.349397	0.226069	0.0611077	-0.149661	-0.392125	-0.640801	-0.870128	-1.05645	-1.17253	-1.21098	-1.1786	-1.09031	-0.970754	-0.850236	-0.741518	-0.664124	-0.628148	-0.624409	-0.638241	-0.665003	-0.684033	-0.68168	-0.659524	-0.62137	-0.567298	-0.496273	-0.421818	-0.37258	-0.349584	-0.343646	-0.339698	-0.334476	-0.330412	-0.334969	-0.334856	-0.344746	-0.376551	-0.41016	-0.432041	-0.425977	-0.367893	-0.246625	-0.0818254	0.0985077	0.270015	0.408052	0.506313	
0.572754	0.572754	0.538929	0.462548	0.33425	0.156399	-0.0514566	-0.292042	-0.54048	-0.770067	-0.952841	-1.07773	-1.12177	-1.09031	-1.00362	-0.894345	-0.783005	-0.68821	-0.623581	-0.590897	-0.580553	-0.588283	-0.607471	-0.62311	-0.62323	-0.608183	-0.583431	-0.54176	-0.481019	-0.417247	-0.374947	-0.35317	-0.356932	-0.372241	-0.379934	-0.383876	-0.387754	-0.388248	-0.402021	-0.431376	-0.460015	-0.465535	-0.430342	-0.345796	-0.21973	-0.0557728	0.119261	0.284622	0.428004	0.541106	
0.692298	0.692298	0.665773	0.596419	0.466224	0.2863	0.0767281	-0.163153	-0.414042	-0.63839	-0.81422	-0.937316	-0.990074	-0.970754	-0.894345	-0.791463	-0.683977	-0.599246	-0.541808	-0.507291	-0.493219	-0.499509	-0.513118	-0.52282	-0.527194	-0.524065	-0.509665	-0.480136	-0.437013	-0.391027	-0.35125	-0.334561	-0.342987	-0.367358	-0.387765	-0.401264	-0.403981	-0.409473	-0.429121	-0.44975	-0.467959	-0.461096	-0.403742	-0.301521	-0.173928	-0.0262145	0.132622	0.291309	0.438224	0.551357	
0.826402	0.826402	0.7919	0.718782	0.592154	0.414008	0.201995	-0.0348788	-0.276301	-0.491236	-0.664406	-0.791528	-0.857455	-0.850236	-0.783005	-0.683977	-0.583467	-0.499244	-0.438061	-0.399168	-0.392551	-0.401779	-0.410749	-0.412468	-0.416681	-0.419956	-0.419279	-0.410487	-0.387801	-0.351433	-0.314142	-0.298632	-0.303622	-0.327188	-0.35744	-0.377597	-0.392512	-0.407474	-0.426869	-0.433837	-0.434082	-0.410458	-0.350711	-0.255495	-0.131162	0.00150805	0.13993	0.287698	0.425878	0.534514	
0.943053	0.943053	0.897075	0.813008	0.68298	0.506056	0.30172	0.0811648	-0.1448	-0.360104	-0.542623	-0.674217	-0.741102	-0.741518	-0.68821	-0.599246	-0.499244	-0.401522	-0.330468	-0.293242	-0.290978	-0.293179	-0.299043	-0.303374	-0.308383	-0.3155	-0.324653	-0.329294	-0.320091	-0.294535	-0.263475	-0.244606	-0.24382	-0.259861	-0.290432	-0.318988	-0.350458	-0.373153	-0.388459	-0.387721	-0.365906	-0.324866	-0.265746	-0.185294	-0.0805634	0.0384541	0.160746	0.284837	0.400517	0.499038	
1.01807	1.01807	0.957101	0.860174	0.731897	0.563948	0.372834	0.163683	-0.0549184	-0.275022	-0.462862	-0.591581	-0.654795	-0.664124	-0.623581	-0.541808	-0.438061	-0.330468	-0.25044	-0.210766	-0.194722	-0.184883	-0.193739	-0.210759	-0.224217	-0.238506	-0.250674	-0.248391	-0.242463	-0.226205	-0.203106	-0.176862	-0.168507	-0.182215	-0.21071	-0.239562	-0.27371	-0.294548	-0.304807	-0.301236	-0.277784	-0.228015	-0.166899	-0.0963872	-0.0135988	0.0870829	0.190625	0.290811	0.379546	0.456868	
1.0297	1.0297	0.966302	0.873964	0.755322	0.596565	0.407597	0.198396	-0.0193014	-0.235017	-0.419317	-0.545385	-0.610201	-0.628148	-0.590897	-0.507291	-0.399168	-0.293242	-0.210766	-0.160748	-0.123821	-0.102812	-0.113374	-0.142528	-0.173327	-0.20069	-0.206673	-0.189904	-0.173076	-0.15837	-0.135947	-0.106317	-0.0877863	-0.100435	-0.123489	-0.143715	-0.165484	-0.180295	-0.188586	-0.186652	-0.167206	-0.125684	-0.070113	-0.00635786	0.065994	0.145444	0.226289	0.303376	0.369651	0.423127	
0.988321	0.988321	0.942448	0.871218	0.760336	0.60192	0.410479	0.199647	-0.020186	-0.230019	-0.409528	-0.535541	-0.605683	-0.624409	-0.580553	-0.493219	-0.392551	-0.290978	-0.194722	-0.123821	-0.0823316	-0.0658843	-0.0784147	-0.108944	-0.147735	-0.174813	-0.176359	-0.152278	-0.121447	-0.0954465	-0.0691145	-0.0370844	-0.00992118	-0.0120336	-0.0217532	-0.0311101	-0.0445927	-0.0545938	-0.0648573	-0.0642354	-0.0431688	-0.0118211	0.0258934	0.078243	0.149151	0.215867	0.272716	0.326208	0.368793	0.398982	
0.932698	0.932698	0.897907	0.839782	0.73727	0.580443	0.395053	0.183738	-0.0383197	-0.250099	-0.423911	-0.550338	-0.622114	-0.638241	-0.588283	-0.499509	-0.401779	-0.293179	-0.184883	-0.102812	-0.0658843	-0.0581905	-0.0787466	-0.109701	-0.138968	-0.153553	-0.151039	-0.125928	-0.0829163	-0.0405872	-0.00381004	0.0299424	0.0620718	0.0819212	0.0903982	0.0878312	0.0784742	0.0716273	0.0603395	0.0613905	0.080383	0.100483	0.120047	0.159839	0.220693	0.281467	0.319365	0.349278	0.368884	0.378512	
0.887411	0.887411	0.851817	0.795394	0.69712	0.545804	0.36734	0.161121	-0.0597669	-0.26918	-0.44313	-0.575969	-0.654629	-0.665003	-0.607471	-0.513118	-0.410749	-0.299043	-0.193739	-0.113374	-0.0784147	-0.0787466	-0.105122	-0.130388	-0.145308	-0.148479	-0.140753	-0.108252	-0.054689	0.00669485	0.058922	0.100156	0.139124	0.174597	0.193708	0.197743	0.18991	0.180639	0.168484	0.167106	0.170468	0.180444	0.192752	0.224986	0.27214	0.317783	0.339981	0.350766	0.356255	0.350959	
0.845678	0.845678	0.811743	0.755056	0.654077	0.505594	0.331293	0.135479	-0.0789277	-0.284279	-0.464578	-0.601258	-0.680467	-0.684033	-0.62311	-0.52282	-0.412468	-0.303374	-0.210759	-0.142528	-0.108944	-0.109701	-0.130388	-0.146564	-0.149383	-0.145596	-0.130034	-0.0872888	-0.0238343	0.0490948	0.117919	0.177301	0.229069	0.265853	0.283943	0.293113	0.282821	0.264384	0.245218	0.232598	0.220601	0.223178	0.237945	0.265652	0.300267	0.323179	0.326666	0.31998	0.313922	0.305206	
0.812085	0.812085	0.776176	0.716306	0.615097	0.472829	0.301635	0.111506	-0.0988693	-0.303574	-0.483645	-0.611888	-0.680684	-0.68168	-0.62323	-0.527194	-0.416681	-0.308383	-0.224217	-0.173327	-0.147735	-0.138968	-0.145308	-0.149383	-0.144591	-0.134112	-0.109237	-0.0541054	0.0176695	0.0995239	0.183801	0.25937	0.319119	0.34955	0.359771	0.363073	0.348492	0.317735	0.285975	0.254412	0.232838	0.228778	0.243248	0.263112	0.28411	0.290467	0.280986	0.260017	0.2454	0.234482	
0.796902	0.796902	0.756541	0.68911	0.588731	0.451196	0.28598	0.0958359	-0.11026	-0.313083	-0.481495	-0.596843	-0.654655	-0.659524	-0.608183	-0.524065	-0.419956	-0.3155	-0.238506	-0.20069	-0.174813	-0.153553	-0.148479	-0.145596	-0.134112	-0.113307	-0.0726383	-0.00418454	0.0776799	0.170504	0.265655	0.34392	0.39974	0.419593	0.417662	0.406321	0.378033	0.335684	0.290852	0.243536	0.211309	0.199501	0.202325	0.209342	0.214964	0.211272	0.191698	0.171837	0.157946	0.146416	
0.799844	0.799844	0.758145	0.684538	0.579513	0.440152	0.278599	0.0920844	-0.103357	-0.294335	-0.447263	-0.550719	-0.605874	-0.62137	-0.583431	-0.509665	-0.419279	-0.324653	-0.250674	-0.206673	-0.176359	-0.151039	-0.140753	-0.130034	-0.109237	-0.0726383	-0.0130777	0.0678699	0.160878	0.262962	0.359211	0.432155	0.475956	0.479015	0.458215	0.423459	0.369174	0.305337	0.24788	0.199796	0.164231	0.14268	0.125641	0.11716	0.108582	0.0936379	0.067335	0.0550368	0.0561502	0.0496832	
0.816452	0.816452	0.772215	0.698351	0.59076	0.448751	0.282475	0.103927	-0.0776459	-0.246229	-0.385361	-0.479194	-0.541058	-0.567298	-0.54176	-0.480136	-0.410487	-0.329294	-0.248391	-0.189904	-0.152278	-0.125928	-0.108252	-0.0872888	-0.0541054	-0.00418454	0.0678699	0.161651	0.264869	0.364577	0.452416	0.515794	0.537563	0.515043	0.470374	0.410237	0.3247	0.235292	0.162286	0.116785	0.0889519	0.0613904	0.0284234	0.00747138	-0.00632536	-0.0296815	-0.0605469	-0.0673338	-0.0593494	-0.0605036	
0.835326	0.835326	0.7924	0.723872	0.620714	0.4771	0.311228	0.141193	-0.0253884	-0.179973	-0.311042	-0.404037	-0.467533	-0.496273	-0.481019	-0.437013	-0.387801	-0.320091	-0.242463	-0.173076	-0.121447	-0.0829163	-0.054689	-0.0238343	0.0176695	0.0776799	0.160878	0.264869	0.368561	0.457312	0.525995	0.566799	0.562747	0.515848	0.444575	0.356675	0.248907	0.134057	0.043325	-0.00573718	-0.0299405	-0.0523175	-0.0835338	-0.109218	-0.127525	-0.151654	-0.176874	-0.182776	-0.175568	-0.17453	
0.855157	0.855157	0.816098	0.755253	0.65988	0.525254	0.368149	0.209403	0.0496616	-0.102015	-0.237118	-0.334163	-0.395203	-0.421818	-0.417247	-0.391027	-0.351433	-0.294535	-0.226205	-0.15837	-0.0954465	-0.0405872	0.00669485	0.0490948	0.0995239	0.170504	0.262962	0.364577	0.457312	0.524991	0.567018	0.574555	0.541936	0.471198	0.373698	0.258794	0.132537	0.00667085	-0.0934603	-0.151556	-0.173244	-0.182779	-0.200165	-0.224216	-0.247738	-0.272579	-0.28506	-0.282654	-0.274881	-0.268393	
0.870715	0.870715	0.835593	0.780748	0.697721	0.577772	0.436082	0.286713	0.131225	-0.0234053	-0.161747	-0.266476	-0.33724	-0.37258	-0.374947	-0.35125	-0.314142	-0.263475	-0.203106	-0.135947	-0.0691145	-0.00381004	0.058922	0.117919	0.183801	0.265655	0.359211	0.452416	0.525995	0.567018	0.572376	0.541751	0.474931	0.376633	0.2524	0.120299	-0.0151044	-0.144226	-0.243332	-0.297246	-0.315435	-0.313586	-0.31627	-0.332708	-0.353117	-0.372364	-0.377393	-0.366294	-0.348603	-0.326124	
0.866494	0.866494	0.839954	0.791911	0.715965	0.611263	0.485988	0.348391	0.197489	0.0458358	-0.0934128	-0.212709	-0.303493	-0.349584	-0.35317	-0.334561	-0.298632	-0.244606	-0.176862	-0.106317	-0.0370844	0.0299424	0.100156	0.177301	0.25937	0.34392	0.432155	0.515794	0.566799	0.574555	0.541751	0.471166	0.367444	0.23916	0.0959358	-0.0437677	-0.179714	-0.305339	-0.392774	-0.432454	-0.435684	-0.427439	-0.420583	-0.421192	-0.427464	-0.439372	-0.443842	-0.428322	-0.393986	-0.347632	
0.853951	0.853951	0.835407	0.789348	0.719819	0.629077	0.522424	0.389765	0.242461	0.0895173	-0.0478881	-0.177473	-0.281272	-0.343646	-0.356932	-0.342987	-0.303622	-0.24382	-0.168507	-0.0877863	-0.00992118	0.0620718	0.139124	0.229069	0.319119	0.39974	0.475956	0.537563	0.562747	0.541936	0.474931	0.367444	0.232576	0.0766549	-0.0810583	-0.220364	-0.345546	-0.450523	-0.512879	-0.531426	-0.523949	-0.507087	-0.488074	-0.471588	-0.463561	-0.465672	-0.469569	-0.447229	-0.396266	-0.331754	
0.85127	0.85127	0.834726	0.791652	0.730522	0.653729	0.554896	0.422727	0.270992	0.112918	-0.029556	-0.157962	-0.264715	-0.339698	-0.372241	-0.367358	-0.327188	-0.259861	-0.182215	-0.100435	-0.0120336	0.0819212	0.174597	0.265853	0.34955	0.419593	0.479015	0.515043	0.515848	0.471198	0.376633	0.23916	0.0766549	-0.0945158	-0.252947	-0.381023	-0.478527	-0.541864	-0.574911	-0.58174	-0.571805	-0.548118	-0.51418	-0.481474	-0.462883	-0.452397	-0.444283	-0.412368	-0.355824	-0.290164	
0.871379	0.871379	0.859739	0.824109	0.768066	0.69322	0.590718	0.453501	0.295053	0.131196	-0.0199934	-0.149972	-0.256761	-0.334476	-0.379934	-0.387765	-0.35744	-0.290432	-0.21071	-0.123489	-0.0217532	0.0903982	0.193708	0.283943	0.359771	0.417662	0.458215	0.470374	0.444575	0.373698	0.2524	0.0959358	-0.0810583	-0.252947	-0.395794	-0.493901	-0.552943	-0.575797	-0.58212	-0.578436	-0.566769	-0.534786	-0.487881	-0.444258	-0.415378	-0.394212	-0.373997	-0.336227	-0.287264	-0.228127	
0.93204	0.93204	0.921848	0.890541	0.832554	0.747105	0.629278	0.483121	0.322694	0.157634	-0.00450564	-0.14395	-0.251059	-0.330412	-0.383876	-0.401264	-0.377597	-0.318988	-0.239562	-0.143715	-0.0311101	0.0878312	0.197743	0.293113	0.363073	0.406321	0.423459	0.410237	0.356675	0.258794	0.120299	-0.0437677	-0.220364	-0.381023	-0.493901	-0.556331	-0.580553	-0.574052	-0.558252	-0.53618	-0.513247	-0.476114	-0.421442	-0.366192	-0.324984	-0.298644	-0.27056	-0.234318	-0.194577	-0.14157	
1.04221	1.04221	1.02285	0.982457	0.912148	0.807606	0.673278	0.517276	0.353465	0.186007	0.0187807	-0.130762	-0.248323	-0.334969	-0.387754	-0.403981	-0.392512	-0.350458	-0.27371	-0.165484	-0.0445927	0.0784742	0.18991	0.282821	0.348492	0.378033	0.369174	0.3247	0.248907	0.132537	-0.0151044	-0.179714	-0.345546	-0.478527	-0.552943	-0.580553	-0.58146	-0.559399	-0.526432	-0.48605	-0.44831	-0.404387	-0.341203	-0.273827	-0.221595	-0.192303	-0.165224	-0.131798	-0.0970775	-0.0480518	
1.17425	1.17425	1.14175	1.08198	0.987744	0.860687	0.71444	0.550354	0.375829	0.201095	0.0328655	-0.11978	-0.244059	-0.334856	-0.388248	-0.409473	-0.407474	-0.373153	-0.294548	-0.180295	-0.0545938	0.0716273	0.180639	0.264384	0.317735	0.335684	0.305337	0.235292	0.134057	0.00667085	-0.144226	-0.305339	-0.450523	-0.541864	-0.575797	-0.574052	-0.559399	-0.527511	-0.487334	-0.435697	-0.384166	-0.329186	-0.264176	-0.194468	-0.13563	-0.103995	-0.0800416	-0.0485022	-0.0172162	0.0305908	
1.3013	1.3013	1.2562	1.17737	1.06144	0.910205	0.745265	0.565319	0.380228	0.197827	0.0282737	-0.127291	-0.251906	-0.344746	-0.402021	-0.429121	-0.426869	-0.388459	-0.304807	-0.188586	-0.0648573	0.0603395	0.168484	0.245218	0.285975	0.290852	0.24788	0.162286	0.043325	-0.0934603	-0.243332	-0.392774	-0.512879	-0.574911	-0.58212	-0.558252	-0.526432	-0.487334	-0.444899	-0.39001	-0.327445	-0.266681	-0.207735	-0.14293	-0.0854177	-0.0496226	-0.0240329	0.0048012	0.0394474	0.0930972	
1.37865	1.37865	1.32473	1.2341	1.10374	0.933242	0.747586	0.551545	0.354416	0.163308	-0.00684619	-0.158535	-0.280884	-0.376551	-0.431376	-0.44975	-0.433837	-0.387721	-0.301236	-0.186652	-0.0642354	0.0613905	0.167106	0.232598	0.254412	0.243536	0.199796	0.116785	-0.00573718	-0.151556	-0.297246	-0.432454	-0.531426	-0.58174	-0.578436	-0.53618	-0.48605	-0.435697	-0.39001	-0.336717	-0.275694	-0.220662	-0.167401	-0.113195	-0.0676382	-0.0355506	-0.00937503	0.0251437	0.071171	0.135701	
1.39405	1.39405	1.33358	1.2341	1.09806	0.921562	0.726646	0.516426	0.304471	0.102313	-0.0713264	-0.215962	-0.327635	-0.41016	-0.460015	-0.467959	-0.434082	-0.365906	-0.277784	-0.167206	-0.0431688	0.080383	0.170468	0.220601	0.232838	0.211309	0.164231	0.0889519	-0.0299405	-0.173244	-0.315435	-0.435684	-0.523949	-0.571805	-0.566769	-0.513247	-0.44831	-0.384166	-0.327445	-0.275694	-0.22828	-0.177444	-0.127253	-0.084298	-0.0597904	-0.0350892	-0.00786554	0.0333602	0.0899212	0.162632	
1.34947	1.34947	1.28817	1.19026	1.05624	0.884509	0.685402	0.470447	0.249072	0.0417499	-0.136898	-0.273305	-0.369283	-0.432041	-0.465535	-0.461096	-0.410458	-0.324866	-0.228015	-0.125684	-0.0118211	0.100483	0.180444	0.223178	0.228778	0.199501	0.14268	0.0613904	-0.0523175	-0.182779	-0.313586	-0.427439	-0.507087	-0.548118	-0.534786	-0.476114	-0.404387	-0.329186	-0.266681	-0.220662	-0.177444	-0.126548	-0.078634	-0.0470538	-0.0342893	-0.0171002	0.00944668	0.0489082	0.109791	0.189039	
1.24718	1.24718	1.19933	1.11603	0.989849	0.821884	0.626513	0.417349	0.203478	0.00286061	-0.169743	-0.297326	-0.382448	-0.425977	-0.430342	-0.403742	-0.350711	-0.265746	-0.166899	-0.070113	0.0258934	0.120047	0.192752	0.237945	0.243248	0.202325	0.125641	0.0284234	-0.0835338	-0.200165	-0.31627	-0.420583	-0.488074	-0.51418	-0.487881	-0.421442	-0.341203	-0.264176	-0.207735	-0.167401	-0.127253	-0.078634	-0.0351396	-0.00951694	0.00509668	0.0200977	0.0374226	0.0758975	0.150553	0.23922	
1.09894	1.09894	1.06552	0.998232	0.882835	0.730109	0.551476	0.358965	0.162909	-0.0108181	-0.159294	-0.268838	-0.343001	-0.367893	-0.345796	-0.301521	-0.255495	-0.185294	-0.0963872	-0.00635786	0.078243	0.159839	0.224986	0.265652	0.263112	0.209342	0.11716	0.00747138	-0.109218	-0.224216	-0.332708	-0.421192	-0.471588	-0.481474	-0.444258	-0.366192	-0.273827	-0.194468	-0.14293	-0.113195	-0.084298	-0.0470538	-0.00951694	0.02388	0.0496225	0.0640336	0.0824803	0.135763	0.227862	0.322418	
0.905316	0.905316	0.878368	0.821988	0.72303	0.593712	0.448506	0.29105	0.133829	-0.00211387	-0.114703	-0.191733	-0.236322	-0.246625	-0.21973	-0.173928	-0.131162	-0.0805634	-0.0135988	0.065994	0.149151	0.220693	0.27214	0.300267	0.28411	0.214964	0.108582	-0.00632536	-0.127525	-0.247738	-0.353117	-0.427464	-0.463561	-0.462883	-0.415378	-0.324984	-0.221595	-0.13563	-0.0854177	-0.0676382	-0.0597904	-0.0342893	0.00509668	0.0496225	0.0887911	0.115203	0.15262	0.224035	0.32196	0.415413	
0.672531	0.672531	0.647013	0.601427	0.522868	0.424635	0.323671	0.220669	0.118699	0.0338237	-0.0335879	-0.0737738	-0.0878543	-0.0818254	-0.0557728	-0.0262145	0.00150805	0.0384541	0.0870829	0.145444	0.215867	0.281467	0.317783	0.323179	0.290467	0.211272	0.0936379	-0.0296815	-0.151654	-0.272579	-0.372364	-0.439372	-0.465672	-0.452397	-0.394212	-0.298644	-0.192303	-0.103995	-0.0496226	-0.0355506	-0.0350892	-0.0171002	0.0200977	0.0640336	0.115203	0.171076	0.238802	0.320826	0.413839	0.493367	
0.4174	0.4174	0.390776	0.3573	0.313741	0.258272	0.207126	0.157659	0.11696	0.0874036	0.0713915	0.0703034	0.082188	0.0985077	0.119261	0.132622	0.13993	0.160746	0.190625	0.226289	0.272716	0.319365	0.339981	0.326666	0.280986	0.191698	0.067335	-0.0605469	-0.176874	-0.28506	-0.377393	-0.443842	-0.469569	-0.444283	-0.373997	-0.27056	-0.165224	-0.0800416	-0.0240329	-0.00937503	-0.00786554	0.00944668	0.0374226	0.0824803	0.15262	0.238802	0.325716	0.413897	0.489348	0.53803	
0.152277	0.152277	0.132541	0.121073	0.120019	0.115614	0.111858	0.11266	0.123853	0.141102	0.170259	0.212577	0.250868	0.270015	0.284622	0.291309	0.287698	0.284837	0.290811	0.303376	0.326208	0.349278	0.350766	0.31998	0.260017	0.171837	0.0550368	-0.0673338	-0.182776	-0.282654	-0.366294	-0.428322	-0.447229	-0.412368	-0.336227	-0.234318	-0.131798	-0.0485022	0.0048012	0.0251437	0.0333602	0.0489082	0.0758975	0.135763	0.224035	0.320826	0.413897	0.494757	0.542802	0.542394	
-0.0933077	-0.0933077	-0.0925097	-0.0736891	-0.0387693	-0.00185414	0.0377251	0.0847591	0.135498	0.185602	0.24695	0.320611	0.37815	0.408052	0.428004	0.438224	0.425878	0.400517	0.379546	0.369651	0.368793	0.368884	0.356255	0.313922	0.2454	0.157946	0.0561502	-0.0593494	-0.175568	-0.274881	-0.348603	-0.393986	-0.396266	-0.355824	-0.287264	-0.194577	-0.0970775	-0.0172162	0.0394474	0.071171	0.0899212	0.109791	0.150553	0.227862	0.32196	0.413839	0.489348	0.542802	0.547944	0.488914	
-0.275928	-0.275928	-0.256189	-0.21126	-0.151039	-0.0904056	-0.0211331	0.0611647	0.143824	0.216957	0.295741	0.379789	0.453187	0.506313	0.541106	0.551357	0.534514	0.499038	0.456868	0.423127	0.398982	0.378512	0.350959	0.305206	0.234482	0.146416	0.0496832	-0.0605036	-0.17453	-0.268393	-0.326124	-0.347632	-0.331754	-0.290164	-0.228127	-0.14157	-0.0480518	0.0305908	0.0930972	0.135701	0.162632	0.189039	0.23922	0.322418	0.415413	0.493367	0.53803	0.542394	0.488914	0.36802	
