0.972144	0.984354	0.947844	0.837912	0.659378	0.450306	0.245124	0.0518185	-0.113435	-0.256879	-0.38732	-0.506515	-0.58833	-0.609324	-0.580771	-0.526917	-0.46908	-0.405205	-0.335385	-0.290541	-0.306229	-0.370334	-0.445363	-0.512755	-0.578775	-0.638078	-0.660428	-0.628938	-0.540748	-0.419355	-0.285667	-0.118436	0.0946592	0.346356	0.626251	0.904457	1.12925	1.25473	1.27341	1.20077	1.0545	0.852766	0.616052	0.379358	0.164185	-0.0316456	-0.196879	-0.321973	-0.398874	-0.398874	
0.984354	1.04211	1.04612	0.97579	0.830226	0.637723	0.429434	0.226922	0.0454081	-0.124511	-0.291943	-0.450058	-0.563153	-0.614685	-0.609809	-0.568584	-0.517146	-0.459664	-0.399889	-0.360832	-0.368268	-0.412705	-0.468912	-0.521795	-0.570926	-0.605364	-0.595189	-0.525698	-0.396621	-0.23345	-0.0615621	0.127975	0.346769	0.59627	0.859758	1.10007	1.2728	1.34265	1.30519	1.17363	0.968403	0.71567	0.439097	0.167571	-0.0830635	-0.311219	-0.500176	-0.638911	-0.72071	-0.72071	
0.947844	1.04612	1.1	1.08649	0.990967	0.831246	0.637634	0.431954	0.232879	0.0332333	-0.165844	-0.349324	-0.491269	-0.578423	-0.60853	-0.593569	-0.559226	-0.521843	-0.486123	-0.461025	-0.461187	-0.48236	-0.511522	-0.540988	-0.567857	-0.566955	-0.512181	-0.40514	-0.244068	-0.0467466	0.159599	0.374326	0.603735	0.847883	1.0856	1.27992	1.3944	1.40607	1.3182	1.13907	0.881062	0.574193	0.255087	-0.0436598	-0.314345	-0.562082	-0.772806	-0.932342	-1.02618	-1.02618	
0.837912	0.97579	1.08649	1.13906	1.10805	1.00503	0.844353	0.648317	0.437191	0.217875	0.00397631	-0.195399	-0.360444	-0.485499	-0.559357	-0.583433	-0.585445	-0.584753	-0.581928	-0.576738	-0.575442	-0.573659	-0.569594	-0.564434	-0.551639	-0.50455	-0.405339	-0.261311	-0.0768437	0.13449	0.361579	0.599982	0.839063	1.06932	1.26917	1.41161	1.46911	1.42276	1.28461	1.07108	0.788955	0.455817	0.107212	-0.218371	-0.511216	-0.778294	-1.00976	-1.18872	-1.29272	-1.29272	
0.659378	0.830226	0.990967	1.10805	1.1544	1.12312	1.01288	0.841635	0.638912	0.424763	0.21021	0.00510515	-0.179645	-0.340627	-0.46016	-0.538295	-0.593881	-0.638948	-0.669915	-0.682601	-0.679581	-0.660223	-0.624153	-0.573389	-0.51268	-0.419489	-0.27846	-0.105009	0.0952691	0.316081	0.550781	0.792543	1.02832	1.23901	1.39187	1.46782	1.46028	1.36509	1.19687	0.971162	0.691957	0.365614	0.0135091	-0.333652	-0.659616	-0.956142	-1.20664	-1.39322	-1.49606	-1.49606	
0.450306	0.637723	0.831246	1.00503	1.12312	1.16376	1.10824	0.979784	0.813113	0.623277	0.420969	0.214628	0.0173997	-0.168333	-0.33018	-0.463515	-0.574199	-0.663606	-0.722469	-0.748104	-0.748045	-0.71939	-0.655773	-0.563348	-0.451164	-0.307689	-0.133746	0.0611472	0.276144	0.499283	0.724891	0.947027	1.15488	1.32638	1.42116	1.42943	1.36677	1.24162	1.06666	0.852052	0.594522	0.289513	-0.0512034	-0.404618	-0.751877	-1.07127	-1.33825	-1.53156	-1.63272	-1.63272	
0.245124	0.429434	0.637634	0.844353	1.01288	1.10824	1.11017	1.04639	0.938092	0.793429	0.614058	0.417662	0.220069	0.0163681	-0.181904	-0.366151	-0.528056	-0.657009	-0.741159	-0.781144	-0.781251	-0.739063	-0.650503	-0.516504	-0.352676	-0.164701	0.0393884	0.249313	0.46367	0.676351	0.876941	1.04881	1.19203	1.30228	1.34547	1.30989	1.21331	1.07575	0.91242	0.721676	0.489344	0.208431	-0.109643	-0.448132	-0.791023	-1.11317	-1.38966	-1.59387	-1.69939	-1.69939	
0.0518185	0.226922	0.431954	0.648317	0.841635	0.979784	1.04639	1.05881	1.02435	0.93429	0.789682	0.613917	0.417178	0.195998	-0.0369151	-0.264129	-0.464676	-0.62563	-0.735953	-0.788213	-0.781133	-0.717438	-0.595063	-0.422748	-0.217824	0.0127359	0.24321	0.456512	0.654515	0.832564	0.980576	1.08221	1.1479	1.18925	1.18224	1.11796	1.01426	0.886366	0.740647	0.574668	0.375164	0.129082	-0.157127	-0.469731	-0.793291	-1.10235	-1.37445	-1.57892	-1.68321	-1.68321	
-0.113435	0.0454081	0.232879	0.437191	0.638912	0.813113	0.938092	1.02435	1.05994	1.03109	0.934655	0.787555	0.596271	0.360193	0.101599	-0.151342	-0.375171	-0.561532	-0.695915	-0.760848	-0.743703	-0.64759	-0.490207	-0.289551	-0.0557234	0.198144	0.442008	0.655312	0.825602	0.953239	1.03935	1.06823	1.05449	1.01932	0.956887	0.870514	0.772116	0.667415	0.555352	0.426862	0.265447	0.0590464	-0.18787	-0.469529	-0.770788	-1.05944	-1.3121	-1.49934	-1.59143	-1.59143	
-0.256879	-0.124511	0.0332333	0.217875	0.424763	0.623277	0.793429	0.93429	1.03109	1.06623	1.02486	0.916623	0.739488	0.503583	0.241469	-0.0146948	-0.243636	-0.440588	-0.5921	-0.668944	-0.643351	-0.52743	-0.351036	-0.138576	0.0987446	0.356078	0.605005	0.813323	0.957914	1.03715	1.05551	1.00909	0.92295	0.823842	0.713531	0.599445	0.501786	0.430325	0.36615	0.283873	0.167271	0.00533922	-0.202174	-0.451958	-0.724867	-0.986221	-1.21435	-1.38075	-1.45926	-1.45926	
-0.38732	-0.291943	-0.165844	0.00397631	0.21021	0.420969	0.614058	0.789682	0.934655	1.02486	1.04035	0.978643	0.835181	0.628342	0.39034	0.153039	-0.0629049	-0.256338	-0.413209	-0.496011	-0.474245	-0.357621	-0.181461	0.021271	0.247837	0.490979	0.719394	0.905566	1.01699	1.04701	1.00665	0.902802	0.767189	0.624833	0.480055	0.346958	0.250219	0.200965	0.178039	0.148458	0.0838576	-0.0323001	-0.198851	-0.412943	-0.656178	-0.892841	-1.09962	-1.24897	-1.31834	-1.31834	
-0.506515	-0.450058	-0.349324	-0.195399	0.00510515	0.214628	0.417662	0.613917	0.787555	0.916623	0.978643	0.967659	0.876925	0.722841	0.529974	0.329192	0.141956	-0.0265584	-0.16346	-0.23928	-0.221619	-0.11959	0.0296571	0.202976	0.397507	0.597734	0.778964	0.915678	0.977789	0.964775	0.884794	0.748044	0.586148	0.42357	0.272655	0.140509	0.0449236	0.00875466	0.0168408	0.02981	0.0156888	-0.046588	-0.168976	-0.354779	-0.578698	-0.798886	-0.989108	-1.12363	-1.18541	-1.18541	
-0.58833	-0.563153	-0.491269	-0.360444	-0.179645	0.0173997	0.220069	0.417178	0.596271	0.739488	0.835181	0.876925	0.852076	0.769568	0.642892	0.49935	0.364573	0.248484	0.152867	0.0986634	0.110286	0.178185	0.279556	0.399348	0.538085	0.67789	0.789418	0.853194	0.852994	0.794972	0.689329	0.546664	0.387477	0.228976	0.0853906	-0.0351601	-0.11246	-0.12597	-0.0926152	-0.0456355	-0.0164806	-0.0357929	-0.124529	-0.287014	-0.497487	-0.712474	-0.896126	-1.0208	-1.07748	-1.07748	
-0.609324	-0.614685	-0.578423	-0.485499	-0.340627	-0.168333	0.0163681	0.195998	0.360193	0.503583	0.628342	0.722841	0.769568	0.769399	0.724522	0.659561	0.600563	0.55387	0.514589	0.48984	0.492926	0.52171	0.559759	0.604946	0.667501	0.724081	0.750504	0.734264	0.668194	0.568642	0.448025	0.315924	0.176276	0.0315555	-0.094593	-0.185031	-0.226708	-0.205907	-0.138995	-0.0627694	-0.00951438	-0.00333628	-0.0674279	-0.213123	-0.417275	-0.63448	-0.82123	-0.949313	-1.01198	-1.01198	
-0.580771	-0.609809	-0.60853	-0.559357	-0.46016	-0.33018	-0.181904	-0.0369151	0.101599	0.241469	0.39034	0.529974	0.642892	0.724522	0.772407	0.804838	0.836305	0.870421	0.892365	0.897141	0.894709	0.881775	0.850233	0.811773	0.779382	0.739065	0.677314	0.583601	0.459228	0.320818	0.183221	0.0620937	-0.0515441	-0.163807	-0.251859	-0.303385	-0.304698	-0.243141	-0.141628	-0.0390067	0.0357621	0.0576245	0.000625076	-0.140817	-0.343281	-0.568243	-0.767642	-0.908189	-0.981607	-0.981607	
-0.526917	-0.568584	-0.593569	-0.583433	-0.538295	-0.463515	-0.366151	-0.264129	-0.151342	-0.0146948	0.153039	0.329192	0.49935	0.659561	0.804838	0.937485	1.06074	1.17013	1.24428	1.27691	1.26906	1.21978	1.12924	1.01097	0.88255	0.742229	0.588765	0.420804	0.24485	0.0727996	-0.080049	-0.192907	-0.277427	-0.348307	-0.391616	-0.393897	-0.345325	-0.245822	-0.115625	0.0118319	0.102734	0.130435	0.0728158	-0.0729857	-0.285723	-0.525099	-0.734373	-0.881393	-0.961699	-0.961699	
-0.46908	-0.517146	-0.559226	-0.585445	-0.593881	-0.574199	-0.528056	-0.464676	-0.375171	-0.243636	-0.0629049	0.141956	0.364573	0.600563	0.836305	1.06074	1.26253	1.4306	1.54778	1.60171	1.58784	1.5097	1.36984	1.18531	0.972738	0.739601	0.500239	0.26438	0.0455911	-0.152131	-0.316767	-0.423262	-0.485737	-0.519592	-0.511051	-0.454067	-0.354431	-0.221431	-0.0709442	0.0688054	0.167824	0.198776	0.13443	-0.0246267	-0.249698	-0.496925	-0.708097	-0.854449	-0.935235	-0.935235	
-0.405205	-0.459664	-0.521843	-0.584753	-0.638948	-0.663606	-0.657009	-0.62563	-0.561532	-0.440588	-0.256338	-0.0265584	0.248484	0.55387	0.870421	1.17013	1.4306	1.64348	1.79214	1.86111	1.84159	1.73624	1.55729	1.32392	1.04526	0.736316	0.421976	0.123965	-0.13492	-0.351474	-0.514063	-0.606298	-0.644946	-0.642097	-0.593515	-0.49572	-0.354993	-0.192572	-0.0276383	0.118822	0.218502	0.241821	0.167609	0.00415279	-0.22186	-0.468997	-0.677901	-0.82078	-0.898938	-0.898938	
-0.335385	-0.399889	-0.486123	-0.581928	-0.669915	-0.722469	-0.741159	-0.735953	-0.695915	-0.5921	-0.413209	-0.16346	0.152867	0.514589	0.892365	1.24428	1.54778	1.79214	1.96548	2.05035	2.02661	1.89987	1.69327	1.42365	1.09523	0.728568	0.353115	0.00260456	-0.286572	-0.507387	-0.653567	-0.721135	-0.731884	-0.705345	-0.641423	-0.524101	-0.359497	-0.180095	-0.0061748	0.142713	0.238785	0.256998	0.181466	0.0206335	-0.198801	-0.4347	-0.635335	-0.777064	-0.855439	-0.855439	
-0.290541	-0.360832	-0.461025	-0.576738	-0.682601	-0.748104	-0.781144	-0.788213	-0.760848	-0.668944	-0.496011	-0.23928	0.0986634	0.48984	0.897141	1.27691	1.60171	1.86111	2.05035	2.14494	2.11935	1.98214	1.76074	1.47163	1.11805	0.720455	0.310883	-0.0649686	-0.367707	-0.588305	-0.719216	-0.770421	-0.769002	-0.731945	-0.660954	-0.539538	-0.372597	-0.191451	-0.0164235	0.13367	0.231235	0.249026	0.175432	0.0247007	-0.176479	-0.392625	-0.583469	-0.723211	-0.798286	-0.798286	
-0.306229	-0.368268	-0.461187	-0.575442	-0.679581	-0.748045	-0.781251	-0.781133	-0.743703	-0.643351	-0.474245	-0.221619	0.110286	0.492926	0.894709	1.26906	1.58784	1.84159	2.02661	2.11935	2.09466	1.95864	1.74175	1.46007	1.11237	0.719877	0.318434	-0.0490408	-0.349598	-0.567373	-0.699376	-0.765187	-0.776262	-0.741911	-0.672775	-0.554723	-0.391413	-0.214959	-0.0470075	0.096282	0.190371	0.211153	0.151398	0.0209381	-0.157607	-0.349266	-0.523181	-0.654905	-0.723768	-0.723768	
-0.370334	-0.412705	-0.48236	-0.573659	-0.660223	-0.71939	-0.739063	-0.717438	-0.64759	-0.52743	-0.357621	-0.11959	0.178185	0.52171	0.881775	1.21978	1.5097	1.73624	1.89987	1.98214	1.95864	1.83569	1.64367	1.3904	1.07665	0.726371	0.368172	0.0384199	-0.237877	-0.45001	-0.599592	-0.699593	-0.744294	-0.733981	-0.67601	-0.563744	-0.411849	-0.252595	-0.104154	0.0249853	0.117711	0.149814	0.110399	0.00496467	-0.142834	-0.30126	-0.452953	-0.573456	-0.634174	-0.634174	
-0.445363	-0.468912	-0.511522	-0.569594	-0.624153	-0.655773	-0.650503	-0.595063	-0.490207	-0.351036	-0.181461	0.0296571	0.279556	0.559759	0.850233	1.12924	1.36984	1.55729	1.69327	1.76074	1.74175	1.64367	1.4857	1.27377	1.01642	0.728434	0.435532	0.166408	-0.0739164	-0.274186	-0.433772	-0.565518	-0.651033	-0.675098	-0.641773	-0.558817	-0.444396	-0.317527	-0.190935	-0.0734929	0.0177343	0.0608166	0.0477536	-0.0201932	-0.126464	-0.247733	-0.374844	-0.481261	-0.533667	-0.533667	
-0.512755	-0.521795	-0.540988	-0.564434	-0.573389	-0.563348	-0.516504	-0.422748	-0.289551	-0.138576	0.021271	0.202976	0.399348	0.604946	0.811773	1.01097	1.18531	1.32392	1.42365	1.47163	1.46007	1.3904	1.27377	1.11997	0.933906	0.725563	0.515916	0.31094	0.111318	-0.0640273	-0.222302	-0.372063	-0.488172	-0.553515	-0.567585	-0.539934	-0.479512	-0.391271	-0.291223	-0.193379	-0.109251	-0.0534597	-0.0352958	-0.0599418	-0.116765	-0.192506	-0.28773	-0.378306	-0.426576	-0.426576	
-0.578775	-0.570926	-0.567857	-0.551639	-0.51268	-0.451164	-0.352676	-0.217824	-0.0557234	0.0987446	0.247837	0.397507	0.538085	0.667501	0.779382	0.88255	0.972738	1.04526	1.09523	1.11805	1.11237	1.07665	1.01642	0.933906	0.835297	0.724937	0.602683	0.465084	0.31658	0.169485	0.0187306	-0.136819	-0.283009	-0.398744	-0.467306	-0.496613	-0.491736	-0.450962	-0.388171	-0.315687	-0.243692	-0.183639	-0.14077	-0.119332	-0.119885	-0.146633	-0.204414	-0.270125	-0.309106	-0.309106	
-0.638078	-0.605364	-0.566955	-0.50455	-0.419489	-0.307689	-0.164701	0.0127359	0.198144	0.356078	0.490979	0.597734	0.67789	0.724081	0.739065	0.742229	0.739601	0.736316	0.728568	0.720455	0.719877	0.726371	0.728434	0.725563	0.724937	0.713974	0.684324	0.625347	0.532458	0.4162	0.275265	0.10895	-0.0701994	-0.229168	-0.342331	-0.42205	-0.473135	-0.484196	-0.461345	-0.420135	-0.369892	-0.311579	-0.247956	-0.188486	-0.143859	-0.126087	-0.138018	-0.166445	-0.190151	-0.190151	
-0.660428	-0.595189	-0.512181	-0.405339	-0.27846	-0.133746	0.0393884	0.24321	0.442008	0.605005	0.719394	0.778964	0.789418	0.750504	0.677314	0.588765	0.500239	0.421976	0.353115	0.310883	0.318434	0.368172	0.435532	0.515916	0.602683	0.684324	0.746965	0.764465	0.73389	0.654081	0.51894	0.342246	0.141605	-0.0469517	-0.196885	-0.320875	-0.419474	-0.4784	-0.500537	-0.495633	-0.46574	-0.412097	-0.342059	-0.261258	-0.182732	-0.126472	-0.0952491	-0.0865409	-0.093655	-0.093655	
-0.628938	-0.525698	-0.40514	-0.261311	-0.105009	0.0611472	0.249313	0.456512	0.655312	0.813323	0.905566	0.915678	0.853194	0.734264	0.583601	0.420804	0.26438	0.123965	0.00260456	-0.0649686	-0.0490408	0.0384199	0.166408	0.31094	0.465084	0.625347	0.764465	0.859407	0.89819	0.853454	0.728956	0.551955	0.342086	0.137378	-0.0387686	-0.192592	-0.324529	-0.426832	-0.490924	-0.518058	-0.516023	-0.485516	-0.422379	-0.326909	-0.223485	-0.140617	-0.0790499	-0.0433598	-0.0373451	-0.0373451	
-0.540748	-0.396621	-0.244068	-0.0768437	0.0952691	0.276144	0.46367	0.654515	0.825602	0.957914	1.01699	0.977789	0.852994	0.668194	0.459228	0.24485	0.0455911	-0.13492	-0.286572	-0.367707	-0.349598	-0.237877	-0.0739164	0.111318	0.31658	0.532458	0.73389	0.89819	0.991205	0.981424	0.881515	0.720396	0.525219	0.325987	0.137138	-0.035828	-0.19106	-0.321886	-0.416976	-0.483758	-0.526329	-0.529087	-0.480171	-0.38367	-0.268585	-0.166026	-0.0840706	-0.0340458	-0.0203109	-0.0203109	
-0.419355	-0.23345	-0.0467466	0.13449	0.316081	0.499283	0.676351	0.832564	0.953239	1.03715	1.04701	0.964775	0.794972	0.568642	0.320818	0.0727996	-0.152131	-0.351474	-0.507387	-0.588305	-0.567373	-0.45001	-0.274186	-0.0640273	0.169485	0.4162	0.654081	0.853454	0.981424	1.01337	0.958831	0.844782	0.695597	0.522552	0.333949	0.152292	-0.0120659	-0.162613	-0.298573	-0.417036	-0.503989	-0.539582	-0.511964	-0.425143	-0.309427	-0.198933	-0.108985	-0.0492135	-0.0231544	-0.0231544	
-0.285667	-0.0615621	0.159599	0.361579	0.550781	0.724891	0.876941	0.980576	1.03935	1.05551	1.00665	0.884794	0.689329	0.448025	0.183221	-0.080049	-0.316767	-0.514063	-0.653567	-0.719216	-0.699376	-0.599592	-0.433772	-0.222302	0.0187306	0.275265	0.51894	0.728956	0.881515	0.958831	0.967488	0.922393	0.839562	0.715196	0.551868	0.380732	0.207912	0.0204862	-0.169239	-0.336349	-0.460713	-0.523197	-0.511754	-0.439523	-0.336611	-0.228592	-0.136397	-0.0705472	-0.0335442	-0.0335442	
-0.118436	0.127975	0.374326	0.599982	0.792543	0.947027	1.04881	1.08221	1.06823	1.00909	0.902802	0.748044	0.546664	0.315924	0.0620937	-0.192907	-0.423262	-0.606298	-0.721135	-0.770421	-0.765187	-0.699593	-0.565518	-0.372063	-0.136819	0.10895	0.342246	0.551955	0.720396	0.844782	0.922393	0.955022	0.952214	0.894936	0.776199	0.615875	0.418565	0.19214	-0.0375818	-0.243111	-0.397948	-0.479747	-0.485158	-0.433343	-0.342633	-0.234194	-0.142215	-0.0767697	-0.0347429	-0.0347429	
0.0946592	0.346769	0.603735	0.839063	1.02832	1.15488	1.19203	1.1479	1.05449	0.92295	0.767189	0.586148	0.387477	0.176276	-0.0515441	-0.277427	-0.485737	-0.644946	-0.731884	-0.769002	-0.776262	-0.744294	-0.651033	-0.488172	-0.283009	-0.0701994	0.141605	0.342086	0.525219	0.695597	0.839562	0.952214	1.02856	1.03766	0.960309	0.801869	0.586754	0.343809	0.0911252	-0.141001	-0.31539	-0.413804	-0.437612	-0.401711	-0.320231	-0.214877	-0.118915	-0.0420116	0.0107383	0.0107383	
0.346356	0.59627	0.847883	1.06932	1.23901	1.32638	1.30228	1.18925	1.01932	0.823842	0.624833	0.42357	0.228976	0.0315555	-0.163807	-0.348307	-0.519592	-0.642097	-0.705345	-0.731945	-0.741911	-0.733981	-0.675098	-0.553515	-0.398744	-0.229168	-0.0469517	0.137378	0.325987	0.522552	0.715196	0.894936	1.03766	1.10414	1.06708	0.926328	0.715772	0.467236	0.201636	-0.0412385	-0.223246	-0.329477	-0.363417	-0.340689	-0.271112	-0.164948	-0.0473642	0.0568483	0.1227	0.1227	
0.626251	0.859758	1.0856	1.26917	1.39187	1.42116	1.34547	1.18224	0.956887	0.713531	0.480055	0.272655	0.0853906	-0.094593	-0.251859	-0.391616	-0.511051	-0.593515	-0.641423	-0.660954	-0.672775	-0.67601	-0.641773	-0.567585	-0.467306	-0.342331	-0.196885	-0.0387686	0.137138	0.333949	0.551868	0.776199	0.960309	1.06708	1.07656	0.977379	0.791876	0.555474	0.297384	0.0569351	-0.126726	-0.236422	-0.276399	-0.254471	-0.175692	-0.052255	0.0924304	0.220994	0.294469	0.294469	
0.904457	1.10007	1.27992	1.41161	1.46782	1.42943	1.30989	1.11796	0.870514	0.599445	0.346958	0.140509	-0.0351601	-0.185031	-0.303385	-0.393897	-0.454067	-0.49572	-0.524101	-0.539538	-0.554723	-0.563744	-0.558817	-0.539934	-0.496613	-0.42205	-0.320875	-0.192592	-0.035828	0.152292	0.380732	0.615875	0.801869	0.926328	0.977379	0.930842	0.796829	0.60192	0.373452	0.151562	-0.0246314	-0.134752	-0.169741	-0.125732	-0.0182292	0.129599	0.298059	0.442379	0.517001	0.517001	
1.12925	1.2728	1.3944	1.46911	1.46028	1.36677	1.21331	1.01426	0.772116	0.501786	0.250219	0.0449236	-0.11246	-0.226708	-0.304698	-0.345325	-0.354431	-0.354993	-0.359497	-0.372597	-0.391413	-0.411849	-0.444396	-0.479512	-0.491736	-0.473135	-0.419474	-0.324529	-0.19106	-0.0120659	0.207912	0.418565	0.586754	0.715772	0.791876	0.796829	0.723704	0.580143	0.402901	0.231096	0.089796	0.00307127	-0.00827568	0.0606615	0.191578	0.362374	0.550937	0.707281	0.786339	0.786339	
1.25473	1.34265	1.40607	1.42276	1.36509	1.24162	1.07575	0.886366	0.667415	0.430325	0.200965	0.00875466	-0.12597	-0.205907	-0.243141	-0.245822	-0.221431	-0.192572	-0.180095	-0.191451	-0.214959	-0.252595	-0.317527	-0.391271	-0.450962	-0.484196	-0.4784	-0.426832	-0.321886	-0.162613	0.0204862	0.19214	0.343809	0.467236	0.555474	0.60192	0.580143	0.49497	0.390984	0.29263	0.214734	0.182738	0.211701	0.303494	0.449932	0.633574	0.829067	0.996254	1.09171	1.09171	
1.27341	1.30519	1.3182	1.28461	1.19687	1.06666	0.91242	0.740647	0.555352	0.36615	0.178039	0.0168408	-0.0926152	-0.138995	-0.141628	-0.115625	-0.0709442	-0.0276383	-0.0061748	-0.0164235	-0.0470075	-0.104154	-0.190935	-0.291223	-0.388171	-0.461345	-0.500537	-0.490924	-0.416976	-0.298573	-0.169239	-0.0375818	0.0911252	0.201636	0.297384	0.373452	0.402901	0.390984	0.365628	0.343554	0.344341	0.38392	0.462555	0.580038	0.740125	0.933592	1.1316	1.30049	1.40304	1.40304	
1.20077	1.17363	1.13907	1.07108	0.971162	0.852052	0.721676	0.574668	0.426862	0.283873	0.148458	0.02981	-0.0456355	-0.0627694	-0.0390067	0.0118319	0.0688054	0.118822	0.142713	0.13367	0.096282	0.0249853	-0.0734929	-0.193379	-0.315687	-0.420135	-0.495633	-0.518058	-0.483758	-0.417036	-0.336349	-0.243111	-0.141001	-0.0412385	0.0569351	0.151562	0.231096	0.29263	0.343554	0.403221	0.486851	0.589738	0.707783	0.852062	1.037	1.25037	1.45038	1.60722	1.70061	1.70061	
1.0545	0.968403	0.881062	0.788955	0.691957	0.594522	0.489344	0.375164	0.265447	0.167271	0.0838576	0.0156888	-0.0164806	-0.00951438	0.0357621	0.102734	0.167824	0.218502	0.238785	0.231235	0.190371	0.117711	0.0177343	-0.109251	-0.243692	-0.369892	-0.46574	-0.516023	-0.526329	-0.503989	-0.460713	-0.397948	-0.31539	-0.223246	-0.126726	-0.0246314	0.089796	0.214734	0.344341	0.486851	0.637241	0.780955	0.931088	1.11232	1.32863	1.55324	1.74742	1.89365	1.97942	1.97942	
0.852766	0.71567	0.574193	0.455817	0.365614	0.289513	0.208431	0.129082	0.0590464	0.00533922	-0.0323001	-0.046588	-0.0357929	-0.00333628	0.0576245	0.130435	0.198776	0.241821	0.256998	0.249026	0.211153	0.149814	0.0608166	-0.0534597	-0.183639	-0.311579	-0.412097	-0.485516	-0.529087	-0.539582	-0.523197	-0.479747	-0.413804	-0.329477	-0.236422	-0.134752	0.00307127	0.182738	0.38392	0.589738	0.780955	0.959526	1.15227	1.36737	1.59139	1.80903	1.99978	2.13842	2.20911	2.20911	
0.616052	0.439097	0.255087	0.107212	0.0135091	-0.0512034	-0.109643	-0.157127	-0.18787	-0.202174	-0.198851	-0.168976	-0.124529	-0.0674279	0.000625076	0.0728158	0.13443	0.167609	0.181466	0.175432	0.151398	0.110399	0.0477536	-0.0352958	-0.14077	-0.247956	-0.342059	-0.422379	-0.480171	-0.511964	-0.511754	-0.485158	-0.437612	-0.363417	-0.276399	-0.169741	-0.00827568	0.211701	0.462555	0.707783	0.931088	1.15227	1.38172	1.60442	1.81346	2.01225	2.18796	2.30776	2.35851	2.35851	
0.379358	0.167571	-0.0436598	-0.218371	-0.333652	-0.404618	-0.448132	-0.469731	-0.469529	-0.451958	-0.412943	-0.354779	-0.287014	-0.213123	-0.140817	-0.0729857	-0.0246267	0.00415279	0.0206335	0.0247007	0.0209381	0.00496467	-0.0201932	-0.0599418	-0.119332	-0.188486	-0.261258	-0.326909	-0.38367	-0.425143	-0.439523	-0.433343	-0.401711	-0.340689	-0.254471	-0.125732	0.0606615	0.303494	0.580038	0.852062	1.11232	1.36737	1.60442	1.81827	2.00707	2.16238	2.28633	2.37484	2.41713	2.41713	
0.164185	-0.0830635	-0.314345	-0.511216	-0.659616	-0.751877	-0.791023	-0.793291	-0.770788	-0.724867	-0.656178	-0.578698	-0.497487	-0.417275	-0.343281	-0.285723	-0.249698	-0.22186	-0.198801	-0.176479	-0.157607	-0.142834	-0.126464	-0.116765	-0.119885	-0.143859	-0.182732	-0.223485	-0.268585	-0.309427	-0.336611	-0.342633	-0.320231	-0.271112	-0.175692	-0.0182292	0.191578	0.449932	0.740125	1.037	1.32863	1.59139	1.81346	2.00707	2.15934	2.25431	2.31248	2.35209	2.37136	2.37136	
-0.0316456	-0.311219	-0.562082	-0.778294	-0.956142	-1.07127	-1.11317	-1.10235	-1.05944	-0.986221	-0.892841	-0.798886	-0.712474	-0.63448	-0.568243	-0.525099	-0.496925	-0.468997	-0.4347	-0.392625	-0.349266	-0.30126	-0.247733	-0.192506	-0.146633	-0.126087	-0.126472	-0.140617	-0.166026	-0.198933	-0.228592	-0.234194	-0.214877	-0.164948	-0.052255	0.129599	0.362374	0.633574	0.933592	1.25037	1.55324	1.80903	2.01225	2.16238	2.25431	2.29372	2.2908	2.26506	2.24472	2.24472	
-0.196879	-0.500176	-0.772806	-1.00976	-1.20664	-1.33825	-1.38966	-1.37445	-1.3121	-1.21435	-1.09962	-0.989108	-0.896126	-0.82123	-0.767642	-0.734373	-0.708097	-0.677901	-0.635335	-0.583469	-0.523181	-0.452953	-0.374844	-0.28773	-0.204414	-0.138018	-0.0952491	-0.0790499	-0.0840706	-0.108985	-0.136397	-0.142215	-0.118915	-0.0473642	0.0924304	0.298059	0.550937	0.829067	1.1316	1.45038	1.74742	1.99978	2.18796	2.28633	2.31248	2.2908	2.2213	2.14245	2.10355	2.10355	
-0.321973	-0.638911	-0.932342	-1.18872	-1.39322	-1.53156	-1.59387	-1.57892	-1.49934	-1.38075	-1.24897	-1.12363	-1.0208	-0.949313	-0.908189	-0.881393	-0.854449	-0.82078	-0.777064	-0.723211	-0.654905	-0.573456	-0.481261	-0.378306	-0.270125	-0.166445	-0.0865409	-0.0433598	-0.0340458	-0.0492135	-0.0705472	-0.0767697	-0.0420116	0.0568483	0.220994	0.442379	0.707281	0.996254	1.30049	1.60722	1.89365	2.13842	2.30776	2.37484	2.35209	2.26506	2.14245	2.03475	1.98038	1.98038	
-0.398874	-0.72071	-1.02618	-1.29272	-1.49606	-1.63272	-1.69939	-1.68321	-1.59143	-1.45926	-1.31834	-1.18541	-1.07748	-1.01198	-0.981607	-0.961699	-0.935235	-0.898938	-0.855439	-0.798286	-0.723768	-0.634174	-0.533667	-0.426576	-0.309106	-0.190151	-0.093655	-0.0373451	-0.0203109	-0.0231544	-0.0335442	-0.0347429	0.0107383	0.1227	0.294469	0.517001	0.786339	1.09171	1.40304	1.70061	1.97942	2.20911	2.35851	2.41713	2.37136	2.24472	2.10355	1.98038	1.89525	1.89525	
-0.398874	-0.72071	-1.02618	-1.29272	-1.49606	-1.63272	-1.69939	-1.68321	-1.59143	-1.45926	-1.31834	-1.18541	-1.07748	-1.01198	-0.981607	-0.961699	-0.935235	-0.898938	-0.855439	-0.798286	-0.723768	-0.634174	-0.533667	-0.426576	-0.309106	-0.190151	-0.093655	-0.0373451	-0.0203109	-0.0231544	-0.0335442	-0.0347429	0.0107383	0.1227	0.294469	0.517001	0.786339	1.09171	1.40304	1.70061	1.97942	2.20911	2.35851	2.41713	2.37136	2.24472	2.10355	1.98038	1.89525	1.89525	
