-0.120088	-0.329122	-0.50986	-0.649522	-0.755915	-0.816657	-0.826065	-0.791505	-0.722046	-0.624278	-0.502971	-0.346851	-0.161711	0.0305113	0.199514	0.336561	0.451561	0.547899	0.633726	0.71293	0.775684	0.808991	0.807258	0.760524	0.659566	0.512492	0.340566	0.165365	-0.000653422	-0.154571	-0.298105	-0.440173	-0.578648	-0.703139	-0.796147	-0.842101	-0.834371	-0.771188	-0.657287	-0.503879	-0.334057	-0.166381	-0.023781	0.0839185	0.150146	0.162958	0.139789	0.105531	0.0826669	0.0826669	
-0.329122	-0.528192	-0.689365	-0.798817	-0.861002	-0.875549	-0.837868	-0.763525	-0.656207	-0.518818	-0.361389	-0.178938	0.0242826	0.216206	0.373052	0.499016	0.603776	0.689543	0.763796	0.822418	0.862227	0.874334	0.857817	0.804401	0.703436	0.559314	0.383396	0.195683	0.016387	-0.156409	-0.323313	-0.482095	-0.633277	-0.764709	-0.868674	-0.926829	-0.92535	-0.860908	-0.73924	-0.569362	-0.37674	-0.187528	-0.0163416	0.117178	0.201488	0.222785	0.19543	0.155072	0.127012	0.127012	
-0.50986	-0.689365	-0.820571	-0.895547	-0.90847	-0.871526	-0.790852	-0.67673	-0.52547	-0.346879	-0.156969	0.0449904	0.247038	0.416847	0.549508	0.649315	0.727314	0.786012	0.84042	0.885042	0.905082	0.90087	0.87239	0.815214	0.720924	0.585646	0.414384	0.230149	0.0412944	-0.145547	-0.323963	-0.498993	-0.660336	-0.799231	-0.907181	-0.970275	-0.974229	-0.909873	-0.787642	-0.61272	-0.413839	-0.211049	-0.0211456	0.131412	0.234124	0.26367	0.236407	0.190081	0.160292	0.160292	
-0.649522	-0.798817	-0.895547	-0.932095	-0.904403	-0.825604	-0.701971	-0.540728	-0.343372	-0.128756	0.0838829	0.293022	0.479764	0.61972	0.719551	0.782172	0.81831	0.84756	0.881108	0.905021	0.912919	0.899508	0.863283	0.806537	0.720861	0.598157	0.43988	0.258549	0.0672407	-0.120191	-0.305314	-0.487399	-0.654444	-0.801073	-0.913809	-0.975373	-0.977377	-0.916259	-0.798195	-0.630829	-0.437595	-0.232102	-0.038576	0.127328	0.244602	0.280588	0.261624	0.217489	0.187915	0.187915	
-0.755915	-0.861002	-0.90847	-0.904403	-0.844344	-0.733606	-0.572264	-0.366134	-0.13063	0.105637	0.331348	0.532766	0.69118	0.79668	0.860437	0.88302	0.886434	0.886268	0.891476	0.900323	0.897022	0.874554	0.837093	0.785855	0.711165	0.605221	0.46262	0.288823	0.10183	-0.0808466	-0.259064	-0.441329	-0.617099	-0.770358	-0.885852	-0.945701	-0.947564	-0.89179	-0.789776	-0.641394	-0.45875	-0.261791	-0.0642338	0.111301	0.238841	0.292807	0.285335	0.249833	0.226958	0.226958	
-0.816657	-0.875549	-0.871526	-0.825604	-0.733606	-0.591446	-0.395413	-0.154862	0.106279	0.356403	0.578729	0.758329	0.884274	0.951001	0.969867	0.955886	0.926196	0.896032	0.878998	0.874324	0.859142	0.82861	0.793759	0.751418	0.689124	0.600559	0.480857	0.329646	0.161852	-0.0103639	-0.189211	-0.373721	-0.556868	-0.722711	-0.839389	-0.893863	-0.895677	-0.85162	-0.768472	-0.642323	-0.476713	-0.286359	-0.0907564	0.0912751	0.230148	0.301928	0.315839	0.297508	0.285531	0.285531	
-0.826065	-0.837868	-0.790852	-0.701971	-0.572264	-0.395413	-0.176247	0.0835194	0.355919	0.601935	0.804678	0.959204	1.05386	1.07927	1.0517	1.00018	0.937318	0.881639	0.849799	0.832034	0.809827	0.783998	0.757743	0.720892	0.669944	0.602141	0.509539	0.383944	0.238001	0.0744532	-0.104565	-0.296335	-0.491813	-0.65971	-0.77587	-0.831055	-0.833802	-0.80295	-0.743645	-0.641825	-0.494349	-0.31562	-0.125201	0.0631397	0.219714	0.318979	0.367358	0.382064	0.386719	0.386719	
-0.791505	-0.763525	-0.67673	-0.540728	-0.366134	-0.154862	0.0835194	0.350407	0.616358	0.836106	1.00528	1.12461	1.17447	1.15391	1.08988	1.0099	0.926666	0.858178	0.817188	0.794997	0.777679	0.761085	0.740985	0.712024	0.67077	0.609185	0.532641	0.434134	0.309321	0.155039	-0.0192887	-0.20893	-0.403293	-0.571122	-0.690185	-0.748599	-0.763445	-0.753125	-0.714719	-0.635484	-0.508785	-0.346361	-0.159053	0.0345907	0.209783	0.347927	0.435868	0.489372	0.517846	0.517846	
-0.722046	-0.656207	-0.52547	-0.343372	-0.13063	0.106279	0.355919	0.616358	0.857294	1.04782	1.17977	1.24675	1.242	1.18016	1.08523	0.983614	0.889442	0.820481	0.777557	0.754849	0.750464	0.749948	0.744196	0.728425	0.690497	0.631861	0.566753	0.479698	0.368009	0.225439	0.0542005	-0.129117	-0.305822	-0.457294	-0.56757	-0.630997	-0.663564	-0.675596	-0.661146	-0.606371	-0.501835	-0.358232	-0.183512	0.0153595	0.208677	0.37415	0.498995	0.585896	0.633167	0.633167	
-0.624278	-0.518818	-0.346879	-0.128756	0.105637	0.356403	0.601935	0.836106	1.04782	1.21102	1.3033	1.31855	1.26489	1.16865	1.04566	0.927267	0.829622	0.758248	0.716091	0.704694	0.720422	0.739099	0.754673	0.75518	0.727092	0.67931	0.62065	0.534683	0.423353	0.279164	0.113059	-0.0534427	-0.208068	-0.333551	-0.425169	-0.48547	-0.528175	-0.556136	-0.559756	-0.530744	-0.45794	-0.34578	-0.192028	0.00330252	0.207116	0.393758	0.544271	0.654408	0.71716	0.71716	
-0.502971	-0.361389	-0.156969	0.0838829	0.331348	0.578729	0.804678	1.00528	1.17977	1.3033	1.35194	1.32468	1.23995	1.11918	0.983378	0.857949	0.757018	0.684119	0.648861	0.652806	0.683177	0.724552	0.764236	0.782319	0.769039	0.729875	0.663253	0.571245	0.460067	0.317874	0.164094	0.0186954	-0.105481	-0.20052	-0.272011	-0.324599	-0.370767	-0.408239	-0.42525	-0.415146	-0.376263	-0.304414	-0.177743	0.0028789	0.208231	0.408143	0.573549	0.700855	0.774179	0.774179	
-0.346851	-0.178938	0.0449904	0.293022	0.532766	0.758329	0.959204	1.12461	1.24675	1.31855	1.32468	1.26797	1.16561	1.03997	0.910963	0.794002	0.692549	0.624227	0.597534	0.604877	0.645583	0.706832	0.765039	0.79678	0.793667	0.750815	0.672051	0.569243	0.450325	0.321036	0.194923	0.0830667	-0.00847117	-0.0719918	-0.116144	-0.156899	-0.198636	-0.241194	-0.268582	-0.279329	-0.273875	-0.233084	-0.137634	0.0274754	0.230809	0.425506	0.593069	0.723295	0.796387	0.796387	
-0.161711	0.0242826	0.247038	0.479764	0.69118	0.884274	1.05386	1.17447	1.242	1.26489	1.23995	1.16561	1.06213	0.948336	0.840364	0.737494	0.646664	0.585555	0.55733	0.565883	0.612603	0.684345	0.751086	0.792709	0.794755	0.74317	0.647716	0.530022	0.403057	0.286209	0.191695	0.117617	0.068371	0.0413611	0.0236222	0.00446239	-0.0276685	-0.0705123	-0.10616	-0.13486	-0.154263	-0.146318	-0.0764162	0.0701315	0.257591	0.445365	0.604497	0.72551	0.796709	0.796709	
0.0305113	0.216206	0.416847	0.61972	0.79668	0.951001	1.07927	1.15391	1.18016	1.16865	1.11918	1.03997	0.948336	0.855002	0.767552	0.680221	0.601028	0.545632	0.521056	0.533949	0.581542	0.6535	0.727118	0.776721	0.775525	0.712926	0.60065	0.469548	0.338969	0.239036	0.173052	0.129382	0.116185	0.119031	0.130824	0.142436	0.12795	0.0905672	0.0498476	0.00173403	-0.0390473	-0.055833	-0.015496	0.107714	0.273756	0.44847	0.601807	0.715256	0.785089	0.785089	
0.199514	0.373052	0.549508	0.719551	0.860437	0.969867	1.0517	1.08988	1.08523	1.04566	0.983378	0.910963	0.840364	0.767552	0.692076	0.61954	0.54167	0.486437	0.464802	0.482032	0.53789	0.616034	0.695177	0.746473	0.739452	0.670477	0.549882	0.404407	0.271795	0.178614	0.131746	0.120965	0.136352	0.169076	0.211024	0.249654	0.26093	0.236665	0.193084	0.130695	0.0690524	0.029645	0.0382815	0.127347	0.267416	0.420788	0.562657	0.669442	0.73144	0.73144	
0.336561	0.499016	0.649315	0.782172	0.88302	0.955886	1.00018	1.0099	0.983614	0.927267	0.857949	0.794002	0.737494	0.680221	0.61954	0.544331	0.463601	0.404396	0.387749	0.416855	0.477867	0.559668	0.645093	0.699962	0.695966	0.62384	0.490024	0.337985	0.202922	0.112049	0.0763936	0.0842189	0.124546	0.184359	0.256235	0.326008	0.367313	0.362782	0.322849	0.257268	0.182224	0.119905	0.0944681	0.130807	0.222094	0.341356	0.459099	0.552897	0.606507	0.606507	
0.451561	0.603776	0.727314	0.81831	0.886434	0.926196	0.937318	0.926666	0.889442	0.829622	0.757018	0.692549	0.646664	0.601028	0.54167	0.463601	0.376501	0.317888	0.308061	0.346016	0.413064	0.497212	0.583128	0.642606	0.648576	0.578165	0.443859	0.282648	0.137272	0.0412018	0.00126277	0.0195889	0.0751673	0.156764	0.258832	0.356503	0.432061	0.45746	0.429119	0.36389	0.280255	0.194085	0.127991	0.108929	0.141006	0.214848	0.301411	0.373253	0.414602	0.414602	
0.547899	0.689543	0.786012	0.84756	0.886268	0.896032	0.881639	0.858178	0.820481	0.758248	0.684119	0.624227	0.585555	0.545632	0.486437	0.404396	0.317888	0.262193	0.260913	0.306952	0.37166	0.450143	0.531875	0.594593	0.607911	0.540518	0.402664	0.233064	0.0709584	-0.0432365	-0.0936072	-0.0833888	-0.0205233	0.0816957	0.206088	0.332677	0.440329	0.497159	0.492614	0.435855	0.348346	0.24016	0.13168	0.0532101	0.0225469	0.0492174	0.102219	0.153885	0.1842	0.1842	
0.633726	0.763796	0.84042	0.881108	0.891476	0.878998	0.849799	0.817188	0.777557	0.716091	0.648861	0.597534	0.55733	0.521056	0.464802	0.387749	0.308061	0.260913	0.271972	0.318597	0.376257	0.438485	0.507011	0.568135	0.579274	0.509397	0.360856	0.173388	-0.00112717	-0.132304	-0.201028	-0.208395	-0.146902	-0.0327649	0.106779	0.264516	0.402578	0.486839	0.507878	0.460681	0.36606	0.238527	0.0943342	-0.0360983	-0.119987	-0.139947	-0.12291	-0.0937948	-0.0770745	-0.0770745	
0.71293	0.822418	0.885042	0.905021	0.900323	0.874324	0.832034	0.794997	0.754849	0.704694	0.652806	0.604877	0.565883	0.533949	0.482032	0.416855	0.346016	0.306952	0.318597	0.356323	0.404919	0.455199	0.512589	0.564054	0.563738	0.485685	0.330944	0.127154	-0.062898	-0.214556	-0.307171	-0.329372	-0.276782	-0.15717	0.00175833	0.173647	0.329014	0.440034	0.480774	0.447277	0.350214	0.206257	0.0272297	-0.151271	-0.282068	-0.35549	-0.378017	-0.374336	-0.375736	-0.375736	
0.775684	0.862227	0.905082	0.912919	0.897022	0.859142	0.809827	0.777679	0.750464	0.720422	0.683177	0.645583	0.612603	0.581542	0.53789	0.477867	0.413064	0.37166	0.376257	0.404919	0.441901	0.479494	0.529317	0.57184	0.566787	0.482614	0.317788	0.106397	-0.0968325	-0.264326	-0.383717	-0.425986	-0.387792	-0.271622	-0.0995845	0.0835002	0.252129	0.3793	0.432582	0.408621	0.310192	0.144678	-0.0596516	-0.274563	-0.456727	-0.576709	-0.646112	-0.681763	-0.698597	-0.698597	
0.808991	0.874334	0.90087	0.899508	0.874554	0.82861	0.783998	0.761085	0.749948	0.739099	0.724552	0.706832	0.684345	0.6535	0.616034	0.559668	0.497212	0.450143	0.438485	0.455199	0.479494	0.514866	0.559211	0.590498	0.576652	0.486892	0.320744	0.109786	-0.104909	-0.289793	-0.430846	-0.497914	-0.474398	-0.360177	-0.183903	0.00395027	0.179331	0.310249	0.370776	0.353804	0.252882	0.0733162	-0.151013	-0.392855	-0.61386	-0.777208	-0.892473	-0.964786	-1.00038	-1.00038	
0.807258	0.857817	0.87239	0.863283	0.837093	0.793759	0.757743	0.740985	0.744196	0.754673	0.764236	0.765039	0.751086	0.727118	0.695177	0.645093	0.583128	0.531875	0.507011	0.512589	0.529317	0.559211	0.591813	0.60502	0.574917	0.479079	0.315063	0.110311	-0.109292	-0.309647	-0.463967	-0.547151	-0.533619	-0.424334	-0.251027	-0.0625777	0.109032	0.234967	0.302795	0.290688	0.190103	0.0134076	-0.221797	-0.478955	-0.718457	-0.919077	-1.07263	-1.17133	-1.22802	-1.22802	
0.760524	0.804401	0.815214	0.806537	0.785855	0.751418	0.720892	0.712024	0.728425	0.75518	0.782319	0.79678	0.792709	0.776721	0.746473	0.699962	0.642606	0.594593	0.568135	0.564054	0.57184	0.590498	0.60502	0.596608	0.548403	0.446719	0.285594	0.0874553	-0.126847	-0.331228	-0.490667	-0.580078	-0.569263	-0.466839	-0.304911	-0.121118	0.0430364	0.164979	0.235341	0.234577	0.145433	-0.0215532	-0.246992	-0.502097	-0.749783	-0.970166	-1.14804	-1.27328	-1.34135	-1.34135	
0.659566	0.703436	0.720924	0.720861	0.711165	0.689124	0.669944	0.67077	0.690497	0.727092	0.769039	0.793667	0.794755	0.775525	0.739452	0.695966	0.648576	0.607911	0.579274	0.563738	0.566787	0.576652	0.574917	0.548403	0.486635	0.380148	0.229405	0.0478388	-0.157636	-0.356858	-0.510977	-0.59342	-0.5846	-0.490719	-0.339747	-0.169042	-0.0138068	0.110585	0.188382	0.201893	0.136521	-0.00729095	-0.214053	-0.452604	-0.696037	-0.9256	-1.11338	-1.25535	-1.33049	-1.33049	
0.512492	0.559314	0.585646	0.598157	0.605221	0.600559	0.602141	0.609185	0.631861	0.67931	0.729875	0.750815	0.74317	0.712926	0.670477	0.62384	0.578165	0.540518	0.509397	0.485685	0.482614	0.486892	0.479079	0.446719	0.380148	0.280652	0.148667	-0.0119667	-0.198435	-0.377731	-0.520129	-0.59028	-0.577558	-0.492882	-0.357955	-0.199144	-0.0449081	0.0833954	0.176132	0.208872	0.169694	0.054479	-0.121971	-0.336437	-0.568394	-0.790024	-0.980727	-1.12742	-1.20526	-1.20526	
0.340566	0.383396	0.414384	0.43988	0.46262	0.480857	0.509539	0.532641	0.566753	0.62065	0.663253	0.672051	0.647716	0.60065	0.549882	0.490024	0.443859	0.402664	0.360856	0.330944	0.317788	0.320744	0.315063	0.285594	0.229405	0.148667	0.0381999	-0.0919994	-0.246766	-0.396628	-0.51526	-0.570963	-0.551071	-0.478743	-0.359235	-0.211425	-0.0589981	0.0816781	0.192351	0.248838	0.238405	0.156276	0.0140648	-0.173214	-0.383213	-0.587935	-0.767957	-0.903573	-0.979339	-0.979339	
0.165365	0.195683	0.230149	0.258549	0.288823	0.329646	0.383944	0.434134	0.479698	0.534683	0.571245	0.569243	0.530022	0.469548	0.404407	0.337985	0.282648	0.233064	0.173388	0.127154	0.106397	0.109786	0.110311	0.0874553	0.0478388	-0.0119667	-0.0919994	-0.188575	-0.304975	-0.423428	-0.513083	-0.547413	-0.5279	-0.46406	-0.354201	-0.219739	-0.0645299	0.0925125	0.217707	0.297988	0.312422	0.26685	0.164805	0.0156904	-0.156719	-0.334086	-0.48695	-0.605538	-0.672133	-0.672133	
-0.000653422	0.016387	0.0412944	0.0672407	0.10183	0.161852	0.238001	0.309321	0.368009	0.423353	0.460067	0.450325	0.403057	0.338969	0.271795	0.202922	0.137272	0.0709584	-0.00112717	-0.062898	-0.0968325	-0.104909	-0.109292	-0.126847	-0.157636	-0.198435	-0.246766	-0.304975	-0.375856	-0.451991	-0.510046	-0.531302	-0.510691	-0.451701	-0.357724	-0.232537	-0.0767555	0.0867565	0.227118	0.330271	0.372283	0.363832	0.308993	0.205018	0.0764291	-0.0570473	-0.171807	-0.259798	-0.309122	-0.309122	
-0.154571	-0.156409	-0.145547	-0.120191	-0.0808466	-0.0103639	0.0744532	0.155039	0.225439	0.279164	0.317874	0.321036	0.286209	0.239036	0.178614	0.112049	0.0412018	-0.0432365	-0.132304	-0.214556	-0.264326	-0.289793	-0.309647	-0.331228	-0.356858	-0.377731	-0.396628	-0.423428	-0.451991	-0.490646	-0.516866	-0.520098	-0.500249	-0.446645	-0.369989	-0.255169	-0.107025	0.0581632	0.215429	0.335527	0.407531	0.4371	0.428729	0.373484	0.293212	0.207687	0.131092	0.0782132	0.0450012	0.0450012	
-0.298105	-0.323313	-0.323963	-0.305314	-0.259064	-0.189211	-0.104565	-0.0192887	0.0542005	0.113059	0.164094	0.194923	0.191695	0.173052	0.131746	0.0763936	0.00126277	-0.0936072	-0.201028	-0.307171	-0.383717	-0.430846	-0.463967	-0.490667	-0.510977	-0.520129	-0.51526	-0.513083	-0.510046	-0.516866	-0.523116	-0.517389	-0.498504	-0.454036	-0.384495	-0.280993	-0.144335	0.0200834	0.182292	0.315311	0.413851	0.477751	0.509264	0.500176	0.463584	0.416417	0.373684	0.347305	0.327327	0.327327	
-0.440173	-0.482095	-0.498993	-0.487399	-0.441329	-0.373721	-0.296335	-0.20893	-0.129117	-0.0534427	0.0186954	0.0830667	0.117617	0.129382	0.120965	0.0842189	0.0195889	-0.0833888	-0.208395	-0.329372	-0.425986	-0.497914	-0.547151	-0.580078	-0.59342	-0.59028	-0.570963	-0.547413	-0.531302	-0.520098	-0.517389	-0.512421	-0.493821	-0.459271	-0.398461	-0.30868	-0.187768	-0.032205	0.128941	0.273676	0.393638	0.481349	0.539895	0.561721	0.551741	0.534681	0.52056	0.511687	0.508345	0.508345	
-0.578648	-0.633277	-0.660336	-0.654444	-0.617099	-0.556868	-0.491813	-0.403293	-0.305822	-0.208068	-0.105481	-0.00847117	0.068371	0.116185	0.136352	0.124546	0.0751673	-0.0205233	-0.146902	-0.276782	-0.387792	-0.474398	-0.533619	-0.569263	-0.5846	-0.577558	-0.551071	-0.5279	-0.510691	-0.500249	-0.498504	-0.493821	-0.483802	-0.457654	-0.410345	-0.340401	-0.235043	-0.0956244	0.0577503	0.208099	0.336518	0.439425	0.513008	0.551464	0.561132	0.560414	0.562209	0.561291	0.565871	0.565871	
-0.703139	-0.764709	-0.799231	-0.801073	-0.770358	-0.722711	-0.65971	-0.571122	-0.457294	-0.333551	-0.20052	-0.0719918	0.0413611	0.119031	0.169076	0.184359	0.156764	0.0816957	-0.0327649	-0.15717	-0.271622	-0.360177	-0.424334	-0.466839	-0.490719	-0.492882	-0.478743	-0.46406	-0.451701	-0.446645	-0.454036	-0.459271	-0.457654	-0.449	-0.419412	-0.371635	-0.29489	-0.178881	-0.041074	0.104676	0.240682	0.35455	0.433554	0.478256	0.497654	0.501911	0.509297	0.51611	0.521008	0.521008	
-0.796147	-0.868674	-0.907181	-0.913809	-0.885852	-0.839389	-0.77587	-0.690185	-0.56757	-0.425169	-0.272011	-0.116144	0.0236222	0.130824	0.211024	0.256235	0.258832	0.206088	0.106779	0.00175833	-0.0995845	-0.183903	-0.251027	-0.304911	-0.339747	-0.357955	-0.359235	-0.354201	-0.357724	-0.369989	-0.384495	-0.398461	-0.410345	-0.419412	-0.421755	-0.410198	-0.368474	-0.284196	-0.167694	-0.0281357	0.109833	0.22558	0.308385	0.351936	0.372272	0.382936	0.392053	0.400289	0.408018	0.408018	
-0.842101	-0.926829	-0.970275	-0.975373	-0.945701	-0.893863	-0.831055	-0.748599	-0.630997	-0.48547	-0.324599	-0.156899	0.00446239	0.142436	0.249654	0.326008	0.356503	0.332677	0.264516	0.173647	0.0835002	0.00395027	-0.0625777	-0.121118	-0.169042	-0.199144	-0.211425	-0.219739	-0.232537	-0.255169	-0.280993	-0.30868	-0.340401	-0.371635	-0.410198	-0.437578	-0.43065	-0.383377	-0.295988	-0.174451	-0.046347	0.0662108	0.144907	0.185173	0.207161	0.216679	0.225794	0.235102	0.240055	0.240055	
-0.834371	-0.92535	-0.974229	-0.977377	-0.947564	-0.895677	-0.833802	-0.763445	-0.663564	-0.528175	-0.370767	-0.198636	-0.0276685	0.12795	0.26093	0.367313	0.432061	0.440329	0.402578	0.329014	0.252129	0.179331	0.109032	0.0430364	-0.0138068	-0.0449081	-0.0589981	-0.0645299	-0.0767555	-0.107025	-0.144335	-0.187768	-0.235043	-0.29489	-0.368474	-0.43065	-0.465259	-0.456404	-0.399273	-0.305772	-0.198104	-0.0985671	-0.035671	-0.00836092	0.00538816	0.00986108	0.0180268	0.0273209	0.0330912	0.0330912	
-0.771188	-0.860908	-0.909873	-0.916259	-0.89179	-0.85162	-0.80295	-0.753125	-0.675596	-0.556136	-0.408239	-0.241194	-0.0705123	0.0905672	0.236665	0.362782	0.45746	0.497159	0.486839	0.440034	0.3793	0.310249	0.234967	0.164979	0.110585	0.0833954	0.0816781	0.0925125	0.0867565	0.0581632	0.0200834	-0.032205	-0.0956244	-0.178881	-0.284196	-0.383377	-0.456404	-0.48254	-0.46265	-0.406298	-0.327234	-0.258273	-0.217277	-0.206597	-0.210338	-0.213754	-0.213811	-0.208775	-0.204899	-0.204899	
-0.657287	-0.73924	-0.787642	-0.798195	-0.789776	-0.768472	-0.743645	-0.714719	-0.661146	-0.559756	-0.42525	-0.268582	-0.10616	0.0498476	0.193084	0.322849	0.429119	0.492614	0.507878	0.480774	0.432582	0.370776	0.302795	0.235341	0.188382	0.176132	0.192351	0.217707	0.227118	0.215429	0.182292	0.128941	0.0577503	-0.041074	-0.167694	-0.295988	-0.399273	-0.46265	-0.481347	-0.465452	-0.425963	-0.389226	-0.377295	-0.387277	-0.411617	-0.432844	-0.443513	-0.446912	-0.445834	-0.445834	
-0.503879	-0.569362	-0.61272	-0.630829	-0.641394	-0.642323	-0.641825	-0.635484	-0.606371	-0.530744	-0.415146	-0.279329	-0.13486	0.00173403	0.130695	0.257268	0.36389	0.435855	0.460681	0.447277	0.408621	0.353804	0.290688	0.234577	0.201893	0.208872	0.248838	0.297988	0.330271	0.335527	0.315311	0.273676	0.208099	0.104676	-0.0281357	-0.174451	-0.305772	-0.406298	-0.465452	-0.495291	-0.504397	-0.503577	-0.519129	-0.54565	-0.583128	-0.613376	-0.629081	-0.63752	-0.635107	-0.635107	
-0.334057	-0.37674	-0.413839	-0.437595	-0.45875	-0.476713	-0.494349	-0.508785	-0.501835	-0.45794	-0.376263	-0.273875	-0.154263	-0.0390473	0.0690524	0.182224	0.280255	0.348346	0.36606	0.350214	0.310192	0.252882	0.190103	0.145433	0.136521	0.169694	0.238405	0.312422	0.372283	0.407531	0.413851	0.393638	0.336518	0.240682	0.109833	-0.046347	-0.198104	-0.327234	-0.425963	-0.504397	-0.552935	-0.592863	-0.630106	-0.664372	-0.709704	-0.738478	-0.756817	-0.759611	-0.757091	-0.757091	
-0.166381	-0.187528	-0.211049	-0.232102	-0.261791	-0.286359	-0.31562	-0.346361	-0.358232	-0.34578	-0.304414	-0.233084	-0.146318	-0.055833	0.029645	0.119905	0.194085	0.24016	0.238527	0.206257	0.144678	0.0733162	0.0134076	-0.0215532	-0.00729095	0.054479	0.156276	0.26685	0.363832	0.4371	0.477751	0.481349	0.439425	0.35455	0.22558	0.0662108	-0.0985671	-0.258273	-0.389226	-0.503577	-0.592863	-0.656896	-0.705747	-0.739781	-0.775827	-0.798373	-0.809818	-0.807979	-0.802429	-0.802429	
-0.023781	-0.0163416	-0.0211456	-0.038576	-0.0642338	-0.0907564	-0.125201	-0.159053	-0.183512	-0.192028	-0.177743	-0.137634	-0.0764162	-0.015496	0.0382815	0.0944681	0.127991	0.13168	0.0943342	0.0272297	-0.0596516	-0.151013	-0.221797	-0.246992	-0.214053	-0.121971	0.0140648	0.164805	0.308993	0.428729	0.509264	0.539895	0.513008	0.433554	0.308385	0.144907	-0.035671	-0.217277	-0.377295	-0.519129	-0.630106	-0.705747	-0.751261	-0.770292	-0.785781	-0.790574	-0.788157	-0.777393	-0.767234	-0.767234	
0.0839185	0.117178	0.131412	0.127328	0.111301	0.0912751	0.0631397	0.0345907	0.0153595	0.00330252	0.0028789	0.0274754	0.0701315	0.107714	0.127347	0.130807	0.108929	0.0532101	-0.0360983	-0.151271	-0.274563	-0.392855	-0.478955	-0.502097	-0.452604	-0.336437	-0.173214	0.0156904	0.205018	0.373484	0.500176	0.561721	0.551464	0.478256	0.351936	0.185173	-0.00836092	-0.206597	-0.387277	-0.54565	-0.664372	-0.739781	-0.770292	-0.765146	-0.750968	-0.730144	-0.709092	-0.688636	-0.673617	-0.673617	
0.150146	0.201488	0.234124	0.244602	0.238841	0.230148	0.219714	0.209783	0.208677	0.207116	0.208231	0.230809	0.257591	0.273756	0.267416	0.222094	0.141006	0.0225469	-0.119987	-0.282068	-0.456727	-0.61386	-0.718457	-0.749783	-0.696037	-0.568394	-0.383213	-0.156719	0.0764291	0.293212	0.463584	0.551741	0.561132	0.497654	0.372272	0.207161	0.00538816	-0.210338	-0.411617	-0.583128	-0.709704	-0.775827	-0.785781	-0.750968	-0.693929	-0.641438	-0.593628	-0.558931	-0.53938	-0.53938	
0.162958	0.222785	0.26367	0.280588	0.292807	0.301928	0.318979	0.347927	0.37415	0.393758	0.408143	0.425506	0.445365	0.44847	0.420788	0.341356	0.214848	0.0492174	-0.139947	-0.35549	-0.576709	-0.777208	-0.919077	-0.970166	-0.9256	-0.790024	-0.587935	-0.334086	-0.0570473	0.207687	0.416417	0.534681	0.560414	0.501911	0.382936	0.216679	0.00986108	-0.213754	-0.432844	-0.613376	-0.738478	-0.798373	-0.790574	-0.730144	-0.641438	-0.555946	-0.483682	-0.43553	-0.409104	-0.409104	
0.139789	0.19543	0.236407	0.261624	0.285335	0.315839	0.367358	0.435868	0.498995	0.544271	0.573549	0.593069	0.604497	0.601807	0.562657	0.459099	0.301411	0.102219	-0.12291	-0.378017	-0.646112	-0.892473	-1.07263	-1.14804	-1.11338	-0.980727	-0.767957	-0.48695	-0.171807	0.131092	0.373684	0.52056	0.562209	0.509297	0.392053	0.225794	0.0180268	-0.213811	-0.443513	-0.629081	-0.756817	-0.809818	-0.788157	-0.709092	-0.593628	-0.483682	-0.396024	-0.342559	-0.314932	-0.314932	
0.105531	0.155072	0.190081	0.217489	0.249833	0.297508	0.382064	0.489372	0.585896	0.654408	0.700855	0.723295	0.72551	0.715256	0.669442	0.552897	0.373253	0.153885	-0.0937948	-0.374336	-0.681763	-0.964786	-1.17133	-1.27328	-1.25535	-1.12742	-0.903573	-0.605538	-0.259798	0.0782132	0.347305	0.511687	0.561291	0.51611	0.400289	0.235102	0.0273209	-0.208775	-0.446912	-0.63752	-0.759611	-0.807979	-0.777393	-0.688636	-0.558931	-0.43553	-0.342559	-0.280292	-0.256522	-0.256522	
0.0826669	0.127012	0.160292	0.187915	0.226958	0.285531	0.386719	0.517846	0.633167	0.71716	0.774179	0.796387	0.796709	0.785089	0.73144	0.606507	0.414602	0.1842	-0.0770745	-0.375736	-0.698597	-1.00038	-1.22802	-1.34135	-1.33049	-1.20526	-0.979339	-0.672133	-0.309122	0.0450012	0.327327	0.508345	0.565871	0.521008	0.408018	0.240055	0.0330912	-0.204899	-0.445834	-0.635107	-0.757091	-0.802429	-0.767234	-0.673617	-0.53938	-0.409104	-0.314932	-0.256522	-0.232889	-0.232889	
0.0826669	0.127012	0.160292	0.187915	0.226958	0.285531	0.386719	0.517846	0.633167	0.71716	0.774179	0.796387	0.796709	0.785089	0.73144	0.606507	0.414602	0.1842	-0.0770745	-0.375736	-0.698597	-1.00038	-1.22802	-1.34135	-1.33049	-1.20526	-0.979339	-0.672133	-0.309122	0.0450012	0.327327	0.508345	0.565871	0.521008	0.408018	0.240055	0.0330912	-0.204899	-0.445834	-0.635107	-0.757091	-0.802429	-0.767234	-0.673617	-0.53938	-0.409104	-0.314932	-0.256522	-0.232889	-0.232889	
