2.47021	2.47021	2.3888	2.24985	2.04783	1.77927	1.48112	1.19225	0.944186	0.749368	0.6295	0.598219	0.640053	0.728871	0.851192	0.969784	1.05472	1.10645	1.12251	1.10887	1.07189	1.01452	0.950896	0.91347	0.894524	0.88832	0.908005	0.949732	0.993825	1.02372	1.02643	1.01403	1.00707	1.01518	1.06059	1.1486	1.25092	1.35578	1.44374	1.50415	1.51078	1.45283	1.33413	1.14918	0.898863	0.610224	0.319	0.0632166	-0.139694	-0.272804	
2.47021	2.47021	2.3888	2.24985	2.04783	1.77927	1.48112	1.19225	0.944186	0.749368	0.6295	0.598219	0.640053	0.728871	0.851192	0.969784	1.05472	1.10645	1.12251	1.10887	1.07189	1.01452	0.950896	0.91347	0.894524	0.88832	0.908005	0.949732	0.993825	1.02372	1.02643	1.01403	1.00707	1.01518	1.06059	1.1486	1.25092	1.35578	1.44374	1.50415	1.51078	1.45283	1.33413	1.14918	0.898863	0.610224	0.319	0.0632166	-0.139694	-0.272804	
2.3888	2.3888	2.30424	2.16568	1.96552	1.6998	1.40774	1.11937	0.863386	0.669221	0.556057	0.525406	0.569454	0.665194	0.785824	0.902162	0.99024	1.04383	1.06175	1.04633	1.00341	0.952537	0.901272	0.863087	0.842543	0.83675	0.849812	0.888884	0.934317	0.966035	0.975452	0.968374	0.960603	0.972199	1.02172	1.11162	1.21451	1.31549	1.39713	1.44964	1.45251	1.39631	1.27246	1.08578	0.848204	0.573101	0.290418	0.0433258	-0.153412	-0.280031	
2.24985	2.24985	2.16568	2.01981	1.81031	1.54762	1.27184	0.993208	0.731385	0.527278	0.413653	0.383881	0.428224	0.526411	0.654585	0.775459	0.863793	0.916868	0.935678	0.9146	0.867925	0.829774	0.792703	0.756131	0.737454	0.738318	0.753715	0.789909	0.831173	0.859486	0.874886	0.87741	0.879178	0.898702	0.955415	1.0481	1.14782	1.23897	1.30396	1.33371	1.323	1.26325	1.13994	0.966916	0.759822	0.51199	0.247129	0.0157867	-0.163109	-0.27534	
2.04783	2.04783	1.96552	1.81031	1.59018	1.33225	1.06823	0.801321	0.544807	0.335848	0.212265	0.181143	0.222639	0.322635	0.464565	0.599722	0.689013	0.740342	0.752915	0.724156	0.684008	0.659906	0.633479	0.60517	0.591035	0.594697	0.61496	0.650879	0.684694	0.711749	0.732105	0.748738	0.764011	0.791616	0.856129	0.954941	1.05248	1.13352	1.17476	1.17387	1.13839	1.06911	0.955047	0.810565	0.637995	0.42481	0.185107	-0.0236382	-0.172755	-0.259797	
1.77927	1.77927	1.6998	1.54762	1.33225	1.07768	0.810543	0.53984	0.292351	0.0941812	-0.0278274	-0.064092	-0.0223283	0.0806992	0.229642	0.370628	0.466767	0.521165	0.528743	0.497683	0.466302	0.452656	0.434981	0.416667	0.404481	0.406444	0.429479	0.463555	0.497977	0.53047	0.56183	0.590638	0.619423	0.654392	0.724576	0.827383	0.923093	0.989461	1.00629	0.98101	0.924506	0.843013	0.743674	0.624444	0.478491	0.298635	0.100204	-0.0697001	-0.180855	-0.232603	
1.48112	1.48112	1.40774	1.27184	1.06823	0.810543	0.531398	0.253763	0.00535814	-0.181844	-0.294946	-0.325411	-0.279265	-0.173973	-0.0381779	0.0973717	0.2031	0.265147	0.2767	0.259578	0.237692	0.218166	0.202052	0.196261	0.192603	0.195165	0.216956	0.254699	0.294694	0.338501	0.380039	0.418152	0.453776	0.500372	0.576087	0.678722	0.766058	0.808974	0.800815	0.759577	0.688835	0.60371	0.516663	0.418969	0.298363	0.157243	0.0134796	-0.0990844	-0.167156	-0.188285	
1.19225	1.19225	1.11937	0.993208	0.801321	0.53984	0.253763	-0.0244503	-0.269964	-0.458657	-0.565441	-0.589566	-0.535263	-0.430482	-0.30333	-0.178059	-0.0706105	-0.00237891	0.0249482	0.0276807	0.00983852	-0.0180767	-0.0379185	-0.0412118	-0.0361792	-0.0211165	0.00871656	0.0490182	0.0953071	0.144432	0.19364	0.240412	0.292305	0.352643	0.428963	0.518592	0.587622	0.608632	0.58581	0.531823	0.451956	0.360284	0.275156	0.194963	0.111241	0.0237421	-0.050379	-0.0995606	-0.126094	-0.124474	
0.944186	0.944186	0.863386	0.731385	0.544807	0.292351	0.00535814	-0.269964	-0.510916	-0.69967	-0.811261	-0.831711	-0.776348	-0.671847	-0.545892	-0.42151	-0.31889	-0.248848	-0.207016	-0.190769	-0.203592	-0.234088	-0.259454	-0.267099	-0.255897	-0.229958	-0.193498	-0.143857	-0.091042	-0.0373828	0.0168686	0.0761721	0.140158	0.207483	0.277544	0.344556	0.390864	0.402752	0.374231	0.309709	0.220534	0.126768	0.0425694	-0.0169084	-0.0586702	-0.0854806	-0.0963544	-0.0893061	-0.0717255	-0.0487274	
0.749368	0.749368	0.669221	0.527278	0.335848	0.0941812	-0.181844	-0.458657	-0.69967	-0.887049	-0.996654	-1.02048	-0.971594	-0.872917	-0.740815	-0.613646	-0.517635	-0.446538	-0.395856	-0.377733	-0.387457	-0.407233	-0.435333	-0.455029	-0.447332	-0.418927	-0.375957	-0.3147	-0.244636	-0.181952	-0.120863	-0.0592636	0.00596295	0.0674007	0.124683	0.170553	0.197905	0.202328	0.169795	0.098412	0.00473165	-0.086159	-0.157456	-0.195746	-0.195949	-0.169549	-0.125483	-0.0639199	0.0018409	0.0514252	
0.6295	0.6295	0.556057	0.413653	0.212265	-0.0278274	-0.294946	-0.565441	-0.811261	-0.996654	-1.10708	-1.13465	-1.09787	-1.0048	-0.874186	-0.743427	-0.645686	-0.571229	-0.522746	-0.510274	-0.518914	-0.534305	-0.559803	-0.577782	-0.576558	-0.562167	-0.522591	-0.445602	-0.352524	-0.267705	-0.201502	-0.15178	-0.109542	-0.0653477	-0.0189764	0.0211299	0.0370273	0.0260079	-0.0193754	-0.0974671	-0.188174	-0.26507	-0.31574	-0.328591	-0.29112	-0.220197	-0.127415	-0.0133035	0.0962531	0.170582	
0.598219	0.598219	0.525406	0.383881	0.181143	-0.064092	-0.325411	-0.589566	-0.831711	-1.02048	-1.13465	-1.17553	-1.14718	-1.05867	-0.931637	-0.802501	-0.696605	-0.618939	-0.579544	-0.577326	-0.593902	-0.614139	-0.632759	-0.643962	-0.648488	-0.640903	-0.600577	-0.521314	-0.415693	-0.314603	-0.24624	-0.207274	-0.184197	-0.162484	-0.132279	-0.101474	-0.0991784	-0.131627	-0.190487	-0.269554	-0.347614	-0.409575	-0.440187	-0.425031	-0.354282	-0.240347	-0.0955968	0.0621439	0.198631	0.293839	
0.640053	0.640053	0.569454	0.428224	0.222639	-0.0223283	-0.279265	-0.535263	-0.776348	-0.971594	-1.09787	-1.14718	-1.12057	-1.03383	-0.915005	-0.789157	-0.675788	-0.601713	-0.571907	-0.575733	-0.598094	-0.628618	-0.646015	-0.656309	-0.663624	-0.649737	-0.601705	-0.523695	-0.426618	-0.331843	-0.26622	-0.230679	-0.221411	-0.219517	-0.211253	-0.207071	-0.220561	-0.265918	-0.334259	-0.408071	-0.469819	-0.515304	-0.52119	-0.469304	-0.369215	-0.221196	-0.0386607	0.143509	0.29497	0.398875	
0.728871	0.728871	0.665194	0.526411	0.322635	0.0806992	-0.173973	-0.430482	-0.671847	-0.872917	-1.0048	-1.05867	-1.03383	-0.949698	-0.833583	-0.710955	-0.602477	-0.537761	-0.514558	-0.518848	-0.540668	-0.573582	-0.600722	-0.625093	-0.632168	-0.601413	-0.539692	-0.466845	-0.389374	-0.315828	-0.256482	-0.226221	-0.224438	-0.239564	-0.261187	-0.289214	-0.317342	-0.367033	-0.435647	-0.500103	-0.554717	-0.583268	-0.559467	-0.475034	-0.34248	-0.168669	0.0296304	0.22089	0.37929	0.487265	
0.851192	0.851192	0.785824	0.654585	0.464565	0.229642	-0.0381779	-0.30333	-0.545892	-0.740815	-0.874186	-0.931637	-0.915005	-0.833583	-0.722332	-0.60552	-0.504557	-0.443253	-0.426185	-0.435783	-0.459662	-0.491621	-0.525135	-0.551197	-0.550463	-0.51278	-0.449947	-0.384816	-0.322058	-0.262966	-0.212295	-0.195697	-0.209301	-0.240157	-0.28437	-0.332045	-0.376905	-0.434541	-0.501934	-0.564767	-0.610412	-0.614641	-0.558764	-0.447918	-0.285896	-0.0955303	0.102895	0.285235	0.43938	0.55264	
0.969784	0.969784	0.902162	0.775459	0.599722	0.370628	0.0973717	-0.178059	-0.42151	-0.613646	-0.743427	-0.802501	-0.789157	-0.710955	-0.60552	-0.495788	-0.402947	-0.343289	-0.32744	-0.339374	-0.365707	-0.397371	-0.429035	-0.445339	-0.43154	-0.393882	-0.344239	-0.290927	-0.236024	-0.185413	-0.152677	-0.148335	-0.178025	-0.225839	-0.282328	-0.336437	-0.400239	-0.470421	-0.536896	-0.596738	-0.628026	-0.603204	-0.517549	-0.382092	-0.201903	-0.00323672	0.185745	0.346827	0.478183	0.587007	
1.05472	1.05472	0.99024	0.863793	0.689013	0.466767	0.2031	-0.0706105	-0.31889	-0.517635	-0.645686	-0.696605	-0.675788	-0.602477	-0.504557	-0.402947	-0.316538	-0.260928	-0.238985	-0.245941	-0.268098	-0.297471	-0.320031	-0.324514	-0.305037	-0.276647	-0.237939	-0.188405	-0.139014	-0.10456	-0.0913461	-0.0972224	-0.137518	-0.196313	-0.25798	-0.320961	-0.391779	-0.467771	-0.534355	-0.58477	-0.592654	-0.546015	-0.436684	-0.276558	-0.0922284	0.0972299	0.268237	0.403368	0.510511	0.598922	
1.10645	1.10645	1.04383	0.916868	0.740342	0.521165	0.265147	-0.00237891	-0.248848	-0.446538	-0.571229	-0.618939	-0.601713	-0.537761	-0.443253	-0.343289	-0.260928	-0.209987	-0.178719	-0.175122	-0.190335	-0.216819	-0.226592	-0.220377	-0.202511	-0.178541	-0.140733	-0.0945354	-0.0568463	-0.0388554	-0.0393939	-0.0501597	-0.0850178	-0.145293	-0.216931	-0.294099	-0.364619	-0.433895	-0.494533	-0.526421	-0.511779	-0.444816	-0.322726	-0.156354	0.0245767	0.192171	0.336938	0.454214	0.544886	0.610996	
1.12251	1.12251	1.06175	0.935678	0.752915	0.528743	0.2767	0.0249482	-0.207016	-0.395856	-0.522746	-0.579544	-0.571907	-0.514558	-0.426185	-0.32744	-0.238985	-0.178719	-0.140922	-0.129632	-0.140941	-0.157135	-0.152872	-0.140306	-0.125849	-0.0997622	-0.0593906	-0.0243103	0.00598137	0.0169294	0.00986814	-0.00911771	-0.0377846	-0.0871057	-0.15895	-0.246088	-0.316009	-0.373118	-0.420396	-0.435307	-0.394673	-0.306538	-0.174691	-0.0170739	0.145652	0.286054	0.406021	0.50338	0.574879	0.62283	
1.10887	1.10887	1.04633	0.9146	0.724156	0.497683	0.259578	0.0276807	-0.190769	-0.377733	-0.510274	-0.577326	-0.575733	-0.518848	-0.435783	-0.339374	-0.245941	-0.175122	-0.129632	-0.104047	-0.102188	-0.105843	-0.0983985	-0.0870753	-0.0716175	-0.0423648	-0.0112178	0.0153464	0.0483256	0.067208	0.0581742	0.0315411	-0.00429166	-0.0430425	-0.101478	-0.180326	-0.247459	-0.29096	-0.317726	-0.311316	-0.253709	-0.149513	-0.0124419	0.131364	0.26486	0.379551	0.476604	0.550399	0.595115	0.62346	
1.07189	1.07189	1.00341	0.867925	0.684008	0.466302	0.237692	0.00983852	-0.203592	-0.387457	-0.518914	-0.593902	-0.598094	-0.540668	-0.459662	-0.365707	-0.268098	-0.190335	-0.140941	-0.102188	-0.0772342	-0.0659927	-0.0592123	-0.0531657	-0.0394008	-0.0219228	-0.00143033	0.0282837	0.0718354	0.102853	0.102118	0.0740031	0.0274067	-0.011251	-0.0580249	-0.115216	-0.163769	-0.192807	-0.197635	-0.165845	-0.099677	0.00243861	0.130756	0.257616	0.363308	0.457713	0.534857	0.581852	0.603992	0.617182	
1.01452	1.01452	0.952537	0.829774	0.659906	0.452656	0.218166	-0.0180767	-0.234088	-0.407233	-0.534305	-0.614139	-0.628618	-0.573582	-0.491621	-0.397371	-0.297471	-0.216819	-0.157135	-0.105843	-0.0659927	-0.048607	-0.0393889	-0.0356595	-0.0312977	-0.0248108	-0.00323807	0.036382	0.0837386	0.120211	0.128225	0.108172	0.0643818	0.0185424	-0.0256732	-0.0595003	-0.0808206	-0.0909365	-0.0783572	-0.0310761	0.0411483	0.135309	0.241917	0.341251	0.430726	0.508861	0.569061	0.591254	0.593638	0.592782	
0.950896	0.950896	0.901272	0.792703	0.633479	0.434981	0.202052	-0.0379185	-0.259454	-0.435333	-0.559803	-0.632759	-0.646015	-0.600722	-0.525135	-0.429035	-0.320031	-0.226592	-0.152872	-0.0983985	-0.0592123	-0.0393889	-0.03199	-0.0382496	-0.0401159	-0.0271629	0.00665999	0.0486759	0.0919254	0.125039	0.137835	0.129057	0.0986753	0.0562482	0.0165783	-0.00619231	-0.00780234	0.00523064	0.0325085	0.0810598	0.155687	0.237712	0.317971	0.383902	0.450893	0.513228	0.55809	0.56458	0.548232	0.533581	
0.91347	0.91347	0.863087	0.756131	0.60517	0.416667	0.196261	-0.0412118	-0.267099	-0.455029	-0.577782	-0.643962	-0.656309	-0.625093	-0.551197	-0.445339	-0.324514	-0.220377	-0.140306	-0.0870753	-0.0531657	-0.0356595	-0.0382496	-0.0492122	-0.0443888	-0.0167679	0.0225284	0.0597181	0.0981095	0.133063	0.15194	0.150348	0.129926	0.099534	0.069304	0.04409	0.0452173	0.073343	0.114994	0.16471	0.229935	0.291634	0.345361	0.385788	0.423658	0.462029	0.487985	0.487107	0.46386	0.439897	
0.894524	0.894524	0.842543	0.737454	0.591035	0.404481	0.192603	-0.0361792	-0.255897	-0.447332	-0.576558	-0.648488	-0.663624	-0.632168	-0.550463	-0.43154	-0.305037	-0.202511	-0.125849	-0.0716175	-0.0394008	-0.0312977	-0.0401159	-0.0443888	-0.0265323	0.00685089	0.0440678	0.0768923	0.115903	0.152996	0.175447	0.181089	0.168134	0.14653	0.123212	0.0974108	0.0881839	0.113081	0.15552	0.207396	0.256199	0.293804	0.322246	0.347625	0.364727	0.375363	0.372695	0.361629	0.337277	0.317521	
0.88832	0.88832	0.83675	0.738318	0.594697	0.406444	0.195165	-0.0211165	-0.229958	-0.418927	-0.562167	-0.640903	-0.649737	-0.601413	-0.51278	-0.393882	-0.276647	-0.178541	-0.0997622	-0.0423648	-0.0219228	-0.0248108	-0.0271629	-0.0167679	0.00685089	0.038365	0.0731583	0.109147	0.15004	0.181644	0.200319	0.214676	0.209588	0.190113	0.165996	0.140234	0.124118	0.132257	0.155457	0.197382	0.235061	0.254584	0.260741	0.267004	0.269573	0.25951	0.236744	0.207673	0.181345	0.174624	
0.908005	0.908005	0.849812	0.753715	0.61496	0.429479	0.216956	0.00871656	-0.193498	-0.375957	-0.522591	-0.600577	-0.601705	-0.539692	-0.449947	-0.344239	-0.237939	-0.140733	-0.0593906	-0.0112178	-0.00143033	-0.00323807	0.00665999	0.0225284	0.0440678	0.0731583	0.109583	0.152874	0.195168	0.219377	0.2332	0.247523	0.242857	0.220247	0.187111	0.154561	0.135873	0.13296	0.132489	0.148036	0.173595	0.183	0.171855	0.150955	0.135755	0.116426	0.0902891	0.0552997	0.028745	0.0371059	
0.949732	0.949732	0.888884	0.789909	0.650879	0.463555	0.254699	0.0490182	-0.143857	-0.3147	-0.445602	-0.521314	-0.523695	-0.466845	-0.384816	-0.290927	-0.188405	-0.0945354	-0.0243103	0.0153464	0.0282837	0.036382	0.0486759	0.0597181	0.0768923	0.109147	0.152874	0.200602	0.242023	0.266469	0.273998	0.27216	0.259303	0.231219	0.183963	0.134528	0.107372	0.0917748	0.0737973	0.0665921	0.0755104	0.0807414	0.0625993	0.0222745	-0.0144575	-0.0407295	-0.0611421	-0.0868649	-0.0961041	-0.0684912	
0.993825	0.993825	0.934317	0.831173	0.684694	0.497977	0.294694	0.0953071	-0.091042	-0.244636	-0.352524	-0.415693	-0.426618	-0.389374	-0.322058	-0.236024	-0.139014	-0.0568463	0.00598137	0.0483256	0.0718354	0.0837386	0.0919254	0.0981095	0.115903	0.15004	0.195168	0.242023	0.28298	0.304793	0.30314	0.283036	0.253742	0.210344	0.148878	0.0855725	0.0384615	0.00570044	-0.0240103	-0.0426057	-0.0407506	-0.0394285	-0.0594316	-0.103777	-0.149469	-0.182523	-0.200161	-0.207904	-0.193137	-0.146504	
1.02372	1.02372	0.966035	0.859486	0.711749	0.53047	0.338501	0.144432	-0.0373828	-0.181952	-0.267705	-0.314603	-0.331843	-0.315828	-0.262966	-0.185413	-0.10456	-0.0388554	0.0169294	0.067208	0.102853	0.120211	0.125039	0.133063	0.152996	0.181644	0.219377	0.266469	0.304793	0.31962	0.302346	0.264492	0.213531	0.148265	0.0735309	0.00516194	-0.0555718	-0.10973	-0.151796	-0.171391	-0.172488	-0.173795	-0.190769	-0.224869	-0.261732	-0.287618	-0.302331	-0.297701	-0.265311	-0.205631	
1.02643	1.02643	0.975452	0.874886	0.732105	0.56183	0.380039	0.19364	0.0168686	-0.120863	-0.201502	-0.24624	-0.26622	-0.256482	-0.212295	-0.152677	-0.0913461	-0.0393939	0.00986814	0.0581742	0.102118	0.128225	0.137835	0.15194	0.175447	0.200319	0.2332	0.273998	0.30314	0.302346	0.267381	0.208343	0.137944	0.05642	-0.0236684	-0.0973108	-0.166562	-0.230633	-0.278271	-0.302461	-0.301883	-0.299552	-0.306506	-0.322848	-0.343484	-0.357959	-0.365457	-0.35424	-0.312329	-0.242848	
1.01403	1.01403	0.968374	0.87741	0.748738	0.590638	0.418152	0.240412	0.0761721	-0.0592636	-0.15178	-0.207274	-0.230679	-0.226221	-0.195697	-0.148335	-0.0972224	-0.0501597	-0.00911771	0.0315411	0.0740031	0.108172	0.129057	0.150348	0.181089	0.214676	0.247523	0.27216	0.283036	0.264492	0.208343	0.129673	0.0465188	-0.0416471	-0.127933	-0.209715	-0.281837	-0.337883	-0.377846	-0.39785	-0.396002	-0.381234	-0.373892	-0.378702	-0.387617	-0.389195	-0.38805	-0.371177	-0.322938	-0.242608	
1.00707	1.00707	0.960603	0.879178	0.764011	0.619423	0.453776	0.292305	0.140158	0.00596295	-0.109542	-0.184197	-0.221411	-0.224438	-0.209301	-0.178025	-0.137518	-0.0850178	-0.0377846	-0.00429166	0.0274067	0.0643818	0.0986753	0.129926	0.168134	0.209588	0.242857	0.259303	0.253742	0.213531	0.137944	0.0465188	-0.048498	-0.140917	-0.230446	-0.31493	-0.378941	-0.418196	-0.442263	-0.449388	-0.433939	-0.408504	-0.393983	-0.391996	-0.388162	-0.377047	-0.363476	-0.342234	-0.291796	-0.204151	
1.01518	1.01518	0.972199	0.898702	0.791616	0.654392	0.500372	0.352643	0.207483	0.0674007	-0.0653477	-0.162484	-0.219517	-0.239564	-0.240157	-0.225839	-0.196313	-0.145293	-0.0871057	-0.0430425	-0.011251	0.0185424	0.0562482	0.099534	0.14653	0.190113	0.220247	0.231219	0.210344	0.148265	0.05642	-0.0416471	-0.140917	-0.236125	-0.321231	-0.391947	-0.439724	-0.466105	-0.467923	-0.447173	-0.412134	-0.381373	-0.366961	-0.35847	-0.339035	-0.319888	-0.300371	-0.274466	-0.222086	-0.129964	
1.06059	1.06059	1.02172	0.955415	0.856129	0.724576	0.576087	0.428963	0.277544	0.124683	-0.0189764	-0.132279	-0.211253	-0.261187	-0.28437	-0.282328	-0.25798	-0.216931	-0.15895	-0.101478	-0.0580249	-0.0256732	0.0165783	0.069304	0.123212	0.165996	0.187111	0.183963	0.148878	0.0735309	-0.0236684	-0.127933	-0.230446	-0.321231	-0.39048	-0.44104	-0.468657	-0.475481	-0.449358	-0.400068	-0.35117	-0.325657	-0.312631	-0.292564	-0.261682	-0.239301	-0.213784	-0.177552	-0.115408	-0.0233049	
1.1486	1.1486	1.11162	1.0481	0.954941	0.827383	0.678722	0.518592	0.344556	0.170553	0.0211299	-0.101474	-0.207071	-0.289214	-0.332045	-0.336437	-0.320961	-0.294099	-0.246088	-0.180326	-0.115216	-0.0595003	-0.00619231	0.04409	0.0974108	0.140234	0.154561	0.134528	0.0855725	0.00516194	-0.0973108	-0.209715	-0.31493	-0.391947	-0.44104	-0.464784	-0.464236	-0.4444	-0.396501	-0.338107	-0.289913	-0.265444	-0.248803	-0.22244	-0.188881	-0.160731	-0.12727	-0.0746519	-0.00160015	0.0884919	
1.25092	1.25092	1.21451	1.14782	1.05248	0.923093	0.766058	0.587622	0.390864	0.197905	0.0370273	-0.0991784	-0.220561	-0.317342	-0.376905	-0.400239	-0.391779	-0.364619	-0.316009	-0.247459	-0.163769	-0.0808206	-0.00780234	0.0452173	0.0881839	0.124118	0.135873	0.107372	0.0384615	-0.0555718	-0.166562	-0.281837	-0.378941	-0.439724	-0.468657	-0.464236	-0.431715	-0.390864	-0.34334	-0.292799	-0.243135	-0.207518	-0.186694	-0.164522	-0.133456	-0.0964401	-0.0510243	0.0100574	0.087048	0.176561	
1.35578	1.35578	1.31549	1.23897	1.13352	0.989461	0.808974	0.608632	0.402752	0.202328	0.0260079	-0.131627	-0.265918	-0.367033	-0.434541	-0.470421	-0.467771	-0.433895	-0.373118	-0.29096	-0.192807	-0.0909365	0.00523064	0.073343	0.113081	0.132257	0.13296	0.0917748	0.00570044	-0.10973	-0.230633	-0.337883	-0.418196	-0.466105	-0.475481	-0.4444	-0.390864	-0.350446	-0.317416	-0.275202	-0.217146	-0.168671	-0.139841	-0.117541	-0.0873797	-0.0419109	0.008889	0.0659493	0.142732	0.233884	
1.44374	1.44374	1.39713	1.30396	1.17476	1.00629	0.800815	0.58581	0.374231	0.169795	-0.0193754	-0.190487	-0.334259	-0.435647	-0.501934	-0.536896	-0.534355	-0.494533	-0.420396	-0.317726	-0.197635	-0.0783572	0.0325085	0.114994	0.15552	0.155457	0.132489	0.0737973	-0.0240103	-0.151796	-0.278271	-0.377846	-0.442263	-0.467923	-0.449358	-0.396501	-0.34334	-0.317416	-0.299458	-0.262466	-0.206903	-0.154917	-0.113404	-0.0837461	-0.0525184	-0.00917612	0.0382433	0.0955546	0.17316	0.262983	
1.50415	1.50415	1.44964	1.33371	1.17387	0.98101	0.759577	0.531823	0.309709	0.098412	-0.0974671	-0.269554	-0.408071	-0.500103	-0.564767	-0.596738	-0.58477	-0.526421	-0.435307	-0.311316	-0.165845	-0.0310761	0.0810598	0.16471	0.207396	0.197382	0.148036	0.0665921	-0.0426057	-0.171391	-0.302461	-0.39785	-0.449388	-0.447173	-0.400068	-0.338107	-0.292799	-0.275202	-0.262466	-0.233143	-0.19074	-0.137545	-0.0850486	-0.0476508	-0.0208285	0.0131514	0.0593459	0.120251	0.197311	0.280034	
1.51078	1.51078	1.45251	1.323	1.13839	0.924506	0.688835	0.451956	0.220534	0.00473165	-0.188174	-0.347614	-0.469819	-0.554717	-0.610412	-0.628026	-0.592654	-0.511779	-0.394673	-0.253709	-0.099677	0.0411483	0.155687	0.229935	0.256199	0.235061	0.173595	0.0755104	-0.0407506	-0.172488	-0.301883	-0.396002	-0.433939	-0.412134	-0.35117	-0.289913	-0.243135	-0.217146	-0.206903	-0.19074	-0.155053	-0.103329	-0.0453712	-0.00694251	0.0194407	0.0445746	0.0892821	0.151417	0.224776	0.30021	
1.45283	1.45283	1.39631	1.26325	1.06911	0.843013	0.60371	0.360284	0.126768	-0.086159	-0.26507	-0.409575	-0.515304	-0.583268	-0.614641	-0.603204	-0.546015	-0.444816	-0.306538	-0.149513	0.00243861	0.135309	0.237712	0.291634	0.293804	0.254584	0.183	0.0807414	-0.0394285	-0.173795	-0.299552	-0.381234	-0.408504	-0.381373	-0.325657	-0.265444	-0.207518	-0.168671	-0.154917	-0.137545	-0.103329	-0.0542056	-0.000129602	0.0389729	0.0675919	0.0893994	0.125507	0.185956	0.258317	0.333583	
1.33413	1.33413	1.27246	1.13994	0.955047	0.743674	0.516663	0.275156	0.0425694	-0.157456	-0.31574	-0.440187	-0.52119	-0.559467	-0.558764	-0.517549	-0.436684	-0.322726	-0.174691	-0.0124419	0.130756	0.241917	0.317971	0.345361	0.322246	0.260741	0.171855	0.0625993	-0.0594316	-0.190769	-0.306506	-0.373892	-0.393983	-0.366961	-0.312631	-0.248803	-0.186694	-0.139841	-0.113404	-0.0850486	-0.0453712	-0.000129602	0.0483932	0.0925848	0.124458	0.142777	0.176185	0.232385	0.296038	0.370574	
1.14918	1.14918	1.08578	0.966916	0.810565	0.624444	0.418969	0.194963	-0.0169084	-0.195746	-0.328591	-0.425031	-0.469304	-0.475034	-0.447918	-0.382092	-0.276558	-0.156354	-0.0170739	0.131364	0.257616	0.341251	0.383902	0.385788	0.347625	0.267004	0.150955	0.0222745	-0.103777	-0.224869	-0.322848	-0.378702	-0.391996	-0.35847	-0.292564	-0.22244	-0.164522	-0.117541	-0.0837461	-0.0476508	-0.00694251	0.0389729	0.0925848	0.141135	0.175322	0.200556	0.237353	0.28451	0.335375	0.404961	
0.898863	0.898863	0.848204	0.759822	0.637995	0.478491	0.298363	0.111241	-0.0586702	-0.195949	-0.29112	-0.354282	-0.369215	-0.34248	-0.285896	-0.201903	-0.0922284	0.0245767	0.145652	0.26486	0.363308	0.430726	0.450893	0.423658	0.364727	0.269573	0.135755	-0.0144575	-0.149469	-0.261732	-0.343484	-0.387617	-0.388162	-0.339035	-0.261682	-0.188881	-0.133456	-0.0873797	-0.0525184	-0.0208285	0.0194407	0.0675919	0.124458	0.175322	0.212708	0.249589	0.292708	0.338112	0.387254	0.449626	
0.610224	0.610224	0.573101	0.51199	0.42481	0.298635	0.157243	0.0237421	-0.0854806	-0.169549	-0.220197	-0.240347	-0.221196	-0.168669	-0.0955303	-0.00323672	0.0972299	0.192171	0.286054	0.379551	0.457713	0.508861	0.513228	0.462029	0.375363	0.25951	0.116426	-0.0407295	-0.182523	-0.287618	-0.357959	-0.389195	-0.377047	-0.319888	-0.239301	-0.160731	-0.0964401	-0.0419109	-0.00917612	0.0131514	0.0445746	0.0893994	0.142777	0.200556	0.249589	0.296054	0.344856	0.398023	0.446315	0.490426	
0.319	0.319	0.290418	0.247129	0.185107	0.100204	0.0134796	-0.050379	-0.0963544	-0.125483	-0.127415	-0.0955968	-0.0386607	0.0296304	0.102895	0.185745	0.268237	0.336938	0.406021	0.476604	0.534857	0.569061	0.55809	0.487985	0.372695	0.236744	0.0902891	-0.0611421	-0.200161	-0.302331	-0.365457	-0.38805	-0.363476	-0.300371	-0.213784	-0.12727	-0.0510243	0.008889	0.0382433	0.0593459	0.0892821	0.125507	0.176185	0.237353	0.292708	0.344856	0.403361	0.456876	0.49409	0.500923	
0.0632166	0.0632166	0.0433258	0.0157867	-0.0236382	-0.0697001	-0.0990844	-0.0995606	-0.0893061	-0.0639199	-0.0133035	0.0621439	0.143509	0.22089	0.285235	0.346827	0.403368	0.454214	0.50338	0.550399	0.581852	0.591254	0.56458	0.487107	0.361629	0.207673	0.0552997	-0.0868649	-0.207904	-0.297701	-0.35424	-0.371177	-0.342234	-0.274466	-0.177552	-0.0746519	0.0100574	0.0659493	0.0955546	0.120251	0.151417	0.185956	0.232385	0.28451	0.338112	0.398023	0.456876	0.499416	0.509252	0.469702	
-0.139694	-0.139694	-0.153412	-0.163109	-0.172755	-0.180855	-0.167156	-0.126094	-0.0717255	0.0018409	0.0962531	0.198631	0.29497	0.37929	0.43938	0.478183	0.510511	0.544886	0.574879	0.595115	0.603992	0.593638	0.548232	0.46386	0.337277	0.181345	0.028745	-0.0961041	-0.193137	-0.265311	-0.312329	-0.322938	-0.291796	-0.222086	-0.115408	-0.00160015	0.087048	0.142732	0.17316	0.197311	0.224776	0.258317	0.296038	0.335375	0.387254	0.446315	0.49409	0.509252	0.482431	0.397133	
-0.272804	-0.272804	-0.280031	-0.27534	-0.259797	-0.232603	-0.188285	-0.124474	-0.0487274	0.0514252	0.170582	0.293839	0.398875	0.487265	0.55264	0.587007	0.598922	0.610996	0.62283	0.62346	0.617182	0.592782	0.533581	0.439897	0.317521	0.174624	0.0371059	-0.0684912	-0.146504	-0.205631	-0.242848	-0.242608	-0.204151	-0.129964	-0.0233049	0.0884919	0.176561	0.233884	0.262983	0.280034	0.30021	0.333583	0.370574	0.404961	0.449626	0.490426	0.500923	0.469702	0.397133	0.268073	
