0.0972951	0.315976	0.544876	0.762676	0.945199	1.07666	1.15451	1.17327	1.13086	1.03102	0.902706	0.769964	0.639948	0.514136	0.400434	0.30313	0.22125	0.160902	0.111209	0.0629124	0.0120226	-0.0416497	-0.101364	-0.161689	-0.209011	-0.236952	-0.239011	-0.210921	-0.145582	-0.0437995	0.0715731	0.171385	0.227103	0.232678	0.197955	0.130109	0.0379233	-0.066279	-0.153192	-0.213624	-0.265611	-0.327596	-0.417304	-0.531279	-0.667452	-0.825123	-0.976513	-1.08999	-1.14761	-1.14761	
0.315976	0.522944	0.727208	0.914413	1.06218	1.1545	1.1826	1.14495	1.04449	0.899879	0.743516	0.600438	0.475087	0.367201	0.275964	0.19764	0.132894	0.0830416	0.038989	-0.0068296	-0.0576547	-0.114067	-0.179248	-0.250692	-0.319568	-0.369782	-0.381886	-0.348922	-0.264967	-0.143324	0.00451986	0.145977	0.241867	0.281738	0.269334	0.217441	0.134503	0.0379562	-0.0446658	-0.0976611	-0.15175	-0.235286	-0.350312	-0.495336	-0.656779	-0.827099	-0.979674	-1.08096	-1.12981	-1.12981	
0.544876	0.727208	0.902967	1.05664	1.16334	1.20508	1.17898	1.08532	0.935153	0.754556	0.572123	0.413257	0.285544	0.193947	0.127913	0.0751368	0.0330707	-0.00107781	-0.0313438	-0.0702729	-0.118563	-0.176576	-0.245011	-0.327025	-0.411885	-0.474501	-0.489521	-0.449184	-0.353524	-0.209369	-0.0318935	0.142747	0.275017	0.346481	0.356331	0.316013	0.237245	0.143657	0.0634933	0.00738033	-0.0552592	-0.15521	-0.296954	-0.471863	-0.658487	-0.844251	-0.999731	-1.09155	-1.13038	-1.13038	
0.762676	0.914413	1.05664	1.17271	1.23134	1.21958	1.14214	1.00012	0.808269	0.599698	0.395177	0.222347	0.0942423	0.0107318	-0.0387314	-0.0680004	-0.0859448	-0.0963973	-0.104575	-0.126821	-0.165524	-0.223652	-0.300135	-0.386964	-0.473193	-0.537479	-0.553397	-0.508793	-0.400297	-0.242382	-0.0462158	0.157616	0.3235	0.419951	0.449166	0.422955	0.349317	0.256265	0.172507	0.109437	0.0286608	-0.0967305	-0.269261	-0.474054	-0.683493	-0.882647	-1.03224	-1.1111	-1.13967	-1.13967	
0.945199	1.06218	1.16334	1.23134	1.24098	1.18767	1.06545	0.881731	0.657292	0.423378	0.207614	0.0349225	-0.0944364	-0.173034	-0.208411	-0.219585	-0.210667	-0.196085	-0.182302	-0.184806	-0.210675	-0.258874	-0.325475	-0.406512	-0.487428	-0.550321	-0.568557	-0.521404	-0.410186	-0.246034	-0.0349436	0.183483	0.367711	0.487266	0.531843	0.515316	0.45085	0.364112	0.276534	0.198209	0.0937397	-0.0623046	-0.264831	-0.494079	-0.719726	-0.920199	-1.06106	-1.12918	-1.14614	-1.14614	
1.07666	1.1545	1.20508	1.21958	1.18767	1.09639	0.939506	0.726484	0.477541	0.233107	0.0223752	-0.147706	-0.272305	-0.34298	-0.360412	-0.343705	-0.306609	-0.265796	-0.236104	-0.226264	-0.231583	-0.25951	-0.313441	-0.385235	-0.464514	-0.528477	-0.547952	-0.508477	-0.405592	-0.242882	-0.0321777	0.193712	0.390332	0.522403	0.586327	0.588722	0.535276	0.452901	0.363213	0.268072	0.141475	-0.0370919	-0.26001	-0.50301	-0.738288	-0.939151	-1.07647	-1.14097	-1.15642	-1.15642	
1.15451	1.1826	1.17898	1.14214	1.06545	0.939506	0.753544	0.519089	0.262237	0.0231084	-0.171142	-0.326191	-0.436515	-0.484439	-0.476066	-0.426735	-0.353857	-0.286427	-0.243915	-0.217434	-0.205249	-0.217426	-0.260108	-0.329275	-0.40948	-0.476992	-0.50622	-0.48329	-0.399235	-0.255031	-0.0599001	0.162763	0.370893	0.522823	0.605928	0.623656	0.587252	0.513773	0.423497	0.318165	0.177437	-0.0130584	-0.247438	-0.492707	-0.728626	-0.929254	-1.06384	-1.13216	-1.15208	-1.15208	
1.17327	1.14495	1.08532	1.00012	0.881731	0.726484	0.519089	0.276923	0.0274885	-0.191976	-0.357954	-0.483495	-0.563486	-0.584115	-0.549531	-0.467294	-0.360632	-0.26696	-0.20447	-0.162202	-0.140998	-0.143814	-0.178441	-0.251592	-0.344333	-0.420078	-0.458193	-0.451217	-0.390536	-0.275541	-0.100726	0.114165	0.321983	0.486907	0.589487	0.623133	0.598033	0.532879	0.445773	0.332749	0.184128	-0.0101373	-0.237739	-0.472487	-0.697048	-0.878427	-1.00542	-1.07504	-1.09637	-1.09637	
1.13086	1.04449	0.935153	0.808269	0.657292	0.477541	0.262237	0.0274885	-0.200333	-0.388031	-0.512546	-0.592393	-0.631693	-0.623477	-0.565363	-0.456595	-0.332533	-0.221378	-0.142676	-0.0905804	-0.0587922	-0.0502869	-0.0856344	-0.170458	-0.273526	-0.35871	-0.407424	-0.415838	-0.37868	-0.291672	-0.145958	0.0528917	0.258175	0.430357	0.542426	0.58367	0.569305	0.507333	0.417489	0.295619	0.143731	-0.0413003	-0.247549	-0.448175	-0.63705	-0.786237	-0.89012	-0.947123	-0.970012	-0.970012	
1.03102	0.899879	0.754556	0.599698	0.423378	0.233107	0.0231084	-0.191976	-0.388031	-0.535255	-0.611738	-0.642045	-0.64245	-0.60605	-0.528144	-0.412023	-0.286602	-0.166466	-0.0764213	-0.0145583	0.0246058	0.0343199	-0.00668892	-0.0956013	-0.205961	-0.302719	-0.359534	-0.378652	-0.362356	-0.303979	-0.183049	-0.00293627	0.197094	0.375971	0.49027	0.525819	0.50277	0.431875	0.334742	0.208056	0.0583981	-0.105365	-0.273372	-0.427398	-0.562691	-0.660659	-0.724748	-0.756448	-0.769562	-0.769562	
0.902706	0.743516	0.572123	0.395177	0.207614	0.0223752	-0.171142	-0.357954	-0.512546	-0.611738	-0.644319	-0.632179	-0.601579	-0.544989	-0.463466	-0.356899	-0.233649	-0.111889	-0.0168956	0.0505766	0.0905121	0.0903152	0.0436191	-0.0462828	-0.157862	-0.25421	-0.313846	-0.342654	-0.344062	-0.302431	-0.199039	-0.0349369	0.156563	0.326811	0.430404	0.456235	0.420603	0.338666	0.234268	0.102703	-0.0404168	-0.179069	-0.303193	-0.403795	-0.48376	-0.526649	-0.544666	-0.545608	-0.541799	-0.541799	
0.769964	0.600438	0.413257	0.222347	0.0349225	-0.147706	-0.326191	-0.483495	-0.592393	-0.642045	-0.632179	-0.584203	-0.520972	-0.456736	-0.383482	-0.285329	-0.17341	-0.0594583	0.0345676	0.102608	0.136386	0.126864	0.0770098	-0.00595181	-0.10958	-0.200362	-0.262145	-0.304096	-0.315259	-0.286017	-0.205213	-0.0615917	0.1153	0.274738	0.372923	0.391227	0.344507	0.258177	0.146804	0.00956266	-0.125851	-0.243013	-0.329742	-0.380422	-0.406808	-0.402106	-0.376996	-0.345031	-0.327155	-0.327155	
0.639948	0.475087	0.285544	0.0942423	-0.0944364	-0.272305	-0.436515	-0.563486	-0.631693	-0.64245	-0.601579	-0.520972	-0.441651	-0.372816	-0.296951	-0.20512	-0.100875	0.00314685	0.0977738	0.164877	0.189898	0.172311	0.1208	0.0389533	-0.0553273	-0.140795	-0.215436	-0.265145	-0.28538	-0.270022	-0.200607	-0.079573	0.0740585	0.219833	0.312095	0.329769	0.282267	0.192733	0.0761056	-0.0596285	-0.190036	-0.288793	-0.344195	-0.358803	-0.343629	-0.29582	-0.226219	-0.16106	-0.119287	-0.119287	
0.514136	0.367201	0.193947	0.0107318	-0.173034	-0.34298	-0.484439	-0.584115	-0.623477	-0.60605	-0.544989	-0.456736	-0.372816	-0.297561	-0.214391	-0.122842	-0.0250058	0.0789499	0.172592	0.231218	0.25267	0.230783	0.169841	0.0865433	-0.00387171	-0.0925705	-0.174634	-0.235011	-0.265199	-0.25373	-0.189893	-0.0851475	0.0449422	0.171963	0.254686	0.272998	0.228397	0.139368	0.0213552	-0.114224	-0.240053	-0.323304	-0.352093	-0.332959	-0.276284	-0.188338	-0.0805589	0.016477	0.0759749	0.0759749	
0.400434	0.275964	0.127913	-0.0387314	-0.208411	-0.360412	-0.476066	-0.549531	-0.565363	-0.528144	-0.463466	-0.383482	-0.296951	-0.214391	-0.126912	-0.0423629	0.0479943	0.141385	0.221413	0.274241	0.293448	0.268486	0.207042	0.133351	0.0503695	-0.042749	-0.133601	-0.201834	-0.237697	-0.223391	-0.166472	-0.0850499	0.0220064	0.128298	0.20338	0.225008	0.181816	0.0897353	-0.0348082	-0.16814	-0.281244	-0.344583	-0.347434	-0.295879	-0.200283	-0.0749964	0.0709195	0.201314	0.277189	0.277189	
0.30313	0.19764	0.0751368	-0.0680004	-0.219585	-0.343705	-0.426735	-0.467294	-0.456595	-0.412023	-0.356899	-0.285329	-0.20512	-0.122842	-0.0423629	0.0310881	0.104614	0.175583	0.238084	0.282688	0.29954	0.276973	0.229083	0.166629	0.0909771	0.0083756	-0.0738121	-0.142225	-0.179848	-0.168144	-0.121958	-0.0593045	0.0180787	0.0940639	0.153651	0.175137	0.131588	0.0345656	-0.0921846	-0.225198	-0.326348	-0.367483	-0.341227	-0.250062	-0.112733	0.0593463	0.245541	0.399056	0.494572	0.494572	
0.22125	0.132894	0.0330707	-0.0859448	-0.210667	-0.306609	-0.353857	-0.360632	-0.332533	-0.286602	-0.233649	-0.17341	-0.100875	-0.0250058	0.0479943	0.104614	0.14699	0.18922	0.233139	0.26702	0.279206	0.267242	0.237768	0.197518	0.14295	0.0791709	0.00530988	-0.0593722	-0.0910222	-0.0854239	-0.0553963	-0.0144988	0.0316532	0.0761832	0.11641	0.126572	0.0760672	-0.0276624	-0.159775	-0.286166	-0.365289	-0.381253	-0.324259	-0.194	-0.0129346	0.204378	0.427477	0.609613	0.715769	0.715769	
0.160902	0.0830416	-0.00107781	-0.0963973	-0.196085	-0.265796	-0.286427	-0.26696	-0.221378	-0.166466	-0.111889	-0.0594583	0.00314685	0.0789499	0.141385	0.175583	0.18922	0.207967	0.233904	0.254825	0.264955	0.263216	0.254104	0.238609	0.210199	0.163329	0.0989358	0.0429719	0.0128827	0.0075937	0.0229082	0.0405572	0.0522563	0.0693997	0.0865309	0.0804146	0.0257081	-0.0830575	-0.213319	-0.327108	-0.384115	-0.370345	-0.282857	-0.119557	0.100948	0.353521	0.600087	0.799582	0.90829	0.90829	
0.111209	0.038989	-0.0313438	-0.104575	-0.182302	-0.236104	-0.243915	-0.20447	-0.142676	-0.0764213	-0.0168956	0.0345676	0.0977738	0.172592	0.221413	0.238084	0.233139	0.233904	0.244634	0.257938	0.269682	0.278801	0.289782	0.301006	0.293927	0.258118	0.203747	0.151079	0.116305	0.0979673	0.0935848	0.0924662	0.0807675	0.0732041	0.0691171	0.0460176	-0.0128375	-0.122479	-0.244978	-0.33577	-0.370759	-0.33164	-0.214104	-0.0252225	0.221584	0.500477	0.759241	0.958947	1.06813	1.06813	
0.0629124	-0.0068296	-0.0702729	-0.126821	-0.184806	-0.226264	-0.217434	-0.162202	-0.0905804	-0.0145583	0.0505766	0.102608	0.164877	0.231218	0.274241	0.282688	0.26702	0.254825	0.257938	0.274847	0.28921	0.308335	0.338229	0.370067	0.381434	0.349282	0.293126	0.238371	0.196761	0.176434	0.15824	0.137601	0.112507	0.0880573	0.0669116	0.0299464	-0.0350416	-0.136421	-0.242246	-0.312931	-0.318316	-0.25527	-0.119693	0.0886485	0.350222	0.637614	0.897757	1.09623	1.19749	1.19749	
0.0120226	-0.0576547	-0.118563	-0.165524	-0.210675	-0.231583	-0.205249	-0.140998	-0.0587922	0.0246058	0.0905121	0.136386	0.189898	0.25267	0.293448	0.29954	0.279206	0.264955	0.269682	0.28921	0.311917	0.344136	0.388303	0.433016	0.449934	0.418353	0.356972	0.293378	0.247291	0.219518	0.194488	0.170142	0.142173	0.112917	0.0813788	0.039303	-0.0275606	-0.119437	-0.199557	-0.247569	-0.232914	-0.151054	-0.00159283	0.216402	0.48152	0.768727	1.02103	1.20582	1.30069	1.30069	
-0.0416497	-0.114067	-0.176576	-0.223652	-0.258874	-0.25951	-0.217426	-0.143814	-0.0502869	0.0343199	0.0903152	0.126864	0.172311	0.230783	0.268486	0.276973	0.267242	0.263216	0.278801	0.308335	0.344136	0.383974	0.431697	0.478885	0.492743	0.458685	0.385946	0.312448	0.263928	0.234079	0.211777	0.188437	0.16394	0.139353	0.109329	0.0682237	0.00798414	-0.0657222	-0.123622	-0.150051	-0.121036	-0.0272873	0.128053	0.346094	0.607946	0.881135	1.12104	1.29422	1.37975	1.37975	
-0.101364	-0.179248	-0.245011	-0.300135	-0.325475	-0.313441	-0.260108	-0.178441	-0.0856344	-0.00668892	0.0436191	0.0770098	0.1208	0.169841	0.207042	0.229083	0.237768	0.254104	0.289782	0.338229	0.388303	0.431697	0.473078	0.509433	0.511822	0.467021	0.386584	0.306489	0.257136	0.22919	0.211047	0.193915	0.175546	0.161484	0.144178	0.107962	0.0574119	0.0100038	-0.0280493	-0.033551	0.00824269	0.104095	0.259616	0.466911	0.713763	0.965908	1.18922	1.35027	1.4287	1.4287	
-0.161689	-0.250692	-0.327025	-0.386964	-0.406512	-0.385235	-0.329275	-0.251592	-0.170458	-0.0956013	-0.0462828	-0.00595181	0.0389533	0.0865433	0.133351	0.166629	0.197518	0.238609	0.301006	0.370067	0.433016	0.478885	0.509433	0.520895	0.508196	0.456194	0.373778	0.292447	0.234905	0.21075	0.198981	0.189359	0.182328	0.177726	0.169803	0.145398	0.111929	0.0861913	0.0685898	0.082872	0.129762	0.223827	0.377971	0.569089	0.789877	1.01888	1.22295	1.3639	1.4411	1.4411	
-0.209011	-0.319568	-0.411885	-0.473193	-0.487428	-0.464514	-0.40948	-0.344333	-0.273526	-0.205961	-0.157862	-0.10958	-0.0553273	-0.00387171	0.0503695	0.0909771	0.14295	0.210199	0.293927	0.381434	0.449934	0.492743	0.511822	0.508196	0.486859	0.432006	0.351938	0.276074	0.215505	0.193331	0.187231	0.180161	0.182803	0.189015	0.189001	0.176457	0.155466	0.143862	0.144639	0.165565	0.215398	0.314156	0.457969	0.632477	0.833183	1.0334	1.21902	1.35324	1.42202	1.42202	
-0.236952	-0.369782	-0.474501	-0.537479	-0.550321	-0.528477	-0.476992	-0.420078	-0.35871	-0.302719	-0.25421	-0.200362	-0.140795	-0.0925705	-0.042749	0.0083756	0.0791709	0.163329	0.258118	0.349282	0.418353	0.458685	0.467021	0.456194	0.432006	0.391024	0.327879	0.26044	0.203455	0.17714	0.172391	0.169346	0.1806	0.19535	0.200453	0.196934	0.181452	0.174647	0.181763	0.201728	0.250528	0.348513	0.484905	0.643205	0.825781	1.00932	1.18299	1.31853	1.38377	1.38377	
-0.239011	-0.381886	-0.489521	-0.553397	-0.568557	-0.547952	-0.50622	-0.458193	-0.407424	-0.359534	-0.313846	-0.262145	-0.215436	-0.174634	-0.133601	-0.0738121	0.00530988	0.0989358	0.203747	0.293126	0.356972	0.385946	0.386584	0.373778	0.351938	0.327879	0.290833	0.238726	0.189912	0.159226	0.154944	0.161203	0.17905	0.199166	0.207607	0.20259	0.185679	0.178446	0.174833	0.18503	0.226101	0.314652	0.443578	0.592534	0.760777	0.939433	1.11615	1.24984	1.32212	1.32212	
-0.210921	-0.348922	-0.449184	-0.508793	-0.521404	-0.508477	-0.48329	-0.451217	-0.415838	-0.378652	-0.342654	-0.304096	-0.265145	-0.235011	-0.201834	-0.142225	-0.0593722	0.0429719	0.151079	0.238371	0.293378	0.312448	0.306489	0.292447	0.276074	0.26044	0.238726	0.200872	0.162368	0.136944	0.133525	0.146617	0.173955	0.201186	0.211333	0.197545	0.171691	0.152951	0.13041	0.127043	0.157089	0.233159	0.349209	0.482653	0.636585	0.809652	0.987885	1.12403	1.20031	1.20031	
-0.145582	-0.264967	-0.353524	-0.400297	-0.410186	-0.405592	-0.399235	-0.390536	-0.37868	-0.362356	-0.344062	-0.315259	-0.28538	-0.265199	-0.237697	-0.179848	-0.0910222	0.0128827	0.116305	0.196761	0.247291	0.263928	0.257136	0.234905	0.215505	0.203455	0.189912	0.162368	0.129635	0.108931	0.106654	0.133718	0.173085	0.205409	0.210251	0.187183	0.148465	0.10808	0.0705235	0.0446338	0.057737	0.115475	0.209893	0.321605	0.45529	0.617303	0.782281	0.917207	0.987687	0.987687	
-0.0437995	-0.143324	-0.209369	-0.242382	-0.246034	-0.242882	-0.255031	-0.275541	-0.291672	-0.303979	-0.302431	-0.286017	-0.270022	-0.25373	-0.223391	-0.168144	-0.0854239	0.0075937	0.0979673	0.176434	0.219518	0.234079	0.22919	0.21075	0.193331	0.17714	0.159226	0.136944	0.108931	0.0867016	0.086751	0.121126	0.168146	0.207731	0.212749	0.173552	0.12061	0.0596809	0.00201795	-0.0407141	-0.0507688	-0.018942	0.0411127	0.117955	0.222376	0.361185	0.506749	0.63036	0.694257	0.694257	
0.0715731	0.00451986	-0.0318935	-0.0462158	-0.0349436	-0.0321777	-0.0599001	-0.100726	-0.145958	-0.183049	-0.199039	-0.205213	-0.200607	-0.189893	-0.166472	-0.121958	-0.0553963	0.0229082	0.0935848	0.15824	0.194488	0.211777	0.211047	0.198981	0.187231	0.172391	0.154944	0.133525	0.106654	0.086751	0.0886307	0.121639	0.173576	0.213186	0.213004	0.16202	0.0941476	0.014711	-0.0657736	-0.127821	-0.165548	-0.169915	-0.150477	-0.110095	-0.0361173	0.0742768	0.197348	0.304093	0.358399	0.358399	
0.171385	0.145977	0.142747	0.157616	0.183483	0.193712	0.162763	0.114165	0.0528917	-0.00293627	-0.0349369	-0.0615917	-0.079573	-0.0851475	-0.0850499	-0.0593045	-0.0144988	0.0405572	0.0924662	0.137601	0.170142	0.188437	0.193915	0.189359	0.180161	0.169346	0.161203	0.146617	0.133718	0.121126	0.121639	0.151885	0.195923	0.224674	0.207579	0.143684	0.0548629	-0.0460004	-0.140025	-0.220039	-0.282229	-0.31996	-0.339289	-0.331436	-0.284805	-0.198387	-0.0954317	-0.00841402	0.0418701	0.0418701	
0.227103	0.241867	0.275017	0.3235	0.367711	0.390332	0.370893	0.321983	0.258175	0.197094	0.156563	0.1153	0.0740585	0.0449422	0.0220064	0.0180787	0.0316532	0.0522563	0.0807675	0.112507	0.142173	0.16394	0.175546	0.182328	0.182803	0.1806	0.17905	0.173955	0.173085	0.168146	0.173576	0.195923	0.222287	0.229658	0.189281	0.104768	-0.00905277	-0.12642	-0.229575	-0.316382	-0.387323	-0.446912	-0.492877	-0.50651	-0.47654	-0.409876	-0.325493	-0.251068	-0.207393	-0.207393	
0.232678	0.281738	0.346481	0.419951	0.487266	0.522403	0.522823	0.486907	0.430357	0.375971	0.326811	0.274738	0.219833	0.171963	0.128298	0.0940639	0.0761832	0.0693997	0.0732041	0.0880573	0.112917	0.139353	0.161484	0.177726	0.189015	0.19535	0.199166	0.201186	0.205409	0.207731	0.213186	0.224674	0.229658	0.206279	0.142532	0.0420574	-0.085251	-0.206721	-0.311638	-0.396361	-0.463902	-0.534948	-0.589704	-0.605247	-0.581074	-0.524276	-0.455851	-0.393518	-0.356597	-0.356597	
0.197955	0.269334	0.356331	0.449166	0.531843	0.586327	0.605928	0.589487	0.542426	0.49027	0.430404	0.372923	0.312095	0.254686	0.20338	0.153651	0.11641	0.0865309	0.0691171	0.0669116	0.0813788	0.109329	0.144178	0.169803	0.189001	0.200453	0.207607	0.211333	0.210251	0.212749	0.213004	0.207579	0.189281	0.142532	0.0685426	-0.0336955	-0.153947	-0.267009	-0.358693	-0.421351	-0.479336	-0.545801	-0.598507	-0.616925	-0.595484	-0.545139	-0.487502	-0.435875	-0.397664	-0.397664	
0.130109	0.217441	0.316013	0.422955	0.515316	0.588722	0.623656	0.623133	0.58367	0.525819	0.456235	0.391227	0.329769	0.272998	0.225008	0.175137	0.126572	0.0804146	0.0460176	0.0299464	0.039303	0.0682237	0.107962	0.145398	0.176457	0.196934	0.20259	0.197545	0.187183	0.173552	0.16202	0.143684	0.104768	0.0420574	-0.0336955	-0.119591	-0.207773	-0.287758	-0.3459	-0.375724	-0.415066	-0.467275	-0.516509	-0.535531	-0.51456	-0.481512	-0.439817	-0.398626	-0.36975	-0.36975	
0.0379233	0.134503	0.237245	0.349317	0.45085	0.535276	0.587252	0.598033	0.569305	0.50277	0.420603	0.344507	0.282267	0.228397	0.181816	0.131588	0.0760672	0.0257081	-0.0128375	-0.0350416	-0.0275606	0.00798414	0.0574119	0.111929	0.155466	0.181452	0.185679	0.171691	0.148465	0.12061	0.0941476	0.0548629	-0.00905277	-0.085251	-0.153947	-0.207773	-0.248606	-0.279535	-0.288601	-0.28122	-0.288911	-0.318355	-0.356148	-0.374893	-0.364989	-0.351356	-0.336216	-0.310139	-0.293163	-0.293163	
-0.066279	0.0379562	0.143657	0.256265	0.364112	0.452901	0.513773	0.532879	0.507333	0.431875	0.338666	0.258177	0.192733	0.139368	0.0897353	0.0345656	-0.0276624	-0.0830575	-0.122479	-0.136421	-0.119437	-0.0657222	0.0100038	0.0861913	0.143862	0.174647	0.178446	0.152951	0.10808	0.0596809	0.014711	-0.0460004	-0.12642	-0.206721	-0.267009	-0.287758	-0.279535	-0.25686	-0.215843	-0.166664	-0.134959	-0.139448	-0.159355	-0.17696	-0.184499	-0.18989	-0.200262	-0.192321	-0.185332	-0.185332	
-0.153192	-0.0446658	0.0634933	0.172507	0.276534	0.363213	0.423497	0.445773	0.417489	0.334742	0.234268	0.146804	0.0761056	0.0213552	-0.0348082	-0.0921846	-0.159775	-0.213319	-0.244978	-0.242246	-0.199557	-0.123622	-0.0280493	0.0685898	0.144639	0.181763	0.174833	0.13041	0.0705235	0.00201795	-0.0657736	-0.140025	-0.229575	-0.311638	-0.358693	-0.3459	-0.288601	-0.215843	-0.12942	-0.04766	0.00998179	0.0317031	0.0259729	0.0115295	-0.00872616	-0.0359266	-0.0660202	-0.0812807	-0.0842582	-0.0842582	
-0.213624	-0.0976611	0.00738033	0.109437	0.198209	0.268072	0.318165	0.332749	0.295619	0.208056	0.102703	0.00956266	-0.0596285	-0.114224	-0.16814	-0.225198	-0.286166	-0.327108	-0.33577	-0.312931	-0.247569	-0.150051	-0.033551	0.082872	0.165565	0.201728	0.18503	0.127043	0.0446338	-0.0407141	-0.127821	-0.220039	-0.316382	-0.396361	-0.421351	-0.375724	-0.28122	-0.166664	-0.04766	0.0495413	0.127685	0.170253	0.173394	0.160108	0.124161	0.0760449	0.0289336	-0.00416757	-0.0165701	-0.0165701	
-0.265611	-0.15175	-0.0552592	0.0286608	0.0937397	0.141475	0.177437	0.184128	0.143731	0.0583981	-0.0404168	-0.125851	-0.190036	-0.240053	-0.281244	-0.326348	-0.365289	-0.384115	-0.370759	-0.318316	-0.232914	-0.121036	0.00824269	0.129762	0.215398	0.250528	0.226101	0.157089	0.057737	-0.0507688	-0.165548	-0.282229	-0.387323	-0.463902	-0.479336	-0.415066	-0.288911	-0.134959	0.00998179	0.127685	0.223824	0.274507	0.284323	0.264841	0.204771	0.131885	0.0615581	0.00175745	-0.0226065	-0.0226065	
-0.327596	-0.235286	-0.15521	-0.0967305	-0.0623046	-0.0370919	-0.0130584	-0.0101373	-0.0413003	-0.105365	-0.179069	-0.243013	-0.288793	-0.323304	-0.344583	-0.367483	-0.381253	-0.370345	-0.33164	-0.25527	-0.151054	-0.0272873	0.104095	0.223827	0.314156	0.348513	0.314652	0.233159	0.115475	-0.018942	-0.169915	-0.31996	-0.446912	-0.534948	-0.545801	-0.467275	-0.318355	-0.139448	0.0317031	0.170253	0.274507	0.340382	0.353702	0.318048	0.233229	0.12687	0.0249789	-0.0652244	-0.105335	-0.105335	
-0.417304	-0.350312	-0.296954	-0.269261	-0.264831	-0.26001	-0.247438	-0.237739	-0.247549	-0.273372	-0.303193	-0.329742	-0.344195	-0.352093	-0.347434	-0.341227	-0.324259	-0.282857	-0.214104	-0.119693	-0.00159283	0.128053	0.259616	0.377971	0.457969	0.484905	0.443578	0.349209	0.209893	0.0411127	-0.150477	-0.339289	-0.492877	-0.589704	-0.598507	-0.516509	-0.356148	-0.159355	0.0259729	0.173394	0.284323	0.353702	0.359989	0.308986	0.198855	0.0554721	-0.0812217	-0.199582	-0.262356	-0.262356	
-0.531279	-0.495336	-0.471863	-0.474054	-0.494079	-0.50301	-0.492707	-0.472487	-0.448175	-0.427398	-0.403795	-0.380422	-0.358803	-0.332959	-0.295879	-0.250062	-0.194	-0.119557	-0.0252225	0.0886485	0.216402	0.346094	0.466911	0.569089	0.632477	0.643205	0.592534	0.482653	0.321605	0.117955	-0.110095	-0.331436	-0.50651	-0.605247	-0.616925	-0.535531	-0.374893	-0.17696	0.0115295	0.160108	0.264841	0.318048	0.308986	0.22925	0.085656	-0.0896372	-0.265697	-0.410906	-0.493298	-0.493298	
-0.667452	-0.656779	-0.658487	-0.683493	-0.719726	-0.738288	-0.728626	-0.697048	-0.63705	-0.562691	-0.48376	-0.406808	-0.343629	-0.276284	-0.200283	-0.112733	-0.0129346	0.100948	0.221584	0.350222	0.48152	0.607946	0.713763	0.789877	0.833183	0.825781	0.760777	0.636585	0.45529	0.222376	-0.0361173	-0.284805	-0.47654	-0.581074	-0.595484	-0.51456	-0.364989	-0.184499	-0.00872616	0.124161	0.204771	0.233229	0.198855	0.085656	-0.0890184	-0.29808	-0.512661	-0.683239	-0.785139	-0.785139	
-0.825123	-0.827099	-0.844251	-0.882647	-0.920199	-0.939151	-0.929254	-0.878427	-0.786237	-0.660659	-0.526649	-0.402106	-0.29582	-0.188338	-0.0749964	0.0593463	0.204378	0.353521	0.500477	0.637614	0.768727	0.881135	0.965908	1.01888	1.0334	1.00932	0.939433	0.809652	0.617303	0.361185	0.0742768	-0.198387	-0.409876	-0.524276	-0.545139	-0.481512	-0.351356	-0.18989	-0.0359266	0.0760449	0.131885	0.12687	0.0554721	-0.0896372	-0.29808	-0.546141	-0.797224	-0.998896	-1.12059	-1.12059	
-0.976513	-0.979674	-0.999731	-1.03224	-1.06106	-1.07647	-1.06384	-1.00542	-0.89012	-0.724748	-0.544666	-0.376996	-0.226219	-0.0805589	0.0709195	0.245541	0.427477	0.600087	0.759241	0.897757	1.02103	1.12104	1.18922	1.22295	1.21902	1.18299	1.11615	0.987885	0.782281	0.506749	0.197348	-0.0954317	-0.325493	-0.455851	-0.487502	-0.439817	-0.336216	-0.200262	-0.0660202	0.0289336	0.0615581	0.0249789	-0.0812217	-0.265697	-0.512661	-0.797224	-1.08374	-1.31303	-1.44807	-1.44807	
-1.08999	-1.08096	-1.09155	-1.1111	-1.12918	-1.14097	-1.13216	-1.07504	-0.947123	-0.756448	-0.545608	-0.345031	-0.16106	0.016477	0.201314	0.399056	0.609613	0.799582	0.958947	1.09623	1.20582	1.29422	1.35027	1.3639	1.35324	1.31853	1.24984	1.12403	0.917207	0.63036	0.304093	-0.00841402	-0.251068	-0.393518	-0.435875	-0.398626	-0.310139	-0.192321	-0.0812807	-0.00416757	0.00175745	-0.0652244	-0.199582	-0.410906	-0.683239	-0.998896	-1.31303	-1.57133	-1.71935	-1.71935	
-1.14761	-1.12981	-1.13038	-1.13967	-1.14614	-1.15642	-1.15208	-1.09637	-0.970012	-0.769562	-0.541799	-0.327155	-0.119287	0.0759749	0.277189	0.494572	0.715769	0.90829	1.06813	1.19749	1.30069	1.37975	1.4287	1.4411	1.42202	1.38377	1.32212	1.20031	0.987687	0.694257	0.358399	0.0418701	-0.207393	-0.356597	-0.397664	-0.36975	-0.293163	-0.185332	-0.0842582	-0.0165701	-0.0226065	-0.105335	-0.262356	-0.493298	-0.785139	-1.12059	-1.44807	-1.71935	-1.87189	-1.87189	
-1.14761	-1.12981	-1.13038	-1.13967	-1.14614	-1.15642	-1.15208	-1.09637	-0.970012	-0.769562	-0.541799	-0.327155	-0.119287	0.0759749	0.277189	0.494572	0.715769	0.90829	1.06813	1.19749	1.30069	1.37975	1.4287	1.4411	1.42202	1.38377	1.32212	1.20031	0.987687	0.694257	0.358399	0.0418701	-0.207393	-0.356597	-0.397664	-0.36975	-0.293163	-0.185332	-0.0842582	-0.0165701	-0.0226065	-0.105335	-0.262356	-0.493298	-0.785139	-1.12059	-1.44807	-1.71935	-1.87189	-1.87189	
