-1.00222	-1.03125	-0.989207	-0.879453	-0.717852	-0.523292	-0.306587	-0.0778777	0.14064	0.321093	0.43515	0.478573	0.455031	0.395792	0.335756	0.289532	0.272016	0.287245	0.33279	0.400869	0.491349	0.60616	0.736875	0.890471	1.0647	1.23835	1.39875	1.51788	1.55588	1.49346	1.33232	1.09501	0.812004	0.510297	0.223181	-0.0281301	-0.24105	-0.395829	-0.464723	-0.454647	-0.3985	-0.325429	-0.254707	-0.195247	-0.152883	-0.140342	-0.161013	-0.193716	-0.214061	-0.214061	
-1.03125	-1.03064	-0.954461	-0.811761	-0.62211	-0.402532	-0.161508	0.0815616	0.309492	0.490346	0.596878	0.634403	0.608704	0.55469	0.499149	0.453818	0.440428	0.458731	0.499808	0.561139	0.643081	0.737047	0.838717	0.962122	1.09934	1.23288	1.35835	1.44878	1.46733	1.39669	1.23595	1.0033	0.725537	0.432622	0.159695	-0.0795892	-0.286973	-0.439259	-0.507357	-0.497652	-0.440559	-0.365091	-0.289428	-0.218536	-0.161043	-0.139622	-0.161121	-0.198013	-0.220502	-0.220502	
-0.989207	-0.954461	-0.84218	-0.670931	-0.457964	-0.218131	0.0345768	0.285654	0.515385	0.685871	0.782979	0.80951	0.774042	0.715322	0.655123	0.613303	0.603999	0.617675	0.651303	0.699554	0.757309	0.820355	0.8901	0.975067	1.06609	1.15903	1.25412	1.32262	1.33328	1.27021	1.12682	0.914065	0.65414	0.379554	0.125331	-0.101924	-0.304954	-0.456945	-0.529152	-0.526294	-0.474114	-0.400481	-0.322318	-0.241689	-0.170901	-0.141326	-0.162262	-0.201414	-0.225174	-0.225174	
-0.879453	-0.811761	-0.670931	-0.477258	-0.245147	0.00575385	0.266241	0.52019	0.740673	0.894644	0.973922	0.980432	0.931405	0.867602	0.807223	0.764787	0.747219	0.748827	0.764485	0.78752	0.817235	0.845441	0.874436	0.917201	0.968203	1.02971	1.10283	1.16117	1.17909	1.13818	1.02473	0.842029	0.607522	0.35566	0.119771	-0.0985597	-0.299516	-0.453621	-0.534534	-0.54423	-0.501975	-0.433482	-0.354413	-0.265648	-0.183892	-0.146885	-0.165103	-0.203848	-0.22775	-0.22775	
-0.717852	-0.62211	-0.457964	-0.245147	-0.00291204	0.254157	0.516723	0.763118	0.967234	1.09992	1.1571	1.14146	1.07997	1.00841	0.935031	0.879	0.847216	0.829238	0.819815	0.814756	0.808897	0.796924	0.79255	0.803985	0.823908	0.865277	0.929987	0.991244	1.0274	1.01759	0.941274	0.79339	0.587306	0.358879	0.138283	-0.0750677	-0.275791	-0.433768	-0.527056	-0.553865	-0.525642	-0.464838	-0.385944	-0.290898	-0.201144	-0.157477	-0.170196	-0.205275	-0.227959	-0.227959	
-0.523292	-0.402532	-0.218131	0.00575385	0.254157	0.513947	0.770722	1.00473	1.18824	1.29344	1.32111	1.27894	1.19769	1.10354	1.01061	0.940863	0.888269	0.843287	0.804508	0.767774	0.730719	0.693018	0.666445	0.653857	0.657237	0.694793	0.760718	0.831679	0.892409	0.917569	0.879532	0.766615	0.589603	0.383759	0.174583	-0.0370461	-0.238203	-0.40097	-0.509208	-0.55644	-0.54551	-0.494398	-0.416629	-0.317693	-0.223524	-0.173983	-0.178019	-0.205783	-0.225668	-0.225668	
-0.306587	-0.161508	0.0345768	0.266241	0.516723	0.770722	1.01589	1.23154	1.38214	1.45001	1.44223	1.36477	1.25405	1.13616	1.02505	0.933588	0.853279	0.782704	0.721353	0.664876	0.608556	0.554053	0.516289	0.495814	0.497396	0.538024	0.609123	0.694474	0.780882	0.838297	0.83562	0.756349	0.608446	0.423716	0.222549	0.01107	-0.189983	-0.357895	-0.482611	-0.552303	-0.561115	-0.521369	-0.445942	-0.346203	-0.251589	-0.196891	-0.188977	-0.205677	-0.220981	-0.220981	
-0.0778777	0.0815616	0.285654	0.52019	0.763118	1.00473	1.23154	1.41344	1.51975	1.54659	1.49232	1.37511	1.23963	1.0972	0.963103	0.850638	0.752726	0.669843	0.596668	0.527777	0.462193	0.407756	0.37292	0.35187	0.357783	0.406425	0.484595	0.582754	0.690286	0.775082	0.803854	0.756152	0.637205	0.472447	0.277358	0.0663607	-0.13337	-0.306584	-0.448291	-0.541185	-0.571373	-0.544534	-0.473313	-0.376576	-0.28549	-0.2262	-0.203402	-0.205544	-0.214322	-0.214322	
0.14064	0.309492	0.515385	0.740673	0.967234	1.18824	1.38214	1.51975	1.58175	1.55923	1.45784	1.31224	1.15036	0.983248	0.838088	0.718722	0.615451	0.527411	0.450171	0.383251	0.324139	0.277821	0.247816	0.232466	0.249478	0.304326	0.384816	0.492658	0.616702	0.722547	0.777487	0.759656	0.670243	0.524844	0.335562	0.127071	-0.0699827	-0.248705	-0.406922	-0.52246	-0.574791	-0.562456	-0.498265	-0.408909	-0.324855	-0.261342	-0.221541	-0.206294	-0.206523	-0.206523	
0.321093	0.490346	0.685871	0.894644	1.09992	1.29344	1.45001	1.54659	1.55923	1.4882	1.3518	1.17843	0.99569	0.824513	0.683386	0.564599	0.462104	0.379687	0.31378	0.256654	0.205779	0.171626	0.151825	0.145012	0.169561	0.225259	0.306786	0.421335	0.554216	0.67394	0.751264	0.762691	0.702979	0.576553	0.394885	0.192289	-0.00118894	-0.185758	-0.358981	-0.495323	-0.56968	-0.573676	-0.52047	-0.443134	-0.368681	-0.301168	-0.243537	-0.209142	-0.198891	-0.198891	
0.43515	0.596878	0.782979	0.973922	1.1571	1.32111	1.44223	1.49232	1.45784	1.3518	1.18602	0.99967	0.818561	0.654626	0.520791	0.407896	0.318947	0.254519	0.200312	0.15219	0.117239	0.0973439	0.0822253	0.0819093	0.113145	0.16713	0.246352	0.361632	0.496938	0.626026	0.722529	0.761784	0.731199	0.62432	0.454156	0.261321	0.0715129	-0.119098	-0.304783	-0.458956	-0.5544	-0.576912	-0.539704	-0.478829	-0.415305	-0.344033	-0.269411	-0.21555	-0.193252	-0.193252	
0.478573	0.634403	0.80951	0.980432	1.14146	1.27894	1.36477	1.37511	1.31224	1.17843	0.99967	0.818006	0.640084	0.487188	0.368417	0.273892	0.207361	0.155967	0.111675	0.0793419	0.0581161	0.0433778	0.0337696	0.0434844	0.0753491	0.121328	0.196979	0.310295	0.443092	0.576612	0.688833	0.75444	0.751913	0.665915	0.512542	0.333117	0.14647	-0.0498035	-0.244515	-0.412715	-0.527645	-0.571234	-0.555698	-0.515004	-0.462454	-0.387957	-0.29903	-0.2271	-0.191943	-0.191943	
0.455031	0.608704	0.774042	0.931405	1.07997	1.19769	1.25405	1.23963	1.15036	0.99569	0.818561	0.640084	0.473725	0.346396	0.249729	0.175412	0.122432	0.0811763	0.0518838	0.0312691	0.0178375	0.00999099	0.0065789	0.0187648	0.0449455	0.0854097	0.158712	0.264611	0.389449	0.524367	0.650131	0.739438	0.762463	0.699628	0.569278	0.406093	0.221932	0.0213992	-0.178273	-0.356297	-0.488738	-0.556173	-0.567897	-0.549902	-0.507419	-0.430873	-0.332079	-0.245329	-0.197713	-0.197713	
0.395792	0.55469	0.715322	0.867602	1.00841	1.10354	1.13616	1.0972	0.983248	0.824513	0.654626	0.487188	0.346396	0.243048	0.160182	0.0984379	0.0596986	0.0340268	0.0149872	0.00205017	-0.0039022	-0.0108423	-0.0127879	0.00188981	0.0237898	0.0591329	0.12626	0.220522	0.336312	0.471081	0.606752	0.714955	0.760862	0.724862	0.623287	0.477783	0.296187	0.0942689	-0.10612	-0.289949	-0.43789	-0.531727	-0.575184	-0.580919	-0.547334	-0.470892	-0.368058	-0.271544	-0.213532	-0.213532	
0.335756	0.499149	0.655123	0.807223	0.935031	1.01061	1.02505	0.963103	0.838088	0.683386	0.520791	0.368417	0.249729	0.160182	0.0890149	0.0480154	0.026565	0.00652153	-0.00825114	-0.0145001	-0.0199955	-0.0261275	-0.0203854	-0.00683304	0.00569683	0.0370073	0.0979086	0.179384	0.285331	0.417175	0.558248	0.680122	0.746906	0.7415	0.672352	0.545015	0.367982	0.169008	-0.0282907	-0.214645	-0.376316	-0.498215	-0.575668	-0.604695	-0.579499	-0.506535	-0.406304	-0.306655	-0.242247	-0.242247	
0.289532	0.453818	0.613303	0.764787	0.879	0.940863	0.933588	0.850638	0.718722	0.564599	0.407896	0.273892	0.175412	0.0984379	0.0480154	0.025274	0.00321401	-0.0163735	-0.0222339	-0.0244483	-0.0289708	-0.0297827	-0.0237114	-0.0189461	-0.00953562	0.0224351	0.0732847	0.140175	0.236643	0.363529	0.505362	0.635246	0.721289	0.749108	0.713285	0.604609	0.436647	0.245904	0.0545797	-0.132144	-0.306138	-0.456032	-0.566645	-0.617444	-0.6017	-0.536869	-0.44607	-0.351058	-0.286133	-0.286133	
0.272016	0.440428	0.603999	0.747219	0.847216	0.888269	0.853279	0.752726	0.615451	0.462104	0.318947	0.207361	0.122432	0.0596986	0.026565	0.00321401	-0.0199678	-0.0262611	-0.0246485	-0.0284612	-0.0336164	-0.034125	-0.0301474	-0.0272023	-0.0167045	0.0105018	0.0484191	0.104113	0.192324	0.311362	0.448479	0.581126	0.685673	0.746989	0.742346	0.653841	0.501927	0.324895	0.141268	-0.044921	-0.230036	-0.405343	-0.54486	-0.6155	-0.612425	-0.561499	-0.486647	-0.404572	-0.34634	-0.34634	
0.287245	0.458731	0.617675	0.748827	0.829238	0.843287	0.782704	0.669843	0.527411	0.379687	0.254519	0.155967	0.0811763	0.0340268	0.00652153	-0.0163735	-0.0262611	-0.0238661	-0.0279934	-0.0365722	-0.0394135	-0.0348088	-0.0313284	-0.0328456	-0.0237243	-0.00136166	0.0263212	0.0732297	0.152654	0.260673	0.387963	0.520195	0.642637	0.733591	0.755722	0.691065	0.563686	0.405044	0.22979	0.0440993	-0.150655	-0.345854	-0.507093	-0.596006	-0.610922	-0.580431	-0.527495	-0.466428	-0.422364	-0.422364	
0.33279	0.499808	0.651303	0.764485	0.819815	0.804508	0.721353	0.596668	0.450171	0.31378	0.200312	0.111675	0.0518838	0.0149872	-0.00825114	-0.0222339	-0.0246485	-0.0279934	-0.0380632	-0.041048	-0.0354264	-0.03236	-0.0382479	-0.039952	-0.0260666	-0.010984	0.00579731	0.0473441	0.118006	0.211034	0.32523	0.456657	0.594052	0.706252	0.751007	0.716192	0.621146	0.484004	0.317435	0.13203	-0.0699164	-0.276804	-0.451022	-0.557576	-0.597122	-0.59384	-0.568302	-0.535236	-0.511657	-0.511657	
0.400869	0.561139	0.699554	0.78752	0.814756	0.767774	0.664876	0.527777	0.383251	0.256654	0.15219	0.0793419	0.0312691	0.00205017	-0.0145001	-0.0244483	-0.0284612	-0.0365722	-0.041048	-0.0350157	-0.0333112	-0.0404822	-0.0450769	-0.0371863	-0.0271781	-0.0251487	-0.0109851	0.0292164	0.086273	0.161526	0.264232	0.394686	0.539485	0.66287	0.728771	0.729965	0.671937	0.558022	0.401095	0.216579	0.0114999	-0.197293	-0.376133	-0.500751	-0.571468	-0.601841	-0.608873	-0.608897	-0.609529	-0.609529	
0.491349	0.643081	0.757309	0.817235	0.808897	0.730719	0.608556	0.462193	0.324139	0.205779	0.117239	0.0581161	0.0178375	-0.0039022	-0.0199955	-0.0289708	-0.0336164	-0.0394135	-0.0354264	-0.0333112	-0.0413356	-0.0453561	-0.0410234	-0.0353163	-0.0367507	-0.0368297	-0.0181842	0.0138406	0.0537578	0.115692	0.209679	0.335097	0.477439	0.604449	0.692193	0.732457	0.71203	0.622558	0.477624	0.296465	0.0942945	-0.106903	-0.284396	-0.428109	-0.534793	-0.604323	-0.648792	-0.684421	-0.709458	-0.709458	
0.60616	0.737047	0.820355	0.845441	0.796924	0.693018	0.554053	0.407756	0.277821	0.171626	0.0973439	0.0433778	0.00999099	-0.0108423	-0.0261275	-0.0297827	-0.034125	-0.0348088	-0.03236	-0.0404822	-0.0453561	-0.0417219	-0.0395635	-0.0406321	-0.0443812	-0.0401712	-0.0233565	-0.00394509	0.0243793	0.0777161	0.161849	0.27669	0.40852	0.535103	0.645109	0.722484	0.736652	0.672966	0.544163	0.37166	0.1801	-0.00652144	-0.180404	-0.343952	-0.488331	-0.600892	-0.686857	-0.757683	-0.803785	-0.803785	
0.736875	0.838717	0.8901	0.874436	0.79255	0.666445	0.516289	0.37292	0.247816	0.151825	0.0822253	0.0337696	0.0065789	-0.0127879	-0.0203854	-0.0237114	-0.0301474	-0.0313284	-0.0382479	-0.0450769	-0.0410234	-0.0395635	-0.0416108	-0.0449086	-0.0486418	-0.0416296	-0.0296932	-0.0206116	0.000803064	0.0467994	0.119851	0.219364	0.335118	0.46041	0.590962	0.697974	0.741246	0.705201	0.598655	0.443191	0.270305	0.100943	-0.0707762	-0.253653	-0.433876	-0.590899	-0.72045	-0.823253	-0.884672	-0.884672	
0.890471	0.962122	0.975067	0.917201	0.803985	0.653857	0.495814	0.35187	0.232466	0.145012	0.0819093	0.0434844	0.0187648	0.00188981	-0.00683304	-0.0189461	-0.0272023	-0.0328456	-0.039952	-0.0371863	-0.0353163	-0.0406321	-0.0449086	-0.0506635	-0.0494985	-0.0394195	-0.0375911	-0.0367733	-0.0168754	0.0233489	0.0828447	0.162239	0.261195	0.387032	0.531763	0.656216	0.722684	0.716885	0.640252	0.512167	0.364442	0.210366	0.0370964	-0.162867	-0.373955	-0.573459	-0.745135	-0.874466	-0.945017	-0.945017	
1.0647	1.09934	1.06609	0.968203	0.823908	0.657237	0.497396	0.357783	0.249478	0.169561	0.113145	0.0753491	0.0449455	0.0237898	0.00569683	-0.00953562	-0.0167045	-0.0237243	-0.0260666	-0.0271781	-0.0367507	-0.0443812	-0.0486418	-0.0494985	-0.0418318	-0.0419382	-0.0519501	-0.0474092	-0.0252673	0.00470354	0.0466326	0.106359	0.193959	0.319997	0.46641	0.595389	0.681027	0.708032	0.669016	0.578232	0.458875	0.314958	0.136498	-0.0768216	-0.311752	-0.547406	-0.754801	-0.903911	-0.979024	-0.979024	
1.23835	1.23288	1.15903	1.02971	0.865277	0.694793	0.538024	0.406425	0.304326	0.225259	0.16713	0.121328	0.0854097	0.0591329	0.0370073	0.0224351	0.0105018	-0.00136166	-0.010984	-0.0251487	-0.0368297	-0.0401712	-0.0416296	-0.0394195	-0.0419382	-0.055777	-0.0592808	-0.0453985	-0.0312905	-0.0161526	0.0112151	0.0580247	0.13936	0.25866	0.392403	0.51744	0.620034	0.680657	0.685133	0.638191	0.546422	0.407399	0.22248	0.000236156	-0.250528	-0.511182	-0.742593	-0.90435	-0.98222	-0.98222	
1.39875	1.35835	1.25412	1.10283	0.929987	0.760718	0.609123	0.484595	0.384816	0.306786	0.246352	0.196979	0.158712	0.12626	0.0979086	0.0732847	0.0484191	0.0263212	0.00579731	-0.0109851	-0.0181842	-0.0233565	-0.0296932	-0.0375911	-0.0519501	-0.0592808	-0.0506044	-0.043841	-0.043839	-0.0367551	-0.0178056	0.0220688	0.0968835	0.198503	0.310159	0.428687	0.545681	0.638089	0.688094	0.685322	0.617264	0.481138	0.292166	0.0654505	-0.192544	-0.462791	-0.702487	-0.869915	-0.950982	-0.950982	
1.51788	1.44878	1.32262	1.16117	0.991244	0.831679	0.694474	0.582754	0.492658	0.421335	0.361632	0.310295	0.264611	0.220522	0.179384	0.140175	0.104113	0.0732297	0.0473441	0.0292164	0.0138406	-0.00394509	-0.0206116	-0.0367733	-0.0474092	-0.0453985	-0.043841	-0.0512716	-0.0554023	-0.0515832	-0.0383035	-0.00126749	0.0612941	0.135889	0.224701	0.337566	0.464599	0.584356	0.675683	0.709921	0.661172	0.531365	0.344214	0.117733	-0.137824	-0.399974	-0.631034	-0.79718	-0.881984	-0.881984	
1.55588	1.46733	1.33328	1.17909	1.0274	0.892409	0.780882	0.690286	0.616702	0.554216	0.496938	0.443092	0.389449	0.336312	0.285331	0.236643	0.192324	0.152654	0.118006	0.086273	0.0537578	0.0243793	0.000803064	-0.0168754	-0.0252673	-0.0312905	-0.043839	-0.0554023	-0.0606652	-0.0615677	-0.048238	-0.0151421	0.0249786	0.0715589	0.144475	0.251905	0.383146	0.522817	0.643218	0.701741	0.670399	0.555083	0.37785	0.158149	-0.0834615	-0.320714	-0.528441	-0.685705	-0.772132	-0.772132	
1.49346	1.39669	1.27021	1.13818	1.01759	0.917569	0.838297	0.775082	0.722547	0.67394	0.626026	0.576612	0.524367	0.471081	0.417175	0.363529	0.311362	0.260673	0.211034	0.161526	0.115692	0.0777161	0.0467994	0.0233489	0.00470354	-0.0161526	-0.0367551	-0.0515832	-0.0615677	-0.0614771	-0.0467449	-0.0297081	-0.0163045	0.0132144	0.0775939	0.176855	0.306383	0.454126	0.584458	0.653974	0.641696	0.550362	0.392426	0.190125	-0.0241972	-0.223949	-0.398309	-0.537807	-0.61944	-0.61944	
1.33232	1.23595	1.12682	1.02473	0.941274	0.879532	0.83562	0.803854	0.777487	0.751264	0.722529	0.688833	0.650131	0.606752	0.558248	0.505362	0.448479	0.387963	0.32523	0.264232	0.209679	0.161849	0.119851	0.0828447	0.0466326	0.0112151	-0.0178056	-0.0383035	-0.048238	-0.0467449	-0.0453576	-0.0529377	-0.054511	-0.0293995	0.0269365	0.114938	0.236493	0.375086	0.494967	0.566647	0.576227	0.515843	0.388156	0.218891	0.045467	-0.110097	-0.245891	-0.357718	-0.424763	-0.424763	
1.09501	1.0033	0.914065	0.842029	0.79339	0.766615	0.756349	0.756152	0.759656	0.762691	0.761784	0.75444	0.739438	0.714955	0.680122	0.635246	0.581126	0.520195	0.456657	0.394686	0.335097	0.27669	0.219364	0.162239	0.106359	0.0580247	0.0220688	-0.00126749	-0.0151421	-0.0297081	-0.0529377	-0.0743793	-0.0763119	-0.0542648	-0.00859402	0.0670705	0.170372	0.280564	0.376446	0.446823	0.477943	0.451899	0.367589	0.249645	0.128426	0.0190711	-0.0757075	-0.150698	-0.193596	-0.193596	
0.812004	0.725537	0.65414	0.607522	0.587306	0.589603	0.608446	0.637205	0.670243	0.702979	0.731199	0.751913	0.762463	0.760862	0.746906	0.721289	0.685673	0.642637	0.594052	0.539485	0.477439	0.40852	0.335118	0.261195	0.193959	0.13936	0.0968835	0.0612941	0.0249786	-0.0163045	-0.054511	-0.0763119	-0.0787771	-0.0644667	-0.0289787	0.0296294	0.0996534	0.169157	0.238238	0.305095	0.352846	0.363357	0.336126	0.284864	0.223152	0.161225	0.109857	0.0772624	0.0633013	0.0633013	
0.510297	0.432622	0.379554	0.35566	0.358879	0.383759	0.423716	0.472447	0.524844	0.576553	0.62432	0.665915	0.699628	0.724862	0.7415	0.749108	0.746989	0.733591	0.706252	0.66287	0.604449	0.535103	0.46041	0.387032	0.319997	0.25866	0.198503	0.135889	0.0715589	0.0132144	-0.0293995	-0.0542648	-0.0644667	-0.0586992	-0.0366518	-0.00815598	0.017856	0.0477895	0.0931868	0.151881	0.210813	0.261283	0.300321	0.322665	0.324399	0.314134	0.309613	0.318962	0.331383	0.331383	
0.223181	0.159695	0.125331	0.119771	0.138283	0.174583	0.222549	0.277358	0.335562	0.394885	0.454156	0.512542	0.569278	0.623287	0.672352	0.713285	0.742346	0.755722	0.751007	0.728771	0.692193	0.645109	0.590962	0.531763	0.46641	0.392403	0.310159	0.224701	0.144475	0.0775939	0.0269365	-0.00859402	-0.0289787	-0.0366518	-0.042399	-0.0558658	-0.0710365	-0.0715727	-0.0483515	-0.00193406	0.0678102	0.160827	0.265151	0.358282	0.426126	0.47507	0.520386	0.565273	0.595649	0.595649	
-0.0281301	-0.0795892	-0.101924	-0.0985597	-0.0750677	-0.0370461	0.01107	0.0663607	0.127071	0.192289	0.261321	0.333117	0.406093	0.477783	0.545015	0.604609	0.653841	0.691065	0.716192	0.729965	0.732457	0.722484	0.697974	0.656216	0.595389	0.51744	0.428687	0.337566	0.251905	0.176855	0.114938	0.0670705	0.0296294	-0.00815598	-0.0558658	-0.109655	-0.154868	-0.179785	-0.17838	-0.141208	-0.0562382	0.0757309	0.233418	0.388495	0.524255	0.638758	0.733697	0.805062	0.844139	0.844139	
-0.24105	-0.286973	-0.304954	-0.299516	-0.275791	-0.238203	-0.189983	-0.13337	-0.0699827	-0.00118894	0.0715129	0.14647	0.221932	0.296187	0.367982	0.436647	0.501927	0.563686	0.621146	0.671937	0.71203	0.736652	0.741246	0.722684	0.681027	0.620034	0.545681	0.464599	0.383146	0.306383	0.236493	0.170372	0.0996534	0.017856	-0.0710365	-0.154868	-0.223625	-0.270945	-0.284954	-0.246793	-0.144531	0.0145503	0.208773	0.415566	0.616837	0.795515	0.935159	1.02621	1.06936	1.06936	
-0.395829	-0.439259	-0.456945	-0.453621	-0.433768	-0.40097	-0.357895	-0.306584	-0.248705	-0.185758	-0.119098	-0.0498035	0.0213992	0.0942689	0.169008	0.245904	0.324895	0.405044	0.484004	0.558022	0.622558	0.672966	0.705201	0.716885	0.708032	0.680657	0.638089	0.584356	0.522817	0.454126	0.375086	0.280564	0.169157	0.0477895	-0.0715727	-0.179785	-0.270945	-0.334051	-0.350173	-0.30277	-0.188847	-0.0173937	0.19927	0.446733	0.701855	0.932095	1.10789	1.21721	1.26653	1.26653	
-0.464723	-0.507357	-0.529152	-0.534534	-0.527056	-0.509208	-0.482611	-0.448291	-0.406922	-0.358981	-0.304783	-0.244515	-0.178273	-0.10612	-0.0282907	0.0545797	0.141268	0.22979	0.317435	0.401095	0.477624	0.544163	0.598655	0.640252	0.669016	0.685133	0.688094	0.675683	0.643218	0.584458	0.494967	0.376446	0.238238	0.0931868	-0.0483515	-0.17838	-0.284954	-0.350173	-0.358054	-0.302881	-0.187066	-0.0131417	0.216423	0.489198	0.775616	1.03612	1.23819	1.36835	1.42984	1.42984	
-0.454647	-0.497652	-0.526294	-0.54423	-0.553865	-0.55644	-0.552303	-0.541185	-0.52246	-0.495323	-0.458956	-0.412715	-0.356297	-0.289949	-0.214645	-0.132144	-0.044921	0.0440993	0.13203	0.216579	0.296465	0.37166	0.443191	0.512167	0.578232	0.638191	0.685322	0.709921	0.701741	0.653974	0.566647	0.446823	0.305095	0.151881	-0.00193406	-0.141208	-0.246793	-0.30277	-0.302881	-0.247635	-0.135933	0.0366775	0.269153	0.545286	0.834361	1.10177	1.31987	1.47188	1.54951	1.54951	
-0.3985	-0.440559	-0.474114	-0.501975	-0.525642	-0.54551	-0.561115	-0.571373	-0.574791	-0.56968	-0.5544	-0.527645	-0.488738	-0.43789	-0.376316	-0.306138	-0.230036	-0.150655	-0.0699164	0.0114999	0.0942945	0.1801	0.270305	0.364442	0.458875	0.546422	0.617264	0.661172	0.670399	0.641696	0.576227	0.477943	0.352846	0.210813	0.0678102	-0.0562382	-0.144531	-0.188847	-0.187066	-0.135933	-0.0287506	0.138276	0.358161	0.612533	0.878107	1.13252	1.35454	1.52178	1.61249	1.61249	
-0.325429	-0.365091	-0.400481	-0.433482	-0.464838	-0.494398	-0.521369	-0.544534	-0.562456	-0.573676	-0.576912	-0.571234	-0.556173	-0.531727	-0.498215	-0.456032	-0.405343	-0.345854	-0.276804	-0.197293	-0.106903	-0.00652144	0.100943	0.210366	0.314958	0.407399	0.481138	0.531365	0.555083	0.550362	0.515843	0.451899	0.363357	0.261283	0.160827	0.0757309	0.0145503	-0.0173937	-0.0131417	0.0366775	0.138276	0.288745	0.476644	0.688379	0.912811	1.13872	1.34822	1.51422	1.60709	1.60709	
-0.254707	-0.289428	-0.322318	-0.354413	-0.385944	-0.416629	-0.445942	-0.473313	-0.498265	-0.52047	-0.539704	-0.555698	-0.567897	-0.575184	-0.575668	-0.566645	-0.54486	-0.507093	-0.451022	-0.376133	-0.284396	-0.180404	-0.0707762	0.0370964	0.136498	0.22248	0.292166	0.344214	0.37785	0.392426	0.388156	0.367589	0.336126	0.300321	0.265151	0.233418	0.208773	0.19927	0.216423	0.269153	0.358161	0.476644	0.616651	0.774275	0.947989	1.13145	1.30752	1.44941	1.52924	1.52924	
-0.195247	-0.218536	-0.241689	-0.265648	-0.290898	-0.317693	-0.346203	-0.376576	-0.408909	-0.443134	-0.478829	-0.515004	-0.549902	-0.580919	-0.604695	-0.617444	-0.6155	-0.596006	-0.557576	-0.500751	-0.428109	-0.343952	-0.253653	-0.162867	-0.0768216	0.000236156	0.0654505	0.117733	0.158149	0.190125	0.218891	0.249645	0.284864	0.322665	0.358282	0.388495	0.415566	0.446733	0.489198	0.545286	0.612533	0.688379	0.774275	0.874617	0.991102	1.11736	1.23823	1.33402	1.38705	1.38705	
-0.152883	-0.161043	-0.170901	-0.183892	-0.201144	-0.223524	-0.251589	-0.28549	-0.324855	-0.368681	-0.415305	-0.462454	-0.507419	-0.547334	-0.579499	-0.6017	-0.612425	-0.610922	-0.597122	-0.571468	-0.534793	-0.488331	-0.433876	-0.373955	-0.311752	-0.250528	-0.192544	-0.137824	-0.0834615	-0.0241972	0.045467	0.128426	0.223152	0.324399	0.426126	0.524255	0.616837	0.701855	0.775616	0.834361	0.878107	0.912811	0.947989	0.991102	1.04302	1.09788	1.14687	1.1826	1.20111	1.20111	
-0.140342	-0.139622	-0.141326	-0.146885	-0.157477	-0.173983	-0.196891	-0.2262	-0.261342	-0.301168	-0.344033	-0.387957	-0.430873	-0.470892	-0.506535	-0.536869	-0.561499	-0.580431	-0.59384	-0.601841	-0.604323	-0.600892	-0.590899	-0.573459	-0.547406	-0.511182	-0.462791	-0.399974	-0.320714	-0.223949	-0.110097	0.0190711	0.161225	0.314134	0.47507	0.638758	0.795515	0.932095	1.03612	1.10177	1.13252	1.13872	1.13145	1.11736	1.09788	1.07256	1.04345	1.01671	1.00048	1.00048	
-0.161013	-0.161121	-0.162262	-0.165103	-0.170196	-0.178019	-0.188977	-0.203402	-0.221541	-0.243537	-0.269411	-0.29903	-0.332079	-0.368058	-0.406304	-0.44607	-0.486647	-0.527495	-0.568302	-0.608873	-0.648792	-0.686857	-0.72045	-0.745135	-0.754801	-0.742593	-0.702487	-0.631034	-0.528441	-0.398309	-0.245891	-0.0757075	0.109857	0.309613	0.520386	0.733697	0.935159	1.10789	1.23819	1.31987	1.35454	1.34822	1.30752	1.23823	1.14687	1.04345	0.942614	0.861729	0.816577	0.816577	
-0.193716	-0.198013	-0.201414	-0.203848	-0.205275	-0.205783	-0.205677	-0.205544	-0.206294	-0.209142	-0.21555	-0.2271	-0.245329	-0.271544	-0.306655	-0.351058	-0.404572	-0.466428	-0.535236	-0.608897	-0.684421	-0.757683	-0.823253	-0.874466	-0.903911	-0.90435	-0.869915	-0.79718	-0.685705	-0.537807	-0.357718	-0.150698	0.0772624	0.318962	0.565273	0.805062	1.02621	1.21721	1.36835	1.47188	1.52178	1.51422	1.44941	1.33402	1.1826	1.01671	0.861729	0.74216	0.677159	0.677159	
-0.214061	-0.220502	-0.225174	-0.22775	-0.227959	-0.225668	-0.220981	-0.214322	-0.206523	-0.198891	-0.193252	-0.191943	-0.197713	-0.213532	-0.242247	-0.286133	-0.34634	-0.422364	-0.511657	-0.609529	-0.709458	-0.803785	-0.884672	-0.945017	-0.979024	-0.98222	-0.950982	-0.881984	-0.772132	-0.61944	-0.424763	-0.193596	0.0633013	0.331383	0.595649	0.844139	1.06936	1.26653	1.42984	1.54951	1.61249	1.60709	1.52924	1.38705	1.20111	1.00048	0.816577	0.677159	0.602276	0.602276	
-0.214061	-0.220502	-0.225174	-0.22775	-0.227959	-0.225668	-0.220981	-0.214322	-0.206523	-0.198891	-0.193252	-0.191943	-0.197713	-0.213532	-0.242247	-0.286133	-0.34634	-0.422364	-0.511657	-0.609529	-0.709458	-0.803785	-0.884672	-0.945017	-0.979024	-0.98222	-0.950982	-0.881984	-0.772132	-0.61944	-0.424763	-0.193596	0.0633013	0.331383	0.595649	0.844139	1.06936	1.26653	1.42984	1.54951	1.61249	1.60709	1.52924	1.38705	1.20111	1.00048	0.816577	0.677159	0.602276	0.602276	
