-0.0858701	0.425003	0.715696	0.341818	0.0156177	0.0156177	
0.425003	1.17554	1.07135	0.857097	0.45591	0.45591	
0.715696	1.07135	-0.468579	0.531662	0.235367	0.235367	
0.341818	0.857097	0.531662	1.40371	-0.653349	-0.653349	
0.0156177	0.45591	0.235367	-0.653349	-0.199896	-0.199896	
0.0156177	0.45591	0.235367	-0.653349	-0.199896	-0.199896	
