0.0842261	1.03944	0.255406	-0.18442	0.264148	0.264148	
1.03944	0.468179	-0.56373	-0.195466	0.498297	0.498297	
0.255406	-0.56373	-0.473024	0.225554	0.582379	0.582379	
-0.18442	-0.195466	0.225554	0.449433	0.410257	0.410257	
0.264148	0.498297	0.582379	0.410257	0.234872	0.234872	
0.264148	0.498297	0.582379	0.410257	0.234872	0.234872	
