0.388934	0.388934	0.418824	0.480125	0.578432	0.709226	0.846729	0.959577	1.03975	1.08533	1.07348	0.968677	0.764852	0.503475	0.236379	0.0174952	-0.123562	-0.166309	-0.119788	0.00667452	0.198755	0.429351	0.672545	0.892598	1.06446	1.14983	1.13198	1.00883	0.802954	0.571533	0.383105	0.255348	0.15954	0.0530663	-0.0843016	-0.267258	-0.484619	-0.700762	-0.898045	-1.06766	-1.17589	-1.2033	-1.13787	-0.984257	-0.738099	-0.408512	-0.0306251	0.341457	0.645787	0.833191	
0.388934	0.388934	0.418824	0.480125	0.578432	0.709226	0.846729	0.959577	1.03975	1.08533	1.07348	0.968677	0.764852	0.503475	0.236379	0.0174952	-0.123562	-0.166309	-0.119788	0.00667452	0.198755	0.429351	0.672545	0.892598	1.06446	1.14983	1.13198	1.00883	0.802954	0.571533	0.383105	0.255348	0.15954	0.0530663	-0.0843016	-0.267258	-0.484619	-0.700762	-0.898045	-1.06766	-1.17589	-1.2033	-1.13787	-0.984257	-0.738099	-0.408512	-0.0306251	0.341457	0.645787	0.833191	
0.418824	0.418824	0.448662	0.510892	0.608748	0.740238	0.877419	0.991507	1.07296	1.11944	1.10937	1.006	0.805588	0.546753	0.282493	0.064834	-0.0763075	-0.121984	-0.0800232	0.0382095	0.220108	0.437345	0.66541	0.871017	1.0291	1.10611	1.08536	0.966286	0.772383	0.557584	0.387795	0.27828	0.197062	0.10181	-0.0290411	-0.208867	-0.424595	-0.639357	-0.835706	-1.003	-1.11077	-1.14061	-1.08323	-0.940754	-0.711712	-0.399859	-0.038215	0.322613	0.621502	0.813117	
0.480125	0.480125	0.510892	0.572711	0.671992	0.801962	0.94023	1.0553	1.13902	1.18822	1.17978	1.08158	0.886346	0.634547	0.375803	0.161788	0.0207677	-0.0288642	0.00309822	0.107892	0.268555	0.461153	0.660948	0.837328	0.971598	1.03103	1.00483	0.893664	0.719457	0.535276	0.398871	0.320764	0.267874	0.193712	0.0769321	-0.0936932	-0.303295	-0.515076	-0.707972	-0.873599	-0.982889	-1.02055	-0.976841	-0.857571	-0.653192	-0.369845	-0.0334508	0.308799	0.600139	0.790411	
0.578432	0.578432	0.608748	0.671992	0.769212	0.899289	1.03546	1.1524	1.2386	1.28966	1.28539	1.19147	1.00577	0.761759	0.511103	0.3003	0.158622	0.0998623	0.118323	0.199991	0.333127	0.491298	0.653633	0.795739	0.898352	0.939451	0.907215	0.804651	0.655649	0.505474	0.406801	0.366524	0.346491	0.302813	0.21018	0.0588914	-0.135371	-0.336907	-0.526821	-0.692177	-0.809065	-0.859629	-0.837123	-0.738517	-0.562192	-0.306132	0.00334454	0.322854	0.59486	0.780285	
0.709226	0.709226	0.740238	0.801962	0.899289	1.02493	1.15982	1.27599	1.36348	1.41623	1.41242	1.32427	1.14547	0.910603	0.665947	0.457251	0.310534	0.240229	0.2373	0.293745	0.391769	0.512842	0.63604	0.740848	0.815488	0.837894	0.801748	0.710364	0.584297	0.468485	0.405475	0.399493	0.415084	0.404934	0.343982	0.221984	0.0526531	-0.133424	-0.315628	-0.482712	-0.609272	-0.67783	-0.675357	-0.602159	-0.447916	-0.218267	0.0646665	0.357115	0.608129	0.774171	
0.846729	0.846729	0.877419	0.94023	1.03546	1.15982	1.29205	1.40995	1.50053	1.55539	1.55511	1.47165	1.30263	1.07498	0.835351	0.622964	0.466476	0.374162	0.345036	0.365665	0.426597	0.507759	0.592919	0.667608	0.717537	0.729171	0.692746	0.611275	0.507626	0.418769	0.384811	0.409333	0.456754	0.485037	0.46264	0.378359	0.241917	0.0766871	-0.0987846	-0.268074	-0.408241	-0.494053	-0.514116	-0.458345	-0.325867	-0.119122	0.136543	0.40099	0.622279	0.771748	
0.959577	0.959577	0.991507	1.0553	1.1524	1.27599	1.40995	1.5323	1.62994	1.69133	1.69635	1.62177	1.46305	1.24472	1.0072	0.789155	0.615313	0.497846	0.433166	0.417102	0.43625	0.479567	0.530616	0.578171	0.610418	0.613188	0.577384	0.506184	0.419284	0.355693	0.347122	0.399082	0.480498	0.54751	0.566741	0.52249	0.419212	0.274604	0.106253	-0.0666062	-0.217579	-0.321973	-0.360952	-0.325973	-0.212736	-0.0291577	0.203129	0.442303	0.645053	0.779165	
1.03975	1.03975	1.07296	1.13902	1.2386	1.36348	1.50053	1.62994	1.73735	1.80741	1.81983	1.75453	1.60699	1.39566	1.15818	0.927468	0.732901	0.58184	0.481191	0.424321	0.406282	0.415933	0.440054	0.469175	0.488348	0.486296	0.451828	0.38706	0.316001	0.27189	0.286804	0.363683	0.474768	0.578927	0.635053	0.625595	0.552757	0.425125	0.264375	0.092338	-0.0662386	-0.181282	-0.236597	-0.217489	-0.121876	0.0432051	0.256259	0.480947	0.671942	0.803544	
1.08533	1.08533	1.11944	1.18822	1.28966	1.41623	1.55539	1.69133	1.80741	1.88381	1.9006	1.84009	1.69835	1.48895	1.24328	0.995547	0.772768	0.589122	0.451709	0.36228	0.314937	0.303851	0.313318	0.335046	0.349803	0.348045	0.316701	0.260619	0.20234	0.178092	0.210267	0.304424	0.433987	0.558876	0.636865	0.649405	0.595929	0.486165	0.33707	0.174773	0.0234528	-0.0923546	-0.153517	-0.141461	-0.0558376	0.0975553	0.301535	0.515731	0.700691	0.828114	
1.07348	1.07348	1.10937	1.17978	1.28539	1.41242	1.55511	1.69635	1.81983	1.9006	1.91676	1.85625	1.71372	1.49901	1.23976	0.968038	0.717157	0.501339	0.335731	0.22322	0.161293	0.143129	0.152856	0.17803	0.197924	0.202344	0.179889	0.135219	0.0943046	0.0864574	0.133096	0.231257	0.361365	0.486592	0.564697	0.579992	0.538027	0.439473	0.308608	0.16747	0.0364219	-0.0617355	-0.10983	-0.0906769	-0.000245652	0.1519	0.347064	0.549097	0.719796	0.832985	
0.968677	0.968677	1.006	1.08158	1.19147	1.32427	1.47165	1.62177	1.75453	1.84009	1.85625	1.79372	1.64884	1.42811	1.1535	0.86094	0.585107	0.346292	0.162605	0.0390835	-0.0261753	-0.040504	-0.023609	0.0125057	0.0414308	0.0578033	0.0496232	0.0235082	0.00224332	0.0135774	0.0658676	0.157838	0.271366	0.378448	0.441453	0.450469	0.409885	0.325173	0.211862	0.0951171	-0.00676447	-0.0767139	-0.0999586	-0.0537999	0.0555039	0.215528	0.407152	0.589556	0.731738	0.815973	
0.764852	0.764852	0.805588	0.886346	1.00577	1.14547	1.30263	1.46305	1.60699	1.69835	1.71372	1.64884	1.50155	1.27584	0.990669	0.683756	0.39401	0.146199	-0.0417448	-0.162491	-0.220819	-0.225565	-0.196615	-0.150318	-0.110645	-0.0819764	-0.0736199	-0.0790278	-0.0780838	-0.0516716	0.00534028	0.0831424	0.174808	0.25897	0.304162	0.302158	0.263422	0.184387	0.0864052	-0.00836044	-0.0807609	-0.118068	-0.105105	-0.0284607	0.105394	0.275813	0.459249	0.618891	0.73332	0.788304	
0.503475	0.503475	0.546753	0.634547	0.761759	0.910603	1.07498	1.24472	1.39566	1.48895	1.49901	1.42811	1.27584	1.04648	0.754681	0.441104	0.148878	-0.097116	-0.276597	-0.387408	-0.433132	-0.425064	-0.383332	-0.323085	-0.269067	-0.222786	-0.191727	-0.173065	-0.150895	-0.111518	-0.0579562	0.00250669	0.0686607	0.130383	0.160401	0.152684	0.114225	0.0436544	-0.0427705	-0.118814	-0.165055	-0.171417	-0.129486	-0.0238544	0.129943	0.307562	0.485832	0.629199	0.722089	0.757988	
0.236379	0.236379	0.282493	0.375803	0.511103	0.665947	0.835351	1.0072	1.15818	1.24328	1.23976	1.1535	0.990669	0.754681	0.457234	0.143039	-0.145901	-0.379317	-0.544739	-0.638477	-0.667889	-0.643414	-0.582891	-0.502739	-0.426633	-0.355086	-0.298096	-0.252994	-0.211752	-0.163277	-0.113284	-0.0699827	-0.0251753	0.0171646	0.0341661	0.0183209	-0.0225646	-0.0904364	-0.166779	-0.225138	-0.243947	-0.222559	-0.15408	-0.0302448	0.13368	0.313074	0.486105	0.619761	0.706584	0.739321	
0.0174952	0.0174952	0.064834	0.161788	0.3003	0.457251	0.622964	0.789155	0.927468	0.995547	0.968038	0.86094	0.683756	0.441104	0.143039	-0.168267	-0.445996	-0.665271	-0.8133	-0.892182	-0.906183	-0.865284	-0.783127	-0.678112	-0.57238	-0.472028	-0.384046	-0.313754	-0.252805	-0.196182	-0.148551	-0.118526	-0.0930014	-0.0689203	-0.0655325	-0.0911381	-0.134806	-0.198439	-0.263278	-0.302188	-0.299361	-0.256536	-0.172549	-0.0386999	0.132777	0.318938	0.495456	0.632322	0.721661	0.756169	
-0.123562	-0.123562	-0.0763075	0.0207677	0.158622	0.310534	0.466476	0.615313	0.732901	0.772768	0.717157	0.585107	0.39401	0.148878	-0.145901	-0.445996	-0.710141	-0.910426	-1.04196	-1.10554	-1.10487	-1.04632	-0.941716	-0.81053	-0.679022	-0.553754	-0.445562	-0.355485	-0.282599	-0.216964	-0.16899	-0.145599	-0.132144	-0.121602	-0.128541	-0.157888	-0.202599	-0.257607	-0.309196	-0.334364	-0.315246	-0.260798	-0.169358	-0.0285661	0.15162	0.347829	0.536765	0.684158	0.782868	0.828267	
-0.166309	-0.166309	-0.121984	-0.0288642	0.0998623	0.240229	0.374162	0.497846	0.58184	0.589122	0.501339	0.346292	0.146199	-0.097116	-0.379317	-0.665271	-0.910426	-1.09275	-1.20788	-1.25832	-1.24434	-1.17067	-1.04647	-0.897282	-0.748323	-0.612817	-0.493931	-0.396588	-0.313941	-0.243665	-0.193665	-0.174501	-0.171429	-0.170347	-0.179145	-0.205295	-0.23722	-0.276664	-0.314045	-0.32537	-0.300618	-0.24293	-0.148084	-0.00416671	0.183984	0.396442	0.600034	0.763576	0.879634	0.941539	
-0.119788	-0.119788	-0.0800232	0.00309822	0.118323	0.2373	0.345036	0.433166	0.481191	0.451709	0.335731	0.162605	-0.0417448	-0.276597	-0.544739	-0.8133	-1.04196	-1.20788	-1.30953	-1.34871	-1.32436	-1.23918	-1.10425	-0.947323	-0.796217	-0.662374	-0.546872	-0.447027	-0.362867	-0.289025	-0.240837	-0.227532	-0.232167	-0.236036	-0.241105	-0.25133	-0.267173	-0.288292	-0.309895	-0.313949	-0.283024	-0.219731	-0.120888	0.0289117	0.226953	0.449179	0.666238	0.846465	0.979083	1.06347	
0.00667452	0.00667452	0.0382095	0.107892	0.199991	0.293745	0.365665	0.417102	0.424321	0.36228	0.22322	0.0390835	-0.162491	-0.387408	-0.638477	-0.892182	-1.10554	-1.25832	-1.34871	-1.37964	-1.34996	-1.26237	-1.1293	-0.980201	-0.840517	-0.721026	-0.614264	-0.519691	-0.434988	-0.363369	-0.320665	-0.312274	-0.323681	-0.327997	-0.323435	-0.32028	-0.320697	-0.327936	-0.340957	-0.332162	-0.291044	-0.21487	-0.101961	0.0579873	0.262457	0.495191	0.721455	0.91335	1.06143	1.16435	
0.198755	0.198755	0.220108	0.268555	0.333127	0.391769	0.426597	0.43625	0.406282	0.314937	0.161293	-0.0261753	-0.220819	-0.433132	-0.667889	-0.906183	-1.10487	-1.24434	-1.32436	-1.34996	-1.32253	-1.24439	-1.12831	-1.0014	-0.884973	-0.785477	-0.693768	-0.606127	-0.52706	-0.461997	-0.426567	-0.424574	-0.438111	-0.441082	-0.431291	-0.418327	-0.411412	-0.412034	-0.412229	-0.388928	-0.329927	-0.23343	-0.10444	0.0659902	0.28008	0.520609	0.755061	0.95765	1.11268	1.22658	
0.429351	0.429351	0.437345	0.461153	0.491298	0.512842	0.507759	0.479567	0.415933	0.303851	0.143129	-0.040504	-0.225565	-0.425064	-0.643414	-0.865284	-1.04632	-1.17067	-1.23918	-1.26237	-1.24439	-1.18518	-1.09733	-1.00038	-0.911868	-0.836254	-0.761839	-0.688434	-0.620739	-0.565975	-0.540326	-0.539792	-0.553305	-0.555961	-0.545636	-0.532484	-0.525516	-0.520397	-0.509676	-0.46655	-0.387236	-0.270731	-0.125274	0.0555821	0.274651	0.518215	0.754047	0.956758	1.11245	1.23269	
0.672545	0.672545	0.66541	0.660948	0.653633	0.63604	0.592919	0.530616	0.440054	0.313318	0.152856	-0.023609	-0.196615	-0.383332	-0.582891	-0.783127	-0.941716	-1.04647	-1.10425	-1.1293	-1.12831	-1.09733	-1.04414	-0.980313	-0.921259	-0.867567	-0.812573	-0.753936	-0.696832	-0.650779	-0.628956	-0.628729	-0.644198	-0.653671	-0.654605	-0.649903	-0.644846	-0.63456	-0.608904	-0.545735	-0.449422	-0.318649	-0.164928	0.0169533	0.230407	0.466424	0.694277	0.892823	1.04809	1.17751	
0.892598	0.892598	0.871017	0.837328	0.795739	0.740848	0.667608	0.578171	0.469175	0.335046	0.17803	0.0125057	-0.150318	-0.323085	-0.502739	-0.678112	-0.81053	-0.897282	-0.947323	-0.980201	-1.0014	-1.00038	-0.980313	-0.946043	-0.910331	-0.87628	-0.837184	-0.791215	-0.741377	-0.698288	-0.677382	-0.678919	-0.699163	-0.722164	-0.738872	-0.744399	-0.742167	-0.729494	-0.693988	-0.621005	-0.516726	-0.381296	-0.228197	-0.0562236	0.141779	0.357308	0.568728	0.759804	0.915734	1.05394	
1.06446	1.06446	1.0291	0.971598	0.898352	0.815488	0.717537	0.610418	0.488348	0.349803	0.197924	0.0414308	-0.110645	-0.269067	-0.426633	-0.57238	-0.679022	-0.748323	-0.796217	-0.840517	-0.884973	-0.911868	-0.921259	-0.910331	-0.895261	-0.873627	-0.844343	-0.801754	-0.749251	-0.701478	-0.680605	-0.685546	-0.718059	-0.758536	-0.794605	-0.813852	-0.818855	-0.807441	-0.771695	-0.694585	-0.589538	-0.460406	-0.321929	-0.172806	-0.00610405	0.181381	0.37765	0.563162	0.723203	0.871388	
1.14983	1.14983	1.10611	1.03103	0.939451	0.837894	0.729171	0.613188	0.486296	0.348045	0.202344	0.0578033	-0.0819764	-0.222786	-0.355086	-0.472028	-0.553754	-0.612817	-0.662374	-0.721026	-0.785477	-0.836254	-0.867567	-0.87628	-0.873627	-0.857619	-0.827354	-0.779499	-0.718624	-0.66838	-0.64976	-0.667343	-0.71275	-0.770044	-0.823905	-0.85769	-0.871387	-0.870164	-0.837807	-0.765293	-0.669296	-0.556465	-0.442606	-0.325073	-0.188487	-0.025141	0.155129	0.33457	0.492716	0.64003	
1.13198	1.13198	1.08536	1.00483	0.907215	0.801748	0.692746	0.577384	0.451828	0.316701	0.179889	0.0496232	-0.0736199	-0.191727	-0.298096	-0.384046	-0.445562	-0.493931	-0.546872	-0.614264	-0.693768	-0.761839	-0.812573	-0.837184	-0.844343	-0.827354	-0.790974	-0.734544	-0.670276	-0.621179	-0.613274	-0.643051	-0.699492	-0.769507	-0.838359	-0.887963	-0.915854	-0.923704	-0.899164	-0.835568	-0.751271	-0.662343	-0.575972	-0.486143	-0.375753	-0.237008	-0.0717331	0.0933274	0.243691	0.388667	
1.00883	1.00883	0.966286	0.893664	0.804651	0.710364	0.611275	0.506184	0.38706	0.260619	0.135219	0.0235082	-0.0790278	-0.173065	-0.252994	-0.313754	-0.355485	-0.396588	-0.447027	-0.519691	-0.606127	-0.688434	-0.753936	-0.791215	-0.801754	-0.779499	-0.734544	-0.676675	-0.617637	-0.5823	-0.588879	-0.631944	-0.697229	-0.774724	-0.856243	-0.919055	-0.954867	-0.968262	-0.949423	-0.894042	-0.827244	-0.759718	-0.697255	-0.629118	-0.54163	-0.424877	-0.282393	-0.134325	0.00830833	0.151186	
0.802954	0.802954	0.772383	0.719457	0.655649	0.584297	0.507626	0.419284	0.316001	0.20234	0.0943046	0.00224332	-0.0780838	-0.150895	-0.211752	-0.252805	-0.282599	-0.313941	-0.362867	-0.434988	-0.52706	-0.620739	-0.696832	-0.741377	-0.749251	-0.718624	-0.670276	-0.617637	-0.575619	-0.558294	-0.579183	-0.633768	-0.703088	-0.78648	-0.874958	-0.945407	-0.984446	-0.99953	-0.983648	-0.937777	-0.878451	-0.82393	-0.773414	-0.721524	-0.656972	-0.569463	-0.452868	-0.322161	-0.183158	-0.0363489	
0.571533	0.571533	0.557584	0.535276	0.505474	0.468485	0.418769	0.355693	0.27189	0.178092	0.0864574	0.0135774	-0.0516716	-0.111518	-0.163277	-0.196182	-0.216964	-0.243665	-0.289025	-0.363369	-0.461997	-0.565975	-0.650779	-0.698288	-0.701478	-0.66838	-0.621179	-0.5823	-0.558294	-0.553929	-0.583744	-0.639947	-0.710377	-0.792462	-0.881927	-0.954688	-0.996476	-1.01145	-0.998883	-0.951858	-0.890527	-0.834067	-0.789762	-0.75286	-0.711191	-0.649115	-0.551393	-0.428147	-0.285869	-0.136069	
0.383105	0.383105	0.387795	0.398871	0.406801	0.405475	0.384811	0.347122	0.286804	0.210267	0.133096	0.0658676	0.00534028	-0.0579562	-0.113284	-0.148551	-0.16899	-0.193665	-0.240837	-0.320665	-0.426567	-0.540326	-0.628956	-0.677382	-0.680605	-0.64976	-0.613274	-0.588879	-0.579183	-0.583744	-0.612625	-0.665184	-0.727822	-0.798071	-0.877839	-0.94681	-0.987809	-1.00185	-0.985545	-0.930496	-0.859387	-0.799099	-0.760591	-0.73426	-0.707241	-0.652394	-0.558566	-0.431737	-0.282483	-0.12325	
0.255348	0.255348	0.27828	0.320764	0.366524	0.399493	0.409333	0.399082	0.363683	0.304424	0.231257	0.157838	0.0831424	0.00250669	-0.0699827	-0.118526	-0.145599	-0.174501	-0.227532	-0.312274	-0.424574	-0.539792	-0.628729	-0.678919	-0.685546	-0.667343	-0.643051	-0.631944	-0.633768	-0.639947	-0.665184	-0.706136	-0.751691	-0.802979	-0.865849	-0.926467	-0.963458	-0.967055	-0.934895	-0.863257	-0.780157	-0.717911	-0.685249	-0.667852	-0.641258	-0.583527	-0.482921	-0.342737	-0.176959	-0.00433495	
0.15954	0.15954	0.197062	0.267874	0.346491	0.415084	0.456754	0.480498	0.474768	0.433987	0.361365	0.271366	0.174808	0.0686607	-0.0251753	-0.0930014	-0.132144	-0.171429	-0.232167	-0.323681	-0.438111	-0.553305	-0.644198	-0.699163	-0.718059	-0.71275	-0.699492	-0.697229	-0.703088	-0.710377	-0.727822	-0.751691	-0.779716	-0.809229	-0.855263	-0.903305	-0.925107	-0.904761	-0.847176	-0.753272	-0.660282	-0.594031	-0.561844	-0.539836	-0.507036	-0.438907	-0.327524	-0.172931	0.00926424	0.203777	
0.0530663	0.0530663	0.10181	0.193712	0.302813	0.404934	0.485037	0.54751	0.578927	0.558876	0.486592	0.378448	0.25897	0.130383	0.0171646	-0.0689203	-0.121602	-0.170347	-0.236036	-0.327997	-0.441082	-0.555961	-0.653671	-0.722164	-0.758536	-0.770044	-0.769507	-0.774724	-0.78648	-0.792462	-0.798071	-0.802979	-0.809229	-0.819221	-0.845277	-0.870753	-0.867578	-0.818141	-0.73295	-0.621002	-0.515449	-0.436119	-0.390033	-0.354107	-0.306616	-0.224672	-0.10305	0.0657322	0.262028	0.469438	
-0.0843016	-0.0843016	-0.0290411	0.0769321	0.21018	0.343982	0.46264	0.566741	0.635053	0.636865	0.564697	0.441453	0.304162	0.160401	0.0341661	-0.0655325	-0.128541	-0.179145	-0.241105	-0.323435	-0.431291	-0.545636	-0.654605	-0.738872	-0.794605	-0.823905	-0.838359	-0.856243	-0.874958	-0.881927	-0.877839	-0.865849	-0.855263	-0.845277	-0.842097	-0.834345	-0.79571	-0.717888	-0.610248	-0.481708	-0.360192	-0.263083	-0.196525	-0.143826	-0.0774277	0.020979	0.159078	0.340222	0.543976	0.75726	
-0.267258	-0.267258	-0.208867	-0.0936932	0.0588914	0.221984	0.378359	0.52249	0.625595	0.649405	0.579992	0.450469	0.302158	0.152684	0.0183209	-0.0911381	-0.157888	-0.205295	-0.25133	-0.32028	-0.418327	-0.532484	-0.649903	-0.744399	-0.813852	-0.85769	-0.887963	-0.919055	-0.945407	-0.954688	-0.94681	-0.926467	-0.903305	-0.870753	-0.834345	-0.785285	-0.714541	-0.612758	-0.48466	-0.336873	-0.196861	-0.0794649	0.00160175	0.0693711	0.151774	0.266146	0.419201	0.609747	0.817921	1.03067	
-0.484619	-0.484619	-0.424595	-0.303295	-0.135371	0.0526531	0.241917	0.419212	0.552757	0.595929	0.538027	0.409885	0.263422	0.114225	-0.0225646	-0.134806	-0.202599	-0.23722	-0.267173	-0.320697	-0.411412	-0.525516	-0.644846	-0.742167	-0.818855	-0.871387	-0.915854	-0.954867	-0.984446	-0.996476	-0.987809	-0.963458	-0.925107	-0.867578	-0.79571	-0.714541	-0.618561	-0.501563	-0.356628	-0.191552	-0.034613	0.0941455	0.189366	0.269699	0.364479	0.491139	0.652667	0.845642	1.05199	1.25619	
-0.700762	-0.700762	-0.639357	-0.515076	-0.336907	-0.133424	0.0766871	0.274604	0.425125	0.486165	0.439473	0.325173	0.184387	0.0436544	-0.0904364	-0.198439	-0.257607	-0.276664	-0.288292	-0.327936	-0.412034	-0.520397	-0.63456	-0.729494	-0.807441	-0.870164	-0.923704	-0.968262	-0.99953	-1.01145	-1.00185	-0.967055	-0.904761	-0.818141	-0.717888	-0.612758	-0.501563	-0.375292	-0.220267	-0.0487546	0.111729	0.244148	0.34486	0.430602	0.535419	0.667073	0.836881	1.0294	1.22636	1.40437	
-0.898045	-0.898045	-0.835706	-0.707972	-0.526821	-0.315628	-0.0987846	0.106253	0.264375	0.33707	0.308608	0.211862	0.0864052	-0.0427705	-0.166779	-0.263278	-0.309196	-0.314045	-0.309895	-0.340957	-0.412229	-0.509676	-0.608904	-0.693988	-0.771695	-0.837807	-0.899164	-0.949423	-0.983648	-0.998883	-0.985545	-0.934895	-0.847176	-0.73295	-0.610248	-0.48466	-0.356628	-0.220267	-0.0664393	0.0981856	0.247885	0.36955	0.461642	0.546922	0.649042	0.786549	0.960295	1.14299	1.31592	1.4625	
-1.06766	-1.06766	-1.003	-0.873599	-0.692177	-0.482712	-0.268074	-0.0666062	0.092338	0.174773	0.16747	0.0951171	-0.00836044	-0.118814	-0.225138	-0.302188	-0.334364	-0.32537	-0.313949	-0.332162	-0.388928	-0.46655	-0.545735	-0.621005	-0.694585	-0.765293	-0.835568	-0.894042	-0.937777	-0.951858	-0.930496	-0.863257	-0.753272	-0.621002	-0.481708	-0.336873	-0.191552	-0.0487546	0.0981856	0.248779	0.382657	0.485759	0.562208	0.632844	0.727374	0.859157	1.01975	1.17814	1.32087	1.42909	
-1.17589	-1.17589	-1.11077	-0.982889	-0.809065	-0.609272	-0.408241	-0.217579	-0.0662386	0.0234528	0.0364219	-0.00676447	-0.0807609	-0.165055	-0.243947	-0.299361	-0.315246	-0.300618	-0.283024	-0.291044	-0.329927	-0.387236	-0.449422	-0.516726	-0.589538	-0.669296	-0.751271	-0.827244	-0.878451	-0.890527	-0.859387	-0.780157	-0.660282	-0.515449	-0.360192	-0.196861	-0.034613	0.111729	0.247885	0.382657	0.496966	0.580578	0.63837	0.698796	0.78226	0.896579	1.02915	1.15237	1.25443	1.32361	
-1.2033	-1.2033	-1.14061	-1.02055	-0.859629	-0.67783	-0.494053	-0.321973	-0.181282	-0.0923546	-0.0617355	-0.0767139	-0.118068	-0.171417	-0.222559	-0.256536	-0.260798	-0.24293	-0.219731	-0.21487	-0.23343	-0.270731	-0.318649	-0.381296	-0.460406	-0.556465	-0.662343	-0.759718	-0.82393	-0.834067	-0.799099	-0.717911	-0.594031	-0.436119	-0.263083	-0.0794649	0.0941455	0.244148	0.36955	0.485759	0.580578	0.646199	0.690484	0.741794	0.807166	0.896295	0.995483	1.08277	1.14371	1.16452	
-1.13787	-1.13787	-1.08323	-0.976841	-0.837123	-0.675357	-0.514116	-0.360952	-0.236597	-0.153517	-0.10983	-0.0999586	-0.105105	-0.129486	-0.15408	-0.172549	-0.169358	-0.148084	-0.120888	-0.101961	-0.10444	-0.125274	-0.164928	-0.228197	-0.321929	-0.442606	-0.575972	-0.697255	-0.773414	-0.789762	-0.760591	-0.685249	-0.561844	-0.390033	-0.196525	0.00160175	0.189366	0.34486	0.461642	0.562208	0.63837	0.690484	0.724321	0.758423	0.799174	0.861469	0.928219	0.981939	0.995165	0.961929	
-0.984257	-0.984257	-0.940754	-0.857571	-0.738517	-0.602159	-0.458345	-0.325973	-0.217489	-0.141461	-0.0906769	-0.0537999	-0.0284607	-0.0238544	-0.0302448	-0.0386999	-0.0285661	-0.00416671	0.0289117	0.0579873	0.0659902	0.0555821	0.0169533	-0.0562236	-0.172806	-0.325073	-0.486143	-0.629118	-0.721524	-0.75286	-0.73426	-0.667852	-0.539836	-0.354107	-0.143826	0.0693711	0.269699	0.430602	0.546922	0.632844	0.698796	0.741794	0.758423	0.765569	0.781231	0.813151	0.850003	0.864803	0.829115	0.752547	
-0.738099	-0.738099	-0.711712	-0.653192	-0.562192	-0.447916	-0.325867	-0.212736	-0.121876	-0.0558376	-0.000245652	0.0555039	0.105394	0.129943	0.13368	0.132777	0.15162	0.183984	0.226953	0.262457	0.28008	0.274651	0.230407	0.141779	-0.00610405	-0.188487	-0.375753	-0.54163	-0.656972	-0.711191	-0.707241	-0.641258	-0.507036	-0.306616	-0.0774277	0.151774	0.364479	0.535419	0.649042	0.727374	0.78226	0.807166	0.799174	0.781231	0.770947	0.775494	0.775567	0.744711	0.668311	0.564885	
-0.408512	-0.408512	-0.399859	-0.369845	-0.306132	-0.218267	-0.119122	-0.0291577	0.0432051	0.0975553	0.1519	0.215528	0.275813	0.307562	0.313074	0.318938	0.347829	0.396442	0.449179	0.495191	0.520609	0.518215	0.466424	0.357308	0.181381	-0.025141	-0.237008	-0.424877	-0.569463	-0.649115	-0.652394	-0.583527	-0.438907	-0.224672	0.020979	0.266146	0.491139	0.667073	0.786549	0.859157	0.896579	0.896295	0.861469	0.813151	0.775494	0.741062	0.699611	0.635888	0.541859	0.427962	
-0.0306251	-0.0306251	-0.038215	-0.0334508	0.00334454	0.0646665	0.136543	0.203129	0.256259	0.301535	0.347064	0.407152	0.459249	0.485832	0.486105	0.495456	0.536765	0.600034	0.666238	0.721455	0.755061	0.754047	0.694277	0.568728	0.37765	0.155129	-0.0717331	-0.282393	-0.452868	-0.551393	-0.558566	-0.482921	-0.327524	-0.10305	0.159078	0.419201	0.652667	0.836881	0.960295	1.01975	1.02915	0.995483	0.928219	0.850003	0.775567	0.699611	0.631153	0.551616	0.45263	0.337998	
0.341457	0.341457	0.322613	0.308799	0.322854	0.357115	0.40099	0.442303	0.480947	0.515731	0.549097	0.589556	0.618891	0.629199	0.619761	0.632322	0.684158	0.763576	0.846465	0.91335	0.95765	0.956758	0.892823	0.759804	0.563162	0.33457	0.0933274	-0.134325	-0.322161	-0.428147	-0.431737	-0.342737	-0.172931	0.0657322	0.340222	0.609747	0.845642	1.0294	1.14299	1.17814	1.15237	1.08277	0.981939	0.864803	0.744711	0.635888	0.551616	0.467566	0.377546	0.27952	
0.645787	0.645787	0.621502	0.600139	0.59486	0.608129	0.622279	0.645053	0.671942	0.700691	0.719796	0.731738	0.73332	0.722089	0.706584	0.721661	0.782868	0.879634	0.979083	1.06143	1.11268	1.11245	1.04809	0.915734	0.723203	0.492716	0.243691	0.00830833	-0.183158	-0.285869	-0.282483	-0.176959	0.00926424	0.262028	0.543976	0.817921	1.05199	1.22636	1.31592	1.32087	1.25443	1.14371	0.995165	0.829115	0.668311	0.541859	0.45263	0.377546	0.309445	0.236947	
0.833191	0.833191	0.813117	0.790411	0.780285	0.774171	0.771748	0.779165	0.803544	0.828114	0.832985	0.815973	0.788304	0.757988	0.739321	0.756169	0.828267	0.941539	1.06347	1.16435	1.22658	1.23269	1.17751	1.05394	0.871388	0.64003	0.388667	0.151186	-0.0363489	-0.136069	-0.12325	-0.00433495	0.203777	0.469438	0.75726	1.03067	1.25619	1.40437	1.4625	1.42909	1.32361	1.16452	0.961929	0.752547	0.564885	0.427962	0.337998	0.27952	0.236947	0.198809	
