0.211021	0.1406	0.0803864	0.045096	0.0420538	0.0610862	0.0848334	0.10283	0.10294	0.0805698	0.0163299	-0.0939094	-0.226777	-0.352981	-0.452668	-0.50906	-0.519713	-0.495678	-0.426897	-0.316054	-0.181275	-0.0308813	0.120759	0.235891	0.287797	0.275035	0.203141	0.0841017	-0.067305	-0.242146	-0.423325	-0.571016	-0.672468	-0.736125	-0.762848	-0.750763	-0.673917	-0.530666	-0.352763	-0.167512	-0.000407378	0.149757	0.286125	0.396224	0.474701	0.516483	0.531123	0.524649	0.502742	0.502742	
0.1406	0.0847272	0.0337175	0.00313253	0.00986154	0.0471392	0.0946908	0.137456	0.163977	0.162086	0.10771	0.00392845	-0.124697	-0.256353	-0.373665	-0.455112	-0.491528	-0.49461	-0.458657	-0.375269	-0.246106	-0.0821555	0.0887481	0.225174	0.305382	0.327735	0.285973	0.186429	0.0497239	-0.116861	-0.305189	-0.479149	-0.615056	-0.7145	-0.7804	-0.801982	-0.753522	-0.637696	-0.483648	-0.318381	-0.148909	0.0338623	0.209815	0.359043	0.485785	0.579844	0.631778	0.642795	0.629413	0.629413	
0.0803864	0.0337175	-0.0017932	-0.0154431	0.0103395	0.0724013	0.14525	0.211617	0.253729	0.257307	0.206024	0.108321	-0.0185546	-0.156091	-0.2927	-0.40247	-0.462107	-0.482318	-0.465778	-0.405295	-0.286774	-0.12301	0.0467561	0.192102	0.298357	0.354034	0.343242	0.269133	0.153031	0.00411826	-0.172885	-0.352639	-0.513727	-0.64841	-0.754543	-0.818894	-0.810542	-0.733255	-0.614163	-0.464001	-0.289281	-0.0905024	0.121551	0.316662	0.481175	0.616237	0.705536	0.738945	0.741654	0.741654	
0.045096	0.00313253	-0.0154431	-0.00468784	0.0501265	0.136013	0.233557	0.322531	0.372135	0.370934	0.317677	0.218135	0.0832746	-0.0659537	-0.220394	-0.35262	-0.432408	-0.458996	-0.447856	-0.398858	-0.291456	-0.14403	0.0112688	0.155947	0.278573	0.358089	0.371478	0.326758	0.239802	0.114742	-0.0395342	-0.207752	-0.383159	-0.548917	-0.689128	-0.794344	-0.834938	-0.80447	-0.720786	-0.587609	-0.411972	-0.204559	0.0225017	0.245347	0.448033	0.62469	0.752029	0.814173	0.83311	0.83311	
0.0420538	0.00986154	0.0103395	0.0501265	0.126212	0.22538	0.343741	0.452071	0.505701	0.502085	0.445909	0.333433	0.175591	0.00784608	-0.156106	-0.297889	-0.386743	-0.4168	-0.404866	-0.357578	-0.265386	-0.141034	-0.00579555	0.128903	0.252651	0.337293	0.368592	0.361256	0.31699	0.225092	0.095857	-0.0555004	-0.237645	-0.430628	-0.598405	-0.733769	-0.819483	-0.837605	-0.789596	-0.678825	-0.51006	-0.300465	-0.0732612	0.160149	0.386589	0.58901	0.753868	0.8616	0.90762	0.90762	
0.0610862	0.0471392	0.0724013	0.136013	0.22538	0.333554	0.461953	0.574074	0.633695	0.641539	0.587451	0.455914	0.2707	0.084591	-0.0854413	-0.224497	-0.316023	-0.351354	-0.34039	-0.29761	-0.221769	-0.122279	-0.00667432	0.115518	0.226693	0.306855	0.355021	0.385973	0.390884	0.338329	0.226947	0.0830824	-0.0944652	-0.296327	-0.48492	-0.641213	-0.759308	-0.821119	-0.808925	-0.729515	-0.58697	-0.387453	-0.16111	0.075332	0.312401	0.533527	0.724904	0.862816	0.930163	0.930163	
0.0848334	0.0946908	0.14525	0.233557	0.343741	0.461953	0.582424	0.684906	0.754013	0.776582	0.720515	0.576127	0.378855	0.179027	0.00107146	-0.139255	-0.232473	-0.272172	-0.266361	-0.228147	-0.166538	-0.0863784	0.0140309	0.121457	0.218771	0.294787	0.353995	0.407074	0.444462	0.428733	0.340796	0.205778	0.0419457	-0.141358	-0.329684	-0.509479	-0.661896	-0.760046	-0.785181	-0.742758	-0.633064	-0.458168	-0.240226	0.00131434	0.24423	0.470343	0.666309	0.80923	0.883606	0.883606	
0.10283	0.137456	0.211617	0.322531	0.452071	0.574074	0.684906	0.782059	0.854054	0.871343	0.809653	0.674182	0.489424	0.292041	0.106731	-0.0390272	-0.135462	-0.179355	-0.179729	-0.152088	-0.101372	-0.0332428	0.0509066	0.144116	0.232924	0.307671	0.371341	0.42723	0.471415	0.483325	0.437605	0.333617	0.191474	0.0303808	-0.151145	-0.347937	-0.531441	-0.66497	-0.724152	-0.712564	-0.632036	-0.486035	-0.291661	-0.0662283	0.165009	0.384016	0.574262	0.71132	0.783452	0.783452	
0.10294	0.163977	0.253729	0.372135	0.505701	0.633695	0.754013	0.854054	0.911937	0.91257	0.856964	0.745418	0.586746	0.403457	0.222506	0.0724147	-0.031363	-0.0800379	-0.095092	-0.0837614	-0.0392612	0.0267285	0.10343	0.18696	0.272241	0.344804	0.402282	0.4504	0.491046	0.516441	0.512457	0.463626	0.358885	0.208552	0.0269026	-0.1745	-0.370729	-0.520655	-0.60408	-0.628638	-0.584279	-0.473833	-0.320007	-0.130392	0.0769598	0.27885	0.453838	0.576591	0.638406	0.638406	
0.0805698	0.162086	0.257307	0.370934	0.502085	0.641539	0.776582	0.871343	0.91257	0.911993	0.873889	0.784791	0.645693	0.48296	0.317045	0.168662	0.0611362	0.00260304	-0.0295097	-0.033745	0.00876436	0.0854624	0.167569	0.250397	0.33416	0.398409	0.441942	0.481118	0.519956	0.550267	0.570469	0.568397	0.513253	0.389223	0.210764	0.0137643	-0.174189	-0.326759	-0.428162	-0.485433	-0.48767	-0.43248	-0.332387	-0.185071	-0.00737009	0.168231	0.313627	0.408629	0.45364	0.45364	
0.0163299	0.10771	0.206024	0.317677	0.445909	0.587451	0.720515	0.809653	0.856964	0.873889	0.856452	0.783625	0.663876	0.519655	0.368397	0.228746	0.117199	0.0481445	0.0059746	-0.00269404	0.0415508	0.125411	0.219664	0.312169	0.395156	0.451506	0.48631	0.518135	0.556386	0.595532	0.629927	0.653615	0.640815	0.55676	0.405123	0.226863	0.0470326	-0.106786	-0.216078	-0.293313	-0.334552	-0.338808	-0.308559	-0.226055	-0.0971737	0.0440709	0.15865	0.223386	0.248091	0.248091	
-0.0939094	0.00392845	0.108321	0.218135	0.333433	0.455914	0.576127	0.674182	0.745418	0.784791	0.783625	0.733957	0.638535	0.508807	0.370897	0.238278	0.123414	0.046776	0.0105064	0.0156614	0.056811	0.130592	0.228254	0.334017	0.424461	0.48345	0.522611	0.557033	0.596414	0.644916	0.698427	0.737953	0.743036	0.69624	0.59254	0.45238	0.293378	0.141645	0.0216397	-0.0693406	-0.138799	-0.199245	-0.242427	-0.234393	-0.170778	-0.0839678	-0.013774	0.0248095	0.0422261	0.0422261	
-0.226777	-0.124697	-0.0185546	0.0832746	0.175591	0.2707	0.378855	0.489424	0.586746	0.645693	0.663876	0.638535	0.564115	0.447302	0.315758	0.185001	0.0655895	-0.0102064	-0.0274662	-0.00287247	0.0377861	0.0973843	0.189806	0.308285	0.415732	0.487975	0.539167	0.580946	0.620752	0.676406	0.745995	0.799608	0.824948	0.8168	0.770168	0.687879	0.561564	0.413101	0.280668	0.169803	0.0698265	-0.0340503	-0.133267	-0.195947	-0.21098	-0.195826	-0.178234	-0.171154	-0.169263	-0.169263	
-0.352981	-0.256353	-0.156091	-0.0659537	0.00784608	0.084591	0.179027	0.292041	0.403457	0.48296	0.519655	0.508807	0.447302	0.334768	0.201829	0.0666528	-0.0482648	-0.11119	-0.117156	-0.083646	-0.0363807	0.0261215	0.11676	0.236293	0.356164	0.449899	0.51863	0.569736	0.617045	0.678927	0.755436	0.824639	0.879046	0.918648	0.934365	0.908175	0.821065	0.690949	0.552812	0.423525	0.296975	0.154583	0.00448191	-0.124244	-0.216531	-0.279076	-0.324224	-0.349824	-0.355952	-0.355952	
-0.452668	-0.373665	-0.2927	-0.220394	-0.156106	-0.0854413	0.00107146	0.106731	0.222506	0.317045	0.368397	0.370897	0.315758	0.201829	0.0598315	-0.0772298	-0.178485	-0.234934	-0.250449	-0.229574	-0.177114	-0.0960605	0.00156781	0.114685	0.237535	0.354083	0.449705	0.519781	0.576117	0.642892	0.726513	0.810706	0.900377	0.992025	1.06042	1.08459	1.04506	0.947354	0.821163	0.687358	0.539375	0.36415	0.170173	-0.024057	-0.197983	-0.337788	-0.436218	-0.485728	-0.498665	-0.498665	
-0.50906	-0.455112	-0.40247	-0.35262	-0.297889	-0.224497	-0.139255	-0.0390272	0.0724147	0.168662	0.228746	0.238278	0.185001	0.0666528	-0.0772298	-0.207717	-0.305393	-0.371883	-0.406169	-0.400072	-0.349436	-0.260301	-0.154152	-0.0410695	0.0770868	0.200534	0.317656	0.409394	0.480316	0.55848	0.655435	0.765941	0.893028	1.0233	1.13325	1.20214	1.21282	1.16331	1.06452	0.935307	0.774664	0.574022	0.344189	0.0992497	-0.13818	-0.342551	-0.493174	-0.575903	-0.604992	-0.604992	
-0.519713	-0.491528	-0.462107	-0.432408	-0.386743	-0.316023	-0.232473	-0.135462	-0.031363	0.0611362	0.117199	0.123414	0.0655895	-0.0482648	-0.178485	-0.305393	-0.419317	-0.51237	-0.559505	-0.556916	-0.518873	-0.445566	-0.33885	-0.215106	-0.0955659	0.0217791	0.138027	0.243151	0.333132	0.425332	0.539339	0.674718	0.830667	0.997571	1.15045	1.26685	1.33282	1.32958	1.25494	1.13377	0.968227	0.756518	0.511878	0.241498	-0.03273	-0.285313	-0.490442	-0.617609	-0.669737	-0.669737	
-0.495678	-0.49461	-0.482318	-0.458996	-0.4168	-0.351354	-0.272172	-0.179355	-0.0800379	0.00260304	0.0481445	0.046776	-0.0102064	-0.11119	-0.234934	-0.371883	-0.51237	-0.631469	-0.688974	-0.692604	-0.670302	-0.618526	-0.521167	-0.392098	-0.266083	-0.153257	-0.0475434	0.0533275	0.148528	0.254343	0.383506	0.536658	0.717481	0.916542	1.11199	1.27646	1.38649	1.41964	1.37416	1.27356	1.11766	0.906975	0.658106	0.378269	0.0849781	-0.19616	-0.433309	-0.595981	-0.677678	-0.677678	
-0.426897	-0.458657	-0.465778	-0.447856	-0.404866	-0.34039	-0.266361	-0.179729	-0.095092	-0.0295097	0.0059746	0.0105064	-0.0274662	-0.117156	-0.250449	-0.406169	-0.559505	-0.688974	-0.766255	-0.794258	-0.788843	-0.751356	-0.673091	-0.562985	-0.441977	-0.31993	-0.212063	-0.124148	-0.0384573	0.0700688	0.211863	0.384344	0.580763	0.798179	1.02077	1.2131	1.35549	1.4269	1.41985	1.35298	1.21829	1.0141	0.763083	0.482571	0.193912	-0.0880019	-0.341563	-0.528196	-0.625023	-0.625023	
-0.316054	-0.375269	-0.405295	-0.398858	-0.357578	-0.29761	-0.228147	-0.152088	-0.0837614	-0.033745	-0.00269404	0.0156614	-0.00287247	-0.083646	-0.229574	-0.400072	-0.556916	-0.692604	-0.794258	-0.853195	-0.865365	-0.838329	-0.78021	-0.699431	-0.591286	-0.461596	-0.349281	-0.270468	-0.19962	-0.0974054	0.0514155	0.235145	0.440823	0.666468	0.896671	1.10066	1.26212	1.36168	1.39221	1.35897	1.24687	1.05958	0.822357	0.555641	0.278712	0.00503906	-0.241634	-0.429188	-0.533496	-0.533496	
-0.181275	-0.246106	-0.286774	-0.291456	-0.265386	-0.221769	-0.166538	-0.101372	-0.0392612	0.00876436	0.0415508	0.056811	0.0377861	-0.0363807	-0.177114	-0.349436	-0.518873	-0.670302	-0.788843	-0.865365	-0.895493	-0.886998	-0.846136	-0.778921	-0.681612	-0.563888	-0.459009	-0.381354	-0.307662	-0.207135	-0.069996	0.104132	0.304814	0.527167	0.760655	0.973929	1.14754	1.26307	1.30947	1.28864	1.19427	1.0321	0.821678	0.581614	0.326464	0.0712455	-0.157275	-0.332385	-0.431262	-0.431262	
-0.0308813	-0.0821555	-0.12301	-0.14403	-0.141034	-0.122279	-0.0863784	-0.0332428	0.0267285	0.0854624	0.125411	0.130592	0.0973843	0.0261215	-0.0960605	-0.260301	-0.445566	-0.618526	-0.751356	-0.838329	-0.886998	-0.902499	-0.873964	-0.809406	-0.722265	-0.624673	-0.532096	-0.443988	-0.351465	-0.253686	-0.139053	0.0120541	0.196675	0.410786	0.640196	0.855188	1.03403	1.15073	1.19073	1.15836	1.0681	0.937009	0.766488	0.557812	0.323469	0.0873599	-0.116911	-0.264973	-0.343271	-0.343271	
0.120759	0.0887481	0.0467561	0.0112688	-0.00579555	-0.00667432	0.0140309	0.0509066	0.10343	0.167569	0.219664	0.228254	0.189806	0.11676	0.00156781	-0.154152	-0.33885	-0.521167	-0.673091	-0.78021	-0.846136	-0.873964	-0.858644	-0.811632	-0.740596	-0.654413	-0.557543	-0.450656	-0.34467	-0.249749	-0.150395	-0.0159589	0.155968	0.35105	0.55441	0.749209	0.912981	1.01878	1.04913	1.0043	0.91344	0.799087	0.654453	0.472511	0.256073	0.0400309	-0.128001	-0.238135	-0.295304	-0.295304	
0.235891	0.225174	0.192102	0.155947	0.128903	0.115518	0.121457	0.144116	0.18696	0.250397	0.312169	0.334017	0.308285	0.236293	0.114685	-0.0410695	-0.215106	-0.392098	-0.562985	-0.699431	-0.778921	-0.809406	-0.811632	-0.791106	-0.733577	-0.638908	-0.521894	-0.4019	-0.290798	-0.19744	-0.106837	0.0153554	0.170816	0.340453	0.510478	0.670314	0.801117	0.882847	0.897481	0.838806	0.741258	0.630436	0.494241	0.323234	0.126559	-0.0557252	-0.185532	-0.260993	-0.292881	-0.292881	
0.287797	0.305382	0.298357	0.278573	0.252651	0.226693	0.218771	0.232924	0.272241	0.33416	0.395156	0.424461	0.415732	0.356164	0.237535	0.0770868	-0.0955659	-0.266083	-0.441977	-0.591286	-0.681612	-0.722265	-0.740596	-0.733577	-0.67356	-0.565936	-0.440398	-0.316041	-0.199617	-0.101144	-0.0110599	0.0961549	0.227697	0.370413	0.508284	0.628836	0.710972	0.747162	0.730599	0.651581	0.542691	0.428193	0.296206	0.139495	-0.0331691	-0.182751	-0.275859	-0.320041	-0.334474	-0.334474	
0.275035	0.327735	0.354034	0.358089	0.337293	0.306855	0.294787	0.307671	0.344804	0.398409	0.451506	0.48345	0.487975	0.449899	0.354083	0.200534	0.0217791	-0.153257	-0.31993	-0.461596	-0.563888	-0.624673	-0.654413	-0.638908	-0.565936	-0.457828	-0.333287	-0.20215	-0.0738522	0.0399355	0.138164	0.233271	0.335011	0.435822	0.526373	0.596891	0.623481	0.604807	0.544065	0.438759	0.316391	0.193735	0.0669202	-0.0646652	-0.195403	-0.299087	-0.361782	-0.396581	-0.411821	-0.411821	
0.203141	0.285973	0.343242	0.371478	0.368592	0.355021	0.353995	0.371341	0.402282	0.441942	0.48631	0.522611	0.539167	0.51863	0.449705	0.317656	0.138027	-0.0475434	-0.212063	-0.349281	-0.459009	-0.532096	-0.557543	-0.521894	-0.440398	-0.333287	-0.201885	-0.0550964	0.0904094	0.22038	0.329532	0.416356	0.482497	0.524979	0.546453	0.5468	0.509224	0.437592	0.337533	0.207929	0.0708324	-0.0565025	-0.171897	-0.273592	-0.352951	-0.401382	-0.431761	-0.456154	-0.469112	-0.469112	
0.0841017	0.186429	0.269133	0.326758	0.361256	0.385973	0.407074	0.42723	0.4504	0.481118	0.518135	0.557033	0.580946	0.569736	0.519781	0.409394	0.243151	0.0533275	-0.124148	-0.270468	-0.381354	-0.443988	-0.450656	-0.4019	-0.316041	-0.20215	-0.0550964	0.114267	0.27907	0.422126	0.535597	0.607942	0.637008	0.618836	0.557924	0.469721	0.361091	0.239952	0.107919	-0.0331694	-0.174481	-0.305451	-0.408076	-0.47115	-0.49269	-0.483071	-0.469703	-0.468707	-0.473627	-0.473627	
-0.067305	0.0497239	0.153031	0.239802	0.31699	0.390884	0.444462	0.471415	0.491046	0.519956	0.556386	0.596414	0.620752	0.617045	0.576117	0.480316	0.333132	0.148528	-0.0384573	-0.19962	-0.307662	-0.351465	-0.34467	-0.290798	-0.199617	-0.0738522	0.0904094	0.27907	0.460425	0.610715	0.716166	0.767606	0.762455	0.685926	0.541744	0.367233	0.193948	0.0285447	-0.132357	-0.285723	-0.428975	-0.544862	-0.61102	-0.624595	-0.58478	-0.514382	-0.459401	-0.43699	-0.434077	-0.434077	
-0.242146	-0.116861	0.00411826	0.114742	0.225092	0.338329	0.428733	0.483325	0.516441	0.550267	0.595532	0.644916	0.676406	0.678927	0.642892	0.55848	0.425332	0.254343	0.0700688	-0.0974054	-0.207135	-0.253686	-0.249749	-0.19744	-0.101144	0.0399355	0.22038	0.422126	0.610715	0.757269	0.848465	0.873977	0.820173	0.678043	0.46775	0.231295	0.00887267	-0.190126	-0.373286	-0.534128	-0.663841	-0.741788	-0.753453	-0.706177	-0.609281	-0.498673	-0.415568	-0.367022	-0.347008	-0.347008	
-0.423325	-0.305189	-0.172885	-0.0395342	0.095857	0.226947	0.340796	0.437605	0.512457	0.570469	0.629927	0.698427	0.745995	0.755436	0.726513	0.655435	0.539339	0.383506	0.211863	0.0514155	-0.069996	-0.139053	-0.150395	-0.106837	-0.0110599	0.138164	0.329532	0.535597	0.716166	0.848465	0.917225	0.894188	0.769198	0.569355	0.321776	0.0507968	-0.200823	-0.420898	-0.609787	-0.747041	-0.830904	-0.858113	-0.819378	-0.722122	-0.585019	-0.446383	-0.334878	-0.256638	-0.218205	-0.218205	
-0.571016	-0.479149	-0.352639	-0.207752	-0.0555004	0.0830824	0.205778	0.333617	0.463626	0.568397	0.653615	0.737953	0.799608	0.824639	0.810706	0.765941	0.674718	0.536658	0.384344	0.235145	0.104132	0.0120541	-0.0159589	0.0153554	0.0961549	0.233271	0.416356	0.607942	0.767606	0.873977	0.894188	0.796971	0.605347	0.370932	0.109329	-0.171491	-0.433677	-0.653823	-0.815332	-0.904394	-0.933327	-0.905592	-0.817462	-0.679225	-0.512933	-0.351592	-0.215573	-0.113866	-0.0600237	-0.0600237	
-0.672468	-0.615056	-0.513727	-0.383159	-0.237645	-0.0944652	0.0419457	0.191474	0.358885	0.513253	0.640815	0.743036	0.824948	0.879046	0.900377	0.893028	0.830667	0.717481	0.580763	0.440823	0.304814	0.196675	0.155968	0.170816	0.227697	0.335011	0.482497	0.637008	0.762455	0.820173	0.769198	0.605347	0.368198	0.106709	-0.161387	-0.429646	-0.670862	-0.859931	-0.976028	-1.01239	-0.98482	-0.90543	-0.77385	-0.593157	-0.394028	-0.214885	-0.0657117	0.0518708	0.120447	0.120447	
-0.736125	-0.7145	-0.64841	-0.548917	-0.430628	-0.296327	-0.141358	0.0303808	0.208552	0.389223	0.55676	0.69624	0.8168	0.918648	0.992025	1.0233	0.997571	0.916542	0.798179	0.666468	0.527167	0.410786	0.35105	0.340453	0.370413	0.435822	0.524979	0.618836	0.685926	0.678043	0.569355	0.370932	0.106709	-0.181306	-0.455962	-0.696789	-0.894672	-1.03796	-1.10072	-1.07958	-0.992798	-0.858879	-0.688493	-0.482086	-0.263005	-0.0639839	0.105125	0.236082	0.310087	0.310087	
-0.762848	-0.7804	-0.754543	-0.689128	-0.598405	-0.48492	-0.329684	-0.151145	0.0269026	0.210764	0.405123	0.59254	0.770168	0.934365	1.06042	1.13325	1.15045	1.11199	1.02077	0.896671	0.760655	0.640196	0.55441	0.510478	0.508284	0.526373	0.546453	0.557924	0.541744	0.46775	0.321776	0.109329	-0.161387	-0.455962	-0.717924	-0.924216	-1.0857	-1.18202	-1.18623	-1.1088	-0.96464	-0.78078	-0.578236	-0.350914	-0.118174	0.0915185	0.270673	0.405145	0.476809	0.476809	
-0.750763	-0.801982	-0.818894	-0.794344	-0.733769	-0.641213	-0.509479	-0.347937	-0.1745	0.0137643	0.226863	0.45238	0.687879	0.908175	1.08459	1.20214	1.26685	1.27646	1.2131	1.10066	0.973929	0.855188	0.749209	0.670314	0.628836	0.596891	0.5468	0.469721	0.367233	0.231295	0.0507968	-0.171491	-0.429646	-0.696789	-0.924216	-1.09701	-1.21646	-1.25771	-1.21483	-1.0937	-0.90291	-0.683747	-0.452043	-0.203572	0.0350853	0.243424	0.408475	0.520035	0.580126	0.580126	
-0.673917	-0.753522	-0.810542	-0.834938	-0.819483	-0.759308	-0.661896	-0.531441	-0.370729	-0.174189	0.0470326	0.293378	0.561564	0.821065	1.04506	1.21282	1.33282	1.38649	1.35549	1.26212	1.14754	1.03403	0.912981	0.801117	0.710972	0.623481	0.509224	0.361091	0.193948	0.00887267	-0.200823	-0.433677	-0.670862	-0.894672	-1.0857	-1.21646	-1.27568	-1.2591	-1.16852	-1.01025	-0.7982	-0.557028	-0.300765	-0.0545254	0.161243	0.350881	0.492592	0.571627	0.609244	0.609244	
-0.530666	-0.637696	-0.733255	-0.80447	-0.837605	-0.821119	-0.760046	-0.66497	-0.520655	-0.326759	-0.106786	0.141645	0.413101	0.690949	0.947354	1.16331	1.32958	1.41964	1.4269	1.36168	1.26307	1.15073	1.01878	0.882847	0.747162	0.604807	0.437592	0.239952	0.0285447	-0.190126	-0.420898	-0.653823	-0.859931	-1.03796	-1.18202	-1.25771	-1.2591	-1.19	-1.05182	-0.864837	-0.642163	-0.391136	-0.142205	0.0720116	0.249735	0.395936	0.499318	0.555482	0.57704	0.57704	
-0.352763	-0.483648	-0.614163	-0.720786	-0.789596	-0.808925	-0.785181	-0.724152	-0.60408	-0.428162	-0.216078	0.0216397	0.280668	0.552812	0.821163	1.06452	1.25494	1.37416	1.41985	1.39221	1.30947	1.19073	1.04913	0.897481	0.730599	0.544065	0.337533	0.107919	-0.132357	-0.373286	-0.609787	-0.815332	-0.976028	-1.10072	-1.18623	-1.21483	-1.16852	-1.05182	-0.881764	-0.674745	-0.446728	-0.208941	0.00381691	0.166895	0.294106	0.385231	0.442928	0.477037	0.485824	0.485824	
-0.167512	-0.318381	-0.464001	-0.587609	-0.678825	-0.729515	-0.742758	-0.712564	-0.628638	-0.485433	-0.293313	-0.0693406	0.169803	0.423525	0.687358	0.935307	1.13377	1.27356	1.35298	1.35897	1.28864	1.15836	1.0043	0.838806	0.651581	0.438759	0.207929	-0.0331694	-0.285723	-0.534128	-0.747041	-0.904394	-1.01239	-1.07958	-1.1088	-1.0937	-1.01025	-0.864837	-0.674745	-0.45347	-0.237938	-0.0404081	0.127601	0.237402	0.297216	0.327956	0.345192	0.351543	0.342932	0.342932	
-0.000407378	-0.148909	-0.289281	-0.411972	-0.51006	-0.58697	-0.633064	-0.632036	-0.584279	-0.48767	-0.334552	-0.138799	0.0698265	0.296975	0.539375	0.774664	0.968227	1.11766	1.21829	1.24687	1.19427	1.0681	0.91344	0.741258	0.542691	0.316391	0.0708324	-0.174481	-0.428975	-0.663841	-0.830904	-0.933327	-0.98482	-0.992798	-0.96464	-0.90291	-0.7982	-0.642163	-0.446728	-0.237938	-0.047236	0.11019	0.226414	0.278154	0.269184	0.239642	0.213275	0.193932	0.184888	0.184888	
0.149757	0.0338623	-0.0905024	-0.204559	-0.300465	-0.387453	-0.458168	-0.486035	-0.473833	-0.43248	-0.338808	-0.199245	-0.0340503	0.154583	0.36415	0.574022	0.756518	0.906975	1.0141	1.05958	1.0321	0.937009	0.799087	0.630436	0.428193	0.193735	-0.0565025	-0.305451	-0.544862	-0.741788	-0.858113	-0.905592	-0.90543	-0.858879	-0.78078	-0.683747	-0.557028	-0.391136	-0.208941	-0.0404081	0.11019	0.226089	0.279667	0.267951	0.209661	0.138141	0.0770679	0.0421225	0.0377435	0.0377435	
0.286125	0.209815	0.121551	0.0225017	-0.0732612	-0.16111	-0.240226	-0.291661	-0.320007	-0.332387	-0.308559	-0.242427	-0.133267	0.00448191	0.170173	0.344189	0.511878	0.658106	0.763083	0.822357	0.821678	0.766488	0.654453	0.494241	0.296206	0.0669202	-0.171897	-0.408076	-0.61102	-0.753453	-0.819378	-0.817462	-0.77385	-0.688493	-0.578236	-0.452043	-0.300765	-0.142205	0.00381691	0.127601	0.226414	0.279667	0.266254	0.20998	0.130036	0.0375344	-0.0335593	-0.069949	-0.0844477	-0.0844477	
0.396224	0.359043	0.316662	0.245347	0.160149	0.075332	0.00131434	-0.0662283	-0.130392	-0.185071	-0.226055	-0.234393	-0.195947	-0.124244	-0.024057	0.0992497	0.241498	0.378269	0.482571	0.555641	0.581614	0.557812	0.472511	0.323234	0.139495	-0.0646652	-0.273592	-0.47115	-0.624595	-0.706177	-0.722122	-0.679225	-0.593157	-0.482086	-0.350914	-0.203572	-0.0545254	0.0720116	0.166895	0.237402	0.278154	0.267951	0.20998	0.132644	0.0416961	-0.0541699	-0.118595	-0.145313	-0.156639	-0.156639	
0.474701	0.485785	0.481175	0.448033	0.386589	0.312401	0.24423	0.165009	0.0769598	-0.00737009	-0.0971737	-0.170778	-0.21098	-0.216531	-0.197983	-0.13818	-0.03273	0.0849781	0.193912	0.278712	0.326464	0.323469	0.256073	0.126559	-0.0331691	-0.195403	-0.352951	-0.49269	-0.58478	-0.609281	-0.585019	-0.512933	-0.394028	-0.263005	-0.118174	0.0350853	0.161243	0.249735	0.294106	0.297216	0.269184	0.209661	0.130036	0.0416961	-0.0473468	-0.121792	-0.171907	-0.19321	-0.193657	-0.193657	
0.516483	0.579844	0.616237	0.62469	0.58901	0.533527	0.470343	0.384016	0.27885	0.168231	0.0440709	-0.0839678	-0.195826	-0.279076	-0.337788	-0.342551	-0.285313	-0.19616	-0.0880019	0.00503906	0.0712455	0.0873599	0.0400309	-0.0557252	-0.182751	-0.299087	-0.401382	-0.483071	-0.514382	-0.498673	-0.446383	-0.351592	-0.214885	-0.0639839	0.0915185	0.243424	0.350881	0.395936	0.385231	0.327956	0.239642	0.138141	0.0375344	-0.0541699	-0.121792	-0.163453	-0.197568	-0.221779	-0.227986	-0.227986	
0.531123	0.631778	0.705536	0.752029	0.753868	0.724904	0.666309	0.574262	0.453838	0.313627	0.15865	-0.013774	-0.178234	-0.324224	-0.436218	-0.493174	-0.490442	-0.433309	-0.341563	-0.241634	-0.157275	-0.116911	-0.128001	-0.185532	-0.275859	-0.361782	-0.431761	-0.469703	-0.459401	-0.415568	-0.334878	-0.215573	-0.0657117	0.105125	0.270673	0.408475	0.492592	0.499318	0.442928	0.345192	0.213275	0.0770679	-0.0335593	-0.118595	-0.171907	-0.197568	-0.223643	-0.24927	-0.258396	-0.258396	
0.524649	0.642795	0.738945	0.814173	0.8616	0.862816	0.80923	0.71132	0.576591	0.408629	0.223386	0.0248095	-0.171154	-0.349824	-0.485728	-0.575903	-0.617609	-0.595981	-0.528196	-0.429188	-0.332385	-0.264973	-0.238135	-0.260993	-0.320041	-0.396581	-0.456154	-0.468707	-0.43699	-0.367022	-0.256638	-0.113866	0.0518708	0.236082	0.405145	0.520035	0.571627	0.555482	0.477037	0.351543	0.193932	0.0421225	-0.069949	-0.145313	-0.19321	-0.221779	-0.24927	-0.278226	-0.294792	-0.294792	
0.502742	0.629413	0.741654	0.83311	0.90762	0.930163	0.883606	0.783452	0.638406	0.45364	0.248091	0.0422261	-0.169263	-0.355952	-0.498665	-0.604992	-0.669737	-0.677678	-0.625023	-0.533496	-0.431262	-0.343271	-0.295304	-0.292881	-0.334474	-0.411821	-0.469112	-0.473627	-0.434077	-0.347008	-0.218205	-0.0600237	0.120447	0.310087	0.476809	0.580126	0.609244	0.57704	0.485824	0.342932	0.184888	0.0377435	-0.0844477	-0.156639	-0.193657	-0.227986	-0.258396	-0.294792	-0.335574	-0.335574	
0.502742	0.629413	0.741654	0.83311	0.90762	0.930163	0.883606	0.783452	0.638406	0.45364	0.248091	0.0422261	-0.169263	-0.355952	-0.498665	-0.604992	-0.669737	-0.677678	-0.625023	-0.533496	-0.431262	-0.343271	-0.295304	-0.292881	-0.334474	-0.411821	-0.469112	-0.473627	-0.434077	-0.347008	-0.218205	-0.0600237	0.120447	0.310087	0.476809	0.580126	0.609244	0.57704	0.485824	0.342932	0.184888	0.0377435	-0.0844477	-0.156639	-0.193657	-0.227986	-0.258396	-0.294792	-0.335574	-0.335574	
