0.169633	0.169633	-0.0408743	-1.58204	0.377323	-0.303665	
0.169633	0.169633	-0.0408743	-1.58204	0.377323	-0.303665	
-0.0408743	-0.0408743	-0.584449	-0.0849645	0.530763	1.01463	
-1.58204	-1.58204	-0.0849645	-0.992695	-0.243473	-0.658198	
0.377323	0.377323	0.530763	-0.243473	0.116364	0.427721	
-0.303665	-0.303665	1.01463	-0.658198	0.427721	-0.0648722	
