0.739447	0.739447	0.0247464	-0.974012	-0.428782	0.0822458	
0.739447	0.739447	0.0247464	-0.974012	-0.428782	0.0822458	
0.0247464	0.0247464	0.580011	0.272681	0.147043	-0.402655	
-0.974012	-0.974012	0.272681	0.440058	-0.281652	-0.789389	
-0.428782	-0.428782	0.147043	-0.281652	-0.380741	-0.20281	
0.0822458	0.0822458	-0.402655	-0.789389	-0.20281	0.0489375	
