-0.241482	-0.241482	-0.251605	-0.257276	-0.258081	-0.263875	-0.292123	-0.32433	-0.327532	-0.283865	-0.217809	-0.183028	-0.209726	-0.298965	-0.425114	-0.562992	-0.694112	-0.802676	-0.878914	-0.90536	-0.846222	-0.680496	-0.40865	-0.0748194	0.287162	0.649681	0.976378	1.22951	1.39243	1.47947	1.50301	1.4513	1.31613	1.10455	0.818376	0.481172	0.113454	-0.237001	-0.528595	-0.731243	-0.833209	-0.853587	-0.818384	-0.731179	-0.627318	-0.525471	-0.432008	-0.365395	-0.352405	-0.395499	
-0.241482	-0.241482	-0.251605	-0.257276	-0.258081	-0.263875	-0.292123	-0.32433	-0.327532	-0.283865	-0.217809	-0.183028	-0.209726	-0.298965	-0.425114	-0.562992	-0.694112	-0.802676	-0.878914	-0.90536	-0.846222	-0.680496	-0.40865	-0.0748194	0.287162	0.649681	0.976378	1.22951	1.39243	1.47947	1.50301	1.4513	1.31613	1.10455	0.818376	0.481172	0.113454	-0.237001	-0.528595	-0.731243	-0.833209	-0.853587	-0.818384	-0.731179	-0.627318	-0.525471	-0.432008	-0.365395	-0.352405	-0.395499	
-0.251605	-0.251605	-0.261691	-0.266658	-0.267837	-0.272791	-0.29973	-0.33005	-0.331211	-0.287203	-0.220737	-0.185574	-0.211021	-0.298424	-0.422286	-0.558672	-0.686821	-0.794027	-0.866934	-0.89018	-0.828266	-0.659086	-0.385977	-0.0497161	0.314141	0.677902	1.00555	1.26029	1.42472	1.51332	1.53743	1.48544	1.34903	1.13541	0.844918	0.501718	0.127949	-0.230722	-0.531464	-0.741681	-0.852952	-0.88044	-0.848779	-0.762902	-0.65773	-0.547738	-0.444618	-0.366007	-0.339331	-0.366165	
-0.257276	-0.257276	-0.266658	-0.273356	-0.274714	-0.281783	-0.307899	-0.336808	-0.337989	-0.294594	-0.231079	-0.196857	-0.221648	-0.306553	-0.427519	-0.559147	-0.68464	-0.785585	-0.854366	-0.870651	-0.802225	-0.629131	-0.351649	-0.0124794	0.35475	0.720723	1.04981	1.30558	1.47226	1.56109	1.58285	1.52759	1.38749	1.16684	0.870283	0.518766	0.134503	-0.234527	-0.546641	-0.772008	-0.893993	-0.930246	-0.903371	-0.818593	-0.705861	-0.587552	-0.468809	-0.369828	-0.31713	-0.317705	
-0.258081	-0.258081	-0.267837	-0.274714	-0.278915	-0.287306	-0.313209	-0.341122	-0.341519	-0.301923	-0.242887	-0.212612	-0.238804	-0.322944	-0.441301	-0.571749	-0.691735	-0.790326	-0.851273	-0.859441	-0.783554	-0.602006	-0.321852	0.0220523	0.391753	0.757498	1.08457	1.3385	1.5031	1.58927	1.60567	1.54437	1.39731	1.16982	0.864521	0.502742	0.111281	-0.267138	-0.589341	-0.820564	-0.952343	-0.994826	-0.967869	-0.881061	-0.763482	-0.627846	-0.491391	-0.3713	-0.293722	-0.262086	
-0.263875	-0.263875	-0.272791	-0.281783	-0.287306	-0.298737	-0.323798	-0.349453	-0.350203	-0.313452	-0.26113	-0.234933	-0.262495	-0.344567	-0.460804	-0.586243	-0.704491	-0.79632	-0.853244	-0.853103	-0.770288	-0.585988	-0.304225	0.0386904	0.407534	0.769861	1.0914	1.34005	1.50105	1.58163	1.58989	1.51983	1.36616	1.13048	0.820195	0.454088	0.0586871	-0.321905	-0.645628	-0.882624	-1.01604	-1.05836	-1.028	-0.936831	-0.806787	-0.661306	-0.50824	-0.368058	-0.264259	-0.205879	
-0.292123	-0.292123	-0.29973	-0.307899	-0.313209	-0.323798	-0.343444	-0.362625	-0.357581	-0.320999	-0.27166	-0.247447	-0.274109	-0.35309	-0.464987	-0.589112	-0.703154	-0.79522	-0.847898	-0.844307	-0.759525	-0.575099	-0.300565	0.0366562	0.397552	0.749347	1.05999	1.29829	1.45295	1.52799	1.52898	1.45434	1.29772	1.06079	0.751941	0.38624	-0.00370729	-0.37966	-0.69981	-0.931388	-1.0633	-1.10258	-1.06394	-0.965138	-0.826327	-0.662911	-0.49517	-0.340224	-0.218905	-0.135875	
-0.32433	-0.32433	-0.33005	-0.336808	-0.341122	-0.349453	-0.362625	-0.372265	-0.360362	-0.321506	-0.274728	-0.250726	-0.275324	-0.348211	-0.455971	-0.575047	-0.688443	-0.778163	-0.831615	-0.826332	-0.743643	-0.56657	-0.303875	0.0187574	0.365712	0.702182	0.996004	1.22269	1.36982	1.43997	1.43757	1.36118	1.20794	0.977624	0.677051	0.322573	-0.0546045	-0.418136	-0.726677	-0.949819	-1.07502	-1.10651	-1.05798	-0.950332	-0.797955	-0.623277	-0.439831	-0.269631	-0.132208	-0.0357768	
-0.327532	-0.327532	-0.331211	-0.337989	-0.341519	-0.350203	-0.357581	-0.360362	-0.34309	-0.305503	-0.264159	-0.244448	-0.26906	-0.339338	-0.443605	-0.561521	-0.673835	-0.76529	-0.818487	-0.814371	-0.734228	-0.565442	-0.318194	-0.0110206	0.319243	0.637482	0.915499	1.12682	1.26796	1.33456	1.32884	1.25445	1.10873	0.887595	0.604357	0.266554	-0.0894021	-0.432171	-0.721212	-0.929834	-1.04297	-1.0632	-1.00002	-0.879529	-0.712217	-0.519443	-0.323297	-0.144387	0.00213253	0.110342	
-0.283865	-0.283865	-0.287203	-0.294594	-0.301923	-0.313452	-0.320999	-0.321506	-0.305503	-0.275276	-0.247377	-0.237847	-0.270162	-0.341904	-0.448274	-0.567733	-0.682202	-0.775328	-0.829241	-0.822927	-0.743293	-0.57911	-0.342328	-0.0485149	0.269087	0.57384	0.835271	1.03677	1.17124	1.23529	1.22957	1.15755	1.01856	0.812553	0.544228	0.226781	-0.104675	-0.422393	-0.687868	-0.871278	-0.965253	-0.966175	-0.883256	-0.745394	-0.562847	-0.357377	-0.148171	0.03815	0.185522	0.28847	
-0.217809	-0.217809	-0.220737	-0.231079	-0.242887	-0.26113	-0.27166	-0.274728	-0.264159	-0.247377	-0.236947	-0.244567	-0.287394	-0.365197	-0.475802	-0.597802	-0.715528	-0.809519	-0.861768	-0.852634	-0.768799	-0.606395	-0.376603	-0.0903607	0.21974	0.516346	0.772254	0.966897	1.10289	1.1691	1.16401	1.09416	0.963297	0.7655	0.51526	0.218438	-0.087098	-0.376983	-0.61166	-0.771727	-0.842723	-0.82142	-0.715504	-0.558773	-0.357785	-0.140034	0.0708049	0.248221	0.383348	0.473696	
-0.183028	-0.183028	-0.185574	-0.196857	-0.212612	-0.234933	-0.247447	-0.250726	-0.244448	-0.237847	-0.244567	-0.265906	-0.319246	-0.401275	-0.514462	-0.63982	-0.758364	-0.853375	-0.902599	-0.887503	-0.797813	-0.633022	-0.405287	-0.124067	0.183092	0.477216	0.728433	0.923576	1.06305	1.13587	1.1384	1.07741	0.956408	0.776268	0.542769	0.266662	-0.014146	-0.27713	-0.48706	-0.618705	-0.667215	-0.625409	-0.501469	-0.330172	-0.124255	0.0925359	0.297376	0.45914	0.567617	0.625496	
-0.209726	-0.209726	-0.211021	-0.221648	-0.238804	-0.262495	-0.274109	-0.275324	-0.26906	-0.270162	-0.287394	-0.319246	-0.376197	-0.456168	-0.566332	-0.685816	-0.80086	-0.889127	-0.93103	-0.907679	-0.809964	-0.643406	-0.419639	-0.144175	0.158097	0.450114	0.701557	0.899846	1.04902	1.13478	1.15025	1.10176	0.997407	0.835757	0.625427	0.376686	0.125094	-0.109549	-0.291408	-0.404877	-0.441595	-0.392415	-0.264921	-0.0959299	0.103999	0.305455	0.485069	0.611522	0.682741	0.706042	
-0.298965	-0.298965	-0.298424	-0.306553	-0.322944	-0.344567	-0.35309	-0.348211	-0.339338	-0.341904	-0.365197	-0.401275	-0.456168	-0.53015	-0.630055	-0.741875	-0.846648	-0.926306	-0.956549	-0.922162	-0.81389	-0.643104	-0.420215	-0.150784	0.147803	0.436375	0.687062	0.88701	1.04414	1.14292	1.17428	1.14439	1.06269	0.928218	0.748383	0.531367	0.310868	0.105833	-0.0536457	-0.151752	-0.183924	-0.140542	-0.0293449	0.117563	0.283572	0.447428	0.587026	0.672336	0.701354	0.68772	
-0.425114	-0.425114	-0.422286	-0.427519	-0.441301	-0.460804	-0.464987	-0.455971	-0.443605	-0.448274	-0.475802	-0.514462	-0.566332	-0.630055	-0.718294	-0.81524	-0.90697	-0.970104	-0.985108	-0.934308	-0.813041	-0.635396	-0.412613	-0.147714	0.145244	0.433745	0.683086	0.888884	1.05465	1.16752	1.21563	1.20401	1.14162	1.03481	0.883255	0.70013	0.513258	0.338414	0.200197	0.110801	0.0710377	0.0916838	0.168726	0.272987	0.390247	0.499165	0.584362	0.617986	0.604021	0.559575	
-0.562992	-0.562992	-0.558672	-0.559147	-0.571749	-0.586243	-0.589112	-0.575047	-0.561521	-0.567733	-0.597802	-0.63982	-0.685816	-0.741875	-0.81524	-0.89956	-0.974819	-1.02279	-1.0192	-0.95198	-0.815176	-0.627756	-0.401071	-0.137883	0.155659	0.443225	0.698469	0.908648	1.08309	1.20927	1.27189	1.27459	1.23278	1.14566	1.02029	0.865549	0.703546	0.550256	0.425392	0.334647	0.278363	0.26828	0.299129	0.351012	0.406246	0.455951	0.483454	0.467778	0.41577	0.350384	
-0.694112	-0.694112	-0.686821	-0.68464	-0.691735	-0.704491	-0.703154	-0.688443	-0.673835	-0.682202	-0.715528	-0.758364	-0.80086	-0.846648	-0.90697	-0.974819	-1.0345	-1.06229	-1.041	-0.954033	-0.801979	-0.604106	-0.37253	-0.109015	0.182011	0.474843	0.732594	0.952133	1.13586	1.27367	1.34978	1.36703	1.33487	1.2645	1.15443	1.01597	0.868633	0.725797	0.599115	0.495223	0.41288	0.359537	0.338393	0.33462	0.334412	0.327848	0.307306	0.255982	0.179568	0.0987018	
-0.802676	-0.802676	-0.794027	-0.785585	-0.790326	-0.79632	-0.79522	-0.778163	-0.76529	-0.775328	-0.809519	-0.853375	-0.889127	-0.926306	-0.970104	-1.02279	-1.06229	-1.07159	-1.02931	-0.924192	-0.758286	-0.550349	-0.315809	-0.0547631	0.235643	0.52633	0.79041	1.01629	1.2063	1.35505	1.44136	1.46558	1.44324	1.378	1.27478	1.14475	0.99877	0.851981	0.711681	0.581534	0.45878	0.356832	0.280479	0.225589	0.176224	0.134088	0.0842054	0.0113971	-0.076976	-0.157046	
-0.878914	-0.878914	-0.866934	-0.854366	-0.851273	-0.853244	-0.847898	-0.831615	-0.818487	-0.829241	-0.861768	-0.902599	-0.93103	-0.956549	-0.985108	-1.0192	-1.041	-1.02931	-0.96945	-0.847784	-0.67114	-0.457411	-0.222981	0.034666	0.316833	0.605887	0.86904	1.09733	1.29054	1.44199	1.53297	1.56274	1.54117	1.47724	1.37544	1.24179	1.08823	0.92647	0.760176	0.592934	0.428321	0.27532	0.148274	0.0476832	-0.0348319	-0.102709	-0.169105	-0.241814	-0.320691	-0.391858	
-0.90536	-0.90536	-0.89018	-0.870651	-0.859441	-0.853103	-0.844307	-0.826332	-0.814371	-0.822927	-0.852634	-0.887503	-0.907679	-0.922162	-0.934308	-0.95198	-0.954033	-0.924192	-0.847784	-0.713116	-0.532027	-0.318176	-0.0903009	0.155062	0.42484	0.70198	0.960234	1.18776	1.37886	1.53135	1.62347	1.65231	1.62759	1.5561	1.44481	1.30094	1.13158	0.949888	0.75483	0.552459	0.345994	0.146957	-0.0234071	-0.157711	-0.263369	-0.340284	-0.40606	-0.473626	-0.542373	-0.595864	
-0.846222	-0.846222	-0.828266	-0.802225	-0.783554	-0.770288	-0.759525	-0.743643	-0.734228	-0.743293	-0.768799	-0.797813	-0.809964	-0.81389	-0.813041	-0.815176	-0.801979	-0.758286	-0.67114	-0.532027	-0.354279	-0.148562	0.0646214	0.294361	0.544862	0.806611	1.05574	1.27709	1.46305	1.60979	1.69721	1.7212	1.68878	1.6055	1.48165	1.3215	1.13266	0.926012	0.701818	0.467367	0.228798	0.000587147	-0.194172	-0.348444	-0.462772	-0.540975	-0.607258	-0.663803	-0.709946	-0.739045	
-0.680496	-0.680496	-0.659086	-0.629131	-0.602006	-0.585988	-0.575099	-0.56657	-0.565442	-0.57911	-0.606395	-0.633022	-0.643406	-0.643104	-0.635396	-0.627756	-0.604106	-0.550349	-0.457411	-0.318176	-0.148562	0.042177	0.23677	0.444638	0.671266	0.912498	1.14776	1.36063	1.54085	1.6803	1.76166	1.77868	1.73427	1.6323	1.48919	1.30578	1.09495	0.867228	0.623063	0.368607	0.116016	-0.127433	-0.33406	-0.49647	-0.609321	-0.6825	-0.737948	-0.779191	-0.807044	-0.812122	
-0.40865	-0.40865	-0.385977	-0.351649	-0.321852	-0.304225	-0.300565	-0.303875	-0.318194	-0.342328	-0.376603	-0.405287	-0.419639	-0.420215	-0.412613	-0.401071	-0.37253	-0.315809	-0.222981	-0.0903009	0.0646214	0.23677	0.410051	0.596802	0.803174	1.02624	1.25029	1.45822	1.63161	1.76249	1.83282	1.8361	1.77331	1.64965	1.48056	1.27484	1.04426	0.800262	0.543349	0.284426	0.0279649	-0.213138	-0.414926	-0.574514	-0.681741	-0.746105	-0.79188	-0.820307	-0.822699	-0.796835	
-0.0748194	-0.0748194	-0.0497161	-0.0124794	0.0220523	0.0386904	0.0366562	0.0187574	-0.0110206	-0.0485149	-0.0903607	-0.124067	-0.144175	-0.150784	-0.147714	-0.137883	-0.109015	-0.0547631	0.034666	0.155062	0.294361	0.444638	0.596802	0.765486	0.953756	1.16275	1.38013	1.58411	1.75716	1.88032	1.93884	1.92684	1.84241	1.68888	1.4917	1.25814	1.00902	0.755508	0.500706	0.249093	0.00679307	-0.218644	-0.410383	-0.564717	-0.664046	-0.718026	-0.752289	-0.760636	-0.739492	-0.687816	
0.287162	0.287162	0.314141	0.35475	0.391753	0.407534	0.397552	0.365712	0.319243	0.269087	0.21974	0.183092	0.158097	0.147803	0.145244	0.155659	0.182011	0.235643	0.316833	0.42484	0.544862	0.671266	0.803174	0.953756	1.12887	1.32881	1.54089	1.74787	1.92112	2.03811	2.08429	2.05273	1.94264	1.76084	1.53224	1.27618	1.01516	0.760821	0.515983	0.282088	0.0595647	-0.146744	-0.321868	-0.465178	-0.552559	-0.595818	-0.611608	-0.60442	-0.565213	-0.496011	
0.649681	0.649681	0.677902	0.720723	0.757498	0.769861	0.749347	0.702182	0.637482	0.57384	0.516346	0.477216	0.450114	0.436375	0.433745	0.443225	0.474843	0.52633	0.605887	0.70198	0.806611	0.912498	1.02624	1.16275	1.32881	1.52018	1.72927	1.93494	2.10662	2.21513	2.2431	2.19048	2.05469	1.84648	1.59405	1.32341	1.05844	0.813734	0.585591	0.375724	0.17399	-0.00910774	-0.168862	-0.298543	-0.376238	-0.401051	-0.400212	-0.377122	-0.324353	-0.244637	
0.976378	0.976378	1.00555	1.04981	1.08457	1.0914	1.05999	0.996004	0.915499	0.835271	0.772254	0.728433	0.701557	0.687062	0.683086	0.698469	0.732594	0.79041	0.86904	0.960234	1.05574	1.14776	1.25029	1.38013	1.54089	1.72927	1.93205	2.13314	2.29709	2.38892	2.39395	2.31267	2.15067	1.91953	1.64984	1.37456	1.11835	0.890558	0.690622	0.505767	0.328172	0.165941	0.0218855	-0.095726	-0.159336	-0.172309	-0.157167	-0.123337	-0.0687988	0.00695785	
1.22951	1.22951	1.26029	1.30558	1.3385	1.34005	1.29829	1.22269	1.12682	1.03677	0.966897	0.923576	0.899846	0.88701	0.888884	0.908648	0.952133	1.01629	1.09733	1.18776	1.27709	1.36063	1.45822	1.58411	1.74787	1.93494	2.13314	2.32696	2.47714	2.54856	2.52287	2.41002	2.21904	1.968	1.68747	1.41491	1.17153	0.970316	0.797429	0.643152	0.493516	0.354943	0.230128	0.131305	0.0736335	0.0654527	0.0839206	0.109939	0.152637	0.219301	
1.39243	1.39243	1.42472	1.47226	1.5031	1.50105	1.45295	1.36982	1.26796	1.17124	1.10289	1.06305	1.04902	1.04414	1.05465	1.08309	1.13586	1.2063	1.29054	1.37886	1.46305	1.54085	1.63161	1.75716	1.92112	2.10662	2.29709	2.47714	2.60957	2.6579	2.60347	2.46096	2.24759	1.9832	1.69688	1.42955	1.20072	1.01982	0.876382	0.754237	0.635661	0.530311	0.434244	0.354696	0.303653	0.293849	0.297711	0.306373	0.328967	0.376341	
1.47947	1.47947	1.51332	1.56109	1.58927	1.58163	1.52799	1.43997	1.33456	1.23529	1.1691	1.13587	1.13478	1.14292	1.16752	1.20927	1.27367	1.35505	1.44199	1.53135	1.60979	1.6803	1.76249	1.88032	2.03811	2.21513	2.38892	2.54856	2.6579	2.68301	2.60485	2.44062	2.21442	1.94507	1.66228	1.40278	1.18627	1.02538	0.907718	0.814404	0.734263	0.662494	0.596117	0.539289	0.49349	0.472549	0.461318	0.449088	0.444972	0.468378	
1.50301	1.50301	1.53743	1.58285	1.60567	1.58989	1.52898	1.43757	1.32884	1.22957	1.16401	1.1384	1.15025	1.17428	1.21563	1.27189	1.34978	1.44136	1.53297	1.62347	1.69721	1.76166	1.83282	1.93884	2.08429	2.2431	2.39395	2.52287	2.60347	2.60485	2.50689	2.32891	2.09841	1.83226	1.55949	1.31134	1.11005	0.969459	0.8779	0.818217	0.773983	0.732741	0.694358	0.65072	0.603046	0.570978	0.542281	0.509308	0.48827	0.492347	
1.4513	1.4513	1.48544	1.52759	1.54437	1.51983	1.45434	1.36118	1.25445	1.15755	1.09416	1.07741	1.10176	1.14439	1.20401	1.27459	1.36703	1.46558	1.56274	1.65231	1.7212	1.77868	1.8361	1.92684	2.05273	2.19048	2.31267	2.41002	2.46096	2.44062	2.32891	2.14338	1.9106	1.65132	1.38853	1.15289	0.968768	0.852022	0.791057	0.769139	0.761264	0.749036	0.726895	0.686252	0.629649	0.580034	0.530424	0.484759	0.448414	0.433518	
1.31613	1.31613	1.34903	1.38749	1.39731	1.36616	1.29772	1.20794	1.10873	1.01856	0.963297	0.956408	0.997407	1.06269	1.14162	1.23278	1.33487	1.44324	1.54117	1.62759	1.68878	1.73427	1.77331	1.84241	1.94264	2.05469	2.15067	2.21904	2.24759	2.21442	2.09841	1.9106	1.68073	1.42245	1.16825	0.942733	0.775667	0.683835	0.658559	0.671569	0.699173	0.708232	0.69793	0.654026	0.589673	0.519783	0.449066	0.381222	0.326628	0.296025	
1.10455	1.10455	1.13541	1.16684	1.16982	1.13048	1.06079	0.977624	0.887595	0.812553	0.7655	0.776268	0.835757	0.928218	1.03481	1.14566	1.2645	1.378	1.47724	1.5561	1.6055	1.6323	1.64965	1.68888	1.76084	1.84648	1.91953	1.968	1.9832	1.94507	1.83226	1.65132	1.42245	1.17081	0.925097	0.710761	0.561537	0.494765	0.492027	0.535449	0.585687	0.611125	0.609125	0.566669	0.495058	0.409154	0.314478	0.223347	0.14993	0.103699	
0.818376	0.818376	0.844918	0.870283	0.864521	0.820195	0.751941	0.677051	0.604357	0.544228	0.51526	0.542769	0.625427	0.748383	0.883255	1.02029	1.15443	1.27478	1.37544	1.44481	1.48165	1.48919	1.48056	1.4917	1.53224	1.59405	1.64984	1.68747	1.69688	1.66228	1.55949	1.38853	1.16825	0.925097	0.689236	0.491839	0.361253	0.31071	0.32777	0.386267	0.444731	0.481058	0.4829	0.438242	0.364431	0.266615	0.14892	0.0368421	-0.0535028	-0.107273	
0.481172	0.481172	0.501718	0.518766	0.502742	0.454088	0.38624	0.322573	0.266554	0.226781	0.218438	0.266662	0.376686	0.531367	0.70013	0.865549	1.01597	1.14475	1.24179	1.30094	1.3215	1.30578	1.27484	1.25814	1.27618	1.32341	1.37456	1.41491	1.42955	1.40278	1.31134	1.15289	0.942733	0.710761	0.491839	0.313692	0.199668	0.163805	0.186586	0.246859	0.3083	0.348041	0.347741	0.302554	0.221502	0.107416	-0.0267867	-0.15382	-0.252548	-0.309537	
0.113454	0.113454	0.127949	0.134503	0.111281	0.0586871	-0.00370729	-0.0546045	-0.0894021	-0.104675	-0.087098	-0.014146	0.125094	0.310868	0.513258	0.703546	0.868633	0.99877	1.08823	1.13158	1.13266	1.09495	1.04426	1.00902	1.01516	1.05844	1.11835	1.17153	1.20072	1.18627	1.11005	0.968768	0.775667	0.561537	0.361253	0.199668	0.0989445	0.0649237	0.0860859	0.143898	0.202585	0.244102	0.244754	0.194267	0.102028	-0.0216555	-0.1696	-0.309598	-0.415346	-0.472723	
-0.237001	-0.237001	-0.230722	-0.234527	-0.267138	-0.321905	-0.37966	-0.418136	-0.432171	-0.422393	-0.376983	-0.27713	-0.109549	0.105833	0.338414	0.550256	0.725797	0.851981	0.92647	0.949888	0.926012	0.867228	0.800262	0.755508	0.760821	0.813734	0.890558	0.970316	1.01982	1.02538	0.969459	0.852022	0.683835	0.494765	0.31071	0.163805	0.0649237	0.0258865	0.0396765	0.0905529	0.146648	0.191647	0.189408	0.134988	0.0351715	-0.095261	-0.248486	-0.395669	-0.512328	-0.584101	
-0.528595	-0.528595	-0.531464	-0.546641	-0.589341	-0.645628	-0.69981	-0.726677	-0.721212	-0.687868	-0.61166	-0.48706	-0.291408	-0.0536457	0.200197	0.425392	0.599115	0.711681	0.760176	0.75483	0.701818	0.623063	0.543349	0.500706	0.515983	0.585591	0.690622	0.797429	0.876382	0.907718	0.8779	0.791057	0.658559	0.492027	0.32777	0.186586	0.0860859	0.0396765	0.0477712	0.0889929	0.143923	0.184734	0.183707	0.132052	0.0357127	-0.0864762	-0.236095	-0.395984	-0.534535	-0.629277	
-0.731243	-0.731243	-0.741681	-0.772008	-0.820564	-0.882624	-0.931388	-0.949819	-0.929834	-0.871278	-0.771727	-0.618705	-0.404877	-0.151752	0.110801	0.334647	0.495223	0.581534	0.592934	0.552459	0.467367	0.368607	0.284426	0.249093	0.282088	0.375724	0.505767	0.643152	0.754237	0.814404	0.818217	0.769139	0.671569	0.535449	0.386267	0.246859	0.143898	0.0905529	0.0889929	0.124566	0.177814	0.217551	0.228353	0.190545	0.108607	-0.00287115	-0.148327	-0.319746	-0.479497	-0.602594	
-0.833209	-0.833209	-0.852952	-0.893993	-0.952343	-1.01604	-1.0633	-1.07502	-1.04297	-0.965253	-0.842723	-0.667215	-0.441595	-0.183924	0.0710377	0.278363	0.41288	0.45878	0.428321	0.345994	0.228798	0.116016	0.0279649	0.00679307	0.0595647	0.17399	0.328172	0.493516	0.635661	0.734263	0.773983	0.761264	0.699173	0.585687	0.444731	0.3083	0.202585	0.146648	0.143923	0.177814	0.228479	0.273458	0.302433	0.286953	0.229046	0.13746	-0.00159424	-0.184139	-0.367295	-0.518251	
-0.853587	-0.853587	-0.88044	-0.930246	-0.994826	-1.05836	-1.10258	-1.10651	-1.0632	-0.966175	-0.82142	-0.625409	-0.392415	-0.140542	0.0916838	0.26828	0.359537	0.356832	0.27532	0.146957	0.000587147	-0.127433	-0.213138	-0.218644	-0.146744	-0.00910774	0.165941	0.354943	0.530311	0.662494	0.732741	0.749036	0.708232	0.611125	0.481058	0.348041	0.244102	0.191647	0.184734	0.217551	0.273458	0.335117	0.3932	0.41319	0.386015	0.307703	0.171649	-0.0139044	-0.210386	-0.386425	
-0.818384	-0.818384	-0.848779	-0.903371	-0.967869	-1.028	-1.06394	-1.05798	-1.00002	-0.883256	-0.715504	-0.501469	-0.264921	-0.0293449	0.168726	0.299129	0.338393	0.280479	0.148274	-0.0234071	-0.194172	-0.33406	-0.414926	-0.410383	-0.321868	-0.168862	0.0218855	0.230128	0.434244	0.596117	0.694358	0.726895	0.69793	0.609125	0.4829	0.347741	0.244754	0.189408	0.183707	0.228353	0.302433	0.3932	0.48775	0.542518	0.540581	0.480077	0.35655	0.178398	-0.0280281	-0.218694	
-0.731179	-0.731179	-0.762902	-0.818593	-0.881061	-0.936831	-0.965138	-0.950332	-0.879529	-0.745394	-0.558773	-0.330172	-0.0959299	0.117563	0.272987	0.351012	0.33462	0.225589	0.0476832	-0.157711	-0.348444	-0.49647	-0.574514	-0.564717	-0.465178	-0.298543	-0.095726	0.131305	0.354696	0.539289	0.65072	0.686252	0.654026	0.566669	0.438242	0.302554	0.194267	0.134988	0.132052	0.190545	0.286953	0.41319	0.542518	0.632231	0.665963	0.630433	0.525307	0.359708	0.155563	-0.0436423	
-0.627318	-0.627318	-0.65773	-0.705861	-0.763482	-0.806787	-0.826327	-0.797955	-0.712217	-0.562847	-0.357785	-0.124255	0.103999	0.283572	0.390247	0.406246	0.334412	0.176224	-0.0348319	-0.263369	-0.462772	-0.609321	-0.681741	-0.664046	-0.552559	-0.376238	-0.159336	0.0736335	0.303653	0.49349	0.603046	0.629649	0.589673	0.495058	0.364431	0.221502	0.102028	0.0351715	0.0357127	0.108607	0.229046	0.386015	0.540581	0.665963	0.734717	0.733469	0.656988	0.515279	0.321298	0.126859	
-0.525471	-0.525471	-0.547738	-0.587552	-0.627846	-0.661306	-0.662911	-0.623277	-0.519443	-0.357377	-0.140034	0.0925359	0.305455	0.447428	0.499165	0.455951	0.327848	0.134088	-0.102709	-0.340284	-0.540975	-0.6825	-0.746105	-0.718026	-0.595818	-0.401051	-0.172309	0.0654527	0.293849	0.472549	0.570978	0.580034	0.519783	0.409154	0.266615	0.107416	-0.0216555	-0.095261	-0.0864762	-0.00287115	0.13746	0.307703	0.480077	0.630433	0.733469	0.768327	0.728513	0.619178	0.453951	0.282238	
-0.432008	-0.432008	-0.444618	-0.468809	-0.491391	-0.50824	-0.49517	-0.439831	-0.323297	-0.148171	0.0708049	0.297376	0.485069	0.587026	0.584362	0.483454	0.307306	0.0842054	-0.169105	-0.40606	-0.607258	-0.737948	-0.79188	-0.752289	-0.611608	-0.400212	-0.157167	0.0839206	0.297711	0.461318	0.542281	0.530424	0.449066	0.314478	0.14892	-0.0267867	-0.1696	-0.248486	-0.236095	-0.148327	-0.00159424	0.171649	0.35655	0.525307	0.656988	0.728513	0.730723	0.656201	0.53099	0.385411	
-0.365395	-0.365395	-0.366007	-0.369828	-0.3713	-0.368058	-0.340224	-0.269631	-0.144387	0.03815	0.248221	0.45914	0.611522	0.672336	0.617986	0.467778	0.255982	0.0113971	-0.241814	-0.473626	-0.663803	-0.779191	-0.820307	-0.760636	-0.60442	-0.377122	-0.123337	0.109939	0.306373	0.449088	0.509308	0.484759	0.381222	0.223347	0.0368421	-0.15382	-0.309598	-0.395669	-0.395984	-0.319746	-0.184139	-0.0139044	0.178398	0.359708	0.515279	0.619178	0.656201	0.618827	0.533714	0.409387	
-0.352405	-0.352405	-0.339331	-0.31713	-0.293722	-0.264259	-0.218905	-0.132208	0.00213253	0.185522	0.383348	0.567617	0.682741	0.701354	0.604021	0.41577	0.179568	-0.076976	-0.320691	-0.542373	-0.709946	-0.807044	-0.822699	-0.739492	-0.565213	-0.324353	-0.0687988	0.152637	0.328967	0.444972	0.48827	0.448414	0.326628	0.14993	-0.0535028	-0.252548	-0.415346	-0.512328	-0.534535	-0.479497	-0.367295	-0.210386	-0.0280281	0.155563	0.321298	0.453951	0.53099	0.533714	0.46946	0.355832	
-0.395499	-0.395499	-0.366165	-0.317705	-0.262086	-0.205879	-0.135875	-0.0357768	0.110342	0.28847	0.473696	0.625496	0.706042	0.68772	0.559575	0.350384	0.0987018	-0.157046	-0.391858	-0.595864	-0.739045	-0.812122	-0.796835	-0.687816	-0.496011	-0.244637	0.00695785	0.219301	0.376341	0.468378	0.492347	0.433518	0.296025	0.103699	-0.107273	-0.309537	-0.472723	-0.584101	-0.629277	-0.602594	-0.518251	-0.386425	-0.218694	-0.0436423	0.126859	0.282238	0.385411	0.409387	0.355832	0.258903	
