-0.228273	-0.228273	-0.247022	-0.261146	-0.25962	-0.245635	-0.231277	-0.213503	-0.185467	-0.131869	-0.0514443	0.0574791	0.18039	0.288086	0.366097	0.412661	0.414128	0.361813	0.274605	0.150131	-0.0193615	-0.225759	-0.455802	-0.676361	-0.834628	-0.910808	-0.923792	-0.88574	-0.796037	-0.660342	-0.497683	-0.345256	-0.204945	-0.0760711	0.0494572	0.180197	0.327842	0.475702	0.599527	0.688405	0.743615	0.763468	0.749872	0.703609	0.627239	0.520077	0.402374	0.282926	0.17604	0.0988352	
-0.228273	-0.228273	-0.247022	-0.261146	-0.25962	-0.245635	-0.231277	-0.213503	-0.185467	-0.131869	-0.0514443	0.0574791	0.18039	0.288086	0.366097	0.412661	0.414128	0.361813	0.274605	0.150131	-0.0193615	-0.225759	-0.455802	-0.676361	-0.834628	-0.910808	-0.923792	-0.88574	-0.796037	-0.660342	-0.497683	-0.345256	-0.204945	-0.0760711	0.0494572	0.180197	0.327842	0.475702	0.599527	0.688405	0.743615	0.763468	0.749872	0.703609	0.627239	0.520077	0.402374	0.282926	0.17604	0.0988352	
-0.247022	-0.247022	-0.259616	-0.261816	-0.249941	-0.234676	-0.227424	-0.211351	-0.175722	-0.113376	-0.0355909	0.0647693	0.183093	0.29045	0.359834	0.385759	0.366634	0.302856	0.209745	0.078655	-0.0915891	-0.281576	-0.477623	-0.659071	-0.789826	-0.854608	-0.868237	-0.833601	-0.746382	-0.612419	-0.454251	-0.308698	-0.175949	-0.0510656	0.0727969	0.200086	0.335038	0.460731	0.559016	0.630494	0.679368	0.700219	0.687771	0.647895	0.58855	0.503556	0.399002	0.281375	0.177876	0.111521	
-0.261146	-0.261146	-0.261816	-0.250202	-0.22999	-0.216001	-0.210813	-0.192538	-0.144211	-0.0718386	0.00438157	0.0868807	0.184422	0.27365	0.32309	0.322126	0.274854	0.191912	0.0870736	-0.0483362	-0.20942	-0.367112	-0.507221	-0.626451	-0.70697	-0.745	-0.748523	-0.713275	-0.628508	-0.501589	-0.355539	-0.22595	-0.107801	0.00594803	0.122057	0.235125	0.342049	0.424721	0.479709	0.521056	0.55967	0.580173	0.574966	0.551775	0.522306	0.471947	0.394293	0.295318	0.207838	0.155485	
-0.25962	-0.25962	-0.249941	-0.22999	-0.211404	-0.197504	-0.185359	-0.149903	-0.0863449	-0.00368178	0.0656419	0.122946	0.178301	0.224947	0.240581	0.213336	0.143769	0.0416959	-0.0720319	-0.201872	-0.33961	-0.455498	-0.536948	-0.58674	-0.605408	-0.597949	-0.576883	-0.531354	-0.448486	-0.331153	-0.201936	-0.0910518	0.00625647	0.100609	0.193403	0.275318	0.336659	0.36731	0.372898	0.379527	0.398365	0.418535	0.426051	0.428616	0.433118	0.422569	0.385713	0.322624	0.262181	0.224638	
-0.245635	-0.245635	-0.234676	-0.216001	-0.197504	-0.180541	-0.150416	-0.0925022	-0.00899938	0.0737186	0.128952	0.151902	0.156344	0.143423	0.111392	0.0578625	-0.0244682	-0.132009	-0.244915	-0.357327	-0.460683	-0.530608	-0.555661	-0.54341	-0.499148	-0.441492	-0.385411	-0.324406	-0.240556	-0.133845	-0.0200923	0.0722933	0.147418	0.210885	0.266052	0.302243	0.314419	0.295218	0.258664	0.229622	0.225592	0.237331	0.259934	0.290736	0.324554	0.343723	0.345481	0.330864	0.30739	0.282267	
-0.231277	-0.231277	-0.227424	-0.210813	-0.185359	-0.150416	-0.101325	-0.0237258	0.0637136	0.136839	0.167387	0.157452	0.111236	0.0380896	-0.0456786	-0.126656	-0.212517	-0.31386	-0.414147	-0.501477	-0.561709	-0.578706	-0.551986	-0.488663	-0.396434	-0.291783	-0.198907	-0.115299	-0.0280476	0.069759	0.166922	0.241854	0.291495	0.319772	0.327303	0.312529	0.276128	0.219483	0.150418	0.0922674	0.0621709	0.0676148	0.0996514	0.148369	0.200263	0.242463	0.276514	0.297089	0.30448	0.301881	
-0.213503	-0.213503	-0.211351	-0.192538	-0.149903	-0.0925022	-0.0237258	0.0504177	0.120797	0.164329	0.166109	0.119082	0.0309033	-0.0871246	-0.20962	-0.315665	-0.408456	-0.497197	-0.573487	-0.622149	-0.630335	-0.592976	-0.519213	-0.418446	-0.288197	-0.144627	-0.0139657	0.0914677	0.181423	0.265245	0.342884	0.397027	0.42158	0.412253	0.372665	0.3098	0.236595	0.153755	0.0650546	-0.0161555	-0.0659644	-0.0764898	-0.0498151	0.000666509	0.0613807	0.122696	0.182234	0.233521	0.269762	0.292388	
-0.185467	-0.185467	-0.175722	-0.144211	-0.0863449	-0.00899938	0.0637136	0.120797	0.153267	0.1576	0.116159	0.0302832	-0.0874987	-0.221002	-0.359048	-0.48624	-0.589362	-0.662858	-0.699495	-0.696893	-0.652556	-0.569341	-0.458541	-0.323754	-0.162294	0.01334	0.170144	0.290295	0.377429	0.446649	0.500639	0.529118	0.523312	0.480709	0.405095	0.310805	0.213869	0.117733	0.0166083	-0.079396	-0.151652	-0.183768	-0.178895	-0.141546	-0.0759416	0.00551195	0.0866173	0.151594	0.205308	0.258295	
-0.131869	-0.131869	-0.113376	-0.0718386	-0.00368178	0.0737186	0.136839	0.164329	0.1576	0.109647	0.0193296	-0.103816	-0.234558	-0.367224	-0.504978	-0.637482	-0.738909	-0.786925	-0.77811	-0.722745	-0.632606	-0.512653	-0.367436	-0.2012	-0.0166085	0.169398	0.33091	0.450806	0.534015	0.589096	0.616805	0.611033	0.572057	0.505175	0.417219	0.31893	0.218426	0.11381	0.00322716	-0.105633	-0.193848	-0.252079	-0.27418	-0.253843	-0.194215	-0.111105	-0.029187	0.0428859	0.11109	0.187914	
-0.0514443	-0.0514443	-0.0355909	0.00438157	0.0656419	0.128952	0.167387	0.166109	0.116159	0.0193296	-0.111651	-0.252564	-0.390404	-0.523641	-0.652069	-0.76338	-0.837015	-0.851291	-0.801287	-0.701324	-0.571147	-0.418647	-0.245444	-0.0575755	0.1313	0.303843	0.444766	0.550339	0.624401	0.667753	0.671854	0.636699	0.572909	0.497465	0.418903	0.334726	0.237662	0.127405	0.0106323	-0.100169	-0.1983	-0.276035	-0.322553	-0.324948	-0.284442	-0.221872	-0.15695	-0.0921857	-0.0155986	0.084055	
0.0574791	0.0574791	0.0647693	0.0868807	0.122946	0.151902	0.157452	0.119082	0.0302832	-0.103816	-0.252564	-0.400864	-0.544848	-0.678873	-0.786147	-0.858357	-0.888758	-0.860837	-0.768411	-0.624448	-0.455571	-0.276414	-0.0893597	0.101561	0.27683	0.417212	0.519778	0.59199	0.642178	0.666341	0.654449	0.608742	0.540378	0.471238	0.407986	0.343824	0.260204	0.155879	0.0448422	-0.0608063	-0.15853	-0.24848	-0.317816	-0.34899	-0.346231	-0.320412	-0.282069	-0.222912	-0.139079	-0.0260955	
0.18039	0.18039	0.183093	0.184422	0.178301	0.156344	0.111236	0.0309033	-0.0874987	-0.234558	-0.390404	-0.544848	-0.689444	-0.807249	-0.885101	-0.918342	-0.901797	-0.821215	-0.681051	-0.496006	-0.293548	-0.095595	0.0922684	0.266973	0.410043	0.506214	0.56238	0.591328	0.602936	0.599577	0.575303	0.531846	0.476441	0.424703	0.384303	0.344985	0.286229	0.204017	0.109085	0.0117679	-0.0872473	-0.18495	-0.268933	-0.331562	-0.371408	-0.386981	-0.375513	-0.329478	-0.246576	-0.123683	
0.288086	0.288086	0.29045	0.27365	0.224947	0.143423	0.0380896	-0.0871246	-0.221002	-0.367224	-0.523641	-0.678873	-0.807249	-0.896541	-0.942649	-0.937242	-0.866416	-0.730838	-0.552323	-0.341984	-0.118006	0.0944933	0.275252	0.41788	0.510296	0.555502	0.568405	0.555125	0.52439	0.486726	0.445407	0.408648	0.37662	0.356514	0.34532	0.340343	0.32029	0.273013	0.196816	0.100524	-0.00274259	-0.103653	-0.200526	-0.292359	-0.373707	-0.423541	-0.434321	-0.400819	-0.326441	-0.208273	
0.366097	0.366097	0.359834	0.32309	0.240581	0.111392	-0.0456786	-0.20962	-0.359048	-0.504978	-0.652069	-0.786147	-0.885101	-0.942649	-0.952198	-0.895376	-0.769902	-0.592507	-0.393431	-0.173822	0.0574879	0.271204	0.435349	0.536588	0.577095	0.575084	0.547135	0.490862	0.41641	0.344005	0.286816	0.257208	0.253524	0.266657	0.28942	0.31886	0.339404	0.334789	0.290894	0.207193	0.101156	-0.00980545	-0.119197	-0.23355	-0.342218	-0.417635	-0.449775	-0.436959	-0.38415	-0.286707	
0.412661	0.412661	0.385759	0.322126	0.213336	0.0578625	-0.126656	-0.315665	-0.48624	-0.637482	-0.76338	-0.858357	-0.918342	-0.937242	-0.895376	-0.786135	-0.623651	-0.425559	-0.213777	0.00857173	0.228728	0.421063	0.553193	0.618754	0.621547	0.579968	0.508254	0.407735	0.296054	0.198872	0.131751	0.108857	0.121269	0.157215	0.203651	0.263498	0.322779	0.363434	0.361537	0.309537	0.220962	0.112416	-0.00722895	-0.134616	-0.258391	-0.355929	-0.418499	-0.43918	-0.420025	-0.357451	
0.414128	0.414128	0.366634	0.274854	0.143769	-0.0244682	-0.212517	-0.408456	-0.589362	-0.738909	-0.837015	-0.888758	-0.901797	-0.866416	-0.769902	-0.623651	-0.448718	-0.2455	-0.0310164	0.182036	0.374365	0.524616	0.616791	0.652163	0.627174	0.548676	0.439224	0.311231	0.184411	0.0802479	0.00949178	-0.0204544	-0.0111003	0.0313663	0.0967937	0.180492	0.266348	0.339711	0.382475	0.380584	0.330731	0.239458	0.127588	0.00363843	-0.127658	-0.249874	-0.350861	-0.412371	-0.432638	-0.406971	
0.361813	0.361813	0.302856	0.191912	0.0416959	-0.132009	-0.31386	-0.497197	-0.662858	-0.786925	-0.851291	-0.860837	-0.821215	-0.730838	-0.592507	-0.425559	-0.2455	-0.050554	0.143604	0.326675	0.476533	0.57713	0.624871	0.629851	0.576083	0.469326	0.34268	0.212282	0.0915128	-0.00580908	-0.0792345	-0.122603	-0.127451	-0.0896034	-0.0185587	0.0800719	0.183985	0.279337	0.357673	0.40739	0.408375	0.352296	0.26103	0.148976	0.021516	-0.113545	-0.240864	-0.338148	-0.399561	-0.417252	
0.274605	0.274605	0.209745	0.0870736	-0.0720319	-0.244915	-0.414147	-0.573487	-0.699495	-0.77811	-0.801287	-0.768411	-0.681051	-0.552323	-0.393431	-0.213777	-0.0310164	0.143604	0.297073	0.429376	0.524078	0.570057	0.575625	0.551211	0.479761	0.367249	0.245915	0.125195	0.0165543	-0.071958	-0.145902	-0.199065	-0.217632	-0.196155	-0.136958	-0.0400705	0.0716078	0.186364	0.300324	0.395431	0.442325	0.42886	0.374954	0.290993	0.175422	0.0405002	-0.0979987	-0.221302	-0.3244	-0.387742	
0.150131	0.150131	0.078655	-0.0483362	-0.201872	-0.357327	-0.501477	-0.622149	-0.696893	-0.722745	-0.701324	-0.624448	-0.496006	-0.341984	-0.173822	0.00857173	0.182036	0.326675	0.429376	0.497218	0.5245	0.5161	0.481806	0.433701	0.358771	0.262006	0.160559	0.0574536	-0.0390719	-0.122372	-0.193829	-0.246005	-0.270593	-0.267863	-0.231795	-0.153063	-0.0459773	0.0805482	0.21583	0.34073	0.430232	0.46718	0.462247	0.41249	0.318328	0.192572	0.0542926	-0.0839701	-0.214313	-0.311208	
-0.0193615	-0.0193615	-0.0915891	-0.20942	-0.33961	-0.460683	-0.561709	-0.630335	-0.652556	-0.632606	-0.571147	-0.455571	-0.293548	-0.118006	0.0574879	0.228728	0.374365	0.476533	0.524078	0.5245	0.490726	0.437097	0.370188	0.300706	0.227184	0.151288	0.0818998	0.00734802	-0.0741905	-0.153676	-0.221432	-0.269978	-0.29763	-0.30631	-0.29466	-0.246429	-0.15678	-0.0314536	0.111528	0.253573	0.37574	0.461204	0.505698	0.496263	0.427249	0.319866	0.192681	0.0543208	-0.0840396	-0.194978	
-0.225759	-0.225759	-0.281576	-0.367112	-0.455498	-0.530608	-0.578706	-0.592976	-0.569341	-0.512653	-0.418647	-0.276414	-0.095595	0.0944933	0.271204	0.421063	0.524616	0.57713	0.570057	0.5161	0.437097	0.352417	0.261976	0.177371	0.100379	0.0424808	0.00532261	-0.037979	-0.10174	-0.169528	-0.229195	-0.28039	-0.313577	-0.334408	-0.347701	-0.328469	-0.258531	-0.14346	-0.00521018	0.143689	0.288987	0.409967	0.498495	0.529938	0.500848	0.427403	0.322591	0.196025	0.0620751	-0.0551325	
-0.455802	-0.455802	-0.477623	-0.507221	-0.536948	-0.555661	-0.551986	-0.519213	-0.458541	-0.367436	-0.245444	-0.0893597	0.0922684	0.275252	0.435349	0.553193	0.616791	0.624871	0.575625	0.481806	0.370188	0.261976	0.161152	0.0701926	-0.00511048	-0.0512772	-0.0673949	-0.0919704	-0.135033	-0.181745	-0.233135	-0.287381	-0.328707	-0.363475	-0.396213	-0.396042	-0.343513	-0.249309	-0.125778	0.0213076	0.179321	0.329503	0.452069	0.524213	0.538729	0.502783	0.42907	0.326099	0.203993	0.0843071	
-0.676361	-0.676361	-0.659071	-0.626451	-0.58674	-0.54341	-0.488663	-0.418446	-0.323754	-0.2012	-0.0575755	0.101561	0.266973	0.41788	0.536588	0.618754	0.652163	0.629851	0.551211	0.433701	0.300706	0.177371	0.0701926	-0.0170868	-0.0854422	-0.121713	-0.134127	-0.149889	-0.176873	-0.210066	-0.254219	-0.3039	-0.343314	-0.380889	-0.416698	-0.425438	-0.39803	-0.332183	-0.231345	-0.0957962	0.0676632	0.234001	0.381009	0.484918	0.532904	0.52992	0.492167	0.425711	0.32759	0.214408	
-0.834628	-0.834628	-0.789826	-0.70697	-0.605408	-0.499148	-0.396434	-0.288197	-0.162294	-0.0166085	0.1313	0.27683	0.410043	0.510296	0.577095	0.621547	0.627174	0.576083	0.479761	0.358771	0.227184	0.100379	-0.00511048	-0.0854422	-0.140568	-0.17092	-0.179117	-0.188512	-0.211482	-0.245516	-0.284674	-0.321661	-0.352084	-0.38254	-0.41319	-0.434366	-0.430006	-0.39326	-0.319733	-0.200003	-0.042897	0.123089	0.280618	0.411718	0.491057	0.518256	0.51821	0.488551	0.419448	0.323047	
-0.910808	-0.910808	-0.854608	-0.745	-0.597949	-0.441492	-0.291783	-0.144627	0.01334	0.169398	0.303843	0.417212	0.506214	0.555502	0.575084	0.579968	0.548676	0.469326	0.367249	0.262006	0.151288	0.0424808	-0.0512772	-0.121713	-0.17092	-0.192226	-0.191963	-0.196523	-0.224098	-0.261261	-0.2946	-0.324501	-0.34809	-0.369994	-0.404883	-0.440425	-0.45402	-0.435646	-0.383094	-0.285498	-0.153266	-0.00427739	0.158981	0.313073	0.42158	0.486747	0.522112	0.525276	0.488086	0.418512	
-0.923792	-0.923792	-0.868237	-0.748523	-0.576883	-0.385411	-0.198907	-0.0139657	0.170144	0.33091	0.444766	0.519778	0.56238	0.568405	0.547135	0.508254	0.439224	0.34268	0.245915	0.160559	0.0818998	0.00532261	-0.0673949	-0.134127	-0.179117	-0.191963	-0.184637	-0.190639	-0.219289	-0.252034	-0.283055	-0.311758	-0.331771	-0.356993	-0.401699	-0.447222	-0.469428	-0.466193	-0.428667	-0.350453	-0.248617	-0.124377	0.0285402	0.189669	0.327019	0.429393	0.501163	0.539147	0.536927	0.502547	
-0.88574	-0.88574	-0.833601	-0.713275	-0.531354	-0.324406	-0.115299	0.0914677	0.290295	0.450806	0.550339	0.59199	0.591328	0.555125	0.490862	0.407735	0.311231	0.212282	0.125195	0.0574536	0.00734802	-0.037979	-0.0919704	-0.149889	-0.188512	-0.196523	-0.190639	-0.195007	-0.213445	-0.23721	-0.267242	-0.29472	-0.318426	-0.353107	-0.407744	-0.45911	-0.490632	-0.494189	-0.46697	-0.415179	-0.340691	-0.234389	-0.100078	0.0524638	0.203858	0.33979	0.449145	0.52426	0.557421	0.557638	
-0.796037	-0.796037	-0.746382	-0.628508	-0.448486	-0.240556	-0.0280476	0.181423	0.377429	0.534015	0.624401	0.642178	0.602936	0.52439	0.41641	0.296054	0.184411	0.0915128	0.0165543	-0.0390719	-0.0741905	-0.10174	-0.135033	-0.176873	-0.211482	-0.224098	-0.219289	-0.213445	-0.21716	-0.227936	-0.248073	-0.272869	-0.307805	-0.35463	-0.410425	-0.463204	-0.499196	-0.510731	-0.50467	-0.480249	-0.425058	-0.336476	-0.223424	-0.082007	0.0752802	0.234653	0.381158	0.492493	0.556534	0.581142	
-0.660342	-0.660342	-0.612419	-0.501589	-0.331153	-0.133845	0.069759	0.265245	0.446649	0.589096	0.667753	0.666341	0.599577	0.486726	0.344005	0.198872	0.0802479	-0.00580908	-0.071958	-0.122372	-0.153676	-0.169528	-0.181745	-0.210066	-0.245516	-0.261261	-0.252034	-0.23721	-0.227936	-0.219515	-0.222657	-0.244224	-0.286156	-0.336713	-0.393508	-0.447342	-0.48069	-0.500401	-0.522533	-0.528398	-0.492243	-0.419379	-0.322361	-0.195289	-0.0432455	0.13215	0.306474	0.448192	0.538931	0.573889	
-0.497683	-0.497683	-0.454251	-0.355539	-0.201936	-0.0200923	0.166922	0.342884	0.500639	0.616805	0.671854	0.654449	0.575303	0.445407	0.286816	0.131751	0.00949178	-0.0792345	-0.145902	-0.193829	-0.221432	-0.229195	-0.233135	-0.254219	-0.284674	-0.2946	-0.283055	-0.267242	-0.248073	-0.222657	-0.209663	-0.218015	-0.24978	-0.294604	-0.352863	-0.405184	-0.441365	-0.475739	-0.517597	-0.541612	-0.531318	-0.485155	-0.407887	-0.296961	-0.153402	0.0266613	0.213702	0.37506	0.482979	0.528263	
-0.345256	-0.345256	-0.308698	-0.22595	-0.0910518	0.0722933	0.241854	0.397027	0.529118	0.611033	0.636699	0.608742	0.531846	0.408648	0.257208	0.108857	-0.0204544	-0.122603	-0.199065	-0.246005	-0.269978	-0.28039	-0.287381	-0.3039	-0.321661	-0.324501	-0.311758	-0.29472	-0.272869	-0.244224	-0.218015	-0.198125	-0.201774	-0.236237	-0.295249	-0.350996	-0.396835	-0.443294	-0.492969	-0.532856	-0.550138	-0.533386	-0.478953	-0.385327	-0.251504	-0.0795259	0.102093	0.269246	0.384777	0.441241	
-0.204945	-0.204945	-0.175949	-0.107801	0.00625647	0.147418	0.291495	0.42158	0.523312	0.572057	0.572909	0.540378	0.476441	0.37662	0.253524	0.121269	-0.0111003	-0.127451	-0.217632	-0.270593	-0.29763	-0.313577	-0.328707	-0.343314	-0.352084	-0.34809	-0.331771	-0.318426	-0.307805	-0.286156	-0.24978	-0.201774	-0.182029	-0.201107	-0.252785	-0.309927	-0.365362	-0.415994	-0.46183	-0.509995	-0.549579	-0.558024	-0.525213	-0.446108	-0.325282	-0.171534	-0.00672591	0.148405	0.259744	0.326579	
-0.0760711	-0.0760711	-0.0510656	0.00594803	0.100609	0.210885	0.319772	0.412253	0.480709	0.505175	0.497465	0.471238	0.424703	0.356514	0.266657	0.157215	0.0313663	-0.0896034	-0.196155	-0.267863	-0.30631	-0.334408	-0.363475	-0.380889	-0.38254	-0.369994	-0.356993	-0.353107	-0.35463	-0.336713	-0.294604	-0.236237	-0.201107	-0.205977	-0.242825	-0.292977	-0.348796	-0.398968	-0.444233	-0.493724	-0.538324	-0.558989	-0.538945	-0.472726	-0.373253	-0.245397	-0.102061	0.0349781	0.132656	0.195664	
0.0494572	0.0494572	0.0727969	0.122057	0.193403	0.266052	0.327303	0.372665	0.405095	0.417219	0.418903	0.407986	0.384303	0.34532	0.28942	0.203651	0.0967937	-0.0185587	-0.136958	-0.231795	-0.29466	-0.347701	-0.396213	-0.416698	-0.41319	-0.404883	-0.401699	-0.407744	-0.410425	-0.393508	-0.352863	-0.295249	-0.252785	-0.242825	-0.261048	-0.297745	-0.346193	-0.393098	-0.436435	-0.479927	-0.518914	-0.540368	-0.529633	-0.484385	-0.4118	-0.3106	-0.191419	-0.0782152	0.00634001	0.0672916	
0.180197	0.180197	0.200086	0.235125	0.275318	0.302243	0.312529	0.3098	0.310805	0.31893	0.334726	0.343824	0.344985	0.340343	0.31886	0.263498	0.180492	0.0800719	-0.0400705	-0.153063	-0.246429	-0.328469	-0.396042	-0.425438	-0.434366	-0.440425	-0.447222	-0.45911	-0.463204	-0.447342	-0.405184	-0.350996	-0.309927	-0.292977	-0.297745	-0.314476	-0.349366	-0.386936	-0.42312	-0.455945	-0.485516	-0.507523	-0.505522	-0.485023	-0.444079	-0.365825	-0.267987	-0.173744	-0.0985943	-0.0400932	
0.327842	0.327842	0.335038	0.342049	0.336659	0.314419	0.276128	0.236595	0.213869	0.218426	0.237662	0.260204	0.286229	0.32029	0.339404	0.322779	0.266348	0.183985	0.0716078	-0.0459773	-0.15678	-0.258531	-0.343513	-0.39803	-0.430006	-0.45402	-0.469428	-0.490632	-0.499196	-0.48069	-0.441365	-0.396835	-0.365362	-0.348796	-0.346193	-0.349366	-0.362906	-0.383853	-0.406479	-0.429787	-0.453031	-0.476319	-0.488836	-0.491433	-0.46502	-0.403348	-0.330537	-0.254709	-0.182266	-0.122863	
0.475702	0.475702	0.460731	0.424721	0.36731	0.295218	0.219483	0.153755	0.117733	0.11381	0.127405	0.155879	0.204017	0.273013	0.334789	0.363434	0.339711	0.279337	0.186364	0.0805482	-0.0314536	-0.14346	-0.249309	-0.332183	-0.39326	-0.435646	-0.466193	-0.494189	-0.510731	-0.500401	-0.475739	-0.443294	-0.415994	-0.398968	-0.393098	-0.386936	-0.383853	-0.387341	-0.395868	-0.413611	-0.438756	-0.469345	-0.496117	-0.512448	-0.497093	-0.45043	-0.392698	-0.327064	-0.259637	-0.194391	
0.599527	0.599527	0.559016	0.479709	0.372898	0.258664	0.150418	0.0650546	0.0166083	0.00322716	0.0106323	0.0448422	0.109085	0.196816	0.290894	0.361537	0.382475	0.357673	0.300324	0.21583	0.111528	-0.00521018	-0.125778	-0.231345	-0.319733	-0.383094	-0.428667	-0.46697	-0.50467	-0.522533	-0.517597	-0.492969	-0.46183	-0.444233	-0.436435	-0.42312	-0.406479	-0.395868	-0.400699	-0.417246	-0.448231	-0.49054	-0.53205	-0.556503	-0.551626	-0.524588	-0.478614	-0.415301	-0.344622	-0.262108	
0.688405	0.688405	0.630494	0.521056	0.379527	0.229622	0.0922674	-0.0161555	-0.079396	-0.105633	-0.100169	-0.0608063	0.0117679	0.100524	0.207193	0.309537	0.380584	0.40739	0.395431	0.34073	0.253573	0.143689	0.0213076	-0.0957962	-0.200003	-0.285498	-0.350453	-0.415179	-0.480249	-0.528398	-0.541612	-0.532856	-0.509995	-0.493724	-0.479927	-0.455945	-0.429787	-0.413611	-0.417246	-0.439275	-0.477835	-0.531752	-0.583624	-0.621271	-0.636535	-0.620661	-0.574171	-0.508163	-0.430386	-0.33192	
0.743615	0.743615	0.679368	0.55967	0.398365	0.225592	0.0621709	-0.0659644	-0.151652	-0.193848	-0.1983	-0.15853	-0.0872473	-0.00274259	0.101156	0.220962	0.330731	0.408375	0.442325	0.430232	0.37574	0.288987	0.179321	0.0676632	-0.042897	-0.153266	-0.248617	-0.340691	-0.425058	-0.492243	-0.531318	-0.550138	-0.549579	-0.538324	-0.518914	-0.485516	-0.453031	-0.438756	-0.448231	-0.477835	-0.527153	-0.595294	-0.660304	-0.707423	-0.731243	-0.720297	-0.665334	-0.590014	-0.502506	-0.394702	
0.763468	0.763468	0.700219	0.580173	0.418535	0.237331	0.0676148	-0.0764898	-0.183768	-0.252079	-0.276035	-0.24848	-0.18495	-0.103653	-0.00980545	0.112416	0.239458	0.352296	0.42886	0.46718	0.461204	0.409967	0.329503	0.234001	0.123089	-0.00427739	-0.124377	-0.234389	-0.336476	-0.419379	-0.485155	-0.533386	-0.558024	-0.558989	-0.540368	-0.507523	-0.476319	-0.469345	-0.49054	-0.531752	-0.595294	-0.675846	-0.74948	-0.797989	-0.82304	-0.80866	-0.748371	-0.667805	-0.576003	-0.453227	
0.749872	0.749872	0.687771	0.574966	0.426051	0.259934	0.0996514	-0.0498151	-0.178895	-0.27418	-0.322553	-0.317816	-0.268933	-0.200526	-0.119197	-0.00722895	0.127588	0.26103	0.374954	0.462247	0.505698	0.498495	0.452069	0.381009	0.280618	0.158981	0.0285402	-0.100078	-0.223424	-0.322361	-0.407887	-0.478953	-0.525213	-0.538945	-0.529633	-0.505522	-0.488836	-0.496117	-0.53205	-0.583624	-0.660304	-0.74948	-0.821647	-0.870232	-0.89565	-0.880905	-0.821935	-0.736684	-0.634866	-0.491588	
0.703609	0.703609	0.647895	0.551775	0.428616	0.290736	0.148369	0.000666509	-0.141546	-0.253843	-0.324948	-0.34899	-0.331562	-0.292359	-0.23355	-0.134616	0.00363843	0.148976	0.290993	0.41249	0.496263	0.529938	0.524213	0.484918	0.411718	0.313073	0.189669	0.0524638	-0.082007	-0.195289	-0.296961	-0.385327	-0.446108	-0.472726	-0.484385	-0.485023	-0.491433	-0.512448	-0.556503	-0.621271	-0.707423	-0.797989	-0.870232	-0.914363	-0.938547	-0.923393	-0.87269	-0.785744	-0.672616	-0.51886	
0.627239	0.627239	0.58855	0.522306	0.433118	0.324554	0.200263	0.0613807	-0.0759416	-0.194215	-0.284442	-0.346231	-0.371408	-0.373707	-0.342218	-0.258391	-0.127658	0.021516	0.175422	0.318328	0.427249	0.500848	0.538729	0.532904	0.491057	0.42158	0.327019	0.203858	0.0752802	-0.0432455	-0.153402	-0.251504	-0.325282	-0.373253	-0.4118	-0.444079	-0.46502	-0.497093	-0.551626	-0.636535	-0.731243	-0.82304	-0.89565	-0.938547	-0.956466	-0.946934	-0.90241	-0.818149	-0.696408	-0.53263	
0.520077	0.520077	0.503556	0.471947	0.422569	0.343723	0.242463	0.122696	0.00551195	-0.111105	-0.221872	-0.320412	-0.386981	-0.423541	-0.417635	-0.355929	-0.249874	-0.113545	0.0405002	0.192572	0.319866	0.427403	0.502783	0.52992	0.518256	0.486747	0.429393	0.33979	0.234653	0.13215	0.0266613	-0.0795259	-0.171534	-0.245397	-0.3106	-0.365825	-0.403348	-0.45043	-0.524588	-0.620661	-0.720297	-0.80866	-0.880905	-0.923393	-0.946934	-0.951827	-0.917163	-0.840259	-0.718803	-0.53918	
0.402374	0.402374	0.399002	0.394293	0.385713	0.345481	0.276514	0.182234	0.0866173	-0.029187	-0.15695	-0.282069	-0.375513	-0.434321	-0.449775	-0.418499	-0.350861	-0.240864	-0.0979987	0.0542926	0.192681	0.322591	0.42907	0.492167	0.51821	0.522112	0.501163	0.449145	0.381158	0.306474	0.213702	0.102093	-0.00672591	-0.102061	-0.191419	-0.267987	-0.330537	-0.392698	-0.478614	-0.574171	-0.665334	-0.748371	-0.821935	-0.87269	-0.90241	-0.917163	-0.90818	-0.847593	-0.733787	-0.550592	
0.282926	0.282926	0.281375	0.295318	0.322624	0.330864	0.297089	0.233521	0.151594	0.0428859	-0.0921857	-0.222912	-0.329478	-0.400819	-0.436959	-0.43918	-0.412371	-0.338148	-0.221302	-0.0839701	0.0543208	0.196025	0.326099	0.425711	0.488551	0.525276	0.539147	0.52426	0.492493	0.448192	0.37506	0.269246	0.148405	0.0349781	-0.0782152	-0.173744	-0.254709	-0.327064	-0.415301	-0.508163	-0.590014	-0.667805	-0.736684	-0.785744	-0.818149	-0.840259	-0.847593	-0.812527	-0.725022	-0.563835	
0.17604	0.17604	0.177876	0.207838	0.262181	0.30739	0.30448	0.269762	0.205308	0.11109	-0.0155986	-0.139079	-0.246576	-0.326441	-0.38415	-0.420025	-0.432638	-0.399561	-0.3244	-0.214313	-0.0840396	0.0620751	0.203993	0.32759	0.419448	0.488086	0.536927	0.557421	0.556534	0.538931	0.482979	0.384777	0.259744	0.132656	0.00634001	-0.0985943	-0.182266	-0.259637	-0.344622	-0.430386	-0.502506	-0.576003	-0.634866	-0.672616	-0.696408	-0.718803	-0.733787	-0.725022	-0.671	-0.55249	
0.0988352	0.0988352	0.111521	0.155485	0.224638	0.282267	0.301881	0.292388	0.258295	0.187914	0.084055	-0.0260955	-0.123683	-0.208273	-0.286707	-0.357451	-0.406971	-0.417252	-0.387742	-0.311208	-0.194978	-0.0551325	0.0843071	0.214408	0.323047	0.418512	0.502547	0.557638	0.581142	0.573889	0.528263	0.441241	0.326579	0.195664	0.0672916	-0.0400932	-0.122863	-0.194391	-0.262108	-0.33192	-0.394702	-0.453227	-0.491588	-0.51886	-0.53263	-0.53918	-0.550592	-0.563835	-0.55249	-0.481247	
