0.000276739	6.15723e-05	1.21501e-05	2.13835e-06	3.37435e-07	4.79837e-08	6.17757e-09	7.23177e-10	7.72884e-11	7.56892e-12	6.81536e-13	5.66045e-14	4.34901e-15	3.09945e-16	2.05412e-17	1.2689e-18	7.32211e-20	3.95487e-21	2.00327e-22	9.53292e-24	4.26889e-25	1.80169e-26	7.17729e-28	2.70241e-29	9.62975e-31	3.2515e-32	1.04149e-33	3.16816e-35	9.16182e-37	2.52119e-38	6.60811e-40	1.65112e-41	3.93611e-43	8.95957e-45	1.94878e-46	4.05323e-48	8.06671e-50	1.53719e-51	2.80645e-53	4.91177e-55	8.24536e-57	1.32831e-58	2.05459e-60	3.05276e-62	4.3591e-64	5.98443e-66	7.90223e-68	1.00402e-69	1.24236e-71	1.24236e-71	
6.15723e-05	1.27644e-05	2.3583e-06	3.90274e-07	5.8131e-08	7.82894e-09	9.57454e-10	1.06756e-10	1.08928e-11	1.02061e-12	8.80937e-14	7.02564e-15	5.19136e-16	3.56324e-17	2.27728e-18	1.35819e-19	7.57493e-21	3.95836e-22	1.94159e-23	8.95462e-25	3.88933e-26	1.59328e-27	6.16473e-29	2.25588e-30	7.81701e-32	2.56805e-33	8.00734e-35	2.37221e-36	6.68394e-38	1.79282e-39	4.58199e-41	1.11675e-42	2.5977e-44	5.77149e-46	1.22566e-47	2.4896e-49	4.84015e-51	9.01206e-53	1.60799e-54	2.75097e-56	4.51501e-58	7.11259e-60	1.07598e-61	1.56381e-63	2.18454e-65	2.93437e-67	3.79158e-69	4.71452e-71	5.70819e-73	5.70819e-73	
1.21501e-05	2.3583e-06	4.09645e-07	6.39741e-08	9.02225e-09	1.15392e-09	1.34371e-10	1.42999e-11	1.39559e-12	1.25312e-13	1.03836e-14	7.96239e-16	5.66518e-17	3.74903e-18	2.31285e-19	1.33298e-20	7.19134e-22	3.63843e-23	1.7294e-24	7.73505e-26	3.26051e-27	1.29716e-28	4.87724e-30	1.73536e-31	5.85011e-33	1.87066e-34	5.68008e-36	1.6394e-37	4.50201e-39	1.17739e-40	2.93498e-42	6.97939e-44	1.58453e-45	3.43696e-47	7.12768e-49	1.41421e-50	2.68628e-52	4.88788e-54	8.52462e-56	1.42578e-57	2.28813e-59	3.52512e-61	5.21602e-63	7.41603e-65	1.01357e-66	1.33219e-68	1.6845e-70	2.0499e-72	2.42866e-74	2.42866e-74	
2.13835e-06	3.90274e-07	6.39741e-08	9.45873e-09	1.26661e-09	1.54221e-10	1.71374e-11	1.74407e-12	1.63087e-13	1.40554e-14	1.11962e-15	8.26542e-17	5.66897e-18	3.62076e-19	2.15822e-20	1.20304e-21	6.28313e-23	3.08009e-24	1.41962e-25	6.16152e-27	2.52205e-28	9.7494e-30	3.56396e-31	1.23356e-32	4.0473e-34	1.26019e-35	3.72757e-37	1.0485e-38	2.80718e-40	7.16014e-42	1.74136e-43	4.04131e-45	8.9568e-47	1.89713e-48	3.84283e-50	7.44906e-52	1.38267e-53	2.45901e-55	4.19246e-57	6.85613e-59	1.076e-60	1.62135e-62	2.34678e-64	3.2643e-66	4.36527e-68	5.61442e-70	6.9476e-72	8.27475e-74	9.59355e-76	9.59355e-76	
3.37435e-07	5.8131e-08	9.02225e-09	1.26661e-09	1.61462e-10	1.87585e-11	1.99316e-12	1.94328e-13	1.74389e-14	1.44463e-15	1.10771e-16	7.88193e-18	5.21684e-19	3.21899e-20	1.85555e-21	1.0012e-22	5.06589e-24	2.40785e-25	1.07682e-26	4.538e-28	1.80473e-29	6.78226e-31	2.41161e-32	8.12332e-34	2.59507e-35	7.87087e-37	2.26881e-38	6.22146e-40	1.62445e-41	4.04219e-43	9.59359e-45	2.1734e-46	4.70346e-48	9.73016e-50	1.92548e-51	3.64712e-53	6.61636e-55	1.15026e-56	1.91743e-58	3.06631e-60	4.70653e-62	6.93711e-64	9.823e-66	1.33685e-67	1.74932e-69	2.20176e-71	2.66652e-73	3.10843e-75	3.52671e-77	3.52671e-77	
4.79837e-08	7.82894e-09	1.15392e-09	1.54221e-10	1.87585e-11	2.08377e-12	2.121e-13	1.98439e-14	1.71155e-15	1.36467e-16	1.00848e-17	6.92418e-19	4.4271e-20	2.64149e-21	1.47377e-22	7.70331e-24	3.77889e-25	1.74265e-26	7.56657e-28	3.09791e-29	1.19764e-30	4.37762e-32	1.51476e-33	4.96769e-35	1.54578e-36	4.56859e-38	1.28377e-39	3.43298e-41	8.74427e-43	2.12329e-44	4.91905e-46	1.0881e-47	2.29978e-49	4.64765e-51	8.9866e-53	1.66357e-54	2.95006e-56	5.01424e-58	8.17333e-60	1.2783e-61	1.91918e-63	2.76725e-65	3.83371e-67	5.10516e-69	6.53716e-71	8.05231e-73	9.54458e-75	1.08904e-76	1.20918e-78	1.20918e-78	
6.17757e-09	9.57454e-10	1.34371e-10	1.71374e-11	1.99316e-12	2.121e-13	2.07164e-14	1.86276e-15	1.54631e-16	1.18817e-17	8.47198e-19	5.61864e-20	3.47352e-21	2.00584e-22	1.08405e-23	5.49313e-25	2.61428e-26	1.17043e-27	4.93695e-29	1.96478e-30	7.38747e-32	2.6276e-33	8.85171e-35	2.82745e-36	8.57291e-38	2.46986e-39	6.76781e-41	1.76544e-42	4.38797e-44	1.04002e-45	2.35246e-47	5.08198e-49	1.04925e-50	2.07184e-52	3.91506e-54	7.08418e-56	1.22818e-57	2.04123e-59	3.25394e-61	4.97769e-63	7.31059e-65	1.03128e-66	1.39794e-68	1.82162e-70	2.28274e-72	2.75193e-74	3.19266e-76	3.56568e-78	3.87448e-80	3.87448e-80	
7.23177e-10	1.06756e-10	1.42999e-11	1.74407e-12	1.94328e-13	1.98439e-14	1.86276e-15	1.61202e-16	1.28955e-17	9.56027e-19	6.58421e-20	4.22199e-21	2.52598e-22	1.41289e-23	7.4022e-25	3.63878e-26	1.68118e-27	7.31157e-29	2.9977e-30	1.16024e-31	4.24486e-33	1.46984e-34	4.82255e-36	1.50095e-37	4.43603e-39	1.24622e-40	3.33099e-42	8.47854e-44	2.05687e-45	4.7597e-47	1.05141e-48	2.2187e-50	4.4757e-52	8.63662e-54	1.59521e-55	2.82189e-57	4.78362e-59	7.77497e-61	1.21224e-62	1.814e-64	2.60641e-66	3.59745e-68	4.77171e-70	6.08488e-72	7.46258e-74	8.80518e-76	9.99873e-78	1.09307e-79	1.16239e-81	1.16239e-81	
7.72884e-11	1.08928e-11	1.39559e-12	1.63087e-13	1.74389e-14	1.71155e-15	1.54631e-16	1.28955e-17	9.95294e-19	7.12687e-20	4.74555e-21	2.94483e-22	1.70651e-23	9.25275e-25	4.70254e-26	2.24407e-27	1.00712e-28	4.25722e-30	1.69744e-31	6.3925e-33	2.27673e-34	7.6779e-36	2.45447e-37	7.44607e-39	2.14583e-40	5.88011e-42	1.53354e-43	3.80983e-45	9.0235e-47	2.03913e-48	4.39989e-50	9.07136e-52	1.78826e-53	3.37283e-55	6.09015e-57	1.05338e-58	1.74623e-60	2.77591e-62	4.23365e-64	6.19775e-66	8.7128e-68	1.17671e-69	1.52738e-71	1.90613e-73	2.28796e-75	2.64229e-77	2.9369e-79	3.14274e-81	3.27079e-83	3.27079e-83	
7.56892e-12	1.02061e-12	1.25312e-13	1.40554e-14	1.44463e-15	1.36467e-16	1.18817e-17	9.56027e-19	7.12687e-20	4.93398e-21	3.17935e-22	1.9109e-23	1.0734e-24	5.64571e-26	2.78532e-27	1.29108e-28	5.63163e-30	2.31503e-31	8.98107e-33	3.29246e-34	1.14202e-35	3.75232e-37	1.16918e-38	3.45845e-40	9.7214e-42	2.59919e-43	6.61604e-45	1.60465e-46	3.7114e-48	8.19224e-50	1.727e-51	3.47943e-53	6.70405e-55	1.23609e-56	2.18227e-58	3.69111e-60	5.98449e-62	9.30557e-64	1.3884e-65	1.98858e-67	2.73538e-69	3.61508e-71	4.59215e-73	5.60883e-75	6.58934e-77	7.44848e-79	8.10376e-81	8.48844e-83	8.64592e-85	8.64592e-85	
6.81536e-13	8.80937e-14	1.03836e-14	1.11962e-15	1.10771e-16	1.00848e-17	8.47198e-19	6.58421e-20	4.74555e-21	3.17935e-22	1.98428e-23	1.15604e-24	6.29918e-26	3.21609e-27	1.54118e-28	6.94315e-30	2.94513e-31	1.17793e-32	4.44832e-34	1.58814e-35	5.36696e-37	1.71875e-38	5.22173e-40	1.50655e-41	4.13181e-43	1.07818e-44	2.67926e-46	6.34565e-48	1.43357e-49	3.09148e-51	6.36845e-53	1.25404e-54	2.36202e-56	4.25808e-58	7.35114e-60	1.21604e-61	1.92851e-63	2.93353e-65	4.28217e-67	6.00116e-69	8.07775e-71	1.04473e-72	1.29881e-74	1.55263e-76	1.78536e-78	1.97539e-80	2.10372e-82	2.157e-84	2.15017e-86	2.15017e-86	
5.66045e-14	7.02564e-15	7.96239e-16	8.26542e-17	7.88193e-18	6.92418e-19	5.61864e-20	4.22199e-21	2.94483e-22	1.9109e-23	1.15604e-24	6.53323e-26	3.4556e-27	1.71368e-28	7.98127e-30	3.49653e-31	1.44301e-32	5.61803e-34	2.06611e-35	7.18662e-37	2.36709e-38	7.3911e-40	2.19014e-41	6.16512e-43	1.65019e-44	4.20377e-46	1.02008e-47	2.35979e-49	5.20825e-51	1.09751e-52	2.20969e-54	4.25349e-56	7.83296e-58	1.3808e-59	2.33137e-61	3.77225e-63	5.85223e-65	8.70936e-67	1.24393e-68	1.70585e-70	2.247e-72	2.84416e-74	3.46062e-76	4.04909e-78	4.55732e-80	4.93568e-82	5.14513e-84	5.16393e-86	5.03774e-88	5.03774e-88	
4.34901e-15	5.19136e-16	5.66518e-17	5.66897e-18	5.21684e-19	4.4271e-20	3.47352e-21	2.52598e-22	1.70651e-23	1.0734e-24	6.29918e-26	3.4556e-27	1.77533e-28	8.55658e-30	3.87525e-31	1.65176e-32	6.63547e-34	2.51578e-35	9.01393e-37	3.05583e-38	9.81347e-40	2.98863e-41	8.64034e-43	2.37371e-44	6.20252e-46	1.5429e-47	3.65683e-49	8.26444e-51	1.78236e-52	3.67082e-54	7.22459e-56	1.35966e-57	2.44838e-59	4.22103e-61	6.97088e-63	1.10336e-64	1.67466e-66	2.4385e-68	3.40801e-70	4.57349e-72	5.89576e-74	7.30372e-76	8.698e-78	9.96124e-80	1.09741e-81	1.16336e-83	1.18708e-85	1.16621e-87	1.11342e-89	1.11342e-89	
3.09945e-16	3.56324e-17	3.74903e-18	3.62076e-19	3.21899e-20	2.64149e-21	2.00584e-22	1.41289e-23	9.25275e-25	5.64571e-26	3.21609e-27	1.71368e-28	8.55658e-30	4.01031e-31	1.76708e-32	7.33148e-34	2.86814e-35	1.05942e-36	3.69956e-38	1.22283e-39	3.83008e-41	1.13801e-42	3.21091e-44	8.61129e-46	2.19719e-47	5.3383e-49	1.23604e-50	2.72961e-52	5.75342e-54	1.15829e-55	2.22877e-57	4.10153e-59	7.22309e-61	1.218e-62	1.96767e-64	3.04695e-66	4.52481e-68	6.44701e-70	8.81724e-72	1.15799e-73	1.46098e-75	1.77141e-77	2.06481e-79	2.31458e-81	2.49593e-83	2.58993e-85	2.5868e-87	2.48752e-89	2.32415e-91	2.32415e-91	
2.05412e-17	2.27728e-18	2.31285e-19	2.15822e-20	1.85555e-21	1.47377e-22	1.08405e-23	7.4022e-25	4.70254e-26	2.78532e-27	1.54118e-28	7.98127e-30	3.87525e-31	1.76708e-32	7.57919e-34	3.06224e-35	1.16712e-36	4.20164e-38	1.43052e-39	4.61164e-41	1.40924e-42	4.08641e-44	1.12554e-45	2.94752e-47	7.34542e-49	1.74346e-50	3.94455e-52	8.5134e-54	1.75407e-55	3.45247e-57	6.49588e-59	1.16907e-60	2.01372e-62	3.32164e-64	5.24974e-66	7.95376e-68	1.15575e-69	1.61145e-71	2.1568e-73	2.77221e-75	3.4232e-77	4.06245e-79	4.6349e-81	5.0855e-83	5.36783e-85	5.45205e-87	5.3301e-89	5.01688e-91	4.58703e-93	4.58703e-93	
1.2689e-18	1.35819e-19	1.33298e-20	1.20304e-21	1.0012e-22	7.70331e-24	5.49313e-25	3.63878e-26	2.24407e-27	1.29108e-28	6.94315e-30	3.49653e-31	1.65176e-32	7.33148e-34	3.06224e-35	1.20537e-36	4.47744e-38	1.57155e-39	5.21853e-41	1.64132e-42	4.89481e-44	1.38557e-45	3.72649e-47	9.5313e-49	2.32043e-50	5.38164e-52	1.18996e-53	2.51047e-55	5.05693e-57	9.73254e-59	1.79082e-60	3.15233e-62	5.31149e-64	8.57129e-66	1.3254e-67	1.96488e-69	2.79394e-71	3.81227e-73	4.99366e-75	6.28198e-77	7.59241e-79	8.81908e-81	9.84858e-83	1.05771e-84	1.09278e-86	1.08641e-88	1.03958e-90	9.57711e-93	8.56869e-95	8.56869e-95	
7.32211e-20	7.57493e-21	7.19134e-22	6.28313e-23	5.06589e-24	3.77889e-25	2.61428e-26	1.68118e-27	1.00712e-28	5.63163e-30	2.94513e-31	1.44301e-32	6.63547e-34	2.86814e-35	1.16712e-36	4.47744e-38	1.62156e-39	5.55102e-41	1.79835e-42	5.51989e-44	1.60697e-45	4.44171e-47	1.16674e-48	2.91529e-50	6.93497e-52	1.57189e-53	3.39745e-55	7.00743e-57	1.38021e-58	2.59776e-60	4.67517e-62	8.0501e-64	1.32696e-65	2.09508e-67	3.16995e-69	4.59861e-71	6.39912e-73	8.54523e-75	1.09551e-76	1.34886e-78	1.59564e-80	1.81415e-82	1.98299e-84	2.08454e-86	2.108e-88	2.05124e-90	1.92113e-92	1.73218e-94	1.51647e-96	1.51647e-96	
3.95487e-21	3.95836e-22	3.63843e-23	3.08009e-24	2.40785e-25	1.74265e-26	1.17043e-27	7.31157e-29	4.25722e-30	2.31503e-31	1.17793e-32	5.61803e-34	2.51578e-35	1.05942e-36	4.20164e-38	1.57155e-39	5.55102e-41	1.85394e-42	5.86149e-44	1.75629e-45	4.99253e-47	1.34777e-48	3.45854e-50	8.44389e-52	1.96307e-53	4.34933e-55	9.19042e-57	1.85349e-58	3.57017e-60	6.57224e-62	1.157e-63	1.94897e-65	3.1432e-67	4.85583e-69	7.18947e-71	1.02066e-72	1.38998e-74	1.81663e-76	2.27944e-78	2.74702e-80	3.18068e-82	3.53958e-84	3.78699e-86	3.89651e-88	3.85673e-90	3.67313e-92	3.36691e-94	2.97102e-96	2.54498e-98	2.54498e-98	
2.00327e-22	1.94159e-23	1.7294e-24	1.41962e-25	1.07682e-26	7.56657e-28	4.93695e-29	2.9977e-30	1.69744e-31	8.98107e-33	4.44832e-34	2.06611e-35	9.01393e-37	3.69956e-38	1.43052e-39	5.21853e-41	1.79835e-42	5.86149e-44	1.80906e-45	5.29282e-47	1.46948e-48	3.87533e-50	9.7169e-52	2.31849e-53	5.26872e-55	1.14123e-56	2.35795e-58	4.6505e-60	8.76123e-62	1.57764e-63	2.71703e-65	4.4779e-67	7.06621e-69	1.06821e-70	1.54774e-72	2.15036e-74	2.8661e-76	3.66621e-78	4.50256e-80	5.31104e-82	6.01908e-84	6.55621e-86	6.86567e-88	6.91425e-90	6.69818e-92	6.24349e-94	5.6009e-96	4.83662e-98	4.05349e-100	4.05349e-100	
9.53292e-24	8.95462e-25	7.73505e-26	6.16152e-27	4.538e-28	3.09791e-29	1.96478e-30	1.16024e-31	6.3925e-33	3.29246e-34	1.58814e-35	7.18662e-37	3.05583e-38	1.22283e-39	4.61164e-41	1.64132e-42	5.51989e-44	1.75629e-45	5.29282e-47	1.51242e-48	4.10203e-50	1.05702e-51	2.59019e-53	6.04108e-55	1.34213e-56	2.84254e-58	5.7435e-60	1.10792e-61	2.04169e-63	3.59664e-65	6.06024e-67	9.77267e-69	1.50904e-70	2.23242e-72	3.16553e-74	4.30437e-76	5.61506e-78	7.03003e-80	8.45055e-82	9.75651e-84	1.08227e-85	1.15383e-87	1.18263e-89	1.16568e-91	1.1052e-93	1.00819e-95	8.85079e-98	7.47908e-100	6.13213e-102	6.13213e-102	
4.26889e-25	3.88933e-26	3.26051e-27	2.52205e-28	1.80473e-29	1.19764e-30	7.38747e-32	4.24486e-33	2.27673e-34	1.14202e-35	5.36696e-37	2.36709e-38	9.81347e-40	3.83008e-41	1.40924e-42	4.89481e-44	1.60697e-45	4.99253e-47	1.46948e-48	4.10203e-50	1.08709e-51	2.73765e-53	6.55735e-55	1.49517e-56	3.24798e-58	6.7272e-60	1.32944e-61	2.50851e-63	4.5223e-65	7.79419e-67	1.285e-68	2.0277e-70	3.06404e-72	4.43604e-74	6.15621e-76	8.19295e-78	1.04607e-79	1.28188e-81	1.50821e-83	1.70434e-85	1.85046e-87	1.93092e-89	1.93703e-91	1.86858e-93	1.73382e-95	1.54779e-97	1.32963e-99	1.09937e-101	8.81757e-104	8.81757e-104	
1.80169e-26	1.59328e-27	1.29716e-28	9.7494e-30	6.78226e-31	4.37762e-32	2.6276e-33	1.46984e-34	7.6779e-36	3.75232e-37	1.71875e-38	7.3911e-40	2.98863e-41	1.13801e-42	4.08641e-44	1.38557e-45	4.44171e-47	1.34777e-48	3.87533e-50	1.05702e-51	2.73765e-53	6.73899e-55	1.57806e-56	3.51827e-58	7.47411e-60	1.51406e-61	2.92679e-63	5.40255e-65	9.52897e-67	1.60693e-68	2.59241e-70	4.00317e-72	5.91998e-74	8.38818e-76	1.13932e-77	1.48405e-79	1.85459e-81	2.22443e-83	2.56164e-85	2.83333e-87	3.01088e-89	3.07496e-91	3.01896e-93	2.85011e-95	2.58796e-97	2.2607e-99	1.90024e-101	1.53721e-103	1.20597e-105	1.20597e-105	
7.17729e-28	6.16473e-29	4.87724e-30	3.56396e-31	2.41161e-32	1.51476e-33	8.85171e-35	4.82255e-36	2.45447e-37	1.16918e-38	5.22173e-40	2.19014e-41	8.64034e-43	3.21091e-44	1.12554e-45	3.72649e-47	1.16674e-48	3.45854e-50	9.7169e-52	2.59019e-53	6.55735e-55	1.57806e-56	3.61323e-58	7.87784e-60	1.63682e-61	3.24337e-63	6.13346e-65	1.10768e-66	1.91162e-68	3.15446e-70	4.98002e-72	7.52584e-74	1.08922e-75	1.51051e-77	2.00805e-79	2.56009e-81	3.13141e-83	3.67615e-85	4.14355e-87	4.48562e-89	4.6653e-91	4.66306e-93	4.48038e-95	4.13925e-97	3.67784e-99	3.14357e-101	2.58522e-103	2.04594e-105	1.56984e-107	1.56984e-107	
2.70241e-29	2.25588e-30	1.73536e-31	1.23356e-32	8.12332e-34	4.96769e-35	2.82745e-36	1.50095e-37	7.44607e-39	3.45845e-40	1.50655e-41	6.16512e-43	2.37371e-44	8.61129e-46	2.94752e-47	9.5313e-49	2.91529e-50	8.44389e-52	2.31849e-53	6.04108e-55	1.49517e-56	3.51827e-58	7.87784e-60	1.67989e-61	3.41418e-63	6.61825e-65	1.22448e-66	2.16372e-68	3.65391e-70	5.90039e-72	9.11613e-74	1.34827e-75	1.90984e-77	2.59224e-79	3.37291e-81	4.20889e-83	5.03888e-85	5.78984e-87	6.38729e-89	6.76745e-91	6.88851e-93	6.73815e-95	6.33557e-97	5.72751e-99	4.97944e-101	4.16408e-103	3.35013e-105	2.59349e-107	1.94605e-109	1.94605e-109	
9.62975e-31	7.81701e-32	5.85011e-33	4.0473e-34	2.59507e-35	1.54578e-36	8.57291e-38	4.43603e-39	2.14583e-40	9.7214e-42	4.13181e-43	1.65019e-44	6.20252e-46	2.19719e-47	7.34542e-49	2.32043e-50	6.93497e-52	1.96307e-53	5.26872e-55	1.34213e-56	3.24798e-58	7.47411e-60	1.63682e-61	3.41418e-63	6.78816e-65	1.28739e-66	2.33054e-68	4.02972e-70	6.65933e-72	1.05239e-73	1.59129e-75	2.30342e-77	3.19347e-79	4.24246e-81	5.40292e-83	6.5989e-85	7.73242e-87	8.69596e-89	9.38912e-91	9.73589e-93	9.69837e-95	9.28354e-97	8.54143e-99	7.55532e-101	6.42649e-103	5.2575e-105	4.13759e-107	3.1329e-109	2.29866e-111	2.29866e-111	
3.2515e-32	2.56805e-33	1.87066e-34	1.26019e-35	7.87087e-37	4.56859e-38	2.46986e-39	1.24622e-40	5.88011e-42	2.59919e-43	1.07818e-44	4.20377e-46	1.5429e-47	5.3383e-49	1.74346e-50	5.38164e-52	1.57189e-53	4.34933e-55	1.14123e-56	2.84254e-58	6.7272e-60	1.51406e-61	3.24337e-63	6.61825e-65	1.28739e-66	2.38894e-68	4.23177e-70	7.16042e-72	1.15802e-73	1.79103e-75	2.65053e-77	3.75514e-79	5.09556e-81	6.62564e-83	8.25883e-85	9.87274e-87	1.13227e-88	1.24626e-90	1.31691e-92	1.33638e-94	1.30272e-96	1.22021e-98	1.09848e-100	9.50651e-103	7.91059e-105	6.33049e-107	4.87283e-109	3.60832e-111	2.58841e-113	2.58841e-113	
1.04149e-33	8.00734e-35	5.68008e-36	3.72757e-37	2.26881e-38	1.28377e-39	6.76781e-41	3.33099e-42	1.53354e-43	6.61604e-45	2.67926e-46	1.02008e-47	3.65683e-49	1.23604e-50	3.94455e-52	1.18996e-53	3.39745e-55	9.19042e-57	2.35795e-58	5.7435e-60	1.32944e-61	2.92679e-63	6.13346e-65	1.22448e-66	2.33054e-68	4.23177e-70	7.33563e-72	1.21472e-73	1.92262e-75	2.9103e-77	4.21537e-79	5.84528e-81	7.76338e-83	9.88021e-85	1.2054e-86	1.41032e-88	1.58302e-90	1.70524e-92	1.76341e-94	1.75115e-96	1.67038e-98	1.53088e-100	1.34835e-102	1.14155e-104	9.29188e-107	7.27289e-109	5.47487e-111	3.96429e-113	2.77994e-115	2.77994e-115	
3.16816e-35	2.37221e-36	1.6394e-37	1.0485e-38	6.22146e-40	3.43298e-41	1.76544e-42	8.47854e-44	3.80983e-45	1.60465e-46	6.34565e-48	2.35979e-49	8.26444e-51	2.72961e-52	8.5134e-54	2.51047e-55	7.00743e-57	1.85349e-58	4.6505e-60	1.10792e-61	2.50851e-63	5.40255e-65	1.10768e-66	2.16372e-68	4.02972e-70	7.16042e-72	1.21472e-73	1.96859e-75	3.04951e-77	4.51795e-79	6.40494e-81	8.69288e-83	1.13003e-84	1.4076e-86	1.68078e-88	1.92465e-90	2.11426e-92	2.22883e-94	2.2555e-96	2.19171e-98	2.04556e-100	1.83417e-102	1.5804e-104	1.30882e-106	1.04199e-108	7.97606e-111	5.87113e-113	4.15642e-115	2.84882e-117	2.84882e-117	
9.16182e-37	6.68394e-38	4.50201e-39	2.80718e-40	1.62445e-41	8.74427e-43	4.38797e-44	2.05687e-45	9.0235e-47	3.7114e-48	1.43357e-49	5.20825e-51	1.78236e-52	5.75342e-54	1.75407e-55	5.05693e-57	1.38021e-58	3.57017e-60	8.76123e-62	2.04169e-63	4.5223e-65	9.52897e-67	1.91162e-68	3.65391e-70	6.65933e-72	1.15802e-73	1.92262e-75	3.04951e-77	4.62353e-79	6.70441e-81	9.30278e-83	1.23578e-84	1.57231e-86	1.91688e-88	2.24017e-90	2.51051e-92	2.69891e-94	2.78421e-96	2.757e-98	2.62128e-100	2.39356e-102	2.0996e-104	1.76963e-106	1.4334e-108	1.11602e-110	8.35341e-113	6.01177e-115	4.16045e-117	2.78672e-119	2.78672e-119	
2.52119e-38	1.79282e-39	1.17739e-40	7.16014e-42	4.04219e-43	2.12329e-44	1.04002e-45	4.7597e-47	2.03913e-48	8.19224e-50	3.09148e-51	1.09751e-52	3.67082e-54	1.15829e-55	3.45247e-57	9.73254e-59	2.59776e-60	6.57224e-62	1.57764e-63	3.59664e-65	7.79419e-67	1.60693e-68	3.15446e-70	5.90039e-72	1.05239e-73	1.79103e-75	2.9103e-77	4.51795e-79	6.70441e-81	9.51538e-83	1.29228e-84	1.68019e-86	2.09229e-88	2.4965e-90	2.85533e-92	3.13153e-94	3.29441e-96	3.32552e-98	3.22204e-100	2.99715e-102	2.67734e-104	2.29728e-106	1.89379e-108	1.50017e-110	1.14211e-112	8.35802e-115	5.88006e-117	3.97732e-119	2.60301e-121	2.60301e-121	
6.60811e-40	4.58199e-41	2.93498e-42	1.74136e-43	9.59359e-45	4.91905e-46	2.35246e-47	1.05141e-48	4.39989e-50	1.727e-51	6.36845e-53	2.20969e-54	7.22459e-56	2.22877e-57	6.49588e-59	1.79082e-60	4.67517e-62	1.157e-63	2.71703e-65	6.06024e-67	1.285e-68	2.59241e-70	4.98002e-72	9.11613e-74	1.59129e-75	2.65053e-77	4.21537e-79	6.40494e-81	9.30278e-83	1.29228e-84	1.71775e-86	2.18589e-88	2.66407e-90	3.11096e-92	3.48207e-94	3.73707e-96	3.84698e-98	3.7996e-100	3.60172e-102	3.27756e-104	2.86394e-106	2.40351e-108	1.93769e-110	1.50091e-112	1.11719e-114	7.99212e-117	5.49553e-119	3.63256e-121	2.32248e-123	2.32248e-123	
1.65112e-41	1.11675e-42	6.97939e-44	4.04131e-45	2.1734e-46	1.0881e-47	5.08198e-49	2.2187e-50	9.07136e-52	3.47943e-53	1.25404e-54	4.25349e-56	1.35966e-57	4.10153e-59	1.16907e-60	3.15233e-62	8.0501e-64	1.94897e-65	4.4779e-67	9.77267e-69	2.0277e-70	4.00317e-72	7.52584e-74	1.34827e-75	2.30342e-77	3.75514e-79	5.84528e-81	8.69288e-83	1.23578e-84	1.68019e-86	2.18589e-88	2.72237e-90	3.24716e-92	3.71082e-94	4.06451e-96	4.26844e-98	4.29926e-100	4.15445e-102	3.85254e-104	3.4293e-106	2.93082e-108	2.40542e-110	1.89624e-112	1.43604e-114	1.04491e-116	7.306e-119	4.90933e-121	3.17059e-123	1.97992e-125	1.97992e-125	
3.93611e-43	2.5977e-44	1.58453e-45	8.9568e-47	4.70346e-48	2.29978e-49	1.04925e-50	4.4757e-52	1.78826e-53	6.70405e-55	2.36202e-56	7.83296e-58	2.44838e-59	7.22309e-61	2.01372e-62	5.31149e-64	1.32696e-65	3.1432e-67	7.06621e-69	1.50904e-70	3.06404e-72	5.91998e-74	1.08922e-75	1.90984e-77	3.19347e-79	5.09556e-81	7.76338e-83	1.13003e-84	1.57231e-86	2.09229e-88	2.66407e-90	3.24716e-92	3.79034e-94	4.23876e-96	4.54301e-98	4.6681e-100	4.60008e-102	4.34857e-104	3.94455e-106	3.43421e-108	2.87032e-110	2.30353e-112	1.77541e-114	1.31434e-116	9.34735e-119	6.38683e-121	4.19316e-123	2.6454e-125	1.61316e-127	1.61316e-127	
8.95957e-45	5.77149e-46	3.43696e-47	1.89713e-48	9.73016e-50	4.64765e-51	2.07184e-52	8.63662e-54	3.37283e-55	1.23609e-56	4.25808e-58	1.3808e-59	4.22103e-61	1.218e-62	3.32164e-64	8.57129e-66	2.09508e-67	4.85583e-69	1.06821e-70	2.23242e-72	4.43604e-74	8.38818e-76	1.51051e-77	2.59224e-79	4.24246e-81	6.62564e-83	9.88021e-85	1.4076e-86	1.91688e-88	2.4965e-90	3.11096e-92	3.71082e-94	4.23876e-96	4.63838e-98	4.86414e-100	4.88994e-102	4.714e-104	4.35901e-106	3.86732e-108	3.29274e-110	2.69106e-112	2.11149e-114	1.59085e-116	1.15109e-118	7.99984e-121	5.34063e-123	3.42514e-125	2.11042e-127	1.25644e-129	1.25644e-129	
1.94878e-46	1.22566e-47	7.12768e-49	3.84283e-50	1.92548e-51	8.9866e-53	3.91506e-54	1.59521e-55	6.09015e-57	2.18227e-58	7.35114e-60	2.33137e-61	6.97088e-63	1.96767e-64	5.24974e-66	1.3254e-67	3.16995e-69	7.18947e-71	1.54774e-72	3.16553e-74	6.15621e-76	1.13932e-77	2.00805e-79	3.37291e-81	5.40292e-83	8.25883e-85	1.2054e-86	1.68078e-88	2.24017e-90	2.85533e-92	3.48207e-94	4.06451e-96	4.54301e-98	4.86414e-100	4.99054e-102	4.90801e-104	4.62817e-106	4.18578e-108	3.63176e-110	3.02361e-112	2.41598e-114	1.85309e-116	1.3646e-118	9.64889e-121	6.55184e-123	4.27271e-125	2.67627e-127	1.61014e-129	9.35665e-132	9.35665e-132	
4.05323e-48	2.4896e-49	1.41421e-50	7.44906e-52	3.64712e-53	1.66357e-54	7.08418e-56	2.82189e-57	1.05338e-58	3.69111e-60	1.21604e-61	3.77225e-63	1.10336e-64	3.04695e-66	7.95376e-68	1.96488e-69	4.59861e-71	1.02066e-72	2.15036e-74	4.30437e-76	8.19295e-78	1.48405e-79	2.56009e-81	4.20889e-83	6.5989e-85	9.87274e-87	1.41032e-88	1.92465e-90	2.51051e-92	3.13153e-94	3.73707e-96	4.26844e-98	4.6681e-100	4.88994e-102	4.90801e-104	4.7215e-106	4.35466e-108	3.85159e-110	3.2677e-112	2.65983e-114	2.07758e-116	1.5575e-118	1.1208e-120	7.74308e-123	5.13604e-125	3.27121e-127	2.00068e-129	1.17504e-131	6.66331e-134	6.66331e-134	
8.06671e-50	4.84015e-51	2.68628e-52	1.38267e-53	6.61636e-55	2.95006e-56	1.22818e-57	4.78362e-59	1.74623e-60	5.98449e-62	1.92851e-63	5.85223e-65	1.67466e-66	4.52481e-68	1.15575e-69	2.79394e-71	6.39912e-73	1.38998e-74	2.8661e-76	5.61506e-78	1.04607e-79	1.85459e-81	3.13141e-83	5.03888e-85	7.73242e-87	1.13227e-88	1.58302e-90	2.11426e-92	2.69891e-94	3.29441e-96	3.84698e-98	4.29926e-100	4.60008e-102	4.714e-104	4.62817e-106	4.35466e-108	3.92777e-110	3.39699e-112	2.81772e-114	2.24205e-116	1.71165e-118	1.25394e-120	8.81641e-123	5.94985e-125	3.85442e-127	2.39708e-129	1.43118e-131	8.20366e-134	4.53846e-136	4.53846e-136	
1.53719e-51	9.01206e-53	4.88788e-54	2.45901e-55	1.15026e-56	5.01424e-58	2.04123e-59	7.77497e-61	2.77591e-62	9.30557e-64	2.93353e-65	8.70936e-67	2.4385e-68	6.44701e-70	1.61145e-71	3.81227e-73	8.54523e-75	1.81663e-76	3.66621e-78	7.03003e-80	1.28188e-81	2.22443e-83	3.67615e-85	5.78984e-87	8.69596e-89	1.24626e-90	1.70524e-92	2.22883e-94	2.78421e-96	3.32552e-98	3.7996e-100	4.15445e-102	4.34857e-104	4.35901e-106	4.18578e-108	3.85159e-110	3.39699e-112	2.87239e-114	2.32907e-116	1.81133e-118	1.35133e-120	9.67243e-123	6.6432e-125	4.37855e-127	2.76966e-129	1.68148e-131	9.79808e-134	5.47994e-136	2.95681e-138	2.95681e-138	
2.80645e-53	1.60799e-54	8.52462e-56	4.19246e-57	1.91743e-58	8.17333e-60	3.25394e-61	1.21224e-62	4.23365e-64	1.3884e-65	4.28217e-67	1.24393e-68	3.40801e-70	8.81724e-72	2.1568e-73	4.99366e-75	1.09551e-76	2.27944e-78	4.50256e-80	8.45055e-82	1.50821e-83	2.56164e-85	4.14355e-87	6.38729e-89	9.38912e-91	1.31691e-92	1.76341e-94	2.2555e-96	2.757e-98	3.22204e-100	3.60172e-102	3.85254e-104	3.94455e-106	3.86732e-108	3.63176e-110	3.2677e-112	2.81772e-114	2.32907e-116	1.84582e-118	1.4028e-120	1.02252e-122	7.14949e-125	4.79574e-127	3.08639e-129	1.90586e-131	1.12925e-133	6.42039e-136	3.50267e-138	1.84275e-140	1.84275e-140	
4.91177e-55	2.75097e-56	1.42578e-57	6.85613e-59	3.06631e-60	1.2783e-61	4.97769e-63	1.814e-64	6.19775e-66	1.98858e-67	6.00116e-69	1.70585e-70	4.57349e-72	1.15799e-73	2.77221e-75	6.28198e-77	1.34886e-78	2.74702e-80	5.31104e-82	9.75651e-84	1.70434e-85	2.83333e-87	4.48562e-89	6.76745e-91	9.73589e-93	1.33638e-94	1.75115e-96	2.19171e-98	2.62128e-100	2.99715e-102	3.27756e-104	3.4293e-106	3.43421e-108	3.29274e-110	3.02361e-112	2.65983e-114	2.24205e-116	1.81133e-118	1.4028e-120	1.04163e-122	7.41683e-125	5.06478e-127	3.31729e-129	2.08411e-131	1.25602e-133	7.26137e-136	4.02709e-138	2.14243e-140	1.09865e-142	1.09865e-142	
8.24536e-57	4.51501e-58	2.28813e-59	1.076e-60	4.70653e-62	1.91918e-63	7.31059e-65	2.60641e-66	8.7128e-68	2.73538e-69	8.07775e-71	2.247e-72	5.89576e-74	1.46098e-75	3.4232e-77	7.59241e-79	1.59564e-80	3.18068e-82	6.01908e-84	1.08227e-85	1.85046e-87	3.01088e-89	4.6653e-91	6.88851e-93	9.69837e-95	1.30272e-96	1.67038e-98	2.04556e-100	2.39356e-102	2.67734e-104	2.86394e-106	2.93082e-108	2.87032e-110	2.69106e-112	2.41598e-114	2.07758e-116	1.71165e-118	1.35133e-120	1.02252e-122	7.41683e-125	5.15775e-127	3.4391e-129	2.19893e-131	1.34829e-133	7.92829e-136	4.471e-138	2.41799e-140	1.25404e-142	6.26632e-145	6.26632e-145	
1.32831e-58	7.11259e-60	3.52512e-61	1.62135e-62	6.93711e-64	2.76725e-65	1.03128e-66	3.59745e-68	1.17671e-69	3.61508e-71	1.04473e-72	2.84416e-74	7.30372e-76	1.77141e-77	4.06245e-79	8.81908e-81	1.81415e-82	3.53958e-84	6.55621e-86	1.15383e-87	1.93092e-89	3.07496e-91	4.66306e-93	6.73815e-95	9.28354e-97	1.22021e-98	1.53088e-100	1.83417e-102	2.0996e-104	2.29728e-106	2.40351e-108	2.40542e-110	2.30353e-112	2.11149e-114	1.85309e-116	1.5575e-118	1.25394e-120	9.67243e-123	7.14949e-125	5.06478e-127	3.4391e-129	2.23858e-131	1.39692e-133	8.35732e-136	4.79364e-138	2.63613e-140	1.38982e-142	7.0245e-145	3.41914e-147	3.41914e-147	
2.05459e-60	1.07598e-61	5.21602e-63	2.34678e-64	9.823e-66	3.83371e-67	1.39794e-68	4.77171e-70	1.52738e-71	4.59215e-73	1.29881e-74	3.46062e-76	8.698e-78	2.06481e-79	4.6349e-81	9.84858e-83	1.98299e-84	3.78699e-86	6.86567e-88	1.18263e-89	1.93703e-91	3.01896e-93	4.48038e-95	6.33557e-97	8.54143e-99	1.09848e-100	1.34835e-102	1.5804e-104	1.76963e-106	1.89379e-108	1.93769e-110	1.89624e-112	1.77541e-114	1.59085e-116	1.3646e-118	1.1208e-120	8.81641e-123	6.6432e-125	4.79574e-127	3.31729e-129	2.19893e-131	1.39692e-133	8.5054e-136	4.96354e-138	2.77629e-140	1.48836e-142	7.64718e-145	3.7654e-147	1.78466e-149	1.78466e-149	
3.05276e-62	1.56381e-63	7.41603e-65	3.2643e-66	1.33685e-67	5.10516e-69	1.82162e-70	6.08488e-72	1.90613e-73	5.60883e-75	1.55263e-76	4.04909e-78	9.96124e-80	2.31458e-81	5.0855e-83	1.05771e-84	2.08454e-86	3.89651e-88	6.91425e-90	1.16568e-91	1.86858e-93	2.85011e-95	4.13925e-97	5.72751e-99	7.55532e-101	9.50651e-103	1.14155e-104	1.30882e-106	1.4334e-108	1.50017e-110	1.50091e-112	1.43604e-114	1.31434e-116	1.15109e-118	9.64889e-121	7.74308e-123	5.94985e-125	4.37855e-127	3.08639e-129	2.08411e-131	1.34829e-133	8.35732e-136	4.96354e-138	2.82464e-140	1.54021e-142	8.04682e-145	4.02781e-147	1.93141e-149	8.91033e-152	8.91033e-152	
4.3591e-64	2.18454e-65	1.01357e-66	4.36527e-68	1.74932e-69	6.53716e-71	2.28274e-72	7.46258e-74	2.28796e-75	6.58934e-77	1.78536e-78	4.55732e-80	1.09741e-81	2.49593e-83	5.36783e-85	1.09278e-86	2.108e-88	3.85673e-90	6.69818e-92	1.1052e-93	1.73382e-95	2.58796e-97	3.67784e-99	4.97944e-101	6.42649e-103	7.91059e-105	9.29188e-107	1.04199e-108	1.11602e-110	1.14211e-112	1.11719e-114	1.04491e-116	9.34735e-119	7.99984e-121	6.55184e-123	5.13604e-125	3.85442e-127	2.76966e-129	1.90586e-131	1.25602e-133	7.92829e-136	4.79364e-138	2.77629e-140	1.54021e-142	8.1846e-145	4.16576e-147	2.03064e-149	9.47912e-152	4.2549e-154	4.2549e-154	
5.98443e-66	2.93437e-67	1.33219e-68	5.61442e-70	2.20176e-71	8.05231e-73	2.75193e-74	8.80518e-76	2.64229e-77	7.44848e-79	1.97539e-80	4.93568e-82	1.16336e-83	2.58993e-85	5.45205e-87	1.08641e-88	2.05124e-90	3.67313e-92	6.24349e-94	1.00819e-95	1.54779e-97	2.2607e-99	3.14357e-101	4.16408e-103	5.2575e-105	6.33049e-107	7.27289e-109	7.97606e-111	8.35341e-113	8.35802e-115	7.99212e-117	7.306e-119	6.38683e-121	5.34063e-123	4.27271e-125	3.27121e-127	2.39708e-129	1.68148e-131	1.12925e-133	7.26137e-136	4.471e-138	2.63613e-140	1.48836e-142	8.04682e-145	4.16576e-147	2.06484e-149	9.79839e-152	4.45085e-154	1.94304e-156	1.94304e-156	
7.90223e-68	3.79158e-69	1.6845e-70	6.9476e-72	2.66652e-73	9.54458e-75	3.19266e-76	9.99873e-78	2.9369e-79	8.10376e-81	2.10372e-82	5.14513e-84	1.18708e-85	2.5868e-87	5.3301e-89	1.03958e-90	1.92113e-92	3.36691e-94	5.6009e-96	8.85079e-98	1.32963e-99	1.90024e-101	2.58522e-103	3.35013e-105	4.13759e-107	4.87283e-109	5.47487e-111	5.87113e-113	6.01177e-115	5.88006e-117	5.49553e-119	4.90933e-121	4.19316e-123	3.42514e-125	2.67627e-127	2.00068e-129	1.43118e-131	9.79808e-134	6.42039e-136	4.02709e-138	2.41799e-140	1.38982e-142	7.64718e-145	4.02781e-147	2.03064e-149	9.79839e-152	4.52457e-154	1.9991e-156	8.48389e-159	8.48389e-159	
1.00402e-69	4.71452e-71	2.0499e-72	8.27475e-74	3.10843e-75	1.08904e-76	3.56568e-78	1.09307e-79	3.14274e-81	8.48844e-83	2.157e-84	5.16393e-86	1.16621e-87	2.48752e-89	5.01688e-91	9.57711e-93	1.73218e-94	2.97102e-96	4.83662e-98	7.47908e-100	1.09937e-101	1.53721e-103	2.04594e-105	2.59349e-107	3.1329e-109	3.60832e-111	3.96429e-113	4.15642e-115	4.16045e-117	3.97732e-119	3.63256e-121	3.17059e-123	2.6454e-125	2.11042e-127	1.61014e-129	1.17504e-131	8.20366e-134	5.47994e-136	3.50267e-138	2.14243e-140	1.25404e-142	7.0245e-145	3.7654e-147	1.93141e-149	9.47912e-152	4.45085e-154	1.9991e-156	8.58744e-159	3.54112e-161	3.54112e-161	
1.24236e-71	5.70819e-73	2.42866e-74	9.59355e-76	3.52671e-77	1.20918e-78	3.87448e-80	1.16239e-81	3.27079e-83	8.64592e-85	2.15017e-86	5.03774e-88	1.11342e-89	2.32415e-91	4.58703e-93	8.56869e-95	1.51647e-96	2.54498e-98	4.05349e-100	6.13213e-102	8.81757e-104	1.20597e-105	1.56984e-107	1.94605e-109	2.29866e-111	2.58841e-113	2.77994e-115	2.84882e-117	2.78672e-119	2.60301e-121	2.32248e-123	1.97992e-125	1.61316e-127	1.25644e-129	9.35665e-132	6.66331e-134	4.53846e-136	2.95681e-138	1.84275e-140	1.09865e-142	6.26632e-145	3.41914e-147	1.78466e-149	8.91033e-152	4.2549e-154	1.94304e-156	8.48389e-159	3.54112e-161	1.41797e-163	1.41797e-163	
1.24236e-71	5.70819e-73	2.42866e-74	9.59355e-76	3.52671e-77	1.20918e-78	3.87448e-80	1.16239e-81	3.27079e-83	8.64592e-85	2.15017e-86	5.03774e-88	1.11342e-89	2.32415e-91	4.58703e-93	8.56869e-95	1.51647e-96	2.54498e-98	4.05349e-100	6.13213e-102	8.81757e-104	1.20597e-105	1.56984e-107	1.94605e-109	2.29866e-111	2.58841e-113	2.77994e-115	2.84882e-117	2.78672e-119	2.60301e-121	2.32248e-123	1.97992e-125	1.61316e-127	1.25644e-129	9.35665e-132	6.66331e-134	4.53846e-136	2.95681e-138	1.84275e-140	1.09865e-142	6.26632e-145	3.41914e-147	1.78466e-149	8.91033e-152	4.2549e-154	1.94304e-156	8.48389e-159	3.54112e-161	1.41797e-163	1.41797e-163	
