0.339092	0.339092	1.08552	1.09847	1.22442	0.595425	
0.339092	0.339092	1.08552	1.09847	1.22442	0.595425	
1.08552	1.08552	1.01879	-1.50318	0.178712	1.03713	
1.09847	1.09847	-1.50318	-0.717488	-1.6332	0.0729037	
1.22442	1.22442	0.178712	-1.6332	-0.692043	0.984883	
0.595425	0.595425	1.03713	0.0729037	0.984883	0.755244	
