0.967837	0.520192	-0.231089	0.577565	0.519046	0.519046	
0.520192	0.0902692	-0.154611	0.592638	-0.321675	-0.321675	
-0.231089	-0.154611	0.404961	0.121178	0.957997	0.957997	
0.577565	0.592638	0.121178	0.414913	-0.073843	-0.073843	
0.519046	-0.321675	0.957997	-0.073843	1.47704	1.47704	
0.519046	-0.321675	0.957997	-0.073843	1.47704	1.47704	
