-0.122904	-0.122904	-0.146878	-0.168069	-0.160528	-0.138635	-0.123348	-0.132221	-0.153204	-0.164	-0.147475	-0.0995572	-0.0395915	0.0225452	0.0918491	0.18084	0.28572	0.39163	0.505061	0.637367	0.762228	0.821116	0.753858	0.551488	0.226447	-0.178007	-0.602007	-0.979358	-1.25798	-1.40784	-1.41359	-1.27254	-0.992893	-0.588834	-0.102097	0.398594	0.860698	1.22569	1.45664	1.55281	1.55854	1.52211	1.45804	1.37422	1.27693	1.14027	0.968157	0.774018	0.561618	0.340919	
-0.122904	-0.122904	-0.146878	-0.168069	-0.160528	-0.138635	-0.123348	-0.132221	-0.153204	-0.164	-0.147475	-0.0995572	-0.0395915	0.0225452	0.0918491	0.18084	0.28572	0.39163	0.505061	0.637367	0.762228	0.821116	0.753858	0.551488	0.226447	-0.178007	-0.602007	-0.979358	-1.25798	-1.40784	-1.41359	-1.27254	-0.992893	-0.588834	-0.102097	0.398594	0.860698	1.22569	1.45664	1.55281	1.55854	1.52211	1.45804	1.37422	1.27693	1.14027	0.968157	0.774018	0.561618	0.340919	
-0.146878	-0.146878	-0.169991	-0.188965	-0.180553	-0.156429	-0.139252	-0.144922	-0.161623	-0.168944	-0.147773	-0.0971831	-0.0333521	0.0320213	0.104286	0.195422	0.301393	0.407828	0.521671	0.651664	0.773506	0.828314	0.756887	0.551725	0.223515	-0.182201	-0.60618	-0.982785	-1.25864	-1.40444	-1.40453	-1.25643	-0.968925	-0.558438	-0.066559	0.436832	0.897383	1.25652	1.47771	1.55877	1.5458	1.48877	1.40289	1.30174	1.19254	1.05151	0.882717	0.701471	0.506217	0.307108	
-0.168069	-0.168069	-0.188965	-0.206513	-0.195847	-0.171368	-0.15207	-0.154378	-0.167702	-0.16968	-0.146635	-0.0926683	-0.0277607	0.040162	0.114097	0.205454	0.310731	0.417594	0.530199	0.65888	0.7763	0.826677	0.753781	0.545667	0.218504	-0.186283	-0.607903	-0.980101	-1.2518	-1.3912	-1.38289	-1.22541	-0.928527	-0.509986	-0.0150118	0.487565	0.940935	1.28639	1.48695	1.54433	1.5024	1.41157	1.29652	1.16943	1.04162	0.895945	0.737421	0.574138	0.410957	0.248656	
-0.160528	-0.160528	-0.180553	-0.195847	-0.187697	-0.164521	-0.148203	-0.151524	-0.163976	-0.167719	-0.144457	-0.0949825	-0.0315828	0.034453	0.107281	0.19695	0.300499	0.406602	0.521274	0.647769	0.763617	0.812175	0.739469	0.536135	0.213281	-0.183295	-0.59557	-0.959492	-1.22198	-1.35337	-1.33758	-1.17338	-0.871693	-0.453924	0.0356259	0.528013	0.964107	1.28661	1.46128	1.48782	1.41268	1.28939	1.14237	0.993889	0.854439	0.709927	0.563265	0.427279	0.295613	0.172738	
-0.138635	-0.138635	-0.156429	-0.171368	-0.164521	-0.145773	-0.133171	-0.13803	-0.152691	-0.156469	-0.138213	-0.0926023	-0.035165	0.0276316	0.0973713	0.183402	0.283102	0.389889	0.504646	0.632912	0.747303	0.796182	0.730199	0.532999	0.222628	-0.162053	-0.561535	-0.912501	-1.16598	-1.28898	-1.26668	-1.09908	-0.797666	-0.386713	0.08721	0.558443	0.965863	1.25596	1.39541	1.39052	1.28548	1.13189	0.96521	0.80375	0.65887	0.522775	0.398031	0.285937	0.190748	0.107135	
-0.123348	-0.123348	-0.139252	-0.15207	-0.148203	-0.133171	-0.124623	-0.131474	-0.145339	-0.15085	-0.133255	-0.0928169	-0.0377382	0.0233749	0.0932001	0.178106	0.277804	0.38576	0.505842	0.634224	0.74867	0.797585	0.735591	0.548034	0.247912	-0.122126	-0.506336	-0.844125	-1.08543	-1.20022	-1.17269	-1.00379	-0.707471	-0.310333	0.140618	0.582398	0.954451	1.20559	1.30865	1.27132	1.13777	0.962101	0.779523	0.614006	0.473311	0.351946	0.246888	0.164339	0.0980398	0.0491019	
-0.132221	-0.132221	-0.144922	-0.154378	-0.151524	-0.13803	-0.131474	-0.135416	-0.146414	-0.147401	-0.128801	-0.0884417	-0.0338445	0.0288583	0.100737	0.186951	0.28629	0.398415	0.521303	0.652106	0.76392	0.81146	0.754434	0.573374	0.285971	-0.0709914	-0.440603	-0.764318	-0.996669	-1.10375	-1.07345	-0.906913	-0.618387	-0.239801	0.18273	0.59142	0.923321	1.13608	1.20388	1.14027	0.987846	0.796478	0.607145	0.442086	0.306069	0.198117	0.115158	0.0541466	0.0174349	-0.000384084	
-0.153204	-0.153204	-0.161623	-0.167702	-0.163976	-0.152691	-0.145339	-0.146414	-0.151212	-0.147325	-0.12509	-0.084286	-0.028409	0.036391	0.112267	0.199596	0.300889	0.415326	0.543274	0.673915	0.783224	0.828024	0.774336	0.601917	0.326015	-0.0156939	-0.369913	-0.681074	-0.903635	-1.00778	-0.978832	-0.819752	-0.547297	-0.192735	0.196954	0.568003	0.863618	1.04161	1.08306	1.00526	0.845177	0.649446	0.461238	0.300579	0.169308	0.0712678	-0.000234684	-0.044224	-0.0631962	-0.0569059	
-0.164	-0.164	-0.168944	-0.16968	-0.167719	-0.156469	-0.15085	-0.147401	-0.147325	-0.13862	-0.113528	-0.0733965	-0.0175694	0.0483537	0.126259	0.214915	0.315897	0.433149	0.563896	0.695126	0.800033	0.842528	0.792329	0.629072	0.367329	0.0410074	-0.297183	-0.595034	-0.81262	-0.915489	-0.895192	-0.751872	-0.501356	-0.178763	0.172824	0.509097	0.769869	0.924598	0.953774	0.876024	0.722918	0.535789	0.353606	0.199511	0.0722517	-0.0204694	-0.0842504	-0.119944	-0.127747	-0.110163	
-0.147475	-0.147475	-0.147773	-0.146635	-0.144457	-0.138213	-0.133255	-0.128801	-0.12509	-0.113528	-0.0883174	-0.0504059	0.00310583	0.0675496	0.146731	0.234542	0.335175	0.453876	0.587229	0.718567	0.820345	0.860438	0.816163	0.664189	0.417929	0.108726	-0.214537	-0.503493	-0.718431	-0.829905	-0.824496	-0.703372	-0.482034	-0.192359	0.124727	0.427228	0.665706	0.806108	0.832764	0.766831	0.631553	0.457418	0.289301	0.14414	0.0198453	-0.0699816	-0.130449	-0.163205	-0.16969	-0.148855	
-0.0995572	-0.0995572	-0.0971831	-0.0926683	-0.0949825	-0.0926023	-0.0928169	-0.0884417	-0.084286	-0.0733965	-0.0504059	-0.0178788	0.0307848	0.0922142	0.170935	0.258422	0.359813	0.480369	0.61828	0.751131	0.850484	0.890883	0.851633	0.712588	0.48206	0.188356	-0.121618	-0.403289	-0.622031	-0.743568	-0.759603	-0.665638	-0.474927	-0.218888	0.0644273	0.343645	0.565264	0.702706	0.737725	0.689618	0.57264	0.415526	0.255126	0.115434	-0.00487103	-0.0898905	-0.146816	-0.175858	-0.18417	-0.171978	
-0.0395915	-0.0395915	-0.0333521	-0.0277607	-0.0315828	-0.035165	-0.0377382	-0.0338445	-0.028409	-0.0175694	0.00310583	0.0307848	0.0744858	0.131899	0.209368	0.296495	0.396826	0.519923	0.659793	0.794789	0.89293	0.933966	0.903305	0.778964	0.565893	0.288865	-0.0100434	-0.289211	-0.514609	-0.6544	-0.694852	-0.629716	-0.468895	-0.241175	0.0187628	0.27851	0.492228	0.628718	0.669965	0.635781	0.537026	0.39111	0.241756	0.109865	-0.00567632	-0.0878735	-0.140906	-0.170988	-0.186028	-0.183259	
0.0225452	0.0225452	0.0320213	0.040162	0.034453	0.0276316	0.0233749	0.0288583	0.036391	0.0483537	0.0675496	0.0922142	0.131899	0.18682	0.265393	0.353623	0.458241	0.583999	0.729881	0.867432	0.965452	1.00808	0.983291	0.871867	0.673234	0.407956	0.116854	-0.162909	-0.397543	-0.554116	-0.618145	-0.57901	-0.444472	-0.240991	-0.00309196	0.240722	0.445518	0.580024	0.626203	0.604236	0.518021	0.385049	0.24362	0.118151	0.00915552	-0.0665146	-0.117752	-0.148437	-0.172411	-0.185155	
0.0918491	0.0918491	0.104286	0.114097	0.107281	0.0973713	0.0932001	0.100737	0.112267	0.126259	0.146731	0.170935	0.209368	0.265393	0.346133	0.441033	0.550022	0.683043	0.833223	0.974946	1.07251	1.11582	1.09515	0.99354	0.804074	0.545893	0.254072	-0.0322567	-0.282389	-0.459468	-0.547326	-0.53207	-0.418391	-0.232548	-0.010132	0.221358	0.417031	0.546545	0.593752	0.57833	0.506436	0.388923	0.262184	0.148948	0.050216	-0.0232651	-0.0743406	-0.110955	-0.14448	-0.167322	
0.18084	0.18084	0.195422	0.205454	0.19695	0.183402	0.178106	0.186951	0.199596	0.214915	0.234542	0.258422	0.296495	0.353623	0.441033	0.544067	0.665479	0.80782	0.968327	1.11527	1.21512	1.25736	1.23682	1.13697	0.948054	0.684649	0.384148	0.0805447	-0.187008	-0.386975	-0.496169	-0.500785	-0.405045	-0.235229	-0.0253076	0.190924	0.379128	0.505696	0.557599	0.556732	0.506028	0.409804	0.300089	0.197713	0.10336	0.0302562	-0.0245069	-0.0650424	-0.104888	-0.134241	
0.28572	0.28572	0.301393	0.310731	0.300499	0.283102	0.277804	0.28629	0.300889	0.315897	0.335175	0.359813	0.396826	0.458241	0.550022	0.665479	0.79744	0.951379	1.11816	1.26904	1.36626	1.40375	1.37595	1.27078	1.0734	0.799531	0.48114	0.160691	-0.129181	-0.348938	-0.477796	-0.501567	-0.422522	-0.26623	-0.0721549	0.134659	0.316394	0.444572	0.511165	0.531724	0.508516	0.441169	0.350832	0.255438	0.163679	0.0836007	0.0223494	-0.0249865	-0.0668164	-0.0955865	
0.39163	0.39163	0.407828	0.417594	0.406602	0.389889	0.38576	0.398415	0.415326	0.433149	0.453876	0.480369	0.519923	0.583999	0.683043	0.80782	0.951379	1.11131	1.28037	1.42508	1.51268	1.53353	1.48799	1.36514	1.15087	0.858084	0.523949	0.184636	-0.116183	-0.349135	-0.489009	-0.524397	-0.458875	-0.318693	-0.135439	0.0576301	0.236539	0.37325	0.458739	0.50695	0.517369	0.478281	0.404649	0.31604	0.220522	0.133212	0.0652127	0.0147198	-0.0278603	-0.0553957	
0.505061	0.505061	0.521671	0.530199	0.521274	0.504646	0.505842	0.521303	0.543274	0.563896	0.587229	0.61828	0.659793	0.729881	0.833223	0.968327	1.11816	1.28037	1.44046	1.56908	1.63255	1.62379	1.54626	1.39295	1.15212	0.839408	0.487744	0.142255	-0.161905	-0.393899	-0.532175	-0.572091	-0.514824	-0.383313	-0.212401	-0.0243693	0.15632	0.302906	0.412222	0.486529	0.523157	0.507569	0.44831	0.361111	0.266407	0.177288	0.11088	0.0611253	0.0241619	0.0038298	
0.637367	0.637367	0.651664	0.65888	0.647769	0.632912	0.634224	0.652106	0.673915	0.695126	0.718567	0.751131	0.794789	0.867432	0.974946	1.11527	1.26904	1.42508	1.56908	1.66895	1.69848	1.64942	1.53091	1.34057	1.07204	0.739745	0.381249	0.0354062	-0.259755	-0.481639	-0.613347	-0.650853	-0.596368	-0.470357	-0.299184	-0.10819	0.080444	0.243852	0.372169	0.464667	0.518676	0.518395	0.467394	0.387061	0.296694	0.213643	0.154355	0.113899	0.0903126	0.0835719	
0.762228	0.762228	0.773506	0.7763	0.763617	0.747303	0.74867	0.76392	0.783224	0.800033	0.820345	0.850484	0.89293	0.965452	1.07251	1.21512	1.36626	1.51268	1.63255	1.69848	1.68918	1.59722	1.43886	1.2141	0.923304	0.582944	0.226076	-0.10708	-0.384644	-0.590996	-0.709872	-0.743539	-0.689698	-0.56388	-0.390128	-0.191676	0.00889815	0.185596	0.331683	0.43856	0.505939	0.517981	0.477421	0.402262	0.315887	0.238811	0.190467	0.163835	0.161286	0.181728	
0.821116	0.821116	0.828314	0.826677	0.812175	0.796182	0.797585	0.81146	0.828024	0.842528	0.860438	0.890883	0.933966	1.00808	1.11582	1.25736	1.40375	1.53353	1.62379	1.64942	1.59722	1.46427	1.27139	1.02201	0.724477	0.391337	0.0544111	-0.252018	-0.503434	-0.687181	-0.793478	-0.822477	-0.769241	-0.643876	-0.466966	-0.260197	-0.0523994	0.133865	0.290205	0.407335	0.485239	0.511798	0.485938	0.421237	0.341113	0.271185	0.229621	0.213028	0.231411	0.275447	
0.753858	0.753858	0.756887	0.753781	0.739469	0.730199	0.735591	0.754434	0.774336	0.792329	0.816163	0.851633	0.903305	0.983291	1.09515	1.23682	1.37595	1.48799	1.54626	1.53091	1.43886	1.27139	1.05398	0.793007	0.500267	0.187689	-0.118076	-0.389696	-0.606282	-0.761011	-0.846893	-0.862744	-0.803355	-0.676218	-0.497883	-0.291364	-0.08824	0.0958056	0.253719	0.377864	0.468854	0.514349	0.505433	0.454022	0.378285	0.311621	0.27541	0.269463	0.30159	0.359684	
0.551488	0.551488	0.551725	0.545667	0.536135	0.532999	0.548034	0.573374	0.601917	0.629072	0.664189	0.712588	0.778964	0.871867	0.99354	1.13697	1.27078	1.36514	1.39295	1.34057	1.2141	1.02201	0.793007	0.53237	0.257292	-0.0239067	-0.290108	-0.518125	-0.693515	-0.812713	-0.86969	-0.866542	-0.796921	-0.666414	-0.490505	-0.290249	-0.0949925	0.0799099	0.235191	0.363165	0.461095	0.51557	0.52068	0.478096	0.406979	0.349196	0.320422	0.318762	0.352743	0.407341	
0.226447	0.226447	0.223515	0.218504	0.213281	0.222628	0.247912	0.285971	0.326015	0.367329	0.417929	0.48206	0.565893	0.673234	0.804074	0.948054	1.0734	1.15087	1.15212	1.07204	0.923304	0.724477	0.500267	0.257292	0.0118403	-0.230014	-0.449421	-0.629323	-0.759245	-0.83422	-0.857916	-0.828956	-0.746101	-0.615012	-0.446302	-0.255176	-0.0749623	0.0907127	0.24045	0.368315	0.467381	0.526367	0.53551	0.497057	0.427921	0.370404	0.339723	0.333515	0.357841	0.393514	
-0.178007	-0.178007	-0.182201	-0.186283	-0.183295	-0.162053	-0.122126	-0.0709914	-0.0156939	0.0410074	0.108726	0.188356	0.288865	0.407956	0.545893	0.684649	0.799531	0.858084	0.839408	0.739745	0.582944	0.391337	0.187689	-0.0239067	-0.230014	-0.422405	-0.586101	-0.708726	-0.780309	-0.80515	-0.787999	-0.733919	-0.644362	-0.520797	-0.367385	-0.19456	-0.0267157	0.127948	0.271251	0.39752	0.492937	0.547485	0.556756	0.519191	0.444591	0.380542	0.334989	0.308848	0.303674	0.312453	
-0.602007	-0.602007	-0.60618	-0.607903	-0.59557	-0.561535	-0.506336	-0.440603	-0.369913	-0.297183	-0.214537	-0.121618	-0.0100434	0.116854	0.254072	0.384148	0.48114	0.523949	0.487744	0.381249	0.226076	0.0544111	-0.118076	-0.290108	-0.449421	-0.586101	-0.686668	-0.740817	-0.747519	-0.714264	-0.655782	-0.581055	-0.489744	-0.381805	-0.250241	-0.0973116	0.0535672	0.19347	0.325495	0.4416	0.530962	0.581097	0.593765	0.556766	0.477677	0.393726	0.31934	0.255617	0.214508	0.191017	
-0.979358	-0.979358	-0.982785	-0.980101	-0.959492	-0.912501	-0.844125	-0.764318	-0.681074	-0.595034	-0.503493	-0.403289	-0.289211	-0.162909	-0.0322567	0.0805447	0.160691	0.184636	0.142255	0.0354062	-0.10708	-0.252018	-0.389696	-0.518125	-0.629323	-0.708726	-0.740817	-0.724592	-0.662636	-0.573553	-0.479639	-0.389472	-0.304507	-0.214795	-0.107525	0.0222467	0.153614	0.274797	0.388172	0.494695	0.576733	0.627666	0.642926	0.606678	0.51654	0.408863	0.299688	0.202464	0.126061	0.0723071	
-1.25798	-1.25798	-1.25864	-1.2518	-1.22198	-1.16598	-1.08543	-0.996669	-0.903635	-0.81262	-0.718431	-0.622031	-0.514609	-0.397543	-0.282389	-0.187008	-0.129181	-0.116183	-0.161905	-0.259755	-0.384644	-0.503434	-0.606282	-0.693515	-0.759245	-0.780309	-0.747519	-0.662636	-0.538738	-0.406333	-0.287008	-0.194892	-0.121392	-0.0544028	0.0283537	0.132865	0.244914	0.345786	0.44549	0.541786	0.625035	0.675846	0.692394	0.652457	0.551139	0.418192	0.283983	0.159332	0.0555197	-0.0177747	
-1.40784	-1.40784	-1.40444	-1.3912	-1.35337	-1.28898	-1.20022	-1.10375	-1.00778	-0.915489	-0.829905	-0.743568	-0.6544	-0.554116	-0.459468	-0.386975	-0.348938	-0.349135	-0.393899	-0.481639	-0.590996	-0.687181	-0.761011	-0.812713	-0.83422	-0.80515	-0.714264	-0.573553	-0.406333	-0.246325	-0.119444	-0.0345836	0.021106	0.0647828	0.119768	0.198508	0.289746	0.375776	0.466975	0.565474	0.653479	0.709227	0.726627	0.680578	0.570981	0.423792	0.272898	0.131645	0.0167364	-0.0697592	
-1.41359	-1.41359	-1.40453	-1.38289	-1.33758	-1.26668	-1.17269	-1.07345	-0.978832	-0.895192	-0.824496	-0.759603	-0.694852	-0.618145	-0.547326	-0.496169	-0.477796	-0.489009	-0.532175	-0.613347	-0.709872	-0.793478	-0.846893	-0.86969	-0.857916	-0.787999	-0.655782	-0.479639	-0.287008	-0.119444	0.00286017	0.0718052	0.103771	0.119109	0.143382	0.194051	0.267978	0.348247	0.443131	0.548668	0.64626	0.708288	0.723496	0.679727	0.573632	0.423749	0.27042	0.126762	0.00511529	-0.082495	
-1.27254	-1.27254	-1.25643	-1.22541	-1.17338	-1.09908	-1.00379	-0.906913	-0.819752	-0.751872	-0.703372	-0.665638	-0.629716	-0.57901	-0.53207	-0.500785	-0.501567	-0.524397	-0.572091	-0.650853	-0.743539	-0.822477	-0.862744	-0.866542	-0.828956	-0.733919	-0.581055	-0.389472	-0.194892	-0.0345836	0.0718052	0.116047	0.119669	0.10301	0.0950382	0.121416	0.184384	0.266776	0.370442	0.484697	0.590808	0.658822	0.681801	0.649977	0.55921	0.424465	0.281903	0.142527	0.0300566	-0.0481137	
-0.992893	-0.992893	-0.968925	-0.928527	-0.871693	-0.797666	-0.707471	-0.618387	-0.547297	-0.501356	-0.482034	-0.474927	-0.468895	-0.444472	-0.418391	-0.405045	-0.422522	-0.458875	-0.514824	-0.596368	-0.689698	-0.769241	-0.803355	-0.796921	-0.746101	-0.644362	-0.489744	-0.304507	-0.121392	0.021106	0.103771	0.119669	0.0894421	0.0390589	0.00240109	0.00928974	0.0659679	0.153795	0.263973	0.382852	0.494719	0.573882	0.611572	0.601863	0.539063	0.42971	0.308147	0.188059	0.0945351	0.0287101	
-0.588834	-0.588834	-0.558438	-0.509986	-0.453924	-0.386713	-0.310333	-0.239801	-0.192735	-0.178763	-0.192359	-0.218888	-0.241175	-0.240991	-0.232548	-0.235229	-0.26623	-0.318693	-0.383313	-0.470357	-0.56388	-0.643876	-0.676218	-0.666414	-0.615012	-0.520797	-0.381805	-0.214795	-0.0544028	0.0647828	0.119109	0.10301	0.0390589	-0.039595	-0.0997471	-0.104211	-0.0550537	0.0323645	0.141568	0.259737	0.374271	0.468611	0.524188	0.542575	0.509933	0.438131	0.349144	0.258255	0.186484	0.13793	
-0.102097	-0.102097	-0.066559	-0.0150118	0.0356259	0.08721	0.140618	0.18273	0.196954	0.172824	0.124727	0.0644273	0.0187628	-0.00309196	-0.010132	-0.0253076	-0.0721549	-0.135439	-0.212401	-0.299184	-0.390128	-0.466966	-0.497883	-0.490505	-0.446302	-0.367385	-0.250241	-0.107525	0.0283537	0.119768	0.143382	0.0950382	0.00240109	-0.0997471	-0.17155	-0.188082	-0.148923	-0.0703592	0.030689	0.141338	0.259214	0.360545	0.434768	0.477528	0.47753	0.446053	0.394356	0.330971	0.281203	0.24946	
0.398594	0.398594	0.436832	0.487565	0.528013	0.558443	0.582398	0.59142	0.568003	0.509097	0.427228	0.343645	0.27851	0.240722	0.221358	0.190924	0.134659	0.0576301	-0.0243693	-0.10819	-0.191676	-0.260197	-0.291364	-0.290249	-0.255176	-0.19456	-0.0973116	0.0222467	0.132865	0.198508	0.194051	0.121416	0.00928974	-0.104211	-0.188082	-0.217849	-0.198593	-0.139	-0.0518235	0.0537355	0.166685	0.274427	0.361314	0.421267	0.447574	0.451215	0.426401	0.385454	0.355312	0.342507	
0.860698	0.860698	0.897383	0.940935	0.964107	0.965863	0.954451	0.923321	0.863618	0.769869	0.665706	0.565264	0.492228	0.445518	0.417031	0.379128	0.316394	0.236539	0.15632	0.080444	0.00889815	-0.0523994	-0.08824	-0.0949925	-0.0749623	-0.0267157	0.0535672	0.153614	0.244914	0.289746	0.267978	0.184384	0.0659679	-0.0550537	-0.148923	-0.198593	-0.204909	-0.168347	-0.0966813	-0.00484138	0.10111	0.205046	0.297294	0.371803	0.416437	0.438842	0.430248	0.403923	0.385085	0.395008	
1.22569	1.22569	1.25652	1.28639	1.28661	1.25596	1.20559	1.13608	1.04161	0.924598	0.806108	0.702706	0.628718	0.580024	0.546545	0.505696	0.444572	0.37325	0.302906	0.243852	0.185596	0.133865	0.0958056	0.0799099	0.0907127	0.127948	0.19347	0.274797	0.345786	0.375776	0.348247	0.266776	0.153795	0.0323645	-0.0703592	-0.139	-0.168347	-0.156956	-0.107406	-0.0323156	0.057688	0.149829	0.245391	0.321116	0.368685	0.396602	0.396641	0.378722	0.375354	0.399155	
1.45664	1.45664	1.47771	1.48695	1.46128	1.39541	1.30865	1.20388	1.08306	0.953774	0.832764	0.737725	0.669965	0.626203	0.593752	0.557599	0.511165	0.458739	0.412222	0.372169	0.331683	0.290205	0.253719	0.235191	0.24045	0.271251	0.325495	0.388172	0.44549	0.466975	0.443131	0.370442	0.263973	0.141568	0.030689	-0.0518235	-0.0966813	-0.107406	-0.0780549	-0.0227115	0.0480305	0.124877	0.207158	0.267928	0.304957	0.324133	0.327453	0.321722	0.323049	0.346501	
1.55281	1.55281	1.55877	1.54433	1.48782	1.39052	1.27132	1.14027	1.00526	0.876024	0.766831	0.689618	0.635781	0.604236	0.57833	0.556732	0.531724	0.50695	0.486529	0.464667	0.43856	0.407335	0.377864	0.363165	0.368315	0.39752	0.4416	0.494695	0.541786	0.565474	0.548668	0.484697	0.382852	0.259737	0.141338	0.0537355	-0.00484138	-0.0323156	-0.0227115	0.0171982	0.0731035	0.132108	0.190168	0.227834	0.243429	0.249804	0.256904	0.252915	0.248652	0.262284	
1.55854	1.55854	1.5458	1.5024	1.41268	1.28548	1.13777	0.987846	0.845177	0.722918	0.631553	0.57264	0.537026	0.518021	0.506436	0.506028	0.508516	0.517369	0.523157	0.518676	0.505939	0.485239	0.468854	0.461095	0.467381	0.492937	0.530962	0.576733	0.625035	0.653479	0.64626	0.590808	0.494719	0.374271	0.259214	0.166685	0.10111	0.057688	0.0480305	0.0731035	0.113438	0.148475	0.180703	0.198082	0.200448	0.199634	0.201783	0.188308	0.167834	0.16228	
1.52211	1.52211	1.48877	1.41157	1.28939	1.13189	0.962101	0.796478	0.649446	0.535789	0.457418	0.415526	0.39111	0.385049	0.388923	0.409804	0.441169	0.478281	0.507569	0.518395	0.517981	0.511798	0.514349	0.51557	0.526367	0.547485	0.581097	0.627666	0.675846	0.709227	0.708288	0.658822	0.573882	0.468611	0.360545	0.274427	0.205046	0.149829	0.124877	0.132108	0.148475	0.159096	0.164986	0.167909	0.164275	0.156867	0.151987	0.129923	0.0987666	0.0788138	
1.45804	1.45804	1.40289	1.29652	1.14237	0.96521	0.779523	0.607145	0.461238	0.353606	0.289301	0.255126	0.241756	0.24362	0.262184	0.300089	0.350832	0.404649	0.44831	0.467394	0.477421	0.485938	0.505433	0.52068	0.53551	0.556756	0.593765	0.642926	0.692394	0.726627	0.723496	0.681801	0.611572	0.524188	0.434768	0.361314	0.297294	0.245391	0.207158	0.190168	0.180703	0.164986	0.146958	0.143548	0.132417	0.118335	0.105225	0.0810597	0.046263	0.0188113	
1.37422	1.37422	1.30174	1.16943	0.993889	0.80375	0.614006	0.442086	0.300579	0.199511	0.14414	0.115434	0.109865	0.118151	0.148948	0.197713	0.255438	0.31604	0.361111	0.387061	0.402262	0.421237	0.454022	0.478096	0.497057	0.519191	0.556766	0.606678	0.652457	0.680578	0.679727	0.649977	0.601863	0.542575	0.477528	0.421267	0.371803	0.321116	0.267928	0.227834	0.198082	0.167909	0.143548	0.129958	0.104434	0.0786478	0.0563747	0.0324944	0.00661309	-0.0159617	
1.27693	1.27693	1.19254	1.04162	0.854439	0.65887	0.473311	0.306069	0.169308	0.0722517	0.0198453	-0.00487103	-0.00567632	0.00915552	0.050216	0.10336	0.163679	0.220522	0.266407	0.296694	0.315887	0.341113	0.378285	0.406979	0.427921	0.444591	0.477677	0.51654	0.551139	0.570981	0.573632	0.55921	0.539063	0.509933	0.47753	0.447574	0.416437	0.368685	0.304957	0.243429	0.200448	0.164275	0.132417	0.104434	0.0693083	0.0394077	0.0139755	-0.00229542	-0.0194378	-0.03777	
1.14027	1.14027	1.05151	0.895945	0.709927	0.522775	0.351946	0.198117	0.0712678	-0.0204694	-0.0699816	-0.0898905	-0.0878735	-0.0665146	-0.0232651	0.0302562	0.0836007	0.133212	0.177288	0.213643	0.238811	0.271185	0.311621	0.349196	0.370404	0.380542	0.393726	0.408863	0.418192	0.423792	0.423749	0.424465	0.42971	0.438131	0.446053	0.451215	0.438842	0.396602	0.324133	0.249804	0.199634	0.156867	0.118335	0.0786478	0.0394077	0.00860355	-0.0118286	-0.0214045	-0.0272015	-0.0320142	
0.968157	0.968157	0.882717	0.737421	0.563265	0.398031	0.246888	0.115158	-0.000234684	-0.0842504	-0.130449	-0.146816	-0.140906	-0.117752	-0.0743406	-0.0245069	0.0223494	0.0652127	0.11088	0.154355	0.190467	0.229621	0.27541	0.320422	0.339723	0.334989	0.31934	0.299688	0.283983	0.272898	0.27042	0.281903	0.308147	0.349144	0.394356	0.426401	0.430248	0.396641	0.327453	0.256904	0.201783	0.151987	0.105225	0.0563747	0.0139755	-0.0118286	-0.0248366	-0.0209477	-0.00647415	0.0072292	
0.774018	0.774018	0.701471	0.574138	0.427279	0.285937	0.164339	0.0541466	-0.044224	-0.119944	-0.163205	-0.175858	-0.170988	-0.148437	-0.110955	-0.0650424	-0.0249865	0.0147198	0.0611253	0.113899	0.163835	0.213028	0.269463	0.318762	0.333515	0.308848	0.255617	0.202464	0.159332	0.131645	0.126762	0.142527	0.188059	0.258255	0.330971	0.385454	0.403923	0.378722	0.321722	0.252915	0.188308	0.129923	0.0810597	0.0324944	-0.00229542	-0.0214045	-0.0209477	0.00155359	0.0350159	0.0712691	
0.561618	0.561618	0.506217	0.410957	0.295613	0.190748	0.0980398	0.0174349	-0.0631962	-0.127747	-0.16969	-0.18417	-0.186028	-0.172411	-0.14448	-0.104888	-0.0668164	-0.0278603	0.0241619	0.0903126	0.161286	0.231411	0.30159	0.352743	0.357841	0.303674	0.214508	0.126061	0.0555197	0.0167364	0.00511529	0.0300566	0.0945351	0.186484	0.281203	0.355312	0.385085	0.375354	0.323049	0.248652	0.167834	0.0987666	0.046263	0.00661309	-0.0194378	-0.0272015	-0.00647415	0.0350159	0.0884676	0.150796	
0.340919	0.340919	0.307108	0.248656	0.172738	0.107135	0.0491019	-0.000384084	-0.0569059	-0.110163	-0.148855	-0.171978	-0.183259	-0.185155	-0.167322	-0.134241	-0.0955865	-0.0553957	0.0038298	0.0835719	0.181728	0.275447	0.359684	0.407341	0.393514	0.312453	0.191017	0.0723071	-0.0177747	-0.0697592	-0.082495	-0.0481137	0.0287101	0.13793	0.24946	0.342507	0.395008	0.399155	0.346501	0.262284	0.16228	0.0788138	0.0188113	-0.0159617	-0.03777	-0.0320142	0.0072292	0.0712691	0.150796	0.252312	
