0.057881	0.00773393	-0.0209467	-0.0185798	0.00391088	0.0318544	0.0593248	0.0784198	0.104217	0.122123	0.127615	0.128371	0.115324	0.0951593	0.0805236	0.0658124	0.0351494	0.00384603	-0.00522559	0.021163	0.0674008	0.132587	0.202421	0.239151	0.23447	0.184338	0.0880419	-0.0485599	-0.204536	-0.353911	-0.474775	-0.554343	-0.57642	-0.53967	-0.456368	-0.333131	-0.196555	-0.0642775	0.0480668	0.125273	0.166888	0.181381	0.19435	0.216854	0.253171	0.310585	0.372448	0.425672	0.464152	0.464152	
0.00773393	-0.0343129	-0.0648788	-0.0751174	-0.0673154	-0.0507542	-0.0308261	-0.00584438	0.0310179	0.0688336	0.083371	0.0859851	0.0759187	0.0578485	0.0460564	0.0297588	-0.000875927	-0.0240076	-0.0183161	0.0158367	0.0776693	0.157995	0.232902	0.2819	0.2951	0.255743	0.167742	0.0329782	-0.134757	-0.298662	-0.434216	-0.525845	-0.554524	-0.522493	-0.447408	-0.34019	-0.220882	-0.103234	-0.014482	0.0456693	0.0870639	0.103988	0.125692	0.160904	0.221568	0.306827	0.390728	0.467618	0.511124	0.511124	
-0.0209467	-0.0648788	-0.0998884	-0.118939	-0.120653	-0.109544	-0.0956521	-0.0623458	-0.0148578	0.0293318	0.0478547	0.0481325	0.0361015	0.0190229	0.00421555	-0.0151531	-0.0385329	-0.0519549	-0.0374621	0.00619984	0.0781267	0.164986	0.25031	0.315213	0.34637	0.32343	0.245004	0.111975	-0.0599502	-0.229931	-0.36978	-0.462186	-0.501227	-0.47913	-0.414796	-0.32941	-0.227347	-0.13127	-0.0625198	-0.0157493	0.0131614	0.0268201	0.0520156	0.102619	0.180614	0.285478	0.399079	0.493697	0.542663	0.542663	
-0.0185798	-0.0751174	-0.118939	-0.148051	-0.1553	-0.149332	-0.140963	-0.109722	-0.0614143	-0.0154001	0.0103721	0.00424999	-0.00819155	-0.0207983	-0.0443151	-0.0692685	-0.0788407	-0.0841754	-0.0683663	-0.0123218	0.0603732	0.150614	0.250142	0.332577	0.380135	0.380657	0.310779	0.179047	0.0216434	-0.146922	-0.286692	-0.376685	-0.421085	-0.411276	-0.360463	-0.291613	-0.206627	-0.126753	-0.0758285	-0.0438485	-0.0339072	-0.0327096	-0.0100716	0.0467264	0.13478	0.245734	0.369364	0.472623	0.529628	0.529628	
0.00391088	-0.0673154	-0.120653	-0.1553	-0.171546	-0.179231	-0.179056	-0.163181	-0.120321	-0.0707211	-0.0467078	-0.048249	-0.0541867	-0.0683832	-0.0950818	-0.114897	-0.12554	-0.128589	-0.11425	-0.0616007	0.0184082	0.11872	0.229183	0.332047	0.398854	0.411528	0.361111	0.250763	0.106641	-0.0473415	-0.178241	-0.271957	-0.314508	-0.314257	-0.2772	-0.216108	-0.151851	-0.0938135	-0.0646878	-0.0545704	-0.0592236	-0.0679079	-0.0565189	-0.00945513	0.0771792	0.189447	0.31023	0.408695	0.467586	0.467586	
0.0318544	-0.0507542	-0.109544	-0.149332	-0.179231	-0.202965	-0.21949	-0.216732	-0.182267	-0.131138	-0.107321	-0.0991958	-0.0979632	-0.111047	-0.136489	-0.155679	-0.172893	-0.178095	-0.163863	-0.114034	-0.0298743	0.0739056	0.186222	0.298266	0.383793	0.413811	0.393022	0.312991	0.191297	0.0609963	-0.0569806	-0.143953	-0.183448	-0.186021	-0.15787	-0.10859	-0.0655588	-0.0369853	-0.0324584	-0.0494277	-0.0793069	-0.102469	-0.0999891	-0.0645877	0.0108911	0.118451	0.233387	0.325373	0.380301	0.380301	
0.0593248	-0.0308261	-0.0956521	-0.140963	-0.179056	-0.21949	-0.24997	-0.25553	-0.228931	-0.183914	-0.154353	-0.137816	-0.134898	-0.144213	-0.16678	-0.19165	-0.210181	-0.218442	-0.203874	-0.152122	-0.0732696	0.0196674	0.12557	0.233834	0.326947	0.382528	0.390315	0.34859	0.262633	0.160644	0.0672826	0.00163549	-0.0274593	-0.0325001	-0.00992616	0.0190244	0.0338918	0.0376426	0.0167262	-0.0291929	-0.0872414	-0.132476	-0.145149	-0.120018	-0.0551117	0.0422152	0.147077	0.232632	0.287118	0.287118	
0.0784198	-0.00584438	-0.0623458	-0.109722	-0.163181	-0.216732	-0.25553	-0.275084	-0.258891	-0.221822	-0.188258	-0.164608	-0.156525	-0.16481	-0.18697	-0.223515	-0.243784	-0.249784	-0.232924	-0.180048	-0.119467	-0.049026	0.0428987	0.140577	0.238666	0.321229	0.353246	0.346634	0.298331	0.233927	0.181712	0.145606	0.139376	0.144515	0.160788	0.171669	0.165743	0.136424	0.0763796	0.00195845	-0.0832884	-0.152992	-0.190083	-0.185	-0.126388	-0.0359562	0.0626281	0.148705	0.200321	0.200321	
0.104217	0.0310179	-0.0148578	-0.0614143	-0.120321	-0.182267	-0.228931	-0.258891	-0.256934	-0.234535	-0.205463	-0.175763	-0.169928	-0.180673	-0.20195	-0.243265	-0.271087	-0.276271	-0.266357	-0.232452	-0.195148	-0.144419	-0.0662644	0.025929	0.128468	0.220589	0.272397	0.298369	0.295449	0.281908	0.286845	0.296571	0.318063	0.345029	0.359171	0.35309	0.319922	0.252177	0.155344	0.0415771	-0.0769339	-0.174836	-0.234077	-0.243691	-0.200192	-0.115219	-0.0124785	0.0773549	0.128862	0.128862	
0.122123	0.0688336	0.0293318	-0.0154001	-0.0707211	-0.131138	-0.183914	-0.221822	-0.234535	-0.224967	-0.196612	-0.174351	-0.17385	-0.192696	-0.224465	-0.268413	-0.299892	-0.30774	-0.306601	-0.294667	-0.28342	-0.252884	-0.194129	-0.1127	-0.011311	0.0878257	0.166256	0.225368	0.270358	0.313551	0.373159	0.436014	0.495787	0.548031	0.564969	0.542369	0.482559	0.382536	0.248294	0.0909383	-0.0605626	-0.187521	-0.269189	-0.287512	-0.25383	-0.175359	-0.0760955	0.00940366	0.0615039	0.0615039	
0.127615	0.083371	0.0478547	0.0103721	-0.0467078	-0.107321	-0.154353	-0.188258	-0.205463	-0.196612	-0.173658	-0.168751	-0.182213	-0.208721	-0.246934	-0.289244	-0.321103	-0.337175	-0.345782	-0.357393	-0.363674	-0.352383	-0.316325	-0.250875	-0.159071	-0.0557451	0.0445002	0.140077	0.234421	0.336274	0.443249	0.550904	0.645663	0.711708	0.735732	0.709286	0.635227	0.507312	0.339861	0.155749	-0.0246139	-0.179661	-0.281775	-0.309361	-0.281236	-0.209008	-0.116309	-0.0412541	0.00670484	0.00670484	
0.128371	0.0859851	0.0481325	0.00424999	-0.048249	-0.0991958	-0.137816	-0.164608	-0.175763	-0.174351	-0.168751	-0.177317	-0.196236	-0.219907	-0.256447	-0.292253	-0.329813	-0.359774	-0.383476	-0.412768	-0.431068	-0.435679	-0.416607	-0.362378	-0.282392	-0.182104	-0.0687874	0.049916	0.181886	0.331987	0.485463	0.630363	0.750578	0.828151	0.854761	0.822941	0.738667	0.60102	0.416087	0.215871	0.0191563	-0.147124	-0.250974	-0.292882	-0.275653	-0.210225	-0.126021	-0.050515	-0.00900754	-0.00900754	
0.115324	0.0759187	0.0361015	-0.00819155	-0.0541867	-0.0979632	-0.134898	-0.156525	-0.169928	-0.17385	-0.182213	-0.196236	-0.204948	-0.218227	-0.246838	-0.278921	-0.317803	-0.357024	-0.389433	-0.431211	-0.463442	-0.484264	-0.489919	-0.449236	-0.384563	-0.296399	-0.18171	-0.0524462	0.103286	0.282087	0.470613	0.646983	0.794691	0.891897	0.927563	0.897366	0.801022	0.655829	0.465187	0.259494	0.0664284	-0.09779	-0.202654	-0.248099	-0.231116	-0.166244	-0.0841939	-0.00230381	0.0439966	0.0439966	
0.0951593	0.0578485	0.0190229	-0.0207983	-0.0683832	-0.111047	-0.144213	-0.16481	-0.180673	-0.192696	-0.208721	-0.219907	-0.218227	-0.218682	-0.232974	-0.254764	-0.281018	-0.314824	-0.35192	-0.401145	-0.451095	-0.495423	-0.524684	-0.513352	-0.475224	-0.408542	-0.30841	-0.175424	-0.00604234	0.190517	0.402546	0.606294	0.77904	0.893528	0.939795	0.917085	0.819145	0.669754	0.488997	0.292193	0.110451	-0.0376954	-0.13467	-0.165784	-0.137334	-0.0668178	0.0228623	0.104215	0.150595	0.150595	
0.0805236	0.0460564	0.00421555	-0.0443151	-0.0950818	-0.136489	-0.16678	-0.18697	-0.20195	-0.224465	-0.246934	-0.256447	-0.246838	-0.232974	-0.228248	-0.227837	-0.229483	-0.250191	-0.292791	-0.344711	-0.411301	-0.481749	-0.530299	-0.553793	-0.55079	-0.512861	-0.436724	-0.312199	-0.138586	0.0739891	0.306768	0.53305	0.715772	0.835058	0.888094	0.867918	0.784247	0.651535	0.488378	0.309946	0.14403	0.0231065	-0.0466085	-0.0526262	0.00268615	0.0884944	0.186725	0.272553	0.313889	0.313889	
0.0658124	0.0297588	-0.0151531	-0.0692685	-0.114897	-0.155679	-0.19165	-0.223515	-0.243265	-0.268413	-0.289244	-0.292253	-0.278921	-0.254764	-0.227837	-0.20287	-0.184543	-0.192003	-0.234622	-0.294119	-0.372729	-0.461203	-0.533275	-0.586921	-0.613612	-0.604905	-0.554689	-0.441823	-0.272862	-0.0546588	0.194099	0.43263	0.623234	0.750508	0.807171	0.789417	0.716292	0.600511	0.457136	0.297395	0.159687	0.0740871	0.0369369	0.0718155	0.165104	0.278558	0.399582	0.500821	0.553932	0.553932	
0.0351494	-0.000875927	-0.0385329	-0.0788407	-0.12554	-0.172893	-0.210181	-0.243784	-0.271087	-0.299892	-0.321103	-0.329813	-0.317803	-0.281018	-0.229483	-0.184543	-0.153202	-0.159116	-0.205323	-0.27472	-0.364541	-0.461509	-0.546488	-0.619163	-0.670225	-0.687358	-0.664118	-0.565237	-0.394839	-0.167107	0.0920298	0.33712	0.532531	0.658649	0.716149	0.707138	0.636086	0.519253	0.390552	0.258931	0.159936	0.120298	0.128034	0.205939	0.334346	0.48204	0.638257	0.762529	0.829251	0.829251	
0.00384603	-0.0240076	-0.0519549	-0.0841754	-0.128589	-0.178095	-0.218442	-0.249784	-0.276271	-0.30774	-0.337175	-0.359774	-0.357024	-0.314824	-0.250191	-0.192003	-0.159116	-0.162398	-0.20904	-0.289786	-0.385137	-0.485466	-0.580678	-0.666171	-0.735398	-0.774627	-0.758827	-0.662492	-0.485606	-0.248064	0.0114113	0.256561	0.451544	0.581445	0.63912	0.62446	0.552913	0.443083	0.328488	0.226332	0.163854	0.161835	0.217732	0.336681	0.502179	0.687096	0.867766	1.01049	1.08543	1.08543	
-0.00522559	-0.0183161	-0.0374621	-0.0683663	-0.11425	-0.163863	-0.203874	-0.232924	-0.266357	-0.306601	-0.345782	-0.383476	-0.389433	-0.35192	-0.292791	-0.234622	-0.205323	-0.20904	-0.251817	-0.337849	-0.436102	-0.537917	-0.642687	-0.737102	-0.816982	-0.859208	-0.832094	-0.731549	-0.549574	-0.307967	-0.0479914	0.202055	0.403344	0.535363	0.586592	0.567252	0.500644	0.406136	0.304072	0.220827	0.18235	0.20013	0.290215	0.444246	0.646262	0.864756	1.05936	1.213	1.29326	1.29326	
0.021163	0.0158367	0.00619984	-0.0123218	-0.0616007	-0.114034	-0.152122	-0.180048	-0.232452	-0.294667	-0.357393	-0.412768	-0.431211	-0.401145	-0.344711	-0.294119	-0.27472	-0.289786	-0.337849	-0.434512	-0.529706	-0.62074	-0.724779	-0.81538	-0.891531	-0.930134	-0.900327	-0.795535	-0.60413	-0.348959	-0.072318	0.188717	0.39456	0.522616	0.569681	0.558139	0.495816	0.403711	0.313694	0.243672	0.21767	0.25307	0.365948	0.53948	0.752879	0.983668	1.18948	1.34578	1.42817	1.42817	
0.0674008	0.0776693	0.0781267	0.0603732	0.0184082	-0.0298743	-0.0732696	-0.119467	-0.195148	-0.28342	-0.363674	-0.431068	-0.463442	-0.451095	-0.411301	-0.372729	-0.364541	-0.385137	-0.436102	-0.529706	-0.623182	-0.715027	-0.817776	-0.903179	-0.969673	-0.998604	-0.959607	-0.847571	-0.645487	-0.376002	-0.0855089	0.186509	0.400846	0.538654	0.59651	0.592914	0.537148	0.450074	0.358749	0.291547	0.274237	0.317146	0.436114	0.609623	0.820268	1.04792	1.25126	1.41017	1.49516	1.49516	
0.132587	0.157995	0.164986	0.150614	0.11872	0.0739056	0.0196674	-0.049026	-0.144419	-0.252884	-0.352383	-0.435679	-0.484264	-0.495423	-0.481749	-0.461203	-0.461509	-0.485466	-0.537917	-0.62074	-0.715027	-0.8128	-0.906342	-0.985182	-1.04125	-1.05932	-1.00921	-0.881839	-0.665035	-0.381576	-0.0862249	0.190359	0.411206	0.563083	0.639814	0.643748	0.596324	0.514546	0.424845	0.359944	0.342616	0.385957	0.495414	0.659273	0.863092	1.07755	1.26961	1.41953	1.4996	1.4996	
0.202421	0.232902	0.25031	0.250142	0.229183	0.186222	0.12557	0.0428987	-0.0662644	-0.194129	-0.316325	-0.416607	-0.489919	-0.524684	-0.530299	-0.533275	-0.546488	-0.580678	-0.642687	-0.724779	-0.817776	-0.906342	-0.980573	-1.04945	-1.09566	-1.10364	-1.04822	-0.898193	-0.663905	-0.378338	-0.078199	0.203828	0.431178	0.59033	0.67591	0.691399	0.650766	0.572021	0.493697	0.429304	0.404565	0.444344	0.539702	0.695302	0.886211	1.08388	1.26751	1.3994	1.4703	1.4703	
0.239151	0.2819	0.315213	0.332577	0.332047	0.298266	0.233834	0.140577	0.025929	-0.1127	-0.250875	-0.362378	-0.449236	-0.513352	-0.553793	-0.586921	-0.619163	-0.666171	-0.737102	-0.81538	-0.903179	-0.985182	-1.04945	-1.10851	-1.14285	-1.13001	-1.05056	-0.884778	-0.651384	-0.370926	-0.0688207	0.215306	0.450359	0.615442	0.707497	0.730606	0.69523	0.625246	0.547984	0.479596	0.448963	0.479682	0.564982	0.709543	0.891882	1.07507	1.24329	1.36928	1.43626	1.43626	
0.23447	0.2951	0.34637	0.380135	0.398854	0.383793	0.326947	0.238666	0.128468	-0.011311	-0.159071	-0.282392	-0.384563	-0.475224	-0.55079	-0.613612	-0.670225	-0.735398	-0.816982	-0.891531	-0.969673	-1.04125	-1.09566	-1.14285	-1.15593	-1.11968	-1.01954	-0.848073	-0.614144	-0.335809	-0.0406087	0.236549	0.462937	0.627441	0.722178	0.746942	0.719391	0.655774	0.575108	0.503939	0.471488	0.499487	0.581476	0.711741	0.878431	1.04866	1.20315	1.32211	1.38495	1.38495	
0.184338	0.255743	0.32343	0.380657	0.411528	0.413811	0.382528	0.321229	0.220589	0.0878257	-0.0557451	-0.182104	-0.296399	-0.408542	-0.512861	-0.604905	-0.687358	-0.774627	-0.859208	-0.930134	-0.998604	-1.05932	-1.10364	-1.13001	-1.11968	-1.06208	-0.951085	-0.776872	-0.541728	-0.271162	0.00715045	0.264404	0.474743	0.625112	0.717465	0.750649	0.721742	0.653063	0.572007	0.504272	0.471683	0.49323	0.570345	0.69084	0.842244	1.00216	1.147	1.25408	1.31157	1.31157	
0.0880419	0.167742	0.245004	0.310779	0.361111	0.393022	0.390315	0.353246	0.272397	0.166256	0.0445002	-0.0687874	-0.18171	-0.30841	-0.436724	-0.554689	-0.664118	-0.758827	-0.832094	-0.900327	-0.959607	-1.00921	-1.04822	-1.05056	-1.01954	-0.951085	-0.827498	-0.653254	-0.432251	-0.185713	0.0600224	0.281727	0.473655	0.615606	0.698167	0.725589	0.694098	0.628374	0.545201	0.476656	0.442302	0.45262	0.524158	0.637528	0.780648	0.932643	1.06371	1.16309	1.21849	1.21849	
-0.0485599	0.0329782	0.111975	0.179047	0.250763	0.312991	0.34859	0.346634	0.298369	0.225368	0.140077	0.049916	-0.0524462	-0.175424	-0.312199	-0.441823	-0.565237	-0.662492	-0.731549	-0.795535	-0.847571	-0.881839	-0.898193	-0.884778	-0.848073	-0.776872	-0.653254	-0.492021	-0.295956	-0.0850503	0.119258	0.305445	0.464588	0.581092	0.646356	0.659549	0.627251	0.565744	0.479887	0.413043	0.380059	0.386666	0.45794	0.563779	0.693346	0.836368	0.957769	1.04783	1.09734	1.09734	
-0.204536	-0.134757	-0.0599502	0.0216434	0.106641	0.191297	0.262633	0.298331	0.295449	0.270358	0.234421	0.181886	0.103286	-0.00604234	-0.138586	-0.272862	-0.394839	-0.485606	-0.549574	-0.60413	-0.645487	-0.665035	-0.663905	-0.651384	-0.614144	-0.541728	-0.432251	-0.295956	-0.143809	0.0192345	0.172256	0.309732	0.426538	0.511484	0.559927	0.563189	0.529041	0.460778	0.378899	0.320248	0.287955	0.297314	0.363024	0.466304	0.588013	0.718893	0.835077	0.914277	0.959804	0.959804	
-0.353911	-0.298662	-0.229931	-0.146922	-0.0473415	0.0609963	0.160644	0.233927	0.281908	0.313551	0.336274	0.331987	0.282087	0.190517	0.0739891	-0.0546588	-0.167107	-0.248064	-0.307967	-0.348959	-0.376002	-0.381576	-0.378338	-0.370926	-0.335809	-0.271162	-0.185713	-0.0850503	0.0192345	0.119221	0.213572	0.294554	0.363528	0.419189	0.441652	0.430199	0.393922	0.329965	0.255395	0.197313	0.173385	0.189273	0.251234	0.354914	0.469926	0.589392	0.696775	0.769623	0.81635	0.81635	
-0.474775	-0.434216	-0.36978	-0.286692	-0.178241	-0.0569806	0.0672826	0.181712	0.286845	0.373159	0.443249	0.485463	0.470613	0.402546	0.306768	0.194099	0.0920298	0.0114113	-0.0479914	-0.072318	-0.0855089	-0.0862249	-0.078199	-0.0688207	-0.0406087	0.00715045	0.0600224	0.119258	0.172256	0.213572	0.251769	0.273629	0.290164	0.306688	0.304715	0.282106	0.241325	0.181439	0.114614	0.0629929	0.0472466	0.0731889	0.140235	0.23806	0.345362	0.456357	0.554751	0.622938	0.661271	0.661271	
-0.554343	-0.525845	-0.462186	-0.376685	-0.271957	-0.143953	0.00163549	0.145606	0.296571	0.436014	0.550904	0.630363	0.646983	0.606294	0.53305	0.43263	0.33712	0.256561	0.202055	0.188717	0.186509	0.190359	0.203828	0.215306	0.236549	0.264404	0.281727	0.305445	0.309732	0.294554	0.273629	0.241452	0.215968	0.194997	0.173498	0.143504	0.100353	0.0379809	-0.0218026	-0.0564419	-0.0668841	-0.037262	0.0269875	0.116141	0.224115	0.329277	0.416168	0.476792	0.507	0.507	
-0.57642	-0.554524	-0.501227	-0.421085	-0.314508	-0.183448	-0.0274593	0.139376	0.318063	0.495787	0.645663	0.750578	0.794691	0.77904	0.715772	0.623234	0.532531	0.451544	0.403344	0.39456	0.400846	0.411206	0.431178	0.450359	0.462937	0.474743	0.473655	0.464588	0.426538	0.363528	0.290164	0.215968	0.155952	0.102263	0.0638218	0.0214583	-0.0338334	-0.0858479	-0.128865	-0.154919	-0.157084	-0.124667	-0.060459	0.0253638	0.122433	0.21273	0.283382	0.334244	0.363673	0.363673	
-0.53967	-0.522493	-0.47913	-0.411276	-0.314257	-0.186021	-0.0325001	0.144515	0.345029	0.548031	0.711708	0.828151	0.891897	0.893528	0.835058	0.750508	0.658649	0.581445	0.535363	0.522616	0.538654	0.563083	0.59033	0.615442	0.627441	0.625112	0.615606	0.581092	0.511484	0.419189	0.306688	0.194997	0.102263	0.0287913	-0.0255967	-0.0742994	-0.124794	-0.166277	-0.197225	-0.220489	-0.216508	-0.175138	-0.109187	-0.0318129	0.0461779	0.119922	0.181875	0.225264	0.249105	0.249105	
-0.456368	-0.447408	-0.414796	-0.360463	-0.2772	-0.15787	-0.00992616	0.160788	0.359171	0.564969	0.735732	0.854761	0.927563	0.939795	0.888094	0.807171	0.716149	0.63912	0.586592	0.569681	0.59651	0.639814	0.67591	0.707497	0.722178	0.717465	0.698167	0.646356	0.559927	0.441652	0.304715	0.173498	0.0638218	-0.0255967	-0.0945495	-0.1395	-0.175587	-0.209124	-0.234274	-0.242294	-0.220839	-0.173658	-0.114825	-0.0466754	0.0238933	0.0849654	0.133993	0.165714	0.179349	0.179349	
-0.333131	-0.34019	-0.32941	-0.291613	-0.216108	-0.10859	0.0190244	0.171669	0.35309	0.542369	0.709286	0.822941	0.897366	0.917085	0.867918	0.789417	0.707138	0.62446	0.567252	0.558139	0.592914	0.643748	0.691399	0.730606	0.746942	0.750649	0.725589	0.659549	0.563189	0.430199	0.282106	0.143504	0.0214583	-0.0742994	-0.1395	-0.181648	-0.209794	-0.225518	-0.226535	-0.208462	-0.168906	-0.117905	-0.0621929	0.00677119	0.0732058	0.118414	0.152777	0.175019	0.181316	0.181316	
-0.196555	-0.220882	-0.227347	-0.206627	-0.151851	-0.0655588	0.0338918	0.165743	0.319922	0.482559	0.635227	0.738667	0.801022	0.819145	0.784247	0.716292	0.636086	0.552913	0.500644	0.495816	0.537148	0.596324	0.650766	0.69523	0.719391	0.721742	0.694098	0.627251	0.529041	0.393922	0.241325	0.100353	-0.0338334	-0.124794	-0.175587	-0.209794	-0.219137	-0.210666	-0.180476	-0.132776	-0.0720149	-0.00473691	0.064217	0.134954	0.190823	0.224387	0.251456	0.272082	0.27142	0.27142	
-0.0642775	-0.103234	-0.13127	-0.126753	-0.0938135	-0.0369853	0.0376426	0.136424	0.252177	0.382536	0.507312	0.60102	0.655829	0.669754	0.651535	0.600511	0.519253	0.443083	0.406136	0.403711	0.450074	0.514546	0.572021	0.625246	0.655774	0.653063	0.628374	0.565744	0.460778	0.329965	0.181439	0.0379809	-0.0858479	-0.166277	-0.209124	-0.225518	-0.210666	-0.162528	-0.0978977	-0.0275923	0.0649805	0.161801	0.251579	0.325037	0.378082	0.4111	0.429414	0.4468	0.443056	0.443056	
0.0480668	-0.014482	-0.0625198	-0.0758285	-0.0646878	-0.0324584	0.0167262	0.0763796	0.155344	0.248294	0.339861	0.416087	0.465187	0.488997	0.488378	0.457136	0.390552	0.328488	0.304072	0.313694	0.358749	0.424845	0.493697	0.547984	0.575108	0.572007	0.545201	0.479887	0.378899	0.255395	0.114614	-0.0218026	-0.128865	-0.197225	-0.234274	-0.226535	-0.180476	-0.0978977	0.00621435	0.11558	0.246048	0.369568	0.472125	0.555955	0.619747	0.657244	0.668886	0.67798	0.677498	0.677498	
0.125273	0.0456693	-0.0157493	-0.0438485	-0.0545704	-0.0494277	-0.0291929	0.00195845	0.0415771	0.0909383	0.155749	0.215871	0.259494	0.292193	0.309946	0.297395	0.258931	0.226332	0.220827	0.243672	0.291547	0.359944	0.429304	0.479596	0.503939	0.504272	0.476656	0.413043	0.320248	0.197313	0.0629929	-0.0564419	-0.154919	-0.220489	-0.242294	-0.208462	-0.132776	-0.0275923	0.11558	0.28084	0.44718	0.598375	0.72304	0.819754	0.886129	0.924129	0.93771	0.936923	0.936431	0.936431	
0.166888	0.0870639	0.0131614	-0.0339072	-0.0592236	-0.0793069	-0.0872414	-0.0832884	-0.0769339	-0.0605626	-0.0246139	0.0191563	0.0664284	0.110451	0.14403	0.159687	0.159936	0.163854	0.18235	0.21767	0.274237	0.342616	0.404565	0.448963	0.471488	0.471683	0.442302	0.380059	0.287955	0.173385	0.0472466	-0.0668841	-0.157084	-0.216508	-0.220839	-0.168906	-0.0720149	0.0649805	0.246048	0.44718	0.635114	0.815015	0.970119	1.07756	1.14214	1.18068	1.19709	1.19411	1.19646	1.19646	
0.181381	0.103988	0.0268201	-0.0327096	-0.0679079	-0.102469	-0.132476	-0.152992	-0.174836	-0.187521	-0.179661	-0.147124	-0.09779	-0.0376954	0.0231065	0.0740871	0.120298	0.161835	0.20013	0.25307	0.317146	0.385957	0.444344	0.479682	0.499487	0.49323	0.45262	0.386666	0.297314	0.189273	0.0731889	-0.037262	-0.124667	-0.175138	-0.173658	-0.117905	-0.00473691	0.161801	0.369568	0.598375	0.815015	1.01425	1.18361	1.30021	1.36993	1.40771	1.41631	1.41011	1.41388	1.41388	
0.19435	0.125692	0.0520156	-0.0100716	-0.0565189	-0.0999891	-0.145149	-0.190083	-0.234077	-0.269189	-0.281775	-0.250974	-0.202654	-0.13467	-0.0466085	0.0369369	0.128034	0.217732	0.290215	0.365948	0.436114	0.495414	0.539702	0.564982	0.581476	0.570345	0.524158	0.45794	0.363024	0.251234	0.140235	0.0269875	-0.060459	-0.109187	-0.114825	-0.0621929	0.064217	0.251579	0.472125	0.72304	0.970119	1.18361	1.35485	1.47393	1.54436	1.5766	1.58226	1.5714	1.56362	1.56362	
0.216854	0.160904	0.102619	0.0467264	-0.00945513	-0.0645877	-0.120018	-0.185	-0.243691	-0.287512	-0.309361	-0.292882	-0.248099	-0.165784	-0.0526262	0.0718155	0.205939	0.336681	0.444246	0.53948	0.609623	0.659273	0.695302	0.709543	0.711741	0.69084	0.637528	0.563779	0.466304	0.354914	0.23806	0.116141	0.0253638	-0.0318129	-0.0466754	0.00677119	0.134954	0.325037	0.555955	0.819754	1.07756	1.30021	1.47393	1.59208	1.65755	1.67918	1.68169	1.66991	1.65616	1.65616	
0.253171	0.221568	0.180614	0.13478	0.0771792	0.0108911	-0.0551117	-0.126388	-0.200192	-0.25383	-0.281236	-0.275653	-0.231116	-0.137334	0.00268615	0.165104	0.334346	0.502179	0.646262	0.752879	0.820268	0.863092	0.886211	0.891882	0.878431	0.842244	0.780648	0.693346	0.588013	0.469926	0.345362	0.224115	0.122433	0.0461779	0.0238933	0.0732058	0.190823	0.378082	0.619747	0.886129	1.14214	1.36993	1.54436	1.65755	1.71781	1.73143	1.71953	1.70038	1.69388	1.69388	
0.310585	0.306827	0.285478	0.245734	0.189447	0.118451	0.0422152	-0.0359562	-0.115219	-0.175359	-0.209008	-0.210225	-0.166244	-0.0668178	0.0884944	0.278558	0.48204	0.687096	0.864756	0.983668	1.04792	1.07755	1.08388	1.07507	1.04866	1.00216	0.932643	0.836368	0.718893	0.589392	0.456357	0.329277	0.21273	0.119922	0.0849654	0.118414	0.224387	0.4111	0.657244	0.924129	1.18068	1.40771	1.5766	1.67918	1.73143	1.74139	1.71933	1.69119	1.68144	1.68144	
0.372448	0.390728	0.399079	0.369364	0.31023	0.233387	0.147077	0.0626281	-0.0124785	-0.0760955	-0.116309	-0.126021	-0.0841939	0.0228623	0.186725	0.399582	0.638257	0.867766	1.05936	1.18948	1.25126	1.26961	1.26751	1.24329	1.20315	1.147	1.06371	0.957769	0.835077	0.696775	0.554751	0.416168	0.283382	0.181875	0.133993	0.152777	0.251456	0.429414	0.668886	0.93771	1.19709	1.41631	1.58226	1.68169	1.71953	1.71933	1.69661	1.6666	1.64312	1.64312	
0.425672	0.467618	0.493697	0.472623	0.408695	0.325373	0.232632	0.148705	0.0773549	0.00940366	-0.0412541	-0.050515	-0.00230381	0.104215	0.272553	0.500821	0.762529	1.01049	1.213	1.34578	1.41017	1.41953	1.3994	1.36928	1.32211	1.25408	1.16309	1.04783	0.914277	0.769623	0.622938	0.476792	0.334244	0.225264	0.165714	0.175019	0.272082	0.4468	0.67798	0.936923	1.19411	1.41011	1.5714	1.66991	1.70038	1.69119	1.6666	1.6375	1.61137	1.61137	
0.464152	0.511124	0.542663	0.529628	0.467586	0.380301	0.287118	0.200321	0.128862	0.0615039	0.00670484	-0.00900754	0.0439966	0.150595	0.313889	0.553932	0.829251	1.08543	1.29326	1.42817	1.49516	1.4996	1.4703	1.43626	1.38495	1.31157	1.21849	1.09734	0.959804	0.81635	0.661271	0.507	0.363673	0.249105	0.179349	0.181316	0.27142	0.443056	0.677498	0.936431	1.19646	1.41388	1.56362	1.65616	1.69388	1.68144	1.64312	1.61137	1.58926	1.58926	
0.464152	0.511124	0.542663	0.529628	0.467586	0.380301	0.287118	0.200321	0.128862	0.0615039	0.00670484	-0.00900754	0.0439966	0.150595	0.313889	0.553932	0.829251	1.08543	1.29326	1.42817	1.49516	1.4996	1.4703	1.43626	1.38495	1.31157	1.21849	1.09734	0.959804	0.81635	0.661271	0.507	0.363673	0.249105	0.179349	0.181316	0.27142	0.443056	0.677498	0.936431	1.19646	1.41388	1.56362	1.65616	1.69388	1.68144	1.64312	1.61137	1.58926	1.58926	
