-0.204144	0.11318	-0.269883	-0.0175782	0.783823	0.783823	
0.11318	0.599855	0.353566	0.421593	-0.582036	-0.582036	
-0.269883	0.353566	-0.133084	0.232247	-0.400027	-0.400027	
-0.0175782	0.421593	0.232247	0.304499	-0.745006	-0.745006	
0.783823	-0.582036	-0.400027	-0.745006	0.115686	0.115686	
0.783823	-0.582036	-0.400027	-0.745006	0.115686	0.115686	
