-0.549881	-0.608142	-0.617445	-0.577909	-0.501711	-0.423305	-0.370406	-0.34372	-0.341507	-0.368537	-0.417693	-0.477317	-0.536189	-0.575201	-0.575758	-0.529236	-0.440482	-0.330386	-0.213343	-0.0950305	-0.0080146	0.0291487	0.0129978	-0.0404645	-0.128139	-0.233965	-0.321593	-0.370907	-0.37987	-0.351897	-0.282453	-0.196893	-0.10969	-0.0240771	0.047453	0.0974551	0.134379	0.166622	0.189818	0.213765	0.247781	0.296791	0.352225	0.412742	0.486096	0.556448	0.612066	0.654354	0.68178	0.68178	
-0.608142	-0.688891	-0.702725	-0.65077	-0.557475	-0.469138	-0.394687	-0.343888	-0.324586	-0.334744	-0.37753	-0.446756	-0.514213	-0.563905	-0.582635	-0.548541	-0.46864	-0.369141	-0.257132	-0.144832	-0.0673738	-0.0411323	-0.0582894	-0.107515	-0.194247	-0.293402	-0.374414	-0.41773	-0.421166	-0.385953	-0.312348	-0.216491	-0.11573	-0.0315221	0.0447544	0.0987582	0.131969	0.167978	0.200165	0.24156	0.290655	0.348985	0.420411	0.492011	0.564845	0.636206	0.698531	0.743847	0.767542	0.767542	
-0.617445	-0.702725	-0.708295	-0.649731	-0.561074	-0.473093	-0.386292	-0.322466	-0.294131	-0.295233	-0.343299	-0.424449	-0.50329	-0.571965	-0.606046	-0.582904	-0.517255	-0.424122	-0.320346	-0.225136	-0.153418	-0.125646	-0.14109	-0.183082	-0.262633	-0.359493	-0.429204	-0.465127	-0.465039	-0.409847	-0.318022	-0.202366	-0.0798858	0.016227	0.100583	0.163655	0.202019	0.231341	0.259141	0.301011	0.347172	0.399158	0.464105	0.534913	0.602025	0.659366	0.712774	0.752315	0.767506	0.767506	
-0.577909	-0.65077	-0.649731	-0.595784	-0.511454	-0.42361	-0.34121	-0.279079	-0.243468	-0.253151	-0.318146	-0.41149	-0.506933	-0.594052	-0.640453	-0.630256	-0.573112	-0.483165	-0.385596	-0.299208	-0.234606	-0.210166	-0.226821	-0.270066	-0.346194	-0.433803	-0.493203	-0.515973	-0.498516	-0.417469	-0.292169	-0.15288	-0.0123195	0.110929	0.207091	0.269426	0.311762	0.337435	0.353827	0.376723	0.407138	0.447971	0.49411	0.546804	0.597209	0.635327	0.666904	0.686569	0.693247	0.693247	
-0.501711	-0.557475	-0.561074	-0.511454	-0.435549	-0.352862	-0.272773	-0.210082	-0.180123	-0.205449	-0.283564	-0.399012	-0.523838	-0.624203	-0.672158	-0.67275	-0.613275	-0.520617	-0.431633	-0.353198	-0.296606	-0.274747	-0.297016	-0.358893	-0.438301	-0.515007	-0.56824	-0.563271	-0.504981	-0.393027	-0.241257	-0.0792352	0.0780855	0.212972	0.319114	0.386929	0.427189	0.451764	0.462412	0.463447	0.469677	0.48899	0.508204	0.530615	0.551994	0.568472	0.58081	0.583597	0.58632	0.58632	
-0.423305	-0.469138	-0.473093	-0.42361	-0.352862	-0.280177	-0.196046	-0.133333	-0.115699	-0.156107	-0.252898	-0.384082	-0.522175	-0.626507	-0.67764	-0.67736	-0.616975	-0.529353	-0.446923	-0.372299	-0.327404	-0.320924	-0.355558	-0.435589	-0.519323	-0.585733	-0.622163	-0.59049	-0.497965	-0.354173	-0.17714	0.0044617	0.173016	0.30915	0.415393	0.488646	0.522202	0.536575	0.543239	0.534944	0.523011	0.512829	0.50058	0.491206	0.484386	0.481385	0.480705	0.481733	0.48533	0.48533	
-0.370406	-0.394687	-0.386292	-0.34121	-0.272773	-0.196046	-0.118009	-0.0714033	-0.0672137	-0.112933	-0.214577	-0.352078	-0.48755	-0.586953	-0.63833	-0.638905	-0.582097	-0.499882	-0.428292	-0.366312	-0.336799	-0.348576	-0.40148	-0.488865	-0.568218	-0.62019	-0.634224	-0.584662	-0.467607	-0.304011	-0.117429	0.0722094	0.249314	0.390148	0.486728	0.549918	0.578361	0.586542	0.577271	0.557511	0.539563	0.508741	0.475844	0.444734	0.420544	0.405534	0.393054	0.394226	0.393404	0.393404	
-0.34372	-0.343888	-0.322466	-0.279079	-0.210082	-0.133333	-0.0714033	-0.0322019	-0.0348488	-0.0787586	-0.170918	-0.295207	-0.420447	-0.50953	-0.551215	-0.545939	-0.492223	-0.42435	-0.363933	-0.324583	-0.3186	-0.354376	-0.423759	-0.509066	-0.582955	-0.621597	-0.617935	-0.551462	-0.420195	-0.251768	-0.0619803	0.133218	0.305513	0.439731	0.529874	0.578897	0.598983	0.598544	0.573925	0.537828	0.505157	0.463849	0.423256	0.390722	0.363378	0.342461	0.328474	0.323867	0.31644	0.31644	
-0.341507	-0.324586	-0.294131	-0.243468	-0.180123	-0.115699	-0.0672137	-0.0348488	-0.0246481	-0.0539706	-0.128621	-0.229101	-0.329483	-0.401795	-0.424135	-0.400677	-0.350109	-0.294404	-0.251383	-0.241156	-0.263406	-0.323626	-0.407291	-0.488961	-0.557718	-0.592734	-0.574581	-0.492695	-0.36123	-0.190885	0.00120494	0.184799	0.340647	0.462828	0.545769	0.58488	0.589734	0.570109	0.534001	0.485069	0.436384	0.390966	0.350985	0.329625	0.306383	0.281248	0.267855	0.253019	0.242176	0.242176	
-0.368537	-0.334744	-0.295233	-0.253151	-0.205449	-0.156107	-0.112933	-0.0787586	-0.0539706	-0.061933	-0.103961	-0.169129	-0.230862	-0.266597	-0.256465	-0.21333	-0.159941	-0.110432	-0.086537	-0.103475	-0.15365	-0.233477	-0.332387	-0.416258	-0.48455	-0.520798	-0.497723	-0.413831	-0.287583	-0.124336	0.0589811	0.22689	0.367476	0.47112	0.536589	0.562161	0.554783	0.519595	0.463464	0.407372	0.35429	0.307329	0.270986	0.245974	0.224868	0.202944	0.186814	0.173021	0.163662	0.163662	
-0.417693	-0.37753	-0.343299	-0.318146	-0.283564	-0.252898	-0.214577	-0.170918	-0.128621	-0.103961	-0.100503	-0.118896	-0.129248	-0.105273	-0.0516068	0.0215845	0.0873486	0.126707	0.130963	0.0952712	0.0222484	-0.0762944	-0.181819	-0.278397	-0.360909	-0.404521	-0.389548	-0.316723	-0.198842	-0.0500121	0.112293	0.26321	0.385825	0.46934	0.514945	0.51732	0.486479	0.439651	0.376291	0.314939	0.261881	0.213297	0.17733	0.142756	0.112128	0.0969127	0.0832746	0.0725011	0.0735322	0.0735322	
-0.477317	-0.446756	-0.424449	-0.41149	-0.399012	-0.384082	-0.352078	-0.295207	-0.229101	-0.169129	-0.118896	-0.0715267	-0.0114799	0.079988	0.185097	0.290844	0.373969	0.406765	0.395123	0.347296	0.260397	0.14603	0.0331741	-0.0851677	-0.186776	-0.24416	-0.247293	-0.19261	-0.0980251	0.0281085	0.168457	0.298729	0.393046	0.453261	0.474924	0.448473	0.395878	0.332848	0.270924	0.211835	0.152618	0.102322	0.0640344	0.0219947	-0.0123002	-0.0245506	-0.038711	-0.0481319	-0.0416949	-0.0416949	
-0.536189	-0.514213	-0.50329	-0.506933	-0.523838	-0.522175	-0.48755	-0.420447	-0.329483	-0.230862	-0.129248	-0.0114799	0.128969	0.288016	0.446893	0.577441	0.670328	0.71085	0.696337	0.636594	0.539573	0.411189	0.273978	0.13401	0.0196418	-0.0553672	-0.0846344	-0.0571994	0.0108381	0.113947	0.228187	0.328442	0.393353	0.422393	0.410349	0.365071	0.304896	0.226482	0.155628	0.0908564	0.0230014	-0.0311752	-0.0740416	-0.115411	-0.143039	-0.152414	-0.166951	-0.177974	-0.173343	-0.173343	
-0.575201	-0.563905	-0.571965	-0.594052	-0.624203	-0.626507	-0.586953	-0.50953	-0.401795	-0.266597	-0.105273	0.079988	0.288016	0.501627	0.708959	0.867025	0.971656	1.02017	1.00054	0.921783	0.813433	0.67717	0.511539	0.351944	0.220488	0.120003	0.0654562	0.0734862	0.125769	0.202207	0.286563	0.355918	0.393707	0.390355	0.347671	0.286447	0.210677	0.124432	0.0416267	-0.0411181	-0.114414	-0.174052	-0.218283	-0.250822	-0.276419	-0.287084	-0.298967	-0.311798	-0.311234	-0.311234	
-0.575758	-0.582635	-0.606046	-0.640453	-0.672158	-0.67764	-0.63833	-0.551215	-0.424135	-0.256465	-0.0516068	0.185097	0.446893	0.708959	0.937431	1.11724	1.23895	1.28768	1.2626	1.177	1.04978	0.891521	0.709122	0.529361	0.378862	0.268377	0.203131	0.191227	0.232706	0.290641	0.346048	0.384761	0.388963	0.361766	0.302132	0.225128	0.129721	0.0288116	-0.0659657	-0.160909	-0.234616	-0.296273	-0.344098	-0.371909	-0.401061	-0.422013	-0.434926	-0.448144	-0.452818	-0.452818	
-0.529236	-0.548541	-0.582904	-0.630256	-0.67275	-0.67736	-0.638905	-0.545939	-0.400677	-0.21333	0.0215845	0.290844	0.577441	0.867025	1.11724	1.31059	1.43707	1.48577	1.4508	1.3503	1.20705	1.03096	0.834231	0.640459	0.483836	0.369059	0.300774	0.289689	0.327021	0.369224	0.401301	0.417345	0.39719	0.351825	0.279318	0.186332	0.0818272	-0.0334368	-0.14664	-0.244284	-0.322913	-0.392666	-0.44804	-0.485814	-0.517126	-0.544278	-0.559577	-0.566555	-0.576054	-0.576054	
-0.440482	-0.46864	-0.517255	-0.573112	-0.613275	-0.616975	-0.582097	-0.492223	-0.350109	-0.159941	0.0873486	0.373969	0.670328	0.971656	1.23895	1.43707	1.55384	1.58923	1.53812	1.41335	1.25685	1.07325	0.86818	0.673677	0.523119	0.417051	0.35798	0.356711	0.389475	0.421024	0.445428	0.458294	0.435999	0.379387	0.29365	0.179731	0.0585786	-0.0648253	-0.186215	-0.287484	-0.377312	-0.455111	-0.51641	-0.567117	-0.603012	-0.634263	-0.652904	-0.657905	-0.670176	-0.670176	
-0.330386	-0.369141	-0.424122	-0.483165	-0.520617	-0.529353	-0.499882	-0.42435	-0.294404	-0.110432	0.126707	0.406765	0.71085	1.02017	1.28768	1.48577	1.58923	1.59703	1.52943	1.39452	1.21863	1.02076	0.821009	0.639831	0.496142	0.408848	0.368792	0.370913	0.40494	0.444914	0.481495	0.496329	0.478377	0.422439	0.326692	0.207041	0.0742682	-0.0570758	-0.17942	-0.288992	-0.38564	-0.470779	-0.539571	-0.596616	-0.641621	-0.673971	-0.696003	-0.708301	-0.715028	-0.715028	
-0.213343	-0.257132	-0.320346	-0.385596	-0.431633	-0.446923	-0.428292	-0.363933	-0.251383	-0.086537	0.130963	0.395123	0.696337	1.00054	1.2626	1.4508	1.53812	1.52943	1.44805	1.30318	1.11169	0.906594	0.712964	0.54313	0.413687	0.343082	0.32499	0.339988	0.388044	0.450421	0.502219	0.524347	0.505258	0.448817	0.356671	0.24439	0.119484	-0.0115144	-0.133376	-0.24462	-0.345022	-0.431052	-0.501741	-0.563481	-0.613759	-0.645976	-0.673136	-0.693616	-0.695522	-0.695522	
-0.0950305	-0.144832	-0.225136	-0.299208	-0.353198	-0.372299	-0.366312	-0.324583	-0.241156	-0.103475	0.0952712	0.347296	0.636594	0.921783	1.177	1.3503	1.41335	1.39452	1.30318	1.14554	0.947536	0.746025	0.557637	0.403196	0.294192	0.232756	0.237735	0.280535	0.350221	0.433527	0.496145	0.527287	0.51457	0.466545	0.383553	0.280089	0.170766	0.0506196	-0.0584268	-0.161597	-0.262534	-0.339382	-0.402018	-0.461584	-0.509092	-0.539524	-0.569398	-0.59631	-0.599111	-0.599111	
-0.0080146	-0.0673738	-0.153418	-0.234606	-0.296606	-0.327404	-0.336799	-0.3186	-0.263406	-0.15365	0.0222484	0.260397	0.539573	0.813433	1.04978	1.20705	1.25685	1.21863	1.11169	0.947536	0.749598	0.555775	0.384181	0.242874	0.142939	0.0988062	0.122939	0.189072	0.282067	0.384989	0.465072	0.507403	0.508265	0.475064	0.410091	0.326196	0.232895	0.130556	0.0361354	-0.0524507	-0.138085	-0.206097	-0.260092	-0.306982	-0.342464	-0.364247	-0.387254	-0.409927	-0.412308	-0.412308	
0.0291487	-0.0411323	-0.125646	-0.210166	-0.274747	-0.320924	-0.348576	-0.354376	-0.323626	-0.233477	-0.0762944	0.14603	0.411189	0.67717	0.891521	1.03096	1.07325	1.02076	0.906594	0.746025	0.555775	0.369534	0.208615	0.0760626	-0.0145625	-0.0345558	0.00658115	0.0877604	0.201566	0.319434	0.413224	0.470051	0.493795	0.480914	0.436606	0.374869	0.298159	0.218537	0.144227	0.0769983	0.0179544	-0.0308831	-0.0711713	-0.103372	-0.126253	-0.143338	-0.15492	-0.161829	-0.163529	-0.163529	
0.0129978	-0.0582894	-0.14109	-0.226821	-0.297016	-0.355558	-0.40148	-0.423759	-0.407291	-0.332387	-0.181819	0.0331741	0.273978	0.511539	0.709122	0.834231	0.86818	0.821009	0.712964	0.557637	0.384181	0.208615	0.0432869	-0.0826639	-0.151907	-0.151249	-0.0896514	0.0181052	0.145429	0.264937	0.3677	0.44213	0.485548	0.488925	0.464958	0.418907	0.361724	0.309933	0.255851	0.216348	0.187596	0.165565	0.149777	0.132506	0.120383	0.10473	0.100066	0.10683	0.101092	0.101092	
-0.0404645	-0.107515	-0.183082	-0.270066	-0.358893	-0.435589	-0.488865	-0.509066	-0.488961	-0.416258	-0.278397	-0.0851677	0.13401	0.351944	0.529361	0.640459	0.673677	0.639831	0.54313	0.403196	0.242874	0.0760626	-0.0826639	-0.198961	-0.242985	-0.220831	-0.144361	-0.0267143	0.114855	0.249559	0.359128	0.442651	0.491035	0.503304	0.497098	0.47374	0.443715	0.413696	0.379991	0.362155	0.353803	0.347498	0.342683	0.344444	0.353668	0.349583	0.355326	0.369258	0.360325	0.360325	
-0.128139	-0.194247	-0.262633	-0.346194	-0.438301	-0.519323	-0.568218	-0.582955	-0.557718	-0.48455	-0.360909	-0.186776	0.0196418	0.220488	0.378862	0.483836	0.523119	0.496142	0.413687	0.294192	0.142939	-0.0145625	-0.151907	-0.242985	-0.270167	-0.234231	-0.147822	-0.0277967	0.120704	0.266031	0.385338	0.473258	0.529652	0.554173	0.553081	0.541941	0.524383	0.509827	0.500272	0.49412	0.497405	0.500166	0.502872	0.524531	0.547857	0.557408	0.571805	0.581033	0.574567	0.574567	
-0.233965	-0.293402	-0.359493	-0.433803	-0.515007	-0.585733	-0.62019	-0.621597	-0.592734	-0.520798	-0.404521	-0.24416	-0.0553672	0.120003	0.268377	0.369059	0.417051	0.408848	0.343082	0.232756	0.0988062	-0.0345558	-0.151249	-0.220831	-0.234231	-0.190332	-0.0971562	0.0322466	0.180127	0.324493	0.444808	0.533986	0.596969	0.620833	0.620607	0.611326	0.595226	0.592387	0.596028	0.595521	0.605998	0.62119	0.635837	0.661965	0.682818	0.696473	0.712571	0.71935	0.721094	0.721094	
-0.321593	-0.374414	-0.429204	-0.493203	-0.56824	-0.622163	-0.634224	-0.617935	-0.574581	-0.497723	-0.389548	-0.247293	-0.0846344	0.0654562	0.203131	0.300774	0.35798	0.368792	0.32499	0.237735	0.122939	0.00658115	-0.0896514	-0.144361	-0.147822	-0.0971562	0.00431034	0.14205	0.286278	0.425762	0.539182	0.616504	0.666224	0.683152	0.680712	0.675888	0.66976	0.659313	0.656375	0.659838	0.670345	0.69424	0.714655	0.730401	0.747128	0.761454	0.774071	0.786842	0.797522	0.797522	
-0.370907	-0.41773	-0.465127	-0.515973	-0.563271	-0.59049	-0.584662	-0.551462	-0.492695	-0.413831	-0.316723	-0.19261	-0.0571994	0.0734862	0.191227	0.289689	0.356711	0.370913	0.339988	0.280535	0.189072	0.0877604	0.0181052	-0.0267143	-0.0277967	0.0322466	0.14205	0.280366	0.413968	0.543783	0.646477	0.706608	0.733925	0.7425	0.741006	0.727581	0.712561	0.693701	0.683254	0.684489	0.689339	0.706796	0.726465	0.737142	0.750272	0.766728	0.775028	0.783092	0.793738	0.793738	
-0.37987	-0.421166	-0.465039	-0.498516	-0.504981	-0.497965	-0.467607	-0.420195	-0.36123	-0.287583	-0.198842	-0.0980251	0.0108381	0.125769	0.232706	0.327021	0.389475	0.40494	0.388044	0.350221	0.282067	0.201566	0.145429	0.114855	0.120704	0.180127	0.286278	0.413968	0.537067	0.650932	0.735085	0.782949	0.800496	0.794009	0.780574	0.750564	0.7152	0.694859	0.681846	0.674615	0.671023	0.672379	0.681038	0.687906	0.69958	0.717148	0.72433	0.725458	0.728012	0.728012	
-0.351897	-0.385953	-0.409847	-0.417469	-0.393027	-0.354173	-0.304011	-0.251768	-0.190885	-0.124336	-0.0500121	0.0281085	0.113947	0.202207	0.290641	0.369224	0.421024	0.444914	0.450421	0.433527	0.384989	0.319434	0.264937	0.249559	0.266031	0.324493	0.425762	0.543783	0.650932	0.739002	0.80354	0.832405	0.836572	0.81624	0.781303	0.736951	0.69359	0.665847	0.640812	0.626139	0.619019	0.609365	0.607164	0.610955	0.617503	0.624582	0.627328	0.626278	0.624519	0.624519	
-0.282453	-0.312348	-0.318022	-0.292169	-0.241257	-0.17714	-0.117429	-0.0619803	0.00120494	0.0589811	0.112293	0.168457	0.228187	0.286563	0.346048	0.401301	0.445428	0.481495	0.502219	0.496145	0.465072	0.413224	0.3677	0.359128	0.385338	0.444808	0.539182	0.646477	0.735085	0.80354	0.847695	0.857164	0.83979	0.803854	0.75298	0.696929	0.649313	0.609553	0.576403	0.550058	0.533405	0.522415	0.513631	0.516531	0.513718	0.504805	0.507963	0.511365	0.511995	0.511995	
-0.196893	-0.216491	-0.202366	-0.15288	-0.0792352	0.0044617	0.0722094	0.133218	0.184799	0.22689	0.26321	0.298729	0.328442	0.355918	0.384761	0.417345	0.458294	0.496329	0.524347	0.527287	0.507403	0.470051	0.44213	0.442651	0.473258	0.533986	0.616504	0.706608	0.782949	0.832405	0.857164	0.854504	0.816758	0.763011	0.700875	0.639466	0.587349	0.538693	0.495575	0.458133	0.436296	0.422567	0.411322	0.407469	0.398603	0.389409	0.391099	0.395439	0.394076	0.394076	
-0.10969	-0.11573	-0.0798858	-0.0123195	0.0780855	0.173016	0.249314	0.305513	0.340647	0.367476	0.385825	0.393046	0.393353	0.393707	0.388963	0.39719	0.435999	0.478377	0.505258	0.51457	0.508265	0.493795	0.485548	0.491035	0.529652	0.596969	0.666224	0.733925	0.800496	0.836572	0.83979	0.816758	0.764225	0.701354	0.631794	0.566797	0.507838	0.454569	0.404926	0.366831	0.349343	0.327099	0.310609	0.299398	0.290821	0.29078	0.284908	0.281953	0.278154	0.278154	
-0.0240771	-0.0315221	0.016227	0.110929	0.212972	0.30915	0.390148	0.439731	0.462828	0.47112	0.46934	0.453261	0.422393	0.390355	0.361766	0.351825	0.379387	0.422439	0.448817	0.466545	0.475064	0.480914	0.488925	0.503304	0.554173	0.620833	0.683152	0.7425	0.794009	0.81624	0.803854	0.763011	0.701354	0.634666	0.558879	0.489069	0.419808	0.358132	0.319166	0.286711	0.261097	0.237218	0.219322	0.206179	0.199806	0.199503	0.190369	0.185469	0.185137	0.185137	
0.047453	0.0447544	0.100583	0.207091	0.319114	0.415393	0.486728	0.529874	0.545769	0.536589	0.514945	0.474924	0.410349	0.347671	0.302132	0.279318	0.29365	0.326692	0.356671	0.383553	0.410091	0.436606	0.464958	0.497098	0.553081	0.620607	0.680712	0.741006	0.780574	0.781303	0.75298	0.700875	0.631794	0.558879	0.481949	0.406316	0.336722	0.281573	0.245829	0.210371	0.176914	0.15746	0.145825	0.13371	0.123115	0.119665	0.114172	0.108345	0.112419	0.112419	
0.0974551	0.0987582	0.163655	0.269426	0.386929	0.488646	0.549918	0.578897	0.58488	0.562161	0.51732	0.448473	0.365071	0.286447	0.225128	0.186332	0.179731	0.207041	0.24439	0.280089	0.326196	0.374869	0.418907	0.47374	0.541941	0.611326	0.675888	0.727581	0.750564	0.736951	0.696929	0.639466	0.566797	0.489069	0.406316	0.327393	0.268505	0.219208	0.175661	0.139718	0.112114	0.0971426	0.0860768	0.0744094	0.0632897	0.0586372	0.0563754	0.0509313	0.0536219	0.0536219	
0.134379	0.131969	0.202019	0.311762	0.427189	0.522202	0.578361	0.598983	0.589734	0.554783	0.486479	0.395878	0.304896	0.210677	0.129721	0.0818272	0.0585786	0.0742682	0.119484	0.170766	0.232895	0.298159	0.361724	0.443715	0.524383	0.595226	0.66976	0.712561	0.7152	0.69359	0.649313	0.587349	0.507838	0.419808	0.336722	0.268505	0.214793	0.158594	0.113705	0.0894696	0.0651675	0.0468015	0.036137	0.0275017	0.0209162	0.0143666	0.012672	0.0116667	0.0101562	0.0101562	
0.166622	0.167978	0.231341	0.337435	0.451764	0.536575	0.586542	0.598544	0.570109	0.519595	0.439651	0.332848	0.226482	0.124432	0.0288116	-0.0334368	-0.0648253	-0.0570758	-0.0115144	0.0506196	0.130556	0.218537	0.309933	0.413696	0.509827	0.592387	0.659313	0.693701	0.694859	0.665847	0.609553	0.538693	0.454569	0.358132	0.281573	0.219208	0.158594	0.108412	0.0714784	0.0521216	0.0293141	0.0090868	0.0028203	-0.00389043	-0.0120342	-0.0161817	-0.0161572	-0.0191159	-0.021116	-0.021116	
0.189818	0.200165	0.259141	0.353827	0.462412	0.543239	0.577271	0.573925	0.534001	0.463464	0.376291	0.270924	0.155628	0.0416267	-0.0659657	-0.14664	-0.186215	-0.17942	-0.133376	-0.0584268	0.0361354	0.144227	0.255851	0.379991	0.500272	0.596028	0.656375	0.683254	0.681846	0.640812	0.576403	0.495575	0.404926	0.319166	0.245829	0.175661	0.113705	0.0714784	0.039534	0.018089	-0.00157079	-0.0126181	-0.0179586	-0.0301206	-0.034397	-0.0326842	-0.0360356	-0.0419668	-0.0421929	-0.0421929	
0.213765	0.24156	0.301011	0.376723	0.463447	0.534944	0.557511	0.537828	0.485069	0.407372	0.314939	0.211835	0.0908564	-0.0411181	-0.160909	-0.244284	-0.287484	-0.288992	-0.24462	-0.161597	-0.0524507	0.0769983	0.216348	0.362155	0.49412	0.595521	0.659838	0.684489	0.674615	0.626139	0.550058	0.458133	0.366831	0.286711	0.210371	0.139718	0.0894696	0.0521216	0.018089	-0.00523444	-0.0226233	-0.0308671	-0.0400767	-0.0514928	-0.0489064	-0.0466409	-0.0524433	-0.0540948	-0.0479211	-0.0479211	
0.247781	0.290655	0.347172	0.407138	0.469677	0.523011	0.539563	0.505157	0.436384	0.35429	0.261881	0.152618	0.0230014	-0.114414	-0.234616	-0.322913	-0.377312	-0.38564	-0.345022	-0.262534	-0.138085	0.0179544	0.187596	0.353803	0.497405	0.605998	0.670345	0.689339	0.671023	0.619019	0.533405	0.436296	0.349343	0.261097	0.176914	0.112114	0.0651675	0.0293141	-0.00157079	-0.0226233	-0.0346291	-0.043938	-0.0501397	-0.0519104	-0.0537699	-0.0593812	-0.064101	-0.0631332	-0.0580283	-0.0580283	
0.296791	0.348985	0.399158	0.447971	0.48899	0.512829	0.508741	0.463849	0.390966	0.307329	0.213297	0.102322	-0.0311752	-0.174052	-0.296273	-0.392666	-0.455111	-0.470779	-0.431052	-0.339382	-0.206097	-0.0308831	0.165565	0.347498	0.500166	0.62119	0.69424	0.706796	0.672379	0.609365	0.522415	0.422567	0.327099	0.237218	0.15746	0.0971426	0.0468015	0.0090868	-0.0126181	-0.0308671	-0.043938	-0.0522756	-0.0562041	-0.0559179	-0.0603521	-0.0673647	-0.0658178	-0.0629227	-0.0712103	-0.0712103	
0.352225	0.420411	0.464105	0.49411	0.508204	0.50058	0.475844	0.423256	0.350985	0.270986	0.17733	0.0640344	-0.0740416	-0.218283	-0.344098	-0.44804	-0.51641	-0.539571	-0.501741	-0.402018	-0.260092	-0.0711713	0.149777	0.342683	0.502872	0.635837	0.714655	0.726465	0.681038	0.607164	0.513631	0.411322	0.310609	0.219322	0.145825	0.0860768	0.036137	0.0028203	-0.0179586	-0.0400767	-0.0501397	-0.0562041	-0.0670001	-0.0682128	-0.0694303	-0.0721012	-0.063462	-0.0592452	-0.0731495	-0.0731495	
0.412742	0.492011	0.534913	0.546804	0.530615	0.491206	0.444734	0.390722	0.329625	0.245974	0.142756	0.0219947	-0.115411	-0.250822	-0.371909	-0.485814	-0.567117	-0.596616	-0.563481	-0.461584	-0.306982	-0.103372	0.132506	0.344444	0.524531	0.661965	0.730401	0.737142	0.687906	0.610955	0.516531	0.407469	0.299398	0.206179	0.13371	0.0744094	0.0275017	-0.00389043	-0.0301206	-0.0514928	-0.0519104	-0.0559179	-0.0682128	-0.0665668	-0.0659858	-0.0717361	-0.0708675	-0.0675116	-0.0727172	-0.0727172	
0.486096	0.564845	0.602025	0.597209	0.551994	0.484386	0.420544	0.363378	0.306383	0.224868	0.112128	-0.0123002	-0.143039	-0.276419	-0.401061	-0.517126	-0.603012	-0.641621	-0.613759	-0.509092	-0.342464	-0.126253	0.120383	0.353668	0.547857	0.682818	0.747128	0.750272	0.69958	0.617503	0.513718	0.398603	0.290821	0.199806	0.123115	0.0632897	0.0209162	-0.0120342	-0.034397	-0.0489064	-0.0537699	-0.0603521	-0.0694303	-0.0659858	-0.0623181	-0.0701221	-0.0784048	-0.0750718	-0.0693895	-0.0693895	
0.556448	0.636206	0.659366	0.635327	0.568472	0.481385	0.405534	0.342461	0.281248	0.202944	0.0969127	-0.0245506	-0.152414	-0.287084	-0.422013	-0.544278	-0.634263	-0.673971	-0.645976	-0.539524	-0.364247	-0.143338	0.10473	0.349583	0.557408	0.696473	0.761454	0.766728	0.717148	0.624582	0.504805	0.389409	0.29078	0.199503	0.119665	0.0586372	0.0143666	-0.0161817	-0.0326842	-0.0466409	-0.0593812	-0.0673647	-0.0721012	-0.0717361	-0.0701221	-0.0703703	-0.0725612	-0.0720529	-0.068081	-0.068081	
0.612066	0.698531	0.712774	0.666904	0.58081	0.480705	0.393054	0.328474	0.267855	0.186814	0.0832746	-0.038711	-0.166951	-0.298967	-0.434926	-0.559577	-0.652904	-0.696003	-0.673136	-0.569398	-0.387254	-0.15492	0.100066	0.355326	0.571805	0.712571	0.774071	0.775028	0.72433	0.627328	0.507963	0.391099	0.284908	0.190369	0.114172	0.0563754	0.012672	-0.0161572	-0.0360356	-0.0524433	-0.064101	-0.0658178	-0.063462	-0.0708675	-0.0784048	-0.0725612	-0.0655494	-0.0691425	-0.0755954	-0.0755954	
0.654354	0.743847	0.752315	0.686569	0.583597	0.481733	0.394226	0.323867	0.253019	0.173021	0.0725011	-0.0481319	-0.177974	-0.311798	-0.448144	-0.566555	-0.657905	-0.708301	-0.693616	-0.59631	-0.409927	-0.161829	0.10683	0.369258	0.581033	0.71935	0.786842	0.783092	0.725458	0.626278	0.511365	0.395439	0.281953	0.185469	0.108345	0.0509313	0.0116667	-0.0191159	-0.0419668	-0.0540948	-0.0631332	-0.0629227	-0.0592452	-0.0675116	-0.0750718	-0.0720529	-0.0691425	-0.0737253	-0.0771729	-0.0771729	
0.68178	0.767542	0.767506	0.693247	0.58632	0.48533	0.393404	0.31644	0.242176	0.163662	0.0735322	-0.0416949	-0.173343	-0.311234	-0.452818	-0.576054	-0.670176	-0.715028	-0.695522	-0.599111	-0.412308	-0.163529	0.101092	0.360325	0.574567	0.721094	0.797522	0.793738	0.728012	0.624519	0.511995	0.394076	0.278154	0.185137	0.112419	0.0536219	0.0101562	-0.021116	-0.0421929	-0.0479211	-0.0580283	-0.0712103	-0.0731495	-0.0727172	-0.0693895	-0.068081	-0.0755954	-0.0771729	-0.0649575	-0.0649575	
0.68178	0.767542	0.767506	0.693247	0.58632	0.48533	0.393404	0.31644	0.242176	0.163662	0.0735322	-0.0416949	-0.173343	-0.311234	-0.452818	-0.576054	-0.670176	-0.715028	-0.695522	-0.599111	-0.412308	-0.163529	0.101092	0.360325	0.574567	0.721094	0.797522	0.793738	0.728012	0.624519	0.511995	0.394076	0.278154	0.185137	0.112419	0.0536219	0.0101562	-0.021116	-0.0421929	-0.0479211	-0.0580283	-0.0712103	-0.0731495	-0.0727172	-0.0693895	-0.068081	-0.0755954	-0.0771729	-0.0649575	-0.0649575	
