-0.306154	-0.306154	-0.290484	-0.266543	-0.24222	-0.219758	-0.197418	-0.17948	-0.174456	-0.198892	-0.245721	-0.291141	-0.33423	-0.387227	-0.445648	-0.500923	-0.539062	-0.537851	-0.491165	-0.410285	-0.286242	-0.108619	0.10726	0.329463	0.561588	0.790767	0.968418	1.04564	1.01321	0.890304	0.699886	0.467076	0.218622	-0.00822668	-0.191034	-0.309477	-0.350797	-0.320007	-0.250672	-0.177378	-0.111372	-0.0774782	-0.0833331	-0.111701	-0.158477	-0.218335	-0.285373	-0.343411	-0.375705	-0.364223	
-0.306154	-0.306154	-0.290484	-0.266543	-0.24222	-0.219758	-0.197418	-0.17948	-0.174456	-0.198892	-0.245721	-0.291141	-0.33423	-0.387227	-0.445648	-0.500923	-0.539062	-0.537851	-0.491165	-0.410285	-0.286242	-0.108619	0.10726	0.329463	0.561588	0.790767	0.968418	1.04564	1.01321	0.890304	0.699886	0.467076	0.218622	-0.00822668	-0.191034	-0.309477	-0.350797	-0.320007	-0.250672	-0.177378	-0.111372	-0.0774782	-0.0833331	-0.111701	-0.158477	-0.218335	-0.285373	-0.343411	-0.375705	-0.364223	
-0.290484	-0.290484	-0.284101	-0.267793	-0.250697	-0.23499	-0.211985	-0.190683	-0.190776	-0.215068	-0.251836	-0.29547	-0.348372	-0.400381	-0.446317	-0.490257	-0.51674	-0.504254	-0.454975	-0.376708	-0.253744	-0.0793861	0.132405	0.354316	0.579716	0.79016	0.94634	1.01343	0.980703	0.861505	0.674935	0.445469	0.197409	-0.0276139	-0.199859	-0.303741	-0.339056	-0.309553	-0.241467	-0.167293	-0.101282	-0.0658698	-0.0702355	-0.101882	-0.155926	-0.221279	-0.28986	-0.343387	-0.363952	-0.345857	
-0.266543	-0.266543	-0.267793	-0.258883	-0.247323	-0.240726	-0.228539	-0.220988	-0.227434	-0.243049	-0.263687	-0.306257	-0.365875	-0.415641	-0.447546	-0.473391	-0.481947	-0.457774	-0.404942	-0.322761	-0.196475	-0.0260169	0.176813	0.387418	0.593493	0.770554	0.895864	0.948849	0.919322	0.805998	0.62594	0.402314	0.15701	-0.0627094	-0.216118	-0.296763	-0.320461	-0.292476	-0.226239	-0.153915	-0.0916049	-0.0590409	-0.0634886	-0.0994097	-0.160259	-0.227681	-0.291217	-0.333773	-0.342069	-0.319466	
-0.24222	-0.24222	-0.250697	-0.247323	-0.235791	-0.2333	-0.246085	-0.266621	-0.282007	-0.286206	-0.296611	-0.326994	-0.373692	-0.415524	-0.440794	-0.449631	-0.439161	-0.402564	-0.335903	-0.240024	-0.109291	0.0544464	0.240364	0.426888	0.601744	0.74549	0.835866	0.866337	0.828695	0.720447	0.54976	0.33641	0.103344	-0.0986586	-0.233345	-0.29823	-0.310911	-0.273967	-0.201856	-0.124861	-0.0656636	-0.042454	-0.0587693	-0.103547	-0.167888	-0.230474	-0.279428	-0.307509	-0.312558	-0.300763	
-0.219758	-0.219758	-0.23499	-0.240726	-0.2333	-0.24025	-0.27154	-0.311218	-0.332578	-0.343385	-0.352181	-0.362282	-0.378653	-0.403969	-0.417405	-0.409776	-0.383995	-0.330616	-0.242749	-0.130659	0.00128551	0.153994	0.318256	0.472882	0.613527	0.720297	0.777183	0.776306	0.719735	0.607591	0.447871	0.25141	0.0406167	-0.139079	-0.256355	-0.307399	-0.303062	-0.250711	-0.166514	-0.0850619	-0.0289603	-0.0183996	-0.0501493	-0.104679	-0.168123	-0.221891	-0.255589	-0.271158	-0.283134	-0.28896	
-0.197418	-0.197418	-0.211985	-0.228539	-0.246085	-0.27154	-0.306942	-0.340502	-0.369098	-0.393321	-0.407957	-0.405339	-0.401975	-0.399219	-0.382598	-0.352782	-0.311206	-0.241649	-0.140328	-0.023782	0.107361	0.25359	0.398576	0.520703	0.616774	0.685736	0.711515	0.684818	0.608682	0.494718	0.339104	0.149789	-0.042703	-0.196147	-0.291865	-0.322512	-0.293816	-0.219682	-0.131225	-0.055435	-0.00784802	-0.00696426	-0.0491172	-0.102409	-0.152416	-0.192624	-0.218617	-0.236871	-0.260132	-0.285506	
-0.17948	-0.17948	-0.190683	-0.220988	-0.266621	-0.311218	-0.340502	-0.368694	-0.400622	-0.430595	-0.443927	-0.444512	-0.430697	-0.395745	-0.341592	-0.283547	-0.217131	-0.12894	-0.0248723	0.0869626	0.211077	0.346651	0.475973	0.568642	0.623484	0.649598	0.6455	0.595668	0.506764	0.384211	0.226239	0.0424796	-0.136975	-0.273246	-0.341613	-0.337854	-0.276724	-0.185371	-0.0967581	-0.0323108	0.00664147	0.00548866	-0.033128	-0.081496	-0.122075	-0.152407	-0.181305	-0.211636	-0.245481	-0.276489	
-0.174456	-0.174456	-0.190776	-0.227434	-0.282007	-0.332578	-0.369098	-0.400622	-0.434397	-0.458054	-0.471121	-0.469002	-0.439088	-0.376642	-0.299436	-0.216313	-0.119758	-0.0119728	0.0956861	0.198438	0.305252	0.422083	0.530387	0.598733	0.623961	0.622306	0.586898	0.51291	0.405017	0.26885	0.105729	-0.0699718	-0.233581	-0.348347	-0.39176	-0.363423	-0.28081	-0.174234	-0.0803952	-0.0138631	0.0249623	0.0285882	-0.00187806	-0.0456882	-0.0844239	-0.114442	-0.149122	-0.196146	-0.242596	-0.281989	
-0.198892	-0.198892	-0.215068	-0.243049	-0.286206	-0.343385	-0.393321	-0.430595	-0.458054	-0.482012	-0.491729	-0.473662	-0.418778	-0.340318	-0.248468	-0.1433	-0.0260693	0.0940561	0.205392	0.302413	0.393802	0.485852	0.562715	0.605408	0.61899	0.600047	0.542297	0.446035	0.31499	0.154375	-0.014601	-0.177787	-0.321511	-0.41621	-0.439609	-0.394986	-0.303269	-0.190868	-0.0830203	-0.00229369	0.0427603	0.0548821	0.0391785	0.00181014	-0.0419147	-0.0810997	-0.125852	-0.181296	-0.242298	-0.292926	
-0.245721	-0.245721	-0.251836	-0.263687	-0.296611	-0.352181	-0.407957	-0.443927	-0.471121	-0.491729	-0.489709	-0.449279	-0.380775	-0.293458	-0.186511	-0.0644286	0.0622384	0.18667	0.299276	0.393844	0.47653	0.544519	0.584374	0.603717	0.608519	0.586052	0.520921	0.40956	0.251218	0.0675224	-0.113144	-0.274491	-0.401264	-0.476488	-0.490971	-0.446055	-0.352517	-0.227108	-0.0941027	0.0117197	0.0703423	0.08901	0.0799776	0.0520345	0.0101094	-0.0425079	-0.0968523	-0.158241	-0.228761	-0.296885	
-0.291141	-0.291141	-0.29547	-0.306257	-0.326994	-0.362282	-0.405339	-0.444512	-0.469002	-0.473662	-0.449279	-0.39792	-0.32623	-0.234015	-0.119161	0.0079254	0.137453	0.263062	0.376026	0.471252	0.54374	0.582119	0.592192	0.594585	0.592313	0.568873	0.505325	0.383508	0.208966	0.0101492	-0.183413	-0.350497	-0.47472	-0.548342	-0.561754	-0.513965	-0.413733	-0.269689	-0.109488	0.0221022	0.100339	0.128476	0.122868	0.0973385	0.0530928	-0.00844601	-0.0763262	-0.143016	-0.214493	-0.285608	
-0.33423	-0.33423	-0.348372	-0.365875	-0.373692	-0.378653	-0.401975	-0.430697	-0.439088	-0.418778	-0.380775	-0.32623	-0.251592	-0.156433	-0.0473095	0.0712045	0.194445	0.314791	0.425944	0.518164	0.573607	0.592608	0.592617	0.585102	0.568025	0.53892	0.474505	0.353268	0.18207	-0.01753	-0.222136	-0.403694	-0.541514	-0.625594	-0.642482	-0.593495	-0.479182	-0.316416	-0.140579	0.0120342	0.116448	0.162609	0.164179	0.138229	0.089815	0.0190545	-0.0618771	-0.145448	-0.221934	-0.287603	
-0.387227	-0.387227	-0.400381	-0.415641	-0.415524	-0.403969	-0.399219	-0.395745	-0.376642	-0.340318	-0.293458	-0.234015	-0.156433	-0.0645481	0.0349048	0.138919	0.244782	0.34781	0.44822	0.529337	0.575573	0.597081	0.605879	0.597337	0.569123	0.522922	0.445591	0.330026	0.175238	-0.0169013	-0.225537	-0.424244	-0.587986	-0.692846	-0.718283	-0.664351	-0.538751	-0.36929	-0.187991	-0.0159802	0.11806	0.196099	0.218343	0.191417	0.132168	0.0517754	-0.0451364	-0.142995	-0.226832	-0.285429	
-0.445648	-0.445648	-0.446317	-0.447546	-0.440794	-0.417405	-0.382598	-0.341592	-0.299436	-0.248468	-0.186511	-0.119161	-0.0473095	0.0349048	0.122101	0.207025	0.287739	0.367107	0.443144	0.505932	0.551991	0.59096	0.617371	0.620271	0.591926	0.531562	0.444038	0.332089	0.183879	-0.00337203	-0.212081	-0.423958	-0.606444	-0.730079	-0.771739	-0.726811	-0.601652	-0.433554	-0.245848	-0.0550862	0.106051	0.214529	0.258472	0.239175	0.178186	0.0876445	-0.015825	-0.119632	-0.206594	-0.261138	
-0.500923	-0.500923	-0.490257	-0.473391	-0.449631	-0.409776	-0.352782	-0.283547	-0.216313	-0.1433	-0.0644286	0.0079254	0.0712045	0.138919	0.207025	0.26754	0.324086	0.375734	0.421521	0.465444	0.515092	0.565585	0.604441	0.62572	0.613397	0.559225	0.470976	0.353361	0.19964	0.0119989	-0.200629	-0.422038	-0.612271	-0.74429	-0.798345	-0.766732	-0.659142	-0.498973	-0.305384	-0.103247	0.0758288	0.207882	0.273428	0.267818	0.211791	0.120899	0.0134595	-0.0903124	-0.170385	-0.221951	
-0.539062	-0.539062	-0.51674	-0.481947	-0.439161	-0.383995	-0.311206	-0.217131	-0.119758	-0.0260693	0.0622384	0.137453	0.194445	0.244782	0.287739	0.324086	0.356533	0.381645	0.399734	0.428899	0.478529	0.536435	0.587601	0.624466	0.63148	0.597373	0.519654	0.395961	0.231714	0.0373111	-0.183363	-0.409405	-0.601823	-0.738881	-0.80164	-0.791515	-0.706984	-0.55689	-0.359078	-0.148696	0.0424938	0.190413	0.275542	0.287303	0.24149	0.15778	0.0533035	-0.0522327	-0.131694	-0.183792	
-0.537851	-0.537851	-0.504254	-0.457774	-0.402564	-0.330616	-0.241649	-0.12894	-0.0119728	0.0940561	0.18667	0.263062	0.314791	0.34781	0.367107	0.375734	0.381645	0.379964	0.379871	0.400664	0.451728	0.516352	0.577979	0.629645	0.656228	0.641223	0.569774	0.447798	0.287705	0.0929819	-0.131273	-0.359899	-0.560042	-0.711888	-0.791149	-0.803193	-0.741979	-0.605191	-0.408422	-0.19182	0.00762352	0.167822	0.269595	0.29597	0.264826	0.197973	0.104749	0.00446444	-0.0780001	-0.140545	
-0.491165	-0.491165	-0.454975	-0.404942	-0.335903	-0.242749	-0.140328	-0.0248723	0.0956861	0.205392	0.299276	0.376026	0.425944	0.44822	0.443144	0.421521	0.399734	0.379871	0.372087	0.392101	0.44317	0.510123	0.580772	0.643857	0.681775	0.675134	0.616336	0.51348	0.366203	0.172112	-0.0488551	-0.274479	-0.487279	-0.66636	-0.771478	-0.802416	-0.753926	-0.630309	-0.44602	-0.232526	-0.0321564	0.133402	0.246025	0.290987	0.281109	0.234395	0.161254	0.0740927	-0.0118737	-0.0819569	
-0.410285	-0.410285	-0.376708	-0.322761	-0.240024	-0.130659	-0.023782	0.0869626	0.198438	0.302413	0.393844	0.471252	0.518164	0.529337	0.505932	0.465444	0.428899	0.400664	0.392101	0.41302	0.45792	0.518071	0.588705	0.6596	0.704793	0.705642	0.665885	0.590321	0.459978	0.267163	0.0465549	-0.181357	-0.40621	-0.60824	-0.739945	-0.783842	-0.739855	-0.628581	-0.465728	-0.269326	-0.0751644	0.0908622	0.215856	0.281219	0.294558	0.266429	0.210606	0.135588	0.0561318	-0.0172442	
-0.286242	-0.286242	-0.253744	-0.196475	-0.109291	0.00128551	0.107361	0.211077	0.305252	0.393802	0.47653	0.54374	0.573607	0.575573	0.551991	0.515092	0.478529	0.451728	0.44317	0.45792	0.490494	0.538155	0.603027	0.673347	0.72517	0.742097	0.729439	0.676274	0.554079	0.366507	0.146143	-0.0867161	-0.321137	-0.535784	-0.688358	-0.746423	-0.709693	-0.610589	-0.465618	-0.289988	-0.109454	0.0553071	0.191116	0.272652	0.300531	0.287527	0.240962	0.177317	0.112283	0.0470414	
-0.108619	-0.108619	-0.0793861	-0.0260169	0.0544464	0.153994	0.25359	0.346651	0.422083	0.485852	0.544519	0.582119	0.592608	0.597081	0.59096	0.565585	0.536435	0.516352	0.510123	0.518071	0.538155	0.569045	0.618663	0.685521	0.749307	0.789569	0.795859	0.754008	0.644242	0.47422	0.256532	0.016116	-0.221809	-0.441344	-0.604887	-0.68284	-0.667759	-0.585295	-0.450386	-0.292899	-0.130939	0.0265708	0.16234	0.250564	0.290605	0.288551	0.250238	0.198284	0.152737	0.110395	
0.10726	0.10726	0.132405	0.176813	0.240364	0.318256	0.398576	0.475973	0.530387	0.562715	0.584374	0.592192	0.592617	0.605879	0.617371	0.604441	0.587601	0.577979	0.580772	0.588705	0.603027	0.618663	0.653023	0.712828	0.784683	0.840746	0.857873	0.822904	0.728546	0.57472	0.364381	0.123028	-0.116638	-0.337256	-0.501052	-0.595904	-0.609586	-0.545259	-0.424052	-0.285196	-0.143504	-0.00312452	0.118193	0.209155	0.262217	0.275728	0.249042	0.207006	0.181657	0.172748	
0.329463	0.329463	0.354316	0.387418	0.426888	0.472882	0.520703	0.568642	0.598733	0.605408	0.603717	0.594585	0.585102	0.597337	0.620271	0.62572	0.624466	0.629645	0.643857	0.6596	0.673347	0.685521	0.712828	0.76557	0.8319	0.886108	0.906356	0.880899	0.798926	0.64878	0.445995	0.214991	-0.0158774	-0.230397	-0.39164	-0.495461	-0.527898	-0.484022	-0.392051	-0.278829	-0.161136	-0.0466882	0.0607587	0.149114	0.213707	0.247496	0.239424	0.211171	0.209061	0.236133	
0.561588	0.561588	0.579716	0.593493	0.601744	0.613527	0.616774	0.623484	0.623961	0.61899	0.608519	0.592313	0.568025	0.569123	0.591926	0.613397	0.63148	0.656228	0.681775	0.704793	0.72517	0.749307	0.784683	0.8319	0.882644	0.918959	0.934495	0.913958	0.83575	0.68436	0.490759	0.282901	0.069442	-0.132692	-0.293305	-0.396178	-0.434316	-0.413752	-0.354808	-0.277909	-0.190845	-0.100478	-0.00821463	0.0673799	0.131835	0.18463	0.204195	0.212716	0.249081	0.303688	
0.790767	0.790767	0.79016	0.770554	0.74549	0.720297	0.685736	0.649598	0.622306	0.600047	0.586052	0.568873	0.53892	0.522922	0.531562	0.559225	0.597373	0.641223	0.675134	0.705642	0.742097	0.789569	0.840746	0.886108	0.918959	0.933434	0.930571	0.907517	0.830421	0.689618	0.511042	0.327193	0.133248	-0.0546357	-0.206118	-0.301352	-0.344958	-0.347854	-0.320568	-0.280709	-0.232906	-0.170235	-0.101736	-0.04553	0.0102413	0.0754584	0.134439	0.202877	0.287362	0.378334	
0.968418	0.968418	0.94634	0.895864	0.835866	0.777183	0.711515	0.6455	0.586898	0.542297	0.520921	0.505325	0.474505	0.445591	0.444038	0.470976	0.519654	0.569774	0.616336	0.665885	0.729439	0.795859	0.857873	0.906356	0.934495	0.930571	0.905045	0.869488	0.794865	0.668555	0.509423	0.341616	0.165832	-0.000458646	-0.128817	-0.219059	-0.277926	-0.309258	-0.310069	-0.300476	-0.284591	-0.254706	-0.219623	-0.179778	-0.128702	-0.0554966	0.0442081	0.167745	0.304671	0.440641	
1.04564	1.04564	1.01343	0.948849	0.866337	0.776306	0.684818	0.595668	0.51291	0.446035	0.40956	0.383508	0.353268	0.330026	0.332089	0.353361	0.395961	0.447798	0.51348	0.590321	0.676274	0.754008	0.822904	0.880899	0.913958	0.907517	0.869488	0.814005	0.730567	0.613922	0.476302	0.323732	0.171842	0.0315147	-0.0794913	-0.170196	-0.25221	-0.314028	-0.344668	-0.353776	-0.358475	-0.357747	-0.344129	-0.314811	-0.262197	-0.173871	-0.0477174	0.11213	0.294633	0.482838	
1.01321	1.01321	0.980703	0.919322	0.828695	0.719735	0.608682	0.506764	0.405017	0.31499	0.251218	0.208966	0.18207	0.175238	0.183879	0.19964	0.231714	0.287705	0.366203	0.459978	0.554079	0.644242	0.728546	0.798926	0.83575	0.830421	0.794865	0.730567	0.640375	0.524301	0.400648	0.275044	0.15258	0.029149	-0.0813892	-0.180665	-0.27771	-0.362901	-0.418282	-0.451624	-0.468086	-0.477211	-0.472661	-0.446104	-0.386219	-0.284716	-0.139654	0.0462602	0.267878	0.497242	
0.890304	0.890304	0.861505	0.805998	0.720447	0.607591	0.494718	0.384211	0.26885	0.154375	0.0675224	0.0101492	-0.01753	-0.0169013	-0.00337203	0.0119989	0.0373111	0.0929819	0.172112	0.267163	0.366507	0.47422	0.57472	0.64878	0.68436	0.689618	0.668555	0.613922	0.524301	0.412307	0.301242	0.204031	0.101456	-0.0167444	-0.137679	-0.248088	-0.352834	-0.445428	-0.5231	-0.578306	-0.604184	-0.608456	-0.600676	-0.570524	-0.506467	-0.391357	-0.229292	-0.0176038	0.235809	0.498272	
0.699886	0.699886	0.674935	0.62594	0.54976	0.447871	0.339104	0.226239	0.105729	-0.014601	-0.113144	-0.183413	-0.222136	-0.225537	-0.212081	-0.200629	-0.183363	-0.131273	-0.0488551	0.0465549	0.146143	0.256532	0.364381	0.445995	0.490759	0.511042	0.509423	0.476302	0.400648	0.301242	0.204813	0.120187	0.0210192	-0.099143	-0.229272	-0.354357	-0.465679	-0.562407	-0.65381	-0.717155	-0.744825	-0.74134	-0.722463	-0.680475	-0.601417	-0.472757	-0.290963	-0.0575991	0.218349	0.503503	
0.467076	0.467076	0.445469	0.402314	0.33641	0.25141	0.149789	0.0424796	-0.0699718	-0.177787	-0.274491	-0.350497	-0.403694	-0.424244	-0.423958	-0.422038	-0.409405	-0.359899	-0.274479	-0.181357	-0.0867161	0.016116	0.123028	0.214991	0.282901	0.327193	0.341616	0.323732	0.275044	0.204031	0.120187	0.0230175	-0.0924323	-0.220494	-0.353963	-0.483887	-0.604203	-0.710294	-0.80029	-0.857873	-0.879802	-0.866344	-0.824428	-0.761776	-0.655496	-0.504709	-0.309573	-0.0613681	0.226111	0.518277	
0.218622	0.218622	0.197409	0.15701	0.103344	0.0406167	-0.042703	-0.136975	-0.233581	-0.321511	-0.401264	-0.47472	-0.541514	-0.587986	-0.606444	-0.612271	-0.601823	-0.560042	-0.487279	-0.40621	-0.321137	-0.221809	-0.116638	-0.0158774	0.069442	0.133248	0.165832	0.171842	0.15258	0.101456	0.0210192	-0.0924323	-0.228685	-0.370471	-0.504715	-0.634511	-0.7556	-0.862182	-0.940977	-0.990254	-0.99896	-0.966929	-0.898904	-0.805831	-0.67134	-0.501611	-0.288637	-0.0257397	0.263524	0.548805	
-0.00822668	-0.00822668	-0.0276139	-0.0627094	-0.0986586	-0.139079	-0.196147	-0.273246	-0.348347	-0.41621	-0.476488	-0.548342	-0.625594	-0.692846	-0.730079	-0.74429	-0.738881	-0.711888	-0.66636	-0.60824	-0.535784	-0.441344	-0.337256	-0.230397	-0.132692	-0.0546357	-0.000458646	0.0315147	0.029149	-0.0167444	-0.099143	-0.220494	-0.370471	-0.529506	-0.671995	-0.799348	-0.906963	-0.998529	-1.06464	-1.1028	-1.09793	-1.03738	-0.936613	-0.806411	-0.647773	-0.457829	-0.225507	0.0452868	0.325373	0.591755	
-0.191034	-0.191034	-0.199859	-0.216118	-0.233345	-0.256355	-0.291865	-0.341613	-0.39176	-0.439609	-0.490971	-0.561754	-0.642482	-0.718283	-0.771739	-0.798345	-0.80164	-0.791149	-0.771478	-0.739945	-0.688358	-0.604887	-0.501052	-0.39164	-0.293305	-0.206118	-0.128817	-0.0794913	-0.0813892	-0.137679	-0.229272	-0.353963	-0.504715	-0.671995	-0.824945	-0.944529	-1.03356	-1.10372	-1.15745	-1.17876	-1.15425	-1.06423	-0.925644	-0.754648	-0.565029	-0.354631	-0.113746	0.145258	0.401067	0.6405	
-0.309477	-0.309477	-0.303741	-0.296763	-0.29823	-0.307399	-0.322512	-0.337854	-0.363423	-0.394986	-0.446055	-0.513965	-0.593495	-0.664351	-0.726811	-0.766732	-0.791515	-0.803193	-0.802416	-0.783842	-0.746423	-0.68284	-0.595904	-0.495461	-0.396178	-0.301352	-0.219059	-0.170196	-0.180665	-0.248088	-0.354357	-0.483887	-0.634511	-0.799348	-0.944529	-1.05267	-1.13193	-1.18603	-1.21756	-1.21125	-1.15993	-1.04535	-0.874287	-0.664639	-0.436504	-0.204978	0.0307449	0.258922	0.476391	0.680592	
-0.350797	-0.350797	-0.339056	-0.320461	-0.310911	-0.303062	-0.293816	-0.276724	-0.28081	-0.303269	-0.352517	-0.413733	-0.479182	-0.538751	-0.601652	-0.659142	-0.706984	-0.741979	-0.753926	-0.739855	-0.709693	-0.667759	-0.609586	-0.527898	-0.434316	-0.344958	-0.277926	-0.25221	-0.27771	-0.352834	-0.465679	-0.604203	-0.7556	-0.906963	-1.03356	-1.13193	-1.19826	-1.23287	-1.23136	-1.18991	-1.10725	-0.978675	-0.786893	-0.549355	-0.292966	-0.0484225	0.177292	0.371406	0.547807	0.705804	
-0.320007	-0.320007	-0.309553	-0.292476	-0.273967	-0.250711	-0.219682	-0.185371	-0.174234	-0.190868	-0.227108	-0.269689	-0.316416	-0.36929	-0.433554	-0.498973	-0.55689	-0.605191	-0.630309	-0.628581	-0.610589	-0.585295	-0.545259	-0.484022	-0.413752	-0.347854	-0.309258	-0.314028	-0.362901	-0.445428	-0.562407	-0.710294	-0.862182	-0.998529	-1.10372	-1.18603	-1.23287	-1.2403	-1.20554	-1.12533	-1.01127	-0.857913	-0.646456	-0.399957	-0.142892	0.095135	0.299072	0.465049	0.600238	0.710115	
-0.250672	-0.250672	-0.241467	-0.226239	-0.201856	-0.166514	-0.131225	-0.0967581	-0.0803952	-0.0830203	-0.0941027	-0.109488	-0.140579	-0.187991	-0.245848	-0.305384	-0.359078	-0.408422	-0.44602	-0.465728	-0.465618	-0.450386	-0.424052	-0.392051	-0.354808	-0.320568	-0.310069	-0.344668	-0.418282	-0.5231	-0.65381	-0.80029	-0.940977	-1.06464	-1.15745	-1.21756	-1.23136	-1.20554	-1.13433	-1.01856	-0.866636	-0.681386	-0.458074	-0.220864	0.0134967	0.223228	0.393001	0.526422	0.620674	0.677718	
-0.177378	-0.177378	-0.167293	-0.153915	-0.124861	-0.0850619	-0.055435	-0.0323108	-0.0138631	-0.00229369	0.0117197	0.0221022	0.0120342	-0.0159802	-0.0550862	-0.103247	-0.148696	-0.19182	-0.232526	-0.269326	-0.289988	-0.292899	-0.285196	-0.278829	-0.277909	-0.280709	-0.300476	-0.353776	-0.451624	-0.578306	-0.717155	-0.857873	-0.990254	-1.1028	-1.17876	-1.21125	-1.18991	-1.12533	-1.01856	-0.866422	-0.678473	-0.467984	-0.24799	-0.0342428	0.16509	0.338531	0.464418	0.552565	0.599876	0.606141	
-0.111372	-0.111372	-0.101282	-0.0916049	-0.0656636	-0.0289603	-0.00784802	0.00664147	0.0249623	0.0427603	0.0703423	0.100339	0.116448	0.11806	0.106051	0.0758288	0.0424938	0.00762352	-0.0321564	-0.0751644	-0.109454	-0.130939	-0.143504	-0.161136	-0.190845	-0.232906	-0.284591	-0.358475	-0.468086	-0.604184	-0.744825	-0.879802	-0.99896	-1.09793	-1.15425	-1.15993	-1.10725	-1.01127	-0.866636	-0.678473	-0.46352	-0.240883	-0.0338916	0.151565	0.315044	0.446802	0.52823	0.560956	0.554972	0.513797	
-0.0774782	-0.0774782	-0.0658698	-0.0590409	-0.042454	-0.0183996	-0.00696426	0.00548866	0.0285882	0.0548821	0.08901	0.128476	0.162609	0.196099	0.214529	0.207882	0.190413	0.167822	0.133402	0.0908622	0.0553071	0.0265708	-0.00312452	-0.0466882	-0.100478	-0.170235	-0.254706	-0.357747	-0.477211	-0.608456	-0.74134	-0.866344	-0.966929	-1.03738	-1.06423	-1.04535	-0.978675	-0.857913	-0.681386	-0.467984	-0.240883	-0.0193453	0.171388	0.32775	0.455136	0.551951	0.593421	0.575601	0.517132	0.431986	
-0.0833331	-0.0833331	-0.0702355	-0.0634886	-0.0587693	-0.0501493	-0.0491172	-0.033128	-0.00187806	0.0391785	0.0799776	0.122868	0.164179	0.218343	0.258472	0.273428	0.275542	0.269595	0.246025	0.215856	0.191116	0.16234	0.118193	0.0607587	-0.00821463	-0.101736	-0.219623	-0.344129	-0.472661	-0.600676	-0.722463	-0.824428	-0.898904	-0.936613	-0.925644	-0.874287	-0.786893	-0.646456	-0.458074	-0.24799	-0.0338916	0.171388	0.347842	0.484559	0.584395	0.648014	0.655089	0.594505	0.496273	0.375587	
-0.111701	-0.111701	-0.101882	-0.0994097	-0.103547	-0.104679	-0.102409	-0.081496	-0.0456882	0.00181014	0.0520345	0.0973385	0.138229	0.191417	0.239175	0.267818	0.287303	0.29597	0.290987	0.281219	0.272652	0.250564	0.209155	0.149114	0.0673799	-0.04553	-0.179778	-0.314811	-0.446104	-0.570524	-0.680475	-0.761776	-0.805831	-0.806411	-0.754648	-0.664639	-0.549355	-0.399957	-0.220864	-0.0342428	0.151565	0.32775	0.484559	0.601288	0.676591	0.715191	0.696866	0.61634	0.500175	0.355516	
-0.158477	-0.158477	-0.155926	-0.160259	-0.167888	-0.168123	-0.152416	-0.122075	-0.0844239	-0.0419147	0.0101094	0.0530928	0.089815	0.132168	0.178186	0.211791	0.24149	0.264826	0.281109	0.294558	0.300531	0.290605	0.262217	0.213707	0.131835	0.0102413	-0.128702	-0.262197	-0.386219	-0.506467	-0.601417	-0.655496	-0.67134	-0.647773	-0.565029	-0.436504	-0.292966	-0.142892	0.0134967	0.16509	0.315044	0.455136	0.584395	0.676591	0.729004	0.747773	0.719712	0.638612	0.51729	0.360689	
-0.218335	-0.218335	-0.221279	-0.227681	-0.230474	-0.221891	-0.192624	-0.152407	-0.114442	-0.0810997	-0.0425079	-0.00844601	0.0190545	0.0517754	0.0876445	0.120899	0.15778	0.197973	0.234395	0.266429	0.287527	0.288551	0.275728	0.247496	0.18463	0.0754584	-0.0554966	-0.173871	-0.284716	-0.391357	-0.472757	-0.504709	-0.501611	-0.457829	-0.354631	-0.204978	-0.0484225	0.095135	0.223228	0.338531	0.446802	0.551951	0.648014	0.715191	0.747773	0.759684	0.726483	0.644972	0.517891	0.352164	
-0.285373	-0.285373	-0.28986	-0.291217	-0.279428	-0.255589	-0.218617	-0.181305	-0.149122	-0.125852	-0.0968523	-0.0763262	-0.0618771	-0.0451364	-0.015825	0.0134595	0.0533035	0.104749	0.161254	0.210606	0.240962	0.250238	0.249042	0.239424	0.204195	0.134439	0.0442081	-0.0477174	-0.139654	-0.229292	-0.290963	-0.309573	-0.288637	-0.225507	-0.113746	0.0307449	0.177292	0.299072	0.393001	0.464418	0.52823	0.593421	0.655089	0.696866	0.719712	0.726483	0.69207	0.611623	0.488188	0.324104	
-0.343411	-0.343411	-0.343387	-0.333773	-0.307509	-0.271158	-0.236871	-0.211636	-0.196146	-0.181296	-0.158241	-0.143016	-0.145448	-0.142995	-0.119632	-0.0903124	-0.0522327	0.00446444	0.0740927	0.135588	0.177317	0.198284	0.207006	0.211171	0.212716	0.202877	0.167745	0.11213	0.0462602	-0.0176038	-0.0575991	-0.0613681	-0.0257397	0.0452868	0.145258	0.258922	0.371406	0.465049	0.526422	0.552565	0.560956	0.575601	0.594505	0.61634	0.638612	0.644972	0.611623	0.537313	0.426444	0.268644	
-0.375705	-0.375705	-0.363952	-0.342069	-0.312558	-0.283134	-0.260132	-0.245481	-0.242596	-0.242298	-0.228761	-0.214493	-0.221934	-0.226832	-0.206594	-0.170385	-0.131694	-0.0780001	-0.0118737	0.0561318	0.112283	0.152737	0.181657	0.209061	0.249081	0.287362	0.304671	0.294633	0.267878	0.235809	0.218349	0.226111	0.263524	0.325373	0.401067	0.476391	0.547807	0.600238	0.620674	0.599876	0.554972	0.517132	0.496273	0.500175	0.51729	0.517891	0.488188	0.426444	0.329444	0.178951	
-0.364223	-0.364223	-0.345857	-0.319466	-0.300763	-0.28896	-0.285506	-0.276489	-0.281989	-0.292926	-0.296885	-0.285608	-0.287603	-0.285429	-0.261138	-0.221951	-0.183792	-0.140545	-0.0819569	-0.0172442	0.0470414	0.110395	0.172748	0.236133	0.303688	0.378334	0.440641	0.482838	0.497242	0.498272	0.503503	0.518277	0.548805	0.591755	0.6405	0.680592	0.705804	0.710115	0.677718	0.606141	0.513797	0.431986	0.375587	0.355516	0.360689	0.352164	0.324104	0.268644	0.178951	0.0343129	
