-0.764424	-0.720103	-0.641081	-0.532725	-0.396621	-0.237258	-0.0625971	0.121924	0.297948	0.44759	0.583827	0.705175	0.812277	0.897415	0.941176	0.942254	0.911923	0.855992	0.780285	0.692205	0.605617	0.519675	0.435046	0.35263	0.278299	0.216571	0.149121	0.091829	0.042733	-0.0149595	-0.0829648	-0.170793	-0.257085	-0.323024	-0.376109	-0.424678	-0.463144	-0.482565	-0.485528	-0.475762	-0.468385	-0.47534	-0.47769	-0.470227	-0.477323	-0.487303	-0.477969	-0.461997	-0.450334	-0.450334	
-0.720103	-0.691743	-0.625469	-0.526502	-0.397005	-0.232888	-0.0399739	0.15791	0.324826	0.455889	0.567998	0.663692	0.741449	0.788729	0.799244	0.775124	0.73769	0.694694	0.635188	0.56115	0.482466	0.406828	0.336442	0.273251	0.228588	0.187734	0.131289	0.0694729	0.000959735	-0.0660522	-0.132639	-0.208479	-0.29021	-0.370325	-0.424033	-0.452384	-0.468564	-0.471407	-0.465017	-0.451315	-0.437881	-0.430703	-0.413254	-0.386804	-0.376025	-0.364286	-0.342328	-0.332767	-0.329579	-0.329579	
-0.641081	-0.625469	-0.575753	-0.48587	-0.354384	-0.180018	0.0184287	0.211223	0.369892	0.487143	0.568687	0.619695	0.644342	0.639057	0.610502	0.563182	0.51684	0.468399	0.413901	0.352164	0.286818	0.234628	0.197206	0.174242	0.160466	0.143051	0.11107	0.0605315	-0.00182008	-0.0669914	-0.13645	-0.208216	-0.285102	-0.359714	-0.412495	-0.439261	-0.440702	-0.432197	-0.422403	-0.406883	-0.392328	-0.379398	-0.354808	-0.322785	-0.30077	-0.26933	-0.233402	-0.22707	-0.232653	-0.232653	
-0.532725	-0.526502	-0.48587	-0.395761	-0.262125	-0.0932145	0.0936671	0.280026	0.432372	0.533658	0.572145	0.563278	0.523592	0.465994	0.394188	0.315843	0.250226	0.188165	0.135443	0.0860693	0.0408731	0.0150897	0.0206484	0.0459483	0.0705396	0.087863	0.080333	0.0518964	0.014133	-0.0358184	-0.0985129	-0.170808	-0.243665	-0.301327	-0.339126	-0.357794	-0.360567	-0.357938	-0.349915	-0.343354	-0.336103	-0.318926	-0.29544	-0.265681	-0.238232	-0.206119	-0.174182	-0.172502	-0.185749	-0.185749	
-0.396621	-0.397005	-0.354384	-0.262125	-0.135404	0.0156805	0.188012	0.359562	0.495037	0.56216	0.548844	0.480442	0.385246	0.28038	0.159204	0.0454696	-0.0423167	-0.11446	-0.166145	-0.200025	-0.221667	-0.219123	-0.174931	-0.112664	-0.0480683	0.0119831	0.037934	0.0319371	0.0174047	-0.00407887	-0.0443074	-0.100604	-0.156803	-0.195513	-0.215892	-0.225284	-0.235339	-0.248268	-0.25043	-0.254728	-0.25694	-0.244118	-0.232002	-0.214941	-0.194829	-0.179928	-0.166314	-0.168091	-0.181374	-0.181374	
-0.237258	-0.232888	-0.180018	-0.0932145	0.0156805	0.149616	0.302522	0.444923	0.540672	0.558327	0.496141	0.373966	0.225866	0.0720354	-0.0859003	-0.226005	-0.33544	-0.417628	-0.464468	-0.476649	-0.472425	-0.442973	-0.37029	-0.27746	-0.182017	-0.0908571	-0.0308825	-0.00421778	0.00904771	0.0112597	0.00119737	-0.0194002	-0.0414649	-0.0554598	-0.065493	-0.0698775	-0.0816769	-0.106383	-0.125686	-0.145526	-0.160758	-0.163729	-0.168183	-0.172956	-0.177374	-0.181956	-0.187619	-0.19408	-0.19301	-0.19301	
-0.0625971	-0.0399739	0.0184287	0.0936671	0.188012	0.302522	0.420126	0.516548	0.562133	0.530201	0.418915	0.242857	0.0456881	-0.143155	-0.320241	-0.480953	-0.606824	-0.690465	-0.725844	-0.720328	-0.688689	-0.631823	-0.546643	-0.439645	-0.323066	-0.212377	-0.13032	-0.0707734	-0.0221255	0.0128529	0.0366421	0.0549522	0.0761703	0.0941886	0.0971159	0.0876203	0.0711743	0.0453326	0.00610636	-0.033852	-0.0639681	-0.0899361	-0.110571	-0.134794	-0.167309	-0.190892	-0.209078	-0.21821	-0.208257	-0.208257	
0.121924	0.15791	0.211223	0.280026	0.359562	0.444923	0.516548	0.56376	0.554414	0.472297	0.313771	0.0997695	-0.128981	-0.341887	-0.532564	-0.700713	-0.827658	-0.90297	-0.927031	-0.912542	-0.853508	-0.770975	-0.682486	-0.582888	-0.467302	-0.345959	-0.243911	-0.156909	-0.0812824	-0.0127273	0.0529528	0.115793	0.174394	0.219823	0.240024	0.225982	0.201437	0.175215	0.128077	0.0711037	0.0205167	-0.0219805	-0.0590226	-0.100188	-0.145599	-0.185542	-0.211151	-0.217298	-0.212779	-0.212779	
0.297948	0.324826	0.369892	0.432372	0.495037	0.540672	0.562133	0.554414	0.495056	0.375241	0.189495	-0.0384719	-0.283903	-0.510195	-0.69953	-0.854818	-0.976693	-1.045	-1.05885	-1.02941	-0.952605	-0.860989	-0.774169	-0.68798	-0.586034	-0.474865	-0.36069	-0.249235	-0.153972	-0.0586656	0.0397312	0.138719	0.226138	0.293247	0.331063	0.322724	0.291527	0.259511	0.221921	0.166787	0.100644	0.0444523	-0.00581538	-0.0568371	-0.107087	-0.152343	-0.180205	-0.191234	-0.195549	-0.195549	
0.44759	0.455889	0.487143	0.533658	0.56216	0.558327	0.530201	0.472297	0.375241	0.232191	0.0410409	-0.182178	-0.41855	-0.632278	-0.805517	-0.946631	-1.06065	-1.11888	-1.11727	-1.06913	-0.984782	-0.895686	-0.819217	-0.742958	-0.655157	-0.560551	-0.45024	-0.338594	-0.233487	-0.122815	-0.00529805	0.113825	0.212267	0.289554	0.343104	0.358422	0.336363	0.30212	0.279004	0.241761	0.182129	0.117266	0.0551436	0.00297424	-0.047626	-0.090879	-0.11866	-0.139804	-0.150867	-0.150867	
0.583827	0.567998	0.568687	0.572145	0.548844	0.496141	0.418915	0.313771	0.189495	0.0410409	-0.14063	-0.340878	-0.536661	-0.713113	-0.865232	-0.990189	-1.08407	-1.12454	-1.10912	-1.04967	-0.96326	-0.878897	-0.809529	-0.745983	-0.675817	-0.592662	-0.498946	-0.408388	-0.311823	-0.196811	-0.0732259	0.040669	0.137608	0.217186	0.277301	0.319723	0.326434	0.311252	0.306797	0.293583	0.252242	0.190754	0.128725	0.0758327	0.0310614	-0.00257245	-0.0340108	-0.0631641	-0.0772635	-0.0772635	
0.705175	0.663692	0.619695	0.563278	0.480442	0.373966	0.242857	0.0997695	-0.0384719	-0.182178	-0.340878	-0.497181	-0.639784	-0.775465	-0.896781	-0.988049	-1.04898	-1.07289	-1.05014	-0.988576	-0.908002	-0.827574	-0.758366	-0.706134	-0.6605	-0.598967	-0.522317	-0.451383	-0.374968	-0.269395	-0.153687	-0.0588709	0.0194569	0.0934056	0.164715	0.22921	0.269914	0.288337	0.303516	0.313104	0.296908	0.256607	0.207646	0.159996	0.129226	0.101347	0.0659424	0.0387056	0.0188417	0.0188417	
0.812277	0.741449	0.644342	0.523592	0.385246	0.225866	0.0456881	-0.128981	-0.283903	-0.41855	-0.536661	-0.639784	-0.737362	-0.829692	-0.904356	-0.949512	-0.974513	-0.973521	-0.942363	-0.888839	-0.819163	-0.748348	-0.687314	-0.649633	-0.627627	-0.597595	-0.546464	-0.48533	-0.422032	-0.342736	-0.251808	-0.171339	-0.108473	-0.042578	0.0374351	0.115192	0.184038	0.238911	0.275022	0.300718	0.310976	0.305621	0.284551	0.249018	0.227611	0.209387	0.176273	0.151893	0.140186	0.140186	
0.897415	0.788729	0.639057	0.465994	0.28038	0.0720354	-0.143155	-0.341887	-0.510195	-0.632278	-0.713113	-0.775465	-0.829692	-0.867003	-0.883621	-0.886475	-0.877009	-0.839975	-0.794312	-0.749409	-0.69699	-0.645412	-0.612095	-0.59582	-0.587604	-0.588994	-0.572052	-0.52948	-0.475797	-0.418059	-0.356398	-0.288679	-0.231245	-0.171613	-0.0890658	-0.000411473	0.0852418	0.167271	0.229875	0.271647	0.306244	0.334915	0.344391	0.332802	0.32157	0.310015	0.288101	0.273118	0.270683	0.270683	
0.941176	0.799244	0.610502	0.394188	0.159204	-0.0859003	-0.320241	-0.532564	-0.69953	-0.805517	-0.865232	-0.896781	-0.904356	-0.883621	-0.840832	-0.796045	-0.750555	-0.684869	-0.624604	-0.587805	-0.557392	-0.536522	-0.537891	-0.541633	-0.55179	-0.580224	-0.592217	-0.573423	-0.532854	-0.487579	-0.44364	-0.393894	-0.343288	-0.289062	-0.216033	-0.121427	-0.0194763	0.0809904	0.164872	0.227643	0.289074	0.348783	0.389031	0.405623	0.410663	0.406397	0.393896	0.390299	0.395459	0.395459	
0.942254	0.775124	0.563182	0.315843	0.0454696	-0.226005	-0.480953	-0.700713	-0.854818	-0.946631	-0.990189	-0.988049	-0.949512	-0.886475	-0.796045	-0.696958	-0.609607	-0.526729	-0.468262	-0.442024	-0.432274	-0.434709	-0.454284	-0.479608	-0.515559	-0.56187	-0.584955	-0.583648	-0.571548	-0.547333	-0.516509	-0.486924	-0.446409	-0.391303	-0.32318	-0.231218	-0.125332	-0.0201049	0.0782234	0.16678	0.25102	0.336053	0.408423	0.454927	0.485987	0.497628	0.497231	0.507953	0.517853	0.517853	
0.911923	0.73769	0.51684	0.250226	-0.0423167	-0.33544	-0.606824	-0.827658	-0.976693	-1.06065	-1.08407	-1.04898	-0.974513	-0.877009	-0.750555	-0.609607	-0.487192	-0.401239	-0.351732	-0.332534	-0.338173	-0.353617	-0.378447	-0.415786	-0.468066	-0.516349	-0.540488	-0.558059	-0.578331	-0.587024	-0.576021	-0.553511	-0.517674	-0.466236	-0.401072	-0.318129	-0.223321	-0.127512	-0.0301191	0.0780099	0.187494	0.29015	0.385778	0.466293	0.531865	0.57467	0.602429	0.632875	0.651483	0.651483	
0.855992	0.694694	0.468399	0.188165	-0.11446	-0.417628	-0.690465	-0.90297	-1.045	-1.11888	-1.12454	-1.07289	-0.973521	-0.839975	-0.684869	-0.526729	-0.401239	-0.326709	-0.287243	-0.270903	-0.287997	-0.320165	-0.346613	-0.375937	-0.413998	-0.446399	-0.473134	-0.507424	-0.547085	-0.579142	-0.58748	-0.573008	-0.546603	-0.509199	-0.456718	-0.392183	-0.314984	-0.228024	-0.135426	-0.0250482	0.0937919	0.20913	0.326218	0.439303	0.545659	0.635942	0.701542	0.751569	0.782621	0.782621	
0.780285	0.635188	0.413901	0.135443	-0.166145	-0.464468	-0.725844	-0.927031	-1.05885	-1.11727	-1.10912	-1.05014	-0.942363	-0.794312	-0.624604	-0.468262	-0.351732	-0.287243	-0.262141	-0.259173	-0.28018	-0.310851	-0.339575	-0.35824	-0.370139	-0.382871	-0.4036	-0.439667	-0.486949	-0.532798	-0.557086	-0.554646	-0.538168	-0.516405	-0.483114	-0.438806	-0.386428	-0.31791	-0.231618	-0.126856	-0.00735673	0.118218	0.249359	0.390737	0.537049	0.667995	0.770647	0.841501	0.876526	0.876526	
0.692205	0.56115	0.352164	0.0860693	-0.200025	-0.476649	-0.720328	-0.912542	-1.02941	-1.06913	-1.04967	-0.988576	-0.888839	-0.749409	-0.587805	-0.442024	-0.332534	-0.270903	-0.259173	-0.277149	-0.29451	-0.310953	-0.337698	-0.35195	-0.34716	-0.338853	-0.343267	-0.365935	-0.409027	-0.462223	-0.500664	-0.515436	-0.509264	-0.496976	-0.483838	-0.464296	-0.433479	-0.380793	-0.304686	-0.205476	-0.0839196	0.0492676	0.18861	0.34038	0.502956	0.658561	0.784445	0.868373	0.911265	0.911265	
0.605617	0.482466	0.286818	0.0408731	-0.221667	-0.472425	-0.688689	-0.853508	-0.952605	-0.984782	-0.96326	-0.908002	-0.819163	-0.69699	-0.557392	-0.432274	-0.338173	-0.287997	-0.28018	-0.29451	-0.314159	-0.332872	-0.34924	-0.349949	-0.330355	-0.304822	-0.294834	-0.303076	-0.332235	-0.37923	-0.422107	-0.449507	-0.46307	-0.473486	-0.480874	-0.476771	-0.456497	-0.410437	-0.335039	-0.237202	-0.119727	0.0112513	0.149593	0.301753	0.461069	0.611382	0.735886	0.817446	0.857104	0.857104	
0.519675	0.406828	0.234628	0.0150897	-0.219123	-0.442973	-0.631823	-0.770975	-0.860989	-0.895686	-0.878897	-0.827574	-0.748348	-0.645412	-0.536522	-0.434709	-0.353617	-0.320165	-0.310851	-0.310953	-0.332872	-0.356774	-0.356224	-0.339093	-0.314883	-0.281651	-0.262194	-0.260793	-0.273256	-0.305558	-0.345002	-0.376825	-0.405616	-0.437009	-0.459852	-0.463632	-0.442171	-0.396329	-0.328053	-0.232216	-0.116061	0.00274171	0.128561	0.268516	0.401797	0.523706	0.629548	0.698774	0.734146	0.734146	
0.435046	0.336442	0.197206	0.0206484	-0.174931	-0.37029	-0.546643	-0.682486	-0.774169	-0.819217	-0.809529	-0.758366	-0.687314	-0.612095	-0.537891	-0.454284	-0.378447	-0.346613	-0.339575	-0.337698	-0.34924	-0.356224	-0.334517	-0.311539	-0.296061	-0.26986	-0.24806	-0.237746	-0.242181	-0.263261	-0.292523	-0.322383	-0.350608	-0.375214	-0.393475	-0.398934	-0.377797	-0.338826	-0.284509	-0.202333	-0.103186	0.00108685	0.113531	0.228503	0.325978	0.407817	0.481615	0.534081	0.560794	0.560794	
0.35263	0.273251	0.174242	0.0459483	-0.112664	-0.27746	-0.439645	-0.582888	-0.68798	-0.742958	-0.745983	-0.706134	-0.649633	-0.59582	-0.541633	-0.479608	-0.415786	-0.375937	-0.35824	-0.35195	-0.349949	-0.339093	-0.311539	-0.287215	-0.275925	-0.267968	-0.260259	-0.245706	-0.233479	-0.232758	-0.247326	-0.269645	-0.28169	-0.291407	-0.304812	-0.302415	-0.280431	-0.251838	-0.210902	-0.151999	-0.0783263	0.0058587	0.0943318	0.177514	0.234295	0.271031	0.309569	0.33918	0.350617	0.350617	
0.278299	0.228588	0.160466	0.0705396	-0.0480683	-0.182017	-0.323066	-0.467302	-0.586034	-0.655157	-0.675817	-0.6605	-0.627627	-0.587604	-0.55179	-0.515559	-0.468066	-0.413998	-0.370139	-0.34716	-0.330355	-0.314883	-0.296061	-0.275925	-0.265573	-0.272251	-0.284362	-0.271854	-0.236505	-0.208185	-0.204519	-0.209679	-0.2056	-0.203385	-0.206346	-0.194378	-0.16622	-0.134774	-0.107292	-0.0830311	-0.0425402	0.0122867	0.0662529	0.109052	0.121339	0.121171	0.127143	0.12748	0.12697	0.12697	
0.216571	0.187734	0.143051	0.087863	0.0119831	-0.0908571	-0.212377	-0.345959	-0.474865	-0.560551	-0.592662	-0.598967	-0.597595	-0.588994	-0.580224	-0.56187	-0.516349	-0.446399	-0.382871	-0.338853	-0.304822	-0.281651	-0.26986	-0.267968	-0.272251	-0.291296	-0.309386	-0.29154	-0.241306	-0.199426	-0.177758	-0.154009	-0.132492	-0.11523	-0.0956521	-0.0711516	-0.040757	-0.011455	0.00547051	0.00305525	0.00600465	0.0204302	0.0265617	0.0195188	-0.0073942	-0.0369694	-0.0578036	-0.0808975	-0.0947106	-0.0947106	
0.149121	0.131289	0.11107	0.080333	0.037934	-0.0308825	-0.13032	-0.243911	-0.36069	-0.45024	-0.498946	-0.522317	-0.546464	-0.572052	-0.592217	-0.584955	-0.540488	-0.473134	-0.4036	-0.343267	-0.294834	-0.262194	-0.24806	-0.260259	-0.284362	-0.309386	-0.318736	-0.295612	-0.24638	-0.192271	-0.148284	-0.107232	-0.073291	-0.0369364	0.00657209	0.0438365	0.0811772	0.108723	0.111455	0.0959407	0.0691575	0.0322749	-0.0173374	-0.0795925	-0.143688	-0.196725	-0.240128	-0.277934	-0.301443	-0.301443	
0.091829	0.0694729	0.0605315	0.0518964	0.0319371	-0.00421778	-0.0707734	-0.156909	-0.249235	-0.338594	-0.408388	-0.451383	-0.48533	-0.52948	-0.573423	-0.583648	-0.558059	-0.507424	-0.439667	-0.365935	-0.303076	-0.260793	-0.237746	-0.245706	-0.271854	-0.29154	-0.295612	-0.284339	-0.251563	-0.190764	-0.124037	-0.0709668	-0.0246021	0.0304615	0.0904309	0.141811	0.184352	0.207747	0.20596	0.182311	0.122684	0.0356442	-0.0638813	-0.172409	-0.264151	-0.339989	-0.407471	-0.457419	-0.49293	-0.49293	
0.042733	0.000959735	-0.00182008	0.014133	0.0174047	0.00904771	-0.0221255	-0.0812824	-0.153972	-0.233487	-0.311823	-0.374968	-0.422032	-0.475797	-0.532854	-0.571548	-0.578331	-0.547085	-0.486949	-0.409027	-0.332235	-0.273256	-0.242181	-0.233479	-0.236505	-0.241306	-0.24638	-0.251563	-0.232133	-0.177865	-0.109158	-0.0468509	0.0207941	0.0951181	0.162161	0.223495	0.258136	0.265002	0.263223	0.234771	0.1536	0.0295717	-0.109239	-0.24811	-0.369066	-0.468103	-0.548591	-0.606648	-0.644978	-0.644978	
-0.0149595	-0.0660522	-0.0669914	-0.0358184	-0.00407887	0.0112597	0.0128529	-0.0127273	-0.0586656	-0.122815	-0.196811	-0.269395	-0.342736	-0.418059	-0.487579	-0.547333	-0.587024	-0.579142	-0.532798	-0.462223	-0.37923	-0.305558	-0.263261	-0.232758	-0.208185	-0.199426	-0.192271	-0.190764	-0.177865	-0.140796	-0.0838869	-0.0133571	0.0667091	0.15401	0.230287	0.283729	0.300421	0.292122	0.276566	0.228749	0.130037	-0.00726013	-0.156307	-0.30408	-0.444238	-0.561446	-0.652121	-0.717562	-0.75311	-0.75311	
-0.0829648	-0.132639	-0.13645	-0.0985129	-0.0443074	0.00119737	0.0366421	0.0529528	0.0397312	-0.00529805	-0.0732259	-0.153687	-0.251808	-0.356398	-0.44364	-0.516509	-0.576021	-0.58748	-0.557086	-0.500664	-0.422107	-0.345002	-0.292523	-0.247326	-0.204519	-0.177758	-0.148284	-0.124037	-0.109158	-0.0838869	-0.0351773	0.0383986	0.121686	0.209889	0.28456	0.317488	0.312641	0.289672	0.251087	0.173969	0.0554051	-0.0758504	-0.212673	-0.355972	-0.49204	-0.615635	-0.715231	-0.779445	-0.813082	-0.813082	
-0.170793	-0.208479	-0.208216	-0.170808	-0.100604	-0.0194002	0.0549522	0.115793	0.138719	0.113825	0.040669	-0.0588709	-0.171339	-0.288679	-0.393894	-0.486924	-0.553511	-0.573008	-0.554646	-0.515436	-0.449507	-0.376825	-0.322383	-0.269645	-0.209679	-0.154009	-0.107232	-0.0709668	-0.0468509	-0.0133571	0.0383986	0.101603	0.176721	0.252021	0.307228	0.317486	0.296328	0.260106	0.187061	0.0816912	-0.0371758	-0.15599	-0.275241	-0.402572	-0.525361	-0.642537	-0.741158	-0.798026	-0.823079	-0.823079	
-0.257085	-0.29021	-0.285102	-0.243665	-0.156803	-0.0414649	0.0761703	0.174394	0.226138	0.212267	0.137608	0.0194569	-0.108473	-0.231245	-0.343288	-0.446409	-0.517674	-0.546603	-0.538168	-0.509264	-0.46307	-0.405616	-0.350608	-0.28169	-0.2056	-0.132492	-0.073291	-0.0246021	0.0207941	0.0667091	0.121686	0.176721	0.231399	0.276728	0.296252	0.279071	0.23955	0.183298	0.0853003	-0.0281852	-0.131663	-0.233069	-0.33205	-0.436228	-0.540013	-0.639352	-0.732183	-0.788438	-0.802457	-0.802457	
-0.323024	-0.370325	-0.359714	-0.301327	-0.195513	-0.0554598	0.0941886	0.219823	0.293247	0.289554	0.217186	0.0934056	-0.042578	-0.171613	-0.289062	-0.391303	-0.466236	-0.509199	-0.516405	-0.496976	-0.473486	-0.437009	-0.375214	-0.291407	-0.203385	-0.11523	-0.0369364	0.0304615	0.0951181	0.15401	0.209889	0.252021	0.276728	0.279651	0.255768	0.212517	0.147372	0.0601661	-0.0397507	-0.136334	-0.221816	-0.303083	-0.3855	-0.470316	-0.549115	-0.620683	-0.69357	-0.741517	-0.746801	-0.746801	
-0.376109	-0.424033	-0.412495	-0.339126	-0.215892	-0.065493	0.0971159	0.240024	0.331063	0.343104	0.277301	0.164715	0.0374351	-0.0890658	-0.216033	-0.32318	-0.401072	-0.456718	-0.483114	-0.483838	-0.480874	-0.459852	-0.393475	-0.304812	-0.206346	-0.0956521	0.00657209	0.0904309	0.162161	0.230287	0.28456	0.307228	0.296252	0.255768	0.199588	0.134075	0.0449166	-0.0601188	-0.157511	-0.246409	-0.320203	-0.382332	-0.451381	-0.51087	-0.552476	-0.592163	-0.629047	-0.653109	-0.660825	-0.660825	
-0.424678	-0.452384	-0.439261	-0.357794	-0.225284	-0.0698775	0.0876203	0.225982	0.322724	0.358422	0.319723	0.22921	0.115192	-0.000411473	-0.121427	-0.231218	-0.318129	-0.392183	-0.438806	-0.464296	-0.476771	-0.463632	-0.398934	-0.302415	-0.194378	-0.0711516	0.0438365	0.141811	0.223495	0.283729	0.317488	0.317486	0.279071	0.212517	0.134075	0.0476331	-0.0519036	-0.158662	-0.256629	-0.34618	-0.416921	-0.469076	-0.519968	-0.549942	-0.556214	-0.555037	-0.547845	-0.547502	-0.554131	-0.554131	
-0.463144	-0.468564	-0.440702	-0.360567	-0.235339	-0.0816769	0.0711743	0.201437	0.291527	0.336363	0.326434	0.269914	0.184038	0.0852418	-0.0194763	-0.125332	-0.223321	-0.314984	-0.386428	-0.433479	-0.456497	-0.442171	-0.377797	-0.280431	-0.16622	-0.040757	0.0811772	0.184352	0.258136	0.300421	0.312641	0.296328	0.23955	0.147372	0.0449166	-0.0519036	-0.144363	-0.245047	-0.344113	-0.427387	-0.492404	-0.540855	-0.567901	-0.567302	-0.550204	-0.512762	-0.469525	-0.452514	-0.449621	-0.449621	
-0.482565	-0.471407	-0.432197	-0.357938	-0.248268	-0.106383	0.0453326	0.175215	0.259511	0.30212	0.311252	0.288337	0.238911	0.167271	0.0809904	-0.0201049	-0.127512	-0.228024	-0.31791	-0.380793	-0.410437	-0.396329	-0.338826	-0.251838	-0.134774	-0.011455	0.108723	0.207747	0.265002	0.292122	0.289672	0.260106	0.183298	0.0601661	-0.0601188	-0.158662	-0.245047	-0.332869	-0.422043	-0.4941	-0.544484	-0.579969	-0.584105	-0.553367	-0.514129	-0.4636	-0.409353	-0.381148	-0.37227	-0.37227	
-0.485528	-0.465017	-0.422403	-0.349915	-0.25043	-0.125686	0.00610636	0.128077	0.221921	0.279004	0.306797	0.303516	0.275022	0.229875	0.164872	0.0782234	-0.0301191	-0.135426	-0.231618	-0.304686	-0.335039	-0.328053	-0.284509	-0.210902	-0.107292	0.00547051	0.111455	0.20596	0.263223	0.276566	0.251087	0.187061	0.0853003	-0.0397507	-0.157511	-0.256629	-0.344113	-0.422043	-0.488091	-0.535026	-0.565706	-0.584641	-0.571148	-0.524907	-0.474026	-0.422183	-0.368032	-0.327246	-0.307993	-0.307993	
-0.475762	-0.451315	-0.406883	-0.343354	-0.254728	-0.145526	-0.033852	0.0711037	0.166787	0.241761	0.293583	0.313104	0.300718	0.271647	0.227643	0.16678	0.0780099	-0.0250482	-0.126856	-0.205476	-0.237202	-0.232216	-0.202333	-0.151999	-0.0830311	0.00305525	0.0959407	0.182311	0.234771	0.228749	0.173969	0.0816912	-0.0281852	-0.136334	-0.246409	-0.34618	-0.427387	-0.4941	-0.535026	-0.549602	-0.559296	-0.562065	-0.538263	-0.493794	-0.443656	-0.39496	-0.339621	-0.28347	-0.255884	-0.255884	
-0.468385	-0.437881	-0.392328	-0.336103	-0.25694	-0.160758	-0.0639681	0.0205167	0.100644	0.182129	0.252242	0.296908	0.310976	0.306244	0.289074	0.25102	0.187494	0.0937919	-0.00735673	-0.0839196	-0.119727	-0.116061	-0.103186	-0.0783263	-0.0425402	0.00600465	0.0691575	0.122684	0.1536	0.130037	0.0554051	-0.0371758	-0.131663	-0.221816	-0.320203	-0.416921	-0.492404	-0.544484	-0.565706	-0.559296	-0.544896	-0.519954	-0.48396	-0.448709	-0.406237	-0.363537	-0.31721	-0.264656	-0.239439	-0.239439	
-0.47534	-0.430703	-0.379398	-0.318926	-0.244118	-0.163729	-0.0899361	-0.0219805	0.0444523	0.117266	0.190754	0.256607	0.305621	0.334915	0.348783	0.336053	0.29015	0.20913	0.118218	0.0492676	0.0112513	0.00274171	0.00108685	0.0058587	0.0122867	0.0204302	0.0322749	0.0356442	0.0295717	-0.00726013	-0.0758504	-0.15599	-0.233069	-0.303083	-0.382332	-0.469076	-0.540855	-0.579969	-0.584641	-0.562065	-0.519954	-0.464172	-0.414684	-0.386845	-0.358528	-0.326877	-0.300368	-0.273721	-0.259949	-0.259949	
-0.47769	-0.413254	-0.354808	-0.29544	-0.232002	-0.168183	-0.110571	-0.0590226	-0.00581538	0.0551436	0.128725	0.207646	0.284551	0.344391	0.389031	0.408423	0.385778	0.326218	0.249359	0.18861	0.149593	0.128561	0.113531	0.0943318	0.0662529	0.0265617	-0.0173374	-0.0638813	-0.109239	-0.156307	-0.212673	-0.275241	-0.33205	-0.3855	-0.451381	-0.519968	-0.567901	-0.584105	-0.571148	-0.538263	-0.48396	-0.414684	-0.360555	-0.329818	-0.306431	-0.292255	-0.289496	-0.292081	-0.298014	-0.298014	
-0.470227	-0.386804	-0.322785	-0.265681	-0.214941	-0.172956	-0.134794	-0.100188	-0.0568371	0.00297424	0.0758327	0.159996	0.249018	0.332802	0.405623	0.454927	0.466293	0.439303	0.390737	0.34038	0.301753	0.268516	0.228503	0.177514	0.109052	0.0195188	-0.0795925	-0.172409	-0.24811	-0.30408	-0.355972	-0.402572	-0.436228	-0.470316	-0.51087	-0.549942	-0.567302	-0.553367	-0.524907	-0.493794	-0.448709	-0.386845	-0.329818	-0.290173	-0.267578	-0.263147	-0.281344	-0.310983	-0.326726	-0.326726	
-0.477323	-0.376025	-0.30077	-0.238232	-0.194829	-0.177374	-0.167309	-0.145599	-0.107087	-0.047626	0.0310614	0.129226	0.227611	0.32157	0.410663	0.485987	0.531865	0.545659	0.537049	0.502956	0.461069	0.401797	0.325978	0.234295	0.121339	-0.0073942	-0.143688	-0.264151	-0.369066	-0.444238	-0.49204	-0.525361	-0.540013	-0.549115	-0.552476	-0.556214	-0.550204	-0.514129	-0.474026	-0.443656	-0.406237	-0.358528	-0.306431	-0.267578	-0.255542	-0.257261	-0.281696	-0.320478	-0.332447	-0.332447	
-0.487303	-0.364286	-0.26933	-0.206119	-0.179928	-0.181956	-0.190892	-0.185542	-0.152343	-0.090879	-0.00257245	0.101347	0.209387	0.310015	0.406397	0.497628	0.57467	0.635942	0.667995	0.658561	0.611382	0.523706	0.407817	0.271031	0.121171	-0.0369694	-0.196725	-0.339989	-0.468103	-0.561446	-0.615635	-0.642537	-0.639352	-0.620683	-0.592163	-0.555037	-0.512762	-0.4636	-0.422183	-0.39496	-0.363537	-0.326877	-0.292255	-0.263147	-0.257261	-0.26833	-0.288834	-0.316703	-0.328297	-0.328297	
-0.477969	-0.342328	-0.233402	-0.174182	-0.166314	-0.187619	-0.209078	-0.211151	-0.180205	-0.11866	-0.0340108	0.0659424	0.176273	0.288101	0.393896	0.497231	0.602429	0.701542	0.770647	0.784445	0.735886	0.629548	0.481615	0.309569	0.127143	-0.0578036	-0.240128	-0.407471	-0.548591	-0.652121	-0.715231	-0.741158	-0.732183	-0.69357	-0.629047	-0.547845	-0.469525	-0.409353	-0.368032	-0.339621	-0.31721	-0.300368	-0.289496	-0.281344	-0.281696	-0.288834	-0.296106	-0.303763	-0.307418	-0.307418	
-0.461997	-0.332767	-0.22707	-0.172502	-0.168091	-0.19408	-0.21821	-0.217298	-0.191234	-0.139804	-0.0631641	0.0387056	0.151893	0.273118	0.390299	0.507953	0.632875	0.751569	0.841501	0.868373	0.817446	0.698774	0.534081	0.33918	0.12748	-0.0808975	-0.277934	-0.457419	-0.606648	-0.717562	-0.779445	-0.798026	-0.788438	-0.741517	-0.653109	-0.547502	-0.452514	-0.381148	-0.327246	-0.28347	-0.264656	-0.273721	-0.292081	-0.310983	-0.320478	-0.316703	-0.303763	-0.285273	-0.274	-0.274	
-0.450334	-0.329579	-0.232653	-0.185749	-0.181374	-0.19301	-0.208257	-0.212779	-0.195549	-0.150867	-0.0772635	0.0188417	0.140186	0.270683	0.395459	0.517853	0.651483	0.782621	0.876526	0.911265	0.857104	0.734146	0.560794	0.350617	0.12697	-0.0947106	-0.301443	-0.49293	-0.644978	-0.75311	-0.813082	-0.823079	-0.802457	-0.746801	-0.660825	-0.554131	-0.449621	-0.37227	-0.307993	-0.255884	-0.239439	-0.259949	-0.298014	-0.326726	-0.332447	-0.328297	-0.307418	-0.274	-0.262201	-0.262201	
-0.450334	-0.329579	-0.232653	-0.185749	-0.181374	-0.19301	-0.208257	-0.212779	-0.195549	-0.150867	-0.0772635	0.0188417	0.140186	0.270683	0.395459	0.517853	0.651483	0.782621	0.876526	0.911265	0.857104	0.734146	0.560794	0.350617	0.12697	-0.0947106	-0.301443	-0.49293	-0.644978	-0.75311	-0.813082	-0.823079	-0.802457	-0.746801	-0.660825	-0.554131	-0.449621	-0.37227	-0.307993	-0.255884	-0.239439	-0.259949	-0.298014	-0.326726	-0.332447	-0.328297	-0.307418	-0.274	-0.262201	-0.262201	
