-0.588333	-0.561491	-0.536803	-0.517744	-0.50618	-0.493795	-0.479988	-0.463531	-0.429831	-0.353586	-0.244505	-0.119641	0.0125161	0.122395	0.187506	0.207735	0.184287	0.113441	-0.00430451	-0.133074	-0.23352	-0.294828	-0.303936	-0.241394	-0.124153	0.0165587	0.172991	0.316723	0.431566	0.498151	0.508251	0.478382	0.415679	0.342146	0.277771	0.23836	0.220747	0.218129	0.221669	0.208927	0.175239	0.120085	0.043036	-0.05214	-0.155819	-0.257512	-0.346517	-0.411513	-0.449283	-0.449283	
-0.561491	-0.522411	-0.49746	-0.491673	-0.497039	-0.496271	-0.497898	-0.49412	-0.466031	-0.39649	-0.292009	-0.167106	-0.0333528	0.08158	0.154399	0.180344	0.155708	0.0734763	-0.0540129	-0.188057	-0.286381	-0.338425	-0.333831	-0.2566	-0.132042	0.014614	0.171978	0.314935	0.425885	0.485567	0.493148	0.45862	0.397413	0.333676	0.283302	0.260979	0.261588	0.269152	0.275353	0.272642	0.245946	0.186018	0.101629	0.00392616	-0.107644	-0.223541	-0.322093	-0.39554	-0.435557	-0.435557	
-0.536803	-0.49746	-0.491838	-0.504096	-0.521536	-0.53158	-0.542997	-0.54794	-0.522796	-0.45784	-0.353596	-0.221159	-0.0856775	0.0344574	0.119127	0.149748	0.121021	0.042663	-0.0782224	-0.203251	-0.294769	-0.337734	-0.325539	-0.245042	-0.114889	0.026503	0.175241	0.31012	0.402469	0.443308	0.440842	0.397035	0.334069	0.277514	0.236962	0.226823	0.24427	0.276958	0.30787	0.324452	0.313645	0.267718	0.187068	0.0807719	-0.0363292	-0.151321	-0.247902	-0.319424	-0.357082	-0.357082	
-0.517744	-0.491673	-0.504096	-0.534925	-0.560558	-0.585722	-0.605656	-0.614135	-0.598468	-0.534361	-0.424496	-0.288394	-0.150476	-0.019867	0.0767537	0.118939	0.100797	0.0340036	-0.0697323	-0.179142	-0.262195	-0.293698	-0.272179	-0.195796	-0.0795914	0.0486483	0.177359	0.283587	0.351406	0.368229	0.346059	0.293172	0.227782	0.170214	0.13917	0.146192	0.183292	0.247678	0.312273	0.361474	0.373161	0.342019	0.281689	0.18167	0.0699428	-0.0313644	-0.119872	-0.181206	-0.213988	-0.213988	
-0.50618	-0.497039	-0.521536	-0.560558	-0.599425	-0.642982	-0.674626	-0.68564	-0.678165	-0.614452	-0.499251	-0.364215	-0.222595	-0.0846416	0.0230362	0.0804579	0.0817303	0.0390491	-0.0354541	-0.125557	-0.197231	-0.222563	-0.199109	-0.131584	-0.0339179	0.0750463	0.173885	0.242601	0.276638	0.269176	0.221619	0.155318	0.0846167	0.0226632	0.00777021	0.03724	0.0991378	0.19241	0.288297	0.370361	0.410818	0.406777	0.372467	0.303402	0.22039	0.137591	0.0602725	0.00487858	-0.021504	-0.021504	
-0.493795	-0.496271	-0.53158	-0.585722	-0.642982	-0.69707	-0.739309	-0.758462	-0.746473	-0.679216	-0.570621	-0.443389	-0.306578	-0.171544	-0.0536888	0.0250178	0.056705	0.045186	-0.00155656	-0.0708623	-0.130153	-0.147118	-0.12066	-0.0643511	0.0114585	0.0958983	0.16254	0.196663	0.197808	0.163834	0.0897947	-0.000560263	-0.0819743	-0.135983	-0.136011	-0.087565	0.00961932	0.131725	0.251046	0.353064	0.420553	0.459808	0.457103	0.427044	0.38546	0.330985	0.278947	0.233853	0.213608	0.213608	
-0.479988	-0.497898	-0.542997	-0.605656	-0.674626	-0.739309	-0.780004	-0.801767	-0.78422	-0.725647	-0.630285	-0.517666	-0.397562	-0.273689	-0.146742	-0.0502268	0.00367347	0.0247542	0.000527415	-0.0492078	-0.089901	-0.0919567	-0.0651419	-0.0153016	0.0507505	0.113941	0.153727	0.162394	0.132604	0.0653228	-0.0322342	-0.141363	-0.227139	-0.277096	-0.267973	-0.201028	-0.0885373	0.0539353	0.196729	0.32325	0.426459	0.504064	0.541846	0.555325	0.548543	0.523065	0.500834	0.476887	0.46366	0.46366	
-0.463531	-0.49412	-0.54794	-0.614135	-0.68564	-0.758462	-0.801767	-0.815795	-0.794648	-0.745005	-0.676408	-0.589098	-0.491997	-0.384545	-0.260282	-0.151244	-0.0776278	-0.038637	-0.04262	-0.0680426	-0.0846143	-0.0709407	-0.0357929	0.0167256	0.0795934	0.128653	0.151431	0.14039	0.0815782	-0.0130673	-0.13042	-0.254142	-0.343497	-0.387001	-0.366565	-0.287772	-0.17044	-0.0135166	0.152336	0.307898	0.446153	0.549305	0.619028	0.667395	0.6908	0.692772	0.694761	0.696635	0.692	0.692	
-0.429831	-0.466031	-0.522796	-0.598468	-0.678165	-0.746473	-0.78422	-0.794648	-0.781117	-0.751528	-0.71409	-0.659051	-0.592627	-0.497531	-0.384699	-0.278602	-0.191987	-0.143112	-0.134314	-0.131093	-0.119574	-0.0886116	-0.0308633	0.0306162	0.097954	0.143481	0.148358	0.117816	0.0419368	-0.0705849	-0.198801	-0.319489	-0.408694	-0.447313	-0.427272	-0.34478	-0.208356	-0.0362623	0.145008	0.319728	0.481512	0.603899	0.690077	0.75483	0.796375	0.821816	0.840269	0.854122	0.856407	0.856407	
-0.353586	-0.39649	-0.45784	-0.534361	-0.614452	-0.679216	-0.725647	-0.745005	-0.751528	-0.756867	-0.75072	-0.727226	-0.688616	-0.617914	-0.522875	-0.431178	-0.341798	-0.29027	-0.266203	-0.22959	-0.190736	-0.134717	-0.0490342	0.0332137	0.106	0.151748	0.143024	0.0970642	0.0120258	-0.110464	-0.235135	-0.345338	-0.430325	-0.461628	-0.430486	-0.338517	-0.188083	-0.00441807	0.187887	0.373101	0.53082	0.654946	0.752647	0.818442	0.863195	0.896498	0.915658	0.929611	0.933814	0.933814	
-0.244505	-0.292009	-0.353596	-0.424496	-0.499251	-0.570621	-0.630285	-0.676408	-0.71409	-0.75072	-0.781768	-0.791566	-0.778104	-0.740787	-0.67145	-0.590399	-0.5115	-0.454966	-0.408045	-0.349595	-0.276241	-0.184366	-0.0779476	0.0278406	0.103295	0.137577	0.123364	0.0726716	-0.0171212	-0.132703	-0.244366	-0.348421	-0.416099	-0.428922	-0.377772	-0.263388	-0.104798	0.0819587	0.275159	0.452998	0.595818	0.707261	0.796348	0.852005	0.885018	0.911855	0.922525	0.924659	0.93284	0.93284	
-0.119641	-0.167106	-0.221159	-0.288394	-0.364215	-0.443389	-0.517666	-0.589098	-0.659051	-0.727226	-0.791566	-0.841842	-0.864643	-0.858856	-0.816912	-0.749306	-0.683716	-0.617165	-0.545953	-0.463177	-0.353891	-0.224403	-0.0991229	0.0167457	0.0916612	0.114218	0.098924	0.0473855	-0.034955	-0.136057	-0.239243	-0.330011	-0.377238	-0.36931	-0.296798	-0.159187	0.0127047	0.197741	0.380064	0.543527	0.671568	0.765227	0.831412	0.862082	0.872357	0.881773	0.874935	0.860858	0.865362	0.865362	
0.0125161	-0.0333528	-0.0856775	-0.150476	-0.222595	-0.306578	-0.397562	-0.491997	-0.592627	-0.688616	-0.778104	-0.864643	-0.9281	-0.955596	-0.947024	-0.901575	-0.844378	-0.77039	-0.672829	-0.554845	-0.410957	-0.251767	-0.107174	0.00872838	0.0794451	0.105064	0.0948954	0.0428249	-0.0354295	-0.131648	-0.234168	-0.305076	-0.329405	-0.300283	-0.205004	-0.0586335	0.12098	0.308829	0.48382	0.63353	0.738694	0.807785	0.848781	0.854538	0.838494	0.823919	0.801136	0.773536	0.770771	0.770771	
0.122395	0.08158	0.0344574	-0.019867	-0.0846416	-0.171544	-0.273689	-0.384545	-0.497531	-0.617914	-0.740787	-0.858856	-0.955596	-1.01616	-1.03423	-1.01712	-0.97692	-0.89941	-0.780434	-0.634871	-0.458134	-0.271635	-0.109261	0.0136462	0.0900759	0.121416	0.10638	0.0522056	-0.0338173	-0.126352	-0.213709	-0.272247	-0.278556	-0.230456	-0.11878	0.0309215	0.208794	0.393881	0.556949	0.692217	0.779473	0.824236	0.837854	0.822311	0.790175	0.756532	0.723621	0.694868	0.685931	0.685931	
0.187506	0.154399	0.119127	0.0767537	0.0230362	-0.0536888	-0.146742	-0.260282	-0.384699	-0.522875	-0.67145	-0.816912	-0.947024	-1.03423	-1.07591	-1.08875	-1.0644	-0.986227	-0.856094	-0.689938	-0.489465	-0.279214	-0.0941761	0.0389007	0.122846	0.156859	0.127763	0.0656402	-0.0204615	-0.110429	-0.18641	-0.232309	-0.223658	-0.163833	-0.0524287	0.0982643	0.272874	0.445103	0.591658	0.709279	0.784743	0.814525	0.808009	0.776299	0.733677	0.686975	0.647848	0.624037	0.607583	0.607583	
0.207735	0.180344	0.149748	0.118939	0.0804579	0.0250178	-0.0502268	-0.151244	-0.278602	-0.431178	-0.590399	-0.749306	-0.901575	-1.01712	-1.08875	-1.13066	-1.11187	-1.02432	-0.879553	-0.686424	-0.470422	-0.246316	-0.0477299	0.0896987	0.178139	0.212797	0.176703	0.105432	0.0174444	-0.0806093	-0.155958	-0.193952	-0.185639	-0.120316	-0.00993319	0.140213	0.309092	0.469187	0.605032	0.700966	0.760906	0.775522	0.756091	0.721071	0.668083	0.612989	0.570412	0.541573	0.520492	0.520492	
0.184287	0.155708	0.121021	0.100797	0.0817303	0.056705	0.00367347	-0.0776278	-0.191987	-0.341798	-0.5115	-0.683716	-0.844378	-0.97692	-1.0644	-1.11187	-1.09036	-1.0046	-0.853489	-0.640402	-0.406443	-0.164633	0.05328	0.198183	0.276464	0.294797	0.249276	0.169328	0.0769045	-0.0205667	-0.10247	-0.152087	-0.15563	-0.0936285	0.0130088	0.154217	0.314968	0.464346	0.588856	0.668563	0.711472	0.711283	0.678384	0.639183	0.584775	0.527656	0.480769	0.443972	0.421563	0.421563	
0.113441	0.0734763	0.042663	0.0340036	0.0390491	0.045186	0.0247542	-0.038637	-0.143112	-0.29027	-0.454966	-0.617165	-0.77039	-0.89941	-0.986227	-1.02432	-1.0046	-0.918524	-0.759641	-0.535405	-0.27433	-0.0130615	0.211422	0.358237	0.425393	0.422264	0.360846	0.266853	0.154114	0.0402562	-0.0531714	-0.111083	-0.12119	-0.0718991	0.0212028	0.151842	0.300609	0.432697	0.539363	0.60515	0.630028	0.618559	0.580617	0.530172	0.47221	0.417161	0.368638	0.33292	0.313421	0.313421	
-0.00430451	-0.0540129	-0.0782224	-0.0697323	-0.0354541	-0.00155656	0.000527415	-0.04262	-0.134314	-0.266203	-0.408045	-0.545953	-0.672829	-0.780434	-0.856094	-0.879553	-0.853489	-0.759641	-0.579166	-0.334301	-0.0529809	0.212779	0.425436	0.563351	0.614019	0.590436	0.509622	0.387997	0.244325	0.103208	-0.0132764	-0.0845699	-0.102803	-0.0670349	0.0184045	0.136129	0.263169	0.375609	0.461459	0.513373	0.523486	0.503855	0.465337	0.402979	0.336147	0.281087	0.233563	0.202673	0.190563	0.190563	
-0.133074	-0.188057	-0.203251	-0.179142	-0.125557	-0.0708623	-0.0492078	-0.0680426	-0.131093	-0.22959	-0.349595	-0.463177	-0.554845	-0.634871	-0.689938	-0.686424	-0.640402	-0.535405	-0.334301	-0.0692356	0.221375	0.483455	0.682775	0.809038	0.831996	0.776198	0.674454	0.52162	0.347195	0.183134	0.0390526	-0.0621509	-0.103314	-0.0829689	-0.0117344	0.0887427	0.195997	0.289243	0.359528	0.401125	0.405055	0.379311	0.331921	0.264257	0.193756	0.137548	0.0884104	0.0513729	0.0431304	0.0431304	
-0.23352	-0.286381	-0.294769	-0.262195	-0.197231	-0.130153	-0.089901	-0.0846143	-0.119574	-0.190736	-0.276241	-0.353891	-0.410957	-0.458134	-0.489465	-0.470422	-0.406443	-0.27433	-0.0529809	0.221375	0.510646	0.76111	0.942481	1.04779	1.05195	0.972646	0.839843	0.656029	0.452064	0.254933	0.0817018	-0.0421321	-0.105144	-0.105836	-0.0546512	0.026754	0.117399	0.199817	0.258227	0.284482	0.27192	0.231512	0.178071	0.109981	0.0447841	-0.00770293	-0.0581048	-0.0967197	-0.112191	-0.112191	
-0.294828	-0.338425	-0.337734	-0.293698	-0.222563	-0.147118	-0.0919567	-0.0709407	-0.0886116	-0.134717	-0.184366	-0.224403	-0.251767	-0.271635	-0.279214	-0.246316	-0.164633	-0.0130615	0.212779	0.483455	0.76111	0.99811	1.16911	1.25388	1.24173	1.14197	0.980272	0.770561	0.538407	0.312428	0.117834	-0.0178209	-0.095124	-0.114846	-0.0867305	-0.0241829	0.0524373	0.117866	0.161087	0.168396	0.138588	0.0880386	0.0262495	-0.0419118	-0.103402	-0.159113	-0.207792	-0.240329	-0.26116	-0.26116	
-0.303936	-0.333831	-0.325539	-0.272179	-0.199109	-0.12066	-0.0651419	-0.0357929	-0.0308633	-0.0490342	-0.0779476	-0.0991229	-0.107174	-0.109261	-0.0941761	-0.0477299	0.05328	0.211422	0.425436	0.682775	0.942481	1.16911	1.33089	1.39769	1.36912	1.25569	1.07529	0.84736	0.601919	0.36746	0.167809	0.016222	-0.0795367	-0.107995	-0.0935936	-0.0470244	0.0119098	0.0558921	0.0778347	0.065509	0.0328266	-0.0223652	-0.0984316	-0.169712	-0.240439	-0.308136	-0.354594	-0.382608	-0.400114	-0.400114	
-0.241394	-0.2566	-0.245042	-0.195796	-0.131584	-0.0643511	-0.0153016	0.0167256	0.0306162	0.0332137	0.0278406	0.0167457	0.00872838	0.0136462	0.0389007	0.0896987	0.198183	0.358237	0.563351	0.809038	1.04779	1.25388	1.39769	1.44704	1.41319	1.30479	1.12465	0.896319	0.656058	0.417539	0.208524	0.0507091	-0.050915	-0.0848298	-0.0741393	-0.0354213	0.00707639	0.033818	0.0362807	0.00435338	-0.0401038	-0.104686	-0.190917	-0.271012	-0.350546	-0.427321	-0.47548	-0.501546	-0.523978	-0.523978	
-0.124153	-0.132042	-0.114889	-0.0795914	-0.0339179	0.0114585	0.0507505	0.0795934	0.097954	0.106	0.103295	0.0916612	0.0794451	0.0900759	0.122846	0.178139	0.276464	0.425393	0.614019	0.831996	1.05195	1.24173	1.36912	1.41319	1.38356	1.28137	1.11123	0.900397	0.673285	0.444527	0.2446	0.0927367	-0.00183089	-0.0347786	-0.0260572	0.0054567	0.0360531	0.0494413	0.0370597	-0.00480009	-0.0672064	-0.150486	-0.248898	-0.339274	-0.417107	-0.492911	-0.546172	-0.576401	-0.605869	-0.605869	
0.0165587	0.014614	0.026503	0.0486483	0.0750463	0.0958983	0.113941	0.128653	0.143481	0.151748	0.137577	0.114218	0.105064	0.121416	0.156859	0.212797	0.294797	0.422264	0.590436	0.776198	0.972646	1.14197	1.25569	1.30479	1.28137	1.18778	1.03927	0.852788	0.642655	0.441232	0.261492	0.125698	0.0555345	0.0318854	0.0448209	0.0676059	0.0880394	0.0991504	0.0777954	0.0292199	-0.0466542	-0.142326	-0.247375	-0.343516	-0.4221	-0.497968	-0.555507	-0.592451	-0.618138	-0.618138	
0.172991	0.171978	0.175241	0.177359	0.173885	0.16254	0.153727	0.151431	0.148358	0.143024	0.123364	0.098924	0.0948954	0.10638	0.127763	0.176703	0.249276	0.360846	0.509622	0.674454	0.839843	0.980272	1.07529	1.12465	1.11123	1.03927	0.929537	0.768407	0.580435	0.401139	0.246796	0.145264	0.0974299	0.0860789	0.109709	0.142001	0.167938	0.179102	0.15629	0.101574	0.0174287	-0.0755765	-0.172481	-0.271204	-0.359224	-0.435069	-0.491282	-0.529671	-0.545946	-0.545946	
0.316723	0.314935	0.31012	0.283587	0.242601	0.196663	0.162394	0.14039	0.117816	0.0970642	0.0726716	0.0473855	0.0428249	0.0522056	0.0656402	0.105432	0.169328	0.266853	0.387997	0.52162	0.656029	0.770561	0.84736	0.896319	0.900397	0.852788	0.768407	0.636572	0.486886	0.34239	0.225255	0.15506	0.126336	0.131949	0.171633	0.225328	0.263356	0.274856	0.252966	0.202901	0.129305	0.0458137	-0.0426872	-0.1384	-0.225152	-0.291426	-0.343553	-0.381844	-0.39194	-0.39194	
0.431566	0.425885	0.402469	0.351406	0.276638	0.197808	0.132604	0.0815782	0.0419368	0.0120258	-0.0171212	-0.034955	-0.0354295	-0.0338173	-0.0204615	0.0174444	0.0769045	0.154114	0.244325	0.347195	0.452064	0.538407	0.601919	0.656058	0.673285	0.642655	0.580435	0.486886	0.373142	0.269522	0.192468	0.143983	0.142411	0.179451	0.243962	0.316236	0.364244	0.383627	0.376066	0.340601	0.277554	0.202602	0.121815	0.0391872	-0.0299241	-0.0833547	-0.128541	-0.162409	-0.172245	-0.172245	
0.498151	0.485567	0.443308	0.368229	0.269176	0.163834	0.0653228	-0.0130673	-0.0705849	-0.110464	-0.132703	-0.136057	-0.131648	-0.126352	-0.110429	-0.0806093	-0.0205667	0.0402562	0.103208	0.183134	0.254933	0.312428	0.36746	0.417539	0.444527	0.441232	0.401139	0.34239	0.269522	0.195057	0.151211	0.139855	0.169959	0.239562	0.326275	0.406495	0.466746	0.50448	0.514454	0.494404	0.444464	0.381173	0.319086	0.254866	0.198673	0.15565	0.119478	0.0945709	0.0821457	0.0821457	
0.508251	0.493148	0.440842	0.346059	0.221619	0.0897947	-0.0322342	-0.13042	-0.198801	-0.235135	-0.244366	-0.239243	-0.234168	-0.213709	-0.18641	-0.155958	-0.10247	-0.0531714	-0.0132764	0.0390526	0.0817018	0.117834	0.167809	0.208524	0.2446	0.261492	0.246796	0.225255	0.192468	0.151211	0.133998	0.161575	0.223466	0.31221	0.411553	0.504298	0.584432	0.636642	0.653253	0.642127	0.613403	0.568442	0.518706	0.470862	0.42813	0.393122	0.366344	0.352226	0.340087	0.340087	
0.478382	0.45862	0.397035	0.293172	0.155318	-0.000560263	-0.141363	-0.254142	-0.319489	-0.345338	-0.348421	-0.330011	-0.305076	-0.272247	-0.232309	-0.193952	-0.152087	-0.111083	-0.0845699	-0.0621509	-0.0421321	-0.0178209	0.016222	0.0507091	0.0927367	0.125698	0.145264	0.15506	0.143983	0.139855	0.161575	0.212015	0.296285	0.401742	0.514532	0.621575	0.707153	0.765044	0.788747	0.783509	0.766617	0.732213	0.690058	0.657671	0.627776	0.59846	0.580533	0.574466	0.566766	0.566766	
0.415679	0.397413	0.334069	0.227782	0.0846167	-0.0819743	-0.227139	-0.343497	-0.408694	-0.430325	-0.416099	-0.377238	-0.329405	-0.278556	-0.223658	-0.185639	-0.15563	-0.12119	-0.102803	-0.103314	-0.105144	-0.095124	-0.0795367	-0.050915	-0.00183089	0.0555345	0.0974299	0.126336	0.142411	0.169959	0.223466	0.296285	0.398279	0.511758	0.632379	0.742743	0.822322	0.87849	0.903725	0.899901	0.884708	0.857838	0.82513	0.801192	0.774242	0.750083	0.739842	0.731326	0.726826	0.726826	
0.342146	0.333676	0.277514	0.170214	0.0226632	-0.135983	-0.277096	-0.387001	-0.447313	-0.461628	-0.428922	-0.36931	-0.300283	-0.230456	-0.163833	-0.120316	-0.0936285	-0.0718991	-0.0670349	-0.0829689	-0.105836	-0.114846	-0.107995	-0.0848298	-0.0347786	0.0318854	0.0860789	0.131949	0.179451	0.239562	0.31221	0.401742	0.511758	0.63345	0.752567	0.851791	0.931197	0.975652	0.992044	0.984521	0.959879	0.936715	0.902819	0.87281	0.851002	0.835731	0.828682	0.817818	0.816544	0.816544	
0.277771	0.283302	0.236962	0.13917	0.00777021	-0.136011	-0.267973	-0.366565	-0.427272	-0.430486	-0.377772	-0.296798	-0.205004	-0.11878	-0.0524287	-0.00993319	0.0130088	0.0212028	0.0184045	-0.0117344	-0.0546512	-0.0867305	-0.0935936	-0.0741393	-0.0260572	0.0448209	0.109709	0.171633	0.243962	0.326275	0.411553	0.514532	0.632379	0.752567	0.86387	0.94745	1.00808	1.03609	1.03849	1.02645	0.99545	0.960053	0.925213	0.891901	0.869127	0.856537	0.84126	0.828231	0.829689	0.829689	
0.23836	0.260979	0.226823	0.146192	0.03724	-0.087565	-0.201028	-0.287772	-0.34478	-0.338517	-0.263388	-0.159187	-0.0586335	0.0309215	0.0982643	0.140213	0.154217	0.151842	0.136129	0.0887427	0.026754	-0.0241829	-0.0470244	-0.0354213	0.0054567	0.0676059	0.142001	0.225328	0.316236	0.406495	0.504298	0.621575	0.742743	0.851791	0.94745	1.02111	1.05849	1.06609	1.05245	1.02568	0.982665	0.930439	0.895862	0.860748	0.827627	0.811914	0.794335	0.783753	0.784568	0.784568	
0.220747	0.261588	0.24427	0.183292	0.0991378	0.00961932	-0.0885373	-0.17044	-0.208356	-0.188083	-0.104798	0.0127047	0.12098	0.208794	0.272874	0.309092	0.314968	0.300609	0.263169	0.195997	0.117399	0.0524373	0.0119098	0.00707639	0.0360531	0.0880394	0.167938	0.263356	0.364244	0.466746	0.584432	0.707153	0.822322	0.931197	1.00808	1.05849	1.08093	1.06887	1.03461	0.985444	0.925113	0.866934	0.826165	0.782943	0.743605	0.723044	0.707747	0.699799	0.696396	0.696396	
0.218129	0.269152	0.276958	0.247678	0.19241	0.131725	0.0539353	-0.0135166	-0.0362623	-0.00441807	0.0819587	0.197741	0.308829	0.393881	0.445103	0.469187	0.464346	0.432697	0.375609	0.289243	0.199817	0.117866	0.0558921	0.033818	0.0494413	0.0991504	0.179102	0.274856	0.383627	0.50448	0.636642	0.765044	0.87849	0.975652	1.03609	1.06609	1.06887	1.03654	0.980509	0.916238	0.850744	0.784642	0.728422	0.682115	0.6428	0.615839	0.597557	0.58426	0.577243	0.577243	
0.221669	0.275353	0.30787	0.312273	0.288297	0.251046	0.196729	0.152336	0.145008	0.187887	0.275159	0.380064	0.48382	0.556949	0.591658	0.605032	0.588856	0.539363	0.461459	0.359528	0.258227	0.161087	0.0778347	0.0362807	0.0370597	0.0777954	0.15629	0.252966	0.376066	0.514454	0.653253	0.788747	0.903725	0.992044	1.03849	1.05245	1.03461	0.980509	0.910393	0.835869	0.762313	0.685544	0.617382	0.567049	0.52769	0.499347	0.479171	0.464946	0.456628	0.456628	
0.208927	0.272642	0.324452	0.361474	0.370361	0.353064	0.32325	0.307898	0.319728	0.373101	0.452998	0.543527	0.63353	0.692217	0.709279	0.700966	0.668563	0.60515	0.513373	0.401125	0.284482	0.168396	0.065509	0.00435338	-0.00480009	0.0292199	0.101574	0.202901	0.340601	0.494404	0.642127	0.783509	0.899901	0.984521	1.02645	1.02568	0.985444	0.916238	0.835869	0.74586	0.658228	0.579857	0.511988	0.456235	0.415418	0.386092	0.362888	0.351429	0.346427	0.346427	
0.175239	0.245946	0.313645	0.373161	0.410818	0.420553	0.426459	0.446153	0.481512	0.53082	0.595818	0.671568	0.738694	0.779473	0.784743	0.760906	0.711472	0.630028	0.523486	0.405055	0.27192	0.138588	0.0328266	-0.0401038	-0.0672064	-0.0466542	0.0174287	0.129305	0.277554	0.444464	0.613403	0.766617	0.884708	0.959879	0.99545	0.982665	0.925113	0.850744	0.762313	0.658228	0.561778	0.482548	0.414598	0.358474	0.317227	0.284504	0.259503	0.249242	0.24781	0.24781	
0.120085	0.186018	0.267718	0.342019	0.406777	0.459808	0.504064	0.549305	0.603899	0.654946	0.707261	0.765227	0.807785	0.824236	0.814525	0.775522	0.711283	0.618559	0.503855	0.379311	0.231512	0.0880386	-0.0223652	-0.104686	-0.150486	-0.142326	-0.0755765	0.0458137	0.202602	0.381173	0.568442	0.732213	0.857838	0.936715	0.960053	0.930439	0.866934	0.784642	0.685544	0.579857	0.482548	0.402118	0.331494	0.27412	0.233033	0.200488	0.179865	0.166586	0.156895	0.156895	
0.043036	0.101629	0.187068	0.281689	0.372467	0.457103	0.541846	0.619028	0.690077	0.752647	0.796348	0.831412	0.848781	0.837854	0.808009	0.756091	0.678384	0.580617	0.465337	0.331921	0.178071	0.0262495	-0.0984316	-0.190917	-0.248898	-0.247375	-0.172481	-0.0426872	0.121815	0.319086	0.518706	0.690058	0.82513	0.902819	0.925213	0.895862	0.826165	0.728422	0.617382	0.511988	0.414598	0.331494	0.255633	0.199249	0.162209	0.131566	0.118711	0.107399	0.0930635	0.0930635	
-0.05214	0.00392616	0.0807719	0.18167	0.303402	0.427044	0.555325	0.667395	0.75483	0.818442	0.852005	0.862082	0.854538	0.822311	0.776299	0.721071	0.639183	0.530172	0.402979	0.264257	0.109981	-0.0419118	-0.169712	-0.271012	-0.339274	-0.343516	-0.271204	-0.1384	0.0391872	0.254866	0.470862	0.657671	0.801192	0.87281	0.891901	0.860748	0.782943	0.682115	0.567049	0.456235	0.358474	0.27412	0.199249	0.150348	0.116554	0.0786249	0.0618919	0.0573789	0.049157	0.049157	
-0.155819	-0.107644	-0.0363292	0.0699428	0.22039	0.38546	0.548543	0.6908	0.796375	0.863195	0.885018	0.872357	0.838494	0.790175	0.733677	0.668083	0.584775	0.47221	0.336147	0.193756	0.0447841	-0.103402	-0.240439	-0.350546	-0.417107	-0.4221	-0.359224	-0.225152	-0.0299241	0.198673	0.42813	0.627776	0.774242	0.851002	0.869127	0.827627	0.743605	0.6428	0.52769	0.415418	0.317227	0.233033	0.162209	0.116554	0.082356	0.0435274	0.0238636	0.0180593	0.0107177	0.0107177	
-0.257512	-0.223541	-0.151321	-0.0313644	0.137591	0.330985	0.523065	0.692772	0.821816	0.896498	0.911855	0.881773	0.823919	0.756532	0.686975	0.612989	0.527656	0.417161	0.281087	0.137548	-0.00770293	-0.159113	-0.308136	-0.427321	-0.492911	-0.497968	-0.435069	-0.291426	-0.0833547	0.15565	0.393122	0.59846	0.750083	0.835731	0.856537	0.811914	0.723044	0.615839	0.499347	0.386092	0.284504	0.200488	0.131566	0.0786249	0.0435274	0.0212899	0.00854397	-0.00237674	-0.0104093	-0.0104093	
-0.346517	-0.322093	-0.247902	-0.119872	0.0602725	0.278947	0.500834	0.694761	0.840269	0.915658	0.922525	0.874935	0.801136	0.723621	0.647848	0.570412	0.480769	0.368638	0.233563	0.0884104	-0.0581048	-0.207792	-0.354594	-0.47548	-0.546172	-0.555507	-0.491282	-0.343553	-0.128541	0.119478	0.366344	0.580533	0.739842	0.828682	0.84126	0.794335	0.707747	0.597557	0.479171	0.362888	0.259503	0.179865	0.118711	0.0618919	0.0238636	0.00854397	-0.00937062	-0.0238681	-0.0233344	-0.0233344	
-0.411513	-0.39554	-0.319424	-0.181206	0.00487858	0.233853	0.476887	0.696635	0.854122	0.929611	0.924659	0.860858	0.773536	0.694868	0.624037	0.541573	0.443972	0.33292	0.202673	0.0513729	-0.0967197	-0.240329	-0.382608	-0.501546	-0.576401	-0.592451	-0.529671	-0.381844	-0.162409	0.0945709	0.352226	0.574466	0.731326	0.817818	0.828231	0.783753	0.699799	0.58426	0.464946	0.351429	0.249242	0.166586	0.107399	0.0573789	0.0180593	-0.00237674	-0.0238681	-0.0371422	-0.0324439	-0.0324439	
-0.449283	-0.435557	-0.357082	-0.213988	-0.021504	0.213608	0.46366	0.692	0.856407	0.933814	0.93284	0.865362	0.770771	0.685931	0.607583	0.520492	0.421563	0.313421	0.190563	0.0431304	-0.112191	-0.26116	-0.400114	-0.523978	-0.605869	-0.618138	-0.545946	-0.39194	-0.172245	0.0821457	0.340087	0.566766	0.726826	0.816544	0.829689	0.784568	0.696396	0.577243	0.456628	0.346427	0.24781	0.156895	0.0930635	0.049157	0.0107177	-0.0104093	-0.0233344	-0.0324439	-0.0384992	-0.0384992	
-0.449283	-0.435557	-0.357082	-0.213988	-0.021504	0.213608	0.46366	0.692	0.856407	0.933814	0.93284	0.865362	0.770771	0.685931	0.607583	0.520492	0.421563	0.313421	0.190563	0.0431304	-0.112191	-0.26116	-0.400114	-0.523978	-0.605869	-0.618138	-0.545946	-0.39194	-0.172245	0.0821457	0.340087	0.566766	0.726826	0.816544	0.829689	0.784568	0.696396	0.577243	0.456628	0.346427	0.24781	0.156895	0.0930635	0.049157	0.0107177	-0.0104093	-0.0233344	-0.0324439	-0.0384992	-0.0384992	
