-0.421644	-0.421644	-0.517439	-0.687754	-0.903504	-1.11217	-1.27527	-1.34934	-1.29812	-1.10733	-0.797868	-0.377679	0.100416	0.600048	1.04831	1.38187	1.56996	1.61836	1.54596	1.4186	1.25899	1.08418	0.916655	0.770995	0.676231	0.646667	0.67863	0.737753	0.78353	0.781602	0.731597	0.637746	0.502192	0.341205	0.193357	0.101911	0.0893782	0.161902	0.311228	0.511449	0.713031	0.899799	1.07107	1.19989	1.25888	1.21951	1.06977	0.820878	0.539156	0.243614	
-0.421644	-0.421644	-0.517439	-0.687754	-0.903504	-1.11217	-1.27527	-1.34934	-1.29812	-1.10733	-0.797868	-0.377679	0.100416	0.600048	1.04831	1.38187	1.56996	1.61836	1.54596	1.4186	1.25899	1.08418	0.916655	0.770995	0.676231	0.646667	0.67863	0.737753	0.78353	0.781602	0.731597	0.637746	0.502192	0.341205	0.193357	0.101911	0.0893782	0.161902	0.311228	0.511449	0.713031	0.899799	1.07107	1.19989	1.25888	1.21951	1.06977	0.820878	0.539156	0.243614	
-0.517439	-0.517439	-0.604969	-0.764071	-0.963628	-1.15844	-1.30449	-1.36496	-1.30408	-1.11071	-0.792706	-0.376112	0.0944344	0.569907	1.0006	1.32781	1.51953	1.56237	1.49123	1.35748	1.19156	1.01159	0.841474	0.691324	0.588937	0.552084	0.577119	0.628928	0.674205	0.68039	0.633063	0.541381	0.416273	0.267767	0.134615	0.0526374	0.0558003	0.137384	0.278442	0.461462	0.659243	0.843868	1.01245	1.13307	1.17788	1.13079	0.987116	0.758084	0.491195	0.209148	
-0.687754	-0.687754	-0.764071	-0.904505	-1.07599	-1.24347	-1.36263	-1.39215	-1.31169	-1.11309	-0.79152	-0.381281	0.0725985	0.524741	0.928715	1.23196	1.40628	1.44496	1.38321	1.25304	1.07997	0.889261	0.703563	0.543202	0.438192	0.395009	0.405627	0.448291	0.493012	0.505433	0.466381	0.386303	0.277791	0.152446	0.0395499	-0.0242401	-0.00678951	0.0837944	0.219133	0.385348	0.571163	0.750108	0.902923	1.00719	1.04551	1.00136	0.869312	0.657372	0.406304	0.145088	
-0.903504	-0.903504	-0.963628	-1.07599	-1.21053	-1.34238	-1.43007	-1.42923	-1.32237	-1.10678	-0.782699	-0.386925	0.0452259	0.467532	0.831177	1.0993	1.2532	1.28808	1.23318	1.10608	0.925073	0.721791	0.521892	0.351205	0.239156	0.186651	0.185509	0.218426	0.261246	0.281736	0.256578	0.191278	0.103027	0.00417704	-0.0810304	-0.11904	-0.0838837	0.0149452	0.144039	0.294617	0.466151	0.632599	0.767439	0.856247	0.883185	0.837265	0.720038	0.530012	0.301094	0.0639063	
-1.11217	-1.11217	-1.15844	-1.24347	-1.34238	-1.43118	-1.47771	-1.44825	-1.31962	-1.08422	-0.759125	-0.382067	0.0185832	0.398963	0.715528	0.94882	1.08603	1.118	1.06451	0.935813	0.746772	0.533147	0.329091	0.15328	0.0287579	-0.0388398	-0.0496922	-0.0257071	0.0108101	0.0339281	0.0215639	-0.0240273	-0.0903089	-0.162667	-0.216802	-0.222545	-0.163737	-0.0611398	0.0563829	0.192622	0.349185	0.495891	0.616483	0.691739	0.706631	0.656526	0.553368	0.397871	0.202564	-0.00919842	
-1.27527	-1.27527	-1.30449	-1.36263	-1.43007	-1.47771	-1.48561	-1.42708	-1.2779	-1.03486	-0.719984	-0.360417	0.0039166	0.336438	0.60663	0.799135	0.912902	0.944167	0.894884	0.774037	0.590885	0.371111	0.157121	-0.0270427	-0.161854	-0.243629	-0.271951	-0.264377	-0.238137	-0.220265	-0.221653	-0.245475	-0.284244	-0.328501	-0.345849	-0.32247	-0.250397	-0.149358	-0.0350655	0.0909969	0.224141	0.343638	0.444292	0.508733	0.521335	0.478709	0.396478	0.269016	0.110255	-0.0756229	
-1.34934	-1.34934	-1.36496	-1.39215	-1.42923	-1.44825	-1.42708	-1.34041	-1.18189	-0.943872	-0.649577	-0.313303	0.0058233	0.291371	0.514605	0.668788	0.752518	0.783065	0.74304	0.640599	0.469016	0.255235	0.0360998	-0.16098	-0.312139	-0.413714	-0.468288	-0.484138	-0.475156	-0.462193	-0.454355	-0.458122	-0.468311	-0.471386	-0.457999	-0.409077	-0.32662	-0.222503	-0.111204	0.00385394	0.10825	0.198849	0.270726	0.315837	0.330361	0.306017	0.248984	0.152748	0.0322299	-0.115742	
-1.29812	-1.29812	-1.30408	-1.31169	-1.32237	-1.31962	-1.2779	-1.18189	-1.01921	-0.797814	-0.532618	-0.242063	0.0297033	0.259491	0.438801	0.559076	0.629694	0.656778	0.626141	0.540613	0.389815	0.186642	-0.0296741	-0.231058	-0.400077	-0.526196	-0.608368	-0.653466	-0.668099	-0.667358	-0.659712	-0.642291	-0.611616	-0.573193	-0.522575	-0.45014	-0.352908	-0.2459	-0.144181	-0.0497435	0.0233713	0.0778995	0.121637	0.148098	0.157694	0.156771	0.132506	0.0749125	-0.00438883	-0.108041	
-1.10733	-1.10733	-1.11071	-1.11309	-1.10678	-1.08422	-1.03486	-0.943872	-0.797814	-0.608006	-0.381698	-0.143649	0.0716257	0.248631	0.388443	0.476642	0.532303	0.556545	0.53985	0.475882	0.356273	0.178903	-0.0250009	-0.22843	-0.412927	-0.56466	-0.679729	-0.754356	-0.7934	-0.8066	-0.799031	-0.758025	-0.68964	-0.610506	-0.526155	-0.432552	-0.322572	-0.21314	-0.118498	-0.0465063	-0.00508965	0.0157964	0.0282702	0.0296357	0.0384287	0.061235	0.0667882	0.0487792	0.0158704	-0.0377533	
-0.797868	-0.797868	-0.792706	-0.79152	-0.782699	-0.759125	-0.719984	-0.649577	-0.532618	-0.381698	-0.207515	-0.0315512	0.129985	0.25775	0.351205	0.411209	0.455806	0.47696	0.476816	0.441684	0.358934	0.219391	0.0378913	-0.164257	-0.359558	-0.532973	-0.676249	-0.782869	-0.849786	-0.878618	-0.868115	-0.810576	-0.711436	-0.596679	-0.477596	-0.361334	-0.241525	-0.127028	-0.036428	0.013582	0.0266706	0.0131886	-0.00836572	-0.0251808	-0.0179579	0.0185295	0.0569086	0.0730918	0.0822442	0.0777085	
-0.377679	-0.377679	-0.376112	-0.381281	-0.386925	-0.382067	-0.360417	-0.313303	-0.242063	-0.143649	-0.0315512	0.0793488	0.183281	0.268611	0.322382	0.363609	0.395431	0.41459	0.431408	0.427293	0.380492	0.284976	0.141847	-0.0437454	-0.242362	-0.436717	-0.603948	-0.739045	-0.839544	-0.8941	-0.886475	-0.810809	-0.690272	-0.548069	-0.401182	-0.255374	-0.121209	-0.0058817	0.0734001	0.104634	0.0953066	0.0497306	-0.00344482	-0.0349438	-0.0243118	0.0227753	0.0883165	0.143853	0.191739	0.231763	
0.100416	0.100416	0.0944344	0.0725985	0.0452259	0.0185832	0.0039166	0.0058233	0.0297033	0.0716257	0.129985	0.183281	0.232299	0.270694	0.297411	0.320597	0.343605	0.36634	0.395363	0.419586	0.417501	0.373107	0.269774	0.109374	-0.0845694	-0.288003	-0.480485	-0.649364	-0.777958	-0.853902	-0.851284	-0.770886	-0.63888	-0.478329	-0.302016	-0.134977	0.00764991	0.120503	0.188097	0.202306	0.165634	0.0950459	0.0244667	-0.0102422	0.00157513	0.0566891	0.142036	0.236228	0.326995	0.405605	
0.600048	0.600048	0.569907	0.524741	0.467532	0.398963	0.336438	0.291371	0.259491	0.248631	0.25775	0.268611	0.270694	0.272723	0.276613	0.285129	0.296753	0.323035	0.361661	0.412018	0.452945	0.460903	0.400326	0.271575	0.0883374	-0.116331	-0.326485	-0.519145	-0.670563	-0.754601	-0.759331	-0.689308	-0.555902	-0.381328	-0.195855	-0.0181261	0.132588	0.240232	0.29029	0.281942	0.218213	0.132305	0.0559373	0.0267355	0.0488683	0.115695	0.221796	0.352084	0.483823	0.596098	
1.04831	1.04831	1.0006	0.928715	0.831177	0.715528	0.60663	0.514605	0.438801	0.388443	0.351205	0.322382	0.297411	0.276613	0.261737	0.259215	0.26286	0.284514	0.32854	0.398175	0.471721	0.515492	0.4973	0.410064	0.253393	0.0540531	-0.158942	-0.359181	-0.520727	-0.614756	-0.633233	-0.573102	-0.439886	-0.267083	-0.0865972	0.0918721	0.244926	0.337828	0.360921	0.326178	0.246007	0.149907	0.0794756	0.067379	0.109819	0.200034	0.330771	0.488163	0.646825	0.784284	
1.38187	1.38187	1.32781	1.23196	1.0993	0.94882	0.799135	0.668788	0.559076	0.476642	0.411209	0.363609	0.320597	0.285129	0.259215	0.241548	0.235395	0.252111	0.300877	0.379708	0.47486	0.545943	0.568889	0.517127	0.392636	0.212981	0.00834376	-0.185745	-0.338153	-0.433692	-0.463325	-0.416426	-0.301716	-0.146763	0.0215806	0.184012	0.323432	0.397269	0.397349	0.335577	0.247429	0.15738	0.102997	0.107245	0.179227	0.299835	0.454435	0.636333	0.816758	0.968585	
1.56996	1.56996	1.51953	1.40628	1.2532	1.08603	0.912902	0.752518	0.629694	0.532303	0.455806	0.395431	0.343605	0.296753	0.26286	0.235395	0.223429	0.236801	0.284359	0.366071	0.471885	0.567553	0.616558	0.591737	0.496556	0.345221	0.16375	-0.0114145	-0.150994	-0.243752	-0.277856	-0.248537	-0.162555	-0.033263	0.113479	0.254628	0.366265	0.421931	0.402069	0.321264	0.22291	0.144165	0.112634	0.144091	0.243957	0.394813	0.57286	0.770877	0.96408	1.12826	
1.61836	1.61836	1.56237	1.44496	1.28808	1.118	0.944167	0.783065	0.656778	0.556545	0.47696	0.41459	0.36634	0.323035	0.284514	0.252111	0.236801	0.246573	0.292446	0.376953	0.488537	0.593713	0.653983	0.652842	0.576423	0.442682	0.288336	0.13906	0.00739655	-0.0806544	-0.118923	-0.105021	-0.0439787	0.0555841	0.176046	0.299637	0.386364	0.416951	0.380039	0.291023	0.186704	0.113652	0.100632	0.15897	0.282938	0.460223	0.662916	0.871205	1.06894	1.23999	
1.54596	1.54596	1.49123	1.38321	1.23318	1.06451	0.894884	0.74304	0.626141	0.53985	0.476816	0.431408	0.395363	0.361661	0.32854	0.300877	0.284359	0.292446	0.343152	0.43282	0.542494	0.643997	0.702561	0.706712	0.642835	0.52423	0.383612	0.246221	0.12509	0.0466444	0.00711483	0.001406	0.0383768	0.120628	0.225805	0.326419	0.387167	0.391771	0.345225	0.252393	0.143767	0.074617	0.0710346	0.147904	0.292533	0.488617	0.706147	0.926306	1.12836	1.29983	
1.4186	1.4186	1.35748	1.25304	1.10608	0.935813	0.774037	0.640599	0.540613	0.475882	0.441684	0.427293	0.419586	0.412018	0.398175	0.379708	0.366071	0.376953	0.43282	0.521343	0.621191	0.71227	0.759927	0.751324	0.686606	0.579099	0.445571	0.317879	0.211503	0.135028	0.091072	0.0759345	0.0989515	0.166619	0.256818	0.330421	0.369452	0.361451	0.308375	0.204991	0.0926448	0.0293035	0.0311258	0.113507	0.269972	0.475266	0.700711	0.925668	1.1238	1.29357	
1.25899	1.25899	1.19156	1.07997	0.925073	0.746772	0.590885	0.469016	0.389815	0.356273	0.358934	0.380492	0.417501	0.452945	0.471721	0.47486	0.471885	0.488537	0.542494	0.621191	0.708717	0.780569	0.806315	0.784286	0.716471	0.608972	0.486516	0.376121	0.284112	0.205443	0.152987	0.14003	0.152908	0.197592	0.261402	0.315284	0.336146	0.319381	0.257897	0.152344	0.0447764	-0.0186748	-0.0131259	0.0706082	0.223495	0.423839	0.643485	0.86017	1.04667	1.21388	
1.08418	1.08418	1.01159	0.889261	0.721791	0.533147	0.371111	0.255235	0.186642	0.178903	0.219391	0.284976	0.373107	0.460903	0.515492	0.545943	0.567553	0.593713	0.643997	0.71227	0.780569	0.824505	0.830971	0.800269	0.729721	0.632742	0.532787	0.441396	0.36422	0.297435	0.245923	0.222464	0.219068	0.234159	0.264617	0.291752	0.297973	0.266655	0.192795	0.0954375	0.00400419	-0.0580462	-0.0549658	0.0204937	0.157124	0.336273	0.536863	0.734687	0.907996	1.05875	
0.916655	0.916655	0.841474	0.703563	0.521892	0.329091	0.157121	0.0360998	-0.0296741	-0.0250009	0.0378913	0.141847	0.269774	0.400326	0.4973	0.568889	0.616558	0.653983	0.702561	0.759927	0.806315	0.830971	0.822141	0.78353	0.720341	0.650499	0.587029	0.525571	0.464645	0.419794	0.380941	0.342163	0.317064	0.301173	0.282877	0.27547	0.261452	0.212446	0.132159	0.043276	-0.0340774	-0.0904027	-0.0998339	-0.0422803	0.0684797	0.211426	0.373415	0.543836	0.703382	0.836707	
0.770995	0.770995	0.691324	0.543202	0.351205	0.15328	-0.0270427	-0.16098	-0.231058	-0.22843	-0.164257	-0.0437454	0.109374	0.271575	0.410064	0.517127	0.591737	0.652842	0.706712	0.751324	0.784286	0.800269	0.78353	0.747136	0.707896	0.677568	0.654755	0.631683	0.603402	0.580482	0.553746	0.510668	0.459673	0.404564	0.342358	0.29254	0.242153	0.173518	0.0906053	-0.000293674	-0.0753424	-0.125189	-0.14853	-0.120916	-0.0460767	0.0576693	0.177291	0.314149	0.450608	0.573942	
0.676231	0.676231	0.588937	0.438192	0.239156	0.0287579	-0.161854	-0.312139	-0.400077	-0.412927	-0.359558	-0.242362	-0.0845694	0.0883374	0.253393	0.392636	0.496556	0.576423	0.642835	0.686606	0.716471	0.729721	0.720341	0.707896	0.710567	0.720469	0.735232	0.756677	0.772557	0.776643	0.762455	0.7239	0.648893	0.553966	0.455669	0.359579	0.260495	0.156735	0.0617254	-0.0363612	-0.117966	-0.175995	-0.215172	-0.212811	-0.173228	-0.118069	-0.0384092	0.0707897	0.183567	0.29872	
0.646667	0.646667	0.552084	0.395009	0.186651	-0.0388398	-0.243629	-0.413714	-0.526196	-0.56466	-0.532973	-0.436717	-0.288003	-0.116331	0.0540531	0.212981	0.345221	0.442682	0.52423	0.579099	0.608972	0.632742	0.650499	0.677568	0.720469	0.769549	0.830616	0.900121	0.955598	0.989484	0.9921	0.955113	0.867961	0.743314	0.60321	0.458002	0.312246	0.171541	0.0461944	-0.0637896	-0.157751	-0.233393	-0.289223	-0.312697	-0.310995	-0.29961	-0.257408	-0.17901	-0.091209	0.0164479	
0.67863	0.67863	0.577119	0.405627	0.185509	-0.0496922	-0.271951	-0.468288	-0.608368	-0.679729	-0.676249	-0.603948	-0.480485	-0.326485	-0.158942	0.00834376	0.16375	0.288336	0.383612	0.445571	0.486516	0.532787	0.587029	0.654755	0.735232	0.830616	0.948537	1.06134	1.1448	1.20822	1.22782	1.1869	1.08875	0.942898	0.760188	0.566013	0.376172	0.19987	0.0438464	-0.08639	-0.193345	-0.285638	-0.358746	-0.410873	-0.448533	-0.469542	-0.461974	-0.415935	-0.346258	-0.253268	
0.737753	0.737753	0.628928	0.448291	0.218426	-0.0257071	-0.264377	-0.484138	-0.653466	-0.754356	-0.782869	-0.739045	-0.649364	-0.519145	-0.359181	-0.185745	-0.0114145	0.13906	0.246221	0.317879	0.376121	0.441396	0.525571	0.631683	0.756677	0.900121	1.06134	1.21218	1.32664	1.40467	1.43454	1.39346	1.27887	1.10721	0.891136	0.657196	0.427516	0.213202	0.0338735	-0.107	-0.21962	-0.320607	-0.412406	-0.49268	-0.564202	-0.617731	-0.643974	-0.628908	-0.577796	-0.507867	
0.78353	0.78353	0.674205	0.493012	0.261246	0.0108101	-0.238137	-0.475156	-0.668099	-0.7934	-0.849786	-0.839544	-0.777958	-0.670563	-0.520727	-0.338153	-0.150994	0.00739655	0.12509	0.211503	0.284112	0.36422	0.464645	0.603402	0.772557	0.955598	1.1448	1.32664	1.4716	1.56111	1.58912	1.53855	1.40351	1.20565	0.967499	0.70832	0.446587	0.205418	0.0168473	-0.123513	-0.235939	-0.343039	-0.450951	-0.549116	-0.644164	-0.734728	-0.792363	-0.799715	-0.771134	-0.723478	
0.781602	0.781602	0.68039	0.505433	0.281736	0.0339281	-0.220265	-0.462193	-0.667358	-0.8066	-0.878618	-0.8941	-0.853902	-0.754601	-0.614756	-0.433692	-0.243752	-0.0806544	0.0466444	0.135028	0.205443	0.297435	0.419794	0.580482	0.776643	0.989484	1.20822	1.40467	1.56111	1.65921	1.67425	1.60227	1.45158	1.24403	0.992583	0.714087	0.439256	0.19803	0.00510968	-0.138156	-0.2428	-0.343611	-0.457825	-0.571365	-0.680536	-0.79175	-0.871707	-0.900008	-0.896164	-0.869514	
0.731597	0.731597	0.633063	0.466381	0.256578	0.0215639	-0.221653	-0.454355	-0.659712	-0.799031	-0.868115	-0.886475	-0.851284	-0.759331	-0.633233	-0.463325	-0.277856	-0.118923	0.00711483	0.091072	0.152987	0.245923	0.380941	0.553746	0.762455	0.9921	1.22782	1.43454	1.58912	1.67425	1.67242	1.58741	1.43193	1.22084	0.966226	0.686105	0.418914	0.187864	0.00178037	-0.132604	-0.223307	-0.315267	-0.427957	-0.546572	-0.662335	-0.780451	-0.867814	-0.911316	-0.930314	-0.928427	
0.637746	0.637746	0.541381	0.386303	0.191278	-0.0240273	-0.245475	-0.458122	-0.642291	-0.758025	-0.810576	-0.810809	-0.770886	-0.689308	-0.573102	-0.416426	-0.248537	-0.105021	0.001406	0.0759345	0.14003	0.222464	0.342163	0.510668	0.7239	0.955113	1.1869	1.39346	1.53855	1.60227	1.58741	1.49984	1.34414	1.13388	0.889941	0.632091	0.382261	0.167346	0.0102688	-0.0983078	-0.17744	-0.262086	-0.360121	-0.465228	-0.578968	-0.695216	-0.781302	-0.837302	-0.875247	-0.895175	
0.502192	0.502192	0.416273	0.277791	0.103027	-0.0903089	-0.284244	-0.468311	-0.611616	-0.68964	-0.711436	-0.690272	-0.63888	-0.555902	-0.439886	-0.301716	-0.162555	-0.0439787	0.0383768	0.0989515	0.152908	0.219068	0.317064	0.459673	0.648893	0.867961	1.08875	1.27887	1.40351	1.45158	1.43193	1.34414	1.19136	0.990736	0.761793	0.533742	0.32182	0.145361	0.020309	-0.06275	-0.124346	-0.18916	-0.263544	-0.34852	-0.452273	-0.552668	-0.635025	-0.701909	-0.754555	-0.78662	
0.341205	0.341205	0.267767	0.152446	0.00417704	-0.162667	-0.328501	-0.471386	-0.573193	-0.610506	-0.596679	-0.548069	-0.478329	-0.381328	-0.267083	-0.146763	-0.033263	0.0555841	0.120628	0.166619	0.197592	0.234159	0.301173	0.404564	0.553966	0.743314	0.942898	1.10721	1.20565	1.24403	1.22084	1.13388	0.990736	0.801476	0.591079	0.392599	0.229582	0.102914	0.0156841	-0.0340429	-0.0659106	-0.104703	-0.154207	-0.220805	-0.308196	-0.39615	-0.469784	-0.540537	-0.601067	-0.642032	
0.193357	0.193357	0.134615	0.0395499	-0.0810304	-0.216802	-0.345849	-0.457999	-0.522575	-0.526155	-0.477596	-0.401182	-0.302016	-0.195855	-0.0865972	0.0215806	0.113479	0.176046	0.225805	0.256818	0.261402	0.264617	0.282877	0.342358	0.455669	0.60321	0.760188	0.891136	0.967499	0.992583	0.966226	0.889941	0.761793	0.591079	0.408756	0.245653	0.118026	0.0362673	-0.00495414	-0.0107615	-0.0105136	-0.0239856	-0.0537888	-0.100431	-0.169465	-0.250237	-0.319283	-0.383852	-0.452748	-0.49938	
0.101911	0.101911	0.0526374	-0.0242401	-0.11904	-0.222545	-0.32247	-0.409077	-0.45014	-0.432552	-0.361334	-0.255374	-0.134977	-0.0181261	0.0918721	0.184012	0.254628	0.299637	0.326419	0.330421	0.315284	0.291752	0.27547	0.29254	0.359579	0.458002	0.566013	0.657196	0.70832	0.714087	0.686105	0.632091	0.533742	0.392599	0.245653	0.119173	0.0307483	-0.0140466	-0.0182539	0.00213492	0.0292764	0.0423511	0.0294946	-0.00185172	-0.051013	-0.117713	-0.182004	-0.247316	-0.319865	-0.37511	
0.0893782	0.0893782	0.0558003	-0.00678951	-0.0838837	-0.163737	-0.250397	-0.32662	-0.352908	-0.322572	-0.241525	-0.121209	0.00764991	0.132588	0.244926	0.323432	0.366265	0.386364	0.387167	0.369452	0.336146	0.297973	0.261452	0.242153	0.260495	0.312246	0.376172	0.427516	0.446587	0.439256	0.418914	0.382261	0.32182	0.229582	0.118026	0.0307483	-0.0134597	-0.0284995	-0.0169392	0.0147198	0.0540253	0.0798056	0.0739401	0.0568834	0.0326135	-0.00862695	-0.0697487	-0.138755	-0.203772	-0.2584	
0.161902	0.161902	0.137384	0.0837944	0.0149452	-0.0611398	-0.149358	-0.222503	-0.2459	-0.21314	-0.127028	-0.0058817	0.120503	0.240232	0.337828	0.397269	0.421931	0.416951	0.391771	0.361451	0.319381	0.266655	0.212446	0.173518	0.156735	0.171541	0.19987	0.213202	0.205418	0.19803	0.187864	0.167346	0.145361	0.102914	0.0362673	-0.0140466	-0.0284995	-0.0254655	-0.0113884	0.0232795	0.0613143	0.0795337	0.0787384	0.0761222	0.0671994	0.0435268	-0.00307965	-0.0580395	-0.105008	-0.14821	
0.311228	0.311228	0.278442	0.219133	0.144039	0.0563829	-0.0350655	-0.111204	-0.144181	-0.118498	-0.036428	0.0734001	0.188097	0.29029	0.360921	0.397349	0.402069	0.380039	0.345225	0.308375	0.257897	0.192795	0.132159	0.0906053	0.0617254	0.0461944	0.0438464	0.0338735	0.0168473	0.00510968	0.00178037	0.0102688	0.020309	0.0156841	-0.00495414	-0.0182539	-0.0169392	-0.0113884	-0.00600593	0.024449	0.0551371	0.0564125	0.0501072	0.0520507	0.051424	0.0396744	0.0137027	-0.0152337	-0.0379904	-0.0581691	
0.511449	0.511449	0.461462	0.385348	0.294617	0.192622	0.0909969	0.00385394	-0.0497435	-0.0465063	0.013582	0.104634	0.202306	0.281942	0.326178	0.335577	0.321264	0.291023	0.252393	0.204991	0.152344	0.0954375	0.043276	-0.000293674	-0.0363612	-0.0637896	-0.08639	-0.107	-0.123513	-0.138156	-0.132604	-0.0983078	-0.06275	-0.0340429	-0.0107615	0.00213492	0.0147198	0.0232795	0.024449	0.0281888	0.0298923	0.0159677	0.000302736	-0.0100498	-0.0110941	-0.0150092	-0.0228736	-0.0283025	-0.0275641	-0.017138	
0.713031	0.713031	0.659243	0.571163	0.466151	0.349185	0.224141	0.10825	0.0233713	-0.00508965	0.0266706	0.0953066	0.165634	0.218213	0.246007	0.247429	0.22291	0.186704	0.143767	0.0926448	0.0447764	0.00400419	-0.0340774	-0.0753424	-0.117966	-0.157751	-0.193345	-0.21962	-0.235939	-0.2428	-0.223307	-0.17744	-0.124346	-0.0659106	-0.0105136	0.0292764	0.0540253	0.0613143	0.0551371	0.0298923	8.37961e-05	-0.0309819	-0.0640016	-0.0894641	-0.102037	-0.108888	-0.109873	-0.0931633	-0.0642588	-0.0248885	
0.899799	0.899799	0.843868	0.750108	0.632599	0.495891	0.343638	0.198849	0.0778995	0.0157964	0.0131886	0.0497306	0.0950459	0.132305	0.149907	0.15738	0.144165	0.113652	0.074617	0.0293035	-0.0186748	-0.0580462	-0.0904027	-0.125189	-0.175995	-0.233393	-0.285638	-0.320607	-0.343039	-0.343611	-0.315267	-0.262086	-0.18916	-0.104703	-0.0239856	0.0423511	0.0798056	0.0795337	0.0564125	0.0159677	-0.0309819	-0.0795641	-0.134833	-0.178339	-0.21041	-0.224371	-0.218777	-0.190572	-0.143169	-0.0846036	
1.07107	1.07107	1.01245	0.902923	0.767439	0.616483	0.444292	0.270726	0.121637	0.0282702	-0.00836572	-0.00344482	0.0244667	0.0559373	0.0794756	0.102997	0.112634	0.100632	0.0710346	0.0311258	-0.0131259	-0.0549658	-0.0998339	-0.14853	-0.215172	-0.289223	-0.358746	-0.412406	-0.450951	-0.457825	-0.427957	-0.360121	-0.263544	-0.154207	-0.0537888	0.0294946	0.0739401	0.0787384	0.0501072	0.000302736	-0.0640016	-0.134833	-0.207176	-0.269795	-0.31936	-0.343016	-0.339648	-0.31192	-0.258509	-0.181563	
1.19989	1.19989	1.13307	1.00719	0.856247	0.691739	0.508733	0.315837	0.148098	0.0296357	-0.0251808	-0.0349438	-0.0102422	0.0267355	0.067379	0.107245	0.144091	0.15897	0.147904	0.113507	0.0706082	0.0204937	-0.0422803	-0.120916	-0.212811	-0.312697	-0.410873	-0.49268	-0.549116	-0.571365	-0.546572	-0.465228	-0.34852	-0.220805	-0.100431	-0.00185172	0.0568834	0.0761222	0.0520507	-0.0100498	-0.0894641	-0.178339	-0.269795	-0.352213	-0.413978	-0.446485	-0.456318	-0.438647	-0.38874	-0.303514	
1.25888	1.25888	1.17788	1.04551	0.883185	0.706631	0.521335	0.330361	0.157694	0.0384287	-0.0179579	-0.0243118	0.00157513	0.0488683	0.109819	0.179227	0.243957	0.282938	0.292533	0.269972	0.223495	0.157124	0.0684797	-0.0460767	-0.173228	-0.310995	-0.448533	-0.564202	-0.644164	-0.680536	-0.662335	-0.578968	-0.452273	-0.308196	-0.169465	-0.051013	0.0326135	0.0671994	0.051424	-0.0110941	-0.102037	-0.21041	-0.31936	-0.413978	-0.483874	-0.531645	-0.560713	-0.551639	-0.505474	-0.423243	
1.21951	1.21951	1.13079	1.00136	0.837265	0.656526	0.478709	0.306017	0.156771	0.061235	0.0185295	0.0227753	0.0566891	0.115695	0.200034	0.299835	0.394813	0.460223	0.488617	0.475266	0.423839	0.336273	0.211426	0.0576693	-0.118069	-0.29961	-0.469542	-0.617731	-0.734728	-0.79175	-0.780451	-0.695216	-0.552668	-0.39615	-0.250237	-0.117713	-0.00862695	0.0435268	0.0396744	-0.0150092	-0.108888	-0.224371	-0.343016	-0.446485	-0.531645	-0.600069	-0.640908	-0.640762	-0.601517	-0.528165	
1.06977	1.06977	0.987116	0.869312	0.720038	0.553368	0.396478	0.248984	0.132506	0.0667882	0.0569086	0.0883165	0.142036	0.221796	0.330771	0.454435	0.57286	0.662916	0.706147	0.700711	0.643485	0.536863	0.373415	0.177291	-0.0384092	-0.257408	-0.461974	-0.643974	-0.792363	-0.871707	-0.867814	-0.781302	-0.635025	-0.469784	-0.319283	-0.182004	-0.0697487	-0.00307965	0.0137027	-0.0228736	-0.109873	-0.218777	-0.339648	-0.456318	-0.560713	-0.640908	-0.686563	-0.689909	-0.660726	-0.60438	
0.820878	0.820878	0.758084	0.657372	0.530012	0.397871	0.269016	0.152748	0.0749125	0.0487792	0.0730918	0.143853	0.236228	0.352084	0.488163	0.636333	0.770877	0.871205	0.926306	0.925668	0.86017	0.734687	0.543836	0.314149	0.0707897	-0.17901	-0.415935	-0.628908	-0.799715	-0.900008	-0.911316	-0.837302	-0.701909	-0.540537	-0.383852	-0.247316	-0.138755	-0.0580395	-0.0152337	-0.0283025	-0.0931633	-0.190572	-0.31192	-0.438647	-0.551639	-0.640762	-0.689909	-0.701633	-0.691143	-0.663572	
0.539156	0.539156	0.491195	0.406304	0.301094	0.202564	0.110255	0.0322299	-0.00438883	0.0158704	0.0822442	0.191739	0.326995	0.483823	0.646825	0.816758	0.96408	1.06894	1.12836	1.1238	1.04667	0.907996	0.703382	0.450608	0.183567	-0.091209	-0.346258	-0.577796	-0.771134	-0.896164	-0.930314	-0.875247	-0.754555	-0.601067	-0.452748	-0.319865	-0.203772	-0.105008	-0.0379904	-0.0275641	-0.0642588	-0.143169	-0.258509	-0.38874	-0.505474	-0.601517	-0.660726	-0.691143	-0.708407	-0.704959	
0.243614	0.243614	0.209148	0.145088	0.0639063	-0.00919842	-0.0756229	-0.115742	-0.108041	-0.0377533	0.0777085	0.231763	0.405605	0.596098	0.784284	0.968585	1.12826	1.23999	1.29983	1.29357	1.21388	1.05875	0.836707	0.573942	0.29872	0.0164479	-0.253268	-0.507867	-0.723478	-0.869514	-0.928427	-0.895175	-0.78662	-0.642032	-0.49938	-0.37511	-0.2584	-0.14821	-0.0581691	-0.017138	-0.0248885	-0.0846036	-0.181563	-0.303514	-0.423243	-0.528165	-0.60438	-0.663572	-0.704959	-0.723605	
