0.403502	0.0439178	0.100545	-0.50527	-0.442759	-0.442759	
0.0439178	-0.430771	-0.145714	-0.0843102	0.594414	0.594414	
0.100545	-0.145714	0.239663	-0.205638	0.805103	0.805103	
-0.50527	-0.0843102	-0.205638	-0.239926	0.824862	0.824862	
-0.442759	0.594414	0.805103	0.824862	-1.14326	-1.14326	
-0.442759	0.594414	0.805103	0.824862	-1.14326	-1.14326	
