-0.534973	0.205892	0.279266	-0.0270495	0.144324	0.144324	
0.205892	-0.0212101	-0.0529244	-0.0799547	0.84417	0.84417	
0.279266	-0.0529244	0.880416	-0.146722	0.0566605	0.0566605	
-0.0270495	-0.0799547	-0.146722	0.737612	1.69209	1.69209	
0.144324	0.84417	0.0566605	1.69209	-0.0513795	-0.0513795	
0.144324	0.84417	0.0566605	1.69209	-0.0513795	-0.0513795	
