-0.136752	-0.0635962	0.0297203	0.143391	0.280374	0.43791	0.595222	0.719536	0.808994	0.883726	0.948449	1.01347	1.07997	1.14058	1.18134	1.20371	1.2118	1.2059	1.20222	1.19222	1.1791	1.15172	1.10426	1.04049	0.954736	0.856555	0.757045	0.666786	0.577912	0.482503	0.384944	0.293397	0.224666	0.16842	0.130687	0.138922	0.187505	0.247192	0.303209	0.362275	0.419148	0.457024	0.46432	0.443813	0.40535	0.360994	0.311875	0.263653	0.229993	0.229993	
-0.0635962	0.0266808	0.133679	0.244931	0.367922	0.510237	0.652547	0.767639	0.850239	0.917858	0.972304	1.02262	1.08018	1.13263	1.15772	1.15582	1.1379	1.11712	1.10023	1.0762	1.04271	0.989682	0.916842	0.835339	0.747353	0.662167	0.580241	0.504503	0.437789	0.370321	0.300097	0.234533	0.188574	0.147212	0.119481	0.133755	0.185692	0.2449	0.29174	0.33323	0.365804	0.382021	0.383813	0.372609	0.34693	0.315117	0.276489	0.240379	0.217743	0.217743	
0.0297203	0.133679	0.241225	0.346711	0.460411	0.582196	0.699669	0.798496	0.874016	0.931218	0.967539	1.00012	1.04232	1.0788	1.08717	1.06377	1.02068	0.982432	0.952131	0.913262	0.867806	0.800758	0.718362	0.631803	0.551611	0.482974	0.420213	0.366551	0.322094	0.280421	0.23727	0.193444	0.161577	0.132881	0.1161	0.133671	0.177988	0.226058	0.263506	0.295553	0.310786	0.313689	0.312496	0.304394	0.289397	0.264179	0.235253	0.21306	0.201755	0.201755	
0.143391	0.244931	0.346711	0.451055	0.553315	0.648639	0.736785	0.818549	0.87958	0.920106	0.939413	0.954318	0.975598	0.9857	0.975149	0.936379	0.871809	0.808132	0.752165	0.696227	0.644061	0.58121	0.50844	0.433938	0.368774	0.319329	0.284471	0.265138	0.250588	0.23226	0.211257	0.18423	0.157118	0.137689	0.130418	0.142714	0.165922	0.187203	0.215046	0.240154	0.254089	0.254712	0.249688	0.245596	0.232024	0.215273	0.194273	0.181988	0.178897	0.178897	
0.280374	0.367922	0.460411	0.553315	0.637907	0.710397	0.77808	0.840269	0.882953	0.901898	0.905681	0.901069	0.893986	0.870138	0.837258	0.77863	0.681979	0.582904	0.490767	0.415294	0.364931	0.320221	0.272775	0.226557	0.185963	0.163953	0.171567	0.201376	0.223417	0.232205	0.233476	0.21864	0.195946	0.174386	0.165596	0.158965	0.150148	0.145643	0.157816	0.182042	0.198276	0.204782	0.202623	0.199405	0.18814	0.169261	0.149909	0.137634	0.135874	0.135874	
0.43791	0.510237	0.582196	0.648639	0.710397	0.768623	0.824706	0.86916	0.889715	0.890341	0.872093	0.846019	0.808038	0.755516	0.6875	0.591203	0.454938	0.31096	0.182957	0.0917494	0.044822	0.0223508	0.0119113	0.00679151	0.00774778	0.0292324	0.0851063	0.159211	0.218631	0.256953	0.28671	0.291446	0.273508	0.247186	0.220918	0.185977	0.147388	0.118838	0.11235	0.125298	0.139457	0.151755	0.158384	0.163435	0.155452	0.13287	0.10885	0.0921592	0.0876568	0.0876568	
0.595222	0.652547	0.699669	0.736785	0.77808	0.824706	0.865194	0.890687	0.890308	0.86926	0.827729	0.780445	0.720657	0.635801	0.524491	0.379092	0.201842	0.0215998	-0.132151	-0.232519	-0.278946	-0.284388	-0.259713	-0.216091	-0.159522	-0.0829632	0.0164538	0.123331	0.213808	0.290315	0.353603	0.381008	0.374782	0.340833	0.294656	0.23201	0.169325	0.1178	0.0861255	0.0781777	0.0840566	0.0998385	0.115568	0.130905	0.127488	0.10517	0.0762815	0.055792	0.045622	0.045622	
0.719536	0.767639	0.798496	0.818549	0.840269	0.86916	0.890687	0.895722	0.878075	0.838194	0.776456	0.710657	0.626333	0.509827	0.353143	0.164431	-0.0468152	-0.253489	-0.418819	-0.529911	-0.579291	-0.573148	-0.519187	-0.42829	-0.31406	-0.180188	-0.0403048	0.0922366	0.21637	0.32775	0.419683	0.462989	0.466124	0.431064	0.369042	0.289801	0.20442	0.129439	0.0700856	0.0416015	0.0402497	0.0582645	0.0800839	0.100195	0.104167	0.0880432	0.0651275	0.04233	0.0279892	0.0279892	
0.808994	0.850239	0.874016	0.87958	0.882953	0.889715	0.890308	0.878075	0.846561	0.793914	0.720543	0.635792	0.524424	0.378873	0.188677	-0.0360128	-0.26953	-0.488044	-0.663894	-0.783992	-0.834547	-0.816993	-0.738326	-0.611932	-0.452188	-0.268622	-0.0888645	0.0730595	0.227453	0.363952	0.465103	0.516674	0.527316	0.497223	0.434388	0.345687	0.242283	0.1442	0.062437	0.0168726	0.00884689	0.0262021	0.0508488	0.0734805	0.0855638	0.0849194	0.0753162	0.0581006	0.0423603	0.0423603	
0.883726	0.917858	0.931218	0.920106	0.901898	0.890341	0.86926	0.838194	0.793914	0.729662	0.646179	0.542153	0.408955	0.240865	0.0298184	-0.21023	-0.445499	-0.661523	-0.83767	-0.959719	-1.00456	-0.975747	-0.886131	-0.746676	-0.565831	-0.356147	-0.147214	0.0450149	0.223192	0.374175	0.479983	0.540922	0.560921	0.542429	0.48411	0.390115	0.274811	0.159492	0.0641026	0.0029747	-0.0182712	-0.0065571	0.0211346	0.0493479	0.0744698	0.0931384	0.100661	0.0973581	0.0854633	0.0854633	
0.948449	0.972304	0.967539	0.939413	0.905681	0.872093	0.827729	0.776456	0.720543	0.646179	0.559858	0.446213	0.296385	0.110056	-0.112059	-0.350531	-0.574867	-0.772534	-0.937696	-1.04881	-1.08571	-1.05624	-0.969687	-0.829338	-0.644812	-0.429255	-0.202263	0.0123491	0.204776	0.362082	0.471649	0.53803	0.565648	0.553781	0.497939	0.406215	0.287713	0.169956	0.0706891	-0.00614424	-0.0439605	-0.0425733	-0.0126151	0.0303685	0.0732158	0.111598	0.140232	0.151786	0.151458	0.151458	
1.01347	1.02262	1.00012	0.954318	0.901069	0.846019	0.780445	0.710657	0.635792	0.542153	0.446213	0.324488	0.165529	-0.0250083	-0.237664	-0.462328	-0.667553	-0.841831	-0.986476	-1.07972	-1.11166	-1.09106	-1.01316	-0.877285	-0.702486	-0.49543	-0.266851	-0.0441867	0.158402	0.326656	0.444698	0.524868	0.557477	0.549213	0.496612	0.405766	0.295564	0.182181	0.0831557	0.000519157	-0.0484954	-0.0561315	-0.0240861	0.02855	0.0841072	0.13225	0.167992	0.189488	0.196123	0.196123	
1.07997	1.08018	1.04232	0.975598	0.893986	0.808038	0.720657	0.626333	0.524424	0.408955	0.296385	0.165529	0.00652358	-0.171255	-0.362999	-0.560413	-0.739806	-0.882895	-0.994575	-1.06296	-1.09506	-1.08812	-1.03025	-0.916225	-0.757948	-0.567377	-0.349236	-0.125698	0.0830407	0.2627	0.396708	0.488429	0.53423	0.534805	0.489036	0.410886	0.314274	0.208124	0.109648	0.0259943	-0.0279943	-0.0411929	-0.0148654	0.0382479	0.0988228	0.148363	0.189036	0.216484	0.230299	0.230299	
1.14058	1.13263	1.0788	0.9857	0.870138	0.755516	0.635801	0.509827	0.378873	0.240865	0.110056	-0.0250083	-0.171255	-0.324133	-0.479527	-0.640598	-0.787207	-0.892345	-0.965853	-1.00897	-1.03599	-1.04376	-1.01688	-0.936893	-0.807162	-0.64029	-0.442524	-0.231982	-0.0234785	0.164383	0.311534	0.423609	0.49134	0.507789	0.4772	0.413888	0.330735	0.230632	0.134063	0.0539034	0.00827466	-0.00233869	0.0203722	0.0703867	0.125963	0.176372	0.218004	0.251564	0.27143	0.27143	
1.18134	1.15772	1.08717	0.975149	0.837258	0.6875	0.524491	0.353143	0.188677	0.0298184	-0.112059	-0.237664	-0.362999	-0.479527	-0.5925	-0.707424	-0.806027	-0.867012	-0.900636	-0.922813	-0.944518	-0.966301	-0.974433	-0.936667	-0.844615	-0.708569	-0.538585	-0.346875	-0.145287	0.038931	0.19849	0.333372	0.428762	0.470395	0.461881	0.417566	0.345291	0.254873	0.16228	0.0928837	0.0578194	0.0557274	0.0775458	0.116794	0.16637	0.210992	0.253326	0.287161	0.309857	0.309857	
1.20371	1.15582	1.06377	0.936379	0.77863	0.591203	0.379092	0.164431	-0.0360128	-0.21023	-0.350531	-0.462328	-0.560413	-0.640598	-0.707424	-0.762199	-0.795879	-0.805663	-0.805971	-0.811936	-0.831373	-0.86414	-0.901209	-0.90689	-0.858261	-0.761249	-0.622307	-0.446726	-0.259759	-0.0845889	0.0827658	0.236059	0.357039	0.427164	0.447891	0.423005	0.362495	0.281104	0.198781	0.138968	0.111609	0.114294	0.131464	0.160807	0.203643	0.247891	0.286667	0.318204	0.336672	0.336672	
1.2118	1.1379	1.02068	0.871809	0.681979	0.454938	0.201842	-0.0468152	-0.26953	-0.445499	-0.574867	-0.667553	-0.739806	-0.787207	-0.806027	-0.795879	-0.765218	-0.729328	-0.700937	-0.691816	-0.702534	-0.739792	-0.793533	-0.830655	-0.82908	-0.780315	-0.6753	-0.526511	-0.358741	-0.19213	-0.0212312	0.147668	0.288851	0.38452	0.431062	0.422776	0.366827	0.291095	0.21721	0.16377	0.145793	0.152009	0.169108	0.200198	0.242736	0.28931	0.323225	0.343355	0.354337	0.354337	
1.2059	1.11712	0.982432	0.808132	0.582904	0.31096	0.0215998	-0.253489	-0.488044	-0.661523	-0.772534	-0.841831	-0.882895	-0.892345	-0.867012	-0.805663	-0.729328	-0.658758	-0.597379	-0.563463	-0.563899	-0.601688	-0.662486	-0.723755	-0.764702	-0.7615	-0.70419	-0.592824	-0.448466	-0.293256	-0.116204	0.0632845	0.220742	0.336583	0.401504	0.409069	0.36241	0.289312	0.213351	0.163653	0.144621	0.153966	0.1805	0.221478	0.279012	0.329609	0.362534	0.379001	0.385148	0.385148	
1.20222	1.10023	0.952131	0.752165	0.490767	0.182957	-0.132151	-0.418819	-0.663894	-0.83767	-0.937696	-0.986476	-0.994575	-0.965853	-0.900636	-0.805971	-0.700937	-0.597379	-0.506007	-0.450816	-0.44595	-0.485923	-0.551526	-0.625834	-0.686726	-0.71902	-0.708938	-0.643822	-0.529351	-0.382721	-0.208919	-0.017599	0.153767	0.279763	0.355954	0.378872	0.347621	0.275801	0.199953	0.146241	0.129895	0.145178	0.185578	0.248748	0.312938	0.36324	0.389804	0.401987	0.40854	0.40854	
1.19222	1.0762	0.913262	0.696227	0.415294	0.0917494	-0.232519	-0.529911	-0.783992	-0.959719	-1.04881	-1.07972	-1.06296	-1.00897	-0.922813	-0.811936	-0.691816	-0.563463	-0.450816	-0.381339	-0.368585	-0.408983	-0.482759	-0.563038	-0.628874	-0.681452	-0.708648	-0.677788	-0.58377	-0.45078	-0.283219	-0.0920062	0.0860577	0.213483	0.29203	0.326377	0.30779	0.244334	0.171961	0.124307	0.111121	0.136875	0.19626	0.27564	0.348305	0.394457	0.417006	0.429674	0.438357	0.438357	
1.1791	1.04271	0.867806	0.644061	0.364931	0.044822	-0.278946	-0.579291	-0.834547	-1.00456	-1.08571	-1.11166	-1.09506	-1.03599	-0.944518	-0.831373	-0.702534	-0.563899	-0.44595	-0.368585	-0.347464	-0.388046	-0.466351	-0.548399	-0.617807	-0.68167	-0.726661	-0.710685	-0.625739	-0.504036	-0.347713	-0.160408	0.0185963	0.150805	0.232513	0.267518	0.251495	0.195397	0.134931	0.0976351	0.0938834	0.132532	0.208032	0.301335	0.383151	0.436569	0.466607	0.483743	0.496522	0.496522	
1.15172	0.989682	0.800758	0.58121	0.320221	0.0223508	-0.284388	-0.573148	-0.816993	-0.975747	-1.05624	-1.09106	-1.08812	-1.04376	-0.966301	-0.86414	-0.739792	-0.601688	-0.485923	-0.408983	-0.388046	-0.425526	-0.504178	-0.590192	-0.662254	-0.726068	-0.762988	-0.739236	-0.65605	-0.538989	-0.394258	-0.222403	-0.0497666	0.0843947	0.167723	0.196297	0.179004	0.135376	0.095653	0.0762363	0.0874884	0.141819	0.228065	0.329194	0.422258	0.494601	0.54474	0.574757	0.593106	0.593106	
1.10426	0.916842	0.718362	0.50844	0.272775	0.0119113	-0.259713	-0.519187	-0.738326	-0.886131	-0.969687	-1.01316	-1.03025	-1.01688	-0.974433	-0.901209	-0.793533	-0.662486	-0.551526	-0.482759	-0.466351	-0.504178	-0.587231	-0.681185	-0.753236	-0.799714	-0.811961	-0.772879	-0.682496	-0.564338	-0.427579	-0.275608	-0.120669	0.0040338	0.0795701	0.102408	0.0912496	0.071397	0.0594884	0.0686936	0.10566	0.179995	0.277008	0.378624	0.477677	0.565077	0.633494	0.678099	0.701266	0.701266	
1.04049	0.835339	0.631803	0.433938	0.226557	0.00679151	-0.216091	-0.42829	-0.611932	-0.746676	-0.829338	-0.877285	-0.916225	-0.936893	-0.936667	-0.90689	-0.830655	-0.723755	-0.625834	-0.563038	-0.548399	-0.590192	-0.681185	-0.778337	-0.841755	-0.868009	-0.86109	-0.812505	-0.716708	-0.597599	-0.46812	-0.329956	-0.195562	-0.0894656	-0.026314	-0.000290699	0.00437545	0.0088425	0.0236737	0.0599429	0.127101	0.222887	0.331309	0.438254	0.542129	0.640905	0.725921	0.782607	0.812668	0.812668	
0.954736	0.747353	0.551611	0.368774	0.185963	0.00774778	-0.159522	-0.31406	-0.452188	-0.565831	-0.644812	-0.702486	-0.757948	-0.807162	-0.844615	-0.858261	-0.82908	-0.764702	-0.686726	-0.628874	-0.617807	-0.662254	-0.753236	-0.841755	-0.892534	-0.911522	-0.898695	-0.843282	-0.749441	-0.635784	-0.513001	-0.382529	-0.265653	-0.178331	-0.122215	-0.0881761	-0.0665402	-0.0481963	-0.0185303	0.0370336	0.123841	0.236051	0.358085	0.476301	0.595363	0.708905	0.806508	0.87555	0.909017	0.909017	
0.856555	0.662167	0.482974	0.319329	0.163953	0.0292324	-0.0829632	-0.180188	-0.268622	-0.356147	-0.429255	-0.49543	-0.567377	-0.64029	-0.708569	-0.761249	-0.780315	-0.7615	-0.71902	-0.681452	-0.68167	-0.726068	-0.799714	-0.868009	-0.911522	-0.930104	-0.910492	-0.852546	-0.764511	-0.659857	-0.545178	-0.423178	-0.321616	-0.246292	-0.191984	-0.151905	-0.125979	-0.100629	-0.0627654	-0.000291774	0.098334	0.21971	0.353642	0.488626	0.623385	0.748644	0.849648	0.916962	0.948929	0.948929	
0.757045	0.580241	0.420213	0.284471	0.171567	0.0851063	0.0164538	-0.0403048	-0.0888645	-0.147214	-0.202263	-0.266851	-0.349236	-0.442524	-0.538585	-0.622307	-0.6753	-0.70419	-0.708938	-0.708648	-0.726661	-0.762988	-0.811961	-0.86109	-0.898695	-0.910492	-0.885917	-0.83327	-0.757485	-0.665058	-0.564481	-0.457641	-0.370977	-0.294301	-0.237886	-0.200937	-0.175149	-0.146122	-0.103247	-0.0424953	0.0550072	0.178987	0.320919	0.466532	0.612425	0.740278	0.834942	0.89472	0.921422	0.921422	
0.666786	0.504503	0.366551	0.265138	0.201376	0.159211	0.123331	0.0922366	0.0730595	0.0450149	0.0123491	-0.0441867	-0.125698	-0.231982	-0.346875	-0.446726	-0.526511	-0.592824	-0.643822	-0.677788	-0.710685	-0.739236	-0.772879	-0.812505	-0.843282	-0.852546	-0.83327	-0.795848	-0.739697	-0.660876	-0.578037	-0.489341	-0.404323	-0.319821	-0.259278	-0.228171	-0.206922	-0.177117	-0.136014	-0.0838032	0.00288241	0.121635	0.261161	0.405973	0.548537	0.666244	0.750718	0.80285	0.82695	0.82695	
0.577912	0.437789	0.322094	0.250588	0.223417	0.218631	0.213808	0.21637	0.227453	0.223192	0.204776	0.158402	0.0830407	-0.0234785	-0.145287	-0.259759	-0.358741	-0.448466	-0.529351	-0.58377	-0.625739	-0.65605	-0.682496	-0.716708	-0.749441	-0.764511	-0.757485	-0.739697	-0.700418	-0.637876	-0.570507	-0.489746	-0.40549	-0.318226	-0.256757	-0.230278	-0.216459	-0.195286	-0.162337	-0.1206	-0.0461577	0.0559895	0.17982	0.308629	0.428269	0.526979	0.597543	0.645384	0.668652	0.668652	
0.482503	0.370321	0.280421	0.23226	0.232205	0.256953	0.290315	0.32775	0.363952	0.374175	0.362082	0.326656	0.2627	0.164383	0.038931	-0.0845889	-0.19213	-0.293256	-0.382721	-0.45078	-0.504036	-0.538989	-0.564338	-0.597599	-0.635784	-0.659857	-0.665058	-0.660876	-0.637876	-0.586532	-0.517246	-0.437893	-0.360456	-0.283091	-0.227705	-0.202063	-0.197572	-0.19221	-0.171496	-0.136136	-0.0781442	0.00119086	0.0953432	0.188676	0.272182	0.335166	0.38557	0.420362	0.438498	0.438498	
0.384944	0.300097	0.23727	0.211257	0.233476	0.28671	0.353603	0.419683	0.465103	0.479983	0.471649	0.444698	0.396708	0.311534	0.19849	0.0827658	-0.0212312	-0.116204	-0.208919	-0.283219	-0.347713	-0.394258	-0.427579	-0.46812	-0.513001	-0.545178	-0.564481	-0.578037	-0.570507	-0.517246	-0.434772	-0.351077	-0.280462	-0.222174	-0.173847	-0.152307	-0.154176	-0.160168	-0.152503	-0.127755	-0.0888524	-0.0377006	0.019509	0.0710185	0.107343	0.130275	0.14715	0.159288	0.164828	0.164828	
0.293397	0.234533	0.193444	0.18423	0.21864	0.291446	0.381008	0.462989	0.516674	0.540922	0.53803	0.524868	0.488429	0.423609	0.333372	0.236059	0.147668	0.0632845	-0.017599	-0.0920062	-0.160408	-0.222403	-0.275608	-0.329956	-0.382529	-0.423178	-0.457641	-0.489341	-0.489746	-0.437893	-0.351077	-0.26742	-0.202381	-0.152742	-0.115941	-0.0959846	-0.0942591	-0.0986286	-0.0986392	-0.0898688	-0.0734227	-0.0523716	-0.0327671	-0.0249149	-0.0342355	-0.0536403	-0.0750996	-0.0929152	-0.103417	-0.103417	
0.224666	0.188574	0.161577	0.157118	0.195946	0.273508	0.374782	0.466124	0.527316	0.560921	0.565648	0.557477	0.53423	0.49134	0.428762	0.357039	0.288851	0.220742	0.153767	0.0860577	0.0185963	-0.0497666	-0.120669	-0.195562	-0.265653	-0.321616	-0.370977	-0.404323	-0.40549	-0.360456	-0.280462	-0.202381	-0.129914	-0.0775289	-0.0421104	-0.0198447	-0.0078713	-0.00152195	-0.00275903	-0.00166512	-0.00590873	-0.0130334	-0.03331	-0.0738609	-0.131238	-0.198808	-0.262787	-0.316172	-0.346173	-0.346173	
0.16842	0.147212	0.132881	0.137689	0.174386	0.247186	0.340833	0.431064	0.497223	0.542429	0.553781	0.549213	0.534805	0.507789	0.470395	0.427164	0.38452	0.336583	0.279763	0.213483	0.150805	0.0843947	0.0040338	-0.0894656	-0.178331	-0.246292	-0.294301	-0.319821	-0.318226	-0.283091	-0.222174	-0.152742	-0.0775289	-0.0114799	0.0426202	0.0810097	0.109139	0.128463	0.138624	0.140499	0.123357	0.0838966	0.0198335	-0.068902	-0.17741	-0.284277	-0.384166	-0.463849	-0.51033	-0.51033	
0.130687	0.119481	0.1161	0.130418	0.165596	0.220918	0.294656	0.369042	0.434388	0.48411	0.497939	0.496612	0.489036	0.4772	0.461881	0.447891	0.431062	0.401504	0.355954	0.29203	0.232513	0.167723	0.0795701	-0.026314	-0.122215	-0.191984	-0.237886	-0.259278	-0.256757	-0.227705	-0.173847	-0.115941	-0.0421104	0.0426202	0.124214	0.191773	0.240324	0.281118	0.313709	0.328892	0.302486	0.235548	0.133755	0.0011827	-0.146944	-0.287989	-0.409417	-0.504453	-0.559136	-0.559136	
0.138922	0.133755	0.133671	0.142714	0.158965	0.185977	0.23201	0.289801	0.345687	0.390115	0.406215	0.405766	0.410886	0.413888	0.417566	0.423005	0.422776	0.409069	0.378872	0.326377	0.267518	0.196297	0.102408	-0.000290699	-0.0881761	-0.151905	-0.200937	-0.228171	-0.230278	-0.202063	-0.152307	-0.0959846	-0.0198447	0.0810097	0.191773	0.290421	0.376835	0.455463	0.520621	0.550203	0.519148	0.432629	0.305413	0.146079	-0.0313852	-0.19673	-0.335728	-0.437648	-0.492947	-0.492947	
0.187505	0.185692	0.177988	0.165922	0.150148	0.147388	0.169325	0.20442	0.242283	0.274811	0.287713	0.295564	0.314274	0.330735	0.345291	0.362495	0.366827	0.36241	0.347621	0.30779	0.251495	0.179004	0.0912496	0.00437545	-0.0665402	-0.125979	-0.175149	-0.206922	-0.216459	-0.197572	-0.154176	-0.0942591	-0.0078713	0.109139	0.240324	0.376835	0.516283	0.646439	0.746436	0.788352	0.757674	0.66351	0.52407	0.350827	0.157383	-0.0271139	-0.182714	-0.291773	-0.346911	-0.346911	
0.247192	0.2449	0.226058	0.187203	0.145643	0.118838	0.1178	0.129439	0.1442	0.159492	0.169956	0.182181	0.208124	0.230632	0.254873	0.281104	0.291095	0.289312	0.275801	0.244334	0.195397	0.135376	0.071397	0.0088425	-0.0481963	-0.100629	-0.146122	-0.177117	-0.195286	-0.19221	-0.160168	-0.0986286	-0.00152195	0.128463	0.281118	0.455463	0.646439	0.822423	0.949191	1.00684	0.989279	0.904703	0.766593	0.58796	0.387615	0.192233	0.0234923	-0.0973107	-0.158751	-0.158751	
0.303209	0.29174	0.263506	0.215046	0.157816	0.11235	0.0861255	0.0700856	0.062437	0.0641026	0.0706891	0.0831557	0.109648	0.134063	0.16228	0.198781	0.21721	0.213351	0.199953	0.171961	0.134931	0.095653	0.0594884	0.0236737	-0.0185303	-0.0627654	-0.103247	-0.136014	-0.162337	-0.171496	-0.152503	-0.0986392	-0.00275903	0.138624	0.313709	0.520621	0.746436	0.949191	1.09649	1.17347	1.18209	1.12149	0.994652	0.81771	0.616335	0.421717	0.251067	0.120861	0.0505149	0.0505149	
0.362275	0.33323	0.295553	0.240154	0.182042	0.125298	0.0781777	0.0416015	0.0168726	0.0029747	-0.00614424	0.000519157	0.0259943	0.0539034	0.0928837	0.138968	0.16377	0.163653	0.146241	0.124307	0.0976351	0.0762363	0.0686936	0.0599429	0.0370336	-0.000291774	-0.0424953	-0.0838032	-0.1206	-0.136136	-0.127755	-0.0898688	-0.00166512	0.140499	0.328892	0.550203	0.788352	1.00684	1.17347	1.27882	1.31955	1.28908	1.1816	1.01179	0.812959	0.620142	0.449385	0.316794	0.24105	0.24105	
0.419148	0.365804	0.310786	0.254089	0.198276	0.139457	0.0840566	0.0402497	0.00884689	-0.0182712	-0.0439605	-0.0484954	-0.0279943	0.00827466	0.0578194	0.111609	0.145793	0.144621	0.129895	0.111121	0.0938834	0.0874884	0.10566	0.127101	0.123841	0.098334	0.0550072	0.00288241	-0.0461577	-0.0781442	-0.0888524	-0.0734227	-0.00590873	0.123357	0.302486	0.519148	0.757674	0.989279	1.18209	1.31955	1.39008	1.3831	1.29484	1.1405	0.94943	0.755869	0.584191	0.454786	0.384597	0.384597	
0.457024	0.382021	0.313689	0.254712	0.204782	0.151755	0.0998385	0.0582645	0.0262021	-0.0065571	-0.0425733	-0.0561315	-0.0411929	-0.00233869	0.0557274	0.114294	0.152009	0.153966	0.145178	0.136875	0.132532	0.141819	0.179995	0.222887	0.236051	0.21971	0.178987	0.121635	0.0559895	0.00119086	-0.0377006	-0.0523716	-0.0130334	0.0838966	0.235548	0.432629	0.66351	0.904703	1.12149	1.28908	1.3831	1.39194	1.31857	1.18267	1.00555	0.815144	0.642634	0.519244	0.456755	0.456755	
0.46432	0.383813	0.312496	0.249688	0.202623	0.158384	0.115568	0.0800839	0.0508488	0.0211346	-0.0126151	-0.0240861	-0.0148654	0.0203722	0.0775458	0.131464	0.169108	0.1805	0.185578	0.19626	0.208032	0.228065	0.277008	0.331309	0.358085	0.353642	0.320919	0.261161	0.17982	0.0953432	0.019509	-0.0327671	-0.03331	0.0198335	0.133755	0.305413	0.52407	0.766593	0.994652	1.1816	1.29484	1.31857	1.25842	1.13703	0.976637	0.800442	0.635775	0.516996	0.455278	0.455278	
0.443813	0.372609	0.304394	0.245596	0.199405	0.163435	0.130905	0.100195	0.0734805	0.0493479	0.0303685	0.02855	0.0382479	0.0703867	0.116794	0.160807	0.200198	0.221478	0.248748	0.27564	0.301335	0.329194	0.378624	0.438254	0.476301	0.488626	0.466532	0.405973	0.308629	0.188676	0.0710185	-0.0249149	-0.0738609	-0.068902	0.0011827	0.146079	0.350827	0.58796	0.81771	1.01179	1.1405	1.18267	1.13703	1.0268	0.881223	0.724303	0.577122	0.461849	0.397414	0.397414	
0.40535	0.34693	0.289397	0.232024	0.18814	0.155452	0.127488	0.104167	0.0855638	0.0744698	0.0732158	0.0841072	0.0988228	0.125963	0.16637	0.203643	0.242736	0.279012	0.312938	0.348305	0.383151	0.422258	0.477677	0.542129	0.595363	0.623385	0.612425	0.548537	0.428269	0.272182	0.107343	-0.0342355	-0.131238	-0.17741	-0.146944	-0.0313852	0.157383	0.387615	0.616335	0.812959	0.94943	1.00555	0.976637	0.881223	0.748707	0.607094	0.474241	0.369556	0.308486	0.308486	
0.360994	0.315117	0.264179	0.215273	0.169261	0.13287	0.10517	0.0880432	0.0849194	0.0931384	0.111598	0.13225	0.148363	0.176372	0.210992	0.247891	0.28931	0.329609	0.36324	0.394457	0.436569	0.494601	0.565077	0.640905	0.708905	0.748644	0.740278	0.666244	0.526979	0.335166	0.130275	-0.0536403	-0.198808	-0.284277	-0.287989	-0.19673	-0.0271139	0.192233	0.421717	0.620142	0.755869	0.815144	0.800442	0.724303	0.607094	0.470693	0.346157	0.255145	0.20769	0.20769	
0.311875	0.276489	0.235253	0.194273	0.149909	0.10885	0.0762815	0.0651275	0.0753162	0.100661	0.140232	0.167992	0.189036	0.218004	0.253326	0.286667	0.323225	0.362534	0.389804	0.417006	0.466607	0.54474	0.633494	0.725921	0.806508	0.849648	0.834942	0.750718	0.597543	0.38557	0.14715	-0.0750996	-0.262787	-0.384166	-0.409417	-0.335728	-0.182714	0.0234923	0.251067	0.449385	0.584191	0.642634	0.635775	0.577122	0.474241	0.346157	0.230236	0.151427	0.116537	0.116537	
0.263653	0.240379	0.21306	0.181988	0.137634	0.0921592	0.055792	0.04233	0.0581006	0.0973581	0.151786	0.189488	0.216484	0.251564	0.287161	0.318204	0.343355	0.379001	0.401987	0.429674	0.483743	0.574757	0.678099	0.782607	0.87555	0.916962	0.89472	0.80285	0.645384	0.420362	0.159288	-0.0929152	-0.316172	-0.463849	-0.504453	-0.437648	-0.291773	-0.0973107	0.120861	0.316794	0.454786	0.519244	0.516996	0.461849	0.369556	0.255145	0.151427	0.0770086	0.0408827	0.0408827	
0.229993	0.217743	0.201755	0.178897	0.135874	0.0876568	0.045622	0.0279892	0.0423603	0.0854633	0.151458	0.196123	0.230299	0.27143	0.309857	0.336672	0.354337	0.385148	0.40854	0.438357	0.496522	0.593106	0.701266	0.812668	0.909017	0.948929	0.921422	0.82695	0.668652	0.438498	0.164828	-0.103417	-0.346173	-0.51033	-0.559136	-0.492947	-0.346911	-0.158751	0.0505149	0.24105	0.384597	0.456755	0.455278	0.397414	0.308486	0.20769	0.116537	0.0408827	-0.00147184	-0.00147184	
0.229993	0.217743	0.201755	0.178897	0.135874	0.0876568	0.045622	0.0279892	0.0423603	0.0854633	0.151458	0.196123	0.230299	0.27143	0.309857	0.336672	0.354337	0.385148	0.40854	0.438357	0.496522	0.593106	0.701266	0.812668	0.909017	0.948929	0.921422	0.82695	0.668652	0.438498	0.164828	-0.103417	-0.346173	-0.51033	-0.559136	-0.492947	-0.346911	-0.158751	0.0505149	0.24105	0.384597	0.456755	0.455278	0.397414	0.308486	0.20769	0.116537	0.0408827	-0.00147184	-0.00147184	
