0.0642545	0.0408038	0.0132688	-0.0183701	-0.0390482	-0.0552861	-0.0773414	-0.128049	-0.200785	-0.273808	-0.343844	-0.393589	-0.409426	-0.401957	-0.402558	-0.412219	-0.439326	-0.486653	-0.561841	-0.642987	-0.726592	-0.803757	-0.864581	-0.899741	-0.912239	-0.895697	-0.848405	-0.767303	-0.642811	-0.489595	-0.3256	-0.173168	-0.0365011	0.0674944	0.140665	0.202384	0.257015	0.293896	0.305276	0.314489	0.334616	0.362609	0.403344	0.458941	0.533266	0.615268	0.694386	0.755533	0.782467	0.782467	
0.0408038	0.053902	0.0507172	0.0417454	0.0420055	0.0411871	0.0271059	-0.0115892	-0.0743125	-0.143616	-0.216535	-0.277926	-0.315981	-0.329544	-0.339704	-0.356229	-0.38363	-0.430338	-0.497555	-0.574535	-0.65862	-0.743643	-0.81652	-0.875297	-0.918774	-0.932494	-0.915738	-0.856932	-0.751204	-0.616813	-0.465689	-0.313782	-0.163172	-0.0357347	0.0578777	0.135314	0.200909	0.251788	0.280421	0.302267	0.327842	0.359119	0.410944	0.481753	0.56688	0.662107	0.757562	0.824093	0.849996	0.849996	
0.0132688	0.0507172	0.0735674	0.0939343	0.114737	0.126232	0.116013	0.0831502	0.0291076	-0.0343656	-0.0985022	-0.165713	-0.225799	-0.261854	-0.285752	-0.302868	-0.321857	-0.348323	-0.389034	-0.446562	-0.51954	-0.60332	-0.689456	-0.773378	-0.851557	-0.902318	-0.916279	-0.886473	-0.806458	-0.701069	-0.575517	-0.433302	-0.277641	-0.132614	-0.020203	0.0708712	0.141571	0.196468	0.237655	0.271043	0.30184	0.337138	0.393397	0.47253	0.56228	0.659697	0.758245	0.819868	0.840297	0.840297	
-0.0183701	0.0417454	0.0939343	0.137818	0.170988	0.186665	0.178741	0.156321	0.113452	0.0582907	0.000172657	-0.0743719	-0.149493	-0.2058	-0.234238	-0.242352	-0.240135	-0.233976	-0.243214	-0.275022	-0.332001	-0.410049	-0.502455	-0.609132	-0.711391	-0.795993	-0.843259	-0.84552	-0.806168	-0.739267	-0.649195	-0.522649	-0.375037	-0.225195	-0.0998508	-0.00203289	0.0729931	0.126321	0.172571	0.217429	0.257321	0.298528	0.355996	0.431799	0.515355	0.601482	0.686702	0.740704	0.758601	0.758601	
-0.0390482	0.0420055	0.114737	0.170988	0.207209	0.227209	0.227999	0.21519	0.178301	0.125645	0.0684673	-0.00886426	-0.0863077	-0.146774	-0.179871	-0.179919	-0.154036	-0.118675	-0.0934445	-0.0914047	-0.121817	-0.189671	-0.285135	-0.404241	-0.526935	-0.636032	-0.709301	-0.7444	-0.7462	-0.719555	-0.663582	-0.563023	-0.439862	-0.306582	-0.186685	-0.0861144	-0.00899123	0.04498	0.0956935	0.147857	0.200701	0.248554	0.300182	0.36184	0.425325	0.485842	0.546022	0.591565	0.613008	0.613008	
-0.0552861	0.0411871	0.126232	0.186665	0.227209	0.250774	0.257216	0.249098	0.220248	0.168586	0.110714	0.0371601	-0.0294189	-0.0894935	-0.126544	-0.121308	-0.0821732	-0.0270383	0.029603	0.0681787	0.0705231	0.0262082	-0.0579933	-0.171427	-0.30321	-0.426267	-0.521159	-0.588284	-0.628925	-0.63741	-0.608503	-0.539764	-0.454184	-0.354776	-0.257671	-0.168238	-0.095431	-0.0435414	0.00811768	0.0622275	0.124321	0.176721	0.218033	0.26246	0.299013	0.327787	0.357971	0.388252	0.413636	0.413636	
-0.0773414	0.0271059	0.116013	0.178741	0.227999	0.257216	0.270559	0.271987	0.245753	0.191584	0.126358	0.0571544	0.00475248	-0.047302	-0.0812914	-0.0720113	-0.0298058	0.0324922	0.108922	0.180792	0.218859	0.211899	0.163232	0.0721868	-0.0533778	-0.180523	-0.291815	-0.388749	-0.460742	-0.495487	-0.491362	-0.456976	-0.415566	-0.357534	-0.290837	-0.225753	-0.165575	-0.118864	-0.0751235	-0.0248076	0.029825	0.0743715	0.104725	0.1278	0.145672	0.147619	0.145936	0.159188	0.176593	0.176593	
-0.128049	-0.0115892	0.0831502	0.156321	0.21519	0.249098	0.271987	0.279075	0.256174	0.197015	0.122315	0.0543636	0.00380566	-0.0396842	-0.0628779	-0.0483688	-0.0085586	0.0574518	0.145944	0.240553	0.313431	0.352178	0.348418	0.29294	0.188739	0.0685161	-0.0508289	-0.165771	-0.256917	-0.309974	-0.326297	-0.331654	-0.331424	-0.314288	-0.284253	-0.245306	-0.206057	-0.166717	-0.13	-0.093765	-0.0576479	-0.0332846	-0.0226432	-0.0166762	-0.0170849	-0.0380959	-0.066898	-0.0817032	-0.0787252	-0.0787252	
-0.200785	-0.0743125	0.0291076	0.113452	0.178301	0.220248	0.245753	0.256174	0.23515	0.180888	0.105446	0.0322186	-0.0243232	-0.0639102	-0.0814537	-0.0694195	-0.0313466	0.037587	0.137293	0.250116	0.356086	0.43474	0.474993	0.460638	0.392315	0.292962	0.178105	0.0591744	-0.0403309	-0.107687	-0.149612	-0.187265	-0.223751	-0.238184	-0.238499	-0.225837	-0.205342	-0.178391	-0.150414	-0.131691	-0.116647	-0.116003	-0.125675	-0.137613	-0.160586	-0.206416	-0.266299	-0.310081	-0.32569	-0.32569	
-0.273808	-0.143616	-0.0343656	0.0582907	0.125645	0.168586	0.191584	0.197015	0.180888	0.134601	0.063583	-0.0118277	-0.0701656	-0.110602	-0.133159	-0.131586	-0.0988228	-0.0279677	0.0798295	0.214903	0.348873	0.45983	0.535741	0.562874	0.535958	0.463562	0.363253	0.25282	0.152501	0.0716925	0.00905921	-0.0502195	-0.104685	-0.137291	-0.153041	-0.158376	-0.153605	-0.141796	-0.133628	-0.13222	-0.140633	-0.162105	-0.193236	-0.228266	-0.27374	-0.345104	-0.42589	-0.485666	-0.509523	-0.509523	
-0.343844	-0.216535	-0.0985022	0.000172657	0.0684673	0.110714	0.126358	0.122315	0.105446	0.063583	-9.91272e-05	-0.06442	-0.121025	-0.176705	-0.218943	-0.232749	-0.209605	-0.13771	-0.0156095	0.142263	0.295689	0.424217	0.522868	0.581248	0.594413	0.554097	0.483735	0.399439	0.304532	0.218016	0.14253	0.0759026	0.0219387	-0.0126157	-0.0330381	-0.0465048	-0.0556082	-0.0652235	-0.0812229	-0.102081	-0.129146	-0.170631	-0.224391	-0.282052	-0.348086	-0.435101	-0.523221	-0.581738	-0.603161	-0.603161	
-0.393589	-0.277926	-0.165713	-0.0743719	-0.00886426	0.0371601	0.0571544	0.0543636	0.0322186	-0.0118277	-0.06442	-0.116019	-0.179986	-0.255938	-0.32305	-0.36136	-0.35938	-0.299739	-0.171976	-0.0019801	0.163322	0.309079	0.431637	0.521631	0.571562	0.574314	0.550029	0.502795	0.430499	0.350233	0.274392	0.213357	0.164024	0.129983	0.104143	0.0806244	0.0609819	0.0353811	0.00115352	-0.0364702	-0.0789587	-0.141001	-0.219342	-0.298851	-0.380031	-0.468656	-0.549047	-0.59863	-0.613863	-0.613863	
-0.409426	-0.315981	-0.225799	-0.149493	-0.0863077	-0.0294189	0.00475248	0.00380566	-0.0243232	-0.0701656	-0.121025	-0.179986	-0.259822	-0.358987	-0.450759	-0.513721	-0.533876	-0.487068	-0.364883	-0.20077	-0.0336078	0.130004	0.27597	0.396082	0.48085	0.531432	0.553831	0.548641	0.509896	0.45487	0.402056	0.359383	0.328436	0.295583	0.263418	0.228646	0.197281	0.16298	0.116234	0.0645068	0.00308548	-0.0797938	-0.180141	-0.279282	-0.368656	-0.450667	-0.520083	-0.564535	-0.583302	-0.583302	
-0.401957	-0.329544	-0.261854	-0.2058	-0.146774	-0.0894935	-0.047302	-0.0396842	-0.0639102	-0.110602	-0.176705	-0.255938	-0.358987	-0.47832	-0.59493	-0.677255	-0.709458	-0.67395	-0.568446	-0.421681	-0.255314	-0.0741875	0.0940217	0.23962	0.358174	0.446668	0.508111	0.542042	0.548861	0.535146	0.521019	0.508813	0.493701	0.467193	0.430204	0.388688	0.35294	0.314897	0.258822	0.189096	0.0990446	-0.0085032	-0.128122	-0.245215	-0.336767	-0.406384	-0.45807	-0.497843	-0.522238	-0.522238	
-0.402558	-0.339704	-0.285752	-0.234238	-0.179871	-0.126544	-0.0812914	-0.0628779	-0.0814537	-0.133159	-0.218943	-0.32305	-0.450759	-0.59493	-0.731917	-0.82333	-0.856308	-0.830564	-0.745929	-0.616834	-0.451699	-0.264467	-0.0816805	0.0873499	0.228818	0.343197	0.433238	0.504803	0.55981	0.597703	0.627956	0.645965	0.649823	0.628906	0.594046	0.5512	0.504736	0.455913	0.385442	0.29086	0.179485	0.0578541	-0.070362	-0.193851	-0.291496	-0.353245	-0.394433	-0.432307	-0.459671	-0.459671	
-0.412219	-0.356229	-0.302868	-0.242352	-0.179919	-0.121308	-0.0720113	-0.0483688	-0.0694195	-0.131586	-0.232749	-0.36136	-0.513721	-0.677255	-0.82333	-0.915569	-0.953342	-0.940359	-0.870527	-0.751344	-0.591228	-0.407831	-0.218693	-0.0396746	0.111424	0.239207	0.353199	0.462415	0.567336	0.653771	0.724953	0.770604	0.785921	0.777484	0.74879	0.702552	0.639928	0.562402	0.464345	0.344445	0.216566	0.0923099	-0.0332977	-0.157891	-0.258675	-0.320879	-0.359595	-0.390881	-0.413556	-0.413556	
-0.439326	-0.38363	-0.321857	-0.240135	-0.154036	-0.0821732	-0.0298058	-0.0085586	-0.0313466	-0.0988228	-0.209605	-0.35938	-0.533876	-0.709458	-0.856308	-0.953342	-0.997469	-0.987402	-0.919041	-0.802919	-0.65214	-0.479105	-0.29537	-0.12233	0.0292494	0.165863	0.30287	0.445438	0.589284	0.715896	0.817462	0.885407	0.914311	0.917582	0.892575	0.834798	0.741529	0.621297	0.482294	0.333589	0.191093	0.0656017	-0.0543265	-0.172021	-0.268467	-0.333121	-0.370534	-0.394615	-0.405088	-0.405088	
-0.486653	-0.430338	-0.348323	-0.233976	-0.118675	-0.0270383	0.0324922	0.0574518	0.037587	-0.0279677	-0.13771	-0.299739	-0.487068	-0.67395	-0.830564	-0.940359	-0.987402	-0.966997	-0.892899	-0.778024	-0.632439	-0.472002	-0.304743	-0.145758	0.00444304	0.149089	0.302518	0.464747	0.628389	0.781873	0.903038	0.99132	1.03648	1.04519	1.00822	0.923458	0.789357	0.619539	0.441172	0.26183	0.105098	-0.024488	-0.138863	-0.242082	-0.328627	-0.391887	-0.434305	-0.456352	-0.461849	-0.461849	
-0.561841	-0.497555	-0.389034	-0.243214	-0.0934445	0.029603	0.108922	0.145944	0.137293	0.0798295	-0.0156095	-0.171976	-0.364883	-0.568446	-0.745929	-0.870527	-0.919041	-0.892899	-0.817386	-0.700215	-0.55528	-0.402277	-0.24903	-0.1005	0.0520889	0.204738	0.361239	0.524289	0.691465	0.848025	0.975902	1.07936	1.13171	1.13273	1.06871	0.943664	0.769835	0.561323	0.349828	0.144848	-0.0310957	-0.171148	-0.281313	-0.367955	-0.438537	-0.490912	-0.528729	-0.55346	-0.559337	-0.559337	
-0.642987	-0.574535	-0.446562	-0.275022	-0.0914047	0.0681787	0.180792	0.240553	0.250116	0.214903	0.142263	-0.0019801	-0.20077	-0.421681	-0.616834	-0.751344	-0.802919	-0.778024	-0.700215	-0.580581	-0.434004	-0.283832	-0.141679	0.0021416	0.155523	0.307686	0.461533	0.616776	0.769452	0.910672	1.02913	1.12929	1.17851	1.16211	1.06704	0.908863	0.705616	0.471986	0.237753	0.0116622	-0.186309	-0.337299	-0.445	-0.524027	-0.579894	-0.620235	-0.650751	-0.674933	-0.689618	-0.689618	
-0.726592	-0.65862	-0.51954	-0.332001	-0.121817	0.0705231	0.218859	0.313431	0.356086	0.348873	0.295689	0.163322	-0.0336078	-0.255314	-0.451699	-0.591228	-0.65214	-0.632439	-0.55528	-0.434004	-0.281541	-0.12449	0.0175199	0.153927	0.293079	0.433325	0.577044	0.720143	0.854538	0.973683	1.07084	1.14973	1.17836	1.1339	1.01238	0.831733	0.609821	0.364225	0.116855	-0.123262	-0.332294	-0.49094	-0.600207	-0.675592	-0.728094	-0.757891	-0.77482	-0.7967	-0.812516	-0.812516	
-0.803757	-0.743643	-0.60332	-0.410049	-0.189671	0.0262082	0.211899	0.352178	0.43474	0.45983	0.424217	0.309079	0.130004	-0.0741875	-0.264467	-0.407831	-0.479105	-0.472002	-0.402277	-0.283832	-0.12449	0.0457018	0.193341	0.320429	0.441712	0.568284	0.699063	0.827546	0.946401	1.03948	1.10473	1.14443	1.13152	1.05419	0.912565	0.722386	0.499734	0.253739	0.00568553	-0.233152	-0.442897	-0.604406	-0.716374	-0.794335	-0.845999	-0.867833	-0.875536	-0.88475	-0.896399	-0.896399	
-0.864581	-0.81652	-0.689456	-0.502455	-0.285135	-0.0579933	0.163232	0.348418	0.474993	0.535741	0.522868	0.431637	0.27597	0.0940217	-0.0816805	-0.218693	-0.29537	-0.304743	-0.24903	-0.141679	0.0175199	0.193341	0.343815	0.472511	0.589673	0.706322	0.819929	0.929423	1.02861	1.0949	1.12661	1.1176	1.06081	0.947531	0.788186	0.599961	0.386088	0.156228	-0.0754701	-0.295171	-0.493922	-0.652846	-0.768665	-0.849948	-0.89962	-0.920886	-0.924231	-0.925324	-0.929918	-0.929918	
-0.899741	-0.875297	-0.773378	-0.609132	-0.404241	-0.171427	0.0721868	0.29294	0.460638	0.562874	0.581248	0.521631	0.396082	0.23962	0.0873499	-0.0396746	-0.12233	-0.145758	-0.1005	0.0021416	0.153927	0.320429	0.472511	0.608048	0.731359	0.839064	0.931696	1.01833	1.09229	1.13214	1.12773	1.07781	0.979169	0.833624	0.661466	0.477499	0.284128	0.0866052	-0.107656	-0.295192	-0.472082	-0.625677	-0.745024	-0.828643	-0.880768	-0.901711	-0.906002	-0.906183	-0.906973	-0.906973	
-0.912239	-0.918774	-0.851557	-0.711391	-0.526935	-0.30321	-0.0533778	0.188739	0.392315	0.535958	0.594413	0.571562	0.48085	0.358174	0.228818	0.111424	0.0292494	0.00444304	0.0520889	0.155523	0.293079	0.441712	0.589673	0.731359	0.857308	0.956468	1.02918	1.08766	1.12923	1.13437	1.09769	1.01688	0.893775	0.734772	0.561791	0.386863	0.217828	0.0595373	-0.0898281	-0.237376	-0.385115	-0.519794	-0.633996	-0.723747	-0.784523	-0.812432	-0.82602	-0.833368	-0.840347	-0.840347	
-0.895697	-0.932494	-0.902318	-0.795993	-0.636032	-0.426267	-0.180523	0.0685161	0.292962	0.463562	0.554097	0.574314	0.531432	0.446668	0.343197	0.239207	0.165863	0.149089	0.204738	0.307686	0.433325	0.568284	0.706322	0.839064	0.956468	1.04234	1.0962	1.12933	1.13307	1.10321	1.03799	0.934946	0.806522	0.656294	0.500342	0.345695	0.203607	0.0841108	-0.0244804	-0.134314	-0.245982	-0.349016	-0.449573	-0.548093	-0.625745	-0.669331	-0.694754	-0.7133	-0.727087	-0.727087	
-0.848405	-0.915738	-0.916279	-0.843259	-0.709301	-0.521159	-0.291815	-0.0508289	0.178105	0.363253	0.483735	0.550029	0.553831	0.508111	0.433238	0.353199	0.30287	0.302518	0.361239	0.461533	0.577044	0.699063	0.819929	0.931696	1.02918	1.0962	1.13296	1.13873	1.10755	1.04574	0.95384	0.839759	0.717523	0.592227	0.470747	0.347617	0.237397	0.15019	0.0716249	-0.00616691	-0.0791199	-0.144358	-0.223733	-0.324638	-0.418998	-0.482825	-0.524349	-0.553375	-0.569393	-0.569393	
-0.767303	-0.856932	-0.886473	-0.84552	-0.7444	-0.588284	-0.388749	-0.165771	0.0591744	0.25282	0.399439	0.502795	0.548641	0.542042	0.504803	0.462415	0.445438	0.464747	0.524289	0.616776	0.720143	0.827546	0.929423	1.01833	1.08766	1.12933	1.13873	1.11592	1.05237	0.96509	0.860579	0.744464	0.640051	0.544189	0.464163	0.381743	0.305832	0.246564	0.1909	0.13914	0.0964482	0.0598762	0.00105994	-0.0907873	-0.190226	-0.271429	-0.334387	-0.372423	-0.389105	-0.389105	
-0.642811	-0.751204	-0.806458	-0.806168	-0.7462	-0.628925	-0.460742	-0.256917	-0.0403309	0.152501	0.304532	0.430499	0.509896	0.548861	0.55981	0.567336	0.589284	0.628389	0.691465	0.769452	0.854538	0.946401	1.02861	1.09229	1.12923	1.13307	1.10755	1.05237	0.966939	0.868199	0.769891	0.66954	0.584672	0.521172	0.476839	0.433699	0.393077	0.361115	0.329195	0.299224	0.269861	0.241143	0.193845	0.117406	0.0286472	-0.0617418	-0.142812	-0.194168	-0.214179	-0.214179	
-0.489595	-0.616813	-0.701069	-0.739267	-0.719555	-0.63741	-0.495487	-0.309974	-0.107687	0.0716925	0.218016	0.350233	0.45487	0.535146	0.597703	0.653771	0.715896	0.781873	0.848025	0.910672	0.973683	1.03948	1.0949	1.13214	1.13437	1.10321	1.04574	0.96509	0.868199	0.776211	0.693673	0.613586	0.554146	0.513451	0.497463	0.484323	0.471476	0.469055	0.463031	0.450167	0.42456	0.390756	0.345668	0.287223	0.215887	0.129283	0.0392308	-0.0280196	-0.0578031	-0.0578031	
-0.3256	-0.465689	-0.575517	-0.649195	-0.663582	-0.608503	-0.491362	-0.326297	-0.149612	0.00905921	0.14253	0.274392	0.402056	0.521019	0.627956	0.724953	0.817462	0.903038	0.975902	1.02913	1.07084	1.10473	1.12661	1.12773	1.09769	1.03799	0.95384	0.860579	0.769891	0.693673	0.63236	0.575388	0.53423	0.514203	0.513632	0.517086	0.527898	0.547472	0.563626	0.564781	0.541438	0.502154	0.457623	0.410508	0.356008	0.286152	0.201445	0.131459	0.0921872	0.0921872	
-0.173168	-0.313782	-0.433302	-0.522649	-0.563023	-0.539764	-0.456976	-0.331654	-0.187265	-0.0502195	0.0759026	0.213357	0.359383	0.508813	0.645965	0.770604	0.885407	0.99132	1.07936	1.12929	1.14973	1.14443	1.1176	1.07781	1.01688	0.934946	0.839759	0.744464	0.66954	0.613586	0.575388	0.542773	0.523447	0.52257	0.530758	0.546309	0.566163	0.590653	0.612982	0.620335	0.604093	0.570465	0.530554	0.493333	0.451672	0.397425	0.332503	0.272077	0.235699	0.235699	
-0.0365011	-0.163172	-0.277641	-0.375037	-0.439862	-0.454184	-0.415566	-0.331424	-0.223751	-0.104685	0.0219387	0.164024	0.328436	0.493701	0.649823	0.785921	0.914311	1.03648	1.13171	1.17851	1.17836	1.13152	1.06081	0.979169	0.893775	0.806522	0.717523	0.640051	0.584672	0.554146	0.53423	0.523447	0.522209	0.530372	0.547446	0.568167	0.586929	0.602623	0.617785	0.626898	0.619756	0.59423	0.563976	0.536963	0.503245	0.461609	0.418461	0.383301	0.36273	0.36273	
0.0674944	-0.0357347	-0.132614	-0.225195	-0.306582	-0.354776	-0.357534	-0.314288	-0.238184	-0.137291	-0.0126157	0.129983	0.295583	0.467193	0.628906	0.777484	0.917582	1.04519	1.13273	1.16211	1.1339	1.05419	0.947531	0.833624	0.734772	0.656294	0.592227	0.544189	0.521172	0.513451	0.514203	0.52257	0.530372	0.547725	0.56392	0.578705	0.584278	0.577147	0.580296	0.587977	0.587396	0.57334	0.5596	0.550784	0.528763	0.498255	0.474187	0.46608	0.464489	0.464489	
0.140665	0.0578777	-0.020203	-0.0998508	-0.186685	-0.257671	-0.290837	-0.284253	-0.238499	-0.153041	-0.0330381	0.104143	0.263418	0.430204	0.594046	0.74879	0.892575	1.00822	1.06871	1.06704	1.01238	0.912565	0.788186	0.661466	0.561791	0.500342	0.470747	0.464163	0.476839	0.497463	0.513632	0.530758	0.547446	0.56392	0.572255	0.573411	0.556187	0.528962	0.516646	0.514852	0.512392	0.505503	0.509529	0.524309	0.526621	0.519889	0.525813	0.543792	0.55867	0.55867	
0.202384	0.135314	0.0708712	-0.00203289	-0.0861144	-0.168238	-0.225753	-0.245306	-0.225837	-0.158376	-0.0465048	0.0806244	0.228646	0.388688	0.5512	0.702552	0.834798	0.923458	0.943664	0.908863	0.831733	0.722386	0.599961	0.477499	0.386863	0.345695	0.347617	0.381743	0.433699	0.484323	0.517086	0.546309	0.568167	0.578705	0.573411	0.552483	0.516915	0.474333	0.443823	0.427758	0.417711	0.415249	0.434923	0.469233	0.500612	0.530871	0.573188	0.614179	0.637445	0.637445	
0.257015	0.200909	0.141571	0.0729931	-0.00899123	-0.095431	-0.165575	-0.206057	-0.205342	-0.153605	-0.0556082	0.0609819	0.197281	0.35294	0.504736	0.639928	0.741529	0.789357	0.769835	0.705616	0.609821	0.499734	0.386088	0.284128	0.217828	0.203607	0.237397	0.305832	0.393077	0.471476	0.527898	0.566163	0.586929	0.584278	0.556187	0.516915	0.46948	0.416828	0.374277	0.343993	0.328795	0.332012	0.360181	0.406677	0.461587	0.528613	0.604846	0.665657	0.692835	0.692835	
0.293896	0.251788	0.196468	0.126321	0.04498	-0.0435414	-0.118864	-0.166717	-0.178391	-0.141796	-0.0652235	0.0353811	0.16298	0.314897	0.455913	0.562402	0.621297	0.619539	0.561323	0.471986	0.364225	0.253739	0.156228	0.0866052	0.0595373	0.0841108	0.15019	0.246564	0.361115	0.469055	0.547472	0.590653	0.602623	0.577147	0.528962	0.474333	0.416828	0.363677	0.31322	0.27732	0.259707	0.264448	0.296907	0.348358	0.420015	0.511097	0.614323	0.690029	0.72479	0.72479	
0.305276	0.280421	0.237655	0.172571	0.0956935	0.00811768	-0.0751235	-0.13	-0.150414	-0.133628	-0.0812229	0.00115352	0.116234	0.258822	0.385442	0.464345	0.482294	0.441172	0.349828	0.237753	0.116855	0.00568553	-0.0754701	-0.107656	-0.0898281	-0.0244804	0.0716249	0.1909	0.329195	0.463031	0.563626	0.612982	0.617785	0.580296	0.516646	0.443823	0.374277	0.31322	0.259486	0.221007	0.20163	0.209849	0.248483	0.308201	0.391445	0.494921	0.606458	0.690839	0.729249	0.729249	
0.314489	0.302267	0.271043	0.217429	0.147857	0.0622275	-0.0248076	-0.093765	-0.131691	-0.13222	-0.102081	-0.0364702	0.0645068	0.189096	0.29086	0.344445	0.333589	0.26183	0.144848	0.0116622	-0.123262	-0.233152	-0.295171	-0.295192	-0.237376	-0.134314	-0.00616691	0.13914	0.299224	0.450167	0.564781	0.620335	0.626898	0.587977	0.514852	0.427758	0.343993	0.27732	0.221007	0.179188	0.161746	0.175315	0.222795	0.292895	0.38219	0.486856	0.592499	0.668057	0.702099	0.702099	
0.334616	0.327842	0.30184	0.257321	0.200701	0.124321	0.029825	-0.0576479	-0.116647	-0.140633	-0.129146	-0.0789587	0.00308548	0.0990446	0.179485	0.216566	0.191093	0.105098	-0.0310957	-0.186309	-0.332294	-0.442897	-0.493922	-0.472082	-0.385115	-0.245982	-0.0791199	0.0964482	0.269861	0.42456	0.541438	0.604093	0.619756	0.587396	0.512392	0.417711	0.328795	0.259707	0.20163	0.161746	0.152076	0.17984	0.238082	0.31108	0.396857	0.485616	0.56574	0.61135	0.626037	0.626037	
0.362609	0.359119	0.337138	0.298528	0.248554	0.176721	0.0743715	-0.0332846	-0.116003	-0.162105	-0.170631	-0.141001	-0.0797938	-0.0085032	0.0578541	0.0923099	0.0656017	-0.024488	-0.171148	-0.337299	-0.49094	-0.604406	-0.652846	-0.625677	-0.519794	-0.349016	-0.144358	0.0598762	0.241143	0.390756	0.502154	0.570465	0.59423	0.57334	0.505503	0.415249	0.332012	0.264448	0.209849	0.175315	0.17984	0.221034	0.283507	0.349653	0.416009	0.476898	0.517518	0.5264	0.5175	0.5175	
0.403344	0.410944	0.393397	0.355996	0.300182	0.218033	0.104725	-0.0226432	-0.125675	-0.193236	-0.224391	-0.219342	-0.180141	-0.128122	-0.070362	-0.0332977	-0.0543265	-0.138863	-0.281313	-0.445	-0.600207	-0.716374	-0.768665	-0.745024	-0.633996	-0.449573	-0.223733	0.00105994	0.193845	0.345668	0.457623	0.530554	0.563976	0.5596	0.509529	0.434923	0.360181	0.296907	0.248483	0.222795	0.238082	0.283507	0.338014	0.3869	0.423786	0.446948	0.450381	0.43025	0.409884	0.409884	
0.458941	0.481753	0.47253	0.431799	0.36184	0.26246	0.1278	-0.0166762	-0.137613	-0.228266	-0.282052	-0.298851	-0.279282	-0.245215	-0.193851	-0.157891	-0.172021	-0.242082	-0.367955	-0.524027	-0.675592	-0.794335	-0.849948	-0.828643	-0.723747	-0.548093	-0.324638	-0.0907873	0.117406	0.287223	0.410508	0.493333	0.536963	0.550784	0.524309	0.469233	0.406677	0.348358	0.308201	0.292895	0.31108	0.349653	0.3869	0.409573	0.415353	0.403297	0.379394	0.35211	0.333988	0.333988	
0.533266	0.56688	0.56228	0.515355	0.425325	0.299013	0.145672	-0.0170849	-0.160586	-0.27374	-0.348086	-0.380031	-0.368656	-0.336767	-0.291496	-0.258675	-0.268467	-0.328627	-0.438537	-0.579894	-0.728094	-0.845999	-0.89962	-0.880768	-0.784523	-0.625745	-0.418998	-0.190226	0.0286472	0.215887	0.356008	0.451672	0.503245	0.528763	0.526621	0.500612	0.461587	0.420015	0.391445	0.38219	0.396857	0.416009	0.423786	0.415353	0.388636	0.352073	0.316079	0.293132	0.286696	0.286696	
0.615268	0.662107	0.659697	0.601482	0.485842	0.327787	0.147619	-0.0380959	-0.206416	-0.345104	-0.435101	-0.468656	-0.450667	-0.406384	-0.353245	-0.320879	-0.333121	-0.391887	-0.490912	-0.620235	-0.757891	-0.867833	-0.920886	-0.901711	-0.812432	-0.669331	-0.482825	-0.271429	-0.0617418	0.129283	0.286152	0.397425	0.461609	0.498255	0.519889	0.530871	0.528613	0.511097	0.494921	0.486856	0.485616	0.476898	0.446948	0.403297	0.352073	0.300404	0.258903	0.241433	0.24186	0.24186	
0.694386	0.757562	0.758245	0.686702	0.546022	0.357971	0.145936	-0.066898	-0.266299	-0.42589	-0.523221	-0.549047	-0.520083	-0.45807	-0.394433	-0.359595	-0.370534	-0.434305	-0.528729	-0.650751	-0.77482	-0.875536	-0.924231	-0.906002	-0.82602	-0.694754	-0.524349	-0.334387	-0.142812	0.0392308	0.201445	0.332503	0.418461	0.474187	0.525813	0.573188	0.604846	0.614323	0.606458	0.592499	0.56574	0.517518	0.450381	0.379394	0.316079	0.258903	0.212484	0.192851	0.193572	0.193572	
0.755533	0.824093	0.819868	0.740704	0.591565	0.388252	0.159188	-0.0817032	-0.310081	-0.485666	-0.581738	-0.59863	-0.564535	-0.497843	-0.432307	-0.390881	-0.394615	-0.456352	-0.55346	-0.674933	-0.7967	-0.88475	-0.925324	-0.906183	-0.833368	-0.7133	-0.553375	-0.372423	-0.194168	-0.0280196	0.131459	0.272077	0.383301	0.46608	0.543792	0.614179	0.665657	0.690029	0.690839	0.668057	0.61135	0.5264	0.43025	0.35211	0.293132	0.241433	0.192851	0.170107	0.169497	0.169497	
0.782467	0.849996	0.840297	0.758601	0.613008	0.413636	0.176593	-0.0787252	-0.32569	-0.509523	-0.603161	-0.613863	-0.583302	-0.522238	-0.459671	-0.413556	-0.405088	-0.461849	-0.559337	-0.689618	-0.812516	-0.896399	-0.929918	-0.906973	-0.840347	-0.727087	-0.569393	-0.389105	-0.214179	-0.0578031	0.0921872	0.235699	0.36273	0.464489	0.55867	0.637445	0.692835	0.72479	0.729249	0.702099	0.626037	0.5175	0.409884	0.333988	0.286696	0.24186	0.193572	0.169497	0.168355	0.168355	
0.782467	0.849996	0.840297	0.758601	0.613008	0.413636	0.176593	-0.0787252	-0.32569	-0.509523	-0.603161	-0.613863	-0.583302	-0.522238	-0.459671	-0.413556	-0.405088	-0.461849	-0.559337	-0.689618	-0.812516	-0.896399	-0.929918	-0.906973	-0.840347	-0.727087	-0.569393	-0.389105	-0.214179	-0.0578031	0.0921872	0.235699	0.36273	0.464489	0.55867	0.637445	0.692835	0.72479	0.729249	0.702099	0.626037	0.5175	0.409884	0.333988	0.286696	0.24186	0.193572	0.169497	0.168355	0.168355	
