-0.42975	0.453575	0.743429	-0.406576	0.348101	0.348101	
0.453575	-0.318778	-0.194512	0.513458	0.794395	0.794395	
0.743429	-0.194512	0.576437	0.564616	-0.274698	-0.274698	
-0.406576	0.513458	0.564616	0.737875	0.0890644	0.0890644	
0.348101	0.794395	-0.274698	0.0890644	0.0694181	0.0694181	
0.348101	0.794395	-0.274698	0.0890644	0.0694181	0.0694181	
