-0.0767343	-0.0767343	-0.0804082	-0.0773265	-0.0796078	-0.0827511	-0.0772378	-0.0827939	-0.0784469	-0.0783504	-0.0823805	-0.0820233	-0.0803927	-0.080053	-0.0842776	-0.0838206	-0.0817584	-0.0886474	-0.0854215	-0.0845245	-0.0906053	-0.0931683	-0.0866228	-0.0913742	-0.0991584	-0.0938881	-0.094431	-0.097987	-0.105715	-0.103914	-0.0977716	-0.106495	-0.118725	-0.114536	-0.105166	-0.116665	-0.130325	-0.132848	-0.128602	-0.123328	-0.13327	-0.155794	-0.17277	-0.160246	-0.142241	-0.153131	-0.185153	-0.223371	-0.249071	-0.249762	
-0.0767343	-0.0767343	-0.0804082	-0.0773265	-0.0796078	-0.0827511	-0.0772378	-0.0827939	-0.0784469	-0.0783504	-0.0823805	-0.0820233	-0.0803927	-0.080053	-0.0842776	-0.0838206	-0.0817584	-0.0886474	-0.0854215	-0.0845245	-0.0906053	-0.0931683	-0.0866228	-0.0913742	-0.0991584	-0.0938881	-0.094431	-0.097987	-0.105715	-0.103914	-0.0977716	-0.106495	-0.118725	-0.114536	-0.105166	-0.116665	-0.130325	-0.132848	-0.128602	-0.123328	-0.13327	-0.155794	-0.17277	-0.160246	-0.142241	-0.153131	-0.185153	-0.223371	-0.249071	-0.249762	
-0.0804082	-0.0804082	-0.0814531	-0.0785916	-0.0750738	-0.0806028	-0.0741053	-0.0782523	-0.0858749	-0.0792216	-0.0805599	-0.0821801	-0.0821934	-0.0856447	-0.0867338	-0.0820867	-0.0822122	-0.0888436	-0.0874828	-0.0833581	-0.0880718	-0.0914076	-0.0853694	-0.0912618	-0.0945489	-0.0932253	-0.0923126	-0.096903	-0.102438	-0.101258	-0.0981898	-0.104174	-0.116134	-0.1107	-0.106975	-0.114393	-0.128505	-0.129367	-0.127753	-0.124078	-0.13399	-0.154834	-0.169624	-0.159577	-0.147042	-0.156552	-0.189311	-0.223704	-0.247465	-0.250225	
-0.0773265	-0.0773265	-0.0785916	-0.0784859	-0.0813524	-0.0805513	-0.0813322	-0.0813239	-0.0767506	-0.0803491	-0.0816973	-0.0809524	-0.0806137	-0.0800551	-0.0808187	-0.0847862	-0.086583	-0.0846214	-0.0857262	-0.0875317	-0.0915666	-0.0907008	-0.0913761	-0.0930987	-0.0967591	-0.0953825	-0.0980022	-0.0995501	-0.103629	-0.103446	-0.1038	-0.10848	-0.114359	-0.113869	-0.112105	-0.119952	-0.126966	-0.131171	-0.12894	-0.130448	-0.137989	-0.154391	-0.164268	-0.15822	-0.151617	-0.161294	-0.18893	-0.21877	-0.239699	-0.240696	
-0.0796078	-0.0796078	-0.0750738	-0.0813524	-0.0807858	-0.0765591	-0.0837934	-0.0806055	-0.0788752	-0.0809881	-0.0805259	-0.0816357	-0.0839189	-0.0828419	-0.0832903	-0.0843065	-0.0833768	-0.0837357	-0.0877537	-0.0883374	-0.0865561	-0.0872488	-0.0923957	-0.0920846	-0.0914814	-0.0949607	-0.0971271	-0.0988735	-0.0987407	-0.102082	-0.105501	-0.107807	-0.108384	-0.111679	-0.115912	-0.119224	-0.122943	-0.126534	-0.128911	-0.133619	-0.140732	-0.151034	-0.155731	-0.157839	-0.159068	-0.170569	-0.192404	-0.21636	-0.233335	-0.234327	
-0.0827511	-0.0827511	-0.0806028	-0.0805513	-0.0765591	-0.0753314	-0.0795472	-0.0735759	-0.083174	-0.0867608	-0.0804003	-0.0806686	-0.0833195	-0.0854721	-0.0826128	-0.0850694	-0.0900183	-0.0824433	-0.0882778	-0.0889962	-0.0877181	-0.0877164	-0.0942281	-0.0926856	-0.088967	-0.0969006	-0.0980297	-0.0988319	-0.096514	-0.101602	-0.109492	-0.106613	-0.10487	-0.11086	-0.121475	-0.11939	-0.119771	-0.124327	-0.130358	-0.139832	-0.144644	-0.148049	-0.149403	-0.158307	-0.171327	-0.180007	-0.197235	-0.212405	-0.223568	-0.227063	
-0.0772378	-0.0772378	-0.0741053	-0.0813322	-0.0837934	-0.0795472	-0.0899813	-0.0808976	-0.0783756	-0.0796982	-0.075627	-0.0827492	-0.0832484	-0.0805843	-0.0806111	-0.0847971	-0.0867779	-0.081338	-0.0883348	-0.0937593	-0.0854501	-0.0902733	-0.0973387	-0.0946729	-0.0904119	-0.100412	-0.101902	-0.100917	-0.0980687	-0.105367	-0.114616	-0.108909	-0.104421	-0.115279	-0.127994	-0.121971	-0.119669	-0.124472	-0.135552	-0.14585	-0.1493	-0.143624	-0.142773	-0.160029	-0.179314	-0.188235	-0.195639	-0.202821	-0.210731	-0.213852	
-0.0827939	-0.0827939	-0.0782523	-0.0813239	-0.0806055	-0.0735759	-0.0808976	-0.0780096	-0.0803153	-0.086027	-0.0827606	-0.0852573	-0.0846526	-0.0825052	-0.0847706	-0.0872493	-0.0851807	-0.0849548	-0.0863925	-0.0919182	-0.0824324	-0.0899867	-0.0943368	-0.0904015	-0.0888817	-0.098152	-0.0986541	-0.0975208	-0.0949799	-0.104526	-0.111627	-0.105639	-0.100054	-0.115281	-0.126737	-0.118646	-0.115341	-0.12122	-0.136859	-0.147358	-0.149163	-0.1377	-0.138	-0.165219	-0.189555	-0.200104	-0.198038	-0.199706	-0.203406	-0.210539	
-0.0784469	-0.0784469	-0.0858749	-0.0767506	-0.0788752	-0.083174	-0.0783756	-0.0803153	-0.0817886	-0.0836641	-0.0819725	-0.0799429	-0.080831	-0.0869213	-0.0836351	-0.0861261	-0.0862416	-0.0871264	-0.0888951	-0.0898254	-0.0895328	-0.091291	-0.0968355	-0.0910205	-0.0951398	-0.0990665	-0.100718	-0.0992953	-0.0990436	-0.107948	-0.11185	-0.107846	-0.102657	-0.121409	-0.126258	-0.122356	-0.114887	-0.12704	-0.140424	-0.152814	-0.150156	-0.1346	-0.140777	-0.169789	-0.200382	-0.205613	-0.195338	-0.192519	-0.189144	-0.208515	
-0.0783504	-0.0783504	-0.0792216	-0.0803491	-0.0809881	-0.0867608	-0.0796982	-0.086027	-0.0836641	-0.0742107	-0.0811246	-0.0831734	-0.0845397	-0.0839421	-0.0835932	-0.0849312	-0.0854824	-0.086923	-0.0902848	-0.0882072	-0.0919421	-0.0911072	-0.0954052	-0.0926247	-0.0981004	-0.0982621	-0.100615	-0.100565	-0.102791	-0.108547	-0.110477	-0.108457	-0.108266	-0.122772	-0.12496	-0.122499	-0.117444	-0.130992	-0.142906	-0.154714	-0.146693	-0.134905	-0.143536	-0.177127	-0.206378	-0.208267	-0.192761	-0.183849	-0.181683	-0.213384	
-0.0823805	-0.0823805	-0.0805599	-0.0816973	-0.0805259	-0.0804003	-0.075627	-0.0827606	-0.0819725	-0.0811246	-0.0935671	-0.0852705	-0.0819193	-0.0859523	-0.0856169	-0.0836199	-0.0893119	-0.0899937	-0.0847977	-0.0853429	-0.0943027	-0.0906142	-0.0891413	-0.0936462	-0.0978928	-0.0949553	-0.0977102	-0.0999489	-0.104463	-0.104896	-0.10649	-0.107578	-0.113084	-0.118468	-0.12086	-0.119637	-0.120633	-0.131356	-0.142933	-0.150366	-0.141573	-0.136423	-0.149371	-0.183857	-0.210082	-0.208785	-0.192691	-0.178118	-0.18472	-0.227753	
-0.0820233	-0.0820233	-0.0821801	-0.0809524	-0.0816357	-0.0806686	-0.0827492	-0.0852573	-0.0799429	-0.0831734	-0.0852705	-0.0758081	-0.0821365	-0.0890185	-0.0882773	-0.0860977	-0.0874457	-0.0904531	-0.0872155	-0.0931888	-0.0976514	-0.0903105	-0.091657	-0.101569	-0.100326	-0.0956175	-0.10054	-0.105479	-0.10875	-0.10532	-0.106527	-0.1145	-0.120007	-0.11831	-0.120064	-0.124698	-0.129284	-0.137124	-0.146549	-0.148337	-0.143744	-0.145127	-0.162404	-0.191357	-0.210379	-0.207853	-0.187424	-0.173788	-0.188282	-0.244125	
-0.0803927	-0.0803927	-0.0821934	-0.0806137	-0.0839189	-0.0833195	-0.0832484	-0.0846526	-0.080831	-0.0845397	-0.0819193	-0.0821365	-0.0925139	-0.0855822	-0.0831149	-0.0844119	-0.0895446	-0.0926316	-0.0855985	-0.0918898	-0.0953306	-0.0888606	-0.0943338	-0.100836	-0.098015	-0.0942688	-0.102432	-0.106501	-0.108565	-0.10262	-0.1062	-0.119354	-0.121504	-0.11422	-0.117363	-0.128726	-0.13374	-0.139213	-0.142648	-0.143133	-0.143069	-0.155187	-0.171518	-0.193743	-0.205075	-0.203739	-0.183875	-0.17647	-0.203675	-0.273789	
-0.080053	-0.080053	-0.0856447	-0.0800551	-0.0828419	-0.0854721	-0.0805843	-0.0825052	-0.0869213	-0.0839421	-0.0859523	-0.0890185	-0.0855822	-0.0824933	-0.0863309	-0.0894839	-0.088698	-0.0898364	-0.0853249	-0.0934482	-0.0940956	-0.0908941	-0.0946587	-0.10077	-0.0962268	-0.0979803	-0.102894	-0.108358	-0.107383	-0.10271	-0.108991	-0.123697	-0.121442	-0.11069	-0.119334	-0.133081	-0.139702	-0.138522	-0.139716	-0.137992	-0.148964	-0.166575	-0.181443	-0.191517	-0.198981	-0.197656	-0.183914	-0.185927	-0.227524	-0.311788	
-0.0842776	-0.0842776	-0.0867338	-0.0808187	-0.0832903	-0.0826128	-0.0806111	-0.0847706	-0.0836351	-0.0835932	-0.0856169	-0.0882773	-0.0831149	-0.0863309	-0.0929328	-0.0932324	-0.0878387	-0.089279	-0.0943492	-0.0968352	-0.0927606	-0.0937612	-0.0982948	-0.100553	-0.097171	-0.100554	-0.104046	-0.108437	-0.106145	-0.103911	-0.112962	-0.125022	-0.118425	-0.110346	-0.122999	-0.138826	-0.143154	-0.138518	-0.136942	-0.139367	-0.160903	-0.181622	-0.190901	-0.189406	-0.19426	-0.195088	-0.190359	-0.204739	-0.261364	-0.351895	
-0.0838206	-0.0838206	-0.0820867	-0.0847862	-0.0843065	-0.0850694	-0.0847971	-0.0872493	-0.0861261	-0.0849312	-0.0836199	-0.0860977	-0.0844119	-0.0894839	-0.0932324	-0.0828091	-0.0858777	-0.0960647	-0.0961945	-0.0893612	-0.0912625	-0.101701	-0.0991577	-0.0971411	-0.101012	-0.104214	-0.107892	-0.107245	-0.108866	-0.108739	-0.120247	-0.123743	-0.118533	-0.114859	-0.130576	-0.143477	-0.145263	-0.137091	-0.135115	-0.144378	-0.172766	-0.19165	-0.191404	-0.180919	-0.18517	-0.190464	-0.200884	-0.22979	-0.302962	-0.394781	
-0.0817584	-0.0817584	-0.0822122	-0.086583	-0.0833768	-0.0900183	-0.0867779	-0.0851807	-0.0862416	-0.0854824	-0.0893119	-0.0874457	-0.0895446	-0.088698	-0.0878387	-0.0858777	-0.0930931	-0.0953442	-0.0905986	-0.0878074	-0.0988601	-0.102341	-0.0938382	-0.0958688	-0.105604	-0.105821	-0.105426	-0.104935	-0.109963	-0.114384	-0.120323	-0.118136	-0.117845	-0.120966	-0.134403	-0.143613	-0.142299	-0.134806	-0.134449	-0.1545	-0.182799	-0.198391	-0.187015	-0.174446	-0.178997	-0.195052	-0.221137	-0.269747	-0.349624	-0.441604	
-0.0886474	-0.0886474	-0.0888436	-0.0846214	-0.0837357	-0.0824433	-0.081338	-0.0849548	-0.0871264	-0.086923	-0.0899937	-0.0904531	-0.0926316	-0.0898364	-0.089279	-0.0960647	-0.0953442	-0.0941747	-0.0922174	-0.0949521	-0.100898	-0.0994883	-0.0920513	-0.101053	-0.107511	-0.104796	-0.101759	-0.105577	-0.112873	-0.118968	-0.115197	-0.113949	-0.121032	-0.128849	-0.135833	-0.141196	-0.140101	-0.134247	-0.142335	-0.167244	-0.193941	-0.199838	-0.18366	-0.171689	-0.180193	-0.210097	-0.254541	-0.318402	-0.401602	-0.482834	
-0.0854215	-0.0854215	-0.0874828	-0.0857262	-0.0877537	-0.0882778	-0.0883348	-0.0863925	-0.0888951	-0.0902848	-0.0847977	-0.0872155	-0.0855985	-0.0853249	-0.0943492	-0.0961945	-0.0905986	-0.0922174	-0.0981383	-0.0983372	-0.102028	-0.101569	-0.09804	-0.109235	-0.110345	-0.107888	-0.105975	-0.113261	-0.122369	-0.123201	-0.115405	-0.117816	-0.134597	-0.138274	-0.140144	-0.140979	-0.143452	-0.1413	-0.157745	-0.181998	-0.199778	-0.195672	-0.178618	-0.168392	-0.185196	-0.228225	-0.292873	-0.366154	-0.445775	-0.515261	
-0.0845245	-0.0845245	-0.0833581	-0.0875317	-0.0883374	-0.0889962	-0.0937593	-0.0919182	-0.0898254	-0.0882072	-0.0853429	-0.0931888	-0.0918898	-0.0934482	-0.0968352	-0.0893612	-0.0878074	-0.0949521	-0.0983372	-0.097595	-0.0970191	-0.0966347	-0.100143	-0.107605	-0.105924	-0.103328	-0.106611	-0.114796	-0.122026	-0.117272	-0.110318	-0.121617	-0.139337	-0.138449	-0.133143	-0.136034	-0.14113	-0.147984	-0.168487	-0.186945	-0.194091	-0.184555	-0.173678	-0.170379	-0.199662	-0.261585	-0.342882	-0.421737	-0.492092	-0.544297	
-0.0906053	-0.0906053	-0.0880718	-0.0915666	-0.0865561	-0.0877181	-0.0854501	-0.0824324	-0.0895328	-0.0919421	-0.0943027	-0.0976514	-0.0953306	-0.0940956	-0.0927606	-0.0912625	-0.0988601	-0.100898	-0.102028	-0.0970191	-0.0945493	-0.103445	-0.108603	-0.106347	-0.102568	-0.106999	-0.112742	-0.118141	-0.120064	-0.11367	-0.114578	-0.12997	-0.144454	-0.136151	-0.131078	-0.135767	-0.148687	-0.162711	-0.182304	-0.190696	-0.187199	-0.181046	-0.177321	-0.185813	-0.229066	-0.307499	-0.400217	-0.473435	-0.528839	-0.562197	
-0.0931683	-0.0931683	-0.0914076	-0.0907008	-0.0872488	-0.0877164	-0.0902733	-0.0899867	-0.091291	-0.0911072	-0.0906142	-0.0903105	-0.0888606	-0.0908941	-0.0937612	-0.101701	-0.102341	-0.0994883	-0.101569	-0.0966347	-0.103445	-0.115707	-0.110679	-0.101794	-0.108615	-0.118198	-0.119781	-0.120259	-0.118974	-0.119032	-0.126301	-0.141118	-0.145861	-0.137335	-0.13288	-0.144528	-0.162687	-0.181787	-0.191996	-0.188541	-0.180864	-0.180975	-0.188869	-0.20932	-0.2678	-0.359203	-0.45159	-0.514524	-0.549428	-0.561941	
-0.0866228	-0.0866228	-0.0853694	-0.0913761	-0.0923957	-0.0942281	-0.0973387	-0.0943368	-0.0968355	-0.0954052	-0.0891413	-0.091657	-0.0943338	-0.0946587	-0.0982948	-0.0991577	-0.0938382	-0.0920513	-0.09804	-0.100143	-0.108603	-0.110679	-0.097826	-0.10251	-0.116355	-0.121168	-0.116325	-0.116192	-0.117559	-0.125591	-0.135309	-0.140843	-0.14058	-0.133808	-0.135843	-0.150893	-0.175496	-0.18919	-0.187975	-0.175224	-0.170936	-0.182759	-0.203018	-0.240768	-0.313581	-0.4122	-0.499287	-0.546038	-0.563597	-0.552828	
-0.0913742	-0.0913742	-0.0912618	-0.0930987	-0.0920846	-0.0926856	-0.0946729	-0.0904015	-0.0910205	-0.0926247	-0.0936462	-0.101569	-0.100836	-0.10077	-0.100553	-0.0971411	-0.0958688	-0.101053	-0.109235	-0.107605	-0.106347	-0.101794	-0.10251	-0.113818	-0.120019	-0.116609	-0.113672	-0.114403	-0.121383	-0.134305	-0.13865	-0.134907	-0.13499	-0.136487	-0.143258	-0.164063	-0.187373	-0.192982	-0.18022	-0.168135	-0.174712	-0.199374	-0.237088	-0.290026	-0.374576	-0.469229	-0.541312	-0.569242	-0.562398	-0.524178	
-0.0991584	-0.0991584	-0.0945489	-0.0967591	-0.0914814	-0.088967	-0.0904119	-0.0888817	-0.0951398	-0.0981004	-0.0978928	-0.100326	-0.098015	-0.0962268	-0.097171	-0.101012	-0.105604	-0.107511	-0.110345	-0.105924	-0.102568	-0.108615	-0.116355	-0.120019	-0.117868	-0.118231	-0.116888	-0.120568	-0.132749	-0.14471	-0.138167	-0.131367	-0.138833	-0.147812	-0.158819	-0.179466	-0.196537	-0.189405	-0.172873	-0.168607	-0.188102	-0.227627	-0.280239	-0.348225	-0.432328	-0.514739	-0.566506	-0.572411	-0.541108	-0.471913	
-0.0938881	-0.0938881	-0.0932253	-0.0953825	-0.0949607	-0.0969006	-0.100412	-0.098152	-0.0990665	-0.0982621	-0.0949553	-0.0956175	-0.0942688	-0.0979803	-0.100554	-0.104214	-0.105821	-0.104796	-0.107888	-0.103328	-0.106999	-0.118198	-0.121168	-0.116609	-0.118231	-0.120805	-0.121238	-0.129824	-0.14412	-0.145435	-0.132843	-0.132327	-0.148976	-0.162513	-0.173588	-0.189961	-0.194344	-0.18032	-0.167992	-0.177723	-0.210964	-0.264575	-0.333393	-0.406539	-0.482904	-0.544146	-0.574441	-0.557721	-0.498242	-0.399316	
-0.094431	-0.094431	-0.0923126	-0.0980022	-0.0971271	-0.0980297	-0.101902	-0.0986541	-0.100718	-0.100615	-0.0977102	-0.10054	-0.102432	-0.102894	-0.104046	-0.107892	-0.105426	-0.101759	-0.105975	-0.106611	-0.112742	-0.119781	-0.116325	-0.113672	-0.116888	-0.121238	-0.126234	-0.139036	-0.142583	-0.135606	-0.127872	-0.138994	-0.159675	-0.173774	-0.18187	-0.187807	-0.182374	-0.169811	-0.171594	-0.196813	-0.244285	-0.313979	-0.392939	-0.464823	-0.522345	-0.562199	-0.569301	-0.527982	-0.438743	-0.310987	
-0.097987	-0.097987	-0.096903	-0.0995501	-0.0988735	-0.0988319	-0.100917	-0.0975208	-0.0992953	-0.100565	-0.0999489	-0.105479	-0.106501	-0.108358	-0.108437	-0.107245	-0.104935	-0.105577	-0.113261	-0.114796	-0.118141	-0.120259	-0.116192	-0.114403	-0.120568	-0.129824	-0.139036	-0.141247	-0.134653	-0.131312	-0.137394	-0.153322	-0.173386	-0.185385	-0.185886	-0.180668	-0.17295	-0.173237	-0.191903	-0.231961	-0.293808	-0.375254	-0.456729	-0.513151	-0.548222	-0.562398	-0.545401	-0.474659	-0.354938	-0.203687	
-0.105715	-0.105715	-0.102438	-0.103629	-0.0987407	-0.096514	-0.0980687	-0.0949799	-0.0990436	-0.102791	-0.104463	-0.10875	-0.108565	-0.107383	-0.106145	-0.108866	-0.109963	-0.112873	-0.122369	-0.122026	-0.120064	-0.118974	-0.117559	-0.121383	-0.132749	-0.14412	-0.142583	-0.134653	-0.130866	-0.142369	-0.154307	-0.168784	-0.185852	-0.192774	-0.182144	-0.171532	-0.173818	-0.192308	-0.226937	-0.280624	-0.354682	-0.441496	-0.511617	-0.546257	-0.554392	-0.544152	-0.498215	-0.39711	-0.249786	-0.0844929	
-0.103914	-0.103914	-0.101258	-0.103446	-0.102082	-0.101602	-0.105367	-0.104526	-0.107948	-0.108547	-0.104896	-0.10532	-0.10262	-0.10271	-0.103911	-0.108739	-0.114384	-0.118968	-0.123201	-0.117272	-0.11367	-0.119032	-0.125591	-0.134305	-0.14471	-0.145435	-0.135606	-0.131312	-0.142369	-0.160327	-0.17054	-0.181406	-0.194363	-0.190863	-0.172468	-0.168647	-0.188982	-0.224431	-0.271919	-0.336978	-0.417982	-0.496745	-0.546034	-0.553237	-0.536462	-0.498803	-0.423717	-0.293817	-0.129926	0.039125	
-0.0977716	-0.0977716	-0.0981898	-0.1038	-0.105501	-0.109492	-0.114616	-0.111627	-0.11185	-0.110477	-0.10649	-0.106527	-0.1062	-0.108991	-0.112962	-0.120247	-0.120323	-0.115197	-0.115405	-0.110318	-0.114578	-0.126301	-0.135309	-0.13865	-0.138167	-0.132843	-0.127872	-0.137394	-0.154307	-0.17054	-0.176938	-0.184506	-0.187718	-0.175583	-0.161932	-0.176672	-0.215819	-0.265349	-0.324298	-0.398909	-0.4764	-0.537618	-0.560364	-0.54289	-0.500844	-0.435528	-0.330831	-0.180579	-0.00845905	0.154774	
-0.106495	-0.106495	-0.104174	-0.10848	-0.107807	-0.106613	-0.108909	-0.105639	-0.107846	-0.108457	-0.107578	-0.1145	-0.119354	-0.123697	-0.125022	-0.123743	-0.118136	-0.113949	-0.117816	-0.121617	-0.12997	-0.141118	-0.140843	-0.134907	-0.131367	-0.132327	-0.138994	-0.153322	-0.168784	-0.181406	-0.184506	-0.182771	-0.176898	-0.168035	-0.172851	-0.207816	-0.261846	-0.322096	-0.391311	-0.465028	-0.527445	-0.561748	-0.5581	-0.515134	-0.445743	-0.350079	-0.22065	-0.0573317	0.112289	0.268206	
-0.118725	-0.118725	-0.116134	-0.114359	-0.108384	-0.10487	-0.104421	-0.100054	-0.102657	-0.108266	-0.113084	-0.120007	-0.121504	-0.121442	-0.118425	-0.118533	-0.117845	-0.121032	-0.134597	-0.139337	-0.144454	-0.145861	-0.14058	-0.13499	-0.138833	-0.148976	-0.159675	-0.173386	-0.185852	-0.194363	-0.187718	-0.176898	-0.173727	-0.182704	-0.20829	-0.258681	-0.322572	-0.392719	-0.462286	-0.522925	-0.557996	-0.564033	-0.533202	-0.462284	-0.361975	-0.237722	-0.0908353	0.0743399	0.237838	0.380812	
-0.114536	-0.114536	-0.1107	-0.113869	-0.111679	-0.11086	-0.115279	-0.115281	-0.121409	-0.122772	-0.118468	-0.11831	-0.11422	-0.11069	-0.110346	-0.114859	-0.120966	-0.128849	-0.138274	-0.138449	-0.136151	-0.137335	-0.133808	-0.136487	-0.147812	-0.162513	-0.173774	-0.185385	-0.192774	-0.190863	-0.175583	-0.168035	-0.182704	-0.211966	-0.252913	-0.312474	-0.385735	-0.456476	-0.514582	-0.547886	-0.554108	-0.532297	-0.474571	-0.374201	-0.245491	-0.103718	0.0458237	0.203052	0.350635	0.478377	
-0.105166	-0.105166	-0.106975	-0.112105	-0.115912	-0.121475	-0.127994	-0.126737	-0.126258	-0.12496	-0.12086	-0.120064	-0.117363	-0.119334	-0.122999	-0.130576	-0.134403	-0.135833	-0.140144	-0.133143	-0.131078	-0.13288	-0.135843	-0.143258	-0.158819	-0.173588	-0.18187	-0.185886	-0.182144	-0.172468	-0.161932	-0.172851	-0.20829	-0.252913	-0.303693	-0.373718	-0.449496	-0.511299	-0.543994	-0.549732	-0.529031	-0.482696	-0.397192	-0.268238	-0.12089	0.0264758	0.169302	0.313116	0.447535	0.555596	
-0.116665	-0.116665	-0.114393	-0.119952	-0.119224	-0.11939	-0.121971	-0.118646	-0.122356	-0.122499	-0.119637	-0.124698	-0.128726	-0.133081	-0.138826	-0.143477	-0.143613	-0.141196	-0.140979	-0.136034	-0.135767	-0.144528	-0.150893	-0.164063	-0.179466	-0.189961	-0.187807	-0.180668	-0.171532	-0.168647	-0.176672	-0.207816	-0.258681	-0.312474	-0.373718	-0.446604	-0.514294	-0.550225	-0.554712	-0.531926	-0.486753	-0.412224	-0.296408	-0.145307	0.0113821	0.153498	0.284801	0.416679	0.533231	0.619582	
-0.130325	-0.130325	-0.128505	-0.126966	-0.122943	-0.119771	-0.119669	-0.115341	-0.114887	-0.117444	-0.120633	-0.129284	-0.13374	-0.139702	-0.143154	-0.145263	-0.142299	-0.140101	-0.143452	-0.14113	-0.148687	-0.162687	-0.175496	-0.187373	-0.196537	-0.194344	-0.182374	-0.17295	-0.173818	-0.188982	-0.215819	-0.261846	-0.322572	-0.385735	-0.449496	-0.514294	-0.556164	-0.562776	-0.537583	-0.489969	-0.41663	-0.311396	-0.17065	-0.00632603	0.146487	0.278247	0.397348	0.513724	0.610245	0.663842	
-0.132848	-0.132848	-0.129367	-0.131171	-0.126534	-0.124327	-0.124472	-0.12122	-0.12704	-0.130992	-0.131356	-0.137124	-0.139213	-0.138522	-0.138518	-0.137091	-0.134806	-0.134247	-0.1413	-0.147984	-0.162711	-0.181787	-0.18919	-0.192982	-0.189405	-0.18032	-0.169811	-0.173237	-0.192308	-0.224431	-0.265349	-0.322096	-0.392719	-0.456476	-0.511299	-0.550225	-0.562776	-0.538431	-0.488306	-0.412413	-0.309265	-0.178553	-0.0228605	0.138379	0.279649	0.395642	0.497864	0.593843	0.656779	0.670538	
-0.128602	-0.128602	-0.127753	-0.12894	-0.128911	-0.130358	-0.135552	-0.136859	-0.140424	-0.142906	-0.142933	-0.146549	-0.142648	-0.139716	-0.136942	-0.135115	-0.134449	-0.142335	-0.157745	-0.168487	-0.182304	-0.191996	-0.187975	-0.18022	-0.172873	-0.167992	-0.171594	-0.191903	-0.226937	-0.271919	-0.324298	-0.391311	-0.462286	-0.514582	-0.543994	-0.554712	-0.537583	-0.488306	-0.410958	-0.306436	-0.17896	-0.033469	0.120006	0.270494	0.394127	0.49303	0.575754	0.641968	0.667595	0.638567	
-0.123328	-0.123328	-0.124078	-0.130448	-0.133619	-0.139832	-0.14585	-0.147358	-0.152814	-0.154714	-0.150366	-0.148337	-0.143133	-0.137992	-0.139367	-0.144378	-0.1545	-0.167244	-0.181998	-0.186945	-0.190696	-0.188541	-0.175224	-0.168135	-0.168607	-0.177723	-0.196813	-0.231961	-0.280624	-0.336978	-0.398909	-0.465028	-0.522925	-0.547886	-0.549732	-0.531926	-0.489969	-0.412413	-0.306436	-0.17719	-0.0350218	0.109037	0.25352	0.386923	0.493209	0.571757	0.626473	0.657618	0.64006	0.572494	
-0.13327	-0.13327	-0.13399	-0.137989	-0.140732	-0.144644	-0.1493	-0.149163	-0.150156	-0.146693	-0.141573	-0.143744	-0.143069	-0.148964	-0.160903	-0.172766	-0.182799	-0.193941	-0.199778	-0.194091	-0.187199	-0.180864	-0.170936	-0.174712	-0.188102	-0.210964	-0.244285	-0.293808	-0.354682	-0.417982	-0.4764	-0.527445	-0.557996	-0.554108	-0.529031	-0.486753	-0.41663	-0.309265	-0.17896	-0.0350218	0.105175	0.240677	0.369414	0.487014	0.572583	0.624232	0.646145	0.637032	0.581665	0.485963	
-0.155794	-0.155794	-0.154834	-0.154391	-0.151034	-0.148049	-0.143624	-0.1377	-0.1346	-0.134905	-0.136423	-0.145127	-0.155187	-0.166575	-0.181622	-0.19165	-0.198391	-0.199838	-0.195672	-0.184555	-0.181046	-0.180975	-0.182759	-0.199374	-0.227627	-0.264575	-0.313979	-0.375254	-0.441496	-0.496745	-0.537618	-0.561748	-0.564033	-0.532297	-0.482696	-0.412224	-0.311396	-0.178553	-0.033469	0.109037	0.240677	0.361404	0.476782	0.574953	0.633808	0.652129	0.634748	0.58831	0.502179	0.389253	
-0.17277	-0.17277	-0.169624	-0.164268	-0.155731	-0.149403	-0.142773	-0.138	-0.140777	-0.143536	-0.149371	-0.162404	-0.171518	-0.181443	-0.190901	-0.191404	-0.187015	-0.18366	-0.178618	-0.173678	-0.177321	-0.188869	-0.203018	-0.237088	-0.280239	-0.333393	-0.392939	-0.456729	-0.511617	-0.546034	-0.560364	-0.5581	-0.533202	-0.474571	-0.397192	-0.296408	-0.17065	-0.0228605	0.120006	0.25352	0.369414	0.476782	0.573864	0.645425	0.668814	0.645735	0.590328	0.511777	0.405425	0.286874	
-0.160246	-0.160246	-0.159577	-0.15822	-0.157839	-0.158307	-0.160029	-0.165219	-0.169789	-0.177127	-0.183857	-0.191357	-0.193743	-0.191517	-0.189406	-0.180919	-0.174446	-0.171689	-0.168392	-0.170379	-0.185813	-0.20932	-0.240768	-0.290026	-0.348225	-0.406539	-0.464823	-0.513151	-0.546257	-0.553237	-0.54289	-0.515134	-0.462284	-0.374201	-0.268238	-0.145307	-0.00632603	0.138379	0.270494	0.386923	0.487014	0.574953	0.645425	0.679713	0.658311	0.593784	0.505261	0.405383	0.291345	0.177004	
-0.142241	-0.142241	-0.147042	-0.151617	-0.159068	-0.171327	-0.179314	-0.189555	-0.200382	-0.206378	-0.210082	-0.210379	-0.205075	-0.198981	-0.19426	-0.18517	-0.178997	-0.180193	-0.185196	-0.199662	-0.229066	-0.2678	-0.313581	-0.374576	-0.432328	-0.482904	-0.522345	-0.548222	-0.554392	-0.536462	-0.500844	-0.445743	-0.361975	-0.245491	-0.12089	0.0113821	0.146487	0.279649	0.394127	0.493209	0.572583	0.633808	0.668814	0.658311	0.594422	0.496567	0.389831	0.284751	0.177099	0.0770919	
-0.153131	-0.153131	-0.156552	-0.161294	-0.170569	-0.180007	-0.188235	-0.200104	-0.205613	-0.208267	-0.208785	-0.207853	-0.203739	-0.197656	-0.195088	-0.190464	-0.195052	-0.210097	-0.228225	-0.261585	-0.307499	-0.359203	-0.4122	-0.469229	-0.514739	-0.544146	-0.562199	-0.562398	-0.544152	-0.498803	-0.435528	-0.350079	-0.237722	-0.103718	0.0264758	0.153498	0.278247	0.395642	0.49303	0.571757	0.624232	0.652129	0.645735	0.593784	0.496567	0.381241	0.273131	0.176549	0.0848643	0.00561302	
-0.185153	-0.185153	-0.189311	-0.18893	-0.192404	-0.197235	-0.195639	-0.198038	-0.195338	-0.192761	-0.192691	-0.187424	-0.183875	-0.183914	-0.190359	-0.200884	-0.221137	-0.254541	-0.292873	-0.342882	-0.400217	-0.45159	-0.499287	-0.541312	-0.566506	-0.574441	-0.569301	-0.545401	-0.498215	-0.423717	-0.330831	-0.22065	-0.0908353	0.0458237	0.169302	0.284801	0.397348	0.497864	0.575754	0.626473	0.646145	0.634748	0.590328	0.505261	0.389831	0.273131	0.176281	0.0954466	0.0237087	-0.0395471	
-0.223371	-0.223371	-0.223704	-0.21877	-0.21636	-0.212405	-0.202821	-0.199706	-0.192519	-0.183849	-0.178118	-0.173788	-0.17647	-0.185927	-0.204739	-0.22979	-0.269747	-0.318402	-0.366154	-0.421737	-0.473435	-0.514524	-0.546038	-0.569242	-0.572411	-0.557721	-0.527982	-0.474659	-0.39711	-0.293817	-0.180579	-0.0573317	0.0743399	0.203052	0.313116	0.416679	0.513724	0.593843	0.641968	0.657618	0.637032	0.58831	0.511777	0.405383	0.284751	0.176549	0.0954466	0.0314368	-0.0266629	-0.0767129	
-0.249071	-0.249071	-0.247465	-0.239699	-0.233335	-0.223568	-0.210731	-0.203406	-0.189144	-0.181683	-0.18472	-0.188282	-0.203675	-0.227524	-0.261364	-0.302962	-0.349624	-0.401602	-0.445775	-0.492092	-0.528839	-0.549428	-0.563597	-0.562398	-0.541108	-0.498242	-0.438743	-0.354938	-0.249786	-0.129926	-0.00845905	0.112289	0.237838	0.350635	0.447535	0.533231	0.610245	0.656779	0.667595	0.64006	0.581665	0.502179	0.405425	0.291345	0.177099	0.0848643	0.0237087	-0.0266629	-0.070255	-0.112812	
-0.249762	-0.249762	-0.250225	-0.240696	-0.234327	-0.227063	-0.213852	-0.210539	-0.208515	-0.213384	-0.227753	-0.244125	-0.273789	-0.311788	-0.351895	-0.394781	-0.441604	-0.482834	-0.515261	-0.544297	-0.562197	-0.561941	-0.552828	-0.524178	-0.471913	-0.399316	-0.310987	-0.203687	-0.0844929	0.039125	0.154774	0.268206	0.380812	0.478377	0.555596	0.619582	0.663842	0.670538	0.638567	0.572494	0.485963	0.389253	0.286874	0.177004	0.0770919	0.00561302	-0.0395471	-0.0767129	-0.112812	-0.150342	
