-0.135842	-0.135842	-0.138204	-0.134566	-0.134885	-0.134945	-0.1414	-0.139446	-0.143725	-0.144438	-0.135229	-0.1539	-0.14612	-0.139791	-0.152775	-0.159201	-0.154954	-0.155458	-0.159384	-0.179713	-0.178445	-0.169994	-0.172884	-0.200525	-0.21468	-0.210943	-0.203395	-0.205465	-0.232119	-0.283063	-0.309979	-0.301406	-0.272083	-0.265926	-0.292839	-0.38239	-0.544412	-0.741241	-0.926292	-1.04708	-1.10102	-1.05147	-0.876605	-0.583846	-0.203091	0.199125	0.601703	0.985177	1.30642	1.54154	
-0.135842	-0.135842	-0.138204	-0.134566	-0.134885	-0.134945	-0.1414	-0.139446	-0.143725	-0.144438	-0.135229	-0.1539	-0.14612	-0.139791	-0.152775	-0.159201	-0.154954	-0.155458	-0.159384	-0.179713	-0.178445	-0.169994	-0.172884	-0.200525	-0.21468	-0.210943	-0.203395	-0.205465	-0.232119	-0.283063	-0.309979	-0.301406	-0.272083	-0.265926	-0.292839	-0.38239	-0.544412	-0.741241	-0.926292	-1.04708	-1.10102	-1.05147	-0.876605	-0.583846	-0.203091	0.199125	0.601703	0.985177	1.30642	1.54154	
-0.138204	-0.138204	-0.131595	-0.135352	-0.146554	-0.13941	-0.131267	-0.138132	-0.139267	-0.137008	-0.141255	-0.15008	-0.149794	-0.148597	-0.155422	-0.161024	-0.16016	-0.157088	-0.166659	-0.174031	-0.177843	-0.170378	-0.175744	-0.196816	-0.207243	-0.206717	-0.202552	-0.206862	-0.234154	-0.274179	-0.30146	-0.291425	-0.27418	-0.268653	-0.303835	-0.393543	-0.549844	-0.740365	-0.913791	-1.03532	-1.08148	-1.02975	-0.858166	-0.566268	-0.200634	0.201502	0.598396	0.974547	1.29731	1.5215	
-0.134566	-0.134566	-0.135352	-0.140067	-0.135225	-0.137577	-0.13989	-0.14155	-0.142121	-0.143209	-0.150083	-0.13835	-0.144712	-0.151392	-0.149661	-0.152709	-0.155914	-0.160743	-0.167066	-0.168527	-0.175616	-0.177762	-0.186205	-0.197209	-0.203779	-0.209968	-0.210835	-0.223044	-0.244712	-0.273231	-0.292226	-0.290073	-0.285349	-0.289541	-0.334112	-0.425144	-0.57098	-0.742699	-0.900147	-1.01178	-1.04638	-0.985689	-0.81306	-0.529027	-0.177464	0.216117	0.605406	0.968166	1.28046	1.48338	
-0.134885	-0.134885	-0.146554	-0.135225	-0.126263	-0.139452	-0.143779	-0.141684	-0.14075	-0.141892	-0.147811	-0.141539	-0.149111	-0.15578	-0.149816	-0.150413	-0.160235	-0.166424	-0.168039	-0.16498	-0.172313	-0.184888	-0.194131	-0.19068	-0.19728	-0.205928	-0.218704	-0.234247	-0.251241	-0.262972	-0.273479	-0.283904	-0.293222	-0.315617	-0.368209	-0.46435	-0.591312	-0.739923	-0.87464	-0.972274	-0.992137	-0.922244	-0.748887	-0.483804	-0.147845	0.226174	0.604686	0.952986	1.24296	1.43197	
-0.134945	-0.134945	-0.13941	-0.137577	-0.139452	-0.145199	-0.139326	-0.13284	-0.137817	-0.147153	-0.149016	-0.140109	-0.151142	-0.160613	-0.15293	-0.152359	-0.163162	-0.170167	-0.168344	-0.1622	-0.169797	-0.191587	-0.196801	-0.184492	-0.189836	-0.204346	-0.226954	-0.245469	-0.254893	-0.249627	-0.255211	-0.278449	-0.306981	-0.3479	-0.412762	-0.508192	-0.614401	-0.732123	-0.840761	-0.917546	-0.920245	-0.83888	-0.669117	-0.424516	-0.111972	0.240269	0.601452	0.929323	1.19356	1.36385	
-0.1414	-0.1414	-0.131267	-0.13989	-0.143779	-0.139326	-0.139973	-0.141446	-0.143339	-0.14871	-0.146172	-0.138274	-0.153151	-0.155893	-0.149121	-0.153419	-0.162356	-0.172915	-0.167856	-0.163591	-0.176068	-0.199869	-0.200691	-0.185974	-0.190622	-0.213741	-0.239589	-0.261887	-0.257998	-0.243142	-0.245834	-0.284117	-0.332866	-0.393319	-0.470896	-0.559451	-0.642742	-0.724437	-0.803349	-0.852134	-0.834762	-0.739965	-0.576742	-0.351718	-0.0657738	0.261849	0.602488	0.900089	1.13708	1.28101	
-0.139446	-0.139446	-0.138132	-0.14155	-0.141684	-0.13284	-0.141446	-0.152193	-0.14638	-0.143621	-0.142031	-0.152054	-0.154241	-0.150088	-0.151644	-0.158788	-0.164594	-0.169253	-0.16684	-0.167253	-0.182542	-0.198677	-0.197422	-0.185061	-0.194524	-0.219213	-0.249566	-0.266253	-0.254578	-0.234161	-0.241252	-0.293855	-0.361366	-0.44324	-0.526574	-0.606221	-0.66054	-0.707133	-0.751456	-0.767932	-0.730349	-0.625079	-0.472582	-0.271818	-0.0149732	0.282009	0.591925	0.860234	1.05903	1.18616	
-0.143725	-0.143725	-0.139267	-0.142121	-0.14075	-0.137817	-0.143339	-0.14638	-0.138955	-0.142479	-0.153524	-0.160731	-0.149157	-0.151682	-0.164968	-0.163925	-0.165055	-0.163878	-0.167929	-0.176079	-0.184059	-0.192088	-0.189401	-0.1891	-0.200496	-0.224932	-0.254283	-0.261091	-0.247367	-0.227907	-0.247088	-0.308749	-0.397693	-0.493074	-0.581117	-0.641686	-0.669671	-0.67872	-0.686285	-0.668831	-0.609467	-0.50164	-0.36124	-0.187087	0.0361633	0.300696	0.569627	0.804592	0.967391	1.07458	
-0.144438	-0.144438	-0.137008	-0.143209	-0.141892	-0.147153	-0.14871	-0.143621	-0.142479	-0.146339	-0.152632	-0.152997	-0.146192	-0.152395	-0.168958	-0.164203	-0.164052	-0.165987	-0.177807	-0.190098	-0.190213	-0.188026	-0.193774	-0.204107	-0.2166	-0.237111	-0.25805	-0.256529	-0.244794	-0.237655	-0.269297	-0.340325	-0.446126	-0.550941	-0.634776	-0.674398	-0.673375	-0.649139	-0.613807	-0.564621	-0.483096	-0.377252	-0.250522	-0.100297	0.0900284	0.316809	0.546886	0.73887	0.873816	0.959906	
-0.135229	-0.135229	-0.141255	-0.150083	-0.147811	-0.149016	-0.146172	-0.142031	-0.153524	-0.152632	-0.151455	-0.15335	-0.14693	-0.157542	-0.168474	-0.163744	-0.159357	-0.168055	-0.183042	-0.19515	-0.185289	-0.181188	-0.19808	-0.218399	-0.229247	-0.244126	-0.251831	-0.248193	-0.244711	-0.259344	-0.30054	-0.382779	-0.496116	-0.604752	-0.673742	-0.689766	-0.661004	-0.599995	-0.525275	-0.44001	-0.345822	-0.243525	-0.133788	-0.0101443	0.145316	0.326897	0.508545	0.659778	0.762824	0.835273	
-0.1539	-0.1539	-0.15008	-0.13835	-0.141539	-0.140109	-0.138274	-0.152054	-0.160731	-0.152997	-0.15335	-0.158831	-0.159065	-0.169936	-0.16788	-0.161706	-0.163756	-0.172871	-0.18815	-0.191089	-0.177052	-0.179504	-0.203539	-0.230263	-0.235545	-0.241698	-0.237365	-0.237028	-0.252265	-0.286917	-0.341283	-0.427649	-0.545625	-0.643253	-0.695123	-0.683241	-0.630103	-0.531848	-0.419597	-0.304707	-0.202713	-0.110115	-0.0195845	0.0773511	0.190414	0.324846	0.45122	0.562392	0.639633	0.703466	
-0.14612	-0.14612	-0.149794	-0.144712	-0.149111	-0.151142	-0.153151	-0.154241	-0.149157	-0.146192	-0.14693	-0.159065	-0.168335	-0.167112	-0.160644	-0.168721	-0.179714	-0.186511	-0.19537	-0.190888	-0.184697	-0.193805	-0.222038	-0.244573	-0.245376	-0.238151	-0.229516	-0.239313	-0.277762	-0.33049	-0.39613	-0.484556	-0.59509	-0.675655	-0.702615	-0.668778	-0.587219	-0.457887	-0.310174	-0.174413	-0.0713687	0.0115621	0.0804961	0.152141	0.223093	0.306348	0.38567	0.459755	0.521052	0.586819	
-0.139791	-0.139791	-0.148597	-0.151392	-0.15578	-0.160613	-0.155893	-0.150088	-0.151682	-0.152395	-0.157542	-0.169936	-0.167112	-0.152756	-0.160156	-0.178986	-0.184295	-0.185574	-0.186342	-0.186321	-0.192797	-0.209484	-0.233611	-0.250628	-0.246175	-0.231974	-0.227659	-0.257676	-0.315859	-0.386256	-0.458175	-0.544737	-0.634438	-0.690639	-0.690148	-0.633239	-0.522862	-0.362593	-0.18638	-0.0372094	0.0648815	0.134051	0.184814	0.223392	0.250825	0.277844	0.309079	0.348643	0.398102	0.465416	
-0.152775	-0.152775	-0.155422	-0.149661	-0.149816	-0.15293	-0.149121	-0.151644	-0.164968	-0.168958	-0.168474	-0.16788	-0.160644	-0.160156	-0.174003	-0.185799	-0.184028	-0.181233	-0.180109	-0.187086	-0.208151	-0.222886	-0.236885	-0.246543	-0.238802	-0.225452	-0.236633	-0.287265	-0.362454	-0.444022	-0.520688	-0.593986	-0.655277	-0.680959	-0.654812	-0.573898	-0.43525	-0.250252	-0.0551481	0.0976076	0.194754	0.248863	0.276248	0.279767	0.256775	0.230973	0.216651	0.229503	0.274069	0.348448	
-0.159201	-0.159201	-0.161024	-0.152709	-0.150413	-0.152359	-0.153419	-0.158788	-0.163925	-0.164203	-0.163744	-0.161706	-0.168721	-0.178986	-0.185799	-0.191623	-0.18914	-0.184986	-0.184864	-0.204369	-0.230512	-0.234053	-0.235701	-0.239419	-0.232174	-0.23122	-0.262235	-0.331192	-0.415428	-0.504816	-0.577625	-0.628747	-0.654651	-0.649846	-0.598994	-0.493283	-0.330575	-0.128428	0.0712921	0.222073	0.308448	0.346561	0.345477	0.308602	0.236973	0.160986	0.113119	0.109041	0.15845	0.246855	
-0.154954	-0.154954	-0.16016	-0.155914	-0.160235	-0.163162	-0.162356	-0.164594	-0.165055	-0.164052	-0.159357	-0.163756	-0.179714	-0.184295	-0.184028	-0.18914	-0.187804	-0.184988	-0.197594	-0.226817	-0.245154	-0.237321	-0.233194	-0.234472	-0.239358	-0.258455	-0.312269	-0.390721	-0.480333	-0.570001	-0.629247	-0.649874	-0.637892	-0.604583	-0.526697	-0.397179	-0.213359	-0.00567542	0.192069	0.335191	0.412796	0.431297	0.400671	0.320123	0.203806	0.0856181	0.0116713	-0.000221432	0.0538396	0.157959	
-0.155458	-0.155458	-0.157088	-0.160743	-0.166424	-0.170167	-0.172915	-0.169253	-0.163878	-0.165987	-0.168055	-0.172871	-0.186511	-0.185574	-0.181233	-0.184986	-0.184988	-0.196749	-0.220198	-0.24083	-0.245432	-0.234642	-0.228156	-0.23531	-0.259373	-0.304885	-0.372881	-0.454932	-0.543814	-0.623769	-0.659664	-0.644013	-0.598538	-0.534979	-0.431975	-0.278339	-0.0853809	0.119511	0.305498	0.439582	0.503621	0.499523	0.431844	0.309235	0.150336	0.0015564	-0.0897025	-0.103592	-0.0392301	0.0771645	
-0.159384	-0.159384	-0.166659	-0.167066	-0.168039	-0.168344	-0.167856	-0.16684	-0.167929	-0.177807	-0.183042	-0.18815	-0.19537	-0.186342	-0.180109	-0.184864	-0.197594	-0.220198	-0.233296	-0.235877	-0.236072	-0.226359	-0.224274	-0.243353	-0.296268	-0.360938	-0.435308	-0.515039	-0.595436	-0.65494	-0.65804	-0.609512	-0.531149	-0.440159	-0.309086	-0.141748	0.0528503	0.242558	0.414922	0.534514	0.58142	0.546528	0.438831	0.272511	0.0809575	-0.0929496	-0.190517	-0.202681	-0.127423	0.0045608	
-0.179713	-0.179713	-0.174031	-0.168527	-0.16498	-0.1622	-0.163591	-0.167253	-0.176079	-0.190098	-0.19515	-0.191089	-0.190888	-0.186321	-0.187086	-0.204369	-0.226817	-0.24083	-0.235877	-0.232639	-0.233355	-0.230457	-0.236526	-0.280936	-0.355671	-0.429514	-0.501524	-0.573159	-0.634557	-0.661597	-0.631454	-0.552546	-0.445869	-0.324918	-0.174141	-0.000564762	0.180395	0.352516	0.504653	0.607714	0.62968	0.559135	0.411474	0.209628	-0.00514139	-0.186866	-0.285717	-0.286499	-0.199684	-0.0549373	
-0.178445	-0.178445	-0.177843	-0.175616	-0.172313	-0.169797	-0.176068	-0.182542	-0.184059	-0.190213	-0.185289	-0.177052	-0.184697	-0.192797	-0.208151	-0.230512	-0.245154	-0.245432	-0.236072	-0.233355	-0.239859	-0.2467	-0.27793	-0.344288	-0.429993	-0.502122	-0.567832	-0.622721	-0.653066	-0.642817	-0.582876	-0.47744	-0.342672	-0.195353	-0.0328585	0.132969	0.295862	0.444777	0.57756	0.656354	0.648185	0.540337	0.356221	0.130584	-0.0939533	-0.274949	-0.362734	-0.353696	-0.252602	-0.0960014	
-0.169994	-0.169994	-0.170378	-0.177762	-0.184888	-0.191587	-0.199869	-0.198677	-0.192088	-0.188026	-0.181188	-0.179504	-0.193805	-0.209484	-0.222886	-0.234053	-0.237321	-0.234642	-0.226359	-0.230457	-0.2467	-0.282726	-0.339093	-0.417784	-0.501999	-0.569527	-0.622756	-0.649441	-0.641112	-0.597037	-0.510745	-0.381242	-0.218237	-0.0531517	0.109562	0.259714	0.40037	0.52881	0.636409	0.687867	0.644541	0.501594	0.291905	0.051932	-0.170588	-0.343597	-0.423555	-0.403451	-0.2987	-0.137188	
-0.172884	-0.172884	-0.175744	-0.186205	-0.194131	-0.196801	-0.200691	-0.197422	-0.189401	-0.193774	-0.19808	-0.203539	-0.222038	-0.233611	-0.236885	-0.235701	-0.233194	-0.228156	-0.224274	-0.236526	-0.27793	-0.339093	-0.40724	-0.481912	-0.558937	-0.615727	-0.643548	-0.631641	-0.586532	-0.512832	-0.404587	-0.248782	-0.06722	0.105037	0.25381	0.383079	0.500174	0.602392	0.679592	0.692211	0.611775	0.436923	0.207927	-0.0340689	-0.250998	-0.411682	-0.481009	-0.454785	-0.342293	-0.17659	
-0.200525	-0.200525	-0.196816	-0.197209	-0.19068	-0.184492	-0.185974	-0.185061	-0.1891	-0.204107	-0.218399	-0.230263	-0.244573	-0.250628	-0.246543	-0.239419	-0.234472	-0.23531	-0.243353	-0.280936	-0.344288	-0.417784	-0.481912	-0.547717	-0.612806	-0.645723	-0.636115	-0.585455	-0.508887	-0.411243	-0.277882	-0.103639	0.0874682	0.249394	0.37913	0.483884	0.575738	0.647323	0.68406	0.656989	0.54028	0.344522	0.109999	-0.126096	-0.326452	-0.473268	-0.531013	-0.495051	-0.378467	-0.205945	
-0.21468	-0.21468	-0.207243	-0.203779	-0.19728	-0.189836	-0.190622	-0.194524	-0.200496	-0.2166	-0.229247	-0.235545	-0.245376	-0.246175	-0.238802	-0.232174	-0.239358	-0.259373	-0.296268	-0.355671	-0.429993	-0.501999	-0.558937	-0.612806	-0.653481	-0.650309	-0.601626	-0.519127	-0.417815	-0.294273	-0.141208	0.0436904	0.22588	0.371272	0.476607	0.558598	0.62102	0.6549	0.64983	0.582929	0.443461	0.239335	0.0129697	-0.204412	-0.385548	-0.5124	-0.558175	-0.514744	-0.392409	-0.218081	
-0.210943	-0.210943	-0.206717	-0.209968	-0.205928	-0.204346	-0.213741	-0.219213	-0.224932	-0.237111	-0.244126	-0.241698	-0.238151	-0.231974	-0.225452	-0.23122	-0.258455	-0.304885	-0.360938	-0.429514	-0.502122	-0.569527	-0.615727	-0.645723	-0.650309	-0.609167	-0.529733	-0.42298	-0.29683	-0.151045	0.0141357	0.192036	0.357168	0.479668	0.56374	0.619025	0.647107	0.639454	0.591634	0.496642	0.343502	0.145951	-0.0648218	-0.261845	-0.422625	-0.536909	-0.575096	-0.529178	-0.408656	-0.235304	
-0.203395	-0.203395	-0.202552	-0.210835	-0.218704	-0.226954	-0.239589	-0.249566	-0.254283	-0.25805	-0.251831	-0.237365	-0.229516	-0.227659	-0.236633	-0.262235	-0.312269	-0.372881	-0.435308	-0.501524	-0.567832	-0.622756	-0.643548	-0.636115	-0.601626	-0.529733	-0.426124	-0.295305	-0.14606	0.0138096	0.174302	0.334171	0.475035	0.576057	0.634494	0.657635	0.644051	0.592106	0.509705	0.394441	0.243169	0.0578498	-0.131651	-0.308325	-0.45329	-0.556204	-0.590842	-0.544697	-0.425621	-0.254535	
-0.205465	-0.205465	-0.206862	-0.223044	-0.234247	-0.245469	-0.261887	-0.266253	-0.261091	-0.256529	-0.248193	-0.237028	-0.239313	-0.257676	-0.287265	-0.331192	-0.390721	-0.454932	-0.515039	-0.573159	-0.622721	-0.649441	-0.631641	-0.585455	-0.519127	-0.42298	-0.295305	-0.141208	0.0226417	0.18047	0.323098	0.458305	0.575364	0.651958	0.679275	0.662086	0.603297	0.513011	0.404779	0.285261	0.142316	-0.0223576	-0.192163	-0.350267	-0.48229	-0.578029	-0.609882	-0.563462	-0.445223	-0.274164	
-0.232119	-0.232119	-0.234154	-0.244712	-0.251241	-0.254893	-0.257998	-0.254578	-0.247367	-0.244794	-0.244711	-0.252265	-0.277762	-0.315859	-0.362454	-0.415428	-0.480333	-0.543814	-0.595436	-0.634557	-0.653066	-0.641112	-0.586532	-0.508887	-0.417815	-0.29683	-0.14606	0.0226417	0.185148	0.325985	0.444484	0.554585	0.647007	0.693234	0.681792	0.619689	0.520914	0.402157	0.285411	0.171491	0.0482134	-0.0957396	-0.243922	-0.386596	-0.507081	-0.596382	-0.624852	-0.57705	-0.457787	-0.284445	
-0.283063	-0.283063	-0.274179	-0.273231	-0.262972	-0.249627	-0.243142	-0.234161	-0.227907	-0.237655	-0.259344	-0.286917	-0.33049	-0.386256	-0.444022	-0.504816	-0.570001	-0.623769	-0.65494	-0.661597	-0.642817	-0.597037	-0.512832	-0.411243	-0.294273	-0.151045	0.0138096	0.18047	0.325985	0.443413	0.536639	0.6225	0.684217	0.693213	0.636873	0.534539	0.405213	0.275647	0.162265	0.0664854	-0.0356427	-0.156156	-0.286457	-0.413963	-0.525037	-0.606532	-0.631	-0.579313	-0.456961	-0.282131	
-0.309979	-0.309979	-0.30146	-0.292226	-0.273479	-0.255211	-0.245834	-0.241252	-0.247088	-0.269297	-0.30054	-0.341283	-0.39613	-0.458175	-0.520688	-0.577625	-0.629247	-0.659664	-0.65804	-0.631454	-0.582876	-0.510745	-0.404587	-0.277882	-0.141208	0.0141357	0.174302	0.323098	0.444484	0.536639	0.60596	0.661373	0.686767	0.651295	0.555335	0.421908	0.281431	0.154966	0.059986	-0.0135147	-0.0908561	-0.191301	-0.304792	-0.421613	-0.523984	-0.602052	-0.623013	-0.571124	-0.449962	-0.275824	
-0.301406	-0.301406	-0.291425	-0.290073	-0.283904	-0.278449	-0.284117	-0.293855	-0.308749	-0.340325	-0.382779	-0.427649	-0.484556	-0.544737	-0.593986	-0.628747	-0.649874	-0.644013	-0.609512	-0.552546	-0.47744	-0.381242	-0.248782	-0.103639	0.0436904	0.192036	0.334171	0.458305	0.554585	0.6225	0.661373	0.680721	0.661185	0.585472	0.456526	0.310357	0.170666	0.061188	-0.0129712	-0.0630428	-0.121551	-0.207188	-0.311241	-0.421458	-0.522236	-0.59807	-0.621242	-0.571052	-0.45269	-0.284686	
-0.272083	-0.272083	-0.27418	-0.285349	-0.293222	-0.306981	-0.332866	-0.361366	-0.397693	-0.446126	-0.496116	-0.545625	-0.59509	-0.634438	-0.655277	-0.654651	-0.637892	-0.598538	-0.531149	-0.445869	-0.342672	-0.218237	-0.06722	0.0874682	0.22588	0.357168	0.475035	0.575364	0.647007	0.684217	0.686767	0.661185	0.601054	0.49056	0.347233	0.199485	0.0754464	-0.0148053	-0.0662577	-0.0986368	-0.14449	-0.222499	-0.323002	-0.433476	-0.534189	-0.61422	-0.638087	-0.590558	-0.47473	-0.305866	
-0.265926	-0.265926	-0.268653	-0.289541	-0.315617	-0.3479	-0.393319	-0.44324	-0.493074	-0.550941	-0.604752	-0.643253	-0.675655	-0.690639	-0.680959	-0.649846	-0.604583	-0.534979	-0.440159	-0.324918	-0.195353	-0.0531517	0.105037	0.249394	0.371272	0.479668	0.576057	0.651958	0.693234	0.693213	0.651295	0.585472	0.49056	0.364215	0.217475	0.0840022	-0.0221151	-0.0898331	-0.123402	-0.142764	-0.180587	-0.255442	-0.354136	-0.463014	-0.564232	-0.640369	-0.662229	-0.610163	-0.488428	-0.316967	
-0.292839	-0.292839	-0.303835	-0.334112	-0.368209	-0.412762	-0.470896	-0.526574	-0.581117	-0.634776	-0.673742	-0.695123	-0.702615	-0.690148	-0.654812	-0.598994	-0.526697	-0.431975	-0.309086	-0.174141	-0.0328585	0.109562	0.25381	0.37913	0.476607	0.56374	0.634494	0.679275	0.681792	0.636873	0.555335	0.456526	0.347233	0.217475	0.0856888	-0.0291914	-0.110472	-0.157952	-0.174662	-0.182622	-0.215474	-0.286311	-0.382833	-0.490202	-0.586691	-0.660773	-0.675362	-0.616932	-0.489989	-0.310822	
-0.38239	-0.38239	-0.393543	-0.425144	-0.46435	-0.508192	-0.559451	-0.606221	-0.641686	-0.674398	-0.689766	-0.683241	-0.668778	-0.633239	-0.573898	-0.493283	-0.397179	-0.278339	-0.141748	-0.000564762	0.132969	0.259714	0.383079	0.483884	0.558598	0.619025	0.657635	0.662086	0.619689	0.534539	0.421908	0.310357	0.199485	0.0840022	-0.0291914	-0.119138	-0.179286	-0.208336	-0.211247	-0.212556	-0.240383	-0.309939	-0.40373	-0.506556	-0.599912	-0.665653	-0.672852	-0.606625	-0.470904	-0.288528	
-0.544412	-0.544412	-0.549844	-0.57098	-0.591312	-0.614401	-0.642742	-0.66054	-0.669671	-0.673375	-0.661004	-0.630103	-0.587219	-0.522862	-0.43525	-0.330575	-0.213359	-0.0853809	0.0528503	0.180395	0.295862	0.40037	0.500174	0.575738	0.62102	0.647107	0.644051	0.603297	0.520914	0.405213	0.281431	0.170666	0.0754464	-0.0221151	-0.110472	-0.179286	-0.219624	-0.233398	-0.226904	-0.2213	-0.248633	-0.316193	-0.408065	-0.509297	-0.597022	-0.659266	-0.659165	-0.586282	-0.447364	-0.262122	
-0.741241	-0.741241	-0.740365	-0.742699	-0.739923	-0.732123	-0.724437	-0.707133	-0.67872	-0.649139	-0.599995	-0.531848	-0.457887	-0.362593	-0.250252	-0.128428	-0.00567542	0.119511	0.242558	0.352516	0.444777	0.52881	0.602392	0.647323	0.6549	0.639454	0.592106	0.513011	0.402157	0.275647	0.154966	0.061188	-0.0148053	-0.0898331	-0.157952	-0.208336	-0.233398	-0.237595	-0.222646	-0.216645	-0.243319	-0.312431	-0.404509	-0.502837	-0.589404	-0.646286	-0.640598	-0.564629	-0.42295	-0.240951	
-0.926292	-0.926292	-0.913791	-0.900147	-0.87464	-0.840761	-0.803349	-0.751456	-0.686285	-0.613807	-0.525275	-0.419597	-0.310174	-0.18638	-0.0551481	0.0712921	0.192069	0.305498	0.414922	0.504653	0.57756	0.636409	0.679592	0.68406	0.64983	0.591634	0.509705	0.404779	0.285411	0.162265	0.059986	-0.0129712	-0.0662577	-0.123402	-0.174662	-0.211247	-0.226904	-0.222646	-0.206092	-0.199742	-0.231602	-0.30486	-0.399463	-0.501495	-0.588484	-0.646521	-0.640804	-0.565546	-0.428526	-0.254981	
-1.04708	-1.04708	-1.03532	-1.01178	-0.972274	-0.917546	-0.852134	-0.767932	-0.668831	-0.564621	-0.44001	-0.304707	-0.174413	-0.0372094	0.0976076	0.222073	0.335191	0.439582	0.534514	0.607714	0.656354	0.687867	0.692211	0.656989	0.582929	0.496642	0.394441	0.285261	0.171491	0.0664854	-0.0135147	-0.0630428	-0.0986368	-0.142764	-0.182622	-0.212556	-0.2213	-0.216645	-0.199742	-0.200759	-0.241089	-0.322543	-0.425497	-0.532097	-0.624488	-0.684828	-0.679132	-0.606215	-0.472764	-0.304689	
-1.10102	-1.10102	-1.08148	-1.04638	-0.992137	-0.920245	-0.834762	-0.730349	-0.609467	-0.483096	-0.345822	-0.202713	-0.0713687	0.0648815	0.194754	0.308448	0.412796	0.503621	0.58142	0.62968	0.648185	0.644541	0.611775	0.54028	0.443461	0.343502	0.243169	0.142316	0.0482134	-0.0356427	-0.0908561	-0.121551	-0.14449	-0.180587	-0.215474	-0.240383	-0.248633	-0.243319	-0.231602	-0.241089	-0.292265	-0.384497	-0.49434	-0.607266	-0.702961	-0.76291	-0.755097	-0.680063	-0.544369	-0.378825	
-1.05147	-1.05147	-1.02975	-0.985689	-0.922244	-0.83888	-0.739965	-0.625079	-0.50164	-0.377252	-0.243525	-0.110115	0.0115621	0.134051	0.248863	0.346561	0.431297	0.499523	0.546528	0.559135	0.540337	0.501594	0.436923	0.344522	0.239335	0.145951	0.0578498	-0.0223576	-0.0957396	-0.156156	-0.191301	-0.207188	-0.222499	-0.255442	-0.286311	-0.309939	-0.316193	-0.312431	-0.30486	-0.322543	-0.384497	-0.483339	-0.598729	-0.712698	-0.806849	-0.861061	-0.844759	-0.760314	-0.619094	-0.447498	
-0.876605	-0.876605	-0.858166	-0.81306	-0.748887	-0.669117	-0.576742	-0.472582	-0.36124	-0.250522	-0.133788	-0.0195845	0.0804961	0.184814	0.276248	0.345477	0.400671	0.431844	0.438831	0.411474	0.356221	0.291905	0.207927	0.109999	0.0129697	-0.0648218	-0.131651	-0.192163	-0.243922	-0.286457	-0.304792	-0.311241	-0.323002	-0.354136	-0.382833	-0.40373	-0.408065	-0.404509	-0.399463	-0.425497	-0.49434	-0.598729	-0.715238	-0.82652	-0.915325	-0.958511	-0.927861	-0.83176	-0.677234	-0.497168	
-0.583846	-0.583846	-0.566268	-0.529027	-0.483804	-0.424516	-0.351718	-0.271818	-0.187087	-0.100297	-0.0101443	0.0773511	0.152141	0.223392	0.279767	0.308602	0.320123	0.309235	0.272511	0.209628	0.130584	0.051932	-0.0340689	-0.126096	-0.204412	-0.261845	-0.308325	-0.350267	-0.386596	-0.413963	-0.421613	-0.421458	-0.433476	-0.463014	-0.490202	-0.506556	-0.509297	-0.502837	-0.501495	-0.532097	-0.607266	-0.712698	-0.82652	-0.931063	-1.00949	-1.03522	-0.988398	-0.872527	-0.704227	-0.511541	
-0.203091	-0.203091	-0.200634	-0.177464	-0.147845	-0.111972	-0.0657738	-0.0149732	0.0361633	0.0900284	0.145316	0.190414	0.223093	0.250825	0.256775	0.236973	0.203806	0.150336	0.0809575	-0.00514139	-0.0939533	-0.170588	-0.250998	-0.326452	-0.385548	-0.422625	-0.45329	-0.48229	-0.507081	-0.525037	-0.523984	-0.522236	-0.534189	-0.564232	-0.586691	-0.599912	-0.597022	-0.589404	-0.588484	-0.624488	-0.702961	-0.806849	-0.915325	-1.00949	-1.0723	-1.07847	-1.0067	-0.869422	-0.680691	-0.467618	
0.199125	0.199125	0.201502	0.216117	0.226174	0.240269	0.261849	0.282009	0.300696	0.316809	0.326897	0.324846	0.306348	0.277844	0.230973	0.160986	0.0856181	0.0015564	-0.0929496	-0.186866	-0.274949	-0.343597	-0.411682	-0.473268	-0.5124	-0.536909	-0.556204	-0.578029	-0.596382	-0.606532	-0.602052	-0.59807	-0.61422	-0.640369	-0.660773	-0.665653	-0.659266	-0.646286	-0.646521	-0.684828	-0.76291	-0.861061	-0.958511	-1.03522	-1.07847	-1.05436	-0.956551	-0.791713	-0.580039	-0.349562	
0.601703	0.601703	0.598396	0.605406	0.604686	0.601452	0.602488	0.591925	0.569627	0.546886	0.508545	0.45122	0.38567	0.309079	0.216651	0.113119	0.0116713	-0.0897025	-0.190517	-0.285717	-0.362734	-0.423555	-0.481009	-0.531013	-0.558175	-0.575096	-0.590842	-0.609882	-0.624852	-0.631	-0.623013	-0.621242	-0.638087	-0.662229	-0.675362	-0.672852	-0.659165	-0.640598	-0.640804	-0.679132	-0.755097	-0.844759	-0.927861	-0.988398	-1.0067	-0.956551	-0.831694	-0.641547	-0.413641	-0.165093	
0.985177	0.985177	0.974547	0.968166	0.952986	0.929323	0.900089	0.860234	0.804592	0.73887	0.659778	0.562392	0.459755	0.348643	0.229503	0.109041	-0.000221432	-0.103592	-0.202681	-0.286499	-0.353696	-0.403451	-0.454785	-0.495051	-0.514744	-0.529178	-0.544697	-0.563462	-0.57705	-0.579313	-0.571124	-0.571052	-0.590558	-0.610163	-0.616932	-0.606625	-0.586282	-0.564629	-0.565546	-0.606215	-0.680063	-0.760314	-0.83176	-0.872527	-0.869422	-0.791713	-0.641547	-0.432535	-0.189516	0.0683937	
1.30642	1.30642	1.29731	1.28046	1.24296	1.19356	1.13708	1.05903	0.967391	0.873816	0.762824	0.639633	0.521052	0.398102	0.274069	0.15845	0.0538396	-0.0392301	-0.127423	-0.199684	-0.252602	-0.2987	-0.342293	-0.378467	-0.392409	-0.408656	-0.425621	-0.445223	-0.457787	-0.456961	-0.449962	-0.45269	-0.47473	-0.488428	-0.489989	-0.470904	-0.447364	-0.42295	-0.428526	-0.472764	-0.544369	-0.619094	-0.677234	-0.704227	-0.680691	-0.580039	-0.413641	-0.189516	0.0581055	0.319517	
1.54154	1.54154	1.5215	1.48338	1.43197	1.36385	1.28101	1.18616	1.07458	0.959906	0.835273	0.703466	0.586819	0.465416	0.348448	0.246855	0.157959	0.0771645	0.0045608	-0.0549373	-0.0960014	-0.137188	-0.17659	-0.205945	-0.218081	-0.235304	-0.254535	-0.274164	-0.284445	-0.282131	-0.275824	-0.284686	-0.305866	-0.316967	-0.310822	-0.288528	-0.262122	-0.240951	-0.254981	-0.304689	-0.378825	-0.447498	-0.497168	-0.511541	-0.467618	-0.349562	-0.165093	0.0683937	0.319517	0.58342	
