-0.322235	-0.228317	-0.145999	-0.0875228	-0.0583485	-0.0374078	0.00319875	0.0859638	0.209535	0.374049	0.574278	0.788586	0.999296	1.17878	1.30468	1.37429	1.38693	1.3624	1.31963	1.27407	1.22904	1.17324	1.10581	1.03502	0.949821	0.843722	0.721329	0.585292	0.455172	0.340471	0.243795	0.15475	0.0681392	-0.00129009	-0.0650208	-0.131546	-0.21082	-0.333917	-0.49179	-0.663493	-0.816221	-0.901024	-0.899663	-0.806535	-0.64292	-0.441669	-0.242591	-0.0897458	-0.00141874	-0.00141874	
-0.228317	-0.158067	-0.0931931	-0.0575335	-0.0524711	-0.0515564	-0.028352	0.0337328	0.139755	0.277235	0.448453	0.639041	0.83068	1.00793	1.14322	1.2276	1.25022	1.23298	1.20013	1.15994	1.12193	1.07136	1.00708	0.94027	0.860654	0.76064	0.641358	0.510532	0.37866	0.267751	0.183434	0.110027	0.0552607	0.024007	-0.00555557	-0.0404304	-0.0939119	-0.202659	-0.347382	-0.502506	-0.648901	-0.737826	-0.748561	-0.674485	-0.526053	-0.330379	-0.131898	0.0191649	0.104921	0.104921	
-0.145999	-0.0931931	-0.0616692	-0.0583491	-0.0821893	-0.106346	-0.10286	-0.0576758	0.0282014	0.144702	0.294772	0.460995	0.634282	0.807811	0.947947	1.03726	1.06992	1.06138	1.04127	1.01676	0.985592	0.938803	0.881065	0.822625	0.757043	0.678476	0.569179	0.438633	0.309012	0.196402	0.118277	0.0687207	0.0445997	0.046993	0.0587199	0.0596305	0.0372209	-0.034757	-0.155101	-0.291977	-0.428092	-0.524889	-0.544175	-0.48432	-0.351735	-0.17148	0.0130342	0.167107	0.257394	0.257394	
-0.0875228	-0.0575335	-0.0583491	-0.0847579	-0.140842	-0.192903	-0.21386	-0.182376	-0.112908	-0.0103811	0.122875	0.270505	0.428757	0.595939	0.73763	0.829732	0.87239	0.877782	0.876521	0.866077	0.843304	0.806315	0.760047	0.71862	0.674034	0.613126	0.512943	0.386193	0.264724	0.156684	0.0884748	0.0581876	0.0530041	0.0815674	0.127275	0.166777	0.177519	0.142461	0.054176	-0.0677289	-0.189371	-0.280784	-0.305036	-0.260307	-0.147212	0.0174718	0.184261	0.323797	0.401508	0.401508	
-0.0583485	-0.0524711	-0.0821893	-0.140842	-0.22467	-0.301012	-0.337366	-0.323409	-0.262919	-0.164883	-0.0379771	0.0980309	0.248488	0.399875	0.532601	0.630638	0.68761	0.720102	0.743002	0.749712	0.735633	0.709348	0.674672	0.647274	0.619906	0.571252	0.486736	0.373557	0.26407	0.167603	0.103143	0.0782148	0.0858704	0.131169	0.200101	0.268481	0.308651	0.303636	0.246205	0.155317	0.0591869	-0.0234264	-0.0551322	-0.0259514	0.0619736	0.196398	0.336298	0.45316	0.518304	0.518304	
-0.0374078	-0.0515564	-0.106346	-0.192903	-0.301012	-0.400537	-0.453486	-0.452579	-0.399458	-0.302703	-0.177172	-0.0417504	0.0996084	0.242199	0.373913	0.479988	0.554683	0.607712	0.645866	0.66717	0.670566	0.66301	0.648808	0.634284	0.61849	0.578842	0.502379	0.404786	0.303389	0.209835	0.144509	0.120263	0.134268	0.189841	0.280376	0.366354	0.424181	0.445203	0.417656	0.357006	0.286643	0.219864	0.181571	0.19215	0.243403	0.33101	0.439453	0.532591	0.589286	0.589286	
0.00319875	-0.028352	-0.10286	-0.21386	-0.337366	-0.453486	-0.528975	-0.54426	-0.50253	-0.406921	-0.28128	-0.143289	-0.00367529	0.136116	0.269349	0.385438	0.471884	0.540491	0.595067	0.634022	0.657646	0.667681	0.669389	0.669072	0.665243	0.63547	0.567438	0.473081	0.366948	0.265739	0.196453	0.172259	0.194051	0.262601	0.364331	0.458931	0.53147	0.572864	0.567133	0.529396	0.474795	0.415335	0.364945	0.346621	0.367158	0.419623	0.49214	0.554321	0.592096	0.592096	
0.0859638	0.0337328	-0.0576758	-0.182376	-0.323409	-0.452579	-0.54426	-0.575471	-0.54202	-0.452893	-0.334475	-0.200335	-0.063317	0.0734744	0.206286	0.324358	0.424558	0.5136	0.591368	0.654451	0.693284	0.71283	0.725764	0.738443	0.741608	0.719921	0.654691	0.558576	0.448621	0.341411	0.266605	0.23233	0.254627	0.325996	0.430916	0.541899	0.629306	0.679541	0.689787	0.666492	0.612873	0.548227	0.482859	0.441373	0.429395	0.442341	0.478699	0.508876	0.532151	0.532151	
0.209535	0.139755	0.0282014	-0.112908	-0.262919	-0.399458	-0.50253	-0.54202	-0.517359	-0.447546	-0.34126	-0.212341	-0.0815984	0.049279	0.171625	0.287478	0.401947	0.516895	0.621281	0.704319	0.756098	0.785446	0.812143	0.83475	0.840668	0.814705	0.745968	0.648128	0.535234	0.424414	0.338814	0.290756	0.299731	0.368894	0.477903	0.594251	0.695422	0.758067	0.777638	0.759906	0.706116	0.633713	0.550951	0.480775	0.429205	0.400213	0.399435	0.402928	0.41051	0.41051	
0.374049	0.277235	0.144702	-0.0103811	-0.164883	-0.302703	-0.406921	-0.452893	-0.447546	-0.398466	-0.307683	-0.187405	-0.0628117	0.0519777	0.156406	0.268821	0.391438	0.521698	0.646812	0.741763	0.812458	0.865342	0.90898	0.946301	0.949275	0.913794	0.841429	0.736372	0.618353	0.501277	0.398393	0.33401	0.330605	0.388047	0.489689	0.605874	0.710303	0.782666	0.817178	0.81387	0.769463	0.690735	0.590277	0.482593	0.387881	0.317992	0.267927	0.237533	0.224407	0.224407	
0.574278	0.448453	0.294772	0.122875	-0.0379771	-0.177172	-0.28128	-0.334475	-0.34126	-0.307683	-0.221861	-0.115361	-0.0119581	0.0767656	0.154927	0.250387	0.370097	0.501564	0.634757	0.748405	0.841066	0.917659	0.98165	1.03074	1.03544	1.00563	0.934738	0.826135	0.70346	0.569931	0.444532	0.359729	0.334648	0.373948	0.46359	0.573943	0.681591	0.764936	0.818912	0.834948	0.800121	0.718407	0.60314	0.464632	0.327558	0.207473	0.102967	0.0330388	-0.00271731	-0.00271731	
0.788586	0.639041	0.460995	0.270505	0.0980309	-0.0417504	-0.143289	-0.200335	-0.212341	-0.187405	-0.115361	-0.0307676	0.0486718	0.112872	0.16898	0.239966	0.334703	0.45029	0.580393	0.705155	0.81846	0.92261	1.01223	1.08265	1.10542	1.08123	1.01135	0.897644	0.765684	0.620844	0.476747	0.370268	0.315172	0.32768	0.398215	0.50167	0.619725	0.72314	0.799477	0.83131	0.810076	0.72848	0.600965	0.439586	0.255616	0.0811378	-0.0739433	-0.189711	-0.2553	-0.2553	
0.999296	0.83068	0.634282	0.428757	0.248488	0.0996084	-0.00367529	-0.063317	-0.0815984	-0.0628117	-0.0119581	0.0486718	0.106628	0.149701	0.178532	0.218717	0.278726	0.373464	0.496424	0.620515	0.746658	0.873165	0.989762	1.08623	1.13543	1.12365	1.05935	0.948996	0.810508	0.654676	0.491554	0.360496	0.277429	0.263848	0.319536	0.418468	0.541959	0.664912	0.764515	0.814735	0.807109	0.726526	0.58317	0.392686	0.174475	-0.0436558	-0.251319	-0.408063	-0.494196	-0.494196	
1.17878	1.00793	0.807811	0.595939	0.399875	0.242199	0.136116	0.0734744	0.049279	0.0519777	0.0767656	0.112872	0.149701	0.169978	0.175337	0.181006	0.215728	0.287637	0.38834	0.505884	0.633833	0.774689	0.917511	1.03677	1.10734	1.11848	1.06502	0.967075	0.835004	0.671863	0.498495	0.347082	0.240642	0.204499	0.244914	0.338307	0.468592	0.606812	0.722507	0.789794	0.788354	0.706853	0.551892	0.341564	0.0917713	-0.170019	-0.413574	-0.603073	-0.706622	-0.706622	
1.30468	1.14322	0.947947	0.73763	0.532601	0.373913	0.269349	0.206286	0.171625	0.156406	0.154927	0.16898	0.178532	0.175337	0.161159	0.144485	0.156944	0.200092	0.269884	0.371101	0.494914	0.643078	0.802855	0.936387	1.03019	1.06266	1.02775	0.951943	0.833236	0.675553	0.505348	0.343916	0.219348	0.164465	0.184464	0.268819	0.400706	0.54985	0.680527	0.757269	0.761744	0.680551	0.516679	0.291663	0.0151013	-0.279409	-0.550694	-0.772118	-0.897685	-0.897685	
1.37429	1.2276	1.03726	0.829732	0.630638	0.479988	0.385438	0.324358	0.287478	0.268821	0.250387	0.239966	0.218717	0.181006	0.144485	0.109979	0.0912077	0.104373	0.147452	0.22822	0.342446	0.487422	0.64717	0.791411	0.909167	0.96713	0.968137	0.92559	0.829011	0.689932	0.526833	0.357981	0.218379	0.139187	0.133444	0.202918	0.32905	0.486534	0.630105	0.71879	0.733049	0.653774	0.485038	0.248357	-0.0404223	-0.359678	-0.668631	-0.914881	-1.04919	-1.04919	
1.38693	1.25022	1.06992	0.87239	0.68761	0.554683	0.471884	0.424558	0.401947	0.391438	0.370097	0.334703	0.278726	0.215728	0.156944	0.0912077	0.0431096	0.0170728	0.0261729	0.0857528	0.183144	0.316213	0.478831	0.633171	0.76473	0.857108	0.891206	0.881362	0.818414	0.703499	0.55318	0.384209	0.231006	0.125763	0.0955215	0.147617	0.267677	0.425657	0.577211	0.677391	0.697017	0.625857	0.46143	0.220637	-0.0825904	-0.421958	-0.747857	-1.01643	-1.16839	-1.16839	
1.3624	1.23298	1.06138	0.877782	0.720102	0.607712	0.540491	0.5136	0.516895	0.521698	0.501564	0.45029	0.373464	0.287637	0.200092	0.104373	0.0170728	-0.0464617	-0.0709085	-0.0417626	0.0348849	0.156002	0.310939	0.470474	0.617576	0.73237	0.800526	0.820794	0.787987	0.703371	0.571082	0.409218	0.250016	0.128844	0.0774922	0.113169	0.225162	0.382836	0.539459	0.644988	0.670331	0.60196	0.442139	0.199739	-0.111185	-0.462884	-0.807904	-1.08798	-1.25042	-1.25042	
1.31963	1.20013	1.04127	0.876521	0.743002	0.645866	0.595067	0.591368	0.621281	0.646812	0.634757	0.580393	0.496424	0.38834	0.269884	0.147452	0.0261729	-0.0709085	-0.125551	-0.127728	-0.075377	0.0242432	0.158789	0.314314	0.465844	0.592677	0.691081	0.739019	0.736313	0.6849	0.56939	0.419861	0.268297	0.144355	0.0863514	0.117564	0.22251	0.374685	0.531709	0.635084	0.663194	0.59538	0.43027	0.180828	-0.135933	-0.494594	-0.856365	-1.1455	-1.30778	-1.30778	
1.27407	1.15994	1.01676	0.866077	0.749712	0.66717	0.634022	0.654451	0.704319	0.741763	0.748405	0.705155	0.620515	0.505884	0.371101	0.22822	0.0857528	-0.0417626	-0.127728	-0.159209	-0.136287	-0.0665228	0.0470894	0.187492	0.325471	0.456577	0.567581	0.637699	0.664511	0.638819	0.546498	0.42083	0.285764	0.170175	0.118165	0.148167	0.254249	0.40539	0.55991	0.661863	0.679316	0.602756	0.432552	0.174856	-0.153872	-0.524683	-0.893345	-1.19213	-1.36714	-1.36714	
1.22904	1.12193	0.985592	0.843304	0.735633	0.670566	0.657646	0.693284	0.756098	0.812458	0.841066	0.81846	0.746658	0.633833	0.494914	0.342446	0.183144	0.0348849	-0.075377	-0.136287	-0.14597	-0.106217	-0.0218556	0.0916713	0.212225	0.338636	0.46126	0.549282	0.594657	0.591056	0.523494	0.418935	0.301376	0.197703	0.151574	0.18697	0.296589	0.450709	0.603428	0.700053	0.710836	0.625776	0.447859	0.18066	-0.157718	-0.53927	-0.919231	-1.2244	-1.40128	-1.40128	
1.17324	1.07136	0.938803	0.806315	0.709348	0.66301	0.667681	0.71283	0.785446	0.865342	0.917659	0.92261	0.873165	0.774689	0.643078	0.487422	0.316213	0.156002	0.0242432	-0.0665228	-0.106217	-0.09665	-0.0469401	0.0344054	0.140305	0.257865	0.382854	0.481368	0.539554	0.554352	0.508562	0.418734	0.314372	0.224753	0.185276	0.226037	0.33275	0.481892	0.631095	0.724254	0.738721	0.655279	0.470944	0.198474	-0.142793	-0.528316	-0.911967	-1.21827	-1.38888	-1.38888	
1.10581	1.00708	0.881065	0.760047	0.674672	0.648808	0.669389	0.725764	0.812143	0.90898	0.98165	1.01223	0.989762	0.917511	0.802855	0.64717	0.478831	0.310939	0.158789	0.0470894	-0.0218556	-0.0469401	-0.0273551	0.0241449	0.108734	0.214394	0.324171	0.428879	0.503692	0.53029	0.501384	0.423369	0.330593	0.25261	0.220639	0.257886	0.35881	0.49985	0.638677	0.733083	0.746293	0.669373	0.49685	0.231993	-0.106528	-0.489127	-0.855771	-1.15492	-1.32709	-1.32709	
1.03502	0.94027	0.822625	0.71862	0.647274	0.634284	0.669072	0.738443	0.83475	0.946301	1.03074	1.08265	1.08623	1.03677	0.936387	0.791411	0.633171	0.470474	0.314314	0.187492	0.0916713	0.0344054	0.0241449	0.0463682	0.10623	0.189673	0.290762	0.405531	0.490691	0.522406	0.503237	0.437467	0.359007	0.292356	0.263083	0.294746	0.381796	0.509738	0.637147	0.725675	0.741474	0.670669	0.506959	0.259546	-0.052999	-0.411777	-0.760458	-1.04437	-1.20248	-1.20248	
0.949821	0.860654	0.757043	0.674034	0.619906	0.61849	0.665243	0.741608	0.840668	0.949275	1.03544	1.10542	1.13543	1.10734	1.03019	0.909167	0.76473	0.617576	0.465844	0.325471	0.212225	0.140305	0.108734	0.10623	0.140012	0.195648	0.286539	0.396635	0.474618	0.511221	0.510857	0.466644	0.406992	0.355408	0.328779	0.352366	0.42266	0.529066	0.635493	0.70714	0.720188	0.657431	0.510027	0.287477	0.00344877	-0.32172	-0.635696	-0.89017	-1.02973	-1.02973	
0.843722	0.76064	0.678476	0.613126	0.571252	0.578842	0.63547	0.719921	0.814705	0.913794	1.00563	1.08123	1.12365	1.11848	1.06266	0.96713	0.857108	0.73237	0.592677	0.456577	0.338636	0.257865	0.214394	0.189673	0.195648	0.239854	0.31269	0.401664	0.476985	0.520404	0.53072	0.504618	0.461552	0.425469	0.411576	0.429717	0.482301	0.556451	0.630566	0.6846	0.690959	0.6377	0.512399	0.3165	0.0610588	-0.224465	-0.489693	-0.705554	-0.826305	-0.826305	
0.721329	0.641358	0.569179	0.512943	0.486736	0.502379	0.567438	0.654691	0.745968	0.841429	0.934738	1.01135	1.05935	1.06502	1.02775	0.968137	0.891206	0.800526	0.691081	0.567581	0.46126	0.382854	0.324171	0.290762	0.286539	0.31269	0.367479	0.438625	0.506966	0.548624	0.554641	0.535109	0.510083	0.492137	0.487794	0.499978	0.530923	0.579695	0.631103	0.670277	0.672616	0.621037	0.512512	0.343446	0.132159	-0.102831	-0.333512	-0.511951	-0.60993	-0.60993	
0.585292	0.510532	0.438633	0.386193	0.373557	0.404786	0.473081	0.558576	0.648128	0.736372	0.826135	0.897644	0.948996	0.967075	0.951943	0.92559	0.881362	0.820794	0.739019	0.637699	0.549282	0.481368	0.428879	0.405531	0.396635	0.401664	0.438625	0.490158	0.540219	0.568634	0.569159	0.562588	0.555174	0.550961	0.548918	0.553998	0.574028	0.603782	0.635745	0.656339	0.651932	0.607338	0.517852	0.37982	0.204684	0.0166915	-0.166268	-0.309009	-0.38752	-0.38752	
0.455172	0.37866	0.309012	0.264724	0.26407	0.303389	0.366948	0.448621	0.535234	0.618353	0.70346	0.765684	0.810508	0.835004	0.833236	0.829011	0.818414	0.787987	0.736313	0.664511	0.594657	0.539554	0.503692	0.490691	0.474618	0.476985	0.506966	0.540219	0.569611	0.579348	0.578813	0.582431	0.586752	0.594111	0.602069	0.610499	0.620676	0.626844	0.635598	0.644144	0.63404	0.596803	0.528965	0.417834	0.273274	0.122222	-0.015757	-0.116054	-0.17019	-0.17019	
0.340471	0.267751	0.196402	0.156684	0.167603	0.209835	0.265739	0.341411	0.424414	0.501277	0.569931	0.620844	0.654676	0.671863	0.675553	0.689932	0.703499	0.703371	0.6849	0.638819	0.591056	0.554352	0.53029	0.522406	0.511221	0.520404	0.548624	0.568634	0.579348	0.584106	0.589568	0.595295	0.611623	0.636649	0.657714	0.666841	0.666071	0.656224	0.643933	0.638368	0.620522	0.585384	0.527042	0.430829	0.321589	0.213278	0.111053	0.0404214	0.00405196	0.00405196	
0.243795	0.183434	0.118277	0.0884748	0.103143	0.144509	0.196453	0.266605	0.338814	0.398393	0.444532	0.476747	0.491554	0.498495	0.505348	0.526833	0.55318	0.571082	0.56939	0.546498	0.523494	0.508562	0.501384	0.503237	0.510857	0.53072	0.554641	0.569159	0.578813	0.589568	0.601598	0.619672	0.655529	0.697441	0.72411	0.728236	0.716905	0.688392	0.654063	0.623152	0.585504	0.541913	0.483706	0.412125	0.332761	0.25774	0.198318	0.153593	0.136213	0.136213	
0.15475	0.110027	0.0687207	0.0581876	0.0782148	0.120263	0.172259	0.23233	0.290756	0.33401	0.359729	0.370268	0.360496	0.347082	0.343916	0.357981	0.384209	0.409218	0.419861	0.42083	0.418935	0.418734	0.423369	0.437467	0.466644	0.504618	0.535109	0.562588	0.582431	0.595295	0.619672	0.660508	0.718924	0.771145	0.800113	0.798977	0.768871	0.711575	0.644072	0.579839	0.513773	0.457638	0.400786	0.344569	0.289599	0.24379	0.225008	0.217049	0.220478	0.220478	
0.0681392	0.0552607	0.0445997	0.0530041	0.0858704	0.134268	0.194051	0.254627	0.299731	0.330605	0.334648	0.315172	0.277429	0.240642	0.219348	0.218379	0.231006	0.250016	0.268297	0.285764	0.301376	0.314372	0.330593	0.359007	0.406992	0.461552	0.510083	0.555174	0.586752	0.611623	0.655529	0.718924	0.783972	0.835339	0.864306	0.851294	0.796661	0.710724	0.604971	0.500794	0.412719	0.342368	0.276448	0.225573	0.194503	0.182588	0.194906	0.213225	0.228317	0.228317	
-0.00129009	0.024007	0.046993	0.0815674	0.131169	0.189841	0.262601	0.325996	0.368894	0.388047	0.373948	0.32768	0.263848	0.204499	0.164465	0.139187	0.125763	0.128844	0.144355	0.170175	0.197703	0.224753	0.25261	0.292356	0.355408	0.425469	0.492137	0.550961	0.594111	0.636649	0.697441	0.771145	0.835339	0.883633	0.906691	0.875994	0.794377	0.680938	0.540889	0.396499	0.27576	0.175893	0.102332	0.0663448	0.0545831	0.0685365	0.108556	0.152068	0.180091	0.180091	
-0.0650208	-0.00555557	0.0587199	0.127275	0.200101	0.280376	0.364331	0.430916	0.477903	0.489689	0.46359	0.398215	0.319536	0.244914	0.184464	0.133444	0.0955215	0.0774922	0.0863514	0.118165	0.151574	0.185276	0.220639	0.263083	0.328779	0.411576	0.487794	0.548918	0.602069	0.657714	0.72411	0.800113	0.864306	0.906691	0.910282	0.858324	0.756262	0.61271	0.441648	0.268485	0.11808	-0.00482508	-0.0841563	-0.119672	-0.120361	-0.0818222	-0.0217633	0.0399291	0.0793783	0.0793783	
-0.131546	-0.0404304	0.0596305	0.166777	0.268481	0.366354	0.458931	0.541899	0.594251	0.605874	0.573943	0.50167	0.418468	0.338307	0.268819	0.202918	0.147617	0.113169	0.117564	0.148167	0.18697	0.226037	0.257886	0.294746	0.352366	0.429717	0.499978	0.553998	0.610499	0.666841	0.728236	0.798977	0.851294	0.875994	0.858324	0.792704	0.673858	0.509684	0.318422	0.119564	-0.0493219	-0.182557	-0.264792	-0.302862	-0.296864	-0.240544	-0.169598	-0.0968171	-0.0514381	-0.0514381	
-0.21082	-0.0939119	0.0372209	0.177519	0.308651	0.424181	0.53147	0.629306	0.695422	0.710303	0.681591	0.619725	0.541959	0.468592	0.400706	0.32905	0.267677	0.225162	0.22251	0.254249	0.296589	0.33275	0.35881	0.381796	0.42266	0.482301	0.530923	0.574028	0.620676	0.666071	0.716905	0.768871	0.796661	0.794377	0.756262	0.673858	0.543313	0.371931	0.16954	-0.0407299	-0.221029	-0.360028	-0.440181	-0.465866	-0.440889	-0.373895	-0.291444	-0.204531	-0.154807	-0.154807	
-0.333917	-0.202659	-0.034757	0.142461	0.303636	0.445203	0.572864	0.679541	0.758067	0.782666	0.764936	0.72314	0.664912	0.606812	0.54985	0.486534	0.425657	0.382836	0.374685	0.40539	0.450709	0.481892	0.49985	0.509738	0.529066	0.556451	0.579695	0.603782	0.626844	0.656224	0.688392	0.711575	0.710724	0.680938	0.61271	0.509684	0.371931	0.188007	-0.0145534	-0.211114	-0.381588	-0.508071	-0.576881	-0.580588	-0.531068	-0.445285	-0.341562	-0.247091	-0.196062	-0.196062	
-0.49179	-0.347382	-0.155101	0.054176	0.246205	0.417656	0.567133	0.689787	0.777638	0.817178	0.818912	0.799477	0.764515	0.722507	0.680527	0.630105	0.577211	0.539459	0.531709	0.55991	0.603428	0.631095	0.638677	0.637147	0.635493	0.630566	0.631103	0.635745	0.635598	0.643933	0.654063	0.644072	0.604971	0.540889	0.441648	0.318422	0.16954	-0.0145534	-0.200447	-0.381626	-0.534112	-0.62412	-0.653591	-0.623988	-0.546135	-0.430553	-0.302313	-0.197625	-0.135544	-0.135544	
-0.663493	-0.502506	-0.291977	-0.0677289	0.155317	0.357006	0.529396	0.666492	0.759906	0.81387	0.834948	0.83131	0.814735	0.789794	0.757269	0.71879	0.677391	0.644988	0.635084	0.661863	0.700053	0.724254	0.733083	0.725675	0.70714	0.6846	0.670277	0.656339	0.644144	0.638368	0.623152	0.579839	0.500794	0.396499	0.268485	0.119564	-0.0407299	-0.211114	-0.381626	-0.533623	-0.645182	-0.691933	-0.670898	-0.594225	-0.469312	-0.316788	-0.168531	-0.0460214	0.0289002	0.0289002	
-0.816221	-0.648901	-0.428092	-0.189371	0.0591869	0.286643	0.474795	0.612873	0.706116	0.769463	0.800121	0.810076	0.807109	0.788354	0.761744	0.733049	0.697017	0.670331	0.663194	0.679316	0.710836	0.738721	0.746293	0.741474	0.720188	0.690959	0.672616	0.651932	0.63404	0.620522	0.585504	0.513773	0.412719	0.27576	0.11808	-0.0493219	-0.221029	-0.381588	-0.534112	-0.645182	-0.697284	-0.692912	-0.621981	-0.490345	-0.313461	-0.121585	0.0587194	0.200013	0.274364	0.274364	
-0.901024	-0.737826	-0.524889	-0.280784	-0.0234264	0.219864	0.415335	0.548227	0.633713	0.690735	0.718407	0.72848	0.726526	0.706853	0.680551	0.653774	0.625857	0.60196	0.59538	0.602756	0.625776	0.655279	0.669373	0.670669	0.657431	0.6377	0.621037	0.607338	0.596803	0.585384	0.541913	0.457638	0.342368	0.175893	-0.00482508	-0.182557	-0.360028	-0.508071	-0.62412	-0.691933	-0.692912	-0.62417	-0.493881	-0.305054	-0.0827547	0.137426	0.345031	0.502391	0.58161	0.58161	
-0.899663	-0.748561	-0.544175	-0.305036	-0.0551322	0.181571	0.364945	0.482859	0.550951	0.590277	0.60314	0.600965	0.58317	0.551892	0.516679	0.485038	0.46143	0.442139	0.43027	0.432552	0.447859	0.470944	0.49685	0.506959	0.510027	0.512399	0.512512	0.517852	0.528965	0.527042	0.483706	0.400786	0.276448	0.102332	-0.0841563	-0.264792	-0.440181	-0.576881	-0.653591	-0.670898	-0.621981	-0.493881	-0.302851	-0.0657333	0.195734	0.447047	0.671981	0.839903	0.926837	0.926837	
-0.806535	-0.674485	-0.48432	-0.260307	-0.0259514	0.19215	0.346621	0.441373	0.480775	0.482593	0.464632	0.439586	0.392686	0.341564	0.291663	0.248357	0.220637	0.199739	0.180828	0.174856	0.18066	0.198474	0.231993	0.259546	0.287477	0.3165	0.343446	0.37982	0.417834	0.430829	0.412125	0.344569	0.225573	0.0663448	-0.119672	-0.302862	-0.465866	-0.580588	-0.623988	-0.594225	-0.490345	-0.305054	-0.0657333	0.20596	0.50135	0.782705	1.01766	1.18476	1.27841	1.27841	
-0.64292	-0.526053	-0.351735	-0.147212	0.0619736	0.243403	0.367158	0.429395	0.429205	0.387881	0.327558	0.255616	0.174475	0.0917713	0.0151013	-0.0404223	-0.0825904	-0.111185	-0.135933	-0.153872	-0.157718	-0.142793	-0.106528	-0.052999	0.00344877	0.0610588	0.132159	0.204684	0.273274	0.321589	0.332761	0.289599	0.194503	0.0545831	-0.120361	-0.296864	-0.440889	-0.531068	-0.546135	-0.469312	-0.313461	-0.0827547	0.195734	0.50135	0.817407	1.10739	1.34865	1.51502	1.60689	1.60689	
-0.441669	-0.330379	-0.17148	0.0174718	0.196398	0.33101	0.419623	0.442341	0.400213	0.317992	0.207473	0.0811378	-0.0436558	-0.170019	-0.279409	-0.359678	-0.421958	-0.462884	-0.494594	-0.524683	-0.53927	-0.528316	-0.489127	-0.411777	-0.32172	-0.224465	-0.102831	0.0166915	0.122222	0.213278	0.25774	0.24379	0.182588	0.0685365	-0.0818222	-0.240544	-0.373895	-0.445285	-0.430553	-0.316788	-0.121585	0.137426	0.447047	0.782705	1.10739	1.3972	1.6429	1.81479	1.89768	1.89768	
-0.242591	-0.131898	0.0130342	0.184261	0.336298	0.439453	0.49214	0.478699	0.399435	0.267927	0.102967	-0.0739433	-0.251319	-0.413574	-0.550694	-0.668631	-0.747857	-0.807904	-0.856365	-0.893345	-0.919231	-0.911967	-0.855771	-0.760458	-0.635696	-0.489693	-0.333512	-0.166268	-0.015757	0.111053	0.198318	0.225008	0.194906	0.108556	-0.0217633	-0.169598	-0.291444	-0.341562	-0.302313	-0.168531	0.0587194	0.345031	0.671981	1.01766	1.34865	1.6429	1.87743	2.04442	2.12631	2.12631	
-0.0897458	0.0191649	0.167107	0.323797	0.45316	0.532591	0.554321	0.508876	0.402928	0.237533	0.0330388	-0.189711	-0.408063	-0.603073	-0.772118	-0.914881	-1.01643	-1.08798	-1.1455	-1.19213	-1.2244	-1.21827	-1.15492	-1.04437	-0.89017	-0.705554	-0.511951	-0.309009	-0.116054	0.0404214	0.153593	0.217049	0.213225	0.152068	0.0399291	-0.0968171	-0.204531	-0.247091	-0.197625	-0.0460214	0.200013	0.502391	0.839903	1.18476	1.51502	1.81479	2.04442	2.20239	2.28142	2.28142	
-0.00141874	0.104921	0.257394	0.401508	0.518304	0.589286	0.592096	0.532151	0.41051	0.224407	-0.00271731	-0.2553	-0.494196	-0.706622	-0.897685	-1.04919	-1.16839	-1.25042	-1.30778	-1.36714	-1.40128	-1.38888	-1.32709	-1.20248	-1.02973	-0.826305	-0.60993	-0.38752	-0.17019	0.00405196	0.136213	0.220478	0.228317	0.180091	0.0793783	-0.0514381	-0.154807	-0.196062	-0.135544	0.0289002	0.274364	0.58161	0.926837	1.27841	1.60689	1.89768	2.12631	2.28142	2.36313	2.36313	
-0.00141874	0.104921	0.257394	0.401508	0.518304	0.589286	0.592096	0.532151	0.41051	0.224407	-0.00271731	-0.2553	-0.494196	-0.706622	-0.897685	-1.04919	-1.16839	-1.25042	-1.30778	-1.36714	-1.40128	-1.38888	-1.32709	-1.20248	-1.02973	-0.826305	-0.60993	-0.38752	-0.17019	0.00405196	0.136213	0.220478	0.228317	0.180091	0.0793783	-0.0514381	-0.154807	-0.196062	-0.135544	0.0289002	0.274364	0.58161	0.926837	1.27841	1.60689	1.89768	2.12631	2.28142	2.36313	2.36313	
