-0.0624517	0.376201	0.935184	0.351302	0.123499	0.123499	
0.376201	1.01612	1.34418	0.191104	0.932014	0.932014	
0.935184	1.34418	-0.0107342	0.420822	-0.198876	-0.198876	
0.351302	0.191104	0.420822	0.471262	0.269085	0.269085	
0.123499	0.932014	-0.198876	0.269085	-0.455832	-0.455832	
0.123499	0.932014	-0.198876	0.269085	-0.455832	-0.455832	
