-0.0635623	-0.0635623	-0.0629561	-0.0640014	-0.062464	-0.064964	-0.0607574	-0.0658366	-0.0627473	-0.063572	-0.0679246	-0.0634462	-0.0678153	-0.0646446	-0.0632513	-0.0689403	-0.0668139	-0.0660838	-0.0672729	-0.0691172	-0.0674316	-0.0678938	-0.0740434	-0.0675009	-0.0699945	-0.0757122	-0.0733764	-0.0698171	-0.0782777	-0.0782024	-0.074908	-0.0773282	-0.0818742	-0.0848881	-0.0791883	-0.081166	-0.0909541	-0.0933283	-0.0827641	-0.0880899	-0.101787	-0.101971	-0.0953893	-0.0961038	-0.105955	-0.11729	-0.120185	-0.111017	-0.101893	-0.118071	
-0.0635623	-0.0635623	-0.0629561	-0.0640014	-0.062464	-0.064964	-0.0607574	-0.0658366	-0.0627473	-0.063572	-0.0679246	-0.0634462	-0.0678153	-0.0646446	-0.0632513	-0.0689403	-0.0668139	-0.0660838	-0.0672729	-0.0691172	-0.0674316	-0.0678938	-0.0740434	-0.0675009	-0.0699945	-0.0757122	-0.0733764	-0.0698171	-0.0782777	-0.0782024	-0.074908	-0.0773282	-0.0818742	-0.0848881	-0.0791883	-0.081166	-0.0909541	-0.0933283	-0.0827641	-0.0880899	-0.101787	-0.101971	-0.0953893	-0.0961038	-0.105955	-0.11729	-0.120185	-0.111017	-0.101893	-0.118071	
-0.0629561	-0.0629561	-0.063343	-0.0630629	-0.0637912	-0.0641742	-0.0643869	-0.0665939	-0.0621251	-0.0650943	-0.0641263	-0.0572855	-0.0662477	-0.0681478	-0.0650862	-0.0673427	-0.0648655	-0.067612	-0.0687108	-0.0726297	-0.0671887	-0.0697029	-0.0739829	-0.0707029	-0.0715842	-0.076318	-0.0743662	-0.0721306	-0.0790659	-0.0788773	-0.076796	-0.0787229	-0.0831267	-0.0849535	-0.0818333	-0.0825276	-0.0925585	-0.0924184	-0.0866193	-0.0892219	-0.102836	-0.10147	-0.0971114	-0.0978202	-0.106152	-0.116377	-0.118564	-0.109596	-0.104135	-0.115764	
-0.0640014	-0.0640014	-0.0630629	-0.0641563	-0.0628815	-0.0634139	-0.0618541	-0.0634229	-0.0638304	-0.064547	-0.0668747	-0.0690317	-0.0669696	-0.0621979	-0.0649503	-0.0671817	-0.0679195	-0.0667633	-0.0671284	-0.0651955	-0.0686758	-0.0688153	-0.0713749	-0.0680171	-0.0707213	-0.0730671	-0.0729898	-0.0723268	-0.07627	-0.0763547	-0.0762719	-0.0780173	-0.0806719	-0.0824136	-0.0807037	-0.0833658	-0.087815	-0.09048	-0.0852466	-0.0912336	-0.0973238	-0.0999051	-0.0964867	-0.0992734	-0.106684	-0.114415	-0.117482	-0.112143	-0.109027	-0.120716	
-0.062464	-0.062464	-0.0637912	-0.0628815	-0.0639369	-0.0646468	-0.0651369	-0.0631655	-0.0660646	-0.0631741	-0.0625972	-0.0649306	-0.0638192	-0.0677367	-0.0675775	-0.0653138	-0.0672236	-0.0668477	-0.0680711	-0.0703918	-0.0708652	-0.0692239	-0.0687022	-0.0735484	-0.0725586	-0.0730174	-0.0729861	-0.076269	-0.075488	-0.0769201	-0.0784384	-0.0797858	-0.0810794	-0.0816913	-0.0842914	-0.0855308	-0.0880122	-0.0885789	-0.0910148	-0.0933829	-0.0967945	-0.0984654	-0.0997702	-0.102437	-0.107483	-0.11216	-0.114336	-0.112632	-0.113936	-0.120151	
-0.064964	-0.064964	-0.0641742	-0.0634139	-0.0646468	-0.0603586	-0.065913	-0.0627996	-0.0638406	-0.0667834	-0.0629478	-0.0660099	-0.06229	-0.0644803	-0.0691862	-0.0638828	-0.0674297	-0.0695894	-0.0689601	-0.0670916	-0.068922	-0.0727194	-0.0693516	-0.0741313	-0.0725797	-0.0716236	-0.0753469	-0.0778105	-0.07511	-0.0760574	-0.0812986	-0.0800787	-0.0814524	-0.0802005	-0.0875675	-0.0867504	-0.0867492	-0.0868049	-0.0953447	-0.0952896	-0.0939125	-0.0974844	-0.101876	-0.105789	-0.107654	-0.109116	-0.112213	-0.113544	-0.121484	-0.11902	
-0.0607574	-0.0607574	-0.0643869	-0.0618541	-0.0651369	-0.065913	-0.0650673	-0.0628432	-0.0669406	-0.0633633	-0.063302	-0.0719574	-0.0657638	-0.0665084	-0.067022	-0.0635708	-0.0684394	-0.0672782	-0.0650266	-0.0666787	-0.0719154	-0.068651	-0.0645389	-0.0737627	-0.0722445	-0.0685406	-0.0735858	-0.0776499	-0.0716193	-0.0750895	-0.0799734	-0.0796283	-0.0779415	-0.0790341	-0.086622	-0.0869193	-0.081755	-0.0851478	-0.0961786	-0.0947712	-0.0892291	-0.0948402	-0.103369	-0.106943	-0.107037	-0.106451	-0.109602	-0.119157	-0.127436	-0.122084	
-0.0658366	-0.0658366	-0.0665939	-0.0634229	-0.0631655	-0.0627996	-0.0628432	-0.0622191	-0.0667175	-0.0633898	-0.0644625	-0.065921	-0.059759	-0.0672536	-0.0688281	-0.0661043	-0.0694713	-0.0698962	-0.0692165	-0.0705048	-0.0720158	-0.0721382	-0.0687642	-0.0783878	-0.0729818	-0.071597	-0.0767969	-0.0805125	-0.0727477	-0.0784778	-0.0826317	-0.0819356	-0.0796611	-0.0817876	-0.0906184	-0.0892439	-0.0835591	-0.0879275	-0.102303	-0.0969628	-0.0908936	-0.0972567	-0.108619	-0.110938	-0.107963	-0.10512	-0.108393	-0.122253	-0.130417	-0.11788	
-0.0627473	-0.0627473	-0.0621251	-0.0638304	-0.0660646	-0.0638406	-0.0669406	-0.0667175	-0.0640018	-0.0658255	-0.0652271	-0.0663425	-0.0650171	-0.0677392	-0.0670252	-0.0647899	-0.0662567	-0.0674522	-0.0675931	-0.0678555	-0.0687358	-0.0705039	-0.0683967	-0.0741657	-0.071569	-0.0699634	-0.0771693	-0.0767732	-0.0730371	-0.0771841	-0.0819343	-0.0797246	-0.0788822	-0.0812657	-0.0892769	-0.0870732	-0.0811246	-0.0879321	-0.100531	-0.0941971	-0.087606	-0.0960626	-0.108273	-0.10943	-0.106007	-0.101595	-0.109235	-0.125748	-0.134829	-0.116492	
-0.063572	-0.063572	-0.0650943	-0.064547	-0.0631741	-0.0667834	-0.0633633	-0.0633898	-0.0658255	-0.0642232	-0.0661575	-0.0666274	-0.0685212	-0.0683348	-0.0635955	-0.0685966	-0.0687545	-0.0697287	-0.0670586	-0.0692897	-0.0726941	-0.0694651	-0.069857	-0.0732149	-0.0734062	-0.0719059	-0.0762554	-0.0763778	-0.0738478	-0.0794619	-0.0797008	-0.0812552	-0.0784209	-0.0845718	-0.0872269	-0.0880742	-0.0818084	-0.0916938	-0.099694	-0.0943872	-0.0896448	-0.0989631	-0.110364	-0.110841	-0.105649	-0.103737	-0.110649	-0.131897	-0.133421	-0.114353	
-0.0679246	-0.0679246	-0.0641263	-0.0668747	-0.0625972	-0.0629478	-0.063302	-0.0644625	-0.0652271	-0.0661575	-0.066269	-0.0645816	-0.064855	-0.0646593	-0.0669043	-0.0727017	-0.0673613	-0.0673441	-0.0743017	-0.0689293	-0.0712246	-0.0705178	-0.0769397	-0.0715473	-0.0745734	-0.0750147	-0.0773638	-0.076197	-0.0776022	-0.0808895	-0.0797068	-0.0825356	-0.0810678	-0.0873068	-0.0860528	-0.0895888	-0.0848715	-0.0959963	-0.0970475	-0.0964408	-0.0926657	-0.102909	-0.110977	-0.110603	-0.106545	-0.104626	-0.114997	-0.13275	-0.130137	-0.109892	
-0.0634462	-0.0634462	-0.0572855	-0.0690317	-0.0649306	-0.0660099	-0.0719574	-0.065921	-0.0663425	-0.0666274	-0.0645816	-0.0653861	-0.0685108	-0.0672587	-0.0691141	-0.065749	-0.0655511	-0.0654239	-0.0707948	-0.0665031	-0.0707566	-0.0707152	-0.0717376	-0.0683134	-0.075326	-0.0758245	-0.0731775	-0.0748247	-0.0803781	-0.0782267	-0.0787961	-0.0808081	-0.0840932	-0.0847181	-0.0845733	-0.0868874	-0.0886947	-0.0937383	-0.0921158	-0.0948913	-0.09397	-0.102691	-0.106379	-0.107482	-0.10489	-0.10579	-0.119192	-0.13106	-0.127424	-0.108408	
-0.0678153	-0.0678153	-0.0662477	-0.0669696	-0.0638192	-0.06229	-0.0657638	-0.059759	-0.0650171	-0.0685212	-0.064855	-0.0685108	-0.0727863	-0.0644764	-0.0671179	-0.0691889	-0.0700084	-0.0732223	-0.0729138	-0.0697922	-0.069522	-0.0750078	-0.074277	-0.0706052	-0.0767602	-0.0772611	-0.0721885	-0.0778011	-0.081676	-0.077702	-0.0785253	-0.0829304	-0.0861361	-0.0844703	-0.0840963	-0.0886068	-0.0947694	-0.0928426	-0.0918323	-0.0981623	-0.101412	-0.105822	-0.106418	-0.110573	-0.107956	-0.114962	-0.12379	-0.13019	-0.123203	-0.105515	
-0.0646446	-0.0646446	-0.0681478	-0.0621979	-0.0677367	-0.0644803	-0.0665084	-0.0672536	-0.0677392	-0.0683348	-0.0646593	-0.0672587	-0.0644764	-0.0633534	-0.0710079	-0.0731319	-0.0664743	-0.0688782	-0.068196	-0.0719481	-0.0702914	-0.0762304	-0.0718377	-0.0703614	-0.0788048	-0.0773979	-0.0722613	-0.0799184	-0.0825622	-0.0778076	-0.0796351	-0.0853982	-0.0871372	-0.0845807	-0.0836704	-0.0916113	-0.0977867	-0.0898165	-0.090934	-0.0998161	-0.106174	-0.102426	-0.104375	-0.107729	-0.110306	-0.118932	-0.123895	-0.124256	-0.116942	-0.106401	
-0.0632513	-0.0632513	-0.0650862	-0.0649503	-0.0675775	-0.0691862	-0.067022	-0.0688281	-0.0670252	-0.0635955	-0.0669043	-0.0691141	-0.0671179	-0.0710079	-0.0703237	-0.0651185	-0.0659387	-0.0717566	-0.0714392	-0.0706407	-0.0718138	-0.0730607	-0.0717527	-0.0725475	-0.0802787	-0.0744756	-0.0731867	-0.0818839	-0.0816567	-0.0774278	-0.0806395	-0.0868044	-0.0865095	-0.084362	-0.0835475	-0.0954005	-0.0969051	-0.0885282	-0.0899153	-0.10492	-0.10718	-0.101147	-0.102239	-0.108345	-0.115279	-0.124008	-0.1235	-0.119427	-0.112921	-0.113921	
-0.0689403	-0.0689403	-0.0673427	-0.0671817	-0.0653138	-0.0638828	-0.0635708	-0.0661043	-0.0647899	-0.0685966	-0.0727017	-0.065749	-0.0691889	-0.0731319	-0.0651185	-0.0698681	-0.0741567	-0.0728088	-0.0707185	-0.0726161	-0.0709854	-0.0733753	-0.0748991	-0.075123	-0.0757513	-0.0738228	-0.0771472	-0.0816144	-0.0782556	-0.0781334	-0.0823305	-0.0862875	-0.085032	-0.0836754	-0.0858256	-0.0964968	-0.0956286	-0.0867449	-0.0935975	-0.108108	-0.108633	-0.0999877	-0.103486	-0.112169	-0.12284	-0.128982	-0.123186	-0.114336	-0.115005	-0.121218	
-0.0668139	-0.0668139	-0.0648655	-0.0679195	-0.0672236	-0.0674297	-0.0684394	-0.0694713	-0.0662567	-0.0687545	-0.0673613	-0.0655511	-0.0700084	-0.0664743	-0.0659387	-0.0741567	-0.0732399	-0.0668576	-0.069984	-0.0740016	-0.074308	-0.0751286	-0.075137	-0.075765	-0.0762632	-0.0790941	-0.0811748	-0.0796022	-0.0805769	-0.0829648	-0.0862583	-0.0858501	-0.0873613	-0.0864109	-0.0915225	-0.0972552	-0.0952463	-0.0892258	-0.0991789	-0.110356	-0.107584	-0.0993974	-0.104508	-0.115077	-0.127165	-0.127564	-0.117919	-0.108028	-0.11802	-0.128588	
-0.0660838	-0.0660838	-0.067612	-0.0667633	-0.0668477	-0.0695894	-0.0672782	-0.0698962	-0.0674522	-0.0697287	-0.0673441	-0.0654239	-0.0732223	-0.0688782	-0.0717566	-0.0728088	-0.0668576	-0.0687956	-0.0749334	-0.0770322	-0.0711722	-0.0705279	-0.0781473	-0.0759282	-0.0756403	-0.0783031	-0.081119	-0.0762167	-0.0825096	-0.0839071	-0.0845075	-0.0840299	-0.0867744	-0.0887912	-0.092033	-0.094848	-0.0920579	-0.0933899	-0.101647	-0.10905	-0.104678	-0.100349	-0.107109	-0.120129	-0.130265	-0.126856	-0.11382	-0.109795	-0.126817	-0.137416	
-0.0672729	-0.0672729	-0.0687108	-0.0671284	-0.0680711	-0.0689601	-0.0650266	-0.0692165	-0.0675931	-0.0670586	-0.0743017	-0.0707948	-0.0729138	-0.068196	-0.0714392	-0.0707185	-0.069984	-0.0749334	-0.0751377	-0.0720063	-0.0686469	-0.0759008	-0.0813713	-0.072879	-0.073259	-0.0824576	-0.0804291	-0.0757735	-0.0839017	-0.0848339	-0.0836723	-0.0834489	-0.08844	-0.0907043	-0.0931276	-0.090527	-0.0935887	-0.0984211	-0.103508	-0.105937	-0.103221	-0.104607	-0.110647	-0.125935	-0.130504	-0.12443	-0.112353	-0.116209	-0.137151	-0.145726	
-0.0691172	-0.0691172	-0.0726297	-0.0651955	-0.0703918	-0.0670916	-0.0666787	-0.0705048	-0.0678555	-0.0692897	-0.0689293	-0.0665031	-0.0697922	-0.0719481	-0.0706407	-0.0726161	-0.0740016	-0.0770322	-0.0720063	-0.0737142	-0.0777306	-0.0814489	-0.0774587	-0.0734768	-0.0807481	-0.0877744	-0.0777115	-0.0792856	-0.0879534	-0.0882547	-0.0837518	-0.0869249	-0.0918101	-0.0962391	-0.0931793	-0.0911381	-0.0997307	-0.106193	-0.105178	-0.104073	-0.108028	-0.110446	-0.118402	-0.128724	-0.129496	-0.120634	-0.113424	-0.12528	-0.143926	-0.147285	
-0.0674316	-0.0674316	-0.0671887	-0.0686758	-0.0708652	-0.068922	-0.0719154	-0.0720158	-0.0687358	-0.0726941	-0.0712246	-0.0707566	-0.069522	-0.0702914	-0.0718138	-0.0709854	-0.074308	-0.0711722	-0.0686469	-0.0777306	-0.0761967	-0.0744194	-0.0736336	-0.0793471	-0.0816513	-0.0810233	-0.0761192	-0.0833344	-0.0892296	-0.0845586	-0.0837368	-0.0873952	-0.094791	-0.0946387	-0.0904636	-0.0895019	-0.105181	-0.105889	-0.100508	-0.0993541	-0.110331	-0.113238	-0.120236	-0.125759	-0.123882	-0.116878	-0.120997	-0.13587	-0.15301	-0.147358	
-0.0678938	-0.0678938	-0.0697029	-0.0688153	-0.0692239	-0.0727194	-0.068651	-0.0721382	-0.0705039	-0.0694651	-0.0705178	-0.0707152	-0.0750078	-0.0762304	-0.0730607	-0.0733753	-0.0751286	-0.0705279	-0.0759008	-0.0814489	-0.0744194	-0.0731487	-0.0800731	-0.0808159	-0.0790225	-0.0778741	-0.0821982	-0.0849218	-0.0862695	-0.0822382	-0.0860996	-0.0897333	-0.0950975	-0.0926997	-0.0883284	-0.0948802	-0.109024	-0.105844	-0.0965397	-0.102886	-0.116845	-0.120072	-0.124168	-0.124289	-0.122876	-0.12161	-0.135032	-0.149013	-0.15668	-0.144245	
-0.0740434	-0.0740434	-0.0739829	-0.0713749	-0.0687022	-0.0693516	-0.0645389	-0.0687642	-0.0683967	-0.069857	-0.0769397	-0.0717376	-0.074277	-0.0718377	-0.0717527	-0.0748991	-0.075137	-0.0781473	-0.0813713	-0.0774587	-0.0736336	-0.0800731	-0.0840115	-0.0819692	-0.0789116	-0.082929	-0.0876293	-0.0861742	-0.085271	-0.0870171	-0.0914654	-0.0935252	-0.0959091	-0.0928374	-0.0935825	-0.102861	-0.112521	-0.10384	-0.0985165	-0.110366	-0.124207	-0.12621	-0.123839	-0.122751	-0.121802	-0.131724	-0.148306	-0.156195	-0.15434	-0.135701	
-0.0675009	-0.0675009	-0.0707029	-0.0680171	-0.0735484	-0.0741313	-0.0737627	-0.0783878	-0.0741657	-0.0732149	-0.0715473	-0.0683134	-0.0706052	-0.0703614	-0.0725475	-0.075123	-0.075765	-0.0759282	-0.072879	-0.0734768	-0.0793471	-0.0808159	-0.0819692	-0.0811341	-0.0783632	-0.0858442	-0.0898092	-0.0843304	-0.0853961	-0.091437	-0.0943666	-0.0934701	-0.0940065	-0.0940903	-0.0993378	-0.106653	-0.108149	-0.100556	-0.10113	-0.115406	-0.126177	-0.124344	-0.118593	-0.116243	-0.123896	-0.141509	-0.157849	-0.156878	-0.147078	-0.128476	
-0.0699945	-0.0699945	-0.0715842	-0.0707213	-0.0725586	-0.0725797	-0.0722445	-0.0729818	-0.071569	-0.0734062	-0.0745734	-0.075326	-0.0767602	-0.0788048	-0.0802787	-0.0757513	-0.0762632	-0.0756403	-0.073259	-0.0807481	-0.0816513	-0.0790225	-0.0789116	-0.0783632	-0.078036	-0.0897667	-0.0859931	-0.0785469	-0.0856046	-0.0937724	-0.0917857	-0.0886498	-0.091241	-0.0960853	-0.103334	-0.102987	-0.102319	-0.100257	-0.108477	-0.119723	-0.128263	-0.123586	-0.117101	-0.120295	-0.137167	-0.160128	-0.168848	-0.158472	-0.1441	-0.125096	
-0.0757122	-0.0757122	-0.076318	-0.0730671	-0.0730174	-0.0716236	-0.0685406	-0.071597	-0.0699634	-0.0719059	-0.0750147	-0.0758245	-0.0772611	-0.0773979	-0.0744756	-0.0738228	-0.0790941	-0.0783031	-0.0824576	-0.0877744	-0.0810233	-0.0778741	-0.082929	-0.0858442	-0.0897667	-0.0913649	-0.0834023	-0.0839299	-0.0977292	-0.0976891	-0.092444	-0.0911715	-0.098821	-0.105822	-0.108662	-0.102246	-0.104133	-0.111119	-0.119132	-0.125451	-0.129835	-0.123221	-0.118895	-0.128139	-0.153034	-0.170037	-0.169003	-0.149739	-0.134589	-0.119512	
-0.0733764	-0.0733764	-0.0743662	-0.0729898	-0.0729861	-0.0753469	-0.0735858	-0.0767969	-0.0771693	-0.0762554	-0.0773638	-0.0731775	-0.0721885	-0.0722613	-0.0731867	-0.0771472	-0.0811748	-0.081119	-0.0804291	-0.0777115	-0.0761192	-0.0821982	-0.0876293	-0.0898092	-0.0859931	-0.0834023	-0.0850676	-0.0950575	-0.0986686	-0.0925433	-0.0909551	-0.0957347	-0.104065	-0.108952	-0.105228	-0.0981386	-0.108008	-0.119183	-0.122457	-0.122914	-0.125382	-0.120215	-0.120963	-0.139626	-0.164129	-0.173213	-0.161727	-0.141565	-0.129921	-0.123381	
-0.0698171	-0.0698171	-0.0721306	-0.0723268	-0.076269	-0.0778105	-0.0776499	-0.0805125	-0.0767732	-0.0763778	-0.076197	-0.0748247	-0.0778011	-0.0799184	-0.0818839	-0.0816144	-0.0796022	-0.0762167	-0.0757735	-0.0792856	-0.0833344	-0.0849218	-0.0861742	-0.0843304	-0.0785469	-0.0839299	-0.0950575	-0.0946104	-0.0890566	-0.088376	-0.0945836	-0.0986684	-0.10496	-0.10536	-0.098777	-0.0979692	-0.114809	-0.124257	-0.120224	-0.118547	-0.122124	-0.122025	-0.131741	-0.154823	-0.174156	-0.171546	-0.156771	-0.139151	-0.135153	-0.140004	
-0.0782777	-0.0782777	-0.0790659	-0.07627	-0.075488	-0.07511	-0.0716193	-0.0727477	-0.0730371	-0.0738478	-0.0776022	-0.0803781	-0.081676	-0.0825622	-0.0816567	-0.0782556	-0.0805769	-0.0825096	-0.0839017	-0.0879534	-0.0892296	-0.0862695	-0.085271	-0.0853961	-0.0856046	-0.0977292	-0.0986686	-0.0890566	-0.0891692	-0.0981502	-0.102147	-0.103473	-0.107375	-0.104447	-0.101249	-0.109058	-0.12715	-0.128772	-0.120639	-0.119869	-0.127423	-0.134573	-0.150249	-0.170625	-0.176997	-0.166386	-0.151054	-0.140041	-0.144255	-0.164143	
-0.0782024	-0.0782024	-0.0788773	-0.0763547	-0.0769201	-0.0760574	-0.0750895	-0.0784778	-0.0771841	-0.0794619	-0.0808895	-0.0782267	-0.077702	-0.0778076	-0.0774278	-0.0781334	-0.0829648	-0.0839071	-0.0848339	-0.0882547	-0.0845586	-0.0822382	-0.0870171	-0.091437	-0.0937724	-0.0976891	-0.0925433	-0.088376	-0.0981502	-0.10424	-0.104762	-0.105149	-0.106122	-0.103106	-0.108363	-0.120245	-0.130527	-0.12481	-0.117034	-0.119909	-0.13309	-0.146503	-0.162916	-0.172285	-0.168201	-0.155246	-0.147332	-0.145586	-0.164547	-0.202173	
-0.074908	-0.074908	-0.076796	-0.0762719	-0.0784384	-0.0812986	-0.0799734	-0.0826317	-0.0819343	-0.0797008	-0.0797068	-0.0787961	-0.0785253	-0.0796351	-0.0806395	-0.0823305	-0.0862583	-0.0845075	-0.0836723	-0.0837518	-0.0837368	-0.0860996	-0.0914654	-0.0943666	-0.0917857	-0.092444	-0.0909551	-0.0945836	-0.102147	-0.104762	-0.105046	-0.10321	-0.102216	-0.10683	-0.119362	-0.125237	-0.125927	-0.119802	-0.11715	-0.125637	-0.144732	-0.161725	-0.170437	-0.168021	-0.158653	-0.151778	-0.153551	-0.16491	-0.200187	-0.25545	
-0.0773282	-0.0773282	-0.0787229	-0.0780173	-0.0797858	-0.0800787	-0.0796283	-0.0819356	-0.0797246	-0.0812552	-0.0825356	-0.0808081	-0.0829304	-0.0853982	-0.0868044	-0.0862875	-0.0858501	-0.0840299	-0.0834489	-0.0869249	-0.0873952	-0.0897333	-0.0935252	-0.0934701	-0.0886498	-0.0911715	-0.0957347	-0.0986684	-0.103473	-0.105149	-0.10321	-0.0987855	-0.10452	-0.118261	-0.126493	-0.121061	-0.119522	-0.11953	-0.12304	-0.136401	-0.160299	-0.172684	-0.169874	-0.159219	-0.153962	-0.157419	-0.171563	-0.19799	-0.251282	-0.315753	
-0.0818742	-0.0818742	-0.0831267	-0.0806719	-0.0810794	-0.0814524	-0.0779415	-0.0796611	-0.0788822	-0.0784209	-0.0810678	-0.0840932	-0.0861361	-0.0871372	-0.0865095	-0.085032	-0.0873613	-0.0867744	-0.08844	-0.0918101	-0.094791	-0.0950975	-0.0959091	-0.0940065	-0.091241	-0.098821	-0.104065	-0.10496	-0.107375	-0.106122	-0.102216	-0.10452	-0.120088	-0.130645	-0.126473	-0.117094	-0.122312	-0.129292	-0.13632	-0.154414	-0.175634	-0.177163	-0.162642	-0.152697	-0.156849	-0.171782	-0.19916	-0.242128	-0.307774	-0.373446	
-0.0848881	-0.0848881	-0.0849535	-0.0824136	-0.0816913	-0.0802005	-0.0790341	-0.0817876	-0.0812657	-0.0845718	-0.0873068	-0.0847181	-0.0844703	-0.0845807	-0.084362	-0.0836754	-0.0864109	-0.0887912	-0.0907043	-0.0962391	-0.0946387	-0.0926997	-0.0928374	-0.0940903	-0.0960853	-0.105822	-0.108952	-0.10536	-0.104447	-0.103106	-0.10683	-0.118261	-0.130645	-0.128154	-0.118644	-0.11609	-0.129289	-0.138605	-0.149551	-0.166692	-0.179107	-0.167011	-0.150746	-0.150167	-0.167245	-0.195914	-0.239212	-0.297722	-0.369211	-0.424266	
-0.0791883	-0.0791883	-0.0818333	-0.0807037	-0.0842914	-0.0875675	-0.086622	-0.0906184	-0.0892769	-0.0872269	-0.0860528	-0.0845733	-0.0840963	-0.0836704	-0.0835475	-0.0858256	-0.0915225	-0.092033	-0.0931276	-0.0931793	-0.0904636	-0.0883284	-0.0935825	-0.0993378	-0.103334	-0.108662	-0.105228	-0.098777	-0.101249	-0.108363	-0.119362	-0.126493	-0.126473	-0.118644	-0.116072	-0.122455	-0.138226	-0.150646	-0.161742	-0.172659	-0.170821	-0.154364	-0.146193	-0.159817	-0.190822	-0.234013	-0.293723	-0.360728	-0.425709	-0.464756	
-0.081166	-0.081166	-0.0825276	-0.0833658	-0.0855308	-0.0867504	-0.0869193	-0.0892439	-0.0870732	-0.0880742	-0.0895888	-0.0868874	-0.0886068	-0.0916113	-0.0954005	-0.0964968	-0.0972552	-0.094848	-0.090527	-0.0911381	-0.0895019	-0.0948802	-0.102861	-0.106653	-0.102987	-0.102246	-0.0981386	-0.0979692	-0.109058	-0.120245	-0.125237	-0.121061	-0.117094	-0.11609	-0.122455	-0.131739	-0.150777	-0.163615	-0.17036	-0.167577	-0.160037	-0.15005	-0.157522	-0.186269	-0.23131	-0.291289	-0.361012	-0.424883	-0.474151	-0.489801	
-0.0909541	-0.0909541	-0.0925585	-0.087815	-0.0880122	-0.0867492	-0.081755	-0.0835591	-0.0811246	-0.0818084	-0.0848715	-0.0886947	-0.0947694	-0.0977867	-0.0969051	-0.0956286	-0.0952463	-0.0920579	-0.0935887	-0.0997307	-0.105181	-0.109024	-0.112521	-0.108149	-0.102319	-0.104133	-0.108008	-0.114809	-0.12715	-0.130527	-0.125927	-0.119522	-0.122312	-0.129289	-0.138226	-0.150777	-0.170376	-0.178679	-0.171021	-0.160967	-0.157339	-0.161889	-0.183581	-0.22468	-0.28443	-0.353941	-0.422179	-0.470173	-0.496095	-0.48993	
-0.0933283	-0.0933283	-0.0924184	-0.09048	-0.0885789	-0.0868049	-0.0851478	-0.0879275	-0.0879321	-0.0916938	-0.0959963	-0.0937383	-0.0928426	-0.0898165	-0.0885282	-0.0867449	-0.0892258	-0.0933899	-0.0984211	-0.106193	-0.105889	-0.105844	-0.10384	-0.100556	-0.100257	-0.111119	-0.119183	-0.124257	-0.128772	-0.12481	-0.119802	-0.11953	-0.129292	-0.138605	-0.150646	-0.163615	-0.178679	-0.171599	-0.155711	-0.148947	-0.160339	-0.179335	-0.214058	-0.270622	-0.342029	-0.414632	-0.469705	-0.496877	-0.502362	-0.472877	
-0.0827641	-0.0827641	-0.0866193	-0.0852466	-0.0910148	-0.0953447	-0.0961786	-0.102303	-0.100531	-0.099694	-0.0970475	-0.0921158	-0.0918323	-0.090934	-0.0899153	-0.0935975	-0.0991789	-0.101647	-0.103508	-0.105178	-0.100508	-0.0965397	-0.0985165	-0.10113	-0.108477	-0.119132	-0.122457	-0.120224	-0.120639	-0.117034	-0.11715	-0.12304	-0.13632	-0.149551	-0.161742	-0.17036	-0.171021	-0.155711	-0.143507	-0.153537	-0.180543	-0.212889	-0.263284	-0.332985	-0.410054	-0.471014	-0.505323	-0.510408	-0.492905	-0.43897	
-0.0880899	-0.0880899	-0.0892219	-0.0912336	-0.0933829	-0.0952896	-0.0947712	-0.0969628	-0.0941971	-0.0943872	-0.0964408	-0.0948913	-0.0981623	-0.0998161	-0.10492	-0.108108	-0.110356	-0.10905	-0.105937	-0.104073	-0.0993541	-0.102886	-0.110366	-0.115406	-0.119723	-0.125451	-0.122914	-0.118547	-0.119869	-0.119909	-0.125637	-0.136401	-0.154414	-0.166692	-0.172659	-0.167577	-0.160967	-0.148947	-0.153537	-0.180081	-0.220242	-0.266811	-0.330294	-0.407078	-0.473042	-0.51311	-0.522353	-0.50349	-0.461245	-0.375067	
-0.101787	-0.101787	-0.102836	-0.0973238	-0.0967945	-0.0939125	-0.0892291	-0.0908936	-0.087606	-0.0896448	-0.0926657	-0.09397	-0.101412	-0.106174	-0.10718	-0.108633	-0.107584	-0.104678	-0.103221	-0.108028	-0.110331	-0.116845	-0.124207	-0.126177	-0.128263	-0.129835	-0.125382	-0.122124	-0.127423	-0.13309	-0.144732	-0.160299	-0.175634	-0.179107	-0.170821	-0.160037	-0.157339	-0.160339	-0.180543	-0.220242	-0.27304	-0.330819	-0.401165	-0.467168	-0.511693	-0.524758	-0.508673	-0.465303	-0.392539	-0.276662	
-0.101971	-0.101971	-0.10147	-0.0999051	-0.0984654	-0.0974844	-0.0948402	-0.0972567	-0.0960626	-0.0989631	-0.102909	-0.102691	-0.105822	-0.102426	-0.101147	-0.0999877	-0.0993974	-0.100349	-0.104607	-0.110446	-0.113238	-0.120072	-0.12621	-0.124344	-0.123586	-0.123221	-0.120215	-0.122025	-0.134573	-0.146503	-0.161725	-0.172684	-0.177163	-0.167011	-0.154364	-0.15005	-0.161889	-0.179335	-0.212889	-0.266811	-0.330819	-0.395753	-0.457237	-0.504263	-0.522683	-0.512192	-0.472661	-0.401908	-0.301553	-0.162134	
-0.0953893	-0.0953893	-0.0971114	-0.0964867	-0.0997702	-0.101876	-0.103369	-0.108619	-0.108273	-0.110364	-0.110977	-0.106379	-0.106418	-0.104375	-0.102239	-0.103486	-0.104508	-0.107109	-0.110647	-0.118402	-0.120236	-0.124168	-0.123839	-0.118593	-0.117101	-0.118895	-0.120963	-0.131741	-0.150249	-0.162916	-0.170437	-0.169874	-0.162642	-0.150746	-0.146193	-0.157522	-0.183581	-0.214058	-0.263284	-0.330294	-0.401165	-0.457237	-0.50091	-0.522605	-0.517362	-0.483044	-0.415304	-0.316523	-0.190789	-0.0383949	
-0.0961038	-0.0961038	-0.0978202	-0.0992734	-0.102437	-0.105789	-0.106943	-0.110938	-0.10943	-0.110841	-0.110603	-0.107482	-0.110573	-0.107729	-0.108345	-0.112169	-0.115077	-0.120129	-0.125935	-0.128724	-0.125759	-0.124289	-0.122751	-0.116243	-0.120295	-0.128139	-0.139626	-0.154823	-0.170625	-0.172285	-0.168021	-0.159219	-0.152697	-0.150167	-0.159817	-0.186269	-0.22468	-0.270622	-0.332985	-0.407078	-0.467168	-0.504263	-0.522605	-0.520626	-0.490392	-0.427203	-0.329337	-0.20417	-0.063737	0.0911529	
-0.105955	-0.105955	-0.106152	-0.106684	-0.107483	-0.107654	-0.107037	-0.107963	-0.106007	-0.105649	-0.106545	-0.10489	-0.107956	-0.110306	-0.115279	-0.12284	-0.127165	-0.130265	-0.130504	-0.129496	-0.123882	-0.122876	-0.121802	-0.123896	-0.137167	-0.153034	-0.164129	-0.174156	-0.176997	-0.168201	-0.158653	-0.153962	-0.156849	-0.167245	-0.190822	-0.23131	-0.28443	-0.342029	-0.410054	-0.473042	-0.511693	-0.522683	-0.517362	-0.490392	-0.430465	-0.336375	-0.210412	-0.0706173	0.0726557	0.221283	
-0.11729	-0.11729	-0.116377	-0.114415	-0.11216	-0.109116	-0.106451	-0.10512	-0.101595	-0.103737	-0.104626	-0.10579	-0.114962	-0.118932	-0.124008	-0.128982	-0.127564	-0.126856	-0.12443	-0.120634	-0.116878	-0.12161	-0.131724	-0.141509	-0.160128	-0.170037	-0.173213	-0.171546	-0.166386	-0.155246	-0.151778	-0.157419	-0.171782	-0.195914	-0.234013	-0.291289	-0.353941	-0.414632	-0.471014	-0.51311	-0.524758	-0.512192	-0.483044	-0.427203	-0.336375	-0.214229	-0.0728413	0.0686165	0.204961	0.342606	
-0.120185	-0.120185	-0.118564	-0.117482	-0.114336	-0.112213	-0.109602	-0.108393	-0.109235	-0.110649	-0.114997	-0.119192	-0.12379	-0.123895	-0.1235	-0.123186	-0.117919	-0.11382	-0.112353	-0.113424	-0.120997	-0.135032	-0.148306	-0.157849	-0.168848	-0.169003	-0.161727	-0.156771	-0.151054	-0.147332	-0.153551	-0.171563	-0.19916	-0.239212	-0.293723	-0.361012	-0.422179	-0.469705	-0.505323	-0.522353	-0.508673	-0.472661	-0.415304	-0.329337	-0.210412	-0.0728413	0.0705804	0.203184	0.327569	0.451405	
-0.111017	-0.111017	-0.109596	-0.112143	-0.112632	-0.113544	-0.119157	-0.122253	-0.125748	-0.131897	-0.13275	-0.13106	-0.13019	-0.124256	-0.119427	-0.114336	-0.108028	-0.109795	-0.116209	-0.12528	-0.13587	-0.149013	-0.156195	-0.156878	-0.158472	-0.149739	-0.141565	-0.139151	-0.140041	-0.145586	-0.16491	-0.19799	-0.242128	-0.297722	-0.360728	-0.424883	-0.470173	-0.496877	-0.510408	-0.50349	-0.465303	-0.401908	-0.316523	-0.20417	-0.0706173	0.0686165	0.203184	0.322266	0.433081	0.541348	
-0.101893	-0.101893	-0.104135	-0.109027	-0.113936	-0.121484	-0.127436	-0.130417	-0.134829	-0.133421	-0.130137	-0.127424	-0.123203	-0.116942	-0.112921	-0.115005	-0.11802	-0.126817	-0.137151	-0.143926	-0.15301	-0.15668	-0.15434	-0.147078	-0.1441	-0.134589	-0.129921	-0.135153	-0.144255	-0.164547	-0.200187	-0.251282	-0.307774	-0.369211	-0.425709	-0.474151	-0.496095	-0.502362	-0.492905	-0.461245	-0.392539	-0.301553	-0.190789	-0.063737	0.0726557	0.204961	0.327569	0.433081	0.529787	0.615249	
-0.118071	-0.118071	-0.115764	-0.120716	-0.120151	-0.11902	-0.122084	-0.11788	-0.116492	-0.114353	-0.109892	-0.108408	-0.105515	-0.106401	-0.113921	-0.121218	-0.128588	-0.137416	-0.145726	-0.147285	-0.147358	-0.144245	-0.135701	-0.128476	-0.125096	-0.119512	-0.123381	-0.140004	-0.164143	-0.202173	-0.25545	-0.315753	-0.373446	-0.424266	-0.464756	-0.489801	-0.48993	-0.472877	-0.43897	-0.375067	-0.276662	-0.162134	-0.0383949	0.0911529	0.221283	0.342606	0.451405	0.541348	0.615249	0.671251	
