-0.258652	-0.183675	-0.0948827	0.0189496	0.161396	0.320373	0.479782	0.614505	0.701023	0.744353	0.742463	0.72173	0.683573	0.624951	0.554685	0.488112	0.44375	0.434308	0.450741	0.467414	0.476859	0.468858	0.454133	0.440128	0.415968	0.383754	0.335083	0.270711	0.204036	0.12841	0.0415524	-0.0531817	-0.143281	-0.237183	-0.340534	-0.437899	-0.51474	-0.575917	-0.615029	-0.624263	-0.605685	-0.544606	-0.450746	-0.326427	-0.191482	-0.062865	0.0563255	0.135847	0.175741	0.175741	
-0.183675	-0.136952	-0.0678246	0.0163621	0.124315	0.255929	0.402086	0.538046	0.638002	0.703589	0.7374	0.751527	0.731796	0.680249	0.611714	0.542682	0.498806	0.492508	0.507355	0.528176	0.546697	0.553756	0.548874	0.532077	0.503692	0.466767	0.407221	0.323767	0.227518	0.121692	0.00753395	-0.103395	-0.204141	-0.29901	-0.383139	-0.450035	-0.49042	-0.527297	-0.554247	-0.548389	-0.503671	-0.418386	-0.301516	-0.162636	-0.0221292	0.114707	0.238617	0.333501	0.382823	0.382823	
-0.0948827	-0.0678246	-0.0264513	0.0274369	0.104602	0.213433	0.338177	0.463341	0.568917	0.653103	0.714158	0.754268	0.754004	0.721342	0.663485	0.59787	0.554857	0.539496	0.544313	0.56443	0.593806	0.618021	0.62827	0.611044	0.573475	0.523125	0.449427	0.353128	0.234749	0.106996	-0.0225319	-0.145335	-0.247104	-0.333124	-0.393646	-0.420364	-0.425921	-0.436132	-0.438993	-0.411777	-0.340813	-0.233353	-0.0998281	0.0466809	0.182572	0.312225	0.428574	0.52446	0.574959	0.574959	
0.0189496	0.0163621	0.0274369	0.0523661	0.10767	0.201277	0.310171	0.420879	0.531658	0.624293	0.699844	0.754799	0.773761	0.763748	0.716622	0.660013	0.614566	0.582043	0.57919	0.592758	0.62459	0.660761	0.673443	0.661093	0.616803	0.555148	0.472871	0.363442	0.234069	0.0896847	-0.0467513	-0.170657	-0.267333	-0.333832	-0.367081	-0.361277	-0.339963	-0.322173	-0.29491	-0.239609	-0.148023	-0.0250501	0.119787	0.267784	0.394812	0.508857	0.612303	0.694805	0.73825	0.73825	
0.161396	0.124315	0.104602	0.10767	0.15168	0.229762	0.319213	0.424938	0.537133	0.634466	0.713895	0.773502	0.805314	0.801607	0.770965	0.726091	0.679542	0.641732	0.630395	0.638793	0.660632	0.683735	0.687709	0.66753	0.620109	0.54938	0.460867	0.347982	0.214637	0.0760126	-0.0601705	-0.175837	-0.258926	-0.306372	-0.31199	-0.285239	-0.242127	-0.192239	-0.129396	-0.0442343	0.0601315	0.186687	0.330888	0.468347	0.580447	0.675073	0.760166	0.821736	0.850579	0.850579	
0.320373	0.255929	0.213433	0.201277	0.229762	0.289224	0.366858	0.46631	0.57339	0.670486	0.75566	0.813028	0.843725	0.84294	0.822828	0.787398	0.741851	0.708271	0.690102	0.690804	0.690401	0.684406	0.667167	0.635438	0.586801	0.511166	0.419858	0.307111	0.183093	0.0631272	-0.0565489	-0.153143	-0.215848	-0.243075	-0.23094	-0.194487	-0.136127	-0.0574558	0.0396244	0.153588	0.266842	0.389164	0.517576	0.628854	0.716233	0.784413	0.843898	0.879813	0.891148	0.891148	
0.479782	0.402086	0.338177	0.310171	0.319213	0.366858	0.440557	0.534022	0.64215	0.744263	0.825323	0.873528	0.895586	0.895968	0.876103	0.842463	0.795401	0.75445	0.730804	0.716914	0.694112	0.660517	0.622408	0.5777	0.524797	0.451712	0.362765	0.261194	0.160592	0.0651066	-0.0295013	-0.10423	-0.152594	-0.165196	-0.146798	-0.102635	-0.0301383	0.0711234	0.196814	0.328504	0.448265	0.555402	0.653058	0.73	0.786331	0.830776	0.864976	0.880323	0.881199	0.881199	
0.614505	0.538046	0.463341	0.420879	0.424938	0.46631	0.534022	0.629541	0.742096	0.845653	0.918248	0.958311	0.971274	0.960081	0.930557	0.882328	0.82621	0.777284	0.742959	0.709707	0.667939	0.61221	0.554018	0.499474	0.445356	0.380435	0.305314	0.223244	0.14309	0.0727622	0.0052295	-0.0461916	-0.0792815	-0.0847281	-0.063387	-0.0141506	0.0652522	0.177248	0.31462	0.453211	0.572048	0.659611	0.72381	0.766202	0.799951	0.82709	0.843172	0.851021	0.851033	0.851033	
0.701023	0.638002	0.568917	0.531658	0.537133	0.57339	0.64215	0.742096	0.857063	0.946809	1.0054	1.03453	1.03925	1.01732	0.972138	0.906214	0.840565	0.777755	0.725005	0.6775	0.620355	0.552376	0.479187	0.413596	0.35157	0.298131	0.240917	0.182277	0.123848	0.0777028	0.0436145	0.0150877	-0.00317991	-0.00736089	0.0163448	0.0651646	0.144137	0.254976	0.387787	0.521573	0.62723	0.696277	0.732078	0.75101	0.772594	0.788533	0.79442	0.800215	0.806915	0.806915	
0.744353	0.703589	0.653103	0.624293	0.634466	0.670486	0.744263	0.845653	0.946809	1.01876	1.06232	1.08614	1.08356	1.05274	0.99054	0.914478	0.836538	0.757816	0.68503	0.617186	0.54362	0.466859	0.386587	0.313996	0.255167	0.216361	0.182589	0.142068	0.101957	0.0758942	0.0698292	0.0645814	0.0579057	0.0613353	0.0891806	0.139446	0.212362	0.317263	0.438186	0.549463	0.635023	0.682302	0.698579	0.704531	0.714961	0.722302	0.716891	0.719628	0.731661	0.731661	
0.742463	0.7374	0.714158	0.699844	0.713895	0.75566	0.825323	0.918248	1.0054	1.06232	1.09139	1.10463	1.09091	1.05169	0.983182	0.905015	0.820082	0.726168	0.632157	0.533923	0.439904	0.352505	0.267759	0.199876	0.153325	0.134606	0.122175	0.0981037	0.0735927	0.0647844	0.0812184	0.0940448	0.1044	0.125042	0.162716	0.213059	0.2775	0.365772	0.462848	0.541074	0.595305	0.630771	0.64021	0.642719	0.647715	0.642149	0.62415	0.615548	0.625614	0.625614	
0.72173	0.751527	0.754268	0.754799	0.773502	0.813028	0.873528	0.958311	1.03453	1.08614	1.10463	1.1022	1.08044	1.03762	0.969062	0.886383	0.789861	0.676943	0.551837	0.422657	0.309461	0.213239	0.134106	0.0786135	0.050122	0.0474476	0.0503208	0.042912	0.0389939	0.0514367	0.0819896	0.113325	0.140772	0.17935	0.231587	0.280831	0.337089	0.406488	0.471608	0.511613	0.534967	0.55648	0.563971	0.564387	0.561957	0.54928	0.521823	0.50467	0.50985	0.50985	
0.683573	0.731796	0.754004	0.773761	0.805314	0.843725	0.895586	0.971274	1.03925	1.08356	1.09091	1.08044	1.05966	1.01538	0.945574	0.854047	0.739083	0.604404	0.452919	0.303328	0.175229	0.0730601	0.0011756	-0.0420008	-0.0536707	-0.0446547	-0.028062	-0.0138704	0.00747783	0.0421941	0.08747	0.137192	0.185884	0.242647	0.305467	0.352886	0.39219	0.427556	0.452148	0.455209	0.452421	0.467648	0.476005	0.474731	0.469604	0.450223	0.41723	0.39416	0.39083	0.39083	
0.624951	0.680249	0.721342	0.763748	0.801607	0.84294	0.895968	0.960081	1.01732	1.05274	1.05169	1.03762	1.01538	0.974416	0.904152	0.803049	0.672991	0.51746	0.347418	0.18303	0.0467018	-0.0582994	-0.122148	-0.152229	-0.154022	-0.135146	-0.107479	-0.0681663	-0.0174992	0.0424212	0.112226	0.182744	0.249372	0.316858	0.380862	0.422695	0.439048	0.438219	0.425935	0.399085	0.381792	0.382932	0.382724	0.375957	0.358303	0.337312	0.305854	0.279278	0.273618	0.273618	
0.554685	0.611714	0.663485	0.716622	0.770965	0.822828	0.876103	0.930557	0.972138	0.99054	0.983182	0.969062	0.945574	0.904152	0.830887	0.719122	0.574262	0.406211	0.232649	0.0647914	-0.0734604	-0.176024	-0.236027	-0.257084	-0.251612	-0.219694	-0.172917	-0.108008	-0.0244032	0.0649061	0.160595	0.250946	0.327037	0.395729	0.451623	0.480299	0.474532	0.441992	0.40271	0.359953	0.327755	0.313869	0.299096	0.274617	0.246737	0.219759	0.189668	0.167799	0.156283	0.156283	
0.488112	0.542682	0.59787	0.660013	0.726091	0.787398	0.842463	0.882328	0.906214	0.914478	0.905015	0.886383	0.854047	0.803049	0.719122	0.594065	0.446934	0.282608	0.114258	-0.0440375	-0.179709	-0.278578	-0.334759	-0.349745	-0.332852	-0.286699	-0.222429	-0.132473	-0.0233037	0.0962862	0.214846	0.315644	0.400849	0.4623	0.503729	0.514658	0.489178	0.442415	0.38811	0.335493	0.291891	0.260543	0.229971	0.189643	0.148231	0.116654	0.0909823	0.0701961	0.0561367	0.0561367	
0.44375	0.498806	0.554857	0.614566	0.679542	0.741851	0.795401	0.82621	0.840565	0.836538	0.820082	0.789861	0.739083	0.672991	0.574262	0.446934	0.304984	0.154387	0.00527177	-0.135626	-0.260887	-0.351054	-0.403887	-0.412666	-0.386133	-0.331172	-0.254757	-0.148711	-0.015288	0.123709	0.253434	0.359971	0.449002	0.506175	0.530558	0.523506	0.487805	0.439682	0.377923	0.313472	0.256467	0.210157	0.168561	0.120102	0.0733343	0.0430007	0.0266335	0.00783623	-0.00671154	-0.00671154	
0.434308	0.492508	0.539496	0.582043	0.641732	0.708271	0.75445	0.777284	0.777755	0.757816	0.726168	0.676943	0.604404	0.51746	0.406211	0.282608	0.154387	0.0297032	-0.0864879	-0.200749	-0.308515	-0.39168	-0.441247	-0.44651	-0.414015	-0.35689	-0.269425	-0.1475	0.00224615	0.151633	0.27709	0.382194	0.470337	0.525848	0.537214	0.517963	0.483796	0.438103	0.371769	0.293743	0.220939	0.163136	0.11605	0.0637759	0.0207315	-0.00389214	-0.0150512	-0.0284704	-0.0458588	-0.0458588	
0.450741	0.507355	0.544313	0.57919	0.630395	0.690102	0.730804	0.742959	0.725005	0.68503	0.632157	0.551837	0.452919	0.347418	0.232649	0.114258	0.00527177	-0.0864879	-0.169057	-0.252998	-0.340851	-0.412515	-0.45565	-0.457286	-0.422607	-0.364269	-0.266415	-0.128839	0.0302545	0.183425	0.299951	0.395614	0.478658	0.527635	0.535425	0.512667	0.482312	0.442538	0.371578	0.285723	0.202047	0.133206	0.0785568	0.0228906	-0.0180977	-0.0411972	-0.0517954	-0.0672756	-0.0854669	-0.0854669	
0.467414	0.528176	0.56443	0.592758	0.638793	0.690804	0.716914	0.709707	0.6775	0.617186	0.533923	0.422657	0.303328	0.18303	0.0647914	-0.0440375	-0.135626	-0.200749	-0.252998	-0.308411	-0.371346	-0.421134	-0.447343	-0.442649	-0.405243	-0.343542	-0.241769	-0.101473	0.0601878	0.213095	0.323508	0.410275	0.480957	0.525763	0.535201	0.514918	0.484083	0.442902	0.371256	0.283877	0.196722	0.117891	0.0524141	-0.00869819	-0.0492385	-0.072726	-0.0848643	-0.102029	-0.119233	-0.119233	
0.476859	0.546697	0.593806	0.62459	0.660632	0.690401	0.694112	0.667939	0.620355	0.54362	0.439904	0.309461	0.175229	0.0467018	-0.0734604	-0.179709	-0.260887	-0.308515	-0.340851	-0.371346	-0.400201	-0.41815	-0.421915	-0.402975	-0.35946	-0.297829	-0.2056	-0.0793068	0.0722705	0.220486	0.328691	0.407003	0.467256	0.514915	0.532958	0.520013	0.488411	0.443486	0.376401	0.294424	0.207557	0.118669	0.0395086	-0.0320687	-0.0758023	-0.0979922	-0.109352	-0.121489	-0.135194	-0.135194	
0.468858	0.553756	0.618021	0.660761	0.683735	0.684406	0.660517	0.61221	0.552376	0.466859	0.352505	0.213239	0.0730601	-0.0582994	-0.176024	-0.278578	-0.351054	-0.39168	-0.412515	-0.421134	-0.41815	-0.402622	-0.379636	-0.342716	-0.29562	-0.2408	-0.174875	-0.0754019	0.054952	0.191151	0.297705	0.371663	0.433925	0.48815	0.51887	0.513979	0.482679	0.439015	0.380178	0.309568	0.227821	0.136808	0.0474913	-0.0344653	-0.0850367	-0.107692	-0.114874	-0.121091	-0.129582	-0.129582	
0.454133	0.548874	0.62827	0.673443	0.687709	0.667167	0.622408	0.554018	0.479187	0.386587	0.267759	0.134106	0.0011756	-0.122148	-0.236027	-0.334759	-0.403887	-0.441247	-0.45565	-0.447343	-0.421915	-0.379636	-0.331824	-0.280756	-0.231792	-0.189063	-0.145064	-0.0765312	0.025453	0.136179	0.230633	0.305512	0.37583	0.439793	0.480943	0.488308	0.46294	0.428394	0.381715	0.322651	0.252594	0.168418	0.078369	-0.0099463	-0.0695475	-0.0974315	-0.103995	-0.10769	-0.113176	-0.113176	
0.440128	0.532077	0.611044	0.661093	0.66753	0.635438	0.5777	0.499474	0.413596	0.313996	0.199876	0.0786135	-0.0420008	-0.152229	-0.257084	-0.349745	-0.412666	-0.44651	-0.457286	-0.442649	-0.402975	-0.342716	-0.280756	-0.226929	-0.183952	-0.150654	-0.122304	-0.0743091	-0.00664362	0.0677102	0.145753	0.218988	0.296404	0.368467	0.420113	0.443059	0.43679	0.416292	0.382326	0.334226	0.274283	0.202356	0.119467	0.0342706	-0.0327737	-0.0684357	-0.0812244	-0.0901034	-0.0946543	-0.0946543	
0.415968	0.503692	0.573475	0.616803	0.620109	0.586801	0.524797	0.445356	0.35157	0.255167	0.153325	0.050122	-0.0536707	-0.154022	-0.251612	-0.332852	-0.386133	-0.414015	-0.422607	-0.405243	-0.35946	-0.29562	-0.231792	-0.183952	-0.14488	-0.11471	-0.0910049	-0.0666827	-0.0389286	-0.00228051	0.0528506	0.125787	0.208903	0.288445	0.352218	0.391983	0.402182	0.391038	0.365779	0.32377	0.273402	0.218522	0.154904	0.0867585	0.026609	-0.014403	-0.0415742	-0.0576973	-0.0679299	-0.0679299	
0.383754	0.466767	0.523125	0.555148	0.54938	0.511166	0.451712	0.380435	0.298131	0.216361	0.134606	0.0474476	-0.0446547	-0.135146	-0.219694	-0.286699	-0.331172	-0.35689	-0.364269	-0.343542	-0.297829	-0.2408	-0.189063	-0.150654	-0.11471	-0.0856547	-0.0675149	-0.0663496	-0.0719737	-0.0680188	-0.0356321	0.0267029	0.104941	0.186787	0.264492	0.324162	0.355596	0.363477	0.351594	0.319234	0.276574	0.233091	0.185875	0.139461	0.0922357	0.0495891	0.0115967	-0.0179959	-0.0315834	-0.0315834	
0.335083	0.407221	0.449427	0.472871	0.460867	0.419858	0.362765	0.305314	0.240917	0.182589	0.122175	0.0503208	-0.028062	-0.107479	-0.172917	-0.222429	-0.254757	-0.269425	-0.266415	-0.241769	-0.2056	-0.174875	-0.145064	-0.122304	-0.0910049	-0.0675149	-0.0646111	-0.0831568	-0.117434	-0.138848	-0.12767	-0.080919	-0.0140415	0.0675201	0.154503	0.230323	0.285987	0.319416	0.332298	0.3207	0.295905	0.267361	0.235716	0.205777	0.168289	0.123015	0.0695697	0.0232834	0.00220252	0.00220252	
0.270711	0.323767	0.353128	0.363442	0.347982	0.307111	0.261194	0.223244	0.182277	0.142068	0.0981037	0.042912	-0.0138704	-0.0681663	-0.108008	-0.132473	-0.148711	-0.1475	-0.128839	-0.101473	-0.0793068	-0.0754019	-0.0765312	-0.0743091	-0.0666827	-0.0663496	-0.0831568	-0.124733	-0.176964	-0.217816	-0.225257	-0.195208	-0.146055	-0.0733814	0.0120695	0.101297	0.185297	0.252302	0.302541	0.324445	0.328762	0.323742	0.304678	0.279004	0.24695	0.198005	0.131723	0.0782316	0.0487424	0.0487424	
0.204036	0.227518	0.234749	0.234069	0.214637	0.183093	0.160592	0.14309	0.123848	0.101957	0.0735927	0.0389939	0.00747783	-0.0174992	-0.0244032	-0.0233037	-0.015288	0.00224615	0.0302545	0.0601878	0.0722705	0.054952	0.025453	-0.00664362	-0.0389286	-0.0719737	-0.117434	-0.176964	-0.246264	-0.302015	-0.321811	-0.310303	-0.279977	-0.228401	-0.149995	-0.050018	0.0594498	0.166043	0.252127	0.311701	0.355741	0.377544	0.371554	0.350309	0.31693	0.269569	0.208052	0.153987	0.131063	0.131063	
0.12841	0.121692	0.106996	0.0896847	0.0760126	0.0631272	0.0651066	0.0727622	0.0777028	0.0758942	0.0647844	0.0514367	0.0421941	0.0424212	0.0649061	0.0962862	0.123709	0.151633	0.183425	0.213095	0.220486	0.191151	0.136179	0.0677102	-0.00228051	-0.0680188	-0.138848	-0.217816	-0.302015	-0.370539	-0.399933	-0.405174	-0.399584	-0.370911	-0.308807	-0.207507	-0.082088	0.0482791	0.162929	0.259813	0.343596	0.402927	0.423441	0.412364	0.388498	0.346816	0.296476	0.259432	0.246348	0.246348	
0.0415524	0.00753395	-0.0225319	-0.0467513	-0.0601705	-0.0565489	-0.0295013	0.0052295	0.0436145	0.0698292	0.0812184	0.0819896	0.08747	0.112226	0.160595	0.214846	0.253434	0.27709	0.299951	0.323508	0.328691	0.297705	0.230633	0.145753	0.0528506	-0.0356321	-0.12767	-0.225257	-0.321811	-0.399933	-0.444398	-0.474834	-0.501072	-0.503421	-0.463084	-0.368947	-0.236325	-0.0888884	0.0539232	0.183531	0.305234	0.399391	0.450252	0.463175	0.452319	0.42456	0.391265	0.376842	0.378157	0.378157	
-0.0531817	-0.103395	-0.145335	-0.170657	-0.175837	-0.153143	-0.10423	-0.0461916	0.0150877	0.0645814	0.0940448	0.113325	0.137192	0.182744	0.250946	0.315644	0.359971	0.382194	0.395614	0.410275	0.407003	0.371663	0.305512	0.218988	0.125787	0.0267029	-0.080919	-0.195208	-0.310303	-0.405174	-0.474834	-0.535759	-0.586931	-0.615317	-0.594555	-0.513759	-0.388765	-0.233469	-0.0740221	0.0845921	0.237115	0.363976	0.453046	0.50207	0.517539	0.507391	0.494218	0.493507	0.504379	0.504379	
-0.143281	-0.204141	-0.247104	-0.267333	-0.258926	-0.215848	-0.152594	-0.0792815	-0.00317991	0.0579057	0.1044	0.140772	0.185884	0.249372	0.327037	0.400849	0.449002	0.470337	0.478658	0.480957	0.467256	0.433925	0.37583	0.296404	0.208903	0.104941	-0.0140415	-0.146055	-0.279977	-0.399584	-0.501072	-0.586931	-0.661606	-0.706769	-0.703947	-0.64193	-0.527239	-0.376493	-0.206996	-0.0275419	0.145933	0.296884	0.421579	0.511982	0.566845	0.59118	0.604885	0.621767	0.634934	0.634934	
-0.237183	-0.29901	-0.333124	-0.333832	-0.306372	-0.243075	-0.165196	-0.0847281	-0.00736089	0.0613353	0.125042	0.17935	0.242647	0.316858	0.395729	0.4623	0.506175	0.525848	0.527635	0.525763	0.514915	0.48815	0.439793	0.368467	0.288445	0.186787	0.0675201	-0.0733814	-0.228401	-0.370911	-0.503421	-0.615317	-0.706769	-0.769054	-0.785869	-0.744157	-0.650387	-0.519423	-0.353556	-0.166006	0.0224847	0.193843	0.351546	0.490021	0.594755	0.669844	0.724235	0.76251	0.778577	0.778577	
-0.340534	-0.383139	-0.393646	-0.367081	-0.31199	-0.23094	-0.146798	-0.063387	0.0163448	0.0891806	0.162716	0.231587	0.305467	0.380862	0.451623	0.503729	0.530558	0.537214	0.535425	0.535201	0.532958	0.51887	0.480943	0.420113	0.352218	0.264492	0.154503	0.0120695	-0.149995	-0.308807	-0.463084	-0.594555	-0.703947	-0.785869	-0.823442	-0.808353	-0.746267	-0.647899	-0.50667	-0.323098	-0.129009	0.0586457	0.248547	0.433544	0.593018	0.724235	0.830663	0.898981	0.925148	0.925148	
-0.437899	-0.450035	-0.420364	-0.361277	-0.285239	-0.194487	-0.102635	-0.0141506	0.0651646	0.139446	0.213059	0.280831	0.352886	0.422695	0.480299	0.514658	0.523506	0.517963	0.512667	0.514918	0.520013	0.513979	0.488308	0.443059	0.391983	0.324162	0.230323	0.101297	-0.050018	-0.207507	-0.368947	-0.513759	-0.64193	-0.744157	-0.808353	-0.824628	-0.799189	-0.744567	-0.639825	-0.479047	-0.292379	-0.0975058	0.118521	0.344678	0.552039	0.737868	0.897487	1.007	1.05249	1.05249	
-0.51474	-0.49042	-0.425921	-0.339963	-0.242127	-0.136127	-0.0301383	0.0652522	0.144137	0.212362	0.2775	0.337089	0.39219	0.439048	0.474532	0.489178	0.487805	0.483796	0.482312	0.484083	0.488411	0.482679	0.46294	0.43679	0.402182	0.355596	0.285987	0.185297	0.0594498	-0.082088	-0.236325	-0.388765	-0.527239	-0.650387	-0.746267	-0.799189	-0.815006	-0.807199	-0.744362	-0.61651	-0.449609	-0.251594	-0.0175541	0.240575	0.486173	0.712042	0.915844	1.06343	1.13096	1.13096	
-0.575917	-0.527297	-0.436132	-0.322173	-0.192239	-0.0574558	0.0711234	0.177248	0.254976	0.317263	0.365772	0.406488	0.427556	0.438219	0.441992	0.442415	0.439682	0.438103	0.442538	0.442902	0.443486	0.439015	0.428394	0.416292	0.391038	0.363477	0.319416	0.252302	0.166043	0.0482791	-0.0888884	-0.233469	-0.376493	-0.519423	-0.647899	-0.744567	-0.807199	-0.841291	-0.822191	-0.731042	-0.584924	-0.392757	-0.148172	0.132752	0.405079	0.661327	0.894045	1.06531	1.14964	1.14964	
-0.615029	-0.554247	-0.438993	-0.29491	-0.129396	0.0396244	0.196814	0.31462	0.387787	0.438186	0.462848	0.471608	0.452148	0.425935	0.40271	0.38811	0.377923	0.371769	0.371578	0.371256	0.376401	0.380178	0.381715	0.382326	0.365779	0.351594	0.332298	0.302541	0.252127	0.162929	0.0539232	-0.0740221	-0.206996	-0.353556	-0.50667	-0.639825	-0.744362	-0.822191	-0.845159	-0.792638	-0.67809	-0.502549	-0.267078	0.0150404	0.302782	0.574657	0.817439	0.993787	1.08171	1.08171	
-0.624263	-0.548389	-0.411777	-0.239609	-0.0442343	0.153588	0.328504	0.453211	0.521573	0.549463	0.541074	0.511613	0.455209	0.399085	0.359953	0.335493	0.313472	0.293743	0.285723	0.283877	0.294424	0.309568	0.322651	0.334226	0.32377	0.319234	0.3207	0.324445	0.311701	0.259813	0.183531	0.0845921	-0.0275419	-0.166006	-0.323098	-0.479047	-0.61651	-0.731042	-0.792638	-0.782879	-0.705619	-0.56308	-0.362079	-0.103456	0.173419	0.438986	0.667382	0.827134	0.906108	0.906108	
-0.605685	-0.503671	-0.340813	-0.148023	0.0601315	0.266842	0.448265	0.572048	0.62723	0.635023	0.595305	0.534967	0.452421	0.381792	0.327755	0.291891	0.256467	0.220939	0.202047	0.196722	0.207557	0.227821	0.252594	0.274283	0.273402	0.276574	0.295905	0.328762	0.355741	0.343596	0.305234	0.237115	0.145933	0.0224847	-0.129009	-0.292379	-0.449609	-0.584924	-0.67809	-0.705619	-0.666631	-0.567932	-0.414356	-0.206082	0.0292281	0.25805	0.446058	0.572621	0.635981	0.635981	
-0.544606	-0.418386	-0.233353	-0.0250501	0.186687	0.389164	0.555402	0.659611	0.696277	0.682302	0.630771	0.55648	0.467648	0.382932	0.313869	0.260543	0.210157	0.163136	0.133206	0.117891	0.118669	0.136808	0.168418	0.202356	0.218522	0.233091	0.267361	0.323742	0.377544	0.402927	0.399391	0.363976	0.296884	0.193843	0.0586457	-0.0975058	-0.251594	-0.392757	-0.502549	-0.56308	-0.567932	-0.51677	-0.424817	-0.289148	-0.123969	0.0365469	0.165817	0.253516	0.300006	0.300006	
-0.450746	-0.301516	-0.0998281	0.119787	0.330888	0.517576	0.653058	0.72381	0.732078	0.698579	0.64021	0.563971	0.476005	0.382724	0.299096	0.229971	0.168561	0.11605	0.0785568	0.0524141	0.0395086	0.0474913	0.078369	0.119467	0.154904	0.185875	0.235716	0.304678	0.371554	0.423441	0.450252	0.453046	0.421579	0.351546	0.248547	0.118521	-0.0175541	-0.148172	-0.267078	-0.362079	-0.414356	-0.424817	-0.406969	-0.360906	-0.290977	-0.216557	-0.157479	-0.111051	-0.0810692	-0.0810692	
-0.326427	-0.162636	0.0466809	0.267784	0.468347	0.628854	0.73	0.766202	0.75101	0.704531	0.642719	0.564387	0.474731	0.375957	0.274617	0.189643	0.120102	0.0637759	0.0228906	-0.00869819	-0.0320687	-0.0344653	-0.0099463	0.0342706	0.0867585	0.139461	0.205777	0.279004	0.350309	0.412364	0.463175	0.50207	0.511982	0.490021	0.433544	0.344678	0.240575	0.132752	0.0150404	-0.103456	-0.206082	-0.289148	-0.360906	-0.423719	-0.464471	-0.490283	-0.508911	-0.511594	-0.503542	-0.503542	
-0.191482	-0.0221292	0.182572	0.394812	0.580447	0.716233	0.786331	0.799951	0.772594	0.714961	0.647715	0.561957	0.469604	0.358303	0.246737	0.148231	0.0733343	0.0207315	-0.0180977	-0.0492385	-0.0758023	-0.0850367	-0.0695475	-0.0327737	0.026609	0.0922357	0.168289	0.24695	0.31693	0.388498	0.452319	0.517539	0.566845	0.594755	0.593018	0.552039	0.486173	0.405079	0.302782	0.173419	0.0292281	-0.123969	-0.290977	-0.464471	-0.619052	-0.750129	-0.854096	-0.918108	-0.943655	-0.943655	
-0.062865	0.114707	0.312225	0.508857	0.675073	0.784413	0.830776	0.82709	0.788533	0.722302	0.642149	0.54928	0.450223	0.337312	0.219759	0.116654	0.0430007	-0.00389214	-0.0411972	-0.072726	-0.0979922	-0.107692	-0.0974315	-0.0684357	-0.014403	0.0495891	0.123015	0.198005	0.269569	0.346816	0.42456	0.507391	0.59118	0.669844	0.724235	0.737868	0.712042	0.661327	0.574657	0.438986	0.25805	0.0365469	-0.216557	-0.490283	-0.750129	-0.978337	-1.16625	-1.2955	-1.35857	-1.35857	
0.0563255	0.238617	0.428574	0.612303	0.760166	0.843898	0.864976	0.843172	0.79442	0.716891	0.62415	0.521823	0.41723	0.305854	0.189668	0.0909823	0.0266335	-0.0150512	-0.0517954	-0.0848643	-0.109352	-0.114874	-0.103995	-0.0812244	-0.0415742	0.0115967	0.0695697	0.131723	0.208052	0.296476	0.391265	0.494218	0.604885	0.724235	0.830663	0.897487	0.915844	0.894045	0.817439	0.667382	0.446058	0.165817	-0.157479	-0.508911	-0.854096	-1.16625	-1.4256	-1.61119	-1.7071	-1.7071	
0.135847	0.333501	0.52446	0.694805	0.821736	0.879813	0.880323	0.851021	0.800215	0.719628	0.615548	0.50467	0.39416	0.279278	0.167799	0.0701961	0.00783623	-0.0284704	-0.0672756	-0.102029	-0.121489	-0.121091	-0.10769	-0.0901034	-0.0576973	-0.0179959	0.0232834	0.0782316	0.153987	0.259432	0.376842	0.493507	0.621767	0.76251	0.898981	1.007	1.06343	1.06531	0.993787	0.827134	0.572621	0.253516	-0.111051	-0.511594	-0.918108	-1.2955	-1.61119	-1.83936	-1.95884	-1.95884	
0.175741	0.382823	0.574959	0.73825	0.850579	0.891148	0.881199	0.851033	0.806915	0.731661	0.625614	0.50985	0.39083	0.273618	0.156283	0.0561367	-0.00671154	-0.0458588	-0.0854669	-0.119233	-0.135194	-0.129582	-0.113176	-0.0946543	-0.0679299	-0.0315834	0.00220252	0.0487424	0.131063	0.246348	0.378157	0.504379	0.634934	0.778577	0.925148	1.05249	1.13096	1.14964	1.08171	0.906108	0.635981	0.300006	-0.0810692	-0.503542	-0.943655	-1.35857	-1.7071	-1.95884	-2.09074	-2.09074	
0.175741	0.382823	0.574959	0.73825	0.850579	0.891148	0.881199	0.851033	0.806915	0.731661	0.625614	0.50985	0.39083	0.273618	0.156283	0.0561367	-0.00671154	-0.0458588	-0.0854669	-0.119233	-0.135194	-0.129582	-0.113176	-0.0946543	-0.0679299	-0.0315834	0.00220252	0.0487424	0.131063	0.246348	0.378157	0.504379	0.634934	0.778577	0.925148	1.05249	1.13096	1.14964	1.08171	0.906108	0.635981	0.300006	-0.0810692	-0.503542	-0.943655	-1.35857	-1.7071	-1.95884	-2.09074	-2.09074	
