-0.294708	-0.294708	-0.0343097	0.517433	0.787899	-0.168511	
-0.294708	-0.294708	-0.0343097	0.517433	0.787899	-0.168511	
-0.0343097	-0.0343097	-0.285829	-0.369895	0.0539263	-0.163884	
0.517433	0.517433	-0.369895	-0.74295	-0.164271	0.362533	
0.787899	0.787899	0.0539263	-0.164271	1.0359	0.743196	
-0.168511	-0.168511	-0.163884	0.362533	0.743196	-0.357454	
