-0.912944	-0.929954	-0.908295	-0.851127	-0.766099	-0.649505	-0.511128	-0.351857	-0.173329	-0.00959966	0.118322	0.200672	0.223509	0.182512	0.0980025	-0.0244073	-0.176532	-0.319993	-0.418287	-0.461516	-0.451471	-0.391191	-0.283717	-0.151686	-0.0200891	0.101741	0.205335	0.267302	0.282582	0.26877	0.234334	0.200592	0.191636	0.220093	0.271676	0.343869	0.422567	0.471417	0.490724	0.469784	0.404106	0.298851	0.164958	0.0323422	-0.101449	-0.227653	-0.316269	-0.374447	-0.411991	-0.411991	
-0.929954	-0.942177	-0.922326	-0.873109	-0.800852	-0.705382	-0.59064	-0.445639	-0.273756	-0.114741	0.0222499	0.124609	0.168085	0.15384	0.0921562	-0.0123966	-0.140171	-0.267997	-0.356086	-0.390493	-0.384382	-0.330559	-0.225127	-0.108627	0.00413284	0.111667	0.187855	0.220484	0.205795	0.161321	0.112621	0.0715983	0.058984	0.0944394	0.161052	0.25072	0.350378	0.430089	0.476931	0.479442	0.443179	0.366553	0.255781	0.13979	0.0266192	-0.0749858	-0.152015	-0.203493	-0.229894	-0.229894	
-0.908295	-0.922326	-0.910893	-0.868682	-0.817866	-0.758567	-0.674826	-0.552468	-0.399926	-0.244714	-0.0994503	0.0212957	0.0944526	0.115704	0.0845801	0.00863471	-0.0938692	-0.19992	-0.27883	-0.3119	-0.305011	-0.252555	-0.155538	-0.0530737	0.0462252	0.125831	0.165861	0.157916	0.105649	0.0324691	-0.0369598	-0.0846313	-0.0948554	-0.0499098	0.0358212	0.146883	0.260386	0.3623	0.438821	0.463755	0.45157	0.41248	0.348054	0.267254	0.186902	0.117453	0.0552894	0.0115118	-0.0106147	-0.0106147	
-0.851127	-0.873109	-0.868682	-0.853017	-0.836801	-0.810909	-0.756765	-0.656806	-0.522395	-0.368431	-0.219712	-0.0908323	0.00847779	0.063414	0.0602561	0.0174169	-0.0558644	-0.144702	-0.215179	-0.246534	-0.233094	-0.17816	-0.090676	0.00208955	0.0785193	0.125992	0.133326	0.0856501	0.00707458	-0.088644	-0.180556	-0.236994	-0.245937	-0.191666	-0.0931744	0.0365569	0.17092	0.288386	0.380689	0.433006	0.451969	0.44621	0.42873	0.394672	0.356698	0.321364	0.279489	0.252155	0.23758	0.23758	
-0.766099	-0.800852	-0.817866	-0.836801	-0.859343	-0.856845	-0.822282	-0.738497	-0.621049	-0.479881	-0.334351	-0.201875	-0.0817432	-0.00106406	0.0211435	0.0029119	-0.0510561	-0.126749	-0.187787	-0.21296	-0.184874	-0.122797	-0.0448828	0.0387432	0.0955305	0.11452	0.0926493	0.0184811	-0.0808298	-0.193317	-0.297746	-0.356175	-0.362007	-0.307348	-0.20288	-0.0644232	0.0838545	0.215205	0.321777	0.402142	0.458299	0.489516	0.503075	0.507349	0.50744	0.503167	0.494253	0.488846	0.487658	0.487658	
-0.649505	-0.705382	-0.758567	-0.810909	-0.856845	-0.871383	-0.857358	-0.798142	-0.696407	-0.571792	-0.441665	-0.305332	-0.171487	-0.078785	-0.0427217	-0.0475158	-0.0938536	-0.159726	-0.206472	-0.214384	-0.168915	-0.098294	-0.0246457	0.0533428	0.0989144	0.0962426	0.055293	-0.0332022	-0.151803	-0.275264	-0.379284	-0.439737	-0.442026	-0.379015	-0.271324	-0.135367	0.0171699	0.161874	0.290888	0.395848	0.475233	0.538849	0.577764	0.60567	0.629196	0.646026	0.668043	0.682984	0.690229	0.690229	
-0.511128	-0.59064	-0.674826	-0.756765	-0.822282	-0.857358	-0.857118	-0.823607	-0.748253	-0.648026	-0.530535	-0.40126	-0.272249	-0.175107	-0.130435	-0.131767	-0.175603	-0.224828	-0.256567	-0.246078	-0.183654	-0.100576	-0.0265106	0.0453212	0.0836169	0.0645371	0.00880329	-0.0860287	-0.207819	-0.332079	-0.429056	-0.480171	-0.470368	-0.404081	-0.294621	-0.15023	0.00695715	0.162489	0.30377	0.424564	0.51637	0.583395	0.635504	0.677905	0.714296	0.744224	0.77756	0.80458	0.814819	0.814819	
-0.351857	-0.445639	-0.552468	-0.656806	-0.738497	-0.798142	-0.823607	-0.811774	-0.774107	-0.705005	-0.609927	-0.498435	-0.384281	-0.292833	-0.251933	-0.253376	-0.284378	-0.318649	-0.324687	-0.287029	-0.213992	-0.128158	-0.046597	0.0197255	0.0472808	0.0241656	-0.038166	-0.13669	-0.253987	-0.366516	-0.449511	-0.482201	-0.460499	-0.387833	-0.261549	-0.101537	0.0643746	0.22508	0.363726	0.481669	0.570914	0.63207	0.683169	0.724982	0.763193	0.792329	0.815257	0.835726	0.840614	0.840614	
-0.173329	-0.273756	-0.399926	-0.522395	-0.621049	-0.696407	-0.748253	-0.774107	-0.774271	-0.738177	-0.676694	-0.596365	-0.508447	-0.432211	-0.397464	-0.39434	-0.403998	-0.41202	-0.390416	-0.328109	-0.24582	-0.158962	-0.0701574	-0.0159375	-0.00177201	-0.0259958	-0.0902376	-0.185256	-0.291226	-0.384061	-0.450664	-0.465439	-0.423517	-0.323783	-0.176231	-0.00535468	0.173871	0.33576	0.466675	0.561817	0.628763	0.681572	0.71662	0.742222	0.764735	0.779562	0.790394	0.796286	0.796891	0.796891	
-0.00959966	-0.114741	-0.244714	-0.368431	-0.479881	-0.571792	-0.648026	-0.705005	-0.738177	-0.744963	-0.724835	-0.684827	-0.630868	-0.57925	-0.539028	-0.525002	-0.515122	-0.490425	-0.440196	-0.35985	-0.26908	-0.17528	-0.0934239	-0.0508119	-0.0475935	-0.0775929	-0.140274	-0.225864	-0.317855	-0.394397	-0.438696	-0.431071	-0.362404	-0.234255	-0.064446	0.11919	0.297542	0.447642	0.566814	0.648527	0.694911	0.726764	0.737049	0.736668	0.735349	0.725062	0.718002	0.714947	0.711087	0.711087	
0.118322	0.0222499	-0.0994503	-0.219712	-0.334351	-0.441665	-0.530535	-0.609927	-0.676694	-0.724835	-0.753575	-0.757973	-0.736129	-0.705749	-0.666254	-0.633799	-0.604397	-0.550212	-0.470652	-0.37553	-0.272244	-0.172178	-0.102558	-0.0680818	-0.0732733	-0.111034	-0.168922	-0.249587	-0.334672	-0.396603	-0.419246	-0.389721	-0.292856	-0.144245	0.0373729	0.230092	0.399288	0.541876	0.65072	0.715403	0.751388	0.759304	0.738484	0.714047	0.686746	0.654723	0.633906	0.620116	0.612196	0.612196	
0.200672	0.124609	0.0212957	-0.0908323	-0.201875	-0.305332	-0.40126	-0.498435	-0.596365	-0.684827	-0.757973	-0.800649	-0.805656	-0.785402	-0.754711	-0.714882	-0.664802	-0.586265	-0.483734	-0.367477	-0.253694	-0.156236	-0.092779	-0.0668043	-0.0741832	-0.113532	-0.173765	-0.259407	-0.340213	-0.389383	-0.393615	-0.339883	-0.224211	-0.0631209	0.118249	0.304431	0.470103	0.610122	0.705495	0.749918	0.769315	0.756275	0.71442	0.671214	0.628653	0.585742	0.557371	0.540424	0.526352	0.526352	
0.223509	0.168085	0.0944526	0.00847779	-0.0817432	-0.171487	-0.272249	-0.384281	-0.508447	-0.630868	-0.736129	-0.805656	-0.835272	-0.824272	-0.797418	-0.752926	-0.682337	-0.587635	-0.472153	-0.339195	-0.215583	-0.118239	-0.0529962	-0.0305804	-0.0455912	-0.0947497	-0.168829	-0.256834	-0.328333	-0.367378	-0.357535	-0.285908	-0.163192	0.000712714	0.182265	0.356364	0.511939	0.637445	0.714976	0.749312	0.748222	0.716596	0.668095	0.616186	0.568985	0.52045	0.485706	0.469043	0.452057	0.452057	
0.182512	0.15384	0.115704	0.063414	-0.00106406	-0.078785	-0.175107	-0.292833	-0.432211	-0.57925	-0.705749	-0.785402	-0.824272	-0.829015	-0.805794	-0.755278	-0.666155	-0.546649	-0.408361	-0.260976	-0.124805	-0.0273978	0.0244658	0.0410681	0.0142672	-0.0530643	-0.141331	-0.225476	-0.296985	-0.33356	-0.309501	-0.236207	-0.116355	0.0392136	0.217648	0.388418	0.529806	0.637339	0.693483	0.712965	0.698299	0.657165	0.606273	0.54819	0.497205	0.44827	0.409213	0.388135	0.371262	0.371262	
0.0980025	0.0921562	0.0845801	0.0602561	0.0211435	-0.0427217	-0.130435	-0.251933	-0.397464	-0.539028	-0.666254	-0.754711	-0.797418	-0.805794	-0.784774	-0.718557	-0.601127	-0.453266	-0.287528	-0.116633	0.0307308	0.125217	0.164865	0.162805	0.111133	0.02394	-0.0759557	-0.165183	-0.235787	-0.272352	-0.258194	-0.197857	-0.0834189	0.0633686	0.228726	0.390477	0.519532	0.610523	0.652875	0.65512	0.625318	0.577533	0.521643	0.458985	0.403715	0.356887	0.318027	0.29103	0.277005	0.277005	
-0.0244073	-0.0123966	0.00863471	0.0174169	0.0029119	-0.0475158	-0.131767	-0.253376	-0.39434	-0.525002	-0.633799	-0.714882	-0.752926	-0.755278	-0.718557	-0.627597	-0.482032	-0.301868	-0.111257	0.08304	0.2433	0.340007	0.367636	0.340629	0.264574	0.152742	0.0377408	-0.0663007	-0.152507	-0.206406	-0.211885	-0.158553	-0.0538765	0.0805098	0.229645	0.369075	0.477727	0.546638	0.578267	0.572586	0.531011	0.474736	0.41355	0.350553	0.290453	0.24411	0.206633	0.174035	0.166129	0.166129	
-0.176532	-0.140171	-0.0938692	-0.0558644	-0.0510561	-0.0938536	-0.175603	-0.284378	-0.403998	-0.515122	-0.604397	-0.664802	-0.682337	-0.666155	-0.601127	-0.482032	-0.308038	-0.0907054	0.136832	0.353443	0.520608	0.609555	0.617013	0.5647	0.466344	0.328975	0.186048	0.0506473	-0.0706509	-0.145194	-0.164819	-0.122881	-0.0343067	0.0817987	0.216751	0.332738	0.419489	0.46795	0.479962	0.461193	0.41081	0.350371	0.282651	0.214333	0.153088	0.108796	0.0768435	0.0489796	0.0458085	0.0458085	
-0.319993	-0.267997	-0.19992	-0.144702	-0.126749	-0.159726	-0.224828	-0.318649	-0.41202	-0.490425	-0.550212	-0.586265	-0.587635	-0.546649	-0.453266	-0.301868	-0.0907054	0.168572	0.434312	0.667341	0.83368	0.90971	0.898077	0.816918	0.688472	0.525749	0.346461	0.175725	0.0252202	-0.0753057	-0.11658	-0.0986439	-0.0265426	0.0708775	0.17889	0.274072	0.340162	0.370908	0.366453	0.333161	0.278266	0.213827	0.14306	0.0732239	0.0111343	-0.0354583	-0.0676978	-0.090366	-0.09638	-0.09638	
-0.418287	-0.356086	-0.27883	-0.215179	-0.187787	-0.206472	-0.256567	-0.324687	-0.390416	-0.440196	-0.470652	-0.483734	-0.472153	-0.408361	-0.287528	-0.111257	0.136832	0.434312	0.728768	0.971039	1.13019	1.19704	1.17168	1.06453	0.907565	0.720148	0.504389	0.300261	0.12893	0.00194849	-0.0645181	-0.0727233	-0.0264879	0.0480518	0.132003	0.205242	0.249948	0.267769	0.250225	0.205823	0.145236	0.0702312	-0.00281784	-0.0691751	-0.127304	-0.176213	-0.214354	-0.237132	-0.252363	-0.252363	
-0.461516	-0.390493	-0.3119	-0.246534	-0.21296	-0.214384	-0.246078	-0.287029	-0.328109	-0.35985	-0.37553	-0.367477	-0.339195	-0.260976	-0.116633	0.08304	0.353443	0.667341	0.971039	1.21294	1.3641	1.42615	1.39325	1.27238	1.09132	0.873997	0.633502	0.405196	0.214112	0.0701172	-0.0091508	-0.0346427	-0.0149035	0.0392741	0.101362	0.153465	0.183401	0.186593	0.151739	0.0886958	0.0157381	-0.0695248	-0.150954	-0.217509	-0.271196	-0.316205	-0.351686	-0.373519	-0.391155	-0.391155	
-0.451471	-0.384382	-0.305011	-0.233094	-0.184874	-0.168915	-0.183654	-0.213992	-0.24582	-0.26908	-0.272244	-0.253694	-0.215583	-0.124805	0.0307308	0.2433	0.520608	0.83368	1.13019	1.3641	1.51371	1.57541	1.53868	1.40472	1.20884	0.979115	0.723461	0.481892	0.280039	0.12552	0.0374053	0.00529828	0.017185	0.0594544	0.104551	0.136863	0.14513	0.12642	0.0738745	-0.00267295	-0.0860509	-0.178432	-0.263453	-0.336229	-0.398666	-0.447914	-0.483768	-0.502259	-0.515508	-0.515508	
-0.391191	-0.330559	-0.252555	-0.17816	-0.122797	-0.098294	-0.100576	-0.128158	-0.158962	-0.17528	-0.172178	-0.156236	-0.118239	-0.0273978	0.125217	0.340007	0.609555	0.90971	1.19704	1.42615	1.57541	1.62939	1.58498	1.44582	1.24793	1.01776	0.765931	0.52948	0.328924	0.17769	0.0828625	0.0480224	0.0615732	0.0962018	0.131184	0.151174	0.142748	0.0997423	0.0316491	-0.053478	-0.146612	-0.240768	-0.330724	-0.414694	-0.489783	-0.547337	-0.587411	-0.609779	-0.618667	-0.618667	
-0.283717	-0.225127	-0.155538	-0.090676	-0.0448828	-0.0246457	-0.0265106	-0.046597	-0.0701574	-0.0934239	-0.102558	-0.092779	-0.0529962	0.0244658	0.164865	0.367636	0.617013	0.898077	1.17168	1.39325	1.53868	1.58498	1.53153	1.40156	1.21609	0.991458	0.757473	0.538633	0.346323	0.209296	0.128274	0.0984648	0.107629	0.139398	0.174869	0.189408	0.174869	0.120646	0.0417757	-0.052852	-0.159658	-0.26502	-0.365427	-0.456487	-0.535247	-0.58843	-0.628844	-0.663299	-0.670008	-0.670008	
-0.151686	-0.108627	-0.0530737	0.00208955	0.0387432	0.0533428	0.0453212	0.0197255	-0.0159375	-0.0508119	-0.0680818	-0.0668043	-0.0305804	0.0410681	0.162805	0.340629	0.5647	0.816918	1.06453	1.27238	1.40472	1.44582	1.40156	1.28879	1.12253	0.915361	0.698346	0.49533	0.326818	0.208781	0.142962	0.136108	0.162329	0.202666	0.236939	0.243922	0.222412	0.164623	0.0885655	-0.00724457	-0.125384	-0.241193	-0.343217	-0.431848	-0.508057	-0.559066	-0.60282	-0.6442	-0.653576	-0.653576	
-0.0200891	0.00413284	0.0462252	0.0785193	0.0955305	0.0989144	0.0836169	0.0472808	-0.00177201	-0.0475935	-0.0732733	-0.0741832	-0.0455912	0.0142672	0.111133	0.264574	0.466344	0.688472	0.907565	1.09132	1.20884	1.24793	1.21609	1.12253	0.974402	0.790496	0.595272	0.415114	0.271633	0.173972	0.136251	0.154725	0.202785	0.256834	0.29076	0.304402	0.290597	0.237612	0.163555	0.068656	-0.0446203	-0.154387	-0.2487	-0.335122	-0.410676	-0.462638	-0.506059	-0.53976	-0.548822	-0.548822	
0.101741	0.111667	0.125831	0.125992	0.11452	0.0962426	0.0645371	0.0241656	-0.0259958	-0.0775929	-0.111034	-0.113532	-0.0947497	-0.0530643	0.02394	0.152742	0.328975	0.525749	0.720148	0.873997	0.979115	1.01776	0.991458	0.915361	0.790496	0.634181	0.464565	0.312106	0.193836	0.127078	0.122314	0.158222	0.218718	0.284918	0.339281	0.37153	0.369881	0.331032	0.258044	0.170913	0.0784654	-0.0146029	-0.0966998	-0.177682	-0.247149	-0.296847	-0.334699	-0.354491	-0.362404	-0.362404	
0.205335	0.187855	0.165861	0.133326	0.0926493	0.055293	0.00880329	-0.038166	-0.0902376	-0.140274	-0.168922	-0.173765	-0.168829	-0.141331	-0.0759557	0.0377408	0.186048	0.346461	0.504389	0.633502	0.723461	0.765931	0.757473	0.698346	0.595272	0.464565	0.3263	0.201196	0.117453	0.0819699	0.0983097	0.155853	0.23147	0.319625	0.395529	0.441502	0.451476	0.423588	0.368131	0.30294	0.23052	0.153528	0.0862391	0.0234219	-0.027672	-0.0692733	-0.10059	-0.112857	-0.125292	-0.125292	
0.267302	0.220484	0.157916	0.0856501	0.0184811	-0.0332022	-0.0860287	-0.13669	-0.185256	-0.225864	-0.249587	-0.259407	-0.256834	-0.225476	-0.165183	-0.0663007	0.0506473	0.175725	0.300261	0.405196	0.481892	0.52948	0.538633	0.49533	0.415114	0.312106	0.201196	0.0989819	0.0475439	0.0437512	0.0806413	0.160001	0.260424	0.372364	0.460005	0.514798	0.538708	0.532139	0.500329	0.449927	0.395887	0.334727	0.278119	0.236175	0.205313	0.180661	0.163418	0.153963	0.141579	0.141579	
0.282582	0.205795	0.105649	0.00707458	-0.0808298	-0.151803	-0.207819	-0.253987	-0.291226	-0.317855	-0.334672	-0.340213	-0.328333	-0.296985	-0.235787	-0.152507	-0.0706509	0.0252202	0.12893	0.214112	0.280039	0.328924	0.346323	0.326818	0.271633	0.193836	0.117453	0.0475439	0.0154567	0.0347694	0.09406	0.191139	0.315086	0.436971	0.531502	0.598528	0.631426	0.640377	0.627937	0.590458	0.554656	0.51737	0.475198	0.450098	0.433049	0.415691	0.406862	0.400349	0.394485	0.394485	
0.26877	0.161321	0.0324691	-0.088644	-0.193317	-0.275264	-0.332079	-0.366516	-0.384061	-0.394397	-0.396603	-0.389383	-0.367378	-0.33356	-0.272352	-0.206406	-0.145194	-0.0753057	0.00194849	0.0701172	0.12552	0.17769	0.209296	0.208781	0.173972	0.127078	0.0819699	0.0437512	0.0347694	0.0697908	0.151435	0.265363	0.394783	0.517588	0.616524	0.69009	0.731916	0.744877	0.740318	0.717747	0.689919	0.667576	0.644103	0.629667	0.619173	0.606127	0.602759	0.603866	0.605973	0.605973	
0.234334	0.112621	-0.0369598	-0.180556	-0.297746	-0.379284	-0.429056	-0.449511	-0.450664	-0.438696	-0.419246	-0.393615	-0.357535	-0.309501	-0.258194	-0.211885	-0.164819	-0.11658	-0.0645181	-0.0091508	0.0374053	0.0828625	0.128274	0.142962	0.136251	0.122314	0.0983097	0.0806413	0.09406	0.151435	0.245171	0.368328	0.496602	0.614967	0.714577	0.784481	0.829605	0.841715	0.833556	0.81408	0.788595	0.77517	0.760265	0.747126	0.742239	0.737889	0.740359	0.744168	0.744812	0.744812	
0.200592	0.0715983	-0.0846313	-0.236994	-0.356175	-0.439737	-0.480171	-0.482201	-0.465439	-0.431071	-0.389721	-0.339883	-0.285908	-0.236207	-0.197857	-0.158553	-0.122881	-0.0986439	-0.0727233	-0.0346427	0.00529828	0.0480224	0.0984648	0.136108	0.154725	0.158222	0.155853	0.160001	0.191139	0.265363	0.368328	0.487787	0.608907	0.717614	0.812451	0.874687	0.903056	0.907255	0.893159	0.874694	0.852656	0.833588	0.817088	0.804009	0.803078	0.802877	0.803742	0.806539	0.802666	0.802666	
0.191636	0.058984	-0.0948554	-0.245937	-0.362007	-0.442026	-0.470368	-0.460499	-0.423517	-0.362404	-0.292856	-0.224211	-0.163192	-0.116355	-0.0834189	-0.0538765	-0.0343067	-0.0265426	-0.0264879	-0.0149035	0.017185	0.0615732	0.107629	0.162329	0.202785	0.218718	0.23147	0.260424	0.315086	0.394783	0.496602	0.608907	0.72643	0.822018	0.896315	0.939773	0.946244	0.940877	0.91798	0.894441	0.868813	0.836773	0.817103	0.807188	0.802117	0.796597	0.796061	0.798533	0.795728	0.795728	
0.220093	0.0944394	-0.0499098	-0.191666	-0.307348	-0.379015	-0.404081	-0.387833	-0.323783	-0.234255	-0.144245	-0.0631209	0.000712714	0.0392136	0.0633686	0.0805098	0.0817987	0.0708775	0.0480518	0.0392741	0.0594544	0.0962018	0.139398	0.202666	0.256834	0.284918	0.319625	0.372364	0.436971	0.517588	0.614967	0.717614	0.822018	0.903664	0.952408	0.971371	0.967268	0.946338	0.910959	0.871692	0.83091	0.799861	0.774692	0.75863	0.7483	0.735782	0.735799	0.73563	0.73201	0.73201	
0.271676	0.161052	0.0358212	-0.0931744	-0.20288	-0.271324	-0.294621	-0.261549	-0.176231	-0.064446	0.0373729	0.118249	0.182265	0.217648	0.228726	0.229645	0.216751	0.17889	0.132003	0.101362	0.104551	0.131184	0.174869	0.236939	0.29076	0.339281	0.395529	0.460005	0.531502	0.616524	0.714577	0.812451	0.896315	0.952408	0.980992	0.979527	0.957903	0.918907	0.865441	0.812719	0.765167	0.728177	0.694949	0.670411	0.655301	0.643457	0.639246	0.635721	0.63559	0.63559	
0.343869	0.25072	0.146883	0.0365569	-0.0644232	-0.135367	-0.15023	-0.101537	-0.00535468	0.11919	0.230092	0.304431	0.356364	0.388418	0.390477	0.369075	0.332738	0.274072	0.205242	0.153465	0.136863	0.151174	0.189408	0.243922	0.304402	0.37153	0.441502	0.514798	0.598528	0.69009	0.784481	0.874687	0.939773	0.971371	0.979527	0.96231	0.918489	0.861037	0.796267	0.73332	0.679503	0.630881	0.59484	0.56695	0.545678	0.534899	0.522691	0.516381	0.519844	0.519844	
0.422567	0.350378	0.260386	0.17092	0.0838545	0.0171699	0.00695715	0.0643746	0.173871	0.297542	0.399288	0.470103	0.511939	0.529806	0.519532	0.477727	0.419489	0.340162	0.249948	0.183401	0.14513	0.142748	0.174869	0.222412	0.290597	0.369881	0.451476	0.538708	0.631426	0.731916	0.829605	0.903056	0.946244	0.967268	0.957903	0.918489	0.854763	0.783987	0.71702	0.644666	0.578904	0.528548	0.491699	0.455509	0.430347	0.421597	0.406986	0.397983	0.396927	0.396927	
0.471417	0.430089	0.3623	0.288386	0.215205	0.161874	0.162489	0.22508	0.33576	0.447642	0.541876	0.610122	0.637445	0.637339	0.610523	0.546638	0.46795	0.370908	0.267769	0.186593	0.12642	0.0997423	0.120646	0.164623	0.237612	0.331032	0.423588	0.532139	0.640377	0.744877	0.841715	0.907255	0.940877	0.946338	0.918907	0.861037	0.783987	0.703941	0.624703	0.545378	0.481979	0.429773	0.384306	0.347683	0.323134	0.313472	0.301152	0.289851	0.287808	0.287808	
0.490724	0.476931	0.438821	0.380689	0.321777	0.290888	0.30377	0.363726	0.466675	0.566814	0.65072	0.705495	0.714976	0.693483	0.652875	0.578267	0.479962	0.366453	0.250225	0.151739	0.0738745	0.0316491	0.0417757	0.0885655	0.163555	0.258044	0.368131	0.500329	0.627937	0.740318	0.833556	0.893159	0.91798	0.910959	0.865441	0.796267	0.71702	0.624703	0.535303	0.456734	0.391918	0.332582	0.284716	0.258697	0.234751	0.214032	0.203411	0.198693	0.198228	0.198228	
0.469784	0.479442	0.463755	0.433006	0.402142	0.395848	0.424564	0.481669	0.561817	0.648527	0.715403	0.749918	0.749312	0.712965	0.65512	0.572586	0.461193	0.333161	0.205823	0.0886958	-0.00267295	-0.053478	-0.052852	-0.00724457	0.068656	0.170913	0.30294	0.449927	0.590458	0.717747	0.81408	0.874694	0.894441	0.871692	0.812719	0.73332	0.644666	0.545378	0.456734	0.379499	0.308091	0.250115	0.211005	0.187486	0.159716	0.134217	0.126855	0.124734	0.117788	0.117788	
0.404106	0.443179	0.45157	0.451969	0.458299	0.475233	0.51637	0.570914	0.628763	0.694911	0.751388	0.769315	0.748222	0.698299	0.625318	0.531011	0.41081	0.278266	0.145236	0.0157381	-0.0860509	-0.146612	-0.159658	-0.125384	-0.0446203	0.0784654	0.23052	0.395887	0.554656	0.689919	0.788595	0.852656	0.868813	0.83091	0.765167	0.679503	0.578904	0.481979	0.391918	0.308091	0.240727	0.18967	0.148854	0.116702	0.0925934	0.0802003	0.0750376	0.0667026	0.0575976	0.0575976	
0.298851	0.366553	0.41248	0.44621	0.489516	0.538849	0.583395	0.63207	0.681572	0.726764	0.759304	0.756275	0.716596	0.657165	0.577533	0.474736	0.350371	0.213827	0.0702312	-0.0695248	-0.178432	-0.240768	-0.26502	-0.241193	-0.154387	-0.0146029	0.153528	0.334727	0.51737	0.667576	0.77517	0.833588	0.836773	0.799861	0.728177	0.630881	0.528548	0.429773	0.332582	0.250115	0.18967	0.14182	0.0976321	0.061973	0.0475023	0.0412451	0.0288875	0.0207383	0.0218274	0.0218274	
0.164958	0.255781	0.348054	0.42873	0.503075	0.577764	0.635504	0.683169	0.71662	0.737049	0.738484	0.71442	0.668095	0.606273	0.521643	0.41355	0.282651	0.14306	-0.00281784	-0.150954	-0.263453	-0.330724	-0.365427	-0.343217	-0.2487	-0.0966998	0.0862391	0.278119	0.475198	0.644103	0.760265	0.817088	0.817103	0.774692	0.694949	0.59484	0.491699	0.384306	0.284716	0.211005	0.148854	0.0976321	0.0626743	0.0368728	0.0214291	0.00694158	-0.008661	-0.0132114	-0.00612381	-0.00612381	
0.0323422	0.13979	0.267254	0.394672	0.507349	0.60567	0.677905	0.724982	0.742222	0.736668	0.714047	0.671214	0.616186	0.54819	0.458985	0.350553	0.214333	0.0732239	-0.0691751	-0.217509	-0.336229	-0.414694	-0.456487	-0.431848	-0.335122	-0.177682	0.0234219	0.236175	0.450098	0.629667	0.747126	0.804009	0.807188	0.75863	0.670411	0.56695	0.455509	0.347683	0.258697	0.187486	0.116702	0.061973	0.0368728	0.0156102	-0.00654554	-0.0193582	-0.0245591	-0.0283799	-0.0296393	-0.0296393	
-0.101449	0.0266192	0.186902	0.356698	0.50744	0.629196	0.714296	0.763193	0.764735	0.735349	0.686746	0.628653	0.568985	0.497205	0.403715	0.290453	0.153088	0.0111343	-0.127304	-0.271196	-0.398666	-0.489783	-0.535247	-0.508057	-0.410676	-0.247149	-0.027672	0.205313	0.433049	0.619173	0.742239	0.803078	0.802117	0.7483	0.655301	0.545678	0.430347	0.323134	0.234751	0.159716	0.0925934	0.0475023	0.0214291	-0.00654554	-0.0274441	-0.0326567	-0.032088	-0.0378255	-0.0473954	-0.0473954	
-0.227653	-0.0749858	0.117453	0.321364	0.503167	0.646026	0.744224	0.792329	0.779562	0.725062	0.654723	0.585742	0.52045	0.44827	0.356887	0.24411	0.108796	-0.0354583	-0.176213	-0.316205	-0.447914	-0.547337	-0.58843	-0.559066	-0.462638	-0.296847	-0.0692733	0.180661	0.415691	0.606127	0.737889	0.802877	0.796597	0.735782	0.643457	0.534899	0.421597	0.313472	0.214032	0.134217	0.0802003	0.0412451	0.00694158	-0.0193582	-0.0326567	-0.0403965	-0.0460831	-0.0501401	-0.053743	-0.053743	
-0.316269	-0.152015	0.0552894	0.279489	0.494253	0.668043	0.77756	0.815257	0.790394	0.718002	0.633906	0.557371	0.485706	0.409213	0.318027	0.206633	0.0768435	-0.0676978	-0.214354	-0.351686	-0.483768	-0.587411	-0.628844	-0.60282	-0.506059	-0.334699	-0.10059	0.163418	0.406862	0.602759	0.740359	0.803742	0.796061	0.735799	0.639246	0.522691	0.406986	0.301152	0.203411	0.126855	0.0750376	0.0288875	-0.008661	-0.0245591	-0.032088	-0.0460831	-0.0581493	-0.0579169	-0.0530794	-0.0530794	
-0.374447	-0.203493	0.0115118	0.252155	0.488846	0.682984	0.80458	0.835726	0.796286	0.714947	0.620116	0.540424	0.469043	0.388135	0.29103	0.174035	0.0489796	-0.090366	-0.237132	-0.373519	-0.502259	-0.609779	-0.663299	-0.6442	-0.53976	-0.354491	-0.112857	0.153963	0.400349	0.603866	0.744168	0.806539	0.798533	0.73563	0.635721	0.516381	0.397983	0.289851	0.198693	0.124734	0.0667026	0.0207383	-0.0132114	-0.0283799	-0.0378255	-0.0501401	-0.0579169	-0.058666	-0.0572598	-0.0572598	
-0.411991	-0.229894	-0.0106147	0.23758	0.487658	0.690229	0.814819	0.840614	0.796891	0.711087	0.612196	0.526352	0.452057	0.371262	0.277005	0.166129	0.0458085	-0.09638	-0.252363	-0.391155	-0.515508	-0.618667	-0.670008	-0.653576	-0.548822	-0.362404	-0.125292	0.141579	0.394485	0.605973	0.744812	0.802666	0.795728	0.73201	0.63559	0.519844	0.396927	0.287808	0.198228	0.117788	0.0575976	0.0218274	-0.00612381	-0.0296393	-0.0473954	-0.053743	-0.0530794	-0.0572598	-0.0647832	-0.0647832	
-0.411991	-0.229894	-0.0106147	0.23758	0.487658	0.690229	0.814819	0.840614	0.796891	0.711087	0.612196	0.526352	0.452057	0.371262	0.277005	0.166129	0.0458085	-0.09638	-0.252363	-0.391155	-0.515508	-0.618667	-0.670008	-0.653576	-0.548822	-0.362404	-0.125292	0.141579	0.394485	0.605973	0.744812	0.802666	0.795728	0.73201	0.63559	0.519844	0.396927	0.287808	0.198228	0.117788	0.0575976	0.0218274	-0.00612381	-0.0296393	-0.0473954	-0.053743	-0.0530794	-0.0572598	-0.0647832	-0.0647832	
