0.320629	-0.634091	-0.497096	-0.282216	0.502354	0.502354	
-0.634091	-0.0435092	-0.536695	-0.209743	-0.256283	-0.256283	
-0.497096	-0.536695	-1.07677	0.00374946	0.214624	0.214624	
-0.282216	-0.209743	0.00374946	-0.223927	0.0990804	0.0990804	
0.502354	-0.256283	0.214624	0.0990804	-1.21591	-1.21591	
0.502354	-0.256283	0.214624	0.0990804	-1.21591	-1.21591	
