1.87155	1.87155	1.88441	1.88921	1.88341	1.86352	1.80937	1.68601	1.48407	1.20486	0.874585	0.528046	0.196678	-0.105128	-0.375812	-0.610027	-0.812073	-0.979439	-1.1038	-1.15959	-1.14558	-1.07678	-0.976125	-0.882738	-0.836092	-0.845607	-0.88472	-0.910421	-0.889495	-0.817196	-0.717075	-0.598984	-0.489537	-0.405369	-0.358272	-0.37746	-0.488894	-0.680268	-0.915789	-1.15197	-1.3342	-1.41649	-1.37584	-1.21231	-0.958761	-0.639973	-0.280842	0.0843808	0.430995	0.741832	
1.87155	1.87155	1.88441	1.88921	1.88341	1.86352	1.80937	1.68601	1.48407	1.20486	0.874585	0.528046	0.196678	-0.105128	-0.375812	-0.610027	-0.812073	-0.979439	-1.1038	-1.15959	-1.14558	-1.07678	-0.976125	-0.882738	-0.836092	-0.845607	-0.88472	-0.910421	-0.889495	-0.817196	-0.717075	-0.598984	-0.489537	-0.405369	-0.358272	-0.37746	-0.488894	-0.680268	-0.915789	-1.15197	-1.3342	-1.41649	-1.37584	-1.21231	-0.958761	-0.639973	-0.280842	0.0843808	0.430995	0.741832	
1.88441	1.88441	1.90072	1.90199	1.87882	1.82947	1.74924	1.61205	1.41254	1.14438	0.829793	0.499394	0.183806	-0.103609	-0.361756	-0.583033	-0.7711	-0.923705	-1.03669	-1.08896	-1.08046	-1.02464	-0.939227	-0.858581	-0.817556	-0.824821	-0.855232	-0.870715	-0.842048	-0.769355	-0.676262	-0.57365	-0.484962	-0.424667	-0.400372	-0.436576	-0.552631	-0.736585	-0.95372	-1.16975	-1.33413	-1.40313	-1.3507	-1.17482	-0.909224	-0.584361	-0.226151	0.131867	0.469196	0.770341	
1.88921	1.88921	1.90199	1.8909	1.83722	1.74721	1.62576	1.46832	1.27077	1.02715	0.745292	0.449991	0.167132	-0.0899832	-0.318858	-0.514272	-0.677752	-0.808304	-0.902499	-0.945695	-0.944802	-0.913471	-0.863211	-0.812793	-0.785876	-0.788276	-0.804276	-0.806769	-0.776054	-0.710788	-0.633084	-0.550639	-0.488756	-0.461756	-0.474623	-0.539063	-0.663828	-0.828072	-1.00847	-1.18121	-1.31323	-1.36319	-1.29986	-1.11372	-0.83576	-0.49811	-0.135429	0.218562	0.542193	0.819207	
1.88341	1.88341	1.87882	1.83722	1.74865	1.61735	1.46044	1.27824	1.08354	0.86627	0.630097	0.384408	0.149281	-0.0637808	-0.253766	-0.415016	-0.550869	-0.656403	-0.729212	-0.761766	-0.769296	-0.769754	-0.76409	-0.754008	-0.74652	-0.74737	-0.75148	-0.748393	-0.723245	-0.675114	-0.61657	-0.557393	-0.522933	-0.53129	-0.582195	-0.675845	-0.802755	-0.942705	-1.07442	-1.19637	-1.28611	-1.31068	-1.23449	-1.04017	-0.750531	-0.401168	-0.0288955	0.321775	0.62483	0.86671	
1.86352	1.86352	1.82947	1.74721	1.61735	1.45727	1.27505	1.08156	0.886128	0.693719	0.501362	0.314401	0.138034	-0.0251149	-0.174491	-0.304132	-0.410298	-0.490468	-0.545129	-0.574466	-0.596465	-0.624128	-0.652723	-0.672943	-0.686427	-0.696505	-0.703742	-0.701672	-0.683509	-0.648233	-0.612277	-0.584232	-0.587505	-0.632844	-0.713954	-0.82006	-0.941204	-1.05352	-1.1495	-1.22679	-1.27427	-1.26177	-1.15753	-0.946392	-0.648507	-0.293275	0.0770533	0.417186	0.694997	0.895846	
1.80937	1.80937	1.74924	1.62576	1.46044	1.27505	1.08719	0.89402	0.709115	0.535023	0.382628	0.251609	0.136595	0.0260727	-0.0833087	-0.178366	-0.253455	-0.309219	-0.355062	-0.392877	-0.430776	-0.473394	-0.514443	-0.551505	-0.587796	-0.623846	-0.64991	-0.657186	-0.640613	-0.613666	-0.598069	-0.607039	-0.651041	-0.727853	-0.822446	-0.926606	-1.03229	-1.13034	-1.20663	-1.26012	-1.27136	-1.21621	-1.0736	-0.837951	-0.529291	-0.177434	0.18283	0.503742	0.753663	0.924161	
1.68601	1.68601	1.61205	1.46832	1.27824	1.08156	0.89402	0.720705	0.557281	0.412937	0.294881	0.20998	0.145648	0.0854343	0.0236284	-0.0315956	-0.076987	-0.121402	-0.172211	-0.22445	-0.273121	-0.317019	-0.358124	-0.403598	-0.461445	-0.524396	-0.573708	-0.591791	-0.580416	-0.560637	-0.563663	-0.602498	-0.677168	-0.773725	-0.874707	-0.973144	-1.07278	-1.16323	-1.23523	-1.27248	-1.25596	-1.16462	-0.986458	-0.727625	-0.411459	-0.0641886	0.278267	0.57684	0.803992	0.950309	
1.48407	1.48407	1.41254	1.27077	1.08354	0.886128	0.709115	0.557281	0.431304	0.324997	0.243001	0.187737	0.157854	0.142789	0.132588	0.119544	0.0931619	0.0457901	-0.0185473	-0.0831644	-0.136739	-0.17973	-0.220337	-0.270816	-0.33897	-0.417215	-0.482036	-0.514859	-0.51484	-0.506794	-0.521508	-0.574592	-0.662558	-0.767841	-0.87375	-0.97733	-1.07919	-1.17502	-1.24567	-1.27388	-1.23693	-1.11724	-0.91062	-0.629666	-0.302412	0.0377828	0.358867	0.62888	0.830132	0.960982	
1.20486	1.20486	1.14438	1.02715	0.86627	0.693719	0.535023	0.412937	0.324997	0.264598	0.218154	0.190838	0.188937	0.213235	0.246501	0.263311	0.245439	0.189869	0.114035	0.0376919	-0.0254524	-0.0761144	-0.120755	-0.170497	-0.236143	-0.314661	-0.388745	-0.436304	-0.453535	-0.459043	-0.479659	-0.535101	-0.621925	-0.726728	-0.836486	-0.946909	-1.05914	-1.16124	-1.23579	-1.25778	-1.20615	-1.06592	-0.834429	-0.534316	-0.201052	0.127668	0.42031	0.658853	0.835748	0.946413	
0.874585	0.874585	0.829793	0.745292	0.630097	0.501362	0.382628	0.294881	0.243001	0.218154	0.210031	0.21887	0.252774	0.307476	0.363678	0.391716	0.376856	0.319131	0.23623	0.146253	0.0650621	-0.000253688	-0.0522276	-0.100737	-0.159303	-0.233116	-0.310314	-0.371127	-0.407215	-0.428044	-0.452962	-0.499497	-0.571305	-0.661248	-0.764832	-0.879755	-0.999433	-1.11055	-1.18987	-1.21023	-1.15147	-0.997969	-0.752859	-0.443195	-0.109834	0.20571	0.474868	0.68658	0.836929	0.924544	
0.528046	0.528046	0.499394	0.449991	0.384408	0.314401	0.251609	0.20998	0.187737	0.190838	0.21887	0.273707	0.344542	0.418184	0.476156	0.501152	0.484962	0.42451	0.334096	0.228445	0.131295	0.0524252	-0.0084376	-0.0606269	-0.116322	-0.182173	-0.255858	-0.32315	-0.375549	-0.41341	-0.438723	-0.469184	-0.512171	-0.576101	-0.666149	-0.779804	-0.904518	-1.01985	-1.10208	-1.12241	-1.06134	-0.90688	-0.661476	-0.356608	-0.0316359	0.273311	0.529483	0.724416	0.848861	0.897935	
0.196678	0.196678	0.183806	0.167132	0.149281	0.138034	0.136595	0.145648	0.157854	0.188937	0.252774	0.344542	0.441279	0.520468	0.573766	0.590244	0.566555	0.49762	0.397973	0.284462	0.180292	0.094965	0.0248477	-0.036728	-0.095623	-0.158269	-0.228008	-0.297372	-0.360961	-0.407253	-0.42822	-0.434654	-0.445573	-0.479367	-0.550489	-0.655373	-0.774956	-0.886372	-0.967739	-0.987262	-0.929453	-0.781684	-0.549522	-0.261167	0.0488426	0.343593	0.588913	0.765299	0.858296	0.866653	
-0.105128	-0.105128	-0.103609	-0.0899832	-0.0637808	-0.0251149	0.0260727	0.0854343	0.142789	0.213235	0.307476	0.418184	0.520468	0.600161	0.649323	0.657587	0.622913	0.546118	0.446817	0.335528	0.233208	0.145138	0.0683697	-0.00359625	-0.0742889	-0.146173	-0.222487	-0.295841	-0.360514	-0.404953	-0.411905	-0.396176	-0.378972	-0.385428	-0.430888	-0.511891	-0.608399	-0.702132	-0.772922	-0.789784	-0.736817	-0.604575	-0.397003	-0.138407	0.144524	0.417095	0.64126	0.792547	0.851883	0.820859	
-0.375812	-0.375812	-0.361756	-0.318858	-0.253766	-0.174491	-0.0833087	0.0236284	0.132588	0.246501	0.363678	0.476156	0.573766	0.649323	0.694232	0.692846	0.651434	0.579698	0.494305	0.39581	0.297692	0.208177	0.125131	0.0400854	-0.0498915	-0.143094	-0.235819	-0.313159	-0.372375	-0.402459	-0.392513	-0.357008	-0.320178	-0.301806	-0.314639	-0.356179	-0.413583	-0.474281	-0.525501	-0.533593	-0.487017	-0.377825	-0.207341	0.00898804	0.251948	0.488371	0.675213	0.788038	0.814589	0.756514	
-0.610027	-0.610027	-0.583033	-0.514272	-0.415016	-0.304132	-0.178366	-0.0315956	0.119544	0.263311	0.391716	0.501152	0.590244	0.657587	0.692846	0.684183	0.646264	0.591818	0.532307	0.454751	0.367459	0.276697	0.183048	0.0793088	-0.0346864	-0.152058	-0.26161	-0.342194	-0.390654	-0.405176	-0.379609	-0.331739	-0.280854	-0.238241	-0.211094	-0.203339	-0.2101	-0.230441	-0.255005	-0.252804	-0.215912	-0.136345	-0.0106597	0.156283	0.350866	0.540327	0.681283	0.755525	0.751275	0.671021	
-0.812073	-0.812073	-0.7711	-0.677752	-0.550869	-0.410298	-0.253455	-0.076987	0.0931619	0.245439	0.376856	0.484962	0.566555	0.622913	0.651434	0.646264	0.621807	0.590345	0.559298	0.510388	0.440452	0.350816	0.243439	0.117498	-0.0217241	-0.160836	-0.283371	-0.362104	-0.399635	-0.401868	-0.368952	-0.315657	-0.25469	-0.188141	-0.120787	-0.0621249	-0.0195269	0.0010671	0.00212298	0.012692	0.0394094	0.0891873	0.173364	0.293806	0.440199	0.580453	0.674512	0.708839	0.678596	0.577942	
-0.979439	-0.979439	-0.923705	-0.808304	-0.656403	-0.490468	-0.309219	-0.121402	0.0457901	0.189869	0.319131	0.42451	0.49762	0.546118	0.579698	0.591818	0.590345	0.583332	0.580493	0.559556	0.510552	0.428187	0.315561	0.172257	0.0108166	-0.148148	-0.279695	-0.357279	-0.389962	-0.389279	-0.356065	-0.29872	-0.22802	-0.142409	-0.0434157	0.0542978	0.138421	0.193193	0.214782	0.231062	0.246927	0.274988	0.327836	0.411687	0.516081	0.613514	0.668926	0.674494	0.618999	0.496761	
-1.1038	-1.1038	-1.03669	-0.902499	-0.729212	-0.545129	-0.355062	-0.172211	-0.0185473	0.114035	0.23623	0.334096	0.397973	0.446817	0.494305	0.532307	0.559298	0.580493	0.600424	0.598549	0.564655	0.495967	0.388526	0.240754	0.0665307	-0.102367	-0.239939	-0.321861	-0.35946	-0.363079	-0.327183	-0.260504	-0.17957	-0.0850723	0.0243859	0.139605	0.244778	0.31875	0.353578	0.37354	0.389223	0.41035	0.449471	0.509488	0.581514	0.644859	0.673457	0.658348	0.588379	0.450791	
-1.15959	-1.15959	-1.08896	-0.945695	-0.761766	-0.574466	-0.392877	-0.22445	-0.0831644	0.0376919	0.146253	0.228445	0.284462	0.335528	0.39581	0.454751	0.510388	0.559556	0.598549	0.606994	0.58353	0.526107	0.432186	0.293686	0.129132	-0.0346304	-0.172515	-0.262349	-0.311965	-0.322188	-0.284603	-0.207329	-0.117689	-0.0241997	0.080071	0.188818	0.290407	0.363924	0.400804	0.428759	0.455491	0.486829	0.52455	0.569341	0.616922	0.657705	0.671694	0.651047	0.579263	0.445156	
-1.14558	-1.14558	-1.08046	-0.944802	-0.769296	-0.596465	-0.430776	-0.273121	-0.136739	-0.0254524	0.0650621	0.131295	0.180292	0.233208	0.297692	0.367459	0.440452	0.510552	0.564655	0.58353	0.563112	0.511427	0.428617	0.315089	0.176495	0.034734	-0.0904701	-0.177517	-0.231448	-0.251226	-0.218426	-0.137267	-0.0436487	0.0462107	0.133446	0.218366	0.29453	0.348137	0.379471	0.413364	0.456697	0.502297	0.544282	0.583329	0.620698	0.652693	0.663445	0.643999	0.582713	0.466442	
-1.07678	-1.07678	-1.02464	-0.913471	-0.769754	-0.624128	-0.473394	-0.317019	-0.17973	-0.0761144	-0.000253688	0.0524252	0.094965	0.145138	0.208177	0.276697	0.350816	0.428187	0.495967	0.526107	0.511427	0.462568	0.398816	0.315265	0.214058	0.107051	0.0146673	-0.0507009	-0.10176	-0.132005	-0.111651	-0.0372706	0.0527515	0.128629	0.192739	0.246445	0.290535	0.318575	0.335263	0.366074	0.412523	0.460903	0.504523	0.547656	0.593486	0.633504	0.649317	0.636452	0.592027	0.506745	
-0.976125	-0.976125	-0.939227	-0.863211	-0.76409	-0.652723	-0.514443	-0.358124	-0.220337	-0.120755	-0.0522276	-0.0084376	0.0248477	0.0683697	0.125131	0.183048	0.243439	0.315561	0.388526	0.432186	0.428617	0.398816	0.360456	0.315707	0.259188	0.203651	0.158435	0.121768	0.0809569	0.047997	0.0581787	0.118074	0.184854	0.233065	0.264313	0.285971	0.297219	0.293708	0.287777	0.301764	0.335828	0.374905	0.416676	0.470754	0.535847	0.595334	0.627444	0.630224	0.609224	0.555288	
-0.882738	-0.882738	-0.858581	-0.812793	-0.754008	-0.672943	-0.551505	-0.403598	-0.270816	-0.170497	-0.100737	-0.0606269	-0.036728	-0.00359625	0.0400854	0.0793088	0.117498	0.172257	0.240754	0.293686	0.315089	0.315265	0.315707	0.318931	0.324978	0.33058	0.332263	0.325381	0.306306	0.286346	0.293953	0.329734	0.362692	0.370319	0.362098	0.341747	0.30705	0.260355	0.222043	0.211861	0.226084	0.248313	0.284442	0.347092	0.433807	0.518536	0.576689	0.607584	0.617621	0.595083	
-0.836092	-0.836092	-0.817556	-0.785876	-0.74652	-0.686427	-0.587796	-0.461445	-0.33897	-0.236143	-0.159303	-0.116322	-0.095623	-0.0742889	-0.0498915	-0.0346864	-0.0217241	0.0108166	0.0665307	0.129132	0.176495	0.214058	0.259188	0.324978	0.399179	0.461935	0.506684	0.536703	0.55173	0.552697	0.558367	0.573882	0.573147	0.540525	0.481944	0.403838	0.308211	0.207503	0.129183	0.0865619	0.073147	0.0754505	0.103213	0.171335	0.275022	0.385396	0.476696	0.542475	0.585557	0.593607	
-0.845607	-0.845607	-0.824821	-0.788276	-0.74737	-0.696505	-0.623846	-0.524396	-0.417215	-0.314661	-0.233116	-0.182173	-0.158269	-0.146173	-0.143094	-0.152058	-0.160836	-0.148148	-0.102367	-0.0346304	0.034734	0.107051	0.203651	0.33058	0.461935	0.573274	0.66695	0.743706	0.793378	0.810583	0.817934	0.817258	0.785729	0.705752	0.588268	0.44693	0.290249	0.135005	0.00806011	-0.077088	-0.121933	-0.136286	-0.110165	-0.0358328	0.0792037	0.206012	0.32212	0.420762	0.497258	0.536546	
-0.88472	-0.88472	-0.855232	-0.804276	-0.75148	-0.703742	-0.64991	-0.573708	-0.482036	-0.388745	-0.310314	-0.255858	-0.228008	-0.222487	-0.235819	-0.26161	-0.283371	-0.279695	-0.239939	-0.172515	-0.0904701	0.0146673	0.158435	0.332263	0.506684	0.66695	0.815829	0.937456	1.0153	1.04858	1.05804	1.03563	0.96131	0.826317	0.649996	0.454171	0.247623	0.0411129	-0.135731	-0.262957	-0.332598	-0.353496	-0.323696	-0.246342	-0.12897	0.00594092	0.141431	0.262966	0.362192	0.427216	
-0.910421	-0.910421	-0.870715	-0.806769	-0.748393	-0.701672	-0.657186	-0.591791	-0.514859	-0.436304	-0.371127	-0.32315	-0.297372	-0.295841	-0.313159	-0.342194	-0.362104	-0.357279	-0.321861	-0.262349	-0.177517	-0.0507009	0.121768	0.325381	0.536703	0.743706	0.937456	1.09399	1.19995	1.25228	1.25767	1.20523	1.08635	0.902163	0.675497	0.433844	0.183229	-0.065833	-0.282534	-0.43853	-0.525442	-0.551095	-0.520202	-0.44382	-0.32668	-0.184674	-0.0368908	0.100962	0.216276	0.297152	
-0.889495	-0.889495	-0.842048	-0.776054	-0.723245	-0.683509	-0.640613	-0.580416	-0.51484	-0.453535	-0.407215	-0.375549	-0.360961	-0.360514	-0.372375	-0.390654	-0.399635	-0.389962	-0.35946	-0.311965	-0.231448	-0.10176	0.0809569	0.306306	0.55173	0.793378	1.0153	1.19995	1.33225	1.39283	1.38743	1.30931	1.15998	0.93794	0.669035	0.386864	0.10315	-0.172217	-0.407859	-0.580615	-0.680866	-0.715076	-0.691447	-0.622936	-0.508938	-0.366795	-0.215271	-0.0690774	0.0620772	0.169493	
-0.817196	-0.817196	-0.769355	-0.710788	-0.675114	-0.648233	-0.613666	-0.560637	-0.506794	-0.459043	-0.428044	-0.41341	-0.407253	-0.404953	-0.402459	-0.405176	-0.401868	-0.389279	-0.363079	-0.322188	-0.251226	-0.132005	0.047997	0.286346	0.552697	0.810583	1.04858	1.25228	1.39283	1.45111	1.4383	1.35113	1.18312	0.935429	0.638197	0.329943	0.026607	-0.258521	-0.503462	-0.683951	-0.793542	-0.837649	-0.824226	-0.764321	-0.658187	-0.522725	-0.374739	-0.22108	-0.0719374	0.0576233	
-0.717075	-0.717075	-0.676262	-0.633084	-0.61657	-0.612277	-0.598069	-0.563663	-0.521508	-0.479659	-0.452962	-0.438723	-0.42822	-0.411905	-0.392513	-0.379609	-0.368952	-0.356065	-0.327183	-0.284603	-0.218426	-0.111651	0.0581787	0.293953	0.558367	0.817934	1.05804	1.25767	1.38743	1.4383	1.42588	1.33101	1.15028	0.895539	0.593954	0.279339	-0.0270377	-0.311244	-0.551768	-0.727212	-0.839397	-0.894974	-0.895187	-0.843791	-0.742928	-0.613337	-0.469406	-0.314994	-0.16276	-0.0261703	
-0.598984	-0.598984	-0.57365	-0.550639	-0.557393	-0.584232	-0.607039	-0.602498	-0.574592	-0.535101	-0.499497	-0.469184	-0.434654	-0.396176	-0.357008	-0.331739	-0.315657	-0.29872	-0.260504	-0.207329	-0.137267	-0.0372706	0.118074	0.329734	0.573882	0.817258	1.03563	1.20523	1.30931	1.35113	1.33101	1.22682	1.04822	0.809869	0.527279	0.226176	-0.0654537	-0.328846	-0.546611	-0.705019	-0.819664	-0.890851	-0.902924	-0.85579	-0.756892	-0.627581	-0.487031	-0.341368	-0.200235	-0.075875	
-0.489537	-0.489537	-0.484962	-0.488756	-0.522933	-0.587505	-0.651041	-0.677168	-0.662558	-0.621925	-0.571305	-0.512171	-0.445573	-0.378972	-0.320178	-0.280854	-0.25469	-0.22802	-0.17957	-0.117689	-0.0436487	0.0527515	0.184854	0.362692	0.573147	0.785729	0.96131	1.08635	1.15998	1.18312	1.15028	1.04822	0.888884	0.681369	0.429808	0.159847	-0.0974296	-0.32196	-0.502774	-0.639749	-0.753644	-0.830532	-0.848246	-0.806107	-0.711357	-0.58755	-0.457104	-0.322703	-0.195811	-0.0894315	
-0.405369	-0.405369	-0.424667	-0.461756	-0.53129	-0.632844	-0.727853	-0.773725	-0.767841	-0.726728	-0.661248	-0.576101	-0.479367	-0.385428	-0.301806	-0.238241	-0.188141	-0.142409	-0.0850723	-0.0241997	0.0462107	0.128629	0.233065	0.370319	0.540525	0.705752	0.826317	0.902163	0.93794	0.935429	0.895539	0.809869	0.681369	0.511575	0.307642	0.0870871	-0.119318	-0.292103	-0.431473	-0.542918	-0.641818	-0.71175	-0.734536	-0.70449	-0.623756	-0.511368	-0.388597	-0.260658	-0.146152	-0.0564037	
-0.358272	-0.358272	-0.400372	-0.474623	-0.582195	-0.713954	-0.822446	-0.874707	-0.87375	-0.836486	-0.764832	-0.666149	-0.550489	-0.430888	-0.314639	-0.211094	-0.120787	-0.0434157	0.0243859	0.080071	0.133446	0.192739	0.264313	0.362098	0.481944	0.588268	0.649996	0.675497	0.669035	0.638197	0.593954	0.527279	0.429808	0.307642	0.164227	0.00852951	-0.129941	-0.239572	-0.328591	-0.402483	-0.470925	-0.527567	-0.554869	-0.539351	-0.478356	-0.383993	-0.2713	-0.154939	-0.0562653	0.0150683	
-0.37746	-0.37746	-0.436576	-0.539063	-0.675845	-0.82006	-0.926606	-0.973144	-0.97733	-0.946909	-0.879755	-0.779804	-0.655373	-0.511891	-0.356179	-0.203339	-0.0621249	0.0542978	0.139605	0.188818	0.218366	0.246445	0.285971	0.341747	0.403838	0.44693	0.454171	0.433844	0.386864	0.329943	0.279339	0.226176	0.159847	0.0870871	0.00852951	-0.0709252	-0.128502	-0.164332	-0.195948	-0.221246	-0.252656	-0.286868	-0.307876	-0.303248	-0.267638	-0.198226	-0.11125	-0.0233774	0.0503324	0.101789	
-0.488894	-0.488894	-0.552631	-0.663828	-0.802755	-0.941204	-1.03229	-1.07278	-1.07919	-1.05914	-0.999433	-0.904518	-0.774956	-0.608399	-0.413583	-0.2101	-0.0195269	0.138421	0.244778	0.290407	0.29453	0.290535	0.297219	0.30705	0.308211	0.290249	0.247623	0.183229	0.10315	0.026607	-0.0270377	-0.0654537	-0.0974296	-0.119318	-0.129941	-0.128502	-0.102573	-0.0699404	-0.043074	-0.0239108	-0.0151515	-0.0176063	-0.0247397	-0.0313638	-0.0209969	0.0160923	0.0669599	0.118704	0.163983	0.188353	
-0.680268	-0.680268	-0.736585	-0.828072	-0.942705	-1.05352	-1.13034	-1.16323	-1.17502	-1.16124	-1.11055	-1.01985	-0.886372	-0.702132	-0.474281	-0.230441	0.0010671	0.193193	0.31875	0.363924	0.348137	0.318575	0.293708	0.260355	0.207503	0.135005	0.0411129	-0.065833	-0.172217	-0.258521	-0.311244	-0.328846	-0.32196	-0.292103	-0.239572	-0.164332	-0.0699404	0.0249257	0.101691	0.165571	0.2183	0.249327	0.251713	0.23319	0.220242	0.222346	0.230433	0.247196	0.265111	0.260805	
-0.915789	-0.915789	-0.95372	-1.00847	-1.07442	-1.1495	-1.20663	-1.23523	-1.24567	-1.23579	-1.18987	-1.10208	-0.967739	-0.772922	-0.525501	-0.255005	0.00212298	0.214782	0.353578	0.400804	0.379471	0.335263	0.287777	0.222043	0.129183	0.00806011	-0.135731	-0.282534	-0.407859	-0.503462	-0.551768	-0.546611	-0.502774	-0.431473	-0.328591	-0.195948	-0.043074	0.101691	0.227142	0.335957	0.42828	0.481072	0.485815	0.462123	0.430854	0.397908	0.372322	0.360632	0.349487	0.32593	
-1.15197	-1.15197	-1.16975	-1.18121	-1.19637	-1.22679	-1.26012	-1.27248	-1.27388	-1.25778	-1.21023	-1.12241	-0.987262	-0.789784	-0.533593	-0.252804	0.012692	0.231062	0.37354	0.428759	0.413364	0.366074	0.301764	0.211861	0.0865619	-0.077088	-0.262957	-0.43853	-0.580615	-0.683951	-0.727212	-0.705019	-0.639749	-0.542918	-0.402483	-0.221246	-0.0239108	0.165571	0.335957	0.482761	0.597764	0.655258	0.665748	0.64376	0.601798	0.552143	0.508297	0.470034	0.43811	0.392079	
-1.3342	-1.3342	-1.33413	-1.31323	-1.28611	-1.27427	-1.27136	-1.25596	-1.23693	-1.20615	-1.15147	-1.06134	-0.929453	-0.736817	-0.487017	-0.215912	0.0394094	0.246927	0.389223	0.455491	0.456697	0.412523	0.335828	0.226084	0.073147	-0.121933	-0.332598	-0.525442	-0.680866	-0.793542	-0.839397	-0.819664	-0.753644	-0.641818	-0.470925	-0.252656	-0.0151515	0.2183	0.42828	0.597764	0.712174	0.768552	0.779719	0.756914	0.717292	0.670681	0.619537	0.568692	0.520139	0.456274	
-1.41649	-1.41649	-1.40313	-1.36319	-1.31068	-1.26177	-1.21621	-1.16462	-1.11724	-1.06592	-0.997969	-0.90688	-0.781684	-0.604575	-0.377825	-0.136345	0.0891873	0.274988	0.41035	0.486829	0.502297	0.460903	0.374905	0.248313	0.0754505	-0.136286	-0.353496	-0.551095	-0.715076	-0.837649	-0.894974	-0.890851	-0.830532	-0.71175	-0.527567	-0.286868	-0.0176063	0.249327	0.481072	0.655258	0.768552	0.82086	0.829422	0.811876	0.787775	0.753335	0.702824	0.648884	0.595088	0.519014	
-1.37584	-1.37584	-1.3507	-1.29986	-1.23449	-1.15753	-1.0736	-0.986458	-0.91062	-0.834429	-0.752859	-0.661476	-0.549522	-0.397003	-0.207341	-0.0106597	0.173364	0.327836	0.449471	0.52455	0.544282	0.504523	0.416676	0.284442	0.103213	-0.110165	-0.323696	-0.520202	-0.691447	-0.824226	-0.895187	-0.902924	-0.848246	-0.734536	-0.554869	-0.307876	-0.0247397	0.251713	0.485815	0.665748	0.779719	0.829422	0.839819	0.835237	0.829729	0.809366	0.770076	0.728395	0.677876	0.605855	
-1.21231	-1.21231	-1.17482	-1.11372	-1.04017	-0.946392	-0.837951	-0.727625	-0.629666	-0.534316	-0.443195	-0.356608	-0.261167	-0.138407	0.00898804	0.156283	0.293806	0.411687	0.509488	0.569341	0.583329	0.547656	0.470754	0.347092	0.171335	-0.0358328	-0.246342	-0.44382	-0.622936	-0.764321	-0.843791	-0.85579	-0.806107	-0.70449	-0.539351	-0.303248	-0.0313638	0.23319	0.462123	0.64376	0.756914	0.811876	0.835237	0.849142	0.859142	0.860504	0.849089	0.82569	0.788507	0.73151	
-0.958761	-0.958761	-0.909224	-0.83576	-0.750531	-0.648507	-0.529291	-0.411459	-0.302412	-0.201052	-0.109834	-0.0316359	0.0488426	0.144524	0.251948	0.350866	0.440199	0.516081	0.581514	0.616922	0.620698	0.593486	0.535847	0.433807	0.275022	0.0792037	-0.12897	-0.32668	-0.508938	-0.658187	-0.742928	-0.756892	-0.711357	-0.623756	-0.478356	-0.267638	-0.0209969	0.220242	0.430854	0.601798	0.717292	0.787775	0.829729	0.859142	0.89342	0.928779	0.948636	0.946885	0.926711	0.882177	
-0.639973	-0.639973	-0.584361	-0.49811	-0.401168	-0.293275	-0.177434	-0.0641886	0.0377828	0.127668	0.20571	0.273311	0.343593	0.417095	0.488371	0.540327	0.580453	0.613514	0.644859	0.657705	0.652693	0.633504	0.595334	0.518536	0.385396	0.206012	0.00594092	-0.184674	-0.366795	-0.522725	-0.613337	-0.627581	-0.58755	-0.511368	-0.383993	-0.198226	0.0160923	0.222346	0.397908	0.552143	0.670681	0.753335	0.809366	0.860504	0.928779	1.00354	1.05793	1.084	1.07972	1.04033	
-0.280842	-0.280842	-0.226151	-0.135429	-0.0288955	0.0770533	0.18283	0.278267	0.358867	0.42031	0.474868	0.529483	0.588913	0.64126	0.675213	0.681283	0.674512	0.668926	0.673457	0.671694	0.663445	0.649317	0.627444	0.576689	0.476696	0.32212	0.141431	-0.0368908	-0.215271	-0.374739	-0.469406	-0.487031	-0.457104	-0.388597	-0.2713	-0.11125	0.0669599	0.230433	0.372322	0.508297	0.619537	0.702824	0.770076	0.849089	0.948636	1.05793	1.14623	1.20695	1.22056	1.18903	
0.0843808	0.0843808	0.131867	0.218562	0.321775	0.417186	0.503742	0.57684	0.62888	0.658853	0.68658	0.724416	0.765299	0.792547	0.788038	0.755525	0.708839	0.674494	0.658348	0.651047	0.643999	0.636452	0.630224	0.607584	0.542475	0.420762	0.262966	0.100962	-0.0690774	-0.22108	-0.314994	-0.341368	-0.322703	-0.260658	-0.154939	-0.0233774	0.118704	0.247196	0.360632	0.470034	0.568692	0.648884	0.728395	0.82569	0.946885	1.084	1.20695	1.28927	1.3234	1.3059	
0.430995	0.430995	0.469196	0.542193	0.62483	0.694997	0.753663	0.803992	0.830132	0.835748	0.836929	0.848861	0.858296	0.851883	0.814589	0.751275	0.678596	0.618999	0.588379	0.579263	0.582713	0.592027	0.609224	0.617621	0.585557	0.497258	0.362192	0.216276	0.0620772	-0.0719374	-0.16276	-0.200235	-0.195811	-0.146152	-0.0562653	0.0503324	0.163983	0.265111	0.349487	0.43811	0.520139	0.595088	0.677876	0.788507	0.926711	1.07972	1.22056	1.3234	1.37806	1.38522	
0.741832	0.741832	0.770341	0.819207	0.86671	0.895846	0.924161	0.950309	0.960982	0.946413	0.924544	0.897935	0.866653	0.820859	0.756514	0.671021	0.577942	0.496761	0.450791	0.445156	0.466442	0.506745	0.555288	0.595083	0.593607	0.536546	0.427216	0.297152	0.169493	0.0576233	-0.0261703	-0.075875	-0.0894315	-0.0564037	0.0150683	0.101789	0.188353	0.260805	0.32593	0.392079	0.456274	0.519014	0.605855	0.73151	0.882177	1.04033	1.18903	1.3059	1.38522	1.425	
