-0.0330022	-0.0670152	-0.0556375	0.00115499	0.0864679	0.170584	0.244825	0.311235	0.354259	0.350513	0.309196	0.267263	0.241301	0.22513	0.221421	0.222615	0.223841	0.229344	0.237869	0.265185	0.308326	0.356165	0.396063	0.411441	0.397916	0.36716	0.327772	0.289085	0.257944	0.225257	0.170855	0.0735306	-0.0655905	-0.22411	-0.376761	-0.505581	-0.594331	-0.623371	-0.577386	-0.474703	-0.357315	-0.256075	-0.181168	-0.125506	-0.0848099	-0.0557891	-0.035307	-0.026672	-0.0257837	-0.0257837	
-0.0670152	-0.133113	-0.14826	-0.1153	-0.0580936	0.00388285	0.0648192	0.134669	0.180384	0.188626	0.177775	0.174154	0.187577	0.209951	0.228823	0.24128	0.245121	0.244142	0.240347	0.25396	0.286837	0.328339	0.370961	0.391624	0.389473	0.361696	0.31067	0.25244	0.206058	0.159346	0.0829315	-0.0366256	-0.198458	-0.36501	-0.510547	-0.621991	-0.679711	-0.678572	-0.601064	-0.466066	-0.322709	-0.196645	-0.0980737	-0.025145	0.0242493	0.0560972	0.0771406	0.0901082	0.0947292	0.0947292	
-0.0556375	-0.14826	-0.204016	-0.219131	-0.213285	-0.189	-0.148225	-0.0956748	-0.0507225	-0.0253355	-0.00881292	0.0173397	0.0643257	0.119586	0.164139	0.191802	0.205106	0.207378	0.204089	0.213314	0.235969	0.27427	0.315078	0.335805	0.339573	0.315749	0.258945	0.19	0.130895	0.0676316	-0.0271815	-0.168267	-0.335608	-0.495379	-0.624882	-0.698689	-0.7154	-0.669772	-0.55068	-0.389848	-0.222266	-0.072747	0.0468114	0.139625	0.200309	0.236337	0.261287	0.279034	0.286326	0.286326	
0.00115499	-0.1153	-0.219131	-0.30318	-0.36243	-0.391067	-0.390892	-0.365696	-0.331875	-0.297153	-0.256355	-0.198657	-0.124074	-0.0431512	0.025738	0.0752104	0.0992908	0.111246	0.121622	0.130026	0.150578	0.190185	0.232616	0.25601	0.262409	0.238487	0.174839	0.0960018	0.022531	-0.0582912	-0.167628	-0.310245	-0.466035	-0.603205	-0.696299	-0.723183	-0.68445	-0.585435	-0.43431	-0.258814	-0.078775	0.0852739	0.228551	0.34715	0.42228	0.469119	0.499024	0.512913	0.521363	0.521363	
0.0864679	-0.0580936	-0.213285	-0.36243	-0.488067	-0.575606	-0.624428	-0.634394	-0.619153	-0.587266	-0.533122	-0.456112	-0.365494	-0.26756	-0.1714	-0.0985466	-0.0580437	-0.0304765	-0.0039253	0.0146347	0.0389176	0.0820876	0.127526	0.152565	0.156137	0.128291	0.0654156	-0.019138	-0.108941	-0.203165	-0.314549	-0.44353	-0.570481	-0.672902	-0.728907	-0.706823	-0.611548	-0.464264	-0.285921	-0.100723	0.0823114	0.2577	0.420729	0.559937	0.658179	0.72141	0.762335	0.779923	0.787009	0.787009	
0.170584	0.00388285	-0.189	-0.391067	-0.575606	-0.724739	-0.822903	-0.871546	-0.883134	-0.862448	-0.80604	-0.720045	-0.616444	-0.506041	-0.391245	-0.298538	-0.236974	-0.188791	-0.145179	-0.115532	-0.0820912	-0.0334121	0.0119446	0.0409902	0.0405025	0.0108073	-0.0514173	-0.140882	-0.241494	-0.346552	-0.458457	-0.565353	-0.660419	-0.7308	-0.742977	-0.672437	-0.523826	-0.334442	-0.136412	0.0559697	0.239145	0.424312	0.604901	0.76257	0.886437	0.968893	1.01811	1.03783	1.03967	1.03967	
0.244825	0.0648192	-0.148225	-0.390892	-0.624428	-0.822903	-0.964903	-1.0563	-1.10153	-1.1036	-1.05345	-0.958746	-0.851981	-0.737385	-0.611112	-0.496209	-0.406029	-0.33461	-0.273596	-0.222146	-0.17865	-0.127676	-0.0807996	-0.0571672	-0.0656559	-0.102755	-0.166768	-0.257554	-0.364051	-0.473569	-0.578507	-0.666399	-0.732435	-0.77064	-0.746075	-0.631603	-0.442941	-0.219698	-0.00384766	0.197674	0.388625	0.575892	0.762938	0.929798	1.06782	1.16384	1.21737	1.2363	1.2336	1.2336	
0.311235	0.134669	-0.0956748	-0.365696	-0.634394	-0.871546	-1.0563	-1.19356	-1.27667	-1.30101	-1.25906	-1.16688	-1.05941	-0.938777	-0.802299	-0.661076	-0.536879	-0.440793	-0.354219	-0.280491	-0.217147	-0.161287	-0.12145	-0.105849	-0.132739	-0.188142	-0.267178	-0.363548	-0.469876	-0.582537	-0.680316	-0.749401	-0.786913	-0.790463	-0.725468	-0.571973	-0.356456	-0.112407	0.115267	0.32393	0.518333	0.699214	0.874108	1.03539	1.16943	1.26239	1.31485	1.32287	1.32131	1.32131	
0.354259	0.180384	-0.0507225	-0.331875	-0.619153	-0.883134	-1.10153	-1.27667	-1.39174	-1.43623	-1.40478	-1.32206	-1.21885	-1.0941	-0.944058	-0.776154	-0.618324	-0.488709	-0.372908	-0.27764	-0.198956	-0.134493	-0.0961044	-0.0955446	-0.14442	-0.226655	-0.332971	-0.439718	-0.547898	-0.66227	-0.751319	-0.801744	-0.810515	-0.773263	-0.673491	-0.493789	-0.262773	-0.0171231	0.213187	0.423571	0.609767	0.771985	0.921355	1.05721	1.17257	1.24863	1.28665	1.29008	1.28785	1.28785	
0.350513	0.188626	-0.0253355	-0.297153	-0.587266	-0.862448	-1.1036	-1.30101	-1.43623	-1.49104	-1.47104	-1.40449	-1.30836	-1.18395	-1.02007	-0.828911	-0.643179	-0.485014	-0.350794	-0.23628	-0.139883	-0.0675869	-0.0317733	-0.0405025	-0.106737	-0.220498	-0.346236	-0.459392	-0.575175	-0.688372	-0.772722	-0.808465	-0.790807	-0.720526	-0.592293	-0.401194	-0.170442	0.0612619	0.278511	0.475183	0.638004	0.772521	0.886076	0.988071	1.07784	1.13015	1.15385	1.15973	1.16086	1.16086	
0.309196	0.177775	-0.00881292	-0.256355	-0.533122	-0.80604	-1.05345	-1.25906	-1.40478	-1.47104	-1.46418	-1.4142	-1.32215	-1.18937	-1.01262	-0.81132	-0.615026	-0.440368	-0.296473	-0.175363	-0.070693	0.0084279	0.0430701	0.0260924	-0.0553771	-0.183445	-0.317849	-0.441754	-0.557428	-0.664477	-0.742744	-0.758351	-0.71453	-0.624185	-0.481924	-0.292396	-0.0794032	0.125954	0.316209	0.482093	0.611433	0.708196	0.780596	0.844723	0.899002	0.926733	0.936611	0.944645	0.952799	0.952799	
0.267263	0.174154	0.0173397	-0.198657	-0.456112	-0.720045	-0.958746	-1.16688	-1.32206	-1.40449	-1.4142	-1.36755	-1.27619	-1.13317	-0.943891	-0.736426	-0.538061	-0.365733	-0.227497	-0.106804	-0.00719819	0.0651932	0.0997156	0.078339	-0.00624011	-0.137977	-0.277082	-0.403654	-0.512801	-0.606364	-0.656341	-0.644107	-0.579406	-0.475961	-0.334352	-0.159689	0.0204065	0.191493	0.337592	0.456647	0.546508	0.596688	0.625001	0.649127	0.661921	0.661738	0.657006	0.658977	0.670493	0.670493	
0.241301	0.187577	0.0643257	-0.124074	-0.365494	-0.616444	-0.851981	-1.05941	-1.21885	-1.30836	-1.32215	-1.27619	-1.17874	-1.01985	-0.821142	-0.616779	-0.43387	-0.281806	-0.160111	-0.0569851	0.0312464	0.0904073	0.120434	0.0996658	0.0270913	-0.0913465	-0.226474	-0.347846	-0.444871	-0.518212	-0.533429	-0.48981	-0.407185	-0.290889	-0.158002	-0.00464152	0.140436	0.261852	0.35522	0.420848	0.45748	0.460288	0.442311	0.419304	0.393754	0.365005	0.343681	0.333972	0.340532	0.340532	
0.22513	0.209951	0.119586	-0.0431512	-0.26756	-0.506041	-0.737385	-0.938777	-1.0941	-1.18395	-1.18937	-1.13317	-1.01985	-0.853651	-0.661293	-0.480543	-0.330528	-0.211324	-0.110315	-0.0303856	0.0325311	0.0711803	0.0962815	0.0896023	0.0366005	-0.0594263	-0.179752	-0.287761	-0.36588	-0.406346	-0.386292	-0.315169	-0.215809	-0.0929818	0.0301385	0.158691	0.267187	0.332801	0.370617	0.377123	0.355437	0.31135	0.245019	0.179041	0.123521	0.0747954	0.0408292	0.0205571	0.0152434	0.0152434	
0.221421	0.228823	0.164139	0.025738	-0.1714	-0.391245	-0.611112	-0.802299	-0.944058	-1.02007	-1.01262	-0.943891	-0.821142	-0.661293	-0.495935	-0.353279	-0.245936	-0.166008	-0.100509	-0.0458426	-0.00958929	0.0100696	0.0282309	0.032647	0.00576113	-0.0660449	-0.160888	-0.241243	-0.287437	-0.289045	-0.233749	-0.133599	-0.0167362	0.109166	0.222314	0.321139	0.384193	0.397375	0.380761	0.329969	0.261135	0.170324	0.0606431	-0.0396402	-0.12205	-0.179013	-0.22086	-0.249935	-0.266798	-0.266798	
0.222615	0.24128	0.191802	0.0752104	-0.0985466	-0.298538	-0.496209	-0.661076	-0.776154	-0.828911	-0.81132	-0.736426	-0.616779	-0.480543	-0.353279	-0.256647	-0.197425	-0.159395	-0.128277	-0.106956	-0.101395	-0.0965588	-0.0846953	-0.0722638	-0.0787991	-0.119909	-0.176361	-0.217529	-0.219128	-0.177471	-0.0887072	0.0360223	0.173499	0.302608	0.406266	0.474453	0.491316	0.455272	0.384754	0.289675	0.180675	0.0546512	-0.0852205	-0.212209	-0.312665	-0.376151	-0.421118	-0.460955	-0.485416	-0.485416	
0.223841	0.245121	0.205106	0.0992908	-0.0580437	-0.236974	-0.406029	-0.536879	-0.618324	-0.643179	-0.615026	-0.538061	-0.43387	-0.330528	-0.245936	-0.197425	-0.181951	-0.179286	-0.184968	-0.198087	-0.218668	-0.236085	-0.23963	-0.228569	-0.211661	-0.215493	-0.223222	-0.213522	-0.170588	-0.0881414	0.0305747	0.177396	0.330967	0.46301	0.556444	0.595113	0.572233	0.496969	0.383795	0.258763	0.122326	-0.0264869	-0.183194	-0.328804	-0.435849	-0.501532	-0.544103	-0.58325	-0.610769	-0.610769	
0.229344	0.244142	0.207378	0.111246	-0.0304765	-0.188791	-0.33461	-0.440793	-0.488709	-0.485014	-0.440368	-0.365733	-0.281806	-0.211324	-0.166008	-0.159395	-0.179286	-0.209414	-0.252767	-0.298351	-0.345452	-0.389062	-0.414477	-0.413828	-0.38503	-0.349269	-0.304066	-0.242934	-0.154846	-0.0351401	0.10547	0.26441	0.42659	0.55943	0.642875	0.663202	0.612024	0.509744	0.374468	0.232595	0.0877321	-0.0681381	-0.229138	-0.379001	-0.484631	-0.544158	-0.577049	-0.603883	-0.626262	-0.626262	
0.237869	0.240347	0.204089	0.121622	-0.0039253	-0.145179	-0.273596	-0.354219	-0.372908	-0.350794	-0.296473	-0.227497	-0.160111	-0.110315	-0.100509	-0.128277	-0.184968	-0.252767	-0.321103	-0.4043	-0.482494	-0.553141	-0.602511	-0.607339	-0.572743	-0.497783	-0.4111	-0.312724	-0.180158	-0.0281231	0.130626	0.300003	0.456696	0.582693	0.656992	0.659092	0.597345	0.48371	0.347092	0.211259	0.0757383	-0.0690028	-0.218625	-0.35667	-0.454049	-0.502611	-0.527172	-0.543612	-0.558805	-0.558805	
0.265185	0.25396	0.213314	0.130026	0.0146347	-0.115532	-0.222146	-0.280491	-0.27764	-0.23628	-0.175363	-0.106804	-0.0569851	-0.0303856	-0.0458426	-0.106956	-0.198087	-0.298351	-0.4043	-0.519709	-0.629749	-0.718595	-0.780019	-0.788883	-0.737169	-0.636225	-0.51836	-0.384974	-0.226705	-0.0585124	0.110285	0.270862	0.41773	0.537482	0.605836	0.602954	0.537883	0.430306	0.306886	0.192372	0.0808739	-0.0417751	-0.167931	-0.28594	-0.365773	-0.402645	-0.421433	-0.427971	-0.439655	-0.439655	
0.308326	0.286837	0.235969	0.150578	0.0389176	-0.0820912	-0.17865	-0.217147	-0.198956	-0.139883	-0.070693	-0.00719819	0.0312464	0.0325311	-0.00958929	-0.101395	-0.218668	-0.345452	-0.482494	-0.629749	-0.766106	-0.867718	-0.925982	-0.924893	-0.85955	-0.745235	-0.609791	-0.457495	-0.288229	-0.107722	0.0577431	0.203363	0.337837	0.445051	0.511473	0.511124	0.456661	0.36822	0.270308	0.184395	0.0938286	-0.00429755	-0.106655	-0.198572	-0.254081	-0.278575	-0.289792	-0.296459	-0.305751	-0.305751	
0.356165	0.328339	0.27427	0.190185	0.0820876	-0.0334121	-0.127676	-0.161287	-0.134493	-0.0675869	0.0084279	0.0651932	0.0904073	0.0711803	0.0100696	-0.0965588	-0.236085	-0.389062	-0.553141	-0.718595	-0.867718	-0.968131	-1.01446	-1.0063	-0.93674	-0.820661	-0.677272	-0.516552	-0.342291	-0.162256	-0.0082766	0.122126	0.241879	0.337696	0.401941	0.407412	0.366742	0.30328	0.236018	0.176626	0.108764	0.0342722	-0.0444866	-0.107896	-0.141398	-0.156865	-0.16696	-0.181855	-0.19463	-0.19463	
0.396063	0.370961	0.315078	0.232616	0.127526	0.0119446	-0.0807996	-0.12145	-0.0961044	-0.0317733	0.0430701	0.0997156	0.120434	0.0962815	0.0282309	-0.0846953	-0.23963	-0.414477	-0.602511	-0.780019	-0.925982	-1.01446	-1.04678	-1.02397	-0.947974	-0.836711	-0.6956	-0.536647	-0.370362	-0.211246	-0.074499	0.037814	0.137867	0.224338	0.283284	0.295888	0.270007	0.233309	0.195739	0.159142	0.11955	0.0684564	0.018729	-0.0167056	-0.0367763	-0.0473726	-0.069092	-0.0978315	-0.120648	-0.120648	
0.411441	0.391624	0.335805	0.25601	0.152565	0.0409902	-0.0571672	-0.105849	-0.0955446	-0.0405025	0.0260924	0.078339	0.0996658	0.0896023	0.032647	-0.0722638	-0.228569	-0.413828	-0.607339	-0.788883	-0.924893	-1.0063	-1.02397	-0.984073	-0.901469	-0.792106	-0.657477	-0.514875	-0.369625	-0.23625	-0.126599	-0.0336561	0.0440552	0.112717	0.158786	0.172987	0.164197	0.149052	0.138815	0.127515	0.112284	0.0911236	0.0721494	0.0591941	0.0524974	0.0434223	0.012086	-0.0260911	-0.0572727	-0.0572727	
0.397916	0.389473	0.339573	0.262409	0.156137	0.0405025	-0.0656559	-0.132739	-0.14442	-0.106737	-0.0553771	-0.00624011	0.0270913	0.0366005	0.00576113	-0.0787991	-0.211661	-0.38503	-0.572743	-0.737169	-0.85955	-0.93674	-0.947974	-0.901469	-0.816166	-0.713014	-0.592453	-0.464111	-0.347078	-0.247791	-0.167464	-0.101409	-0.0442196	0.00677472	0.0458518	0.064948	0.0678413	0.0689774	0.0722587	0.0771463	0.0870595	0.0978504	0.110222	0.121285	0.124867	0.116501	0.0826555	0.0381421	0.00540939	0.00540939	
0.36716	0.361696	0.315749	0.238487	0.128291	0.0108073	-0.102755	-0.188142	-0.226655	-0.220498	-0.183445	-0.137977	-0.0913465	-0.0594263	-0.0660449	-0.119909	-0.215493	-0.349269	-0.497783	-0.636225	-0.745235	-0.820661	-0.836711	-0.792106	-0.713014	-0.619909	-0.522309	-0.4193	-0.32567	-0.256823	-0.198288	-0.147064	-0.110094	-0.0756096	-0.0507681	-0.0350498	-0.0247573	-0.0167673	0.000627892	0.0212921	0.056195	0.0996939	0.137443	0.165941	0.178159	0.172296	0.141306	0.103587	0.0738107	0.0738107	
0.327772	0.31067	0.258945	0.174839	0.0654156	-0.0514173	-0.166768	-0.267178	-0.332971	-0.346236	-0.317849	-0.277082	-0.226474	-0.179752	-0.160888	-0.176361	-0.223222	-0.304066	-0.4111	-0.51836	-0.609791	-0.677272	-0.6956	-0.657477	-0.592453	-0.522309	-0.449512	-0.372062	-0.304453	-0.258493	-0.218582	-0.186233	-0.166363	-0.151234	-0.141911	-0.134423	-0.12161	-0.109053	-0.0855684	-0.0464048	0.0109415	0.0843491	0.149768	0.197072	0.222014	0.22424	0.203707	0.174513	0.154509	0.154509	
0.289085	0.25244	0.19	0.0960018	-0.019138	-0.140882	-0.257554	-0.363548	-0.439718	-0.459392	-0.441754	-0.403654	-0.347846	-0.287761	-0.241243	-0.217529	-0.213522	-0.242934	-0.312724	-0.384974	-0.457495	-0.516552	-0.536647	-0.514875	-0.464111	-0.4193	-0.372062	-0.3184	-0.283093	-0.259902	-0.240136	-0.226124	-0.22017	-0.22491	-0.230398	-0.230873	-0.221663	-0.203263	-0.172747	-0.123682	-0.0472335	0.0462654	0.132567	0.202771	0.247198	0.267292	0.266103	0.254829	0.247924	0.247924	
0.257944	0.206058	0.130895	0.022531	-0.108941	-0.241494	-0.364051	-0.469876	-0.547898	-0.575175	-0.557428	-0.512801	-0.444871	-0.36588	-0.287437	-0.219128	-0.170588	-0.154846	-0.180158	-0.226705	-0.288229	-0.342291	-0.370362	-0.369625	-0.347078	-0.32567	-0.304453	-0.283093	-0.272879	-0.266391	-0.261266	-0.257527	-0.263672	-0.285762	-0.306842	-0.314414	-0.303119	-0.277806	-0.237779	-0.183459	-0.105177	-0.0068328	0.0882883	0.174496	0.241269	0.28315	0.305122	0.316613	0.324328	0.324328	
0.225257	0.159346	0.0676316	-0.0582912	-0.203165	-0.346552	-0.473569	-0.582537	-0.66227	-0.688372	-0.664477	-0.606364	-0.518212	-0.406346	-0.289045	-0.177471	-0.0881414	-0.0351401	-0.0281231	-0.0585124	-0.107722	-0.162256	-0.211246	-0.23625	-0.247791	-0.256823	-0.258493	-0.259902	-0.266391	-0.268938	-0.266669	-0.268877	-0.288191	-0.32422	-0.357303	-0.37411	-0.361304	-0.326578	-0.28477	-0.230708	-0.158972	-0.0700186	0.0286826	0.126088	0.209234	0.269664	0.310775	0.339515	0.360574	0.360574	
0.170855	0.0829315	-0.0271815	-0.167628	-0.314549	-0.458457	-0.578507	-0.680316	-0.751319	-0.772722	-0.742744	-0.656341	-0.533429	-0.386292	-0.233749	-0.0887072	0.0305747	0.10547	0.130626	0.110285	0.0577431	-0.0082766	-0.074499	-0.126599	-0.167464	-0.198288	-0.218582	-0.240136	-0.261266	-0.266669	-0.266306	-0.273933	-0.300538	-0.349074	-0.394343	-0.416594	-0.407573	-0.367048	-0.321598	-0.27268	-0.209295	-0.13263	-0.0338949	0.0689699	0.163397	0.238042	0.291916	0.339272	0.368834	0.368834	
0.0735306	-0.0366256	-0.168267	-0.310245	-0.44353	-0.565353	-0.666399	-0.749401	-0.801744	-0.808465	-0.758351	-0.644107	-0.48981	-0.315169	-0.133599	0.0360223	0.177396	0.26441	0.300003	0.270862	0.203363	0.122126	0.037814	-0.0336561	-0.101409	-0.147064	-0.186233	-0.226124	-0.257527	-0.268877	-0.273933	-0.289241	-0.324222	-0.380038	-0.429253	-0.456602	-0.446978	-0.404793	-0.358301	-0.311173	-0.261049	-0.193013	-0.0972386	0.00832975	0.112645	0.19946	0.273553	0.338723	0.380698	0.380698	
-0.0655905	-0.198458	-0.335608	-0.466035	-0.570481	-0.660419	-0.732435	-0.786913	-0.810515	-0.790807	-0.71453	-0.579406	-0.407185	-0.215809	-0.0167362	0.173499	0.330967	0.42659	0.456696	0.41773	0.337837	0.241879	0.137867	0.0440552	-0.0442196	-0.110094	-0.166363	-0.22017	-0.263672	-0.288191	-0.300538	-0.324222	-0.363753	-0.415415	-0.461413	-0.489454	-0.482132	-0.438903	-0.390957	-0.343781	-0.300097	-0.237909	-0.147036	-0.0434058	0.0644768	0.158493	0.251528	0.333581	0.385469	0.385469	
-0.22411	-0.36501	-0.495379	-0.603205	-0.672902	-0.7308	-0.77064	-0.790463	-0.773263	-0.720526	-0.624185	-0.475961	-0.290889	-0.0929818	0.109166	0.302608	0.46301	0.55943	0.582693	0.537482	0.445051	0.337696	0.224338	0.112717	0.00677472	-0.0756096	-0.151234	-0.22491	-0.285762	-0.32422	-0.349074	-0.380038	-0.415415	-0.456437	-0.494676	-0.517845	-0.509619	-0.464179	-0.407252	-0.353639	-0.306639	-0.249335	-0.165021	-0.0713928	0.0224275	0.115064	0.210437	0.29744	0.351838	0.351838	
-0.376761	-0.510547	-0.624882	-0.696299	-0.728907	-0.742977	-0.746075	-0.725468	-0.673491	-0.592293	-0.481924	-0.334352	-0.158002	0.0301385	0.222314	0.406266	0.556444	0.642875	0.656992	0.605836	0.511473	0.401941	0.283284	0.158786	0.0458518	-0.0507681	-0.141911	-0.230398	-0.306842	-0.357303	-0.394343	-0.429253	-0.461413	-0.494676	-0.527835	-0.54891	-0.538574	-0.488742	-0.413595	-0.345062	-0.289789	-0.228756	-0.158784	-0.0825462	-0.00949894	0.0653905	0.15407	0.23307	0.282216	0.282216	
-0.505581	-0.621991	-0.698689	-0.723183	-0.706823	-0.672437	-0.631603	-0.571973	-0.493789	-0.401194	-0.292396	-0.159689	-0.00464152	0.158691	0.321139	0.474453	0.595113	0.663202	0.659092	0.602954	0.511124	0.407412	0.295888	0.172987	0.064948	-0.0350498	-0.134423	-0.230873	-0.314414	-0.37411	-0.416594	-0.456602	-0.489454	-0.517845	-0.54891	-0.56737	-0.553836	-0.496168	-0.407488	-0.324099	-0.257517	-0.197201	-0.138499	-0.0824033	-0.0372409	0.0129366	0.077002	0.133374	0.167172	0.167172	
-0.594331	-0.679711	-0.7154	-0.68445	-0.611548	-0.523826	-0.442941	-0.356456	-0.262773	-0.170442	-0.0794032	0.0204065	0.140436	0.267187	0.384193	0.491316	0.572233	0.612024	0.597345	0.537883	0.456661	0.366742	0.270007	0.164197	0.0678413	-0.0247573	-0.12161	-0.221663	-0.303119	-0.361304	-0.407573	-0.446978	-0.482132	-0.509619	-0.538574	-0.553836	-0.536488	-0.475704	-0.380122	-0.291795	-0.221791	-0.17054	-0.129711	-0.0980669	-0.0832192	-0.0592043	-0.0251803	0.00521851	0.0215692	0.0215692	
-0.623371	-0.678572	-0.669772	-0.585435	-0.464264	-0.334442	-0.219698	-0.112407	-0.0171231	0.0612619	0.125954	0.191493	0.261852	0.332801	0.397375	0.455272	0.496969	0.509744	0.48371	0.430306	0.36822	0.30328	0.233309	0.149052	0.0689774	-0.0167673	-0.109053	-0.203263	-0.277806	-0.326578	-0.367048	-0.404793	-0.438903	-0.464179	-0.488742	-0.496168	-0.475704	-0.418576	-0.328774	-0.247707	-0.189105	-0.154122	-0.138613	-0.136801	-0.14968	-0.157361	-0.155753	-0.154251	-0.156619	-0.156619	
-0.577386	-0.601064	-0.55068	-0.43431	-0.285921	-0.136412	-0.00384766	0.115267	0.213187	0.278511	0.316209	0.337592	0.35522	0.370617	0.380761	0.384754	0.383795	0.374468	0.347092	0.306886	0.270308	0.236018	0.195739	0.138815	0.0722587	0.000627892	-0.0855684	-0.172747	-0.237779	-0.28477	-0.321598	-0.358301	-0.390957	-0.407252	-0.413595	-0.407488	-0.380122	-0.328774	-0.25966	-0.194797	-0.155834	-0.1456	-0.157541	-0.188022	-0.230524	-0.271441	-0.305396	-0.333306	-0.353417	-0.353417	
-0.474703	-0.466066	-0.389848	-0.258814	-0.100723	0.0559697	0.197674	0.32393	0.423571	0.475183	0.482093	0.456647	0.420848	0.377123	0.329969	0.289675	0.258763	0.232595	0.211259	0.192372	0.184395	0.176626	0.159142	0.127515	0.0771463	0.0212921	-0.0464048	-0.123682	-0.183459	-0.230708	-0.27268	-0.311173	-0.343781	-0.353639	-0.345062	-0.324099	-0.291795	-0.247707	-0.194797	-0.14698	-0.127624	-0.141588	-0.184817	-0.248219	-0.317326	-0.386695	-0.44575	-0.493698	-0.522681	-0.522681	
-0.357315	-0.322709	-0.222266	-0.078775	0.0823114	0.239145	0.388625	0.518333	0.609767	0.638004	0.611433	0.546508	0.45748	0.355437	0.261135	0.180675	0.122326	0.0877321	0.0757383	0.0808739	0.0938286	0.108764	0.11955	0.112284	0.0870595	0.056195	0.0109415	-0.0472335	-0.105177	-0.158972	-0.209295	-0.261049	-0.300097	-0.306639	-0.289789	-0.257517	-0.221791	-0.189105	-0.155834	-0.127624	-0.12694	-0.162028	-0.227097	-0.310962	-0.395958	-0.479553	-0.553236	-0.610595	-0.64237	-0.64237	
-0.256075	-0.196645	-0.072747	0.0852739	0.2577	0.424312	0.575892	0.699214	0.771985	0.772521	0.708196	0.596688	0.460288	0.31135	0.170324	0.0546512	-0.0264869	-0.0681381	-0.0690028	-0.0417751	-0.00429755	0.0342722	0.0684564	0.0911236	0.0978504	0.0996939	0.0843491	0.0462654	-0.0068328	-0.0700186	-0.13263	-0.193013	-0.237909	-0.249335	-0.228756	-0.197201	-0.17054	-0.154122	-0.1456	-0.141588	-0.162028	-0.213715	-0.296445	-0.388964	-0.473675	-0.555771	-0.62237	-0.672346	-0.697063	-0.697063	
-0.181168	-0.0980737	0.0468114	0.228551	0.420729	0.604901	0.762938	0.874108	0.921355	0.886076	0.780596	0.625001	0.442311	0.245019	0.0606431	-0.0852205	-0.183194	-0.229138	-0.218625	-0.167931	-0.106655	-0.0444866	0.018729	0.0721494	0.110222	0.137443	0.149768	0.132567	0.0882883	0.0286826	-0.0338949	-0.0972386	-0.147036	-0.165021	-0.158784	-0.138499	-0.129711	-0.138613	-0.157541	-0.184817	-0.227097	-0.296445	-0.386772	-0.475679	-0.550979	-0.614353	-0.663082	-0.696263	-0.708521	-0.708521	
-0.125506	-0.025145	0.139625	0.34715	0.559937	0.76257	0.929798	1.03539	1.05721	0.988071	0.844723	0.649127	0.419304	0.179041	-0.0396402	-0.212209	-0.328804	-0.379001	-0.35667	-0.28594	-0.198572	-0.107896	-0.0167056	0.0591941	0.121285	0.165941	0.197072	0.202771	0.174496	0.126088	0.0689699	0.00832975	-0.0434058	-0.0713928	-0.0825462	-0.0824033	-0.0980669	-0.136801	-0.188022	-0.248219	-0.310962	-0.388964	-0.475679	-0.551011	-0.612024	-0.656991	-0.690148	-0.710794	-0.714751	-0.714751	
-0.0848099	0.0242493	0.200309	0.42228	0.658179	0.886437	1.06782	1.16943	1.17257	1.07784	0.899002	0.661921	0.393754	0.123521	-0.12205	-0.312665	-0.435849	-0.484631	-0.454049	-0.365773	-0.254081	-0.141398	-0.0367763	0.0524974	0.124867	0.178159	0.222014	0.247198	0.241269	0.209234	0.163397	0.112645	0.0644768	0.0224275	-0.00949894	-0.0372409	-0.0832192	-0.14968	-0.230524	-0.317326	-0.395958	-0.473675	-0.550979	-0.612024	-0.657931	-0.690343	-0.711946	-0.722571	-0.723375	-0.723375	
-0.0557891	0.0560972	0.236337	0.469119	0.72141	0.968893	1.16384	1.26239	1.24863	1.13015	0.926733	0.661738	0.365005	0.0747954	-0.179013	-0.376151	-0.501532	-0.544158	-0.502611	-0.402645	-0.278575	-0.156865	-0.0473726	0.0434223	0.116501	0.172296	0.22424	0.267292	0.28315	0.269664	0.238042	0.19946	0.158493	0.115064	0.0653905	0.0129366	-0.0592043	-0.157361	-0.271441	-0.386695	-0.479553	-0.555771	-0.614353	-0.656991	-0.690343	-0.711157	-0.728626	-0.736681	-0.738535	-0.738535	
-0.035307	0.0771406	0.261287	0.499024	0.762335	1.01811	1.21737	1.31485	1.28665	1.15385	0.936611	0.657006	0.343681	0.0408292	-0.22086	-0.421118	-0.544103	-0.577049	-0.527172	-0.421433	-0.289792	-0.16696	-0.069092	0.012086	0.0826555	0.141306	0.203707	0.266103	0.305122	0.310775	0.291916	0.273553	0.251528	0.210437	0.15407	0.077002	-0.0251803	-0.155753	-0.305396	-0.44575	-0.553236	-0.62237	-0.663082	-0.690148	-0.711946	-0.728626	-0.743258	-0.753932	-0.75798	-0.75798	
-0.026672	0.0901082	0.279034	0.512913	0.779923	1.03783	1.2363	1.32287	1.29008	1.15973	0.944645	0.658977	0.333972	0.0205571	-0.249935	-0.460955	-0.58325	-0.603883	-0.543612	-0.427971	-0.296459	-0.181855	-0.0978315	-0.0260911	0.0381421	0.103587	0.174513	0.254829	0.316613	0.339515	0.339272	0.338723	0.333581	0.29744	0.23307	0.133374	0.00521851	-0.154251	-0.333306	-0.493698	-0.610595	-0.672346	-0.696263	-0.710794	-0.722571	-0.736681	-0.753932	-0.763253	-0.774294	-0.774294	
-0.0257837	0.0947292	0.286326	0.521363	0.787009	1.03967	1.2336	1.32131	1.28785	1.16086	0.952799	0.670493	0.340532	0.0152434	-0.266798	-0.485416	-0.610769	-0.626262	-0.558805	-0.439655	-0.305751	-0.19463	-0.120648	-0.0572727	0.00540939	0.0738107	0.154509	0.247924	0.324328	0.360574	0.368834	0.380698	0.385469	0.351838	0.282216	0.167172	0.0215692	-0.156619	-0.353417	-0.522681	-0.64237	-0.697063	-0.708521	-0.714751	-0.723375	-0.738535	-0.75798	-0.774294	-0.78729	-0.78729	
-0.0257837	0.0947292	0.286326	0.521363	0.787009	1.03967	1.2336	1.32131	1.28785	1.16086	0.952799	0.670493	0.340532	0.0152434	-0.266798	-0.485416	-0.610769	-0.626262	-0.558805	-0.439655	-0.305751	-0.19463	-0.120648	-0.0572727	0.00540939	0.0738107	0.154509	0.247924	0.324328	0.360574	0.368834	0.380698	0.385469	0.351838	0.282216	0.167172	0.0215692	-0.156619	-0.353417	-0.522681	-0.64237	-0.697063	-0.708521	-0.714751	-0.723375	-0.738535	-0.75798	-0.774294	-0.78729	-0.78729	
