0.56292	0.23874	0.348398	-0.339068	-0.872718	-0.872718	
0.23874	-0.530907	-0.427576	-0.11397	0.801885	0.801885	
0.348398	-0.427576	0.0453977	-0.0599709	1.03034	1.03034	
-0.339068	-0.11397	-0.0599709	-0.358107	0.658751	0.658751	
-0.872718	0.801885	1.03034	0.658751	-1.32497	-1.32497	
-0.872718	0.801885	1.03034	0.658751	-1.32497	-1.32497	
