-0.315588	-0.315588	-0.377281	-0.468138	-0.549672	-0.600742	-0.634717	-0.657401	-0.684506	-0.736414	-0.827879	-0.938879	-1.04712	-1.14363	-1.20314	-1.2034	-1.12748	-0.973269	-0.718653	-0.36111	0.0775936	0.538767	0.943461	1.24387	1.43782	1.5398	1.54861	1.47366	1.35096	1.21635	1.10264	1.02582	0.992742	0.994303	1.00089	1.00185	0.993761	0.960174	0.872304	0.730888	0.562741	0.404314	0.270006	0.146588	0.0278945	-0.0603808	-0.114922	-0.138188	-0.119953	-0.07393	
-0.315588	-0.315588	-0.377281	-0.468138	-0.549672	-0.600742	-0.634717	-0.657401	-0.684506	-0.736414	-0.827879	-0.938879	-1.04712	-1.14363	-1.20314	-1.2034	-1.12748	-0.973269	-0.718653	-0.36111	0.0775936	0.538767	0.943461	1.24387	1.43782	1.5398	1.54861	1.47366	1.35096	1.21635	1.10264	1.02582	0.992742	0.994303	1.00089	1.00185	0.993761	0.960174	0.872304	0.730888	0.562741	0.404314	0.270006	0.146588	0.0278945	-0.0603808	-0.114922	-0.138188	-0.119953	-0.07393	
-0.377281	-0.377281	-0.440314	-0.530873	-0.608675	-0.65095	-0.675017	-0.688648	-0.710307	-0.75672	-0.840116	-0.939538	-1.03459	-1.12071	-1.17399	-1.17376	-1.10039	-0.951748	-0.705805	-0.360251	0.0654893	0.516922	0.919829	1.22636	1.4307	1.54166	1.5553	1.48335	1.36355	1.23452	1.12602	1.04884	1.00602	0.987418	0.96896	0.948223	0.925943	0.890413	0.809026	0.678853	0.52159	0.371137	0.240525	0.120279	0.00268826	-0.0840817	-0.138582	-0.163231	-0.15028	-0.113098	
-0.468138	-0.468138	-0.530873	-0.61981	-0.6899	-0.721141	-0.728992	-0.729231	-0.738013	-0.773266	-0.841983	-0.923824	-1.0013	-1.07081	-1.11488	-1.11139	-1.04424	-0.90828	-0.682819	-0.361551	0.0405773	0.475498	0.872879	1.18578	1.40272	1.5276	1.55508	1.49555	1.38864	1.26944	1.16481	1.08176	1.01952	0.97103	0.918716	0.865426	0.822059	0.776377	0.700639	0.586276	0.450048	0.318854	0.203376	0.088562	-0.0268563	-0.119072	-0.179999	-0.211851	-0.207646	-0.184519	
-0.549672	-0.549672	-0.608675	-0.6899	-0.751721	-0.770524	-0.764758	-0.746647	-0.737883	-0.753855	-0.804527	-0.870606	-0.933859	-0.992141	-1.02694	-1.02374	-0.966903	-0.854275	-0.66093	-0.374792	-0.0031281	0.409657	0.797372	1.11133	1.33959	1.48374	1.5364	1.50632	1.42223	1.31564	1.20867	1.10938	1.02272	0.944	0.860742	0.780521	0.711663	0.652705	0.575913	0.47654	0.366475	0.265099	0.171572	0.0714648	-0.0450125	-0.146316	-0.223084	-0.270638	-0.284096	-0.278961	
-0.600742	-0.600742	-0.65095	-0.721141	-0.770524	-0.78124	-0.761055	-0.726609	-0.693995	-0.687293	-0.717245	-0.769906	-0.827221	-0.880477	-0.916089	-0.91847	-0.880959	-0.797184	-0.642806	-0.397011	-0.0634323	0.319108	0.686649	0.995856	1.23443	1.40337	1.49332	1.50206	1.45009	1.35845	1.24859	1.13392	1.02247	0.916269	0.807186	0.70012	0.611293	0.536085	0.458976	0.373381	0.289245	0.217313	0.151873	0.0666267	-0.0418598	-0.152541	-0.246485	-0.317191	-0.357127	-0.381097	
-0.634717	-0.634717	-0.675017	-0.728992	-0.764758	-0.761055	-0.726634	-0.670341	-0.614023	-0.580293	-0.586986	-0.624777	-0.676802	-0.734354	-0.780188	-0.802515	-0.790223	-0.73784	-0.618798	-0.413806	-0.122442	0.219174	0.559456	0.860037	1.11155	1.30948	1.43646	1.48475	1.46244	1.38897	1.28365	1.16009	1.03122	0.899919	0.764523	0.637105	0.530008	0.448636	0.373907	0.300856	0.235128	0.184047	0.136034	0.0707901	-0.0254614	-0.129818	-0.230756	-0.319352	-0.390137	-0.449636	
-0.657401	-0.657401	-0.688648	-0.729231	-0.746647	-0.726609	-0.670341	-0.594473	-0.51502	-0.459119	-0.441546	-0.461224	-0.507874	-0.572352	-0.640245	-0.690475	-0.70993	-0.684121	-0.594951	-0.423901	-0.175202	0.125687	0.436321	0.729268	0.991839	1.21188	1.36799	1.4454	1.4506	1.39837	1.30414	1.18134	1.03874	0.884571	0.72609	0.577413	0.460522	0.374684	0.307449	0.247201	0.196557	0.159481	0.12753	0.0772185	0.00332062	-0.0870923	-0.181117	-0.27594	-0.367866	-0.458782	
-0.684506	-0.684506	-0.710307	-0.738013	-0.737883	-0.693995	-0.614023	-0.51502	-0.418225	-0.343559	-0.305867	-0.308658	-0.350463	-0.425901	-0.518379	-0.602606	-0.654777	-0.65771	-0.593538	-0.451335	-0.231713	0.0405555	0.334494	0.622238	0.889564	1.1196	1.29053	1.38971	1.41789	1.38509	1.30234	1.17803	1.02472	0.852264	0.675624	0.51522	0.388804	0.301749	0.239433	0.190211	0.153667	0.13125	0.113546	0.0847924	0.0342592	-0.0321849	-0.111045	-0.200692	-0.301046	-0.409661	
-0.736414	-0.736414	-0.75672	-0.773266	-0.753855	-0.687293	-0.580293	-0.459119	-0.343559	-0.254248	-0.200693	-0.192948	-0.233591	-0.317742	-0.42976	-0.540899	-0.626527	-0.659118	-0.623436	-0.500955	-0.297123	-0.0327489	0.255171	0.538546	0.800115	1.02505	1.19972	1.31254	1.35908	1.34311	1.26793	1.14504	0.985295	0.803722	0.619782	0.451803	0.319865	0.225559	0.161977	0.117264	0.0904437	0.082751	0.0853842	0.0814567	0.0637739	0.0233862	-0.0351201	-0.112411	-0.209216	-0.317436	
-0.827879	-0.827879	-0.840116	-0.841983	-0.804527	-0.717245	-0.586986	-0.441546	-0.305867	-0.200693	-0.137327	-0.125848	-0.169648	-0.257998	-0.378212	-0.506664	-0.619075	-0.68242	-0.670283	-0.56248	-0.360006	-0.094125	0.195524	0.473927	0.724863	0.936789	1.10413	1.21769	1.27158	1.26308	1.19652	1.07942	0.925701	0.748013	0.56846	0.403488	0.2683	0.165034	0.0915316	0.0398951	0.0139821	0.0151747	0.0368542	0.0623952	0.0789961	0.0710782	0.0375198	-0.0190864	-0.0971037	-0.18949	
-0.938879	-0.938879	-0.939538	-0.923824	-0.870606	-0.769906	-0.624777	-0.461224	-0.308658	-0.192948	-0.125848	-0.118999	-0.168722	-0.260233	-0.381976	-0.518419	-0.648332	-0.727881	-0.728713	-0.623273	-0.420398	-0.150491	0.141515	0.420372	0.666402	0.866179	1.01783	1.11807	1.16169	1.15163	1.08877	0.983382	0.843352	0.681003	0.515814	0.361246	0.227004	0.114618	0.0290719	-0.0306685	-0.05848	-0.0496028	-0.0138942	0.0332459	0.0786404	0.0978143	0.0926214	0.0670303	0.0191016	-0.0442618	
-1.04712	-1.04712	-1.03459	-1.0013	-0.933859	-0.827221	-0.676802	-0.507874	-0.350463	-0.233591	-0.169648	-0.168722	-0.226985	-0.32233	-0.445952	-0.583889	-0.713744	-0.788529	-0.7797	-0.669242	-0.465052	-0.196516	0.0990102	0.384741	0.634291	0.825092	0.958191	1.03301	1.05525	1.02929	0.963621	0.866015	0.744239	0.603278	0.460268	0.319648	0.189346	0.0701411	-0.0213866	-0.0822914	-0.104076	-0.0886772	-0.0445617	0.0119976	0.0727517	0.112694	0.132785	0.137506	0.122612	0.0850863	
-1.14363	-1.14363	-1.12071	-1.07081	-0.992141	-0.880477	-0.734354	-0.572352	-0.425901	-0.317742	-0.257998	-0.260233	-0.32233	-0.422108	-0.544482	-0.673284	-0.78362	-0.828811	-0.794021	-0.66939	-0.465754	-0.201156	0.0946878	0.384983	0.635282	0.816092	0.927299	0.975269	0.967799	0.918729	0.840386	0.746703	0.641589	0.526081	0.406882	0.286321	0.165385	0.0503304	-0.0366409	-0.0890295	-0.104358	-0.0860683	-0.0468788	0.00647743	0.0711814	0.121555	0.159432	0.187839	0.196984	0.182149	
-1.20314	-1.20314	-1.17399	-1.11488	-1.02694	-0.916089	-0.780188	-0.640245	-0.518379	-0.42976	-0.378212	-0.381976	-0.445952	-0.544482	-0.656438	-0.761227	-0.834515	-0.836516	-0.763814	-0.617861	-0.408962	-0.148034	0.140844	0.42176	0.658274	0.816947	0.901799	0.917899	0.879878	0.80441	0.712439	0.620018	0.530186	0.436801	0.345283	0.250324	0.153414	0.0553269	-0.0176665	-0.0612994	-0.0745932	-0.0652006	-0.0387884	0.00155326	0.0608462	0.112718	0.15643	0.196584	0.22515	0.23353	
-1.2034	-1.2034	-1.17376	-1.11139	-1.02374	-0.91847	-0.802515	-0.690475	-0.602606	-0.540899	-0.506664	-0.518419	-0.583889	-0.673284	-0.761227	-0.830427	-0.861349	-0.818944	-0.705597	-0.531356	-0.309584	-0.0512508	0.223083	0.480785	0.687546	0.812891	0.861603	0.843162	0.77482	0.676513	0.571959	0.476422	0.391763	0.314361	0.246558	0.185793	0.122727	0.0540868	0.0026655	-0.0279129	-0.0402149	-0.0408123	-0.035109	-0.0162634	0.0255843	0.0662885	0.106335	0.152208	0.19812	0.232113	
-1.12748	-1.12748	-1.10039	-1.04424	-0.966903	-0.880959	-0.790223	-0.70993	-0.654777	-0.626527	-0.619075	-0.648332	-0.713744	-0.78362	-0.834515	-0.861349	-0.850219	-0.764965	-0.609461	-0.401162	-0.163808	0.0902543	0.342319	0.564387	0.727244	0.803005	0.803558	0.744053	0.644975	0.526756	0.409024	0.307239	0.224937	0.160399	0.118323	0.0899483	0.0615948	0.0235887	-0.00202296	-0.012427	-0.0159323	-0.0238595	-0.0378549	-0.0446566	-0.024743	0.00159655	0.0325971	0.0777652	0.131385	0.18196	
-0.973269	-0.973269	-0.951748	-0.90828	-0.854275	-0.797184	-0.73784	-0.684121	-0.65771	-0.659118	-0.68242	-0.727881	-0.788529	-0.828811	-0.836516	-0.818944	-0.764965	-0.637157	-0.43762	-0.197882	0.0510669	0.294123	0.515318	0.691355	0.795481	0.808718	0.751437	0.644126	0.510985	0.366172	0.232334	0.124109	0.0479941	0.0026474	-0.0138354	-0.0107613	-0.00637227	-0.0108958	-0.00416125	0.0108597	0.0184764	0.00321517	-0.0317387	-0.0611955	-0.0598047	-0.0453721	-0.02366	0.0126864	0.0657816	0.121347	
-0.718653	-0.718653	-0.705805	-0.682819	-0.66093	-0.642806	-0.618798	-0.594951	-0.593538	-0.623436	-0.670283	-0.728713	-0.7797	-0.794021	-0.763814	-0.705597	-0.609461	-0.43762	-0.198568	0.0665609	0.319527	0.544532	0.728213	0.847719	0.884744	0.830464	0.711583	0.55441	0.37861	0.203904	0.0528	-0.0560771	-0.119031	-0.142239	-0.130905	-0.0950803	-0.0541624	-0.0213721	0.0145144	0.0478527	0.0575557	0.032688	-0.0157953	-0.0564688	-0.0626071	-0.0553048	-0.0466604	-0.0221212	0.0227074	0.0802492	
-0.36111	-0.36111	-0.360251	-0.361551	-0.374792	-0.397011	-0.413806	-0.423901	-0.451335	-0.500955	-0.56248	-0.623273	-0.669242	-0.66939	-0.617861	-0.531356	-0.401162	-0.197882	0.0665609	0.342138	0.587481	0.787292	0.925784	0.987957	0.961539	0.848207	0.677885	0.474824	0.26492	0.0670857	-0.0919382	-0.199024	-0.253277	-0.259895	-0.223289	-0.152172	-0.0720587	-0.00587926	0.0500173	0.0893623	0.097701	0.0684198	0.0174918	-0.0221961	-0.0309916	-0.0294514	-0.0301509	-0.0179356	0.0226029	0.0780786	
0.0775936	0.0775936	0.0654893	0.0405773	-0.0031281	-0.0634323	-0.122442	-0.175202	-0.231713	-0.297123	-0.360006	-0.420398	-0.465052	-0.465754	-0.408962	-0.309584	-0.163808	0.0510669	0.319527	0.587481	0.813363	0.977603	1.07143	1.08193	1.00479	0.845975	0.633933	0.401374	0.173544	-0.0280301	-0.186159	-0.292627	-0.343787	-0.338382	-0.277226	-0.173444	-0.0620812	0.027506	0.0938332	0.138647	0.150112	0.124823	0.0784699	0.0407593	0.0318404	0.0327074	0.0276817	0.0366505	0.0679673	0.110571	
0.538767	0.538767	0.516922	0.475498	0.409657	0.319108	0.219174	0.125687	0.0405555	-0.0327489	-0.094125	-0.150491	-0.196516	-0.201156	-0.148034	-0.0512508	0.0902543	0.294123	0.544532	0.787292	0.977603	1.10289	1.15534	1.12849	1.0144	0.822272	0.584921	0.339887	0.113479	-0.0817975	-0.236509	-0.342186	-0.389471	-0.370719	-0.290176	-0.165601	-0.0355092	0.0721166	0.155333	0.216356	0.242719	0.226758	0.182394	0.144237	0.13117	0.129338	0.122357	0.120798	0.13637	0.158607	
0.943461	0.943461	0.919829	0.872879	0.797372	0.686649	0.559456	0.436321	0.334494	0.255171	0.195524	0.141515	0.0990102	0.0946878	0.140844	0.223083	0.342319	0.515318	0.728213	0.925784	1.07143	1.15534	1.17789	1.1269	0.993181	0.789153	0.548822	0.310895	0.0928695	-0.096211	-0.246609	-0.346567	-0.383535	-0.355241	-0.267598	-0.139139	-0.000252335	0.126489	0.23468	0.323008	0.372302	0.370108	0.331608	0.290362	0.268542	0.255388	0.230535	0.208193	0.198264	0.199039	
1.24387	1.24387	1.22636	1.18578	1.11133	0.995856	0.860037	0.729268	0.622238	0.538546	0.473927	0.420372	0.384741	0.384983	0.42176	0.480785	0.564387	0.691355	0.847719	0.987957	1.08193	1.12849	1.1269	1.06579	0.935338	0.74971	0.533739	0.315906	0.108205	-0.0733916	-0.213734	-0.299411	-0.326171	-0.295512	-0.214156	-0.0933484	0.0447294	0.182383	0.309994	0.421571	0.495161	0.515	0.490446	0.45444	0.426016	0.394855	0.346913	0.294367	0.254818	0.236103	
1.43782	1.43782	1.4307	1.40272	1.33959	1.23443	1.11155	0.991839	0.889564	0.800115	0.724863	0.666402	0.634291	0.635282	0.658274	0.687546	0.727244	0.795481	0.884744	0.961539	1.00479	1.0144	0.993181	0.935338	0.834741	0.696119	0.525091	0.338291	0.149283	-0.0150807	-0.137886	-0.210333	-0.232132	-0.207581	-0.138087	-0.0340165	0.0895317	0.222	0.353526	0.47856	0.573917	0.617852	0.615291	0.593479	0.566974	0.528201	0.462796	0.38724	0.322861	0.286766	
1.5398	1.5398	1.54166	1.5276	1.48374	1.40337	1.30948	1.21188	1.1196	1.02505	0.936789	0.866179	0.825092	0.816092	0.816947	0.812891	0.803005	0.808718	0.830464	0.848207	0.845975	0.822272	0.789153	0.74971	0.696119	0.616918	0.499984	0.355566	0.200756	0.0632405	-0.0415984	-0.105509	-0.126674	-0.108331	-0.0537648	0.0249085	0.122126	0.234023	0.357114	0.482707	0.587679	0.649271	0.669307	0.669218	0.661372	0.629472	0.562914	0.476878	0.396497	0.347341	
1.54861	1.54861	1.5553	1.55508	1.5364	1.49332	1.43646	1.36799	1.29053	1.19972	1.10413	1.01783	0.958191	0.927299	0.901799	0.861603	0.803558	0.751437	0.711583	0.677885	0.633933	0.584921	0.548822	0.533739	0.525091	0.499984	0.440106	0.352747	0.245327	0.142923	0.0568866	0.00336783	-0.0153725	-0.00647568	0.0242524	0.0690278	0.130195	0.216083	0.322284	0.438209	0.543114	0.617159	0.659429	0.688686	0.704996	0.687802	0.62792	0.541501	0.457017	0.40549	
1.47366	1.47366	1.48335	1.49555	1.50632	1.50206	1.48475	1.4454	1.38971	1.31254	1.21769	1.11807	1.03301	0.975269	0.917899	0.843162	0.744053	0.644126	0.55441	0.474824	0.401374	0.339887	0.310895	0.315906	0.338291	0.355566	0.352747	0.323674	0.267874	0.200587	0.140102	0.10171	0.0848929	0.0775663	0.0797981	0.0871311	0.114909	0.171284	0.256273	0.355614	0.454366	0.536835	0.60298	0.658975	0.700078	0.697897	0.648168	0.571374	0.494531	0.444554	
1.35096	1.35096	1.36355	1.38864	1.42223	1.45009	1.46244	1.4506	1.41789	1.35908	1.27158	1.16169	1.05525	0.967799	0.879878	0.77482	0.644975	0.510985	0.37861	0.26492	0.173544	0.113479	0.0928695	0.108205	0.149283	0.200756	0.245327	0.267874	0.256555	0.2298	0.198916	0.176087	0.154111	0.12593	0.0964351	0.0707834	0.064762	0.0927283	0.155627	0.238505	0.332191	0.427317	0.516252	0.598657	0.65969	0.668186	0.631	0.568786	0.503213	0.459276	
1.21635	1.21635	1.23452	1.26944	1.31564	1.35845	1.38897	1.39837	1.38509	1.34311	1.26308	1.15163	1.02929	0.918729	0.80441	0.676513	0.526756	0.366172	0.203904	0.0670857	-0.0280301	-0.0817975	-0.096211	-0.0733916	-0.0150807	0.0632405	0.142923	0.200587	0.2298	0.238521	0.231776	0.212999	0.178807	0.12758	0.0717122	0.018607	-0.0116738	-0.00604579	0.038267	0.106886	0.19683	0.301619	0.410432	0.511489	0.586322	0.608078	0.587172	0.544683	0.495608	0.45441	
1.10264	1.10264	1.12602	1.16481	1.20867	1.24859	1.28365	1.30414	1.30234	1.26793	1.19652	1.08877	0.963621	0.840386	0.712439	0.571959	0.409024	0.232334	0.0528	-0.0919382	-0.186159	-0.236509	-0.246609	-0.213734	-0.137886	-0.0415984	0.0568866	0.140102	0.198916	0.231776	0.233161	0.20803	0.157629	0.0861805	0.0103039	-0.0570624	-0.0993374	-0.108193	-0.0783357	-0.0219105	0.062582	0.171571	0.288988	0.399818	0.488666	0.52827	0.531071	0.512988	0.476934	0.438506	
1.02582	1.02582	1.04884	1.08176	1.10938	1.13392	1.16009	1.18134	1.17803	1.14504	1.07942	0.983382	0.866015	0.746703	0.620018	0.476422	0.307239	0.124109	-0.0560771	-0.199024	-0.292627	-0.342186	-0.346567	-0.299411	-0.210333	-0.105509	0.00336783	0.10171	0.176087	0.212999	0.20803	0.168485	0.098811	0.0105507	-0.0763093	-0.144803	-0.189295	-0.203928	-0.181141	-0.131047	-0.0539951	0.0477915	0.16118	0.276319	0.378711	0.441469	0.470219	0.47294	0.452322	0.41767	
0.992742	0.992742	1.00602	1.01952	1.02272	1.02247	1.03122	1.03874	1.02472	0.985295	0.925701	0.843352	0.744239	0.641589	0.530186	0.391763	0.224937	0.0479941	-0.119031	-0.253277	-0.343787	-0.389471	-0.383535	-0.326171	-0.232132	-0.126674	-0.0153725	0.0848929	0.154111	0.178807	0.157629	0.098811	0.0120388	-0.0875544	-0.175876	-0.2411	-0.282063	-0.29308	-0.268314	-0.220575	-0.155289	-0.0681023	0.0373756	0.155621	0.271522	0.356875	0.405844	0.429953	0.423923	0.397998	
0.994303	0.994303	0.987418	0.97103	0.944	0.916269	0.899919	0.884571	0.852264	0.803722	0.748013	0.681003	0.603278	0.526081	0.436801	0.314361	0.160399	0.0026474	-0.142239	-0.259895	-0.338382	-0.370719	-0.355241	-0.295512	-0.207581	-0.108331	-0.00647568	0.0775663	0.12593	0.12758	0.0861805	0.0105507	-0.0875544	-0.189762	-0.280225	-0.343184	-0.376199	-0.378153	-0.347513	-0.30205	-0.245285	-0.167514	-0.0675594	0.0500917	0.173761	0.270718	0.336109	0.375878	0.386843	0.372307	
1.00089	1.00089	0.96896	0.918716	0.860742	0.807186	0.764523	0.72609	0.675624	0.619782	0.56846	0.515814	0.460268	0.406882	0.345283	0.246558	0.118323	-0.0138354	-0.130905	-0.223289	-0.277226	-0.290176	-0.267598	-0.214156	-0.138087	-0.0537648	0.0242524	0.0797981	0.0964351	0.0717122	0.0103039	-0.0763093	-0.175876	-0.280225	-0.373375	-0.431725	-0.457131	-0.450341	-0.420245	-0.373208	-0.316784	-0.245004	-0.155559	-0.0428073	0.0788942	0.1863	0.261507	0.315047	0.341906	0.345701	
1.00185	1.00185	0.948223	0.865426	0.780521	0.70012	0.637105	0.577413	0.51522	0.451803	0.403488	0.361246	0.319648	0.286321	0.250324	0.185793	0.0899483	-0.0107613	-0.0950803	-0.152172	-0.173444	-0.165601	-0.139139	-0.0933484	-0.0340165	0.0249085	0.0690278	0.0871311	0.0707834	0.018607	-0.0570624	-0.144803	-0.2411	-0.343184	-0.431725	-0.486674	-0.508975	-0.510103	-0.485019	-0.437996	-0.385114	-0.325777	-0.246097	-0.138798	-0.0106394	0.104257	0.188307	0.254451	0.302566	0.33267	
0.993761	0.993761	0.925943	0.822059	0.711663	0.611293	0.530008	0.460522	0.388804	0.319865	0.2683	0.227004	0.189346	0.165385	0.153414	0.122727	0.0615948	-0.00637227	-0.0541624	-0.0720587	-0.0620812	-0.0355092	-0.000252335	0.0447294	0.0895317	0.122126	0.130195	0.114909	0.064762	-0.0116738	-0.0993374	-0.189295	-0.282063	-0.376199	-0.457131	-0.508975	-0.542391	-0.553631	-0.539152	-0.504515	-0.468329	-0.424056	-0.352618	-0.241802	-0.11008	0.0139503	0.114558	0.206398	0.290878	0.357232	
0.960174	0.960174	0.890413	0.776377	0.652705	0.536085	0.448636	0.374684	0.301749	0.225559	0.165034	0.114618	0.0701411	0.0503304	0.0553269	0.0540868	0.0235887	-0.0108958	-0.0213721	-0.00587926	0.027506	0.0721166	0.126489	0.182383	0.222	0.234023	0.216083	0.171284	0.0927283	-0.00604579	-0.108193	-0.203928	-0.29308	-0.378153	-0.450341	-0.510103	-0.553631	-0.580924	-0.592581	-0.588312	-0.573672	-0.53761	-0.465289	-0.355849	-0.219168	-0.0802133	0.0461397	0.174491	0.296467	0.395655	
0.872304	0.872304	0.809026	0.700639	0.575913	0.458976	0.373907	0.307449	0.239433	0.161977	0.0915316	0.0290719	-0.0213866	-0.0366409	-0.0176665	0.0026655	-0.00202296	-0.00416125	0.0145144	0.0500173	0.0938332	0.155333	0.23468	0.309994	0.353526	0.357114	0.322284	0.256273	0.155627	0.038267	-0.0783357	-0.181141	-0.268314	-0.347513	-0.420245	-0.485019	-0.539152	-0.592581	-0.642409	-0.671024	-0.666101	-0.631037	-0.565575	-0.460748	-0.319145	-0.166222	-0.012541	0.143601	0.295043	0.42759	
0.730888	0.730888	0.678853	0.586276	0.47654	0.373381	0.300856	0.247201	0.190211	0.117264	0.0398951	-0.0306685	-0.0822914	-0.0890295	-0.0612994	-0.0279129	-0.012427	0.0108597	0.0478527	0.0893623	0.138647	0.216356	0.323008	0.421571	0.47856	0.482707	0.438209	0.355614	0.238505	0.106886	-0.0219105	-0.131047	-0.220575	-0.30205	-0.373208	-0.437996	-0.504515	-0.588312	-0.671024	-0.715701	-0.715815	-0.690149	-0.636505	-0.541185	-0.403307	-0.248135	-0.0853816	0.0867264	0.26519	0.43321	
0.562741	0.562741	0.52159	0.450048	0.366475	0.289245	0.235128	0.196557	0.153667	0.0904437	0.0139821	-0.05848	-0.104076	-0.104358	-0.0745932	-0.0402149	-0.0159323	0.0184764	0.0575557	0.097701	0.150112	0.242719	0.372302	0.495161	0.573917	0.587679	0.543114	0.454366	0.332191	0.19683	0.062582	-0.0539951	-0.155289	-0.245285	-0.316784	-0.385114	-0.468329	-0.573672	-0.666101	-0.715815	-0.723773	-0.706449	-0.66561	-0.589053	-0.474109	-0.336845	-0.178593	0.00227743	0.201442	0.402325	
0.404314	0.404314	0.371137	0.318854	0.265099	0.217313	0.184047	0.159481	0.13125	0.082751	0.0151747	-0.0496028	-0.0886772	-0.0860683	-0.0652006	-0.0408123	-0.0238595	0.00321517	0.032688	0.0684198	0.124823	0.226758	0.370108	0.515	0.617852	0.649271	0.617159	0.536835	0.427317	0.301619	0.171571	0.0477915	-0.0681023	-0.167514	-0.245004	-0.325777	-0.424056	-0.53761	-0.631037	-0.690149	-0.706449	-0.696015	-0.67088	-0.625876	-0.538006	-0.418343	-0.266346	-0.0857529	0.123572	0.338285	
0.270006	0.270006	0.240525	0.203376	0.171572	0.151873	0.136034	0.12753	0.113546	0.0853842	0.0368542	-0.0138942	-0.0445617	-0.0468788	-0.0387884	-0.035109	-0.0378549	-0.0317387	-0.0157953	0.0174918	0.0784699	0.182394	0.331608	0.490446	0.615291	0.669307	0.659429	0.60298	0.516252	0.410432	0.288988	0.16118	0.0373756	-0.0675594	-0.155559	-0.246097	-0.352618	-0.465289	-0.565575	-0.636505	-0.66561	-0.67088	-0.677755	-0.660623	-0.590541	-0.479229	-0.33624	-0.159741	0.0473984	0.267584	
0.146588	0.146588	0.120279	0.088562	0.0714648	0.0666267	0.0707901	0.0772185	0.0847924	0.0814567	0.0623952	0.0332459	0.0119976	0.00647743	0.00155326	-0.0162634	-0.0446566	-0.0611955	-0.0564688	-0.0221961	0.0407593	0.144237	0.290362	0.45444	0.593479	0.669218	0.688686	0.658975	0.598657	0.511489	0.399818	0.276319	0.155621	0.0500917	-0.0428073	-0.138798	-0.241802	-0.355849	-0.460748	-0.541185	-0.589053	-0.625876	-0.660623	-0.662479	-0.604062	-0.507649	-0.380013	-0.215709	-0.019952	0.192002	
0.0278945	0.0278945	0.00268826	-0.0268563	-0.0450125	-0.0418598	-0.0254614	0.00332062	0.0342592	0.0637739	0.0789961	0.0786404	0.0727517	0.0711814	0.0608462	0.0255843	-0.024743	-0.0598047	-0.0626071	-0.0309916	0.0318404	0.13117	0.268542	0.426016	0.566974	0.661372	0.704996	0.700078	0.65969	0.586322	0.488666	0.378711	0.271522	0.173761	0.0788942	-0.0106394	-0.11008	-0.219168	-0.319145	-0.403307	-0.474109	-0.538006	-0.590541	-0.604062	-0.565253	-0.489546	-0.381702	-0.241479	-0.0720622	0.109556	
-0.0603808	-0.0603808	-0.0840817	-0.119072	-0.146316	-0.152541	-0.129818	-0.0870923	-0.0321849	0.0233862	0.0710782	0.0978143	0.112694	0.121555	0.112718	0.0662885	0.00159655	-0.0453721	-0.0553048	-0.0294514	0.0327074	0.129338	0.255388	0.394855	0.528201	0.629472	0.687802	0.697897	0.668186	0.608078	0.52827	0.441469	0.356875	0.270718	0.1863	0.104257	0.0139503	-0.0802133	-0.166222	-0.248135	-0.336845	-0.418343	-0.479229	-0.507649	-0.489546	-0.431424	-0.353619	-0.249475	-0.125002	0.0099354	
-0.114922	-0.114922	-0.138582	-0.179999	-0.223084	-0.246485	-0.230756	-0.181117	-0.111045	-0.0351201	0.0375198	0.0926214	0.132785	0.159432	0.15643	0.106335	0.0325971	-0.02366	-0.0466604	-0.0301509	0.0276817	0.122357	0.230535	0.346913	0.462796	0.562914	0.62792	0.648168	0.631	0.587172	0.531071	0.470219	0.405844	0.336109	0.261507	0.188307	0.114558	0.0461397	-0.012541	-0.0853816	-0.178593	-0.266346	-0.33624	-0.380013	-0.381702	-0.353619	-0.313812	-0.257348	-0.183854	-0.102929	
-0.138188	-0.138188	-0.163231	-0.211851	-0.270638	-0.317191	-0.319352	-0.27594	-0.200692	-0.112411	-0.0190864	0.0670303	0.137506	0.187839	0.196584	0.152208	0.0777652	0.0126864	-0.0221212	-0.0179356	0.0366505	0.120798	0.208193	0.294367	0.38724	0.476878	0.541501	0.571374	0.568786	0.544683	0.512988	0.47294	0.429953	0.375878	0.315047	0.254451	0.206398	0.174491	0.143601	0.0867264	0.00227743	-0.0857529	-0.159741	-0.215709	-0.241479	-0.249475	-0.257348	-0.255476	-0.240519	-0.216864	
-0.119953	-0.119953	-0.15028	-0.207646	-0.284096	-0.357127	-0.390137	-0.367866	-0.301046	-0.209216	-0.0971037	0.0191016	0.122612	0.196984	0.22515	0.19812	0.131385	0.0657816	0.0227074	0.0226029	0.0679673	0.13637	0.198264	0.254818	0.322861	0.396497	0.457017	0.494531	0.503213	0.495608	0.476934	0.452322	0.423923	0.386843	0.341906	0.302566	0.290878	0.296467	0.295043	0.26519	0.201442	0.123572	0.0473984	-0.019952	-0.0720622	-0.125002	-0.183854	-0.240519	-0.285941	-0.314723	
-0.07393	-0.07393	-0.113098	-0.184519	-0.278961	-0.381097	-0.449636	-0.458782	-0.409661	-0.317436	-0.18949	-0.0442618	0.0850863	0.182149	0.23353	0.232113	0.18196	0.121347	0.0802492	0.0780786	0.110571	0.158607	0.199039	0.236103	0.286766	0.347341	0.40549	0.444554	0.459276	0.45441	0.438506	0.41767	0.397998	0.372307	0.345701	0.33267	0.357232	0.395655	0.42759	0.43321	0.402325	0.338285	0.267584	0.192002	0.109556	0.0099354	-0.102929	-0.216864	-0.314723	-0.396415	
