0.0114462	-0.645012	0.327172	0.0062977	0.276439	0.276439	
-0.645012	0.334185	0.595465	0.675235	-0.120313	-0.120313	
0.327172	0.595465	-0.585756	1.49134	0.722749	0.722749	
0.0062977	0.675235	1.49134	-0.086179	-0.544765	-0.544765	
0.276439	-0.120313	0.722749	-0.544765	1.30364	1.30364	
0.276439	-0.120313	0.722749	-0.544765	1.30364	1.30364	
