-0.258656	-0.380215	-0.510337	-0.638855	-0.76218	-0.860474	-0.908245	-0.889275	-0.815109	-0.701577	-0.575039	-0.453945	-0.370415	-0.34158	-0.368655	-0.440454	-0.521133	-0.585546	-0.62168	-0.625371	-0.597756	-0.539758	-0.466027	-0.393647	-0.330342	-0.298834	-0.317438	-0.39004	-0.503283	-0.630929	-0.734816	-0.78106	-0.741461	-0.623731	-0.450434	-0.238834	0.00198388	0.258278	0.50075	0.713853	0.872288	0.973269	1.0248	1.04406	1.05163	1.05901	1.073	1.07603	1.07492	1.07492	
-0.380215	-0.511274	-0.65222	-0.788286	-0.904687	-0.985597	-1.01839	-0.991236	-0.912234	-0.785998	-0.641087	-0.500854	-0.390418	-0.333872	-0.329284	-0.371603	-0.439556	-0.502243	-0.542542	-0.553433	-0.527673	-0.477514	-0.418441	-0.360234	-0.322758	-0.325953	-0.37257	-0.462335	-0.578241	-0.700792	-0.804476	-0.845613	-0.797713	-0.668745	-0.477145	-0.246755	0.00866066	0.27408	0.519776	0.726341	0.877796	0.975136	1.01949	1.02649	1.03161	1.0429	1.05524	1.06261	1.0627	1.0627	
-0.510337	-0.65222	-0.80058	-0.934491	-1.03233	-1.08917	-1.11135	-1.08304	-0.996552	-0.863309	-0.701484	-0.53825	-0.402479	-0.307347	-0.255148	-0.252168	-0.283155	-0.327086	-0.364077	-0.373575	-0.357817	-0.327662	-0.297775	-0.277464	-0.278669	-0.319279	-0.399915	-0.507856	-0.630091	-0.748705	-0.842043	-0.874488	-0.81665	-0.672457	-0.468383	-0.233929	0.0229951	0.278483	0.510055	0.698787	0.827778	0.906375	0.9365	0.935583	0.935831	0.947414	0.967209	0.984351	0.986328	0.986328	
-0.638855	-0.788286	-0.934491	-1.05453	-1.13105	-1.17156	-1.17904	-1.13897	-1.05009	-0.91584	-0.744129	-0.562156	-0.39592	-0.260303	-0.161774	-0.104712	-0.0908494	-0.103493	-0.12749	-0.138063	-0.134629	-0.130777	-0.139112	-0.15651	-0.196557	-0.275914	-0.39101	-0.526318	-0.652792	-0.762392	-0.842472	-0.856606	-0.783979	-0.633817	-0.433932	-0.207062	0.041692	0.280685	0.484238	0.639155	0.737314	0.786408	0.793493	0.77778	0.772521	0.78954	0.81767	0.84878	0.8608	0.8608	
-0.76218	-0.904687	-1.03233	-1.13105	-1.19518	-1.22358	-1.21224	-1.16291	-1.07945	-0.948218	-0.768415	-0.568811	-0.374594	-0.205642	-0.0698363	0.0352774	0.0948937	0.113354	0.102862	0.0881096	0.0778542	0.0628553	0.0306922	-0.013904	-0.0857274	-0.200223	-0.344566	-0.499358	-0.632713	-0.733973	-0.793792	-0.784824	-0.700084	-0.551253	-0.361553	-0.149221	0.0728387	0.280091	0.448315	0.554127	0.607704	0.620455	0.606489	0.578374	0.565627	0.587803	0.625096	0.674343	0.695916	0.695916	
-0.860474	-0.985597	-1.08917	-1.17156	-1.22358	-1.23564	-1.20989	-1.16182	-1.08399	-0.95665	-0.77969	-0.574792	-0.368526	-0.176887	-0.0112079	0.131757	0.232162	0.279309	0.282998	0.270704	0.254127	0.228855	0.181939	0.112108	0.0157713	-0.116423	-0.275896	-0.433369	-0.562046	-0.647103	-0.682702	-0.654165	-0.558086	-0.412682	-0.244033	-0.0664864	0.119418	0.282375	0.399411	0.453812	0.458112	0.430489	0.387754	0.351035	0.33806	0.364786	0.414592	0.474265	0.506855	0.506855	
-0.908245	-1.01839	-1.11135	-1.17904	-1.21224	-1.20989	-1.18313	-1.14006	-1.07046	-0.957424	-0.79874	-0.605429	-0.392143	-0.181831	0.00664477	0.175347	0.300301	0.369343	0.391362	0.388875	0.373615	0.345263	0.288887	0.206231	0.0984659	-0.0396844	-0.196961	-0.345385	-0.456107	-0.519942	-0.526109	-0.468237	-0.360526	-0.228889	-0.0976752	0.0323269	0.166318	0.279319	0.345015	0.347522	0.304788	0.240252	0.174987	0.125543	0.106994	0.137047	0.198553	0.27151	0.318189	0.318189	
-0.889275	-0.991236	-1.08304	-1.13897	-1.16291	-1.16182	-1.14006	-1.10271	-1.04997	-0.959764	-0.828303	-0.651532	-0.436161	-0.215991	-0.0130762	0.169568	0.308818	0.394368	0.436585	0.442388	0.431131	0.403906	0.348373	0.265703	0.155944	0.0202275	-0.124318	-0.249621	-0.337176	-0.371914	-0.346551	-0.265718	-0.152984	-0.0423106	0.0497233	0.129835	0.204998	0.262592	0.277372	0.232406	0.148335	0.0517884	-0.0289002	-0.0772114	-0.0868991	-0.0499299	0.0197937	0.100093	0.150524	0.150524	
-0.815109	-0.912234	-0.996552	-1.05009	-1.07945	-1.08399	-1.07046	-1.04997	-1.01672	-0.955403	-0.845908	-0.689969	-0.492236	-0.27597	-0.067261	0.12296	0.276249	0.378996	0.436048	0.455654	0.449511	0.424502	0.371563	0.284937	0.17533	0.0511579	-0.0712682	-0.164356	-0.219887	-0.225577	-0.175793	-0.0833905	0.0237051	0.115721	0.168535	0.194039	0.21509	0.212916	0.175184	0.091701	-0.0214598	-0.126273	-0.204952	-0.239649	-0.23023	-0.177617	-0.0905716	-0.00189852	0.0594751	0.0594751	
-0.701577	-0.785998	-0.863309	-0.91584	-0.948218	-0.95665	-0.957424	-0.959764	-0.955403	-0.91457	-0.829066	-0.706671	-0.537531	-0.341819	-0.139064	0.0530069	0.212792	0.327586	0.403685	0.439096	0.44193	0.415635	0.355943	0.266687	0.156284	0.0468434	-0.0449555	-0.102516	-0.122421	-0.104039	-0.0399858	0.0611854	0.162928	0.225934	0.236399	0.211254	0.174272	0.122341	0.0432592	-0.0651941	-0.188919	-0.292191	-0.352401	-0.359854	-0.317483	-0.236038	-0.125233	-0.0180362	0.0524313	0.0524313	
-0.575039	-0.641087	-0.701484	-0.744129	-0.768415	-0.77969	-0.79874	-0.828303	-0.845908	-0.829066	-0.771244	-0.681372	-0.550306	-0.386622	-0.208072	-0.0287559	0.129855	0.255126	0.3499	0.402284	0.409279	0.3782	0.311985	0.214792	0.109173	0.0166825	-0.0467064	-0.0697016	-0.0606393	-0.0182525	0.0602487	0.158972	0.240884	0.277761	0.256785	0.193867	0.110835	0.0123103	-0.0988356	-0.223999	-0.34388	-0.428009	-0.459688	-0.430149	-0.350817	-0.238791	-0.105843	0.0157743	0.0911497	0.0911497	
-0.453945	-0.500854	-0.53825	-0.562156	-0.568811	-0.574792	-0.605429	-0.651532	-0.689969	-0.706671	-0.681372	-0.62551	-0.536109	-0.416823	-0.270498	-0.112406	0.0389341	0.171727	0.274627	0.334638	0.347617	0.31843	0.250505	0.156616	0.0558568	-0.0225026	-0.0612701	-0.0554879	-0.0179466	0.0406324	0.121672	0.212413	0.277272	0.292254	0.244654	0.149429	0.036703	-0.0944967	-0.233035	-0.36541	-0.475522	-0.533561	-0.528938	-0.462481	-0.349427	-0.209898	-0.0610972	0.0691013	0.150214	0.150214	
-0.370415	-0.390418	-0.402479	-0.39592	-0.374594	-0.368526	-0.392143	-0.436161	-0.492236	-0.537531	-0.550306	-0.536109	-0.502142	-0.431275	-0.324565	-0.191267	-0.0460249	0.0873622	0.190514	0.254291	0.270862	0.240029	0.173233	0.0832449	-0.00673896	-0.0667232	-0.0792303	-0.0471904	0.00824167	0.0762059	0.156297	0.235018	0.285118	0.281409	0.216209	0.104106	-0.0382424	-0.195513	-0.34861	-0.48134	-0.57068	-0.600606	-0.562799	-0.465073	-0.327511	-0.168927	-0.0112907	0.123863	0.202974	0.202974	
-0.34158	-0.333872	-0.307347	-0.260303	-0.205642	-0.176887	-0.181831	-0.215991	-0.27597	-0.341819	-0.386622	-0.416823	-0.431275	-0.407567	-0.343473	-0.240195	-0.112607	0.0117044	0.108502	0.168698	0.18022	0.145559	0.0820766	0.00614442	-0.0656301	-0.102292	-0.0916154	-0.0489565	0.0123545	0.0820431	0.15515	0.221584	0.258162	0.241935	0.167277	0.04709	-0.107675	-0.27877	-0.437899	-0.565247	-0.632684	-0.633145	-0.566634	-0.442424	-0.286262	-0.117116	0.0437135	0.179242	0.254645	0.254645	
-0.368655	-0.329284	-0.255148	-0.161774	-0.0698363	-0.0112079	0.00664477	-0.0130762	-0.067261	-0.139064	-0.208072	-0.270498	-0.324565	-0.343473	-0.322214	-0.257632	-0.156129	-0.047415	0.0395699	0.0906142	0.0908299	0.0501346	-0.00706657	-0.0719477	-0.125052	-0.141237	-0.120282	-0.0682528	-0.000545794	0.0628175	0.118702	0.16813	0.192056	0.168793	0.0933521	-0.0298557	-0.185634	-0.354766	-0.510562	-0.626523	-0.673901	-0.647869	-0.551241	-0.401296	-0.224858	-0.0382615	0.126075	0.255672	0.329996	0.329996	
-0.440454	-0.371603	-0.252168	-0.104712	0.0352774	0.131757	0.175347	0.169568	0.12296	0.0530069	-0.0287559	-0.112406	-0.191267	-0.240195	-0.257632	-0.232251	-0.165417	-0.081577	-0.0114356	0.0235934	0.0139449	-0.0300833	-0.0904441	-0.151827	-0.193065	-0.200481	-0.17421	-0.119101	-0.053898	0.00100332	0.0493991	0.0873865	0.100846	0.0735002	-0.00167893	-0.121642	-0.279799	-0.444768	-0.587283	-0.680183	-0.69383	-0.638003	-0.515054	-0.338263	-0.141919	0.0574536	0.234542	0.369239	0.440478	0.440478	
-0.521133	-0.439556	-0.283155	-0.0908494	0.0948937	0.232162	0.300301	0.308818	0.276249	0.212792	0.129855	0.0389341	-0.0460249	-0.112607	-0.156129	-0.165417	-0.136911	-0.0880913	-0.0448736	-0.0274342	-0.0438472	-0.0952488	-0.161574	-0.216675	-0.250588	-0.258938	-0.239805	-0.194296	-0.141947	-0.0954593	-0.0559743	-0.0272337	-0.0164671	-0.03904	-0.114037	-0.238803	-0.390066	-0.541057	-0.658455	-0.715992	-0.697897	-0.608908	-0.456977	-0.258345	-0.0386844	0.179123	0.361625	0.4919	0.561566	0.561566	
-0.585546	-0.502243	-0.327086	-0.103493	0.113354	0.279309	0.369343	0.394368	0.378996	0.327586	0.255126	0.171727	0.0873622	0.0117044	-0.047415	-0.081577	-0.0880913	-0.0769543	-0.0625068	-0.0596802	-0.0867948	-0.147193	-0.211806	-0.25974	-0.288908	-0.299181	-0.29224	-0.266733	-0.232247	-0.199926	-0.174703	-0.155529	-0.14473	-0.161959	-0.233769	-0.351483	-0.494078	-0.632139	-0.721794	-0.745069	-0.696329	-0.577023	-0.399626	-0.178537	0.0639245	0.296919	0.488616	0.617854	0.683366	0.683366	
-0.62168	-0.542542	-0.364077	-0.12749	0.102862	0.282998	0.391362	0.436585	0.436048	0.403685	0.3499	0.274627	0.190514	0.108502	0.0395699	-0.0114356	-0.0448736	-0.0625068	-0.0652604	-0.0771763	-0.113174	-0.174029	-0.237405	-0.283906	-0.310395	-0.319007	-0.321432	-0.314732	-0.296973	-0.279315	-0.271085	-0.262807	-0.257094	-0.275659	-0.338271	-0.448273	-0.586039	-0.704698	-0.767759	-0.760779	-0.682239	-0.544133	-0.357414	-0.12291	0.137736	0.383354	0.58789	0.721788	0.784645	0.784645	
-0.625371	-0.553433	-0.373575	-0.138063	0.0881096	0.270704	0.388875	0.442388	0.455654	0.439096	0.402284	0.334638	0.254291	0.168698	0.0906142	0.0235934	-0.0274342	-0.0596802	-0.0771763	-0.0957026	-0.127969	-0.179725	-0.239393	-0.283416	-0.301581	-0.310318	-0.323653	-0.326587	-0.320045	-0.31919	-0.324555	-0.323478	-0.325745	-0.34508	-0.406698	-0.518433	-0.646942	-0.749595	-0.790239	-0.757394	-0.663752	-0.518772	-0.32917	-0.0951395	0.168958	0.425941	0.636362	0.767179	0.833859	0.833859	
-0.597756	-0.527673	-0.357817	-0.134629	0.0778542	0.254127	0.373615	0.431131	0.449511	0.44193	0.409279	0.347617	0.270862	0.18022	0.0908299	0.0139449	-0.0438472	-0.0867948	-0.113174	-0.127969	-0.144013	-0.180473	-0.226499	-0.25597	-0.265201	-0.272502	-0.286794	-0.293435	-0.295948	-0.301431	-0.307925	-0.3173	-0.333663	-0.36169	-0.430208	-0.543516	-0.667912	-0.762034	-0.791418	-0.744172	-0.640448	-0.498491	-0.318177	-0.0925836	0.163667	0.411798	0.616413	0.742975	0.802671	0.802671	
-0.539758	-0.477514	-0.327662	-0.130777	0.0628553	0.228855	0.345263	0.403906	0.424502	0.415635	0.3782	0.31843	0.240029	0.145559	0.0501346	-0.0300833	-0.0952488	-0.147193	-0.174029	-0.179725	-0.180473	-0.192174	-0.205094	-0.206418	-0.200892	-0.198604	-0.20101	-0.205296	-0.212239	-0.21854	-0.228475	-0.250717	-0.280186	-0.325118	-0.408595	-0.525038	-0.652299	-0.748673	-0.773696	-0.722368	-0.620983	-0.485636	-0.320593	-0.118953	0.116152	0.34523	0.532942	0.651588	0.706337	0.706337	
-0.466027	-0.418441	-0.297775	-0.139112	0.0306922	0.181939	0.288887	0.348373	0.371563	0.355943	0.311985	0.250505	0.173233	0.0820766	-0.00706657	-0.0904441	-0.161574	-0.211806	-0.237405	-0.239393	-0.226499	-0.205094	-0.175719	-0.141314	-0.110844	-0.0852518	-0.0720782	-0.0730793	-0.0771618	-0.0886809	-0.113583	-0.147498	-0.192056	-0.260881	-0.359897	-0.482948	-0.609834	-0.704195	-0.732826	-0.690272	-0.60362	-0.486531	-0.34291	-0.16835	0.0375591	0.241527	0.40826	0.516582	0.568596	0.568596	
-0.393647	-0.360234	-0.277464	-0.15651	-0.013904	0.112108	0.206231	0.265703	0.284937	0.266687	0.214792	0.156616	0.0832449	0.00614442	-0.0719477	-0.151827	-0.216675	-0.25974	-0.283906	-0.283416	-0.25597	-0.206418	-0.141314	-0.0762206	-0.0142397	0.0334834	0.0642115	0.0755018	0.0709398	0.0556171	0.0248109	-0.0228943	-0.091509	-0.188358	-0.296714	-0.416017	-0.545499	-0.638824	-0.678983	-0.65974	-0.588629	-0.496306	-0.379428	-0.229211	-0.0556581	0.119378	0.267887	0.370412	0.420122	0.420122	
-0.330342	-0.322758	-0.278669	-0.196557	-0.0857274	0.0157713	0.0984659	0.155944	0.17533	0.156284	0.109173	0.0558568	-0.00673896	-0.0656301	-0.125052	-0.193065	-0.250588	-0.288908	-0.310395	-0.301581	-0.265201	-0.200892	-0.110844	-0.0142397	0.0683166	0.1292	0.177412	0.206831	0.212122	0.19494	0.160197	0.101915	0.0133212	-0.105749	-0.230965	-0.355625	-0.478479	-0.568941	-0.618998	-0.619058	-0.571648	-0.500876	-0.404846	-0.279468	-0.139003	0.00484871	0.131763	0.22342	0.274159	0.274159	
-0.298834	-0.325953	-0.319279	-0.275914	-0.200223	-0.116423	-0.0396844	0.0202275	0.0511579	0.0468434	0.0166825	-0.0225026	-0.0667232	-0.102292	-0.141237	-0.200481	-0.258938	-0.299181	-0.319007	-0.310318	-0.272502	-0.198604	-0.0852518	0.0334834	0.1292	0.207665	0.271983	0.313468	0.327563	0.316592	0.284601	0.214803	0.103275	-0.0337443	-0.176039	-0.305825	-0.418165	-0.508092	-0.563891	-0.573844	-0.544009	-0.488565	-0.404913	-0.303013	-0.19381	-0.0822192	0.0145986	0.0939319	0.140303	0.140303	
-0.317438	-0.37257	-0.399915	-0.39101	-0.344566	-0.275896	-0.196961	-0.124318	-0.0712682	-0.0449555	-0.0467064	-0.0612701	-0.0792303	-0.0916154	-0.120282	-0.17421	-0.239805	-0.29224	-0.321432	-0.323653	-0.286794	-0.20101	-0.0720782	0.0642115	0.177412	0.271983	0.352062	0.402942	0.424443	0.417683	0.383742	0.306173	0.180975	0.0246851	-0.12981	-0.256309	-0.364132	-0.450721	-0.508883	-0.5304	-0.514396	-0.467717	-0.392752	-0.306403	-0.219328	-0.139113	-0.0669686	0.000984341	0.0404011	0.0404011	
-0.39004	-0.462335	-0.507856	-0.526318	-0.499358	-0.433369	-0.345385	-0.249621	-0.164356	-0.102516	-0.0697016	-0.0554879	-0.0471904	-0.0489565	-0.0682528	-0.119101	-0.194296	-0.266733	-0.314732	-0.326587	-0.293435	-0.205296	-0.0730793	0.0755018	0.206831	0.313468	0.402942	0.464676	0.494927	0.493479	0.456435	0.375606	0.244774	0.077755	-0.0764863	-0.201137	-0.299564	-0.373698	-0.432522	-0.461054	-0.463289	-0.430675	-0.367395	-0.297081	-0.229157	-0.174813	-0.124012	-0.0744454	-0.0395294	-0.0395294	
-0.503283	-0.578241	-0.630091	-0.652792	-0.632713	-0.562046	-0.456107	-0.337176	-0.219887	-0.122421	-0.0606393	-0.0179466	0.00824167	0.0123545	-0.000545794	-0.053898	-0.141947	-0.232247	-0.296973	-0.320045	-0.295948	-0.212239	-0.0771618	0.0709398	0.212122	0.327563	0.424443	0.494927	0.527383	0.536995	0.509455	0.428704	0.29692	0.13567	-0.010235	-0.119911	-0.203402	-0.268453	-0.321419	-0.358681	-0.373673	-0.355732	-0.317207	-0.269677	-0.227606	-0.205662	-0.179201	-0.148257	-0.124564	-0.124564	
-0.630929	-0.700792	-0.748705	-0.762392	-0.733973	-0.647103	-0.519942	-0.371914	-0.225577	-0.104039	-0.0182525	0.0406324	0.0762059	0.0820431	0.0628175	0.00100332	-0.0954593	-0.199926	-0.279315	-0.31919	-0.301431	-0.21854	-0.0886809	0.0556171	0.19494	0.316592	0.417683	0.493479	0.536995	0.553083	0.533482	0.463062	0.340001	0.195299	0.0658358	-0.0294065	-0.0949799	-0.142971	-0.182396	-0.217571	-0.241961	-0.24488	-0.232087	-0.212172	-0.203626	-0.215692	-0.222849	-0.221535	-0.216592	-0.216592	
-0.734816	-0.804476	-0.842043	-0.842472	-0.793792	-0.682702	-0.526109	-0.346551	-0.175793	-0.0399858	0.0602487	0.121672	0.156297	0.15515	0.118702	0.0493991	-0.0559743	-0.174703	-0.271085	-0.324555	-0.307925	-0.228475	-0.113583	0.0248109	0.160197	0.284601	0.383742	0.456435	0.509455	0.533482	0.524868	0.466283	0.355804	0.230576	0.12255	0.0460396	0.00773985	-0.0157866	-0.0384229	-0.0558159	-0.0776944	-0.0952934	-0.101454	-0.113171	-0.142814	-0.183029	-0.22637	-0.261357	-0.270835	-0.270835	
-0.78106	-0.845613	-0.874488	-0.856606	-0.784824	-0.654165	-0.468237	-0.265718	-0.0833905	0.0611854	0.158972	0.212413	0.235018	0.221584	0.16813	0.0873865	-0.0272337	-0.155529	-0.262807	-0.323478	-0.3173	-0.250717	-0.147498	-0.0228943	0.101915	0.214803	0.306173	0.375606	0.428704	0.463062	0.466283	0.418465	0.330551	0.233363	0.155349	0.108061	0.0939193	0.0978803	0.105142	0.108771	0.0995789	0.0825191	0.0603641	0.0273806	-0.0240435	-0.0889923	-0.157456	-0.215354	-0.245391	-0.245391	
-0.741461	-0.797713	-0.81665	-0.783979	-0.700084	-0.558086	-0.360526	-0.152984	0.0237051	0.162928	0.240884	0.277272	0.285118	0.258162	0.192056	0.100846	-0.0164671	-0.14473	-0.257094	-0.325745	-0.333663	-0.280186	-0.192056	-0.091509	0.0133212	0.103275	0.180975	0.244774	0.29692	0.340001	0.355804	0.330551	0.276051	0.212321	0.168465	0.157585	0.172333	0.207774	0.250852	0.282225	0.292357	0.284436	0.25559	0.206797	0.146938	0.070666	-0.0125664	-0.0805382	-0.126879	-0.126879	
-0.623731	-0.668745	-0.672457	-0.633817	-0.551253	-0.412682	-0.228889	-0.0423106	0.115721	0.225934	0.277761	0.292254	0.281409	0.241935	0.168793	0.0735002	-0.03904	-0.161959	-0.275659	-0.34508	-0.36169	-0.325118	-0.260881	-0.188358	-0.105749	-0.0337443	0.0246851	0.077755	0.13567	0.195299	0.230576	0.233363	0.212321	0.191897	0.186364	0.20724	0.261768	0.330637	0.406618	0.46775	0.504164	0.511614	0.483177	0.428757	0.359729	0.27815	0.187515	0.111307	0.0566836	0.0566836	
-0.450434	-0.477145	-0.468383	-0.433932	-0.361553	-0.244033	-0.0976752	0.0497233	0.168535	0.236399	0.256785	0.244654	0.216209	0.167277	0.0933521	-0.00167893	-0.114037	-0.233769	-0.338271	-0.406698	-0.430208	-0.408595	-0.359897	-0.296714	-0.230965	-0.176039	-0.12981	-0.0764863	-0.010235	0.0658358	0.12255	0.155349	0.168465	0.186364	0.22166	0.277644	0.366062	0.467182	0.578779	0.673186	0.738383	0.758404	0.736566	0.678542	0.596157	0.513118	0.413394	0.328605	0.26821	0.26821	
-0.238834	-0.246755	-0.233929	-0.207062	-0.149221	-0.0664864	0.0323269	0.129835	0.194039	0.211254	0.193867	0.149429	0.104106	0.04709	-0.0298557	-0.121642	-0.238803	-0.351483	-0.448273	-0.518433	-0.543516	-0.525038	-0.482948	-0.416017	-0.355625	-0.305825	-0.256309	-0.201137	-0.119911	-0.0294065	0.0460396	0.108061	0.157585	0.20724	0.277644	0.370442	0.490521	0.62987	0.773283	0.896079	0.987802	1.02736	1.0074	0.937633	0.839799	0.740602	0.632815	0.540158	0.479692	0.479692	
0.00198388	0.00866066	0.0229951	0.041692	0.0728387	0.119418	0.166318	0.204998	0.21509	0.174272	0.110835	0.036703	-0.0382424	-0.107675	-0.185634	-0.279799	-0.390066	-0.494078	-0.586039	-0.646942	-0.667912	-0.652299	-0.609834	-0.545499	-0.478479	-0.418165	-0.364132	-0.299564	-0.203402	-0.0949799	0.00773985	0.0939193	0.172333	0.261768	0.366062	0.490521	0.646331	0.817702	0.985333	1.13197	1.23765	1.28613	1.26289	1.18369	1.07164	0.947425	0.829542	0.726656	0.660253	0.660253	
0.258278	0.27408	0.278483	0.280685	0.280091	0.282375	0.279319	0.262592	0.212916	0.122341	0.0123103	-0.0944967	-0.195513	-0.27877	-0.354766	-0.444768	-0.541057	-0.632139	-0.704698	-0.749595	-0.762034	-0.748673	-0.704195	-0.638824	-0.568941	-0.508092	-0.450721	-0.373698	-0.268453	-0.142971	-0.0157866	0.0978803	0.207774	0.330637	0.467182	0.62987	0.817702	1.01367	1.2021	1.36388	1.4763	1.52546	1.49874	1.39683	1.25817	1.11206	0.974615	0.863867	0.798809	0.798809	
0.50075	0.519776	0.510055	0.484238	0.448315	0.399411	0.345015	0.277372	0.175184	0.0432592	-0.0988356	-0.233035	-0.34861	-0.437899	-0.510562	-0.587283	-0.658455	-0.721794	-0.767759	-0.790239	-0.791418	-0.773696	-0.732826	-0.678983	-0.618998	-0.563891	-0.508883	-0.432522	-0.321419	-0.182396	-0.0384229	0.105142	0.250852	0.406618	0.578779	0.773283	0.985333	1.2021	1.40175	1.56607	1.67733	1.72026	1.68032	1.55814	1.39121	1.21478	1.05814	0.938656	0.872727	0.872727	
0.713853	0.726341	0.698787	0.639155	0.554127	0.453812	0.347522	0.232406	0.091701	-0.0651941	-0.223999	-0.36541	-0.48134	-0.565247	-0.626523	-0.680183	-0.715992	-0.745069	-0.760779	-0.757394	-0.744172	-0.722368	-0.690272	-0.65974	-0.619058	-0.573844	-0.5304	-0.461054	-0.358681	-0.217571	-0.0558159	0.108771	0.282225	0.46775	0.673186	0.896079	1.13197	1.36388	1.56607	1.72506	1.82211	1.84871	1.78714	1.64776	1.45742	1.24885	1.07138	0.934799	0.862859	0.862859	
0.872288	0.877796	0.827778	0.737314	0.607704	0.458112	0.304788	0.148335	-0.0214598	-0.188919	-0.34388	-0.475522	-0.57068	-0.632684	-0.673901	-0.69383	-0.697897	-0.696329	-0.682239	-0.663752	-0.640448	-0.620983	-0.60362	-0.588629	-0.571648	-0.544009	-0.514396	-0.463289	-0.373673	-0.241961	-0.0776944	0.0995789	0.292357	0.504164	0.738383	0.987802	1.23765	1.4763	1.67733	1.82211	1.90405	1.91272	1.82644	1.65913	1.43249	1.19208	0.992091	0.840078	0.770769	0.770769	
0.973269	0.975136	0.906375	0.786408	0.620455	0.430489	0.240252	0.0517884	-0.126273	-0.292191	-0.428009	-0.533561	-0.600606	-0.633145	-0.647869	-0.638003	-0.608908	-0.577023	-0.544133	-0.518772	-0.498491	-0.485636	-0.486531	-0.496306	-0.500876	-0.488565	-0.467717	-0.430675	-0.355732	-0.24488	-0.0952934	0.0825191	0.284436	0.511614	0.758404	1.02736	1.28613	1.52546	1.72026	1.84871	1.91272	1.88433	1.77318	1.58479	1.32631	1.06075	0.830763	0.658972	0.578042	0.578042	
1.0248	1.01949	0.9365	0.793493	0.606489	0.387754	0.174987	-0.0289002	-0.204952	-0.352401	-0.459688	-0.528938	-0.562799	-0.566634	-0.551241	-0.515054	-0.456977	-0.399626	-0.357414	-0.32917	-0.318177	-0.320593	-0.34291	-0.379428	-0.404846	-0.404913	-0.392752	-0.367395	-0.317207	-0.232087	-0.101454	0.0603641	0.25559	0.483177	0.736566	1.0074	1.26289	1.49874	1.68032	1.78714	1.82644	1.77318	1.63684	1.42223	1.1419	0.851369	0.593055	0.403401	0.311901	0.311901	
1.04406	1.02649	0.935583	0.77778	0.578374	0.351035	0.125543	-0.0772114	-0.239649	-0.359854	-0.430149	-0.462481	-0.465073	-0.442424	-0.401296	-0.338263	-0.258345	-0.178537	-0.12291	-0.0951395	-0.0925836	-0.118953	-0.16835	-0.229211	-0.279468	-0.303013	-0.306403	-0.297081	-0.269677	-0.212172	-0.113171	0.0273806	0.206797	0.428757	0.678542	0.937633	1.18369	1.39683	1.55814	1.64776	1.65913	1.58479	1.42223	1.18316	0.886218	0.571904	0.295234	0.0929061	-0.00938345	-0.00938345	
1.05163	1.03161	0.935831	0.772521	0.565627	0.33806	0.106994	-0.0868991	-0.23023	-0.317483	-0.350817	-0.349427	-0.327511	-0.286262	-0.224858	-0.141919	-0.0386844	0.0639245	0.137736	0.168958	0.163667	0.116152	0.0375591	-0.0556581	-0.139003	-0.19381	-0.219328	-0.229157	-0.227606	-0.203626	-0.142814	-0.0240435	0.146938	0.359729	0.596157	0.839799	1.07164	1.25817	1.39121	1.45742	1.43249	1.32631	1.1419	0.886218	0.583191	0.257985	-0.0359141	-0.255752	-0.373191	-0.373191	
1.05901	1.0429	0.947414	0.78954	0.587803	0.364786	0.137047	-0.0499299	-0.177617	-0.236038	-0.238791	-0.209898	-0.168927	-0.117116	-0.0382615	0.0574536	0.179123	0.296919	0.383354	0.425941	0.411798	0.34523	0.241527	0.119378	0.00484871	-0.0822192	-0.139113	-0.174813	-0.205662	-0.215692	-0.183029	-0.0889923	0.070666	0.27815	0.513118	0.740602	0.947425	1.11206	1.21478	1.24885	1.19208	1.06075	0.851369	0.571904	0.257985	-0.0786204	-0.386571	-0.616618	-0.741888	-0.741888	
1.073	1.05524	0.967209	0.81767	0.625096	0.414592	0.198553	0.0197937	-0.0905716	-0.125233	-0.105843	-0.0610972	-0.0112907	0.0437135	0.126075	0.234542	0.361625	0.488616	0.58789	0.636362	0.616413	0.532942	0.40826	0.267887	0.131763	0.0145986	-0.0669686	-0.124012	-0.179201	-0.222849	-0.22637	-0.157456	-0.0125664	0.187515	0.413394	0.632815	0.829542	0.974615	1.05814	1.07138	0.992091	0.830763	0.593055	0.295234	-0.0359141	-0.386571	-0.710674	-0.956297	-1.09545	-1.09545	
1.07603	1.06261	0.984351	0.84878	0.674343	0.474265	0.27151	0.100093	-0.00189852	-0.0180362	0.0157743	0.0691013	0.123863	0.179242	0.255672	0.369239	0.4919	0.617854	0.721788	0.767179	0.742975	0.651588	0.516582	0.370412	0.22342	0.0939319	0.000984341	-0.0744454	-0.148257	-0.221535	-0.261357	-0.215354	-0.0805382	0.111307	0.328605	0.540158	0.726656	0.863867	0.938656	0.934799	0.840078	0.658972	0.403401	0.0929061	-0.255752	-0.616618	-0.956297	-1.22199	-1.36873	-1.36873	
1.07492	1.0627	0.986328	0.8608	0.695916	0.506855	0.318189	0.150524	0.0594751	0.0524313	0.0911497	0.150214	0.202974	0.254645	0.329996	0.440478	0.561566	0.683366	0.784645	0.833859	0.802671	0.706337	0.568596	0.420122	0.274159	0.140303	0.0404011	-0.0395294	-0.124564	-0.216592	-0.270835	-0.245391	-0.126879	0.0566836	0.26821	0.479692	0.660253	0.798809	0.872727	0.862859	0.770769	0.578042	0.311901	-0.00938345	-0.373191	-0.741888	-1.09545	-1.36873	-1.52223	-1.52223	
1.07492	1.0627	0.986328	0.8608	0.695916	0.506855	0.318189	0.150524	0.0594751	0.0524313	0.0911497	0.150214	0.202974	0.254645	0.329996	0.440478	0.561566	0.683366	0.784645	0.833859	0.802671	0.706337	0.568596	0.420122	0.274159	0.140303	0.0404011	-0.0395294	-0.124564	-0.216592	-0.270835	-0.245391	-0.126879	0.0566836	0.26821	0.479692	0.660253	0.798809	0.872727	0.862859	0.770769	0.578042	0.311901	-0.00938345	-0.373191	-0.741888	-1.09545	-1.36873	-1.52223	-1.52223	
