-0.166865	-0.166865	-0.150794	-0.135091	-0.13084	-0.14199	-0.143168	-0.116412	-0.0582068	0.00536388	0.0567739	0.114891	0.210982	0.352899	0.508582	0.650328	0.765529	0.831375	0.807867	0.670261	0.438174	0.160294	-0.122317	-0.365048	-0.547251	-0.659118	-0.714492	-0.725571	-0.700601	-0.647706	-0.564068	-0.452246	-0.321444	-0.166954	0.0229344	0.2428	0.494095	0.775741	1.08127	1.35449	1.54228	1.61568	1.55064	1.35584	1.07897	0.757155	0.429102	0.125095	-0.125501	-0.314753	
-0.166865	-0.166865	-0.150794	-0.135091	-0.13084	-0.14199	-0.143168	-0.116412	-0.0582068	0.00536388	0.0567739	0.114891	0.210982	0.352899	0.508582	0.650328	0.765529	0.831375	0.807867	0.670261	0.438174	0.160294	-0.122317	-0.365048	-0.547251	-0.659118	-0.714492	-0.725571	-0.700601	-0.647706	-0.564068	-0.452246	-0.321444	-0.166954	0.0229344	0.2428	0.494095	0.775741	1.08127	1.35449	1.54228	1.61568	1.55064	1.35584	1.07897	0.757155	0.429102	0.125095	-0.125501	-0.314753	
-0.150794	-0.150794	-0.135419	-0.120709	-0.117631	-0.129601	-0.132193	-0.107094	-0.0521916	0.00911271	0.0575028	0.114358	0.207464	0.346791	0.500076	0.6397	0.754067	0.818484	0.795499	0.66003	0.431185	0.157838	-0.119684	-0.357478	-0.533766	-0.641094	-0.691553	-0.698171	-0.671038	-0.616933	-0.536352	-0.430943	-0.310607	-0.169565	0.00255278	0.204712	0.437715	0.704092	0.997858	1.26742	1.4584	1.54456	1.49955	1.32913	1.07823	0.780535	0.46992	0.176337	-0.0697723	-0.262629	
-0.135091	-0.135091	-0.120709	-0.107079	-0.105047	-0.117135	-0.119957	-0.0967891	-0.0439581	0.013365	0.061708	0.116266	0.208658	0.344516	0.495104	0.63411	0.746213	0.81078	0.78846	0.656837	0.434933	0.168091	-0.101348	-0.331121	-0.501488	-0.602267	-0.648211	-0.651574	-0.621623	-0.569726	-0.494109	-0.400204	-0.295611	-0.176807	-0.0299722	0.142471	0.347793	0.588998	0.864462	1.12474	1.32334	1.42731	1.41225	1.28134	1.07004	0.808284	0.529247	0.258536	0.0228452	-0.164851	
-0.13084	-0.13084	-0.117631	-0.105047	-0.103752	-0.114501	-0.116986	-0.0932336	-0.0436122	0.0139022	0.0614939	0.119967	0.212364	0.348467	0.499682	0.639378	0.754191	0.818842	0.799652	0.673949	0.458937	0.200018	-0.0619159	-0.286625	-0.450736	-0.549717	-0.592749	-0.593889	-0.565486	-0.515463	-0.449195	-0.369539	-0.285151	-0.190437	-0.0745536	0.0685631	0.243826	0.460492	0.715036	0.967652	1.16806	1.2887	1.30227	1.20783	1.03777	0.818662	0.575853	0.335535	0.126524	-0.0470185	
-0.14199	-0.14199	-0.129601	-0.117135	-0.114501	-0.121645	-0.119604	-0.0939913	-0.0422902	0.0148244	0.0685509	0.130422	0.227523	0.36363	0.515061	0.657376	0.771655	0.837406	0.819683	0.699342	0.493599	0.242263	-0.0113762	-0.228908	-0.39026	-0.486217	-0.529928	-0.532859	-0.507026	-0.465217	-0.409922	-0.348308	-0.285017	-0.216202	-0.128024	-0.0148173	0.134562	0.327815	0.564565	0.805804	1.01024	1.142	1.17704	1.1148	0.979331	0.796326	0.593655	0.394379	0.219178	0.0788625	
-0.143168	-0.143168	-0.132193	-0.119957	-0.116986	-0.119604	-0.114995	-0.0861178	-0.0366418	0.0222308	0.0776398	0.145564	0.244374	0.379899	0.531251	0.673332	0.788838	0.853193	0.837235	0.723775	0.527153	0.286132	0.0426439	-0.168385	-0.322576	-0.418017	-0.46075	-0.465729	-0.446612	-0.413479	-0.375407	-0.335779	-0.298299	-0.256998	-0.198296	-0.110421	0.0161602	0.193349	0.413814	0.648102	0.851063	0.989722	1.0408	1.00277	0.897961	0.753047	0.590442	0.433323	0.302925	0.197252	
-0.116412	-0.116412	-0.107094	-0.0967891	-0.0932336	-0.0939913	-0.0861178	-0.0586055	-0.0109516	0.0438022	0.101379	0.170434	0.269602	0.400955	0.548184	0.689091	0.802301	0.865419	0.851395	0.746079	0.563454	0.336212	0.106547	-0.0926503	-0.240934	-0.332937	-0.379108	-0.390552	-0.382878	-0.367528	-0.351439	-0.339675	-0.330571	-0.315967	-0.282951	-0.216164	-0.104175	0.0607757	0.271482	0.49824	0.701423	0.844827	0.908341	0.892773	0.817218	0.707541	0.586884	0.476772	0.387348	0.320026	
-0.0582068	-0.0582068	-0.0521916	-0.0439581	-0.0436122	-0.0422902	-0.0366418	-0.0109516	0.0285933	0.0782599	0.133358	0.202483	0.299973	0.425349	0.56879	0.707817	0.821287	0.885102	0.876027	0.783852	0.618961	0.410362	0.197821	0.0101199	-0.130723	-0.225501	-0.278565	-0.304933	-0.317985	-0.326982	-0.341416	-0.360613	-0.379498	-0.389066	-0.373343	-0.318113	-0.213161	-0.0498019	0.153532	0.375298	0.577147	0.722952	0.796884	0.803138	0.755566	0.680964	0.598347	0.527049	0.47468	0.43492	
0.00536388	0.00536388	0.00911271	0.013365	0.0139022	0.0148244	0.0222308	0.0438022	0.0782599	0.122389	0.176797	0.247688	0.344381	0.466042	0.606436	0.745816	0.861812	0.928741	0.927752	0.851275	0.707257	0.51885	0.322882	0.145073	0.00510001	-0.0970907	-0.167833	-0.216697	-0.258668	-0.299271	-0.344971	-0.394292	-0.43707	-0.460079	-0.453915	-0.400533	-0.292054	-0.127157	0.0747005	0.293304	0.492923	0.641065	0.725309	0.748789	0.726045	0.679871	0.625975	0.583973	0.554535	0.533423	
0.0567739	0.0567739	0.0575028	0.061708	0.0614939	0.0685509	0.0776398	0.101379	0.133358	0.176797	0.235786	0.311664	0.413342	0.53387	0.674718	0.81683	0.936984	1.00878	1.01627	0.955336	0.831138	0.660834	0.476696	0.302752	0.156514	0.0366707	-0.0584711	-0.139494	-0.215424	-0.288164	-0.363968	-0.435192	-0.489888	-0.517114	-0.506037	-0.445586	-0.330384	-0.158095	0.0414024	0.255228	0.454696	0.606839	0.700171	0.742898	0.739119	0.709598	0.669131	0.638739	0.616075	0.599445	
0.114891	0.114891	0.114358	0.116266	0.119967	0.130422	0.145564	0.170434	0.202483	0.247688	0.311664	0.396649	0.503802	0.626757	0.769852	0.916308	1.04302	1.12095	1.13686	1.09073	0.98261	0.82473	0.64474	0.46351	0.300008	0.152981	0.0232994	-0.0930373	-0.203543	-0.304899	-0.400005	-0.482352	-0.538672	-0.556979	-0.535557	-0.463175	-0.334766	-0.154661	0.0480378	0.263775	0.465029	0.622165	0.726173	0.778119	0.784242	0.761132	0.721571	0.688708	0.661313	0.63809	
0.210982	0.210982	0.207464	0.208658	0.212364	0.227523	0.244374	0.269602	0.299973	0.344381	0.413342	0.503802	0.616431	0.739746	0.883528	1.03272	1.16421	1.24612	1.26919	1.23347	1.13792	0.987627	0.803917	0.609601	0.42043	0.239531	0.0717725	-0.0837944	-0.227897	-0.353153	-0.462221	-0.545927	-0.593335	-0.595929	-0.554418	-0.462959	-0.318371	-0.123061	0.0882399	0.308734	0.516533	0.682287	0.791641	0.850291	0.857071	0.826266	0.773461	0.728359	0.685118	0.648364	
0.352899	0.352899	0.346791	0.344516	0.348467	0.36363	0.379899	0.400955	0.425349	0.466042	0.53387	0.626757	0.739746	0.861065	1.00248	1.15244	1.28639	1.37248	1.39931	1.37243	1.28395	1.135	0.941493	0.725226	0.505586	0.287974	0.0821271	-0.107003	-0.277143	-0.417419	-0.529599	-0.607511	-0.642067	-0.626478	-0.565319	-0.454615	-0.288604	-0.0725998	0.156368	0.3906	0.607719	0.776757	0.885595	0.93572	0.930167	0.882841	0.812283	0.747051	0.685103	0.62825	
0.508582	0.508582	0.500076	0.495104	0.499682	0.515061	0.531251	0.548184	0.56879	0.606436	0.674718	0.769852	0.883528	1.00248	1.14031	1.28697	1.42046	1.50324	1.52916	1.50062	1.41109	1.25496	1.04388	0.803026	0.55202	0.302474	0.0670734	-0.146524	-0.331393	-0.477764	-0.585677	-0.652223	-0.670825	-0.63487	-0.551527	-0.418541	-0.228574	0.0086653	0.254994	0.497738	0.715409	0.880828	0.979505	1.01586	0.994275	0.926834	0.832238	0.744626	0.657618	0.57847	
0.650328	0.650328	0.6397	0.63411	0.639378	0.657376	0.673332	0.689091	0.707817	0.745816	0.81683	0.916308	1.03272	1.15244	1.28697	1.4323	1.56153	1.6411	1.65897	1.62333	1.52262	1.35059	1.11453	0.843776	0.561598	0.284719	0.0281439	-0.197184	-0.385895	-0.525415	-0.620262	-0.668371	-0.665773	-0.608288	-0.502174	-0.346448	-0.137472	0.117118	0.37261	0.61208	0.81841	0.966171	1.04385	1.05993	1.02062	0.934409	0.823842	0.716527	0.610805	0.511523	
0.765529	0.765529	0.754067	0.746213	0.754191	0.771655	0.788838	0.802301	0.821287	0.861812	0.936984	1.04302	1.16421	1.28639	1.42046	1.56153	1.68682	1.75688	1.76407	1.71249	1.59527	1.40104	1.13897	0.840332	0.53323	0.238313	-0.0285825	-0.258725	-0.442448	-0.575282	-0.653874	-0.682862	-0.658423	-0.575679	-0.443138	-0.266469	-0.0378049	0.222389	0.474011	0.696062	0.874523	0.992513	1.04577	1.04099	0.986796	0.890476	0.769336	0.652439	0.537764	0.43375	
0.831375	0.831375	0.818484	0.81078	0.818842	0.837406	0.853193	0.865419	0.885102	0.928741	1.00878	1.12095	1.24612	1.37248	1.50324	1.6411	1.75688	1.81762	1.80962	1.74184	1.60566	1.39277	1.10975	0.792848	0.472082	0.170723	-0.0984335	-0.325278	-0.506771	-0.6309	-0.698933	-0.711635	-0.66596	-0.561346	-0.40825	-0.21225	0.0212074	0.278218	0.516395	0.711236	0.858339	0.947357	0.974208	0.950399	0.885113	0.779226	0.656269	0.539225	0.432121	0.336503	
0.807867	0.807867	0.795499	0.78846	0.799652	0.819683	0.837235	0.851395	0.876027	0.927752	1.01627	1.13686	1.26919	1.39931	1.52916	1.65897	1.76407	1.80962	1.78581	1.69811	1.54581	1.31708	1.0237	0.700068	0.379023	0.0827509	-0.178459	-0.401043	-0.575381	-0.697223	-0.755763	-0.755412	-0.694608	-0.575173	-0.40933	-0.212373	0.0170054	0.257231	0.473938	0.644099	0.76436	0.82793	0.837303	0.80037	0.724649	0.617288	0.49825	0.389773	0.295668	0.216202	
0.670261	0.670261	0.66003	0.656837	0.673949	0.699342	0.723775	0.746079	0.783852	0.851275	0.955336	1.09073	1.23347	1.37243	1.50062	1.62333	1.71249	1.74184	1.69811	1.59178	1.42297	1.18429	0.888022	0.566935	0.255098	-0.028768	-0.279618	-0.492527	-0.663453	-0.779119	-0.828706	-0.816106	-0.740469	-0.612087	-0.446989	-0.256369	-0.0468712	0.168266	0.362108	0.507123	0.605078	0.651466	0.649201	0.606028	0.532537	0.43168	0.325991	0.229367	0.150244	0.0802245	
0.438174	0.438174	0.431185	0.434933	0.458937	0.493599	0.527153	0.563454	0.618961	0.707257	0.831138	0.98261	1.13792	1.28395	1.41109	1.52262	1.59527	1.60566	1.54581	1.42297	1.24452	1.002	0.710148	0.398203	0.0985456	-0.172862	-0.412332	-0.618737	-0.781907	-0.888787	-0.92493	-0.894274	-0.804514	-0.67132	-0.511935	-0.338261	-0.15253	0.037021	0.207022	0.333325	0.413303	0.444368	0.433239	0.390861	0.323543	0.239493	0.154389	0.0764065	0.00992482	-0.0552863	
0.160294	0.160294	0.157838	0.168091	0.200018	0.242263	0.286132	0.336212	0.410362	0.51885	0.660834	0.82473	0.987627	1.135	1.25496	1.35059	1.40104	1.39277	1.31708	1.18429	1.002	0.762787	0.484116	0.187066	-0.0944561	-0.348853	-0.574031	-0.767548	-0.918682	-1.01287	-1.0327	-0.987789	-0.887152	-0.753963	-0.604081	-0.444976	-0.276751	-0.106888	0.0471092	0.157406	0.221512	0.237397	0.22111	0.183867	0.130297	0.0674378	0.00447451	-0.0598715	-0.117526	-0.178104	
-0.122317	-0.122317	-0.119684	-0.101348	-0.0619159	-0.0113762	0.0426439	0.106547	0.197821	0.322882	0.476696	0.64474	0.803917	0.941493	1.04388	1.11453	1.13897	1.10975	1.0237	0.888022	0.710148	0.484116	0.225136	-0.048794	-0.306146	-0.537627	-0.740431	-0.912202	-1.04405	-1.11717	-1.12063	-1.06141	-0.95425	-0.823912	-0.686091	-0.539419	-0.387034	-0.231215	-0.0892458	0.0136237	0.070914	0.0844309	0.0720172	0.04497	0.00409594	-0.0450614	-0.0977898	-0.153501	-0.202997	-0.256723	
-0.365048	-0.365048	-0.357478	-0.331121	-0.286625	-0.228908	-0.168385	-0.0926503	0.0101199	0.145073	0.302752	0.46351	0.609601	0.725226	0.803026	0.843776	0.840332	0.792848	0.700068	0.566935	0.398203	0.187066	-0.048794	-0.295703	-0.522286	-0.720804	-0.888142	-1.02687	-1.12693	-1.17583	-1.16228	-1.09308	-0.983552	-0.858682	-0.729736	-0.594378	-0.451958	-0.304624	-0.170066	-0.0664735	-0.00334951	0.0180371	0.0181586	0.00868994	-0.0208082	-0.0599067	-0.105331	-0.156899	-0.204282	-0.251607	
-0.547251	-0.547251	-0.533766	-0.501488	-0.450736	-0.39026	-0.322576	-0.240934	-0.130723	0.00510001	0.156514	0.300008	0.42043	0.505586	0.55202	0.561598	0.53323	0.472082	0.379023	0.255098	0.0985456	-0.0944561	-0.306146	-0.522286	-0.712757	-0.871137	-0.997837	-1.09674	-1.1656	-1.19036	-1.16159	-1.08375	-0.968466	-0.841619	-0.717416	-0.587581	-0.451524	-0.311713	-0.176703	-0.0623284	0.0188639	0.0611391	0.0829987	0.0884886	0.0696348	0.0375211	-0.00500279	-0.0514414	-0.0932287	-0.135215	
-0.659118	-0.659118	-0.641094	-0.602267	-0.549717	-0.486217	-0.418017	-0.332937	-0.225501	-0.0970907	0.0366707	0.152981	0.239531	0.287974	0.302474	0.284719	0.238313	0.170723	0.0827509	-0.028768	-0.172862	-0.348853	-0.537627	-0.720804	-0.871137	-0.986301	-1.0682	-1.13005	-1.17018	-1.17505	-1.13637	-1.04918	-0.926744	-0.795225	-0.669495	-0.541144	-0.405969	-0.258733	-0.111682	0.027672	0.138256	0.204911	0.24204	0.259156	0.247037	0.220668	0.18746	0.150823	0.113246	0.0693004	
-0.714492	-0.714492	-0.691553	-0.648211	-0.592749	-0.529928	-0.46075	-0.379108	-0.278565	-0.167833	-0.0584711	0.0232994	0.0717725	0.0821271	0.0670734	0.0281439	-0.0285825	-0.0984335	-0.178459	-0.279618	-0.412332	-0.574031	-0.740431	-0.888142	-0.997837	-1.0682	-1.11108	-1.14225	-1.16098	-1.15421	-1.10619	-1.01173	-0.881007	-0.741322	-0.611965	-0.480898	-0.334623	-0.171207	0.00250837	0.175065	0.31752	0.408071	0.459391	0.484462	0.478708	0.459804	0.431323	0.400509	0.36091	0.315285	
-0.725571	-0.725571	-0.698171	-0.651574	-0.593889	-0.532859	-0.465729	-0.390552	-0.304933	-0.216697	-0.139494	-0.0930373	-0.0837944	-0.107003	-0.146524	-0.197184	-0.258725	-0.325278	-0.401043	-0.492527	-0.618737	-0.767548	-0.912202	-1.02687	-1.09674	-1.13005	-1.14225	-1.15158	-1.15707	-1.14018	-1.0845	-0.983279	-0.845053	-0.700497	-0.56638	-0.428764	-0.266651	-0.0774906	0.127389	0.331929	0.505738	0.616746	0.681862	0.713728	0.716413	0.700206	0.675886	0.644901	0.604087	0.550034	
-0.700601	-0.700601	-0.671038	-0.621623	-0.565486	-0.507026	-0.446612	-0.382878	-0.317985	-0.258668	-0.215424	-0.203543	-0.227897	-0.277143	-0.331393	-0.385895	-0.442448	-0.506771	-0.575381	-0.663453	-0.781907	-0.918682	-1.04405	-1.12693	-1.1656	-1.17018	-1.16098	-1.15707	-1.15146	-1.12662	-1.0654	-0.960591	-0.823007	-0.676673	-0.539507	-0.392866	-0.212848	0.000510495	0.229726	0.457921	0.651166	0.782222	0.858218	0.899838	0.910229	0.897636	0.872854	0.843176	0.795725	0.732591	
-0.647706	-0.647706	-0.616933	-0.569726	-0.515463	-0.465217	-0.413479	-0.367528	-0.326982	-0.299271	-0.288164	-0.304899	-0.353153	-0.417419	-0.477764	-0.525415	-0.575282	-0.6309	-0.697223	-0.779119	-0.888787	-1.01287	-1.11717	-1.17583	-1.19036	-1.17505	-1.15421	-1.14018	-1.12662	-1.09801	-1.03366	-0.934912	-0.802602	-0.660252	-0.520469	-0.369672	-0.179519	0.0425613	0.282102	0.517559	0.726589	0.871606	0.962022	1.01099	1.02653	1.01463	0.993677	0.962239	0.912851	0.843446	
-0.564068	-0.564068	-0.536352	-0.494109	-0.449195	-0.409922	-0.375407	-0.351439	-0.341416	-0.344971	-0.363968	-0.400005	-0.462221	-0.529599	-0.585677	-0.620262	-0.653874	-0.698933	-0.755763	-0.828706	-0.92493	-1.0327	-1.12063	-1.16228	-1.16159	-1.13637	-1.10619	-1.0845	-1.0654	-1.03366	-0.975322	-0.887186	-0.768346	-0.635493	-0.502332	-0.357381	-0.177081	0.0365787	0.26931	0.503002	0.715867	0.873152	0.970867	1.02215	1.04229	1.03371	1.01516	0.985782	0.936397	0.858909	
-0.452246	-0.452246	-0.430943	-0.400204	-0.369539	-0.348308	-0.335779	-0.339675	-0.360613	-0.394292	-0.435192	-0.482352	-0.545927	-0.607511	-0.652223	-0.668371	-0.682862	-0.711635	-0.755412	-0.816106	-0.894274	-0.987789	-1.06141	-1.09308	-1.08375	-1.04918	-1.01173	-0.983279	-0.960591	-0.934912	-0.887186	-0.816584	-0.716904	-0.601143	-0.486028	-0.364766	-0.212281	-0.024788	0.188914	0.410369	0.620584	0.780673	0.879916	0.933915	0.954195	0.947081	0.931771	0.901498	0.851881	0.782068	
-0.321444	-0.321444	-0.310607	-0.295611	-0.285151	-0.285017	-0.298299	-0.330571	-0.379498	-0.43707	-0.489888	-0.538672	-0.593335	-0.642067	-0.670825	-0.665773	-0.658423	-0.66596	-0.694608	-0.740469	-0.804514	-0.887152	-0.95425	-0.983552	-0.968466	-0.926744	-0.881007	-0.845053	-0.823007	-0.802602	-0.768346	-0.716904	-0.640918	-0.55607	-0.476645	-0.395963	-0.287418	-0.135767	0.0531355	0.257033	0.457179	0.613837	0.713147	0.764798	0.780885	0.77023	0.748251	0.714657	0.67539	0.622519	
-0.166954	-0.166954	-0.169565	-0.176807	-0.190437	-0.216202	-0.256998	-0.315967	-0.389066	-0.460079	-0.517114	-0.556979	-0.595929	-0.626478	-0.63487	-0.608288	-0.575679	-0.561346	-0.575173	-0.612087	-0.67132	-0.753963	-0.823912	-0.858682	-0.841619	-0.795225	-0.741322	-0.700497	-0.676673	-0.660252	-0.635493	-0.601143	-0.55607	-0.512836	-0.483021	-0.454365	-0.395024	-0.283442	-0.124605	0.0592806	0.245568	0.397906	0.497439	0.545758	0.551246	0.527983	0.497267	0.464319	0.438844	0.407296	
0.0229344	0.0229344	0.00255278	-0.0299722	-0.0745536	-0.128024	-0.198296	-0.282951	-0.373343	-0.453915	-0.506037	-0.535557	-0.554418	-0.565319	-0.551527	-0.502174	-0.443138	-0.40825	-0.40933	-0.446989	-0.511935	-0.604081	-0.686091	-0.729736	-0.717416	-0.669495	-0.611965	-0.56638	-0.539507	-0.520469	-0.502332	-0.486028	-0.476645	-0.483021	-0.507976	-0.527979	-0.516039	-0.441922	-0.313091	-0.150703	0.0210725	0.169483	0.264843	0.308024	0.297521	0.263653	0.225902	0.198472	0.184127	0.170137	
0.2428	0.2428	0.204712	0.142471	0.0685631	-0.0148173	-0.110421	-0.216164	-0.318113	-0.400533	-0.445586	-0.463175	-0.462959	-0.454615	-0.418541	-0.346448	-0.266469	-0.21225	-0.212373	-0.256369	-0.338261	-0.444976	-0.539419	-0.594378	-0.587581	-0.541144	-0.480898	-0.428764	-0.392866	-0.369672	-0.357381	-0.364766	-0.395963	-0.454365	-0.527979	-0.5933	-0.617142	-0.576152	-0.472124	-0.324616	-0.160094	-0.0218468	0.0693232	0.0987306	0.0725267	0.029461	-0.00940525	-0.0340881	-0.0418316	-0.0500106	
0.494095	0.494095	0.437715	0.347793	0.243826	0.134562	0.0161602	-0.104175	-0.213161	-0.292054	-0.330384	-0.334766	-0.318371	-0.288604	-0.228574	-0.137472	-0.0378049	0.0212074	0.0170054	-0.0468712	-0.15253	-0.276751	-0.387034	-0.451958	-0.451524	-0.405969	-0.334623	-0.266651	-0.212848	-0.179519	-0.177081	-0.212281	-0.287418	-0.395024	-0.516039	-0.617142	-0.671349	-0.652942	-0.562444	-0.419061	-0.261672	-0.129102	-0.0485174	-0.0283857	-0.060723	-0.108791	-0.155398	-0.184346	-0.199862	-0.210811	
0.775741	0.775741	0.704092	0.588998	0.460492	0.327815	0.193349	0.0607757	-0.0498019	-0.127157	-0.158095	-0.154661	-0.123061	-0.0725998	0.0086653	0.117118	0.222389	0.278218	0.257231	0.168266	0.037021	-0.106888	-0.231215	-0.304624	-0.311713	-0.258733	-0.171207	-0.0774906	0.000510495	0.0425613	0.0365787	-0.024788	-0.135767	-0.283442	-0.441922	-0.576152	-0.652942	-0.650664	-0.568626	-0.429616	-0.273341	-0.147749	-0.0663081	-0.0394531	-0.0682834	-0.122032	-0.179279	-0.223715	-0.254085	-0.26575	
1.08127	1.08127	0.997858	0.864462	0.715036	0.564565	0.413814	0.271482	0.153532	0.0747005	0.0414024	0.0480378	0.0882399	0.156368	0.254994	0.37261	0.474011	0.516395	0.473938	0.362108	0.207022	0.0471092	-0.0892458	-0.170066	-0.176703	-0.111682	0.00250837	0.127389	0.229726	0.282102	0.26931	0.188914	0.0531355	-0.124605	-0.313091	-0.472124	-0.562444	-0.568626	-0.493807	-0.360868	-0.211472	-0.0877923	0.00324152	0.041679	0.0240861	-0.0329767	-0.102878	-0.160962	-0.198913	-0.218228	
1.35449	1.35449	1.26742	1.12474	0.967652	0.805804	0.648102	0.49824	0.375298	0.293304	0.255228	0.263775	0.308734	0.3906	0.497738	0.61208	0.696062	0.711236	0.644099	0.507123	0.333325	0.157406	0.0136237	-0.0664735	-0.0623284	0.027672	0.175065	0.331929	0.457921	0.517559	0.503002	0.410369	0.257033	0.0592806	-0.150703	-0.324616	-0.419061	-0.429616	-0.360868	-0.236507	-0.0888756	0.0416856	0.142695	0.192188	0.181319	0.116668	0.040944	-0.0203219	-0.0635179	-0.0847392	
1.54228	1.54228	1.4584	1.32334	1.16806	1.01024	0.851063	0.701423	0.577147	0.492923	0.454696	0.465029	0.516533	0.607719	0.715409	0.81841	0.874523	0.858339	0.76436	0.605078	0.413303	0.221512	0.070914	-0.00334951	0.0188639	0.138256	0.31752	0.505738	0.651166	0.726589	0.715867	0.620584	0.457179	0.245568	0.0210725	-0.160094	-0.261672	-0.273341	-0.211472	-0.0888756	0.0669281	0.211382	0.320016	0.376931	0.367337	0.300957	0.22261	0.155097	0.109399	0.0871717	
1.61568	1.61568	1.54456	1.42731	1.2887	1.142	0.989722	0.844827	0.722952	0.641065	0.606839	0.622165	0.682287	0.776757	0.880828	0.966171	0.992513	0.947357	0.82793	0.651466	0.444368	0.237397	0.0844309	0.0180371	0.0611391	0.204911	0.408071	0.616746	0.782222	0.871606	0.873152	0.780673	0.613837	0.397906	0.169483	-0.0218468	-0.129102	-0.147749	-0.0877923	0.0416856	0.211382	0.368827	0.485635	0.546922	0.543942	0.483883	0.404975	0.334157	0.287063	0.263898	
1.55064	1.55064	1.49955	1.41225	1.30227	1.17704	1.0408	0.908341	0.796884	0.725309	0.700171	0.726173	0.791641	0.885595	0.979505	1.04385	1.04577	0.974208	0.837303	0.649201	0.433239	0.22111	0.0720172	0.0181586	0.0829987	0.24204	0.459391	0.681862	0.858218	0.962022	0.970867	0.879916	0.713147	0.497439	0.264843	0.0693232	-0.0485174	-0.0663081	0.00324152	0.142695	0.320016	0.485635	0.602924	0.672826	0.685523	0.641	0.568992	0.499604	0.451935	0.424882	
1.35584	1.35584	1.32913	1.28134	1.20783	1.1148	1.00277	0.892773	0.803138	0.748789	0.742898	0.778119	0.850291	0.93572	1.01586	1.05993	1.04099	0.950399	0.80037	0.606028	0.390861	0.183867	0.04497	0.00868994	0.0884886	0.259156	0.484462	0.713728	0.899838	1.01099	1.02215	0.933915	0.764798	0.545758	0.308024	0.0987306	-0.0283857	-0.0394531	0.041679	0.192188	0.376931	0.546922	0.672826	0.757886	0.783141	0.756447	0.695365	0.63467	0.591993	0.569398	
1.07897	1.07897	1.07823	1.07004	1.03777	0.979331	0.897961	0.817218	0.755566	0.726045	0.739119	0.784242	0.857071	0.930167	0.994275	1.02062	0.986796	0.885113	0.724649	0.532537	0.323543	0.130297	0.00409594	-0.0208082	0.0696348	0.247037	0.478708	0.716413	0.910229	1.02653	1.04229	0.954195	0.780885	0.551246	0.297521	0.0725267	-0.060723	-0.0682834	0.0240861	0.181319	0.367337	0.543942	0.685523	0.783141	0.82781	0.827458	0.786815	0.740865	0.708931	0.69226	
0.757155	0.757155	0.780535	0.808284	0.818662	0.796326	0.753047	0.707541	0.680964	0.679871	0.709598	0.761132	0.826266	0.882841	0.926834	0.934409	0.890476	0.779226	0.617288	0.43168	0.239493	0.0674378	-0.0450614	-0.0599067	0.0375211	0.220668	0.459804	0.700206	0.897636	1.01463	1.03371	0.947081	0.77023	0.527983	0.263653	0.029461	-0.108791	-0.122032	-0.0329767	0.116668	0.300957	0.483883	0.641	0.756447	0.827458	0.855373	0.839807	0.815152	0.79656	0.79674	
0.429102	0.429102	0.46992	0.529247	0.575853	0.593655	0.590442	0.586884	0.598347	0.625975	0.669131	0.721571	0.773461	0.812283	0.832238	0.823842	0.769336	0.656269	0.49825	0.325991	0.154389	0.00447451	-0.0977898	-0.105331	-0.00500279	0.18746	0.431323	0.675886	0.872854	0.993677	1.01516	0.931771	0.748251	0.497267	0.225902	-0.00940525	-0.155398	-0.179279	-0.102878	0.040944	0.22261	0.404975	0.568992	0.695365	0.786815	0.839807	0.857001	0.86069	0.870415	0.894244	
0.125095	0.125095	0.176337	0.258536	0.335535	0.394379	0.433323	0.476772	0.527049	0.583973	0.638739	0.688708	0.728359	0.747051	0.744626	0.716527	0.652439	0.539225	0.389773	0.229367	0.0764065	-0.0598715	-0.153501	-0.156899	-0.0514414	0.150823	0.400509	0.644901	0.843176	0.962239	0.985782	0.901498	0.714657	0.464319	0.198472	-0.0340881	-0.184346	-0.223715	-0.160962	-0.0203219	0.155097	0.334157	0.499604	0.63467	0.740865	0.815152	0.86069	0.899015	0.938113	0.977634	
-0.125501	-0.125501	-0.0697723	0.0228452	0.126524	0.219178	0.302925	0.387348	0.47468	0.554535	0.616075	0.661313	0.685118	0.685103	0.657618	0.610805	0.537764	0.432121	0.295668	0.150244	0.00992482	-0.117526	-0.202997	-0.204282	-0.0932287	0.113246	0.36091	0.604087	0.795725	0.912851	0.936397	0.851881	0.67539	0.438844	0.184127	-0.0418316	-0.199862	-0.254085	-0.198913	-0.0635179	0.109399	0.287063	0.451935	0.591993	0.708931	0.79656	0.870415	0.938113	0.993042	1.036	
-0.314753	-0.314753	-0.262629	-0.164851	-0.0470185	0.0788625	0.197252	0.320026	0.43492	0.533423	0.599445	0.63809	0.648364	0.62825	0.57847	0.511523	0.43375	0.336503	0.216202	0.0802245	-0.0552863	-0.178104	-0.256723	-0.251607	-0.135215	0.0693004	0.315285	0.550034	0.732591	0.843446	0.858909	0.782068	0.622519	0.407296	0.170137	-0.0500106	-0.210811	-0.26575	-0.218228	-0.0847392	0.0871717	0.263898	0.424882	0.569398	0.69226	0.79674	0.894244	0.977634	1.036	1.07159	
