-0.753513	-0.740998	-0.692768	-0.602778	-0.482581	-0.333265	-0.151998	0.0478201	0.246325	0.435541	0.598089	0.74131	0.868108	0.974817	1.05668	1.09481	1.08332	1.03394	0.950003	0.84072	0.726191	0.619135	0.515696	0.414287	0.319366	0.23027	0.166227	0.115972	0.0686895	0.0299036	-0.0160254	-0.068973	-0.136121	-0.211877	-0.276171	-0.337448	-0.405512	-0.46498	-0.497949	-0.516437	-0.533795	-0.548546	-0.565965	-0.592482	-0.618423	-0.629292	-0.631663	-0.634429	-0.63468	-0.63468	
-0.740998	-0.744261	-0.711304	-0.635568	-0.52697	-0.38548	-0.208331	-0.00162947	0.218893	0.42605	0.592816	0.728948	0.842375	0.934961	0.997231	1.02095	1.00192	0.949641	0.879613	0.789167	0.683197	0.571361	0.46481	0.36885	0.276143	0.195331	0.134448	0.0753746	0.0201337	-0.0325887	-0.0916798	-0.157469	-0.232679	-0.301723	-0.36223	-0.415663	-0.459071	-0.490315	-0.498116	-0.49587	-0.495044	-0.489826	-0.49117	-0.504789	-0.516097	-0.520184	-0.517471	-0.505657	-0.495418	-0.495418	
-0.692768	-0.711304	-0.689966	-0.629074	-0.532809	-0.399265	-0.220165	-0.005461	0.219633	0.423756	0.582336	0.704064	0.796498	0.863256	0.890662	0.884861	0.8487	0.799185	0.745333	0.675767	0.585122	0.475891	0.374857	0.289841	0.220286	0.166921	0.114867	0.0512245	-0.0183471	-0.0842554	-0.145029	-0.211226	-0.286809	-0.360413	-0.422195	-0.461195	-0.483497	-0.490683	-0.481546	-0.475095	-0.464491	-0.439942	-0.425359	-0.422648	-0.410668	-0.400131	-0.392064	-0.372239	-0.357915	-0.357915	
-0.602778	-0.635568	-0.629074	-0.586291	-0.500116	-0.365238	-0.182655	0.0258966	0.242551	0.434135	0.580044	0.674663	0.728298	0.746806	0.730574	0.694251	0.63978	0.587042	0.535207	0.478185	0.408518	0.326674	0.249297	0.187212	0.149036	0.125661	0.0990834	0.0468142	-0.0252941	-0.0954625	-0.159116	-0.221279	-0.290468	-0.366715	-0.433199	-0.468732	-0.473937	-0.460053	-0.444329	-0.437407	-0.424218	-0.396114	-0.371111	-0.353987	-0.323395	-0.293023	-0.278009	-0.261238	-0.24872	-0.24872	
-0.482581	-0.52697	-0.532809	-0.500116	-0.416962	-0.283104	-0.114074	0.0789893	0.281267	0.461325	0.587677	0.641446	0.636033	0.592496	0.536052	0.467419	0.385871	0.316338	0.259837	0.209913	0.164696	0.120718	0.080191	0.0612355	0.0630674	0.0685302	0.0708543	0.051368	0.00110669	-0.0646283	-0.130351	-0.194314	-0.25839	-0.323351	-0.380362	-0.414098	-0.416612	-0.396598	-0.382249	-0.37533	-0.36418	-0.345681	-0.318269	-0.293492	-0.258995	-0.218629	-0.202864	-0.196863	-0.186389	-0.186389	
-0.333265	-0.38548	-0.399265	-0.365238	-0.283104	-0.166398	-0.023685	0.14856	0.331791	0.488256	0.575011	0.578635	0.515803	0.419705	0.319378	0.209632	0.0967592	0.0117993	-0.0478034	-0.0934997	-0.111784	-0.115041	-0.116183	-0.0908678	-0.0415835	0.00053601	0.0308444	0.0413129	0.0203925	-0.0197975	-0.0729473	-0.134023	-0.192853	-0.239197	-0.267543	-0.292335	-0.30528	-0.298375	-0.294208	-0.288976	-0.283797	-0.280825	-0.263886	-0.239903	-0.209528	-0.183506	-0.17862	-0.178803	-0.177237	-0.177237	
-0.151998	-0.208331	-0.220165	-0.182655	-0.114074	-0.023685	0.0958941	0.241596	0.383792	0.489153	0.522836	0.482139	0.372904	0.226317	0.077909	-0.0647067	-0.199468	-0.296983	-0.36167	-0.399201	-0.390379	-0.355028	-0.312783	-0.250276	-0.167441	-0.0906537	-0.0241685	0.0162523	0.0196646	0.00714504	-0.0148807	-0.0486661	-0.0920838	-0.121712	-0.125428	-0.131485	-0.15096	-0.169588	-0.178226	-0.181937	-0.191759	-0.202224	-0.20642	-0.198327	-0.180456	-0.181023	-0.192795	-0.193434	-0.19546	-0.19546	
0.0478201	-0.00162947	-0.005461	0.0258966	0.0789893	0.14856	0.241596	0.336342	0.418408	0.462538	0.444404	0.356434	0.201095	0.0124436	-0.167061	-0.327123	-0.476003	-0.586103	-0.652386	-0.67028	-0.641402	-0.578817	-0.498401	-0.402863	-0.300402	-0.207739	-0.111977	-0.0371333	0.00137318	0.0202186	0.0294079	0.0324996	0.0263976	0.0232548	0.0311989	0.0365399	0.0143211	-0.0251118	-0.0501038	-0.0700297	-0.0976479	-0.12528	-0.148357	-0.161771	-0.170946	-0.191631	-0.213849	-0.219196	-0.21617	-0.21617	
0.246325	0.218893	0.219633	0.242551	0.281267	0.331791	0.383792	0.418408	0.436855	0.418394	0.343361	0.203235	0.0153192	-0.194294	-0.392048	-0.564836	-0.713647	-0.825453	-0.887911	-0.891216	-0.845774	-0.76008	-0.654895	-0.541752	-0.435571	-0.331675	-0.21953	-0.122627	-0.0459908	0.0115895	0.0587303	0.0984065	0.132765	0.16159	0.17959	0.187685	0.164568	0.117052	0.0715744	0.0294762	-0.0123689	-0.0543703	-0.0918907	-0.127716	-0.163106	-0.195343	-0.220787	-0.228245	-0.223936	-0.223936	
0.435541	0.42605	0.423756	0.434135	0.461325	0.488256	0.489153	0.462538	0.418394	0.341088	0.214422	0.0403587	-0.161389	-0.379474	-0.585444	-0.754626	-0.886935	-0.989516	-1.04849	-1.0453	-0.986132	-0.882571	-0.761935	-0.652906	-0.558973	-0.452974	-0.332601	-0.218685	-0.119063	-0.02773	0.0590437	0.133752	0.205453	0.262777	0.291903	0.296075	0.273774	0.231455	0.174224	0.115866	0.0610504	0.0125279	-0.0320434	-0.0887749	-0.137807	-0.172715	-0.201115	-0.211605	-0.214474	-0.214474	
0.598089	0.592816	0.582336	0.580044	0.587677	0.575011	0.522836	0.444404	0.343361	0.214422	0.0592647	-0.121521	-0.32501	-0.536593	-0.724926	-0.875688	-0.994881	-1.08599	-1.1309	-1.11661	-1.05112	-0.945821	-0.826662	-0.721556	-0.635706	-0.545264	-0.431989	-0.309195	-0.198134	-0.0927897	0.0188267	0.128257	0.221947	0.293235	0.338709	0.347185	0.331138	0.299592	0.245869	0.189148	0.136611	0.0868754	0.0308099	-0.0361251	-0.0867165	-0.123192	-0.152479	-0.168418	-0.181751	-0.181751	
0.74131	0.728948	0.704064	0.674663	0.641446	0.578635	0.482139	0.356434	0.203235	0.0403587	-0.121521	-0.296888	-0.484681	-0.659523	-0.809675	-0.943724	-1.05467	-1.12211	-1.14289	-1.11686	-1.04808	-0.951336	-0.847834	-0.746033	-0.654083	-0.578271	-0.49519	-0.387211	-0.273517	-0.168658	-0.0541557	0.0730995	0.178605	0.24997	0.300299	0.32727	0.335146	0.324848	0.290385	0.249604	0.2125	0.164959	0.0991539	0.0312568	-0.0174987	-0.0487239	-0.0779547	-0.10404	-0.115032	-0.115032	
0.868108	0.842375	0.796498	0.728298	0.636033	0.515803	0.372904	0.201095	0.0153192	-0.161389	-0.32501	-0.484681	-0.630276	-0.755392	-0.868084	-0.977069	-1.05768	-1.09529	-1.0998	-1.06914	-1.00133	-0.908505	-0.819247	-0.729565	-0.64269	-0.575612	-0.516965	-0.4435	-0.347113	-0.243909	-0.136049	-0.0206757	0.0810623	0.150527	0.202485	0.254504	0.294702	0.310895	0.304147	0.287587	0.270564	0.231278	0.167999	0.115127	0.0781273	0.0461595	0.0145628	-0.0145249	-0.0275248	-0.0275248	
0.974817	0.934961	0.863256	0.746806	0.592496	0.419705	0.226317	0.0124436	-0.194294	-0.379474	-0.536593	-0.659523	-0.755392	-0.84221	-0.917987	-0.973413	-1.00346	-1.01726	-1.00855	-0.971967	-0.912383	-0.836212	-0.756732	-0.683697	-0.627518	-0.576921	-0.528955	-0.479168	-0.413077	-0.325705	-0.225017	-0.129889	-0.041386	0.0294482	0.0840066	0.150669	0.220795	0.266345	0.286058	0.296543	0.300126	0.279813	0.240144	0.208434	0.18427	0.152289	0.117276	0.0911339	0.0795536	0.0795536	
1.05668	0.997231	0.890662	0.730574	0.536052	0.319378	0.077909	-0.167061	-0.392048	-0.585444	-0.724926	-0.809675	-0.868084	-0.917987	-0.943454	-0.93943	-0.921989	-0.907935	-0.87622	-0.824891	-0.782925	-0.742214	-0.685344	-0.633352	-0.603633	-0.57849	-0.549062	-0.512959	-0.470937	-0.410006	-0.327356	-0.247288	-0.171495	-0.0995088	-0.0350503	0.0361004	0.12081	0.198188	0.255111	0.294631	0.312082	0.311679	0.304612	0.29573	0.278737	0.250069	0.224685	0.210504	0.203726	0.203726	
1.09481	1.02095	0.884861	0.694251	0.467419	0.209632	-0.0647067	-0.327123	-0.564836	-0.754626	-0.875688	-0.943724	-0.977069	-0.973413	-0.93943	-0.886762	-0.823447	-0.767919	-0.707136	-0.650101	-0.625645	-0.620853	-0.605964	-0.586232	-0.576608	-0.574984	-0.578564	-0.56336	-0.526087	-0.482297	-0.427736	-0.362255	-0.29612	-0.228525	-0.1547	-0.0767758	0.0145842	0.114922	0.202941	0.267922	0.307462	0.332415	0.359156	0.378547	0.367648	0.344988	0.334045	0.32669	0.323266	0.323266	
1.08332	1.00192	0.8487	0.63978	0.385871	0.0967592	-0.199468	-0.476003	-0.713647	-0.886935	-0.994881	-1.05467	-1.05768	-1.00346	-0.921989	-0.823447	-0.707707	-0.604872	-0.530911	-0.48631	-0.474562	-0.489423	-0.512629	-0.537623	-0.555098	-0.5691	-0.593506	-0.597842	-0.56851	-0.53446	-0.506341	-0.466772	-0.411239	-0.345241	-0.268722	-0.186127	-0.092202	0.0173624	0.125722	0.210594	0.275005	0.336091	0.398817	0.44471	0.450354	0.442684	0.443958	0.439525	0.435957	0.435957	
1.03394	0.949641	0.799185	0.587042	0.316338	0.0117993	-0.296983	-0.586103	-0.825453	-0.989516	-1.08599	-1.12211	-1.09529	-1.01726	-0.907935	-0.767919	-0.604872	-0.471102	-0.39362	-0.362531	-0.358561	-0.376328	-0.417945	-0.474484	-0.520554	-0.545649	-0.567587	-0.58258	-0.580749	-0.574251	-0.571056	-0.551496	-0.502471	-0.437845	-0.365469	-0.282222	-0.190965	-0.0895304	0.0222684	0.126649	0.222783	0.313976	0.395604	0.464755	0.503995	0.527902	0.555483	0.568043	0.567591	0.567591	
0.950003	0.879613	0.745333	0.535207	0.259837	-0.0478034	-0.36167	-0.652386	-0.887911	-1.04849	-1.1309	-1.14289	-1.0998	-1.00855	-0.87622	-0.707136	-0.530911	-0.39362	-0.311649	-0.280524	-0.284404	-0.313905	-0.357404	-0.414605	-0.469268	-0.501872	-0.522066	-0.536536	-0.554293	-0.578717	-0.59782	-0.59234	-0.554683	-0.498088	-0.43611	-0.363102	-0.276593	-0.18941	-0.0963931	0.0144834	0.138339	0.253878	0.352031	0.443015	0.524818	0.599675	0.662751	0.698672	0.714435	0.714435	
0.84072	0.789167	0.675767	0.478185	0.209913	-0.0934997	-0.399201	-0.67028	-0.891216	-1.0453	-1.11661	-1.11686	-1.06914	-0.971967	-0.824891	-0.650101	-0.48631	-0.362531	-0.280524	-0.242591	-0.254315	-0.295625	-0.334641	-0.37513	-0.41739	-0.452051	-0.472704	-0.481579	-0.502268	-0.540893	-0.574425	-0.581699	-0.564113	-0.527512	-0.478745	-0.417293	-0.345072	-0.279787	-0.209516	-0.106469	0.0267574	0.160233	0.280972	0.405905	0.5353	0.654627	0.74908	0.805602	0.829444	0.829444	
0.726191	0.683197	0.585122	0.408518	0.164696	-0.111784	-0.390379	-0.641402	-0.845774	-0.986132	-1.05112	-1.04808	-1.00133	-0.912383	-0.782925	-0.625645	-0.474562	-0.358561	-0.284404	-0.254315	-0.261624	-0.292174	-0.323782	-0.35513	-0.384429	-0.403968	-0.411149	-0.41591	-0.43752	-0.47765	-0.519909	-0.543302	-0.543451	-0.525839	-0.497876	-0.458428	-0.406186	-0.354436	-0.293725	-0.195641	-0.062357	0.0766386	0.21339	0.359352	0.512873	0.661802	0.785208	0.865594	0.903483	0.903483	
0.619135	0.571361	0.475891	0.326674	0.120718	-0.115041	-0.355028	-0.578817	-0.76008	-0.882571	-0.945821	-0.951336	-0.908505	-0.836212	-0.742214	-0.620853	-0.489423	-0.376328	-0.313905	-0.295625	-0.292174	-0.300058	-0.321412	-0.348562	-0.360817	-0.356793	-0.348893	-0.352612	-0.37126	-0.401291	-0.445338	-0.486972	-0.507555	-0.508583	-0.501221	-0.484508	-0.454185	-0.40518	-0.330154	-0.234981	-0.120357	0.0168997	0.16734	0.320891	0.475543	0.626796	0.760163	0.855179	0.899542	0.899542	
0.515696	0.46481	0.374857	0.249297	0.080191	-0.116183	-0.312783	-0.498401	-0.654895	-0.761935	-0.826662	-0.847834	-0.819247	-0.756732	-0.685344	-0.605964	-0.512629	-0.417945	-0.357404	-0.334641	-0.323782	-0.321412	-0.334125	-0.342227	-0.328849	-0.313207	-0.310758	-0.317527	-0.317706	-0.325867	-0.364347	-0.413775	-0.452219	-0.476308	-0.487145	-0.485168	-0.469314	-0.419389	-0.333526	-0.242475	-0.144512	-0.0160236	0.140867	0.297302	0.435342	0.563492	0.680941	0.766195	0.80539	0.80539	
0.414287	0.36885	0.289841	0.187212	0.0612355	-0.0908678	-0.250276	-0.402863	-0.541752	-0.652906	-0.721556	-0.746033	-0.729565	-0.683697	-0.633352	-0.586232	-0.537623	-0.474484	-0.414605	-0.37513	-0.35513	-0.348562	-0.342227	-0.320345	-0.287856	-0.273765	-0.28056	-0.290092	-0.286219	-0.285117	-0.306423	-0.344355	-0.390761	-0.424298	-0.440747	-0.451755	-0.439775	-0.384728	-0.301458	-0.217911	-0.135779	-0.024758	0.12003	0.256309	0.36792	0.467499	0.555944	0.624622	0.659873	0.659873	
0.319366	0.276143	0.220286	0.149036	0.0630674	-0.0415835	-0.167441	-0.300402	-0.435571	-0.558973	-0.635706	-0.654083	-0.64269	-0.627518	-0.603633	-0.576608	-0.555098	-0.520554	-0.469268	-0.41739	-0.384429	-0.360817	-0.328849	-0.287856	-0.258473	-0.254844	-0.259469	-0.269091	-0.280159	-0.27965	-0.274468	-0.28694	-0.317553	-0.342693	-0.360069	-0.373239	-0.363065	-0.318441	-0.248634	-0.173011	-0.104421	-0.0172922	0.0938191	0.195161	0.282216	0.349914	0.401072	0.447374	0.469991	0.469991	
0.23027	0.195331	0.166921	0.125661	0.0685302	0.00053601	-0.0906537	-0.207739	-0.331675	-0.452974	-0.545264	-0.578271	-0.575612	-0.576921	-0.57849	-0.574984	-0.5691	-0.545649	-0.501872	-0.452051	-0.403968	-0.356793	-0.313207	-0.273765	-0.254844	-0.255228	-0.259037	-0.27424	-0.287696	-0.269689	-0.238619	-0.232038	-0.239039	-0.248431	-0.261398	-0.264465	-0.250812	-0.222085	-0.180545	-0.124155	-0.0634525	-0.000500969	0.0672395	0.12814	0.18432	0.218721	0.228488	0.240205	0.247456	0.247456	
0.166227	0.134448	0.114867	0.0990834	0.0708543	0.0308444	-0.0241685	-0.111977	-0.21953	-0.332601	-0.431989	-0.49519	-0.516965	-0.528955	-0.549062	-0.578564	-0.593506	-0.567587	-0.522066	-0.472704	-0.411149	-0.348893	-0.310758	-0.28056	-0.259469	-0.259037	-0.272917	-0.29097	-0.287769	-0.255088	-0.211813	-0.182859	-0.167215	-0.161148	-0.157229	-0.140461	-0.122184	-0.104079	-0.0806991	-0.0521435	-0.0159011	0.0156742	0.0327038	0.0468523	0.0661224	0.0688402	0.0471969	0.027221	0.0197718	0.0197718	
0.115972	0.0753746	0.0512245	0.0468142	0.051368	0.0413129	0.0162523	-0.0371333	-0.122627	-0.218685	-0.309195	-0.387211	-0.4435	-0.479168	-0.512959	-0.56336	-0.597842	-0.58258	-0.536536	-0.481579	-0.41591	-0.352612	-0.317527	-0.290092	-0.269091	-0.27424	-0.29097	-0.294292	-0.274265	-0.242038	-0.198758	-0.148252	-0.108515	-0.0808267	-0.0508994	-0.0191694	0.00323455	0.020343	0.0330305	0.0402565	0.0465644	0.0350517	-0.00294501	-0.0447385	-0.0763043	-0.10375	-0.139859	-0.175145	-0.188045	-0.188045	
0.0686895	0.0201337	-0.0183471	-0.0252941	0.00110669	0.0203925	0.0196646	0.00137318	-0.0459908	-0.119063	-0.198134	-0.273517	-0.347113	-0.413077	-0.470937	-0.526087	-0.56851	-0.580749	-0.554293	-0.502268	-0.43752	-0.37126	-0.317706	-0.286219	-0.280159	-0.287696	-0.287769	-0.274265	-0.258636	-0.233737	-0.186309	-0.124827	-0.0697659	-0.0149501	0.0467154	0.0893723	0.119762	0.143731	0.143299	0.125581	0.0947466	0.0447468	-0.0320338	-0.125662	-0.206276	-0.268786	-0.324256	-0.36667	-0.385704	-0.385704	
0.0299036	-0.0325887	-0.0842554	-0.0954625	-0.0646283	-0.0197975	0.00714504	0.0202186	0.0115895	-0.02773	-0.0927897	-0.168658	-0.243909	-0.325705	-0.410006	-0.482297	-0.53446	-0.574251	-0.578717	-0.540893	-0.47765	-0.401291	-0.325867	-0.285117	-0.27965	-0.269689	-0.255088	-0.242038	-0.233737	-0.211668	-0.164033	-0.106497	-0.0376688	0.0405018	0.118573	0.177705	0.215947	0.23667	0.22769	0.190072	0.126516	0.0430126	-0.0646638	-0.194476	-0.314554	-0.412589	-0.488815	-0.536992	-0.560309	-0.560309	
-0.0160254	-0.0916798	-0.145029	-0.159116	-0.130351	-0.0729473	-0.0148807	0.0294079	0.0587303	0.0590437	0.0188267	-0.0541557	-0.136049	-0.225017	-0.327356	-0.427736	-0.506341	-0.571056	-0.59782	-0.574425	-0.519909	-0.445338	-0.364347	-0.306423	-0.274468	-0.238619	-0.211813	-0.198758	-0.186309	-0.164033	-0.12585	-0.0758818	-0.00103715	0.0874512	0.171749	0.245437	0.287349	0.293087	0.268046	0.214356	0.133495	0.0204417	-0.114521	-0.25857	-0.404699	-0.527853	-0.615846	-0.670455	-0.689631	-0.689631	
-0.068973	-0.157469	-0.211226	-0.221279	-0.194314	-0.134023	-0.0486661	0.0324996	0.0984065	0.133752	0.128257	0.0730995	-0.0206757	-0.129889	-0.247288	-0.362255	-0.466772	-0.551496	-0.59234	-0.581699	-0.543302	-0.486972	-0.413775	-0.344355	-0.28694	-0.232038	-0.182859	-0.148252	-0.124827	-0.106497	-0.0758818	-0.0206566	0.0511844	0.134157	0.220815	0.297539	0.330713	0.311002	0.266521	0.194844	0.0920655	-0.0391176	-0.185506	-0.323411	-0.464073	-0.595643	-0.694226	-0.75845	-0.781564	-0.781564	
-0.136121	-0.232679	-0.286809	-0.290468	-0.25839	-0.192853	-0.0920838	0.0263976	0.132765	0.205453	0.221947	0.178605	0.0810623	-0.041386	-0.171495	-0.29612	-0.411239	-0.502471	-0.554683	-0.564113	-0.543451	-0.507555	-0.452219	-0.390761	-0.317553	-0.239039	-0.167215	-0.108515	-0.0697659	-0.0376688	-0.00103715	0.0511844	0.111344	0.179191	0.256919	0.318964	0.331339	0.290069	0.226521	0.139067	0.0210887	-0.117773	-0.261938	-0.384244	-0.503708	-0.629025	-0.729646	-0.799279	-0.835337	-0.835337	
-0.211877	-0.301723	-0.360413	-0.366715	-0.323351	-0.239197	-0.121712	0.0232548	0.16159	0.262777	0.293235	0.24997	0.150527	0.0294482	-0.0995088	-0.228525	-0.345241	-0.437845	-0.498088	-0.527512	-0.525839	-0.508583	-0.476308	-0.424298	-0.342693	-0.248431	-0.161148	-0.0808267	-0.0149501	0.0405018	0.0874512	0.134157	0.179191	0.223353	0.26776	0.287757	0.276323	0.231977	0.152147	0.0512976	-0.0645651	-0.197073	-0.324128	-0.426611	-0.52793	-0.637041	-0.731387	-0.805859	-0.853531	-0.853531	
-0.276171	-0.36223	-0.422195	-0.433199	-0.380362	-0.267543	-0.125428	0.0311989	0.17959	0.291903	0.338709	0.300299	0.202485	0.0840066	-0.0350503	-0.1547	-0.268722	-0.365469	-0.43611	-0.478745	-0.497876	-0.501221	-0.487145	-0.440747	-0.360069	-0.261398	-0.157229	-0.0508994	0.0467154	0.118573	0.171749	0.220815	0.256919	0.26776	0.248525	0.210794	0.175582	0.128701	0.0477306	-0.0500598	-0.1555	-0.269069	-0.369846	-0.460853	-0.551307	-0.63161	-0.708282	-0.778983	-0.820105	-0.820105	
-0.337448	-0.415663	-0.461195	-0.468732	-0.414098	-0.292335	-0.131485	0.0365399	0.187685	0.296075	0.347185	0.32727	0.254504	0.150669	0.0361004	-0.0767758	-0.186127	-0.282222	-0.363102	-0.417293	-0.458428	-0.484508	-0.485168	-0.451755	-0.373239	-0.264465	-0.140461	-0.0191694	0.0893723	0.177705	0.245437	0.297539	0.318964	0.287757	0.210794	0.131108	0.0698702	0.0070576	-0.0747581	-0.166195	-0.256358	-0.341027	-0.418985	-0.499814	-0.571793	-0.624337	-0.669601	-0.707538	-0.730854	-0.730854	
-0.405512	-0.459071	-0.483497	-0.473937	-0.416612	-0.30528	-0.15096	0.0143211	0.164568	0.273774	0.331138	0.335146	0.294702	0.220795	0.12081	0.0145842	-0.092202	-0.190965	-0.276593	-0.345072	-0.406186	-0.454185	-0.469314	-0.439775	-0.363065	-0.250812	-0.122184	0.00323455	0.119762	0.215947	0.287349	0.330713	0.331339	0.276323	0.175582	0.0698702	-0.0229958	-0.110775	-0.199921	-0.289752	-0.365038	-0.419905	-0.475977	-0.536739	-0.578734	-0.606485	-0.616884	-0.609763	-0.613177	-0.613177	
-0.46498	-0.490315	-0.490683	-0.460053	-0.396598	-0.298375	-0.169588	-0.0251118	0.117052	0.231455	0.299592	0.324848	0.310895	0.266345	0.198188	0.114922	0.0173624	-0.0895304	-0.18941	-0.279787	-0.354436	-0.40518	-0.419389	-0.384728	-0.318441	-0.222085	-0.104079	0.020343	0.143731	0.23667	0.293087	0.311002	0.290069	0.231977	0.128701	0.0070576	-0.110775	-0.222237	-0.315963	-0.393928	-0.457874	-0.496055	-0.524836	-0.558754	-0.575309	-0.571811	-0.549962	-0.515633	-0.49954	-0.49954	
-0.497949	-0.498116	-0.481546	-0.444329	-0.382249	-0.294208	-0.178226	-0.0501038	0.0715744	0.174224	0.245869	0.290385	0.304147	0.286058	0.255111	0.202941	0.125722	0.0222684	-0.0963931	-0.209516	-0.293725	-0.330154	-0.333526	-0.301458	-0.248634	-0.180545	-0.0806991	0.0330305	0.143299	0.22769	0.268046	0.266521	0.226521	0.152147	0.0477306	-0.0747581	-0.199921	-0.315963	-0.408661	-0.4773	-0.529569	-0.555629	-0.560373	-0.562054	-0.551355	-0.519509	-0.475446	-0.435765	-0.416673	-0.416673	
-0.516437	-0.49587	-0.475095	-0.437407	-0.37533	-0.288976	-0.181937	-0.0700297	0.0294762	0.115866	0.189148	0.249604	0.287587	0.296543	0.294631	0.267922	0.210594	0.126649	0.0144834	-0.106469	-0.195641	-0.234981	-0.242475	-0.217911	-0.173011	-0.124155	-0.0521435	0.0402565	0.125581	0.190072	0.214356	0.194844	0.139067	0.0512976	-0.0500598	-0.166195	-0.289752	-0.393928	-0.4773	-0.539864	-0.576642	-0.589745	-0.579653	-0.553584	-0.515465	-0.459257	-0.404053	-0.372547	-0.357793	-0.357793	
-0.533795	-0.495044	-0.464491	-0.424218	-0.36418	-0.283797	-0.191759	-0.0976479	-0.0123689	0.0610504	0.136611	0.2125	0.270564	0.300126	0.312082	0.307462	0.275005	0.222783	0.138339	0.0267574	-0.062357	-0.120357	-0.144512	-0.135779	-0.104421	-0.0634525	-0.0159011	0.0465644	0.0947466	0.126516	0.133495	0.0920655	0.0210887	-0.0645651	-0.1555	-0.256358	-0.365038	-0.457874	-0.529569	-0.576642	-0.59735	-0.599864	-0.577226	-0.529713	-0.472272	-0.404937	-0.350093	-0.327382	-0.31555	-0.31555	
-0.548546	-0.489826	-0.439942	-0.396114	-0.345681	-0.280825	-0.202224	-0.12528	-0.0543703	0.0125279	0.0868754	0.164959	0.231278	0.279813	0.311679	0.332415	0.336091	0.313976	0.253878	0.160233	0.0766386	0.0168997	-0.0160236	-0.024758	-0.0172922	-0.000500969	0.0156742	0.0350517	0.0447468	0.0430126	0.0204417	-0.0391176	-0.117773	-0.197073	-0.269069	-0.341027	-0.419905	-0.496055	-0.555629	-0.589745	-0.599864	-0.589853	-0.553396	-0.489817	-0.421856	-0.363873	-0.322381	-0.300543	-0.287112	-0.287112	
-0.565965	-0.49117	-0.425359	-0.371111	-0.318269	-0.263886	-0.20642	-0.148357	-0.0918907	-0.0320434	0.0308099	0.0991539	0.167999	0.240144	0.304612	0.359156	0.398817	0.395604	0.352031	0.280972	0.21339	0.16734	0.140867	0.12003	0.0938191	0.0672395	0.0327038	-0.00294501	-0.0320338	-0.0646638	-0.114521	-0.185506	-0.261938	-0.324128	-0.369846	-0.418985	-0.475977	-0.524836	-0.560373	-0.579653	-0.577226	-0.553396	-0.506322	-0.442223	-0.382484	-0.340664	-0.315228	-0.291199	-0.265587	-0.265587	
-0.592482	-0.504789	-0.422648	-0.353987	-0.293492	-0.239903	-0.198327	-0.161771	-0.127716	-0.0887749	-0.0361251	0.0312568	0.115127	0.208434	0.29573	0.378547	0.44471	0.464755	0.443015	0.405905	0.359352	0.320891	0.297302	0.256309	0.195161	0.12814	0.0468523	-0.0447385	-0.125662	-0.194476	-0.25857	-0.323411	-0.384244	-0.426611	-0.460853	-0.499814	-0.536739	-0.558754	-0.562054	-0.553584	-0.529713	-0.489817	-0.442223	-0.390131	-0.346648	-0.326922	-0.316916	-0.294379	-0.270284	-0.270284	
-0.618423	-0.516097	-0.410668	-0.323395	-0.258995	-0.209528	-0.180456	-0.170946	-0.163106	-0.137807	-0.0867165	-0.0174987	0.0781273	0.18427	0.278737	0.367648	0.450354	0.503995	0.524818	0.5353	0.512873	0.475543	0.435342	0.36792	0.282216	0.18432	0.0661224	-0.0763043	-0.206276	-0.314554	-0.404699	-0.464073	-0.503708	-0.52793	-0.551307	-0.571793	-0.578734	-0.575309	-0.551355	-0.515465	-0.472272	-0.421856	-0.382484	-0.346648	-0.314077	-0.309856	-0.314639	-0.305677	-0.300744	-0.300744	
-0.629292	-0.520184	-0.400131	-0.293023	-0.218629	-0.183506	-0.181023	-0.191631	-0.195343	-0.172715	-0.123192	-0.0487239	0.0461595	0.152289	0.250069	0.344988	0.442684	0.527902	0.599675	0.654627	0.661802	0.626796	0.563492	0.467499	0.349914	0.218721	0.0688402	-0.10375	-0.268786	-0.412589	-0.527853	-0.595643	-0.629025	-0.637041	-0.63161	-0.624337	-0.606485	-0.571811	-0.519509	-0.459257	-0.404937	-0.363873	-0.340664	-0.326922	-0.309856	-0.301328	-0.307439	-0.314693	-0.320317	-0.320317	
-0.631663	-0.517471	-0.392064	-0.278009	-0.202864	-0.17862	-0.192795	-0.213849	-0.220787	-0.201115	-0.152479	-0.0779547	0.0145628	0.117276	0.224685	0.334045	0.443958	0.555483	0.662751	0.74908	0.785208	0.760163	0.680941	0.555944	0.401072	0.228488	0.0471969	-0.139859	-0.324256	-0.488815	-0.615846	-0.694226	-0.729646	-0.731387	-0.708282	-0.669601	-0.616884	-0.549962	-0.475446	-0.404053	-0.350093	-0.322381	-0.315228	-0.316916	-0.314639	-0.307439	-0.306594	-0.31538	-0.325667	-0.325667	
-0.634429	-0.505657	-0.372239	-0.261238	-0.196863	-0.178803	-0.193434	-0.219196	-0.228245	-0.211605	-0.168418	-0.10404	-0.0145249	0.0911339	0.210504	0.32669	0.439525	0.568043	0.698672	0.805602	0.865594	0.855179	0.766195	0.624622	0.447374	0.240205	0.027221	-0.175145	-0.36667	-0.536992	-0.670455	-0.75845	-0.799279	-0.805859	-0.778983	-0.707538	-0.609763	-0.515633	-0.435765	-0.372547	-0.327382	-0.300543	-0.291199	-0.294379	-0.305677	-0.314693	-0.31538	-0.321045	-0.332856	-0.332856	
-0.63468	-0.495418	-0.357915	-0.24872	-0.186389	-0.177237	-0.19546	-0.21617	-0.223936	-0.214474	-0.181751	-0.115032	-0.0275248	0.0795536	0.203726	0.323266	0.435957	0.567591	0.714435	0.829444	0.903483	0.899542	0.80539	0.659873	0.469991	0.247456	0.0197718	-0.188045	-0.385704	-0.560309	-0.689631	-0.781564	-0.835337	-0.853531	-0.820105	-0.730854	-0.613177	-0.49954	-0.416673	-0.357793	-0.31555	-0.287112	-0.265587	-0.270284	-0.300744	-0.320317	-0.325667	-0.332856	-0.336486	-0.336486	
-0.63468	-0.495418	-0.357915	-0.24872	-0.186389	-0.177237	-0.19546	-0.21617	-0.223936	-0.214474	-0.181751	-0.115032	-0.0275248	0.0795536	0.203726	0.323266	0.435957	0.567591	0.714435	0.829444	0.903483	0.899542	0.80539	0.659873	0.469991	0.247456	0.0197718	-0.188045	-0.385704	-0.560309	-0.689631	-0.781564	-0.835337	-0.853531	-0.820105	-0.730854	-0.613177	-0.49954	-0.416673	-0.357793	-0.31555	-0.287112	-0.265587	-0.270284	-0.300744	-0.320317	-0.325667	-0.332856	-0.336486	-0.336486	
