0.443045	0.375042	0.289336	0.199851	0.111059	0.0469055	0.0249425	0.0422187	0.10095	0.189087	0.287467	0.356584	0.388038	0.389261	0.369427	0.332811	0.282772	0.237375	0.211291	0.202249	0.196836	0.201073	0.223185	0.258716	0.288722	0.307662	0.311667	0.307121	0.296798	0.263605	0.210399	0.147086	0.0793899	0.00763939	-0.0552424	-0.0994779	-0.140581	-0.179917	-0.192642	-0.183431	-0.175984	-0.162101	-0.13134	-0.0812014	-0.0273187	0.0201778	0.0699649	0.110364	0.133072	0.133072	
0.375042	0.297198	0.204787	0.100266	-0.00209141	-0.073993	-0.101438	-0.0828454	-0.0270813	0.0600365	0.158671	0.230817	0.265926	0.272214	0.256319	0.227507	0.19491	0.168605	0.158898	0.156486	0.158323	0.168091	0.186153	0.208828	0.223949	0.228902	0.214438	0.187878	0.161321	0.121723	0.069028	0.0215299	-0.0218508	-0.0641916	-0.0950603	-0.113987	-0.12187	-0.126037	-0.114167	-0.0781196	-0.0340012	0.0221428	0.0878601	0.165056	0.246697	0.31219	0.367881	0.412649	0.436774	0.436774	
0.289336	0.204787	0.094326	-0.0269956	-0.132302	-0.207807	-0.235877	-0.207324	-0.142707	-0.0515143	0.0599912	0.14497	0.18936	0.202645	0.195365	0.185246	0.166388	0.145426	0.135642	0.138384	0.146879	0.161547	0.184466	0.19936	0.194647	0.176905	0.147716	0.106279	0.0631751	0.0140306	-0.0356318	-0.0661857	-0.0867563	-0.0962916	-0.0955998	-0.0959588	-0.0795248	-0.0435682	-0.000856904	0.0476761	0.114653	0.202155	0.28833	0.37374	0.458307	0.530858	0.587422	0.623945	0.645279	0.645279	
0.199851	0.100266	-0.0269956	-0.155981	-0.267708	-0.348088	-0.367436	-0.313734	-0.227367	-0.117055	0.00644275	0.101731	0.163282	0.192478	0.200154	0.201743	0.197652	0.184362	0.172239	0.174099	0.185415	0.205606	0.218841	0.214526	0.192813	0.158906	0.11262	0.054112	0.00489151	-0.0425398	-0.0870927	-0.108088	-0.114168	-0.102671	-0.0729162	-0.045169	-0.00785508	0.0558327	0.124659	0.186975	0.26337	0.356822	0.445247	0.522486	0.594059	0.658154	0.705995	0.733792	0.747779	0.747779	
0.111059	-0.00209141	-0.132302	-0.267708	-0.384256	-0.4559	-0.450165	-0.369769	-0.257868	-0.129028	0.00540839	0.12052	0.20082	0.24213	0.259336	0.271892	0.280323	0.275514	0.267872	0.269592	0.279067	0.286821	0.274817	0.247695	0.209258	0.165904	0.113161	0.0493245	-0.00451615	-0.0524448	-0.0883937	-0.102353	-0.101609	-0.0826183	-0.0433628	0.00855804	0.0718968	0.148528	0.230735	0.312295	0.395346	0.478077	0.550351	0.609204	0.658215	0.697294	0.726211	0.743101	0.748858	0.748858	
0.0469055	-0.073993	-0.207807	-0.348088	-0.4559	-0.499167	-0.461761	-0.357028	-0.22175	-0.0803222	0.060253	0.191331	0.288085	0.341306	0.373215	0.399034	0.413712	0.412834	0.406227	0.402908	0.400315	0.384499	0.345295	0.296472	0.240576	0.183542	0.125225	0.0661195	0.013444	-0.0284061	-0.0498715	-0.057879	-0.0526394	-0.0348358	0.000649253	0.0613706	0.137427	0.22156	0.30639	0.395136	0.480299	0.540848	0.587334	0.627563	0.649352	0.663423	0.676297	0.681255	0.685244	0.685244	
0.0249425	-0.101438	-0.235877	-0.367436	-0.450165	-0.461761	-0.399218	-0.27602	-0.121661	0.0277067	0.175413	0.315317	0.419947	0.487917	0.536077	0.566429	0.578688	0.576532	0.562779	0.543073	0.517739	0.475834	0.41005	0.338988	0.270482	0.201856	0.133989	0.0822665	0.0414426	0.00927761	-0.00101353	-0.00155952	0.00734543	0.028182	0.0648056	0.121272	0.193702	0.270069	0.344746	0.426525	0.493331	0.531136	0.558192	0.578457	0.584562	0.581796	0.582008	0.583555	0.582668	0.582668	
0.0422187	-0.0828454	-0.207324	-0.313734	-0.369769	-0.357028	-0.27602	-0.137335	0.0293005	0.192171	0.350112	0.489332	0.599114	0.679909	0.727334	0.746261	0.753723	0.739143	0.705435	0.662009	0.603836	0.532683	0.449154	0.35821	0.27607	0.208005	0.139333	0.0920889	0.0654334	0.0425905	0.0351403	0.041958	0.057059	0.0832805	0.127038	0.181123	0.239748	0.292734	0.346204	0.40502	0.443017	0.466489	0.485884	0.494386	0.491177	0.478034	0.466663	0.4579	0.449182	0.449182	
0.10095	-0.0270813	-0.142707	-0.227367	-0.257868	-0.22175	-0.121661	0.0293005	0.208962	0.382626	0.543021	0.685301	0.804348	0.888593	0.922836	0.924494	0.908003	0.865349	0.813231	0.749954	0.654987	0.544147	0.446397	0.353448	0.265262	0.196479	0.134994	0.0875139	0.060349	0.0490878	0.0495135	0.0626147	0.0879481	0.123268	0.167226	0.213673	0.25962	0.291504	0.324105	0.356316	0.365577	0.374688	0.386362	0.385464	0.373619	0.358763	0.345068	0.328226	0.317371	0.317371	
0.189087	0.0600365	-0.0515143	-0.117055	-0.129028	-0.0803222	0.0277067	0.192171	0.382626	0.566565	0.739288	0.88433	0.996992	1.06445	1.08472	1.06332	1.01345	0.947827	0.865199	0.759759	0.641357	0.523759	0.416526	0.321619	0.237356	0.165389	0.10971	0.0725717	0.0481408	0.0390252	0.0407696	0.0592102	0.0937647	0.134955	0.179272	0.217289	0.249622	0.268297	0.280281	0.287729	0.279144	0.272979	0.272895	0.264365	0.249139	0.238069	0.229119	0.216207	0.208367	0.208367	
0.287467	0.158671	0.0599912	0.00644275	0.00540839	0.060253	0.175413	0.350112	0.543021	0.739288	0.917752	1.05435	1.14934	1.19479	1.191	1.13769	1.05167	0.951658	0.835667	0.698946	0.566155	0.452134	0.349316	0.262012	0.18804	0.122624	0.074002	0.0415999	0.0273035	0.0253762	0.0241169	0.0487558	0.0899155	0.126988	0.163979	0.191908	0.216509	0.225459	0.215747	0.207059	0.189829	0.169145	0.155815	0.140904	0.131467	0.129574	0.129898	0.133286	0.132973	0.132973	
0.356584	0.230817	0.14497	0.101731	0.12052	0.191331	0.315317	0.489332	0.685301	0.88433	1.05435	1.17638	1.2533	1.27474	1.23216	1.14246	1.02634	0.889259	0.746192	0.600301	0.460685	0.343071	0.248107	0.170751	0.104832	0.0580302	0.0206062	-0.0113084	-0.0142751	-0.00122432	0.0128641	0.0435148	0.0873176	0.126296	0.14482	0.151503	0.16303	0.162	0.137748	0.115701	0.101068	0.0750024	0.0490531	0.0366262	0.0352439	0.0414747	0.0535745	0.0706245	0.0798916	0.0798916	
0.388038	0.265926	0.18936	0.163282	0.20082	0.288085	0.419947	0.599114	0.804348	0.996992	1.14934	1.2533	1.29384	1.27234	1.19478	1.08013	0.94294	0.782159	0.62177	0.474002	0.340888	0.226859	0.139061	0.0643686	0.00451678	-0.0298862	-0.0535069	-0.0613966	-0.0510257	-0.0238405	0.0107835	0.0382883	0.071852	0.103422	0.108595	0.101047	0.0987122	0.0911568	0.0625683	0.0349193	0.0235777	0.000434582	-0.0243517	-0.0292673	-0.0252859	-0.0174407	-0.00555499	0.00947189	0.0198254	0.0198254	
0.389261	0.272214	0.202645	0.192478	0.24213	0.341306	0.487917	0.679909	0.888593	1.06445	1.19479	1.27474	1.27234	1.20038	1.09114	0.957401	0.805789	0.640904	0.475215	0.328974	0.212691	0.114757	0.030884	-0.0425153	-0.088553	-0.111714	-0.114486	-0.0918482	-0.0706797	-0.0361062	0.0076084	0.0316408	0.0431888	0.0520298	0.0518898	0.0390498	0.0296628	0.0196551	-0.00410087	-0.0240575	-0.0338284	-0.0482483	-0.0602821	-0.0588977	-0.0541259	-0.0531184	-0.0521641	-0.0498416	-0.0491346	-0.0491346	
0.369427	0.256319	0.195365	0.200154	0.259336	0.373215	0.536077	0.727334	0.922836	1.08472	1.191	1.23216	1.19478	1.09114	0.958608	0.804494	0.635276	0.468541	0.312335	0.182563	0.0822556	-0.00431402	-0.0805629	-0.134222	-0.153777	-0.158875	-0.145956	-0.11207	-0.080008	-0.0405355	-0.00626705	0.0100019	0.0129412	0.00547851	-0.00204187	-0.0163117	-0.0338468	-0.0490564	-0.0626687	-0.0701051	-0.0780562	-0.0803618	-0.0744822	-0.0721491	-0.0710838	-0.0762066	-0.0859061	-0.0925858	-0.101881	-0.101881	
0.332811	0.227507	0.185246	0.201743	0.271892	0.399034	0.566429	0.746261	0.924494	1.06332	1.13769	1.14246	1.08013	0.957401	0.804494	0.637253	0.46454	0.298465	0.149277	0.0333859	-0.0512282	-0.116867	-0.16997	-0.196282	-0.195168	-0.179698	-0.150523	-0.11909	-0.0877066	-0.0528487	-0.0283218	-0.0215664	-0.0234511	-0.0281051	-0.0401528	-0.0572379	-0.0768982	-0.0989429	-0.108644	-0.105165	-0.109776	-0.106305	-0.0864104	-0.0845293	-0.0908688	-0.0949692	-0.106175	-0.115154	-0.125032	-0.125032	
0.282772	0.19491	0.166388	0.197652	0.280323	0.413712	0.578688	0.753723	0.908003	1.01345	1.05167	1.02634	0.94294	0.805789	0.635276	0.46454	0.303787	0.146377	0.00967271	-0.0935041	-0.163234	-0.208686	-0.229872	-0.231819	-0.219144	-0.186016	-0.143257	-0.112539	-0.0927187	-0.0728812	-0.0549127	-0.0509192	-0.0579875	-0.0628262	-0.0736497	-0.0876189	-0.107542	-0.129122	-0.13129	-0.125468	-0.12327	-0.116191	-0.101329	-0.0994773	-0.110636	-0.114403	-0.118715	-0.126135	-0.129573	-0.129573	
0.237375	0.168605	0.145426	0.184362	0.275514	0.412834	0.576532	0.739143	0.865349	0.947827	0.951658	0.889259	0.782159	0.640904	0.468541	0.298465	0.146377	0.0121773	-0.0922064	-0.171177	-0.228945	-0.266066	-0.267469	-0.251039	-0.220053	-0.179815	-0.139218	-0.110566	-0.0932728	-0.0784635	-0.0796446	-0.0833202	-0.088236	-0.0975441	-0.10945	-0.1202	-0.131038	-0.139059	-0.133599	-0.129608	-0.122469	-0.115757	-0.115096	-0.113882	-0.123559	-0.127359	-0.126847	-0.134306	-0.13138	-0.13138	
0.211291	0.158898	0.135642	0.172239	0.267872	0.406227	0.562779	0.705435	0.813231	0.865199	0.835667	0.746192	0.62177	0.475215	0.312335	0.149277	0.00967271	-0.0922064	-0.169274	-0.232098	-0.273435	-0.286955	-0.273738	-0.245499	-0.206315	-0.168607	-0.133545	-0.105945	-0.0899981	-0.0837674	-0.092936	-0.108158	-0.119704	-0.131577	-0.14612	-0.152366	-0.146944	-0.132249	-0.122103	-0.121974	-0.11536	-0.1158	-0.128535	-0.132864	-0.131483	-0.132711	-0.133996	-0.13292	-0.130899	-0.130899	
0.202249	0.156486	0.138384	0.174099	0.269592	0.402908	0.543073	0.662009	0.749954	0.759759	0.698946	0.600301	0.474002	0.328974	0.182563	0.0333859	-0.0935041	-0.171177	-0.232098	-0.280714	-0.300581	-0.285233	-0.254391	-0.215282	-0.177625	-0.151988	-0.126349	-0.103958	-0.100605	-0.105726	-0.106453	-0.125192	-0.143352	-0.152879	-0.164435	-0.163226	-0.146892	-0.122623	-0.116068	-0.116976	-0.114501	-0.123018	-0.137736	-0.148596	-0.13903	-0.133888	-0.137529	-0.126035	-0.123615	-0.123615	
0.196836	0.158323	0.146879	0.185415	0.279067	0.400315	0.517739	0.603836	0.654987	0.641357	0.566155	0.460685	0.340888	0.212691	0.0822556	-0.0512282	-0.163234	-0.228945	-0.273435	-0.300581	-0.299428	-0.266897	-0.224745	-0.181367	-0.14826	-0.133519	-0.121054	-0.114504	-0.119026	-0.127156	-0.132013	-0.145921	-0.155311	-0.154304	-0.1558	-0.151139	-0.138111	-0.121344	-0.119711	-0.125976	-0.123819	-0.12786	-0.140536	-0.147141	-0.140125	-0.136213	-0.135024	-0.124231	-0.118177	-0.118177	
0.201073	0.168091	0.161547	0.205606	0.286821	0.384499	0.475834	0.532683	0.544147	0.523759	0.452134	0.343071	0.226859	0.114757	-0.00431402	-0.116867	-0.208686	-0.266066	-0.286955	-0.285233	-0.266897	-0.236389	-0.19319	-0.155339	-0.131941	-0.123035	-0.121867	-0.125953	-0.132626	-0.143147	-0.160356	-0.16551	-0.158062	-0.149831	-0.138667	-0.12679	-0.126609	-0.128244	-0.127778	-0.138773	-0.138167	-0.130264	-0.135356	-0.133756	-0.133114	-0.134645	-0.1299	-0.128541	-0.12255	-0.12255	
0.223185	0.186153	0.184466	0.218841	0.274817	0.345295	0.41005	0.449154	0.446397	0.416526	0.349316	0.248107	0.139061	0.030884	-0.0805629	-0.16997	-0.229872	-0.267469	-0.273738	-0.254391	-0.224745	-0.19319	-0.161005	-0.14135	-0.13437	-0.12644	-0.123111	-0.133898	-0.146329	-0.158901	-0.168018	-0.164248	-0.158232	-0.148139	-0.129967	-0.114973	-0.1197	-0.132271	-0.133634	-0.139871	-0.144975	-0.138576	-0.129203	-0.121182	-0.124706	-0.124302	-0.12322	-0.134556	-0.13431	-0.13431	
0.258716	0.208828	0.19936	0.214526	0.247695	0.296472	0.338988	0.35821	0.353448	0.321619	0.262012	0.170751	0.0643686	-0.0425153	-0.134222	-0.196282	-0.231819	-0.251039	-0.245499	-0.215282	-0.181367	-0.155339	-0.14135	-0.13023	-0.132904	-0.13349	-0.133007	-0.145328	-0.156199	-0.167733	-0.163998	-0.155151	-0.151732	-0.141275	-0.128075	-0.118051	-0.124859	-0.136181	-0.130691	-0.129914	-0.143058	-0.141092	-0.126328	-0.121669	-0.120363	-0.11717	-0.121154	-0.131992	-0.140236	-0.140236	
0.288722	0.223949	0.194647	0.192813	0.209258	0.240576	0.270482	0.27607	0.265262	0.237356	0.18804	0.104832	0.00451678	-0.088553	-0.153777	-0.195168	-0.219144	-0.220053	-0.206315	-0.177625	-0.14826	-0.131941	-0.13437	-0.132904	-0.129388	-0.136975	-0.149956	-0.161967	-0.166177	-0.165952	-0.155465	-0.139221	-0.131312	-0.130722	-0.126695	-0.126375	-0.136005	-0.141277	-0.13218	-0.126464	-0.1363	-0.133036	-0.122558	-0.123009	-0.12035	-0.119047	-0.12291	-0.128279	-0.134599	-0.134599	
0.307662	0.228902	0.176905	0.158906	0.165904	0.183542	0.201856	0.208005	0.196479	0.165389	0.122624	0.0580302	-0.0298862	-0.111714	-0.158875	-0.179698	-0.186016	-0.179815	-0.168607	-0.151988	-0.133519	-0.123035	-0.12644	-0.13349	-0.136975	-0.147274	-0.161344	-0.164561	-0.167504	-0.163556	-0.143229	-0.123122	-0.12043	-0.129756	-0.12873	-0.132878	-0.141509	-0.138043	-0.131538	-0.126956	-0.123664	-0.118976	-0.122745	-0.128144	-0.128429	-0.131505	-0.128015	-0.120414	-0.11618	-0.11618	
0.311667	0.214438	0.147716	0.11262	0.113161	0.125225	0.133989	0.139333	0.134994	0.10971	0.074002	0.0206062	-0.0535069	-0.114486	-0.145956	-0.150523	-0.143257	-0.139218	-0.133545	-0.126349	-0.121054	-0.121867	-0.123111	-0.133007	-0.149956	-0.161344	-0.172092	-0.166213	-0.157894	-0.150524	-0.132526	-0.124325	-0.125567	-0.127611	-0.128137	-0.132699	-0.135283	-0.130395	-0.13137	-0.130709	-0.118293	-0.112668	-0.12255	-0.127936	-0.130058	-0.134574	-0.129516	-0.118117	-0.108355	-0.108355	
0.307121	0.187878	0.106279	0.054112	0.0493245	0.0661195	0.0822665	0.0920889	0.0875139	0.0725717	0.0415999	-0.0113084	-0.0613966	-0.0918482	-0.11207	-0.11909	-0.112539	-0.110566	-0.105945	-0.103958	-0.114504	-0.125953	-0.133898	-0.145328	-0.161967	-0.164561	-0.166213	-0.165413	-0.144322	-0.129338	-0.127907	-0.128047	-0.127599	-0.126792	-0.13224	-0.138705	-0.133381	-0.1252	-0.128236	-0.127881	-0.114989	-0.113862	-0.123185	-0.123536	-0.123547	-0.125202	-0.12377	-0.121657	-0.117705	-0.117705	
0.296798	0.161321	0.0631751	0.00489151	-0.00451615	0.013444	0.0414426	0.0654334	0.060349	0.0481408	0.0273035	-0.0142751	-0.0510257	-0.0706797	-0.080008	-0.0877066	-0.0927187	-0.0932728	-0.0899981	-0.100605	-0.119026	-0.132626	-0.146329	-0.156199	-0.166177	-0.167504	-0.157894	-0.144322	-0.122061	-0.116091	-0.131122	-0.132126	-0.130037	-0.136027	-0.1385	-0.138024	-0.128638	-0.119896	-0.120034	-0.118989	-0.118669	-0.122568	-0.125778	-0.123572	-0.116232	-0.11359	-0.116609	-0.120747	-0.128242	-0.128242	
0.263605	0.121723	0.0140306	-0.0425398	-0.0524448	-0.0284061	0.00927761	0.0425905	0.0490878	0.0390252	0.0253762	-0.00122432	-0.0238405	-0.0361062	-0.0405355	-0.0528487	-0.0728812	-0.0784635	-0.0837674	-0.105726	-0.127156	-0.143147	-0.158901	-0.167733	-0.165952	-0.163556	-0.150524	-0.129338	-0.116091	-0.115344	-0.131009	-0.135107	-0.133427	-0.138078	-0.134325	-0.128002	-0.118885	-0.114618	-0.114998	-0.116488	-0.127942	-0.13431	-0.126766	-0.120094	-0.115847	-0.110052	-0.111057	-0.119239	-0.125691	-0.125691	
0.210399	0.069028	-0.0356318	-0.0870927	-0.0883937	-0.0498715	-0.00101353	0.0351403	0.0495135	0.0407696	0.0241169	0.0128641	0.0107835	0.0076084	-0.00626705	-0.0283218	-0.0549127	-0.0796446	-0.092936	-0.106453	-0.132013	-0.160356	-0.168018	-0.163998	-0.155465	-0.143229	-0.132526	-0.127907	-0.131122	-0.131009	-0.13498	-0.135353	-0.131569	-0.129242	-0.124346	-0.119315	-0.113971	-0.117604	-0.118582	-0.11783	-0.129001	-0.130506	-0.118972	-0.115435	-0.119421	-0.118406	-0.115375	-0.115875	-0.115966	-0.115966	
0.147086	0.0215299	-0.0661857	-0.108088	-0.102353	-0.057879	-0.00155952	0.041958	0.0626147	0.0592102	0.0487558	0.0435148	0.0382883	0.0316408	0.0100019	-0.0215664	-0.0509192	-0.0833202	-0.108158	-0.125192	-0.145921	-0.16551	-0.164248	-0.155151	-0.139221	-0.123122	-0.124325	-0.128047	-0.132126	-0.135107	-0.135353	-0.132882	-0.130629	-0.127919	-0.122615	-0.117348	-0.114419	-0.12512	-0.129787	-0.11999	-0.120421	-0.117934	-0.107101	-0.108423	-0.11597	-0.121333	-0.12175	-0.117253	-0.117435	-0.117435	
0.0793899	-0.0218508	-0.0867563	-0.114168	-0.101609	-0.0526394	0.00734543	0.057059	0.0879481	0.0937647	0.0899155	0.0873176	0.071852	0.0431888	0.0129412	-0.0234511	-0.0579875	-0.088236	-0.119704	-0.143352	-0.155311	-0.158062	-0.158232	-0.151732	-0.131312	-0.12043	-0.125567	-0.127599	-0.130037	-0.133427	-0.131569	-0.130629	-0.126778	-0.121333	-0.11991	-0.117492	-0.119307	-0.128399	-0.1326	-0.119131	-0.107084	-0.111679	-0.112559	-0.113147	-0.119457	-0.121792	-0.119308	-0.113754	-0.112559	-0.112559	
0.00763939	-0.0641916	-0.0962916	-0.102671	-0.0826183	-0.0348358	0.028182	0.0832805	0.123268	0.134955	0.126988	0.126296	0.103422	0.0520298	0.00547851	-0.0281051	-0.0628262	-0.0975441	-0.131577	-0.152879	-0.154304	-0.149831	-0.148139	-0.141275	-0.130722	-0.129756	-0.127611	-0.126792	-0.136027	-0.138078	-0.129242	-0.127919	-0.121333	-0.111879	-0.116357	-0.117114	-0.118487	-0.123517	-0.126167	-0.118682	-0.106316	-0.114622	-0.12272	-0.119245	-0.119643	-0.118255	-0.114081	-0.110196	-0.108639	-0.108639	
-0.0552424	-0.0950603	-0.0955998	-0.0729162	-0.0433628	0.000649253	0.0648056	0.127038	0.167226	0.179272	0.163979	0.14482	0.108595	0.0518898	-0.00204187	-0.0401528	-0.0736497	-0.10945	-0.14612	-0.164435	-0.1558	-0.138667	-0.129967	-0.128075	-0.126695	-0.12873	-0.128137	-0.13224	-0.1385	-0.134325	-0.124346	-0.122615	-0.11991	-0.116357	-0.123908	-0.124032	-0.118974	-0.114156	-0.11342	-0.116191	-0.113699	-0.118801	-0.120426	-0.113937	-0.112002	-0.110307	-0.111841	-0.115615	-0.116376	-0.116376	
-0.0994779	-0.113987	-0.0959588	-0.045169	0.00855804	0.0613706	0.121272	0.181123	0.213673	0.217289	0.191908	0.151503	0.101047	0.0390498	-0.0163117	-0.0572379	-0.0876189	-0.1202	-0.152366	-0.163226	-0.151139	-0.12679	-0.114973	-0.118051	-0.126375	-0.132878	-0.132699	-0.138705	-0.138024	-0.128002	-0.119315	-0.117348	-0.117492	-0.117114	-0.124032	-0.129024	-0.127112	-0.111975	-0.102529	-0.114074	-0.120092	-0.116519	-0.113713	-0.113573	-0.111176	-0.107732	-0.110952	-0.115561	-0.119026	-0.119026	
-0.140581	-0.12187	-0.0795248	-0.00785508	0.0718968	0.137427	0.193702	0.239748	0.25962	0.249622	0.216509	0.16303	0.0987122	0.0296628	-0.0338468	-0.0768982	-0.107542	-0.131038	-0.146944	-0.146892	-0.138111	-0.126609	-0.1197	-0.124859	-0.136005	-0.141509	-0.135283	-0.133381	-0.128638	-0.118885	-0.113971	-0.114419	-0.119307	-0.118487	-0.118974	-0.127112	-0.127794	-0.111527	-0.103295	-0.117877	-0.121277	-0.110052	-0.111374	-0.117414	-0.114863	-0.109193	-0.108811	-0.11288	-0.114033	-0.114033	
-0.179917	-0.126037	-0.0435682	0.0558327	0.148528	0.22156	0.270069	0.292734	0.291504	0.268297	0.225459	0.162	0.0911568	0.0196551	-0.0490564	-0.0989429	-0.129122	-0.139059	-0.132249	-0.122623	-0.121344	-0.128244	-0.132271	-0.136181	-0.141277	-0.138043	-0.130395	-0.1252	-0.119896	-0.114618	-0.117604	-0.12512	-0.128399	-0.123517	-0.114156	-0.111975	-0.111527	-0.111164	-0.116769	-0.122539	-0.117467	-0.107325	-0.110938	-0.115695	-0.112764	-0.112168	-0.113117	-0.11261	-0.107365	-0.107365	
-0.192642	-0.114167	-0.000856904	0.124659	0.230735	0.30639	0.344746	0.346204	0.324105	0.280281	0.215747	0.137748	0.0625683	-0.00410087	-0.0626687	-0.108644	-0.13129	-0.133599	-0.122103	-0.116068	-0.119711	-0.127778	-0.133634	-0.130691	-0.13218	-0.131538	-0.13137	-0.128236	-0.120034	-0.114998	-0.118582	-0.129787	-0.1326	-0.126167	-0.11342	-0.102529	-0.103295	-0.116769	-0.122686	-0.115144	-0.113002	-0.110751	-0.111807	-0.110808	-0.106195	-0.115963	-0.120934	-0.111195	-0.103574	-0.103574	
-0.183431	-0.0781196	0.0476761	0.186975	0.312295	0.395136	0.426525	0.40502	0.356316	0.287729	0.207059	0.115701	0.0349193	-0.0240575	-0.0701051	-0.105165	-0.125468	-0.129608	-0.121974	-0.116976	-0.125976	-0.138773	-0.139871	-0.129914	-0.126464	-0.126956	-0.130709	-0.127881	-0.118989	-0.116488	-0.11783	-0.11999	-0.119131	-0.118682	-0.116191	-0.114074	-0.117877	-0.122539	-0.115144	-0.105757	-0.109987	-0.113315	-0.112839	-0.107817	-0.106286	-0.114102	-0.115437	-0.111968	-0.107738	-0.107738	
-0.175984	-0.0340012	0.114653	0.26337	0.395346	0.480299	0.493331	0.443017	0.365577	0.279144	0.189829	0.101068	0.0235777	-0.0338284	-0.0780562	-0.109776	-0.12327	-0.122469	-0.11536	-0.114501	-0.123819	-0.138167	-0.144975	-0.143058	-0.1363	-0.123664	-0.118293	-0.114989	-0.118669	-0.127942	-0.129001	-0.120421	-0.107084	-0.106316	-0.113699	-0.120092	-0.121277	-0.117467	-0.113002	-0.109987	-0.112023	-0.111005	-0.110558	-0.114147	-0.11284	-0.105305	-0.10248	-0.110888	-0.116733	-0.116733	
-0.162101	0.0221428	0.202155	0.356822	0.478077	0.540848	0.531136	0.466489	0.374688	0.272979	0.169145	0.0750024	0.000434582	-0.0482483	-0.0803618	-0.106305	-0.116191	-0.115757	-0.1158	-0.123018	-0.12786	-0.130264	-0.138576	-0.141092	-0.133036	-0.118976	-0.112668	-0.113862	-0.122568	-0.13431	-0.130506	-0.117934	-0.111679	-0.114622	-0.118801	-0.116519	-0.110052	-0.107325	-0.110751	-0.113315	-0.111005	-0.106875	-0.11185	-0.121952	-0.117636	-0.104941	-0.100417	-0.106082	-0.115726	-0.115726	
-0.13134	0.0878601	0.28833	0.445247	0.550351	0.587334	0.558192	0.485884	0.386362	0.272895	0.155815	0.0490531	-0.0243517	-0.0602821	-0.0744822	-0.0864104	-0.101329	-0.115096	-0.128535	-0.137736	-0.140536	-0.135356	-0.129203	-0.126328	-0.122558	-0.122745	-0.12255	-0.123185	-0.125778	-0.126766	-0.118972	-0.107101	-0.112559	-0.12272	-0.120426	-0.113713	-0.111374	-0.110938	-0.111807	-0.112839	-0.110558	-0.11185	-0.11001	-0.106625	-0.110478	-0.111763	-0.110157	-0.109361	-0.108719	-0.108719	
-0.0812014	0.165056	0.37374	0.522486	0.609204	0.627563	0.578457	0.494386	0.385464	0.264365	0.140904	0.0366262	-0.0292673	-0.0588977	-0.0721491	-0.0845293	-0.0994773	-0.113882	-0.132864	-0.148596	-0.147141	-0.133756	-0.121182	-0.121669	-0.123009	-0.128144	-0.127936	-0.123536	-0.123572	-0.120094	-0.115435	-0.108423	-0.113147	-0.119245	-0.113937	-0.113573	-0.117414	-0.115695	-0.110808	-0.107817	-0.114147	-0.121952	-0.106625	-0.0930745	-0.104195	-0.116174	-0.118085	-0.111024	-0.103878	-0.103878	
-0.0273187	0.246697	0.458307	0.594059	0.658215	0.649352	0.584562	0.491177	0.373619	0.249139	0.131467	0.0352439	-0.0252859	-0.0541259	-0.0710838	-0.0908688	-0.110636	-0.123559	-0.131483	-0.13903	-0.140125	-0.133114	-0.124706	-0.120363	-0.12035	-0.128429	-0.130058	-0.123547	-0.116232	-0.115847	-0.119421	-0.11597	-0.119457	-0.119643	-0.112002	-0.111176	-0.114863	-0.112764	-0.106195	-0.106286	-0.11284	-0.117636	-0.110478	-0.104195	-0.10858	-0.113851	-0.112855	-0.10592	-0.105775	-0.105775	
0.0201778	0.31219	0.530858	0.658154	0.697294	0.663423	0.581796	0.478034	0.358763	0.238069	0.129574	0.0414747	-0.0174407	-0.0531184	-0.0762066	-0.0949692	-0.114403	-0.127359	-0.132711	-0.133888	-0.136213	-0.134645	-0.124302	-0.11717	-0.119047	-0.131505	-0.134574	-0.125202	-0.11359	-0.110052	-0.118406	-0.121333	-0.121792	-0.118255	-0.110307	-0.107732	-0.109193	-0.112168	-0.115963	-0.114102	-0.105305	-0.104941	-0.111763	-0.116174	-0.113851	-0.105008	-0.102315	-0.107342	-0.112795	-0.112795	
0.0699649	0.367881	0.587422	0.705995	0.726211	0.676297	0.582008	0.466663	0.345068	0.229119	0.129898	0.0535745	-0.00555499	-0.0521641	-0.0859061	-0.106175	-0.118715	-0.126847	-0.133996	-0.137529	-0.135024	-0.1299	-0.12322	-0.121154	-0.12291	-0.128015	-0.129516	-0.12377	-0.116609	-0.111057	-0.115375	-0.12175	-0.119308	-0.114081	-0.111841	-0.110952	-0.108811	-0.113117	-0.120934	-0.115437	-0.10248	-0.100417	-0.110157	-0.118085	-0.112855	-0.102315	-0.102238	-0.109652	-0.113511	-0.113511	
0.110364	0.412649	0.623945	0.733792	0.743101	0.681255	0.583555	0.4579	0.328226	0.216207	0.133286	0.0706245	0.00947189	-0.0498416	-0.0925858	-0.115154	-0.126135	-0.134306	-0.13292	-0.126035	-0.124231	-0.128541	-0.134556	-0.131992	-0.128279	-0.120414	-0.118117	-0.121657	-0.120747	-0.119239	-0.115875	-0.117253	-0.113754	-0.110196	-0.115615	-0.115561	-0.11288	-0.11261	-0.111195	-0.111968	-0.110888	-0.106082	-0.109361	-0.111024	-0.10592	-0.107342	-0.109652	-0.109084	-0.109308	-0.109308	
0.133072	0.436774	0.645279	0.747779	0.748858	0.685244	0.582668	0.449182	0.317371	0.208367	0.132973	0.0798916	0.0198254	-0.0491346	-0.101881	-0.125032	-0.129573	-0.13138	-0.130899	-0.123615	-0.118177	-0.12255	-0.13431	-0.140236	-0.134599	-0.11618	-0.108355	-0.117705	-0.128242	-0.125691	-0.115966	-0.117435	-0.112559	-0.108639	-0.116376	-0.119026	-0.114033	-0.107365	-0.103574	-0.107738	-0.116733	-0.115726	-0.108719	-0.103878	-0.105775	-0.112795	-0.113511	-0.109308	-0.102496	-0.102496	
0.133072	0.436774	0.645279	0.747779	0.748858	0.685244	0.582668	0.449182	0.317371	0.208367	0.132973	0.0798916	0.0198254	-0.0491346	-0.101881	-0.125032	-0.129573	-0.13138	-0.130899	-0.123615	-0.118177	-0.12255	-0.13431	-0.140236	-0.134599	-0.11618	-0.108355	-0.117705	-0.128242	-0.125691	-0.115966	-0.117435	-0.112559	-0.108639	-0.116376	-0.119026	-0.114033	-0.107365	-0.103574	-0.107738	-0.116733	-0.115726	-0.108719	-0.103878	-0.105775	-0.112795	-0.113511	-0.109308	-0.102496	-0.102496	
