-0.101285	-0.101285	-0.105713	-0.103291	-0.103111	-0.110898	-0.10321	-0.103276	-0.105671	-0.10765	-0.105718	-0.105317	-0.113203	-0.108128	-0.109984	-0.118249	-0.115373	-0.112236	-0.12075	-0.126069	-0.121417	-0.119683	-0.131134	-0.134871	-0.136203	-0.124664	-0.141586	-0.155477	-0.152406	-0.142656	-0.150229	-0.170339	-0.184298	-0.192047	-0.173876	-0.171398	-0.19565	-0.247064	-0.27326	-0.275002	-0.255513	-0.231994	-0.231105	-0.294169	-0.430528	-0.614222	-0.79076	-0.944635	-1.03774	-1.03979	
-0.101285	-0.101285	-0.105713	-0.103291	-0.103111	-0.110898	-0.10321	-0.103276	-0.105671	-0.10765	-0.105718	-0.105317	-0.113203	-0.108128	-0.109984	-0.118249	-0.115373	-0.112236	-0.12075	-0.126069	-0.121417	-0.119683	-0.131134	-0.134871	-0.136203	-0.124664	-0.141586	-0.155477	-0.152406	-0.142656	-0.150229	-0.170339	-0.184298	-0.192047	-0.173876	-0.171398	-0.19565	-0.247064	-0.27326	-0.275002	-0.255513	-0.231994	-0.231105	-0.294169	-0.430528	-0.614222	-0.79076	-0.944635	-1.03774	-1.03979	
-0.105713	-0.105713	-0.104299	-0.104941	-0.099533	-0.102306	-0.102542	-0.108255	-0.110614	-0.106112	-0.109331	-0.110366	-0.114631	-0.107869	-0.106971	-0.117426	-0.113551	-0.109695	-0.118615	-0.119712	-0.119648	-0.119031	-0.127457	-0.132938	-0.131834	-0.128719	-0.139385	-0.15312	-0.149953	-0.144864	-0.15254	-0.168679	-0.182957	-0.186955	-0.176075	-0.173697	-0.199106	-0.242142	-0.267473	-0.268563	-0.252503	-0.232529	-0.239083	-0.302045	-0.438589	-0.613694	-0.789018	-0.938529	-1.02598	-1.02745	
-0.103291	-0.103291	-0.104941	-0.104067	-0.105192	-0.105828	-0.105716	-0.105399	-0.103988	-0.105186	-0.107625	-0.106188	-0.107422	-0.11331	-0.115307	-0.112561	-0.117014	-0.117926	-0.122093	-0.122082	-0.12369	-0.127086	-0.128621	-0.133224	-0.133084	-0.135835	-0.141649	-0.148159	-0.149785	-0.149217	-0.157994	-0.16753	-0.180723	-0.181796	-0.181504	-0.183514	-0.208091	-0.239879	-0.262054	-0.265999	-0.254308	-0.24646	-0.261205	-0.330177	-0.457803	-0.619973	-0.786705	-0.921027	-1.00075	-0.987975	
-0.103111	-0.103111	-0.099533	-0.105192	-0.109833	-0.105428	-0.110659	-0.101454	-0.104617	-0.109448	-0.107337	-0.112342	-0.105703	-0.111076	-0.113701	-0.10992	-0.115155	-0.120842	-0.115025	-0.12065	-0.121236	-0.130802	-0.124689	-0.130751	-0.131924	-0.142795	-0.141514	-0.142945	-0.148734	-0.156482	-0.16282	-0.16755	-0.175823	-0.176757	-0.187797	-0.194841	-0.217425	-0.2312	-0.252713	-0.254688	-0.254468	-0.258288	-0.287215	-0.362103	-0.477374	-0.624282	-0.778631	-0.895065	-0.965664	-0.936896	
-0.110898	-0.110898	-0.102306	-0.105828	-0.105428	-0.0908741	-0.106063	-0.112249	-0.107561	-0.111088	-0.108927	-0.110935	-0.107553	-0.116416	-0.115293	-0.10793	-0.114695	-0.1227	-0.114462	-0.116625	-0.124155	-0.129843	-0.124594	-0.126308	-0.133115	-0.14702	-0.140078	-0.137161	-0.147983	-0.162651	-0.165652	-0.166111	-0.168218	-0.173321	-0.192684	-0.209406	-0.221572	-0.224058	-0.238004	-0.245333	-0.256474	-0.276202	-0.324476	-0.400665	-0.504828	-0.632165	-0.76546	-0.867609	-0.913926	-0.874179	
-0.10321	-0.10321	-0.102542	-0.105716	-0.110659	-0.106063	-0.110187	-0.108574	-0.0988465	-0.10632	-0.109323	-0.108327	-0.10794	-0.116073	-0.114681	-0.110137	-0.120913	-0.125036	-0.117495	-0.118999	-0.131821	-0.130385	-0.128467	-0.125696	-0.139185	-0.149721	-0.140678	-0.134719	-0.151236	-0.168639	-0.168695	-0.165634	-0.162881	-0.17517	-0.200659	-0.226495	-0.225029	-0.220828	-0.225789	-0.243064	-0.266112	-0.306216	-0.372048	-0.447763	-0.536904	-0.640265	-0.746357	-0.827168	-0.844779	-0.791819	
-0.103276	-0.103276	-0.108255	-0.105399	-0.101454	-0.112249	-0.108574	-0.101132	-0.109603	-0.110328	-0.111582	-0.110597	-0.109696	-0.11357	-0.112496	-0.113107	-0.118995	-0.11898	-0.116188	-0.12118	-0.128487	-0.128506	-0.126585	-0.128666	-0.140039	-0.149861	-0.138746	-0.136911	-0.154983	-0.172165	-0.170488	-0.16364	-0.161917	-0.177522	-0.212014	-0.234722	-0.227364	-0.211156	-0.215199	-0.238535	-0.277361	-0.338727	-0.4172	-0.492181	-0.564458	-0.640579	-0.722655	-0.773597	-0.768085	-0.705025	
-0.105671	-0.105671	-0.110614	-0.103988	-0.104617	-0.107561	-0.0988465	-0.109603	-0.118999	-0.108372	-0.109144	-0.111272	-0.111811	-0.114464	-0.114396	-0.115532	-0.117382	-0.116484	-0.122387	-0.122485	-0.127092	-0.126961	-0.129739	-0.131916	-0.141589	-0.145461	-0.139837	-0.141264	-0.159173	-0.171305	-0.170151	-0.162088	-0.163601	-0.184705	-0.220374	-0.239871	-0.224326	-0.20572	-0.207702	-0.242247	-0.297519	-0.379074	-0.467373	-0.536961	-0.591238	-0.639685	-0.689745	-0.710239	-0.67877	-0.604421	
-0.10765	-0.10765	-0.106112	-0.105186	-0.109448	-0.111088	-0.10632	-0.110328	-0.108372	-0.101434	-0.108414	-0.1153	-0.118272	-0.110324	-0.115769	-0.123044	-0.118808	-0.120121	-0.126187	-0.126314	-0.126656	-0.127942	-0.133841	-0.135774	-0.141464	-0.139912	-0.143099	-0.148597	-0.160281	-0.168375	-0.166815	-0.163635	-0.168123	-0.195458	-0.224759	-0.239423	-0.21983	-0.203535	-0.208587	-0.254861	-0.328871	-0.427144	-0.518526	-0.582331	-0.613266	-0.636467	-0.646914	-0.635359	-0.579298	-0.493197	
-0.105718	-0.105718	-0.109331	-0.107625	-0.107337	-0.108927	-0.109323	-0.111582	-0.109144	-0.108414	-0.117723	-0.114741	-0.110276	-0.106953	-0.120947	-0.123735	-0.110175	-0.119421	-0.129204	-0.12683	-0.123829	-0.129304	-0.138188	-0.141643	-0.138806	-0.139063	-0.150679	-0.159756	-0.161148	-0.166484	-0.167551	-0.170386	-0.181424	-0.207389	-0.228556	-0.233524	-0.218124	-0.205305	-0.21783	-0.27551	-0.365537	-0.474185	-0.561375	-0.614295	-0.623879	-0.616241	-0.590063	-0.54569	-0.469991	-0.381471	
-0.105317	-0.105317	-0.110366	-0.106188	-0.112342	-0.110935	-0.108327	-0.110597	-0.111272	-0.1153	-0.114741	-0.110768	-0.112407	-0.117723	-0.120079	-0.118921	-0.111715	-0.125737	-0.130942	-0.123308	-0.123928	-0.132194	-0.141869	-0.142213	-0.133772	-0.139827	-0.158627	-0.165082	-0.157604	-0.161692	-0.168149	-0.178638	-0.194468	-0.215091	-0.223417	-0.223411	-0.216082	-0.21224	-0.236432	-0.304653	-0.411324	-0.518837	-0.602023	-0.637571	-0.628483	-0.587371	-0.523661	-0.447749	-0.35685	-0.264584	
-0.113203	-0.113203	-0.114631	-0.107422	-0.105703	-0.107553	-0.10794	-0.109696	-0.111811	-0.118272	-0.110276	-0.112407	-0.122942	-0.121686	-0.120102	-0.119303	-0.123341	-0.129374	-0.127507	-0.124128	-0.127725	-0.13595	-0.142157	-0.138061	-0.132068	-0.143094	-0.165018	-0.16299	-0.152754	-0.156738	-0.171131	-0.188107	-0.205944	-0.215858	-0.212289	-0.212539	-0.217326	-0.227486	-0.264352	-0.34564	-0.459175	-0.562789	-0.632624	-0.653559	-0.621174	-0.547665	-0.447402	-0.34288	-0.242644	-0.14749	
-0.108128	-0.108128	-0.107869	-0.11331	-0.111076	-0.116416	-0.116073	-0.11357	-0.114464	-0.110324	-0.106953	-0.117723	-0.121686	-0.11186	-0.116271	-0.122242	-0.127559	-0.126133	-0.126366	-0.131377	-0.135647	-0.141221	-0.144444	-0.140084	-0.142173	-0.155088	-0.173027	-0.164111	-0.156857	-0.162688	-0.185093	-0.205895	-0.220936	-0.217213	-0.20647	-0.212419	-0.231444	-0.258457	-0.307495	-0.39904	-0.508443	-0.600262	-0.651245	-0.652554	-0.594984	-0.485729	-0.352632	-0.225538	-0.119165	-0.0287119	
-0.109984	-0.109984	-0.106971	-0.115307	-0.113701	-0.115293	-0.114681	-0.112496	-0.114396	-0.115769	-0.120947	-0.120079	-0.120102	-0.116271	-0.11751	-0.125852	-0.127907	-0.122445	-0.123729	-0.133925	-0.136604	-0.137719	-0.137717	-0.13984	-0.147815	-0.159839	-0.165912	-0.160085	-0.156047	-0.168195	-0.193408	-0.216084	-0.221299	-0.206744	-0.19577	-0.211452	-0.247349	-0.290946	-0.354419	-0.448396	-0.547738	-0.622079	-0.65343	-0.635536	-0.551247	-0.412734	-0.252187	-0.112613	-0.00308833	0.0793247	
-0.118249	-0.118249	-0.117426	-0.112561	-0.10992	-0.10793	-0.110137	-0.113107	-0.115532	-0.123044	-0.123735	-0.118921	-0.119303	-0.122242	-0.125852	-0.133894	-0.128872	-0.119841	-0.130219	-0.14223	-0.137471	-0.134603	-0.136022	-0.146579	-0.156842	-0.159019	-0.158289	-0.15871	-0.16245	-0.177322	-0.203752	-0.221154	-0.215597	-0.196617	-0.193458	-0.222242	-0.27533	-0.336505	-0.411681	-0.500017	-0.582357	-0.634971	-0.645452	-0.604445	-0.493329	-0.327206	-0.148547	0.00211291	0.108173	0.186455	
-0.115373	-0.115373	-0.113551	-0.117014	-0.115155	-0.114695	-0.120913	-0.118995	-0.117382	-0.118808	-0.110175	-0.111715	-0.123341	-0.127559	-0.127907	-0.128872	-0.125141	-0.128037	-0.144537	-0.147156	-0.137593	-0.139187	-0.145396	-0.162202	-0.166111	-0.159034	-0.157928	-0.16852	-0.179172	-0.193397	-0.217193	-0.223041	-0.211896	-0.195678	-0.208153	-0.248766	-0.320101	-0.395559	-0.476509	-0.54903	-0.608652	-0.635392	-0.622811	-0.552801	-0.415906	-0.225866	-0.0355313	0.119992	0.22355	0.291141	
-0.112236	-0.112236	-0.109695	-0.117926	-0.120842	-0.1227	-0.125036	-0.11898	-0.116484	-0.120121	-0.119421	-0.125737	-0.129374	-0.126133	-0.122445	-0.119841	-0.128037	-0.137997	-0.140134	-0.134831	-0.134075	-0.140744	-0.151893	-0.165007	-0.16303	-0.151142	-0.158723	-0.178719	-0.192639	-0.204301	-0.217945	-0.214856	-0.202304	-0.201131	-0.226656	-0.282469	-0.365491	-0.453826	-0.527164	-0.579004	-0.61034	-0.612179	-0.572923	-0.476061	-0.316597	-0.116346	0.0777956	0.229099	0.325171	0.378408	
-0.12075	-0.12075	-0.118615	-0.122093	-0.115025	-0.114462	-0.117495	-0.116188	-0.122387	-0.126187	-0.129204	-0.130942	-0.127507	-0.126366	-0.123729	-0.130219	-0.144537	-0.140134	-0.131764	-0.136289	-0.142194	-0.149802	-0.157041	-0.165541	-0.155837	-0.150458	-0.166488	-0.19164	-0.20398	-0.20843	-0.210668	-0.202226	-0.201165	-0.217054	-0.259459	-0.325799	-0.422248	-0.511669	-0.572155	-0.596935	-0.60137	-0.577002	-0.509382	-0.386459	-0.212209	-0.00676645	0.182556	0.33111	0.417728	0.451638	
-0.126069	-0.126069	-0.119712	-0.122082	-0.12065	-0.116625	-0.118999	-0.12118	-0.122485	-0.126314	-0.12683	-0.123308	-0.124128	-0.131377	-0.133925	-0.14223	-0.147156	-0.134831	-0.136289	-0.147037	-0.153895	-0.15761	-0.162998	-0.161563	-0.15516	-0.161279	-0.182688	-0.205792	-0.213194	-0.208278	-0.201194	-0.198404	-0.215103	-0.250612	-0.305348	-0.383558	-0.483162	-0.566285	-0.602824	-0.600994	-0.576776	-0.523789	-0.427129	-0.281364	-0.0993831	0.102242	0.286891	0.426708	0.503151	0.512914	
-0.121417	-0.121417	-0.119648	-0.12369	-0.121236	-0.124155	-0.131821	-0.128487	-0.127092	-0.126656	-0.123829	-0.123928	-0.127725	-0.135647	-0.136604	-0.137471	-0.137593	-0.134075	-0.142194	-0.153895	-0.158719	-0.164317	-0.159868	-0.158077	-0.164524	-0.181723	-0.199365	-0.216654	-0.21753	-0.204194	-0.196095	-0.208907	-0.246214	-0.297285	-0.363372	-0.446327	-0.541404	-0.603313	-0.614464	-0.582408	-0.529719	-0.444895	-0.319891	-0.159678	0.0224756	0.214632	0.387692	0.517372	0.5714	0.550388	
-0.119683	-0.119683	-0.119031	-0.127086	-0.130802	-0.129843	-0.130385	-0.128506	-0.126961	-0.127942	-0.129304	-0.132194	-0.13595	-0.141221	-0.137719	-0.134603	-0.139187	-0.140744	-0.149802	-0.15761	-0.164317	-0.159132	-0.151213	-0.159888	-0.181148	-0.196253	-0.20502	-0.215414	-0.210511	-0.193459	-0.196973	-0.230242	-0.286417	-0.349148	-0.423297	-0.504702	-0.581673	-0.618712	-0.601071	-0.543531	-0.459643	-0.345342	-0.200306	-0.0341879	0.137468	0.316577	0.476187	0.587337	0.617984	0.560239	
-0.131134	-0.131134	-0.127457	-0.128621	-0.124689	-0.124594	-0.128467	-0.126585	-0.129739	-0.133841	-0.138188	-0.141869	-0.142157	-0.144444	-0.137717	-0.136022	-0.145396	-0.151893	-0.157041	-0.162998	-0.159868	-0.151213	-0.153728	-0.177697	-0.19863	-0.204245	-0.204966	-0.21026	-0.200732	-0.192778	-0.215096	-0.270051	-0.337511	-0.410269	-0.48544	-0.554234	-0.604385	-0.611857	-0.569421	-0.482847	-0.3694	-0.228755	-0.0722205	0.0883622	0.247681	0.409072	0.551659	0.639957	0.637265	0.543966	
-0.134871	-0.134871	-0.132938	-0.133224	-0.130751	-0.126308	-0.125696	-0.128666	-0.131916	-0.135774	-0.141643	-0.142213	-0.138061	-0.140084	-0.13984	-0.146579	-0.162202	-0.165007	-0.165541	-0.161563	-0.158077	-0.159888	-0.177697	-0.200468	-0.21103	-0.208989	-0.204863	-0.204202	-0.200759	-0.211662	-0.257133	-0.324635	-0.401541	-0.477409	-0.545644	-0.58975	-0.608215	-0.588822	-0.519684	-0.40591	-0.262216	-0.104952	0.0532353	0.204186	0.346853	0.492772	0.613412	0.673081	0.637225	0.508081	
-0.136203	-0.136203	-0.131834	-0.133084	-0.131924	-0.133115	-0.139185	-0.140039	-0.141589	-0.141464	-0.138806	-0.133772	-0.132068	-0.142173	-0.147815	-0.156842	-0.166111	-0.16303	-0.155837	-0.15516	-0.164524	-0.181148	-0.19863	-0.21103	-0.214855	-0.210276	-0.200536	-0.202856	-0.217578	-0.254219	-0.313722	-0.389713	-0.469059	-0.541696	-0.588015	-0.60048	-0.586864	-0.54012	-0.444569	-0.299943	-0.134992	0.0308406	0.181435	0.317769	0.444465	0.567023	0.659783	0.682642	0.608436	0.448552	
-0.124664	-0.124664	-0.128719	-0.135835	-0.142795	-0.14702	-0.149721	-0.149861	-0.145461	-0.139912	-0.139063	-0.139827	-0.143094	-0.155088	-0.159839	-0.159019	-0.159034	-0.151142	-0.150458	-0.161279	-0.181723	-0.196253	-0.204245	-0.208989	-0.210276	-0.200907	-0.192524	-0.211119	-0.252633	-0.306606	-0.373841	-0.452027	-0.529622	-0.584362	-0.600609	-0.579478	-0.5369	-0.464085	-0.339373	-0.1721	0.00569898	0.165647	0.303101	0.422121	0.527003	0.622038	0.676844	0.659859	0.550615	0.366727	
-0.141586	-0.141586	-0.139385	-0.141649	-0.141514	-0.140078	-0.140678	-0.138746	-0.139837	-0.143099	-0.150679	-0.158627	-0.165018	-0.173027	-0.165912	-0.158289	-0.157928	-0.158723	-0.166488	-0.182688	-0.199365	-0.20502	-0.204966	-0.204863	-0.200536	-0.192524	-0.199398	-0.24394	-0.304385	-0.366644	-0.435528	-0.512652	-0.57521	-0.601809	-0.584095	-0.533918	-0.46496	-0.364508	-0.216395	-0.0345306	0.139417	0.287128	0.405762	0.505012	0.584032	0.64284	0.657927	0.60266	0.467707	0.273782	
-0.155477	-0.155477	-0.15312	-0.148159	-0.142945	-0.137161	-0.134719	-0.136911	-0.141264	-0.148597	-0.159756	-0.165082	-0.16299	-0.164111	-0.160085	-0.15871	-0.16852	-0.178719	-0.19164	-0.205792	-0.216654	-0.215414	-0.21026	-0.204202	-0.202856	-0.211119	-0.24394	-0.307458	-0.376215	-0.440631	-0.508254	-0.572635	-0.607546	-0.599904	-0.55159	-0.475165	-0.377954	-0.251652	-0.0852049	0.0969401	0.26176	0.392303	0.49489	0.572274	0.621231	0.642176	0.617996	0.533085	0.382942	0.18934	
-0.152406	-0.152406	-0.149953	-0.149785	-0.148734	-0.147983	-0.151236	-0.154983	-0.159173	-0.160281	-0.161148	-0.157604	-0.152754	-0.156857	-0.156047	-0.16245	-0.179172	-0.192639	-0.20398	-0.213194	-0.21753	-0.210511	-0.200732	-0.200759	-0.217578	-0.252633	-0.304385	-0.376215	-0.447337	-0.51101	-0.567189	-0.604438	-0.604378	-0.564317	-0.489415	-0.385092	-0.2603	-0.112295	0.0582334	0.232585	0.380371	0.494996	0.576528	0.626499	0.637614	0.616726	0.556302	0.448262	0.291623	0.103834	
-0.142656	-0.142656	-0.144864	-0.149217	-0.156482	-0.162651	-0.168639	-0.172165	-0.171305	-0.168375	-0.166484	-0.161692	-0.156738	-0.162688	-0.168195	-0.177322	-0.193397	-0.204301	-0.20843	-0.208278	-0.204194	-0.193459	-0.192778	-0.211662	-0.254219	-0.306606	-0.366644	-0.440631	-0.51101	-0.564162	-0.59366	-0.596175	-0.562352	-0.495981	-0.393821	-0.262747	-0.114311	0.0403352	0.204121	0.360425	0.490643	0.583652	0.638603	0.650822	0.618981	0.55667	0.467253	0.346129	0.191799	0.0177765	
-0.150229	-0.150229	-0.15254	-0.157994	-0.16282	-0.165652	-0.168695	-0.170488	-0.170151	-0.166815	-0.167551	-0.168149	-0.171131	-0.185093	-0.193408	-0.203752	-0.217193	-0.217945	-0.210668	-0.201194	-0.196095	-0.196973	-0.215096	-0.257133	-0.313722	-0.373841	-0.435528	-0.508254	-0.567189	-0.59366	-0.588499	-0.556795	-0.496811	-0.403819	-0.276091	-0.121015	0.0353724	0.184327	0.329457	0.466522	0.574634	0.641944	0.661054	0.631516	0.557593	0.464769	0.35955	0.240254	0.0999029	-0.0550031	
-0.170339	-0.170339	-0.168679	-0.16753	-0.16755	-0.166111	-0.165634	-0.16364	-0.162088	-0.163635	-0.170386	-0.178638	-0.188107	-0.205895	-0.216084	-0.221154	-0.223041	-0.214856	-0.202226	-0.198404	-0.208907	-0.230242	-0.270051	-0.324635	-0.389713	-0.452027	-0.512652	-0.572635	-0.604438	-0.596175	-0.556795	-0.498819	-0.411914	-0.293304	-0.140119	0.0248042	0.178011	0.309709	0.436712	0.553049	0.637727	0.672419	0.651654	0.580454	0.47422	0.36237	0.256414	0.14771	0.0255909	-0.107837	
-0.184298	-0.184298	-0.182957	-0.180723	-0.175823	-0.168218	-0.162881	-0.161917	-0.163601	-0.168123	-0.181424	-0.194468	-0.205944	-0.220936	-0.221299	-0.215597	-0.211896	-0.202304	-0.201165	-0.215103	-0.246214	-0.286417	-0.337511	-0.401541	-0.469059	-0.529622	-0.57521	-0.607546	-0.604378	-0.562352	-0.496811	-0.411914	-0.299469	-0.15464	0.00937999	0.172544	0.308495	0.422158	0.528624	0.622565	0.676147	0.671473	0.608956	0.502999	0.375093	0.260373	0.162586	0.072088	-0.0301969	-0.147095	
-0.192047	-0.192047	-0.186955	-0.181796	-0.176757	-0.173321	-0.17517	-0.177522	-0.184705	-0.195458	-0.207389	-0.215091	-0.215858	-0.217213	-0.206744	-0.196617	-0.195678	-0.201131	-0.217054	-0.250612	-0.297285	-0.349148	-0.410269	-0.477409	-0.541696	-0.584362	-0.601809	-0.599904	-0.564317	-0.495981	-0.403819	-0.293304	-0.15464	0.00180257	0.165249	0.311705	0.429562	0.522759	0.608241	0.672811	0.687538	0.640739	0.540277	0.409262	0.273916	0.163989	0.0823785	0.00873067	-0.077958	-0.180491	
-0.173876	-0.173876	-0.176075	-0.181504	-0.187797	-0.192684	-0.200659	-0.212014	-0.220374	-0.224759	-0.228556	-0.223417	-0.212289	-0.20647	-0.19577	-0.193458	-0.208153	-0.226656	-0.259459	-0.305348	-0.363372	-0.423297	-0.48544	-0.545644	-0.588015	-0.600609	-0.584095	-0.55159	-0.489415	-0.393821	-0.276091	-0.140119	0.00937999	0.165249	0.311664	0.43952	0.534978	0.606615	0.662843	0.688607	0.660012	0.571981	0.443537	0.300964	0.168383	0.074646	0.00987963	-0.0458801	-0.11867	-0.213082	
-0.171398	-0.171398	-0.173697	-0.183514	-0.194841	-0.209406	-0.226495	-0.234722	-0.239871	-0.239423	-0.233524	-0.223411	-0.212539	-0.212419	-0.211452	-0.222242	-0.248766	-0.282469	-0.325799	-0.383558	-0.446327	-0.504702	-0.554234	-0.58975	-0.60048	-0.579478	-0.533918	-0.475165	-0.385092	-0.262747	-0.121015	0.0248042	0.172544	0.311705	0.43952	0.544774	0.617557	0.659907	0.678209	0.661108	0.589329	0.471142	0.327293	0.18533	0.0669678	-0.00954739	-0.0546797	-0.0960739	-0.159162	-0.243723	
-0.19565	-0.19565	-0.199106	-0.208091	-0.217425	-0.221572	-0.225029	-0.227364	-0.224326	-0.21983	-0.218124	-0.216082	-0.217326	-0.231444	-0.247349	-0.27533	-0.320101	-0.365491	-0.422248	-0.483162	-0.541404	-0.581673	-0.604385	-0.608215	-0.586864	-0.5369	-0.46496	-0.377954	-0.2603	-0.114311	0.0353724	0.178011	0.308495	0.429562	0.534978	0.617557	0.65967	0.664328	0.640738	0.580928	0.478491	0.343307	0.200432	0.0729923	-0.0251032	-0.0763839	-0.102489	-0.128309	-0.179699	-0.257308	
-0.247064	-0.247064	-0.242142	-0.239879	-0.2312	-0.224058	-0.220828	-0.211156	-0.20572	-0.203535	-0.205305	-0.21224	-0.227486	-0.258457	-0.290946	-0.336505	-0.395559	-0.453826	-0.511669	-0.566285	-0.603313	-0.618712	-0.611857	-0.588822	-0.54012	-0.464085	-0.364508	-0.251652	-0.112295	0.0403352	0.184327	0.309709	0.422158	0.522759	0.606615	0.659907	0.664328	0.628981	0.565317	0.477363	0.358095	0.224603	0.0958623	-0.0105311	-0.0825722	-0.113056	-0.122174	-0.137911	-0.185658	-0.259295	
-0.27326	-0.27326	-0.267473	-0.262054	-0.252713	-0.238004	-0.225789	-0.215199	-0.207702	-0.208587	-0.21783	-0.236432	-0.264352	-0.307495	-0.354419	-0.411681	-0.476509	-0.527164	-0.572155	-0.602824	-0.614464	-0.601071	-0.569421	-0.519684	-0.444569	-0.339373	-0.216395	-0.0852049	0.0582334	0.204121	0.329457	0.436712	0.528624	0.608241	0.662843	0.678209	0.640738	0.565317	0.474113	0.369034	0.24971	0.127444	0.0179464	-0.0648813	-0.117104	-0.129572	-0.129558	-0.142432	-0.19046	-0.267357	
-0.275002	-0.275002	-0.268563	-0.265999	-0.254688	-0.245333	-0.243064	-0.238535	-0.242247	-0.254861	-0.27551	-0.304653	-0.34564	-0.39904	-0.448396	-0.500017	-0.54903	-0.579004	-0.596935	-0.600994	-0.582408	-0.543531	-0.482847	-0.40591	-0.299943	-0.1721	-0.0345306	0.0969401	0.232585	0.360425	0.466522	0.553049	0.622565	0.672811	0.688607	0.661108	0.580928	0.477363	0.369034	0.263233	0.152068	0.0462754	-0.0429224	-0.108701	-0.144206	-0.147642	-0.144569	-0.159208	-0.213259	-0.294408	
-0.255513	-0.255513	-0.252503	-0.254308	-0.254468	-0.256474	-0.266112	-0.277361	-0.297519	-0.328871	-0.365537	-0.411324	-0.459175	-0.508443	-0.547738	-0.582357	-0.608652	-0.61034	-0.60137	-0.576776	-0.529719	-0.459643	-0.3694	-0.262216	-0.134992	0.00569898	0.139417	0.26176	0.380371	0.490643	0.574634	0.637727	0.676147	0.687538	0.660012	0.589329	0.478491	0.358095	0.24971	0.152068	0.0557536	-0.0314861	-0.104253	-0.153627	-0.178025	-0.173697	-0.168735	-0.186161	-0.243547	-0.325779	
-0.231994	-0.231994	-0.232529	-0.24646	-0.258288	-0.276202	-0.306216	-0.338727	-0.379074	-0.427144	-0.474185	-0.518837	-0.562789	-0.600262	-0.622079	-0.634971	-0.635392	-0.612179	-0.577002	-0.523789	-0.444895	-0.345342	-0.228755	-0.104952	0.0308406	0.165647	0.287128	0.392303	0.494996	0.583652	0.641944	0.672419	0.671473	0.640739	0.571981	0.471142	0.343307	0.224603	0.127444	0.0462754	-0.0314861	-0.102115	-0.15781	-0.195374	-0.208551	-0.198168	-0.192255	-0.211717	-0.271233	-0.354444	
-0.231105	-0.231105	-0.239083	-0.261205	-0.287215	-0.324476	-0.372048	-0.4172	-0.467373	-0.518526	-0.561375	-0.602023	-0.632624	-0.651245	-0.65343	-0.645452	-0.622811	-0.572923	-0.509382	-0.427129	-0.319891	-0.200306	-0.0722205	0.0532353	0.181435	0.303101	0.405762	0.49489	0.576528	0.638603	0.661054	0.651654	0.608956	0.540277	0.443537	0.327293	0.200432	0.0958623	0.0179464	-0.0429224	-0.104253	-0.15781	-0.201036	-0.226659	-0.230305	-0.214495	-0.20735	-0.228293	-0.290271	-0.371173	
-0.294169	-0.294169	-0.302045	-0.330177	-0.362103	-0.400665	-0.447763	-0.492181	-0.536961	-0.582331	-0.614295	-0.637571	-0.653559	-0.652554	-0.635536	-0.604445	-0.552801	-0.476061	-0.386459	-0.281364	-0.159678	-0.0341879	0.0883622	0.204186	0.317769	0.422121	0.505012	0.572274	0.626499	0.650822	0.631516	0.580454	0.502999	0.409262	0.300964	0.18533	0.0729923	-0.0105311	-0.0648813	-0.108701	-0.153627	-0.195374	-0.226659	-0.242886	-0.23772	-0.217369	-0.209115	-0.233422	-0.295177	-0.375876	
-0.430528	-0.430528	-0.438589	-0.457803	-0.477374	-0.504828	-0.536904	-0.564458	-0.591238	-0.613266	-0.623879	-0.628483	-0.621174	-0.594984	-0.551247	-0.493329	-0.415906	-0.316597	-0.212209	-0.0993831	0.0224756	0.137468	0.247681	0.346853	0.444465	0.527003	0.584032	0.621231	0.637614	0.618981	0.557593	0.47422	0.375093	0.273916	0.168383	0.0669678	-0.0251032	-0.0825722	-0.117104	-0.144206	-0.178025	-0.208551	-0.230305	-0.23772	-0.224518	-0.200524	-0.194559	-0.222252	-0.28907	-0.37233	
-0.614222	-0.614222	-0.613694	-0.619973	-0.624282	-0.632165	-0.640265	-0.640579	-0.639685	-0.636467	-0.616241	-0.587371	-0.547665	-0.485729	-0.412734	-0.327206	-0.225866	-0.116346	-0.00676645	0.102242	0.214632	0.316577	0.409072	0.492772	0.567023	0.622038	0.64284	0.642176	0.616726	0.55667	0.464769	0.36237	0.260373	0.163989	0.074646	-0.00954739	-0.0763839	-0.113056	-0.129572	-0.147642	-0.173697	-0.198168	-0.214495	-0.217369	-0.200524	-0.180473	-0.180469	-0.220717	-0.296245	-0.387083	
-0.79076	-0.79076	-0.789018	-0.786705	-0.778631	-0.76546	-0.746357	-0.722655	-0.689745	-0.646914	-0.590063	-0.523661	-0.447402	-0.352632	-0.252187	-0.148547	-0.0355313	0.0777956	0.182556	0.286891	0.387692	0.476187	0.551659	0.613412	0.659783	0.676844	0.657927	0.617996	0.556302	0.467253	0.35955	0.256414	0.162586	0.0823785	0.00987963	-0.0546797	-0.102489	-0.122174	-0.129558	-0.144569	-0.168735	-0.192255	-0.20735	-0.209115	-0.194559	-0.180469	-0.193824	-0.248318	-0.335364	-0.439109	
-0.944635	-0.944635	-0.938529	-0.921027	-0.895065	-0.867609	-0.827168	-0.773597	-0.710239	-0.635359	-0.54569	-0.447749	-0.34288	-0.225538	-0.112613	0.00211291	0.119992	0.229099	0.33111	0.426708	0.517372	0.587337	0.639957	0.673081	0.682642	0.659859	0.60266	0.533085	0.448262	0.346129	0.240254	0.14771	0.072088	0.00873067	-0.0458801	-0.0960739	-0.128309	-0.137911	-0.142432	-0.159208	-0.186161	-0.211717	-0.228293	-0.233422	-0.222252	-0.220717	-0.248318	-0.318681	-0.418911	-0.529828	
-1.03774	-1.03774	-1.02598	-1.00075	-0.965664	-0.913926	-0.844779	-0.768085	-0.67877	-0.579298	-0.469991	-0.35685	-0.242644	-0.119165	-0.00308833	0.108173	0.22355	0.325171	0.417728	0.503151	0.5714	0.617984	0.637265	0.637225	0.608436	0.550615	0.467707	0.382942	0.291623	0.191799	0.0999029	0.0255909	-0.0301969	-0.077958	-0.11867	-0.159162	-0.179699	-0.185658	-0.19046	-0.213259	-0.243547	-0.271233	-0.290271	-0.295177	-0.28907	-0.296245	-0.335364	-0.418911	-0.522846	-0.639375	
-1.03979	-1.03979	-1.02745	-0.987975	-0.936896	-0.874179	-0.791819	-0.705025	-0.604421	-0.493197	-0.381471	-0.264584	-0.14749	-0.0287119	0.0793247	0.186455	0.291141	0.378408	0.451638	0.512914	0.550388	0.560239	0.543966	0.508081	0.448552	0.366727	0.273782	0.18934	0.103834	0.0177765	-0.0550031	-0.107837	-0.147095	-0.180491	-0.213082	-0.243723	-0.257308	-0.259295	-0.267357	-0.294408	-0.325779	-0.354444	-0.371173	-0.375876	-0.37233	-0.387083	-0.439109	-0.529828	-0.639375	-0.756221	
