-0.0470628	-0.0470628	-0.0446147	-0.0481667	-0.0435069	-0.0466057	-0.0448337	-0.0444816	-0.0464486	-0.0454185	-0.0462277	-0.0474196	-0.0471782	-0.045514	-0.0485602	-0.0463436	-0.0454783	-0.0508475	-0.0465324	-0.0497777	-0.0485868	-0.0471964	-0.0500944	-0.0501914	-0.0493609	-0.0490845	-0.0531749	-0.0492642	-0.050384	-0.0538784	-0.0516508	-0.0482391	-0.0538848	-0.0465505	-0.0377115	-0.029387	-0.00647923	0.0386041	0.098354	0.193436	0.328511	0.507818	0.712685	0.928078	1.12589	1.25946	1.27154	1.15231	0.917906	0.585686	
-0.0470628	-0.0470628	-0.0446147	-0.0481667	-0.0435069	-0.0466057	-0.0448337	-0.0444816	-0.0464486	-0.0454185	-0.0462277	-0.0474196	-0.0471782	-0.045514	-0.0485602	-0.0463436	-0.0454783	-0.0508475	-0.0465324	-0.0497777	-0.0485868	-0.0471964	-0.0500944	-0.0501914	-0.0493609	-0.0490845	-0.0531749	-0.0492642	-0.050384	-0.0538784	-0.0516508	-0.0482391	-0.0538848	-0.0465505	-0.0377115	-0.029387	-0.00647923	0.0386041	0.098354	0.193436	0.328511	0.507818	0.712685	0.928078	1.12589	1.25946	1.27154	1.15231	0.917906	0.585686	
-0.0446147	-0.0446147	-0.0418076	-0.0476036	-0.044722	-0.0471506	-0.0489983	-0.0471605	-0.0475317	-0.0476089	-0.044931	-0.0454382	-0.0455445	-0.046387	-0.047072	-0.0476648	-0.0480756	-0.0478113	-0.0425914	-0.047107	-0.0503288	-0.0474377	-0.0486237	-0.0486117	-0.049126	-0.0485739	-0.0516055	-0.0496861	-0.050106	-0.0530238	-0.0502558	-0.0490981	-0.0521445	-0.0465026	-0.036307	-0.0289617	-0.00376626	0.0388607	0.101221	0.195156	0.331048	0.508458	0.712308	0.926969	1.12143	1.25324	1.26488	1.14753	0.91509	0.583898	
-0.0481667	-0.0481667	-0.0476036	-0.0469883	-0.0442657	-0.0454368	-0.0424336	-0.0433317	-0.0452116	-0.0443397	-0.0473971	-0.0483232	-0.0482067	-0.0460869	-0.0484303	-0.0456239	-0.045478	-0.0497827	-0.0510899	-0.0510149	-0.0472472	-0.0478334	-0.0503836	-0.0504661	-0.0500551	-0.0507978	-0.0520701	-0.0499107	-0.0511295	-0.0533724	-0.0523115	-0.0497398	-0.0523075	-0.0463706	-0.0393661	-0.0275517	-0.00433383	0.0391941	0.100772	0.196657	0.331168	0.505756	0.708672	0.919217	1.11125	1.23652	1.25065	1.13749	0.907782	0.58493	
-0.0435069	-0.0435069	-0.044722	-0.0442657	-0.0472863	-0.0463714	-0.0484897	-0.0485096	-0.0466971	-0.0479188	-0.0451291	-0.0451868	-0.0454531	-0.0464565	-0.0469743	-0.0479982	-0.0487497	-0.0472188	-0.0446974	-0.0457149	-0.0491515	-0.0493902	-0.0487118	-0.0490494	-0.0490665	-0.0485744	-0.050268	-0.0517819	-0.0509619	-0.0506974	-0.0507298	-0.0513053	-0.0494808	-0.0457627	-0.0377638	-0.025445	0.000162799	0.0409481	0.105988	0.201759	0.33566	0.507052	0.706093	0.914091	1.09727	1.21711	1.23066	1.12283	0.897737	0.582282	
-0.0466057	-0.0466057	-0.0471506	-0.0454368	-0.0463714	-0.0450033	-0.044867	-0.0456033	-0.0452648	-0.0458207	-0.0475934	-0.0464908	-0.0472911	-0.0479106	-0.0457829	-0.0465021	-0.0483098	-0.0448752	-0.0509214	-0.0491587	-0.0482546	-0.0489613	-0.0482337	-0.0484133	-0.0508581	-0.0527666	-0.0490077	-0.0507515	-0.0513944	-0.0520403	-0.0519938	-0.0520729	-0.0479491	-0.0463551	-0.0391839	-0.0235227	0.00228352	0.0418477	0.109388	0.205218	0.338796	0.504563	0.701515	0.902149	1.07827	1.1883	1.20432	1.10174	0.884101	0.580819	
-0.0448337	-0.0448337	-0.0489983	-0.0424336	-0.0484897	-0.044867	-0.0451402	-0.0470981	-0.0445546	-0.0468071	-0.0462861	-0.0463773	-0.0480901	-0.0466126	-0.0478547	-0.0485626	-0.047655	-0.0475474	-0.0510778	-0.0469665	-0.0470462	-0.0510748	-0.0489686	-0.0513195	-0.0496528	-0.0489199	-0.0490472	-0.0540729	-0.0520947	-0.0484157	-0.0526167	-0.0524425	-0.047146	-0.044842	-0.0397192	-0.0194486	0.00433602	0.0458092	0.113424	0.212048	0.341818	0.504845	0.695482	0.889825	1.05413	1.15554	1.17108	1.07548	0.864718	0.579029	
-0.0444816	-0.0444816	-0.0471605	-0.0433317	-0.0485096	-0.0456033	-0.0470981	-0.0489789	-0.0458556	-0.0477472	-0.0471409	-0.0445661	-0.045959	-0.0469994	-0.044393	-0.0476903	-0.0481753	-0.0451524	-0.0481834	-0.0462481	-0.0487279	-0.0510085	-0.0467131	-0.0480944	-0.0506572	-0.0525571	-0.04877	-0.0521499	-0.051456	-0.0501451	-0.0533333	-0.0526967	-0.0452398	-0.04577	-0.0382953	-0.0170704	0.00824908	0.0492712	0.120321	0.218839	0.347173	0.506059	0.690638	0.876486	1.02798	1.11975	1.13483	1.04339	0.844247	0.575298	
-0.0464486	-0.0464486	-0.0475317	-0.0452116	-0.0466971	-0.0452648	-0.0445546	-0.0458556	-0.0446952	-0.0457971	-0.047805	-0.0466575	-0.0492471	-0.0489684	-0.047232	-0.0495984	-0.0479806	-0.0465569	-0.05219	-0.0483498	-0.0484784	-0.0501744	-0.0484722	-0.0507518	-0.0506487	-0.0503162	-0.0481575	-0.0533902	-0.0517331	-0.0490697	-0.05296	-0.0517696	-0.0446599	-0.0450607	-0.036864	-0.0140315	0.0110388	0.0538262	0.126289	0.224652	0.351172	0.505152	0.683217	0.857194	0.995942	1.07699	1.09013	1.00314	0.816692	0.569984	
-0.0454185	-0.0454185	-0.0476089	-0.0443397	-0.0479188	-0.0458207	-0.0468071	-0.0477472	-0.0457971	-0.048012	-0.0460527	-0.0457448	-0.0474521	-0.0451593	-0.046088	-0.0488017	-0.0454	-0.0488496	-0.0491879	-0.0469799	-0.048093	-0.0511799	-0.0476862	-0.0515651	-0.0503154	-0.0502758	-0.0503008	-0.0542555	-0.0519575	-0.0492538	-0.0543458	-0.0516108	-0.0459227	-0.0443473	-0.0355402	-0.0112391	0.0133946	0.06067	0.132634	0.23338	0.356096	0.50888	0.676586	0.840592	0.963716	1.03601	1.0434	0.960367	0.787642	0.564307	
-0.0462277	-0.0462277	-0.044931	-0.0473971	-0.0451291	-0.0475934	-0.0462861	-0.0471409	-0.047805	-0.0460527	-0.0480675	-0.0468254	-0.0458989	-0.0487386	-0.0467002	-0.0482123	-0.0485418	-0.0483787	-0.0468243	-0.0478177	-0.0503475	-0.0488538	-0.0499499	-0.0480156	-0.0501405	-0.052053	-0.0510658	-0.050324	-0.0508157	-0.0519496	-0.0526773	-0.0502996	-0.0446243	-0.044374	-0.0309493	-0.0104623	0.0192947	0.0660619	0.141776	0.239211	0.363387	0.509901	0.669964	0.818979	0.929205	0.989614	0.990745	0.90897	0.753836	0.553261	
-0.0474196	-0.0474196	-0.0454382	-0.0483232	-0.0451868	-0.0464908	-0.0463773	-0.0445661	-0.0466575	-0.0457448	-0.0468254	-0.0483992	-0.0483578	-0.0495966	-0.0480828	-0.049118	-0.0471554	-0.0487879	-0.0500552	-0.0500832	-0.0498404	-0.0479418	-0.0503105	-0.0514209	-0.0514645	-0.0492903	-0.0497503	-0.0531654	-0.0525682	-0.0512768	-0.0504065	-0.0509186	-0.0462301	-0.0423797	-0.0281724	-0.00924502	0.0234745	0.0731938	0.148678	0.246299	0.369581	0.512178	0.661609	0.79691	0.89329	0.942256	0.933399	0.854091	0.716219	0.539156	
-0.0471782	-0.0471782	-0.0455445	-0.0482067	-0.0454531	-0.0472911	-0.0480901	-0.045959	-0.0492471	-0.0474521	-0.0458989	-0.0483578	-0.0439946	-0.0458516	-0.0466997	-0.0455962	-0.0496534	-0.0477799	-0.0477183	-0.0491648	-0.0494443	-0.0484095	-0.0528546	-0.0490979	-0.0497811	-0.0530261	-0.0543652	-0.0507538	-0.0520232	-0.0538759	-0.0520625	-0.0511325	-0.0476944	-0.0407294	-0.0270114	-0.00847325	0.0285076	0.0799442	0.156356	0.253607	0.378247	0.515075	0.655271	0.775963	0.860109	0.895868	0.875019	0.798491	0.676577	0.522068	
-0.045514	-0.045514	-0.046387	-0.0460869	-0.0464565	-0.0479106	-0.0466126	-0.0469994	-0.0489684	-0.0451593	-0.0487386	-0.0495966	-0.0458516	-0.0519919	-0.049929	-0.0471247	-0.0511656	-0.0488758	-0.0477014	-0.0491805	-0.0488529	-0.0482857	-0.0524392	-0.047297	-0.0510954	-0.0506174	-0.0502203	-0.0484402	-0.0535351	-0.0525909	-0.0473537	-0.0498511	-0.0465562	-0.0367344	-0.0233969	-0.00547439	0.0357491	0.0881543	0.164357	0.262386	0.386435	0.517588	0.646799	0.753236	0.824995	0.844151	0.811495	0.735905	0.630012	0.496032	
-0.0485602	-0.0485602	-0.047072	-0.0484303	-0.0469743	-0.0457829	-0.0478547	-0.044393	-0.047232	-0.046088	-0.0467002	-0.0480828	-0.0466997	-0.049929	-0.0466215	-0.0470246	-0.0514267	-0.0438247	-0.0508959	-0.0531018	-0.0509446	-0.0494907	-0.0518928	-0.0502546	-0.0526555	-0.0531963	-0.0527861	-0.0526769	-0.0549773	-0.0533692	-0.0495101	-0.0535893	-0.0482762	-0.0356362	-0.025142	-0.00438685	0.0396323	0.0934488	0.169828	0.270064	0.393755	0.519177	0.638934	0.732885	0.79243	0.794874	0.750148	0.676547	0.584017	0.466766	
-0.0463436	-0.0463436	-0.0476648	-0.0456239	-0.0479982	-0.0465021	-0.0485626	-0.0476903	-0.0495984	-0.0488017	-0.0482123	-0.049118	-0.0455962	-0.0471247	-0.0470246	-0.0467275	-0.0512624	-0.0492115	-0.0513159	-0.04777	-0.0453046	-0.0504677	-0.0524174	-0.0502924	-0.0501541	-0.0522165	-0.0519169	-0.0499552	-0.0539187	-0.0526354	-0.0492658	-0.0514848	-0.0458363	-0.0328163	-0.0238381	0.00124135	0.0460168	0.101105	0.177973	0.281246	0.401993	0.522871	0.631966	0.71555	0.759852	0.745275	0.687824	0.615582	0.530881	0.429578	
-0.0454783	-0.0454783	-0.0480756	-0.045478	-0.0487497	-0.0483098	-0.047655	-0.0481753	-0.0479806	-0.0454	-0.0485418	-0.0471554	-0.0496534	-0.0511656	-0.0514267	-0.0512624	-0.0482573	-0.047623	-0.047478	-0.0510865	-0.0502138	-0.0545383	-0.0483681	-0.0497762	-0.0511916	-0.0526383	-0.0511185	-0.0514907	-0.0551863	-0.0507095	-0.0495488	-0.0512716	-0.0455768	-0.0310214	-0.02371	0.00684459	0.0489947	0.108191	0.184253	0.291659	0.407434	0.524927	0.624772	0.697587	0.727246	0.694085	0.627562	0.553275	0.47367	0.386329	
-0.0508475	-0.0508475	-0.0478113	-0.0497827	-0.0472188	-0.0448752	-0.0475474	-0.0451524	-0.0465569	-0.0488496	-0.0483787	-0.0487879	-0.0477799	-0.0488758	-0.0438247	-0.0492115	-0.047623	-0.0534043	-0.0500708	-0.0525166	-0.0518557	-0.0499153	-0.0498855	-0.0545279	-0.0537946	-0.0530425	-0.0537359	-0.0541283	-0.0539831	-0.0537607	-0.052287	-0.0533709	-0.0431733	-0.0354132	-0.021513	0.00786853	0.0532764	0.110782	0.192502	0.29906	0.412665	0.527184	0.618268	0.683642	0.694698	0.64872	0.572269	0.49394	0.417461	0.339206	
-0.0465324	-0.0465324	-0.0425914	-0.0510899	-0.0446974	-0.0509214	-0.0510778	-0.0481834	-0.05219	-0.0491879	-0.0468243	-0.0500552	-0.0477183	-0.0477014	-0.0508959	-0.0513159	-0.047478	-0.0500708	-0.0490913	-0.0483203	-0.0484608	-0.0482441	-0.0534065	-0.051827	-0.0495213	-0.0503222	-0.0531041	-0.0515907	-0.052575	-0.0526737	-0.0508655	-0.048633	-0.0420426	-0.0343943	-0.0158067	0.0136011	0.0581033	0.118012	0.204139	0.307854	0.420989	0.530162	0.616709	0.669399	0.664455	0.605433	0.518255	0.433737	0.352895	0.286738	
-0.0497777	-0.0497777	-0.047107	-0.0510149	-0.0457149	-0.0491587	-0.0469665	-0.0462481	-0.0483498	-0.0469799	-0.0478177	-0.0500832	-0.0491648	-0.0491805	-0.0531018	-0.04777	-0.0510865	-0.0525166	-0.0483203	-0.0496596	-0.0564648	-0.0523303	-0.0529098	-0.0507158	-0.0526477	-0.0533274	-0.0559375	-0.0532631	-0.0537137	-0.0537834	-0.0531911	-0.0486382	-0.0451285	-0.0344993	-0.0140234	0.0141008	0.0588884	0.123046	0.211023	0.311724	0.425554	0.530485	0.613402	0.652681	0.634808	0.565328	0.46854	0.374814	0.290131	0.235791	
-0.0485868	-0.0485868	-0.0503288	-0.0472472	-0.0491515	-0.0482546	-0.0470462	-0.0487279	-0.0484784	-0.048093	-0.0503475	-0.0498404	-0.0494443	-0.0488529	-0.0509446	-0.0453046	-0.0502138	-0.0518557	-0.0484608	-0.0564648	-0.0512155	-0.0472146	-0.0514626	-0.0542099	-0.0528237	-0.0544117	-0.0550421	-0.0513438	-0.0529514	-0.056765	-0.0531878	-0.0461468	-0.046379	-0.0327594	-0.0121438	0.0169651	0.061184	0.131908	0.216297	0.319492	0.430509	0.535455	0.611273	0.638738	0.610413	0.530439	0.424271	0.316151	0.229025	0.183719	
-0.0471964	-0.0471964	-0.0474377	-0.0478334	-0.0493902	-0.0489613	-0.0510748	-0.0510085	-0.0501744	-0.0511799	-0.0488538	-0.0479418	-0.0484095	-0.0482857	-0.0494907	-0.0504677	-0.0545383	-0.0499153	-0.0482441	-0.0523303	-0.0472146	-0.051075	-0.0569193	-0.0528632	-0.051905	-0.0514411	-0.0543405	-0.0526366	-0.0566457	-0.0553975	-0.049318	-0.0469553	-0.0488072	-0.0300708	-0.00863797	0.0172543	0.0658567	0.137875	0.222706	0.324953	0.436983	0.539507	0.608636	0.626173	0.588227	0.501218	0.380623	0.260191	0.171173	0.129855	
-0.0500944	-0.0500944	-0.0486237	-0.0503836	-0.0487118	-0.0482337	-0.0489686	-0.0467131	-0.0484722	-0.0476862	-0.0499499	-0.0503105	-0.0528546	-0.0524392	-0.0518928	-0.0524174	-0.0483681	-0.0498855	-0.0534065	-0.0529098	-0.0514626	-0.0569193	-0.0527088	-0.0490358	-0.0525886	-0.0558799	-0.0566696	-0.0533849	-0.053363	-0.0547322	-0.0508357	-0.0509795	-0.0461851	-0.0268028	-0.00971655	0.0170247	0.0706687	0.142705	0.225563	0.329597	0.441515	0.541449	0.603811	0.612339	0.5695	0.471952	0.338974	0.206277	0.11803	0.0757973	
-0.0501914	-0.0501914	-0.0486117	-0.0504661	-0.0490494	-0.0484133	-0.0513195	-0.0480944	-0.0507518	-0.0515651	-0.0480156	-0.0514209	-0.0490979	-0.047297	-0.0502546	-0.0502924	-0.0497762	-0.0545279	-0.051827	-0.0507158	-0.0542099	-0.0528632	-0.0490358	-0.056099	-0.0574692	-0.0551155	-0.0534657	-0.0539966	-0.0566094	-0.0574227	-0.0520618	-0.0508086	-0.0446029	-0.0285596	-0.0123418	0.020136	0.0751921	0.144484	0.228575	0.335737	0.446915	0.544169	0.599909	0.604846	0.555577	0.449534	0.30115	0.163104	0.0708209	0.0238519	
-0.0493609	-0.0493609	-0.049126	-0.0500551	-0.0490665	-0.0508581	-0.0496528	-0.0506572	-0.0506487	-0.0503154	-0.0501405	-0.0514645	-0.0497811	-0.0510954	-0.0526555	-0.0501541	-0.0511916	-0.0537946	-0.0495213	-0.0526477	-0.0528237	-0.051905	-0.0525886	-0.0574692	-0.0527657	-0.0521171	-0.0546359	-0.0568387	-0.0564527	-0.0537371	-0.0517549	-0.0507752	-0.0436972	-0.028809	-0.0107111	0.0251685	0.0771807	0.146395	0.233369	0.342552	0.45035	0.545521	0.59588	0.599056	0.542693	0.42574	0.266219	0.12431	0.0256173	-0.0296313	
-0.0490845	-0.0490845	-0.0485739	-0.0507978	-0.0485744	-0.0527666	-0.0489199	-0.0525571	-0.0503162	-0.0502758	-0.052053	-0.0492903	-0.0530261	-0.0506174	-0.0531963	-0.0522165	-0.0526383	-0.0530425	-0.0503222	-0.0533274	-0.0544117	-0.0514411	-0.0558799	-0.0551155	-0.0521171	-0.0518697	-0.0603079	-0.0559307	-0.0531028	-0.0526198	-0.057149	-0.0492823	-0.0419344	-0.0294567	-0.00959152	0.0274023	0.0779494	0.147917	0.239217	0.345415	0.453501	0.544256	0.594429	0.594063	0.530846	0.403415	0.237231	0.0931905	-0.0166568	-0.0813829	
-0.0531749	-0.0531749	-0.0516055	-0.0520701	-0.050268	-0.0490077	-0.0490472	-0.04877	-0.0481575	-0.0503008	-0.0510658	-0.0497503	-0.0543652	-0.0502203	-0.0527861	-0.0519169	-0.0511185	-0.0537359	-0.0531041	-0.0559375	-0.0550421	-0.0543405	-0.0566696	-0.0534657	-0.0546359	-0.0603079	-0.0597641	-0.052521	-0.0549628	-0.0618802	-0.0573453	-0.0461816	-0.0449188	-0.034827	-0.00847373	0.027569	0.0758239	0.148668	0.24134	0.346365	0.453625	0.542584	0.593758	0.58931	0.520178	0.383358	0.218517	0.0667806	-0.0528223	-0.129868	
-0.0492642	-0.0492642	-0.0496861	-0.0499107	-0.0517819	-0.0507515	-0.0540729	-0.0521499	-0.0533902	-0.0542555	-0.050324	-0.0531654	-0.0507538	-0.0484402	-0.0526769	-0.0499552	-0.0514907	-0.0541283	-0.0515907	-0.0532631	-0.0513438	-0.0526366	-0.0533849	-0.0539966	-0.0568387	-0.0559307	-0.052521	-0.0548424	-0.0588795	-0.0581497	-0.0498173	-0.0470283	-0.0486144	-0.0307004	-0.00223158	0.0280188	0.0768054	0.154404	0.246451	0.350206	0.45617	0.545825	0.596604	0.588009	0.510266	0.371132	0.204841	0.044003	-0.0893513	-0.175192	
-0.050384	-0.050384	-0.050106	-0.0511295	-0.0509619	-0.0513944	-0.0520947	-0.051456	-0.0517331	-0.0519575	-0.0508157	-0.0525682	-0.0520232	-0.0535351	-0.0549773	-0.0539187	-0.0551863	-0.0539831	-0.052575	-0.0537137	-0.0529514	-0.0566457	-0.053363	-0.0566094	-0.0564527	-0.0531028	-0.0549628	-0.0588795	-0.0564569	-0.0545613	-0.0523936	-0.0512638	-0.0472705	-0.0259446	-0.00445095	0.0243582	0.0777945	0.157589	0.245153	0.34893	0.454158	0.546356	0.594546	0.581074	0.498147	0.361614	0.192443	0.0206858	-0.122371	-0.213185	
-0.0538784	-0.0538784	-0.0530238	-0.0533724	-0.0506974	-0.0520403	-0.0484157	-0.0501451	-0.0490697	-0.0492538	-0.0519496	-0.0512768	-0.0538759	-0.0525909	-0.0533692	-0.0526354	-0.0507095	-0.0537607	-0.0526737	-0.0537834	-0.056765	-0.0553975	-0.0547322	-0.0574227	-0.0537371	-0.0526198	-0.0618802	-0.0581497	-0.0545613	-0.0559461	-0.0560819	-0.0513269	-0.045145	-0.026993	-0.00869632	0.0238545	0.0813575	0.157239	0.243426	0.348113	0.455967	0.548506	0.593701	0.576008	0.493936	0.360892	0.184118	0.00297455	-0.146735	-0.240257	
-0.0516508	-0.0516508	-0.0502558	-0.0523115	-0.0507298	-0.0519938	-0.0526167	-0.0533333	-0.05296	-0.0543458	-0.0526773	-0.0504065	-0.0520625	-0.0473537	-0.0495101	-0.0492658	-0.0495488	-0.052287	-0.0508655	-0.0531911	-0.0531878	-0.049318	-0.0508357	-0.0520618	-0.0517549	-0.057149	-0.0573453	-0.0498173	-0.0523936	-0.0560819	-0.053432	-0.0477071	-0.0412971	-0.0260155	-0.00758552	0.0291093	0.0856543	0.15764	0.244791	0.351644	0.46104	0.551215	0.593387	0.574201	0.497518	0.362035	0.176508	-0.0121951	-0.163238	-0.263018	
-0.0482391	-0.0482391	-0.0490981	-0.0497398	-0.0513053	-0.0520729	-0.0524425	-0.0526967	-0.0517696	-0.0516108	-0.0502996	-0.0509186	-0.0511325	-0.0498511	-0.0535893	-0.0514848	-0.0512716	-0.0533709	-0.048633	-0.0486382	-0.0461468	-0.0469553	-0.0509795	-0.0508086	-0.0507752	-0.0492823	-0.0461816	-0.0470283	-0.0512638	-0.0513269	-0.0477071	-0.0410154	-0.0351841	-0.0247132	-0.00313294	0.0360701	0.088648	0.157584	0.247491	0.355547	0.463235	0.549952	0.590002	0.574597	0.50057	0.358749	0.165689	-0.0237784	-0.17486	-0.28237	
-0.0538848	-0.0538848	-0.0521445	-0.0523075	-0.0494808	-0.0479491	-0.047146	-0.0452398	-0.0446599	-0.0459227	-0.0446243	-0.0462301	-0.0476944	-0.0465562	-0.0482762	-0.0458363	-0.0455768	-0.0431733	-0.0420426	-0.0451285	-0.046379	-0.0488072	-0.0461851	-0.0446029	-0.0436972	-0.0419344	-0.0449188	-0.0486144	-0.0472705	-0.045145	-0.0412971	-0.0351841	-0.036347	-0.0238072	0.00452871	0.0414557	0.0865064	0.15846	0.252043	0.359189	0.463744	0.549104	0.592645	0.582877	0.508127	0.359557	0.165648	-0.0199703	-0.1735	-0.29182	
-0.0465505	-0.0465505	-0.0465026	-0.0463706	-0.0457627	-0.0463551	-0.044842	-0.04577	-0.0450607	-0.0443473	-0.044374	-0.0423797	-0.0407294	-0.0367344	-0.0356362	-0.0328163	-0.0310214	-0.0354132	-0.0343943	-0.0344993	-0.0327594	-0.0300708	-0.0268028	-0.0285596	-0.028809	-0.0294567	-0.034827	-0.0307004	-0.0259446	-0.026993	-0.0260155	-0.0247132	-0.0238072	-0.00224523	0.0244433	0.0501032	0.0964664	0.175605	0.267624	0.369667	0.471623	0.559446	0.606678	0.598907	0.517446	0.365106	0.174503	-0.009717	-0.171288	-0.301792	
-0.0377115	-0.0377115	-0.036307	-0.0393661	-0.0377638	-0.0391839	-0.0397192	-0.0382953	-0.036864	-0.0355402	-0.0309493	-0.0281724	-0.0270114	-0.0233969	-0.025142	-0.0238381	-0.02371	-0.021513	-0.0158067	-0.0140234	-0.0121438	-0.00863797	-0.00971655	-0.0123418	-0.0107111	-0.00959152	-0.00847373	-0.00223158	-0.00445095	-0.00869632	-0.00758552	-0.00313294	0.00452871	0.0244433	0.0381281	0.0634845	0.11977	0.197729	0.281295	0.379784	0.484447	0.57442	0.624685	0.612945	0.527267	0.377838	0.192962	0.00666511	-0.165021	-0.304978	
-0.029387	-0.029387	-0.0289617	-0.0275517	-0.025445	-0.0235227	-0.0194486	-0.0170704	-0.0140315	-0.0112391	-0.0104623	-0.00924502	-0.00847325	-0.00547439	-0.00438685	0.00124135	0.00684459	0.00786853	0.0136011	0.0141008	0.0169651	0.0172543	0.0170247	0.020136	0.0251685	0.0274023	0.027569	0.0280188	0.0243582	0.0238545	0.0291093	0.0360701	0.0414557	0.0501032	0.0634845	0.0997607	0.156366	0.223186	0.302311	0.404678	0.510601	0.60255	0.650733	0.635195	0.55064	0.408745	0.226705	0.0325057	-0.147742	-0.294626	
-0.00647923	-0.00647923	-0.00376626	-0.00433383	0.000162799	0.00228352	0.00433602	0.00824908	0.0110388	0.0133946	0.0192947	0.0234745	0.0285076	0.0357491	0.0396323	0.0460168	0.0489947	0.0532764	0.0581033	0.0588884	0.061184	0.0658567	0.0706687	0.0751921	0.0771807	0.0779494	0.0758239	0.0768054	0.0777945	0.0813575	0.0856543	0.088648	0.0865064	0.0964664	0.11977	0.156366	0.201166	0.26257	0.346786	0.449716	0.555608	0.64576	0.691038	0.673928	0.59699	0.461401	0.274153	0.0712223	-0.116232	-0.268594	
0.0386041	0.0386041	0.0388607	0.0391941	0.0409481	0.0418477	0.0458092	0.0492712	0.0538262	0.06067	0.0660619	0.0731938	0.0799442	0.0881543	0.0934488	0.101105	0.108191	0.110782	0.118012	0.123046	0.131908	0.137875	0.142705	0.144484	0.146395	0.147917	0.148668	0.154404	0.157589	0.157239	0.15764	0.157584	0.15846	0.175605	0.197729	0.223186	0.26257	0.329018	0.412767	0.513028	0.615936	0.703478	0.743878	0.731993	0.663763	0.526276	0.33073	0.12075	-0.0691794	-0.22548	
0.098354	0.098354	0.101221	0.100772	0.105988	0.109388	0.113424	0.120321	0.126289	0.132634	0.141776	0.148678	0.156356	0.164357	0.169828	0.177973	0.184253	0.192502	0.204139	0.211023	0.216297	0.222706	0.225563	0.228575	0.233369	0.239217	0.24134	0.246451	0.245153	0.243426	0.244791	0.247491	0.252043	0.267624	0.281295	0.302311	0.346786	0.412767	0.49322	0.590372	0.69209	0.773761	0.817338	0.816344	0.751833	0.608318	0.406563	0.197817	0.00660869	-0.15332	
0.193436	0.193436	0.195156	0.196657	0.201759	0.205218	0.212048	0.218839	0.224652	0.23338	0.239211	0.246299	0.253607	0.262386	0.270064	0.281246	0.291659	0.29906	0.307854	0.311724	0.319492	0.324953	0.329597	0.335737	0.342552	0.345415	0.346365	0.350206	0.34893	0.348113	0.351644	0.355547	0.359189	0.369667	0.379784	0.404678	0.449716	0.513028	0.590372	0.686591	0.781811	0.864139	0.917897	0.923932	0.855471	0.705104	0.506574	0.300024	0.107142	-0.0574203	
0.328511	0.328511	0.331048	0.331168	0.33566	0.338796	0.341818	0.347173	0.351172	0.356096	0.363387	0.369581	0.378247	0.386435	0.393755	0.401993	0.407434	0.412665	0.420989	0.425554	0.430509	0.436983	0.441515	0.446915	0.45035	0.453501	0.453625	0.45617	0.454158	0.455967	0.46104	0.463235	0.463744	0.471623	0.484447	0.510601	0.555608	0.615936	0.69209	0.781811	0.877115	0.968883	1.03158	1.03601	0.962015	0.817015	0.625886	0.42291	0.227276	0.0560904	
0.507818	0.507818	0.508458	0.505756	0.507052	0.504563	0.504845	0.506059	0.505152	0.50888	0.509901	0.512178	0.515075	0.517588	0.519177	0.522871	0.524927	0.527184	0.530162	0.530485	0.535455	0.539507	0.541449	0.544169	0.545521	0.544256	0.542584	0.545825	0.546356	0.548506	0.551215	0.549952	0.549104	0.559446	0.57442	0.60255	0.64576	0.703478	0.773761	0.864139	0.968883	1.0696	1.13131	1.13097	1.06463	0.931328	0.750059	0.548834	0.351259	0.172683	
0.712685	0.712685	0.712308	0.708672	0.706093	0.701515	0.695482	0.690638	0.683217	0.676586	0.669964	0.661609	0.655271	0.646799	0.638934	0.631966	0.624772	0.618268	0.616709	0.613402	0.611273	0.608636	0.603811	0.599909	0.59588	0.594429	0.593758	0.596604	0.594546	0.593701	0.593387	0.590002	0.592645	0.606678	0.624685	0.650733	0.691038	0.743878	0.817338	0.917897	1.03158	1.13131	1.18894	1.19862	1.14908	1.03174	0.858687	0.662823	0.464435	0.276359	
0.928078	0.928078	0.926969	0.919217	0.914091	0.902149	0.889825	0.876486	0.857194	0.840592	0.818979	0.79691	0.775963	0.753236	0.732885	0.71555	0.697587	0.683642	0.669399	0.652681	0.638738	0.626173	0.612339	0.604846	0.599056	0.594063	0.58931	0.588009	0.581074	0.576008	0.574201	0.574597	0.582877	0.598907	0.612945	0.635195	0.673928	0.731993	0.816344	0.923932	1.03601	1.13097	1.19862	1.22705	1.19736	1.09179	0.930153	0.740493	0.538366	0.345587	
1.12589	1.12589	1.12143	1.11125	1.09727	1.07827	1.05413	1.02798	0.995942	0.963716	0.929205	0.89329	0.860109	0.824995	0.79243	0.759852	0.727246	0.694698	0.664455	0.634808	0.610413	0.588227	0.5695	0.555577	0.542693	0.530846	0.520178	0.510266	0.498147	0.493936	0.497518	0.50057	0.508127	0.517446	0.527267	0.55064	0.59699	0.663763	0.751833	0.855471	0.962015	1.06463	1.14908	1.19736	1.18091	1.08914	0.93946	0.752816	0.549294	0.360483	
1.25946	1.25946	1.25324	1.23652	1.21711	1.1883	1.15554	1.11975	1.07699	1.03601	0.989614	0.942256	0.895868	0.844151	0.794874	0.745275	0.694085	0.64872	0.605433	0.565328	0.530439	0.501218	0.471952	0.449534	0.42574	0.403415	0.383358	0.371132	0.361614	0.360892	0.362035	0.358749	0.359557	0.365106	0.377838	0.408745	0.461401	0.526276	0.608318	0.705104	0.817015	0.931328	1.03174	1.09179	1.08914	1.01081	0.869561	0.686435	0.48901	0.318091	
1.27154	1.27154	1.26488	1.25065	1.23066	1.20432	1.17108	1.13483	1.09013	1.0434	0.990745	0.933399	0.875019	0.811495	0.750148	0.687824	0.627562	0.572269	0.518255	0.46854	0.424271	0.380623	0.338974	0.30115	0.266219	0.237231	0.218517	0.204841	0.192443	0.184118	0.176508	0.165689	0.165648	0.174503	0.192962	0.226705	0.274153	0.33073	0.406563	0.506574	0.625886	0.750059	0.858687	0.930153	0.93946	0.869561	0.735044	0.560349	0.380596	0.228612	
1.15231	1.15231	1.14753	1.13749	1.12283	1.10174	1.07548	1.04339	1.00314	0.960367	0.90897	0.854091	0.798491	0.735905	0.676547	0.615582	0.553275	0.49394	0.433737	0.374814	0.316151	0.260191	0.206277	0.163104	0.12431	0.0931905	0.0667806	0.044003	0.0206858	0.00297455	-0.0121951	-0.0237784	-0.0199703	-0.009717	0.00666511	0.0325057	0.0712223	0.12075	0.197817	0.300024	0.42291	0.548834	0.662823	0.740493	0.752816	0.686435	0.560349	0.4025	0.238548	0.0949526	
0.917906	0.917906	0.91509	0.907782	0.897737	0.884101	0.864718	0.844247	0.816692	0.787642	0.753836	0.716219	0.676577	0.630012	0.584017	0.530881	0.47367	0.417461	0.352895	0.290131	0.229025	0.171173	0.11803	0.0708209	0.0256173	-0.0166568	-0.0528223	-0.0893513	-0.122371	-0.146735	-0.163238	-0.17486	-0.1735	-0.171288	-0.165021	-0.147742	-0.116232	-0.0691794	0.00660869	0.107142	0.227276	0.351259	0.464435	0.538366	0.549294	0.48901	0.380596	0.238548	0.0805959	-0.0678643	
0.585686	0.585686	0.583898	0.58493	0.582282	0.580819	0.579029	0.575298	0.569984	0.564307	0.553261	0.539156	0.522068	0.496032	0.466766	0.429578	0.386329	0.339206	0.286738	0.235791	0.183719	0.129855	0.0757973	0.0238519	-0.0296313	-0.0813829	-0.129868	-0.175192	-0.213185	-0.240257	-0.263018	-0.28237	-0.29182	-0.301792	-0.304978	-0.294626	-0.268594	-0.22548	-0.15332	-0.0574203	0.0560904	0.172683	0.276359	0.345587	0.360483	0.318091	0.228612	0.0949526	-0.0678643	-0.227265	
