1.34011e-10	1.20157e-11	9.65047e-13	6.97609e-14	4.55885e-15	2.70422e-16	1.46151e-17	7.22162e-19	3.27282e-20	1.3644e-21	5.24658e-23	1.86558e-24	6.14845e-26	1.88221e-27	5.36282e-29	1.42477e-30	3.5357e-32	8.20886e-34	1.78574e-35	3.64491e-37	6.98961e-39	1.26079e-40	2.14166e-42	3.42947e-44	5.18207e-46	7.39561e-48	9.97721e-50	1.27336e-51	1.53857e-53	1.76119e-55	1.91112e-57	1.96703e-59	1.92137e-61	1.78195e-63	1.56985e-65	1.31423e-67	1.04589e-69	7.91498e-72	5.69738e-74	3.90183e-76	2.54281e-78	1.57719e-80	9.31179e-83	5.23353e-85	2.80021e-87	1.42634e-89	6.91637e-92	3.19245e-94	1.40839e-96	1.40839e-96	
1.20157e-11	1.02067e-12	7.78549e-14	5.35683e-15	3.33864e-16	1.89212e-17	9.78586e-19	4.63394e-20	2.01523e-21	8.07139e-23	2.98505e-24	1.02184e-25	3.245e-27	9.5796e-29	2.63403e-30	6.7579e-32	1.62049e-33	3.63746e-35	7.65411e-37	1.5119e-38	2.8069e-40	4.9036e-42	8.06978e-44	1.2523e-45	1.83428e-47	2.53816e-49	3.32062e-51	4.11055e-53	4.81799e-55	5.35057e-57	5.6333e-59	5.62594e-61	5.33231e-63	4.79871e-65	4.10206e-67	3.33204e-69	2.57274e-71	1.88879e-73	1.31881e-75	8.75967e-78	5.5357e-80	3.32886e-82	1.90502e-84	1.03755e-86	5.3781e-89	2.65309e-91	1.24552e-93	5.56386e-96	2.37421e-98	2.37421e-98	
9.65047e-13	7.78549e-14	5.65234e-15	3.7089e-16	2.20836e-17	1.19759e-18	5.93529e-20	2.69678e-21	1.12665e-22	4.33958e-24	1.54494e-25	5.09552e-27	1.56034e-28	4.44499e-30	1.18019e-31	2.92563e-33	6.7822e-35	1.4725e-36	2.99838e-38	5.73357e-40	1.03086e-41	1.74464e-43	2.78226e-45	4.18508e-47	5.94318e-49	7.97468e-51	1.01188e-52	1.21503e-54	1.38158e-56	1.48857e-58	1.52061e-60	1.4735e-62	1.3551e-64	1.18324e-66	9.81355e-69	7.73357e-71	5.79253e-73	4.12485e-75	2.79317e-77	1.79894e-79	1.10213e-81	6.42376e-84	3.56218e-86	1.87943e-88	9.43441e-91	4.50564e-93	2.04697e-95	8.8454e-98	3.64912e-100	3.64912e-100	
6.97609e-14	5.35683e-15	3.7089e-16	2.32496e-17	1.32459e-18	6.8831e-20	3.27302e-21	1.42855e-22	5.73918e-24	2.12786e-25	7.29843e-27	2.32103e-28	6.85813e-30	1.88644e-31	4.83926e-33	1.15968e-34	2.60017e-36	5.46258e-38	1.07676e-39	1.99392e-41	3.4728e-43	5.6952e-45	8.80317e-47	1.28375e-48	1.76775e-50	2.30044e-52	2.83129e-54	3.29796e-56	3.63812e-58	3.8031e-60	3.76935e-62	3.54389e-64	3.16211e-66	2.67877e-68	2.15532e-70	1.6476e-72	1.19694e-74	8.26577e-77	5.42711e-79	3.38844e-81	2.012e-83	1.13629e-85	6.10377e-88	3.11857e-90	1.51545e-92	7.00359e-95	3.07776e-97	1.2859e-99	5.12596e-102	5.12596e-102	
4.55885e-15	3.33864e-16	2.20836e-17	1.32459e-18	7.23114e-20	3.60519e-21	1.64673e-22	6.91136e-24	2.67261e-25	9.54627e-27	3.157e-28	9.68728e-30	2.76372e-31	7.34455e-33	1.82127e-34	4.22113e-36	9.15766e-38	1.86232e-39	3.55474e-41	6.37641e-43	1.07611e-44	1.71043e-46	2.56305e-48	3.62415e-50	4.83978e-52	6.10881e-54	7.29321e-56	8.24148e-58	8.82036e-60	8.94564e-62	8.60215e-64	7.84656e-66	6.79228e-68	5.58191e-70	4.35642e-72	3.22987e-74	2.27542e-76	1.52353e-78	9.69686e-81	5.86758e-83	3.37579e-85	1.84672e-87	9.60595e-90	4.75094e-92	2.23401e-94	9.9863e-97	4.24293e-99	1.71307e-101	6.59477e-104	6.59477e-104	
2.70422e-16	1.89212e-17	1.19759e-18	6.8831e-20	3.60519e-21	1.72653e-22	7.58324e-24	3.06341e-25	1.14122e-26	3.93015e-28	1.25404e-29	3.7153e-31	1.02401e-32	2.63049e-34	6.3085e-36	1.41468e-37	2.97079e-39	5.85007e-41	1.08163e-42	1.87993e-44	3.07488e-46	4.7379e-48	6.88382e-50	9.43941e-52	1.22262e-53	1.49691e-55	1.73368e-57	1.90061e-59	1.97344e-61	1.94179e-63	1.81152e-65	1.60303e-67	1.34609e-69	1.07299e-71	8.12168e-74	5.83904e-76	3.98826e-78	2.58853e-80	1.59668e-82	9.3609e-85	5.21656e-87	2.76328e-89	1.39134e-91	6.65848e-94	3.02836e-96	1.30876e-98	5.37333e-101	2.09531e-103	7.78512e-106	7.78512e-106	
1.46151e-17	9.78586e-19	5.93529e-20	3.27302e-21	1.64673e-22	7.58324e-24	3.20582e-25	1.2476e-26	4.481e-28	1.48891e-29	4.58687e-31	1.31282e-32	3.49757e-34	8.68895e-36	2.01616e-37	4.37626e-39	8.89866e-41	1.69733e-42	3.04065e-44	5.12182e-46	8.12095e-48	1.21324e-49	1.7094e-51	2.27339e-53	2.85616e-55	3.39226e-57	3.81143e-59	4.05368e-61	4.08341e-63	3.89794e-65	3.52768e-67	3.02811e-69	2.46631e-71	1.90661e-73	1.39939e-75	9.75413e-78	6.45801e-80	4.062e-82	2.42752e-84	1.37849e-86	7.43827e-89	3.81388e-91	1.85808e-93	8.60046e-96	3.78158e-98	1.57919e-100	6.26183e-103	2.3569e-105	8.44642e-108	8.44642e-108	
7.22162e-19	4.63394e-20	2.69678e-21	1.42855e-22	6.91136e-24	3.06341e-25	1.2476e-26	4.68107e-28	1.62216e-29	5.20386e-31	1.54872e-32	4.28456e-34	1.1039e-35	2.6533e-37	5.95911e-39	1.25245e-40	2.46675e-42	4.55868e-44	7.91453e-46	1.29232e-47	1.98666e-49	2.87811e-51	3.93288e-53	5.07335e-55	6.18292e-57	7.12386e-59	7.76503e-61	8.01192e-63	7.82949e-65	7.25019e-67	6.3647e-69	5.299e-71	4.18553e-73	3.13749e-75	2.23256e-77	1.50838e-79	9.6779e-82	5.89756e-84	3.41368e-86	1.87696e-88	9.8032e-91	4.86344e-93	2.29163e-95	1.02544e-97	4.35671e-100	1.75708e-102	6.72482e-105	2.44162e-107	8.43383e-110	8.43383e-110	
3.27282e-20	2.01523e-21	1.12665e-22	5.73918e-24	2.67261e-25	1.14122e-26	4.481e-28	1.62216e-29	5.42722e-31	1.68193e-32	4.83833e-34	1.29444e-35	3.22669e-37	7.50668e-39	1.63243e-40	3.32314e-42	6.34131e-44	1.13572e-45	1.91133e-47	3.02583e-49	4.51061e-51	6.33748e-53	8.39974e-55	1.05107e-56	1.24262e-58	1.38893e-60	1.46869e-62	1.47008e-64	1.39358e-66	1.25174e-68	1.06578e-70	8.60509e-73	6.59055e-75	4.78947e-77	3.30338e-79	2.1628e-81	1.3444e-83	7.93483e-86	4.44705e-88	2.36667e-90	1.19597e-92	5.73838e-95	2.6139e-97	1.13017e-99	4.63716e-102	1.80509e-104	6.664e-107	2.33234e-109	7.75949e-112	7.75949e-112	
1.3644e-21	8.07139e-23	4.33958e-24	2.12786e-25	9.54627e-27	3.93015e-28	1.48891e-29	5.20386e-31	1.68193e-32	5.0382e-34	1.40157e-35	3.62787e-37	8.75293e-39	1.97166e-40	4.15288e-42	8.19075e-44	1.5147e-45	2.62961e-47	4.29056e-49	6.58647e-51	9.52213e-53	1.29764e-54	1.66832e-56	2.0251e-58	2.32255e-60	2.51839e-62	2.58335e-64	2.5083e-66	2.30638e-68	2.00923e-70	1.659e-72	1.29879e-74	9.64341e-77	6.79263e-79	4.53996e-81	2.87967e-83	1.73367e-85	9.90718e-88	5.37416e-90	2.76719e-92	1.35241e-94	6.27286e-97	2.76086e-99	1.15279e-101	4.56526e-104	1.71416e-106	6.1001e-109	2.05652e-111	6.58451e-114	6.58451e-114	
5.24658e-23	2.98505e-24	1.54494e-25	7.29843e-27	3.157e-28	1.25404e-29	4.58687e-31	1.54872e-32	4.83833e-34	1.40157e-35	3.77227e-37	9.45072e-39	2.20775e-40	4.81678e-42	9.82948e-44	1.87877e-45	3.36778e-47	5.66842e-49	8.96829e-51	1.33516e-52	1.87219e-54	2.47479e-56	3.08644e-58	3.6344e-60	4.04355e-62	4.25327e-64	4.23218e-66	3.98578e-68	3.55447e-70	3.00284e-72	2.40406e-74	1.82455e-76	1.31306e-78	8.96249e-81	5.80322e-83	3.56504e-85	2.07804e-87	1.14937e-89	6.03218e-92	3.00386e-94	1.41916e-96	6.36009e-99	2.70325e-101	1.08941e-103	4.16137e-106	1.50613e-108	5.16274e-111	1.67521e-113	5.15752e-116	5.15752e-116	
1.86558e-24	1.02184e-25	5.09552e-27	2.32103e-28	9.68728e-30	3.7153e-31	1.31282e-32	4.28456e-34	1.29444e-35	3.62787e-37	9.45072e-39	2.29251e-40	5.18708e-42	1.09643e-43	2.16831e-45	4.01725e-47	6.98151e-49	1.13943e-50	1.74831e-52	2.52447e-54	3.43361e-56	4.40282e-58	5.32664e-60	6.08462e-62	6.5669e-64	6.70036e-66	6.46675e-68	5.90665e-70	5.10806e-72	4.18411e-74	3.24737e-76	2.38876e-78	1.66583e-80	1.10153e-82	6.90771e-85	4.10858e-87	2.3179e-89	1.24036e-91	6.29558e-94	3.03053e-96	1.38336e-98	5.98696e-101	2.45596e-103	9.54659e-106	3.51504e-108	1.22541e-110	4.04284e-113	1.26154e-115	3.73121e-118	3.73121e-118	
6.14845e-26	3.245e-27	1.56034e-28	6.85813e-30	2.76372e-31	1.02401e-32	3.49757e-34	1.1039e-35	3.22669e-37	8.75293e-39	2.20775e-40	5.18708e-42	1.13707e-43	2.32923e-45	4.46492e-47	8.01988e-49	1.35147e-50	2.13907e-52	3.18332e-54	4.45856e-56	5.8825e-58	7.31713e-60	8.58745e-62	9.51562e-64	9.96179e-66	9.85865e-68	9.22798e-70	8.17355e-72	6.85348e-74	5.44213e-76	4.09375e-78	2.91802e-80	1.97134e-82	1.26247e-84	7.66507e-87	4.41247e-89	2.4084e-91	1.24637e-93	6.11515e-96	2.84414e-98	1.25372e-100	5.23669e-103	2.072e-105	7.76331e-108	2.75326e-110	9.23804e-113	2.93091e-115	8.787e-118	2.49425e-120	2.49425e-120	
1.88221e-27	9.5796e-29	4.44499e-30	1.88644e-31	7.34455e-33	2.63049e-34	8.68895e-36	2.6533e-37	7.50668e-39	1.97166e-40	4.81678e-42	1.09643e-43	2.32923e-45	4.62485e-47	8.59499e-49	1.49698e-50	2.44643e-52	3.75556e-54	5.42111e-56	7.36524e-58	9.42649e-60	1.13744e-61	1.29491e-63	1.39182e-65	1.41326e-67	1.35644e-69	1.23122e-71	1.05735e-73	8.59461e-76	6.61461e-78	4.82147e-80	3.32933e-82	2.17831e-84	1.35061e-86	7.93652e-89	4.42013e-91	2.33316e-93	1.16716e-95	5.5328e-98	2.48494e-100	1.05718e-102	4.25909e-105	1.62433e-107	5.862e-110	2.00089e-112	6.45606e-115	1.96793e-117	5.66291e-120	1.54107e-122	1.54107e-122	
5.36282e-29	2.63403e-30	1.18019e-31	4.83926e-33	1.82127e-34	6.3085e-36	2.01616e-37	5.95911e-39	1.63243e-40	4.15288e-42	9.82948e-44	2.16831e-45	4.46492e-47	8.59499e-49	1.54885e-50	2.61612e-52	4.14663e-54	6.1744e-56	8.6455e-58	1.13942e-59	1.41463e-61	1.6558e-63	1.82847e-65	1.90619e-67	1.87715e-69	1.7471e-71	1.53756e-73	1.28003e-75	1.00842e-77	7.52037e-80	5.31034e-82	3.55128e-84	2.24956e-86	1.34992e-88	7.67436e-91	4.13338e-93	2.109e-95	1.01933e-97	4.6661e-100	2.02256e-102	8.29931e-105	3.22279e-107	1.18386e-109	4.11189e-112	1.34966e-114	4.18394e-117	1.2241e-119	3.37733e-122	8.80103e-125	8.80103e-125	
1.42477e-30	6.7579e-32	2.92563e-33	1.15968e-34	4.22113e-36	1.41468e-37	4.37626e-39	1.25245e-40	3.32314e-42	8.19075e-44	1.87877e-45	4.01725e-47	8.01988e-49	1.49698e-50	2.61612e-52	4.28575e-54	6.58903e-56	9.51702e-58	1.29267e-59	1.65263e-61	1.99031e-63	2.25969e-65	2.42027e-67	2.447e-69	2.33672e-71	2.10864e-73	1.79893e-75	1.4515e-77	1.10804e-79	8.00494e-82	5.47423e-84	3.54431e-86	2.1729e-88	1.26149e-90	6.9354e-93	3.61072e-95	1.77998e-97	8.30754e-100	3.67015e-102	1.5344e-104	6.06869e-107	2.26981e-109	8.02462e-112	2.68022e-114	8.45212e-117	2.51483e-119	7.05444e-122	1.86399e-124	4.64552e-127	4.64552e-127	
3.5357e-32	1.62049e-33	6.7822e-35	2.60017e-36	9.15766e-38	2.97079e-39	8.89866e-41	2.46675e-42	6.34131e-44	1.5147e-45	3.36778e-47	6.98151e-49	1.35147e-50	2.44643e-52	4.14663e-54	6.58903e-56	9.82643e-58	1.37679e-59	1.81405e-61	2.24968e-63	2.62802e-65	2.89394e-67	3.00603e-69	2.94715e-71	2.72865e-73	2.38694e-75	1.97363e-77	1.54305e-79	1.1411e-81	7.98368e-84	5.28581e-86	3.31218e-88	1.9645e-90	1.10292e-92	5.86126e-95	2.94821e-97	1.40345e-99	6.32155e-102	2.69363e-104	1.08544e-106	4.13489e-109	1.48841e-111	5.06009e-114	1.62372e-116	4.91458e-119	1.40201e-121	3.76636e-124	9.51867e-127	2.26571e-129	2.26571e-129	
8.20886e-34	3.63746e-35	1.4725e-36	5.46258e-38	1.86232e-39	5.85007e-41	1.69733e-42	4.55868e-44	1.13572e-45	2.62961e-47	5.66842e-49	1.13943e-50	2.13907e-52	3.75556e-54	6.1744e-56	9.51702e-58	1.37679e-59	1.87125e-61	2.39165e-63	2.87694e-65	3.25964e-67	3.48113e-69	3.50639e-71	3.33304e-73	2.99146e-75	2.53622e-77	2.03199e-79	1.539e-81	1.10219e-83	7.46582e-86	4.78385e-88	2.90006e-90	1.66339e-92	9.02695e-95	4.63478e-97	2.25118e-99	1.03422e-101	4.49306e-104	1.8453e-106	7.16197e-109	2.62575e-111	9.08887e-114	2.96858e-116	9.14281e-119	2.65321e-121	7.24853e-124	1.86249e-126	4.49601e-129	1.02057e-131	1.02057e-131	
1.78574e-35	7.65411e-37	2.99838e-38	1.07676e-39	3.55474e-41	1.08163e-42	3.04065e-44	7.91453e-46	1.91133e-47	4.29056e-49	8.96829e-51	1.74831e-52	3.18332e-54	5.42111e-56	8.6455e-58	1.29267e-59	1.81405e-61	2.39165e-63	2.965e-65	3.4593e-67	3.80116e-69	3.93642e-71	3.84426e-73	3.54232e-75	3.08133e-77	2.53134e-79	1.96465e-81	1.44104e-83	9.99159e-86	6.55006e-88	4.06041e-90	2.38037e-92	1.31973e-94	6.91946e-97	3.43062e-99	1.60812e-101	7.12558e-104	2.9837e-106	1.18026e-108	4.4086e-111	1.55423e-113	5.16861e-116	1.62027e-118	4.78445e-121	1.32965e-123	3.47443e-126	8.52713e-129	1.96321e-131	4.24287e-134	4.24287e-134	
3.64491e-37	1.5119e-38	5.73357e-40	1.99392e-41	6.37641e-43	1.87993e-44	5.12182e-46	1.29232e-47	3.02583e-49	6.58647e-51	1.33516e-52	2.52447e-54	4.45856e-56	7.36524e-58	1.13942e-59	1.65263e-61	2.24968e-63	2.87694e-65	3.4593e-67	3.91418e-69	4.17064e-71	4.18753e-73	3.96427e-75	3.54035e-77	2.98405e-79	2.37474e-81	1.78494e-83	1.26751e-85	8.50547e-88	5.39427e-90	3.23371e-92	1.83243e-94	9.81532e-97	4.96939e-99	2.37775e-101	1.075e-103	4.59108e-106	1.85159e-108	7.0489e-111	2.53185e-113	8.57537e-116	2.73705e-118	8.22636e-121	2.32628e-123	6.18347e-126	1.54331e-128	3.61244e-131	7.91928e-134	1.6266e-136	1.6266e-136	
6.98961e-39	2.8069e-40	1.03086e-41	3.4728e-43	1.07611e-44	3.07488e-46	8.12095e-48	1.98666e-49	4.51061e-51	9.52213e-53	1.87219e-54	3.43361e-56	5.8825e-58	9.42649e-60	1.41463e-61	1.99031e-63	2.62802e-65	3.25964e-67	3.80116e-69	4.17064e-71	4.30858e-73	4.19357e-75	3.84765e-77	3.32955e-79	2.71858e-81	2.0952e-83	1.52465e-85	1.04782e-87	6.80225e-90	4.17187e-92	2.4174e-94	1.32346e-96	6.84536e-99	3.34469e-101	1.54352e-103	6.72601e-106	2.76667e-108	1.07384e-110	3.93106e-113	1.35651e-115	4.40968e-118	1.34942e-120	3.884e-123	1.0505e-125	2.6671e-128	6.34871e-131	1.41498e-133	2.94836e-136	5.74409e-139	5.74409e-139	
1.26079e-40	4.9036e-42	1.74464e-43	5.6952e-45	1.71043e-46	4.7379e-48	1.21324e-49	2.87811e-51	6.33748e-53	1.29764e-54	2.47479e-56	4.40282e-58	7.31713e-60	1.13744e-61	1.6558e-63	2.25969e-65	2.89394e-67	3.48113e-69	3.93642e-71	4.18753e-73	4.19357e-75	3.95585e-77	3.51689e-79	2.94812e-81	2.33117e-83	1.73937e-85	1.22496e-87	8.14441e-90	5.11293e-92	3.03106e-94	1.69687e-96	8.97053e-99	4.47778e-101	2.11015e-103	9.38583e-106	3.93921e-108	1.55941e-110	5.82016e-113	2.04691e-115	6.77923e-118	2.11286e-120	6.19179e-123	1.70456e-125	4.40351e-128	1.06626e-130	2.41672e-133	5.11958e-136	1.01194e-138	1.86594e-141	1.86594e-141	
2.14166e-42	8.06978e-44	2.78226e-45	8.80317e-47	2.56305e-48	6.88382e-50	1.7094e-51	3.93288e-53	8.39974e-55	1.66832e-56	3.08644e-58	5.32664e-60	8.58745e-62	1.29491e-63	1.82847e-65	2.42027e-67	3.00603e-69	3.50639e-71	3.84426e-73	3.96427e-75	3.84765e-77	3.51689e-79	3.02883e-81	2.45885e-83	1.88233e-85	1.35925e-87	9.26086e-90	5.95428e-92	3.61315e-94	2.0694e-96	1.11868e-98	5.70733e-101	2.7477e-103	1.24802e-105	5.3465e-108	2.15952e-110	8.22048e-113	2.94757e-115	9.94933e-118	3.15923e-120	9.42926e-123	2.64291e-125	6.94936e-128	1.7122e-130	3.94761e-133	8.50427e-136	1.70896e-138	3.19739e-141	5.5667e-144	5.5667e-144	
3.42947e-44	1.2523e-45	4.18508e-47	1.28375e-48	3.62415e-50	9.43941e-52	2.27339e-53	5.07335e-55	1.05107e-56	2.0251e-58	3.6344e-60	6.08462e-62	9.51562e-64	1.39182e-65	1.90619e-67	2.447e-69	2.94715e-71	3.33304e-73	3.54232e-75	3.54035e-77	3.32955e-79	2.94812e-81	2.45885e-83	1.93253e-85	1.43177e-87	1.00023e-89	6.59008e-92	4.09557e-94	2.40107e-96	1.32791e-98	6.92766e-101	3.40882e-103	1.58176e-105	6.9196e-108	2.85285e-110	1.10804e-112	4.05215e-115	1.3945e-117	4.51286e-120	1.37228e-122	3.9174e-125	1.04874e-127	2.62998e-130	6.16985e-133	1.35205e-135	2.763e-138	5.25556e-141	9.28501e-144	1.52223e-146	1.52223e-146	
5.18207e-46	1.83428e-47	5.94318e-49	1.76775e-50	4.83978e-52	1.22262e-53	2.85616e-55	6.18292e-57	1.24262e-58	2.32255e-60	4.04355e-62	6.5669e-64	9.96179e-66	1.41326e-67	1.87715e-69	2.33672e-71	2.72865e-73	2.99146e-75	3.08133e-77	2.98405e-79	2.71858e-81	2.33117e-83	1.88233e-85	1.43177e-87	1.02623e-89	6.93278e-92	4.41514e-94	2.65095e-96	1.50071e-98	8.00975e-101	4.03019e-103	1.91136e-105	8.54212e-108	3.5963e-110	1.42574e-112	5.31992e-115	1.86725e-117	6.1608e-120	1.90929e-122	5.55292e-125	1.51405e-127	3.86573e-130	9.23051e-133	2.05819e-135	4.27846e-138	8.27595e-141	1.48646e-143	2.47316e-146	3.80664e-149	3.80664e-149	
7.39561e-48	2.53816e-49	7.97468e-51	2.30044e-52	6.10881e-54	1.49691e-55	3.39226e-57	7.12386e-59	1.38893e-60	2.51839e-62	4.25327e-64	6.70036e-66	9.85865e-68	1.35644e-69	1.7471e-71	2.10864e-73	2.38694e-75	2.53622e-77	2.53134e-79	2.37474e-81	2.0952e-83	1.73937e-85	1.35925e-87	1.00023e-89	6.93278e-92	4.52707e-94	2.7854e-96	1.61492e-98	8.8227e-101	4.54163e-103	2.2025e-105	1.00605e-107	4.32706e-110	1.75173e-112	6.67177e-115	2.3893e-117	8.04024e-120	2.54042e-122	7.53004e-125	2.09175e-127	5.43935e-130	1.32236e-132	3.00108e-135	6.34776e-138	1.249e-140	2.28134e-143	3.85888e-146	6.02827e-149	8.68174e-152	8.68174e-152	
9.97721e-50	3.32062e-51	1.01188e-52	2.83129e-54	7.29321e-56	1.73368e-57	3.81143e-59	7.76503e-61	1.46869e-62	2.58335e-64	4.23218e-66	6.46675e-68	9.22798e-70	1.23122e-71	1.53756e-73	1.79893e-75	1.97363e-77	2.03199e-79	1.96465e-81	1.78494e-83	1.52465e-85	1.22496e-87	9.26086e-90	6.59008e-92	4.41514e-94	2.7854e-96	1.65487e-98	9.25935e-101	4.87888e-103	2.42063e-105	1.13063e-107	4.97019e-110	2.05555e-112	7.99453e-115	2.92233e-117	1.00337e-119	3.23339e-122	9.77126e-125	2.76634e-127	7.32883e-130	1.8146e-132	4.19293e-135	9.0267e-138	1.80722e-140	3.35776e-143	5.77577e-146	9.17302e-149	1.34094e-151	1.80006e-154	1.80006e-154	
1.27336e-51	4.11055e-53	1.21503e-54	3.29796e-56	8.24148e-58	1.90061e-59	4.05368e-61	8.01192e-63	1.47008e-64	2.5083e-66	3.98578e-68	5.90665e-70	8.17355e-72	1.05735e-73	1.28003e-75	1.4515e-77	1.54305e-79	1.539e-81	1.44104e-83	1.26751e-85	1.04782e-87	8.14441e-90	5.95428e-92	4.09557e-94	2.65095e-96	1.61492e-98	9.25935e-101	4.99674e-103	2.53761e-105	1.2126e-107	5.45077e-110	2.30406e-112	9.15459e-115	3.41716e-117	1.19758e-119	3.93761e-122	1.21363e-124	3.503e-127	9.45826e-130	2.38588e-132	5.61475e-135	1.23068e-137	2.50782e-140	4.74104e-143	8.29554e-146	1.33978e-148	1.99114e-151	2.71333e-154	3.38024e-157	3.38024e-157	
1.53857e-53	4.81799e-55	1.38158e-56	3.63812e-58	8.82036e-60	1.97344e-61	4.08341e-63	7.82949e-65	1.39358e-66	2.30638e-68	3.55447e-70	5.10806e-72	6.85348e-74	8.59461e-76	1.00842e-77	1.10804e-79	1.1411e-81	1.10219e-83	9.99159e-86	8.50547e-88	6.80225e-90	5.11293e-92	3.61315e-94	2.40107e-96	1.50071e-98	8.8227e-101	4.87888e-103	2.53761e-105	1.24122e-107	5.70809e-110	2.46725e-112	1.00193e-114	3.82071e-117	1.36732e-119	4.58889e-122	1.44308e-124	4.24822e-127	1.16943e-129	3.00646e-132	7.20819e-135	1.60911e-137	3.33842e-140	6.42371e-143	1.14365e-145	1.87886e-148	2.83954e-151	3.93385e-154	4.97537e-157	5.72337e-160	5.72337e-160	
1.76119e-55	5.35057e-57	1.48857e-58	3.8031e-60	8.94564e-62	1.94179e-63	3.89794e-65	7.25019e-67	1.25174e-68	2.00923e-70	3.00284e-72	4.18411e-74	5.44213e-76	6.61461e-78	7.52037e-80	8.00494e-82	7.98368e-84	7.46582e-86	6.55006e-88	5.39427e-90	4.17187e-92	3.03106e-94	2.0694e-96	1.32791e-98	8.00975e-101	4.54163e-103	2.42063e-105	1.2126e-107	5.70809e-110	2.52415e-112	1.04816e-114	4.0852e-117	1.49355e-119	5.11853e-122	1.64299e-124	4.93493e-127	1.38551e-129	3.63151e-132	8.87359e-135	2.01813e-137	4.2643e-140	8.35401e-143	1.5138e-145	2.5305e-148	3.89018e-151	5.48057e-154	7.04695e-157	8.23058e-160	8.69154e-163	8.69154e-163	
1.91112e-57	5.6333e-59	1.52061e-60	3.76935e-62	8.60215e-64	1.81152e-65	3.52768e-67	6.3647e-69	1.06578e-70	1.659e-72	2.40406e-74	3.24737e-76	4.09375e-78	4.82147e-80	5.31034e-82	5.47423e-84	5.28581e-86	4.78385e-88	4.06041e-90	3.23371e-92	2.4174e-94	1.69687e-96	1.11868e-98	6.92766e-101	4.03019e-103	2.2025e-105	1.13063e-107	5.45077e-110	2.46725e-112	1.04816e-114	4.17734e-117	1.56094e-119	5.46501e-122	1.79131e-124	5.49187e-127	1.57319e-129	4.2055e-132	1.04767e-134	2.42838e-137	5.22761e-140	1.04302e-142	1.92429e-145	3.27396e-148	5.12121e-151	7.33901e-154	9.59619e-157	1.13945e-159	1.22181e-162	1.1763e-165	1.1763e-165	
1.96703e-59	5.62594e-61	1.4735e-62	3.54389e-64	7.84656e-66	1.60303e-67	3.02811e-69	5.299e-71	8.60509e-73	1.29879e-74	1.82455e-76	2.38876e-78	2.91802e-80	3.32933e-82	3.55128e-84	3.54431e-86	3.31218e-88	2.90006e-90	2.38037e-92	1.83243e-94	1.32346e-96	8.97053e-99	5.70733e-101	3.40882e-103	1.91136e-105	1.00605e-107	4.97019e-110	2.30406e-112	1.00193e-114	4.0852e-117	1.56094e-119	5.58559e-122	1.87037e-124	5.85555e-127	1.71211e-129	4.66981e-132	1.1865e-134	2.80385e-137	6.15151e-140	1.25043e-142	2.34953e-145	4.06992e-148	6.47963e-151	9.44821e-154	1.25666e-156	1.5174e-159	1.65415e-162	1.61722e-165	1.40787e-168	1.40787e-168	
1.92137e-61	5.33231e-63	1.3551e-64	3.16211e-66	6.79228e-68	1.34609e-69	2.46631e-71	4.18553e-73	6.59055e-75	9.64341e-77	1.31306e-78	1.66583e-80	1.97134e-82	2.17831e-84	2.24956e-86	2.1729e-88	1.9645e-90	1.66339e-92	1.31973e-94	9.81532e-97	6.84536e-99	4.47778e-101	2.7477e-103	1.58176e-105	8.54212e-108	4.32706e-110	2.05555e-112	9.15459e-115	3.82071e-117	1.49355e-119	5.46501e-122	1.87037e-124	5.98202e-127	1.78608e-129	4.97248e-132	1.28905e-134	3.10683e-137	6.94929e-140	1.43966e-142	2.75592e-145	4.86199e-148	7.88097e-151	1.16962e-153	1.58288e-156	1.94418e-159	2.15524e-162	2.14218e-165	1.89394e-168	1.47607e-171	1.47607e-171	
1.78195e-63	4.79871e-65	1.18324e-66	2.67877e-68	5.58191e-70	1.07299e-71	1.90661e-73	3.13749e-75	4.78947e-77	6.79263e-79	8.96249e-81	1.10153e-82	1.26247e-84	1.35061e-86	1.34992e-88	1.26149e-90	1.10292e-92	9.02695e-95	6.91946e-97	4.96939e-99	3.34469e-101	2.11015e-103	1.24802e-105	6.9196e-108	3.5963e-110	1.75173e-112	7.99453e-115	3.41716e-117	1.36732e-119	5.11853e-122	1.79131e-124	5.85555e-127	1.78608e-129	5.07764e-132	1.34358e-134	3.304e-137	7.53742e-140	1.59198e-142	3.10588e-145	5.58237e-148	9.21567e-151	1.39249e-153	1.91805e-156	2.39708e-159	2.70301e-162	2.73208e-165	2.45567e-168	1.94387e-171	1.33965e-174	1.33965e-174	
1.56985e-65	4.10206e-67	9.81355e-69	2.15532e-70	4.35642e-72	8.12168e-74	1.39939e-75	2.23256e-77	3.30338e-79	4.53996e-81	5.80322e-83	6.90771e-85	7.66507e-87	7.93652e-89	7.67436e-91	6.9354e-93	5.86126e-95	4.63478e-97	3.43062e-99	2.37775e-101	1.54352e-103	9.38583e-106	5.3465e-108	2.85285e-110	1.42574e-112	6.67177e-115	2.92233e-117	1.19758e-119	4.58889e-122	1.64299e-124	5.49187e-127	1.71211e-129	4.97248e-132	1.34358e-134	3.37245e-137	7.84976e-140	1.69095e-142	3.36336e-145	6.16094e-148	1.0362e-150	1.59459e-153	2.23624e-156	2.84449e-159	3.26365e-162	3.35548e-165	3.06701e-168	2.46818e-171	1.72781e-174	1.03657e-177	1.03657e-177	
1.31423e-67	3.33204e-69	7.73357e-71	1.6476e-72	3.22987e-74	5.83904e-76	9.75413e-78	1.50838e-79	2.1628e-81	2.87967e-83	3.56504e-85	4.10858e-87	4.41247e-89	4.42013e-91	4.13338e-93	3.61072e-95	2.94821e-97	2.25118e-99	1.60812e-101	1.075e-103	6.72601e-106	3.93921e-108	2.15952e-110	1.10804e-112	5.31992e-115	2.3893e-117	1.00337e-119	3.93761e-122	1.44308e-124	4.93493e-127	1.57319e-129	4.66981e-132	1.28905e-134	3.304e-137	7.84976e-140	1.72528e-142	3.49995e-145	6.53628e-148	1.12038e-150	1.75654e-153	2.50882e-156	3.24905e-159	3.79419e-162	3.9692e-165	3.69036e-168	3.02005e-171	2.1493e-174	1.30988e-177	6.70174e-181	6.70174e-181	
1.04589e-69	2.57274e-71	5.79253e-73	1.19694e-74	2.27542e-76	3.98826e-78	6.45801e-80	9.6779e-82	1.3444e-83	1.73367e-85	2.07804e-87	2.3179e-89	2.4084e-91	2.33316e-93	2.109e-95	1.77998e-97	1.40345e-99	1.03422e-101	7.12558e-104	4.59108e-106	2.76667e-108	1.55941e-110	8.22048e-113	4.05215e-115	1.86725e-117	8.04024e-120	3.23339e-122	1.21363e-124	4.24822e-127	1.38551e-129	4.2055e-132	1.1865e-134	3.10683e-137	7.53742e-140	1.69095e-142	3.49995e-145	6.66637e-148	1.16498e-150	1.86146e-153	2.70863e-156	3.57254e-159	4.24757e-162	4.5226e-165	4.27846e-168	3.56154e-171	2.57753e-174	1.59699e-177	8.3009e-181	3.52153e-184	3.52153e-184	
7.91498e-72	1.88879e-73	4.12485e-75	8.26577e-77	1.52353e-78	2.58853e-80	4.062e-82	5.89756e-84	7.93483e-86	9.90718e-88	1.14937e-89	1.24036e-91	1.24637e-93	1.16716e-95	1.01933e-97	8.30754e-100	6.32155e-102	4.49306e-104	2.9837e-106	1.85159e-108	1.07384e-110	5.82016e-113	2.94757e-115	1.3945e-117	6.1608e-120	2.54042e-122	9.77126e-125	3.503e-127	1.16943e-129	3.63151e-132	1.04767e-134	2.80385e-137	6.94929e-140	1.59198e-142	3.36336e-145	6.53628e-148	1.16498e-150	1.89779e-153	2.81439e-156	3.7818e-159	4.57934e-162	4.96421e-165	4.77984e-168	4.04851e-171	2.98035e-174	1.87779e-177	9.92281e-181	4.27706e-184	1.44445e-187	1.44445e-187	
5.69738e-74	1.31881e-75	2.79317e-77	5.42711e-79	9.69686e-81	1.59668e-82	2.42752e-84	3.41368e-86	4.44705e-88	5.37416e-90	6.03218e-92	6.29558e-94	6.11515e-96	5.5328e-98	4.6661e-100	3.67015e-102	2.69363e-104	1.8453e-106	1.18026e-108	7.0489e-111	3.93106e-113	2.04691e-115	9.94933e-118	4.51286e-120	1.90929e-122	7.53004e-125	2.76634e-127	9.45826e-130	3.00646e-132	8.87359e-135	2.42838e-137	6.15151e-140	1.43966e-142	3.10588e-145	6.16094e-148	1.12038e-150	1.86146e-153	2.81439e-156	3.85423e-159	4.75475e-162	5.24948e-165	5.14611e-168	4.43634e-171	3.32299e-174	2.12968e-177	1.14442e-180	5.01485e-184	1.7209e-187	4.33775e-191	4.33775e-191	
3.90183e-76	8.75967e-78	1.79894e-79	3.38844e-81	5.86758e-83	9.3609e-85	1.37849e-86	1.87696e-88	2.36667e-90	2.76719e-92	3.00386e-94	3.03053e-96	2.84414e-98	2.48494e-100	2.02256e-102	1.5344e-104	1.08544e-106	7.16197e-109	4.4086e-111	2.53185e-113	1.35651e-115	6.77923e-118	3.15923e-120	1.37228e-122	5.55292e-125	2.09175e-127	7.32883e-130	2.38588e-132	7.20819e-135	2.01813e-137	5.22761e-140	1.25043e-142	2.75592e-145	5.58237e-148	1.0362e-150	1.75654e-153	2.70863e-156	3.7818e-159	4.75475e-162	5.34815e-165	5.33957e-168	4.68654e-171	3.57289e-174	2.3299e-177	1.27354e-180	5.67502e-184	1.97983e-187	5.07123e-191	8.48107e-195	8.48107e-195	
2.54281e-78	5.5357e-80	1.10213e-81	2.012e-83	3.37579e-85	5.21656e-87	7.43827e-89	9.8032e-91	1.19597e-92	1.35241e-94	1.41916e-96	1.38336e-98	1.25372e-100	1.05718e-102	8.29931e-105	6.06869e-107	4.13489e-109	2.62575e-111	1.55423e-113	8.57537e-116	4.40968e-118	2.11286e-120	9.42926e-123	3.9174e-125	1.51405e-127	5.43935e-130	1.8146e-132	5.61475e-135	1.60911e-137	4.2643e-140	1.04302e-142	2.34953e-145	4.86199e-148	9.21567e-151	1.59459e-153	2.50882e-156	3.57254e-159	4.57934e-162	5.24948e-165	5.33957e-168	4.77302e-171	3.70476e-174	2.4589e-177	1.36756e-180	6.1988e-184	2.19913e-187	5.72662e-191	9.73302e-195	8.10031e-199	8.10031e-199	
1.57719e-80	3.32886e-82	6.42376e-84	1.13629e-85	1.84672e-87	2.76328e-89	3.81388e-91	4.86344e-93	5.73838e-95	6.27286e-97	6.36009e-99	5.98696e-101	5.23669e-103	4.25909e-105	3.22279e-107	2.26981e-109	1.48841e-111	9.08887e-114	5.16861e-116	2.73705e-118	1.34942e-120	6.19179e-123	2.64291e-125	1.04874e-127	3.86573e-130	1.32236e-132	4.19293e-135	1.23068e-137	3.33842e-140	8.35401e-143	1.92429e-145	4.06992e-148	7.88097e-151	1.39249e-153	2.23624e-156	3.24905e-159	4.24757e-162	4.96421e-165	5.14611e-168	4.68654e-171	3.70476e-174	2.50345e-177	1.41713e-180	6.53585e-184	2.35857e-187	6.24568e-191	1.07917e-194	9.12836e-199	0	0	
9.31179e-83	1.90502e-84	3.56218e-86	6.10377e-88	9.60595e-90	1.39134e-91	1.85808e-93	2.29163e-95	2.6139e-97	2.76086e-99	2.70325e-101	2.45596e-103	2.072e-105	1.62433e-107	1.18386e-109	8.02462e-112	5.06009e-114	2.96858e-116	1.62027e-118	8.22636e-121	3.884e-123	1.70456e-125	6.94936e-128	2.62998e-130	9.23051e-133	3.00108e-135	9.0267e-138	2.50782e-140	6.42371e-143	1.5138e-145	3.27396e-148	6.47963e-151	1.16962e-153	1.91805e-156	2.84449e-159	3.79419e-162	4.5226e-165	4.77984e-168	4.43634e-171	3.57289e-174	2.4589e-177	1.41713e-180	6.6522e-184	2.44256e-187	6.57929e-191	1.15604e-194	9.94114e-199	0	0	0	
5.23353e-85	1.03755e-86	1.87943e-88	3.11857e-90	4.75094e-92	6.65848e-94	8.60046e-96	1.02544e-97	1.13017e-99	1.15279e-101	1.08941e-103	9.54659e-106	7.76331e-108	5.862e-110	4.11189e-112	2.68022e-114	1.62372e-116	9.14281e-119	4.78445e-121	2.32628e-123	1.0505e-125	4.40351e-128	1.7122e-130	6.16985e-133	2.05819e-135	6.34776e-138	1.80722e-140	4.74104e-143	1.14365e-145	2.5305e-148	5.12121e-151	9.44821e-154	1.58288e-156	2.39708e-159	3.26365e-162	3.9692e-165	4.27846e-168	4.04851e-171	3.32299e-174	2.3299e-177	1.36756e-180	6.53585e-184	2.44256e-187	6.69439e-191	1.19649e-194	1.04629e-198	0	0	0	0	
2.80021e-87	5.3781e-89	9.43441e-91	1.51545e-92	2.23401e-94	3.02836e-96	3.78158e-98	4.35671e-100	4.63716e-102	4.56526e-104	4.16137e-106	3.51504e-108	2.75326e-110	2.00089e-112	1.34966e-114	8.45212e-117	4.91458e-119	2.65321e-121	1.32965e-123	6.18347e-126	2.6671e-128	1.06626e-130	3.94761e-133	1.35205e-135	4.27846e-138	1.249e-140	3.35776e-143	8.29554e-146	1.87886e-148	3.89018e-151	7.33901e-154	1.25666e-156	1.94418e-159	2.70301e-162	3.35548e-165	3.69036e-168	3.56154e-171	2.98035e-174	2.12968e-177	1.27354e-180	6.1988e-184	2.35857e-187	6.57929e-191	1.19649e-194	1.06429e-198	0	0	0	0	0	
1.42634e-89	2.65309e-91	4.50564e-93	7.00359e-95	9.9863e-97	1.30876e-98	1.57919e-100	1.75708e-102	1.80509e-104	1.71416e-106	1.50613e-108	1.22541e-110	9.23804e-113	6.45606e-115	4.18394e-117	2.51483e-119	1.40201e-121	7.24853e-124	3.47443e-126	1.54331e-128	6.34871e-131	2.41672e-133	8.50427e-136	2.763e-138	8.27595e-141	2.28134e-143	5.77577e-146	1.33978e-148	2.83954e-151	5.48057e-154	9.59619e-157	1.5174e-159	2.15524e-162	2.73208e-165	3.06701e-168	3.02005e-171	2.57753e-174	1.87779e-177	1.14442e-180	5.67502e-184	2.19913e-187	6.24568e-191	1.15604e-194	1.04629e-198	0	0	0	0	0	0	
6.91637e-92	1.24552e-93	2.04697e-95	3.07776e-97	4.24293e-99	5.37333e-101	6.26183e-103	6.72482e-105	6.664e-107	6.1001e-109	5.16274e-111	4.04284e-113	2.93091e-115	1.96793e-117	1.2241e-119	7.05444e-122	3.76636e-124	1.86249e-126	8.52713e-129	3.61244e-131	1.41498e-133	5.11958e-136	1.70896e-138	5.25556e-141	1.48646e-143	3.85888e-146	9.17302e-149	1.99114e-151	3.93385e-154	7.04695e-157	1.13945e-159	1.65415e-162	2.14218e-165	2.45567e-168	2.46818e-171	2.1493e-174	1.59699e-177	9.92281e-181	5.01485e-184	1.97983e-187	5.72662e-191	1.07917e-194	9.94114e-199	0	0	0	0	0	0	0	
3.19245e-94	5.56386e-96	8.8454e-98	1.2859e-99	1.71307e-101	2.09531e-103	2.3569e-105	2.44162e-107	2.33234e-109	2.05652e-111	1.67521e-113	1.26154e-115	8.787e-118	5.66291e-120	3.37733e-122	1.86399e-124	9.51867e-127	4.49601e-129	1.96321e-131	7.91928e-134	2.94836e-136	1.01194e-138	3.19739e-141	9.28501e-144	2.47316e-146	6.02827e-149	1.34094e-151	2.71333e-154	4.97537e-157	8.23058e-160	1.22181e-162	1.61722e-165	1.89394e-168	1.94387e-171	1.72781e-174	1.30988e-177	8.3009e-181	4.27706e-184	1.7209e-187	5.07123e-191	9.73302e-195	9.12836e-199	0	0	0	0	0	0	0	0	
1.40839e-96	2.37421e-98	3.64912e-100	5.12596e-102	6.59477e-104	7.78512e-106	8.44642e-108	8.43383e-110	7.75949e-112	6.58451e-114	5.15752e-116	3.73121e-118	2.49425e-120	1.54107e-122	8.80103e-125	4.64552e-127	2.26571e-129	1.02057e-131	4.24287e-134	1.6266e-136	5.74409e-139	1.86594e-141	5.5667e-144	1.52223e-146	3.80664e-149	8.68174e-152	1.80006e-154	3.38024e-157	5.72337e-160	8.69154e-163	1.1763e-165	1.40787e-168	1.47607e-171	1.33965e-174	1.03657e-177	6.70174e-181	3.52153e-184	1.44445e-187	4.33775e-191	8.48107e-195	8.10031e-199	0	0	0	0	0	0	0	0	0	
1.40839e-96	2.37421e-98	3.64912e-100	5.12596e-102	6.59477e-104	7.78512e-106	8.44642e-108	8.43383e-110	7.75949e-112	6.58451e-114	5.15752e-116	3.73121e-118	2.49425e-120	1.54107e-122	8.80103e-125	4.64552e-127	2.26571e-129	1.02057e-131	4.24287e-134	1.6266e-136	5.74409e-139	1.86594e-141	5.5667e-144	1.52223e-146	3.80664e-149	8.68174e-152	1.80006e-154	3.38024e-157	5.72337e-160	8.69154e-163	1.1763e-165	1.40787e-168	1.47607e-171	1.33965e-174	1.03657e-177	6.70174e-181	3.52153e-184	1.44445e-187	4.33775e-191	8.48107e-195	8.10031e-199	0	0	0	0	0	0	0	0	0	
