0.0955033	0.0224552	-0.0710213	-0.176642	-0.27534	-0.33387	-0.335475	-0.27572	-0.161752	-0.0181638	0.132988	0.279588	0.417568	0.521648	0.576113	0.586105	0.56651	0.529964	0.477563	0.411383	0.328616	0.241766	0.169532	0.123915	0.0954545	0.0623395	0.0133481	-0.0532799	-0.128953	-0.208221	-0.275995	-0.320298	-0.33516	-0.318037	-0.283347	-0.24235	-0.207394	-0.196041	-0.220085	-0.272259	-0.333627	-0.392663	-0.435967	-0.456325	-0.443837	-0.391996	-0.321528	-0.257354	-0.219966	-0.219966	
0.0224552	-0.05788	-0.160675	-0.266675	-0.350405	-0.387304	-0.362194	-0.275475	-0.143468	0.0111856	0.170253	0.322364	0.455325	0.5485	0.585904	0.578488	0.540109	0.486047	0.423814	0.353486	0.276765	0.202442	0.152959	0.137549	0.137128	0.128402	0.101664	0.0518539	-0.017986	-0.10291	-0.194078	-0.271655	-0.320922	-0.33681	-0.32713	-0.305676	-0.281211	-0.270193	-0.283122	-0.319325	-0.363132	-0.401599	-0.433214	-0.448967	-0.431882	-0.373606	-0.293575	-0.217246	-0.172644	-0.172644	
-0.0710213	-0.160675	-0.270141	-0.361616	-0.413578	-0.41239	-0.355543	-0.249635	-0.110285	0.0516278	0.215611	0.365531	0.490061	0.571008	0.594599	0.578359	0.530881	0.463426	0.387919	0.310699	0.24033	0.183529	0.153153	0.153685	0.169841	0.183405	0.178035	0.139788	0.0813502	-0.00619294	-0.116404	-0.224409	-0.309889	-0.359969	-0.382978	-0.385986	-0.373711	-0.362509	-0.367836	-0.383951	-0.401726	-0.41688	-0.430027	-0.433619	-0.405218	-0.336933	-0.242148	-0.149151	-0.0975693	-0.0975693	
-0.176642	-0.266675	-0.361616	-0.423404	-0.436861	-0.392505	-0.305901	-0.185554	-0.0365628	0.12544	0.279586	0.418302	0.525075	0.589342	0.605239	0.583904	0.529511	0.442	0.350362	0.269935	0.207237	0.166862	0.155053	0.167549	0.196768	0.226736	0.235272	0.212707	0.157961	0.0646253	-0.0511135	-0.175885	-0.287746	-0.367198	-0.42251	-0.45475	-0.465217	-0.465194	-0.465673	-0.464049	-0.456366	-0.443017	-0.428946	-0.412915	-0.367459	-0.280246	-0.172486	-0.0698065	-0.00957852	-0.00957852	
-0.27534	-0.350405	-0.413578	-0.436861	-0.407323	-0.329875	-0.217814	-0.0795824	0.0741346	0.22714	0.362915	0.478886	0.564135	0.605241	0.610012	0.586849	0.521059	0.423435	0.32187	0.230117	0.171382	0.148395	0.153967	0.182224	0.22191	0.261462	0.281867	0.263612	0.206657	0.111756	-0.00739324	-0.133339	-0.25198	-0.355562	-0.443125	-0.507372	-0.543133	-0.555761	-0.553385	-0.535137	-0.500893	-0.460692	-0.423875	-0.384694	-0.321705	-0.22422	-0.108413	-0.00135414	0.0590787	0.0590787	
-0.33387	-0.387304	-0.41239	-0.392505	-0.329875	-0.223936	-0.0932011	0.0550107	0.206805	0.341385	0.455779	0.550672	0.604709	0.619989	0.610543	0.575042	0.504189	0.400762	0.284904	0.184404	0.128543	0.120213	0.144644	0.187241	0.238098	0.287133	0.316666	0.305617	0.247135	0.153786	0.0415958	-0.0856512	-0.212477	-0.334031	-0.448583	-0.538506	-0.59289	-0.613717	-0.606648	-0.576908	-0.526041	-0.465015	-0.411031	-0.35239	-0.27543	-0.175968	-0.0643305	0.0315646	0.0876667	0.0876667	
-0.335475	-0.362194	-0.355543	-0.305901	-0.217814	-0.0932011	0.0467909	0.190683	0.32625	0.439393	0.534734	0.608201	0.644984	0.645087	0.621852	0.574744	0.494302	0.37824	0.245419	0.138956	0.0880661	0.0908296	0.135339	0.198114	0.256737	0.309797	0.345749	0.342728	0.290016	0.196783	0.0810637	-0.0448309	-0.17509	-0.313588	-0.447459	-0.550386	-0.613888	-0.635655	-0.617756	-0.575801	-0.511102	-0.442193	-0.377779	-0.308156	-0.234066	-0.143538	-0.0526392	0.0209325	0.0677003	0.0677003	
-0.27572	-0.275475	-0.249635	-0.185554	-0.0795824	0.0550107	0.190683	0.316453	0.4267	0.512544	0.581153	0.634108	0.66344	0.658405	0.627038	0.579113	0.496458	0.375297	0.235276	0.123502	0.0691582	0.0809177	0.139835	0.206797	0.264755	0.319258	0.359308	0.363272	0.319106	0.235245	0.123794	1.01937e-05	-0.132758	-0.279088	-0.423396	-0.54225	-0.613129	-0.630944	-0.601021	-0.545883	-0.468942	-0.393853	-0.330022	-0.25748	-0.191265	-0.12462	-0.0619236	-0.0126494	0.0203462	0.0203462	
-0.161752	-0.143468	-0.110285	-0.0365628	0.0741346	0.206805	0.32625	0.4267	0.508604	0.563323	0.605356	0.643086	0.662189	0.649469	0.619039	0.579447	0.503526	0.387209	0.248546	0.134053	0.0765702	0.0876691	0.141066	0.201695	0.259118	0.311834	0.353625	0.371703	0.34449	0.271901	0.172782	0.056448	-0.0786952	-0.230946	-0.385333	-0.512518	-0.587807	-0.606728	-0.566191	-0.497017	-0.413951	-0.335858	-0.268704	-0.198345	-0.144898	-0.104021	-0.0751697	-0.052332	-0.0311701	-0.0311701	
-0.0181638	0.0111856	0.0516278	0.12544	0.22714	0.341385	0.439393	0.512544	0.563323	0.59662	0.62713	0.654255	0.661772	0.6448	0.616115	0.57507	0.501744	0.395354	0.264532	0.151084	0.0940048	0.0996053	0.140565	0.192437	0.247213	0.30281	0.357396	0.393988	0.381195	0.321032	0.224807	0.104834	-0.0316312	-0.18471	-0.341841	-0.473203	-0.551516	-0.570619	-0.52302	-0.44287	-0.352584	-0.274111	-0.206394	-0.137496	-0.0946031	-0.0745498	-0.0714827	-0.0647541	-0.0513699	-0.0513699	
0.132988	0.170253	0.215611	0.279586	0.362915	0.455779	0.534734	0.581153	0.605356	0.62713	0.651172	0.664854	0.665241	0.64739	0.611465	0.564217	0.492881	0.398641	0.280716	0.179654	0.128157	0.123217	0.145716	0.186966	0.241189	0.308925	0.385821	0.434919	0.431679	0.380233	0.284317	0.159165	0.0108799	-0.154317	-0.313624	-0.443493	-0.522333	-0.535739	-0.479235	-0.389416	-0.291077	-0.209347	-0.141761	-0.0753762	-0.0377525	-0.0310171	-0.0394495	-0.0348182	-0.0218771	-0.0218771	
0.279588	0.322364	0.365531	0.418302	0.478886	0.550672	0.608201	0.634108	0.643086	0.654255	0.664854	0.671901	0.668073	0.646319	0.603279	0.549949	0.487502	0.403436	0.306029	0.22336	0.173081	0.155198	0.165859	0.199112	0.257168	0.343994	0.432166	0.489518	0.49315	0.439877	0.340564	0.206184	0.0451224	-0.131608	-0.297057	-0.423191	-0.493552	-0.497501	-0.430698	-0.323722	-0.214624	-0.127639	-0.0561619	0.0052147	0.0336931	0.0279529	0.00847853	0.00563671	0.0185753	0.0185753	
0.417568	0.455325	0.490061	0.525075	0.564135	0.604709	0.644984	0.66344	0.662189	0.661772	0.665241	0.668073	0.660785	0.631733	0.584982	0.53615	0.479842	0.413809	0.344407	0.274851	0.221669	0.196289	0.199839	0.232155	0.301062	0.403504	0.502491	0.562044	0.562943	0.500411	0.389762	0.242392	0.061248	-0.125795	-0.285797	-0.398647	-0.450885	-0.437305	-0.358361	-0.235185	-0.111256	-0.0140792	0.0585362	0.104869	0.116523	0.088835	0.0505008	0.0402319	0.0454196	0.0454196	
0.521648	0.5485	0.571008	0.589342	0.605241	0.619989	0.645087	0.658405	0.649469	0.6448	0.64739	0.646319	0.631733	0.597688	0.554601	0.509938	0.469033	0.427027	0.382359	0.327277	0.276597	0.248125	0.243641	0.277124	0.361735	0.478128	0.584374	0.646453	0.636648	0.559945	0.437838	0.272303	0.0753276	-0.11934	-0.274291	-0.367394	-0.392399	-0.356494	-0.26687	-0.132367	-0.001774	0.102982	0.176324	0.208498	0.207081	0.161303	0.107517	0.0858229	0.0806413	0.0806413	
0.576113	0.585904	0.594599	0.605239	0.610012	0.610543	0.621852	0.627038	0.619039	0.616115	0.611465	0.603279	0.584982	0.554601	0.517241	0.480498	0.455956	0.434922	0.412333	0.372094	0.326805	0.292268	0.287573	0.330785	0.421545	0.536874	0.644114	0.707708	0.69597	0.616819	0.481849	0.300548	0.0952941	-0.101062	-0.247945	-0.321135	-0.325862	-0.277399	-0.181091	-0.0421124	0.0980885	0.2133	0.290082	0.3168	0.302539	0.250801	0.194405	0.162698	0.154743	0.154743	
0.586105	0.578488	0.578359	0.583904	0.586849	0.575042	0.574744	0.579113	0.579447	0.57507	0.564217	0.549949	0.53615	0.509938	0.480498	0.457485	0.44539	0.436392	0.4252	0.399252	0.358003	0.323291	0.31785	0.361502	0.449417	0.563861	0.671189	0.733586	0.726065	0.650417	0.513296	0.326903	0.122374	-0.0700249	-0.206229	-0.264188	-0.258657	-0.2009	-0.105558	0.0264911	0.174599	0.303245	0.392101	0.4277	0.416611	0.368423	0.311677	0.273621	0.256612	0.256612	
0.56651	0.540109	0.530881	0.529511	0.521059	0.504189	0.494302	0.496458	0.503526	0.501744	0.492881	0.487502	0.479842	0.469033	0.455956	0.44539	0.436728	0.429926	0.427063	0.408223	0.371171	0.334368	0.330476	0.37467	0.459211	0.569049	0.668666	0.732075	0.734412	0.662083	0.524051	0.338704	0.141024	-0.0357888	-0.159259	-0.208713	-0.198894	-0.144229	-0.0500439	0.079631	0.232966	0.379931	0.484356	0.532725	0.5323	0.493795	0.443825	0.402587	0.379968	0.379968	
0.529964	0.486047	0.463426	0.442	0.423435	0.400762	0.37824	0.375297	0.387209	0.395354	0.398641	0.403436	0.413809	0.427027	0.434922	0.436392	0.429926	0.427717	0.429101	0.416108	0.38165	0.342075	0.332405	0.371986	0.452145	0.554041	0.646451	0.707924	0.720143	0.656802	0.519772	0.339286	0.149137	-0.0129135	-0.121539	-0.169826	-0.158113	-0.104077	-0.0150368	0.115995	0.274629	0.433373	0.555816	0.620023	0.633735	0.61054	0.57023	0.529566	0.503826	0.503826	
0.477563	0.423814	0.387919	0.350362	0.32187	0.284904	0.245419	0.235276	0.248546	0.264532	0.280716	0.306029	0.344407	0.382359	0.412333	0.4252	0.427063	0.429101	0.430889	0.424845	0.390023	0.348323	0.333332	0.36231	0.437618	0.527745	0.610133	0.669183	0.676907	0.620944	0.492201	0.320311	0.143214	-0.00471527	-0.101078	-0.150756	-0.145328	-0.0915812	-0.000781812	0.129183	0.293865	0.46038	0.595345	0.678289	0.708987	0.704777	0.67523	0.638122	0.610942	0.610942	
0.411383	0.353486	0.310699	0.269935	0.230117	0.184404	0.138956	0.123502	0.134053	0.151084	0.179654	0.22336	0.274851	0.327277	0.372094	0.399252	0.408223	0.416108	0.424845	0.42196	0.386421	0.340445	0.319673	0.344532	0.411399	0.487219	0.556174	0.606168	0.617233	0.573687	0.456407	0.292766	0.12606	-0.0117419	-0.110148	-0.163387	-0.163617	-0.120143	-0.0271976	0.106239	0.273862	0.446272	0.593556	0.697003	0.745824	0.765819	0.755493	0.725847	0.706712	0.706712	
0.328616	0.276765	0.24033	0.207237	0.171382	0.128543	0.0880661	0.0691582	0.0765702	0.0940048	0.128157	0.173081	0.221669	0.276597	0.326805	0.358003	0.371171	0.38165	0.390023	0.386421	0.353337	0.311967	0.291796	0.313969	0.371714	0.441561	0.502114	0.543932	0.553496	0.516326	0.416116	0.262389	0.101993	-0.0385971	-0.147778	-0.212393	-0.229745	-0.195109	-0.101428	0.0302693	0.197655	0.377453	0.534252	0.659896	0.744314	0.792084	0.80767	0.802176	0.789075	0.789075	
0.241766	0.202442	0.183529	0.166862	0.148395	0.120213	0.0908296	0.0809177	0.0876691	0.0996053	0.123217	0.155198	0.196289	0.248125	0.292268	0.323291	0.334368	0.342075	0.348323	0.340445	0.311967	0.275345	0.261198	0.287206	0.340571	0.402957	0.455103	0.485036	0.495313	0.461902	0.370155	0.22796	0.0620455	-0.0940155	-0.218757	-0.299659	-0.333626	-0.307721	-0.223452	-0.0943516	0.0700945	0.249522	0.420445	0.569593	0.6903	0.774167	0.823518	0.844835	0.847248	0.847248	
0.169532	0.152959	0.153153	0.155053	0.153967	0.144644	0.135339	0.139835	0.141066	0.140565	0.145716	0.165859	0.199839	0.243641	0.287573	0.31785	0.330476	0.332405	0.333332	0.319673	0.291796	0.261198	0.25505	0.280432	0.327452	0.379066	0.420402	0.442524	0.444803	0.410803	0.319637	0.178908	0.00298365	-0.172258	-0.314078	-0.414532	-0.458624	-0.440872	-0.373358	-0.247766	-0.0900138	0.0819567	0.263553	0.433332	0.582003	0.699485	0.782833	0.825962	0.848184	0.848184	
0.123915	0.137549	0.153685	0.167549	0.182224	0.187241	0.198114	0.206797	0.201695	0.192437	0.186966	0.199112	0.232155	0.277124	0.330785	0.361502	0.37467	0.371986	0.36231	0.344532	0.313969	0.287206	0.280432	0.296485	0.335824	0.376912	0.40703	0.420723	0.405582	0.358584	0.262449	0.116402	-0.0718368	-0.266951	-0.426481	-0.537585	-0.589657	-0.580707	-0.521638	-0.408015	-0.262116	-0.0964242	0.0854154	0.263511	0.432594	0.570462	0.67199	0.738252	0.769951	0.769951	
0.0954545	0.137128	0.169841	0.196768	0.22191	0.238098	0.256737	0.264755	0.259118	0.247213	0.241189	0.257168	0.301062	0.361735	0.421545	0.449417	0.459211	0.452145	0.437618	0.411399	0.371714	0.340571	0.327452	0.335824	0.361859	0.391038	0.40794	0.407265	0.377634	0.31192	0.203539	0.0438897	-0.15573	-0.36441	-0.542233	-0.658742	-0.712697	-0.713588	-0.663555	-0.55994	-0.428935	-0.271832	-0.0926968	0.08509	0.26295	0.409021	0.517937	0.598847	0.635429	0.635429	
0.0623395	0.128402	0.183405	0.226736	0.261462	0.287133	0.309797	0.319258	0.311834	0.30281	0.308925	0.343994	0.403504	0.478128	0.536874	0.563861	0.569049	0.554041	0.527745	0.487219	0.441561	0.402957	0.379066	0.376912	0.391038	0.40722	0.410222	0.394675	0.350365	0.263462	0.141849	-0.0267315	-0.234109	-0.450944	-0.635165	-0.75755	-0.819965	-0.827215	-0.789098	-0.697263	-0.577773	-0.427087	-0.253847	-0.0765501	0.103794	0.247319	0.361319	0.445044	0.4858	0.4858	
0.0133481	0.101664	0.178035	0.235272	0.281867	0.316666	0.345749	0.359308	0.353625	0.357396	0.385821	0.432166	0.502491	0.584374	0.644114	0.671189	0.668666	0.646451	0.610133	0.556174	0.502114	0.455103	0.420402	0.40703	0.40794	0.410222	0.403457	0.371749	0.310309	0.209639	0.0789022	-0.0910787	-0.29601	-0.508579	-0.692238	-0.817876	-0.888843	-0.904339	-0.877891	-0.799216	-0.688344	-0.547438	-0.376974	-0.199377	-0.0236212	0.118101	0.23021	0.310389	0.353693	0.353693	
-0.0532799	0.0518539	0.139788	0.212707	0.263612	0.305617	0.342728	0.363272	0.371703	0.393988	0.434919	0.489518	0.562044	0.646453	0.707708	0.733586	0.732075	0.707924	0.669183	0.606168	0.543932	0.485036	0.442524	0.420723	0.407265	0.394675	0.371749	0.324264	0.25137	0.147107	0.00984501	-0.154577	-0.344669	-0.538518	-0.710565	-0.831181	-0.903593	-0.927111	-0.90085	-0.830454	-0.724149	-0.593007	-0.432212	-0.260763	-0.101511	0.0310481	0.131497	0.203219	0.243929	0.243929	
-0.128953	-0.017986	0.0813502	0.157961	0.206657	0.247135	0.290016	0.319106	0.34449	0.381195	0.431679	0.49315	0.562943	0.636648	0.69597	0.726065	0.734412	0.720143	0.676907	0.617233	0.553496	0.495313	0.444803	0.405582	0.377634	0.350365	0.310309	0.25137	0.171058	0.0655457	-0.0660649	-0.216321	-0.384735	-0.554344	-0.696059	-0.80064	-0.863174	-0.877966	-0.843956	-0.773707	-0.673511	-0.549122	-0.403519	-0.247211	-0.108012	0.000178429	0.0763712	0.129006	0.1568	0.1568	
-0.208221	-0.10291	-0.00619294	0.0646253	0.111756	0.153786	0.196783	0.235245	0.271901	0.321032	0.380233	0.439877	0.500411	0.559945	0.616819	0.650417	0.662083	0.656802	0.620944	0.573687	0.516326	0.461902	0.410803	0.358584	0.31192	0.263462	0.209639	0.147107	0.0655457	-0.0325935	-0.152571	-0.286981	-0.426769	-0.560365	-0.664993	-0.744564	-0.784114	-0.774751	-0.71983	-0.632081	-0.524393	-0.407503	-0.28009	-0.148882	-0.0450162	0.0288089	0.072372	0.0963543	0.108342	0.108342	
-0.275995	-0.194078	-0.116404	-0.0511135	-0.00739324	0.0415958	0.0810637	0.123794	0.172782	0.224807	0.284317	0.340564	0.389762	0.437838	0.481849	0.513296	0.524051	0.519772	0.492201	0.456407	0.416116	0.370155	0.319637	0.262449	0.203539	0.141849	0.0789022	0.00984501	-0.0660649	-0.152571	-0.253949	-0.364052	-0.472643	-0.562145	-0.628642	-0.670651	-0.67287	-0.634751	-0.548	-0.436184	-0.321748	-0.20557	-0.092964	0.0130732	0.0850001	0.125238	0.13674	0.124834	0.120946	0.120946	
-0.320298	-0.271655	-0.224409	-0.175885	-0.133339	-0.0856512	-0.0448309	1.01937e-05	0.056448	0.104834	0.159165	0.206184	0.242392	0.272303	0.300548	0.326903	0.338704	0.339286	0.320311	0.292766	0.262389	0.22796	0.178908	0.116402	0.0438897	-0.0267315	-0.0910787	-0.154577	-0.216321	-0.286981	-0.364052	-0.44556	-0.515206	-0.558014	-0.578523	-0.57219	-0.536988	-0.464693	-0.348982	-0.226019	-0.105026	0.0110468	0.109941	0.197355	0.252471	0.269669	0.257255	0.227304	0.203029	0.203029	
-0.33516	-0.320922	-0.309889	-0.287746	-0.25198	-0.212477	-0.17509	-0.132758	-0.0786952	-0.0316312	0.0108799	0.0451224	0.061248	0.0753276	0.0952941	0.122374	0.141024	0.149137	0.143214	0.12606	0.101993	0.0620455	0.00298365	-0.0718368	-0.15573	-0.234109	-0.29601	-0.344669	-0.384735	-0.426769	-0.472643	-0.515206	-0.537199	-0.529777	-0.5021	-0.45089	-0.380318	-0.276748	-0.143424	-0.0157821	0.11041	0.215855	0.30172	0.372549	0.408093	0.418679	0.3959	0.354184	0.321462	0.321462	
-0.318037	-0.33681	-0.359969	-0.367198	-0.355562	-0.334031	-0.313588	-0.279088	-0.230946	-0.18471	-0.154317	-0.131608	-0.125795	-0.11934	-0.101062	-0.0700249	-0.0357888	-0.0129135	-0.00471527	-0.0117419	-0.0385971	-0.0940155	-0.172258	-0.266951	-0.36441	-0.450944	-0.508579	-0.538518	-0.554344	-0.560365	-0.562145	-0.558014	-0.529777	-0.476173	-0.404403	-0.313852	-0.205749	-0.0776146	0.0590087	0.183745	0.295114	0.388154	0.459851	0.511932	0.534346	0.534495	0.504018	0.445122	0.40405	0.40405	
-0.283347	-0.32713	-0.382978	-0.42251	-0.443125	-0.448583	-0.447459	-0.423396	-0.385333	-0.341841	-0.313624	-0.297057	-0.285797	-0.274291	-0.247945	-0.206229	-0.159259	-0.121539	-0.101078	-0.110148	-0.147778	-0.218757	-0.314078	-0.426481	-0.542233	-0.635165	-0.692238	-0.710565	-0.696059	-0.664993	-0.628642	-0.578523	-0.5021	-0.404403	-0.290713	-0.166203	-0.0302869	0.112325	0.243677	0.353522	0.446192	0.522993	0.571254	0.595749	0.597961	0.578311	0.534186	0.464721	0.411425	0.411425	
-0.24235	-0.305676	-0.385986	-0.45475	-0.507372	-0.538506	-0.550386	-0.54225	-0.512518	-0.473203	-0.443493	-0.423191	-0.398647	-0.367394	-0.321135	-0.264188	-0.208713	-0.169826	-0.150756	-0.163387	-0.212393	-0.299659	-0.414532	-0.537585	-0.658742	-0.75755	-0.817876	-0.831181	-0.80064	-0.744564	-0.670651	-0.57219	-0.45089	-0.313852	-0.166203	-0.0158447	0.139622	0.286459	0.402691	0.486407	0.547931	0.592598	0.6122	0.602167	0.57504	0.538098	0.476391	0.396732	0.335686	0.335686	
-0.207394	-0.281211	-0.373711	-0.465217	-0.543133	-0.59289	-0.613888	-0.613129	-0.587807	-0.551516	-0.522333	-0.493552	-0.450885	-0.392399	-0.325862	-0.258657	-0.198894	-0.158113	-0.145328	-0.163617	-0.229745	-0.333626	-0.458624	-0.589657	-0.712697	-0.819965	-0.888843	-0.903593	-0.863174	-0.784114	-0.67287	-0.536988	-0.380318	-0.205749	-0.0302869	0.139622	0.306055	0.443564	0.526294	0.566543	0.581325	0.582472	0.565929	0.520948	0.468072	0.411041	0.335343	0.251851	0.184599	0.184599	
-0.196041	-0.270193	-0.362509	-0.465194	-0.555761	-0.613717	-0.635655	-0.630944	-0.606728	-0.570619	-0.535739	-0.497501	-0.437305	-0.356494	-0.277399	-0.2009	-0.144229	-0.104077	-0.0915812	-0.120143	-0.195109	-0.307721	-0.440872	-0.580707	-0.713588	-0.827215	-0.904339	-0.927111	-0.877966	-0.774751	-0.634751	-0.464693	-0.276748	-0.0776146	0.112325	0.286459	0.443564	0.549572	0.59216	0.583125	0.544501	0.501293	0.444157	0.364944	0.286561	0.212119	0.129776	0.0476168	-0.016037	-0.016037	
-0.220085	-0.283122	-0.367836	-0.465673	-0.553385	-0.606648	-0.617756	-0.601021	-0.566191	-0.52302	-0.479235	-0.430698	-0.358361	-0.26687	-0.181091	-0.105558	-0.0500439	-0.0150368	-0.000781812	-0.0271976	-0.101428	-0.223452	-0.373358	-0.521638	-0.663555	-0.789098	-0.877891	-0.90085	-0.843956	-0.71983	-0.548	-0.348982	-0.143424	0.0590087	0.243677	0.402691	0.526294	0.59216	0.589709	0.527506	0.442164	0.354387	0.26276	0.160464	0.0621042	-0.0241711	-0.110926	-0.189069	-0.246205	-0.246205	
-0.272259	-0.319325	-0.383951	-0.464049	-0.535137	-0.576908	-0.575801	-0.545883	-0.497017	-0.44287	-0.389416	-0.323722	-0.235185	-0.132367	-0.0421124	0.0264911	0.079631	0.115995	0.129183	0.106239	0.0302693	-0.0943516	-0.247766	-0.408015	-0.55994	-0.697263	-0.799216	-0.830454	-0.773707	-0.632081	-0.436184	-0.226019	-0.0157821	0.183745	0.353522	0.486407	0.566543	0.583125	0.527506	0.416353	0.289666	0.163512	0.0446798	-0.0722432	-0.182702	-0.27886	-0.363214	-0.435028	-0.481044	-0.481044	
-0.333627	-0.363132	-0.401726	-0.456366	-0.500893	-0.526041	-0.511102	-0.468942	-0.413951	-0.352584	-0.291077	-0.214624	-0.111256	-0.001774	0.0980885	0.174599	0.232966	0.274629	0.293865	0.273862	0.197655	0.0700945	-0.0900138	-0.262116	-0.428935	-0.577773	-0.688344	-0.724149	-0.673511	-0.524393	-0.321748	-0.105026	0.11041	0.295114	0.446192	0.547931	0.581325	0.544501	0.442164	0.289666	0.117974	-0.0432533	-0.191518	-0.323396	-0.440863	-0.542389	-0.617776	-0.679146	-0.7096	-0.7096	
-0.392663	-0.401599	-0.41688	-0.443017	-0.460692	-0.465015	-0.442193	-0.393853	-0.335858	-0.274111	-0.209347	-0.127639	-0.0140792	0.102982	0.2133	0.303245	0.379931	0.433373	0.46038	0.446272	0.377453	0.249522	0.0819567	-0.0964242	-0.271832	-0.427087	-0.547438	-0.593007	-0.549122	-0.407503	-0.20557	0.0110468	0.215855	0.388154	0.522993	0.592598	0.582472	0.501293	0.354387	0.163512	-0.0432533	-0.242333	-0.41879	-0.567286	-0.69503	-0.798913	-0.86814	-0.91629	-0.931934	-0.931934	
-0.435967	-0.433214	-0.430027	-0.428946	-0.423875	-0.411031	-0.377779	-0.330022	-0.268704	-0.206394	-0.141761	-0.0561619	0.0585362	0.176324	0.290082	0.392101	0.484356	0.555816	0.595345	0.593556	0.534252	0.420445	0.263553	0.0854154	-0.0926968	-0.253847	-0.376974	-0.432212	-0.403519	-0.28009	-0.092964	0.109941	0.30172	0.459851	0.571254	0.6122	0.565929	0.444157	0.26276	0.0446798	-0.191518	-0.41879	-0.617969	-0.782834	-0.91673	-1.02502	-1.09245	-1.12795	-1.13636	-1.13636	
-0.456325	-0.448967	-0.433619	-0.412915	-0.384694	-0.35239	-0.308156	-0.25748	-0.198345	-0.137496	-0.0753762	0.0052147	0.104869	0.208498	0.3168	0.4277	0.532725	0.620023	0.678289	0.697003	0.659896	0.569593	0.433332	0.263511	0.08509	-0.0765501	-0.199377	-0.260763	-0.247211	-0.148882	0.0130732	0.197355	0.372549	0.511932	0.595749	0.602167	0.520948	0.364944	0.160464	-0.0722432	-0.323396	-0.567286	-0.782834	-0.961666	-1.10059	-1.20706	-1.27038	-1.29002	-1.29112	-1.29112	
-0.443837	-0.431882	-0.405218	-0.367459	-0.321705	-0.27543	-0.234066	-0.191265	-0.144898	-0.0946031	-0.0377525	0.0336931	0.116523	0.207081	0.302539	0.416611	0.5323	0.633735	0.708987	0.745824	0.744314	0.6903	0.582003	0.432594	0.26295	0.103794	-0.0236212	-0.101511	-0.108012	-0.0450162	0.0850001	0.252471	0.408093	0.534346	0.597961	0.57504	0.468072	0.286561	0.0621042	-0.182702	-0.440863	-0.69503	-0.91673	-1.10059	-1.24027	-1.33534	-1.39067	-1.39722	-1.38976	-1.38976	
-0.391996	-0.373606	-0.336933	-0.280246	-0.22422	-0.175968	-0.143538	-0.12462	-0.104021	-0.0745498	-0.0310171	0.0279529	0.088835	0.161303	0.250801	0.368423	0.493795	0.61054	0.704777	0.765819	0.792084	0.774167	0.699485	0.570462	0.409021	0.247319	0.118101	0.0310481	0.000178429	0.0288089	0.125238	0.269669	0.418679	0.534495	0.578311	0.538098	0.411041	0.212119	-0.0241711	-0.27886	-0.542389	-0.798913	-1.02502	-1.20706	-1.33534	-1.41683	-1.45465	-1.44437	-1.43142	-1.43142	
-0.321528	-0.293575	-0.242148	-0.172486	-0.108413	-0.0643305	-0.0526392	-0.0619236	-0.0751697	-0.0714827	-0.0394495	0.00847853	0.0505008	0.107517	0.194405	0.311677	0.443825	0.57023	0.67523	0.755493	0.80767	0.823518	0.782833	0.67199	0.517937	0.361319	0.23021	0.131497	0.0763712	0.072372	0.13674	0.257255	0.3959	0.504018	0.534186	0.476391	0.335343	0.129776	-0.110926	-0.363214	-0.617776	-0.86814	-1.09245	-1.27038	-1.39067	-1.45465	-1.46956	-1.44421	-1.41856	-1.41856	
-0.257354	-0.217246	-0.149151	-0.0698065	-0.00135414	0.0315646	0.0209325	-0.0126494	-0.052332	-0.0647541	-0.0348182	0.00563671	0.0402319	0.0858229	0.162698	0.273621	0.402587	0.529566	0.638122	0.725847	0.802176	0.844835	0.825962	0.738252	0.598847	0.445044	0.310389	0.203219	0.129006	0.0963543	0.124834	0.227304	0.354184	0.445122	0.464721	0.396732	0.251851	0.0476168	-0.189069	-0.435028	-0.679146	-0.91629	-1.12795	-1.29002	-1.39722	-1.44437	-1.44421	-1.41635	-1.38467	-1.38467	
-0.219966	-0.172644	-0.0975693	-0.00957852	0.0590787	0.0876667	0.0677003	0.0203462	-0.0311701	-0.0513699	-0.0218771	0.0185753	0.0454196	0.0806413	0.154743	0.256612	0.379968	0.503826	0.610942	0.706712	0.789075	0.847248	0.848184	0.769951	0.635429	0.4858	0.353693	0.243929	0.1568	0.108342	0.120946	0.203029	0.321462	0.40405	0.411425	0.335686	0.184599	-0.016037	-0.246205	-0.481044	-0.7096	-0.931934	-1.13636	-1.29112	-1.38976	-1.43142	-1.41856	-1.38467	-1.34864	-1.34864	
-0.219966	-0.172644	-0.0975693	-0.00957852	0.0590787	0.0876667	0.0677003	0.0203462	-0.0311701	-0.0513699	-0.0218771	0.0185753	0.0454196	0.0806413	0.154743	0.256612	0.379968	0.503826	0.610942	0.706712	0.789075	0.847248	0.848184	0.769951	0.635429	0.4858	0.353693	0.243929	0.1568	0.108342	0.120946	0.203029	0.321462	0.40405	0.411425	0.335686	0.184599	-0.016037	-0.246205	-0.481044	-0.7096	-0.931934	-1.13636	-1.29112	-1.38976	-1.43142	-1.41856	-1.38467	-1.34864	-1.34864	
