0.0637718	0.710444	0.500447	0.408209	-0.85873	-0.85873	
0.710444	-0.0403815	-0.532273	0.157146	0.27273	0.27273	
0.500447	-0.532273	-0.83269	0.565162	0.84591	0.84591	
0.408209	0.157146	0.565162	0.23408	-0.841243	-0.841243	
-0.85873	0.27273	0.84591	-0.841243	-0.461975	-0.461975	
-0.85873	0.27273	0.84591	-0.841243	-0.461975	-0.461975	
