-0.0420137	-0.0420137	-0.0426896	-0.0416306	-0.0433328	-0.0420071	-0.0423889	-0.0434966	-0.0409771	-0.0435907	-0.0427331	-0.0418785	-0.0453876	-0.0425774	-0.0444766	-0.0447913	-0.0421822	-0.0454003	-0.0425844	-0.0440525	-0.0462703	-0.0452876	-0.0428407	-0.0472026	-0.0443307	-0.0455043	-0.0456567	-0.0455945	-0.041346	-0.0406083	-0.0331022	-0.0151336	0.00477878	0.0467094	0.116661	0.211494	0.34389	0.52564	0.726784	0.938039	1.12676	1.24752	1.25415	1.13165	0.886903	0.55323	0.176818	-0.179891	-0.470504	-0.694368	
-0.0420137	-0.0420137	-0.0426896	-0.0416306	-0.0433328	-0.0420071	-0.0423889	-0.0434966	-0.0409771	-0.0435907	-0.0427331	-0.0418785	-0.0453876	-0.0425774	-0.0444766	-0.0447913	-0.0421822	-0.0454003	-0.0425844	-0.0440525	-0.0462703	-0.0452876	-0.0428407	-0.0472026	-0.0443307	-0.0455043	-0.0456567	-0.0455945	-0.041346	-0.0406083	-0.0331022	-0.0151336	0.00477878	0.0467094	0.116661	0.211494	0.34389	0.52564	0.726784	0.938039	1.12676	1.24752	1.25415	1.13165	0.886903	0.55323	0.176818	-0.179891	-0.470504	-0.694368	
-0.0426896	-0.0426896	-0.0431985	-0.042019	-0.0423336	-0.0424366	-0.0419908	-0.0433747	-0.0425397	-0.0445068	-0.0422897	-0.0427816	-0.0434034	-0.0387467	-0.0434887	-0.042604	-0.0418697	-0.0461369	-0.0459707	-0.0434711	-0.0432649	-0.044091	-0.0455237	-0.0480183	-0.0445687	-0.0456693	-0.0472096	-0.0452247	-0.0422189	-0.0408501	-0.0345257	-0.0151034	0.00477193	0.0474719	0.115843	0.21219	0.344719	0.524666	0.725311	0.934931	1.12257	1.2408	1.24862	1.12718	0.88515	0.554755	0.18111	-0.171861	-0.464149	-0.687563	
-0.0416306	-0.0416306	-0.042019	-0.0419597	-0.0433693	-0.0423749	-0.0427589	-0.043092	-0.0411089	-0.0421535	-0.0431579	-0.0419725	-0.0453822	-0.0460342	-0.0448899	-0.0458616	-0.0433529	-0.0441577	-0.0407761	-0.0443615	-0.0475508	-0.0463191	-0.042622	-0.0451519	-0.0447636	-0.0452914	-0.0445732	-0.0455373	-0.0417586	-0.0389999	-0.0305783	-0.0158302	0.00769675	0.0500098	0.118955	0.214324	0.3479	0.524281	0.722832	0.930452	1.11231	1.22841	1.23469	1.11686	0.878718	0.553139	0.187745	-0.162745	-0.453035	-0.679135	
-0.0433328	-0.0433328	-0.0423336	-0.0433693	-0.0412704	-0.0427581	-0.0421601	-0.0423984	-0.0438399	-0.0435492	-0.0429883	-0.043762	-0.0416167	-0.0411218	-0.0418241	-0.0420259	-0.043667	-0.0444225	-0.0466845	-0.0449983	-0.0430705	-0.0425139	-0.0469759	-0.0460039	-0.0463978	-0.0463817	-0.0463065	-0.0438939	-0.0432142	-0.0403251	-0.0319643	-0.0158586	0.00952329	0.0513801	0.119188	0.216044	0.351299	0.521469	0.719453	0.921345	1.09957	1.20901	1.21741	1.10279	0.871984	0.555674	0.19961	-0.142285	-0.434472	-0.660446	
-0.0420071	-0.0420071	-0.0424366	-0.0423749	-0.0427581	-0.0429774	-0.0428191	-0.042427	-0.0428264	-0.0417911	-0.0427578	-0.0430291	-0.0432032	-0.0449432	-0.0442803	-0.0446576	-0.044452	-0.0431384	-0.0438502	-0.0432915	-0.0450603	-0.0470634	-0.0458195	-0.0443313	-0.0454312	-0.0447923	-0.0451945	-0.0462827	-0.0432695	-0.0365906	-0.0291756	-0.0163729	0.0123322	0.056119	0.122142	0.220736	0.354824	0.520884	0.714256	0.911724	1.08052	1.18477	1.19206	1.08238	0.860127	0.554563	0.212686	-0.121475	-0.412274	-0.639373	
-0.0423889	-0.0423889	-0.0419908	-0.0427589	-0.0421601	-0.0428191	-0.042877	-0.0425287	-0.0441062	-0.0421722	-0.0441381	-0.0441126	-0.0414453	-0.0463024	-0.0419168	-0.0429774	-0.0458691	-0.0421292	-0.0445506	-0.045863	-0.044844	-0.0431432	-0.0454743	-0.042704	-0.0476363	-0.0468903	-0.0441106	-0.0423488	-0.0428543	-0.0380948	-0.0277953	-0.0147889	0.0173997	0.0587466	0.126225	0.225044	0.360362	0.518835	0.709752	0.898637	1.05906	1.15547	1.16251	1.05785	0.846104	0.554795	0.229311	-0.0946086	-0.383689	-0.61047	
-0.0434966	-0.0434966	-0.0433747	-0.043092	-0.0423984	-0.042427	-0.0425287	-0.0413416	-0.0435541	-0.0419554	-0.0426478	-0.0438587	-0.0413017	-0.0439686	-0.0420484	-0.0433409	-0.0457529	-0.041855	-0.0481289	-0.0440162	-0.0433104	-0.0461837	-0.0485853	-0.0450879	-0.0473706	-0.0449745	-0.045509	-0.0469387	-0.0445253	-0.0355092	-0.0275704	-0.0152627	0.0190698	0.0625953	0.129099	0.23003	0.36325	0.516895	0.702726	0.882469	1.0329	1.12065	1.12718	1.02728	0.828207	0.554197	0.24722	-0.0636077	-0.349782	-0.574478	
-0.0409771	-0.0409771	-0.0425397	-0.0411089	-0.0438399	-0.0428264	-0.0441062	-0.0435541	-0.0442604	-0.0427102	-0.0440325	-0.043817	-0.0426462	-0.0463358	-0.0434422	-0.0440288	-0.0459359	-0.0412979	-0.0448205	-0.0434586	-0.0443025	-0.0461309	-0.0438239	-0.0424656	-0.0463997	-0.0459306	-0.0434341	-0.0431861	-0.0413307	-0.0341779	-0.0253753	-0.0107074	0.0247884	0.0688452	0.135715	0.238653	0.368323	0.518704	0.696756	0.867281	1.00458	1.08436	1.08737	0.99238	0.806671	0.551106	0.265275	-0.032835	-0.312816	-0.534542	
-0.0435907	-0.0435907	-0.0445068	-0.0421535	-0.0435492	-0.0417911	-0.0421722	-0.0419554	-0.0427102	-0.0421888	-0.0433222	-0.0439098	-0.0418478	-0.0451848	-0.0423777	-0.0434716	-0.0457857	-0.0432078	-0.0462391	-0.04606	-0.0452702	-0.0456625	-0.0467647	-0.0455843	-0.048129	-0.046271	-0.045591	-0.0443776	-0.0434073	-0.0352821	-0.0255956	-0.00890751	0.0265909	0.0714171	0.140653	0.243653	0.371027	0.517411	0.687997	0.846941	0.972085	1.04289	1.04151	0.952237	0.780443	0.547642	0.28323	0.00218237	-0.269302	-0.485318	
-0.0427331	-0.0427331	-0.0422897	-0.0431579	-0.0429883	-0.0427578	-0.0441381	-0.0426478	-0.0440325	-0.0433222	-0.0437104	-0.0431518	-0.0439203	-0.043556	-0.0427613	-0.0446323	-0.0443818	-0.0425569	-0.0473848	-0.0434514	-0.043153	-0.0465951	-0.0450735	-0.0462194	-0.0459479	-0.0446573	-0.044158	-0.0457645	-0.0413483	-0.032046	-0.0230888	-0.00534518	0.0300871	0.0787523	0.148712	0.251978	0.375433	0.520352	0.680713	0.827896	0.940134	1.00028	0.993762	0.907695	0.751826	0.540544	0.299668	0.0356591	-0.222676	-0.434029	
-0.0418785	-0.0418785	-0.0427816	-0.0419725	-0.043762	-0.0430291	-0.0441126	-0.0438587	-0.043817	-0.0439098	-0.0431518	-0.0440219	-0.043636	-0.0441356	-0.0455062	-0.0447163	-0.0438617	-0.0461004	-0.0416858	-0.0450229	-0.0462203	-0.0460936	-0.043927	-0.0455277	-0.0446501	-0.0469573	-0.0462885	-0.0411568	-0.0390509	-0.0338309	-0.022751	0.000531902	0.0340123	0.0843102	0.156311	0.259273	0.379907	0.523099	0.671475	0.80787	0.905239	0.956148	0.940226	0.859952	0.717362	0.530777	0.31195	0.0696478	-0.17368	-0.376825	
-0.0453876	-0.0453876	-0.0434034	-0.0453822	-0.0416167	-0.0432032	-0.0414453	-0.0413017	-0.0426462	-0.0418478	-0.0439203	-0.043636	-0.0444714	-0.0435842	-0.0441199	-0.0439986	-0.0432988	-0.0475001	-0.0448663	-0.0481302	-0.0453815	-0.0457373	-0.0471453	-0.0485495	-0.0471598	-0.0460588	-0.0455214	-0.0443027	-0.042953	-0.0329157	-0.0195393	0.0020678	0.0342739	0.0898311	0.163956	0.264245	0.383869	0.524264	0.661373	0.785396	0.870075	0.908281	0.884513	0.807187	0.680026	0.516126	0.321646	0.10291	-0.120444	-0.315833	
-0.0425774	-0.0425774	-0.0387467	-0.0460342	-0.0411218	-0.0449432	-0.0463024	-0.0439686	-0.0463358	-0.0451848	-0.043556	-0.0441356	-0.0435842	-0.0431288	-0.0439543	-0.0447666	-0.043395	-0.0454575	-0.0414783	-0.0454555	-0.0447947	-0.0429477	-0.0458518	-0.0454021	-0.043534	-0.0458685	-0.0460277	-0.041627	-0.036831	-0.0316711	-0.0167684	0.00579107	0.0415795	0.0977513	0.174577	0.271035	0.393476	0.527378	0.65524	0.765744	0.83859	0.861861	0.829385	0.754168	0.64001	0.497694	0.326429	0.133389	-0.0678244	-0.2563	
-0.0444766	-0.0444766	-0.0434887	-0.0448899	-0.0418241	-0.0442803	-0.0419168	-0.0420484	-0.0434422	-0.0423777	-0.0427613	-0.0455062	-0.0441199	-0.0439543	-0.0485515	-0.044002	-0.0450546	-0.0495837	-0.0426423	-0.0475546	-0.0460194	-0.047218	-0.049149	-0.0465764	-0.0456056	-0.047973	-0.0462555	-0.0409509	-0.0405462	-0.032999	-0.0148824	0.00950434	0.0425809	0.103757	0.17998	0.277162	0.398117	0.528051	0.643992	0.744334	0.80254	0.811605	0.769619	0.695861	0.593616	0.471657	0.324401	0.161769	-0.0170671	-0.192425	
-0.0447913	-0.0447913	-0.042604	-0.0458616	-0.0420259	-0.0446576	-0.0429774	-0.0433409	-0.0440288	-0.0434716	-0.0446323	-0.0447163	-0.0439986	-0.0447666	-0.044002	-0.0415734	-0.0452884	-0.0437613	-0.0434143	-0.0499452	-0.0465917	-0.0427413	-0.0470997	-0.0447476	-0.0481654	-0.0465497	-0.0454977	-0.0419608	-0.0401426	-0.0294888	-0.011836	0.0100334	0.0474547	0.111394	0.188236	0.283617	0.407084	0.528836	0.63802	0.725258	0.771737	0.763485	0.714412	0.638716	0.547367	0.441945	0.320013	0.186617	0.032467	-0.13064	
-0.0421822	-0.0421822	-0.0418697	-0.0433529	-0.043667	-0.044452	-0.0458691	-0.0457529	-0.0459359	-0.0457857	-0.0443818	-0.0438617	-0.0432988	-0.043395	-0.0450546	-0.0452884	-0.0478768	-0.0461745	-0.0450798	-0.0441947	-0.0425886	-0.045866	-0.0494836	-0.0460975	-0.0456071	-0.0453433	-0.0451432	-0.0415379	-0.0369055	-0.0291991	-0.0104409	0.0138716	0.0547164	0.117703	0.194578	0.292742	0.414646	0.530053	0.631102	0.708488	0.739082	0.716673	0.657918	0.580163	0.495744	0.405024	0.308653	0.204076	0.0754772	-0.0716288	
-0.0454003	-0.0454003	-0.0461369	-0.0441577	-0.0444225	-0.0431384	-0.0421292	-0.041855	-0.0412979	-0.0432078	-0.0425569	-0.0461004	-0.0475001	-0.0454575	-0.0495837	-0.0437613	-0.0461745	-0.0426603	-0.0479541	-0.0478365	-0.048578	-0.0493045	-0.0469685	-0.0452023	-0.0475373	-0.0479567	-0.0462661	-0.0420031	-0.0390025	-0.0277201	-0.00963463	0.0166722	0.0567603	0.123073	0.199604	0.301171	0.418549	0.529543	0.624623	0.690053	0.706592	0.669441	0.602779	0.519855	0.44024	0.363562	0.290686	0.216446	0.111485	-0.0124154	
-0.0425844	-0.0425844	-0.0459707	-0.0407761	-0.0466845	-0.0438502	-0.0445506	-0.0481289	-0.0448205	-0.0462391	-0.0473848	-0.0416858	-0.0448663	-0.0414783	-0.0426423	-0.0434143	-0.0450798	-0.0479541	-0.0447739	-0.0456159	-0.0450804	-0.0469892	-0.0424927	-0.0494721	-0.048574	-0.0461738	-0.0444202	-0.0427434	-0.0370487	-0.0259022	-0.00938842	0.0196767	0.062732	0.128749	0.205707	0.311472	0.42298	0.533317	0.619646	0.677245	0.676445	0.63046	0.551619	0.464009	0.386192	0.320198	0.271466	0.220215	0.142287	0.0427522	
-0.0440525	-0.0440525	-0.0434711	-0.0443615	-0.0449983	-0.0432915	-0.045863	-0.0440162	-0.0434586	-0.04606	-0.0434514	-0.0450229	-0.0481302	-0.0454555	-0.0475546	-0.0499452	-0.0441947	-0.0478365	-0.0456159	-0.0471474	-0.0455738	-0.0469684	-0.0477006	-0.0511209	-0.0437533	-0.0447349	-0.0462337	-0.0423798	-0.0345055	-0.0258659	-0.00723117	0.0244598	0.0682075	0.131433	0.214611	0.319307	0.427204	0.534453	0.616147	0.661206	0.647279	0.590851	0.499661	0.405925	0.325884	0.271623	0.240727	0.212292	0.161823	0.0909389	
-0.0462703	-0.0462703	-0.0432649	-0.0475508	-0.0430705	-0.0450603	-0.044844	-0.0433104	-0.0443025	-0.0452702	-0.043153	-0.0462203	-0.0453815	-0.0447947	-0.0460194	-0.0465917	-0.0425886	-0.048578	-0.0450804	-0.0455738	-0.0508695	-0.0493035	-0.0468626	-0.0468965	-0.0463963	-0.0491261	-0.0473828	-0.0428228	-0.0353609	-0.0264627	-0.00555598	0.0250252	0.0703146	0.133786	0.22355	0.322465	0.431096	0.53578	0.613717	0.644871	0.622792	0.555581	0.452782	0.351787	0.268868	0.224831	0.206954	0.198764	0.176241	0.135939	
-0.0452876	-0.0452876	-0.044091	-0.0463191	-0.0425139	-0.0470634	-0.0431432	-0.0461837	-0.0461309	-0.0456625	-0.0465951	-0.0460936	-0.0457373	-0.0429477	-0.047218	-0.0427413	-0.045866	-0.0493045	-0.0469892	-0.0469684	-0.0493035	-0.0419795	-0.0464919	-0.0499893	-0.0485399	-0.0473001	-0.0457108	-0.0401762	-0.0341048	-0.0258341	-0.00569459	0.0304095	0.0737768	0.139943	0.229437	0.328174	0.436247	0.53989	0.610318	0.630869	0.603343	0.522171	0.410568	0.297838	0.214932	0.174524	0.165918	0.175704	0.17927	0.173091	
-0.0428407	-0.0428407	-0.0455237	-0.042622	-0.0469759	-0.0458195	-0.0454743	-0.0485853	-0.0438239	-0.0467647	-0.0450735	-0.043927	-0.0471453	-0.0458518	-0.049149	-0.0470997	-0.0494836	-0.0469685	-0.0424927	-0.0477006	-0.0468626	-0.0464919	-0.0514503	-0.0498568	-0.0442389	-0.0455061	-0.0447691	-0.0424479	-0.035861	-0.0243182	-0.000136579	0.0330772	0.0740779	0.145312	0.236436	0.3332	0.440616	0.543507	0.605394	0.621045	0.584059	0.493163	0.368989	0.248861	0.161984	0.122375	0.119343	0.143	0.175202	0.19794	
-0.0472026	-0.0472026	-0.0480183	-0.0451519	-0.0460039	-0.0443313	-0.042704	-0.0450879	-0.0424656	-0.0455843	-0.0462194	-0.0455277	-0.0485495	-0.0454021	-0.0465764	-0.0447476	-0.0460975	-0.0452023	-0.0494721	-0.0511209	-0.0468965	-0.0499893	-0.0498568	-0.0442183	-0.0478298	-0.0508506	-0.0486097	-0.0414854	-0.0341959	-0.0227267	-0.00261763	0.030944	0.0766906	0.151796	0.237894	0.334515	0.445252	0.544685	0.600032	0.610909	0.567364	0.465167	0.332372	0.203705	0.113393	0.0706435	0.0701059	0.107583	0.164379	0.213663	
-0.0443307	-0.0443307	-0.0445687	-0.0447636	-0.0463978	-0.0454312	-0.0476363	-0.0473706	-0.0463997	-0.048129	-0.0459479	-0.0446501	-0.0471598	-0.043534	-0.0456056	-0.0481654	-0.0456071	-0.0475373	-0.048574	-0.0437533	-0.0463963	-0.0485399	-0.0442389	-0.0478298	-0.0518851	-0.0457003	-0.0421195	-0.0403787	-0.0342441	-0.0228428	0.000441607	0.0350163	0.0836356	0.154814	0.240674	0.341644	0.453539	0.545315	0.598071	0.606487	0.554767	0.442642	0.301486	0.165644	0.0686514	0.0191151	0.0188796	0.066107	0.143821	0.211573	
-0.0455043	-0.0455043	-0.0456693	-0.0452914	-0.0463817	-0.0447923	-0.0468903	-0.0449745	-0.0459306	-0.046271	-0.0446573	-0.0469573	-0.0460588	-0.0458685	-0.047973	-0.0465497	-0.0453433	-0.0479567	-0.0461738	-0.0447349	-0.0491261	-0.0473001	-0.0455061	-0.0508506	-0.0457003	-0.0435358	-0.0438389	-0.0430528	-0.0324897	-0.0203852	0.00374745	0.0360945	0.08608	0.156486	0.245199	0.348736	0.45564	0.544062	0.597736	0.602427	0.540987	0.42185	0.274649	0.131235	0.0260163	-0.0318611	-0.0325488	0.0227721	0.113111	0.198926	
-0.0456567	-0.0456567	-0.0472096	-0.0445732	-0.0463065	-0.0451945	-0.0441106	-0.045509	-0.0434341	-0.045591	-0.044158	-0.0462885	-0.0455214	-0.0460277	-0.0462555	-0.0454977	-0.0451432	-0.0462661	-0.0444202	-0.0462337	-0.0473828	-0.0457108	-0.0447691	-0.0486097	-0.0421195	-0.0438389	-0.0450926	-0.0410279	-0.0276143	-0.0162522	0.00250719	0.0378605	0.0913999	0.160797	0.249594	0.353611	0.45708	0.546677	0.59955	0.598449	0.528722	0.407774	0.252203	0.103326	-0.0144257	-0.0775286	-0.0820277	-0.0218677	0.0729629	0.175815	
-0.0455945	-0.0455945	-0.0452247	-0.0455373	-0.0438939	-0.0462827	-0.0423488	-0.0469387	-0.0431861	-0.0443776	-0.0457645	-0.0411568	-0.0443027	-0.041627	-0.0409509	-0.0419608	-0.0415379	-0.0420031	-0.0427434	-0.0423798	-0.0428228	-0.0401762	-0.0424479	-0.0414854	-0.0403787	-0.0430528	-0.0410279	-0.0305547	-0.0242801	-0.0172463	0.00543279	0.0487493	0.0967716	0.162513	0.256369	0.360841	0.461899	0.551478	0.604054	0.595719	0.524935	0.398948	0.238926	0.0804546	-0.0455947	-0.116386	-0.124428	-0.0670728	0.0268727	0.146566	
-0.041346	-0.041346	-0.0422189	-0.0417586	-0.0432142	-0.0432695	-0.0428543	-0.0445253	-0.0413307	-0.0434073	-0.0413483	-0.0390509	-0.042953	-0.036831	-0.0405462	-0.0401426	-0.0369055	-0.0390025	-0.0370487	-0.0345055	-0.0353609	-0.0341048	-0.035861	-0.0341959	-0.0342441	-0.0324897	-0.0276143	-0.0242801	-0.0208134	-0.00609115	0.0214112	0.057469	0.100611	0.173743	0.271341	0.369061	0.468683	0.561515	0.610907	0.597495	0.525322	0.39494	0.229246	0.0616589	-0.0723409	-0.150954	-0.164611	-0.117543	-0.0239729	0.109056	
-0.0406083	-0.0406083	-0.0408501	-0.0389999	-0.0403251	-0.0365906	-0.0380948	-0.0355092	-0.0341779	-0.0352821	-0.032046	-0.0338309	-0.0329157	-0.0316711	-0.032999	-0.0294888	-0.0291991	-0.0277201	-0.0259022	-0.0258659	-0.0264627	-0.0258341	-0.0243182	-0.0227267	-0.0228428	-0.0203852	-0.0162522	-0.0172463	-0.00609115	0.00932856	0.0320726	0.0637312	0.114827	0.190652	0.282104	0.375683	0.482031	0.574892	0.618491	0.603211	0.531905	0.397474	0.226815	0.0514379	-0.0879947	-0.173647	-0.19644	-0.162434	-0.0687097	0.0735701	
-0.0331022	-0.0331022	-0.0345257	-0.0305783	-0.0319643	-0.0291756	-0.0277953	-0.0275704	-0.0253753	-0.0255956	-0.0230888	-0.022751	-0.0195393	-0.0167684	-0.0148824	-0.011836	-0.0104409	-0.00963463	-0.00938842	-0.00723117	-0.00555598	-0.00569459	-0.000136579	-0.00261763	0.000441607	0.00374745	0.00250719	0.00543279	0.0214112	0.0320726	0.0510029	0.088636	0.141428	0.213263	0.299694	0.399629	0.507621	0.595882	0.63456	0.624025	0.550079	0.412659	0.234676	0.0556551	-0.0904754	-0.183197	-0.221686	-0.198964	-0.107173	0.0376916	
-0.0151336	-0.0151336	-0.0151034	-0.0158302	-0.0158586	-0.0163729	-0.0147889	-0.0152627	-0.0107074	-0.00890751	-0.00534518	0.000531902	0.0020678	0.00579107	0.00950434	0.0100334	0.0138716	0.0166722	0.0196767	0.0244598	0.0250252	0.0304095	0.0330772	0.030944	0.0350163	0.0360945	0.0378605	0.0487493	0.057469	0.0637312	0.088636	0.128175	0.177198	0.245948	0.335127	0.437056	0.542218	0.624629	0.666862	0.657392	0.580277	0.437421	0.256217	0.0734491	-0.0785645	-0.182847	-0.237546	-0.223206	-0.13628	0.00245476	
0.00477878	0.00477878	0.00477193	0.00769675	0.00952329	0.0123322	0.0173997	0.0190698	0.0247884	0.0265909	0.0300871	0.0340123	0.0342739	0.0415795	0.0425809	0.0474547	0.0547164	0.0567603	0.062732	0.0682075	0.0703146	0.0737768	0.0740779	0.0766906	0.0836356	0.08608	0.0913999	0.0967716	0.100611	0.114827	0.141428	0.177198	0.224456	0.293725	0.382627	0.48512	0.585435	0.667839	0.712894	0.702647	0.620871	0.476145	0.29384	0.108106	-0.0508818	-0.168649	-0.234459	-0.22602	-0.148829	-0.0229094	
0.0467094	0.0467094	0.0474719	0.0500098	0.0513801	0.056119	0.0587466	0.0625953	0.0688452	0.0714171	0.0787523	0.0843102	0.0898311	0.0977513	0.103757	0.111394	0.117703	0.123073	0.128749	0.131433	0.133786	0.139943	0.145312	0.151796	0.154814	0.156486	0.160797	0.162513	0.173743	0.190652	0.213263	0.245948	0.293725	0.361231	0.454516	0.553639	0.650458	0.734367	0.783941	0.76928	0.686221	0.54174	0.359807	0.169365	0.000753005	-0.129201	-0.202276	-0.203242	-0.143596	-0.0363472	
0.116661	0.116661	0.115843	0.118955	0.119188	0.122142	0.126225	0.129099	0.135715	0.140653	0.148712	0.156311	0.163956	0.174577	0.17998	0.188236	0.194578	0.199604	0.205707	0.214611	0.22355	0.229437	0.236436	0.237894	0.240674	0.245199	0.249594	0.256369	0.271341	0.282104	0.299694	0.335127	0.382627	0.454516	0.544564	0.636534	0.732379	0.824819	0.870566	0.851614	0.769201	0.627929	0.443275	0.245746	0.067504	-0.070097	-0.148619	-0.16343	-0.125155	-0.0322387	
0.211494	0.211494	0.21219	0.214324	0.216044	0.220736	0.225044	0.23003	0.238653	0.243653	0.251978	0.259273	0.264245	0.271035	0.277162	0.283617	0.292742	0.301171	0.311472	0.319307	0.322465	0.328174	0.3332	0.334515	0.341644	0.348736	0.353611	0.360841	0.369061	0.375683	0.399629	0.437056	0.48512	0.553639	0.636534	0.727086	0.834174	0.925531	0.963854	0.946556	0.872344	0.732387	0.543291	0.341055	0.157548	0.0181931	-0.0681109	-0.100336	-0.0800901	0.00187713	
0.34389	0.34389	0.344719	0.3479	0.351299	0.354824	0.360362	0.36325	0.368323	0.371027	0.375433	0.379907	0.383869	0.393476	0.398117	0.407084	0.414646	0.418549	0.42298	0.427204	0.431096	0.436247	0.440616	0.445252	0.453539	0.45564	0.45708	0.461899	0.468683	0.482031	0.507621	0.542218	0.585435	0.650458	0.732379	0.834174	0.941328	1.02351	1.06206	1.05773	0.988023	0.845017	0.654483	0.450913	0.267848	0.12547	0.027673	-0.0210166	-0.0131646	0.0615157	
0.52564	0.52564	0.524666	0.524281	0.521469	0.520884	0.518835	0.516895	0.518704	0.517411	0.520352	0.523099	0.524264	0.527378	0.528051	0.528836	0.530053	0.529543	0.533317	0.534453	0.53578	0.53989	0.543507	0.544685	0.545315	0.544062	0.546677	0.551478	0.561515	0.574892	0.595882	0.624629	0.667839	0.734367	0.824819	0.925531	1.02351	1.10507	1.15886	1.16193	1.08971	0.947892	0.760977	0.561011	0.378373	0.2311	0.120615	0.0617198	0.0655627	0.130094	
0.726784	0.726784	0.725311	0.722832	0.719453	0.714256	0.709752	0.702726	0.696756	0.687997	0.680713	0.671475	0.661373	0.65524	0.643992	0.63802	0.631102	0.624623	0.619646	0.616147	0.613717	0.610318	0.605394	0.600032	0.598071	0.597736	0.59955	0.604054	0.610907	0.618491	0.63456	0.666862	0.712894	0.783941	0.870566	0.963854	1.06206	1.15886	1.22081	1.22198	1.15313	1.02045	0.841801	0.646026	0.465946	0.312349	0.195711	0.13857	0.141334	0.196304	
0.938039	0.938039	0.934931	0.930452	0.921345	0.911724	0.898637	0.882469	0.867281	0.846941	0.827896	0.80787	0.785396	0.765744	0.744334	0.725258	0.708488	0.690053	0.677245	0.661206	0.644871	0.630869	0.621045	0.610909	0.606487	0.602427	0.598449	0.595719	0.597495	0.603211	0.624025	0.657392	0.702647	0.76928	0.851614	0.946556	1.05773	1.16193	1.22198	1.22823	1.17222	1.05203	0.880321	0.692795	0.512468	0.355248	0.242004	0.190963	0.191377	0.23272	
1.12676	1.12676	1.12257	1.11231	1.09957	1.08052	1.05906	1.0329	1.00458	0.972085	0.940134	0.905239	0.870075	0.83859	0.80254	0.771737	0.739082	0.706592	0.676445	0.647279	0.622792	0.603343	0.584059	0.567364	0.554767	0.540987	0.528722	0.524935	0.525322	0.531905	0.550079	0.580277	0.620871	0.686221	0.769201	0.872344	0.988023	1.08971	1.15313	1.17222	1.1295	1.01729	0.85652	0.673621	0.492103	0.337827	0.23473	0.189348	0.181448	0.215627	
1.24752	1.24752	1.2408	1.22841	1.20901	1.18477	1.15547	1.12065	1.08436	1.04289	1.00028	0.956148	0.908281	0.861861	0.811605	0.763485	0.716673	0.669441	0.63046	0.590851	0.555581	0.522171	0.493163	0.465167	0.442642	0.42185	0.407774	0.398948	0.39494	0.397474	0.412659	0.437421	0.476145	0.54174	0.627929	0.732387	0.845017	0.947892	1.02045	1.05203	1.01729	0.917412	0.76432	0.583072	0.404037	0.26079	0.167486	0.117994	0.104356	0.136899	
1.25415	1.25415	1.24862	1.23469	1.21741	1.19206	1.16251	1.12718	1.08737	1.04151	0.993762	0.940226	0.884513	0.829385	0.769619	0.714412	0.657918	0.602779	0.551619	0.499661	0.452782	0.410568	0.368989	0.332372	0.301486	0.274649	0.252203	0.238926	0.229246	0.226815	0.234676	0.256217	0.29384	0.359807	0.443275	0.543291	0.654483	0.760977	0.841801	0.880321	0.85652	0.76432	0.613695	0.434729	0.26617	0.133109	0.0363194	-0.0196267	-0.03576	0.00127854	
1.13165	1.13165	1.12718	1.11686	1.10279	1.08238	1.05785	1.02728	0.99238	0.952237	0.907695	0.859952	0.807187	0.754168	0.695861	0.638716	0.580163	0.519855	0.464009	0.405925	0.351787	0.297838	0.248861	0.203705	0.165644	0.131235	0.103326	0.0804546	0.0616589	0.0514379	0.0556551	0.0734491	0.108106	0.169365	0.245746	0.341055	0.450913	0.561011	0.646026	0.692795	0.673621	0.583072	0.434729	0.266144	0.107088	-0.0316424	-0.138817	-0.200938	-0.214709	-0.177455	
0.886903	0.886903	0.88515	0.878718	0.871984	0.860127	0.846104	0.828207	0.806671	0.780443	0.751826	0.717362	0.680026	0.64001	0.593616	0.547367	0.495744	0.44024	0.386192	0.325884	0.268868	0.214932	0.161984	0.113393	0.0686514	0.0260163	-0.0144257	-0.0455947	-0.0723409	-0.0879947	-0.0904754	-0.0785645	-0.0508818	0.000753005	0.067504	0.157548	0.267848	0.378373	0.465946	0.512468	0.492103	0.404037	0.26617	0.107088	-0.0590008	-0.212168	-0.329855	-0.392183	-0.40878	-0.376654	
0.55323	0.55323	0.554755	0.553139	0.555674	0.554563	0.554795	0.554197	0.551106	0.547642	0.540544	0.530777	0.516126	0.497694	0.471657	0.441945	0.405024	0.363562	0.320198	0.271623	0.224831	0.174524	0.122375	0.0706435	0.0191151	-0.0318611	-0.0775286	-0.116386	-0.150954	-0.173647	-0.183197	-0.182847	-0.168649	-0.129201	-0.070097	0.0181931	0.12547	0.2311	0.312349	0.355248	0.337827	0.26079	0.133109	-0.0316424	-0.212168	-0.378159	-0.497709	-0.564443	-0.589219	-0.565763	
0.176818	0.176818	0.18111	0.187745	0.19961	0.212686	0.229311	0.24722	0.265275	0.28323	0.299668	0.31195	0.321646	0.326429	0.324401	0.320013	0.308653	0.290686	0.271466	0.240727	0.206954	0.165918	0.119343	0.0701059	0.0188796	-0.0325488	-0.0820277	-0.124428	-0.164611	-0.19644	-0.221686	-0.237546	-0.234459	-0.202276	-0.148619	-0.0681109	0.027673	0.120615	0.195711	0.242004	0.23473	0.167486	0.0363194	-0.138817	-0.329855	-0.497709	-0.621378	-0.696946	-0.732625	-0.721156	
-0.179891	-0.179891	-0.171861	-0.162745	-0.142285	-0.121475	-0.0946086	-0.0636077	-0.032835	0.00218237	0.0356591	0.0696478	0.10291	0.133389	0.161769	0.186617	0.204076	0.216446	0.220215	0.212292	0.198764	0.175704	0.143	0.107583	0.066107	0.0227721	-0.0218677	-0.0670728	-0.117543	-0.162434	-0.198964	-0.223206	-0.22602	-0.203242	-0.16343	-0.100336	-0.0210166	0.0617198	0.13857	0.190963	0.189348	0.117994	-0.0196267	-0.200938	-0.392183	-0.564443	-0.696946	-0.784802	-0.834189	-0.841078	
-0.470504	-0.470504	-0.464149	-0.453035	-0.434472	-0.412274	-0.383689	-0.349782	-0.312816	-0.269302	-0.222676	-0.17368	-0.120444	-0.0678244	-0.0170671	0.032467	0.0754772	0.111485	0.142287	0.161823	0.176241	0.17927	0.175202	0.164379	0.143821	0.113111	0.0729629	0.0268727	-0.0239729	-0.0687097	-0.107173	-0.13628	-0.148829	-0.143596	-0.125155	-0.0800901	-0.0131646	0.0655627	0.141334	0.191377	0.181448	0.104356	-0.03576	-0.214709	-0.40878	-0.589219	-0.732625	-0.834189	-0.90173	-0.932265	
-0.694368	-0.694368	-0.687563	-0.679135	-0.660446	-0.639373	-0.61047	-0.574478	-0.534542	-0.485318	-0.434029	-0.376825	-0.315833	-0.2563	-0.192425	-0.13064	-0.0716288	-0.0124154	0.0427522	0.0909389	0.135939	0.173091	0.19794	0.213663	0.211573	0.198926	0.175815	0.146566	0.109056	0.0735701	0.0376916	0.00245476	-0.0229094	-0.0363472	-0.0322387	0.00187713	0.0615157	0.130094	0.196304	0.23272	0.215627	0.136899	0.00127854	-0.177455	-0.376654	-0.565763	-0.721156	-0.841078	-0.932265	-0.982025	
