-0.14446	-0.527316	0.709242	-0.308814	0.318024	0.318024	
-0.527316	0.227304	0.404071	0.733271	0.0376755	0.0376755	
0.709242	0.404071	-0.71811	1.67076	0.467282	0.467282	
-0.308814	0.733271	1.67076	-0.0028034	-0.610631	-0.610631	
0.318024	0.0376755	0.467282	-0.610631	1.24368	1.24368	
0.318024	0.0376755	0.467282	-0.610631	1.24368	1.24368	
