-0.362571	-0.238647	-0.0697489	0.109463	0.289925	0.459931	0.598119	0.697628	0.765572	0.80315	0.82311	0.808417	0.754739	0.660092	0.543581	0.417241	0.301922	0.20235	0.119764	0.0576993	0.00958209	-0.00587415	0.0231189	0.0830138	0.162326	0.229935	0.288178	0.333198	0.343013	0.33286	0.301519	0.272926	0.242104	0.195456	0.157179	0.144338	0.156174	0.195936	0.244691	0.291908	0.332918	0.362823	0.38741	0.398515	0.412842	0.429005	0.444449	0.463149	0.475387	0.475387	
-0.238647	-0.104738	0.0564394	0.223027	0.386228	0.536717	0.659236	0.747681	0.808938	0.843488	0.866022	0.8564	0.814071	0.734365	0.627988	0.521122	0.424436	0.332963	0.243253	0.158952	0.0866543	0.05061	0.0547049	0.0916039	0.152968	0.219971	0.283201	0.331918	0.353085	0.352415	0.338167	0.322719	0.288241	0.23493	0.190971	0.175123	0.189259	0.228366	0.282915	0.343229	0.405084	0.45198	0.485624	0.500101	0.50667	0.517481	0.526318	0.547311	0.564526	0.564526	
-0.0697489	0.0564394	0.201827	0.356941	0.4998	0.621269	0.721318	0.797339	0.845757	0.872182	0.885714	0.877845	0.845961	0.782508	0.696666	0.612927	0.532395	0.446574	0.350845	0.250211	0.162445	0.107503	0.088581	0.0992581	0.139335	0.198809	0.26387	0.314955	0.345678	0.35798	0.358911	0.349155	0.320598	0.276859	0.236643	0.222613	0.229129	0.259132	0.308313	0.367014	0.433444	0.49337	0.535323	0.552128	0.554695	0.552723	0.551605	0.563166	0.578168	0.578168	
0.109463	0.223027	0.356941	0.492035	0.609685	0.702909	0.777802	0.831192	0.865396	0.882244	0.891011	0.883551	0.858652	0.810952	0.751501	0.691583	0.627116	0.550352	0.455047	0.344656	0.244261	0.17137	0.125933	0.113391	0.129848	0.174125	0.228988	0.273915	0.31298	0.337117	0.347948	0.345064	0.326566	0.301691	0.276396	0.261576	0.260337	0.279287	0.314194	0.361286	0.417435	0.480642	0.528524	0.550075	0.556564	0.54903	0.542156	0.540207	0.548486	0.548486	
0.289925	0.386228	0.4998	0.609685	0.704488	0.765982	0.805781	0.834043	0.8485	0.860299	0.864873	0.860857	0.84715	0.821101	0.795638	0.758963	0.710913	0.65032	0.557729	0.450695	0.341574	0.246005	0.180898	0.140153	0.134079	0.152329	0.180169	0.212661	0.248191	0.280671	0.296093	0.301914	0.30074	0.297756	0.292947	0.281364	0.272329	0.278264	0.295581	0.324392	0.36812	0.426626	0.479769	0.509995	0.524985	0.522778	0.50968	0.495154	0.491636	0.491636	
0.459931	0.536717	0.621269	0.702909	0.765982	0.791749	0.792704	0.78891	0.791639	0.800861	0.805931	0.806829	0.807203	0.813431	0.819523	0.811523	0.78788	0.741717	0.658945	0.556553	0.441578	0.332108	0.248611	0.188925	0.15522	0.139016	0.129556	0.138633	0.162984	0.190054	0.211112	0.223418	0.237147	0.254407	0.268865	0.27119	0.264257	0.260917	0.267703	0.281747	0.310719	0.357939	0.404437	0.438662	0.462187	0.469719	0.457029	0.436833	0.424297	0.424297	
0.598119	0.659236	0.721318	0.777802	0.805781	0.792704	0.754452	0.72122	0.712581	0.714745	0.716698	0.732609	0.756053	0.794089	0.825664	0.844069	0.8412	0.804312	0.739459	0.642688	0.528623	0.414033	0.316474	0.240829	0.179582	0.130458	0.0850851	0.0635765	0.0654998	0.0759767	0.0994398	0.120805	0.147441	0.184212	0.218565	0.241362	0.239814	0.231529	0.233274	0.236958	0.256194	0.285997	0.318993	0.351959	0.377357	0.395604	0.389629	0.371019	0.357516	0.357516	
0.697628	0.747681	0.797339	0.831192	0.834043	0.78891	0.72122	0.667739	0.635458	0.621228	0.623947	0.654397	0.703042	0.764776	0.820369	0.853606	0.8611	0.835244	0.78051	0.694332	0.591454	0.482539	0.376296	0.282917	0.19308	0.109167	0.0336796	-0.0194598	-0.0440494	-0.043276	-0.0172121	0.0146169	0.0528186	0.0996568	0.152454	0.19166	0.200487	0.199284	0.202103	0.205713	0.211027	0.220802	0.234493	0.254092	0.279573	0.303062	0.311052	0.305421	0.298298	0.298298	
0.765572	0.808938	0.845757	0.865396	0.8485	0.791639	0.712581	0.635458	0.57496	0.540542	0.542027	0.581872	0.654157	0.733488	0.79833	0.837898	0.852351	0.838184	0.79383	0.724977	0.63257	0.527561	0.413581	0.29731	0.183986	0.0775205	-0.0230317	-0.103591	-0.1529	-0.160299	-0.131034	-0.0884376	-0.0365936	0.0221481	0.0895201	0.138134	0.159838	0.170759	0.179559	0.181989	0.173024	0.164506	0.158872	0.164234	0.181555	0.204712	0.222815	0.229435	0.232097	0.232097	
0.80315	0.843488	0.872182	0.882244	0.860299	0.800861	0.714745	0.621228	0.540542	0.491271	0.482467	0.520356	0.597365	0.681864	0.748763	0.799724	0.825892	0.831725	0.803739	0.745715	0.661014	0.553854	0.425178	0.284804	0.153579	0.0267138	-0.089001	-0.189089	-0.247559	-0.255901	-0.222534	-0.16763	-0.107323	-0.0356025	0.036225	0.0905423	0.125091	0.152837	0.168523	0.163246	0.141699	0.115608	0.0953756	0.0866985	0.092001	0.107339	0.124121	0.136629	0.145631	0.145631	
0.82311	0.866022	0.885714	0.891011	0.864873	0.805931	0.716698	0.623947	0.542027	0.482467	0.459777	0.486876	0.553399	0.626349	0.689359	0.740012	0.779298	0.801982	0.789873	0.740907	0.661945	0.547655	0.406337	0.2501	0.104298	-0.0329913	-0.155284	-0.254479	-0.311692	-0.312518	-0.275506	-0.217841	-0.153276	-0.0780814	-0.00651968	0.0528213	0.104206	0.148499	0.170842	0.158362	0.123198	0.0839537	0.0482407	0.0218298	0.0119235	0.00927159	0.0118893	0.0213466	0.0310457	0.0310457	
0.808417	0.8564	0.877845	0.883551	0.860857	0.806829	0.732609	0.654397	0.581872	0.520356	0.486876	0.489793	0.531989	0.580423	0.625408	0.664575	0.708354	0.741537	0.740222	0.703671	0.628514	0.513723	0.36951	0.206427	0.053073	-0.0855856	-0.201568	-0.286838	-0.332019	-0.323816	-0.285475	-0.229983	-0.171385	-0.102223	-0.031471	0.028591	0.0853814	0.135167	0.152307	0.13294	0.0954971	0.0507033	0.0106145	-0.0251467	-0.0490732	-0.0698038	-0.0894961	-0.0929123	-0.0871686	-0.0871686	
0.754739	0.814071	0.845961	0.858652	0.84715	0.807203	0.756053	0.703042	0.654157	0.597365	0.553399	0.531989	0.539522	0.554307	0.570975	0.590801	0.623015	0.652282	0.655507	0.625553	0.558036	0.460286	0.329339	0.174869	0.02561	-0.106767	-0.21135	-0.281531	-0.314514	-0.299796	-0.258872	-0.214308	-0.169701	-0.113202	-0.0500534	0.00812546	0.0583626	0.100093	0.111113	0.0901391	0.0555106	0.0140108	-0.0294222	-0.0724512	-0.102868	-0.134987	-0.165078	-0.173845	-0.170091	-0.170091	
0.660092	0.734365	0.782508	0.810952	0.821101	0.813431	0.794089	0.764776	0.733488	0.681864	0.626349	0.580423	0.554307	0.538648	0.52127	0.51325	0.526572	0.544054	0.547343	0.525113	0.477984	0.405423	0.295231	0.159306	0.021863	-0.0973692	-0.187057	-0.243071	-0.264556	-0.245904	-0.207857	-0.178664	-0.152481	-0.110357	-0.0584847	-0.0109891	0.0214201	0.0467918	0.0499941	0.0300847	0.00716845	-0.0271058	-0.0677804	-0.111741	-0.150334	-0.183311	-0.213417	-0.224943	-0.220361	-0.220361	
0.543581	0.627988	0.696666	0.751501	0.795638	0.819523	0.825664	0.820369	0.79833	0.748763	0.689359	0.625408	0.570975	0.52127	0.472879	0.440803	0.431805	0.434741	0.433036	0.415712	0.387125	0.341877	0.260791	0.156638	0.0460783	-0.0547936	-0.132218	-0.182086	-0.196481	-0.180938	-0.155655	-0.13855	-0.125914	-0.0980015	-0.0617643	-0.0362	-0.0228473	-0.0125964	-0.0130977	-0.0229549	-0.037198	-0.0571466	-0.0929352	-0.143891	-0.186784	-0.222836	-0.247459	-0.25487	-0.253868	-0.253868	
0.417241	0.521122	0.612927	0.691583	0.758963	0.811523	0.844069	0.853606	0.837898	0.799724	0.740012	0.664575	0.590801	0.51325	0.440803	0.384971	0.350203	0.331318	0.313765	0.300739	0.286853	0.266546	0.226768	0.164986	0.0935273	0.013376	-0.0532842	-0.0955833	-0.113032	-0.111441	-0.110534	-0.109006	-0.102191	-0.0878206	-0.0709779	-0.0665925	-0.0684847	-0.0659307	-0.0673913	-0.0734656	-0.0802767	-0.0909078	-0.119497	-0.16786	-0.215282	-0.246341	-0.259998	-0.264623	-0.264596	-0.264596	
0.301922	0.424436	0.532395	0.627116	0.710913	0.78788	0.8412	0.8611	0.852351	0.825892	0.779298	0.708354	0.623015	0.526572	0.431805	0.350203	0.284416	0.243605	0.216435	0.200519	0.195616	0.195038	0.193262	0.17843	0.147123	0.0962484	0.0460842	0.0107088	-0.0138875	-0.0443146	-0.0767096	-0.0922026	-0.0921519	-0.0844607	-0.0847708	-0.0949031	-0.103131	-0.107865	-0.112937	-0.12384	-0.132932	-0.138367	-0.156944	-0.191547	-0.231341	-0.252048	-0.254074	-0.256233	-0.258359	-0.258359	
0.20235	0.332963	0.446574	0.550352	0.65032	0.741717	0.804312	0.835244	0.838184	0.831725	0.801982	0.741537	0.652282	0.544054	0.434741	0.331318	0.243605	0.18586	0.149432	0.128541	0.127144	0.13946	0.169087	0.192647	0.197961	0.180361	0.153416	0.126575	0.0913233	0.0310097	-0.0353957	-0.0717121	-0.0817986	-0.0813922	-0.0941045	-0.111853	-0.123492	-0.137387	-0.149539	-0.16986	-0.188308	-0.194752	-0.202291	-0.218216	-0.239935	-0.248445	-0.246523	-0.247384	-0.25613	-0.25613	
0.119764	0.243253	0.350845	0.455047	0.557729	0.658945	0.739459	0.78051	0.79383	0.803739	0.789873	0.740222	0.655507	0.547343	0.433036	0.313765	0.216435	0.149432	0.107573	0.0886678	0.0901293	0.110033	0.154742	0.203138	0.239262	0.258249	0.255435	0.241529	0.20031	0.121322	0.0302313	-0.0342222	-0.0585058	-0.0707222	-0.0901285	-0.113439	-0.132786	-0.154773	-0.176729	-0.205259	-0.231608	-0.24324	-0.244723	-0.241161	-0.247274	-0.247717	-0.247841	-0.259166	-0.274523	-0.274523	
0.0576993	0.158952	0.250211	0.344656	0.450695	0.556553	0.642688	0.694332	0.724977	0.745715	0.740907	0.703671	0.625553	0.525113	0.415712	0.300739	0.200519	0.128541	0.0886678	0.0735916	0.0777384	0.10235	0.153933	0.218835	0.280616	0.327776	0.341926	0.335249	0.298028	0.212081	0.107038	0.0176213	-0.0282504	-0.0529533	-0.0828317	-0.113693	-0.142403	-0.170808	-0.195687	-0.225647	-0.252827	-0.26788	-0.269333	-0.256803	-0.25351	-0.251338	-0.257351	-0.280666	-0.30326	-0.30326	
0.00958209	0.0866543	0.162445	0.244261	0.341574	0.441578	0.528623	0.591454	0.63257	0.661014	0.661945	0.628514	0.558036	0.477984	0.387125	0.286853	0.195616	0.127144	0.0901293	0.0777384	0.0867313	0.117576	0.177469	0.260165	0.337143	0.391926	0.40982	0.40189	0.366879	0.284494	0.175694	0.0708827	0.00590709	-0.0362999	-0.0843033	-0.131734	-0.170753	-0.203119	-0.224425	-0.245114	-0.263535	-0.272955	-0.274434	-0.262379	-0.253957	-0.248868	-0.257145	-0.28262	-0.30858	-0.30858	
-0.00587415	0.05061	0.107503	0.17137	0.246005	0.332108	0.414033	0.482539	0.527561	0.553854	0.547655	0.513723	0.460286	0.405423	0.341877	0.266546	0.195038	0.13946	0.110033	0.10235	0.117576	0.159663	0.232329	0.320364	0.396171	0.443656	0.455026	0.445162	0.40921	0.334235	0.2289	0.119118	0.0387057	-0.0290541	-0.0987908	-0.166206	-0.213756	-0.242132	-0.255101	-0.260364	-0.261104	-0.259947	-0.261376	-0.254754	-0.250609	-0.24502	-0.250852	-0.272174	-0.292794	-0.292794	
0.0231189	0.0547049	0.088581	0.125933	0.180898	0.248611	0.316474	0.376296	0.413581	0.425178	0.406337	0.36951	0.329339	0.295231	0.260791	0.226768	0.193262	0.169087	0.154742	0.153933	0.177469	0.232329	0.308093	0.385424	0.444564	0.474274	0.481232	0.466036	0.432934	0.368542	0.275395	0.172225	0.0751872	-0.0189844	-0.114564	-0.200247	-0.254145	-0.275883	-0.276999	-0.264328	-0.247181	-0.233535	-0.23387	-0.238011	-0.243692	-0.248641	-0.255295	-0.269777	-0.282017	-0.282017	
0.0830138	0.0916039	0.0992581	0.113391	0.140153	0.188925	0.240829	0.282917	0.29731	0.284804	0.2501	0.206427	0.174869	0.159306	0.156638	0.164986	0.17843	0.192647	0.203138	0.218835	0.260165	0.320364	0.385424	0.439779	0.477681	0.496268	0.500956	0.489215	0.457431	0.405175	0.326349	0.228131	0.116658	0.00205989	-0.112632	-0.213018	-0.272654	-0.296284	-0.291301	-0.269316	-0.241043	-0.21805	-0.212337	-0.219295	-0.235601	-0.252151	-0.266176	-0.276205	-0.281108	-0.281108	
0.162326	0.152968	0.139335	0.129848	0.134079	0.15522	0.179582	0.19308	0.183986	0.153579	0.104298	0.053073	0.02561	0.021863	0.0460783	0.0935273	0.147123	0.197961	0.239262	0.280616	0.337143	0.396171	0.444564	0.477681	0.499874	0.512533	0.518438	0.50848	0.483486	0.441798	0.370325	0.272942	0.150108	0.0231418	-0.0967403	-0.198037	-0.260033	-0.283856	-0.279838	-0.260688	-0.237116	-0.21809	-0.210646	-0.218373	-0.235463	-0.257539	-0.273902	-0.276813	-0.277431	-0.277431	
0.229935	0.219971	0.198809	0.174125	0.152329	0.139016	0.130458	0.109167	0.0775205	0.0267138	-0.0329913	-0.0855856	-0.106767	-0.0973692	-0.0547936	0.013376	0.0962484	0.180361	0.258249	0.327776	0.391926	0.443656	0.474274	0.496268	0.512533	0.525753	0.53185	0.523787	0.501452	0.461215	0.393728	0.297162	0.175604	0.052032	-0.0600356	-0.154533	-0.218314	-0.249177	-0.258031	-0.251858	-0.24066	-0.230123	-0.221745	-0.222486	-0.232896	-0.251417	-0.263994	-0.269047	-0.269197	-0.269197	
0.288178	0.283201	0.26387	0.228988	0.180169	0.129556	0.0850851	0.0336796	-0.0230317	-0.089001	-0.155284	-0.201568	-0.21135	-0.187057	-0.132218	-0.0532842	0.0460842	0.153416	0.255435	0.341926	0.40982	0.455026	0.481232	0.500956	0.518438	0.53185	0.534249	0.525143	0.49797	0.456013	0.393913	0.303363	0.191784	0.0794982	-0.0205798	-0.100639	-0.158897	-0.195183	-0.21671	-0.225825	-0.229533	-0.234098	-0.233091	-0.233601	-0.236446	-0.243183	-0.247426	-0.250878	-0.253968	-0.253968	
0.333198	0.331918	0.314955	0.273915	0.212661	0.138633	0.0635765	-0.0194598	-0.103591	-0.189089	-0.254479	-0.286838	-0.281531	-0.243071	-0.182086	-0.0955833	0.0107088	0.126575	0.241529	0.335249	0.40189	0.445162	0.466036	0.489215	0.50848	0.523787	0.525143	0.504577	0.469934	0.425523	0.373031	0.300873	0.209087	0.113896	0.0305196	-0.0348082	-0.0874422	-0.133755	-0.17218	-0.197999	-0.217865	-0.234669	-0.24448	-0.247923	-0.241723	-0.234817	-0.226086	-0.220476	-0.224777	-0.224777	
0.343013	0.353085	0.345678	0.31298	0.248191	0.162984	0.0654998	-0.0440494	-0.1529	-0.247559	-0.311692	-0.332019	-0.314514	-0.264556	-0.196481	-0.113032	-0.0138875	0.0913233	0.20031	0.298028	0.366879	0.40921	0.432934	0.457431	0.483486	0.501452	0.49797	0.469934	0.427425	0.390222	0.356656	0.308694	0.244007	0.167107	0.100463	0.0440234	-0.0130881	-0.0748154	-0.13932	-0.187362	-0.220299	-0.248758	-0.264353	-0.262927	-0.250357	-0.226134	-0.196102	-0.177566	-0.169505	-0.169505	
0.33286	0.352415	0.35798	0.337117	0.280671	0.190054	0.0759767	-0.043276	-0.160299	-0.255901	-0.312518	-0.323816	-0.299796	-0.245904	-0.180938	-0.111441	-0.0443146	0.0310097	0.121322	0.212081	0.284494	0.334235	0.368542	0.405175	0.441798	0.461215	0.456013	0.425523	0.390222	0.369622	0.35952	0.336099	0.292461	0.235459	0.179575	0.12597	0.0638949	-0.0184299	-0.107734	-0.177468	-0.229757	-0.264653	-0.281812	-0.278359	-0.254996	-0.219402	-0.172043	-0.130091	-0.108784	-0.108784	
0.301519	0.338167	0.358911	0.347948	0.296093	0.211112	0.0994398	-0.0172121	-0.131034	-0.222534	-0.275506	-0.285475	-0.258872	-0.207857	-0.155655	-0.110534	-0.0767096	-0.0353957	0.0302313	0.107038	0.175694	0.2289	0.275395	0.326349	0.370325	0.393728	0.393913	0.373031	0.356656	0.35952	0.36848	0.367906	0.345257	0.307977	0.265709	0.212975	0.141941	0.0383527	-0.0742551	-0.168644	-0.232764	-0.26961	-0.281915	-0.26803	-0.241078	-0.201099	-0.152193	-0.103519	-0.0756592	-0.0756592	
0.272926	0.322719	0.349155	0.345064	0.301914	0.223418	0.120805	0.0146169	-0.0884376	-0.16763	-0.217841	-0.229983	-0.214308	-0.178664	-0.13855	-0.109006	-0.0922026	-0.0717121	-0.0342222	0.0176213	0.0708827	0.119118	0.172225	0.228131	0.272942	0.297162	0.303363	0.300873	0.308694	0.336099	0.367906	0.384688	0.382509	0.362122	0.333213	0.287868	0.214242	0.104784	-0.0206132	-0.126328	-0.200261	-0.241838	-0.255369	-0.241589	-0.214646	-0.180126	-0.138683	-0.101219	-0.07636	-0.07636	
0.242104	0.288241	0.320598	0.326566	0.30074	0.237147	0.147441	0.0528186	-0.0365936	-0.107323	-0.153276	-0.171385	-0.169701	-0.152481	-0.125914	-0.102191	-0.0921519	-0.0817986	-0.0585058	-0.0282504	0.00590709	0.0387057	0.0751872	0.116658	0.150108	0.175604	0.191784	0.209087	0.244007	0.292461	0.345257	0.382509	0.394947	0.393062	0.377253	0.340176	0.271229	0.161013	0.0377954	-0.0662728	-0.141315	-0.185094	-0.202744	-0.194864	-0.170704	-0.145679	-0.124398	-0.109231	-0.10114	-0.10114	
0.195456	0.23493	0.276859	0.301691	0.297756	0.254407	0.184212	0.0996568	0.0221481	-0.0356025	-0.0780814	-0.102223	-0.113202	-0.110357	-0.0980015	-0.0878206	-0.0844607	-0.0813922	-0.0707222	-0.0529533	-0.0362999	-0.0290541	-0.0189844	0.00205989	0.0231418	0.052032	0.0794982	0.113896	0.167107	0.235459	0.307977	0.362122	0.393062	0.403079	0.395665	0.367206	0.300997	0.199238	0.0927711	0.00231199	-0.0632089	-0.108459	-0.134662	-0.136347	-0.122177	-0.10791	-0.105467	-0.112917	-0.119608	-0.119608	
0.157179	0.190971	0.236643	0.276396	0.292947	0.268865	0.218565	0.152454	0.0895201	0.036225	-0.00651968	-0.031471	-0.0500534	-0.0584847	-0.0617643	-0.0709779	-0.0847708	-0.0941045	-0.0901285	-0.0828317	-0.0843033	-0.0987908	-0.114564	-0.112632	-0.0967403	-0.0600356	-0.0205798	0.0305196	0.100463	0.179575	0.265709	0.333213	0.377253	0.395665	0.396111	0.375207	0.318584	0.237865	0.155073	0.0880474	0.0313609	-0.0181868	-0.0569924	-0.0785982	-0.0828158	-0.0859336	-0.0957534	-0.11448	-0.125496	-0.125496	
0.144338	0.175123	0.222613	0.261576	0.281364	0.27119	0.241362	0.19166	0.138134	0.0905423	0.0528213	0.028591	0.00812546	-0.0109891	-0.0362	-0.0665925	-0.0949031	-0.111853	-0.113439	-0.113693	-0.131734	-0.166206	-0.200247	-0.213018	-0.198037	-0.154533	-0.100639	-0.0348082	0.0440234	0.12597	0.212975	0.287868	0.340176	0.367206	0.375207	0.368636	0.333632	0.282846	0.233619	0.19054	0.144243	0.0896536	0.0356948	-0.0136786	-0.0503967	-0.079828	-0.105067	-0.124839	-0.134048	-0.134048	
0.156174	0.189259	0.229129	0.260337	0.272329	0.264257	0.239814	0.200487	0.159838	0.125091	0.104206	0.0853814	0.0583626	0.0214201	-0.0228473	-0.0684847	-0.103131	-0.123492	-0.132786	-0.142403	-0.170753	-0.213756	-0.254145	-0.272654	-0.260033	-0.218314	-0.158897	-0.0874422	-0.0130881	0.0638949	0.141941	0.214242	0.271229	0.300997	0.318584	0.333632	0.332412	0.322218	0.313146	0.297852	0.263499	0.208116	0.138665	0.0612163	-0.010773	-0.0701002	-0.110409	-0.130464	-0.136299	-0.136299	
0.195936	0.228366	0.259132	0.279287	0.278264	0.260917	0.231529	0.199284	0.170759	0.152837	0.148499	0.135167	0.100093	0.0467918	-0.0125964	-0.0659307	-0.107865	-0.137387	-0.154773	-0.170808	-0.203119	-0.242132	-0.275883	-0.296284	-0.283856	-0.249177	-0.195183	-0.133755	-0.0748154	-0.0184299	0.0383527	0.104784	0.161013	0.199238	0.237865	0.282846	0.322218	0.357953	0.384357	0.394818	0.374444	0.31678	0.237903	0.141286	0.0439275	-0.0364661	-0.092507	-0.120398	-0.129134	-0.129134	
0.244691	0.282915	0.308313	0.314194	0.295581	0.267703	0.233274	0.202103	0.179559	0.168523	0.170842	0.152307	0.111113	0.0499941	-0.0130977	-0.0673913	-0.112937	-0.149539	-0.176729	-0.195687	-0.224425	-0.255101	-0.276999	-0.291301	-0.279838	-0.258031	-0.21671	-0.17218	-0.13932	-0.107734	-0.0742551	-0.0206132	0.0377954	0.0927711	0.155073	0.233619	0.313146	0.384357	0.440916	0.470712	0.457364	0.39973	0.315661	0.212151	0.109764	0.0205213	-0.0495271	-0.0912344	-0.111567	-0.111567	
0.291908	0.343229	0.367014	0.361286	0.324392	0.281747	0.236958	0.205713	0.181989	0.163246	0.158362	0.13294	0.0901391	0.0300847	-0.0229549	-0.0734656	-0.12384	-0.16986	-0.205259	-0.225647	-0.245114	-0.260364	-0.264328	-0.269316	-0.260688	-0.251858	-0.225825	-0.197999	-0.187362	-0.177468	-0.168644	-0.126328	-0.0662728	0.00231199	0.0880474	0.19054	0.297852	0.394818	0.470712	0.511009	0.505115	0.451906	0.37151	0.277197	0.181829	0.0914231	0.00873005	-0.0517674	-0.0862695	-0.0862695	
0.332918	0.405084	0.433444	0.417435	0.36812	0.310719	0.256194	0.211027	0.173024	0.141699	0.123198	0.0954971	0.0555106	0.00716845	-0.037198	-0.0802767	-0.132932	-0.188308	-0.231608	-0.252827	-0.263535	-0.261104	-0.247181	-0.241043	-0.237116	-0.24066	-0.229533	-0.217865	-0.220299	-0.229757	-0.232764	-0.200261	-0.141315	-0.0632089	0.0313609	0.144243	0.263499	0.374444	0.457364	0.505115	0.512018	0.474791	0.4168	0.343201	0.261013	0.173125	0.0804411	0.00613355	-0.0370037	-0.0370037	
0.362823	0.45198	0.49337	0.480642	0.426626	0.357939	0.285997	0.220802	0.164506	0.115608	0.0839537	0.0507033	0.0140108	-0.0271058	-0.0571466	-0.0909078	-0.138367	-0.194752	-0.24324	-0.26788	-0.272955	-0.259947	-0.233535	-0.21805	-0.21809	-0.230123	-0.234098	-0.234669	-0.248758	-0.264653	-0.26961	-0.241838	-0.185094	-0.108459	-0.0181868	0.0896536	0.208116	0.31678	0.39973	0.451906	0.474791	0.471331	0.446888	0.402964	0.341636	0.259866	0.171589	0.0997174	0.0592719	0.0592719	
0.38741	0.485624	0.535323	0.528524	0.479769	0.404437	0.318993	0.234493	0.158872	0.0953756	0.0482407	0.0106145	-0.0294222	-0.0677804	-0.0929352	-0.119497	-0.156944	-0.202291	-0.244723	-0.269333	-0.274434	-0.261376	-0.23387	-0.212337	-0.210646	-0.221745	-0.233091	-0.24448	-0.264353	-0.281812	-0.281915	-0.255369	-0.202744	-0.134662	-0.0569924	0.0356948	0.138665	0.237903	0.315661	0.37151	0.4168	0.446888	0.457959	0.444987	0.404821	0.342251	0.274029	0.221533	0.195143	0.195143	
0.398515	0.500101	0.552128	0.550075	0.509995	0.438662	0.351959	0.254092	0.164234	0.0866985	0.0218298	-0.0251467	-0.0724512	-0.111741	-0.143891	-0.16786	-0.191547	-0.218216	-0.241161	-0.256803	-0.262379	-0.254754	-0.238011	-0.219295	-0.218373	-0.222486	-0.233601	-0.247923	-0.262927	-0.278359	-0.26803	-0.241589	-0.194864	-0.136347	-0.0785982	-0.0136786	0.0612163	0.141286	0.212151	0.277197	0.343201	0.402964	0.444987	0.461169	0.450498	0.420573	0.386654	0.362235	0.353365	0.353365	
0.412842	0.50667	0.554695	0.556564	0.524985	0.462187	0.377357	0.279573	0.181555	0.092001	0.0119235	-0.0490732	-0.102868	-0.150334	-0.186784	-0.215282	-0.231341	-0.239935	-0.247274	-0.25351	-0.253957	-0.250609	-0.243692	-0.235601	-0.235463	-0.232896	-0.236446	-0.241723	-0.250357	-0.254996	-0.241078	-0.214646	-0.170704	-0.122177	-0.0828158	-0.0503967	-0.010773	0.0439275	0.109764	0.181829	0.261013	0.341636	0.404821	0.450498	0.479586	0.492975	0.503182	0.510039	0.516589	0.516589	
0.429005	0.517481	0.552723	0.54903	0.522778	0.469719	0.395604	0.303062	0.204712	0.107339	0.00927159	-0.0698038	-0.134987	-0.183311	-0.222836	-0.246341	-0.252048	-0.248445	-0.247717	-0.251338	-0.248868	-0.24502	-0.248641	-0.252151	-0.257539	-0.251417	-0.243183	-0.234817	-0.226134	-0.219402	-0.201099	-0.180126	-0.145679	-0.10791	-0.0859336	-0.079828	-0.0701002	-0.0364661	0.0205213	0.0914231	0.173125	0.259866	0.342251	0.420573	0.492975	0.560624	0.61778	0.657699	0.679898	0.679898	
0.444449	0.526318	0.551605	0.542156	0.50968	0.457029	0.389629	0.311052	0.222815	0.124121	0.0118893	-0.0894961	-0.165078	-0.213417	-0.247459	-0.259998	-0.254074	-0.246523	-0.247841	-0.257351	-0.257145	-0.250852	-0.255295	-0.266176	-0.273902	-0.263994	-0.247426	-0.226086	-0.196102	-0.172043	-0.152193	-0.138683	-0.124398	-0.105467	-0.0957534	-0.105067	-0.110409	-0.092507	-0.0495271	0.00873005	0.0804411	0.171589	0.274029	0.386654	0.503182	0.61778	0.718607	0.789968	0.826749	0.826749	
0.463149	0.547311	0.563166	0.540207	0.495154	0.436833	0.371019	0.305421	0.229435	0.136629	0.0213466	-0.0929123	-0.173845	-0.224943	-0.25487	-0.264623	-0.256233	-0.247384	-0.259166	-0.280666	-0.28262	-0.272174	-0.269777	-0.276205	-0.276813	-0.269047	-0.250878	-0.220476	-0.177566	-0.130091	-0.103519	-0.101219	-0.109231	-0.112917	-0.11448	-0.124839	-0.130464	-0.120398	-0.0912344	-0.0517674	0.00613355	0.0997174	0.221533	0.362235	0.510039	0.657699	0.789968	0.887059	0.937322	0.937322	
0.475387	0.564526	0.578168	0.548486	0.491636	0.424297	0.357516	0.298298	0.232097	0.145631	0.0310457	-0.0871686	-0.170091	-0.220361	-0.253868	-0.264596	-0.258359	-0.25613	-0.274523	-0.30326	-0.30858	-0.292794	-0.282017	-0.281108	-0.277431	-0.269197	-0.253968	-0.224777	-0.169505	-0.108784	-0.0756592	-0.07636	-0.10114	-0.119608	-0.125496	-0.134048	-0.136299	-0.129134	-0.111567	-0.0862695	-0.0370037	0.0592719	0.195143	0.353365	0.516589	0.679898	0.826749	0.937322	0.994977	0.994977	
0.475387	0.564526	0.578168	0.548486	0.491636	0.424297	0.357516	0.298298	0.232097	0.145631	0.0310457	-0.0871686	-0.170091	-0.220361	-0.253868	-0.264596	-0.258359	-0.25613	-0.274523	-0.30326	-0.30858	-0.292794	-0.282017	-0.281108	-0.277431	-0.269197	-0.253968	-0.224777	-0.169505	-0.108784	-0.0756592	-0.07636	-0.10114	-0.119608	-0.125496	-0.134048	-0.136299	-0.129134	-0.111567	-0.0862695	-0.0370037	0.0592719	0.195143	0.353365	0.516589	0.679898	0.826749	0.937322	0.994977	0.994977	
