-0.290212	-0.290212	-0.278362	-0.258675	-0.241405	-0.252643	-0.291946	-0.339176	-0.351377	-0.316042	-0.253485	-0.198894	-0.187963	-0.225116	-0.315412	-0.433248	-0.563282	-0.687959	-0.795291	-0.864716	-0.855895	-0.749659	-0.544197	-0.2495	0.123159	0.540223	0.941827	1.26982	1.50971	1.64862	1.67622	1.57953	1.36819	1.06534	0.692893	0.285062	-0.105962	-0.443217	-0.679508	-0.806927	-0.840844	-0.80087	-0.707989	-0.584176	-0.452954	-0.336654	-0.236795	-0.189461	-0.207112	-0.260272	
-0.290212	-0.290212	-0.278362	-0.258675	-0.241405	-0.252643	-0.291946	-0.339176	-0.351377	-0.316042	-0.253485	-0.198894	-0.187963	-0.225116	-0.315412	-0.433248	-0.563282	-0.687959	-0.795291	-0.864716	-0.855895	-0.749659	-0.544197	-0.2495	0.123159	0.540223	0.941827	1.26982	1.50971	1.64862	1.67622	1.57953	1.36819	1.06534	0.692893	0.285062	-0.105962	-0.443217	-0.679508	-0.806927	-0.840844	-0.80087	-0.707989	-0.584176	-0.452954	-0.336654	-0.236795	-0.189461	-0.207112	-0.260272	
-0.278362	-0.278362	-0.266841	-0.24868	-0.232395	-0.244914	-0.284707	-0.331718	-0.345385	-0.310477	-0.250382	-0.196563	-0.186584	-0.224364	-0.313846	-0.431567	-0.560547	-0.683975	-0.790088	-0.857098	-0.846322	-0.738734	-0.530611	-0.234617	0.139799	0.557617	0.959698	1.28948	1.53091	1.67158	1.70055	1.60671	1.39704	1.09587	0.724039	0.315499	-0.0792911	-0.420005	-0.664419	-0.800443	-0.842495	-0.811239	-0.726625	-0.607565	-0.479443	-0.363174	-0.258204	-0.201914	-0.20706	-0.246566	
-0.258675	-0.258675	-0.24868	-0.231387	-0.218586	-0.231887	-0.272601	-0.320507	-0.334657	-0.30494	-0.24721	-0.199005	-0.191312	-0.231464	-0.322153	-0.439271	-0.567425	-0.689155	-0.79132	-0.854113	-0.839036	-0.726462	-0.515533	-0.214305	0.162174	0.581253	0.984985	1.31758	1.56201	1.7053	1.73706	1.64439	1.43719	1.13534	0.761339	0.349451	-0.0498764	-0.400276	-0.653964	-0.803013	-0.859816	-0.840807	-0.765323	-0.654597	-0.528246	-0.406108	-0.295299	-0.225852	-0.210737	-0.225437	
-0.241405	-0.241405	-0.232395	-0.218586	-0.208709	-0.224701	-0.266657	-0.313698	-0.33176	-0.304464	-0.254233	-0.210354	-0.206982	-0.25101	-0.341928	-0.460672	-0.58815	-0.708101	-0.807934	-0.864701	-0.844249	-0.727293	-0.508713	-0.202938	0.179005	0.599913	1.00448	1.3401	1.58575	1.72957	1.75976	1.66771	1.45889	1.15482	0.777321	0.360767	-0.0483423	-0.40528	-0.67317	-0.83545	-0.902048	-0.892349	-0.824838	-0.714984	-0.587591	-0.460396	-0.33683	-0.249941	-0.212568	-0.204973	
-0.252643	-0.252643	-0.244914	-0.231887	-0.224701	-0.239918	-0.27893	-0.323174	-0.338076	-0.31488	-0.266232	-0.227919	-0.22609	-0.271648	-0.36249	-0.479497	-0.604962	-0.722354	-0.816549	-0.867143	-0.841145	-0.718421	-0.497723	-0.186837	0.194269	0.612662	1.01378	1.34796	1.59222	1.73345	1.7608	1.6654	1.45449	1.1461	0.763855	0.342465	-0.0704382	-0.435033	-0.708953	-0.879317	-0.953955	-0.947962	-0.879211	-0.768323	-0.63364	-0.492508	-0.360637	-0.259893	-0.20304	-0.174202	
-0.291946	-0.291946	-0.284707	-0.272601	-0.266657	-0.27893	-0.313191	-0.347939	-0.358859	-0.331659	-0.283802	-0.244237	-0.239609	-0.282481	-0.367027	-0.47981	-0.600296	-0.712811	-0.802761	-0.846614	-0.817129	-0.694035	-0.472478	-0.165445	0.211254	0.618701	1.0086	1.33496	1.57062	1.70451	1.72446	1.62513	1.41305	1.1038	0.722174	0.30371	-0.109766	-0.470858	-0.746874	-0.918977	-0.992207	-0.983161	-0.910677	-0.790927	-0.647076	-0.494996	-0.349464	-0.235411	-0.164589	-0.125569	
-0.339176	-0.339176	-0.331718	-0.320507	-0.313698	-0.323174	-0.347939	-0.373181	-0.374465	-0.344232	-0.293546	-0.252449	-0.243113	-0.280322	-0.357527	-0.462993	-0.576873	-0.683891	-0.767507	-0.805632	-0.773876	-0.652075	-0.437329	-0.136971	0.224874	0.6149	0.985217	1.29573	1.51873	1.64074	1.65136	1.54914	1.33758	1.03235	0.658877	0.249656	-0.151727	-0.501999	-0.769126	-0.934729	-1.00095	-0.983761	-0.899796	-0.770692	-0.61442	-0.447947	-0.296291	-0.173538	-0.0911407	-0.0438109	
-0.351377	-0.351377	-0.345385	-0.334657	-0.33176	-0.338076	-0.358859	-0.374465	-0.371542	-0.34065	-0.292685	-0.254169	-0.243913	-0.27936	-0.351609	-0.453057	-0.562589	-0.666031	-0.745679	-0.778422	-0.745954	-0.627147	-0.419264	-0.130213	0.217806	0.585953	0.934806	1.22877	1.43615	1.54671	1.54898	1.44271	1.23579	0.937862	0.575346	0.183597	-0.200437	-0.531343	-0.781544	-0.931762	-0.984589	-0.952497	-0.85468	-0.711703	-0.543118	-0.363458	-0.201571	-0.0730887	0.0127409	0.0596848	
-0.316042	-0.316042	-0.310477	-0.30494	-0.304464	-0.31488	-0.331659	-0.344232	-0.34065	-0.315652	-0.27796	-0.248862	-0.245653	-0.285693	-0.360216	-0.463389	-0.575032	-0.67945	-0.758942	-0.789365	-0.756169	-0.640683	-0.439052	-0.156737	0.178248	0.531015	0.862516	1.14219	1.34055	1.44195	1.43702	1.33213	1.12991	0.841496	0.495918	0.121693	-0.241324	-0.549507	-0.780353	-0.914083	-0.94698	-0.895788	-0.777158	-0.617025	-0.431641	-0.240501	-0.0763507	0.0533902	0.141676	0.185233	
-0.253485	-0.253485	-0.250382	-0.24721	-0.254233	-0.266232	-0.283802	-0.293546	-0.292685	-0.27796	-0.254933	-0.241383	-0.250588	-0.300359	-0.382168	-0.492259	-0.608859	-0.718514	-0.798927	-0.827336	-0.794082	-0.679456	-0.483029	-0.206767	0.120553	0.460285	0.779754	1.05376	1.24844	1.35021	1.34796	1.24747	1.05612	0.780929	0.449063	0.0944426	-0.246913	-0.533606	-0.742966	-0.855036	-0.87119	-0.800791	-0.663106	-0.487059	-0.289477	-0.0866284	0.0812007	0.205719	0.283077	0.313653	
-0.198894	-0.198894	-0.196563	-0.199005	-0.210354	-0.227919	-0.244237	-0.252449	-0.254169	-0.248862	-0.241383	-0.242157	-0.262891	-0.320406	-0.408301	-0.522651	-0.645119	-0.757657	-0.840041	-0.866856	-0.831838	-0.719553	-0.526657	-0.254331	0.066569	0.398691	0.711075	0.981262	1.17936	1.28502	1.28837	1.19994	1.02463	0.768061	0.46126	0.1309	-0.185858	-0.448486	-0.63829	-0.737328	-0.738203	-0.653932	-0.502728	-0.317728	-0.113119	0.0870493	0.244587	0.355823	0.421832	0.437035	
-0.187963	-0.187963	-0.186584	-0.191312	-0.206982	-0.22609	-0.239609	-0.243113	-0.243913	-0.245653	-0.250588	-0.262891	-0.292082	-0.35315	-0.442171	-0.557256	-0.677901	-0.789675	-0.866262	-0.8859	-0.844793	-0.729654	-0.539794	-0.272292	0.0413032	0.363071	0.666061	0.933108	1.13436	1.24825	1.26417	1.1927	1.03966	0.81009	0.531263	0.231168	-0.0535597	-0.288236	-0.454903	-0.535943	-0.529571	-0.443214	-0.294282	-0.118179	0.0719352	0.257116	0.394891	0.482112	0.522897	0.517912	
-0.225116	-0.225116	-0.224364	-0.231464	-0.25101	-0.271648	-0.282481	-0.280322	-0.27936	-0.285693	-0.300359	-0.320406	-0.35315	-0.41113	-0.495972	-0.603139	-0.718093	-0.820875	-0.888186	-0.896088	-0.844474	-0.724565	-0.534216	-0.269956	0.038387	0.352924	0.648361	0.912314	1.11645	1.23728	1.26436	1.20949	1.08096	0.882491	0.639527	0.378935	0.131839	-0.070445	-0.213213	-0.283526	-0.277113	-0.19884	-0.066706	0.0836105	0.242703	0.388567	0.487234	0.53773	0.552051	0.528017	
-0.315412	-0.315412	-0.313846	-0.322153	-0.341928	-0.36249	-0.367027	-0.357527	-0.351609	-0.360216	-0.382168	-0.408301	-0.442171	-0.495972	-0.572789	-0.671433	-0.775127	-0.867069	-0.918477	-0.910913	-0.842792	-0.712957	-0.518693	-0.254796	0.0498313	0.35812	0.648681	0.908914	1.11876	1.24889	1.28986	1.2548	1.15178	0.983423	0.77666	0.55141	0.340531	0.168446	0.0470476	-0.0159834	-0.016423	0.0406769	0.140232	0.248839	0.35954	0.456687	0.507775	0.516351	0.497069	0.453698	
-0.433248	-0.433248	-0.431567	-0.439271	-0.460672	-0.479497	-0.47981	-0.462993	-0.453057	-0.463389	-0.492259	-0.522651	-0.557256	-0.603139	-0.671433	-0.757102	-0.849335	-0.926135	-0.962098	-0.936156	-0.851491	-0.710085	-0.509305	-0.244712	0.0599409	0.368595	0.657064	0.922498	1.13949	1.2825	1.34036	1.32386	1.24331	1.10632	0.927955	0.735944	0.553499	0.401169	0.287239	0.218887	0.194984	0.218317	0.275209	0.336124	0.395589	0.439063	0.445594	0.414689	0.366568	0.305547	
-0.563282	-0.563282	-0.560547	-0.567425	-0.58815	-0.604962	-0.600296	-0.576873	-0.562589	-0.575032	-0.608859	-0.645119	-0.677901	-0.718093	-0.775127	-0.849335	-0.927127	-0.989674	-1.00624	-0.963033	-0.858491	-0.704194	-0.495987	-0.228543	0.0773774	0.386173	0.67972	0.947837	1.17709	1.33552	1.41101	1.41466	1.35814	1.24323	1.09167	0.920645	0.752771	0.604977	0.484243	0.390727	0.330309	0.30779	0.312416	0.322992	0.334005	0.336521	0.306956	0.249562	0.184321	0.118089	
-0.687959	-0.687959	-0.683975	-0.689155	-0.708101	-0.722354	-0.712811	-0.683891	-0.666031	-0.67945	-0.718514	-0.757657	-0.789675	-0.820875	-0.867069	-0.926135	-0.989674	-1.03311	-1.03153	-0.967004	-0.843555	-0.675533	-0.45825	-0.189674	0.116472	0.428797	0.722684	0.999016	1.2372	1.40984	1.50369	1.52484	1.4835	1.3898	1.25062	1.09049	0.924484	0.766632	0.620958	0.491641	0.382221	0.303448	0.25229	0.215271	0.186018	0.154537	0.108236	0.0418707	-0.0283783	-0.0956005	
-0.795291	-0.795291	-0.790088	-0.79132	-0.807934	-0.816549	-0.802761	-0.767507	-0.745679	-0.758942	-0.798927	-0.840041	-0.866262	-0.888186	-0.918477	-0.962098	-1.00624	-1.03153	-1.00802	-0.924836	-0.783299	-0.602694	-0.38007	-0.111911	0.192935	0.503592	0.801658	1.0806	1.32543	1.50933	1.61387	1.64476	1.61339	1.52541	1.39121	1.23095	1.05355	0.874256	0.695223	0.519722	0.356122	0.22309	0.120137	0.0443562	-0.0160537	-0.0647193	-0.122638	-0.192538	-0.256782	-0.306677	
-0.864716	-0.864716	-0.857098	-0.854113	-0.864701	-0.867143	-0.846614	-0.805632	-0.778422	-0.789365	-0.827336	-0.866856	-0.8859	-0.896088	-0.910913	-0.936156	-0.963033	-0.967004	-0.924836	-0.822866	-0.666208	-0.476716	-0.250979	0.0119698	0.308449	0.614372	0.907604	1.18515	1.4303	1.61712	1.72814	1.76269	1.7307	1.64068	1.49829	1.32375	1.12456	0.915051	0.698771	0.480197	0.273228	0.0954903	-0.0474617	-0.151823	-0.230978	-0.29322	-0.352607	-0.412678	-0.464082	-0.499054	
-0.855895	-0.855895	-0.846322	-0.839036	-0.844249	-0.841145	-0.817129	-0.773876	-0.745954	-0.756169	-0.794082	-0.831838	-0.844793	-0.844474	-0.842792	-0.851491	-0.858491	-0.843555	-0.783299	-0.666208	-0.50112	-0.30776	-0.0865431	0.164513	0.447301	0.74147	1.02711	1.29978	1.53872	1.72349	1.8308	1.85894	1.81479	1.70988	1.54867	1.35374	1.1283	0.890589	0.640247	0.387642	0.146854	-0.0624856	-0.229843	-0.34654	-0.433514	-0.495905	-0.551741	-0.60503	-0.641156	-0.648319	
-0.749659	-0.749659	-0.738734	-0.726462	-0.727293	-0.718421	-0.694035	-0.652075	-0.627147	-0.640683	-0.679456	-0.719553	-0.729654	-0.724565	-0.712957	-0.710085	-0.704194	-0.675533	-0.602694	-0.476716	-0.30776	-0.115065	0.0982498	0.33565	0.600955	0.879054	1.15379	1.41476	1.64221	1.81591	1.9126	1.92571	1.86322	1.73375	1.54721	1.32554	1.07241	0.807955	0.53518	0.262899	0.0075493	-0.212366	-0.389302	-0.511333	-0.59871	-0.657599	-0.707165	-0.741082	-0.750185	-0.729484	
-0.544197	-0.544197	-0.530611	-0.515533	-0.508713	-0.497723	-0.472478	-0.437329	-0.419264	-0.439052	-0.483029	-0.526657	-0.539794	-0.534216	-0.518693	-0.509305	-0.495987	-0.45825	-0.38007	-0.250979	-0.0865431	0.0982498	0.298278	0.518216	0.762679	1.02553	1.28817	1.54037	1.75649	1.91609	1.99621	1.98804	1.89522	1.73268	1.51479	1.26366	0.98911	0.710919	0.429359	0.153084	-0.0994942	-0.32183	-0.498623	-0.617836	-0.697737	-0.7478	-0.782872	-0.796593	-0.78154	-0.731902	
-0.2495	-0.2495	-0.234617	-0.214305	-0.202938	-0.186837	-0.165445	-0.136971	-0.130213	-0.156737	-0.206767	-0.254331	-0.272292	-0.269956	-0.254796	-0.244712	-0.228543	-0.189674	-0.111911	0.0119698	0.164513	0.33565	0.518216	0.718279	0.943454	1.18777	1.44037	1.68303	1.88557	2.02916	2.08899	2.05475	1.93193	1.7353	1.48598	1.21216	0.922344	0.639006	0.36039	0.0949188	-0.146637	-0.356299	-0.523173	-0.635123	-0.704944	-0.739849	-0.757895	-0.749564	-0.705334	-0.631147	
0.123159	0.123159	0.139799	0.162174	0.179005	0.194269	0.211254	0.224874	0.217806	0.178248	0.120553	0.066569	0.0413032	0.038387	0.0498313	0.0599409	0.0773774	0.116472	0.192935	0.308449	0.447301	0.600955	0.762679	0.943454	1.14473	1.37123	1.61048	1.84108	2.03077	2.15384	2.1906	2.13067	1.97697	1.74904	1.4773	1.18722	0.896675	0.621562	0.35926	0.111242	-0.110719	-0.306544	-0.4626	-0.565142	-0.61705	-0.630737	-0.62798	-0.593989	-0.529591	-0.442794	
0.540223	0.540223	0.557617	0.581253	0.599913	0.612662	0.618701	0.6149	0.585953	0.531015	0.460285	0.398691	0.363071	0.352924	0.35812	0.368595	0.386173	0.428797	0.503592	0.614372	0.74147	0.879054	1.02553	1.18777	1.37123	1.57884	1.80276	2.01919	2.18913	2.28617	2.29429	2.20381	2.02218	1.77031	1.48456	1.19475	0.916454	0.662354	0.424921	0.20056	-0.000806522	-0.180794	-0.322622	-0.413561	-0.447278	-0.443354	-0.418775	-0.370989	-0.294794	-0.202965	
0.941827	0.941827	0.959698	0.984985	1.00448	1.01378	1.0086	0.985217	0.934806	0.862516	0.779754	0.711075	0.666061	0.648361	0.648681	0.657064	0.67972	0.722684	0.801658	0.907604	1.02711	1.15379	1.28817	1.44037	1.61048	1.80276	2.01188	2.21069	2.358	2.4244	2.39788	2.27719	2.06804	1.79907	1.50777	1.22586	0.969117	0.743881	0.536229	0.343596	0.16557	0.00837523	-0.11687	-0.195701	-0.218619	-0.200635	-0.171321	-0.12107	-0.0448113	0.0445659	
1.26982	1.26982	1.28948	1.31758	1.3401	1.34796	1.33496	1.29573	1.22877	1.14219	1.05376	0.981262	0.933108	0.912314	0.908914	0.922498	0.947837	0.999016	1.0806	1.18515	1.29978	1.41476	1.54037	1.68303	1.84108	2.01919	2.21069	2.39063	2.51546	2.55111	2.49389	2.34444	2.11605	1.83501	1.5434	1.27359	1.03954	0.842083	0.66983	0.507344	0.360779	0.233027	0.12986	0.0642471	0.0516329	0.0664416	0.0894846	0.127045	0.186841	0.262222	
1.50971	1.50971	1.53091	1.56201	1.58575	1.59222	1.57062	1.51873	1.43615	1.34055	1.24844	1.17936	1.13436	1.11645	1.11876	1.13949	1.17709	1.2372	1.32543	1.4303	1.53872	1.64221	1.75649	1.88557	2.03077	2.18913	2.358	2.51546	2.61466	2.62371	2.53956	2.372	2.13285	1.85251	1.56686	1.31146	1.09767	0.927436	0.782463	0.654956	0.541062	0.445316	0.367952	0.318699	0.304679	0.312442	0.322116	0.336326	0.374719	0.435515	
1.64862	1.64862	1.67158	1.7053	1.72957	1.73345	1.70451	1.64074	1.54671	1.44195	1.35021	1.28502	1.24825	1.23728	1.24889	1.2825	1.33552	1.40984	1.50933	1.61712	1.72349	1.81591	1.91609	2.02916	2.15384	2.28617	2.4244	2.55111	2.62371	2.6084	2.50499	2.32724	2.08873	1.81673	1.54251	1.30466	1.11171	0.966322	0.85427	0.760741	0.67842	0.615038	0.556197	0.512446	0.492013	0.486843	0.478295	0.476214	0.496568	0.539354	
1.67622	1.67622	1.70055	1.73706	1.75976	1.7608	1.72446	1.65136	1.54898	1.43702	1.34796	1.28837	1.26417	1.26436	1.28986	1.34036	1.41101	1.50369	1.61387	1.72814	1.8308	1.9126	1.99621	2.08899	2.1906	2.29429	2.39788	2.49389	2.53956	2.50499	2.38822	2.20439	1.97022	1.70839	1.44727	1.2268	1.05639	0.941218	0.86559	0.808502	0.760942	0.718873	0.668007	0.621663	0.583119	0.556863	0.533574	0.514946	0.515834	0.545376	
1.57953	1.57953	1.60671	1.64439	1.66771	1.6654	1.62513	1.54914	1.44271	1.33213	1.24747	1.19994	1.1927	1.20949	1.2548	1.32386	1.41466	1.52484	1.64476	1.76269	1.85894	1.92571	1.98804	2.05475	2.13067	2.20381	2.27719	2.34444	2.372	2.32724	2.20439	2.01984	1.7898	1.53521	1.2854	1.08011	0.93226	0.849852	0.811891	0.792636	0.775497	0.749696	0.703025	0.64707	0.586657	0.536873	0.491021	0.450441	0.435837	0.452776	
1.36819	1.36819	1.39704	1.43719	1.45889	1.45449	1.41305	1.33758	1.23579	1.12991	1.05612	1.02463	1.03966	1.08096	1.15178	1.24331	1.35814	1.4835	1.61339	1.7307	1.81479	1.86322	1.89522	1.93193	1.97697	2.02218	2.06804	2.11605	2.13285	2.08873	1.97022	1.7898	1.56541	1.32016	1.0791	0.888475	0.762333	0.707655	0.702171	0.714744	0.720051	0.705565	0.659451	0.595741	0.516128	0.444053	0.37236	0.310682	0.273403	0.276346	
1.06534	1.06534	1.09587	1.13534	1.15482	1.1461	1.1038	1.03235	0.937862	0.841496	0.780929	0.768061	0.81009	0.882491	0.983423	1.10632	1.24323	1.3898	1.52541	1.64068	1.70988	1.73375	1.73268	1.7353	1.74904	1.77031	1.79907	1.83501	1.85251	1.81673	1.70839	1.53521	1.32016	1.08147	0.856703	0.683139	0.578002	0.547474	0.566031	0.592354	0.611952	0.598527	0.552309	0.481351	0.390561	0.294503	0.199143	0.114319	0.062408	0.0562978	
0.692893	0.692893	0.724039	0.761339	0.777321	0.763855	0.722174	0.658877	0.575346	0.495918	0.449063	0.46126	0.531263	0.639527	0.77666	0.927955	1.09167	1.25062	1.39121	1.49829	1.54867	1.54721	1.51479	1.48598	1.4773	1.48456	1.50777	1.5434	1.56686	1.54251	1.44727	1.2854	1.0791	0.856703	0.65098	0.496386	0.411522	0.39737	0.423153	0.460264	0.483216	0.468232	0.420446	0.341167	0.232929	0.116204	-0.00128942	-0.100258	-0.158719	-0.169652	
0.285062	0.285062	0.315499	0.349451	0.360767	0.342465	0.30371	0.249656	0.183597	0.121693	0.0944426	0.1309	0.231168	0.378935	0.55141	0.735944	0.920645	1.09049	1.23095	1.32375	1.35374	1.32554	1.26366	1.21216	1.18722	1.19475	1.22586	1.27359	1.31146	1.30466	1.2268	1.08011	0.888475	0.683139	0.496386	0.360801	0.288244	0.279776	0.310426	0.348679	0.3722	0.359135	0.306303	0.212371	0.0907963	-0.0477655	-0.186889	-0.295016	-0.356043	-0.371503	
-0.105962	-0.105962	-0.0792911	-0.0498764	-0.0483423	-0.0704382	-0.109766	-0.151727	-0.200437	-0.241324	-0.246913	-0.185858	-0.0535597	0.131839	0.340531	0.553499	0.752771	0.924484	1.05355	1.12456	1.1283	1.07241	0.98911	0.922344	0.896675	0.916454	0.969117	1.03954	1.09767	1.11171	1.05639	0.93226	0.762333	0.578002	0.411522	0.288244	0.21926	0.210466	0.235941	0.274433	0.300815	0.288711	0.229814	0.127581	-0.00637717	-0.159627	-0.31001	-0.427733	-0.499607	-0.529729	
-0.443217	-0.443217	-0.420005	-0.400276	-0.40528	-0.435033	-0.470858	-0.501999	-0.531343	-0.549507	-0.533606	-0.448486	-0.288236	-0.070445	0.168446	0.401169	0.604977	0.766632	0.874256	0.915051	0.890589	0.807955	0.710919	0.639006	0.621562	0.662354	0.743881	0.842083	0.927436	0.966322	0.941218	0.849852	0.707655	0.547474	0.39737	0.279776	0.210466	0.194808	0.215416	0.253764	0.280192	0.271393	0.212657	0.106502	-0.0281285	-0.183445	-0.344646	-0.47783	-0.567497	-0.617571	
-0.679508	-0.679508	-0.664419	-0.653964	-0.67317	-0.708953	-0.746874	-0.769126	-0.781544	-0.780353	-0.742966	-0.63829	-0.454903	-0.213213	0.0470476	0.287239	0.484243	0.620958	0.695223	0.698771	0.640247	0.53518	0.429359	0.36039	0.35926	0.424921	0.536229	0.66983	0.782463	0.85427	0.86559	0.811891	0.702171	0.566031	0.423153	0.310426	0.235941	0.215416	0.233923	0.273978	0.300931	0.300833	0.244858	0.147992	0.0218285	-0.127322	-0.293155	-0.443019	-0.559564	-0.636223	
-0.806927	-0.806927	-0.800443	-0.803013	-0.83545	-0.879317	-0.918977	-0.934729	-0.931762	-0.914083	-0.855036	-0.737328	-0.535943	-0.283526	-0.0159834	0.218887	0.390727	0.491641	0.519722	0.480197	0.387642	0.262899	0.153084	0.0949188	0.111242	0.20056	0.343596	0.507344	0.654956	0.760741	0.808502	0.792636	0.714744	0.592354	0.460264	0.348679	0.274433	0.253764	0.273978	0.310128	0.343243	0.354348	0.317683	0.244942	0.13873	-4.12198e-06	-0.173215	-0.346936	-0.489466	-0.586698	
-0.840844	-0.840844	-0.842495	-0.859816	-0.902048	-0.953955	-0.992207	-1.00095	-0.984589	-0.94698	-0.87119	-0.738203	-0.529571	-0.277113	-0.016423	0.194984	0.330309	0.382221	0.356122	0.273228	0.146854	0.0075493	-0.0994942	-0.146637	-0.110719	-0.000806522	0.16557	0.360779	0.541062	0.67842	0.760942	0.775497	0.720051	0.611952	0.483216	0.3722	0.300815	0.280192	0.300931	0.343243	0.391446	0.42548	0.422674	0.380147	0.290743	0.160043	-0.0144915	-0.203295	-0.366039	-0.484278	
-0.80087	-0.80087	-0.811239	-0.840807	-0.892349	-0.947962	-0.983161	-0.983761	-0.952497	-0.895788	-0.800791	-0.653932	-0.443214	-0.19884	0.0406769	0.218317	0.30779	0.303448	0.22309	0.0954903	-0.0624856	-0.212366	-0.32183	-0.356299	-0.306544	-0.180794	0.00837523	0.233027	0.445316	0.615038	0.718873	0.749696	0.705565	0.598527	0.468232	0.359135	0.288711	0.271393	0.300833	0.354348	0.42548	0.492316	0.530353	0.519377	0.45316	0.337718	0.165879	-0.0344049	-0.212231	-0.347543	
-0.707989	-0.707989	-0.726625	-0.765323	-0.824838	-0.879211	-0.910677	-0.899796	-0.85468	-0.777158	-0.663106	-0.502728	-0.294282	-0.066706	0.140232	0.275209	0.312416	0.25229	0.120137	-0.0474617	-0.229843	-0.389302	-0.498623	-0.523173	-0.4626	-0.322622	-0.11687	0.12986	0.367952	0.556197	0.668007	0.703025	0.659451	0.552309	0.420446	0.306303	0.229814	0.212657	0.244858	0.317683	0.422674	0.530353	0.612601	0.639507	0.598972	0.498919	0.338057	0.140367	-0.0449061	-0.19569	
-0.584176	-0.584176	-0.607565	-0.654597	-0.714984	-0.768323	-0.790927	-0.770692	-0.711703	-0.617025	-0.487059	-0.317728	-0.118179	0.0836105	0.248839	0.336124	0.322992	0.215271	0.0443562	-0.151823	-0.34654	-0.511333	-0.617836	-0.635123	-0.565142	-0.413561	-0.195701	0.0642471	0.318699	0.512446	0.621663	0.64707	0.595741	0.481351	0.341167	0.212371	0.127581	0.106502	0.147992	0.244942	0.380147	0.519377	0.639507	0.699701	0.690837	0.621119	0.482835	0.296747	0.109376	-0.0437518	
-0.452954	-0.452954	-0.479443	-0.528246	-0.587591	-0.63364	-0.647076	-0.61442	-0.543118	-0.431641	-0.289477	-0.113119	0.0719352	0.242703	0.35954	0.395589	0.334005	0.186018	-0.0160537	-0.230978	-0.433514	-0.59871	-0.697737	-0.704944	-0.61705	-0.447278	-0.218619	0.0516329	0.304679	0.492013	0.583119	0.586657	0.516128	0.390561	0.232929	0.0907963	-0.00637717	-0.0281285	0.0218285	0.13873	0.290743	0.45316	0.598972	0.690837	0.720769	0.683225	0.573269	0.411573	0.240309	0.0914872	
-0.336654	-0.336654	-0.363174	-0.406108	-0.460396	-0.492508	-0.494996	-0.447947	-0.363458	-0.240501	-0.0866284	0.0870493	0.257116	0.388567	0.456687	0.439063	0.336521	0.154537	-0.0647193	-0.29322	-0.495905	-0.657599	-0.7478	-0.739849	-0.630737	-0.443354	-0.200635	0.0664416	0.312442	0.486843	0.556863	0.536873	0.444053	0.294503	0.116204	-0.0477655	-0.159627	-0.183445	-0.127322	-4.12198e-06	0.160043	0.337718	0.498919	0.621119	0.683225	0.677878	0.597338	0.47057	0.323364	0.190795	
-0.236795	-0.236795	-0.258204	-0.295299	-0.33683	-0.360637	-0.349464	-0.296291	-0.201571	-0.0763507	0.0812007	0.244587	0.394891	0.487234	0.507775	0.445594	0.306956	0.108236	-0.122638	-0.352607	-0.551741	-0.707165	-0.782872	-0.757895	-0.62798	-0.418775	-0.171321	0.0894846	0.322116	0.478295	0.533574	0.491021	0.37236	0.199143	-0.00128942	-0.186889	-0.31001	-0.344646	-0.293155	-0.173215	-0.0144915	0.165879	0.338057	0.482835	0.573269	0.597338	0.5521	0.461793	0.338042	0.218751	
-0.189461	-0.189461	-0.201914	-0.225852	-0.249941	-0.259893	-0.235411	-0.173538	-0.0730887	0.0533902	0.205719	0.355823	0.482112	0.53773	0.516351	0.414689	0.249562	0.0418707	-0.192538	-0.412678	-0.60503	-0.741082	-0.796593	-0.749564	-0.593989	-0.370989	-0.12107	0.127045	0.336326	0.476214	0.514946	0.450441	0.310682	0.114319	-0.100258	-0.295016	-0.427733	-0.47783	-0.443019	-0.346936	-0.203295	-0.0344049	0.140367	0.296747	0.411573	0.47057	0.461793	0.392497	0.283255	0.16903	
-0.207112	-0.207112	-0.20706	-0.210737	-0.212568	-0.20304	-0.164589	-0.0911407	0.0127409	0.141676	0.283077	0.421832	0.522897	0.552051	0.497069	0.366568	0.184321	-0.0283783	-0.256782	-0.464082	-0.641156	-0.750185	-0.78154	-0.705334	-0.529591	-0.294794	-0.0448113	0.186841	0.374719	0.496568	0.515834	0.435837	0.273403	0.062408	-0.158719	-0.356043	-0.499607	-0.567497	-0.559564	-0.489466	-0.366039	-0.212231	-0.0449061	0.109376	0.240309	0.323364	0.338042	0.283255	0.188782	0.0749335	
-0.260272	-0.260272	-0.246566	-0.225437	-0.204973	-0.174202	-0.125569	-0.0438109	0.0596848	0.185233	0.313653	0.437035	0.517912	0.528017	0.453698	0.305547	0.118089	-0.0956005	-0.306677	-0.499054	-0.648319	-0.729484	-0.731902	-0.631147	-0.442794	-0.202965	0.0445659	0.262222	0.435515	0.539354	0.545376	0.452776	0.276346	0.0562978	-0.169652	-0.371503	-0.529729	-0.617571	-0.636223	-0.586698	-0.484278	-0.347543	-0.19569	-0.0437518	0.0914872	0.190795	0.218751	0.16903	0.0749335	-0.0350558	
