-0.214994	-0.228856	-0.222536	-0.217443	-0.23702	-0.298142	-0.401216	-0.518149	-0.631556	-0.718222	-0.745791	-0.709162	-0.606886	-0.431107	-0.200099	0.0580897	0.332382	0.603983	0.834344	0.997748	1.0949	1.12662	1.07926	0.9455	0.747052	0.529185	0.336127	0.192128	0.0993269	0.0466996	0.0200754	0.00793049	0.00289218	0.000977807	0.000307628	9.037e-05	2.48652e-05	6.42608e-06	1.56385e-06	3.59212e-07	7.80444e-08	1.60702e-08	3.14177e-09	5.84158e-10	1.03459e-10	1.74787e-11	2.82081e-12	4.36582e-13	7.34538e-14	7.34538e-14	
-0.228856	-0.224238	-0.21364	-0.233235	-0.28657	-0.376787	-0.491147	-0.603098	-0.697737	-0.745935	-0.728186	-0.649725	-0.505178	-0.295198	-0.0476257	0.216137	0.48707	0.737828	0.932071	1.05751	1.11972	1.11383	1.02578	0.859073	0.647074	0.436889	0.264866	0.144803	0.0717662	0.0324209	0.0134204	0.00511503	0.001803	0.000590135	0.000180005	5.13359e-05	1.37293e-05	3.45251e-06	8.18375e-07	1.83263e-07	3.88506e-08	7.81172e-09	1.49239e-09	2.7134e-10	4.7021e-11	7.77736e-12	1.22949e-12	1.86468e-13	3.06943e-14	3.06943e-14	
-0.222536	-0.21364	-0.232108	-0.283676	-0.36098	-0.47066	-0.58432	-0.67883	-0.739867	-0.740664	-0.678395	-0.558546	-0.373766	-0.138531	0.117018	0.380661	0.639344	0.858914	1.01236	1.0998	1.12561	1.0791	0.951088	0.758474	0.543059	0.348749	0.20148	0.105216	0.0499356	0.0216543	0.00862353	0.0031685	0.00107868	0.000341554	0.00010094	2.79293e-05	7.25583e-06	1.77446e-06	4.09471e-07	8.93504e-08	1.84735e-08	3.62557e-09	6.76574e-10	1.2024e-10	2.03802e-11	3.29907e-12	5.10704e-13	7.58753e-14	1.22159e-14	1.22159e-14	
-0.217443	-0.233235	-0.283676	-0.355555	-0.458583	-0.574344	-0.666484	-0.730331	-0.747368	-0.699085	-0.594861	-0.433818	-0.215298	0.0334401	0.289531	0.546442	0.781854	0.961382	1.07248	1.12236	1.10928	1.0202	0.856418	0.647981	0.439896	0.268223	0.14747	0.0734856	0.033368	0.0138789	0.0053136	0.00188089	0.000618057	0.00018922	5.41517e-05	1.45298e-05	3.66513e-06	8.7131e-07	1.95656e-07	4.15866e-08	8.38262e-09	1.60524e-09	2.92511e-10	5.07981e-11	8.41914e-12	1.33345e-12	2.02084e-13	2.94045e-14	4.62934e-15	4.62934e-15	
-0.23702	-0.28657	-0.36098	-0.458583	-0.571265	-0.661179	-0.722028	-0.749107	-0.714321	-0.619384	-0.475593	-0.276483	-0.036355	0.214435	0.465265	0.706376	0.906578	1.04072	1.11054	1.12244	1.06744	0.936583	0.745345	0.533324	0.342573	0.198048	0.103524	0.0491869	0.0213551	0.00851485	0.00313249	0.00106776	0.000338519	0.000100167	2.77492e-05	7.21771e-06	1.76722e-06	4.08271e-07	8.91888e-08	1.84604e-08	3.62687e-09	6.77521e-10	1.2053e-10	2.04494e-11	3.31341e-12	5.13372e-13	7.61529e-14	1.08506e-14	1.67023e-15	1.67023e-15	
-0.298142	-0.376787	-0.47066	-0.574344	-0.661179	-0.718804	-0.748615	-0.723936	-0.635529	-0.501872	-0.320763	-0.092415	0.15419	0.398951	0.638283	0.851259	1.00625	1.09434	1.1248	1.09664	0.997763	0.830339	0.623808	0.421023	0.25548	0.139903	0.0694824	0.0314624	0.0130559	0.0049888	0.00176305	0.000578554	0.000176928	5.05873e-05	1.35632e-05	3.4192e-06	8.12451e-07	1.82369e-07	3.87511e-08	7.80938e-09	1.49524e-09	2.72441e-10	4.73103e-11	7.84101e-12	1.24191e-12	1.88212e-13	2.73249e-14	3.81214e-15	5.73695e-16	5.73695e-16	
-0.401216	-0.491147	-0.58432	-0.666484	-0.722028	-0.748615	-0.72723	-0.643904	-0.516083	-0.348569	-0.133528	0.107954	0.348047	0.581931	0.799734	0.971006	1.07617	1.12127	1.11277	1.04145	0.900319	0.706761	0.499539	0.317408	0.18177	0.0942358	0.0444552	0.0191814	0.00760698	0.00278537	0.000945541	0.000298695	8.81044e-05	2.434e-05	6.31548e-06	1.54298e-06	3.55786e-07	7.75919e-08	1.6036e-08	3.14636e-09	5.87062e-10	1.04327e-10	1.76836e-11	2.86285e-12	4.43227e-13	6.57002e-14	9.3351e-15	1.27516e-15	1.87614e-16	1.87614e-16	
-0.518149	-0.603098	-0.67883	-0.730331	-0.749107	-0.723936	-0.643904	-0.520565	-0.361698	-0.158525	0.0761053	0.312008	0.539522	0.756154	0.937663	1.05762	1.11507	1.12056	1.0708	0.954863	0.77891	0.574182	0.380883	0.227587	0.122948	0.0603404	0.0270402	0.0111191	0.00421495	0.00147915	0.000482392	0.000146715	4.17453e-05	1.11442e-05	2.79858e-06	6.62693e-07	1.48294e-07	3.14232e-08	6.31679e-09	1.20673e-09	2.19424e-10	3.80331e-11	6.29282e-12	9.95171e-13	1.50607e-13	2.18364e-14	3.03659e-15	4.06142e-16	5.84244e-17	5.84244e-17	
-0.631556	-0.697737	-0.739867	-0.747368	-0.714321	-0.635529	-0.516083	-0.361698	-0.166887	0.0597473	0.290397	0.511548	0.723545	0.9093	1.04029	1.10814	1.12361	1.08954	0.995278	0.838568	0.641658	0.442756	0.275272	0.154623	0.0788107	0.0366287	0.0155994	0.00611593	0.00221693	0.000745904	0.00023378	6.84756e-05	1.87996e-05	4.85081e-06	1.17923e-06	2.70692e-07	5.87958e-08	1.2107e-08	2.36763e-09	4.40436e-10	7.80561e-11	1.31977e-11	2.13175e-12	3.29347e-13	4.87259e-14	6.91083e-15	9.40639e-16	1.23196e-16	1.73291e-17	1.73291e-17	
-0.718222	-0.745935	-0.740664	-0.699085	-0.619384	-0.501872	-0.348569	-0.158525	0.0597473	0.283176	0.497722	0.703563	0.88872	1.02601	1.10172	1.12432	1.101	1.02385	0.885515	0.69966	0.500086	0.322441	0.18783	0.0992196	0.0477459	0.0210306	0.0085182	0.0031864	0.00110518	0.000356717	0.000107499	3.03379e-05	8.03995e-06	2.00585e-06	4.72192e-07	1.05106e-07	2.21653e-08	4.43646e-09	8.44187e-10	1.52952e-10	2.64247e-11	4.35907e-12	6.8747e-13	1.03778e-13	1.50118e-14	2.08302e-15	2.77542e-16	3.55993e-17	4.89722e-18	4.89722e-18	
-0.745791	-0.728186	-0.678395	-0.594861	-0.475593	-0.320763	-0.133528	0.0761053	0.290397	0.497722	0.696854	0.877926	1.01656	1.09678	1.1241	1.10776	1.04309	0.920581	0.746937	0.550449	0.366682	0.220846	0.12061	0.0599753	0.0272787	0.0113997	0.00439584	0.00157033	0.000521587	0.00016162	4.68617e-05	1.27498e-05	3.26327e-06	7.87559e-07	1.79607e-07	3.87822e-08	7.94337e-09	1.54588e-09	2.86307e-10	5.05372e-11	8.51352e-12	1.37052e-12	2.11086e-13	3.11409e-14	4.40516e-15	5.98123e-16	7.80262e-17	9.80305e-18	1.31912e-18	1.31912e-18	
-0.709162	-0.649725	-0.558546	-0.433818	-0.276483	-0.092415	0.107954	0.312008	0.511548	0.703563	0.877926	1.01325	1.09409	1.12372	1.1115	1.05522	0.945124	0.783129	0.592086	0.405796	0.251831	0.141796	0.0726989	0.034082	0.0146733	0.00582568	0.00214132	0.000731318	0.000232845	6.93252e-05	1.93549e-05	5.0802e-06	1.25656e-06	2.93521e-07	6.48812e-08	1.35964e-08	2.70586e-09	5.12216e-10	9.23667e-11	1.5889e-11	2.61076e-12	4.10254e-13	6.17247e-14	8.90133e-15	1.23165e-15	1.63672e-16	2.09087e-17	2.57359e-18	3.38823e-19	3.38823e-19	
-0.606886	-0.505178	-0.373766	-0.215298	-0.036355	0.15419	0.348047	0.539522	0.723545	0.88872	1.01656	1.09409	1.12355	1.11315	1.06185	0.960552	0.808458	0.623891	0.43797	0.279011	0.161475	0.0851459	0.041061	0.0181824	0.00742265	0.00280417	0.000983852	0.000321637	9.82718e-05	2.81404e-05	7.57151e-06	1.91873e-06	4.58953e-07	1.0383e-07	2.22581e-08	4.52915e-09	8.76212e-10	1.61406e-10	2.83505e-11	4.75452e-12	7.62244e-13	1.16958e-13	1.71946e-14	2.42456e-15	3.28229e-16	4.27001e-17	5.34295e-18	6.4444e-19	8.30299e-20	8.30299e-20	
-0.431107	-0.295198	-0.138531	0.0334401	0.214435	0.398951	0.581931	0.756154	0.9093	1.02601	1.09678	1.12372	1.11315	1.06396	0.967967	0.823383	0.645283	0.461844	0.300837	0.178366	0.0964696	0.0477494	0.0217085	0.00909903	0.00352887	0.0012707	0.000426199	0.000133547	3.92022e-05	1.08079e-05	2.80512e-06	6.86887e-07	1.59008e-07	3.48632e-08	7.25246e-09	1.43377e-09	2.69778e-10	4.83821e-11	8.28121e-12	1.35449e-12	2.11954e-13	3.17671e-14	4.56496e-15	6.29581e-16	8.34124e-17	1.06258e-17	1.30263e-18	1.53998e-19	1.94225e-20	1.94225e-20	
-0.200099	-0.0476257	0.117018	0.289531	0.465265	0.638283	0.799734	0.937663	1.04029	1.10172	1.1241	1.1115	1.06185	0.967967	0.828306	0.656016	0.476507	0.316084	0.191332	0.105839	0.0536437	0.0249915	0.0107384	0.00426997	0.0015764	0.000542009	0.000174059	5.23486e-05	1.47816e-05	3.92787e-06	9.84346e-07	2.33112e-07	5.22661e-08	1.1114e-08	2.24504e-09	4.31458e-10	7.90019e-11	1.38007e-11	2.30291e-12	3.67519e-13	5.61563e-14	8.22418e-15	1.15557e-15	1.55929e-16	2.02242e-17	2.52351e-18	3.03172e-19	3.51387e-20	4.33946e-21	4.33946e-21	
0.0580897	0.216137	0.380661	0.546442	0.706376	0.851259	0.971006	1.05762	1.10814	1.12432	1.10776	1.05522	0.960552	0.823383	0.656016	0.48145	0.323918	0.199487	0.112533	0.0582629	0.0277593	0.0122075	0.00497033	0.00187929	0.000661794	0.000217656	6.70298e-05	1.93764e-05	5.26956e-06	1.35112e-06	3.27264e-07	7.50218e-08	1.63048e-08	3.36503e-09	6.60492e-10	1.23473e-10	2.20133e-11	3.74765e-12	6.09971e-13	9.50227e-14	1.41833e-14	2.03047e-15	2.79063e-16	3.68545e-17	4.68099e-18	5.72272e-19	6.73956e-20	7.66033e-21	9.26592e-22	9.26592e-22	
0.332382	0.48707	0.639344	0.781854	0.906578	1.00625	1.07617	1.11507	1.12361	1.101	1.04309	0.945124	0.808458	0.645283	0.476507	0.323918	0.202269	0.116021	0.0612098	0.0297644	0.0133741	0.00556794	0.00215371	0.00077609	0.000261217	8.23248e-05	2.43512e-05	6.77527e-06	1.77686e-06	4.40093e-07	1.03132e-07	2.2906e-08	4.82956e-09	9.68116e-10	1.84768e-10	3.36196e-11	5.83943e-12	9.69355e-13	1.53965e-13	2.34235e-14	3.41677e-15	4.78334e-16	6.43279e-17	8.3176e-18	1.03488e-18	1.23999e-19	1.43191e-20	1.59651e-21	1.89206e-22	1.89206e-22	
0.603983	0.737828	0.858914	0.961382	1.04072	1.09434	1.12127	1.12056	1.08954	1.02385	0.920581	0.783129	0.623891	0.461844	0.316084	0.199487	0.116021	0.0622225	0.030818	0.0141249	0.00600468	0.00237341	0.000874369	0.000300956	9.70075e-05	2.93476e-05	8.35068e-06	2.23938e-06	5.67038e-07	1.35817e-07	3.08237e-08	6.63889e-09	1.35906e-09	2.64807e-10	4.91754e-11	8.71455e-12	1.4755e-12	2.38959e-13	3.70566e-14	5.50818e-15	7.85548e-16	1.07587e-16	1.41629e-17	1.79355e-18	2.18672e-19	2.56874e-20	2.90949e-21	3.18298e-22	3.69706e-23	3.69706e-23	
0.834344	0.932071	1.01236	1.07248	1.11054	1.1248	1.11277	1.0708	0.995278	0.885515	0.746937	0.592086	0.43797	0.300837	0.191332	0.112533	0.0612098	0.030818	0.0143841	0.00623539	0.00251562	0.000946596	0.00033294	0.000109694	3.39249e-05	9.86848e-06	2.70527e-06	7.00156e-07	1.71379e-07	3.97392e-08	8.74287e-09	1.82771e-09	3.63569e-10	6.8908e-11	1.24596e-11	2.15181e-12	3.55357e-13	5.61764e-14	8.50971e-15	1.23643e-15	1.72474e-16	2.31183e-17	2.98015e-18	3.69757e-19	4.41903e-20	5.09084e-21	5.65735e-22	6.07458e-23	6.91724e-24	6.91724e-24	
0.997748	1.05751	1.0998	1.12236	1.12244	1.09664	1.04145	0.954863	0.838568	0.69966	0.550449	0.405796	0.279011	0.178366	0.105839	0.0582629	0.0297644	0.0141249	0.00623539	0.00256486	0.000984881	0.000353718	0.00011905	3.76211e-05	1.11836e-05	3.13311e-06	8.28644e-07	2.07248e-07	4.90949e-08	1.10324e-08	2.35519e-09	4.78296e-10	9.25247e-11	1.70706e-11	3.00737e-12	5.06477e-13	8.16275e-14	1.26026e-14	1.86575e-15	2.65107e-16	3.61867e-17	4.74902e-18	5.99706e-19	7.2927e-20	8.54627e-21	9.65853e-22	1.0534e-22	1.11046e-23	1.24008e-24	1.24008e-24	
1.0949	1.11972	1.12561	1.10928	1.06744	0.997763	0.900319	0.77891	0.641658	0.500086	0.366682	0.251831	0.161475	0.0964696	0.0536437	0.0277593	0.0133741	0.00600468	0.00251562	0.000984881	0.000360925	0.00012402	4.00275e-05	1.21556e-05	3.47921e-06	9.40144e-07	2.40222e-07	5.8131e-08	1.3342e-08	2.90851e-09	6.03036e-10	1.19069e-10	2.2417e-11	4.02889e-12	6.92009e-13	1.13716e-13	1.7896e-14	2.69986e-15	3.90822e-16	5.43322e-17	7.26013e-18	9.33242e-19	1.1549e-19	1.37695e-20	1.58281e-21	1.75539e-22	1.87949e-23	1.94574e-24	2.13156e-25	2.13156e-25	
1.12662	1.11383	1.0791	1.0202	0.936583	0.830339	0.706761	0.574182	0.442756	0.322441	0.220846	0.141796	0.0851459	0.0477494	0.0249915	0.0122075	0.00556794	0.00237341	0.000946596	0.000353718	0.00012402	4.08631e-05	1.26725e-05	3.70482e-06	1.02263e-06	2.66919e-07	6.59763e-08	1.54656e-08	3.44279e-09	7.28778e-10	1.46883e-10	2.82206e-11	5.1747e-12	9.06588e-13	1.51916e-13	2.43727e-14	3.74746e-15	5.52721e-16	7.82702e-17	1.06507e-17	1.39382e-18	1.75559e-19	2.12985e-20	2.49058e-21	2.80915e-22	3.05818e-23	3.21546e-24	3.26999e-25	3.51526e-26	3.51526e-26	
1.07926	1.02578	0.951088	0.856418	0.745345	0.623808	0.499539	0.380883	0.275272	0.18783	0.12061	0.0726989	0.041061	0.0217085	0.0107384	0.00497033	0.00215371	0.000874369	0.00033294	0.00011905	4.00275e-05	1.26725e-05	3.78321e-06	1.06653e-06	2.84331e-07	7.17824e-08	1.7185e-08	3.90656e-09	8.44326e-10	1.73714e-10	3.40632e-11	6.37323e-12	1.13902e-12	1.94654e-13	3.18413e-14	4.9904e-15	7.50064e-16	1.0821e-16	1.49973e-17	1.99843e-18	2.56235e-19	3.16363e-20	3.76398e-21	4.31841e-22	4.78085e-23	5.11059e-24	5.27827e-25	5.27439e-26	5.56564e-27	5.56564e-27	
0.9455	0.859073	0.758474	0.647981	0.533324	0.421023	0.317408	0.227587	0.154623	0.0992196	0.0599753	0.034082	0.0181824	0.00909903	0.00426997	0.00187929	0.00077609	0.000300956	0.000109694	3.76211e-05	1.21556e-05	3.70482e-06	1.06653e-06	2.90382e-07	7.48732e-08	1.83065e-08	4.24974e-09	9.37848e-10	1.96988e-10	3.94265e-11	7.52778e-12	1.3726e-12	2.39263e-13	3.9911e-14	6.37697e-15	9.76882e-16	1.43602e-16	2.02741e-17	2.75131e-18	3.59167e-19	4.51377e-20	5.46493e-21	6.37874e-22	7.18263e-23	7.80746e-24	8.19755e-25	8.31899e-26	8.17049e-27	8.46549e-28	8.46549e-28	
0.747052	0.647074	0.543059	0.439896	0.342573	0.25548	0.18177	0.122948	0.0788107	0.0477459	0.0272787	0.0146733	0.00742265	0.00352887	0.0015764	0.000661794	0.000261217	9.70075e-05	3.39249e-05	1.11836e-05	3.47921e-06	1.02263e-06	2.84331e-07	7.48732e-08	1.86963e-08	4.43241e-09	9.98834e-10	2.14201e-10	4.3764e-11	8.52817e-12	1.58672e-12	2.8216e-13	4.80034e-14	7.82067e-15	1.22127e-15	1.8296e-16	2.63177e-17	3.63785e-18	4.83601e-19	6.18733e-20	7.62449e-21	9.05553e-22	1.0373e-22	1.14675e-23	1.22427e-24	1.26295e-25	1.25968e-26	1.21634e-27	1.23779e-28	1.23779e-28	
0.529185	0.436889	0.348749	0.268223	0.198048	0.139903	0.0942358	0.0603404	0.0366287	0.0210306	0.0113997	0.00582568	0.00280417	0.0012707	0.000542009	0.000217656	8.23248e-05	2.93476e-05	9.86848e-06	3.13311e-06	9.40144e-07	2.66919e-07	7.17824e-08	1.83065e-08	4.43241e-09	1.02003e-09	2.23361e-10	4.6591e-11	9.26749e-12	1.7597e-12	3.19279e-13	5.5409e-14	9.20618e-15	1.46576e-15	2.23829e-16	3.28098e-17	4.62042e-18	6.25594e-19	8.15013e-20	1.02239e-20	1.23581e-21	1.44036e-22	1.61976e-23	1.7586e-24	1.84454e-25	1.87009e-26	1.83377e-27	1.74127e-28	1.74089e-29	1.74089e-29	
0.336127	0.264866	0.20148	0.14747	0.103524	0.0694824	0.0444552	0.0270402	0.0155994	0.0085182	0.00439584	0.00214132	0.000983852	0.000426199	0.000174059	6.70298e-05	2.43512e-05	8.35068e-06	2.70527e-06	8.28644e-07	2.40222e-07	6.59763e-08	1.7185e-08	4.24974e-09	9.98834e-10	2.23361e-10	4.75732e-11	9.66072e-12	1.87236e-12	3.46684e-13	6.13843e-14	1.04032e-14	1.6891e-15	2.62966e-16	3.92887e-17	5.63786e-18	7.77644e-19	1.0318e-19	1.31789e-20	1.62157e-21	1.92336e-22	2.20061e-23	2.43027e-24	2.59217e-25	2.67193e-26	2.6631e-27	2.56798e-28	2.39859e-29	2.35667e-30	2.35667e-30	
0.192128	0.144803	0.105216	0.0734856	0.0491869	0.0314624	0.0191814	0.0111191	0.00611593	0.0031864	0.00157033	0.000731318	0.000321637	0.000133547	5.23486e-05	1.93764e-05	6.77527e-06	2.23938e-06	7.00156e-07	2.07248e-07	5.8131e-08	1.54656e-08	3.90656e-09	9.37848e-10	2.14201e-10	4.6591e-11	9.66072e-12	1.91149e-12	3.61252e-13	6.52729e-14	1.1286e-14	1.86905e-15	2.96721e-16	4.51949e-17	6.60993e-18	9.28989e-19	1.25563e-19	1.6333e-20	2.04612e-21	2.47034e-22	2.87626e-23	3.23163e-24	3.50595e-25	3.67483e-26	3.72363e-27	3.64951e-28	3.4616e-29	3.1812e-30	3.07247e-31	3.07247e-31	
0.0993269	0.0717662	0.0499356	0.033368	0.0213551	0.0130559	0.00760698	0.00421495	0.00221693	0.00110518	0.000521587	0.000232845	9.82718e-05	3.92022e-05	1.47816e-05	5.26956e-06	1.77686e-06	5.67038e-07	1.71379e-07	4.90949e-08	1.3342e-08	3.44279e-09	8.44326e-10	1.96988e-10	4.3764e-11	9.26749e-12	1.87236e-12	3.61252e-13	6.66227e-14	1.1755e-14	1.98604e-15	3.21585e-16	4.99467e-17	7.44683e-18	1.06667e-18	1.46896e-19	1.9464e-20	2.48315e-21	3.05226e-22	3.61721e-23	4.13561e-24	4.56444e-25	4.86606e-26	5.01373e-27	4.99551e-28	4.81583e-29	4.4943e-30	4.06475e-31	3.86013e-32	3.86013e-32	
0.0466996	0.0324209	0.0216543	0.0138789	0.00851485	0.0049888	0.00278537	0.00147915	0.000745904	0.000356717	0.00016162	6.93252e-05	2.81404e-05	1.08079e-05	3.92787e-06	1.35112e-06	4.40093e-07	1.35817e-07	3.97392e-08	1.10324e-08	2.90851e-09	7.28778e-10	1.73714e-10	3.94265e-11	8.52817e-12	1.7597e-12	3.46684e-13	6.52729e-14	1.1755e-14	2.02664e-15	3.34784e-16	5.3033e-17	8.06251e-18	1.17726e-18	1.65229e-19	2.23062e-20	2.89868e-21	3.62834e-22	4.37764e-23	5.09416e-24	5.72109e-25	6.20467e-26	6.50198e-27	6.58726e-28	6.45554e-29	6.12293e-30	5.6235e-31	5.00657e-32	4.67618e-33	4.67618e-33	
0.0200754	0.0134204	0.00862353	0.0053136	0.00313249	0.00176305	0.000945541	0.000482392	0.00023378	0.000107499	4.68617e-05	1.93549e-05	7.57151e-06	2.80512e-06	9.84346e-07	3.27264e-07	1.03132e-07	3.08237e-08	8.74287e-09	2.35519e-09	6.03036e-10	1.46883e-10	3.40632e-11	7.52778e-12	1.58672e-12	3.19279e-13	6.13843e-14	1.1286e-14	1.98604e-15	3.34784e-16	5.41034e-17	8.38908e-18	1.24902e-18	1.78698e-19	2.45856e-20	3.25509e-21	4.15015e-22	5.09887e-23	6.04051e-24	6.90454e-25	7.6194e-26	8.12243e-27	8.36907e-28	8.33936e-29	8.04052e-30	7.50509e-31	6.78524e-32	5.94787e-33	5.46519e-34	5.46519e-34	
0.00793049	0.00511503	0.0031685	0.00188089	0.00106776	0.000578554	0.000298695	0.000146715	6.84756e-05	3.03379e-05	1.27498e-05	5.0802e-06	1.91873e-06	6.86887e-07	2.33112e-07	7.50218e-08	2.2906e-08	6.63889e-09	1.82771e-09	4.78296e-10	1.19069e-10	2.82206e-11	6.37323e-12	1.3726e-12	2.8216e-13	5.5409e-14	1.04032e-14	1.86905e-15	3.21585e-16	5.3033e-17	8.38908e-18	1.2739e-18	1.85837e-19	2.6063e-20	3.51659e-21	4.56795e-22	5.71631e-23	6.89581e-24	8.02424e-25	9.01229e-26	9.77543e-27	1.0246e-27	1.03832e-28	1.01789e-29	9.65803e-31	8.87385e-32	7.89923e-33	6.81932e-34	6.16572e-35	6.16572e-35	
0.00289218	0.001803	0.00107868	0.000618057	0.000338519	0.000176928	8.81044e-05	4.17453e-05	1.87996e-05	8.03995e-06	3.26327e-06	1.25656e-06	4.58953e-07	1.59008e-07	5.22661e-08	1.63048e-08	4.82956e-09	1.35906e-09	3.63569e-10	9.25247e-11	2.2417e-11	5.1747e-12	1.13902e-12	2.39263e-13	4.80034e-14	9.20618e-15	1.6891e-15	2.96721e-16	4.99467e-17	8.06251e-18	1.24902e-18	1.85837e-19	2.65748e-20	3.65507e-21	4.83845e-22	6.16871e-23	7.57952e-24	8.98095e-25	1.02684e-25	1.13355e-26	1.20889e-27	1.24619e-28	1.24242e-29	1.19857e-30	1.11942e-31	1.01268e-32	8.87785e-34	7.54953e-35	6.71838e-36	6.71838e-36	
0.000977807	0.000590135	0.000341554	0.00018922	0.000100167	5.05873e-05	2.434e-05	1.11442e-05	4.85081e-06	2.00585e-06	7.87559e-07	2.93521e-07	1.0383e-07	3.48632e-08	1.1114e-08	3.36503e-09	9.68116e-10	2.64807e-10	6.8908e-11	1.70706e-11	4.02889e-12	9.06588e-13	1.94654e-13	3.9911e-14	7.82067e-15	1.46576e-15	2.62966e-16	4.51949e-17	7.44683e-18	1.17726e-18	1.78698e-19	2.6063e-20	3.65507e-21	4.93212e-22	6.40809e-23	8.02169e-24	9.68098e-25	1.12709e-25	1.2666e-26	1.37473e-27	1.4419e-28	1.46228e-29	1.4346e-30	1.36227e-31	1.25268e-32	1.11603e-33	9.6376e-35	8.07476e-36	7.07418e-37	7.07418e-37	
0.000307628	0.000180005	0.00010094	5.41517e-05	2.77492e-05	1.35632e-05	6.31548e-06	2.79858e-06	1.17923e-06	4.72192e-07	1.79607e-07	6.48812e-08	2.22581e-08	7.25246e-09	2.24504e-09	6.60492e-10	1.84768e-10	4.91754e-11	1.24596e-11	3.00737e-12	6.92009e-13	1.51916e-13	3.18413e-14	6.37697e-15	1.22127e-15	2.23829e-16	3.92887e-17	6.60993e-18	1.06667e-18	1.65229e-19	2.45856e-20	3.51659e-21	4.83845e-22	6.40809e-23	8.17471e-24	1.00511e-24	1.19185e-25	1.36382e-26	1.50686e-27	1.60849e-28	1.65969e-29	1.65629e-30	1.59944e-31	1.49535e-32	1.35416e-33	1.18838e-34	1.01111e-35	8.34829e-37	7.20184e-38	7.20184e-38	
9.037e-05	5.13359e-05	2.79293e-05	1.45298e-05	7.21771e-06	3.4192e-06	1.54298e-06	6.62693e-07	2.70692e-07	1.05106e-07	3.87822e-08	1.35964e-08	4.52915e-09	1.43377e-09	4.31458e-10	1.23473e-10	3.36196e-11	8.71455e-12	2.15181e-12	5.06477e-13	1.13716e-13	2.43727e-14	4.9904e-15	9.76882e-16	1.8296e-16	3.28098e-17	5.63786e-18	9.28989e-19	1.46896e-19	2.23062e-20	3.25509e-21	4.56795e-22	6.16871e-23	8.02169e-24	1.00511e-24	1.21425e-25	1.41517e-26	1.59213e-27	1.73004e-28	1.81673e-29	1.84463e-30	1.81194e-31	1.72271e-32	1.5861e-33	1.41483e-34	1.22331e-35	1.02571e-36	8.34729e-38	7.09227e-39	7.09227e-39	
2.48652e-05	1.37293e-05	7.25583e-06	3.66513e-06	1.76722e-06	8.12451e-07	3.55786e-07	1.48294e-07	5.87958e-08	2.21653e-08	7.94337e-09	2.70586e-09	8.76212e-10	2.69778e-10	7.90019e-11	2.20133e-11	5.83943e-12	1.4755e-12	3.55357e-13	8.16275e-14	1.7896e-14	3.74746e-15	7.50064e-16	1.43602e-16	2.63177e-17	4.62042e-18	7.77644e-19	1.25563e-19	1.9464e-20	2.89868e-21	4.15015e-22	5.71631e-23	7.57952e-24	9.68098e-25	1.19185e-25	1.41517e-26	1.6216e-27	1.79421e-28	1.91796e-29	1.98189e-30	1.98071e-31	1.91553e-32	1.79348e-33	1.62651e-34	1.42947e-35	1.21799e-36	1.0066e-37	8.07587e-39	6.75948e-40	6.75948e-40	
6.42608e-06	3.45251e-06	1.77446e-06	8.7131e-07	4.08271e-07	1.82369e-07	7.75919e-08	3.14232e-08	1.2107e-08	4.43646e-09	1.54588e-09	5.12216e-10	1.61406e-10	4.83821e-11	1.38007e-11	3.74765e-12	9.69355e-13	2.38959e-13	5.61764e-14	1.26026e-14	2.69986e-15	5.52721e-16	1.0821e-16	2.02741e-17	3.63785e-18	6.25594e-19	1.0318e-19	1.6333e-20	2.48315e-21	3.62834e-22	5.09887e-23	6.89581e-24	8.98095e-25	1.12709e-25	1.36382e-26	1.59213e-27	1.79421e-28	1.95293e-29	2.05428e-30	2.08939e-31	2.05585e-32	1.95793e-33	1.8057e-34	1.61341e-35	1.39731e-36	1.17351e-37	9.56125e-39	7.56376e-40	6.23785e-41	6.23785e-41	
1.56385e-06	8.18375e-07	4.09471e-07	1.95656e-07	8.91888e-08	3.87511e-08	1.6036e-08	6.31679e-09	2.36763e-09	8.44187e-10	2.86307e-10	9.23667e-11	2.83505e-11	8.28121e-12	2.30291e-12	6.09971e-13	1.53965e-13	3.70566e-14	8.50971e-15	1.86575e-15	3.90822e-16	7.82702e-17	1.49973e-17	2.75131e-18	4.83601e-19	8.15013e-20	1.31789e-20	2.04612e-21	3.05226e-22	4.37764e-23	6.04051e-24	8.02424e-25	1.02684e-25	1.2666e-26	1.50686e-27	1.73004e-28	1.91796e-29	2.05428e-30	2.12691e-31	2.1298e-32	2.06371e-33	1.93594e-34	1.75904e-35	1.54884e-36	1.32214e-37	1.09466e-38	8.79434e-40	6.86114e-41	5.57637e-42	5.57637e-42	
3.59212e-07	1.83263e-07	8.93504e-08	4.15866e-08	1.84604e-08	7.80938e-09	3.14636e-09	1.20673e-09	4.40436e-10	1.52952e-10	5.05372e-11	1.5889e-11	4.75452e-12	1.35449e-12	3.67519e-13	9.50227e-14	2.34235e-14	5.50818e-15	1.23643e-15	2.65107e-16	5.43322e-17	1.06507e-17	1.99843e-18	3.59167e-19	6.18733e-20	1.02239e-20	1.62157e-21	2.47034e-22	3.61721e-23	5.09416e-24	6.90454e-25	9.01229e-26	1.13355e-26	1.37473e-27	1.60849e-28	1.81673e-29	1.98189e-30	2.08939e-31	2.1298e-32	2.10022e-33	2.00452e-34	1.85262e-35	1.65883e-36	1.43963e-37	1.21152e-38	9.89068e-40	7.83652e-41	6.03063e-42	4.83126e-43	4.83126e-43	
7.80444e-08	3.88506e-08	1.84735e-08	8.38262e-09	3.62687e-09	1.49524e-09	5.87062e-10	2.19424e-10	7.80561e-11	2.64247e-11	8.51352e-12	2.61076e-12	7.62244e-13	2.11954e-13	5.61563e-14	1.41833e-14	3.41677e-15	7.85548e-16	1.72474e-16	3.61867e-17	7.26013e-18	1.39382e-18	2.56235e-19	4.51377e-20	7.62449e-21	1.23581e-21	1.92336e-22	2.87626e-23	4.13561e-24	5.72109e-25	7.6194e-26	9.77543e-27	1.20889e-27	1.4419e-28	1.65969e-29	1.84463e-30	1.98071e-31	2.05585e-32	2.06371e-33	2.00452e-34	1.88491e-35	1.7167e-36	1.51505e-37	1.29624e-38	1.07561e-39	8.66009e-41	6.76817e-42	5.13845e-43	4.05837e-44	4.05837e-44	
1.60702e-08	7.81172e-09	3.62557e-09	1.60524e-09	6.77521e-10	2.72441e-10	1.04327e-10	3.80331e-11	1.31977e-11	4.35907e-12	1.37052e-12	4.10254e-13	1.16958e-13	3.17671e-14	8.22418e-15	2.03047e-15	4.78334e-16	1.07587e-16	2.31183e-17	4.74902e-18	9.33242e-19	1.75559e-19	3.16363e-20	5.46493e-21	9.05553e-22	1.44036e-22	2.20061e-23	3.23163e-24	4.56444e-25	6.20467e-26	8.12243e-27	1.0246e-27	1.24619e-28	1.46228e-29	1.65629e-30	1.81194e-31	1.91553e-32	1.95793e-33	1.93594e-34	1.85262e-35	1.7167e-36	1.54106e-37	1.34078e-38	1.13111e-39	9.25645e-41	7.35128e-42	5.66809e-43	4.24611e-44	3.30682e-45	3.30682e-45	
3.14177e-09	1.49239e-09	6.76574e-10	2.92511e-10	1.2053e-10	4.73103e-11	1.76836e-11	6.29282e-12	2.13175e-12	6.8747e-13	2.11086e-13	6.17247e-14	1.71946e-14	4.56496e-15	1.15557e-15	2.79063e-16	6.43279e-17	1.41629e-17	2.98015e-18	5.99706e-19	1.1549e-19	2.12985e-20	3.76398e-21	6.37874e-22	1.0373e-22	1.61976e-23	2.43027e-24	3.50595e-25	4.86606e-26	6.50198e-27	8.36907e-28	1.03832e-28	1.24242e-29	1.4346e-30	1.59944e-31	1.72271e-32	1.79348e-33	1.8057e-34	1.75904e-35	1.65883e-36	1.51505e-37	1.34078e-38	1.15023e-39	9.56978e-41	7.72488e-42	6.0525e-43	4.60476e-44	3.40427e-45	2.61468e-46	2.61468e-46	
5.84158e-10	2.7134e-10	1.2024e-10	5.07981e-11	2.04494e-11	7.84101e-12	2.86285e-12	9.95171e-13	3.29347e-13	1.03778e-13	3.11409e-14	8.90133e-15	2.42456e-15	6.29581e-16	1.55929e-16	3.68545e-17	8.3176e-18	1.79355e-18	3.69757e-19	7.2927e-20	1.37695e-20	2.49058e-21	4.31841e-22	7.18263e-23	1.14675e-23	1.7586e-24	2.59217e-25	3.67483e-26	5.01373e-27	6.58726e-28	8.33936e-29	1.01789e-29	1.19857e-30	1.36227e-31	1.49535e-32	1.5861e-33	1.62651e-34	1.61341e-35	1.54884e-36	1.43963e-37	1.29624e-38	1.13111e-39	9.56978e-41	7.85356e-42	6.25432e-43	4.83527e-44	3.63045e-45	2.64916e-46	2.00702e-47	2.00702e-47	
1.03459e-10	4.7021e-11	2.03802e-11	8.41914e-12	3.31341e-12	1.24191e-12	4.43227e-13	1.50607e-13	4.87259e-14	1.50118e-14	4.40516e-15	1.23165e-15	3.28229e-16	8.34124e-17	2.02242e-17	4.68099e-18	1.03488e-18	2.18672e-19	4.41903e-20	8.54627e-21	1.58281e-21	2.80915e-22	4.78085e-23	7.80746e-24	1.22427e-24	1.84454e-25	2.67193e-26	3.72363e-27	4.99551e-28	6.45554e-29	8.04052e-30	9.65803e-31	1.11942e-31	1.25268e-32	1.35416e-33	1.41483e-34	1.42947e-35	1.39731e-36	1.32214e-37	1.21152e-38	1.07561e-39	9.25645e-41	7.72488e-42	6.25432e-43	4.91463e-44	3.74972e-45	2.77891e-46	2.00179e-47	1.49617e-48	1.49617e-48	
1.74787e-11	7.77736e-12	3.29907e-12	1.33345e-12	5.13372e-13	1.88212e-13	6.57002e-14	2.18364e-14	6.91083e-15	2.08302e-15	5.98123e-16	1.63672e-16	4.27001e-17	1.06258e-17	2.52351e-18	5.72272e-19	1.23999e-19	2.56874e-20	5.09084e-21	9.65853e-22	1.75539e-22	3.05818e-23	5.11059e-24	8.19755e-25	1.26295e-25	1.87009e-26	2.6631e-27	3.64951e-28	4.81583e-29	6.12293e-30	7.50509e-31	8.87385e-32	1.01268e-32	1.11603e-33	1.18838e-34	1.22331e-35	1.21799e-36	1.17351e-37	1.09466e-38	9.89068e-40	8.66009e-41	7.35128e-42	6.0525e-43	4.83527e-44	3.74972e-45	2.82385e-46	2.06594e-47	1.46934e-48	1.08361e-49	1.08361e-49	
2.82081e-12	1.22949e-12	5.10704e-13	2.02084e-13	7.61529e-14	2.73249e-14	9.3351e-15	3.03659e-15	9.40639e-16	2.77542e-16	7.80262e-17	2.09087e-17	5.34295e-18	1.30263e-18	3.03172e-19	6.73956e-20	1.43191e-20	2.90949e-21	5.65735e-22	1.0534e-22	1.87949e-23	3.21546e-24	5.27827e-25	8.31899e-26	1.25968e-26	1.83377e-27	2.56798e-28	3.4616e-29	4.4943e-30	5.6235e-31	6.78524e-32	7.89923e-33	8.87785e-34	9.6376e-35	1.01111e-35	1.02571e-36	1.0066e-37	9.56125e-39	8.79434e-40	7.83652e-41	6.76817e-42	5.66809e-43	4.60476e-44	3.63045e-45	2.77891e-46	2.06594e-47	1.49231e-48	1.04806e-49	7.62769e-51	7.62769e-51	
4.36582e-13	1.86468e-13	7.58753e-14	2.94045e-14	1.08506e-14	3.81214e-15	1.27516e-15	4.06142e-16	1.23196e-16	3.55993e-17	9.80305e-18	2.57359e-18	6.4444e-19	1.53998e-19	3.51387e-20	7.66033e-21	1.59651e-21	3.18298e-22	6.07458e-23	1.11046e-23	1.94574e-24	3.26999e-25	5.27439e-26	8.17049e-27	1.21634e-27	1.74127e-28	2.39859e-29	3.1812e-30	4.06475e-31	5.00657e-32	5.94787e-33	6.81932e-34	7.54953e-35	8.07476e-36	8.34829e-37	8.34729e-38	8.07587e-39	7.56376e-40	6.86114e-41	6.03063e-42	5.13845e-43	4.24611e-44	3.40427e-45	2.64916e-46	2.00179e-47	1.46934e-48	1.04806e-49	7.26921e-51	5.2217e-52	5.2217e-52	
7.34538e-14	3.06943e-14	1.22159e-14	4.62934e-15	1.67023e-15	5.73695e-16	1.87614e-16	5.84244e-17	1.73291e-17	4.89722e-18	1.31912e-18	3.38823e-19	8.30299e-20	1.94225e-20	4.33946e-21	9.26592e-22	1.89206e-22	3.69706e-23	6.91724e-24	1.24008e-24	2.13156e-25	3.51526e-26	5.56564e-27	8.46549e-28	1.23779e-28	1.74089e-29	2.35667e-30	3.07247e-31	3.86013e-32	4.67618e-33	5.46519e-34	6.16572e-35	6.71838e-36	7.07418e-37	7.20184e-38	7.09227e-39	6.75948e-40	6.23785e-41	5.57637e-42	4.83126e-43	4.05837e-44	3.30682e-45	2.61468e-46	2.00702e-47	1.49617e-48	1.08361e-49	7.62769e-51	5.2217e-52	3.69985e-53	3.69985e-53	
7.34538e-14	3.06943e-14	1.22159e-14	4.62934e-15	1.67023e-15	5.73695e-16	1.87614e-16	5.84244e-17	1.73291e-17	4.89722e-18	1.31912e-18	3.38823e-19	8.30299e-20	1.94225e-20	4.33946e-21	9.26592e-22	1.89206e-22	3.69706e-23	6.91724e-24	1.24008e-24	2.13156e-25	3.51526e-26	5.56564e-27	8.46549e-28	1.23779e-28	1.74089e-29	2.35667e-30	3.07247e-31	3.86013e-32	4.67618e-33	5.46519e-34	6.16572e-35	6.71838e-36	7.07418e-37	7.20184e-38	7.09227e-39	6.75948e-40	6.23785e-41	5.57637e-42	4.83126e-43	4.05837e-44	3.30682e-45	2.61468e-46	2.00702e-47	1.49617e-48	1.08361e-49	7.62769e-51	5.2217e-52	3.69985e-53	3.69985e-53	
