-0.0626303	-0.0626303	-0.0331456	0.024726	0.104156	0.192667	0.29041	0.402897	0.526335	0.64815	0.731674	0.734651	0.642315	0.458097	0.211085	-0.042848	-0.266866	-0.43111	-0.487117	-0.431978	-0.302124	-0.108814	0.145552	0.421869	0.685374	0.908372	1.07914	1.1889	1.23963	1.25272	1.24275	1.19938	1.13586	1.04703	0.920824	0.768548	0.611451	0.45594	0.297005	0.124808	-0.0615718	-0.235041	-0.351201	-0.388318	-0.363841	-0.302545	-0.236295	-0.211336	-0.24905	-0.35056	
-0.0626303	-0.0626303	-0.0331456	0.024726	0.104156	0.192667	0.29041	0.402897	0.526335	0.64815	0.731674	0.734651	0.642315	0.458097	0.211085	-0.042848	-0.266866	-0.43111	-0.487117	-0.431978	-0.302124	-0.108814	0.145552	0.421869	0.685374	0.908372	1.07914	1.1889	1.23963	1.25272	1.24275	1.19938	1.13586	1.04703	0.920824	0.768548	0.611451	0.45594	0.297005	0.124808	-0.0615718	-0.235041	-0.351201	-0.388318	-0.363841	-0.302545	-0.236295	-0.211336	-0.24905	-0.35056	
-0.0331456	-0.0331456	0.0061921	0.0677672	0.143232	0.227034	0.321299	0.433293	0.557594	0.670602	0.744749	0.748611	0.659519	0.473427	0.217035	-0.0467552	-0.26311	-0.410132	-0.470799	-0.429573	-0.30674	-0.113601	0.142234	0.412867	0.661001	0.871782	1.03305	1.13846	1.19835	1.21484	1.19911	1.15921	1.09538	1.01049	0.899653	0.761717	0.603557	0.450514	0.287519	0.112767	-0.0582345	-0.217913	-0.323456	-0.363345	-0.346393	-0.28512	-0.213015	-0.17889	-0.208807	-0.302904	
0.024726	0.024726	0.0677672	0.125537	0.195445	0.281005	0.375834	0.481116	0.600312	0.706878	0.77245	0.769383	0.672391	0.479018	0.223918	-0.0369368	-0.249541	-0.390994	-0.451321	-0.4179	-0.300574	-0.111452	0.132942	0.38118	0.609383	0.806528	0.956202	1.06106	1.12261	1.13253	1.11173	1.07947	1.02331	0.951735	0.859626	0.73707	0.585957	0.438017	0.28048	0.110433	-0.0478575	-0.194625	-0.293513	-0.326124	-0.303174	-0.246238	-0.180488	-0.135899	-0.140064	-0.211973	
0.104156	0.104156	0.143232	0.195445	0.263921	0.351784	0.443991	0.536745	0.646202	0.747498	0.80344	0.783749	0.672745	0.471802	0.221426	-0.0320914	-0.244595	-0.388239	-0.443215	-0.409043	-0.293594	-0.112288	0.106985	0.319541	0.526524	0.71037	0.852773	0.95608	1.01238	1.01295	0.995542	0.971174	0.932721	0.881979	0.807449	0.698395	0.563262	0.422815	0.277057	0.115981	-0.0400061	-0.177322	-0.270449	-0.293222	-0.25997	-0.206916	-0.150064	-0.0971467	-0.0743497	-0.113238	
0.192667	0.192667	0.227034	0.281005	0.351784	0.435389	0.514271	0.593856	0.688905	0.782802	0.823022	0.781507	0.657932	0.456519	0.200096	-0.0561105	-0.261535	-0.39772	-0.446969	-0.408517	-0.29667	-0.133195	0.0581279	0.246705	0.431055	0.597838	0.726777	0.819016	0.869052	0.877736	0.871074	0.856867	0.837864	0.808013	0.757158	0.66719	0.547744	0.414146	0.271562	0.117886	-0.0321355	-0.160867	-0.247078	-0.266954	-0.238095	-0.191167	-0.130581	-0.071073	-0.0299888	-0.0362539	
0.29041	0.29041	0.321299	0.375834	0.443991	0.514271	0.584217	0.657213	0.732707	0.799936	0.821816	0.763967	0.625597	0.413627	0.15021	-0.100837	-0.296969	-0.423924	-0.464931	-0.417708	-0.317332	-0.175991	-0.00499295	0.171007	0.333903	0.474762	0.58546	0.662795	0.715678	0.743908	0.753914	0.749691	0.744659	0.73649	0.71263	0.653653	0.550974	0.421025	0.269519	0.117263	-0.0265786	-0.156428	-0.238097	-0.259884	-0.239486	-0.194194	-0.131771	-0.061763	-0.00440156	0.013997	
0.402897	0.402897	0.433293	0.481116	0.536745	0.593856	0.657213	0.722989	0.777262	0.8088	0.801013	0.725204	0.572943	0.348626	0.0802373	-0.168255	-0.356032	-0.468357	-0.492612	-0.437997	-0.345628	-0.223234	-0.0722943	0.0869215	0.229444	0.349272	0.445923	0.518267	0.569568	0.61202	0.63954	0.653931	0.66745	0.684001	0.681266	0.64621	0.561969	0.438947	0.285043	0.126708	-0.0236051	-0.161488	-0.249957	-0.278426	-0.264626	-0.215725	-0.145953	-0.0701129	-0.000812546	0.0384029	
0.526335	0.526335	0.557594	0.600312	0.646202	0.688905	0.732707	0.777262	0.810502	0.8102	0.770648	0.672553	0.498868	0.258236	-0.01022	-0.255363	-0.434913	-0.528982	-0.53806	-0.479497	-0.38292	-0.267035	-0.13259	-0.000653442	0.119312	0.223213	0.316042	0.387492	0.441184	0.487719	0.531926	0.572471	0.614837	0.655901	0.667952	0.643527	0.571791	0.456879	0.308198	0.137514	-0.0350979	-0.184912	-0.282144	-0.3204	-0.309533	-0.254731	-0.176263	-0.0952169	-0.0186314	0.0458449	
0.64815	0.64815	0.670602	0.706878	0.747498	0.782802	0.799936	0.8088	0.8102	0.788752	0.721733	0.596226	0.396107	0.140028	-0.125379	-0.35973	-0.524019	-0.603562	-0.600046	-0.531448	-0.423157	-0.307931	-0.184471	-0.0709367	0.0255733	0.116005	0.200197	0.271991	0.330735	0.381339	0.43824	0.507168	0.578943	0.638328	0.667321	0.646261	0.579134	0.467753	0.318195	0.132242	-0.061705	-0.227682	-0.336523	-0.381653	-0.370233	-0.317764	-0.230243	-0.134098	-0.0347219	0.0599762	
0.731674	0.731674	0.744749	0.77245	0.80344	0.823022	0.821816	0.801013	0.770648	0.721733	0.629903	0.475754	0.253214	-0.0152079	-0.272504	-0.483835	-0.628818	-0.690975	-0.668998	-0.587237	-0.473181	-0.346964	-0.223202	-0.121792	-0.0429127	0.0296968	0.10075	0.172243	0.241312	0.298934	0.365647	0.449688	0.538075	0.61364	0.658973	0.648192	0.582744	0.467263	0.30079	0.0935651	-0.1175	-0.295117	-0.413646	-0.466542	-0.455518	-0.397559	-0.302918	-0.180038	-0.0511843	0.0758316	
0.734651	0.734651	0.748611	0.769383	0.783749	0.781507	0.763967	0.725204	0.672553	0.596226	0.475754	0.293061	0.0634398	-0.19617	-0.445366	-0.642438	-0.759903	-0.789745	-0.740398	-0.639056	-0.514719	-0.378185	-0.256303	-0.16008	-0.088306	-0.0282203	0.0283874	0.0940627	0.161699	0.229774	0.307353	0.397791	0.496803	0.587007	0.641627	0.636839	0.567951	0.442036	0.259555	0.0372758	-0.185235	-0.372118	-0.505847	-0.570658	-0.565862	-0.49652	-0.382903	-0.237071	-0.081237	0.0777279	
0.642315	0.642315	0.659519	0.672391	0.672745	0.657932	0.625597	0.572943	0.498868	0.396107	0.253214	0.0634398	-0.162035	-0.403854	-0.640587	-0.818634	-0.907452	-0.904763	-0.824382	-0.689365	-0.540259	-0.396803	-0.27738	-0.187561	-0.116892	-0.0635904	-0.0166726	0.0369318	0.100471	0.174964	0.260851	0.358764	0.466771	0.567028	0.625148	0.620667	0.540567	0.398436	0.203682	-0.0226872	-0.25497	-0.460624	-0.614537	-0.687166	-0.682026	-0.603611	-0.467846	-0.297408	-0.115972	0.0665938	
0.458097	0.458097	0.473427	0.479018	0.471802	0.456519	0.413627	0.348626	0.258236	0.140028	-0.0152079	-0.19617	-0.403854	-0.62563	-0.84021	-0.989164	-1.04231	-1.00434	-0.889081	-0.7215	-0.547216	-0.395089	-0.271739	-0.177429	-0.107791	-0.0590282	-0.0222589	0.015499	0.0657995	0.138132	0.230643	0.341065	0.45936	0.562025	0.618012	0.604746	0.514759	0.356937	0.153168	-0.0739312	-0.309528	-0.534268	-0.704539	-0.78604	-0.776278	-0.6911	-0.537059	-0.344882	-0.136984	0.059026	
0.211085	0.211085	0.217035	0.223918	0.221426	0.200096	0.15021	0.0802373	-0.01022	-0.125379	-0.272504	-0.445366	-0.640587	-0.84021	-1.0114	-1.11808	-1.13301	-1.05572	-0.908894	-0.728477	-0.535587	-0.362507	-0.226452	-0.127764	-0.0613025	-0.0221555	0.00154065	0.0239357	0.0627735	0.13092	0.22662	0.345532	0.466739	0.565645	0.619422	0.600115	0.504983	0.340802	0.131139	-0.102644	-0.345053	-0.577271	-0.75434	-0.846706	-0.837082	-0.740671	-0.578873	-0.374252	-0.149294	0.0596348	
-0.042848	-0.042848	-0.0467552	-0.0369368	-0.0320914	-0.0561105	-0.100837	-0.168255	-0.255363	-0.35973	-0.483835	-0.642438	-0.818634	-0.989164	-1.11808	-1.18514	-1.16146	-1.04944	-0.880443	-0.684764	-0.475143	-0.287047	-0.14446	-0.0405936	0.0210416	0.0481629	0.0580411	0.066846	0.0974571	0.164382	0.2615	0.37953	0.497286	0.588238	0.636255	0.614132	0.517106	0.352277	0.146253	-0.0903982	-0.346314	-0.585909	-0.767084	-0.864706	-0.857493	-0.75106	-0.582034	-0.369374	-0.141109	0.0680648	
-0.266866	-0.266866	-0.26311	-0.249541	-0.244595	-0.261535	-0.296969	-0.356032	-0.434913	-0.524019	-0.628818	-0.759903	-0.907452	-1.04231	-1.13301	-1.16146	-1.11122	-0.980651	-0.792111	-0.574407	-0.351837	-0.156927	-0.0069861	0.0978471	0.153464	0.169424	0.166814	0.166102	0.186828	0.243469	0.335065	0.451683	0.565637	0.647586	0.681061	0.64911	0.548699	0.386544	0.182823	-0.0529179	-0.314545	-0.559276	-0.743287	-0.836609	-0.824991	-0.715651	-0.538932	-0.32269	-0.104315	0.0889649	
-0.43111	-0.43111	-0.410132	-0.390994	-0.388239	-0.39772	-0.423924	-0.468357	-0.528982	-0.603562	-0.690975	-0.789745	-0.904763	-1.00434	-1.05572	-1.04944	-0.980651	-0.836328	-0.633136	-0.401933	-0.177092	0.0232845	0.183719	0.290891	0.337074	0.343565	0.334716	0.323177	0.32516	0.365518	0.446003	0.55406	0.663379	0.736174	0.74594	0.696586	0.597066	0.441124	0.237445	-0.00304161	-0.262626	-0.5029	-0.684433	-0.77372	-0.756014	-0.646139	-0.472848	-0.260348	-0.0517993	0.121007	
-0.487117	-0.487117	-0.470799	-0.451321	-0.443215	-0.446969	-0.464931	-0.492612	-0.53806	-0.600046	-0.668998	-0.740398	-0.824382	-0.889081	-0.908894	-0.880443	-0.792111	-0.633136	-0.421426	-0.188712	0.0404503	0.247148	0.411587	0.515414	0.559113	0.563147	0.54897	0.529122	0.520616	0.546834	0.606817	0.687742	0.774401	0.831237	0.830277	0.769258	0.668302	0.51642	0.307934	0.0573941	-0.20132	-0.431797	-0.60168	-0.686517	-0.670437	-0.566241	-0.401053	-0.201258	-0.00466165	0.149125	
-0.431978	-0.431978	-0.429573	-0.4179	-0.409043	-0.408517	-0.417708	-0.437997	-0.479497	-0.531448	-0.587237	-0.639056	-0.689365	-0.7215	-0.728477	-0.684764	-0.574407	-0.401933	-0.188712	0.0481065	0.28349	0.4946	0.659238	0.768625	0.824326	0.829255	0.805441	0.778149	0.767918	0.784828	0.819864	0.867261	0.91707	0.947601	0.93798	0.874089	0.759604	0.595143	0.381268	0.130896	-0.122963	-0.341434	-0.498476	-0.580209	-0.57358	-0.481283	-0.328097	-0.148369	0.0210412	0.154405	
-0.302124	-0.302124	-0.30674	-0.300574	-0.293594	-0.29667	-0.317332	-0.345628	-0.38292	-0.423157	-0.473181	-0.514719	-0.540259	-0.547216	-0.535587	-0.475143	-0.351837	-0.177092	0.0404503	0.28349	0.529923	0.749686	0.919764	1.04001	1.11154	1.12149	1.09322	1.0667	1.05165	1.04814	1.05621	1.07902	1.09466	1.08963	1.06508	0.993111	0.862431	0.680435	0.459076	0.215513	-0.0225512	-0.232041	-0.382099	-0.463724	-0.466302	-0.393634	-0.264082	-0.117048	0.0211606	0.133304	
-0.108814	-0.108814	-0.113601	-0.111452	-0.112288	-0.133195	-0.175991	-0.223234	-0.267035	-0.307931	-0.346964	-0.378185	-0.396803	-0.395089	-0.362507	-0.287047	-0.156927	0.0232845	0.247148	0.4946	0.749686	0.981696	1.16491	1.29782	1.38182	1.40874	1.39791	1.37727	1.35052	1.3212	1.30011	1.29818	1.28471	1.24666	1.19746	1.11037	0.969416	0.776561	0.548087	0.306337	0.0797503	-0.11842	-0.265866	-0.353435	-0.368036	-0.317138	-0.22366	-0.106556	0.00638515	0.0961633	
0.145552	0.145552	0.142234	0.132942	0.106985	0.0581279	-0.00499295	-0.0722943	-0.13259	-0.184471	-0.223202	-0.256303	-0.27738	-0.271739	-0.226452	-0.14446	-0.0069861	0.183719	0.411587	0.659238	0.919764	1.16491	1.36718	1.52035	1.625	1.67942	1.69258	1.67564	1.64073	1.59648	1.55504	1.51877	1.4725	1.40599	1.32788	1.21427	1.06163	0.863586	0.631222	0.392173	0.172749	-0.0148886	-0.159746	-0.261074	-0.296797	-0.269483	-0.205243	-0.114269	-0.0214734	0.052201	
0.421869	0.421869	0.412867	0.38118	0.319541	0.246705	0.171007	0.0869215	-0.000653442	-0.0709367	-0.121792	-0.16008	-0.187561	-0.177429	-0.127764	-0.0405936	0.0978471	0.290891	0.515414	0.768625	1.04001	1.29782	1.52035	1.70099	1.83392	1.91561	1.94939	1.93896	1.90417	1.8605	1.80216	1.73039	1.64662	1.55166	1.43787	1.29568	1.12514	0.921513	0.692242	0.459883	0.242422	0.0555108	-0.0896383	-0.196203	-0.25141	-0.250249	-0.2118	-0.143331	-0.0672525	-0.000598295	
0.685374	0.685374	0.661001	0.609383	0.526524	0.431055	0.333903	0.229444	0.119312	0.0255733	-0.0429127	-0.088306	-0.116892	-0.107791	-0.0613025	0.0210416	0.153464	0.337074	0.559113	0.824326	1.11154	1.38182	1.625	1.83392	1.99588	2.10417	2.16274	2.17367	2.14795	2.09725	2.01831	1.91597	1.79653	1.66049	1.50706	1.33559	1.15036	0.94152	0.716889	0.48992	0.269651	0.0736255	-0.0691441	-0.166371	-0.226943	-0.24656	-0.22756	-0.17299	-0.101816	-0.0360989	
0.908372	0.908372	0.871782	0.806528	0.71037	0.597838	0.474762	0.349272	0.223213	0.116005	0.0296968	-0.0282203	-0.0635904	-0.0590282	-0.0221555	0.0481629	0.169424	0.343565	0.563147	0.829255	1.12149	1.40874	1.67942	1.91561	2.10417	2.23606	2.32121	2.36365	2.35324	2.28914	2.1875	2.0581	1.90219	1.71907	1.52619	1.33132	1.13525	0.92321	0.699398	0.472175	0.252215	0.056855	-0.082406	-0.175371	-0.233436	-0.259284	-0.245282	-0.190532	-0.114346	-0.0394817	
1.07914	1.07914	1.03305	0.956202	0.852773	0.726777	0.58546	0.445923	0.316042	0.200197	0.10075	0.0283874	-0.0166726	-0.0222589	0.00154065	0.0580411	0.166814	0.334716	0.54897	0.805441	1.09322	1.39791	1.69258	1.94939	2.16274	2.32121	2.42982	2.49306	2.49458	2.42549	2.30068	2.13757	1.94155	1.72123	1.50014	1.28719	1.07734	0.86604	0.645065	0.41829	0.208733	0.0315567	-0.101797	-0.194852	-0.249186	-0.267442	-0.246498	-0.18581	-0.101819	-0.0149856	
1.1889	1.1889	1.13846	1.06106	0.95608	0.819016	0.662795	0.518267	0.387492	0.271991	0.172243	0.0940627	0.0369318	0.015499	0.0239357	0.066846	0.166102	0.323177	0.529122	0.778149	1.0667	1.37727	1.67564	1.93896	2.17367	2.36365	2.49306	2.56324	2.56456	2.49092	2.34497	2.14615	1.91369	1.67231	1.43851	1.20602	0.982696	0.776372	0.566062	0.350639	0.161378	0.00291913	-0.116563	-0.202287	-0.248041	-0.251228	-0.216467	-0.147323	-0.0540325	0.0392037	
1.23963	1.23963	1.19835	1.12261	1.01238	0.869052	0.715678	0.569568	0.441184	0.330735	0.241312	0.161699	0.100471	0.0657995	0.0627735	0.0974571	0.186828	0.32516	0.520616	0.767918	1.05165	1.35052	1.64073	1.90417	2.14795	2.35324	2.49458	2.56456	2.55621	2.46471	2.30051	2.08348	1.83208	1.57418	1.33317	1.09624	0.87414	0.676297	0.481698	0.292566	0.128454	-0.0118616	-0.120368	-0.192116	-0.219682	-0.203377	-0.151589	-0.0725361	0.0200715	0.111121	
1.25272	1.25272	1.21484	1.13253	1.01295	0.877736	0.743908	0.61202	0.487719	0.381339	0.298934	0.229774	0.174964	0.138132	0.13092	0.164382	0.243469	0.365518	0.546834	0.784828	1.04814	1.3212	1.59648	1.8605	2.09725	2.28914	2.42549	2.49092	2.46471	2.34459	2.16796	1.95478	1.70538	1.4419	1.20098	0.982749	0.781761	0.59485	0.414741	0.255612	0.124178	0.00346127	-0.0917063	-0.148295	-0.158139	-0.125928	-0.0639515	0.0166271	0.0963732	0.17122	
1.24275	1.24275	1.19911	1.11173	0.995542	0.871074	0.753914	0.63954	0.531926	0.43824	0.365647	0.307353	0.260851	0.230643	0.22662	0.2615	0.335065	0.446003	0.606817	0.819864	1.05621	1.30011	1.55504	1.80216	2.01831	2.1875	2.30068	2.34497	2.30051	2.16796	1.98632	1.78558	1.54948	1.29956	1.07484	0.880582	0.705287	0.54338	0.386424	0.251498	0.141964	0.0432273	-0.0335622	-0.069272	-0.0677099	-0.0289371	0.0345567	0.107499	0.174102	0.234264	
1.19938	1.19938	1.15921	1.07947	0.971174	0.856867	0.749691	0.653931	0.572471	0.507168	0.449688	0.397791	0.358764	0.341065	0.345532	0.37953	0.451683	0.55406	0.687742	0.867261	1.07902	1.29818	1.51877	1.73039	1.91597	2.0581	2.13757	2.14615	2.08348	1.95478	1.78558	1.5897	1.37576	1.16407	0.969638	0.792994	0.64494	0.516727	0.395294	0.280245	0.178541	0.0975152	0.049961	0.0317882	0.0413605	0.0793634	0.133534	0.194975	0.256565	0.30793	
1.13586	1.13586	1.09538	1.02331	0.932721	0.837864	0.744659	0.66745	0.614837	0.578943	0.538075	0.496803	0.466771	0.45936	0.466739	0.497286	0.565637	0.663379	0.774401	0.91707	1.09466	1.28471	1.4725	1.64662	1.79653	1.90219	1.94155	1.91369	1.83208	1.70538	1.54948	1.37576	1.20013	1.03418	0.875118	0.723699	0.596073	0.496302	0.404809	0.307729	0.220289	0.16509	0.142522	0.138973	0.14937	0.176489	0.219673	0.272183	0.327061	0.370619	
1.04703	1.04703	1.01049	0.951735	0.881979	0.808013	0.73649	0.684001	0.655901	0.638328	0.61364	0.587007	0.567028	0.562025	0.565645	0.588238	0.647586	0.736174	0.831237	0.947601	1.08963	1.24666	1.40599	1.55166	1.66049	1.71907	1.72123	1.67231	1.57418	1.4419	1.29956	1.16407	1.03418	0.906012	0.776015	0.655849	0.554083	0.471707	0.397194	0.319285	0.252143	0.216919	0.211443	0.219616	0.227213	0.244276	0.277854	0.327262	0.379424	0.414131	
0.920824	0.920824	0.899653	0.859626	0.807449	0.757158	0.71263	0.681266	0.667952	0.667321	0.658973	0.641627	0.625148	0.618012	0.619422	0.636255	0.681061	0.74594	0.830277	0.93798	1.06508	1.19746	1.32788	1.43787	1.50706	1.52619	1.50014	1.43851	1.33317	1.20098	1.07484	0.969638	0.875118	0.776015	0.675347	0.583694	0.508336	0.442135	0.378804	0.315755	0.259302	0.228723	0.234032	0.257099	0.2707	0.277074	0.301097	0.34753	0.401446	0.438687	
0.768548	0.768548	0.761717	0.73707	0.698395	0.66719	0.653653	0.64621	0.643527	0.646261	0.648192	0.636839	0.620667	0.604746	0.600115	0.614132	0.64911	0.696586	0.769258	0.874089	0.993111	1.11037	1.21427	1.29568	1.33559	1.33132	1.28719	1.20602	1.09624	0.982749	0.880582	0.792994	0.723699	0.655849	0.583694	0.51506	0.453461	0.396466	0.34077	0.283744	0.230508	0.202467	0.212976	0.243803	0.261022	0.260847	0.276432	0.321693	0.376394	0.423208	
0.611451	0.611451	0.603557	0.585957	0.563262	0.547744	0.550974	0.561969	0.571791	0.579134	0.582744	0.567951	0.540567	0.514759	0.504983	0.517106	0.548699	0.597066	0.668302	0.759604	0.862431	0.969416	1.06163	1.12514	1.15036	1.13525	1.07734	0.982696	0.87414	0.781761	0.705287	0.64494	0.596073	0.554083	0.508336	0.453461	0.397067	0.344374	0.28634	0.227428	0.180184	0.156335	0.158858	0.176568	0.184751	0.188426	0.207058	0.255108	0.317222	0.375522	
0.45594	0.45594	0.450514	0.438017	0.422815	0.414146	0.421025	0.438947	0.456879	0.467753	0.467263	0.442036	0.398436	0.356937	0.340802	0.352277	0.386544	0.441124	0.51642	0.595143	0.680435	0.776561	0.863586	0.921513	0.94152	0.92321	0.86604	0.776372	0.676297	0.59485	0.54338	0.516727	0.496302	0.471707	0.442135	0.396466	0.344374	0.28694	0.218939	0.152523	0.102451	0.0740384	0.059129	0.0535468	0.0575052	0.0681758	0.095495	0.15557	0.235193	0.309755	
0.297005	0.297005	0.287519	0.28048	0.277057	0.271562	0.269519	0.285043	0.308198	0.318195	0.30079	0.259555	0.203682	0.153168	0.131139	0.146253	0.182823	0.237445	0.307934	0.381268	0.459076	0.548087	0.631222	0.692242	0.716889	0.699398	0.645065	0.566062	0.481698	0.414741	0.386424	0.395294	0.404809	0.397194	0.378804	0.34077	0.28634	0.218939	0.143115	0.0659902	-0.000893414	-0.0537163	-0.0945543	-0.116521	-0.116027	-0.101484	-0.0620062	0.0173555	0.11468	0.209566	
0.124808	0.124808	0.112767	0.110433	0.115981	0.117886	0.117263	0.126708	0.137514	0.132242	0.0935651	0.0372758	-0.0226872	-0.0739312	-0.102644	-0.0903982	-0.0529179	-0.00304161	0.0573941	0.130896	0.215513	0.306337	0.392173	0.459883	0.48992	0.472175	0.41829	0.350639	0.292566	0.255612	0.251498	0.280245	0.307729	0.319285	0.315755	0.283744	0.227428	0.152523	0.0659902	-0.0307031	-0.132821	-0.228371	-0.297014	-0.332527	-0.339389	-0.31435	-0.252239	-0.154642	-0.0408127	0.0742245	
-0.0615718	-0.0615718	-0.0582345	-0.0478575	-0.0400061	-0.0321355	-0.0265786	-0.0236051	-0.0350979	-0.061705	-0.1175	-0.185235	-0.25497	-0.309528	-0.345053	-0.346314	-0.314545	-0.262626	-0.20132	-0.122963	-0.0225512	0.0797503	0.172749	0.242422	0.269651	0.252215	0.208733	0.161378	0.128454	0.124178	0.141964	0.178541	0.220289	0.252143	0.259302	0.230508	0.180184	0.102451	-0.000893414	-0.132821	-0.285249	-0.423743	-0.522397	-0.579073	-0.591051	-0.552742	-0.467554	-0.348925	-0.210973	-0.0712389	
-0.235041	-0.235041	-0.217913	-0.194625	-0.177322	-0.160867	-0.156428	-0.161488	-0.184912	-0.227682	-0.295117	-0.372118	-0.460624	-0.534268	-0.577271	-0.585909	-0.559276	-0.5029	-0.431797	-0.341434	-0.232041	-0.11842	-0.0148886	0.0555108	0.0736255	0.056855	0.0315567	0.00291913	-0.0118616	0.00346127	0.0432273	0.0975152	0.16509	0.216919	0.228723	0.202467	0.156335	0.0740384	-0.0537163	-0.228371	-0.423743	-0.60318	-0.733751	-0.815457	-0.834532	-0.792279	-0.698259	-0.559009	-0.391033	-0.218299	
-0.351201	-0.351201	-0.323456	-0.293513	-0.270449	-0.247078	-0.238097	-0.249957	-0.282144	-0.336523	-0.413646	-0.505847	-0.614537	-0.704539	-0.75434	-0.767084	-0.743287	-0.684433	-0.60168	-0.498476	-0.382099	-0.265866	-0.159746	-0.0896383	-0.0691441	-0.082406	-0.101797	-0.116563	-0.120368	-0.0917063	-0.0335622	0.049961	0.142522	0.211443	0.234032	0.212976	0.158858	0.059129	-0.0945543	-0.297014	-0.522397	-0.733751	-0.896676	-0.995638	-1.02508	-0.987527	-0.891313	-0.738939	-0.548928	-0.345388	
-0.388318	-0.388318	-0.363345	-0.326124	-0.293222	-0.266954	-0.259884	-0.278426	-0.3204	-0.381653	-0.466542	-0.570658	-0.687166	-0.78604	-0.846706	-0.864706	-0.836609	-0.77372	-0.686517	-0.580209	-0.463724	-0.353435	-0.261074	-0.196203	-0.166371	-0.175371	-0.194852	-0.202287	-0.192116	-0.148295	-0.069272	0.0317882	0.138973	0.219616	0.257099	0.243803	0.176568	0.0535468	-0.116521	-0.332527	-0.579073	-0.815457	-0.995638	-1.11246	-1.15253	-1.118	-1.02129	-0.865091	-0.665462	-0.438621	
-0.363841	-0.363841	-0.346393	-0.303174	-0.25997	-0.238095	-0.239486	-0.264626	-0.309533	-0.370233	-0.455518	-0.565862	-0.682026	-0.776278	-0.837082	-0.857493	-0.824991	-0.756014	-0.670437	-0.57358	-0.466302	-0.368036	-0.296797	-0.25141	-0.226943	-0.233436	-0.249186	-0.248041	-0.219682	-0.158139	-0.0677099	0.0413605	0.14937	0.227213	0.2707	0.261022	0.184751	0.0575052	-0.116027	-0.339389	-0.591051	-0.834532	-1.02508	-1.15253	-1.2005	-1.17171	-1.08178	-0.937404	-0.74264	-0.502171	
-0.302545	-0.302545	-0.28512	-0.246238	-0.206916	-0.191167	-0.194194	-0.215725	-0.254731	-0.317764	-0.397559	-0.49652	-0.603611	-0.6911	-0.740671	-0.75106	-0.715651	-0.646139	-0.566241	-0.481283	-0.393634	-0.317138	-0.269483	-0.250249	-0.24656	-0.259284	-0.267442	-0.251228	-0.203377	-0.125928	-0.0289371	0.0793634	0.176489	0.244276	0.277074	0.260847	0.188426	0.0681758	-0.101484	-0.31435	-0.552742	-0.792279	-0.987527	-1.118	-1.17171	-1.1527	-1.08534	-0.961091	-0.77911	-0.548535	
-0.236295	-0.236295	-0.213015	-0.180488	-0.150064	-0.130581	-0.131771	-0.145953	-0.176263	-0.230243	-0.302918	-0.382903	-0.467846	-0.537059	-0.578873	-0.582034	-0.538932	-0.472848	-0.401053	-0.328097	-0.264082	-0.22366	-0.205243	-0.2118	-0.22756	-0.245282	-0.246498	-0.216467	-0.151589	-0.0639515	0.0345567	0.133534	0.219673	0.277854	0.301097	0.276432	0.207058	0.095495	-0.0620062	-0.252239	-0.467554	-0.698259	-0.891313	-1.02129	-1.08178	-1.08534	-1.03879	-0.937267	-0.78144	-0.575388	
-0.211336	-0.211336	-0.17889	-0.135899	-0.0971467	-0.071073	-0.061763	-0.0701129	-0.0952169	-0.134098	-0.180038	-0.237071	-0.297408	-0.344882	-0.374252	-0.369374	-0.32269	-0.260348	-0.201258	-0.148369	-0.117048	-0.106556	-0.114269	-0.143331	-0.17299	-0.190532	-0.18581	-0.147323	-0.0725361	0.0166271	0.107499	0.194975	0.272183	0.327262	0.34753	0.321693	0.255108	0.15557	0.0173555	-0.154642	-0.348925	-0.559009	-0.738939	-0.865091	-0.937404	-0.961091	-0.937267	-0.865668	-0.746733	-0.572228	
-0.24905	-0.24905	-0.208807	-0.140064	-0.0743497	-0.0299888	-0.00440156	-0.000812546	-0.0186314	-0.0347219	-0.0511843	-0.081237	-0.115972	-0.136984	-0.149294	-0.141109	-0.104315	-0.0517993	-0.00466165	0.0210412	0.0211606	0.00638515	-0.0214734	-0.0672525	-0.101816	-0.114346	-0.101819	-0.0540325	0.0200715	0.0963732	0.174102	0.256565	0.327061	0.379424	0.401446	0.376394	0.317222	0.235193	0.11468	-0.0408127	-0.210973	-0.391033	-0.548928	-0.665462	-0.74264	-0.77911	-0.78144	-0.746733	-0.661784	-0.525804	
-0.35056	-0.35056	-0.302904	-0.211973	-0.113238	-0.0362539	0.013997	0.0384029	0.0458449	0.0599762	0.0758316	0.0777279	0.0665938	0.059026	0.0596348	0.0680648	0.0889649	0.121007	0.149125	0.154405	0.133304	0.0961633	0.052201	-0.000598295	-0.0360989	-0.0394817	-0.0149856	0.0392037	0.111121	0.17122	0.234264	0.30793	0.370619	0.414131	0.438687	0.423208	0.375522	0.309755	0.209566	0.0742245	-0.0712389	-0.218299	-0.345388	-0.438621	-0.502171	-0.548535	-0.575388	-0.572228	-0.525804	-0.439436	
