0.0507679	0.58808	0.343734	0.101469	0.0214181	0.0214181	
0.58808	0.414983	0.14789	0.032793	0.00554682	0.00554682	
0.343734	0.14789	0.0391742	0.00701314	0.000989402	0.000989402	
0.101469	0.032793	0.00701314	0.00105798	0.000128041	0.000128041	
0.0214181	0.00554682	0.000989402	0.000128041	1.34508e-05	1.34508e-05	
0.0214181	0.00554682	0.000989402	0.000128041	1.34508e-05	1.34508e-05	
