0.183567	0.275665	0.359998	0.408551	0.386779	0.297078	0.14826	-0.0397924	-0.236943	-0.403952	-0.539326	-0.641055	-0.705223	-0.746639	-0.762936	-0.750342	-0.704626	-0.630978	-0.528788	-0.420757	-0.332479	-0.263306	-0.195942	-0.118456	-0.0395082	0.0372207	0.098262	0.134108	0.147386	0.135785	0.0886869	0.0218184	-0.0415917	-0.103633	-0.141397	-0.144841	-0.130246	-0.100224	-0.0447303	0.0465555	0.154024	0.272392	0.404574	0.519289	0.609825	0.689689	0.758965	0.816802	0.852788	0.852788	
0.275665	0.372744	0.471336	0.542709	0.547084	0.469525	0.326185	0.139172	-0.0595904	-0.238495	-0.38937	-0.503863	-0.588271	-0.654663	-0.69456	-0.698567	-0.669929	-0.602915	-0.495501	-0.375329	-0.272553	-0.195408	-0.129336	-0.0597066	0.00665641	0.0588065	0.0926444	0.0936639	0.0637642	0.0195511	-0.0438718	-0.11434	-0.180151	-0.235154	-0.259168	-0.25844	-0.240754	-0.204442	-0.134606	-0.0221437	0.101235	0.230156	0.367433	0.480724	0.561575	0.620973	0.662091	0.693026	0.714679	0.714679	
0.359998	0.471336	0.582873	0.668995	0.696286	0.641306	0.514844	0.336233	0.14267	-0.0427708	-0.210258	-0.347168	-0.453397	-0.537582	-0.589312	-0.610924	-0.601586	-0.53992	-0.431188	-0.303455	-0.184	-0.0905663	-0.0247056	0.0379593	0.0919537	0.115407	0.10936	0.0703594	0.00961626	-0.0570561	-0.126456	-0.195128	-0.258367	-0.304961	-0.329591	-0.329235	-0.303783	-0.257807	-0.180245	-0.0740943	0.0434812	0.16303	0.271324	0.364108	0.431059	0.463303	0.479335	0.488789	0.489931	0.489931	
0.408551	0.542709	0.668995	0.772012	0.818536	0.789401	0.689806	0.537635	0.364309	0.177335	-0.00744201	-0.167642	-0.295267	-0.395051	-0.456307	-0.492581	-0.494045	-0.440986	-0.342061	-0.218367	-0.0827977	0.0366914	0.109516	0.162938	0.19646	0.190106	0.146661	0.0742185	-0.00945115	-0.0857986	-0.150666	-0.218823	-0.284056	-0.333379	-0.360487	-0.354531	-0.32197	-0.265318	-0.18916	-0.108269	-0.019111	0.0680288	0.135886	0.191881	0.231047	0.242851	0.233535	0.216326	0.206424	0.206424	
0.386779	0.547084	0.696286	0.818536	0.884498	0.891297	0.832262	0.716853	0.561072	0.383897	0.203165	0.0351279	-0.112909	-0.229019	-0.300097	-0.343621	-0.351167	-0.310128	-0.223396	-0.106259	0.0401021	0.173433	0.25317	0.296195	0.303038	0.269164	0.197995	0.109507	0.0135987	-0.0748436	-0.1415	-0.201309	-0.258487	-0.315338	-0.352658	-0.346803	-0.307398	-0.249677	-0.192469	-0.144365	-0.0962544	-0.0495865	-0.0181224	-0.00346504	-0.000156701	-0.0147726	-0.0479965	-0.0828633	-0.103108	-0.103108	
0.297078	0.469525	0.641306	0.789401	0.891297	0.943962	0.930616	0.845017	0.70946	0.556962	0.393758	0.226287	0.070425	-0.0495899	-0.129951	-0.183847	-0.200931	-0.167155	-0.0812969	0.0432958	0.190421	0.316846	0.394559	0.426065	0.417872	0.364078	0.269377	0.16419	0.0569459	-0.0392625	-0.115905	-0.169977	-0.208716	-0.259497	-0.306209	-0.313996	-0.282197	-0.240814	-0.207787	-0.187024	-0.183312	-0.181696	-0.188089	-0.212853	-0.240361	-0.275814	-0.322637	-0.363818	-0.388507	-0.388507	
0.14826	0.326185	0.514844	0.689806	0.832262	0.930616	0.95976	0.913788	0.815603	0.689705	0.541251	0.386154	0.244886	0.129851	0.0394999	-0.0235155	-0.0456322	-0.0165296	0.0721464	0.203307	0.342875	0.456169	0.524776	0.546678	0.526808	0.463291	0.358342	0.231512	0.10943	0.00946439	-0.0699679	-0.123561	-0.160613	-0.204384	-0.253728	-0.278683	-0.265185	-0.24711	-0.239656	-0.244436	-0.270707	-0.309267	-0.36044	-0.420412	-0.474398	-0.517965	-0.554994	-0.588853	-0.609484	-0.609484	
-0.0397924	0.139172	0.336233	0.537635	0.716853	0.845017	0.913788	0.923337	0.87378	0.777468	0.657053	0.532351	0.40802	0.29159	0.199879	0.144492	0.126588	0.148789	0.22478	0.343646	0.470658	0.574874	0.637991	0.648448	0.609584	0.53504	0.431019	0.304836	0.174103	0.0616415	-0.0198427	-0.0784209	-0.129661	-0.175565	-0.216716	-0.248624	-0.264408	-0.272877	-0.287012	-0.317335	-0.363213	-0.428632	-0.511758	-0.594787	-0.666803	-0.706469	-0.725213	-0.749339	-0.76139	-0.76139	
-0.236943	-0.0595904	0.14267	0.364309	0.561072	0.70946	0.815603	0.87378	0.86916	0.819019	0.748197	0.659443	0.546654	0.43618	0.359543	0.319902	0.310419	0.327208	0.383287	0.473658	0.580863	0.673417	0.721944	0.716144	0.658079	0.566814	0.46133	0.348902	0.223556	0.0965977	-0.00252651	-0.0704608	-0.124832	-0.169729	-0.200216	-0.227687	-0.268049	-0.30998	-0.349026	-0.40222	-0.461839	-0.530042	-0.620262	-0.714826	-0.78863	-0.821032	-0.829795	-0.844444	-0.853293	-0.853293	
-0.403952	-0.238495	-0.0427708	0.177335	0.383897	0.556962	0.689705	0.777468	0.819019	0.82645	0.805017	0.7512	0.666893	0.587288	0.53264	0.501935	0.494845	0.513444	0.554309	0.612742	0.6898	0.749922	0.766274	0.735797	0.666805	0.567169	0.450042	0.336589	0.215105	0.0849414	-0.0292719	-0.112162	-0.160709	-0.186486	-0.206932	-0.238134	-0.289585	-0.34787	-0.403207	-0.470738	-0.54138	-0.605233	-0.683163	-0.770414	-0.83828	-0.869344	-0.873643	-0.877339	-0.884094	-0.884094	
-0.539326	-0.38937	-0.210258	-0.00744201	0.203165	0.393758	0.541251	0.657053	0.748197	0.805017	0.824838	0.815455	0.782826	0.749859	0.721434	0.696823	0.691061	0.708475	0.733926	0.761917	0.792989	0.802751	0.773097	0.710709	0.633296	0.530146	0.402511	0.273208	0.142695	0.0166156	-0.0965938	-0.188722	-0.239397	-0.247376	-0.253847	-0.285536	-0.331967	-0.383781	-0.439717	-0.508979	-0.581653	-0.641291	-0.703293	-0.772441	-0.827831	-0.854721	-0.861391	-0.860145	-0.853864	-0.853864	
-0.641055	-0.503863	-0.347168	-0.167642	0.0351279	0.226287	0.386154	0.532351	0.659443	0.7512	0.815455	0.860804	0.885269	0.900503	0.900686	0.894954	0.897875	0.907035	0.911167	0.904986	0.885967	0.840314	0.76446	0.665882	0.564142	0.452905	0.317344	0.170106	0.0270471	-0.100816	-0.206054	-0.28883	-0.339451	-0.343137	-0.334912	-0.353161	-0.384175	-0.416314	-0.465619	-0.536913	-0.603163	-0.650841	-0.687079	-0.720116	-0.757246	-0.784052	-0.795499	-0.796199	-0.784863	-0.784863	
-0.705223	-0.588271	-0.453397	-0.295267	-0.112909	0.070425	0.244886	0.40802	0.546654	0.666893	0.782826	0.885269	0.963921	1.02038	1.05371	1.07951	1.09753	1.09351	1.06789	1.02716	0.956403	0.856104	0.740169	0.603448	0.465746	0.336674	0.198611	0.0481874	-0.100415	-0.231745	-0.329771	-0.391672	-0.428258	-0.437183	-0.431546	-0.433576	-0.44359	-0.460504	-0.498346	-0.557926	-0.610524	-0.640983	-0.648586	-0.643395	-0.649443	-0.666468	-0.68503	-0.69333	-0.684306	-0.684306	
-0.746639	-0.654663	-0.537582	-0.395051	-0.229019	-0.0495899	0.129851	0.29159	0.43618	0.587288	0.749859	0.900503	1.02038	1.11266	1.1801	1.23286	1.2541	1.22726	1.17056	1.09227	0.97372	0.82566	0.674763	0.51429	0.350577	0.203101	0.0680125	-0.0692031	-0.207012	-0.333363	-0.426882	-0.475319	-0.496254	-0.50763	-0.512908	-0.510553	-0.507767	-0.512519	-0.535045	-0.575661	-0.60471	-0.609204	-0.595633	-0.568279	-0.545492	-0.540896	-0.548577	-0.555745	-0.556645	-0.556645	
-0.762936	-0.69456	-0.589312	-0.456307	-0.300097	-0.129951	0.0394999	0.199879	0.359543	0.53264	0.721434	0.900686	1.05371	1.1801	1.27357	1.33014	1.33548	1.28876	1.19725	1.07457	0.919795	0.742078	0.562992	0.384481	0.217513	0.070076	-0.0593468	-0.176891	-0.288571	-0.39063	-0.465989	-0.508363	-0.531838	-0.545657	-0.554632	-0.557608	-0.554748	-0.55559	-0.568017	-0.584364	-0.587113	-0.570087	-0.536234	-0.495244	-0.457015	-0.42775	-0.415066	-0.418044	-0.425551	-0.425551	
-0.750342	-0.698567	-0.610924	-0.492581	-0.343621	-0.183847	-0.0235155	0.144492	0.319902	0.501935	0.696823	0.894954	1.07951	1.23286	1.33014	1.36399	1.34491	1.27205	1.13706	0.964736	0.781096	0.594646	0.39954	0.209871	0.0560196	-0.0653577	-0.16983	-0.263285	-0.341604	-0.402412	-0.44487	-0.479492	-0.514679	-0.539139	-0.554606	-0.568149	-0.574123	-0.571464	-0.571415	-0.571479	-0.554287	-0.517649	-0.47324	-0.429525	-0.382005	-0.335609	-0.310976	-0.314582	-0.329704	-0.329704	
-0.704626	-0.669929	-0.601586	-0.494045	-0.351167	-0.200931	-0.0456322	0.126588	0.310419	0.494845	0.691061	0.897875	1.09753	1.2541	1.33548	1.34491	1.28789	1.16455	0.982685	0.775258	0.567312	0.370919	0.185299	0.0133594	-0.122423	-0.211807	-0.272335	-0.321853	-0.353631	-0.369158	-0.381959	-0.407643	-0.448774	-0.483784	-0.508494	-0.537669	-0.559148	-0.55423	-0.537848	-0.51766	-0.486543	-0.44697	-0.40407	-0.367645	-0.332678	-0.292282	-0.262184	-0.257734	-0.270219	-0.270219	
-0.630978	-0.602915	-0.53992	-0.440986	-0.310128	-0.167155	-0.0165296	0.148789	0.327208	0.513444	0.708475	0.907035	1.09351	1.22726	1.28876	1.27205	1.16455	0.975925	0.749932	0.523628	0.295553	0.0920131	-0.0657933	-0.194242	-0.300812	-0.363107	-0.374359	-0.359836	-0.331982	-0.30571	-0.299465	-0.318868	-0.353156	-0.385814	-0.418465	-0.457207	-0.48655	-0.487929	-0.46696	-0.434013	-0.39892	-0.367529	-0.34025	-0.320431	-0.300815	-0.281106	-0.263789	-0.249852	-0.248009	-0.248009	
-0.528788	-0.495501	-0.431188	-0.342061	-0.223396	-0.0812969	0.0721464	0.22478	0.383287	0.554309	0.733926	0.911167	1.06789	1.17056	1.19725	1.13706	0.982685	0.749932	0.484965	0.226573	-0.00776647	-0.194773	-0.328848	-0.42394	-0.491988	-0.512708	-0.473167	-0.397798	-0.31205	-0.243419	-0.209966	-0.206386	-0.220128	-0.249171	-0.290509	-0.336651	-0.373309	-0.382341	-0.365911	-0.335606	-0.308994	-0.295301	-0.28726	-0.283033	-0.283732	-0.291936	-0.291189	-0.27064	-0.255227	-0.255227	
-0.420757	-0.375329	-0.303455	-0.218367	-0.106259	0.0432958	0.203307	0.343646	0.473658	0.612742	0.761917	0.904986	1.02716	1.09227	1.07457	0.964736	0.775258	0.523628	0.226573	-0.0674724	-0.302997	-0.467269	-0.587143	-0.66673	-0.696041	-0.664763	-0.574974	-0.447798	-0.309922	-0.195227	-0.120647	-0.0793708	-0.0671555	-0.0910804	-0.142924	-0.197983	-0.236226	-0.254337	-0.251416	-0.229117	-0.220804	-0.237261	-0.252616	-0.262582	-0.278641	-0.306496	-0.319699	-0.297416	-0.272197	-0.272197	
-0.332479	-0.272553	-0.184	-0.0827977	0.0401021	0.190421	0.342875	0.470658	0.580863	0.6898	0.792989	0.885967	0.956403	0.97372	0.919795	0.781096	0.567312	0.295553	-0.00776647	-0.302997	-0.542359	-0.706651	-0.813698	-0.867089	-0.868704	-0.809469	-0.684973	-0.515678	-0.333202	-0.172071	-0.0554121	0.0177812	0.0576658	0.0556013	0.0166172	-0.0344491	-0.0826253	-0.12065	-0.139413	-0.141869	-0.155738	-0.188859	-0.223333	-0.249759	-0.274529	-0.308538	-0.327948	-0.312965	-0.293453	-0.293453	
-0.263306	-0.195408	-0.0905663	0.0366914	0.173433	0.316846	0.456169	0.574874	0.673417	0.749922	0.802751	0.840314	0.856104	0.82566	0.742078	0.594646	0.370919	0.0920131	-0.194773	-0.467269	-0.706651	-0.884657	-0.982568	-1.01001	-0.995091	-0.92434	-0.781152	-0.58719	-0.376363	-0.179264	-0.0261991	0.0761021	0.138659	0.160157	0.14826	0.111874	0.0571155	-0.000616243	-0.0428168	-0.0670624	-0.0990538	-0.145185	-0.18872	-0.226989	-0.263782	-0.296619	-0.31284	-0.310424	-0.305445	-0.305445	
-0.195942	-0.129336	-0.0247056	0.109516	0.25317	0.394559	0.524776	0.637991	0.721944	0.766274	0.773097	0.76446	0.740169	0.674763	0.562992	0.39954	0.185299	-0.0657933	-0.328848	-0.587143	-0.813698	-0.982568	-1.07934	-1.10319	-1.06997	-0.978582	-0.82944	-0.6391	-0.429397	-0.21923	-0.0378839	0.0903205	0.169832	0.210824	0.220308	0.201128	0.156032	0.0970606	0.0443383	0.00111616	-0.0467561	-0.099681	-0.15181	-0.19691	-0.230287	-0.25435	-0.272332	-0.291125	-0.308022	-0.308022	
-0.118456	-0.0597066	0.0379593	0.162938	0.296195	0.426065	0.546678	0.648448	0.716144	0.735797	0.710709	0.665882	0.603448	0.51429	0.384481	0.209871	0.0133594	-0.194242	-0.42394	-0.66673	-0.867089	-1.01001	-1.10319	-1.12646	-1.0754	-0.973498	-0.837962	-0.670548	-0.483264	-0.285455	-0.0997196	0.044754	0.142754	0.202354	0.236488	0.246347	0.223306	0.172194	0.113229	0.0556077	-0.00195733	-0.0566544	-0.107108	-0.149297	-0.179669	-0.197891	-0.217443	-0.251842	-0.281219	-0.281219	
-0.0395082	0.00665641	0.0919537	0.19646	0.303038	0.417872	0.526808	0.609584	0.658079	0.666805	0.633296	0.564142	0.465746	0.350577	0.217513	0.0560196	-0.122423	-0.300812	-0.491988	-0.696041	-0.868704	-0.995091	-1.06997	-1.0754	-1.01911	-0.93269	-0.823471	-0.684094	-0.530031	-0.370616	-0.212647	-0.0673096	0.0537992	0.142441	0.205112	0.251198	0.267001	0.232272	0.169676	0.106909	0.0443686	-0.0148936	-0.0622892	-0.0936974	-0.115937	-0.134553	-0.158883	-0.194894	-0.221443	-0.221443	
0.0372207	0.0588065	0.115407	0.190106	0.269164	0.364078	0.463291	0.53504	0.566814	0.567169	0.530146	0.452905	0.336674	0.203101	0.070076	-0.0653577	-0.211807	-0.363107	-0.512708	-0.664763	-0.809469	-0.92434	-0.978582	-0.973498	-0.93269	-0.874858	-0.797891	-0.698477	-0.593893	-0.483419	-0.357735	-0.216205	-0.0751702	0.0395253	0.132579	0.21826	0.269208	0.262006	0.219608	0.162205	0.101047	0.0445836	-0.00141564	-0.0271544	-0.0451946	-0.0697267	-0.101725	-0.133402	-0.148085	-0.148085	
0.098262	0.0926444	0.10936	0.146661	0.197995	0.269377	0.358342	0.431019	0.46133	0.450042	0.402511	0.317344	0.198611	0.0680125	-0.0593468	-0.16983	-0.272335	-0.374359	-0.473167	-0.574974	-0.684973	-0.781152	-0.82944	-0.837962	-0.823471	-0.797891	-0.766388	-0.726487	-0.677074	-0.609432	-0.512503	-0.382152	-0.240719	-0.10971	0.0187444	0.142712	0.230161	0.26463	0.255651	0.216898	0.168953	0.120706	0.0835722	0.0629057	0.0342776	-0.0052953	-0.0460748	-0.0757978	-0.0797146	-0.0797146	
0.134108	0.0936639	0.0703594	0.0742185	0.109507	0.16419	0.231512	0.304836	0.348902	0.336589	0.273208	0.170106	0.0481874	-0.0692031	-0.176891	-0.263285	-0.321853	-0.359836	-0.397798	-0.447798	-0.515678	-0.58719	-0.6391	-0.670548	-0.684094	-0.698477	-0.726487	-0.751075	-0.750883	-0.720664	-0.655551	-0.559331	-0.440043	-0.288634	-0.122788	0.0265576	0.145955	0.226702	0.262286	0.25925	0.241181	0.214725	0.184477	0.155754	0.11329	0.0622791	0.0169045	-0.0107935	-0.0123186	-0.0123186	
0.147386	0.0637642	0.00961626	-0.00945115	0.0135987	0.0569459	0.10943	0.174103	0.223556	0.215105	0.142695	0.0270471	-0.100415	-0.207012	-0.288571	-0.341604	-0.353631	-0.331982	-0.31205	-0.309922	-0.333202	-0.376363	-0.429397	-0.483264	-0.530031	-0.593893	-0.677074	-0.750883	-0.793203	-0.8002	-0.774916	-0.71827	-0.618559	-0.462093	-0.283437	-0.121841	0.0185364	0.135653	0.221078	0.270793	0.295524	0.302062	0.28209	0.23458	0.178165	0.13181	0.0976329	0.0797677	0.0790855	0.0790855	
0.135785	0.0195511	-0.0570561	-0.0857986	-0.0748436	-0.0392625	0.00946439	0.0616415	0.0965977	0.0849414	0.0166156	-0.100816	-0.231745	-0.333363	-0.39063	-0.402412	-0.369158	-0.30571	-0.243419	-0.195227	-0.172071	-0.179264	-0.21923	-0.285455	-0.370616	-0.483419	-0.609432	-0.720664	-0.8002	-0.849658	-0.867414	-0.836487	-0.747169	-0.605188	-0.438213	-0.276431	-0.126342	0.0136141	0.134265	0.226376	0.291624	0.332559	0.333449	0.293242	0.250314	0.223111	0.207891	0.200312	0.19104	0.19104	
0.0886869	-0.0438718	-0.126456	-0.150666	-0.1415	-0.115905	-0.0699679	-0.0198427	-0.00252651	-0.0292719	-0.0965938	-0.206054	-0.329771	-0.426882	-0.465989	-0.44487	-0.381959	-0.299465	-0.209966	-0.120647	-0.0554121	-0.0261991	-0.0378839	-0.0997196	-0.212647	-0.357735	-0.512503	-0.655551	-0.774916	-0.867414	-0.91024	-0.89316	-0.826611	-0.718651	-0.575373	-0.4213	-0.276937	-0.129741	0.0110388	0.128793	0.230411	0.306345	0.335017	0.325032	0.316585	0.324227	0.33626	0.341087	0.333257	0.333257	
0.0218184	-0.11434	-0.195128	-0.218823	-0.201309	-0.169977	-0.123561	-0.0784209	-0.0704608	-0.112162	-0.188722	-0.28883	-0.391672	-0.475319	-0.508363	-0.479492	-0.407643	-0.318868	-0.206386	-0.0793708	0.0177812	0.0761021	0.0903205	0.044754	-0.0673096	-0.216205	-0.382152	-0.559331	-0.71827	-0.836487	-0.89316	-0.89368	-0.859755	-0.79351	-0.693151	-0.570918	-0.435795	-0.282649	-0.131264	0.00543543	0.133702	0.236325	0.301178	0.337659	0.370282	0.416699	0.460932	0.484171	0.489956	0.489956	
-0.0415917	-0.180151	-0.258367	-0.284056	-0.258487	-0.208716	-0.160613	-0.129661	-0.124832	-0.160709	-0.239397	-0.339451	-0.428258	-0.496254	-0.531838	-0.514679	-0.448774	-0.353156	-0.220128	-0.0671555	0.0576658	0.138659	0.169832	0.142754	0.0537992	-0.0751702	-0.240719	-0.440043	-0.618559	-0.747169	-0.826611	-0.859755	-0.858548	-0.82915	-0.781695	-0.709463	-0.588546	-0.435927	-0.282285	-0.130823	0.0118455	0.137879	0.2469	0.340129	0.424959	0.502595	0.566667	0.606429	0.618575	0.618575	
-0.103633	-0.235154	-0.304961	-0.333379	-0.315338	-0.259497	-0.204384	-0.175565	-0.169729	-0.186486	-0.247376	-0.343137	-0.437183	-0.50763	-0.545657	-0.539139	-0.483784	-0.385814	-0.249171	-0.0910804	0.0556013	0.160157	0.210824	0.202354	0.142441	0.0395253	-0.10971	-0.288634	-0.462093	-0.605188	-0.718651	-0.79351	-0.82915	-0.850054	-0.85659	-0.818593	-0.713256	-0.572916	-0.425884	-0.270468	-0.119804	0.0352601	0.191267	0.330695	0.461381	0.566948	0.640808	0.692309	0.712362	0.712362	
-0.141397	-0.259168	-0.329591	-0.360487	-0.352658	-0.306209	-0.253728	-0.216716	-0.200216	-0.206932	-0.253847	-0.334912	-0.431546	-0.512908	-0.554632	-0.554606	-0.508494	-0.418465	-0.290509	-0.142924	0.0166172	0.14826	0.220308	0.236488	0.205112	0.132579	0.0187444	-0.122788	-0.283437	-0.438213	-0.575373	-0.693151	-0.781695	-0.85659	-0.903137	-0.889328	-0.809299	-0.68394	-0.542398	-0.392686	-0.235072	-0.0608119	0.124074	0.300959	0.463353	0.591108	0.680493	0.742616	0.770964	0.770964	
-0.144841	-0.25844	-0.329235	-0.354531	-0.346803	-0.313996	-0.278683	-0.248624	-0.227687	-0.238134	-0.285536	-0.353161	-0.433576	-0.510553	-0.557608	-0.568149	-0.537669	-0.457207	-0.336651	-0.197983	-0.0344491	0.111874	0.201128	0.246347	0.251198	0.21826	0.142712	0.0265576	-0.121841	-0.276431	-0.4213	-0.570918	-0.709463	-0.818593	-0.889328	-0.906021	-0.86629	-0.771628	-0.640415	-0.492231	-0.324643	-0.144774	0.0456406	0.246617	0.428503	0.57305	0.681294	0.753586	0.793071	0.793071	
-0.130246	-0.240754	-0.303783	-0.32197	-0.307398	-0.282197	-0.265185	-0.264408	-0.268049	-0.289585	-0.331967	-0.384175	-0.44359	-0.507767	-0.554748	-0.574123	-0.559148	-0.48655	-0.373309	-0.236226	-0.0826253	0.0571155	0.156032	0.223306	0.267001	0.269208	0.230161	0.145955	0.0185364	-0.126342	-0.276937	-0.435795	-0.588546	-0.713256	-0.809299	-0.86629	-0.873642	-0.826979	-0.721597	-0.577897	-0.407613	-0.221543	-0.0252765	0.184417	0.37165	0.519142	0.635256	0.716999	0.765775	0.765775	
-0.100224	-0.204442	-0.257807	-0.265318	-0.249677	-0.240814	-0.24711	-0.272877	-0.30998	-0.34787	-0.383781	-0.416314	-0.460504	-0.512519	-0.55559	-0.571464	-0.55423	-0.487929	-0.382341	-0.254337	-0.12065	-0.000616243	0.0970606	0.172194	0.232272	0.262006	0.26463	0.226702	0.135653	0.0136141	-0.129741	-0.282649	-0.435927	-0.572916	-0.68394	-0.771628	-0.826979	-0.83134	-0.762888	-0.634619	-0.475521	-0.296496	-0.0938381	0.118459	0.294736	0.431121	0.545677	0.631222	0.682063	0.682063	
-0.0447303	-0.134606	-0.180245	-0.18916	-0.192469	-0.207787	-0.239656	-0.287012	-0.349026	-0.403207	-0.439717	-0.465619	-0.498346	-0.535045	-0.568017	-0.571415	-0.537848	-0.46696	-0.365911	-0.251416	-0.139413	-0.0428168	0.0443383	0.113229	0.169676	0.219608	0.255651	0.262286	0.221078	0.134265	0.0110388	-0.131264	-0.282285	-0.425884	-0.542398	-0.640415	-0.721597	-0.762888	-0.7361	-0.638928	-0.508229	-0.356339	-0.16538	0.0275845	0.180195	0.310176	0.418012	0.497873	0.555091	0.555091	
0.0465555	-0.0221437	-0.0740943	-0.108269	-0.144365	-0.187024	-0.244436	-0.317335	-0.40222	-0.470738	-0.508979	-0.536913	-0.557926	-0.575661	-0.584364	-0.571479	-0.51766	-0.434013	-0.335606	-0.229117	-0.141869	-0.0670624	0.00111616	0.0556077	0.106909	0.162205	0.216898	0.25925	0.270793	0.226376	0.128793	0.00543543	-0.130823	-0.270468	-0.392686	-0.492231	-0.577897	-0.634619	-0.638928	-0.591306	-0.505636	-0.383791	-0.231448	-0.081903	0.0465682	0.15933	0.252817	0.326372	0.373767	0.373767	
0.154024	0.101235	0.0434812	-0.019111	-0.0962544	-0.183312	-0.270707	-0.363213	-0.461839	-0.54138	-0.581653	-0.603163	-0.610524	-0.60471	-0.587113	-0.554287	-0.486543	-0.39892	-0.308994	-0.220804	-0.155738	-0.0990538	-0.0467561	-0.00195733	0.0443686	0.101047	0.168953	0.241181	0.295524	0.291624	0.230411	0.133702	0.0118455	-0.119804	-0.235072	-0.324643	-0.407613	-0.475521	-0.508229	-0.505636	-0.461799	-0.380987	-0.287062	-0.187358	-0.0873593	-0.00775327	0.0615097	0.117611	0.133847	0.133847	
0.272392	0.230156	0.16303	0.0680288	-0.0495865	-0.181696	-0.309267	-0.428632	-0.530042	-0.605233	-0.641291	-0.650841	-0.640983	-0.609204	-0.570087	-0.517649	-0.44697	-0.367529	-0.295301	-0.237261	-0.188859	-0.145185	-0.099681	-0.0566544	-0.0148936	0.0445836	0.120706	0.214725	0.302062	0.332559	0.306345	0.236325	0.137879	0.0352601	-0.0608119	-0.144774	-0.221543	-0.296496	-0.356339	-0.383791	-0.380987	-0.358726	-0.331095	-0.296284	-0.239663	-0.183825	-0.143859	-0.120267	-0.122224	-0.122224	
0.404574	0.367433	0.271324	0.135886	-0.0181224	-0.188089	-0.36044	-0.511758	-0.620262	-0.683163	-0.703293	-0.687079	-0.648586	-0.595633	-0.536234	-0.47324	-0.40407	-0.34025	-0.28726	-0.252616	-0.223333	-0.18872	-0.15181	-0.107108	-0.0622892	-0.00141564	0.0835722	0.184477	0.28209	0.333449	0.335017	0.301178	0.2469	0.191267	0.124074	0.0456406	-0.0252765	-0.0938381	-0.16538	-0.231448	-0.287062	-0.331095	-0.376602	-0.413124	-0.405682	-0.375084	-0.358718	-0.357786	-0.365291	-0.365291	
0.519289	0.480724	0.364108	0.191881	-0.00346504	-0.212853	-0.420412	-0.594787	-0.714826	-0.770414	-0.772441	-0.720116	-0.643395	-0.568279	-0.495244	-0.429525	-0.367645	-0.320431	-0.283033	-0.262582	-0.249759	-0.226989	-0.19691	-0.149297	-0.0936974	-0.0271544	0.0629057	0.155754	0.23458	0.293242	0.325032	0.337659	0.340129	0.330695	0.300959	0.246617	0.184417	0.118459	0.0275845	-0.081903	-0.187358	-0.296284	-0.413124	-0.507914	-0.557068	-0.571066	-0.577757	-0.591124	-0.602021	-0.602021	
0.609825	0.561575	0.431059	0.231047	-0.000156701	-0.240361	-0.474398	-0.666803	-0.78863	-0.83828	-0.827831	-0.757246	-0.649443	-0.545492	-0.457015	-0.382005	-0.332678	-0.300815	-0.283732	-0.278641	-0.274529	-0.263782	-0.230287	-0.179669	-0.115937	-0.0451946	0.0342776	0.11329	0.178165	0.250314	0.316585	0.370282	0.424959	0.461381	0.463353	0.428503	0.37165	0.294736	0.180195	0.0465682	-0.0873593	-0.239663	-0.405682	-0.557068	-0.675873	-0.7486	-0.794447	-0.829755	-0.840526	-0.840526	
0.689689	0.620973	0.463303	0.242851	-0.0147726	-0.275814	-0.517965	-0.706469	-0.821032	-0.869344	-0.854721	-0.784052	-0.666468	-0.540896	-0.42775	-0.335609	-0.292282	-0.281106	-0.291936	-0.306496	-0.308538	-0.296619	-0.25435	-0.197891	-0.134553	-0.0697267	-0.0052953	0.0622791	0.13181	0.223111	0.324227	0.416699	0.502595	0.566948	0.591108	0.57305	0.519142	0.431121	0.310176	0.15933	-0.00775327	-0.183825	-0.375084	-0.571066	-0.7486	-0.886686	-0.9877	-1.05474	-1.07867	-1.07867	
0.758965	0.662091	0.479335	0.233535	-0.0479965	-0.322637	-0.554994	-0.725213	-0.829795	-0.873643	-0.861391	-0.795499	-0.68503	-0.548577	-0.415066	-0.310976	-0.262184	-0.263789	-0.291189	-0.319699	-0.327948	-0.31284	-0.272332	-0.217443	-0.158883	-0.101725	-0.0460748	0.0169045	0.0976329	0.207891	0.33626	0.460932	0.566667	0.640808	0.680493	0.681294	0.635256	0.545677	0.418012	0.252817	0.0615097	-0.143859	-0.358718	-0.577757	-0.794447	-0.9877	-1.13703	-1.23594	-1.28165	-1.28165	
0.816802	0.693026	0.488789	0.216326	-0.0828633	-0.363818	-0.588853	-0.749339	-0.844444	-0.877339	-0.860145	-0.796199	-0.69333	-0.555745	-0.418044	-0.314582	-0.257734	-0.249852	-0.27064	-0.297416	-0.312965	-0.310424	-0.291125	-0.251842	-0.194894	-0.133402	-0.0757978	-0.0107935	0.0797677	0.200312	0.341087	0.484171	0.606429	0.692309	0.742616	0.753586	0.716999	0.631222	0.497873	0.326372	0.117611	-0.120267	-0.357786	-0.591124	-0.829755	-1.05474	-1.23594	-1.35863	-1.4215	-1.4215	
0.852788	0.714679	0.489931	0.206424	-0.103108	-0.388507	-0.609484	-0.76139	-0.853293	-0.884094	-0.853864	-0.784863	-0.684306	-0.556645	-0.425551	-0.329704	-0.270219	-0.248009	-0.255227	-0.272197	-0.293453	-0.305445	-0.308022	-0.281219	-0.221443	-0.148085	-0.0797146	-0.0123186	0.0790855	0.19104	0.333257	0.489956	0.618575	0.712362	0.770964	0.793071	0.765775	0.682063	0.555091	0.373767	0.133847	-0.122224	-0.365291	-0.602021	-0.840526	-1.07867	-1.28165	-1.4215	-1.50099	-1.50099	
0.852788	0.714679	0.489931	0.206424	-0.103108	-0.388507	-0.609484	-0.76139	-0.853293	-0.884094	-0.853864	-0.784863	-0.684306	-0.556645	-0.425551	-0.329704	-0.270219	-0.248009	-0.255227	-0.272197	-0.293453	-0.305445	-0.308022	-0.281219	-0.221443	-0.148085	-0.0797146	-0.0123186	0.0790855	0.19104	0.333257	0.489956	0.618575	0.712362	0.770964	0.793071	0.765775	0.682063	0.555091	0.373767	0.133847	-0.122224	-0.365291	-0.602021	-0.840526	-1.07867	-1.28165	-1.4215	-1.50099	-1.50099	
