-0.0460629	-0.0460629	-0.0488749	-0.045201	-0.049352	-0.0477113	-0.0474753	-0.0497595	-0.0465349	-0.0488232	-0.0482254	-0.046824	-0.0505118	-0.0482161	-0.0487042	-0.0509574	-0.0484047	-0.0471568	-0.0510425	-0.0498977	-0.0493847	-0.0524805	-0.0487831	-0.0515158	-0.0519817	-0.0527532	-0.0500156	-0.0550772	-0.0541312	-0.050411	-0.0568627	-0.0560215	-0.0521143	-0.0548999	-0.0576271	-0.0473646	-0.044732	-0.0340289	-0.0113345	0.0310223	0.0917354	0.182852	0.318554	0.499593	0.704671	0.91925	1.12513	1.26424	1.2777	1.16365	
-0.0460629	-0.0460629	-0.0488749	-0.045201	-0.049352	-0.0477113	-0.0474753	-0.0497595	-0.0465349	-0.0488232	-0.0482254	-0.046824	-0.0505118	-0.0482161	-0.0487042	-0.0509574	-0.0484047	-0.0471568	-0.0510425	-0.0498977	-0.0493847	-0.0524805	-0.0487831	-0.0515158	-0.0519817	-0.0527532	-0.0500156	-0.0550772	-0.0541312	-0.050411	-0.0568627	-0.0560215	-0.0521143	-0.0548999	-0.0576271	-0.0473646	-0.044732	-0.0340289	-0.0113345	0.0310223	0.0917354	0.182852	0.318554	0.499593	0.704671	0.91925	1.12513	1.26424	1.2777	1.16365	
-0.0488749	-0.0488749	-0.0501053	-0.0460958	-0.0488736	-0.0455095	-0.0456481	-0.0484385	-0.0457271	-0.0485561	-0.0499093	-0.047156	-0.0479534	-0.0487385	-0.0460083	-0.0489337	-0.0496071	-0.0528661	-0.0521262	-0.0482012	-0.0495143	-0.0537532	-0.0511159	-0.0522838	-0.0529882	-0.0538487	-0.0509495	-0.0558311	-0.0547318	-0.0530134	-0.056415	-0.0574022	-0.0527978	-0.0571194	-0.0568704	-0.0497461	-0.0449208	-0.0350989	-0.0112599	0.0303884	0.0913834	0.184033	0.318433	0.499092	0.702606	0.917079	1.12064	1.25609	1.27234	1.15862	
-0.045201	-0.045201	-0.0460958	-0.047215	-0.0477741	-0.0498718	-0.0492421	-0.0492009	-0.0486553	-0.0480291	-0.0470909	-0.0476733	-0.05053	-0.0487302	-0.0507384	-0.0512456	-0.0483904	-0.0446909	-0.0487958	-0.0511088	-0.0508297	-0.0500679	-0.0492894	-0.0505037	-0.0509091	-0.051757	-0.0518055	-0.0532069	-0.0529631	-0.0513654	-0.0557452	-0.0545641	-0.0532632	-0.0540243	-0.0550938	-0.0480009	-0.0437229	-0.031559	-0.00807583	0.0327024	0.0953622	0.187679	0.322927	0.498155	0.701024	0.912728	1.10949	1.24046	1.25575	1.14701	
-0.049352	-0.049352	-0.0488736	-0.0477741	-0.0475089	-0.0460165	-0.0465538	-0.046932	-0.0472919	-0.0486008	-0.049019	-0.0488272	-0.0477213	-0.0481609	-0.0472052	-0.0483279	-0.0489919	-0.053583	-0.0515076	-0.0494123	-0.0498155	-0.0512957	-0.0516935	-0.0528708	-0.0535006	-0.0525524	-0.0522126	-0.0539417	-0.0549963	-0.0551204	-0.0547388	-0.0557881	-0.0555414	-0.0563353	-0.0541396	-0.0510633	-0.0444031	-0.0315127	-0.00766634	0.0332005	0.0959093	0.191903	0.324004	0.497151	0.696225	0.906265	1.09479	1.21796	1.23687	1.13164	
-0.0477113	-0.0477113	-0.0455095	-0.0498718	-0.0460165	-0.04935	-0.048445	-0.0468699	-0.0497434	-0.0462812	-0.0480204	-0.049415	-0.0469945	-0.0505887	-0.0501167	-0.048592	-0.0506399	-0.049029	-0.0478578	-0.0505998	-0.0525926	-0.0495459	-0.0538473	-0.0500523	-0.0502609	-0.0525719	-0.0557095	-0.0521423	-0.0523634	-0.0558455	-0.0536756	-0.0553673	-0.0555255	-0.0554438	-0.0512926	-0.0521635	-0.0419754	-0.0294033	-0.0032221	0.0349647	0.101581	0.197033	0.329407	0.495456	0.692557	0.896618	1.07451	1.18818	1.20879	1.10843	
-0.0474753	-0.0474753	-0.0456481	-0.0492421	-0.0465538	-0.048445	-0.0500097	-0.0469621	-0.0504865	-0.0487334	-0.0474005	-0.0498578	-0.0477415	-0.0484532	-0.0493628	-0.048315	-0.0498111	-0.0483053	-0.0492766	-0.051183	-0.0506628	-0.0475644	-0.0510411	-0.0516106	-0.0530597	-0.0515929	-0.0525663	-0.0509201	-0.0546885	-0.0564621	-0.0520337	-0.0540611	-0.0576395	-0.0537084	-0.0506477	-0.0517399	-0.0412766	-0.0257569	-0.000500294	0.0388865	0.106764	0.204342	0.334343	0.495396	0.688042	0.885895	1.04969	1.15483	1.17484	1.08063	
-0.0497595	-0.0497595	-0.0484385	-0.0492009	-0.046932	-0.0468699	-0.0469621	-0.0449155	-0.04853	-0.0463553	-0.0482761	-0.0511717	-0.0466092	-0.0508518	-0.0502325	-0.0471997	-0.0516777	-0.0524471	-0.0502688	-0.0516223	-0.0516501	-0.050799	-0.0558282	-0.0517598	-0.0508115	-0.053234	-0.0568677	-0.0521198	-0.0540011	-0.0579227	-0.0524281	-0.0560045	-0.0585181	-0.0543827	-0.0506121	-0.0536321	-0.0405356	-0.0247487	0.00130049	0.0413366	0.111122	0.210054	0.337511	0.493833	0.681736	0.87011	1.02083	1.11522	1.13599	1.04679	
-0.0465349	-0.0465349	-0.0457271	-0.0486553	-0.0472919	-0.0497434	-0.0504865	-0.04853	-0.0516895	-0.0479324	-0.048207	-0.0496812	-0.0458417	-0.0496732	-0.0493277	-0.047141	-0.0517612	-0.047217	-0.0477779	-0.0506112	-0.051154	-0.0478683	-0.0527196	-0.0499233	-0.0518371	-0.052648	-0.054411	-0.0501429	-0.0543041	-0.0572185	-0.05136	-0.0552557	-0.05776	-0.0524497	-0.0495321	-0.0519908	-0.0371138	-0.020937	0.00684593	0.0475389	0.120713	0.218803	0.345466	0.496173	0.678394	0.854595	0.990004	1.07413	1.09087	1.00597	
-0.0488232	-0.0488232	-0.0485561	-0.0480291	-0.0486008	-0.0462812	-0.0487334	-0.0463553	-0.0479324	-0.0485141	-0.0482643	-0.0496567	-0.0495584	-0.0504622	-0.0499186	-0.0496434	-0.0516399	-0.0487533	-0.0518073	-0.0526	-0.050401	-0.0520286	-0.0515914	-0.052671	-0.0527167	-0.0536769	-0.0528993	-0.0524104	-0.0559207	-0.0564443	-0.0522636	-0.0555655	-0.0587947	-0.0516346	-0.0520182	-0.0500144	-0.0376449	-0.0181875	0.00772606	0.0534745	0.125607	0.225611	0.348842	0.496985	0.670709	0.833921	0.954823	1.02885	1.0405	0.959588	
-0.0482254	-0.0482254	-0.0499093	-0.0470909	-0.049019	-0.0480204	-0.0474005	-0.0482761	-0.048207	-0.0482643	-0.048717	-0.0499013	-0.0485262	-0.0487144	-0.0500026	-0.0481772	-0.049968	-0.0521152	-0.0505515	-0.0511166	-0.0501249	-0.0520109	-0.0535693	-0.0529307	-0.0510959	-0.0526531	-0.0564845	-0.0534115	-0.0546139	-0.0551395	-0.0550309	-0.0563014	-0.0573917	-0.0521177	-0.0526926	-0.0481808	-0.0357726	-0.0159967	0.0119396	0.0607463	0.133661	0.233769	0.355573	0.500953	0.664842	0.813341	0.920493	0.983153	0.986036	0.908898	
-0.046824	-0.046824	-0.047156	-0.0476733	-0.0488272	-0.049415	-0.0498578	-0.0511717	-0.0496812	-0.0496567	-0.0499013	-0.0465728	-0.0495244	-0.0485403	-0.0486251	-0.0517008	-0.048751	-0.0494182	-0.0487735	-0.0503564	-0.050534	-0.0529257	-0.0486456	-0.0515032	-0.0541307	-0.0539795	-0.0516946	-0.0528234	-0.0555247	-0.0552847	-0.0549901	-0.0550741	-0.0559208	-0.0527344	-0.0524751	-0.0446387	-0.0341952	-0.0126702	0.0167789	0.0696434	0.141783	0.242725	0.363241	0.506178	0.658157	0.791533	0.885997	0.934913	0.927823	0.851063	
-0.0505118	-0.0505118	-0.0479534	-0.05053	-0.0477213	-0.0469945	-0.0477415	-0.0466092	-0.0458417	-0.0495584	-0.0485262	-0.0495244	-0.0535028	-0.0500723	-0.0508693	-0.0524066	-0.0489953	-0.0532844	-0.0518578	-0.0520162	-0.0529118	-0.0531013	-0.0511993	-0.0556196	-0.0524007	-0.051472	-0.0544424	-0.0571118	-0.0535273	-0.0537451	-0.0572844	-0.0554708	-0.0546751	-0.0547041	-0.0521059	-0.0431749	-0.0333662	-0.0118549	0.0213493	0.0755896	0.148173	0.248752	0.369299	0.509137	0.647475	0.767808	0.849311	0.884611	0.865302	0.790086	
-0.0482161	-0.0482161	-0.0487385	-0.0487302	-0.0481609	-0.0505887	-0.0484532	-0.0508518	-0.0496732	-0.0504622	-0.0487144	-0.0485403	-0.0500723	-0.0444698	-0.0503551	-0.0503101	-0.0446737	-0.0546186	-0.0498298	-0.0508541	-0.0506872	-0.051845	-0.0510143	-0.0541644	-0.0538638	-0.0531388	-0.0559662	-0.0552372	-0.0538408	-0.0557342	-0.0601331	-0.0538946	-0.0552574	-0.0566966	-0.0514194	-0.0409326	-0.0329352	-0.0086086	0.0273533	0.0842613	0.156574	0.258757	0.379914	0.515641	0.64093	0.748747	0.817648	0.8368	0.802162	0.729256	
-0.0487042	-0.0487042	-0.0460083	-0.0507384	-0.0472052	-0.0501167	-0.0493628	-0.0502325	-0.0493277	-0.0499186	-0.0500026	-0.0486251	-0.0508693	-0.0503551	-0.0520546	-0.0522746	-0.0515417	-0.0539642	-0.0471409	-0.04925	-0.054991	-0.0523185	-0.0521526	-0.0523376	-0.0535925	-0.0515126	-0.0540824	-0.0555347	-0.0528369	-0.0555	-0.0576682	-0.0525552	-0.054178	-0.0572927	-0.0474074	-0.0401073	-0.0302456	-0.006051	0.0347937	0.089775	0.164944	0.265973	0.389188	0.517303	0.631121	0.72685	0.783351	0.783211	0.736512	0.662592	
-0.0509574	-0.0509574	-0.0489337	-0.0512456	-0.0483279	-0.048592	-0.048315	-0.0471997	-0.047141	-0.0496434	-0.0481772	-0.0517008	-0.0524066	-0.0503101	-0.0522746	-0.048847	-0.0486267	-0.0513694	-0.0532086	-0.0547715	-0.0550516	-0.0489667	-0.0531994	-0.054909	-0.0549275	-0.0527882	-0.0569105	-0.0569929	-0.0527816	-0.0575127	-0.0593443	-0.0537894	-0.0559591	-0.0584325	-0.0467989	-0.0413971	-0.0294484	-0.00374513	0.0397908	0.0946976	0.172336	0.274665	0.39799	0.519705	0.622955	0.709769	0.75107	0.733133	0.673064	0.599825	
-0.0484047	-0.0484047	-0.0496071	-0.0483904	-0.0489919	-0.0506399	-0.0498111	-0.0516777	-0.0517612	-0.0516399	-0.049968	-0.048751	-0.0489953	-0.0446737	-0.0515417	-0.0486267	-0.0550171	-0.0508807	-0.0518486	-0.0500845	-0.0497852	-0.0527881	-0.0555173	-0.0537615	-0.0534742	-0.054308	-0.0560393	-0.0548419	-0.0554815	-0.0579046	-0.0588941	-0.0519973	-0.0594076	-0.0551834	-0.0475703	-0.0393759	-0.0288299	0.00191715	0.0443821	0.1013	0.181754	0.284382	0.408721	0.521058	0.61918	0.694526	0.720214	0.684573	0.611037	0.538222	
-0.0471568	-0.0471568	-0.0528661	-0.0446909	-0.053583	-0.049029	-0.0483053	-0.0524471	-0.047217	-0.0487533	-0.0521152	-0.0494182	-0.0532844	-0.0546186	-0.0539642	-0.0513694	-0.0508807	-0.051777	-0.0505199	-0.0526949	-0.0523467	-0.0565859	-0.0509013	-0.052134	-0.0532648	-0.0546334	-0.0540237	-0.0557079	-0.0546467	-0.0560621	-0.056014	-0.0544008	-0.0577242	-0.0521306	-0.0469337	-0.0388781	-0.0256234	0.00731289	0.0472143	0.108705	0.18846	0.295211	0.413574	0.521929	0.61363	0.677321	0.687704	0.632842	0.552113	0.473952	
-0.0510425	-0.0510425	-0.0521262	-0.0487958	-0.0515076	-0.0478578	-0.0492766	-0.0502688	-0.0477779	-0.0518073	-0.0505515	-0.0487735	-0.0518578	-0.0498298	-0.0471409	-0.0532086	-0.0518486	-0.0505199	-0.0536434	-0.0568997	-0.0526035	-0.0541635	-0.0518976	-0.0566046	-0.0568248	-0.0569702	-0.0554447	-0.057459	-0.0574959	-0.0583039	-0.0582727	-0.0583151	-0.0578355	-0.0536523	-0.0502715	-0.0401354	-0.023444	0.0081389	0.0489257	0.113802	0.196042	0.303993	0.418194	0.524951	0.611567	0.664788	0.658014	0.590316	0.501108	0.41477	
-0.0498977	-0.0498977	-0.0482012	-0.0511088	-0.0494123	-0.0505998	-0.051183	-0.0516223	-0.0506112	-0.0526	-0.0511166	-0.0503564	-0.0520162	-0.0508541	-0.04925	-0.0547715	-0.0500845	-0.0526949	-0.0568997	-0.048106	-0.0495962	-0.055091	-0.0546775	-0.0540546	-0.0551932	-0.0539988	-0.0530567	-0.0576203	-0.0579236	-0.0553305	-0.0562058	-0.059233	-0.0543296	-0.0532921	-0.048686	-0.0382761	-0.0177204	0.00943569	0.0551745	0.120198	0.206481	0.311855	0.423419	0.529338	0.609815	0.650972	0.627324	0.549942	0.451022	0.352559	
-0.0493847	-0.0493847	-0.0495143	-0.0508297	-0.0498155	-0.0525926	-0.0506628	-0.0516501	-0.051154	-0.050401	-0.0501249	-0.050534	-0.0529118	-0.0506872	-0.054991	-0.0550516	-0.0497852	-0.0523467	-0.0526035	-0.0495962	-0.0578777	-0.0576996	-0.0515975	-0.0541497	-0.0547951	-0.0557485	-0.0559487	-0.0602913	-0.055782	-0.0537915	-0.0606273	-0.0602684	-0.0527292	-0.0536169	-0.0513171	-0.0354702	-0.0171068	0.0111107	0.0579073	0.126422	0.213659	0.316929	0.428208	0.532859	0.608934	0.635281	0.600452	0.516016	0.404235	0.295549	
-0.0524805	-0.0524805	-0.0537532	-0.0500679	-0.0512957	-0.0495459	-0.0475644	-0.050799	-0.0478683	-0.0520286	-0.0520109	-0.0529257	-0.0531013	-0.051845	-0.0523185	-0.0489667	-0.0527881	-0.0565859	-0.0541635	-0.055091	-0.0576996	-0.0517334	-0.0521583	-0.0576648	-0.058837	-0.0573356	-0.055508	-0.057944	-0.0573331	-0.0578811	-0.0631348	-0.0571942	-0.0530147	-0.0580977	-0.0513578	-0.0335307	-0.0171249	0.0106988	0.0613538	0.131402	0.218732	0.320988	0.432014	0.538222	0.605161	0.621025	0.577602	0.487243	0.361825	0.241054	
-0.0487831	-0.0487831	-0.0511159	-0.0492894	-0.0516935	-0.0538473	-0.0510411	-0.0558282	-0.0527196	-0.0515914	-0.0535693	-0.0486456	-0.0511993	-0.0510143	-0.0521526	-0.0531994	-0.0555173	-0.0509013	-0.0518976	-0.0546775	-0.0515975	-0.0521583	-0.0590402	-0.0572639	-0.0546141	-0.0534667	-0.0569631	-0.0604365	-0.0582457	-0.0564997	-0.0611281	-0.0563144	-0.0562184	-0.0580544	-0.0474807	-0.031882	-0.0177117	0.013868	0.0673428	0.137284	0.225064	0.326026	0.440882	0.54329	0.603638	0.608075	0.562036	0.461415	0.321636	0.189196	
-0.0515158	-0.0515158	-0.0522838	-0.0505037	-0.0528708	-0.0500523	-0.0516106	-0.0517598	-0.0499233	-0.052671	-0.0529307	-0.0515032	-0.0556196	-0.0541644	-0.0523376	-0.054909	-0.0537615	-0.052134	-0.0566046	-0.0540546	-0.0541497	-0.0576648	-0.0572639	-0.0523074	-0.0553817	-0.0585997	-0.0589951	-0.0581887	-0.05558	-0.0588503	-0.0613046	-0.0572936	-0.0567779	-0.0566823	-0.045771	-0.0344421	-0.0173727	0.0167401	0.0707107	0.139296	0.227851	0.329717	0.44639	0.544488	0.596859	0.596621	0.547761	0.435846	0.284119	0.141022	
-0.0519817	-0.0519817	-0.0529882	-0.0509091	-0.0535006	-0.0502609	-0.0530597	-0.0508115	-0.0518371	-0.0527167	-0.0510959	-0.0541307	-0.0524007	-0.0538638	-0.0535925	-0.0549275	-0.0534742	-0.0532648	-0.0568248	-0.0551932	-0.0547951	-0.058837	-0.0546141	-0.0553817	-0.0582676	-0.0622231	-0.0554241	-0.0577815	-0.0593639	-0.0632323	-0.058618	-0.0586955	-0.0589384	-0.0564709	-0.046935	-0.0361823	-0.0167149	0.0196871	0.0710078	0.141971	0.229881	0.335767	0.451202	0.544724	0.59203	0.590629	0.537764	0.413093	0.251236	0.101194	
-0.0527532	-0.0527532	-0.0538487	-0.051757	-0.0525524	-0.0525719	-0.0515929	-0.053234	-0.052648	-0.0536769	-0.0526531	-0.0539795	-0.051472	-0.0531388	-0.0515126	-0.0527882	-0.054308	-0.0546334	-0.0569702	-0.0539988	-0.0557485	-0.0573356	-0.0534667	-0.0585997	-0.0622231	-0.0573644	-0.0539016	-0.0621355	-0.0649081	-0.0581232	-0.057675	-0.0633821	-0.0608477	-0.0538594	-0.0485059	-0.0376653	-0.0147933	0.0210293	0.0721916	0.143963	0.233435	0.342448	0.454315	0.544997	0.58884	0.590654	0.527042	0.393827	0.222787	0.0692005	
-0.0500156	-0.0500156	-0.0509495	-0.0518055	-0.0522126	-0.0557095	-0.0525663	-0.0568677	-0.054411	-0.0528993	-0.0564845	-0.0516946	-0.0544424	-0.0559662	-0.0540824	-0.0569105	-0.0560393	-0.0540237	-0.0554447	-0.0530567	-0.0559487	-0.055508	-0.0569631	-0.0589951	-0.0554241	-0.0539016	-0.0595247	-0.0628536	-0.0576915	-0.0540133	-0.0622043	-0.0642366	-0.0542021	-0.0515015	-0.0506692	-0.0359794	-0.010324	0.0226981	0.0739575	0.145848	0.23869	0.346592	0.455449	0.541508	0.589046	0.587052	0.514338	0.372264	0.198238	0.0404385	
-0.0550772	-0.0550772	-0.0558311	-0.0532069	-0.0539417	-0.0521423	-0.0509201	-0.0521198	-0.0501429	-0.0524104	-0.0534115	-0.0528234	-0.0571118	-0.0552372	-0.0555347	-0.0569929	-0.0548419	-0.0557079	-0.057459	-0.0576203	-0.0602913	-0.057944	-0.0604365	-0.0581887	-0.0577815	-0.0621355	-0.0628536	-0.0605809	-0.0600931	-0.0620259	-0.066555	-0.0625634	-0.0552283	-0.0593808	-0.0549329	-0.0356413	-0.0117839	0.0179404	0.0713078	0.144877	0.240526	0.345747	0.451876	0.539434	0.591064	0.583595	0.50265	0.358257	0.184074	0.0210523	
-0.0541312	-0.0541312	-0.0547318	-0.0529631	-0.0549963	-0.0523634	-0.0546885	-0.0540011	-0.0543041	-0.0559207	-0.0546139	-0.0555247	-0.0535273	-0.0538408	-0.0528369	-0.0527816	-0.0554815	-0.0546467	-0.0574959	-0.0579236	-0.055782	-0.0573331	-0.0582457	-0.05558	-0.0593639	-0.0649081	-0.0576915	-0.0600931	-0.0617071	-0.0630491	-0.0632086	-0.0610235	-0.057451	-0.0612479	-0.0511849	-0.0323763	-0.0129149	0.0179778	0.0737987	0.14967	0.244418	0.346365	0.452167	0.543925	0.595978	0.578837	0.494062	0.349309	0.1747	0.00280953	
-0.050411	-0.050411	-0.0530134	-0.0513654	-0.0551204	-0.0558455	-0.0564621	-0.0579227	-0.0572185	-0.0564443	-0.0551395	-0.0552847	-0.0537451	-0.0557342	-0.0555	-0.0575127	-0.0579046	-0.0560621	-0.0583039	-0.0553305	-0.0537915	-0.0578811	-0.0564997	-0.0588503	-0.0632323	-0.0581232	-0.0540133	-0.0620259	-0.0630491	-0.0608603	-0.0614727	-0.0599317	-0.0592324	-0.059641	-0.047894	-0.0324704	-0.0152661	0.0189778	0.0759136	0.151943	0.242847	0.343781	0.451546	0.548106	0.593237	0.570484	0.485205	0.344244	0.16515	-0.0140901	
-0.0568627	-0.0568627	-0.056415	-0.0557452	-0.0547388	-0.0536756	-0.0520337	-0.0524281	-0.05136	-0.0522636	-0.0550309	-0.0549901	-0.0572844	-0.0601331	-0.0576682	-0.0593443	-0.0588941	-0.056014	-0.0582727	-0.0562058	-0.0606273	-0.0631348	-0.0611281	-0.0613046	-0.058618	-0.057675	-0.0622043	-0.066555	-0.0632086	-0.0614727	-0.0617619	-0.0634988	-0.063824	-0.0594038	-0.0482286	-0.0377924	-0.0190898	0.0181962	0.0751671	0.148097	0.237142	0.339196	0.452544	0.547581	0.586277	0.562478	0.483085	0.343548	0.159562	-0.0265714	
-0.0560215	-0.0560215	-0.0574022	-0.0545641	-0.0557881	-0.0553673	-0.0540611	-0.0560045	-0.0552557	-0.0555655	-0.0563014	-0.0550741	-0.0554708	-0.0538946	-0.0525552	-0.0537894	-0.0519973	-0.0544008	-0.0583151	-0.059233	-0.0602684	-0.0571942	-0.0563144	-0.0572936	-0.0586955	-0.0633821	-0.0642366	-0.0625634	-0.0610235	-0.0599317	-0.0634988	-0.068536	-0.0622039	-0.0542735	-0.0501654	-0.0418663	-0.0170044	0.0218663	0.0755386	0.146307	0.236089	0.343152	0.458323	0.548211	0.582908	0.564443	0.489731	0.347222	0.15601	-0.0359321	
-0.0521143	-0.0521143	-0.0527978	-0.0532632	-0.0555414	-0.0555255	-0.0576395	-0.0585181	-0.05776	-0.0587947	-0.0573917	-0.0559208	-0.0546751	-0.0552574	-0.054178	-0.0559591	-0.0594076	-0.0577242	-0.0578355	-0.0543296	-0.0527292	-0.0530147	-0.0562184	-0.0567779	-0.0589384	-0.0608477	-0.0542021	-0.0552283	-0.057451	-0.0592324	-0.063824	-0.0622039	-0.0503813	-0.0519105	-0.0536134	-0.0377507	-0.00855707	0.0240598	0.0739981	0.144267	0.237571	0.345736	0.457622	0.540188	0.577443	0.565586	0.491708	0.343224	0.147802	-0.0475736	
-0.0548999	-0.0548999	-0.0571194	-0.0540243	-0.0563353	-0.0554438	-0.0537084	-0.0543827	-0.0524497	-0.0516346	-0.0521177	-0.0527344	-0.0547041	-0.0566966	-0.0572927	-0.0584325	-0.0551834	-0.0521306	-0.0536523	-0.0532921	-0.0536169	-0.0580977	-0.0580544	-0.0566823	-0.0564709	-0.0538594	-0.0515015	-0.0593808	-0.0612479	-0.059641	-0.0594038	-0.0542735	-0.0519105	-0.0605743	-0.0534124	-0.0298766	-0.00863371	0.018575	0.0694152	0.143905	0.237898	0.345489	0.450826	0.533673	0.57875	0.572556	0.495826	0.343194	0.146837	-0.0482011	
-0.0576271	-0.0576271	-0.0568704	-0.0550938	-0.0541396	-0.0512926	-0.0506477	-0.0506121	-0.0495321	-0.0520182	-0.0526926	-0.0524751	-0.0521059	-0.0514194	-0.0474074	-0.0467989	-0.0475703	-0.0469337	-0.0502715	-0.048686	-0.0513171	-0.0513578	-0.0474807	-0.045771	-0.046935	-0.0485059	-0.0506692	-0.0549329	-0.0511849	-0.047894	-0.0482286	-0.0501654	-0.0536134	-0.0534124	-0.0373174	-0.0221441	-0.00889431	0.020655	0.0765861	0.15024	0.243615	0.345542	0.448132	0.536188	0.588737	0.582052	0.499903	0.346317	0.15129	-0.0429269	
-0.0473646	-0.0473646	-0.0497461	-0.0480009	-0.0510633	-0.0521635	-0.0517399	-0.0536321	-0.0519908	-0.0500144	-0.0481808	-0.0446387	-0.0431749	-0.0409326	-0.0401073	-0.0413971	-0.0393759	-0.0388781	-0.0401354	-0.0382761	-0.0354702	-0.0335307	-0.031882	-0.0344421	-0.0361823	-0.0376653	-0.0359794	-0.0356413	-0.0323763	-0.0324704	-0.0377924	-0.0418663	-0.0377507	-0.0298766	-0.0221441	-0.0159682	-0.000157336	0.0358573	0.0892091	0.161416	0.249904	0.347588	0.451446	0.547403	0.60132	0.588735	0.504484	0.352914	0.160476	-0.0312764	
-0.044732	-0.044732	-0.0449208	-0.0437229	-0.0444031	-0.0419754	-0.0412766	-0.0405356	-0.0371138	-0.0376449	-0.0357726	-0.0341952	-0.0333662	-0.0329352	-0.0302456	-0.0294484	-0.0288299	-0.0256234	-0.023444	-0.0177204	-0.0171068	-0.0171249	-0.0177117	-0.0173727	-0.0167149	-0.0147933	-0.010324	-0.0117839	-0.0129149	-0.0152661	-0.0190898	-0.0170044	-0.00855707	-0.00863371	-0.00889431	-0.000157336	0.0222717	0.0546678	0.105391	0.173589	0.257368	0.352456	0.463494	0.562904	0.610955	0.595149	0.513959	0.368508	0.180339	-0.00961111	
-0.0340289	-0.0340289	-0.0350989	-0.031559	-0.0315127	-0.0294033	-0.0257569	-0.0247487	-0.020937	-0.0181875	-0.0159967	-0.0126702	-0.0118549	-0.0086086	-0.006051	-0.00374513	0.00191715	0.00731289	0.0081389	0.00943569	0.0111107	0.0106988	0.013868	0.0167401	0.0196871	0.0210293	0.0226981	0.0179404	0.0179778	0.0189778	0.0181962	0.0218663	0.0240598	0.018575	0.020655	0.0358573	0.0546678	0.0847129	0.132599	0.197174	0.275827	0.376837	0.493333	0.587477	0.629311	0.615487	0.542589	0.401675	0.215903	0.0244453	
-0.0113345	-0.0113345	-0.0112599	-0.00807583	-0.00766634	-0.0032221	-0.000500294	0.00130049	0.00684593	0.00772606	0.0119396	0.0167789	0.0213493	0.0273533	0.0347937	0.0397908	0.0443821	0.0472143	0.0489257	0.0551745	0.0579073	0.0613538	0.0673428	0.0707107	0.0710078	0.0721916	0.0739575	0.0713078	0.0737987	0.0759136	0.0751671	0.0755386	0.0739981	0.0694152	0.0765861	0.0892091	0.105391	0.132599	0.176631	0.234255	0.316087	0.422488	0.533761	0.617732	0.657492	0.652812	0.585523	0.447694	0.262266	0.0627848	
0.0310223	0.0310223	0.0303884	0.0327024	0.0332005	0.0349647	0.0388865	0.0413366	0.0475389	0.0534745	0.0607463	0.0696434	0.0755896	0.0842613	0.089775	0.0946976	0.1013	0.108705	0.113802	0.120198	0.126422	0.131402	0.137284	0.139296	0.141971	0.143963	0.145848	0.144877	0.14967	0.151943	0.148097	0.146307	0.144267	0.143905	0.15024	0.161416	0.173589	0.197174	0.234255	0.29458	0.381478	0.483453	0.582539	0.660941	0.709003	0.711635	0.648511	0.511637	0.322165	0.112351	
0.0917354	0.0917354	0.0913834	0.0953622	0.0959093	0.101581	0.106764	0.111122	0.120713	0.125607	0.133661	0.141783	0.148173	0.156574	0.164944	0.172336	0.181754	0.18846	0.196042	0.206481	0.213659	0.218732	0.225064	0.227851	0.229881	0.233435	0.23869	0.240526	0.244418	0.242847	0.237142	0.236089	0.237571	0.237898	0.243615	0.249904	0.257368	0.275827	0.316087	0.381478	0.463485	0.552156	0.643175	0.728216	0.783399	0.791391	0.729817	0.592494	0.396823	0.176455	
0.182852	0.182852	0.184033	0.187679	0.191903	0.197033	0.204342	0.210054	0.218803	0.225611	0.233769	0.242725	0.248752	0.258757	0.265973	0.274665	0.284382	0.295211	0.303993	0.311855	0.316929	0.320988	0.326026	0.329717	0.335767	0.342448	0.346592	0.345747	0.346365	0.343781	0.339196	0.343152	0.345736	0.345489	0.345542	0.347588	0.352456	0.376837	0.422488	0.483453	0.552156	0.632704	0.730128	0.822082	0.882339	0.892469	0.833128	0.692737	0.489055	0.267336	
0.318554	0.318554	0.318433	0.322927	0.324004	0.329407	0.334343	0.337511	0.345466	0.348842	0.355573	0.363241	0.369299	0.379914	0.389188	0.39799	0.408721	0.413574	0.418194	0.423419	0.428208	0.432014	0.440882	0.44639	0.451202	0.454315	0.455449	0.451876	0.452167	0.451546	0.452544	0.458323	0.457622	0.450826	0.448132	0.451446	0.463494	0.493333	0.533761	0.582539	0.643175	0.730128	0.833896	0.92935	0.989949	1.00396	0.944197	0.798527	0.595743	0.38088	
0.499593	0.499593	0.499092	0.498155	0.497151	0.495456	0.495396	0.493833	0.496173	0.496985	0.500953	0.506178	0.509137	0.515641	0.517303	0.519705	0.521058	0.521929	0.524951	0.529338	0.532859	0.538222	0.54329	0.544488	0.544724	0.544997	0.541508	0.539434	0.543925	0.548106	0.547581	0.548211	0.540188	0.533673	0.536188	0.547403	0.562904	0.587477	0.617732	0.660941	0.728216	0.822082	0.92935	1.02411	1.08898	1.106	1.04478	0.903126	0.712752	0.513585	
0.704671	0.704671	0.702606	0.701024	0.696225	0.692557	0.688042	0.681736	0.678394	0.670709	0.664842	0.658157	0.647475	0.64093	0.631121	0.622955	0.61918	0.61363	0.611567	0.609815	0.608934	0.605161	0.603638	0.596859	0.59203	0.58884	0.589046	0.591064	0.595978	0.593237	0.586277	0.582908	0.577443	0.57875	0.588737	0.60132	0.610955	0.629311	0.657492	0.709003	0.783399	0.882339	0.989949	1.08898	1.15841	1.17815	1.12454	1.00028	0.834587	0.648815	
0.91925	0.91925	0.917079	0.912728	0.906265	0.896618	0.885895	0.87011	0.854595	0.833921	0.813341	0.791533	0.767808	0.748747	0.72685	0.709769	0.694526	0.677321	0.664788	0.650972	0.635281	0.621025	0.608075	0.596621	0.590629	0.590654	0.587052	0.583595	0.578837	0.570484	0.562478	0.564443	0.565586	0.572556	0.582052	0.588735	0.595149	0.615487	0.652812	0.711635	0.791391	0.892469	1.00396	1.106	1.17815	1.20733	1.17301	1.07768	0.933437	0.75502	
1.12513	1.12513	1.12064	1.10949	1.09479	1.07451	1.04969	1.02083	0.990004	0.954823	0.920493	0.885997	0.849311	0.817648	0.783351	0.75107	0.720214	0.687704	0.658014	0.627324	0.600452	0.577602	0.562036	0.547761	0.537764	0.527042	0.514338	0.50265	0.494062	0.485205	0.483085	0.489731	0.491708	0.495826	0.499903	0.504484	0.513959	0.542589	0.585523	0.648511	0.729817	0.833128	0.944197	1.04478	1.12454	1.17301	1.16843	1.09851	0.969824	0.795183	
1.26424	1.26424	1.25609	1.24046	1.21796	1.18818	1.15483	1.11522	1.07413	1.02885	0.983153	0.934913	0.884611	0.8368	0.783211	0.733133	0.684573	0.632842	0.590316	0.549942	0.516016	0.487243	0.461415	0.435846	0.413093	0.393827	0.372264	0.358257	0.349309	0.344244	0.343548	0.347222	0.343224	0.343194	0.346317	0.352914	0.368508	0.401675	0.447694	0.511637	0.592494	0.692737	0.798527	0.903126	1.00028	1.07768	1.09851	1.0474	0.92985	0.760417	
1.2777	1.2777	1.27234	1.25575	1.23687	1.20879	1.17484	1.13599	1.09087	1.0405	0.986036	0.927823	0.865302	0.802162	0.736512	0.673064	0.611037	0.552113	0.501108	0.451022	0.404235	0.361825	0.321636	0.284119	0.251236	0.222787	0.198238	0.184074	0.1747	0.16515	0.159562	0.15601	0.147802	0.146837	0.15129	0.160476	0.180339	0.215903	0.262266	0.322165	0.396823	0.489055	0.595743	0.712752	0.834587	0.933437	0.969824	0.92985	0.821682	0.654724	
1.16365	1.16365	1.15862	1.14701	1.13164	1.10843	1.08063	1.04679	1.00597	0.959588	0.908898	0.851063	0.790086	0.729256	0.662592	0.599825	0.538222	0.473952	0.41477	0.352559	0.295549	0.241054	0.189196	0.141022	0.101194	0.0692005	0.0404385	0.0210523	0.00280953	-0.0140901	-0.0265714	-0.0359321	-0.0475736	-0.0482011	-0.0429269	-0.0312764	-0.00961111	0.0244453	0.0627848	0.112351	0.176455	0.267336	0.38088	0.513585	0.648815	0.75502	0.795183	0.760417	0.654724	0.481003	
