-0.325688	-0.307502	-0.319188	-0.359642	-0.410765	-0.46573	-0.513414	-0.541804	-0.549577	-0.540297	-0.488448	-0.380117	-0.234532	-0.0705501	0.0924315	0.22691	0.305868	0.317491	0.283834	0.213852	0.108573	0.00931825	-0.0513778	-0.0746352	-0.0555476	0.0166031	0.120181	0.240758	0.355063	0.444063	0.495397	0.486683	0.425493	0.324663	0.205296	0.0878547	-0.00558681	-0.0610865	-0.0851982	-0.0762437	-0.0515244	-0.033182	-0.028724	-0.0441431	-0.0757498	-0.119872	-0.166806	-0.202625	-0.223587	-0.223587	
-0.307502	-0.282307	-0.293242	-0.32716	-0.37187	-0.428456	-0.477758	-0.515312	-0.542232	-0.544749	-0.505005	-0.410338	-0.273284	-0.117067	0.0340877	0.157211	0.228208	0.244974	0.219284	0.151144	0.0510105	-0.0475898	-0.109474	-0.129952	-0.0993684	-0.0142019	0.106734	0.244682	0.373979	0.482078	0.544803	0.551794	0.503928	0.407816	0.293053	0.175239	0.0784394	0.0239956	0.00465877	0.00281282	0.00761465	0.00926083	-0.00834097	-0.0510725	-0.105848	-0.16033	-0.210777	-0.248502	-0.26909	-0.26909	
-0.319188	-0.293242	-0.289788	-0.314192	-0.355864	-0.405461	-0.454855	-0.496966	-0.528691	-0.537037	-0.505563	-0.427062	-0.303814	-0.165118	-0.0347675	0.07311	0.144231	0.163653	0.140822	0.0781929	-0.015975	-0.107573	-0.160956	-0.169973	-0.130784	-0.0312049	0.103602	0.248724	0.389877	0.50619	0.572783	0.584639	0.5368	0.444366	0.333774	0.225166	0.144542	0.0959171	0.0819769	0.082868	0.0803585	0.0677299	0.0311609	-0.0230182	-0.0895027	-0.161538	-0.225869	-0.272655	-0.296825	-0.296825	
-0.359642	-0.32716	-0.314192	-0.328217	-0.367176	-0.412331	-0.458141	-0.502411	-0.527242	-0.534365	-0.508988	-0.443197	-0.336596	-0.218909	-0.109253	-0.014391	0.0591103	0.0896799	0.0741534	0.0179236	-0.0648755	-0.147961	-0.194611	-0.191321	-0.135585	-0.0240307	0.114431	0.263982	0.402999	0.512258	0.570384	0.568687	0.513842	0.423268	0.322539	0.232574	0.172399	0.14159	0.137943	0.141859	0.146344	0.137076	0.0946278	0.0405299	-0.0303205	-0.115029	-0.191958	-0.254528	-0.286117	-0.286117	
-0.410765	-0.37187	-0.355864	-0.367176	-0.402843	-0.441576	-0.484075	-0.526692	-0.541299	-0.542634	-0.526213	-0.470189	-0.381828	-0.284599	-0.18532	-0.0883566	-0.00553608	0.0407628	0.0343181	-0.0135714	-0.0825272	-0.153082	-0.193407	-0.180846	-0.113008	-0.00560483	0.131002	0.277603	0.399698	0.486587	0.524273	0.499907	0.434011	0.351906	0.260917	0.190868	0.155854	0.148944	0.165676	0.183655	0.202448	0.207516	0.180232	0.129791	0.057663	-0.0270367	-0.105818	-0.167886	-0.206596	-0.206596	
-0.46573	-0.428456	-0.405461	-0.412331	-0.441576	-0.478092	-0.515578	-0.548885	-0.56583	-0.56986	-0.555721	-0.511013	-0.439681	-0.347131	-0.25015	-0.147301	-0.0502662	0.0114895	0.0191328	-0.0146091	-0.0677564	-0.128239	-0.163474	-0.146855	-0.0770307	0.0244869	0.14805	0.272352	0.369526	0.421594	0.428967	0.392443	0.31978	0.238782	0.158359	0.107661	0.0909503	0.106574	0.152577	0.208487	0.260856	0.281765	0.278657	0.244445	0.178514	0.103853	0.0297689	-0.0223292	-0.0561456	-0.0561456	
-0.513414	-0.477758	-0.454855	-0.458141	-0.484075	-0.515578	-0.555188	-0.580866	-0.600929	-0.608697	-0.597116	-0.564083	-0.499602	-0.408897	-0.310729	-0.199089	-0.084028	-0.0120971	0.0151269	0.00359818	-0.0364777	-0.0888902	-0.113503	-0.0926926	-0.0318412	0.0587665	0.158827	0.24823	0.311029	0.330187	0.308657	0.257057	0.174429	0.0919664	0.0243046	-0.0121739	-0.00424315	0.0417856	0.122857	0.21926	0.304107	0.356209	0.378702	0.364538	0.322986	0.272015	0.215274	0.174871	0.151475	0.151475	
-0.541804	-0.515312	-0.496966	-0.502411	-0.526692	-0.548885	-0.580866	-0.61407	-0.642654	-0.653833	-0.644548	-0.61559	-0.55455	-0.467979	-0.370294	-0.254746	-0.136821	-0.0526795	-0.00625254	-0.0017835	-0.0249882	-0.0578855	-0.0663493	-0.0355133	0.0208673	0.0958866	0.16883	0.220763	0.247213	0.237894	0.192406	0.1214	0.028789	-0.0601183	-0.129601	-0.15458	-0.116333	-0.0361293	0.0805682	0.210231	0.324498	0.418476	0.475879	0.492701	0.484496	0.464004	0.434302	0.404937	0.391891	0.391891	
-0.549577	-0.542232	-0.528691	-0.527242	-0.541299	-0.56583	-0.600929	-0.642654	-0.677719	-0.694196	-0.681414	-0.651569	-0.597293	-0.528445	-0.439626	-0.329036	-0.225337	-0.132248	-0.0683364	-0.0502382	-0.0520926	-0.0525243	-0.0411595	0.00874035	0.0697177	0.128311	0.184138	0.208096	0.202783	0.166129	0.0965464	0.000465681	-0.107591	-0.205263	-0.267158	-0.272091	-0.220524	-0.115981	0.030615	0.190112	0.335139	0.461544	0.55943	0.618905	0.649733	0.658706	0.652711	0.642443	0.6381	0.6381	
-0.540297	-0.544749	-0.537037	-0.534365	-0.542634	-0.56986	-0.608697	-0.653833	-0.694196	-0.704578	-0.693427	-0.672897	-0.636434	-0.588225	-0.522698	-0.428103	-0.336864	-0.247933	-0.17437	-0.142052	-0.117128	-0.0832041	-0.03993	0.0273263	0.0931031	0.147471	0.194743	0.203069	0.178638	0.125052	0.0285625	-0.0913387	-0.21149	-0.312646	-0.365397	-0.357276	-0.291987	-0.167405	-0.00340198	0.17343	0.351068	0.509765	0.63353	0.72772	0.791038	0.824661	0.842432	0.848462	0.850727	0.850727	
-0.488448	-0.505005	-0.505563	-0.508988	-0.526213	-0.555721	-0.597116	-0.644548	-0.681414	-0.693427	-0.688947	-0.684732	-0.68033	-0.659273	-0.621314	-0.558045	-0.481235	-0.397272	-0.321123	-0.264742	-0.210328	-0.147031	-0.0679018	0.0133533	0.0940883	0.162419	0.206556	0.210769	0.174618	0.102066	-0.0144161	-0.145382	-0.272774	-0.371638	-0.417748	-0.403019	-0.317967	-0.176506	0.000988374	0.194176	0.39178	0.571333	0.708645	0.818268	0.897692	0.939933	0.968981	0.98579	0.985579	0.985579	
-0.380117	-0.410338	-0.427062	-0.443197	-0.470189	-0.511013	-0.564083	-0.61559	-0.651569	-0.672897	-0.684732	-0.701411	-0.727879	-0.742847	-0.735184	-0.706446	-0.646272	-0.571372	-0.494181	-0.412825	-0.329711	-0.236016	-0.124294	-0.0165804	0.0866424	0.174693	0.221737	0.223841	0.176238	0.0845415	-0.0369195	-0.168035	-0.291484	-0.378135	-0.410878	-0.386579	-0.290923	-0.134349	0.057103	0.261596	0.459857	0.634579	0.771425	0.87809	0.956675	0.994541	1.02064	1.04417	1.04037	1.04037	
-0.234532	-0.273284	-0.303814	-0.336596	-0.381828	-0.439681	-0.499602	-0.55455	-0.597293	-0.636434	-0.68033	-0.727879	-0.780885	-0.826953	-0.849495	-0.849451	-0.811065	-0.747894	-0.673476	-0.579888	-0.469653	-0.34215	-0.197821	-0.050412	0.0840545	0.182464	0.227749	0.224014	0.169168	0.0746735	-0.0346879	-0.156739	-0.267707	-0.337832	-0.358409	-0.313454	-0.207947	-0.0466401	0.148567	0.345709	0.539772	0.701676	0.818423	0.907643	0.967252	0.994461	1.01264	1.02812	1.02511	1.02511	
-0.0705501	-0.117067	-0.165118	-0.218909	-0.284599	-0.347131	-0.408897	-0.467979	-0.528445	-0.588225	-0.659273	-0.742847	-0.826953	-0.902114	-0.959819	-0.983975	-0.959381	-0.908152	-0.838198	-0.732215	-0.600708	-0.443815	-0.262211	-0.0810774	0.0760618	0.181866	0.229024	0.220541	0.169852	0.0814255	-0.0253357	-0.131376	-0.224052	-0.276402	-0.281631	-0.219045	-0.0983266	0.0635655	0.255552	0.441889	0.615904	0.758407	0.854539	0.91834	0.950894	0.959685	0.961146	0.959308	0.953716	0.953716	
0.0924315	0.0340877	-0.0347675	-0.109253	-0.18532	-0.25015	-0.310729	-0.370294	-0.439626	-0.522698	-0.621314	-0.735184	-0.849495	-0.959819	-1.05121	-1.09428	-1.08828	-1.04678	-0.977698	-0.86404	-0.707621	-0.520494	-0.312512	-0.102618	0.0716077	0.180847	0.238187	0.235196	0.184666	0.0997205	-0.00428453	-0.101482	-0.184051	-0.224002	-0.206774	-0.12897	0.00216404	0.169187	0.356272	0.533446	0.680144	0.794251	0.87139	0.910041	0.919473	0.911164	0.891279	0.869367	0.859932	0.859932	
0.22691	0.157211	0.07311	-0.014391	-0.0883566	-0.147301	-0.199089	-0.254746	-0.329036	-0.428103	-0.558045	-0.706446	-0.849451	-0.983975	-1.09428	-1.15294	-1.17485	-1.16068	-1.10275	-0.991203	-0.808367	-0.582487	-0.343413	-0.104051	0.0818731	0.194101	0.254826	0.256869	0.208901	0.13185	0.0343676	-0.0639068	-0.137901	-0.172461	-0.143856	-0.0567152	0.0763058	0.246479	0.423327	0.588778	0.71726	0.80941	0.866931	0.87997	0.872979	0.853298	0.818986	0.787735	0.775259	0.775259	
0.305868	0.228208	0.144231	0.0591103	-0.00553608	-0.0502662	-0.084028	-0.136821	-0.225337	-0.336864	-0.481235	-0.646272	-0.811065	-0.959381	-1.08828	-1.17485	-1.22883	-1.23981	-1.18959	-1.07233	-0.869461	-0.616857	-0.353931	-0.0977495	0.103471	0.232056	0.297207	0.296518	0.244537	0.160852	0.0617265	-0.0292255	-0.0894801	-0.117753	-0.0885853	0.002463	0.133188	0.292704	0.456145	0.606366	0.719923	0.797454	0.838821	0.83549	0.811565	0.779506	0.742766	0.713124	0.701838	0.701838	
0.317491	0.244974	0.163653	0.0896799	0.0407628	0.0114895	-0.0120971	-0.0526795	-0.132248	-0.247933	-0.397272	-0.571372	-0.747894	-0.908152	-1.04678	-1.16068	-1.23981	-1.26112	-1.21249	-1.08294	-0.871972	-0.605081	-0.325726	-0.0612242	0.152904	0.292397	0.35826	0.353464	0.296972	0.206652	0.10268	0.0083163	-0.0564288	-0.0793268	-0.0435073	0.0415246	0.162296	0.311337	0.46023	0.596388	0.699669	0.762548	0.787491	0.773382	0.738495	0.69535	0.654915	0.626212	0.612481	0.612481	
0.283834	0.219284	0.140822	0.0741534	0.0343181	0.0191328	0.0151269	-0.00625254	-0.0683364	-0.17437	-0.321123	-0.494181	-0.673476	-0.838198	-0.977698	-1.10275	-1.18959	-1.21249	-1.16366	-1.02626	-0.811927	-0.534444	-0.236065	0.0331605	0.249122	0.388011	0.446451	0.436298	0.37328	0.275192	0.160862	0.0527614	-0.0255761	-0.0548777	-0.0280136	0.0460841	0.161453	0.302905	0.442229	0.56285	0.653339	0.702122	0.707414	0.687302	0.65028	0.599438	0.553532	0.517944	0.49494	0.49494	
0.213852	0.151144	0.0781929	0.0179236	-0.0135714	-0.0146091	0.00359818	-0.0017835	-0.0502382	-0.142052	-0.264742	-0.412825	-0.579888	-0.732215	-0.86404	-0.991203	-1.07233	-1.08294	-1.02626	-0.884768	-0.668034	-0.385597	-0.0807868	0.182345	0.396051	0.533414	0.571765	0.544404	0.46277	0.340103	0.210175	0.0909161	0.0024261	-0.0398753	-0.03102	0.0339753	0.142979	0.274186	0.403196	0.503445	0.572127	0.602065	0.594245	0.572704	0.532614	0.478142	0.432978	0.396175	0.369446	0.369446	
0.108573	0.0510105	-0.015975	-0.0648755	-0.0825272	-0.0677564	-0.0364777	-0.0249882	-0.0520926	-0.117128	-0.210328	-0.329711	-0.469653	-0.600708	-0.707621	-0.808367	-0.869461	-0.871972	-0.811927	-0.668034	-0.448791	-0.163814	0.13905	0.394567	0.589444	0.702484	0.716972	0.66339	0.554528	0.411054	0.261264	0.121896	0.0159686	-0.043825	-0.0472371	0.00466886	0.0995325	0.214737	0.323341	0.409112	0.466779	0.488279	0.473575	0.441426	0.392824	0.334033	0.287704	0.254705	0.23327	0.23327	
0.00931825	-0.0475898	-0.107573	-0.147961	-0.153082	-0.128239	-0.0888902	-0.0578855	-0.0525243	-0.0832041	-0.147031	-0.236016	-0.34215	-0.443815	-0.520494	-0.582487	-0.616857	-0.605081	-0.534444	-0.385597	-0.163814	0.113971	0.395117	0.632036	0.79957	0.879999	0.870584	0.788697	0.65281	0.485804	0.310109	0.140291	0.00632616	-0.069969	-0.0822666	-0.0428987	0.0349323	0.131737	0.221773	0.29791	0.347961	0.36234	0.343985	0.299506	0.239899	0.180915	0.132209	0.0976139	0.082817	0.082817	
-0.0513778	-0.109474	-0.160956	-0.194611	-0.193407	-0.163474	-0.113503	-0.0663493	-0.0411595	-0.03993	-0.0679018	-0.124294	-0.197821	-0.262211	-0.312512	-0.343413	-0.353931	-0.325726	-0.236065	-0.0807868	0.13905	0.395117	0.645144	0.854646	0.99354	1.0487	1.01514	0.910848	0.75222	0.554001	0.341474	0.146406	-0.00155853	-0.0970743	-0.125651	-0.0978969	-0.0353296	0.046441	0.125031	0.19058	0.220872	0.218875	0.196642	0.145826	0.0845508	0.0314218	-0.0194464	-0.0602172	-0.075832	-0.075832	
-0.0746352	-0.129952	-0.169973	-0.191321	-0.180846	-0.146855	-0.0926926	-0.0355133	0.00874035	0.0273263	0.0133533	-0.0165804	-0.050412	-0.0810774	-0.102618	-0.104051	-0.0977495	-0.0612242	0.0331605	0.182345	0.394567	0.632036	0.854646	1.04266	1.1524	1.17449	1.12166	1.0009	0.818629	0.603097	0.376883	0.166697	0.00642646	-0.104184	-0.151728	-0.141701	-0.0937715	-0.0261527	0.0396047	0.0922202	0.104118	0.0852633	0.0524349	-0.00526471	-0.0657138	-0.114486	-0.168417	-0.214378	-0.229249	-0.229249	
-0.0555476	-0.0993684	-0.130784	-0.135585	-0.113008	-0.0770307	-0.0318412	0.0208673	0.0697177	0.0931031	0.0940883	0.0866424	0.0840545	0.0760618	0.0716077	0.0818731	0.103471	0.152904	0.249122	0.396051	0.589444	0.79957	0.99354	1.1524	1.24029	1.24788	1.1852	1.05231	0.859728	0.635671	0.404805	0.193616	0.024822	-0.0923927	-0.14885	-0.153911	-0.119178	-0.0648476	-0.0164353	0.0151364	0.0117129	-0.0194166	-0.0612947	-0.126267	-0.198771	-0.255694	-0.312281	-0.357259	-0.368781	-0.368781	
0.0166031	-0.0142019	-0.0312049	-0.0240307	-0.00560483	0.0244869	0.0587665	0.0958866	0.128311	0.147471	0.162419	0.174693	0.182464	0.181866	0.180847	0.194101	0.232056	0.292397	0.388011	0.533414	0.702484	0.879999	1.0487	1.17449	1.24788	1.25736	1.19432	1.06224	0.877168	0.656233	0.429387	0.225937	0.0530489	-0.0649483	-0.126127	-0.130466	-0.0975894	-0.0645996	-0.0332933	-0.0235766	-0.0417754	-0.0813165	-0.139123	-0.213106	-0.298314	-0.368677	-0.425545	-0.468171	-0.482815	-0.482815	
0.120181	0.106734	0.103602	0.114431	0.131002	0.14805	0.158827	0.16883	0.184138	0.194743	0.206556	0.221737	0.227749	0.229024	0.238187	0.254826	0.297207	0.35826	0.446451	0.571765	0.716972	0.870584	1.01514	1.12166	1.1852	1.19432	1.12953	1.01298	0.852997	0.657786	0.454815	0.255885	0.0895884	-0.014864	-0.0693183	-0.0739675	-0.0505099	-0.0280501	-0.0114049	-0.0175195	-0.0426064	-0.0972351	-0.176288	-0.258989	-0.345607	-0.421674	-0.482311	-0.52591	-0.549229	-0.549229	
0.240758	0.244682	0.248724	0.263982	0.277603	0.272352	0.24823	0.220763	0.208096	0.203069	0.210769	0.223841	0.224014	0.220541	0.235196	0.256869	0.296518	0.353464	0.436298	0.544404	0.66339	0.788697	0.910848	1.0009	1.05231	1.06224	1.01298	0.922724	0.788408	0.619622	0.438889	0.262847	0.125025	0.0428667	0.00628985	0.00191047	0.0198098	0.045203	0.0572097	0.0428213	0.00403081	-0.0661957	-0.154724	-0.241399	-0.32559	-0.406803	-0.471231	-0.511572	-0.541725	-0.541725	
0.355063	0.373979	0.389877	0.402999	0.399698	0.369526	0.311029	0.247213	0.202783	0.178638	0.174618	0.176238	0.169168	0.169852	0.184666	0.208901	0.244537	0.296972	0.37328	0.46277	0.554528	0.65281	0.75222	0.818629	0.859728	0.877168	0.852997	0.788408	0.683467	0.545466	0.393818	0.26006	0.156479	0.0977913	0.075954	0.0806289	0.113011	0.143373	0.154494	0.138171	0.0941234	0.0260344	-0.0603687	-0.148319	-0.234367	-0.318017	-0.380451	-0.418675	-0.447561	-0.447561	
0.444063	0.482078	0.50619	0.512258	0.486587	0.421594	0.330187	0.237894	0.166129	0.125052	0.102066	0.0845415	0.0746735	0.0814255	0.0997205	0.13185	0.160852	0.206652	0.275192	0.340103	0.411054	0.485804	0.554001	0.603097	0.635671	0.656233	0.657786	0.619622	0.545466	0.450206	0.337912	0.241231	0.173598	0.137912	0.141542	0.174304	0.221247	0.261962	0.276906	0.262415	0.227621	0.168783	0.0870628	0.00325989	-0.0780742	-0.153721	-0.210479	-0.248768	-0.269576	-0.269576	
0.495397	0.544803	0.572783	0.570384	0.524273	0.428967	0.308657	0.192406	0.0965464	0.0285625	-0.0144161	-0.0369195	-0.0346879	-0.0253357	-0.00428453	0.0343676	0.0617265	0.10268	0.160862	0.210175	0.261264	0.310109	0.341474	0.376883	0.404805	0.429387	0.454815	0.438889	0.393818	0.337912	0.273499	0.214509	0.180327	0.180179	0.217415	0.279832	0.338921	0.389667	0.420913	0.420383	0.390877	0.338942	0.27211	0.199378	0.128425	0.0652244	0.0155127	-0.0192964	-0.0335527	-0.0335527	
0.486683	0.551794	0.584639	0.568687	0.499907	0.392443	0.257057	0.1214	0.000465681	-0.0913387	-0.145382	-0.168035	-0.156739	-0.131376	-0.101482	-0.0639068	-0.0292255	0.0083163	0.0527614	0.0909161	0.121896	0.140291	0.146406	0.166697	0.193616	0.225937	0.255885	0.262847	0.26006	0.241231	0.214509	0.19766	0.202277	0.240551	0.303839	0.384265	0.466548	0.53046	0.572719	0.586937	0.56617	0.52866	0.478988	0.416238	0.35623	0.307112	0.266997	0.235495	0.222819	0.222819	
0.425493	0.503928	0.5368	0.513842	0.434011	0.31978	0.174429	0.028789	-0.107591	-0.21149	-0.272774	-0.291484	-0.267707	-0.224052	-0.184051	-0.137901	-0.0894801	-0.0564288	-0.0255761	0.0024261	0.0159686	0.00632616	-0.00155853	0.00642646	0.024822	0.0530489	0.0895884	0.125025	0.156479	0.173598	0.180327	0.202277	0.24422	0.314404	0.40452	0.503083	0.602227	0.678198	0.728262	0.751801	0.742328	0.713716	0.671344	0.618693	0.573958	0.536917	0.503734	0.480873	0.469173	0.469173	
0.324663	0.407816	0.444366	0.423268	0.351906	0.238782	0.0919664	-0.0601183	-0.205263	-0.312646	-0.371638	-0.378135	-0.337832	-0.276402	-0.224002	-0.172461	-0.117753	-0.0793268	-0.0548777	-0.0398753	-0.043825	-0.069969	-0.0970743	-0.104184	-0.0923927	-0.0649483	-0.014864	0.0428667	0.0977913	0.137912	0.180179	0.240551	0.314404	0.409945	0.519424	0.633257	0.733894	0.815624	0.870068	0.89749	0.898348	0.868524	0.8353	0.797376	0.758602	0.723999	0.692613	0.678548	0.667264	0.667264	
0.205296	0.293053	0.333774	0.322539	0.260917	0.158359	0.0243046	-0.129601	-0.267158	-0.365397	-0.417748	-0.410878	-0.358409	-0.281631	-0.206774	-0.143856	-0.0885853	-0.0435073	-0.0280136	-0.03102	-0.0472371	-0.0822666	-0.125651	-0.151728	-0.14885	-0.126127	-0.0693183	0.00628985	0.075954	0.141542	0.217415	0.303839	0.40452	0.519424	0.639486	0.762112	0.865538	0.947149	0.99741	1.01219	1.00744	0.982492	0.950064	0.915661	0.878178	0.844088	0.823015	0.814017	0.802968	0.802968	
0.0878547	0.175239	0.225166	0.232574	0.190868	0.107661	-0.0121739	-0.15458	-0.272091	-0.357276	-0.403019	-0.386579	-0.313454	-0.219045	-0.12897	-0.0567152	0.002463	0.0415246	0.0460841	0.0339753	0.00466886	-0.0428987	-0.0978969	-0.141701	-0.153911	-0.130466	-0.0739675	0.00191047	0.0806289	0.174304	0.279832	0.384265	0.503083	0.633257	0.762112	0.879567	0.977069	1.04939	1.0876	1.08881	1.07315	1.05117	1.00859	0.967378	0.935015	0.901928	0.88309	0.870425	0.860141	0.860141	
-0.00558681	0.0784394	0.144542	0.172399	0.155854	0.0909503	-0.00424315	-0.116333	-0.220524	-0.291987	-0.317967	-0.290923	-0.207947	-0.0983266	0.00216404	0.0763058	0.133188	0.162296	0.161453	0.142979	0.0995325	0.0349323	-0.0353296	-0.0937715	-0.119178	-0.0975894	-0.0505099	0.0198098	0.113011	0.221247	0.338921	0.466548	0.602227	0.733894	0.865538	0.977069	1.05977	1.11349	1.1334	1.12637	1.10211	1.06483	1.01016	0.965109	0.931742	0.898165	0.873282	0.853415	0.846706	0.846706	
-0.0610865	0.0239956	0.0959171	0.14159	0.148944	0.106574	0.0417856	-0.0361293	-0.115981	-0.167405	-0.176506	-0.134349	-0.0466401	0.0635655	0.169187	0.246479	0.292704	0.311337	0.302905	0.274186	0.214737	0.131737	0.046441	-0.0261527	-0.0648476	-0.0645996	-0.0280501	0.045203	0.143373	0.261962	0.389667	0.53046	0.678198	0.815624	0.947149	1.04939	1.11349	1.14571	1.14999	1.1264	1.07814	1.02461	0.966165	0.912546	0.870159	0.834331	0.808615	0.79147	0.785723	0.785723	
-0.0851982	0.00465877	0.0819769	0.137943	0.165676	0.152577	0.122857	0.0805682	0.030615	-0.00340198	0.000988374	0.057103	0.148567	0.255552	0.356272	0.423327	0.456145	0.46023	0.442229	0.403196	0.323341	0.221773	0.125031	0.0396047	-0.0164353	-0.0332933	-0.0114049	0.0572097	0.154494	0.276906	0.420913	0.572719	0.728262	0.870068	0.99741	1.0876	1.1334	1.14999	1.13203	1.08472	1.01756	0.951734	0.891517	0.829441	0.776858	0.736485	0.707696	0.691564	0.684259	0.684259	
-0.0762437	0.00281282	0.082868	0.141859	0.183655	0.208487	0.21926	0.210231	0.190112	0.17343	0.194176	0.261596	0.345709	0.441889	0.533446	0.588778	0.606366	0.596388	0.56285	0.503445	0.409112	0.29791	0.19058	0.0922202	0.0151364	-0.0235766	-0.0175195	0.0428213	0.138171	0.262415	0.420383	0.586937	0.751801	0.89749	1.01219	1.08881	1.12637	1.1264	1.08472	1.02081	0.945658	0.864361	0.789286	0.723892	0.666346	0.62218	0.592863	0.571527	0.561734	0.561734	
-0.0515244	0.00761465	0.0803585	0.146344	0.202448	0.260856	0.304107	0.324498	0.335139	0.351068	0.39178	0.459857	0.539772	0.615904	0.680144	0.71726	0.719923	0.699669	0.653339	0.572127	0.466779	0.347961	0.220872	0.104118	0.0117129	-0.0417754	-0.0426064	0.00403081	0.0941234	0.227621	0.390877	0.56617	0.742328	0.898348	1.00744	1.07315	1.10211	1.07814	1.01756	0.945658	0.860424	0.767648	0.680934	0.608967	0.550149	0.505208	0.476061	0.453363	0.438031	0.438031	
-0.033182	0.00926083	0.0677299	0.137076	0.207516	0.281765	0.356209	0.418476	0.461544	0.509765	0.571333	0.634579	0.701676	0.758407	0.794251	0.80941	0.797454	0.762548	0.702122	0.602065	0.488279	0.36234	0.218875	0.0852633	-0.0194166	-0.0813165	-0.0972351	-0.0661957	0.0260344	0.168783	0.338942	0.52866	0.713716	0.868524	0.982492	1.05117	1.06483	1.02461	0.951734	0.864361	0.767648	0.665373	0.575959	0.501684	0.43951	0.395003	0.362645	0.342578	0.334249	0.334249	
-0.028724	-0.00834097	0.0311609	0.0946278	0.180232	0.278657	0.378702	0.475879	0.55943	0.63353	0.708645	0.771425	0.818423	0.854539	0.87139	0.866931	0.838821	0.787491	0.707414	0.594245	0.473575	0.343985	0.196642	0.0524349	-0.0612947	-0.139123	-0.176288	-0.154724	-0.0603687	0.0870628	0.27211	0.478988	0.671344	0.8353	0.950064	1.00859	1.01016	0.966165	0.891517	0.789286	0.680934	0.575959	0.488563	0.413328	0.346999	0.301317	0.262565	0.240614	0.239422	0.239422	
-0.0441431	-0.0510725	-0.0230182	0.0405299	0.129791	0.244445	0.364538	0.492701	0.618905	0.72772	0.818268	0.87809	0.907643	0.91834	0.910041	0.87997	0.83549	0.773382	0.687302	0.572704	0.441426	0.299506	0.145826	-0.00526471	-0.126267	-0.213106	-0.258989	-0.241399	-0.148319	0.00325989	0.199378	0.416238	0.618693	0.797376	0.915661	0.967378	0.965109	0.912546	0.829441	0.723892	0.608967	0.501684	0.413328	0.330075	0.263743	0.226107	0.190237	0.16511	0.157621	0.157621	
-0.0757498	-0.105848	-0.0895027	-0.0303205	0.057663	0.178514	0.322986	0.484496	0.649733	0.791038	0.897692	0.956675	0.967252	0.950894	0.919473	0.872979	0.811565	0.738495	0.65028	0.532614	0.392824	0.239899	0.0845508	-0.0657138	-0.198771	-0.298314	-0.345607	-0.32559	-0.234367	-0.0780742	0.128425	0.35623	0.573958	0.758602	0.878178	0.935015	0.931742	0.870159	0.776858	0.666346	0.550149	0.43951	0.346999	0.263743	0.197445	0.163278	0.134602	0.110071	0.10195	0.10195	
-0.119872	-0.16033	-0.161538	-0.115029	-0.0270367	0.103853	0.272015	0.464004	0.658706	0.824661	0.939933	0.994541	0.994461	0.959685	0.911164	0.853298	0.779506	0.69535	0.599438	0.478142	0.334033	0.180915	0.0314218	-0.114486	-0.255694	-0.368677	-0.421674	-0.406803	-0.318017	-0.153721	0.0652244	0.307112	0.536917	0.723999	0.844088	0.901928	0.898165	0.834331	0.736485	0.62218	0.505208	0.395003	0.301317	0.226107	0.163278	0.115386	0.0823559	0.0638921	0.057226	0.057226	
-0.166806	-0.210777	-0.225869	-0.191958	-0.105818	0.0297689	0.215274	0.434302	0.652711	0.842432	0.968981	1.02064	1.01264	0.961146	0.891279	0.818986	0.742766	0.654915	0.553532	0.432978	0.287704	0.132209	-0.0194464	-0.168417	-0.312281	-0.425545	-0.482311	-0.471231	-0.380451	-0.210479	0.0155127	0.266997	0.503734	0.692613	0.823015	0.88309	0.873282	0.808615	0.707696	0.592863	0.476061	0.362645	0.262565	0.190237	0.134602	0.0823559	0.05232	0.0396309	0.0264718	0.0264718	
-0.202625	-0.248502	-0.272655	-0.254528	-0.167886	-0.0223292	0.174871	0.404937	0.642443	0.848462	0.98579	1.04417	1.02812	0.959308	0.869367	0.787735	0.713124	0.626212	0.517944	0.396175	0.254705	0.0976139	-0.0602172	-0.214378	-0.357259	-0.468171	-0.52591	-0.511572	-0.418675	-0.248768	-0.0192964	0.235495	0.480873	0.678548	0.814017	0.870425	0.853415	0.79147	0.691564	0.571527	0.453363	0.342578	0.240614	0.16511	0.110071	0.0638921	0.0396309	0.0237602	0.00889101	0.00889101	
-0.223587	-0.26909	-0.296825	-0.286117	-0.206596	-0.0561456	0.151475	0.391891	0.6381	0.850727	0.985579	1.04037	1.02511	0.953716	0.859932	0.775259	0.701838	0.612481	0.49494	0.369446	0.23327	0.082817	-0.075832	-0.229249	-0.368781	-0.482815	-0.549229	-0.541725	-0.447561	-0.269576	-0.0335527	0.222819	0.469173	0.667264	0.802968	0.860141	0.846706	0.785723	0.684259	0.561734	0.438031	0.334249	0.239422	0.157621	0.10195	0.057226	0.0264718	0.00889101	0.0013956	0.0013956	
-0.223587	-0.26909	-0.296825	-0.286117	-0.206596	-0.0561456	0.151475	0.391891	0.6381	0.850727	0.985579	1.04037	1.02511	0.953716	0.859932	0.775259	0.701838	0.612481	0.49494	0.369446	0.23327	0.082817	-0.075832	-0.229249	-0.368781	-0.482815	-0.549229	-0.541725	-0.447561	-0.269576	-0.0335527	0.222819	0.469173	0.667264	0.802968	0.860141	0.846706	0.785723	0.684259	0.561734	0.438031	0.334249	0.239422	0.157621	0.10195	0.057226	0.0264718	0.00889101	0.0013956	0.0013956	
