0.263479	0.282526	0.324284	0.384898	0.449482	0.504201	0.51484	0.451226	0.327285	0.184912	0.0496235	-0.0844748	-0.21694	-0.352295	-0.490766	-0.632247	-0.767516	-0.876453	-0.948987	-0.992979	-1.01944	-1.02169	-0.989835	-0.917687	-0.821356	-0.718429	-0.610619	-0.499784	-0.379826	-0.250336	-0.104638	0.0588046	0.201552	0.290904	0.338466	0.381293	0.4462	0.543513	0.678214	0.837177	0.994291	1.11257	1.15018	1.10111	0.989121	0.848055	0.722624	0.633105	0.580427	0.580427	
0.282526	0.284387	0.311096	0.36401	0.426112	0.487116	0.5165	0.4864	0.404473	0.29363	0.174845	0.0479254	-0.083309	-0.22358	-0.380143	-0.551846	-0.719863	-0.854929	-0.939292	-0.982265	-1.00085	-0.989363	-0.930614	-0.822117	-0.694102	-0.568823	-0.4547	-0.353941	-0.249064	-0.13936	-0.0284019	0.0831249	0.171713	0.219862	0.239461	0.262198	0.313423	0.407378	0.550844	0.724552	0.895198	1.02506	1.07422	1.03097	0.913751	0.764412	0.636853	0.551111	0.503124	0.503124	
0.324284	0.311096	0.322033	0.35453	0.396833	0.451827	0.49597	0.503369	0.460339	0.379737	0.276571	0.153977	0.020852	-0.13204	-0.305409	-0.493675	-0.678702	-0.829016	-0.92197	-0.965023	-0.973701	-0.941437	-0.85621	-0.720915	-0.565902	-0.416585	-0.286319	-0.176657	-0.0754944	0.0139746	0.0907614	0.151299	0.178265	0.17241	0.159533	0.173962	0.230169	0.329401	0.476158	0.653076	0.821322	0.938752	0.974308	0.923551	0.80012	0.639132	0.491177	0.381838	0.319123	0.319123	
0.384898	0.36401	0.35453	0.355005	0.368124	0.41184	0.469663	0.504703	0.494371	0.442091	0.356246	0.242052	0.102429	-0.0641499	-0.247849	-0.442091	-0.632145	-0.79198	-0.896725	-0.944376	-0.943364	-0.892369	-0.782626	-0.622973	-0.45018	-0.279731	-0.122629	0.00651943	0.110259	0.185695	0.232457	0.24585	0.218524	0.167248	0.129196	0.141053	0.206172	0.3094	0.447504	0.60705	0.752966	0.843822	0.854803	0.78581	0.647423	0.468784	0.294013	0.15381	0.0716938	0.0716938	
0.449482	0.426112	0.396833	0.368124	0.358592	0.397267	0.459943	0.511691	0.524068	0.4955	0.426892	0.31464	0.165141	-0.0145686	-0.205503	-0.398497	-0.586467	-0.749424	-0.857423	-0.902919	-0.894275	-0.828296	-0.700105	-0.529356	-0.347601	-0.163571	0.00988669	0.158997	0.273819	0.340046	0.363175	0.347865	0.295799	0.224117	0.166715	0.167136	0.231689	0.331552	0.450069	0.577703	0.688065	0.742701	0.719598	0.618759	0.4515	0.250409	0.057381	-0.0969244	-0.185004	-0.185004	
0.504201	0.487116	0.451827	0.41184	0.397267	0.42855	0.485069	0.536386	0.55713	0.542142	0.476872	0.361689	0.204744	0.0200652	-0.167745	-0.353658	-0.534015	-0.687866	-0.785625	-0.823489	-0.808248	-0.73951	-0.611134	-0.438034	-0.256211	-0.0744666	0.103195	0.262854	0.385591	0.455873	0.477479	0.453429	0.393273	0.317123	0.253722	0.242206	0.290441	0.37391	0.472402	0.568725	0.633701	0.635277	0.562986	0.421706	0.225415	0.00967548	-0.18855	-0.342624	-0.426889	-0.426889	
0.51484	0.5165	0.49597	0.469663	0.459943	0.485069	0.528466	0.571564	0.593829	0.578315	0.510062	0.393942	0.240826	0.0667362	-0.11094	-0.288479	-0.457212	-0.594541	-0.674466	-0.698472	-0.683913	-0.629306	-0.514513	-0.354386	-0.181593	-0.00401444	0.167167	0.324669	0.454374	0.535806	0.563923	0.53829	0.479776	0.414171	0.357948	0.339175	0.369671	0.430245	0.498596	0.557216	0.575751	0.522603	0.398037	0.218134	0.00200925	-0.2179	-0.415674	-0.568813	-0.650359	-0.650359	
0.451226	0.4864	0.503369	0.504703	0.511691	0.536386	0.571564	0.609026	0.624404	0.602225	0.529635	0.421867	0.289522	0.138783	-0.0211602	-0.184919	-0.338867	-0.457399	-0.517758	-0.534778	-0.529755	-0.495683	-0.40798	-0.268632	-0.104383	0.0625351	0.218624	0.362028	0.480036	0.562538	0.603436	0.592047	0.547364	0.494736	0.450235	0.434869	0.449379	0.475253	0.500921	0.517575	0.495829	0.405147	0.249797	0.0469138	-0.182693	-0.407615	-0.609229	-0.766126	-0.848254	-0.848254	
0.327285	0.404473	0.460339	0.494371	0.524068	0.55713	0.593829	0.624404	0.632493	0.602925	0.533157	0.446382	0.344234	0.22576	0.0926685	-0.0486926	-0.180016	-0.274719	-0.319846	-0.332158	-0.332872	-0.319447	-0.259141	-0.149191	-0.01427	0.125932	0.253899	0.3671	0.463541	0.544499	0.600224	0.609233	0.584176	0.549809	0.517844	0.497735	0.490443	0.484241	0.467799	0.440613	0.388299	0.284738	0.126332	-0.0784311	-0.310569	-0.540754	-0.752929	-0.920262	-1.00697	-1.00697	
0.184912	0.29363	0.379737	0.442091	0.4955	0.542142	0.578315	0.602225	0.602925	0.57063	0.511822	0.448308	0.37901	0.29988	0.20719	0.107785	0.0173646	-0.0472435	-0.0764473	-0.0844301	-0.0916832	-0.0911907	-0.0584622	0.00756126	0.0983097	0.193819	0.278933	0.357936	0.427877	0.495994	0.554818	0.580598	0.580216	0.564178	0.535165	0.503934	0.476143	0.442969	0.39639	0.341248	0.268472	0.159067	0.011519	-0.173539	-0.38776	-0.611272	-0.830053	-1.00912	-1.10378	-1.10378	
0.0496235	0.174845	0.276571	0.356246	0.426892	0.476872	0.510062	0.529635	0.533157	0.511822	0.471229	0.433301	0.398307	0.364054	0.324105	0.280786	0.237456	0.204315	0.187155	0.178331	0.172508	0.170757	0.182925	0.210646	0.248014	0.283245	0.316311	0.352375	0.389843	0.438438	0.486228	0.51058	0.51435	0.504503	0.482893	0.447546	0.40287	0.355388	0.298977	0.229864	0.143736	0.0341205	-0.0992122	-0.25928	-0.441241	-0.636191	-0.838549	-1.01183	-1.10628	-1.10628	
-0.0844748	0.0479254	0.153977	0.242052	0.31464	0.361689	0.393942	0.421867	0.446382	0.448308	0.433301	0.4215	0.419695	0.431045	0.445665	0.456679	0.45969	0.456178	0.44771	0.442055	0.440771	0.44183	0.443559	0.436589	0.423251	0.402082	0.380775	0.371728	0.374665	0.392221	0.406571	0.400034	0.384103	0.371143	0.355606	0.323422	0.279247	0.232356	0.176188	0.107616	0.0230629	-0.0827114	-0.206449	-0.343035	-0.485317	-0.633775	-0.790262	-0.925513	-0.999716	-0.999716	
-0.21694	-0.083309	0.020852	0.102429	0.165141	0.204744	0.240826	0.289522	0.344234	0.37901	0.398307	0.419695	0.45764	0.516537	0.580266	0.638697	0.680915	0.701308	0.702974	0.69811	0.698175	0.702826	0.693227	0.66034	0.610961	0.543052	0.473511	0.417079	0.376286	0.352076	0.321305	0.273336	0.222311	0.184106	0.163976	0.143667	0.113209	0.0789954	0.0364252	-0.0246935	-0.107045	-0.203367	-0.30645	-0.410641	-0.50684	-0.598418	-0.692019	-0.772211	-0.816799	-0.816799	
-0.352295	-0.22358	-0.13204	-0.0641499	-0.0145686	0.0200652	0.0667362	0.138783	0.22576	0.29988	0.364054	0.431045	0.516537	0.619217	0.723359	0.817997	0.891314	0.938497	0.954128	0.953413	0.95562	0.954677	0.92797	0.869602	0.786859	0.682791	0.573188	0.470062	0.382786	0.310033	0.230399	0.138428	0.0464358	-0.0188183	-0.0451001	-0.0596258	-0.0775265	-0.0959085	-0.127387	-0.183834	-0.256507	-0.329053	-0.395031	-0.447365	-0.481288	-0.512218	-0.551087	-0.588807	-0.612783	-0.612783	
-0.490766	-0.380143	-0.305409	-0.247849	-0.205503	-0.167745	-0.11094	-0.0211602	0.0926685	0.20719	0.324105	0.445665	0.580266	0.723359	0.861251	0.985556	1.09218	1.16955	1.20531	1.2144	1.21346	1.19886	1.14726	1.05689	0.942664	0.808934	0.66472	0.516569	0.377392	0.249462	0.120275	-0.00572909	-0.11731	-0.196169	-0.235488	-0.257685	-0.27737	-0.295187	-0.319408	-0.361605	-0.41345	-0.4505	-0.461099	-0.443981	-0.410935	-0.389369	-0.388605	-0.401338	-0.41711	-0.41711	
-0.632247	-0.551846	-0.493675	-0.442091	-0.398497	-0.353658	-0.288479	-0.184919	-0.0486926	0.107785	0.280786	0.456679	0.638697	0.817997	0.985556	1.14116	1.28088	1.38918	1.44899	1.46713	1.46251	1.43146	1.34959	1.22413	1.07429	0.908781	0.731513	0.543276	0.359539	0.181467	0.00967839	-0.139214	-0.263785	-0.355243	-0.40751	-0.443113	-0.476422	-0.500571	-0.51658	-0.537399	-0.553373	-0.539851	-0.492797	-0.417388	-0.33153	-0.266479	-0.230548	-0.219988	-0.226886	-0.226886	
-0.767516	-0.719863	-0.678702	-0.632145	-0.586467	-0.534015	-0.457212	-0.338867	-0.180016	0.0173646	0.237456	0.45969	0.680915	0.891314	1.09218	1.28088	1.45357	1.59138	1.66941	1.69408	1.68411	1.63295	1.52208	1.36262	1.1763	0.980562	0.777117	0.562617	0.346812	0.128215	-0.0812085	-0.26006	-0.404408	-0.506575	-0.571506	-0.620381	-0.661039	-0.685563	-0.688458	-0.677534	-0.650558	-0.594388	-0.506147	-0.389043	-0.265516	-0.165839	-0.0936976	-0.051182	-0.040127	-0.040127	
-0.876453	-0.854929	-0.829016	-0.79198	-0.749424	-0.687866	-0.594541	-0.457399	-0.274719	-0.0472435	0.204315	0.456178	0.701308	0.938497	1.16955	1.38918	1.59138	1.74858	1.83925	1.87001	1.85513	1.79066	1.66278	1.47913	1.26302	1.04058	0.812402	0.575333	0.336498	0.0886973	-0.153364	-0.361473	-0.526472	-0.647253	-0.729614	-0.781527	-0.812211	-0.822809	-0.807414	-0.773439	-0.720938	-0.636357	-0.515458	-0.366258	-0.214248	-0.0829979	0.0242592	0.0964061	0.124641	0.124641	
-0.948987	-0.939292	-0.92197	-0.896725	-0.857423	-0.785625	-0.674466	-0.517758	-0.319846	-0.0764473	0.187155	0.44771	0.702974	0.954128	1.20531	1.44899	1.66941	1.83925	1.94261	1.98221	1.97033	1.90389	1.77061	1.57478	1.33888	1.09059	0.835577	0.579969	0.323231	0.0539047	-0.207274	-0.435255	-0.620639	-0.758628	-0.850221	-0.896689	-0.911535	-0.908196	-0.885917	-0.844795	-0.779347	-0.677659	-0.532982	-0.353504	-0.169546	-0.00703521	0.125513	0.215424	0.255576	0.255576	
-0.992979	-0.982265	-0.965023	-0.944376	-0.902919	-0.823489	-0.698472	-0.534778	-0.332158	-0.0844301	0.178331	0.442055	0.69811	0.953413	1.2144	1.46713	1.69408	1.87001	1.98221	2.03223	2.0258	1.95759	1.82422	1.62768	1.38252	1.11825	0.848722	0.580668	0.308884	0.0295211	-0.238745	-0.476788	-0.666563	-0.806624	-0.904419	-0.953384	-0.964134	-0.958023	-0.938119	-0.89896	-0.83222	-0.72299	-0.557944	-0.3509	-0.13967	0.0503709	0.205493	0.311297	0.363055	0.363055	
-1.01944	-1.00085	-0.973701	-0.943364	-0.894275	-0.808248	-0.683913	-0.529755	-0.332872	-0.0916832	0.172508	0.440771	0.698175	0.95562	1.21346	1.46251	1.68411	1.85513	1.97033	2.0258	2.01466	1.93752	1.80351	1.6102	1.37145	1.11343	0.846336	0.579553	0.3069	0.0273044	-0.238974	-0.469939	-0.648635	-0.7859	-0.89122	-0.950621	-0.971384	-0.977449	-0.973411	-0.944885	-0.877486	-0.76006	-0.584328	-0.36716	-0.139766	0.0772697	0.260346	0.39041	0.460771	0.460771	
-1.02169	-0.989363	-0.941437	-0.892369	-0.828296	-0.73951	-0.629306	-0.495683	-0.319447	-0.0911907	0.170757	0.44183	0.702826	0.954677	1.19886	1.43146	1.63295	1.79066	1.90389	1.95759	1.93752	1.85105	1.71346	1.53091	1.31508	1.07556	0.827337	0.578162	0.312728	0.0430055	-0.205687	-0.416788	-0.57706	-0.702666	-0.807705	-0.88327	-0.932738	-0.969957	-0.991659	-0.976118	-0.910991	-0.792887	-0.616877	-0.398708	-0.161647	0.0775381	0.288849	0.44907	0.542884	0.542884	
-0.989835	-0.930614	-0.85621	-0.782626	-0.700105	-0.611134	-0.514513	-0.40798	-0.259141	-0.0584622	0.182925	0.443559	0.693227	0.92797	1.14726	1.34959	1.52208	1.66278	1.77061	1.82422	1.80351	1.71346	1.58143	1.42168	1.23309	1.02073	0.800259	0.567099	0.314809	0.0683218	-0.153579	-0.334348	-0.463957	-0.567996	-0.668762	-0.764336	-0.847576	-0.918274	-0.972365	-0.985867	-0.939064	-0.827038	-0.653203	-0.436866	-0.192841	0.0643308	0.297819	0.47939	0.587483	0.587483	
-0.917687	-0.822117	-0.720915	-0.622973	-0.529356	-0.438034	-0.354386	-0.268632	-0.149191	0.00756126	0.210646	0.436589	0.66034	0.869602	1.05689	1.22413	1.36262	1.47913	1.57478	1.62768	1.6102	1.53091	1.42168	1.29222	1.1398	0.961061	0.762644	0.546309	0.3175	0.100797	-0.0848781	-0.225726	-0.327042	-0.416114	-0.510817	-0.61318	-0.714768	-0.813827	-0.905409	-0.957917	-0.942539	-0.851956	-0.692843	-0.481033	-0.228544	0.0411174	0.286074	0.477728	0.590845	0.590845	
-0.821356	-0.694102	-0.565902	-0.45018	-0.347601	-0.256211	-0.181593	-0.104383	-0.01427	0.0983097	0.248014	0.423251	0.610961	0.786859	0.942664	1.07429	1.1763	1.26302	1.33888	1.38252	1.37145	1.31508	1.23309	1.1398	1.02628	0.877191	0.706491	0.51917	0.325392	0.152657	0.0121836	-0.0961191	-0.185291	-0.267936	-0.351191	-0.448086	-0.558281	-0.674589	-0.789283	-0.876809	-0.903591	-0.849548	-0.718449	-0.523761	-0.277034	-0.0062094	0.248246	0.451681	0.568566	0.568566	
-0.718429	-0.568823	-0.416585	-0.279731	-0.163571	-0.0744666	-0.00401444	0.0625351	0.125932	0.193819	0.283245	0.402082	0.543052	0.682791	0.808934	0.908781	0.980562	1.04058	1.09059	1.11825	1.11343	1.07556	1.02073	0.961061	0.877191	0.763477	0.629409	0.47774	0.334229	0.215756	0.120476	0.0429388	-0.0333425	-0.107841	-0.183311	-0.280706	-0.3981	-0.523695	-0.653369	-0.765707	-0.821764	-0.800725	-0.710102	-0.552954	-0.331306	-0.0712672	0.190096	0.406726	0.528044	0.528044	
-0.610619	-0.4547	-0.286319	-0.122629	0.00988669	0.103195	0.167167	0.218624	0.253899	0.278933	0.316311	0.380775	0.473511	0.573188	0.66472	0.731513	0.777117	0.812402	0.835577	0.848722	0.846336	0.827337	0.800259	0.762644	0.706491	0.629409	0.527411	0.418239	0.329821	0.264383	0.221557	0.186355	0.134821	0.0726804	-0.00149058	-0.105123	-0.238428	-0.38783	-0.533609	-0.652191	-0.719058	-0.723185	-0.667131	-0.543825	-0.354506	-0.121033	0.129642	0.344702	0.462902	0.462902	
-0.499784	-0.353941	-0.176657	0.00651943	0.158997	0.262854	0.324669	0.362028	0.3671	0.357936	0.352375	0.371728	0.417079	0.470062	0.516569	0.543276	0.562617	0.575333	0.579969	0.580668	0.579553	0.578162	0.567099	0.546309	0.51917	0.47774	0.418239	0.359249	0.319883	0.304808	0.313086	0.319577	0.299489	0.255402	0.183712	0.0675931	-0.095432	-0.274971	-0.432855	-0.553763	-0.625706	-0.638825	-0.594097	-0.488026	-0.326197	-0.125087	0.0944343	0.279984	0.3776	0.3776	
-0.379826	-0.249064	-0.0754944	0.110259	0.273819	0.385591	0.454374	0.480036	0.463541	0.427877	0.389843	0.374665	0.376286	0.382786	0.377392	0.359539	0.346812	0.336498	0.323231	0.308884	0.3069	0.312728	0.314809	0.3175	0.325392	0.334229	0.329821	0.319883	0.324147	0.35035	0.39586	0.434358	0.441481	0.409573	0.328872	0.193147	0.0121866	-0.179966	-0.345683	-0.467253	-0.535923	-0.54887	-0.504776	-0.401987	-0.254855	-0.0821012	0.0970332	0.241653	0.315816	0.315816	
-0.250336	-0.13936	0.0139746	0.185695	0.340046	0.455873	0.535806	0.562538	0.544499	0.495994	0.438438	0.392221	0.352076	0.310033	0.249462	0.181467	0.128215	0.0886973	0.0539047	0.0295211	0.0273044	0.0430055	0.0683218	0.100797	0.152657	0.215756	0.264383	0.304808	0.35035	0.409455	0.476888	0.524975	0.534921	0.491349	0.390955	0.250619	0.0777455	-0.109593	-0.270098	-0.379147	-0.438442	-0.448183	-0.399433	-0.298452	-0.165468	-0.0128954	0.140719	0.263121	0.329612	0.329612	
-0.104638	-0.0284019	0.0907614	0.232457	0.363175	0.477479	0.563923	0.603436	0.600224	0.554818	0.486228	0.406571	0.321305	0.230399	0.120275	0.00967839	-0.0812085	-0.153364	-0.207274	-0.238745	-0.238974	-0.205687	-0.153579	-0.0848781	0.0121836	0.120476	0.221557	0.313086	0.39586	0.476888	0.540462	0.56767	0.553826	0.486959	0.377589	0.245309	0.0882544	-0.0762372	-0.208812	-0.291347	-0.330146	-0.327094	-0.277383	-0.187998	-0.0644949	0.0873002	0.2378	0.357886	0.429317	0.429317	
0.0588046	0.0831249	0.151299	0.24585	0.347865	0.453429	0.53829	0.592047	0.609233	0.580598	0.51058	0.400034	0.273336	0.138428	-0.00572909	-0.139214	-0.26006	-0.361473	-0.435255	-0.476788	-0.469939	-0.416788	-0.334348	-0.225726	-0.0961191	0.0429388	0.186355	0.319577	0.434358	0.524975	0.56767	0.559833	0.511931	0.423094	0.304153	0.170658	0.0360936	-0.0818483	-0.166469	-0.208147	-0.21516	-0.196505	-0.145534	-0.0557227	0.076924	0.238901	0.391958	0.513811	0.590131	0.590131	
0.201552	0.171713	0.178265	0.218524	0.295799	0.393273	0.479776	0.547364	0.584176	0.580216	0.51435	0.384103	0.222311	0.0464358	-0.11731	-0.263785	-0.404408	-0.526472	-0.620639	-0.666563	-0.648635	-0.57706	-0.463957	-0.327042	-0.185291	-0.0333425	0.134821	0.299489	0.441481	0.534921	0.553826	0.511931	0.431361	0.317518	0.180973	0.04628	-0.0580464	-0.122823	-0.151153	-0.14418	-0.112651	-0.062601	0.0143836	0.126075	0.275306	0.443484	0.594454	0.711044	0.781727	0.781727	
0.290904	0.219862	0.17241	0.167248	0.224117	0.317123	0.414171	0.494736	0.549809	0.564178	0.504503	0.371143	0.184106	-0.0188183	-0.196169	-0.355243	-0.506575	-0.647253	-0.758628	-0.806624	-0.7859	-0.702666	-0.567996	-0.416114	-0.267936	-0.107841	0.0726804	0.255402	0.409573	0.491349	0.486959	0.423094	0.317518	0.183877	0.0409438	-0.0880676	-0.168582	-0.18754	-0.162199	-0.106913	-0.0247457	0.0814595	0.207454	0.355813	0.524827	0.691009	0.829243	0.930073	0.985417	0.985417	
0.338466	0.239461	0.159533	0.129196	0.166715	0.253722	0.357948	0.450235	0.517844	0.535165	0.482893	0.355606	0.163976	-0.0451001	-0.235488	-0.40751	-0.571506	-0.729614	-0.850221	-0.904419	-0.89122	-0.807705	-0.668762	-0.510817	-0.351191	-0.183311	-0.00149058	0.183712	0.328872	0.390955	0.377589	0.304153	0.180973	0.0409438	-0.0969177	-0.213663	-0.265669	-0.242323	-0.173679	-0.0751483	0.0591334	0.225545	0.411673	0.609788	0.800386	0.958722	1.07974	1.15953	1.19363	1.19363	
0.381293	0.262198	0.173962	0.141053	0.167136	0.242206	0.339175	0.434869	0.497735	0.503934	0.447546	0.323422	0.143667	-0.0596258	-0.257685	-0.443113	-0.620381	-0.781527	-0.896689	-0.953384	-0.950621	-0.88327	-0.764336	-0.61318	-0.448086	-0.280706	-0.105123	0.0675931	0.193147	0.250619	0.245309	0.170658	0.04628	-0.0880676	-0.213663	-0.301149	-0.318002	-0.266983	-0.166828	-0.0268301	0.153992	0.371613	0.610266	0.848357	1.05622	1.21563	1.32886	1.39043	1.40545	1.40545	
0.4462	0.313423	0.230169	0.206172	0.231689	0.290441	0.369671	0.449379	0.490443	0.476143	0.40287	0.279247	0.113209	-0.0775265	-0.27737	-0.476422	-0.661039	-0.812211	-0.911535	-0.964134	-0.971384	-0.932738	-0.847576	-0.714768	-0.558281	-0.3981	-0.238428	-0.095432	0.0121866	0.0777455	0.0882544	0.0360936	-0.0580464	-0.168582	-0.265669	-0.318002	-0.318568	-0.260131	-0.132373	0.0506654	0.27205	0.523721	0.790947	1.04921	1.26838	1.43203	1.54244	1.60104	1.61832	1.61832	
0.543513	0.407378	0.329401	0.3094	0.331552	0.37391	0.430245	0.475253	0.484241	0.442969	0.355388	0.232356	0.0789954	-0.0959085	-0.295187	-0.500571	-0.685563	-0.822809	-0.908196	-0.958023	-0.977449	-0.969957	-0.918274	-0.813827	-0.674589	-0.523695	-0.38783	-0.274971	-0.179966	-0.109593	-0.0762372	-0.0818483	-0.122823	-0.18754	-0.242323	-0.266983	-0.260131	-0.19426	-0.0479238	0.157771	0.39927	0.670163	0.955608	1.22044	1.43315	1.58884	1.69644	1.76362	1.7962	1.7962	
0.678214	0.550844	0.476158	0.447504	0.450069	0.472402	0.498596	0.500921	0.467799	0.39639	0.298977	0.176188	0.0364252	-0.127387	-0.319408	-0.51658	-0.688458	-0.807414	-0.885917	-0.938119	-0.973411	-0.991659	-0.972365	-0.905409	-0.789283	-0.653369	-0.533609	-0.432855	-0.345683	-0.270098	-0.208812	-0.166469	-0.151153	-0.162199	-0.173679	-0.166828	-0.132373	-0.0479238	0.0973956	0.295585	0.53964	0.819189	1.1033	1.35087	1.54627	1.69344	1.79097	1.84883	1.88084	1.88084	
0.837177	0.724552	0.653076	0.60705	0.577703	0.568725	0.557216	0.517575	0.440613	0.341248	0.229864	0.107616	-0.0246935	-0.183834	-0.361605	-0.537399	-0.677534	-0.773439	-0.844795	-0.89896	-0.944885	-0.976118	-0.985867	-0.957917	-0.876809	-0.765707	-0.652191	-0.553763	-0.467253	-0.379147	-0.291347	-0.208147	-0.14418	-0.106913	-0.0751483	-0.0268301	0.0506654	0.157771	0.295585	0.483323	0.722161	0.979187	1.22126	1.43401	1.61332	1.74261	1.80786	1.83485	1.85194	1.85194	
0.994291	0.895198	0.821322	0.752966	0.688065	0.633701	0.575751	0.495829	0.388299	0.268472	0.143736	0.0230629	-0.107045	-0.256507	-0.41345	-0.553373	-0.650558	-0.720938	-0.779347	-0.83222	-0.877486	-0.910991	-0.939064	-0.942539	-0.903591	-0.821764	-0.719058	-0.625706	-0.535923	-0.438442	-0.330146	-0.21516	-0.112651	-0.0247457	0.0591334	0.153992	0.27205	0.39927	0.53964	0.722161	0.933849	1.13778	1.32486	1.49441	1.62807	1.70432	1.72723	1.72677	1.72555	1.72555	
1.11257	1.02506	0.938752	0.843822	0.742701	0.635277	0.522603	0.405147	0.284738	0.159067	0.0341205	-0.0827114	-0.203367	-0.329053	-0.4505	-0.539851	-0.594388	-0.636357	-0.677659	-0.72299	-0.76006	-0.792887	-0.827038	-0.851956	-0.849548	-0.800725	-0.723185	-0.638825	-0.54887	-0.448183	-0.327094	-0.196505	-0.062601	0.0814595	0.225545	0.371613	0.523721	0.670163	0.819189	0.979187	1.13778	1.2892	1.42693	1.52831	1.57579	1.58004	1.56632	1.54383	1.52095	1.52095	
1.15018	1.07422	0.974308	0.854803	0.719598	0.562986	0.398037	0.249797	0.126332	0.011519	-0.0992122	-0.206449	-0.30645	-0.395031	-0.461099	-0.492797	-0.506147	-0.515458	-0.532982	-0.557944	-0.584328	-0.616877	-0.653203	-0.692843	-0.718449	-0.710102	-0.667131	-0.594097	-0.504776	-0.399433	-0.277383	-0.145534	0.0143836	0.207454	0.411673	0.610266	0.790947	0.955608	1.1033	1.22126	1.32486	1.42693	1.4971	1.50869	1.46961	1.40918	1.35422	1.30587	1.26835	1.26835	
1.10111	1.03097	0.923551	0.78581	0.618759	0.421706	0.218134	0.0469138	-0.0784311	-0.173539	-0.25928	-0.343035	-0.410641	-0.447365	-0.443981	-0.417388	-0.389043	-0.366258	-0.353504	-0.3509	-0.36716	-0.398708	-0.436866	-0.481033	-0.523761	-0.552954	-0.543825	-0.488026	-0.401987	-0.298452	-0.187998	-0.0557227	0.126075	0.355813	0.609788	0.848357	1.04921	1.22044	1.35087	1.43401	1.49441	1.52831	1.50869	1.43714	1.3334	1.21935	1.1187	1.04499	1.00444	1.00444	
0.989121	0.913751	0.80012	0.647423	0.4515	0.225415	0.00200925	-0.182693	-0.310569	-0.38776	-0.441241	-0.485317	-0.50684	-0.481288	-0.410935	-0.33153	-0.265516	-0.214248	-0.169546	-0.13967	-0.139766	-0.161647	-0.192841	-0.228544	-0.277034	-0.331306	-0.354506	-0.326197	-0.254855	-0.165468	-0.0644949	0.076924	0.275306	0.524827	0.800386	1.05622	1.26838	1.43315	1.54627	1.61332	1.62807	1.57579	1.46961	1.3334	1.18161	1.0289	0.893355	0.79796	0.754694	0.754694	
0.848055	0.764412	0.639132	0.468784	0.250409	0.00967548	-0.2179	-0.407615	-0.540754	-0.611272	-0.636191	-0.633775	-0.598418	-0.512218	-0.389369	-0.266479	-0.165839	-0.0829979	-0.00703521	0.0503709	0.0772697	0.0775381	0.0643308	0.0411174	-0.0062094	-0.0712672	-0.121033	-0.125087	-0.0821012	-0.0128954	0.0873002	0.238901	0.443484	0.691009	0.958722	1.21563	1.43203	1.58884	1.69344	1.74261	1.70432	1.58004	1.40918	1.21935	1.0289	0.852729	0.699779	0.590727	0.540648	0.540648	
0.722624	0.636853	0.491177	0.294013	0.057381	-0.18855	-0.415674	-0.609229	-0.752929	-0.830053	-0.838549	-0.790262	-0.692019	-0.551087	-0.388605	-0.230548	-0.0936976	0.0242592	0.125513	0.205493	0.260346	0.288849	0.297819	0.286074	0.248246	0.190096	0.129642	0.0944343	0.0970332	0.140719	0.2378	0.391958	0.594454	0.829243	1.07974	1.32886	1.54244	1.69644	1.79097	1.80786	1.72723	1.56632	1.35422	1.1187	0.893355	0.699779	0.545048	0.436199	0.380157	0.380157	
0.633105	0.551111	0.381838	0.15381	-0.0969244	-0.342624	-0.568813	-0.766126	-0.920262	-1.00912	-1.01183	-0.925513	-0.772211	-0.588807	-0.401338	-0.219988	-0.051182	0.0964061	0.215424	0.311297	0.39041	0.44907	0.47939	0.477728	0.451681	0.406726	0.344702	0.279984	0.241653	0.263121	0.357886	0.513811	0.711044	0.930073	1.15953	1.39043	1.60104	1.76362	1.84883	1.83485	1.72677	1.54383	1.30587	1.04499	0.79796	0.590727	0.436199	0.332464	0.276836	0.276836	
0.580427	0.503124	0.319123	0.0716938	-0.185004	-0.426889	-0.650359	-0.848254	-1.00697	-1.10378	-1.10628	-0.999716	-0.816799	-0.612783	-0.41711	-0.226886	-0.040127	0.124641	0.255576	0.363055	0.460771	0.542884	0.587483	0.590845	0.568566	0.528044	0.462902	0.3776	0.315816	0.329612	0.429317	0.590131	0.781727	0.985417	1.19363	1.40545	1.61832	1.7962	1.88084	1.85194	1.72555	1.52095	1.26835	1.00444	0.754694	0.540648	0.380157	0.276836	0.22636	0.22636	
0.580427	0.503124	0.319123	0.0716938	-0.185004	-0.426889	-0.650359	-0.848254	-1.00697	-1.10378	-1.10628	-0.999716	-0.816799	-0.612783	-0.41711	-0.226886	-0.040127	0.124641	0.255576	0.363055	0.460771	0.542884	0.587483	0.590845	0.568566	0.528044	0.462902	0.3776	0.315816	0.329612	0.429317	0.590131	0.781727	0.985417	1.19363	1.40545	1.61832	1.7962	1.88084	1.85194	1.72555	1.52095	1.26835	1.00444	0.754694	0.540648	0.380157	0.276836	0.22636	0.22636	
