-0.892256	-0.871005	-0.801975	-0.698155	-0.572517	-0.439535	-0.316224	-0.209067	-0.107927	-0.00427816	0.0931848	0.193129	0.30243	0.421207	0.541295	0.65304	0.742654	0.802605	0.841667	0.874662	0.91475	0.960491	1.00275	1.02677	1.02606	0.999169	0.944266	0.852909	0.712898	0.521151	0.272097	-0.012598	-0.298232	-0.574387	-0.82686	-1.03541	-1.18334	-1.2581	-1.24912	-1.14981	-0.973966	-0.746899	-0.492123	-0.22205	0.0553549	0.319591	0.55128	0.72374	0.808897	0.808897	
-0.871005	-0.895841	-0.867532	-0.797125	-0.692932	-0.574013	-0.457878	-0.345478	-0.226068	-0.108364	-0.00830091	0.0949	0.216709	0.363406	0.520598	0.674102	0.808788	0.908828	0.976798	1.02155	1.05269	1.0714	1.07165	1.04724	1.00082	0.935233	0.852449	0.747311	0.611613	0.432381	0.186016	-0.107625	-0.403158	-0.679053	-0.92154	-1.11711	-1.24752	-1.2985	-1.26225	-1.1334	-0.928961	-0.684275	-0.426	-0.152349	0.137286	0.413046	0.64879	0.820931	0.905078	0.905078	
-0.801975	-0.867532	-0.884768	-0.853297	-0.779975	-0.687019	-0.585113	-0.469362	-0.338382	-0.212961	-0.103724	0.00869721	0.14133	0.302274	0.480901	0.663104	0.825669	0.958977	1.0613	1.12491	1.14885	1.13661	1.09842	1.04039	0.964304	0.871957	0.772291	0.660389	0.520482	0.339032	0.0943531	-0.202213	-0.504975	-0.774449	-0.99577	-1.16687	-1.26747	-1.28166	-1.21088	-1.05902	-0.841943	-0.589097	-0.329582	-0.0657764	0.207887	0.468369	0.69105	0.854081	0.934897	0.934897	
-0.698155	-0.797125	-0.853297	-0.861123	-0.826259	-0.764338	-0.676975	-0.567927	-0.44324	-0.314977	-0.188584	-0.0559164	0.0842075	0.247166	0.433591	0.623726	0.795848	0.947683	1.07575	1.15819	1.17666	1.13937	1.07617	1.00324	0.916402	0.814816	0.712936	0.601446	0.455725	0.26098	0.00874397	-0.28139	-0.57688	-0.842001	-1.04779	-1.18707	-1.25053	-1.2303	-1.12661	-0.950248	-0.725122	-0.473503	-0.218323	0.0321473	0.28053	0.508032	0.694356	0.827054	0.89318	0.89318	
-0.572517	-0.692932	-0.779975	-0.826259	-0.828524	-0.790284	-0.719317	-0.632892	-0.528474	-0.402631	-0.254219	-0.101549	0.0442164	0.204846	0.383959	0.565716	0.72912	0.879975	1.01453	1.10091	1.11666	1.0723	1.0036	0.933752	0.857651	0.766334	0.672917	0.569205	0.419552	0.206335	-0.0543022	-0.331343	-0.608515	-0.860827	-1.05651	-1.17658	-1.2079	-1.15484	-1.02573	-0.834161	-0.60647	-0.358621	-0.106717	0.133716	0.354363	0.537298	0.671562	0.759619	0.802234	0.802234	
-0.439535	-0.574013	-0.687019	-0.764338	-0.790284	-0.768787	-0.718492	-0.657158	-0.572458	-0.447675	-0.288062	-0.124839	0.0247479	0.176114	0.336627	0.492247	0.630872	0.761937	0.875372	0.948037	0.967077	0.938465	0.887971	0.838733	0.78685	0.720248	0.646365	0.550838	0.401784	0.18587	-0.0756692	-0.341779	-0.596619	-0.830127	-1.01841	-1.12864	-1.1379	-1.06117	-0.918247	-0.723694	-0.498766	-0.255687	-0.0109144	0.215487	0.409402	0.551724	0.635994	0.67858	0.696341	0.696341	
-0.316224	-0.457878	-0.585113	-0.676975	-0.719317	-0.718492	-0.687492	-0.639358	-0.559306	-0.441163	-0.287115	-0.126885	0.0174263	0.154737	0.285984	0.406164	0.510849	0.604407	0.677712	0.724036	0.746697	0.74803	0.733465	0.715347	0.696662	0.666631	0.619241	0.539536	0.403768	0.199578	-0.047122	-0.299769	-0.546467	-0.766616	-0.937515	-1.03608	-1.03956	-0.957596	-0.809498	-0.616576	-0.403051	-0.174749	0.0577781	0.268946	0.43668	0.544145	0.590314	0.600013	0.600553	0.600553	
-0.209067	-0.345478	-0.469362	-0.567927	-0.632892	-0.657158	-0.639358	-0.586489	-0.505052	-0.39742	-0.258662	-0.11506	0.0144097	0.126923	0.225537	0.307778	0.369309	0.417399	0.446662	0.465684	0.491419	0.522589	0.547327	0.568885	0.587653	0.592052	0.577607	0.526402	0.416246	0.243137	0.0283465	-0.20805	-0.45298	-0.670729	-0.830884	-0.914207	-0.911239	-0.836712	-0.703189	-0.526146	-0.325615	-0.107837	0.111125	0.300189	0.437934	0.514823	0.533823	0.523687	0.516105	0.516105	
-0.107927	-0.226068	-0.338382	-0.44324	-0.528474	-0.572458	-0.559306	-0.505052	-0.428163	-0.333858	-0.216523	-0.0990286	-0.00167554	0.078063	0.143979	0.186042	0.203271	0.208547	0.205657	0.209436	0.235256	0.28186	0.338619	0.400517	0.457518	0.499439	0.521255	0.509942	0.445422	0.311234	0.127335	-0.0869577	-0.325907	-0.546354	-0.701592	-0.771131	-0.763239	-0.703752	-0.59703	-0.444678	-0.261714	-0.0574788	0.150234	0.323326	0.432201	0.474917	0.466266	0.439595	0.426265	0.426265	
-0.00427816	-0.108364	-0.212961	-0.314977	-0.402631	-0.447675	-0.441163	-0.39742	-0.333858	-0.255923	-0.160633	-0.0797273	-0.0227186	0.0182475	0.0442831	0.0413042	0.0112934	-0.020798	-0.0428529	-0.0453004	-0.0204885	0.0350984	0.116405	0.218288	0.322942	0.406675	0.466206	0.499776	0.480529	0.384638	0.23215	0.0397989	-0.181501	-0.389815	-0.543999	-0.618192	-0.617821	-0.569723	-0.481895	-0.357669	-0.202275	-0.0164609	0.179451	0.337911	0.423078	0.435875	0.395685	0.342117	0.314406	0.314406	
0.0931848	-0.00830091	-0.103724	-0.188584	-0.254219	-0.288062	-0.287115	-0.258662	-0.216523	-0.160633	-0.0990561	-0.0589415	-0.0445486	-0.0496117	-0.0716375	-0.124689	-0.195203	-0.253436	-0.288325	-0.293964	-0.265955	-0.202115	-0.102832	0.0311925	0.176413	0.306436	0.410818	0.484747	0.509694	0.458065	0.339873	0.175599	-0.0193004	-0.211947	-0.367011	-0.45626	-0.478384	-0.449489	-0.376364	-0.265262	-0.124083	0.0393198	0.207969	0.341678	0.400352	0.382541	0.313228	0.237011	0.196628	0.196628	
0.193129	0.0949	0.00869721	-0.0559164	-0.101549	-0.124839	-0.126885	-0.11506	-0.0990286	-0.0797273	-0.0589415	-0.0568319	-0.0801024	-0.127271	-0.195804	-0.286158	-0.377744	-0.45181	-0.501591	-0.516731	-0.489608	-0.417913	-0.306964	-0.161294	0.00917518	0.182376	0.332672	0.451948	0.521569	0.517813	0.452236	0.331741	0.165444	-0.0153007	-0.177826	-0.291867	-0.347219	-0.342294	-0.276261	-0.165984	-0.0329762	0.108562	0.243227	0.33468	0.350539	0.301792	0.21786	0.135865	0.0921997	0.0921997	
0.30243	0.216709	0.14133	0.0842075	0.0442164	0.0247479	0.0174263	0.0144097	-0.00167554	-0.0227186	-0.0445486	-0.0801024	-0.137555	-0.223144	-0.325404	-0.432714	-0.527631	-0.608122	-0.671193	-0.699344	-0.674466	-0.59612	-0.483221	-0.340745	-0.167047	0.0285588	0.221676	0.388451	0.506418	0.562597	0.558826	0.488783	0.35628	0.18367	0.0106209	-0.120702	-0.195122	-0.205961	-0.157861	-0.0698358	0.0424049	0.158026	0.255834	0.308659	0.291776	0.217995	0.12211	0.0409933	0.000916427	0.000916427	
0.421207	0.363406	0.302274	0.247166	0.204846	0.176114	0.154737	0.126923	0.078063	0.0182475	-0.0496117	-0.127271	-0.223144	-0.339079	-0.459702	-0.570215	-0.65932	-0.738101	-0.805068	-0.837518	-0.814184	-0.737633	-0.626702	-0.492217	-0.326582	-0.12201	0.0958829	0.299668	0.466281	0.577217	0.628087	0.608696	0.517574	0.372046	0.213344	0.0843391	0.000362662	-0.0320886	-0.0191893	0.0250745	0.0905524	0.161787	0.226479	0.25875	0.227304	0.143597	0.0451831	-0.037323	-0.0824392	-0.0824392	
0.541295	0.520598	0.480901	0.433591	0.383959	0.336627	0.285984	0.225537	0.143979	0.0442831	-0.0716375	-0.195804	-0.325404	-0.459702	-0.589696	-0.700723	-0.784367	-0.854834	-0.908395	-0.929891	-0.90767	-0.839855	-0.739359	-0.615155	-0.455975	-0.256367	-0.0349154	0.188604	0.391175	0.556498	0.664791	0.69556	0.653406	0.551481	0.424025	0.307697	0.216179	0.161058	0.133827	0.120117	0.123927	0.143205	0.167971	0.177186	0.143436	0.0679605	-0.020441	-0.0939851	-0.135205	-0.135205	
0.65304	0.674102	0.663104	0.623726	0.565716	0.492247	0.406164	0.307778	0.186042	0.0413042	-0.124689	-0.286158	-0.432714	-0.570215	-0.700723	-0.809205	-0.885445	-0.938909	-0.968207	-0.97484	-0.956847	-0.911955	-0.837064	-0.728273	-0.578697	-0.384532	-0.163207	0.0668562	0.298219	0.517477	0.684192	0.769391	0.776302	0.716946	0.62403	0.524178	0.429115	0.350411	0.278214	0.209844	0.158592	0.123087	0.100006	0.0807492	0.0418228	-0.0207918	-0.0823719	-0.12763	-0.154744	-0.154744	
0.742654	0.808788	0.825669	0.795848	0.72912	0.630872	0.510849	0.369309	0.203271	0.0112934	-0.195203	-0.377744	-0.527631	-0.65932	-0.784367	-0.885445	-0.950229	-0.986774	-0.999064	-0.996132	-0.985952	-0.964101	-0.913054	-0.824735	-0.687555	-0.499453	-0.282562	-0.0507351	0.198257	0.458418	0.682744	0.828789	0.89043	0.87592	0.813321	0.724751	0.622273	0.517643	0.40547	0.287024	0.179212	0.093551	0.0329407	-0.0096476	-0.0500279	-0.0945324	-0.13043	-0.154116	-0.171128	-0.171128	
0.802605	0.908828	0.958977	0.947683	0.879975	0.761937	0.604407	0.417399	0.208547	-0.020798	-0.253436	-0.45181	-0.608122	-0.738101	-0.854834	-0.938909	-0.986774	-1.01165	-1.01659	-1.01197	-1.00501	-0.989792	-0.952868	-0.883959	-0.768446	-0.600768	-0.39186	-0.158049	0.1035	0.393066	0.660206	0.860552	0.980568	1.01885	0.992942	0.914508	0.798796	0.662102	0.501325	0.328084	0.173581	0.0558694	-0.0257429	-0.076152	-0.108703	-0.140939	-0.167407	-0.182835	-0.194588	-0.194588	
0.841667	0.976798	1.0613	1.07575	1.01453	0.875372	0.677712	0.446662	0.205657	-0.0428529	-0.288325	-0.501591	-0.671193	-0.805068	-0.908395	-0.968207	-0.999064	-1.01659	-1.02479	-1.02498	-1.01612	-0.998436	-0.963777	-0.908569	-0.820757	-0.680014	-0.4831	-0.245954	0.0299199	0.336312	0.626155	0.864816	1.03798	1.13638	1.15344	1.08388	0.946454	0.76345	0.551933	0.342182	0.162549	0.0280553	-0.063608	-0.121183	-0.154203	-0.177167	-0.192205	-0.202795	-0.215244	-0.215244	
0.874662	1.02155	1.12491	1.15819	1.10091	0.948037	0.724036	0.465684	0.209436	-0.0453004	-0.293964	-0.516731	-0.699344	-0.837518	-0.929891	-0.97484	-0.996132	-1.01197	-1.02498	-1.02751	-1.01878	-0.998216	-0.963115	-0.917483	-0.84808	-0.729339	-0.545232	-0.304359	-0.0163893	0.299837	0.602439	0.865143	1.07361	1.21266	1.25874	1.19441	1.03825	0.822818	0.583359	0.353753	0.158733	0.0145474	-0.0872174	-0.156302	-0.191155	-0.205791	-0.212188	-0.213873	-0.216715	-0.216715	
0.91475	1.05269	1.14885	1.17666	1.11666	0.967077	0.746697	0.491419	0.235256	-0.0204885	-0.265955	-0.489608	-0.674466	-0.814184	-0.90767	-0.956847	-0.985952	-1.00501	-1.01612	-1.01878	-1.01331	-0.997878	-0.969222	-0.923671	-0.852688	-0.737862	-0.5586	-0.319101	-0.0302932	0.286046	0.595029	0.869449	1.08828	1.23762	1.2888	1.22489	1.06976	0.852033	0.606502	0.370328	0.16729	0.0114862	-0.103729	-0.183358	-0.22022	-0.225264	-0.218307	-0.211029	-0.208742	-0.208742	
0.960491	1.0714	1.13661	1.13937	1.0723	0.938465	0.74803	0.522589	0.28186	0.0350984	-0.202115	-0.417913	-0.59612	-0.737633	-0.839855	-0.911955	-0.964101	-0.989792	-0.998436	-0.998216	-0.997878	-0.99536	-0.974035	-0.920401	-0.832545	-0.704977	-0.525852	-0.294064	-0.0137963	0.294341	0.601182	0.874324	1.08441	1.21625	1.24854	1.18217	1.04054	0.84098	0.616846	0.396284	0.191294	0.0197767	-0.112677	-0.203878	-0.241121	-0.233301	-0.212438	-0.197334	-0.189149	-0.189149	
1.00275	1.07165	1.09842	1.07617	1.0036	0.887971	0.733465	0.547327	0.338619	0.116405	-0.102832	-0.306964	-0.483221	-0.626702	-0.739359	-0.837064	-0.913054	-0.952868	-0.963777	-0.963115	-0.969222	-0.974035	-0.954532	-0.890884	-0.783912	-0.643818	-0.466744	-0.240474	0.0317954	0.323813	0.613809	0.868114	1.05196	1.15424	1.16533	1.09492	0.96444	0.790749	0.600432	0.40715	0.216307	0.0433647	-0.101181	-0.205051	-0.248816	-0.236681	-0.204084	-0.175012	-0.154594	-0.154594	
1.02677	1.04724	1.04039	1.00324	0.933752	0.838733	0.715347	0.568885	0.400517	0.218288	0.0311925	-0.161294	-0.340745	-0.492217	-0.615155	-0.728273	-0.824735	-0.883959	-0.908569	-0.917483	-0.923671	-0.920401	-0.890884	-0.81503	-0.698697	-0.55869	-0.386951	-0.165158	0.0936493	0.358778	0.614381	0.832347	0.988651	1.0714	1.06754	0.991785	0.865829	0.70702	0.542391	0.383871	0.2273	0.0723302	-0.0700284	-0.179244	-0.231144	-0.220511	-0.182458	-0.149808	-0.128741	-0.128741	
1.02606	1.00082	0.964304	0.916402	0.857651	0.78685	0.696662	0.587653	0.457518	0.322942	0.176413	0.00917518	-0.167047	-0.326582	-0.455975	-0.578697	-0.687555	-0.768446	-0.820757	-0.84808	-0.852688	-0.832545	-0.783912	-0.698697	-0.584368	-0.449283	-0.283548	-0.0732863	0.161778	0.387422	0.594873	0.775745	0.911267	0.975045	0.95726	0.87665	0.749334	0.600658	0.46137	0.337353	0.216288	0.0882346	-0.0340577	-0.127618	-0.176005	-0.17536	-0.151703	-0.129521	-0.112841	-0.112841	
0.999169	0.935233	0.871957	0.814816	0.766334	0.720248	0.666631	0.592052	0.499439	0.406675	0.306436	0.182376	0.0285588	-0.12201	-0.256367	-0.384532	-0.499453	-0.600768	-0.680014	-0.729339	-0.737862	-0.704977	-0.643818	-0.55869	-0.449283	-0.317744	-0.160881	0.0298606	0.227959	0.405109	0.568557	0.717062	0.826373	0.865948	0.831627	0.741769	0.616296	0.48672	0.374165	0.280753	0.196232	0.102746	0.00733029	-0.070057	-0.117851	-0.127443	-0.112783	-0.0972059	-0.0873871	-0.0873871	
0.944266	0.852449	0.772291	0.712936	0.672917	0.646365	0.619241	0.577607	0.521255	0.466206	0.410818	0.332672	0.221676	0.0958829	-0.0349154	-0.163207	-0.282562	-0.39186	-0.4831	-0.545232	-0.5586	-0.525852	-0.466744	-0.386951	-0.283548	-0.160881	-0.0204149	0.134051	0.279883	0.410784	0.532753	0.644347	0.727541	0.747207	0.701105	0.609223	0.49086	0.377368	0.287954	0.227328	0.180663	0.116601	0.0373851	-0.0311188	-0.075022	-0.0861855	-0.0695046	-0.0458489	-0.0313848	-0.0313848	
0.852909	0.747311	0.660389	0.601446	0.569205	0.550838	0.539536	0.526402	0.509942	0.499776	0.484747	0.451948	0.388451	0.299668	0.188604	0.0668562	-0.0507351	-0.158049	-0.245954	-0.304359	-0.319101	-0.294064	-0.240474	-0.165158	-0.0732863	0.0298606	0.134051	0.229964	0.317493	0.398135	0.470738	0.545118	0.605407	0.618546	0.58509	0.508199	0.401161	0.300846	0.226361	0.1809	0.147545	0.097577	0.0371424	-0.00886426	-0.0342624	-0.0373389	-0.0136561	0.0206993	0.0407403	0.0407403	
0.712898	0.611613	0.520482	0.455725	0.419552	0.401784	0.403768	0.416246	0.445422	0.480529	0.509694	0.521569	0.506418	0.466281	0.391175	0.298219	0.198257	0.1035	0.0299199	-0.0163893	-0.0302932	-0.0137963	0.0317954	0.0936493	0.161778	0.227959	0.279883	0.317493	0.348608	0.37678	0.404149	0.438883	0.4726	0.489728	0.480565	0.431562	0.354635	0.27435	0.199332	0.137251	0.0884053	0.0461198	0.0142908	0.00225785	0.00860973	0.0269032	0.059511	0.0946591	0.111275	0.111275	
0.521151	0.432381	0.339032	0.26098	0.206335	0.18587	0.199578	0.243137	0.311234	0.384638	0.458065	0.517813	0.562597	0.577217	0.556498	0.517477	0.458418	0.393066	0.336312	0.299837	0.286046	0.294341	0.323813	0.358778	0.387422	0.405109	0.410784	0.398135	0.37678	0.363791	0.356215	0.356749	0.366615	0.378712	0.383286	0.367107	0.328137	0.266211	0.185647	0.104173	0.0395338	0.00220649	-0.00730956	0.0108756	0.0479484	0.0850337	0.124912	0.168391	0.194323	0.194323	
0.272097	0.186016	0.0943531	0.00874397	-0.0543022	-0.0756692	-0.047122	0.0283465	0.127335	0.23215	0.339873	0.452236	0.558826	0.628087	0.664791	0.684192	0.682744	0.660206	0.626155	0.602439	0.595029	0.601182	0.613809	0.614381	0.594873	0.568557	0.532753	0.470738	0.404149	0.356215	0.327143	0.311448	0.299314	0.298421	0.30925	0.313634	0.297697	0.249681	0.175674	0.093808	0.0238885	-0.00983358	-0.00470953	0.0268434	0.0740541	0.125586	0.182986	0.242121	0.279028	0.279028	
-0.012598	-0.107625	-0.202213	-0.28139	-0.331343	-0.341779	-0.299769	-0.20805	-0.0869577	0.0397989	0.175599	0.331741	0.488783	0.608696	0.69556	0.769391	0.828789	0.860552	0.864816	0.865143	0.869449	0.874324	0.868114	0.832347	0.775745	0.717062	0.644347	0.545118	0.438883	0.356749	0.311448	0.278988	0.251859	0.251544	0.267046	0.27838	0.272931	0.23726	0.17839	0.104101	0.033648	0.00397599	0.0163782	0.0515987	0.106423	0.173615	0.241717	0.305344	0.348528	0.348528	
-0.298232	-0.403158	-0.504975	-0.57688	-0.608515	-0.596619	-0.546467	-0.45298	-0.325907	-0.181501	-0.0193004	0.165444	0.35628	0.517574	0.653406	0.776302	0.89043	0.980568	1.03798	1.07361	1.08828	1.08441	1.05196	0.988651	0.911267	0.826373	0.727541	0.605407	0.4726	0.366615	0.299314	0.251859	0.230103	0.238391	0.253263	0.264444	0.263563	0.240809	0.19689	0.12982	0.0610837	0.0293859	0.0435507	0.0907815	0.160082	0.236599	0.304787	0.363189	0.404734	0.404734	
-0.574387	-0.679053	-0.774449	-0.842001	-0.860827	-0.830127	-0.766616	-0.670729	-0.546354	-0.389815	-0.211947	-0.0153007	0.18367	0.372046	0.551481	0.716946	0.87592	1.01885	1.13638	1.21266	1.23762	1.21625	1.15424	1.0714	0.975045	0.865948	0.747207	0.618546	0.489728	0.378712	0.298421	0.251544	0.238391	0.245248	0.255064	0.267183	0.27481	0.264725	0.227402	0.162017	0.0934334	0.0609476	0.0839401	0.14481	0.220049	0.302961	0.378848	0.434627	0.468286	0.468286	
-0.82686	-0.92154	-0.99577	-1.04779	-1.05651	-1.01841	-0.937515	-0.830884	-0.701592	-0.543999	-0.367011	-0.177826	0.0106209	0.213344	0.424025	0.62403	0.813321	0.992942	1.15344	1.25874	1.2888	1.24854	1.16533	1.06754	0.95726	0.831627	0.701105	0.58509	0.480565	0.383286	0.30925	0.267046	0.253263	0.255064	0.26821	0.292212	0.308467	0.299144	0.256041	0.188449	0.127653	0.104745	0.133095	0.197772	0.279484	0.372901	0.461357	0.528531	0.568937	0.568937	
-1.03541	-1.11711	-1.16687	-1.18707	-1.17658	-1.12864	-1.03608	-0.914207	-0.771131	-0.618192	-0.45626	-0.291867	-0.120702	0.0843391	0.307697	0.524178	0.724751	0.914508	1.08388	1.19441	1.22489	1.18217	1.09492	0.991785	0.87665	0.741769	0.609223	0.508199	0.431562	0.367107	0.313634	0.27838	0.264444	0.267183	0.292212	0.324823	0.337896	0.322451	0.274234	0.212811	0.169101	0.153225	0.177356	0.246032	0.342043	0.452329	0.563175	0.650912	0.698125	0.698125	
-1.18334	-1.24752	-1.26747	-1.25053	-1.2079	-1.1379	-1.03956	-0.911239	-0.763239	-0.617821	-0.478384	-0.347219	-0.195122	0.000362662	0.216179	0.429115	0.622273	0.798796	0.946454	1.03825	1.06976	1.04054	0.96444	0.865829	0.749334	0.616296	0.49086	0.401161	0.354635	0.328137	0.297697	0.272931	0.263563	0.27481	0.308467	0.337896	0.345597	0.32718	0.279066	0.228522	0.20011	0.195538	0.228943	0.308896	0.419695	0.548334	0.681166	0.783839	0.831892	0.831892	
-1.2581	-1.2985	-1.28166	-1.2303	-1.15484	-1.06117	-0.957596	-0.836712	-0.703752	-0.569723	-0.449489	-0.342294	-0.205961	-0.0320886	0.161058	0.350411	0.517643	0.662102	0.76345	0.822818	0.852033	0.84098	0.790749	0.70702	0.600658	0.48672	0.377368	0.300846	0.27435	0.266211	0.249681	0.23726	0.240809	0.264725	0.299144	0.322451	0.32718	0.305708	0.261855	0.22693	0.221766	0.245132	0.297561	0.389076	0.517708	0.660975	0.79652	0.898538	0.9467	0.9467	
-1.24912	-1.26225	-1.21088	-1.12661	-1.02573	-0.918247	-0.809498	-0.703189	-0.59703	-0.481895	-0.376364	-0.276261	-0.157861	-0.0191893	0.133827	0.278214	0.40547	0.501325	0.551933	0.583359	0.606502	0.616846	0.600432	0.542391	0.46137	0.374165	0.287954	0.226361	0.199332	0.185647	0.175674	0.17839	0.19689	0.227402	0.256041	0.274234	0.279066	0.261855	0.236541	0.230563	0.253227	0.301002	0.371917	0.477834	0.619032	0.765132	0.890507	0.979612	1.02121	1.02121	
-1.14981	-1.1334	-1.05902	-0.950248	-0.834161	-0.723694	-0.616576	-0.526146	-0.444678	-0.357669	-0.265262	-0.165984	-0.0698358	0.0250745	0.120117	0.209844	0.287024	0.328084	0.342182	0.353753	0.370328	0.396284	0.40715	0.383871	0.337353	0.280753	0.227328	0.1809	0.137251	0.104173	0.093808	0.104101	0.12982	0.162017	0.188449	0.212811	0.228522	0.22693	0.230563	0.250724	0.286243	0.352526	0.449494	0.564935	0.6959	0.826097	0.932375	1.00887	1.05234	1.05234	
-0.973966	-0.928961	-0.841943	-0.725122	-0.60647	-0.498766	-0.403051	-0.325615	-0.261714	-0.202275	-0.124083	-0.0329762	0.0424049	0.0905524	0.123927	0.158592	0.179212	0.173581	0.162549	0.158733	0.16729	0.191294	0.216307	0.2273	0.216288	0.196232	0.180663	0.147545	0.0884053	0.0395338	0.0238885	0.033648	0.0610837	0.0934334	0.127653	0.169101	0.20011	0.221766	0.253227	0.286243	0.330671	0.412539	0.514402	0.6146	0.723714	0.83457	0.917693	0.972113	1.0066	1.0066	
-0.746899	-0.684275	-0.589097	-0.473503	-0.358621	-0.255687	-0.174749	-0.107837	-0.0574788	-0.0164609	0.0393198	0.108562	0.158026	0.161787	0.143205	0.123087	0.093551	0.0558694	0.0280553	0.0145474	0.0114862	0.0197767	0.0433647	0.0723302	0.0882346	0.102746	0.116601	0.097577	0.0461198	0.00220649	-0.00983358	0.00397599	0.0293859	0.0609476	0.104745	0.153225	0.195538	0.245132	0.301002	0.352526	0.412539	0.480489	0.546442	0.620676	0.70594	0.7841	0.834636	0.853078	0.854739	0.854739	
-0.492123	-0.426	-0.329582	-0.218323	-0.106717	-0.0109144	0.0577781	0.111125	0.150234	0.179451	0.207969	0.243227	0.255834	0.226479	0.167971	0.100006	0.0329407	-0.0257429	-0.063608	-0.0872174	-0.103729	-0.112677	-0.101181	-0.0700284	-0.0340577	0.00733029	0.0373851	0.0371424	0.0142908	-0.00730956	-0.00470953	0.0163782	0.0435507	0.0839401	0.133095	0.177356	0.228943	0.297561	0.371917	0.449494	0.514402	0.546442	0.574491	0.619943	0.652062	0.656184	0.647865	0.63271	0.617168	0.617168	
-0.22205	-0.152349	-0.0657764	0.0321473	0.133716	0.215487	0.268946	0.300189	0.323326	0.337911	0.341678	0.33468	0.308659	0.25875	0.177186	0.0807492	-0.0096476	-0.076152	-0.121183	-0.156302	-0.183358	-0.203878	-0.205051	-0.179244	-0.127618	-0.070057	-0.0311188	-0.00886426	0.00225785	0.0108756	0.0268434	0.0515987	0.0907815	0.14481	0.197772	0.246032	0.308896	0.389076	0.477834	0.564935	0.6146	0.620676	0.619943	0.605224	0.548292	0.466382	0.388273	0.327783	0.295346	0.295346	
0.0553549	0.137286	0.207887	0.28053	0.354363	0.409402	0.43668	0.437934	0.432201	0.423078	0.400352	0.350539	0.291776	0.227304	0.143436	0.0418228	-0.0500279	-0.108703	-0.154203	-0.191155	-0.22022	-0.241121	-0.248816	-0.231144	-0.176005	-0.117851	-0.075022	-0.0342624	0.00860973	0.0479484	0.0740541	0.106423	0.160082	0.220049	0.279484	0.342043	0.419695	0.517708	0.619032	0.6959	0.723714	0.70594	0.652062	0.548292	0.402881	0.249488	0.103872	-0.0184809	-0.0883622	-0.0883622	
0.319591	0.413046	0.468369	0.508032	0.537298	0.551724	0.544145	0.514823	0.474917	0.435875	0.382541	0.301792	0.217995	0.143597	0.0679605	-0.0207918	-0.0945324	-0.140939	-0.177167	-0.205791	-0.225264	-0.233301	-0.236681	-0.220511	-0.17536	-0.127443	-0.0861855	-0.0373389	0.0269032	0.0850337	0.125586	0.173615	0.236599	0.302961	0.372901	0.452329	0.548334	0.660975	0.765132	0.826097	0.83457	0.7841	0.656184	0.466382	0.249488	0.0200286	-0.197196	-0.362704	-0.451558	-0.451558	
0.55128	0.64879	0.69105	0.694356	0.671562	0.635994	0.590314	0.533823	0.466266	0.395685	0.313228	0.21786	0.12211	0.0451831	-0.020441	-0.0823719	-0.13043	-0.167407	-0.192205	-0.212188	-0.218307	-0.212438	-0.204084	-0.182458	-0.151703	-0.112783	-0.0695046	-0.0136561	0.059511	0.124912	0.182986	0.241717	0.304787	0.378848	0.461357	0.563175	0.681166	0.79652	0.890507	0.932375	0.917693	0.834636	0.647865	0.388273	0.103872	-0.197196	-0.469388	-0.656319	-0.749648	-0.749648	
0.72374	0.820931	0.854081	0.827054	0.759619	0.67858	0.600013	0.523687	0.439595	0.342117	0.237011	0.135865	0.0409933	-0.037323	-0.0939851	-0.12763	-0.154116	-0.182835	-0.202795	-0.213873	-0.211029	-0.197334	-0.175012	-0.149808	-0.129521	-0.0972059	-0.0458489	0.0206993	0.0946591	0.168391	0.242121	0.305344	0.363189	0.434627	0.528531	0.650912	0.783839	0.898538	0.979612	1.00887	0.972113	0.853078	0.63271	0.327783	-0.0184809	-0.362704	-0.656319	-0.863365	-0.970709	-0.970709	
0.808897	0.905078	0.934897	0.89318	0.802234	0.696341	0.600553	0.516105	0.426265	0.314406	0.196628	0.0921997	0.000916427	-0.0824392	-0.135205	-0.154744	-0.171128	-0.194588	-0.215244	-0.216715	-0.208742	-0.189149	-0.154594	-0.128741	-0.112841	-0.0873871	-0.0313848	0.0407403	0.111275	0.194323	0.279028	0.348528	0.404734	0.468286	0.568937	0.698125	0.831892	0.9467	1.02121	1.05234	1.0066	0.854739	0.617168	0.295346	-0.0883622	-0.451558	-0.749648	-0.970709	-1.08677	-1.08677	
0.808897	0.905078	0.934897	0.89318	0.802234	0.696341	0.600553	0.516105	0.426265	0.314406	0.196628	0.0921997	0.000916427	-0.0824392	-0.135205	-0.154744	-0.171128	-0.194588	-0.215244	-0.216715	-0.208742	-0.189149	-0.154594	-0.128741	-0.112841	-0.0873871	-0.0313848	0.0407403	0.111275	0.194323	0.279028	0.348528	0.404734	0.468286	0.568937	0.698125	0.831892	0.9467	1.02121	1.05234	1.0066	0.854739	0.617168	0.295346	-0.0883622	-0.451558	-0.749648	-0.970709	-1.08677	-1.08677	
