2.91738e-09	3.08316e-10	2.91637e-11	2.48115e-12	1.90717e-13	1.33006e-14	8.4483e-16	4.90496e-17	2.61155e-18	1.27902e-19	5.77825e-21	2.41425e-22	9.35156e-24	3.36569e-25	1.12787e-26	3.52594e-28	1.03017e-29	2.81764e-31	7.22589e-33	1.74004e-34	3.93991e-36	8.39898e-38	1.68772e-39	3.20033e-41	5.73277e-43	9.71041e-45	1.55673e-46	2.3641e-48	3.40364e-50	4.64917e-52	6.02928e-54	7.42848e-56	8.70049e-58	9.69268e-60	1.02761e-61	1.03732e-63	9.97448e-66	9.13988e-68	7.98415e-70	6.65126e-72	5.28568e-74	4.00812e-76	2.90089e-78	2.0043e-80	1.32226e-82	8.33023e-85	5.01231e-87	2.8807e-89	1.58976e-91	1.58976e-91	
3.08316e-10	3.08172e-11	2.76456e-12	2.23609e-13	1.63771e-14	1.09041e-15	6.62419e-17	3.68419e-18	1.88182e-19	8.85324e-21	3.84665e-22	1.54741e-23	5.77659e-25	2.00549e-26	6.48812e-28	1.95965e-29	5.53546e-31	1.4647e-32	3.63599e-34	8.47988e-36	1.86047e-37	3.8447e-39	7.4922e-41	1.37827e-42	2.39597e-44	3.93969e-46	6.13282e-48	9.04566e-50	1.26514e-51	1.67908e-53	2.11609e-55	2.53397e-57	2.88487e-59	3.12427e-61	3.22023e-63	3.16042e-65	2.95467e-67	2.63238e-69	2.23574e-71	1.81078e-73	1.39897e-75	1.03125e-77	7.2548e-80	4.8717e-82	3.12319e-84	1.91177e-86	1.11747e-88	6.23772e-91	3.34217e-93	3.34217e-93	
2.91637e-11	2.76456e-12	2.35773e-13	1.81693e-14	1.27034e-15	8.08864e-17	4.70673e-18	2.51107e-19	1.23196e-20	5.57371e-22	2.33142e-23	9.0379e-25	3.25428e-26	1.09064e-27	3.40871e-29	9.95314e-31	2.7197e-32	6.96552e-34	1.67454e-35	3.7839e-37	8.0472e-39	1.61261e-40	3.04848e-42	5.44202e-44	9.18308e-46	1.46611e-47	2.21651e-49	3.17574e-51	4.31541e-53	5.5655e-55	6.81673e-57	7.93418e-59	8.78067e-61	9.24444e-63	9.26342e-65	8.83881e-67	8.03387e-69	6.95869e-71	5.74576e-73	4.52394e-75	3.39745e-77	2.43421e-79	1.66426e-81	1.08598e-83	6.76413e-86	4.02203e-88	2.28325e-90	1.23753e-92	6.43571e-95	6.43571e-95	
2.48115e-12	2.23609e-13	1.81693e-14	1.33661e-15	8.93658e-17	5.45005e-18	3.04192e-19	1.55869e-20	7.35343e-22	3.20259e-23	1.29085e-24	4.82628e-26	1.67746e-27	5.43076e-29	1.64078e-30	4.63424e-32	1.22561e-33	3.03968e-35	7.07984e-37	1.55066e-38	3.19775e-40	6.21605e-42	1.14024e-43	1.97576e-45	3.23698e-47	5.01881e-49	7.37022e-51	1.02592e-52	1.35463e-54	1.69783e-56	2.02118e-58	2.28672e-60	2.46008e-62	2.51789e-64	2.45286e-66	2.27533e-68	2.01057e-70	1.69298e-72	1.35887e-74	1.03997e-76	7.59082e-79	5.28539e-81	3.51127e-83	2.22596e-85	1.34675e-87	7.77694e-90	4.28656e-92	2.25525e-94	1.13799e-96	1.13799e-96	
1.90717e-13	1.63771e-14	1.27034e-15	8.93658e-17	5.72273e-18	3.34751e-19	1.79442e-20	8.84115e-22	4.01498e-23	1.68488e-24	6.54955e-26	2.36363e-27	7.93555e-29	2.4834e-30	7.25731e-32	1.98379e-33	5.08031e-35	1.22068e-36	2.75566e-38	5.85226e-40	1.17063e-41	2.20799e-43	3.93118e-45	6.61333e-47	1.05218e-48	1.58457e-50	2.26065e-52	3.0576e-54	3.92338e-56	4.77922e-58	5.53011e-60	6.08185e-62	6.36049e-64	6.32859e-66	5.99345e-68	5.40476e-70	4.64263e-72	3.80002e-74	2.96462e-76	2.2051e-78	1.5641e-80	1.05818e-82	6.82946e-85	4.20532e-87	2.47082e-89	1.38529e-91	7.4115e-94	3.78391e-96	1.852e-98	1.852e-98	
1.33006e-14	1.09041e-15	8.08864e-17	5.45005e-18	3.34751e-19	1.88057e-20	9.69292e-22	4.59697e-23	2.01144e-24	8.14043e-26	3.05423e-27	1.06466e-28	3.45506e-30	1.0458e-31	2.95767e-33	7.82845e-35	1.94218e-36	4.52287e-38	9.89983e-40	2.03927e-41	3.9579e-43	7.24557e-45	1.2524e-46	2.04593e-48	3.16161e-50	4.62547e-52	6.41173e-54	8.42718e-56	1.05093e-57	1.24428e-59	1.39951e-61	1.49618e-63	1.52109e-65	1.47126e-67	1.35448e-69	1.18733e-71	9.91372e-74	7.88682e-76	5.97982e-78	4.32216e-80	2.97872e-82	1.95771e-84	1.22722e-86	7.33827e-89	4.18597e-91	2.27797e-93	1.18263e-95	5.85717e-98	2.77964e-100	2.77964e-100	
8.4483e-16	6.62419e-17	4.70673e-18	3.04192e-19	1.79442e-20	9.69292e-22	4.80892e-23	2.19744e-24	9.27252e-26	3.62194e-27	1.31259e-28	4.42253e-30	1.3881e-31	4.06608e-33	1.11345e-34	2.85499e-36	6.86465e-38	1.54995e-39	3.29056e-41	6.57659e-43	1.23881e-44	2.20164e-46	3.69534e-48	5.86321e-50	8.80172e-52	1.25113e-53	1.68527e-55	2.15265e-57	2.60917e-59	3.00275e-61	3.28299e-63	3.41176e-65	3.37177e-67	3.17026e-69	2.83705e-71	2.4173e-73	1.96167e-75	1.51664e-77	1.1174e-79	7.84698e-82	5.25344e-84	3.3535e-86	2.04135e-88	1.18505e-90	6.56116e-93	3.4646e-95	1.7448e-97	8.37983e-100	3.85454e-102	3.85454e-102	
4.90496e-17	3.68419e-18	2.51107e-19	1.55869e-20	8.84115e-22	4.59697e-23	2.19744e-24	9.68345e-26	3.94374e-27	1.48791e-28	5.21179e-30	1.69836e-31	5.15863e-33	1.4631e-34	3.88119e-36	9.64467e-38	2.24837e-39	4.92373e-41	1.01419e-42	1.96722e-44	3.59733e-46	6.20796e-48	1.012e-49	1.55979e-51	2.27497e-53	3.14229e-55	4.1134e-57	5.10663e-59	6.01621e-61	6.73009e-63	7.15262e-65	7.22558e-67	6.94134e-69	6.34393e-71	5.51803e-73	4.5695e-75	3.60367e-77	2.70727e-79	1.93789e-81	1.32198e-83	8.59586e-86	5.32819e-88	3.14874e-90	1.77413e-92	9.53104e-95	4.88195e-97	2.3841e-99	1.10994e-101	4.94648e-104	4.94648e-104	
2.61155e-18	1.88182e-19	1.23196e-20	7.35343e-22	4.01498e-23	2.01144e-24	9.27252e-26	3.94374e-27	1.55135e-28	5.65714e-30	1.91648e-31	6.04358e-33	1.77736e-34	4.88317e-36	1.25539e-37	3.02452e-39	6.83842e-41	1.45294e-42	2.90447e-44	5.46911e-46	9.71099e-48	1.6276e-49	2.57735e-51	3.85947e-53	5.46971e-55	7.34202e-57	9.34093e-59	1.12713e-60	1.29073e-62	1.40352e-64	1.44995e-66	1.42378e-68	1.32948e-70	1.18098e-72	9.98344e-75	8.03409e-77	6.15651e-79	4.49348e-81	3.12445e-83	2.07006e-85	1.307e-87	7.8649e-90	4.51097e-92	2.46616e-94	1.28513e-96	6.38306e-99	3.02159e-101	1.36307e-103	5.88285e-106	5.88285e-106	
1.27902e-19	8.85324e-21	5.57371e-22	3.20259e-23	1.68488e-24	8.14043e-26	3.62194e-27	1.48791e-28	5.65714e-30	1.99517e-31	6.54078e-33	1.99707e-34	5.6893e-36	1.51482e-37	3.77563e-39	8.82231e-41	1.93526e-42	3.99043e-44	7.74368e-46	1.41583e-47	2.44154e-49	3.97499e-51	6.11539e-53	8.89814e-55	1.22548e-56	1.59872e-58	1.97692e-60	2.31867e-62	2.58094e-64	2.72799e-66	2.73938e-68	2.61459e-70	2.3729e-72	2.04854e-74	1.68286e-76	1.31588e-78	9.79646e-81	6.94548e-83	4.69029e-85	3.01737e-87	1.84944e-89	1.08012e-91	6.01092e-94	3.18753e-96	1.61065e-98	7.75443e-101	3.55679e-103	1.55404e-105	6.49232e-108	6.49232e-108	
5.77825e-21	3.84665e-22	2.33142e-23	1.29085e-24	6.54955e-26	3.05423e-27	1.31259e-28	5.21179e-30	1.91648e-31	6.54078e-33	2.07612e-34	6.14041e-36	1.69526e-37	4.37611e-39	1.05785e-40	2.39812e-42	5.10519e-44	1.02187e-45	1.92544e-47	3.41895e-49	5.72705e-51	9.05852e-53	1.35413e-54	1.9147e-56	2.56281e-58	3.24951e-60	3.90567e-62	4.45263e-64	4.8176e-66	4.94954e-68	4.83089e-70	4.48137e-72	3.95262e-74	3.31595e-76	2.64678e-78	2.01064e-80	1.454e-82	1.00115e-84	6.56457e-87	4.09966e-89	2.43874e-91	1.38191e-93	7.45945e-96	3.83561e-98	1.87863e-100	8.76361e-103	3.89318e-105	1.64675e-107	6.65609e-110	6.65609e-110	
2.41425e-22	1.54741e-23	9.0379e-25	4.82628e-26	2.36363e-27	1.06466e-28	4.42253e-30	1.69836e-31	6.04358e-33	1.99707e-34	6.14041e-36	1.76001e-37	4.71087e-39	1.17939e-40	2.76595e-42	6.08516e-44	1.25751e-45	2.44398e-47	4.47229e-49	7.71387e-51	1.25534e-52	1.92929e-54	2.8026e-56	3.85127e-58	5.01015e-60	6.17456e-62	7.21355e-64	7.99356e-66	8.40655e-68	8.39462e-70	7.96323e-72	7.17902e-74	6.15307e-76	5.01551e-78	3.88925e-80	2.86982e-82	2.01548e-84	1.34747e-86	8.57697e-89	5.19846e-91	3.00034e-93	1.64906e-95	8.63118e-98	4.30181e-100	2.04147e-102	9.22344e-105	3.96668e-107	1.62351e-109	6.34553e-112	6.34553e-112	
9.35156e-24	5.77659e-25	3.25428e-26	1.67746e-27	7.93555e-29	3.45506e-30	1.3881e-31	5.15863e-33	1.77736e-34	5.6893e-36	1.69526e-37	4.71087e-39	1.2229e-40	2.97029e-42	6.76026e-44	1.44373e-45	2.89686e-47	5.46773e-49	9.71883e-51	1.62856e-52	2.57512e-54	3.84584e-56	5.4294e-58	7.25141e-60	9.16895e-62	1.09834e-63	1.24722e-65	1.34337e-67	1.37315e-69	1.33266e-71	1.22856e-73	1.07626e-75	8.96276e-78	7.09744e-80	5.34588e-82	3.83087e-84	2.61229e-86	1.69536e-88	1.0473e-90	6.15867e-93	3.44768e-95	1.83736e-97	9.32129e-100	4.5013e-102	2.06886e-104	9.04874e-107	3.76547e-109	1.49045e-111	5.63001e-114	5.63001e-114	
3.36569e-25	2.00549e-26	1.09064e-27	5.43076e-29	2.4834e-30	1.0458e-31	4.06608e-33	1.4631e-34	4.88317e-36	1.51482e-37	4.37611e-39	1.17939e-40	2.97029e-42	7.00138e-44	1.54683e-45	3.20749e-47	6.25024e-49	1.14591e-50	1.97879e-52	3.22176e-54	4.9504e-56	7.18503e-58	9.85858e-60	1.27977e-61	1.57284e-63	1.83132e-65	2.02128e-67	2.11601e-69	2.10211e-71	1.98264e-73	1.77608e-75	1.51174e-77	1.22301e-79	9.40705e-82	6.88106e-84	4.78772e-86	3.16921e-88	1.99609e-90	1.19636e-92	6.82361e-95	3.70384e-97	1.91321e-99	9.40416e-102	4.39823e-104	1.95692e-106	8.28175e-109	3.33289e-111	1.2751e-113	4.65207e-116	4.65207e-116	
1.12787e-26	6.48812e-28	3.40871e-29	1.64078e-30	7.25731e-32	2.95767e-33	1.11345e-34	3.88119e-36	1.25539e-37	3.77563e-39	1.05785e-40	2.76595e-42	6.76026e-44	1.54683e-45	3.31819e-47	6.6821e-49	1.26478e-50	2.25274e-52	3.77976e-54	5.98009e-56	8.9299e-58	1.25967e-59	1.67991e-61	2.11961e-63	2.53203e-65	2.86549e-67	3.07397e-69	3.12755e-71	3.01941e-73	2.76725e-75	2.40855e-77	1.99158e-79	1.56499e-81	1.169e-83	8.3025e-86	5.60759e-88	3.60233e-90	2.20129e-92	1.27965e-94	7.07685e-97	3.7232e-99	1.86337e-101	8.87049e-104	4.01609e-106	1.72897e-108	7.07616e-111	2.75243e-113	1.01719e-115	3.58204e-118	3.58204e-118	
3.52594e-28	1.95965e-29	9.95314e-31	4.63424e-32	1.98379e-33	7.82845e-35	2.85499e-36	9.64467e-38	3.02452e-39	8.82231e-41	2.39812e-42	6.08516e-44	1.44373e-45	3.20749e-47	6.6821e-49	1.30706e-50	2.40348e-52	4.15945e-54	6.78169e-56	1.04273e-57	1.51332e-59	2.07482e-61	2.68945e-63	3.2983e-65	3.82959e-67	4.21227e-69	4.39165e-71	4.34219e-73	4.07346e-75	3.62723e-77	3.06695e-79	2.46323e-81	1.87973e-83	1.36329e-85	9.39878e-88	6.16056e-90	3.83963e-92	2.2757e-94	1.28268e-96	6.87546e-99	3.50466e-101	1.6987e-103	7.82814e-106	3.42924e-108	1.42771e-110	5.64766e-113	2.12199e-115	7.57016e-118	2.57133e-120	2.57133e-120	
1.03017e-29	5.53546e-31	2.7197e-32	1.22561e-33	5.08031e-35	1.94218e-36	6.86465e-38	2.24837e-39	6.83842e-41	1.93526e-42	5.10519e-44	1.25751e-45	2.89686e-47	6.25024e-49	1.26478e-50	2.40348e-52	4.29423e-54	7.22153e-56	1.14425e-57	1.70991e-59	2.41196e-61	3.2142e-63	4.04956e-65	4.82706e-67	5.44724e-69	5.82303e-71	5.89977e-73	5.66826e-75	5.16638e-77	4.4691e-79	3.67034e-81	2.86271e-83	2.12107e-85	1.49325e-87	9.99071e-90	6.35337e-92	3.84062e-94	2.20706e-96	1.20573e-98	6.26176e-101	3.09119e-103	1.45039e-105	6.46709e-108	2.73971e-110	1.10245e-112	4.2125e-115	1.52788e-117	5.25801e-120	1.72136e-122	1.72136e-122	
2.81764e-31	1.4647e-32	6.96552e-34	3.03968e-35	1.22068e-36	4.52287e-38	1.54995e-39	4.92373e-41	1.45294e-42	3.99043e-44	1.02187e-45	2.44398e-47	5.46773e-49	1.14591e-50	2.25274e-52	4.15945e-54	7.22153e-56	1.18022e-57	1.81749e-59	2.63974e-61	3.61918e-63	4.68775e-65	5.74044e-67	6.65044e-69	7.29375e-71	7.57698e-73	7.45957e-75	6.9632e-77	6.16547e-79	5.18025e-81	4.1315e-83	3.1287e-85	2.25022e-87	1.53738e-89	9.97927e-92	6.15506e-94	3.60755e-96	2.00934e-98	1.06354e-100	5.3491e-103	2.55621e-105	1.16047e-107	5.00392e-110	2.04887e-112	7.96379e-115	2.93745e-117	1.02775e-119	3.4093e-122	1.07488e-124	1.07488e-124	
7.22589e-33	3.63599e-34	1.67454e-35	7.07984e-37	2.75566e-38	9.89983e-40	3.29056e-41	1.01419e-42	2.90447e-44	7.74368e-46	1.92544e-47	4.47229e-49	9.71883e-51	1.97879e-52	3.77976e-54	6.78169e-56	1.14425e-57	1.81749e-59	2.72031e-61	3.84024e-63	5.1175e-65	6.44254e-67	7.66775e-69	8.63332e-71	9.20132e-73	9.28807e-75	8.88426e-77	8.05628e-79	6.92853e-81	5.65322e-83	4.37758e-85	3.2179e-87	2.24599e-89	1.48873e-91	9.37257e-94	5.60497e-96	3.18405e-98	1.71823e-100	8.80762e-103	4.28817e-105	1.98273e-107	8.70464e-110	3.62772e-112	1.43478e-114	5.3834e-117	1.91546e-119	6.45999e-122	2.06397e-124	6.26139e-127	6.26139e-127	
1.74004e-34	8.47988e-36	3.7839e-37	1.55066e-38	5.85226e-40	2.03927e-41	6.57659e-43	1.96722e-44	5.46911e-46	1.41583e-47	3.41895e-49	7.71387e-51	1.62856e-52	3.22176e-54	5.98009e-56	1.04273e-57	1.70991e-59	2.63974e-61	3.84024e-63	5.26926e-65	6.82486e-67	8.35067e-69	9.65909e-71	1.05686e-72	1.09451e-74	1.07342e-76	9.97433e-79	8.78506e-81	7.33702e-83	5.81238e-85	4.36891e-87	3.11662e-89	2.11043e-91	1.35675e-93	8.28175e-96	4.80022e-98	2.64196e-100	1.38072e-102	6.85115e-105	3.22738e-107	1.44307e-109	6.12323e-112	2.46495e-114	9.41074e-117	3.40611e-119	1.16819e-121	3.79459e-124	1.16669e-126	3.40239e-129	3.40239e-129	
3.93991e-36	1.86047e-37	8.0472e-39	3.19775e-40	1.17063e-41	3.9579e-43	1.23881e-44	3.59733e-46	9.71099e-48	2.44154e-49	5.72705e-51	1.25534e-52	2.57512e-54	4.9504e-56	8.9299e-58	1.51332e-59	2.41196e-61	3.61918e-63	5.1175e-65	6.82486e-67	8.59145e-69	1.02164e-70	1.14837e-72	1.22093e-74	1.22848e-76	1.17041e-78	1.05632e-80	9.03494e-83	7.3262e-85	5.63368e-87	4.10944e-89	2.84409e-91	1.86788e-93	1.16428e-95	6.88814e-98	3.86809e-100	2.06175e-102	1.04303e-104	5.00754e-107	2.28116e-109	9.8582e-112	4.04048e-114	1.57008e-116	5.78228e-119	2.0173e-121	6.66372e-124	2.08296e-126	6.15718e-129	1.7244e-131	1.7244e-131	
8.39898e-38	3.8447e-39	1.61261e-40	6.21605e-42	2.20799e-43	7.24557e-45	2.20164e-46	6.20796e-48	1.6276e-49	3.97499e-51	9.05852e-53	1.92929e-54	3.84584e-56	7.18503e-58	1.25967e-59	2.07482e-61	3.2142e-63	4.68775e-65	6.44254e-67	8.35067e-69	1.02164e-70	1.18059e-72	1.28947e-74	1.33198e-76	1.30194e-78	1.20477e-80	1.05592e-82	8.76869e-85	6.90186e-87	5.1505e-89	3.64493e-91	2.44663e-93	1.55794e-95	9.41196e-98	5.39483e-100	2.93391e-102	1.51379e-104	7.40956e-107	3.44006e-109	1.5146e-111	6.32237e-114	2.50136e-116	9.37614e-119	3.32841e-121	1.1184e-123	3.55512e-126	1.06839e-128	3.03319e-131	8.14911e-134	8.14911e-134	
1.68772e-39	7.4922e-41	3.04848e-42	1.14024e-43	3.93118e-45	1.2524e-46	3.69534e-48	1.012e-49	2.57735e-51	6.11539e-53	1.35413e-54	2.8026e-56	5.4294e-58	9.85858e-60	1.67991e-61	2.68945e-63	4.04956e-65	5.74044e-67	7.66775e-69	9.65909e-71	1.14837e-72	1.28947e-74	1.36836e-76	1.37309e-78	1.30358e-80	1.17143e-82	9.96828e-85	8.03532e-87	6.13766e-89	4.4436e-91	3.04994e-93	1.98493e-95	1.22503e-97	7.17018e-100	3.98016e-102	2.0953e-104	1.046e-106	4.9511e-109	2.22165e-111	9.44814e-114	3.80703e-116	1.45291e-118	5.24955e-121	1.79482e-123	5.80351e-126	1.7736e-128	5.11917e-131	1.39435e-133	3.58942e-136	3.58942e-136	
3.20033e-41	1.37827e-42	5.44202e-44	1.97576e-45	6.61333e-47	2.04593e-48	5.86321e-50	1.55979e-51	3.85947e-53	8.89814e-55	1.9147e-56	3.85127e-58	7.25141e-60	1.27977e-61	2.11961e-63	3.2983e-65	4.82706e-67	6.65044e-69	8.63332e-71	1.05686e-72	1.22093e-74	1.33198e-76	1.37309e-78	1.33827e-80	1.23381e-82	1.07648e-84	8.89167e-87	6.95559e-89	5.15444e-91	3.61934e-93	2.40857e-95	1.51926e-97	9.08422e-100	5.14921e-102	2.76686e-104	1.40929e-106	6.80341e-109	3.1124e-111	1.34898e-113	5.53776e-116	2.15244e-118	7.91801e-121	2.75539e-123	9.06546e-126	2.81816e-128	8.27177e-131	2.29055e-133	5.97861e-136	1.47279e-138	1.47279e-138	
5.73277e-43	2.39597e-44	9.18308e-46	3.23698e-47	1.05218e-48	3.16161e-50	8.80172e-52	2.27497e-53	5.46971e-55	1.22548e-56	2.56281e-58	5.01015e-60	9.16895e-62	1.57284e-63	2.53203e-65	3.82959e-67	5.44724e-69	7.29375e-71	9.20132e-73	1.09451e-74	1.22848e-76	1.30194e-78	1.30358e-80	1.23381e-82	1.1044e-84	9.3532e-87	7.49734e-89	5.6899e-91	4.08948e-93	2.78413e-95	1.79572e-97	1.09739e-99	6.35459e-102	3.48671e-104	1.81271e-106	8.92852e-109	4.16585e-111	1.84081e-113	7.70149e-116	3.04971e-118	1.14258e-120	4.04813e-123	1.35559e-125	4.28785e-128	1.28021e-130	3.60506e-133	9.56623e-136	2.38965e-138	5.62552e-141	5.62552e-141	
9.71041e-45	3.93969e-46	1.46611e-47	5.01881e-49	1.58457e-50	4.62547e-52	1.25113e-53	3.14229e-55	7.34202e-57	1.59872e-58	3.24951e-60	6.17456e-62	1.09834e-63	1.83132e-65	2.86549e-67	4.21227e-69	5.82303e-71	7.57698e-73	9.28807e-75	1.07342e-76	1.17041e-78	1.20477e-80	1.17143e-82	1.07648e-84	9.3532e-87	7.68706e-89	5.97797e-91	4.40015e-93	3.06622e-95	2.02322e-97	1.26428e-99	7.48231e-102	4.19406e-104	2.22653e-106	1.11938e-108	5.32877e-111	2.40152e-113	1.02434e-115	4.13396e-118	1.5779e-120	5.69363e-123	1.94117e-125	6.24944e-128	1.89853e-130	5.43821e-133	1.46748e-135	3.72677e-138	8.89727e-141	1.99856e-143	1.99856e-143	
1.55673e-46	6.13282e-48	2.21651e-49	7.37022e-51	2.26065e-52	6.41173e-54	1.68527e-55	4.1134e-57	9.34093e-59	1.97692e-60	3.90567e-62	7.21355e-64	1.24722e-65	2.02128e-67	3.07397e-69	4.39165e-71	5.89977e-73	7.45957e-75	8.88426e-77	9.97433e-79	1.05632e-80	1.05592e-82	9.96828e-85	8.89167e-87	7.49734e-89	5.97797e-91	4.50882e-93	3.21772e-95	2.17321e-97	1.38929e-99	8.40737e-102	4.81646e-104	2.61211e-106	1.34098e-108	6.51582e-111	2.99607e-113	1.30336e-115	5.36263e-118	2.08606e-120	7.66871e-123	2.66279e-125	8.72797e-128	2.6987e-130	7.8655e-133	2.15898e-135	5.57563e-138	1.35327e-140	3.08309e-143	6.59726e-146	6.59726e-146	
2.3641e-48	9.04566e-50	3.17574e-51	1.02592e-52	3.0576e-54	8.42718e-56	2.15265e-57	5.10663e-59	1.12713e-60	2.31867e-62	4.45263e-64	7.99356e-66	1.34337e-67	2.11601e-69	3.12755e-71	4.34219e-73	5.66826e-75	6.9632e-77	8.05628e-79	8.78506e-81	9.03494e-83	8.76869e-85	8.03532e-87	6.95559e-89	5.6899e-91	4.40015e-93	3.21772e-95	2.22563e-97	1.45632e-99	9.01599e-102	5.28148e-104	2.92743e-106	1.53528e-108	7.61754e-111	3.57516e-113	1.58683e-115	6.65882e-118	2.64082e-120	9.8939e-123	3.49999e-125	1.16837e-127	3.67809e-130	1.09108e-132	3.04728e-135	8.00505e-138	1.97578e-140	4.57621e-143	9.93269e-146	2.02106e-148	2.02106e-148	
3.40364e-50	1.26514e-51	4.31541e-53	1.35463e-54	3.92338e-56	1.05093e-57	2.60917e-59	6.01621e-61	1.29073e-62	2.58094e-64	4.8176e-66	8.40655e-68	1.37315e-69	2.10211e-71	3.01941e-73	4.07346e-75	5.16638e-77	6.16547e-79	6.92853e-81	7.33702e-83	7.3262e-85	6.90186e-87	6.13766e-89	5.15444e-91	4.08948e-93	3.06622e-95	2.17321e-97	1.45632e-99	9.22843e-102	5.53044e-104	3.13447e-106	1.68009e-108	8.51588e-111	4.08121e-113	1.84894e-115	7.91609e-118	3.20188e-120	1.22299e-122	4.40918e-125	1.49954e-127	4.80768e-130	1.45201e-132	4.12749e-135	1.10324e-137	2.76981e-140	6.52378e-143	1.43954e-145	2.97141e-148	5.73783e-151	5.73783e-151	
4.64917e-52	1.67908e-53	5.5655e-55	1.69783e-56	4.77922e-58	1.24428e-59	3.00275e-61	6.73009e-63	1.40352e-64	2.72799e-66	4.94954e-68	8.39462e-70	1.33266e-71	1.98264e-73	2.76725e-75	3.62723e-77	4.4691e-79	5.18025e-81	5.65322e-83	5.81238e-85	5.63368e-87	5.1505e-89	4.4436e-91	3.61934e-93	2.78413e-95	2.02322e-97	1.38929e-99	9.01599e-102	5.53044e-104	3.20667e-106	1.7575e-108	9.10457e-111	4.45747e-113	2.06206e-115	9.01127e-118	3.71879e-120	1.44869e-122	5.32473e-125	1.84557e-127	6.02826e-130	1.85422e-132	5.36632e-135	1.4599e-137	3.72936e-140	8.93485e-143	2.00491e-145	4.20724e-148	8.24235e-151	1.50716e-153	1.50716e-153	
6.02928e-54	2.11609e-55	6.81673e-57	2.02118e-58	5.53011e-60	1.39951e-61	3.28299e-63	7.15262e-65	1.44995e-66	2.73938e-68	4.83089e-70	7.96323e-72	1.22856e-73	1.77608e-75	2.40855e-77	3.06695e-79	3.67034e-81	4.1315e-83	4.37758e-85	4.36891e-87	4.10944e-89	3.64493e-91	3.04994e-93	2.40857e-95	1.79572e-97	1.26428e-99	8.40737e-102	5.28148e-104	3.13447e-106	1.7575e-108	9.30965e-111	4.65832e-113	2.20146e-115	9.82369e-118	4.13796e-120	1.64467e-122	6.16532e-125	2.1786e-127	7.25226e-130	2.27262e-132	6.6985e-135	1.85532e-137	4.82383e-140	1.17592e-142	2.68403e-145	5.72757e-148	1.14074e-150	2.11645e-153	3.65586e-156	3.65586e-156	
7.42848e-56	2.53397e-57	7.93418e-59	2.28672e-60	6.08185e-62	1.49618e-63	3.41176e-65	7.22558e-67	1.42378e-68	2.61459e-70	4.48137e-72	7.17902e-74	1.07626e-75	1.51174e-77	1.99158e-79	2.46323e-81	2.86271e-83	3.1287e-85	3.2179e-87	3.11662e-89	2.84409e-91	2.44663e-93	1.98493e-95	1.51926e-97	1.09739e-99	7.48231e-102	4.81646e-104	2.92743e-106	1.68009e-108	9.10457e-111	4.65832e-113	2.24998e-115	1.02568e-117	4.41165e-120	1.78974e-122	6.84522e-125	2.46696e-127	8.37232e-130	2.67381e-132	8.02906e-135	2.26487e-137	5.99531e-140	1.4875e-142	3.4546e-145	7.49866e-148	1.51873e-150	2.8646e-153	5.0211e-156	8.17116e-159	8.17116e-159	
8.70049e-58	2.88487e-59	8.78067e-61	2.46008e-62	6.36049e-64	1.52109e-65	3.37177e-67	6.94134e-69	1.32948e-70	2.3729e-72	3.95262e-74	6.15307e-76	8.96276e-78	1.22301e-79	1.56499e-81	1.87973e-83	2.12107e-85	2.25022e-87	2.24599e-89	2.11043e-91	1.86788e-93	1.55794e-95	1.22503e-97	9.08422e-100	6.35459e-102	4.19406e-104	2.61211e-106	1.53528e-108	8.51588e-111	4.45747e-113	2.20146e-115	1.02568e-117	4.50682e-120	1.86697e-122	7.28837e-125	2.67994e-127	9.276e-130	3.0202e-132	9.24275e-135	2.6562e-137	7.16087e-140	1.80887e-142	4.2757e-145	9.44328e-148	1.94546e-150	3.73152e-153	6.64939e-156	1.09815e-158	1.67858e-161	1.67858e-161	
9.69268e-60	3.12427e-61	9.24444e-63	2.51789e-64	6.32859e-66	1.47126e-67	3.17026e-69	6.34393e-71	1.18098e-72	2.04854e-74	3.31595e-76	5.01551e-78	7.09744e-80	9.40705e-82	1.169e-83	1.36329e-85	1.49325e-87	1.53738e-89	1.48873e-91	1.35675e-93	1.16428e-95	9.41196e-98	7.17018e-100	5.14921e-102	3.48671e-104	2.22653e-106	1.34098e-108	7.61754e-111	4.08121e-113	2.06206e-115	9.82369e-118	4.41165e-120	1.86697e-122	7.44233e-125	2.79318e-127	9.86405e-130	3.27553e-132	1.02196e-134	2.99315e-137	8.2208e-140	2.1149e-142	5.08963e-145	1.14409e-147	2.39822e-150	4.67901e-153	8.47873e-156	1.42355e-158	2.20846e-161	3.16005e-164	3.16005e-164	
1.02761e-61	3.22023e-63	9.26342e-65	2.45286e-66	5.99345e-68	1.35448e-69	2.83705e-71	5.51803e-73	9.98344e-75	1.68286e-76	2.64678e-78	3.88925e-80	5.34588e-82	6.88106e-84	8.3025e-86	9.39878e-88	9.99071e-90	9.97927e-92	9.37257e-94	8.28175e-96	6.88814e-98	5.39483e-100	3.98016e-102	2.76686e-104	1.81271e-106	1.11938e-108	6.51582e-111	3.57516e-113	1.84894e-115	9.01127e-118	4.13796e-120	1.78974e-122	7.28837e-125	2.79318e-127	1.00682e-129	3.41112e-132	1.08543e-134	3.24103e-137	9.07196e-140	2.37771e-142	5.8276e-145	1.3337e-147	2.84543e-150	5.64859e-153	1.04116e-155	1.77762e-158	2.8036e-161	4.0719e-164	5.43324e-167	5.43324e-167	
1.03732e-63	3.16042e-65	8.83881e-67	2.27533e-68	5.40476e-70	1.18733e-71	2.4173e-73	4.5695e-75	8.03409e-77	1.31588e-78	2.01064e-80	2.86982e-82	3.83087e-84	4.78772e-86	5.60759e-88	6.16056e-90	6.35337e-92	6.15506e-94	5.60497e-96	4.80022e-98	3.86809e-100	2.93391e-102	2.0953e-104	1.40929e-106	8.92852e-109	5.32877e-111	2.99607e-113	1.58683e-115	7.91609e-118	3.71879e-120	1.64467e-122	6.84522e-125	2.67994e-127	9.86405e-130	3.41112e-132	1.10745e-134	3.37252e-137	9.62411e-140	2.57069e-142	6.41892e-145	1.49612e-147	3.24974e-150	6.566e-153	1.23142e-155	2.13859e-158	3.42992e-161	5.06437e-164	6.85969e-167	8.49809e-170	8.49809e-170	
9.97448e-66	2.95467e-67	8.03387e-69	2.01057e-70	4.64263e-72	9.91372e-74	1.96167e-75	3.60367e-77	6.15651e-79	9.79646e-81	1.454e-82	2.01548e-84	2.61229e-86	3.16921e-88	3.60233e-90	3.83963e-92	3.84062e-94	3.60755e-96	3.18405e-98	2.64196e-100	2.06175e-102	1.51379e-104	1.046e-106	6.80341e-109	4.16585e-111	2.40152e-113	1.30336e-115	6.65882e-118	3.20188e-120	1.44869e-122	6.16532e-125	2.46696e-127	9.276e-130	3.27553e-132	1.08543e-134	3.37252e-137	9.81548e-140	2.67294e-142	6.80194e-145	1.61517e-147	3.57302e-150	7.3499e-153	1.40296e-155	2.47911e-158	4.04438e-161	6.07256e-164	8.362e-167	1.05168e-169	1.20355e-172	1.20355e-172	
9.13988e-68	2.63238e-69	6.95869e-71	1.69298e-72	3.80002e-74	7.88682e-76	1.51664e-77	2.70727e-79	4.49348e-81	6.94548e-83	1.00115e-84	1.34747e-86	1.69536e-88	1.99609e-90	2.20129e-92	2.2757e-94	2.20706e-96	2.00934e-98	1.71823e-100	1.38072e-102	1.04303e-104	7.40956e-107	4.9511e-109	3.1124e-111	1.84081e-113	1.02434e-115	5.36263e-118	2.64082e-120	1.22299e-122	5.32473e-125	2.1786e-127	8.37232e-130	3.0202e-132	1.02196e-134	3.24103e-137	9.62411e-140	2.67294e-142	6.93459e-145	1.67818e-147	3.78212e-150	7.92349e-153	1.53984e-155	2.76938e-158	4.59692e-161	7.02081e-164	9.83114e-167	1.257e-169	1.46054e-172	1.53503e-175	1.53503e-175	
7.98415e-70	2.23574e-71	5.74576e-73	1.35887e-74	2.96462e-76	5.97982e-78	1.1174e-79	1.93789e-81	3.12445e-83	4.69029e-85	6.56457e-87	8.57697e-89	1.0473e-90	1.19636e-92	1.27965e-94	1.28268e-96	1.20573e-98	1.06354e-100	8.80762e-103	6.85115e-105	5.00754e-107	3.44006e-109	2.22165e-111	1.34898e-113	7.70149e-116	4.13396e-118	2.08606e-120	9.8939e-123	4.40918e-125	1.84557e-127	7.25226e-130	2.67381e-132	9.24275e-135	2.99315e-137	9.07196e-140	2.57069e-142	6.80194e-145	1.67818e-147	3.85449e-150	8.22675e-153	1.62825e-155	2.98142e-158	5.03693e-161	7.82732e-164	1.11489e-166	1.44958e-169	1.71229e-172	1.82732e-175	1.75161e-178	1.75161e-178	
6.65126e-72	1.81078e-73	4.52394e-75	1.03997e-76	2.2051e-78	4.32216e-80	7.84698e-82	1.32198e-83	2.07006e-85	3.01737e-87	4.09966e-89	5.19846e-91	6.15867e-93	6.82361e-95	7.07685e-97	6.87546e-99	6.26176e-101	5.3491e-103	4.28817e-105	3.22738e-107	2.28116e-109	1.5146e-111	9.44814e-114	5.53776e-116	3.04971e-118	1.5779e-120	7.66871e-123	3.49999e-125	1.49954e-127	6.02826e-130	2.27262e-132	8.02906e-135	2.6562e-137	8.2208e-140	2.37771e-142	6.41892e-145	1.61517e-147	3.78212e-150	8.22675e-153	1.65883e-155	3.09341e-158	5.32077e-161	8.4155e-164	1.21962e-166	1.613e-169	1.93754e-172	2.10206e-175	2.04617e-178	1.77424e-181	1.77424e-181	
5.28568e-74	1.39897e-75	3.39745e-77	7.59082e-79	1.5641e-80	2.97872e-82	5.25344e-84	8.59586e-86	1.307e-87	1.84944e-89	2.43874e-91	3.00034e-93	3.44768e-95	3.70384e-97	3.7232e-99	3.50466e-101	3.09119e-103	2.55621e-105	1.98273e-107	1.44307e-109	9.8582e-112	6.32237e-114	3.80703e-116	2.15244e-118	1.14258e-120	5.69363e-123	2.66279e-125	1.16837e-127	4.80768e-130	1.85422e-132	6.6985e-135	2.26487e-137	7.16087e-140	2.1149e-142	5.8276e-145	1.49612e-147	3.57302e-150	7.92349e-153	1.62825e-155	3.09341e-158	5.41887e-161	8.72587e-164	1.28709e-166	1.732e-169	2.11623e-172	2.33472e-175	2.31042e-178	2.03458e-181	1.58e-184	1.58e-184	
4.00812e-76	1.03125e-77	2.43421e-79	5.28539e-81	1.05818e-82	1.95771e-84	3.3535e-86	5.32819e-88	7.8649e-90	1.08012e-91	1.38191e-93	1.64906e-95	1.83736e-97	1.91321e-99	1.86337e-101	1.6987e-103	1.45039e-105	1.16047e-107	8.70464e-110	6.12323e-112	4.04048e-114	2.50136e-116	1.45291e-118	7.91801e-121	4.04813e-123	1.94117e-125	8.72797e-128	3.67809e-130	1.45201e-132	5.36632e-135	1.85532e-137	5.99531e-140	1.80887e-142	5.08963e-145	1.3337e-147	3.24974e-150	7.3499e-153	1.53984e-155	2.98142e-158	5.32077e-161	8.72587e-164	1.3104e-166	1.79473e-169	2.23122e-172	2.50388e-175	2.51969e-178	2.25574e-181	1.77919e-184	1.22222e-187	1.22222e-187	
2.90089e-78	7.2548e-80	1.66426e-81	3.51127e-83	6.82946e-85	1.22722e-86	2.04135e-88	3.14874e-90	4.51097e-92	6.01092e-94	7.45945e-96	8.63118e-98	9.32129e-100	9.40416e-102	8.87049e-104	7.82814e-106	6.46709e-108	5.00392e-110	3.62772e-112	2.46495e-114	1.57008e-116	9.37614e-119	5.24955e-121	2.75539e-123	1.35559e-125	6.24944e-128	2.6987e-130	1.09108e-132	4.12749e-135	1.4599e-137	4.82383e-140	1.4875e-142	4.2757e-145	1.14409e-147	2.84543e-150	6.566e-153	1.40296e-155	2.76938e-158	5.03693e-161	8.4155e-164	1.28709e-166	1.79473e-169	2.27091e-172	2.59298e-175	2.65418e-178	2.41629e-181	1.9375e-184	1.35194e-187	8.0876e-191	8.0876e-191	
2.0043e-80	4.8717e-82	1.08598e-83	2.22596e-85	4.20532e-87	7.33827e-89	1.18505e-90	1.77413e-92	2.46616e-94	3.18753e-96	3.83561e-98	4.30181e-100	4.5013e-102	4.39823e-104	4.01609e-106	3.42924e-108	2.73971e-110	2.04887e-112	1.43478e-114	9.41074e-117	5.78228e-119	3.32841e-121	1.79482e-123	9.06546e-126	4.28785e-128	1.89853e-130	7.8655e-133	3.04728e-135	1.10324e-137	3.72936e-140	1.17592e-142	3.4546e-145	9.44328e-148	2.39822e-150	5.64859e-153	1.23142e-155	2.47911e-158	4.59692e-161	7.82732e-164	1.21962e-166	1.732e-169	2.23122e-172	2.59298e-175	2.70058e-178	2.50078e-181	2.03913e-184	1.4465e-187	8.79037e-191	4.48617e-194	4.48617e-194	
1.32226e-82	3.12319e-84	6.76413e-86	1.34675e-87	2.47082e-89	4.18597e-91	6.56116e-93	9.53104e-95	1.28513e-96	1.61065e-98	1.87863e-100	2.04147e-102	2.06886e-104	1.95692e-106	1.72897e-108	1.42771e-110	1.10245e-112	7.96379e-115	5.3834e-117	3.40611e-119	2.0173e-121	1.1184e-123	5.80351e-126	2.81816e-128	1.28021e-130	5.43821e-133	2.15898e-135	8.00505e-138	2.76981e-140	8.93485e-143	2.68403e-145	7.49866e-148	1.94546e-150	4.67901e-153	1.04116e-155	2.13859e-158	4.04438e-161	7.02081e-164	1.11489e-166	1.613e-169	2.11623e-172	2.50388e-175	2.65418e-178	2.50078e-181	2.07417e-184	1.49622e-187	9.24362e-191	4.79262e-194	2.0288e-197	2.0288e-197	
8.33023e-85	1.91177e-86	4.02203e-88	7.77694e-90	1.38529e-91	2.27797e-93	3.4646e-95	4.88195e-97	6.38306e-99	7.75443e-101	8.76361e-103	9.22344e-105	9.04874e-107	8.28175e-109	7.07616e-111	5.64766e-113	4.2125e-115	2.93745e-117	1.91546e-119	1.16819e-121	6.66372e-124	3.55512e-126	1.7736e-128	8.27177e-131	3.60506e-133	1.46748e-135	5.57563e-138	1.97578e-140	6.52378e-143	2.00491e-145	5.72757e-148	1.51873e-150	3.73152e-153	8.47873e-156	1.77762e-158	3.42992e-161	6.07256e-164	9.83114e-167	1.44958e-169	1.93754e-172	2.33472e-175	2.51969e-178	2.41629e-181	2.03913e-184	1.49622e-187	9.39981e-191	4.95459e-194	2.13095e-197	7.1835e-201	7.1835e-201	
5.01231e-87	1.11747e-88	2.28325e-90	4.28656e-92	7.4115e-94	1.18263e-95	1.7448e-97	2.3841e-99	3.02159e-101	3.55679e-103	3.89318e-105	3.96668e-107	3.76547e-109	3.33289e-111	2.75243e-113	2.12199e-115	1.52788e-117	1.02775e-119	6.45999e-122	3.79459e-124	2.08296e-126	1.06839e-128	5.11917e-131	2.29055e-133	9.56623e-136	3.72677e-138	1.35327e-140	4.57621e-143	1.43954e-145	4.20724e-148	1.14074e-150	2.8646e-153	6.64939e-156	1.42355e-158	2.8036e-161	5.06437e-164	8.362e-167	1.257e-169	1.71229e-172	2.10206e-175	2.31042e-178	2.25574e-181	1.9375e-184	1.4465e-187	9.24362e-191	4.95459e-194	2.16637e-197	7.42045e-201	1.86761e-204	1.86761e-204	
2.8807e-89	6.23772e-91	1.23753e-92	2.25525e-94	3.78391e-96	5.85717e-98	8.37983e-100	1.10994e-101	1.36307e-103	1.55404e-105	1.64675e-107	1.62351e-109	1.49045e-111	1.2751e-113	1.01719e-115	7.57016e-118	5.25801e-120	3.4093e-122	2.06397e-124	1.16669e-126	6.15718e-129	3.03319e-131	1.39435e-133	5.97861e-136	2.38965e-138	8.89727e-141	3.08309e-143	9.93269e-146	2.97141e-148	8.24235e-151	2.11645e-153	5.0211e-156	1.09815e-158	2.20846e-161	4.0719e-164	6.85969e-167	1.05168e-169	1.46054e-172	1.82732e-175	2.04617e-178	2.03458e-181	1.77919e-184	1.35194e-187	8.79037e-191	4.79262e-194	2.13095e-197	7.42045e-201	1.89783e-204	3.17013e-208	3.17013e-208	
1.58976e-91	3.34217e-93	6.43571e-95	1.13799e-96	1.852e-98	2.77964e-100	3.85454e-102	4.94648e-104	5.88285e-106	6.49232e-108	6.65609e-110	6.34553e-112	5.63001e-114	4.65207e-116	3.58204e-118	2.57133e-120	1.72136e-122	1.07488e-124	6.26139e-127	3.40239e-129	1.7244e-131	8.14911e-134	3.58942e-136	1.47279e-138	5.62552e-141	1.99856e-143	6.59726e-146	2.02106e-148	5.73783e-151	1.50716e-153	3.65586e-156	8.17116e-159	1.67858e-161	3.16005e-164	5.43324e-167	8.49809e-170	1.20355e-172	1.53503e-175	1.75161e-178	1.77424e-181	1.58e-184	1.22222e-187	8.0876e-191	4.48617e-194	2.0288e-197	7.1835e-201	1.86761e-204	3.17013e-208	2.63581e-212	2.63581e-212	
1.58976e-91	3.34217e-93	6.43571e-95	1.13799e-96	1.852e-98	2.77964e-100	3.85454e-102	4.94648e-104	5.88285e-106	6.49232e-108	6.65609e-110	6.34553e-112	5.63001e-114	4.65207e-116	3.58204e-118	2.57133e-120	1.72136e-122	1.07488e-124	6.26139e-127	3.40239e-129	1.7244e-131	8.14911e-134	3.58942e-136	1.47279e-138	5.62552e-141	1.99856e-143	6.59726e-146	2.02106e-148	5.73783e-151	1.50716e-153	3.65586e-156	8.17116e-159	1.67858e-161	3.16005e-164	5.43324e-167	8.49809e-170	1.20355e-172	1.53503e-175	1.75161e-178	1.77424e-181	1.58e-184	1.22222e-187	8.0876e-191	4.48617e-194	2.0288e-197	7.1835e-201	1.86761e-204	3.17013e-208	2.63581e-212	2.63581e-212	
