0.392862	0.392862	0.310186	0.176614	0.0341116	-0.0740018	-0.128466	-0.12478	-0.0856056	-0.0162997	0.0657632	0.164484	0.258313	0.332506	0.362119	0.328261	0.219487	0.0768434	-0.0681773	-0.185853	-0.278053	-0.357995	-0.416697	-0.439333	-0.418325	-0.34373	-0.221516	-0.0903972	0.0135954	0.0764025	0.0834093	0.0154293	-0.134755	-0.362314	-0.638643	-0.907368	-1.11272	-1.22225	-1.24184	-1.1817	-1.03808	-0.792614	-0.461583	-0.102781	0.244515	0.539948	0.761987	0.905701	0.956264	0.92737	
0.392862	0.392862	0.310186	0.176614	0.0341116	-0.0740018	-0.128466	-0.12478	-0.0856056	-0.0162997	0.0657632	0.164484	0.258313	0.332506	0.362119	0.328261	0.219487	0.0768434	-0.0681773	-0.185853	-0.278053	-0.357995	-0.416697	-0.439333	-0.418325	-0.34373	-0.221516	-0.0903972	0.0135954	0.0764025	0.0834093	0.0154293	-0.134755	-0.362314	-0.638643	-0.907368	-1.11272	-1.22225	-1.24184	-1.1817	-1.03808	-0.792614	-0.461583	-0.102781	0.244515	0.539948	0.761987	0.905701	0.956264	0.92737	
0.310186	0.310186	0.238707	0.114478	-0.0167088	-0.112992	-0.15806	-0.15461	-0.118164	-0.0475158	0.0454416	0.147646	0.245549	0.324823	0.362533	0.335738	0.240991	0.104554	-0.0380792	-0.156617	-0.251146	-0.333685	-0.389704	-0.421024	-0.411061	-0.345651	-0.236092	-0.114324	-0.0135637	0.0437196	0.047123	-0.0199204	-0.168325	-0.388791	-0.653974	-0.908238	-1.09699	-1.19885	-1.2144	-1.1506	-0.998864	-0.758343	-0.439475	-0.0877605	0.251222	0.534118	0.748512	0.882015	0.92816	0.902659	
0.176614	0.176614	0.114478	0.00537128	-0.104547	-0.18341	-0.214305	-0.197894	-0.152361	-0.0746752	0.0229442	0.120827	0.219112	0.305838	0.358269	0.353519	0.281204	0.163755	0.0298247	-0.0932633	-0.191928	-0.271045	-0.336716	-0.379866	-0.381458	-0.334527	-0.249089	-0.143394	-0.0575254	-0.014652	-0.0208656	-0.0854053	-0.227273	-0.437606	-0.676324	-0.89979	-1.06963	-1.15622	-1.15989	-1.08567	-0.93036	-0.69472	-0.394479	-0.0604167	0.2592	0.524323	0.720304	0.837163	0.880077	0.861774	
0.0341116	0.0341116	-0.0167088	-0.104547	-0.182107	-0.235998	-0.254405	-0.227906	-0.170136	-0.0888295	0.0135348	0.114269	0.210904	0.293522	0.359539	0.377642	0.328542	0.23283	0.115861	-0.00305763	-0.0998951	-0.176402	-0.248867	-0.30717	-0.33282	-0.316239	-0.260032	-0.180068	-0.119382	-0.0929876	-0.105472	-0.16907	-0.298506	-0.488337	-0.698644	-0.889532	-1.03043	-1.09911	-1.08859	-1.00343	-0.845364	-0.615992	-0.336678	-0.0265372	0.270991	0.512645	0.683119	0.784543	0.825616	0.809585	
-0.0740018	-0.0740018	-0.112992	-0.18341	-0.235998	-0.259814	-0.260773	-0.227839	-0.165468	-0.0816866	0.0195749	0.122299	0.215827	0.294507	0.366408	0.404064	0.380871	0.308482	0.208641	0.0990287	0.00453206	-0.0750956	-0.146148	-0.214944	-0.270183	-0.29375	-0.268883	-0.218097	-0.184465	-0.173561	-0.190632	-0.252785	-0.369651	-0.536138	-0.721815	-0.876917	-0.986206	-1.04079	-1.0208	-0.927865	-0.76472	-0.542294	-0.277187	0.00860749	0.278674	0.492416	0.64381	0.731701	0.766631	0.750773	
-0.128466	-0.128466	-0.15806	-0.214305	-0.254405	-0.260773	-0.246975	-0.208874	-0.147698	-0.0630131	0.0309792	0.123762	0.210697	0.289495	0.36223	0.416995	0.423944	0.379407	0.298263	0.198665	0.103175	0.0190063	-0.0586966	-0.141471	-0.217417	-0.263585	-0.263565	-0.239186	-0.223613	-0.224128	-0.245327	-0.305225	-0.413283	-0.564095	-0.72636	-0.864104	-0.957109	-0.995758	-0.963877	-0.862762	-0.698033	-0.477896	-0.22124	0.0378351	0.27104	0.455468	0.591032	0.670543	0.699836	0.69013	
-0.12478	-0.12478	-0.15461	-0.197894	-0.227906	-0.227839	-0.208874	-0.173199	-0.127051	-0.0570601	0.0196756	0.100639	0.176628	0.254997	0.329728	0.400628	0.430076	0.41152	0.349791	0.266675	0.169157	0.0762822	-0.0103355	-0.100851	-0.189482	-0.246376	-0.257491	-0.243408	-0.233882	-0.241415	-0.264533	-0.312575	-0.408309	-0.551254	-0.707787	-0.841157	-0.929867	-0.954899	-0.920061	-0.812685	-0.642111	-0.428372	-0.186515	0.0514803	0.250291	0.40192	0.518818	0.594737	0.624271	0.623101	
-0.0856056	-0.0856056	-0.118164	-0.152361	-0.170136	-0.165468	-0.147698	-0.127051	-0.105981	-0.0708607	-0.0204438	0.0395607	0.0961008	0.165812	0.249529	0.328176	0.38104	0.394054	0.355169	0.279369	0.184104	0.0881639	0.00207105	-0.0922887	-0.179485	-0.233618	-0.250128	-0.239887	-0.224214	-0.227815	-0.245071	-0.289075	-0.379963	-0.513516	-0.664071	-0.799491	-0.883116	-0.905102	-0.869505	-0.770912	-0.603071	-0.390676	-0.162886	0.0428069	0.210164	0.334581	0.432537	0.511828	0.554477	0.565677	
-0.0162997	-0.0162997	-0.0475158	-0.0746752	-0.0888295	-0.0816866	-0.0630131	-0.0570601	-0.0708607	-0.076817	-0.0732188	-0.0553115	-0.0264055	0.0310017	0.110168	0.193794	0.266041	0.31301	0.301348	0.242462	0.1641	0.0715687	-0.0233718	-0.106093	-0.173426	-0.22021	-0.232067	-0.216701	-0.203395	-0.206054	-0.220467	-0.254559	-0.33256	-0.457776	-0.605044	-0.736589	-0.826516	-0.854781	-0.816047	-0.717596	-0.563468	-0.364812	-0.155846	0.0170813	0.154633	0.262421	0.35073	0.433671	0.497106	0.533691	
0.0657632	0.0657632	0.0454416	0.0229442	0.0135348	0.0195749	0.0309792	0.0196756	-0.0204438	-0.0732188	-0.120375	-0.153112	-0.157819	-0.131648	-0.0699547	0.0160224	0.106099	0.174506	0.196592	0.174507	0.119273	0.0381543	-0.0487641	-0.118468	-0.175372	-0.2082	-0.212077	-0.204405	-0.204539	-0.20782	-0.219241	-0.251307	-0.313225	-0.418297	-0.556838	-0.687885	-0.774874	-0.803021	-0.767004	-0.670002	-0.528392	-0.348928	-0.167764	-0.0176452	0.0991124	0.195803	0.28314	0.375359	0.459576	0.527865	
0.164484	0.164484	0.147646	0.120827	0.114269	0.122299	0.123762	0.100639	0.0395607	-0.0553115	-0.153112	-0.236723	-0.283717	-0.292314	-0.249341	-0.161378	-0.0587508	0.0231658	0.0791744	0.0972001	0.0686865	0.00827451	-0.0537694	-0.113597	-0.165704	-0.195503	-0.208584	-0.218324	-0.231899	-0.241948	-0.255404	-0.282623	-0.33569	-0.422361	-0.539076	-0.653032	-0.733063	-0.758704	-0.724542	-0.635174	-0.499278	-0.341499	-0.186414	-0.0495439	0.0553531	0.143276	0.238067	0.340862	0.442129	0.537925	
0.258313	0.258313	0.245549	0.219112	0.210904	0.215827	0.210697	0.176628	0.0961008	-0.0264055	-0.157819	-0.283717	-0.374667	-0.416373	-0.387327	-0.303567	-0.194456	-0.0894232	0.00326996	0.0530951	0.0541349	0.0170128	-0.038573	-0.105086	-0.155931	-0.187816	-0.21985	-0.252683	-0.280599	-0.30419	-0.322038	-0.344547	-0.390286	-0.461483	-0.549475	-0.647812	-0.720243	-0.735105	-0.685275	-0.590669	-0.46043	-0.316009	-0.182753	-0.0671681	0.0305739	0.117353	0.217208	0.329613	0.448606	0.565128	
0.332506	0.332506	0.324823	0.305838	0.293522	0.294507	0.289495	0.254997	0.165812	0.0310017	-0.131648	-0.292314	-0.416373	-0.471013	-0.449842	-0.367041	-0.25194	-0.123661	-0.0146563	0.0554447	0.0805425	0.0553296	-0.0107516	-0.0859344	-0.151365	-0.207334	-0.259504	-0.31509	-0.367382	-0.405505	-0.431016	-0.449966	-0.480464	-0.53419	-0.605666	-0.680564	-0.733577	-0.72946	-0.662462	-0.545857	-0.409697	-0.272519	-0.146904	-0.0410634	0.0508226	0.139564	0.239538	0.348044	0.472162	0.601454	
0.362119	0.362119	0.362533	0.358269	0.359539	0.366408	0.36223	0.329728	0.249529	0.110168	-0.0699547	-0.249341	-0.387327	-0.449842	-0.430552	-0.340914	-0.213832	-0.080606	0.0274102	0.103343	0.135303	0.112181	0.036247	-0.0572512	-0.148941	-0.23999	-0.323416	-0.403817	-0.475438	-0.524562	-0.555012	-0.585291	-0.613169	-0.651365	-0.704202	-0.750949	-0.769385	-0.738843	-0.647505	-0.50982	-0.358056	-0.207821	-0.0739154	0.0366561	0.128742	0.214824	0.30585	0.405416	0.518273	0.642348	
0.328261	0.328261	0.335738	0.353519	0.377642	0.404064	0.416995	0.400628	0.328176	0.193794	0.0160224	-0.161378	-0.303567	-0.367041	-0.340914	-0.242301	-0.116075	0.00744265	0.111758	0.185785	0.212779	0.178396	0.0863487	-0.0268536	-0.144289	-0.268768	-0.38409	-0.482397	-0.57195	-0.644948	-0.692724	-0.726104	-0.756604	-0.792855	-0.828452	-0.848244	-0.834853	-0.770745	-0.642827	-0.476834	-0.300239	-0.132941	0.0172422	0.144337	0.245152	0.326709	0.400851	0.480364	0.571994	0.668827	
0.219487	0.219487	0.240991	0.281204	0.328542	0.380871	0.423944	0.430076	0.38104	0.266041	0.106099	-0.0587508	-0.194456	-0.25194	-0.213832	-0.116075	0.000864662	0.12007	0.220364	0.282786	0.290215	0.244733	0.147612	0.0145566	-0.136893	-0.284339	-0.420865	-0.541889	-0.648936	-0.741735	-0.810291	-0.857004	-0.896664	-0.931736	-0.956731	-0.956389	-0.908651	-0.801222	-0.646311	-0.456877	-0.253525	-0.0592045	0.112846	0.257548	0.366813	0.444488	0.496615	0.548143	0.606011	0.660646	
0.0768434	0.0768434	0.104554	0.163755	0.23283	0.308482	0.379407	0.41152	0.394054	0.31301	0.174506	0.0231658	-0.0894232	-0.123661	-0.080606	0.00744265	0.12007	0.228318	0.314893	0.368243	0.369466	0.318807	0.21906	0.0649018	-0.11437	-0.284925	-0.442931	-0.579891	-0.693571	-0.79376	-0.879399	-0.943358	-0.997951	-1.04132	-1.06116	-1.04031	-0.960929	-0.819817	-0.639238	-0.433933	-0.215138	-0.00560521	0.190642	0.357148	0.470909	0.53848	0.565531	0.578137	0.590093	0.60189	
-0.0681773	-0.0681773	-0.0380792	0.0298247	0.115861	0.208641	0.298263	0.349791	0.355169	0.301348	0.196592	0.0791744	0.00326996	-0.0146563	0.0274102	0.111758	0.220364	0.314893	0.394277	0.446374	0.45046	0.397673	0.288872	0.123284	-0.0725185	-0.266338	-0.440503	-0.583186	-0.699558	-0.805248	-0.903194	-0.981608	-1.04969	-1.10444	-1.12475	-1.08866	-0.982536	-0.818082	-0.618549	-0.401795	-0.178201	0.0416712	0.246671	0.420246	0.536958	0.59109	0.593477	0.57038	0.536098	0.503297	
-0.185853	-0.185853	-0.156617	-0.0932633	-0.00305763	0.0990287	0.198665	0.266675	0.279369	0.242462	0.174507	0.0972001	0.0530951	0.0554447	0.103343	0.185785	0.282786	0.368243	0.446374	0.499904	0.512324	0.465608	0.357451	0.192986	-0.0140905	-0.224763	-0.405328	-0.553272	-0.676138	-0.783774	-0.886387	-0.974766	-1.05105	-1.1101	-1.13301	-1.08962	-0.964013	-0.785733	-0.57943	-0.360145	-0.138678	0.0864036	0.293745	0.458377	0.56673	0.606462	0.584061	0.521965	0.445672	0.371066	
-0.278053	-0.278053	-0.251146	-0.191928	-0.0998951	0.00453206	0.103175	0.169157	0.184104	0.1641	0.119273	0.0686865	0.0541349	0.0805425	0.135303	0.212779	0.290215	0.369466	0.45046	0.512324	0.537543	0.509592	0.416615	0.264217	0.0609913	-0.154343	-0.335291	-0.482468	-0.6053	-0.710091	-0.808437	-0.903577	-0.988196	-1.05024	-1.07	-1.0135	-0.88358	-0.706416	-0.504031	-0.292133	-0.0802918	0.135087	0.328397	0.479372	0.575059	0.595851	0.543359	0.443636	0.325783	0.21608	
-0.357995	-0.357995	-0.333685	-0.271045	-0.176402	-0.0750956	0.0190063	0.0762822	0.0881639	0.0715687	0.0381543	0.00827451	0.0170128	0.0553296	0.112181	0.178396	0.244733	0.318807	0.397673	0.465608	0.509592	0.514058	0.447435	0.314012	0.133267	-0.0572006	-0.22372	-0.353665	-0.466355	-0.56503	-0.656197	-0.750156	-0.837163	-0.904455	-0.920464	-0.861138	-0.739016	-0.574916	-0.387334	-0.196579	-0.0064037	0.185335	0.352957	0.486678	0.562338	0.561276	0.483404	0.356958	0.208252	0.0693675	
-0.416697	-0.416697	-0.389704	-0.336716	-0.248867	-0.146148	-0.0586966	-0.0103355	0.00207105	-0.0233718	-0.0487641	-0.0537694	-0.038573	-0.0107516	0.036247	0.0863487	0.147612	0.21906	0.288872	0.357451	0.416615	0.447435	0.412931	0.315031	0.179272	0.0399472	-0.0866892	-0.186181	-0.268857	-0.340427	-0.419399	-0.511545	-0.606404	-0.676421	-0.694325	-0.64995	-0.551661	-0.41492	-0.261683	-0.100335	0.0639088	0.225654	0.368026	0.476272	0.524579	0.504539	0.415185	0.281694	0.11474	-0.0524165	
-0.439333	-0.439333	-0.421024	-0.379866	-0.30717	-0.214944	-0.141471	-0.100851	-0.0922887	-0.106093	-0.118468	-0.113597	-0.105086	-0.0859344	-0.0572512	-0.0268536	0.0145566	0.0649018	0.123284	0.192986	0.264217	0.314012	0.315031	0.267708	0.197384	0.124347	0.0613479	0.0153894	-0.0179617	-0.0532913	-0.113889	-0.199792	-0.30154	-0.382555	-0.41722	-0.407711	-0.348868	-0.257427	-0.143196	-0.0157625	0.116115	0.243697	0.362729	0.450679	0.481306	0.452152	0.359924	0.219579	0.0458582	-0.140508	
-0.418325	-0.418325	-0.411061	-0.381458	-0.33282	-0.270183	-0.217417	-0.189482	-0.179485	-0.173426	-0.175372	-0.165704	-0.155931	-0.151365	-0.148941	-0.144289	-0.136893	-0.11437	-0.0725185	-0.0140905	0.0609913	0.133267	0.179272	0.197384	0.202104	0.205858	0.220614	0.241435	0.264795	0.268049	0.231545	0.1579	0.0509788	-0.0481387	-0.113692	-0.146836	-0.142959	-0.103711	-0.0308121	0.058019	0.15561	0.258233	0.356423	0.426807	0.446438	0.412477	0.324151	0.182601	0.00553041	-0.196788	
-0.34373	-0.34373	-0.345651	-0.334527	-0.316239	-0.29375	-0.263585	-0.246376	-0.233618	-0.22021	-0.2082	-0.195503	-0.187816	-0.207334	-0.23999	-0.268768	-0.284339	-0.284925	-0.266338	-0.224763	-0.154343	-0.0572006	0.0399472	0.124347	0.205858	0.293592	0.383779	0.469136	0.543944	0.58931	0.584445	0.518667	0.40967	0.296284	0.194171	0.114681	0.0623103	0.0506969	0.0795673	0.133798	0.20409	0.293573	0.373876	0.424442	0.429158	0.388564	0.30315	0.168179	-0.00911121	-0.216274	
-0.221516	-0.221516	-0.236092	-0.249089	-0.260032	-0.268883	-0.263565	-0.257491	-0.250128	-0.232067	-0.212077	-0.208584	-0.21985	-0.259504	-0.323416	-0.38409	-0.420865	-0.442931	-0.440503	-0.405328	-0.335291	-0.22372	-0.0866892	0.0613479	0.220614	0.383779	0.539686	0.679267	0.790147	0.87176	0.893444	0.842322	0.742064	0.619624	0.4845	0.357092	0.251555	0.188335	0.176464	0.207225	0.264547	0.334559	0.394986	0.427569	0.423873	0.382791	0.295511	0.163419	-0.0123969	-0.208537	
-0.0903972	-0.0903972	-0.114324	-0.143394	-0.180068	-0.218097	-0.239186	-0.243408	-0.239887	-0.216701	-0.204405	-0.218324	-0.252683	-0.31509	-0.403817	-0.482397	-0.541889	-0.579891	-0.583186	-0.553272	-0.482468	-0.353665	-0.186181	0.0153894	0.241435	0.469136	0.679267	0.860916	0.996594	1.09654	1.13121	1.09817	1.0122	0.880624	0.717823	0.547684	0.397337	0.291755	0.244115	0.246382	0.285989	0.341932	0.387705	0.409918	0.403215	0.36619	0.281359	0.159592	-0.00466146	-0.188418	
0.0135954	0.0135954	-0.0135637	-0.0575254	-0.119382	-0.184465	-0.223613	-0.233882	-0.224214	-0.203395	-0.204539	-0.231899	-0.280599	-0.367382	-0.475438	-0.57195	-0.648936	-0.693571	-0.699558	-0.676138	-0.6053	-0.466355	-0.268857	-0.0179617	0.264795	0.543944	0.790147	0.996594	1.15309	1.25653	1.29374	1.27175	1.18687	1.04776	0.869464	0.669267	0.480455	0.333164	0.248465	0.222402	0.243765	0.291798	0.333009	0.352445	0.349407	0.32145	0.253331	0.153299	0.00331578	-0.174352	
0.0764025	0.0764025	0.0437196	-0.014652	-0.0929876	-0.173561	-0.224128	-0.241415	-0.227815	-0.206054	-0.20782	-0.241948	-0.30419	-0.405505	-0.524562	-0.644948	-0.741735	-0.79376	-0.805248	-0.783774	-0.710091	-0.56503	-0.340427	-0.0532913	0.268049	0.58931	0.87176	1.09654	1.25653	1.34747	1.38144	1.36522	1.28293	1.14029	0.940063	0.710187	0.491932	0.312297	0.191279	0.141604	0.149271	0.193199	0.234397	0.262104	0.27816	0.274086	0.237043	0.152604	0.0177709	-0.146867	
0.0834093	0.0834093	0.047123	-0.0208656	-0.105472	-0.190632	-0.245327	-0.264533	-0.245071	-0.220467	-0.219241	-0.255404	-0.322038	-0.431016	-0.555012	-0.692724	-0.810291	-0.879399	-0.903194	-0.886387	-0.808437	-0.656197	-0.419399	-0.113889	0.231545	0.584445	0.893444	1.13121	1.29374	1.38144	1.41127	1.38982	1.30244	1.14943	0.930016	0.674095	0.430952	0.229458	0.0876702	0.0226087	0.0220303	0.0671589	0.120021	0.16609	0.210439	0.239955	0.234336	0.170882	0.0536649	-0.0965103	
0.0154293	0.0154293	-0.0199204	-0.0854053	-0.16907	-0.252785	-0.305225	-0.312575	-0.289075	-0.254559	-0.251307	-0.282623	-0.344547	-0.449966	-0.585291	-0.726104	-0.857004	-0.943358	-0.981608	-0.974766	-0.903577	-0.750156	-0.511545	-0.199792	0.1579	0.518667	0.842322	1.09817	1.27175	1.36522	1.38982	1.3544	1.2491	1.07095	0.831932	0.561975	0.302224	0.0842838	-0.0644805	-0.133726	-0.126063	-0.0662486	0.00623587	0.0784995	0.155219	0.217884	0.242798	0.21477	0.122373	-0.0160986	
-0.134755	-0.134755	-0.168325	-0.227273	-0.298506	-0.369651	-0.413283	-0.408309	-0.379963	-0.33256	-0.313225	-0.33569	-0.390286	-0.480464	-0.613169	-0.756604	-0.896664	-0.997951	-1.04969	-1.05105	-0.988196	-0.837163	-0.606404	-0.30154	0.0509788	0.40967	0.742064	1.0122	1.18687	1.28293	1.30244	1.2491	1.12476	0.922926	0.662884	0.377579	0.105887	-0.115327	-0.254496	-0.31007	-0.287697	-0.209211	-0.110662	-0.00459297	0.10517	0.197655	0.247635	0.249002	0.187376	0.0745945	
-0.362314	-0.362314	-0.388791	-0.437606	-0.488337	-0.536138	-0.564095	-0.551254	-0.513516	-0.457776	-0.418297	-0.422361	-0.461483	-0.53419	-0.651365	-0.792855	-0.931736	-1.04132	-1.10444	-1.1101	-1.05024	-0.904455	-0.676421	-0.382555	-0.0481387	0.296284	0.619624	0.880624	1.04776	1.14029	1.14943	1.07095	0.922926	0.709111	0.443101	0.157165	-0.114104	-0.328199	-0.45328	-0.489276	-0.450164	-0.354359	-0.225689	-0.0828808	0.0554447	0.165332	0.234803	0.257981	0.225791	0.138068	
-0.638643	-0.638643	-0.653974	-0.676324	-0.698644	-0.721815	-0.72636	-0.707787	-0.664071	-0.605044	-0.556838	-0.539076	-0.549475	-0.605666	-0.704202	-0.828452	-0.956731	-1.06116	-1.12475	-1.13301	-1.07	-0.920464	-0.694325	-0.41722	-0.113692	0.194171	0.4845	0.717823	0.869464	0.940063	0.930016	0.831932	0.662884	0.443101	0.187349	-0.0747739	-0.320362	-0.510153	-0.61684	-0.63865	-0.587657	-0.470131	-0.315107	-0.14816	0.00684927	0.126043	0.208273	0.247888	0.232555	0.158087	
-0.907368	-0.907368	-0.908238	-0.89979	-0.889532	-0.876917	-0.864104	-0.841157	-0.799491	-0.736589	-0.687885	-0.653032	-0.647812	-0.680564	-0.750949	-0.848244	-0.956389	-1.04031	-1.08866	-1.08962	-1.0135	-0.861138	-0.64995	-0.407711	-0.146836	0.114681	0.357092	0.547684	0.669267	0.710187	0.674095	0.561975	0.377579	0.157165	-0.0747739	-0.301875	-0.50026	-0.643991	-0.712945	-0.71676	-0.654518	-0.529133	-0.362174	-0.185373	-0.0235486	0.10287	0.190301	0.229214	0.224973	0.162861	
-1.11272	-1.11272	-1.09699	-1.06963	-1.03043	-0.986206	-0.957109	-0.929867	-0.883116	-0.826516	-0.774874	-0.733063	-0.720243	-0.733577	-0.769385	-0.834853	-0.908651	-0.960929	-0.982536	-0.964013	-0.88358	-0.739016	-0.551661	-0.348868	-0.142959	0.0623103	0.251555	0.397337	0.480455	0.491932	0.430952	0.302224	0.105887	-0.114104	-0.320362	-0.50026	-0.634856	-0.715572	-0.743472	-0.715181	-0.634422	-0.510064	-0.34954	-0.179027	-0.022906	0.103283	0.183326	0.2208	0.219426	0.173953	
-1.22225	-1.22225	-1.19885	-1.15622	-1.09911	-1.04079	-0.995758	-0.954899	-0.905102	-0.854781	-0.803021	-0.758704	-0.735105	-0.72946	-0.738843	-0.770745	-0.801222	-0.819817	-0.818082	-0.785733	-0.706416	-0.574916	-0.41492	-0.257427	-0.103711	0.0506969	0.188335	0.291755	0.333164	0.312297	0.229458	0.0842838	-0.115327	-0.328199	-0.510153	-0.643991	-0.715572	-0.732861	-0.710349	-0.65086	-0.5559	-0.432919	-0.282936	-0.128653	0.00657575	0.11621	0.188097	0.226311	0.221213	0.183189	
-1.24184	-1.24184	-1.2144	-1.15989	-1.08859	-1.0208	-0.963877	-0.920061	-0.869505	-0.816047	-0.767004	-0.724542	-0.685275	-0.662462	-0.647505	-0.642827	-0.646311	-0.639238	-0.618549	-0.57943	-0.504031	-0.387334	-0.261683	-0.143196	-0.0308121	0.0795673	0.176464	0.244115	0.248465	0.191279	0.0876702	-0.0644805	-0.254496	-0.45328	-0.61684	-0.712945	-0.743472	-0.710349	-0.63997	-0.555405	-0.456095	-0.332283	-0.194981	-0.0598377	0.0532565	0.138804	0.195224	0.228308	0.219667	0.183492	
-1.1817	-1.1817	-1.1506	-1.08567	-1.00343	-0.927865	-0.862762	-0.812685	-0.770912	-0.717596	-0.670002	-0.635174	-0.590669	-0.545857	-0.50982	-0.476834	-0.456877	-0.433933	-0.401795	-0.360145	-0.292133	-0.196579	-0.100335	-0.0157625	0.058019	0.133798	0.207225	0.246382	0.222402	0.141604	0.0226087	-0.133726	-0.31007	-0.489276	-0.63865	-0.71676	-0.715181	-0.65086	-0.555405	-0.457322	-0.35612	-0.234704	-0.108769	0.00364446	0.092581	0.155532	0.19637	0.214648	0.205008	0.175523	
-1.03808	-1.03808	-0.998864	-0.93036	-0.845364	-0.76472	-0.698033	-0.642111	-0.603071	-0.563468	-0.528392	-0.499278	-0.46043	-0.409697	-0.358056	-0.300239	-0.253525	-0.215138	-0.178201	-0.138678	-0.0802918	-0.0064037	0.0639088	0.116115	0.15561	0.20409	0.264547	0.285989	0.243765	0.149271	0.0220303	-0.126063	-0.287697	-0.450164	-0.587657	-0.654518	-0.634422	-0.5559	-0.456095	-0.35612	-0.257702	-0.143095	-0.0309354	0.0539279	0.115634	0.153522	0.181055	0.190145	0.18282	0.164397	
-0.792614	-0.792614	-0.758343	-0.69472	-0.615992	-0.542294	-0.477896	-0.428372	-0.390676	-0.364812	-0.348928	-0.341499	-0.316009	-0.272519	-0.207821	-0.132941	-0.0592045	-0.00560521	0.0416712	0.0864036	0.135087	0.185335	0.225654	0.243697	0.258233	0.293573	0.334559	0.341932	0.291798	0.193199	0.0671589	-0.0662486	-0.209211	-0.354359	-0.470131	-0.529133	-0.510064	-0.432919	-0.332283	-0.234704	-0.143095	-0.0499486	0.033289	0.0906411	0.124473	0.139104	0.145296	0.146216	0.147257	0.15236	
-0.461583	-0.461583	-0.439475	-0.394479	-0.336678	-0.277187	-0.22124	-0.186515	-0.162886	-0.155846	-0.167764	-0.186414	-0.182753	-0.146904	-0.0739154	0.0172422	0.112846	0.190642	0.246671	0.293745	0.328397	0.352957	0.368026	0.362729	0.356423	0.373876	0.394986	0.387705	0.333009	0.234397	0.120021	0.00623587	-0.110662	-0.225689	-0.315107	-0.362174	-0.34954	-0.282936	-0.194981	-0.108769	-0.0309354	0.033289	0.0816039	0.112094	0.115089	0.101683	0.0842829	0.0778222	0.0904215	0.125011	
-0.102781	-0.102781	-0.0877605	-0.0604167	-0.0265372	0.00860749	0.0378351	0.0514803	0.0428069	0.0170813	-0.0176452	-0.0495439	-0.0671681	-0.0410634	0.0366561	0.144337	0.257548	0.357148	0.420246	0.458377	0.479372	0.486678	0.476272	0.450679	0.426807	0.424442	0.427569	0.409918	0.352445	0.262104	0.16609	0.0784995	-0.00459297	-0.0828808	-0.14816	-0.185373	-0.179027	-0.128653	-0.0598377	0.00364446	0.0539279	0.0906411	0.112094	0.111922	0.0800752	0.0340424	-0.00494282	-0.0122988	0.0200791	0.0805698	
0.244515	0.244515	0.251222	0.2592	0.270991	0.278674	0.27104	0.250291	0.210164	0.154633	0.0991124	0.0553531	0.0305739	0.0508226	0.128742	0.245152	0.366813	0.470909	0.536958	0.56673	0.575059	0.562338	0.524579	0.481306	0.446438	0.429158	0.423873	0.403215	0.349407	0.27816	0.210439	0.155219	0.10517	0.0554447	0.00684927	-0.0235486	-0.022906	0.00657575	0.0532565	0.092581	0.115634	0.124473	0.115089	0.0800752	0.0175525	-0.0578668	-0.111049	-0.112234	-0.0666264	0.0200098	
0.539948	0.539948	0.534118	0.524323	0.512645	0.492416	0.455468	0.40192	0.334581	0.262421	0.195803	0.143276	0.117353	0.139564	0.214824	0.326709	0.444488	0.53848	0.59109	0.606462	0.595851	0.561276	0.504539	0.452152	0.412477	0.388564	0.382791	0.36619	0.32145	0.274086	0.239955	0.217884	0.197655	0.165332	0.126043	0.10287	0.103283	0.11621	0.138804	0.155532	0.153522	0.139104	0.101683	0.0340424	-0.0578668	-0.147996	-0.203967	-0.19954	-0.141306	-0.0272368	
0.761987	0.761987	0.748512	0.720304	0.683119	0.64381	0.591032	0.518818	0.432537	0.35073	0.28314	0.238067	0.217208	0.239538	0.30585	0.400851	0.496615	0.565531	0.593477	0.584061	0.543359	0.483404	0.415185	0.359924	0.324151	0.30315	0.295511	0.281359	0.253331	0.237043	0.234336	0.242798	0.247635	0.234803	0.208273	0.190301	0.183326	0.188097	0.195224	0.19637	0.181055	0.145296	0.0842829	-0.00494282	-0.111049	-0.203967	-0.256805	-0.250278	-0.182054	-0.0544893	
0.905701	0.905701	0.882015	0.837163	0.784543	0.731701	0.670543	0.594737	0.511828	0.433671	0.375359	0.340862	0.329613	0.348044	0.405416	0.480364	0.548143	0.578137	0.57038	0.521965	0.443636	0.356958	0.281694	0.219579	0.182601	0.168179	0.163419	0.159592	0.153299	0.152604	0.170882	0.21477	0.249002	0.257981	0.247888	0.229214	0.2208	0.226311	0.228308	0.214648	0.190145	0.146216	0.0778222	-0.0122988	-0.112234	-0.19954	-0.250278	-0.243687	-0.176453	-0.0525872	
0.956264	0.956264	0.92816	0.880077	0.825616	0.766631	0.699836	0.624271	0.554477	0.497106	0.459576	0.442129	0.448606	0.472162	0.518273	0.571994	0.606011	0.590093	0.536098	0.445672	0.325783	0.208252	0.11474	0.0458582	0.00553041	-0.00911121	-0.0123969	-0.00466146	0.00331578	0.0177709	0.0536649	0.122373	0.187376	0.225791	0.232555	0.224973	0.219426	0.221213	0.219667	0.205008	0.18282	0.147257	0.0904215	0.0200791	-0.0666264	-0.141306	-0.182054	-0.176453	-0.124941	-0.0227107	
0.92737	0.92737	0.902659	0.861774	0.809585	0.750773	0.69013	0.623101	0.565677	0.533691	0.527865	0.537925	0.565128	0.601454	0.642348	0.668827	0.660646	0.60189	0.503297	0.371066	0.21608	0.0693675	-0.0524165	-0.140508	-0.196788	-0.216274	-0.208537	-0.188418	-0.174352	-0.146867	-0.0965103	-0.0160986	0.0745945	0.138068	0.158087	0.162861	0.173953	0.183189	0.183492	0.175523	0.164397	0.15236	0.125011	0.0805698	0.0200098	-0.0272368	-0.0544893	-0.0525872	-0.0227107	0.0374937	
