-0.172481	-0.172481	-0.177448	-0.175937	-0.165607	-0.159421	-0.168221	-0.184812	-0.190388	-0.181153	-0.161038	-0.132222	-0.0932659	-0.0488192	-0.0140904	0.0269676	0.0988202	0.224616	0.392807	0.578503	0.753792	0.861508	0.850626	0.690679	0.404678	0.0276414	-0.399315	-0.821134	-1.16716	-1.37663	-1.40379	-1.24507	-0.92614	-0.498939	-0.0212722	0.447544	0.843728	1.13601	1.31535	1.36923	1.32873	1.24862	1.17571	1.12589	1.09145	1.06219	1.00868	0.909557	0.781851	0.622137	
-0.172481	-0.172481	-0.177448	-0.175937	-0.165607	-0.159421	-0.168221	-0.184812	-0.190388	-0.181153	-0.161038	-0.132222	-0.0932659	-0.0488192	-0.0140904	0.0269676	0.0988202	0.224616	0.392807	0.578503	0.753792	0.861508	0.850626	0.690679	0.404678	0.0276414	-0.399315	-0.821134	-1.16716	-1.37663	-1.40379	-1.24507	-0.92614	-0.498939	-0.0212722	0.447544	0.843728	1.13601	1.31535	1.36923	1.32873	1.24862	1.17571	1.12589	1.09145	1.06219	1.00868	0.909557	0.781851	0.622137	
-0.177448	-0.177448	-0.181492	-0.179588	-0.168146	-0.161585	-0.168958	-0.183837	-0.188607	-0.177809	-0.158166	-0.128877	-0.0914531	-0.0487178	-0.0157341	0.0226521	0.0916643	0.213589	0.37721	0.559185	0.729772	0.833904	0.821574	0.661476	0.378364	0.00491537	-0.416774	-0.831299	-1.17004	-1.37136	-1.39101	-1.22533	-0.901133	-0.469543	0.00934562	0.476711	0.868752	1.15387	1.32149	1.3629	1.30716	1.20948	1.1197	1.05312	1.00448	0.966391	0.91114	0.81607	0.700775	0.558727	
-0.175937	-0.175937	-0.179588	-0.176311	-0.165899	-0.158841	-0.166089	-0.180277	-0.183781	-0.174623	-0.154149	-0.127677	-0.0913208	-0.0516918	-0.0205674	0.0164136	0.0831268	0.20144	0.361994	0.53931	0.705555	0.805695	0.790217	0.632639	0.351694	-0.0161688	-0.430214	-0.836005	-1.16365	-1.3542	-1.36399	-1.18955	-0.857761	-0.422155	0.0591077	0.524419	0.911162	1.18613	1.33932	1.35966	1.27941	1.15399	1.03116	0.934327	0.861894	0.806633	0.74407	0.659129	0.560899	0.44728	
-0.165607	-0.165607	-0.168146	-0.165899	-0.156203	-0.151838	-0.159893	-0.173822	-0.179212	-0.169593	-0.152333	-0.125818	-0.0924164	-0.0546824	-0.0234339	0.0135153	0.0809003	0.198534	0.356854	0.534014	0.69675	0.794634	0.780193	0.624712	0.350392	-0.0123458	-0.419901	-0.817005	-1.13771	-1.32033	-1.32391	-1.14368	-0.807691	-0.367576	0.114566	0.577647	0.958988	1.22428	1.3586	1.35874	1.25211	1.09338	0.936538	0.803917	0.699438	0.622072	0.552399	0.47236	0.397341	0.318735	
-0.159421	-0.159421	-0.161585	-0.158841	-0.151838	-0.149265	-0.158412	-0.173051	-0.177785	-0.171177	-0.153073	-0.129228	-0.0957028	-0.0590842	-0.0254823	0.0157467	0.0876007	0.207349	0.369009	0.546786	0.709606	0.80706	0.792235	0.643498	0.373434	0.0177007	-0.382568	-0.772496	-1.0847	-1.26101	-1.26057	-1.07813	-0.741766	-0.303993	0.174446	0.629699	1.00204	1.2536	1.37066	1.34792	1.2154	1.028	0.835821	0.670483	0.540786	0.444398	0.364845	0.294895	0.234349	0.182514	
-0.168221	-0.168221	-0.168958	-0.166089	-0.159893	-0.158412	-0.167145	-0.178726	-0.183058	-0.173811	-0.156058	-0.129878	-0.0964602	-0.0592851	-0.0222133	0.0234408	0.0994591	0.221579	0.382664	0.561785	0.721549	0.817134	0.804224	0.660251	0.400086	0.0525142	-0.337655	-0.71582	-1.01878	-1.18624	-1.18164	-0.998345	-0.664571	-0.232816	0.234926	0.674858	1.02841	1.25934	1.34956	1.30256	1.14664	0.934286	0.719287	0.532718	0.386371	0.279641	0.200204	0.135467	0.089733	0.0567739	
-0.184812	-0.184812	-0.183837	-0.180277	-0.173822	-0.173051	-0.178726	-0.187854	-0.188292	-0.178374	-0.15808	-0.131249	-0.0971007	-0.0601745	-0.0202522	0.029513	0.109684	0.231257	0.391915	0.567755	0.723282	0.814767	0.800164	0.663558	0.411324	0.0760862	-0.30047	-0.663426	-0.950027	-1.10545	-1.09334	-0.90826	-0.580222	-0.159394	0.290681	0.705098	1.03267	1.23325	1.29309	1.21901	1.04108	0.811937	0.582384	0.386095	0.237526	0.131144	0.0538384	-0.000117075	-0.0406048	-0.0655638	
-0.190388	-0.190388	-0.188607	-0.183781	-0.179212	-0.177785	-0.183058	-0.188292	-0.1878	-0.176712	-0.156491	-0.129561	-0.0968618	-0.0618277	-0.0212752	0.0314587	0.112951	0.233114	0.38886	0.560512	0.708601	0.794641	0.778816	0.648159	0.40786	0.0855751	-0.274042	-0.617729	-0.887057	-1.02673	-1.00732	-0.82274	-0.502137	-0.0981881	0.327918	0.712743	1.0065	1.17557	1.20465	1.10669	0.914265	0.677296	0.441957	0.243843	0.0973774	-0.00660241	-0.078141	-0.125978	-0.159708	-0.180306	
-0.181153	-0.181153	-0.177809	-0.174623	-0.169593	-0.171177	-0.173811	-0.178374	-0.176712	-0.166489	-0.147725	-0.121677	-0.0920163	-0.0600541	-0.0195888	0.0349341	0.118195	0.235241	0.386017	0.551362	0.692614	0.772633	0.756317	0.633989	0.40626	0.101092	-0.240014	-0.56367	-0.812944	-0.940604	-0.915956	-0.736007	-0.431193	-0.04855	0.349493	0.698864	0.962066	1.1007	1.10435	0.991081	0.793288	0.555517	0.323059	0.126237	-0.0185922	-0.123794	-0.196815	-0.242711	-0.27622	-0.292083	
-0.161038	-0.161038	-0.158166	-0.154149	-0.152333	-0.153073	-0.156058	-0.15808	-0.156491	-0.147725	-0.13012	-0.105933	-0.0790877	-0.0499432	-0.00998656	0.0479265	0.13351	0.248659	0.394962	0.554793	0.689587	0.765788	0.749408	0.636719	0.424042	0.136293	-0.184124	-0.485942	-0.717402	-0.831766	-0.806621	-0.638047	-0.353957	-0.00182147	0.360294	0.67448	0.903594	1.01794	1.00654	0.887339	0.692848	0.465053	0.235253	0.0378552	-0.109077	-0.220002	-0.297986	-0.343633	-0.373669	-0.385415	
-0.132222	-0.132222	-0.128877	-0.127677	-0.125818	-0.129228	-0.129878	-0.131249	-0.129561	-0.121677	-0.105933	-0.0820002	-0.057485	-0.0301844	0.0104925	0.0726976	0.161186	0.275751	0.416605	0.571122	0.701106	0.773891	0.761765	0.661048	0.466861	0.201243	-0.0968505	-0.377383	-0.590845	-0.699938	-0.680256	-0.531123	-0.278227	0.0379364	0.362925	0.638231	0.839491	0.933182	0.910156	0.78981	0.604778	0.385982	0.165399	-0.0291618	-0.177308	-0.293405	-0.373052	-0.417886	-0.443642	-0.446565	
-0.0932659	-0.0932659	-0.0914531	-0.0913208	-0.0924164	-0.0957028	-0.0964602	-0.0971007	-0.0968618	-0.0920163	-0.0790877	-0.057485	-0.0363334	-0.0113648	0.0298133	0.0967026	0.19119	0.306123	0.446182	0.597823	0.727115	0.802256	0.796824	0.711613	0.537896	0.294164	0.0183068	-0.242471	-0.44349	-0.550062	-0.543486	-0.42199	-0.207053	0.0657003	0.34625	0.584258	0.755954	0.833052	0.805769	0.690075	0.515243	0.311923	0.0986454	-0.0930263	-0.238418	-0.350253	-0.424043	-0.457002	-0.470418	-0.466307	
-0.0488192	-0.0488192	-0.0487178	-0.0516918	-0.0546824	-0.0590842	-0.0592851	-0.0601745	-0.0618277	-0.0600541	-0.0499432	-0.0301844	-0.0113648	0.0125285	0.0545313	0.128396	0.227641	0.3463	0.483887	0.634587	0.765264	0.844858	0.851157	0.783859	0.63339	0.414067	0.158853	-0.0861345	-0.281143	-0.396467	-0.413578	-0.330437	-0.161974	0.0631167	0.301418	0.504758	0.653061	0.718305	0.688512	0.576722	0.415073	0.226367	0.0284489	-0.149491	-0.28172	-0.382165	-0.441022	-0.461875	-0.464179	-0.453107	
-0.0140904	-0.0140904	-0.0157341	-0.0205674	-0.0234339	-0.0254823	-0.0222133	-0.0202522	-0.0212752	-0.0195888	-0.00998656	0.0104925	0.0298133	0.0545313	0.101354	0.182376	0.291852	0.414427	0.554567	0.70499	0.83987	0.925591	0.94298	0.890618	0.758599	0.555664	0.313949	0.0745488	-0.122575	-0.254119	-0.30039	-0.258289	-0.137391	0.0411724	0.239592	0.411397	0.540089	0.596677	0.568423	0.467058	0.322144	0.155659	-0.0203569	-0.178374	-0.293163	-0.374668	-0.418574	-0.426308	-0.42089	-0.410249	
0.0269676	0.0269676	0.0226521	0.0164136	0.0135153	0.0157467	0.0234408	0.029513	0.0314587	0.0349341	0.0479265	0.0726976	0.0967026	0.128396	0.182376	0.2766	0.395921	0.526698	0.666813	0.816818	0.951718	1.04013	1.06259	1.01721	0.893562	0.697915	0.45688	0.215076	0.00362122	-0.149603	-0.22922	-0.228466	-0.150024	-0.00930274	0.157441	0.311704	0.427763	0.482249	0.460602	0.371346	0.246538	0.108286	-0.0378892	-0.168135	-0.258755	-0.32301	-0.354751	-0.358979	-0.351955	-0.343672	
0.0988202	0.0988202	0.0916643	0.0831268	0.0809003	0.0876007	0.0994591	0.109684	0.112951	0.118195	0.13351	0.161186	0.19119	0.227641	0.291852	0.395921	0.527824	0.664301	0.806196	0.952328	1.0862	1.17187	1.19329	1.14397	1.01653	0.812771	0.562221	0.302813	0.0735777	-0.105995	-0.215552	-0.247244	-0.200973	-0.0884567	0.0618332	0.203617	0.316973	0.376718	0.366703	0.298378	0.203133	0.0977759	-0.0143557	-0.11496	-0.188921	-0.240905	-0.268592	-0.270979	-0.264092	-0.255933	
0.224616	0.224616	0.213589	0.20144	0.198534	0.207349	0.221579	0.231257	0.233114	0.235241	0.248659	0.275751	0.306123	0.3463	0.414427	0.526698	0.664301	0.804717	0.941872	1.08155	1.20668	1.2852	1.29754	1.23596	1.09493	0.877087	0.607754	0.333293	0.0824801	-0.116094	-0.24821	-0.304577	-0.281398	-0.186053	-0.0509447	0.0900988	0.205559	0.276396	0.28858	0.25039	0.189124	0.122471	0.0457696	-0.0318583	-0.0936856	-0.141812	-0.169847	-0.175131	-0.164715	-0.149307	
0.392807	0.392807	0.37721	0.361994	0.356854	0.369009	0.382664	0.391915	0.38886	0.386017	0.394962	0.416605	0.446182	0.483887	0.554567	0.666813	0.806196	0.941872	1.06994	1.19374	1.30378	1.36632	1.36186	1.28059	1.12043	0.883696	0.601529	0.313044	0.054372	-0.152804	-0.296096	-0.364465	-0.355973	-0.276756	-0.148758	-0.0106424	0.110391	0.199145	0.236412	0.233431	0.212164	0.183438	0.138518	0.0846109	0.0293444	-0.0168822	-0.0483284	-0.053123	-0.0398895	-0.018272	
0.578503	0.578503	0.559185	0.53931	0.534014	0.546786	0.561785	0.567755	0.560512	0.551362	0.554793	0.571122	0.597823	0.634587	0.70499	0.816818	0.952328	1.08155	1.19374	1.29792	1.38396	1.42305	1.39366	1.28484	1.0991	0.844234	0.549496	0.259866	0.00360776	-0.19707	-0.335132	-0.404681	-0.402656	-0.331593	-0.212714	-0.0741494	0.0553376	0.1607	0.226429	0.259565	0.274693	0.279218	0.264548	0.228564	0.181345	0.138933	0.110753	0.108332	0.125896	0.155561	
0.753792	0.753792	0.729772	0.705555	0.69675	0.709606	0.721549	0.723282	0.708601	0.692614	0.689587	0.701106	0.727115	0.765264	0.83987	0.951718	1.0862	1.20668	1.30378	1.38396	1.44066	1.45035	1.38869	1.24811	1.03539	0.76289	0.465419	0.182788	-0.0591038	-0.24182	-0.368804	-0.432505	-0.432519	-0.367419	-0.249986	-0.103741	0.0407389	0.170525	0.262816	0.326004	0.366817	0.393625	0.398778	0.380558	0.344974	0.313113	0.290549	0.29323	0.314115	0.345528	
0.861508	0.861508	0.833904	0.805695	0.794634	0.80706	0.817134	0.814767	0.794641	0.772633	0.765788	0.773891	0.802256	0.844858	0.925591	1.04013	1.17187	1.2852	1.36632	1.42305	1.45035	1.42983	1.33785	1.1692	0.933444	0.651778	0.358833	0.0914397	-0.128306	-0.290504	-0.401615	-0.457638	-0.455905	-0.391208	-0.268733	-0.109987	0.0556216	0.208549	0.3247	0.41073	0.471232	0.512868	0.532873	0.527673	0.499058	0.469055	0.447657	0.452664	0.474289	0.51254	
0.850626	0.850626	0.821574	0.790217	0.780193	0.792235	0.804224	0.800164	0.778816	0.756317	0.749408	0.761765	0.796824	0.851157	0.94298	1.06259	1.19329	1.29754	1.36186	1.39366	1.38869	1.33785	1.21798	1.02772	0.78054	0.502906	0.229162	-0.00809742	-0.196906	-0.331949	-0.425396	-0.473654	-0.47055	-0.404516	-0.277001	-0.104491	0.0820216	0.254382	0.38793	0.490096	0.561817	0.610611	0.640809	0.641512	0.614321	0.580153	0.550854	0.546967	0.563418	0.601804	
0.690679	0.690679	0.661476	0.632639	0.624712	0.643498	0.660251	0.663558	0.648159	0.633989	0.636719	0.661048	0.711613	0.783859	0.890618	1.01721	1.14397	1.23596	1.28059	1.28484	1.24811	1.1692	1.02772	0.827867	0.58205	0.321665	0.0806221	-0.118459	-0.268569	-0.371116	-0.442396	-0.475654	-0.462968	-0.391153	-0.256459	-0.0752705	0.118701	0.296906	0.432561	0.537598	0.614195	0.669795	0.704378	0.708893	0.678547	0.629283	0.582817	0.565734	0.571155	0.602185	
0.404678	0.404678	0.378364	0.351694	0.350392	0.373434	0.400086	0.411324	0.40786	0.40626	0.424042	0.466861	0.537896	0.63339	0.758599	0.893562	1.01653	1.09493	1.12043	1.0991	1.03539	0.933444	0.78054	0.58205	0.349628	0.11859	-0.0824805	-0.235401	-0.339833	-0.405682	-0.444978	-0.456298	-0.428487	-0.347139	-0.20934	-0.0316546	0.160482	0.328854	0.454983	0.552589	0.624553	0.67277	0.702822	0.700915	0.661742	0.600415	0.542633	0.513338	0.502706	0.51863	
0.0276414	0.0276414	0.00491537	-0.0161688	-0.0123458	0.0177007	0.0525142	0.0760862	0.0855751	0.101092	0.136293	0.201243	0.294164	0.414067	0.555664	0.697915	0.812771	0.877087	0.883696	0.844234	0.76289	0.651778	0.502906	0.321665	0.11859	-0.0742993	-0.228747	-0.332044	-0.391047	-0.415241	-0.421266	-0.407089	-0.361573	-0.27395	-0.140602	0.0268105	0.20259	0.353771	0.46148	0.540285	0.595704	0.627554	0.640498	0.624796	0.578381	0.505162	0.43715	0.393132	0.367021	0.359354	
-0.399315	-0.399315	-0.416774	-0.430214	-0.419901	-0.382568	-0.337655	-0.30047	-0.274042	-0.240014	-0.184124	-0.0968505	0.0183068	0.158853	0.313949	0.45688	0.562221	0.607754	0.601529	0.549496	0.465419	0.358833	0.229162	0.0806221	-0.0824805	-0.228747	-0.332136	-0.384244	-0.392631	-0.374265	-0.344648	-0.305979	-0.250837	-0.166424	-0.049887	0.0924845	0.244345	0.371989	0.456225	0.513089	0.54549	0.555556	0.545579	0.515646	0.458451	0.375446	0.293215	0.232877	0.182198	0.149701	
-0.821134	-0.821134	-0.831299	-0.836005	-0.817005	-0.772496	-0.71582	-0.663426	-0.617729	-0.56367	-0.485942	-0.377383	-0.242471	-0.0861345	0.0745488	0.215076	0.302813	0.333293	0.313044	0.259866	0.182788	0.0914397	-0.00809742	-0.118459	-0.235401	-0.332044	-0.384244	-0.381068	-0.337755	-0.274669	-0.210316	-0.155222	-0.0988255	-0.0308748	0.0580228	0.167897	0.289161	0.389233	0.448481	0.476123	0.485683	0.473361	0.447613	0.408643	0.347947	0.253979	0.155581	0.0660891	-0.0128603	-0.070747	
-1.16716	-1.16716	-1.17004	-1.16365	-1.13771	-1.0847	-1.01878	-0.950027	-0.887057	-0.812944	-0.717402	-0.590845	-0.44349	-0.281143	-0.122575	0.00362122	0.0735777	0.0824801	0.054372	0.00360776	-0.0591038	-0.128306	-0.196906	-0.268569	-0.339833	-0.391047	-0.392631	-0.337755	-0.246044	-0.141196	-0.0518651	0.0131745	0.0604288	0.10805	0.165819	0.243544	0.331415	0.40316	0.432112	0.434468	0.420896	0.398814	0.366927	0.327472	0.264681	0.164408	0.0448619	-0.0696384	-0.171189	-0.252004	
-1.37663	-1.37663	-1.37136	-1.3542	-1.32033	-1.26101	-1.18624	-1.10545	-1.02673	-0.940604	-0.831766	-0.699938	-0.550062	-0.396467	-0.254119	-0.149603	-0.105995	-0.116094	-0.152804	-0.19707	-0.24182	-0.290504	-0.331949	-0.371116	-0.405682	-0.415241	-0.374265	-0.274669	-0.141196	-0.00700377	0.0983379	0.162321	0.195919	0.220706	0.251994	0.299997	0.358405	0.404354	0.411866	0.394122	0.372356	0.348938	0.31711	0.280884	0.217135	0.111039	-0.0189868	-0.147275	-0.26553	-0.35789	
-1.40379	-1.40379	-1.39101	-1.36399	-1.32391	-1.26057	-1.18164	-1.09334	-1.00732	-0.915956	-0.806621	-0.680256	-0.543486	-0.413578	-0.30039	-0.22922	-0.215552	-0.24821	-0.296096	-0.335132	-0.368804	-0.401615	-0.425396	-0.442396	-0.444978	-0.421266	-0.344648	-0.210316	-0.0518651	0.0983379	0.204448	0.259102	0.27702	0.283149	0.293419	0.319287	0.354235	0.382948	0.379542	0.359719	0.341257	0.325161	0.3022	0.268087	0.204281	0.103413	-0.0270703	-0.160306	-0.278844	-0.375366	
-1.24507	-1.24507	-1.22533	-1.18955	-1.14368	-1.07813	-0.998345	-0.90826	-0.82274	-0.736007	-0.638047	-0.531123	-0.42199	-0.330437	-0.258289	-0.228466	-0.247244	-0.304577	-0.364465	-0.404681	-0.432505	-0.457638	-0.473654	-0.475654	-0.456298	-0.407089	-0.305979	-0.155222	0.0131745	0.162321	0.259102	0.302087	0.305153	0.296525	0.291489	0.300124	0.31956	0.342976	0.344734	0.337171	0.332141	0.330011	0.315552	0.288216	0.233492	0.145663	0.0256136	-0.0971777	-0.211616	-0.305467	
-0.92614	-0.92614	-0.901133	-0.857761	-0.807691	-0.741766	-0.664571	-0.580222	-0.502137	-0.431193	-0.353957	-0.278227	-0.207053	-0.161974	-0.137391	-0.150024	-0.200973	-0.281398	-0.355973	-0.402656	-0.432519	-0.455905	-0.47055	-0.462968	-0.428487	-0.361573	-0.250837	-0.0988255	0.0604288	0.195919	0.27702	0.305153	0.295848	0.27466	0.257356	0.256136	0.270535	0.299281	0.317615	0.329384	0.340565	0.350805	0.349645	0.335968	0.2973	0.233924	0.136305	0.0307233	-0.0714562	-0.151596	
-0.498939	-0.498939	-0.469543	-0.422155	-0.367576	-0.303993	-0.232816	-0.159394	-0.0981881	-0.04855	-0.00182147	0.0379364	0.0657003	0.0631167	0.0411724	-0.00930274	-0.0884567	-0.186053	-0.276756	-0.331593	-0.367419	-0.391208	-0.404516	-0.391153	-0.347139	-0.27395	-0.166424	-0.0308748	0.10805	0.220706	0.283149	0.296525	0.27466	0.240589	0.216982	0.210925	0.230898	0.27117	0.306792	0.334737	0.359341	0.378579	0.396616	0.402009	0.39048	0.355729	0.288272	0.207603	0.127275	0.0615916	
-0.0212722	-0.0212722	0.00934562	0.0591077	0.114566	0.174446	0.234926	0.290681	0.327918	0.349493	0.360294	0.362925	0.34625	0.301418	0.239592	0.157441	0.0618332	-0.0509447	-0.148758	-0.212714	-0.249986	-0.268733	-0.277001	-0.256459	-0.20934	-0.140602	-0.049887	0.0580228	0.165819	0.251994	0.293419	0.291489	0.257356	0.216982	0.189617	0.189644	0.217201	0.264222	0.307035	0.343501	0.371354	0.403389	0.43913	0.46745	0.483505	0.481027	0.448784	0.404051	0.348654	0.299517	
0.447544	0.447544	0.476711	0.524419	0.577647	0.629699	0.674858	0.705098	0.712743	0.698864	0.67448	0.638231	0.584258	0.504758	0.411397	0.311704	0.203617	0.0900988	-0.0106424	-0.0741494	-0.103741	-0.109987	-0.104491	-0.0752705	-0.0316546	0.0268105	0.0924845	0.167897	0.243544	0.299997	0.319287	0.300124	0.256136	0.210925	0.189644	0.196544	0.230433	0.276112	0.314949	0.345455	0.375489	0.409258	0.456142	0.503341	0.545674	0.572963	0.582299	0.572688	0.5393	0.504978	
0.843728	0.843728	0.868752	0.911162	0.958988	1.00204	1.02841	1.03267	1.0065	0.962066	0.903594	0.839491	0.755954	0.653061	0.540089	0.427763	0.316973	0.205559	0.110391	0.0553376	0.0407389	0.0556216	0.0820216	0.118701	0.160482	0.20259	0.244345	0.289161	0.331415	0.358405	0.354235	0.31956	0.270535	0.230898	0.217201	0.230433	0.262256	0.294147	0.315671	0.33733	0.359121	0.391007	0.442281	0.499084	0.560172	0.613343	0.653269	0.66952	0.658958	0.639576	
1.13601	1.13601	1.15387	1.18613	1.22428	1.2536	1.25934	1.23325	1.17557	1.1007	1.01794	0.933182	0.833052	0.718305	0.596677	0.482249	0.376718	0.276396	0.199145	0.1607	0.170525	0.208549	0.254382	0.296906	0.328854	0.353771	0.371989	0.389233	0.40316	0.404354	0.382948	0.342976	0.299281	0.27117	0.264222	0.276112	0.294147	0.304488	0.304341	0.307223	0.316267	0.340547	0.383315	0.446249	0.520043	0.584348	0.638614	0.672727	0.675472	0.674871	
1.31535	1.31535	1.32149	1.33932	1.3586	1.37066	1.34956	1.29309	1.20465	1.10435	1.00654	0.910156	0.805769	0.688512	0.568423	0.460602	0.366703	0.28858	0.236412	0.226429	0.262816	0.3247	0.38793	0.432561	0.454983	0.46148	0.456225	0.448481	0.432112	0.411866	0.379542	0.344734	0.317615	0.306792	0.307035	0.314949	0.315671	0.304341	0.275581	0.252572	0.240633	0.247846	0.278818	0.341192	0.412475	0.476604	0.53427	0.575794	0.596538	0.615902	
1.36923	1.36923	1.3629	1.35966	1.35874	1.34792	1.30256	1.21901	1.10669	0.991081	0.887339	0.78981	0.690075	0.576722	0.467058	0.371346	0.298378	0.25039	0.233431	0.259565	0.326004	0.41073	0.490096	0.537598	0.552589	0.540285	0.513089	0.476123	0.434468	0.394122	0.359719	0.337171	0.329384	0.334737	0.343501	0.345455	0.33733	0.307223	0.252572	0.199424	0.161382	0.14629	0.158465	0.203227	0.258882	0.311162	0.361426	0.411611	0.447701	0.475878	
1.32873	1.32873	1.30716	1.27941	1.25211	1.2154	1.14664	1.04108	0.914265	0.793288	0.692848	0.604778	0.515243	0.415073	0.322144	0.246538	0.203133	0.189124	0.212164	0.274693	0.366817	0.471232	0.561817	0.614195	0.624553	0.595704	0.54549	0.485683	0.420896	0.372356	0.341257	0.332141	0.340565	0.359341	0.371354	0.375489	0.359121	0.316267	0.240633	0.161382	0.10045	0.0670847	0.0528113	0.0673756	0.0937813	0.125952	0.167228	0.221699	0.265927	0.296352	
1.24862	1.24862	1.20948	1.15399	1.09338	1.028	0.934286	0.811937	0.677296	0.555517	0.465053	0.385982	0.311923	0.226367	0.155659	0.108286	0.0977759	0.122471	0.183438	0.279218	0.393625	0.512868	0.610611	0.669795	0.67277	0.627554	0.555556	0.473361	0.398814	0.348938	0.325161	0.330011	0.350805	0.378579	0.403389	0.409258	0.391007	0.340547	0.247846	0.14629	0.0670847	0.00864691	-0.0336144	-0.0499069	-0.047687	-0.0274995	0.00420908	0.0516817	0.088034	0.10888	
1.17571	1.17571	1.1197	1.03116	0.936538	0.835821	0.719287	0.582384	0.441957	0.323059	0.235253	0.165399	0.0986454	0.0284489	-0.0203569	-0.0378892	-0.0143557	0.0457696	0.138518	0.264548	0.398778	0.532873	0.640809	0.704378	0.702822	0.640498	0.545579	0.447613	0.366927	0.31711	0.3022	0.315552	0.349645	0.396616	0.43913	0.456142	0.442281	0.383315	0.278818	0.158465	0.0528113	-0.0336144	-0.0987853	-0.142404	-0.15338	-0.142051	-0.122313	-0.0898981	-0.0619475	-0.0472091	
1.12589	1.12589	1.05312	0.934327	0.803917	0.670483	0.532718	0.386095	0.243843	0.126237	0.0378552	-0.0291618	-0.0930263	-0.149491	-0.178374	-0.168135	-0.11496	-0.0318583	0.0846109	0.228564	0.380558	0.527673	0.641512	0.708893	0.700915	0.624796	0.515646	0.408643	0.327472	0.280884	0.268087	0.288216	0.335968	0.402009	0.46745	0.503341	0.499084	0.446249	0.341192	0.203227	0.0673756	-0.0499069	-0.142404	-0.206007	-0.226043	-0.225018	-0.21592	-0.190952	-0.168126	-0.156139	
1.09145	1.09145	1.00448	0.861894	0.699438	0.540786	0.386371	0.237526	0.0973774	-0.0185922	-0.109077	-0.177308	-0.238418	-0.28172	-0.293163	-0.258755	-0.188921	-0.0936856	0.0293444	0.181345	0.344974	0.499058	0.614321	0.678547	0.661742	0.578381	0.458451	0.347947	0.264681	0.217135	0.204281	0.233492	0.2973	0.39048	0.483505	0.545674	0.560172	0.520043	0.412475	0.258882	0.0937813	-0.047687	-0.15338	-0.226043	-0.259957	-0.276894	-0.278638	-0.263531	-0.241011	-0.219779	
1.06219	1.06219	0.966391	0.806633	0.622072	0.444398	0.279641	0.131144	-0.00660241	-0.123794	-0.220002	-0.293405	-0.350253	-0.382165	-0.374668	-0.32301	-0.240905	-0.141812	-0.0168822	0.138933	0.313113	0.469055	0.580153	0.629283	0.600415	0.505162	0.375446	0.253979	0.164408	0.111039	0.103413	0.145663	0.233924	0.355729	0.481027	0.572963	0.613343	0.584348	0.476604	0.311162	0.125952	-0.0274995	-0.142051	-0.225018	-0.276894	-0.308444	-0.319975	-0.307812	-0.283148	-0.252746	
1.00868	1.00868	0.91114	0.74407	0.552399	0.364845	0.200204	0.0538384	-0.078141	-0.196815	-0.297986	-0.373052	-0.424043	-0.441022	-0.418574	-0.354751	-0.268592	-0.169847	-0.0483284	0.110753	0.290549	0.447657	0.550854	0.582817	0.542633	0.43715	0.293215	0.155581	0.0448619	-0.0189868	-0.0270703	0.0256136	0.136305	0.288272	0.448784	0.582299	0.653269	0.638614	0.53427	0.361426	0.167228	0.00420908	-0.122313	-0.21592	-0.278638	-0.319975	-0.332529	-0.320705	-0.294885	-0.254868	
0.909557	0.909557	0.81607	0.659129	0.47236	0.294895	0.135467	-0.000117075	-0.125978	-0.242711	-0.343633	-0.417886	-0.457002	-0.461875	-0.426308	-0.358979	-0.270979	-0.175131	-0.053123	0.108332	0.29323	0.452664	0.546967	0.565734	0.513338	0.393132	0.232877	0.0660891	-0.0696384	-0.147275	-0.160306	-0.0971777	0.0307233	0.207603	0.404051	0.572688	0.66952	0.672727	0.575794	0.411611	0.221699	0.0516817	-0.0898981	-0.190952	-0.263531	-0.307812	-0.320705	-0.306212	-0.271619	-0.219315	
0.781851	0.781851	0.700775	0.560899	0.397341	0.234349	0.089733	-0.0406048	-0.159708	-0.27622	-0.373669	-0.443642	-0.470418	-0.464179	-0.42089	-0.351955	-0.264092	-0.164715	-0.0398895	0.125896	0.314115	0.474289	0.563418	0.571155	0.502706	0.367021	0.182198	-0.0128603	-0.171189	-0.26553	-0.278844	-0.211616	-0.0714562	0.127275	0.348654	0.5393	0.658958	0.675472	0.596538	0.447701	0.265927	0.088034	-0.0619475	-0.168126	-0.241011	-0.283148	-0.294885	-0.271619	-0.223796	-0.156341	
0.622137	0.622137	0.558727	0.44728	0.318735	0.182514	0.0567739	-0.0655638	-0.180306	-0.292083	-0.385415	-0.446565	-0.466307	-0.453107	-0.410249	-0.343672	-0.255933	-0.149307	-0.018272	0.155561	0.345528	0.51254	0.601804	0.602185	0.51863	0.359354	0.149701	-0.070747	-0.252004	-0.35789	-0.375366	-0.305467	-0.151596	0.0615916	0.299517	0.504978	0.639576	0.674871	0.615902	0.475878	0.296352	0.10888	-0.0472091	-0.156139	-0.219779	-0.252746	-0.254868	-0.219315	-0.156341	-0.0790044	
