-0.544513	-0.463194	-0.351382	-0.231459	-0.132436	-0.0746171	-0.0490476	-0.0514378	-0.0824732	-0.145191	-0.224519	-0.301725	-0.338815	-0.32055	-0.266661	-0.19126	-0.127063	-0.0894689	-0.0861265	-0.112921	-0.157368	-0.211445	-0.283778	-0.373821	-0.464429	-0.529052	-0.542534	-0.490328	-0.3713	-0.209797	-0.0341243	0.139526	0.298709	0.443973	0.556771	0.620538	0.629918	0.596111	0.541472	0.467401	0.396111	0.326853	0.26737	0.222765	0.190355	0.172599	0.143173	0.10977	0.0819454	0.0819454	
-0.463194	-0.444878	-0.388035	-0.316967	-0.264413	-0.23981	-0.233207	-0.245866	-0.273685	-0.323135	-0.388313	-0.448962	-0.48227	-0.478716	-0.445501	-0.394609	-0.353256	-0.330465	-0.331706	-0.35872	-0.397823	-0.445468	-0.504391	-0.566504	-0.620099	-0.649517	-0.638177	-0.566743	-0.434834	-0.261124	-0.079565	0.09035	0.248164	0.395189	0.51166	0.585893	0.619123	0.616216	0.597111	0.565835	0.536494	0.503104	0.470127	0.443293	0.417734	0.397814	0.36677	0.331544	0.302722	0.302722	
-0.351382	-0.388035	-0.392849	-0.386692	-0.385944	-0.389574	-0.402211	-0.429197	-0.462676	-0.502846	-0.545258	-0.583723	-0.612886	-0.623241	-0.615035	-0.593369	-0.575284	-0.572633	-0.584856	-0.608597	-0.636874	-0.668419	-0.704434	-0.733241	-0.743285	-0.731435	-0.69319	-0.604236	-0.461549	-0.287717	-0.112524	0.0466972	0.194383	0.332443	0.446609	0.529224	0.583327	0.611544	0.626297	0.635636	0.648585	0.661295	0.662557	0.650333	0.628003	0.60157	0.564953	0.522237	0.493931	0.493931	
-0.231459	-0.316967	-0.386692	-0.447108	-0.49574	-0.52956	-0.564098	-0.601027	-0.632593	-0.655678	-0.67463	-0.696283	-0.719055	-0.742124	-0.757483	-0.758564	-0.762467	-0.774234	-0.788629	-0.807013	-0.818964	-0.83604	-0.855182	-0.853782	-0.823621	-0.770322	-0.696153	-0.589661	-0.44759	-0.28664	-0.13064	0.00982874	0.136203	0.25589	0.358667	0.442319	0.509237	0.562779	0.615246	0.667928	0.722955	0.776353	0.811366	0.81935	0.801041	0.763805	0.71973	0.672432	0.639799	0.639799	
-0.132436	-0.264413	-0.385944	-0.49574	-0.590787	-0.660093	-0.715242	-0.750561	-0.764188	-0.769961	-0.766793	-0.76729	-0.779094	-0.808872	-0.842773	-0.86853	-0.88504	-0.900375	-0.91115	-0.918064	-0.919385	-0.926875	-0.931248	-0.906599	-0.839981	-0.746233	-0.645685	-0.532264	-0.403633	-0.267427	-0.142104	-0.0354297	0.0597226	0.154544	0.236404	0.311274	0.392558	0.474314	0.561165	0.652218	0.746601	0.842029	0.909436	0.93502	0.925644	0.884228	0.827763	0.769888	0.734486	0.734486	
-0.0746171	-0.23981	-0.389574	-0.52956	-0.660093	-0.763663	-0.830862	-0.856004	-0.856275	-0.844047	-0.813227	-0.785683	-0.781196	-0.811164	-0.86144	-0.906119	-0.929329	-0.942792	-0.947235	-0.944582	-0.937071	-0.933963	-0.922023	-0.875114	-0.78423	-0.665742	-0.55166	-0.441632	-0.335892	-0.242158	-0.164539	-0.0996405	-0.0389644	0.0237304	0.0875442	0.159894	0.251758	0.355251	0.467216	0.591009	0.719257	0.850984	0.953335	1.00233	0.996759	0.944363	0.880125	0.814015	0.774555	0.774555	
-0.0490476	-0.233207	-0.402211	-0.564098	-0.715242	-0.830862	-0.892168	-0.904676	-0.889601	-0.855018	-0.797775	-0.754552	-0.740722	-0.766899	-0.824031	-0.875225	-0.901356	-0.911249	-0.908369	-0.894649	-0.876356	-0.860357	-0.834685	-0.777272	-0.67672	-0.54994	-0.428387	-0.328687	-0.253134	-0.20728	-0.184139	-0.168985	-0.151291	-0.116663	-0.0686504	0.00269671	0.101769	0.22413	0.36339	0.511808	0.669754	0.825609	0.946517	1.00745	1.00251	0.942466	0.861084	0.782084	0.735646	0.735646	
-0.0514378	-0.245866	-0.429197	-0.601027	-0.750561	-0.856004	-0.904676	-0.903983	-0.867368	-0.806791	-0.739158	-0.690099	-0.66809	-0.683457	-0.732296	-0.785373	-0.814742	-0.825193	-0.81689	-0.793203	-0.763841	-0.734452	-0.693193	-0.623702	-0.51722	-0.388656	-0.276547	-0.199463	-0.163989	-0.169228	-0.198859	-0.231342	-0.247323	-0.239334	-0.207318	-0.139062	-0.0319285	0.108354	0.266022	0.43418	0.613262	0.783031	0.911555	0.964887	0.93832	0.855668	0.750762	0.658309	0.606573	0.606573	
-0.0824732	-0.273685	-0.462676	-0.632593	-0.764188	-0.856275	-0.889601	-0.867368	-0.804325	-0.727051	-0.65343	-0.596864	-0.568646	-0.568252	-0.607567	-0.657147	-0.685867	-0.69649	-0.686911	-0.656247	-0.622452	-0.579502	-0.513945	-0.427574	-0.313749	-0.193626	-0.104481	-0.0572085	-0.0624653	-0.119951	-0.199359	-0.273787	-0.322427	-0.337957	-0.314636	-0.243252	-0.127333	0.0242985	0.191845	0.367715	0.551871	0.718644	0.835062	0.874585	0.820353	0.704133	0.571149	0.451951	0.38892	0.38892	
-0.145191	-0.323135	-0.502846	-0.655678	-0.769961	-0.844047	-0.855018	-0.806791	-0.727051	-0.63329	-0.546681	-0.481198	-0.447273	-0.445713	-0.474787	-0.512522	-0.536937	-0.542312	-0.526994	-0.49559	-0.45325	-0.395051	-0.315064	-0.215542	-0.105654	-0.00179696	0.0703531	0.0892559	0.0474045	-0.0512892	-0.173979	-0.291002	-0.374268	-0.410768	-0.392128	-0.312922	-0.191801	-0.0344188	0.134804	0.307589	0.487965	0.641006	0.73769	0.745536	0.655294	0.506604	0.342095	0.206161	0.133297	0.133297	
-0.224519	-0.388313	-0.545258	-0.67463	-0.766793	-0.813227	-0.797775	-0.739158	-0.65343	-0.546681	-0.443976	-0.362351	-0.323678	-0.311956	-0.325236	-0.354356	-0.375629	-0.382185	-0.367802	-0.329697	-0.275781	-0.205118	-0.111156	-0.0102552	0.0909292	0.175022	0.219004	0.21179	0.138603	0.00895678	-0.144548	-0.289815	-0.393653	-0.448643	-0.445516	-0.373454	-0.247936	-0.0858217	0.084701	0.254163	0.421771	0.5553	0.623103	0.596039	0.471978	0.295704	0.112557	-0.0330147	-0.106602	-0.106602	
-0.301725	-0.448962	-0.583723	-0.696283	-0.76729	-0.785683	-0.754552	-0.690099	-0.596864	-0.481198	-0.362351	-0.266937	-0.210131	-0.179375	-0.175626	-0.192155	-0.207828	-0.210844	-0.192621	-0.148465	-0.0876884	-0.0102217	0.0854215	0.181689	0.26154	0.314674	0.325098	0.28316	0.184256	0.0341724	-0.134381	-0.29307	-0.418809	-0.495473	-0.50278	-0.433666	-0.305643	-0.142435	0.0290489	0.198528	0.355118	0.471981	0.514354	0.46338	0.317039	0.11637	-0.0779974	-0.232969	-0.313113	-0.313113	
-0.338815	-0.48227	-0.612886	-0.719055	-0.779094	-0.781196	-0.740722	-0.66809	-0.568646	-0.447273	-0.323678	-0.210131	-0.123927	-0.07103	-0.0413295	-0.0316223	-0.0294813	-0.019966	0.00544234	0.0467059	0.109646	0.188879	0.27869	0.358268	0.405355	0.413283	0.379809	0.300099	0.173638	0.0100161	-0.168971	-0.335516	-0.47088	-0.559445	-0.578156	-0.515531	-0.386779	-0.216099	-0.038366	0.132586	0.286074	0.39494	0.427711	0.358163	0.200752	-0.00598141	-0.210161	-0.363405	-0.442916	-0.442916	
-0.32055	-0.478716	-0.623241	-0.742124	-0.808872	-0.811164	-0.766899	-0.683457	-0.568252	-0.445713	-0.311956	-0.179375	-0.07103	0.00940314	0.0756432	0.124312	0.161453	0.196878	0.232104	0.275561	0.334978	0.404394	0.47068	0.514	0.516805	0.474197	0.392035	0.273924	0.118625	-0.0657115	-0.255815	-0.428387	-0.57038	-0.663369	-0.690803	-0.634403	-0.497175	-0.314375	-0.117681	0.0710506	0.227951	0.335011	0.360567	0.286516	0.129363	-0.0759871	-0.27252	-0.421526	-0.499619	-0.499619	
-0.266661	-0.445501	-0.615035	-0.757483	-0.842773	-0.86144	-0.824031	-0.732296	-0.607567	-0.474787	-0.325236	-0.175626	-0.0413295	0.0756432	0.186509	0.281694	0.361623	0.431168	0.486531	0.536596	0.592458	0.639711	0.668114	0.667084	0.614807	0.515704	0.383133	0.21826	0.0266069	-0.179097	-0.382238	-0.560892	-0.710038	-0.811359	-0.840369	-0.781529	-0.631377	-0.426836	-0.205623	0.00618408	0.174978	0.285032	0.310112	0.241072	0.0960014	-0.0976067	-0.281555	-0.421439	-0.4963	-0.4963	
-0.19126	-0.394609	-0.593369	-0.758564	-0.86853	-0.906119	-0.875225	-0.785373	-0.657147	-0.512522	-0.354356	-0.192155	-0.0316223	0.124312	0.281694	0.426816	0.555283	0.663755	0.745162	0.80788	0.856698	0.879248	0.868222	0.813224	0.700512	0.539259	0.352888	0.146545	-0.0701039	-0.289201	-0.505612	-0.698239	-0.852363	-0.956872	-0.994093	-0.934153	-0.777285	-0.551165	-0.299074	-0.066891	0.114096	0.230931	0.266781	0.208755	0.0834256	-0.0855989	-0.258394	-0.389279	-0.461491	-0.461491	
-0.127063	-0.353256	-0.575284	-0.762467	-0.88504	-0.929329	-0.901356	-0.814742	-0.685867	-0.536937	-0.375629	-0.207828	-0.0294813	0.161453	0.361623	0.555283	0.730227	0.872124	0.974692	1.04669	1.08811	1.08985	1.04117	0.931302	0.760667	0.549076	0.317524	0.0813858	-0.148303	-0.377464	-0.601788	-0.798003	-0.957779	-1.07112	-1.11315	-1.0624	-0.907705	-0.670673	-0.400406	-0.143199	0.0593756	0.187648	0.229783	0.1889	0.0790129	-0.0780351	-0.23545	-0.362275	-0.433473	-0.433473	
-0.0894689	-0.330465	-0.572633	-0.774234	-0.900375	-0.942792	-0.911249	-0.825193	-0.69649	-0.542312	-0.382185	-0.210844	-0.019966	0.196878	0.431168	0.663755	0.872124	1.03309	1.14261	1.2151	1.24949	1.23466	1.15567	1.00725	0.804776	0.561027	0.300429	0.0479406	-0.19181	-0.427791	-0.65376	-0.856211	-1.02344	-1.14232	-1.19037	-1.1491	-1.00459	-0.763901	-0.48178	-0.211024	0.00544548	0.141264	0.193288	0.166654	0.0709451	-0.0696017	-0.221801	-0.353396	-0.424939	-0.424939	
-0.0861265	-0.331706	-0.584856	-0.788629	-0.91115	-0.947235	-0.908369	-0.81689	-0.686911	-0.526994	-0.367802	-0.192621	0.00544234	0.232104	0.486531	0.745162	0.974692	1.14261	1.25016	1.31558	1.33909	1.30401	1.19956	1.03175	0.813068	0.553916	0.285523	0.0330506	-0.204649	-0.437266	-0.664397	-0.878867	-1.05008	-1.17011	-1.22556	-1.18991	-1.05342	-0.818831	-0.540875	-0.270984	-0.0522007	0.0859545	0.149727	0.137912	0.0581124	-0.0660135	-0.211224	-0.339376	-0.412077	-0.412077	
-0.112921	-0.35872	-0.608597	-0.807013	-0.918064	-0.944582	-0.894649	-0.793203	-0.656247	-0.49559	-0.329697	-0.148465	0.0467059	0.275561	0.536596	0.80788	1.04669	1.2151	1.31558	1.37102	1.37386	1.31417	1.18943	1.00023	0.76474	0.503459	0.243559	0.00251855	-0.22106	-0.439921	-0.66056	-0.876646	-1.05249	-1.17538	-1.2288	-1.19378	-1.06417	-0.842966	-0.573242	-0.305969	-0.0878744	0.0545217	0.119741	0.117997	0.0507378	-0.0640292	-0.198362	-0.323779	-0.394147	-0.394147	
-0.157368	-0.397823	-0.636874	-0.818964	-0.919385	-0.937071	-0.876356	-0.763841	-0.622452	-0.45325	-0.275781	-0.0876884	0.109646	0.334978	0.592458	0.856698	1.08811	1.24949	1.33909	1.37386	1.35409	1.27402	1.128	0.919061	0.672686	0.415444	0.166344	-0.0591069	-0.260067	-0.459192	-0.668378	-0.871833	-1.03703	-1.15694	-1.20611	-1.16839	-1.04604	-0.834341	-0.573701	-0.315196	-0.0982365	0.0490044	0.122108	0.125738	0.0635885	-0.047892	-0.183967	-0.308259	-0.380776	-0.380776	
-0.211445	-0.445468	-0.668419	-0.83604	-0.926875	-0.933963	-0.860357	-0.734452	-0.579502	-0.395051	-0.205118	-0.0102217	0.188879	0.404394	0.639711	0.879248	1.08985	1.23466	1.30401	1.31417	1.27402	1.17617	1.01213	0.794171	0.55259	0.304374	0.0712542	-0.130049	-0.307353	-0.484904	-0.672256	-0.855893	-1.01097	-1.12059	-1.15938	-1.11902	-0.998141	-0.793836	-0.548476	-0.300987	-0.084254	0.0664191	0.148187	0.157537	0.0948009	-0.0206999	-0.164831	-0.293641	-0.368983	-0.368983	
-0.283778	-0.504391	-0.704434	-0.855182	-0.931248	-0.922023	-0.834685	-0.693193	-0.513945	-0.315064	-0.111156	0.0854215	0.27869	0.47068	0.668114	0.868222	1.04117	1.15567	1.19956	1.18943	1.128	1.01213	0.842557	0.636718	0.409858	0.182542	-0.0172811	-0.185769	-0.339699	-0.496552	-0.657921	-0.817134	-0.959849	-1.05508	-1.08044	-1.03539	-0.912442	-0.725682	-0.500692	-0.264588	-0.0551644	0.098723	0.181338	0.191211	0.124494	0.00032072	-0.145128	-0.276006	-0.350228	-0.350228	
-0.373821	-0.566504	-0.733241	-0.853782	-0.906599	-0.875114	-0.777272	-0.623702	-0.427574	-0.215542	-0.0102552	0.181689	0.358268	0.514	0.667084	0.813224	0.931302	1.00725	1.03175	1.00023	0.919061	0.794171	0.636718	0.455808	0.258404	0.0697035	-0.086163	-0.217491	-0.346089	-0.477123	-0.616806	-0.7538	-0.867952	-0.940451	-0.961753	-0.914654	-0.792972	-0.624316	-0.420532	-0.207036	-0.0200354	0.123941	0.206988	0.209051	0.140101	0.0153007	-0.13522	-0.256785	-0.329463	-0.329463	
-0.464429	-0.620099	-0.743285	-0.823621	-0.839981	-0.78423	-0.67672	-0.51722	-0.313749	-0.105654	0.0909292	0.26154	0.405355	0.516805	0.614807	0.700512	0.760667	0.804776	0.813068	0.76474	0.672686	0.55259	0.409858	0.258404	0.102133	-0.0343785	-0.136761	-0.229804	-0.324645	-0.427877	-0.541216	-0.646882	-0.73781	-0.797227	-0.808391	-0.756785	-0.645782	-0.501059	-0.32347	-0.137988	0.0246704	0.156043	0.226332	0.218283	0.146535	0.0168074	-0.13234	-0.246597	-0.315923	-0.315923	
-0.529052	-0.649517	-0.731435	-0.770322	-0.746233	-0.665742	-0.54994	-0.388656	-0.193626	-0.00179696	0.175022	0.314674	0.413283	0.474197	0.515704	0.539259	0.549076	0.561027	0.553916	0.503459	0.415444	0.304374	0.182542	0.0697035	-0.0343785	-0.118177	-0.171999	-0.218375	-0.279126	-0.360458	-0.452523	-0.527323	-0.594199	-0.64317	-0.645489	-0.602525	-0.507433	-0.378235	-0.225498	-0.0634681	0.0820491	0.197647	0.253948	0.239577	0.159129	0.022851	-0.121745	-0.232114	-0.29679	-0.29679	
-0.542534	-0.638177	-0.69319	-0.696153	-0.645685	-0.55166	-0.428387	-0.276547	-0.104481	0.0703531	0.219004	0.325098	0.379809	0.392035	0.383133	0.352888	0.317524	0.300429	0.285523	0.243559	0.166344	0.0712542	-0.0172811	-0.086163	-0.136761	-0.171999	-0.181231	-0.191391	-0.237661	-0.306019	-0.379917	-0.441162	-0.489046	-0.520757	-0.521068	-0.482355	-0.398709	-0.281429	-0.140321	0.0101115	0.148126	0.252068	0.302333	0.282664	0.197346	0.0674337	-0.0729452	-0.178262	-0.234802	-0.234802	
-0.490328	-0.566743	-0.604236	-0.589661	-0.532264	-0.441632	-0.328687	-0.199463	-0.0572085	0.0892559	0.21179	0.28316	0.300099	0.273924	0.21826	0.146545	0.0813858	0.0479406	0.0330506	0.00251855	-0.0591069	-0.130049	-0.185769	-0.217491	-0.229804	-0.218375	-0.191391	-0.186894	-0.225551	-0.292443	-0.357646	-0.406724	-0.441516	-0.455469	-0.444163	-0.400943	-0.318991	-0.208686	-0.0722023	0.076157	0.214496	0.317797	0.365931	0.35314	0.277788	0.162187	0.0424334	-0.0478224	-0.0954981	-0.0954981	
-0.3713	-0.434834	-0.461549	-0.44759	-0.403633	-0.335892	-0.253134	-0.163989	-0.0624653	0.0474045	0.138603	0.184256	0.173638	0.118625	0.0266069	-0.0701039	-0.148303	-0.19181	-0.204649	-0.22106	-0.260067	-0.307353	-0.339699	-0.346089	-0.324645	-0.279126	-0.237661	-0.225551	-0.260081	-0.329094	-0.392086	-0.430666	-0.443818	-0.434781	-0.406925	-0.351692	-0.263916	-0.151385	-0.00824325	0.148342	0.290308	0.394875	0.452042	0.45299	0.397822	0.314643	0.222934	0.154291	0.120403	0.120403	
-0.209797	-0.261124	-0.287717	-0.28664	-0.267427	-0.242158	-0.20728	-0.169228	-0.119951	-0.0512892	0.00895678	0.0341724	0.0100161	-0.0657115	-0.179097	-0.289201	-0.377464	-0.427791	-0.437266	-0.439921	-0.459192	-0.484904	-0.496552	-0.477123	-0.427877	-0.360458	-0.306019	-0.292443	-0.329094	-0.395689	-0.452166	-0.480195	-0.475056	-0.444653	-0.392103	-0.31721	-0.223135	-0.101339	0.0504468	0.214732	0.371446	0.48924	0.559311	0.577616	0.551465	0.506088	0.449666	0.410968	0.393141	0.393141	
-0.0341243	-0.079565	-0.112524	-0.13064	-0.142104	-0.164539	-0.184139	-0.198859	-0.199359	-0.173979	-0.144548	-0.134381	-0.168971	-0.255815	-0.382238	-0.505612	-0.601788	-0.65376	-0.664397	-0.66056	-0.668378	-0.672256	-0.657921	-0.616806	-0.541216	-0.452523	-0.379917	-0.357646	-0.392086	-0.452166	-0.502213	-0.521792	-0.50202	-0.453153	-0.377609	-0.28633	-0.188753	-0.0589445	0.101544	0.274624	0.445299	0.577646	0.662859	0.711771	0.725098	0.716616	0.703786	0.694269	0.687576	0.687576	
0.139526	0.09035	0.0466972	0.00982874	-0.0354297	-0.0996405	-0.168985	-0.231342	-0.273787	-0.291002	-0.289815	-0.29307	-0.335516	-0.428387	-0.560892	-0.698239	-0.798003	-0.856211	-0.878867	-0.876646	-0.871833	-0.855893	-0.817134	-0.7538	-0.646882	-0.527323	-0.441162	-0.406724	-0.430666	-0.480195	-0.521792	-0.533165	-0.50273	-0.437564	-0.349764	-0.248209	-0.138639	-0.00931579	0.151729	0.330396	0.506915	0.65345	0.75689	0.830757	0.879161	0.913493	0.942705	0.96019	0.972119	0.972119	
0.298709	0.248164	0.194383	0.136203	0.0597226	-0.0389644	-0.151291	-0.247323	-0.322427	-0.374268	-0.393653	-0.418809	-0.47088	-0.57038	-0.710038	-0.852363	-0.957779	-1.02344	-1.05008	-1.05249	-1.03703	-1.01097	-0.959849	-0.867952	-0.73781	-0.594199	-0.489046	-0.441516	-0.443818	-0.475056	-0.50202	-0.50273	-0.470207	-0.387587	-0.282908	-0.174113	-0.0583629	0.0680338	0.220375	0.392369	0.565282	0.710853	0.826968	0.917648	0.990814	1.06227	1.12212	1.16354	1.18865	1.18865	
0.443973	0.395189	0.332443	0.25589	0.154544	0.0237304	-0.116663	-0.239334	-0.337957	-0.410768	-0.448643	-0.495473	-0.559445	-0.663369	-0.811359	-0.956872	-1.07112	-1.14232	-1.17011	-1.17538	-1.15694	-1.12059	-1.05508	-0.940451	-0.797227	-0.64317	-0.520757	-0.455469	-0.434781	-0.444653	-0.453153	-0.437564	-0.387587	-0.293344	-0.175364	-0.0551311	0.0586982	0.174982	0.309839	0.462885	0.614128	0.746786	0.858015	0.954401	1.04625	1.13858	1.22256	1.27786	1.30974	1.30974	
0.556771	0.51166	0.446609	0.358667	0.236404	0.0875442	-0.0686504	-0.207318	-0.314636	-0.392128	-0.445516	-0.50278	-0.578156	-0.690803	-0.840369	-0.994093	-1.11315	-1.19037	-1.22556	-1.2288	-1.20611	-1.15938	-1.08044	-0.961753	-0.808391	-0.645489	-0.521068	-0.444163	-0.406925	-0.392103	-0.377609	-0.349764	-0.282908	-0.175364	-0.0474584	0.0775232	0.190409	0.295201	0.403569	0.525289	0.642332	0.75797	0.854702	0.942952	1.0443	1.14196	1.23873	1.30538	1.33964	1.33964	
0.620538	0.585893	0.529224	0.442319	0.311274	0.159894	0.00269671	-0.139062	-0.243252	-0.312922	-0.373454	-0.433666	-0.515531	-0.634403	-0.781529	-0.934153	-1.0624	-1.1491	-1.18991	-1.19378	-1.16839	-1.11902	-1.03539	-0.914654	-0.756785	-0.602525	-0.482355	-0.400943	-0.351692	-0.31721	-0.28633	-0.248209	-0.174113	-0.0551311	0.0775232	0.204781	0.308945	0.392478	0.472771	0.557032	0.636289	0.719961	0.797926	0.881324	0.990328	1.09703	1.20011	1.27262	1.30406	1.30406	
0.629918	0.619123	0.583327	0.509237	0.392558	0.251758	0.101769	-0.0319285	-0.127333	-0.191801	-0.247936	-0.305643	-0.386779	-0.497175	-0.631377	-0.777285	-0.907705	-1.00459	-1.05342	-1.06417	-1.04604	-0.998141	-0.912442	-0.792972	-0.645782	-0.507433	-0.398709	-0.318991	-0.263916	-0.223135	-0.188753	-0.138639	-0.0583629	0.0586982	0.190409	0.308945	0.396572	0.454412	0.498781	0.539981	0.582034	0.632076	0.694151	0.775049	0.883188	1.00652	1.1207	1.19778	1.23642	1.23642	
0.596111	0.616216	0.611544	0.562779	0.474314	0.355251	0.22413	0.108354	0.0242985	-0.0344188	-0.0858217	-0.142435	-0.216099	-0.314375	-0.426836	-0.551165	-0.670673	-0.763901	-0.818831	-0.842966	-0.834341	-0.793836	-0.725682	-0.624316	-0.501059	-0.378235	-0.281429	-0.208686	-0.151385	-0.101339	-0.0589445	-0.00931579	0.0680338	0.174982	0.295201	0.392478	0.454412	0.485688	0.490968	0.487358	0.491956	0.505396	0.548858	0.630968	0.743308	0.880449	1.00121	1.08136	1.12164	1.12164	
0.541472	0.597111	0.626297	0.615246	0.561165	0.467216	0.36339	0.266022	0.191845	0.134804	0.084701	0.0290489	-0.038366	-0.117681	-0.205623	-0.299074	-0.400406	-0.48178	-0.540875	-0.573242	-0.573701	-0.548476	-0.500692	-0.420532	-0.32347	-0.225498	-0.140321	-0.0722023	-0.00824325	0.0504468	0.101544	0.151729	0.220375	0.309839	0.403569	0.472771	0.498781	0.490968	0.458387	0.409984	0.374834	0.358725	0.379469	0.459209	0.579983	0.724775	0.853218	0.93615	0.9755	0.9755	
0.467401	0.565835	0.635636	0.667928	0.652218	0.591009	0.511808	0.43418	0.367715	0.307589	0.254163	0.198528	0.132586	0.0710506	0.00618408	-0.066891	-0.143199	-0.211024	-0.270984	-0.305969	-0.315196	-0.300987	-0.264588	-0.207036	-0.137988	-0.0634681	0.0101115	0.076157	0.148342	0.214732	0.274624	0.330396	0.392369	0.462885	0.525289	0.557032	0.539981	0.487358	0.409984	0.325068	0.253946	0.208571	0.218468	0.289934	0.411317	0.563703	0.697837	0.788071	0.831011	0.831011	
0.396111	0.536494	0.648585	0.722955	0.746601	0.719257	0.669754	0.613262	0.551871	0.487965	0.421771	0.355118	0.286074	0.227951	0.174978	0.114096	0.0593756	0.00544548	-0.0522007	-0.0878744	-0.0982365	-0.084254	-0.0551644	-0.0200354	0.0246704	0.0820491	0.148126	0.214496	0.290308	0.371446	0.445299	0.506915	0.565282	0.614128	0.642332	0.636289	0.582034	0.491956	0.374834	0.253946	0.148386	0.0757161	0.0734121	0.143998	0.279493	0.443844	0.582566	0.680309	0.72269	0.72269	
0.326853	0.503104	0.661295	0.776353	0.842029	0.850984	0.825609	0.783031	0.718644	0.641006	0.5553	0.471981	0.39494	0.335011	0.285032	0.230931	0.187648	0.141264	0.0859545	0.0545217	0.0490044	0.0664191	0.098723	0.123941	0.156043	0.197647	0.252068	0.317797	0.394875	0.48924	0.577646	0.65345	0.710853	0.746786	0.75797	0.719961	0.632076	0.505396	0.358725	0.208571	0.0757161	-0.00312551	-0.0128114	0.057336	0.204068	0.376985	0.533414	0.650743	0.702584	0.702584	
0.26737	0.470127	0.662557	0.811366	0.909436	0.953335	0.946517	0.911555	0.835062	0.73769	0.623103	0.514354	0.427711	0.360567	0.310112	0.266781	0.229783	0.193288	0.149727	0.119741	0.122108	0.148187	0.181338	0.206988	0.226332	0.253948	0.302333	0.365931	0.452042	0.559311	0.662859	0.75689	0.826968	0.858015	0.854702	0.797926	0.694151	0.548858	0.379469	0.218468	0.0734121	-0.0128114	-0.0230831	0.0530114	0.209051	0.390943	0.566375	0.698426	0.762645	0.762645	
0.222765	0.443293	0.650333	0.81935	0.93502	1.00233	1.00745	0.964887	0.874585	0.745536	0.596039	0.46338	0.358163	0.286516	0.241072	0.208755	0.1889	0.166654	0.137912	0.117997	0.125738	0.157537	0.191211	0.209051	0.218283	0.239577	0.282664	0.35314	0.45299	0.577616	0.711771	0.830757	0.917648	0.954401	0.942952	0.881324	0.775049	0.630968	0.459209	0.289934	0.143998	0.057336	0.0530114	0.138276	0.29487	0.484895	0.670694	0.810184	0.887887	0.887887	
0.190355	0.417734	0.628003	0.801041	0.925644	0.996759	1.00251	0.93832	0.820353	0.655294	0.471978	0.317039	0.200752	0.129363	0.0960014	0.0834256	0.0790129	0.0709451	0.0581124	0.0507378	0.0635885	0.0948009	0.124494	0.140101	0.146535	0.159129	0.197346	0.277788	0.397822	0.551465	0.725098	0.879161	0.990814	1.04625	1.0443	0.990328	0.883188	0.743308	0.579983	0.411317	0.279493	0.204068	0.209051	0.29487	0.440303	0.630865	0.821667	0.977347	1.07009	1.07009	
0.172599	0.397814	0.60157	0.763805	0.884228	0.944363	0.942466	0.855668	0.704133	0.506604	0.295704	0.11637	-0.00598141	-0.0759871	-0.0976067	-0.0855989	-0.0780351	-0.0696017	-0.0660135	-0.0640292	-0.047892	-0.0206999	0.00032072	0.0153007	0.0168074	0.022851	0.0674337	0.162187	0.314643	0.506088	0.716616	0.913493	1.06227	1.13858	1.14196	1.09703	1.00652	0.880449	0.724775	0.563703	0.443844	0.376985	0.390943	0.484895	0.630865	0.819579	1.01575	1.18379	1.28315	1.28315	
0.143173	0.36677	0.564953	0.71973	0.827763	0.880125	0.861084	0.750762	0.571149	0.342095	0.112557	-0.0779974	-0.210161	-0.27252	-0.281555	-0.258394	-0.23545	-0.221801	-0.211224	-0.198362	-0.183967	-0.164831	-0.145128	-0.13522	-0.13234	-0.121745	-0.0729452	0.0424334	0.222934	0.449666	0.703786	0.942705	1.12212	1.22256	1.23873	1.20011	1.1207	1.00121	0.853218	0.697837	0.582566	0.533414	0.566375	0.670694	0.821667	1.01575	1.22551	1.41095	1.52449	1.52449	
0.10977	0.331544	0.522237	0.672432	0.769888	0.814015	0.782084	0.658309	0.451951	0.206161	-0.0330147	-0.232969	-0.363405	-0.421526	-0.421439	-0.389279	-0.362275	-0.353396	-0.339376	-0.323779	-0.308259	-0.293641	-0.276006	-0.256785	-0.246597	-0.232114	-0.178262	-0.0478224	0.154291	0.410968	0.694269	0.96019	1.16354	1.27786	1.30538	1.27262	1.19778	1.08136	0.93615	0.788071	0.680309	0.650743	0.698426	0.810184	0.977347	1.18379	1.41095	1.61838	1.74689	1.74689	
0.0819454	0.302722	0.493931	0.639799	0.734486	0.774555	0.735646	0.606573	0.38892	0.133297	-0.106602	-0.313113	-0.442916	-0.499619	-0.4963	-0.461491	-0.433473	-0.424939	-0.412077	-0.394147	-0.380776	-0.368983	-0.350228	-0.329463	-0.315923	-0.29679	-0.234802	-0.0954981	0.120403	0.393141	0.687576	0.972119	1.18865	1.30974	1.33964	1.30406	1.23642	1.12164	0.9755	0.831011	0.72269	0.702584	0.762645	0.887887	1.07009	1.28315	1.52449	1.74689	1.87876	1.87876	
0.0819454	0.302722	0.493931	0.639799	0.734486	0.774555	0.735646	0.606573	0.38892	0.133297	-0.106602	-0.313113	-0.442916	-0.499619	-0.4963	-0.461491	-0.433473	-0.424939	-0.412077	-0.394147	-0.380776	-0.368983	-0.350228	-0.329463	-0.315923	-0.29679	-0.234802	-0.0954981	0.120403	0.393141	0.687576	0.972119	1.18865	1.30974	1.33964	1.30406	1.23642	1.12164	0.9755	0.831011	0.72269	0.702584	0.762645	0.887887	1.07009	1.28315	1.52449	1.74689	1.87876	1.87876	
