-0.99376	-0.99376	-1.11643	-1.28462	-1.47549	-1.63598	-1.68767	-1.63228	-1.47454	-1.20346	-0.839813	-0.420792	0.0278542	0.500928	0.954389	1.33035	1.60273	1.77427	1.8422	1.77755	1.56878	1.24315	0.870977	0.523883	0.248286	0.0584692	-0.0583574	-0.122552	-0.154372	-0.169514	-0.175321	-0.178859	-0.179767	-0.182244	-0.183048	-0.186777	-0.188754	-0.19395	-0.198402	-0.204526	-0.211614	-0.218855	-0.225314	-0.23332	-0.236201	-0.24005	-0.240831	-0.241005	-0.241816	-0.249655	
-0.99376	-0.99376	-1.11643	-1.28462	-1.47549	-1.63598	-1.68767	-1.63228	-1.47454	-1.20346	-0.839813	-0.420792	0.0278542	0.500928	0.954389	1.33035	1.60273	1.77427	1.8422	1.77755	1.56878	1.24315	0.870977	0.523883	0.248286	0.0584692	-0.0583574	-0.122552	-0.154372	-0.169514	-0.175321	-0.178859	-0.179767	-0.182244	-0.183048	-0.186777	-0.188754	-0.19395	-0.198402	-0.204526	-0.211614	-0.218855	-0.225314	-0.23332	-0.236201	-0.24005	-0.240831	-0.241005	-0.241816	-0.249655	
-1.11643	-1.11643	-1.17468	-1.30417	-1.44877	-1.54943	-1.59328	-1.55087	-1.4066	-1.16372	-0.822887	-0.41722	0.0311531	0.495971	0.934236	1.30638	1.57965	1.74848	1.80246	1.73064	1.52467	1.21745	0.864105	0.52861	0.256446	0.0621628	-0.0611899	-0.130577	-0.167794	-0.184019	-0.192539	-0.195328	-0.197459	-0.19858	-0.199913	-0.201056	-0.202703	-0.203672	-0.205138	-0.206514	-0.206988	-0.209323	-0.21101	-0.21377	-0.220052	-0.226614	-0.23575	-0.248102	-0.263189	-0.27489	
-1.28462	-1.28462	-1.30417	-1.35832	-1.39601	-1.41571	-1.43348	-1.393	-1.27055	-1.06463	-0.768733	-0.390248	0.0442544	0.475313	0.880619	1.23394	1.5051	1.6688	1.70991	1.63253	1.44618	1.1791	0.865579	0.558066	0.293754	0.0937794	-0.0396222	-0.121148	-0.165095	-0.187289	-0.197772	-0.201823	-0.204641	-0.204611	-0.206745	-0.205386	-0.207401	-0.205545	-0.205959	-0.204543	-0.203434	-0.202107	-0.203792	-0.204117	-0.212687	-0.222466	-0.240594	-0.260302	-0.285361	-0.305012	
-1.47549	-1.47549	-1.44877	-1.39601	-1.33423	-1.29559	-1.26418	-1.20002	-1.07551	-0.884103	-0.634425	-0.305217	0.0672792	0.430801	0.777395	1.09212	1.35375	1.5102	1.54905	1.48121	1.33932	1.13151	0.88215	0.616498	0.368622	0.165473	0.0195138	-0.0772973	-0.130615	-0.161964	-0.174606	-0.182064	-0.184886	-0.185917	-0.188261	-0.188477	-0.191433	-0.193304	-0.197254	-0.201104	-0.208043	-0.213325	-0.223216	-0.231539	-0.241853	-0.252023	-0.263672	-0.274614	-0.282287	-0.294753	
-1.63598	-1.63598	-1.54943	-1.41571	-1.29559	-1.19552	-1.09378	-0.985771	-0.84277	-0.664707	-0.455135	-0.195939	0.0884583	0.380138	0.659294	0.93099	1.16356	1.30424	1.34107	1.29581	1.20165	1.0612	0.881986	0.662577	0.436795	0.232237	0.0707237	-0.0400824	-0.109674	-0.147748	-0.167623	-0.17698	-0.181437	-0.184578	-0.185971	-0.190155	-0.191897	-0.198535	-0.203353	-0.211956	-0.221311	-0.232835	-0.243946	-0.258217	-0.266978	-0.277623	-0.278347	-0.280401	-0.274575	-0.271978	
-1.68767	-1.68767	-1.59328	-1.43348	-1.26418	-1.09378	-0.921889	-0.766228	-0.616768	-0.461092	-0.287669	-0.0992468	0.109805	0.335136	0.558246	0.778505	0.958777	1.07547	1.11124	1.09444	1.04372	0.971307	0.852125	0.683516	0.480288	0.277223	0.101579	-0.0249634	-0.112189	-0.158788	-0.187627	-0.199609	-0.206889	-0.211978	-0.213767	-0.219565	-0.22138	-0.227707	-0.231398	-0.237885	-0.242244	-0.249631	-0.253031	-0.260245	-0.262483	-0.267578	-0.269378	-0.268683	-0.271726	-0.274292	
-1.63228	-1.63228	-1.55087	-1.393	-1.20002	-0.985771	-0.766228	-0.579468	-0.429061	-0.291096	-0.154192	-0.0245389	0.117182	0.280334	0.45117	0.604142	0.730723	0.825756	0.876508	0.897071	0.900416	0.88772	0.827124	0.708268	0.53061	0.331807	0.146173	-0.000890826	-0.102418	-0.165007	-0.199847	-0.218243	-0.227534	-0.233259	-0.237447	-0.240736	-0.245337	-0.247846	-0.252292	-0.25408	-0.256225	-0.25639	-0.255409	-0.253109	-0.25185	-0.24819	-0.254213	-0.260524	-0.275191	-0.300252	
-1.47454	-1.47454	-1.4066	-1.27055	-1.07551	-0.84277	-0.616768	-0.429061	-0.288992	-0.178219	-0.0781112	-0.000208031	0.0812424	0.18842	0.299523	0.393064	0.480991	0.572048	0.657049	0.7299	0.790601	0.829189	0.823538	0.746376	0.597413	0.404883	0.210051	0.0438763	-0.0755267	-0.154486	-0.1981	-0.222481	-0.233655	-0.239014	-0.242428	-0.243053	-0.245548	-0.244931	-0.246981	-0.24585	-0.246248	-0.245437	-0.244376	-0.243609	-0.246876	-0.249431	-0.260619	-0.283243	-0.313877	-0.359552	
-1.20346	-1.20346	-1.16372	-1.06463	-0.884103	-0.664707	-0.461092	-0.291096	-0.178219	-0.105047	-0.0603382	-0.047447	-0.0245429	0.0205854	0.0773207	0.131722	0.207991	0.319092	0.452136	0.585997	0.699864	0.787629	0.826476	0.790596	0.671574	0.491707	0.291317	0.110524	-0.0286356	-0.122927	-0.178154	-0.209265	-0.222532	-0.229284	-0.230471	-0.229871	-0.229308	-0.226769	-0.225907	-0.225943	-0.225292	-0.230656	-0.237245	-0.2473	-0.267739	-0.29111	-0.321059	-0.362156	-0.41037	-0.458951	
-0.839813	-0.839813	-0.822887	-0.768733	-0.634425	-0.455135	-0.287669	-0.154192	-0.0781112	-0.0603382	-0.0954417	-0.144771	-0.181753	-0.204813	-0.204999	-0.177052	-0.0940449	0.0391128	0.22522	0.41599	0.585433	0.719051	0.804768	0.810642	0.731469	0.57098	0.377505	0.185344	0.032454	-0.0782757	-0.145276	-0.183959	-0.203991	-0.211801	-0.218606	-0.218416	-0.222697	-0.224811	-0.227761	-0.236102	-0.243678	-0.255687	-0.277925	-0.297894	-0.331699	-0.374224	-0.417783	-0.471708	-0.534769	-0.587466	
-0.420792	-0.420792	-0.41722	-0.390248	-0.305217	-0.195939	-0.0992468	-0.0245389	-0.000208031	-0.047447	-0.144771	-0.245308	-0.355936	-0.463286	-0.522779	-0.507139	-0.423724	-0.264609	-0.0313896	0.20819	0.42835	0.607699	0.734544	0.784756	0.74706	0.614304	0.433999	0.23839	0.0727033	-0.0503208	-0.132804	-0.177455	-0.207604	-0.218802	-0.231229	-0.238794	-0.2469	-0.261159	-0.27269	-0.291332	-0.315379	-0.336417	-0.370578	-0.405364	-0.4391	-0.487919	-0.534588	-0.577	-0.632773	-0.690202	
0.0278542	0.0278542	0.0311531	0.0442544	0.0672792	0.0884583	0.109805	0.117182	0.0812424	-0.0245429	-0.181753	-0.355936	-0.557673	-0.736236	-0.826478	-0.81972	-0.731608	-0.543213	-0.286629	-0.0144706	0.244088	0.456712	0.61238	0.705484	0.698532	0.601397	0.432596	0.239807	0.0627841	-0.0737462	-0.168803	-0.22549	-0.260312	-0.281346	-0.294138	-0.310314	-0.321538	-0.340017	-0.361292	-0.381388	-0.415036	-0.444336	-0.480028	-0.525195	-0.563059	-0.604013	-0.653155	-0.686443	-0.710448	-0.743912	
0.500928	0.500928	0.495971	0.475313	0.430801	0.380138	0.335136	0.280334	0.18842	0.0205854	-0.204813	-0.463286	-0.736236	-0.951418	-1.06759	-1.07627	-0.985405	-0.791919	-0.538651	-0.246929	0.0340137	0.26603	0.451127	0.573651	0.598721	0.536464	0.382008	0.196413	0.0113653	-0.13932	-0.2439	-0.316162	-0.353916	-0.385691	-0.400423	-0.421892	-0.438794	-0.458232	-0.485007	-0.507252	-0.5373	-0.571328	-0.597981	-0.637243	-0.670911	-0.69787	-0.725204	-0.750551	-0.746709	-0.738825	
0.954389	0.954389	0.934236	0.880619	0.777395	0.659294	0.558246	0.45117	0.299523	0.0773207	-0.204999	-0.522779	-0.826478	-1.06759	-1.21332	-1.2465	-1.16716	-0.994202	-0.756111	-0.459174	-0.175	0.0743194	0.279502	0.421075	0.478956	0.443262	0.30745	0.130167	-0.0629934	-0.223691	-0.341718	-0.425223	-0.469472	-0.507044	-0.524686	-0.547254	-0.565894	-0.586258	-0.608668	-0.635496	-0.653176	-0.685414	-0.700556	-0.719615	-0.735197	-0.740282	-0.733995	-0.727605	-0.702622	-0.658061	
1.33035	1.33035	1.30638	1.23394	1.09212	0.93099	0.778505	0.604142	0.393064	0.131722	-0.177052	-0.507139	-0.81972	-1.07627	-1.2465	-1.30229	-1.24419	-1.10689	-0.887747	-0.610805	-0.331939	-0.0780781	0.133922	0.284101	0.367928	0.345765	0.23399	0.0565579	-0.138703	-0.310891	-0.443927	-0.532468	-0.589633	-0.621585	-0.646275	-0.659103	-0.675608	-0.688267	-0.698792	-0.715431	-0.721445	-0.731351	-0.737178	-0.73175	-0.723985	-0.705777	-0.672776	-0.630793	-0.577839	-0.510101	
1.60273	1.60273	1.57965	1.5051	1.35375	1.16356	0.958777	0.730723	0.480991	0.207991	-0.0940449	-0.423724	-0.731608	-0.985405	-1.16716	-1.24419	-1.2224	-1.11648	-0.930358	-0.681721	-0.415001	-0.164032	0.0453433	0.205278	0.300204	0.296633	0.201013	0.0285189	-0.169044	-0.351419	-0.497015	-0.592925	-0.657353	-0.689012	-0.71097	-0.719714	-0.725946	-0.729166	-0.728068	-0.725373	-0.718094	-0.705402	-0.687842	-0.663245	-0.632057	-0.591169	-0.540151	-0.479389	-0.403318	-0.305332	
1.77427	1.77427	1.74848	1.6688	1.5102	1.30424	1.07547	0.825756	0.572048	0.319092	0.0391128	-0.264609	-0.543213	-0.791919	-0.994202	-1.10689	-1.11648	-1.04713	-0.895226	-0.670857	-0.417548	-0.17104	0.0396277	0.204645	0.309342	0.323112	0.240481	0.0762014	-0.123396	-0.315434	-0.469878	-0.577077	-0.643712	-0.678077	-0.695589	-0.697893	-0.69696	-0.688161	-0.675972	-0.661325	-0.637249	-0.610272	-0.576686	-0.528003	-0.477775	-0.414921	-0.337862	-0.255698	-0.172218	-0.0636963	
1.8422	1.8422	1.80246	1.70991	1.54905	1.34107	1.11124	0.876508	0.657049	0.452136	0.22522	-0.0313896	-0.286629	-0.538651	-0.756111	-0.887747	-0.930358	-0.895226	-0.769955	-0.574469	-0.338092	-0.0973709	0.109886	0.27572	0.389735	0.413742	0.347301	0.189453	-0.00967889	-0.207739	-0.373771	-0.485846	-0.560993	-0.591802	-0.608817	-0.60317	-0.5922	-0.574294	-0.546945	-0.517499	-0.481529	-0.433045	-0.387387	-0.325073	-0.255844	-0.181604	-0.0953165	0.00742056	0.10442	0.211759	
1.77755	1.77755	1.73064	1.63253	1.48121	1.29581	1.09444	0.897071	0.7299	0.585997	0.41599	0.20819	-0.0144706	-0.246929	-0.459174	-0.610805	-0.681721	-0.670857	-0.574469	-0.407311	-0.18457	0.0490711	0.252087	0.42415	0.540955	0.580391	0.526011	0.378274	0.181071	-0.0224232	-0.195955	-0.316881	-0.395073	-0.429222	-0.441061	-0.432303	-0.41292	-0.38423	-0.349999	-0.303835	-0.258768	-0.196327	-0.135253	-0.0620585	0.015608	0.100161	0.184992	0.278568	0.369288	0.464283	
1.56878	1.56878	1.52467	1.44618	1.33932	1.20165	1.04372	0.900416	0.790601	0.699864	0.585433	0.42835	0.244088	0.0340137	-0.175	-0.331939	-0.415001	-0.417548	-0.338092	-0.18457	0.031272	0.260828	0.468593	0.644126	0.767869	0.820733	0.77894	0.641914	0.449085	0.240536	0.0627068	-0.0681718	-0.148318	-0.186415	-0.195272	-0.18359	-0.159164	-0.124339	-0.0842373	-0.033701	0.0175028	0.0804651	0.144147	0.214866	0.291281	0.367551	0.447338	0.530098	0.603125	0.675745	
1.24315	1.24315	1.21745	1.1791	1.13151	1.0612	0.971307	0.88772	0.829189	0.787629	0.719051	0.607699	0.456712	0.26603	0.0743194	-0.0780781	-0.164032	-0.17104	-0.0973709	0.0490711	0.260828	0.494541	0.70858	0.892133	1.02665	1.0937	1.06674	0.943548	0.755337	0.546894	0.362812	0.225165	0.139513	0.0971249	0.08732	0.0980793	0.123856	0.158539	0.19977	0.249034	0.298296	0.357589	0.414431	0.475927	0.539973	0.60358	0.662938	0.730961	0.787875	0.835932	
0.870977	0.870977	0.864105	0.865579	0.88215	0.881986	0.852125	0.827124	0.823538	0.826476	0.804768	0.734544	0.61238	0.451127	0.279502	0.133922	0.0453433	0.0396277	0.109886	0.252087	0.468593	0.70858	0.93386	1.13155	1.27845	1.36273	1.35351	1.24405	1.06524	0.85685	0.669034	0.524585	0.431999	0.38384	0.369248	0.37544	0.396678	0.427363	0.460573	0.505993	0.545116	0.595846	0.645235	0.692886	0.745037	0.794242	0.835763	0.877201	0.915608	0.939942	
0.523883	0.523883	0.52861	0.558066	0.616498	0.662577	0.683516	0.708268	0.746376	0.790596	0.810642	0.784756	0.705484	0.573651	0.421075	0.284101	0.205278	0.204645	0.27572	0.42415	0.644126	0.892133	1.13155	1.34071	1.50046	1.60254	1.60655	1.51417	1.34225	1.13563	0.946366	0.792468	0.697374	0.639062	0.622063	0.62163	0.637717	0.662562	0.689668	0.723007	0.756854	0.790118	0.826693	0.859485	0.892187	0.922271	0.946035	0.965793	0.97189	0.962198	
0.248286	0.248286	0.256446	0.293754	0.368622	0.436795	0.480288	0.53061	0.597413	0.671574	0.731469	0.74706	0.698532	0.598721	0.478956	0.367928	0.300204	0.309342	0.389735	0.540955	0.767869	1.02665	1.27845	1.50046	1.67649	1.79104	1.81426	1.73406	1.57204	1.36913	1.17526	1.01932	0.913422	0.852352	0.825317	0.819641	0.828343	0.84373	0.862413	0.886347	0.90527	0.928826	0.948335	0.960511	0.97269	0.976577	0.966459	0.954864	0.937739	0.897346	
0.0584692	0.0584692	0.0621628	0.0937794	0.165473	0.232237	0.277223	0.331807	0.404883	0.491707	0.57098	0.614304	0.601397	0.536464	0.443262	0.345765	0.296633	0.323112	0.413742	0.580391	0.820733	1.0937	1.36273	1.60254	1.79104	1.92551	1.96069	1.89706	1.74276	1.54273	1.34921	1.18479	1.07677	1.00383	0.972922	0.956668	0.955543	0.961441	0.964763	0.972827	0.976802	0.974873	0.975411	0.965401	0.950722	0.931935	0.90161	0.859294	0.810495	0.745402	
-0.0583574	-0.0583574	-0.0611899	-0.0396222	0.0195138	0.0707237	0.101579	0.146173	0.210051	0.291317	0.377505	0.433999	0.432596	0.382008	0.30745	0.23399	0.201013	0.240481	0.347301	0.526011	0.77894	1.06674	1.35351	1.60655	1.81426	1.96069	2.01405	1.9619	1.81753	1.62165	1.42588	1.25933	1.14179	1.06453	1.0218	0.997553	0.985474	0.9767	0.969183	0.959582	0.946511	0.928439	0.906868	0.874073	0.838951	0.795083	0.741111	0.685712	0.628398	0.555271	
-0.122552	-0.122552	-0.130577	-0.121148	-0.0772973	-0.0400824	-0.0249634	-0.000890826	0.0438763	0.110524	0.185344	0.23839	0.239807	0.196413	0.130167	0.0565579	0.0285189	0.0762014	0.189453	0.378274	0.641914	0.943548	1.24405	1.51417	1.73406	1.89706	1.9619	1.92324	1.78572	1.59405	1.39777	1.22647	1.10474	1.01802	0.968904	0.933864	0.910676	0.891572	0.868111	0.845973	0.817962	0.78326	0.749083	0.705338	0.657493	0.60852	0.550657	0.48752	0.429191	0.359914	
-0.154372	-0.154372	-0.167794	-0.165095	-0.130615	-0.109674	-0.112189	-0.102418	-0.0755267	-0.0286356	0.032454	0.0727033	0.0627841	0.0113653	-0.0629934	-0.138703	-0.169044	-0.123396	-0.00967889	0.181071	0.449085	0.755337	1.06524	1.34225	1.57204	1.74276	1.81753	1.78572	1.6549	1.46495	1.26903	1.09509	0.969051	0.878227	0.822721	0.781997	0.752698	0.725181	0.696925	0.66593	0.632708	0.592145	0.55356	0.50489	0.457587	0.408015	0.355491	0.302223	0.255015	0.201443	
-0.169514	-0.169514	-0.184019	-0.187289	-0.161964	-0.147748	-0.158788	-0.165007	-0.154486	-0.122927	-0.0782757	-0.0503208	-0.0737462	-0.13932	-0.223691	-0.310891	-0.351419	-0.315434	-0.207739	-0.0224232	0.240536	0.546894	0.85685	1.13563	1.36913	1.54273	1.62165	1.59405	1.46495	1.27739	1.08007	0.90574	0.777113	0.684533	0.626412	0.584121	0.552232	0.524292	0.494376	0.464261	0.431825	0.394918	0.359387	0.319292	0.278679	0.239501	0.196988	0.157053	0.12579	0.0850619	
-0.175321	-0.175321	-0.192539	-0.197772	-0.174606	-0.167623	-0.187627	-0.199847	-0.1981	-0.178154	-0.145276	-0.132804	-0.168803	-0.2439	-0.341718	-0.443927	-0.497015	-0.469878	-0.373771	-0.195955	0.0627068	0.362812	0.669034	0.946366	1.17526	1.34921	1.42588	1.39777	1.26903	1.08007	0.884169	0.708442	0.581804	0.488336	0.432979	0.390762	0.362147	0.336438	0.309983	0.284627	0.258058	0.226296	0.201637	0.168814	0.140201	0.114458	0.087457	0.0575476	0.0369244	0.0122217	
-0.178859	-0.178859	-0.195328	-0.201823	-0.182064	-0.17698	-0.199609	-0.218243	-0.222481	-0.209265	-0.183959	-0.177455	-0.22549	-0.316162	-0.425223	-0.532468	-0.592925	-0.577077	-0.485846	-0.316881	-0.0681718	0.225165	0.524585	0.792468	1.01932	1.18479	1.25933	1.22647	1.09509	0.90574	0.708442	0.535547	0.408495	0.319962	0.265137	0.228999	0.203851	0.183916	0.165348	0.146649	0.128679	0.108612	0.0901659	0.0693145	0.0503634	0.03151	0.0113783	-0.00311235	-0.0103895	-0.0286618	
-0.179767	-0.179767	-0.197459	-0.204641	-0.184886	-0.181437	-0.206889	-0.227534	-0.233655	-0.222532	-0.203991	-0.207604	-0.260312	-0.353916	-0.469472	-0.589633	-0.657353	-0.643712	-0.560993	-0.395073	-0.148318	0.139513	0.431999	0.697374	0.913422	1.07677	1.14179	1.10474	0.969051	0.777113	0.581804	0.408495	0.287314	0.198719	0.151072	0.116181	0.0965847	0.0819497	0.0661926	0.0549423	0.0424492	0.026277	0.0186348	0.00405528	-0.00688683	-0.0133354	-0.0219575	-0.0353945	-0.0409354	-0.052187	
-0.182244	-0.182244	-0.19858	-0.204611	-0.185917	-0.184578	-0.211978	-0.233259	-0.239014	-0.229284	-0.211801	-0.218802	-0.281346	-0.385691	-0.507044	-0.621585	-0.689012	-0.678077	-0.591802	-0.429222	-0.186415	0.0971249	0.38384	0.639062	0.852352	1.00383	1.06453	1.01802	0.878227	0.684533	0.488336	0.319962	0.198719	0.117535	0.0700994	0.0416295	0.0258137	0.0146924	0.00680503	-0.00011581	-0.00712529	-0.0136878	-0.0191191	-0.028263	-0.0334743	-0.0404592	-0.0502283	-0.0538004	-0.0514365	-0.0601621	
-0.183048	-0.183048	-0.199913	-0.206745	-0.188261	-0.185971	-0.213767	-0.237447	-0.242428	-0.230471	-0.218606	-0.231229	-0.294138	-0.400423	-0.524686	-0.646275	-0.71097	-0.695589	-0.608817	-0.441061	-0.195272	0.08732	0.369248	0.622063	0.825317	0.972922	1.0218	0.968904	0.822721	0.626412	0.432979	0.265137	0.151072	0.0700994	0.029033	0.00188688	-0.0116638	-0.0181321	-0.0267464	-0.0296592	-0.0343083	-0.0411539	-0.0422311	-0.0477456	-0.0511418	-0.0514364	-0.0535402	-0.0583743	-0.0588975	-0.0679377	
-0.186777	-0.186777	-0.201056	-0.205386	-0.188477	-0.190155	-0.219565	-0.240736	-0.243053	-0.229871	-0.218416	-0.238794	-0.310314	-0.421892	-0.547254	-0.659103	-0.719714	-0.697893	-0.60317	-0.432303	-0.18359	0.0980793	0.37544	0.62163	0.819641	0.956668	0.997553	0.933864	0.781997	0.584121	0.390762	0.228999	0.116181	0.0416295	0.00188688	-0.0226838	-0.0324242	-0.0393075	-0.0436103	-0.0441558	-0.0483168	-0.0496937	-0.0494591	-0.0548684	-0.0553523	-0.0567664	-0.063255	-0.0649008	-0.0624706	-0.0683459	
-0.188754	-0.188754	-0.202703	-0.207401	-0.191433	-0.191897	-0.22138	-0.245337	-0.245548	-0.229308	-0.222697	-0.2469	-0.321538	-0.438794	-0.565894	-0.675608	-0.725946	-0.69696	-0.5922	-0.41292	-0.159164	0.123856	0.396678	0.637717	0.828343	0.955543	0.985474	0.910676	0.752698	0.552232	0.362147	0.203851	0.0965847	0.0258137	-0.0116638	-0.0324242	-0.0431741	-0.0465511	-0.051454	-0.0511322	-0.0543929	-0.0549917	-0.0565189	-0.0592741	-0.0594521	-0.0604698	-0.0637983	-0.0633712	-0.0618556	-0.0705093	
-0.19395	-0.19395	-0.203672	-0.205545	-0.193304	-0.198535	-0.227707	-0.247846	-0.244931	-0.226769	-0.224811	-0.261159	-0.340017	-0.458232	-0.586258	-0.688267	-0.729166	-0.688161	-0.574294	-0.38423	-0.124339	0.158539	0.427363	0.662562	0.84373	0.961441	0.9767	0.891572	0.725181	0.524292	0.336438	0.183916	0.0819497	0.0146924	-0.0181321	-0.0393075	-0.0465511	-0.0506929	-0.0550771	-0.0535073	-0.0573914	-0.0582861	-0.0578508	-0.0609894	-0.0615917	-0.0614217	-0.0643226	-0.0640572	-0.0663683	-0.072626	
-0.198402	-0.198402	-0.205138	-0.205959	-0.197254	-0.203353	-0.231398	-0.252292	-0.246981	-0.225907	-0.227761	-0.27269	-0.361292	-0.485007	-0.608668	-0.698792	-0.728068	-0.675972	-0.546945	-0.349999	-0.0842373	0.19977	0.460573	0.689668	0.862413	0.964763	0.969183	0.868111	0.696925	0.494376	0.309983	0.165348	0.0661926	0.00680503	-0.0267464	-0.0436103	-0.051454	-0.0550771	-0.0584287	-0.0558145	-0.0614909	-0.0569481	-0.0592963	-0.0616563	-0.0598406	-0.060704	-0.0678034	-0.0668547	-0.0659187	-0.0710205	
-0.204526	-0.204526	-0.206514	-0.204543	-0.201104	-0.211956	-0.237885	-0.25408	-0.24585	-0.225943	-0.236102	-0.291332	-0.381388	-0.507252	-0.635496	-0.715431	-0.725373	-0.661325	-0.517499	-0.303835	-0.033701	0.249034	0.505993	0.723007	0.886347	0.972827	0.959582	0.845973	0.66593	0.464261	0.284627	0.146649	0.0549423	-0.00011581	-0.0296592	-0.0441558	-0.0511322	-0.0535073	-0.0558145	-0.0557593	-0.0584797	-0.0579213	-0.0621276	-0.062449	-0.0636325	-0.0669436	-0.0676574	-0.0613612	-0.0674568	-0.0734794	
-0.211614	-0.211614	-0.206988	-0.203434	-0.208043	-0.221311	-0.242244	-0.256225	-0.246248	-0.225292	-0.243678	-0.315379	-0.415036	-0.5373	-0.653176	-0.721445	-0.718094	-0.637249	-0.481529	-0.258768	0.0175028	0.298296	0.545116	0.756854	0.90527	0.976802	0.946511	0.817962	0.632708	0.431825	0.258058	0.128679	0.0424492	-0.00712529	-0.0343083	-0.0483168	-0.0543929	-0.0573914	-0.0614909	-0.0584797	-0.0646388	-0.0606478	-0.062475	-0.0627364	-0.0621826	-0.0611843	-0.0650705	-0.0674534	-0.0729066	-0.0734198	
-0.218855	-0.218855	-0.209323	-0.202107	-0.213325	-0.232835	-0.249631	-0.25639	-0.245437	-0.230656	-0.255687	-0.336417	-0.444336	-0.571328	-0.685414	-0.731351	-0.705402	-0.610272	-0.433045	-0.196327	0.0804651	0.357589	0.595846	0.790118	0.928826	0.974873	0.928439	0.78326	0.592145	0.394918	0.226296	0.108612	0.026277	-0.0136878	-0.0411539	-0.0496937	-0.0549917	-0.0582861	-0.0569481	-0.0579213	-0.0606478	-0.0560864	-0.0632292	-0.0625188	-0.0633168	-0.0687118	-0.0729416	-0.0657386	-0.0706009	-0.0704818	
-0.225314	-0.225314	-0.21101	-0.203792	-0.223216	-0.243946	-0.253031	-0.255409	-0.244376	-0.237245	-0.277925	-0.370578	-0.480028	-0.597981	-0.700556	-0.737178	-0.687842	-0.576686	-0.387387	-0.135253	0.144147	0.414431	0.645235	0.826693	0.948335	0.975411	0.906868	0.749083	0.55356	0.359387	0.201637	0.0901659	0.0186348	-0.0191191	-0.0422311	-0.0494591	-0.0565189	-0.0578508	-0.0592963	-0.0621276	-0.062475	-0.0632292	-0.0674474	-0.064239	-0.0661711	-0.0683608	-0.0642022	-0.0646371	-0.0752986	-0.0741124	
-0.23332	-0.23332	-0.21377	-0.204117	-0.231539	-0.258217	-0.260245	-0.253109	-0.243609	-0.2473	-0.297894	-0.405364	-0.525195	-0.637243	-0.719615	-0.73175	-0.663245	-0.528003	-0.325073	-0.0620585	0.214866	0.475927	0.692886	0.859485	0.960511	0.965401	0.874073	0.705338	0.50489	0.319292	0.168814	0.0693145	0.00405528	-0.028263	-0.0477456	-0.0548684	-0.0592741	-0.0609894	-0.0616563	-0.062449	-0.0627364	-0.0625188	-0.064239	-0.0625323	-0.0661192	-0.0672655	-0.0687068	-0.0731972	-0.0780934	-0.0714935	
-0.236201	-0.236201	-0.220052	-0.212687	-0.241853	-0.266978	-0.262483	-0.25185	-0.246876	-0.267739	-0.331699	-0.4391	-0.563059	-0.670911	-0.735197	-0.723985	-0.632057	-0.477775	-0.255844	0.015608	0.291281	0.539973	0.745037	0.892187	0.97269	0.950722	0.838951	0.657493	0.457587	0.278679	0.140201	0.0503634	-0.00688683	-0.0334743	-0.0511418	-0.0553523	-0.0594521	-0.0615917	-0.0598406	-0.0636325	-0.0621826	-0.0633168	-0.0661711	-0.0661192	-0.0686416	-0.0709025	-0.0712603	-0.0726916	-0.0736269	-0.0705471	
-0.24005	-0.24005	-0.226614	-0.222466	-0.252023	-0.277623	-0.267578	-0.24819	-0.249431	-0.29111	-0.374224	-0.487919	-0.604013	-0.69787	-0.740282	-0.705777	-0.591169	-0.414921	-0.181604	0.100161	0.367551	0.60358	0.794242	0.922271	0.976577	0.931935	0.795083	0.60852	0.408015	0.239501	0.114458	0.03151	-0.0133354	-0.0404592	-0.0514364	-0.0567664	-0.0604698	-0.0614217	-0.060704	-0.0669436	-0.0611843	-0.0687118	-0.0683608	-0.0672655	-0.0709025	-0.0725725	-0.0687692	-0.0722665	-0.0765746	-0.076968	
-0.240831	-0.240831	-0.23575	-0.240594	-0.263672	-0.278347	-0.269378	-0.254213	-0.260619	-0.321059	-0.417783	-0.534588	-0.653155	-0.725204	-0.733995	-0.672776	-0.540151	-0.337862	-0.0953165	0.184992	0.447338	0.662938	0.835763	0.946035	0.966459	0.90161	0.741111	0.550657	0.355491	0.196988	0.087457	0.0113783	-0.0219575	-0.0502283	-0.0535402	-0.063255	-0.0637983	-0.0643226	-0.0678034	-0.0676574	-0.0650705	-0.0729416	-0.0642022	-0.0687068	-0.0712603	-0.0687692	-0.0684622	-0.0818382	-0.0792988	-0.0770329	
-0.241005	-0.241005	-0.248102	-0.260302	-0.274614	-0.280401	-0.268683	-0.260524	-0.283243	-0.362156	-0.471708	-0.577	-0.686443	-0.750551	-0.727605	-0.630793	-0.479389	-0.255698	0.00742056	0.278568	0.530098	0.730961	0.877201	0.965793	0.954864	0.859294	0.685712	0.48752	0.302223	0.157053	0.0575476	-0.00311235	-0.0353945	-0.0538004	-0.0583743	-0.0649008	-0.0633712	-0.0640572	-0.0668547	-0.0613612	-0.0674534	-0.0657386	-0.0646371	-0.0731972	-0.0726916	-0.0722665	-0.0818382	-0.0837547	-0.0712225	-0.0796993	
-0.241816	-0.241816	-0.263189	-0.285361	-0.282287	-0.274575	-0.271726	-0.275191	-0.313877	-0.41037	-0.534769	-0.632773	-0.710448	-0.746709	-0.702622	-0.577839	-0.403318	-0.172218	0.10442	0.369288	0.603125	0.787875	0.915608	0.97189	0.937739	0.810495	0.628398	0.429191	0.255015	0.12579	0.0369244	-0.0103895	-0.0409354	-0.0514365	-0.0588975	-0.0624706	-0.0618556	-0.0663683	-0.0659187	-0.0674568	-0.0729066	-0.0706009	-0.0752986	-0.0780934	-0.0736269	-0.0765746	-0.0792988	-0.0712225	-0.0749623	-0.0907162	
-0.249655	-0.249655	-0.27489	-0.305012	-0.294753	-0.271978	-0.274292	-0.300252	-0.359552	-0.458951	-0.587466	-0.690202	-0.743912	-0.738825	-0.658061	-0.510101	-0.305332	-0.0636963	0.211759	0.464283	0.675745	0.835932	0.939942	0.962198	0.897346	0.745402	0.555271	0.359914	0.201443	0.0850619	0.0122217	-0.0286618	-0.052187	-0.0601621	-0.0679377	-0.0683459	-0.0705093	-0.072626	-0.0710205	-0.0734794	-0.0734198	-0.0704818	-0.0741124	-0.0714935	-0.0705471	-0.076968	-0.0770329	-0.0796993	-0.0907162	-0.0947387	
