2.27403	2.27403	2.27671	2.27131	2.24383	2.17426	2.04049	1.83875	1.5957	1.35267	1.13947	0.983131	0.915758	0.95451	1.09051	1.27671	1.46698	1.61638	1.71649	1.76649	1.75415	1.65917	1.47108	1.2186	0.941277	0.699119	0.525383	0.411326	0.324598	0.249995	0.177477	0.0962432	0.0143081	-0.0301112	-0.0184312	0.0586225	0.195729	0.351146	0.463998	0.503585	0.476646	0.412192	0.32008	0.209509	0.0774833	-0.0542508	-0.138755	-0.138667	-0.0392583	0.152197	
2.27403	2.27403	2.27671	2.27131	2.24383	2.17426	2.04049	1.83875	1.5957	1.35267	1.13947	0.983131	0.915758	0.95451	1.09051	1.27671	1.46698	1.61638	1.71649	1.76649	1.75415	1.65917	1.47108	1.2186	0.941277	0.699119	0.525383	0.411326	0.324598	0.249995	0.177477	0.0962432	0.0143081	-0.0301112	-0.0184312	0.0586225	0.195729	0.351146	0.463998	0.503585	0.476646	0.412192	0.32008	0.209509	0.0774833	-0.0542508	-0.138755	-0.138667	-0.0392583	0.152197	
2.27671	2.27671	2.27974	2.27626	2.24968	2.18313	2.05142	1.85338	1.61257	1.3705	1.15602	0.995515	0.920638	0.947877	1.06892	1.2381	1.41163	1.54626	1.6372	1.683	1.67452	1.58981	1.4174	1.18389	0.924195	0.696745	0.532327	0.422893	0.339008	0.266335	0.195604	0.117926	0.0373334	-0.00847794	-0.00448944	0.0589605	0.176708	0.31223	0.406916	0.436232	0.405642	0.344518	0.259102	0.158262	0.0343745	-0.0888164	-0.165544	-0.158253	-0.0519088	0.146621	
2.27131	2.27131	2.27626	2.27391	2.25204	2.18791	2.06309	1.87015	1.63525	1.3952	1.179	1.01227	0.924384	0.932347	1.02745	1.16832	1.31268	1.4249	1.49938	1.54148	1.53916	1.47277	1.32822	1.1251	0.897048	0.693859	0.545566	0.445887	0.366951	0.297738	0.230991	0.154974	0.0771791	0.0256775	0.017339	0.0590742	0.148713	0.251562	0.320378	0.329434	0.290671	0.228414	0.151568	0.0611153	-0.0457173	-0.151845	-0.21174	-0.1886	-0.0680923	0.138609	
2.24383	2.24383	2.24968	2.25204	2.2325	2.17574	2.05614	1.87251	1.64306	1.40526	1.18548	1.00875	0.903302	0.885362	0.948048	1.05369	1.16606	1.25225	1.3143	1.3536	1.36416	1.32166	1.21037	1.04621	0.854563	0.683021	0.557396	0.472023	0.404614	0.342626	0.278448	0.2046	0.12155	0.0599793	0.0324843	0.0491219	0.106854	0.178663	0.217357	0.206761	0.153738	0.0860628	0.00920076	-0.0706549	-0.163007	-0.246687	-0.282522	-0.238034	-0.102062	0.115199	
2.17426	2.17426	2.18313	2.18791	2.17574	2.12319	2.01372	1.83723	1.61512	1.37704	1.15076	0.960063	0.831721	0.783059	0.807963	0.876625	0.954242	1.01909	1.06851	1.11155	1.13573	1.11972	1.04556	0.921752	0.77486	0.642945	0.550049	0.492148	0.444401	0.394783	0.334352	0.252537	0.158493	0.0749377	0.0232729	0.0128416	0.0429651	0.0850157	0.100801	0.0678059	-0.000124654	-0.0813153	-0.160637	-0.238123	-0.313927	-0.37599	-0.38947	-0.326773	-0.178348	0.0414581	
2.04049	2.04049	2.05142	2.06309	2.05614	2.01372	1.91179	1.74633	1.52879	1.28955	1.05273	0.844255	0.689696	0.607576	0.595296	0.627896	0.6784	0.725398	0.772417	0.820241	0.861512	0.870554	0.830558	0.74876	0.647717	0.562767	0.514035	0.493146	0.478066	0.448442	0.392852	0.305444	0.193061	0.0856233	0.00515558	-0.0336037	-0.0327594	-0.0175181	-0.0273642	-0.0782883	-0.16347	-0.256449	-0.344571	-0.421514	-0.491752	-0.540918	-0.541214	-0.4681	-0.314386	-0.0902345	
1.83875	1.83875	1.85338	1.87015	1.87251	1.83723	1.74633	1.58845	1.37673	1.13296	0.884863	0.657413	0.478032	0.366559	0.32228	0.32924	0.359685	0.401491	0.449008	0.506994	0.561507	0.591422	0.581733	0.53727	0.483353	0.448747	0.447889	0.472427	0.493349	0.489225	0.443993	0.352775	0.231028	0.103763	0.00113667	-0.0621463	-0.0887419	-0.102703	-0.137062	-0.210088	-0.30998	-0.418532	-0.515793	-0.601451	-0.673825	-0.722336	-0.720579	-0.645573	-0.487244	-0.257575	
1.5957	1.5957	1.61257	1.63525	1.64306	1.61512	1.52879	1.37673	1.16367	0.912585	0.648388	0.401905	0.200355	0.0654095	0.000329104	-0.00839214	0.017785	0.0628307	0.122284	0.192044	0.261542	0.309936	0.327307	0.318187	0.308476	0.320356	0.365454	0.428413	0.484754	0.505227	0.475031	0.391771	0.271492	0.139733	0.0250536	-0.0566203	-0.106882	-0.14841	-0.207	-0.295945	-0.410366	-0.531345	-0.644141	-0.747313	-0.835847	-0.895908	-0.902033	-0.827583	-0.665032	-0.425883	
1.35267	1.35267	1.3705	1.3952	1.40526	1.37704	1.28955	1.13296	0.912585	0.645458	0.362168	0.0947653	-0.125706	-0.276894	-0.355368	-0.367808	-0.338867	-0.280417	-0.205971	-0.11984	-0.0345991	0.0343826	0.0803882	0.107453	0.139417	0.193504	0.273703	0.36726	0.447884	0.491446	0.478513	0.411588	0.306578	0.182335	0.0671695	-0.0224602	-0.0903188	-0.150408	-0.225153	-0.324984	-0.446094	-0.580289	-0.710935	-0.836677	-0.948364	-1.02738	-1.04589	-0.979776	-0.819622	-0.57772	
1.13947	1.13947	1.15602	1.179	1.18548	1.15076	1.05273	0.884863	0.648388	0.362168	0.0568483	-0.228936	-0.46275	-0.624103	-0.706615	-0.718385	-0.679776	-0.606718	-0.514739	-0.412045	-0.30935	-0.218436	-0.142028	-0.0810967	-0.0120018	0.0731623	0.178269	0.288576	0.387947	0.449809	0.459157	0.415285	0.334483	0.228941	0.12445	0.0368802	-0.0324899	-0.100593	-0.18003	-0.281679	-0.409445	-0.555925	-0.705604	-0.856696	-0.989543	-1.08459	-1.11869	-1.06518	-0.91935	-0.693229	
0.983131	0.983131	0.995515	1.01227	1.00875	0.960063	0.844255	0.657413	0.401905	0.0947653	-0.228936	-0.527308	-0.767289	-0.929838	-1.01212	-1.01843	-0.970227	-0.882599	-0.774132	-0.655642	-0.536117	-0.42392	-0.322444	-0.234796	-0.143247	-0.0418336	0.071252	0.187229	0.295203	0.376067	0.408248	0.395783	0.349017	0.275649	0.197534	0.131961	0.0741975	0.0139011	-0.0650694	-0.169324	-0.303983	-0.46514	-0.634535	-0.803159	-0.951475	-1.05912	-1.10447	-1.06903	-0.947653	-0.746477	
0.915758	0.915758	0.920638	0.924384	0.903302	0.831721	0.689696	0.478032	0.200355	-0.125706	-0.46275	-0.767289	-1.00495	-1.16477	-1.2427	-1.24509	-1.18896	-1.08937	-0.967852	-0.835916	-0.703668	-0.577705	-0.460766	-0.36222	-0.264193	-0.163172	-0.0547657	0.0564996	0.168468	0.261762	0.317895	0.336443	0.330059	0.300728	0.266256	0.238985	0.213553	0.170081	0.0984667	-0.00664247	-0.151389	-0.327961	-0.513599	-0.69882	-0.856551	-0.967771	-1.02058	-0.996108	-0.893524	-0.718066	
0.95451	0.95451	0.947877	0.932347	0.885362	0.783059	0.607576	0.366559	0.0654095	-0.276894	-0.624103	-0.929838	-1.16477	-1.32148	-1.39986	-1.40321	-1.34355	-1.23644	-1.1032	-0.960741	-0.820173	-0.68695	-0.566706	-0.469036	-0.377968	-0.288718	-0.19329	-0.0943387	0.0121963	0.111898	0.183297	0.23188	0.267397	0.289146	0.306468	0.326797	0.335704	0.314378	0.251892	0.150452	0.00562795	-0.173908	-0.36676	-0.558006	-0.720258	-0.835232	-0.889842	-0.871468	-0.781103	-0.620881	
1.09051	1.09051	1.06892	1.02745	0.948048	0.807963	0.595296	0.32228	0.000329104	-0.355368	-0.706615	-1.01212	-1.2427	-1.39986	-1.48251	-1.49119	-1.43239	-1.32002	-1.17955	-1.0323	-0.891734	-0.763272	-0.650536	-0.563372	-0.485948	-0.409906	-0.329966	-0.245466	-0.150107	-0.0541852	0.0252709	0.094271	0.164488	0.229784	0.290596	0.348757	0.387786	0.387423	0.342789	0.259571	0.132904	-0.0323764	-0.216601	-0.403868	-0.563366	-0.672347	-0.722542	-0.703062	-0.618719	-0.470185	
1.27671	1.27671	1.2381	1.16832	1.05369	0.876625	0.627896	0.32924	-0.00839214	-0.367808	-0.718385	-1.01843	-1.24509	-1.40321	-1.49119	-1.50602	-1.44682	-1.32973	-1.18425	-1.03698	-0.905089	-0.789017	-0.69162	-0.619672	-0.557421	-0.498464	-0.436309	-0.374097	-0.29891	-0.215567	-0.136791	-0.0539005	0.0407924	0.136283	0.224277	0.303375	0.360361	0.378038	0.355935	0.303959	0.211317	0.0793448	-0.0785689	-0.246353	-0.389337	-0.485229	-0.526604	-0.505882	-0.428019	-0.292447	
1.46698	1.46698	1.41163	1.31268	1.16606	0.954242	0.6784	0.359685	0.017785	-0.338867	-0.679776	-0.970227	-1.18896	-1.34355	-1.43239	-1.44682	-1.38306	-1.26049	-1.11268	-0.973966	-0.858186	-0.763214	-0.686365	-0.631574	-0.587894	-0.546883	-0.508318	-0.471699	-0.422377	-0.356457	-0.283148	-0.196643	-0.0919496	0.0141403	0.108932	0.194881	0.261487	0.297758	0.305366	0.289611	0.240128	0.149041	0.0246735	-0.113036	-0.23162	-0.307368	-0.333306	-0.306332	-0.232539	-0.103478	
1.61638	1.61638	1.54626	1.4249	1.25225	1.01909	0.725398	0.401491	0.0628307	-0.280417	-0.606718	-0.882599	-1.08937	-1.23644	-1.32002	-1.32973	-1.26049	-1.13412	-0.992043	-0.867043	-0.773814	-0.701001	-0.644152	-0.605903	-0.579675	-0.55967	-0.545273	-0.536381	-0.51237	-0.465511	-0.402588	-0.320683	-0.221144	-0.119546	-0.0294403	0.052741	0.125175	0.176414	0.206852	0.22503	0.213105	0.161974	0.0763745	-0.0288954	-0.119761	-0.170952	-0.179273	-0.142223	-0.0614788	0.0662828	
1.71649	1.71649	1.6372	1.49938	1.3143	1.06851	0.772417	0.449008	0.122284	-0.205971	-0.514739	-0.774132	-0.967852	-1.1032	-1.17955	-1.18425	-1.11268	-0.992043	-0.862285	-0.759554	-0.689455	-0.638658	-0.599142	-0.574775	-0.564364	-0.561122	-0.565849	-0.575154	-0.569759	-0.539345	-0.488668	-0.421631	-0.336281	-0.249738	-0.173111	-0.0991046	-0.0300718	0.025093	0.0706893	0.107206	0.125485	0.108846	0.0546251	-0.0196739	-0.0820063	-0.108001	-0.0894885	-0.0289147	0.0658569	0.202409	
1.76649	1.76649	1.683	1.54148	1.3536	1.11155	0.820241	0.506994	0.192044	-0.11984	-0.412045	-0.655642	-0.835916	-0.960741	-1.0323	-1.03698	-0.973966	-0.867043	-0.759554	-0.679772	-0.632141	-0.598289	-0.572035	-0.556908	-0.555799	-0.560443	-0.571913	-0.588376	-0.594137	-0.578675	-0.545916	-0.496222	-0.430854	-0.361535	-0.299493	-0.241253	-0.184812	-0.13599	-0.0929811	-0.0478485	-0.0137294	-0.00995921	-0.0389901	-0.08778	-0.122482	-0.113517	-0.0584972	0.0313049	0.150071	0.295045	
1.75415	1.75415	1.67452	1.53916	1.36416	1.13573	0.861512	0.561507	0.261542	-0.0345991	-0.30935	-0.536117	-0.703668	-0.820173	-0.891734	-0.905089	-0.858186	-0.773814	-0.689455	-0.632141	-0.600497	-0.579324	-0.560326	-0.548752	-0.547257	-0.548202	-0.555883	-0.571868	-0.586695	-0.590027	-0.575091	-0.544743	-0.494345	-0.44002	-0.394354	-0.355084	-0.31899	-0.289053	-0.255251	-0.217666	-0.181727	-0.168183	-0.182628	-0.208245	-0.210794	-0.165617	-0.0735351	0.0481815	0.186287	0.342502	
1.65917	1.65917	1.58981	1.47277	1.32166	1.11972	0.870554	0.591422	0.309936	0.0343826	-0.218436	-0.42392	-0.577705	-0.68695	-0.763272	-0.789017	-0.763214	-0.701001	-0.638658	-0.598289	-0.579324	-0.566477	-0.551653	-0.537666	-0.52722	-0.517138	-0.515724	-0.530676	-0.556793	-0.577753	-0.580428	-0.561577	-0.52173	-0.481088	-0.45143	-0.434243	-0.422272	-0.411984	-0.3964	-0.374047	-0.346596	-0.335137	-0.338596	-0.343758	-0.319008	-0.242733	-0.119198	0.0263518	0.186435	0.35831	
1.47108	1.47108	1.4174	1.32822	1.21037	1.04556	0.830558	0.581733	0.327307	0.0803882	-0.142028	-0.322444	-0.460766	-0.566706	-0.650536	-0.69162	-0.686365	-0.644152	-0.599142	-0.572035	-0.560326	-0.551653	-0.533888	-0.509854	-0.484508	-0.460368	-0.453929	-0.473308	-0.513465	-0.552811	-0.567486	-0.554806	-0.52087	-0.489061	-0.472867	-0.473032	-0.481714	-0.494104	-0.501633	-0.50212	-0.491638	-0.483608	-0.478095	-0.465564	-0.420708	-0.323655	-0.181043	-0.0152091	0.166002	0.358409	
1.2186	1.2186	1.18389	1.1251	1.04621	0.921752	0.74876	0.53727	0.318187	0.107453	-0.0810967	-0.234796	-0.36222	-0.469036	-0.563372	-0.619672	-0.631574	-0.605903	-0.574775	-0.556908	-0.548752	-0.537666	-0.509854	-0.471948	-0.428779	-0.395936	-0.388356	-0.414799	-0.466036	-0.516282	-0.536665	-0.527158	-0.49573	-0.473686	-0.468524	-0.484439	-0.513677	-0.549752	-0.578937	-0.599913	-0.599687	-0.592635	-0.580035	-0.560027	-0.506956	-0.401689	-0.244823	-0.0577934	0.1478	0.360075	
0.941277	0.941277	0.924195	0.897048	0.854563	0.77486	0.647717	0.483353	0.308476	0.139417	-0.0120018	-0.143247	-0.264193	-0.377968	-0.485948	-0.557421	-0.587894	-0.579675	-0.564364	-0.555799	-0.547257	-0.52722	-0.484508	-0.428779	-0.371673	-0.331275	-0.324629	-0.354003	-0.409378	-0.463102	-0.488339	-0.478815	-0.451679	-0.43569	-0.440229	-0.470152	-0.519907	-0.575153	-0.622413	-0.653056	-0.657377	-0.650027	-0.633662	-0.608474	-0.550649	-0.435463	-0.263701	-0.0609253	0.158391	0.378254	
0.699119	0.699119	0.696745	0.693859	0.683021	0.642945	0.562767	0.448747	0.320356	0.193504	0.0731623	-0.0418336	-0.163172	-0.288718	-0.409906	-0.498464	-0.546883	-0.55967	-0.561122	-0.560443	-0.548202	-0.517138	-0.460368	-0.395936	-0.331275	-0.290232	-0.282288	-0.309487	-0.359429	-0.410904	-0.432849	-0.421172	-0.391357	-0.379208	-0.39382	-0.439047	-0.505492	-0.57577	-0.627941	-0.659033	-0.664259	-0.654527	-0.63407	-0.602247	-0.532701	-0.404574	-0.224006	-0.0127069	0.207471	0.419545	
0.525383	0.525383	0.532327	0.545566	0.557396	0.550049	0.514035	0.447889	0.365454	0.273703	0.178269	0.071252	-0.0547657	-0.19329	-0.329966	-0.436309	-0.508318	-0.545273	-0.565849	-0.571913	-0.555883	-0.515724	-0.453929	-0.388356	-0.324629	-0.282288	-0.270726	-0.290364	-0.332693	-0.376265	-0.39464	-0.37549	-0.341143	-0.330941	-0.352157	-0.404058	-0.475086	-0.542278	-0.590022	-0.618877	-0.625083	-0.617795	-0.591871	-0.545769	-0.460067	-0.320009	-0.133112	0.0753629	0.283615	0.479966	
0.411326	0.411326	0.422893	0.445887	0.472023	0.492148	0.493146	0.472427	0.428413	0.36726	0.288576	0.187229	0.0564996	-0.0943387	-0.245466	-0.374097	-0.471699	-0.536381	-0.575154	-0.588376	-0.571868	-0.530676	-0.473308	-0.414799	-0.354003	-0.309487	-0.290364	-0.30212	-0.332898	-0.366806	-0.376652	-0.349353	-0.311998	-0.301761	-0.325455	-0.372979	-0.432761	-0.488362	-0.528461	-0.552498	-0.561618	-0.549486	-0.51192	-0.45032	-0.35216	-0.208539	-0.0307527	0.164174	0.354634	0.527485	
0.324598	0.324598	0.339008	0.366951	0.404614	0.444401	0.478066	0.493349	0.484754	0.447884	0.387947	0.295203	0.168468	0.0121963	-0.150107	-0.29891	-0.422377	-0.51237	-0.569759	-0.594137	-0.586695	-0.556793	-0.513465	-0.466036	-0.409378	-0.359429	-0.332693	-0.332898	-0.349456	-0.368267	-0.367227	-0.336289	-0.298169	-0.289121	-0.309212	-0.344548	-0.389386	-0.434054	-0.466951	-0.487069	-0.488371	-0.464396	-0.411758	-0.334905	-0.230341	-0.0911002	0.0722962	0.24792	0.410949	0.556573	
0.249995	0.249995	0.266335	0.297738	0.342626	0.394783	0.448442	0.489225	0.505227	0.491446	0.449809	0.376067	0.261762	0.111898	-0.0541852	-0.215567	-0.356457	-0.465511	-0.539345	-0.578675	-0.590027	-0.577753	-0.552811	-0.516282	-0.463102	-0.410904	-0.376265	-0.366806	-0.368267	-0.371995	-0.365848	-0.335676	-0.300469	-0.288557	-0.300211	-0.324244	-0.359679	-0.400271	-0.431073	-0.443268	-0.43295	-0.393956	-0.3239	-0.232116	-0.115765	0.0227401	0.174646	0.326482	0.459912	0.570014	
0.177477	0.177477	0.195604	0.230991	0.278448	0.334352	0.392852	0.443993	0.475031	0.478513	0.459157	0.408248	0.317895	0.183297	0.0252709	-0.136791	-0.283148	-0.402588	-0.488668	-0.545916	-0.575091	-0.580428	-0.567486	-0.536665	-0.488339	-0.432849	-0.39464	-0.376652	-0.367227	-0.365848	-0.361265	-0.339936	-0.31008	-0.295322	-0.305046	-0.327578	-0.363392	-0.404318	-0.430234	-0.430565	-0.406545	-0.351758	-0.267084	-0.15633	-0.027532	0.116782	0.259889	0.393323	0.499832	0.58054	
0.0962432	0.0962432	0.117926	0.154974	0.2046	0.252537	0.305444	0.352775	0.391771	0.411588	0.415285	0.395783	0.336443	0.23188	0.094271	-0.0539005	-0.196643	-0.320683	-0.421631	-0.496222	-0.544743	-0.561577	-0.554806	-0.527158	-0.478815	-0.421172	-0.37549	-0.349353	-0.336289	-0.335676	-0.339936	-0.333312	-0.31294	-0.309534	-0.329831	-0.364474	-0.405404	-0.44426	-0.45942	-0.448432	-0.408133	-0.339486	-0.235894	-0.107157	0.0403013	0.190067	0.328748	0.445065	0.52725	0.575261	
0.0143081	0.0143081	0.0373334	0.0771791	0.12155	0.158493	0.193061	0.231028	0.271492	0.306578	0.334483	0.349017	0.330059	0.267397	0.164488	0.0407924	-0.0919496	-0.221144	-0.336281	-0.430854	-0.494345	-0.52173	-0.52087	-0.49573	-0.451679	-0.391357	-0.341143	-0.311998	-0.298169	-0.300469	-0.31008	-0.31294	-0.310126	-0.32519	-0.367618	-0.41948	-0.466551	-0.502216	-0.511674	-0.488777	-0.433103	-0.344048	-0.218673	-0.0666795	0.0966473	0.253621	0.38646	0.479821	0.532028	0.548536	
-0.0301112	-0.0301112	-0.00847794	0.0256775	0.0599793	0.0749377	0.0856233	0.103763	0.139733	0.182335	0.228941	0.275649	0.300728	0.289146	0.229784	0.136283	0.0141403	-0.119546	-0.249738	-0.361535	-0.44002	-0.481088	-0.489061	-0.473686	-0.43569	-0.379208	-0.330941	-0.301761	-0.289121	-0.288557	-0.295322	-0.309534	-0.32519	-0.364958	-0.425838	-0.486605	-0.533818	-0.565165	-0.566585	-0.534881	-0.462089	-0.354405	-0.209887	-0.0400661	0.138895	0.301786	0.423497	0.490248	0.51002	0.494781	
-0.0184312	-0.0184312	-0.00448944	0.017339	0.0324843	0.0232729	0.00515558	0.00113667	0.0250536	0.0671695	0.12445	0.197534	0.266256	0.306468	0.290596	0.224277	0.108932	-0.0294403	-0.173111	-0.299493	-0.394354	-0.45143	-0.472867	-0.468524	-0.440229	-0.39382	-0.352157	-0.325455	-0.309212	-0.300211	-0.305046	-0.329831	-0.367618	-0.425838	-0.492016	-0.551647	-0.591088	-0.61169	-0.601496	-0.554073	-0.462373	-0.33838	-0.178112	0.00303323	0.187063	0.341878	0.441787	0.474753	0.46324	0.425562	
0.0586225	0.0586225	0.0589605	0.0590742	0.0491219	0.0128416	-0.0336037	-0.0621463	-0.0566203	-0.0224602	0.0368802	0.131961	0.238985	0.326797	0.348757	0.303375	0.194881	0.052741	-0.0991046	-0.241253	-0.355084	-0.434243	-0.473032	-0.484439	-0.470152	-0.439047	-0.404058	-0.372979	-0.344548	-0.324244	-0.327578	-0.364474	-0.41948	-0.486605	-0.551647	-0.60211	-0.630205	-0.632873	-0.600555	-0.529767	-0.41503	-0.26857	-0.0936015	0.0927026	0.267217	0.398111	0.464269	0.460625	0.418753	0.357169	
0.195729	0.195729	0.176708	0.148713	0.106854	0.0429651	-0.0327594	-0.0887419	-0.106882	-0.0903188	-0.0324899	0.0741975	0.213553	0.335704	0.387786	0.360361	0.261487	0.125175	-0.0300718	-0.184812	-0.31899	-0.422272	-0.481714	-0.513677	-0.519907	-0.505492	-0.475086	-0.432761	-0.389386	-0.359679	-0.363392	-0.405404	-0.466551	-0.533818	-0.591088	-0.630205	-0.641635	-0.619993	-0.561767	-0.461699	-0.317697	-0.144621	0.0461099	0.229998	0.382402	0.485421	0.515953	0.477337	0.398263	0.30673	
0.351146	0.351146	0.31223	0.251562	0.178663	0.0850157	-0.0175181	-0.102703	-0.14841	-0.150408	-0.100593	0.0139011	0.170081	0.314378	0.387423	0.378038	0.297758	0.176414	0.025093	-0.13599	-0.289053	-0.411984	-0.494104	-0.549752	-0.575153	-0.57577	-0.542278	-0.488362	-0.434054	-0.400271	-0.404318	-0.44426	-0.502216	-0.565165	-0.61169	-0.632873	-0.619993	-0.570589	-0.480083	-0.348112	-0.172709	0.0239907	0.220733	0.389204	0.519518	0.592294	0.590856	0.514371	0.393948	0.269932	
0.463998	0.463998	0.406916	0.320378	0.217357	0.100801	-0.0273642	-0.137062	-0.207	-0.225153	-0.18003	-0.0650694	0.0984667	0.251892	0.342789	0.355935	0.305366	0.206852	0.0706893	-0.0929811	-0.255251	-0.3964	-0.501633	-0.578937	-0.622413	-0.627941	-0.590022	-0.528461	-0.466951	-0.431073	-0.430234	-0.45942	-0.511674	-0.566585	-0.601496	-0.600555	-0.561767	-0.480083	-0.356025	-0.185427	0.0179775	0.22906	0.41795	0.567279	0.664005	0.702069	0.65818	0.540166	0.383616	0.241838	
0.503585	0.503585	0.436232	0.329434	0.206761	0.0678059	-0.0782883	-0.210088	-0.295945	-0.324984	-0.281679	-0.169324	-0.00664247	0.150452	0.259571	0.303959	0.289611	0.22503	0.107206	-0.0478485	-0.217666	-0.374047	-0.50212	-0.599913	-0.653056	-0.659033	-0.618877	-0.552498	-0.487069	-0.443268	-0.430565	-0.448432	-0.488777	-0.534881	-0.554073	-0.529767	-0.461699	-0.348112	-0.185427	0.0162759	0.236836	0.447212	0.623604	0.744031	0.803056	0.791844	0.698033	0.543962	0.361998	0.20575	
0.476646	0.476646	0.405642	0.290671	0.153738	-0.000124654	-0.16347	-0.30998	-0.410366	-0.446094	-0.409445	-0.303983	-0.151389	0.00562795	0.132904	0.211317	0.240128	0.213105	0.125485	-0.0137294	-0.181727	-0.346596	-0.491638	-0.599687	-0.657377	-0.664259	-0.625083	-0.561618	-0.488371	-0.43295	-0.406545	-0.408133	-0.433103	-0.462089	-0.462373	-0.41503	-0.317697	-0.172709	0.0179775	0.236836	0.458598	0.659813	0.814806	0.897797	0.902855	0.831999	0.695302	0.514226	0.315127	0.148547	
0.412192	0.412192	0.344518	0.228414	0.0860628	-0.0813153	-0.256449	-0.418532	-0.531345	-0.580289	-0.555925	-0.46514	-0.327961	-0.173908	-0.0323764	0.0793448	0.149041	0.161974	0.108846	-0.00995921	-0.168183	-0.335137	-0.483608	-0.592635	-0.650027	-0.654527	-0.617795	-0.549486	-0.464396	-0.393956	-0.351758	-0.339486	-0.344048	-0.354405	-0.33838	-0.26857	-0.144621	0.0239907	0.22906	0.447212	0.659813	0.839892	0.958471	0.986715	0.929012	0.806324	0.637466	0.438753	0.230449	0.0578803	
0.32008	0.32008	0.259102	0.151568	0.00920076	-0.160637	-0.344571	-0.515793	-0.644141	-0.710935	-0.705604	-0.634535	-0.513599	-0.36676	-0.216601	-0.0785689	0.0246735	0.0763745	0.0546251	-0.0389901	-0.182628	-0.338596	-0.478095	-0.580035	-0.633662	-0.63407	-0.591871	-0.51192	-0.411758	-0.3239	-0.267084	-0.235894	-0.218673	-0.209887	-0.178112	-0.0936015	0.0461099	0.220733	0.41795	0.623604	0.814806	0.958471	1.02492	0.990259	0.876553	0.711648	0.516868	0.305863	0.098106	-0.0682698	
0.209509	0.209509	0.158262	0.0611153	-0.0706549	-0.238123	-0.421514	-0.601451	-0.747313	-0.836677	-0.856696	-0.803159	-0.69882	-0.558006	-0.403868	-0.246353	-0.113036	-0.0288954	-0.0196739	-0.08778	-0.208245	-0.343758	-0.465564	-0.560027	-0.608474	-0.602247	-0.545769	-0.45032	-0.334905	-0.232116	-0.15633	-0.107157	-0.0666795	-0.0400661	0.00303323	0.0927026	0.229998	0.389204	0.567279	0.744031	0.897797	0.986715	0.990259	0.89964	0.74317	0.542781	0.329421	0.114141	-0.0808721	-0.229103	
0.0774833	0.0774833	0.0343745	-0.0457173	-0.163007	-0.313927	-0.491752	-0.673825	-0.835847	-0.948364	-0.989543	-0.951475	-0.856551	-0.720258	-0.563366	-0.389337	-0.23162	-0.119761	-0.0820063	-0.122482	-0.210794	-0.319008	-0.420708	-0.506956	-0.550649	-0.532701	-0.460067	-0.35216	-0.230341	-0.115765	-0.027532	0.0403013	0.0966473	0.138895	0.187063	0.267217	0.382402	0.519518	0.664005	0.803056	0.902855	0.929012	0.876553	0.74317	0.546568	0.319421	0.0932885	-0.115965	-0.287184	-0.412035	
-0.0542508	-0.0542508	-0.0888164	-0.151845	-0.246687	-0.37599	-0.540918	-0.722336	-0.895908	-1.02738	-1.08459	-1.05912	-0.967771	-0.835232	-0.672347	-0.485229	-0.307368	-0.170952	-0.108001	-0.113517	-0.165617	-0.242733	-0.323655	-0.401689	-0.435463	-0.404574	-0.320009	-0.208539	-0.0911002	0.0227401	0.116782	0.190067	0.253621	0.301786	0.341878	0.398111	0.485421	0.592294	0.702069	0.791844	0.831999	0.806324	0.711648	0.542781	0.319421	0.0771168	-0.152039	-0.346001	-0.496965	-0.597956	
-0.138755	-0.138755	-0.165544	-0.21174	-0.282522	-0.38947	-0.541214	-0.720579	-0.902033	-1.04589	-1.11869	-1.10447	-1.02058	-0.889842	-0.722542	-0.526604	-0.333306	-0.179273	-0.0894885	-0.0584972	-0.0735351	-0.119198	-0.181043	-0.244823	-0.263701	-0.224006	-0.133112	-0.0307527	0.0722962	0.174646	0.259889	0.328748	0.38646	0.423497	0.441787	0.464269	0.515953	0.590856	0.65818	0.698033	0.695302	0.637466	0.516868	0.329421	0.0932885	-0.152039	-0.374554	-0.555947	-0.684761	-0.752848	
-0.138667	-0.138667	-0.158253	-0.1886	-0.238034	-0.326773	-0.4681	-0.645573	-0.827583	-0.979776	-1.06518	-1.06903	-0.996108	-0.871468	-0.703062	-0.505882	-0.306332	-0.142223	-0.0289147	0.0313049	0.0481815	0.0263518	-0.0152091	-0.0577934	-0.0609253	-0.0127069	0.0753629	0.164174	0.24792	0.326482	0.393323	0.445065	0.479821	0.490248	0.474753	0.460625	0.477337	0.514371	0.540166	0.543962	0.514226	0.438753	0.305863	0.114141	-0.115965	-0.346001	-0.555947	-0.715081	-0.814616	-0.846388	
-0.0392583	-0.0392583	-0.0519088	-0.0680923	-0.102062	-0.178348	-0.314386	-0.487244	-0.665032	-0.819622	-0.91935	-0.947653	-0.893524	-0.781103	-0.618719	-0.428019	-0.232539	-0.0614788	0.0658569	0.150071	0.186287	0.186435	0.166002	0.1478	0.158391	0.207471	0.283615	0.354634	0.410949	0.459912	0.499832	0.52725	0.532028	0.51002	0.46324	0.418753	0.398263	0.393948	0.383616	0.361998	0.315127	0.230449	0.098106	-0.0808721	-0.287184	-0.496965	-0.684761	-0.814616	-0.881456	-0.872986	
0.152197	0.152197	0.146621	0.138609	0.115199	0.0414581	-0.0902345	-0.257575	-0.425883	-0.57772	-0.693229	-0.746477	-0.718066	-0.620881	-0.470185	-0.292447	-0.103478	0.0662828	0.202409	0.295045	0.342502	0.35831	0.358409	0.360075	0.378254	0.419545	0.479966	0.527485	0.556573	0.570014	0.58054	0.575261	0.548536	0.494781	0.425562	0.357169	0.30673	0.269932	0.241838	0.20575	0.148547	0.0578803	-0.0682698	-0.229103	-0.412035	-0.597956	-0.752848	-0.846388	-0.872986	-0.813849	
