0.0253164	0.0253164	0.0467033	0.0978982	0.193586	0.349493	0.5743	0.862013	1.1901	1.52602	1.83835	2.10526	2.3166	2.47112	2.57234	2.62535	2.63532	2.60733	2.54702	2.46096	2.35641	2.24057	2.12027	2.00177	1.89044	1.79072	1.70615	1.63943	1.59246	1.5665	1.56219	1.57965	1.61841	1.67748	1.75521	1.84923	1.95637	2.07256	2.19283	2.31127	2.42122	2.51554	2.58695	2.62855	2.63437	2.59918	2.51786	2.38519	2.19672	1.95135	
0.0253164	0.0253164	0.0467033	0.0978982	0.193586	0.349493	0.5743	0.862013	1.1901	1.52602	1.83835	2.10526	2.3166	2.47112	2.57234	2.62535	2.63532	2.60733	2.54702	2.46096	2.35641	2.24057	2.12027	2.00177	1.89044	1.79072	1.70615	1.63943	1.59246	1.5665	1.56219	1.57965	1.61841	1.67748	1.75521	1.84923	1.95637	2.07256	2.19283	2.31127	2.42122	2.51554	2.58695	2.62855	2.63437	2.59918	2.51786	2.38519	2.19672	1.95135	
0.0467033	0.0467033	0.0788203	0.150387	0.271764	0.449142	0.678138	0.942956	1.22235	1.49742	1.75463	1.9838	2.17574	2.32271	2.41993	2.46673	2.46668	2.42662	2.35535	2.26194	2.15448	2.04001	1.92471	1.81372	1.71122	1.62059	1.54445	1.48474	1.44289	1.41979	1.41594	1.4314	1.46586	1.5186	1.58839	1.67351	1.77161	1.87963	1.9937	2.10915	2.22021	2.32017	2.40138	2.45503	2.47204	2.44463	2.36777	2.24039	2.06565	1.85031	
0.0978982	0.0978982	0.150387	0.257961	0.419377	0.622531	0.844893	1.06377	1.2678	1.45769	1.63616	1.79946	1.93808	2.04196	2.10458	2.12479	2.10643	2.05659	1.98353	1.89462	1.79613	1.69399	1.5933	1.49796	1.41116	1.33537	1.27228	1.22319	1.18896	1.17008	1.16689	1.17938	1.20745	1.25064	1.30828	1.37922	1.46192	1.55422	1.65317	1.75517	1.85574	1.9492	2.02949	2.08964	2.12157	2.11748	2.07202	1.98423	1.85855	1.7039	
0.193586	0.193586	0.271764	0.419377	0.61488	0.825089	1.01803	1.17892	1.31211	1.42641	1.52255	1.59558	1.64228	1.66272	1.65905	1.63456	1.59264	1.53669	1.46961	1.39398	1.31376	1.2334	1.15607	1.08434	1.02044	0.965624	0.92071	0.886269	0.862449	0.849401	0.847166	0.855698	0.875087	0.905184	0.945917	0.996904	1.0574	1.1263	1.20182	1.28131	1.36198	1.43989	1.51074	1.57153	1.61946	1.65132	1.6637	1.65323	1.61729	1.55472	
0.349493	0.349493	0.449142	0.622531	0.825089	1.01194	1.15947	1.2692	1.34861	1.39448	1.40047	1.37047	1.31583	1.24698	1.17154	1.09403	1.0167	0.940982	0.867392	0.797737	0.734956	0.679864	0.632252	0.59253	0.560332	0.534725	0.515313	0.501258	0.491966	0.487095	0.48624	0.489499	0.49687	0.50892	0.525973	0.548973	0.578514	0.615196	0.659813	0.712122	0.771843	0.838975	0.911146	0.986123	1.06295	1.14056	1.21718	1.28927	1.35061	1.39194	
0.5743	0.5743	0.678138	0.844893	1.01803	1.15947	1.26256	1.33093	1.35497	1.32212	1.23895	1.12443	0.992117	0.850996	0.709504	0.574316	0.451747	0.345988	0.25929	0.193909	0.14837	0.118494	0.101793	0.0957242	0.0964197	0.101417	0.108603	0.115659	0.121538	0.125101	0.125689	0.12357	0.118502	0.111893	0.104424	0.0981135	0.095265	0.0982959	0.110216	0.134818	0.173753	0.23091	0.309099	0.407368	0.523679	0.654462	0.794212	0.936377	1.07304	1.19582	
0.862013	0.862013	0.942956	1.06377	1.17892	1.2692	1.33093	1.34766	1.29841	1.18861	1.04207	0.870408	0.678393	0.478779	0.284723	0.107788	-0.0425007	-0.162596	-0.250281	-0.30689	-0.338259	-0.348399	-0.340658	-0.321316	-0.295697	-0.266949	-0.239625	-0.216171	-0.198631	-0.188778	-0.186938	-0.193602	-0.207927	-0.229265	-0.255158	-0.283891	-0.311644	-0.334001	-0.347298	-0.344939	-0.322187	-0.276313	-0.201307	-0.0943065	0.0442598	0.21144	0.39993	0.598936	0.795713	0.976307	
1.1901	1.1901	1.22235	1.2678	1.31211	1.34861	1.35497	1.29841	1.17601	1.01351	0.820921	0.596437	0.357827	0.125894	-0.0881178	-0.272646	-0.42313	-0.537774	-0.61497	-0.659042	-0.673765	-0.662716	-0.63339	-0.594043	-0.548792	-0.503161	-0.462127	-0.427625	-0.402999	-0.389222	-0.386597	-0.396522	-0.416434	-0.447592	-0.485882	-0.529942	-0.575998	-0.618898	-0.652726	-0.672673	-0.6685	-0.636639	-0.572961	-0.473441	-0.337277	-0.165857	0.037376	0.263462	0.501478	0.734393	
1.52602	1.52602	1.49742	1.45769	1.42641	1.39448	1.32212	1.18861	1.01351	0.807622	0.56288	0.299589	0.0477077	-0.186816	-0.394258	-0.565017	-0.698114	-0.788228	-0.83796	-0.851789	-0.835061	-0.796623	-0.746043	-0.688758	-0.629489	-0.575096	-0.527364	-0.48948	-0.462897	-0.447919	-0.445619	-0.455588	-0.4779	-0.511232	-0.555533	-0.607219	-0.664109	-0.723533	-0.777331	-0.821985	-0.848763	-0.847716	-0.813031	-0.739125	-0.623358	-0.467224	-0.273819	-0.0487762	0.196668	0.45762	
1.83835	1.83835	1.75463	1.63616	1.52255	1.40047	1.23895	1.04207	0.820921	0.56288	0.281939	0.0159124	-0.232562	-0.458948	-0.641645	-0.78046	-0.870866	-0.913728	-0.918118	-0.889756	-0.840752	-0.778643	-0.711256	-0.642601	-0.579819	-0.525261	-0.479923	-0.445967	-0.421688	-0.408738	-0.406969	-0.414509	-0.435416	-0.464314	-0.506274	-0.557317	-0.616845	-0.682362	-0.751821	-0.816254	-0.872638	-0.909874	-0.920139	-0.892969	-0.822505	-0.702747	-0.537537	-0.327238	-0.0855223	0.172561	
2.10526	2.10526	1.9838	1.79946	1.59558	1.37047	1.12443	0.870408	0.596437	0.299589	0.0159124	-0.246139	-0.489421	-0.680819	-0.817349	-0.904828	-0.937305	-0.93045	-0.887749	-0.823901	-0.747263	-0.666632	-0.589891	-0.522037	-0.465387	-0.419721	-0.384722	-0.358508	-0.341254	-0.332311	-0.33048	-0.336627	-0.350255	-0.372906	-0.403701	-0.445393	-0.499299	-0.561092	-0.634872	-0.713937	-0.794287	-0.864178	-0.917014	-0.939085	-0.923159	-0.858846	-0.741082	-0.573197	-0.347464	-0.0912807	
2.3166	2.3166	2.17574	1.93808	1.64228	1.31583	0.992117	0.678393	0.357827	0.0477077	-0.232562	-0.489421	-0.692888	-0.829461	-0.918701	-0.945853	-0.925318	-0.867641	-0.781699	-0.689361	-0.594276	-0.513877	-0.445972	-0.394626	-0.35504	-0.327812	-0.3069	-0.292996	-0.286025	-0.280452	-0.280373	-0.28398	-0.28889	-0.302235	-0.317916	-0.34259	-0.376825	-0.425148	-0.484717	-0.56027	-0.649616	-0.745933	-0.834974	-0.907277	-0.941899	-0.937032	-0.871271	-0.753931	-0.579404	-0.339644	
2.47112	2.47112	2.32271	2.04196	1.66272	1.24698	0.850996	0.478779	0.125894	-0.186816	-0.458948	-0.680819	-0.829461	-0.923061	-0.951186	-0.91457	-0.843668	-0.737973	-0.631995	-0.530082	-0.449072	-0.387803	-0.345106	-0.316747	-0.301212	-0.288958	-0.283436	-0.280661	-0.278897	-0.277288	-0.278158	-0.277942	-0.279788	-0.281985	-0.287287	-0.296348	-0.307886	-0.333091	-0.368625	-0.423182	-0.493493	-0.590322	-0.694605	-0.804431	-0.890569	-0.942065	-0.94389	-0.872937	-0.749267	-0.557273	
2.57234	2.57234	2.41993	2.10458	1.65905	1.17154	0.709504	0.284723	-0.0881178	-0.394258	-0.641645	-0.817349	-0.918701	-0.951186	-0.908573	-0.827007	-0.713456	-0.592049	-0.488196	-0.402792	-0.351499	-0.316266	-0.304076	-0.29568	-0.294731	-0.291134	-0.293503	-0.292333	-0.289645	-0.292472	-0.289817	-0.290844	-0.292597	-0.290771	-0.293153	-0.293274	-0.295595	-0.299099	-0.310478	-0.335289	-0.379179	-0.449572	-0.548955	-0.663052	-0.785798	-0.87878	-0.942172	-0.94106	-0.866777	-0.725404	
2.62535	2.62535	2.46673	2.12479	1.63456	1.09403	0.574316	0.107788	-0.272646	-0.565017	-0.78046	-0.904828	-0.945853	-0.91457	-0.827007	-0.707748	-0.571953	-0.459517	-0.373442	-0.329408	-0.309303	-0.307748	-0.306284	-0.305563	-0.300777	-0.300298	-0.293067	-0.290251	-0.28603	-0.285629	-0.284094	-0.285739	-0.288877	-0.292152	-0.296906	-0.300116	-0.305034	-0.30447	-0.308521	-0.306795	-0.320216	-0.349746	-0.421532	-0.522827	-0.653402	-0.782614	-0.884261	-0.942595	-0.931341	-0.846709	
2.63532	2.63532	2.46668	2.10643	1.59264	1.0167	0.451747	-0.0425007	-0.42313	-0.698114	-0.870866	-0.937305	-0.925318	-0.843668	-0.713456	-0.571953	-0.447057	-0.362998	-0.322243	-0.315859	-0.316232	-0.315685	-0.304254	-0.296537	-0.284011	-0.27401	-0.263501	-0.257142	-0.253203	-0.248263	-0.249817	-0.250727	-0.253549	-0.262182	-0.268278	-0.280355	-0.291712	-0.301009	-0.311076	-0.31767	-0.316243	-0.317318	-0.340866	-0.408453	-0.517778	-0.657132	-0.794987	-0.90139	-0.943697	-0.916825	
2.60733	2.60733	2.42662	2.05659	1.53669	0.940982	0.345988	-0.162596	-0.537774	-0.788228	-0.913728	-0.93045	-0.867641	-0.737973	-0.592049	-0.459517	-0.362998	-0.322558	-0.316166	-0.322244	-0.314657	-0.297289	-0.277932	-0.261649	-0.246736	-0.235791	-0.22934	-0.223058	-0.220691	-0.218898	-0.218904	-0.220383	-0.222127	-0.227358	-0.232325	-0.242255	-0.255526	-0.271936	-0.288139	-0.309078	-0.321406	-0.319549	-0.316756	-0.341035	-0.414848	-0.536716	-0.679667	-0.822831	-0.918521	-0.944074	
2.54702	2.54702	2.35535	1.98353	1.46961	0.867392	0.25929	-0.250281	-0.61497	-0.83796	-0.918118	-0.887749	-0.781699	-0.631995	-0.488196	-0.373442	-0.322243	-0.316166	-0.324756	-0.318225	-0.287449	-0.259485	-0.23982	-0.232169	-0.223465	-0.219973	-0.218179	-0.21638	-0.217102	-0.215145	-0.216252	-0.216028	-0.215505	-0.218547	-0.219145	-0.220742	-0.228356	-0.236741	-0.24909	-0.274823	-0.307238	-0.325718	-0.319034	-0.316189	-0.344867	-0.436846	-0.572667	-0.726265	-0.859334	-0.934857	
2.46096	2.46096	2.26194	1.89462	1.39398	0.797737	0.193909	-0.30689	-0.659042	-0.851789	-0.889756	-0.823901	-0.689361	-0.530082	-0.402792	-0.329408	-0.315859	-0.322244	-0.318225	-0.279768	-0.244134	-0.228697	-0.234288	-0.228415	-0.224928	-0.222368	-0.22472	-0.217089	-0.219302	-0.217066	-0.214979	-0.219887	-0.216514	-0.220606	-0.224476	-0.223625	-0.225843	-0.234703	-0.22996	-0.235037	-0.263224	-0.306304	-0.324003	-0.318047	-0.318552	-0.366003	-0.474096	-0.627836	-0.784529	-0.89809	
2.35641	2.35641	2.15448	1.79613	1.31376	0.734956	0.14837	-0.338259	-0.673765	-0.835061	-0.840752	-0.747263	-0.594276	-0.449072	-0.351499	-0.309303	-0.316232	-0.314657	-0.287449	-0.244134	-0.230877	-0.239052	-0.240433	-0.223622	-0.220635	-0.217935	-0.208117	-0.204601	-0.202521	-0.201256	-0.199457	-0.202399	-0.205356	-0.205767	-0.214726	-0.220229	-0.220177	-0.234465	-0.242439	-0.232986	-0.234324	-0.269509	-0.306997	-0.319082	-0.308891	-0.328784	-0.404279	-0.536819	-0.701768	-0.843921	
2.24057	2.24057	2.04001	1.69399	1.2334	0.679864	0.118494	-0.348399	-0.662716	-0.796623	-0.778643	-0.666632	-0.513877	-0.387803	-0.316266	-0.307748	-0.315685	-0.297289	-0.259485	-0.228697	-0.239052	-0.242559	-0.225809	-0.204306	-0.206032	-0.198138	-0.187289	-0.192206	-0.186105	-0.185614	-0.187267	-0.183726	-0.190544	-0.187807	-0.1924	-0.206041	-0.201762	-0.216172	-0.236806	-0.244337	-0.228295	-0.244586	-0.281926	-0.312816	-0.311196	-0.307593	-0.353341	-0.461787	-0.62371	-0.781962	
2.12027	2.12027	1.92471	1.5933	1.15607	0.632252	0.101793	-0.340658	-0.63339	-0.746043	-0.711256	-0.589891	-0.445972	-0.345106	-0.304076	-0.306284	-0.304254	-0.277932	-0.23982	-0.234288	-0.240433	-0.225809	-0.192726	-0.194573	-0.199492	-0.192336	-0.184927	-0.197841	-0.184106	-0.188817	-0.194123	-0.181488	-0.196856	-0.189033	-0.187543	-0.197857	-0.198741	-0.19008	-0.210999	-0.238816	-0.237334	-0.234241	-0.261473	-0.296472	-0.309313	-0.301444	-0.325958	-0.403576	-0.550905	-0.719377	
2.00177	2.00177	1.81372	1.49796	1.08434	0.59253	0.0957242	-0.321316	-0.594043	-0.688758	-0.642601	-0.522037	-0.394626	-0.316747	-0.29568	-0.305563	-0.296537	-0.261649	-0.232169	-0.228415	-0.223622	-0.204306	-0.194573	-0.209863	-0.200666	-0.187632	-0.193431	-0.188139	-0.182907	-0.184567	-0.184832	-0.18291	-0.185408	-0.191743	-0.191299	-0.191294	-0.21046	-0.199329	-0.198329	-0.215346	-0.229124	-0.227117	-0.248837	-0.282214	-0.307786	-0.29769	-0.306459	-0.364192	-0.491519	-0.660429	
1.89044	1.89044	1.71122	1.41116	1.02044	0.560332	0.0964197	-0.295697	-0.548792	-0.629489	-0.579819	-0.465387	-0.35504	-0.301212	-0.294731	-0.300777	-0.284011	-0.246736	-0.223465	-0.224928	-0.220635	-0.206032	-0.199492	-0.200666	-0.185579	-0.179379	-0.184309	-0.173011	-0.174755	-0.175501	-0.170772	-0.177458	-0.172338	-0.179156	-0.183637	-0.179443	-0.197623	-0.198641	-0.204073	-0.21317	-0.226921	-0.220722	-0.236218	-0.268335	-0.29912	-0.298196	-0.298065	-0.336639	-0.443975	-0.607105	
1.79072	1.79072	1.62059	1.33537	0.965624	0.534725	0.101417	-0.266949	-0.503161	-0.575096	-0.525261	-0.419721	-0.327812	-0.288958	-0.291134	-0.300298	-0.27401	-0.235791	-0.219973	-0.222368	-0.217935	-0.198138	-0.192336	-0.187632	-0.179379	-0.176208	-0.180128	-0.170892	-0.176106	-0.174337	-0.17051	-0.177968	-0.170743	-0.176943	-0.178297	-0.176673	-0.184911	-0.190268	-0.194836	-0.209332	-0.223522	-0.219131	-0.227015	-0.257029	-0.294837	-0.29726	-0.291144	-0.317137	-0.409736	-0.565008	
1.70615	1.70615	1.54445	1.27228	0.92071	0.515313	0.108603	-0.239625	-0.462127	-0.527364	-0.479923	-0.384722	-0.3069	-0.283436	-0.293503	-0.293067	-0.263501	-0.22934	-0.218179	-0.22472	-0.208117	-0.187289	-0.184927	-0.193431	-0.184309	-0.180128	-0.181935	-0.175449	-0.174623	-0.174569	-0.172784	-0.175598	-0.174518	-0.179763	-0.182287	-0.179438	-0.192935	-0.187723	-0.185447	-0.196734	-0.222767	-0.219467	-0.223423	-0.246876	-0.285974	-0.29683	-0.290378	-0.305719	-0.381845	-0.530333	
1.63943	1.63943	1.48474	1.22319	0.886269	0.501258	0.115659	-0.216171	-0.427625	-0.48948	-0.445967	-0.358508	-0.292996	-0.280661	-0.292333	-0.290251	-0.257142	-0.223058	-0.21638	-0.217089	-0.204601	-0.192206	-0.197841	-0.188139	-0.173011	-0.170892	-0.175449	-0.161199	-0.16883	-0.167148	-0.159591	-0.172684	-0.160574	-0.169138	-0.175074	-0.16969	-0.181871	-0.194979	-0.195374	-0.196383	-0.214771	-0.216246	-0.218303	-0.240835	-0.280111	-0.296468	-0.289029	-0.297734	-0.364406	-0.505077	
1.59246	1.59246	1.44289	1.18896	0.862449	0.491966	0.121538	-0.198631	-0.402999	-0.462897	-0.421688	-0.341254	-0.286025	-0.278897	-0.289645	-0.28603	-0.253203	-0.220691	-0.217102	-0.219302	-0.202521	-0.186105	-0.184106	-0.182907	-0.174755	-0.176106	-0.174623	-0.16883	-0.171005	-0.170149	-0.166952	-0.172905	-0.168707	-0.173555	-0.175416	-0.174584	-0.179847	-0.184377	-0.184424	-0.193971	-0.215219	-0.218624	-0.217341	-0.237241	-0.276684	-0.292995	-0.28797	-0.294923	-0.35288	-0.487469	
1.5665	1.5665	1.41979	1.17008	0.849401	0.487095	0.125101	-0.188778	-0.389222	-0.447919	-0.408738	-0.332311	-0.280452	-0.277288	-0.292472	-0.285629	-0.248263	-0.218898	-0.215145	-0.217066	-0.201256	-0.185614	-0.188817	-0.184567	-0.175501	-0.174337	-0.174569	-0.167148	-0.170149	-0.168344	-0.164719	-0.171278	-0.166298	-0.170761	-0.176041	-0.173671	-0.180794	-0.187739	-0.18702	-0.191724	-0.21386	-0.21569	-0.215948	-0.232861	-0.273233	-0.29533	-0.288457	-0.291256	-0.346343	-0.478968	
1.56219	1.56219	1.41594	1.16689	0.847166	0.48624	0.125689	-0.186938	-0.386597	-0.445619	-0.406969	-0.33048	-0.280373	-0.278158	-0.289817	-0.284094	-0.249817	-0.218904	-0.216252	-0.214979	-0.199457	-0.187267	-0.194123	-0.184832	-0.170772	-0.17051	-0.172784	-0.159591	-0.166952	-0.164719	-0.159037	-0.170197	-0.160246	-0.168293	-0.172571	-0.168871	-0.178824	-0.191957	-0.190764	-0.19124	-0.211	-0.216503	-0.216016	-0.234991	-0.272863	-0.293633	-0.288	-0.291856	-0.346314	-0.476612	
1.57965	1.57965	1.4314	1.17938	0.855698	0.489499	0.12357	-0.193602	-0.396522	-0.455588	-0.414509	-0.336627	-0.28398	-0.277942	-0.290844	-0.285739	-0.250727	-0.220383	-0.216028	-0.219887	-0.202399	-0.183726	-0.181488	-0.18291	-0.177458	-0.177968	-0.175598	-0.172684	-0.172905	-0.171278	-0.170197	-0.172503	-0.171852	-0.174389	-0.177198	-0.177315	-0.181047	-0.182109	-0.181916	-0.192641	-0.215996	-0.217742	-0.21705	-0.234747	-0.275215	-0.29342	-0.287916	-0.293513	-0.349328	-0.483055	
1.61841	1.61841	1.46586	1.20745	0.875087	0.49687	0.118502	-0.207927	-0.416434	-0.4779	-0.435416	-0.350255	-0.28889	-0.279788	-0.292597	-0.288877	-0.253549	-0.222127	-0.215505	-0.216514	-0.205356	-0.190544	-0.196856	-0.185408	-0.172338	-0.170743	-0.174518	-0.160574	-0.168707	-0.166298	-0.160246	-0.171852	-0.161658	-0.168404	-0.174565	-0.169351	-0.179987	-0.193053	-0.194378	-0.195785	-0.215089	-0.215474	-0.217539	-0.238692	-0.277055	-0.297368	-0.289449	-0.295154	-0.359269	-0.496923	
1.67748	1.67748	1.5186	1.25064	0.905184	0.50892	0.111893	-0.229265	-0.447592	-0.511232	-0.464314	-0.372906	-0.302235	-0.281985	-0.290771	-0.292152	-0.262182	-0.227358	-0.218547	-0.220606	-0.205767	-0.187807	-0.189033	-0.191743	-0.179156	-0.176943	-0.179763	-0.169138	-0.173555	-0.170761	-0.168293	-0.174389	-0.168404	-0.17697	-0.178607	-0.176004	-0.188202	-0.190687	-0.187687	-0.195826	-0.218181	-0.218753	-0.222507	-0.244833	-0.284938	-0.295155	-0.287938	-0.303104	-0.374343	-0.518474	
1.75521	1.75521	1.58839	1.30828	0.945917	0.525973	0.104424	-0.255158	-0.485882	-0.555533	-0.506274	-0.403701	-0.317916	-0.287287	-0.293153	-0.296906	-0.268278	-0.232325	-0.219145	-0.224476	-0.214726	-0.1924	-0.187543	-0.191299	-0.183637	-0.178297	-0.182287	-0.175074	-0.175416	-0.176041	-0.172571	-0.177198	-0.174565	-0.178607	-0.18097	-0.179694	-0.190192	-0.188081	-0.189561	-0.203723	-0.224586	-0.219649	-0.224861	-0.25131	-0.29019	-0.29789	-0.291885	-0.311839	-0.396864	-0.549971	
1.84923	1.84923	1.67351	1.37922	0.996904	0.548973	0.0981135	-0.283891	-0.529942	-0.607219	-0.557317	-0.445393	-0.34259	-0.296348	-0.293274	-0.300116	-0.280355	-0.242255	-0.220742	-0.223625	-0.220229	-0.206041	-0.197857	-0.191294	-0.179443	-0.176673	-0.179438	-0.16969	-0.174584	-0.173671	-0.168871	-0.177315	-0.169351	-0.176004	-0.179694	-0.175667	-0.187173	-0.19496	-0.20317	-0.213688	-0.225002	-0.219966	-0.230991	-0.264743	-0.297345	-0.297482	-0.295735	-0.327351	-0.428382	-0.589461	
1.95637	1.95637	1.77161	1.46192	1.0574	0.578514	0.095265	-0.311644	-0.575998	-0.664109	-0.616845	-0.499299	-0.376825	-0.307886	-0.295595	-0.305034	-0.291712	-0.255526	-0.228356	-0.225843	-0.220177	-0.201762	-0.198741	-0.21046	-0.197623	-0.184911	-0.192935	-0.181871	-0.179847	-0.180794	-0.178824	-0.181047	-0.179987	-0.188202	-0.190192	-0.187173	-0.211107	-0.201908	-0.199663	-0.21058	-0.227938	-0.223034	-0.244121	-0.276374	-0.305219	-0.299412	-0.300669	-0.350622	-0.471867	-0.638814	
2.07256	2.07256	1.87963	1.55422	1.1263	0.615196	0.0982959	-0.334001	-0.618898	-0.723533	-0.682362	-0.561092	-0.425148	-0.333091	-0.299099	-0.30447	-0.301009	-0.271936	-0.236741	-0.234703	-0.234465	-0.216172	-0.19008	-0.199329	-0.198641	-0.190268	-0.187723	-0.194979	-0.184377	-0.187739	-0.191957	-0.182109	-0.193053	-0.190687	-0.188081	-0.19496	-0.201908	-0.190487	-0.203304	-0.230323	-0.235632	-0.232669	-0.256165	-0.291113	-0.308158	-0.29716	-0.317683	-0.387342	-0.525935	-0.695206	
2.19283	2.19283	1.9937	1.65317	1.20182	0.659813	0.110216	-0.347298	-0.652726	-0.777331	-0.751821	-0.634872	-0.484717	-0.368625	-0.310478	-0.308521	-0.311076	-0.288139	-0.24909	-0.22996	-0.242439	-0.236806	-0.210999	-0.198329	-0.204073	-0.194836	-0.185447	-0.195374	-0.184424	-0.18702	-0.190764	-0.181916	-0.194378	-0.187687	-0.189561	-0.20317	-0.199663	-0.203304	-0.227088	-0.244772	-0.2325	-0.238046	-0.272158	-0.306097	-0.311136	-0.30572	-0.34054	-0.435898	-0.593723	-0.756014	
2.31127	2.31127	2.10915	1.75517	1.28131	0.712122	0.134818	-0.344939	-0.672673	-0.821985	-0.816254	-0.713937	-0.56027	-0.423182	-0.335289	-0.306795	-0.31767	-0.309078	-0.274823	-0.235037	-0.232986	-0.244337	-0.238816	-0.215346	-0.21317	-0.209332	-0.196734	-0.196383	-0.193971	-0.191724	-0.19124	-0.192641	-0.195785	-0.195826	-0.203723	-0.213688	-0.21058	-0.230323	-0.244772	-0.238489	-0.228244	-0.258101	-0.296997	-0.318671	-0.308973	-0.317316	-0.382268	-0.505079	-0.668849	-0.819142	
2.42122	2.42122	2.22021	1.85574	1.36198	0.771843	0.173753	-0.322187	-0.6685	-0.848763	-0.872638	-0.794287	-0.649616	-0.493493	-0.379179	-0.320216	-0.316243	-0.321406	-0.307238	-0.263224	-0.234324	-0.228295	-0.237334	-0.229124	-0.226921	-0.223522	-0.222767	-0.214771	-0.215219	-0.21386	-0.211	-0.215996	-0.215089	-0.218181	-0.224586	-0.225002	-0.227938	-0.235632	-0.2325	-0.228244	-0.248973	-0.291441	-0.319671	-0.319332	-0.313548	-0.349436	-0.442241	-0.588619	-0.752021	-0.87846	
2.51554	2.51554	2.32017	1.9492	1.43989	0.838975	0.23091	-0.276313	-0.636639	-0.847716	-0.909874	-0.864178	-0.745933	-0.590322	-0.449572	-0.349746	-0.317318	-0.319549	-0.325718	-0.306304	-0.269509	-0.244586	-0.234241	-0.227117	-0.220722	-0.219131	-0.219467	-0.216246	-0.218624	-0.21569	-0.216503	-0.217742	-0.215474	-0.218753	-0.219649	-0.219966	-0.223034	-0.232669	-0.238046	-0.258101	-0.291441	-0.322571	-0.322909	-0.315626	-0.329842	-0.402447	-0.531192	-0.687452	-0.830605	-0.92269	
2.58695	2.58695	2.40138	2.02949	1.51074	0.911146	0.309099	-0.201307	-0.572961	-0.813031	-0.920139	-0.917014	-0.834974	-0.694605	-0.548955	-0.421532	-0.340866	-0.316756	-0.319034	-0.324003	-0.306997	-0.281926	-0.261473	-0.248837	-0.236218	-0.227015	-0.223423	-0.218303	-0.217341	-0.215948	-0.216016	-0.21705	-0.217539	-0.222507	-0.224861	-0.230991	-0.244121	-0.256165	-0.272158	-0.296997	-0.319671	-0.322909	-0.314688	-0.326219	-0.381419	-0.495089	-0.635961	-0.784269	-0.898468	-0.945016	
2.62855	2.62855	2.45503	2.08964	1.57153	0.986123	0.407368	-0.0943065	-0.473441	-0.739125	-0.892969	-0.939085	-0.907277	-0.804431	-0.663052	-0.522827	-0.408453	-0.341035	-0.316189	-0.318047	-0.319082	-0.312816	-0.296472	-0.282214	-0.268335	-0.257029	-0.246876	-0.240835	-0.237241	-0.232861	-0.234991	-0.234747	-0.238692	-0.244833	-0.25131	-0.264743	-0.276374	-0.291113	-0.306097	-0.318671	-0.319332	-0.315626	-0.326219	-0.375855	-0.472634	-0.606171	-0.749779	-0.87489	-0.93838	-0.931801	
2.63437	2.63437	2.47204	2.12157	1.61946	1.06295	0.523679	0.0442598	-0.337277	-0.623358	-0.822505	-0.923159	-0.941899	-0.890569	-0.785798	-0.653402	-0.517778	-0.414848	-0.344867	-0.318552	-0.308891	-0.311196	-0.309313	-0.307786	-0.29912	-0.294837	-0.285974	-0.280111	-0.276684	-0.273233	-0.272863	-0.275215	-0.277055	-0.284938	-0.29019	-0.297345	-0.305219	-0.308158	-0.311136	-0.308973	-0.313548	-0.329842	-0.381419	-0.472634	-0.596856	-0.735248	-0.853489	-0.929935	-0.941158	-0.880999	
2.59918	2.59918	2.44463	2.11748	1.65132	1.14056	0.654462	0.21144	-0.165857	-0.467224	-0.702747	-0.858846	-0.937032	-0.942065	-0.87878	-0.782614	-0.657132	-0.536716	-0.436846	-0.366003	-0.328784	-0.307593	-0.301444	-0.29769	-0.298196	-0.29726	-0.29683	-0.296468	-0.292995	-0.29533	-0.293633	-0.29342	-0.297368	-0.295155	-0.29789	-0.297482	-0.299412	-0.29716	-0.30572	-0.317316	-0.349436	-0.402447	-0.495089	-0.606171	-0.735248	-0.84418	-0.922852	-0.948864	-0.900196	-0.779452	
2.51786	2.51786	2.36777	2.07202	1.6637	1.21718	0.794212	0.39993	0.037376	-0.273819	-0.537537	-0.741082	-0.871271	-0.94389	-0.942172	-0.884261	-0.794987	-0.679667	-0.572667	-0.474096	-0.404279	-0.353341	-0.325958	-0.306459	-0.298065	-0.291144	-0.290378	-0.289029	-0.28797	-0.288457	-0.288	-0.287916	-0.289449	-0.287938	-0.291885	-0.295735	-0.300669	-0.317683	-0.34054	-0.382268	-0.442241	-0.531192	-0.635961	-0.749779	-0.853489	-0.922852	-0.952738	-0.907952	-0.801343	-0.630064	
2.38519	2.38519	2.24039	1.98423	1.65323	1.28927	0.936377	0.598936	0.263462	-0.0487762	-0.327238	-0.573197	-0.753931	-0.872937	-0.94106	-0.942595	-0.90139	-0.822831	-0.726265	-0.627836	-0.536819	-0.461787	-0.403576	-0.364192	-0.336639	-0.317137	-0.305719	-0.297734	-0.294923	-0.291256	-0.291856	-0.293513	-0.295154	-0.303104	-0.311839	-0.327351	-0.350622	-0.387342	-0.435898	-0.505079	-0.588619	-0.687452	-0.784269	-0.87489	-0.929935	-0.948864	-0.907952	-0.806961	-0.655093	-0.432568	
2.19672	2.19672	2.06565	1.85855	1.61729	1.35061	1.07304	0.795713	0.501478	0.196668	-0.0855223	-0.347464	-0.579404	-0.749267	-0.866777	-0.931341	-0.943697	-0.918521	-0.859334	-0.784529	-0.701768	-0.62371	-0.550905	-0.491519	-0.443975	-0.409736	-0.381845	-0.364406	-0.35288	-0.346343	-0.346314	-0.349328	-0.359269	-0.374343	-0.396864	-0.428382	-0.471867	-0.525935	-0.593723	-0.668849	-0.752021	-0.830605	-0.898468	-0.93838	-0.941158	-0.900196	-0.801343	-0.655093	-0.446647	-0.192215	
1.95135	1.95135	1.85031	1.7039	1.55472	1.39194	1.19582	0.976307	0.734393	0.45762	0.172561	-0.0912807	-0.339644	-0.557273	-0.725404	-0.846709	-0.916825	-0.944074	-0.934857	-0.89809	-0.843921	-0.781962	-0.719377	-0.660429	-0.607105	-0.565008	-0.530333	-0.505077	-0.487469	-0.478968	-0.476612	-0.483055	-0.496923	-0.518474	-0.549971	-0.589461	-0.638814	-0.695206	-0.756014	-0.819142	-0.87846	-0.92269	-0.945016	-0.931801	-0.880999	-0.779452	-0.630064	-0.432568	-0.192215	0.0642905	
