-0.174242	0.124811	0.915519	0.354919	-0.134214	-0.134214	
0.124811	1.12701	0.708191	-0.153442	-0.0583007	-0.0583007	
0.915519	0.708191	-0.292468	-0.265498	0.38615	0.38615	
0.354919	-0.153442	-0.265498	0.258025	0.6722	0.6722	
-0.134214	-0.0583007	0.38615	0.6722	0.670502	0.670502	
-0.134214	-0.0583007	0.38615	0.6722	0.670502	0.670502	
