-0.205954	-0.205954	-0.23188	-0.281531	-0.328448	-0.349013	-0.317346	-0.257563	-0.206452	-0.199296	-0.244156	-0.325454	-0.440468	-0.572905	-0.7155	-0.838567	-0.923507	-0.946154	-0.884605	-0.727986	-0.486359	-0.187113	0.136711	0.45101	0.707921	0.873101	0.957137	0.99057	1.00554	1.00612	1.00816	1.02888	1.05784	1.0587	1.00408	0.867717	0.652037	0.353928	0.00815571	-0.344384	-0.658345	-0.892451	-1.03449	-1.10679	-1.1081	-1.0617	-0.986192	-0.900816	-0.809866	-0.73445	
-0.205954	-0.205954	-0.23188	-0.281531	-0.328448	-0.349013	-0.317346	-0.257563	-0.206452	-0.199296	-0.244156	-0.325454	-0.440468	-0.572905	-0.7155	-0.838567	-0.923507	-0.946154	-0.884605	-0.727986	-0.486359	-0.187113	0.136711	0.45101	0.707921	0.873101	0.957137	0.99057	1.00554	1.00612	1.00816	1.02888	1.05784	1.0587	1.00408	0.867717	0.652037	0.353928	0.00815571	-0.344384	-0.658345	-0.892451	-1.03449	-1.10679	-1.1081	-1.0617	-0.986192	-0.900816	-0.809866	-0.73445	
-0.23188	-0.23188	-0.257618	-0.306024	-0.352103	-0.371218	-0.339311	-0.278974	-0.227442	-0.21857	-0.261841	-0.340638	-0.453024	-0.58252	-0.720466	-0.840599	-0.920145	-0.939528	-0.873583	-0.713583	-0.469535	-0.167931	0.157031	0.471088	0.72738	0.891674	0.973372	1.00372	1.01279	1.00685	1.00103	1.01338	1.03181	1.02447	0.961736	0.819116	0.598996	0.30027	-0.0459523	-0.393401	-0.700871	-0.926887	-1.05985	-1.11958	-1.11146	-1.05398	-0.967764	-0.872104	-0.773901	-0.692539	
-0.281531	-0.281531	-0.306024	-0.351882	-0.394369	-0.409892	-0.375498	-0.313164	-0.258572	-0.246575	-0.28414	-0.359236	-0.465623	-0.588927	-0.720988	-0.8321	-0.90652	-0.916944	-0.845364	-0.680335	-0.431977	-0.129227	0.195706	0.506881	0.758373	0.918147	0.99487	1.01737	1.01732	1.00107	0.984859	0.983307	0.989255	0.967472	0.893137	0.742826	0.517165	0.216214	-0.123719	-0.466157	-0.763505	-0.977118	-1.09577	-1.14059	-1.11158	-1.03575	-0.931736	-0.819432	-0.704415	-0.608287	
-0.328448	-0.328448	-0.352103	-0.394369	-0.433771	-0.444899	-0.409299	-0.345106	-0.288992	-0.271983	-0.304626	-0.373072	-0.472379	-0.588654	-0.709696	-0.814704	-0.878078	-0.883394	-0.805248	-0.637392	-0.389357	-0.088045	0.232313	0.535561	0.779206	0.931859	1.00082	1.01535	1.00339	0.976488	0.948809	0.936422	0.928226	0.897543	0.81521	0.66016	0.431692	0.134517	-0.204109	-0.536454	-0.823143	-1.02523	-1.13164	-1.15582	-1.1119	-1.01446	-0.886199	-0.746882	-0.608521	-0.489038	
-0.349013	-0.349013	-0.371218	-0.409892	-0.444899	-0.45206	-0.415515	-0.352082	-0.295388	-0.277578	-0.305799	-0.372736	-0.468088	-0.580016	-0.697422	-0.794889	-0.856379	-0.855228	-0.776054	-0.608434	-0.362849	-0.0679354	0.244311	0.536137	0.766899	0.910452	0.971173	0.977315	0.956484	0.922063	0.889766	0.869805	0.856047	0.819631	0.734256	0.581076	0.355517	0.0631989	-0.263376	-0.587767	-0.863918	-1.0557	-1.15117	-1.16319	-1.0981	-0.980243	-0.828275	-0.661274	-0.490659	-0.339407	
-0.317346	-0.317346	-0.339311	-0.375498	-0.409299	-0.415515	-0.38411	-0.326844	-0.277807	-0.264144	-0.296125	-0.366774	-0.464579	-0.580233	-0.696075	-0.796794	-0.856341	-0.858433	-0.78083	-0.61872	-0.380985	-0.0945582	0.207201	0.486247	0.70677	0.842972	0.900717	0.903923	0.878512	0.842887	0.809743	0.78949	0.773772	0.737925	0.656197	0.509424	0.290598	0.0105665	-0.306408	-0.617097	-0.880651	-1.06244	-1.14951	-1.14547	-1.06878	-0.930307	-0.752868	-0.55519	-0.35512	-0.170964	
-0.257563	-0.257563	-0.278974	-0.313164	-0.345106	-0.352082	-0.326844	-0.280071	-0.241356	-0.237128	-0.276342	-0.356016	-0.462648	-0.585967	-0.7094	-0.814508	-0.881476	-0.887098	-0.81703	-0.662209	-0.433955	-0.157731	0.133979	0.402094	0.612696	0.747546	0.805351	0.812504	0.789138	0.757482	0.731318	0.7159	0.702654	0.672369	0.596427	0.459977	0.252307	-0.0139369	-0.314751	-0.610177	-0.858488	-1.02755	-1.10312	-1.08604	-0.991204	-0.836391	-0.640141	-0.418377	-0.190596	0.0180116	
-0.206452	-0.206452	-0.227442	-0.258572	-0.288992	-0.295388	-0.277807	-0.241356	-0.214475	-0.219475	-0.265178	-0.35396	-0.467298	-0.599629	-0.727211	-0.838533	-0.908661	-0.919684	-0.854177	-0.707453	-0.488628	-0.221749	0.0596451	0.317277	0.521489	0.653948	0.718821	0.732237	0.715513	0.693998	0.678761	0.671998	0.668194	0.64368	0.578452	0.455166	0.261252	0.0125842	-0.267807	-0.54355	-0.772868	-0.9272	-0.991127	-0.960257	-0.854288	-0.683086	-0.470537	-0.233496	0.0042939	0.223088	
-0.199296	-0.199296	-0.21857	-0.246575	-0.271983	-0.277578	-0.264144	-0.237128	-0.219475	-0.229245	-0.278356	-0.368469	-0.484919	-0.618196	-0.745142	-0.85462	-0.923141	-0.93197	-0.868417	-0.724912	-0.513982	-0.255818	0.0167588	0.264615	0.460624	0.594969	0.66345	0.68646	0.67698	0.664533	0.661103	0.667329	0.670975	0.660406	0.609747	0.504875	0.330827	0.106455	-0.152989	-0.405698	-0.613712	-0.752004	-0.80394	-0.760705	-0.643899	-0.467973	-0.253312	-0.0127683	0.226032	0.434915	
-0.244156	-0.244156	-0.261841	-0.28414	-0.304626	-0.305799	-0.296125	-0.276342	-0.265178	-0.278356	-0.324234	-0.413349	-0.525725	-0.655621	-0.77564	-0.876372	-0.935513	-0.935606	-0.864867	-0.71918	-0.509992	-0.255133	0.0103035	0.250402	0.439907	0.570588	0.644998	0.6733	0.669972	0.667214	0.676521	0.693378	0.711702	0.711664	0.677742	0.593764	0.44375	0.244791	0.0170202	-0.208222	-0.392919	-0.515672	-0.558549	-0.512638	-0.395853	-0.219705	-0.0100878	0.21801	0.434968	0.617677	
-0.325454	-0.325454	-0.340638	-0.359236	-0.373072	-0.372736	-0.366774	-0.356016	-0.35396	-0.368469	-0.413349	-0.496349	-0.603974	-0.726345	-0.834934	-0.922816	-0.966777	-0.952595	-0.871261	-0.718433	-0.507835	-0.254272	0.00928777	0.245348	0.432041	0.566583	0.647942	0.686179	0.69062	0.694972	0.712536	0.740136	0.764923	0.776898	0.759819	0.696931	0.571445	0.402681	0.200663	0.00162603	-0.160138	-0.268439	-0.30556	-0.258285	-0.147142	0.0129747	0.199472	0.402457	0.589983	0.731844	
-0.440468	-0.440468	-0.453024	-0.465623	-0.472379	-0.468088	-0.464579	-0.462648	-0.467298	-0.484919	-0.525725	-0.603974	-0.706612	-0.821994	-0.922123	-0.996452	-1.02643	-0.997378	-0.90312	-0.741337	-0.52605	-0.268467	-0.00394318	0.23446	0.422988	0.563696	0.656894	0.707983	0.723815	0.739177	0.768718	0.805882	0.839399	0.857681	0.849396	0.799073	0.691791	0.542761	0.366758	0.192307	0.0497883	-0.0484222	-0.0837807	-0.0468375	0.0497594	0.190267	0.349389	0.515399	0.657028	0.748464	
-0.572905	-0.572905	-0.58252	-0.588927	-0.588654	-0.580016	-0.580233	-0.585967	-0.599629	-0.618196	-0.655621	-0.726345	-0.821994	-0.929458	-1.01789	-1.07851	-1.0919	-1.04812	-0.941435	-0.7725	-0.554056	-0.295765	-0.029115	0.211513	0.407036	0.558206	0.66991	0.739956	0.773471	0.802769	0.844017	0.889722	0.928596	0.948865	0.945571	0.902472	0.805092	0.669075	0.505855	0.343247	0.209358	0.114402	0.0734626	0.0984028	0.175312	0.286806	0.408601	0.532262	0.627792	0.668002	
-0.7155	-0.7155	-0.720466	-0.720988	-0.709696	-0.697422	-0.696075	-0.7094	-0.727211	-0.745142	-0.77564	-0.834934	-0.922123	-1.01789	-1.09558	-1.13971	-1.13743	-1.07752	-0.958956	-0.78293	-0.561872	-0.303215	-0.0366151	0.20748	0.405705	0.567562	0.692697	0.780042	0.830837	0.87355	0.926622	0.983801	1.02643	1.04905	1.04609	1.00227	0.908244	0.776345	0.618958	0.461426	0.32922	0.227311	0.172106	0.171374	0.22112	0.299238	0.383207	0.464359	0.515217	0.510096	
-0.838567	-0.838567	-0.840599	-0.8321	-0.814704	-0.794889	-0.796794	-0.814508	-0.838533	-0.85462	-0.876372	-0.922816	-0.996452	-1.07851	-1.13971	-1.16507	-1.14117	-1.0637	-0.930105	-0.747315	-0.524766	-0.268711	-0.00448005	0.236637	0.437987	0.601983	0.737948	0.8374	0.899218	0.950336	1.01008	1.0686	1.11365	1.13389	1.1277	1.0847	0.993377	0.863941	0.709988	0.553822	0.413698	0.299032	0.219982	0.187918	0.198394	0.235337	0.278184	0.317278	0.328239	0.289834	
-0.923507	-0.923507	-0.920145	-0.90652	-0.878078	-0.856379	-0.856341	-0.881476	-0.908661	-0.923141	-0.935513	-0.966777	-1.02643	-1.0919	-1.13743	-1.14117	-1.09732	-0.999988	-0.852823	-0.664132	-0.440379	-0.189733	0.0687692	0.30701	0.502925	0.667926	0.804942	0.906937	0.97362	1.0232	1.07829	1.13486	1.17246	1.18651	1.17677	1.13045	1.04203	0.917928	0.770012	0.614284	0.470301	0.340377	0.234447	0.161642	0.129619	0.119169	0.114688	0.112119	0.093176	0.0367167	
-0.946154	-0.946154	-0.939528	-0.916944	-0.883394	-0.855228	-0.858433	-0.887098	-0.919684	-0.93197	-0.935606	-0.952595	-0.997378	-1.04812	-1.07752	-1.0637	-0.999988	-0.887451	-0.729549	-0.538289	-0.318645	-0.077278	0.172307	0.399671	0.590725	0.74799	0.880331	0.980687	1.04278	1.08582	1.13238	1.17633	1.20383	1.20904	1.1878	1.13861	1.05191	0.932969	0.791988	0.64398	0.495875	0.354048	0.220982	0.111336	0.0305941	-0.0285597	-0.072305	-0.109533	-0.156389	-0.226486	
-0.884605	-0.884605	-0.873583	-0.845364	-0.805248	-0.776054	-0.78083	-0.81703	-0.854177	-0.868417	-0.864867	-0.871261	-0.90312	-0.941435	-0.958956	-0.930105	-0.852823	-0.729549	-0.56726	-0.381542	-0.172262	0.0518871	0.283385	0.496974	0.674382	0.822472	0.947018	1.04019	1.09872	1.13342	1.1669	1.19868	1.21291	1.2058	1.17612	1.12171	1.0365	0.922723	0.789567	0.643393	0.491201	0.337307	0.181281	0.0378761	-0.0799867	-0.175168	-0.25471	-0.320937	-0.382408	-0.450348	
-0.727986	-0.727986	-0.713583	-0.680335	-0.637392	-0.608434	-0.61872	-0.662209	-0.707453	-0.724912	-0.71918	-0.718433	-0.741337	-0.7725	-0.78293	-0.747315	-0.664132	-0.538289	-0.381542	-0.207902	-0.0170385	0.183472	0.393858	0.586544	0.749912	0.884984	0.997043	1.08228	1.13379	1.16109	1.18596	1.20767	1.21424	1.20201	1.16465	1.10654	1.01959	0.906945	0.775416	0.629186	0.471797	0.305729	0.127581	-0.0417955	-0.190918	-0.315252	-0.408973	-0.481331	-0.546313	-0.611691	
-0.486359	-0.486359	-0.469535	-0.431977	-0.389357	-0.362849	-0.380985	-0.433955	-0.488628	-0.513982	-0.509992	-0.507835	-0.52605	-0.554056	-0.561872	-0.524766	-0.440379	-0.318645	-0.172262	-0.0170385	0.148916	0.321734	0.503326	0.672761	0.818475	0.940432	1.04181	1.12115	1.16991	1.19639	1.21653	1.23291	1.23434	1.2195	1.17737	1.11731	1.02965	0.917671	0.784215	0.633313	0.462467	0.27918	0.080687	-0.108537	-0.278412	-0.412809	-0.511003	-0.58506	-0.644492	-0.693833	
-0.187113	-0.187113	-0.167931	-0.129227	-0.088045	-0.0679354	-0.0945582	-0.157731	-0.221749	-0.255818	-0.255133	-0.254272	-0.268467	-0.295765	-0.303215	-0.268711	-0.189733	-0.077278	0.0518871	0.183472	0.321734	0.464014	0.61761	0.76451	0.895226	1.00697	1.10128	1.17521	1.22488	1.25346	1.27479	1.29055	1.29493	1.28072	1.23927	1.17594	1.08283	0.963675	0.824274	0.661351	0.480198	0.284548	0.0718472	-0.130689	-0.312743	-0.455179	-0.552034	-0.614551	-0.661175	-0.695725	
0.136711	0.136711	0.157031	0.195706	0.232313	0.244311	0.207201	0.133979	0.0596451	0.0167588	0.0103035	0.00928777	-0.00394318	-0.029115	-0.0366151	-0.00448005	0.0687692	0.172307	0.283385	0.393858	0.503326	0.61761	0.74355	0.868396	0.985632	1.09131	1.18043	1.25668	1.31112	1.34957	1.37853	1.39903	1.40468	1.39339	1.34758	1.27711	1.17423	1.04635	0.894941	0.72293	0.53221	0.324847	0.105301	-0.0997887	-0.284847	-0.427308	-0.516904	-0.573689	-0.613117	-0.635929	
0.45101	0.45101	0.471088	0.506881	0.535561	0.536137	0.486247	0.402094	0.317277	0.264615	0.250402	0.245348	0.23446	0.211513	0.20748	0.236637	0.30701	0.399671	0.496974	0.586544	0.672761	0.76451	0.868396	0.978574	1.0897	1.19369	1.28748	1.3665	1.42965	1.47978	1.5174	1.54171	1.55091	1.53648	1.48587	1.40324	1.28409	1.13929	0.974554	0.79187	0.59567	0.389052	0.174363	-0.0246037	-0.207563	-0.346346	-0.435764	-0.487415	-0.518711	-0.527654	
0.707921	0.707921	0.72738	0.758373	0.779206	0.766899	0.70677	0.612696	0.521489	0.460624	0.439907	0.432041	0.422988	0.407036	0.405705	0.437987	0.502925	0.590725	0.674382	0.749912	0.818475	0.895226	0.985632	1.0897	1.2003	1.3137	1.41587	1.50554	1.58062	1.64299	1.69081	1.71708	1.72113	1.69732	1.63183	1.52679	1.38587	1.22115	1.04427	0.856023	0.665847	0.465362	0.263034	0.0731381	-0.100416	-0.239926	-0.328014	-0.375302	-0.400043	-0.402633	
0.873101	0.873101	0.891674	0.918147	0.931859	0.910452	0.842972	0.747546	0.653948	0.594969	0.570588	0.566583	0.563696	0.558206	0.567562	0.601983	0.667926	0.74799	0.822472	0.884984	0.940432	1.00697	1.09131	1.19369	1.3137	1.44015	1.56121	1.6661	1.75578	1.8327	1.88762	1.91148	1.90309	1.85854	1.7685	1.63479	1.46486	1.28088	1.09192	0.906604	0.727428	0.543477	0.359641	0.186331	0.0199196	-0.117397	-0.205784	-0.253165	-0.27364	-0.268009	
0.957137	0.957137	0.973372	0.99487	1.00082	0.971173	0.900717	0.805351	0.718821	0.66345	0.644998	0.647942	0.656894	0.66991	0.692697	0.737948	0.804942	0.880331	0.947018	0.997043	1.04181	1.10128	1.18043	1.28748	1.41587	1.56121	1.70266	1.82513	1.93023	2.01764	2.07796	2.09472	2.06721	1.99631	1.87584	1.70827	1.51141	1.30528	1.11054	0.93253	0.769883	0.608218	0.448427	0.290476	0.138759	0.00829733	-0.0805648	-0.122478	-0.135483	-0.127563	
0.99057	0.99057	1.00372	1.01737	1.01535	0.977315	0.903923	0.812504	0.732237	0.68646	0.6733	0.686179	0.707983	0.739956	0.780042	0.8374	0.906937	0.980687	1.04019	1.08228	1.12115	1.17521	1.25668	1.3665	1.50554	1.6661	1.82513	1.96143	2.07535	2.16663	2.22474	2.22926	2.17836	2.07662	1.92601	1.73004	1.50917	1.29185	1.09675	0.928666	0.786545	0.647708	0.508849	0.371755	0.240499	0.120773	0.0441912	0.0111443	0.00189073	0.00549207	
1.00554	1.00554	1.01279	1.01732	1.00339	0.956484	0.878512	0.789138	0.715513	0.67698	0.669972	0.69062	0.723815	0.773471	0.830837	0.899218	0.97362	1.04278	1.09872	1.13379	1.16991	1.22488	1.31112	1.42965	1.58062	1.75578	1.93023	2.07535	2.18875	2.2719	2.31519	2.29803	2.21575	2.0837	1.90479	1.68858	1.45764	1.23796	1.04849	0.899087	0.774103	0.657939	0.542271	0.426933	0.315995	0.21763	0.152374	0.124429	0.11653	0.11478	
1.00612	1.00612	1.00685	1.00107	0.976488	0.922063	0.842887	0.757482	0.693998	0.664533	0.667214	0.694972	0.739177	0.802769	0.87355	0.950336	1.0232	1.08582	1.13342	1.16109	1.19639	1.25346	1.34957	1.47978	1.64299	1.8327	2.01764	2.16663	2.2719	2.33605	2.35497	2.30829	2.19234	2.02822	1.82465	1.59634	1.36204	1.14763	0.973625	0.842474	0.740834	0.655011	0.564666	0.475838	0.391757	0.3101	0.250627	0.223273	0.20714	0.191918	
1.00816	1.00816	1.00103	0.984859	0.948809	0.889766	0.809743	0.731318	0.678761	0.661103	0.676521	0.712536	0.768718	0.844017	0.926622	1.01008	1.07829	1.13238	1.1669	1.18596	1.21653	1.27479	1.37853	1.5174	1.69081	1.88762	2.07796	2.22474	2.31519	2.35497	2.34486	2.26749	2.12208	1.93061	1.70839	1.47246	1.23909	1.03215	0.872518	0.762138	0.689489	0.63726	0.58353	0.530856	0.474463	0.409584	0.354208	0.311801	0.274449	0.240452	
1.02888	1.02888	1.01338	0.983307	0.936422	0.869805	0.78949	0.7159	0.671998	0.667329	0.693378	0.740136	0.805882	0.889722	0.983801	1.0686	1.13486	1.17633	1.19868	1.20767	1.23291	1.29055	1.39903	1.54171	1.71708	1.91148	2.09472	2.22926	2.29803	2.30829	2.26749	2.16607	1.99828	1.79249	1.56078	1.32461	1.09516	0.896906	0.747857	0.657356	0.611818	0.599608	0.587639	0.577002	0.549876	0.503348	0.444861	0.386279	0.328021	0.274534	
1.05784	1.05784	1.03181	0.989255	0.928226	0.856047	0.773772	0.702654	0.668194	0.670975	0.711702	0.764923	0.839399	0.928596	1.02643	1.11365	1.17246	1.20383	1.21291	1.21424	1.23434	1.29493	1.40468	1.55091	1.72113	1.90309	2.06721	2.17836	2.21575	2.19234	2.12208	1.99828	1.823	1.6127	1.3814	1.15161	0.930774	0.738953	0.606159	0.533791	0.519048	0.543902	0.572209	0.595034	0.59169	0.558183	0.501782	0.432583	0.355572	0.28387	
1.0587	1.0587	1.02447	0.967472	0.897543	0.819631	0.737925	0.672369	0.64368	0.660406	0.711664	0.776898	0.857681	0.948865	1.04905	1.13389	1.18651	1.20904	1.2058	1.20201	1.2195	1.28072	1.39339	1.53648	1.69732	1.85854	1.99631	2.07662	2.0837	2.02822	1.93061	1.79249	1.6127	1.40148	1.17597	0.952485	0.741005	0.566884	0.452407	0.403124	0.421981	0.477335	0.536012	0.583482	0.593735	0.565545	0.510212	0.430972	0.342386	0.255167	
1.00408	1.00408	0.961736	0.893137	0.81521	0.734256	0.656197	0.596427	0.578452	0.609747	0.677742	0.759819	0.849396	0.945571	1.04609	1.1277	1.17677	1.1878	1.17612	1.16465	1.17737	1.23927	1.34758	1.48587	1.63183	1.7685	1.87584	1.92601	1.90479	1.82465	1.70839	1.56078	1.3814	1.17597	0.953886	0.735802	0.536819	0.377324	0.283882	0.263634	0.310321	0.391118	0.476163	0.538187	0.554025	0.530824	0.473359	0.385143	0.280535	0.17683	
0.867717	0.867717	0.819116	0.742826	0.66016	0.581076	0.509424	0.459977	0.455166	0.504875	0.593764	0.696931	0.799073	0.902472	1.00227	1.0847	1.13045	1.13861	1.12171	1.10654	1.11731	1.17594	1.27711	1.40324	1.52679	1.63479	1.70827	1.73004	1.68858	1.59634	1.47246	1.32461	1.15161	0.952485	0.735802	0.524748	0.334453	0.192835	0.120212	0.119224	0.185743	0.283806	0.383102	0.456309	0.483577	0.462032	0.401281	0.302774	0.182305	0.0587362	
0.652037	0.652037	0.598996	0.517165	0.431692	0.355517	0.290598	0.252307	0.261252	0.330827	0.44375	0.571445	0.691791	0.805092	0.908244	0.993377	1.04203	1.05191	1.0365	1.01959	1.02965	1.08283	1.17423	1.28409	1.38587	1.46486	1.51141	1.50917	1.45764	1.36204	1.23909	1.09516	0.930774	0.741005	0.536819	0.334453	0.159267	0.0343082	-0.0259465	-0.0160895	0.0554553	0.153466	0.25855	0.340105	0.374854	0.358613	0.298316	0.192961	0.0564745	-0.0835335	
0.353928	0.353928	0.30027	0.216214	0.134517	0.0631989	0.0105665	-0.0139369	0.0125842	0.106455	0.244791	0.402681	0.542761	0.669075	0.776345	0.863941	0.917928	0.932969	0.922723	0.906945	0.917671	0.963675	1.04635	1.13929	1.22115	1.28088	1.30528	1.29185	1.23796	1.14763	1.03215	0.896906	0.738953	0.566884	0.377324	0.192835	0.0343082	-0.0767939	-0.133062	-0.123256	-0.0629137	0.0300669	0.132719	0.217315	0.258998	0.243291	0.177877	0.0705723	-0.0684293	-0.21238	
0.00815571	0.00815571	-0.0459523	-0.123719	-0.204109	-0.263376	-0.306408	-0.314751	-0.267807	-0.152989	0.0170202	0.200663	0.366758	0.505855	0.618958	0.709988	0.770012	0.791988	0.789567	0.775416	0.784215	0.824274	0.894941	0.974554	1.04427	1.09192	1.11054	1.09675	1.04849	0.973625	0.872518	0.747857	0.606159	0.452407	0.283882	0.120212	-0.0259465	-0.133062	-0.190922	-0.190441	-0.143939	-0.0590724	0.0329628	0.113964	0.15214	0.134391	0.0695055	-0.0301162	-0.166487	-0.312201	
-0.344384	-0.344384	-0.393401	-0.466157	-0.536454	-0.587767	-0.617097	-0.610177	-0.54355	-0.405698	-0.208222	0.00162603	0.192307	0.343247	0.461426	0.553822	0.614284	0.64398	0.643393	0.629186	0.633313	0.661351	0.72293	0.79187	0.856023	0.906604	0.93253	0.928666	0.899087	0.842474	0.762138	0.657356	0.533791	0.403124	0.263634	0.119224	-0.0160895	-0.123256	-0.190441	-0.207973	-0.176465	-0.106598	-0.0280504	0.0474561	0.0869327	0.0708455	0.0101609	-0.0816506	-0.212046	-0.361092	
-0.658345	-0.658345	-0.700871	-0.763505	-0.823143	-0.863918	-0.880651	-0.858488	-0.772868	-0.613712	-0.392919	-0.160138	0.0497883	0.209358	0.32922	0.413698	0.470301	0.495875	0.491201	0.471797	0.462467	0.480198	0.53221	0.59567	0.665847	0.727428	0.769883	0.786545	0.774103	0.740834	0.689489	0.611818	0.519048	0.421981	0.310321	0.185743	0.0554553	-0.0629137	-0.143939	-0.176465	-0.158644	-0.10234	-0.0352229	0.0335327	0.0708483	0.0639942	0.0190878	-0.0598285	-0.186313	-0.342512	
-0.892451	-0.892451	-0.926887	-0.977118	-1.02523	-1.0557	-1.06244	-1.02755	-0.9272	-0.752004	-0.515672	-0.268439	-0.0484222	0.114402	0.227311	0.299032	0.340377	0.354048	0.337307	0.305729	0.27918	0.284548	0.324847	0.389052	0.465362	0.543477	0.608218	0.647708	0.657939	0.655011	0.63726	0.599608	0.543902	0.477335	0.391118	0.283806	0.153466	0.0300669	-0.0590724	-0.106598	-0.10234	-0.0617312	-0.00783087	0.0560337	0.106744	0.123238	0.0981131	0.0261415	-0.0963173	-0.264908	
-1.03449	-1.03449	-1.05985	-1.09577	-1.13164	-1.15117	-1.14951	-1.10312	-0.991127	-0.80394	-0.558549	-0.30556	-0.0837807	0.0734626	0.172106	0.219982	0.234447	0.220982	0.181281	0.127581	0.080687	0.0718472	0.105301	0.174363	0.263034	0.359641	0.448427	0.508849	0.542271	0.564666	0.58353	0.587639	0.572209	0.536012	0.476163	0.383102	0.25855	0.132719	0.0329628	-0.0280504	-0.0352229	-0.00783087	0.0436933	0.11809	0.186834	0.227862	0.222452	0.16066	0.0391691	-0.138694	
-1.10679	-1.10679	-1.11958	-1.14059	-1.15582	-1.16319	-1.14547	-1.08604	-0.960257	-0.760705	-0.512638	-0.258285	-0.0468375	0.0984028	0.171374	0.187918	0.161642	0.111336	0.0378761	-0.0417955	-0.108537	-0.130689	-0.0997887	-0.0246037	0.0731381	0.186331	0.290476	0.371755	0.426933	0.475838	0.530856	0.577002	0.595034	0.583482	0.538187	0.456309	0.340105	0.217315	0.113964	0.0474561	0.0335327	0.0560337	0.11809	0.204375	0.294695	0.360826	0.375932	0.323533	0.210402	0.034465	
-1.1081	-1.1081	-1.11146	-1.11158	-1.1119	-1.0981	-1.06878	-0.991204	-0.854288	-0.643899	-0.395853	-0.147142	0.0497594	0.175312	0.22112	0.198394	0.129619	0.0305941	-0.0799867	-0.190918	-0.278412	-0.312743	-0.284847	-0.207563	-0.100416	0.0199196	0.138759	0.240499	0.315995	0.391757	0.474463	0.549876	0.59169	0.593735	0.554025	0.483577	0.374854	0.258998	0.15214	0.0869327	0.0708483	0.106744	0.186834	0.294695	0.405388	0.493485	0.527631	0.494746	0.39669	0.223413	
-1.0617	-1.0617	-1.05398	-1.03575	-1.01446	-0.980243	-0.930307	-0.836391	-0.683086	-0.467973	-0.219705	0.0129747	0.190267	0.286806	0.299238	0.235337	0.119169	-0.0285597	-0.175168	-0.315252	-0.412809	-0.455179	-0.427308	-0.346346	-0.239926	-0.117397	0.00829733	0.120773	0.21763	0.3101	0.409584	0.503348	0.558183	0.565545	0.530824	0.462032	0.358613	0.243291	0.134391	0.0708455	0.0639942	0.123238	0.227862	0.360826	0.493485	0.603875	0.658621	0.653265	0.57073	0.413965	
-0.986192	-0.986192	-0.967764	-0.931736	-0.886199	-0.828275	-0.752868	-0.640141	-0.470537	-0.253312	-0.0100878	0.199472	0.349389	0.408601	0.383207	0.278184	0.114688	-0.072305	-0.25471	-0.408973	-0.511003	-0.552034	-0.516904	-0.435764	-0.328014	-0.205784	-0.0805648	0.0441912	0.152374	0.250627	0.354208	0.444861	0.501782	0.510212	0.473359	0.401281	0.298316	0.177877	0.0695055	0.0101609	0.0190878	0.0981131	0.222452	0.375932	0.527631	0.658621	0.746799	0.778039	0.720819	0.590295	
-0.900816	-0.900816	-0.872104	-0.819432	-0.746882	-0.661274	-0.55519	-0.418377	-0.233496	-0.0127683	0.21801	0.402457	0.515399	0.532262	0.464359	0.317278	0.112119	-0.109533	-0.320937	-0.481331	-0.58506	-0.614551	-0.573689	-0.487415	-0.375302	-0.253165	-0.122478	0.0111443	0.124429	0.223273	0.311801	0.386279	0.432583	0.430972	0.385143	0.302774	0.192961	0.0705723	-0.0301162	-0.0816506	-0.0598285	0.0261415	0.16066	0.323533	0.494746	0.653265	0.778039	0.843899	0.82784	0.737522	
-0.809866	-0.809866	-0.773901	-0.704415	-0.608521	-0.490659	-0.35512	-0.190596	0.0042939	0.226032	0.434968	0.589983	0.657028	0.627792	0.515217	0.328239	0.093176	-0.156389	-0.382408	-0.546313	-0.644492	-0.661175	-0.613117	-0.518711	-0.400043	-0.27364	-0.135483	0.00189073	0.11653	0.20714	0.274449	0.328021	0.355572	0.342386	0.280535	0.182305	0.0564745	-0.0684293	-0.166487	-0.212046	-0.186313	-0.0963173	0.0391691	0.210402	0.39669	0.57073	0.720819	0.82784	0.869805	0.827971	
-0.73445	-0.73445	-0.692539	-0.608287	-0.489038	-0.339407	-0.170964	0.0180116	0.223088	0.434915	0.617677	0.731844	0.748464	0.668002	0.510096	0.289834	0.0367167	-0.226486	-0.450348	-0.611691	-0.693833	-0.695725	-0.635929	-0.527654	-0.402633	-0.268009	-0.127563	0.00549207	0.11478	0.191918	0.240452	0.274534	0.28387	0.255167	0.17683	0.0587362	-0.0835335	-0.21238	-0.312201	-0.361092	-0.342512	-0.264908	-0.138694	0.034465	0.223413	0.413965	0.590295	0.737522	0.827971	0.834806	
