5.71587e-06	9.54011e-07	1.41889e-07	1.89039e-08	2.26734e-09	2.45949e-10	2.42325e-11	2.1772e-12	1.79035e-13	1.35204e-14	9.40628e-16	6.04617e-17	3.60037e-18	1.99115e-19	1.02509e-20	4.9233e-22	2.21037e-23	9.29407e-25	3.66642e-26	1.35922e-27	4.74261e-29	1.55975e-30	4.84169e-32	1.42035e-33	3.94252e-35	1.03663e-36	2.58473e-38	6.11761e-40	1.37575e-41	2.94224e-43	5.98918e-45	1.16133e-46	2.14673e-48	3.78567e-50	6.37304e-52	1.02487e-53	1.57535e-55	2.31588e-57	3.25783e-59	4.38767e-61	5.66037e-63	6.99779e-65	8.29411e-67	9.42862e-69	1.0284e-70	1.07664e-72	1.08222e-74	1.04482e-76	9.77736e-79	9.77736e-79	
9.54011e-07	1.49465e-07	2.09466e-08	2.63863e-09	3.0014e-10	3.09606e-11	2.90785e-12	2.49587e-13	1.96453e-14	1.42256e-15	9.50482e-17	5.87596e-18	3.36966e-19	1.79681e-20	8.92878e-22	4.14337e-23	1.79899e-24	7.3215e-26	2.79773e-27	1.00539e-28	3.40276e-30	1.08619e-31	3.27439e-33	9.33343e-35	2.51851e-36	6.44047e-38	1.56247e-39	3.59958e-41	7.88208e-43	1.64194e-44	3.25655e-46	6.1544e-48	1.10907e-49	1.90715e-51	3.13145e-53	4.91265e-55	7.36806e-57	1.05706e-58	1.45139e-60	1.9082e-62	2.40338e-64	2.90119e-66	3.35788e-68	3.72787e-70	3.97121e-72	4.06071e-74	3.98695e-76	3.75985e-78	3.43619e-80	3.43619e-80	
1.41889e-07	2.09466e-08	2.77529e-09	3.31508e-10	3.58528e-11	3.52482e-12	3.16203e-13	2.59735e-14	1.95996e-15	1.36279e-16	8.75592e-18	5.21205e-19	2.88145e-20	1.48285e-21	7.11862e-23	3.19424e-24	1.34222e-25	5.29072e-27	1.95955e-28	6.82984e-30	2.24338e-31	6.9538e-33	2.03667e-34	5.64312e-36	1.48084e-37	3.68429e-39	8.69943e-41	1.95134e-42	4.16168e-44	8.44633e-46	1.6326e-47	3.00769e-49	5.28496e-51	8.86335e-53	1.41966e-54	2.173e-56	3.18037e-58	4.45322e-60	5.96856e-62	7.66084e-64	9.4209e-66	1.11046e-67	1.25513e-69	1.36085e-71	1.41587e-73	1.41408e-75	1.35612e-77	1.24917e-79	1.11491e-81	1.11491e-81	
1.89039e-08	2.63863e-09	3.31508e-10	3.76477e-11	3.8802e-12	3.64324e-13	3.12736e-14	2.46244e-15	1.784e-16	1.19267e-17	7.37759e-19	4.23315e-20	2.25833e-21	1.12263e-22	5.21075e-24	2.26261e-25	9.20756e-27	3.5175e-28	1.26347e-29	4.27345e-31	1.36296e-32	4.10434e-34	1.16842e-35	3.14816e-37	8.03692e-39	1.94603e-40	4.47364e-42	9.77294e-44	2.03058e-45	4.01612e-47	7.56697e-49	1.35921e-50	2.32919e-52	3.81034e-54	5.95435e-56	8.89349e-58	1.27034e-59	1.73623e-61	2.27171e-63	2.84679e-65	3.4183e-67	3.93459e-69	4.34301e-71	4.5988e-73	4.67317e-75	4.55858e-77	4.27003e-79	3.84181e-81	3.34848e-83	3.34848e-83	
2.26734e-09	3.0014e-10	3.58528e-11	3.8802e-12	3.81921e-13	3.43115e-14	2.82306e-15	2.13396e-16	1.48636e-17	9.56598e-19	5.70329e-20	3.15761e-21	1.62707e-22	7.81962e-24	3.51198e-25	1.47676e-26	5.82383e-28	2.15753e-29	7.52e-31	2.46953e-32	7.65126e-34	2.23938e-35	6.19893e-37	1.62477e-38	4.03662e-40	9.51547e-42	2.13031e-43	4.53362e-45	9.17923e-47	1.7696e-48	3.25075e-50	5.6943e-52	9.51792e-54	1.51904e-55	2.31623e-57	3.37623e-59	4.70712e-61	6.28021e-63	8.02228e-65	9.81577e-67	1.15091e-68	1.29366e-70	1.39453e-72	1.44218e-74	1.43133e-76	1.3637e-78	1.24763e-80	1.09636e-82	9.33124e-85	9.33124e-85	
2.45949e-10	3.09606e-11	3.52482e-12	3.64324e-13	3.43115e-14	2.95451e-15	2.3336e-16	1.69581e-17	1.13702e-18	7.0526e-20	4.05696e-21	2.16935e-22	1.08064e-23	5.025e-25	2.18536e-26	8.90469e-28	3.40527e-29	1.22407e-30	4.14216e-32	1.32134e-33	3.97874e-35	1.13227e-36	3.04887e-38	7.77656e-40	1.88082e-41	4.31759e-43	9.41616e-45	1.95265e-46	3.85348e-48	7.24265e-50	1.29742e-51	2.21669e-53	3.61458e-55	5.62875e-57	8.37575e-59	1.19161e-60	1.62171e-62	2.11231e-64	2.63445e-66	3.14748e-68	3.60376e-70	3.95585e-72	4.16459e-74	4.20632e-76	4.07726e-78	3.79402e-80	3.39013e-82	2.90957e-84	2.41805e-86	2.41805e-86	
2.42325e-11	2.90785e-12	3.16203e-13	3.12736e-14	2.82306e-15	2.3336e-16	1.77192e-17	1.23947e-18	8.00913e-20	4.79297e-21	2.66277e-22	1.3764e-23	6.63361e-25	2.98679e-26	1.25867e-27	4.97302e-29	1.84518e-30	6.43924e-32	2.11655e-33	6.5616e-35	1.92103e-36	5.31766e-38	1.39336e-39	3.45963e-41	8.14808e-43	1.82203e-44	3.87187e-46	7.82571e-48	1.50561e-49	2.75943e-51	4.8212e-53	8.03559e-55	1.27846e-56	1.94278e-58	2.82152e-60	3.9183e-62	5.20582e-64	6.62018e-66	8.06188e-68	9.40534e-70	1.05162e-71	1.12734e-73	1.15908e-75	1.14335e-77	1.08239e-79	9.83681e-82	8.58425e-84	7.19507e-86	5.83841e-88	5.83841e-88	
2.1772e-12	2.49587e-13	2.59735e-14	2.46244e-15	2.13396e-16	1.69581e-17	1.23947e-18	8.35566e-20	5.20906e-21	3.01054e-22	1.61675e-23	8.08525e-25	3.77297e-26	1.64604e-27	6.72582e-29	2.57825e-30	9.28687e-32	3.14792e-33	1.00553e-34	3.03079e-36	8.6307e-38	2.32474e-39	5.92955e-41	1.43364e-42	3.28895e-44	7.16601e-46	1.48417e-47	2.92438e-49	5.4862e-51	9.80663e-53	1.67141e-54	2.71799e-56	4.21978e-58	6.25841e-60	8.87186e-62	1.20274e-63	1.56009e-65	1.9371e-67	2.30342e-69	2.62417e-71	2.86535e-73	2.99978e-75	3.01212e-77	2.9018e-79	2.68288e-81	2.38118e-83	2.02932e-85	1.66103e-87	1.31592e-89	1.31592e-89	
1.79035e-13	1.96453e-14	1.95996e-15	1.784e-16	1.48636e-17	1.13702e-18	8.00913e-20	5.20906e-21	3.13617e-22	1.75205e-23	9.10282e-25	4.4076e-26	1.9929e-27	8.43002e-29	3.34189e-30	1.24361e-31	4.35086e-33	1.43316e-34	4.45075e-36	1.30482e-37	3.61551e-39	9.47961e-41	2.35439e-42	5.5447e-44	1.23938e-45	2.6318e-47	5.31369e-49	1.02091e-50	1.86791e-52	3.25701e-54	5.41596e-56	8.59418e-58	1.30218e-59	1.88508e-61	2.60863e-63	3.45258e-65	4.37256e-67	5.30133e-69	6.1557e-71	6.84838e-73	7.30264e-75	7.46632e-77	7.32168e-79	6.8885e-81	6.21972e-83	5.39092e-85	4.48648e-87	3.58586e-89	2.77333e-91	2.77333e-91	
1.35204e-14	1.42256e-15	1.36279e-16	1.19267e-17	9.56598e-19	7.0526e-20	4.79297e-21	3.01054e-22	1.75205e-23	9.46941e-25	4.76345e-26	2.23478e-27	9.79705e-29	4.02059e-30	1.54724e-31	5.59226e-33	1.90123e-34	6.0885e-36	1.83906e-37	5.24604e-39	1.41493e-40	3.61233e-42	8.73871e-44	2.00515e-45	4.36809e-47	9.0421e-49	1.78009e-50	3.33545e-52	5.95294e-54	1.0127e-55	1.6432e-57	2.5447e-59	3.76339e-61	5.31814e-63	7.18473e-65	9.28428e-67	1.14809e-68	1.35922e-70	1.54122e-72	1.67446e-74	1.74371e-76	1.74106e-78	1.66736e-80	1.53196e-82	1.35078e-84	1.14328e-86	9.29073e-89	7.25042e-91	5.47382e-93	5.47382e-93	
9.40628e-16	9.50482e-17	8.75592e-18	7.37759e-19	5.70329e-20	4.05696e-21	2.66277e-22	1.61675e-23	9.10282e-25	4.76345e-26	2.32169e-27	1.05607e-28	4.49158e-30	1.78934e-31	6.6879e-33	2.34892e-34	7.76366e-36	2.41814e-37	7.10687e-39	1.97328e-40	5.18223e-42	1.28864e-43	3.03729e-45	6.79198e-47	1.44232e-48	2.91114e-50	5.58921e-52	1.02156e-53	1.77876e-55	2.95265e-57	4.67556e-59	7.06719e-61	1.02025e-62	1.40749e-64	1.8565e-66	2.34241e-68	2.82845e-70	3.26992e-72	3.6208e-74	3.84162e-76	3.90678e-78	3.80945e-80	3.56266e-82	3.19653e-84	2.75224e-86	2.27458e-88	1.80475e-90	1.37504e-92	1.01325e-94	1.01325e-94	
6.04617e-17	5.87596e-18	5.21205e-19	4.23315e-20	3.15761e-21	2.16935e-22	1.3764e-23	8.08525e-25	4.4076e-26	2.23478e-27	1.05607e-28	4.6604e-30	1.92409e-31	7.44468e-33	2.70388e-34	9.23237e-36	2.96786e-37	8.99426e-39	2.57295e-40	6.95602e-42	1.77928e-43	4.3107e-45	9.90159e-47	2.15839e-48	4.46903e-50	8.79673e-52	1.64741e-53	2.93755e-55	4.99092e-57	8.085e-59	1.24957e-60	1.84368e-62	2.59835e-64	3.4997e-66	4.50717e-68	5.55292e-70	6.54751e-72	7.3918e-74	7.99305e-76	8.28173e-78	8.22477e-80	7.83173e-82	7.15236e-84	6.26637e-86	5.26823e-88	4.25101e-90	3.29297e-92	2.44923e-94	1.7614e-96	1.7614e-96	
3.60037e-18	3.36966e-19	2.88145e-20	2.25833e-21	1.62707e-22	1.08064e-23	6.63361e-25	3.77297e-26	1.9929e-27	9.79705e-29	4.49158e-30	1.92409e-31	7.71532e-33	2.90079e-34	1.02424e-35	3.40138e-37	1.06387e-38	3.13816e-40	8.74086e-42	2.30163e-43	5.7359e-45	1.35427e-46	3.03229e-48	6.44476e-50	1.30135e-51	2.49856e-53	4.56495e-55	7.94244e-57	1.31688e-58	2.0821e-60	3.14115e-62	4.5244e-64	6.2253e-66	8.18676e-68	1.02951e-69	1.23854e-71	1.42609e-73	1.57221e-75	1.66022e-77	1.67983e-79	1.62912e-81	1.51482e-83	1.35086e-85	1.15561e-87	9.48567e-90	7.47258e-92	5.65071e-94	4.1024e-96	2.87898e-98	2.87898e-98	
1.99115e-19	1.79681e-20	1.48285e-21	1.12263e-22	7.81962e-24	5.025e-25	2.98679e-26	1.64604e-27	8.43002e-29	4.02059e-30	1.78934e-31	7.44468e-33	2.90079e-34	1.06028e-35	3.6411e-37	1.17649e-38	3.58164e-40	1.02868e-41	2.79066e-43	7.15923e-45	1.73871e-46	4.00162e-48	8.73592e-50	1.81069e-51	3.56626e-53	6.6799e-55	1.19082e-56	2.0219e-58	3.27193e-60	5.04962e-62	7.43685e-64	1.04579e-65	1.40494e-67	1.80405e-69	2.21526e-71	2.60245e-73	2.92618e-75	3.15031e-77	3.2486e-79	3.2098e-81	3.03973e-83	2.75991e-85	2.40311e-87	2.00714e-89	1.60844e-91	1.23691e-93	9.12973e-96	6.46893e-98	4.42943e-100	4.42943e-100	
1.02509e-20	8.92878e-22	7.11862e-23	5.21075e-24	3.51198e-25	2.18536e-26	1.25867e-27	6.72582e-29	3.34189e-30	1.54724e-31	6.6879e-33	2.70388e-34	1.02424e-35	3.6411e-37	1.21659e-38	3.82613e-40	1.13413e-41	3.17253e-43	8.3851e-45	2.09633e-46	4.96277e-48	1.11361e-49	2.37085e-51	4.79312e-53	9.20968e-55	1.68317e-56	2.92817e-58	4.85238e-60	7.6647e-62	1.15476e-63	1.66035e-65	2.27962e-67	2.99027e-69	3.74937e-71	4.49579e-73	5.15755e-75	5.66301e-77	5.95364e-79	5.99517e-81	5.78427e-83	5.34877e-85	4.74176e-87	4.03104e-89	3.2869e-91	2.57122e-93	1.93e-95	1.39031e-97	9.61317e-100	6.42145e-102	6.42145e-102	
4.9233e-22	4.14337e-23	3.19424e-24	2.26261e-25	1.47676e-26	8.90469e-28	4.97302e-29	2.57825e-30	1.24361e-31	5.59226e-33	2.34892e-34	9.23237e-36	3.40138e-37	1.17649e-38	3.82613e-40	1.17161e-41	3.38244e-43	9.21821e-45	2.37432e-46	5.78618e-48	1.33554e-49	2.92253e-51	6.06883e-53	1.19694e-54	2.24401e-56	4.00217e-58	6.79526e-60	1.09915e-61	1.69486e-63	2.4929e-65	3.4996e-67	4.69154e-69	6.00919e-71	7.3575e-73	8.615e-75	9.65102e-77	1.0348e-78	1.06234e-80	1.04459e-82	9.84092e-85	8.88512e-87	7.69031e-89	6.38237e-91	5.08013e-93	3.87889e-95	2.84156e-97	1.9975e-99	1.34759e-101	8.78024e-104	8.78024e-104	
2.21037e-23	1.79899e-24	1.34222e-25	9.20756e-27	5.82383e-28	3.40527e-29	1.84518e-30	9.28687e-32	4.35086e-33	1.90123e-34	7.76366e-36	2.96786e-37	1.06387e-38	3.58164e-40	1.13413e-41	3.38244e-43	9.51374e-45	2.52672e-46	6.3438e-48	1.5073e-49	3.39278e-51	7.24158e-53	1.467e-54	2.82307e-56	5.16484e-58	8.99017e-60	1.48994e-61	2.35264e-63	3.54163e-65	5.086e-67	6.97139e-69	9.12567e-71	1.14138e-72	1.36464e-74	1.56034e-76	1.70693e-78	1.78718e-80	1.79157e-82	1.72011e-84	1.58221e-86	1.39471e-88	1.17848e-90	9.54729e-93	7.41736e-95	5.52726e-97	3.95122e-99	2.71003e-101	1.78358e-103	1.13331e-105	1.13331e-105	
9.29407e-25	7.3215e-26	5.29072e-27	3.5175e-28	2.15753e-29	1.22407e-30	6.43924e-32	3.14792e-33	1.43316e-34	6.0885e-36	2.41814e-37	8.99426e-39	3.13816e-40	1.02868e-41	3.17253e-43	9.21821e-45	2.52672e-46	6.54126e-48	1.60122e-49	3.71016e-51	8.14556e-53	1.69609e-54	3.35249e-56	6.29564e-58	1.12412e-59	1.90991e-61	3.08991e-63	4.76322e-65	7.00083e-67	9.81632e-69	1.31383e-70	1.67937e-72	2.05108e-74	2.39467e-76	2.67375e-78	2.85616e-80	2.92005e-82	2.85821e-84	2.67936e-86	2.40618e-88	2.07063e-90	1.70788e-92	1.35049e-94	1.02396e-96	7.44584e-99	5.19331e-101	3.47481e-103	2.23059e-105	1.38198e-107	1.38198e-107	
3.66642e-26	2.79773e-27	1.95955e-28	1.26347e-29	7.52e-31	4.14216e-32	2.11655e-33	1.00553e-34	4.45075e-36	1.83906e-37	7.10687e-39	2.57295e-40	8.74086e-42	2.79066e-43	8.3851e-45	2.37432e-46	6.3438e-48	1.60122e-49	3.82236e-51	8.63863e-53	1.85022e-54	3.75898e-56	7.25051e-58	1.32886e-59	2.316e-61	3.84121e-63	6.06691e-65	9.13106e-67	1.31037e-68	1.79407e-70	2.34471e-72	2.9266e-74	3.49038e-76	3.9793e-78	4.33857e-80	4.52544e-82	4.51757e-84	4.31739e-86	3.95134e-88	3.46413e-90	2.90993e-92	2.34266e-94	1.80785e-96	1.33759e-98	9.48986e-101	6.457e-103	4.21391e-105	2.63793e-107	1.59326e-109	1.59326e-109	
1.35922e-27	1.00539e-28	6.82984e-30	4.27345e-31	2.46953e-32	1.32134e-33	6.5616e-35	3.03079e-36	1.30482e-37	5.24604e-39	1.97328e-40	6.95602e-42	2.30163e-43	7.15923e-45	2.09633e-46	5.78618e-48	1.5073e-49	3.71016e-51	8.63863e-53	1.90462e-54	3.98019e-56	7.89098e-58	1.48548e-59	2.65742e-61	4.52115e-63	7.32056e-65	1.12886e-66	1.65889e-68	2.32453e-70	3.10768e-72	3.966e-74	4.83391e-76	5.62958e-78	6.26719e-80	6.67211e-82	6.79533e-84	6.62316e-86	6.17967e-88	5.52127e-90	4.72499e-92	3.87398e-94	3.04371e-96	2.29204e-98	1.65457e-100	1.14514e-102	7.59971e-105	4.83659e-107	2.95202e-109	1.73777e-111	1.73777e-111	
4.74261e-29	3.40276e-30	2.24338e-31	1.36296e-32	7.65126e-34	3.97874e-35	1.92103e-36	8.6307e-38	3.61551e-39	1.41493e-40	5.18223e-42	1.77928e-43	5.7359e-45	1.73871e-46	4.96277e-48	1.33554e-49	3.39278e-51	8.14556e-53	1.85022e-54	3.98019e-56	8.1167e-58	1.57052e-59	2.88577e-61	5.03947e-63	8.37024e-65	1.32321e-66	1.99227e-68	2.85868e-70	3.91145e-72	5.10628e-74	6.36341e-76	7.57362e-78	8.61275e-80	9.3624e-82	9.73217e-84	9.67756e-86	9.20878e-88	8.38785e-90	7.31533e-92	6.1103e-94	4.88919e-96	3.74839e-98	2.75401e-100	1.93939e-102	1.30919e-104	8.47275e-107	5.25735e-109	3.12793e-111	1.79423e-113	1.79423e-113	
1.55975e-30	1.08619e-31	6.9538e-33	4.10434e-34	2.23938e-35	1.13227e-36	5.31766e-38	2.32474e-39	9.47961e-41	3.61233e-42	1.28864e-43	4.3107e-45	1.35427e-46	4.00162e-48	1.11361e-49	2.92253e-51	7.24158e-53	1.69609e-54	3.75898e-56	7.89098e-58	1.57052e-59	2.96613e-61	5.3203e-63	9.07033e-65	1.47086e-66	2.2703e-68	3.33767e-70	4.67644e-72	6.24816e-74	7.96502e-76	9.69255e-78	1.12645e-79	1.25082e-81	1.32761e-83	1.34742e-85	1.30809e-87	1.21512e-89	1.08038e-91	9.19656e-94	7.49669e-96	5.85334e-98	4.37836e-100	3.13809e-102	2.1554e-104	1.41889e-106	8.953e-109	5.41525e-111	3.13991e-113	1.75461e-115	1.75461e-115	
4.84169e-32	3.27439e-33	2.03667e-34	1.16842e-35	6.19893e-37	3.04887e-38	1.39336e-39	5.92955e-41	2.35439e-42	8.73871e-44	3.03729e-45	9.90159e-47	3.03229e-48	8.73592e-50	2.37085e-51	6.06883e-53	1.467e-54	3.35249e-56	7.25051e-58	1.48548e-59	2.88577e-61	5.3203e-63	9.31637e-65	1.5507e-66	2.45526e-68	3.7004e-70	5.31205e-72	7.26772e-74	9.48203e-76	1.18032e-77	1.40252e-79	1.59158e-81	1.72561e-83	1.78824e-85	1.77187e-87	1.67925e-89	1.52266e-91	1.32137e-93	1.09771e-95	8.7315e-98	6.65153e-100	4.85358e-102	3.39294e-104	2.27258e-106	1.4586e-108	8.97143e-111	5.28833e-113	2.98758e-115	1.62597e-117	1.62597e-117	
1.42035e-33	9.33343e-35	5.64312e-36	3.14816e-37	1.62477e-38	7.77656e-40	3.45963e-41	1.43364e-42	5.5447e-44	2.00515e-45	6.79198e-47	2.15839e-48	6.44476e-50	1.81069e-51	4.79312e-53	1.19694e-54	2.82307e-56	6.29564e-58	1.32886e-59	2.65742e-61	5.03947e-63	9.07033e-65	1.5507e-66	2.52017e-68	3.89617e-70	5.73382e-72	8.03748e-74	1.0738e-75	1.36801e-77	1.66282e-79	1.9293e-81	2.1377e-83	2.2629e-85	2.28942e-87	2.21451e-89	2.04863e-91	1.81307e-93	1.53549e-95	1.24471e-97	9.65978e-100	7.17845e-102	5.10892e-104	3.48276e-106	2.27437e-108	1.42293e-110	8.5293e-113	4.89859e-115	2.69563e-117	1.42844e-119	1.42844e-119	
3.94252e-35	2.51851e-36	1.48084e-37	8.03692e-39	4.03662e-40	1.88082e-41	8.14808e-43	3.28895e-44	1.23938e-45	4.36809e-47	1.44232e-48	4.46903e-50	1.30135e-51	3.56626e-53	9.20968e-55	2.24401e-56	5.16484e-58	1.12412e-59	2.316e-61	4.52115e-63	8.37024e-65	1.47086e-66	2.45526e-68	3.89617e-70	5.88166e-72	8.45216e-74	1.15694e-75	1.5093e-77	1.87758e-79	2.22843e-81	2.52453e-83	2.73106e-85	2.82246e-87	2.78759e-89	2.632e-91	2.37648e-93	2.05256e-95	1.69623e-97	1.34153e-99	1.01562e-101	7.36123e-104	5.1089e-106	3.39559e-108	2.1615e-110	1.3179e-112	7.69682e-115	4.30582e-117	2.30734e-119	1.19013e-121	1.19013e-121	
1.03663e-36	6.44047e-38	3.68429e-39	1.94603e-40	9.51547e-42	4.31759e-43	1.82203e-44	7.16601e-46	2.6318e-47	9.0421e-49	2.91114e-50	8.79673e-52	2.49856e-53	6.6799e-55	1.68317e-56	4.00217e-58	8.99017e-60	1.90991e-61	3.84121e-63	7.32056e-65	1.32321e-66	2.2703e-68	3.7004e-70	5.73382e-72	8.45216e-74	1.18604e-75	1.58528e-77	2.01942e-79	2.45299e-81	2.84265e-83	3.14418e-85	3.32073e-87	3.35021e-89	3.22981e-91	2.97642e-93	2.62272e-95	2.2104e-97	1.78219e-99	1.37498e-101	1.01527e-103	7.17597e-106	4.85568e-108	3.14586e-110	1.95156e-112	1.15933e-114	6.59511e-117	3.59279e-119	1.87424e-121	9.40702e-124	9.40702e-124	
2.58473e-38	1.56247e-39	8.69943e-41	4.47364e-42	2.13031e-43	9.41616e-45	3.87187e-46	1.48417e-47	5.31369e-49	1.78009e-50	5.58921e-52	1.64741e-53	4.56495e-55	1.19082e-56	2.92817e-58	6.79526e-60	1.48994e-61	3.08991e-63	6.06691e-65	1.12886e-66	1.99227e-68	3.33767e-70	5.31205e-72	8.03748e-74	1.15694e-75	1.58528e-77	2.06903e-79	2.57355e-81	3.05229e-83	3.45348e-85	3.72921e-87	3.8449e-89	3.78639e-91	3.56279e-93	3.20418e-95	2.75505e-97	2.26538e-99	1.78177e-101	1.34076e-103	9.65412e-106	6.65277e-108	4.38805e-110	2.77053e-112	1.67457e-114	9.6897e-117	5.36773e-119	2.84667e-121	1.44521e-123	7.05596e-126	7.05596e-126	
6.11761e-40	3.59958e-41	1.95134e-42	9.77294e-44	4.53362e-45	1.95265e-46	7.82571e-48	2.92438e-49	1.02091e-50	3.33545e-52	1.02156e-53	2.93755e-55	7.94244e-57	2.0219e-58	4.85238e-60	1.09915e-61	2.35264e-63	4.76322e-65	9.13106e-67	1.65889e-68	2.85868e-70	4.67644e-72	7.26772e-74	1.0738e-75	1.5093e-77	2.01942e-79	2.57355e-81	3.12553e-83	3.61927e-85	3.99784e-87	4.21432e-89	4.24129e-91	4.07659e-93	3.74344e-95	3.28512e-97	2.75586e-99	2.21053e-101	1.69575e-103	1.24433e-105	8.7355e-108	5.86782e-110	3.77179e-112	2.32024e-114	1.36602e-116	7.69712e-119	4.15092e-121	2.14235e-123	1.05813e-125	5.0235e-128	5.0235e-128	
1.37575e-41	7.88208e-43	4.16168e-44	2.03058e-45	9.17923e-47	3.85348e-48	1.50561e-49	5.4862e-51	1.86791e-52	5.95294e-54	1.77876e-55	4.99092e-57	1.31688e-58	3.27193e-60	7.6647e-62	1.69486e-63	3.54163e-65	7.00083e-67	1.31037e-68	2.32453e-70	3.91145e-72	6.24816e-74	9.48203e-76	1.36801e-77	1.87758e-79	2.45299e-81	3.05229e-83	3.61927e-85	4.09159e-87	4.41203e-89	4.53986e-91	4.45935e-93	4.18292e-95	3.74806e-97	3.20907e-99	2.6261e-101	2.05449e-103	1.5369e-105	1.09953e-107	7.52418e-110	4.92548e-112	3.08471e-114	1.84834e-116	1.05967e-118	5.81266e-121	3.05062e-123	1.53175e-125	7.35756e-128	3.39534e-130	3.39534e-130	
2.94224e-43	1.64194e-44	8.44633e-46	4.01612e-47	1.7696e-48	7.24265e-50	2.75943e-51	9.80663e-53	3.25701e-54	1.0127e-55	2.95265e-57	8.085e-59	2.0821e-60	5.04962e-62	1.15476e-63	2.4929e-65	5.086e-67	9.81632e-69	1.79407e-70	3.10768e-72	5.10628e-74	7.96502e-76	1.18032e-77	1.66282e-79	2.22843e-81	2.84265e-83	3.45348e-85	3.99784e-87	4.41203e-89	4.64395e-91	4.6639e-93	4.47081e-95	4.09212e-97	3.5774e-99	2.9879e-101	2.3848e-103	1.81936e-105	1.32693e-107	9.25357e-110	6.17106e-112	3.93589e-114	2.40099e-116	1.40095e-118	7.81882e-121	4.17392e-123	2.13113e-125	1.04066e-127	4.85946e-130	2.17893e-132	2.17893e-132	
5.98918e-45	3.25655e-46	1.6326e-47	7.56697e-49	3.25075e-50	1.29742e-51	4.8212e-53	1.67141e-54	5.41596e-56	1.6432e-57	4.67556e-59	1.24957e-60	3.14115e-62	7.43685e-64	1.66035e-65	3.4996e-67	6.97139e-69	1.31383e-70	2.34471e-72	3.966e-74	6.36341e-76	9.69255e-78	1.40252e-79	1.9293e-81	2.52453e-83	3.14418e-85	3.72921e-87	4.21432e-89	4.53986e-91	4.6639e-93	4.57108e-95	4.27573e-97	3.81824e-99	3.25618e-101	2.65253e-103	2.06452e-105	1.53559e-107	1.0917e-109	7.41929e-112	4.82066e-114	2.99482e-116	1.77902e-118	1.01052e-120	5.48858e-123	2.85046e-125	1.4154e-127	6.71906e-130	3.04894e-132	1.32777e-134	1.32777e-134	
1.16133e-46	6.1544e-48	3.00769e-49	1.35921e-50	5.6943e-52	2.21669e-53	8.03559e-55	2.71799e-56	8.59418e-58	2.5447e-59	7.06719e-61	1.84368e-62	4.5244e-64	1.04579e-65	2.27962e-67	4.69154e-69	9.12567e-71	1.67937e-72	2.9266e-74	4.83391e-76	7.57362e-78	1.12645e-79	1.59158e-81	2.1377e-83	2.73106e-85	3.32073e-87	3.8449e-89	4.24129e-91	4.45935e-93	4.47081e-95	4.27573e-97	3.90205e-99	3.39916e-101	2.82728e-103	2.24592e-105	1.70428e-107	1.23565e-109	8.56091e-112	5.66858e-114	3.58756e-116	2.17032e-118	1.25506e-120	6.93786e-123	3.666e-125	1.85159e-127	8.938e-130	4.12315e-132	1.81737e-134	7.6832e-137	7.6832e-137	
2.14673e-48	1.10907e-49	5.28496e-51	2.32919e-52	9.51792e-54	3.61458e-55	1.27846e-56	4.21978e-58	1.30218e-59	3.76339e-61	1.02025e-62	2.59835e-64	6.2253e-66	1.40494e-67	2.99027e-69	6.00919e-71	1.14138e-72	2.05108e-74	3.49038e-76	5.62958e-78	8.61275e-80	1.25082e-81	1.72561e-83	2.2629e-85	2.82246e-87	3.35021e-89	3.78639e-91	4.07659e-93	4.18292e-95	4.09212e-97	3.81824e-99	3.39916e-101	2.88803e-103	2.34247e-105	1.81421e-107	1.34194e-109	9.48162e-112	6.40032e-114	4.12797e-116	2.54403e-118	1.49823e-120	8.4317e-123	4.53446e-125	2.33018e-127	1.14412e-129	5.36694e-132	2.40485e-134	1.02915e-136	4.22176e-139	4.22176e-139	
3.78567e-50	1.90715e-51	8.86335e-53	3.81034e-54	1.51904e-55	5.62875e-57	1.94278e-58	6.25841e-60	1.88508e-61	5.31814e-63	1.40749e-64	3.4997e-66	8.18676e-68	1.80405e-69	3.74937e-71	7.3575e-73	1.36464e-74	2.39467e-76	3.9793e-78	6.26719e-80	9.3624e-82	1.32761e-83	1.78824e-85	2.28942e-87	2.78759e-89	3.22981e-91	3.56279e-93	3.74344e-95	3.74806e-97	3.5774e-99	3.25618e-101	2.82728e-103	2.34247e-105	1.85239e-107	1.39844e-109	1.00806e-111	6.93953e-114	4.56277e-116	2.86565e-118	1.71926e-120	9.85355e-123	5.39485e-125	2.82154e-127	1.40955e-129	6.72546e-132	3.06442e-134	1.33317e-136	5.53661e-139	2.20269e-141	2.20269e-141	
6.37304e-52	3.13145e-53	1.41966e-54	5.95435e-56	2.31623e-57	8.37575e-59	2.82152e-60	8.87186e-62	2.60863e-63	7.18473e-65	1.8565e-66	4.50717e-68	1.02951e-69	2.21526e-71	4.49579e-73	8.615e-75	1.56034e-76	2.67375e-78	4.33857e-80	6.67211e-82	9.73217e-84	1.34742e-85	1.77187e-87	2.21451e-89	2.632e-91	2.97642e-93	3.20418e-95	3.28512e-97	3.20907e-99	2.9879e-101	2.65253e-103	2.24592e-105	1.81421e-107	1.39844e-109	1.02885e-111	7.22582e-114	4.84519e-116	3.1022e-118	1.89669e-120	1.10741e-122	6.17461e-125	3.2877e-127	1.67159e-129	8.11488e-132	3.76093e-134	1.66378e-136	7.02428e-139	2.82946e-141	1.09112e-143	1.09112e-143	
1.02487e-53	4.91265e-55	2.173e-56	8.89349e-58	3.37623e-59	1.19161e-60	3.9183e-62	1.20274e-63	3.45258e-65	9.28428e-67	2.34241e-68	5.55292e-70	1.23854e-71	2.60245e-73	5.15755e-75	9.65102e-77	1.70693e-78	2.85616e-80	4.52544e-82	6.79533e-84	9.67756e-86	1.30809e-87	1.67925e-89	2.04863e-91	2.37648e-93	2.62272e-95	2.75505e-97	2.75586e-99	2.6261e-101	2.3848e-103	2.06452e-105	1.70428e-107	1.34194e-109	1.00806e-111	7.22582e-114	4.94314e-116	3.22765e-118	2.01176e-120	1.19701e-122	6.79921e-125	3.68685e-127	1.9084e-129	9.42894e-132	4.44618e-134	2.00067e-136	8.58903e-139	3.51717e-141	1.37342e-143	5.13074e-146	5.13074e-146	
1.57535e-55	7.36806e-57	3.18037e-58	1.27034e-59	4.70712e-61	1.62171e-62	5.20582e-64	1.56009e-65	4.37256e-67	1.14809e-68	2.82845e-70	6.54751e-72	1.42609e-73	2.92618e-75	5.66301e-77	1.0348e-78	1.78718e-80	2.92005e-82	4.51757e-84	6.62316e-86	9.20878e-88	1.21512e-89	1.52266e-91	1.81307e-93	2.05256e-95	2.2104e-97	2.26538e-99	2.21053e-101	2.05449e-103	1.81936e-105	1.53559e-107	1.23565e-109	9.48162e-112	6.93953e-114	4.84519e-116	3.22765e-118	2.05164e-120	1.24447e-122	7.2037e-125	3.97935e-127	2.09768e-129	1.05514e-131	5.06379e-134	2.31833e-136	1.01235e-138	4.21543e-141	1.6734e-143	6.33095e-146	2.28974e-148	2.28974e-148	
2.31588e-57	1.05706e-58	4.45322e-60	1.73623e-61	6.28021e-63	2.11231e-64	6.62018e-66	1.9371e-67	5.30133e-69	1.35922e-70	3.26992e-72	7.3918e-74	1.57221e-75	3.15031e-77	5.95364e-79	1.06234e-80	1.79157e-82	2.85821e-84	4.31739e-86	6.17967e-88	8.38785e-90	1.08038e-91	1.32137e-93	1.53549e-95	1.69623e-97	1.78219e-99	1.78177e-101	1.69575e-103	1.5369e-105	1.32693e-107	1.0917e-109	8.56091e-112	6.40032e-114	4.56277e-116	3.1022e-118	2.01176e-120	1.24447e-122	7.34378e-125	4.13413e-127	2.2201e-129	1.13725e-131	5.55645e-134	2.58903e-136	1.15028e-138	4.87192e-141	1.96663e-143	7.56374e-146	2.77075e-148	9.69553e-151	9.69553e-151	
3.25783e-59	1.45139e-60	5.96856e-62	2.27171e-63	8.02228e-65	2.63445e-66	8.06188e-68	2.30342e-69	6.1557e-71	1.54122e-72	3.6208e-74	7.99305e-76	1.66022e-77	3.2486e-79	5.99517e-81	1.04459e-82	1.72011e-84	2.67936e-86	3.95134e-88	5.52127e-90	7.31533e-92	9.19656e-94	1.09771e-95	1.24471e-97	1.34153e-99	1.37498e-101	1.34076e-103	1.24433e-105	1.09953e-107	9.25357e-110	7.41929e-112	5.66858e-114	4.12797e-116	2.86565e-118	1.89669e-120	1.19701e-122	7.2037e-125	4.13413e-127	2.26246e-129	1.18066e-131	5.87462e-134	2.78673e-136	1.26009e-138	5.43012e-141	2.22954e-143	8.71955e-146	3.24713e-148	1.15098e-150	3.89401e-153	3.89401e-153	
4.38767e-61	1.9082e-62	7.66084e-64	2.84679e-65	9.81577e-67	3.14748e-68	9.40534e-70	2.62417e-71	6.84838e-73	1.67446e-74	3.84162e-76	8.28173e-78	1.67983e-79	3.2098e-81	5.78427e-83	9.84092e-85	1.58221e-86	2.40618e-88	3.46413e-90	4.72499e-92	6.1103e-94	7.49669e-96	8.7315e-98	9.65978e-100	1.01562e-101	1.01527e-103	9.65412e-106	8.7355e-108	7.52418e-110	6.17106e-112	4.82066e-114	3.58756e-116	2.54403e-118	1.71926e-120	1.10741e-122	6.79921e-125	3.97935e-127	2.2201e-129	1.18066e-131	5.98464e-134	2.89114e-136	1.33091e-138	5.83712e-141	2.43846e-143	9.70015e-146	3.67322e-148	1.32361e-150	4.5366e-153	1.48284e-155	1.48284e-155	
5.66037e-63	2.40338e-64	9.4209e-66	3.4183e-67	1.15091e-68	3.60376e-70	1.05162e-71	2.86535e-73	7.30264e-75	1.74371e-76	3.90678e-78	8.22477e-80	1.62912e-81	3.03973e-83	5.34877e-85	8.88512e-87	1.39471e-88	2.07063e-90	2.90993e-92	3.87398e-94	4.88919e-96	5.85334e-98	6.65153e-100	7.17845e-102	7.36123e-104	7.17597e-106	6.65277e-108	5.86782e-110	4.92548e-112	3.93589e-114	2.99482e-116	2.17032e-118	1.49823e-120	9.85355e-123	6.17461e-125	3.68685e-127	2.09768e-129	1.13725e-131	5.87462e-134	2.89114e-136	1.35539e-138	6.05186e-141	2.57303e-143	1.0414e-145	4.01118e-148	1.46976e-150	5.1211e-153	1.69596e-155	5.3514e-158	5.3514e-158	
6.99779e-65	2.90119e-66	1.11046e-67	3.93459e-69	1.29366e-70	3.95585e-72	1.12734e-73	2.99978e-75	7.46632e-77	1.74106e-78	3.80945e-80	7.83173e-82	1.51482e-83	2.75991e-85	4.74176e-87	7.69031e-89	1.17848e-90	1.70788e-92	2.34266e-94	3.04371e-96	3.74839e-98	4.37836e-100	4.85358e-102	5.10892e-104	5.1089e-106	4.85568e-108	4.38805e-110	3.77179e-112	3.08471e-114	2.40099e-116	1.77902e-118	1.25506e-120	8.4317e-123	5.39485e-125	3.2877e-127	1.9084e-129	1.05514e-131	5.55645e-134	2.78673e-136	1.33091e-138	6.05186e-141	2.61951e-143	1.07903e-145	4.22862e-148	1.57601e-150	5.58389e-153	1.87989e-155	6.01065e-158	1.82934e-160	1.82934e-160	
8.29411e-67	3.35788e-68	1.25513e-69	4.34301e-71	1.39453e-72	4.16459e-74	1.15908e-75	3.01212e-77	7.32168e-79	1.66736e-80	3.56266e-82	7.15236e-84	1.35086e-85	2.40311e-87	4.03104e-89	6.38237e-91	9.54729e-93	1.35049e-94	1.80785e-96	2.29204e-98	2.75401e-100	3.13809e-102	3.39294e-104	3.48276e-106	3.39559e-108	3.14586e-110	2.77053e-112	2.32024e-114	1.84834e-116	1.40095e-118	1.01052e-120	6.93786e-123	4.53446e-125	2.82154e-127	1.67159e-129	9.42894e-132	5.06379e-134	2.58903e-136	1.26009e-138	5.83712e-141	2.57303e-143	1.07903e-145	4.30367e-148	1.63196e-150	5.88128e-153	2.0134e-155	6.54431e-158	2.01846e-160	5.91997e-163	5.91997e-163	
9.42862e-69	3.72787e-70	1.36085e-71	4.5988e-73	1.44218e-74	4.20632e-76	1.14335e-77	2.9018e-79	6.8885e-81	1.53196e-82	3.19653e-84	6.26637e-86	1.15561e-87	2.00714e-89	3.2869e-91	5.08013e-93	7.41736e-95	1.02396e-96	1.33759e-98	1.65457e-100	1.93939e-102	2.1554e-104	2.27258e-106	2.27437e-108	2.1615e-110	1.95156e-112	1.67457e-114	1.36602e-116	1.05967e-118	7.81882e-121	5.48858e-123	3.666e-125	2.33018e-127	1.40955e-129	8.11488e-132	4.44618e-134	2.31833e-136	1.15028e-138	5.43012e-141	2.43846e-143	1.0414e-145	4.22862e-148	1.63196e-150	5.98387e-153	2.08365e-155	6.88685e-158	2.15934e-160	6.41874e-163	1.8124e-165	1.8124e-165	
1.0284e-70	3.97121e-72	1.41587e-73	4.67317e-75	1.43133e-76	4.07726e-78	1.08239e-79	2.68288e-81	6.21972e-83	1.35078e-84	2.75224e-86	5.26823e-88	9.48567e-90	1.60844e-91	2.57122e-93	3.87889e-95	5.52726e-97	7.44584e-99	9.48986e-101	1.14514e-102	1.30919e-104	1.41889e-106	1.4586e-108	1.42293e-110	1.3179e-112	1.15933e-114	9.6897e-117	7.69712e-119	5.81266e-121	4.17392e-123	2.85046e-125	1.85159e-127	1.14412e-129	6.72546e-132	3.76093e-134	2.00067e-136	1.01235e-138	4.87192e-141	2.22954e-143	9.70015e-146	4.01118e-148	1.57601e-150	5.88128e-153	2.08365e-155	7.00495e-158	2.23341e-160	6.74903e-163	1.93161e-165	5.24536e-168	5.24536e-168	
1.07664e-72	4.06071e-74	1.41408e-75	4.55858e-77	1.3637e-78	3.79402e-80	9.83681e-82	2.38118e-83	5.39092e-85	1.14328e-86	2.27458e-88	4.25101e-90	7.47258e-92	1.23691e-93	1.93e-95	2.84156e-97	3.95122e-99	5.19331e-101	6.457e-103	7.59971e-105	8.47275e-107	8.953e-109	8.97143e-111	8.5293e-113	7.69682e-115	6.59511e-117	5.36773e-119	4.15092e-121	3.05062e-123	2.13113e-125	1.4154e-127	8.938e-130	5.36694e-132	3.06442e-134	1.66378e-136	8.58903e-139	4.21543e-141	1.96663e-143	8.71955e-146	3.67322e-148	1.46976e-150	5.58389e-153	2.0134e-155	6.88685e-158	2.23341e-160	6.86284e-163	1.99676e-165	5.49669e-168	1.4339e-170	1.4339e-170	
1.08222e-74	3.98695e-76	1.35612e-77	4.27003e-79	1.24763e-80	3.39013e-82	8.58425e-84	2.02932e-85	4.48648e-87	9.29073e-89	1.80475e-90	3.29297e-92	5.65071e-94	9.12973e-96	1.39031e-97	1.9975e-99	2.71003e-101	3.47481e-103	4.21391e-105	4.83659e-107	5.25735e-109	5.41525e-111	5.28833e-113	4.89859e-115	4.30582e-117	3.59279e-119	2.84667e-121	2.14235e-123	1.53175e-125	1.04066e-127	6.71906e-130	4.12315e-132	2.40485e-134	1.33317e-136	7.02428e-139	3.51717e-141	1.6734e-143	7.56374e-146	3.24713e-148	1.32361e-150	5.1211e-153	1.87989e-155	6.54431e-158	2.15934e-160	6.74903e-163	1.99676e-165	5.58787e-168	1.47784e-170	3.69897e-173	3.69897e-173	
1.04482e-76	3.75985e-78	1.24917e-79	3.84181e-81	1.09636e-82	2.90957e-84	7.19507e-86	1.66103e-87	3.58586e-89	7.25042e-91	1.37504e-92	2.44923e-94	4.1024e-96	6.46893e-98	9.61317e-100	1.34759e-101	1.78358e-103	2.23059e-105	2.63793e-107	2.95202e-109	3.12793e-111	3.13991e-113	2.98758e-115	2.69563e-117	2.30734e-119	1.87424e-121	1.44521e-123	1.05813e-125	7.35756e-128	4.85946e-130	3.04894e-132	1.81737e-134	1.02915e-136	5.53661e-139	2.82946e-141	1.37342e-143	6.33095e-146	2.77075e-148	1.15098e-150	4.5366e-153	1.69596e-155	6.01065e-158	2.01846e-160	6.41874e-163	1.93161e-165	5.49669e-168	1.47784e-170	3.75051e-173	8.9952e-176	8.9952e-176	
9.77736e-79	3.43619e-80	1.11491e-81	3.34848e-83	9.33124e-85	2.41805e-86	5.83841e-88	1.31592e-89	2.77333e-91	5.47382e-93	1.01325e-94	1.7614e-96	2.87898e-98	4.42943e-100	6.42145e-102	8.78024e-104	1.13331e-105	1.38198e-107	1.59326e-109	1.73777e-111	1.79423e-113	1.75461e-115	1.62597e-117	1.42844e-119	1.19013e-121	9.40702e-124	7.05596e-126	5.0235e-128	3.39534e-130	2.17893e-132	1.32777e-134	7.6832e-137	4.22176e-139	2.20269e-141	1.09112e-143	5.13074e-146	2.28974e-148	9.69553e-151	3.89401e-153	1.48284e-155	5.3514e-158	1.82934e-160	5.91997e-163	1.8124e-165	5.24536e-168	1.4339e-170	3.69897e-173	8.9952e-176	2.06414e-178	2.06414e-178	
9.77736e-79	3.43619e-80	1.11491e-81	3.34848e-83	9.33124e-85	2.41805e-86	5.83841e-88	1.31592e-89	2.77333e-91	5.47382e-93	1.01325e-94	1.7614e-96	2.87898e-98	4.42943e-100	6.42145e-102	8.78024e-104	1.13331e-105	1.38198e-107	1.59326e-109	1.73777e-111	1.79423e-113	1.75461e-115	1.62597e-117	1.42844e-119	1.19013e-121	9.40702e-124	7.05596e-126	5.0235e-128	3.39534e-130	2.17893e-132	1.32777e-134	7.6832e-137	4.22176e-139	2.20269e-141	1.09112e-143	5.13074e-146	2.28974e-148	9.69553e-151	3.89401e-153	1.48284e-155	5.3514e-158	1.82934e-160	5.91997e-163	1.8124e-165	5.24536e-168	1.4339e-170	3.69897e-173	8.9952e-176	2.06414e-178	2.06414e-178	
