0.157247	0.0950162	0.0562243	0.0322083	0.00924612	-0.000335494	-0.00695226	-0.0188842	-0.0246151	-0.0309001	-0.0361881	-0.0388449	-0.038568	-0.0427608	-0.0506992	-0.0473678	-0.0470654	-0.0557338	-0.0566831	-0.0541852	-0.0565628	-0.0637307	-0.0694106	-0.0647334	-0.0628896	-0.0759649	-0.0870479	-0.0856925	-0.08137	-0.0822924	-0.0964502	-0.122831	-0.138977	-0.130799	-0.113861	-0.107785	-0.120836	-0.160326	-0.223348	-0.279352	-0.286565	-0.221064	-0.0781134	0.138711	0.409782	0.688452	0.917691	1.06395	1.12941	1.12941	
0.0950162	0.0472549	0.018948	-0.000898299	-0.013884	-0.0162162	-0.0263766	-0.0349432	-0.0338509	-0.0367008	-0.0401913	-0.0425157	-0.0435745	-0.0483164	-0.0507621	-0.0462153	-0.0513276	-0.0584235	-0.0554178	-0.0545527	-0.0596346	-0.0668138	-0.0691102	-0.0633574	-0.0663311	-0.0814119	-0.0884445	-0.0843326	-0.081207	-0.0862043	-0.105304	-0.131018	-0.139685	-0.126312	-0.112244	-0.114718	-0.140454	-0.195718	-0.271451	-0.331593	-0.336215	-0.264775	-0.110302	0.127501	0.427468	0.736994	0.993947	1.16169	1.23928	1.23928	
0.0562243	0.018948	-0.00420895	-0.0167451	-0.0250431	-0.0306736	-0.0383265	-0.037689	-0.0358571	-0.0417945	-0.0458052	-0.0453257	-0.0443493	-0.0499033	-0.0512284	-0.0479454	-0.0544288	-0.0583087	-0.055107	-0.0568	-0.0625803	-0.0686235	-0.0680857	-0.0633528	-0.0714139	-0.0861733	-0.0883617	-0.0828745	-0.0823943	-0.0922892	-0.115219	-0.137445	-0.137744	-0.121428	-0.112886	-0.125632	-0.165198	-0.23562	-0.320763	-0.380979	-0.380402	-0.301752	-0.135223	0.122445	0.447823	0.78391	1.06609	1.25545	1.34625	1.34625	
0.0322083	-0.000898299	-0.0167451	-0.0283061	-0.0370896	-0.0361297	-0.0389168	-0.0383415	-0.0412881	-0.0474039	-0.0457922	-0.0435576	-0.0477122	-0.0535986	-0.0494773	-0.0485466	-0.0581853	-0.0588833	-0.0549139	-0.0586955	-0.0656505	-0.070112	-0.0667223	-0.0648777	-0.0776175	-0.0896119	-0.0869884	-0.08198	-0.0855269	-0.100561	-0.125241	-0.141162	-0.133441	-0.117322	-0.116947	-0.14151	-0.195638	-0.279563	-0.369846	-0.425858	-0.417545	-0.330205	-0.150984	0.124841	0.471023	0.828328	1.13253	1.34314	1.44791	1.44791	
0.00924612	-0.013884	-0.0250431	-0.0370896	-0.0346321	-0.0348461	-0.0434471	-0.0427004	-0.0459545	-0.0465872	-0.0441239	-0.0470166	-0.0510517	-0.0518027	-0.0486223	-0.0539033	-0.0607129	-0.0562161	-0.0554365	-0.0628354	-0.0688971	-0.0697769	-0.0653204	-0.0688785	-0.0842966	-0.0909494	-0.0847841	-0.08253	-0.0911002	-0.110587	-0.134089	-0.141514	-0.127643	-0.115458	-0.125629	-0.163273	-0.232013	-0.326558	-0.416924	-0.464522	-0.446057	-0.348299	-0.155754	0.135799	0.497138	0.869465	1.19178	1.42251	1.54144	1.54144	
-0.000335494	-0.0162162	-0.0306736	-0.0361297	-0.0348461	-0.0459845	-0.0476921	-0.0421218	-0.0447185	-0.0454505	-0.0470057	-0.0488442	-0.0518426	-0.0528799	-0.0504879	-0.056315	-0.0597593	-0.0558889	-0.0593491	-0.066465	-0.0698353	-0.068538	-0.0660596	-0.0752339	-0.0896918	-0.0899002	-0.0829159	-0.0854375	-0.0991978	-0.121389	-0.140381	-0.138431	-0.121822	-0.117461	-0.140087	-0.191659	-0.27407	-0.375036	-0.459963	-0.495282	-0.464362	-0.35422	-0.147914	0.156121	0.526129	0.906708	1.24253	1.49126	1.62368	1.62368	
-0.00695226	-0.0263766	-0.0383265	-0.0389168	-0.0434471	-0.0476921	-0.040024	-0.0399754	-0.0481622	-0.0496118	-0.0481475	-0.0503849	-0.0543117	-0.0505843	-0.0507725	-0.0608823	-0.0605478	-0.0562127	-0.0623161	-0.0689808	-0.0705317	-0.0679308	-0.0689898	-0.0824527	-0.0926934	-0.087293	-0.0827255	-0.0912165	-0.10938	-0.131547	-0.142964	-0.132657	-0.11797	-0.124959	-0.161336	-0.227064	-0.320888	-0.422854	-0.4968	-0.516528	-0.470904	-0.346273	-0.126233	0.186183	0.557851	0.939675	1.28375	1.54704	1.69119	1.69119	
-0.0188842	-0.0349432	-0.037689	-0.0383415	-0.0427004	-0.0421218	-0.0399754	-0.0497749	-0.0540784	-0.0466335	-0.0468744	-0.0529903	-0.0526985	-0.0504593	-0.0583073	-0.0634123	-0.0564602	-0.0575314	-0.0675547	-0.0716043	-0.0699604	-0.0676917	-0.0744964	-0.0895546	-0.0927112	-0.0843352	-0.0854319	-0.0999735	-0.120632	-0.13936	-0.141317	-0.125891	-0.118394	-0.139407	-0.190131	-0.269337	-0.370748	-0.467395	-0.52529	-0.526755	-0.464167	-0.323025	-0.0900527	0.225859	0.592081	0.968247	1.31464	1.58758	1.74039	1.74039	
-0.0246151	-0.0338509	-0.0358571	-0.0412881	-0.0459545	-0.0447185	-0.0481622	-0.0540784	-0.0454953	-0.0426845	-0.0529264	-0.0560924	-0.0531146	-0.0545814	-0.0605464	-0.0597463	-0.0566182	-0.0640657	-0.0716497	-0.071165	-0.0685761	-0.070353	-0.0826535	-0.0942067	-0.0896365	-0.0831101	-0.0920588	-0.11106	-0.131276	-0.143269	-0.136008	-0.120716	-0.125395	-0.16192	-0.226818	-0.317548	-0.421096	-0.505767	-0.543449	-0.524553	-0.442714	-0.283493	-0.0394474	0.274497	0.628543	0.992547	1.33467	1.61072	1.76779	1.76779	
-0.0309001	-0.0367008	-0.0417945	-0.0474039	-0.0465872	-0.0454505	-0.0496118	-0.0466335	-0.0426845	-0.0535395	-0.0593895	-0.0538073	-0.0511869	-0.0561526	-0.0628942	-0.0606547	-0.0596335	-0.0685145	-0.072895	-0.0700266	-0.0692571	-0.0767124	-0.0905763	-0.0943947	-0.0856391	-0.0860716	-0.102435	-0.122872	-0.139391	-0.142499	-0.12894	-0.120271	-0.140916	-0.19314	-0.271128	-0.369789	-0.468641	-0.535063	-0.549541	-0.508576	-0.405298	-0.227356	0.0246677	0.330964	0.666936	1.01285	1.34345	1.61458	1.77029	1.77029	
-0.0361881	-0.0401913	-0.0458052	-0.0457922	-0.0441239	-0.0470057	-0.0481475	-0.0468744	-0.0529264	-0.0593895	-0.053331	-0.0487892	-0.0549601	-0.0645286	-0.0646155	-0.0571445	-0.0629269	-0.0743905	-0.0728588	-0.0686534	-0.073226	-0.085288	-0.0950759	-0.0908999	-0.0842561	-0.0942033	-0.114975	-0.133441	-0.143393	-0.137543	-0.123289	-0.127735	-0.166233	-0.233107	-0.321933	-0.423068	-0.509627	-0.552647	-0.542094	-0.477528	-0.351048	-0.155166	0.100533	0.393749	0.706909	1.02941	1.34068	1.59765	1.74552	1.74552	
-0.0388449	-0.0425157	-0.0453257	-0.0435576	-0.0470166	-0.0488442	-0.0503849	-0.0529903	-0.0560924	-0.0538073	-0.0487892	-0.0553672	-0.0652038	-0.0649372	-0.0571958	-0.0593299	-0.0735932	-0.0762188	-0.0686083	-0.0707375	-0.0815214	-0.0924381	-0.0946896	-0.0870157	-0.0881686	-0.106545	-0.127509	-0.140877	-0.142466	-0.130551	-0.123154	-0.145716	-0.201733	-0.281106	-0.376991	-0.473397	-0.540235	-0.556357	-0.519829	-0.430216	-0.27972	-0.0684931	0.185662	0.461107	0.747993	1.04225	1.32598	1.559	1.69223	1.69223	
-0.038568	-0.0435745	-0.0443493	-0.0477122	-0.0510517	-0.0518426	-0.0543117	-0.0526985	-0.0531146	-0.0511869	-0.0549601	-0.0652038	-0.0641772	-0.057993	-0.059633	-0.0706767	-0.0771662	-0.0706424	-0.0690101	-0.0788763	-0.0893641	-0.0951779	-0.0915298	-0.0864606	-0.0980488	-0.120959	-0.137715	-0.143578	-0.137283	-0.125503	-0.132754	-0.17562	-0.246813	-0.335487	-0.432797	-0.516119	-0.557055	-0.544578	-0.481573	-0.365725	-0.192002	0.0300599	0.277077	0.531187	0.789453	1.05093	1.29887	1.49839	1.61061	1.61061	
-0.0427608	-0.0483164	-0.0499033	-0.0535986	-0.0518027	-0.0528799	-0.0505843	-0.0504593	-0.0545814	-0.0561526	-0.0645286	-0.0649372	-0.057993	-0.0605911	-0.0681406	-0.0752605	-0.0743782	-0.0694703	-0.0754691	-0.0868756	-0.0942148	-0.0946861	-0.0884888	-0.0917681	-0.113028	-0.134407	-0.143193	-0.141098	-0.13082	-0.127616	-0.155287	-0.217297	-0.299896	-0.393431	-0.484628	-0.546481	-0.55746	-0.51615	-0.426229	-0.283739	-0.0897529	0.137015	0.371619	0.602101	0.830085	1.05432	1.25875	1.41654	1.50253	1.50253	
-0.0506992	-0.0507621	-0.0512284	-0.0494773	-0.0486223	-0.0504879	-0.0507725	-0.0583073	-0.0605464	-0.0628942	-0.0646155	-0.0571958	-0.059633	-0.0681406	-0.0738649	-0.0773333	-0.0718109	-0.071249	-0.0840797	-0.0943913	-0.0960104	-0.0912068	-0.0891839	-0.104976	-0.129858	-0.142908	-0.142749	-0.135434	-0.128194	-0.141923	-0.191988	-0.269093	-0.358414	-0.450763	-0.526941	-0.560316	-0.539765	-0.470164	-0.352921	-0.184958	0.023912	0.248367	0.466249	0.671864	0.868004	1.05057	1.20502	1.3152	1.37167	1.37167	
-0.0473678	-0.0462153	-0.0479454	-0.0485466	-0.0539033	-0.056315	-0.0608823	-0.0634123	-0.0597463	-0.0606547	-0.0571445	-0.0593299	-0.0706767	-0.0752605	-0.0773333	-0.0731849	-0.068205	-0.081059	-0.0961266	-0.0969261	-0.0920615	-0.0893328	-0.0992122	-0.123752	-0.142282	-0.144116	-0.138107	-0.130995	-0.13537	-0.171802	-0.241777	-0.328093	-0.418658	-0.501981	-0.554112	-0.55464	-0.503093	-0.40581	-0.26137	-0.0714789	0.144795	0.360049	0.558232	0.73823	0.900495	1.03721	1.13732	1.19725	1.22332	1.22332	
-0.0470654	-0.0513276	-0.0544288	-0.0581853	-0.0607129	-0.0597593	-0.0605478	-0.0564602	-0.0566182	-0.0596335	-0.0629269	-0.0735932	-0.0771662	-0.0743782	-0.0718109	-0.068205	-0.0796585	-0.0977984	-0.0981033	-0.0909706	-0.0900781	-0.096988	-0.117442	-0.14011	-0.146001	-0.139826	-0.133313	-0.133544	-0.157733	-0.217903	-0.301379	-0.39035	-0.475637	-0.540722	-0.561379	-0.527901	-0.44702	-0.322459	-0.152454	0.0530255	0.268076	0.468384	0.645104	0.798445	0.924035	1.0115	1.05585	1.06668	1.06403	1.06403	
-0.0557338	-0.0584235	-0.0583087	-0.0588833	-0.0562161	-0.0558889	-0.0562127	-0.0575314	-0.0640657	-0.0685145	-0.0743905	-0.0762188	-0.0706424	-0.0694703	-0.071249	-0.081059	-0.0977984	-0.0987168	-0.0896507	-0.0902829	-0.0973989	-0.112683	-0.13623	-0.147804	-0.141995	-0.134394	-0.133583	-0.149487	-0.198444	-0.277423	-0.365884	-0.451061	-0.523129	-0.560664	-0.545657	-0.47977	-0.371244	-0.220099	-0.0287552	0.183523	0.38897	0.570351	0.724424	0.849052	0.934569	0.97096	0.961676	0.92837	0.901074	0.901074	
-0.0566831	-0.0554178	-0.055107	-0.0549139	-0.0554365	-0.0593491	-0.0623161	-0.0675547	-0.0716497	-0.072895	-0.0728588	-0.0686083	-0.0690101	-0.0754691	-0.0840797	-0.0961266	-0.0981033	-0.0896507	-0.0902246	-0.0983818	-0.11015	-0.131964	-0.148728	-0.144978	-0.134883	-0.133426	-0.145403	-0.184239	-0.256392	-0.344451	-0.429756	-0.504557	-0.55409	-0.556713	-0.505886	-0.410569	-0.27558	-0.100069	0.105192	0.314268	0.503363	0.663513	0.793373	0.885896	0.928063	0.914036	0.856971	0.787787	0.741716	0.741716	
-0.0541852	-0.0545527	-0.0568	-0.0586955	-0.0628354	-0.066465	-0.0689808	-0.0716043	-0.071165	-0.0700266	-0.0686534	-0.0707375	-0.0788763	-0.0868756	-0.0943913	-0.0969261	-0.0909706	-0.0902829	-0.0983818	-0.109426	-0.129197	-0.148804	-0.147988	-0.135487	-0.132474	-0.143444	-0.175143	-0.239109	-0.325522	-0.411834	-0.487474	-0.54404	-0.561663	-0.526136	-0.442693	-0.320687	-0.160496	0.0341924	0.243224	0.439735	0.608148	0.745589	0.848411	0.904464	0.901289	0.840695	0.745071	0.650508	0.592491	0.592491	
-0.0565628	-0.0596346	-0.0625803	-0.0656505	-0.0688971	-0.0698353	-0.0705317	-0.0699604	-0.0685761	-0.0692571	-0.073226	-0.0815214	-0.0893641	-0.0942148	-0.0960104	-0.0920615	-0.0900781	-0.0973989	-0.11015	-0.129197	-0.1487	-0.149872	-0.136201	-0.131193	-0.142233	-0.17007	-0.226239	-0.309282	-0.396854	-0.473154	-0.532998	-0.561761	-0.540868	-0.469021	-0.357429	-0.210479	-0.0281235	0.176868	0.378517	0.555486	0.701045	0.81384	0.88524	0.900597	0.852666	0.752798	0.630264	0.521696	0.458582	0.458582	
-0.0637307	-0.0668138	-0.0686235	-0.070112	-0.0697769	-0.068538	-0.0679308	-0.0676917	-0.070353	-0.0767124	-0.085288	-0.0924381	-0.0951779	-0.0946861	-0.0912068	-0.0893328	-0.096988	-0.112683	-0.131964	-0.148804	-0.149872	-0.136533	-0.130321	-0.14137	-0.167619	-0.217781	-0.296383	-0.384566	-0.461898	-0.522883	-0.558762	-0.55058	-0.490247	-0.387507	-0.251177	-0.0810643	0.116753	0.320358	0.504914	0.658518	0.779911	0.864578	0.899266	0.871476	0.782935	0.654104	0.517366	0.405596	0.343402	0.343402	
-0.0694106	-0.0691102	-0.0680857	-0.0667223	-0.0653204	-0.0660596	-0.0689898	-0.0744964	-0.0826535	-0.0905763	-0.0950759	-0.0946896	-0.0915298	-0.0884888	-0.0891839	-0.0992122	-0.117442	-0.13623	-0.148728	-0.147988	-0.136201	-0.130321	-0.141033	-0.166678	-0.213163	-0.287475	-0.375184	-0.453565	-0.514781	-0.554462	-0.556162	-0.506729	-0.412054	-0.283999	-0.124745	0.0641616	0.266518	0.456801	0.61801	0.746812	0.841844	0.893206	0.886589	0.816606	0.695419	0.549854	0.41111	0.305149	0.248452	0.248452	
-0.0647334	-0.0633574	-0.0633528	-0.0648777	-0.0688785	-0.0752339	-0.0824527	-0.0895546	-0.0942067	-0.0943947	-0.0908999	-0.0870157	-0.0864606	-0.0917681	-0.104976	-0.123752	-0.14011	-0.147804	-0.144978	-0.135487	-0.131193	-0.14137	-0.166678	-0.211719	-0.282951	-0.369224	-0.448004	-0.509069	-0.550293	-0.558795	-0.518835	-0.431677	-0.31018	-0.159847	0.0197895	0.218311	0.411976	0.579904	0.715283	0.818211	0.882659	0.895012	0.845284	0.738465	0.595725	0.446005	0.31553	0.221798	0.173457	0.173457	
-0.0628896	-0.0663311	-0.0714139	-0.0776175	-0.0842966	-0.0896918	-0.0926934	-0.0927112	-0.0896365	-0.0856391	-0.0842561	-0.0881686	-0.0980488	-0.113028	-0.129858	-0.142282	-0.146001	-0.141995	-0.134883	-0.132474	-0.142233	-0.167619	-0.213163	-0.282951	-0.367172	-0.4452	-0.505728	-0.547162	-0.559683	-0.527088	-0.446673	-0.330576	-0.187266	-0.0162468	0.176796	0.37146	0.544758	0.685994	0.795045	0.86926	0.897245	0.866624	0.776519	0.642505	0.490913	0.348289	0.233449	0.155517	0.116723	0.116723	
-0.0759649	-0.0814119	-0.0861733	-0.0896119	-0.0909494	-0.0899002	-0.087293	-0.0843352	-0.0831101	-0.0860716	-0.0942033	-0.106545	-0.120959	-0.134407	-0.142908	-0.144116	-0.139826	-0.134394	-0.133426	-0.143444	-0.17007	-0.217781	-0.287475	-0.369224	-0.4452	-0.504634	-0.545516	-0.559805	-0.53211	-0.457219	-0.345672	-0.207829	-0.0442371	0.142646	0.336271	0.513264	0.659497	0.773415	0.85473	0.894915	0.880991	0.807622	0.685031	0.536414	0.38831	0.261349	0.166218	0.105049	0.0756324	0.0756324	
-0.0870479	-0.0884445	-0.0883617	-0.0869884	-0.0847841	-0.0829159	-0.0827255	-0.0854319	-0.0920588	-0.102435	-0.114975	-0.127509	-0.137715	-0.143193	-0.142749	-0.138107	-0.133313	-0.133583	-0.145403	-0.175143	-0.226239	-0.296383	-0.375184	-0.448004	-0.505728	-0.545516	-0.559777	-0.534458	-0.463465	-0.355682	-0.222153	-0.0646541	0.116159	0.307267	0.48618	0.636303	0.754069	0.840456	0.889766	0.889676	0.831821	0.721603	0.578646	0.428789	0.294304	0.18815	0.113732	0.068282	0.0471499	0.0471499	
-0.0856925	-0.0843326	-0.0828745	-0.08198	-0.08253	-0.0854375	-0.0912165	-0.0999735	-0.11106	-0.122872	-0.133441	-0.140877	-0.143578	-0.141098	-0.135434	-0.130995	-0.133544	-0.149487	-0.184239	-0.239109	-0.309282	-0.384566	-0.453565	-0.509069	-0.547162	-0.559805	-0.534458	-0.465531	-0.36068	-0.23062	-0.077968	0.0973649	0.28508	0.464249	0.616921	0.737543	0.827444	0.883301	0.894159	0.849911	0.751928	0.616119	0.466906	0.327598	0.213424	0.129793	0.0746965	0.0426674	0.02826	0.02826	
-0.08137	-0.081207	-0.0823943	-0.0855269	-0.0911002	-0.0991978	-0.10938	-0.120632	-0.131276	-0.139391	-0.143393	-0.142466	-0.137283	-0.13082	-0.128194	-0.13537	-0.157733	-0.198444	-0.256392	-0.325522	-0.396854	-0.461898	-0.514781	-0.550293	-0.559683	-0.53211	-0.463465	-0.36068	-0.233424	-0.0845325	0.0861647	0.270112	0.448105	0.601848	0.724241	0.816389	0.876695	0.89582	0.862929	0.77629	0.648277	0.501374	0.359223	0.238901	0.147932	0.0857137	0.0470482	0.025611	0.0162759	0.0162759	
-0.0822924	-0.0862043	-0.0922892	-0.100561	-0.110587	-0.121389	-0.131547	-0.13936	-0.143269	-0.142499	-0.137543	-0.130551	-0.125503	-0.127616	-0.141923	-0.171802	-0.217903	-0.277423	-0.344451	-0.411834	-0.473154	-0.522883	-0.554462	-0.558795	-0.527088	-0.457219	-0.355682	-0.23062	-0.0845325	0.0824466	0.262582	0.438226	0.591524	0.714485	0.807754	0.870809	0.895823	0.871936	0.795231	0.674983	0.531492	0.388101	0.263177	0.166134	0.0979326	0.0541513	0.0284002	0.0147583	0.00900372	0.00900372	
-0.0964502	-0.105304	-0.115219	-0.125241	-0.134089	-0.140381	-0.142964	-0.141317	-0.136008	-0.12894	-0.123289	-0.123154	-0.132754	-0.155287	-0.191988	-0.241777	-0.301379	-0.365884	-0.429756	-0.487474	-0.532998	-0.558762	-0.556162	-0.518835	-0.446673	-0.345672	-0.222153	-0.077968	0.0861647	0.262582	0.434901	0.586274	0.708525	0.801844	0.866236	0.895074	0.877885	0.809384	0.696332	0.556846	0.413503	0.285394	0.183448	0.110106	0.0618914	0.0327144	0.0164224	0.00816105	0.00478287	0.00478287	
-0.122831	-0.131018	-0.137445	-0.141162	-0.141514	-0.138431	-0.132657	-0.125891	-0.120716	-0.120271	-0.127735	-0.145716	-0.17562	-0.217297	-0.269093	-0.328093	-0.39035	-0.451061	-0.504557	-0.54404	-0.561761	-0.55058	-0.506729	-0.431677	-0.330576	-0.207829	-0.0646541	0.0973649	0.270112	0.438226	0.586274	0.70652	0.798845	0.863353	0.894229	0.88156	0.819367	0.712542	0.577209	0.434887	0.304887	0.199222	0.121608	0.0695243	0.0373313	0.0188949	0.00909458	0.00432952	0.00243939	0.00243939	
-0.138977	-0.139685	-0.137744	-0.133441	-0.127643	-0.121822	-0.11797	-0.118394	-0.125395	-0.140916	-0.166233	-0.201733	-0.246813	-0.299896	-0.358414	-0.418658	-0.475637	-0.523129	-0.55409	-0.561663	-0.540868	-0.490247	-0.412054	-0.31018	-0.187266	-0.0442371	0.116159	0.28508	0.448105	0.591524	0.708525	0.798845	0.86237	0.893705	0.883533	0.825706	0.723875	0.592484	0.451861	0.321114	0.212912	0.131975	0.0766553	0.0418238	0.0214905	0.010433	0.004823	0.00220327	0.00119451	0.00119451	
-0.130799	-0.126312	-0.121428	-0.117322	-0.115458	-0.117461	-0.124959	-0.139407	-0.16192	-0.19314	-0.233107	-0.281106	-0.335487	-0.393431	-0.450763	-0.501981	-0.540722	-0.560664	-0.556713	-0.526136	-0.469021	-0.387507	-0.283999	-0.159847	-0.0162468	0.142646	0.307267	0.464249	0.601848	0.714485	0.801844	0.863353	0.893705	0.884153	0.828777	0.730566	0.602653	0.464151	0.333648	0.224058	0.140802	0.0829729	0.0459533	0.023974	0.0118091	0.00550787	0.00244944	0.00107556	0.000561626	0.000561626	
-0.113861	-0.112244	-0.112886	-0.116947	-0.125629	-0.140087	-0.161336	-0.190131	-0.226818	-0.271128	-0.321933	-0.376991	-0.432797	-0.484628	-0.526941	-0.554112	-0.561379	-0.545657	-0.505886	-0.442693	-0.357429	-0.251177	-0.124745	0.0197895	0.176796	0.336271	0.48618	0.616921	0.724241	0.807754	0.866236	0.894229	0.883533	0.828777	0.732778	0.607729	0.471588	0.342175	0.23229	0.147746	0.0882039	0.0495254	0.0262085	0.013099	0.00619609	0.00278086	0.00119155	0.000503726	0.000253585	0.000253585	
-0.107785	-0.114718	-0.125632	-0.14151	-0.163273	-0.191659	-0.227064	-0.269337	-0.317548	-0.369789	-0.423068	-0.473397	-0.516119	-0.546481	-0.560316	-0.55464	-0.527901	-0.47977	-0.410569	-0.320687	-0.210479	-0.0810643	0.0641616	0.218311	0.37146	0.513264	0.636303	0.737543	0.816389	0.870809	0.895074	0.88156	0.825706	0.730566	0.607729	0.474076	0.346489	0.237339	0.152533	0.0921178	0.0523703	0.0280809	0.0142282	0.00682524	0.00310549	0.00134324	0.00055537	0.000226384	0.000109983	0.000109983	
-0.120836	-0.140454	-0.165198	-0.195638	-0.232013	-0.27407	-0.320888	-0.370748	-0.421096	-0.468641	-0.509627	-0.540235	-0.557055	-0.55746	-0.539765	-0.503093	-0.44702	-0.371244	-0.27558	-0.160496	-0.0281235	0.116753	0.266518	0.411976	0.544758	0.659497	0.754069	0.827444	0.876695	0.895823	0.877885	0.819367	0.723875	0.602653	0.471588	0.346489	0.239041	0.154975	0.0945392	0.0543495	0.0294945	0.0151356	0.00735733	0.00339341	0.00148757	0.000621011	0.000248106	9.76605e-05	4.58345e-05	4.58345e-05	
-0.160326	-0.195718	-0.23562	-0.279563	-0.326558	-0.375036	-0.422854	-0.467395	-0.505767	-0.535063	-0.552647	-0.556357	-0.544578	-0.51615	-0.470164	-0.40581	-0.322459	-0.220099	-0.100069	0.0341924	0.176868	0.320358	0.456801	0.579904	0.685994	0.773415	0.840456	0.883301	0.89582	0.871936	0.809384	0.712542	0.592484	0.464151	0.342175	0.237339	0.154975	0.0953588	0.0553645	0.0303744	0.0157709	0.0077617	0.00362643	0.00161095	0.000681423	0.000274944	0.000106285	4.04554e-05	1.83603e-05	1.83603e-05	
-0.223348	-0.271451	-0.320763	-0.369846	-0.416924	-0.459963	-0.4968	-0.52529	-0.543449	-0.549541	-0.542094	-0.519829	-0.481573	-0.426229	-0.352921	-0.26137	-0.152454	-0.0287552	0.105192	0.243224	0.378517	0.504914	0.61801	0.715283	0.795045	0.85473	0.889766	0.894159	0.862929	0.795231	0.696332	0.577209	0.451861	0.333648	0.23229	0.152533	0.0945392	0.0553645	0.0306731	0.016098	0.00801452	0.00379035	0.00170522	0.000730749	0.000298695	0.000116638	4.36823e-05	1.60992e-05	7.07243e-06	7.07243e-06	
-0.279352	-0.331593	-0.380979	-0.425858	-0.464522	-0.495282	-0.516528	-0.526755	-0.524553	-0.508576	-0.477528	-0.430216	-0.365725	-0.283739	-0.184958	-0.0714789	0.0530255	0.183523	0.314268	0.439735	0.555486	0.658518	0.746812	0.818211	0.86926	0.894915	0.889676	0.849911	0.77629	0.674983	0.556846	0.434887	0.321114	0.224058	0.147746	0.0921178	0.0543495	0.0303744	0.016098	0.00810054	0.00387499	0.00176435	0.000765585	0.000316976	0.000125375	4.74404e-05	1.72335e-05	6.15756e-06	2.62093e-06	2.62093e-06	
-0.286565	-0.336215	-0.380402	-0.417545	-0.446057	-0.464362	-0.470904	-0.464167	-0.442714	-0.405298	-0.351048	-0.27972	-0.192002	-0.0897529	0.023912	0.144795	0.268076	0.38897	0.503363	0.608148	0.701045	0.779911	0.841844	0.882659	0.897245	0.880991	0.831821	0.751928	0.648277	0.531492	0.413503	0.304887	0.212912	0.140802	0.0882039	0.0523703	0.0294945	0.0157709	0.00801452	0.00387499	0.0017845	0.000783611	0.000328476	0.000131584	5.04281e-05	1.85121e-05	6.53024e-06	2.26469e-06	9.34868e-07	9.34868e-07	
-0.221064	-0.264775	-0.301752	-0.330205	-0.348299	-0.35422	-0.346273	-0.323025	-0.283493	-0.227356	-0.155166	-0.0684931	0.0300599	0.137015	0.248367	0.360049	0.468384	0.570351	0.663513	0.745589	0.81384	0.864578	0.893206	0.895012	0.866624	0.807622	0.721603	0.616119	0.501374	0.388101	0.285394	0.199222	0.131975	0.0829729	0.0495254	0.0280809	0.0151356	0.0077617	0.00379035	0.00176435	0.000783611	0.000332401	0.000134804	5.23179e-05	1.94507e-05	6.93502e-06	2.37811e-06	8.01373e-07	3.21122e-07	3.21122e-07	
-0.0781134	-0.110302	-0.135223	-0.150984	-0.155754	-0.147914	-0.126233	-0.0900527	-0.0394474	0.0246677	0.100533	0.185662	0.277077	0.371619	0.466249	0.558232	0.645104	0.724424	0.793373	0.848411	0.88524	0.899266	0.886589	0.845284	0.776519	0.685031	0.578646	0.466906	0.359223	0.263177	0.183448	0.121608	0.0766553	0.0459533	0.0262085	0.0142282	0.00735733	0.00362643	0.00170522	0.000765585	0.000328476	0.000134804	5.29636e-05	1.99398e-05	7.19979e-06	2.49586e-06	8.32818e-07	2.72978e-07	1.06277e-07	1.06277e-07	
0.138711	0.127501	0.122445	0.124841	0.135799	0.156121	0.186183	0.225859	0.274497	0.330964	0.393749	0.461107	0.531187	0.602101	0.671864	0.73823	0.798445	0.849052	0.885896	0.904464	0.900597	0.871476	0.816606	0.738465	0.642505	0.536414	0.428789	0.327598	0.238901	0.166134	0.110106	0.0695243	0.0418238	0.023974	0.013099	0.00682524	0.00339341	0.00161095	0.000730749	0.000316976	0.000131584	5.23179e-05	1.99398e-05	7.29069e-06	2.55948e-06	8.63521e-07	2.80644e-07	8.95639e-08	3.39073e-08	3.39073e-08	
0.409782	0.427468	0.447823	0.471023	0.497138	0.526129	0.557851	0.592081	0.628543	0.666936	0.706909	0.747993	0.789453	0.830085	0.868004	0.900495	0.924035	0.934569	0.928063	0.901289	0.852666	0.782935	0.695419	0.595725	0.490913	0.38831	0.294304	0.213424	0.147932	0.0979326	0.0618914	0.0373313	0.0214905	0.0118091	0.00619609	0.00310549	0.00148757	0.000681423	0.000298695	0.000125375	5.04281e-05	1.94507e-05	7.19979e-06	2.55948e-06	8.74492e-07	2.87411e-07	9.10595e-08	2.83205e-08	1.04343e-08	1.04343e-08	
0.688452	0.736994	0.78391	0.828328	0.869465	0.906708	0.939675	0.968247	0.992547	1.01285	1.02941	1.04225	1.05093	1.05432	1.05057	1.03721	1.0115	0.97096	0.914036	0.840695	0.752798	0.654104	0.549854	0.446005	0.348289	0.261349	0.18815	0.129793	0.0857137	0.0541513	0.0327144	0.0188949	0.010433	0.00550787	0.00278086	0.00134324	0.000621011	0.000274944	0.000116638	4.74404e-05	1.85121e-05	6.93502e-06	2.49586e-06	8.63521e-07	2.87411e-07	9.20984e-08	2.84688e-08	8.63602e-09	3.09896e-09	3.09896e-09	
0.917691	0.993947	1.06609	1.13253	1.19178	1.24253	1.28375	1.31464	1.33467	1.34345	1.34068	1.32598	1.29887	1.25875	1.20502	1.13732	1.05585	0.961676	0.856971	0.745071	0.630264	0.517366	0.41111	0.31553	0.233449	0.166218	0.113732	0.0746965	0.0470482	0.0284002	0.0164224	0.00909458	0.004823	0.00244944	0.00119155	0.00055537	0.000248106	0.000106285	4.36823e-05	1.72335e-05	6.53024e-06	2.37811e-06	8.32818e-07	2.80644e-07	9.10595e-08	2.84688e-08	8.59144e-09	2.54378e-09	8.89599e-10	8.89599e-10	
1.06395	1.16169	1.25545	1.34314	1.42251	1.49126	1.54704	1.58758	1.61072	1.61458	1.59765	1.559	1.49839	1.41654	1.3152	1.19725	1.06668	0.92837	0.787787	0.650508	0.521696	0.405596	0.305149	0.221798	0.155517	0.105049	0.068282	0.0426674	0.025611	0.0147583	0.00816105	0.00432952	0.00220327	0.00107556	0.000503726	0.000226384	9.76605e-05	4.04554e-05	1.60992e-05	6.15756e-06	2.26469e-06	8.01373e-07	2.72978e-07	8.95639e-08	2.83205e-08	8.63602e-09	2.54378e-09	7.34986e-10	2.50435e-10	2.50435e-10	
1.12941	1.23928	1.34625	1.44791	1.54144	1.62368	1.69119	1.74039	1.76779	1.77029	1.74552	1.69223	1.61061	1.50253	1.37167	1.22332	1.06403	0.901074	0.741716	0.592491	0.458582	0.343402	0.248452	0.173457	0.116723	0.0756324	0.0471499	0.02826	0.0162759	0.00900372	0.00478287	0.00243939	0.00119451	0.000561626	0.000253585	0.000109983	4.58345e-05	1.83603e-05	7.07243e-06	2.62093e-06	9.34868e-07	3.21122e-07	1.06277e-07	3.39073e-08	1.04343e-08	3.09896e-09	8.89599e-10	2.50435e-10	8.29869e-11	8.29869e-11	
1.12941	1.23928	1.34625	1.44791	1.54144	1.62368	1.69119	1.74039	1.76779	1.77029	1.74552	1.69223	1.61061	1.50253	1.37167	1.22332	1.06403	0.901074	0.741716	0.592491	0.458582	0.343402	0.248452	0.173457	0.116723	0.0756324	0.0471499	0.02826	0.0162759	0.00900372	0.00478287	0.00243939	0.00119451	0.000561626	0.000253585	0.000109983	4.58345e-05	1.83603e-05	7.07243e-06	2.62093e-06	9.34868e-07	3.21122e-07	1.06277e-07	3.39073e-08	1.04343e-08	3.09896e-09	8.89599e-10	2.50435e-10	8.29869e-11	8.29869e-11	
