0.615606	0.481258	0.415422	0.386912	-0.0720449	-0.0720449	
0.481258	-0.391429	-0.123114	0.415167	0.336266	0.336266	
0.415422	-0.123114	0.229543	-0.0292981	0.406191	0.406191	
0.386912	0.415167	-0.0292981	-0.311961	0.704659	0.704659	
-0.0720449	0.336266	0.406191	0.704659	0.639472	0.639472	
-0.0720449	0.336266	0.406191	0.704659	0.639472	0.639472	
