-0.241753	-0.190695	-0.167018	-0.146438	-0.120216	-0.0741518	0.000484265	0.0938181	0.182784	0.230179	0.21089	0.109465	-0.0560953	-0.257125	-0.469636	-0.672593	-0.852495	-1.01192	-1.14588	-1.21987	-1.19945	-1.0931	-0.943666	-0.767607	-0.566729	-0.344094	-0.111093	0.101819	0.272105	0.374468	0.399611	0.373507	0.325949	0.290341	0.292287	0.330967	0.393174	0.468369	0.541501	0.59332	0.636572	0.699893	0.785329	0.890061	1.00088	1.0832	1.12471	1.13419	1.12629	1.12629	
-0.190695	-0.155351	-0.144691	-0.130195	-0.104105	-0.0560019	0.0163244	0.112672	0.210952	0.278312	0.281628	0.197997	0.0498712	-0.137425	-0.339496	-0.534798	-0.709954	-0.864988	-0.994556	-1.07222	-1.07007	-0.992124	-0.874491	-0.731013	-0.560474	-0.367338	-0.169026	0.0097131	0.149592	0.21846	0.210711	0.162564	0.108576	0.0766284	0.0811684	0.119035	0.184202	0.273821	0.372626	0.45526	0.533281	0.638634	0.773576	0.928824	1.08578	1.21534	1.30967	1.3676	1.38842	1.38842	
-0.167018	-0.144691	-0.136256	-0.117868	-0.0907542	-0.0487141	0.0167389	0.106452	0.20382	0.278787	0.296659	0.240433	0.125636	-0.0286685	-0.201913	-0.375052	-0.529069	-0.660258	-0.768774	-0.839541	-0.850135	-0.806632	-0.733556	-0.631695	-0.504272	-0.357942	-0.208765	-0.0807455	0.0128901	0.0491713	0.0261276	-0.0265561	-0.0804942	-0.110329	-0.103708	-0.0662698	-0.00594495	0.0820203	0.194703	0.307489	0.420537	0.557744	0.726276	0.92218	1.12492	1.30489	1.45194	1.55512	1.60236	1.60236	
-0.146438	-0.130195	-0.117868	-0.0995432	-0.084134	-0.0564941	-0.00980689	0.061429	0.140955	0.208546	0.241182	0.220315	0.154761	0.0519111	-0.0748726	-0.205123	-0.318465	-0.413937	-0.494352	-0.551321	-0.572604	-0.561021	-0.528959	-0.47686	-0.40304	-0.308896	-0.218842	-0.152405	-0.110145	-0.108233	-0.145976	-0.200149	-0.249103	-0.271364	-0.257968	-0.214885	-0.152149	-0.0668779	0.0441028	0.166047	0.299087	0.459694	0.655117	0.883979	1.12436	1.34542	1.53123	1.66273	1.7248	1.7248	
-0.120216	-0.104105	-0.0907542	-0.084134	-0.0856559	-0.0793486	-0.0560788	-0.0146151	0.0348754	0.0926632	0.139181	0.158	0.144887	0.0971199	0.0286353	-0.0432184	-0.105125	-0.159373	-0.209894	-0.25381	-0.277118	-0.283132	-0.28486	-0.277036	-0.256156	-0.221958	-0.19252	-0.184983	-0.20177	-0.247515	-0.306014	-0.355127	-0.386629	-0.394232	-0.370617	-0.314877	-0.243057	-0.163281	-0.0684926	0.0426485	0.179288	0.355943	0.575878	0.829329	1.08825	1.32572	1.52702	1.67014	1.73912	1.73912	
-0.0741518	-0.0560019	-0.0487141	-0.0564941	-0.0793486	-0.0968294	-0.106038	-0.105197	-0.0881088	-0.0434809	0.0158593	0.0682102	0.0989889	0.106382	0.102869	0.0979323	0.0940488	0.0808865	0.0545988	0.0266588	0.00997783	-0.00272093	-0.0196053	-0.0468122	-0.083293	-0.112336	-0.146022	-0.198511	-0.268281	-0.352545	-0.426569	-0.469828	-0.480825	-0.464325	-0.424945	-0.363708	-0.291606	-0.217437	-0.137745	-0.0443601	0.081443	0.257754	0.487321	0.750591	1.01074	1.24434	1.44057	1.57966	1.64804	1.64804	
0.000484265	0.0163244	0.0167389	-0.00980689	-0.0560788	-0.106038	-0.156768	-0.1967	-0.211477	-0.177782	-0.112172	-0.0385523	0.0278505	0.0867279	0.149281	0.215476	0.270899	0.297565	0.299699	0.290074	0.280997	0.268633	0.237005	0.172459	0.081622	-0.0127822	-0.10719	-0.201958	-0.302804	-0.409715	-0.493911	-0.531452	-0.519723	-0.478687	-0.427055	-0.362473	-0.292127	-0.228113	-0.165488	-0.0897439	0.015903	0.168677	0.380092	0.631482	0.880648	1.10339	1.2871	1.41404	1.47655	1.47655	
0.0938181	0.112672	0.106452	0.061429	-0.0146151	-0.105197	-0.1967	-0.275799	-0.316488	-0.297188	-0.234849	-0.147409	-0.0512391	0.0569777	0.184336	0.317163	0.426933	0.494706	0.524073	0.530137	0.526075	0.503024	0.452039	0.357651	0.219688	0.0709196	-0.0700018	-0.197765	-0.318778	-0.431429	-0.509653	-0.535749	-0.509607	-0.451175	-0.381581	-0.307504	-0.240925	-0.191214	-0.150791	-0.102086	-0.0292359	0.0839109	0.254615	0.46953	0.692129	0.901808	1.07998	1.20483	1.26867	1.26867	
0.182784	0.210952	0.20382	0.140955	0.0348754	-0.0881088	-0.211477	-0.316488	-0.377677	-0.375145	-0.318835	-0.222829	-0.102535	0.0447799	0.218365	0.397487	0.549386	0.651847	0.710901	0.738417	0.734286	0.696894	0.625388	0.500402	0.328431	0.142096	-0.0352339	-0.18605	-0.316181	-0.423562	-0.489062	-0.503615	-0.462645	-0.385675	-0.300743	-0.216029	-0.145404	-0.109515	-0.103321	-0.0955035	-0.0656682	-0.00289386	0.112396	0.274927	0.459956	0.655154	0.837832	0.977727	1.05598	1.05598	
0.230179	0.278312	0.278787	0.208546	0.0926632	-0.0434809	-0.177782	-0.297188	-0.375145	-0.388793	-0.341421	-0.241315	-0.10695	0.0597277	0.25463	0.458861	0.636941	0.770769	0.862907	0.908983	0.902972	0.845577	0.745001	0.596998	0.40793	0.203142	0.0114214	-0.151173	-0.291056	-0.396812	-0.449184	-0.44321	-0.383128	-0.295582	-0.201942	-0.10851	-0.0371664	-0.0152926	-0.0403877	-0.0789722	-0.105508	-0.101333	-0.041579	0.0713415	0.221684	0.40384	0.59112	0.745852	0.838066	0.838066	
0.21089	0.281628	0.296659	0.241182	0.139181	0.0158593	-0.112172	-0.234849	-0.318835	-0.341421	-0.296074	-0.191686	-0.0528518	0.11544	0.31063	0.516819	0.705299	0.860827	0.975728	1.03765	1.02694	0.946607	0.822499	0.657504	0.461499	0.256744	0.0661578	-0.0978195	-0.23987	-0.34058	-0.379481	-0.358498	-0.287003	-0.190933	-0.095388	-0.0105826	0.0489187	0.0546468	-0.00184525	-0.0853302	-0.160272	-0.202861	-0.187008	-0.110352	0.0173795	0.187076	0.365907	0.516906	0.609493	0.609493	
0.109465	0.197997	0.240433	0.220315	0.158	0.0682102	-0.0385523	-0.147409	-0.222829	-0.241315	-0.191686	-0.0873703	0.045622	0.202731	0.382576	0.578359	0.766812	0.931459	1.06225	1.1325	1.11292	1.01472	0.867907	0.689027	0.495698	0.300784	0.126104	-0.0229106	-0.155353	-0.247916	-0.28162	-0.253639	-0.173162	-0.0772027	0.00376274	0.0615398	0.0859381	0.0552512	-0.0312643	-0.137936	-0.233893	-0.296433	-0.30089	-0.244599	-0.134864	0.0159495	0.174033	0.307979	0.391147	0.391147	
-0.0560953	0.0498712	0.125636	0.154761	0.144887	0.0989889	0.0278505	-0.0512391	-0.102535	-0.10695	-0.0528518	0.045622	0.167661	0.307652	0.468863	0.648308	0.824168	0.986218	1.1173	1.18426	1.15885	1.05033	0.893584	0.715806	0.532493	0.353815	0.200203	0.0705884	-0.0432315	-0.120951	-0.146527	-0.117349	-0.0504081	0.021089	0.0714209	0.0841832	0.0555708	-0.0167953	-0.127185	-0.243166	-0.333286	-0.381699	-0.382381	-0.337037	-0.243683	-0.112158	0.0267397	0.147007	0.222736	0.222736	
-0.257125	-0.137425	-0.0286685	0.0519111	0.0971199	0.106382	0.0867279	0.0569777	0.0447799	0.0597277	0.11544	0.202731	0.307652	0.427176	0.564321	0.713954	0.863528	1.00456	1.11948	1.17895	1.15254	1.05103	0.907317	0.748588	0.58969	0.436456	0.30756	0.200767	0.109423	0.0481602	0.0215332	0.0271243	0.0541082	0.0811738	0.0846015	0.0472021	-0.0287737	-0.138317	-0.268096	-0.382865	-0.455151	-0.480398	-0.466537	-0.416033	-0.322328	-0.195388	-0.0602366	0.060509	0.136447	0.136447	
-0.469636	-0.339496	-0.201913	-0.0748726	0.0286353	0.102869	0.149281	0.184336	0.218365	0.25463	0.31063	0.382576	0.468863	0.564321	0.665978	0.771691	0.874693	0.97346	1.0581	1.10109	1.08019	1.00581	0.900184	0.789407	0.680116	0.569806	0.470697	0.379853	0.300384	0.23988	0.194683	0.164872	0.137891	0.100802	0.0461398	-0.0394166	-0.155158	-0.288635	-0.424499	-0.538937	-0.605034	-0.612699	-0.576476	-0.502525	-0.383914	-0.233811	-0.0769011	0.0608137	0.143408	0.143408	
-0.672593	-0.534798	-0.375052	-0.205123	-0.0432184	0.0979323	0.215476	0.317163	0.397487	0.458861	0.516819	0.578359	0.648308	0.713954	0.771691	0.81757	0.856871	0.901352	0.944176	0.967766	0.960693	0.926474	0.877851	0.834158	0.789686	0.732026	0.663277	0.584027	0.506644	0.43647	0.369632	0.298477	0.207139	0.101071	-0.0145469	-0.151456	-0.304903	-0.458757	-0.601571	-0.716302	-0.77489	-0.766825	-0.70815	-0.599007	-0.433507	-0.234974	-0.0334098	0.137604	0.235102	0.235102	
-0.852495	-0.709954	-0.529069	-0.318465	-0.105125	0.0940488	0.270899	0.426933	0.549386	0.636941	0.705299	0.766812	0.824168	0.863528	0.874693	0.856871	0.833274	0.821132	0.820598	0.825027	0.829116	0.832639	0.840279	0.861256	0.880938	0.8807	0.848016	0.78205	0.706062	0.625949	0.534306	0.422048	0.27841	0.113625	-0.064341	-0.259714	-0.462793	-0.649217	-0.800227	-0.907827	-0.954305	-0.928166	-0.8393	-0.685243	-0.466216	-0.210809	0.0472995	0.261827	0.379849	0.379849	
-1.01192	-0.864988	-0.660258	-0.413937	-0.159373	0.0808865	0.297565	0.494706	0.651847	0.770769	0.860827	0.931459	0.986218	1.00456	0.97346	0.901352	0.821132	0.757256	0.716582	0.697951	0.705605	0.738023	0.789996	0.862516	0.939834	0.994639	0.996706	0.94887	0.878337	0.786857	0.674003	0.532931	0.349733	0.135781	-0.096213	-0.345792	-0.600194	-0.825628	-0.995499	-1.10303	-1.13293	-1.07699	-0.947554	-0.744649	-0.473714	-0.165335	0.14262	0.393145	0.528069	0.528069	
-1.14588	-0.994556	-0.768774	-0.494352	-0.209894	0.0545988	0.299699	0.524073	0.710901	0.862907	0.975728	1.06225	1.1173	1.11948	1.0581	0.944176	0.820598	0.716582	0.639715	0.598083	0.606086	0.656813	0.73955	0.850655	0.970315	1.06587	1.09994	1.07222	1.00484	0.904794	0.776066	0.607612	0.393577	0.150498	-0.113095	-0.397914	-0.692694	-0.958511	-1.15397	-1.26308	-1.27667	-1.19351	-1.02247	-0.769015	-0.452959	-0.108053	0.227646	0.494335	0.636096	0.636096	
-1.21987	-1.07222	-0.839541	-0.551321	-0.25381	0.0266588	0.290074	0.530137	0.738417	0.908983	1.03765	1.1325	1.18426	1.17895	1.10109	0.967766	0.825027	0.697951	0.598083	0.543634	0.550366	0.611009	0.713841	0.842089	0.979045	1.09643	1.14786	1.13127	1.06825	0.964753	0.822473	0.635695	0.409141	0.153384	-0.128733	-0.433107	-0.746947	-1.03009	-1.23567	-1.34342	-1.3471	-1.24589	-1.04494	-0.759889	-0.421859	-0.0624305	0.279126	0.543059	0.681913	0.681913	
-1.19945	-1.07007	-0.850135	-0.572604	-0.277118	0.00997783	0.280997	0.526075	0.734286	0.902972	1.02694	1.11292	1.15885	1.15254	1.08019	0.960693	0.829116	0.705605	0.606086	0.550366	0.556559	0.622363	0.725874	0.845312	0.973705	1.07961	1.12433	1.11278	1.05421	0.954034	0.815027	0.629015	0.400644	0.13592	-0.157204	-0.462834	-0.767208	-1.03797	-1.23008	-1.3197	-1.3092	-1.20514	-1.00562	-0.724787	-0.395178	-0.0459787	0.280787	0.529652	0.662252	0.662252	
-1.0931	-0.992124	-0.806632	-0.561021	-0.283132	-0.00272093	0.268633	0.503024	0.696894	0.845577	0.946607	1.01472	1.05033	1.05103	1.00581	0.926474	0.832639	0.738023	0.656813	0.611009	0.622363	0.683625	0.770759	0.863653	0.951441	1.01443	1.03706	1.01903	0.963289	0.879291	0.756613	0.58077	0.360023	0.0994154	-0.188382	-0.479532	-0.755014	-0.98582	-1.13671	-1.19417	-1.17344	-1.08191	-0.907104	-0.659851	-0.36841	-0.0558192	0.235487	0.456704	0.577627	0.577627	
-0.943666	-0.874491	-0.733556	-0.528959	-0.28486	-0.0196053	0.237005	0.452039	0.625388	0.745001	0.822499	0.867907	0.893584	0.907317	0.900184	0.877851	0.840279	0.789996	0.73955	0.713841	0.725874	0.770759	0.829659	0.875157	0.903215	0.912463	0.900302	0.869019	0.819365	0.750391	0.642477	0.486338	0.290212	0.0528203	-0.212512	-0.472064	-0.697027	-0.870484	-0.977383	-1.00932	-0.981979	-0.903806	-0.761879	-0.56283	-0.325065	-0.0686433	0.164198	0.338133	0.435739	0.435739	
-0.767607	-0.731013	-0.631695	-0.47686	-0.277036	-0.0468122	0.172459	0.357651	0.500402	0.596998	0.657504	0.689027	0.715806	0.748588	0.789407	0.834158	0.861256	0.862516	0.850655	0.842089	0.845312	0.863653	0.875157	0.862143	0.82707	0.773871	0.72446	0.682968	0.636716	0.579281	0.49091	0.364772	0.203411	0.00269814	-0.219281	-0.427163	-0.596447	-0.720605	-0.791857	-0.803484	-0.771157	-0.702781	-0.588409	-0.433778	-0.253075	-0.0674481	0.0891787	0.202302	0.268022	0.268022	
-0.566729	-0.560474	-0.504272	-0.40304	-0.256156	-0.083293	0.081622	0.219688	0.328431	0.40793	0.461499	0.495698	0.532493	0.58969	0.680116	0.789686	0.880938	0.939834	0.970315	0.979045	0.973705	0.951441	0.903215	0.82707	0.718771	0.604529	0.524543	0.472031	0.432264	0.390633	0.323784	0.23036	0.110087	-0.0380335	-0.201208	-0.359229	-0.485507	-0.567834	-0.608034	-0.606237	-0.567274	-0.496103	-0.398772	-0.285	-0.161999	-0.0483818	0.034596	0.089697	0.122405	0.122405	
-0.344094	-0.367338	-0.357942	-0.308896	-0.221958	-0.112336	-0.0127822	0.0709196	0.142096	0.203142	0.256744	0.300784	0.353815	0.436456	0.569806	0.732026	0.8807	0.994639	1.06587	1.09643	1.07961	1.01443	0.912463	0.773871	0.604529	0.446876	0.335862	0.269414	0.231393	0.193214	0.142369	0.0847551	0.0144378	-0.0740243	-0.182719	-0.297006	-0.382423	-0.428303	-0.443554	-0.426876	-0.375273	-0.29971	-0.219291	-0.139085	-0.0609795	-0.00398844	0.0238562	0.0366182	0.0432687	0.0432687	
-0.111093	-0.169026	-0.208765	-0.218842	-0.19252	-0.146022	-0.10719	-0.0700018	-0.0352339	0.0114214	0.0661578	0.126104	0.200203	0.30756	0.470697	0.663277	0.848016	0.996706	1.09994	1.14786	1.12433	1.03706	0.900302	0.72446	0.524543	0.335862	0.194315	0.106233	0.0504076	0.0010864	-0.0400392	-0.0691339	-0.100578	-0.143209	-0.200073	-0.26054	-0.300099	-0.307545	-0.290625	-0.258124	-0.205749	-0.136506	-0.0682195	-0.00472358	0.0488358	0.0741781	0.0744635	0.0651426	0.0547021	0.0547021	
0.101819	0.0097131	-0.0807455	-0.152405	-0.184983	-0.198511	-0.201958	-0.197765	-0.18605	-0.151173	-0.0978195	-0.0229106	0.0705884	0.200767	0.379853	0.584027	0.78205	0.94887	1.07222	1.13127	1.11278	1.01903	0.869019	0.682968	0.472031	0.269414	0.106233	-0.00939698	-0.0917491	-0.159711	-0.205601	-0.230343	-0.248424	-0.259228	-0.265924	-0.270411	-0.255712	-0.211135	-0.156851	-0.111973	-0.0618848	0.00125352	0.0637382	0.123486	0.171795	0.191763	0.189938	0.175737	0.157394	0.157394	
0.272105	0.149592	0.0128901	-0.110145	-0.20177	-0.268281	-0.302804	-0.318778	-0.316181	-0.291056	-0.23987	-0.155353	-0.0432315	0.109423	0.300384	0.506644	0.706062	0.878337	1.00484	1.06825	1.05421	0.963289	0.819365	0.636716	0.432264	0.231393	0.0504076	-0.0917491	-0.201081	-0.288787	-0.346229	-0.381361	-0.399932	-0.396997	-0.376324	-0.333776	-0.261364	-0.167076	-0.0754482	-0.00200833	0.0641321	0.132752	0.203246	0.27254	0.323786	0.347322	0.354362	0.347842	0.333143	0.333143	
0.374468	0.21846	0.0491713	-0.108233	-0.247515	-0.352545	-0.409715	-0.431429	-0.423562	-0.396812	-0.34058	-0.247916	-0.120951	0.0481602	0.23988	0.43647	0.625949	0.786857	0.904794	0.964753	0.954034	0.879291	0.750391	0.579281	0.390633	0.193214	0.0010864	-0.159711	-0.288787	-0.386398	-0.454307	-0.504623	-0.535514	-0.540934	-0.507779	-0.426752	-0.31526	-0.189969	-0.0605564	0.0591287	0.167069	0.272496	0.377021	0.46378	0.515606	0.540902	0.553704	0.553041	0.544588	0.544588	
0.399611	0.210711	0.0261276	-0.145976	-0.306014	-0.426569	-0.493911	-0.509653	-0.489062	-0.449184	-0.379481	-0.28162	-0.146527	0.0215332	0.194683	0.369632	0.534306	0.674003	0.776066	0.822473	0.815027	0.756613	0.642477	0.49091	0.323784	0.142369	-0.0400392	-0.205601	-0.346229	-0.454307	-0.539931	-0.611524	-0.659822	-0.670863	-0.62535	-0.526617	-0.401037	-0.257399	-0.0935759	0.0816496	0.254454	0.41922	0.569719	0.682818	0.746298	0.774894	0.779262	0.767278	0.756336	0.756336	
0.373507	0.162564	-0.0265561	-0.200149	-0.355127	-0.469828	-0.531452	-0.535749	-0.503615	-0.44321	-0.358498	-0.253639	-0.117349	0.0271243	0.164872	0.298477	0.422048	0.532931	0.607612	0.635695	0.629015	0.58077	0.486338	0.364772	0.23036	0.0847551	-0.0691339	-0.230343	-0.381361	-0.504623	-0.611524	-0.701193	-0.756214	-0.767149	-0.723053	-0.62403	-0.487505	-0.323493	-0.125873	0.101819	0.333257	0.55237	0.751536	0.903012	0.990663	1.02369	1.01175	0.980128	0.961074	0.961074	
0.325949	0.108576	-0.0804942	-0.249103	-0.386629	-0.480825	-0.519723	-0.509607	-0.462645	-0.383128	-0.287003	-0.173162	-0.0504081	0.0541082	0.137891	0.207139	0.27841	0.349733	0.393577	0.409141	0.400644	0.360023	0.290212	0.203411	0.110087	0.0144378	-0.100578	-0.248424	-0.399932	-0.535514	-0.659822	-0.756214	-0.813855	-0.831734	-0.79196	-0.687417	-0.534911	-0.348464	-0.124596	0.134916	0.408125	0.675028	0.913818	1.0935	1.20186	1.24197	1.22409	1.18633	1.16592	1.16592	
0.290341	0.0766284	-0.110329	-0.271364	-0.394232	-0.464325	-0.478687	-0.451175	-0.385675	-0.295582	-0.190933	-0.0772027	0.021089	0.0811738	0.100802	0.101071	0.113625	0.135781	0.150498	0.153384	0.13592	0.0994154	0.0528203	0.00269814	-0.0380335	-0.0740243	-0.143209	-0.259228	-0.396997	-0.540934	-0.670863	-0.767149	-0.831734	-0.849771	-0.801457	-0.690699	-0.526825	-0.321604	-0.0819614	0.195304	0.498874	0.79476	1.04603	1.23356	1.35234	1.39943	1.39162	1.36924	1.35823	1.35823	
0.292287	0.0811684	-0.103708	-0.257968	-0.370617	-0.424945	-0.427055	-0.381581	-0.300743	-0.201942	-0.095388	0.00376274	0.0714209	0.0846015	0.0461398	-0.0145469	-0.064341	-0.096213	-0.113095	-0.128733	-0.157204	-0.188382	-0.212512	-0.219281	-0.201208	-0.182719	-0.200073	-0.265924	-0.376324	-0.507779	-0.62535	-0.723053	-0.79196	-0.801457	-0.748687	-0.638542	-0.464265	-0.241099	0.0129365	0.300358	0.611862	0.907197	1.14763	1.32402	1.43649	1.48746	1.5005	1.50082	1.49778	1.49778	
0.330967	0.119035	-0.0662698	-0.214885	-0.314877	-0.363708	-0.362473	-0.307504	-0.216029	-0.10851	-0.0105826	0.0615398	0.0841832	0.0472021	-0.0394166	-0.151456	-0.259714	-0.345792	-0.397914	-0.433107	-0.462834	-0.479532	-0.472064	-0.427163	-0.359229	-0.297006	-0.26054	-0.270411	-0.333776	-0.426752	-0.526617	-0.62403	-0.687417	-0.690699	-0.638542	-0.525598	-0.344568	-0.111757	0.154298	0.445724	0.747452	1.01968	1.22682	1.37	1.4611	1.51053	1.53768	1.54956	1.5476	1.5476	
0.393174	0.184202	-0.00594495	-0.152149	-0.243057	-0.291606	-0.292127	-0.240925	-0.145404	-0.0371664	0.0489187	0.0859381	0.0555708	-0.0287737	-0.155158	-0.304903	-0.462793	-0.600194	-0.692694	-0.746947	-0.767208	-0.755014	-0.697027	-0.596447	-0.485507	-0.382423	-0.300099	-0.255712	-0.261364	-0.31526	-0.401037	-0.487505	-0.534911	-0.526825	-0.464265	-0.344568	-0.168902	0.0609545	0.334475	0.623611	0.896556	1.12191	1.28298	1.38664	1.44362	1.4705	1.48826	1.49742	1.49515	1.49515	
0.468369	0.273821	0.0820203	-0.0668779	-0.163281	-0.217437	-0.228113	-0.191214	-0.109515	-0.0152926	0.0546468	0.0552512	-0.0167953	-0.138317	-0.288635	-0.458757	-0.649217	-0.825628	-0.958511	-1.03009	-1.03797	-0.98582	-0.870484	-0.720605	-0.567834	-0.428303	-0.307545	-0.211135	-0.167076	-0.189969	-0.257399	-0.323493	-0.348464	-0.321604	-0.241099	-0.111757	0.0609545	0.288246	0.55674	0.815416	1.02936	1.19606	1.31523	1.37645	1.38491	1.37282	1.3631	1.3532	1.34324	1.34324	
0.541501	0.372626	0.194703	0.0441028	-0.0684926	-0.137745	-0.165488	-0.150791	-0.103321	-0.0403877	-0.00184525	-0.0312643	-0.127185	-0.268096	-0.424499	-0.601571	-0.800227	-0.995499	-1.15397	-1.23567	-1.23008	-1.13671	-0.977383	-0.791857	-0.608034	-0.443554	-0.290625	-0.156851	-0.0754482	-0.0605564	-0.0935759	-0.125873	-0.124596	-0.0819614	0.0129365	0.154298	0.334475	0.55674	0.792144	0.992618	1.14154	1.24771	1.30824	1.31244	1.27789	1.23418	1.18735	1.14321	1.11857	1.11857	
0.59332	0.45526	0.307489	0.166047	0.0426485	-0.0443601	-0.0897439	-0.102086	-0.0955035	-0.0789722	-0.0853302	-0.137936	-0.243166	-0.382865	-0.538937	-0.716302	-0.907827	-1.10303	-1.26308	-1.34342	-1.3197	-1.19417	-1.00932	-0.803484	-0.606237	-0.426876	-0.258124	-0.111973	-0.00200833	0.0591287	0.0816496	0.101819	0.134916	0.195304	0.300358	0.445724	0.623611	0.815416	0.992618	1.13833	1.23487	1.2692	1.24947	1.19605	1.13009	1.05586	0.971784	0.903631	0.874327	0.874327	
0.636572	0.533281	0.420537	0.299087	0.179288	0.081443	0.015903	-0.0292359	-0.0656682	-0.105508	-0.160272	-0.233893	-0.333286	-0.455151	-0.605034	-0.77489	-0.954305	-1.13293	-1.27667	-1.3471	-1.3092	-1.17344	-0.981979	-0.771157	-0.567274	-0.375273	-0.205749	-0.0618848	0.0641321	0.167069	0.254454	0.333257	0.408125	0.498874	0.611862	0.747452	0.896556	1.02936	1.14154	1.23487	1.27399	1.23935	1.15703	1.0572	0.950653	0.839196	0.737611	0.672332	0.648253	0.648253	
0.699893	0.638634	0.557744	0.459694	0.355943	0.257754	0.168677	0.0839109	-0.00289386	-0.101333	-0.202861	-0.296433	-0.381699	-0.480398	-0.612699	-0.766825	-0.928166	-1.07699	-1.19351	-1.24589	-1.20514	-1.08191	-0.903806	-0.702781	-0.496103	-0.29971	-0.136506	0.00125352	0.132752	0.272496	0.41922	0.55237	0.675028	0.79476	0.907197	1.01968	1.12191	1.19606	1.24771	1.2692	1.23935	1.15783	1.03929	0.900293	0.755098	0.621973	0.525306	0.470487	0.445113	0.445113	
0.785329	0.773576	0.726276	0.655117	0.575878	0.487321	0.380092	0.254615	0.112396	-0.041579	-0.187008	-0.30089	-0.382381	-0.466537	-0.576476	-0.70815	-0.8393	-0.947554	-1.02247	-1.04494	-1.00562	-0.907104	-0.761879	-0.588409	-0.398772	-0.219291	-0.0682195	0.0637382	0.203246	0.377021	0.569719	0.751536	0.913818	1.04603	1.14763	1.22682	1.28298	1.31523	1.30824	1.24947	1.15703	1.03929	0.890006	0.725021	0.568509	0.44141	0.357557	0.303416	0.267996	0.267996	
0.890061	0.928824	0.92218	0.883979	0.829329	0.750591	0.631482	0.46953	0.274927	0.0713415	-0.110352	-0.244599	-0.337037	-0.416033	-0.502525	-0.599007	-0.685243	-0.744649	-0.769015	-0.759889	-0.724787	-0.659851	-0.56283	-0.433778	-0.285	-0.139085	-0.00472358	0.123486	0.27254	0.46378	0.682818	0.903012	1.0935	1.23356	1.32402	1.37	1.38664	1.37645	1.31244	1.19605	1.0572	0.900293	0.725021	0.553098	0.407716	0.301219	0.228085	0.170786	0.131655	0.131655	
1.00088	1.08578	1.12492	1.12436	1.08825	1.01074	0.880648	0.692129	0.459956	0.221684	0.0173795	-0.134864	-0.243683	-0.322328	-0.383914	-0.433507	-0.466216	-0.473714	-0.452959	-0.421859	-0.395178	-0.36841	-0.325065	-0.253075	-0.161999	-0.0609795	0.0488358	0.171795	0.323786	0.515606	0.746298	0.990663	1.20186	1.35234	1.43649	1.4611	1.44362	1.38491	1.27789	1.13009	0.950653	0.755098	0.568509	0.407716	0.283289	0.193544	0.122171	0.068879	0.0441791	0.0441791	
1.0832	1.21534	1.30489	1.34542	1.32572	1.24434	1.10339	0.901808	0.655154	0.40384	0.187076	0.0159495	-0.112158	-0.195388	-0.233811	-0.234974	-0.210809	-0.165335	-0.108053	-0.0624305	-0.0459787	-0.0558192	-0.0686433	-0.0674481	-0.0483818	-0.00398844	0.0741781	0.191763	0.347322	0.540902	0.774894	1.02369	1.24197	1.39943	1.48746	1.51053	1.4705	1.37282	1.23418	1.05586	0.839196	0.621973	0.44141	0.301219	0.193544	0.107239	0.0375562	-0.000503663	-0.00664704	-0.00664704	
1.12471	1.30967	1.45194	1.53123	1.52702	1.44057	1.2871	1.07998	0.837832	0.59112	0.365907	0.174033	0.0267397	-0.0602366	-0.0769011	-0.0334098	0.0472995	0.14262	0.227646	0.279126	0.280787	0.235487	0.164198	0.0891787	0.034596	0.0238562	0.0744635	0.189938	0.354362	0.553704	0.779262	1.01175	1.22409	1.39162	1.5005	1.53768	1.48826	1.3631	1.18735	0.971784	0.737611	0.525306	0.357557	0.228085	0.122171	0.0375562	-0.0152509	-0.0366072	-0.0419362	-0.0419362	
1.13419	1.3676	1.55512	1.66273	1.67014	1.57966	1.41404	1.20483	0.977727	0.745852	0.516906	0.307979	0.147007	0.060509	0.0608137	0.137604	0.261827	0.393145	0.494335	0.543059	0.529652	0.456704	0.338133	0.202302	0.089697	0.0366182	0.0651426	0.175737	0.347842	0.553041	0.767278	0.980128	1.18633	1.36924	1.50082	1.54956	1.49742	1.3532	1.14321	0.903631	0.672332	0.470487	0.303416	0.170786	0.068879	-0.000503663	-0.0366072	-0.0556929	-0.069403	-0.069403	
1.12629	1.38842	1.60236	1.7248	1.73912	1.64804	1.47655	1.26867	1.05598	0.838066	0.609493	0.391147	0.222736	0.136447	0.143408	0.235102	0.379849	0.528069	0.636096	0.681913	0.662252	0.577627	0.435739	0.268022	0.122405	0.0432687	0.0547021	0.157394	0.333143	0.544588	0.756336	0.961074	1.16592	1.35823	1.49778	1.5476	1.49515	1.34324	1.11857	0.874327	0.648253	0.445113	0.267996	0.131655	0.0441791	-0.00664704	-0.0419362	-0.069403	-0.0843541	-0.0843541	
1.12629	1.38842	1.60236	1.7248	1.73912	1.64804	1.47655	1.26867	1.05598	0.838066	0.609493	0.391147	0.222736	0.136447	0.143408	0.235102	0.379849	0.528069	0.636096	0.681913	0.662252	0.577627	0.435739	0.268022	0.122405	0.0432687	0.0547021	0.157394	0.333143	0.544588	0.756336	0.961074	1.16592	1.35823	1.49778	1.5476	1.49515	1.34324	1.11857	0.874327	0.648253	0.445113	0.267996	0.131655	0.0441791	-0.00664704	-0.0419362	-0.069403	-0.0843541	-0.0843541	
