0.525967	0.610406	0.647275	0.609255	0.496947	0.322138	0.113932	-0.0971898	-0.273512	-0.408337	-0.500797	-0.569534	-0.616516	-0.634365	-0.62838	-0.591016	-0.519512	-0.419094	-0.322327	-0.244633	-0.188485	-0.138219	-0.079026	-0.015625	0.0437121	0.0823203	0.0952092	0.0824932	0.0403015	-0.0387427	-0.13295	-0.212675	-0.265789	-0.289111	-0.296263	-0.288312	-0.264667	-0.221099	-0.141754	-0.0225805	0.12506	0.264049	0.373225	0.470093	0.553213	0.604506	0.633735	0.646163	0.638771	0.638771	
0.610406	0.715364	0.782292	0.775254	0.681295	0.521506	0.322119	0.115462	-0.0708984	-0.223697	-0.342849	-0.438925	-0.501141	-0.531754	-0.539556	-0.514544	-0.44485	-0.34334	-0.234366	-0.137045	-0.069231	-0.0166431	0.0388181	0.087211	0.116158	0.121768	0.0944959	0.0435479	-0.0166669	-0.0956072	-0.186349	-0.269325	-0.325815	-0.353588	-0.356734	-0.333088	-0.298004	-0.249101	-0.171076	-0.0610439	0.0659169	0.177019	0.264108	0.336064	0.390065	0.418528	0.426427	0.420524	0.405381	0.405381	
0.647275	0.782292	0.880421	0.902069	0.832732	0.696952	0.523528	0.337144	0.149895	-0.0194239	-0.162447	-0.277443	-0.357379	-0.406329	-0.429312	-0.40683	-0.33762	-0.242177	-0.129145	-0.0174234	0.0645393	0.124275	0.181704	0.213735	0.207052	0.173694	0.115618	0.0409362	-0.0350775	-0.108902	-0.188075	-0.265319	-0.329806	-0.375009	-0.377412	-0.340567	-0.290077	-0.234516	-0.170072	-0.0856494	-0.00497273	0.0567919	0.116767	0.15746	0.172528	0.173567	0.158099	0.138299	0.126116	0.126116	
0.609255	0.775254	0.902069	0.955171	0.930307	0.837521	0.696582	0.526463	0.344613	0.176892	0.0279759	-0.0989622	-0.195014	-0.259275	-0.291892	-0.272842	-0.212103	-0.119271	0.000963341	0.126531	0.219678	0.279525	0.327172	0.339667	0.30527	0.237825	0.15467	0.0658491	-0.0140159	-0.0841243	-0.158684	-0.228466	-0.292208	-0.340275	-0.348986	-0.319878	-0.265881	-0.212296	-0.167142	-0.120212	-0.091786	-0.0776049	-0.0544545	-0.042456	-0.0590548	-0.097682	-0.135755	-0.156937	-0.169626	-0.169626	
0.496947	0.681295	0.832732	0.930307	0.965889	0.921295	0.812828	0.662695	0.502892	0.343706	0.19105	0.0603969	-0.0335697	-0.0995756	-0.138519	-0.13402	-0.0851726	0.0151908	0.15104	0.291358	0.391175	0.446617	0.469252	0.457648	0.409218	0.323049	0.219871	0.109847	0.0193951	-0.0455642	-0.107936	-0.172235	-0.234944	-0.276462	-0.2876	-0.274059	-0.242639	-0.208576	-0.182787	-0.17234	-0.185009	-0.213033	-0.235948	-0.256382	-0.297515	-0.358509	-0.407094	-0.426191	-0.430383	-0.430383	
0.322138	0.521506	0.696952	0.837521	0.921295	0.926779	0.863143	0.753446	0.621134	0.47128	0.324356	0.203175	0.117063	0.0515091	0.0115044	0.00651077	0.0493985	0.154258	0.298353	0.441224	0.547415	0.602528	0.602726	0.571587	0.509067	0.412995	0.298401	0.174021	0.070685	-0.000915948	-0.0523519	-0.107138	-0.170424	-0.218401	-0.238961	-0.237065	-0.228666	-0.218346	-0.218272	-0.239577	-0.279499	-0.342523	-0.409854	-0.465454	-0.523621	-0.584091	-0.624081	-0.632988	-0.627967	-0.627967	
0.113932	0.322119	0.523528	0.696582	0.812828	0.863143	0.851924	0.785775	0.684028	0.565131	0.444733	0.334202	0.245299	0.181424	0.151291	0.153272	0.198233	0.299457	0.432027	0.563416	0.671676	0.728876	0.720901	0.671284	0.590063	0.480182	0.356065	0.235843	0.131512	0.049242	-0.0110313	-0.0651651	-0.119459	-0.174113	-0.209188	-0.217322	-0.2264	-0.245996	-0.278001	-0.320484	-0.379561	-0.463322	-0.554725	-0.635595	-0.694575	-0.739679	-0.769756	-0.773536	-0.770447	-0.770447	
-0.0971898	0.115462	0.337144	0.526463	0.662695	0.753446	0.785775	0.755305	0.694469	0.624733	0.538636	0.44089	0.358777	0.307172	0.290915	0.306281	0.357845	0.449505	0.563473	0.677944	0.773222	0.821488	0.803948	0.736524	0.635625	0.511684	0.382888	0.263467	0.160998	0.074542	-0.00340445	-0.0628754	-0.101663	-0.147185	-0.193171	-0.217693	-0.238188	-0.286125	-0.352452	-0.409489	-0.47468	-0.558825	-0.653105	-0.741541	-0.793286	-0.824063	-0.845193	-0.849658	-0.857494	-0.857494	
-0.273512	-0.0708984	0.149895	0.344613	0.502892	0.621134	0.684028	0.694469	0.681973	0.6532	0.597342	0.527457	0.473402	0.442162	0.439424	0.466396	0.517328	0.59522	0.694326	0.794055	0.861191	0.877692	0.841396	0.760468	0.646102	0.514141	0.379923	0.24837	0.132508	0.0378899	-0.0430065	-0.100343	-0.131025	-0.160651	-0.201976	-0.240886	-0.274987	-0.332804	-0.410398	-0.474114	-0.538833	-0.620669	-0.706821	-0.782343	-0.827962	-0.848762	-0.859153	-0.867043	-0.878819	-0.878819	
-0.408337	-0.223697	-0.0194239	0.176892	0.343706	0.47128	0.565131	0.624733	0.6532	0.65401	0.632547	0.60351	0.586105	0.580504	0.597569	0.633683	0.680916	0.743016	0.82488	0.901449	0.930844	0.908479	0.842934	0.74856	0.62573	0.484138	0.339088	0.189501	0.0526382	-0.056098	-0.13265	-0.174828	-0.198372	-0.224307	-0.254059	-0.285312	-0.324651	-0.380501	-0.448204	-0.510739	-0.573454	-0.645562	-0.713532	-0.766828	-0.800261	-0.81335	-0.821275	-0.834589	-0.845649	-0.845649	
-0.500797	-0.342849	-0.162447	0.0279759	0.19105	0.324356	0.444733	0.538636	0.597342	0.632547	0.653132	0.668038	0.687065	0.710027	0.747905	0.796484	0.84638	0.898018	0.951114	0.983379	0.976406	0.922304	0.825848	0.70911	0.570603	0.417586	0.25799	0.0943246	-0.056602	-0.176577	-0.250574	-0.279169	-0.28859	-0.308654	-0.330734	-0.350137	-0.38588	-0.433086	-0.481457	-0.533783	-0.590825	-0.643063	-0.679418	-0.701072	-0.716406	-0.729661	-0.740899	-0.75582	-0.772246	-0.772246	
-0.569534	-0.438925	-0.277443	-0.0989622	0.0603969	0.203175	0.334202	0.44089	0.527457	0.60351	0.668038	0.724871	0.77571	0.82152	0.879371	0.938256	0.988751	1.02789	1.04308	1.02497	0.980201	0.900635	0.779189	0.640574	0.490487	0.325762	0.156958	-0.00746208	-0.162568	-0.285701	-0.360458	-0.389566	-0.388884	-0.393706	-0.40938	-0.424819	-0.451472	-0.489345	-0.52154	-0.552943	-0.591385	-0.61516	-0.620215	-0.619224	-0.614579	-0.617666	-0.628702	-0.640222	-0.651811	-0.651811	
-0.616516	-0.501141	-0.357379	-0.195014	-0.0335697	0.117063	0.245299	0.358777	0.473402	0.586105	0.687065	0.77571	0.847062	0.91252	0.98304	1.03787	1.07227	1.08724	1.06814	1.0068	0.927664	0.824491	0.685277	0.540285	0.393035	0.228193	0.0566043	-0.101998	-0.245069	-0.359409	-0.433266	-0.469293	-0.471604	-0.463857	-0.468524	-0.48572	-0.508191	-0.53409	-0.558394	-0.578335	-0.589155	-0.576823	-0.551662	-0.530542	-0.51397	-0.50436	-0.501441	-0.502991	-0.506593	-0.506593	
-0.634365	-0.531754	-0.406329	-0.259275	-0.0995756	0.0515091	0.181424	0.307172	0.442162	0.580504	0.710027	0.82152	0.91252	0.99067	1.05496	1.08734	1.09075	1.06921	1.01043	0.914366	0.804348	0.679191	0.5345	0.392462	0.26076	0.119915	-0.0338904	-0.175088	-0.292892	-0.383982	-0.447308	-0.486547	-0.501062	-0.499769	-0.503766	-0.522102	-0.541922	-0.561136	-0.580956	-0.589016	-0.573503	-0.5333	-0.485549	-0.448199	-0.422366	-0.39962	-0.384384	-0.378746	-0.371939	-0.371939	
-0.62838	-0.539556	-0.429312	-0.291892	-0.138519	0.0115044	0.151291	0.290915	0.439424	0.597569	0.747905	0.879371	0.98304	1.05496	1.0911	1.08669	1.0438	0.961684	0.857225	0.735129	0.598523	0.456379	0.32169	0.203649	0.0985356	-0.00236972	-0.108715	-0.211482	-0.295828	-0.35808	-0.407991	-0.449013	-0.475808	-0.49274	-0.507856	-0.524571	-0.541775	-0.557047	-0.567247	-0.564673	-0.530485	-0.470884	-0.419227	-0.383488	-0.355743	-0.32796	-0.302564	-0.286192	-0.273695	-0.273695	
-0.591016	-0.514544	-0.40683	-0.272842	-0.13402	0.00651077	0.153272	0.306281	0.466396	0.633683	0.796484	0.938256	1.03787	1.08734	1.08669	1.03564	0.926413	0.775565	0.624378	0.478712	0.326794	0.176902	0.0625286	-0.0170118	-0.0812852	-0.134677	-0.182315	-0.224708	-0.26313	-0.29574	-0.32863	-0.367941	-0.409394	-0.446002	-0.469394	-0.480573	-0.492082	-0.507281	-0.512791	-0.499156	-0.459025	-0.402598	-0.356394	-0.327388	-0.310057	-0.289768	-0.26415	-0.244113	-0.229082	-0.229082	
-0.519512	-0.44485	-0.33762	-0.212103	-0.0851726	0.0493985	0.198233	0.357845	0.517328	0.680916	0.84638	0.988751	1.07227	1.09075	1.0438	0.926413	0.752198	0.548025	0.343147	0.157734	0.00271639	-0.12385	-0.217385	-0.271463	-0.285195	-0.275599	-0.255509	-0.229003	-0.215792	-0.218577	-0.229751	-0.256571	-0.302758	-0.351753	-0.38454	-0.396269	-0.401935	-0.412032	-0.4138	-0.402679	-0.374193	-0.333548	-0.303993	-0.288376	-0.278916	-0.267543	-0.255964	-0.248828	-0.240182	-0.240182	
-0.419094	-0.34334	-0.242177	-0.119271	0.0151908	0.154258	0.299457	0.449505	0.59522	0.743016	0.898018	1.02789	1.08724	1.06921	0.961684	0.775565	0.548025	0.300903	0.043197	-0.186042	-0.337888	-0.431923	-0.503926	-0.542548	-0.513245	-0.431405	-0.334456	-0.239847	-0.172401	-0.139467	-0.125106	-0.129394	-0.163732	-0.213266	-0.256195	-0.285515	-0.298522	-0.294504	-0.283008	-0.278315	-0.273589	-0.266522	-0.265464	-0.269456	-0.276331	-0.273862	-0.266891	-0.267682	-0.266091	-0.266091	
-0.322327	-0.234366	-0.129145	0.000963341	0.15104	0.298353	0.432027	0.563473	0.694326	0.82488	0.951114	1.04308	1.06814	1.01043	0.857225	0.624378	0.343147	0.043197	-0.245158	-0.479092	-0.639306	-0.737852	-0.788168	-0.793838	-0.729473	-0.599549	-0.440415	-0.282767	-0.154763	-0.0707871	-0.0249672	-0.010479	-0.0248971	-0.055363	-0.100043	-0.148562	-0.170415	-0.160539	-0.14819	-0.159691	-0.185799	-0.213415	-0.240904	-0.263358	-0.277003	-0.277547	-0.278374	-0.288766	-0.294113	-0.294113	
-0.244633	-0.137045	-0.0174234	0.126531	0.291358	0.441224	0.563416	0.677944	0.794055	0.901449	0.983379	1.02497	1.0068	0.914366	0.735129	0.478712	0.157734	-0.186042	-0.479092	-0.695998	-0.869202	-0.991514	-1.02967	-0.99964	-0.9133	-0.765109	-0.569636	-0.363511	-0.178551	-0.0371215	0.0485137	0.0864408	0.0969042	0.0913352	0.0578107	0.00341318	-0.0326413	-0.0318951	-0.0321813	-0.0706947	-0.12392	-0.169541	-0.210954	-0.243742	-0.263253	-0.271053	-0.281152	-0.30089	-0.315579	-0.315579	
-0.188485	-0.069231	0.0645393	0.219678	0.391175	0.547415	0.671676	0.773222	0.861191	0.930844	0.976406	0.980201	0.927664	0.804348	0.598523	0.326794	0.00271639	-0.337888	-0.639306	-0.869202	-1.04297	-1.1565	-1.19047	-1.16032	-1.06588	-0.898381	-0.677052	-0.441481	-0.222818	-0.0474503	0.0731783	0.147477	0.185123	0.195099	0.171284	0.120803	0.082261	0.0721577	0.0571555	0.0105591	-0.0541119	-0.118723	-0.172589	-0.213701	-0.242924	-0.259441	-0.274272	-0.292789	-0.305468	-0.305468	
-0.138219	-0.0166431	0.124275	0.279525	0.446617	0.602528	0.728876	0.821488	0.877692	0.908479	0.922304	0.900635	0.824491	0.679191	0.456379	0.176902	-0.12385	-0.431923	-0.737852	-0.991514	-1.1565	-1.23795	-1.26885	-1.25271	-1.15521	-0.975279	-0.747247	-0.508262	-0.284729	-0.0987631	0.0482997	0.155759	0.216306	0.239778	0.23131	0.199407	0.166741	0.145001	0.118374	0.0712515	0.00996087	-0.0558239	-0.118294	-0.169497	-0.20509	-0.230911	-0.251019	-0.263269	-0.270863	-0.270863	
-0.079026	0.0388181	0.181704	0.327172	0.469252	0.602726	0.720901	0.803948	0.841396	0.842934	0.825848	0.779189	0.685277	0.5345	0.32169	0.0625286	-0.217385	-0.503926	-0.788168	-1.02967	-1.19047	-1.26885	-1.29131	-1.2609	-1.16254	-1.00125	-0.797335	-0.578565	-0.365824	-0.176552	-0.0164139	0.107245	0.182765	0.222018	0.244167	0.249109	0.231248	0.196089	0.15123	0.105472	0.0559538	-0.000237331	-0.0521132	-0.0995283	-0.143685	-0.182294	-0.207981	-0.216035	-0.219106	-0.219106	
-0.015625	0.087211	0.213735	0.339667	0.457648	0.571587	0.671284	0.736524	0.760468	0.74856	0.70911	0.640574	0.540285	0.392462	0.203649	-0.0170118	-0.271463	-0.542548	-0.793838	-0.99964	-1.16032	-1.25271	-1.2609	-1.20565	-1.11573	-0.989609	-0.825637	-0.646301	-0.460952	-0.281956	-0.12631	-0.00268095	0.0901348	0.162253	0.220913	0.259609	0.263083	0.228597	0.177828	0.137311	0.100496	0.057201	0.0136501	-0.0302542	-0.0729522	-0.11639	-0.146717	-0.152208	-0.153221	-0.153221	
0.0437121	0.116158	0.207052	0.30527	0.409218	0.509067	0.590063	0.635625	0.646102	0.62573	0.570603	0.490487	0.393035	0.26076	0.0985356	-0.0812852	-0.285195	-0.513245	-0.729473	-0.9133	-1.06588	-1.15521	-1.16254	-1.11573	-1.05076	-0.960921	-0.844879	-0.718602	-0.575299	-0.420327	-0.277242	-0.15297	-0.0365662	0.0704188	0.162472	0.227267	0.248555	0.235072	0.206096	0.179562	0.15637	0.126791	0.0887918	0.0439639	-0.00162854	-0.0467092	-0.0769423	-0.0822516	-0.0820393	-0.0820393	
0.0823203	0.121768	0.173694	0.237825	0.323049	0.412995	0.480182	0.511684	0.514141	0.484138	0.417586	0.325762	0.228193	0.119915	-0.00236972	-0.134677	-0.275599	-0.431405	-0.599549	-0.765109	-0.898381	-0.975279	-1.00125	-0.989609	-0.960921	-0.919187	-0.865694	-0.797404	-0.698458	-0.577578	-0.454854	-0.330519	-0.195081	-0.056037	0.0659922	0.152804	0.204811	0.227086	0.225524	0.220738	0.212057	0.192026	0.167803	0.136187	0.093036	0.0422013	0.000299635	-0.0205376	-0.029319	-0.029319	
0.0952092	0.0944959	0.115618	0.15467	0.219871	0.298401	0.356065	0.382888	0.379923	0.339088	0.25799	0.156958	0.0566043	-0.0338904	-0.108715	-0.182315	-0.255509	-0.334456	-0.440415	-0.569636	-0.677052	-0.747247	-0.797335	-0.825637	-0.844879	-0.865694	-0.876001	-0.857851	-0.807824	-0.730271	-0.630469	-0.513075	-0.369892	-0.209773	-0.0661895	0.0440314	0.127553	0.183826	0.220409	0.249048	0.260358	0.257778	0.248359	0.227542	0.192114	0.137925	0.0834132	0.0487012	0.0302016	0.0302016	
0.0824932	0.0435479	0.0409362	0.0658491	0.109847	0.174021	0.235843	0.263467	0.24837	0.189501	0.0943246	-0.00746208	-0.101998	-0.175088	-0.211482	-0.224708	-0.229003	-0.239847	-0.282767	-0.363511	-0.441481	-0.508262	-0.578565	-0.646301	-0.718602	-0.797404	-0.857851	-0.88499	-0.887457	-0.854087	-0.780149	-0.669319	-0.52361	-0.370028	-0.224768	-0.0917326	0.0179836	0.103289	0.181666	0.249883	0.284077	0.297091	0.305543	0.301438	0.277337	0.231476	0.181691	0.146193	0.126119	0.126119	
0.0403015	-0.0166669	-0.0350775	-0.0140159	0.0193951	0.070685	0.131512	0.160998	0.132508	0.0526382	-0.056602	-0.162568	-0.245069	-0.292892	-0.295828	-0.26313	-0.215792	-0.172401	-0.154763	-0.178551	-0.222818	-0.284729	-0.365824	-0.460952	-0.575299	-0.698458	-0.807824	-0.887457	-0.936975	-0.941772	-0.890781	-0.788399	-0.652923	-0.513792	-0.370548	-0.225459	-0.102263	0.0023717	0.106256	0.196812	0.254298	0.2873	0.315939	0.343145	0.349848	0.331614	0.304504	0.276892	0.25788	0.25788	
-0.0387427	-0.0956072	-0.108902	-0.0841243	-0.0455642	-0.000915948	0.049242	0.074542	0.0378899	-0.056098	-0.176577	-0.285701	-0.359409	-0.383982	-0.35808	-0.29574	-0.218577	-0.139467	-0.0707871	-0.0371215	-0.0474503	-0.0987631	-0.176552	-0.281956	-0.420327	-0.577578	-0.730271	-0.854087	-0.941772	-0.979764	-0.952399	-0.869944	-0.757957	-0.633465	-0.494655	-0.349542	-0.223579	-0.113181	-0.0032427	0.0970316	0.181489	0.244485	0.296094	0.349186	0.387582	0.41671	0.434771	0.431347	0.429603	0.429603	
-0.13295	-0.186349	-0.188075	-0.158684	-0.107936	-0.0523519	-0.0110313	-0.00340445	-0.0430065	-0.13265	-0.250574	-0.360458	-0.433266	-0.447308	-0.407991	-0.32863	-0.229751	-0.125106	-0.0249672	0.0485137	0.0731783	0.0482997	-0.0164139	-0.12631	-0.277242	-0.454854	-0.630469	-0.780149	-0.890781	-0.952399	-0.961341	-0.915888	-0.831064	-0.721743	-0.602313	-0.478071	-0.351871	-0.23951	-0.134062	-0.0224237	0.0885081	0.180994	0.258562	0.335785	0.409407	0.487566	0.552549	0.581379	0.5959	0.5959	
-0.212675	-0.269325	-0.265319	-0.228466	-0.172235	-0.107138	-0.0651651	-0.0628754	-0.100343	-0.174828	-0.279169	-0.389566	-0.469293	-0.486547	-0.449013	-0.367941	-0.256571	-0.129394	-0.010479	0.0864408	0.147477	0.155759	0.107245	-0.00268095	-0.15297	-0.330519	-0.513075	-0.669319	-0.788399	-0.869944	-0.915888	-0.914807	-0.869943	-0.797029	-0.709857	-0.605315	-0.482599	-0.369475	-0.261643	-0.138636	-0.00853684	0.1128	0.215502	0.313367	0.425473	0.54293	0.639295	0.698844	0.725727	0.725727	
-0.265789	-0.325815	-0.329806	-0.292208	-0.234944	-0.170424	-0.119459	-0.101663	-0.131025	-0.198372	-0.28859	-0.388884	-0.471604	-0.501062	-0.475808	-0.409394	-0.302758	-0.163732	-0.0248971	0.0969042	0.185123	0.216306	0.182765	0.0901348	-0.0365662	-0.195081	-0.369892	-0.52361	-0.652923	-0.757957	-0.831064	-0.869943	-0.879577	-0.866976	-0.818389	-0.724818	-0.606686	-0.482314	-0.357462	-0.230574	-0.0948496	0.0432648	0.167106	0.284662	0.421144	0.564751	0.685008	0.772854	0.820814	0.820814	
-0.289111	-0.353588	-0.375009	-0.340275	-0.276462	-0.218401	-0.174113	-0.147185	-0.160651	-0.224307	-0.308654	-0.393706	-0.463857	-0.499769	-0.49274	-0.446002	-0.351753	-0.213266	-0.055363	0.0913352	0.195099	0.239778	0.222018	0.162253	0.0704188	-0.056037	-0.209773	-0.370028	-0.513792	-0.633465	-0.721743	-0.797029	-0.866976	-0.902251	-0.882949	-0.815221	-0.714368	-0.578437	-0.434124	-0.305164	-0.167971	-0.0246585	0.113999	0.257137	0.406634	0.55607	0.690514	0.796664	0.859512	0.859512	
-0.296263	-0.356734	-0.377412	-0.348986	-0.2876	-0.238961	-0.209188	-0.193171	-0.201976	-0.254059	-0.330734	-0.40938	-0.468524	-0.503766	-0.507856	-0.469394	-0.38454	-0.256195	-0.100043	0.0578107	0.171284	0.23131	0.244167	0.220913	0.162472	0.0659922	-0.0661895	-0.224768	-0.370548	-0.494655	-0.602313	-0.709857	-0.818389	-0.882949	-0.893801	-0.86211	-0.781782	-0.653001	-0.509925	-0.380313	-0.242439	-0.087054	0.0743054	0.236723	0.39067	0.531376	0.657217	0.760551	0.823511	0.823511	
-0.288312	-0.333088	-0.340567	-0.319878	-0.274059	-0.237065	-0.217322	-0.217693	-0.240886	-0.285312	-0.350137	-0.424819	-0.48572	-0.522102	-0.524571	-0.480573	-0.396269	-0.285515	-0.148562	0.00341318	0.120803	0.199407	0.249109	0.259609	0.227267	0.152804	0.0440314	-0.0917326	-0.225459	-0.349542	-0.478071	-0.605315	-0.724818	-0.815221	-0.86211	-0.863585	-0.803883	-0.695128	-0.570922	-0.44558	-0.309989	-0.143435	0.0409023	0.211634	0.361324	0.48558	0.589717	0.674569	0.718969	0.718969	
-0.264667	-0.298004	-0.290077	-0.265881	-0.242639	-0.228666	-0.2264	-0.238188	-0.274987	-0.324651	-0.38588	-0.451472	-0.508191	-0.541922	-0.541775	-0.492082	-0.401935	-0.298522	-0.170415	-0.0326413	0.082261	0.166741	0.231248	0.263083	0.248555	0.204811	0.127553	0.0179836	-0.102263	-0.223579	-0.351871	-0.482599	-0.606686	-0.714368	-0.781782	-0.803883	-0.775602	-0.703665	-0.608682	-0.488023	-0.348557	-0.184208	0.000228749	0.163307	0.297864	0.407965	0.491307	0.548347	0.571287	0.571287	
-0.221099	-0.249101	-0.234516	-0.212296	-0.208576	-0.218346	-0.245996	-0.286125	-0.332804	-0.380501	-0.433086	-0.489345	-0.53409	-0.561136	-0.557047	-0.507281	-0.412032	-0.294504	-0.160539	-0.0318951	0.0721577	0.145001	0.196089	0.228597	0.235072	0.227086	0.183826	0.103289	0.0023717	-0.113181	-0.23951	-0.369475	-0.482314	-0.578437	-0.653001	-0.695128	-0.703665	-0.676771	-0.612488	-0.503911	-0.364091	-0.204042	-0.0393322	0.0974223	0.209521	0.300799	0.356476	0.381148	0.387361	0.387361	
-0.141754	-0.171076	-0.170072	-0.167142	-0.182787	-0.218272	-0.278001	-0.352452	-0.410398	-0.448204	-0.481457	-0.52154	-0.558394	-0.580956	-0.567247	-0.512791	-0.4138	-0.283008	-0.14819	-0.0321813	0.0571555	0.118374	0.15123	0.177828	0.206096	0.225524	0.220409	0.181666	0.106256	-0.0032427	-0.134062	-0.261643	-0.357462	-0.434124	-0.509925	-0.570922	-0.608682	-0.612488	-0.568326	-0.480736	-0.354858	-0.209308	-0.0800356	0.0279476	0.11437	0.163218	0.184566	0.18447	0.166514	0.166514	
-0.0225805	-0.0610439	-0.0856494	-0.120212	-0.17234	-0.239577	-0.320484	-0.409489	-0.474114	-0.510739	-0.533783	-0.552943	-0.578335	-0.589016	-0.564673	-0.499156	-0.402679	-0.278315	-0.159691	-0.0706947	0.0105591	0.0712515	0.105472	0.137311	0.179562	0.220738	0.249048	0.249883	0.196812	0.0970316	-0.0224237	-0.138636	-0.230574	-0.305164	-0.380313	-0.44558	-0.488023	-0.503911	-0.480736	-0.414024	-0.314579	-0.212929	-0.129984	-0.0583329	-0.013189	-0.00419804	-0.00963074	-0.0265715	-0.0489436	-0.0489436	
0.12506	0.0659169	-0.00497273	-0.091786	-0.185009	-0.279499	-0.379561	-0.47468	-0.538833	-0.573454	-0.590825	-0.591385	-0.589155	-0.573503	-0.530485	-0.459025	-0.374193	-0.273589	-0.185799	-0.12392	-0.0541119	0.00996087	0.0559538	0.100496	0.15637	0.212057	0.260358	0.284077	0.254298	0.181489	0.0885081	-0.00853684	-0.0948496	-0.167971	-0.242439	-0.309989	-0.348557	-0.364091	-0.354858	-0.314579	-0.263588	-0.224984	-0.196835	-0.180327	-0.184995	-0.194853	-0.209511	-0.227513	-0.227214	-0.227214	
0.264049	0.177019	0.0567919	-0.0776049	-0.213033	-0.342523	-0.463322	-0.558825	-0.620669	-0.645562	-0.643063	-0.61516	-0.576823	-0.5333	-0.470884	-0.402598	-0.333548	-0.266522	-0.213415	-0.169541	-0.118723	-0.0558239	-0.000237331	0.057201	0.126791	0.192026	0.257778	0.297091	0.2873	0.244485	0.180994	0.1128	0.0432648	-0.0246585	-0.087054	-0.143435	-0.184208	-0.204042	-0.209308	-0.212929	-0.224984	-0.254702	-0.289913	-0.320773	-0.357871	-0.384982	-0.399739	-0.40721	-0.396411	-0.396411	
0.373225	0.264108	0.116767	-0.0544545	-0.235948	-0.409854	-0.554725	-0.653105	-0.706821	-0.713532	-0.679418	-0.620215	-0.551662	-0.485549	-0.419227	-0.356394	-0.303993	-0.265464	-0.240904	-0.210954	-0.172589	-0.118294	-0.0521132	0.0136501	0.0887918	0.167803	0.248359	0.305543	0.315939	0.296094	0.258562	0.215502	0.167106	0.113999	0.0743054	0.0409023	0.000228749	-0.0393322	-0.0800356	-0.129984	-0.196835	-0.289913	-0.381946	-0.451098	-0.510927	-0.554264	-0.575554	-0.580974	-0.572524	-0.572524	
0.470093	0.336064	0.15746	-0.042456	-0.256382	-0.465454	-0.635595	-0.741541	-0.782343	-0.766828	-0.701072	-0.619224	-0.530542	-0.448199	-0.383488	-0.327388	-0.288376	-0.269456	-0.263358	-0.243742	-0.213701	-0.169497	-0.0995283	-0.0302542	0.0439639	0.136187	0.227542	0.301438	0.343145	0.349186	0.335785	0.313367	0.284662	0.257137	0.236723	0.211634	0.163307	0.0974223	0.0279476	-0.0583329	-0.180327	-0.320773	-0.451098	-0.559652	-0.639447	-0.696817	-0.735918	-0.750306	-0.750659	-0.750659	
0.553213	0.390065	0.172528	-0.0590548	-0.297515	-0.523621	-0.694575	-0.793286	-0.827962	-0.800261	-0.716406	-0.614579	-0.51397	-0.422366	-0.355743	-0.310057	-0.278916	-0.276331	-0.277003	-0.263253	-0.242924	-0.20509	-0.143685	-0.0729522	-0.00162854	0.093036	0.192114	0.277337	0.349848	0.387582	0.409407	0.425473	0.421144	0.406634	0.39067	0.361324	0.297864	0.209521	0.11437	-0.013189	-0.184995	-0.357871	-0.510927	-0.639447	-0.730265	-0.807546	-0.870985	-0.904088	-0.925489	-0.925489	
0.604506	0.418528	0.173567	-0.097682	-0.358509	-0.584091	-0.739679	-0.824063	-0.848762	-0.81335	-0.729661	-0.617666	-0.50436	-0.39962	-0.32796	-0.289768	-0.267543	-0.273862	-0.277547	-0.271053	-0.259441	-0.230911	-0.182294	-0.11639	-0.0467092	0.0422013	0.137925	0.231476	0.331614	0.41671	0.487566	0.54293	0.564751	0.55607	0.531376	0.48558	0.407965	0.300799	0.163218	-0.00419804	-0.194853	-0.384982	-0.554264	-0.696817	-0.807546	-0.904088	-0.982943	-1.031	-1.06241	-1.06241	
0.633735	0.426427	0.158099	-0.135755	-0.407094	-0.624081	-0.769756	-0.845193	-0.859153	-0.821275	-0.740899	-0.628702	-0.501441	-0.384384	-0.302564	-0.26415	-0.255964	-0.266891	-0.278374	-0.281152	-0.274272	-0.251019	-0.207981	-0.146717	-0.0769423	0.000299635	0.0834132	0.181691	0.304504	0.434771	0.552549	0.639295	0.685008	0.690514	0.657217	0.589717	0.491307	0.356476	0.184566	-0.00963074	-0.209511	-0.399739	-0.575554	-0.735918	-0.870985	-0.982943	-1.07055	-1.1288	-1.16252	-1.16252	
0.646163	0.420524	0.138299	-0.156937	-0.426191	-0.632988	-0.773536	-0.849658	-0.867043	-0.834589	-0.75582	-0.640222	-0.502991	-0.378746	-0.286192	-0.244113	-0.248828	-0.267682	-0.288766	-0.30089	-0.292789	-0.263269	-0.216035	-0.152208	-0.0822516	-0.0205376	0.0487012	0.146193	0.276892	0.431347	0.581379	0.698844	0.772854	0.796664	0.760551	0.674569	0.548347	0.381148	0.18447	-0.0265715	-0.227513	-0.40721	-0.580974	-0.750306	-0.904088	-1.031	-1.1288	-1.20195	-1.24205	-1.24205	
0.638771	0.405381	0.126116	-0.169626	-0.430383	-0.627967	-0.770447	-0.857494	-0.878819	-0.845649	-0.772246	-0.651811	-0.506593	-0.371939	-0.273695	-0.229082	-0.240182	-0.266091	-0.294113	-0.315579	-0.305468	-0.270863	-0.219106	-0.153221	-0.0820393	-0.029319	0.0302016	0.126119	0.25788	0.429603	0.5959	0.725727	0.820814	0.859512	0.823511	0.718969	0.571287	0.387361	0.166514	-0.0489436	-0.227214	-0.396411	-0.572524	-0.750659	-0.925489	-1.06241	-1.16252	-1.24205	-1.27831	-1.27831	
0.638771	0.405381	0.126116	-0.169626	-0.430383	-0.627967	-0.770447	-0.857494	-0.878819	-0.845649	-0.772246	-0.651811	-0.506593	-0.371939	-0.273695	-0.229082	-0.240182	-0.266091	-0.294113	-0.315579	-0.305468	-0.270863	-0.219106	-0.153221	-0.0820393	-0.029319	0.0302016	0.126119	0.25788	0.429603	0.5959	0.725727	0.820814	0.859512	0.823511	0.718969	0.571287	0.387361	0.166514	-0.0489436	-0.227214	-0.396411	-0.572524	-0.750659	-0.925489	-1.06241	-1.16252	-1.24205	-1.27831	-1.27831	
