0.140429	0.278154	0.396333	0.487543	0.539095	0.56208	0.561762	0.532169	0.465616	0.363741	0.232032	0.0855684	-0.0593919	-0.204517	-0.341931	-0.448214	-0.519837	-0.555784	-0.561344	-0.530235	-0.473341	-0.403505	-0.324053	-0.249202	-0.173	-0.1067	-0.0615523	-0.0411642	-0.0270093	-0.00189218	0.0149543	0.027458	0.0392398	0.0409387	0.0342322	0.0171616	-0.00737739	-0.0312064	-0.0582976	-0.0849338	-0.0966167	-0.100089	-0.109888	-0.125701	-0.141823	-0.158512	-0.168629	-0.165715	-0.161797	-0.161797	
0.278154	0.429025	0.564239	0.657368	0.698425	0.694399	0.643352	0.548577	0.419689	0.272453	0.103593	-0.0733723	-0.243131	-0.402968	-0.548402	-0.663568	-0.734022	-0.763948	-0.758225	-0.713136	-0.649398	-0.573613	-0.493378	-0.415963	-0.332227	-0.251316	-0.181132	-0.130502	-0.0766118	-0.011526	0.0458128	0.101437	0.148353	0.173365	0.173028	0.158224	0.138337	0.110252	0.0802951	0.0495984	0.0142192	-0.0189871	-0.0544187	-0.0966094	-0.130585	-0.157173	-0.173777	-0.177431	-0.185118	-0.185118	
0.396333	0.564239	0.713046	0.807115	0.835607	0.789174	0.680296	0.532484	0.363145	0.172476	-0.0322185	-0.230872	-0.414828	-0.575832	-0.718502	-0.830628	-0.895889	-0.914378	-0.891634	-0.839777	-0.774239	-0.702773	-0.633927	-0.559947	-0.47692	-0.390278	-0.306984	-0.232604	-0.143495	-0.0406013	0.0630511	0.151609	0.212819	0.259453	0.281656	0.279522	0.264419	0.232914	0.19593	0.159907	0.110046	0.0493459	-0.00669437	-0.0566378	-0.0969862	-0.131893	-0.15661	-0.17125	-0.191206	-0.191206	
0.487543	0.657368	0.807115	0.897429	0.902331	0.816225	0.664881	0.479783	0.272641	0.0511509	-0.165522	-0.367228	-0.549285	-0.702465	-0.833015	-0.932219	-0.987645	-0.990121	-0.95648	-0.906529	-0.844744	-0.785004	-0.73193	-0.672683	-0.596284	-0.507904	-0.420194	-0.324936	-0.213138	-0.0898658	0.0431719	0.156924	0.235294	0.290009	0.326525	0.346406	0.339809	0.312403	0.279483	0.243862	0.190856	0.117276	0.0500313	-0.00179118	-0.044059	-0.0820619	-0.111546	-0.134584	-0.160669	-0.160669	
0.539095	0.698425	0.835607	0.902331	0.878672	0.761237	0.579411	0.364056	0.139848	-0.0837142	-0.293214	-0.483828	-0.647755	-0.780603	-0.886944	-0.96305	-1.00595	-0.99964	-0.962687	-0.912496	-0.86159	-0.81758	-0.77759	-0.731077	-0.663598	-0.585911	-0.498266	-0.395255	-0.279096	-0.1488	-0.0177904	0.0965002	0.187889	0.252855	0.303512	0.341756	0.357652	0.352704	0.327337	0.297191	0.25307	0.185336	0.12636	0.0763739	0.0263921	-0.0126924	-0.0401457	-0.0651909	-0.0899148	-0.0899148	
0.56208	0.694399	0.789174	0.816225	0.761237	0.619597	0.414665	0.186922	-0.0332031	-0.23999	-0.427619	-0.592506	-0.72059	-0.818529	-0.888674	-0.936943	-0.96103	-0.949679	-0.914476	-0.867729	-0.829199	-0.797488	-0.769652	-0.732663	-0.678708	-0.614722	-0.534714	-0.441675	-0.335074	-0.218731	-0.107794	-0.00845489	0.0799194	0.155309	0.218759	0.270044	0.313822	0.343929	0.341817	0.322706	0.291738	0.248633	0.214558	0.174049	0.120032	0.0797731	0.0551734	0.0304744	0.00847654	0.00847654	
0.561762	0.643352	0.680296	0.664881	0.579411	0.414665	0.198664	-0.0251894	-0.231201	-0.409964	-0.565071	-0.690472	-0.777069	-0.833922	-0.86626	-0.878047	-0.869481	-0.852804	-0.829205	-0.796047	-0.764655	-0.734353	-0.710529	-0.690753	-0.65993	-0.605839	-0.534441	-0.459181	-0.377489	-0.291307	-0.211783	-0.136958	-0.0590291	0.0180176	0.0913298	0.157815	0.223387	0.285692	0.318696	0.322823	0.314104	0.303489	0.294569	0.269456	0.224411	0.184646	0.166212	0.152829	0.134803	0.134803	
0.532169	0.548577	0.532484	0.479783	0.364056	0.186922	-0.0251894	-0.240713	-0.429186	-0.572675	-0.68445	-0.771037	-0.825792	-0.842008	-0.828324	-0.792837	-0.754218	-0.735402	-0.720253	-0.693238	-0.669931	-0.650611	-0.63172	-0.62535	-0.61824	-0.584171	-0.528901	-0.46955	-0.40937	-0.358327	-0.31764	-0.266528	-0.196903	-0.120057	-0.0431862	0.0358968	0.115976	0.191299	0.25437	0.291981	0.313389	0.338671	0.354048	0.350083	0.33123	0.302667	0.288267	0.285386	0.27565	0.27565	
0.465616	0.419689	0.363145	0.272641	0.139848	-0.0332031	-0.231201	-0.429186	-0.589087	-0.700712	-0.780828	-0.839283	-0.859222	-0.826248	-0.766772	-0.698402	-0.639347	-0.607177	-0.589492	-0.564569	-0.553187	-0.552591	-0.553371	-0.565715	-0.570114	-0.552154	-0.525099	-0.495672	-0.457441	-0.42604	-0.405643	-0.374705	-0.316195	-0.238774	-0.161942	-0.0784737	0.00696857	0.0842598	0.163047	0.236699	0.29821	0.349055	0.386712	0.412091	0.421708	0.419245	0.415119	0.414522	0.419198	0.419198	
0.363741	0.272453	0.172476	0.0511509	-0.0837142	-0.23999	-0.409964	-0.572675	-0.700712	-0.793692	-0.848776	-0.876121	-0.855859	-0.784648	-0.693954	-0.603319	-0.519983	-0.469134	-0.451504	-0.440354	-0.441358	-0.447317	-0.46943	-0.505925	-0.526988	-0.521252	-0.516436	-0.521008	-0.511987	-0.497526	-0.477756	-0.451964	-0.40975	-0.341895	-0.265371	-0.18507	-0.102139	-0.0169175	0.0722195	0.171613	0.270178	0.340384	0.394943	0.449135	0.490668	0.518007	0.531564	0.539182	0.55123	0.55123	
0.232032	0.103593	-0.0322185	-0.165522	-0.293214	-0.427619	-0.565071	-0.68445	-0.780828	-0.848776	-0.872701	-0.86324	-0.816003	-0.729403	-0.615861	-0.501415	-0.403639	-0.349551	-0.335567	-0.339523	-0.350063	-0.361497	-0.388774	-0.432262	-0.470913	-0.486428	-0.503111	-0.523958	-0.540644	-0.5479	-0.530948	-0.510272	-0.48347	-0.430197	-0.353077	-0.275846	-0.202374	-0.114615	-0.0150773	0.100711	0.216545	0.307837	0.388271	0.467213	0.539284	0.595467	0.63091	0.652454	0.663823	0.663823	
0.0855684	-0.0733723	-0.230872	-0.367228	-0.483828	-0.592506	-0.690472	-0.771037	-0.839283	-0.876121	-0.86324	-0.817367	-0.752009	-0.656216	-0.530507	-0.411753	-0.321321	-0.270603	-0.256266	-0.266856	-0.28522	-0.303184	-0.327847	-0.360531	-0.395799	-0.431138	-0.468322	-0.500669	-0.536994	-0.564055	-0.560978	-0.541922	-0.522437	-0.487669	-0.420211	-0.350481	-0.286094	-0.204949	-0.10308	0.0160014	0.134633	0.246576	0.35675	0.465279	0.564116	0.645293	0.711851	0.753065	0.764607	0.764607	
-0.0593919	-0.243131	-0.414828	-0.549285	-0.647755	-0.72059	-0.777069	-0.825792	-0.859222	-0.855859	-0.816003	-0.752009	-0.667672	-0.560323	-0.448133	-0.355319	-0.283989	-0.238861	-0.225807	-0.239718	-0.260876	-0.278099	-0.292279	-0.306031	-0.324022	-0.354434	-0.402648	-0.456344	-0.502414	-0.53354	-0.545215	-0.539061	-0.526473	-0.504927	-0.463375	-0.410965	-0.35379	-0.280385	-0.180347	-0.0705221	0.0396835	0.161288	0.296069	0.433584	0.552774	0.66542	0.768641	0.828945	0.856249	0.856249	
-0.204517	-0.402968	-0.575832	-0.702465	-0.780603	-0.818529	-0.833922	-0.842008	-0.826248	-0.784648	-0.729403	-0.656216	-0.560323	-0.464654	-0.387897	-0.324246	-0.270704	-0.242953	-0.23944	-0.250568	-0.274067	-0.286035	-0.276538	-0.269896	-0.279526	-0.297149	-0.33284	-0.390481	-0.43992	-0.463962	-0.477562	-0.491575	-0.497422	-0.49425	-0.481758	-0.446551	-0.396373	-0.333207	-0.24558	-0.150582	-0.0464044	0.0799317	0.226102	0.382285	0.521457	0.654029	0.77908	0.860138	0.90056	0.90056	
-0.341931	-0.548402	-0.718502	-0.833015	-0.886944	-0.888674	-0.86626	-0.828324	-0.766772	-0.693954	-0.615861	-0.530507	-0.448133	-0.387897	-0.3466	-0.308916	-0.274905	-0.264987	-0.266279	-0.275921	-0.296771	-0.300537	-0.275346	-0.254409	-0.261301	-0.271093	-0.286254	-0.317908	-0.355401	-0.382894	-0.39762	-0.418658	-0.441116	-0.456865	-0.466135	-0.450963	-0.410027	-0.356077	-0.288525	-0.207071	-0.103136	0.0286935	0.175753	0.328635	0.477023	0.613241	0.72978	0.815343	0.864193	0.864193	
-0.448214	-0.663568	-0.830628	-0.932219	-0.96305	-0.936943	-0.878047	-0.792837	-0.698402	-0.603319	-0.501415	-0.411753	-0.355319	-0.324246	-0.308916	-0.305694	-0.300811	-0.293305	-0.291283	-0.302074	-0.310044	-0.303281	-0.281228	-0.260697	-0.251556	-0.250648	-0.257323	-0.259607	-0.276739	-0.307481	-0.324951	-0.340261	-0.370738	-0.406646	-0.428352	-0.425906	-0.394556	-0.347249	-0.291204	-0.213569	-0.108218	0.018911	0.148979	0.278274	0.412767	0.532527	0.622263	0.692979	0.741701	0.741701	
-0.519837	-0.734022	-0.895889	-0.987645	-1.00595	-0.96103	-0.869481	-0.754218	-0.639347	-0.519983	-0.403639	-0.321321	-0.283989	-0.270704	-0.274905	-0.300811	-0.322599	-0.323154	-0.319253	-0.324684	-0.318672	-0.302919	-0.287564	-0.266646	-0.243605	-0.23437	-0.23191	-0.219746	-0.218604	-0.239477	-0.262124	-0.275491	-0.30348	-0.347055	-0.373864	-0.373099	-0.344237	-0.297398	-0.243946	-0.173784	-0.0738403	0.0362019	0.132089	0.22784	0.32854	0.413552	0.470012	0.512965	0.551461	0.551461	
-0.555784	-0.763948	-0.914378	-0.990121	-0.99964	-0.949679	-0.852804	-0.735402	-0.607177	-0.469134	-0.349551	-0.270603	-0.238861	-0.242953	-0.264987	-0.293305	-0.323154	-0.338158	-0.336688	-0.33042	-0.311306	-0.291243	-0.273367	-0.255177	-0.243834	-0.235802	-0.218626	-0.19885	-0.193447	-0.201796	-0.217909	-0.230727	-0.24504	-0.263985	-0.273496	-0.268106	-0.250122	-0.217362	-0.168938	-0.110591	-0.0345075	0.0477008	0.113492	0.173171	0.230296	0.273507	0.292989	0.302425	0.320014	0.320014	
-0.561344	-0.758225	-0.891634	-0.95648	-0.962687	-0.914476	-0.829205	-0.720253	-0.589492	-0.451504	-0.335567	-0.256266	-0.225807	-0.23944	-0.266279	-0.291283	-0.319253	-0.336688	-0.333486	-0.315252	-0.287836	-0.265259	-0.251752	-0.246892	-0.248169	-0.24375	-0.21985	-0.195484	-0.188179	-0.186179	-0.187406	-0.188242	-0.181942	-0.167372	-0.15078	-0.13638	-0.1255	-0.109986	-0.0744746	-0.032032	0.00854631	0.0496989	0.0796822	0.0992954	0.112126	0.111926	0.102466	0.0925559	0.0859513	0.0859513	
-0.530235	-0.713136	-0.839777	-0.906529	-0.912496	-0.867729	-0.796047	-0.693238	-0.564569	-0.440354	-0.339523	-0.266856	-0.239718	-0.250568	-0.275921	-0.302074	-0.324684	-0.33042	-0.315252	-0.288949	-0.255421	-0.23556	-0.23712	-0.247437	-0.252738	-0.247141	-0.227342	-0.203527	-0.187877	-0.171217	-0.151746	-0.136187	-0.114373	-0.073405	-0.0331471	-0.0111259	0.00239748	0.0161911	0.0380491	0.0574173	0.0539096	0.0415341	0.0308355	0.00722897	-0.0231669	-0.0538047	-0.0862017	-0.11323	-0.132187	-0.132187	
-0.473341	-0.649398	-0.774239	-0.844744	-0.86159	-0.829199	-0.764655	-0.669931	-0.553187	-0.441358	-0.350063	-0.28522	-0.260876	-0.274067	-0.296771	-0.310044	-0.318672	-0.311306	-0.287836	-0.255421	-0.223893	-0.213549	-0.224675	-0.245386	-0.260991	-0.263078	-0.241429	-0.208943	-0.181462	-0.149522	-0.114363	-0.0809654	-0.0390178	0.0178324	0.0722446	0.108885	0.127232	0.134439	0.139638	0.131	0.0918181	0.0363632	-0.0222618	-0.0899193	-0.1564	-0.216313	-0.267927	-0.304278	-0.328992	-0.328992	
-0.403505	-0.573613	-0.702773	-0.785004	-0.81758	-0.797488	-0.734353	-0.650611	-0.552591	-0.447317	-0.361497	-0.303184	-0.278099	-0.286035	-0.300537	-0.303281	-0.302919	-0.291243	-0.265259	-0.23556	-0.213549	-0.209502	-0.220795	-0.235438	-0.253193	-0.263829	-0.242179	-0.205358	-0.165373	-0.121338	-0.0805957	-0.0311505	0.0331474	0.0993263	0.157706	0.206463	0.23504	0.241603	0.225081	0.180065	0.114436	0.0277762	-0.0768118	-0.183044	-0.27811	-0.360591	-0.430364	-0.476862	-0.49774	-0.49774	
-0.324053	-0.493378	-0.633927	-0.73193	-0.77759	-0.769652	-0.710529	-0.63172	-0.553371	-0.46943	-0.388774	-0.327847	-0.292279	-0.276538	-0.275346	-0.281228	-0.287564	-0.273367	-0.251752	-0.23712	-0.224675	-0.220795	-0.225442	-0.22315	-0.218337	-0.224538	-0.217575	-0.186541	-0.140355	-0.0946965	-0.0466269	0.0241293	0.0992297	0.161295	0.217528	0.268559	0.305672	0.3148	0.281422	0.212354	0.123336	0.0103989	-0.127598	-0.267315	-0.382931	-0.480397	-0.565428	-0.617059	-0.634218	-0.634218	
-0.249202	-0.415963	-0.559947	-0.672683	-0.731077	-0.732663	-0.690753	-0.62535	-0.565715	-0.505925	-0.432262	-0.360531	-0.306031	-0.269896	-0.254409	-0.260697	-0.266646	-0.255177	-0.246892	-0.247437	-0.245386	-0.235438	-0.22315	-0.200695	-0.173307	-0.167889	-0.167391	-0.14372	-0.102985	-0.0619463	-0.00733771	0.0735426	0.153369	0.214211	0.263634	0.306895	0.341956	0.34173	0.28587	0.199972	0.0976554	-0.0265598	-0.172495	-0.325132	-0.453443	-0.565743	-0.662955	-0.717605	-0.739915	-0.739915	
-0.173	-0.332227	-0.47692	-0.596284	-0.663598	-0.678708	-0.65993	-0.61824	-0.570114	-0.526988	-0.470913	-0.395799	-0.324022	-0.279526	-0.261301	-0.251556	-0.243605	-0.243834	-0.248169	-0.252738	-0.260991	-0.253193	-0.218337	-0.173307	-0.141428	-0.122166	-0.104872	-0.0815607	-0.048393	-0.0037368	0.058409	0.12828	0.199255	0.259985	0.298885	0.322124	0.333361	0.312526	0.240475	0.142301	0.0309458	-0.0924193	-0.220503	-0.359714	-0.491185	-0.609013	-0.710326	-0.774322	-0.80793	-0.80793	
-0.1067	-0.251316	-0.390278	-0.507904	-0.585911	-0.614722	-0.605839	-0.584171	-0.552154	-0.521252	-0.486428	-0.431138	-0.354434	-0.297149	-0.271093	-0.250648	-0.23437	-0.235802	-0.24375	-0.247141	-0.263078	-0.263829	-0.224538	-0.167889	-0.122166	-0.081324	-0.0465309	-0.0208668	0.0225226	0.0843369	0.145444	0.196437	0.249891	0.292017	0.304274	0.304683	0.286034	0.238005	0.162603	0.0602269	-0.05693	-0.174357	-0.284818	-0.398444	-0.519929	-0.629961	-0.711908	-0.77251	-0.814294	-0.814294	
-0.0615523	-0.181132	-0.306984	-0.420194	-0.498266	-0.534714	-0.534441	-0.528901	-0.525099	-0.516436	-0.503111	-0.468322	-0.402648	-0.33284	-0.286254	-0.257323	-0.23191	-0.218626	-0.21985	-0.227342	-0.241429	-0.242179	-0.217575	-0.167391	-0.104872	-0.0465309	-0.00364163	0.0310352	0.0899961	0.163229	0.22078	0.264264	0.300506	0.314472	0.298365	0.264469	0.210173	0.138593	0.0562535	-0.045062	-0.157098	-0.264868	-0.355553	-0.438705	-0.538355	-0.623526	-0.677694	-0.731001	-0.770563	-0.770563	
-0.0411642	-0.130502	-0.232604	-0.324936	-0.395255	-0.441675	-0.459181	-0.46955	-0.495672	-0.521008	-0.523958	-0.500669	-0.456344	-0.390481	-0.317908	-0.259607	-0.219746	-0.19885	-0.195484	-0.203527	-0.208943	-0.205358	-0.186541	-0.14372	-0.0815607	-0.0208668	0.0310352	0.0921628	0.162489	0.228173	0.280689	0.319064	0.329977	0.309421	0.271033	0.202228	0.107888	0.0124062	-0.0747118	-0.158121	-0.248721	-0.336386	-0.40863	-0.473325	-0.541902	-0.59782	-0.63077	-0.66507	-0.696274	-0.696274	
-0.0270093	-0.0766118	-0.143495	-0.213138	-0.279096	-0.335074	-0.377489	-0.40937	-0.457441	-0.511987	-0.540644	-0.536994	-0.502414	-0.43992	-0.355401	-0.276739	-0.218604	-0.193447	-0.188179	-0.187877	-0.181462	-0.165373	-0.140355	-0.102985	-0.048393	0.0225226	0.0899961	0.162489	0.231304	0.287584	0.331627	0.344017	0.320465	0.269885	0.204811	0.111014	-0.00543946	-0.112497	-0.201613	-0.268944	-0.328623	-0.393379	-0.452333	-0.496876	-0.531812	-0.559489	-0.573996	-0.585694	-0.600178	-0.600178	
-0.00189218	-0.011526	-0.0406013	-0.0898658	-0.1488	-0.218731	-0.291307	-0.358327	-0.42604	-0.497526	-0.5479	-0.564055	-0.53354	-0.463962	-0.382894	-0.307481	-0.239477	-0.201796	-0.186179	-0.171217	-0.149522	-0.121338	-0.0946965	-0.0619463	-0.0037368	0.0843369	0.163229	0.228173	0.287584	0.330804	0.351244	0.330126	0.276801	0.209362	0.123105	0.010432	-0.112038	-0.218813	-0.307063	-0.366909	-0.405934	-0.454317	-0.497355	-0.514567	-0.518847	-0.513614	-0.503856	-0.495325	-0.483885	-0.483885	
0.0149543	0.0458128	0.0630511	0.0431719	-0.0177904	-0.107794	-0.211783	-0.31764	-0.405643	-0.477756	-0.530948	-0.560978	-0.545215	-0.477562	-0.39762	-0.324951	-0.262124	-0.217909	-0.187406	-0.151746	-0.114363	-0.0805957	-0.0466269	-0.00733771	0.058409	0.145444	0.22078	0.280689	0.331627	0.351244	0.326794	0.271092	0.202293	0.127376	0.0317463	-0.0769824	-0.187281	-0.297666	-0.386044	-0.447679	-0.489703	-0.518435	-0.532881	-0.521829	-0.49623	-0.463378	-0.430064	-0.400878	-0.372062	-0.372062	
0.027458	0.101437	0.151609	0.156924	0.0965002	-0.00845489	-0.136958	-0.266528	-0.374705	-0.451964	-0.510272	-0.541922	-0.539061	-0.491575	-0.418658	-0.340261	-0.275491	-0.230727	-0.188242	-0.136187	-0.0809654	-0.0311505	0.0241293	0.0735426	0.12828	0.196437	0.264264	0.319064	0.344017	0.330126	0.271092	0.190448	0.110227	0.0251857	-0.0710389	-0.166154	-0.258411	-0.353016	-0.432321	-0.503245	-0.554508	-0.562425	-0.544976	-0.50707	-0.456901	-0.409368	-0.363048	-0.322894	-0.296616	-0.296616	
0.0392398	0.148353	0.212819	0.235294	0.187889	0.0799194	-0.0590291	-0.196903	-0.316195	-0.40975	-0.48347	-0.522437	-0.526473	-0.497422	-0.441116	-0.370738	-0.30348	-0.24504	-0.181942	-0.114373	-0.0390178	0.0331474	0.0992297	0.153369	0.199255	0.249891	0.300506	0.329977	0.320465	0.276801	0.202293	0.110227	0.0108236	-0.0888932	-0.181948	-0.269086	-0.344774	-0.40669	-0.462017	-0.524141	-0.56673	-0.558094	-0.522081	-0.474294	-0.417898	-0.365186	-0.313383	-0.270721	-0.252258	-0.252258	
0.0409387	0.173365	0.259453	0.290009	0.252855	0.155309	0.0180176	-0.120057	-0.238774	-0.341895	-0.430197	-0.487669	-0.504927	-0.49425	-0.456865	-0.406646	-0.347055	-0.263985	-0.167372	-0.073405	0.0178324	0.0993263	0.161295	0.214211	0.259985	0.292017	0.314472	0.309421	0.269885	0.209362	0.127376	0.0251857	-0.0888932	-0.196058	-0.28904	-0.367585	-0.421196	-0.458106	-0.493846	-0.525834	-0.538457	-0.518263	-0.472976	-0.424593	-0.377411	-0.325501	-0.279091	-0.248526	-0.233385	-0.233385	
0.0342322	0.173028	0.281656	0.326525	0.303512	0.218759	0.0913298	-0.0431862	-0.161942	-0.265371	-0.353077	-0.420211	-0.463375	-0.481758	-0.466135	-0.428352	-0.373864	-0.273496	-0.15078	-0.0331471	0.0722446	0.157706	0.217528	0.263634	0.298885	0.304274	0.298365	0.271033	0.204811	0.123105	0.0317463	-0.0710389	-0.181948	-0.28904	-0.375387	-0.43946	-0.480181	-0.502192	-0.515458	-0.508227	-0.484535	-0.456979	-0.41808	-0.378716	-0.339755	-0.294599	-0.260811	-0.239924	-0.226013	-0.226013	
0.0171616	0.158224	0.279522	0.346406	0.341756	0.270044	0.157815	0.0358968	-0.0784737	-0.18507	-0.275846	-0.350481	-0.410965	-0.446551	-0.450963	-0.425906	-0.373099	-0.268106	-0.13638	-0.0111259	0.108885	0.206463	0.268559	0.306895	0.322124	0.304683	0.264469	0.202228	0.111014	0.010432	-0.0769824	-0.166154	-0.269086	-0.367585	-0.43946	-0.483391	-0.514252	-0.528248	-0.514684	-0.473695	-0.426732	-0.391711	-0.36285	-0.336048	-0.301838	-0.270971	-0.255111	-0.240763	-0.232419	-0.232419	
-0.00737739	0.138337	0.264419	0.339809	0.357652	0.313822	0.223387	0.115976	0.00696857	-0.102139	-0.202374	-0.286094	-0.35379	-0.396373	-0.410027	-0.394556	-0.344237	-0.250122	-0.1255	0.00239748	0.127232	0.23504	0.305672	0.341956	0.333361	0.286034	0.210173	0.107888	-0.00543946	-0.112038	-0.187281	-0.258411	-0.344774	-0.421196	-0.480181	-0.514252	-0.528382	-0.526338	-0.4938	-0.435181	-0.377916	-0.336206	-0.307249	-0.284888	-0.259634	-0.248321	-0.253502	-0.255206	-0.259281	-0.259281	
-0.0312064	0.110252	0.232914	0.312403	0.352704	0.343929	0.285692	0.191299	0.0842598	-0.0169175	-0.114615	-0.204949	-0.280385	-0.333207	-0.356077	-0.347249	-0.297398	-0.217362	-0.109986	0.0161911	0.134439	0.241603	0.3148	0.34173	0.312526	0.238005	0.138593	0.0124062	-0.112497	-0.218813	-0.297666	-0.353016	-0.40669	-0.458106	-0.502192	-0.528248	-0.526338	-0.501074	-0.454617	-0.393186	-0.334515	-0.286901	-0.257093	-0.244167	-0.233296	-0.23631	-0.255361	-0.27014	-0.280355	-0.280355	
-0.0582976	0.0802951	0.19593	0.279483	0.327337	0.341817	0.318696	0.25437	0.163047	0.0722195	-0.0150773	-0.10308	-0.180347	-0.24558	-0.288525	-0.291204	-0.243946	-0.168938	-0.0744746	0.0380491	0.139638	0.225081	0.281422	0.28587	0.240475	0.162603	0.0562535	-0.0747118	-0.201613	-0.307063	-0.386044	-0.432321	-0.462017	-0.493846	-0.515458	-0.514684	-0.4938	-0.454617	-0.406141	-0.355833	-0.302073	-0.252621	-0.224521	-0.217499	-0.21977	-0.232649	-0.25781	-0.279944	-0.287333	-0.287333	
-0.0849338	0.0495984	0.159907	0.243862	0.297191	0.322706	0.322823	0.291981	0.236699	0.171613	0.100711	0.0160014	-0.0705221	-0.150582	-0.207071	-0.213569	-0.173784	-0.110591	-0.032032	0.0574173	0.131	0.180065	0.212354	0.199972	0.142301	0.0602269	-0.045062	-0.158121	-0.268944	-0.366909	-0.447679	-0.503245	-0.524141	-0.525834	-0.508227	-0.473695	-0.435181	-0.393186	-0.355833	-0.322359	-0.27756	-0.236619	-0.216971	-0.208176	-0.215645	-0.237882	-0.26071	-0.277163	-0.278397	-0.278397	
-0.0966167	0.0142192	0.110046	0.190856	0.25307	0.291738	0.314104	0.313389	0.29821	0.270178	0.216545	0.134633	0.0396835	-0.0464044	-0.103136	-0.108218	-0.0738403	-0.0345075	0.00854631	0.0539096	0.0918181	0.114436	0.123336	0.0976554	0.0309458	-0.05693	-0.157098	-0.248721	-0.328623	-0.405934	-0.489703	-0.554508	-0.56673	-0.538457	-0.484535	-0.426732	-0.377916	-0.334515	-0.302073	-0.27756	-0.252669	-0.234744	-0.226647	-0.2223	-0.232783	-0.250377	-0.259856	-0.261247	-0.251549	-0.251549	
-0.100089	-0.0189871	0.0493459	0.117276	0.185336	0.248633	0.303489	0.338671	0.349055	0.340384	0.307837	0.246576	0.161288	0.0799317	0.0286935	0.018911	0.0362019	0.0477008	0.0496989	0.0415341	0.0363632	0.0277762	0.0103989	-0.0265598	-0.0924193	-0.174357	-0.264868	-0.336386	-0.393379	-0.454317	-0.518435	-0.562425	-0.558094	-0.518263	-0.456979	-0.391711	-0.336206	-0.286901	-0.252621	-0.236619	-0.234744	-0.242433	-0.243626	-0.241846	-0.252018	-0.255175	-0.247769	-0.243297	-0.234836	-0.234836	
-0.109888	-0.0544187	-0.00669437	0.0500313	0.12636	0.214558	0.294569	0.354048	0.386712	0.394943	0.388271	0.35675	0.296069	0.226102	0.175753	0.148979	0.132089	0.113492	0.0796822	0.0308355	-0.0222618	-0.0768118	-0.127598	-0.172495	-0.220503	-0.284818	-0.355553	-0.40863	-0.452333	-0.497355	-0.532881	-0.544976	-0.522081	-0.472976	-0.41808	-0.36285	-0.307249	-0.257093	-0.224521	-0.216971	-0.226647	-0.243626	-0.254811	-0.256669	-0.259132	-0.251341	-0.23239	-0.227983	-0.236761	-0.236761	
-0.125701	-0.0966094	-0.0566378	-0.00179118	0.0763739	0.174049	0.269456	0.350083	0.412091	0.449135	0.467213	0.465279	0.433584	0.382285	0.328635	0.278274	0.22784	0.173171	0.0992954	0.00722897	-0.0899193	-0.183044	-0.267315	-0.325132	-0.359714	-0.398444	-0.438705	-0.473325	-0.496876	-0.514567	-0.521829	-0.50707	-0.474294	-0.424593	-0.378716	-0.336048	-0.284888	-0.244167	-0.217499	-0.208176	-0.2223	-0.241846	-0.256669	-0.267464	-0.265541	-0.24812	-0.223894	-0.21681	-0.233154	-0.233154	
-0.141823	-0.130585	-0.0969862	-0.044059	0.0263921	0.120032	0.224411	0.33123	0.421708	0.490668	0.539284	0.564116	0.552774	0.521457	0.477023	0.412767	0.32854	0.230296	0.112126	-0.0231669	-0.1564	-0.27811	-0.382931	-0.453443	-0.491185	-0.519929	-0.538355	-0.541902	-0.531812	-0.518847	-0.49623	-0.456901	-0.417898	-0.377411	-0.339755	-0.301838	-0.259634	-0.233296	-0.21977	-0.215645	-0.232783	-0.252018	-0.259132	-0.265541	-0.262471	-0.246394	-0.224458	-0.210905	-0.219651	-0.219651	
-0.158512	-0.157173	-0.131893	-0.0820619	-0.0126924	0.0797731	0.184646	0.302667	0.419245	0.518007	0.595467	0.645293	0.66542	0.654029	0.613241	0.532527	0.413552	0.273507	0.111926	-0.0538047	-0.216313	-0.360591	-0.480397	-0.565743	-0.609013	-0.629961	-0.623526	-0.59782	-0.559489	-0.513614	-0.463378	-0.409368	-0.365186	-0.325501	-0.294599	-0.270971	-0.248321	-0.23631	-0.232649	-0.237882	-0.250377	-0.255175	-0.251341	-0.24812	-0.246394	-0.245534	-0.234407	-0.214997	-0.209168	-0.209168	
-0.168629	-0.173777	-0.15661	-0.111546	-0.0401457	0.0551734	0.166212	0.288267	0.415119	0.531564	0.63091	0.711851	0.768641	0.77908	0.72978	0.622263	0.470012	0.292989	0.102466	-0.0862017	-0.267927	-0.430364	-0.565428	-0.662955	-0.710326	-0.711908	-0.677694	-0.63077	-0.573996	-0.503856	-0.430064	-0.363048	-0.313383	-0.279091	-0.260811	-0.255111	-0.253502	-0.255361	-0.25781	-0.26071	-0.259856	-0.247769	-0.23239	-0.223894	-0.224458	-0.234407	-0.240402	-0.230768	-0.218757	-0.218757	
-0.165715	-0.177431	-0.17125	-0.134584	-0.0651909	0.0304744	0.152829	0.285386	0.414522	0.539182	0.652454	0.753065	0.828945	0.860138	0.815343	0.692979	0.512965	0.302425	0.0925559	-0.11323	-0.304278	-0.476862	-0.617059	-0.717605	-0.774322	-0.77251	-0.731001	-0.66507	-0.585694	-0.495325	-0.400878	-0.322894	-0.270721	-0.248526	-0.239924	-0.240763	-0.255206	-0.27014	-0.279944	-0.277163	-0.261247	-0.243297	-0.227983	-0.21681	-0.210905	-0.214997	-0.230768	-0.241164	-0.237063	-0.237063	
-0.161797	-0.185118	-0.191206	-0.160669	-0.0899148	0.00847654	0.134803	0.27565	0.419198	0.55123	0.663823	0.764607	0.856249	0.90056	0.864193	0.741701	0.551461	0.320014	0.0859513	-0.132187	-0.328992	-0.49774	-0.634218	-0.739915	-0.80793	-0.814294	-0.770563	-0.696274	-0.600178	-0.483885	-0.372062	-0.296616	-0.252258	-0.233385	-0.226013	-0.232419	-0.259281	-0.280355	-0.287333	-0.278397	-0.251549	-0.234836	-0.236761	-0.233154	-0.219651	-0.209168	-0.218757	-0.237063	-0.236384	-0.236384	
-0.161797	-0.185118	-0.191206	-0.160669	-0.0899148	0.00847654	0.134803	0.27565	0.419198	0.55123	0.663823	0.764607	0.856249	0.90056	0.864193	0.741701	0.551461	0.320014	0.0859513	-0.132187	-0.328992	-0.49774	-0.634218	-0.739915	-0.80793	-0.814294	-0.770563	-0.696274	-0.600178	-0.483885	-0.372062	-0.296616	-0.252258	-0.233385	-0.226013	-0.232419	-0.259281	-0.280355	-0.287333	-0.278397	-0.251549	-0.234836	-0.236761	-0.233154	-0.219651	-0.209168	-0.218757	-0.237063	-0.236384	-0.236384	
