0.385801	0.307612	0.244212	0.198206	0.19087	0.226586	0.299702	0.392821	0.483489	0.547242	0.566224	0.519903	0.405154	0.235553	0.0324774	-0.181774	-0.382331	-0.535854	-0.625435	-0.645434	-0.591701	-0.485048	-0.363484	-0.227522	-0.0936384	0.0183669	0.0992269	0.150929	0.180869	0.186142	0.175936	0.156925	0.132114	0.10433	0.0797819	0.052943	0.0271687	0.00730724	-0.00445571	-0.00755606	-0.0135929	-0.00992323	-0.00163523	-0.000138402	-0.00255136	-0.0135587	-0.0233991	-0.0326582	-0.0437217	-0.0437217	
0.307612	0.239509	0.18635	0.153047	0.157928	0.20125	0.279355	0.386656	0.490099	0.552308	0.566942	0.519679	0.412489	0.259458	0.0832058	-0.0992504	-0.265715	-0.387321	-0.444836	-0.437378	-0.364804	-0.245014	-0.112928	0.0201706	0.138965	0.229507	0.277366	0.293003	0.284866	0.254253	0.208738	0.155021	0.101358	0.0521748	0.0124616	-0.029747	-0.0616213	-0.08247	-0.0984962	-0.0982649	-0.0983356	-0.0964348	-0.0909543	-0.0924035	-0.10265	-0.118258	-0.128038	-0.138998	-0.151657	-0.151657	
0.244212	0.18635	0.1349	0.105072	0.111723	0.151304	0.230658	0.34183	0.446218	0.51504	0.533537	0.496757	0.418014	0.3043	0.160405	0.00719913	-0.122365	-0.203361	-0.223839	-0.186026	-0.0893329	0.0470875	0.187258	0.312381	0.415734	0.478157	0.480901	0.442658	0.38516	0.313586	0.221932	0.135205	0.0625965	-0.00790041	-0.0645699	-0.112355	-0.142657	-0.16213	-0.178521	-0.183428	-0.189593	-0.197747	-0.207743	-0.21894	-0.232292	-0.24538	-0.249924	-0.254113	-0.258119	-0.258119	
0.198206	0.153047	0.105072	0.0795953	0.0837735	0.120915	0.201375	0.30259	0.403638	0.479268	0.506993	0.49064	0.446554	0.362243	0.250901	0.134872	0.0374996	-0.00732999	0.00669291	0.0745716	0.192813	0.343078	0.488261	0.606745	0.684617	0.704256	0.668484	0.588649	0.48442	0.371446	0.242422	0.127005	0.0396046	-0.0464668	-0.123534	-0.17737	-0.213203	-0.24386	-0.268524	-0.285124	-0.301742	-0.319171	-0.338367	-0.355754	-0.364869	-0.369226	-0.373715	-0.373609	-0.368412	-0.368412	
0.19087	0.157928	0.111723	0.0837735	0.0860941	0.125039	0.199328	0.301296	0.409284	0.487144	0.51279	0.512976	0.489147	0.420811	0.336592	0.25209	0.19016	0.179875	0.2261	0.319846	0.456962	0.612784	0.749716	0.851513	0.894249	0.872564	0.808054	0.702999	0.566122	0.426611	0.282939	0.143343	0.0285659	-0.0712957	-0.155668	-0.21724	-0.263964	-0.305555	-0.344368	-0.380386	-0.416498	-0.445647	-0.46806	-0.490292	-0.494361	-0.488273	-0.492013	-0.488958	-0.480442	-0.480442	
0.226586	0.20125	0.151304	0.120915	0.125039	0.163946	0.24145	0.345891	0.4499	0.522606	0.553492	0.558576	0.530559	0.472923	0.403036	0.336065	0.304075	0.329103	0.404566	0.520252	0.666603	0.816527	0.937171	1.00757	1.02307	0.980653	0.892007	0.774137	0.628106	0.470437	0.318181	0.173496	0.0422619	-0.0700435	-0.158856	-0.2278	-0.293457	-0.352125	-0.399633	-0.452045	-0.503078	-0.539521	-0.565675	-0.588175	-0.599432	-0.598748	-0.602776	-0.6058	-0.600706	-0.600706	
0.299702	0.279355	0.230658	0.201375	0.199328	0.24145	0.325546	0.421968	0.509089	0.57131	0.601043	0.599823	0.563738	0.503847	0.437091	0.379852	0.368654	0.40762	0.496676	0.63176	0.774764	0.912794	1.02513	1.07837	1.07671	1.02815	0.932446	0.808173	0.659198	0.497086	0.347967	0.20962	0.0801883	-0.0378423	-0.135727	-0.21394	-0.297223	-0.37608	-0.434279	-0.490148	-0.543848	-0.583625	-0.614887	-0.64235	-0.66515	-0.68353	-0.696805	-0.705301	-0.711452	-0.711452	
0.392821	0.386656	0.34183	0.30259	0.301296	0.345891	0.421968	0.49562	0.56305	0.614896	0.631907	0.612835	0.563222	0.496396	0.428578	0.380222	0.37773	0.415629	0.50322	0.636034	0.776065	0.908516	1.01636	1.06854	1.06153	1.01371	0.920132	0.794271	0.650394	0.504199	0.367666	0.237873	0.12441	0.0178737	-0.0816936	-0.174818	-0.268708	-0.353479	-0.426762	-0.490005	-0.543394	-0.587425	-0.627438	-0.66307	-0.693733	-0.725153	-0.744686	-0.75427	-0.767866	-0.767866	
0.483489	0.490099	0.446218	0.403638	0.409284	0.4499	0.509089	0.56305	0.609721	0.639419	0.634221	0.593153	0.526648	0.446692	0.375687	0.331047	0.321192	0.35902	0.44479	0.561163	0.697084	0.82543	0.921657	0.975345	0.978387	0.936879	0.852709	0.737635	0.609	0.488877	0.372034	0.259743	0.164401	0.0686882	-0.0227298	-0.118962	-0.2174	-0.296709	-0.374303	-0.44622	-0.500408	-0.548989	-0.594325	-0.632297	-0.666469	-0.701856	-0.726157	-0.739612	-0.755831	-0.755831	
0.547242	0.552308	0.51504	0.479268	0.487144	0.522606	0.57131	0.614896	0.639419	0.639455	0.609928	0.544307	0.452938	0.358557	0.28303	0.234524	0.215087	0.251585	0.336972	0.443846	0.570628	0.686774	0.769686	0.822312	0.838017	0.805792	0.735699	0.645982	0.549025	0.454058	0.355816	0.268091	0.182206	0.0911448	0.0116167	-0.070508	-0.152247	-0.223085	-0.290056	-0.352972	-0.40808	-0.45624	-0.501707	-0.540181	-0.570813	-0.605872	-0.634675	-0.650152	-0.667003	-0.667003	
0.566224	0.566942	0.533537	0.506993	0.51279	0.553492	0.601043	0.631907	0.634221	0.609928	0.552445	0.458011	0.348325	0.241382	0.159425	0.10763	0.0911509	0.118699	0.189769	0.289079	0.408184	0.521137	0.605035	0.652989	0.665859	0.643157	0.591807	0.528701	0.465778	0.398438	0.313828	0.239451	0.1695	0.0907179	0.019112	-0.0378393	-0.0831616	-0.132885	-0.178422	-0.223393	-0.269962	-0.312496	-0.357613	-0.392711	-0.420853	-0.447129	-0.465522	-0.478823	-0.485099	-0.485099	
0.519903	0.519679	0.496757	0.49064	0.512976	0.558576	0.599823	0.612835	0.593153	0.544307	0.458011	0.345665	0.230542	0.124299	0.0367869	-0.0322274	-0.0609596	-0.0413119	0.0228389	0.117224	0.231519	0.342327	0.425832	0.47574	0.499874	0.492351	0.453891	0.407729	0.36223	0.313122	0.245657	0.183154	0.135623	0.0833467	0.0332422	0.0012877	-0.0194606	-0.0435851	-0.0636254	-0.0844672	-0.107647	-0.135083	-0.166731	-0.190884	-0.215609	-0.230559	-0.235087	-0.240869	-0.237035	-0.237035	
0.405154	0.412489	0.418014	0.446554	0.489147	0.530559	0.563738	0.563222	0.526648	0.452938	0.348325	0.230542	0.115186	0.00231578	-0.0994747	-0.176986	-0.214365	-0.205467	-0.147989	-0.0486203	0.0605055	0.168761	0.264665	0.323032	0.352236	0.358488	0.338035	0.30288	0.261668	0.216043	0.166564	0.122545	0.096101	0.0743805	0.0588025	0.0587599	0.0541648	0.051217	0.0534453	0.0560613	0.0589399	0.0500464	0.044788	0.0391631	0.0285043	0.0275797	0.0294954	0.033949	0.0376187	0.0376187	
0.235553	0.259458	0.3043	0.362243	0.420811	0.472923	0.503847	0.496396	0.446692	0.358557	0.241382	0.124299	0.00231578	-0.121609	-0.234448	-0.319103	-0.357433	-0.346574	-0.287259	-0.186331	-0.0755318	0.03612	0.140628	0.206145	0.24056	0.255627	0.249119	0.220008	0.178295	0.136976	0.105897	0.0846984	0.0789809	0.0870387	0.0968727	0.118092	0.140131	0.158847	0.175975	0.195925	0.217087	0.228936	0.248933	0.264996	0.277384	0.290378	0.295532	0.3043	0.302211	0.302211	
0.0324774	0.0832058	0.160405	0.250901	0.336592	0.403036	0.437091	0.428578	0.375687	0.28303	0.159425	0.0367869	-0.0994747	-0.234448	-0.352479	-0.441804	-0.479945	-0.454487	-0.379626	-0.279371	-0.159331	-0.0392905	0.0656858	0.139981	0.184706	0.20371	0.199931	0.173898	0.135203	0.105541	0.0910541	0.0838622	0.0920048	0.122149	0.150788	0.185362	0.225046	0.261597	0.298586	0.326817	0.360141	0.396078	0.429432	0.466754	0.496806	0.514511	0.524511	0.528056	0.524017	0.524017	
-0.181774	-0.0992504	0.00719913	0.134872	0.25209	0.336065	0.379852	0.380222	0.331047	0.234524	0.10763	-0.0322274	-0.176986	-0.319103	-0.441804	-0.521258	-0.545873	-0.512282	-0.424706	-0.310556	-0.180143	-0.0519081	0.0650288	0.14809	0.187623	0.20405	0.198752	0.171556	0.136796	0.123709	0.124537	0.12494	0.139772	0.174206	0.219416	0.262829	0.305325	0.356491	0.40515	0.442177	0.486047	0.532719	0.570871	0.61247	0.646507	0.66692	0.68327	0.690763	0.692634	0.692634	
-0.382331	-0.265715	-0.122365	0.0374996	0.19016	0.304075	0.368654	0.37773	0.321192	0.215087	0.0911509	-0.0609596	-0.214365	-0.357433	-0.479945	-0.545873	-0.552956	-0.511251	-0.414885	-0.277367	-0.135873	0.00152617	0.129802	0.213583	0.24471	0.254529	0.246927	0.216953	0.191562	0.181869	0.183929	0.201251	0.221871	0.251088	0.29603	0.334913	0.376572	0.430302	0.478524	0.524781	0.577963	0.627216	0.662411	0.693762	0.721505	0.741549	0.762439	0.77962	0.788618	0.788618	
-0.535854	-0.387321	-0.203361	-0.00732999	0.179875	0.329103	0.40762	0.415629	0.35902	0.251585	0.118699	-0.0413119	-0.205467	-0.346574	-0.454487	-0.512282	-0.511251	-0.44926	-0.33881	-0.189799	-0.0317217	0.117833	0.237164	0.310906	0.343269	0.343456	0.328223	0.30002	0.282161	0.27136	0.270402	0.285879	0.302966	0.335282	0.368739	0.397856	0.436823	0.478046	0.522688	0.570685	0.618365	0.659566	0.688918	0.71343	0.733634	0.752828	0.774191	0.790828	0.802195	0.802195	
-0.625435	-0.444836	-0.223839	0.00669291	0.2261	0.404566	0.496676	0.50322	0.44479	0.336972	0.189769	0.0228389	-0.147989	-0.287259	-0.379626	-0.424706	-0.414885	-0.33881	-0.209864	-0.0480421	0.119587	0.26325	0.366835	0.431153	0.459314	0.448153	0.42367	0.400196	0.381841	0.366162	0.360736	0.364588	0.373357	0.398026	0.418646	0.441356	0.474894	0.506443	0.541552	0.57853	0.609339	0.631744	0.653971	0.67724	0.695206	0.713481	0.729736	0.738581	0.744101	0.744101	
-0.645434	-0.437378	-0.186026	0.0745716	0.319846	0.520252	0.63176	0.636034	0.561163	0.443846	0.289079	0.117224	-0.0486203	-0.186331	-0.279371	-0.310556	-0.277367	-0.189799	-0.0480421	0.122548	0.286853	0.414496	0.503918	0.553081	0.563266	0.552237	0.524766	0.49594	0.468363	0.441939	0.428672	0.423354	0.429655	0.433456	0.434734	0.45574	0.481149	0.504004	0.523407	0.543538	0.561808	0.569964	0.587321	0.607189	0.620359	0.633184	0.638703	0.638617	0.637076	0.637076	
-0.591701	-0.364804	-0.0893329	0.192813	0.456962	0.666603	0.774764	0.776065	0.697084	0.570628	0.408184	0.231519	0.0605055	-0.0755318	-0.159331	-0.180143	-0.135873	-0.0317217	0.119587	0.286853	0.438059	0.547577	0.616483	0.653866	0.659939	0.638492	0.602056	0.567696	0.534535	0.499586	0.473926	0.451974	0.437855	0.431489	0.428825	0.440556	0.456818	0.467748	0.472254	0.47973	0.48732	0.48885	0.50153	0.514362	0.517277	0.521696	0.521207	0.516259	0.515804	0.515804	
-0.485048	-0.245014	0.0470875	0.343078	0.612784	0.816527	0.912794	0.908516	0.82543	0.686774	0.521137	0.342327	0.168761	0.03612	-0.0392905	-0.0519081	0.00152617	0.117833	0.26325	0.414496	0.547577	0.646862	0.700352	0.726182	0.726585	0.692307	0.64943	0.603652	0.562501	0.517463	0.478196	0.446704	0.415661	0.407896	0.406432	0.404199	0.408722	0.404739	0.39985	0.398965	0.395999	0.398012	0.40129	0.400948	0.399212	0.398172	0.398103	0.397568	0.400568	0.400568	
-0.363484	-0.112928	0.187258	0.488261	0.749716	0.937171	1.02513	1.01636	0.921657	0.769686	0.605035	0.425832	0.264665	0.140628	0.0656858	0.0650288	0.129802	0.237164	0.366835	0.503918	0.616483	0.700352	0.752496	0.769049	0.748745	0.708065	0.660646	0.600939	0.542353	0.487661	0.443147	0.413799	0.387326	0.372129	0.366472	0.348936	0.336481	0.327329	0.313631	0.309505	0.305639	0.305272	0.300919	0.290415	0.28707	0.285453	0.284479	0.284561	0.288149	0.288149	
-0.227522	0.0201706	0.312381	0.606745	0.851513	1.00757	1.07837	1.06854	0.975345	0.822312	0.652989	0.47574	0.323032	0.206145	0.139981	0.14809	0.213583	0.310906	0.431153	0.553081	0.653866	0.726182	0.769049	0.777192	0.741852	0.69125	0.634912	0.566964	0.494822	0.435194	0.392017	0.359604	0.332396	0.311089	0.302856	0.278794	0.252539	0.24473	0.237972	0.230506	0.223684	0.219773	0.207215	0.195671	0.191356	0.186637	0.18586	0.18322	0.185764	0.185764	
-0.0936384	0.138965	0.415734	0.684617	0.894249	1.02307	1.07671	1.06153	0.978387	0.838017	0.665859	0.499874	0.352236	0.24056	0.184706	0.187623	0.24471	0.343269	0.459314	0.563266	0.659939	0.726585	0.748745	0.741852	0.702753	0.645693	0.582043	0.513497	0.437441	0.376551	0.3371	0.296725	0.263584	0.242497	0.22343	0.199422	0.179457	0.169936	0.165795	0.155931	0.143317	0.139497	0.130946	0.121806	0.116802	0.109713	0.104929	0.100161	0.0994989	0.0994989	
0.0183669	0.229507	0.478157	0.704256	0.872564	0.980653	1.02815	1.01371	0.936879	0.805792	0.643157	0.492351	0.358488	0.255627	0.20371	0.20405	0.254529	0.343456	0.448153	0.552237	0.638492	0.692307	0.708065	0.69125	0.645693	0.578761	0.508142	0.438186	0.367423	0.309232	0.272167	0.237154	0.201079	0.172669	0.146725	0.128991	0.122844	0.114809	0.101477	0.0901908	0.0755087	0.0649957	0.0629626	0.054917	0.0520038	0.0512321	0.0446988	0.0437416	0.0405719	0.0405719	
0.0992269	0.277366	0.480901	0.668484	0.808054	0.892007	0.932446	0.920132	0.852709	0.735699	0.591807	0.453891	0.338035	0.249119	0.199931	0.198752	0.246927	0.328223	0.42367	0.524766	0.602056	0.64943	0.660646	0.634912	0.582043	0.508142	0.426745	0.353578	0.292713	0.242211	0.205197	0.169984	0.137198	0.108323	0.088	0.0812705	0.0720469	0.0590923	0.0468685	0.0392794	0.0261581	0.0117175	0.0116411	0.00582614	0.00383004	0.0072525	0.000863048	-0.000848643	-0.00407158	-0.00407158	
0.150929	0.293003	0.442658	0.588649	0.702999	0.774137	0.808173	0.794271	0.737635	0.645982	0.528701	0.407729	0.30288	0.220008	0.173898	0.171556	0.216953	0.30002	0.400196	0.49594	0.567696	0.603652	0.600939	0.566964	0.513497	0.438186	0.353578	0.287938	0.234033	0.18735	0.140873	0.102444	0.0812288	0.0582529	0.041817	0.0341576	0.0210262	0.00675428	0.000118791	-0.00214129	-0.00752742	-0.0146219	-0.0166913	-0.0200177	-0.0284399	-0.028808	-0.0318011	-0.0404487	-0.0368285	-0.0368285	
0.180869	0.284866	0.38516	0.48442	0.566122	0.628106	0.659198	0.650394	0.609	0.549025	0.465778	0.36223	0.261668	0.178295	0.135203	0.136796	0.191562	0.282161	0.381841	0.468363	0.534535	0.562501	0.542353	0.494822	0.437441	0.367423	0.292713	0.234033	0.186411	0.138646	0.0827247	0.050209	0.0386218	0.0202868	0.00409144	-0.00557063	-0.012078	-0.0252636	-0.0318069	-0.0343805	-0.0377444	-0.0348104	-0.0395936	-0.0464219	-0.0533384	-0.0575725	-0.0571272	-0.0573331	-0.0496614	-0.0496614	
0.186142	0.254253	0.313586	0.371446	0.426611	0.470437	0.497086	0.504199	0.488877	0.454058	0.398438	0.313122	0.216043	0.136976	0.105541	0.123709	0.181869	0.27136	0.366162	0.441939	0.499586	0.517463	0.487661	0.435194	0.376551	0.309232	0.242211	0.18735	0.138646	0.0901738	0.0421134	0.0173815	0.0021211	-0.015617	-0.0237507	-0.029248	-0.0341263	-0.0436893	-0.0508573	-0.0559287	-0.060648	-0.0586659	-0.0612797	-0.0653081	-0.0650371	-0.0689449	-0.0707708	-0.0659699	-0.0648923	-0.0648923	
0.175936	0.208738	0.221932	0.242422	0.282939	0.318181	0.347967	0.367666	0.372034	0.355816	0.313828	0.245657	0.166564	0.105897	0.0910541	0.124537	0.183929	0.270402	0.360736	0.428672	0.473926	0.478196	0.443147	0.392017	0.3371	0.272167	0.205197	0.140873	0.0827247	0.0421134	0.0111673	-0.00536637	-0.0190609	-0.0366561	-0.0422477	-0.0500284	-0.0615967	-0.0599361	-0.0594853	-0.0667007	-0.0676607	-0.0715443	-0.0786925	-0.0763681	-0.0719827	-0.0739353	-0.0739359	-0.0736591	-0.0828153	-0.0828153	
0.156925	0.155021	0.135205	0.127005	0.143343	0.173496	0.20962	0.237873	0.259743	0.268091	0.239451	0.183154	0.122545	0.0846984	0.0838622	0.12494	0.201251	0.285879	0.364588	0.423354	0.451974	0.446704	0.413799	0.359604	0.296725	0.237154	0.169984	0.102444	0.050209	0.0173815	-0.00536637	-0.0262582	-0.03792	-0.0490939	-0.0598718	-0.0684769	-0.0776925	-0.0733935	-0.0697332	-0.072837	-0.0717469	-0.0768127	-0.0838761	-0.0821246	-0.0775435	-0.0798016	-0.0789248	-0.0775949	-0.0909876	-0.0909876	
0.132114	0.101358	0.0625965	0.0396046	0.0285659	0.0422619	0.0801883	0.12441	0.164401	0.182206	0.1695	0.135623	0.096101	0.0789809	0.0920048	0.139772	0.221871	0.302966	0.373357	0.429655	0.437855	0.415661	0.387326	0.332396	0.263584	0.201079	0.137198	0.0812288	0.0386218	0.0021211	-0.0190609	-0.03792	-0.0560303	-0.0662766	-0.073968	-0.0728871	-0.0772812	-0.0819883	-0.0795027	-0.080794	-0.0815823	-0.0829555	-0.082238	-0.0795893	-0.0822647	-0.0882668	-0.0870405	-0.081465	-0.0848908	-0.0848908	
0.10433	0.0521748	-0.00790041	-0.0464668	-0.0712957	-0.0700435	-0.0378423	0.0178737	0.0686882	0.0911448	0.0907179	0.0833467	0.0743805	0.0870387	0.122149	0.174206	0.251088	0.335282	0.398026	0.433456	0.431489	0.407896	0.372129	0.311089	0.242497	0.172669	0.108323	0.0582529	0.0202868	-0.015617	-0.0366561	-0.0490939	-0.0662766	-0.0748505	-0.0778911	-0.0714912	-0.0746671	-0.0828758	-0.0809529	-0.0886883	-0.092503	-0.0871851	-0.0819542	-0.0801665	-0.0864048	-0.0911741	-0.0903371	-0.0852072	-0.0791612	-0.0791612	
0.0797819	0.0124616	-0.0645699	-0.123534	-0.155668	-0.158856	-0.135727	-0.0816936	-0.0227298	0.0116167	0.019112	0.0332422	0.0588025	0.0968727	0.150788	0.219416	0.29603	0.368739	0.418646	0.434734	0.428825	0.406432	0.366472	0.302856	0.22343	0.146725	0.088	0.041817	0.00409144	-0.0237507	-0.0422477	-0.0598718	-0.073968	-0.0778911	-0.0832166	-0.0826369	-0.0806363	-0.0811915	-0.0827062	-0.0879941	-0.0870095	-0.0851404	-0.0853205	-0.0887825	-0.0903525	-0.0839703	-0.0856187	-0.0894633	-0.084172	-0.084172	
0.052943	-0.029747	-0.112355	-0.17737	-0.21724	-0.2278	-0.21394	-0.174818	-0.118962	-0.070508	-0.0378393	0.0012877	0.0587599	0.118092	0.185362	0.262829	0.334913	0.397856	0.441356	0.45574	0.440556	0.404199	0.348936	0.278794	0.199422	0.128991	0.0812705	0.0341576	-0.00557063	-0.029248	-0.0500284	-0.0684769	-0.0728871	-0.0714912	-0.0826369	-0.0888621	-0.0880966	-0.0916253	-0.0933811	-0.0874347	-0.0788796	-0.0811168	-0.0883059	-0.0912938	-0.086682	-0.078606	-0.0827655	-0.0915911	-0.0917311	-0.0917311	
0.0271687	-0.0616213	-0.142657	-0.213203	-0.263964	-0.293457	-0.297223	-0.268708	-0.2174	-0.152247	-0.0831616	-0.0194606	0.0541648	0.140131	0.225046	0.305325	0.376572	0.436823	0.474894	0.481149	0.456818	0.408722	0.336481	0.252539	0.179457	0.122844	0.0720469	0.0210262	-0.012078	-0.0341263	-0.0615967	-0.0776925	-0.0772812	-0.0746671	-0.0806363	-0.0880966	-0.0861224	-0.0874359	-0.0903757	-0.0851819	-0.0833314	-0.0880236	-0.0917606	-0.0885772	-0.0851432	-0.0858375	-0.0857987	-0.0868223	-0.0866789	-0.0866789	
0.00730724	-0.08247	-0.16213	-0.24386	-0.305555	-0.352125	-0.37608	-0.353479	-0.296709	-0.223085	-0.132885	-0.0435851	0.051217	0.158847	0.261597	0.356491	0.430302	0.478046	0.506443	0.504004	0.467748	0.404739	0.327329	0.24473	0.169936	0.114809	0.0590923	0.00675428	-0.0252636	-0.0436893	-0.0599361	-0.0733935	-0.0819883	-0.0828758	-0.0811915	-0.0916253	-0.0874359	-0.0775529	-0.084269	-0.0857663	-0.0889944	-0.0940358	-0.0889064	-0.0820833	-0.0876435	-0.0940147	-0.0878833	-0.0839788	-0.0814993	-0.0814993	
-0.00445571	-0.0984962	-0.178521	-0.268524	-0.344368	-0.399633	-0.434279	-0.426762	-0.374303	-0.290056	-0.178422	-0.0636254	0.0534453	0.175975	0.298586	0.40515	0.478524	0.522688	0.541552	0.523407	0.472254	0.39985	0.313631	0.237972	0.165795	0.101477	0.0468685	0.000118791	-0.0318069	-0.0508573	-0.0594853	-0.0697332	-0.0795027	-0.0809529	-0.0827062	-0.0933811	-0.0903757	-0.084269	-0.0904115	-0.0893925	-0.0902373	-0.0883839	-0.0806965	-0.0790862	-0.0846402	-0.0905463	-0.0870033	-0.0856887	-0.0896194	-0.0896194	
-0.00755606	-0.0982649	-0.183428	-0.285124	-0.380386	-0.452045	-0.490148	-0.490005	-0.44622	-0.352972	-0.223393	-0.0844672	0.0560613	0.195925	0.326817	0.442177	0.524781	0.570685	0.57853	0.543538	0.47973	0.398965	0.309505	0.230506	0.155931	0.0901908	0.0392794	-0.00214129	-0.0343805	-0.0559287	-0.0667007	-0.072837	-0.080794	-0.0886883	-0.0879941	-0.0874347	-0.0851819	-0.0857663	-0.0893925	-0.0857738	-0.0862508	-0.0848384	-0.0850657	-0.089544	-0.0881287	-0.0856039	-0.0834963	-0.0854238	-0.0886304	-0.0886304	
-0.0135929	-0.0983356	-0.189593	-0.301742	-0.416498	-0.503078	-0.543848	-0.543394	-0.500408	-0.40808	-0.269962	-0.107647	0.0589399	0.217087	0.360141	0.486047	0.577963	0.618365	0.609339	0.561808	0.48732	0.395999	0.305639	0.223684	0.143317	0.0755087	0.0261581	-0.00752742	-0.0377444	-0.060648	-0.0676607	-0.0717469	-0.0815823	-0.092503	-0.0870095	-0.0788796	-0.0833314	-0.0889944	-0.0902373	-0.0862508	-0.0841365	-0.0852899	-0.0894933	-0.0931904	-0.0878553	-0.0815517	-0.0844019	-0.0878279	-0.0832394	-0.0832394	
-0.00992323	-0.0964348	-0.197747	-0.319171	-0.445647	-0.539521	-0.583625	-0.587425	-0.548989	-0.45624	-0.312496	-0.135083	0.0500464	0.228936	0.396078	0.532719	0.627216	0.659566	0.631744	0.569964	0.48885	0.398012	0.305272	0.219773	0.139497	0.0649957	0.0117175	-0.0146219	-0.0348104	-0.0586659	-0.0715443	-0.0768127	-0.0829555	-0.0871851	-0.0851404	-0.0811168	-0.0880236	-0.0940358	-0.0883839	-0.0848384	-0.0852899	-0.0850616	-0.0874379	-0.0884523	-0.0822644	-0.0823869	-0.0896508	-0.0880058	-0.0839611	-0.0839611	
-0.00163523	-0.0909543	-0.207743	-0.338367	-0.46806	-0.565675	-0.614887	-0.627438	-0.594325	-0.501707	-0.357613	-0.166731	0.044788	0.248933	0.429432	0.570871	0.662411	0.688918	0.653971	0.587321	0.50153	0.40129	0.300919	0.207215	0.130946	0.0629626	0.0116411	-0.0166913	-0.0395936	-0.0612797	-0.0786925	-0.0838761	-0.082238	-0.0819542	-0.0853205	-0.0883059	-0.0917606	-0.0889064	-0.0806965	-0.0850657	-0.0894933	-0.0874379	-0.0842045	-0.0817211	-0.0843017	-0.0878469	-0.0878809	-0.08512	-0.0863603	-0.0863603	
-0.000138402	-0.0924035	-0.21894	-0.355754	-0.490292	-0.588175	-0.64235	-0.66307	-0.632297	-0.540181	-0.392711	-0.190884	0.0391631	0.264996	0.466754	0.61247	0.693762	0.71343	0.67724	0.607189	0.514362	0.400948	0.290415	0.195671	0.121806	0.054917	0.00582614	-0.0200177	-0.0464219	-0.0653081	-0.0763681	-0.0821246	-0.0795893	-0.0801665	-0.0887825	-0.0912938	-0.0885772	-0.0820833	-0.0790862	-0.089544	-0.0931904	-0.0884523	-0.0817211	-0.082661	-0.0905947	-0.0879676	-0.0830392	-0.0828777	-0.0860377	-0.0860377	
-0.00255136	-0.10265	-0.232292	-0.364869	-0.494361	-0.599432	-0.66515	-0.693733	-0.666469	-0.570813	-0.420853	-0.215609	0.0285043	0.277384	0.496806	0.646507	0.721505	0.733634	0.695206	0.620359	0.517277	0.399212	0.28707	0.191356	0.116802	0.0520038	0.00383004	-0.0284399	-0.0533384	-0.0650371	-0.0719827	-0.0775435	-0.0822647	-0.0864048	-0.0903525	-0.086682	-0.0851432	-0.0876435	-0.0846402	-0.0881287	-0.0878553	-0.0822644	-0.0843017	-0.0905947	-0.0888999	-0.0824818	-0.0841469	-0.0852118	-0.0846788	-0.0846788	
-0.0135587	-0.118258	-0.24538	-0.369226	-0.488273	-0.598748	-0.68353	-0.725153	-0.701856	-0.605872	-0.447129	-0.230559	0.0275797	0.290378	0.514511	0.66692	0.741549	0.752828	0.713481	0.633184	0.521696	0.398172	0.285453	0.186637	0.109713	0.0512321	0.0072525	-0.028808	-0.0575725	-0.0689449	-0.0739353	-0.0798016	-0.0882668	-0.0911741	-0.0839703	-0.078606	-0.0858375	-0.0940147	-0.0905463	-0.0856039	-0.0815517	-0.0823869	-0.0878469	-0.0879676	-0.0824818	-0.0799595	-0.0867127	-0.0900714	-0.0852328	-0.0852328	
-0.0233991	-0.128038	-0.249924	-0.373715	-0.492013	-0.602776	-0.696805	-0.744686	-0.726157	-0.634675	-0.465522	-0.235087	0.0294954	0.295532	0.524511	0.68327	0.762439	0.774191	0.729736	0.638703	0.521207	0.398103	0.284479	0.18586	0.104929	0.0446988	0.000863048	-0.0318011	-0.0571272	-0.0707708	-0.0739359	-0.0789248	-0.0870405	-0.0903371	-0.0856187	-0.0827655	-0.0857987	-0.0878833	-0.0870033	-0.0834963	-0.0844019	-0.0896508	-0.0878809	-0.0830392	-0.0841469	-0.0867127	-0.086605	-0.0852088	-0.0832748	-0.0832748	
-0.0326582	-0.138998	-0.254113	-0.373609	-0.488958	-0.6058	-0.705301	-0.75427	-0.739612	-0.650152	-0.478823	-0.240869	0.033949	0.3043	0.528056	0.690763	0.77962	0.790828	0.738581	0.638617	0.516259	0.397568	0.284561	0.18322	0.100161	0.0437416	-0.000848643	-0.0404487	-0.0573331	-0.0659699	-0.0736591	-0.0775949	-0.081465	-0.0852072	-0.0894633	-0.0915911	-0.0868223	-0.0839788	-0.0856887	-0.0854238	-0.0878279	-0.0880058	-0.08512	-0.0828777	-0.0852118	-0.0900714	-0.0852088	-0.081253	-0.0849252	-0.0849252	
-0.0437217	-0.151657	-0.258119	-0.368412	-0.480442	-0.600706	-0.711452	-0.767866	-0.755831	-0.667003	-0.485099	-0.237035	0.0376187	0.302211	0.524017	0.692634	0.788618	0.802195	0.744101	0.637076	0.515804	0.400568	0.288149	0.185764	0.0994989	0.0405719	-0.00407158	-0.0368285	-0.0496614	-0.0648923	-0.0828153	-0.0909876	-0.0848908	-0.0791612	-0.084172	-0.0917311	-0.0866789	-0.0814993	-0.0896194	-0.0886304	-0.0832394	-0.0839611	-0.0863603	-0.0860377	-0.0846788	-0.0852328	-0.0832748	-0.0849252	-0.0874584	-0.0874584	
-0.0437217	-0.151657	-0.258119	-0.368412	-0.480442	-0.600706	-0.711452	-0.767866	-0.755831	-0.667003	-0.485099	-0.237035	0.0376187	0.302211	0.524017	0.692634	0.788618	0.802195	0.744101	0.637076	0.515804	0.400568	0.288149	0.185764	0.0994989	0.0405719	-0.00407158	-0.0368285	-0.0496614	-0.0648923	-0.0828153	-0.0909876	-0.0848908	-0.0791612	-0.084172	-0.0917311	-0.0866789	-0.0814993	-0.0896194	-0.0886304	-0.0832394	-0.0839611	-0.0863603	-0.0860377	-0.0846788	-0.0852328	-0.0832748	-0.0849252	-0.0874584	-0.0874584	
