0.82428	0.82428	0.675808	0.154392	0.398333	-0.276256	
0.82428	0.82428	0.675808	0.154392	0.398333	-0.276256	
0.675808	0.675808	0.559228	0.0369679	-0.0526915	-0.0276536	
0.154392	0.154392	0.0369679	-0.241853	0.22363	-0.648057	
0.398333	0.398333	-0.0526915	0.22363	-1.07935	-0.24404	
-0.276256	-0.276256	-0.0276536	-0.648057	-0.24404	0.11031	
