-0.0385452	-0.0778365	-0.114504	-0.146792	-0.167445	-0.158135	-0.12897	-0.0964462	-0.0742782	-0.0615678	-0.0493543	-0.0276483	-0.000912595	0.0403663	0.103797	0.168026	0.221578	0.246765	0.247184	0.246989	0.251795	0.260886	0.254531	0.208452	0.123987	0.0249396	-0.0689777	-0.157862	-0.237137	-0.306025	-0.372523	-0.431902	-0.48857	-0.54553	-0.574939	-0.555343	-0.493053	-0.400306	-0.282572	-0.138776	0.0253225	0.204747	0.413789	0.650036	0.874134	1.06474	1.23224	1.36796	1.4431	1.4431	
-0.0778365	-0.11077	-0.144972	-0.174597	-0.189858	-0.177221	-0.148551	-0.120741	-0.108242	-0.104142	-0.0968647	-0.0811271	-0.0511005	0.00777843	0.0932244	0.189273	0.276938	0.324483	0.336865	0.33546	0.328928	0.316991	0.274635	0.186186	0.0620735	-0.0723722	-0.192017	-0.287493	-0.355859	-0.407258	-0.450731	-0.481012	-0.509138	-0.539834	-0.544303	-0.50111	-0.414565	-0.298744	-0.1647	-0.0162695	0.137064	0.2928	0.473249	0.68221	0.884709	1.06154	1.22054	1.35046	1.42269	1.42269	
-0.114504	-0.144972	-0.174573	-0.199934	-0.209424	-0.19189	-0.163667	-0.142984	-0.138559	-0.140062	-0.139046	-0.12226	-0.0838908	-0.0105438	0.0988807	0.22141	0.328055	0.388626	0.40909	0.404944	0.381576	0.339444	0.262562	0.139805	-0.0190868	-0.179658	-0.310694	-0.403818	-0.458435	-0.488503	-0.503429	-0.50053	-0.495118	-0.491835	-0.465234	-0.397549	-0.291238	-0.160943	-0.0210748	0.122274	0.258908	0.389384	0.539278	0.71373	0.88156	1.02596	1.15315	1.25505	1.31108	1.31108	
-0.146792	-0.174597	-0.199934	-0.221674	-0.222257	-0.198508	-0.169825	-0.152123	-0.151587	-0.159355	-0.160977	-0.147305	-0.110311	-0.0265659	0.095374	0.233128	0.356587	0.429424	0.455519	0.442638	0.400717	0.337787	0.234938	0.0835622	-0.0972269	-0.272699	-0.413832	-0.502709	-0.537168	-0.540471	-0.522505	-0.481061	-0.436002	-0.394862	-0.33905	-0.254748	-0.140387	-0.00780249	0.128589	0.261894	0.381615	0.489208	0.607583	0.739825	0.860634	0.957614	1.03634	1.09544	1.12684	1.12684	
-0.167445	-0.189858	-0.209424	-0.222257	-0.211273	-0.182017	-0.15351	-0.142315	-0.153405	-0.171242	-0.184761	-0.18396	-0.149281	-0.0627097	0.0666352	0.21938	0.353573	0.435328	0.467883	0.455237	0.410178	0.332563	0.207434	0.037619	-0.160136	-0.350134	-0.493639	-0.569079	-0.581013	-0.554216	-0.49611	-0.412822	-0.330334	-0.256672	-0.180667	-0.0917533	0.0187021	0.144886	0.273449	0.395212	0.498205	0.582737	0.665253	0.746833	0.81236	0.856019	0.882017	0.895534	0.901149	0.901149	
-0.158135	-0.177221	-0.19189	-0.198508	-0.182017	-0.153772	-0.1332	-0.138077	-0.164185	-0.198533	-0.229829	-0.241756	-0.215143	-0.129841	0.00639942	0.170276	0.318056	0.419122	0.471266	0.469727	0.422003	0.331256	0.191706	0.00685342	-0.202001	-0.393982	-0.533138	-0.594418	-0.579272	-0.516098	-0.419163	-0.302549	-0.191853	-0.0952218	-0.00984632	0.0743253	0.174448	0.290283	0.4082	0.514959	0.597124	0.653833	0.69433	0.720124	0.730218	0.7258	0.707196	0.683102	0.667884	0.667884	
-0.12897	-0.148551	-0.163667	-0.169825	-0.15351	-0.1332	-0.129298	-0.153735	-0.200531	-0.256631	-0.305626	-0.333392	-0.312672	-0.223162	-0.0757224	0.106548	0.275321	0.40232	0.475975	0.48463	0.441558	0.34779	0.198219	0.00619624	-0.203209	-0.393578	-0.523989	-0.56335	-0.52179	-0.431473	-0.306265	-0.166972	-0.0390582	0.0706622	0.158993	0.235392	0.322362	0.42352	0.524553	0.60825	0.661761	0.684777	0.68039	0.652922	0.616664	0.57806	0.53065	0.48282	0.454723	0.454723	
-0.0964462	-0.120741	-0.142984	-0.152123	-0.142315	-0.138077	-0.153735	-0.201291	-0.270032	-0.342952	-0.407326	-0.444031	-0.420074	-0.322403	-0.160191	0.0406399	0.231435	0.386468	0.485654	0.518254	0.489922	0.394596	0.241289	0.0501258	-0.155054	-0.335784	-0.452224	-0.478863	-0.425477	-0.317078	-0.173506	-0.0244379	0.111869	0.230724	0.320011	0.386595	0.455825	0.534304	0.608096	0.658601	0.676898	0.664712	0.619875	0.550278	0.483275	0.427593	0.368597	0.311485	0.278431	0.278431	
-0.0742782	-0.108242	-0.138559	-0.151587	-0.153405	-0.164185	-0.200531	-0.270032	-0.354174	-0.441563	-0.517355	-0.555912	-0.526606	-0.419531	-0.23974	-0.0177708	0.199496	0.389956	0.525642	0.587495	0.573879	0.484683	0.336657	0.150561	-0.0471111	-0.221968	-0.336353	-0.360818	-0.303337	-0.187974	-0.0389409	0.113171	0.255736	0.379797	0.465427	0.51781	0.561828	0.606851	0.642824	0.653845	0.636872	0.595128	0.521544	0.42675	0.346285	0.288394	0.231555	0.176625	0.144689	0.144689	
-0.0615678	-0.104142	-0.140062	-0.159355	-0.171242	-0.198533	-0.256631	-0.342952	-0.441563	-0.541131	-0.621841	-0.657863	-0.619518	-0.495373	-0.29279	-0.0482943	0.202257	0.434618	0.607091	0.701347	0.7117	0.633906	0.488307	0.301272	0.102238	-0.074312	-0.189839	-0.220213	-0.171941	-0.0586492	0.0917041	0.242991	0.385359	0.506522	0.581651	0.613074	0.623334	0.626624	0.620216	0.593546	0.548952	0.489017	0.40225	0.300373	0.22092	0.170108	0.123494	0.0779478	0.0508915	0.0508915	
-0.0493543	-0.0968647	-0.139046	-0.160977	-0.184761	-0.229829	-0.305626	-0.407326	-0.517355	-0.621841	-0.701865	-0.728746	-0.671047	-0.523793	-0.298221	-0.0258731	0.262157	0.532462	0.744039	0.875735	0.904417	0.827532	0.676041	0.482194	0.278752	0.0976507	-0.0274056	-0.0734522	-0.0375011	0.0702407	0.212154	0.353263	0.487278	0.595238	0.650421	0.654903	0.628395	0.589721	0.544812	0.489931	0.430397	0.365351	0.280341	0.186587	0.11738	0.0767895	0.0430149	0.0101922	-0.0101298	-0.0101298	
-0.0276483	-0.0811271	-0.12226	-0.147305	-0.18396	-0.241756	-0.333392	-0.444031	-0.555912	-0.657863	-0.728746	-0.733917	-0.652136	-0.481797	-0.229532	0.0687888	0.386676	0.692243	0.939197	1.09381	1.12739	1.04734	0.888345	0.683856	0.469161	0.277717	0.14203	0.0799045	0.0969402	0.185612	0.307171	0.430071	0.544347	0.626692	0.656648	0.635866	0.577904	0.505164	0.432695	0.363407	0.301973	0.242373	0.170151	0.0946867	0.0395991	0.00774947	-0.0144161	-0.0339623	-0.0469319	-0.0469319	
-0.000912595	-0.0511005	-0.0838908	-0.110311	-0.149281	-0.215143	-0.312672	-0.420074	-0.526606	-0.619518	-0.671047	-0.652136	-0.54844	-0.351076	-0.0796429	0.234086	0.577498	0.905365	1.16939	1.33527	1.37111	1.28645	1.11333	0.891242	0.66485	0.466055	0.315714	0.226781	0.214394	0.272844	0.361739	0.454629	0.539108	0.591836	0.599803	0.561724	0.484309	0.391769	0.30601	0.235334	0.181249	0.133019	0.0796393	0.0272897	-0.0137983	-0.0405484	-0.0542573	-0.0617464	-0.067468	-0.067468	
0.0403663	0.00777843	-0.0105438	-0.0265659	-0.0627097	-0.129841	-0.223162	-0.322403	-0.419531	-0.495373	-0.523793	-0.481797	-0.351076	-0.135263	0.141163	0.466221	0.818427	1.15005	1.42542	1.59743	1.62907	1.53218	1.34088	1.10442	0.865625	0.649139	0.473159	0.351944	0.301486	0.313581	0.357722	0.416785	0.470714	0.496784	0.491081	0.448678	0.368087	0.271492	0.185093	0.121861	0.0791841	0.0437522	0.0107461	-0.0181989	-0.0474812	-0.0725671	-0.0813337	-0.0791217	-0.0782094	-0.0782094	
0.103797	0.0932244	0.0988807	0.095374	0.0666352	0.00639942	-0.0757224	-0.160191	-0.23974	-0.29279	-0.298221	-0.229532	-0.0796429	0.141163	0.421065	0.74684	1.09504	1.42992	1.70814	1.87113	1.88956	1.77841	1.57128	1.31456	1.05023	0.808545	0.602101	0.439217	0.338365	0.296795	0.296857	0.323641	0.349448	0.358181	0.352087	0.318811	0.249179	0.161602	0.0838261	0.0318836	-0.000120472	-0.0243949	-0.0387062	-0.0472653	-0.0673609	-0.0924162	-0.0991395	-0.0903912	-0.0840013	-0.0840013	
0.168026	0.189273	0.22141	0.233128	0.21938	0.170276	0.106548	0.0406399	-0.0177708	-0.0482943	-0.0258731	0.0687888	0.234086	0.466221	0.74684	1.0676	1.41095	1.73663	1.99886	2.14296	2.14687	2.0199	1.78683	1.49857	1.20555	0.932267	0.683999	0.476294	0.327432	0.233659	0.191674	0.19027	0.197626	0.202435	0.205949	0.189867	0.141398	0.0726008	0.00863088	-0.0328265	-0.0577444	-0.0734986	-0.0727647	-0.0661848	-0.0791064	-0.103337	-0.109845	-0.0982954	-0.0882449	-0.0882449	
0.221578	0.276938	0.328055	0.356587	0.353573	0.318056	0.275321	0.231435	0.199496	0.202257	0.262157	0.386676	0.577498	0.818427	1.09504	1.41095	1.73754	2.04244	2.28275	2.40337	2.38561	2.22879	1.96265	1.64642	1.32118	1.00802	0.722112	0.478121	0.28226	0.140352	0.0665624	0.045398	0.0424276	0.051356	0.0690518	0.0741795	0.0524584	0.00741693	-0.0412031	-0.0752545	-0.0970174	-0.106685	-0.095839	-0.0805294	-0.0872352	-0.10777	-0.114752	-0.104337	-0.0931164	-0.0931164	
0.246765	0.324483	0.388626	0.429424	0.435328	0.419122	0.40232	0.386468	0.389956	0.434618	0.532462	0.692243	0.905365	1.15005	1.42992	1.73663	2.04244	2.3255	2.53238	2.61745	2.56669	2.37999	2.09371	1.75339	1.39505	1.05081	0.736341	0.459082	0.225403	0.0516832	-0.0463165	-0.087504	-0.0966285	-0.0784407	-0.0466207	-0.0219889	-0.0170905	-0.0369993	-0.0702021	-0.100089	-0.121613	-0.127147	-0.111795	-0.0941792	-0.0947235	-0.107757	-0.114923	-0.10916	-0.0997027	-0.0997027	
0.247184	0.336865	0.40909	0.455519	0.467883	0.471266	0.475975	0.485654	0.525642	0.607091	0.744039	0.939197	1.16939	1.42542	1.70814	1.99886	2.28275	2.53238	2.69558	2.74576	2.67184	2.47287	2.17568	1.81817	1.44274	1.08031	0.746581	0.450372	0.193738	-0.00511854	-0.128436	-0.188904	-0.200914	-0.176059	-0.137027	-0.0981915	-0.06969	-0.0655115	-0.0843556	-0.112259	-0.134502	-0.137574	-0.123496	-0.108932	-0.103018	-0.105339	-0.111699	-0.112909	-0.108069	-0.108069	
0.246989	0.33546	0.404944	0.442638	0.455237	0.469727	0.48463	0.518254	0.587495	0.701347	0.875735	1.09381	1.33527	1.59743	1.87113	2.14296	2.40337	2.61745	2.74576	2.77659	2.69358	2.49192	2.20007	1.85313	1.48315	1.11946	0.783448	0.477204	0.202927	-0.0135983	-0.159171	-0.241003	-0.261821	-0.239552	-0.200951	-0.153709	-0.107691	-0.0836359	-0.0897416	-0.11537	-0.137364	-0.140242	-0.132749	-0.124506	-0.112231	-0.102735	-0.106985	-0.115559	-0.117343	-0.117343	
0.251795	0.328928	0.381576	0.400717	0.410178	0.422003	0.441558	0.489922	0.573879	0.7117	0.904417	1.12739	1.37111	1.62907	1.88956	2.14687	2.38561	2.56669	2.67184	2.69358	2.60978	2.43069	2.18114	1.8714	1.52653	1.181	0.852654	0.544493	0.268574	0.0420191	-0.131269	-0.240014	-0.276134	-0.266203	-0.235891	-0.187788	-0.133125	-0.0954399	-0.090192	-0.111041	-0.131255	-0.137234	-0.140048	-0.138819	-0.121557	-0.10222	-0.103145	-0.11716	-0.125938	-0.125938	
0.260886	0.316991	0.339444	0.337787	0.332563	0.331256	0.34779	0.394596	0.484683	0.633906	0.827532	1.04734	1.28645	1.53218	1.77841	2.0199	2.22879	2.37999	2.47287	2.49192	2.43069	2.3083	2.11844	1.85987	1.5637	1.25614	0.950993	0.658704	0.389613	0.150065	-0.0490604	-0.181303	-0.241119	-0.255441	-0.240217	-0.19872	-0.145274	-0.101543	-0.0867219	-0.0996335	-0.117159	-0.129925	-0.144285	-0.148773	-0.129781	-0.105616	-0.102506	-0.117996	-0.131978	-0.131978	
0.254531	0.274635	0.262562	0.234938	0.207434	0.191706	0.198219	0.241289	0.336657	0.488307	0.676041	0.888345	1.11333	1.34088	1.57128	1.78683	1.96265	2.09371	2.17568	2.20007	2.18114	2.11844	1.9907	1.80695	1.5849	1.33226	1.06356	0.795003	0.53836	0.297455	0.0850863	-0.0706818	-0.163379	-0.207394	-0.210735	-0.183471	-0.141025	-0.0994747	-0.0777553	-0.080521	-0.0958087	-0.118303	-0.142852	-0.151223	-0.135599	-0.113539	-0.106603	-0.118594	-0.133902	-0.133902	
0.208452	0.186186	0.139805	0.0835622	0.037619	0.00685342	0.00619624	0.0501258	0.150561	0.301272	0.482194	0.683856	0.891242	1.10442	1.31456	1.49857	1.64642	1.75339	1.81817	1.85313	1.8714	1.85987	1.80695	1.7143	1.57103	1.37662	1.15316	0.923697	0.695693	0.464587	0.247224	0.0735363	-0.0494661	-0.122685	-0.147578	-0.140375	-0.116278	-0.0844141	-0.0592676	-0.0523287	-0.0675117	-0.100513	-0.131984	-0.143716	-0.137651	-0.124693	-0.115383	-0.11953	-0.131081	-0.131081	
0.123987	0.0620735	-0.0190868	-0.0972269	-0.160136	-0.202001	-0.203209	-0.155054	-0.0471111	0.102238	0.278752	0.469161	0.66485	0.865625	1.05023	1.20555	1.32118	1.39505	1.44274	1.48315	1.52653	1.5637	1.5849	1.57103	1.49606	1.36579	1.2046	1.02517	0.826325	0.613771	0.411636	0.233864	0.0862731	-0.0111592	-0.0555597	-0.0705259	-0.0686622	-0.0506905	-0.0260157	-0.0138819	-0.0317456	-0.0725241	-0.10744	-0.124884	-0.134216	-0.135462	-0.126609	-0.121017	-0.124199	-0.124199	
0.0249396	-0.0723722	-0.179658	-0.272699	-0.350134	-0.393982	-0.393578	-0.335784	-0.221968	-0.074312	0.0976507	0.277717	0.466055	0.649139	0.808545	0.932267	1.00802	1.05081	1.08031	1.11946	1.181	1.25614	1.33226	1.37662	1.36579	1.30777	1.20705	1.06639	0.900416	0.727702	0.55485	0.378542	0.220693	0.114274	0.0539913	0.0172289	0.000469644	0.00592795	0.0249969	0.0348932	0.0137516	-0.0288904	-0.0658857	-0.0941677	-0.122529	-0.140043	-0.135769	-0.12235	-0.115073	-0.115073	
-0.0689777	-0.192017	-0.310694	-0.413832	-0.493639	-0.533138	-0.523989	-0.452224	-0.336353	-0.189839	-0.0274056	0.14203	0.315714	0.473159	0.602101	0.683999	0.722112	0.736341	0.746581	0.783448	0.852654	0.950993	1.06356	1.15316	1.2046	1.20705	1.1477	1.04466	0.923485	0.791752	0.643295	0.481816	0.337947	0.232687	0.15824	0.109138	0.0856478	0.0822482	0.0908527	0.0936011	0.0725696	0.0343641	-0.00625083	-0.0506711	-0.0982162	-0.131361	-0.136575	-0.121294	-0.105688	-0.105688	
-0.157862	-0.287493	-0.403818	-0.502709	-0.569079	-0.594418	-0.56335	-0.478863	-0.360818	-0.220213	-0.0734522	0.0799045	0.226781	0.351944	0.439217	0.476294	0.478121	0.459082	0.450372	0.477204	0.544493	0.658704	0.795003	0.923697	1.02517	1.06639	1.04466	0.98474	0.898739	0.793095	0.67045	0.539098	0.418183	0.315753	0.236925	0.191153	0.171422	0.163976	0.16356	0.160912	0.145802	0.116335	0.0700324	0.00776017	-0.0557412	-0.102501	-0.121873	-0.113628	-0.0965318	-0.0965318	
-0.237137	-0.355859	-0.458435	-0.537168	-0.581013	-0.579272	-0.52179	-0.425477	-0.303337	-0.171941	-0.0375011	0.0969402	0.214394	0.301486	0.338365	0.327432	0.28226	0.225403	0.193738	0.202927	0.268574	0.389613	0.53836	0.695693	0.826325	0.900416	0.923485	0.898739	0.834467	0.7496	0.650959	0.547393	0.446903	0.351457	0.279233	0.244824	0.234596	0.231766	0.231043	0.230579	0.227968	0.209826	0.159014	0.083644	0.00999576	-0.0481098	-0.0848393	-0.0931392	-0.0845774	-0.0845774	
-0.306025	-0.407258	-0.488503	-0.540471	-0.554216	-0.516098	-0.431473	-0.317078	-0.187974	-0.0586492	0.0702407	0.185612	0.272844	0.313581	0.296795	0.233659	0.140352	0.0516832	-0.00511854	-0.0135983	0.0420191	0.150065	0.297455	0.464587	0.613771	0.727702	0.791752	0.793095	0.7496	0.680402	0.5987	0.517882	0.431558	0.342242	0.279801	0.256598	0.257291	0.266554	0.276756	0.290079	0.306216	0.301354	0.253398	0.177318	0.101373	0.0343301	-0.0203716	-0.0521861	-0.0617269	-0.0617269	
-0.372523	-0.450731	-0.503429	-0.522505	-0.49611	-0.419163	-0.306265	-0.173506	-0.0389409	0.0917041	0.212154	0.307171	0.361739	0.357722	0.296857	0.191674	0.0665624	-0.0463165	-0.128436	-0.159171	-0.131269	-0.0490604	0.0850863	0.247224	0.411636	0.55485	0.643295	0.67045	0.650959	0.5987	0.536062	0.467419	0.38227	0.300202	0.248209	0.227178	0.231534	0.254695	0.285974	0.323809	0.361505	0.372825	0.342359	0.283876	0.215278	0.143247	0.0736904	0.0172247	-0.0148502	-0.0148502	
-0.431902	-0.481012	-0.50053	-0.481061	-0.412822	-0.302549	-0.166972	-0.0244379	0.113171	0.242991	0.353263	0.430071	0.454629	0.416785	0.323641	0.19027	0.045398	-0.087504	-0.188904	-0.241003	-0.240014	-0.181303	-0.0706818	0.0735363	0.233864	0.378542	0.481816	0.539098	0.547393	0.517882	0.467419	0.39595	0.315917	0.25017	0.19896	0.164236	0.163684	0.198058	0.252584	0.316321	0.373659	0.40724	0.412673	0.390551	0.340915	0.272152	0.19583	0.121811	0.0715758	0.0715758	
-0.48857	-0.509138	-0.495118	-0.436002	-0.330334	-0.191853	-0.0390582	0.111869	0.255736	0.385359	0.487278	0.544347	0.539108	0.470714	0.349448	0.197626	0.0424276	-0.0966285	-0.200914	-0.261821	-0.276134	-0.241119	-0.163379	-0.0494661	0.0862731	0.220693	0.337947	0.418183	0.446903	0.431558	0.38227	0.315917	0.256282	0.199614	0.134818	0.0847426	0.0768133	0.111988	0.178775	0.258664	0.331816	0.395535	0.450285	0.477205	0.460456	0.409648	0.34045	0.264777	0.210148	0.210148	
-0.54553	-0.539834	-0.491835	-0.394862	-0.256672	-0.0952218	0.0706622	0.230724	0.379797	0.506522	0.595238	0.626692	0.591836	0.496784	0.358181	0.202435	0.051356	-0.0784407	-0.176059	-0.239552	-0.266203	-0.255441	-0.207394	-0.122685	-0.0111592	0.114274	0.232687	0.315753	0.351457	0.342242	0.300202	0.25017	0.199614	0.134964	0.0636666	0.011157	-0.00845503	0.0131052	0.0751279	0.156207	0.241737	0.339372	0.443635	0.522572	0.553418	0.540397	0.497803	0.443249	0.403691	0.403691	
-0.574939	-0.544303	-0.465234	-0.33905	-0.180667	-0.00984632	0.158993	0.320011	0.465427	0.581651	0.650421	0.656648	0.599803	0.491081	0.352087	0.205949	0.0690518	-0.0466207	-0.137027	-0.200951	-0.235891	-0.240217	-0.210735	-0.147578	-0.0555597	0.0539913	0.15824	0.236925	0.279233	0.279801	0.248209	0.19896	0.134818	0.0636666	0.000446394	-0.0517962	-0.0866733	-0.0846523	-0.0421275	0.0275034	0.123393	0.249536	0.389309	0.514192	0.603291	0.647719	0.654685	0.645905	0.639299	0.639299	
-0.555343	-0.50111	-0.397549	-0.254748	-0.0917533	0.0743253	0.235392	0.386595	0.51781	0.613074	0.654903	0.635866	0.561724	0.448678	0.318811	0.189867	0.0741795	-0.0219889	-0.0981915	-0.153709	-0.187788	-0.19872	-0.183471	-0.140375	-0.0705259	0.0172289	0.109138	0.191153	0.244824	0.256598	0.227178	0.164236	0.0847426	0.011157	-0.0517962	-0.110349	-0.155811	-0.174099	-0.159578	-0.103485	0.00096569	0.14083	0.296195	0.455883	0.603973	0.71833	0.795884	0.851564	0.886574	0.886574	
-0.493053	-0.414565	-0.291238	-0.140387	0.0187021	0.174448	0.322362	0.455825	0.561828	0.623334	0.628395	0.577904	0.484309	0.368087	0.249179	0.141398	0.0524584	-0.0170905	-0.06969	-0.107691	-0.133125	-0.145274	-0.141025	-0.116278	-0.0686622	0.000469644	0.0856478	0.171422	0.234596	0.257291	0.231534	0.163684	0.0768133	-0.00845503	-0.0866733	-0.155811	-0.213368	-0.255954	-0.264935	-0.215588	-0.110376	0.0262538	0.184244	0.367105	0.563084	0.747483	0.905661	1.03005	1.10264	1.10264	
-0.400306	-0.298744	-0.160943	-0.00780249	0.144886	0.290283	0.42352	0.534304	0.606851	0.626624	0.589721	0.505164	0.391769	0.271492	0.161602	0.0726008	0.00741693	-0.0369993	-0.0655115	-0.0836359	-0.0954399	-0.101543	-0.0994747	-0.0844141	-0.0506905	0.00592795	0.0822482	0.163976	0.231766	0.266554	0.254695	0.198058	0.111988	0.0131052	-0.0846523	-0.174099	-0.255954	-0.320482	-0.340438	-0.299535	-0.208906	-0.0833875	0.076596	0.273136	0.499543	0.740454	0.968704	1.14695	1.24346	1.24346	
-0.282572	-0.1647	-0.0210748	0.128589	0.273449	0.4082	0.524553	0.608096	0.642824	0.620216	0.544812	0.432695	0.30601	0.185093	0.0838261	0.00863088	-0.0412031	-0.0702021	-0.0843556	-0.0897416	-0.090192	-0.0867219	-0.0777553	-0.0592676	-0.0260157	0.0249969	0.0908527	0.16356	0.231043	0.276756	0.285974	0.252584	0.178775	0.0751279	-0.0421275	-0.159578	-0.264935	-0.340438	-0.371729	-0.356078	-0.292198	-0.175963	-0.0112455	0.192941	0.434899	0.706908	0.971162	1.17272	1.27693	1.27693	
-0.138776	-0.0162695	0.122274	0.261894	0.395212	0.514959	0.60825	0.658601	0.653845	0.593546	0.489931	0.363407	0.235334	0.121861	0.0318836	-0.0328265	-0.0752545	-0.100089	-0.112259	-0.11537	-0.111041	-0.0996335	-0.080521	-0.0523287	-0.0138819	0.0348932	0.0936011	0.160912	0.230579	0.290079	0.323809	0.316321	0.258664	0.156207	0.0275034	-0.103485	-0.215588	-0.299535	-0.356078	-0.377559	-0.342418	-0.237946	-0.0741019	0.134307	0.380855	0.65028	0.903178	1.09281	1.1912	1.1912	
0.0253225	0.137064	0.258908	0.381615	0.498205	0.597124	0.661761	0.676898	0.636872	0.548952	0.430397	0.301973	0.181249	0.0791841	-0.000120472	-0.0577444	-0.0970174	-0.121613	-0.134502	-0.137364	-0.131255	-0.117159	-0.0958087	-0.0675117	-0.0317456	0.0137516	0.0725696	0.145802	0.227968	0.306216	0.361505	0.373659	0.331816	0.241737	0.123393	0.00096569	-0.110376	-0.208906	-0.292198	-0.342418	-0.334566	-0.25517	-0.106787	0.0966308	0.330193	0.561715	0.762758	0.91292	0.99466	0.99466	
0.204747	0.2928	0.389384	0.489208	0.582737	0.653833	0.684777	0.664712	0.595128	0.489017	0.365351	0.242373	0.133019	0.0437522	-0.0243949	-0.0734986	-0.106685	-0.127147	-0.137574	-0.140242	-0.137234	-0.129925	-0.118303	-0.100513	-0.0725241	-0.0288904	0.0343641	0.116335	0.209826	0.301354	0.372825	0.40724	0.395535	0.339372	0.249536	0.14083	0.0262538	-0.0833875	-0.175963	-0.237946	-0.25517	-0.211499	-0.0969104	0.0742331	0.261728	0.427207	0.557673	0.6544	0.709699	0.709699	
0.413789	0.473249	0.539278	0.607583	0.665253	0.69433	0.68039	0.619875	0.521544	0.40225	0.280341	0.170151	0.0796393	0.0107461	-0.0387062	-0.0727647	-0.095839	-0.111795	-0.123496	-0.132749	-0.140048	-0.144285	-0.142852	-0.131984	-0.10744	-0.0658857	-0.00625083	0.0700324	0.159014	0.253398	0.342359	0.412673	0.450285	0.443635	0.389309	0.296195	0.184244	0.076596	-0.0112455	-0.0741019	-0.106787	-0.0969104	-0.0369279	0.0590624	0.160433	0.243286	0.302772	0.34334	0.365393	0.365393	
0.650036	0.68221	0.71373	0.739825	0.746833	0.720124	0.652922	0.550278	0.42675	0.300373	0.186587	0.0946867	0.0272897	-0.0181989	-0.0472653	-0.0661848	-0.0805294	-0.0941792	-0.108932	-0.124506	-0.138819	-0.148773	-0.151223	-0.143716	-0.124884	-0.0941677	-0.0506711	0.00776017	0.083644	0.177318	0.283876	0.390551	0.477205	0.522572	0.514192	0.455883	0.367105	0.273136	0.192941	0.134307	0.0966308	0.0742331	0.0590624	0.0457636	0.0344332	0.0257081	0.0160808	0.00308843	-0.00767547	-0.00767547	
0.874134	0.884709	0.88156	0.860634	0.81236	0.730218	0.616664	0.483275	0.346285	0.22092	0.11738	0.0395991	-0.0137983	-0.0474812	-0.0673609	-0.0791064	-0.0872352	-0.0947235	-0.103018	-0.112231	-0.121557	-0.129781	-0.135599	-0.137651	-0.134216	-0.122529	-0.0982162	-0.0557412	0.00999576	0.101373	0.215278	0.340915	0.460456	0.553418	0.603291	0.603973	0.563084	0.499543	0.434899	0.380855	0.330193	0.261728	0.160433	0.0344332	-0.0912334	-0.197193	-0.280693	-0.343978	-0.380677	-0.380677	
1.06474	1.06154	1.02596	0.957614	0.856019	0.7258	0.57806	0.427593	0.288394	0.170108	0.0767895	0.00774947	-0.0405484	-0.0725671	-0.0924162	-0.103337	-0.10777	-0.107757	-0.105339	-0.102735	-0.10222	-0.105616	-0.113539	-0.124693	-0.135462	-0.140043	-0.131361	-0.102501	-0.0481098	0.0343301	0.143247	0.272152	0.409648	0.540397	0.647719	0.71833	0.747483	0.740454	0.706908	0.65028	0.561715	0.427207	0.243286	0.0257081	-0.197193	-0.398238	-0.559366	-0.670899	-0.727837	-0.727837	
1.23224	1.22054	1.15315	1.03634	0.882017	0.707196	0.53065	0.368597	0.231555	0.123494	0.0430149	-0.0144161	-0.0542573	-0.0813337	-0.0991395	-0.109845	-0.114752	-0.114923	-0.111699	-0.106985	-0.103145	-0.102506	-0.106603	-0.115383	-0.126609	-0.135769	-0.136575	-0.121873	-0.0848393	-0.0203716	0.0736904	0.19583	0.34045	0.497803	0.654685	0.795884	0.905661	0.968704	0.971162	0.903178	0.762758	0.557673	0.302772	0.0160808	-0.280693	-0.559366	-0.788918	-0.946585	-1.02472	-1.02472	
1.36796	1.35046	1.25505	1.09544	0.895534	0.683102	0.48282	0.311485	0.176625	0.0779478	0.0101922	-0.0339623	-0.0617464	-0.0791217	-0.0903912	-0.0982954	-0.104337	-0.10916	-0.112909	-0.115559	-0.11716	-0.117996	-0.118594	-0.11953	-0.121017	-0.12235	-0.121294	-0.113628	-0.0931392	-0.0521861	0.0172247	0.121811	0.264777	0.443249	0.645905	0.851564	1.03005	1.14695	1.17272	1.09281	0.91292	0.6544	0.34334	0.00308843	-0.343978	-0.670899	-0.946585	-1.14367	-1.24542	-1.24542	
1.4431	1.42269	1.31108	1.12684	0.901149	0.667884	0.454723	0.278431	0.144689	0.0508915	-0.0101298	-0.0469319	-0.067468	-0.0782094	-0.0840013	-0.0882449	-0.0931164	-0.0997027	-0.108069	-0.117343	-0.125938	-0.131978	-0.133902	-0.131081	-0.124199	-0.115073	-0.105688	-0.0965318	-0.0845774	-0.0617269	-0.0148502	0.0715758	0.210148	0.403691	0.639299	0.886574	1.10264	1.24346	1.27693	1.1912	0.99466	0.709699	0.365393	-0.00767547	-0.380677	-0.727837	-1.02472	-1.24542	-1.3643	-1.3643	
1.4431	1.42269	1.31108	1.12684	0.901149	0.667884	0.454723	0.278431	0.144689	0.0508915	-0.0101298	-0.0469319	-0.067468	-0.0782094	-0.0840013	-0.0882449	-0.0931164	-0.0997027	-0.108069	-0.117343	-0.125938	-0.131978	-0.133902	-0.131081	-0.124199	-0.115073	-0.105688	-0.0965318	-0.0845774	-0.0617269	-0.0148502	0.0715758	0.210148	0.403691	0.639299	0.886574	1.10264	1.24346	1.27693	1.1912	0.99466	0.709699	0.365393	-0.00767547	-0.380677	-0.727837	-1.02472	-1.24542	-1.3643	-1.3643	
