0.0665673	0.0942235	0.139116	0.196104	0.26377	0.335785	0.390742	0.415488	0.393631	0.317527	0.194927	0.052885	-0.0985288	-0.264027	-0.451317	-0.660777	-0.872161	-1.04815	-1.15854	-1.21182	-1.22846	-1.2038	-1.10936	-0.953863	-0.776722	-0.602519	-0.446216	-0.300254	-0.153743	-0.00793804	0.120983	0.206736	0.252734	0.275235	0.285368	0.305462	0.355051	0.44089	0.56532	0.724592	0.889067	1.01898	1.09955	1.12185	1.08556	1.01817	0.942573	0.876671	0.842093	0.842093	
0.0942235	0.106883	0.134435	0.168903	0.219316	0.288114	0.36436	0.43148	0.455801	0.421397	0.327485	0.20042	0.0496259	-0.127231	-0.325747	-0.540875	-0.756991	-0.942821	-1.06965	-1.13721	-1.15566	-1.12191	-1.0223	-0.871105	-0.698073	-0.526021	-0.368896	-0.222548	-0.09088	0.0225714	0.107527	0.139525	0.127612	0.101897	0.0880327	0.110181	0.177081	0.281449	0.41898	0.589435	0.765508	0.90855	1.01075	1.06977	1.08151	1.05671	1.00315	0.941925	0.906847	0.906847	
0.139116	0.134435	0.132113	0.133606	0.161081	0.223956	0.314409	0.407189	0.468789	0.47182	0.409303	0.301064	0.15148	-0.0277989	-0.224832	-0.431959	-0.637839	-0.820758	-0.954594	-1.02802	-1.04256	-1.0001	-0.894196	-0.745166	-0.581138	-0.41487	-0.256617	-0.114066	-0.00165726	0.076644	0.111414	0.0865246	0.0235864	-0.0386362	-0.0688306	-0.0436437	0.0400975	0.1646	0.313405	0.484708	0.659485	0.806854	0.920299	0.996179	1.02937	1.02304	0.976028	0.911719	0.872611	0.872611	
0.196104	0.168903	0.133606	0.104755	0.114971	0.17072	0.260223	0.365248	0.451124	0.485154	0.450104	0.355439	0.211771	0.0373133	-0.151766	-0.345171	-0.535767	-0.705493	-0.829049	-0.893981	-0.900737	-0.848627	-0.739202	-0.596569	-0.438894	-0.280998	-0.133451	-0.000196727	0.0952537	0.140267	0.129075	0.0603982	-0.0332316	-0.11485	-0.158865	-0.142334	-0.056111	0.0808834	0.240242	0.412376	0.582012	0.725124	0.833863	0.900852	0.923883	0.909489	0.857987	0.793661	0.75631	0.75631	
0.26377	0.219316	0.161081	0.114971	0.112287	0.148153	0.221219	0.318002	0.411272	0.459349	0.436421	0.354704	0.225264	0.0694939	-0.0994679	-0.273545	-0.441848	-0.584275	-0.683532	-0.732418	-0.730215	-0.679719	-0.580712	-0.44719	-0.298848	-0.155068	-0.0219301	0.0944745	0.171573	0.20025	0.169185	0.0776777	-0.0354869	-0.128403	-0.177265	-0.170055	-0.0973103	0.0352084	0.200251	0.373356	0.52967	0.649301	0.729874	0.76884	0.769348	0.738396	0.676682	0.609114	0.571685	0.571685	
0.335785	0.288114	0.223956	0.17072	0.148153	0.154395	0.195165	0.269479	0.351635	0.393261	0.375946	0.310241	0.209242	0.08765	-0.0528066	-0.201364	-0.339734	-0.448504	-0.517961	-0.54684	-0.542321	-0.503161	-0.423232	-0.312362	-0.179813	-0.0490106	0.0642494	0.158556	0.222033	0.245206	0.209565	0.114038	0.000726444	-0.0857828	-0.126847	-0.121251	-0.0609302	0.0538348	0.19857	0.347144	0.472761	0.556045	0.596988	0.601454	0.579222	0.533116	0.460294	0.385407	0.343358	0.343358	
0.390742	0.36436	0.314409	0.260223	0.221219	0.195165	0.200758	0.241016	0.291823	0.313847	0.294768	0.248235	0.182496	0.0992424	-0.00610249	-0.120828	-0.223939	-0.296785	-0.33796	-0.354786	-0.35012	-0.321444	-0.267069	-0.181772	-0.0689482	0.0393562	0.128371	0.19482	0.232821	0.245842	0.219061	0.148182	0.0626348	-0.000388362	-0.0192867	-0.000436668	0.049822	0.130588	0.227741	0.322048	0.394475	0.433858	0.438836	0.41401	0.370731	0.309561	0.227817	0.149094	0.104336	0.104336	
0.415488	0.43148	0.407189	0.365248	0.318002	0.269479	0.241016	0.237856	0.249609	0.244838	0.223892	0.195212	0.159667	0.113128	0.0464462	-0.028831	-0.092015	-0.131205	-0.154312	-0.161903	-0.153184	-0.130067	-0.0927353	-0.0379116	0.0357619	0.107212	0.160499	0.19078	0.205066	0.213315	0.202893	0.169106	0.129163	0.110243	0.124028	0.152777	0.189363	0.235457	0.276132	0.298244	0.302317	0.292204	0.264167	0.218201	0.161816	0.0901124	0.00224701	-0.0780292	-0.124369	-0.124369	
0.393631	0.455801	0.468789	0.451124	0.411272	0.351635	0.291823	0.249609	0.22329	0.197028	0.174478	0.156069	0.144299	0.132819	0.111276	0.0872455	0.0710858	0.0619261	0.0520903	0.0462504	0.053099	0.0736358	0.0899787	0.104025	0.128859	0.149813	0.161347	0.163796	0.163363	0.168616	0.172349	0.176973	0.18974	0.217072	0.258307	0.294239	0.315839	0.325503	0.315478	0.275682	0.21359	0.148711	0.0869714	0.0281219	-0.0302749	-0.104051	-0.194294	-0.277512	-0.328536	-0.328536	
0.317527	0.421397	0.47182	0.485154	0.459349	0.393261	0.313847	0.244838	0.197028	0.161642	0.140598	0.132806	0.144702	0.172314	0.204962	0.238605	0.268637	0.286649	0.281611	0.268503	0.270817	0.281992	0.274991	0.250052	0.217635	0.18115	0.149618	0.124541	0.116702	0.128	0.1481	0.18134	0.22654	0.285372	0.351286	0.391563	0.393754	0.371377	0.323239	0.23675	0.125921	0.021366	-0.0673552	-0.138353	-0.197043	-0.266692	-0.35108	-0.430779	-0.483055	-0.483055	
0.194927	0.327485	0.409303	0.450104	0.436421	0.375946	0.294768	0.223892	0.174478	0.140598	0.125672	0.12828	0.162627	0.228156	0.311614	0.397476	0.473006	0.518548	0.523169	0.510653	0.505179	0.502082	0.46929	0.39981	0.312096	0.222846	0.147832	0.0982385	0.0860552	0.100928	0.127766	0.170766	0.229913	0.304428	0.378308	0.417496	0.408554	0.361266	0.282344	0.169208	0.0365422	-0.0882874	-0.193779	-0.272791	-0.331528	-0.393665	-0.460723	-0.521022	-0.562758	-0.562758	
0.052885	0.20042	0.301064	0.355439	0.354704	0.310241	0.248235	0.195212	0.156069	0.132806	0.12828	0.144435	0.200414	0.295496	0.415895	0.543102	0.656646	0.731889	0.757746	0.751697	0.741986	0.723732	0.662527	0.55873	0.430548	0.300432	0.190606	0.113442	0.0830288	0.0856657	0.105853	0.146873	0.200382	0.262098	0.32511	0.361532	0.348952	0.292513	0.20302	0.0773533	-0.0678994	-0.199348	-0.303681	-0.376544	-0.425828	-0.470003	-0.508291	-0.539649	-0.56467	-0.56467	
-0.0985288	0.0496259	0.15148	0.211771	0.225264	0.209242	0.182496	0.159667	0.144299	0.144702	0.162627	0.200414	0.273477	0.380977	0.516809	0.662927	0.801106	0.905748	0.957279	0.968942	0.962565	0.929604	0.848192	0.720904	0.566815	0.416644	0.28596	0.18534	0.128636	0.100259	0.092068	0.1052	0.129566	0.165409	0.205941	0.229506	0.218239	0.167501	0.0784887	-0.0485215	-0.191283	-0.316297	-0.406213	-0.453768	-0.472028	-0.482505	-0.486891	-0.490758	-0.500291	-0.500291	
-0.264027	-0.127231	-0.0277989	0.0373133	0.0694939	0.08765	0.0992424	0.113128	0.132819	0.172314	0.228156	0.295496	0.380977	0.489032	0.621608	0.769956	0.921699	1.04563	1.12151	1.15151	1.14586	1.10137	1.00536	0.865571	0.706269	0.55667	0.423976	0.311234	0.223347	0.148092	0.0891026	0.0560162	0.0441563	0.0439238	0.045531	0.043892	0.0243121	-0.0257201	-0.104381	-0.211932	-0.333736	-0.436159	-0.492337	-0.497068	-0.472711	-0.441441	-0.40806	-0.384659	-0.379335	-0.379335	
-0.451317	-0.325747	-0.224832	-0.151766	-0.0994679	-0.0528066	-0.00610249	0.0464462	0.111276	0.204962	0.311614	0.415895	0.516809	0.621608	0.744062	0.886291	1.03549	1.16453	1.25236	1.29064	1.28521	1.23206	1.12943	0.990131	0.836302	0.696713	0.571959	0.456972	0.345432	0.224997	0.112399	0.0251297	-0.0386414	-0.0880557	-0.130833	-0.167692	-0.209377	-0.266155	-0.336881	-0.419113	-0.498643	-0.550691	-0.55492	-0.510654	-0.440494	-0.363222	-0.289038	-0.235253	-0.211228	-0.211228	
-0.660777	-0.540875	-0.431959	-0.345171	-0.273545	-0.201364	-0.120828	-0.028831	0.0872455	0.238605	0.397476	0.543102	0.662927	0.769956	0.886291	1.01605	1.1511	1.26817	1.34925	1.38683	1.37789	1.31992	1.22256	1.09474	0.955365	0.830183	0.716766	0.604246	0.472397	0.312477	0.147585	-0.00124496	-0.11957	-0.213647	-0.299403	-0.373183	-0.440362	-0.514203	-0.588362	-0.646686	-0.678696	-0.673561	-0.615384	-0.510104	-0.385984	-0.259603	-0.143536	-0.0569565	-0.0112987	-0.0112987	
-0.872161	-0.756991	-0.637839	-0.535767	-0.441848	-0.339734	-0.223939	-0.092015	0.0710858	0.268637	0.473006	0.656646	0.801106	0.921699	1.03549	1.1511	1.26022	1.34641	1.40715	1.43529	1.42275	1.37248	1.29651	1.19572	1.08091	0.968519	0.855287	0.730465	0.571276	0.374313	0.164692	-0.0298663	-0.188801	-0.323407	-0.446472	-0.548779	-0.637511	-0.727699	-0.810944	-0.862849	-0.866203	-0.810121	-0.686742	-0.516269	-0.331063	-0.146631	0.0167076	0.137133	0.203811	0.203811	
-1.04815	-0.942821	-0.820758	-0.705493	-0.584275	-0.448504	-0.296785	-0.131205	0.0619261	0.286649	0.518548	0.731889	0.905748	1.04563	1.16453	1.26817	1.34641	1.39957	1.43708	1.45503	1.4456	1.41169	1.36394	1.29628	1.20585	1.09484	0.966416	0.816702	0.62401	0.396661	0.162946	-0.0561175	-0.243126	-0.40606	-0.554663	-0.681592	-0.79051	-0.895484	-0.990413	-1.04173	-1.0254	-0.934743	-0.766807	-0.543382	-0.296451	-0.0484434	0.168549	0.330141	0.422682	0.422682	
-1.15854	-1.06965	-0.954594	-0.829049	-0.683532	-0.517961	-0.33796	-0.154312	0.0520903	0.281611	0.523169	0.757746	0.957279	1.12151	1.25236	1.34925	1.40715	1.43708	1.45791	1.47179	1.46679	1.44534	1.41981	1.37743	1.3008	1.18422	1.03669	0.856209	0.633747	0.39209	0.151588	-0.0731376	-0.267595	-0.445969	-0.61935	-0.776228	-0.909157	-1.02478	-1.11902	-1.16256	-1.134	-1.0253	-0.833288	-0.57885	-0.288066	0.0152644	0.289167	0.499742	0.622	0.622	
-1.21182	-1.13721	-1.02802	-0.893981	-0.732418	-0.54684	-0.354786	-0.161903	0.0462504	0.268503	0.510653	0.751697	0.968942	1.15151	1.29064	1.38683	1.43529	1.45503	1.47179	1.48566	1.48118	1.46539	1.44845	1.41562	1.34669	1.22627	1.06243	0.861064	0.625369	0.380457	0.144166	-0.0716974	-0.267267	-0.459683	-0.651451	-0.829812	-0.980834	-1.10339	-1.19612	-1.23383	-1.19362	-1.06992	-0.867891	-0.602872	-0.287403	0.0531194	0.368477	0.616793	0.761436	0.761436	
-1.22846	-1.15566	-1.04256	-0.900737	-0.730215	-0.542321	-0.35012	-0.153184	0.053099	0.270817	0.505179	0.741986	0.962565	1.14586	1.28521	1.37789	1.42275	1.4456	1.46679	1.48118	1.47652	1.45826	1.43445	1.40265	1.33827	1.21832	1.05539	0.85233	0.616225	0.376863	0.148712	-0.0635479	-0.264391	-0.459928	-0.649184	-0.831251	-0.993641	-1.12579	-1.22103	-1.2567	-1.2108	-1.07817	-0.868836	-0.596111	-0.270356	0.0786607	0.403346	0.661772	0.810686	0.810686	
-1.2038	-1.12191	-1.0001	-0.848627	-0.679719	-0.503161	-0.321444	-0.130067	0.0736358	0.281992	0.502082	0.723732	0.929604	1.10137	1.23206	1.31992	1.37248	1.41169	1.44534	1.46539	1.45826	1.42581	1.38474	1.34063	1.27118	1.16208	1.0143	0.822258	0.603814	0.380237	0.159115	-0.0499807	-0.249363	-0.43752	-0.61443	-0.789849	-0.953622	-1.08961	-1.18893	-1.2307	-1.18615	-1.0467	-0.832852	-0.562369	-0.245607	0.0870245	0.395289	0.639173	0.775183	0.775183	
-1.10936	-1.0223	-0.894196	-0.739202	-0.580712	-0.423232	-0.267069	-0.0927353	0.0899787	0.274991	0.46929	0.662527	0.848192	1.00536	1.12943	1.22256	1.29651	1.36394	1.41981	1.44845	1.43445	1.38474	1.31604	1.24276	1.16226	1.0599	0.923767	0.753736	0.565333	0.366933	0.170107	-0.0183907	-0.206562	-0.384322	-0.547167	-0.709277	-0.86847	-1.00765	-1.10805	-1.14767	-1.10236	-0.96948	-0.772645	-0.524598	-0.235446	0.0648454	0.346267	0.57049	0.692113	0.692113	
-0.953863	-0.871105	-0.745166	-0.596569	-0.44719	-0.312362	-0.181772	-0.0379116	0.104025	0.250052	0.39981	0.55873	0.720904	0.865571	0.990131	1.09474	1.19572	1.29628	1.37743	1.41562	1.40265	1.34063	1.24276	1.13931	1.0361	0.924167	0.793107	0.640106	0.48025	0.321532	0.169551	0.0183477	-0.141759	-0.295483	-0.438617	-0.588834	-0.746243	-0.883209	-0.973132	-1.00653	-0.971479	-0.865384	-0.705296	-0.497856	-0.251287	0.0123909	0.27157	0.482066	0.593605	0.593605	
-0.776722	-0.698073	-0.581138	-0.438894	-0.298848	-0.179813	-0.0689482	0.0357619	0.128859	0.217635	0.312096	0.430548	0.566815	0.706269	0.836302	0.955365	1.08091	1.20585	1.3008	1.34669	1.33827	1.27118	1.16226	1.0361	0.908313	0.785057	0.645973	0.495911	0.36065	0.242563	0.141744	0.0441814	-0.0651559	-0.179318	-0.299884	-0.435548	-0.579766	-0.706927	-0.793664	-0.833898	-0.821831	-0.757521	-0.647011	-0.485699	-0.278963	-0.044595	0.195361	0.391232	0.493712	0.493712	
-0.602519	-0.526021	-0.41487	-0.280998	-0.155068	-0.0490106	0.0393562	0.107212	0.149813	0.18115	0.222846	0.300432	0.416644	0.55667	0.696713	0.830183	0.968519	1.09484	1.18422	1.22627	1.21832	1.16208	1.0599	0.924167	0.785057	0.64487	0.489018	0.342763	0.228575	0.1513	0.108216	0.0699456	0.0153827	-0.0589245	-0.152343	-0.25981	-0.382625	-0.505862	-0.599615	-0.655149	-0.676862	-0.661378	-0.594614	-0.467823	-0.292522	-0.0844317	0.13286	0.310217	0.40444	0.40444	
-0.446216	-0.368896	-0.256617	-0.133451	-0.0219301	0.0642494	0.128371	0.160499	0.161347	0.149618	0.147832	0.190606	0.28596	0.423976	0.571959	0.716766	0.855287	0.966416	1.03669	1.06243	1.05539	1.0143	0.923767	0.793107	0.645973	0.489018	0.331807	0.200549	0.115455	0.0865968	0.0943664	0.10204	0.0925717	0.0561804	-0.00628754	-0.0903628	-0.201667	-0.323888	-0.42684	-0.501114	-0.549077	-0.562143	-0.521744	-0.424063	-0.278904	-0.095743	0.0966952	0.252889	0.3393	0.3393	
-0.300254	-0.222548	-0.114066	-0.000196727	0.0944745	0.158556	0.19482	0.19078	0.163796	0.124541	0.0982385	0.113442	0.18534	0.311234	0.456972	0.604246	0.730465	0.816702	0.856209	0.861064	0.85233	0.822258	0.753736	0.640106	0.495911	0.342763	0.200549	0.0949621	0.0461539	0.0560304	0.0954545	0.135193	0.162903	0.158728	0.113758	0.0358091	-0.0701387	-0.192241	-0.304067	-0.383367	-0.431864	-0.450986	-0.423999	-0.346091	-0.22285	-0.0633541	0.0996388	0.231872	0.310487	0.310487	
-0.153743	-0.09088	-0.00165726	0.0952537	0.171573	0.222033	0.232821	0.205066	0.163363	0.116702	0.0860552	0.0830288	0.128636	0.223347	0.345432	0.472397	0.571276	0.62401	0.633747	0.625369	0.616225	0.603814	0.565333	0.48025	0.36065	0.228575	0.115455	0.0461539	0.0279299	0.0570875	0.106289	0.1584	0.203666	0.212614	0.174344	0.101004	-0.000359855	-0.118239	-0.222873	-0.291368	-0.330334	-0.340808	-0.307604	-0.231143	-0.116533	0.0243357	0.1572	0.26121	0.3259	0.3259	
-0.00793804	0.0225714	0.076644	0.140267	0.20025	0.245206	0.245842	0.213315	0.168616	0.128	0.100928	0.0856657	0.100259	0.148092	0.224997	0.312477	0.374313	0.396661	0.39209	0.380457	0.376863	0.380237	0.366933	0.321532	0.242563	0.1513	0.0865968	0.0560304	0.0570875	0.0833889	0.11641	0.15637	0.193205	0.199895	0.165319	0.0919785	-0.00207072	-0.0941822	-0.170542	-0.220884	-0.241143	-0.227245	-0.175197	-0.086567	0.0354026	0.167665	0.274851	0.350044	0.395588	0.395588	
0.120983	0.107527	0.111414	0.129075	0.169185	0.209565	0.219061	0.202893	0.172349	0.1481	0.127766	0.105853	0.092068	0.0891026	0.112399	0.147585	0.164692	0.162946	0.151588	0.144166	0.148712	0.159115	0.170107	0.169551	0.141744	0.108216	0.0943664	0.0954545	0.106289	0.11641	0.123573	0.136588	0.1443	0.129997	0.0798662	0.000569725	-0.0702214	-0.1172	-0.15114	-0.166935	-0.151338	-0.101199	-0.0191929	0.0936755	0.226522	0.348599	0.437835	0.496964	0.529166	0.529166	
0.206736	0.139525	0.0865246	0.0603982	0.0776777	0.114038	0.148182	0.169106	0.176973	0.18134	0.170766	0.146873	0.1052	0.0560162	0.0251297	-0.00124496	-0.0298663	-0.0561175	-0.0731376	-0.0716974	-0.0635479	-0.0499807	-0.0183907	0.0183477	0.0441814	0.0699456	0.10204	0.135193	0.1584	0.15637	0.136588	0.107942	0.0639149	0.0038596	-0.0711466	-0.143776	-0.183222	-0.185789	-0.166705	-0.127697	-0.0565838	0.048433	0.17346	0.309307	0.442941	0.553507	0.63604	0.69053	0.714064	0.714064	
0.252734	0.127612	0.0235864	-0.0332316	-0.0354869	0.000726444	0.0626348	0.129163	0.18974	0.22654	0.229913	0.200382	0.129566	0.0441563	-0.0386414	-0.11957	-0.188801	-0.243126	-0.267595	-0.267267	-0.264391	-0.249363	-0.206562	-0.141759	-0.0651559	0.0153827	0.0925717	0.162903	0.203666	0.193205	0.1443	0.0639149	-0.0437111	-0.152212	-0.243786	-0.307884	-0.324688	-0.284256	-0.200242	-0.0879521	0.0540511	0.217459	0.38151	0.538677	0.67746	0.783985	0.862588	0.910465	0.924808	0.924808	
0.275235	0.101897	-0.0386362	-0.11485	-0.128403	-0.0857828	-0.000388362	0.110243	0.217072	0.285372	0.304428	0.262098	0.165409	0.0439238	-0.0880557	-0.213647	-0.323407	-0.40606	-0.445969	-0.459683	-0.459928	-0.43752	-0.384322	-0.295483	-0.179318	-0.0589245	0.0561804	0.158728	0.212614	0.199895	0.129997	0.0038596	-0.152212	-0.295044	-0.405178	-0.466359	-0.45726	-0.369685	-0.218892	-0.0328939	0.16985	0.377825	0.581309	0.768672	0.918778	1.02501	1.09893	1.13839	1.14602	1.14602	
0.285368	0.0880327	-0.0688306	-0.158865	-0.177265	-0.126847	-0.0192867	0.124028	0.258307	0.351286	0.378308	0.32511	0.205941	0.045531	-0.130833	-0.299403	-0.446472	-0.554663	-0.61935	-0.651451	-0.649184	-0.61443	-0.547167	-0.438617	-0.299884	-0.152343	-0.00628754	0.113758	0.174344	0.165319	0.0798662	-0.0711466	-0.243786	-0.405178	-0.523939	-0.56499	-0.522505	-0.40023	-0.206778	0.0260847	0.270614	0.520494	0.766567	0.9814	1.14254	1.25345	1.32367	1.35648	1.36431	1.36431	
0.305462	0.110181	-0.0436437	-0.142334	-0.170055	-0.121251	-0.000436668	0.152777	0.294239	0.391563	0.417496	0.361532	0.229506	0.043892	-0.167692	-0.373183	-0.548779	-0.681592	-0.776228	-0.829812	-0.831251	-0.789849	-0.709277	-0.588834	-0.435548	-0.25981	-0.0903628	0.0358091	0.101004	0.0919785	0.000569725	-0.143776	-0.307884	-0.466359	-0.56499	-0.571322	-0.500631	-0.36067	-0.154438	0.094869	0.364374	0.644636	0.919465	1.15639	1.33459	1.45328	1.51628	1.54216	1.55384	1.55384	
0.355051	0.177081	0.0400975	-0.056111	-0.0973103	-0.0609302	0.049822	0.189363	0.315839	0.393754	0.408554	0.348952	0.218239	0.0243121	-0.209377	-0.440362	-0.637511	-0.79051	-0.909157	-0.980834	-0.993641	-0.953622	-0.86847	-0.746243	-0.579766	-0.382625	-0.201667	-0.0701387	-0.000359855	-0.00207072	-0.0702214	-0.183222	-0.324688	-0.45726	-0.522505	-0.500631	-0.406578	-0.253963	-0.0514155	0.193749	0.468534	0.757944	1.04207	1.28899	1.47731	1.59979	1.65639	1.67411	1.68309	1.68309	
0.44089	0.281449	0.1646	0.0808834	0.0352084	0.0538348	0.130588	0.235457	0.325503	0.371377	0.361266	0.292513	0.167501	-0.0257201	-0.266155	-0.514203	-0.727699	-0.895484	-1.02478	-1.10339	-1.12579	-1.08961	-1.00765	-0.883209	-0.706927	-0.505862	-0.323888	-0.192241	-0.118239	-0.0941822	-0.1172	-0.185789	-0.284256	-0.369685	-0.40023	-0.36067	-0.253963	-0.0999387	0.0901814	0.326444	0.602508	0.889041	1.15566	1.38097	1.55512	1.66766	1.71622	1.72893	1.73463	1.73463	
0.56532	0.41898	0.313405	0.240242	0.200251	0.19857	0.227741	0.276132	0.315478	0.323239	0.282344	0.20302	0.0784887	-0.104381	-0.336881	-0.588362	-0.810944	-0.990413	-1.11902	-1.19612	-1.22103	-1.18893	-1.10805	-0.973132	-0.793664	-0.599615	-0.42684	-0.304067	-0.222873	-0.170542	-0.15114	-0.166705	-0.200242	-0.218892	-0.206778	-0.154438	-0.0514155	0.0901814	0.267722	0.498388	0.768942	1.03447	1.26226	1.44437	1.57487	1.64694	1.67606	1.68956	1.69772	1.69772	
0.724592	0.589435	0.484708	0.412376	0.373356	0.347144	0.322048	0.298244	0.275682	0.23675	0.169208	0.0773533	-0.0485215	-0.211932	-0.419113	-0.646686	-0.862849	-1.04173	-1.16256	-1.23383	-1.2567	-1.2307	-1.14767	-1.00653	-0.833898	-0.655149	-0.501114	-0.383367	-0.291368	-0.220884	-0.166935	-0.127697	-0.0879521	-0.0328939	0.0260847	0.094869	0.193749	0.326444	0.498388	0.711056	0.94451	1.16718	1.35028	1.47571	1.53716	1.55306	1.55796	1.5605	1.55571	1.55571	
0.889067	0.765508	0.659485	0.582012	0.52967	0.472761	0.394475	0.302317	0.21359	0.125921	0.0365422	-0.0678994	-0.191283	-0.333736	-0.498643	-0.678696	-0.866203	-1.0254	-1.134	-1.19362	-1.2108	-1.18615	-1.10236	-0.971479	-0.821831	-0.676862	-0.549077	-0.431864	-0.330334	-0.241143	-0.151338	-0.0565838	0.0540511	0.16985	0.270614	0.364374	0.468534	0.602508	0.768942	0.94451	1.1182	1.27975	1.39629	1.44671	1.4428	1.41646	1.38993	1.35751	1.32518	1.32518	
1.01898	0.90855	0.806854	0.725124	0.649301	0.556045	0.433858	0.292204	0.148711	0.021366	-0.0882874	-0.199348	-0.316297	-0.436159	-0.550691	-0.673561	-0.810121	-0.934743	-1.0253	-1.06992	-1.07817	-1.0467	-0.96948	-0.865384	-0.757521	-0.661378	-0.562143	-0.450986	-0.340808	-0.227245	-0.101199	0.048433	0.217459	0.377825	0.520494	0.644636	0.757944	0.889041	1.03447	1.16718	1.27975	1.35843	1.38392	1.36212	1.31139	1.24518	1.17322	1.10698	1.06513	1.06513	
1.09955	1.01075	0.920299	0.833863	0.729874	0.596988	0.438836	0.264167	0.0869714	-0.0673552	-0.193779	-0.303681	-0.406213	-0.492337	-0.55492	-0.615384	-0.686742	-0.766807	-0.833288	-0.867891	-0.868836	-0.832852	-0.772645	-0.705296	-0.647011	-0.594614	-0.521744	-0.423999	-0.307604	-0.175197	-0.0191929	0.17346	0.38151	0.581309	0.766567	0.919465	1.04207	1.15566	1.26226	1.35028	1.39629	1.38392	1.32908	1.25022	1.15137	1.0392	0.930062	0.850582	0.815599	0.815599	
1.12185	1.06977	0.996179	0.900852	0.76884	0.601454	0.41401	0.218201	0.0281219	-0.138353	-0.272791	-0.376544	-0.453768	-0.497068	-0.510654	-0.510104	-0.516269	-0.543382	-0.57885	-0.602872	-0.596111	-0.562369	-0.524598	-0.497856	-0.485699	-0.467823	-0.424063	-0.346091	-0.231143	-0.086567	0.0936755	0.309307	0.538677	0.768672	0.9814	1.15639	1.28899	1.38097	1.44437	1.47571	1.44671	1.36212	1.25022	1.11643	0.968507	0.825892	0.702909	0.62045	0.587746	0.587746	
1.08556	1.08151	1.02937	0.923883	0.769348	0.579222	0.370731	0.161816	-0.0302749	-0.197043	-0.331528	-0.425828	-0.472028	-0.472711	-0.440494	-0.385984	-0.331063	-0.296451	-0.288066	-0.287403	-0.270356	-0.245607	-0.235446	-0.251287	-0.278963	-0.292522	-0.278904	-0.22285	-0.116533	0.0354026	0.226522	0.442941	0.67746	0.918778	1.14254	1.33459	1.47731	1.55512	1.57487	1.53716	1.4428	1.31139	1.15137	0.968507	0.789166	0.633389	0.509157	0.429258	0.395723	0.395723	
1.01817	1.05671	1.02304	0.909489	0.738396	0.533116	0.309561	0.0901124	-0.104051	-0.266692	-0.393665	-0.470003	-0.482505	-0.441441	-0.363222	-0.259603	-0.146631	-0.0484434	0.0152644	0.0531194	0.0786607	0.0870245	0.0648454	0.0123909	-0.044595	-0.0844317	-0.095743	-0.0633541	0.0243357	0.167665	0.348599	0.553507	0.783985	1.02501	1.25345	1.45328	1.59979	1.66766	1.64694	1.55306	1.41646	1.24518	1.0392	0.825892	0.633389	0.474128	0.358569	0.284144	0.243506	0.243506	
0.942573	1.00315	0.976028	0.857987	0.676682	0.460294	0.227817	0.00224701	-0.194294	-0.35108	-0.460723	-0.508291	-0.486891	-0.40806	-0.289038	-0.143536	0.0167076	0.168549	0.289167	0.368477	0.403346	0.395289	0.346267	0.27157	0.195361	0.13286	0.0966952	0.0996388	0.1572	0.274851	0.437835	0.63604	0.862588	1.09893	1.32367	1.51628	1.65639	1.71622	1.67606	1.55796	1.38993	1.17322	0.930062	0.702909	0.509157	0.358569	0.256718	0.181927	0.12921	0.12921	
0.876671	0.941925	0.911719	0.793661	0.609114	0.385407	0.149094	-0.0780292	-0.277512	-0.430779	-0.521022	-0.539649	-0.490758	-0.384659	-0.235253	-0.0569565	0.137133	0.330141	0.499742	0.616793	0.661772	0.639173	0.57049	0.482066	0.391232	0.310217	0.252889	0.231872	0.26121	0.350044	0.496964	0.69053	0.910465	1.13839	1.35648	1.54216	1.67411	1.72893	1.68956	1.5605	1.35751	1.10698	0.850582	0.62045	0.429258	0.284144	0.181927	0.109854	0.0678466	0.0678466	
0.842093	0.906847	0.872611	0.75631	0.571685	0.343358	0.104336	-0.124369	-0.328536	-0.483055	-0.562758	-0.56467	-0.500291	-0.379335	-0.211228	-0.0112987	0.203811	0.422682	0.622	0.761436	0.810686	0.775183	0.692113	0.593605	0.493712	0.40444	0.3393	0.310487	0.3259	0.395588	0.529166	0.714064	0.924808	1.14602	1.36431	1.55384	1.68309	1.73463	1.69772	1.55571	1.32518	1.06513	0.815599	0.587746	0.395723	0.243506	0.12921	0.0678466	0.0546055	0.0546055	
0.842093	0.906847	0.872611	0.75631	0.571685	0.343358	0.104336	-0.124369	-0.328536	-0.483055	-0.562758	-0.56467	-0.500291	-0.379335	-0.211228	-0.0112987	0.203811	0.422682	0.622	0.761436	0.810686	0.775183	0.692113	0.593605	0.493712	0.40444	0.3393	0.310487	0.3259	0.395588	0.529166	0.714064	0.924808	1.14602	1.36431	1.55384	1.68309	1.73463	1.69772	1.55571	1.32518	1.06513	0.815599	0.587746	0.395723	0.243506	0.12921	0.0678466	0.0546055	0.0546055	
