2.1956	2.1956	2.08081	1.85306	1.53482	1.16121	0.783882	0.43922	0.144822	-0.112994	-0.329086	-0.485277	-0.566869	-0.576168	-0.538618	-0.494357	-0.47165	-0.45417	-0.433658	-0.412443	-0.392991	-0.366104	-0.332479	-0.30925	-0.311391	-0.325857	-0.323446	-0.304853	-0.288319	-0.284403	-0.314305	-0.371104	-0.433738	-0.477979	-0.487003	-0.449656	-0.389819	-0.336608	-0.291875	-0.252289	-0.22063	-0.217143	-0.263885	-0.350453	-0.475554	-0.631655	-0.7747	-0.838275	-0.784743	-0.611118	
2.1956	2.1956	2.08081	1.85306	1.53482	1.16121	0.783882	0.43922	0.144822	-0.112994	-0.329086	-0.485277	-0.566869	-0.576168	-0.538618	-0.494357	-0.47165	-0.45417	-0.433658	-0.412443	-0.392991	-0.366104	-0.332479	-0.30925	-0.311391	-0.325857	-0.323446	-0.304853	-0.288319	-0.284403	-0.314305	-0.371104	-0.433738	-0.477979	-0.487003	-0.449656	-0.389819	-0.336608	-0.291875	-0.252289	-0.22063	-0.217143	-0.263885	-0.350453	-0.475554	-0.631655	-0.7747	-0.838275	-0.784743	-0.611118	
2.08081	2.08081	1.97904	1.7742	1.4856	1.14665	0.804445	0.486371	0.203972	-0.0532292	-0.26862	-0.419137	-0.495393	-0.511203	-0.494404	-0.474494	-0.466626	-0.449335	-0.422814	-0.399502	-0.388503	-0.377327	-0.358895	-0.34295	-0.341893	-0.346869	-0.335321	-0.311585	-0.292018	-0.282401	-0.300599	-0.343907	-0.398348	-0.444723	-0.463145	-0.434958	-0.378235	-0.322533	-0.274757	-0.237698	-0.213609	-0.222872	-0.281997	-0.377271	-0.500909	-0.64275	-0.7635	-0.810395	-0.752332	-0.585478	
1.85306	1.85306	1.7742	1.61218	1.38115	1.10791	0.827619	0.556237	0.299058	0.05557	-0.148497	-0.287135	-0.362931	-0.39803	-0.416418	-0.432529	-0.446184	-0.437409	-0.412367	-0.394497	-0.394545	-0.399761	-0.39844	-0.394374	-0.395363	-0.391582	-0.365498	-0.327165	-0.29583	-0.276229	-0.282649	-0.312186	-0.356626	-0.400651	-0.424652	-0.405977	-0.356869	-0.305126	-0.261315	-0.228786	-0.215051	-0.236273	-0.30942	-0.413518	-0.533265	-0.654011	-0.744949	-0.765439	-0.699188	-0.53772	
1.53482	1.53482	1.4856	1.38115	1.22774	1.03825	0.833302	0.620302	0.407974	0.200377	0.0250919	-0.102008	-0.187668	-0.252228	-0.308479	-0.358886	-0.39998	-0.410929	-0.402609	-0.395947	-0.405002	-0.418694	-0.428764	-0.437624	-0.447234	-0.443644	-0.409164	-0.357319	-0.312528	-0.283763	-0.282166	-0.303481	-0.337047	-0.370629	-0.387663	-0.368534	-0.324717	-0.280681	-0.243637	-0.220585	-0.215921	-0.251277	-0.334297	-0.441935	-0.552408	-0.651832	-0.714911	-0.715633	-0.638772	-0.482417	
1.16121	1.16121	1.14665	1.10791	1.03825	0.935399	0.808115	0.667224	0.521599	0.374018	0.235035	0.116022	0.0139714	-0.077516	-0.164625	-0.250551	-0.327091	-0.372151	-0.386012	-0.392605	-0.407887	-0.428563	-0.446991	-0.463908	-0.480031	-0.481695	-0.452061	-0.401709	-0.353317	-0.317662	-0.307681	-0.318708	-0.34074	-0.359835	-0.361993	-0.332942	-0.284574	-0.239127	-0.205803	-0.188608	-0.200058	-0.251704	-0.347574	-0.455463	-0.554179	-0.63564	-0.685267	-0.675435	-0.595727	-0.440118	
0.783882	0.783882	0.804445	0.827619	0.833302	0.808115	0.760621	0.702193	0.638679	0.555228	0.451414	0.336025	0.221825	0.111216	-0.00266401	-0.124725	-0.244126	-0.325639	-0.365297	-0.384226	-0.407979	-0.435494	-0.459686	-0.479279	-0.497823	-0.507389	-0.492575	-0.456269	-0.412482	-0.372825	-0.35158	-0.350797	-0.359249	-0.362237	-0.345771	-0.300028	-0.24013	-0.189169	-0.155143	-0.14833	-0.173783	-0.244229	-0.348525	-0.45638	-0.549179	-0.625412	-0.670704	-0.661016	-0.576659	-0.421907	
0.43922	0.43922	0.486371	0.556237	0.620302	0.667224	0.702193	0.732146	0.74347	0.715486	0.641163	0.537358	0.419326	0.2938	0.156421	0.00434715	-0.144509	-0.258385	-0.324985	-0.36475	-0.397025	-0.426515	-0.449605	-0.470833	-0.495597	-0.516997	-0.517721	-0.493655	-0.454949	-0.414657	-0.390624	-0.384772	-0.385164	-0.373365	-0.335803	-0.27046	-0.196836	-0.139169	-0.109405	-0.108559	-0.144039	-0.216989	-0.321801	-0.432782	-0.535551	-0.624349	-0.68081	-0.671601	-0.583902	-0.421766	
0.144822	0.144822	0.203972	0.299058	0.407974	0.521599	0.638679	0.74347	0.811361	0.82138	0.777611	0.693365	0.580129	0.444691	0.293561	0.134239	-0.0213726	-0.150554	-0.24436	-0.306605	-0.348245	-0.373752	-0.394052	-0.421322	-0.461537	-0.500392	-0.51642	-0.502837	-0.470466	-0.438277	-0.420919	-0.419395	-0.417041	-0.393356	-0.336475	-0.249927	-0.159572	-0.0947003	-0.0656819	-0.0730944	-0.109567	-0.179101	-0.276855	-0.392373	-0.513751	-0.625267	-0.694348	-0.689297	-0.595572	-0.428122	
-0.112994	-0.112994	-0.0532292	0.05557	0.200377	0.374018	0.555228	0.715486	0.82138	0.864495	0.848971	0.787188	0.684971	0.554287	0.41048	0.263076	0.120069	-0.0112904	-0.119068	-0.20057	-0.252463	-0.283058	-0.307818	-0.347534	-0.404063	-0.459355	-0.490272	-0.489968	-0.471508	-0.453149	-0.446432	-0.448893	-0.444914	-0.416144	-0.348847	-0.249952	-0.14615	-0.0693747	-0.0384704	-0.0460538	-0.0844178	-0.149115	-0.243257	-0.36453	-0.499836	-0.624111	-0.701376	-0.698404	-0.606601	-0.435426	
-0.329086	-0.329086	-0.26862	-0.148497	0.0250919	0.235035	0.451414	0.641163	0.777611	0.848971	0.855918	0.809627	0.725616	0.61894	0.500368	0.375408	0.250547	0.131777	0.0266477	-0.0602234	-0.126212	-0.173409	-0.217306	-0.272712	-0.342315	-0.407563	-0.452328	-0.471577	-0.474392	-0.47511	-0.476911	-0.477399	-0.467821	-0.434588	-0.367559	-0.270746	-0.166822	-0.0859893	-0.0478375	-0.0514917	-0.0868646	-0.152353	-0.247717	-0.371007	-0.507768	-0.630089	-0.703037	-0.699488	-0.607488	-0.437645	
-0.485277	-0.485277	-0.419137	-0.287135	-0.102008	0.116022	0.336025	0.537358	0.693365	0.787188	0.809627	0.779432	0.721138	0.648705	0.561887	0.461424	0.35971	0.262601	0.17634	0.0954057	0.021276	-0.0500322	-0.119113	-0.19415	-0.271104	-0.340479	-0.396478	-0.436209	-0.463333	-0.483559	-0.493981	-0.492981	-0.476403	-0.441589	-0.380329	-0.29975	-0.212628	-0.137322	-0.0940336	-0.084738	-0.1118	-0.176544	-0.275134	-0.40033	-0.531194	-0.6419	-0.706059	-0.700186	-0.60836	-0.434449	
-0.566869	-0.566869	-0.495393	-0.362931	-0.187668	0.0139714	0.221825	0.419326	0.580129	0.684971	0.725616	0.721138	0.694416	0.653193	0.594442	0.51983	0.445566	0.376283	0.315339	0.251995	0.176827	0.0882963	-0.00594273	-0.095974	-0.177636	-0.247213	-0.311603	-0.367674	-0.41175	-0.445556	-0.465524	-0.468538	-0.455272	-0.423896	-0.375277	-0.317831	-0.25706	-0.196792	-0.151622	-0.131018	-0.150197	-0.215071	-0.317418	-0.440902	-0.564519	-0.66392	-0.71742	-0.702618	-0.602421	-0.421561	
-0.576168	-0.576168	-0.511203	-0.39803	-0.252228	-0.077516	0.111216	0.2938	0.444691	0.554287	0.61894	0.648705	0.653193	0.636429	0.599213	0.549166	0.501997	0.459107	0.423013	0.377588	0.310556	0.215258	0.112049	0.0154984	-0.0644254	-0.130998	-0.196339	-0.256399	-0.304173	-0.343561	-0.37341	-0.392683	-0.395608	-0.383197	-0.355112	-0.325645	-0.292929	-0.250463	-0.210401	-0.188373	-0.206546	-0.274845	-0.379782	-0.503811	-0.621573	-0.707656	-0.742338	-0.710484	-0.595968	-0.402584	
-0.538618	-0.538618	-0.494404	-0.416418	-0.308479	-0.164625	-0.00266401	0.156421	0.293561	0.41048	0.500368	0.561887	0.594442	0.599213	0.581782	0.552586	0.529113	0.505566	0.48227	0.447467	0.391785	0.310559	0.217659	0.12959	0.0565052	0.00048064	-0.0540092	-0.104435	-0.146643	-0.187369	-0.231815	-0.274298	-0.308897	-0.32822	-0.331957	-0.331698	-0.324381	-0.2994	-0.273542	-0.262744	-0.29155	-0.363002	-0.466258	-0.585356	-0.69815	-0.77175	-0.784207	-0.725106	-0.591653	-0.391448	
-0.494357	-0.494357	-0.474494	-0.432529	-0.358886	-0.250551	-0.124725	0.00434715	0.134239	0.263076	0.375408	0.461424	0.51983	0.549166	0.552586	0.54483	0.540253	0.524831	0.49777	0.461627	0.422722	0.370476	0.308188	0.24127	0.185167	0.146468	0.109712	0.0728539	0.0380724	-0.00572137	-0.0650254	-0.136731	-0.208324	-0.268433	-0.30608	-0.331722	-0.342776	-0.336984	-0.335236	-0.35284	-0.398879	-0.471798	-0.564526	-0.672924	-0.776666	-0.836751	-0.828224	-0.750494	-0.604988	-0.398528	
-0.47165	-0.47165	-0.466626	-0.446184	-0.39998	-0.327091	-0.244126	-0.144509	-0.0213726	0.120069	0.250547	0.35971	0.445566	0.501997	0.529113	0.540253	0.546373	0.525895	0.484255	0.442062	0.417424	0.398059	0.375062	0.344447	0.315706	0.298319	0.278026	0.25458	0.227423	0.184362	0.111546	0.0149609	-0.0914893	-0.187701	-0.256846	-0.305896	-0.338692	-0.358863	-0.394347	-0.447559	-0.515109	-0.585031	-0.659554	-0.746597	-0.833686	-0.879046	-0.857328	-0.769781	-0.622758	-0.421537	
-0.45417	-0.45417	-0.449335	-0.437409	-0.410929	-0.372151	-0.325639	-0.258385	-0.150554	-0.0112904	0.131777	0.262601	0.376283	0.459107	0.505566	0.524831	0.525895	0.492941	0.439295	0.393386	0.378241	0.385232	0.40313	0.415014	0.419652	0.425949	0.425523	0.41773	0.40115	0.35979	0.279244	0.167585	0.0411683	-0.0797978	-0.17715	-0.256996	-0.321843	-0.379419	-0.452639	-0.539604	-0.624356	-0.692526	-0.750965	-0.8126	-0.872082	-0.894014	-0.859924	-0.774978	-0.638593	-0.446591	
-0.433658	-0.433658	-0.422814	-0.412367	-0.402609	-0.386012	-0.365297	-0.324985	-0.24436	-0.119068	0.0266477	0.17634	0.315339	0.423013	0.48227	0.49777	0.484255	0.439295	0.380741	0.334917	0.326444	0.3501	0.394074	0.43494	0.46871	0.50586	0.533676	0.546745	0.541248	0.506413	0.429751	0.320033	0.191224	0.0563473	-0.0682577	-0.185118	-0.292257	-0.388014	-0.493141	-0.602743	-0.701238	-0.772554	-0.819749	-0.856762	-0.884957	-0.881726	-0.838403	-0.761207	-0.642591	-0.470433	
-0.412443	-0.412443	-0.399502	-0.394497	-0.395947	-0.392605	-0.384226	-0.36475	-0.306605	-0.20057	-0.0602234	0.0954057	0.251995	0.377588	0.447467	0.461627	0.442062	0.393386	0.334917	0.295021	0.293815	0.321661	0.365392	0.413877	0.47182	0.541326	0.596931	0.62532	0.630816	0.610594	0.549187	0.453592	0.330746	0.193063	0.0523415	-0.0931046	-0.233148	-0.358355	-0.48106	-0.601832	-0.710296	-0.788626	-0.837249	-0.863054	-0.874224	-0.857874	-0.812605	-0.744317	-0.641928	-0.48532	
-0.392991	-0.392991	-0.388503	-0.394545	-0.405002	-0.407887	-0.407979	-0.397025	-0.348245	-0.252463	-0.126212	0.021276	0.176827	0.310556	0.391785	0.422722	0.417424	0.378241	0.326444	0.293815	0.29316	0.305793	0.330673	0.377413	0.452388	0.543816	0.613611	0.652122	0.67135	0.670048	0.62969	0.549288	0.441115	0.313411	0.172407	0.0142201	-0.145388	-0.283352	-0.407328	-0.525389	-0.63331	-0.720025	-0.779473	-0.815775	-0.833706	-0.822854	-0.782851	-0.723373	-0.633862	-0.495359	
-0.366104	-0.366104	-0.377327	-0.399761	-0.418694	-0.428563	-0.435494	-0.426515	-0.373752	-0.283058	-0.173409	-0.0500322	0.0882963	0.215258	0.310559	0.370476	0.398059	0.385232	0.3501	0.321661	0.305793	0.293608	0.300307	0.342432	0.421201	0.516038	0.593057	0.639499	0.667324	0.679357	0.654367	0.5961	0.512204	0.407121	0.276526	0.117624	-0.0420536	-0.173561	-0.28311	-0.386496	-0.490201	-0.583916	-0.6627	-0.723495	-0.7666	-0.775474	-0.747609	-0.696022	-0.618704	-0.496999	
-0.332479	-0.332479	-0.358895	-0.39844	-0.428764	-0.446991	-0.459686	-0.449605	-0.394052	-0.307818	-0.217306	-0.119113	-0.00594273	0.112049	0.217659	0.308188	0.375062	0.40313	0.394074	0.365392	0.330673	0.300307	0.291962	0.317264	0.376817	0.463694	0.541588	0.588052	0.61392	0.628496	0.621442	0.589693	0.537872	0.459373	0.347587	0.209379	0.0742063	-0.0325079	-0.121097	-0.213648	-0.313191	-0.414352	-0.511378	-0.602173	-0.67723	-0.712726	-0.702978	-0.663487	-0.593655	-0.482573	
-0.30925	-0.30925	-0.34295	-0.394374	-0.437624	-0.463908	-0.479279	-0.470833	-0.421322	-0.347534	-0.272712	-0.19415	-0.095974	0.0154984	0.12959	0.24127	0.344447	0.415014	0.43494	0.413877	0.377413	0.342432	0.317264	0.308784	0.336272	0.398484	0.460112	0.492961	0.510953	0.529176	0.535523	0.525942	0.498558	0.446793	0.36994	0.276655	0.190249	0.121022	0.0532739	-0.0306301	-0.128983	-0.234134	-0.347415	-0.467548	-0.575707	-0.639184	-0.647715	-0.618566	-0.558741	-0.460966	
-0.311391	-0.311391	-0.341893	-0.395363	-0.447234	-0.480031	-0.497823	-0.495597	-0.461537	-0.404063	-0.342315	-0.271104	-0.177636	-0.0644254	0.0565052	0.185167	0.315706	0.419652	0.46871	0.47182	0.452388	0.421201	0.376817	0.336272	0.320421	0.334061	0.353046	0.362829	0.374827	0.392052	0.4047	0.406462	0.398183	0.377629	0.344912	0.308952	0.280173	0.255674	0.214816	0.142784	0.0505873	-0.0585953	-0.187064	-0.328823	-0.455566	-0.534802	-0.559586	-0.547256	-0.504018	-0.428223	
-0.325857	-0.325857	-0.346869	-0.391582	-0.443644	-0.481695	-0.507389	-0.516997	-0.500392	-0.459355	-0.407563	-0.340479	-0.247213	-0.130998	0.00048064	0.146468	0.298319	0.425949	0.50586	0.541326	0.543816	0.516038	0.463694	0.398484	0.334061	0.28037	0.243386	0.219587	0.211148	0.216362	0.230368	0.245237	0.260732	0.273486	0.284903	0.301152	0.32897	0.351781	0.342354	0.290463	0.208845	0.101139	-0.030704	-0.177022	-0.307333	-0.393665	-0.430635	-0.436624	-0.418752	-0.36911	
-0.323446	-0.323446	-0.335321	-0.365498	-0.409164	-0.452061	-0.492575	-0.517721	-0.51642	-0.490272	-0.452328	-0.396478	-0.311603	-0.196339	-0.0540092	0.109712	0.278026	0.425523	0.533676	0.596931	0.613611	0.593057	0.541588	0.460112	0.353046	0.243386	0.150507	0.0747969	0.0251915	0.00975993	0.0264222	0.0574994	0.0986524	0.14631	0.19868	0.262471	0.336599	0.396528	0.416917	0.39149	0.331374	0.237631	0.118082	-0.0181565	-0.14421	-0.237191	-0.290178	-0.312727	-0.305648	-0.268083	
-0.304853	-0.304853	-0.311585	-0.327165	-0.357319	-0.401709	-0.456269	-0.493655	-0.502837	-0.489968	-0.471577	-0.436209	-0.367674	-0.256399	-0.104435	0.0728539	0.25458	0.41773	0.546745	0.62532	0.652122	0.639499	0.588052	0.492961	0.362829	0.219587	0.0747969	-0.0602899	-0.15316	-0.188618	-0.173273	-0.130064	-0.0623212	0.0235016	0.119755	0.223175	0.325457	0.406278	0.449505	0.45111	0.414973	0.344235	0.246818	0.127471	0.0114891	-0.080541	-0.140703	-0.172015	-0.174017	-0.142229	
-0.288319	-0.288319	-0.292018	-0.29583	-0.312528	-0.353317	-0.412482	-0.454949	-0.470466	-0.471508	-0.474392	-0.463333	-0.41175	-0.304173	-0.146643	0.0380724	0.227423	0.40115	0.541248	0.630816	0.67135	0.667324	0.61392	0.510953	0.374827	0.211148	0.0251915	-0.15316	-0.277844	-0.336685	-0.332318	-0.282907	-0.191197	-0.0706762	0.0639516	0.195597	0.315597	0.414046	0.477832	0.497575	0.477347	0.421383	0.343154	0.246719	0.15185	0.0687149	0.0063564	-0.0307605	-0.0350677	-0.00694895	
-0.284403	-0.284403	-0.282401	-0.276229	-0.283763	-0.317662	-0.372825	-0.414657	-0.438277	-0.453149	-0.47511	-0.483559	-0.445556	-0.343561	-0.187369	-0.00572137	0.184362	0.35979	0.506413	0.610594	0.670048	0.679357	0.628496	0.529176	0.392052	0.216362	0.00975993	-0.188618	-0.336685	-0.419678	-0.426975	-0.372114	-0.268392	-0.128853	0.0246536	0.171622	0.307146	0.423353	0.49744	0.524334	0.508998	0.462355	0.399625	0.32677	0.255341	0.188549	0.131417	0.0933472	0.0857802	0.11482	
-0.314305	-0.314305	-0.300599	-0.282649	-0.282166	-0.307681	-0.35158	-0.390624	-0.420919	-0.446432	-0.476911	-0.493981	-0.465524	-0.37341	-0.231815	-0.0650254	0.111546	0.279244	0.429751	0.549187	0.62969	0.654367	0.621442	0.535523	0.4047	0.230368	0.0264222	-0.173273	-0.332318	-0.426975	-0.435943	-0.381517	-0.278212	-0.144612	0.00238762	0.144842	0.28243	0.40004	0.473547	0.502522	0.493328	0.453452	0.404745	0.350378	0.297114	0.247166	0.203706	0.171478	0.168141	0.198337	
-0.371104	-0.371104	-0.343907	-0.312186	-0.303481	-0.318708	-0.350797	-0.384772	-0.419395	-0.448893	-0.477399	-0.492981	-0.468538	-0.392683	-0.274298	-0.136731	0.0149609	0.167585	0.320033	0.453592	0.549288	0.5961	0.589693	0.525942	0.406462	0.245237	0.0574994	-0.130064	-0.282907	-0.372114	-0.381517	-0.328536	-0.237517	-0.127042	-0.00970042	0.108596	0.227226	0.330466	0.39571	0.425931	0.417562	0.383287	0.341928	0.297927	0.263549	0.24076	0.217761	0.199235	0.203712	0.236687	
-0.433738	-0.433738	-0.398348	-0.356626	-0.337047	-0.34074	-0.359249	-0.385164	-0.417041	-0.444914	-0.467821	-0.476403	-0.455272	-0.395608	-0.308897	-0.208324	-0.0914893	0.0411683	0.191224	0.330746	0.441115	0.512204	0.537872	0.498558	0.398183	0.260732	0.0986524	-0.0623212	-0.191197	-0.268392	-0.278212	-0.237517	-0.172326	-0.105708	-0.033226	0.0475098	0.136783	0.221978	0.27835	0.300638	0.290199	0.259908	0.223793	0.191041	0.177713	0.179816	0.180598	0.179816	0.192582	0.228176	
-0.477979	-0.477979	-0.444723	-0.400651	-0.370629	-0.359835	-0.362237	-0.373365	-0.393356	-0.416144	-0.434588	-0.441589	-0.423896	-0.383197	-0.32822	-0.268433	-0.187701	-0.0797978	0.0563473	0.193063	0.313411	0.407121	0.459373	0.446793	0.377629	0.273486	0.14631	0.0235016	-0.0706762	-0.128853	-0.144612	-0.127042	-0.105708	-0.0923356	-0.068719	-0.0292799	0.0294478	0.0929718	0.12929	0.13781	0.124216	0.0968479	0.0659455	0.0491676	0.0570903	0.0822929	0.10863	0.129594	0.150653	0.185879	
-0.487003	-0.487003	-0.463145	-0.424652	-0.387663	-0.361993	-0.345771	-0.335803	-0.336475	-0.348847	-0.367559	-0.380329	-0.375277	-0.355112	-0.331957	-0.30608	-0.256846	-0.17715	-0.0682577	0.0523415	0.172407	0.276526	0.347587	0.36994	0.344912	0.284903	0.19868	0.119755	0.0639516	0.0246536	0.00238762	-0.00970042	-0.033226	-0.068719	-0.0916017	-0.0935873	-0.0738775	-0.0474512	-0.0404964	-0.0470445	-0.0642947	-0.0903058	-0.109221	-0.106441	-0.0812745	-0.0337869	0.0215715	0.062236	0.0935341	0.133142	
-0.449656	-0.449656	-0.434958	-0.405977	-0.368534	-0.332942	-0.300028	-0.27046	-0.249927	-0.249952	-0.270746	-0.29975	-0.317831	-0.325645	-0.331698	-0.331722	-0.305896	-0.256996	-0.185118	-0.0931046	0.0142201	0.117624	0.209379	0.276655	0.308952	0.301152	0.262471	0.223175	0.195597	0.171622	0.144842	0.108596	0.0475098	-0.0292799	-0.0935873	-0.143193	-0.177754	-0.201876	-0.224349	-0.242471	-0.263925	-0.279675	-0.275939	-0.252249	-0.21325	-0.14989	-0.0791248	-0.0213381	0.0277315	0.0804022	
-0.389819	-0.389819	-0.378235	-0.356869	-0.324717	-0.284574	-0.24013	-0.196836	-0.159572	-0.14615	-0.166822	-0.212628	-0.25706	-0.292929	-0.324381	-0.342776	-0.338692	-0.321843	-0.292257	-0.233148	-0.145388	-0.0420536	0.0742063	0.190249	0.280173	0.32897	0.336599	0.325457	0.315597	0.307146	0.28243	0.227226	0.136783	0.0294478	-0.0738775	-0.177754	-0.275695	-0.35008	-0.399314	-0.433891	-0.453455	-0.448008	-0.415498	-0.370612	-0.315271	-0.242782	-0.165664	-0.0960167	-0.029022	0.0341302	
-0.336608	-0.336608	-0.322533	-0.305126	-0.280681	-0.239127	-0.189169	-0.139169	-0.0947003	-0.0693747	-0.0859893	-0.137322	-0.196792	-0.250463	-0.2994	-0.336984	-0.358863	-0.379419	-0.388014	-0.358355	-0.283352	-0.173561	-0.0325079	0.121022	0.255674	0.351781	0.396528	0.406278	0.414046	0.423353	0.40004	0.330466	0.221978	0.0929718	-0.0474512	-0.201876	-0.35008	-0.463868	-0.543273	-0.594232	-0.611466	-0.586518	-0.531157	-0.458491	-0.381627	-0.301052	-0.218062	-0.139052	-0.0711969	-0.00628338	
-0.291875	-0.291875	-0.274757	-0.261315	-0.243637	-0.205803	-0.155143	-0.109405	-0.0656819	-0.0384704	-0.0478375	-0.0940336	-0.151622	-0.210401	-0.273542	-0.335236	-0.394347	-0.452639	-0.493141	-0.48106	-0.407328	-0.28311	-0.121097	0.0532739	0.214816	0.342354	0.416917	0.449505	0.477832	0.49744	0.473547	0.39571	0.27835	0.12929	-0.0404964	-0.224349	-0.399314	-0.543273	-0.646681	-0.714488	-0.733679	-0.705623	-0.630499	-0.528532	-0.428125	-0.333456	-0.238994	-0.162849	-0.0989566	-0.0324777	
-0.252289	-0.252289	-0.237698	-0.228786	-0.220585	-0.188608	-0.14833	-0.108559	-0.0730944	-0.0460538	-0.0514917	-0.084738	-0.131018	-0.188373	-0.262744	-0.35284	-0.447559	-0.539604	-0.602743	-0.601832	-0.525389	-0.386496	-0.213648	-0.0306301	0.142784	0.290463	0.39149	0.45111	0.497575	0.524334	0.502522	0.425931	0.300638	0.13781	-0.0470445	-0.242471	-0.433891	-0.594232	-0.714488	-0.794476	-0.827173	-0.796515	-0.699527	-0.571912	-0.447474	-0.331388	-0.229436	-0.155603	-0.0955986	-0.0284014	
-0.22063	-0.22063	-0.213609	-0.215051	-0.215921	-0.200058	-0.173783	-0.144039	-0.109567	-0.0844178	-0.0868646	-0.1118	-0.150197	-0.206546	-0.29155	-0.398879	-0.515109	-0.624356	-0.701238	-0.710296	-0.63331	-0.490201	-0.313191	-0.128983	0.0505873	0.208845	0.331374	0.414973	0.477347	0.508998	0.493328	0.417562	0.290199	0.124216	-0.0642947	-0.263925	-0.453455	-0.611466	-0.733679	-0.827173	-0.865577	-0.827806	-0.718338	-0.57685	-0.43329	-0.300644	-0.192855	-0.115995	-0.0516682	0.0184381	
-0.217143	-0.217143	-0.222872	-0.236273	-0.251277	-0.251704	-0.244229	-0.216989	-0.179101	-0.149115	-0.152353	-0.176544	-0.215071	-0.274845	-0.363002	-0.471798	-0.585031	-0.692526	-0.772554	-0.788626	-0.720025	-0.583916	-0.414352	-0.234134	-0.0585953	0.101139	0.237631	0.344235	0.421383	0.462355	0.453452	0.383287	0.259908	0.0968479	-0.0903058	-0.279675	-0.448008	-0.586518	-0.705623	-0.796515	-0.827806	-0.785117	-0.675124	-0.533006	-0.382713	-0.246014	-0.135353	-0.0511605	0.0171157	0.0862628	
-0.263885	-0.263885	-0.281997	-0.30942	-0.334297	-0.347574	-0.348525	-0.321801	-0.276855	-0.243257	-0.247717	-0.275134	-0.317418	-0.379782	-0.466258	-0.564526	-0.659554	-0.750965	-0.819749	-0.837249	-0.779473	-0.6627	-0.511378	-0.347415	-0.187064	-0.030704	0.118082	0.246818	0.343154	0.399625	0.404745	0.341928	0.223793	0.0659455	-0.109221	-0.275939	-0.415498	-0.531157	-0.630499	-0.699527	-0.718338	-0.675124	-0.575738	-0.444643	-0.307513	-0.182926	-0.0718299	0.0142844	0.0807339	0.15662	
-0.350453	-0.350453	-0.377271	-0.413518	-0.441935	-0.455463	-0.45638	-0.432782	-0.392373	-0.36453	-0.371007	-0.40033	-0.440902	-0.503811	-0.585356	-0.672924	-0.746597	-0.8126	-0.856762	-0.863054	-0.815775	-0.723495	-0.602173	-0.467548	-0.328823	-0.177022	-0.0181565	0.127471	0.246719	0.32677	0.350378	0.297927	0.191041	0.0491676	-0.106441	-0.252249	-0.370612	-0.458491	-0.528532	-0.571912	-0.57685	-0.533006	-0.444643	-0.337457	-0.226468	-0.116189	-0.0107549	0.0723304	0.136644	0.213129	
-0.475554	-0.475554	-0.500909	-0.533265	-0.552408	-0.554179	-0.549179	-0.535551	-0.513751	-0.499836	-0.507768	-0.531194	-0.564519	-0.621573	-0.69815	-0.776666	-0.833686	-0.872082	-0.884957	-0.874224	-0.833706	-0.7666	-0.67723	-0.575707	-0.455566	-0.307333	-0.14421	0.0114891	0.15185	0.255341	0.297114	0.263549	0.177713	0.0570903	-0.0812745	-0.21325	-0.315271	-0.381627	-0.428125	-0.447474	-0.43329	-0.382713	-0.307513	-0.226468	-0.140444	-0.0474372	0.0436588	0.11551	0.170318	0.239015	
-0.631655	-0.631655	-0.64275	-0.654011	-0.651832	-0.63564	-0.625412	-0.624349	-0.625267	-0.624111	-0.630089	-0.6419	-0.66392	-0.707656	-0.77175	-0.836751	-0.879046	-0.894014	-0.881726	-0.857874	-0.822854	-0.775474	-0.712726	-0.639184	-0.534802	-0.393665	-0.237191	-0.080541	0.0687149	0.188549	0.247166	0.24076	0.179816	0.0822929	-0.0337869	-0.14989	-0.242782	-0.301052	-0.333456	-0.331388	-0.300644	-0.246014	-0.182926	-0.116189	-0.0474372	0.0272514	0.0922871	0.139969	0.177856	0.226974	
-0.7747	-0.7747	-0.7635	-0.744949	-0.714911	-0.685267	-0.670704	-0.68081	-0.694348	-0.701376	-0.703037	-0.706059	-0.71742	-0.742338	-0.784207	-0.828224	-0.857328	-0.859924	-0.838403	-0.812605	-0.782851	-0.747609	-0.702978	-0.647715	-0.559586	-0.430635	-0.290178	-0.140703	0.0063564	0.131417	0.203706	0.217761	0.180598	0.10863	0.0215715	-0.0791248	-0.165664	-0.218062	-0.238994	-0.229436	-0.192855	-0.135353	-0.0718299	-0.0107549	0.0436588	0.0922871	0.126999	0.144059	0.160187	0.189933	
-0.838275	-0.838275	-0.810395	-0.765439	-0.715633	-0.675435	-0.661016	-0.671601	-0.689297	-0.698404	-0.699488	-0.700186	-0.702618	-0.710484	-0.725106	-0.750494	-0.769781	-0.774978	-0.761207	-0.744317	-0.723373	-0.696022	-0.663487	-0.618566	-0.547256	-0.436624	-0.312727	-0.172015	-0.0307605	0.0933472	0.171478	0.199235	0.179816	0.129594	0.062236	-0.0213381	-0.0960167	-0.139052	-0.162849	-0.155603	-0.115995	-0.0511605	0.0142844	0.0723304	0.11551	0.139969	0.144059	0.135453	0.131908	0.146597	
-0.784743	-0.784743	-0.752332	-0.699188	-0.638772	-0.595727	-0.576659	-0.583902	-0.595572	-0.606601	-0.607488	-0.60836	-0.602421	-0.595968	-0.591653	-0.604988	-0.622758	-0.638593	-0.642591	-0.641928	-0.633862	-0.618704	-0.593655	-0.558741	-0.504018	-0.418752	-0.305648	-0.174017	-0.0350677	0.0857802	0.168141	0.203712	0.192582	0.150653	0.0935341	0.0277315	-0.029022	-0.0711969	-0.0989566	-0.0955986	-0.0516682	0.0171157	0.0807339	0.136644	0.170318	0.177856	0.160187	0.131908	0.110763	0.119398	
-0.611118	-0.611118	-0.585478	-0.53772	-0.482417	-0.440118	-0.421907	-0.421766	-0.428122	-0.435426	-0.437645	-0.434449	-0.421561	-0.402584	-0.391448	-0.398528	-0.421537	-0.446591	-0.470433	-0.48532	-0.495359	-0.496999	-0.482573	-0.460966	-0.428223	-0.36911	-0.268083	-0.142229	-0.00694895	0.11482	0.198337	0.236687	0.228176	0.185879	0.133142	0.0804022	0.0341302	-0.00628338	-0.0324777	-0.0284014	0.0184381	0.0862628	0.15662	0.213129	0.239015	0.226974	0.189933	0.146597	0.119398	0.120372	
