-0.196787	-0.196787	-0.222939	-0.263107	-0.298553	-0.313126	-0.304634	-0.27985	-0.249419	-0.220452	-0.20808	-0.236252	-0.318997	-0.451401	-0.599953	-0.74169	-0.85346	-0.921382	-0.925442	-0.846791	-0.684209	-0.429995	-0.107649	0.241853	0.555621	0.80028	0.978565	1.10181	1.16819	1.1943	1.20229	1.2051	1.18413	1.10767	0.967846	0.751991	0.465757	0.133548	-0.211065	-0.5183	-0.750362	-0.895852	-0.959085	-0.964664	-0.919911	-0.843344	-0.765432	-0.685351	-0.617835	-0.595464	
-0.196787	-0.196787	-0.222939	-0.263107	-0.298553	-0.313126	-0.304634	-0.27985	-0.249419	-0.220452	-0.20808	-0.236252	-0.318997	-0.451401	-0.599953	-0.74169	-0.85346	-0.921382	-0.925442	-0.846791	-0.684209	-0.429995	-0.107649	0.241853	0.555621	0.80028	0.978565	1.10181	1.16819	1.1943	1.20229	1.2051	1.18413	1.10767	0.967846	0.751991	0.465757	0.133548	-0.211065	-0.5183	-0.750362	-0.895852	-0.959085	-0.964664	-0.919911	-0.843344	-0.765432	-0.685351	-0.617835	-0.595464	
-0.222939	-0.222939	-0.248148	-0.287889	-0.321573	-0.335477	-0.325525	-0.299027	-0.267381	-0.23642	-0.223362	-0.249682	-0.330213	-0.45926	-0.60449	-0.742049	-0.850761	-0.913866	-0.914325	-0.831608	-0.664623	-0.408083	-0.0829166	0.267418	0.582588	0.828691	1.00772	1.13009	1.19542	1.21899	1.22245	1.21897	1.19016	1.10483	0.956386	0.732347	0.437643	0.0994361	-0.249405	-0.560746	-0.79317	-0.936484	-0.995563	-0.993365	-0.937397	-0.850966	-0.760537	-0.668089	-0.588227	-0.555086	
-0.263107	-0.263107	-0.287889	-0.325018	-0.357888	-0.36928	-0.357428	-0.328718	-0.293228	-0.260613	-0.244561	-0.268309	-0.344526	-0.467325	-0.606192	-0.738008	-0.83916	-0.897152	-0.889592	-0.800848	-0.627945	-0.365609	-0.039026	0.312645	0.627906	0.873951	1.05111	1.16966	1.2297	1.24701	1.24295	1.22865	1.18737	1.09114	0.929568	0.692792	0.389015	0.0412353	-0.31369	-0.62542	-0.858871	-0.999212	-1.05022	-1.03596	-0.96717	-0.860329	-0.747965	-0.633687	-0.534603	-0.479849	
-0.298553	-0.298553	-0.321573	-0.357888	-0.387964	-0.398738	-0.385397	-0.354352	-0.317747	-0.282445	-0.266365	-0.287411	-0.359324	-0.474571	-0.60593	-0.728025	-0.82246	-0.869841	-0.855109	-0.758933	-0.578891	-0.315476	0.0118536	0.358367	0.669614	0.911773	1.08369	1.19435	1.2473	1.25644	1.24233	1.2157	1.16161	1.0531	0.881411	0.637475	0.326359	-0.0240696	-0.378854	-0.692846	-0.923946	-1.05946	-1.10447	-1.0781	-0.990739	-0.868438	-0.732429	-0.592203	-0.464172	-0.380434	
-0.313126	-0.313126	-0.335477	-0.36928	-0.398738	-0.408518	-0.394788	-0.363941	-0.325591	-0.291732	-0.276178	-0.297993	-0.367942	-0.478193	-0.604028	-0.722003	-0.809946	-0.854486	-0.833331	-0.734384	-0.551929	-0.287937	0.0332509	0.372739	0.67559	0.910704	1.07444	1.17485	1.21844	1.21931	1.19718	1.16124	1.09756	0.98441	0.808264	0.561433	0.252718	-0.0957856	-0.446275	-0.752106	-0.979259	-1.11019	-1.14758	-1.11024	-1.01251	-0.869809	-0.709921	-0.543496	-0.388961	-0.270289	
-0.304634	-0.304634	-0.325525	-0.357428	-0.385397	-0.394788	-0.382422	-0.352029	-0.316238	-0.284939	-0.275053	-0.301181	-0.373553	-0.482682	-0.608244	-0.724126	-0.813591	-0.856045	-0.836225	-0.73839	-0.557627	-0.301097	0.0117258	0.337052	0.629351	0.856643	1.01279	1.106	1.1443	1.14197	1.11763	1.07688	1.00984	0.896717	0.721852	0.481307	0.178931	-0.160054	-0.499085	-0.796927	-1.01625	-1.13939	-1.17076	-1.12265	-1.01017	-0.855902	-0.674367	-0.48262	-0.299444	-0.150327	
-0.27985	-0.27985	-0.299027	-0.328718	-0.354352	-0.363941	-0.352029	-0.324299	-0.290414	-0.264463	-0.260982	-0.294528	-0.371716	-0.48371	-0.611666	-0.732191	-0.825467	-0.874351	-0.858719	-0.768566	-0.594673	-0.347892	-0.0493721	0.261627	0.541326	0.761519	0.913806	1.00211	1.04053	1.04125	1.02027	0.982834	0.918503	0.811321	0.645286	0.414062	0.124453	-0.201079	-0.525494	-0.809683	-1.01862	-1.13349	-1.15551	-1.09487	-0.969941	-0.796746	-0.594839	-0.382877	-0.18018	-0.0046116	
-0.249419	-0.249419	-0.267381	-0.293228	-0.317747	-0.325591	-0.316238	-0.290414	-0.260474	-0.239636	-0.243777	-0.284693	-0.367527	-0.481784	-0.612816	-0.736443	-0.83495	-0.88802	-0.878608	-0.794878	-0.629076	-0.39373	-0.108745	0.184678	0.452274	0.66622	0.813783	0.901956	0.941607	0.948633	0.937276	0.906537	0.849661	0.75604	0.601351	0.38669	0.114012	-0.193337	-0.499414	-0.764947	-0.959458	-1.06077	-1.07138	-0.995126	-0.855575	-0.670023	-0.44929	-0.218742	-0.00252416	0.181586	
-0.220452	-0.220452	-0.23642	-0.260613	-0.282445	-0.291732	-0.284939	-0.264463	-0.239636	-0.226068	-0.237617	-0.28692	-0.373387	-0.489154	-0.619552	-0.742798	-0.841501	-0.894305	-0.884832	-0.804288	-0.641737	-0.414862	-0.142763	0.135973	0.390784	0.597973	0.744539	0.829915	0.873267	0.887677	0.884161	0.861609	0.814375	0.731361	0.594814	0.400441	0.150996	-0.13026	-0.407788	-0.651087	-0.825105	-0.910608	-0.907112	-0.815884	-0.661025	-0.46071	-0.229584	0.00482509	0.219518	0.401641	
-0.20808	-0.20808	-0.223362	-0.244561	-0.266365	-0.276178	-0.275053	-0.260982	-0.243777	-0.237617	-0.257541	-0.313206	-0.403206	-0.517875	-0.644613	-0.764676	-0.85807	-0.905989	-0.891535	-0.806597	-0.642975	-0.417451	-0.151253	0.116875	0.364178	0.568823	0.712592	0.799084	0.842052	0.860759	0.864874	0.849049	0.808641	0.742093	0.621875	0.450559	0.227892	-0.0232073	-0.271787	-0.48216	-0.629767	-0.693772	-0.674222	-0.567303	-0.405878	-0.204046	0.0277589	0.258115	0.456569	0.612053	
-0.236252	-0.236252	-0.249682	-0.268309	-0.287411	-0.297993	-0.301181	-0.294528	-0.284693	-0.28692	-0.313206	-0.37599	-0.467204	-0.579841	-0.701163	-0.812764	-0.898289	-0.934688	-0.909952	-0.816362	-0.645836	-0.418067	-0.154699	0.107949	0.350554	0.555571	0.704866	0.794959	0.844348	0.871718	0.883856	0.873914	0.841107	0.781913	0.677664	0.528089	0.331983	0.112335	-0.099869	-0.28096	-0.402442	-0.447814	-0.415646	-0.301579	-0.136162	0.0611419	0.277232	0.480002	0.643199	0.760135	
-0.318997	-0.318997	-0.330213	-0.344526	-0.359324	-0.367942	-0.373553	-0.371716	-0.367527	-0.373387	-0.403206	-0.467204	-0.556785	-0.664845	-0.777019	-0.881096	-0.955273	-0.981903	-0.946689	-0.844093	-0.667821	-0.43587	-0.171897	0.0887374	0.33254	0.543801	0.70246	0.803308	0.862321	0.901172	0.925298	0.926209	0.902119	0.855795	0.766988	0.635665	0.461355	0.267144	0.0785801	-0.076575	-0.176907	-0.209276	-0.171895	-0.0577803	0.0950606	0.271675	0.459616	0.628091	0.745468	0.808792	
-0.451401	-0.451401	-0.45926	-0.467325	-0.474571	-0.478193	-0.482682	-0.48371	-0.481784	-0.489154	-0.517875	-0.579841	-0.664845	-0.764315	-0.866504	-0.956875	-1.01884	-1.03029	-0.983298	-0.870036	-0.688222	-0.453274	-0.191096	0.0669127	0.309391	0.527266	0.697374	0.813854	0.888793	0.945946	0.988267	1.00423	0.992242	0.957633	0.881915	0.767231	0.61192	0.437919	0.269617	0.129075	0.0357188	0.000312772	0.0273157	0.122894	0.254122	0.40014	0.548685	0.66932	0.735341	0.746291	
-0.599953	-0.599953	-0.60449	-0.606192	-0.60593	-0.604028	-0.608244	-0.611666	-0.612816	-0.619552	-0.644613	-0.701163	-0.777019	-0.866504	-0.953286	-1.02959	-1.07401	-1.07089	-1.00938	-0.886502	-0.699221	-0.461817	-0.20104	0.0545677	0.297924	0.519731	0.703357	0.832353	0.922239	0.995213	1.05333	1.08395	1.08731	1.06392	1.00531	0.906339	0.767312	0.608269	0.451578	0.315607	0.21927	0.169375	0.171411	0.233387	0.32296	0.424744	0.524277	0.597197	0.616311	0.585294	
-0.74169	-0.74169	-0.742049	-0.738008	-0.728025	-0.722003	-0.724126	-0.732191	-0.736443	-0.742798	-0.764676	-0.812764	-0.881096	-0.956875	-1.02959	-1.08637	-1.11242	-1.08816	-1.01069	-0.873189	-0.679084	-0.438042	-0.178089	0.0755832	0.315619	0.542238	0.731339	0.872676	0.973251	1.05667	1.12607	1.16828	1.17738	1.16385	1.1145	1.02713	0.903059	0.75839	0.61002	0.476444	0.370558	0.294914	0.260177	0.273435	0.313009	0.358561	0.403934	0.42818	0.408358	0.34537	
-0.85346	-0.85346	-0.850761	-0.83916	-0.82246	-0.809946	-0.813591	-0.825467	-0.83495	-0.841501	-0.85807	-0.898289	-0.955273	-1.01884	-1.07401	-1.11242	-1.11561	-1.07224	-0.975014	-0.82514	-0.623754	-0.379488	-0.121173	0.129908	0.369473	0.59376	0.791039	0.937544	1.04407	1.13202	1.20391	1.24592	1.25842	1.24172	1.19649	1.11574	1.0012	0.864968	0.72422	0.588931	0.468665	0.366339	0.291126	0.251865	0.233351	0.225101	0.217576	0.195806	0.14218	0.0636824	
-0.921382	-0.921382	-0.913866	-0.897152	-0.869841	-0.854486	-0.856045	-0.874351	-0.88802	-0.894305	-0.905989	-0.934688	-0.981903	-1.03029	-1.07089	-1.08816	-1.07224	-1.00759	-0.89547	-0.734527	-0.529322	-0.286931	-0.0328737	0.213837	0.446207	0.669944	0.865872	1.01549	1.12444	1.20918	1.27727	1.31685	1.32109	1.29959	1.25128	1.16825	1.05741	0.924725	0.783254	0.641209	0.506409	0.375357	0.261525	0.171832	0.106004	0.0465976	-0.00544866	-0.0587838	-0.128702	-0.216022	
-0.925442	-0.925442	-0.914325	-0.889592	-0.855109	-0.833331	-0.836225	-0.858719	-0.878608	-0.884832	-0.891535	-0.909952	-0.946689	-0.983298	-1.00938	-1.01069	-0.975014	-0.89547	-0.769821	-0.603847	-0.400545	-0.165564	0.0775752	0.31209	0.535082	0.747129	0.939167	1.0867	1.19347	1.27497	1.33733	1.3694	1.3676	1.33603	1.2788	1.19078	1.07723	0.941609	0.795368	0.643671	0.486785	0.32625	0.174477	0.042177	-0.0651583	-0.15485	-0.228157	-0.298888	-0.378615	-0.461919	
-0.846791	-0.846791	-0.831608	-0.800848	-0.758933	-0.734384	-0.73839	-0.768566	-0.794878	-0.804288	-0.806597	-0.816362	-0.844093	-0.870036	-0.886502	-0.873189	-0.82514	-0.734527	-0.603847	-0.441333	-0.247527	-0.0295601	0.195326	0.413937	0.620602	0.820716	1.00371	1.14568	1.25009	1.3241	1.37828	1.40348	1.39399	1.35486	1.29145	1.19668	1.07916	0.935563	0.778305	0.608043	0.426585	0.237725	0.0543762	-0.112631	-0.244996	-0.353532	-0.438923	-0.509792	-0.577419	-0.64543	
-0.684209	-0.684209	-0.664623	-0.627945	-0.578891	-0.551929	-0.557627	-0.594673	-0.629076	-0.641737	-0.642975	-0.645836	-0.667821	-0.688222	-0.699221	-0.679084	-0.623754	-0.529322	-0.400545	-0.247527	-0.0701361	0.124286	0.326081	0.521547	0.70916	0.891813	1.0615	1.19704	1.29826	1.36874	1.41827	1.43994	1.42617	1.38118	1.30873	1.20492	1.07822	0.925149	0.755351	0.568993	0.366542	0.152829	-0.0577424	-0.249144	-0.399351	-0.514954	-0.592915	-0.65361	-0.710183	-0.760305	
-0.429995	-0.429995	-0.408083	-0.365609	-0.315476	-0.287937	-0.301097	-0.347892	-0.39373	-0.414862	-0.417451	-0.418067	-0.43587	-0.453274	-0.461817	-0.438042	-0.379488	-0.286931	-0.165564	-0.0295601	0.124286	0.289426	0.461807	0.631994	0.800086	0.966227	1.12501	1.2564	1.35716	1.42711	1.47373	1.49165	1.47469	1.42551	1.34362	1.23134	1.09467	0.928836	0.744386	0.54312	0.320427	0.0924775	-0.130521	-0.331517	-0.488154	-0.601348	-0.674194	-0.726952	-0.766858	-0.792715	
-0.107649	-0.107649	-0.0829166	-0.039026	0.0118536	0.0332509	0.0117258	-0.0493721	-0.108745	-0.142763	-0.151253	-0.154699	-0.171897	-0.191096	-0.20104	-0.178089	-0.121173	-0.0328737	0.0775752	0.195326	0.326081	0.461807	0.606615	0.753617	0.903126	1.05591	1.20456	1.33183	1.43589	1.50842	1.55551	1.57363	1.55518	1.49949	1.40739	1.27957	1.12679	0.946184	0.750929	0.538362	0.311212	0.0810623	-0.144026	-0.345257	-0.500744	-0.610045	-0.673486	-0.712656	-0.739343	-0.744856	
0.241853	0.241853	0.267418	0.312645	0.358367	0.372739	0.337052	0.261627	0.184678	0.135973	0.116875	0.107949	0.0887374	0.0669127	0.0545677	0.0755832	0.129908	0.213837	0.31209	0.413937	0.521547	0.631994	0.753617	0.881358	1.02146	1.16811	1.31319	1.44491	1.55432	1.63358	1.68189	1.69547	1.66936	1.60382	1.49235	1.34673	1.17566	0.981823	0.777139	0.563857	0.338341	0.114765	-0.1007	-0.291362	-0.442517	-0.547245	-0.601622	-0.634712	-0.649924	-0.635477	
0.555621	0.555621	0.582588	0.627906	0.669614	0.67559	0.629351	0.541326	0.452274	0.390784	0.364178	0.350554	0.33254	0.309391	0.297924	0.315619	0.369473	0.446207	0.535082	0.620602	0.70916	0.800086	0.903126	1.02146	1.15918	1.30871	1.46021	1.59913	1.71984	1.80811	1.85633	1.86318	1.82446	1.73898	1.60424	1.4322	1.23827	1.03061	0.822959	0.615762	0.404332	0.199516	0.000420738	-0.177461	-0.325597	-0.42522	-0.477476	-0.501588	-0.504566	-0.470989	
0.80028	0.80028	0.828691	0.873951	0.911773	0.910704	0.856643	0.761519	0.66622	0.597973	0.568823	0.555571	0.543801	0.527266	0.519731	0.542238	0.59376	0.669944	0.747129	0.820716	0.891813	0.966227	1.05591	1.16811	1.30871	1.46838	1.62983	1.78191	1.91537	2.01308	2.06265	2.05741	2.00036	1.88963	1.72487	1.52343	1.30692	1.08744	0.883312	0.687891	0.499051	0.314653	0.136379	-0.0269134	-0.165114	-0.262968	-0.307346	-0.322533	-0.317143	-0.277839	
0.978565	0.978565	1.00772	1.05111	1.08369	1.07444	1.01279	0.913806	0.813783	0.744539	0.712592	0.704866	0.70246	0.697374	0.703357	0.731339	0.791039	0.865872	0.939167	1.00371	1.0615	1.12501	1.20456	1.31319	1.46021	1.62983	1.80414	1.96664	2.10898	2.21312	2.25701	2.23679	2.15537	2.01692	1.82455	1.5975	1.36284	1.14063	0.941058	0.764008	0.597404	0.434357	0.277031	0.132892	0.00348401	-0.0831559	-0.118083	-0.125421	-0.114212	-0.0723982	
1.10181	1.10181	1.13009	1.16966	1.19435	1.17485	1.106	1.00211	0.901956	0.829915	0.799084	0.794959	0.803308	0.813854	0.832353	0.872676	0.937544	1.01549	1.0867	1.14568	1.19704	1.2564	1.33183	1.44491	1.59913	1.78191	1.96664	2.13315	2.27591	2.37398	2.40495	2.36001	2.25124	2.08428	1.86888	1.62421	1.38358	1.16279	0.979495	0.821966	0.678358	0.536812	0.401014	0.271607	0.159718	0.084912	0.0574087	0.0597247	0.0742131	0.106442	
1.16819	1.16819	1.19542	1.2297	1.2473	1.21844	1.1443	1.04053	0.941607	0.873267	0.842052	0.844348	0.862321	0.888793	0.922239	0.973251	1.04407	1.12444	1.19347	1.25009	1.29826	1.35716	1.43589	1.55432	1.71984	1.91537	2.10898	2.27591	2.41038	2.49351	2.50148	2.42634	2.28386	2.08737	1.85378	1.59883	1.35858	1.15153	0.986397	0.852652	0.737672	0.618862	0.505817	0.398244	0.30361	0.23585	0.213204	0.21264	0.2171	0.233177	
1.1943	1.1943	1.21899	1.24701	1.25644	1.21931	1.14197	1.04125	0.948633	0.887677	0.860759	0.871718	0.901172	0.945946	0.995213	1.05667	1.13202	1.20918	1.27497	1.3241	1.36874	1.42711	1.50842	1.63358	1.80811	2.01308	2.21312	2.37398	2.49351	2.55445	2.53537	2.4294	2.25507	2.03427	1.78623	1.52653	1.29163	1.09624	0.949992	0.844738	0.75784	0.672303	0.593564	0.512272	0.437705	0.378126	0.345574	0.328212	0.315686	0.311193	
1.20229	1.20229	1.22245	1.24295	1.24233	1.19718	1.11763	1.02027	0.937276	0.884161	0.864874	0.883856	0.925298	0.988267	1.05333	1.12607	1.20391	1.27727	1.33733	1.37828	1.41827	1.47373	1.55551	1.68189	1.85633	2.06265	2.25701	2.40495	2.50148	2.53537	2.49075	2.36022	2.16326	1.92816	1.67396	1.41549	1.18629	1.00095	0.871671	0.791006	0.737434	0.693049	0.651763	0.603452	0.552394	0.495627	0.450276	0.415638	0.378984	0.349275	
1.2051	1.2051	1.21897	1.22865	1.2157	1.16124	1.07688	0.982834	0.906537	0.861609	0.849049	0.873914	0.926209	1.00423	1.08395	1.16828	1.24592	1.31685	1.3694	1.40348	1.43994	1.49165	1.57363	1.69547	1.86318	2.05741	2.23679	2.36001	2.42634	2.4294	2.36022	2.21235	2.00486	1.76378	1.5124	1.26083	1.04021	0.866412	0.755099	0.699794	0.680226	0.674426	0.669834	0.649911	0.617504	0.563482	0.509377	0.454194	0.397923	0.349072	
1.18413	1.18413	1.19016	1.18737	1.16161	1.09756	1.00984	0.918503	0.849661	0.814375	0.808641	0.841107	0.902119	0.992242	1.08731	1.17738	1.25842	1.32109	1.3676	1.39399	1.42617	1.47469	1.55518	1.66936	1.82446	2.00036	2.15537	2.25124	2.28386	2.25507	2.16326	2.00486	1.78957	1.55189	1.30477	1.06375	0.855978	0.698758	0.606626	0.583067	0.595624	0.627995	0.650867	0.651718	0.625328	0.570938	0.504677	0.436771	0.365993	0.30292	
1.10767	1.10767	1.10483	1.09114	1.0531	0.98441	0.896717	0.811321	0.75604	0.731361	0.742093	0.781913	0.855795	0.957633	1.06392	1.16385	1.24172	1.29959	1.33603	1.35486	1.38118	1.42551	1.49949	1.60382	1.73898	1.88963	2.01692	2.08428	2.08737	2.03427	1.92816	1.76378	1.55189	1.31474	1.07058	0.838767	0.643076	0.501745	0.439979	0.445708	0.492505	0.557171	0.60094	0.611415	0.588393	0.529736	0.45311	0.367958	0.278579	0.202778	
0.967846	0.967846	0.956386	0.929568	0.881411	0.808264	0.721852	0.645286	0.601351	0.594814	0.621875	0.677664	0.766988	0.881915	1.00531	1.1145	1.19649	1.25128	1.2788	1.29145	1.30873	1.34362	1.40739	1.49235	1.60424	1.72487	1.82455	1.86888	1.85378	1.78623	1.67396	1.5124	1.30477	1.07058	0.831449	0.606565	0.423815	0.303955	0.26351	0.293343	0.367038	0.45137	0.510023	0.533456	0.5116	0.449396	0.363452	0.257665	0.146957	0.0552729	
0.751991	0.751991	0.732347	0.692792	0.637475	0.561433	0.481307	0.414062	0.38669	0.400441	0.450559	0.528089	0.635665	0.767231	0.906339	1.02713	1.11574	1.16825	1.19078	1.19668	1.20492	1.23134	1.27957	1.34673	1.4322	1.52343	1.5975	1.62421	1.59883	1.52653	1.41549	1.26083	1.06375	0.838767	0.606565	0.39319	0.227141	0.122074	0.0989883	0.142109	0.225226	0.317991	0.389264	0.419845	0.402023	0.342486	0.247607	0.122247	-0.00863336	-0.111489	
0.465757	0.465757	0.437643	0.389015	0.326359	0.252718	0.178931	0.124453	0.114012	0.150996	0.227892	0.331983	0.461355	0.61192	0.767312	0.903059	1.0012	1.05741	1.07723	1.07916	1.07822	1.09467	1.12679	1.17566	1.23827	1.30692	1.36284	1.38358	1.35858	1.29163	1.18629	1.04021	0.855978	0.643076	0.423815	0.227141	0.076115	-0.013789	-0.0296162	0.0124807	0.0954193	0.187381	0.261166	0.296748	0.280477	0.215773	0.114447	-0.0208123	-0.161337	-0.273679	
0.133548	0.133548	0.0994361	0.0412353	-0.0240696	-0.0957856	-0.160054	-0.201079	-0.193337	-0.13026	-0.0232073	0.112335	0.267144	0.437919	0.608269	0.75839	0.864968	0.924725	0.941609	0.935563	0.925149	0.928836	0.946184	0.981823	1.03061	1.08744	1.14063	1.16279	1.15153	1.09624	1.00095	0.866412	0.698758	0.501745	0.303955	0.122074	-0.013789	-0.0963647	-0.114029	-0.0799463	-0.00413523	0.0780135	0.153468	0.188153	0.169522	0.101612	-0.00256883	-0.143315	-0.289324	-0.407556	
-0.211065	-0.211065	-0.249405	-0.31369	-0.378854	-0.446275	-0.499085	-0.525494	-0.499414	-0.407788	-0.271787	-0.099869	0.0785801	0.269617	0.451578	0.61002	0.72422	0.783254	0.795368	0.778305	0.755351	0.744386	0.750929	0.777139	0.822959	0.883312	0.941058	0.979495	0.986397	0.949992	0.871671	0.755099	0.606626	0.439979	0.26351	0.0989883	-0.0296162	-0.114029	-0.145414	-0.12107	-0.058645	0.0178474	0.0911316	0.123821	0.102748	0.030269	-0.0746219	-0.210697	-0.35758	-0.488397	
-0.5183	-0.5183	-0.560746	-0.62542	-0.692846	-0.752106	-0.796927	-0.809683	-0.764947	-0.651087	-0.48216	-0.28096	-0.076575	0.129075	0.315607	0.476444	0.588931	0.641209	0.643671	0.608043	0.568993	0.54312	0.538362	0.563857	0.615762	0.687891	0.764008	0.821966	0.852652	0.844738	0.791006	0.699794	0.583067	0.445708	0.293343	0.142109	0.0124807	-0.0799463	-0.12107	-0.107901	-0.0585074	0.0100111	0.0739218	0.103207	0.0864397	0.0238417	-0.0706043	-0.199139	-0.355122	-0.507542	
-0.750362	-0.750362	-0.79317	-0.858871	-0.923946	-0.979259	-1.01625	-1.01862	-0.959458	-0.825105	-0.629767	-0.402442	-0.176907	0.0357188	0.21927	0.370558	0.468665	0.506409	0.486785	0.426585	0.366542	0.320427	0.311212	0.338341	0.404332	0.499051	0.597404	0.678358	0.737672	0.75784	0.737434	0.680226	0.595624	0.492505	0.367038	0.225226	0.0954193	-0.00413523	-0.058645	-0.0585074	-0.0214208	0.0377033	0.0955218	0.134343	0.135479	0.0877818	0.00449948	-0.117329	-0.282966	-0.458501	
-0.895852	-0.895852	-0.936484	-0.999212	-1.05946	-1.11019	-1.13939	-1.13349	-1.06077	-0.910608	-0.693772	-0.447814	-0.209276	0.000312772	0.169375	0.294914	0.366339	0.375357	0.32625	0.237725	0.152829	0.0924775	0.0810623	0.114765	0.199516	0.314653	0.434357	0.536812	0.618862	0.672303	0.693049	0.674426	0.627995	0.557171	0.45137	0.317991	0.187381	0.0780135	0.0178474	0.0100111	0.0377033	0.0915567	0.151323	0.204299	0.227323	0.204187	0.138145	0.0210847	-0.154834	-0.346307	
-0.959085	-0.959085	-0.995563	-1.05022	-1.10447	-1.14758	-1.17076	-1.15551	-1.07138	-0.907112	-0.674222	-0.415646	-0.171895	0.0273157	0.171411	0.260177	0.291126	0.261525	0.174477	0.0543762	-0.0577424	-0.130521	-0.144026	-0.1007	0.000420738	0.136379	0.277031	0.401014	0.505817	0.593564	0.651763	0.669834	0.650867	0.60094	0.510023	0.389264	0.261166	0.153468	0.0911316	0.0739218	0.0955218	0.151323	0.220084	0.297092	0.352401	0.354479	0.302081	0.188785	0.014236	-0.190792	
-0.964664	-0.964664	-0.993365	-1.03596	-1.0781	-1.11024	-1.12265	-1.09487	-0.995126	-0.815884	-0.567303	-0.301579	-0.0577803	0.122894	0.233387	0.273435	0.251865	0.171832	0.042177	-0.112631	-0.249144	-0.331517	-0.345257	-0.291362	-0.177461	-0.0269134	0.132892	0.271607	0.398244	0.512272	0.603452	0.649911	0.651718	0.611415	0.533456	0.419845	0.296748	0.188153	0.123821	0.103207	0.134343	0.204299	0.297092	0.403859	0.48405	0.509575	0.475277	0.374162	0.205515	-0.00137571	
-0.919911	-0.919911	-0.937397	-0.96717	-0.990739	-1.01251	-1.01017	-0.969941	-0.855575	-0.661025	-0.405878	-0.136162	0.0950606	0.254122	0.32296	0.313009	0.233351	0.106004	-0.0651583	-0.244996	-0.399351	-0.488154	-0.500744	-0.442517	-0.325597	-0.165114	0.00348401	0.159718	0.30361	0.437705	0.552394	0.617504	0.625328	0.588393	0.5116	0.402023	0.280477	0.169522	0.102748	0.0864397	0.135479	0.227323	0.352401	0.48405	0.590956	0.642798	0.634208	0.548986	0.397699	0.196793	
-0.843344	-0.843344	-0.850966	-0.860329	-0.868438	-0.869809	-0.855902	-0.796746	-0.670023	-0.46071	-0.204046	0.0611419	0.271675	0.40014	0.424744	0.358561	0.225101	0.0465976	-0.15485	-0.353532	-0.514954	-0.601348	-0.610045	-0.547245	-0.42522	-0.262968	-0.0831559	0.084912	0.23585	0.378126	0.495627	0.563482	0.570938	0.529736	0.449396	0.342486	0.215773	0.101612	0.030269	0.0238417	0.0877818	0.204187	0.354479	0.509575	0.642798	0.730635	0.75596	0.697331	0.568499	0.378331	
-0.765432	-0.765432	-0.760537	-0.747965	-0.732429	-0.709921	-0.674367	-0.594839	-0.44929	-0.229584	0.0277589	0.277232	0.459616	0.548685	0.524277	0.403934	0.217576	-0.00544866	-0.228157	-0.438923	-0.592915	-0.674194	-0.673486	-0.601622	-0.477476	-0.307346	-0.118083	0.0574087	0.213204	0.345574	0.450276	0.509377	0.504677	0.45311	0.363452	0.247607	0.114447	-0.00256883	-0.0746219	-0.0706043	0.00449948	0.138145	0.302081	0.475277	0.634208	0.75596	0.814851	0.797061	0.702256	0.542885	
-0.685351	-0.685351	-0.668089	-0.633687	-0.592203	-0.543496	-0.48262	-0.382877	-0.218742	0.00482509	0.258115	0.480002	0.628091	0.66932	0.597197	0.42818	0.195806	-0.0587838	-0.298888	-0.509792	-0.65361	-0.726952	-0.712656	-0.634712	-0.501588	-0.322533	-0.125421	0.0597247	0.21264	0.328212	0.415638	0.454194	0.436771	0.367958	0.257665	0.122247	-0.0208123	-0.143315	-0.210697	-0.199139	-0.117329	0.0210847	0.188785	0.374162	0.548986	0.697331	0.797061	0.829988	0.777001	0.662007	
-0.617835	-0.617835	-0.588227	-0.534603	-0.464172	-0.388961	-0.299444	-0.18018	-0.00252416	0.219518	0.456569	0.643199	0.745468	0.735341	0.616311	0.408358	0.14218	-0.128702	-0.378615	-0.577419	-0.710183	-0.766858	-0.739343	-0.649924	-0.504566	-0.317143	-0.114212	0.0742131	0.2171	0.315686	0.378984	0.397923	0.365993	0.278579	0.146957	-0.00863336	-0.161337	-0.289324	-0.35758	-0.355122	-0.282966	-0.154834	0.014236	0.205515	0.397699	0.568499	0.702256	0.777001	0.771793	0.700347	
-0.595464	-0.595464	-0.555086	-0.479849	-0.380434	-0.270289	-0.150327	-0.0046116	0.181586	0.401641	0.612053	0.760135	0.808792	0.746291	0.585294	0.34537	0.0636824	-0.216022	-0.461919	-0.64543	-0.760305	-0.792715	-0.744856	-0.635477	-0.470989	-0.277839	-0.0723982	0.106442	0.233177	0.311193	0.349275	0.349072	0.30292	0.202778	0.0552729	-0.111489	-0.273679	-0.407556	-0.488397	-0.507542	-0.458501	-0.346307	-0.190792	-0.00137571	0.196793	0.378331	0.542885	0.662007	0.700347	0.655653	
