-0.0396732	-0.0396732	-0.037653	-0.0407238	-0.036803	-0.0397455	-0.0380141	-0.0378794	-0.0400219	-0.0373798	-0.0401824	-0.0393455	-0.0380446	-0.0407225	-0.0380744	-0.0387304	-0.0405017	-0.03932	-0.0394784	-0.0425291	-0.0388013	-0.0399925	-0.0391799	-0.0346259	-0.0343024	-0.0227848	-0.00654026	0.020715	0.0647925	0.139008	0.239973	0.379076	0.558695	0.7606	0.961688	1.13901	1.23522	1.21923	1.08179	0.821728	0.473727	0.109446	-0.231136	-0.513149	-0.718279	-0.840787	-0.883429	-0.842564	-0.720941	-0.542751	
-0.0396732	-0.0396732	-0.037653	-0.0407238	-0.036803	-0.0397455	-0.0380141	-0.0378794	-0.0400219	-0.0373798	-0.0401824	-0.0393455	-0.0380446	-0.0407225	-0.0380744	-0.0387304	-0.0405017	-0.03932	-0.0394784	-0.0425291	-0.0388013	-0.0399925	-0.0391799	-0.0346259	-0.0343024	-0.0227848	-0.00654026	0.020715	0.0647925	0.139008	0.239973	0.379076	0.558695	0.7606	0.961688	1.13901	1.23522	1.21923	1.08179	0.821728	0.473727	0.109446	-0.231136	-0.513149	-0.718279	-0.840787	-0.883429	-0.842564	-0.720941	-0.542751	
-0.037653	-0.037653	-0.0363914	-0.0397118	-0.0374891	-0.0400783	-0.040214	-0.0386591	-0.0406828	-0.0388174	-0.037967	-0.0403078	-0.038059	-0.0404869	-0.0408331	-0.0410661	-0.0408613	-0.0396222	-0.0396168	-0.0392069	-0.0372527	-0.0408635	-0.0408668	-0.0342947	-0.0312096	-0.0217561	-0.00632725	0.0223064	0.0674443	0.139346	0.241246	0.381168	0.559863	0.758893	0.959989	1.13468	1.23091	1.21407	1.07828	0.819654	0.476163	0.113332	-0.226077	-0.507192	-0.713168	-0.835738	-0.880063	-0.839521	-0.720038	-0.545858	
-0.0407238	-0.0407238	-0.0397118	-0.0400174	-0.037721	-0.038667	-0.0366183	-0.03785	-0.038504	-0.0374179	-0.0411057	-0.0386333	-0.0390974	-0.0398455	-0.03719	-0.0371394	-0.0397974	-0.0391171	-0.0402316	-0.043213	-0.0412414	-0.0395491	-0.0370193	-0.0354997	-0.0347338	-0.0230747	-0.00580465	0.0212964	0.0667527	0.140801	0.242039	0.379953	0.556125	0.755846	0.953544	1.12384	1.21717	1.20354	1.06808	0.814937	0.47868	0.120503	-0.215288	-0.495796	-0.699823	-0.825271	-0.868803	-0.830741	-0.71466	-0.546461	
-0.036803	-0.036803	-0.0374891	-0.037721	-0.0394176	-0.0391023	-0.040822	-0.0398821	-0.0396685	-0.040187	-0.0375647	-0.0396097	-0.0389147	-0.0394429	-0.041297	-0.0415731	-0.0407967	-0.0404047	-0.039568	-0.0384812	-0.0377588	-0.0394189	-0.0404154	-0.036433	-0.0292929	-0.020509	-0.00434947	0.0252155	0.0714601	0.141596	0.245691	0.384866	0.557474	0.750976	0.947206	1.11094	1.20274	1.18837	1.05592	0.809207	0.483958	0.132061	-0.20055	-0.477785	-0.683824	-0.809926	-0.857023	-0.820688	-0.710771	-0.553154	
-0.0397455	-0.0397455	-0.0400783	-0.038667	-0.0391023	-0.0380465	-0.0377814	-0.038439	-0.0378329	-0.0391854	-0.0394741	-0.0392251	-0.0405334	-0.0385034	-0.0396286	-0.038241	-0.038953	-0.0391349	-0.041265	-0.0397261	-0.0422591	-0.0405274	-0.0365207	-0.0352614	-0.0305515	-0.0219287	-0.00426334	0.0247596	0.0740413	0.145599	0.247707	0.384089	0.553822	0.745911	0.935991	1.09111	1.17935	1.16709	1.03762	0.79974	0.489135	0.145077	-0.179535	-0.455221	-0.659247	-0.789236	-0.83684	-0.804465	-0.701736	-0.556508	
-0.0380141	-0.0380141	-0.040214	-0.0366183	-0.040822	-0.0377814	-0.0390923	-0.0401785	-0.0376421	-0.0402375	-0.0387405	-0.0383258	-0.0402119	-0.0380994	-0.040475	-0.0397638	-0.0400538	-0.041857	-0.0392811	-0.0405674	-0.0406455	-0.0375057	-0.0378705	-0.0390301	-0.0293074	-0.0201078	-0.00117142	0.0296659	0.0761565	0.14645	0.252118	0.3895	0.551984	0.738524	0.922481	1.07015	1.1527	1.14186	1.01445	0.790088	0.493374	0.162415	-0.155985	-0.426026	-0.631624	-0.763428	-0.814231	-0.785712	-0.692942	-0.561793	
-0.0378794	-0.0378794	-0.0386591	-0.03785	-0.0398821	-0.038439	-0.0401785	-0.0398452	-0.0386775	-0.0410651	-0.0382178	-0.0395159	-0.0410031	-0.0378943	-0.0413089	-0.0405259	-0.0385157	-0.0401345	-0.0400681	-0.037589	-0.0405639	-0.0397647	-0.0377329	-0.0350855	-0.0252069	-0.0187578	-0.000643799	0.0309496	0.0827394	0.153765	0.257013	0.390476	0.551096	0.73238	0.908309	1.04437	1.12317	1.11082	0.989251	0.777006	0.498955	0.180772	-0.126501	-0.391998	-0.597654	-0.732239	-0.786069	-0.763084	-0.681076	-0.567457	
-0.0400219	-0.0400219	-0.0406828	-0.038504	-0.0396685	-0.0378329	-0.0376421	-0.0386775	-0.0370398	-0.0393166	-0.0391009	-0.038677	-0.0410402	-0.0379744	-0.0406511	-0.0390531	-0.0391878	-0.0422576	-0.0402755	-0.0411473	-0.0430408	-0.0382999	-0.0367535	-0.0376693	-0.0285635	-0.0194968	0.00234147	0.0352258	0.0840375	0.155509	0.260483	0.393968	0.547698	0.722769	0.888358	1.01572	1.08673	1.07404	0.956831	0.76056	0.500295	0.199489	-0.0950715	-0.35429	-0.559258	-0.69632	-0.75277	-0.735806	-0.666516	-0.569191	
-0.0373798	-0.0373798	-0.0388174	-0.0374179	-0.040187	-0.0391854	-0.0402375	-0.0410651	-0.0393166	-0.0410159	-0.0390818	-0.0390843	-0.0403689	-0.0381144	-0.0408855	-0.0403105	-0.0386159	-0.0421523	-0.0373466	-0.0399204	-0.0395577	-0.0374175	-0.0373896	-0.0356119	-0.0239272	-0.0154579	0.00515609	0.0392111	0.0901098	0.163666	0.267652	0.398228	0.547357	0.715366	0.870188	0.987488	1.05006	1.03517	0.923327	0.744079	0.501433	0.221712	-0.0598944	-0.310138	-0.516115	-0.654138	-0.715368	-0.705882	-0.650575	-0.571605	
-0.0401824	-0.0401824	-0.037967	-0.0411057	-0.0375647	-0.0394741	-0.0387405	-0.0382178	-0.0391009	-0.0390818	-0.0392154	-0.0397117	-0.0401623	-0.0398895	-0.0399051	-0.0409854	-0.0397808	-0.0405853	-0.0413627	-0.0399608	-0.0408237	-0.0393576	-0.0390902	-0.0329362	-0.02599	-0.0150755	0.00707356	0.0412573	0.0947906	0.16971	0.272169	0.398488	0.546759	0.704647	0.849112	0.952923	1.00933	0.987883	0.886132	0.719191	0.499355	0.239279	-0.0228158	-0.265856	-0.468553	-0.608157	-0.672934	-0.671981	-0.630327	-0.569577	
-0.0393455	-0.0393455	-0.0403078	-0.0386333	-0.0396097	-0.0392251	-0.0383258	-0.0395159	-0.038677	-0.0390843	-0.0397117	-0.0395249	-0.0400005	-0.0397914	-0.0403061	-0.0396593	-0.0392676	-0.0419076	-0.0390544	-0.0415653	-0.0417512	-0.0381602	-0.0357432	-0.0340835	-0.0262066	-0.0132482	0.0107897	0.0471703	0.0997945	0.17406	0.277708	0.405104	0.546035	0.693785	0.826276	0.922113	0.965237	0.940711	0.844412	0.694399	0.493065	0.259134	0.0147447	-0.216975	-0.416537	-0.556208	-0.625787	-0.634319	-0.607474	-0.563791	
-0.0380446	-0.0380446	-0.038059	-0.0390974	-0.0389147	-0.0405334	-0.0402119	-0.0410031	-0.0410402	-0.0403689	-0.0401623	-0.0400005	-0.038355	-0.0405485	-0.0385977	-0.0406143	-0.0412411	-0.0390739	-0.040982	-0.0389014	-0.0375962	-0.0384297	-0.0388064	-0.0305707	-0.0239844	-0.0081835	0.0137883	0.0490111	0.105359	0.185054	0.285775	0.406604	0.545875	0.684624	0.80662	0.887723	0.920994	0.889696	0.802811	0.663449	0.485396	0.275755	0.053384	-0.166998	-0.360267	-0.49949	-0.574641	-0.593326	-0.581187	-0.55467	
-0.0407225	-0.0407225	-0.0404869	-0.0398455	-0.0394429	-0.0385034	-0.0380994	-0.0378943	-0.0379744	-0.0381144	-0.0398895	-0.0397914	-0.0405485	-0.0430008	-0.0392595	-0.0424619	-0.0412505	-0.0390228	-0.0438813	-0.0406308	-0.042397	-0.0402351	-0.0364117	-0.0312851	-0.0264225	-0.00836351	0.0151914	0.0539219	0.112807	0.18802	0.288669	0.41115	0.547215	0.671603	0.782913	0.85243	0.873428	0.835674	0.755042	0.626765	0.470972	0.287637	0.0880158	-0.118314	-0.301937	-0.440355	-0.519506	-0.549517	-0.54971	-0.540206	
-0.0380744	-0.0380744	-0.0408331	-0.03719	-0.041297	-0.0396286	-0.040475	-0.0413089	-0.0406511	-0.0408855	-0.0399051	-0.0403061	-0.0385977	-0.0392595	-0.0391719	-0.0390022	-0.0404652	-0.0382558	-0.0427354	-0.0365068	-0.0399951	-0.0396415	-0.034475	-0.0305507	-0.022685	-0.00468405	0.0195237	0.058348	0.117123	0.196179	0.297917	0.417712	0.544644	0.662241	0.763072	0.820554	0.825708	0.784305	0.707049	0.589372	0.455605	0.298845	0.123008	-0.0666169	-0.238297	-0.374561	-0.45927	-0.499703	-0.5142	-0.521039	
-0.0387304	-0.0387304	-0.0410661	-0.0371394	-0.0415731	-0.038241	-0.0397638	-0.0405259	-0.0390531	-0.0403105	-0.0409854	-0.0396593	-0.0406143	-0.0424619	-0.0390022	-0.0426922	-0.0426278	-0.0397296	-0.043822	-0.040321	-0.040144	-0.0380462	-0.0349648	-0.0323793	-0.0226467	-0.00193297	0.021697	0.0626475	0.124049	0.204633	0.302703	0.42079	0.545072	0.654254	0.742075	0.785307	0.777555	0.731572	0.653883	0.54625	0.432545	0.302884	0.149617	-0.0185082	-0.176914	-0.30891	-0.397847	-0.448412	-0.474891	-0.497957	
-0.0405017	-0.0405017	-0.0408613	-0.0397974	-0.0407967	-0.038953	-0.0400538	-0.0385157	-0.0391878	-0.0386159	-0.0397808	-0.0392676	-0.0412411	-0.0412505	-0.0404652	-0.0426278	-0.0394648	-0.0390541	-0.0426793	-0.0373126	-0.0424242	-0.0422605	-0.0350579	-0.0301797	-0.0189729	-0.00224673	0.0229845	0.0673055	0.129452	0.208239	0.308642	0.427618	0.543852	0.643437	0.721044	0.752595	0.730803	0.678802	0.598948	0.501088	0.406898	0.30157	0.173719	0.028571	-0.112586	-0.239667	-0.330458	-0.390853	-0.428802	-0.469634	
-0.03932	-0.03932	-0.0396222	-0.0391171	-0.0404047	-0.0391349	-0.041857	-0.0401345	-0.0422576	-0.0421523	-0.0405853	-0.0419076	-0.0390739	-0.0390228	-0.0382558	-0.0397296	-0.0390541	-0.0424044	-0.042343	-0.0404174	-0.039892	-0.0356233	-0.0319809	-0.0312207	-0.0185746	-0.00108294	0.0292671	0.0729926	0.134664	0.216375	0.318201	0.431207	0.542928	0.637674	0.704755	0.719868	0.687262	0.628012	0.544479	0.454893	0.377053	0.295498	0.191453	0.0742112	-0.0511999	-0.167922	-0.261462	-0.32861	-0.379445	-0.438175	
-0.0394784	-0.0394784	-0.0396168	-0.0402316	-0.039568	-0.041265	-0.0392811	-0.0400681	-0.0402755	-0.0373466	-0.0413627	-0.0390544	-0.040982	-0.0438813	-0.0427354	-0.043822	-0.0426793	-0.042343	-0.0378795	-0.0408687	-0.0400221	-0.0398156	-0.0362413	-0.0300595	-0.0160983	0.00269844	0.0319228	0.0760858	0.139096	0.224416	0.322982	0.436186	0.543462	0.632239	0.684307	0.689476	0.645316	0.577096	0.486842	0.405967	0.341005	0.279505	0.201819	0.111134	0.00623453	-0.0998747	-0.19099	-0.263841	-0.327831	-0.401355	
-0.0425291	-0.0425291	-0.0392069	-0.043213	-0.0384812	-0.0397261	-0.0405674	-0.037589	-0.0411473	-0.0399204	-0.0399608	-0.0415653	-0.0389014	-0.0406308	-0.0365068	-0.040321	-0.0373126	-0.0404174	-0.0408687	-0.0432521	-0.0386033	-0.0373582	-0.0359738	-0.0254679	-0.0151025	0.0016902	0.0328698	0.0805295	0.145669	0.228703	0.329825	0.439375	0.54453	0.62376	0.668841	0.660025	0.607931	0.525517	0.433769	0.35683	0.302602	0.259585	0.208237	0.146066	0.0615103	-0.0280694	-0.114684	-0.19194	-0.267723	-0.358897	
-0.0388013	-0.0388013	-0.0372527	-0.0412414	-0.0377588	-0.0422591	-0.0406455	-0.0405639	-0.0430408	-0.0395577	-0.0408237	-0.0417512	-0.0375962	-0.042397	-0.0399951	-0.040144	-0.0424242	-0.039892	-0.0400221	-0.0386033	-0.0371652	-0.0359661	-0.0318973	-0.0221754	-0.017162	0.00667547	0.042512	0.0869717	0.151084	0.238155	0.33931	0.444698	0.54782	0.621964	0.655784	0.635763	0.574303	0.4787	0.383926	0.30715	0.260999	0.232484	0.207835	0.169644	0.109429	0.0376817	-0.0409263	-0.12039	-0.209324	-0.312842	
-0.0399925	-0.0399925	-0.0408635	-0.0395491	-0.0394189	-0.0405274	-0.0375057	-0.0397647	-0.0382999	-0.0374175	-0.0393576	-0.0381602	-0.0384297	-0.0402351	-0.0396415	-0.0380462	-0.0422605	-0.0356233	-0.0398156	-0.0373582	-0.0359661	-0.0354276	-0.0335682	-0.023612	-0.0126945	0.0142789	0.0426483	0.089238	0.157375	0.245682	0.343006	0.451386	0.550588	0.617566	0.640292	0.615585	0.541391	0.433591	0.335393	0.257326	0.215867	0.200609	0.200669	0.185306	0.152298	0.101839	0.0352828	-0.0438218	-0.143882	-0.256629	
-0.0391799	-0.0391799	-0.0408668	-0.0370193	-0.0404154	-0.0365207	-0.0378705	-0.0377329	-0.0367535	-0.0373896	-0.0390902	-0.0357432	-0.0388064	-0.0364117	-0.034475	-0.0349648	-0.0350579	-0.0319809	-0.0362413	-0.0359738	-0.0318973	-0.0335682	-0.023882	-0.0154782	-0.00524665	0.0159943	0.0480411	0.0985811	0.168136	0.255743	0.353697	0.459728	0.554234	0.618489	0.633456	0.601878	0.510993	0.398343	0.292567	0.21256	0.169293	0.169679	0.187143	0.19412	0.189506	0.161028	0.112206	0.0320083	-0.0727393	-0.195033	
-0.0346259	-0.0346259	-0.0342947	-0.0354997	-0.036433	-0.0352614	-0.0390301	-0.0350855	-0.0376693	-0.0356119	-0.0329362	-0.0340835	-0.0305707	-0.0312851	-0.0305507	-0.0323793	-0.0301797	-0.0312207	-0.0300595	-0.0254679	-0.0221754	-0.023612	-0.0154782	-0.010978	0.000543255	0.026811	0.0622648	0.113418	0.180238	0.266541	0.365898	0.473086	0.566961	0.622659	0.631438	0.591226	0.49163	0.370377	0.256801	0.169709	0.12727	0.138467	0.166707	0.197256	0.217583	0.217116	0.183343	0.109516	0.00213502	-0.127784	
-0.0343024	-0.0343024	-0.0312096	-0.0347338	-0.0292929	-0.0305515	-0.0293074	-0.0252069	-0.0285635	-0.0239272	-0.02599	-0.0262066	-0.0239844	-0.0264225	-0.022685	-0.0226467	-0.0189729	-0.0185746	-0.0160983	-0.0151025	-0.017162	-0.0126945	-0.00524665	0.000543255	0.0184727	0.0443087	0.0751806	0.124157	0.195018	0.285246	0.38657	0.489282	0.578346	0.629831	0.638007	0.587714	0.478002	0.348668	0.227836	0.132433	0.0907181	0.105025	0.143592	0.193866	0.241491	0.266549	0.25327	0.189617	0.0853981	-0.0500892	
-0.0227848	-0.0227848	-0.0217561	-0.0230747	-0.020509	-0.0219287	-0.0201078	-0.0187578	-0.0194968	-0.0154579	-0.0150755	-0.0132482	-0.0081835	-0.00836351	-0.00468405	-0.00193297	-0.00224673	-0.00108294	0.00269844	0.0016902	0.00667547	0.0142789	0.0159943	0.026811	0.0443087	0.0621064	0.0981314	0.155197	0.225489	0.312603	0.412288	0.514663	0.602886	0.654144	0.655687	0.594355	0.479263	0.344893	0.212738	0.10905	0.065887	0.0796248	0.124474	0.192477	0.262822	0.313918	0.32112	0.273767	0.174206	0.035186	
-0.00654026	-0.00654026	-0.00632725	-0.00580465	-0.00434947	-0.00426334	-0.00117142	-0.000643799	0.00234147	0.00515609	0.00707356	0.0107897	0.0137883	0.0151914	0.0195237	0.021697	0.0229845	0.0292671	0.0319228	0.0328698	0.042512	0.0426483	0.0480411	0.0622648	0.0751806	0.0981314	0.141771	0.192559	0.260064	0.350707	0.451582	0.553848	0.640524	0.688475	0.681758	0.616214	0.498348	0.354333	0.208568	0.10104	0.0528608	0.0613992	0.109395	0.191906	0.281789	0.356677	0.387998	0.360391	0.270813	0.129973	
0.020715	0.020715	0.0223064	0.0212964	0.0252155	0.0247596	0.0296659	0.0309496	0.0352258	0.0392111	0.0412573	0.0471703	0.0490111	0.0539219	0.058348	0.0626475	0.0673055	0.0729926	0.0760858	0.0805295	0.0869717	0.089238	0.0985811	0.113418	0.124157	0.155197	0.192559	0.243592	0.312803	0.407717	0.507301	0.609298	0.690847	0.73764	0.728135	0.659896	0.535158	0.378978	0.227395	0.114967	0.056845	0.0561838	0.108022	0.199437	0.30387	0.401065	0.457317	0.45379	0.375931	0.236708	
0.0647925	0.0647925	0.0674443	0.0667527	0.0714601	0.0740413	0.0761565	0.0827394	0.0840375	0.0901098	0.0947906	0.0997945	0.105359	0.112807	0.117123	0.124049	0.129452	0.134664	0.139096	0.145669	0.151084	0.157375	0.168136	0.180238	0.195018	0.225489	0.260064	0.312803	0.388927	0.482018	0.577911	0.676002	0.762477	0.809264	0.793488	0.719985	0.590943	0.427814	0.27163	0.149502	0.0793573	0.0717798	0.125806	0.217509	0.334957	0.450256	0.535352	0.553635	0.493406	0.357229	
0.139008	0.139008	0.139346	0.140801	0.141596	0.145599	0.14645	0.153765	0.155509	0.163666	0.16971	0.17406	0.185054	0.18802	0.196179	0.204633	0.208239	0.216375	0.224416	0.228703	0.238155	0.245682	0.255743	0.266541	0.285246	0.312603	0.350707	0.407717	0.482018	0.56771	0.666583	0.770856	0.857312	0.894491	0.876535	0.806232	0.671371	0.500533	0.338164	0.207304	0.124778	0.112533	0.159275	0.249483	0.373696	0.507535	0.61598	0.658457	0.616737	0.491836	
0.239973	0.239973	0.241246	0.242039	0.245691	0.247707	0.252118	0.257013	0.260483	0.267652	0.272169	0.277708	0.285775	0.288669	0.297917	0.302703	0.308642	0.318201	0.322982	0.329825	0.33931	0.343006	0.353697	0.365898	0.38657	0.412288	0.451582	0.507301	0.577911	0.666583	0.770675	0.872473	0.951175	0.989357	0.977701	0.904068	0.75902	0.587024	0.421891	0.280342	0.187571	0.16939	0.206425	0.293686	0.422711	0.572214	0.701463	0.769463	0.749855	0.645209	
0.379076	0.379076	0.381168	0.379953	0.384866	0.384089	0.3895	0.390476	0.393968	0.398228	0.398488	0.405104	0.406604	0.41115	0.417712	0.42079	0.427618	0.431207	0.436186	0.439375	0.444698	0.451386	0.459728	0.473086	0.489282	0.514663	0.553848	0.609298	0.676002	0.770856	0.872473	0.969296	1.04881	1.09446	1.08076	0.999219	0.854807	0.686892	0.514107	0.36137	0.26397	0.238647	0.264281	0.347135	0.478329	0.639465	0.786065	0.87905	0.885089	0.807949	
0.558695	0.558695	0.559863	0.556125	0.557474	0.553822	0.551984	0.551096	0.547698	0.547357	0.546759	0.546035	0.545875	0.547215	0.544644	0.545072	0.543852	0.542928	0.543462	0.54453	0.54782	0.550588	0.554234	0.566961	0.578346	0.602886	0.640524	0.690847	0.762477	0.857312	0.951175	1.04881	1.1363	1.18022	1.16165	1.08191	0.945141	0.773302	0.592138	0.43556	0.338077	0.299984	0.3166	0.393601	0.527382	0.693866	0.856838	0.972684	1.01119	0.963877	
0.7606	0.7606	0.758893	0.755846	0.750976	0.745911	0.738524	0.73238	0.722769	0.715366	0.704647	0.693785	0.684624	0.671603	0.662241	0.654254	0.643437	0.637674	0.632239	0.62376	0.621964	0.617566	0.618489	0.622659	0.629831	0.654144	0.688475	0.73764	0.809264	0.894491	0.989357	1.09446	1.18022	1.21987	1.20583	1.1326	0.995847	0.819869	0.637448	0.484196	0.379814	0.331156	0.341136	0.415859	0.54776	0.717814	0.894918	1.03577	1.11063	1.09521	
0.961688	0.961688	0.959989	0.953544	0.947206	0.935991	0.922481	0.908309	0.888358	0.870188	0.849112	0.826276	0.80662	0.782913	0.763072	0.742075	0.721044	0.704755	0.684307	0.668841	0.655784	0.640292	0.633456	0.631438	0.638007	0.655687	0.681758	0.728135	0.793488	0.876535	0.977701	1.08076	1.16165	1.20583	1.19734	1.12659	0.991553	0.81683	0.638438	0.485166	0.374358	0.319994	0.328581	0.399271	0.526951	0.699508	0.888968	1.056	1.16416	1.18008	
1.13901	1.13901	1.13468	1.12384	1.11094	1.09111	1.07015	1.04437	1.01572	0.987488	0.952923	0.922113	0.887723	0.85243	0.820554	0.785307	0.752595	0.719868	0.689476	0.660025	0.635763	0.615585	0.601878	0.591226	0.587714	0.594355	0.616214	0.659896	0.719985	0.806232	0.904068	0.999219	1.08191	1.1326	1.12659	1.06023	0.925891	0.753848	0.578943	0.425225	0.307063	0.251845	0.256775	0.320913	0.441724	0.615326	0.815547	1.00481	1.14102	1.19007	
1.23522	1.23522	1.23091	1.21717	1.20274	1.17935	1.1527	1.12317	1.08673	1.05006	1.00933	0.965237	0.920994	0.873428	0.825708	0.777555	0.730803	0.687262	0.645316	0.607931	0.574303	0.541391	0.510993	0.49163	0.478002	0.479263	0.498348	0.535158	0.590943	0.671371	0.75902	0.854807	0.945141	0.995847	0.991553	0.925891	0.793693	0.62763	0.45816	0.296507	0.176279	0.121478	0.122598	0.176754	0.292448	0.467089	0.675138	0.880644	1.03944	1.12429	
1.21923	1.21923	1.21407	1.20354	1.18837	1.16709	1.14186	1.11082	1.07404	1.03517	0.987883	0.940711	0.889696	0.835674	0.784305	0.731572	0.678802	0.628012	0.577096	0.525517	0.4787	0.433591	0.398343	0.370377	0.348668	0.344893	0.354333	0.378978	0.427814	0.500533	0.587024	0.686892	0.773302	0.819869	0.81683	0.753848	0.62763	0.469077	0.292091	0.124432	0.00720632	-0.0480845	-0.059203	-0.0150636	0.0965247	0.267529	0.47656	0.687143	0.864369	0.984063	
1.08179	1.08179	1.07828	1.06808	1.05592	1.03762	1.01445	0.989251	0.956831	0.923327	0.886132	0.844412	0.802811	0.755042	0.707049	0.653883	0.598948	0.544479	0.486842	0.433769	0.383926	0.335393	0.292567	0.256801	0.227836	0.212738	0.208568	0.227395	0.27163	0.338164	0.421891	0.514107	0.592138	0.637448	0.638438	0.578943	0.45816	0.292091	0.107349	-0.057693	-0.172154	-0.241967	-0.26714	-0.228993	-0.125097	0.0355922	0.234831	0.44462	0.635517	0.783266	
0.821728	0.821728	0.819654	0.814937	0.809207	0.79974	0.790088	0.777006	0.76056	0.744079	0.719191	0.694399	0.663449	0.626765	0.589372	0.54625	0.501088	0.454893	0.405967	0.35683	0.30715	0.257326	0.21256	0.169709	0.132433	0.10905	0.10104	0.114967	0.149502	0.207304	0.280342	0.36137	0.43556	0.484196	0.485166	0.425225	0.296507	0.124432	-0.057693	-0.21926	-0.349288	-0.436307	-0.467492	-0.435976	-0.346758	-0.204158	-0.0173967	0.187404	0.387676	0.552467	
0.473727	0.473727	0.476163	0.47868	0.483958	0.489135	0.493374	0.498955	0.500295	0.501433	0.499355	0.493065	0.485396	0.470972	0.455605	0.432545	0.406898	0.377053	0.341005	0.302602	0.260999	0.215867	0.169293	0.12727	0.0907181	0.065887	0.0528608	0.056845	0.0793573	0.124778	0.187571	0.26397	0.338077	0.379814	0.374358	0.307063	0.176279	0.00720632	-0.172154	-0.349288	-0.496771	-0.588915	-0.624113	-0.607445	-0.539024	-0.412883	-0.241927	-0.0441547	0.155903	0.321363	
0.109446	0.109446	0.113332	0.120503	0.132061	0.145077	0.162415	0.180772	0.199489	0.221712	0.239279	0.259134	0.275755	0.287637	0.298845	0.302884	0.30157	0.295498	0.279505	0.259585	0.232484	0.200609	0.169679	0.138467	0.105025	0.0796248	0.0613992	0.0561838	0.0717798	0.112533	0.16939	0.238647	0.299984	0.331156	0.319994	0.251845	0.121478	-0.0480845	-0.241967	-0.436307	-0.588915	-0.684924	-0.735316	-0.740488	-0.688103	-0.580692	-0.42567	-0.239709	-0.0506867	0.10566	
-0.231136	-0.231136	-0.226077	-0.215288	-0.20055	-0.179535	-0.155985	-0.126501	-0.0950715	-0.0598944	-0.0228158	0.0147447	0.053384	0.0880158	0.123008	0.149617	0.173719	0.191453	0.201819	0.208237	0.207835	0.200669	0.187143	0.166707	0.143592	0.124474	0.109395	0.108022	0.125806	0.159275	0.206425	0.264281	0.3166	0.341136	0.328581	0.256775	0.122598	-0.059203	-0.26714	-0.467492	-0.624113	-0.735316	-0.807008	-0.825787	-0.78913	-0.698808	-0.559651	-0.388712	-0.217779	-0.0739894	
-0.513149	-0.513149	-0.507192	-0.495796	-0.477785	-0.455221	-0.426026	-0.391998	-0.35429	-0.310138	-0.265856	-0.216975	-0.166998	-0.118314	-0.0666169	-0.0185082	0.028571	0.0742112	0.111134	0.146066	0.169644	0.185306	0.19412	0.197256	0.193866	0.192477	0.191906	0.199437	0.217509	0.249483	0.293686	0.347135	0.393601	0.415859	0.399271	0.320913	0.176754	-0.0150636	-0.228993	-0.435976	-0.607445	-0.740488	-0.825787	-0.858755	-0.838125	-0.764877	-0.641445	-0.492061	-0.342655	-0.205404	
-0.718279	-0.718279	-0.713168	-0.699823	-0.683824	-0.659247	-0.631624	-0.597654	-0.559258	-0.516115	-0.468553	-0.416537	-0.360267	-0.301937	-0.238297	-0.176914	-0.112586	-0.0511999	0.00623453	0.0615103	0.109429	0.152298	0.189506	0.217583	0.241491	0.262822	0.281789	0.30387	0.334957	0.373696	0.422711	0.478329	0.527382	0.54776	0.526951	0.441724	0.292448	0.0965247	-0.125097	-0.346758	-0.539024	-0.688103	-0.78913	-0.838125	-0.834448	-0.776867	-0.676019	-0.552553	-0.416901	-0.286005	
-0.840787	-0.840787	-0.835738	-0.825271	-0.809926	-0.789236	-0.763428	-0.732239	-0.69632	-0.654138	-0.608157	-0.556208	-0.49949	-0.440355	-0.374561	-0.30891	-0.239667	-0.167922	-0.0998747	-0.0280694	0.0376817	0.101839	0.161028	0.217116	0.266549	0.313918	0.356677	0.401065	0.450256	0.507535	0.572214	0.639465	0.693866	0.717814	0.699508	0.615326	0.467089	0.267529	0.0355922	-0.204158	-0.412883	-0.580692	-0.698808	-0.764877	-0.776867	-0.742383	-0.669538	-0.563268	-0.436397	-0.316444	
-0.883429	-0.883429	-0.880063	-0.868803	-0.857023	-0.83684	-0.814231	-0.786069	-0.75277	-0.715368	-0.672934	-0.625787	-0.574641	-0.519506	-0.45927	-0.397847	-0.330458	-0.261462	-0.19099	-0.114684	-0.0409263	0.0352828	0.112206	0.183343	0.25327	0.32112	0.387998	0.457317	0.535352	0.61598	0.701463	0.786065	0.856838	0.894918	0.888968	0.815547	0.675138	0.47656	0.234831	-0.0173967	-0.241927	-0.42567	-0.559651	-0.641445	-0.676019	-0.669538	-0.614943	-0.517589	-0.400831	-0.303575	
-0.842564	-0.842564	-0.839521	-0.830741	-0.820688	-0.804465	-0.785712	-0.763084	-0.735806	-0.705882	-0.671981	-0.634319	-0.593326	-0.549517	-0.499703	-0.448412	-0.390853	-0.32861	-0.263841	-0.19194	-0.12039	-0.0438218	0.0320083	0.109516	0.189617	0.273767	0.360391	0.45379	0.553635	0.658457	0.769463	0.87905	0.972684	1.03577	1.056	1.00481	0.880644	0.687143	0.44462	0.187404	-0.0441547	-0.239709	-0.388712	-0.492061	-0.552553	-0.563268	-0.517589	-0.429168	-0.33373	-0.258607	
-0.720941	-0.720941	-0.720038	-0.71466	-0.710771	-0.701736	-0.692942	-0.681076	-0.666516	-0.650575	-0.630327	-0.607474	-0.581187	-0.54971	-0.5142	-0.474891	-0.428802	-0.379445	-0.327831	-0.267723	-0.209324	-0.143882	-0.0727393	0.00213502	0.0853981	0.174206	0.270813	0.375931	0.493406	0.616737	0.749855	0.885089	1.01119	1.11063	1.16416	1.14102	1.03944	0.864369	0.635517	0.387676	0.155903	-0.0506867	-0.217779	-0.342655	-0.416901	-0.436397	-0.400831	-0.33373	-0.259901	-0.198303	
-0.542751	-0.542751	-0.545858	-0.546461	-0.553154	-0.556508	-0.561793	-0.567457	-0.569191	-0.571605	-0.569577	-0.563791	-0.55467	-0.540206	-0.521039	-0.497957	-0.469634	-0.438175	-0.401355	-0.358897	-0.312842	-0.256629	-0.195033	-0.127784	-0.0500892	0.035186	0.129973	0.236708	0.357229	0.491836	0.645209	0.807949	0.963877	1.09521	1.18008	1.19007	1.12429	0.984063	0.783266	0.552467	0.321363	0.10566	-0.0739894	-0.205404	-0.286005	-0.316444	-0.303575	-0.258607	-0.198303	-0.141936	
