-0.149481	-0.179729	-0.191912	-0.182946	-0.140454	-0.0698575	0.0155755	0.11191	0.216401	0.298241	0.346429	0.359936	0.341886	0.286826	0.203239	0.121191	0.0570373	0.0150158	-0.0158145	-0.034667	-0.0312802	-0.00718139	0.031604	0.0963932	0.198549	0.331031	0.473022	0.598758	0.70268	0.775538	0.796267	0.750625	0.63896	0.477723	0.27149	0.0406147	-0.168414	-0.33465	-0.451116	-0.505517	-0.495987	-0.440661	-0.36798	-0.290377	-0.213394	-0.155234	-0.129219	-0.129336	-0.13732	-0.13732	
-0.179729	-0.23	-0.257319	-0.259027	-0.236374	-0.193952	-0.123995	-0.0179393	0.111312	0.22378	0.304725	0.354084	0.371058	0.351177	0.302034	0.237287	0.171176	0.115958	0.0729248	0.0513995	0.0595154	0.0957912	0.153076	0.232302	0.329159	0.434309	0.537309	0.62064	0.682092	0.714728	0.700087	0.624999	0.497454	0.344269	0.167492	-0.0297774	-0.217676	-0.371117	-0.470762	-0.506989	-0.485112	-0.422425	-0.348307	-0.280159	-0.216126	-0.161596	-0.133756	-0.133139	-0.139656	-0.139656	
-0.191912	-0.257319	-0.293421	-0.309013	-0.315363	-0.303064	-0.250668	-0.1485	-0.0144099	0.11343	0.2249	0.307663	0.361306	0.387644	0.385166	0.349488	0.285566	0.220737	0.174685	0.155962	0.167894	0.211328	0.282127	0.372094	0.458262	0.523981	0.572329	0.60816	0.629003	0.619713	0.57528	0.488621	0.359742	0.217394	0.0690366	-0.0924351	-0.257361	-0.402758	-0.492467	-0.509151	-0.468814	-0.39927	-0.327093	-0.264783	-0.207118	-0.153403	-0.120195	-0.110726	-0.108645	-0.108645	
-0.182946	-0.259027	-0.309013	-0.346682	-0.376988	-0.383629	-0.349864	-0.268773	-0.153005	-0.021498	0.110899	0.223202	0.316004	0.392573	0.446118	0.448541	0.401598	0.344976	0.305137	0.291187	0.302806	0.34098	0.4061	0.488179	0.549551	0.567341	0.559447	0.547714	0.531824	0.494806	0.43631	0.355423	0.250535	0.133501	0.00244046	-0.140648	-0.284424	-0.413811	-0.49406	-0.501413	-0.449416	-0.372028	-0.299592	-0.243563	-0.193962	-0.142215	-0.10341	-0.0843614	-0.0736591	-0.0736591	
-0.140454	-0.236374	-0.315363	-0.376988	-0.420905	-0.43955	-0.42926	-0.382689	-0.294637	-0.172921	-0.0301955	0.107603	0.237835	0.365044	0.471058	0.520463	0.514778	0.489073	0.468714	0.461723	0.468158	0.48968	0.526635	0.569017	0.583891	0.552163	0.490906	0.435174	0.393026	0.342414	0.288081	0.234385	0.169973	0.0885923	-0.0209692	-0.151598	-0.282184	-0.393578	-0.458194	-0.459071	-0.409305	-0.341094	-0.280089	-0.233104	-0.18836	-0.13616	-0.0936137	-0.069256	-0.0532555	-0.0532555	
-0.0698575	-0.193952	-0.303064	-0.383629	-0.43955	-0.475011	-0.49382	-0.478942	-0.423492	-0.321893	-0.181206	-0.0274376	0.134241	0.297472	0.447196	0.551232	0.607115	0.636644	0.650358	0.653924	0.653553	0.649491	0.636734	0.614588	0.567586	0.484423	0.383063	0.295693	0.228363	0.172002	0.137389	0.118868	0.10017	0.0667459	-0.00566856	-0.115437	-0.234187	-0.328206	-0.372689	-0.369459	-0.339179	-0.303381	-0.27155	-0.242688	-0.204474	-0.149216	-0.100558	-0.072145	-0.054115	-0.054115	
0.0155755	-0.123995	-0.250668	-0.349864	-0.42926	-0.49382	-0.538326	-0.55107	-0.526571	-0.45021	-0.320912	-0.15993	0.0140909	0.196179	0.378969	0.535639	0.661334	0.756284	0.81502	0.838764	0.83324	0.796884	0.728271	0.634359	0.517317	0.385774	0.253712	0.143634	0.0626737	0.00727036	-0.00563655	0.0173577	0.046694	0.0566778	0.0272201	-0.041326	-0.131636	-0.211209	-0.250968	-0.25249	-0.242257	-0.245222	-0.258967	-0.265873	-0.24677	-0.194682	-0.137937	-0.0978356	-0.0719651	-0.0719651	
0.11191	-0.0179393	-0.1485	-0.268773	-0.382689	-0.478942	-0.55107	-0.590682	-0.596998	-0.547468	-0.434526	-0.285762	-0.118363	0.0694251	0.277376	0.48239	0.670318	0.828533	0.940445	0.992239	0.980527	0.907985	0.781673	0.620229	0.443556	0.267449	0.111296	-0.000840199	-0.0773441	-0.122976	-0.112317	-0.0549053	0.0137125	0.0637312	0.0788355	0.0575411	0.00256023	-0.0612346	-0.103071	-0.121837	-0.141529	-0.183082	-0.238525	-0.285615	-0.299186	-0.263832	-0.203932	-0.149032	-0.111562	-0.111562	
0.216401	0.111312	-0.0144099	-0.153005	-0.294637	-0.423492	-0.526571	-0.596998	-0.632733	-0.605507	-0.518675	-0.3946	-0.243845	-0.054167	0.175534	0.413118	0.64088	0.84341	0.99685	1.07182	1.05405	0.947571	0.776922	0.57462	0.360118	0.154213	-0.0155572	-0.124975	-0.183379	-0.203061	-0.170925	-0.0888927	0.0151648	0.10261	0.155856	0.173987	0.153295	0.107735	0.0550554	0.000539664	-0.0617021	-0.142883	-0.232476	-0.305696	-0.33964	-0.322366	-0.273862	-0.221843	-0.184687	-0.184687	
0.298241	0.22378	0.11343	-0.021498	-0.172921	-0.321893	-0.45021	-0.547468	-0.605507	-0.605921	-0.553774	-0.46386	-0.335071	-0.148304	0.0856957	0.331158	0.569646	0.78574	0.956059	1.04354	1.02347	0.903717	0.719672	0.503847	0.279663	0.0654817	-0.112419	-0.215694	-0.250885	-0.240225	-0.180293	-0.0739506	0.0573527	0.178845	0.271289	0.322976	0.318334	0.267546	0.19053	0.0967702	-0.0133968	-0.137431	-0.251712	-0.333336	-0.372998	-0.367728	-0.333797	-0.295666	-0.269925	-0.269925	
0.346429	0.304725	0.2249	0.110899	-0.0301955	-0.181206	-0.320912	-0.434526	-0.518675	-0.553774	-0.542688	-0.487225	-0.37926	-0.207231	0.0120807	0.244195	0.468153	0.667345	0.822669	0.901142	0.883954	0.778236	0.610627	0.411173	0.200962	-0.00391777	-0.171176	-0.264629	-0.283934	-0.239522	-0.141914	-0.00247688	0.160596	0.310325	0.425302	0.485502	0.471343	0.399285	0.290568	0.15599	0.00576278	-0.149975	-0.2878	-0.382786	-0.426038	-0.422108	-0.387793	-0.347171	-0.32124	-0.32124	
0.359936	0.354084	0.307663	0.223202	0.107603	-0.0274376	-0.15993	-0.285762	-0.3946	-0.46386	-0.487225	-0.457534	-0.374432	-0.231228	-0.0457018	0.155011	0.34605	0.504346	0.616514	0.669866	0.658471	0.583006	0.456939	0.291452	0.106967	-0.0676305	-0.203931	-0.272377	-0.26439	-0.185483	-0.0489222	0.130074	0.320818	0.479966	0.590825	0.637723	0.6044	0.503663	0.357072	0.185506	0.00211813	-0.184053	-0.345172	-0.451663	-0.497178	-0.488156	-0.435435	-0.369312	-0.328175	-0.328175	
0.341886	0.371058	0.361306	0.316004	0.237835	0.134241	0.0140909	-0.118363	-0.243845	-0.335071	-0.37926	-0.374432	-0.324454	-0.227126	-0.0951573	0.0561528	0.196782	0.297795	0.356095	0.377993	0.368909	0.330255	0.255649	0.139873	0.00577585	-0.11677	-0.197996	-0.219233	-0.180015	-0.0757444	0.0847762	0.286487	0.496241	0.662892	0.764426	0.786253	0.719007	0.582024	0.398686	0.186974	-0.0352934	-0.246675	-0.418705	-0.526152	-0.562797	-0.537864	-0.464023	-0.376979	-0.324605	-0.324605	
0.286826	0.351177	0.387644	0.392573	0.365044	0.297472	0.196179	0.0694251	-0.054167	-0.148304	-0.207231	-0.231228	-0.227126	-0.19607	-0.143027	-0.0700818	-0.00390113	0.0327516	0.0432219	0.0417872	0.0413328	0.0386328	0.0207767	-0.0239313	-0.0845433	-0.131943	-0.142326	-0.114688	-0.0443253	0.0785792	0.245114	0.451001	0.666469	0.836719	0.92921	0.922636	0.818395	0.640338	0.409944	0.154155	-0.0979923	-0.322253	-0.492212	-0.584014	-0.600338	-0.562623	-0.481679	-0.388025	-0.331978	-0.331978	
0.203239	0.302034	0.385166	0.446118	0.471058	0.447196	0.378969	0.277376	0.175534	0.0856957	0.0120807	-0.0457018	-0.0951573	-0.143027	-0.189265	-0.219043	-0.241257	-0.266659	-0.291536	-0.302501	-0.29564	-0.272604	-0.238958	-0.209034	-0.175978	-0.124659	-0.0522248	0.0325177	0.136671	0.273865	0.439297	0.630942	0.82677	0.982206	1.05796	1.0258	0.886525	0.663495	0.391045	0.106632	-0.160373	-0.381904	-0.536017	-0.612908	-0.621435	-0.580567	-0.49863	-0.406305	-0.352678	-0.352678	
0.121191	0.237287	0.349488	0.448541	0.520463	0.551232	0.535639	0.48239	0.413118	0.331158	0.244195	0.155011	0.0561528	-0.0700818	-0.219043	-0.355584	-0.468014	-0.554556	-0.61074	-0.633855	-0.62635	-0.585475	-0.511815	-0.408552	-0.275233	-0.117124	0.0496671	0.198187	0.33899	0.495869	0.663365	0.835195	0.992188	1.10302	1.13501	1.0626	0.893015	0.650905	0.36556	0.0709241	-0.197557	-0.408982	-0.551678	-0.622276	-0.628807	-0.592409	-0.521138	-0.437043	-0.384715	-0.384715	
0.0570373	0.171176	0.285566	0.401598	0.514778	0.607115	0.661334	0.670318	0.64088	0.569646	0.468153	0.34605	0.196782	-0.00390113	-0.241257	-0.468014	-0.658875	-0.801122	-0.893916	-0.934757	-0.925656	-0.867036	-0.754252	-0.587766	-0.373389	-0.1223	0.131155	0.346686	0.535696	0.720219	0.89487	1.04454	1.14922	1.19568	1.16357	1.04524	0.860608	0.621012	0.342378	0.0551911	-0.207666	-0.413423	-0.547831	-0.613743	-0.625183	-0.600025	-0.543781	-0.475039	-0.431063	-0.431063	
0.0150158	0.115958	0.220737	0.344976	0.489073	0.636644	0.756284	0.828533	0.84341	0.78574	0.667345	0.504346	0.297795	0.0327516	-0.266659	-0.554556	-0.801122	-0.994862	-1.12961	-1.1913	-1.17866	-1.09078	-0.932958	-0.714905	-0.443284	-0.131431	0.183684	0.460399	0.699523	0.912396	1.09062	1.21324	1.26694	1.25455	1.16908	1.01743	0.821704	0.588861	0.329186	0.0581877	-0.197272	-0.398182	-0.530699	-0.602327	-0.622609	-0.60572	-0.564538	-0.514106	-0.478819	-0.478819	
-0.0158145	0.0729248	0.174685	0.305137	0.468714	0.650358	0.81502	0.940445	0.99685	0.956059	0.822669	0.616514	0.356095	0.0432219	-0.291536	-0.61074	-0.893916	-1.12961	-1.30129	-1.38411	-1.36299	-1.24102	-1.04086	-0.781654	-0.47778	-0.139087	0.208683	0.529693	0.812383	1.04949	1.22613	1.31861	1.32549	1.27086	1.15708	0.993154	0.800934	0.582583	0.3378	0.0768363	-0.171513	-0.370636	-0.507831	-0.589606	-0.623775	-0.61977	-0.590453	-0.548117	-0.513202	-0.513202	
-0.034667	0.0513995	0.155962	0.291187	0.461723	0.653924	0.838764	0.992239	1.07182	1.04354	0.901142	0.669866	0.377993	0.0417872	-0.302501	-0.633855	-0.934757	-1.1913	-1.38411	-1.47796	-1.45163	-1.31261	-1.08887	-0.808397	-0.491156	-0.144141	0.213787	0.556568	0.863298	1.11143	1.28075	1.34833	1.32784	1.25441	1.13545	0.983308	0.807701	0.600223	0.362842	0.108929	-0.134426	-0.333218	-0.47569	-0.572239	-0.625976	-0.634	-0.612472	-0.579357	-0.549629	-0.549629	
-0.0312802	0.0595154	0.167894	0.302806	0.468158	0.653553	0.83324	0.980527	1.05405	1.02347	0.883954	0.658471	0.368909	0.0413328	-0.29564	-0.62635	-0.925656	-1.17866	-1.36299	-1.45163	-1.42834	-1.29644	-1.08069	-0.805021	-0.487762	-0.145286	0.201197	0.536236	0.836024	1.07475	1.23829	1.30766	1.29352	1.22608	1.11987	0.986225	0.824873	0.630835	0.405031	0.155519	-0.0881411	-0.291115	-0.44041	-0.544626	-0.608155	-0.630859	-0.631077	-0.619698	-0.601322	-0.601322	
-0.00718139	0.0957912	0.211328	0.34098	0.48968	0.649491	0.796884	0.907985	0.947571	0.903717	0.778236	0.583006	0.330255	0.0386328	-0.272604	-0.585475	-0.867036	-1.09078	-1.24102	-1.31261	-1.29644	-1.1941	-1.01593	-0.76749	-0.466575	-0.145353	0.170394	0.470721	0.733954	0.947393	1.10756	1.19563	1.21453	1.18016	1.10389	0.997692	0.860041	0.683812	0.463664	0.2117	-0.0355126	-0.243454	-0.396502	-0.504471	-0.578837	-0.620371	-0.645024	-0.661666	-0.664709	-0.664709	
0.031604	0.153076	0.282127	0.4061	0.526635	0.636734	0.728271	0.781673	0.776922	0.719672	0.610627	0.456939	0.255649	0.0207767	-0.238958	-0.511815	-0.754252	-0.932958	-1.04086	-1.08887	-1.08069	-1.01593	-0.885193	-0.680322	-0.419268	-0.142356	0.120153	0.36259	0.575306	0.754811	0.901409	1.00972	1.07689	1.09618	1.07658	1.02356	0.919948	0.756764	0.536679	0.282269	0.0328297	-0.181886	-0.346302	-0.466192	-0.553474	-0.612877	-0.659244	-0.69813	-0.71806	-0.71806	
0.0963932	0.232302	0.372094	0.488179	0.569017	0.614588	0.634359	0.620229	0.57462	0.503847	0.411173	0.291452	0.139873	-0.0239313	-0.209034	-0.408552	-0.587766	-0.714905	-0.781654	-0.808397	-0.805021	-0.76749	-0.680322	-0.53291	-0.338946	-0.139835	0.0412318	0.213962	0.373748	0.514871	0.644394	0.770407	0.88533	0.973168	1.03374	1.048	0.985546	0.841769	0.626065	0.37024	0.116754	-0.108363	-0.288989	-0.425509	-0.530868	-0.612493	-0.67681	-0.727312	-0.756924	-0.756924	
0.198549	0.329159	0.458262	0.549551	0.583891	0.567586	0.517317	0.443556	0.360118	0.279663	0.200962	0.106967	0.00577585	-0.0845433	-0.175978	-0.275233	-0.373389	-0.443284	-0.47778	-0.491156	-0.487762	-0.466575	-0.419268	-0.338946	-0.238956	-0.147786	-0.0615784	0.0369568	0.144338	0.255581	0.371757	0.510353	0.670507	0.825859	0.959283	1.03832	1.02779	0.91782	0.719162	0.472262	0.220836	-0.0134113	-0.215637	-0.377727	-0.50559	-0.608178	-0.68956	-0.755208	-0.79927	-0.79927	
0.331031	0.434309	0.523981	0.567341	0.552163	0.484423	0.385774	0.267449	0.154213	0.0654817	-0.00391777	-0.0676305	-0.11677	-0.131943	-0.124659	-0.117124	-0.1223	-0.131431	-0.139087	-0.144141	-0.145286	-0.145353	-0.142356	-0.139835	-0.147786	-0.164313	-0.168033	-0.140567	-0.0758357	0.0114011	0.116547	0.268485	0.459247	0.654659	0.835978	0.967838	1.01347	0.956515	0.80459	0.593139	0.354637	0.108066	-0.122629	-0.31357	-0.466222	-0.597033	-0.705535	-0.790004	-0.845286	-0.845286	
0.473022	0.537309	0.572329	0.559447	0.490906	0.383063	0.253712	0.111296	-0.0155572	-0.112419	-0.171176	-0.203931	-0.197996	-0.142326	-0.0522248	0.0496671	0.131155	0.183684	0.208683	0.213787	0.201197	0.170394	0.120153	0.0412318	-0.0615784	-0.168033	-0.250145	-0.283557	-0.262127	-0.200959	-0.09958	0.056531	0.251081	0.461461	0.667218	0.836229	0.939751	0.952807	0.871089	0.713438	0.500228	0.254381	0.0035152	-0.223396	-0.416621	-0.584545	-0.722338	-0.827216	-0.894001	-0.894001	
0.598758	0.62064	0.60816	0.547714	0.435174	0.295693	0.143634	-0.000840199	-0.124975	-0.215694	-0.264629	-0.272377	-0.219233	-0.114688	0.0325177	0.198187	0.346686	0.460399	0.529693	0.556568	0.536236	0.470721	0.36259	0.213962	0.0369568	-0.140567	-0.283557	-0.374745	-0.402108	-0.36698	-0.279512	-0.141851	0.0394188	0.252464	0.474561	0.679888	0.838734	0.915291	0.899544	0.801095	0.631559	0.406658	0.146661	-0.112611	-0.345458	-0.553666	-0.73131	-0.865925	-0.944747	-0.944747	
0.70268	0.682092	0.629003	0.531824	0.393026	0.228363	0.0626737	-0.0773441	-0.183379	-0.250885	-0.283934	-0.26439	-0.180015	-0.0443253	0.136671	0.33899	0.535696	0.699523	0.812383	0.863298	0.836024	0.733954	0.575306	0.373748	0.144338	-0.0758357	-0.262127	-0.402108	-0.473453	-0.478423	-0.42746	-0.324083	-0.167199	0.0446615	0.286001	0.523383	0.721887	0.846766	0.891043	0.853381	0.728802	0.528334	0.276667	0.00856046	-0.251366	-0.498486	-0.721078	-0.893096	-0.988186	-0.988186	
0.775538	0.714728	0.619713	0.494806	0.342414	0.172002	0.00727036	-0.122976	-0.203061	-0.240225	-0.239522	-0.185483	-0.0757444	0.0785792	0.273865	0.495869	0.720219	0.912396	1.04949	1.11143	1.07475	0.947393	0.754811	0.514871	0.255581	0.0114011	-0.200959	-0.36698	-0.478423	-0.530531	-0.519	-0.455799	-0.329168	-0.129207	0.109473	0.354688	0.57763	0.749754	0.856255	0.872797	0.786629	0.616567	0.385177	0.114715	-0.165786	-0.436967	-0.687995	-0.887326	-0.994479	-0.994479	
0.796267	0.700087	0.57528	0.43631	0.288081	0.137389	-0.00563655	-0.112317	-0.170925	-0.180293	-0.141914	-0.0489222	0.0847762	0.245114	0.439297	0.663365	0.89487	1.09062	1.22613	1.28075	1.23829	1.10756	0.901409	0.644394	0.371757	0.116547	-0.09958	-0.279512	-0.42746	-0.519	-0.544687	-0.515337	-0.416544	-0.249795	-0.0424027	0.187364	0.416883	0.623181	0.779127	0.848481	0.815126	0.6842	0.469062	0.194412	-0.102057	-0.388342	-0.646556	-0.841302	-0.937335	-0.937335	
0.750625	0.624999	0.488621	0.355423	0.234385	0.118868	0.0173577	-0.0549053	-0.0888927	-0.0739506	-0.00247688	0.130074	0.286487	0.451001	0.630942	0.835195	1.04454	1.21324	1.31861	1.34833	1.30766	1.19563	1.00972	0.770407	0.510353	0.268485	0.056531	-0.141851	-0.324083	-0.455799	-0.515337	-0.50654	-0.434527	-0.309554	-0.142957	0.0518588	0.259471	0.470435	0.659632	0.785561	0.810556	0.718594	0.525047	0.25622	-0.0487533	-0.33967	-0.586809	-0.764845	-0.851138	-0.851138	
0.63896	0.497454	0.359742	0.250535	0.169973	0.10017	0.046694	0.0137125	0.0151648	0.0573527	0.160596	0.320818	0.496241	0.666469	0.82677	0.992188	1.14922	1.26694	1.32549	1.32784	1.29352	1.21453	1.07689	0.88533	0.670507	0.459247	0.251081	0.0394188	-0.167199	-0.329168	-0.416544	-0.434527	-0.398234	-0.31823	-0.198491	-0.0509377	0.120859	0.325087	0.536182	0.698847	0.763948	0.711428	0.552736	0.309147	0.0185731	-0.266034	-0.509172	-0.685997	-0.775682	-0.775682	
0.477723	0.344269	0.217394	0.133501	0.0885923	0.0667459	0.0566778	0.0637312	0.10261	0.178845	0.310325	0.479966	0.662892	0.836719	0.982206	1.10302	1.19568	1.25455	1.27086	1.25441	1.22608	1.18016	1.09618	0.973168	0.825859	0.654659	0.461461	0.252464	0.0446615	-0.129207	-0.249795	-0.309554	-0.31823	-0.288397	-0.220023	-0.12061	0.0209569	0.216533	0.428217	0.603136	0.699577	0.687901	0.569046	0.363159	0.0960291	-0.188679	-0.43776	-0.617013	-0.711749	-0.711749	
0.27149	0.167492	0.0690366	0.00244046	-0.0209692	-0.00566856	0.0272201	0.0788355	0.155856	0.271289	0.425302	0.590825	0.764426	0.92921	1.05796	1.13501	1.16357	1.16908	1.15708	1.13545	1.11987	1.10389	1.07658	1.03374	0.959283	0.835978	0.667218	0.474561	0.286001	0.109473	-0.0424027	-0.142957	-0.198491	-0.220023	-0.203792	-0.144215	-0.0224502	0.155464	0.350919	0.529231	0.649435	0.672722	0.590426	0.411617	0.154252	-0.131962	-0.37848	-0.554029	-0.652149	-0.652149	
0.0406147	-0.0297774	-0.0924351	-0.140648	-0.151598	-0.115437	-0.041326	0.0575411	0.173987	0.322976	0.485502	0.637723	0.786253	0.922636	1.0258	1.0626	1.04524	1.01743	0.993154	0.983308	0.986225	0.997692	1.02356	1.048	1.03832	0.967838	0.836229	0.679888	0.523383	0.354688	0.187364	0.0518588	-0.0509377	-0.12061	-0.144215	-0.103758	0.00574727	0.159262	0.330919	0.497063	0.62159	0.668102	0.609203	0.442166	0.193027	-0.0867921	-0.329324	-0.497772	-0.587842	-0.587842	
-0.168414	-0.217676	-0.257361	-0.284424	-0.282184	-0.234187	-0.131636	0.00256023	0.153295	0.318334	0.471343	0.6044	0.719007	0.818395	0.886525	0.893015	0.860608	0.821704	0.800934	0.807701	0.824873	0.860041	0.919948	0.985546	1.02779	1.01347	0.939751	0.838734	0.721887	0.57763	0.416883	0.259471	0.120859	0.0209569	-0.0224502	0.00574727	0.0966869	0.221867	0.365001	0.50818	0.622955	0.67233	0.618032	0.457976	0.224467	-0.0380635	-0.272175	-0.436081	-0.519654	-0.519654	
-0.33465	-0.371117	-0.402758	-0.413811	-0.393578	-0.328206	-0.211209	-0.0612346	0.107735	0.267546	0.399285	0.503663	0.582024	0.640338	0.663495	0.650905	0.621012	0.588861	0.582583	0.600223	0.630835	0.683812	0.756764	0.841769	0.91782	0.956515	0.952807	0.915291	0.846766	0.749754	0.623181	0.470435	0.325087	0.216533	0.155464	0.159262	0.221867	0.318964	0.438169	0.557303	0.646996	0.680031	0.625506	0.477293	0.266424	0.0323684	-0.187825	-0.353774	-0.438415	-0.438415	
-0.451116	-0.470762	-0.492467	-0.49406	-0.458194	-0.372689	-0.250968	-0.103071	0.0550554	0.19053	0.290568	0.357072	0.398686	0.409944	0.391045	0.36556	0.342378	0.329186	0.3378	0.362842	0.405031	0.463664	0.536679	0.626065	0.719162	0.80459	0.871089	0.899544	0.891043	0.856255	0.779127	0.659632	0.536182	0.428217	0.350919	0.330919	0.365001	0.438169	0.532753	0.616908	0.67383	0.692886	0.645685	0.51932	0.339291	0.135754	-0.0685756	-0.229633	-0.309173	-0.309173	
-0.505517	-0.506989	-0.509151	-0.501413	-0.459071	-0.369459	-0.25249	-0.121837	0.000539664	0.0967702	0.15599	0.185506	0.186974	0.154155	0.106632	0.0709241	0.0551911	0.0581877	0.0768363	0.108929	0.155519	0.2117	0.282269	0.37024	0.472262	0.593139	0.713438	0.801095	0.853381	0.872797	0.848481	0.785561	0.698847	0.603136	0.529231	0.497063	0.50818	0.557303	0.616908	0.666333	0.704851	0.716532	0.678919	0.584555	0.443473	0.278148	0.111291	-0.0257304	-0.0996409	-0.0996409	
-0.495987	-0.485112	-0.468814	-0.449416	-0.409305	-0.339179	-0.242257	-0.141529	-0.0617021	-0.0133968	0.00576278	0.00211813	-0.0352934	-0.0979923	-0.160373	-0.197557	-0.207666	-0.197272	-0.171513	-0.134426	-0.0881411	-0.0355126	0.0328297	0.116754	0.220836	0.354637	0.500228	0.631559	0.728802	0.786629	0.815126	0.810556	0.763948	0.699577	0.649435	0.62159	0.622955	0.646996	0.67383	0.704851	0.732429	0.735691	0.716208	0.670054	0.585662	0.47876	0.371816	0.27848	0.220863	0.220863	
-0.440661	-0.422425	-0.39927	-0.372028	-0.341094	-0.303381	-0.245222	-0.183082	-0.142883	-0.137431	-0.149975	-0.184053	-0.246675	-0.322253	-0.381904	-0.408982	-0.413423	-0.398182	-0.370636	-0.333218	-0.291115	-0.243454	-0.181886	-0.108363	-0.0134113	0.108066	0.254381	0.406658	0.528334	0.616567	0.6842	0.718594	0.711428	0.687901	0.672722	0.668102	0.67233	0.680031	0.692886	0.716532	0.735691	0.745815	0.762181	0.777356	0.774237	0.754396	0.723697	0.686776	0.65902	0.65902	
-0.36798	-0.348307	-0.327093	-0.299592	-0.280089	-0.27155	-0.258967	-0.238525	-0.232476	-0.251712	-0.2878	-0.345172	-0.418705	-0.492212	-0.536017	-0.551678	-0.547831	-0.530699	-0.507831	-0.47569	-0.44041	-0.396502	-0.346302	-0.288989	-0.215637	-0.122629	0.0035152	0.146661	0.276667	0.385177	0.469062	0.525047	0.552736	0.569046	0.590426	0.609203	0.618032	0.625506	0.645685	0.678919	0.716208	0.762181	0.82644	0.911052	1.00914	1.1011	1.16555	1.19197	1.192	1.192	
-0.290377	-0.280159	-0.264783	-0.243563	-0.233104	-0.242688	-0.265873	-0.285615	-0.305696	-0.333336	-0.382786	-0.451663	-0.526152	-0.584014	-0.612908	-0.622276	-0.613743	-0.602327	-0.589606	-0.572239	-0.544626	-0.504471	-0.466192	-0.425509	-0.377727	-0.31357	-0.223396	-0.112611	0.00856046	0.114715	0.194412	0.25622	0.309147	0.363159	0.411617	0.442166	0.457976	0.477293	0.51932	0.584555	0.670054	0.777356	0.911052	1.08829	1.29902	1.4965	1.65251	1.75699	1.80419	1.80419	
-0.213394	-0.216126	-0.207118	-0.193962	-0.18836	-0.204474	-0.24677	-0.299186	-0.33964	-0.372998	-0.426038	-0.497178	-0.562797	-0.600338	-0.621435	-0.628807	-0.625183	-0.622609	-0.623775	-0.625976	-0.608155	-0.578837	-0.553474	-0.530868	-0.50559	-0.466222	-0.416621	-0.345458	-0.251366	-0.165786	-0.102057	-0.0487533	0.0185731	0.0960291	0.154252	0.193027	0.224467	0.266424	0.339291	0.443473	0.585662	0.774237	1.00914	1.29902	1.61953	1.91297	2.15558	2.34281	2.44866	2.44866	
-0.155234	-0.161596	-0.153403	-0.142215	-0.13616	-0.149216	-0.194682	-0.263832	-0.322366	-0.367728	-0.422108	-0.488156	-0.537864	-0.562623	-0.580567	-0.592409	-0.600025	-0.60572	-0.61977	-0.634	-0.630859	-0.620371	-0.612877	-0.612493	-0.608178	-0.597033	-0.584545	-0.553666	-0.498486	-0.436967	-0.388342	-0.33967	-0.266034	-0.188679	-0.131962	-0.0867921	-0.0380635	0.0323684	0.135754	0.278148	0.47876	0.754396	1.1011	1.4965	1.91297	2.31747	2.66429	2.9169	3.05354	3.05354	
-0.129219	-0.133756	-0.120195	-0.10341	-0.0936137	-0.100558	-0.137937	-0.203932	-0.273862	-0.333797	-0.387793	-0.435435	-0.464023	-0.481679	-0.49863	-0.521138	-0.543781	-0.564538	-0.590453	-0.612472	-0.631077	-0.645024	-0.659244	-0.67681	-0.68956	-0.705535	-0.722338	-0.73131	-0.721078	-0.687995	-0.646556	-0.586809	-0.509172	-0.43776	-0.37848	-0.329324	-0.272175	-0.187825	-0.0685756	0.111291	0.371816	0.723697	1.16555	1.65251	2.15558	2.66429	3.10949	3.42257	3.58626	3.58626	
-0.129336	-0.133139	-0.110726	-0.0843614	-0.069256	-0.072145	-0.0978356	-0.149032	-0.221843	-0.295666	-0.347171	-0.369312	-0.376979	-0.388025	-0.406305	-0.437043	-0.475039	-0.514106	-0.548117	-0.579357	-0.619698	-0.661666	-0.69813	-0.727312	-0.755208	-0.790004	-0.827216	-0.865925	-0.893096	-0.887326	-0.841302	-0.764845	-0.685997	-0.617013	-0.554029	-0.497772	-0.436081	-0.353774	-0.229633	-0.0257304	0.27848	0.686776	1.19197	1.75699	2.34281	2.9169	3.42257	3.79866	4.00185	4.00185	
-0.13732	-0.139656	-0.108645	-0.0736591	-0.0532555	-0.054115	-0.0719651	-0.111562	-0.184687	-0.269925	-0.32124	-0.328175	-0.324605	-0.331978	-0.352678	-0.384715	-0.431063	-0.478819	-0.513202	-0.549629	-0.601322	-0.664709	-0.71806	-0.756924	-0.79927	-0.845286	-0.894001	-0.944747	-0.988186	-0.994479	-0.937335	-0.851138	-0.775682	-0.711749	-0.652149	-0.587842	-0.519654	-0.438415	-0.309173	-0.0996409	0.220863	0.65902	1.192	1.80419	2.44866	3.05354	3.58626	4.00185	4.226	4.226	
-0.13732	-0.139656	-0.108645	-0.0736591	-0.0532555	-0.054115	-0.0719651	-0.111562	-0.184687	-0.269925	-0.32124	-0.328175	-0.324605	-0.331978	-0.352678	-0.384715	-0.431063	-0.478819	-0.513202	-0.549629	-0.601322	-0.664709	-0.71806	-0.756924	-0.79927	-0.845286	-0.894001	-0.944747	-0.988186	-0.994479	-0.937335	-0.851138	-0.775682	-0.711749	-0.652149	-0.587842	-0.519654	-0.438415	-0.309173	-0.0996409	0.220863	0.65902	1.192	1.80419	2.44866	3.05354	3.58626	4.00185	4.226	4.226	
