0.967543	0.967543	0.964777	0.951248	0.921551	0.865109	0.762194	0.620912	0.452111	0.264805	0.0694042	-0.117509	-0.292984	-0.446494	-0.569705	-0.664091	-0.727937	-0.773433	-0.804453	-0.809299	-0.772017	-0.699791	-0.600207	-0.507383	-0.445516	-0.408857	-0.402565	-0.437516	-0.497669	-0.56791	-0.651849	-0.738204	-0.796613	-0.826475	-0.834961	-0.812802	-0.728466	-0.588336	-0.412256	-0.223361	-0.0469626	0.102667	0.228643	0.343699	0.451244	0.551259	0.658219	0.777719	0.919042	1.06437	
0.967543	0.967543	0.964777	0.951248	0.921551	0.865109	0.762194	0.620912	0.452111	0.264805	0.0694042	-0.117509	-0.292984	-0.446494	-0.569705	-0.664091	-0.727937	-0.773433	-0.804453	-0.809299	-0.772017	-0.699791	-0.600207	-0.507383	-0.445516	-0.408857	-0.402565	-0.437516	-0.497669	-0.56791	-0.651849	-0.738204	-0.796613	-0.826475	-0.834961	-0.812802	-0.728466	-0.588336	-0.412256	-0.223361	-0.0469626	0.102667	0.228643	0.343699	0.451244	0.551259	0.658219	0.777719	0.919042	1.06437	
0.964777	0.964777	0.950224	0.92937	0.89645	0.829949	0.714241	0.576351	0.424892	0.255174	0.0717282	-0.100685	-0.260619	-0.405551	-0.530642	-0.633772	-0.708129	-0.760334	-0.788194	-0.783495	-0.742494	-0.67964	-0.597845	-0.519799	-0.468552	-0.439882	-0.438838	-0.472095	-0.526346	-0.590024	-0.668419	-0.749381	-0.803048	-0.826351	-0.826708	-0.798166	-0.715311	-0.580399	-0.406352	-0.215091	-0.0393726	0.106455	0.231222	0.350613	0.463601	0.568995	0.68255	0.802891	0.931988	1.05586	
0.951248	0.951248	0.92937	0.892693	0.839068	0.753416	0.635199	0.509696	0.380019	0.231301	0.0740913	-0.0682894	-0.200957	-0.334188	-0.463365	-0.576432	-0.658884	-0.712432	-0.736545	-0.727933	-0.691847	-0.646264	-0.586539	-0.529457	-0.494824	-0.48277	-0.49138	-0.524019	-0.568163	-0.620062	-0.688402	-0.76254	-0.809036	-0.821063	-0.804123	-0.761457	-0.674629	-0.546438	-0.381828	-0.2008	-0.0338168	0.105565	0.231689	0.360715	0.49097	0.617247	0.744439	0.862923	0.969237	1.05819	
0.921551	0.921551	0.89645	0.839068	0.751808	0.650997	0.541577	0.436576	0.325073	0.202746	0.0772243	-0.0318884	-0.137638	-0.252649	-0.375464	-0.490151	-0.573092	-0.624391	-0.647945	-0.647692	-0.628995	-0.603983	-0.568194	-0.534195	-0.522414	-0.525947	-0.543229	-0.574722	-0.613197	-0.656931	-0.717234	-0.78058	-0.81292	-0.804439	-0.765807	-0.704151	-0.611927	-0.492721	-0.348462	-0.186594	-0.0321957	0.105361	0.238541	0.385519	0.541394	0.69179	0.83125	0.941096	1.02152	1.07445	
0.865109	0.865109	0.829949	0.753416	0.650997	0.544659	0.444645	0.353637	0.26874	0.176719	0.0802448	-0.00882544	-0.0901727	-0.1757	-0.27354	-0.375204	-0.455323	-0.505785	-0.534877	-0.550868	-0.556326	-0.558118	-0.551013	-0.55036	-0.563046	-0.580155	-0.600397	-0.634972	-0.675539	-0.7181	-0.768162	-0.811846	-0.815327	-0.776762	-0.714003	-0.641069	-0.547145	-0.437074	-0.311427	-0.17183	-0.0246976	0.120674	0.266903	0.424757	0.595795	0.764036	0.905592	1.00137	1.05739	1.0822	
0.762194	0.762194	0.714241	0.635199	0.541577	0.444645	0.347888	0.273311	0.214057	0.151245	0.0752101	0.00726737	-0.0492511	-0.103916	-0.16987	-0.245871	-0.311225	-0.359847	-0.398789	-0.437067	-0.473429	-0.508262	-0.540509	-0.57716	-0.619194	-0.649902	-0.677201	-0.714212	-0.755982	-0.791714	-0.822908	-0.834525	-0.803549	-0.736259	-0.658662	-0.579469	-0.486976	-0.381907	-0.267555	-0.138532	0.00242134	0.152206	0.309167	0.47821	0.652428	0.812184	0.941503	1.02247	1.06213	1.06686	
0.620912	0.620912	0.576351	0.509696	0.436576	0.353637	0.273311	0.2128	0.169203	0.119651	0.0692095	0.0282954	-0.00738031	-0.0464059	-0.0859922	-0.123368	-0.157991	-0.196589	-0.246292	-0.306547	-0.372577	-0.446669	-0.522975	-0.602293	-0.674114	-0.726147	-0.761329	-0.796363	-0.827649	-0.847591	-0.853726	-0.835787	-0.777812	-0.692226	-0.603929	-0.521739	-0.429433	-0.32487	-0.20959	-0.0847704	0.0517017	0.199999	0.361682	0.532547	0.697221	0.840313	0.950583	1.02304	1.05614	1.049	
0.452111	0.452111	0.424892	0.380019	0.325073	0.26874	0.214057	0.169203	0.128792	0.0964741	0.0736196	0.055571	0.0270953	-0.0036677	-0.0176859	-0.0146455	-0.0147405	-0.0408081	-0.0947719	-0.167714	-0.2599	-0.375	-0.501233	-0.621168	-0.724233	-0.79525	-0.836052	-0.858767	-0.870893	-0.869526	-0.852578	-0.8099	-0.734562	-0.640117	-0.548082	-0.462217	-0.371138	-0.267962	-0.15071	-0.0214487	0.109276	0.24602	0.401674	0.572105	0.729024	0.851576	0.948598	1.02017	1.05581	1.04171	
0.264805	0.264805	0.255174	0.231301	0.202746	0.176719	0.151245	0.119651	0.0964741	0.0871061	0.0847303	0.0726988	0.0532823	0.041626	0.053196	0.082432	0.103516	0.0919556	0.0442087	-0.0353489	-0.152266	-0.305765	-0.470723	-0.624727	-0.753348	-0.845376	-0.894653	-0.910997	-0.902451	-0.875259	-0.831363	-0.767492	-0.681115	-0.58236	-0.485539	-0.394256	-0.301913	-0.200529	-0.0842894	0.039726	0.161162	0.282787	0.420781	0.576295	0.725035	0.848809	0.942634	1.0109	1.04382	1.02619	
0.0694042	0.0694042	0.0717282	0.0740913	0.0772243	0.0802448	0.0752101	0.0692095	0.0736196	0.0847303	0.0868856	0.0836824	0.0886129	0.106612	0.13465	0.168588	0.194383	0.193337	0.150688	0.0599866	-0.0791614	-0.248857	-0.427695	-0.598324	-0.749633	-0.865775	-0.935446	-0.953442	-0.926178	-0.868622	-0.795786	-0.712027	-0.616814	-0.514431	-0.412323	-0.314105	-0.218836	-0.121845	-0.0197779	0.0872959	0.193097	0.300503	0.421889	0.559728	0.701577	0.825703	0.920613	0.980345	1.00393	0.985904	
-0.117509	-0.117509	-0.100685	-0.0682894	-0.0318884	-0.00882544	0.00726737	0.0282954	0.055571	0.0726988	0.0836824	0.103321	0.140371	0.181353	0.215188	0.240044	0.254817	0.247514	0.196269	0.0915405	-0.0521699	-0.211094	-0.379358	-0.552517	-0.715926	-0.851813	-0.939796	-0.964201	-0.924773	-0.843312	-0.744534	-0.643127	-0.538915	-0.427499	-0.318342	-0.218506	-0.130469	-0.0482856	0.0308422	0.110449	0.197431	0.293674	0.398584	0.515088	0.644212	0.775273	0.876557	0.935247	0.955007	0.939828	
-0.292984	-0.292984	-0.260619	-0.200957	-0.137638	-0.0901727	-0.0492511	-0.00738031	0.0270953	0.0532823	0.0886129	0.140371	0.200775	0.254315	0.286889	0.297007	0.287711	0.257321	0.188093	0.0791922	-0.0534824	-0.192036	-0.342317	-0.50162	-0.656877	-0.7914	-0.88383	-0.912734	-0.874429	-0.784981	-0.669615	-0.549626	-0.428545	-0.308714	-0.201339	-0.113236	-0.0417764	0.0195374	0.0708755	0.119451	0.177486	0.250147	0.337534	0.439194	0.562511	0.695773	0.811596	0.888908	0.920728	0.910414	
-0.446494	-0.446494	-0.405551	-0.334188	-0.252649	-0.1757	-0.103916	-0.0464059	-0.0036677	0.041626	0.106612	0.181353	0.254315	0.310056	0.33519	0.32701	0.292532	0.235037	0.15306	0.0510442	-0.0664162	-0.188684	-0.317639	-0.448223	-0.573777	-0.684397	-0.763666	-0.79427	-0.766401	-0.685637	-0.566408	-0.430865	-0.296646	-0.173991	-0.0762802	-0.00457366	0.0416901	0.0751524	0.100365	0.119312	0.14275	0.182469	0.246743	0.340139	0.462641	0.602343	0.732228	0.833778	0.89028	0.892579	
-0.569705	-0.569705	-0.530642	-0.463365	-0.375464	-0.27354	-0.16987	-0.0859922	-0.0176859	0.053196	0.13465	0.215188	0.286889	0.33519	0.345687	0.321474	0.264286	0.184353	0.0941137	0.00257393	-0.0984625	-0.201168	-0.304037	-0.401696	-0.488594	-0.56145	-0.613136	-0.629781	-0.605954	-0.542146	-0.432445	-0.290557	-0.148358	-0.0343385	0.0446965	0.0913862	0.107971	0.109513	0.103307	0.0924635	0.0852562	0.0949626	0.140622	0.226562	0.347667	0.487151	0.627624	0.75449	0.841699	0.871032	
-0.664091	-0.664091	-0.633772	-0.576432	-0.490151	-0.375204	-0.245871	-0.123368	-0.0146455	0.082432	0.168588	0.240044	0.297007	0.32701	0.321474	0.280705	0.205803	0.109565	0.0144324	-0.0678553	-0.146549	-0.219129	-0.293581	-0.359325	-0.406746	-0.439697	-0.45628	-0.44492	-0.409814	-0.353647	-0.252475	-0.115129	0.0135782	0.105928	0.158642	0.175638	0.156491	0.122141	0.0859806	0.0480803	0.0127752	-0.00347933	0.0223771	0.0945616	0.207653	0.34996	0.504921	0.654839	0.775031	0.839958	
-0.727937	-0.727937	-0.708129	-0.658884	-0.573092	-0.455323	-0.311225	-0.157991	-0.0147405	0.103516	0.194383	0.254817	0.287711	0.292532	0.264286	0.205803	0.120016	0.0223934	-0.0706425	-0.142475	-0.195522	-0.235059	-0.275309	-0.302678	-0.308494	-0.30461	-0.287369	-0.242902	-0.184264	-0.118151	-0.0221388	0.0904445	0.182907	0.235963	0.252929	0.238416	0.191985	0.130345	0.064193	-0.00321048	-0.0635311	-0.0982652	-0.0890618	-0.0367447	0.0615141	0.203081	0.370497	0.544407	0.696748	0.801244	
-0.773433	-0.773433	-0.760334	-0.712432	-0.624391	-0.505785	-0.359847	-0.196589	-0.0408081	0.0919556	0.193337	0.247514	0.257321	0.235037	0.184353	0.109565	0.0223934	-0.0658873	-0.147609	-0.205854	-0.239326	-0.249864	-0.251911	-0.234417	-0.196545	-0.150648	-0.0950574	-0.0190761	0.0682806	0.152749	0.237002	0.305015	0.342716	0.350895	0.335939	0.295009	0.219424	0.12798	0.0367134	-0.0548207	-0.135095	-0.182837	-0.188149	-0.157316	-0.0766619	0.0565643	0.229664	0.421475	0.606808	0.751658	
-0.804453	-0.804453	-0.788194	-0.736545	-0.647945	-0.534877	-0.398789	-0.246292	-0.0947719	0.0442087	0.150688	0.196269	0.188093	0.15306	0.0941137	0.0144324	-0.0706425	-0.147609	-0.213161	-0.257588	-0.276588	-0.26311	-0.228016	-0.16993	-0.0854783	0.0131031	0.113266	0.22106	0.332119	0.421309	0.479394	0.500353	0.487311	0.451493	0.404641	0.337533	0.235544	0.119833	0.00541087	-0.105332	-0.19642	-0.253789	-0.278266	-0.268273	-0.205218	-0.0833764	0.0844859	0.283754	0.493166	0.674389	
-0.809299	-0.809299	-0.783495	-0.727933	-0.647692	-0.550868	-0.437067	-0.306547	-0.167714	-0.0353489	0.0599866	0.0915405	0.0791922	0.0510442	0.00257393	-0.0678553	-0.142475	-0.205854	-0.257588	-0.290117	-0.295872	-0.259443	-0.194564	-0.0989784	0.0334958	0.183731	0.325271	0.46135	0.581531	0.655209	0.684605	0.670036	0.61467	0.537049	0.456878	0.360473	0.236314	0.10632	-0.0192892	-0.138491	-0.236881	-0.308078	-0.348556	-0.35456	-0.30403	-0.195526	-0.0410696	0.146744	0.358774	0.559363	
-0.772017	-0.772017	-0.742494	-0.691847	-0.628995	-0.556326	-0.473429	-0.372577	-0.2599	-0.152266	-0.0791614	-0.0521699	-0.0534824	-0.0664162	-0.0984625	-0.146549	-0.195522	-0.239326	-0.276588	-0.295872	-0.284483	-0.229867	-0.138485	-0.00552013	0.168656	0.353947	0.52691	0.681308	0.791009	0.835638	0.839357	0.803273	0.72047	0.609454	0.491972	0.366835	0.229982	0.0917209	-0.0404109	-0.159581	-0.258827	-0.334217	-0.383331	-0.400295	-0.36637	-0.276862	-0.144645	0.0214454	0.218909	0.418998	
-0.699791	-0.699791	-0.67964	-0.646264	-0.603983	-0.558118	-0.508262	-0.446669	-0.375	-0.305765	-0.248857	-0.211094	-0.192036	-0.188684	-0.201168	-0.219129	-0.235059	-0.249864	-0.26311	-0.259443	-0.229867	-0.159484	-0.0458608	0.116381	0.311967	0.514054	0.700694	0.854026	0.940956	0.957477	0.939572	0.889582	0.799059	0.672167	0.531423	0.389257	0.239937	0.0897629	-0.0468121	-0.165164	-0.264762	-0.339362	-0.386942	-0.41417	-0.400233	-0.335872	-0.225406	-0.0774565	0.0984061	0.283487	
-0.600207	-0.600207	-0.597845	-0.586539	-0.568194	-0.551013	-0.540509	-0.522975	-0.501233	-0.470723	-0.427695	-0.379358	-0.342317	-0.317639	-0.304037	-0.293581	-0.275309	-0.251911	-0.228016	-0.194564	-0.138485	-0.0458608	0.0880499	0.261158	0.460529	0.657827	0.829781	0.958036	1.02332	1.02198	0.984485	0.923462	0.828148	0.69641	0.557684	0.420697	0.2688	0.110175	-0.0299314	-0.152703	-0.256115	-0.328096	-0.377255	-0.411208	-0.414475	-0.374283	-0.282214	-0.153014	-0.00011575	0.161791	
-0.507383	-0.507383	-0.519799	-0.529457	-0.534195	-0.55036	-0.57716	-0.602293	-0.621168	-0.624727	-0.598324	-0.552517	-0.50162	-0.448223	-0.401696	-0.359325	-0.302678	-0.234417	-0.16993	-0.0989784	-0.00552013	0.116381	0.261158	0.433162	0.618956	0.786214	0.909541	0.998024	1.04476	1.03383	0.985483	0.911623	0.804696	0.675907	0.560402	0.449154	0.310782	0.160948	0.0201308	-0.108213	-0.214981	-0.293539	-0.350151	-0.392351	-0.410637	-0.38601	-0.31189	-0.205285	-0.0782535	0.0596274	
-0.445516	-0.445516	-0.468552	-0.494824	-0.522414	-0.563046	-0.619194	-0.674114	-0.724233	-0.753348	-0.749633	-0.715926	-0.656877	-0.573777	-0.488594	-0.406746	-0.308494	-0.196545	-0.0854783	0.0334958	0.168656	0.311967	0.460529	0.618956	0.774765	0.88964	0.956	0.997308	1.01637	0.995689	0.94296	0.857135	0.740362	0.626136	0.541726	0.457389	0.349095	0.224386	0.0967799	-0.0262695	-0.135732	-0.223785	-0.293441	-0.349696	-0.380553	-0.370863	-0.32034	-0.244962	-0.143351	-0.0275799	
-0.408857	-0.408857	-0.439882	-0.48277	-0.525947	-0.580155	-0.649902	-0.726147	-0.79525	-0.845376	-0.865775	-0.851813	-0.7914	-0.684397	-0.56145	-0.439697	-0.30461	-0.150648	0.0131031	0.183731	0.353947	0.514054	0.657827	0.786214	0.88964	0.953056	0.973548	0.969897	0.950508	0.912562	0.853712	0.763361	0.653074	0.558957	0.491063	0.43322	0.362442	0.273814	0.171836	0.0658371	-0.0385196	-0.131215	-0.209165	-0.275171	-0.317194	-0.324229	-0.308712	-0.268952	-0.196355	-0.0977543	
-0.402565	-0.402565	-0.438838	-0.49138	-0.543229	-0.600397	-0.677201	-0.761329	-0.836052	-0.894653	-0.935446	-0.939796	-0.88383	-0.763666	-0.613136	-0.45628	-0.287369	-0.0950574	0.113266	0.325271	0.52691	0.700694	0.829781	0.909541	0.956	0.973548	0.957791	0.914754	0.860971	0.804448	0.735592	0.648124	0.555006	0.475707	0.418749	0.379083	0.343606	0.296098	0.233694	0.152184	0.0593809	-0.0252441	-0.102594	-0.172707	-0.220889	-0.251741	-0.27014	-0.264234	-0.221272	-0.144452	
-0.437516	-0.437516	-0.472095	-0.524019	-0.574722	-0.634972	-0.714212	-0.796363	-0.858767	-0.910997	-0.953442	-0.964201	-0.912734	-0.79427	-0.629781	-0.44492	-0.242902	-0.0190761	0.22106	0.46135	0.681308	0.854026	0.958036	0.998024	0.997308	0.969897	0.914754	0.840962	0.762636	0.687849	0.612583	0.535792	0.457144	0.386978	0.340465	0.322553	0.313426	0.299682	0.275276	0.230332	0.16862	0.100472	0.023626	-0.0497623	-0.110939	-0.159917	-0.199204	-0.216788	-0.202365	-0.156118	
-0.497669	-0.497669	-0.526346	-0.568163	-0.613197	-0.675539	-0.755982	-0.827649	-0.870893	-0.902451	-0.926178	-0.924773	-0.874429	-0.766401	-0.605954	-0.409814	-0.184264	0.0682806	0.332119	0.581531	0.791009	0.940956	1.02332	1.04476	1.01637	0.950508	0.860971	0.762636	0.666118	0.578193	0.501243	0.431916	0.365659	0.310345	0.280561	0.273141	0.27354	0.279013	0.282744	0.278899	0.26131	0.220702	0.151265	0.0720426	-0.000118573	-0.057997	-0.100448	-0.127275	-0.138401	-0.130166	
-0.56791	-0.56791	-0.590024	-0.620062	-0.656931	-0.7181	-0.791714	-0.847591	-0.869526	-0.875259	-0.868622	-0.843312	-0.784981	-0.685637	-0.542146	-0.353647	-0.118151	0.152749	0.421309	0.655209	0.835638	0.957477	1.02198	1.03383	0.995689	0.912562	0.804448	0.687849	0.578193	0.483649	0.408228	0.345418	0.286729	0.245565	0.228639	0.228089	0.225481	0.227562	0.244877	0.28	0.309634	0.301586	0.251124	0.177209	0.101844	0.0497285	0.0156139	-0.0128973	-0.0436948	-0.0687565	
-0.651849	-0.651849	-0.668419	-0.688402	-0.717234	-0.768162	-0.822908	-0.853726	-0.852578	-0.831363	-0.795786	-0.744534	-0.669615	-0.566408	-0.432445	-0.252475	-0.0221388	0.237002	0.479394	0.684605	0.839357	0.939572	0.984485	0.985483	0.94296	0.853712	0.735592	0.612583	0.501243	0.408228	0.332259	0.271615	0.218493	0.187246	0.173827	0.17312	0.171241	0.175587	0.204667	0.262551	0.319788	0.339924	0.318225	0.264484	0.202802	0.163834	0.139009	0.111359	0.0686065	0.018462	
-0.738204	-0.738204	-0.749381	-0.76254	-0.78058	-0.811846	-0.834525	-0.835787	-0.8099	-0.767492	-0.712027	-0.643127	-0.549626	-0.430865	-0.290557	-0.115129	0.0904445	0.305015	0.500353	0.670036	0.803273	0.889582	0.923462	0.911623	0.857135	0.763361	0.648124	0.535792	0.431916	0.345418	0.271615	0.21062	0.158892	0.127394	0.113736	0.112334	0.114844	0.128499	0.171911	0.239455	0.302611	0.342937	0.353349	0.332254	0.300407	0.280845	0.258335	0.227089	0.177776	0.110632	
-0.796613	-0.796613	-0.803048	-0.809036	-0.81292	-0.815327	-0.803549	-0.777812	-0.734562	-0.681115	-0.616814	-0.538915	-0.428545	-0.296646	-0.148358	0.0135782	0.182907	0.342716	0.487311	0.61467	0.72047	0.799059	0.828148	0.804696	0.740362	0.653074	0.555006	0.457144	0.365659	0.286729	0.218493	0.158892	0.112418	0.0831848	0.0663261	0.0616356	0.066137	0.0896357	0.137205	0.198372	0.259009	0.315244	0.355115	0.374075	0.382047	0.379366	0.358449	0.326271	0.27238	0.199774	
-0.826475	-0.826475	-0.826351	-0.821063	-0.804439	-0.776762	-0.736259	-0.692226	-0.640117	-0.58236	-0.514431	-0.427499	-0.308714	-0.173991	-0.0343385	0.105928	0.235963	0.350895	0.451493	0.537049	0.609454	0.672167	0.69641	0.675907	0.626136	0.558957	0.475707	0.386978	0.310345	0.245565	0.187246	0.127394	0.0831848	0.0603381	0.0486892	0.0428899	0.0381376	0.055305	0.0906549	0.141256	0.20743	0.277384	0.338153	0.388255	0.428848	0.447284	0.436119	0.406842	0.353232	0.28463	
-0.834961	-0.834961	-0.826708	-0.804123	-0.765807	-0.714003	-0.658662	-0.603929	-0.548082	-0.485539	-0.412323	-0.318342	-0.201339	-0.0762802	0.0446965	0.158642	0.252929	0.335939	0.404641	0.456878	0.491972	0.531423	0.557684	0.560402	0.541726	0.491063	0.418749	0.340465	0.280561	0.228639	0.173827	0.113736	0.0663261	0.0486892	0.0447577	0.0404541	0.0282019	0.0259414	0.0457733	0.091826	0.166485	0.2435	0.315406	0.380713	0.436856	0.4741	0.485413	0.468008	0.427041	0.36605	
-0.812802	-0.812802	-0.798166	-0.761457	-0.704151	-0.641069	-0.579469	-0.521739	-0.462217	-0.394256	-0.314105	-0.218506	-0.113236	-0.00457366	0.0913862	0.175638	0.238416	0.295009	0.337533	0.360473	0.366835	0.389257	0.420697	0.449154	0.457389	0.43322	0.379083	0.322553	0.273141	0.228089	0.17312	0.112334	0.0616356	0.0428899	0.0404541	0.0342299	0.0119316	-0.00532576	0.00139316	0.046534	0.125217	0.206553	0.279705	0.347487	0.413788	0.472814	0.505755	0.510798	0.491066	0.437375	
-0.728466	-0.728466	-0.715311	-0.674629	-0.611927	-0.547145	-0.486976	-0.429433	-0.371138	-0.301913	-0.218836	-0.130469	-0.0417764	0.0416901	0.107971	0.156491	0.191985	0.219424	0.235544	0.236314	0.229982	0.239937	0.2688	0.310782	0.349095	0.362442	0.343606	0.313426	0.27354	0.225481	0.171241	0.114844	0.066137	0.0381376	0.0282019	0.0119316	-0.0201923	-0.047694	-0.047431	-0.00487671	0.0679406	0.15052	0.231188	0.303702	0.376253	0.444112	0.495728	0.526479	0.528564	0.491555	
-0.588336	-0.588336	-0.580399	-0.546438	-0.492721	-0.437074	-0.381907	-0.32487	-0.267962	-0.200529	-0.121845	-0.0482856	0.0195374	0.0751524	0.109513	0.122141	0.130345	0.12798	0.119833	0.10632	0.0917209	0.0897629	0.110175	0.160948	0.224386	0.273814	0.296098	0.299682	0.279013	0.227562	0.175587	0.128499	0.0896357	0.055305	0.0259414	-0.00532576	-0.047694	-0.0804631	-0.082277	-0.043487	0.022705	0.0972618	0.177727	0.255538	0.3336	0.410217	0.473933	0.520062	0.539942	0.524222	
-0.412256	-0.412256	-0.406352	-0.381828	-0.348462	-0.311427	-0.267555	-0.20959	-0.15071	-0.0842894	-0.0197779	0.0308422	0.0708755	0.100365	0.103307	0.0859806	0.064193	0.0367134	0.00541087	-0.0192892	-0.0404109	-0.0468121	-0.0299314	0.0201308	0.0967799	0.171836	0.233694	0.275276	0.282744	0.244877	0.204667	0.171911	0.137205	0.0906549	0.0457733	0.00139316	-0.047431	-0.082277	-0.0782407	-0.048533	-0.00483881	0.0546648	0.129601	0.205437	0.288954	0.375668	0.452847	0.505623	0.538666	0.539541	
-0.223361	-0.223361	-0.215091	-0.2008	-0.186594	-0.17183	-0.138532	-0.0847704	-0.0214487	0.039726	0.0872959	0.110449	0.119451	0.119312	0.0924635	0.0480803	-0.00321048	-0.0548207	-0.105332	-0.138491	-0.159581	-0.165164	-0.152703	-0.108213	-0.0262695	0.0658371	0.152184	0.230332	0.278899	0.28	0.262551	0.239455	0.198372	0.141256	0.091826	0.046534	-0.00487671	-0.043487	-0.048533	-0.0377676	-0.020677	0.0173029	0.0738055	0.148319	0.241411	0.3374	0.423795	0.485752	0.528222	0.546314	
-0.0469626	-0.0469626	-0.0393726	-0.0338168	-0.0321957	-0.0246976	0.00242134	0.0517017	0.109276	0.161162	0.193097	0.197431	0.177486	0.14275	0.0852562	0.0127752	-0.0635311	-0.135095	-0.19642	-0.236881	-0.258827	-0.264762	-0.256115	-0.214981	-0.135732	-0.0385196	0.0593809	0.16862	0.26131	0.309634	0.319788	0.302611	0.259009	0.20743	0.166485	0.125217	0.0679406	0.022705	-0.00483881	-0.020677	-0.0290176	-0.011346	0.0295996	0.0941038	0.184032	0.283395	0.381659	0.460838	0.515818	0.547751	
0.102667	0.102667	0.106455	0.105565	0.105361	0.120674	0.152206	0.199999	0.24602	0.282787	0.300503	0.293674	0.250147	0.182469	0.0949626	-0.00347933	-0.0982652	-0.182837	-0.253789	-0.308078	-0.334217	-0.339362	-0.328096	-0.293539	-0.223785	-0.131215	-0.0252441	0.100472	0.220702	0.301586	0.339924	0.342937	0.315244	0.277384	0.2435	0.206553	0.15052	0.0972618	0.0546648	0.0173029	-0.011346	-0.0166227	0.00899946	0.0619449	0.138448	0.23797	0.339682	0.428081	0.495638	0.531164	
0.228643	0.228643	0.231222	0.231689	0.238541	0.266903	0.309167	0.361682	0.401674	0.420781	0.421889	0.398584	0.337534	0.246743	0.140622	0.0223771	-0.0890618	-0.188149	-0.278266	-0.348556	-0.383331	-0.386942	-0.377255	-0.350151	-0.293441	-0.209165	-0.102594	0.023626	0.151265	0.251124	0.318225	0.353349	0.355115	0.338153	0.315406	0.279705	0.231188	0.177727	0.129601	0.0738055	0.0295996	0.00899946	0.0186999	0.0547921	0.122695	0.218438	0.321342	0.409139	0.476348	0.500425	
0.343699	0.343699	0.350613	0.360715	0.385519	0.424757	0.47821	0.532547	0.572105	0.576295	0.559728	0.515088	0.439194	0.340139	0.226562	0.0945616	-0.0367447	-0.157316	-0.268273	-0.35456	-0.400295	-0.41417	-0.411208	-0.392351	-0.349696	-0.275171	-0.172707	-0.0497623	0.0720426	0.177209	0.264484	0.332254	0.374075	0.388255	0.380713	0.347487	0.303702	0.255538	0.205437	0.148319	0.0941038	0.0619449	0.0547921	0.0831438	0.145968	0.237282	0.330956	0.407889	0.458974	0.471372	
0.451244	0.451244	0.463601	0.49097	0.541394	0.595795	0.652428	0.697221	0.729024	0.725035	0.701577	0.644212	0.562511	0.462641	0.347667	0.207653	0.0615141	-0.0766619	-0.205218	-0.30403	-0.36637	-0.400233	-0.414475	-0.410637	-0.380553	-0.317194	-0.220889	-0.110939	-0.000118573	0.101844	0.202802	0.300407	0.382047	0.428848	0.436856	0.413788	0.376253	0.3336	0.288954	0.241411	0.184032	0.138448	0.122695	0.145968	0.206894	0.292021	0.372563	0.434268	0.461438	0.457469	
0.551259	0.551259	0.568995	0.617247	0.69179	0.764036	0.812184	0.840313	0.851576	0.848809	0.825703	0.775273	0.695773	0.602343	0.487151	0.34996	0.203081	0.0565643	-0.0833764	-0.195526	-0.276862	-0.335872	-0.374283	-0.38601	-0.370863	-0.324229	-0.251741	-0.159917	-0.057997	0.0497285	0.163834	0.280845	0.379366	0.447284	0.4741	0.472814	0.444112	0.410217	0.375668	0.3374	0.283395	0.23797	0.218438	0.237282	0.292021	0.365768	0.431083	0.47865	0.491743	0.465123	
0.658219	0.658219	0.68255	0.744439	0.83125	0.905592	0.941503	0.950583	0.948598	0.942634	0.920613	0.876557	0.811596	0.732228	0.627624	0.504921	0.370497	0.229664	0.0844859	-0.0410696	-0.144645	-0.225406	-0.282214	-0.31189	-0.32034	-0.308712	-0.27014	-0.199204	-0.100448	0.0156139	0.139009	0.258335	0.358449	0.436119	0.485413	0.505755	0.495728	0.473933	0.452847	0.423795	0.381659	0.339682	0.321342	0.330956	0.372563	0.431083	0.489658	0.525919	0.521498	0.480015	
0.777719	0.777719	0.802891	0.862923	0.941096	1.00137	1.02247	1.02304	1.02017	1.0109	0.980345	0.935247	0.888908	0.833778	0.75449	0.654839	0.544407	0.421475	0.283754	0.146744	0.0214454	-0.0774565	-0.153014	-0.205285	-0.244962	-0.268952	-0.264234	-0.216788	-0.127275	-0.0128973	0.111359	0.227089	0.326271	0.406842	0.468008	0.510798	0.526479	0.520062	0.505623	0.485752	0.460838	0.428081	0.409139	0.407889	0.434268	0.47865	0.525919	0.547025	0.529162	0.484961	
0.919042	0.919042	0.931988	0.969237	1.02152	1.05739	1.06213	1.05614	1.05581	1.04382	1.00393	0.955007	0.920728	0.89028	0.841699	0.775031	0.696748	0.606808	0.493166	0.358774	0.218909	0.0984061	-0.00011575	-0.0782535	-0.143351	-0.196355	-0.221272	-0.202365	-0.138401	-0.0436948	0.0686065	0.177776	0.27238	0.353232	0.427041	0.491066	0.528564	0.539942	0.538666	0.528222	0.515818	0.495638	0.476348	0.458974	0.461438	0.491743	0.521498	0.529162	0.513313	0.482099	
1.06437	1.06437	1.05586	1.05819	1.07445	1.0822	1.06686	1.049	1.04171	1.02619	0.985904	0.939828	0.910414	0.892579	0.871032	0.839958	0.801244	0.751658	0.674389	0.559363	0.418998	0.283487	0.161791	0.0596274	-0.0275799	-0.0977543	-0.144452	-0.156118	-0.130166	-0.0687565	0.018462	0.110632	0.199774	0.28463	0.36605	0.437375	0.491555	0.524222	0.539541	0.546314	0.547751	0.531164	0.500425	0.471372	0.457469	0.465123	0.480015	0.484961	0.482099	0.467826	
