-0.322192	-0.233047	-0.157273	-0.106337	-0.0736562	-0.0397092	0.0197044	0.121637	0.261435	0.437055	0.639873	0.846883	1.03738	1.18835	1.28083	1.31398	1.2967	1.25355	1.20459	1.1555	1.10898	1.05877	0.99933	0.945202	0.881058	0.794817	0.68875	0.571359	0.458902	0.348785	0.250451	0.153404	0.0534572	-0.021784	-0.0806328	-0.139776	-0.210284	-0.316131	-0.461833	-0.619947	-0.751464	-0.826387	-0.812434	-0.712085	-0.551955	-0.35939	-0.179545	-0.0398904	0.0362429	0.0362429	
-0.233047	-0.172094	-0.123794	-0.0995635	-0.0944379	-0.0845649	-0.0419656	0.0412957	0.165495	0.317909	0.497233	0.684666	0.864779	1.01522	1.11539	1.16099	1.15416	1.12015	1.07712	1.03305	0.987772	0.936784	0.884727	0.834528	0.776913	0.697487	0.595806	0.485253	0.375695	0.275891	0.190328	0.111559	0.0432883	0.00593877	-0.018237	-0.0442445	-0.0838744	-0.173743	-0.301075	-0.443498	-0.573814	-0.649326	-0.647503	-0.56251	-0.410966	-0.219724	-0.0349415	0.102915	0.178958	0.178958	
-0.157273	-0.123794	-0.113636	-0.12495	-0.155452	-0.170726	-0.146493	-0.0776303	0.0324445	0.166128	0.32453	0.496258	0.663164	0.814021	0.925708	0.979413	0.982463	0.956718	0.92291	0.888803	0.850043	0.803487	0.758366	0.716396	0.6711	0.608463	0.517801	0.414461	0.309046	0.2141	0.139188	0.080172	0.0421738	0.0363071	0.0463985	0.0549416	0.0466033	-0.0107756	-0.108128	-0.225175	-0.340584	-0.417281	-0.427708	-0.356972	-0.224319	-0.0508329	0.128287	0.267366	0.350663	0.350663	
-0.106337	-0.0995635	-0.12495	-0.173452	-0.234484	-0.279801	-0.283775	-0.228773	-0.132329	-0.00969752	0.137173	0.298815	0.457256	0.611911	0.730687	0.792557	0.806299	0.791891	0.774911	0.754712	0.723889	0.684728	0.650519	0.622977	0.595794	0.553153	0.473082	0.374143	0.275315	0.183844	0.120195	0.0796431	0.0638173	0.0828003	0.121835	0.159795	0.177481	0.157573	0.0905678	-0.00410191	-0.101236	-0.17259	-0.184456	-0.132458	-0.0170791	0.141045	0.300406	0.431533	0.503227	0.503227	
-0.0736562	-0.0944379	-0.155452	-0.234484	-0.326412	-0.39615	-0.416265	-0.375895	-0.292072	-0.174996	-0.0337579	0.117884	0.277202	0.429481	0.551163	0.622649	0.654901	0.66412	0.669508	0.66537	0.640134	0.608834	0.58579	0.574204	0.560751	0.5318	0.462848	0.367677	0.281154	0.201771	0.143552	0.115733	0.115044	0.142933	0.197687	0.259787	0.299407	0.307126	0.272571	0.20535	0.130536	0.0690266	0.0523611	0.0914882	0.185591	0.31643	0.446945	0.553728	0.613516	0.613516	
-0.0397092	-0.0845649	-0.170726	-0.279801	-0.39615	-0.488543	-0.527785	-0.501666	-0.424116	-0.310871	-0.170457	-0.0194332	0.135089	0.283602	0.408581	0.497246	0.553356	0.590328	0.615497	0.621792	0.608041	0.591501	0.582473	0.581646	0.578192	0.551643	0.489954	0.407213	0.326499	0.25125	0.191568	0.16411	0.167726	0.206734	0.280132	0.356797	0.412046	0.439848	0.43138	0.390128	0.33949	0.291378	0.26608	0.286072	0.343449	0.432879	0.536368	0.620346	0.668037	0.668037	
0.0197044	-0.0419656	-0.146493	-0.283775	-0.416265	-0.527785	-0.585229	-0.579118	-0.515948	-0.405152	-0.267124	-0.117375	0.0368498	0.182958	0.314124	0.424841	0.502148	0.560898	0.602571	0.621246	0.6249	0.626677	0.63022	0.640076	0.642265	0.617837	0.561561	0.480117	0.392515	0.310051	0.243198	0.214779	0.228446	0.277959	0.362975	0.446657	0.512219	0.558649	0.567057	0.545423	0.508398	0.460318	0.420528	0.412515	0.438284	0.492305	0.56211	0.624298	0.659737	0.659737	
0.121637	0.0412957	-0.0776303	-0.228773	-0.375895	-0.501666	-0.579118	-0.592593	-0.544029	-0.442328	-0.311832	-0.170565	-0.0259585	0.117845	0.253851	0.376112	0.477306	0.559174	0.623224	0.666197	0.688916	0.700557	0.713716	0.728869	0.731675	0.712742	0.654424	0.569461	0.473502	0.378035	0.303018	0.270424	0.285264	0.338775	0.429267	0.520038	0.595449	0.649284	0.672512	0.662671	0.623169	0.570513	0.511599	0.476236	0.472003	0.491323	0.528199	0.559596	0.581592	0.581592	
0.261435	0.165495	0.0324445	-0.132329	-0.292072	-0.424116	-0.515948	-0.544029	-0.503957	-0.418431	-0.304905	-0.17665	-0.0452828	0.0855053	0.214083	0.339092	0.457626	0.570931	0.666321	0.734983	0.774384	0.795798	0.814604	0.833898	0.837097	0.809912	0.748354	0.659688	0.555704	0.453466	0.369928	0.321495	0.32229	0.374924	0.460923	0.555477	0.645782	0.707558	0.739473	0.736644	0.697124	0.634744	0.559154	0.498238	0.4535	0.430985	0.432295	0.433624	0.437121	0.437121	
0.437055	0.317909	0.166128	-0.00969752	-0.174996	-0.310871	-0.405152	-0.442328	-0.418431	-0.353835	-0.260204	-0.144587	-0.027073	0.0849731	0.193359	0.31099	0.439796	0.57252	0.690691	0.777589	0.837617	0.881283	0.919953	0.950271	0.950023	0.91111	0.839591	0.744354	0.632705	0.5214	0.422551	0.353347	0.337594	0.377531	0.454009	0.548633	0.64255	0.715185	0.762635	0.774453	0.744602	0.677715	0.587788	0.491766	0.40371	0.335476	0.283668	0.250245	0.234488	0.234488	
0.639873	0.497233	0.32453	0.137173	-0.0337579	-0.170457	-0.267124	-0.311832	-0.304905	-0.260204	-0.175031	-0.0724815	0.022963	0.103361	0.180347	0.276197	0.402984	0.538744	0.666429	0.771834	0.857384	0.929202	0.993889	1.0383	1.03964	1.00428	0.932357	0.831999	0.712469	0.581336	0.455511	0.364418	0.324913	0.346493	0.411117	0.49698	0.594702	0.680615	0.748427	0.783255	0.767737	0.701815	0.598194	0.468323	0.337393	0.219169	0.110476	0.0350358	-0.00458566	-0.00458566	
0.846883	0.684666	0.496258	0.298815	0.117884	-0.0194332	-0.117375	-0.170565	-0.17665	-0.144587	-0.0724815	0.0103523	0.0780548	0.126701	0.17662	0.246888	0.351228	0.470338	0.594136	0.712023	0.821975	0.926465	1.01862	1.08436	1.10162	1.07345	1.00536	0.900032	0.770231	0.622493	0.474616	0.357489	0.290208	0.28901	0.335168	0.420906	0.528075	0.629957	0.719754	0.770265	0.767193	0.70112	0.589297	0.437602	0.26089	0.0912671	-0.0657577	-0.185177	-0.255733	-0.255733	
1.03738	0.864779	0.663164	0.457256	0.277202	0.135089	0.0368498	-0.0259585	-0.0452828	-0.027073	0.022963	0.0780548	0.119988	0.144262	0.168093	0.209362	0.278723	0.376727	0.492711	0.616726	0.74143	0.869061	0.98764	1.07651	1.11912	1.10528	1.04443	0.94075	0.804968	0.646385	0.479954	0.339772	0.246593	0.219231	0.251921	0.335207	0.448668	0.573502	0.683904	0.747758	0.756274	0.689834	0.564038	0.389037	0.183248	-0.0308295	-0.241233	-0.398644	-0.487961	-0.487961	
1.18835	1.01522	0.814021	0.611911	0.429481	0.283602	0.182958	0.117845	0.0855053	0.0849731	0.103361	0.126701	0.144262	0.147788	0.147993	0.155863	0.196551	0.271654	0.373687	0.492665	0.622221	0.763423	0.905803	1.01704	1.08088	1.08903	1.04038	0.949064	0.82093	0.661157	0.481967	0.324438	0.208901	0.155002	0.177068	0.256136	0.375579	0.514374	0.640002	0.718209	0.733433	0.671605	0.534255	0.340165	0.103832	-0.151349	-0.394817	-0.588672	-0.697613	-0.697613	
1.28083	1.11539	0.925708	0.730687	0.551163	0.408581	0.314124	0.253851	0.214083	0.193359	0.180347	0.17662	0.168093	0.147993	0.123124	0.104546	0.117087	0.166462	0.242802	0.346688	0.472903	0.622743	0.780277	0.907351	0.994448	1.02493	0.99838	0.931539	0.820319	0.668319	0.491453	0.321296	0.187734	0.113917	0.117902	0.189652	0.309355	0.456919	0.593982	0.681501	0.701606	0.642083	0.500307	0.295214	0.0358542	-0.253002	-0.525371	-0.748744	-0.87749	-0.87749	
1.31398	1.16099	0.979413	0.792557	0.622649	0.497246	0.424841	0.376112	0.339092	0.31099	0.276197	0.246888	0.209362	0.155863	0.104546	0.0602046	0.0408	0.0573657	0.103299	0.19077	0.308968	0.458642	0.621658	0.762265	0.873289	0.932366	0.939572	0.904988	0.818149	0.684015	0.515696	0.336862	0.187436	0.0877687	0.0646747	0.121755	0.235885	0.391746	0.540305	0.638628	0.670702	0.618086	0.47426	0.262671	-0.00886258	-0.325381	-0.633099	-0.88407	-1.02331	-1.02331	
1.2967	1.15416	0.982463	0.806299	0.654901	0.553356	0.502148	0.477306	0.457626	0.439796	0.402984	0.351228	0.278723	0.196551	0.117087	0.0408	-0.0151349	-0.0403045	-0.0254601	0.0388903	0.145033	0.284812	0.449409	0.601622	0.731965	0.822927	0.865002	0.865318	0.808282	0.697439	0.538792	0.359598	0.194618	0.0717863	0.0288678	0.0691834	0.17927	0.334219	0.489188	0.598406	0.635869	0.59251	0.454442	0.23868	-0.0452244	-0.378293	-0.704911	-0.97934	-1.13552	-1.13552	
1.25355	1.12015	0.956718	0.791891	0.66412	0.590328	0.560898	0.559174	0.570931	0.57252	0.538744	0.470338	0.376727	0.271654	0.166462	0.0573657	-0.0403045	-0.105582	-0.124917	-0.0889402	-0.00297565	0.125079	0.282129	0.441922	0.58688	0.69995	0.774869	0.803304	0.773773	0.689646	0.550776	0.37668	0.206126	0.0724917	0.0109331	0.040991	0.149103	0.304434	0.461824	0.575041	0.614604	0.570749	0.439962	0.222534	-0.0711859	-0.417592	-0.764762	-1.05073	-1.21644	-1.21644	
1.20459	1.07712	0.92291	0.774911	0.669508	0.615497	0.602571	0.623224	0.666321	0.690691	0.666429	0.594136	0.492711	0.373687	0.242802	0.103299	-0.0254601	-0.124917	-0.177228	-0.169737	-0.10964	-0.00425891	0.135102	0.290407	0.439729	0.5681	0.668092	0.71965	0.718264	0.660998	0.542718	0.381242	0.216865	0.0864278	0.0191846	0.0484256	0.15472	0.307234	0.465284	0.576853	0.619333	0.572808	0.435526	0.207779	-0.0954104	-0.451287	-0.817989	-1.11405	-1.28276	-1.28276	
1.1555	1.03305	0.888803	0.754712	0.66537	0.621792	0.621246	0.666197	0.734983	0.777589	0.771834	0.712023	0.616726	0.492665	0.346688	0.19077	0.0388903	-0.0889402	-0.169737	-0.196491	-0.165035	-0.0894894	0.0236773	0.165391	0.30772	0.437701	0.551915	0.625299	0.64896	0.617536	0.518236	0.377481	0.22687	0.106945	0.0494609	0.0798302	0.190284	0.341384	0.496351	0.606971	0.639661	0.58457	0.443265	0.203802	-0.115324	-0.483509	-0.860087	-1.16484	-1.34299	-1.34299	
1.10898	0.987772	0.850043	0.723889	0.640134	0.608041	0.6249	0.688916	0.774384	0.837617	0.857384	0.821975	0.74143	0.622221	0.472903	0.308968	0.145033	-0.00297565	-0.10964	-0.165035	-0.1681	-0.126075	-0.0408928	0.0768898	0.202322	0.33044	0.456514	0.548782	0.59246	0.578784	0.498949	0.375114	0.239027	0.127635	0.0736518	0.10759	0.220489	0.374989	0.531024	0.640231	0.669994	0.6097	0.46021	0.212104	-0.116646	-0.496159	-0.882949	-1.19698	-1.37815	-1.37815	
1.05877	0.936784	0.803487	0.684728	0.608834	0.591501	0.626677	0.700557	0.795798	0.881283	0.929202	0.926465	0.869061	0.763423	0.622743	0.458642	0.284812	0.125079	-0.00425891	-0.0894894	-0.126075	-0.113659	-0.0601734	0.0268685	0.136293	0.260512	0.392055	0.495841	0.55133	0.550514	0.491503	0.380688	0.255395	0.150643	0.0963812	0.12949	0.236668	0.389501	0.544092	0.65339	0.687829	0.630345	0.477864	0.229059	-0.0985105	-0.482441	-0.870924	-1.1827	-1.35824	-1.35824	
0.99933	0.884727	0.758366	0.650519	0.58579	0.582473	0.63022	0.713716	0.814604	0.919953	0.993889	1.01862	0.98764	0.905803	0.780277	0.621658	0.449409	0.282129	0.135102	0.0236773	-0.0408928	-0.0601734	-0.0386176	0.0165213	0.106941	0.222775	0.345582	0.454028	0.522733	0.5386	0.492677	0.394878	0.279597	0.178877	0.132242	0.158371	0.25397	0.393037	0.534742	0.641926	0.677358	0.633164	0.491568	0.251554	-0.0712912	-0.446081	-0.808951	-1.10951	-1.27957	-1.27957	
0.945202	0.834528	0.716396	0.622977	0.574204	0.581646	0.640076	0.728869	0.833898	0.950271	1.0383	1.08436	1.07651	1.01704	0.907351	0.762265	0.601622	0.441922	0.290407	0.165391	0.0768898	0.0268685	0.0165213	0.0416375	0.110202	0.207088	0.318937	0.435203	0.517372	0.541602	0.505761	0.420681	0.320928	0.228853	0.182317	0.195874	0.268893	0.391133	0.519743	0.621618	0.661284	0.623148	0.488594	0.267693	-0.0268847	-0.376676	-0.716895	-0.997683	-1.15217	-1.15217	
0.881058	0.776913	0.6711	0.595794	0.560751	0.578192	0.642265	0.731675	0.837097	0.950023	1.03964	1.10162	1.11912	1.08088	0.994448	0.873289	0.731965	0.58688	0.439729	0.30772	0.202322	0.136293	0.106941	0.110202	0.150919	0.221188	0.321801	0.435726	0.517437	0.545014	0.526624	0.463979	0.384946	0.306305	0.256086	0.256406	0.308198	0.40666	0.512873	0.596074	0.629346	0.594313	0.474524	0.278823	0.0149809	-0.297665	-0.599295	-0.846658	-0.982342	-0.982342	
0.794817	0.697487	0.608463	0.553153	0.5318	0.551643	0.617837	0.712742	0.809912	0.91111	1.00428	1.07345	1.10528	1.08903	1.02493	0.932366	0.822927	0.69995	0.5681	0.437701	0.33044	0.260512	0.222775	0.207088	0.221188	0.276028	0.363932	0.460967	0.535321	0.567542	0.560796	0.52146	0.457709	0.390594	0.347789	0.336717	0.365165	0.428132	0.502392	0.566759	0.594178	0.566754	0.466413	0.292941	0.0556229	-0.213198	-0.465157	-0.670995	-0.784753	-0.784753	
0.68875	0.595806	0.517801	0.473082	0.462848	0.489954	0.561561	0.654424	0.748354	0.839591	0.932357	1.00536	1.04443	1.04038	0.99838	0.939572	0.865002	0.774869	0.668092	0.551915	0.456514	0.392055	0.345582	0.318937	0.321801	0.363932	0.434485	0.510935	0.574702	0.607107	0.604708	0.57278	0.523462	0.474095	0.435385	0.411645	0.415925	0.450847	0.499341	0.549616	0.574189	0.547604	0.463001	0.31228	0.113552	-0.108059	-0.324374	-0.489311	-0.578087	-0.578087	
0.571359	0.485253	0.414461	0.374143	0.367677	0.407213	0.480117	0.569461	0.659688	0.744354	0.831999	0.900032	0.94075	0.949064	0.931539	0.904988	0.865318	0.803304	0.71965	0.625299	0.548782	0.495841	0.454028	0.435203	0.435726	0.460967	0.510935	0.567483	0.621173	0.645605	0.641374	0.618808	0.586025	0.554754	0.513244	0.480815	0.471635	0.481413	0.510252	0.543725	0.56011	0.53391	0.46332	0.339747	0.175008	0.000125651	-0.170315	-0.300056	-0.369917	-0.369917	
0.458902	0.375695	0.309046	0.275315	0.281154	0.326499	0.392515	0.473502	0.555704	0.632705	0.712469	0.770231	0.804968	0.82093	0.820319	0.818149	0.808282	0.773773	0.718264	0.64896	0.59246	0.55133	0.522733	0.517372	0.517437	0.535321	0.574702	0.621173	0.658973	0.668617	0.667906	0.664891	0.650849	0.63187	0.59825	0.560944	0.537262	0.523083	0.528553	0.547205	0.551947	0.528649	0.473964	0.369593	0.231826	0.0946096	-0.0307786	-0.119738	-0.167306	-0.167306	
0.348785	0.275891	0.2141	0.183844	0.201771	0.25125	0.310051	0.378035	0.453466	0.5214	0.581336	0.622493	0.646385	0.661157	0.668319	0.684015	0.697439	0.689646	0.660998	0.617536	0.578784	0.550514	0.5386	0.541602	0.545014	0.567542	0.607107	0.645605	0.668617	0.681326	0.698996	0.713566	0.718602	0.716902	0.696893	0.657096	0.619699	0.583787	0.559624	0.556133	0.549103	0.524336	0.471544	0.380637	0.274128	0.172632	0.0836382	0.0282288	0.00449216	0.00449216	
0.250451	0.190328	0.139188	0.120195	0.143552	0.191568	0.243198	0.303018	0.369928	0.422551	0.455511	0.474616	0.479954	0.481967	0.491453	0.515696	0.538792	0.550776	0.542718	0.518236	0.498949	0.491503	0.492677	0.505761	0.526624	0.560796	0.604708	0.641374	0.667906	0.698996	0.736431	0.767322	0.795534	0.817007	0.806369	0.765451	0.712277	0.648443	0.59723	0.563013	0.531209	0.491847	0.434507	0.363765	0.283371	0.215391	0.170638	0.142591	0.134488	0.134488	
0.153404	0.111559	0.080172	0.0796431	0.115733	0.16411	0.214779	0.270424	0.321495	0.353347	0.364418	0.357489	0.339772	0.324438	0.321296	0.336862	0.359598	0.37668	0.381242	0.377481	0.375114	0.380688	0.394878	0.420681	0.463979	0.52146	0.57278	0.618808	0.664891	0.713566	0.767322	0.830206	0.890501	0.925493	0.922052	0.872477	0.796758	0.705277	0.619115	0.546657	0.480887	0.424662	0.363481	0.303038	0.248597	0.214758	0.210185	0.215919	0.226995	0.226995	
0.0534572	0.0432883	0.0421738	0.0638173	0.115044	0.167726	0.228446	0.285264	0.32229	0.337594	0.324913	0.290208	0.246593	0.208901	0.187734	0.187436	0.194618	0.206126	0.216865	0.22687	0.239027	0.255395	0.279597	0.320928	0.384946	0.457709	0.523462	0.586025	0.650849	0.718602	0.795534	0.890501	0.97277	1.01213	1.013	0.959096	0.859062	0.739789	0.612287	0.495756	0.404721	0.329703	0.260327	0.206966	0.176294	0.171511	0.194625	0.232403	0.260518	0.260518	
-0.021784	0.00593877	0.0363071	0.0828003	0.142933	0.206734	0.277959	0.338775	0.374924	0.377531	0.346493	0.28901	0.219231	0.155002	0.113917	0.0877687	0.0717863	0.0724917	0.0864278	0.106945	0.127635	0.150643	0.178877	0.228853	0.306305	0.390594	0.474095	0.554754	0.63187	0.716902	0.817007	0.925493	1.01213	1.05744	1.0611	1.00406	0.885756	0.739576	0.57895	0.422224	0.299335	0.199766	0.12187	0.0789245	0.0643371	0.0836913	0.138233	0.199301	0.235099	0.235099	
-0.0806328	-0.018237	0.0463985	0.121835	0.197687	0.280132	0.362975	0.429267	0.460923	0.454009	0.411117	0.335168	0.251921	0.177068	0.117902	0.0646747	0.0288678	0.0109331	0.0191846	0.0494609	0.0736518	0.0963812	0.132242	0.182317	0.256086	0.347789	0.435385	0.513244	0.59825	0.696893	0.806369	0.922052	1.013	1.0611	1.05831	0.9914	0.860896	0.692695	0.508179	0.326799	0.174892	0.0524959	-0.0335159	-0.0743337	-0.0724515	-0.028631	0.0433345	0.117492	0.163332	0.163332	
-0.139776	-0.0442445	0.0549416	0.159795	0.259787	0.356797	0.446657	0.520038	0.555477	0.548633	0.49698	0.420906	0.335207	0.256136	0.189652	0.121755	0.0691834	0.040991	0.0484256	0.0798302	0.10759	0.12949	0.158371	0.195874	0.256406	0.336717	0.411645	0.480815	0.560944	0.657096	0.765451	0.872477	0.959096	1.00406	0.9914	0.92066	0.784157	0.604815	0.402747	0.200894	0.0292595	-0.103762	-0.185305	-0.225649	-0.214838	-0.153724	-0.0711481	0.0166939	0.0706662	0.0706662	
-0.210284	-0.0838744	0.0466033	0.177481	0.299407	0.412046	0.512219	0.595449	0.645782	0.64255	0.594702	0.528075	0.448668	0.375579	0.309355	0.235885	0.17927	0.149103	0.15472	0.190284	0.220489	0.236668	0.25397	0.268893	0.308198	0.365165	0.415925	0.471635	0.537262	0.619699	0.712277	0.796758	0.859062	0.885756	0.860896	0.784157	0.651104	0.467803	0.257587	0.0477911	-0.130137	-0.260406	-0.337554	-0.361753	-0.333581	-0.260781	-0.162162	-0.0655389	-0.00464351	-0.00464351	
-0.316131	-0.173743	-0.0107756	0.157573	0.307126	0.439848	0.558649	0.649284	0.707558	0.715185	0.680615	0.629957	0.573502	0.514374	0.456919	0.391746	0.334219	0.304434	0.307234	0.341384	0.374989	0.389501	0.393037	0.391133	0.40666	0.428132	0.450847	0.481413	0.523083	0.583787	0.648443	0.705277	0.739789	0.739576	0.692695	0.604815	0.467803	0.279526	0.0757385	-0.123413	-0.29084	-0.408549	-0.473689	-0.470968	-0.411807	-0.315044	-0.195669	-0.0920452	-0.0332776	-0.0332776	
-0.461833	-0.301075	-0.108128	0.0905678	0.272571	0.43138	0.567057	0.672512	0.739473	0.762635	0.748427	0.719754	0.683904	0.640002	0.593982	0.540305	0.489188	0.461824	0.465284	0.496351	0.531024	0.544092	0.534742	0.519743	0.512873	0.502392	0.499341	0.510252	0.528553	0.559624	0.59723	0.619115	0.612287	0.57895	0.508179	0.402747	0.257587	0.0757385	-0.117027	-0.303149	-0.450321	-0.537486	-0.562432	-0.524418	-0.433145	-0.307524	-0.167184	-0.0451397	0.0197086	0.0197086	
-0.619947	-0.443498	-0.225175	-0.00410191	0.20535	0.390128	0.545423	0.662671	0.736644	0.774453	0.783255	0.770265	0.747758	0.718209	0.681501	0.638628	0.598406	0.575041	0.576853	0.606971	0.640231	0.65339	0.641926	0.621618	0.596074	0.566759	0.549616	0.543725	0.547205	0.556133	0.563013	0.546657	0.495756	0.422224	0.326799	0.200894	0.0477911	-0.123413	-0.303149	-0.460288	-0.571747	-0.6223	-0.597363	-0.51326	-0.382467	-0.222286	-0.0640489	0.0707312	0.150017	0.150017	
-0.751464	-0.573814	-0.340584	-0.101236	0.130536	0.33949	0.508398	0.623169	0.697124	0.744602	0.767737	0.767193	0.756274	0.733433	0.701606	0.670702	0.635869	0.614604	0.619333	0.639661	0.669994	0.687829	0.677358	0.661284	0.629346	0.594178	0.574189	0.56011	0.551947	0.549103	0.531209	0.480887	0.404721	0.299335	0.174892	0.0292595	-0.130137	-0.29084	-0.450321	-0.571747	-0.640062	-0.643679	-0.572211	-0.444704	-0.268123	-0.0638951	0.12239	0.263367	0.342869	0.342869	
-0.826387	-0.649326	-0.417281	-0.17259	0.0690266	0.291378	0.460318	0.570513	0.634744	0.677715	0.701815	0.70112	0.689834	0.671605	0.642083	0.618086	0.59251	0.570749	0.572808	0.58457	0.6097	0.630345	0.633164	0.623148	0.594313	0.566754	0.547604	0.53391	0.528649	0.524336	0.491847	0.424662	0.329703	0.199766	0.0524959	-0.103762	-0.260406	-0.408549	-0.537486	-0.6223	-0.643679	-0.591275	-0.472478	-0.292265	-0.0744624	0.148519	0.354023	0.509555	0.594116	0.594116	
-0.812434	-0.647503	-0.427708	-0.184456	0.0523611	0.26608	0.420528	0.511599	0.559154	0.587788	0.598194	0.589297	0.564038	0.534255	0.500307	0.47426	0.454442	0.439962	0.435526	0.443265	0.46021	0.477864	0.491568	0.488594	0.474524	0.466413	0.463001	0.46332	0.473964	0.471544	0.434507	0.363481	0.260327	0.12187	-0.0335159	-0.185305	-0.337554	-0.473689	-0.562432	-0.597363	-0.572211	-0.472478	-0.304621	-0.0794249	0.172099	0.414104	0.633089	0.797967	0.881658	0.881658	
-0.712085	-0.56251	-0.356972	-0.132458	0.0914882	0.286072	0.412515	0.476236	0.498238	0.491766	0.468323	0.437602	0.389037	0.340165	0.295214	0.262671	0.23868	0.222534	0.207779	0.203802	0.212104	0.229059	0.251554	0.267693	0.278823	0.292941	0.31228	0.339747	0.369593	0.380637	0.363765	0.303038	0.206966	0.0789245	-0.0743337	-0.225649	-0.361753	-0.470968	-0.524418	-0.51326	-0.444704	-0.292265	-0.0794249	0.169459	0.449207	0.717444	0.943689	1.10307	1.18664	1.18664	
-0.551955	-0.410966	-0.224319	-0.0170791	0.185591	0.343449	0.438284	0.472003	0.4535	0.40371	0.337393	0.26089	0.183248	0.103832	0.0358542	-0.00886258	-0.0452244	-0.0711859	-0.0954104	-0.115324	-0.116646	-0.0985105	-0.0712912	-0.0268847	0.0149809	0.0556229	0.113552	0.175008	0.231826	0.274128	0.283371	0.248597	0.176294	0.0643371	-0.0724515	-0.214838	-0.333581	-0.411807	-0.433145	-0.382467	-0.268123	-0.0744624	0.172099	0.449207	0.743532	1.0178	1.24416	1.39803	1.48539	1.48539	
-0.35939	-0.219724	-0.0508329	0.141045	0.31643	0.432879	0.492305	0.491323	0.430985	0.335476	0.219169	0.0912671	-0.0308295	-0.151349	-0.253002	-0.325381	-0.378293	-0.417592	-0.451287	-0.483509	-0.496159	-0.482441	-0.446081	-0.376676	-0.297665	-0.213198	-0.108059	0.000125651	0.0946096	0.172632	0.215391	0.214758	0.171511	0.0836913	-0.028631	-0.153724	-0.260781	-0.315044	-0.307524	-0.222286	-0.0638951	0.148519	0.414104	0.717444	1.0178	1.28955	1.51379	1.66806	1.74581	1.74581	
-0.179545	-0.0349415	0.128287	0.300406	0.446945	0.536368	0.56211	0.528199	0.432295	0.283668	0.110476	-0.0657577	-0.241233	-0.394817	-0.525371	-0.633099	-0.704911	-0.764762	-0.817989	-0.860087	-0.882949	-0.870924	-0.808951	-0.716895	-0.599295	-0.465157	-0.324374	-0.170315	-0.0307786	0.0836382	0.170638	0.210185	0.194625	0.138233	0.0433345	-0.0711481	-0.162162	-0.195669	-0.167184	-0.0640489	0.12239	0.354023	0.633089	0.943689	1.24416	1.51379	1.72745	1.87713	1.94694	1.94694	
-0.0398904	0.102915	0.267366	0.431533	0.553728	0.620346	0.624298	0.559596	0.433624	0.250245	0.0350358	-0.185177	-0.398644	-0.588672	-0.748744	-0.88407	-0.97934	-1.05073	-1.11405	-1.16484	-1.19698	-1.1827	-1.10951	-0.997683	-0.846658	-0.670995	-0.489311	-0.300056	-0.119738	0.0282288	0.142591	0.215919	0.232403	0.199301	0.117492	0.0166939	-0.0655389	-0.0920452	-0.0451397	0.0707312	0.263367	0.509555	0.797967	1.10307	1.39803	1.66806	1.87713	2.0166	2.08213	2.08213	
0.0362429	0.178958	0.350663	0.503227	0.613516	0.668037	0.659737	0.581592	0.437121	0.234488	-0.00458566	-0.255733	-0.487961	-0.697613	-0.87749	-1.02331	-1.13552	-1.21644	-1.28276	-1.34299	-1.37815	-1.35824	-1.27957	-1.15217	-0.982342	-0.784753	-0.578087	-0.369917	-0.167306	0.00449216	0.134488	0.226995	0.260518	0.235099	0.163332	0.0706662	-0.00464351	-0.0332776	0.0197086	0.150017	0.342869	0.594116	0.881658	1.18664	1.48539	1.74581	1.94694	2.08213	2.15167	2.15167	
0.0362429	0.178958	0.350663	0.503227	0.613516	0.668037	0.659737	0.581592	0.437121	0.234488	-0.00458566	-0.255733	-0.487961	-0.697613	-0.87749	-1.02331	-1.13552	-1.21644	-1.28276	-1.34299	-1.37815	-1.35824	-1.27957	-1.15217	-0.982342	-0.784753	-0.578087	-0.369917	-0.167306	0.00449216	0.134488	0.226995	0.260518	0.235099	0.163332	0.0706662	-0.00464351	-0.0332776	0.0197086	0.150017	0.342869	0.594116	0.881658	1.18664	1.48539	1.74581	1.94694	2.08213	2.15167	2.15167	
