0.197539	0.197539	0.228043	0.284799	0.380888	0.504959	0.66503	0.843082	1.02097	1.17299	1.25691	1.251	1.12773	0.897373	0.586462	0.242279	-0.0784637	-0.33638	-0.509142	-0.595714	-0.606248	-0.553456	-0.437435	-0.286606	-0.118188	0.0199559	0.0962129	0.112771	0.0846645	0.0469684	0.0231303	0.0132673	0.0237714	0.0535614	0.0864006	0.111139	0.104095	0.076448	0.0549563	0.0614295	0.0785868	0.089486	0.084252	0.0691878	0.057819	0.0557636	0.0540883	0.0586241	0.0590987	0.0393679	
0.197539	0.197539	0.228043	0.284799	0.380888	0.504959	0.66503	0.843082	1.02097	1.17299	1.25691	1.251	1.12773	0.897373	0.586462	0.242279	-0.0784637	-0.33638	-0.509142	-0.595714	-0.606248	-0.553456	-0.437435	-0.286606	-0.118188	0.0199559	0.0962129	0.112771	0.0846645	0.0469684	0.0231303	0.0132673	0.0237714	0.0535614	0.0864006	0.111139	0.104095	0.076448	0.0549563	0.0614295	0.0785868	0.089486	0.084252	0.0691878	0.057819	0.0557636	0.0540883	0.0586241	0.0590987	0.0393679	
0.228043	0.228043	0.257513	0.315163	0.409295	0.533395	0.692217	0.868832	1.0462	1.19685	1.28082	1.27497	1.15327	0.924404	0.615603	0.273593	-0.0471319	-0.304356	-0.477781	-0.565781	-0.576074	-0.523025	-0.40901	-0.257611	-0.0908662	0.044261	0.122342	0.138988	0.112086	0.0760154	0.0535567	0.0423818	0.0529083	0.0806946	0.114225	0.138192	0.130899	0.102952	0.0842106	0.0895355	0.104221	0.113645	0.110062	0.0950677	0.082815	0.0791755	0.0779616	0.0811593	0.0809108	0.0607187	
0.284799	0.284799	0.315163	0.372458	0.467713	0.591976	0.750073	0.92634	1.10184	1.25019	1.33322	1.32574	1.20499	0.978519	0.67309	0.334213	0.0175354	-0.239631	-0.413447	-0.502059	-0.516078	-0.465608	-0.353586	-0.206607	-0.0435919	0.0935151	0.169977	0.189641	0.165869	0.130561	0.105717	0.0969801	0.106287	0.134397	0.164952	0.187182	0.181941	0.157961	0.136217	0.139895	0.155743	0.165573	0.158616	0.144434	0.133198	0.129576	0.125795	0.128262	0.125365	0.107386	
0.380888	0.380888	0.409295	0.467713	0.558855	0.682284	0.836675	1.00889	1.18152	1.32551	1.40727	1.3991	1.28101	1.05889	0.757917	0.42501	0.10875	-0.147893	-0.323821	-0.417	-0.43262	-0.382628	-0.276284	-0.129973	0.0281027	0.158426	0.237519	0.257986	0.237622	0.206181	0.183478	0.173544	0.182795	0.206204	0.236366	0.257393	0.252062	0.228967	0.213034	0.214742	0.224819	0.231379	0.228248	0.215069	0.202551	0.195301	0.192925	0.19232	0.18784	0.169699	
0.504959	0.504959	0.533395	0.591976	0.682284	0.805321	0.956703	1.12603	1.29408	1.43227	1.51079	1.49827	1.38168	1.16109	0.866331	0.53735	0.225369	-0.0311344	-0.210406	-0.30692	-0.32863	-0.284626	-0.184151	-0.0453105	0.104236	0.232994	0.311056	0.335316	0.320489	0.291151	0.267766	0.258119	0.265085	0.287922	0.31657	0.333476	0.331591	0.313828	0.297204	0.296093	0.307624	0.314402	0.308465	0.297373	0.286699	0.280462	0.275614	0.274094	0.26662	0.252431	
0.66503	0.66503	0.692217	0.750073	0.836675	0.956703	1.10218	1.26472	1.42576	1.55537	1.62849	1.61245	1.49515	1.28052	0.988903	0.667641	0.356713	0.0980549	-0.0859701	-0.190614	-0.220081	-0.180968	-0.0893836	0.042784	0.183457	0.305305	0.38228	0.40793	0.398209	0.373048	0.348986	0.34181	0.349135	0.367418	0.390789	0.406948	0.406622	0.394025	0.38275	0.381041	0.387392	0.391529	0.390079	0.382231	0.372959	0.364155	0.362026	0.358195	0.350113	0.338796	
0.843082	0.843082	0.868832	0.92634	1.00889	1.12603	1.26472	1.42036	1.57195	1.69217	1.75749	1.73385	1.61737	1.40113	1.11675	0.798273	0.488413	0.228323	0.0363923	-0.0772566	-0.115202	-0.0858914	-0.00586897	0.115866	0.243022	0.354787	0.430296	0.458883	0.455315	0.433598	0.413588	0.402703	0.405661	0.421226	0.446593	0.458095	0.461138	0.453161	0.446777	0.443843	0.450799	0.454957	0.454646	0.45141	0.4452	0.439669	0.438515	0.434918	0.42685	0.42132	
1.02097	1.02097	1.0462	1.10184	1.18152	1.29408	1.42576	1.57195	1.71319	1.82043	1.87549	1.8445	1.72256	1.51113	1.22842	0.916777	0.608755	0.344299	0.14383	0.0187614	-0.0338462	-0.0172368	0.050351	0.157294	0.270303	0.374523	0.444764	0.473463	0.47552	0.456979	0.433422	0.426124	0.430611	0.443433	0.459472	0.468447	0.475022	0.476261	0.475117	0.473139	0.478173	0.481713	0.486283	0.488798	0.488234	0.484616	0.48784	0.485207	0.479732	0.481573	
1.17299	1.17299	1.19685	1.25019	1.32551	1.43227	1.55537	1.69217	1.82043	1.91693	1.96068	1.92195	1.79934	1.58763	1.31195	1.00462	0.696724	0.428894	0.218378	0.0795328	0.0148435	0.0186496	0.0705483	0.162677	0.258603	0.345811	0.40965	0.439634	0.446589	0.432331	0.414479	0.40328	0.400741	0.408455	0.424857	0.431593	0.439698	0.444952	0.451085	0.451644	0.45594	0.459378	0.468332	0.477406	0.481886	0.483529	0.491918	0.491559	0.490418	0.499966	
1.25691	1.25691	1.28082	1.33322	1.40727	1.51079	1.62849	1.75749	1.87549	1.96068	1.99359	1.94779	1.82205	1.61406	1.34577	1.04608	0.744368	0.47499	0.256651	0.105461	0.0251865	0.0111547	0.0475983	0.120187	0.198213	0.273252	0.329697	0.358252	0.3692	0.356657	0.336922	0.32488	0.322392	0.327483	0.33503	0.335225	0.345205	0.35876	0.370924	0.373491	0.376833	0.380639	0.392854	0.408885	0.420139	0.428327	0.441044	0.444595	0.448983	0.467476	
1.251	1.251	1.27497	1.32574	1.3991	1.49827	1.61245	1.73385	1.8445	1.92195	1.94779	1.90152	1.77725	1.58031	1.32341	1.03742	0.744275	0.476768	0.253092	0.0921775	-0.00116056	-0.0275831	-0.00559428	0.0497648	0.109702	0.167495	0.212755	0.239667	0.253648	0.246508	0.228306	0.21392	0.204915	0.203079	0.202662	0.200275	0.208872	0.225093	0.242236	0.247278	0.248467	0.249988	0.266024	0.285685	0.302645	0.315059	0.333076	0.339336	0.34879	0.37418	
1.12773	1.12773	1.15327	1.20499	1.28101	1.38168	1.49515	1.61737	1.72256	1.79934	1.82205	1.77725	1.6628	1.47659	1.24152	0.973356	0.69854	0.440092	0.220336	0.0524388	-0.0477546	-0.0875403	-0.0784272	-0.0402558	0.00436885	0.0461965	0.0824189	0.108941	0.124809	0.118792	0.103357	0.0854591	0.0698312	0.0613305	0.0533517	0.0429268	0.0459386	0.0642852	0.0837189	0.0914689	0.0878682	0.0881578	0.100663	0.124794	0.144158	0.162596	0.180942	0.189739	0.203124	0.232381	
0.897373	0.897373	0.924404	0.978519	1.05889	1.16109	1.28052	1.40113	1.51113	1.58763	1.61406	1.58031	1.47659	1.3158	1.10537	0.865564	0.616972	0.376409	0.164802	0.00211956	-0.103663	-0.148354	-0.147239	-0.120999	-0.0906578	-0.060755	-0.032954	-0.00877831	0.00916731	0.0110636	-0.00600008	-0.0284291	-0.046376	-0.0619011	-0.0846481	-0.105135	-0.107603	-0.091351	-0.0703689	-0.0655262	-0.0738479	-0.0809485	-0.0696603	-0.0488952	-0.0277376	-0.00952927	0.00822908	0.0171888	0.0302868	0.0605045	
0.586462	0.586462	0.615603	0.67309	0.757917	0.866331	0.988903	1.11675	1.22842	1.31195	1.34577	1.32341	1.24152	1.10537	0.929265	0.724253	0.50899	0.293303	0.102586	-0.0538851	-0.152876	-0.198286	-0.19946	-0.180334	-0.156314	-0.137447	-0.116866	-0.0909772	-0.0688399	-0.0623124	-0.072918	-0.0935325	-0.121552	-0.149895	-0.181729	-0.208834	-0.223712	-0.21283	-0.197158	-0.19293	-0.209446	-0.221431	-0.221411	-0.204308	-0.18667	-0.168923	-0.156403	-0.15028	-0.139619	-0.114512	
0.242279	0.242279	0.273593	0.334213	0.42501	0.53735	0.667641	0.798273	0.916777	1.00462	1.04608	1.03742	0.973356	0.865564	0.724253	0.556365	0.380949	0.198049	0.0317429	-0.104751	-0.195861	-0.234257	-0.234318	-0.216455	-0.196461	-0.180876	-0.160315	-0.129395	-0.101681	-0.0826102	-0.0893178	-0.113012	-0.140503	-0.172074	-0.216585	-0.259111	-0.28497	-0.2818	-0.269398	-0.270428	-0.294676	-0.318263	-0.327873	-0.318704	-0.305798	-0.293399	-0.288415	-0.285568	-0.281781	-0.262954	
-0.0784637	-0.0784637	-0.0471319	0.0175354	0.10875	0.225369	0.356713	0.488413	0.608755	0.696724	0.744368	0.744275	0.69854	0.616972	0.50899	0.380949	0.2432	0.0953062	-0.043388	-0.161134	-0.237708	-0.265938	-0.259169	-0.234901	-0.211875	-0.195912	-0.172132	-0.136423	-0.0969743	-0.0633132	-0.0566171	-0.0697951	-0.0968335	-0.140388	-0.192159	-0.241666	-0.277554	-0.284358	-0.279017	-0.288595	-0.319937	-0.351715	-0.373342	-0.3772	-0.372347	-0.366984	-0.369743	-0.373589	-0.378279	-0.369739	
-0.33638	-0.33638	-0.304356	-0.239631	-0.147893	-0.0311344	0.0980549	0.228323	0.344299	0.428894	0.47499	0.476768	0.440092	0.376409	0.293303	0.198049	0.0953062	-0.0198559	-0.129635	-0.22546	-0.287549	-0.304616	-0.290125	-0.261304	-0.232418	-0.21012	-0.178973	-0.129005	-0.0729515	-0.0198983	0.00265351	0.00230682	-0.0190803	-0.0580308	-0.112643	-0.16967	-0.216585	-0.231704	-0.235497	-0.247435	-0.284224	-0.327453	-0.365187	-0.379769	-0.382562	-0.387057	-0.399323	-0.410117	-0.423522	-0.424422	
-0.509142	-0.509142	-0.477781	-0.413447	-0.323821	-0.210406	-0.0859701	0.0363923	0.14383	0.218378	0.256651	0.253092	0.220336	0.164802	0.102586	0.0317429	-0.043388	-0.129635	-0.218697	-0.296924	-0.348304	-0.356663	-0.337806	-0.299645	-0.265188	-0.236443	-0.19389	-0.132366	-0.0585885	0.019574	0.0690791	0.0891613	0.0841889	0.0497321	-0.000551617	-0.0608329	-0.108883	-0.130492	-0.136138	-0.156714	-0.198803	-0.249656	-0.295622	-0.32455	-0.340915	-0.35556	-0.376213	-0.394331	-0.419002	-0.429828	
-0.595714	-0.595714	-0.565781	-0.502059	-0.417	-0.30692	-0.190614	-0.0772566	0.0187614	0.0795328	0.105461	0.0921775	0.0524388	0.00211956	-0.0538851	-0.104751	-0.161134	-0.22546	-0.296924	-0.362901	-0.408226	-0.415011	-0.3955	-0.357555	-0.320704	-0.28535	-0.233838	-0.160458	-0.0636643	0.0385126	0.113714	0.164112	0.181124	0.162238	0.122347	0.0702096	0.0251028	0.00231366	-0.0090202	-0.0295146	-0.0678007	-0.123687	-0.181806	-0.225529	-0.249589	-0.276765	-0.30552	-0.335659	-0.368497	-0.38953	
-0.606248	-0.606248	-0.576074	-0.516078	-0.43262	-0.32863	-0.220081	-0.115202	-0.0338462	0.0148435	0.0251865	-0.00116056	-0.0477546	-0.103663	-0.152876	-0.195861	-0.237708	-0.287549	-0.348304	-0.408226	-0.452449	-0.465587	-0.451159	-0.420717	-0.388041	-0.35357	-0.300808	-0.218165	-0.106151	0.0187585	0.127319	0.208595	0.249014	0.254921	0.234563	0.195306	0.160235	0.144302	0.137773	0.123002	0.0865461	0.0314196	-0.0299958	-0.07997	-0.118278	-0.155722	-0.193845	-0.232147	-0.275696	-0.306176	
-0.553456	-0.553456	-0.523025	-0.465608	-0.382628	-0.284626	-0.180968	-0.0858914	-0.0172368	0.0186496	0.0111547	-0.0275831	-0.0875403	-0.148354	-0.198286	-0.234257	-0.265938	-0.304616	-0.356663	-0.415011	-0.465587	-0.489712	-0.493427	-0.477763	-0.458076	-0.43288	-0.383568	-0.300675	-0.181911	-0.0410863	0.0909667	0.201274	0.274628	0.308165	0.307849	0.290296	0.274901	0.272051	0.275643	0.271175	0.247448	0.203437	0.146826	0.0902594	0.04527	0.000715465	-0.0423566	-0.0920006	-0.142713	-0.182736	
-0.437435	-0.437435	-0.40901	-0.353586	-0.276284	-0.184151	-0.0893836	-0.00586897	0.050351	0.0705483	0.0475983	-0.00559428	-0.0784272	-0.147239	-0.19946	-0.234318	-0.259169	-0.290125	-0.337806	-0.3955	-0.451159	-0.493427	-0.512019	-0.52034	-0.522294	-0.513798	-0.481331	-0.410584	-0.292574	-0.146713	0.00460863	0.140108	0.236984	0.296002	0.320589	0.327398	0.334483	0.351946	0.370708	0.384115	0.380732	0.356256	0.31059	0.260515	0.215419	0.170367	0.122796	0.068659	0.0142847	-0.0325877	
-0.286606	-0.286606	-0.257611	-0.206607	-0.129973	-0.0453105	0.042784	0.115866	0.157294	0.162677	0.120187	0.0497648	-0.0402558	-0.120999	-0.180334	-0.216455	-0.234901	-0.261304	-0.299645	-0.357555	-0.420717	-0.477763	-0.52034	-0.557909	-0.58328	-0.600347	-0.590551	-0.533169	-0.431295	-0.291252	-0.134226	0.0136146	0.13066	0.213848	0.256603	0.288392	0.316742	0.354497	0.394091	0.433359	0.450902	0.453335	0.433616	0.402135	0.363456	0.325174	0.282627	0.231535	0.178842	0.129559	
-0.118188	-0.118188	-0.0908662	-0.0435919	0.0281027	0.104236	0.183457	0.243022	0.270303	0.258603	0.198213	0.109702	0.00436885	-0.0906578	-0.156314	-0.196461	-0.211875	-0.232418	-0.265188	-0.320704	-0.388041	-0.458076	-0.522294	-0.58328	-0.637202	-0.680538	-0.695706	-0.663392	-0.585142	-0.457737	-0.305504	-0.154376	-0.0242249	0.0707567	0.127626	0.17389	0.219813	0.278248	0.337324	0.39214	0.436533	0.474912	0.484977	0.475025	0.45474	0.435341	0.402718	0.361837	0.317819	0.273167	
0.0199559	0.0199559	0.044261	0.0935151	0.158426	0.232994	0.305305	0.354787	0.374523	0.345811	0.273252	0.167495	0.0461965	-0.060755	-0.137447	-0.180876	-0.195912	-0.21012	-0.236443	-0.28535	-0.35357	-0.43288	-0.513798	-0.600347	-0.680538	-0.75223	-0.792971	-0.787929	-0.732536	-0.625846	-0.486463	-0.340892	-0.20558	-0.108886	-0.0453615	0.00921797	0.0662713	0.132188	0.203269	0.274895	0.342571	0.405222	0.448037	0.471376	0.47859	0.477877	0.463355	0.44288	0.416418	0.381615	
0.0962129	0.0962129	0.122342	0.169977	0.237519	0.311056	0.38228	0.430296	0.444764	0.40965	0.329697	0.212755	0.0824189	-0.032954	-0.116866	-0.160315	-0.172132	-0.178973	-0.19389	-0.233838	-0.300808	-0.383568	-0.481331	-0.590551	-0.695706	-0.792971	-0.860763	-0.878356	-0.850837	-0.767051	-0.648148	-0.511213	-0.381046	-0.28409	-0.218223	-0.163894	-0.109604	-0.0406323	0.0351842	0.109187	0.186553	0.272203	0.346121	0.396875	0.429576	0.45468	0.463783	0.468682	0.461427	0.446253	
0.112771	0.112771	0.138988	0.189641	0.257986	0.335316	0.40793	0.458883	0.473463	0.439634	0.358252	0.239667	0.108941	-0.00877831	-0.0909772	-0.129395	-0.136423	-0.129005	-0.132366	-0.160458	-0.218165	-0.300675	-0.410584	-0.533169	-0.663392	-0.787929	-0.878356	-0.925667	-0.926692	-0.866916	-0.769721	-0.64611	-0.520687	-0.427002	-0.364489	-0.318353	-0.269231	-0.204081	-0.134579	-0.0669141	0.0121772	0.104898	0.195866	0.26958	0.330925	0.375784	0.408225	0.437453	0.457273	0.464454	
0.0846645	0.0846645	0.112086	0.165869	0.237622	0.320489	0.398209	0.455315	0.47552	0.446589	0.3692	0.253648	0.124809	0.00916731	-0.0688399	-0.101681	-0.0969743	-0.0729515	-0.0585885	-0.0636643	-0.106151	-0.181911	-0.292574	-0.431295	-0.585142	-0.732536	-0.850837	-0.926692	-0.949625	-0.918017	-0.846132	-0.738076	-0.624888	-0.538145	-0.478401	-0.437084	-0.392497	-0.338275	-0.283149	-0.227282	-0.157214	-0.0689876	0.0289812	0.119128	0.196916	0.257536	0.310557	0.364781	0.408435	0.442954	
0.0469684	0.0469684	0.0760154	0.130561	0.206181	0.291151	0.373048	0.433598	0.456979	0.432331	0.356657	0.246508	0.118792	0.0110636	-0.0623124	-0.0826102	-0.0633132	-0.0198983	0.019574	0.0385126	0.0187585	-0.0410863	-0.146713	-0.291252	-0.457737	-0.625846	-0.767051	-0.866916	-0.918017	-0.918266	-0.873923	-0.786643	-0.689477	-0.604468	-0.547145	-0.51149	-0.479809	-0.437067	-0.391771	-0.347999	-0.296963	-0.223016	-0.127892	-0.0345511	0.0521718	0.121402	0.188434	0.255977	0.320002	0.381471	
0.0231303	0.0231303	0.0535567	0.105717	0.183478	0.267766	0.348986	0.413588	0.433422	0.414479	0.336922	0.228306	0.103357	-0.00600008	-0.072918	-0.0893178	-0.0566171	0.00265351	0.0690791	0.113714	0.127319	0.0909667	0.00460863	-0.134226	-0.305504	-0.486463	-0.648148	-0.769721	-0.846132	-0.873923	-0.853964	-0.789728	-0.711911	-0.634373	-0.588535	-0.559742	-0.533366	-0.494524	-0.466295	-0.438515	-0.40828	-0.348198	-0.269245	-0.177783	-0.0914798	-0.0194095	0.0496494	0.122897	0.201259	0.282674	
0.0132673	0.0132673	0.0423818	0.0969801	0.173544	0.258119	0.34181	0.402703	0.426124	0.40328	0.32488	0.21392	0.0854591	-0.0284291	-0.0935325	-0.113012	-0.0697951	0.00230682	0.0891613	0.164112	0.208595	0.201274	0.140108	0.0136146	-0.154376	-0.340892	-0.511213	-0.64611	-0.738076	-0.786643	-0.789728	-0.75753	-0.69616	-0.632634	-0.592869	-0.56654	-0.544951	-0.524805	-0.507976	-0.491757	-0.478864	-0.440287	-0.378039	-0.294854	-0.216646	-0.145858	-0.0810563	-0.0106628	0.0693627	0.160646	
0.0237714	0.0237714	0.0529083	0.106287	0.182795	0.265085	0.349135	0.405661	0.430611	0.400741	0.322392	0.204915	0.0698312	-0.046376	-0.121552	-0.140503	-0.0968335	-0.0190803	0.0841889	0.181124	0.249014	0.274628	0.236984	0.13066	-0.0242249	-0.20558	-0.381046	-0.520687	-0.624888	-0.689477	-0.711911	-0.69616	-0.648371	-0.599135	-0.5644	-0.544431	-0.534394	-0.525344	-0.513801	-0.514796	-0.519714	-0.502592	-0.459358	-0.392289	-0.320446	-0.251965	-0.197997	-0.137007	-0.0625658	0.0304568	
0.0535614	0.0535614	0.0806946	0.134397	0.206204	0.287922	0.367418	0.421226	0.443433	0.408455	0.327483	0.203079	0.0613305	-0.0619011	-0.149895	-0.172074	-0.140388	-0.0580308	0.0497321	0.162238	0.254921	0.308165	0.296002	0.213848	0.0707567	-0.108886	-0.28409	-0.427002	-0.538145	-0.604468	-0.634373	-0.632634	-0.599135	-0.55733	-0.526058	-0.508994	-0.501413	-0.495808	-0.496345	-0.516293	-0.536753	-0.542233	-0.517983	-0.470389	-0.406301	-0.347768	-0.300315	-0.248974	-0.182877	-0.100461	
0.0864006	0.0864006	0.114225	0.164952	0.236366	0.31657	0.390789	0.446593	0.459472	0.424857	0.33503	0.202662	0.0533517	-0.0846481	-0.181729	-0.216585	-0.192159	-0.112643	-0.000551617	0.122347	0.234563	0.307849	0.320589	0.256603	0.127626	-0.0453615	-0.218223	-0.364489	-0.478401	-0.547145	-0.588535	-0.592869	-0.5644	-0.526058	-0.494333	-0.466957	-0.456612	-0.453238	-0.46694	-0.49386	-0.529276	-0.553235	-0.557033	-0.532623	-0.483902	-0.431588	-0.390628	-0.349901	-0.295955	-0.226918	
0.111139	0.111139	0.138192	0.187182	0.257393	0.333476	0.406948	0.458095	0.468447	0.431593	0.335225	0.200275	0.0429268	-0.105135	-0.208834	-0.259111	-0.241666	-0.16967	-0.0608329	0.0702096	0.195306	0.290296	0.327398	0.288392	0.17389	0.00921797	-0.163894	-0.318353	-0.437084	-0.51149	-0.559742	-0.56654	-0.544431	-0.508994	-0.466957	-0.432151	-0.41469	-0.403563	-0.410942	-0.441692	-0.489765	-0.535232	-0.564761	-0.565471	-0.536257	-0.499867	-0.471981	-0.440756	-0.400776	-0.346167	
0.104095	0.104095	0.130899	0.181941	0.252062	0.331591	0.406622	0.461138	0.475022	0.439698	0.345205	0.208872	0.0459386	-0.107603	-0.223712	-0.28497	-0.277554	-0.216585	-0.108883	0.0251028	0.160235	0.274901	0.334483	0.316742	0.219813	0.0662713	-0.109604	-0.269231	-0.392497	-0.479809	-0.533366	-0.544951	-0.534394	-0.501413	-0.456612	-0.41469	-0.376426	-0.345	-0.344849	-0.373365	-0.423922	-0.478243	-0.525858	-0.551811	-0.550825	-0.538422	-0.521722	-0.502803	-0.481592	-0.445725	
0.076448	0.076448	0.102952	0.157961	0.228967	0.313828	0.394025	0.453161	0.476261	0.444952	0.35876	0.225093	0.0642852	-0.091351	-0.21283	-0.2818	-0.284358	-0.231704	-0.130492	0.00231366	0.144302	0.272051	0.351946	0.354497	0.278248	0.132188	-0.0406323	-0.204081	-0.338275	-0.437067	-0.494524	-0.524805	-0.525344	-0.495808	-0.453238	-0.403563	-0.345	-0.300249	-0.283256	-0.295058	-0.334364	-0.386925	-0.44396	-0.491021	-0.515487	-0.521964	-0.520506	-0.521644	-0.523541	-0.504797	
0.0549563	0.0549563	0.0842106	0.136217	0.213034	0.297204	0.38275	0.446777	0.475117	0.451085	0.370924	0.242236	0.0837189	-0.0703689	-0.197158	-0.269398	-0.279017	-0.235497	-0.136138	-0.0090202	0.137773	0.275643	0.370708	0.394091	0.337324	0.203269	0.0351842	-0.134579	-0.283149	-0.391771	-0.466295	-0.507976	-0.513801	-0.496345	-0.46694	-0.410942	-0.344849	-0.283256	-0.241675	-0.229813	-0.255948	-0.29774	-0.353444	-0.402936	-0.440625	-0.463422	-0.480853	-0.497538	-0.515023	-0.514214	
0.0614295	0.0614295	0.0895355	0.139895	0.214742	0.296093	0.381041	0.443843	0.473139	0.451644	0.373491	0.247278	0.0914689	-0.0655262	-0.19293	-0.270428	-0.288595	-0.247435	-0.156714	-0.0295146	0.123002	0.271175	0.384115	0.433359	0.39214	0.274895	0.109187	-0.0669141	-0.227282	-0.347999	-0.438515	-0.491757	-0.514796	-0.516293	-0.49386	-0.441692	-0.373365	-0.295058	-0.229813	-0.203455	-0.211791	-0.235466	-0.273057	-0.317344	-0.362878	-0.395362	-0.419517	-0.441342	-0.470893	-0.488933	
0.0785868	0.0785868	0.104221	0.155743	0.224819	0.307624	0.387392	0.450799	0.478173	0.45594	0.376833	0.248467	0.0878682	-0.0738479	-0.209446	-0.294676	-0.319937	-0.284224	-0.198803	-0.0678007	0.0865461	0.247448	0.380732	0.450902	0.436533	0.342571	0.186553	0.0121772	-0.157214	-0.296963	-0.40828	-0.478864	-0.519714	-0.536753	-0.529276	-0.489765	-0.423922	-0.334364	-0.255948	-0.211791	-0.197032	-0.200565	-0.223379	-0.26235	-0.300294	-0.331054	-0.355178	-0.382276	-0.41142	-0.439455	
0.089486	0.089486	0.113645	0.165573	0.231379	0.314402	0.391529	0.454957	0.481713	0.459378	0.380639	0.249988	0.0881578	-0.0809485	-0.221431	-0.318263	-0.351715	-0.327453	-0.249656	-0.123687	0.0314196	0.203437	0.356256	0.453335	0.474912	0.405222	0.272203	0.104898	-0.0689876	-0.223016	-0.348198	-0.440287	-0.502592	-0.542233	-0.553235	-0.535232	-0.478243	-0.386925	-0.29774	-0.235466	-0.200565	-0.189557	-0.200539	-0.222621	-0.248365	-0.279548	-0.308572	-0.329524	-0.349896	-0.380299	
0.084252	0.084252	0.110062	0.158616	0.228248	0.308465	0.390079	0.454646	0.486283	0.468332	0.392854	0.266024	0.100663	-0.0696603	-0.221411	-0.327873	-0.373342	-0.365187	-0.295622	-0.181806	-0.0299958	0.146826	0.31059	0.433616	0.484977	0.448037	0.346121	0.195866	0.0289812	-0.127892	-0.269245	-0.378039	-0.459358	-0.517983	-0.557033	-0.564761	-0.525858	-0.44396	-0.353444	-0.273057	-0.223379	-0.200539	-0.193851	-0.195443	-0.214127	-0.246553	-0.270997	-0.282745	-0.299586	-0.322798	
0.0691878	0.0691878	0.0950677	0.144434	0.215069	0.297373	0.382231	0.45141	0.488798	0.477406	0.408885	0.285685	0.124794	-0.0488952	-0.204308	-0.318704	-0.3772	-0.379769	-0.32455	-0.225529	-0.07997	0.0902594	0.260515	0.402135	0.475025	0.471376	0.396875	0.26958	0.119128	-0.0345511	-0.177783	-0.294854	-0.392289	-0.470389	-0.532623	-0.565471	-0.551811	-0.491021	-0.402936	-0.317344	-0.26235	-0.222621	-0.195443	-0.183683	-0.195552	-0.214973	-0.233121	-0.246614	-0.262833	-0.268523	
0.057819	0.057819	0.082815	0.133198	0.202551	0.286699	0.372959	0.4452	0.488234	0.481886	0.420139	0.302645	0.144158	-0.0277376	-0.18667	-0.305798	-0.372347	-0.382562	-0.340915	-0.249589	-0.118278	0.04527	0.215419	0.363456	0.45474	0.47859	0.429576	0.330925	0.196916	0.0521718	-0.0914798	-0.216646	-0.320446	-0.406301	-0.483902	-0.536257	-0.550825	-0.515487	-0.440625	-0.362878	-0.300294	-0.248365	-0.214127	-0.195552	-0.186365	-0.191816	-0.208553	-0.22593	-0.234164	-0.224153	
0.0557636	0.0557636	0.0791755	0.129576	0.195301	0.280462	0.364155	0.439669	0.484616	0.483529	0.428327	0.315059	0.162596	-0.00952927	-0.168923	-0.293399	-0.366984	-0.387057	-0.35556	-0.276765	-0.155722	0.000715465	0.170367	0.325174	0.435341	0.477877	0.45468	0.375784	0.257536	0.121402	-0.0194095	-0.145858	-0.251965	-0.347768	-0.431588	-0.499867	-0.538422	-0.521964	-0.463422	-0.395362	-0.331054	-0.279548	-0.246553	-0.214973	-0.191816	-0.190267	-0.200665	-0.212475	-0.213748	-0.199361	
0.0540883	0.0540883	0.0779616	0.125795	0.192925	0.275614	0.362026	0.438515	0.48784	0.491918	0.441044	0.333076	0.180942	0.00822908	-0.156403	-0.288415	-0.369743	-0.399323	-0.376213	-0.30552	-0.193845	-0.0423566	0.122796	0.282627	0.402718	0.463355	0.463783	0.408225	0.310557	0.188434	0.0496494	-0.0810563	-0.197997	-0.300315	-0.390628	-0.471981	-0.521722	-0.520506	-0.480853	-0.419517	-0.355178	-0.308572	-0.270997	-0.233121	-0.208553	-0.200665	-0.200544	-0.207284	-0.208279	-0.187413	
0.0586241	0.0586241	0.0811593	0.128262	0.19232	0.274094	0.358195	0.434918	0.485207	0.491559	0.444595	0.339336	0.189739	0.0171888	-0.15028	-0.285568	-0.373589	-0.410117	-0.394331	-0.335659	-0.232147	-0.0920006	0.068659	0.231535	0.361837	0.44288	0.468682	0.437453	0.364781	0.255977	0.122897	-0.0106628	-0.137007	-0.248974	-0.349901	-0.440756	-0.502803	-0.521644	-0.497538	-0.441342	-0.382276	-0.329524	-0.282745	-0.246614	-0.22593	-0.212475	-0.207284	-0.214478	-0.216163	-0.19445	
0.0590987	0.0590987	0.0809108	0.125365	0.18784	0.26662	0.350113	0.42685	0.479732	0.490418	0.448983	0.34879	0.203124	0.0302868	-0.139619	-0.281781	-0.378279	-0.423522	-0.419002	-0.368497	-0.275696	-0.142713	0.0142847	0.178842	0.317819	0.416418	0.461427	0.457273	0.408435	0.320002	0.201259	0.0693627	-0.0625658	-0.182877	-0.295955	-0.400776	-0.481592	-0.523541	-0.515023	-0.470893	-0.41142	-0.349896	-0.299586	-0.262833	-0.234164	-0.213748	-0.208279	-0.216163	-0.225818	-0.207092	
0.0393679	0.0393679	0.0607187	0.107386	0.169699	0.252431	0.338796	0.42132	0.481573	0.499966	0.467476	0.37418	0.232381	0.0605045	-0.114512	-0.262954	-0.369739	-0.424422	-0.429828	-0.38953	-0.306176	-0.182736	-0.0325877	0.129559	0.273167	0.381615	0.446253	0.464454	0.442954	0.381471	0.282674	0.160646	0.0304568	-0.100461	-0.226918	-0.346167	-0.445725	-0.504797	-0.514214	-0.488933	-0.439455	-0.380299	-0.322798	-0.268523	-0.224153	-0.199361	-0.187413	-0.19445	-0.207092	-0.193486	
