-1.22312	-1.22312	-1.23668	-1.24515	-1.23259	-1.17369	-1.04489	-0.815507	-0.497698	-0.133063	0.21983	0.53064	0.787594	0.96365	1.03882	1.01597	0.92965	0.782334	0.585259	0.36654	0.158052	-0.031236	-0.19128	-0.307172	-0.399215	-0.492138	-0.586224	-0.664564	-0.7129	-0.736637	-0.753201	-0.774948	-0.790976	-0.782964	-0.765592	-0.751698	-0.745716	-0.725018	-0.672575	-0.589032	-0.482409	-0.351034	-0.211184	-0.0598859	0.108689	0.295313	0.485802	0.661512	0.802274	0.89442	
-1.22312	-1.22312	-1.23668	-1.24515	-1.23259	-1.17369	-1.04489	-0.815507	-0.497698	-0.133063	0.21983	0.53064	0.787594	0.96365	1.03882	1.01597	0.92965	0.782334	0.585259	0.36654	0.158052	-0.031236	-0.19128	-0.307172	-0.399215	-0.492138	-0.586224	-0.664564	-0.7129	-0.736637	-0.753201	-0.774948	-0.790976	-0.782964	-0.765592	-0.751698	-0.745716	-0.725018	-0.672575	-0.589032	-0.482409	-0.351034	-0.211184	-0.0598859	0.108689	0.295313	0.485802	0.661512	0.802274	0.89442	
-1.23668	-1.23668	-1.24805	-1.25653	-1.24874	-1.20515	-1.09928	-0.899318	-0.608212	-0.262	0.086381	0.405081	0.677839	0.87219	0.965239	0.958423	0.886744	0.753384	0.568277	0.356708	0.147277	-0.0495038	-0.219484	-0.34267	-0.433455	-0.517196	-0.596903	-0.661782	-0.701435	-0.720997	-0.735514	-0.754916	-0.765352	-0.752302	-0.728267	-0.708912	-0.697014	-0.670272	-0.612093	-0.525602	-0.419004	-0.294517	-0.165736	-0.0283767	0.125243	0.298155	0.475756	0.637926	0.762425	0.837171	
-1.24515	-1.24515	-1.25653	-1.26843	-1.27685	-1.26249	-1.20192	-1.05296	-0.81085	-0.497632	-0.160622	0.168694	0.466272	0.693604	0.821336	0.849162	0.808003	0.701694	0.537952	0.337887	0.129216	-0.0756632	-0.256357	-0.385767	-0.474422	-0.543932	-0.60395	-0.648634	-0.672386	-0.682407	-0.691571	-0.705741	-0.712788	-0.692922	-0.662627	-0.632895	-0.608607	-0.569316	-0.501574	-0.409223	-0.305664	-0.190263	-0.0777351	0.037747	0.165963	0.309192	0.454212	0.581596	0.672309	0.714231	
-1.23259	-1.23259	-1.24874	-1.27685	-1.31257	-1.34449	-1.33926	-1.25452	-1.06894	-0.797868	-0.477573	-0.141217	0.183483	0.451691	0.629813	0.709756	0.715326	0.646658	0.509235	0.324637	0.120687	-0.0840497	-0.265114	-0.394909	-0.478162	-0.538078	-0.582859	-0.610055	-0.617577	-0.613312	-0.612081	-0.620732	-0.62137	-0.599466	-0.560107	-0.518533	-0.478285	-0.424474	-0.34773	-0.255392	-0.155893	-0.0537964	0.042024	0.13417	0.22844	0.328205	0.421437	0.49488	0.535194	0.541462	
-1.17369	-1.17369	-1.20515	-1.26249	-1.34449	-1.4309	-1.48915	-1.46585	-1.33776	-1.10845	-0.810368	-0.471973	-0.12453	0.187793	0.42418	0.569209	0.631349	0.606404	0.498842	0.331901	0.139296	-0.056033	-0.228471	-0.351592	-0.432351	-0.487654	-0.526247	-0.543369	-0.536469	-0.517326	-0.502071	-0.497155	-0.490494	-0.460139	-0.41557	-0.365062	-0.315069	-0.25437	-0.175746	-0.0844518	0.0069746	0.0978124	0.174618	0.236909	0.290053	0.335786	0.370015	0.386212	0.381849	0.356388	
-1.04489	-1.04489	-1.09928	-1.20192	-1.33926	-1.48915	-1.60501	-1.63874	-1.5583	-1.36945	-1.09464	-0.762208	-0.399535	-0.0518091	0.238323	0.443996	0.560569	0.579076	0.503659	0.361597	0.188192	0.0104251	-0.146248	-0.261843	-0.338888	-0.394048	-0.431757	-0.445688	-0.434448	-0.406069	-0.377562	-0.357253	-0.331523	-0.291336	-0.23887	-0.187811	-0.139916	-0.0830085	-0.00927176	0.0755089	0.161393	0.236885	0.291341	0.320254	0.327815	0.322832	0.305317	0.276995	0.23685	0.190912	
-0.815507	-0.815507	-0.899318	-1.05296	-1.25452	-1.46585	-1.63874	-1.72029	-1.68447	-1.53141	-1.28309	-0.961389	-0.596091	-0.227854	0.0961953	0.345249	0.50322	0.560761	0.522184	0.412991	0.266303	0.109524	-0.0336769	-0.143022	-0.220307	-0.27621	-0.315829	-0.334442	-0.326557	-0.29907	-0.263513	-0.226481	-0.18444	-0.13068	-0.0760438	-0.028907	0.012757	0.0623636	0.130383	0.21082	0.287176	0.346602	0.374838	0.368472	0.336932	0.289741	0.236255	0.177851	0.117971	0.0578413	
-0.497698	-0.497698	-0.608212	-0.81085	-1.06894	-1.33776	-1.5583	-1.68447	-1.68577	-1.56653	-1.34101	-1.03506	-0.677431	-0.31026	0.02249	0.289635	0.471842	0.562406	0.563402	0.494086	0.37947	0.243734	0.11285	0.00404694	-0.0773153	-0.139878	-0.189024	-0.219043	-0.225368	-0.206931	-0.173064	-0.130459	-0.0770886	-0.0177595	0.0419041	0.0917558	0.136739	0.18891	0.253815	0.324264	0.385187	0.419351	0.420686	0.386414	0.326362	0.25428	0.177769	0.102826	0.0312556	-0.0325387	
-0.133063	-0.133063	-0.262	-0.497632	-0.797868	-1.10845	-1.36945	-1.53141	-1.56653	-1.47313	-1.2685	-0.978638	-0.640401	-0.292346	0.0257654	0.289761	0.48102	0.595885	0.632835	0.602634	0.518632	0.404442	0.283092	0.172285	0.0798469	0.00213561	-0.0621491	-0.109308	-0.130176	-0.125085	-0.101135	-0.0641706	-0.0148706	0.0444589	0.109398	0.171815	0.23373	0.296086	0.360195	0.416709	0.453951	0.46075	0.435285	0.379017	0.303072	0.21622	0.132418	0.0539607	-0.0145075	-0.0701125	
0.21983	0.21983	0.086381	-0.160622	-0.477573	-0.810368	-1.09464	-1.28309	-1.34101	-1.2685	-1.0804	-0.811762	-0.502222	-0.18797	0.100108	0.346893	0.533772	0.66005	0.721339	0.720255	0.664062	0.570591	0.462685	0.350599	0.245738	0.151633	0.0709356	0.0105162	-0.0239521	-0.0327887	-0.0248742	-0.00324712	0.0350994	0.0889317	0.158865	0.233948	0.310441	0.381043	0.43978	0.480639	0.496466	0.477833	0.431966	0.360517	0.275685	0.188043	0.108506	0.0411636	-0.0118231	-0.0515477	
0.53064	0.53064	0.405081	0.168694	-0.141217	-0.471973	-0.762208	-0.961389	-1.03506	-0.978638	-0.811762	-0.571376	-0.299766	-0.0269923	0.22582	0.447892	0.620758	0.744669	0.814808	0.833044	0.798024	0.727316	0.636101	0.529145	0.419893	0.316944	0.229408	0.159862	0.11308	0.0868084	0.0755602	0.0808191	0.108363	0.155858	0.223845	0.299669	0.377701	0.445327	0.497065	0.525793	0.527086	0.492704	0.430536	0.349486	0.263999	0.182286	0.119623	0.0736028	0.0410673	0.0199077	
0.787594	0.787594	0.677839	0.466272	0.183483	-0.12453	-0.399535	-0.596091	-0.677431	-0.640401	-0.502222	-0.299766	-0.071761	0.159479	0.376469	0.572155	0.723767	0.834805	0.904453	0.932574	0.915586	0.865083	0.794181	0.701454	0.600458	0.503353	0.417683	0.341752	0.280046	0.23464	0.206661	0.202699	0.224816	0.266047	0.324589	0.388173	0.454795	0.511992	0.553089	0.572737	0.565578	0.520552	0.451358	0.366857	0.285365	0.214612	0.167221	0.138288	0.124678	0.117881	
0.96365	0.96365	0.87219	0.693604	0.451691	0.187793	-0.0518091	-0.227854	-0.31026	-0.292346	-0.18797	-0.0269923	0.159479	0.351333	0.535165	0.700155	0.824783	0.915636	0.976232	1.0076	1.00027	0.96625	0.917683	0.848758	0.771103	0.692506	0.617253	0.539833	0.467459	0.410219	0.375125	0.368213	0.38796	0.420952	0.465711	0.514363	0.566151	0.608798	0.635162	0.639731	0.619777	0.566691	0.491976	0.410576	0.33697	0.274744	0.236158	0.215663	0.20724	0.20852	
1.03882	1.03882	0.965239	0.821336	0.629813	0.42418	0.238323	0.0961953	0.02249	0.0257654	0.100108	0.22582	0.376469	0.535165	0.685031	0.816923	0.909677	0.974821	1.0193	1.04356	1.03652	1.0129	0.985369	0.944647	0.894341	0.838114	0.779757	0.711758	0.647137	0.597628	0.569989	0.568869	0.587281	0.612769	0.6459	0.679612	0.714673	0.735006	0.734739	0.713405	0.674416	0.610324	0.535619	0.460576	0.39772	0.342479	0.305484	0.279288	0.265447	0.261839	
1.01597	1.01597	0.958423	0.849162	0.709756	0.569209	0.443996	0.345249	0.289635	0.289761	0.346893	0.447892	0.572155	0.700155	0.816923	0.912212	0.970452	1.00373	1.0239	1.03106	1.01869	1.0018	0.995014	0.979383	0.952427	0.917451	0.881044	0.838472	0.800107	0.773991	0.763758	0.770476	0.790259	0.812175	0.837434	0.860698	0.87713	0.871584	0.839261	0.786158	0.72195	0.644015	0.563746	0.494581	0.44085	0.393342	0.355514	0.322356	0.295453	0.28006	
0.92965	0.92965	0.886744	0.808003	0.715326	0.631349	0.560569	0.50322	0.471842	0.48102	0.533772	0.620758	0.723767	0.824783	0.909677	0.970452	0.993346	0.993281	0.983608	0.973045	0.954098	0.946263	0.955001	0.957395	0.946081	0.929041	0.91966	0.910088	0.905349	0.907758	0.916518	0.935887	0.960835	0.983078	1.00245	1.01234	1.00881	0.976291	0.914317	0.83342	0.747889	0.65727	0.571996	0.502866	0.453163	0.404743	0.361577	0.318163	0.281277	0.257665	
0.782334	0.782334	0.753384	0.701694	0.646658	0.606404	0.579076	0.560761	0.562406	0.595885	0.66005	0.744669	0.834805	0.915636	0.974821	1.00373	0.993281	0.956512	0.918492	0.88723	0.864175	0.85884	0.87703	0.890971	0.894674	0.900532	0.921593	0.945256	0.971355	0.997325	1.02607	1.058	1.08975	1.1105	1.11961	1.11368	1.08803	1.03184	0.946225	0.845545	0.747214	0.649272	0.557857	0.48388	0.425283	0.368793	0.314842	0.263807	0.224141	0.199235	
0.585259	0.585259	0.568277	0.537952	0.509235	0.498842	0.503659	0.522184	0.563402	0.632835	0.721339	0.814808	0.904453	0.976232	1.0193	1.0239	0.983608	0.918492	0.853154	0.805052	0.767922	0.755966	0.771157	0.793295	0.814448	0.845517	0.893971	0.945296	0.994748	1.0446	1.09288	1.14059	1.17763	1.19555	1.1919	1.16647	1.11557	1.03221	0.922704	0.806498	0.699183	0.598592	0.501903	0.417919	0.349741	0.28261	0.221022	0.167925	0.128053	0.103528	
0.36654	0.36654	0.356708	0.337887	0.324637	0.331901	0.361597	0.412991	0.494086	0.602634	0.720255	0.833044	0.932574	1.0076	1.04356	1.03106	0.973045	0.88723	0.805052	0.733564	0.675523	0.642955	0.649906	0.679633	0.719947	0.773849	0.844675	0.916365	0.988326	1.05731	1.12311	1.17798	1.21551	1.22573	1.20843	1.1631	1.08649	0.977651	0.847559	0.716506	0.60111	0.492	0.384952	0.291883	0.215105	0.148339	0.0892315	0.0388395	0.00392576	-0.0170822	
0.158052	0.158052	0.147277	0.129216	0.120687	0.139296	0.188192	0.266303	0.37947	0.518632	0.664062	0.798024	0.915586	1.00027	1.03652	1.01869	0.954098	0.864175	0.767922	0.675523	0.589801	0.536964	0.535589	0.573425	0.629178	0.701527	0.789064	0.882518	0.973318	1.05861	1.1289	1.17982	1.20386	1.19794	1.16022	1.0934	0.994997	0.867734	0.722696	0.580955	0.452543	0.332653	0.216348	0.116251	0.0416359	-0.0187765	-0.0723111	-0.115289	-0.144282	-0.158019	
-0.031236	-0.031236	-0.0495038	-0.0756632	-0.0840497	-0.056033	0.0104251	0.109524	0.243734	0.404442	0.570591	0.727316	0.865083	0.96625	1.0129	1.0018	0.946263	0.85884	0.755966	0.642955	0.536964	0.468617	0.460923	0.500761	0.564284	0.648574	0.753715	0.868302	0.979539	1.0738	1.14152	1.17392	1.17115	1.13279	1.0645	0.97252	0.854595	0.713478	0.558166	0.406008	0.270567	0.146539	0.0302976	-0.0639552	-0.132781	-0.183256	-0.227786	-0.264319	-0.28438	-0.286641	
-0.19128	-0.19128	-0.219484	-0.256357	-0.265114	-0.228471	-0.146248	-0.0336769	0.11285	0.283092	0.462685	0.636101	0.794181	0.917683	0.985369	0.995014	0.955001	0.87703	0.771157	0.649906	0.535589	0.460923	0.445235	0.478766	0.540918	0.632384	0.750076	0.88326	1.00903	1.10963	1.16664	1.17184	1.12824	1.04637	0.94125	0.821077	0.683176	0.527172	0.361514	0.206981	0.074761	-0.0406283	-0.143225	-0.226726	-0.281649	-0.315224	-0.344572	-0.366781	-0.376632	-0.374013	
-0.307172	-0.307172	-0.34267	-0.385767	-0.394909	-0.351592	-0.261843	-0.143022	0.00404694	0.172285	0.350599	0.529145	0.701454	0.848758	0.944647	0.979383	0.957395	0.890971	0.793295	0.679633	0.573425	0.500761	0.478766	0.502966	0.559801	0.651164	0.770914	0.910162	1.04163	1.13978	1.17912	1.14842	1.05929	0.933342	0.79085	0.641128	0.478145	0.304888	0.134528	-0.0120334	-0.127839	-0.222362	-0.304247	-0.365422	-0.397474	-0.406504	-0.415368	-0.426851	-0.433914	-0.430756	
-0.399215	-0.399215	-0.433455	-0.474422	-0.478162	-0.432351	-0.338888	-0.220307	-0.0773153	0.0798469	0.245738	0.419893	0.600458	0.771103	0.894341	0.952427	0.946081	0.894674	0.814448	0.719947	0.629178	0.564284	0.540918	0.559801	0.611732	0.695373	0.806262	0.938323	1.06319	1.14765	1.15924	1.08894	0.95748	0.789773	0.612095	0.428916	0.241807	0.0581851	-0.105923	-0.23373	-0.323955	-0.392486	-0.442333	-0.471578	-0.473885	-0.459401	-0.456995	-0.468801	-0.478836	-0.474757	
-0.492138	-0.492138	-0.517196	-0.543932	-0.538078	-0.487654	-0.394048	-0.27621	-0.139878	0.00213561	0.151633	0.316944	0.503353	0.692506	0.838114	0.917451	0.929041	0.900532	0.845517	0.773849	0.701527	0.648574	0.632384	0.651164	0.695373	0.76337	0.850669	0.958961	1.0585	1.11383	1.09187	0.987923	0.82312	0.625175	0.418152	0.21168	0.0119784	-0.172975	-0.328532	-0.439856	-0.508451	-0.545171	-0.554274	-0.543675	-0.515287	-0.486089	-0.482844	-0.500578	-0.514486	-0.508085	
-0.586224	-0.586224	-0.596903	-0.60395	-0.582859	-0.526247	-0.431757	-0.315829	-0.189024	-0.0621491	0.0709356	0.229408	0.417683	0.617253	0.779757	0.881044	0.91966	0.921593	0.893971	0.844675	0.789064	0.753715	0.750076	0.770914	0.806262	0.850669	0.904244	0.970408	1.02632	1.04122	0.984336	0.850822	0.661254	0.440871	0.221265	0.0110904	-0.185115	-0.3643	-0.512588	-0.612109	-0.657124	-0.661072	-0.632762	-0.589735	-0.54389	-0.508854	-0.501883	-0.516352	-0.523394	-0.50628	
-0.664564	-0.664564	-0.661782	-0.648634	-0.610055	-0.543369	-0.445688	-0.334442	-0.219043	-0.109308	0.0105162	0.159862	0.341752	0.539833	0.711758	0.838472	0.910088	0.945256	0.945296	0.916365	0.882518	0.868302	0.88326	0.910162	0.938323	0.958961	0.970408	0.981465	0.98279	0.950404	0.855519	0.692067	0.48069	0.253189	0.041703	-0.154302	-0.336758	-0.508719	-0.649659	-0.73384	-0.756421	-0.735785	-0.683394	-0.62545	-0.570527	-0.527683	-0.509755	-0.509185	-0.500014	-0.471313	
-0.7129	-0.7129	-0.701435	-0.672386	-0.617577	-0.536469	-0.434448	-0.326557	-0.225368	-0.130176	-0.0239521	0.11308	0.280046	0.467459	0.647137	0.800107	0.905349	0.971355	0.994748	0.988326	0.973318	0.979539	1.00903	1.04163	1.06319	1.0585	1.02632	0.98279	0.931414	0.85428	0.72079	0.530329	0.308997	0.0915253	-0.100464	-0.277396	-0.447994	-0.609452	-0.735285	-0.800478	-0.804096	-0.768003	-0.707084	-0.641343	-0.580434	-0.532494	-0.500618	-0.483126	-0.457097	-0.411328	
-0.736637	-0.736637	-0.720997	-0.682407	-0.613312	-0.517326	-0.406069	-0.29907	-0.206931	-0.125085	-0.0327887	0.0868084	0.23464	0.410219	0.597628	0.773991	0.907758	0.997325	1.0446	1.05731	1.05861	1.0738	1.10963	1.13978	1.14765	1.11383	1.04122	0.950404	0.85428	0.735056	0.570597	0.368612	0.159426	-0.0326557	-0.198227	-0.354992	-0.5071	-0.648254	-0.754556	-0.804275	-0.798842	-0.760608	-0.699647	-0.634196	-0.576506	-0.527781	-0.489707	-0.458051	-0.414364	-0.352917	
-0.753201	-0.753201	-0.735514	-0.691571	-0.612081	-0.502071	-0.377562	-0.263513	-0.173064	-0.101135	-0.0248742	0.0755602	0.206661	0.375125	0.569989	0.763758	0.916518	1.02607	1.09288	1.12311	1.1289	1.14152	1.16664	1.17912	1.15924	1.09187	0.984336	0.855519	0.72079	0.570597	0.394203	0.2081	0.0312019	-0.123871	-0.257219	-0.383334	-0.504512	-0.619036	-0.706475	-0.747435	-0.740678	-0.70668	-0.656212	-0.605835	-0.563271	-0.53077	-0.497539	-0.46185	-0.410673	-0.34146	
-0.774948	-0.774948	-0.754916	-0.705741	-0.620732	-0.497155	-0.357253	-0.226481	-0.130459	-0.0641706	-0.00324712	0.0808191	0.202699	0.368213	0.568869	0.770476	0.935887	1.058	1.14059	1.17798	1.17982	1.17392	1.17184	1.14842	1.08894	0.987923	0.850822	0.692067	0.530329	0.368612	0.2081	0.0579122	-0.0750761	-0.185477	-0.276978	-0.358511	-0.443175	-0.528519	-0.598604	-0.630942	-0.625738	-0.602865	-0.577773	-0.554895	-0.544744	-0.539324	-0.526779	-0.501707	-0.455748	-0.387413	
-0.790976	-0.790976	-0.765352	-0.712788	-0.62137	-0.490494	-0.331523	-0.18444	-0.0770886	-0.0148706	0.0350994	0.108363	0.224816	0.38796	0.587281	0.790259	0.960835	1.08975	1.17763	1.21551	1.20386	1.17115	1.12824	1.05929	0.95748	0.82312	0.661254	0.48069	0.308997	0.159426	0.0312019	-0.0750761	-0.158335	-0.217392	-0.254063	-0.288648	-0.334012	-0.390033	-0.439747	-0.465254	-0.466931	-0.467647	-0.473832	-0.487229	-0.510778	-0.538092	-0.554096	-0.549851	-0.519039	-0.459366	
-0.782964	-0.782964	-0.752302	-0.692922	-0.599466	-0.460139	-0.291336	-0.13068	-0.0177595	0.0444589	0.0889317	0.155858	0.266047	0.420952	0.612769	0.812175	0.983078	1.1105	1.19555	1.22573	1.19794	1.13279	1.04637	0.933342	0.789773	0.625175	0.440871	0.253189	0.0915253	-0.0326557	-0.123871	-0.185477	-0.217392	-0.217358	-0.203836	-0.191713	-0.198593	-0.220446	-0.248052	-0.269196	-0.286764	-0.312692	-0.354763	-0.403536	-0.460856	-0.520861	-0.566308	-0.583239	-0.564943	-0.5141	
-0.765592	-0.765592	-0.728267	-0.662627	-0.560107	-0.41557	-0.23887	-0.0760438	0.0419041	0.109398	0.158865	0.223845	0.324589	0.465711	0.6459	0.837434	1.00245	1.11961	1.1919	1.20843	1.16022	1.0645	0.94125	0.79085	0.612095	0.418152	0.221265	0.041703	-0.100464	-0.198227	-0.257219	-0.276978	-0.254063	-0.203836	-0.141228	-0.0829534	-0.0434627	-0.0248529	-0.031011	-0.0536049	-0.0889288	-0.147253	-0.226011	-0.310188	-0.399821	-0.485716	-0.554578	-0.584815	-0.573569	-0.527211	
-0.751698	-0.751698	-0.708912	-0.632895	-0.518533	-0.365062	-0.187811	-0.028907	0.0917558	0.171815	0.233948	0.299669	0.388173	0.514363	0.679612	0.860698	1.01234	1.11368	1.16647	1.1631	1.0934	0.97252	0.821077	0.641128	0.428916	0.21168	0.0110904	-0.154302	-0.277396	-0.354992	-0.383334	-0.358511	-0.288648	-0.191713	-0.0829534	0.0261263	0.117914	0.174619	0.188834	0.165923	0.110049	0.0213291	-0.0905216	-0.209865	-0.327144	-0.439162	-0.527657	-0.567195	-0.556557	-0.517403	
-0.745716	-0.745716	-0.697014	-0.608607	-0.478285	-0.315069	-0.139916	0.012757	0.136739	0.23373	0.310441	0.377701	0.454795	0.566151	0.714673	0.87713	1.00881	1.08803	1.11557	1.08649	0.994997	0.854595	0.683176	0.478145	0.241807	0.0119784	-0.185115	-0.336758	-0.447994	-0.5071	-0.504512	-0.443175	-0.334012	-0.198593	-0.0434627	0.117914	0.257149	0.352901	0.389521	0.368349	0.299308	0.188503	0.0506136	-0.0965704	-0.243482	-0.37782	-0.480452	-0.527125	-0.522353	-0.496101	
-0.725018	-0.725018	-0.670272	-0.569316	-0.424474	-0.25437	-0.0830085	0.0623636	0.18891	0.296086	0.381043	0.445327	0.511992	0.608798	0.735006	0.871584	0.976291	1.03184	1.03221	0.977651	0.867734	0.713478	0.527172	0.304888	0.0581851	-0.172975	-0.3643	-0.508719	-0.609452	-0.648254	-0.619036	-0.528519	-0.390033	-0.220446	-0.0248529	0.174619	0.352901	0.47938	0.535244	0.522868	0.454308	0.340235	0.193833	0.0262479	-0.13873	-0.285182	-0.398905	-0.458784	-0.472165	-0.470521	
-0.672575	-0.672575	-0.612093	-0.501574	-0.34773	-0.175746	-0.00927176	0.130383	0.253815	0.360195	0.43978	0.497065	0.553089	0.635162	0.734739	0.839261	0.914317	0.946225	0.922704	0.847559	0.722696	0.558166	0.361514	0.134528	-0.105923	-0.328532	-0.512588	-0.649659	-0.735285	-0.754556	-0.706475	-0.598604	-0.439747	-0.248052	-0.031011	0.188834	0.389521	0.535244	0.610418	0.617151	0.570941	0.471448	0.329874	0.160714	-0.00431784	-0.153261	-0.27378	-0.353953	-0.391884	-0.416943	
-0.589032	-0.589032	-0.525602	-0.409223	-0.255392	-0.0844518	0.0755089	0.21082	0.324264	0.416709	0.480639	0.525793	0.572737	0.639731	0.713405	0.786158	0.83342	0.845545	0.806498	0.716506	0.580955	0.406008	0.206981	-0.0120334	-0.23373	-0.439856	-0.612109	-0.73384	-0.800478	-0.804275	-0.747435	-0.630942	-0.465254	-0.269196	-0.0536049	0.165923	0.368349	0.522868	0.617151	0.658427	0.646122	0.575843	0.458156	0.309858	0.157342	0.0131213	-0.114117	-0.210232	-0.271285	-0.323779	
-0.482409	-0.482409	-0.419004	-0.305664	-0.155893	0.0069746	0.161393	0.287176	0.385187	0.453951	0.496466	0.527086	0.565578	0.619777	0.674416	0.72195	0.747889	0.747214	0.699183	0.60111	0.452543	0.270567	0.074761	-0.127839	-0.323955	-0.508451	-0.657124	-0.756421	-0.804096	-0.798842	-0.740678	-0.625738	-0.466931	-0.286764	-0.0889288	0.110049	0.299308	0.454308	0.570941	0.646122	0.673773	0.644306	0.568632	0.454012	0.322112	0.19077	0.0719546	-0.0316512	-0.116988	-0.196466	
-0.351034	-0.351034	-0.294517	-0.190263	-0.0537964	0.0978124	0.236885	0.346602	0.419351	0.46075	0.477833	0.492704	0.520552	0.566691	0.610324	0.644015	0.65727	0.649272	0.598592	0.492	0.332653	0.146539	-0.0406283	-0.222362	-0.392486	-0.545171	-0.661072	-0.735785	-0.768003	-0.760608	-0.70668	-0.602865	-0.467647	-0.312692	-0.147253	0.0213291	0.188503	0.340235	0.471448	0.575843	0.644306	0.665231	0.63468	0.554816	0.453758	0.351839	0.252568	0.14455	0.0421299	-0.0579094	
-0.211184	-0.211184	-0.165736	-0.0777351	0.042024	0.174618	0.291341	0.374838	0.420686	0.435285	0.431966	0.430536	0.451358	0.491976	0.535619	0.563746	0.571996	0.557857	0.501903	0.384952	0.216348	0.0302976	-0.143225	-0.304247	-0.442333	-0.554274	-0.632762	-0.683394	-0.707084	-0.699647	-0.656212	-0.577773	-0.473832	-0.354763	-0.226011	-0.0905216	0.0506136	0.193833	0.329874	0.458156	0.568632	0.63468	0.640478	0.602938	0.54458	0.479889	0.397365	0.293351	0.184192	0.0838212	
-0.0598859	-0.0598859	-0.0283767	0.037747	0.13417	0.236909	0.320254	0.368472	0.386414	0.379017	0.360517	0.349486	0.366857	0.410576	0.460576	0.494581	0.502866	0.48388	0.417919	0.291883	0.116251	-0.0639552	-0.226726	-0.365422	-0.471578	-0.543675	-0.589735	-0.62545	-0.641343	-0.634196	-0.605835	-0.554895	-0.487229	-0.403536	-0.310188	-0.209865	-0.0965704	0.0262479	0.160714	0.309858	0.454012	0.554816	0.602938	0.615674	0.60487	0.566199	0.500887	0.410796	0.313007	0.218973	
0.108689	0.108689	0.125243	0.165963	0.22844	0.290053	0.327815	0.336932	0.326362	0.303072	0.275685	0.263999	0.285365	0.33697	0.39772	0.44085	0.453163	0.425283	0.349741	0.215105	0.0416359	-0.132781	-0.281649	-0.397474	-0.473885	-0.515287	-0.54389	-0.570527	-0.580434	-0.576506	-0.563271	-0.544744	-0.510778	-0.460856	-0.399821	-0.327144	-0.243482	-0.13873	-0.00431784	0.157342	0.322112	0.453758	0.54458	0.60487	0.625785	0.612268	0.575547	0.513518	0.43206	0.347991	
0.295313	0.295313	0.298155	0.309192	0.328205	0.335786	0.322832	0.289741	0.25428	0.21622	0.188043	0.182286	0.214612	0.274744	0.342479	0.393342	0.404743	0.368793	0.28261	0.148339	-0.0187765	-0.183256	-0.315224	-0.406504	-0.459401	-0.486089	-0.508854	-0.527683	-0.532494	-0.527781	-0.53077	-0.539324	-0.538092	-0.520861	-0.485716	-0.439162	-0.37782	-0.285182	-0.153261	0.0131213	0.19077	0.351839	0.479889	0.566199	0.612268	0.628738	0.621947	0.58556	0.522918	0.457261	
0.485802	0.485802	0.475756	0.454212	0.421437	0.370015	0.305317	0.236255	0.177769	0.132418	0.108506	0.119623	0.167221	0.236158	0.305484	0.355514	0.361577	0.314842	0.221022	0.0892315	-0.0723111	-0.227786	-0.344572	-0.415368	-0.456995	-0.482844	-0.501883	-0.509755	-0.500618	-0.489707	-0.497539	-0.526779	-0.554096	-0.566308	-0.554578	-0.527657	-0.480452	-0.398905	-0.27378	-0.114117	0.0719546	0.252568	0.397365	0.500887	0.575547	0.621947	0.64067	0.62715	0.590664	0.541613	
0.661512	0.661512	0.637926	0.581596	0.49488	0.386212	0.276995	0.177851	0.102826	0.0539607	0.0411636	0.0736028	0.138288	0.215663	0.279288	0.322356	0.318163	0.263807	0.167925	0.0388395	-0.115289	-0.264319	-0.366781	-0.426851	-0.468801	-0.500578	-0.516352	-0.509185	-0.483126	-0.458051	-0.46185	-0.501707	-0.549851	-0.583239	-0.584815	-0.567195	-0.527125	-0.458784	-0.353953	-0.210232	-0.0316512	0.14455	0.293351	0.410796	0.513518	0.58556	0.62715	0.642433	0.628628	0.579253	
0.802274	0.802274	0.762425	0.672309	0.535194	0.381849	0.23685	0.117971	0.0312556	-0.0145075	-0.0118231	0.0410673	0.124678	0.20724	0.265447	0.295453	0.281277	0.224141	0.128053	0.00392576	-0.144282	-0.28438	-0.376632	-0.433914	-0.478836	-0.514486	-0.523394	-0.500014	-0.457097	-0.414364	-0.410673	-0.455748	-0.519039	-0.564943	-0.573569	-0.556557	-0.522353	-0.472165	-0.391884	-0.271285	-0.116988	0.0421299	0.184192	0.313007	0.43206	0.522918	0.590664	0.628628	0.619538	0.568521	
0.89442	0.89442	0.837171	0.714231	0.541462	0.356388	0.190912	0.0578413	-0.0325387	-0.0701125	-0.0515477	0.0199077	0.117881	0.20852	0.261839	0.28006	0.257665	0.199235	0.103528	-0.0170822	-0.158019	-0.286641	-0.374013	-0.430756	-0.474757	-0.508085	-0.50628	-0.471313	-0.411328	-0.352917	-0.34146	-0.387413	-0.459366	-0.5141	-0.527211	-0.517403	-0.496101	-0.470521	-0.416943	-0.323779	-0.196466	-0.0579094	0.0838212	0.218973	0.347991	0.457261	0.541613	0.579253	0.568521	0.519913	
