3.27767	3.27767	3.13452	2.86253	2.49985	2.06088	1.55038	1.00463	0.501065	0.0683205	-0.295769	-0.597475	-0.836994	-1.01631	-1.12727	-1.15573	-1.11762	-1.0385	-0.948622	-0.854525	-0.772013	-0.718696	-0.694143	-0.671347	-0.617454	-0.527979	-0.439029	-0.394979	-0.3919	-0.399424	-0.410345	-0.403702	-0.371113	-0.332024	-0.314478	-0.319638	-0.333938	-0.353227	-0.400307	-0.509898	-0.675579	-0.872886	-1.07522	-1.23721	-1.31584	-1.27174	-1.09417	-0.817224	-0.482358	-0.112782	
3.27767	3.27767	3.13452	2.86253	2.49985	2.06088	1.55038	1.00463	0.501065	0.0683205	-0.295769	-0.597475	-0.836994	-1.01631	-1.12727	-1.15573	-1.11762	-1.0385	-0.948622	-0.854525	-0.772013	-0.718696	-0.694143	-0.671347	-0.617454	-0.527979	-0.439029	-0.394979	-0.3919	-0.399424	-0.410345	-0.403702	-0.371113	-0.332024	-0.314478	-0.319638	-0.333938	-0.353227	-0.400307	-0.509898	-0.675579	-0.872886	-1.07522	-1.23721	-1.31584	-1.27174	-1.09417	-0.817224	-0.482358	-0.112782	
3.13452	3.13452	3.00329	2.74787	2.40131	1.98476	1.5082	1.00412	0.533276	0.118327	-0.238108	-0.530255	-0.757608	-0.929683	-1.04431	-1.08492	-1.05831	-0.989079	-0.911115	-0.835185	-0.77034	-0.723327	-0.690717	-0.654997	-0.599153	-0.525435	-0.462707	-0.440185	-0.445345	-0.450189	-0.456906	-0.449707	-0.418068	-0.372959	-0.339092	-0.323155	-0.322482	-0.338677	-0.393191	-0.509678	-0.677457	-0.869243	-1.06256	-1.21492	-1.28602	-1.23891	-1.06645	-0.798789	-0.47297	-0.104848	
2.86253	2.86253	2.74787	2.52115	2.21368	1.84757	1.43627	1.00084	0.589201	0.213151	-0.117916	-0.392461	-0.605313	-0.769343	-0.886348	-0.93894	-0.933303	-0.890507	-0.845192	-0.802091	-0.761177	-0.720823	-0.679867	-0.635338	-0.584248	-0.533321	-0.500756	-0.501388	-0.51571	-0.521311	-0.525411	-0.516748	-0.478206	-0.415485	-0.354061	-0.312299	-0.299721	-0.32318	-0.39209	-0.519851	-0.684036	-0.863566	-1.04003	-1.17824	-1.23933	-1.18853	-1.01645	-0.754044	-0.428962	-0.057135	
2.49985	2.49985	2.40131	2.21368	1.96712	1.67989	1.35136	0.998519	0.657971	0.342733	0.0532439	-0.19739	-0.401034	-0.560338	-0.67405	-0.734782	-0.753911	-0.754582	-0.755977	-0.751683	-0.732461	-0.69896	-0.659474	-0.619511	-0.581603	-0.549781	-0.536774	-0.551351	-0.575037	-0.586319	-0.592714	-0.578752	-0.526805	-0.441886	-0.356522	-0.299054	-0.286883	-0.322847	-0.409981	-0.543221	-0.701419	-0.861012	-1.01315	-1.12897	-1.17456	-1.11456	-0.939607	-0.669571	-0.336184	0.0417171	
2.06088	2.06088	1.98476	1.84757	1.67989	1.48426	1.25091	0.985991	0.729069	0.484918	0.250461	0.0293925	-0.161539	-0.314053	-0.424724	-0.493586	-0.542384	-0.586404	-0.633969	-0.665702	-0.671683	-0.656087	-0.631588	-0.605762	-0.579593	-0.558154	-0.554633	-0.579214	-0.612536	-0.632776	-0.638876	-0.618329	-0.555559	-0.46197	-0.372051	-0.315075	-0.306004	-0.349128	-0.439713	-0.574915	-0.722684	-0.862866	-0.983417	-1.06544	-1.08315	-1.00733	-0.821134	-0.544004	-0.201012	0.177761	
1.55038	1.55038	1.5082	1.43627	1.35136	1.25091	1.1143	0.949543	0.781116	0.615637	0.441032	0.264429	0.10021	-0.0400125	-0.151557	-0.23743	-0.312099	-0.389651	-0.46961	-0.536045	-0.576827	-0.595125	-0.59945	-0.593116	-0.577239	-0.560445	-0.562375	-0.594698	-0.638972	-0.666195	-0.670485	-0.640369	-0.572198	-0.483374	-0.406719	-0.363239	-0.361527	-0.401566	-0.488496	-0.613802	-0.752567	-0.872912	-0.96158	-1.00283	-0.980013	-0.87019	-0.663004	-0.369672	-0.024303	0.339839	
1.00463	1.00463	1.00412	1.00084	0.998519	0.985991	0.949543	0.884994	0.809588	0.720578	0.615551	0.496518	0.372042	0.245828	0.124877	0.0182315	-0.0807479	-0.180322	-0.28639	-0.385018	-0.465285	-0.523709	-0.563183	-0.58141	-0.577125	-0.56211	-0.562254	-0.59646	-0.64803	-0.686406	-0.693185	-0.660014	-0.591158	-0.513001	-0.45758	-0.437142	-0.447896	-0.488631	-0.560859	-0.668181	-0.783787	-0.881925	-0.941713	-0.94655	-0.879661	-0.724913	-0.477215	-0.16364	0.180418	0.516886	
0.501065	0.501065	0.533276	0.589201	0.657971	0.729069	0.781116	0.809588	0.81499	0.80287	0.768286	0.711686	0.626062	0.511062	0.379907	0.250753	0.13021	0.00930706	-0.115713	-0.239513	-0.349769	-0.442781	-0.514574	-0.557973	-0.566984	-0.554057	-0.551008	-0.582202	-0.639483	-0.690018	-0.708322	-0.682444	-0.621953	-0.558843	-0.524141	-0.525551	-0.552421	-0.593339	-0.653498	-0.731533	-0.816933	-0.886279	-0.918505	-0.890247	-0.778687	-0.571987	-0.284112	0.0495053	0.382574	0.681107	
0.0683205	0.0683205	0.118327	0.213151	0.342733	0.484918	0.615637	0.720578	0.80287	0.863511	0.898049	0.894673	0.843456	0.742782	0.607472	0.459451	0.313717	0.173264	0.0350775	-0.100565	-0.230236	-0.346428	-0.440925	-0.500242	-0.519717	-0.513166	-0.512746	-0.543036	-0.599192	-0.656103	-0.686751	-0.680064	-0.644861	-0.606663	-0.59231	-0.607708	-0.640836	-0.681726	-0.727751	-0.781598	-0.835302	-0.875622	-0.879884	-0.819554	-0.668731	-0.422124	-0.105147	0.232137	0.545917	0.806706	
-0.295769	-0.295769	-0.238108	-0.117916	0.0532439	0.250461	0.441032	0.615551	0.768286	0.898049	0.987514	1.0255	1.00361	0.92389	0.795083	0.635454	0.470889	0.315039	0.172005	0.0313417	-0.105603	-0.232644	-0.333553	-0.398686	-0.426773	-0.433969	-0.446031	-0.477041	-0.525946	-0.579144	-0.619129	-0.639842	-0.641627	-0.6379	-0.641935	-0.662051	-0.693944	-0.729205	-0.767511	-0.803029	-0.833998	-0.849763	-0.826957	-0.737981	-0.558206	-0.290168	0.0316164	0.360713	0.654666	0.883438	
-0.597475	-0.597475	-0.530255	-0.392461	-0.19739	0.0293925	0.264429	0.496518	0.711686	0.894673	1.0255	1.09252	1.09464	1.03499	0.921197	0.766937	0.600056	0.438126	0.289259	0.147241	0.0120143	-0.107591	-0.202283	-0.265735	-0.303226	-0.326806	-0.352345	-0.383809	-0.423295	-0.471725	-0.523692	-0.574059	-0.618069	-0.64922	-0.67121	-0.692795	-0.71774	-0.745251	-0.774128	-0.796643	-0.810635	-0.80517	-0.759174	-0.649395	-0.46027	-0.196583	0.111047	0.42193	0.695882	0.898511	
-0.836994	-0.836994	-0.757608	-0.605313	-0.401034	-0.161539	0.10021	0.372042	0.626062	0.843456	1.00361	1.09464	1.11266	1.06916	0.977518	0.849801	0.701957	0.543457	0.390818	0.247551	0.123325	0.0181362	-0.063579	-0.125788	-0.171768	-0.209049	-0.245386	-0.278201	-0.314575	-0.366629	-0.43185	-0.508399	-0.582474	-0.640929	-0.675294	-0.696388	-0.713009	-0.729913	-0.750322	-0.764532	-0.767853	-0.74866	-0.685269	-0.565488	-0.382101	-0.142318	0.132367	0.414041	0.665942	0.845712	
-1.01631	-1.01631	-0.929683	-0.769343	-0.560338	-0.314053	-0.0400125	0.245828	0.511062	0.742782	0.92389	1.03499	1.06916	1.04367	0.982668	0.891816	0.775606	0.633488	0.486152	0.348063	0.231674	0.138129	0.0632655	0.00179896	-0.0509679	-0.0970153	-0.141343	-0.1798	-0.224344	-0.287305	-0.365463	-0.450162	-0.534135	-0.600086	-0.638392	-0.656508	-0.665374	-0.673107	-0.689521	-0.702183	-0.706054	-0.682879	-0.615384	-0.499006	-0.335807	-0.1286	0.107914	0.353293	0.572707	0.726549	
-1.12727	-1.12727	-1.04431	-0.886348	-0.67405	-0.424724	-0.151557	0.124877	0.379907	0.607472	0.795083	0.921197	0.977518	0.982668	0.955374	0.899237	0.815858	0.702626	0.577275	0.450603	0.340279	0.247451	0.172629	0.107341	0.0500904	-0.000219468	-0.0502544	-0.0990853	-0.158578	-0.236974	-0.317216	-0.391653	-0.458906	-0.51417	-0.546179	-0.561896	-0.56824	-0.575245	-0.592784	-0.610615	-0.620055	-0.604866	-0.548146	-0.450028	-0.313692	-0.141808	0.054336	0.257673	0.440328	0.568764	
-1.15573	-1.15573	-1.08492	-0.93894	-0.734782	-0.493586	-0.23743	0.0182315	0.250753	0.459451	0.635454	0.766937	0.849801	0.891816	0.899237	0.872113	0.821194	0.744502	0.652002	0.547676	0.445387	0.351069	0.268886	0.196961	0.135018	0.0810373	0.0225417	-0.0397183	-0.115867	-0.202189	-0.275527	-0.32408	-0.361257	-0.391116	-0.408207	-0.418267	-0.427209	-0.438136	-0.461764	-0.483621	-0.501625	-0.501931	-0.471159	-0.406886	-0.308764	-0.174218	-0.0173679	0.144774	0.290804	0.39708	
-1.11762	-1.11762	-1.05831	-0.933303	-0.753911	-0.542384	-0.312099	-0.0807479	0.13021	0.313717	0.470889	0.600056	0.701957	0.775606	0.815858	0.821194	0.804505	0.764761	0.70859	0.632282	0.543248	0.445936	0.355341	0.276171	0.208167	0.143808	0.0708585	-0.00534371	-0.0871596	-0.169099	-0.22488	-0.244956	-0.247942	-0.24608	-0.238707	-0.237994	-0.246611	-0.263098	-0.288569	-0.312455	-0.339509	-0.364757	-0.375127	-0.359166	-0.309826	-0.222405	-0.109846	0.0145948	0.135765	0.234318	
-1.0385	-1.0385	-0.989079	-0.890507	-0.754582	-0.586404	-0.389651	-0.180322	0.00930706	0.173264	0.315039	0.438126	0.543457	0.633488	0.702626	0.744502	0.764761	0.761337	0.740042	0.692088	0.616072	0.518431	0.423276	0.3396	0.26183	0.181609	0.0909806	0.00583282	-0.0732961	-0.141301	-0.176443	-0.16876	-0.138198	-0.100735	-0.0621896	-0.040395	-0.0408203	-0.052629	-0.0753301	-0.101674	-0.14709	-0.212113	-0.276907	-0.320659	-0.329294	-0.294135	-0.22555	-0.132798	-0.0250938	0.0750786	
-0.948622	-0.948622	-0.911115	-0.845192	-0.755977	-0.633969	-0.46961	-0.28639	-0.115713	0.0350775	0.172005	0.289259	0.390818	0.486152	0.577275	0.652002	0.70859	0.740042	0.749096	0.724559	0.66258	0.570753	0.475259	0.385069	0.297183	0.204332	0.103696	0.0133613	-0.0608357	-0.113454	-0.128256	-0.094753	-0.0351683	0.0354825	0.108571	0.159058	0.179773	0.179719	0.160824	0.123079	0.0459567	-0.0656436	-0.185775	-0.284951	-0.349818	-0.368799	-0.344686	-0.278313	-0.179098	-0.071546	
-0.854525	-0.854525	-0.835185	-0.802091	-0.751683	-0.665702	-0.536045	-0.385018	-0.239513	-0.100565	0.0313417	0.147241	0.247551	0.348063	0.450603	0.547676	0.632282	0.692088	0.724559	0.72356	0.686236	0.612557	0.521176	0.426957	0.333009	0.236344	0.129973	0.0358077	-0.0337473	-0.0740581	-0.0732907	-0.0263429	0.0509431	0.147663	0.255452	0.343214	0.391578	0.405241	0.382713	0.320768	0.207314	0.0531408	-0.10799	-0.250036	-0.361059	-0.425565	-0.436686	-0.391997	-0.299096	-0.188589	
-0.772013	-0.772013	-0.77034	-0.761177	-0.732461	-0.671683	-0.576827	-0.465285	-0.349769	-0.230236	-0.105603	0.0120143	0.123325	0.231674	0.340279	0.445387	0.543248	0.616072	0.66258	0.686236	0.681715	0.635859	0.560799	0.47193	0.378535	0.275778	0.166091	0.0758996	0.0183351	-0.00709571	-0.000395023	0.0488342	0.130699	0.242492	0.375599	0.4899	0.558624	0.57765	0.542549	0.453658	0.307622	0.127542	-0.0557625	-0.220267	-0.35727	-0.445661	-0.474001	-0.441384	-0.360207	-0.254946	
-0.718696	-0.718696	-0.723327	-0.720823	-0.69896	-0.656087	-0.595125	-0.523709	-0.442781	-0.346428	-0.232644	-0.107591	0.0181362	0.138129	0.247451	0.351069	0.445936	0.518431	0.570753	0.612557	0.635859	0.624909	0.580993	0.512014	0.417198	0.307475	0.200058	0.124158	0.085199	0.0714262	0.0840544	0.132707	0.214158	0.326387	0.45929	0.577246	0.649198	0.664518	0.61567	0.502035	0.335213	0.142027	-0.0458045	-0.212312	-0.349385	-0.435476	-0.459863	-0.428754	-0.354789	-0.259947	
-0.694143	-0.694143	-0.690717	-0.679867	-0.659474	-0.631588	-0.59945	-0.563183	-0.514574	-0.440925	-0.333553	-0.202283	-0.063579	0.0632655	0.172629	0.268886	0.355341	0.423276	0.475259	0.521176	0.560799	0.580993	0.573803	0.524146	0.435474	0.329875	0.237075	0.177182	0.150317	0.148931	0.170855	0.22337	0.299121	0.39366	0.504541	0.603135	0.661826	0.66347	0.597902	0.469743	0.296893	0.110765	-0.062285	-0.212171	-0.33115	-0.397979	-0.405615	-0.366118	-0.29251	-0.198793	
-0.671347	-0.671347	-0.654997	-0.635338	-0.619511	-0.605762	-0.593116	-0.58141	-0.557973	-0.500242	-0.398686	-0.265735	-0.125788	0.00179896	0.107341	0.196961	0.276171	0.3396	0.385069	0.426957	0.47193	0.512014	0.524146	0.496177	0.432382	0.357508	0.28936	0.243903	0.229806	0.240028	0.268959	0.315876	0.373998	0.44326	0.521483	0.587686	0.613437	0.58512	0.502157	0.371015	0.213446	0.0549411	-0.0844111	-0.200526	-0.288059	-0.32877	-0.316054	-0.261372	-0.177381	-0.0821072	
-0.617454	-0.617454	-0.599153	-0.584248	-0.581603	-0.579593	-0.577239	-0.577125	-0.566984	-0.519717	-0.426773	-0.303226	-0.171768	-0.0509679	0.0500904	0.135018	0.208167	0.26183	0.297183	0.333009	0.378535	0.417198	0.435474	0.432382	0.415363	0.385843	0.353551	0.336485	0.344882	0.365592	0.388894	0.416207	0.451026	0.492085	0.534887	0.553863	0.529416	0.461874	0.361468	0.235859	0.101678	-0.0211815	-0.116304	-0.184498	-0.223617	-0.224968	-0.185635	-0.115158	-0.0225466	0.0781515	
-0.527979	-0.527979	-0.525435	-0.533321	-0.549781	-0.558154	-0.560445	-0.56211	-0.554057	-0.513166	-0.433969	-0.326806	-0.209049	-0.0970153	-0.000219468	0.0810373	0.143808	0.181609	0.204332	0.236344	0.275778	0.307475	0.329875	0.357508	0.385843	0.405474	0.423477	0.451683	0.489172	0.517749	0.532977	0.539737	0.546054	0.553402	0.549121	0.512361	0.435585	0.33222	0.217764	0.0949355	-0.0230699	-0.11754	-0.168505	-0.180177	-0.162563	-0.119079	-0.0473769	0.04626	0.153901	0.258712	
-0.439029	-0.439029	-0.462707	-0.500756	-0.536774	-0.554633	-0.562375	-0.562254	-0.551008	-0.512746	-0.446031	-0.352345	-0.245386	-0.141343	-0.0502544	0.0225417	0.0708585	0.0909806	0.103696	0.129973	0.166091	0.200058	0.237075	0.28936	0.353551	0.423477	0.498842	0.572297	0.636922	0.680237	0.697848	0.68531	0.656468	0.617782	0.559657	0.468145	0.3467	0.213994	0.0855753	-0.0368118	-0.145577	-0.22015	-0.237241	-0.206105	-0.142378	-0.0559019	0.0520146	0.175239	0.303533	0.420567	
-0.394979	-0.394979	-0.440185	-0.501388	-0.551351	-0.579214	-0.594698	-0.59646	-0.582202	-0.543036	-0.477041	-0.383809	-0.278201	-0.1798	-0.0990853	-0.0397183	-0.00534371	0.00583282	0.0133613	0.0358077	0.0758996	0.124158	0.177182	0.243903	0.336485	0.451683	0.572297	0.680166	0.774085	0.840646	0.864115	0.832485	0.769259	0.686298	0.577154	0.434635	0.269726	0.10603	-0.0368888	-0.161522	-0.263811	-0.324128	-0.318405	-0.260602	-0.16514	-0.0415591	0.105734	0.260008	0.404751	0.521673	
-0.3919	-0.3919	-0.445345	-0.51571	-0.575037	-0.612536	-0.638972	-0.64803	-0.639483	-0.599192	-0.525946	-0.423295	-0.314575	-0.224344	-0.158578	-0.115867	-0.0871596	-0.0732961	-0.0608357	-0.0337473	0.0183351	0.085199	0.150317	0.229806	0.344882	0.489172	0.636922	0.774085	0.895489	0.974705	0.992302	0.94485	0.855829	0.73731	0.583635	0.395708	0.191902	0.00256212	-0.156716	-0.286635	-0.385787	-0.432213	-0.409913	-0.334535	-0.21513	-0.0621615	0.109604	0.281849	0.433308	0.548312	
-0.399424	-0.399424	-0.450189	-0.521311	-0.586319	-0.632776	-0.666195	-0.686406	-0.690018	-0.656103	-0.579144	-0.471725	-0.366629	-0.287305	-0.236974	-0.202189	-0.169099	-0.141301	-0.113454	-0.0740581	-0.00709571	0.0714262	0.148931	0.240028	0.365592	0.517749	0.680237	0.840646	0.974705	1.0473	1.05629	0.997826	0.890529	0.741659	0.554813	0.33583	0.109402	-0.098974	-0.277537	-0.420313	-0.513652	-0.543243	-0.503961	-0.415518	-0.284523	-0.121125	0.0617578	0.239757	0.390386	0.501896	
-0.410345	-0.410345	-0.456906	-0.525411	-0.592714	-0.638876	-0.670485	-0.693185	-0.708322	-0.686751	-0.619129	-0.523692	-0.43185	-0.365463	-0.317216	-0.275527	-0.22488	-0.176443	-0.128256	-0.0732907	-0.000395023	0.0840544	0.170855	0.268959	0.388894	0.532977	0.697848	0.864115	0.992302	1.05629	1.0581	0.99198	0.86664	0.699364	0.496961	0.26823	0.0354295	-0.183991	-0.380993	-0.527838	-0.612211	-0.629043	-0.583818	-0.497315	-0.374411	-0.217673	-0.040274	0.136403	0.287767	0.399426	
-0.403702	-0.403702	-0.449707	-0.516748	-0.578752	-0.618329	-0.640369	-0.660014	-0.682444	-0.680064	-0.639842	-0.574059	-0.508399	-0.450162	-0.391653	-0.32408	-0.244956	-0.16876	-0.094753	-0.0263429	0.0488342	0.132707	0.22337	0.315876	0.416207	0.539737	0.68531	0.832485	0.94485	0.997826	0.99198	0.915799	0.78613	0.619633	0.423525	0.205078	-0.019223	-0.23907	-0.437038	-0.579553	-0.658752	-0.676433	-0.640757	-0.572561	-0.47169	-0.334504	-0.172174	-0.00476931	0.147028	0.267451	
-0.371113	-0.371113	-0.418068	-0.478206	-0.526805	-0.555559	-0.572198	-0.591158	-0.621953	-0.644861	-0.641627	-0.618069	-0.582474	-0.534135	-0.458906	-0.361257	-0.247942	-0.138198	-0.0351683	0.0509431	0.130699	0.214158	0.299121	0.373998	0.451026	0.546054	0.656468	0.769259	0.855829	0.890529	0.86664	0.78613	0.663419	0.511262	0.33733	0.14294	-0.0622114	-0.26661	-0.451522	-0.584286	-0.66172	-0.682675	-0.658625	-0.610757	-0.537721	-0.434205	-0.307098	-0.159899	-0.00920925	0.122312	
-0.332024	-0.332024	-0.372959	-0.415485	-0.441886	-0.46197	-0.483374	-0.513001	-0.558843	-0.606663	-0.6379	-0.64922	-0.640929	-0.600086	-0.51417	-0.391116	-0.24608	-0.100735	0.0354825	0.147663	0.242492	0.326387	0.39366	0.44326	0.492085	0.553402	0.617782	0.686298	0.73731	0.741659	0.699364	0.619633	0.511262	0.385173	0.246744	0.0873014	-0.0902294	-0.270519	-0.43636	-0.558111	-0.627654	-0.647396	-0.633557	-0.60252	-0.556769	-0.49425	-0.408742	-0.290481	-0.151125	-0.0133662	
-0.314478	-0.314478	-0.339092	-0.354061	-0.356522	-0.372051	-0.406719	-0.45758	-0.524141	-0.59231	-0.641935	-0.67121	-0.675294	-0.638392	-0.546179	-0.408207	-0.238707	-0.0621896	0.108571	0.255452	0.375599	0.45929	0.504541	0.521483	0.534887	0.549121	0.559657	0.577154	0.583635	0.554813	0.496961	0.423525	0.33733	0.246744	0.153071	0.0345016	-0.105468	-0.251708	-0.389478	-0.488597	-0.54662	-0.571261	-0.571685	-0.557241	-0.540321	-0.514661	-0.464955	-0.377925	-0.258592	-0.120508	
-0.319638	-0.319638	-0.323155	-0.312299	-0.299054	-0.315075	-0.363239	-0.437142	-0.525551	-0.607708	-0.662051	-0.692795	-0.696388	-0.656508	-0.561896	-0.418267	-0.237994	-0.040395	0.159058	0.343214	0.4899	0.577246	0.603135	0.587686	0.553863	0.512361	0.468145	0.434635	0.395708	0.33583	0.26823	0.205078	0.14294	0.0873014	0.0345016	-0.0376632	-0.128229	-0.225576	-0.31554	-0.381614	-0.429442	-0.465511	-0.483271	-0.491931	-0.50293	-0.504811	-0.483438	-0.426717	-0.321743	-0.184815	
-0.333938	-0.333938	-0.322482	-0.299721	-0.286883	-0.306004	-0.361527	-0.447896	-0.552421	-0.640836	-0.693944	-0.71774	-0.713009	-0.665374	-0.56824	-0.427209	-0.246611	-0.0408203	0.179773	0.391578	0.558624	0.649198	0.661826	0.613437	0.529416	0.435585	0.3467	0.269726	0.191902	0.109402	0.0354295	-0.019223	-0.0622114	-0.0902294	-0.105468	-0.128229	-0.16143	-0.196391	-0.230516	-0.261619	-0.300757	-0.340146	-0.373432	-0.405427	-0.435612	-0.450584	-0.447636	-0.407211	-0.315386	-0.187491	
-0.353227	-0.353227	-0.338677	-0.32318	-0.322847	-0.349128	-0.401566	-0.488631	-0.593339	-0.681726	-0.729205	-0.745251	-0.729913	-0.673107	-0.575245	-0.438136	-0.263098	-0.052629	0.179719	0.405241	0.57765	0.664518	0.66347	0.58512	0.461874	0.33222	0.213994	0.10603	0.00256212	-0.098974	-0.183991	-0.23907	-0.26661	-0.270519	-0.251708	-0.225576	-0.196391	-0.16892	-0.148722	-0.147547	-0.161249	-0.191185	-0.232095	-0.275926	-0.311324	-0.334822	-0.341414	-0.313723	-0.238533	-0.130143	
-0.400307	-0.400307	-0.393191	-0.39209	-0.409981	-0.439713	-0.488496	-0.560859	-0.653498	-0.727751	-0.767511	-0.774128	-0.750322	-0.689521	-0.592784	-0.461764	-0.288569	-0.0753301	0.160824	0.382713	0.542549	0.61567	0.597902	0.502157	0.361468	0.217764	0.0855753	-0.0368888	-0.156716	-0.277537	-0.380993	-0.437038	-0.451522	-0.43636	-0.389478	-0.31554	-0.230516	-0.148722	-0.0840918	-0.0371871	-0.0121848	-0.0199394	-0.0531388	-0.0947094	-0.135005	-0.168516	-0.185638	-0.174045	-0.123288	-0.0358463	
-0.509898	-0.509898	-0.509678	-0.519851	-0.543221	-0.574915	-0.613802	-0.668181	-0.731533	-0.781598	-0.803029	-0.796643	-0.764532	-0.702183	-0.610615	-0.483621	-0.312455	-0.101674	0.123079	0.320768	0.453658	0.502035	0.469743	0.371015	0.235859	0.0949355	-0.0368118	-0.161522	-0.286635	-0.420313	-0.527838	-0.579553	-0.584286	-0.558111	-0.488597	-0.381614	-0.261619	-0.147547	-0.0371871	0.0602306	0.131629	0.159341	0.152092	0.120585	0.0727299	0.0261427	-0.00289883	-0.0133334	0.0127814	0.0789086	
-0.675579	-0.675579	-0.677457	-0.684036	-0.701419	-0.722684	-0.752567	-0.783787	-0.816933	-0.835302	-0.833998	-0.810635	-0.767853	-0.706054	-0.620055	-0.501625	-0.339509	-0.14709	0.0459567	0.207314	0.307622	0.335213	0.296893	0.213446	0.101678	-0.0230699	-0.145577	-0.263811	-0.385787	-0.513652	-0.612211	-0.658752	-0.66172	-0.627654	-0.54662	-0.429442	-0.300757	-0.161249	-0.0121848	0.131629	0.249297	0.321199	0.34804	0.324608	0.273222	0.221346	0.178789	0.152429	0.160302	0.193728	
-0.872886	-0.872886	-0.869243	-0.863566	-0.861012	-0.862866	-0.872912	-0.881925	-0.886279	-0.875622	-0.849763	-0.80517	-0.74866	-0.682879	-0.604866	-0.501931	-0.364757	-0.212113	-0.0656436	0.0531408	0.127542	0.142027	0.110765	0.0549411	-0.0211815	-0.11754	-0.22015	-0.324128	-0.432213	-0.543243	-0.629043	-0.676433	-0.682675	-0.647396	-0.571261	-0.465511	-0.340146	-0.191185	-0.0199394	0.159341	0.321199	0.440396	0.500666	0.499994	0.462338	0.410025	0.358247	0.321683	0.302037	0.297288	
-1.07522	-1.07522	-1.06256	-1.04003	-1.01315	-0.983417	-0.96158	-0.941713	-0.918505	-0.879884	-0.826957	-0.759174	-0.685269	-0.615384	-0.548146	-0.471159	-0.375127	-0.276907	-0.185775	-0.10799	-0.0557625	-0.0458045	-0.062285	-0.0844111	-0.116304	-0.168505	-0.237241	-0.318405	-0.409913	-0.503961	-0.583818	-0.640757	-0.658625	-0.633557	-0.571685	-0.483271	-0.373432	-0.232095	-0.0531388	0.152092	0.34804	0.500666	0.599654	0.638317	0.624309	0.578705	0.525533	0.475683	0.428278	0.385821	
-1.23721	-1.23721	-1.21492	-1.17824	-1.12897	-1.06544	-1.00283	-0.94655	-0.890247	-0.819554	-0.737981	-0.649395	-0.565488	-0.499006	-0.450028	-0.406886	-0.359166	-0.320659	-0.284951	-0.250036	-0.220267	-0.212312	-0.212171	-0.200526	-0.184498	-0.180177	-0.206105	-0.260602	-0.334535	-0.415518	-0.497315	-0.572561	-0.610757	-0.60252	-0.557241	-0.491931	-0.405427	-0.275926	-0.0947094	0.120585	0.324608	0.499994	0.638317	0.71627	0.729617	0.699519	0.655126	0.598321	0.53194	0.468825	
-1.31584	-1.31584	-1.28602	-1.23933	-1.17456	-1.08315	-0.980013	-0.879661	-0.778687	-0.668731	-0.558206	-0.46027	-0.382101	-0.335807	-0.313692	-0.308764	-0.309826	-0.329294	-0.349818	-0.361059	-0.35727	-0.349385	-0.33115	-0.288059	-0.223617	-0.162563	-0.142378	-0.16514	-0.21513	-0.284523	-0.374411	-0.47169	-0.537721	-0.556769	-0.540321	-0.50293	-0.435612	-0.311324	-0.135005	0.0727299	0.273222	0.462338	0.624309	0.729617	0.767633	0.759897	0.727416	0.677168	0.614561	0.5511	
-1.27174	-1.27174	-1.23891	-1.18853	-1.11456	-1.00733	-0.87019	-0.724913	-0.571987	-0.422124	-0.290168	-0.196583	-0.142318	-0.1286	-0.141808	-0.174218	-0.222405	-0.294135	-0.368799	-0.425565	-0.445661	-0.435476	-0.397979	-0.32877	-0.224968	-0.119079	-0.0559019	-0.0415591	-0.0621615	-0.121125	-0.217673	-0.334504	-0.434205	-0.49425	-0.514661	-0.504811	-0.450584	-0.334822	-0.168516	0.0261427	0.221346	0.410025	0.578705	0.699519	0.759897	0.774674	0.760238	0.7331	0.695381	0.649848	
-1.09417	-1.09417	-1.06645	-1.01645	-0.939607	-0.821134	-0.663004	-0.477215	-0.284112	-0.105147	0.0316164	0.111047	0.132367	0.107914	0.054336	-0.0173679	-0.109846	-0.22555	-0.344686	-0.436686	-0.474001	-0.459863	-0.405615	-0.316054	-0.185635	-0.0473769	0.0520146	0.105734	0.109604	0.0617578	-0.040274	-0.172174	-0.307098	-0.408742	-0.464955	-0.483438	-0.447636	-0.341414	-0.185638	-0.00289883	0.178789	0.358247	0.525533	0.655126	0.727416	0.760238	0.7741	0.785104	0.78967	0.772522	
-0.817224	-0.817224	-0.798789	-0.754044	-0.669571	-0.544004	-0.369672	-0.16364	0.0495053	0.232137	0.360713	0.42193	0.414041	0.353293	0.257673	0.144774	0.0145948	-0.132798	-0.278313	-0.391997	-0.441384	-0.428754	-0.366118	-0.261372	-0.115158	0.04626	0.175239	0.260008	0.281849	0.239757	0.136403	-0.00476931	-0.159899	-0.290481	-0.377925	-0.426717	-0.407211	-0.313723	-0.174045	-0.0133334	0.152429	0.321683	0.475683	0.598321	0.677168	0.7331	0.785104	0.838997	0.886675	0.909188	
-0.482358	-0.482358	-0.47297	-0.428962	-0.336184	-0.201012	-0.024303	0.180418	0.382574	0.545917	0.654666	0.695882	0.665942	0.572707	0.440328	0.290804	0.135765	-0.0250938	-0.179098	-0.299096	-0.360207	-0.354789	-0.29251	-0.177381	-0.0225466	0.153901	0.303533	0.404751	0.433308	0.390386	0.287767	0.147028	-0.00920925	-0.151125	-0.258592	-0.321743	-0.315386	-0.238533	-0.123288	0.0127814	0.160302	0.302037	0.428278	0.53194	0.614561	0.695381	0.78967	0.886675	0.975978	1.03782	
-0.112782	-0.112782	-0.104848	-0.057135	0.0417171	0.177761	0.339839	0.516886	0.681107	0.806706	0.883438	0.898511	0.845712	0.726549	0.568764	0.39708	0.234318	0.0750786	-0.071546	-0.188589	-0.254946	-0.259947	-0.198793	-0.0821072	0.0781515	0.258712	0.420567	0.521673	0.548312	0.501896	0.399426	0.267451	0.122312	-0.0133662	-0.120508	-0.184815	-0.187491	-0.130143	-0.0358463	0.0789086	0.193728	0.297288	0.385821	0.468825	0.5511	0.649848	0.772522	0.909188	1.03782	1.14693	
