-0.0153765	-0.0556533	-0.0946354	-0.126994	-0.152764	-0.150596	-0.119674	-0.0752994	-0.0334188	0.000990914	0.0311507	0.0639757	0.093458	0.112782	0.133981	0.145675	0.14212	0.122541	0.0921192	0.0792862	0.0915084	0.121648	0.153742	0.16347	0.142147	0.0986809	0.0437147	-0.0285835	-0.115599	-0.202538	-0.291479	-0.380743	-0.463089	-0.534318	-0.571263	-0.556915	-0.503601	-0.423904	-0.318745	-0.184647	-0.0201824	0.171942	0.393916	0.636144	0.862717	1.05244	1.21448	1.34377	1.41524	1.41524	
-0.0556533	-0.088428	-0.122949	-0.154094	-0.175951	-0.170242	-0.140085	-0.100114	-0.0672968	-0.0438547	-0.0195018	0.009194	0.0381287	0.0736529	0.118994	0.160053	0.192607	0.200208	0.184719	0.173724	0.175764	0.189213	0.191392	0.158015	0.0924884	0.0108555	-0.0734019	-0.158984	-0.239974	-0.311151	-0.379537	-0.44166	-0.497117	-0.54663	-0.563428	-0.527581	-0.450257	-0.346326	-0.222033	-0.0786182	0.0798688	0.251094	0.448228	0.67064	0.88375	1.0678	1.23263	1.36849	1.44449	1.44449	
-0.0946354	-0.122949	-0.154565	-0.18146	-0.198715	-0.187747	-0.15649	-0.122031	-0.0997457	-0.0837789	-0.0668271	-0.0412784	-0.00419025	0.0476664	0.118597	0.192946	0.252474	0.275024	0.266895	0.253785	0.242609	0.229334	0.194636	0.123054	0.0184137	-0.0970633	-0.198755	-0.283851	-0.351603	-0.403159	-0.44562	-0.475698	-0.49992	-0.52088	-0.510138	-0.448692	-0.347543	-0.223891	-0.088686	0.0540534	0.197691	0.342099	0.509022	0.702758	0.888832	1.04859	1.19295	1.3128	1.3796	1.3796	
-0.126994	-0.154094	-0.18146	-0.206347	-0.217597	-0.200142	-0.167896	-0.13766	-0.120016	-0.110174	-0.0973139	-0.07083	-0.0327749	0.0310439	0.121472	0.21519	0.294164	0.330421	0.328744	0.308798	0.276538	0.237922	0.175476	0.0710592	-0.0640384	-0.199024	-0.311266	-0.394971	-0.444975	-0.470477	-0.48216	-0.475471	-0.461764	-0.447228	-0.406708	-0.32408	-0.20829	-0.0761961	0.0595351	0.194496	0.320833	0.439514	0.575382	0.733037	0.878833	0.996737	1.09963	1.18388	1.23	1.23	
-0.152764	-0.175951	-0.198715	-0.217597	-0.217759	-0.192075	-0.157799	-0.130456	-0.121998	-0.122137	-0.117708	-0.102881	-0.0686675	0.00214614	0.102628	0.214752	0.310398	0.355387	0.357209	0.331006	0.289557	0.236943	0.150365	0.0219168	-0.133586	-0.287283	-0.408266	-0.481432	-0.507564	-0.504559	-0.479302	-0.429151	-0.375058	-0.326511	-0.262524	-0.16992	-0.0524041	0.0774177	0.207397	0.332319	0.442101	0.536591	0.638714	0.751447	0.845881	0.911222	0.961868	1.00119	1.02159	1.02159	
-0.150596	-0.170242	-0.187747	-0.200142	-0.192075	-0.163798	-0.13294	-0.118329	-0.125509	-0.140165	-0.153299	-0.152242	-0.124834	-0.0544533	0.054387	0.180773	0.289692	0.349242	0.365695	0.347995	0.304451	0.237092	0.132324	-0.014237	-0.188139	-0.351719	-0.471055	-0.53106	-0.531403	-0.49241	-0.425151	-0.335283	-0.248121	-0.173234	-0.0962208	-0.00548551	0.104295	0.22631	0.347987	0.461033	0.552377	0.620087	0.682654	0.742537	0.780913	0.793925	0.794662	0.791629	0.78826	0.78826	
-0.119674	-0.140085	-0.15649	-0.167896	-0.157799	-0.13294	-0.114636	-0.119035	-0.145629	-0.182746	-0.21578	-0.23192	-0.215117	-0.142715	-0.0232213	0.122346	0.253317	0.337355	0.375983	0.366746	0.321977	0.248491	0.131731	-0.0280449	-0.209192	-0.37547	-0.491703	-0.532246	-0.500707	-0.428424	-0.327786	-0.208268	-0.09807	-0.00683663	0.0742688	0.157047	0.255081	0.365816	0.475084	0.570312	0.636682	0.672005	0.689979	0.694745	0.681584	0.653077	0.616689	0.582368	0.561837	0.561837	
-0.0752994	-0.100114	-0.122031	-0.13766	-0.130456	-0.118329	-0.119035	-0.146252	-0.197838	-0.256313	-0.307492	-0.338677	-0.323651	-0.243331	-0.10831	0.0595905	0.213936	0.325411	0.387031	0.394447	0.362108	0.286995	0.161456	-0.00291905	-0.185547	-0.349009	-0.45314	-0.474389	-0.423326	-0.32865	-0.202881	-0.0657146	0.0562315	0.15779	0.240241	0.312823	0.395226	0.48844	0.576801	0.644329	0.677818	0.677211	0.651349	0.607259	0.555352	0.502287	0.446092	0.394685	0.364999	0.364999	
-0.0334188	-0.0672968	-0.0997457	-0.120016	-0.121998	-0.125509	-0.145629	-0.197838	-0.269643	-0.344904	-0.411992	-0.451126	-0.43316	-0.344422	-0.19246	-0.00100233	0.179958	0.324402	0.419734	0.455111	0.436391	0.361989	0.236846	0.0744862	-0.10368	-0.261116	-0.36112	-0.376692	-0.315527	-0.206662	-0.0684821	0.0752875	0.205151	0.315211	0.395867	0.454422	0.514688	0.580411	0.636691	0.667496	0.664653	0.631053	0.56985	0.490631	0.416926	0.35651	0.296505	0.240824	0.208916	0.208916	
0.000990914	-0.0438547	-0.0837789	-0.110174	-0.122137	-0.140165	-0.182746	-0.256313	-0.344904	-0.43663	-0.514818	-0.556694	-0.533936	-0.432482	-0.257277	-0.0403908	0.171608	0.358275	0.492072	0.556487	0.557871	0.493546	0.371458	0.208809	0.0292859	-0.131841	-0.234358	-0.25038	-0.191246	-0.0805069	0.0633164	0.210496	0.344313	0.456701	0.52981	0.568485	0.597594	0.625271	0.641498	0.633191	0.598353	0.541511	0.459146	0.362111	0.282783	0.227761	0.175017	0.124172	0.0948156	0.0948156	
0.0311507	-0.0195018	-0.0668271	-0.0973139	-0.117708	-0.153299	-0.21578	-0.307492	-0.411992	-0.514818	-0.597985	-0.63829	-0.603105	-0.480304	-0.280553	-0.0362339	0.214611	0.443954	0.615932	0.717357	0.741683	0.680334	0.551773	0.380621	0.194308	0.027238	-0.0835585	-0.112637	-0.0642622	0.0461007	0.18998	0.331859	0.461967	0.568423	0.625531	0.636951	0.628319	0.613452	0.589449	0.547935	0.492146	0.425472	0.337563	0.239182	0.166084	0.122696	0.082467	0.0416157	0.0174807	0.0174807	
0.0639757	0.009194	-0.0412784	-0.07083	-0.102881	-0.152242	-0.23192	-0.338677	-0.451126	-0.556694	-0.63829	-0.66558	-0.60795	-0.462815	-0.236139	0.0389448	0.324154	0.592077	0.804155	0.936286	0.968813	0.901001	0.761992	0.579244	0.381151	0.200789	0.076069	0.0318528	0.0664581	0.166448	0.297621	0.425914	0.543429	0.631498	0.664227	0.646754	0.601934	0.548282	0.491608	0.42908	0.366148	0.302113	0.221663	0.134586	0.0740552	0.0425672	0.01534	-0.013435	-0.0311594	-0.0311594	
0.093458	0.0381287	-0.00419025	-0.0327749	-0.0686675	-0.124834	-0.215117	-0.323651	-0.43316	-0.533936	-0.603105	-0.60795	-0.529436	-0.359081	-0.105522	0.189634	0.504017	0.804924	1.04231	1.18951	1.22313	1.14778	0.99387	0.790895	0.575517	0.38366	0.245783	0.178321	0.187076	0.265013	0.372437	0.476172	0.56892	0.630033	0.638521	0.598212	0.526029	0.444651	0.368205	0.298595	0.240185	0.186954	0.122345	0.0543779	0.00796683	-0.015213	-0.031858	-0.0484534	-0.0594221	-0.0594221	
0.112782	0.0736529	0.0476664	0.0310439	0.00214614	-0.0544533	-0.142715	-0.243331	-0.344422	-0.432482	-0.480304	-0.462815	-0.359081	-0.162102	0.103867	0.412869	0.747755	1.06083	1.31184	1.46983	1.50055	1.41135	1.23429	1.00982	0.780202	0.572601	0.40984	0.3097	0.285084	0.326764	0.394898	0.465788	0.530044	0.564142	0.554506	0.502918	0.418336	0.324355	0.241332	0.175674	0.128568	0.0892131	0.0440934	-0.00149467	-0.0352872	-0.0550008	-0.0646046	-0.0701453	-0.074485	-0.074485	
0.133981	0.118994	0.118597	0.121472	0.102628	0.054387	-0.0232213	-0.10831	-0.19246	-0.257277	-0.280553	-0.236139	-0.105522	0.103867	0.375703	0.693324	1.03165	1.35128	1.61469	1.77272	1.79043	1.68179	1.48262	1.23664	0.982011	0.747317	0.55417	0.414179	0.342172	0.333216	0.357418	0.396712	0.433007	0.445098	0.42945	0.381723	0.300357	0.207504	0.128215	0.0729178	0.0385645	0.0119797	-0.0136915	-0.0372175	-0.0611019	-0.0812258	-0.0871889	-0.083707	-0.0819504	-0.0819504	
0.145675	0.160053	0.192946	0.21519	0.214752	0.180773	0.122346	0.0595905	-0.00100233	-0.0403908	-0.0362339	0.0389448	0.189634	0.412869	0.693324	1.01234	1.35325	1.6764	1.93651	2.08118	2.08263	1.95633	1.73118	1.45078	1.16285	0.897321	0.663313	0.473316	0.350246	0.28944	0.270287	0.280004	0.294307	0.29669	0.287904	0.254995	0.188744	0.10805	0.0391828	-0.00447012	-0.028885	-0.0458415	-0.0543809	-0.0588726	-0.0754247	-0.0974754	-0.102354	-0.0927147	-0.085935	-0.085935	
0.14212	0.192607	0.252474	0.294164	0.310398	0.289692	0.253317	0.213936	0.179958	0.171608	0.214611	0.324154	0.504017	0.747755	1.03165	1.35325	1.69144	2.00454	2.25329	2.38213	2.36696	2.21499	1.95169	1.63485	1.31323	1.00698	0.727771	0.494811	0.322944	0.208749	0.151678	0.140599	0.142161	0.144534	0.149364	0.137297	0.0943793	0.0329036	-0.0230101	-0.0574851	-0.0764805	-0.0870233	-0.0822162	-0.0727241	-0.0835853	-0.106288	-0.111551	-0.0993494	-0.0893142	-0.0893142	
0.122541	0.200208	0.275024	0.330421	0.355387	0.349242	0.337355	0.325411	0.324402	0.358275	0.443954	0.592077	0.804924	1.06083	1.35128	1.6764	2.00454	2.30817	2.54124	2.64612	2.60475	2.41962	2.12633	1.78169	1.42349	1.07884	0.765114	0.494005	0.275582	0.119464	0.0361178	0.00703536	-0.000812556	0.00783748	0.0288476	0.038283	0.021099	-0.0183308	-0.0609709	-0.0900326	-0.107937	-0.114564	-0.10121	-0.0839581	-0.089613	-0.109468	-0.115539	-0.104733	-0.093903	-0.093903	
0.0921192	0.184719	0.266895	0.328744	0.357209	0.365695	0.375983	0.387031	0.419734	0.492072	0.615932	0.804155	1.04231	1.31184	1.61469	1.93651	2.25329	2.54124	2.74498	2.82086	2.75711	2.55585	2.24928	1.88241	1.49824	1.12972	0.790703	0.492595	0.243704	0.0570919	-0.0522794	-0.101138	-0.114112	-0.0972401	-0.0651745	-0.0394442	-0.0324452	-0.0492624	-0.079404	-0.106866	-0.126598	-0.130911	-0.11449	-0.0959186	-0.0960023	-0.108604	-0.115054	-0.109263	-0.100523	-0.100523	
0.0792862	0.173724	0.253785	0.308798	0.331006	0.347995	0.366746	0.394447	0.455111	0.556487	0.717357	0.936286	1.18951	1.46983	1.77272	2.08118	2.38213	2.64612	2.82086	2.88022	2.81192	2.60949	2.30172	1.93502	1.55021	1.1756	0.829988	0.521058	0.249718	0.0382533	-0.0940456	-0.162595	-0.182789	-0.164793	-0.130602	-0.0948187	-0.0678424	-0.0644448	-0.0839113	-0.112027	-0.134284	-0.13776	-0.124194	-0.109792	-0.103703	-0.105478	-0.11132	-0.112921	-0.109008	-0.109008	
0.0915084	0.175764	0.242609	0.276538	0.289557	0.304451	0.321977	0.362108	0.436391	0.557871	0.741683	0.968813	1.22313	1.50055	1.79043	2.08263	2.36696	2.60475	2.75711	2.81192	2.74646	2.55816	2.2832	1.95118	1.589	1.22998	0.894157	0.582543	0.302896	0.080711	-0.0751727	-0.170094	-0.203168	-0.192284	-0.164404	-0.12602	-0.0867274	-0.0682049	-0.0787754	-0.107309	-0.131341	-0.136513	-0.131349	-0.12448	-0.112301	-0.102221	-0.106255	-0.115537	-0.118255	-0.118255	
0.121648	0.189213	0.229334	0.237922	0.236943	0.237092	0.248491	0.286995	0.361989	0.493546	0.680334	0.901001	1.14778	1.41135	1.68179	1.95633	2.21499	2.41962	2.55585	2.60949	2.55816	2.41814	2.20594	1.92486	1.606	1.28428	0.973541	0.678369	0.408908	0.178725	-0.00377596	-0.122777	-0.172043	-0.178767	-0.165186	-0.131462	-0.0890663	-0.0621119	-0.0655302	-0.0925322	-0.117481	-0.128183	-0.135402	-0.136921	-0.120449	-0.101043	-0.102218	-0.117001	-0.126455	-0.126455	
0.153742	0.191392	0.194636	0.175476	0.150365	0.132324	0.131731	0.161456	0.236846	0.371458	0.551773	0.761992	0.99387	1.23429	1.48262	1.73118	1.95169	2.12633	2.24928	2.30172	2.2832	2.20594	2.05658	1.841	1.5917	1.32722	1.05768	0.791877	0.539246	0.309056	0.113394	-0.0238948	-0.0969752	-0.128656	-0.131814	-0.108627	-0.0727355	-0.0449562	-0.0432994	-0.0662073	-0.0920324	-0.112751	-0.133963	-0.142925	-0.126287	-0.103494	-0.101342	-0.117375	-0.131539	-0.131539	
0.16347	0.158015	0.123054	0.0710592	0.0219168	-0.014237	-0.0280449	-0.00291905	0.0744862	0.208809	0.380621	0.579244	0.790895	1.00982	1.23664	1.45078	1.63485	1.78169	1.88241	1.93502	1.95118	1.92486	1.841	1.71046	1.54234	1.3386	1.11427	0.887306	0.667597	0.453417	0.255344	0.104175	0.00823318	-0.0465081	-0.0659998	-0.0576631	-0.0354899	-0.013829	-0.0092435	-0.0260658	-0.0541624	-0.0886636	-0.12288	-0.13811	-0.12766	-0.109506	-0.104611	-0.116853	-0.131763	-0.131763	
0.142147	0.0924884	0.0184137	-0.0640384	-0.133586	-0.188139	-0.209192	-0.185547	-0.10368	0.0292859	0.194308	0.381151	0.575517	0.780202	0.982011	1.16285	1.31323	1.42349	1.49824	1.55021	1.589	1.606	1.5917	1.54234	1.44276	1.29515	1.12539	0.950976	0.769136	0.574672	0.389238	0.239656	0.127547	0.0544369	0.0230697	0.0172391	0.0224953	0.0339373	0.0402971	0.0295177	-0.00335344	-0.0524355	-0.0966633	-0.118786	-0.122101	-0.116523	-0.110917	-0.115452	-0.126258	-0.126258	
0.0986809	0.0108555	-0.0970633	-0.199024	-0.287283	-0.351719	-0.37547	-0.349009	-0.261116	-0.131841	0.027238	0.200789	0.38366	0.572601	0.747317	0.897321	1.00698	1.07884	1.12972	1.1756	1.22998	1.28428	1.32722	1.3386	1.29515	1.2083	1.09728	0.964603	0.811604	0.650095	0.496897	0.355574	0.233801	0.15601	0.121551	0.104067	0.0952092	0.0989975	0.106834	0.0992119	0.0606128	0.00112585	-0.0499238	-0.0826181	-0.10644	-0.119055	-0.116452	-0.112472	-0.115219	-0.115219	
0.0437147	-0.0734019	-0.198755	-0.311266	-0.408266	-0.471055	-0.491703	-0.45314	-0.36112	-0.234358	-0.0835585	0.076069	0.245783	0.40984	0.55417	0.663313	0.727771	0.765114	0.790703	0.829988	0.894157	0.973541	1.05768	1.11427	1.12539	1.09728	1.02613	0.919988	0.801099	0.680418	0.554747	0.422775	0.309577	0.241276	0.205789	0.182872	0.172626	0.176373	0.184821	0.177886	0.137838	0.0764642	0.0201825	-0.028498	-0.0762279	-0.109157	-0.114776	-0.105776	-0.0994255	-0.0994255	
-0.0285835	-0.158984	-0.283851	-0.394971	-0.481432	-0.53106	-0.532246	-0.474389	-0.376692	-0.25038	-0.112637	0.0318528	0.178321	0.3097	0.414179	0.473316	0.494811	0.494005	0.492595	0.521058	0.582543	0.678369	0.791877	0.887306	0.950976	0.964603	0.919988	0.844229	0.757038	0.660533	0.553063	0.440672	0.347571	0.287271	0.251651	0.236856	0.239594	0.250206	0.261083	0.257844	0.225954	0.172766	0.112065	0.0441584	-0.0259619	-0.0780407	-0.097585	-0.0910728	-0.0790083	-0.0790083	
-0.115599	-0.239974	-0.351603	-0.444975	-0.507564	-0.531403	-0.500707	-0.423326	-0.315527	-0.191246	-0.0642622	0.0664581	0.187076	0.285084	0.342172	0.350246	0.322944	0.275582	0.243704	0.249718	0.302896	0.408908	0.539246	0.667597	0.769136	0.811604	0.801099	0.757038	0.6869	0.603535	0.512227	0.419156	0.340961	0.283574	0.251867	0.253033	0.274568	0.298766	0.319283	0.327927	0.31608	0.280935	0.219063	0.135099	0.0492538	-0.0183045	-0.056116	-0.061673	-0.0516818	-0.0516818	
-0.202538	-0.311151	-0.403159	-0.470477	-0.504559	-0.49241	-0.428424	-0.32865	-0.206662	-0.0805069	0.0461007	0.166448	0.265013	0.326764	0.333216	0.28944	0.208749	0.119464	0.0570919	0.0382533	0.080711	0.178725	0.309056	0.453417	0.574672	0.650095	0.680418	0.660533	0.603535	0.530607	0.448709	0.370096	0.300643	0.240332	0.210273	0.223893	0.262242	0.304425	0.342411	0.373079	0.392438	0.383674	0.329093	0.241351	0.151122	0.0737857	0.0168157	-0.00913347	-0.0110688	-0.0110688	
-0.291479	-0.379537	-0.44562	-0.48216	-0.479302	-0.425151	-0.327786	-0.202881	-0.0684821	0.0633164	0.18998	0.297621	0.372437	0.394898	0.357418	0.270287	0.151678	0.0361178	-0.0522794	-0.0940456	-0.0751727	-0.00377596	0.113394	0.255344	0.389238	0.496897	0.554747	0.553063	0.512227	0.448709	0.378566	0.312601	0.240356	0.171882	0.141844	0.157519	0.201113	0.257991	0.31823	0.379461	0.435512	0.458098	0.425587	0.355112	0.275343	0.196213	0.124469	0.0750946	0.0537655	0.0537655	
-0.380743	-0.44166	-0.475698	-0.475471	-0.429151	-0.335283	-0.208268	-0.0657146	0.0752875	0.210496	0.331859	0.425914	0.476172	0.465788	0.396712	0.280004	0.140599	0.00703536	-0.101138	-0.162595	-0.170094	-0.122777	-0.0238948	0.104175	0.239656	0.355574	0.422775	0.440672	0.419156	0.370096	0.312601	0.245355	0.16572	0.100491	0.0686859	0.0679192	0.10096	0.16545	0.247346	0.338945	0.42702	0.482867	0.491298	0.462438	0.409492	0.340063	0.26434	0.197165	0.156296	0.156296	
-0.463089	-0.497117	-0.49992	-0.461764	-0.375058	-0.248121	-0.09807	0.0562315	0.205151	0.344313	0.461967	0.543429	0.56892	0.530044	0.433007	0.294307	0.142161	-0.000812556	-0.114112	-0.182789	-0.203168	-0.172043	-0.0969752	0.00823318	0.127547	0.233801	0.309577	0.347571	0.340961	0.300643	0.240356	0.16572	0.0955164	0.0413346	-0.00524548	-0.0328702	-0.0153885	0.0477045	0.140853	0.250792	0.358838	0.448308	0.512919	0.544061	0.533882	0.49029	0.427416	0.357839	0.307542	0.307542	
-0.534318	-0.54663	-0.52088	-0.447228	-0.326511	-0.173234	-0.00683663	0.15779	0.315211	0.456701	0.568423	0.631498	0.630033	0.564142	0.445098	0.29669	0.144534	0.00783748	-0.0972401	-0.164793	-0.192284	-0.178767	-0.128656	-0.0465081	0.0544369	0.15601	0.241276	0.287271	0.283574	0.240332	0.171882	0.100491	0.0413346	-0.0189395	-0.0845177	-0.127112	-0.124462	-0.0755762	0.0131871	0.124426	0.240286	0.361502	0.484562	0.580782	0.626882	0.628414	0.598816	0.549851	0.509082	0.509082	
-0.571263	-0.563428	-0.510138	-0.406708	-0.262524	-0.0962208	0.0742688	0.240241	0.395867	0.52981	0.625531	0.664227	0.638521	0.554506	0.42945	0.287904	0.149364	0.0288476	-0.0651745	-0.130602	-0.164404	-0.165186	-0.131814	-0.0659998	0.0230697	0.121551	0.205789	0.251651	0.251867	0.210273	0.141844	0.0686859	-0.00524548	-0.0845177	-0.155838	-0.203605	-0.22026	-0.193401	-0.121262	-0.0227347	0.0949574	0.242478	0.410187	0.56249	0.672673	0.736498	0.760217	0.756798	0.746639	0.746639	
-0.556915	-0.527581	-0.448692	-0.32408	-0.16992	-0.00548551	0.157047	0.312823	0.454422	0.568485	0.636951	0.646754	0.598212	0.502918	0.381723	0.254995	0.137297	0.038283	-0.0394442	-0.0948187	-0.12602	-0.131462	-0.108627	-0.0576631	0.0172391	0.104067	0.182872	0.236856	0.253033	0.223893	0.157519	0.0679192	-0.0328702	-0.127112	-0.203605	-0.264735	-0.302402	-0.298842	-0.253147	-0.172116	-0.0502256	0.114028	0.303396	0.494898	0.667372	0.801777	0.893677	0.954184	0.987975	0.987975	
-0.503601	-0.450257	-0.347543	-0.20829	-0.0524041	0.104295	0.255081	0.395226	0.514688	0.597594	0.628319	0.601934	0.526029	0.418336	0.300357	0.188744	0.0943793	0.021099	-0.0324452	-0.0678424	-0.0867274	-0.0890663	-0.0727355	-0.0354899	0.0224953	0.0952092	0.172626	0.239594	0.274568	0.262242	0.201113	0.10096	-0.0153885	-0.124462	-0.22026	-0.302402	-0.361508	-0.388603	-0.374939	-0.305435	-0.177247	-0.0092427	0.183465	0.398202	0.620019	0.820385	0.984916	1.11256	1.18835	1.18835	
-0.423904	-0.346326	-0.223891	-0.0761961	0.0774177	0.22631	0.365816	0.48844	0.580411	0.625271	0.613452	0.548282	0.444651	0.324355	0.207504	0.10805	0.0329036	-0.0183308	-0.0492624	-0.0644448	-0.0682049	-0.0621119	-0.0449562	-0.013829	0.0339373	0.0989975	0.176373	0.250206	0.298766	0.304425	0.257991	0.16545	0.0477045	-0.0755762	-0.193401	-0.298842	-0.388603	-0.453418	-0.466552	-0.40602	-0.282868	-0.122338	0.0694472	0.296577	0.547457	0.797515	1.02376	1.20237	1.30349	1.30349	
-0.318745	-0.222033	-0.088686	0.0595351	0.207397	0.347987	0.475084	0.576801	0.636691	0.641498	0.589449	0.491608	0.368205	0.241332	0.128215	0.0391828	-0.0230101	-0.0609709	-0.079404	-0.0839113	-0.0787754	-0.0655302	-0.0432994	-0.0092435	0.0402971	0.106834	0.184821	0.261083	0.319283	0.342411	0.31823	0.247346	0.140853	0.0131871	-0.121262	-0.253147	-0.374939	-0.466552	-0.499984	-0.463898	-0.367042	-0.219245	-0.0259124	0.205429	0.466009	0.742074	1.00176	1.20017	1.30471	1.30471	
-0.184647	-0.0786182	0.0540534	0.194496	0.332319	0.461033	0.570312	0.644329	0.667496	0.633191	0.547935	0.42908	0.298595	0.175674	0.0729178	-0.00447012	-0.0574851	-0.0900326	-0.106866	-0.112027	-0.107309	-0.0925322	-0.0662073	-0.0260658	0.0295177	0.0992119	0.177886	0.257844	0.327927	0.373079	0.379461	0.338945	0.250792	0.124426	-0.0227347	-0.172116	-0.305435	-0.40602	-0.463898	-0.471108	-0.414067	-0.285366	-0.0980185	0.128118	0.38419	0.657613	0.910406	1.095	1.18735	1.18735	
-0.0201824	0.0798688	0.197691	0.320833	0.442101	0.552377	0.636682	0.677818	0.664653	0.598353	0.492146	0.366148	0.240185	0.128568	0.0385645	-0.028885	-0.0764805	-0.107937	-0.126598	-0.134284	-0.131341	-0.117481	-0.0920324	-0.0541624	-0.00335344	0.0606128	0.137838	0.225954	0.31608	0.392438	0.435512	0.42702	0.358838	0.240286	0.0949574	-0.0502256	-0.177247	-0.282868	-0.367042	-0.414067	-0.396897	-0.302786	-0.142715	0.0640162	0.299029	0.537113	0.744456	0.892205	0.96709	0.96709	
0.171942	0.251094	0.342099	0.439514	0.536591	0.620087	0.672005	0.677211	0.631053	0.541511	0.425472	0.302113	0.186954	0.0892131	0.0119797	-0.0458415	-0.0870233	-0.114564	-0.130911	-0.13776	-0.136513	-0.128183	-0.112751	-0.0886636	-0.0524355	0.00112585	0.0764642	0.172766	0.280935	0.383674	0.458098	0.482867	0.448308	0.361502	0.242478	0.114028	-0.0092427	-0.122338	-0.219245	-0.285366	-0.302786	-0.258288	-0.148138	0.0148113	0.199008	0.369909	0.509043	0.611056	0.667631	0.667631	
0.393916	0.448228	0.509022	0.575382	0.638714	0.682654	0.689979	0.651349	0.56985	0.459146	0.337563	0.221663	0.122345	0.0440934	-0.0136915	-0.0543809	-0.0822162	-0.10121	-0.11449	-0.124194	-0.131349	-0.135402	-0.133963	-0.12288	-0.0966633	-0.0499238	0.0201825	0.112065	0.219063	0.329093	0.425587	0.491298	0.512919	0.484562	0.410187	0.303396	0.183465	0.0694472	-0.0259124	-0.0980185	-0.142715	-0.148138	-0.103715	-0.0192616	0.0757579	0.157432	0.223102	0.276942	0.310839	0.310839	
0.636144	0.67064	0.702758	0.733037	0.751447	0.742537	0.694745	0.607259	0.490631	0.362111	0.239182	0.134586	0.0543779	-0.00149467	-0.0372175	-0.0588726	-0.0727241	-0.0839581	-0.0959186	-0.109792	-0.12448	-0.136921	-0.142925	-0.13811	-0.118786	-0.0826181	-0.028498	0.0441584	0.135099	0.241351	0.355112	0.462438	0.544061	0.580782	0.56249	0.494898	0.398202	0.296577	0.205429	0.128118	0.0640162	0.0148113	-0.0192616	-0.0434647	-0.0634666	-0.0789332	-0.0862313	-0.0856639	-0.0827277	-0.0827277	
0.862717	0.88375	0.888832	0.878833	0.845881	0.780913	0.681584	0.555352	0.416926	0.282783	0.166084	0.0740552	0.00796683	-0.0352872	-0.0611019	-0.0754247	-0.0835853	-0.089613	-0.0960023	-0.103703	-0.112301	-0.120449	-0.126287	-0.12766	-0.122101	-0.10644	-0.0762279	-0.0259619	0.0492538	0.151122	0.275343	0.409492	0.533882	0.626882	0.672673	0.667372	0.620019	0.547457	0.466009	0.38419	0.299029	0.199008	0.0757579	-0.0634666	-0.197651	-0.308734	-0.392932	-0.453201	-0.486717	-0.486717	
1.05244	1.0678	1.04859	0.996737	0.911222	0.793925	0.653077	0.502287	0.35651	0.227761	0.122696	0.0425672	-0.015213	-0.0550008	-0.0812258	-0.0974754	-0.106288	-0.109468	-0.108604	-0.105478	-0.102221	-0.101043	-0.103494	-0.109506	-0.116523	-0.119055	-0.109157	-0.0780407	-0.0183045	0.0737857	0.196213	0.340063	0.49029	0.628414	0.736498	0.801777	0.820385	0.797515	0.742074	0.657613	0.537113	0.369909	0.157432	-0.0789332	-0.308734	-0.510405	-0.675704	-0.798467	-0.866039	-0.866039	
1.21448	1.23263	1.19295	1.09963	0.961868	0.794662	0.616689	0.446092	0.296505	0.175017	0.082467	0.01534	-0.031858	-0.0646046	-0.0871889	-0.102354	-0.111551	-0.115539	-0.115054	-0.11132	-0.106255	-0.102218	-0.101342	-0.104611	-0.110917	-0.116452	-0.114776	-0.097585	-0.056116	0.0168157	0.124469	0.26434	0.427416	0.598816	0.760217	0.893677	0.984916	1.02376	1.00176	0.910406	0.744456	0.509043	0.223102	-0.0862313	-0.392932	-0.675704	-0.914909	-1.09016	-1.18321	-1.18321	
1.34377	1.36849	1.3128	1.18388	1.00119	0.791629	0.582368	0.394685	0.240824	0.124172	0.0416157	-0.013435	-0.0484534	-0.0701453	-0.083707	-0.0927147	-0.0993494	-0.104733	-0.109263	-0.112921	-0.115537	-0.117001	-0.117375	-0.116853	-0.115452	-0.112472	-0.105776	-0.0910728	-0.061673	-0.00913347	0.0750946	0.197165	0.357839	0.549851	0.756798	0.954184	1.11256	1.20237	1.20017	1.095	0.892205	0.611056	0.276942	-0.0856639	-0.453201	-0.798467	-1.09016	-1.29968	-1.40836	-1.40836	
1.41524	1.44449	1.3796	1.23	1.02159	0.78826	0.561837	0.364999	0.208916	0.0948156	0.0174807	-0.0311594	-0.0594221	-0.074485	-0.0819504	-0.085935	-0.0893142	-0.093903	-0.100523	-0.109008	-0.118255	-0.126455	-0.131539	-0.131763	-0.126258	-0.115219	-0.0994255	-0.0790083	-0.0516818	-0.0110688	0.0537655	0.156296	0.307542	0.509082	0.746639	0.987975	1.18835	1.30349	1.30471	1.18735	0.96709	0.667631	0.310839	-0.0827277	-0.486717	-0.866039	-1.18321	-1.40836	-1.52426	-1.52426	
1.41524	1.44449	1.3796	1.23	1.02159	0.78826	0.561837	0.364999	0.208916	0.0948156	0.0174807	-0.0311594	-0.0594221	-0.074485	-0.0819504	-0.085935	-0.0893142	-0.093903	-0.100523	-0.109008	-0.118255	-0.126455	-0.131539	-0.131763	-0.126258	-0.115219	-0.0994255	-0.0790083	-0.0516818	-0.0110688	0.0537655	0.156296	0.307542	0.509082	0.746639	0.987975	1.18835	1.30349	1.30471	1.18735	0.96709	0.667631	0.310839	-0.0827277	-0.486717	-0.866039	-1.18321	-1.40836	-1.52426	-1.52426	
