-0.0568229	-0.0568229	-0.0327063	-0.00546549	-0.00940742	-0.0362893	-0.0791404	-0.17013	-0.312101	-0.486242	-0.666457	-0.833452	-0.948643	-0.989275	-0.948603	-0.81943	-0.597983	-0.337202	-0.0674224	0.176389	0.386617	0.578803	0.761549	0.926923	1.06407	1.16427	1.23591	1.28977	1.32696	1.34168	1.32598	1.29841	1.26497	1.22175	1.16	1.06748	0.941341	0.787186	0.640132	0.518869	0.413762	0.297194	0.168974	0.0347474	-0.0965234	-0.203118	-0.291776	-0.372344	-0.43154	-0.452637	
-0.0568229	-0.0568229	-0.0327063	-0.00546549	-0.00940742	-0.0362893	-0.0791404	-0.17013	-0.312101	-0.486242	-0.666457	-0.833452	-0.948643	-0.989275	-0.948603	-0.81943	-0.597983	-0.337202	-0.0674224	0.176389	0.386617	0.578803	0.761549	0.926923	1.06407	1.16427	1.23591	1.28977	1.32696	1.34168	1.32598	1.29841	1.26497	1.22175	1.16	1.06748	0.941341	0.787186	0.640132	0.518869	0.413762	0.297194	0.168974	0.0347474	-0.0965234	-0.203118	-0.291776	-0.372344	-0.43154	-0.452637	
-0.0327063	-0.0327063	-0.0181361	0.0145803	0.0335977	0.0185932	-0.0339117	-0.121623	-0.252333	-0.420991	-0.604425	-0.765347	-0.880877	-0.920814	-0.88088	-0.750496	-0.539958	-0.287627	-0.0275515	0.213224	0.419501	0.60413	0.772012	0.925138	1.05594	1.14649	1.20171	1.23859	1.25996	1.26332	1.24376	1.21524	1.18292	1.14524	1.08317	0.992141	0.868206	0.726399	0.592045	0.473011	0.367748	0.261634	0.144282	0.0206228	-0.0950742	-0.187848	-0.263521	-0.335551	-0.383554	-0.400774	
-0.00546549	-0.00546549	0.0145803	0.0535683	0.0820318	0.0782247	0.0370224	-0.0353847	-0.151693	-0.315722	-0.503868	-0.662008	-0.768078	-0.802358	-0.76066	-0.629625	-0.432642	-0.199421	0.0413359	0.269189	0.464586	0.637614	0.789983	0.922157	1.02591	1.0934	1.12741	1.13611	1.13624	1.13005	1.10725	1.07402	1.04203	1.00586	0.942203	0.847631	0.736454	0.616593	0.491204	0.372397	0.271088	0.181786	0.0906443	-0.00668324	-0.0989406	-0.169999	-0.224817	-0.276123	-0.312542	-0.321758	
-0.00940742	-0.00940742	0.0335977	0.0820318	0.109544	0.118631	0.101608	0.0462157	-0.0600651	-0.216231	-0.394777	-0.544056	-0.638434	-0.661424	-0.609112	-0.482423	-0.304076	-0.0934089	0.127118	0.332397	0.505141	0.653357	0.779816	0.886581	0.961789	0.998548	1.00092	0.981696	0.960886	0.943226	0.915545	0.879584	0.845518	0.805087	0.742125	0.652645	0.556638	0.45289	0.339992	0.229625	0.141772	0.0729774	0.00798222	-0.0574722	-0.116845	-0.158347	-0.185084	-0.206866	-0.223443	-0.222366	
-0.0362893	-0.0362893	0.0185932	0.0782247	0.118631	0.147288	0.144938	0.100009	0.00683936	-0.130585	-0.29341	-0.43307	-0.518808	-0.52269	-0.456159	-0.334367	-0.177519	0.00476131	0.193303	0.369295	0.51523	0.635001	0.726075	0.797875	0.846961	0.856843	0.828609	0.7845	0.741489	0.705434	0.67161	0.639361	0.605917	0.565244	0.503685	0.424698	0.338469	0.252205	0.16118	0.0712037	5.52583e-05	-0.0477174	-0.0821651	-0.107441	-0.126652	-0.13686	-0.134992	-0.127349	-0.115369	-0.0971917	
-0.0791404	-0.0791404	-0.0339117	0.0370224	0.101608	0.144938	0.156649	0.130175	0.0590984	-0.0616093	-0.213502	-0.348801	-0.423097	-0.413714	-0.33613	-0.21852	-0.07937	0.0669885	0.220249	0.360937	0.478287	0.571683	0.63748	0.676219	0.69022	0.668719	0.618328	0.554927	0.491002	0.443349	0.403585	0.370627	0.337996	0.297761	0.239382	0.174195	0.111035	0.0466145	-0.0187414	-0.0813989	-0.121505	-0.140125	-0.137851	-0.118662	-0.0987415	-0.0823542	-0.0589115	-0.0260541	0.010997	0.0475847	
-0.17013	-0.17013	-0.121623	-0.0353847	0.0462157	0.100009	0.130175	0.128771	0.0805857	-0.031323	-0.175604	-0.301043	-0.363494	-0.351653	-0.2787	-0.173411	-0.0477565	0.07308	0.193822	0.305339	0.396171	0.460603	0.502793	0.520638	0.508207	0.458083	0.382117	0.298747	0.227223	0.172326	0.123364	0.080384	0.0414045	0.00462349	-0.0312924	-0.0685208	-0.103735	-0.143701	-0.1813	-0.203912	-0.20624	-0.188635	-0.146061	-0.0928742	-0.0445905	0.00398596	0.0534352	0.105601	0.154155	0.199113	
-0.312101	-0.312101	-0.252333	-0.151693	-0.0600651	0.00683936	0.0590984	0.0805857	0.0444944	-0.0584521	-0.191142	-0.307798	-0.371286	-0.362358	-0.292929	-0.195627	-0.0859849	0.0122726	0.106588	0.19443	0.265897	0.315598	0.342948	0.344407	0.315289	0.247518	0.151854	0.0533008	-0.0302462	-0.0946659	-0.153084	-0.203574	-0.238811	-0.25905	-0.273097	-0.285026	-0.296471	-0.309201	-0.311143	-0.299155	-0.263809	-0.2038	-0.125464	-0.0449537	0.0295624	0.104815	0.177475	0.237316	0.294394	0.344557	
-0.486242	-0.486242	-0.420991	-0.315722	-0.216231	-0.130585	-0.0616093	-0.031323	-0.0584521	-0.138224	-0.260414	-0.378395	-0.446704	-0.438653	-0.379234	-0.285013	-0.185462	-0.0995461	-0.0239827	0.0509136	0.110728	0.154296	0.174911	0.16431	0.122249	0.0478654	-0.0486668	-0.150344	-0.235757	-0.306994	-0.373596	-0.428685	-0.460337	-0.466136	-0.464555	-0.459785	-0.45115	-0.435446	-0.413158	-0.373991	-0.308286	-0.214356	-0.103074	0.00283546	0.0984972	0.19434	0.284083	0.347597	0.403886	0.458886	
-0.666457	-0.666457	-0.604425	-0.503868	-0.394777	-0.29341	-0.213502	-0.175604	-0.191142	-0.260414	-0.373117	-0.489328	-0.558449	-0.557479	-0.503978	-0.416255	-0.319853	-0.231615	-0.157875	-0.0949364	-0.0480253	-0.0122536	0.00811998	0.00401549	-0.0377575	-0.113062	-0.206404	-0.294698	-0.365213	-0.431855	-0.50107	-0.5604	-0.597487	-0.607469	-0.594294	-0.57512	-0.553452	-0.531743	-0.500226	-0.441483	-0.345715	-0.219639	-0.0873972	0.0349701	0.149459	0.2641	0.363638	0.433044	0.487241	0.537708	
-0.833452	-0.833452	-0.765347	-0.662008	-0.544056	-0.43307	-0.348801	-0.301043	-0.307798	-0.378395	-0.489328	-0.599445	-0.668507	-0.675816	-0.631753	-0.55037	-0.451525	-0.352937	-0.278537	-0.223711	-0.182086	-0.146123	-0.126561	-0.124826	-0.154013	-0.211259	-0.285304	-0.352395	-0.407791	-0.466312	-0.531251	-0.592116	-0.636575	-0.653544	-0.644611	-0.628004	-0.614875	-0.596045	-0.559747	-0.487327	-0.377034	-0.231156	-0.0790486	0.0593309	0.188034	0.316648	0.422235	0.496455	0.549741	0.593978	
-0.948643	-0.948643	-0.880877	-0.768078	-0.638434	-0.518808	-0.423097	-0.363494	-0.371286	-0.446704	-0.558449	-0.668507	-0.744062	-0.768502	-0.735942	-0.654546	-0.548287	-0.442858	-0.353279	-0.291976	-0.24738	-0.211677	-0.186678	-0.177762	-0.192124	-0.226158	-0.264309	-0.302765	-0.349649	-0.399799	-0.459164	-0.520381	-0.568569	-0.601975	-0.619753	-0.622475	-0.62099	-0.612097	-0.573485	-0.495742	-0.373806	-0.226294	-0.0684618	0.0854148	0.226878	0.353993	0.461295	0.54049	0.59937	0.640885	
-0.989275	-0.989275	-0.920814	-0.802358	-0.661424	-0.52269	-0.413714	-0.351653	-0.362358	-0.438653	-0.557479	-0.675816	-0.768502	-0.812154	-0.794038	-0.713622	-0.598584	-0.476676	-0.363732	-0.282432	-0.228809	-0.192516	-0.158596	-0.138331	-0.130069	-0.140432	-0.156516	-0.177872	-0.205859	-0.245545	-0.300297	-0.364592	-0.426412	-0.477886	-0.51523	-0.539853	-0.556158	-0.561766	-0.53353	-0.460406	-0.341898	-0.204506	-0.0532096	0.101567	0.24715	0.368335	0.47318	0.559814	0.627755	0.672451	
-0.948603	-0.948603	-0.88088	-0.76066	-0.609112	-0.456159	-0.33613	-0.2787	-0.292929	-0.379234	-0.503978	-0.631753	-0.735942	-0.794038	-0.783116	-0.708704	-0.58428	-0.437628	-0.299194	-0.196001	-0.12805	-0.0746622	-0.0296265	0.000859942	0.0247898	0.035511	0.0259954	0.00824648	-0.0111477	-0.0442531	-0.0939738	-0.159272	-0.226815	-0.286637	-0.341807	-0.394415	-0.435003	-0.450484	-0.43785	-0.386866	-0.290649	-0.166413	-0.0368589	0.0990841	0.232401	0.346605	0.449055	0.54517	0.627534	0.682499	
-0.81943	-0.81943	-0.750496	-0.629625	-0.482423	-0.334367	-0.21852	-0.173411	-0.195627	-0.285013	-0.416255	-0.55037	-0.654546	-0.713622	-0.708704	-0.6366	-0.499539	-0.325398	-0.161992	-0.0325564	0.0584601	0.122063	0.166655	0.207038	0.240724	0.260821	0.260779	0.246191	0.218502	0.180602	0.130484	0.0718959	0.0106914	-0.0538408	-0.132494	-0.209232	-0.26927	-0.300022	-0.307492	-0.278917	-0.217162	-0.128027	-0.0316553	0.0720292	0.178111	0.286175	0.390258	0.491017	0.584272	0.658757	
-0.597983	-0.597983	-0.539958	-0.432642	-0.304076	-0.177519	-0.07937	-0.0477565	-0.0859849	-0.185462	-0.319853	-0.451525	-0.548287	-0.598584	-0.58428	-0.499539	-0.34448	-0.153108	0.0286546	0.179476	0.286566	0.349054	0.394217	0.445211	0.480535	0.498593	0.499474	0.482411	0.448033	0.408605	0.360934	0.304615	0.244953	0.170561	0.0786157	-0.0132786	-0.0856579	-0.142191	-0.170493	-0.160205	-0.128639	-0.0805305	-0.0250828	0.0363513	0.10675	0.194029	0.289176	0.392707	0.497516	0.59089	
-0.337202	-0.337202	-0.287627	-0.199421	-0.0934089	0.00476131	0.0669885	0.07308	0.0122726	-0.0995461	-0.231615	-0.352937	-0.442858	-0.476676	-0.437628	-0.325398	-0.153108	0.0520922	0.248026	0.405624	0.51506	0.579952	0.626986	0.670043	0.702743	0.722039	0.719976	0.693249	0.65497	0.615983	0.572296	0.512837	0.443578	0.363808	0.270516	0.168655	0.0793324	0.00794929	-0.0301486	-0.038481	-0.0322821	-0.0172904	-0.00090459	0.0133276	0.0431056	0.0953481	0.167303	0.26739	0.381251	0.489804	
-0.0674224	-0.0674224	-0.0275515	0.0413359	0.127118	0.193303	0.220249	0.193822	0.106588	-0.0239827	-0.157875	-0.278537	-0.353279	-0.363732	-0.299194	-0.161992	0.0286546	0.248026	0.456537	0.61554	0.720242	0.785451	0.826925	0.857654	0.88496	0.902191	0.897571	0.869776	0.830585	0.782179	0.736248	0.684745	0.611757	0.523165	0.428644	0.325886	0.221468	0.148314	0.10866	0.0891578	0.0804312	0.0687638	0.0467294	0.014629	-0.00434884	0.0085841	0.0571523	0.144425	0.253629	0.372764	
0.176389	0.176389	0.213224	0.269189	0.332397	0.369295	0.360937	0.305339	0.19443	0.0509136	-0.0949364	-0.223711	-0.291976	-0.282432	-0.196001	-0.0325564	0.179476	0.405624	0.61554	0.776176	0.883017	0.94068	0.969317	0.991993	1.01499	1.02248	1.00625	0.975454	0.937833	0.889494	0.841638	0.791804	0.721396	0.635513	0.550402	0.454766	0.348889	0.274108	0.238186	0.218094	0.197402	0.160974	0.108157	0.0425081	-0.0228278	-0.0567394	-0.0351163	0.0315808	0.133171	0.256804	
0.386617	0.386617	0.419501	0.464586	0.505141	0.51523	0.478287	0.396171	0.265897	0.110728	-0.0480253	-0.182086	-0.24738	-0.228809	-0.12805	0.0584601	0.286566	0.51506	0.720242	0.883017	0.986341	1.04269	1.06707	1.0802	1.08365	1.07598	1.04584	1.0067	0.963341	0.919155	0.874277	0.819615	0.762493	0.702013	0.626663	0.54198	0.455971	0.390812	0.352065	0.327958	0.295889	0.248775	0.173915	0.083011	-0.0150044	-0.0865451	-0.0955986	-0.0448148	0.0458681	0.161692	
0.578803	0.578803	0.60413	0.637614	0.653357	0.635001	0.571683	0.460603	0.315598	0.154296	-0.0122536	-0.146123	-0.211677	-0.192516	-0.0746622	0.122063	0.349054	0.579952	0.785451	0.94068	1.04269	1.09598	1.11551	1.11555	1.0932	1.05819	1.01637	0.968528	0.911187	0.859985	0.816213	0.774466	0.743937	0.708066	0.648427	0.586231	0.532019	0.481266	0.443138	0.413224	0.379527	0.327809	0.236328	0.124822	0.0128053	-0.0767263	-0.116888	-0.0892707	-0.0141258	0.0888331	
0.761549	0.761549	0.772012	0.789983	0.779816	0.726075	0.63748	0.502793	0.342948	0.174911	0.00811998	-0.126561	-0.186678	-0.158596	-0.0296265	0.166655	0.394217	0.626986	0.826925	0.969317	1.06707	1.11551	1.11987	1.09469	1.04604	0.983575	0.917217	0.85192	0.784407	0.723046	0.679468	0.656484	0.643753	0.629723	0.60632	0.580636	0.557555	0.532287	0.508329	0.484131	0.453208	0.400378	0.302158	0.17645	0.0566131	-0.043336	-0.108893	-0.109477	-0.061427	0.0263068	
0.926923	0.926923	0.925138	0.922157	0.886581	0.797875	0.676219	0.520638	0.344407	0.16431	0.00401549	-0.124826	-0.177762	-0.138331	0.000859942	0.207038	0.445211	0.670043	0.857654	0.991993	1.0802	1.11555	1.09469	1.03627	0.956789	0.867255	0.773518	0.684058	0.598984	0.528701	0.484399	0.468072	0.471562	0.482173	0.498821	0.515487	0.529258	0.540818	0.545423	0.54178	0.519711	0.464981	0.369118	0.248926	0.124704	0.00850012	-0.0784043	-0.108378	-0.0891623	-0.024055	
1.06407	1.06407	1.05594	1.02591	0.961789	0.846961	0.69022	0.508207	0.315289	0.122249	-0.0377575	-0.154013	-0.192124	-0.130069	0.0247898	0.240724	0.480535	0.702743	0.88496	1.01499	1.08365	1.0932	1.04604	0.956789	0.838105	0.713762	0.594456	0.481834	0.37476	0.291956	0.242298	0.226888	0.245946	0.286505	0.332121	0.391933	0.454569	0.511806	0.550696	0.575238	0.571599	0.524211	0.433991	0.32088	0.195074	0.073698	-0.0325182	-0.0962552	-0.109743	-0.070389	
1.16427	1.16427	1.14649	1.0934	0.998548	0.856843	0.668719	0.458083	0.247518	0.0478654	-0.113062	-0.211259	-0.226158	-0.140432	0.035511	0.260821	0.498593	0.722039	0.902191	1.02248	1.07598	1.05819	0.983575	0.867255	0.713762	0.553606	0.40214	0.263034	0.139178	0.0415374	-0.0167982	-0.035403	-0.00884267	0.0541168	0.136525	0.238104	0.349842	0.450223	0.531884	0.584374	0.597299	0.563487	0.48456	0.3834	0.263442	0.139551	0.0205359	-0.0685184	-0.10919	-0.0972507	
1.23591	1.23591	1.20171	1.12741	1.00092	0.828609	0.618328	0.382117	0.151854	-0.0486668	-0.206404	-0.285304	-0.264309	-0.156516	0.0259954	0.260779	0.499474	0.719976	0.897571	1.00625	1.04584	1.01637	0.917217	0.773518	0.594456	0.40214	0.218419	0.0592795	-0.0816376	-0.199065	-0.267196	-0.280769	-0.247344	-0.169669	-0.0570553	0.0864752	0.240037	0.378146	0.493353	0.566687	0.591252	0.575414	0.515005	0.429238	0.324732	0.201535	0.0802016	-0.014381	-0.0812968	-0.0943407	
1.28977	1.28977	1.23859	1.13611	0.981696	0.7845	0.554927	0.298747	0.0533008	-0.150344	-0.294698	-0.352395	-0.302765	-0.177872	0.00824648	0.246191	0.482411	0.693249	0.869776	0.975454	1.0067	0.968528	0.85192	0.684058	0.481834	0.263034	0.0592795	-0.120594	-0.279086	-0.401578	-0.470696	-0.481263	-0.442065	-0.356323	-0.223142	-0.0494083	0.134284	0.301985	0.436623	0.527671	0.57215	0.571656	0.527062	0.459867	0.376516	0.26384	0.144227	0.0526943	-0.023422	-0.0552978	
1.32696	1.32696	1.25996	1.13624	0.960886	0.741489	0.491002	0.227223	-0.0302462	-0.235757	-0.365213	-0.407791	-0.349649	-0.205859	-0.0111477	0.218502	0.448033	0.65497	0.830585	0.937833	0.963341	0.911187	0.784407	0.598984	0.37476	0.139178	-0.0816376	-0.279086	-0.444427	-0.556362	-0.616084	-0.629163	-0.592183	-0.49908	-0.35304	-0.164868	0.0394511	0.224238	0.367862	0.470444	0.537001	0.553098	0.523392	0.474356	0.413147	0.318267	0.203714	0.110156	0.0408387	0.00182997	
1.34168	1.34168	1.26332	1.13005	0.943226	0.705434	0.443349	0.172326	-0.0946659	-0.306994	-0.431855	-0.466312	-0.399799	-0.245545	-0.0442531	0.180602	0.408605	0.615983	0.782179	0.889494	0.919155	0.859985	0.723046	0.528701	0.291956	0.0415374	-0.199065	-0.401578	-0.556362	-0.65896	-0.708281	-0.716599	-0.68179	-0.588901	-0.441959	-0.249889	-0.0433405	0.145157	0.29699	0.407857	0.482232	0.512238	0.503972	0.48036	0.428879	0.343817	0.23784	0.146926	0.0865174	0.0465855	
1.32598	1.32598	1.24376	1.10725	0.915545	0.67161	0.403585	0.123364	-0.153084	-0.373596	-0.50107	-0.531251	-0.459164	-0.300297	-0.0939738	0.130484	0.360934	0.572296	0.736248	0.841638	0.874277	0.816213	0.679468	0.484399	0.242298	-0.0167982	-0.267196	-0.470696	-0.616084	-0.708281	-0.751863	-0.753941	-0.714612	-0.621167	-0.478746	-0.296718	-0.10142	0.0817568	0.235121	0.345561	0.420416	0.45992	0.468386	0.461302	0.416963	0.336561	0.235136	0.145938	0.0875281	0.0488571	
1.29841	1.29841	1.21524	1.07402	0.879584	0.639361	0.370627	0.080384	-0.203574	-0.428685	-0.5604	-0.592116	-0.520381	-0.364592	-0.159272	0.0718959	0.304615	0.512837	0.684745	0.791804	0.819615	0.774466	0.656484	0.468072	0.226888	-0.035403	-0.280769	-0.481263	-0.629163	-0.716599	-0.753941	-0.746871	-0.694389	-0.597409	-0.464275	-0.29743	-0.114295	0.0546836	0.188002	0.287055	0.359445	0.402482	0.414611	0.410709	0.376484	0.300376	0.199462	0.110749	0.0458767	0.00343686	
1.26497	1.26497	1.18292	1.04203	0.845518	0.605917	0.337996	0.0414045	-0.238811	-0.460337	-0.597487	-0.636575	-0.568569	-0.426412	-0.226815	0.0106914	0.244953	0.443578	0.611757	0.721396	0.762493	0.743937	0.643753	0.471562	0.245946	-0.00884267	-0.247344	-0.442065	-0.592183	-0.68179	-0.714612	-0.694389	-0.627779	-0.53054	-0.402952	-0.24718	-0.0855414	0.0570877	0.165967	0.243726	0.29564	0.329369	0.344043	0.342648	0.314338	0.240034	0.145383	0.0606489	-0.0186705	-0.0666916	
1.22175	1.22175	1.14524	1.00586	0.805087	0.565244	0.297761	0.00462349	-0.25905	-0.466136	-0.607469	-0.653544	-0.601975	-0.477886	-0.286637	-0.0538408	0.170561	0.363808	0.523165	0.635513	0.702013	0.708066	0.629723	0.482173	0.286505	0.0541168	-0.169669	-0.356323	-0.49908	-0.588901	-0.621167	-0.597409	-0.53054	-0.433577	-0.312211	-0.171608	-0.0380588	0.0711134	0.156656	0.206781	0.229835	0.245799	0.256465	0.256163	0.227253	0.162784	0.0840858	0.00487125	-0.0776424	-0.131304	
1.16	1.16	1.08317	0.942203	0.742125	0.503685	0.239382	-0.0312924	-0.273097	-0.464555	-0.594294	-0.644611	-0.619753	-0.51523	-0.341807	-0.132494	0.0786157	0.270516	0.428644	0.550402	0.626663	0.648427	0.60632	0.498821	0.332121	0.136525	-0.0570553	-0.223142	-0.35304	-0.441959	-0.478746	-0.464275	-0.402952	-0.312211	-0.211161	-0.0999328	0.00739021	0.0842949	0.135568	0.16196	0.17039	0.17168	0.166033	0.154024	0.12189	0.0733077	0.0132549	-0.0589057	-0.130741	-0.184556	
1.06748	1.06748	0.992141	0.847631	0.652645	0.424698	0.174195	-0.0685208	-0.285026	-0.459785	-0.57512	-0.628004	-0.622475	-0.539853	-0.394415	-0.209232	-0.0132786	0.168655	0.325886	0.454766	0.54198	0.586231	0.580636	0.515487	0.391933	0.238104	0.0864752	-0.0494083	-0.164868	-0.249889	-0.296718	-0.29743	-0.24718	-0.171608	-0.0999328	-0.0261334	0.0445428	0.0919351	0.112264	0.119647	0.119733	0.105746	0.0836333	0.0599485	0.0271324	-0.0109867	-0.0583648	-0.121004	-0.182689	-0.234217	
0.941341	0.941341	0.868206	0.736454	0.556638	0.338469	0.111035	-0.103735	-0.296471	-0.45115	-0.553452	-0.614875	-0.62099	-0.556158	-0.435003	-0.26927	-0.0856579	0.0793324	0.221468	0.348889	0.455971	0.532019	0.557555	0.529258	0.454569	0.349842	0.240037	0.134284	0.0394511	-0.0433405	-0.10142	-0.114295	-0.0855414	-0.0380588	0.00739021	0.0445428	0.0769418	0.101318	0.098114	0.083631	0.0677626	0.043322	0.017159	-0.0118065	-0.0446704	-0.0820648	-0.126268	-0.179409	-0.23584	-0.280168	
0.787186	0.787186	0.726399	0.616593	0.45289	0.252205	0.0466145	-0.143701	-0.309201	-0.435446	-0.531743	-0.596045	-0.612097	-0.561766	-0.450484	-0.300022	-0.142191	0.00794929	0.148314	0.274108	0.390812	0.481266	0.532287	0.540818	0.511806	0.450223	0.378146	0.301985	0.224238	0.145157	0.0817568	0.0546836	0.0570877	0.0711134	0.0842949	0.0919351	0.101318	0.0959043	0.0698745	0.0398635	0.020937	-0.00383515	-0.0356849	-0.0701827	-0.0950604	-0.130886	-0.180441	-0.232759	-0.279797	-0.317047	
0.640132	0.640132	0.592045	0.491204	0.339992	0.16118	-0.0187414	-0.1813	-0.311143	-0.413158	-0.500226	-0.559747	-0.573485	-0.53353	-0.43785	-0.307492	-0.170493	-0.0301486	0.10866	0.238186	0.352065	0.443138	0.508329	0.545423	0.550696	0.531884	0.493353	0.436623	0.367862	0.29699	0.235121	0.188002	0.165967	0.156656	0.135568	0.112264	0.098114	0.0698745	0.0281933	-0.00940675	-0.0309473	-0.0486839	-0.0781488	-0.10566	-0.125862	-0.157963	-0.208883	-0.258449	-0.300445	-0.339065	
0.518869	0.518869	0.473011	0.372397	0.229625	0.0712037	-0.0813989	-0.203912	-0.299155	-0.373991	-0.441483	-0.487327	-0.495742	-0.460406	-0.386866	-0.278917	-0.160205	-0.038481	0.0891578	0.218094	0.327958	0.413224	0.484131	0.54178	0.575238	0.584374	0.566687	0.527671	0.470444	0.407857	0.345561	0.287055	0.243726	0.206781	0.16196	0.119647	0.083631	0.0398635	-0.00940675	-0.0494633	-0.0743747	-0.0918217	-0.109565	-0.115957	-0.130859	-0.162553	-0.206582	-0.256028	-0.298554	-0.344252	
0.413762	0.413762	0.367748	0.271088	0.141772	5.52583e-05	-0.121505	-0.20624	-0.263809	-0.308286	-0.345715	-0.377034	-0.373806	-0.341898	-0.290649	-0.217162	-0.128639	-0.0322821	0.0804312	0.197402	0.295889	0.379527	0.453208	0.519711	0.571599	0.597299	0.591252	0.57215	0.537001	0.482232	0.420416	0.359445	0.29564	0.229835	0.17039	0.119733	0.0677626	0.020937	-0.0309473	-0.0743747	-0.101677	-0.115353	-0.120225	-0.113495	-0.116041	-0.133017	-0.164025	-0.215172	-0.267579	-0.317563	
0.297194	0.297194	0.261634	0.181786	0.0729774	-0.0477174	-0.140125	-0.188635	-0.2038	-0.214356	-0.219639	-0.231156	-0.226294	-0.204506	-0.166413	-0.128027	-0.0805305	-0.0172904	0.0687638	0.160974	0.248775	0.327809	0.400378	0.464981	0.524211	0.563487	0.575414	0.571656	0.553098	0.512238	0.45992	0.402482	0.329369	0.245799	0.17168	0.105746	0.043322	-0.00383515	-0.0486839	-0.0918217	-0.115353	-0.118003	-0.106175	-0.0876269	-0.0703495	-0.0645191	-0.0864447	-0.134205	-0.189057	-0.24212	
0.168974	0.168974	0.144282	0.0906443	0.00798222	-0.0821651	-0.137851	-0.146061	-0.125464	-0.103074	-0.0873972	-0.0790486	-0.0684618	-0.0532096	-0.0368589	-0.0316553	-0.0250828	-0.00090459	0.0467294	0.108157	0.173915	0.236328	0.302158	0.369118	0.433991	0.48456	0.515005	0.527062	0.523392	0.503972	0.468386	0.414611	0.344043	0.256465	0.166033	0.0836333	0.017159	-0.0356849	-0.0781488	-0.109565	-0.120225	-0.106175	-0.0766427	-0.0418083	-0.00357339	0.0250905	0.0181749	-0.018806	-0.0696196	-0.130269	
0.0347474	0.0347474	0.0206228	-0.00668324	-0.0574722	-0.107441	-0.118662	-0.0928742	-0.0449537	0.00283546	0.0349701	0.0593309	0.0854148	0.101567	0.0990841	0.0720292	0.0363513	0.0133276	0.014629	0.0425081	0.083011	0.124822	0.17645	0.248926	0.32088	0.3834	0.429238	0.459867	0.474356	0.48036	0.461302	0.410709	0.342648	0.256163	0.154024	0.0599485	-0.0118065	-0.0701827	-0.10566	-0.115957	-0.113495	-0.0876269	-0.0418083	0.0185594	0.0819196	0.130172	0.139203	0.112544	0.0642209	0.00479325	
-0.0965234	-0.0965234	-0.0950742	-0.0989406	-0.116845	-0.126652	-0.0987415	-0.0445905	0.0295624	0.0984972	0.149459	0.188034	0.226878	0.24715	0.232401	0.178111	0.10675	0.0431056	-0.00434884	-0.0228278	-0.0150044	0.0128053	0.0566131	0.124704	0.195074	0.263442	0.324732	0.376516	0.413147	0.428879	0.416963	0.376484	0.314338	0.227253	0.12189	0.0271324	-0.0446704	-0.0950604	-0.125862	-0.130859	-0.116041	-0.0703495	-0.00357339	0.0819196	0.16753	0.232933	0.255008	0.235005	0.190944	0.13642	
-0.203118	-0.203118	-0.187848	-0.169999	-0.158347	-0.13686	-0.0823542	0.00398596	0.104815	0.19434	0.2641	0.316648	0.353993	0.368335	0.346605	0.286175	0.194029	0.0953481	0.0085841	-0.0567394	-0.0865451	-0.0767263	-0.043336	0.00850012	0.073698	0.139551	0.201535	0.26384	0.318267	0.343817	0.336561	0.300376	0.240034	0.162784	0.0733077	-0.0109867	-0.0820648	-0.130886	-0.157963	-0.162553	-0.133017	-0.0645191	0.0250905	0.130172	0.232933	0.306035	0.33505	0.329998	0.29978	0.24696	
-0.291776	-0.291776	-0.263521	-0.224817	-0.185084	-0.134992	-0.0589115	0.0534352	0.177475	0.284083	0.363638	0.422235	0.461295	0.47318	0.449055	0.390258	0.289176	0.167303	0.0571523	-0.0351163	-0.0955986	-0.116888	-0.108893	-0.0784043	-0.0325182	0.0205359	0.0802016	0.144227	0.203714	0.23784	0.235136	0.199462	0.145383	0.0840858	0.0132549	-0.0583648	-0.126268	-0.180441	-0.208883	-0.206582	-0.164025	-0.0864447	0.0181749	0.139203	0.255008	0.33505	0.375292	0.38762	0.36548	0.318983	
-0.372344	-0.372344	-0.335551	-0.276123	-0.206866	-0.127349	-0.0260541	0.105601	0.237316	0.347597	0.433044	0.496455	0.54049	0.559814	0.54517	0.491017	0.392707	0.26739	0.144425	0.0315808	-0.0448148	-0.0892707	-0.109477	-0.108378	-0.0962552	-0.0685184	-0.014381	0.0526943	0.110156	0.146926	0.145938	0.110749	0.0606489	0.00487125	-0.0589057	-0.121004	-0.179409	-0.232759	-0.258449	-0.256028	-0.215172	-0.134205	-0.018806	0.112544	0.235005	0.329998	0.38762	0.410358	0.399054	0.365842	
-0.43154	-0.43154	-0.383554	-0.312542	-0.223443	-0.115369	0.010997	0.154155	0.294394	0.403886	0.487241	0.549741	0.59937	0.627755	0.627534	0.584272	0.497516	0.381251	0.253629	0.133171	0.0458681	-0.0141258	-0.061427	-0.0891623	-0.109743	-0.10919	-0.0812968	-0.023422	0.0408387	0.0865174	0.0875281	0.0458767	-0.0186705	-0.0776424	-0.130741	-0.182689	-0.23584	-0.279797	-0.300445	-0.298554	-0.267579	-0.189057	-0.0696196	0.0642209	0.190944	0.29978	0.36548	0.399054	0.399837	0.385271	
-0.452637	-0.452637	-0.400774	-0.321758	-0.222366	-0.0971917	0.0475847	0.199113	0.344557	0.458886	0.537708	0.593978	0.640885	0.672451	0.682499	0.658757	0.59089	0.489804	0.372764	0.256804	0.161692	0.0888331	0.0263068	-0.024055	-0.070389	-0.0972507	-0.0943407	-0.0552978	0.00182997	0.0465855	0.0488571	0.00343686	-0.0666916	-0.131304	-0.184556	-0.234217	-0.280168	-0.317047	-0.339065	-0.344252	-0.317563	-0.24212	-0.130269	0.00479325	0.13642	0.24696	0.318983	0.365842	0.385271	0.388719	
