-0.227638	-0.175363	-0.123339	-0.0760994	-0.0230589	0.0405528	0.0963656	0.113271	0.105494	0.0955397	0.095344	0.10345	0.120782	0.145849	0.172823	0.201095	0.240458	0.299152	0.371874	0.423047	0.440839	0.423944	0.377713	0.336783	0.31188	0.302474	0.296091	0.277339	0.231359	0.152492	0.0463048	-0.0723844	-0.18405	-0.283623	-0.356077	-0.389467	-0.383723	-0.352843	-0.332035	-0.323528	-0.299637	-0.249439	-0.185912	-0.139181	-0.124682	-0.135814	-0.157341	-0.17176	-0.176299	-0.176299	
-0.175363	-0.201922	-0.22449	-0.243803	-0.234262	-0.200234	-0.169932	-0.163822	-0.169541	-0.165902	-0.143682	-0.103662	-0.0584772	-0.0105914	0.0385768	0.0840207	0.129538	0.190329	0.260841	0.319023	0.348366	0.339939	0.303338	0.263775	0.22949	0.204418	0.188025	0.159516	0.0990843	0.00939472	-0.0960644	-0.197001	-0.286429	-0.36144	-0.40618	-0.413861	-0.373595	-0.304329	-0.247188	-0.199758	-0.141355	-0.0596291	0.0295028	0.0911233	0.11814	0.111979	0.08408	0.056948	0.0397314	0.0397314	
-0.123339	-0.22449	-0.317023	-0.388112	-0.421808	-0.429308	-0.434792	-0.451447	-0.466374	-0.455712	-0.413608	-0.351443	-0.279548	-0.204558	-0.130336	-0.0695978	-0.0158707	0.0421662	0.103357	0.163344	0.205334	0.214799	0.196118	0.168484	0.128263	0.0913399	0.0686146	0.0353983	-0.0307697	-0.12378	-0.224574	-0.312625	-0.382609	-0.431314	-0.442912	-0.417994	-0.344836	-0.246478	-0.157468	-0.0707861	0.0231986	0.13797	0.251562	0.332219	0.381028	0.392685	0.374376	0.347543	0.326688	0.326688	
-0.0760994	-0.243803	-0.388112	-0.50041	-0.576694	-0.629702	-0.672861	-0.71288	-0.734323	-0.722849	-0.675931	-0.600148	-0.506159	-0.404943	-0.31558	-0.240828	-0.17647	-0.122111	-0.0724928	-0.0134381	0.0392506	0.0661387	0.0682213	0.0500672	0.0127663	-0.0246388	-0.0504001	-0.0828374	-0.143906	-0.233188	-0.328704	-0.409813	-0.469812	-0.497164	-0.480674	-0.424716	-0.328485	-0.208063	-0.0841528	0.0419596	0.177558	0.323035	0.457848	0.560692	0.63493	0.673588	0.674435	0.662329	0.645431	0.645431	
-0.0230589	-0.234262	-0.421808	-0.576694	-0.702369	-0.802169	-0.882548	-0.943611	-0.971697	-0.958251	-0.906304	-0.81899	-0.707806	-0.591786	-0.492367	-0.404493	-0.326913	-0.272284	-0.231422	-0.173814	-0.109586	-0.0635122	-0.0426423	-0.0506594	-0.0813531	-0.12049	-0.150293	-0.179492	-0.235112	-0.321434	-0.415844	-0.503958	-0.561238	-0.567708	-0.521325	-0.434587	-0.321655	-0.182281	-0.0308763	0.128577	0.299998	0.469014	0.621446	0.750694	0.849435	0.913955	0.942394	0.944111	0.941856	0.941856	
0.0405528	-0.200234	-0.429308	-0.629702	-0.802169	-0.943875	-1.05862	-1.1361	-1.16869	-1.14955	-1.08581	-0.993416	-0.872188	-0.743669	-0.631836	-0.531217	-0.446733	-0.389297	-0.34346	-0.285579	-0.206163	-0.137891	-0.100528	-0.0989172	-0.127141	-0.168734	-0.209824	-0.249887	-0.308234	-0.395474	-0.496741	-0.590149	-0.645754	-0.630933	-0.557106	-0.448594	-0.316393	-0.164676	0.00925886	0.193845	0.380662	0.561149	0.725159	0.87212	0.991033	1.07727	1.12719	1.14803	1.16052	1.16052	
0.0963656	-0.169932	-0.434792	-0.672861	-0.882548	-1.05862	-1.19493	-1.27997	-1.30405	-1.2731	-1.20418	-1.1073	-0.978746	-0.842654	-0.717849	-0.612116	-0.522716	-0.453383	-0.399933	-0.327373	-0.233487	-0.145142	-0.0902278	-0.0818693	-0.106711	-0.159021	-0.216152	-0.27584	-0.354158	-0.452132	-0.561856	-0.662927	-0.713369	-0.680601	-0.587408	-0.460849	-0.316607	-0.153782	0.0338653	0.224777	0.410663	0.589824	0.756351	0.91058	1.0447	1.144	1.20896	1.25535	1.27663	1.27663	
0.113271	-0.163822	-0.451447	-0.71288	-0.943611	-1.1361	-1.27997	-1.35546	-1.36393	-1.31832	-1.24136	-1.1424	-1.01274	-0.872783	-0.745707	-0.642046	-0.552405	-0.472317	-0.403114	-0.318681	-0.207865	-0.102163	-0.0342198	-0.016507	-0.0410272	-0.0984735	-0.169572	-0.258271	-0.361604	-0.473846	-0.595152	-0.698643	-0.745842	-0.709738	-0.607048	-0.474342	-0.323652	-0.152788	0.033717	0.217608	0.389631	0.556025	0.719689	0.876278	1.01205	1.11905	1.19596	1.25103	1.28204	1.28204	
0.105494	-0.169541	-0.466374	-0.734323	-0.971697	-1.16869	-1.30405	-1.36393	-1.34957	-1.29548	-1.2159	-1.11097	-0.982848	-0.844327	-0.724364	-0.629705	-0.541904	-0.455211	-0.363473	-0.25633	-0.13604	-0.026237	0.0472748	0.0636452	0.0338172	-0.0227556	-0.10432	-0.216608	-0.338978	-0.46269	-0.58254	-0.684554	-0.731406	-0.698101	-0.603668	-0.472763	-0.327858	-0.1595	0.0172265	0.179657	0.332986	0.478382	0.626775	0.773007	0.900137	1.00792	1.09269	1.15423	1.18819	1.18819	
0.0955397	-0.165902	-0.455712	-0.722849	-0.958251	-1.14955	-1.2731	-1.31832	-1.29548	-1.23757	-1.15465	-1.04097	-0.907408	-0.774502	-0.666998	-0.579327	-0.488976	-0.390311	-0.278342	-0.156586	-0.0307758	0.0739489	0.135524	0.138742	0.10268	0.040062	-0.058312	-0.184107	-0.315131	-0.437757	-0.541087	-0.627912	-0.671559	-0.642841	-0.558253	-0.441037	-0.308298	-0.154801	-0.00110036	0.136689	0.262489	0.380976	0.503589	0.623352	0.730597	0.828804	0.912801	0.970099	1.00127	1.00127	
0.095344	-0.143682	-0.413608	-0.675931	-0.906304	-1.08581	-1.20418	-1.24136	-1.2159	-1.15465	-1.06248	-0.944839	-0.810099	-0.685808	-0.584549	-0.495514	-0.402884	-0.295549	-0.167612	-0.038754	0.0796686	0.168403	0.209357	0.195763	0.144879	0.0696649	-0.037219	-0.167675	-0.297904	-0.400394	-0.481739	-0.5489	-0.579609	-0.549193	-0.474306	-0.376074	-0.258293	-0.135455	-0.00989231	0.102337	0.194389	0.28403	0.371189	0.450728	0.529067	0.608119	0.679315	0.731763	0.753468	0.753468	
0.10345	-0.103662	-0.351443	-0.600148	-0.81899	-0.993416	-1.1073	-1.1424	-1.11097	-1.04097	-0.944839	-0.822614	-0.684729	-0.567473	-0.47523	-0.39052	-0.297566	-0.18659	-0.0622237	0.0622781	0.164338	0.230336	0.243291	0.212903	0.150463	0.0642193	-0.042353	-0.167748	-0.285137	-0.365782	-0.4272	-0.469564	-0.47726	-0.443179	-0.368701	-0.284148	-0.189847	-0.0912957	0.00599258	0.0873235	0.150314	0.204067	0.24751	0.283488	0.322626	0.375128	0.427723	0.473215	0.487396	0.487396	
0.120782	-0.0584772	-0.279548	-0.506159	-0.707806	-0.872188	-0.978746	-1.01274	-0.982848	-0.907408	-0.810099	-0.684729	-0.552209	-0.443119	-0.358685	-0.278564	-0.190085	-0.083506	0.0237282	0.12489	0.199545	0.241277	0.232854	0.179034	0.100017	0.00502075	-0.096563	-0.206823	-0.297209	-0.350115	-0.38279	-0.392012	-0.369222	-0.321185	-0.244254	-0.170611	-0.0968191	-0.0179657	0.048	0.101277	0.134773	0.148257	0.151892	0.144478	0.139376	0.159032	0.189156	0.220906	0.234239	0.234239	
0.145849	-0.0105914	-0.204558	-0.404943	-0.591786	-0.743669	-0.842654	-0.872783	-0.844327	-0.774502	-0.685808	-0.567473	-0.443119	-0.337699	-0.252765	-0.172155	-0.0889124	-0.00174158	0.0781663	0.144813	0.191126	0.202287	0.167329	0.0893257	-0.0104837	-0.112592	-0.207243	-0.295266	-0.356483	-0.373858	-0.361143	-0.321114	-0.256988	-0.182378	-0.100326	-0.0355925	0.02543	0.0829396	0.121009	0.146961	0.146354	0.125998	0.0937808	0.0460054	0.00277009	-0.0180567	-0.0162661	0.00162727	0.0123223	0.0123223	
0.172823	0.0385768	-0.130336	-0.31558	-0.492367	-0.631836	-0.717849	-0.745707	-0.724364	-0.666998	-0.584549	-0.47523	-0.358685	-0.252765	-0.162584	-0.0820587	-0.00571019	0.0621945	0.103768	0.126977	0.136615	0.116184	0.0527475	-0.052517	-0.170903	-0.277601	-0.365962	-0.432101	-0.46104	-0.437474	-0.371345	-0.272495	-0.159078	-0.050877	0.0428273	0.110331	0.162968	0.199917	0.214346	0.206519	0.174623	0.126624	0.0683358	-0.0041468	-0.0746526	-0.128416	-0.156071	-0.150244	-0.144404	-0.144404	
0.201095	0.0840207	-0.0695978	-0.240828	-0.404493	-0.531217	-0.612116	-0.642046	-0.629705	-0.579327	-0.495514	-0.39052	-0.278564	-0.172155	-0.0820587	-0.00289585	0.0595351	0.093196	0.0970468	0.0781382	0.0437137	-0.0162576	-0.109643	-0.232677	-0.369116	-0.480477	-0.562879	-0.611565	-0.608427	-0.539045	-0.41488	-0.256806	-0.0958551	0.0461247	0.158296	0.233126	0.287964	0.311836	0.30697	0.27132	0.21287	0.144465	0.0716394	-0.00539985	-0.0885131	-0.158195	-0.20367	-0.211636	-0.207196	-0.207196	
0.240458	0.129538	-0.0158707	-0.17647	-0.326913	-0.446733	-0.522716	-0.552405	-0.541904	-0.488976	-0.402884	-0.297566	-0.190085	-0.0889124	-0.00571019	0.0595351	0.093279	0.0866618	0.0483656	-0.0128179	-0.0919363	-0.185449	-0.304206	-0.446375	-0.5925	-0.711823	-0.790998	-0.817627	-0.77876	-0.665724	-0.48676	-0.276119	-0.0714934	0.102383	0.235077	0.323273	0.3805	0.400739	0.385244	0.333783	0.260954	0.184279	0.110111	0.0381445	-0.0413633	-0.116871	-0.173039	-0.191242	-0.191967	-0.191967	
0.299152	0.190329	0.0421662	-0.122111	-0.272284	-0.389297	-0.453383	-0.472317	-0.455211	-0.390311	-0.295549	-0.18659	-0.083506	-0.00174158	0.0621945	0.093196	0.0866618	0.0381938	-0.0482707	-0.151746	-0.271658	-0.393008	-0.523753	-0.669279	-0.813017	-0.939686	-1.01168	-1.01222	-0.94366	-0.791347	-0.569635	-0.321784	-0.0783299	0.123362	0.277258	0.383804	0.445619	0.469752	0.448191	0.390997	0.3138	0.239425	0.17592	0.116467	0.0472588	-0.0316574	-0.0957969	-0.132698	-0.141238	-0.141238	
0.371874	0.260841	0.103357	-0.0724928	-0.231422	-0.34346	-0.399933	-0.403114	-0.363473	-0.278342	-0.167612	-0.0622237	0.0237282	0.0781663	0.103768	0.0970468	0.0483656	-0.0482707	-0.175896	-0.31531	-0.461179	-0.607669	-0.745331	-0.884209	-1.0218	-1.13725	-1.18649	-1.15892	-1.06293	-0.884694	-0.642387	-0.367306	-0.0987234	0.125849	0.295471	0.414803	0.486108	0.513576	0.496355	0.439615	0.365161	0.297826	0.241971	0.191918	0.130385	0.0550215	-0.00791605	-0.0503977	-0.0626729	-0.0626729	
0.423047	0.319023	0.163344	-0.0134381	-0.173814	-0.285579	-0.327373	-0.318681	-0.25633	-0.156586	-0.038754	0.0622781	0.12489	0.144813	0.126977	0.0781382	-0.0128179	-0.151746	-0.31531	-0.484241	-0.651056	-0.807973	-0.949022	-1.07657	-1.19838	-1.28711	-1.30611	-1.24534	-1.11425	-0.922965	-0.669798	-0.384881	-0.111	0.119943	0.294062	0.424287	0.501106	0.534967	0.52103	0.46283	0.399068	0.340686	0.296471	0.25591	0.19824	0.129834	0.0692855	0.0278697	0.01333	0.01333	
0.440839	0.348366	0.205334	0.0392506	-0.109586	-0.206163	-0.233487	-0.207865	-0.13604	-0.0307758	0.0796686	0.164338	0.199545	0.191126	0.136615	0.0437137	-0.0919363	-0.271658	-0.461179	-0.651056	-0.826007	-0.991028	-1.1321	-1.2394	-1.32575	-1.3677	-1.34205	-1.24325	-1.08689	-0.887535	-0.635609	-0.357449	-0.0983925	0.119202	0.27995	0.401269	0.480983	0.514858	0.503829	0.458612	0.410588	0.370317	0.339815	0.301451	0.244345	0.180508	0.126235	0.0921536	0.0802694	0.0802694	
0.423944	0.339939	0.214799	0.0661387	-0.0635122	-0.137891	-0.145142	-0.102163	-0.026237	0.0739489	0.168403	0.230336	0.241277	0.202287	0.116184	-0.0162576	-0.185449	-0.393008	-0.607669	-0.807973	-0.991028	-1.15461	-1.27524	-1.34647	-1.3768	-1.3589	-1.28396	-1.14818	-0.976077	-0.77219	-0.535626	-0.28984	-0.0646868	0.113698	0.245729	0.350484	0.424484	0.457287	0.451256	0.423018	0.39488	0.378157	0.359673	0.324384	0.272002	0.212823	0.17064	0.14762	0.140794	0.140794	
0.377713	0.303338	0.196118	0.0682213	-0.0426423	-0.100528	-0.0902278	-0.0342198	0.0472748	0.135524	0.209357	0.243291	0.232854	0.167329	0.0527475	-0.109643	-0.304206	-0.523753	-0.745331	-0.949022	-1.1321	-1.27524	-1.36331	-1.38622	-1.35362	-1.2716	-1.15043	-0.986719	-0.798698	-0.598991	-0.389747	-0.18889	-0.0177246	0.106812	0.201382	0.28167	0.343393	0.374288	0.374739	0.362416	0.356545	0.359261	0.351942	0.327512	0.284242	0.237801	0.210497	0.196272	0.195778	0.195778	
0.336783	0.263775	0.168484	0.0500672	-0.0506594	-0.0989172	-0.0818693	-0.016507	0.0636452	0.138742	0.195763	0.212903	0.179034	0.0893257	-0.052517	-0.232677	-0.446375	-0.669279	-0.884209	-1.07657	-1.2394	-1.34647	-1.38622	-1.35732	-1.26615	-1.13083	-0.965999	-0.782321	-0.590543	-0.402063	-0.227869	-0.0809155	0.0290253	0.10102	0.15092	0.198788	0.245269	0.270438	0.281322	0.291906	0.307196	0.32613	0.33055	0.316728	0.289272	0.259934	0.245032	0.241642	0.243705	0.243705	
0.31188	0.22949	0.128263	0.0127663	-0.0813531	-0.127141	-0.106711	-0.0410272	0.0338172	0.10268	0.144879	0.150463	0.100017	-0.0104837	-0.170903	-0.369116	-0.5925	-0.813017	-1.0218	-1.19838	-1.32575	-1.3768	-1.35362	-1.26615	-1.12078	-0.944669	-0.752841	-0.559682	-0.374512	-0.20209	-0.0666258	0.0238856	0.0725954	0.0824724	0.0854385	0.0961985	0.118517	0.143862	0.167522	0.202421	0.243094	0.277149	0.299772	0.307564	0.302209	0.293309	0.287055	0.285178	0.285945	0.285945	
0.302474	0.204418	0.0913399	-0.0246388	-0.12049	-0.168734	-0.159021	-0.0984735	-0.0227556	0.040062	0.0696649	0.0642193	0.00502075	-0.112592	-0.277601	-0.480477	-0.711823	-0.939686	-1.13725	-1.28711	-1.3677	-1.3589	-1.2716	-1.13083	-0.944669	-0.731537	-0.517475	-0.327305	-0.159932	-0.0181715	0.0685448	0.103758	0.0955731	0.0553154	0.0140376	-0.0114385	-0.0161343	-0.00151613	0.0336849	0.0882488	0.150546	0.205079	0.250554	0.287487	0.313998	0.329736	0.336404	0.339822	0.33914	0.33914	
0.296091	0.188025	0.0686146	-0.0504001	-0.150293	-0.209824	-0.216152	-0.169572	-0.10432	-0.058312	-0.037219	-0.042353	-0.096563	-0.207243	-0.365962	-0.562879	-0.790998	-1.01168	-1.18649	-1.30611	-1.34205	-1.28396	-1.15043	-0.965999	-0.752841	-0.517475	-0.299727	-0.123299	0.0203351	0.12413	0.172412	0.164223	0.111018	0.035993	-0.0381805	-0.0983763	-0.129058	-0.129702	-0.0958052	-0.0288814	0.0446327	0.112571	0.179283	0.242988	0.301021	0.344475	0.37023	0.383392	0.38572	0.38572	
0.277339	0.159516	0.0353983	-0.0828374	-0.179492	-0.249887	-0.27584	-0.258271	-0.216608	-0.184107	-0.167675	-0.167748	-0.206823	-0.295266	-0.432101	-0.611565	-0.817627	-1.01222	-1.15892	-1.24534	-1.24325	-1.14818	-0.986719	-0.782321	-0.559682	-0.327305	-0.123299	0.0331927	0.153233	0.2266	0.244542	0.207792	0.129149	0.0336636	-0.0602636	-0.143728	-0.203997	-0.225252	-0.201402	-0.136424	-0.0581454	0.0165243	0.0965732	0.17843	0.258653	0.324191	0.367496	0.39159	0.3974	0.3974	
0.231359	0.0990843	-0.0307697	-0.143906	-0.235112	-0.308234	-0.354158	-0.361604	-0.338978	-0.315131	-0.297904	-0.285137	-0.297209	-0.356483	-0.46104	-0.608427	-0.77876	-0.94366	-1.06293	-1.11425	-1.08689	-0.976077	-0.798698	-0.590543	-0.374512	-0.159932	0.0203351	0.153233	0.243194	0.288255	0.279747	0.220073	0.132369	0.0339868	-0.0686083	-0.165963	-0.248286	-0.294693	-0.284114	-0.224231	-0.148231	-0.0686177	0.0154743	0.105125	0.197659	0.277095	0.337198	0.368536	0.379138	0.379138	
0.152492	0.00939472	-0.12378	-0.233188	-0.321434	-0.395474	-0.452132	-0.473846	-0.46269	-0.437757	-0.400394	-0.365782	-0.350115	-0.373858	-0.437474	-0.539045	-0.665724	-0.791347	-0.884694	-0.922965	-0.887535	-0.77219	-0.598991	-0.402063	-0.20209	-0.0181715	0.12413	0.2266	0.288255	0.298159	0.261939	0.187329	0.0947925	0.00190684	-0.0936121	-0.190633	-0.279967	-0.336288	-0.334426	-0.282677	-0.213275	-0.137615	-0.0606978	0.0296826	0.129662	0.221611	0.299577	0.338335	0.353584	0.353584	
0.0463048	-0.0960644	-0.224574	-0.328704	-0.415844	-0.496741	-0.561856	-0.595152	-0.58254	-0.541087	-0.481739	-0.4272	-0.38279	-0.361143	-0.371345	-0.41488	-0.48676	-0.569635	-0.642387	-0.669798	-0.635609	-0.535626	-0.389747	-0.227869	-0.0666258	0.0685448	0.172412	0.244542	0.279747	0.261939	0.201994	0.114479	0.0231271	-0.0571956	-0.141708	-0.221658	-0.302932	-0.355562	-0.353852	-0.313108	-0.252382	-0.191648	-0.126748	-0.0411077	0.0627026	0.171041	0.262254	0.310202	0.328082	0.328082	
-0.0723844	-0.197001	-0.312625	-0.409813	-0.503958	-0.590149	-0.662927	-0.698643	-0.684554	-0.627912	-0.5489	-0.469564	-0.392012	-0.321114	-0.272495	-0.256806	-0.276119	-0.321784	-0.367306	-0.384881	-0.357449	-0.28984	-0.18889	-0.0809155	0.0238856	0.103758	0.164223	0.207792	0.220073	0.187329	0.114479	0.0248308	-0.0602329	-0.128293	-0.196332	-0.255848	-0.313461	-0.351475	-0.345899	-0.313109	-0.266543	-0.223291	-0.174749	-0.0972651	0.00647371	0.122962	0.218862	0.265679	0.282365	0.282365	
-0.18405	-0.286429	-0.382609	-0.469812	-0.561238	-0.645754	-0.713369	-0.745842	-0.731406	-0.671559	-0.579609	-0.47726	-0.369222	-0.256988	-0.159078	-0.0958551	-0.0714934	-0.0783299	-0.0987234	-0.111	-0.0983925	-0.0646868	-0.0177246	0.0290253	0.0725954	0.0955731	0.111018	0.129149	0.132369	0.0947925	0.0231271	-0.0602329	-0.137356	-0.198111	-0.248419	-0.281739	-0.311753	-0.325506	-0.314134	-0.290232	-0.259598	-0.234844	-0.205399	-0.141836	-0.0426029	0.0700404	0.15999	0.200061	0.211043	0.211043	
-0.283623	-0.36144	-0.431314	-0.497164	-0.567708	-0.630933	-0.680601	-0.709738	-0.698101	-0.642841	-0.549193	-0.443179	-0.321185	-0.182378	-0.050877	0.0461247	0.102383	0.123362	0.125849	0.119943	0.119202	0.113698	0.106812	0.10102	0.0824724	0.0553154	0.035993	0.0336636	0.0339868	0.00190684	-0.0571956	-0.128293	-0.198111	-0.246952	-0.280402	-0.288857	-0.286385	-0.279223	-0.264901	-0.250589	-0.236754	-0.232423	-0.221331	-0.177798	-0.0939165	0.0045877	0.074846	0.104107	0.106366	0.106366	
-0.356077	-0.40618	-0.442912	-0.480674	-0.521325	-0.557106	-0.587408	-0.607048	-0.603668	-0.558253	-0.474306	-0.368701	-0.244254	-0.100326	0.0428273	0.158296	0.235077	0.277258	0.295471	0.294062	0.27995	0.245729	0.201382	0.15092	0.0854385	0.0140376	-0.0381805	-0.0602636	-0.0686083	-0.0936121	-0.141708	-0.196332	-0.248419	-0.280402	-0.283534	-0.26183	-0.227177	-0.200071	-0.187956	-0.183605	-0.18956	-0.205783	-0.218974	-0.205823	-0.153945	-0.0898123	-0.0501568	-0.0442169	-0.0500235	-0.0500235	
-0.389467	-0.413861	-0.417994	-0.424716	-0.434587	-0.448594	-0.460849	-0.474342	-0.472763	-0.441037	-0.376074	-0.284148	-0.170611	-0.0355925	0.110331	0.233126	0.323273	0.383804	0.414803	0.424287	0.401269	0.350484	0.28167	0.198788	0.0961985	-0.0114385	-0.0983763	-0.143728	-0.165963	-0.190633	-0.221658	-0.255848	-0.281739	-0.288857	-0.26183	-0.210505	-0.151214	-0.108907	-0.0962142	-0.101944	-0.1242	-0.160376	-0.203964	-0.231268	-0.224553	-0.20889	-0.210434	-0.226419	-0.244058	-0.244058	
-0.383723	-0.373595	-0.344836	-0.328485	-0.321655	-0.316393	-0.316607	-0.323652	-0.327858	-0.308298	-0.258293	-0.189847	-0.0968191	0.02543	0.162968	0.287964	0.3805	0.445619	0.486108	0.501106	0.480983	0.424484	0.343393	0.245269	0.118517	-0.0161343	-0.129058	-0.203997	-0.248286	-0.279967	-0.302932	-0.313461	-0.311753	-0.286385	-0.227177	-0.151214	-0.0708596	-0.0208495	-0.00975594	-0.023226	-0.0593927	-0.11076	-0.179122	-0.245067	-0.288671	-0.32887	-0.378232	-0.424629	-0.455995	-0.455995	
-0.352843	-0.304329	-0.246478	-0.208063	-0.182281	-0.164676	-0.153782	-0.152788	-0.1595	-0.154801	-0.135455	-0.0912957	-0.0179657	0.0829396	0.199917	0.311836	0.400739	0.469752	0.513576	0.534967	0.514858	0.457287	0.374288	0.270438	0.143862	-0.00151613	-0.129702	-0.225252	-0.294693	-0.336288	-0.355562	-0.351475	-0.325506	-0.279223	-0.200071	-0.108907	-0.0208495	0.0372227	0.0476805	0.0295451	-0.0126465	-0.0778745	-0.163013	-0.25797	-0.348045	-0.433295	-0.520153	-0.59338	-0.631884	-0.631884	
-0.332035	-0.247188	-0.157468	-0.0841528	-0.0308763	0.00925886	0.0338653	0.033717	0.0172265	-0.00110036	-0.00989231	0.00599258	0.048	0.121009	0.214346	0.30697	0.385244	0.448191	0.496355	0.52103	0.503829	0.451256	0.374739	0.281322	0.167522	0.0336849	-0.0958052	-0.201402	-0.284114	-0.334426	-0.353852	-0.345899	-0.314134	-0.264901	-0.187956	-0.0962142	-0.00975594	0.0476805	0.0616344	0.0359405	-0.0117683	-0.0805834	-0.172456	-0.280067	-0.393202	-0.507229	-0.620278	-0.702939	-0.751887	-0.751887	
-0.323528	-0.199758	-0.0707861	0.0419596	0.128577	0.193845	0.224777	0.217608	0.179657	0.136689	0.102337	0.0873235	0.101277	0.146961	0.206519	0.27132	0.333783	0.390997	0.439615	0.46283	0.458612	0.423018	0.362416	0.291906	0.202421	0.0882488	-0.0288814	-0.136424	-0.224231	-0.282677	-0.313108	-0.313109	-0.290232	-0.250589	-0.183605	-0.101944	-0.023226	0.0295451	0.0359405	0.00408724	-0.0519793	-0.123216	-0.209036	-0.314888	-0.434774	-0.557909	-0.675309	-0.763635	-0.810962	-0.810962	
-0.299637	-0.141355	0.0231986	0.177558	0.299998	0.380662	0.410663	0.389631	0.332986	0.262489	0.194389	0.150314	0.134773	0.146354	0.174623	0.21287	0.260954	0.3138	0.365161	0.399068	0.410588	0.39488	0.356545	0.307196	0.243094	0.150546	0.0446327	-0.0581454	-0.148231	-0.213275	-0.252382	-0.266543	-0.259598	-0.236754	-0.18956	-0.1242	-0.0593927	-0.0126465	-0.0117683	-0.0519793	-0.111982	-0.186348	-0.264797	-0.360934	-0.476836	-0.592379	-0.699978	-0.777964	-0.819535	-0.819535	
-0.249439	-0.0596291	0.13797	0.323035	0.469014	0.561149	0.589824	0.556025	0.478382	0.380976	0.28403	0.204067	0.148257	0.125998	0.126624	0.144465	0.184279	0.239425	0.297826	0.340686	0.370317	0.378157	0.359261	0.32613	0.277149	0.205079	0.112571	0.0165243	-0.0686177	-0.137615	-0.191648	-0.223291	-0.234844	-0.232423	-0.205783	-0.160376	-0.11076	-0.0778745	-0.0805834	-0.123216	-0.186348	-0.252543	-0.320101	-0.404303	-0.506184	-0.609373	-0.702574	-0.763093	-0.799066	-0.799066	
-0.185912	0.0295028	0.251562	0.457848	0.621446	0.725159	0.756351	0.719689	0.626775	0.503589	0.371189	0.24751	0.151892	0.0937808	0.0683358	0.0716394	0.110111	0.17592	0.241971	0.296471	0.339815	0.359673	0.351942	0.33055	0.299772	0.250554	0.179283	0.0965732	0.0154743	-0.0606978	-0.126748	-0.174749	-0.205399	-0.221331	-0.218974	-0.203964	-0.179122	-0.163013	-0.172456	-0.209036	-0.264797	-0.320101	-0.375109	-0.445646	-0.532793	-0.618568	-0.686955	-0.728985	-0.751097	-0.751097	
-0.139181	0.0911233	0.332219	0.560692	0.750694	0.87212	0.91058	0.876278	0.773007	0.623352	0.450728	0.283488	0.144478	0.0460054	-0.0041468	-0.00539985	0.0381445	0.116467	0.191918	0.25591	0.301451	0.324384	0.327512	0.316728	0.307564	0.287487	0.242988	0.17843	0.105125	0.0296826	-0.0411077	-0.0972651	-0.141836	-0.177798	-0.205823	-0.231268	-0.245067	-0.25797	-0.280067	-0.314888	-0.360934	-0.404303	-0.445646	-0.497694	-0.563434	-0.622331	-0.660808	-0.677838	-0.684021	-0.684021	
-0.124682	0.11814	0.381028	0.63493	0.849435	0.991033	1.0447	1.01205	0.900137	0.730597	0.529067	0.322626	0.139376	0.00277009	-0.0746526	-0.0885131	-0.0413633	0.0472588	0.130385	0.19824	0.244345	0.272002	0.284242	0.289272	0.302209	0.313998	0.301021	0.258653	0.197659	0.129662	0.0627026	0.00647371	-0.0426029	-0.0939165	-0.153945	-0.224553	-0.288671	-0.348045	-0.393202	-0.434774	-0.476836	-0.506184	-0.532793	-0.563434	-0.598816	-0.625143	-0.63148	-0.618525	-0.60917	-0.60917	
-0.135814	0.111979	0.392685	0.673588	0.913955	1.07727	1.144	1.11905	1.00792	0.828804	0.608119	0.375128	0.159032	-0.0180567	-0.128416	-0.158195	-0.116871	-0.0316574	0.0550215	0.129834	0.180508	0.212823	0.237801	0.259934	0.293309	0.329736	0.344475	0.324191	0.277095	0.221611	0.171041	0.122962	0.0700404	0.0045877	-0.0898123	-0.20889	-0.32887	-0.433295	-0.507229	-0.557909	-0.592379	-0.609373	-0.618568	-0.622331	-0.625143	-0.620139	-0.594632	-0.560335	-0.536062	-0.536062	
-0.157341	0.08408	0.374376	0.674435	0.942394	1.12719	1.20896	1.19596	1.09269	0.912801	0.679315	0.427723	0.189156	-0.0162661	-0.156071	-0.20367	-0.173039	-0.0957969	-0.00791605	0.0692855	0.126235	0.17064	0.210497	0.245032	0.287055	0.336404	0.37023	0.367496	0.337198	0.299577	0.262254	0.218862	0.15999	0.074846	-0.0501568	-0.210434	-0.378232	-0.520153	-0.620278	-0.675309	-0.699978	-0.702574	-0.686955	-0.660808	-0.63148	-0.594632	-0.543314	-0.495825	-0.458033	-0.458033	
-0.17176	0.056948	0.347543	0.662329	0.944111	1.14803	1.25535	1.25103	1.15423	0.970099	0.731763	0.473215	0.220906	0.00162727	-0.150244	-0.211636	-0.191242	-0.132698	-0.0503977	0.0278697	0.0921536	0.14762	0.196272	0.241642	0.285178	0.339822	0.383392	0.39159	0.368536	0.338335	0.310202	0.265679	0.200061	0.104107	-0.0442169	-0.226419	-0.424629	-0.59338	-0.702939	-0.763635	-0.777964	-0.763093	-0.728985	-0.677838	-0.618525	-0.560335	-0.495825	-0.433467	-0.394414	-0.394414	
-0.176299	0.0397314	0.326688	0.645431	0.941856	1.16052	1.27663	1.28204	1.18819	1.00127	0.753468	0.487396	0.234239	0.0123223	-0.144404	-0.207196	-0.191967	-0.141238	-0.0626729	0.01333	0.0802694	0.140794	0.195778	0.243705	0.285945	0.33914	0.38572	0.3974	0.379138	0.353584	0.328082	0.282365	0.211043	0.106366	-0.0500235	-0.244058	-0.455995	-0.631884	-0.751887	-0.810962	-0.819535	-0.799066	-0.751097	-0.684021	-0.60917	-0.536062	-0.458033	-0.394414	-0.347428	-0.347428	
-0.176299	0.0397314	0.326688	0.645431	0.941856	1.16052	1.27663	1.28204	1.18819	1.00127	0.753468	0.487396	0.234239	0.0123223	-0.144404	-0.207196	-0.191967	-0.141238	-0.0626729	0.01333	0.0802694	0.140794	0.195778	0.243705	0.285945	0.33914	0.38572	0.3974	0.379138	0.353584	0.328082	0.282365	0.211043	0.106366	-0.0500235	-0.244058	-0.455995	-0.631884	-0.751887	-0.810962	-0.819535	-0.799066	-0.751097	-0.684021	-0.60917	-0.536062	-0.458033	-0.394414	-0.347428	-0.347428	
