-0.505965	-0.505965	-0.471667	-0.417884	-0.372315	-0.367186	-0.402984	-0.451729	-0.478848	-0.477873	-0.453456	-0.432014	-0.455144	-0.541857	-0.670681	-0.799961	-0.918547	-1.02139	-1.11587	-1.17351	-1.15022	-1.01012	-0.750658	-0.370524	0.135888	0.728361	1.33692	1.88353	2.31598	2.59423	2.69149	2.61493	2.406	2.10661	1.74824	1.36971	1.01982	0.716316	0.472038	0.282227	0.155133	0.0978196	0.0853876	0.079366	0.0934074	0.139266	0.208974	0.270029	0.293788	0.26712	
-0.505965	-0.505965	-0.471667	-0.417884	-0.372315	-0.367186	-0.402984	-0.451729	-0.478848	-0.477873	-0.453456	-0.432014	-0.455144	-0.541857	-0.670681	-0.799961	-0.918547	-1.02139	-1.11587	-1.17351	-1.15022	-1.01012	-0.750658	-0.370524	0.135888	0.728361	1.33692	1.88353	2.31598	2.59423	2.69149	2.61493	2.406	2.10661	1.74824	1.36971	1.01982	0.716316	0.472038	0.282227	0.155133	0.0978196	0.0853876	0.079366	0.0934074	0.139266	0.208974	0.270029	0.293788	0.26712	
-0.471667	-0.471667	-0.446494	-0.403771	-0.36369	-0.355122	-0.385008	-0.43224	-0.467179	-0.478199	-0.463539	-0.443862	-0.460373	-0.53669	-0.654362	-0.775356	-0.886935	-0.986439	-1.08124	-1.14385	-1.12763	-0.993018	-0.734988	-0.355304	0.145401	0.722071	1.30646	1.82839	2.24368	2.51865	2.62552	2.56671	2.37809	2.09734	1.75642	1.39445	1.05824	0.765563	0.524415	0.331016	0.193976	0.12321	0.0968952	0.0796379	0.0810425	0.113785	0.166809	0.211528	0.222823	0.191842	
-0.417884	-0.417884	-0.403771	-0.376061	-0.344862	-0.336737	-0.362328	-0.411592	-0.457283	-0.48547	-0.484588	-0.468455	-0.475808	-0.532144	-0.627669	-0.727926	-0.825908	-0.918317	-1.01264	-1.07811	-1.06567	-0.93408	-0.679406	-0.307483	0.173414	0.717603	1.26125	1.74317	2.12991	2.39221	2.50595	2.47033	2.31453	2.07258	1.77024	1.44242	1.13299	0.853934	0.615866	0.413522	0.259665	0.166793	0.117186	0.0757289	0.0540542	0.0580813	0.0826875	0.100896	0.095031	0.0600428	
-0.372315	-0.372315	-0.36369	-0.344862	-0.324956	-0.325149	-0.359006	-0.415199	-0.471987	-0.511062	-0.520265	-0.506725	-0.502894	-0.535286	-0.597306	-0.668695	-0.744854	-0.827732	-0.916193	-0.976304	-0.957429	-0.824026	-0.576815	-0.22688	0.217806	0.716008	1.21162	1.65121	2.00315	2.24468	2.35482	2.33601	2.21691	2.02333	1.7741	1.49378	1.21444	0.951089	0.709749	0.494863	0.321161	0.203597	0.125744	0.0572228	0.000844253	-0.0297454	-0.0428468	-0.054524	-0.0774721	-0.111361	
-0.367186	-0.367186	-0.355122	-0.336737	-0.325149	-0.342738	-0.393652	-0.464	-0.526185	-0.566304	-0.573056	-0.553821	-0.536006	-0.541034	-0.570012	-0.607808	-0.659203	-0.723027	-0.79536	-0.838265	-0.806521	-0.671545	-0.440072	-0.121855	0.275916	0.721206	1.16489	1.55738	1.87155	2.08508	2.18502	2.17768	2.08909	1.94308	1.74755	1.51566	1.27183	1.02165	0.778209	0.546842	0.349796	0.204195	0.0973161	-0.00218198	-0.0878546	-0.154697	-0.200042	-0.238798	-0.276202	-0.309914	
-0.402984	-0.402984	-0.385008	-0.362328	-0.359006	-0.393652	-0.467032	-0.551352	-0.618152	-0.648684	-0.639471	-0.600564	-0.55896	-0.53758	-0.535475	-0.544435	-0.563332	-0.596405	-0.636904	-0.65654	-0.615057	-0.490493	-0.284622	-0.00571424	0.34203	0.729352	1.11231	1.45018	1.7183	1.90233	1.9917	1.99283	1.93015	1.81999	1.66751	1.47929	1.26669	1.03859	0.798771	0.56078	0.346306	0.174035	0.0341267	-0.0951549	-0.214675	-0.308285	-0.378719	-0.432587	-0.476615	-0.507109	
-0.451729	-0.451729	-0.43224	-0.411592	-0.415199	-0.464	-0.551352	-0.64849	-0.717027	-0.736604	-0.703188	-0.634873	-0.564827	-0.516999	-0.491903	-0.473019	-0.457056	-0.447414	-0.449217	-0.443757	-0.401035	-0.295081	-0.122419	0.116319	0.412021	0.737138	1.05235	1.32445	1.53912	1.68619	1.76011	1.76671	1.72169	1.63946	1.51986	1.36527	1.18605	0.984028	0.766539	0.540313	0.324587	0.133873	-0.037313	-0.203238	-0.352642	-0.472358	-0.555143	-0.613648	-0.657014	-0.685095	
-0.478848	-0.478848	-0.467179	-0.457283	-0.471987	-0.526185	-0.618152	-0.717027	-0.785768	-0.794055	-0.739424	-0.644177	-0.547365	-0.475995	-0.426161	-0.380292	-0.327543	-0.280452	-0.24847	-0.227537	-0.188022	-0.106626	0.0309866	0.224422	0.464918	0.726243	0.973235	1.18173	1.34005	1.44531	1.49686	1.4992	1.46543	1.40091	1.30452	1.17832	1.02752	0.862054	0.680326	0.487914	0.292554	0.100775	-0.0909757	-0.282608	-0.461186	-0.600445	-0.697726	-0.761344	-0.805992	-0.832889	
-0.477873	-0.477873	-0.478199	-0.48547	-0.511062	-0.566304	-0.648684	-0.736604	-0.794055	-0.791382	-0.723418	-0.614115	-0.499601	-0.403547	-0.323678	-0.245758	-0.164405	-0.0933782	-0.0466163	-0.0188498	0.0116892	0.0700156	0.168105	0.312089	0.492513	0.689937	0.874554	1.0252	1.13194	1.19514	1.21791	1.20929	1.17567	1.12229	1.0464	0.949293	0.83615	0.712522	0.575751	0.42366	0.257418	0.0786871	-0.114139	-0.313365	-0.50121	-0.656161	-0.768435	-0.846004	-0.899408	-0.926356	
-0.453456	-0.453456	-0.463539	-0.484588	-0.520265	-0.573056	-0.639471	-0.703188	-0.739424	-0.723418	-0.652191	-0.542409	-0.419118	-0.297736	-0.182476	-0.0739203	0.0268146	0.103354	0.151683	0.17355	0.191972	0.220731	0.276866	0.366661	0.485657	0.620705	0.746894	0.847436	0.91118	0.937617	0.933531	0.90609	0.865223	0.815944	0.761607	0.70315	0.636878	0.564707	0.474809	0.363672	0.230332	0.0741207	-0.10323	-0.289904	-0.473616	-0.633	-0.759891	-0.850676	-0.910545	-0.935144	
-0.432014	-0.432014	-0.443862	-0.468455	-0.506725	-0.553821	-0.600564	-0.634873	-0.644177	-0.614115	-0.542409	-0.438013	-0.309956	-0.168394	-0.0250689	0.10339	0.210018	0.283489	0.322793	0.333566	0.329463	0.32554	0.336952	0.375916	0.437453	0.514536	0.588207	0.646904	0.6754	0.672881	0.641351	0.593836	0.540218	0.493757	0.461895	0.444823	0.429503	0.41105	0.371602	0.30645	0.212281	0.0887148	-0.063546	-0.227059	-0.393798	-0.547562	-0.675772	-0.770196	-0.832	-0.853728	
-0.455144	-0.455144	-0.460373	-0.475808	-0.502894	-0.536006	-0.55896	-0.564827	-0.547365	-0.499601	-0.419118	-0.309956	-0.175931	-0.0220768	0.131979	0.263988	0.366523	0.430341	0.458215	0.448766	0.41773	0.3759	0.345043	0.336752	0.347293	0.374753	0.406689	0.432702	0.435071	0.406269	0.352471	0.287115	0.225865	0.182295	0.169528	0.185536	0.214605	0.246841	0.261861	0.250031	0.205067	0.121244	0.00306405	-0.130025	-0.269231	-0.402913	-0.520364	-0.608661	-0.669514	-0.698089	
-0.541857	-0.541857	-0.53669	-0.532144	-0.535286	-0.541034	-0.53758	-0.516999	-0.475995	-0.403547	-0.297736	-0.168394	-0.0220768	0.13461	0.285483	0.407911	0.49775	0.547885	0.557459	0.525532	0.463895	0.386422	0.314392	0.261959	0.226918	0.21365	0.212122	0.213901	0.19358	0.14743	0.080318	0.0110198	-0.0490331	-0.0858043	-0.0848545	-0.0425443	0.0211713	0.0981484	0.161705	0.201048	0.205197	0.168912	0.0939245	0.00596885	-0.0928942	-0.196593	-0.295432	-0.375228	-0.437946	-0.476596	
-0.670681	-0.670681	-0.654362	-0.627669	-0.597306	-0.570012	-0.535475	-0.491903	-0.426161	-0.323678	-0.182476	-0.0250689	0.131979	0.285483	0.422551	0.525435	0.590991	0.614913	0.598304	0.538986	0.449253	0.340486	0.235239	0.148991	0.081363	0.0382844	0.0127925	-0.00498316	-0.0373256	-0.0891284	-0.153569	-0.216231	-0.268598	-0.298579	-0.283692	-0.220603	-0.12703	-0.0185055	0.0809226	0.159965	0.210868	0.225552	0.205574	0.169947	0.118732	0.0495316	-0.0283623	-0.0967223	-0.158358	-0.208517	
-0.799961	-0.799961	-0.775356	-0.727926	-0.668695	-0.607808	-0.544435	-0.473019	-0.380292	-0.245758	-0.0739203	0.10339	0.263988	0.407911	0.525435	0.597618	0.62327	0.605473	0.55023	0.456939	0.33714	0.202438	0.0774963	-0.0234136	-0.104428	-0.160953	-0.199133	-0.221678	-0.250631	-0.28988	-0.33826	-0.385086	-0.424443	-0.442831	-0.417006	-0.339991	-0.235653	-0.114686	0.00296791	0.113607	0.210234	0.281378	0.318587	0.339252	0.336989	0.305522	0.252766	0.196035	0.131745	0.0648217	
-0.918547	-0.918547	-0.886935	-0.825908	-0.744854	-0.659203	-0.563332	-0.457056	-0.327543	-0.164405	0.0268146	0.210018	0.366523	0.49775	0.590991	0.62327	0.596067	0.524374	0.418761	0.282567	0.127843	-0.0270383	-0.157203	-0.253033	-0.325631	-0.375099	-0.403181	-0.411588	-0.422464	-0.441207	-0.468879	-0.492606	-0.509286	-0.511069	-0.476324	-0.401912	-0.303005	-0.18508	-0.0557284	0.0836195	0.22201	0.340061	0.425091	0.491375	0.535175	0.542208	0.514449	0.466666	0.393332	0.304571	
-1.02139	-1.02139	-0.986439	-0.918317	-0.827732	-0.723027	-0.596405	-0.447414	-0.280452	-0.0933782	0.103354	0.283489	0.430341	0.547885	0.614913	0.605473	0.524374	0.395714	0.237142	0.0540324	-0.133494	-0.30364	-0.431322	-0.512223	-0.561677	-0.581271	-0.576719	-0.556764	-0.545538	-0.547004	-0.551407	-0.545491	-0.531247	-0.512823	-0.476177	-0.411568	-0.3255	-0.212703	-0.0745409	0.0845915	0.249916	0.397798	0.514739	0.616302	0.695829	0.730892	0.716884	0.667098	0.584427	0.48073	
-1.11587	-1.11587	-1.08124	-1.01264	-0.916193	-0.79536	-0.636904	-0.449217	-0.24847	-0.0466163	0.151683	0.322793	0.458215	0.557459	0.598304	0.55023	0.418761	0.237142	0.0273685	-0.194481	-0.40693	-0.585135	-0.706528	-0.766875	-0.77739	-0.746638	-0.69199	-0.634109	-0.600597	-0.582421	-0.565431	-0.533179	-0.497653	-0.470732	-0.437734	-0.383402	-0.304835	-0.195531	-0.0561561	0.108208	0.281357	0.442737	0.578341	0.699893	0.797647	0.841048	0.825474	0.772158	0.688819	0.591847	
-1.17351	-1.17351	-1.14385	-1.07811	-0.976304	-0.838265	-0.65654	-0.443757	-0.227537	-0.0188498	0.17355	0.333566	0.448766	0.525532	0.538986	0.456939	0.282567	0.0540324	-0.194481	-0.442333	-0.666282	-0.843807	-0.953108	-0.983694	-0.946952	-0.859306	-0.749427	-0.649097	-0.579569	-0.534391	-0.494735	-0.450848	-0.413664	-0.392871	-0.371108	-0.328604	-0.261097	-0.165546	-0.0396736	0.111701	0.279024	0.442321	0.587398	0.718991	0.822479	0.866761	0.850377	0.799087	0.730546	0.649189	
-1.15022	-1.15022	-1.12763	-1.06567	-0.957429	-0.806521	-0.615057	-0.401035	-0.188022	0.0116892	0.191972	0.329463	0.41773	0.463895	0.449253	0.33714	0.127843	-0.133494	-0.40693	-0.666282	-0.889472	-1.05407	-1.13605	-1.12989	-1.0478	-0.912812	-0.754595	-0.603736	-0.488625	-0.407453	-0.351727	-0.309321	-0.285256	-0.282867	-0.282503	-0.263257	-0.219579	-0.14897	-0.048372	0.0812408	0.231841	0.387777	0.532784	0.666259	0.773595	0.822788	0.81543	0.781709	0.734694	0.676001	
-1.01012	-1.01012	-0.993018	-0.93408	-0.824026	-0.671545	-0.490493	-0.295081	-0.106626	0.0700156	0.220731	0.32554	0.3759	0.386422	0.340486	0.202438	-0.0270383	-0.30364	-0.585135	-0.843807	-1.05407	-1.18787	-1.23175	-1.18792	-1.0751	-0.909493	-0.711036	-0.515037	-0.354613	-0.243742	-0.174932	-0.136424	-0.128752	-0.151056	-0.183656	-0.200162	-0.190062	-0.151528	-0.0811708	0.0190518	0.146313	0.286801	0.425918	0.559229	0.668683	0.727032	0.736929	0.724584	0.70729	0.673455	
-0.750658	-0.750658	-0.734988	-0.679406	-0.576815	-0.440072	-0.284622	-0.122419	0.0309866	0.168105	0.276866	0.336952	0.345043	0.314392	0.235239	0.0774963	-0.157203	-0.431322	-0.706528	-0.953108	-1.13605	-1.23175	-1.23681	-1.16802	-1.03743	-0.851431	-0.624927	-0.396787	-0.207221	-0.073112	0.00985625	0.0483083	0.0410518	-0.00965432	-0.0790945	-0.135094	-0.162258	-0.16	-0.126897	-0.0612429	0.0382141	0.162098	0.295428	0.426178	0.536882	0.60351	0.629664	0.64254	0.652149	0.644767	
-0.370524	-0.370524	-0.355304	-0.307483	-0.22688	-0.121855	-0.00571424	0.116319	0.224422	0.312089	0.366661	0.375916	0.336752	0.261959	0.148991	-0.0234136	-0.253033	-0.512223	-0.766875	-0.983694	-1.12989	-1.18792	-1.16802	-1.08402	-0.941207	-0.740373	-0.49869	-0.257485	-0.052034	0.0988335	0.193237	0.229231	0.203877	0.127273	0.0254805	-0.0647849	-0.128366	-0.164195	-0.170413	-0.140937	-0.0686924	0.0385024	0.163436	0.291549	0.402917	0.480632	0.528917	0.565178	0.600241	0.614979	
0.135888	0.135888	0.145401	0.173414	0.217806	0.275916	0.34203	0.412021	0.464918	0.492513	0.485657	0.437453	0.347293	0.226918	0.081363	-0.104428	-0.325631	-0.561677	-0.77739	-0.946952	-1.0478	-1.0751	-1.03743	-0.941207	-0.786896	-0.578698	-0.335463	-0.0933468	0.117596	0.273815	0.366466	0.388969	0.343943	0.245253	0.119928	0.00201098	-0.0917991	-0.15849	-0.197668	-0.198738	-0.15276	-0.0660084	0.0478447	0.173022	0.291007	0.389771	0.464761	0.52738	0.581888	0.61123	
0.728361	0.728361	0.722071	0.717603	0.716008	0.721206	0.729352	0.737138	0.726243	0.689937	0.620705	0.514536	0.374753	0.21365	0.0382844	-0.160953	-0.375099	-0.581271	-0.746638	-0.859306	-0.912812	-0.909493	-0.851431	-0.740373	-0.578698	-0.370463	-0.132041	0.10552	0.310777	0.454946	0.530035	0.5314	0.465026	0.347469	0.202319	0.0645887	-0.0478148	-0.13073	-0.186571	-0.207648	-0.184812	-0.12101	-0.0241824	0.0957882	0.222181	0.341747	0.445507	0.532768	0.605893	0.64983	
1.33692	1.33692	1.30646	1.26125	1.21162	1.16489	1.11231	1.05235	0.973235	0.874554	0.746894	0.588207	0.406689	0.212122	0.0127925	-0.199133	-0.403181	-0.576719	-0.69199	-0.749427	-0.754595	-0.711036	-0.624927	-0.49869	-0.335463	-0.132041	0.0974445	0.320689	0.502369	0.619895	0.669673	0.651354	0.56937	0.439545	0.284374	0.13774	0.0175093	-0.0673214	-0.129158	-0.162581	-0.161595	-0.124565	-0.0493313	0.0626479	0.190963	0.326142	0.450732	0.559393	0.651205	0.711332	
1.88353	1.88353	1.82839	1.74317	1.65121	1.55738	1.45018	1.32445	1.18173	1.0252	0.847436	0.646904	0.432702	0.213901	-0.00498316	-0.221678	-0.411588	-0.556764	-0.634109	-0.649097	-0.603736	-0.515037	-0.396787	-0.257485	-0.0933468	0.10552	0.320689	0.516576	0.66467	0.749517	0.777638	0.745934	0.659092	0.528712	0.373837	0.224169	0.103327	0.0200592	-0.0416268	-0.0844409	-0.102353	-0.0879287	-0.0305089	0.069196	0.191357	0.324026	0.454184	0.576726	0.685877	0.766037	
2.31598	2.31598	2.24368	2.12991	2.00315	1.87155	1.7183	1.53912	1.34005	1.13194	0.91118	0.6754	0.435071	0.19358	-0.0373256	-0.250631	-0.422464	-0.545538	-0.600597	-0.579569	-0.488625	-0.354613	-0.207221	-0.052034	0.117596	0.310777	0.502369	0.66467	0.774415	0.830723	0.839504	0.804784	0.725524	0.606882	0.460784	0.316987	0.197362	0.115925	0.0478659	-0.00784698	-0.0416508	-0.0411116	0.00346636	0.0922399	0.197846	0.31619	0.442732	0.572265	0.695845	0.797115	
2.59423	2.59423	2.51865	2.39221	2.24468	2.08508	1.90233	1.68619	1.44531	1.19514	0.937617	0.672881	0.406269	0.14743	-0.0891284	-0.28988	-0.441207	-0.547004	-0.582421	-0.534391	-0.407453	-0.243742	-0.073112	0.0988335	0.273815	0.454946	0.619895	0.749517	0.830723	0.863488	0.863105	0.832883	0.768184	0.665001	0.535861	0.403514	0.288157	0.199411	0.118007	0.0486235	0.00563505	-5.41382e-05	0.0371521	0.111052	0.197739	0.298636	0.416741	0.550968	0.685963	0.803843	
2.69149	2.69149	2.62552	2.50595	2.35482	2.18502	1.9917	1.76011	1.49686	1.21791	0.933531	0.641351	0.352471	0.080318	-0.153569	-0.33826	-0.468879	-0.551407	-0.565431	-0.494735	-0.351727	-0.174932	0.00985625	0.193237	0.366466	0.530035	0.669673	0.777638	0.839504	0.863105	0.861043	0.838368	0.785412	0.699667	0.59335	0.478645	0.365092	0.266049	0.171602	0.0910726	0.0403159	0.0270754	0.0512763	0.108985	0.178654	0.263698	0.377072	0.516157	0.661309	0.798549	
2.61493	2.61493	2.56671	2.47033	2.33601	2.17768	1.99283	1.76671	1.4992	1.20929	0.90609	0.593836	0.287115	0.0110198	-0.216231	-0.385086	-0.492606	-0.545491	-0.533179	-0.450848	-0.309321	-0.136424	0.0483083	0.229231	0.388969	0.5314	0.651354	0.745934	0.804784	0.832883	0.838368	0.823277	0.78249	0.716988	0.633772	0.533548	0.421469	0.314988	0.209761	0.116753	0.0541239	0.0296541	0.0412212	0.0847634	0.140864	0.215596	0.327008	0.473814	0.634121	0.787139	
2.406	2.406	2.37809	2.31453	2.21691	2.08909	1.93015	1.72169	1.46543	1.17567	0.865223	0.540218	0.225865	-0.0490331	-0.268598	-0.424443	-0.509286	-0.531247	-0.497653	-0.413664	-0.285256	-0.128752	0.0410518	0.203877	0.343943	0.465026	0.56937	0.659092	0.725524	0.768184	0.785412	0.78249	0.758863	0.710996	0.644705	0.55623	0.451176	0.339634	0.221881	0.114657	0.0421611	0.0100496	0.0103075	0.0383432	0.0822425	0.149866	0.263305	0.421784	0.59423	0.761715	
2.10661	2.10661	2.09734	2.07258	2.02333	1.94308	1.81999	1.63946	1.40091	1.12229	0.815944	0.493757	0.182295	-0.0858043	-0.298579	-0.442831	-0.511069	-0.512823	-0.470732	-0.392871	-0.282867	-0.151056	-0.00965432	0.127273	0.245253	0.347469	0.439545	0.528712	0.606882	0.665001	0.699667	0.716988	0.710996	0.676921	0.622681	0.550442	0.452673	0.331572	0.201971	0.0880627	0.014165	-0.0239613	-0.0380914	-0.0261391	0.0100494	0.0743294	0.189774	0.348458	0.526138	0.699107	
1.74824	1.74824	1.75642	1.77024	1.7741	1.74755	1.66751	1.51986	1.30452	1.0464	0.761607	0.461895	0.169528	-0.0848545	-0.283692	-0.417006	-0.476324	-0.476177	-0.437734	-0.371108	-0.282503	-0.183656	-0.0790945	0.0254805	0.119928	0.202319	0.284374	0.373837	0.460784	0.535861	0.59335	0.633772	0.644705	0.622681	0.584846	0.5256	0.427121	0.299112	0.168422	0.0611894	-0.0127052	-0.0604671	-0.0883919	-0.0860044	-0.0548087	0.00612053	0.107767	0.254739	0.426948	0.603241	
1.36971	1.36971	1.39445	1.44242	1.49378	1.51566	1.47929	1.36527	1.17832	0.949293	0.70315	0.444823	0.185536	-0.0425443	-0.220603	-0.339991	-0.401912	-0.411568	-0.383402	-0.328604	-0.263257	-0.200162	-0.135094	-0.0647849	0.00201098	0.0645887	0.13774	0.224169	0.316987	0.403514	0.478645	0.533548	0.55623	0.550442	0.5256	0.472077	0.380793	0.264317	0.153903	0.0557753	-0.0214909	-0.0801015	-0.119384	-0.128612	-0.10382	-0.0572793	0.0293519	0.163418	0.330891	0.505081	
1.01982	1.01982	1.05824	1.13299	1.21444	1.27183	1.26669	1.18605	1.02752	0.83615	0.636878	0.429503	0.214605	0.0211713	-0.12703	-0.235653	-0.303005	-0.3255	-0.304835	-0.261097	-0.219579	-0.190062	-0.162258	-0.128366	-0.0917991	-0.0478148	0.0175093	0.103327	0.197362	0.288157	0.365092	0.421469	0.451176	0.452673	0.427121	0.380793	0.310671	0.229716	0.143423	0.0596192	-0.0122724	-0.0739012	-0.124599	-0.145509	-0.135811	-0.0982053	-0.023725	0.0971953	0.251628	0.411965	
0.716316	0.716316	0.765563	0.853934	0.951089	1.02165	1.03859	0.984028	0.862054	0.712522	0.564707	0.41105	0.246841	0.0981484	-0.0185055	-0.114686	-0.18508	-0.212703	-0.195531	-0.165546	-0.14897	-0.151528	-0.16	-0.164195	-0.15849	-0.13073	-0.0673214	0.0200592	0.115925	0.199411	0.266049	0.314988	0.339634	0.331572	0.299112	0.264317	0.229716	0.182289	0.125301	0.0686717	0.0134244	-0.0479488	-0.10728	-0.139946	-0.134682	-0.100369	-0.0361367	0.0652593	0.192257	0.327906	
0.472038	0.472038	0.524415	0.615866	0.709749	0.778209	0.798771	0.766539	0.680326	0.575751	0.474809	0.371602	0.261861	0.161705	0.0809226	0.00296791	-0.0557284	-0.0745409	-0.0561561	-0.0396736	-0.048372	-0.0811708	-0.126897	-0.170413	-0.197668	-0.186571	-0.129158	-0.0416268	0.0478659	0.118007	0.171602	0.209761	0.221881	0.201971	0.168422	0.153903	0.143423	0.125301	0.100752	0.0738516	0.0341493	-0.024818	-0.0835631	-0.111671	-0.10592	-0.0737743	-0.0241408	0.046743	0.141585	0.245417	
0.282227	0.282227	0.331016	0.413522	0.494863	0.546842	0.56078	0.540313	0.487914	0.42366	0.363672	0.30645	0.250031	0.201048	0.159965	0.113607	0.0836195	0.0845915	0.108208	0.111701	0.0812408	0.0190518	-0.0612429	-0.140937	-0.198738	-0.207648	-0.162581	-0.0844409	-0.00784698	0.0486235	0.0910726	0.116753	0.114657	0.0880627	0.0611894	0.0557753	0.0596192	0.0686717	0.0738516	0.0712465	0.0471813	0.00593777	-0.036445	-0.0599313	-0.0584501	-0.036793	-0.0114661	0.0286615	0.0863188	0.151062	
0.155133	0.155133	0.193976	0.259665	0.321161	0.349796	0.346306	0.324587	0.292554	0.257418	0.230332	0.212281	0.205067	0.205197	0.210868	0.210234	0.22201	0.249916	0.281357	0.279024	0.231841	0.146313	0.0382141	-0.0686924	-0.15276	-0.184812	-0.161595	-0.102353	-0.0416508	0.00563505	0.0403159	0.0541239	0.0421611	0.014165	-0.0127052	-0.0214909	-0.0122724	0.0134244	0.0341493	0.0471813	0.0517714	0.0436369	0.0211379	0.00542997	0.00406614	0.0127616	0.014802	0.0183893	0.0291942	0.0501142	
0.0978196	0.0978196	0.12321	0.166793	0.203597	0.204195	0.174035	0.133873	0.100775	0.0786871	0.0741207	0.0887148	0.121244	0.168912	0.225552	0.281378	0.340061	0.397798	0.442737	0.442321	0.387777	0.286801	0.162098	0.0385024	-0.0660084	-0.12101	-0.124565	-0.0879287	-0.0411116	-5.41382e-05	0.0270754	0.0296541	0.0100496	-0.0239613	-0.0604671	-0.0801015	-0.0739012	-0.0479488	-0.024818	0.00593777	0.0436369	0.0649705	0.0648495	0.0642238	0.06903	0.068479	0.0491514	0.0171633	-0.0134048	-0.0321483	
0.0853876	0.0853876	0.0968952	0.117186	0.125744	0.0973161	0.0341267	-0.037313	-0.0909757	-0.114139	-0.10323	-0.063546	0.00306405	0.0939245	0.205574	0.318587	0.425091	0.514739	0.578341	0.587398	0.532784	0.425918	0.295428	0.163436	0.0478447	-0.0241824	-0.0493313	-0.0305089	0.00346636	0.0371521	0.0512763	0.0412212	0.0103075	-0.0380914	-0.0883919	-0.119384	-0.124599	-0.10728	-0.0835631	-0.036445	0.0211379	0.0648495	0.087764	0.106732	0.112872	0.101395	0.0621506	0.00503717	-0.0550649	-0.102779	
0.079366	0.079366	0.0796379	0.0757289	0.0572228	-0.00218198	-0.0951549	-0.203238	-0.282608	-0.313365	-0.289904	-0.227059	-0.130025	0.00596885	0.169947	0.339252	0.491375	0.616302	0.699893	0.718991	0.666259	0.559229	0.426178	0.291549	0.173022	0.0957882	0.0626479	0.069196	0.0922399	0.111052	0.108985	0.0847634	0.0383432	-0.0261391	-0.0860044	-0.128612	-0.145509	-0.139946	-0.111671	-0.0599313	0.00542997	0.0642238	0.106732	0.129932	0.129683	0.0989945	0.0404227	-0.0356374	-0.11485	-0.190189	
0.0934074	0.0934074	0.0810425	0.0540542	0.000844253	-0.0878546	-0.214675	-0.352642	-0.461186	-0.50121	-0.473616	-0.393798	-0.269231	-0.0928942	0.118732	0.336989	0.535175	0.695829	0.797647	0.822479	0.773595	0.668683	0.536882	0.402917	0.291007	0.222181	0.190963	0.191357	0.197846	0.197739	0.178654	0.140864	0.0822425	0.0100494	-0.0548087	-0.10382	-0.135811	-0.134682	-0.10592	-0.0584501	0.00406614	0.06903	0.112872	0.129683	0.111768	0.0564613	-0.0244503	-0.117928	-0.213878	-0.306626	
0.139266	0.139266	0.113785	0.0580813	-0.0297454	-0.154697	-0.308285	-0.472358	-0.600445	-0.656161	-0.633	-0.547562	-0.402913	-0.196593	0.0495316	0.305522	0.542208	0.730892	0.841048	0.866761	0.822788	0.727032	0.60351	0.480632	0.389771	0.341747	0.326142	0.324026	0.31619	0.298636	0.263698	0.215596	0.149866	0.0743294	0.00612053	-0.0572793	-0.0982053	-0.100369	-0.0737743	-0.036793	0.0127616	0.068479	0.101395	0.0989945	0.0564613	-0.0290156	-0.133749	-0.238834	-0.346209	-0.441434	
0.208974	0.208974	0.166809	0.0826875	-0.0428468	-0.200042	-0.378719	-0.555143	-0.697726	-0.768435	-0.759891	-0.675772	-0.520364	-0.295432	-0.0283623	0.252766	0.514449	0.716884	0.825474	0.850377	0.81543	0.736929	0.629664	0.528917	0.464761	0.445507	0.450732	0.454184	0.442732	0.416741	0.377072	0.327008	0.263305	0.189774	0.107767	0.0293519	-0.023725	-0.0361367	-0.0241408	-0.0114661	0.014802	0.0491514	0.0621506	0.0404227	-0.0244503	-0.133749	-0.255004	-0.374026	-0.485672	-0.580674	
0.270029	0.270029	0.211528	0.100896	-0.054524	-0.238798	-0.432587	-0.613648	-0.761344	-0.846004	-0.850676	-0.770196	-0.608661	-0.375228	-0.0967223	0.196035	0.466666	0.667098	0.772158	0.799087	0.781709	0.724584	0.64254	0.565178	0.52738	0.532768	0.559393	0.576726	0.572265	0.550968	0.516157	0.473814	0.421784	0.348458	0.254739	0.163418	0.0971953	0.0652593	0.046743	0.0286615	0.0183893	0.0171633	0.00503717	-0.0356374	-0.117928	-0.238834	-0.374026	-0.496591	-0.608702	-0.702768	
0.293788	0.293788	0.222823	0.095031	-0.0774721	-0.276202	-0.476615	-0.657014	-0.805992	-0.899408	-0.910545	-0.832	-0.669514	-0.437946	-0.158358	0.131745	0.393332	0.584427	0.688819	0.730546	0.734694	0.70729	0.652149	0.600241	0.581888	0.605893	0.651205	0.685877	0.695845	0.685963	0.661309	0.634121	0.59423	0.526138	0.426948	0.330891	0.251628	0.192257	0.141585	0.0863188	0.0291942	-0.0134048	-0.0550649	-0.11485	-0.213878	-0.346209	-0.485672	-0.608702	-0.71743	-0.803484	
0.26712	0.26712	0.191842	0.0600428	-0.111361	-0.309914	-0.507109	-0.685095	-0.832889	-0.926356	-0.935144	-0.853728	-0.698089	-0.476596	-0.208517	0.0648217	0.304571	0.48073	0.591847	0.649189	0.676001	0.673455	0.644767	0.614979	0.61123	0.64983	0.711332	0.766037	0.797115	0.803843	0.798549	0.787139	0.761715	0.699107	0.603241	0.505081	0.411965	0.327906	0.245417	0.151062	0.0501142	-0.0321483	-0.102779	-0.190189	-0.306626	-0.441434	-0.580674	-0.702768	-0.803484	-0.874549	
