-0.00469476	-0.00747226	-0.0125012	-0.0204878	-0.0252727	-0.027975	-0.0399976	-0.0848423	-0.160279	-0.235877	-0.308454	-0.35954	-0.392036	-0.393983	-0.400939	-0.424104	-0.458237	-0.512052	-0.591626	-0.680932	-0.760838	-0.831765	-0.884917	-0.911371	-0.918159	-0.899209	-0.853407	-0.771654	-0.646282	-0.496021	-0.328385	-0.168207	-0.023979	0.0802936	0.158241	0.230302	0.28449	0.312132	0.312135	0.318452	0.339661	0.367508	0.408834	0.466797	0.543144	0.62628	0.701198	0.758781	0.784421	0.784421	
-0.00747226	0.0204603	0.0351104	0.0429891	0.0532382	0.0656822	0.0651897	0.0358271	-0.0258525	-0.103906	-0.187606	-0.261005	-0.312976	-0.334223	-0.34862	-0.374196	-0.408421	-0.46078	-0.535233	-0.618086	-0.699385	-0.779331	-0.848955	-0.903163	-0.941887	-0.95463	-0.937295	-0.874872	-0.767495	-0.630428	-0.470431	-0.308734	-0.152741	-0.0251879	0.0751964	0.166112	0.238536	0.283815	0.304788	0.319723	0.339462	0.36896	0.419643	0.493806	0.580802	0.673892	0.762504	0.824888	0.852277	0.852277	
-0.0125012	0.0351104	0.0673226	0.0929535	0.119181	0.144055	0.1465	0.125407	0.0767453	0.00505478	-0.0774053	-0.162299	-0.235601	-0.282344	-0.309657	-0.329952	-0.352548	-0.382383	-0.429149	-0.490019	-0.564289	-0.6507	-0.737499	-0.824004	-0.899073	-0.947991	-0.958119	-0.92301	-0.840782	-0.726569	-0.59021	-0.43564	-0.274986	-0.128438	-0.00496451	0.098862	0.179756	0.239338	0.280337	0.310196	0.332069	0.361373	0.416292	0.49531	0.584786	0.677242	0.767337	0.825196	0.848246	0.848246	
-0.0204878	0.0429891	0.0929535	0.134263	0.172947	0.198525	0.199837	0.186851	0.150288	0.0868755	0.0112442	-0.078828	-0.166271	-0.231905	-0.261863	-0.271193	-0.273586	-0.271566	-0.286382	-0.321424	-0.381708	-0.464558	-0.561608	-0.67331	-0.778812	-0.862796	-0.906295	-0.903736	-0.859588	-0.780155	-0.67522	-0.53729	-0.381839	-0.224654	-0.0884084	0.0204885	0.104938	0.169391	0.229449	0.277189	0.30988	0.342506	0.394553	0.465905	0.545501	0.627015	0.70395	0.756417	0.775713	0.775713	
-0.0252727	0.0532382	0.119181	0.172947	0.215711	0.240692	0.245979	0.238016	0.205693	0.148793	0.0810415	-0.00769094	-0.0948758	-0.164994	-0.200087	-0.202837	-0.184895	-0.156179	-0.138576	-0.142981	-0.179469	-0.252349	-0.352901	-0.477595	-0.605248	-0.711991	-0.783257	-0.813632	-0.80972	-0.77243	-0.703105	-0.593398	-0.45744	-0.31085	-0.177203	-0.0671133	0.0162217	0.0854467	0.155662	0.216119	0.265037	0.302175	0.344772	0.400289	0.458983	0.517668	0.576088	0.620875	0.64612	0.64612	
-0.027975	0.0656822	0.144055	0.198525	0.240692	0.266729	0.281345	0.27977	0.252581	0.19966	0.134707	0.0513589	-0.0267243	-0.0935085	-0.134154	-0.136014	-0.108362	-0.0621159	-0.020198	0.00867921	0.00513998	-0.043779	-0.132931	-0.2495	-0.38461	-0.505319	-0.596844	-0.660665	-0.693524	-0.69437	-0.655169	-0.577151	-0.476387	-0.360016	-0.248386	-0.150412	-0.070659	-0.00375396	0.0644315	0.130044	0.189629	0.232261	0.264531	0.298755	0.331999	0.358779	0.387974	0.422244	0.451202	0.451202	
-0.0399976	0.0651897	0.1465	0.199837	0.245979	0.281345	0.307012	0.312317	0.28617	0.232997	0.161746	0.0848837	0.0242039	-0.0355603	-0.0776172	-0.0809494	-0.0527656	-0.00115671	0.0570356	0.118978	0.151741	0.1396	0.0876175	-0.00576967	-0.130463	-0.255693	-0.366133	-0.45809	-0.525731	-0.554313	-0.539129	-0.494834	-0.433498	-0.357527	-0.277719	-0.20134	-0.133106	-0.0750129	-0.022382	0.0346107	0.0907344	0.128987	0.150423	0.163132	0.173	0.167026	0.16046	0.174663	0.194954	0.194954	
-0.0848423	0.0358271	0.125407	0.186851	0.238016	0.27977	0.312317	0.323686	0.302596	0.24473	0.167588	0.098751	0.0430632	-0.00766699	-0.0458779	-0.0487741	-0.0228309	0.0295728	0.100903	0.185014	0.252633	0.284552	0.27961	0.225472	0.123635	0.00513977	-0.113209	-0.229334	-0.320499	-0.371345	-0.380185	-0.371833	-0.350589	-0.311013	-0.265473	-0.21034	-0.158346	-0.112692	-0.0770947	-0.0434626	-0.00655455	0.0121614	0.0129658	0.00831648	-0.00502688	-0.0392062	-0.0755169	-0.0943458	-0.0918162	-0.0918162	
-0.160279	-0.0258525	0.0767453	0.150288	0.205693	0.252581	0.28617	0.302596	0.285891	0.233551	0.163587	0.0951433	0.0386323	-0.0122331	-0.0463501	-0.0531714	-0.030454	0.0248915	0.108524	0.210601	0.306926	0.380368	0.422016	0.409517	0.343818	0.246487	0.12928	0.00453817	-0.101853	-0.169351	-0.206437	-0.230865	-0.243238	-0.233235	-0.213168	-0.183738	-0.148327	-0.11923	-0.101249	-0.090704	-0.0800798	-0.086209	-0.10639	-0.131168	-0.170755	-0.232431	-0.301831	-0.35416	-0.378817	-0.378817	
-0.235877	-0.103906	0.00505478	0.0868755	0.148793	0.19966	0.232997	0.24473	0.233551	0.19597	0.139315	0.075239	0.0193874	-0.0300789	-0.0712261	-0.0921815	-0.0799322	-0.0247432	0.0693235	0.1929	0.317004	0.426594	0.50549	0.530968	0.506065	0.43397	0.329694	0.211073	0.103375	0.0232522	-0.0377769	-0.0879496	-0.122141	-0.131148	-0.127543	-0.117379	-0.0993701	-0.0871377	-0.0910929	-0.101307	-0.119779	-0.151565	-0.194264	-0.245667	-0.31152	-0.401477	-0.492219	-0.56577	-0.607588	-0.607588	
-0.308454	-0.187606	-0.0774053	0.0112442	0.0810415	0.134707	0.161746	0.167588	0.163587	0.139315	0.0942826	0.0415706	-0.0114465	-0.069286	-0.128148	-0.166839	-0.165682	-0.113686	-0.00833077	0.134296	0.280954	0.412839	0.516165	0.577747	0.590914	0.54899	0.470318	0.374031	0.275255	0.191147	0.116506	0.0544892	0.0146438	-0.00272203	-0.00800186	-0.0100659	-0.010936	-0.0211971	-0.0487734	-0.0859381	-0.127795	-0.184829	-0.253709	-0.328028	-0.420065	-0.526045	-0.62246	-0.69713	-0.737964	-0.737964	
-0.35954	-0.261005	-0.162299	-0.078828	-0.00769094	0.0513589	0.0848837	0.098751	0.0951433	0.075239	0.0415706	-0.000161423	-0.0537252	-0.128387	-0.212417	-0.272514	-0.290977	-0.255987	-0.147892	0.00761539	0.168344	0.31754	0.4464	0.54382	0.593345	0.591845	0.555496	0.497341	0.423925	0.346398	0.271684	0.21015	0.166369	0.142022	0.126486	0.110229	0.0974306	0.0703884	0.0247592	-0.0299348	-0.0936316	-0.176461	-0.273487	-0.374807	-0.483406	-0.593134	-0.685648	-0.745639	-0.778373	-0.778373	
-0.392036	-0.312976	-0.235601	-0.166271	-0.0948758	-0.0267243	0.0242039	0.0430632	0.0386323	0.0193874	-0.0114465	-0.0537252	-0.123361	-0.221648	-0.32812	-0.406784	-0.44655	-0.4283	-0.326597	-0.173874	-0.01141	0.1536	0.30867	0.43985	0.523923	0.568299	0.580619	0.564907	0.525654	0.470042	0.417626	0.370197	0.337094	0.305187	0.275499	0.243631	0.214309	0.181115	0.124439	0.0595898	-0.0220224	-0.128354	-0.252266	-0.374895	-0.489942	-0.596148	-0.676908	-0.730567	-0.756346	-0.756346	
-0.393983	-0.334223	-0.282344	-0.231905	-0.164994	-0.0935085	-0.0355603	-0.00766699	-0.0122331	-0.0300789	-0.069286	-0.128387	-0.221648	-0.341388	-0.468049	-0.564702	-0.617197	-0.60791	-0.518096	-0.381214	-0.219951	-0.0415061	0.134722	0.289326	0.406532	0.49296	0.552027	0.579478	0.579341	0.560199	0.54053	0.520381	0.499656	0.470936	0.43079	0.388276	0.353386	0.314698	0.255426	0.175868	0.0714345	-0.0596992	-0.206212	-0.345134	-0.459152	-0.549899	-0.619135	-0.663852	-0.691144	-0.691144	
-0.400939	-0.34862	-0.309657	-0.261863	-0.200087	-0.134154	-0.0776172	-0.0458779	-0.0463501	-0.0712261	-0.128148	-0.212417	-0.32812	-0.468049	-0.612051	-0.717838	-0.768355	-0.761551	-0.690485	-0.570064	-0.410128	-0.225666	-0.0379067	0.131793	0.270039	0.387581	0.481076	0.54795	0.594265	0.621267	0.643402	0.654714	0.65292	0.629336	0.588656	0.540422	0.492163	0.443193	0.370465	0.271235	0.149523	0.00652076	-0.147054	-0.287454	-0.398916	-0.476598	-0.531677	-0.575985	-0.601843	-0.601843	
-0.424104	-0.374196	-0.329952	-0.271193	-0.202837	-0.136014	-0.0809494	-0.0487741	-0.0531714	-0.0921815	-0.166839	-0.272514	-0.406784	-0.564702	-0.717838	-0.824635	-0.876377	-0.878828	-0.825789	-0.715865	-0.557203	-0.372841	-0.181526	-0.00542626	0.145089	0.277796	0.398444	0.506584	0.601278	0.676862	0.738385	0.777159	0.786466	0.772568	0.735329	0.681678	0.615263	0.535374	0.435239	0.313005	0.179041	0.0409678	-0.100382	-0.232656	-0.334783	-0.403179	-0.450133	-0.484785	-0.506166	-0.506166	
-0.458237	-0.408421	-0.352548	-0.273586	-0.184895	-0.108362	-0.0527656	-0.0228309	-0.030454	-0.0799322	-0.165682	-0.290977	-0.44655	-0.617197	-0.768355	-0.876377	-0.937059	-0.948475	-0.905158	-0.799947	-0.648043	-0.468985	-0.277769	-0.10012	0.0579454	0.199869	0.34351	0.487418	0.620884	0.737893	0.830245	0.891099	0.910481	0.904621	0.870099	0.805679	0.708561	0.583116	0.442092	0.292661	0.150893	0.0215367	-0.101867	-0.215572	-0.303467	-0.365002	-0.404456	-0.428224	-0.43608	-0.43608	
-0.512052	-0.46078	-0.382383	-0.271566	-0.156179	-0.0621159	-0.00115671	0.0295728	0.0248915	-0.0247432	-0.113686	-0.255987	-0.4283	-0.60791	-0.761551	-0.878828	-0.948475	-0.956067	-0.910111	-0.806067	-0.660967	-0.491459	-0.30804	-0.13373	0.0264933	0.177649	0.335205	0.496636	0.650963	0.795245	0.910792	0.993301	1.02883	1.02507	0.981115	0.8916	0.750891	0.5747	0.391804	0.216114	0.0691477	-0.0551441	-0.162624	-0.250837	-0.320465	-0.374139	-0.411542	-0.429436	-0.426037	-0.426037	
-0.591626	-0.535233	-0.429149	-0.286382	-0.138576	-0.020198	0.0570356	0.100903	0.108524	0.0693235	-0.00833077	-0.147892	-0.326597	-0.518096	-0.690485	-0.825789	-0.905158	-0.910111	-0.858926	-0.753158	-0.609614	-0.443039	-0.269545	-0.0986549	0.0703719	0.231853	0.392117	0.552311	0.708461	0.852789	0.975664	1.0715	1.1122	1.10277	1.03233	0.905006	0.72644	0.50855	0.293598	0.100238	-0.0595419	-0.186259	-0.281616	-0.348441	-0.391661	-0.429566	-0.459988	-0.470062	-0.462683	-0.462683	
-0.680932	-0.618086	-0.490019	-0.321424	-0.142981	0.00867921	0.118978	0.185014	0.210601	0.1929	0.134296	0.00761539	-0.173874	-0.381214	-0.570064	-0.715865	-0.799947	-0.806067	-0.753158	-0.644714	-0.498381	-0.335237	-0.171851	-0.00242346	0.171591	0.334707	0.488906	0.637789	0.777533	0.905789	1.01743	1.10941	1.15098	1.1227	1.02205	0.862648	0.65058	0.408496	0.171409	-0.0395174	-0.211858	-0.342878	-0.429803	-0.479745	-0.503813	-0.525666	-0.543	-0.551477	-0.546296	-0.546296	
-0.760838	-0.699385	-0.564289	-0.381708	-0.179469	0.00513998	0.151741	0.252633	0.306926	0.317004	0.280954	0.168344	-0.01141	-0.219951	-0.410128	-0.557203	-0.648043	-0.660967	-0.609614	-0.498381	-0.346546	-0.181934	-0.0215785	0.141301	0.30261	0.454438	0.598638	0.736611	0.862636	0.966632	1.05341	1.12276	1.13911	1.08265	0.954007	0.77211	0.546571	0.294918	0.0478369	-0.176954	-0.360448	-0.494835	-0.578218	-0.622274	-0.640878	-0.647117	-0.648446	-0.650949	-0.648702	-0.648702	
-0.831765	-0.779331	-0.6507	-0.464558	-0.252349	-0.043779	0.1396	0.284552	0.380368	0.426594	0.412839	0.31754	0.1536	-0.0415061	-0.225666	-0.372841	-0.468985	-0.491459	-0.443039	-0.335237	-0.181934	-0.0111069	0.150556	0.300857	0.442008	0.578947	0.713643	0.843662	0.956281	1.03371	1.08667	1.11254	1.08326	0.990653	0.838313	0.646979	0.424255	0.178492	-0.0656157	-0.291395	-0.478222	-0.611251	-0.693107	-0.740879	-0.760028	-0.757688	-0.748563	-0.742603	-0.742735	-0.742735	
-0.884917	-0.848955	-0.737499	-0.561608	-0.352901	-0.132931	0.0876175	0.27961	0.422016	0.50549	0.516165	0.4464	0.30867	0.134722	-0.0379067	-0.181526	-0.277769	-0.30804	-0.269545	-0.171851	-0.0215785	0.150556	0.31125	0.452657	0.581091	0.704826	0.827037	0.940434	1.03229	1.08518	1.10183	1.07929	1.00359	0.872312	0.700495	0.508765	0.296579	0.0737896	-0.149391	-0.358731	-0.53608	-0.666857	-0.753995	-0.807209	-0.828665	-0.825673	-0.810828	-0.804327	-0.802049	-0.802049	
-0.911371	-0.903163	-0.824004	-0.67331	-0.477595	-0.2495	-0.00576967	0.225472	0.409517	0.530968	0.577747	0.54382	0.43985	0.289326	0.131793	-0.00542626	-0.10012	-0.13373	-0.0986549	-0.00242346	0.141301	0.300857	0.452657	0.588121	0.713428	0.827757	0.930314	1.01937	1.08329	1.10804	1.08815	1.02589	0.909701	0.750843	0.568188	0.379413	0.191536	0.00260073	-0.179281	-0.35638	-0.515932	-0.647068	-0.745541	-0.807704	-0.835697	-0.833217	-0.824355	-0.817774	-0.816025	-0.816025	
-0.918159	-0.941887	-0.899073	-0.778812	-0.605248	-0.38461	-0.130463	0.123635	0.343818	0.506065	0.590914	0.593345	0.523923	0.406532	0.270039	0.145089	0.0579454	0.0264933	0.0703719	0.171591	0.30261	0.442008	0.581091	0.713428	0.835456	0.934824	1.01133	1.0672	1.09742	1.08997	1.0413	0.952077	0.81717	0.650567	0.470521	0.292859	0.128962	-0.0191688	-0.155079	-0.289348	-0.421907	-0.54299	-0.647202	-0.72457	-0.767547	-0.780459	-0.785301	-0.788933	-0.792539	-0.792539	
-0.899209	-0.95463	-0.947991	-0.862796	-0.711991	-0.505319	-0.255693	0.00513977	0.246487	0.43397	0.54899	0.591845	0.568299	0.49296	0.387581	0.277796	0.199869	0.177649	0.231853	0.334707	0.454438	0.578947	0.704826	0.827757	0.934824	1.01035	1.05801	1.08173	1.07516	1.0385	0.965332	0.857366	0.722765	0.569861	0.41427	0.2618	0.127489	0.0191727	-0.0763976	-0.173057	-0.273437	-0.370864	-0.471367	-0.565462	-0.63522	-0.673039	-0.693467	-0.709925	-0.719632	-0.719632	
-0.853407	-0.937295	-0.958119	-0.906295	-0.783257	-0.596844	-0.366133	-0.113209	0.12928	0.329694	0.470318	0.555496	0.580619	0.552027	0.481076	0.398444	0.34351	0.335205	0.392117	0.488906	0.598638	0.713643	0.827037	0.930314	1.01133	1.05801	1.07522	1.06439	1.02425	0.960209	0.866049	0.751183	0.628366	0.509576	0.397085	0.282184	0.185396	0.109288	0.0409394	-0.0297002	-0.0986954	-0.165424	-0.250026	-0.3547	-0.451698	-0.514666	-0.555582	-0.580337	-0.596984	-0.596984	
-0.771654	-0.874872	-0.92301	-0.903736	-0.813632	-0.660665	-0.45809	-0.229334	0.00453817	0.211073	0.374031	0.497341	0.564907	0.579478	0.54795	0.506584	0.487418	0.496636	0.552311	0.637789	0.736611	0.843662	0.940434	1.01937	1.0672	1.08173	1.06439	1.0189	0.949519	0.862343	0.761491	0.650049	0.555383	0.477251	0.41375	0.34611	0.285597	0.239655	0.188048	0.136129	0.0892472	0.0461481	-0.0228537	-0.125655	-0.23702	-0.326043	-0.388346	-0.42996	-0.45129	-0.45129	
-0.646282	-0.767495	-0.840782	-0.859588	-0.80972	-0.693524	-0.525731	-0.320499	-0.101853	0.103375	0.275255	0.423925	0.525654	0.579341	0.594265	0.601278	0.620884	0.650963	0.708461	0.777533	0.862636	0.956281	1.03229	1.08329	1.09742	1.07516	1.02425	0.949519	0.857338	0.760786	0.666399	0.576402	0.512562	0.475588	0.454123	0.429261	0.406774	0.385931	0.355196	0.31931	0.280468	0.24068	0.179397	0.0866398	-0.0213406	-0.125785	-0.214632	-0.272988	-0.304296	-0.304296	
-0.496021	-0.630428	-0.726569	-0.780155	-0.77243	-0.69437	-0.554313	-0.371345	-0.169351	0.0232522	0.191147	0.346398	0.470042	0.560199	0.621267	0.676862	0.737893	0.795245	0.852789	0.905789	0.966632	1.03371	1.08518	1.10804	1.08997	1.0385	0.960209	0.862343	0.760786	0.668269	0.59234	0.532224	0.501161	0.493954	0.504438	0.510809	0.514477	0.519732	0.511752	0.491271	0.454805	0.406057	0.345179	0.269676	0.173459	0.0648286	-0.0404891	-0.12005	-0.160573	-0.160573	
-0.328385	-0.470431	-0.59021	-0.67522	-0.703105	-0.655169	-0.539129	-0.380185	-0.206437	-0.0377769	0.116506	0.271684	0.417626	0.54053	0.643402	0.738385	0.830245	0.910792	0.975664	1.01743	1.05341	1.08667	1.10183	1.08815	1.0413	0.965332	0.866049	0.761491	0.666399	0.59234	0.543839	0.512004	0.505404	0.521518	0.548596	0.573583	0.5981	0.621312	0.634431	0.626419	0.58875	0.533608	0.47281	0.407221	0.325042	0.224981	0.119373	0.0357818	-0.012129	-0.012129	
-0.168207	-0.308734	-0.43564	-0.53729	-0.593398	-0.577151	-0.494834	-0.371833	-0.230865	-0.0879496	0.0544892	0.21015	0.370197	0.520381	0.654714	0.777159	0.891099	0.993301	1.0715	1.10941	1.12276	1.11254	1.07929	1.02589	0.952077	0.857366	0.751183	0.650049	0.576402	0.532224	0.512004	0.510956	0.526528	0.55921	0.593036	0.625497	0.655162	0.682375	0.701639	0.697604	0.665682	0.615437	0.560146	0.500404	0.427512	0.342173	0.255225	0.181591	0.137274	0.137274	
-0.023979	-0.152741	-0.274986	-0.381839	-0.45744	-0.476387	-0.433498	-0.350589	-0.243238	-0.122141	0.0146438	0.166369	0.337094	0.499656	0.65292	0.786466	0.910481	1.02883	1.1122	1.15098	1.13911	1.08326	1.00359	0.909701	0.81717	0.722765	0.628366	0.555383	0.512562	0.501161	0.505404	0.526528	0.558686	0.596028	0.633156	0.664319	0.688916	0.707158	0.719991	0.715975	0.692236	0.651517	0.603013	0.548846	0.482476	0.415236	0.354428	0.302569	0.27238	0.27238	
0.0802936	-0.0251879	-0.128438	-0.224654	-0.31085	-0.360016	-0.357527	-0.311013	-0.233235	-0.131148	-0.00272203	0.142022	0.305187	0.470936	0.629336	0.772568	0.904621	1.02507	1.10277	1.1227	1.08265	0.990653	0.872312	0.750843	0.650567	0.569861	0.509576	0.477251	0.475588	0.493954	0.521518	0.55921	0.596028	0.636019	0.665063	0.685536	0.692176	0.686195	0.687048	0.681366	0.662032	0.631148	0.596013	0.555218	0.50908	0.465347	0.43109	0.409666	0.396576	0.396576	
0.158241	0.0751964	-0.00496451	-0.0884084	-0.177203	-0.248386	-0.277719	-0.265473	-0.213168	-0.127543	-0.00800186	0.126486	0.275499	0.43079	0.588656	0.735329	0.870099	0.981115	1.03233	1.02205	0.954007	0.838313	0.700495	0.568188	0.470521	0.41427	0.397085	0.41375	0.454123	0.504438	0.548596	0.593036	0.633156	0.665063	0.685165	0.689562	0.669393	0.642031	0.625669	0.609254	0.585776	0.557961	0.538144	0.524705	0.509964	0.499082	0.500588	0.506018	0.514178	0.514178	
0.230302	0.166112	0.098862	0.0204885	-0.0671133	-0.150412	-0.20134	-0.21034	-0.183738	-0.117379	-0.0100659	0.110229	0.243631	0.388276	0.540422	0.681678	0.805679	0.8916	0.905006	0.862648	0.77211	0.646979	0.508765	0.379413	0.292859	0.2618	0.282184	0.34611	0.429261	0.510809	0.573583	0.625497	0.664319	0.685536	0.689562	0.671102	0.632442	0.586712	0.551004	0.51739	0.481182	0.45768	0.45788	0.471184	0.491904	0.521136	0.557836	0.593404	0.614768	0.614768	
0.28449	0.238536	0.179756	0.104938	0.0162217	-0.070659	-0.133106	-0.158346	-0.148327	-0.0993701	-0.010936	0.0974306	0.214309	0.353386	0.492163	0.615263	0.708561	0.750891	0.72644	0.65058	0.546571	0.424255	0.296579	0.191536	0.128962	0.127489	0.185396	0.285597	0.406774	0.514477	0.5981	0.655162	0.688916	0.692176	0.669393	0.632442	0.579838	0.523755	0.470581	0.417425	0.374364	0.360925	0.379262	0.413493	0.461999	0.527742	0.600895	0.660653	0.691769	0.691769	
0.312132	0.283815	0.239338	0.169391	0.0854467	-0.00375396	-0.0750129	-0.112692	-0.11923	-0.0871377	-0.0211971	0.0703884	0.181115	0.314698	0.443193	0.535374	0.583116	0.5747	0.50855	0.408496	0.294918	0.178492	0.0737896	0.00260073	-0.0191688	0.0191727	0.109288	0.239655	0.385931	0.519732	0.621312	0.682375	0.707158	0.686195	0.642031	0.586712	0.523755	0.460246	0.391632	0.328898	0.286562	0.28272	0.312767	0.35881	0.425781	0.519541	0.622376	0.699772	0.738583	0.738583	
0.312135	0.304788	0.280337	0.229449	0.155662	0.0644315	-0.022382	-0.0770947	-0.101249	-0.0910929	-0.0487734	0.0247592	0.124439	0.255426	0.370465	0.435239	0.442092	0.391804	0.293598	0.171409	0.0478369	-0.0656157	-0.149391	-0.179281	-0.155079	-0.0763976	0.0409394	0.188048	0.355196	0.511752	0.634431	0.701639	0.719991	0.687048	0.625669	0.551004	0.470581	0.391632	0.315408	0.254981	0.22012	0.225648	0.263702	0.319245	0.401165	0.511534	0.626034	0.713284	0.752426	0.752426	
0.318452	0.319723	0.310196	0.277189	0.216119	0.130044	0.0346107	-0.0434626	-0.090704	-0.101307	-0.0859381	-0.0299348	0.0595898	0.175868	0.271235	0.313005	0.292661	0.216114	0.100238	-0.0395174	-0.176954	-0.291395	-0.358731	-0.35638	-0.289348	-0.173057	-0.0297002	0.136129	0.31931	0.491271	0.626419	0.697604	0.715975	0.681366	0.609254	0.51739	0.417425	0.328898	0.254981	0.204606	0.18388	0.197654	0.243492	0.311454	0.400849	0.511599	0.620187	0.695902	0.729088	0.729088	
0.339661	0.339462	0.332069	0.30988	0.265037	0.189629	0.0907344	-0.00655455	-0.0800798	-0.119779	-0.127795	-0.0936316	-0.0220224	0.0714345	0.149523	0.179041	0.150893	0.0691477	-0.0595419	-0.211858	-0.360448	-0.478222	-0.53608	-0.515932	-0.421907	-0.273437	-0.0986954	0.0892472	0.280468	0.454805	0.58875	0.665682	0.692236	0.662032	0.585776	0.481182	0.374364	0.286562	0.22012	0.18388	0.177507	0.204978	0.262463	0.33731	0.424839	0.5169	0.598115	0.64645	0.661502	0.661502	
0.367508	0.36896	0.361373	0.342506	0.302175	0.232261	0.128987	0.0121614	-0.086209	-0.151565	-0.184829	-0.176461	-0.128354	-0.0596992	0.00652076	0.0409678	0.0215367	-0.0551441	-0.186259	-0.342878	-0.494835	-0.611251	-0.666857	-0.647068	-0.54299	-0.370864	-0.165424	0.0461481	0.24068	0.406057	0.533608	0.615437	0.651517	0.631148	0.557961	0.45768	0.360925	0.28272	0.225648	0.197654	0.204978	0.244393	0.308018	0.379848	0.448874	0.509615	0.552045	0.566294	0.560546	0.560546	
0.408834	0.419643	0.416292	0.394553	0.344772	0.264531	0.150423	0.0129658	-0.10639	-0.194264	-0.253709	-0.273487	-0.252266	-0.206212	-0.147054	-0.100382	-0.101867	-0.162624	-0.281616	-0.429803	-0.578218	-0.693107	-0.753995	-0.745541	-0.647202	-0.471367	-0.250026	-0.0228537	0.179397	0.345179	0.47281	0.560146	0.603013	0.596013	0.538144	0.45788	0.379262	0.312767	0.263702	0.243492	0.262463	0.308018	0.366783	0.422723	0.462454	0.4838	0.488891	0.472954	0.454257	0.454257	
0.466797	0.493806	0.49531	0.465905	0.400289	0.298755	0.163132	0.00831648	-0.131168	-0.245667	-0.328028	-0.374807	-0.374895	-0.345134	-0.287454	-0.232656	-0.215572	-0.250837	-0.348441	-0.479745	-0.622274	-0.740879	-0.807209	-0.807704	-0.72457	-0.565462	-0.3547	-0.125655	0.0866398	0.269676	0.407221	0.500404	0.548846	0.555218	0.524705	0.471184	0.413493	0.35881	0.319245	0.311454	0.33731	0.379848	0.422723	0.452479	0.462327	0.449196	0.426416	0.39925	0.378901	0.378901	
0.543144	0.580802	0.584786	0.545501	0.458983	0.331999	0.173	-0.00502688	-0.170755	-0.31152	-0.420065	-0.483406	-0.489942	-0.459152	-0.398916	-0.334783	-0.303467	-0.320465	-0.391661	-0.503813	-0.640878	-0.760028	-0.828665	-0.835697	-0.767547	-0.63522	-0.451698	-0.23702	-0.0213406	0.173459	0.325042	0.427512	0.482476	0.50908	0.509964	0.491904	0.461999	0.425781	0.401165	0.400849	0.424839	0.448874	0.462454	0.462327	0.44246	0.406474	0.370278	0.344577	0.333989	0.333989	
0.62628	0.673892	0.677242	0.627015	0.517668	0.358779	0.167026	-0.0392062	-0.232431	-0.401477	-0.526045	-0.593134	-0.596148	-0.549899	-0.476598	-0.403179	-0.365002	-0.374139	-0.429566	-0.525666	-0.647117	-0.757688	-0.825673	-0.833217	-0.780459	-0.673039	-0.514666	-0.326043	-0.125785	0.0648286	0.224981	0.342173	0.415236	0.465347	0.499082	0.521136	0.527742	0.519541	0.511534	0.511599	0.5169	0.509615	0.4838	0.449196	0.406474	0.355631	0.31421	0.295089	0.294221	0.294221	
0.701198	0.762504	0.767337	0.70395	0.576088	0.387974	0.16046	-0.0755169	-0.301831	-0.492219	-0.62246	-0.685648	-0.676908	-0.619135	-0.531677	-0.450133	-0.404456	-0.411542	-0.459988	-0.543	-0.648446	-0.748563	-0.810828	-0.824355	-0.785301	-0.693467	-0.555582	-0.388346	-0.214632	-0.0404891	0.119373	0.255225	0.354428	0.43109	0.500588	0.557836	0.600895	0.622376	0.626034	0.620187	0.598115	0.552045	0.488891	0.426416	0.370278	0.31421	0.268127	0.250205	0.253178	0.253178	
0.758781	0.824888	0.825196	0.756417	0.620875	0.422244	0.174663	-0.0943458	-0.35416	-0.56577	-0.69713	-0.745639	-0.730567	-0.663852	-0.575985	-0.484785	-0.428224	-0.429436	-0.470062	-0.551477	-0.650949	-0.742603	-0.804327	-0.817774	-0.788933	-0.709925	-0.580337	-0.42996	-0.272988	-0.12005	0.0357818	0.181591	0.302569	0.409666	0.506018	0.593404	0.660653	0.699772	0.713284	0.695902	0.64645	0.566294	0.472954	0.39925	0.344577	0.295089	0.250205	0.232137	0.236272	0.236272	
0.784421	0.852277	0.848246	0.775713	0.64612	0.451202	0.194954	-0.0918162	-0.378817	-0.607588	-0.737964	-0.778373	-0.756346	-0.691144	-0.601843	-0.506166	-0.43608	-0.426037	-0.462683	-0.546296	-0.648702	-0.742735	-0.802049	-0.816025	-0.792539	-0.719632	-0.596984	-0.45129	-0.304296	-0.160573	-0.012129	0.137274	0.27238	0.396576	0.514178	0.614768	0.691769	0.738583	0.752426	0.729088	0.661502	0.560546	0.454257	0.378901	0.333989	0.294221	0.253178	0.236272	0.240758	0.240758	
0.784421	0.852277	0.848246	0.775713	0.64612	0.451202	0.194954	-0.0918162	-0.378817	-0.607588	-0.737964	-0.778373	-0.756346	-0.691144	-0.601843	-0.506166	-0.43608	-0.426037	-0.462683	-0.546296	-0.648702	-0.742735	-0.802049	-0.816025	-0.792539	-0.719632	-0.596984	-0.45129	-0.304296	-0.160573	-0.012129	0.137274	0.27238	0.396576	0.514178	0.614768	0.691769	0.738583	0.752426	0.729088	0.661502	0.560546	0.454257	0.378901	0.333989	0.294221	0.253178	0.236272	0.240758	0.240758	
