-0.0242645	-0.0242645	-0.0220449	-0.0205461	-0.012783	-0.0035173	0.0156416	0.0461635	0.0926435	0.16496	0.263693	0.396674	0.559176	0.741531	0.922524	1.07386	1.15439	1.13942	1.00484	0.758347	0.43685	0.0809014	-0.244456	-0.506761	-0.684595	-0.776974	-0.794619	-0.744141	-0.627043	-0.472657	-0.304258	-0.170869	-0.101758	-0.0917372	-0.11776	-0.152396	-0.176688	-0.184917	-0.174175	-0.140471	-0.0981465	-0.0810851	-0.0928281	-0.114642	-0.127016	-0.114654	-0.0889218	-0.0828191	-0.0856918	-0.0884	
-0.0242645	-0.0242645	-0.0220449	-0.0205461	-0.012783	-0.0035173	0.0156416	0.0461635	0.0926435	0.16496	0.263693	0.396674	0.559176	0.741531	0.922524	1.07386	1.15439	1.13942	1.00484	0.758347	0.43685	0.0809014	-0.244456	-0.506761	-0.684595	-0.776974	-0.794619	-0.744141	-0.627043	-0.472657	-0.304258	-0.170869	-0.101758	-0.0917372	-0.11776	-0.152396	-0.176688	-0.184917	-0.174175	-0.140471	-0.0981465	-0.0810851	-0.0928281	-0.114642	-0.127016	-0.114654	-0.0889218	-0.0828191	-0.0856918	-0.0884	
-0.0220449	-0.0220449	-0.0192322	-0.0191124	-0.0106061	-0.0024185	0.01653	0.0468604	0.0930167	0.165403	0.264264	0.397865	0.559924	0.742884	0.923522	1.07323	1.15458	1.13834	1.00389	0.760533	0.44009	0.086849	-0.235499	-0.497323	-0.67681	-0.768357	-0.788658	-0.739007	-0.623384	-0.468487	-0.302372	-0.169817	-0.10183	-0.0888249	-0.113583	-0.148419	-0.173521	-0.179338	-0.168943	-0.137476	-0.0971941	-0.0787789	-0.0897096	-0.111548	-0.123961	-0.111823	-0.0878991	-0.0814593	-0.0848005	-0.0869998	
-0.0205461	-0.0205461	-0.0191124	-0.0157014	-0.0090442	0.00207729	0.0215786	0.0527086	0.100549	0.172553	0.271826	0.403393	0.564565	0.743979	0.922132	1.07067	1.15004	1.13522	1.00521	0.763727	0.448674	0.100143	-0.223443	-0.484445	-0.662132	-0.758104	-0.776456	-0.727441	-0.615017	-0.465197	-0.302237	-0.17178	-0.0996408	-0.0872457	-0.110017	-0.141009	-0.164023	-0.174298	-0.164148	-0.1316	-0.0932403	-0.0771704	-0.0867174	-0.105853	-0.116862	-0.106593	-0.084949	-0.0783756	-0.0794436	-0.0834234	
-0.012783	-0.012783	-0.0106061	-0.0090442	-0.00142145	0.00804464	0.02752	0.0579146	0.10586	0.177617	0.277394	0.409717	0.570176	0.749552	0.926998	1.07159	1.15176	1.13548	1.00603	0.772451	0.461586	0.120717	-0.196263	-0.454859	-0.635524	-0.731172	-0.754915	-0.7082	-0.600722	-0.452232	-0.294029	-0.165734	-0.0954831	-0.0774821	-0.095824	-0.126847	-0.150406	-0.156629	-0.146511	-0.120161	-0.0865263	-0.0685028	-0.0754496	-0.0942607	-0.104995	-0.0957979	-0.0790827	-0.0717045	-0.0738879	-0.0770704	
-0.0035173	-0.0035173	-0.0024185	0.00207729	0.00804464	0.0209057	0.0405232	0.0728405	0.122517	0.194341	0.294999	0.425295	0.583384	0.759274	0.931211	1.07313	1.15101	1.13489	1.01286	0.785051	0.48366	0.152172	-0.162537	-0.42004	-0.600241	-0.700812	-0.724331	-0.680136	-0.577097	-0.434302	-0.284943	-0.161558	-0.0866653	-0.0654742	-0.0803552	-0.105109	-0.127318	-0.13729	-0.128894	-0.101777	-0.0730058	-0.057554	-0.0630297	-0.0775956	-0.0858642	-0.0802266	-0.0677408	-0.0608461	-0.0603847	-0.0656679	
0.0156416	0.0156416	0.01653	0.0215786	0.02752	0.0405232	0.0610162	0.0929059	0.143826	0.215324	0.316665	0.445821	0.603924	0.775819	0.946749	1.08398	1.16013	1.1454	1.02572	0.807732	0.515112	0.195557	-0.112866	-0.365466	-0.546275	-0.649893	-0.67776	-0.636695	-0.54184	-0.407479	-0.262954	-0.142282	-0.0671053	-0.0430528	-0.050336	-0.0737877	-0.0930582	-0.102057	-0.0927106	-0.0739618	-0.0503262	-0.0356408	-0.037497	-0.050291	-0.0573748	-0.0542765	-0.048481	-0.041211	-0.0418708	-0.0473659	
0.0461635	0.0461635	0.0468604	0.0527086	0.0579146	0.0728405	0.0929059	0.126531	0.178951	0.250632	0.353304	0.482218	0.636362	0.807319	0.970546	1.10351	1.17726	1.16091	1.0482	0.840736	0.560951	0.254384	-0.0446132	-0.294493	-0.478218	-0.585289	-0.616568	-0.581484	-0.49171	-0.360607	-0.229696	-0.117455	-0.0414679	-0.00874068	-0.0100067	-0.0263446	-0.0463853	-0.0554236	-0.0486749	-0.0315437	-0.0151841	-0.00287792	-0.00360073	-0.0122515	-0.0162139	-0.0178372	-0.0175679	-0.0121674	-0.0122855	-0.0188114	
0.0926435	0.0926435	0.0930167	0.100549	0.10586	0.122517	0.143826	0.178951	0.232205	0.304747	0.407306	0.533027	0.686599	0.849782	1.0095	1.13727	1.20662	1.19294	1.08594	0.888789	0.622238	0.330672	0.0381546	-0.206284	-0.38777	-0.499788	-0.534537	-0.503369	-0.422802	-0.307284	-0.183895	-0.0747885	0.00392524	0.0375513	0.0443217	0.0319585	0.01792	0.00802163	0.0146742	0.0243185	0.035249	0.0438879	0.0456027	0.0409899	0.0393502	0.0338686	0.0276998	0.0315162	0.0305837	0.022875	
0.16496	0.16496	0.165403	0.172553	0.177617	0.194341	0.215324	0.250632	0.304747	0.377114	0.480145	0.605834	0.755561	0.916564	1.06909	1.19026	1.25513	1.23965	1.13661	0.951861	0.700849	0.424678	0.14648	-0.0919061	-0.276909	-0.393069	-0.433997	-0.411602	-0.337934	-0.227563	-0.116989	-0.0188741	0.0563262	0.0987925	0.115857	0.110555	0.0973122	0.0887226	0.0940513	0.0990414	0.103149	0.108092	0.110827	0.110148	0.111618	0.102202	0.0901851	0.0907539	0.0875938	0.0800071	
0.263693	0.263693	0.264264	0.271826	0.277394	0.294999	0.316665	0.353304	0.407306	0.480145	0.581003	0.703553	0.847486	1.00113	1.144	1.258	1.31607	1.30037	1.20366	1.02969	0.794624	0.533686	0.266238	0.0326439	-0.151104	-0.271309	-0.316875	-0.301267	-0.237136	-0.142119	-0.04517	0.0469872	0.122862	0.170143	0.193515	0.196093	0.188081	0.181656	0.184866	0.185845	0.183589	0.183659	0.187341	0.192038	0.197504	0.184384	0.168578	0.164988	0.161169	0.153391	
0.396674	0.396674	0.397865	0.403393	0.409717	0.425295	0.445821	0.482218	0.533027	0.605834	0.703553	0.821873	0.962718	1.10616	1.24245	1.34505	1.395	1.37534	1.2806	1.11588	0.896776	0.652092	0.399299	0.172549	-0.011424	-0.1372	-0.192329	-0.185428	-0.129974	-0.0490101	0.0369827	0.118927	0.190298	0.241411	0.276695	0.286944	0.285487	0.281289	0.284138	0.28039	0.273255	0.269817	0.273434	0.284016	0.2919	0.279388	0.259194	0.252229	0.245841	0.23934	
0.559176	0.559176	0.559924	0.564565	0.570176	0.583384	0.603924	0.636362	0.686599	0.755561	0.847486	0.962718	1.09018	1.22686	1.34715	1.4378	1.47669	1.45152	1.35704	1.20186	0.997349	0.766367	0.52799	0.307443	0.121905	-0.0088632	-0.0706972	-0.0750457	-0.0327903	0.0375936	0.108421	0.177867	0.243368	0.302975	0.345343	0.366961	0.370494	0.371004	0.373211	0.369238	0.357537	0.348496	0.35417	0.369933	0.384334	0.371642	0.352023	0.340632	0.334434	0.330738	
0.741531	0.741531	0.742884	0.743979	0.749552	0.759274	0.775819	0.807319	0.849782	0.916564	1.00113	1.10616	1.22686	1.34573	1.45428	1.5274	1.5533	1.51799	1.42365	1.27208	1.08151	0.864137	0.639601	0.422882	0.238655	0.102851	0.0279429	0.0146685	0.0471906	0.096508	0.151374	0.212081	0.274029	0.334671	0.384809	0.416132	0.429704	0.437503	0.439819	0.43491	0.418868	0.409867	0.414956	0.438873	0.456179	0.450935	0.431376	0.418729	0.413304	0.413345	
0.922524	0.922524	0.923522	0.922132	0.926998	0.931211	0.946749	0.970546	1.0095	1.06909	1.144	1.24245	1.34715	1.45428	1.54508	1.59982	1.61038	1.56292	1.46134	1.31439	1.13225	0.928014	0.716652	0.507816	0.322847	0.179492	0.0933683	0.0665659	0.080012	0.117966	0.161616	0.20488	0.254893	0.319601	0.378455	0.422534	0.445907	0.458476	0.462858	0.460534	0.44474	0.431892	0.439736	0.468783	0.494148	0.496133	0.481214	0.468107	0.465493	0.471435	
1.07386	1.07386	1.07323	1.07067	1.07159	1.07313	1.08398	1.10351	1.13727	1.19026	1.258	1.34505	1.4378	1.5274	1.59982	1.63491	1.62704	1.56635	1.45975	1.31361	1.14222	0.949072	0.749749	0.545319	0.360043	0.210519	0.112519	0.0731589	0.0732016	0.090744	0.112526	0.142064	0.187458	0.251368	0.314263	0.368162	0.401103	0.422929	0.432549	0.432103	0.413142	0.400528	0.410897	0.44582	0.476723	0.48992	0.480881	0.47046	0.472818	0.484844	
1.15439	1.15439	1.15458	1.15004	1.15176	1.15101	1.16013	1.17726	1.20662	1.25513	1.31607	1.395	1.47669	1.5533	1.61038	1.62704	1.60464	1.52827	1.41422	1.26843	1.10207	0.921367	0.735831	0.538889	0.356499	0.201478	0.0880467	0.0333756	0.0127206	0.01354	0.0211213	0.03373	0.0642203	0.123916	0.190132	0.254971	0.300402	0.330893	0.341182	0.343344	0.326084	0.315404	0.325337	0.363278	0.400722	0.426267	0.424278	0.418127	0.425739	0.443871	
1.13942	1.13942	1.13834	1.13522	1.13548	1.13489	1.1454	1.16091	1.19294	1.23965	1.30037	1.37534	1.45152	1.51799	1.56292	1.56635	1.52827	1.44428	1.32395	1.18225	1.02464	0.859921	0.684597	0.499789	0.320171	0.158445	0.036266	-0.0322955	-0.07301	-0.0923313	-0.105227	-0.113335	-0.0934382	-0.0426779	0.0260534	0.0966941	0.151078	0.18418	0.204227	0.207874	0.190543	0.174602	0.18727	0.225067	0.267834	0.301947	0.307132	0.306974	0.319119	0.341583	
1.00484	1.00484	1.00389	1.00521	1.00603	1.01286	1.02572	1.0482	1.08594	1.13661	1.20366	1.2806	1.35704	1.42365	1.46134	1.45975	1.41422	1.32395	1.20371	1.06672	0.921581	0.77225	0.617215	0.445765	0.273874	0.111609	-0.0197874	-0.10764	-0.165453	-0.202765	-0.238201	-0.265735	-0.262153	-0.222729	-0.159451	-0.0857142	-0.0242299	0.0200593	0.040806	0.0418457	0.0224521	0.00908766	0.0186242	0.0512278	0.095724	0.136263	0.148846	0.152595	0.168399	0.191291	
0.758347	0.758347	0.760533	0.763727	0.772451	0.785051	0.807732	0.840736	0.888789	0.951861	1.02969	1.11588	1.20186	1.27208	1.31439	1.31361	1.26843	1.18225	1.06672	0.942783	0.812782	0.686294	0.550798	0.400183	0.241413	0.0839894	-0.0529415	-0.150688	-0.228954	-0.289395	-0.345669	-0.391194	-0.407343	-0.385032	-0.328058	-0.254442	-0.187972	-0.143253	-0.119904	-0.119114	-0.138638	-0.158967	-0.155537	-0.128971	-0.0861494	-0.044529	-0.0294145	-0.0201845	-0.00606129	0.0154292	
0.43685	0.43685	0.44009	0.448674	0.461586	0.48366	0.515112	0.560951	0.622238	0.700849	0.794624	0.896776	0.997349	1.08151	1.13225	1.14222	1.10207	1.02464	0.921581	0.812782	0.70685	0.609011	0.501918	0.380183	0.24162	0.09201	-0.0420647	-0.153445	-0.244639	-0.320833	-0.39757	-0.46674	-0.502322	-0.497887	-0.452216	-0.384847	-0.318359	-0.269861	-0.244486	-0.248616	-0.274384	-0.299849	-0.302323	-0.287082	-0.251134	-0.215651	-0.196575	-0.187477	-0.175133	-0.161107	
0.0809014	0.0809014	0.086849	0.100143	0.120717	0.152172	0.195557	0.254384	0.330672	0.424678	0.533686	0.652092	0.766367	0.864137	0.928014	0.949072	0.921367	0.859921	0.77225	0.686294	0.609011	0.537603	0.466756	0.376885	0.263816	0.137469	0.0127833	-0.101364	-0.20153	-0.296961	-0.394191	-0.47744	-0.534801	-0.548116	-0.517433	-0.459317	-0.395856	-0.343427	-0.320808	-0.330011	-0.359792	-0.390074	-0.403926	-0.400243	-0.375303	-0.347076	-0.329647	-0.319237	-0.313217	-0.305073	
-0.244456	-0.244456	-0.235499	-0.223443	-0.196263	-0.162537	-0.112866	-0.0446132	0.0381546	0.14648	0.266238	0.399299	0.52799	0.639601	0.716652	0.749749	0.735831	0.684597	0.617215	0.550798	0.501918	0.466756	0.435544	0.384521	0.310082	0.211324	0.100217	-0.00834479	-0.11192	-0.217405	-0.325759	-0.423901	-0.499848	-0.530045	-0.518177	-0.468763	-0.408033	-0.356953	-0.338849	-0.347437	-0.383579	-0.422842	-0.449196	-0.455165	-0.445535	-0.430531	-0.416161	-0.408395	-0.407653	-0.407932	
-0.506761	-0.506761	-0.497323	-0.484445	-0.454859	-0.42004	-0.365466	-0.294493	-0.206284	-0.0919061	0.0326439	0.172549	0.307443	0.422882	0.507816	0.545319	0.538889	0.499789	0.445765	0.400183	0.380183	0.376885	0.384521	0.3767	0.34067	0.277799	0.193973	0.101137	0.00258849	-0.107415	-0.220839	-0.3294	-0.419016	-0.462959	-0.462133	-0.425426	-0.372311	-0.320643	-0.298759	-0.312426	-0.356587	-0.402047	-0.436108	-0.454917	-0.464316	-0.462096	-0.45326	-0.448707	-0.453306	-0.459034	
-0.684595	-0.684595	-0.67681	-0.662132	-0.635524	-0.600241	-0.546275	-0.478218	-0.38777	-0.276909	-0.151104	-0.011424	0.121905	0.238655	0.322847	0.360043	0.356499	0.320171	0.273874	0.241413	0.24162	0.263816	0.310082	0.34067	0.349611	0.328217	0.276945	0.205847	0.120473	0.0140253	-0.0981836	-0.211467	-0.302957	-0.353354	-0.366512	-0.339989	-0.286023	-0.233682	-0.214139	-0.227292	-0.271273	-0.323547	-0.369869	-0.400262	-0.427064	-0.439711	-0.441938	-0.443709	-0.452041	-0.463269	
-0.776974	-0.776974	-0.768357	-0.758104	-0.731172	-0.700812	-0.649893	-0.585289	-0.499788	-0.393069	-0.271309	-0.1372	-0.0088632	0.102851	0.179492	0.210519	0.201478	0.158445	0.111609	0.0839894	0.09201	0.137469	0.211324	0.277799	0.328217	0.348513	0.328202	0.288154	0.217983	0.123589	0.0192707	-0.0871056	-0.177424	-0.231318	-0.249537	-0.224103	-0.172537	-0.118694	-0.0899076	-0.09775	-0.144641	-0.203619	-0.253234	-0.294538	-0.340464	-0.370429	-0.386262	-0.396134	-0.409538	-0.424623	
-0.794619	-0.794619	-0.788658	-0.776456	-0.754915	-0.724331	-0.67776	-0.616568	-0.534537	-0.433997	-0.316875	-0.192329	-0.0706972	0.0279429	0.0933683	0.112519	0.0880467	0.036266	-0.0197874	-0.0529415	-0.0420647	0.0127833	0.100217	0.193973	0.276945	0.328202	0.34598	0.33503	0.284716	0.20603	0.113212	0.0103352	-0.0706645	-0.119718	-0.13192	-0.106087	-0.0506108	0.0107551	0.0519426	0.0522144	0.0130209	-0.043306	-0.0955559	-0.148102	-0.207321	-0.252677	-0.284985	-0.307958	-0.323424	-0.345709	
-0.744141	-0.744141	-0.739007	-0.727441	-0.7082	-0.680136	-0.636695	-0.581484	-0.503369	-0.411602	-0.301267	-0.185428	-0.0750457	0.0146685	0.0665659	0.0731589	0.0333756	-0.0322955	-0.10764	-0.150688	-0.153445	-0.101364	-0.00834479	0.101137	0.205847	0.288154	0.33503	0.345665	0.311837	0.246792	0.160026	0.0684261	0.00204346	-0.0373468	-0.0436479	-0.0142735	0.0513164	0.127472	0.18888	0.205923	0.183306	0.133706	0.0871654	0.0313493	-0.0343029	-0.0944928	-0.145405	-0.179009	-0.200667	-0.228985	
-0.627043	-0.627043	-0.623384	-0.615017	-0.600722	-0.577097	-0.54184	-0.49171	-0.422802	-0.337934	-0.237136	-0.129974	-0.0327903	0.0471906	0.080012	0.0732016	0.0127206	-0.07301	-0.165453	-0.228954	-0.244639	-0.20153	-0.11192	0.00258849	0.120473	0.217983	0.284716	0.311837	0.293087	0.238912	0.1557	0.0743985	0.0114104	-0.0231853	-0.0213742	0.0248893	0.100933	0.19409	0.27606	0.321801	0.322862	0.293744	0.261431	0.210287	0.146921	0.0770933	0.0150595	-0.0304409	-0.056304	-0.0908934	
-0.472657	-0.472657	-0.468487	-0.465197	-0.452232	-0.434302	-0.407479	-0.360607	-0.307284	-0.227563	-0.142119	-0.0490101	0.0375936	0.096508	0.117966	0.090744	0.01354	-0.0923313	-0.202765	-0.289395	-0.320833	-0.296961	-0.217405	-0.107415	0.0140253	0.123589	0.20603	0.246792	0.238912	0.183226	0.0971637	0.0139013	-0.0521499	-0.0778645	-0.064738	-0.014973	0.0659655	0.181095	0.288858	0.368118	0.400224	0.405006	0.392502	0.361022	0.309784	0.242648	0.173871	0.122375	0.0929684	0.0551594	
-0.304258	-0.304258	-0.302372	-0.302237	-0.294029	-0.284943	-0.262954	-0.229696	-0.183895	-0.116989	-0.04517	0.0369827	0.108421	0.151374	0.161616	0.112526	0.0211213	-0.105227	-0.238201	-0.345669	-0.39757	-0.394191	-0.325759	-0.220839	-0.0981836	0.0192707	0.113212	0.160026	0.1557	0.0971637	0.0081212	-0.0855387	-0.156643	-0.187603	-0.180906	-0.134255	-0.0416876	0.0850895	0.212944	0.32385	0.393591	0.4343	0.452529	0.452906	0.421797	0.366411	0.301114	0.251802	0.218752	0.182597	
-0.170869	-0.170869	-0.169817	-0.17178	-0.165734	-0.161558	-0.142282	-0.117455	-0.0747885	-0.0188741	0.0469872	0.118927	0.177867	0.212081	0.20488	0.142064	0.03373	-0.113335	-0.265735	-0.391194	-0.46674	-0.47744	-0.423901	-0.3294	-0.211467	-0.0871056	0.0103352	0.0684261	0.0743985	0.0139013	-0.0855387	-0.194404	-0.282653	-0.331196	-0.334008	-0.29345	-0.204172	-0.0807992	0.0610545	0.194428	0.300843	0.379151	0.436073	0.469295	0.467028	0.435696	0.386471	0.343728	0.309717	0.283612	
-0.101758	-0.101758	-0.10183	-0.0996408	-0.0954831	-0.0866653	-0.0671053	-0.0414679	0.00392524	0.0563262	0.122862	0.190298	0.243368	0.274029	0.254893	0.187458	0.0642203	-0.0934382	-0.262153	-0.407343	-0.502322	-0.534801	-0.499848	-0.419016	-0.302957	-0.177424	-0.0706645	0.00204346	0.0114104	-0.0521499	-0.156643	-0.282653	-0.393807	-0.458931	-0.480178	-0.458194	-0.388615	-0.276413	-0.134485	0.0135444	0.146201	0.253891	0.346164	0.416243	0.450433	0.447818	0.423289	0.391946	0.367831	0.354269	
-0.0917372	-0.0917372	-0.0888249	-0.0872457	-0.0774821	-0.0654742	-0.0430528	-0.00874068	0.0375513	0.0987925	0.170143	0.241411	0.302975	0.334671	0.319601	0.251368	0.123916	-0.0426779	-0.222729	-0.385032	-0.497887	-0.548116	-0.530045	-0.462959	-0.353354	-0.231318	-0.119718	-0.0373468	-0.0231853	-0.0778645	-0.187603	-0.331196	-0.458931	-0.546012	-0.597966	-0.601073	-0.553389	-0.458906	-0.331373	-0.186525	-0.0464155	0.0852699	0.209705	0.313356	0.375769	0.407782	0.413207	0.401765	0.392375	0.393703	
-0.11776	-0.11776	-0.113583	-0.110017	-0.095824	-0.0803552	-0.050336	-0.0100067	0.0443217	0.115857	0.193515	0.276695	0.345343	0.384809	0.378455	0.314263	0.190132	0.0260534	-0.159451	-0.328058	-0.452216	-0.517433	-0.518177	-0.462133	-0.366512	-0.249537	-0.13192	-0.0436479	-0.0213742	-0.064738	-0.180906	-0.334008	-0.480178	-0.597966	-0.675574	-0.698279	-0.678495	-0.615291	-0.513634	-0.384637	-0.244267	-0.101141	0.042577	0.164716	0.256577	0.323041	0.358077	0.368457	0.381892	0.401784	
-0.152396	-0.152396	-0.148419	-0.141009	-0.126847	-0.105109	-0.0737877	-0.0263446	0.0319585	0.110555	0.196093	0.286944	0.366961	0.416132	0.422534	0.368162	0.254971	0.0966941	-0.0857142	-0.254442	-0.384847	-0.459317	-0.468763	-0.425426	-0.339989	-0.224103	-0.106087	-0.0142735	0.0248893	-0.014973	-0.134255	-0.29345	-0.458194	-0.601073	-0.698279	-0.751891	-0.76579	-0.731882	-0.657206	-0.550589	-0.424665	-0.285437	-0.135883	0.00141308	0.116476	0.205239	0.262273	0.298196	0.338483	0.373201	
-0.176688	-0.176688	-0.173521	-0.164023	-0.150406	-0.127318	-0.0930582	-0.0463853	0.01792	0.0973122	0.188081	0.285487	0.370494	0.429704	0.445907	0.401103	0.300402	0.151078	-0.0242299	-0.187972	-0.318359	-0.395856	-0.408033	-0.372311	-0.286023	-0.172537	-0.0506108	0.0513164	0.100933	0.0659655	-0.0416876	-0.204172	-0.388615	-0.553389	-0.678495	-0.76579	-0.806987	-0.800076	-0.757144	-0.682035	-0.581575	-0.452813	-0.302544	-0.15942	-0.0360836	0.0640754	0.139079	0.199823	0.25748	0.304858	
-0.184917	-0.184917	-0.179338	-0.174298	-0.156629	-0.13729	-0.102057	-0.0554236	0.00802163	0.0887226	0.181656	0.281289	0.371004	0.437503	0.458476	0.422929	0.330893	0.18418	0.0200593	-0.143253	-0.269861	-0.343427	-0.356953	-0.320643	-0.233682	-0.118694	0.0107551	0.127472	0.19409	0.181095	0.0850895	-0.0807992	-0.276413	-0.458906	-0.615291	-0.731882	-0.800076	-0.825136	-0.820515	-0.778239	-0.702848	-0.587473	-0.451231	-0.310099	-0.183802	-0.0748932	0.00844384	0.0836832	0.149188	0.209333	
-0.174175	-0.174175	-0.168943	-0.164148	-0.146511	-0.128894	-0.0927106	-0.0486749	0.0146742	0.0940513	0.184866	0.284138	0.373211	0.439819	0.462858	0.432549	0.341182	0.204227	0.040806	-0.119904	-0.244486	-0.320808	-0.338849	-0.298759	-0.214139	-0.0899076	0.0519426	0.18888	0.27606	0.288858	0.212944	0.0610545	-0.134485	-0.331373	-0.513634	-0.657206	-0.757144	-0.820515	-0.848672	-0.837156	-0.790777	-0.707633	-0.586394	-0.44571	-0.316287	-0.209905	-0.122576	-0.0391501	0.0310866	0.100542	
-0.140471	-0.140471	-0.137476	-0.1316	-0.120161	-0.101777	-0.0739618	-0.0315437	0.0243185	0.0990414	0.185845	0.28039	0.369238	0.43491	0.460534	0.432103	0.343344	0.207874	0.0418457	-0.119114	-0.248616	-0.330011	-0.347437	-0.312426	-0.227292	-0.09775	0.0522144	0.205923	0.321801	0.368118	0.32385	0.194428	0.0135444	-0.186525	-0.384637	-0.550589	-0.682035	-0.778239	-0.837156	-0.862032	-0.858678	-0.807561	-0.700358	-0.568886	-0.447793	-0.343019	-0.247957	-0.165382	-0.0924364	-0.0213865	
-0.0981465	-0.0981465	-0.0971941	-0.0932403	-0.0865263	-0.0730058	-0.0503262	-0.0151841	0.035249	0.103149	0.183589	0.273255	0.357537	0.418868	0.44474	0.413142	0.326084	0.190543	0.0224521	-0.138638	-0.274384	-0.359792	-0.383579	-0.356587	-0.271273	-0.144641	0.0130209	0.183306	0.322862	0.400224	0.393591	0.300843	0.146201	-0.0464155	-0.244267	-0.424665	-0.581575	-0.702848	-0.790777	-0.858678	-0.896223	-0.878164	-0.800483	-0.694306	-0.581184	-0.472084	-0.379038	-0.30162	-0.224968	-0.151208	
-0.0810851	-0.0810851	-0.0787789	-0.0771704	-0.0685028	-0.057554	-0.0356408	-0.00287792	0.0438879	0.108092	0.183659	0.269817	0.348496	0.409867	0.431892	0.400528	0.315404	0.174602	0.00908766	-0.158967	-0.299849	-0.390074	-0.422842	-0.402047	-0.323547	-0.203619	-0.043306	0.133706	0.293744	0.405006	0.4343	0.379151	0.253891	0.0852699	-0.101141	-0.285437	-0.452813	-0.587473	-0.707633	-0.807561	-0.878164	-0.899909	-0.868185	-0.789076	-0.686509	-0.585577	-0.504841	-0.430103	-0.348686	-0.278926	
-0.0928281	-0.0928281	-0.0897096	-0.0867174	-0.0754496	-0.0630297	-0.037497	-0.00360073	0.0456027	0.110827	0.187341	0.273434	0.35417	0.414956	0.439736	0.410897	0.325337	0.18727	0.0186242	-0.155537	-0.302323	-0.403926	-0.449196	-0.436108	-0.369869	-0.253234	-0.0955559	0.0871654	0.261431	0.392502	0.452529	0.436073	0.346164	0.209705	0.042577	-0.135883	-0.302544	-0.451231	-0.586394	-0.700358	-0.800483	-0.868185	-0.876527	-0.827012	-0.750388	-0.669949	-0.603186	-0.530664	-0.457258	-0.396388	
-0.114642	-0.114642	-0.111548	-0.105853	-0.0942607	-0.0775956	-0.050291	-0.0122515	0.0409899	0.110148	0.192038	0.284016	0.369933	0.438873	0.468783	0.44582	0.363278	0.225067	0.0512278	-0.128971	-0.287082	-0.400243	-0.455165	-0.454917	-0.400262	-0.294538	-0.148102	0.0313493	0.210287	0.361022	0.452906	0.469295	0.416243	0.313356	0.164716	0.00141308	-0.15942	-0.310099	-0.44571	-0.568886	-0.694306	-0.789076	-0.827012	-0.814544	-0.767519	-0.708836	-0.654469	-0.596045	-0.537367	-0.485904	
-0.127016	-0.127016	-0.123961	-0.116862	-0.104995	-0.0858642	-0.0573748	-0.0162139	0.0393502	0.111618	0.197504	0.2919	0.384334	0.456179	0.494148	0.476723	0.400722	0.267834	0.095724	-0.0861494	-0.251134	-0.375303	-0.445535	-0.464316	-0.427064	-0.340464	-0.207321	-0.0343029	0.146921	0.309784	0.421797	0.467028	0.450433	0.375769	0.256577	0.116476	-0.0360836	-0.183802	-0.316287	-0.447793	-0.581184	-0.686509	-0.750388	-0.767519	-0.744605	-0.704235	-0.665401	-0.621679	-0.579777	-0.538297	
-0.114654	-0.114654	-0.111823	-0.106593	-0.0957979	-0.0802266	-0.0542765	-0.0178372	0.0338686	0.102202	0.184384	0.279388	0.371642	0.450935	0.496133	0.48992	0.426267	0.301947	0.136263	-0.044529	-0.215651	-0.347076	-0.430531	-0.462096	-0.439711	-0.370429	-0.252677	-0.0944928	0.0770933	0.242648	0.366411	0.435696	0.447818	0.407782	0.323041	0.205239	0.0640754	-0.0748932	-0.209905	-0.343019	-0.472084	-0.585577	-0.669949	-0.708836	-0.704235	-0.679147	-0.649269	-0.620464	-0.594331	-0.56335	
-0.0889218	-0.0889218	-0.0878991	-0.084949	-0.0790827	-0.0677408	-0.048481	-0.0175679	0.0276998	0.0901851	0.168578	0.259194	0.352023	0.431376	0.481214	0.480881	0.424278	0.307132	0.148846	-0.0294145	-0.196575	-0.329647	-0.416161	-0.45326	-0.441938	-0.386262	-0.284985	-0.145405	0.0150595	0.173871	0.301114	0.386471	0.423289	0.413207	0.358077	0.262273	0.139079	0.00844384	-0.122576	-0.247957	-0.379038	-0.504841	-0.603186	-0.654469	-0.665401	-0.649269	-0.62993	-0.610313	-0.588053	-0.564778	
-0.0828191	-0.0828191	-0.0814593	-0.0783756	-0.0717045	-0.0608461	-0.041211	-0.0121674	0.0315162	0.0907539	0.164988	0.252229	0.340632	0.418729	0.468107	0.47046	0.418127	0.306974	0.152595	-0.0201845	-0.187477	-0.319237	-0.408395	-0.448707	-0.443709	-0.396134	-0.307958	-0.179009	-0.0304409	0.122375	0.251802	0.343728	0.391946	0.401765	0.368457	0.298196	0.199823	0.0836832	-0.0391501	-0.165382	-0.30162	-0.430103	-0.530664	-0.596045	-0.621679	-0.620464	-0.610313	-0.586512	-0.559159	-0.544256	
-0.0856918	-0.0856918	-0.0848005	-0.0794436	-0.0738879	-0.0603847	-0.0418708	-0.0122855	0.0305837	0.0875938	0.161169	0.245841	0.334434	0.413304	0.465493	0.472818	0.425739	0.319119	0.168399	-0.00606129	-0.175133	-0.313217	-0.407653	-0.453306	-0.452041	-0.409538	-0.323424	-0.200667	-0.056304	0.0929684	0.218752	0.309717	0.367831	0.392375	0.381892	0.338483	0.25748	0.149188	0.0310866	-0.0924364	-0.224968	-0.348686	-0.457258	-0.537367	-0.579777	-0.594331	-0.588053	-0.559159	-0.532692	-0.523717	
-0.0884	-0.0884	-0.0869998	-0.0834234	-0.0770704	-0.0656679	-0.0473659	-0.0188114	0.022875	0.0800071	0.153391	0.23934	0.330738	0.413345	0.471435	0.484844	0.443871	0.341583	0.191291	0.0154292	-0.161107	-0.305073	-0.407932	-0.459034	-0.463269	-0.424623	-0.345709	-0.228985	-0.0908934	0.0551594	0.182597	0.283612	0.354269	0.393703	0.401784	0.373201	0.304858	0.209333	0.100542	-0.0213865	-0.151208	-0.278926	-0.396388	-0.485904	-0.538297	-0.56335	-0.564778	-0.544256	-0.523717	-0.501341	
