-0.283418	-0.283418	-0.28646	-0.283346	-0.27113	-0.254152	-0.251397	-0.270129	-0.293529	-0.289916	-0.260677	-0.232312	-0.215189	-0.193879	-0.140843	-0.0318966	0.130591	0.314262	0.471281	0.573202	0.604384	0.576188	0.495309	0.358903	0.175213	-0.0285412	-0.206158	-0.325539	-0.350759	-0.257992	-0.02633	0.316655	0.703681	1.07028	1.36994	1.572	1.66707	1.64605	1.52021	1.32314	1.08733	0.812692	0.517255	0.221444	-0.0571823	-0.29727	-0.483855	-0.628726	-0.733629	-0.812846	
-0.283418	-0.283418	-0.28646	-0.283346	-0.27113	-0.254152	-0.251397	-0.270129	-0.293529	-0.289916	-0.260677	-0.232312	-0.215189	-0.193879	-0.140843	-0.0318966	0.130591	0.314262	0.471281	0.573202	0.604384	0.576188	0.495309	0.358903	0.175213	-0.0285412	-0.206158	-0.325539	-0.350759	-0.257992	-0.02633	0.316655	0.703681	1.07028	1.36994	1.572	1.66707	1.64605	1.52021	1.32314	1.08733	0.812692	0.517255	0.221444	-0.0571823	-0.29727	-0.483855	-0.628726	-0.733629	-0.812846	
-0.28646	-0.28646	-0.291135	-0.293758	-0.289672	-0.281246	-0.277911	-0.286521	-0.292334	-0.276169	-0.244588	-0.222872	-0.212232	-0.188895	-0.126786	-0.00933997	0.151286	0.322957	0.465842	0.561358	0.59772	0.580503	0.507725	0.371789	0.183249	-0.0243925	-0.199821	-0.311843	-0.328439	-0.233532	-0.00971734	0.315473	0.680108	1.02595	1.31212	1.50905	1.60831	1.59526	1.48038	1.29331	1.06792	0.806195	0.527311	0.248693	-0.0133207	-0.243161	-0.425129	-0.569492	-0.676456	-0.758267	
-0.283346	-0.283346	-0.293758	-0.306378	-0.317032	-0.316932	-0.312397	-0.302698	-0.28623	-0.252204	-0.217373	-0.201284	-0.196022	-0.171848	-0.102664	0.0169811	0.170048	0.323922	0.44893	0.535178	0.574375	0.567276	0.503942	0.372437	0.184427	-0.0211411	-0.190281	-0.289301	-0.294068	-0.194307	0.0172247	0.313211	0.638442	0.945552	1.20246	1.38742	1.48617	1.48509	1.38434	1.21483	1.00979	0.776132	0.531539	0.291586	0.0615978	-0.143935	-0.314507	-0.455567	-0.563455	-0.650086	
-0.27113	-0.27113	-0.289672	-0.317032	-0.338187	-0.344249	-0.33082	-0.306805	-0.270376	-0.223803	-0.180271	-0.159114	-0.15069	-0.125875	-0.0629423	0.0457337	0.182908	0.321562	0.433629	0.509794	0.542804	0.533	0.471021	0.34532	0.166789	-0.0270242	-0.182282	-0.268112	-0.261064	-0.1602	0.0363599	0.298803	0.579021	0.83984	1.06041	1.22165	1.3151	1.31838	1.23538	1.09014	0.917829	0.72612	0.530552	0.337698	0.152871	-0.0196876	-0.166259	-0.291308	-0.392828	-0.47978	
-0.254152	-0.254152	-0.281246	-0.316932	-0.344249	-0.345363	-0.326711	-0.292177	-0.249772	-0.192625	-0.136075	-0.0977809	-0.0779562	-0.0564662	-0.00878005	0.0771557	0.196221	0.322053	0.4256	0.490722	0.509863	0.485735	0.414855	0.290067	0.122506	-0.0530982	-0.191385	-0.262671	-0.251736	-0.156624	0.0190517	0.24897	0.4912	0.714039	0.899247	1.03619	1.11213	1.11776	1.05059	0.93799	0.80755	0.664978	0.518747	0.376385	0.2364	0.109699	0.00191768	-0.092599	-0.175961	-0.260871	
-0.251397	-0.251397	-0.277911	-0.312397	-0.33082	-0.326711	-0.301679	-0.269006	-0.222273	-0.157119	-0.0813571	-0.0227075	0.00836464	0.0257873	0.0552569	0.119758	0.217879	0.327118	0.414628	0.461692	0.460357	0.415657	0.328615	0.198879	0.0401677	-0.116542	-0.233129	-0.290233	-0.274916	-0.188452	-0.0320863	0.171636	0.38481	0.576942	0.731942	0.838426	0.896676	0.897343	0.849515	0.771935	0.686221	0.592997	0.496694	0.400587	0.312009	0.234146	0.172146	0.113514	0.0468926	-0.0344847	
-0.270129	-0.270129	-0.286521	-0.302698	-0.306805	-0.292177	-0.269006	-0.235559	-0.186795	-0.109416	-0.0199216	0.0526105	0.0899488	0.104007	0.123728	0.171381	0.24877	0.331881	0.392645	0.411559	0.384733	0.316899	0.214227	0.0805269	-0.0692464	-0.207463	-0.306806	-0.349567	-0.328484	-0.241279	-0.0920066	0.0968168	0.290149	0.457489	0.582838	0.664347	0.700603	0.697806	0.660745	0.609918	0.559569	0.509461	0.460019	0.416458	0.379093	0.353167	0.331617	0.299424	0.245008	0.163351	
-0.293529	-0.293529	-0.292334	-0.28623	-0.270376	-0.249772	-0.222273	-0.186795	-0.128325	-0.0457645	0.0475171	0.121051	0.161563	0.179111	0.197899	0.235903	0.290602	0.342787	0.367557	0.351089	0.291928	0.2004	0.0856486	-0.0453915	-0.18168	-0.303463	-0.388139	-0.419151	-0.386138	-0.286657	-0.130907	0.056805	0.239658	0.38904	0.492439	0.548652	0.56642	0.551658	0.51852	0.483837	0.458781	0.444338	0.43712	0.436059	0.442861	0.452834	0.458331	0.445419	0.400564	0.3281	
-0.289916	-0.289916	-0.276169	-0.252204	-0.223803	-0.192625	-0.157119	-0.109416	-0.0457645	0.0327214	0.111147	0.174591	0.213939	0.237393	0.258819	0.287582	0.319683	0.337745	0.325461	0.271005	0.182097	0.0709859	-0.047967	-0.169576	-0.288155	-0.389416	-0.45702	-0.471856	-0.423838	-0.309852	-0.141684	0.0527559	0.239219	0.385328	0.475148	0.511696	0.503861	0.471449	0.432257	0.405371	0.397715	0.4079	0.428164	0.454231	0.482519	0.510443	0.527495	0.525424	0.494434	0.435663	
-0.260677	-0.260677	-0.244588	-0.217373	-0.180271	-0.136075	-0.0813571	-0.0199216	0.0475171	0.111147	0.168169	0.2136	0.247644	0.271548	0.291917	0.309859	0.316903	0.300125	0.248592	0.161491	0.0494838	-0.0717529	-0.190698	-0.301698	-0.399788	-0.474101	-0.513361	-0.502589	-0.436344	-0.306746	-0.127462	0.0798992	0.277742	0.42972	0.51413	0.532451	0.501084	0.446497	0.394899	0.365809	0.36076	0.38057	0.412608	0.448068	0.482092	0.508538	0.521071	0.519388	0.495148	0.455026	
-0.232312	-0.232312	-0.222872	-0.201284	-0.159114	-0.0977809	-0.0227075	0.0526105	0.121051	0.174591	0.2136	0.243572	0.264897	0.281007	0.292922	0.297676	0.280777	0.230079	0.146509	0.0352856	-0.0870224	-0.211532	-0.328022	-0.429816	-0.509701	-0.557427	-0.567546	-0.530286	-0.441327	-0.294295	-0.0991865	0.11922	0.326805	0.484402	0.569699	0.584249	0.543196	0.47298	0.402308	0.351593	0.326891	0.334407	0.36364	0.398553	0.428018	0.443534	0.440363	0.428654	0.406861	0.380021	
-0.215189	-0.215189	-0.212232	-0.196022	-0.15069	-0.0779562	0.00836464	0.0899488	0.161563	0.213939	0.247644	0.264897	0.270355	0.267405	0.261715	0.248185	0.209059	0.135966	0.0337359	-0.0855232	-0.209429	-0.330325	-0.440017	-0.531158	-0.597274	-0.630544	-0.625899	-0.568346	-0.457438	-0.286231	-0.0773786	0.145253	0.349973	0.508194	0.601372	0.629819	0.597705	0.523495	0.432485	0.351145	0.290963	0.270445	0.279477	0.299405	0.314394	0.314509	0.2986	0.281363	0.262138	0.248711	
-0.193879	-0.193879	-0.188895	-0.171848	-0.125875	-0.0564662	0.0257873	0.104007	0.179111	0.237393	0.271548	0.281007	0.267405	0.238267	0.201744	0.161088	0.102851	0.0206493	-0.0802424	-0.194061	-0.309524	-0.420031	-0.51654	-0.595261	-0.655292	-0.688822	-0.681622	-0.612899	-0.48085	-0.291273	-0.0737458	0.143989	0.341141	0.498236	0.60235	0.646558	0.627886	0.553327	0.450187	0.345298	0.253433	0.197094	0.172445	0.161736	0.155477	0.146308	0.130341	0.120132	0.10845	0.0991435	
-0.140843	-0.140843	-0.126786	-0.102664	-0.0629423	-0.00878005	0.0552569	0.123728	0.197899	0.258819	0.291917	0.292922	0.261715	0.201744	0.12679	0.0529339	-0.0233899	-0.104215	-0.191859	-0.286059	-0.382279	-0.474847	-0.557338	-0.629786	-0.69167	-0.729714	-0.723295	-0.646567	-0.505978	-0.309904	-0.0926032	0.12273	0.318503	0.479376	0.589052	0.640784	0.626199	0.553134	0.446887	0.331165	0.214271	0.120457	0.0529635	0.00698023	-0.0178825	-0.0269984	-0.0292725	-0.0247828	-0.0267483	-0.0328412	
-0.0318966	-0.0318966	-0.00933997	0.0169811	0.0457337	0.0771557	0.119758	0.171381	0.235903	0.287582	0.309859	0.297676	0.248185	0.161088	0.0529339	-0.0497192	-0.141235	-0.220194	-0.288998	-0.354006	-0.421409	-0.495774	-0.574098	-0.651733	-0.719181	-0.759761	-0.751489	-0.675171	-0.53791	-0.346133	-0.128215	0.0932711	0.29738	0.46353	0.575841	0.625974	0.612118	0.539197	0.432369	0.308985	0.170183	0.0421271	-0.0603304	-0.132566	-0.167486	-0.171513	-0.16246	-0.143905	-0.133985	-0.1305	
0.130591	0.130591	0.151286	0.170048	0.182908	0.196221	0.217879	0.24877	0.290602	0.319683	0.316903	0.280777	0.209059	0.102851	-0.0233899	-0.141235	-0.244293	-0.322371	-0.37262	-0.405178	-0.444193	-0.506569	-0.588212	-0.671572	-0.740321	-0.77861	-0.771502	-0.702024	-0.574507	-0.389734	-0.170761	0.0566954	0.266393	0.436533	0.549434	0.601627	0.590207	0.519162	0.412023	0.280924	0.125619	-0.0264282	-0.151233	-0.237491	-0.277152	-0.280279	-0.264592	-0.237435	-0.211509	-0.190623	
0.314262	0.314262	0.322957	0.323922	0.321562	0.322053	0.327118	0.331881	0.342787	0.337745	0.300125	0.230079	0.135966	0.0206493	-0.104215	-0.220194	-0.322371	-0.394576	-0.427682	-0.437765	-0.461809	-0.52192	-0.604879	-0.687858	-0.752627	-0.791192	-0.788154	-0.725598	-0.606591	-0.429013	-0.215148	0.0106434	0.220286	0.390206	0.504816	0.558298	0.550184	0.482942	0.378799	0.249889	0.0913921	-0.0679802	-0.199175	-0.288483	-0.329454	-0.33283	-0.317347	-0.284441	-0.247732	-0.211782	
0.471281	0.471281	0.465842	0.44893	0.433629	0.4256	0.414628	0.392645	0.367557	0.325461	0.248592	0.146509	0.0337359	-0.0802424	-0.191859	-0.288998	-0.37262	-0.427682	-0.447983	-0.451316	-0.475894	-0.534474	-0.613063	-0.688043	-0.750134	-0.789697	-0.788638	-0.731569	-0.622626	-0.463357	-0.265693	-0.0500438	0.154558	0.323856	0.438272	0.494582	0.493646	0.437175	0.348228	0.233331	0.0870173	-0.0661696	-0.192798	-0.278481	-0.318838	-0.325362	-0.31089	-0.276723	-0.229504	-0.183118	
0.573202	0.573202	0.561358	0.535178	0.509794	0.490722	0.461692	0.411559	0.351089	0.271005	0.161491	0.0352856	-0.0855232	-0.194061	-0.286059	-0.354006	-0.405178	-0.437765	-0.451316	-0.460118	-0.488122	-0.545273	-0.615545	-0.68693	-0.746854	-0.785707	-0.784413	-0.733136	-0.642274	-0.507509	-0.331146	-0.128188	0.0715522	0.238769	0.356208	0.420293	0.432204	0.393119	0.322156	0.227714	0.102408	-0.0309804	-0.140447	-0.214475	-0.252498	-0.263689	-0.25501	-0.219378	-0.164594	-0.104007	
0.604384	0.604384	0.59772	0.574375	0.542804	0.509863	0.460357	0.384733	0.291928	0.182097	0.0494838	-0.0870224	-0.209429	-0.309524	-0.382279	-0.421409	-0.444193	-0.461809	-0.475894	-0.488122	-0.517872	-0.569155	-0.636055	-0.70153	-0.757404	-0.792771	-0.792362	-0.751623	-0.676914	-0.563025	-0.404481	-0.212958	-0.0209129	0.146936	0.272576	0.352334	0.38208	0.358405	0.302011	0.224966	0.125511	0.020995	-0.0620856	-0.118014	-0.151439	-0.167052	-0.1624	-0.127621	-0.0628842	0.0111163	
0.576188	0.576188	0.580503	0.567276	0.533	0.485735	0.415657	0.316899	0.2004	0.0709859	-0.0717529	-0.211532	-0.330325	-0.420031	-0.474847	-0.495774	-0.506569	-0.52192	-0.534474	-0.545273	-0.569155	-0.617936	-0.676232	-0.732977	-0.781656	-0.819089	-0.828036	-0.797559	-0.732021	-0.62805	-0.478261	-0.295382	-0.105808	0.0656129	0.205291	0.304088	0.350079	0.337993	0.290161	0.228191	0.15512	0.0824633	0.0289219	-0.0060517	-0.0289831	-0.0426849	-0.0401469	-0.00484599	0.0624989	0.145446	
0.495309	0.495309	0.507725	0.503942	0.471021	0.414855	0.328615	0.214227	0.0856486	-0.047967	-0.190698	-0.328022	-0.440017	-0.51654	-0.557338	-0.574098	-0.588212	-0.604879	-0.613063	-0.615545	-0.636055	-0.676232	-0.722312	-0.763853	-0.809543	-0.855404	-0.876421	-0.854615	-0.792772	-0.6909	-0.543398	-0.359129	-0.167315	0.0126871	0.166203	0.282531	0.342476	0.340795	0.302751	0.256661	0.208345	0.16299	0.132013	0.115384	0.103398	0.0945093	0.0983397	0.130687	0.197896	0.283093	
0.358903	0.358903	0.371789	0.372437	0.34532	0.290067	0.198879	0.0805269	-0.0453915	-0.169576	-0.301698	-0.429816	-0.531158	-0.595261	-0.629786	-0.651733	-0.671572	-0.687858	-0.688043	-0.68693	-0.70153	-0.732977	-0.763853	-0.796064	-0.841157	-0.891767	-0.918186	-0.900397	-0.839943	-0.737744	-0.585019	-0.39473	-0.193617	-0.00426386	0.162025	0.291705	0.362825	0.373131	0.347968	0.317407	0.285963	0.253946	0.232227	0.223432	0.219001	0.215617	0.220507	0.254696	0.322806	0.409978	
0.175213	0.175213	0.183249	0.184427	0.166789	0.122506	0.0401677	-0.0692464	-0.18168	-0.288155	-0.399788	-0.509701	-0.597274	-0.655292	-0.69167	-0.719181	-0.740321	-0.752627	-0.750134	-0.746854	-0.757404	-0.781656	-0.809543	-0.841157	-0.884052	-0.926426	-0.944252	-0.920505	-0.856591	-0.750432	-0.59361	-0.395517	-0.185132	0.0136721	0.186997	0.323593	0.402801	0.425424	0.412836	0.38966	0.359119	0.324084	0.298044	0.290605	0.292212	0.294948	0.307257	0.348115	0.422007	0.512822	
-0.0285412	-0.0285412	-0.0243925	-0.0211411	-0.0270242	-0.0530982	-0.116542	-0.207463	-0.303463	-0.389416	-0.474101	-0.557427	-0.630544	-0.688822	-0.729714	-0.759761	-0.77861	-0.791192	-0.789697	-0.785707	-0.792771	-0.819089	-0.855404	-0.891767	-0.926426	-0.947368	-0.94032	-0.89544	-0.819596	-0.710107	-0.554487	-0.356057	-0.143682	0.0524902	0.220826	0.357053	0.442815	0.479503	0.475547	0.450374	0.408213	0.359954	0.324073	0.314589	0.319876	0.331793	0.354493	0.408938	0.492488	0.585228	
-0.206158	-0.206158	-0.199821	-0.190281	-0.182282	-0.191385	-0.233129	-0.306806	-0.388139	-0.45702	-0.513361	-0.567546	-0.625899	-0.681622	-0.723295	-0.751489	-0.771502	-0.788154	-0.788638	-0.784413	-0.792362	-0.828036	-0.876421	-0.918186	-0.944252	-0.94032	-0.90022	-0.826411	-0.734813	-0.623051	-0.471229	-0.280461	-0.0802597	0.0978847	0.250553	0.38021	0.470657	0.515358	0.515887	0.484426	0.429553	0.369617	0.32471	0.310728	0.320633	0.341804	0.378629	0.446345	0.532933	0.620634	
-0.325539	-0.325539	-0.311843	-0.289301	-0.268112	-0.262671	-0.290233	-0.349567	-0.419151	-0.471856	-0.502589	-0.530286	-0.568346	-0.612899	-0.646567	-0.675171	-0.702024	-0.725598	-0.731569	-0.733136	-0.751623	-0.797559	-0.854615	-0.900397	-0.920505	-0.89544	-0.826411	-0.725888	-0.619981	-0.500132	-0.353066	-0.178204	-0.00325433	0.147922	0.277516	0.393302	0.476924	0.525106	0.530292	0.500959	0.44286	0.37782	0.324534	0.304149	0.310875	0.33576	0.378698	0.450129	0.5339	0.615346	
-0.350759	-0.350759	-0.328439	-0.294068	-0.261064	-0.251736	-0.274916	-0.328484	-0.386138	-0.423838	-0.436344	-0.441327	-0.457438	-0.48085	-0.505978	-0.53791	-0.574507	-0.606591	-0.622626	-0.642274	-0.676914	-0.732021	-0.792772	-0.839943	-0.856591	-0.819596	-0.734813	-0.619981	-0.498569	-0.369957	-0.22763	-0.072959	0.0780607	0.204128	0.308076	0.398948	0.469643	0.514903	0.52602	0.501925	0.445818	0.381931	0.327084	0.298604	0.297862	0.315531	0.351757	0.417905	0.494951	0.574332	
-0.257992	-0.257992	-0.233532	-0.194307	-0.1602	-0.156624	-0.188452	-0.241279	-0.286657	-0.309852	-0.306746	-0.294295	-0.286231	-0.291273	-0.309904	-0.346133	-0.389734	-0.429013	-0.463357	-0.507509	-0.563025	-0.62805	-0.6909	-0.737744	-0.750432	-0.710107	-0.623051	-0.500132	-0.369957	-0.235729	-0.102519	0.0359739	0.167903	0.270285	0.34659	0.415509	0.472632	0.511935	0.521357	0.499294	0.450412	0.398272	0.349322	0.31583	0.30146	0.303852	0.327928	0.383611	0.454328	0.533726	
-0.02633	-0.02633	-0.00971734	0.0172247	0.0363599	0.0190517	-0.0320863	-0.0920066	-0.130907	-0.141684	-0.127462	-0.0991865	-0.0773786	-0.0737458	-0.0926032	-0.128215	-0.170761	-0.215148	-0.265693	-0.331146	-0.404481	-0.478261	-0.543398	-0.585019	-0.59361	-0.554487	-0.471229	-0.353066	-0.22763	-0.102519	0.0182917	0.139568	0.248834	0.329974	0.393777	0.456734	0.508247	0.536015	0.537516	0.517151	0.478607	0.440071	0.398525	0.359385	0.335187	0.328949	0.343734	0.390595	0.453144	0.520884	
0.316655	0.316655	0.315473	0.313211	0.298803	0.24897	0.171636	0.0968168	0.056805	0.0527559	0.0798992	0.11922	0.145253	0.143989	0.12273	0.0932711	0.0566954	0.0106434	-0.0500438	-0.128188	-0.212958	-0.295382	-0.359129	-0.39473	-0.395517	-0.356057	-0.280461	-0.178204	-0.072959	0.0359739	0.139568	0.234513	0.31802	0.389387	0.459034	0.525727	0.571475	0.588731	0.587292	0.571579	0.541962	0.512562	0.477203	0.440335	0.415977	0.405013	0.410761	0.444075	0.48791	0.533859	
0.703681	0.703681	0.680108	0.638442	0.579021	0.4912	0.38481	0.290149	0.239658	0.239219	0.277742	0.326805	0.349973	0.341141	0.318503	0.29738	0.266393	0.220286	0.154558	0.0715522	-0.0209129	-0.105808	-0.167315	-0.193617	-0.185132	-0.143682	-0.0802597	-0.00325433	0.0780607	0.167903	0.248834	0.31802	0.387798	0.466858	0.545984	0.612583	0.65468	0.669808	0.669697	0.655376	0.628628	0.604797	0.580613	0.552027	0.527073	0.506086	0.497467	0.511056	0.533908	0.549414	
1.07028	1.07028	1.02595	0.945552	0.83984	0.714039	0.576942	0.457489	0.38904	0.385328	0.42972	0.484402	0.508194	0.498236	0.479376	0.46353	0.436533	0.390206	0.323856	0.238769	0.146936	0.0656129	0.0126871	-0.00426386	0.0136721	0.0524902	0.0978847	0.147922	0.204128	0.270285	0.329974	0.389387	0.466858	0.55734	0.640131	0.706607	0.751472	0.768379	0.765782	0.751671	0.729055	0.714642	0.701847	0.676142	0.639423	0.602019	0.573984	0.566211	0.560035	0.54055	
1.36994	1.36994	1.31212	1.20246	1.06041	0.899247	0.731942	0.582838	0.492439	0.475148	0.51413	0.569699	0.601372	0.60235	0.589052	0.575841	0.549434	0.504816	0.438272	0.356208	0.272576	0.205291	0.166203	0.162025	0.186997	0.220826	0.250553	0.277516	0.308076	0.34659	0.393777	0.459034	0.545984	0.640131	0.723504	0.792526	0.839705	0.853381	0.855276	0.851487	0.843416	0.839637	0.832663	0.800196	0.747871	0.687261	0.63283	0.588024	0.542365	0.484932	
1.572	1.572	1.50905	1.38742	1.22165	1.03619	0.838426	0.664347	0.548652	0.511696	0.532451	0.584249	0.629819	0.646558	0.640784	0.625974	0.601627	0.558298	0.494582	0.420293	0.352334	0.304088	0.282531	0.291705	0.323593	0.357053	0.38021	0.393302	0.398948	0.415509	0.456734	0.525727	0.612583	0.706607	0.792526	0.86203	0.901683	0.920377	0.934593	0.947404	0.949908	0.950872	0.944325	0.9098	0.844718	0.764289	0.6746	0.585017	0.493596	0.397692	
1.66707	1.66707	1.60831	1.48617	1.3151	1.11213	0.896676	0.700603	0.56642	0.503861	0.501084	0.543196	0.597705	0.627886	0.626199	0.612118	0.590207	0.550184	0.493646	0.432204	0.38208	0.350079	0.342476	0.362825	0.402801	0.442815	0.470657	0.476924	0.469643	0.472632	0.508247	0.571475	0.65468	0.751472	0.839705	0.901683	0.942651	0.971261	0.997056	1.01313	1.01588	1.01508	1.00707	0.970088	0.89941	0.800394	0.682842	0.557905	0.425782	0.300238	
1.64605	1.64605	1.59526	1.48509	1.31838	1.11776	0.897343	0.697806	0.551658	0.471449	0.446497	0.47298	0.523495	0.553327	0.553134	0.539197	0.519162	0.482942	0.437175	0.393119	0.358405	0.337993	0.340795	0.373131	0.425424	0.479503	0.515358	0.525106	0.514903	0.511935	0.536015	0.588731	0.669808	0.768379	0.853381	0.920377	0.971261	1.01193	1.03568	1.04662	1.04423	1.02991	1.00447	0.956529	0.874219	0.766115	0.636591	0.488189	0.33363	0.192747	
1.52021	1.52021	1.48038	1.38434	1.23538	1.05059	0.849515	0.660745	0.51852	0.432257	0.394899	0.402308	0.432485	0.450187	0.446887	0.432369	0.412023	0.378799	0.348228	0.322156	0.302011	0.290161	0.302751	0.347968	0.412836	0.475547	0.515887	0.530292	0.52602	0.521357	0.537516	0.587292	0.669697	0.765782	0.855276	0.934593	0.997056	1.03568	1.05137	1.0578	1.04007	0.999675	0.946785	0.879295	0.789551	0.679134	0.53932	0.380419	0.217178	0.0772019	
1.32314	1.32314	1.29331	1.21483	1.09014	0.93799	0.771935	0.609918	0.483837	0.405371	0.365809	0.351593	0.351145	0.345298	0.331165	0.308985	0.280924	0.249889	0.233331	0.227714	0.224966	0.228191	0.256661	0.317407	0.38966	0.450374	0.484426	0.500959	0.501925	0.499294	0.517151	0.571579	0.655376	0.751671	0.851487	0.947404	1.01313	1.04662	1.0578	1.05043	1.00771	0.934882	0.849283	0.761558	0.66401	0.547964	0.405239	0.249298	0.0995857	-0.0277496	
1.08733	1.08733	1.06792	1.00979	0.917829	0.80755	0.686221	0.559569	0.458781	0.397715	0.36076	0.326891	0.290963	0.253433	0.214271	0.170183	0.125619	0.0913921	0.0870173	0.102408	0.125511	0.15512	0.208345	0.285963	0.359119	0.408213	0.429553	0.44286	0.445818	0.450412	0.478607	0.541962	0.628628	0.729055	0.843416	0.949908	1.01588	1.04423	1.04007	1.00771	0.933886	0.829846	0.714713	0.60603	0.500263	0.381935	0.245454	0.111268	-0.0177809	-0.13277	
0.812692	0.812692	0.806195	0.776132	0.72612	0.664978	0.592997	0.509461	0.444338	0.4079	0.38057	0.334407	0.270445	0.197094	0.120457	0.0421271	-0.0264282	-0.0679802	-0.0661696	-0.0309804	0.020995	0.0824633	0.16299	0.253946	0.324084	0.359954	0.369617	0.37782	0.381931	0.398272	0.440071	0.512562	0.604797	0.714642	0.839637	0.950872	1.01508	1.02991	0.999675	0.934882	0.829846	0.697337	0.554564	0.430036	0.31858	0.20365	0.0854199	-0.0235287	-0.131831	-0.226844	
0.517255	0.517255	0.527311	0.531539	0.530552	0.518747	0.496694	0.460019	0.43712	0.428164	0.412608	0.36364	0.279477	0.172445	0.0529635	-0.0603304	-0.151233	-0.199175	-0.192798	-0.140447	-0.0620856	0.0289219	0.132013	0.232227	0.298044	0.324073	0.32471	0.324534	0.327084	0.349322	0.398525	0.477203	0.580613	0.701847	0.832663	0.944325	1.00707	1.00447	0.946785	0.849283	0.714713	0.554564	0.392725	0.253597	0.138976	0.0337672	-0.0635491	-0.147643	-0.22518	-0.293493	
0.221444	0.221444	0.248693	0.291586	0.337698	0.376385	0.400587	0.416458	0.436059	0.454231	0.448068	0.398553	0.299405	0.161736	0.00698023	-0.132566	-0.237491	-0.288483	-0.278481	-0.214475	-0.118014	-0.0060517	0.115384	0.223432	0.290605	0.314589	0.310728	0.304149	0.298604	0.31583	0.359385	0.440335	0.552027	0.676142	0.800196	0.9098	0.970088	0.956529	0.879295	0.761558	0.60603	0.430036	0.253597	0.102083	-0.0174453	-0.115346	-0.195491	-0.251837	-0.294927	-0.338787	
-0.0571823	-0.0571823	-0.0133207	0.0615978	0.152871	0.2364	0.312009	0.379093	0.442861	0.482519	0.482092	0.428018	0.314394	0.155477	-0.0178825	-0.167486	-0.277152	-0.329454	-0.318838	-0.252498	-0.151439	-0.0289831	0.103398	0.219001	0.292212	0.319876	0.320633	0.310875	0.297862	0.30146	0.335187	0.415977	0.527073	0.639423	0.747871	0.844718	0.89941	0.874219	0.789551	0.66401	0.500263	0.31858	0.138976	-0.0174453	-0.136196	-0.227894	-0.294399	-0.328232	-0.350511	-0.375281	
-0.29727	-0.29727	-0.243161	-0.143935	-0.0196876	0.109699	0.234146	0.353167	0.452834	0.510443	0.508538	0.443534	0.314509	0.146308	-0.0269984	-0.171513	-0.280279	-0.33283	-0.325362	-0.263689	-0.167052	-0.0426849	0.0945093	0.215617	0.294948	0.331793	0.341804	0.33576	0.315531	0.303852	0.328949	0.405013	0.506086	0.602019	0.687261	0.764289	0.800394	0.766115	0.679134	0.547964	0.381935	0.20365	0.0337672	-0.115346	-0.227894	-0.309655	-0.359571	-0.383548	-0.392437	-0.397321	
-0.483855	-0.483855	-0.425129	-0.314507	-0.166259	0.00191768	0.172146	0.331617	0.458331	0.527495	0.521071	0.440363	0.2986	0.130341	-0.0292725	-0.16246	-0.264592	-0.317347	-0.31089	-0.25501	-0.1624	-0.0401469	0.0983397	0.220507	0.307257	0.354493	0.378629	0.378698	0.351757	0.327928	0.343734	0.410761	0.497467	0.573984	0.63283	0.6746	0.682842	0.636591	0.53932	0.405239	0.245454	0.0854199	-0.0635491	-0.195491	-0.294399	-0.359571	-0.40629	-0.42419	-0.415434	-0.392969	
-0.628726	-0.628726	-0.569492	-0.455567	-0.291308	-0.092599	0.113514	0.299424	0.445419	0.525424	0.519388	0.428654	0.281363	0.120132	-0.0247828	-0.143905	-0.237435	-0.284441	-0.276723	-0.219378	-0.127621	-0.00484599	0.130687	0.254696	0.348115	0.408938	0.446345	0.450129	0.417905	0.383611	0.390595	0.444075	0.511056	0.566211	0.588024	0.585017	0.557905	0.488189	0.380419	0.249298	0.111268	-0.0235287	-0.147643	-0.251837	-0.328232	-0.383548	-0.42419	-0.43238	-0.397923	-0.352321	
-0.733629	-0.733629	-0.676456	-0.563455	-0.392828	-0.175961	0.0468926	0.245008	0.400564	0.494434	0.495148	0.406861	0.262138	0.10845	-0.0267483	-0.133985	-0.211509	-0.247732	-0.229504	-0.164594	-0.0628842	0.0624989	0.197896	0.322806	0.422007	0.492488	0.532933	0.5339	0.494951	0.454328	0.453144	0.48791	0.533908	0.560035	0.542365	0.493596	0.425782	0.33363	0.217178	0.0995857	-0.0177809	-0.131831	-0.22518	-0.294927	-0.350511	-0.392437	-0.415434	-0.397923	-0.341882	-0.28664	
-0.812846	-0.812846	-0.758267	-0.650086	-0.47978	-0.260871	-0.0344847	0.163351	0.3281	0.435663	0.455026	0.380021	0.248711	0.0991435	-0.0328412	-0.1305	-0.190623	-0.211782	-0.183118	-0.104007	0.0111163	0.145446	0.283093	0.409978	0.512822	0.585228	0.620634	0.615346	0.574332	0.533726	0.520884	0.533859	0.549414	0.54055	0.484932	0.397692	0.300238	0.192747	0.0772019	-0.0277496	-0.13277	-0.226844	-0.293493	-0.338787	-0.375281	-0.397321	-0.392969	-0.352321	-0.28664	-0.220624	
