-0.426038	-0.376076	-0.313909	-0.253866	-0.195416	-0.131807	-0.0748368	-0.0309539	0.00639998	0.0426303	0.092995	0.143362	0.193994	0.236489	0.276353	0.331713	0.391283	0.441181	0.475053	0.481012	0.453108	0.394842	0.312309	0.22676	0.152067	0.106198	0.10592	0.147455	0.211243	0.266952	0.290769	0.288612	0.258458	0.193145	0.088911	-0.0435914	-0.186878	-0.344984	-0.492833	-0.594733	-0.629229	-0.588634	-0.486058	-0.348213	-0.196131	-0.0440035	0.0854956	0.184303	0.240468	0.240468	
-0.376076	-0.347151	-0.316556	-0.291936	-0.26323	-0.222289	-0.184842	-0.158771	-0.137557	-0.112117	-0.0664936	-0.0141395	0.0414893	0.0942073	0.136841	0.18783	0.239606	0.286568	0.32882	0.345099	0.318471	0.262632	0.192831	0.127967	0.0838217	0.0546048	0.058682	0.106232	0.170785	0.222136	0.24655	0.247512	0.22583	0.174498	0.0906225	-0.0158657	-0.129485	-0.250637	-0.363812	-0.438079	-0.453751	-0.401488	-0.294893	-0.154153	-8.1461e-06	0.150897	0.280682	0.37518	0.427378	0.427378	
-0.313909	-0.316556	-0.322568	-0.328052	-0.326921	-0.312401	-0.294727	-0.279729	-0.269208	-0.251104	-0.216397	-0.165746	-0.109128	-0.0502894	0.00908436	0.0707579	0.12515	0.173276	0.218705	0.236964	0.212903	0.157209	0.0931572	0.0422319	0.0100204	-0.0092457	-0.000255722	0.0480437	0.111792	0.157594	0.181396	0.178926	0.155927	0.117367	0.0648888	-0.00466436	-0.0798949	-0.15765	-0.226364	-0.263214	-0.255385	-0.196097	-0.0944786	0.0446799	0.192035	0.333795	0.452518	0.53397	0.576116	0.576116	
-0.253866	-0.291936	-0.328052	-0.359148	-0.377401	-0.382167	-0.375797	-0.362735	-0.357573	-0.342089	-0.31295	-0.268484	-0.21199	-0.146442	-0.0747688	-0.00358101	0.0559464	0.106125	0.146573	0.159112	0.138077	0.0906445	0.0358266	-0.0139481	-0.0485617	-0.0635607	-0.0477987	0.000787187	0.057098	0.0949425	0.114951	0.106046	0.0773346	0.0485084	0.027458	-0.00399345	-0.0387565	-0.0767548	-0.104684	-0.101939	-0.0729311	-0.00922589	0.0819209	0.207304	0.339789	0.461173	0.559249	0.622146	0.650275	0.650275	
-0.195416	-0.26323	-0.326921	-0.377401	-0.406393	-0.416011	-0.410343	-0.39504	-0.388172	-0.378694	-0.353989	-0.311386	-0.251451	-0.178217	-0.105075	-0.0329748	0.0338701	0.0788676	0.111405	0.115709	0.103339	0.0717167	0.0231298	-0.0318569	-0.0787553	-0.0958079	-0.0769313	-0.0316716	0.0165993	0.0474274	0.0633664	0.0512071	0.0222714	0.00152401	-0.00166226	-0.00175301	-0.00533965	-0.0102062	-0.00616427	0.0226013	0.068413	0.13469	0.214687	0.316103	0.417345	0.502411	0.569179	0.606245	0.622373	0.622373	
-0.131807	-0.222289	-0.312401	-0.382167	-0.416011	-0.417726	-0.403307	-0.385962	-0.376028	-0.366285	-0.343139	-0.295521	-0.228951	-0.150536	-0.0729918	-0.00311114	0.0555391	0.0890935	0.109496	0.110254	0.103377	0.0837009	0.0422593	-0.0123881	-0.0625704	-0.0866382	-0.0741545	-0.0414611	-0.00836374	0.014163	0.0197952	0.00702274	-0.0137056	-0.0278594	-0.0190901	0.000652706	0.0223958	0.0454105	0.0714897	0.110534	0.160333	0.225515	0.295157	0.365566	0.422311	0.460619	0.484582	0.498437	0.50646	0.50646	
-0.0748368	-0.184842	-0.294727	-0.375797	-0.410343	-0.403307	-0.378734	-0.355994	-0.337097	-0.319581	-0.283987	-0.22533	-0.150554	-0.062155	0.0192665	0.0717724	0.106911	0.123669	0.13066	0.126852	0.121246	0.110285	0.0862842	0.0447445	0.000921617	-0.0255554	-0.0329215	-0.0255794	-0.0144303	-0.00903344	-0.0139567	-0.0269555	-0.040969	-0.0458932	-0.0304335	0.000494719	0.0392989	0.0816151	0.124286	0.168085	0.216515	0.277574	0.332771	0.366078	0.375323	0.363405	0.341035	0.330138	0.330492	0.330492	
-0.0309539	-0.158771	-0.279729	-0.362735	-0.39504	-0.385962	-0.355994	-0.324111	-0.288704	-0.248301	-0.194879	-0.122609	-0.0331513	0.059206	0.131623	0.166691	0.180621	0.186817	0.182354	0.168072	0.162755	0.165018	0.155341	0.130896	0.101097	0.0710473	0.0466845	0.0268927	0.0105571	-0.00441254	-0.0225143	-0.0421177	-0.053153	-0.0492685	-0.0273409	0.0130157	0.0569684	0.106274	0.158798	0.202872	0.249807	0.296862	0.321507	0.314528	0.283266	0.238097	0.18547	0.151453	0.143196	0.143196	
0.00639998	-0.137557	-0.269208	-0.357573	-0.388172	-0.376028	-0.337097	-0.288704	-0.229463	-0.166886	-0.0916094	-0.00197367	0.0954578	0.181657	0.241978	0.271015	0.275641	0.272463	0.254472	0.233283	0.234005	0.248943	0.253897	0.249063	0.229032	0.197966	0.165376	0.129839	0.0920761	0.0551692	0.018472	-0.0115432	-0.0284576	-0.0241361	0.00232031	0.0383326	0.0797925	0.125837	0.176933	0.224944	0.26634	0.292863	0.280518	0.230954	0.171803	0.109563	0.0437654	-0.00511481	-0.0249877	-0.0249877	
0.0426303	-0.112117	-0.251104	-0.342089	-0.378694	-0.366285	-0.319581	-0.248301	-0.166886	-0.0810737	0.0169106	0.123275	0.216719	0.28638	0.336621	0.361997	0.361913	0.353657	0.332595	0.318519	0.326852	0.354017	0.377731	0.389072	0.381143	0.349997	0.321722	0.286721	0.236636	0.182066	0.128554	0.081872	0.0490485	0.0414947	0.0531807	0.0763793	0.110116	0.151674	0.203763	0.249454	0.28139	0.284508	0.239459	0.159311	0.0740055	-0.00210552	-0.0742691	-0.129473	-0.156695	-0.156695	
0.092995	-0.0664936	-0.216397	-0.31295	-0.353989	-0.343139	-0.283987	-0.194879	-0.0916094	0.0169106	0.13025	0.235771	0.316823	0.368849	0.405704	0.426591	0.425885	0.423648	0.415805	0.416601	0.435349	0.473809	0.513734	0.547584	0.559275	0.540121	0.518055	0.48243	0.423514	0.356372	0.288878	0.222487	0.169878	0.137452	0.124617	0.128704	0.151706	0.194564	0.246329	0.288073	0.303998	0.286098	0.225992	0.130175	0.0260434	-0.0687294	-0.147335	-0.204228	-0.232759	-0.232759	
0.143362	-0.0141395	-0.165746	-0.268484	-0.311386	-0.295521	-0.22533	-0.122609	-0.00197367	0.123275	0.235771	0.333527	0.396156	0.427778	0.450091	0.465076	0.473496	0.489786	0.511411	0.542091	0.582034	0.627251	0.675888	0.728097	0.761915	0.760446	0.739392	0.697724	0.63465	0.55935	0.478693	0.394638	0.317175	0.256359	0.213519	0.193457	0.200879	0.238072	0.292628	0.334404	0.343581	0.319123	0.25852	0.161898	0.0473947	-0.0642748	-0.154386	-0.218063	-0.249415	-0.249415	
0.193994	0.0414893	-0.109128	-0.21199	-0.251451	-0.228951	-0.150554	-0.0331513	0.0954578	0.216719	0.316823	0.396156	0.443121	0.460457	0.477572	0.497825	0.521937	0.566363	0.624355	0.694415	0.759475	0.818022	0.873193	0.93141	0.980931	0.992727	0.974583	0.930057	0.863036	0.778984	0.68361	0.583252	0.484926	0.39632	0.327164	0.281791	0.265937	0.288157	0.340222	0.387903	0.406631	0.392443	0.340269	0.247617	0.128698	0.00652524	-0.0997225	-0.174815	-0.213821	-0.213821	
0.236489	0.0942073	-0.0502894	-0.146442	-0.178217	-0.150536	-0.062155	0.059206	0.181657	0.28638	0.368849	0.427778	0.460457	0.480325	0.50589	0.539466	0.589478	0.663154	0.754355	0.850179	0.94284	1.02575	1.09149	1.15122	1.20457	1.22955	1.21913	1.17507	1.10253	1.00474	0.892143	0.775855	0.657934	0.54609	0.452608	0.386911	0.349212	0.356426	0.401439	0.455111	0.495217	0.502485	0.464147	0.373813	0.251554	0.118339	-0.000248845	-0.0852002	-0.127588	-0.127588	
0.276353	0.136841	0.00908436	-0.0747688	-0.105075	-0.0729918	0.0192665	0.131623	0.241978	0.336621	0.405704	0.450091	0.477572	0.50589	0.546329	0.603793	0.688883	0.797327	0.909773	1.02519	1.14262	1.24931	1.32783	1.38845	1.44039	1.46826	1.45868	1.40997	1.32835	1.21517	1.08312	0.947841	0.809896	0.67599	0.560396	0.476227	0.429019	0.430438	0.474533	0.541187	0.609051	0.643876	0.620009	0.531426	0.402159	0.256765	0.126897	0.0388905	-0.00401617	-0.00401617	
0.331713	0.18783	0.0707579	-0.00358101	-0.0329748	-0.00311114	0.0717724	0.166691	0.271015	0.361997	0.426591	0.465076	0.497825	0.539466	0.603793	0.700483	0.830819	0.974924	1.11271	1.25196	1.38432	1.4997	1.58557	1.64729	1.6896	1.70097	1.67681	1.61203	1.51095	1.37801	1.22113	1.06431	0.912141	0.767529	0.640737	0.547787	0.501442	0.506278	0.561972	0.649817	0.745675	0.797718	0.776707	0.688595	0.553437	0.4031	0.268024	0.176437	0.130286	0.130286	
0.391283	0.239606	0.12515	0.0559464	0.0338701	0.0555391	0.106911	0.180621	0.275641	0.361913	0.425885	0.473496	0.521937	0.589478	0.688883	0.830819	0.999983	1.17545	1.34612	1.51128	1.65247	1.76358	1.85109	1.90795	1.92884	1.91563	1.8681	1.77668	1.64764	1.48512	1.30183	1.12255	0.961841	0.817952	0.69038	0.598786	0.557169	0.574626	0.649645	0.769331	0.886768	0.943067	0.917537	0.823372	0.690111	0.539128	0.402522	0.301261	0.244502	0.244502	
0.441181	0.286568	0.173276	0.106125	0.0788676	0.0890935	0.123669	0.186817	0.272463	0.353657	0.423648	0.489786	0.566363	0.663154	0.797327	0.974924	1.17545	1.37989	1.57848	1.76077	1.90209	2.00454	2.08239	2.13024	2.13392	2.10213	2.03324	1.9084	1.74038	1.5445	1.33234	1.13437	0.967046	0.821875	0.698398	0.614343	0.589401	0.625938	0.727019	0.867814	0.997723	1.05825	1.03049	0.939334	0.802789	0.651267	0.510297	0.399634	0.336267	0.336267	
0.475053	0.32882	0.218705	0.146573	0.111405	0.109496	0.13066	0.182354	0.254472	0.332595	0.415805	0.511411	0.624355	0.754355	0.909773	1.11271	1.34612	1.57848	1.79582	1.98761	2.12417	2.20904	2.2708	2.29866	2.2848	2.2328	2.13221	1.9682	1.76101	1.53475	1.30993	1.10829	0.939033	0.791782	0.671834	0.601552	0.603297	0.670102	0.788617	0.936933	1.06501	1.1342	1.11861	1.02894	0.885178	0.717458	0.565648	0.452588	0.392392	0.392392	
0.481012	0.345099	0.236964	0.159112	0.115709	0.110254	0.126852	0.168072	0.233283	0.318519	0.416601	0.542091	0.694415	0.850179	1.02519	1.25196	1.51128	1.76077	1.98761	2.17464	2.29997	2.36674	2.40444	2.41094	2.37493	2.29604	2.16097	1.95697	1.71259	1.46358	1.23333	1.0328	0.867195	0.724922	0.615906	0.564957	0.592014	0.68878	0.823185	0.970881	1.09849	1.17389	1.16646	1.07691	0.920108	0.734608	0.569433	0.454929	0.401126	0.401126	
0.453108	0.318471	0.212903	0.138077	0.103339	0.103377	0.121246	0.162755	0.234005	0.326852	0.435349	0.582034	0.759475	0.94284	1.14262	1.38432	1.65247	1.90209	2.12417	2.29997	2.41177	2.45993	2.47047	2.44434	2.37591	2.26895	2.10253	1.87287	1.6115	1.35466	1.12169	0.919578	0.75989	0.638838	0.552923	0.516126	0.556981	0.669446	0.82106	0.982291	1.11681	1.18981	1.16958	1.06621	0.896871	0.697569	0.519188	0.392798	0.332914	0.332914	
0.394842	0.262632	0.157209	0.0906445	0.0717167	0.0837009	0.110285	0.165018	0.248943	0.354017	0.473809	0.627251	0.818022	1.02575	1.24931	1.4997	1.76358	2.00454	2.20904	2.36674	2.45993	2.48518	2.46297	2.39539	2.29088	2.15238	1.96227	1.72265	1.46497	1.21511	0.981962	0.778678	0.633351	0.542159	0.485619	0.462616	0.50395	0.618209	0.777544	0.956434	1.10028	1.16096	1.11887	0.994782	0.81547	0.609926	0.421532	0.280702	0.204997	0.204997	
0.312309	0.192831	0.0931572	0.0358266	0.0231298	0.0422593	0.0862842	0.155341	0.253897	0.377731	0.513734	0.675888	0.873193	1.09149	1.32783	1.58557	1.85109	2.08239	2.2708	2.40444	2.47047	2.46297	2.39585	2.28185	2.13456	1.96238	1.75503	1.51733	1.27334	1.03865	0.815288	0.62452	0.496134	0.426836	0.389872	0.386134	0.431635	0.539513	0.697041	0.874775	1.02091	1.07252	1.0193	0.884612	0.692768	0.47942	0.285399	0.135999	0.0511015	0.0511015	
0.22676	0.127967	0.0422319	-0.0139481	-0.0318569	-0.0123881	0.0447445	0.130896	0.249063	0.389072	0.547584	0.728097	0.93141	1.15122	1.38845	1.64729	1.90795	2.13024	2.29866	2.41094	2.44434	2.39539	2.28185	2.1196	1.9294	1.73103	1.51398	1.28245	1.05238	0.829697	0.62484	0.459751	0.345947	0.280895	0.255678	0.269663	0.328448	0.434283	0.57952	0.744504	0.879897	0.932956	0.888201	0.75083	0.549041	0.3224	0.12097	-0.0302448	-0.117023	-0.117023	
0.152067	0.0838217	0.0100204	-0.0485617	-0.0787553	-0.0625704	0.000921617	0.101097	0.229032	0.381143	0.559275	0.761915	0.980931	1.20457	1.44039	1.6896	1.92884	2.13392	2.2848	2.37493	2.37591	2.29088	2.13456	1.9294	1.71038	1.48841	1.26792	1.04367	0.819493	0.606833	0.421299	0.283983	0.186698	0.125561	0.105862	0.1339	0.199045	0.301731	0.436775	0.578228	0.700233	0.753485	0.717522	0.585715	0.38148	0.15321	-0.0532651	-0.206382	-0.292749	-0.292749	
0.106198	0.0546048	-0.0092457	-0.0635607	-0.0958079	-0.0866382	-0.0255554	0.0710473	0.197966	0.349997	0.540121	0.760446	0.992727	1.22955	1.46826	1.70097	1.91563	2.10213	2.2328	2.29604	2.26895	2.15238	1.96238	1.73103	1.48841	1.25124	1.02403	0.802544	0.588861	0.390115	0.228864	0.11979	0.0419959	-0.00830108	-0.0246224	-0.000445055	0.0566566	0.150686	0.272182	0.395593	0.499955	0.545628	0.511937	0.38562	0.196539	-0.019964	-0.222126	-0.376062	-0.462552	-0.462552	
0.10592	0.058682	-0.000255722	-0.0477987	-0.0769313	-0.0741545	-0.0329215	0.0466845	0.165376	0.321722	0.518055	0.739392	0.974583	1.21913	1.45868	1.67681	1.8681	2.03324	2.13221	2.16097	2.10253	1.96227	1.75503	1.51398	1.26792	1.02403	0.7923	0.572394	0.371972	0.200035	0.0663708	-0.0202295	-0.077753	-0.115807	-0.133769	-0.123192	-0.0803394	-0.000814265	0.107474	0.212456	0.296108	0.327901	0.290785	0.177938	0.00981749	-0.184374	-0.36986	-0.513611	-0.593667	-0.593667	
0.147455	0.106232	0.0480437	0.000787187	-0.0316716	-0.0414611	-0.0255794	0.0268927	0.129839	0.286721	0.48243	0.697724	0.930057	1.17507	1.40997	1.61203	1.77668	1.9084	1.9682	1.95697	1.87287	1.72265	1.51733	1.28245	1.04367	0.802544	0.572394	0.359926	0.18305	0.0454661	-0.0600453	-0.127279	-0.165978	-0.193446	-0.214724	-0.214213	-0.18481	-0.119208	-0.0273296	0.0599853	0.121072	0.134281	0.0949881	-0.00741806	-0.158823	-0.3325	-0.49496	-0.618158	-0.686858	-0.686858	
0.211243	0.170785	0.111792	0.057098	0.0165993	-0.00836374	-0.0144303	0.0105571	0.0920761	0.236636	0.423514	0.63465	0.863036	1.10253	1.32835	1.51095	1.64764	1.74038	1.76101	1.71259	1.6115	1.46497	1.27334	1.05238	0.819493	0.588861	0.371972	0.18305	0.0365061	-0.0735982	-0.156442	-0.206443	-0.23079	-0.247777	-0.263057	-0.262053	-0.240523	-0.192718	-0.119444	-0.0491623	-0.0104373	-0.0150575	-0.0616989	-0.159859	-0.295468	-0.44355	-0.574642	-0.673871	-0.729551	-0.729551	
0.266952	0.222136	0.157594	0.0949425	0.0474274	0.014163	-0.00903344	-0.00441254	0.0551692	0.182066	0.356372	0.55935	0.778984	1.00474	1.21517	1.37801	1.48512	1.5445	1.53475	1.46358	1.35466	1.21511	1.03865	0.829697	0.606833	0.390115	0.200035	0.0454661	-0.0735982	-0.159641	-0.218466	-0.252806	-0.267902	-0.27674	-0.278524	-0.270379	-0.258639	-0.230216	-0.17688	-0.122635	-0.0974711	-0.113115	-0.168637	-0.263167	-0.379221	-0.494236	-0.594342	-0.67312	-0.716997	-0.716997	
0.290769	0.24655	0.181396	0.114951	0.0633664	0.0197952	-0.0139567	-0.0225143	0.018472	0.128554	0.288878	0.478693	0.68361	0.892143	1.08312	1.22113	1.30183	1.33234	1.30993	1.23333	1.12169	0.981962	0.815288	0.62484	0.421299	0.228864	0.0663708	-0.0600453	-0.156442	-0.218466	-0.251832	-0.270309	-0.280049	-0.278613	-0.266424	-0.253456	-0.246471	-0.232196	-0.201214	-0.166799	-0.152941	-0.172498	-0.226619	-0.31047	-0.400557	-0.484909	-0.561137	-0.618641	-0.648639	-0.648639	
0.288612	0.247512	0.178926	0.106046	0.0512071	0.00702274	-0.0269555	-0.0421177	-0.0115432	0.081872	0.222487	0.394638	0.583252	0.775855	0.947841	1.06431	1.12255	1.13437	1.10829	1.0328	0.919578	0.778678	0.62452	0.459751	0.283983	0.11979	-0.0202295	-0.127279	-0.206443	-0.252806	-0.270309	-0.278953	-0.279069	-0.267399	-0.249789	-0.232043	-0.220706	-0.210174	-0.200187	-0.190794	-0.18955	-0.206119	-0.24493	-0.303228	-0.367369	-0.432169	-0.489488	-0.528269	-0.542352	-0.542352	
0.258458	0.22583	0.155927	0.0773346	0.0222714	-0.0137056	-0.040969	-0.053153	-0.0284576	0.0490485	0.169878	0.317175	0.484926	0.657934	0.809896	0.912141	0.961841	0.967046	0.939033	0.867195	0.75989	0.633351	0.496134	0.345947	0.186698	0.0419959	-0.077753	-0.165978	-0.23079	-0.267902	-0.280049	-0.279069	-0.269568	-0.255121	-0.236461	-0.215636	-0.19527	-0.185997	-0.190853	-0.200764	-0.210324	-0.221579	-0.238156	-0.265313	-0.308049	-0.356255	-0.399206	-0.425016	-0.434257	-0.434257	
0.193145	0.174498	0.117367	0.0485084	0.00152401	-0.0278594	-0.0458932	-0.0492685	-0.0241361	0.0414947	0.137452	0.256359	0.39632	0.54609	0.67599	0.767529	0.817952	0.821875	0.791782	0.724922	0.638838	0.542159	0.426836	0.280895	0.125561	-0.00830108	-0.115807	-0.193446	-0.247777	-0.27674	-0.278613	-0.267399	-0.255121	-0.239029	-0.218456	-0.195862	-0.178124	-0.175183	-0.18937	-0.208574	-0.226578	-0.23604	-0.235341	-0.239585	-0.257585	-0.282703	-0.306007	-0.326097	-0.34105	-0.34105	
0.088911	0.0906225	0.0648888	0.027458	-0.00166226	-0.0190901	-0.0304335	-0.0273409	0.00232031	0.0531807	0.124617	0.213519	0.327164	0.452608	0.560396	0.640737	0.69038	0.698398	0.671834	0.615906	0.552923	0.485619	0.389872	0.255678	0.105862	-0.0246224	-0.133769	-0.214724	-0.263057	-0.278524	-0.266424	-0.249789	-0.236461	-0.218456	-0.19518	-0.18046	-0.176563	-0.182144	-0.199451	-0.224597	-0.249148	-0.262429	-0.261514	-0.252046	-0.247176	-0.242109	-0.241514	-0.254634	-0.269935	-0.269935	
-0.0435914	-0.0158657	-0.00466436	-0.00399345	-0.00175301	0.000652706	0.000494719	0.0130157	0.0383326	0.0763793	0.128704	0.193457	0.281791	0.386911	0.476227	0.547787	0.598786	0.614343	0.601552	0.564957	0.516126	0.462616	0.386134	0.269663	0.1339	-0.000445055	-0.123192	-0.214213	-0.262053	-0.270379	-0.253456	-0.232043	-0.215636	-0.195862	-0.18046	-0.185267	-0.195343	-0.20969	-0.231396	-0.260063	-0.290484	-0.311201	-0.319278	-0.308118	-0.286695	-0.2605	-0.242488	-0.23859	-0.242762	-0.242762	
-0.186878	-0.129485	-0.0798949	-0.0387565	-0.00533965	0.0223958	0.0392989	0.0569684	0.0797925	0.110116	0.151706	0.200879	0.265937	0.349212	0.429019	0.501442	0.557169	0.589401	0.603297	0.592014	0.556981	0.50395	0.431635	0.328448	0.199045	0.0566566	-0.0803394	-0.18481	-0.240523	-0.258639	-0.246471	-0.220706	-0.19527	-0.178124	-0.176563	-0.195343	-0.220498	-0.248729	-0.287449	-0.32789	-0.370137	-0.406108	-0.425793	-0.416973	-0.388175	-0.351402	-0.315044	-0.287779	-0.272192	-0.272192	
-0.344984	-0.250637	-0.15765	-0.0767548	-0.0102062	0.0454105	0.0816151	0.106274	0.125837	0.151674	0.194564	0.238072	0.288157	0.356426	0.430438	0.506278	0.574626	0.625938	0.670102	0.68878	0.669446	0.618209	0.539513	0.434283	0.301731	0.150686	-0.000814265	-0.119208	-0.192718	-0.230216	-0.232196	-0.210174	-0.185997	-0.175183	-0.182144	-0.20969	-0.248729	-0.305828	-0.371125	-0.438588	-0.507092	-0.562304	-0.591741	-0.580899	-0.549927	-0.501183	-0.442322	-0.39179	-0.361737	-0.361737	
-0.492833	-0.363812	-0.226364	-0.104684	-0.00616427	0.0714897	0.124286	0.158798	0.176933	0.203763	0.246329	0.292628	0.340222	0.401439	0.474533	0.561972	0.649645	0.727019	0.788617	0.823185	0.82106	0.777544	0.697041	0.57952	0.436775	0.272182	0.107474	-0.0273296	-0.119444	-0.17688	-0.201214	-0.200187	-0.190853	-0.18937	-0.199451	-0.231396	-0.287449	-0.371125	-0.474443	-0.579774	-0.686732	-0.76601	-0.79973	-0.79039	-0.752383	-0.689072	-0.609712	-0.543253	-0.508754	-0.508754	
-0.594733	-0.438079	-0.263214	-0.101939	0.0226013	0.110534	0.168085	0.202872	0.224944	0.249454	0.288073	0.334404	0.387903	0.455111	0.541187	0.649817	0.769331	0.867814	0.936933	0.970881	0.982291	0.956434	0.874775	0.744504	0.578228	0.395593	0.212456	0.0599853	-0.0491623	-0.122635	-0.166799	-0.190794	-0.200764	-0.208574	-0.224597	-0.260063	-0.32789	-0.438588	-0.579774	-0.732368	-0.876561	-0.980348	-1.02645	-1.01653	-0.969005	-0.887902	-0.793884	-0.720125	-0.68083	-0.68083	
-0.629229	-0.453751	-0.255385	-0.0729311	0.068413	0.160333	0.216515	0.249807	0.26634	0.28139	0.303998	0.343581	0.406631	0.495217	0.609051	0.745675	0.886768	0.997723	1.06501	1.09849	1.11681	1.10028	1.02091	0.879897	0.700233	0.499955	0.296108	0.121072	-0.0104373	-0.0974711	-0.152941	-0.18955	-0.210324	-0.226578	-0.249148	-0.290484	-0.370137	-0.507092	-0.686732	-0.876561	-1.0511	-1.17687	-1.23469	-1.22359	-1.15778	-1.0568	-0.950578	-0.866864	-0.820623	-0.820623	
-0.588634	-0.401488	-0.196097	-0.00922589	0.13469	0.225515	0.277574	0.296862	0.292863	0.284508	0.286098	0.319123	0.392443	0.502485	0.643876	0.797718	0.943067	1.05825	1.1342	1.17389	1.18981	1.16096	1.07252	0.932956	0.753485	0.545628	0.327901	0.134281	-0.0150575	-0.113115	-0.172498	-0.206119	-0.221579	-0.23604	-0.262429	-0.311201	-0.406108	-0.562304	-0.76601	-0.980348	-1.17687	-1.32193	-1.38624	-1.37043	-1.28709	-1.16476	-1.04142	-0.944606	-0.89156	-0.89156	
-0.486058	-0.294893	-0.0944786	0.0819209	0.214687	0.295157	0.332771	0.321507	0.280518	0.239459	0.225992	0.25852	0.340269	0.464147	0.620009	0.776707	0.917537	1.03049	1.11861	1.16646	1.16958	1.11887	1.0193	0.888201	0.717522	0.511937	0.290785	0.0949881	-0.0616989	-0.168637	-0.226619	-0.24493	-0.238156	-0.235341	-0.261514	-0.319278	-0.425793	-0.591741	-0.79973	-1.02645	-1.23469	-1.38624	-1.44946	-1.42466	-1.32885	-1.18858	-1.04748	-0.940437	-0.883957	-0.883957	
-0.348213	-0.154153	0.0446799	0.207304	0.316103	0.365566	0.366078	0.314528	0.230954	0.159311	0.130175	0.161898	0.247617	0.373813	0.531426	0.688595	0.823372	0.939334	1.02894	1.07691	1.06621	0.994782	0.884612	0.75083	0.585715	0.38562	0.177938	-0.00741806	-0.159859	-0.263167	-0.31047	-0.303228	-0.265313	-0.239585	-0.252046	-0.308118	-0.416973	-0.580899	-0.79039	-1.01653	-1.22359	-1.37043	-1.42466	-1.39078	-1.27855	-1.12099	-0.963887	-0.842178	-0.778704	-0.778704	
-0.196131	-8.1461e-06	0.192035	0.339789	0.417345	0.422311	0.375323	0.283266	0.171803	0.0740055	0.0260434	0.0473947	0.128698	0.251554	0.402159	0.553437	0.690111	0.802789	0.885178	0.920108	0.896871	0.81547	0.692768	0.549041	0.38148	0.196539	0.00981749	-0.158823	-0.295468	-0.379221	-0.400557	-0.367369	-0.308049	-0.257585	-0.247176	-0.286695	-0.388175	-0.549927	-0.752383	-0.969005	-1.15778	-1.28709	-1.32885	-1.27855	-1.14872	-0.975916	-0.804125	-0.664252	-0.584544	-0.584544	
-0.0440035	0.150897	0.333795	0.461173	0.502411	0.460619	0.363405	0.238097	0.109563	-0.00210552	-0.0687294	-0.0642748	0.00652524	0.118339	0.256765	0.4031	0.539128	0.651267	0.717458	0.734608	0.697569	0.609926	0.47942	0.3224	0.15321	-0.019964	-0.184374	-0.3325	-0.44355	-0.494236	-0.484909	-0.432169	-0.356255	-0.282703	-0.242109	-0.2605	-0.351402	-0.501183	-0.689072	-0.887902	-1.0568	-1.16476	-1.18858	-1.12099	-0.975916	-0.793034	-0.608771	-0.450599	-0.355405	-0.355405	
0.0854956	0.280682	0.452518	0.559249	0.569179	0.484582	0.341035	0.18547	0.0437654	-0.0742691	-0.147335	-0.154386	-0.0997225	-0.000248845	0.126897	0.268024	0.402522	0.510297	0.565648	0.569433	0.519188	0.421532	0.285399	0.12097	-0.0532651	-0.222126	-0.36986	-0.49496	-0.574642	-0.594342	-0.561137	-0.489488	-0.399206	-0.306007	-0.241514	-0.242488	-0.315044	-0.442322	-0.609712	-0.793884	-0.950578	-1.04142	-1.04748	-0.963887	-0.804125	-0.608771	-0.412089	-0.243693	-0.14376	-0.14376	
0.184303	0.37518	0.53397	0.622146	0.606245	0.498437	0.330138	0.151453	-0.00511481	-0.129473	-0.204228	-0.218063	-0.174815	-0.0852002	0.0388905	0.176437	0.301261	0.399634	0.452588	0.454929	0.392798	0.280702	0.135999	-0.0302448	-0.206382	-0.376062	-0.513611	-0.618158	-0.673871	-0.67312	-0.618641	-0.528269	-0.425016	-0.326097	-0.254634	-0.23859	-0.287779	-0.39179	-0.543253	-0.720125	-0.866864	-0.944606	-0.940437	-0.842178	-0.664252	-0.450599	-0.243693	-0.0788518	0.0143108	0.0143108	
0.240468	0.427378	0.576116	0.650275	0.622373	0.50646	0.330492	0.143196	-0.0249877	-0.156695	-0.232759	-0.249415	-0.213821	-0.127588	-0.00401617	0.130286	0.244502	0.336267	0.392392	0.401126	0.332914	0.204997	0.0511015	-0.117023	-0.292749	-0.462552	-0.593667	-0.686858	-0.729551	-0.716997	-0.648639	-0.542352	-0.434257	-0.34105	-0.269935	-0.242762	-0.272192	-0.361737	-0.508754	-0.68083	-0.820623	-0.89156	-0.883957	-0.778704	-0.584544	-0.355405	-0.14376	0.0143108	0.0983949	0.0983949	
0.240468	0.427378	0.576116	0.650275	0.622373	0.50646	0.330492	0.143196	-0.0249877	-0.156695	-0.232759	-0.249415	-0.213821	-0.127588	-0.00401617	0.130286	0.244502	0.336267	0.392392	0.401126	0.332914	0.204997	0.0511015	-0.117023	-0.292749	-0.462552	-0.593667	-0.686858	-0.729551	-0.716997	-0.648639	-0.542352	-0.434257	-0.34105	-0.269935	-0.242762	-0.272192	-0.361737	-0.508754	-0.68083	-0.820623	-0.89156	-0.883957	-0.778704	-0.584544	-0.355405	-0.14376	0.0143108	0.0983949	0.0983949	
