-0.395073	-0.395073	0.422545	-0.762813	0.543894	-0.0695025	
-0.395073	-0.395073	0.422545	-0.762813	0.543894	-0.0695025	
0.422545	0.422545	0.330052	-0.874063	1.03759	-0.102856	
-0.762813	-0.762813	-0.874063	0.459782	-0.121106	-0.42111	
0.543894	0.543894	1.03759	-0.121106	-0.353193	0.0739701	
-0.0695025	-0.0695025	-0.102856	-0.42111	0.0739701	0.39729	
