0.251824	0.251824	0.286047	0.351961	0.457513	0.594297	0.762222	0.943221	1.1131	1.24294	1.29313	1.24188	1.07414	0.807032	0.47687	0.137395	-0.16294	-0.385029	-0.522769	-0.57617	-0.557348	-0.480133	-0.34459	-0.182987	-0.0230538	0.0951823	0.145541	0.139975	0.107372	0.0705007	0.0546642	0.0523533	0.0696682	0.104383	0.136205	0.147693	0.131451	0.101989	0.0901046	0.102911	0.120437	0.122098	0.113284	0.0978209	0.0868231	0.0859452	0.0886749	0.0872801	0.0819452	0.0616584	
0.251824	0.251824	0.286047	0.351961	0.457513	0.594297	0.762222	0.943221	1.1131	1.24294	1.29313	1.24188	1.07414	0.807032	0.47687	0.137395	-0.16294	-0.385029	-0.522769	-0.57617	-0.557348	-0.480133	-0.34459	-0.182987	-0.0230538	0.0951823	0.145541	0.139975	0.107372	0.0705007	0.0546642	0.0523533	0.0696682	0.104383	0.136205	0.147693	0.131451	0.101989	0.0901046	0.102911	0.120437	0.122098	0.113284	0.0978209	0.0868231	0.0859452	0.0886749	0.0872801	0.0819452	0.0616584	
0.286047	0.286047	0.320311	0.385385	0.490836	0.626192	0.793192	0.972962	1.14102	1.27043	1.31982	1.26905	1.10316	0.837739	0.510102	0.172428	-0.127191	-0.350113	-0.488234	-0.543315	-0.526174	-0.447667	-0.314876	-0.153416	0.00632446	0.12257	0.173163	0.16959	0.136681	0.100721	0.0861745	0.0835925	0.100461	0.133403	0.164674	0.176803	0.161233	0.130877	0.11981	0.133133	0.149044	0.148776	0.14055	0.126159	0.114814	0.112008	0.114183	0.112359	0.10632	0.085756	
0.351961	0.351961	0.385385	0.452276	0.555765	0.692583	0.857955	1.03624	1.20389	1.32977	1.3792	1.32734	1.162	0.898956	0.573758	0.237706	-0.0599273	-0.283141	-0.422599	-0.478975	-0.462644	-0.389014	-0.257554	-0.100653	0.0541048	0.170979	0.223856	0.221323	0.192343	0.158246	0.140466	0.138317	0.154482	0.186863	0.216866	0.227553	0.212715	0.187781	0.175305	0.184035	0.19918	0.202675	0.192957	0.177519	0.166304	0.164522	0.164577	0.162104	0.154598	0.13538	
0.457513	0.457513	0.490836	0.555765	0.658448	0.791465	0.954007	1.12779	1.29065	1.4133	1.45995	1.40836	1.24596	0.987705	0.667742	0.336193	0.0400876	-0.185809	-0.327833	-0.388831	-0.378426	-0.303806	-0.179666	-0.0251551	0.127207	0.239834	0.292984	0.294933	0.266078	0.234605	0.218166	0.215886	0.231572	0.260262	0.287597	0.29939	0.286922	0.261588	0.251173	0.260648	0.27257	0.271921	0.264141	0.251545	0.240619	0.234674	0.233713	0.23063	0.221679	0.203058	
0.594297	0.594297	0.626192	0.692583	0.791465	0.924832	1.08242	1.25266	1.41084	1.52721	1.57128	1.51614	1.3554	1.09881	0.783497	0.453931	0.158987	-0.0693413	-0.215193	-0.28204	-0.27481	-0.208163	-0.0899592	0.0564654	0.199954	0.309517	0.365221	0.369821	0.346663	0.317772	0.299455	0.297055	0.309945	0.335681	0.36271	0.373274	0.362654	0.344906	0.334115	0.338254	0.348467	0.353366	0.344797	0.332905	0.322542	0.318701	0.316025	0.312568	0.302708	0.287085	
0.762222	0.762222	0.793192	0.857955	0.954007	1.08242	1.23508	1.39627	1.54783	1.65478	1.69323	1.63549	1.47422	1.22355	0.912185	0.587332	0.29304	0.0601666	-0.0933328	-0.16742	-0.171473	-0.110092	-0.00268316	0.135514	0.270601	0.375466	0.431294	0.439514	0.418685	0.393507	0.372961	0.370197	0.384179	0.407234	0.428959	0.438663	0.432585	0.418601	0.411461	0.415003	0.42345	0.425301	0.42079	0.412994	0.405993	0.399674	0.397345	0.394682	0.384721	0.373424	
0.943221	0.943221	0.972962	1.03624	1.12779	1.25266	1.39627	1.55114	1.69093	1.78941	1.8203	1.75608	1.59677	1.34611	1.04017	0.717367	0.42137	0.182027	0.0208458	-0.0660727	-0.0785712	-0.0272096	0.0676286	0.194013	0.317242	0.412709	0.467216	0.479407	0.46368	0.440537	0.421889	0.419261	0.427114	0.443681	0.465578	0.476454	0.473653	0.466774	0.461417	0.463237	0.469662	0.476527	0.474042	0.471219	0.466559	0.463595	0.462893	0.461628	0.453821	0.4484	
1.1131	1.1131	1.14102	1.20389	1.29065	1.41084	1.54783	1.69093	1.8225	1.90691	1.92926	1.85908	1.69601	1.44971	1.14679	0.827512	0.530885	0.286373	0.11271	0.0154674	-0.0120712	0.0252175	0.105518	0.216661	0.32402	0.412233	0.466691	0.479889	0.468667	0.448804	0.425362	0.419437	0.429066	0.444589	0.460672	0.466741	0.469193	0.470139	0.470971	0.470936	0.477454	0.484141	0.487814	0.490442	0.492368	0.491758	0.494314	0.496104	0.491882	0.495395	
1.24294	1.24294	1.27043	1.32977	1.4133	1.52721	1.65478	1.78941	1.90691	1.98177	1.99453	1.91868	1.75769	1.51486	1.21894	0.90504	0.60725	0.35535	0.170972	0.0577116	0.0158529	0.0408088	0.104727	0.199958	0.292492	0.367347	0.414736	0.430599	0.423139	0.404701	0.38394	0.378644	0.380445	0.386913	0.399468	0.407408	0.414246	0.420849	0.424691	0.425865	0.431074	0.439891	0.448389	0.458365	0.465254	0.468753	0.476197	0.481408	0.482488	0.494967	
1.29313	1.29313	1.31982	1.3792	1.45995	1.57128	1.69323	1.8203	1.92926	1.99453	1.99975	1.92043	1.7602	1.52365	1.23654	0.93023	0.635828	0.382081	0.188274	0.0632455	0.00809553	0.0155419	0.0630712	0.138918	0.212495	0.275322	0.320266	0.33665	0.334051	0.316934	0.292582	0.281358	0.280491	0.284559	0.291289	0.292532	0.300673	0.314907	0.324431	0.324934	0.328219	0.338111	0.351114	0.367078	0.380209	0.389342	0.401422	0.409814	0.417424	0.439626	
1.24188	1.24188	1.26905	1.32734	1.40836	1.51614	1.63549	1.75608	1.85908	1.91868	1.92043	1.84395	1.69137	1.46904	1.1985	0.907134	0.621911	0.37014	0.169132	0.0350974	-0.0337148	-0.0383093	-0.00485626	0.0547818	0.112046	0.16174	0.1985	0.214576	0.214835	0.200021	0.17653	0.161792	0.154731	0.149424	0.146894	0.143611	0.154775	0.171227	0.184189	0.18327	0.184549	0.191041	0.208385	0.228489	0.246118	0.258199	0.273581	0.28481	0.296774	0.326862	
1.07414	1.07414	1.10316	1.162	1.24596	1.3554	1.47422	1.59677	1.69601	1.75769	1.7602	1.69137	1.55177	1.34867	1.09976	0.831004	0.562802	0.319709	0.123367	-0.0165862	-0.090101	-0.105633	-0.0830755	-0.0403892	0.00292345	0.0401455	0.0707727	0.0894196	0.0948021	0.0806021	0.055646	0.0379555	0.0214006	0.0080237	-0.00456532	-0.0126446	-0.00762247	0.0116604	0.0237128	0.023268	0.0172989	0.0221721	0.0372203	0.0594836	0.0789755	0.0939377	0.110764	0.120871	0.137186	0.170847	
0.807032	0.807032	0.837739	0.898956	0.987705	1.09881	1.22355	1.34611	1.44971	1.51486	1.52365	1.46904	1.34867	1.17112	0.955567	0.71477	0.473862	0.250129	0.0605856	-0.0734259	-0.149284	-0.169275	-0.152629	-0.119402	-0.0879699	-0.0599984	-0.0324167	-0.0117952	-0.00281988	-0.0111319	-0.0338626	-0.0613285	-0.0831615	-0.10356	-0.127612	-0.149574	-0.148272	-0.132375	-0.118588	-0.124514	-0.137011	-0.141524	-0.128665	-0.108232	-0.0899843	-0.0753367	-0.0623252	-0.0531686	-0.0383811	-0.00416614	
0.47687	0.47687	0.510102	0.573758	0.667742	0.783497	0.912185	1.04017	1.14679	1.21894	1.23654	1.1985	1.09976	0.955567	0.773112	0.571356	0.363508	0.163398	-0.00576176	-0.132373	-0.202028	-0.220324	-0.203375	-0.176182	-0.148126	-0.125043	-0.100418	-0.0746202	-0.0571354	-0.0597026	-0.0804551	-0.104571	-0.133821	-0.167812	-0.207257	-0.23372	-0.24237	-0.230412	-0.223391	-0.232774	-0.255877	-0.267336	-0.263097	-0.248847	-0.234164	-0.223098	-0.214555	-0.211908	-0.199518	-0.171276	
0.137395	0.137395	0.172428	0.237706	0.336193	0.453931	0.587332	0.717367	0.827512	0.90504	0.93023	0.907134	0.831004	0.71477	0.571356	0.405133	0.23539	0.0660965	-0.0809589	-0.189911	-0.248366	-0.260227	-0.238346	-0.211009	-0.184217	-0.161842	-0.133366	-0.0959795	-0.0681993	-0.0571519	-0.0688767	-0.0976373	-0.1325	-0.169059	-0.216518	-0.257004	-0.277748	-0.273122	-0.270132	-0.284431	-0.317417	-0.340984	-0.34887	-0.341487	-0.33338	-0.326716	-0.328318	-0.330658	-0.325495	-0.30478	
-0.16294	-0.16294	-0.127191	-0.0599273	0.0400876	0.158987	0.29304	0.42137	0.530885	0.60725	0.635828	0.621911	0.562802	0.473862	0.363508	0.23539	0.102417	-0.0366454	-0.158726	-0.25192	-0.299257	-0.301109	-0.273024	-0.23894	-0.205714	-0.178661	-0.141686	-0.0930602	-0.0505808	-0.0221589	-0.0206249	-0.0394915	-0.0685118	-0.11406	-0.17259	-0.219804	-0.247755	-0.250819	-0.252707	-0.274595	-0.318355	-0.352536	-0.370968	-0.374989	-0.375837	-0.377001	-0.387293	-0.39707	-0.400248	-0.391121	
-0.385029	-0.385029	-0.350113	-0.283141	-0.185809	-0.0693413	0.0601666	0.182027	0.286373	0.35535	0.382081	0.37014	0.319709	0.250129	0.163398	0.0660965	-0.0366454	-0.147689	-0.24791	-0.323357	-0.358977	-0.352041	-0.315528	-0.276323	-0.237776	-0.202428	-0.155274	-0.0889012	-0.0238772	0.0293682	0.0498144	0.0448213	0.0202861	-0.0215473	-0.0790806	-0.129825	-0.16693	-0.176428	-0.185524	-0.211454	-0.259407	-0.304389	-0.339227	-0.356681	-0.364319	-0.37404	-0.395112	-0.412968	-0.425587	-0.427185	
-0.522769	-0.522769	-0.488234	-0.422599	-0.327833	-0.215193	-0.0933328	0.0208458	0.11271	0.170972	0.188274	0.169132	0.123367	0.0605856	-0.00576176	-0.0809589	-0.158726	-0.24791	-0.330753	-0.397135	-0.426688	-0.415835	-0.377805	-0.332986	-0.287001	-0.245044	-0.184988	-0.101178	-0.0157418	0.0641066	0.113641	0.13086	0.12407	0.0902802	0.0382102	-0.0125617	-0.050605	-0.0629702	-0.0715589	-0.0984643	-0.153739	-0.208043	-0.253731	-0.280404	-0.30106	-0.321144	-0.35252	-0.377013	-0.40046	-0.414613	
-0.57617	-0.57617	-0.543315	-0.478975	-0.388831	-0.28204	-0.16742	-0.0660727	0.0154674	0.0577116	0.0632455	0.0350974	-0.0165862	-0.0734259	-0.132373	-0.189911	-0.25192	-0.323357	-0.397135	-0.455315	-0.487189	-0.477568	-0.444882	-0.400865	-0.357143	-0.3102	-0.240944	-0.144275	-0.034903	0.0752993	0.151782	0.196794	0.214115	0.196149	0.15775	0.115881	0.0857237	0.0752305	0.0678431	0.0394957	-0.00886967	-0.0666515	-0.121308	-0.164923	-0.192642	-0.223089	-0.262819	-0.297945	-0.332542	-0.357468	
-0.557348	-0.557348	-0.526174	-0.462644	-0.378426	-0.27481	-0.171473	-0.0785712	-0.0120712	0.0158529	0.00809553	-0.0337148	-0.090101	-0.149284	-0.202028	-0.248366	-0.299257	-0.358977	-0.426688	-0.487189	-0.523065	-0.526823	-0.503611	-0.470712	-0.433469	-0.390491	-0.320416	-0.21789	-0.0905755	0.0409728	0.149989	0.228346	0.269108	0.272451	0.256289	0.230739	0.212078	0.210926	0.211798	0.196001	0.15507	0.0982545	0.0386055	-0.00907525	-0.0454309	-0.0861922	-0.134234	-0.17795	-0.221904	-0.259304	
-0.480133	-0.480133	-0.447667	-0.389014	-0.303806	-0.208163	-0.110092	-0.0272096	0.0252175	0.0408088	0.0155419	-0.0383093	-0.105633	-0.169275	-0.220324	-0.260227	-0.301109	-0.352041	-0.415835	-0.477568	-0.526823	-0.545151	-0.544494	-0.530814	-0.510883	-0.479881	-0.418578	-0.315404	-0.182772	-0.034079	0.0977976	0.2019	0.269745	0.301846	0.306549	0.301233	0.303827	0.318756	0.334204	0.333832	0.310038	0.266031	0.214356	0.163962	0.123025	0.0779634	0.0273973	-0.0233305	-0.0763254	-0.121718	
-0.34459	-0.34459	-0.314876	-0.257554	-0.179666	-0.0899592	-0.00268316	0.0676286	0.105518	0.104727	0.0630712	-0.00485626	-0.0830755	-0.152629	-0.203375	-0.238346	-0.273024	-0.315528	-0.377805	-0.444882	-0.503611	-0.544494	-0.565255	-0.574655	-0.578931	-0.567992	-0.522551	-0.436888	-0.306739	-0.154689	-0.00590643	0.121277	0.211694	0.262879	0.290283	0.307512	0.332517	0.367309	0.402065	0.422595	0.424402	0.403833	0.3664	0.322774	0.286635	0.244673	0.195768	0.141022	0.0869298	0.0348552	
-0.182987	-0.182987	-0.153416	-0.100653	-0.0251551	0.0564654	0.135514	0.194013	0.216661	0.199958	0.138918	0.0547818	-0.0403892	-0.119402	-0.176182	-0.211009	-0.23894	-0.276323	-0.332986	-0.400865	-0.470712	-0.530814	-0.574655	-0.616408	-0.646572	-0.660246	-0.641605	-0.572249	-0.45538	-0.31065	-0.156647	-0.0186492	0.083791	0.15509	0.196821	0.234323	0.279343	0.332519	0.384874	0.434263	0.464354	0.471439	0.459359	0.437338	0.413491	0.381773	0.342457	0.294809	0.245712	0.194841	
-0.0230538	-0.0230538	0.00632446	0.0541048	0.127207	0.199954	0.270601	0.317242	0.32402	0.292492	0.212495	0.112046	0.00292345	-0.0879699	-0.148126	-0.184217	-0.205714	-0.237776	-0.287001	-0.357143	-0.433469	-0.510883	-0.578931	-0.646572	-0.703304	-0.744113	-0.750447	-0.704538	-0.612424	-0.481164	-0.330928	-0.19102	-0.0803728	-0.000221486	0.0487807	0.0979285	0.153383	0.22217	0.292529	0.360528	0.413491	0.458242	0.478907	0.480548	0.473157	0.464256	0.441963	0.407748	0.370795	0.327577	
0.0951823	0.0951823	0.12257	0.170979	0.239834	0.309517	0.375466	0.412709	0.412233	0.367347	0.275322	0.16174	0.0401455	-0.0599984	-0.125043	-0.161842	-0.178661	-0.202428	-0.245044	-0.3102	-0.390491	-0.479881	-0.567992	-0.660246	-0.744113	-0.811554	-0.843981	-0.824955	-0.756455	-0.643534	-0.503485	-0.369372	-0.255179	-0.175774	-0.126707	-0.0756225	-0.013338	0.0589711	0.134257	0.213761	0.291457	0.362743	0.4113	0.44192	0.46284	0.477297	0.47504	0.46297	0.448139	0.419381	
0.145541	0.145541	0.173163	0.223856	0.292984	0.365221	0.431294	0.467216	0.466691	0.414736	0.320266	0.1985	0.0707727	-0.0324167	-0.100418	-0.133366	-0.141686	-0.155274	-0.184988	-0.240944	-0.320416	-0.418578	-0.522551	-0.641605	-0.750447	-0.843981	-0.902645	-0.908285	-0.864141	-0.77314	-0.649251	-0.523179	-0.411935	-0.337109	-0.289534	-0.24098	-0.184923	-0.117703	-0.0425766	0.0372336	0.120642	0.210627	0.287815	0.345213	0.38664	0.425376	0.447825	0.464349	0.472944	0.465114	
0.139975	0.139975	0.16959	0.221323	0.294933	0.369821	0.439514	0.479407	0.479889	0.430599	0.33665	0.214576	0.0894196	-0.0117952	-0.0746202	-0.0959795	-0.0930602	-0.0889012	-0.101178	-0.144275	-0.21789	-0.315404	-0.436888	-0.572249	-0.704538	-0.824955	-0.908285	-0.938602	-0.926098	-0.857781	-0.75345	-0.637967	-0.530726	-0.458082	-0.414784	-0.375965	-0.330599	-0.271507	-0.205954	-0.137875	-0.05579	0.0407823	0.132528	0.205291	0.268949	0.327179	0.370963	0.412732	0.448329	0.466705	
0.107372	0.107372	0.136681	0.192343	0.266078	0.346663	0.418685	0.46368	0.468667	0.423139	0.334051	0.214835	0.0948021	-0.00281988	-0.0571354	-0.0681993	-0.0505808	-0.0238772	-0.0157418	-0.034903	-0.0905755	-0.182772	-0.306739	-0.45538	-0.612424	-0.756455	-0.864141	-0.926098	-0.937644	-0.893719	-0.812808	-0.710229	-0.609601	-0.544693	-0.506292	-0.47622	-0.437421	-0.38852	-0.339808	-0.289294	-0.21859	-0.127681	-0.0321793	0.0518085	0.127575	0.195123	0.254946	0.319985	0.381101	0.425016	
0.0705007	0.0705007	0.100721	0.158246	0.234605	0.317772	0.393507	0.440537	0.448804	0.404701	0.316934	0.200021	0.0806021	-0.0111319	-0.0597026	-0.0571519	-0.0221589	0.0293682	0.0641066	0.0752993	0.0409728	-0.034079	-0.154689	-0.31065	-0.481164	-0.643534	-0.77314	-0.857781	-0.893719	-0.880405	-0.825866	-0.741207	-0.653932	-0.59362	-0.555487	-0.531505	-0.503398	-0.471383	-0.436226	-0.400326	-0.346149	-0.272014	-0.179293	-0.0947158	-0.0154219	0.053828	0.122756	0.200464	0.277737	0.346724	
0.0546642	0.0546642	0.0861745	0.140466	0.218166	0.299455	0.372961	0.421889	0.425362	0.38394	0.292582	0.17653	0.055646	-0.0338626	-0.0804551	-0.0688767	-0.0206249	0.0498144	0.113641	0.151782	0.149989	0.0977976	-0.00590643	-0.156647	-0.330928	-0.503485	-0.649251	-0.75345	-0.812808	-0.825866	-0.796167	-0.727546	-0.65676	-0.59922	-0.570682	-0.556667	-0.541122	-0.513091	-0.492911	-0.475042	-0.444979	-0.385582	-0.305353	-0.226044	-0.149091	-0.0841915	-0.016785	0.0608662	0.147981	0.233779	
0.0523533	0.0523533	0.0835925	0.138317	0.215886	0.297055	0.370197	0.419261	0.419437	0.378644	0.281358	0.161792	0.0379555	-0.0613285	-0.104571	-0.0976373	-0.0394915	0.0448213	0.13086	0.196794	0.228346	0.2019	0.121277	-0.0186492	-0.19102	-0.369372	-0.523179	-0.637967	-0.710229	-0.741207	-0.727546	-0.683345	-0.628115	-0.578244	-0.557316	-0.547523	-0.535653	-0.52259	-0.521715	-0.517419	-0.506636	-0.466495	-0.403802	-0.329271	-0.260678	-0.20273	-0.143169	-0.0718728	0.014066	0.10514	
0.0696682	0.0696682	0.100461	0.154482	0.231572	0.309945	0.384179	0.427114	0.429066	0.380445	0.280491	0.154731	0.0214006	-0.0831615	-0.133821	-0.1325	-0.0685118	0.0202861	0.12407	0.214115	0.269108	0.269745	0.211694	0.083791	-0.0803728	-0.255179	-0.411935	-0.530726	-0.609601	-0.653932	-0.65676	-0.628115	-0.577686	-0.534072	-0.514722	-0.507136	-0.50564	-0.509091	-0.51642	-0.527138	-0.538427	-0.519994	-0.475866	-0.413242	-0.354067	-0.298686	-0.251206	-0.192583	-0.116202	-0.0258576	
0.104383	0.104383	0.133403	0.186863	0.260262	0.335681	0.407234	0.443681	0.444589	0.386913	0.284559	0.149424	0.0080237	-0.10356	-0.167812	-0.169059	-0.11406	-0.0215473	0.0902802	0.196149	0.272451	0.301846	0.262879	0.15509	-0.000221486	-0.175774	-0.337109	-0.458082	-0.544693	-0.59362	-0.59922	-0.578244	-0.534072	-0.493105	-0.468559	-0.461398	-0.461812	-0.470301	-0.483734	-0.515887	-0.545742	-0.553186	-0.528669	-0.48315	-0.430384	-0.383295	-0.347883	-0.300842	-0.234521	-0.152896	
0.136205	0.136205	0.164674	0.216866	0.287597	0.36271	0.428959	0.465578	0.460672	0.399468	0.291289	0.146894	-0.00456532	-0.127612	-0.207257	-0.216518	-0.17259	-0.0790806	0.0382102	0.15775	0.256289	0.306549	0.290283	0.196821	0.0487807	-0.126707	-0.289534	-0.414784	-0.506292	-0.555487	-0.570682	-0.557316	-0.514722	-0.468559	-0.438787	-0.417594	-0.409778	-0.415162	-0.44	-0.48328	-0.528091	-0.556387	-0.557319	-0.535997	-0.497171	-0.459549	-0.431427	-0.397862	-0.344093	-0.27728	
0.147693	0.147693	0.176803	0.227553	0.29939	0.373274	0.438663	0.476454	0.466741	0.407408	0.292532	0.143611	-0.0126446	-0.149574	-0.23372	-0.257004	-0.219804	-0.129825	-0.0125617	0.115881	0.230739	0.301233	0.307512	0.234323	0.0979285	-0.0756225	-0.24098	-0.375965	-0.47622	-0.531505	-0.556667	-0.547523	-0.507136	-0.461398	-0.417594	-0.378779	-0.360536	-0.358122	-0.37669	-0.417846	-0.472802	-0.521361	-0.550748	-0.55426	-0.533569	-0.508381	-0.496572	-0.478001	-0.44033	-0.389857	
0.131451	0.131451	0.161233	0.212715	0.286922	0.362654	0.432585	0.473653	0.469193	0.414246	0.300673	0.154775	-0.00762247	-0.148272	-0.24237	-0.277748	-0.247755	-0.16693	-0.050605	0.0857237	0.212078	0.303827	0.332517	0.279343	0.153383	-0.013338	-0.184923	-0.330599	-0.437421	-0.503398	-0.541122	-0.535653	-0.50564	-0.461812	-0.409778	-0.360536	-0.324111	-0.297099	-0.301762	-0.338155	-0.394399	-0.451925	-0.498112	-0.523963	-0.525025	-0.522369	-0.526	-0.521953	-0.504674	-0.47639	
0.101989	0.101989	0.130877	0.187781	0.261588	0.344906	0.418601	0.466774	0.470139	0.420849	0.314907	0.171227	0.0116604	-0.132375	-0.230412	-0.273122	-0.250819	-0.176428	-0.0629702	0.0752305	0.210926	0.318756	0.367309	0.332519	0.22217	0.0589711	-0.117703	-0.271507	-0.38852	-0.471383	-0.513091	-0.52259	-0.509091	-0.470301	-0.415162	-0.358122	-0.297099	-0.251662	-0.241464	-0.261925	-0.30444	-0.356969	-0.408806	-0.451269	-0.473461	-0.486813	-0.500469	-0.514312	-0.523197	-0.518306	
0.0901046	0.0901046	0.11981	0.175305	0.251173	0.334115	0.411461	0.461417	0.470971	0.424691	0.324431	0.184189	0.0237128	-0.118588	-0.223391	-0.270132	-0.252707	-0.185524	-0.0715589	0.0678431	0.211798	0.334204	0.402065	0.384874	0.292529	0.134257	-0.0425766	-0.205954	-0.339808	-0.436226	-0.492911	-0.521715	-0.51642	-0.483734	-0.44	-0.37669	-0.301762	-0.241464	-0.209974	-0.20575	-0.23181	-0.272594	-0.322588	-0.368591	-0.397809	-0.418284	-0.441974	-0.470661	-0.497401	-0.509599	
0.102911	0.102911	0.133133	0.184035	0.260648	0.338254	0.415003	0.463237	0.470936	0.425865	0.324934	0.18327	0.023268	-0.124514	-0.232774	-0.284431	-0.274595	-0.211454	-0.0984643	0.0394957	0.196001	0.333832	0.422595	0.434263	0.360528	0.213761	0.0372336	-0.137875	-0.289294	-0.400326	-0.475042	-0.517419	-0.527138	-0.515887	-0.48328	-0.417846	-0.338155	-0.261925	-0.20575	-0.183632	-0.196813	-0.221388	-0.257534	-0.293607	-0.327583	-0.352092	-0.378294	-0.405437	-0.440236	-0.46774	
0.120437	0.120437	0.149044	0.19918	0.27257	0.348467	0.42345	0.469662	0.477454	0.431074	0.328219	0.184549	0.0172989	-0.137011	-0.255877	-0.317417	-0.318355	-0.259407	-0.153739	-0.00886967	0.15507	0.310038	0.424402	0.464354	0.413491	0.291457	0.120642	-0.05579	-0.21859	-0.346149	-0.444979	-0.506636	-0.538427	-0.545742	-0.528091	-0.472802	-0.394399	-0.30444	-0.23181	-0.196813	-0.190241	-0.195759	-0.21515	-0.24867	-0.280774	-0.301548	-0.319699	-0.343415	-0.376968	-0.409454	
0.122098	0.122098	0.148776	0.202675	0.271921	0.353366	0.425301	0.476527	0.484141	0.439891	0.338111	0.191041	0.0221721	-0.141524	-0.267336	-0.340984	-0.352536	-0.304389	-0.208043	-0.0666515	0.0982545	0.266031	0.403833	0.471439	0.458242	0.362743	0.210627	0.0407823	-0.127681	-0.272014	-0.385582	-0.466495	-0.519994	-0.553186	-0.556387	-0.521361	-0.451925	-0.356969	-0.272594	-0.221388	-0.195759	-0.185348	-0.194763	-0.21886	-0.240437	-0.258503	-0.277148	-0.295511	-0.313864	-0.344216	
0.113284	0.113284	0.14055	0.192957	0.264141	0.344797	0.42079	0.474042	0.487814	0.448389	0.351114	0.208385	0.0372203	-0.128665	-0.263097	-0.34887	-0.370968	-0.339227	-0.253731	-0.121308	0.0386055	0.214356	0.3664	0.459359	0.478907	0.4113	0.287815	0.132528	-0.0321793	-0.179293	-0.305353	-0.403802	-0.475866	-0.528669	-0.557319	-0.550748	-0.498112	-0.408806	-0.322588	-0.257534	-0.21515	-0.194763	-0.191328	-0.197595	-0.210135	-0.232714	-0.251502	-0.256572	-0.263215	-0.286296	
0.0978209	0.0978209	0.126159	0.177519	0.251545	0.332905	0.412994	0.471219	0.490442	0.458365	0.367078	0.228489	0.0594836	-0.108232	-0.248847	-0.341487	-0.374989	-0.356681	-0.280404	-0.164923	-0.00907525	0.163962	0.322774	0.437338	0.480548	0.44192	0.345213	0.205291	0.0518085	-0.0947158	-0.226044	-0.329271	-0.413242	-0.48315	-0.535997	-0.55426	-0.523963	-0.451269	-0.368591	-0.293607	-0.24867	-0.21886	-0.197595	-0.186607	-0.196386	-0.214513	-0.225824	-0.22563	-0.229292	-0.237589	
0.0868231	0.0868231	0.114814	0.166304	0.240619	0.322542	0.405993	0.466559	0.492368	0.465254	0.380209	0.246118	0.0789755	-0.0899843	-0.234164	-0.33338	-0.375837	-0.364319	-0.30106	-0.192642	-0.0454309	0.123025	0.286635	0.413491	0.473157	0.46284	0.38664	0.268949	0.127575	-0.0154219	-0.149091	-0.260678	-0.354067	-0.430384	-0.497171	-0.533569	-0.525025	-0.473461	-0.397809	-0.327583	-0.280774	-0.240437	-0.210135	-0.196386	-0.195199	-0.199393	-0.208999	-0.212037	-0.210498	-0.196666	
0.0859452	0.0859452	0.112008	0.164522	0.234674	0.318701	0.399674	0.463595	0.491758	0.468753	0.389342	0.258199	0.0939377	-0.0753367	-0.223098	-0.326716	-0.377001	-0.37404	-0.321144	-0.223089	-0.0861922	0.0779634	0.244673	0.381773	0.464256	0.477297	0.425376	0.327179	0.195123	0.053828	-0.0841915	-0.20273	-0.298686	-0.383295	-0.459549	-0.508381	-0.522369	-0.486813	-0.418284	-0.352092	-0.301548	-0.258503	-0.232714	-0.214513	-0.199393	-0.199945	-0.210096	-0.212939	-0.200527	-0.174519	
0.0886749	0.0886749	0.114183	0.164577	0.233713	0.316025	0.397345	0.462893	0.494314	0.476197	0.401422	0.273581	0.110764	-0.0623252	-0.214555	-0.328318	-0.387293	-0.395112	-0.35252	-0.262819	-0.134234	0.0273973	0.195768	0.342457	0.441963	0.47504	0.447825	0.370963	0.254946	0.122756	-0.016785	-0.143169	-0.251206	-0.347883	-0.431427	-0.496572	-0.526	-0.500469	-0.441974	-0.378294	-0.319699	-0.277148	-0.251502	-0.225824	-0.208999	-0.210096	-0.218321	-0.219545	-0.206782	-0.172202	
0.0872801	0.0872801	0.112359	0.162104	0.23063	0.312568	0.394682	0.461628	0.496104	0.481408	0.409814	0.28481	0.120871	-0.0531686	-0.211908	-0.330658	-0.39707	-0.412968	-0.377013	-0.297945	-0.17795	-0.0233305	0.141022	0.294809	0.407748	0.46297	0.464349	0.412732	0.319985	0.200464	0.0608662	-0.0718728	-0.192583	-0.300842	-0.397862	-0.478001	-0.521953	-0.514312	-0.470661	-0.405437	-0.343415	-0.295511	-0.256572	-0.22563	-0.212037	-0.212939	-0.219545	-0.228229	-0.221273	-0.185294	
0.0819452	0.0819452	0.10632	0.154598	0.221679	0.302708	0.384721	0.453821	0.491882	0.482488	0.417424	0.296774	0.137186	-0.0383811	-0.199518	-0.325495	-0.400248	-0.425587	-0.40046	-0.332542	-0.221904	-0.0763254	0.0869298	0.245712	0.370795	0.448139	0.472944	0.448329	0.381101	0.277737	0.147981	0.014066	-0.116202	-0.234521	-0.344093	-0.44033	-0.504674	-0.523197	-0.497401	-0.440236	-0.376968	-0.313864	-0.263215	-0.229292	-0.210498	-0.200527	-0.206782	-0.221273	-0.227107	-0.199641	
0.0616584	0.0616584	0.085756	0.13538	0.203058	0.287085	0.373424	0.4484	0.495395	0.494967	0.439626	0.326862	0.170847	-0.00416614	-0.171276	-0.30478	-0.391121	-0.427185	-0.414613	-0.357468	-0.259304	-0.121718	0.0348552	0.194841	0.327577	0.419381	0.465114	0.466705	0.425016	0.346724	0.233779	0.10514	-0.0258576	-0.152896	-0.27728	-0.389857	-0.47639	-0.518306	-0.509599	-0.46774	-0.409454	-0.344216	-0.286296	-0.237589	-0.196666	-0.174519	-0.172202	-0.185294	-0.199641	-0.180142	
