-1.12049	-1.12049	-0.439803	0.0488084	-0.329905	0.00200351	
-1.12049	-1.12049	-0.439803	0.0488084	-0.329905	0.00200351	
-0.439803	-0.439803	0.512966	1.11697	0.568866	0.262117	
0.0488084	0.0488084	1.11697	1.80563	0.709819	0.0565808	
-0.329905	-0.329905	0.568866	0.709819	-0.395196	-0.427072	
0.00200351	0.00200351	0.262117	0.0565808	-0.427072	0.171688	
