-0.0762386	-0.0659302	-0.0687599	-0.0779699	-0.0794457	-0.0763933	-0.0839426	-0.0946223	-0.0882165	-0.086893	-0.101414	-0.11259	-0.114147	-0.108268	-0.113535	-0.140737	-0.164165	-0.168058	-0.161019	-0.154112	-0.172123	-0.236676	-0.335599	-0.44613	-0.552116	-0.624739	-0.632326	-0.569248	-0.444987	-0.261169	-0.0243387	0.235481	0.480189	0.688735	0.854331	0.964352	0.996564	0.937302	0.798565	0.615893	0.431058	0.274921	0.160553	0.0862758	0.0428623	0.0197817	0.00854673	0.00357111	0.00174797	0.00174797	
-0.0659302	-0.0646216	-0.0791159	-0.0841378	-0.0775803	-0.0799254	-0.0907026	-0.0918604	-0.0863901	-0.0957673	-0.11013	-0.114504	-0.111638	-0.109589	-0.126115	-0.155455	-0.169384	-0.165839	-0.158086	-0.160105	-0.19801	-0.281303	-0.387989	-0.496941	-0.590575	-0.637389	-0.613557	-0.522706	-0.374132	-0.168824	0.0798875	0.336676	0.567553	0.758397	0.903252	0.98631	0.986218	0.896723	0.738531	0.551051	0.373615	0.231187	0.131194	0.0686059	0.0332132	0.0149543	0.00630794	0.00257173	0.00122844	0.00122844	
-0.0687599	-0.0791159	-0.0874774	-0.0775588	-0.0753995	-0.085918	-0.0940779	-0.0924102	-0.0912215	-0.103301	-0.114152	-0.114511	-0.111167	-0.11695	-0.14202	-0.166582	-0.169986	-0.162487	-0.158554	-0.175439	-0.235739	-0.334116	-0.443355	-0.545512	-0.620106	-0.635945	-0.579842	-0.462075	-0.289674	-0.0652117	0.189995	0.438167	0.651981	0.823148	0.944396	0.997061	0.963063	0.845104	0.671817	0.484332	0.317747	0.190561	0.104977	0.0533727	0.0251562	0.0110408	0.00454324	0.00180597	0.000841071	0.000841071	
-0.0779699	-0.0841378	-0.0775588	-0.0727495	-0.0847372	-0.0960497	-0.0968983	-0.089655	-0.0946366	-0.112933	-0.118352	-0.11289	-0.113442	-0.130038	-0.158103	-0.172579	-0.167231	-0.16018	-0.165823	-0.203276	-0.285356	-0.392778	-0.49876	-0.588067	-0.636659	-0.617881	-0.530173	-0.386659	-0.191508	0.0481845	0.30339	0.537638	0.731771	0.881147	0.975435	0.994519	0.926238	0.78309	0.600017	0.417444	0.264715	0.153716	0.0821291	0.0405619	0.0185979	0.00795023	0.0031891	0.00123514	0.000560345	0.000560345	
-0.0794457	-0.0775803	-0.0753995	-0.0847372	-0.0972481	-0.0970381	-0.0894513	-0.0907202	-0.109773	-0.121489	-0.114386	-0.111861	-0.123488	-0.147412	-0.170422	-0.172704	-0.163018	-0.162377	-0.184338	-0.245646	-0.34488	-0.453844	-0.550538	-0.620134	-0.636317	-0.581424	-0.46398	-0.296036	-0.0802765	0.168933	0.417039	0.632808	0.805169	0.930233	0.993844	0.976876	0.875566	0.712028	0.525145	0.352183	0.215656	0.121143	0.0627232	0.0300678	0.0134009	0.00557564	0.00217878	0.000821666	0.00036283	0.00036283	
-0.0763933	-0.0799254	-0.085918	-0.0960497	-0.0970381	-0.0893374	-0.0915597	-0.106326	-0.120279	-0.117341	-0.111769	-0.12024	-0.139054	-0.163614	-0.176316	-0.168108	-0.16112	-0.174183	-0.217963	-0.302011	-0.410441	-0.513189	-0.594285	-0.636809	-0.615831	-0.525698	-0.38104	-0.190232	0.0423388	0.293691	0.52773	0.721537	0.870256	0.967877	0.997073	0.942892	0.811724	0.633961	0.449511	0.290295	0.171497	0.0931186	0.0466858	0.0217067	0.00939756	0.00380308	0.00144684	0.000531	0.000228063	0.000228063	
-0.0839426	-0.0907026	-0.0940779	-0.0968983	-0.0894513	-0.0915597	-0.104914	-0.116803	-0.120847	-0.114763	-0.116795	-0.133247	-0.156611	-0.176004	-0.174315	-0.162246	-0.167716	-0.200664	-0.268037	-0.369103	-0.476994	-0.56612	-0.624834	-0.633329	-0.573135	-0.450662	-0.281409	-0.0700541	0.173404	0.418432	0.632377	0.801825	0.924806	0.991226	0.982844	0.892191	0.736357	0.551529	0.375544	0.233333	0.132884	0.0696913	0.0338105	0.0152377	0.00640412	0.00251933	0.000932619	0.000332938	0.000138994	0.000138994	
-0.0946223	-0.0918604	-0.0924102	-0.089655	-0.0907202	-0.106326	-0.116803	-0.122407	-0.118546	-0.113079	-0.127973	-0.153217	-0.173517	-0.178208	-0.166121	-0.16354	-0.189197	-0.24428	-0.332896	-0.44153	-0.538673	-0.60731	-0.636638	-0.605887	-0.507607	-0.356853	-0.165539	0.0624915	0.308719	0.538868	0.728255	0.871669	0.966146	0.997309	0.949542	0.825534	0.652072	0.467791	0.305591	0.182527	0.100139	0.0506952	0.0237854	0.0103847	0.0042347	0.00161859	0.000582756	0.000202283	8.2039e-05	8.2039e-05	
-0.0882165	-0.0863901	-0.0912215	-0.0946366	-0.109773	-0.120279	-0.120847	-0.118546	-0.111414	-0.123992	-0.153099	-0.171928	-0.17803	-0.170753	-0.162759	-0.180376	-0.228229	-0.304923	-0.408194	-0.511937	-0.589085	-0.631124	-0.624532	-0.552305	-0.41994	-0.245148	-0.0346505	0.203829	0.443116	0.650952	0.813067	0.928815	0.991153	0.983406	0.896659	0.744987	0.562302	0.385949	0.241692	0.138688	0.0732568	0.0357801	0.0162272	0.00686027	0.00271312	0.00100713	0.000352537	0.000118947	4.68425e-05	4.68425e-05	
-0.086893	-0.0957673	-0.103301	-0.112933	-0.121489	-0.117341	-0.114763	-0.113079	-0.123992	-0.153541	-0.171792	-0.175622	-0.173738	-0.165382	-0.173875	-0.216181	-0.285622	-0.380089	-0.48587	-0.571712	-0.622262	-0.632084	-0.584462	-0.472381	-0.311769	-0.116776	0.108699	0.348736	0.571084	0.751321	0.884753	0.970498	0.996469	0.947607	0.825184	0.653914	0.471014	0.30904	0.1854	0.102153	0.0519282	0.0244597	0.0107189	0.00438636	0.00168182	0.000606119	0.000206212	6.76146e-05	2.58457e-05	2.58457e-05	
-0.101414	-0.11013	-0.114152	-0.118352	-0.114386	-0.111769	-0.116795	-0.127973	-0.153099	-0.171792	-0.174298	-0.174741	-0.169035	-0.170227	-0.206331	-0.273014	-0.359661	-0.462067	-0.554981	-0.613386	-0.633108	-0.604979	-0.514292	-0.367937	-0.185229	0.0263446	0.260081	0.490734	0.687574	0.837429	0.941084	0.993346	0.979005	0.889436	0.737839	0.556742	0.382304	0.239617	0.13765	0.0727989	0.0356029	0.0161684	0.00684454	0.00271047	0.0010073	0.000352365	0.000116491	3.71137e-05	1.37666e-05	1.37666e-05	
-0.11259	-0.114504	-0.114511	-0.11289	-0.111861	-0.12024	-0.133247	-0.153217	-0.171928	-0.175622	-0.174741	-0.170695	-0.168919	-0.199337	-0.265011	-0.347097	-0.44296	-0.539092	-0.605496	-0.631723	-0.616481	-0.545548	-0.414787	-0.242322	-0.0426193	0.1809	0.413007	0.622997	0.788677	0.907272	0.979219	0.993642	0.936717	0.810398	0.63902	0.458523	0.299936	0.179505	0.0987128	0.0501005	0.0235687	0.0103177	0.00421865	0.00161642	0.000582157	0.000197637	6.34831e-05	1.96512e-05	7.07205e-06	7.07205e-06	
-0.114147	-0.111638	-0.111167	-0.113442	-0.123488	-0.139054	-0.156611	-0.173517	-0.17803	-0.173738	-0.169035	-0.168919	-0.19676	-0.260908	-0.340797	-0.430178	-0.525485	-0.598628	-0.630297	-0.622365	-0.56696	-0.452395	-0.289884	-0.099282	0.113373	0.341321	0.559445	0.739574	0.871846	0.958724	0.995509	0.968037	0.869484	0.714249	0.534416	0.364315	0.226914	0.129645	0.0682419	0.0332368	0.0150395	0.00634651	0.00250624	0.000929103	0.000324266	0.000106832	3.33398e-05	1.00275e-05	3.50088e-06	3.50088e-06	
-0.108268	-0.109589	-0.11695	-0.130038	-0.147412	-0.163614	-0.176004	-0.178208	-0.170753	-0.165382	-0.170227	-0.199337	-0.260908	-0.338946	-0.423967	-0.516215	-0.593159	-0.629518	-0.625438	-0.5804	-0.48074	-0.32872	-0.145254	0.0579944	0.278505	0.499395	0.691242	0.836413	0.935368	0.988811	0.985881	0.914662	0.779814	0.606816	0.430298	0.27854	0.165166	0.0900889	0.0453948	0.021219	0.00923651	0.00375754	0.00143326	0.000514109	0.000173886	5.55968e-05	1.68579e-05	4.92689e-06	1.66875e-06	1.66875e-06	
-0.113535	-0.126115	-0.14202	-0.158103	-0.170422	-0.176316	-0.174315	-0.166121	-0.162759	-0.173875	-0.206331	-0.265011	-0.340797	-0.423967	-0.512925	-0.590022	-0.629231	-0.627218	-0.588127	-0.500368	-0.358907	-0.181751	0.0141499	0.226251	0.445427	0.645222	0.802035	0.91148	0.977238	0.993475	0.946942	0.834322	0.673065	0.495306	0.332637	0.204433	0.115422	0.0601176	0.0290066	0.0130161	0.00545184	0.0021386	0.000788075	0.000273564	8.96816e-05	2.78309e-05	8.20023e-06	2.32923e-06	7.6543e-07	7.6543e-07	
-0.140737	-0.155455	-0.166582	-0.172579	-0.172704	-0.168108	-0.162246	-0.16354	-0.180376	-0.216181	-0.273014	-0.347097	-0.430178	-0.516215	-0.590022	-0.629169	-0.628126	-0.592018	-0.512392	-0.380348	-0.209288	-0.0191159	0.185118	0.399668	0.603389	0.769737	0.888523	0.963611	0.9941	0.968318	0.877589	0.731291	0.556941	0.387225	0.246248	0.143719	0.0772915	0.0384596	0.0177769	0.00766109	0.00308882	0.00116874	0.000416196	0.00013985	4.4447e-05	1.33905e-05	3.83464e-06	1.05884e-06	3.37656e-07	3.37656e-07	
-0.164165	-0.169384	-0.169986	-0.167231	-0.163018	-0.16112	-0.167716	-0.189197	-0.228229	-0.285622	-0.359661	-0.44296	-0.525485	-0.593159	-0.629231	-0.628126	-0.593196	-0.518021	-0.393093	-0.227848	-0.042555	0.154914	0.363494	0.567638	0.740725	0.867496	0.94988	0.990617	0.981239	0.91042	0.780513	0.61323	0.440304	0.289155	0.174175	0.0965911	0.0495125	0.0235521	0.0104351	0.00432138	0.00167796	0.000612679	0.000210926	6.86311e-05	2.11529e-05	6.18834e-06	1.72285e-06	4.62599e-07	1.43188e-07	1.43188e-07	
-0.168058	-0.165839	-0.162487	-0.16018	-0.162377	-0.174183	-0.200664	-0.24428	-0.304923	-0.380089	-0.462067	-0.539092	-0.598628	-0.629518	-0.627218	-0.592018	-0.518021	-0.397311	-0.237211	-0.0565487	0.135153	0.337559	0.539564	0.716337	0.849245	0.937317	0.985246	0.988156	0.934262	0.820582	0.662778	0.490048	0.331582	0.205754	0.117481	0.0619576	0.0302976	0.0137885	0.00586041	0.00233364	0.000873191	0.000307838	0.000102504	3.23105e-05	9.66112e-06	2.74558e-06	7.43344e-07	1.94157e-07	5.83511e-08	5.83511e-08	
-0.161019	-0.158086	-0.158554	-0.165823	-0.184338	-0.217963	-0.268037	-0.332896	-0.408194	-0.48587	-0.554981	-0.605496	-0.630297	-0.625438	-0.588127	-0.512392	-0.393093	-0.237211	-0.0612092	0.125394	0.322028	0.520301	0.697858	0.834592	0.92676	0.97956	0.991201	0.950848	0.851999	0.704796	0.53495	0.371976	0.237275	0.139243	0.0754423	0.0378788	0.0176887	0.00770931	0.00314589	0.0012055	0.000434969	0.000148149	4.77397e-05	1.4585e-05	4.23273e-06	1.16897e-06	3.07896e-07	7.82613e-08	2.28452e-08	2.28452e-08	
-0.154112	-0.160105	-0.175439	-0.203276	-0.245646	-0.302011	-0.369103	-0.44153	-0.511937	-0.571712	-0.613386	-0.631723	-0.622365	-0.5804	-0.500368	-0.380348	-0.227848	-0.0565487	0.125394	0.316864	0.51052	0.686326	0.824304	0.918792	0.974591	0.992051	0.961882	0.875666	0.73904	0.573897	0.408928	0.267504	0.161026	0.0894826	0.0460668	0.0220485	0.00984419	0.00411313	0.001613	0.000595312	0.000207293	6.82575e-05	2.12989e-05	6.31029e-06	1.7783e-06	4.77483e-07	1.22402e-07	3.02901e-08	8.59176e-09	8.59176e-09	
-0.172123	-0.19801	-0.235739	-0.285356	-0.34488	-0.410441	-0.476994	-0.538673	-0.589085	-0.622262	-0.633108	-0.616481	-0.56696	-0.48074	-0.358907	-0.209288	-0.042555	0.135153	0.322028	0.51052	0.682407	0.818992	0.913834	0.97098	0.991902	0.968839	0.892647	0.765663	0.606165	0.441255	0.295252	0.181911	0.103493	0.0545466	0.0267234	0.0122098	0.00521878	0.00209284	0.000789549	0.000280915	9.44755e-05	3.00973e-05	9.10014e-06	2.61614e-06	7.163e-07	1.87081e-07	4.66967e-08	1.12556e-08	3.10372e-09	3.10372e-09	
-0.236676	-0.281303	-0.334116	-0.392778	-0.453844	-0.513189	-0.56612	-0.60731	-0.631124	-0.632084	-0.604979	-0.545548	-0.452395	-0.32872	-0.181751	-0.0191159	0.154914	0.337559	0.520301	0.686326	0.818992	0.91215	0.969092	0.991531	0.972852	0.903951	0.785051	0.63137	0.468035	0.319449	0.200978	0.11683	0.0629357	0.0315173	0.0147188	0.00642942	0.0026344	0.00101519	0.000368842	0.000126631	4.11683e-05	1.26984e-05	3.72293e-06	1.03918e-06	2.76599e-07	7.03064e-08	1.70956e-08	4.01561e-09	1.07697e-09	1.07697e-09	
-0.335599	-0.387989	-0.443355	-0.49876	-0.550538	-0.594285	-0.624834	-0.636638	-0.624532	-0.584462	-0.514292	-0.414787	-0.289884	-0.145254	0.0141499	0.185118	0.363494	0.539564	0.697858	0.824304	0.913834	0.969092	0.991362	0.974673	0.910387	0.797653	0.649364	0.488605	0.339196	0.217372	0.128839	0.070812	0.0361942	0.0172553	0.00769485	0.00321858	0.00126598	0.000469393	0.000164421	5.45247e-05	1.71506e-05	5.12614e-06	1.45832e-06	3.95493e-07	1.02395e-07	2.53435e-08	6.00632e-09	1.37556e-09	3.59001e-10	3.59001e-10	
-0.44613	-0.496941	-0.545512	-0.588067	-0.620134	-0.636809	-0.633329	-0.605887	-0.552305	-0.472381	-0.367937	-0.242322	-0.099282	0.0579944	0.226251	0.399668	0.567638	0.716337	0.834592	0.918792	0.97098	0.991531	0.974673	0.912474	0.803848	0.660137	0.502528	0.353792	0.230355	0.138907	0.0777487	0.0404968	0.0196827	0.00895069	0.00381824	0.00153171	0.000579174	0.000206873	6.99427e-05	2.24258e-05	6.83106e-06	1.98006e-06	5.47e-07	1.44225e-07	3.63436e-08	8.76398e-09	2.02543e-09	4.525e-10	1.1498e-10	1.1498e-10	
-0.552116	-0.590575	-0.620106	-0.636659	-0.636317	-0.615831	-0.573135	-0.507607	-0.41994	-0.311769	-0.185229	-0.0426193	0.113373	0.278505	0.445427	0.603389	0.740725	0.849245	0.92676	0.974591	0.991902	0.972852	0.910387	0.803848	0.663721	0.509548	0.362744	0.239344	0.146508	0.0833496	0.044169	0.0218556	0.0101232	0.00439984	0.00179862	0.000693088	0.000252288	8.69203e-05	2.83964e-05	8.81203e-06	2.60174e-06	7.31959e-07	1.96501e-07	5.04057e-08	1.23703e-08	2.90793e-09	6.55699e-10	1.42975e-10	3.53905e-11	3.53905e-11	
-0.624739	-0.637389	-0.635945	-0.617881	-0.581424	-0.525698	-0.450662	-0.356853	-0.245148	-0.116776	0.0263446	0.1809	0.341321	0.499395	0.645222	0.769737	0.867496	0.937317	0.97956	0.992051	0.968839	0.903951	0.797653	0.660137	0.509548	0.36576	0.243939	0.151238	0.0872835	0.0469796	0.0236331	0.0111362	0.00492635	0.0020504	0.000804615	0.000298293	0.000104671	3.4827e-05	1.10063e-05	3.30898e-06	9.47806e-07	2.59018e-07	6.76235e-08	1.68876e-08	4.03877e-09	9.26046e-10	2.03838e-10	4.34034e-11	1.04714e-11	1.04714e-11	
-0.632326	-0.613557	-0.579842	-0.530173	-0.46398	-0.38104	-0.281409	-0.165539	-0.0346505	0.108699	0.260081	0.413007	0.559445	0.691242	0.802035	0.888523	0.94988	0.985246	0.991201	0.961882	0.892647	0.785051	0.649364	0.502528	0.362744	0.243939	0.152843	0.0893125	0.048745	0.0248935	0.0119187	0.00536091	0.00226977	0.000906374	0.000342007	0.000122165	4.13799e-05	1.33127e-05	4.07423e-06	1.18785e-06	3.30375e-07	8.77714e-08	2.23013e-08	5.42558e-09	1.26526e-09	2.8313e-10	6.08695e-11	1.26633e-11	2.97935e-12	2.97935e-12	
-0.569248	-0.522706	-0.462075	-0.386659	-0.296036	-0.190232	-0.0700541	0.0624915	0.203829	0.348736	0.490734	0.622997	0.739574	0.836413	0.91148	0.963611	0.990617	0.988156	0.950848	0.875666	0.765663	0.63137	0.488605	0.353792	0.239344	0.151238	0.0893125	0.0493471	0.0255473	0.0124134	0.00567107	0.00244034	0.000990889	0.000380319	0.000138215	4.76378e-05	1.5596e-05	4.85717e-06	1.44103e-06	4.07817e-07	1.10233e-07	2.84928e-08	7.05074e-09	1.67218e-09	3.80479e-10	8.31393e-11	1.74666e-11	3.55213e-12	8.15436e-13	8.15436e-13	
-0.444987	-0.374132	-0.289674	-0.191508	-0.0802765	0.0423388	0.173404	0.308719	0.443116	0.571084	0.687574	0.788677	0.871846	0.935368	0.977238	0.9941	0.981239	0.934262	0.851999	0.73904	0.606165	0.468035	0.339196	0.230355	0.146508	0.0872835	0.048745	0.0255473	0.0125826	0.00583262	0.00254864	0.00105148	0.000410244	0.000151603	5.31449e-05	1.76987e-05	5.60743e-06	1.69245e-06	4.87256e-07	1.33976e-07	3.52238e-08	8.86489e-09	2.13797e-09	4.94613e-10	1.09872e-10	2.3457e-11	4.81822e-12	9.58343e-13	2.14773e-13	2.14773e-13	
-0.261169	-0.168824	-0.0652117	0.0481845	0.168933	0.293691	0.418432	0.538868	0.650952	0.751321	0.837429	0.907272	0.958724	0.988811	0.993475	0.968318	0.91042	0.820582	0.704796	0.573897	0.441255	0.319449	0.217372	0.138907	0.0833496	0.0469796	0.0248935	0.0124134	0.00583262	0.00258577	0.00108313	0.000429301	0.000161232	5.74599e-05	1.9458e-05	6.26952e-06	1.92456e-06	5.63548e-07	1.57598e-07	4.21391e-08	1.07848e-08	2.64476e-09	6.22075e-10	1.40474e-10	3.04822e-11	6.36174e-12	1.27827e-12	2.48787e-13	5.44592e-14	5.44592e-14	
-0.0243387	0.0798875	0.189995	0.30339	0.417039	0.52773	0.632377	0.728255	0.813067	0.884753	0.941084	0.979219	0.995509	0.985881	0.946942	0.877589	0.780513	0.662778	0.53495	0.408928	0.295252	0.200978	0.128839	0.0777487	0.044169	0.0236331	0.0119187	0.00567107	0.00254864	0.00108313	0.000435844	0.000166271	6.02135e-05	2.07261e-05	6.78938e-06	2.11915e-06	6.30995e-07	1.7944e-07	4.87891e-08	1.26968e-08	3.16579e-09	7.5702e-10	1.73772e-10	3.83258e-11	8.12864e-12	1.65929e-12	3.263e-13	6.2173e-14	1.33001e-14	1.33001e-14	
0.235481	0.336676	0.438167	0.537638	0.632808	0.721537	0.801825	0.871669	0.928815	0.970498	0.993346	0.993642	0.968037	0.914662	0.834322	0.731291	0.61323	0.490048	0.371976	0.267504	0.181911	0.11683	0.070812	0.0404968	0.0218556	0.0111362	0.00536091	0.00244034	0.00105148	0.000429301	0.000166271	6.116e-05	2.13905e-05	7.12159e-06	2.2596e-06	6.84025e-07	1.97774e-07	5.46743e-08	1.44664e-08	3.66713e-09	8.91457e-10	2.08008e-10	4.66281e-11	1.00502e-11	2.08459e-12	4.16412e-13	8.01819e-14	1.4964e-14	3.12989e-15	3.12989e-15	
0.480189	0.567553	0.651981	0.731771	0.805169	0.870256	0.924806	0.966146	0.991153	0.996469	0.979005	0.936717	0.869484	0.779814	0.673065	0.556941	0.440304	0.331582	0.237275	0.161026	0.103493	0.0629357	0.0361942	0.0196827	0.0101232	0.00492635	0.00226977	0.000990889	0.000410244	0.000161232	6.02135e-05	2.13905e-05	7.23587e-06	2.33326e-06	7.17945e-07	2.11019e-07	5.93053e-08	1.59526e-08	4.11104e-09	1.01591e-09	2.40952e-10	5.48977e-11	1.20251e-11	2.53446e-12	5.14375e-13	1.006e-13	1.89764e-14	3.47032e-15	7.10058e-16	7.10058e-16	
0.688735	0.758397	0.823148	0.881147	0.930233	0.967877	0.991226	0.997309	0.983406	0.947607	0.889436	0.810398	0.714249	0.606816	0.495306	0.387225	0.289155	0.205754	0.139243	0.0894826	0.0545466	0.0315173	0.0172553	0.00895069	0.00439984	0.0020504	0.000906374	0.000380319	0.000151603	5.74599e-05	2.07261e-05	7.12159e-06	2.33326e-06	7.29619e-07	2.17969e-07	6.2269e-08	1.70269e-08	4.46047e-09	1.12046e-09	2.70124e-10	6.25521e-11	1.39248e-11	2.9823e-12	6.14973e-13	1.22187e-13	2.34084e-14	4.32759e-15	7.75855e-16	1.55366e-16	1.55366e-16	
0.854331	0.903252	0.944396	0.975435	0.993844	0.997073	0.982844	0.949542	0.896659	0.825184	0.737839	0.63902	0.534416	0.430298	0.332637	0.246248	0.174175	0.117481	0.0754423	0.0460668	0.0267234	0.0147188	0.00769485	0.00381824	0.00179862	0.000804615	0.000342007	0.000138215	5.31449e-05	1.9458e-05	6.78938e-06	2.2596e-06	7.17945e-07	2.17969e-07	6.32893e-08	1.75907e-08	4.68415e-09	1.19605e-09	2.93088e-10	6.8982e-11	1.56065e-11	3.39662e-12	7.11677e-13	1.43658e-13	2.79572e-14	5.24893e-15	9.5147e-16	1.673e-16	3.28036e-17	3.28036e-17	
0.964352	0.98631	0.997061	0.994519	0.976876	0.942892	0.892191	0.825534	0.744987	0.653914	0.556742	0.458523	0.364315	0.27854	0.204433	0.143719	0.0965911	0.0619576	0.0378788	0.0220485	0.0122098	0.00642942	0.00321858	0.00153171	0.000693088	0.000298293	0.000122165	4.76378e-05	1.76987e-05	6.26952e-06	2.11915e-06	6.84025e-07	2.11019e-07	6.2269e-08	1.75907e-08	4.76117e-09	1.23572e-09	3.07789e-10	7.36299e-11	1.69301e-11	3.74454e-12	7.97237e-13	1.63508e-13	3.23258e-14	6.16476e-15	1.1348e-15	2.01782e-16	3.4812e-17	6.68655e-18	6.68655e-18	
0.996564	0.986218	0.963063	0.926238	0.875566	0.811724	0.736357	0.652072	0.562302	0.471014	0.382304	0.299936	0.226914	0.165166	0.115422	0.0772915	0.0495125	0.0302976	0.0176887	0.00984419	0.00521878	0.0026344	0.00126598	0.000579174	0.000252288	0.000104671	4.13799e-05	1.5596e-05	5.60743e-06	1.92456e-06	6.30995e-07	1.97774e-07	5.93053e-08	1.70269e-08	4.68415e-09	1.23572e-09	3.1285e-10	7.60695e-11	1.77773e-11	3.99597e-12	8.64551e-13	1.80166e-13	3.61882e-14	7.01068e-15	1.31078e-15	2.36675e-16	4.12979e-17	6.99355e-18	1.31645e-18	1.31645e-18	
0.937302	0.896723	0.845104	0.78309	0.712028	0.633961	0.551529	0.467791	0.385949	0.30904	0.239617	0.179505	0.129645	0.0900889	0.0601176	0.0384596	0.0235521	0.0137885	0.00770931	0.00411313	0.00209284	0.00101519	0.000469393	0.000206873	8.69203e-05	3.4827e-05	1.33127e-05	4.85717e-06	1.69245e-06	5.63548e-07	1.7944e-07	5.46743e-08	1.59526e-08	4.46047e-09	1.19605e-09	3.07789e-10	7.60695e-11	1.8069e-11	4.12792e-12	9.07625e-13	1.922e-13	3.92252e-14	7.7201e-15	1.46623e-15	2.68888e-16	4.76423e-17	8.16123e-18	1.35711e-18	2.50462e-19	2.50462e-19	
0.798565	0.738531	0.671817	0.600017	0.525145	0.449511	0.375544	0.305591	0.241692	0.1854	0.13765	0.0987128	0.0682419	0.0453948	0.0290066	0.0177769	0.0104351	0.00586041	0.00314589	0.001613	0.000789549	0.000368842	0.000164421	6.99427e-05	2.83964e-05	1.10063e-05	4.07423e-06	1.44103e-06	4.87256e-07	1.57598e-07	4.87891e-08	1.44664e-08	4.11104e-09	1.12046e-09	2.93088e-10	7.36299e-11	1.77773e-11	4.12792e-12	9.22452e-13	1.98514e-13	4.11679e-14	8.23232e-15	1.58838e-15	2.95881e-16	5.3244e-17	9.26121e-18	1.55806e-18	2.54506e-19	4.607e-20	4.607e-20	
0.615893	0.551051	0.484332	0.417444	0.352183	0.290295	0.233333	0.182527	0.138688	0.102153	0.0727989	0.0501005	0.0332368	0.021219	0.0130161	0.00766109	0.00432138	0.00233364	0.0012055	0.000595312	0.000280915	0.000126631	5.45247e-05	2.24258e-05	8.81203e-06	3.30898e-06	1.18785e-06	4.07817e-07	1.33976e-07	4.21391e-08	1.26968e-08	3.66713e-09	1.01591e-09	2.70124e-10	6.8982e-11	1.69301e-11	3.99597e-12	9.07625e-13	1.98514e-13	4.18365e-14	8.50098e-15	1.66647e-15	3.15359e-16	5.76425e-17	1.01826e-17	1.73941e-18	2.87497e-19	4.61482e-20	8.19673e-21	8.19673e-21	
0.431058	0.373615	0.317747	0.264715	0.215656	0.171497	0.132884	0.100139	0.0732568	0.0519282	0.0356029	0.0235687	0.0150395	0.00923651	0.00545184	0.00308882	0.00167796	0.000873191	0.000434969	0.000207293	9.44755e-05	4.11683e-05	1.71506e-05	6.83106e-06	2.60174e-06	9.47806e-07	3.30375e-07	1.10233e-07	3.52238e-08	1.07848e-08	3.16579e-09	8.91457e-10	2.40952e-10	6.25521e-11	1.56065e-11	3.74454e-12	8.64551e-13	1.922e-13	4.11679e-14	8.50098e-15	1.69335e-15	3.25571e-16	6.04533e-17	1.08471e-17	1.88177e-18	3.15802e-19	5.12997e-20	8.09464e-21	1.41128e-21	1.41128e-21	
0.274921	0.231187	0.190561	0.153716	0.121143	0.0931186	0.0696913	0.0506952	0.0357801	0.0244597	0.0161684	0.0103177	0.00634651	0.00375754	0.0021386	0.00116874	0.000612679	0.000307838	0.000148149	6.82575e-05	3.00973e-05	1.26984e-05	5.12614e-06	1.98006e-06	7.31959e-07	2.59018e-07	8.77714e-08	2.84928e-08	8.86489e-09	2.64476e-09	7.5702e-10	2.08008e-10	5.48977e-11	1.39248e-11	3.39662e-12	7.97237e-13	1.80166e-13	3.92252e-14	8.23232e-15	1.66647e-15	3.25571e-16	6.14203e-17	1.11954e-17	1.97271e-18	3.36214e-19	5.54533e-20	8.85613e-21	1.37414e-21	2.35253e-22	2.35253e-22	
0.160553	0.131194	0.104977	0.0821291	0.0627232	0.0466858	0.0338105	0.0237854	0.0162272	0.0107189	0.00684454	0.00421865	0.00250624	0.00143326	0.000788075	0.000416196	0.000210926	0.000102504	4.77397e-05	2.12989e-05	9.10014e-06	3.72293e-06	1.45832e-06	5.47e-07	1.96501e-07	6.76235e-08	2.23013e-08	7.05074e-09	2.13797e-09	6.22075e-10	1.73772e-10	4.66281e-11	1.20251e-11	2.9823e-12	7.11677e-13	1.63508e-13	3.61882e-14	7.7201e-15	1.58838e-15	3.15359e-16	6.04533e-17	1.11954e-17	2.00398e-18	3.46908e-19	5.81068e-20	9.4222e-21	1.47989e-21	2.25871e-22	3.79843e-23	3.79843e-23	
0.0862758	0.0686059	0.0533727	0.0405619	0.0300678	0.0217067	0.0152377	0.0103847	0.00686027	0.00438636	0.00271047	0.00161642	0.000929103	0.000514109	0.000273564	0.00013985	6.86311e-05	3.23105e-05	1.4585e-05	6.31029e-06	2.61614e-06	1.03918e-06	3.95493e-07	1.44225e-07	5.04057e-08	1.68876e-08	5.42558e-09	1.67218e-09	4.94613e-10	1.40474e-10	3.83258e-11	1.00502e-11	2.53446e-12	6.14973e-13	1.43658e-13	3.23258e-14	7.01068e-15	1.46623e-15	2.95881e-16	5.76425e-17	1.08471e-17	1.97271e-18	3.46908e-19	5.90192e-20	9.7189e-21	1.54989e-21	2.39483e-22	3.59655e-23	5.94316e-24	5.94316e-24	
0.0428623	0.0332132	0.0251562	0.0185979	0.0134009	0.00939756	0.00640412	0.0042347	0.00271312	0.00168182	0.0010073	0.000582157	0.000324266	0.000173886	8.96816e-05	4.4447e-05	2.11529e-05	9.66112e-06	4.23273e-06	1.7783e-06	7.163e-07	2.76599e-07	1.02395e-07	3.63436e-08	1.23703e-08	4.03877e-09	1.26526e-09	3.80479e-10	1.09872e-10	3.04822e-11	8.12864e-12	2.08459e-12	5.14375e-13	1.22187e-13	2.79572e-14	6.16476e-15	1.31078e-15	2.68888e-16	5.3244e-17	1.01826e-17	1.88177e-18	3.36214e-19	5.81068e-20	9.7189e-21	1.57398e-21	2.46932e-22	3.75476e-23	5.55012e-24	9.01497e-25	9.01497e-25	
0.0197817	0.0149543	0.0110408	0.00795023	0.00557564	0.00380308	0.00251933	0.00161859	0.00100713	0.000606119	0.000352365	0.000197637	0.000106832	5.55968e-05	2.78309e-05	1.33905e-05	6.18834e-06	2.74558e-06	1.16897e-06	4.77483e-07	1.87081e-07	7.03064e-08	2.53435e-08	8.76398e-09	2.90793e-09	9.26046e-10	2.8313e-10	8.31393e-11	2.3457e-11	6.36174e-12	1.65929e-12	4.16412e-13	1.006e-13	2.34084e-14	5.24893e-15	1.1348e-15	2.36675e-16	4.76423e-17	9.26121e-18	1.73941e-18	3.15802e-19	5.54533e-20	9.4222e-21	1.54989e-21	2.46932e-22	3.81232e-23	5.70624e-24	8.30431e-25	1.32627e-25	1.32627e-25	
0.00854673	0.00630794	0.00454324	0.0031891	0.00217878	0.00144684	0.000932619	0.000582756	0.000352537	0.000206212	0.000116491	6.34831e-05	3.33398e-05	1.68579e-05	8.20023e-06	3.83464e-06	1.72285e-06	7.43344e-07	3.07896e-07	1.22402e-07	4.66967e-08	1.70956e-08	6.00632e-09	2.02543e-09	6.55699e-10	2.03838e-10	6.08695e-11	1.74666e-11	4.81822e-12	1.27827e-12	3.263e-13	8.01819e-14	1.89764e-14	4.32759e-15	9.5147e-16	2.01782e-16	4.12979e-17	8.16123e-18	1.55806e-18	2.87497e-19	5.12997e-20	8.85613e-21	1.47989e-21	2.39483e-22	3.75476e-23	5.70624e-24	8.40988e-25	1.2053e-25	1.89331e-26	1.89331e-26	
0.00357111	0.00257173	0.00180597	0.00123514	0.000821666	0.000531	0.000332938	0.000202283	0.000118947	6.76146e-05	3.71137e-05	1.96512e-05	1.00275e-05	4.92689e-06	2.32923e-06	1.05884e-06	4.62599e-07	1.94157e-07	7.82613e-08	3.02901e-08	1.12556e-08	4.01561e-09	1.37556e-09	4.525e-10	1.42975e-10	4.34034e-11	1.26633e-11	3.55213e-12	9.58343e-13	2.48787e-13	6.2173e-14	1.4964e-14	3.47032e-15	7.75855e-16	1.673e-16	3.4812e-17	6.99355e-18	1.35711e-18	2.54506e-19	4.61482e-20	8.09464e-21	1.37414e-21	2.25871e-22	3.59655e-23	5.55012e-24	8.30431e-25	1.2053e-25	1.70148e-26	2.62926e-27	2.62926e-27	
0.00174797	0.00122844	0.000841071	0.000560345	0.00036283	0.000228063	0.000138994	8.2039e-05	4.68425e-05	2.58457e-05	1.37666e-05	7.07205e-06	3.50088e-06	1.66875e-06	7.6543e-07	3.37656e-07	1.43188e-07	5.83511e-08	2.28452e-08	8.59176e-09	3.10372e-09	1.07697e-09	3.59001e-10	1.1498e-10	3.53905e-11	1.04714e-11	2.97935e-12	8.15436e-13	2.14773e-13	5.44592e-14	1.33001e-14	3.12989e-15	7.10058e-16	1.55366e-16	3.28036e-17	6.68655e-18	1.31645e-18	2.50462e-19	4.607e-20	8.19673e-21	1.41128e-21	2.35253e-22	3.79843e-23	5.94316e-24	9.01497e-25	1.32627e-25	1.89331e-26	2.62926e-27	3.99154e-28	3.99154e-28	
0.00174797	0.00122844	0.000841071	0.000560345	0.00036283	0.000228063	0.000138994	8.2039e-05	4.68425e-05	2.58457e-05	1.37666e-05	7.07205e-06	3.50088e-06	1.66875e-06	7.6543e-07	3.37656e-07	1.43188e-07	5.83511e-08	2.28452e-08	8.59176e-09	3.10372e-09	1.07697e-09	3.59001e-10	1.1498e-10	3.53905e-11	1.04714e-11	2.97935e-12	8.15436e-13	2.14773e-13	5.44592e-14	1.33001e-14	3.12989e-15	7.10058e-16	1.55366e-16	3.28036e-17	6.68655e-18	1.31645e-18	2.50462e-19	4.607e-20	8.19673e-21	1.41128e-21	2.35253e-22	3.79843e-23	5.94316e-24	9.01497e-25	1.32627e-25	1.89331e-26	2.62926e-27	3.99154e-28	3.99154e-28	
