-0.507173	-0.385727	-0.263644	-0.160107	-0.0792737	-0.0241243	0.014761	0.0431152	0.0570515	0.0492887	-0.00720111	-0.101733	-0.216053	-0.332006	-0.450613	-0.554089	-0.623479	-0.671152	-0.698044	-0.702022	-0.694962	-0.691123	-0.684029	-0.670097	-0.648796	-0.612138	-0.574208	-0.531673	-0.479478	-0.420886	-0.351758	-0.274913	-0.163649	-0.0387005	0.0724313	0.161826	0.240166	0.319412	0.38295	0.436472	0.48446	0.525829	0.561324	0.586466	0.59489	0.591897	0.589983	0.591415	0.592277	0.592277	
-0.385727	-0.28691	-0.183405	-0.0880369	-0.00987143	0.04594	0.0735723	0.0824328	0.0771906	0.0558162	0.00285004	-0.0806619	-0.182208	-0.288257	-0.401943	-0.501875	-0.576877	-0.632484	-0.671382	-0.691965	-0.70537	-0.721228	-0.728265	-0.724087	-0.709273	-0.679237	-0.640068	-0.596711	-0.539591	-0.474478	-0.401718	-0.315385	-0.197161	-0.0662204	0.0467815	0.140088	0.226109	0.31289	0.388748	0.453562	0.506596	0.546295	0.57136	0.578776	0.566281	0.547844	0.540632	0.533026	0.523013	0.523013	
-0.263644	-0.183405	-0.0903924	-0.00363634	0.0702178	0.120019	0.134975	0.128848	0.105959	0.0711834	0.0230061	-0.0480558	-0.135867	-0.23832	-0.344663	-0.446043	-0.534589	-0.605753	-0.663487	-0.704633	-0.740184	-0.767748	-0.776532	-0.77742	-0.763727	-0.740543	-0.709026	-0.664704	-0.604208	-0.529069	-0.449499	-0.351983	-0.232879	-0.103062	0.0148199	0.118722	0.220235	0.312062	0.392309	0.461688	0.516316	0.55241	0.569962	0.564948	0.540787	0.517286	0.507057	0.493387	0.473502	0.473502	
-0.160107	-0.0880369	-0.00363634	0.0736296	0.137085	0.180939	0.19811	0.194849	0.165722	0.117085	0.064944	-0.00535317	-0.0878531	-0.178502	-0.27501	-0.376258	-0.479129	-0.573459	-0.656994	-0.726392	-0.779324	-0.811253	-0.817754	-0.811257	-0.796921	-0.778045	-0.754457	-0.715638	-0.653949	-0.574197	-0.485377	-0.379513	-0.261127	-0.137907	-0.0180545	0.104644	0.221745	0.318433	0.395887	0.45668	0.507239	0.538362	0.548983	0.539574	0.511706	0.48548	0.471802	0.45103	0.427842	0.427842	
-0.0792737	-0.00987143	0.0702178	0.137085	0.193194	0.232139	0.256535	0.26192	0.234465	0.180781	0.12432	0.050859	-0.0261895	-0.111278	-0.204313	-0.305838	-0.41794	-0.525719	-0.628095	-0.716005	-0.783508	-0.822403	-0.834233	-0.824731	-0.808623	-0.790212	-0.769971	-0.735559	-0.677676	-0.601262	-0.507051	-0.39456	-0.278941	-0.160063	-0.0343247	0.104448	0.238812	0.34006	0.409388	0.454653	0.490285	0.509	0.507827	0.490767	0.458599	0.426206	0.401534	0.373004	0.350374	0.350374	
-0.0241243	0.04594	0.120019	0.180939	0.232139	0.266356	0.293298	0.305716	0.286134	0.246915	0.19712	0.128207	0.0575953	-0.0258894	-0.123454	-0.227096	-0.340725	-0.454095	-0.565609	-0.658232	-0.73286	-0.78234	-0.799277	-0.792595	-0.778736	-0.762725	-0.745419	-0.718496	-0.672899	-0.60691	-0.514124	-0.400254	-0.283621	-0.161758	-0.0266132	0.120669	0.25974	0.36279	0.421017	0.450701	0.463725	0.460228	0.44018	0.403994	0.365581	0.323057	0.282995	0.248859	0.225738	0.225738	
0.014761	0.0735723	0.134975	0.19811	0.256535	0.293298	0.317471	0.330298	0.330265	0.31517	0.281516	0.23045	0.167682	0.0838482	-0.0185817	-0.1223	-0.23736	-0.353928	-0.465291	-0.558168	-0.634826	-0.689433	-0.711039	-0.708269	-0.701557	-0.691326	-0.677174	-0.660353	-0.631404	-0.582499	-0.498207	-0.392257	-0.273305	-0.13877	0.00321962	0.150211	0.276352	0.369134	0.418949	0.427923	0.415769	0.381724	0.329727	0.272285	0.219778	0.168692	0.120706	0.079618	0.0595356	0.0595356	
0.0431152	0.0824328	0.128848	0.194849	0.26192	0.305716	0.330298	0.358406	0.383419	0.394641	0.383902	0.348095	0.292351	0.20685	0.106176	0.00220002	-0.11366	-0.233261	-0.343268	-0.433705	-0.508875	-0.563514	-0.584379	-0.588739	-0.590139	-0.583001	-0.570256	-0.558151	-0.540449	-0.503765	-0.43673	-0.343121	-0.230418	-0.0915079	0.051566	0.181324	0.285536	0.359956	0.397262	0.3869	0.343486	0.27075	0.181142	0.0931799	0.0206085	-0.0400494	-0.0945043	-0.134431	-0.151678	-0.151678	
0.0570515	0.0771906	0.105959	0.165722	0.234465	0.286134	0.330265	0.383419	0.439775	0.477935	0.489959	0.46649	0.410531	0.326451	0.231224	0.128533	0.0101548	-0.109504	-0.220063	-0.308256	-0.378877	-0.423427	-0.43887	-0.443056	-0.44119	-0.433498	-0.420374	-0.40973	-0.397266	-0.369767	-0.315789	-0.237706	-0.13696	-0.0109284	0.114707	0.215847	0.287863	0.336795	0.352162	0.321998	0.246414	0.138228	0.0124441	-0.11007	-0.209458	-0.293884	-0.360226	-0.403095	-0.417273	-0.417273	
0.0492887	0.0558162	0.0711834	0.117085	0.180781	0.246915	0.31517	0.394641	0.477935	0.541928	0.572169	0.560001	0.510654	0.434127	0.345409	0.242443	0.123519	0.00328309	-0.105894	-0.19072	-0.249224	-0.277989	-0.282492	-0.276623	-0.261515	-0.249928	-0.237515	-0.22571	-0.219634	-0.199512	-0.158106	-0.0929163	-0.00979939	0.0905762	0.187213	0.257828	0.298941	0.31465	0.300833	0.23993	0.134434	-0.00777483	-0.168459	-0.321886	-0.454249	-0.566721	-0.653671	-0.701741	-0.713805	-0.713805	
-0.00720111	0.00285004	0.0230061	0.064944	0.12432	0.19712	0.281516	0.383902	0.489959	0.572169	0.616928	0.617523	0.578192	0.511751	0.428734	0.33272	0.225175	0.110755	0.00694998	-0.0705882	-0.116877	-0.132288	-0.125602	-0.102002	-0.073458	-0.0542091	-0.0388546	-0.0282219	-0.0266835	-0.0191553	0.010199	0.0639507	0.127131	0.197105	0.26252	0.302063	0.312551	0.291886	0.238342	0.14544	0.012868	-0.155402	-0.342034	-0.520004	-0.678528	-0.818197	-0.928929	-0.989334	-1.00454	-1.00454	
-0.101733	-0.0806619	-0.0480558	-0.00535317	0.050859	0.128207	0.23045	0.348095	0.46649	0.560001	0.617523	0.637982	0.616865	0.560013	0.483761	0.399509	0.299593	0.18952	0.0963486	0.0316975	-0.0010998	-1.74168e-05	0.0214078	0.061263	0.101808	0.133462	0.158455	0.175451	0.174967	0.170388	0.186011	0.216636	0.255402	0.290209	0.322445	0.333015	0.31273	0.259585	0.1682	0.048495	-0.103633	-0.285484	-0.48528	-0.678494	-0.853051	-1.01438	-1.14802	-1.22899	-1.25738	-1.25738	
-0.216053	-0.182208	-0.135867	-0.0878531	-0.0261895	0.0575953	0.167682	0.292351	0.410531	0.510654	0.578192	0.616865	0.609906	0.570483	0.511689	0.440479	0.346086	0.240752	0.160367	0.105876	0.0867221	0.107723	0.149265	0.202126	0.254089	0.296596	0.329936	0.349384	0.351866	0.344477	0.348963	0.361567	0.372569	0.378865	0.377226	0.354224	0.301938	0.213825	0.0902272	-0.0535993	-0.217174	-0.398402	-0.591884	-0.784215	-0.962551	-1.13011	-1.27652	-1.3759	-1.42266	-1.42266	
-0.332006	-0.288257	-0.23832	-0.178502	-0.111278	-0.0258894	0.0838482	0.20685	0.326451	0.434127	0.511751	0.560013	0.570483	0.552614	0.508667	0.439255	0.344913	0.246949	0.175024	0.127942	0.125276	0.167353	0.230312	0.304031	0.374199	0.435369	0.476435	0.49844	0.506468	0.501027	0.494918	0.482694	0.469029	0.445031	0.413852	0.363191	0.279631	0.166231	0.0193828	-0.145847	-0.316314	-0.487706	-0.662331	-0.8371	-1.00658	-1.16066	-1.29489	-1.39754	-1.45301	-1.45301	
-0.450613	-0.401943	-0.344663	-0.27501	-0.204313	-0.123454	-0.0185817	0.106176	0.231224	0.345409	0.428734	0.483761	0.511689	0.508667	0.465224	0.389289	0.291862	0.194054	0.122232	0.0829218	0.0965253	0.158302	0.248273	0.352767	0.458135	0.543427	0.593757	0.619657	0.634391	0.628733	0.610692	0.579724	0.535984	0.486638	0.425321	0.343931	0.236757	0.10498	-0.0488015	-0.216097	-0.38109	-0.52916	-0.67065	-0.820533	-0.96844	-1.09752	-1.20603	-1.29273	-1.34664	-1.34664	
-0.554089	-0.501875	-0.446043	-0.376258	-0.305838	-0.227096	-0.1223	0.00220002	0.128533	0.242443	0.33272	0.399509	0.440479	0.439255	0.389289	0.300432	0.190502	0.0836796	0.00882003	-0.0174344	0.0114663	0.0883606	0.204929	0.346987	0.492426	0.605318	0.674349	0.711406	0.726585	0.716141	0.681805	0.630629	0.564602	0.491486	0.406376	0.30277	0.178681	0.0447009	-0.0978748	-0.24992	-0.39428	-0.513293	-0.62094	-0.738203	-0.85432	-0.949033	-1.01936	-1.07924	-1.11743	-1.11743	
-0.623479	-0.576877	-0.534589	-0.479129	-0.41794	-0.340725	-0.23736	-0.11366	0.0101548	0.123519	0.225175	0.299593	0.346086	0.344913	0.291862	0.190502	0.0618934	-0.0541434	-0.129956	-0.145998	-0.106193	-0.0157658	0.127163	0.303145	0.481429	0.623813	0.719247	0.77118	0.783624	0.763057	0.709065	0.638022	0.552965	0.463152	0.361243	0.245025	0.119457	-0.00398585	-0.120918	-0.248079	-0.365064	-0.45704	-0.534381	-0.613178	-0.686152	-0.733165	-0.760296	-0.783697	-0.800329	-0.800329	
-0.671152	-0.632484	-0.605753	-0.573459	-0.525719	-0.454095	-0.353928	-0.233261	-0.109504	0.00328309	0.110755	0.18952	0.240752	0.246949	0.194054	0.0836796	-0.0541434	-0.173597	-0.25394	-0.271433	-0.228896	-0.122071	0.0430653	0.238764	0.437486	0.60561	0.724434	0.788646	0.805626	0.777868	0.709579	0.622592	0.518936	0.413717	0.296721	0.171401	0.0540363	-0.0478132	-0.136705	-0.230849	-0.317212	-0.37929	-0.421678	-0.457792	-0.479594	-0.478168	-0.463272	-0.45781	-0.456607	-0.456607	
-0.698044	-0.671382	-0.663487	-0.656994	-0.628095	-0.565609	-0.465291	-0.343268	-0.220063	-0.105894	0.00694998	0.0963486	0.160367	0.175024	0.122232	0.00882003	-0.129956	-0.25394	-0.351003	-0.386432	-0.342717	-0.219162	-0.0409607	0.169121	0.386033	0.574114	0.711766	0.790513	0.814017	0.786226	0.705118	0.594346	0.470712	0.343382	0.209186	0.0835008	-0.0184956	-0.0927605	-0.15065	-0.213417	-0.270587	-0.301351	-0.307599	-0.302639	-0.275413	-0.228709	-0.175941	-0.145003	-0.134686	-0.134686	
-0.702022	-0.691965	-0.704633	-0.726392	-0.716005	-0.658232	-0.558168	-0.433705	-0.308256	-0.19072	-0.0705882	0.0316975	0.105876	0.127942	0.0829218	-0.0174344	-0.145998	-0.271433	-0.386432	-0.440283	-0.403064	-0.279495	-0.0996386	0.116711	0.343334	0.542791	0.688713	0.773762	0.804088	0.774002	0.682389	0.557745	0.417426	0.274065	0.130277	0.00470376	-0.0861252	-0.141133	-0.174933	-0.210649	-0.235703	-0.234237	-0.205706	-0.164393	-0.108218	-0.0309863	0.0475728	0.0901815	0.104387	0.104387	
-0.694962	-0.70537	-0.740184	-0.779324	-0.783508	-0.73286	-0.634826	-0.508875	-0.378877	-0.249224	-0.116877	-0.0010998	0.0867221	0.125276	0.0965253	0.0114663	-0.106193	-0.228896	-0.342717	-0.403064	-0.375213	-0.262901	-0.0941306	0.113173	0.330512	0.524076	0.665442	0.746662	0.774198	0.736467	0.639904	0.508258	0.360116	0.212307	0.0671606	-0.0571038	-0.146234	-0.196873	-0.21735	-0.227356	-0.224693	-0.194485	-0.138604	-0.0779062	-0.00668414	0.0827708	0.172589	0.227242	0.243314	0.243314	
-0.691123	-0.721228	-0.767748	-0.811253	-0.822403	-0.78234	-0.689433	-0.563514	-0.423427	-0.277989	-0.132288	-1.74168e-05	0.107723	0.167353	0.158302	0.0883606	-0.0157658	-0.122071	-0.219162	-0.279495	-0.262901	-0.167997	-0.0214536	0.160135	0.352874	0.524735	0.646688	0.708724	0.717767	0.669205	0.570369	0.439224	0.29765	0.159512	0.025162	-0.0929226	-0.189473	-0.249276	-0.269206	-0.262999	-0.237916	-0.187827	-0.117965	-0.0479366	0.0237767	0.10531	0.191714	0.24843	0.270724	0.270724	
-0.684029	-0.728265	-0.776532	-0.817754	-0.834233	-0.799277	-0.711039	-0.584379	-0.43887	-0.282492	-0.125602	0.0214078	0.149265	0.230312	0.248273	0.204929	0.127163	0.0430653	-0.0409607	-0.0996386	-0.0941306	-0.0214536	0.0971208	0.242135	0.399347	0.534602	0.618143	0.646532	0.6329	0.577401	0.47923	0.361067	0.235049	0.11699	0.00405497	-0.103675	-0.20178	-0.275541	-0.303724	-0.296306	-0.26246	-0.209393	-0.140373	-0.0708871	-0.0121925	0.0491405	0.112148	0.162165	0.18759	0.18759	
-0.670097	-0.724087	-0.77742	-0.811257	-0.824731	-0.792595	-0.708269	-0.588739	-0.443056	-0.276623	-0.102002	0.061263	0.202126	0.304031	0.352767	0.346987	0.303145	0.238764	0.169121	0.116711	0.113173	0.160135	0.242135	0.346131	0.457176	0.541009	0.575423	0.5684	0.536319	0.473706	0.38165	0.277806	0.173585	0.0792441	-0.00927807	-0.0955102	-0.183841	-0.261321	-0.302847	-0.308297	-0.289762	-0.251064	-0.195848	-0.139177	-0.0953003	-0.060457	-0.0264559	0.00731677	0.0280387	0.0280387	
-0.648796	-0.709273	-0.763727	-0.796921	-0.808623	-0.778736	-0.701557	-0.590139	-0.44119	-0.261515	-0.073458	0.101808	0.254089	0.374199	0.458135	0.492426	0.481429	0.437486	0.386033	0.343334	0.330512	0.352874	0.399347	0.457176	0.512527	0.534454	0.51824	0.481297	0.429084	0.362235	0.280668	0.200816	0.126709	0.0600114	-0.000504576	-0.0624601	-0.133145	-0.205021	-0.2576	-0.288227	-0.29997	-0.289121	-0.258869	-0.223888	-0.20153	-0.191443	-0.186113	-0.17914	-0.172235	-0.172235	
-0.612138	-0.679237	-0.740543	-0.778045	-0.790212	-0.762725	-0.691326	-0.583001	-0.433498	-0.249928	-0.0542091	0.133462	0.296596	0.435369	0.543427	0.605318	0.623813	0.60561	0.574114	0.542791	0.524076	0.524735	0.534602	0.541009	0.534454	0.501705	0.451595	0.39227	0.325276	0.257626	0.192621	0.144216	0.105117	0.0706168	0.0422575	0.00614546	-0.0410603	-0.0975483	-0.155077	-0.212361	-0.262418	-0.290719	-0.299198	-0.301337	-0.309179	-0.322012	-0.343167	-0.36193	-0.372799	-0.372799	
-0.574208	-0.640068	-0.709026	-0.754457	-0.769971	-0.745419	-0.677174	-0.570256	-0.420374	-0.237515	-0.0388546	0.158455	0.329936	0.476435	0.593757	0.674349	0.719247	0.724434	0.711766	0.688713	0.665442	0.646688	0.618143	0.575423	0.51824	0.451595	0.381235	0.310478	0.23649	0.174465	0.137147	0.119959	0.11777	0.115155	0.116745	0.107059	0.0830251	0.0469841	-0.00867384	-0.0821249	-0.164501	-0.232997	-0.289071	-0.339016	-0.383502	-0.424033	-0.469593	-0.508526	-0.530609	-0.530609	
-0.531673	-0.596711	-0.664704	-0.715638	-0.735559	-0.718496	-0.660353	-0.558151	-0.40973	-0.22571	-0.0282219	0.175451	0.349384	0.49844	0.619657	0.711406	0.77118	0.788646	0.790513	0.773762	0.746662	0.708724	0.646532	0.5684	0.481297	0.39227	0.310478	0.233435	0.163519	0.119989	0.115409	0.135435	0.16499	0.193534	0.222102	0.237315	0.236328	0.216682	0.167596	0.0895425	-0.0118642	-0.115978	-0.219551	-0.318092	-0.401357	-0.47402	-0.544397	-0.595058	-0.618692	-0.618692	
-0.479478	-0.539591	-0.604208	-0.653949	-0.677676	-0.672899	-0.631404	-0.540449	-0.397266	-0.219634	-0.0266835	0.174967	0.351866	0.506468	0.634391	0.726585	0.783624	0.805626	0.814017	0.804088	0.774198	0.717767	0.6329	0.536319	0.429084	0.325276	0.23649	0.163519	0.109782	0.0967119	0.129948	0.185064	0.24953	0.304466	0.362155	0.403576	0.419855	0.412268	0.367338	0.289209	0.176923	0.0429312	-0.103909	-0.243533	-0.362846	-0.465433	-0.555711	-0.61255	-0.632509	-0.632509	
-0.420886	-0.474478	-0.529069	-0.574197	-0.601262	-0.60691	-0.582499	-0.503765	-0.369767	-0.199512	-0.0191553	0.170388	0.344477	0.501027	0.628733	0.716141	0.763057	0.777868	0.786226	0.774002	0.736467	0.669205	0.577401	0.473706	0.362235	0.257626	0.174465	0.119989	0.0967119	0.11634	0.185622	0.27475	0.365709	0.453125	0.53557	0.595958	0.624934	0.618095	0.574178	0.496244	0.378087	0.224473	0.048202	-0.124328	-0.273218	-0.398908	-0.506225	-0.569336	-0.593037	-0.593037	
-0.351758	-0.401718	-0.449499	-0.485377	-0.507051	-0.514124	-0.498207	-0.43673	-0.315789	-0.158106	0.010199	0.186011	0.348963	0.494918	0.610692	0.681805	0.709065	0.709579	0.705118	0.682389	0.639904	0.570369	0.47923	0.38165	0.280668	0.192621	0.137147	0.115409	0.129948	0.185622	0.280796	0.39207	0.507592	0.620693	0.722219	0.797224	0.830173	0.821674	0.773096	0.689444	0.567217	0.404656	0.211992	0.0203244	-0.147033	-0.287143	-0.399148	-0.472585	-0.503697	-0.503697	
-0.274913	-0.315385	-0.351983	-0.379513	-0.39456	-0.400254	-0.392257	-0.343121	-0.237706	-0.0929163	0.0639507	0.216636	0.361567	0.482694	0.579724	0.630629	0.638022	0.622592	0.594346	0.557745	0.508258	0.439224	0.361067	0.277806	0.200816	0.144216	0.119959	0.135435	0.185064	0.27475	0.39207	0.52617	0.664043	0.795331	0.909325	0.988144	1.02237	1.00475	0.942625	0.846677	0.719384	0.5548	0.362904	0.170898	-0.000522615	-0.141544	-0.253275	-0.328245	-0.365289	-0.365289	
-0.163649	-0.197161	-0.232879	-0.261127	-0.278941	-0.283621	-0.273305	-0.230418	-0.13696	-0.00979939	0.127131	0.255402	0.372569	0.469029	0.535984	0.564602	0.552965	0.518936	0.470712	0.417426	0.360116	0.29765	0.235049	0.173585	0.126709	0.105117	0.11777	0.16499	0.24953	0.365709	0.507592	0.664043	0.814246	0.956147	1.06944	1.15208	1.18773	1.1594	1.08371	0.973669	0.838434	0.673122	0.490619	0.313006	0.149754	0.00898131	-0.100024	-0.17045	-0.204427	-0.204427	
-0.0387005	-0.0662204	-0.103062	-0.137907	-0.160063	-0.161758	-0.13877	-0.0915079	-0.0109284	0.0905762	0.197105	0.290209	0.378865	0.445031	0.486638	0.491486	0.463152	0.413717	0.343382	0.274065	0.212307	0.159512	0.11699	0.0792441	0.0600114	0.0706168	0.115155	0.193534	0.304466	0.453125	0.620693	0.795331	0.956147	1.08978	1.1946	1.27099	1.29757	1.26004	1.17392	1.05809	0.91977	0.75723	0.591223	0.438334	0.291806	0.153139	0.0486397	-0.0148588	-0.0405571	-0.0405571	
0.0724313	0.0467815	0.0148199	-0.0180545	-0.0343247	-0.0266132	0.00321962	0.051566	0.114707	0.187213	0.26252	0.322445	0.377226	0.413852	0.425321	0.406376	0.361243	0.296721	0.209186	0.130277	0.0671606	0.025162	0.00405497	-0.00927807	-0.000504576	0.0422575	0.116745	0.222102	0.362155	0.53557	0.722219	0.909325	1.06944	1.1946	1.28435	1.34094	1.35176	1.30023	1.20843	1.09417	0.95873	0.803634	0.656997	0.529805	0.405451	0.282774	0.188165	0.134787	0.1127	0.1127	
0.161826	0.140088	0.118722	0.104644	0.104448	0.120669	0.150211	0.181324	0.215847	0.257828	0.302063	0.333015	0.354224	0.363191	0.343931	0.30277	0.245025	0.171401	0.0835008	0.00470376	-0.0571038	-0.0929226	-0.103675	-0.0955102	-0.0624601	0.00614546	0.107059	0.237315	0.403576	0.595958	0.797224	0.988144	1.15208	1.27099	1.34094	1.37287	1.35586	1.28789	1.19094	1.08086	0.956779	0.818124	0.69014	0.585445	0.48725	0.39162	0.318062	0.270721	0.246236	0.246236	
0.240166	0.226109	0.220235	0.221745	0.238812	0.25974	0.276352	0.285536	0.287863	0.298941	0.312551	0.31273	0.301938	0.279631	0.236757	0.178681	0.119457	0.0540363	-0.0184956	-0.0861252	-0.146234	-0.189473	-0.20178	-0.183841	-0.133145	-0.0410603	0.0830251	0.236328	0.419855	0.624934	0.830173	1.02237	1.18773	1.29757	1.35176	1.35586	1.31318	1.2325	1.13111	1.03214	0.927265	0.812623	0.70771	0.622606	0.549788	0.481903	0.427874	0.383625	0.354175	0.354175	
0.319412	0.31289	0.312062	0.318433	0.34006	0.36279	0.369134	0.359956	0.336795	0.31465	0.291886	0.259585	0.213825	0.166231	0.10498	0.0447009	-0.00398585	-0.0478132	-0.0927605	-0.141133	-0.196873	-0.249276	-0.275541	-0.261321	-0.205021	-0.0975483	0.0469841	0.216682	0.412268	0.618095	0.821674	1.00475	1.1594	1.26004	1.30023	1.28789	1.2325	1.14687	1.05171	0.965568	0.881007	0.793169	0.714457	0.653494	0.60178	0.553705	0.509657	0.472173	0.443279	0.443279	
0.38295	0.388748	0.392309	0.395887	0.409388	0.421017	0.418949	0.397262	0.352162	0.300833	0.238342	0.1682	0.0902272	0.0193828	-0.0488015	-0.0978748	-0.120918	-0.136705	-0.15065	-0.174933	-0.21735	-0.269206	-0.303724	-0.302847	-0.2576	-0.155077	-0.00867384	0.167596	0.367338	0.574178	0.773096	0.942625	1.08371	1.17392	1.20843	1.19094	1.13111	1.05171	0.964763	0.887896	0.817924	0.753115	0.704028	0.671378	0.64004	0.604337	0.571362	0.545773	0.529341	0.529341	
0.436472	0.453562	0.461688	0.45668	0.454653	0.450701	0.427923	0.3869	0.321998	0.23993	0.14544	0.048495	-0.0535993	-0.145847	-0.216097	-0.24992	-0.248079	-0.230849	-0.213417	-0.210649	-0.227356	-0.262999	-0.296306	-0.308297	-0.288227	-0.212361	-0.0821249	0.0895425	0.289209	0.496244	0.689444	0.846677	0.973669	1.05809	1.09417	1.08086	1.03214	0.965568	0.887896	0.815523	0.751788	0.705674	0.68084	0.668731	0.655347	0.634544	0.617966	0.612634	0.610754	0.610754	
0.48446	0.506596	0.516316	0.507239	0.490285	0.463725	0.415769	0.343486	0.246414	0.134434	0.012868	-0.103633	-0.217174	-0.316314	-0.38109	-0.39428	-0.365064	-0.317212	-0.270587	-0.235703	-0.224693	-0.237916	-0.26246	-0.289762	-0.29997	-0.262418	-0.164501	-0.0118642	0.176923	0.378087	0.567217	0.719384	0.838434	0.91977	0.95873	0.956779	0.927265	0.881007	0.817924	0.751788	0.701056	0.671706	0.660667	0.65834	0.655897	0.656789	0.663452	0.676677	0.685509	0.685509	
0.525829	0.546295	0.55241	0.538362	0.509	0.460228	0.381724	0.27075	0.138228	-0.00777483	-0.155402	-0.285484	-0.398402	-0.487706	-0.52916	-0.513293	-0.45704	-0.37929	-0.301351	-0.234237	-0.194485	-0.187827	-0.209393	-0.251064	-0.289121	-0.290719	-0.232997	-0.115978	0.0429312	0.224473	0.404656	0.5548	0.673122	0.75723	0.803634	0.818124	0.812623	0.793169	0.753115	0.705674	0.671706	0.655853	0.648734	0.646518	0.65588	0.679178	0.712252	0.739916	0.755744	0.755744	
0.561324	0.57136	0.569962	0.548983	0.507827	0.44018	0.329727	0.181142	0.0124441	-0.168459	-0.342034	-0.48528	-0.591884	-0.662331	-0.67065	-0.62094	-0.534381	-0.421678	-0.307599	-0.205706	-0.138604	-0.117965	-0.140373	-0.195848	-0.258869	-0.299198	-0.289071	-0.219551	-0.103909	0.048202	0.211992	0.362904	0.490619	0.591223	0.656997	0.69014	0.70771	0.714457	0.704028	0.68084	0.660667	0.648734	0.640858	0.639922	0.66126	0.70305	0.752571	0.792142	0.81287	0.81287	
0.586466	0.578776	0.564948	0.539574	0.490767	0.403994	0.272285	0.0931799	-0.11007	-0.321886	-0.520004	-0.678494	-0.784215	-0.8371	-0.820533	-0.738203	-0.613178	-0.457792	-0.302639	-0.164393	-0.0779062	-0.0479366	-0.0708871	-0.139177	-0.223888	-0.301337	-0.339016	-0.318092	-0.243533	-0.124328	0.0203244	0.170898	0.313006	0.438334	0.529805	0.585445	0.622606	0.653494	0.671378	0.668731	0.65834	0.646518	0.639922	0.647644	0.677824	0.727521	0.782338	0.824562	0.850098	0.850098	
0.59489	0.566281	0.540787	0.511706	0.458599	0.365581	0.219778	0.0206085	-0.209458	-0.454249	-0.678528	-0.853051	-0.962551	-1.00658	-0.96844	-0.85432	-0.686152	-0.479594	-0.275413	-0.108218	-0.00668414	0.0237767	-0.0121925	-0.0953003	-0.20153	-0.309179	-0.383502	-0.401357	-0.362846	-0.273218	-0.147033	-0.000522615	0.149754	0.291806	0.405451	0.48725	0.549788	0.60178	0.64004	0.655347	0.655897	0.65588	0.66126	0.677824	0.713679	0.759689	0.80684	0.843092	0.864701	0.864701	
0.591897	0.547844	0.517286	0.48548	0.426206	0.323057	0.168692	-0.0400494	-0.293884	-0.566721	-0.818197	-1.01438	-1.13011	-1.16066	-1.09752	-0.949033	-0.733165	-0.478168	-0.228709	-0.0309863	0.0827708	0.10531	0.0491405	-0.060457	-0.191443	-0.322012	-0.424033	-0.47402	-0.465433	-0.398908	-0.287143	-0.141544	0.00898131	0.153139	0.282774	0.39162	0.481903	0.553705	0.604337	0.634544	0.656789	0.679178	0.70305	0.727521	0.759689	0.797367	0.830482	0.851655	0.86347	0.86347	
0.589983	0.540632	0.507057	0.471802	0.401534	0.282995	0.120706	-0.0945043	-0.360226	-0.653671	-0.928929	-1.14802	-1.27652	-1.29489	-1.20603	-1.01936	-0.760296	-0.463272	-0.175941	0.0475728	0.172589	0.191714	0.112148	-0.0264559	-0.186113	-0.343167	-0.469593	-0.544397	-0.555711	-0.506225	-0.399148	-0.253275	-0.100024	0.0486397	0.188165	0.318062	0.427874	0.509657	0.571362	0.617966	0.663452	0.712252	0.752571	0.782338	0.80684	0.830482	0.84451	0.847514	0.846941	0.846941	
0.591415	0.533026	0.493387	0.45103	0.373004	0.248859	0.079618	-0.134431	-0.403095	-0.701741	-0.989334	-1.22899	-1.3759	-1.39754	-1.29273	-1.07924	-0.783697	-0.45781	-0.145003	0.0901815	0.227242	0.24843	0.162165	0.00731677	-0.17914	-0.36193	-0.508526	-0.595058	-0.61255	-0.569336	-0.472585	-0.328245	-0.17045	-0.0148588	0.134787	0.270721	0.383625	0.472173	0.545773	0.612634	0.676677	0.739916	0.792142	0.824562	0.843092	0.851655	0.847514	0.837196	0.829419	0.829419	
0.592277	0.523013	0.473502	0.427842	0.350374	0.225738	0.0595356	-0.151678	-0.417273	-0.713805	-1.00454	-1.25738	-1.42266	-1.45301	-1.34664	-1.11743	-0.800329	-0.456607	-0.134686	0.104387	0.243314	0.270724	0.18759	0.0280387	-0.172235	-0.372799	-0.530609	-0.618692	-0.632509	-0.593037	-0.503697	-0.365289	-0.204427	-0.0405571	0.1127	0.246236	0.354175	0.443279	0.529341	0.610754	0.685509	0.755744	0.81287	0.850098	0.864701	0.86347	0.846941	0.829419	0.819429	0.819429	
0.592277	0.523013	0.473502	0.427842	0.350374	0.225738	0.0595356	-0.151678	-0.417273	-0.713805	-1.00454	-1.25738	-1.42266	-1.45301	-1.34664	-1.11743	-0.800329	-0.456607	-0.134686	0.104387	0.243314	0.270724	0.18759	0.0280387	-0.172235	-0.372799	-0.530609	-0.618692	-0.632509	-0.593037	-0.503697	-0.365289	-0.204427	-0.0405571	0.1127	0.246236	0.354175	0.443279	0.529341	0.610754	0.685509	0.755744	0.81287	0.850098	0.864701	0.86347	0.846941	0.829419	0.819429	0.819429	
