0.296994	-0.0497527	-0.0244872	-0.55724	-0.21824	-0.21824	
-0.0497527	-0.357231	0.00406092	-0.0674904	0.46581	0.46581	
-0.0244872	0.00406092	0.312883	-0.256947	0.67322	0.67322	
-0.55724	-0.0674904	-0.256947	-0.146451	0.862842	0.862842	
-0.21824	0.46581	0.67322	0.862842	-0.992936	-0.992936	
-0.21824	0.46581	0.67322	0.862842	-0.992936	-0.992936	
