0.0247588	0.154108	0.284097	0.391563	0.460184	0.501075	0.520574	0.515166	0.475132	0.402754	0.299039	0.170713	0.0370055	-0.0966967	-0.227433	-0.336972	-0.409291	-0.450012	-0.464376	-0.439327	-0.393084	-0.325963	-0.247528	-0.178202	-0.109372	-0.0485564	-0.0109715	-0.00509637	-0.00563319	-0.00231394	-0.00639685	-0.0111336	-0.0185952	-0.0281606	-0.0367464	-0.0495864	-0.0723034	-0.101755	-0.126134	-0.139158	-0.143761	-0.142547	-0.141154	-0.144357	-0.149683	-0.161591	-0.167016	-0.15727	-0.153555	-0.153555	
0.154108	0.304665	0.454173	0.562091	0.627502	0.647559	0.620581	0.551091	0.450301	0.324987	0.175227	0.0128286	-0.149417	-0.299999	-0.442367	-0.56524	-0.645699	-0.686404	-0.686844	-0.646553	-0.586438	-0.508601	-0.427394	-0.348663	-0.267079	-0.186901	-0.121768	-0.0834297	-0.0474762	-0.00905869	0.0306874	0.0708319	0.0997683	0.115626	0.110257	0.094817	0.0780922	0.0479626	0.0134893	-0.0112933	-0.0351778	-0.0580347	-0.0788847	-0.109755	-0.142779	-0.167822	-0.17554	-0.17224	-0.179734	-0.179734	
0.284097	0.454173	0.609146	0.722603	0.782198	0.767549	0.686622	0.562925	0.41126	0.231178	0.0407284	-0.150103	-0.33181	-0.49064	-0.634356	-0.755261	-0.835471	-0.866037	-0.851378	-0.80388	-0.734221	-0.654347	-0.578513	-0.502432	-0.419906	-0.330042	-0.248998	-0.179678	-0.108265	-0.0337453	0.0558696	0.13728	0.190531	0.22575	0.237389	0.229971	0.212087	0.183747	0.146385	0.107307	0.0629808	0.0132054	-0.0298716	-0.0730191	-0.118168	-0.152424	-0.167025	-0.178027	-0.199718	-0.199718	
0.391563	0.562091	0.722603	0.840625	0.885063	0.834804	0.708692	0.537352	0.338543	0.123446	-0.0898455	-0.296805	-0.485332	-0.644563	-0.779727	-0.887839	-0.958067	-0.975297	-0.951892	-0.899897	-0.830555	-0.758871	-0.693452	-0.630662	-0.552713	-0.461739	-0.371537	-0.276557	-0.177079	-0.0687241	0.052087	0.159708	0.239347	0.287034	0.313891	0.323546	0.307335	0.279527	0.245289	0.207051	0.154527	0.0827836	0.0213845	-0.0291539	-0.0792075	-0.114925	-0.134724	-0.156723	-0.181922	-0.181922	
0.460184	0.627502	0.782198	0.885063	0.90374	0.821911	0.661507	0.454227	0.230113	0.00114894	-0.218327	-0.425509	-0.603967	-0.750677	-0.865775	-0.952872	-1.00766	-1.0167	-0.987081	-0.928974	-0.869945	-0.814267	-0.762574	-0.708789	-0.640085	-0.560181	-0.466991	-0.363329	-0.248969	-0.119969	0.0106427	0.127143	0.218865	0.280985	0.326186	0.35218	0.355196	0.340344	0.307701	0.273058	0.223876	0.150404	0.0870324	0.0364911	-0.0138194	-0.0506925	-0.0763295	-0.104944	-0.128048	-0.128048	
0.501075	0.647559	0.767549	0.834804	0.821911	0.716286	0.532455	0.307858	0.0754449	-0.145738	-0.352296	-0.539895	-0.690314	-0.806828	-0.893532	-0.957526	-0.988639	-0.988782	-0.958244	-0.905195	-0.858282	-0.815961	-0.77677	-0.734482	-0.680243	-0.607761	-0.522092	-0.426648	-0.312029	-0.185621	-0.0639561	0.0435144	0.135591	0.209752	0.266822	0.30817	0.337417	0.351255	0.33972	0.312546	0.272842	0.219713	0.169338	0.123509	0.074997	0.0349979	0.00564501	-0.023095	-0.042579	-0.042579	
0.520574	0.620581	0.686622	0.708692	0.661507	0.532455	0.337338	0.10957	-0.115322	-0.314531	-0.491198	-0.641536	-0.755935	-0.835386	-0.889956	-0.91767	-0.915994	-0.907748	-0.885468	-0.845314	-0.808183	-0.772021	-0.735197	-0.707608	-0.675015	-0.613256	-0.536469	-0.455472	-0.359962	-0.257211	-0.16299	-0.0774525	0.00639431	0.0851711	0.153711	0.212254	0.266187	0.312798	0.336259	0.327609	0.304251	0.282868	0.253912	0.217746	0.176757	0.13351	0.10592	0.0890545	0.0739724	0.0739724	
0.515166	0.551091	0.562925	0.537352	0.454227	0.307858	0.10957	-0.112208	-0.317525	-0.484371	-0.61858	-0.73027	-0.813801	-0.855277	-0.86413	-0.845015	-0.813924	-0.79735	-0.782481	-0.752566	-0.725566	-0.698509	-0.665949	-0.64889	-0.635282	-0.595731	-0.537519	-0.469561	-0.393017	-0.324728	-0.267294	-0.208849	-0.138252	-0.057404	0.01913	0.0944561	0.168126	0.233748	0.288658	0.311772	0.314619	0.324223	0.325176	0.309859	0.281817	0.248016	0.224963	0.213545	0.209988	0.209988	
0.475132	0.450301	0.41126	0.338543	0.230113	0.0754449	-0.115322	-0.317525	-0.494595	-0.633057	-0.730347	-0.807504	-0.855224	-0.853527	-0.816362	-0.761776	-0.703662	-0.666648	-0.651331	-0.633799	-0.619031	-0.600937	-0.588221	-0.591465	-0.590413	-0.568048	-0.533035	-0.488326	-0.436357	-0.396625	-0.362003	-0.322102	-0.266371	-0.189853	-0.107512	-0.0226037	0.0595868	0.135165	0.205297	0.263961	0.309884	0.343196	0.370185	0.386836	0.379429	0.364668	0.352571	0.344593	0.35122	0.35122	
0.402754	0.324987	0.231178	0.123446	0.00114894	-0.145738	-0.314531	-0.484371	-0.633057	-0.745756	-0.813629	-0.858501	-0.866979	-0.826545	-0.751464	-0.668659	-0.586258	-0.530482	-0.507307	-0.501259	-0.500459	-0.497724	-0.510127	-0.533376	-0.548405	-0.540518	-0.52886	-0.512501	-0.488835	-0.471717	-0.445885	-0.412729	-0.368304	-0.301636	-0.218286	-0.132878	-0.0514348	0.0319621	0.114749	0.203868	0.288932	0.346823	0.39169	0.432856	0.458066	0.469878	0.473519	0.476826	0.486778	0.486778	
0.299039	0.175227	0.0407284	-0.0898455	-0.218327	-0.352296	-0.491198	-0.61858	-0.730347	-0.813629	-0.859317	-0.870806	-0.845127	-0.778298	-0.67613	-0.566575	-0.468956	-0.405339	-0.377497	-0.378919	-0.390961	-0.406478	-0.430932	-0.465096	-0.496045	-0.509304	-0.519556	-0.526352	-0.534508	-0.532473	-0.509399	-0.482886	-0.452393	-0.400568	-0.317168	-0.230548	-0.152136	-0.0684015	0.026065	0.137414	0.245318	0.329505	0.395784	0.458229	0.516249	0.55692	0.582287	0.598227	0.605632	0.605632	
0.170713	0.0128286	-0.150103	-0.296805	-0.425509	-0.539895	-0.641536	-0.73027	-0.807504	-0.858501	-0.870806	-0.843495	-0.789807	-0.707338	-0.593522	-0.472186	-0.368379	-0.3021	-0.277964	-0.289082	-0.310131	-0.331467	-0.358357	-0.394804	-0.434405	-0.465952	-0.488956	-0.514138	-0.548384	-0.566365	-0.555121	-0.529264	-0.505958	-0.468887	-0.398173	-0.3178	-0.242209	-0.162448	-0.0622957	0.0546409	0.173005	0.283401	0.377776	0.468645	0.552928	0.623128	0.676864	0.702401	0.711806	0.711806	
0.0370055	-0.149417	-0.33181	-0.485332	-0.603967	-0.690314	-0.755935	-0.813801	-0.855224	-0.866979	-0.845127	-0.789807	-0.711999	-0.616036	-0.506795	-0.399152	-0.310211	-0.251695	-0.229048	-0.239137	-0.264114	-0.290479	-0.311337	-0.332747	-0.362381	-0.395667	-0.431269	-0.476169	-0.52612	-0.558786	-0.562922	-0.548371	-0.527523	-0.49773	-0.452032	-0.389155	-0.321931	-0.246996	-0.144973	-0.0338489	0.0815832	0.206103	0.32911	0.449237	0.556422	0.660781	0.748728	0.792512	0.815115	0.815115	
-0.0966967	-0.299999	-0.49064	-0.644563	-0.750677	-0.806828	-0.835386	-0.855277	-0.853527	-0.826545	-0.778298	-0.707338	-0.616036	-0.518778	-0.427034	-0.3494	-0.289835	-0.251801	-0.229876	-0.230754	-0.25789	-0.286726	-0.293659	-0.288646	-0.298135	-0.32424	-0.364754	-0.417815	-0.469924	-0.505139	-0.519771	-0.522093	-0.513161	-0.499088	-0.481174	-0.440558	-0.381509	-0.30921	-0.216502	-0.119085	-0.011524	0.118413	0.258626	0.400564	0.535937	0.665491	0.779106	0.854317	0.89159	0.89159	
-0.227433	-0.442367	-0.634356	-0.779727	-0.865775	-0.893532	-0.889956	-0.86413	-0.816362	-0.751464	-0.67613	-0.593522	-0.506795	-0.427034	-0.367767	-0.324547	-0.288087	-0.26423	-0.252256	-0.260303	-0.279625	-0.292566	-0.284507	-0.270409	-0.269504	-0.280729	-0.311946	-0.351156	-0.389629	-0.42343	-0.445508	-0.460128	-0.468909	-0.473836	-0.474696	-0.458304	-0.413177	-0.348199	-0.273236	-0.189248	-0.0878054	0.0449913	0.197011	0.349615	0.502938	0.644581	0.75817	0.845012	0.897521	0.897521	
-0.336972	-0.56524	-0.755261	-0.887839	-0.952872	-0.957526	-0.91767	-0.845015	-0.761776	-0.668659	-0.566575	-0.472186	-0.399152	-0.3494	-0.324547	-0.31404	-0.301322	-0.285496	-0.281814	-0.294412	-0.301182	-0.296208	-0.282605	-0.270754	-0.261344	-0.261261	-0.273412	-0.286632	-0.309163	-0.340258	-0.366814	-0.382175	-0.403302	-0.431396	-0.447535	-0.446006	-0.414662	-0.360405	-0.297691	-0.218626	-0.113503	0.0163323	0.156465	0.302134	0.4514	0.580187	0.677698	0.759349	0.81662	0.81662	
-0.409291	-0.645699	-0.835471	-0.958067	-1.00766	-0.988639	-0.915994	-0.813924	-0.703662	-0.586258	-0.468956	-0.368379	-0.310211	-0.289835	-0.288087	-0.301322	-0.322038	-0.325552	-0.31822	-0.31916	-0.313373	-0.303959	-0.291377	-0.267002	-0.247324	-0.246902	-0.24308	-0.234193	-0.243187	-0.267782	-0.294076	-0.313401	-0.341032	-0.378166	-0.405292	-0.40968	-0.38259	-0.331571	-0.27019	-0.194818	-0.0920046	0.0238923	0.134712	0.251879	0.37369	0.475519	0.546807	0.607433	0.658436	0.658436	
-0.450012	-0.686404	-0.866037	-0.975297	-1.0167	-0.988782	-0.907748	-0.79735	-0.666648	-0.530482	-0.405339	-0.3021	-0.251695	-0.251801	-0.26423	-0.285496	-0.325552	-0.345906	-0.342953	-0.335439	-0.316703	-0.299663	-0.283196	-0.256511	-0.240764	-0.245123	-0.23089	-0.20591	-0.205207	-0.218096	-0.234984	-0.25761	-0.283327	-0.307893	-0.325481	-0.323692	-0.30404	-0.269444	-0.214052	-0.143975	-0.0567681	0.0390248	0.12312	0.203115	0.284508	0.346592	0.382899	0.412479	0.436402	0.436402	
-0.464376	-0.686844	-0.851378	-0.951892	-0.987081	-0.958244	-0.885468	-0.782481	-0.651331	-0.507307	-0.377497	-0.277964	-0.229048	-0.229876	-0.252256	-0.281814	-0.31822	-0.342953	-0.349109	-0.338661	-0.310024	-0.27915	-0.259778	-0.248315	-0.244882	-0.244759	-0.226242	-0.202387	-0.191222	-0.189901	-0.198937	-0.212444	-0.220968	-0.220555	-0.215183	-0.203861	-0.189359	-0.169436	-0.130784	-0.0767408	-0.0158625	0.0470424	0.100228	0.139272	0.172802	0.195095	0.202001	0.202668	0.198494	0.198494	
-0.439327	-0.646553	-0.80388	-0.899897	-0.928974	-0.905195	-0.845314	-0.752566	-0.633799	-0.501259	-0.378919	-0.289082	-0.239137	-0.230754	-0.260303	-0.294412	-0.31916	-0.335439	-0.338661	-0.31954	-0.284184	-0.252485	-0.23696	-0.242927	-0.249656	-0.241838	-0.226405	-0.211374	-0.19282	-0.177187	-0.171409	-0.164693	-0.152037	-0.127068	-0.0957101	-0.0753722	-0.0627538	-0.0475503	-0.0226357	0.0102874	0.0317275	0.0455623	0.0582526	0.0510799	0.037609	0.0294268	0.0149952	-0.00507033	-0.0254727	-0.0254727	
-0.393084	-0.586438	-0.734221	-0.830555	-0.869945	-0.858282	-0.808183	-0.725566	-0.619031	-0.500459	-0.390961	-0.310131	-0.264114	-0.25789	-0.279625	-0.301182	-0.313373	-0.316703	-0.310024	-0.284184	-0.251971	-0.229201	-0.225945	-0.242044	-0.256833	-0.25828	-0.243067	-0.219698	-0.189656	-0.15857	-0.135421	-0.110501	-0.0761576	-0.0323227	0.014015	0.049573	0.0686822	0.0771179	0.0832398	0.0866116	0.0722116	0.0432852	0.00803577	-0.042059	-0.0927843	-0.13621	-0.173967	-0.205416	-0.234848	-0.234848	
-0.325963	-0.508601	-0.654347	-0.758871	-0.814267	-0.815961	-0.772021	-0.698509	-0.600937	-0.497724	-0.406478	-0.331467	-0.290479	-0.286726	-0.292566	-0.296208	-0.303959	-0.299663	-0.27915	-0.252485	-0.229201	-0.220477	-0.228726	-0.238184	-0.25276	-0.268073	-0.254414	-0.219483	-0.179347	-0.13672	-0.0961436	-0.0561516	-0.00399177	0.0556146	0.109069	0.155513	0.185451	0.194651	0.182306	0.150132	0.101089	0.0332928	-0.0472955	-0.133997	-0.214815	-0.286984	-0.350075	-0.394018	-0.419135	-0.419135	
-0.247528	-0.427394	-0.578513	-0.693452	-0.762574	-0.77677	-0.735197	-0.665949	-0.588221	-0.510127	-0.430932	-0.358357	-0.311337	-0.293659	-0.284507	-0.282605	-0.291377	-0.283196	-0.259778	-0.23696	-0.225945	-0.228726	-0.236619	-0.232178	-0.230055	-0.242072	-0.235585	-0.20386	-0.161582	-0.117413	-0.0668074	-0.00401172	0.0653745	0.128146	0.180764	0.231625	0.270285	0.28332	0.261645	0.205604	0.126614	0.0214643	-0.104513	-0.226446	-0.333042	-0.428924	-0.505241	-0.548	-0.564013	-0.564013	
-0.178202	-0.348663	-0.502432	-0.630662	-0.708789	-0.734482	-0.707608	-0.64889	-0.591465	-0.533376	-0.465096	-0.394804	-0.332747	-0.288646	-0.270409	-0.270754	-0.267002	-0.256511	-0.248315	-0.242927	-0.242044	-0.238184	-0.232178	-0.218468	-0.200182	-0.191434	-0.187962	-0.172205	-0.134647	-0.0903501	-0.0364872	0.0401248	0.121931	0.189779	0.243352	0.285945	0.322196	0.334308	0.29407	0.216211	0.116856	-0.0100949	-0.151932	-0.289581	-0.417318	-0.532301	-0.622357	-0.673023	-0.689274	-0.689274	
-0.109372	-0.267079	-0.419906	-0.552713	-0.640085	-0.680243	-0.675015	-0.635282	-0.590413	-0.548405	-0.496045	-0.434405	-0.362381	-0.298135	-0.269504	-0.261344	-0.247324	-0.240764	-0.244882	-0.249656	-0.256833	-0.25276	-0.230055	-0.200182	-0.166962	-0.13753	-0.13026	-0.120904	-0.0861161	-0.0391763	0.0179625	0.0903758	0.169316	0.238352	0.288886	0.316246	0.333049	0.328145	0.272714	0.182832	0.0678662	-0.062951	-0.193871	-0.33187	-0.46888	-0.593404	-0.692724	-0.754298	-0.785468	-0.785468	
-0.0485564	-0.186901	-0.330042	-0.461739	-0.560181	-0.607761	-0.613256	-0.595731	-0.568048	-0.540518	-0.509304	-0.465952	-0.395667	-0.32424	-0.280729	-0.261261	-0.246902	-0.245123	-0.244759	-0.241838	-0.25828	-0.268073	-0.242072	-0.191434	-0.13753	-0.0902704	-0.0700921	-0.0555767	-0.0163748	0.0370042	0.093406	0.150644	0.219185	0.27632	0.303186	0.31422	0.308226	0.27711	0.212851	0.11487	-0.00633999	-0.132098	-0.252372	-0.378431	-0.51071	-0.628336	-0.714057	-0.776412	-0.819981	-0.819981	
-0.0109715	-0.121768	-0.248998	-0.371537	-0.466991	-0.522092	-0.536469	-0.537519	-0.533035	-0.52886	-0.519556	-0.488956	-0.431269	-0.364754	-0.311946	-0.273412	-0.24308	-0.23089	-0.226242	-0.226405	-0.243067	-0.254414	-0.235585	-0.187962	-0.13026	-0.0700921	-0.0247955	0.00867668	0.0548243	0.112358	0.171202	0.223979	0.274109	0.30714	0.309555	0.293214	0.252562	0.190377	0.113371	0.0115311	-0.103204	-0.21696	-0.321772	-0.422608	-0.535496	-0.628821	-0.692755	-0.757379	-0.802654	-0.802654	
-0.00509637	-0.0834297	-0.179678	-0.276557	-0.363329	-0.426648	-0.455472	-0.469561	-0.488326	-0.512501	-0.526352	-0.514138	-0.476169	-0.417815	-0.351156	-0.286632	-0.234193	-0.20591	-0.202387	-0.211374	-0.219698	-0.219483	-0.20386	-0.172205	-0.120904	-0.0555767	0.00867668	0.0670422	0.125138	0.187915	0.247304	0.292999	0.313075	0.310008	0.290722	0.247378	0.171836	0.0756362	-0.0144477	-0.10432	-0.199694	-0.292807	-0.382002	-0.461652	-0.543559	-0.610492	-0.654757	-0.70593	-0.743986	-0.743986	
-0.00563319	-0.0474762	-0.108265	-0.177079	-0.248969	-0.312029	-0.359962	-0.393017	-0.436357	-0.488835	-0.534508	-0.548384	-0.52612	-0.469924	-0.389629	-0.309163	-0.243187	-0.205207	-0.191222	-0.19282	-0.189656	-0.179347	-0.161582	-0.134647	-0.0861161	-0.0163748	0.0548243	0.125138	0.189571	0.256996	0.313243	0.33605	0.322161	0.284147	0.237716	0.164019	0.0624589	-0.0455757	-0.140925	-0.215601	-0.284081	-0.357932	-0.431707	-0.490102	-0.538909	-0.580059	-0.607476	-0.634188	-0.654873	-0.654873	
-0.00231394	-0.00905869	-0.0337453	-0.0687241	-0.119969	-0.185621	-0.257211	-0.324728	-0.396625	-0.471717	-0.532473	-0.566365	-0.558786	-0.505139	-0.42343	-0.340258	-0.267782	-0.218096	-0.189901	-0.177187	-0.15857	-0.13672	-0.117413	-0.0903501	-0.0391763	0.0370042	0.112358	0.187915	0.256996	0.312381	0.347188	0.343301	0.301868	0.239877	0.166469	0.0645533	-0.0555346	-0.165391	-0.256141	-0.317921	-0.365197	-0.420679	-0.473712	-0.508275	-0.528818	-0.543285	-0.549059	-0.545964	-0.541667	-0.541667	
-0.00639685	0.0306874	0.0558696	0.052087	0.0106427	-0.0639561	-0.16299	-0.267294	-0.362003	-0.445885	-0.509399	-0.555121	-0.562922	-0.519771	-0.445508	-0.366814	-0.294076	-0.234984	-0.198937	-0.171409	-0.135421	-0.0961436	-0.0668074	-0.0364872	0.0179625	0.093406	0.171202	0.247304	0.313243	0.347188	0.345432	0.30842	0.245124	0.171421	0.0794325	-0.0296182	-0.144282	-0.255046	-0.346218	-0.411446	-0.45751	-0.493816	-0.513523	-0.5149	-0.508986	-0.495212	-0.476455	-0.452122	-0.426053	-0.426053	
-0.0111336	0.0708319	0.13728	0.159708	0.127143	0.0435144	-0.0774525	-0.208849	-0.322102	-0.412729	-0.482886	-0.529264	-0.548371	-0.522093	-0.460128	-0.382175	-0.313401	-0.25761	-0.212444	-0.164693	-0.110501	-0.0561516	-0.00401172	0.0401248	0.0903758	0.150644	0.223979	0.292999	0.33605	0.343301	0.30842	0.243227	0.162522	0.0785376	-0.0179024	-0.121873	-0.22149	-0.317696	-0.401579	-0.477888	-0.535656	-0.553908	-0.542338	-0.515886	-0.479421	-0.438745	-0.40184	-0.364638	-0.332322	-0.332322	
-0.0185952	0.0997683	0.190531	0.239347	0.218865	0.135591	0.00639431	-0.138252	-0.266371	-0.368304	-0.452393	-0.505958	-0.527523	-0.513161	-0.468909	-0.403302	-0.341032	-0.283327	-0.220968	-0.152037	-0.0761576	-0.00399177	0.0653745	0.121931	0.169316	0.219185	0.274109	0.313075	0.322161	0.301868	0.245124	0.162522	0.0680176	-0.0278817	-0.125759	-0.219586	-0.302586	-0.376848	-0.441264	-0.512785	-0.56802	-0.567582	-0.54102	-0.503587	-0.44292	-0.386551	-0.341895	-0.297342	-0.27173	-0.27173	
-0.0281606	0.115626	0.22575	0.287034	0.280985	0.209752	0.0851711	-0.057404	-0.189853	-0.301636	-0.400568	-0.468887	-0.49773	-0.499088	-0.473836	-0.431396	-0.378166	-0.307893	-0.220555	-0.127068	-0.0323227	0.0556146	0.128146	0.189779	0.238352	0.27632	0.30714	0.310008	0.284147	0.239877	0.171421	0.0785376	-0.0278817	-0.134132	-0.235426	-0.321887	-0.385532	-0.435118	-0.482473	-0.528416	-0.552589	-0.541041	-0.509307	-0.462939	-0.397249	-0.337542	-0.296525	-0.264079	-0.24732	-0.24732	
-0.0367464	0.110257	0.237389	0.313891	0.326186	0.266822	0.153711	0.01913	-0.107512	-0.218286	-0.317168	-0.398173	-0.452032	-0.481174	-0.474696	-0.447535	-0.405292	-0.325481	-0.215183	-0.0957101	0.014015	0.109069	0.180764	0.243352	0.288886	0.303186	0.309555	0.290722	0.237716	0.166469	0.0794325	-0.0179024	-0.125759	-0.235426	-0.329095	-0.404182	-0.45657	-0.490212	-0.516079	-0.519778	-0.505794	-0.488354	-0.457366	-0.414801	-0.360531	-0.30412	-0.268948	-0.248053	-0.233057	-0.233057	
-0.0495864	0.094817	0.229971	0.323546	0.35218	0.30817	0.212254	0.0944561	-0.0226037	-0.132878	-0.230548	-0.3178	-0.389155	-0.440558	-0.458304	-0.446006	-0.40968	-0.323692	-0.203861	-0.0753722	0.049573	0.155513	0.231625	0.285945	0.316246	0.31422	0.293214	0.247378	0.164019	0.0645533	-0.0296182	-0.121873	-0.219586	-0.321887	-0.404182	-0.460021	-0.502405	-0.525275	-0.524179	-0.493969	-0.45523	-0.427519	-0.396848	-0.365248	-0.328748	-0.286309	-0.257259	-0.239611	-0.228029	-0.228029	
-0.0723034	0.0780922	0.212087	0.307335	0.355196	0.337417	0.266187	0.168126	0.0595868	-0.0514348	-0.152136	-0.242209	-0.321931	-0.381509	-0.413177	-0.414662	-0.38259	-0.30404	-0.189359	-0.0627538	0.0686822	0.185451	0.270285	0.322196	0.333049	0.308226	0.252562	0.171836	0.0624589	-0.0555346	-0.144282	-0.22149	-0.302586	-0.385532	-0.45657	-0.502405	-0.529128	-0.530498	-0.50841	-0.46513	-0.411102	-0.367714	-0.333784	-0.307988	-0.288937	-0.271378	-0.254944	-0.244745	-0.245616	-0.245616	
-0.101755	0.0479626	0.183747	0.279527	0.340344	0.351255	0.312798	0.233748	0.135165	0.0319621	-0.0684015	-0.162448	-0.246996	-0.30921	-0.348199	-0.360405	-0.331571	-0.269444	-0.169436	-0.0475503	0.0771179	0.194651	0.28332	0.334308	0.328145	0.27711	0.190377	0.0756362	-0.0455757	-0.165391	-0.255046	-0.317696	-0.376848	-0.435118	-0.490212	-0.525275	-0.530498	-0.51477	-0.481948	-0.430301	-0.369867	-0.313685	-0.273413	-0.256129	-0.253424	-0.255899	-0.257916	-0.261534	-0.269702	-0.269702	
-0.126134	0.0134893	0.146385	0.245289	0.307701	0.33972	0.336259	0.288658	0.205297	0.114749	0.026065	-0.0622957	-0.144973	-0.216502	-0.273236	-0.297691	-0.27019	-0.214052	-0.130784	-0.0226357	0.0832398	0.182306	0.261645	0.29407	0.272714	0.212851	0.113371	-0.0144477	-0.140925	-0.256141	-0.346218	-0.401579	-0.441264	-0.482473	-0.516079	-0.524179	-0.50841	-0.481948	-0.441968	-0.387355	-0.328024	-0.273241	-0.236374	-0.221964	-0.226226	-0.242521	-0.26113	-0.277712	-0.287692	-0.287692	
-0.139158	-0.0112933	0.107307	0.207051	0.273058	0.312546	0.327609	0.311772	0.263961	0.203868	0.137414	0.0546409	-0.0338489	-0.119085	-0.189248	-0.218626	-0.194818	-0.143975	-0.0767408	0.0102874	0.0866116	0.150132	0.205604	0.216211	0.182832	0.11487	0.0115311	-0.10432	-0.215601	-0.317921	-0.411446	-0.477888	-0.512785	-0.528416	-0.519778	-0.493969	-0.46513	-0.430301	-0.387355	-0.343115	-0.293766	-0.251657	-0.228671	-0.210255	-0.211069	-0.235745	-0.261654	-0.282443	-0.291206	-0.291206	
-0.143761	-0.0351778	0.0629808	0.154527	0.223876	0.272842	0.304251	0.314619	0.309884	0.288932	0.245318	0.173005	0.0815832	-0.011524	-0.0878054	-0.113503	-0.0920046	-0.0567681	-0.0158625	0.0317275	0.0722116	0.101089	0.126614	0.116856	0.0678662	-0.00633999	-0.103204	-0.199694	-0.284081	-0.365197	-0.45751	-0.535656	-0.56802	-0.552589	-0.505794	-0.45523	-0.411102	-0.369867	-0.328024	-0.293766	-0.266697	-0.246082	-0.234106	-0.221158	-0.222991	-0.240875	-0.25848	-0.272173	-0.272494	-0.272494	
-0.142547	-0.0580347	0.0132054	0.0827836	0.150404	0.219713	0.282868	0.324223	0.343196	0.346823	0.329505	0.283401	0.206103	0.118413	0.0449913	0.0163323	0.0238923	0.0390248	0.0470424	0.0455623	0.0432852	0.0332928	0.0214643	-0.0100949	-0.062951	-0.132098	-0.21696	-0.292807	-0.357932	-0.420679	-0.493816	-0.553908	-0.567582	-0.541041	-0.488354	-0.427519	-0.367714	-0.313685	-0.273241	-0.251657	-0.246082	-0.245977	-0.243979	-0.240207	-0.243587	-0.248745	-0.250282	-0.253781	-0.254249	-0.254249	
-0.141154	-0.0788847	-0.0298716	0.0213845	0.0870324	0.169338	0.253912	0.325176	0.370185	0.39169	0.395784	0.377776	0.32911	0.258626	0.197011	0.156465	0.134712	0.12312	0.100228	0.0582526	0.00803577	-0.0472955	-0.104513	-0.151932	-0.193871	-0.252372	-0.321772	-0.382002	-0.431707	-0.473712	-0.513523	-0.542338	-0.54102	-0.509307	-0.457366	-0.396848	-0.333784	-0.273413	-0.236374	-0.228671	-0.234106	-0.243979	-0.251074	-0.25492	-0.257937	-0.250622	-0.239789	-0.240192	-0.245355	-0.245355	
-0.144357	-0.109755	-0.0730191	-0.0291539	0.0364911	0.123509	0.217746	0.309859	0.386836	0.432856	0.458229	0.468645	0.449237	0.400564	0.349615	0.302134	0.251879	0.203115	0.139272	0.0510799	-0.042059	-0.133997	-0.226446	-0.289581	-0.33187	-0.378431	-0.422608	-0.461652	-0.490102	-0.508275	-0.5149	-0.515886	-0.503587	-0.462939	-0.414801	-0.365248	-0.307988	-0.256129	-0.221964	-0.210255	-0.221158	-0.240207	-0.25492	-0.270275	-0.273733	-0.256606	-0.236169	-0.226064	-0.227913	-0.227913	
-0.149683	-0.142779	-0.118168	-0.0792075	-0.0138194	0.074997	0.176757	0.281817	0.379429	0.458066	0.516249	0.552928	0.556422	0.535937	0.502938	0.4514	0.37369	0.284508	0.172802	0.037609	-0.0927843	-0.214815	-0.333042	-0.417318	-0.46888	-0.51071	-0.535496	-0.543559	-0.538909	-0.528818	-0.508986	-0.479421	-0.44292	-0.397249	-0.360531	-0.328748	-0.288937	-0.253424	-0.226226	-0.211069	-0.222991	-0.243587	-0.257937	-0.273733	-0.273191	-0.259735	-0.239067	-0.214606	-0.212611	-0.212611	
-0.161591	-0.167822	-0.152424	-0.114925	-0.0506925	0.0349979	0.13351	0.248016	0.364668	0.469878	0.55692	0.623128	0.660781	0.665491	0.644581	0.580187	0.475519	0.346592	0.195095	0.0294268	-0.13621	-0.286984	-0.428924	-0.532301	-0.593404	-0.628336	-0.628821	-0.610492	-0.580059	-0.543285	-0.495212	-0.438745	-0.386551	-0.337542	-0.30412	-0.286309	-0.271378	-0.255899	-0.242521	-0.235745	-0.240875	-0.248745	-0.250622	-0.256606	-0.259735	-0.255031	-0.242036	-0.219373	-0.206889	-0.206889	
-0.167016	-0.17554	-0.167025	-0.134724	-0.0763295	0.00564501	0.10592	0.224963	0.352571	0.473519	0.582287	0.676864	0.748728	0.779106	0.75817	0.677698	0.546807	0.382899	0.202001	0.0149952	-0.173967	-0.350075	-0.505241	-0.622357	-0.692724	-0.714057	-0.692755	-0.654757	-0.607476	-0.549059	-0.476455	-0.40184	-0.341895	-0.296525	-0.268948	-0.257259	-0.254944	-0.257916	-0.26113	-0.261654	-0.25848	-0.250282	-0.239789	-0.236169	-0.239067	-0.242036	-0.241038	-0.230972	-0.218723	-0.218723	
-0.15727	-0.17224	-0.178027	-0.156723	-0.104944	-0.023095	0.0890545	0.213545	0.344593	0.476826	0.598227	0.702401	0.792512	0.854317	0.845012	0.759349	0.607433	0.412479	0.202668	-0.00507033	-0.205416	-0.394018	-0.548	-0.673023	-0.754298	-0.776412	-0.757379	-0.70593	-0.634188	-0.545964	-0.452122	-0.364638	-0.297342	-0.264079	-0.248053	-0.239611	-0.244745	-0.261534	-0.277712	-0.282443	-0.272173	-0.253781	-0.240192	-0.226064	-0.214606	-0.219373	-0.230972	-0.239414	-0.244171	-0.244171	
-0.153555	-0.179734	-0.199718	-0.181922	-0.128048	-0.042579	0.0739724	0.209988	0.35122	0.486778	0.605632	0.711806	0.815115	0.89159	0.897521	0.81662	0.658436	0.436402	0.198494	-0.0254727	-0.234848	-0.419135	-0.564013	-0.689274	-0.785468	-0.819981	-0.802654	-0.743986	-0.654873	-0.541667	-0.426053	-0.332322	-0.27173	-0.24732	-0.233057	-0.228029	-0.245616	-0.269702	-0.287692	-0.291206	-0.272494	-0.254249	-0.245355	-0.227913	-0.212611	-0.206889	-0.218723	-0.244171	-0.250654	-0.250654	
-0.153555	-0.179734	-0.199718	-0.181922	-0.128048	-0.042579	0.0739724	0.209988	0.35122	0.486778	0.605632	0.711806	0.815115	0.89159	0.897521	0.81662	0.658436	0.436402	0.198494	-0.0254727	-0.234848	-0.419135	-0.564013	-0.689274	-0.785468	-0.819981	-0.802654	-0.743986	-0.654873	-0.541667	-0.426053	-0.332322	-0.27173	-0.24732	-0.233057	-0.228029	-0.245616	-0.269702	-0.287692	-0.291206	-0.272494	-0.254249	-0.245355	-0.227913	-0.212611	-0.206889	-0.218723	-0.244171	-0.250654	-0.250654	
