0.000183185	0.000183185	0.00807423	0.114026	0.0434625	0.00273456	
0.000183185	0.000183185	0.00807423	0.114026	0.0434625	0.00273456	
0.00807423	0.00807423	0.220801	1.56625	0.689533	0.0771499	
0.114026	0.114026	1.56625	0.479484	1.43649	0.585663	
0.0434625	0.0434625	0.689533	1.43649	1.13364	0.164333	
0.00273456	0.00273456	0.0771499	0.585663	0.164333	0.0130227	
