0.454809	0.367097	0.227697	0.0522758	-0.135421	-0.307184	-0.459376	-0.56725	-0.618287	-0.624382	-0.593897	-0.537944	-0.458116	-0.37113	-0.286409	-0.198852	-0.116914	-0.048073	0.0152025	0.0627848	0.0924407	0.104785	0.107088	0.0908909	0.0635965	0.0286087	-0.0120137	-0.0639745	-0.108646	-0.141385	-0.172363	-0.192626	-0.209112	-0.204564	-0.191016	-0.156856	-0.106646	-0.0617598	-0.0214791	0.0185154	0.0724785	0.119385	0.142868	0.144245	0.122193	0.0900074	0.0588927	0.0281716	0.00742911	0.00742911	
0.367097	0.28294	0.153579	1.52851e-05	-0.156686	-0.299216	-0.417134	-0.499727	-0.541905	-0.541772	-0.507331	-0.463541	-0.390732	-0.309781	-0.226077	-0.148046	-0.0783954	-0.0177278	0.0418907	0.0938784	0.132085	0.163026	0.184672	0.190082	0.187008	0.172356	0.145042	0.1085	0.0643974	0.0188986	-0.0429612	-0.103811	-0.159431	-0.198663	-0.223366	-0.225351	-0.195513	-0.159249	-0.119316	-0.0764525	-0.027126	0.0204329	0.054282	0.0706836	0.0573913	0.0241256	-0.0143057	-0.058683	-0.0917443	-0.0917443	
0.227697	0.153579	0.0446163	-0.0816868	-0.205269	-0.314683	-0.397263	-0.457034	-0.486007	-0.474586	-0.438259	-0.397123	-0.33319	-0.251135	-0.168158	-0.0923932	-0.0306467	0.0200163	0.0675342	0.115088	0.160568	0.206974	0.246671	0.276451	0.294277	0.296748	0.286614	0.262919	0.226359	0.169085	0.0847057	-0.00445896	-0.0895303	-0.166291	-0.228361	-0.266844	-0.267266	-0.244913	-0.211578	-0.167704	-0.124846	-0.0872539	-0.0516176	-0.0238014	-0.0199925	-0.0410861	-0.0748658	-0.116334	-0.151364	-0.151364	
0.0522758	1.52851e-05	-0.0816868	-0.176669	-0.265564	-0.342543	-0.396176	-0.437537	-0.457001	-0.439535	-0.40186	-0.35484	-0.290921	-0.206004	-0.120345	-0.045089	0.0169881	0.0597608	0.0969783	0.138002	0.184937	0.235567	0.283803	0.330906	0.366548	0.389833	0.400344	0.394936	0.362823	0.294346	0.196094	0.0853374	-0.0235592	-0.130193	-0.226037	-0.293605	-0.320296	-0.316369	-0.289856	-0.248021	-0.209004	-0.180577	-0.148868	-0.112027	-0.0899501	-0.0887099	-0.101789	-0.118579	-0.137867	-0.137867	
-0.135421	-0.156686	-0.205269	-0.265564	-0.323968	-0.372763	-0.408396	-0.436817	-0.448283	-0.431851	-0.397735	-0.342408	-0.272394	-0.186192	-0.102338	-0.0232995	0.0409321	0.0764091	0.108852	0.142686	0.18285	0.232144	0.286809	0.347271	0.40033	0.448157	0.481182	0.48947	0.460791	0.386966	0.286986	0.168014	0.0440088	-0.086733	-0.207888	-0.299773	-0.35334	-0.367927	-0.352949	-0.311521	-0.268113	-0.237147	-0.20383	-0.159878	-0.124537	-0.103758	-0.0880886	-0.0738824	-0.066691	-0.066691	
-0.307184	-0.299216	-0.314683	-0.342543	-0.372763	-0.399481	-0.421874	-0.442127	-0.457146	-0.457977	-0.431293	-0.366449	-0.288759	-0.202713	-0.121055	-0.0448134	0.0152059	0.0508248	0.0834087	0.114882	0.150392	0.200282	0.259422	0.32755	0.395534	0.463154	0.517888	0.535963	0.510433	0.441868	0.348953	0.23404	0.104721	-0.0346779	-0.1646	-0.272039	-0.345065	-0.381314	-0.38212	-0.346374	-0.302643	-0.261601	-0.218609	-0.165089	-0.112153	-0.0668358	-0.0198201	0.0281661	0.0590296	0.0590296	
-0.459376	-0.417134	-0.397263	-0.396176	-0.408396	-0.421874	-0.43979	-0.460056	-0.488836	-0.507206	-0.493946	-0.435821	-0.360733	-0.279767	-0.199325	-0.122114	-0.0564774	-0.0102583	0.0299162	0.060894	0.0923187	0.140406	0.202488	0.269953	0.350253	0.431188	0.497858	0.525506	0.504148	0.450209	0.371497	0.269819	0.14885	0.0185173	-0.102249	-0.210875	-0.295589	-0.348228	-0.364274	-0.342607	-0.303248	-0.25355	-0.194181	-0.121881	-0.0416607	0.0377933	0.114974	0.188752	0.234217	0.234217	
-0.56725	-0.499727	-0.457034	-0.437537	-0.436817	-0.442127	-0.460056	-0.491667	-0.534546	-0.574562	-0.584847	-0.55261	-0.493696	-0.416121	-0.335752	-0.250377	-0.167072	-0.102489	-0.0500152	-0.0168476	0.0136288	0.0558393	0.110136	0.178087	0.25966	0.345143	0.41798	0.453282	0.448805	0.415882	0.359487	0.277442	0.172627	0.0618699	-0.0413206	-0.139764	-0.225464	-0.282967	-0.304919	-0.294668	-0.255792	-0.192558	-0.112619	-0.0111124	0.0998574	0.209017	0.305365	0.382777	0.433775	0.433775	
-0.618287	-0.541905	-0.486007	-0.457001	-0.448283	-0.457146	-0.488836	-0.534546	-0.593252	-0.653438	-0.694836	-0.697408	-0.655237	-0.589948	-0.507292	-0.407415	-0.30388	-0.220477	-0.155577	-0.11459	-0.0847493	-0.0520846	-0.00563426	0.0612526	0.140279	0.220522	0.291462	0.3394	0.356555	0.352369	0.32178	0.263304	0.177972	0.0888229	0.00876018	-0.0735567	-0.144856	-0.196329	-0.217429	-0.208476	-0.165231	-0.0859034	0.0182944	0.145776	0.287368	0.419691	0.52035	0.601115	0.652311	0.652311	
-0.624382	-0.541772	-0.474586	-0.439535	-0.431851	-0.457977	-0.507206	-0.574562	-0.653438	-0.737756	-0.807622	-0.837118	-0.821779	-0.775122	-0.692203	-0.575316	-0.452956	-0.348246	-0.265693	-0.211018	-0.183756	-0.162703	-0.124981	-0.0614119	0.0101877	0.0805781	0.149869	0.21058	0.253197	0.2757	0.274525	0.240185	0.181069	0.117149	0.0598452	2.94811e-05	-0.056481	-0.099545	-0.122299	-0.110473	-0.0575041	0.0399009	0.165219	0.312983	0.477559	0.621364	0.726935	0.811424	0.869803	0.869803	
-0.593897	-0.507331	-0.438259	-0.40186	-0.397735	-0.431293	-0.493946	-0.584847	-0.694836	-0.807622	-0.900031	-0.951456	-0.9647	-0.934087	-0.848747	-0.725794	-0.597399	-0.477998	-0.376954	-0.309703	-0.275272	-0.256028	-0.22138	-0.163851	-0.105137	-0.0427275	0.0285567	0.105212	0.174029	0.223531	0.247639	0.23695	0.201792	0.157532	0.113032	0.0693448	0.0233433	-0.0137803	-0.0313945	-0.0157436	0.0530496	0.162467	0.296141	0.453223	0.620394	0.769261	0.879963	0.971325	1.0387	1.0387	
-0.537944	-0.463541	-0.397123	-0.35484	-0.342408	-0.366449	-0.435821	-0.55261	-0.697408	-0.837118	-0.951456	-1.02922	-1.06418	-1.0451	-0.963576	-0.843955	-0.711697	-0.577908	-0.462788	-0.384715	-0.341019	-0.31507	-0.281708	-0.235355	-0.183506	-0.121729	-0.044178	0.0469181	0.13504	0.201761	0.245005	0.258909	0.244438	0.216203	0.174695	0.130477	0.0890674	0.0542771	0.0427743	0.0691548	0.144527	0.258292	0.391243	0.537879	0.695372	0.837092	0.945065	1.03606	1.09793	1.09793	
-0.458116	-0.390732	-0.33319	-0.290921	-0.272394	-0.288759	-0.360733	-0.493696	-0.655237	-0.821779	-0.9647	-1.06418	-1.11299	-1.10524	-1.03074	-0.913671	-0.773963	-0.627044	-0.506812	-0.420751	-0.364856	-0.328851	-0.296799	-0.259795	-0.209876	-0.146328	-0.0636902	0.0356615	0.129463	0.204394	0.259765	0.291801	0.298905	0.277841	0.2366	0.191659	0.151521	0.128516	0.126248	0.154583	0.220146	0.315346	0.425184	0.545467	0.675411	0.798251	0.89747	0.968103	1.01324	1.01324	
-0.37113	-0.309781	-0.251135	-0.206004	-0.186192	-0.202713	-0.279767	-0.416121	-0.589948	-0.775122	-0.934087	-1.0451	-1.10524	-1.11042	-1.04396	-0.921211	-0.767389	-0.610081	-0.483232	-0.389098	-0.323133	-0.282488	-0.252889	-0.224153	-0.177958	-0.121321	-0.041793	0.0529353	0.140209	0.216805	0.279023	0.330432	0.350699	0.339994	0.298932	0.25259	0.217268	0.197488	0.201123	0.218416	0.25908	0.322054	0.397617	0.479899	0.571319	0.663573	0.733443	0.773761	0.789717	0.789717	
-0.286409	-0.226077	-0.168158	-0.120345	-0.102338	-0.121055	-0.199325	-0.335752	-0.507292	-0.692203	-0.848747	-0.963576	-1.03074	-1.04396	-0.97938	-0.854146	-0.699715	-0.54574	-0.415493	-0.313756	-0.242845	-0.19577	-0.162946	-0.136635	-0.0994811	-0.0493023	0.0209828	0.10598	0.183226	0.252702	0.312994	0.365286	0.38959	0.381192	0.350922	0.312197	0.281187	0.263484	0.256967	0.253636	0.260572	0.280944	0.31175	0.349437	0.392847	0.441615	0.474591	0.479712	0.475063	0.475063	
-0.198852	-0.148046	-0.0923932	-0.045089	-0.0232995	-0.0448134	-0.122114	-0.250377	-0.407415	-0.575316	-0.725794	-0.843955	-0.913671	-0.921211	-0.854146	-0.73419	-0.593321	-0.451653	-0.324404	-0.223665	-0.150099	-0.0937869	-0.0558793	-0.0286338	0.00350256	0.0476504	0.111739	0.186652	0.254392	0.314583	0.365141	0.406202	0.425977	0.424015	0.409421	0.385331	0.358122	0.328611	0.30032	0.270447	0.238728	0.213285	0.192524	0.173546	0.161973	0.153461	0.138272	0.117274	0.0990476	0.0990476	
-0.116914	-0.0783954	-0.0306467	0.0169881	0.0409321	0.0152059	-0.0564774	-0.167072	-0.30388	-0.452956	-0.597399	-0.711697	-0.773963	-0.767389	-0.699715	-0.593321	-0.47092	-0.349097	-0.233508	-0.135825	-0.0557919	0.0101234	0.052686	0.0829142	0.114532	0.157396	0.214744	0.280664	0.342696	0.394798	0.434419	0.461884	0.477357	0.480979	0.482891	0.473116	0.445521	0.402359	0.349746	0.291568	0.222397	0.146031	0.0653725	-0.0166489	-0.094814	-0.167148	-0.230918	-0.276913	-0.300388	-0.300388	
-0.048073	-0.0177278	0.0200163	0.0597608	0.0764091	0.0508248	-0.0102583	-0.102489	-0.220477	-0.348246	-0.477998	-0.577908	-0.627044	-0.610081	-0.54574	-0.451653	-0.349097	-0.254714	-0.158536	-0.0666088	0.0198819	0.092468	0.145041	0.191624	0.234037	0.283144	0.332699	0.385	0.43769	0.478526	0.509361	0.528421	0.543829	0.550721	0.562987	0.562964	0.536585	0.488712	0.421417	0.337929	0.230651	0.100924	-0.0431481	-0.191786	-0.339169	-0.470639	-0.578052	-0.646335	-0.677129	-0.677129	
0.0152025	0.0418907	0.0675342	0.0969783	0.108852	0.0834087	0.0299162	-0.0500152	-0.155577	-0.265693	-0.376954	-0.462788	-0.506812	-0.483232	-0.415493	-0.324404	-0.233508	-0.158536	-0.0788719	0.000875045	0.080817	0.15332	0.215788	0.281495	0.342281	0.397554	0.440223	0.477092	0.514736	0.5435	0.575017	0.599768	0.62246	0.639011	0.655279	0.65934	0.640212	0.594032	0.519839	0.416953	0.270831	0.0948357	-0.10499	-0.318772	-0.527365	-0.712497	-0.859753	-0.953302	-1.00026	-1.00026	
0.0627848	0.0938784	0.115088	0.138002	0.142686	0.114882	0.060894	-0.0168476	-0.11459	-0.211018	-0.309703	-0.384715	-0.420751	-0.389098	-0.313756	-0.223665	-0.135825	-0.0666088	0.000875045	0.0655632	0.134296	0.203562	0.274653	0.350833	0.423551	0.486814	0.532279	0.563401	0.589582	0.615779	0.648989	0.68232	0.717228	0.737533	0.756416	0.766269	0.753408	0.715127	0.636257	0.512401	0.337404	0.122441	-0.123415	-0.386248	-0.645053	-0.869651	-1.04515	-1.16358	-1.22453	-1.22453	
0.0924407	0.132085	0.160568	0.184937	0.18285	0.150392	0.0923187	0.0136288	-0.0847493	-0.183756	-0.275272	-0.341019	-0.364856	-0.323133	-0.242845	-0.150099	-0.0557919	0.0198819	0.080817	0.134296	0.194969	0.260679	0.3295	0.40051	0.475098	0.548668	0.60618	0.646236	0.677082	0.705712	0.742	0.784334	0.826444	0.853975	0.875934	0.888016	0.87891	0.833424	0.740943	0.599102	0.405803	0.170237	-0.0998669	-0.388679	-0.67657	-0.927988	-1.12766	-1.26573	-1.3382	-1.3382	
0.104785	0.163026	0.206974	0.235567	0.232144	0.200282	0.140406	0.0558393	-0.0520846	-0.162703	-0.256028	-0.31507	-0.328851	-0.282488	-0.19577	-0.0937869	0.0101234	0.092468	0.15332	0.203562	0.260679	0.322453	0.380396	0.439979	0.514786	0.594749	0.667448	0.728397	0.775952	0.816672	0.858814	0.907036	0.953469	0.985204	1.00715	1.01723	0.999895	0.933364	0.81893	0.662074	0.459079	0.217434	-0.0545008	-0.344749	-0.63346	-0.893666	-1.10583	-1.25124	-1.32974	-1.32974	
0.107088	0.184672	0.246671	0.283803	0.286809	0.259422	0.202488	0.110136	-0.00563426	-0.124981	-0.22138	-0.281708	-0.296799	-0.252889	-0.162946	-0.0558793	0.052686	0.145041	0.215788	0.274653	0.3295	0.380396	0.426514	0.482298	0.559549	0.646859	0.734955	0.817782	0.887052	0.944341	0.992249	1.04072	1.08617	1.1105	1.12573	1.12612	1.08843	1.00201	0.867467	0.698509	0.492308	0.25323	-0.00524727	-0.272591	-0.538705	-0.784892	-0.986263	-1.13328	-1.20992	-1.20992	
0.0908909	0.190082	0.276451	0.330906	0.347271	0.32755	0.269953	0.178087	0.0612526	-0.0614119	-0.163851	-0.235355	-0.259795	-0.224153	-0.136635	-0.0286338	0.0829142	0.191624	0.281495	0.350833	0.40051	0.439979	0.482298	0.543946	0.62938	0.72296	0.815344	0.908315	0.991945	1.06327	1.12126	1.17379	1.21165	1.22519	1.2188	1.18912	1.12522	1.01623	0.871906	0.6973	0.494449	0.271349	0.0429612	-0.187347	-0.41266	-0.618605	-0.795211	-0.929439	-1.00708	-1.00708	
0.0635965	0.187008	0.294277	0.366548	0.40033	0.395534	0.350253	0.25966	0.140279	0.0101877	-0.105137	-0.183506	-0.209876	-0.177958	-0.0994811	0.00350256	0.114532	0.234037	0.342281	0.423551	0.475098	0.514786	0.559549	0.62938	0.720613	0.816428	0.90805	1.00094	1.09265	1.17119	1.23672	1.28538	1.31205	1.30607	1.26712	1.20034	1.10344	0.980063	0.829386	0.654309	0.460469	0.263112	0.0722781	-0.115196	-0.285173	-0.43207	-0.557039	-0.663755	-0.731521	-0.731521	
0.0286087	0.172356	0.296748	0.389833	0.448157	0.463154	0.431188	0.345143	0.220522	0.0805781	-0.0427275	-0.121729	-0.146328	-0.121321	-0.0493023	0.0476504	0.157396	0.283144	0.397554	0.486814	0.548668	0.594749	0.646859	0.72296	0.816428	0.913799	1.00626	1.101	1.19295	1.27155	1.33085	1.36493	1.37221	1.3388	1.26448	1.15861	1.02695	0.885265	0.728361	0.556792	0.385854	0.228134	0.083627	-0.0527288	-0.163398	-0.243722	-0.306402	-0.370881	-0.41453	-0.41453	
-0.0120137	0.145042	0.286614	0.400344	0.481182	0.517888	0.497858	0.41798	0.291462	0.149869	0.0285567	-0.044178	-0.0636902	-0.041793	0.0209828	0.111739	0.214744	0.332699	0.440223	0.532279	0.60618	0.667448	0.734955	0.815344	0.90805	1.00626	1.10568	1.20635	1.29873	1.36563	1.40339	1.40865	1.37475	1.30628	1.19559	1.05439	0.894786	0.730927	0.570141	0.410597	0.273407	0.16597	0.0787145	0.00110464	-0.0473269	-0.0626345	-0.0671185	-0.0749327	-0.0840434	-0.0840434	
-0.0639745	0.1085	0.262919	0.394936	0.48947	0.535963	0.525506	0.453282	0.3394	0.21058	0.105212	0.0469181	0.0356615	0.0529353	0.10598	0.186652	0.280664	0.385	0.477092	0.563401	0.646236	0.728397	0.817782	0.908315	1.00094	1.101	1.20635	1.31061	1.39359	1.43882	1.44435	1.4024	1.31932	1.20505	1.06081	0.89382	0.709498	0.533508	0.373533	0.232179	0.131996	0.0779582	0.0533572	0.0452535	0.0623355	0.104234	0.155547	0.19806	0.228493	0.228493	
-0.108646	0.0643974	0.226359	0.362823	0.460791	0.510433	0.504148	0.448805	0.356555	0.253197	0.174029	0.13504	0.129463	0.140209	0.183226	0.254392	0.342696	0.43769	0.514736	0.589582	0.677082	0.775952	0.887052	0.991945	1.09265	1.19295	1.29873	1.39359	1.45411	1.47113	1.43491	1.34598	1.21101	1.05646	0.879774	0.688764	0.492874	0.315198	0.170132	0.0530254	-0.0118615	-0.0160004	0.0223255	0.0810321	0.16149	0.253379	0.342626	0.421431	0.473632	0.473632	
-0.141385	0.0188986	0.169085	0.294346	0.386966	0.441868	0.450209	0.415882	0.352369	0.2757	0.223531	0.201761	0.204394	0.216805	0.252702	0.314583	0.394798	0.478526	0.5435	0.615779	0.705712	0.816672	0.944341	1.06327	1.17119	1.27155	1.36563	1.43882	1.47113	1.45236	1.37263	1.23793	1.06082	0.866767	0.660767	0.449402	0.252304	0.0942535	-0.0221128	-0.104624	-0.130464	-0.0919214	-0.00419845	0.110837	0.241905	0.376243	0.494643	0.58674	0.645786	0.645786	
-0.172363	-0.0429612	0.0847057	0.196094	0.286986	0.348953	0.371497	0.359487	0.32178	0.274525	0.247639	0.245005	0.259765	0.279023	0.312994	0.365141	0.434419	0.509361	0.575017	0.648989	0.742	0.858814	0.992249	1.12126	1.23672	1.33085	1.40339	1.44435	1.43491	1.37263	1.2511	1.0776	0.870933	0.650264	0.421198	0.199505	0.0114395	-0.122736	-0.202566	-0.238533	-0.219833	-0.140318	-0.0146249	0.137704	0.307303	0.471397	0.606784	0.704523	0.758481	0.758481	
-0.192626	-0.103811	-0.00445896	0.0853374	0.168014	0.23404	0.269819	0.277442	0.263304	0.240185	0.23695	0.258909	0.291801	0.330432	0.365286	0.406202	0.461884	0.528421	0.599768	0.68232	0.784334	0.907036	1.04072	1.17379	1.28538	1.36493	1.40865	1.4024	1.34598	1.23793	1.0776	0.875622	0.648856	0.413813	0.181389	-0.0305984	-0.198847	-0.303194	-0.344759	-0.330782	-0.266926	-0.158142	-0.011757	0.159899	0.346326	0.522174	0.668347	0.771395	0.826008	0.826008	
-0.209112	-0.159431	-0.0895303	-0.0235592	0.0440088	0.104721	0.14885	0.172627	0.177972	0.181069	0.201792	0.244438	0.298905	0.350699	0.38959	0.425977	0.477357	0.543829	0.62246	0.717228	0.826444	0.953469	1.08617	1.21165	1.31205	1.37221	1.37475	1.31932	1.21101	1.06082	0.870933	0.648856	0.416235	0.181658	-0.0333153	-0.220647	-0.358791	-0.430344	-0.434896	-0.375407	-0.275132	-0.147489	0.00861818	0.186396	0.366654	0.532208	0.674385	0.780606	0.838632	0.838632	
-0.204564	-0.198663	-0.166291	-0.130193	-0.086733	-0.0346779	0.0185173	0.0618699	0.0888229	0.117149	0.157532	0.216203	0.277841	0.339994	0.381192	0.424015	0.480979	0.550721	0.639011	0.737533	0.853975	0.985204	1.1105	1.22519	1.30607	1.3388	1.30628	1.20505	1.05646	0.866767	0.650264	0.413813	0.181658	-0.0342429	-0.223148	-0.37024	-0.462361	-0.491739	-0.456122	-0.362556	-0.243293	-0.10815	0.0480798	0.216281	0.375582	0.512338	0.63423	0.734494	0.786518	0.786518	
-0.191016	-0.223366	-0.228361	-0.226037	-0.207888	-0.1646	-0.102249	-0.0413206	0.00876018	0.0598452	0.113032	0.174695	0.2366	0.298932	0.350922	0.409421	0.482891	0.562987	0.655279	0.756416	0.875934	1.00715	1.12573	1.2188	1.26712	1.26448	1.19559	1.06081	0.879774	0.660767	0.421198	0.181389	-0.0333153	-0.223148	-0.37451	-0.475099	-0.516302	-0.496672	-0.428947	-0.317957	-0.18969	-0.0552356	0.0944285	0.249573	0.38007	0.485014	0.580933	0.65346	0.689044	0.689044	
-0.156856	-0.225351	-0.266844	-0.293605	-0.299773	-0.272039	-0.210875	-0.139764	-0.0735567	2.94811e-05	0.0693448	0.130477	0.191659	0.25259	0.312197	0.385331	0.473116	0.562964	0.65934	0.766269	0.888016	1.01723	1.12612	1.18912	1.20034	1.15861	1.05439	0.89382	0.688764	0.449402	0.199505	-0.0305984	-0.220647	-0.37024	-0.475099	-0.524153	-0.509867	-0.452481	-0.364449	-0.248006	-0.122421	0.00641412	0.142776	0.27471	0.376597	0.451592	0.513468	0.551558	0.558369	0.558369	
-0.106646	-0.195513	-0.267266	-0.320296	-0.35334	-0.345065	-0.295589	-0.225464	-0.144856	-0.056481	0.0233433	0.0890674	0.151521	0.217268	0.281187	0.358122	0.445521	0.536585	0.640212	0.753408	0.87891	0.999895	1.08843	1.12522	1.10344	1.02695	0.894786	0.709498	0.492874	0.252304	0.0114395	-0.198847	-0.358791	-0.462361	-0.516302	-0.509867	-0.452793	-0.370135	-0.270506	-0.157086	-0.0360002	0.0818677	0.195149	0.295524	0.359882	0.397609	0.421629	0.421886	0.403534	0.403534	
-0.0617598	-0.159249	-0.244913	-0.316369	-0.367927	-0.381314	-0.348228	-0.282967	-0.196329	-0.099545	-0.0137803	0.0542771	0.128516	0.197488	0.263484	0.328611	0.402359	0.488712	0.594032	0.715127	0.833424	0.933364	1.00201	1.01623	0.980063	0.885265	0.730927	0.533508	0.315198	0.0942535	-0.122736	-0.303194	-0.430344	-0.491739	-0.496672	-0.452481	-0.370135	-0.273932	-0.171161	-0.0604716	0.0537685	0.157605	0.245686	0.30835	0.328719	0.323726	0.312375	0.284041	0.25398	0.25398	
-0.0214791	-0.119316	-0.211578	-0.289856	-0.352949	-0.38212	-0.364274	-0.304919	-0.217429	-0.122299	-0.0313945	0.0427743	0.126248	0.201123	0.256967	0.30032	0.349746	0.421417	0.519839	0.636257	0.740943	0.81893	0.867467	0.871906	0.829386	0.728361	0.570141	0.373533	0.170132	-0.0221128	-0.202566	-0.344759	-0.434896	-0.456122	-0.428947	-0.364449	-0.270506	-0.171161	-0.0676815	0.0327268	0.130458	0.215067	0.273058	0.295351	0.276126	0.239036	0.204249	0.169302	0.137855	0.137855	
0.0185154	-0.0764525	-0.167704	-0.248021	-0.311521	-0.346374	-0.342607	-0.294668	-0.208476	-0.110473	-0.0157436	0.0691548	0.154583	0.218416	0.253636	0.270447	0.291568	0.337929	0.416953	0.512401	0.599102	0.662074	0.698509	0.6973	0.654309	0.556792	0.410597	0.232179	0.0530254	-0.104624	-0.238533	-0.330782	-0.375407	-0.362556	-0.317957	-0.248006	-0.157086	-0.0604716	0.0327268	0.11179	0.185014	0.240698	0.264154	0.250661	0.204792	0.156443	0.119956	0.0857902	0.0605461	0.0605461	
0.0724785	-0.027126	-0.124846	-0.209004	-0.268113	-0.302643	-0.303248	-0.255792	-0.165231	-0.0575041	0.0530496	0.144527	0.220146	0.25908	0.260572	0.238728	0.222397	0.230651	0.270831	0.337404	0.405803	0.459079	0.492308	0.494449	0.460469	0.385854	0.273407	0.131996	-0.0118615	-0.130464	-0.219833	-0.266926	-0.275132	-0.243293	-0.18969	-0.122421	-0.0360002	0.0537685	0.130458	0.185014	0.223287	0.241966	0.225839	0.179217	0.123744	0.0810272	0.0525886	0.0240227	0.00189573	0.00189573	
0.119385	0.0204329	-0.0872539	-0.180577	-0.237147	-0.261601	-0.25355	-0.192558	-0.0859034	0.0399009	0.162467	0.258292	0.315346	0.322054	0.280944	0.213285	0.146031	0.100924	0.0948357	0.122441	0.170237	0.217434	0.25323	0.271349	0.263112	0.228134	0.16597	0.0779582	-0.0160004	-0.0919214	-0.140318	-0.158142	-0.147489	-0.10815	-0.0552356	0.00641412	0.0818677	0.157605	0.215067	0.240698	0.241966	0.220067	0.168275	0.101418	0.0459768	0.0155655	-0.00602417	-0.0288634	-0.0479645	-0.0479645	
0.142868	0.054282	-0.0516176	-0.148868	-0.20383	-0.218609	-0.194181	-0.112619	0.0182944	0.165219	0.296141	0.391243	0.425184	0.397617	0.31175	0.192524	0.0653725	-0.0431481	-0.10499	-0.123415	-0.0998669	-0.0545008	-0.00524727	0.0429612	0.0722781	0.083627	0.0787145	0.0533572	0.0223255	-0.00419845	-0.0146249	-0.011757	0.00861818	0.0480798	0.0944285	0.142776	0.195149	0.245686	0.273058	0.264154	0.225839	0.168275	0.0947303	0.0245385	-0.0216885	-0.0413815	-0.0533157	-0.066498	-0.0741423	-0.0741423	
0.144245	0.0706836	-0.0238014	-0.112027	-0.159878	-0.165089	-0.121881	-0.0111124	0.145776	0.312983	0.453223	0.537879	0.545467	0.479899	0.349437	0.173546	-0.0166489	-0.191786	-0.318772	-0.386248	-0.388679	-0.344749	-0.272591	-0.187347	-0.115196	-0.0527288	0.00110464	0.0452535	0.0810321	0.110837	0.137704	0.159899	0.186396	0.216281	0.249573	0.27471	0.295524	0.30835	0.295351	0.250661	0.179217	0.101418	0.0245385	-0.0379615	-0.0716746	-0.0838674	-0.0889203	-0.08568	-0.0796655	-0.0796655	
0.122193	0.0573913	-0.0199925	-0.0899501	-0.124537	-0.112153	-0.0416607	0.0998574	0.287368	0.477559	0.620394	0.695372	0.675411	0.571319	0.392847	0.161973	-0.094814	-0.339169	-0.527365	-0.645053	-0.67657	-0.63346	-0.538705	-0.41266	-0.285173	-0.163398	-0.0473269	0.0623355	0.16149	0.241905	0.307303	0.346326	0.366654	0.375582	0.38007	0.376597	0.359882	0.328719	0.276126	0.204792	0.123744	0.0459768	-0.0216885	-0.0716746	-0.0989587	-0.10876	-0.111383	-0.10025	-0.0842737	-0.0842737	
0.0900074	0.0241256	-0.0410861	-0.0887099	-0.103758	-0.0668358	0.0377933	0.209017	0.419691	0.621364	0.769261	0.837092	0.798251	0.663573	0.441615	0.153461	-0.167148	-0.470639	-0.712497	-0.869651	-0.927988	-0.893666	-0.784892	-0.618605	-0.43207	-0.243722	-0.0626345	0.104234	0.253379	0.376243	0.471397	0.522174	0.532208	0.512338	0.485014	0.451592	0.397609	0.323726	0.239036	0.156443	0.0810272	0.0155655	-0.0413815	-0.0838674	-0.10876	-0.12491	-0.135346	-0.129646	-0.115804	-0.115804	
0.0588927	-0.0143057	-0.0748658	-0.101789	-0.0880886	-0.0198201	0.114974	0.305365	0.52035	0.726935	0.879963	0.945065	0.89747	0.733443	0.474591	0.138272	-0.230918	-0.578052	-0.859753	-1.04515	-1.12766	-1.10583	-0.986263	-0.795211	-0.557039	-0.306402	-0.0671185	0.155547	0.342626	0.494643	0.606784	0.668347	0.674385	0.63423	0.580933	0.513468	0.421629	0.312375	0.204249	0.119956	0.0525886	-0.00602417	-0.0533157	-0.0889203	-0.111383	-0.135346	-0.159893	-0.167813	-0.161483	-0.161483	
0.0281716	-0.058683	-0.116334	-0.118579	-0.0738824	0.0281661	0.188752	0.382777	0.601115	0.811424	0.971325	1.03606	0.968103	0.773761	0.479712	0.117274	-0.276913	-0.646335	-0.953302	-1.16358	-1.26573	-1.25124	-1.13328	-0.929439	-0.663755	-0.370881	-0.0749327	0.19806	0.421431	0.58674	0.704523	0.771395	0.780606	0.734494	0.65346	0.551558	0.421886	0.284041	0.169302	0.0857902	0.0240227	-0.0288634	-0.066498	-0.08568	-0.10025	-0.129646	-0.167813	-0.188805	-0.189058	-0.189058	
0.00742911	-0.0917443	-0.151364	-0.137867	-0.066691	0.0590296	0.234217	0.433775	0.652311	0.869803	1.0387	1.09793	1.01324	0.789717	0.475063	0.0990476	-0.300388	-0.677129	-1.00026	-1.22453	-1.3382	-1.32974	-1.20992	-1.00708	-0.731521	-0.41453	-0.0840434	0.228493	0.473632	0.645786	0.758481	0.826008	0.838632	0.786518	0.689044	0.558369	0.403534	0.25398	0.137855	0.0605461	0.00189573	-0.0479645	-0.0741423	-0.0796655	-0.0842737	-0.115804	-0.161483	-0.189058	-0.191899	-0.191899	
0.00742911	-0.0917443	-0.151364	-0.137867	-0.066691	0.0590296	0.234217	0.433775	0.652311	0.869803	1.0387	1.09793	1.01324	0.789717	0.475063	0.0990476	-0.300388	-0.677129	-1.00026	-1.22453	-1.3382	-1.32974	-1.20992	-1.00708	-0.731521	-0.41453	-0.0840434	0.228493	0.473632	0.645786	0.758481	0.826008	0.838632	0.786518	0.689044	0.558369	0.403534	0.25398	0.137855	0.0605461	0.00189573	-0.0479645	-0.0741423	-0.0796655	-0.0842737	-0.115804	-0.161483	-0.189058	-0.191899	-0.191899	
