-0.452989	-0.564379	-0.681295	-0.763127	-0.800556	-0.780222	-0.688101	-0.537365	-0.329313	-0.0701299	0.206408	0.479332	0.739996	0.958244	1.10298	1.17329	1.1782	1.11018	0.960787	0.7493	0.521562	0.323505	0.179349	0.0893315	0.04021	0.0164518	0.00615208	0.00211321	0.000669809	0.000196714	5.37284e-05	1.36935e-05	3.26649e-06	7.31316e-07	1.54055e-07	3.0605e-08	5.74609e-09	1.02155e-09	1.72282e-10	2.76077e-11	4.21026e-12	6.11928e-13	8.48775e-14	1.12495e-14	1.4264e-15	1.7322e-16	2.01683e-17	2.25604e-18	2.66856e-19	2.66856e-19	
-0.564379	-0.677532	-0.75996	-0.795606	-0.788176	-0.713822	-0.575196	-0.387287	-0.147453	0.123239	0.392549	0.651619	0.885178	1.05842	1.15487	1.1842	1.14936	1.0388	0.854821	0.63077	0.414982	0.243609	0.128138	0.0607288	0.0260845	0.0102118	0.00366295	0.00120963	0.00036936	0.000104693	2.76433e-05	6.82106e-06	1.57747e-06	3.42817e-07	7.01779e-08	1.35623e-08	2.47937e-09	4.29575e-10	7.06607e-11	1.10524e-11	1.64636e-12	2.33879e-13	3.17266e-14	4.11483e-15	5.10833e-16	6.07681e-17	6.93412e-18	7.60473e-19	8.80857e-20	8.80857e-20	
-0.681295	-0.75996	-0.793422	-0.790133	-0.729892	-0.600287	-0.42443	-0.204582	0.0555497	0.322595	0.577429	0.815302	1.00951	1.13118	1.18125	1.17078	1.09383	0.942032	0.732902	0.509679	0.316115	0.175328	0.0873914	0.0393717	0.0161248	0.00603619	0.00207567	0.000658646	0.000193653	5.29521e-05	1.35107e-05	3.22647e-06	7.23144e-07	1.52497e-07	3.03273e-08	5.69978e-09	1.01433e-09	1.71229e-10	2.74649e-11	4.19227e-12	6.09847e-13	8.466e-14	1.12298e-14	1.425e-15	1.73178e-16	2.01773e-17	2.25613e-18	2.42558e-19	2.75093e-20	2.75093e-20	
-0.763127	-0.795606	-0.790133	-0.735366	-0.613367	-0.444689	-0.240869	0.00507691	0.268611	0.519901	0.755192	0.960745	1.10415	1.17348	1.18099	1.12994	1.00938	0.822486	0.601884	0.393211	0.229471	0.120105	0.0566852	0.0242628	0.00947074	0.00338878	0.00111678	0.000340416	9.6349e-05	2.54093e-05	6.26351e-06	1.44732e-06	3.14317e-07	6.43076e-08	1.24222e-08	2.27012e-09	3.93208e-10	6.46642e-11	1.01128e-11	1.50621e-12	2.1395e-13	2.90213e-14	3.76384e-15	4.67251e-16	5.55833e-17	6.34245e-18	6.94881e-19	7.32305e-20	8.13172e-21	8.13172e-21	
-0.800556	-0.788176	-0.729892	-0.613367	-0.451099	-0.258051	-0.0260283	0.231069	0.479121	0.709018	0.917361	1.07632	1.16319	1.18493	1.15237	1.05834	0.896441	0.686503	0.470567	0.288137	0.158029	0.0780064	0.0348493	0.0141693	0.00527089	0.00180264	0.000569299	0.000166692	4.54152e-05	1.1551e-05	2.75078e-06	6.15017e-07	1.29414e-07	2.56874e-08	4.81955e-09	8.56387e-10	1.44372e-10	2.3129e-11	3.52662e-12	5.12515e-13	7.10856e-14	9.42165e-15	1.19469e-15	1.45092e-16	1.68946e-17	1.88797e-18	2.02674e-19	2.09367e-20	2.27631e-21	2.27631e-21	
-0.780222	-0.713822	-0.600287	-0.444689	-0.258051	-0.0365088	0.211606	0.454684	0.678341	0.883804	1.05107	1.15211	1.18565	1.16588	1.09216	0.954135	0.759838	0.543885	0.348198	0.199575	0.102822	0.0478661	0.0202449	0.00782077	0.00277319	0.000906709	0.000274473	7.72124e-05	2.02533e-05	4.96878e-06	1.1433e-06	2.47358e-07	5.0438e-08	9.71368e-09	1.77034e-09	3.05893e-10	5.01943e-11	7.83414e-12	1.16471e-12	1.65168e-13	2.23703e-14	2.89722e-15	3.59206e-16	4.268e-17	4.86473e-18	5.32431e-19	5.60058e-20	5.67139e-21	6.03777e-22	6.03777e-22	
-0.688101	-0.575196	-0.42443	-0.240869	-0.0260283	0.211606	0.446519	0.663171	0.862853	1.03191	1.14207	1.1849	1.17394	1.11456	0.996796	0.819905	0.609517	0.406266	0.242558	0.130099	0.0629823	0.0276652	0.0110841	0.00407067	0.00137666	0.000430519	0.000124973	3.379e-05	8.53632e-06	2.02069e-06	4.4937e-07	9.4106e-08	1.8599e-08	3.47611e-09	6.15517e-10	1.03438e-10	1.65237e-11	2.51288e-12	3.64321e-13	5.04208e-14	6.66935e-15	8.44126e-16	1.02342e-16	1.18979e-17	1.32763e-18	1.42324e-19	1.46708e-20	1.45645e-21	1.51844e-22	1.51844e-22	
-0.537365	-0.387287	-0.204582	0.00507691	0.231069	0.454684	0.663171	0.855763	1.0216	1.13502	1.18376	1.17868	1.12879	1.02663	0.86627	0.664846	0.459142	0.284454	0.158356	0.0795313	0.0362119	0.0150236	0.00570739	0.00199446	0.000643819	0.000192718	5.36801e-05	1.39579e-05	3.39782e-06	7.7643e-07	1.66948e-07	3.38534e-08	6.48725e-09	1.17701e-09	2.02545e-10	3.31131e-11	5.15082e-12	7.63429e-13	1.07959e-13	1.45843e-14	1.88436e-15	2.33118e-16	2.76424e-17	3.14481e-18	3.43588e-19	3.60823e-20	3.64529e-21	3.54825e-22	3.62319e-23	3.62319e-23	
-0.329313	-0.147453	0.0555497	0.268611	0.479121	0.678341	0.862853	1.0216	1.13247	1.18297	1.1812	1.13716	1.04599	0.899563	0.708354	0.504156	0.322701	0.185812	0.0965462	0.0454659	0.0194985	0.00765136	0.00275965	0.000918671	0.000283349	8.12575e-05	2.17357e-05	5.43909e-06	1.27668e-06	2.81778e-07	5.86117e-08	1.15138e-08	2.14018e-09	3.77096e-10	6.30879e-11	1.00371e-11	1.52077e-12	2.19739e-13	3.0317e-14	3.99874e-15	5.04786e-16	6.10523e-17	7.0818e-18	7.88581e-19	8.43731e-20	8.68139e-21	8.59724e-22	8.20632e-23	8.20884e-24	8.20884e-24	
-0.0701299	0.123239	0.322595	0.519901	0.709018	0.883804	1.03191	1.13502	1.18297	1.18199	1.14104	1.05679	0.920873	0.739418	0.539331	0.354978	0.210594	0.112853	0.0548301	0.0242584	0.00981715	0.00364984	0.0012517	0.000397471	0.000117275	3.22542e-05	8.29318e-06	1.99884e-06	4.52721e-07	9.6576e-08	1.9445e-08	3.70249e-09	6.67902e-10	1.14339e-10	1.86048e-11	2.88162e-12	4.25431e-13	5.99465e-14	8.07175e-15	1.03977e-15	1.28276e-16	1.51716e-17	1.72193e-18	1.87716e-19	1.96727e-20	1.98364e-21	1.92596e-22	1.80311e-23	1.76726e-24	1.76726e-24	
0.206408	0.392549	0.577429	0.755192	0.917361	1.05107	1.14207	1.18376	1.1812	1.14104	1.06026	0.931228	0.757965	0.563373	0.379392	0.230939	0.127203	0.0635888	0.0289604	0.0120658	0.00461754	0.00162957	0.000532273	0.000161466	4.56336e-05	1.20505e-05	2.98131e-06	6.9273e-07	1.5152e-07	3.12637e-08	6.0972e-09	1.12598e-09	1.97232e-10	3.28216e-11	5.19665e-12	7.83921e-13	1.12817e-13	1.55082e-14	2.03863e-15	2.56555e-16	3.09413e-17	3.57962e-18	3.97632e-19	4.24478e-20	4.35837e-21	4.30761e-22	4.10133e-23	3.76679e-24	3.61822e-25	3.61822e-25	
0.479332	0.651619	0.815302	0.960745	1.07632	1.15211	1.1849	1.17868	1.13716	1.05679	0.931228	0.764124	0.575553	0.394579	0.245378	0.138428	0.0709943	0.0332059	0.0142162	0.00559186	0.00202831	0.000680833	0.000212182	6.15845e-05	1.66944e-05	4.23798e-06	1.00994e-06	2.26452e-07	4.78752e-08	9.56214e-09	1.80761e-09	3.23964e-10	5.51351e-11	8.92375e-12	1.37551e-12	2.02185e-13	2.83754e-14	3.80674e-15	4.88725e-16	6.01075e-17	7.08888e-18	8.02455e-19	8.72664e-20	9.12487e-21	9.18146e-22	8.89689e-23	8.30864e-24	7.48762e-25	7.05041e-26	7.05041e-26	
0.739996	0.885178	1.00951	1.10415	1.16319	1.18565	1.17394	1.12879	1.04599	0.920873	0.757965	0.575553	0.399731	0.252868	0.145577	0.0763674	0.0365942	0.0160674	0.00648571	0.00241495	0.000832195	0.000266237	7.93093e-05	2.20594e-05	5.74385e-06	1.40346e-06	3.22521e-07	6.98539e-08	1.42871e-08	2.7645e-09	5.06925e-10	8.82313e-11	1.45984e-11	2.29936e-12	3.45223e-13	4.94688e-14	6.77349e-15	8.87216e-16	1.11286e-16	1.33809e-17	1.54373e-18	1.7104e-19	1.82153e-20	1.86614e-21	1.84061e-22	1.74909e-23	1.60254e-24	1.41739e-25	1.30863e-26	1.30863e-26	
0.958244	1.05842	1.13118	1.17348	1.18493	1.16588	1.11456	1.02663	0.899563	0.739418	0.563373	0.394579	0.252868	0.148031	0.0791929	0.0387823	0.0174287	0.00720794	0.00275154	0.000972427	0.000319099	9.74978e-05	2.78112e-05	7.42482e-06	1.85958e-06	4.3789e-07	9.71477e-08	2.0345e-08	4.02929e-09	7.55933e-10	1.3456e-10	2.27604e-11	3.66345e-12	5.61854e-13	8.22107e-14	1.149e-14	1.53564e-15	1.9647e-16	2.40871e-17	2.83249e-18	3.19777e-19	3.46896e-20	3.61897e-21	3.63368e-22	3.51411e-23	3.27571e-24	2.94521e-25	2.55721e-26	2.3156e-27	2.3156e-27	
1.10298	1.15487	1.18125	1.18099	1.15237	1.09216	0.996796	0.86627	0.708354	0.539331	0.379392	0.245378	0.145577	0.0791929	0.0395388	0.0181503	0.00767829	0.00300106	0.0010866	0.000365429	0.000114448	3.34635e-05	9.15652e-06	2.35002e-06	5.66925e-07	1.28816e-07	2.76203e-08	5.59865e-09	1.07464e-09	1.95643e-10	3.38323e-11	5.5652e-12	8.71952e-13	1.30291e-13	1.85894e-14	2.53534e-15	3.30898e-16	4.13698e-17	4.95933e-18	5.70578e-19	6.30581e-20	6.69984e-21	6.84911e-22	6.74189e-23	6.39477e-24	5.84882e-25	5.16183e-26	4.40076e-27	3.90941e-28	3.90941e-28	
1.17329	1.1842	1.17078	1.12994	1.05834	0.954135	0.819905	0.664846	0.504156	0.354978	0.230939	0.138428	0.0763674	0.0387823	0.0181503	0.00784162	0.00313401	0.00116133	0.000399945	0.00012831	3.84368e-05	1.07755e-05	2.83317e-06	7.00078e-07	1.62896e-07	3.57582e-08	7.41829e-09	1.45686e-09	2.7127e-10	4.79624e-11	8.06358e-12	1.29081e-12	1.96993e-13	2.86956e-14	3.99437e-15	5.31885e-16	6.7822e-17	8.28954e-18	9.72077e-19	1.09463e-19	1.18467e-20	1.23322e-21	1.23576e-22	1.19288e-23	1.11004e-24	9.96446e-26	8.63428e-27	7.22987e-28	6.30254e-29	6.30254e-29	
1.1782	1.14936	1.09383	1.00938	0.896441	0.759838	0.609517	0.459142	0.322701	0.210594	0.127203	0.0709943	0.0365942	0.0174287	0.00767829	0.00313401	0.00118735	0.000418392	0.000137412	4.21525e-05	1.21028e-05	3.25912e-06	8.24738e-07	1.96496e-07	4.4157e-08	9.37552e-09	1.88388e-09	3.58794e-10	6.48654e-11	1.11471e-11	1.82335e-12	2.84239e-13	4.22788e-14	6.00733e-15	8.16263e-16	1.06174e-16	1.32333e-17	1.58193e-18	1.81537e-19	2.00158e-20	2.12208e-21	2.16508e-22	2.12731e-23	2.01438e-24	1.83954e-25	1.62112e-26	1.37954e-27	1.13482e-28	9.71027e-30	9.71027e-30	
1.11018	1.0388	0.942032	0.822486	0.686503	0.543885	0.406266	0.284454	0.185812	0.112853	0.0635888	0.0332059	0.0160674	0.00720794	0.00300106	0.00116133	0.000418392	0.000140586	4.41417e-05	1.29758e-05	3.57781e-06	9.27049e-07	2.26137e-07	5.2021e-08	1.13043e-08	2.32415e-09	4.52791e-10	8.37096e-11	1.47061e-11	2.45832e-12	3.91506e-13	5.94731e-14	8.62734e-15	1.19641e-15	1.58772e-16	2.01832e-17	2.46002e-18	2.87745e-19	3.23275e-20	3.49129e-21	3.62737e-22	3.62842e-23	3.49684e-24	3.24914e-25	2.91262e-26	2.52056e-27	2.10707e-28	1.70321e-29	1.43089e-30	1.43089e-30	
0.960787	0.854821	0.732902	0.601884	0.470567	0.348198	0.242558	0.158356	0.0965462	0.0548301	0.0289604	0.0142162	0.00648571	0.00275154	0.0010866	0.000399945	0.000137412	4.41417e-05	1.32804e-05	3.74857e-06	9.94387e-07	2.48325e-07	5.84758e-08	1.30054e-08	2.73608e-09	5.45307e-10	1.03105e-10	1.85196e-11	3.16423e-12	5.14905e-13	7.98962e-14	1.18347e-14	1.6753e-15	2.26871e-16	2.94202e-17	3.65683e-18	4.36063e-19	4.99289e-20	5.49381e-21	5.81377e-22	5.92154e-23	5.80926e-24	5.49313e-25	5.00982e-26	4.4097e-27	3.74843e-28	3.07896e-29	2.44622e-30	2.01829e-31	2.01829e-31	
0.7493	0.63077	0.509679	0.393211	0.288137	0.199575	0.130099	0.0795313	0.0454659	0.0242584	0.0120658	0.00559186	0.00241495	0.000972427	0.000365429	0.00012831	4.21525e-05	1.29758e-05	3.74857e-06	1.0179e-06	2.60216e-07	6.27245e-08	1.42784e-08	3.074e-09	6.26817e-10	1.21225e-10	2.2266e-11	3.88909e-12	6.46759e-13	1.02527e-13	1.55107e-14	2.24174e-15	3.09849e-16	4.09975e-17	5.19777e-18	6.32011e-19	7.37661e-20	8.27132e-21	8.91714e-22	9.24998e-23	9.23933e-24	8.89263e-25	8.25287e-26	7.39004e-27	6.38893e-28	5.33593e-29	4.30771e-30	3.36471e-31	2.7271e-32	2.7271e-32	
0.521562	0.414982	0.316115	0.229471	0.158029	0.102822	0.0629823	0.0362119	0.0194985	0.00981715	0.00461754	0.00202831	0.000832195	0.000319099	0.000114448	3.84368e-05	1.21028e-05	3.57781e-06	9.94387e-07	2.60216e-07	6.42079e-08	1.49606e-08	3.29634e-09	6.87775e-10	1.36075e-10	2.55621e-11	4.56508e-12	7.76001e-13	1.25703e-13	1.94262e-14	2.86717e-15	4.04569e-16	5.46304e-17	7.06628e-18	8.7631e-19	1.04283e-19	1.19185e-20	1.30928e-21	1.3835e-22	1.40729e-23	1.37897e-24	1.30253e-25	1.18678e-26	1.04371e-27	8.86492e-29	7.27635e-30	5.77487e-31	4.43563e-32	3.53252e-33	3.53252e-33	
0.323505	0.243609	0.175328	0.120105	0.0780064	0.0478661	0.0276652	0.0150236	0.00765136	0.00364984	0.00162957	0.000680833	0.000266237	9.74978e-05	3.34635e-05	1.07755e-05	3.25912e-06	9.27049e-07	2.48325e-07	6.27245e-08	1.49606e-08	3.37395e-09	7.20429e-10	1.45839e-10	2.80245e-11	5.11827e-12	8.89505e-13	1.4727e-13	2.32543e-14	3.50575e-15	5.0512e-16	6.96261e-17	9.19025e-18	1.16267e-18	1.41103e-19	1.64412e-20	1.84078e-21	1.98188e-22	2.05344e-23	2.04893e-24	1.97022e-25	1.82697e-26	1.63476e-27	1.41238e-28	1.17891e-29	9.51233e-31	7.42359e-32	5.60846e-33	4.38995e-34	4.38995e-34	
0.179349	0.128138	0.0873914	0.0566852	0.0348493	0.0202449	0.0110841	0.00570739	0.00275965	0.0012517	0.000532273	0.000212182	7.93093e-05	2.78112e-05	9.15652e-06	2.83317e-06	8.24738e-07	2.26137e-07	5.84758e-08	1.42784e-08	3.29634e-09	7.20429e-10	1.49246e-10	2.93428e-11	5.48167e-12	9.74197e-13	1.64891e-13	2.66096e-14	4.09859e-15	6.03155e-16	8.48889e-17	1.1437e-17	1.47641e-18	1.82776e-19	2.17177e-20	2.47882e-21	2.71988e-22	2.87115e-23	2.91794e-24	2.85702e-25	2.69686e-26	2.45579e-27	2.15865e-28	1.83269e-29	1.50371e-30	1.19303e-31	9.15761e-33	6.80656e-34	5.23767e-35	5.23767e-35	
0.0893315	0.0607288	0.0393717	0.0242628	0.0141693	0.00782077	0.00407067	0.00199446	0.000918671	0.000397471	0.000161466	6.15845e-05	2.20594e-05	7.42482e-06	2.35002e-06	7.00078e-07	1.96496e-07	5.2021e-08	1.30054e-08	3.074e-09	6.87775e-10	1.45839e-10	2.93428e-11	5.60842e-12	1.0195e-12	1.76453e-13	2.91096e-14	4.58209e-15	6.88897e-16	9.90225e-17	1.36212e-17	1.7947e-18	2.26697e-19	2.74757e-20	3.1978e-21	3.5768e-22	3.84776e-23	3.9839e-24	3.97282e-25	3.81832e-26	3.53927e-27	3.16587e-28	2.73448e-29	2.28198e-30	1.84097e-31	1.43655e-32	1.08482e-33	7.93444e-35	6.00381e-36	6.00381e-36	
0.04021	0.0260845	0.0161248	0.00947074	0.00527089	0.00277319	0.00137666	0.000643819	0.000283349	0.000117275	4.56336e-05	1.66944e-05	5.74385e-06	1.85958e-06	5.66925e-07	1.62896e-07	4.4157e-08	1.13043e-08	2.73608e-09	6.26817e-10	1.36075e-10	2.80245e-11	5.48167e-12	1.0195e-12	1.80484e-13	3.04458e-14	4.89899e-15	7.52686e-16	1.10528e-16	1.55272e-17	2.08867e-18	2.69269e-19	3.32976e-20	3.95277e-21	4.50815e-22	4.94346e-23	5.21578e-24	5.2987e-25	5.18654e-26	4.89474e-27	4.45655e-28	3.91699e-29	3.32542e-30	2.72852e-31	2.16488e-32	1.66187e-33	1.23492e-34	8.89018e-36	6.61645e-37	6.61645e-37	
0.0164518	0.0102118	0.00603619	0.00338878	0.00180264	0.000906709	0.000430519	0.000192718	8.12575e-05	3.22542e-05	1.20505e-05	4.23798e-06	1.40346e-06	4.3789e-07	1.28816e-07	3.57582e-08	9.37552e-09	2.32415e-09	5.45307e-10	1.21225e-10	2.55621e-11	5.11827e-12	9.74197e-13	1.76453e-13	3.04458e-14	5.0094e-15	7.86749e-16	1.1806e-16	1.69429e-17	2.32751e-18	3.06334e-19	3.86605e-20	4.68236e-21	5.44667e-22	6.08976e-23	6.54924e-24	6.77975e-25	6.7603e-26	6.49735e-27	6.02284e-28	5.38803e-29	4.65459e-30	3.88512e-31	3.13503e-32	2.44695e-33	1.84834e-34	1.35185e-35	9.58084e-37	7.0149e-38	7.0149e-38	
0.00615208	0.00366295	0.00207567	0.00111678	0.000569299	0.000274473	0.000124973	5.36801e-05	2.17357e-05	8.29318e-06	2.98131e-06	1.00994e-06	3.22521e-07	9.71477e-08	2.76203e-08	7.41829e-09	1.88388e-09	4.52791e-10	1.03105e-10	2.2266e-11	4.56508e-12	8.89505e-13	1.64891e-13	2.91096e-14	4.89899e-15	7.86749e-16	1.20682e-16	1.76982e-17	2.48365e-18	3.33819e-19	4.30089e-20	5.31607e-21	6.30889e-22	7.19415e-23	7.88848e-24	8.32348e-25	8.457e-26	8.27975e-27	7.81606e-28	7.11867e-29	6.25911e-30	5.31595e-31	4.36363e-32	3.46377e-33	2.6602e-34	1.97771e-35	1.424e-36	9.93755e-38	7.15977e-39	7.15977e-39	
0.00211321	0.00120963	0.000658646	0.000340416	0.000166692	7.72124e-05	3.379e-05	1.39579e-05	5.43909e-06	1.99884e-06	6.9273e-07	2.26452e-07	6.98539e-08	2.0345e-08	5.59865e-09	1.45686e-09	3.58794e-10	8.37096e-11	1.85196e-11	3.88909e-12	7.76001e-13	1.4727e-13	2.66096e-14	4.58209e-15	7.52686e-16	1.1806e-16	1.76982e-17	2.53798e-18	3.48468e-19	4.58479e-20	5.78521e-21	7.0066e-22	8.15117e-23	9.11552e-24	9.80631e-25	1.01554e-25	1.01308e-26	9.74168e-28	9.03523e-29	8.08768e-30	6.99106e-31	5.83908e-32	4.71483e-33	3.68246e-34	2.78346e-35	2.03715e-36	1.44431e-37	9.92693e-39	7.03934e-40	7.03934e-40	
0.000669809	0.00036936	0.000193653	9.6349e-05	4.54152e-05	2.02533e-05	8.53632e-06	3.39782e-06	1.27668e-06	4.52721e-07	1.5152e-07	4.78752e-08	1.42871e-08	4.02929e-09	1.07464e-09	2.7127e-10	6.48654e-11	1.47061e-11	3.16423e-12	6.46759e-13	1.25703e-13	2.32543e-14	4.09859e-15	6.88897e-16	1.10528e-16	1.69429e-17	2.48365e-18	3.48468e-19	4.68351e-20	6.035e-21	7.46152e-22	8.85848e-23	1.01065e-23	1.10883e-24	1.17073e-25	1.19035e-26	1.16628e-27	1.10184e-28	1.00436e-29	8.83833e-31	7.513e-32	6.17248e-33	4.90391e-34	3.76953e-35	2.80488e-36	2.02132e-37	1.41141e-38	9.55607e-40	6.67092e-41	6.67092e-41	
0.000196714	0.000104693	5.29521e-05	2.54093e-05	1.1551e-05	4.96878e-06	2.02069e-06	7.7643e-07	2.81778e-07	9.6576e-08	3.12637e-08	9.56214e-09	2.7645e-09	7.55933e-10	1.95643e-10	4.79624e-11	1.11471e-11	2.45832e-12	5.14905e-13	1.02527e-13	1.94262e-14	3.50575e-15	6.03155e-16	9.90225e-17	1.55272e-17	2.32751e-18	3.33819e-19	4.58479e-20	6.035e-21	7.61959e-22	9.2347e-23	1.07517e-23	1.20341e-24	1.29581e-25	1.34325e-26	1.34137e-27	1.29121e-28	1.19886e-29	1.0743e-30	9.2966e-32	7.77328e-33	6.28353e-34	4.91306e-35	3.71766e-36	2.72378e-37	1.93315e-38	1.3297e-39	8.8702e-41	6.09705e-42	6.09705e-42	
5.37284e-05	2.76433e-05	1.35107e-05	6.26351e-06	2.75078e-06	1.1433e-06	4.4937e-07	1.66948e-07	5.86117e-08	1.9445e-08	6.0972e-09	1.80761e-09	5.06925e-10	1.3456e-10	3.38323e-11	8.06358e-12	1.82335e-12	3.91506e-13	7.98962e-14	1.55107e-14	2.86717e-15	5.0512e-16	8.48889e-17	1.36212e-17	2.08867e-18	3.06334e-19	4.30089e-20	5.78521e-21	7.46152e-22	9.2347e-23	1.09758e-23	1.25367e-24	1.37715e-25	1.45588e-26	1.48221e-27	1.45417e-28	1.37566e-29	1.25565e-30	1.10646e-31	9.4181e-33	7.74801e-34	6.1638e-35	4.74419e-36	3.53466e-37	2.55045e-38	1.78309e-39	1.20841e-40	7.94385e-42	5.37755e-43	5.37755e-43	
1.36935e-05	6.82106e-06	3.22647e-06	1.44732e-06	6.15017e-07	2.47358e-07	9.4106e-08	3.38534e-08	1.15138e-08	3.70249e-09	1.12598e-09	3.23964e-10	8.82313e-11	2.27604e-11	5.5652e-12	1.29081e-12	2.84239e-13	5.94731e-14	1.18347e-14	2.24174e-15	4.04569e-16	6.96261e-17	1.1437e-17	1.7947e-18	2.69269e-19	3.86605e-20	5.31607e-21	7.0066e-22	8.85848e-23	1.07517e-23	1.25367e-24	1.40538e-25	1.51567e-26	1.57368e-27	1.57401e-28	1.51761e-29	1.41135e-30	1.26676e-31	1.09796e-32	9.19513e-34	7.44454e-35	5.82983e-36	4.41807e-37	3.24175e-38	2.30412e-39	1.58712e-40	1.05995e-41	6.86781e-43	4.57955e-44	4.57955e-44	
3.26649e-06	1.57747e-06	7.23144e-07	3.14317e-07	1.29414e-07	5.0438e-08	1.8599e-08	6.48725e-09	2.14018e-09	6.67902e-10	1.97232e-10	5.51351e-11	1.45984e-11	3.66345e-12	8.71952e-13	1.96993e-13	4.22788e-14	8.62734e-15	1.6753e-15	3.09849e-16	5.46304e-17	9.19025e-18	1.47641e-18	2.26697e-19	3.32976e-20	4.68236e-21	6.30889e-22	8.15117e-23	1.01065e-23	1.20341e-24	1.37715e-25	1.51567e-26	1.60539e-27	1.63757e-28	1.60967e-29	1.52568e-30	1.39521e-31	1.23175e-32	1.05039e-33	8.65705e-35	6.89931e-36	5.31963e-37	3.97022e-38	2.86955e-39	2.00947e-40	1.364e-41	8.97857e-43	5.73501e-44	3.76767e-45	3.76767e-45	
7.31316e-07	3.42817e-07	1.52497e-07	6.43076e-08	2.56874e-08	9.71368e-09	3.47611e-09	1.17701e-09	3.77096e-10	1.14339e-10	3.28216e-11	8.92375e-12	2.29936e-12	5.61854e-13	1.30291e-13	2.86956e-14	6.00733e-15	1.19641e-15	2.26871e-16	4.09975e-17	7.06628e-18	1.16267e-18	1.82776e-19	2.74757e-20	3.95277e-21	5.44667e-22	7.19415e-23	9.11552e-24	1.10883e-24	1.29581e-25	1.45588e-26	1.57368e-27	1.63757e-28	1.64157e-29	1.58625e-30	1.47841e-31	1.32982e-32	1.15507e-33	9.69359e-35	7.8642e-36	6.17084e-37	4.68569e-38	3.44472e-39	2.45297e-40	1.69272e-41	1.13248e-42	7.34878e-44	4.62817e-45	2.99614e-46	2.99614e-46	
1.54055e-07	7.01779e-08	3.03273e-08	1.24222e-08	4.81955e-09	1.77034e-09	6.15517e-10	2.02545e-10	6.30879e-11	1.86048e-11	5.19665e-12	1.37551e-12	3.45223e-13	8.22107e-14	1.85894e-14	3.99437e-15	8.16263e-16	1.58772e-16	2.94202e-17	5.19777e-18	8.7631e-19	1.41103e-19	2.17177e-20	3.1978e-21	4.50815e-22	6.08976e-23	7.88848e-24	9.80631e-25	1.17073e-25	1.34325e-26	1.48221e-27	1.57401e-28	1.60967e-29	1.58625e-30	1.50723e-31	1.38173e-32	1.22279e-33	1.04523e-34	8.63449e-36	6.89697e-37	5.32964e-38	3.98631e-39	2.88727e-40	2.02604e-41	1.378e-42	9.08834e-44	5.81482e-45	3.61136e-46	2.30417e-47	2.30417e-47	
3.0605e-08	1.35623e-08	5.69978e-09	2.27012e-09	8.56387e-10	3.05893e-10	1.03438e-10	3.31131e-11	1.00371e-11	2.88162e-12	7.83921e-13	2.02185e-13	4.94688e-14	1.149e-14	2.53534e-15	5.31885e-16	1.06174e-16	2.01832e-17	3.65683e-18	6.32011e-19	1.04283e-19	1.64412e-20	2.47882e-21	3.5768e-22	4.94346e-23	6.54924e-24	8.32348e-25	1.01554e-25	1.19035e-26	1.34137e-27	1.45417e-28	1.51761e-29	1.52568e-30	1.47841e-31	1.38173e-32	1.24623e-33	1.08535e-34	9.13222e-36	7.42765e-37	5.8428e-38	4.44736e-39	3.27724e-40	2.33908e-41	1.61775e-42	1.08467e-43	7.05339e-45	4.45031e-46	2.72605e-47	1.71452e-48	1.71452e-48	
5.74609e-09	2.47937e-09	1.01433e-09	3.93208e-10	1.44372e-10	5.01943e-11	1.65237e-11	5.15082e-12	1.52077e-12	4.25431e-13	1.12817e-13	2.83754e-14	6.77349e-15	1.53564e-15	3.30898e-16	6.7822e-17	1.32333e-17	2.46002e-18	4.36063e-19	7.37661e-20	1.19185e-20	1.84078e-21	2.71988e-22	3.84776e-23	5.21578e-24	6.77975e-25	8.457e-26	1.01308e-26	1.16628e-27	1.29121e-28	1.37566e-29	1.41135e-30	1.39521e-31	1.32982e-32	1.22279e-33	1.08535e-34	9.30439e-36	7.70803e-37	6.17398e-38	4.78382e-39	3.58746e-40	2.60503e-41	1.83253e-42	1.2494e-43	8.25945e-45	5.29649e-46	3.29603e-47	1.99165e-48	1.23498e-49	1.23498e-49	
1.02155e-09	4.29575e-10	1.71229e-10	6.46642e-11	2.3129e-11	7.83414e-12	2.51288e-12	7.63429e-13	2.19739e-13	5.99465e-14	1.55082e-14	3.80674e-15	8.87216e-16	1.9647e-16	4.13698e-17	8.28954e-18	1.58193e-18	2.87745e-19	4.99289e-20	8.27132e-21	1.30928e-21	1.98188e-22	2.87115e-23	3.9839e-24	5.2987e-25	6.7603e-26	8.27975e-27	9.74168e-28	1.10184e-28	1.19886e-29	1.25565e-30	1.26676e-31	1.23175e-32	1.15507e-33	1.04523e-34	9.13222e-36	7.70803e-37	6.28847e-38	4.96143e-39	3.78744e-40	2.79883e-41	2.00309e-42	1.38906e-43	9.33754e-45	6.08722e-46	3.85003e-47	2.36345e-48	1.40901e-49	8.6153e-51	8.6153e-51	
1.72282e-10	7.06607e-11	2.74649e-11	1.01128e-11	3.52662e-12	1.16471e-12	3.64321e-13	1.07959e-13	3.0317e-14	8.07175e-15	2.03863e-15	4.88725e-16	1.11286e-16	2.40871e-17	4.95933e-18	9.72077e-19	1.81537e-19	3.23275e-20	5.49381e-21	8.91714e-22	1.3835e-22	2.05344e-23	2.91794e-24	3.97282e-25	5.18654e-26	6.49735e-27	7.81606e-28	9.03523e-29	1.00436e-29	1.0743e-30	1.10646e-31	1.09796e-32	1.05039e-33	9.69359e-35	8.63449e-36	7.42765e-37	6.17398e-38	4.96143e-39	3.85654e-40	2.90104e-41	2.11292e-42	1.4907e-43	1.01922e-44	6.75638e-46	4.34418e-47	2.71038e-48	1.64156e-49	9.65678e-51	5.82328e-52	5.82328e-52	
2.76077e-11	1.10524e-11	4.19227e-12	1.50621e-12	5.12515e-13	1.65168e-13	5.04208e-14	1.45843e-14	3.99874e-15	1.03977e-15	2.56555e-16	6.01075e-17	1.33809e-17	2.83249e-18	5.70578e-19	1.09463e-19	2.00158e-20	3.49129e-21	5.81377e-22	9.24998e-23	1.40729e-23	2.04893e-24	2.85702e-25	3.81832e-26	4.89474e-27	6.02284e-28	7.11867e-29	8.08768e-30	8.83833e-31	9.2966e-32	9.4181e-33	9.19513e-34	8.65705e-35	7.8642e-36	6.89697e-37	5.8428e-38	4.78382e-39	3.78744e-40	2.90104e-41	2.15085e-42	1.54426e-43	1.0742e-44	7.24265e-46	4.7353e-47	3.00343e-48	1.84877e-49	1.10489e-50	6.41454e-52	3.81544e-53	3.81544e-53	
4.21026e-12	1.64636e-12	6.09847e-13	2.1395e-13	7.10856e-14	2.23703e-14	6.66935e-15	1.88436e-15	5.04786e-16	1.28276e-16	3.09413e-17	7.08888e-18	1.54373e-18	3.19777e-19	6.30581e-20	1.18467e-20	2.12208e-21	3.62737e-22	5.92154e-23	9.23933e-24	1.37897e-24	1.97022e-25	2.69686e-26	3.53927e-27	4.45655e-28	5.38803e-29	6.25911e-30	6.99106e-31	7.513e-32	7.77328e-33	7.74801e-34	7.44454e-35	6.89931e-36	6.17084e-37	5.32964e-38	4.44736e-39	3.58746e-40	2.79883e-41	2.11292e-42	1.54426e-43	1.09317e-44	7.49868e-46	4.98659e-47	3.21609e-48	2.01253e-49	1.22241e-50	7.20983e-52	4.13143e-53	2.42431e-54	2.42431e-54	
6.11928e-13	2.33879e-13	8.466e-14	2.90213e-14	9.42165e-15	2.89722e-15	8.44126e-16	2.33118e-16	6.10523e-17	1.51716e-17	3.57962e-18	8.02455e-19	1.7104e-19	3.46896e-20	6.69984e-21	1.23322e-21	2.16508e-22	3.62842e-23	5.80926e-24	8.89263e-25	1.30253e-25	1.82697e-26	2.45579e-27	3.16587e-28	3.91699e-29	4.65459e-30	5.31595e-31	5.83908e-32	6.17248e-33	6.28353e-34	6.1638e-35	5.82983e-36	5.31963e-37	4.68569e-38	3.98631e-39	3.27724e-40	2.60503e-41	2.00309e-42	1.4907e-43	1.0742e-44	7.49868e-46	5.07326e-47	3.32798e-48	2.11762e-49	1.30758e-50	7.83817e-52	4.56305e-53	2.58118e-54	1.49443e-55	1.49443e-55	
8.48775e-14	3.17266e-14	1.12298e-14	3.76384e-15	1.19469e-15	3.59206e-16	1.02342e-16	2.76424e-17	7.0818e-18	1.72193e-18	3.97632e-19	8.72664e-20	1.82153e-20	3.61897e-21	6.84911e-22	1.23576e-22	2.12731e-23	3.49684e-24	5.49313e-25	8.25287e-26	1.18678e-26	1.63476e-27	2.15865e-28	2.73448e-29	3.32542e-30	3.88512e-31	4.36363e-32	4.71483e-33	4.90391e-34	4.91306e-35	4.74419e-36	4.41807e-37	3.97022e-38	3.44472e-39	2.88727e-40	2.33908e-41	1.83253e-42	1.38906e-43	1.01922e-44	7.24265e-46	4.98659e-47	3.32798e-48	2.15385e-49	1.35236e-50	8.24103e-52	4.87594e-53	2.80214e-54	1.56494e-55	8.94103e-57	8.94103e-57	
1.12495e-14	4.11483e-15	1.425e-15	4.67251e-16	1.45092e-16	4.268e-17	1.18979e-17	3.14481e-18	7.88581e-19	1.87716e-19	4.24478e-20	9.12487e-21	1.86614e-21	3.63368e-22	6.74189e-23	1.19288e-23	2.01438e-24	3.24914e-25	5.00982e-26	7.39004e-27	1.04371e-27	1.41238e-28	1.83269e-29	2.28198e-30	2.72852e-31	3.13503e-32	3.46377e-33	3.68246e-34	3.76953e-35	3.71766e-36	3.53466e-37	3.24175e-38	2.86955e-39	2.45297e-40	2.02604e-41	1.61775e-42	1.2494e-43	9.33754e-45	6.75638e-46	4.7353e-47	3.21609e-48	2.11762e-49	1.35236e-50	8.37984e-52	5.04031e-53	2.94391e-54	1.67033e-55	9.2111e-57	5.19386e-58	5.19386e-58	
1.4264e-15	5.10833e-16	1.73178e-16	5.55833e-17	1.68946e-17	4.86473e-18	1.32763e-18	3.43588e-19	8.43731e-20	1.96727e-20	4.35837e-21	9.18146e-22	1.84061e-22	3.51411e-23	6.39477e-24	1.11004e-24	1.83954e-25	2.91262e-26	4.4097e-27	6.38893e-28	8.86492e-29	1.17891e-29	1.50371e-30	1.84097e-31	2.16488e-32	2.44695e-33	2.6602e-34	2.78346e-35	2.80488e-36	2.72378e-37	2.55045e-38	2.30412e-39	2.00947e-40	1.69272e-41	1.378e-42	1.08467e-43	8.25945e-45	6.08722e-46	4.34418e-47	3.00343e-48	2.01253e-49	1.30758e-50	8.24103e-52	5.04031e-53	2.99274e-54	1.72577e-55	9.66858e-57	5.26532e-58	2.93056e-59	2.93056e-59	
1.7322e-16	6.07681e-17	2.01773e-17	6.34245e-18	1.88797e-18	5.32431e-19	1.42324e-19	3.60823e-20	8.68139e-21	1.98364e-21	4.30761e-22	8.89689e-23	1.74909e-23	3.27571e-24	5.84882e-25	9.96446e-26	1.62112e-26	2.52056e-27	3.74843e-28	5.33593e-29	7.27635e-30	9.51233e-31	1.19303e-31	1.43655e-32	1.66187e-33	1.84834e-34	1.97771e-35	2.03715e-36	2.02132e-37	1.93315e-38	1.78309e-39	1.58712e-40	1.364e-41	1.13248e-42	9.08834e-44	7.05339e-45	5.29649e-46	3.85003e-47	2.71038e-48	1.84877e-49	1.22241e-50	7.83817e-52	4.87594e-53	2.94391e-54	1.72577e-55	9.8265e-57	5.43668e-58	2.92416e-59	1.60668e-60	1.60668e-60	
2.01683e-17	6.93412e-18	2.25613e-18	6.94881e-19	2.02674e-19	5.60058e-20	1.46708e-20	3.64529e-21	8.59724e-22	1.92596e-22	4.10133e-23	8.30864e-24	1.60254e-24	2.94521e-25	5.16183e-26	8.63428e-27	1.37954e-27	2.10707e-28	3.07896e-29	4.30771e-30	5.77487e-31	7.42359e-32	9.15761e-33	1.08482e-33	1.23492e-34	1.35185e-35	1.424e-36	1.44431e-37	1.41141e-38	1.3297e-39	1.20841e-40	1.05995e-41	8.97857e-43	7.34878e-44	5.81482e-45	4.45031e-46	3.29603e-47	2.36345e-48	1.64156e-49	1.10489e-50	7.20983e-52	4.56305e-53	2.80214e-54	1.67033e-55	9.66858e-57	5.43668e-58	2.97082e-59	1.57833e-60	8.56212e-62	8.56212e-62	
2.25604e-18	7.60473e-19	2.42558e-19	7.32305e-20	2.09367e-20	5.67139e-21	1.45645e-21	3.54825e-22	8.20632e-23	1.80311e-23	3.76679e-24	7.48762e-25	1.41739e-25	2.55721e-26	4.40076e-27	7.22987e-28	1.13482e-28	1.70321e-29	2.44622e-30	3.36471e-31	4.43563e-32	5.60846e-33	6.80656e-34	7.93444e-35	8.89018e-36	9.58084e-37	9.93755e-38	9.92693e-39	9.55607e-40	8.8702e-41	7.94385e-42	6.86781e-43	5.73501e-44	4.62817e-45	3.61136e-46	2.72605e-47	1.99165e-48	1.40901e-49	9.65678e-51	6.41454e-52	4.13143e-53	2.58118e-54	1.56494e-55	9.2111e-57	5.26532e-58	2.92416e-59	1.57833e-60	8.28367e-62	4.43721e-63	4.43721e-63	
2.66856e-19	8.80857e-20	2.75093e-20	8.13172e-21	2.27631e-21	6.03777e-22	1.51844e-22	3.62319e-23	8.20884e-24	1.76726e-24	3.61822e-25	7.05041e-26	1.30863e-26	2.3156e-27	3.90941e-28	6.30254e-29	9.71027e-30	1.43089e-30	2.01829e-31	2.7271e-32	3.53252e-33	4.38995e-34	5.23767e-35	6.00381e-36	6.61645e-37	7.0149e-38	7.15977e-39	7.03934e-40	6.67092e-41	6.09705e-42	5.37755e-43	4.57955e-44	3.76767e-45	2.99614e-46	2.30417e-47	1.71452e-48	1.23498e-49	8.6153e-51	5.82328e-52	3.81544e-53	2.42431e-54	1.49443e-55	8.94103e-57	5.19386e-58	2.93056e-59	1.60668e-60	8.56212e-62	4.43721e-63	2.34587e-64	2.34587e-64	
2.66856e-19	8.80857e-20	2.75093e-20	8.13172e-21	2.27631e-21	6.03777e-22	1.51844e-22	3.62319e-23	8.20884e-24	1.76726e-24	3.61822e-25	7.05041e-26	1.30863e-26	2.3156e-27	3.90941e-28	6.30254e-29	9.71027e-30	1.43089e-30	2.01829e-31	2.7271e-32	3.53252e-33	4.38995e-34	5.23767e-35	6.00381e-36	6.61645e-37	7.0149e-38	7.15977e-39	7.03934e-40	6.67092e-41	6.09705e-42	5.37755e-43	4.57955e-44	3.76767e-45	2.99614e-46	2.30417e-47	1.71452e-48	1.23498e-49	8.6153e-51	5.82328e-52	3.81544e-53	2.42431e-54	1.49443e-55	8.94103e-57	5.19386e-58	2.93056e-59	1.60668e-60	8.56212e-62	4.43721e-63	2.34587e-64	2.34587e-64	
