-0.175645	0.217094	1.23671	-0.339722	-0.228412	-0.228412	
0.217094	0.999486	0.151953	0.358898	-0.796803	-0.796803	
1.23671	0.151953	-1.34373	0.591709	0.454402	0.454402	
-0.339722	0.358898	0.591709	-0.786482	-0.725036	-0.725036	
-0.228412	-0.796803	0.454402	-0.725036	0.819943	0.819943	
-0.228412	-0.796803	0.454402	-0.725036	0.819943	0.819943	
