-0.149663	-0.272273	-0.349585	-0.368731	-0.336339	-0.258306	-0.154006	-0.0498682	0.0330611	0.0782747	0.0702744	0.01406	-0.0508591	-0.103872	-0.159668	-0.217985	-0.264647	-0.292558	-0.304365	-0.309476	-0.295178	-0.253266	-0.191045	-0.122473	-0.0545158	0.0234954	0.109573	0.204296	0.303406	0.387018	0.451929	0.512041	0.556066	0.577052	0.588927	0.586997	0.565904	0.532341	0.513382	0.499864	0.465132	0.433376	0.41012	0.387143	0.3598	0.324649	0.297503	0.280747	0.271974	0.271974	
-0.272273	-0.383325	-0.443154	-0.450007	-0.403296	-0.307223	-0.184349	-0.0639792	0.0243513	0.0713439	0.0777234	0.039277	-0.00731506	-0.0510811	-0.101708	-0.153479	-0.20144	-0.229769	-0.232272	-0.21545	-0.185437	-0.132433	-0.0528723	0.0347179	0.119136	0.211497	0.311478	0.40074	0.476347	0.531018	0.565727	0.595189	0.603123	0.587102	0.565166	0.539141	0.507155	0.469551	0.442575	0.427133	0.41128	0.398616	0.390429	0.386769	0.376469	0.358861	0.345	0.333404	0.328323	0.328323	
-0.349585	-0.443154	-0.488828	-0.479273	-0.403025	-0.279392	-0.140126	-0.0117006	0.0721657	0.121189	0.136905	0.111387	0.072516	0.0341575	-0.00444017	-0.0464818	-0.0832257	-0.101335	-0.0917831	-0.0613191	-0.0155781	0.0530055	0.134426	0.223258	0.313043	0.407345	0.500503	0.572548	0.625984	0.651474	0.653068	0.648526	0.622668	0.574991	0.522101	0.465964	0.419975	0.388363	0.356372	0.328525	0.319356	0.323293	0.324405	0.325357	0.334082	0.344298	0.351658	0.356732	0.358692	0.358692	
-0.368731	-0.450007	-0.479273	-0.44225	-0.331958	-0.188527	-0.0400743	0.0898521	0.172999	0.220201	0.237164	0.214714	0.173602	0.139645	0.113587	0.0891414	0.0709677	0.0692232	0.0943117	0.1398	0.199403	0.270322	0.343088	0.421321	0.501122	0.581533	0.647892	0.693266	0.72486	0.725296	0.699499	0.658674	0.597309	0.526236	0.454891	0.380122	0.318424	0.283156	0.25199	0.217633	0.2055	0.216148	0.224627	0.234326	0.261523	0.297084	0.327019	0.349033	0.361766	0.361766	
-0.336339	-0.403296	-0.403025	-0.331958	-0.200515	-0.0472782	0.105417	0.230399	0.306966	0.348287	0.362816	0.343557	0.303906	0.267685	0.243974	0.232377	0.232098	0.244203	0.282895	0.344939	0.410071	0.472001	0.534223	0.599514	0.661542	0.718698	0.753515	0.766308	0.76288	0.734131	0.684432	0.614604	0.52913	0.438622	0.359247	0.285005	0.212296	0.16323	0.127397	0.0980443	0.0917904	0.101492	0.119115	0.148242	0.188177	0.236255	0.277549	0.305879	0.327547	0.327547	
-0.258306	-0.307223	-0.279392	-0.188527	-0.0472782	0.116984	0.270975	0.382583	0.448653	0.479413	0.491733	0.481713	0.447934	0.410742	0.390245	0.382608	0.384714	0.4031	0.450635	0.518121	0.580939	0.631688	0.680281	0.734517	0.781125	0.806085	0.799251	0.773211	0.728883	0.668288	0.600048	0.517598	0.426008	0.331951	0.24805	0.174663	0.107691	0.0504544	0.00847048	-0.00896245	-0.0101104	0.000327959	0.0268831	0.0694132	0.12068	0.168589	0.209627	0.242887	0.263186	0.263186	
-0.154006	-0.184349	-0.140126	-0.0400743	0.105417	0.270975	0.4119	0.507738	0.567876	0.601836	0.620602	0.616288	0.581875	0.542414	0.522807	0.517273	0.525736	0.54793	0.586954	0.637387	0.694355	0.74622	0.786422	0.818729	0.8352	0.821673	0.774263	0.715724	0.640653	0.549816	0.458404	0.368221	0.28189	0.201597	0.13043	0.0644655	0.00844755	-0.0421101	-0.0780907	-0.0871518	-0.0859694	-0.0715073	-0.0382296	0.0083856	0.0576553	0.0982595	0.134159	0.16245	0.176509	0.176509	
-0.0498682	-0.0639792	-0.0117006	0.0898521	0.230399	0.382583	0.507738	0.599586	0.668686	0.707941	0.727307	0.72048	0.686722	0.648385	0.624425	0.620181	0.629939	0.64919	0.683066	0.7253	0.766639	0.800947	0.829763	0.84013	0.821169	0.772057	0.695765	0.609491	0.510996	0.404141	0.298815	0.201206	0.114704	0.04766	-0.00239679	-0.0493469	-0.0856911	-0.116399	-0.131562	-0.127521	-0.123608	-0.104175	-0.065877	-0.0273957	0.00477826	0.0320125	0.055568	0.0691674	0.0729158	0.0729158	
0.0330611	0.0243513	0.0721657	0.172999	0.306966	0.448653	0.567876	0.668686	0.735133	0.768747	0.787305	0.7771	0.748689	0.716389	0.688456	0.677117	0.690441	0.71471	0.745783	0.779317	0.800771	0.811931	0.814734	0.790636	0.741177	0.669408	0.57234	0.465407	0.353984	0.239906	0.134086	0.0481351	-0.0295724	-0.0912975	-0.128267	-0.158178	-0.174897	-0.17737	-0.16387	-0.140896	-0.126864	-0.104617	-0.0718399	-0.0530059	-0.0437955	-0.0311638	-0.019098	-0.0146997	-0.0177387	-0.0177387	
0.0782747	0.0713439	0.121189	0.220201	0.348287	0.479413	0.601836	0.707941	0.768747	0.801397	0.81195	0.794224	0.764124	0.734029	0.708163	0.704433	0.728545	0.750668	0.767892	0.781119	0.7824	0.777086	0.754631	0.69441	0.607009	0.511552	0.408908	0.298335	0.192945	0.0886077	-0.0115505	-0.0820155	-0.143392	-0.197998	-0.22785	-0.239785	-0.234368	-0.216609	-0.183068	-0.145017	-0.121751	-0.0990382	-0.0771396	-0.0750402	-0.0812534	-0.0810756	-0.0795361	-0.0808309	-0.0855454	-0.0855454	
0.0702744	0.0777234	0.136905	0.237164	0.362816	0.491733	0.620602	0.727307	0.787305	0.81195	0.806855	0.784356	0.755812	0.727633	0.711732	0.71603	0.7344	0.749806	0.756573	0.745588	0.726552	0.695987	0.638649	0.553684	0.444566	0.333674	0.230108	0.127476	0.0333336	-0.0520072	-0.129082	-0.186231	-0.228626	-0.266701	-0.288915	-0.281517	-0.258268	-0.228215	-0.189037	-0.149142	-0.115872	-0.0980926	-0.0910553	-0.0926779	-0.105257	-0.115542	-0.123395	-0.131494	-0.135207	-0.135207	
0.01406	0.039277	0.111387	0.214714	0.343557	0.481713	0.616288	0.72048	0.7771	0.794224	0.784356	0.764646	0.738771	0.719646	0.716857	0.719555	0.720804	0.727531	0.724747	0.692561	0.648952	0.582641	0.487848	0.38041	0.270471	0.15943	0.0535642	-0.0349341	-0.113571	-0.17843	-0.232581	-0.269741	-0.283227	-0.298483	-0.304894	-0.285896	-0.253073	-0.217411	-0.190106	-0.153793	-0.114575	-0.103051	-0.101388	-0.103024	-0.115273	-0.133854	-0.156237	-0.170769	-0.177733	-0.177733	
-0.0508591	-0.00731506	0.072516	0.173602	0.303906	0.447934	0.581875	0.686722	0.748689	0.764124	0.755812	0.738771	0.718766	0.708476	0.705929	0.705563	0.700972	0.68768	0.657471	0.609474	0.540281	0.447024	0.338431	0.215985	0.104744	0.0047674	-0.0910468	-0.16824	-0.229598	-0.275546	-0.310917	-0.330671	-0.329865	-0.317791	-0.298658	-0.271983	-0.228155	-0.188613	-0.173774	-0.147807	-0.117512	-0.113378	-0.115214	-0.116582	-0.124521	-0.147131	-0.176098	-0.191912	-0.204034	-0.204034	
-0.103872	-0.0510811	0.0341575	0.139645	0.267685	0.410742	0.542414	0.648385	0.716389	0.734029	0.727633	0.719646	0.708476	0.699102	0.6911	0.681489	0.661166	0.615474	0.555715	0.49425	0.402122	0.290156	0.182453	0.0684846	-0.0328563	-0.119279	-0.197382	-0.261766	-0.311762	-0.342746	-0.356938	-0.362231	-0.353268	-0.317771	-0.277497	-0.240926	-0.196684	-0.164494	-0.150306	-0.138134	-0.129365	-0.130895	-0.137267	-0.140918	-0.145289	-0.162079	-0.180113	-0.188613	-0.198859	-0.198859	
-0.159668	-0.101708	-0.00444017	0.113587	0.243974	0.390245	0.522807	0.624425	0.688456	0.708163	0.711732	0.716857	0.705929	0.6911	0.684534	0.655591	0.596435	0.519284	0.441641	0.359802	0.253678	0.132868	0.0209966	-0.0681939	-0.141179	-0.21849	-0.28676	-0.332513	-0.367069	-0.385165	-0.379262	-0.363192	-0.334088	-0.281107	-0.234951	-0.198882	-0.164992	-0.149759	-0.14066	-0.138356	-0.148424	-0.157757	-0.164218	-0.169616	-0.17577	-0.176706	-0.171058	-0.167923	-0.167093	-0.167093	
-0.217985	-0.153479	-0.0464818	0.0891414	0.232377	0.382608	0.517273	0.620181	0.677117	0.704433	0.71603	0.719555	0.705563	0.681489	0.655591	0.604465	0.523174	0.427274	0.326851	0.21688	0.109021	-0.00197114	-0.10671	-0.185471	-0.244752	-0.3054	-0.358056	-0.386441	-0.400372	-0.39459	-0.371933	-0.336744	-0.288336	-0.237081	-0.192861	-0.162185	-0.14663	-0.140035	-0.137046	-0.144012	-0.162334	-0.179288	-0.185064	-0.190781	-0.197983	-0.184837	-0.161353	-0.147567	-0.138454	-0.138454	
-0.264647	-0.20144	-0.0832257	0.0709677	0.232098	0.384714	0.525736	0.629939	0.690441	0.728545	0.7344	0.720804	0.700972	0.661166	0.596435	0.523174	0.43067	0.322749	0.20859	0.095112	-0.012833	-0.1178	-0.207858	-0.279403	-0.333771	-0.374291	-0.398672	-0.41491	-0.405532	-0.366999	-0.332212	-0.293078	-0.243707	-0.203902	-0.172397	-0.149143	-0.143507	-0.141117	-0.140425	-0.148575	-0.165727	-0.184384	-0.186728	-0.191488	-0.196896	-0.179746	-0.158182	-0.143736	-0.135469	-0.135469	
-0.292558	-0.229769	-0.101335	0.0692232	0.244203	0.4031	0.54793	0.64919	0.71471	0.750668	0.749806	0.727531	0.68768	0.615474	0.519284	0.427274	0.322749	0.207895	0.090249	-0.017561	-0.119491	-0.213172	-0.288865	-0.347788	-0.395162	-0.421091	-0.417026	-0.406592	-0.375586	-0.326051	-0.280045	-0.242445	-0.204143	-0.175471	-0.166599	-0.15292	-0.148512	-0.151006	-0.151821	-0.160546	-0.169836	-0.178254	-0.178632	-0.177606	-0.172678	-0.163668	-0.15781	-0.149628	-0.151151	-0.151151	
-0.304365	-0.232272	-0.0917831	0.0943117	0.282895	0.450635	0.586954	0.683066	0.745783	0.767892	0.756573	0.724747	0.657471	0.555715	0.441641	0.326851	0.20859	0.090249	-0.030498	-0.138002	-0.225946	-0.294424	-0.349547	-0.392781	-0.420038	-0.430197	-0.411518	-0.373277	-0.329221	-0.282589	-0.23488	-0.199081	-0.171898	-0.15529	-0.158465	-0.157217	-0.153516	-0.159297	-0.168571	-0.175518	-0.174381	-0.172721	-0.171997	-0.163164	-0.150978	-0.149298	-0.153859	-0.155576	-0.158421	-0.158421	
-0.309476	-0.21545	-0.0613191	0.1398	0.344939	0.518121	0.637387	0.7253	0.779317	0.781119	0.745588	0.692561	0.609474	0.49425	0.359802	0.21688	0.095112	-0.017561	-0.138002	-0.247608	-0.318096	-0.355562	-0.39057	-0.421541	-0.424195	-0.404218	-0.37599	-0.334087	-0.290483	-0.245681	-0.199053	-0.1689	-0.152909	-0.141239	-0.141782	-0.15434	-0.158919	-0.166319	-0.185766	-0.191301	-0.175985	-0.165184	-0.163625	-0.147699	-0.136641	-0.142652	-0.150192	-0.159371	-0.158888	-0.158888	
-0.295178	-0.185437	-0.0155781	0.199403	0.410071	0.580939	0.694355	0.766639	0.800771	0.7824	0.726552	0.648952	0.540281	0.402122	0.253678	0.109021	-0.012833	-0.119491	-0.225946	-0.318096	-0.374441	-0.400186	-0.417001	-0.424975	-0.410009	-0.375449	-0.331939	-0.281516	-0.24245	-0.21108	-0.177191	-0.156713	-0.144275	-0.135989	-0.141128	-0.155051	-0.165891	-0.176593	-0.189697	-0.189793	-0.169593	-0.151148	-0.14811	-0.138862	-0.132794	-0.142951	-0.152433	-0.158411	-0.157804	-0.157804	
-0.253266	-0.132433	0.0530055	0.270322	0.472001	0.631688	0.74622	0.800947	0.811931	0.777086	0.695987	0.582641	0.447024	0.290156	0.132868	-0.00197114	-0.1178	-0.213172	-0.294424	-0.355562	-0.400186	-0.423667	-0.428118	-0.410598	-0.381743	-0.3398	-0.280664	-0.232281	-0.195596	-0.172117	-0.157856	-0.15257	-0.147796	-0.146261	-0.15909	-0.165155	-0.172051	-0.180275	-0.177369	-0.170861	-0.157357	-0.14169	-0.136307	-0.136477	-0.136988	-0.143689	-0.152157	-0.155104	-0.156935	-0.156935	
-0.191045	-0.0528723	0.134426	0.343088	0.534223	0.680281	0.786422	0.829763	0.814734	0.754631	0.638649	0.487848	0.338431	0.182453	0.0209966	-0.10671	-0.207858	-0.288865	-0.349547	-0.39057	-0.417001	-0.428118	-0.415547	-0.381105	-0.341915	-0.287525	-0.227787	-0.195483	-0.167661	-0.143179	-0.138841	-0.146048	-0.154933	-0.169144	-0.178986	-0.177603	-0.181412	-0.172821	-0.150716	-0.143122	-0.143719	-0.139675	-0.138434	-0.144908	-0.147573	-0.146063	-0.146093	-0.146258	-0.1493	-0.1493	
-0.122473	0.0347179	0.223258	0.421321	0.599514	0.734517	0.818729	0.84013	0.790636	0.69441	0.553684	0.38041	0.215985	0.0684846	-0.0681939	-0.185471	-0.279403	-0.347788	-0.392781	-0.421541	-0.424975	-0.410598	-0.381105	-0.332222	-0.280071	-0.232137	-0.196285	-0.172654	-0.151985	-0.137376	-0.139936	-0.148863	-0.161852	-0.180802	-0.181801	-0.178997	-0.17883	-0.158323	-0.132211	-0.12572	-0.135992	-0.143126	-0.144998	-0.153053	-0.159979	-0.149524	-0.138013	-0.13849	-0.133856	-0.133856	
-0.0545158	0.119136	0.313043	0.501122	0.661542	0.781125	0.8352	0.821169	0.741177	0.607009	0.444566	0.270471	0.104744	-0.0328563	-0.141179	-0.244752	-0.333771	-0.395162	-0.420038	-0.424195	-0.410009	-0.381743	-0.341915	-0.280071	-0.224419	-0.189884	-0.173048	-0.156617	-0.147552	-0.149855	-0.149011	-0.155104	-0.169562	-0.175768	-0.170524	-0.167964	-0.163839	-0.15014	-0.131794	-0.129139	-0.140086	-0.140584	-0.143167	-0.151299	-0.155084	-0.149233	-0.138261	-0.134213	-0.12784	-0.12784	
0.0234954	0.211497	0.407345	0.581533	0.718698	0.806085	0.821673	0.772057	0.669408	0.511552	0.333674	0.15943	0.0047674	-0.119279	-0.21849	-0.3054	-0.374291	-0.421091	-0.430197	-0.404218	-0.375449	-0.3398	-0.287525	-0.232137	-0.189884	-0.163155	-0.150497	-0.144655	-0.14831	-0.159359	-0.161886	-0.168193	-0.18195	-0.173973	-0.156632	-0.150066	-0.142959	-0.140525	-0.13654	-0.13835	-0.14509	-0.137304	-0.140146	-0.146969	-0.143217	-0.144715	-0.141781	-0.132867	-0.127747	-0.127747	
0.109573	0.311478	0.500503	0.647892	0.753515	0.799251	0.774263	0.695765	0.57234	0.408908	0.230108	0.0535642	-0.0910468	-0.197382	-0.28676	-0.358056	-0.398672	-0.417026	-0.411518	-0.37599	-0.331939	-0.280664	-0.227787	-0.196285	-0.173048	-0.150497	-0.143005	-0.14578	-0.151027	-0.161215	-0.17318	-0.178575	-0.181997	-0.170054	-0.145733	-0.13724	-0.129657	-0.127112	-0.14145	-0.149525	-0.146266	-0.141599	-0.141981	-0.137506	-0.127524	-0.130785	-0.138237	-0.137799	-0.137732	-0.137732	
0.204296	0.40074	0.572548	0.693266	0.766308	0.773211	0.715724	0.609491	0.465407	0.298335	0.127476	-0.0349341	-0.16824	-0.261766	-0.332513	-0.386441	-0.41491	-0.406592	-0.373277	-0.334087	-0.281516	-0.232281	-0.195483	-0.172654	-0.156617	-0.144655	-0.14578	-0.147492	-0.156871	-0.170627	-0.179525	-0.175393	-0.161006	-0.153023	-0.141723	-0.135174	-0.13258	-0.12988	-0.143792	-0.150317	-0.141805	-0.141841	-0.142262	-0.13226	-0.119596	-0.120068	-0.132063	-0.140253	-0.145492	-0.145492	
0.303406	0.476347	0.625984	0.72486	0.76288	0.728883	0.640653	0.510996	0.353984	0.192945	0.0333336	-0.113571	-0.229598	-0.311762	-0.367069	-0.400372	-0.405532	-0.375586	-0.329221	-0.290483	-0.24245	-0.195596	-0.167661	-0.151985	-0.147552	-0.14831	-0.151027	-0.156871	-0.166946	-0.17588	-0.177002	-0.162448	-0.142903	-0.139972	-0.140207	-0.134621	-0.13557	-0.137892	-0.141343	-0.143171	-0.138441	-0.139815	-0.1389	-0.131028	-0.125396	-0.121853	-0.12742	-0.136991	-0.139759	-0.139759	
0.387018	0.531018	0.651474	0.725296	0.734131	0.668288	0.549816	0.404141	0.239906	0.0886077	-0.0520072	-0.17843	-0.275546	-0.342746	-0.385165	-0.39459	-0.366999	-0.326051	-0.282589	-0.245681	-0.21108	-0.172117	-0.143179	-0.137376	-0.149855	-0.159359	-0.161215	-0.170627	-0.17588	-0.175407	-0.169266	-0.145574	-0.131233	-0.133623	-0.136045	-0.135917	-0.138741	-0.142425	-0.137878	-0.134425	-0.13621	-0.133885	-0.129101	-0.132403	-0.136895	-0.13462	-0.130808	-0.126516	-0.125955	-0.125955	
0.451929	0.565727	0.653068	0.699499	0.684432	0.600048	0.458404	0.298815	0.134086	-0.0115505	-0.129082	-0.232581	-0.310917	-0.356938	-0.379262	-0.371933	-0.332212	-0.280045	-0.23488	-0.199053	-0.177191	-0.157856	-0.138841	-0.139936	-0.149011	-0.161886	-0.17318	-0.179525	-0.177002	-0.169266	-0.158535	-0.134876	-0.126217	-0.129875	-0.13066	-0.136296	-0.143313	-0.14828	-0.141702	-0.131377	-0.131072	-0.126112	-0.116128	-0.125345	-0.141641	-0.142589	-0.134048	-0.124046	-0.120459	-0.120459	
0.512041	0.595189	0.648526	0.658674	0.614604	0.517598	0.368221	0.201206	0.0481351	-0.0820155	-0.186231	-0.269741	-0.330671	-0.362231	-0.363192	-0.336744	-0.293078	-0.242445	-0.199081	-0.1689	-0.156713	-0.15257	-0.146048	-0.148863	-0.155104	-0.168193	-0.178575	-0.175393	-0.162448	-0.145574	-0.134876	-0.130029	-0.134815	-0.139289	-0.139525	-0.141819	-0.144304	-0.14548	-0.137554	-0.125401	-0.123858	-0.125722	-0.118898	-0.121308	-0.135314	-0.136554	-0.129332	-0.126819	-0.126976	-0.126976	
0.556066	0.603123	0.622668	0.597309	0.52913	0.426008	0.28189	0.114704	-0.0295724	-0.143392	-0.228626	-0.283227	-0.329865	-0.353268	-0.334088	-0.288336	-0.243707	-0.204143	-0.171898	-0.152909	-0.144275	-0.147796	-0.154933	-0.161852	-0.169562	-0.18195	-0.181997	-0.161006	-0.142903	-0.131233	-0.126217	-0.134815	-0.142187	-0.14093	-0.142722	-0.14165	-0.134723	-0.134161	-0.129941	-0.118883	-0.122332	-0.134097	-0.135504	-0.131386	-0.128058	-0.12601	-0.122938	-0.12219	-0.128249	-0.128249	
0.577052	0.587102	0.574991	0.526236	0.438622	0.331951	0.201597	0.04766	-0.0912975	-0.197998	-0.266701	-0.298483	-0.317791	-0.317771	-0.281107	-0.237081	-0.203902	-0.175471	-0.15529	-0.141239	-0.135989	-0.146261	-0.169144	-0.180802	-0.175768	-0.173973	-0.170054	-0.153023	-0.139972	-0.133623	-0.129875	-0.139289	-0.14093	-0.137385	-0.141659	-0.134476	-0.123841	-0.124173	-0.127503	-0.123397	-0.12538	-0.139729	-0.142276	-0.130574	-0.120341	-0.11802	-0.120699	-0.12403	-0.128012	-0.128012	
0.588927	0.565166	0.522101	0.454891	0.359247	0.24805	0.13043	-0.00239679	-0.128267	-0.22785	-0.288915	-0.304894	-0.298658	-0.277497	-0.234951	-0.192861	-0.172397	-0.166599	-0.158465	-0.141782	-0.141128	-0.15909	-0.178986	-0.181801	-0.170524	-0.156632	-0.145733	-0.141723	-0.140207	-0.136045	-0.13066	-0.139525	-0.142722	-0.141659	-0.144692	-0.133238	-0.124476	-0.121493	-0.123913	-0.129177	-0.12759	-0.131669	-0.131066	-0.120496	-0.116591	-0.11863	-0.1242	-0.129832	-0.12882	-0.12882	
0.586997	0.539141	0.465964	0.380122	0.285005	0.174663	0.0644655	-0.0493469	-0.158178	-0.239785	-0.281517	-0.285896	-0.271983	-0.240926	-0.198882	-0.162185	-0.149143	-0.15292	-0.157217	-0.15434	-0.155051	-0.165155	-0.177603	-0.178997	-0.167964	-0.150066	-0.13724	-0.135174	-0.134621	-0.135917	-0.136296	-0.141819	-0.14165	-0.134476	-0.133238	-0.131058	-0.129214	-0.123069	-0.124871	-0.137037	-0.132041	-0.120048	-0.11774	-0.119208	-0.12244	-0.123616	-0.124852	-0.12719	-0.123867	-0.123867	
0.565904	0.507155	0.419975	0.318424	0.212296	0.107691	0.00844755	-0.0856911	-0.174897	-0.234368	-0.258268	-0.253073	-0.228155	-0.196684	-0.164992	-0.14663	-0.143507	-0.148512	-0.153516	-0.158919	-0.165891	-0.172051	-0.181412	-0.17883	-0.163839	-0.142959	-0.129657	-0.13258	-0.13557	-0.138741	-0.143313	-0.144304	-0.134723	-0.123841	-0.124476	-0.129214	-0.12923	-0.122799	-0.127096	-0.137979	-0.128491	-0.112944	-0.116997	-0.129024	-0.132046	-0.127943	-0.12233	-0.117968	-0.115618	-0.115618	
0.532341	0.469551	0.388363	0.283156	0.16323	0.0504544	-0.0421101	-0.116399	-0.17737	-0.216609	-0.228215	-0.217411	-0.188613	-0.164494	-0.149759	-0.140035	-0.141117	-0.151006	-0.159297	-0.166319	-0.176593	-0.180275	-0.172821	-0.158323	-0.15014	-0.140525	-0.127112	-0.12988	-0.137892	-0.142425	-0.14828	-0.14548	-0.134161	-0.124173	-0.121493	-0.123069	-0.122799	-0.126767	-0.133078	-0.132326	-0.122255	-0.114617	-0.120916	-0.125902	-0.124932	-0.125707	-0.12273	-0.118848	-0.118298	-0.118298	
0.513382	0.442575	0.356372	0.25199	0.127397	0.00847048	-0.0780907	-0.131562	-0.16387	-0.183068	-0.189037	-0.190106	-0.173774	-0.150306	-0.14066	-0.137046	-0.140425	-0.151821	-0.168571	-0.185766	-0.189697	-0.177369	-0.150716	-0.132211	-0.131794	-0.13654	-0.14145	-0.143792	-0.141343	-0.137878	-0.141702	-0.137554	-0.129941	-0.127503	-0.123913	-0.124871	-0.127096	-0.133078	-0.12879	-0.116819	-0.119074	-0.124943	-0.125825	-0.117913	-0.113919	-0.12145	-0.124642	-0.123541	-0.121201	-0.121201	
0.499864	0.427133	0.328525	0.217633	0.0980443	-0.00896245	-0.0871518	-0.127521	-0.140896	-0.145017	-0.149142	-0.153793	-0.147807	-0.138134	-0.138356	-0.144012	-0.148575	-0.160546	-0.175518	-0.191301	-0.189793	-0.170861	-0.143122	-0.12572	-0.129139	-0.13835	-0.149525	-0.150317	-0.143171	-0.134425	-0.131377	-0.125401	-0.118883	-0.123397	-0.129177	-0.137037	-0.137979	-0.132326	-0.116819	-0.105322	-0.119894	-0.130095	-0.128343	-0.122658	-0.114403	-0.117945	-0.122782	-0.120515	-0.119763	-0.119763	
0.465132	0.41128	0.319356	0.2055	0.0917904	-0.0101104	-0.0859694	-0.123608	-0.126864	-0.121751	-0.115872	-0.114575	-0.117512	-0.129365	-0.148424	-0.162334	-0.165727	-0.169836	-0.174381	-0.175985	-0.169593	-0.157357	-0.143719	-0.135992	-0.140086	-0.14509	-0.146266	-0.141805	-0.138441	-0.13621	-0.131072	-0.123858	-0.122332	-0.12538	-0.12759	-0.132041	-0.128491	-0.122255	-0.119074	-0.119894	-0.125071	-0.123268	-0.124065	-0.125745	-0.118149	-0.113307	-0.115279	-0.11988	-0.123792	-0.123792	
0.433376	0.398616	0.323293	0.216148	0.101492	0.000327959	-0.0715073	-0.104175	-0.104617	-0.0990382	-0.0980926	-0.103051	-0.113378	-0.130895	-0.157757	-0.179288	-0.184384	-0.178254	-0.172721	-0.165184	-0.151148	-0.14169	-0.139675	-0.143126	-0.140584	-0.137304	-0.141599	-0.141841	-0.139815	-0.133885	-0.126112	-0.125722	-0.134097	-0.139729	-0.131669	-0.120048	-0.112944	-0.114617	-0.124943	-0.130095	-0.123268	-0.114972	-0.116856	-0.125274	-0.126387	-0.117402	-0.11372	-0.118783	-0.120724	-0.120724	
0.41012	0.390429	0.324405	0.224627	0.119115	0.0268831	-0.0382296	-0.065877	-0.0718399	-0.0771396	-0.0910553	-0.101388	-0.115214	-0.137267	-0.164218	-0.185064	-0.186728	-0.178632	-0.171997	-0.163625	-0.14811	-0.136307	-0.138434	-0.144998	-0.143167	-0.140146	-0.141981	-0.142262	-0.1389	-0.129101	-0.116128	-0.118898	-0.135504	-0.142276	-0.131066	-0.11774	-0.116997	-0.120916	-0.125825	-0.128343	-0.124065	-0.116856	-0.11004	-0.114922	-0.123447	-0.123636	-0.121108	-0.117516	-0.117071	-0.117071	
0.387143	0.386769	0.325357	0.234326	0.148242	0.0694132	0.0083856	-0.0273957	-0.0530059	-0.0750402	-0.0926779	-0.103024	-0.116582	-0.140918	-0.169616	-0.190781	-0.191488	-0.177606	-0.163164	-0.147699	-0.138862	-0.136477	-0.144908	-0.153053	-0.151299	-0.146969	-0.137506	-0.13226	-0.131028	-0.132403	-0.125345	-0.121308	-0.131386	-0.130574	-0.120496	-0.119208	-0.129024	-0.125902	-0.117913	-0.122658	-0.125745	-0.125274	-0.114922	-0.108336	-0.117533	-0.124227	-0.123322	-0.117895	-0.114597	-0.114597	
0.3598	0.376469	0.334082	0.261523	0.188177	0.12068	0.0576553	0.00477826	-0.0437955	-0.0812534	-0.105257	-0.115273	-0.124521	-0.145289	-0.17577	-0.197983	-0.196896	-0.172678	-0.150978	-0.136641	-0.132794	-0.136988	-0.147573	-0.159979	-0.155084	-0.143217	-0.127524	-0.119596	-0.125396	-0.136895	-0.141641	-0.135314	-0.128058	-0.120341	-0.116591	-0.12244	-0.132046	-0.124932	-0.113919	-0.114403	-0.118149	-0.126387	-0.123447	-0.117533	-0.11999	-0.117935	-0.118087	-0.118552	-0.114676	-0.114676	
0.324649	0.358861	0.344298	0.297084	0.236255	0.168589	0.0982595	0.0320125	-0.0311638	-0.0810756	-0.115542	-0.133854	-0.147131	-0.162079	-0.176706	-0.184837	-0.179746	-0.163668	-0.149298	-0.142652	-0.142951	-0.143689	-0.146063	-0.149524	-0.149233	-0.144715	-0.130785	-0.120068	-0.121853	-0.13462	-0.142589	-0.136554	-0.12601	-0.11802	-0.11863	-0.123616	-0.127943	-0.125707	-0.12145	-0.117945	-0.113307	-0.117402	-0.123636	-0.124227	-0.117935	-0.111362	-0.114233	-0.118961	-0.122112	-0.122112	
0.297503	0.345	0.351658	0.327019	0.277549	0.209627	0.134159	0.055568	-0.019098	-0.0795361	-0.123395	-0.156237	-0.176098	-0.180113	-0.171058	-0.161353	-0.158182	-0.15781	-0.153859	-0.150192	-0.152433	-0.152157	-0.146093	-0.138013	-0.138261	-0.141781	-0.138237	-0.132063	-0.12742	-0.130808	-0.134048	-0.129332	-0.122938	-0.120699	-0.1242	-0.124852	-0.12233	-0.12273	-0.124642	-0.122782	-0.115279	-0.11372	-0.121108	-0.123322	-0.118087	-0.114233	-0.114334	-0.117371	-0.121132	-0.121132	
0.280747	0.333404	0.356732	0.349033	0.305879	0.242887	0.16245	0.0691674	-0.0146997	-0.0808309	-0.131494	-0.170769	-0.191912	-0.188613	-0.167923	-0.147567	-0.143736	-0.149628	-0.155576	-0.159371	-0.158411	-0.155104	-0.146258	-0.13849	-0.134213	-0.132867	-0.137799	-0.140253	-0.136991	-0.126516	-0.124046	-0.126819	-0.12219	-0.12403	-0.129832	-0.12719	-0.117968	-0.118848	-0.123541	-0.120515	-0.11988	-0.118783	-0.117516	-0.117895	-0.118552	-0.118961	-0.117371	-0.117331	-0.116131	-0.116131	
0.271974	0.328323	0.358692	0.361766	0.327547	0.263186	0.176509	0.0729158	-0.0177387	-0.0855454	-0.135207	-0.177733	-0.204034	-0.198859	-0.167093	-0.138454	-0.135469	-0.151151	-0.158421	-0.158888	-0.157804	-0.156935	-0.1493	-0.133856	-0.12784	-0.127747	-0.137732	-0.145492	-0.139759	-0.125955	-0.120459	-0.126976	-0.128249	-0.128012	-0.12882	-0.123867	-0.115618	-0.118298	-0.121201	-0.119763	-0.123792	-0.120724	-0.117071	-0.114597	-0.114676	-0.122112	-0.121132	-0.116131	-0.11502	-0.11502	
0.271974	0.328323	0.358692	0.361766	0.327547	0.263186	0.176509	0.0729158	-0.0177387	-0.0855454	-0.135207	-0.177733	-0.204034	-0.198859	-0.167093	-0.138454	-0.135469	-0.151151	-0.158421	-0.158888	-0.157804	-0.156935	-0.1493	-0.133856	-0.12784	-0.127747	-0.137732	-0.145492	-0.139759	-0.125955	-0.120459	-0.126976	-0.128249	-0.128012	-0.12882	-0.123867	-0.115618	-0.118298	-0.121201	-0.119763	-0.123792	-0.120724	-0.117071	-0.114597	-0.114676	-0.122112	-0.121132	-0.116131	-0.11502	-0.11502	
