0.0668245	0.149376	0.225862	0.308014	0.384822	0.433541	0.456226	0.464614	0.457381	0.42158	0.361332	0.288809	0.227201	0.176113	0.119563	0.0335367	-0.0837244	-0.224054	-0.393292	-0.571984	-0.731029	-0.84596	-0.902033	-0.88592	-0.79815	-0.661017	-0.486298	-0.266658	-0.00450077	0.272843	0.527262	0.722565	0.851193	0.918893	0.920669	0.853057	0.723187	0.557924	0.36945	0.161653	-0.0333972	-0.200386	-0.342239	-0.453685	-0.541179	-0.605584	-0.636695	-0.645457	-0.649487	-0.649487	
0.149376	0.22689	0.296559	0.3698	0.41978	0.427467	0.411283	0.388395	0.357466	0.314883	0.263697	0.204177	0.152682	0.111583	0.0645622	-0.00656403	-0.0986048	-0.215614	-0.373789	-0.55374	-0.712625	-0.830005	-0.906486	-0.918647	-0.853904	-0.732926	-0.572128	-0.36784	-0.123641	0.134684	0.380582	0.58905	0.74919	0.860288	0.918599	0.90937	0.822188	0.688393	0.52456	0.324083	0.120034	-0.0631845	-0.228935	-0.370275	-0.489186	-0.588909	-0.658078	-0.701757	-0.729493	-0.729493	
0.225862	0.296559	0.363222	0.417734	0.426949	0.394247	0.344431	0.285287	0.222803	0.172457	0.136556	0.100501	0.068762	0.0397326	0.00938935	-0.0338569	-0.0898281	-0.171578	-0.305251	-0.472108	-0.630482	-0.7625	-0.866229	-0.916032	-0.889699	-0.797181	-0.658529	-0.479568	-0.268287	-0.0413526	0.191445	0.418164	0.620782	0.777085	0.886579	0.942131	0.910745	0.807088	0.661668	0.477927	0.277737	0.0828844	-0.104319	-0.278997	-0.434089	-0.564339	-0.667031	-0.742506	-0.785599	-0.785599	
0.308014	0.3698	0.417734	0.436677	0.410557	0.353241	0.274054	0.178052	0.0862231	0.0237957	-0.00808368	-0.0257039	-0.0371989	-0.0448938	-0.0455087	-0.0490771	-0.0626965	-0.10795	-0.206082	-0.348831	-0.506844	-0.657198	-0.790121	-0.877402	-0.896702	-0.849049	-0.74644	-0.601111	-0.426358	-0.227551	-0.0024588	0.23907	0.47488	0.671167	0.817673	0.916148	0.944617	0.897578	0.787262	0.629209	0.445242	0.245196	0.0332801	-0.180358	-0.377525	-0.53963	-0.664763	-0.758683	-0.813761	-0.813761	
0.384822	0.41978	0.426949	0.410557	0.365455	0.290867	0.18769	0.0741112	-0.0281548	-0.102618	-0.142377	-0.153948	-0.144476	-0.120948	-0.0797907	-0.038817	-0.0164772	-0.0291639	-0.0959321	-0.217798	-0.374659	-0.543736	-0.7024	-0.820368	-0.882233	-0.88452	-0.827397	-0.719263	-0.573981	-0.389416	-0.166645	0.0742419	0.316439	0.531981	0.704099	0.833278	0.910846	0.932936	0.89102	0.779426	0.612628	0.406919	0.175229	-0.0655815	-0.292964	-0.489217	-0.646678	-0.762476	-0.82872	-0.82872	
0.433541	0.427467	0.394247	0.353241	0.290867	0.198143	0.0864607	-0.0208965	-0.119155	-0.200706	-0.252945	-0.264445	-0.23785	-0.177938	-0.0920878	-0.0141806	0.0414058	0.0588922	0.0181059	-0.0877342	-0.243627	-0.425482	-0.609102	-0.758389	-0.856209	-0.904599	-0.898069	-0.828567	-0.702888	-0.523958	-0.3015	-0.0658072	0.162363	0.373009	0.562166	0.716443	0.827374	0.906169	0.936042	0.886664	0.758542	0.56883	0.332681	0.0718563	-0.182225	-0.410042	-0.60212	-0.748751	-0.834617	-0.834617	
0.456226	0.411283	0.344431	0.274054	0.18769	0.0864607	-0.0176484	-0.114019	-0.205351	-0.285367	-0.338722	-0.34896	-0.305279	-0.210706	-0.0923946	0.0132258	0.0981269	0.148275	0.133147	0.038534	-0.112683	-0.302646	-0.512726	-0.69542	-0.824524	-0.909049	-0.946963	-0.915463	-0.809424	-0.636439	-0.419678	-0.193584	0.0228992	0.219658	0.401622	0.568573	0.711759	0.834187	0.921796	0.940338	0.868772	0.714516	0.492807	0.222298	-0.0591447	-0.319905	-0.540618	-0.702752	-0.791912	-0.791912	
0.464614	0.388395	0.285287	0.178052	0.0741112	-0.0208965	-0.114019	-0.203871	-0.286992	-0.351601	-0.393957	-0.393032	-0.331281	-0.216641	-0.0821143	0.0379844	0.146703	0.225006	0.230654	0.149032	0.00342338	-0.191754	-0.420396	-0.630927	-0.785294	-0.890928	-0.955944	-0.95656	-0.875141	-0.722067	-0.529027	-0.321833	-0.118026	0.063972	0.230986	0.397134	0.568947	0.741144	0.882341	0.954037	0.932125	0.820258	0.625934	0.357087	0.0580366	-0.220299	-0.447667	-0.606235	-0.689227	-0.689227	
0.457381	0.357466	0.222803	0.0862231	-0.0281548	-0.119155	-0.205351	-0.286992	-0.351181	-0.392012	-0.40929	-0.384676	-0.310533	-0.191879	-0.0568378	0.0728419	0.193565	0.279428	0.295838	0.224659	0.084695	-0.109051	-0.339134	-0.558408	-0.728351	-0.84836	-0.924492	-0.942709	-0.894087	-0.780963	-0.624824	-0.449646	-0.267605	-0.0956048	0.0611907	0.223004	0.416601	0.628421	0.811272	0.926403	0.948169	0.876442	0.713944	0.464248	0.174591	-0.0981265	-0.317873	-0.463021	-0.533141	-0.533141	
0.42158	0.314883	0.172457	0.0237957	-0.102618	-0.200706	-0.285367	-0.351601	-0.392012	-0.401354	-0.382282	-0.332363	-0.255088	-0.147962	-0.0151116	0.122731	0.241947	0.318478	0.331599	0.267798	0.136295	-0.0490574	-0.264015	-0.474942	-0.656367	-0.793028	-0.873612	-0.897856	-0.875364	-0.807004	-0.699536	-0.561179	-0.405572	-0.251446	-0.0992399	0.0669162	0.269061	0.493578	0.695752	0.839868	0.90135	0.878659	0.766995	0.55933	0.298334	0.0466255	-0.1527	-0.279694	-0.339356	-0.339356	
0.361332	0.263697	0.136556	-0.00808368	-0.142377	-0.252945	-0.338722	-0.393957	-0.40929	-0.382282	-0.327233	-0.255569	-0.180258	-0.0807087	0.0490896	0.185622	0.295107	0.352788	0.354092	0.291174	0.167546	-0.00284587	-0.196336	-0.392936	-0.575365	-0.721163	-0.808881	-0.838067	-0.834163	-0.808593	-0.750493	-0.651795	-0.524665	-0.382163	-0.230472	-0.0651325	0.131829	0.34198	0.532036	0.688535	0.792684	0.831989	0.78598	0.637768	0.427418	0.215957	0.0444106	-0.064686	-0.113436	-0.113436	
0.288809	0.204177	0.100501	-0.0257039	-0.153948	-0.264445	-0.34896	-0.393032	-0.384676	-0.332363	-0.255569	-0.17149	-0.085866	0.0157936	0.132115	0.249901	0.339855	0.383457	0.375623	0.31152	0.197758	0.0434935	-0.133855	-0.317548	-0.489502	-0.631324	-0.726265	-0.775785	-0.797417	-0.797926	-0.773308	-0.709511	-0.60566	-0.475516	-0.333204	-0.179876	-0.00530903	0.173207	0.341567	0.503229	0.641816	0.736699	0.759737	0.688464	0.549903	0.395365	0.265643	0.183743	0.148387	0.148387	
0.227201	0.152682	0.068762	-0.0371989	-0.144476	-0.23785	-0.305279	-0.331281	-0.310533	-0.255088	-0.180258	-0.085866	0.0199019	0.127465	0.224388	0.311031	0.379829	0.416281	0.408573	0.35045	0.243685	0.0954689	-0.0748644	-0.249123	-0.405546	-0.530965	-0.630867	-0.710986	-0.763021	-0.782652	-0.770552	-0.7221	-0.64278	-0.535274	-0.412947	-0.286674	-0.144288	0.00293182	0.147745	0.30363	0.462039	0.601861	0.691498	0.702819	0.6503	0.574141	0.505392	0.460687	0.442197	0.442197	
0.176113	0.111583	0.0397326	-0.0448938	-0.120948	-0.177938	-0.210706	-0.216641	-0.191879	-0.147962	-0.0807087	0.0157936	0.127465	0.2318	0.309244	0.372625	0.421814	0.451264	0.452827	0.410109	0.30984	0.161606	-0.00460653	-0.169452	-0.314679	-0.435429	-0.543122	-0.643854	-0.721993	-0.756794	-0.745779	-0.701032	-0.635974	-0.554834	-0.471912	-0.38663	-0.280621	-0.163557	-0.0385829	0.107627	0.271624	0.437925	0.581712	0.681399	0.73426	0.751664	0.751006	0.749861	0.753915	0.753915	
0.119563	0.0645622	0.00938935	-0.0455087	-0.0797907	-0.0920878	-0.0923946	-0.0821143	-0.0568378	-0.0151116	0.0490896	0.132115	0.224388	0.309244	0.379263	0.439981	0.481978	0.507989	0.517918	0.490961	0.397585	0.248404	0.0847447	-0.0759277	-0.228475	-0.362795	-0.475885	-0.575748	-0.652408	-0.693719	-0.695055	-0.657905	-0.603505	-0.548632	-0.505406	-0.46625	-0.405476	-0.32087	-0.215198	-0.0818112	0.0807506	0.265433	0.459314	0.643317	0.794287	0.90682	0.988299	1.04154	1.06892	1.06892	
0.0335367	-0.00656403	-0.0338569	-0.0490771	-0.038817	-0.0141806	0.0132258	0.0379844	0.0728419	0.122731	0.185622	0.249901	0.311031	0.372625	0.439981	0.51149	0.564515	0.59405	0.605158	0.583938	0.497848	0.356078	0.196041	0.0257022	-0.148343	-0.301157	-0.41715	-0.500921	-0.560828	-0.603276	-0.616626	-0.595276	-0.556588	-0.520638	-0.510371	-0.515826	-0.504271	-0.463222	-0.386073	-0.265022	-0.0957343	0.112948	0.347142	0.595739	0.833139	1.03653	1.19753	1.31302	1.37808	1.37808	
-0.0837244	-0.0986048	-0.0898281	-0.0626965	-0.0164772	0.0414058	0.0981269	0.146703	0.193565	0.241947	0.295107	0.339855	0.379829	0.421814	0.481978	0.564515	0.63956	0.686729	0.703676	0.686697	0.613582	0.488858	0.329289	0.139571	-0.0598929	-0.229612	-0.34552	-0.420815	-0.472565	-0.507746	-0.521749	-0.511398	-0.489501	-0.479273	-0.497904	-0.532985	-0.562475	-0.56626	-0.526238	-0.429028	-0.260509	-0.0302062	0.247157	0.56105	0.872262	1.14858	1.37978	1.54963	1.64111	1.64111	
-0.224054	-0.215614	-0.171578	-0.10795	-0.0291639	0.0588922	0.148275	0.225006	0.279428	0.318478	0.352788	0.383457	0.416281	0.451264	0.507989	0.59405	0.686729	0.757567	0.793392	0.791596	0.735701	0.62442	0.464782	0.264173	0.0510117	-0.126569	-0.250012	-0.334398	-0.388739	-0.419721	-0.426411	-0.4164	-0.41011	-0.423227	-0.461991	-0.517875	-0.580069	-0.625644	-0.625982	-0.556359	-0.392885	-0.14349	0.173084	0.538913	0.908315	1.24341	1.52635	1.73599	1.8505	1.8505	
-0.393292	-0.373789	-0.305251	-0.206082	-0.0959321	0.0181059	0.133147	0.230654	0.295838	0.331599	0.354092	0.375623	0.408573	0.452827	0.517918	0.605158	0.703676	0.793392	0.858679	0.884361	0.844204	0.738368	0.579473	0.38239	0.174974	-0.00772424	-0.147114	-0.24255	-0.298711	-0.3217	-0.320297	-0.315461	-0.322575	-0.353628	-0.410712	-0.486003	-0.577968	-0.654982	-0.675643	-0.613767	-0.447325	-0.190475	0.134772	0.518643	0.922398	1.30139	1.62846	1.87561	2.01154	2.01154	
-0.571984	-0.55374	-0.472108	-0.348831	-0.217798	-0.0877342	0.038534	0.149032	0.224659	0.267798	0.291174	0.31152	0.35045	0.410109	0.490961	0.583938	0.686697	0.791596	0.884361	0.935099	0.912532	0.816523	0.664084	0.482009	0.288745	0.1064	-0.0416074	-0.143656	-0.197337	-0.214342	-0.216437	-0.222827	-0.242635	-0.285911	-0.349791	-0.434026	-0.542963	-0.63558	-0.66284	-0.598361	-0.430527	-0.178709	0.141959	0.523704	0.931337	1.32792	1.68461	1.95977	2.10978	2.10978	
-0.731029	-0.712625	-0.630482	-0.506844	-0.374659	-0.243627	-0.112683	0.00342338	0.084695	0.136295	0.167546	0.197758	0.243685	0.30984	0.397585	0.497848	0.613582	0.735701	0.844204	0.912532	0.919819	0.857507	0.731716	0.566385	0.384132	0.208492	0.0584565	-0.0487847	-0.10959	-0.1358	-0.14506	-0.156377	-0.178777	-0.220427	-0.277465	-0.353423	-0.456821	-0.548802	-0.579115	-0.521436	-0.366054	-0.12456	0.189273	0.563898	0.971138	1.36733	1.71138	1.97079	2.11281	2.11281	
-0.84596	-0.830005	-0.7625	-0.657198	-0.543736	-0.425482	-0.302646	-0.191754	-0.109051	-0.0490574	-0.00284587	0.0434935	0.0954689	0.161606	0.248404	0.356078	0.488858	0.62442	0.738368	0.816523	0.857507	0.845448	0.758051	0.611517	0.441281	0.274998	0.132314	0.0257218	-0.04716	-0.0889414	-0.110274	-0.12558	-0.142211	-0.170727	-0.206551	-0.256194	-0.331073	-0.400835	-0.424913	-0.377073	-0.24438	-0.0251224	0.2779	0.64602	1.03966	1.40787	1.71065	1.92432	2.0327	2.0327	
-0.902033	-0.906486	-0.866229	-0.790121	-0.7024	-0.609102	-0.512726	-0.420396	-0.339134	-0.264015	-0.196336	-0.133855	-0.0748644	-0.00460653	0.0847447	0.196041	0.329289	0.464782	0.579473	0.664084	0.731716	0.758051	0.708585	0.594286	0.446357	0.294486	0.161049	0.057771	-0.0190281	-0.074575	-0.114033	-0.136177	-0.142443	-0.144618	-0.146269	-0.160526	-0.195211	-0.227409	-0.22313	-0.161344	-0.0404131	0.151765	0.424104	0.75284	1.10157	1.42246	1.67342	1.84072	1.92269	1.92269	
-0.88592	-0.918647	-0.916032	-0.877402	-0.820368	-0.758389	-0.69542	-0.630927	-0.558408	-0.474942	-0.392936	-0.317548	-0.249123	-0.169452	-0.0759277	0.0257022	0.139571	0.264173	0.38239	0.482009	0.566385	0.611517	0.594286	0.519651	0.406567	0.271408	0.136842	0.0286483	-0.0541027	-0.120675	-0.170572	-0.191868	-0.180818	-0.148206	-0.108083	-0.0796737	-0.0630697	-0.0389086	0.0149764	0.105779	0.225463	0.390363	0.613082	0.877582	1.16321	1.42574	1.61905	1.7348	1.78517	1.78517	
-0.79815	-0.853904	-0.889699	-0.896702	-0.882233	-0.856209	-0.824524	-0.785294	-0.728351	-0.656367	-0.575365	-0.489502	-0.405546	-0.314679	-0.228475	-0.148343	-0.0598929	0.0510117	0.174974	0.288745	0.384132	0.441281	0.446357	0.406567	0.329094	0.210855	0.0703617	-0.0598672	-0.166155	-0.243985	-0.290355	-0.297976	-0.264241	-0.193295	-0.103082	-0.0145566	0.0740202	0.16477	0.266496	0.383998	0.504038	0.644557	0.826447	1.03575	1.24995	1.43343	1.55366	1.61036	1.62589	1.62589	
-0.661017	-0.732926	-0.797181	-0.849049	-0.88452	-0.904599	-0.909049	-0.890928	-0.84836	-0.793028	-0.721163	-0.631324	-0.530965	-0.435429	-0.362795	-0.301157	-0.229612	-0.126569	-0.00772424	0.1064	0.208492	0.274998	0.294486	0.271408	0.210855	0.105722	-0.0395669	-0.196134	-0.32804	-0.413922	-0.452557	-0.445817	-0.392088	-0.283876	-0.135402	0.0281266	0.195414	0.351752	0.500213	0.644405	0.774723	0.908781	1.05683	1.20309	1.33702	1.4385	1.48428	1.48234	1.46658	1.46658	
-0.486298	-0.572128	-0.658529	-0.74644	-0.827397	-0.898069	-0.946963	-0.955944	-0.924492	-0.873612	-0.808881	-0.726265	-0.630867	-0.543122	-0.475885	-0.41715	-0.34552	-0.250012	-0.147114	-0.0416074	0.0584565	0.132314	0.161049	0.136842	0.0703617	-0.0395669	-0.191501	-0.357173	-0.496394	-0.588024	-0.629111	-0.620682	-0.55327	-0.405731	-0.196567	0.037351	0.276703	0.498247	0.695301	0.872123	1.0268	1.16277	1.27531	1.35551	1.40402	1.42149	1.40499	1.3635	1.32782	1.32782	
-0.266658	-0.36784	-0.479568	-0.601111	-0.719263	-0.828567	-0.915463	-0.95656	-0.942709	-0.897856	-0.838067	-0.775785	-0.710986	-0.643854	-0.575748	-0.500921	-0.420815	-0.334398	-0.24255	-0.143656	-0.0487847	0.0257218	0.057771	0.0286483	-0.0598672	-0.196134	-0.357173	-0.515907	-0.650173	-0.748391	-0.8008	-0.79584	-0.71091	-0.528961	-0.27687	0.0138547	0.318343	0.60153	0.848339	1.05969	1.2354	1.36793	1.44571	1.46635	1.43766	1.38045	1.31338	1.24808	1.20631	1.20631	
-0.00450077	-0.123641	-0.268287	-0.426358	-0.573981	-0.702888	-0.809424	-0.875141	-0.894087	-0.875364	-0.834163	-0.797417	-0.763021	-0.721993	-0.652408	-0.560828	-0.472565	-0.388739	-0.298711	-0.197337	-0.10959	-0.04716	-0.0190281	-0.0541027	-0.166155	-0.32804	-0.496394	-0.650173	-0.782388	-0.886384	-0.94214	-0.925858	-0.821846	-0.626992	-0.356073	-0.0285481	0.325993	0.670621	0.969242	1.20383	1.38417	1.50225	1.54004	1.50418	1.41525	1.30844	1.21019	1.12797	1.07873	1.07873	
0.272843	0.134684	-0.0413526	-0.227551	-0.389416	-0.523958	-0.636439	-0.722067	-0.780963	-0.807004	-0.808593	-0.797926	-0.782652	-0.756794	-0.693719	-0.603276	-0.507746	-0.419721	-0.3217	-0.214342	-0.1358	-0.0889414	-0.074575	-0.120675	-0.243985	-0.413922	-0.588024	-0.748391	-0.886384	-0.986943	-1.02329	-0.983344	-0.865692	-0.668836	-0.398021	-0.0608593	0.323709	0.715776	1.05301	1.30193	1.47267	1.5557	1.54488	1.46278	1.33131	1.18679	1.06552	0.979568	0.935268	0.935268	
0.527262	0.380582	0.191445	-0.0024588	-0.166645	-0.3015	-0.419678	-0.529027	-0.624824	-0.699536	-0.750493	-0.773308	-0.770552	-0.745779	-0.695055	-0.616626	-0.521749	-0.426411	-0.320297	-0.216437	-0.14506	-0.110274	-0.114033	-0.170572	-0.290355	-0.452557	-0.629111	-0.8008	-0.94214	-1.02329	-1.03232	-0.971426	-0.836771	-0.637775	-0.376075	-0.042021	0.347912	0.751528	1.09912	1.34413	1.48912	1.53107	1.4755	1.35007	1.18103	1.00814	0.870735	0.781672	0.739347	0.739347	
0.722565	0.58905	0.418164	0.23907	0.0742419	-0.0658072	-0.193584	-0.321833	-0.449646	-0.561179	-0.651795	-0.709511	-0.7221	-0.701032	-0.657905	-0.595276	-0.511398	-0.4164	-0.315461	-0.222827	-0.156377	-0.12558	-0.136177	-0.191868	-0.297976	-0.445817	-0.620682	-0.79584	-0.925858	-0.983344	-0.971426	-0.888034	-0.737459	-0.538914	-0.280458	0.0458213	0.416623	0.794901	1.11455	1.3293	1.43732	1.43839	1.34178	1.17455	0.971714	0.775791	0.62089	0.519791	0.470959	0.470959	
0.851193	0.74919	0.620782	0.47488	0.316439	0.162363	0.0228992	-0.118026	-0.267605	-0.405572	-0.524665	-0.60566	-0.64278	-0.635974	-0.603505	-0.556588	-0.489501	-0.41011	-0.322575	-0.242635	-0.178777	-0.142211	-0.142443	-0.180818	-0.264241	-0.392088	-0.55327	-0.71091	-0.821846	-0.865692	-0.836771	-0.737459	-0.583821	-0.384408	-0.124824	0.190556	0.530019	0.852269	1.11249	1.27959	1.33581	1.28183	1.1379	0.934974	0.712095	0.497701	0.317389	0.199926	0.148259	0.148259	
0.918893	0.860288	0.777085	0.671167	0.531981	0.373009	0.219658	0.063972	-0.0956048	-0.251446	-0.382163	-0.475516	-0.535274	-0.554834	-0.548632	-0.520638	-0.479273	-0.423227	-0.353628	-0.285911	-0.220427	-0.170727	-0.144618	-0.148206	-0.193295	-0.283876	-0.405731	-0.528961	-0.626992	-0.668836	-0.637775	-0.538914	-0.384408	-0.180488	0.0773388	0.372838	0.665396	0.917822	1.10658	1.20361	1.18439	1.06418	0.872664	0.63845	0.398899	0.17529	-0.0121856	-0.138405	-0.199951	-0.199951	
0.920669	0.918599	0.886579	0.817673	0.704099	0.562166	0.401622	0.230986	0.0611907	-0.0992399	-0.230472	-0.333204	-0.412947	-0.471912	-0.505406	-0.510371	-0.497904	-0.461991	-0.410712	-0.349791	-0.277465	-0.206551	-0.146269	-0.108083	-0.103082	-0.135402	-0.196567	-0.27687	-0.356073	-0.398021	-0.376075	-0.280458	-0.124824	0.0773388	0.314664	0.562264	0.79263	0.969646	1.06962	1.07897	0.982635	0.800786	0.567263	0.308059	0.0554652	-0.169727	-0.350655	-0.470304	-0.528646	-0.528646	
0.853057	0.90937	0.942131	0.916148	0.833278	0.716443	0.568573	0.397134	0.223004	0.0669162	-0.0651325	-0.179876	-0.286674	-0.38663	-0.46625	-0.515826	-0.532985	-0.517875	-0.486003	-0.434026	-0.353423	-0.256194	-0.160526	-0.0796737	-0.0145566	0.0281266	0.037351	0.0138547	-0.0285481	-0.0608593	-0.042021	0.0458213	0.190556	0.372838	0.562264	0.744116	0.897383	0.971504	0.96135	0.883665	0.728556	0.508771	0.252122	-0.0197544	-0.277211	-0.498702	-0.670729	-0.778148	-0.823387	-0.823387	
0.723187	0.822188	0.910745	0.944617	0.910846	0.827374	0.711759	0.568947	0.416601	0.269061	0.131829	-0.00530903	-0.144288	-0.280621	-0.405476	-0.504271	-0.562475	-0.580069	-0.577968	-0.542963	-0.456821	-0.331073	-0.195211	-0.0630697	0.0740202	0.195414	0.276703	0.318343	0.325993	0.323709	0.347912	0.416623	0.530019	0.665396	0.79263	0.897383	0.942673	0.899094	0.79291	0.641659	0.43984	0.199638	-0.0591694	-0.321679	-0.57076	-0.781898	-0.937744	-1.03713	-1.08417	-1.08417	
0.557924	0.688393	0.807088	0.897578	0.932936	0.906169	0.834187	0.741144	0.628421	0.493578	0.34198	0.173207	0.00293182	-0.163557	-0.32087	-0.463222	-0.56626	-0.625644	-0.654982	-0.63558	-0.548802	-0.400835	-0.227409	-0.0389086	0.16477	0.351752	0.498247	0.60153	0.670621	0.715776	0.751528	0.794901	0.852269	0.917822	0.969646	0.971504	0.899094	0.768516	0.599465	0.390228	0.151025	-0.103273	-0.358264	-0.59707	-0.816	-1.00394	-1.14374	-1.23416	-1.27839	-1.27839	
0.36945	0.52456	0.661668	0.787262	0.89102	0.936042	0.921796	0.882341	0.811272	0.695752	0.532036	0.341567	0.147745	-0.0385829	-0.215198	-0.386073	-0.526238	-0.625982	-0.675643	-0.66284	-0.579115	-0.424913	-0.22313	0.0149764	0.266496	0.500213	0.695301	0.848339	0.969242	1.05301	1.09912	1.11455	1.11249	1.10658	1.06962	0.96135	0.79291	0.599465	0.378001	0.126355	-0.126797	-0.372976	-0.609881	-0.82238	-1.01221	-1.17435	-1.28863	-1.35469	-1.38509	-1.38509	
0.161653	0.324083	0.477927	0.629209	0.779426	0.886664	0.940338	0.954037	0.926403	0.839868	0.688535	0.503229	0.30363	0.107627	-0.0818112	-0.265022	-0.429028	-0.556359	-0.613767	-0.598361	-0.521436	-0.377073	-0.161344	0.105779	0.383998	0.644405	0.872123	1.05969	1.20383	1.30193	1.34413	1.3293	1.27959	1.20361	1.07897	0.883665	0.641659	0.390228	0.126355	-0.138946	-0.381173	-0.606479	-0.810832	-0.988259	-1.14761	-1.27367	-1.35214	-1.39792	-1.42225	-1.42225	
-0.0333972	0.120034	0.277737	0.445242	0.612628	0.758542	0.868772	0.932125	0.948169	0.90135	0.792684	0.641816	0.462039	0.271624	0.0807506	-0.0957343	-0.260509	-0.392885	-0.447325	-0.430527	-0.366054	-0.24438	-0.0404131	0.225463	0.504038	0.774723	1.0268	1.2354	1.38417	1.47267	1.48912	1.43732	1.33581	1.18439	0.982635	0.728556	0.43984	0.151025	-0.126797	-0.381173	-0.606243	-0.807607	-0.975566	-1.11151	-1.21568	-1.28177	-1.3318	-1.37437	-1.39367	-1.39367	
-0.200386	-0.0631845	0.0828844	0.245196	0.406919	0.56883	0.714516	0.820258	0.876442	0.878659	0.831989	0.736699	0.601861	0.437925	0.265433	0.112948	-0.0302062	-0.14349	-0.190475	-0.178709	-0.12456	-0.0251224	0.151765	0.390363	0.644557	0.908781	1.16277	1.36793	1.50225	1.5557	1.53107	1.43839	1.28183	1.06418	0.800786	0.508771	0.199638	-0.103273	-0.372976	-0.606479	-0.807607	-0.968586	-1.0935	-1.18423	-1.22881	-1.24439	-1.26126	-1.27756	-1.28359	-1.28359	
-0.342239	-0.228935	-0.104319	0.0332801	0.175229	0.332681	0.492807	0.625934	0.713944	0.766995	0.78598	0.759737	0.691498	0.581712	0.459314	0.347142	0.247157	0.173084	0.134772	0.141959	0.189273	0.2779	0.424104	0.613082	0.826447	1.05683	1.27531	1.44571	1.54004	1.54488	1.4755	1.34178	1.1379	0.872664	0.567263	0.252122	-0.0591694	-0.358264	-0.609881	-0.810832	-0.975566	-1.0935	-1.17203	-1.21028	-1.20253	-1.17731	-1.14752	-1.12407	-1.12359	-1.12359	
-0.453685	-0.370275	-0.278997	-0.180358	-0.0655815	0.0718563	0.222298	0.357087	0.464248	0.55933	0.637768	0.688464	0.702819	0.681399	0.643317	0.595739	0.56105	0.538913	0.518643	0.523704	0.563898	0.64602	0.75284	0.877582	1.03575	1.20309	1.35551	1.46635	1.50418	1.46278	1.35007	1.17455	0.934974	0.63845	0.308059	-0.0197544	-0.321679	-0.59707	-0.82238	-0.988259	-1.11151	-1.18423	-1.21028	-1.19996	-1.14584	-1.06796	-1.00053	-0.964335	-0.959171	-0.959171	
-0.541179	-0.489186	-0.434089	-0.377525	-0.292964	-0.182225	-0.0591447	0.0580366	0.174591	0.298334	0.427418	0.549903	0.6503	0.73426	0.794287	0.833139	0.872262	0.908315	0.922398	0.931337	0.971138	1.03966	1.10157	1.16321	1.24995	1.33702	1.40402	1.43766	1.41525	1.33131	1.18103	0.971714	0.712095	0.398899	0.0554652	-0.277211	-0.57076	-0.816	-1.01221	-1.14761	-1.21568	-1.22881	-1.20253	-1.14584	-1.0567	-0.950173	-0.869856	-0.827328	-0.804195	-0.804195	
-0.605584	-0.588909	-0.564339	-0.53963	-0.489217	-0.410042	-0.319905	-0.220299	-0.0981265	0.0466255	0.215957	0.395365	0.574141	0.751664	0.90682	1.03653	1.14858	1.24341	1.30139	1.32792	1.36733	1.40787	1.42246	1.42574	1.43343	1.4385	1.42149	1.38045	1.30844	1.18679	1.00814	0.775791	0.497701	0.17529	-0.169727	-0.498702	-0.781898	-1.00394	-1.17435	-1.27367	-1.28177	-1.24439	-1.17731	-1.06796	-0.950173	-0.847736	-0.7662	-0.711481	-0.679824	-0.679824	
-0.636695	-0.658078	-0.667031	-0.664763	-0.646678	-0.60212	-0.540618	-0.447667	-0.317873	-0.1527	0.0444106	0.265643	0.505392	0.751006	0.988299	1.19753	1.37978	1.52635	1.62846	1.68461	1.71138	1.71065	1.67342	1.61905	1.55366	1.48428	1.40499	1.31338	1.21019	1.06552	0.870735	0.62089	0.317389	-0.0121856	-0.350655	-0.670729	-0.937744	-1.14374	-1.28863	-1.35214	-1.3318	-1.26126	-1.14752	-1.00053	-0.869856	-0.7662	-0.675612	-0.613727	-0.587916	-0.587916	
-0.645457	-0.701757	-0.742506	-0.758683	-0.762476	-0.748751	-0.702752	-0.606235	-0.463021	-0.279694	-0.064686	0.183743	0.460687	0.749861	1.04154	1.31302	1.54963	1.73599	1.87561	1.95977	1.97079	1.92432	1.84072	1.7348	1.61036	1.48234	1.3635	1.24808	1.12797	0.979568	0.781672	0.519791	0.199926	-0.138405	-0.470304	-0.778148	-1.03713	-1.23416	-1.35469	-1.39792	-1.37437	-1.27756	-1.12407	-0.964335	-0.827328	-0.711481	-0.613727	-0.542239	-0.506515	-0.506515	
-0.649487	-0.729493	-0.785599	-0.813761	-0.82872	-0.834617	-0.791912	-0.689227	-0.533141	-0.339356	-0.113436	0.148387	0.442197	0.753915	1.06892	1.37808	1.64111	1.8505	2.01154	2.10978	2.11281	2.0327	1.92269	1.78517	1.62589	1.46658	1.32782	1.20631	1.07873	0.935268	0.739347	0.470959	0.148259	-0.199951	-0.528646	-0.823387	-1.08417	-1.27839	-1.38509	-1.42225	-1.39367	-1.28359	-1.12359	-0.959171	-0.804195	-0.679824	-0.587916	-0.506515	-0.450487	-0.450487	
-0.649487	-0.729493	-0.785599	-0.813761	-0.82872	-0.834617	-0.791912	-0.689227	-0.533141	-0.339356	-0.113436	0.148387	0.442197	0.753915	1.06892	1.37808	1.64111	1.8505	2.01154	2.10978	2.11281	2.0327	1.92269	1.78517	1.62589	1.46658	1.32782	1.20631	1.07873	0.935268	0.739347	0.470959	0.148259	-0.199951	-0.528646	-0.823387	-1.08417	-1.27839	-1.38509	-1.42225	-1.39367	-1.28359	-1.12359	-0.959171	-0.804195	-0.679824	-0.587916	-0.506515	-0.450487	-0.450487	
