0.28016	0.86495	-0.199865	0.437709	0.253202	0.253202	
0.86495	-0.292309	-0.0670959	-0.00425749	0.917609	0.917609	
-0.199865	-0.0670959	1.38025	-0.649082	-0.225071	-0.225071	
0.437709	-0.00425749	-0.649082	0.927997	0.779894	0.779894	
0.253202	0.917609	-0.225071	0.779894	-0.885952	-0.885952	
0.253202	0.917609	-0.225071	0.779894	-0.885952	-0.885952	
