-0.942646	-0.942646	1.10374	-1.39598	-0.360029	-0.052259	
-0.942646	-0.942646	1.10374	-1.39598	-0.360029	-0.052259	
1.10374	1.10374	-0.189657	-0.638275	-0.189604	0.536728	
-1.39598	-1.39598	-0.638275	-0.0245647	-0.263869	0.352754	
-0.360029	-0.360029	-0.189604	-0.263869	-0.66321	-0.179444	
-0.052259	-0.052259	0.536728	0.352754	-0.179444	0.60942	
