-0.374137	-0.392546	-0.378913	-0.329501	-0.242365	-0.14765	-0.0645777	0.00142919	0.031278	0.0327374	0.0127008	-0.0404805	-0.116336	-0.185115	-0.223917	-0.24061	-0.251119	-0.256366	-0.244101	-0.217026	-0.19717	-0.176834	-0.138221	-0.0832799	-0.0202521	0.0438914	0.116947	0.205153	0.307746	0.412601	0.509477	0.600796	0.681807	0.74619	0.785805	0.798288	0.79498	0.777645	0.728942	0.665485	0.608933	0.540485	0.463547	0.389449	0.324186	0.270709	0.221141	0.186091	0.170325	0.170325	
-0.392546	-0.428606	-0.413671	-0.34857	-0.247112	-0.142301	-0.0429554	0.0425501	0.0934955	0.110416	0.092693	0.0455997	-0.0236479	-0.0804562	-0.107512	-0.121346	-0.129728	-0.136285	-0.127447	-0.103607	-0.0708028	-0.0266453	0.0313452	0.102576	0.178935	0.251598	0.324848	0.414742	0.512692	0.598649	0.666756	0.717382	0.754855	0.778409	0.782252	0.759517	0.718123	0.674007	0.621055	0.563047	0.503356	0.436054	0.373222	0.314241	0.258104	0.204247	0.154996	0.125523	0.11093	0.11093	
-0.378913	-0.413671	-0.380438	-0.298923	-0.191272	-0.0735136	0.0446685	0.141688	0.204427	0.221875	0.206173	0.173269	0.12202	0.0746339	0.044814	0.0267696	0.01283	0.00369996	0.0108533	0.0385744	0.0821688	0.135578	0.205863	0.286998	0.373571	0.457649	0.534815	0.61597	0.684843	0.736132	0.771714	0.78205	0.776166	0.755606	0.717262	0.666261	0.602318	0.532579	0.469547	0.417365	0.363737	0.304049	0.257724	0.220483	0.17555	0.128776	0.0900433	0.0644369	0.0516646	0.0516646	
-0.329501	-0.34857	-0.298923	-0.206656	-0.0871007	0.054154	0.187561	0.286445	0.346185	0.358196	0.341477	0.317872	0.277164	0.228886	0.196394	0.179493	0.168104	0.159276	0.163378	0.191927	0.241897	0.303931	0.378341	0.455716	0.537407	0.617999	0.694778	0.764197	0.800367	0.81557	0.814685	0.787647	0.745562	0.68594	0.607543	0.525353	0.448991	0.373347	0.301972	0.248769	0.203145	0.158126	0.129017	0.106252	0.0773595	0.0534617	0.0377211	0.0252188	0.0163562	0.0163562	
-0.242365	-0.247112	-0.191272	-0.0871007	0.0521951	0.210759	0.348471	0.446497	0.499974	0.499283	0.471347	0.440283	0.396828	0.350503	0.321962	0.308817	0.303524	0.304607	0.315496	0.346403	0.40173	0.466995	0.531947	0.594272	0.663845	0.728814	0.78482	0.829184	0.841761	0.830946	0.79737	0.735775	0.655971	0.568573	0.466825	0.361786	0.280141	0.207553	0.140414	0.0871085	0.0400225	0.0106144	-0.00281239	-0.0164323	-0.0214611	-0.014051	8.30235e-05	0.0113515	0.00918316	0.00918316	
-0.14765	-0.142301	-0.0735136	0.054154	0.210759	0.371153	0.50542	0.596686	0.630826	0.615179	0.576439	0.535424	0.49116	0.446443	0.409626	0.394993	0.402838	0.418123	0.438375	0.475935	0.533402	0.593959	0.646085	0.687662	0.737734	0.787924	0.821159	0.830334	0.814741	0.778162	0.714926	0.630279	0.527803	0.419967	0.310955	0.205964	0.11659	0.0388917	-0.0211333	-0.0666206	-0.103544	-0.119116	-0.115456	-0.108874	-0.0933947	-0.0611868	-0.0259636	-0.00177907	0.00672241	0.00672241	
-0.0645777	-0.0429554	0.0446685	0.187561	0.348471	0.50542	0.634835	0.712203	0.725193	0.693317	0.645009	0.599905	0.560741	0.516812	0.474666	0.460606	0.469223	0.486397	0.515324	0.56368	0.616247	0.662653	0.706391	0.741069	0.77292	0.797115	0.801842	0.77247	0.722701	0.662374	0.580215	0.484386	0.377324	0.262681	0.1517	0.0593192	-0.0232532	-0.104434	-0.163328	-0.195145	-0.21336	-0.218593	-0.199724	-0.168571	-0.133213	-0.0892714	-0.0485123	-0.0186523	-0.00371659	-0.00371659	
0.00142919	0.0425501	0.141688	0.286445	0.446497	0.596686	0.712203	0.771411	0.76466	0.727661	0.679812	0.636725	0.598135	0.555399	0.518969	0.501658	0.505721	0.526988	0.559412	0.602312	0.65038	0.695554	0.730114	0.75651	0.772956	0.763322	0.728011	0.664776	0.587208	0.500629	0.400339	0.301111	0.20541	0.103835	0.00515965	-0.0708782	-0.137251	-0.203583	-0.255216	-0.276605	-0.276926	-0.275336	-0.252111	-0.205513	-0.156869	-0.112062	-0.0727593	-0.0396256	-0.0224427	-0.0224427	
0.031278	0.0934955	0.204427	0.346185	0.499974	0.630826	0.725193	0.76466	0.760055	0.734209	0.690718	0.65067	0.609424	0.566554	0.533778	0.518889	0.521425	0.545416	0.580395	0.614958	0.655174	0.694545	0.720313	0.734598	0.725381	0.682394	0.617169	0.530865	0.43373	0.328582	0.214646	0.107519	0.021499	-0.0549237	-0.128462	-0.182693	-0.228168	-0.271284	-0.304665	-0.314323	-0.299057	-0.283718	-0.255583	-0.20539	-0.158978	-0.126592	-0.100973	-0.0791692	-0.0682834	-0.0682834	
0.0327374	0.110416	0.221875	0.358196	0.499283	0.615179	0.693317	0.727661	0.734209	0.710705	0.667823	0.629363	0.591718	0.554764	0.527118	0.513003	0.514683	0.54433	0.586265	0.621753	0.650087	0.667618	0.676867	0.672896	0.640229	0.573317	0.482737	0.380879	0.268406	0.155811	0.0494097	-0.0569865	-0.137625	-0.195714	-0.247958	-0.284274	-0.30773	-0.314064	-0.315782	-0.30929	-0.280246	-0.254529	-0.228546	-0.191425	-0.161802	-0.143839	-0.130242	-0.120085	-0.115765	-0.115765	
0.0127008	0.092693	0.206173	0.341477	0.471347	0.576439	0.645009	0.679812	0.690718	0.667823	0.626897	0.586755	0.547283	0.517259	0.499556	0.495052	0.507535	0.541274	0.579287	0.612269	0.626006	0.624219	0.616055	0.582099	0.521468	0.431788	0.325981	0.220833	0.108836	0.00173868	-0.093523	-0.184015	-0.253466	-0.297972	-0.332339	-0.357799	-0.359202	-0.334158	-0.306665	-0.280007	-0.24708	-0.215916	-0.194117	-0.181302	-0.170038	-0.161474	-0.155211	-0.149141	-0.148071	-0.148071	
-0.0404805	0.0455997	0.173269	0.317872	0.440283	0.535424	0.599905	0.636725	0.65067	0.629363	0.586755	0.543512	0.50528	0.477759	0.470183	0.481993	0.508272	0.53934	0.562352	0.580325	0.578203	0.561449	0.527952	0.463636	0.373663	0.266762	0.163673	0.0638598	-0.0362032	-0.127331	-0.203689	-0.273775	-0.331027	-0.35905	-0.378397	-0.388424	-0.370773	-0.333692	-0.288297	-0.250759	-0.218016	-0.182587	-0.1663	-0.166757	-0.168497	-0.170941	-0.172367	-0.175285	-0.177629	-0.177629	
-0.116336	-0.0236479	0.12202	0.277164	0.396828	0.49116	0.560741	0.598135	0.609424	0.591718	0.547283	0.50528	0.475872	0.456976	0.462952	0.484695	0.510226	0.535744	0.54941	0.545373	0.525387	0.484032	0.410024	0.321308	0.218651	0.106779	0.00812708	-0.0853332	-0.17113	-0.239113	-0.29238	-0.339751	-0.370976	-0.382951	-0.390816	-0.37965	-0.34995	-0.312599	-0.263232	-0.222768	-0.191003	-0.15889	-0.146907	-0.151408	-0.161466	-0.173131	-0.18543	-0.2003	-0.205402	-0.205402	
-0.185115	-0.0804562	0.0746339	0.228886	0.350503	0.446443	0.516812	0.555399	0.566554	0.554764	0.517259	0.477759	0.456976	0.451359	0.464984	0.491063	0.512349	0.525211	0.523358	0.49834	0.459797	0.391428	0.2867	0.180405	0.0740234	-0.0294577	-0.122621	-0.209341	-0.277107	-0.32471	-0.362745	-0.391094	-0.397102	-0.39056	-0.379489	-0.349867	-0.308818	-0.268669	-0.230292	-0.19463	-0.165595	-0.147721	-0.139606	-0.142021	-0.1561	-0.172955	-0.194257	-0.21719	-0.224744	-0.224744	
-0.223917	-0.107512	0.044814	0.196394	0.321962	0.409626	0.474666	0.518969	0.533778	0.527118	0.499556	0.470183	0.462952	0.464984	0.466718	0.4915	0.514462	0.504484	0.465598	0.416558	0.358059	0.274865	0.1694	0.0519733	-0.0590251	-0.142895	-0.215787	-0.291723	-0.348195	-0.382259	-0.405519	-0.415368	-0.407572	-0.387448	-0.349948	-0.302169	-0.261261	-0.222775	-0.194426	-0.174047	-0.155097	-0.14904	-0.148034	-0.147407	-0.156316	-0.173915	-0.195669	-0.214705	-0.224013	-0.224013	
-0.24061	-0.121346	0.0267696	0.179493	0.308817	0.394993	0.460606	0.501658	0.518889	0.513003	0.495052	0.481993	0.484695	0.491063	0.4915	0.499267	0.493578	0.45426	0.38801	0.319459	0.237636	0.140477	0.0354113	-0.0682556	-0.159317	-0.23088	-0.291898	-0.354212	-0.397625	-0.420921	-0.424242	-0.41071	-0.387026	-0.349854	-0.299601	-0.245969	-0.211401	-0.18822	-0.16804	-0.161493	-0.160098	-0.162488	-0.170872	-0.17284	-0.173547	-0.182028	-0.188131	-0.189539	-0.19143	-0.19143	
-0.251119	-0.129728	0.01283	0.168104	0.303524	0.402838	0.469223	0.505721	0.521425	0.514683	0.507535	0.508272	0.510226	0.512349	0.514462	0.493578	0.450834	0.391981	0.309922	0.213929	0.116999	0.0179091	-0.0885266	-0.175566	-0.243147	-0.306285	-0.363945	-0.403011	-0.427736	-0.439348	-0.419885	-0.383795	-0.340907	-0.29174	-0.240504	-0.196183	-0.173481	-0.162451	-0.152383	-0.15751	-0.169734	-0.176726	-0.192482	-0.199493	-0.193314	-0.190407	-0.177888	-0.161159	-0.153599	-0.153599	
-0.256366	-0.136285	0.00369996	0.159276	0.304607	0.418123	0.486397	0.526988	0.545416	0.54433	0.541274	0.53934	0.535744	0.525211	0.504484	0.45426	0.391981	0.319812	0.225069	0.110722	0.00406769	-0.091136	-0.18558	-0.264341	-0.325721	-0.37576	-0.41446	-0.428672	-0.43134	-0.419103	-0.384093	-0.33739	-0.28968	-0.245313	-0.198444	-0.17147	-0.158762	-0.149197	-0.148899	-0.156352	-0.171118	-0.181597	-0.19478	-0.203816	-0.19954	-0.187959	-0.169351	-0.152924	-0.138985	-0.138985	
-0.244101	-0.127447	0.0108533	0.163378	0.315496	0.438375	0.515324	0.559412	0.580395	0.586265	0.579287	0.562352	0.54941	0.523358	0.465598	0.38801	0.309922	0.225069	0.128331	0.0161037	-0.0946547	-0.188797	-0.265902	-0.332269	-0.391335	-0.424026	-0.435533	-0.431995	-0.410163	-0.372387	-0.327059	-0.282285	-0.243406	-0.208902	-0.178369	-0.16637	-0.159064	-0.149187	-0.151008	-0.161977	-0.173111	-0.179378	-0.186702	-0.191266	-0.186206	-0.174198	-0.162713	-0.155646	-0.147059	-0.147059	
-0.217026	-0.103607	0.0385744	0.191927	0.346403	0.475935	0.56368	0.602312	0.614958	0.621753	0.612269	0.580325	0.545373	0.49834	0.416558	0.319459	0.213929	0.110722	0.0161037	-0.0823804	-0.189827	-0.280817	-0.336256	-0.377107	-0.420889	-0.444629	-0.436788	-0.411632	-0.36723	-0.318454	-0.275449	-0.233928	-0.199515	-0.175797	-0.167508	-0.164542	-0.161016	-0.158117	-0.158272	-0.17105	-0.181175	-0.17856	-0.177355	-0.177635	-0.16838	-0.157474	-0.156163	-0.156782	-0.155942	-0.155942	
-0.19717	-0.0708028	0.0821688	0.241897	0.40173	0.533402	0.616247	0.65038	0.655174	0.650087	0.626006	0.578203	0.525387	0.459797	0.358059	0.237636	0.116999	0.00406769	-0.0946547	-0.189827	-0.282653	-0.350762	-0.385527	-0.408469	-0.431255	-0.433404	-0.411492	-0.377431	-0.326158	-0.274341	-0.23325	-0.194595	-0.1677	-0.152073	-0.148252	-0.155409	-0.161788	-0.168127	-0.176439	-0.185773	-0.18798	-0.177661	-0.1655	-0.159191	-0.152118	-0.145982	-0.150842	-0.158633	-0.160858	-0.160858	
-0.176834	-0.0266453	0.135578	0.303931	0.466995	0.593959	0.662653	0.695554	0.694545	0.667618	0.624219	0.561449	0.484032	0.391428	0.274865	0.140477	0.0179091	-0.091136	-0.188797	-0.280817	-0.350762	-0.394527	-0.416901	-0.429657	-0.428879	-0.405109	-0.371383	-0.324837	-0.279901	-0.23813	-0.199295	-0.167097	-0.151026	-0.145971	-0.137453	-0.14995	-0.168611	-0.179098	-0.190004	-0.190829	-0.183364	-0.166738	-0.149297	-0.142276	-0.140496	-0.14349	-0.151919	-0.160541	-0.164037	-0.164037	
-0.138221	0.0313452	0.205863	0.378341	0.531947	0.646085	0.706391	0.730114	0.720313	0.676867	0.616055	0.527952	0.410024	0.2867	0.1694	0.0354113	-0.0885266	-0.18558	-0.265902	-0.336256	-0.385527	-0.416901	-0.438485	-0.43609	-0.404461	-0.366508	-0.326777	-0.268701	-0.223407	-0.198141	-0.175685	-0.15611	-0.149862	-0.151987	-0.148692	-0.157553	-0.17348	-0.184841	-0.18791	-0.178168	-0.167007	-0.152746	-0.139228	-0.13571	-0.139117	-0.146772	-0.154166	-0.158966	-0.161399	-0.161399	
-0.0832799	0.102576	0.286998	0.455716	0.594272	0.687662	0.741069	0.75651	0.734598	0.672896	0.582099	0.463636	0.321308	0.180405	0.0519733	-0.0682556	-0.175566	-0.264341	-0.332269	-0.377107	-0.408469	-0.429657	-0.43609	-0.420128	-0.375869	-0.322041	-0.270637	-0.221536	-0.184656	-0.165387	-0.152038	-0.143597	-0.152054	-0.166166	-0.172336	-0.172771	-0.17777	-0.18174	-0.170871	-0.157234	-0.149526	-0.14427	-0.142582	-0.141159	-0.140168	-0.148128	-0.153182	-0.150731	-0.156968	-0.156968	
-0.0202521	0.178935	0.373571	0.537407	0.663845	0.737734	0.77292	0.772956	0.725381	0.640229	0.521468	0.373663	0.218651	0.0740234	-0.0590251	-0.159317	-0.243147	-0.325721	-0.391335	-0.420889	-0.431255	-0.428879	-0.404461	-0.375869	-0.330336	-0.270614	-0.218276	-0.186256	-0.163365	-0.146959	-0.143717	-0.141985	-0.15605	-0.179839	-0.187944	-0.183968	-0.178191	-0.167367	-0.15197	-0.136375	-0.131613	-0.144562	-0.151639	-0.151085	-0.15193	-0.150367	-0.147247	-0.142176	-0.142995	-0.142995	
0.0438914	0.251598	0.457649	0.617999	0.728814	0.787924	0.797115	0.763322	0.682394	0.573317	0.431788	0.266762	0.106779	-0.0294577	-0.142895	-0.23088	-0.306285	-0.37576	-0.424026	-0.444629	-0.433404	-0.405109	-0.366508	-0.322041	-0.270614	-0.219279	-0.185627	-0.170151	-0.156952	-0.146042	-0.149089	-0.153918	-0.160848	-0.176798	-0.185483	-0.18043	-0.167687	-0.152413	-0.144047	-0.132036	-0.127956	-0.146785	-0.15266	-0.152751	-0.159358	-0.151885	-0.142531	-0.136815	-0.13107	-0.13107	
0.116947	0.324848	0.534815	0.694778	0.78482	0.821159	0.801842	0.728011	0.617169	0.482737	0.325981	0.163673	0.00812708	-0.122621	-0.215787	-0.291898	-0.363945	-0.41446	-0.435533	-0.436788	-0.411492	-0.371383	-0.326777	-0.270637	-0.218276	-0.185627	-0.164591	-0.15321	-0.152233	-0.154794	-0.16022	-0.168207	-0.169786	-0.170319	-0.175464	-0.16579	-0.150652	-0.146453	-0.141753	-0.135992	-0.138114	-0.143566	-0.143529	-0.148902	-0.156558	-0.151356	-0.142018	-0.134142	-0.127896	-0.127896	
0.205153	0.414742	0.61597	0.764197	0.829184	0.830334	0.77247	0.664776	0.530865	0.380879	0.220833	0.0638598	-0.0853332	-0.209341	-0.291723	-0.354212	-0.403011	-0.428672	-0.431995	-0.411632	-0.377431	-0.324837	-0.268701	-0.221536	-0.186256	-0.170151	-0.15321	-0.142146	-0.145114	-0.157165	-0.171386	-0.182638	-0.185534	-0.171394	-0.159703	-0.147521	-0.134343	-0.137345	-0.141216	-0.145437	-0.151893	-0.145375	-0.136081	-0.137877	-0.142167	-0.140623	-0.138062	-0.138404	-0.13903	-0.13903	
0.307746	0.512692	0.684843	0.800367	0.841761	0.814741	0.722701	0.587208	0.43373	0.268406	0.108836	-0.0362032	-0.17113	-0.277107	-0.348195	-0.397625	-0.427736	-0.43134	-0.410163	-0.36723	-0.326158	-0.279901	-0.223407	-0.184656	-0.163365	-0.156952	-0.152233	-0.145114	-0.15104	-0.164591	-0.175205	-0.18433	-0.182269	-0.162313	-0.146332	-0.141574	-0.13504	-0.131818	-0.137876	-0.14719	-0.153439	-0.148377	-0.139044	-0.134715	-0.130094	-0.128681	-0.132137	-0.138917	-0.148676	-0.148676	
0.412601	0.598649	0.736132	0.81557	0.830946	0.778162	0.662374	0.500629	0.328582	0.155811	0.00173868	-0.127331	-0.239113	-0.32471	-0.382259	-0.420921	-0.439348	-0.419103	-0.372387	-0.318454	-0.274341	-0.23813	-0.198141	-0.165387	-0.146959	-0.146042	-0.154794	-0.157165	-0.164591	-0.174094	-0.175072	-0.176725	-0.162944	-0.143602	-0.138074	-0.139031	-0.140986	-0.136833	-0.139589	-0.14608	-0.144418	-0.146362	-0.144688	-0.133918	-0.127191	-0.125354	-0.128274	-0.138022	-0.145228	-0.145228	
0.509477	0.666756	0.771714	0.814685	0.79737	0.714926	0.580215	0.400339	0.214646	0.0494097	-0.093523	-0.203689	-0.29238	-0.362745	-0.405519	-0.424242	-0.419885	-0.384093	-0.327059	-0.275449	-0.23325	-0.199295	-0.175685	-0.152038	-0.143717	-0.149089	-0.16022	-0.171386	-0.175205	-0.175072	-0.169948	-0.165319	-0.146963	-0.133095	-0.136785	-0.136595	-0.139322	-0.141459	-0.14493	-0.146311	-0.136892	-0.138505	-0.142622	-0.131221	-0.125425	-0.130551	-0.133459	-0.135244	-0.13594	-0.13594	
0.600796	0.717382	0.78205	0.787647	0.735775	0.630279	0.484386	0.301111	0.107519	-0.0569865	-0.184015	-0.273775	-0.339751	-0.391094	-0.415368	-0.41071	-0.383795	-0.33739	-0.282285	-0.233928	-0.194595	-0.167097	-0.15611	-0.143597	-0.141985	-0.153918	-0.168207	-0.182638	-0.18433	-0.176725	-0.165319	-0.15144	-0.13351	-0.129479	-0.13995	-0.139418	-0.137854	-0.144385	-0.147736	-0.139617	-0.126614	-0.12634	-0.134314	-0.133779	-0.134158	-0.142752	-0.141685	-0.12901	-0.11968	-0.11968	
0.681807	0.754855	0.776166	0.745562	0.655971	0.527803	0.377324	0.20541	0.021499	-0.137625	-0.253466	-0.331027	-0.370976	-0.397102	-0.407572	-0.387026	-0.340907	-0.28968	-0.243406	-0.199515	-0.1677	-0.151026	-0.149862	-0.152054	-0.15605	-0.160848	-0.169786	-0.185534	-0.182269	-0.162944	-0.146963	-0.13351	-0.126589	-0.135804	-0.146645	-0.143049	-0.141552	-0.148898	-0.148315	-0.136458	-0.123344	-0.120089	-0.124858	-0.128668	-0.135701	-0.140861	-0.138319	-0.131785	-0.121466	-0.121466	
0.74619	0.778409	0.755606	0.68594	0.568573	0.419967	0.262681	0.103835	-0.0549237	-0.195714	-0.297972	-0.35905	-0.382951	-0.39056	-0.387448	-0.349854	-0.29174	-0.245313	-0.208902	-0.175797	-0.152073	-0.145971	-0.151987	-0.166166	-0.179839	-0.176798	-0.170319	-0.171394	-0.162313	-0.143602	-0.133095	-0.129479	-0.135804	-0.144869	-0.145097	-0.143194	-0.142567	-0.143971	-0.136437	-0.129572	-0.13073	-0.125446	-0.126364	-0.133054	-0.133528	-0.129819	-0.126706	-0.129423	-0.131053	-0.131053	
0.785805	0.782252	0.717262	0.607543	0.466825	0.310955	0.1517	0.00515965	-0.128462	-0.247958	-0.332339	-0.378397	-0.390816	-0.379489	-0.349948	-0.299601	-0.240504	-0.198444	-0.178369	-0.167508	-0.148252	-0.137453	-0.148692	-0.172336	-0.187944	-0.185483	-0.175464	-0.159703	-0.146332	-0.138074	-0.136785	-0.13995	-0.146645	-0.145097	-0.137118	-0.141038	-0.137323	-0.126871	-0.119057	-0.123312	-0.138664	-0.136323	-0.135168	-0.141827	-0.134537	-0.123564	-0.118579	-0.122652	-0.131177	-0.131177	
0.798288	0.759517	0.666261	0.525353	0.361786	0.205964	0.0593192	-0.0708782	-0.182693	-0.284274	-0.357799	-0.388424	-0.37965	-0.349867	-0.302169	-0.245969	-0.196183	-0.17147	-0.16637	-0.164542	-0.155409	-0.14995	-0.157553	-0.172771	-0.183968	-0.18043	-0.16579	-0.147521	-0.141574	-0.139031	-0.136595	-0.139418	-0.143049	-0.143194	-0.141038	-0.144393	-0.13634	-0.121521	-0.118191	-0.126523	-0.138681	-0.137196	-0.131702	-0.129815	-0.123772	-0.120749	-0.122588	-0.127728	-0.134564	-0.134564	
0.79498	0.718123	0.602318	0.448991	0.280141	0.11659	-0.0232532	-0.137251	-0.228168	-0.30773	-0.359202	-0.370773	-0.34995	-0.308818	-0.261261	-0.211401	-0.173481	-0.158762	-0.159064	-0.161016	-0.161788	-0.168611	-0.17348	-0.17777	-0.178191	-0.167687	-0.150652	-0.134343	-0.13504	-0.140986	-0.139322	-0.137854	-0.141552	-0.142567	-0.137323	-0.13634	-0.134787	-0.130978	-0.130206	-0.131543	-0.13361	-0.131579	-0.12449	-0.116653	-0.116042	-0.123584	-0.130659	-0.132568	-0.130734	-0.130734	
0.777645	0.674007	0.532579	0.373347	0.207553	0.0388917	-0.104434	-0.203583	-0.271284	-0.314064	-0.334158	-0.333692	-0.312599	-0.268669	-0.222775	-0.18822	-0.162451	-0.149197	-0.149187	-0.158117	-0.168127	-0.179098	-0.184841	-0.18174	-0.167367	-0.152413	-0.146453	-0.137345	-0.131818	-0.136833	-0.141459	-0.144385	-0.148898	-0.143971	-0.126871	-0.121521	-0.130978	-0.132814	-0.130178	-0.129931	-0.128285	-0.128093	-0.126937	-0.125836	-0.126398	-0.128865	-0.131463	-0.125083	-0.115875	-0.115875	
0.728942	0.621055	0.469547	0.301972	0.140414	-0.0211333	-0.163328	-0.255216	-0.304665	-0.315782	-0.306665	-0.288297	-0.263232	-0.230292	-0.194426	-0.16804	-0.152383	-0.148899	-0.151008	-0.158272	-0.176439	-0.190004	-0.18791	-0.170871	-0.15197	-0.144047	-0.141753	-0.141216	-0.137876	-0.139589	-0.14493	-0.147736	-0.148315	-0.136437	-0.119057	-0.118191	-0.130206	-0.130178	-0.130907	-0.135472	-0.125932	-0.119518	-0.124038	-0.132474	-0.132513	-0.1272	-0.127648	-0.121917	-0.114937	-0.114937	
0.665485	0.563047	0.417365	0.248769	0.0871085	-0.0666206	-0.195145	-0.276605	-0.314323	-0.30929	-0.280007	-0.250759	-0.222768	-0.19463	-0.174047	-0.161493	-0.15751	-0.156352	-0.161977	-0.17105	-0.185773	-0.190829	-0.178168	-0.157234	-0.136375	-0.132036	-0.135992	-0.145437	-0.14719	-0.14608	-0.146311	-0.139617	-0.136458	-0.129572	-0.123312	-0.126523	-0.131543	-0.129931	-0.135472	-0.140627	-0.12379	-0.113516	-0.118313	-0.124756	-0.126489	-0.121455	-0.123655	-0.127675	-0.126093	-0.126093	
0.608933	0.503356	0.363737	0.203145	0.0400225	-0.103544	-0.21336	-0.276926	-0.299057	-0.280246	-0.24708	-0.218016	-0.191003	-0.165595	-0.155097	-0.160098	-0.169734	-0.171118	-0.173111	-0.181175	-0.18798	-0.183364	-0.167007	-0.149526	-0.131613	-0.127956	-0.138114	-0.151893	-0.153439	-0.144418	-0.136892	-0.126614	-0.123344	-0.13073	-0.138664	-0.138681	-0.13361	-0.128285	-0.125932	-0.12379	-0.120878	-0.124102	-0.125382	-0.125177	-0.124534	-0.120396	-0.120391	-0.123609	-0.127808	-0.127808	
0.540485	0.436054	0.304049	0.158126	0.0106144	-0.119116	-0.218593	-0.275336	-0.283718	-0.254529	-0.215916	-0.182587	-0.15889	-0.147721	-0.14904	-0.162488	-0.176726	-0.181597	-0.179378	-0.17856	-0.177661	-0.166738	-0.152746	-0.14427	-0.144562	-0.146785	-0.143566	-0.145375	-0.148377	-0.146362	-0.138505	-0.12634	-0.120089	-0.125446	-0.136323	-0.137196	-0.131579	-0.128093	-0.119518	-0.113516	-0.124102	-0.136019	-0.132361	-0.125065	-0.123477	-0.12229	-0.117413	-0.117052	-0.126147	-0.126147	
0.463547	0.373222	0.257724	0.129017	-0.00281239	-0.115456	-0.199724	-0.252111	-0.255583	-0.228546	-0.194117	-0.1663	-0.146907	-0.139606	-0.148034	-0.170872	-0.192482	-0.19478	-0.186702	-0.177355	-0.1655	-0.149297	-0.139228	-0.142582	-0.151639	-0.15266	-0.143529	-0.136081	-0.139044	-0.144688	-0.142622	-0.134314	-0.124858	-0.126364	-0.135168	-0.131702	-0.12449	-0.126937	-0.124038	-0.118313	-0.125382	-0.132361	-0.126604	-0.118434	-0.12201	-0.125062	-0.11949	-0.120318	-0.124134	-0.124134	
0.389449	0.314241	0.220483	0.106252	-0.0164323	-0.108874	-0.168571	-0.205513	-0.20539	-0.191425	-0.181302	-0.166757	-0.151408	-0.142021	-0.147407	-0.17284	-0.199493	-0.203816	-0.191266	-0.177635	-0.159191	-0.142276	-0.13571	-0.141159	-0.151085	-0.152751	-0.148902	-0.137877	-0.134715	-0.133918	-0.131221	-0.133779	-0.128668	-0.133054	-0.141827	-0.129815	-0.116653	-0.125836	-0.132474	-0.124756	-0.125177	-0.125065	-0.118434	-0.114273	-0.118052	-0.125829	-0.127238	-0.124883	-0.119524	-0.119524	
0.324186	0.258104	0.17555	0.0773595	-0.0214611	-0.0933947	-0.133213	-0.156869	-0.158978	-0.161802	-0.170038	-0.168497	-0.161466	-0.1561	-0.156316	-0.173547	-0.193314	-0.19954	-0.186206	-0.16838	-0.152118	-0.140496	-0.139117	-0.140168	-0.15193	-0.159358	-0.156558	-0.142167	-0.130094	-0.127191	-0.125425	-0.134158	-0.135701	-0.133528	-0.134537	-0.123772	-0.116042	-0.126398	-0.132513	-0.126489	-0.124534	-0.123477	-0.12201	-0.118052	-0.11797	-0.126523	-0.127836	-0.121868	-0.115156	-0.115156	
0.270709	0.204247	0.128776	0.0534617	-0.014051	-0.0611868	-0.0892714	-0.112062	-0.126592	-0.143839	-0.161474	-0.170941	-0.173131	-0.172955	-0.173915	-0.182028	-0.190407	-0.187959	-0.174198	-0.157474	-0.145982	-0.14349	-0.146772	-0.148128	-0.150367	-0.151885	-0.151356	-0.140623	-0.128681	-0.125354	-0.130551	-0.142752	-0.140861	-0.129819	-0.123564	-0.120749	-0.123584	-0.128865	-0.1272	-0.121455	-0.120396	-0.12229	-0.125062	-0.125829	-0.126523	-0.123439	-0.116821	-0.118155	-0.120319	-0.120319	
0.221141	0.154996	0.0900433	0.0377211	8.30235e-05	-0.0259636	-0.0485123	-0.0727593	-0.100973	-0.130242	-0.155211	-0.172367	-0.18543	-0.194257	-0.195669	-0.188131	-0.177888	-0.169351	-0.162713	-0.156163	-0.150842	-0.151919	-0.154166	-0.153182	-0.147247	-0.142531	-0.142018	-0.138062	-0.132137	-0.128274	-0.133459	-0.141685	-0.138319	-0.126706	-0.118579	-0.122588	-0.130659	-0.131463	-0.127648	-0.123655	-0.120391	-0.117413	-0.11949	-0.127238	-0.127836	-0.116821	-0.109988	-0.11887	-0.131831	-0.131831	
0.186091	0.125523	0.0644369	0.0252188	0.0113515	-0.00177907	-0.0186523	-0.0396256	-0.0791692	-0.120085	-0.149141	-0.175285	-0.2003	-0.21719	-0.214705	-0.189539	-0.161159	-0.152924	-0.155646	-0.156782	-0.158633	-0.160541	-0.158966	-0.150731	-0.142176	-0.136815	-0.134142	-0.138404	-0.138917	-0.138022	-0.135244	-0.12901	-0.131785	-0.129423	-0.122652	-0.127728	-0.132568	-0.125083	-0.121917	-0.127675	-0.123609	-0.117052	-0.120318	-0.124883	-0.121868	-0.118155	-0.11887	-0.120266	-0.125081	-0.125081	
0.170325	0.11093	0.0516646	0.0163562	0.00918316	0.00672241	-0.00371659	-0.0224427	-0.0682834	-0.115765	-0.148071	-0.177629	-0.205402	-0.224744	-0.224013	-0.19143	-0.153599	-0.138985	-0.147059	-0.155942	-0.160858	-0.164037	-0.161399	-0.156968	-0.142995	-0.13107	-0.127896	-0.13903	-0.148676	-0.145228	-0.13594	-0.11968	-0.121466	-0.131053	-0.131177	-0.134564	-0.130734	-0.115875	-0.114937	-0.126093	-0.127808	-0.126147	-0.124134	-0.119524	-0.115156	-0.120319	-0.131831	-0.125081	-0.109707	-0.109707	
0.170325	0.11093	0.0516646	0.0163562	0.00918316	0.00672241	-0.00371659	-0.0224427	-0.0682834	-0.115765	-0.148071	-0.177629	-0.205402	-0.224744	-0.224013	-0.19143	-0.153599	-0.138985	-0.147059	-0.155942	-0.160858	-0.164037	-0.161399	-0.156968	-0.142995	-0.13107	-0.127896	-0.13903	-0.148676	-0.145228	-0.13594	-0.11968	-0.121466	-0.131053	-0.131177	-0.134564	-0.130734	-0.115875	-0.114937	-0.126093	-0.127808	-0.126147	-0.124134	-0.119524	-0.115156	-0.120319	-0.131831	-0.125081	-0.109707	-0.109707	
