-0.648883	-0.596287	-0.48988	-0.357611	-0.21968	-0.083407	0.0339875	0.0951425	0.0902885	0.0299433	-0.0821519	-0.220185	-0.354776	-0.477078	-0.573517	-0.628364	-0.650746	-0.650028	-0.620673	-0.561427	-0.473497	-0.354143	-0.214067	-0.0815928	0.0276382	0.130223	0.245857	0.362013	0.472471	0.573966	0.650453	0.717192	0.767065	0.77224	0.735076	0.663725	0.571403	0.468085	0.380356	0.321954	0.261838	0.207525	0.186985	0.196503	0.232759	0.286678	0.333555	0.360231	0.371427	0.371427	
-0.596287	-0.566241	-0.482969	-0.371566	-0.249968	-0.122575	-0.00156348	0.0731415	0.0880861	0.0413521	-0.064219	-0.202475	-0.346182	-0.485494	-0.593278	-0.663785	-0.710325	-0.734119	-0.727975	-0.690496	-0.619339	-0.505791	-0.36216	-0.212293	-0.0864199	0.0233773	0.143963	0.266388	0.379257	0.470571	0.533088	0.57498	0.597272	0.591557	0.554127	0.497953	0.426736	0.346061	0.29038	0.263465	0.242021	0.226744	0.236807	0.289105	0.367368	0.449326	0.526688	0.57792	0.595897	0.595897	
-0.48988	-0.482969	-0.433585	-0.344759	-0.235868	-0.111935	0.00754444	0.0950926	0.131402	0.0940442	-0.0128314	-0.151473	-0.296367	-0.440157	-0.557299	-0.65111	-0.723386	-0.769357	-0.784045	-0.772404	-0.717286	-0.60985	-0.469087	-0.307682	-0.164275	-0.0458793	0.0678855	0.178712	0.277314	0.354625	0.399905	0.405575	0.392675	0.371219	0.33852	0.29876	0.248406	0.20507	0.188249	0.190823	0.205681	0.228635	0.273716	0.359471	0.465738	0.571231	0.667709	0.739139	0.777268	0.777268	
-0.357611	-0.371566	-0.344759	-0.276348	-0.182949	-0.0671606	0.0517682	0.152123	0.1983	0.168037	0.0696751	-0.0573299	-0.199445	-0.346426	-0.477429	-0.593054	-0.686136	-0.748946	-0.78523	-0.800317	-0.759184	-0.661925	-0.526323	-0.364145	-0.210335	-0.0810096	0.0279278	0.126097	0.200065	0.248209	0.265825	0.239654	0.193312	0.148661	0.118081	0.0958705	0.0694978	0.054118	0.0644966	0.09759	0.146653	0.211815	0.297165	0.405252	0.523452	0.631333	0.728857	0.81501	0.867517	0.867517	
-0.21968	-0.249968	-0.235868	-0.182949	-0.100981	0.0106155	0.129041	0.220301	0.262968	0.250742	0.18133	0.0713766	-0.0672175	-0.214859	-0.358123	-0.492541	-0.602442	-0.679238	-0.733743	-0.76488	-0.741488	-0.661231	-0.536905	-0.382439	-0.220874	-0.0840361	0.0232614	0.109787	0.159095	0.170128	0.141583	0.0863986	0.0277772	-0.0268984	-0.0637421	-0.0800946	-0.0877885	-0.0905423	-0.0649238	-0.00556612	0.0699963	0.171204	0.291621	0.413399	0.527951	0.619279	0.69953	0.782654	0.839981	0.839981	
-0.083407	-0.122575	-0.111935	-0.0671606	0.0106155	0.121372	0.228598	0.302132	0.344085	0.352371	0.30506	0.20757	0.0811347	-0.0590961	-0.211572	-0.363115	-0.488829	-0.579262	-0.639977	-0.674687	-0.667132	-0.608225	-0.499953	-0.351468	-0.187713	-0.0456304	0.055348	0.115832	0.138554	0.116915	0.0483969	-0.0327	-0.0970706	-0.14657	-0.186983	-0.205636	-0.204334	-0.202815	-0.174147	-0.100477	-0.00183941	0.113564	0.23783	0.35911	0.457328	0.525916	0.584827	0.646114	0.694633	0.694633	
0.0339875	-0.00156348	0.00754444	0.0517682	0.129041	0.228598	0.325341	0.40141	0.453934	0.470645	0.433072	0.351288	0.242207	0.110196	-0.0426224	-0.199415	-0.337546	-0.444281	-0.513186	-0.550584	-0.555775	-0.514894	-0.417297	-0.275686	-0.119582	0.0171987	0.106729	0.144271	0.13901	0.0927487	0.0085253	-0.0891557	-0.170378	-0.226783	-0.266069	-0.283176	-0.280986	-0.271645	-0.239754	-0.167959	-0.064822	0.0409669	0.142775	0.24156	0.311217	0.357278	0.393206	0.4211	0.449237	0.449237	
0.0951425	0.0731415	0.0950926	0.152123	0.220301	0.302132	0.40141	0.498039	0.563682	0.588202	0.567291	0.506327	0.407143	0.281993	0.142134	-0.00296293	-0.143831	-0.266871	-0.352188	-0.403331	-0.416548	-0.382193	-0.292748	-0.163485	-0.02934	0.084202	0.159544	0.189084	0.168626	0.103644	0.0115758	-0.0901472	-0.188447	-0.268863	-0.311575	-0.316218	-0.312644	-0.306806	-0.276357	-0.215554	-0.130649	-0.0466411	0.0201213	0.0780546	0.119673	0.141862	0.145381	0.134849	0.13083	0.13083	
0.0902885	0.0880861	0.131402	0.1983	0.262968	0.344085	0.453934	0.563682	0.641703	0.682266	0.684579	0.644885	0.558586	0.448091	0.328315	0.200025	0.0638891	-0.0605327	-0.158683	-0.223253	-0.239075	-0.208137	-0.130662	-0.0249514	0.0818617	0.165372	0.217991	0.240164	0.210614	0.13297	0.0351111	-0.0662638	-0.167856	-0.260849	-0.316136	-0.322556	-0.316059	-0.315187	-0.297729	-0.260994	-0.211139	-0.158138	-0.122778	-0.102762	-0.0929272	-0.0988926	-0.125237	-0.169764	-0.20662	-0.20662	
0.0299433	0.0413521	0.0940442	0.168037	0.250742	0.352371	0.470645	0.588202	0.682266	0.738945	0.759197	0.743156	0.684293	0.603705	0.507821	0.389894	0.262397	0.149395	0.0572357	-0.00663977	-0.0268189	-0.00643925	0.0465529	0.124517	0.209445	0.265242	0.289328	0.289724	0.247933	0.168534	0.0749818	-0.0236363	-0.125922	-0.220841	-0.29272	-0.325072	-0.328566	-0.326008	-0.313731	-0.298994	-0.289518	-0.281258	-0.28303	-0.296548	-0.315005	-0.340655	-0.387698	-0.451369	-0.49503	-0.49503	
-0.0821519	-0.064219	-0.0128314	0.0696751	0.18133	0.30506	0.433072	0.567291	0.684579	0.759197	0.797156	0.804459	0.781972	0.743892	0.675376	0.571359	0.456064	0.359047	0.280283	0.221677	0.195249	0.196016	0.221274	0.270539	0.332287	0.366925	0.360008	0.331092	0.282311	0.210566	0.126013	0.027614	-0.0846193	-0.187026	-0.271199	-0.33235	-0.356017	-0.348172	-0.335986	-0.342228	-0.364551	-0.398907	-0.440336	-0.482382	-0.526304	-0.566209	-0.613877	-0.671125	-0.704904	-0.704904	
-0.220185	-0.202475	-0.151473	-0.0573299	0.0713766	0.20757	0.351288	0.506327	0.644885	0.743156	0.804459	0.836389	0.85023	0.84861	0.809804	0.736777	0.654323	0.576216	0.503411	0.448406	0.41424	0.400441	0.40357	0.414278	0.433809	0.437009	0.402777	0.348787	0.293652	0.231303	0.153989	0.0556294	-0.0612307	-0.170469	-0.261727	-0.334517	-0.375501	-0.380984	-0.379096	-0.401824	-0.448345	-0.509286	-0.572691	-0.630816	-0.687496	-0.738063	-0.785673	-0.82519	-0.839901	-0.839901	
-0.354776	-0.346182	-0.296367	-0.199445	-0.0672175	0.0811347	0.242207	0.407143	0.558586	0.684293	0.781972	0.85023	0.894689	0.91991	0.917666	0.899859	0.864368	0.805172	0.738579	0.683759	0.637199	0.601187	0.57764	0.545803	0.503039	0.454973	0.39624	0.329918	0.267836	0.203089	0.125222	0.0331079	-0.0709709	-0.175884	-0.269996	-0.344374	-0.394447	-0.417723	-0.433467	-0.468509	-0.520548	-0.587102	-0.664385	-0.735454	-0.795114	-0.846777	-0.887551	-0.908067	-0.910399	-0.910399	
-0.477078	-0.485494	-0.440157	-0.346426	-0.214859	-0.0590961	0.110196	0.281993	0.448091	0.603705	0.743892	0.84861	0.91991	0.977403	1.0306	1.07041	1.07244	1.03836	0.988277	0.937273	0.869211	0.792234	0.725024	0.648891	0.551284	0.440809	0.339635	0.259618	0.190511	0.114481	0.0318787	-0.0519044	-0.13866	-0.223987	-0.303734	-0.370778	-0.420151	-0.455468	-0.485801	-0.518444	-0.560608	-0.622667	-0.702614	-0.787524	-0.858911	-0.904455	-0.924665	-0.922314	-0.911555	-0.911555	
-0.573517	-0.593278	-0.557299	-0.477429	-0.358123	-0.211572	-0.0426224	0.142134	0.328315	0.507821	0.675376	0.809804	0.917666	1.0306	1.14469	1.22946	1.27314	1.28208	1.25908	1.20514	1.11257	0.991882	0.858323	0.720639	0.574497	0.410394	0.252271	0.131586	0.0441645	-0.0372317	-0.115377	-0.188209	-0.26068	-0.323521	-0.371627	-0.410686	-0.446954	-0.483442	-0.523099	-0.55845	-0.586587	-0.628409	-0.699658	-0.788025	-0.858401	-0.891957	-0.896669	-0.883358	-0.869312	-0.869312	
-0.628364	-0.663785	-0.65111	-0.593054	-0.492541	-0.363115	-0.199415	-0.00296293	0.200025	0.389894	0.571359	0.736777	0.899859	1.07041	1.22946	1.36165	1.4658	1.53073	1.52997	1.46711	1.35265	1.19215	0.99105	0.773569	0.564886	0.359598	0.15425	-0.0243626	-0.151775	-0.239913	-0.302257	-0.35373	-0.407272	-0.444855	-0.456633	-0.46619	-0.485132	-0.510819	-0.550918	-0.589734	-0.610595	-0.630261	-0.671239	-0.737568	-0.795435	-0.815375	-0.808998	-0.799248	-0.797674	-0.797674	
-0.650746	-0.710325	-0.723386	-0.686136	-0.602442	-0.488829	-0.337546	-0.143831	0.0638891	0.262397	0.456064	0.654323	0.864368	1.07244	1.27314	1.4658	1.63453	1.73995	1.76153	1.70434	1.56387	1.35582	1.09831	0.815069	0.537544	0.283592	0.0459048	-0.174173	-0.342946	-0.444891	-0.49568	-0.526619	-0.551257	-0.555845	-0.541684	-0.532805	-0.537024	-0.549797	-0.577625	-0.609063	-0.62425	-0.625915	-0.63779	-0.671404	-0.697686	-0.699265	-0.68766	-0.678885	-0.68257	-0.68257	
-0.650028	-0.734119	-0.769357	-0.748946	-0.679238	-0.579262	-0.444281	-0.266871	-0.0605327	0.149395	0.359047	0.576216	0.805172	1.03836	1.28208	1.53073	1.73995	1.86956	1.91903	1.87611	1.71366	1.45657	1.15467	0.834443	0.507597	0.205117	-0.0627984	-0.304283	-0.495358	-0.612921	-0.666964	-0.682654	-0.672821	-0.642329	-0.60482	-0.58441	-0.580713	-0.581383	-0.598969	-0.626755	-0.638625	-0.626995	-0.608948	-0.599584	-0.585542	-0.564595	-0.547925	-0.542861	-0.551371	-0.551371	
-0.620673	-0.727975	-0.784045	-0.78523	-0.733743	-0.639977	-0.513186	-0.352188	-0.158683	0.0572357	0.280283	0.503411	0.738579	0.988277	1.25908	1.52997	1.76153	1.91903	1.98555	1.94206	1.7701	1.49301	1.15745	0.804665	0.455599	0.13264	-0.155301	-0.407256	-0.604267	-0.730972	-0.78636	-0.781689	-0.738246	-0.683783	-0.641275	-0.619379	-0.605747	-0.598482	-0.609835	-0.62911	-0.639538	-0.623567	-0.578944	-0.525935	-0.47494	-0.439465	-0.424333	-0.422424	-0.430689	-0.430689	
-0.561427	-0.690496	-0.772404	-0.800317	-0.76488	-0.674687	-0.550584	-0.403331	-0.223253	-0.00663977	0.221677	0.448406	0.683759	0.937273	1.20514	1.46711	1.70434	1.87611	1.94206	1.88301	1.71206	1.44276	1.09379	0.723156	0.375494	0.0641924	-0.217467	-0.465305	-0.659134	-0.784241	-0.835299	-0.815731	-0.750327	-0.687212	-0.650074	-0.629745	-0.609071	-0.589262	-0.587818	-0.601757	-0.610826	-0.59233	-0.539654	-0.463954	-0.387719	-0.344349	-0.335186	-0.339768	-0.349535	-0.349535	
-0.473497	-0.619339	-0.717286	-0.759184	-0.741488	-0.667132	-0.555775	-0.416548	-0.239075	-0.0268189	0.195249	0.41424	0.637199	0.869211	1.11257	1.35265	1.56387	1.71366	1.7701	1.71206	1.54868	1.29071	0.963167	0.618152	0.291617	0.000538019	-0.25711	-0.482459	-0.660466	-0.773504	-0.817777	-0.796262	-0.730386	-0.663617	-0.619108	-0.592502	-0.567752	-0.547056	-0.54205	-0.546729	-0.550473	-0.531915	-0.477945	-0.404605	-0.339239	-0.30357	-0.294868	-0.299876	-0.309339	-0.309339	
-0.354143	-0.505791	-0.60985	-0.661925	-0.661231	-0.608225	-0.514894	-0.382193	-0.208137	-0.00643925	0.196016	0.400441	0.601187	0.792234	0.991882	1.19215	1.35582	1.45657	1.49301	1.44276	1.29071	1.05328	0.77282	0.481742	0.193106	-0.0650079	-0.280763	-0.466144	-0.617076	-0.707895	-0.739075	-0.725655	-0.673802	-0.608447	-0.556106	-0.518455	-0.48941	-0.473114	-0.467445	-0.467101	-0.465797	-0.447264	-0.409631	-0.363733	-0.325163	-0.30557	-0.297335	-0.296021	-0.30073	-0.30073	
-0.214067	-0.36216	-0.469087	-0.526323	-0.536905	-0.499953	-0.417297	-0.292748	-0.130662	0.0465529	0.221274	0.40357	0.57764	0.725024	0.858323	0.99105	1.09831	1.15467	1.15745	1.09379	0.963167	0.77282	0.545564	0.303006	0.0663103	-0.134302	-0.295535	-0.437043	-0.552947	-0.610896	-0.620453	-0.605212	-0.567291	-0.51603	-0.462797	-0.418538	-0.392422	-0.381551	-0.375772	-0.373698	-0.371564	-0.361085	-0.347373	-0.338501	-0.33639	-0.330913	-0.318854	-0.313061	-0.313246	-0.313246	
-0.0815928	-0.212293	-0.307682	-0.364145	-0.382439	-0.351468	-0.275686	-0.163485	-0.0249514	0.124517	0.270539	0.414278	0.545803	0.648891	0.720639	0.773569	0.815069	0.834443	0.804665	0.723156	0.618152	0.481742	0.303006	0.106675	-0.068106	-0.208811	-0.324247	-0.416438	-0.477472	-0.495757	-0.483727	-0.460752	-0.431403	-0.393814	-0.350051	-0.308017	-0.282594	-0.281077	-0.28462	-0.283193	-0.282551	-0.287035	-0.300169	-0.322405	-0.350851	-0.36291	-0.350041	-0.334421	-0.325221	-0.325221	
0.0276382	-0.0864199	-0.164275	-0.210335	-0.220874	-0.187713	-0.119582	-0.02934	0.0818617	0.209445	0.332287	0.433809	0.503039	0.551284	0.574497	0.564886	0.537544	0.507597	0.455599	0.375494	0.291617	0.193106	0.0663103	-0.068106	-0.18428	-0.285286	-0.35937	-0.387412	-0.386455	-0.372463	-0.351693	-0.327811	-0.298962	-0.266872	-0.235018	-0.203185	-0.186597	-0.192679	-0.199061	-0.198954	-0.202937	-0.225026	-0.266615	-0.312291	-0.355706	-0.378715	-0.371888	-0.351692	-0.331558	-0.331558	
0.130223	0.0233773	-0.0458793	-0.0810096	-0.0840361	-0.0456304	0.0171987	0.084202	0.165372	0.265242	0.366925	0.437009	0.454973	0.440809	0.410394	0.359598	0.283592	0.205117	0.13264	0.0641924	0.000538019	-0.0650079	-0.134302	-0.208811	-0.285286	-0.351657	-0.370945	-0.33751	-0.291616	-0.257949	-0.233549	-0.204804	-0.173596	-0.152989	-0.144281	-0.134531	-0.1294	-0.136777	-0.13524	-0.123742	-0.131111	-0.17311	-0.231939	-0.287847	-0.340727	-0.37467	-0.377551	-0.357207	-0.330109	-0.330109	
0.245857	0.143963	0.0678855	0.0279278	0.0232614	0.055348	0.106729	0.159544	0.217991	0.289328	0.360008	0.402777	0.39624	0.339635	0.252271	0.15425	0.0459048	-0.0627984	-0.155301	-0.217467	-0.25711	-0.280763	-0.295535	-0.324247	-0.35937	-0.370945	-0.337502	-0.272347	-0.206628	-0.158418	-0.126231	-0.0996481	-0.0795799	-0.0767604	-0.0907911	-0.100828	-0.103301	-0.100496	-0.0838437	-0.071101	-0.0894756	-0.142341	-0.20212	-0.246715	-0.28879	-0.330938	-0.354777	-0.350098	-0.331404	-0.331404	
0.362013	0.266388	0.178712	0.126097	0.109787	0.115832	0.144271	0.189084	0.240164	0.289724	0.331092	0.348787	0.329918	0.259618	0.131586	-0.0243626	-0.174173	-0.304283	-0.407256	-0.465305	-0.482459	-0.466144	-0.437043	-0.416438	-0.387412	-0.33751	-0.272347	-0.200876	-0.130707	-0.0758832	-0.0433216	-0.0293307	-0.0328335	-0.04922	-0.0678903	-0.0827139	-0.0909022	-0.0768657	-0.0490146	-0.0414529	-0.0676462	-0.119789	-0.168889	-0.200313	-0.231272	-0.26873	-0.304498	-0.321166	-0.316061	-0.316061	
0.472471	0.379257	0.277314	0.200065	0.159095	0.138554	0.13901	0.168626	0.210614	0.247933	0.282311	0.293652	0.267836	0.190511	0.0441645	-0.151775	-0.342946	-0.495358	-0.604267	-0.659134	-0.660466	-0.617076	-0.552947	-0.477472	-0.386455	-0.291616	-0.206628	-0.130707	-0.0635715	-0.0240054	-0.00710942	-0.00669598	-0.0267442	-0.0489108	-0.0668569	-0.0845902	-0.086165	-0.0596149	-0.0291566	-0.0219206	-0.044284	-0.0884722	-0.127721	-0.153688	-0.179741	-0.209639	-0.242773	-0.26968	-0.280795	-0.280795	
0.573966	0.470571	0.354625	0.248209	0.170128	0.116915	0.0927487	0.103644	0.13297	0.168534	0.210566	0.231303	0.203089	0.114481	-0.0372317	-0.239913	-0.444891	-0.612921	-0.730972	-0.784241	-0.773504	-0.707895	-0.610896	-0.495757	-0.372463	-0.257949	-0.158418	-0.0758832	-0.0240054	-0.0139915	-0.0212797	-0.0347358	-0.0582081	-0.0758136	-0.0852196	-0.0891676	-0.0768613	-0.0493898	-0.0233136	-0.0127482	-0.0244172	-0.0475472	-0.0707753	-0.094217	-0.112031	-0.134868	-0.175908	-0.222926	-0.256981	-0.256981	
0.650453	0.533088	0.399905	0.265825	0.141583	0.0483969	0.0085253	0.0115758	0.0351111	0.0749818	0.126013	0.153989	0.125222	0.0318787	-0.115377	-0.302257	-0.49568	-0.666964	-0.78636	-0.835299	-0.817777	-0.739075	-0.620453	-0.483727	-0.351693	-0.233549	-0.126231	-0.0433216	-0.00710942	-0.0212797	-0.0572564	-0.0892611	-0.119148	-0.14303	-0.139067	-0.110334	-0.0780467	-0.0518777	-0.0299761	-0.0100465	0.00294076	0.0136993	0.00983927	-0.0159915	-0.0369261	-0.06567	-0.119048	-0.180279	-0.230503	-0.230503	
0.717192	0.57498	0.405575	0.239654	0.0863986	-0.0327	-0.0891557	-0.0901472	-0.0662638	-0.0236363	0.027614	0.0556294	0.0331079	-0.0519044	-0.188209	-0.35373	-0.526619	-0.682654	-0.781689	-0.815731	-0.796262	-0.725655	-0.605212	-0.460752	-0.327811	-0.204804	-0.0996481	-0.0293307	-0.00669598	-0.0347358	-0.0892611	-0.145125	-0.193948	-0.224119	-0.20951	-0.164725	-0.120534	-0.0788863	-0.0424273	-0.00411602	0.0415915	0.0787205	0.0839425	0.0598899	0.0303127	-0.0112263	-0.0666759	-0.123655	-0.171386	-0.171386	
0.767065	0.597272	0.392675	0.193312	0.0277772	-0.0970706	-0.170378	-0.188447	-0.167856	-0.125922	-0.0846193	-0.0612307	-0.0709709	-0.13866	-0.26068	-0.407272	-0.551257	-0.672821	-0.738246	-0.750327	-0.730386	-0.673802	-0.567291	-0.431403	-0.298962	-0.173596	-0.0795799	-0.0328335	-0.0267442	-0.0582081	-0.119148	-0.193948	-0.253604	-0.27764	-0.263478	-0.226607	-0.180526	-0.127505	-0.076555	-0.018651	0.0527112	0.108459	0.126955	0.114429	0.0847902	0.0463954	0.000834985	-0.0420587	-0.0660589	-0.0660589	
0.77224	0.591557	0.371219	0.148661	-0.0268984	-0.14657	-0.226783	-0.268863	-0.260849	-0.220841	-0.187026	-0.170469	-0.175884	-0.223987	-0.323521	-0.444855	-0.555845	-0.642329	-0.683783	-0.687212	-0.663617	-0.608447	-0.51603	-0.393814	-0.266872	-0.152989	-0.0767604	-0.04922	-0.0489108	-0.0758136	-0.14303	-0.224119	-0.27764	-0.294253	-0.293333	-0.275963	-0.232298	-0.181502	-0.133688	-0.0735693	0.00438897	0.0805919	0.129322	0.144675	0.132713	0.108945	0.0877175	0.0755479	0.0756635	0.0756635	
0.735076	0.554127	0.33852	0.118081	-0.0637421	-0.186983	-0.266069	-0.311575	-0.316136	-0.29272	-0.271199	-0.261727	-0.269996	-0.303734	-0.371627	-0.456633	-0.541684	-0.60482	-0.641275	-0.650074	-0.619108	-0.556106	-0.462797	-0.350051	-0.235018	-0.144281	-0.0907911	-0.0678903	-0.0668569	-0.0852196	-0.139067	-0.20951	-0.263478	-0.293333	-0.307347	-0.305577	-0.278411	-0.244346	-0.206511	-0.151592	-0.0792771	0.00974481	0.0899488	0.140793	0.166889	0.177652	0.191917	0.21563	0.233782	0.233782	
0.663725	0.497953	0.29876	0.0958705	-0.0800946	-0.205636	-0.283176	-0.316218	-0.322556	-0.325072	-0.33235	-0.334517	-0.344374	-0.370778	-0.410686	-0.46619	-0.532805	-0.58441	-0.619379	-0.629745	-0.592502	-0.518455	-0.418538	-0.308017	-0.203185	-0.134531	-0.100828	-0.0827139	-0.0845902	-0.0891676	-0.110334	-0.164725	-0.226607	-0.275963	-0.305577	-0.318912	-0.318988	-0.305987	-0.279272	-0.23644	-0.17029	-0.0767162	0.0207608	0.103109	0.176489	0.243277	0.303061	0.355596	0.389207	0.389207	
0.571403	0.426736	0.248406	0.0694978	-0.0877885	-0.204334	-0.280986	-0.312644	-0.316059	-0.328566	-0.356017	-0.375501	-0.394447	-0.420151	-0.446954	-0.485132	-0.537024	-0.580713	-0.605747	-0.609071	-0.567752	-0.48941	-0.392422	-0.282594	-0.186597	-0.1294	-0.103301	-0.0909022	-0.086165	-0.0768613	-0.0780467	-0.120534	-0.180526	-0.232298	-0.278411	-0.318988	-0.351511	-0.35796	-0.342335	-0.314732	-0.253962	-0.165721	-0.0617025	0.0568538	0.1736	0.290739	0.40016	0.475927	0.515011	0.515011	
0.468085	0.346061	0.20507	0.054118	-0.0905423	-0.202815	-0.271645	-0.306806	-0.315187	-0.326008	-0.348172	-0.380984	-0.417723	-0.455468	-0.483442	-0.510819	-0.549797	-0.581383	-0.598482	-0.589262	-0.547056	-0.473114	-0.381551	-0.281077	-0.192679	-0.136777	-0.100496	-0.0768657	-0.0596149	-0.0493898	-0.0518777	-0.0788863	-0.127505	-0.181502	-0.244346	-0.305987	-0.35796	-0.391743	-0.396066	-0.37317	-0.319325	-0.242235	-0.133115	0.013218	0.165547	0.320422	0.462474	0.552776	0.593587	0.593587	
0.380356	0.29038	0.188249	0.0644966	-0.0649238	-0.174147	-0.239754	-0.276357	-0.297729	-0.313731	-0.335986	-0.379096	-0.433467	-0.485801	-0.523099	-0.550918	-0.577625	-0.598969	-0.609835	-0.587818	-0.54205	-0.467445	-0.375772	-0.28462	-0.199061	-0.13524	-0.0838437	-0.0490146	-0.0291566	-0.0233136	-0.0299761	-0.0424273	-0.076555	-0.133688	-0.206511	-0.279272	-0.342335	-0.396066	-0.417769	-0.401671	-0.361998	-0.292504	-0.178571	-0.0270237	0.143303	0.320892	0.477403	0.579651	0.626029	0.626029	
0.321954	0.263465	0.190823	0.09759	-0.00556612	-0.100477	-0.167959	-0.215554	-0.260994	-0.298994	-0.342228	-0.401824	-0.468509	-0.518444	-0.55845	-0.589734	-0.609063	-0.626755	-0.62911	-0.601757	-0.546729	-0.467101	-0.373698	-0.283193	-0.198954	-0.123742	-0.071101	-0.0414529	-0.0219206	-0.0127482	-0.0100465	-0.00411602	-0.018651	-0.0735693	-0.151592	-0.23644	-0.314732	-0.37317	-0.401671	-0.396057	-0.371068	-0.314741	-0.203085	-0.0576354	0.106121	0.284481	0.44384	0.555528	0.612793	0.612793	
0.261838	0.242021	0.205681	0.146653	0.0699963	-0.00183941	-0.064822	-0.130649	-0.211139	-0.289518	-0.364551	-0.448345	-0.520548	-0.560608	-0.586587	-0.610595	-0.62425	-0.638625	-0.639538	-0.610826	-0.550473	-0.465797	-0.371564	-0.282551	-0.202937	-0.131111	-0.0894756	-0.0676462	-0.044284	-0.0244172	0.00294076	0.0415915	0.0527112	0.00438897	-0.0792771	-0.17029	-0.253962	-0.319325	-0.361998	-0.371068	-0.35286	-0.302293	-0.205588	-0.078283	0.0705392	0.22596	0.36552	0.476754	0.53797	0.53797	
0.207525	0.226744	0.228635	0.211815	0.171204	0.113564	0.0409669	-0.0466411	-0.158138	-0.281258	-0.398907	-0.509286	-0.587102	-0.622667	-0.628409	-0.630261	-0.625915	-0.626995	-0.623567	-0.59233	-0.531915	-0.447264	-0.361085	-0.287035	-0.225026	-0.17311	-0.142341	-0.119789	-0.0884722	-0.0475472	0.0136993	0.0787205	0.108459	0.0805919	0.00974481	-0.0767162	-0.165721	-0.242235	-0.292504	-0.314741	-0.302293	-0.250988	-0.180132	-0.0854151	0.0364799	0.145542	0.247839	0.346997	0.395777	0.395777	
0.186985	0.236807	0.273716	0.297165	0.291621	0.23783	0.142775	0.0201213	-0.122778	-0.28303	-0.440336	-0.572691	-0.664385	-0.702614	-0.699658	-0.671239	-0.63779	-0.608948	-0.578944	-0.539654	-0.477945	-0.409631	-0.347373	-0.300169	-0.266615	-0.231939	-0.20212	-0.168889	-0.127721	-0.0707753	0.00983927	0.0839425	0.126955	0.129322	0.0899488	0.0207608	-0.0617025	-0.133115	-0.178571	-0.203085	-0.205588	-0.180132	-0.136306	-0.0735711	0.000991943	0.0575276	0.106898	0.160605	0.190171	0.190171	
0.196503	0.289105	0.359471	0.405252	0.413399	0.35911	0.24156	0.0780546	-0.102762	-0.296548	-0.482382	-0.630816	-0.735454	-0.787524	-0.788025	-0.737568	-0.671404	-0.599584	-0.525935	-0.463954	-0.404605	-0.363733	-0.338501	-0.322405	-0.312291	-0.287847	-0.246715	-0.200313	-0.153688	-0.094217	-0.0159915	0.0598899	0.114429	0.144675	0.140793	0.103109	0.0568538	0.013218	-0.0270237	-0.0576354	-0.078283	-0.0854151	-0.0735711	-0.0505578	-0.031627	-0.0307643	-0.0507871	-0.0657725	-0.0602534	-0.0602534	
0.232759	0.367368	0.465738	0.523452	0.527951	0.457328	0.311217	0.119673	-0.0929272	-0.315005	-0.526304	-0.687496	-0.795114	-0.858911	-0.858401	-0.795435	-0.697686	-0.585542	-0.47494	-0.387719	-0.339239	-0.325163	-0.33639	-0.350851	-0.355706	-0.340727	-0.28879	-0.231272	-0.179741	-0.112031	-0.0369261	0.0303127	0.0847902	0.132713	0.166889	0.176489	0.1736	0.165547	0.143303	0.106121	0.0705392	0.0364799	0.000991943	-0.031627	-0.0770111	-0.14178	-0.219974	-0.28544	-0.308205	-0.308205	
0.286678	0.449326	0.571231	0.631333	0.619279	0.525916	0.357278	0.141862	-0.0988926	-0.340655	-0.566209	-0.738063	-0.846777	-0.904455	-0.891957	-0.815375	-0.699265	-0.564595	-0.439465	-0.344349	-0.30357	-0.30557	-0.330913	-0.36291	-0.378715	-0.37467	-0.330938	-0.26873	-0.209639	-0.134868	-0.06567	-0.0112263	0.0463954	0.108945	0.177652	0.243277	0.290739	0.320422	0.320892	0.284481	0.22596	0.145542	0.0575276	-0.0307643	-0.14178	-0.260363	-0.375	-0.474142	-0.519679	-0.519679	
0.333555	0.526688	0.667709	0.728857	0.69953	0.584827	0.393206	0.145381	-0.125237	-0.387698	-0.613877	-0.785673	-0.887551	-0.924665	-0.896669	-0.808998	-0.68766	-0.547925	-0.424333	-0.335186	-0.294868	-0.297335	-0.318854	-0.350041	-0.371888	-0.377551	-0.354777	-0.304498	-0.242773	-0.175908	-0.119048	-0.0666759	0.000834985	0.0877175	0.191917	0.303061	0.40016	0.462474	0.477403	0.44384	0.36552	0.247839	0.106898	-0.0507871	-0.219974	-0.375	-0.510376	-0.619526	-0.674309	-0.674309	
0.360231	0.57792	0.739139	0.81501	0.782654	0.646114	0.4211	0.134849	-0.169764	-0.451369	-0.671125	-0.82519	-0.908067	-0.922314	-0.883358	-0.799248	-0.678885	-0.542861	-0.422424	-0.339768	-0.299876	-0.296021	-0.313061	-0.334421	-0.351692	-0.357207	-0.350098	-0.321166	-0.26968	-0.222926	-0.180279	-0.123655	-0.0420587	0.0755479	0.21563	0.355596	0.475927	0.552776	0.579651	0.555528	0.476754	0.346997	0.160605	-0.0657725	-0.28544	-0.474142	-0.619526	-0.719396	-0.77928	-0.77928	
0.371427	0.595897	0.777268	0.867517	0.839981	0.694633	0.449237	0.13083	-0.20662	-0.49503	-0.704904	-0.839901	-0.910399	-0.911555	-0.869312	-0.797674	-0.68257	-0.551371	-0.430689	-0.349535	-0.309339	-0.30073	-0.313246	-0.325221	-0.331558	-0.330109	-0.331404	-0.316061	-0.280795	-0.256981	-0.230503	-0.171386	-0.0660589	0.0756635	0.233782	0.389207	0.515011	0.593587	0.626029	0.612793	0.53797	0.395777	0.190171	-0.0602534	-0.308205	-0.519679	-0.674309	-0.77928	-0.850134	-0.850134	
0.371427	0.595897	0.777268	0.867517	0.839981	0.694633	0.449237	0.13083	-0.20662	-0.49503	-0.704904	-0.839901	-0.910399	-0.911555	-0.869312	-0.797674	-0.68257	-0.551371	-0.430689	-0.349535	-0.309339	-0.30073	-0.313246	-0.325221	-0.331558	-0.330109	-0.331404	-0.316061	-0.280795	-0.256981	-0.230503	-0.171386	-0.0660589	0.0756635	0.233782	0.389207	0.515011	0.593587	0.626029	0.612793	0.53797	0.395777	0.190171	-0.0602534	-0.308205	-0.519679	-0.674309	-0.77928	-0.850134	-0.850134	
