-0.28063	-0.28063	-0.301838	-0.335256	-0.368013	-0.368273	-0.327828	-0.261699	-0.22234	-0.255172	-0.362286	-0.510039	-0.651458	-0.772102	-0.869232	-0.935966	-0.945666	-0.870732	-0.696492	-0.433018	-0.108305	0.21971	0.504919	0.715934	0.849534	0.903562	0.879996	0.81467	0.753884	0.724037	0.724859	0.751662	0.805853	0.875365	0.91009	0.883943	0.767898	0.557572	0.259197	-0.100663	-0.477437	-0.81707	-1.08294	-1.24636	-1.32925	-1.33603	-1.27727	-1.18123	-1.06807	-0.938873	
-0.28063	-0.28063	-0.301838	-0.335256	-0.368013	-0.368273	-0.327828	-0.261699	-0.22234	-0.255172	-0.362286	-0.510039	-0.651458	-0.772102	-0.869232	-0.935966	-0.945666	-0.870732	-0.696492	-0.433018	-0.108305	0.21971	0.504919	0.715934	0.849534	0.903562	0.879996	0.81467	0.753884	0.724037	0.724859	0.751662	0.805853	0.875365	0.91009	0.883943	0.767898	0.557572	0.259197	-0.100663	-0.477437	-0.81707	-1.08294	-1.24636	-1.32925	-1.33603	-1.27727	-1.18123	-1.06807	-0.938873	
-0.301838	-0.301838	-0.322232	-0.354751	-0.385311	-0.384202	-0.342493	-0.275995	-0.235714	-0.266664	-0.370295	-0.514781	-0.65294	-0.770539	-0.865235	-0.927541	-0.935114	-0.856566	-0.681299	-0.417569	-0.0939196	0.231323	0.513167	0.719688	0.847176	0.893925	0.863462	0.790085	0.721176	0.68277	0.67597	0.695871	0.74587	0.810746	0.844482	0.820341	0.709037	0.505526	0.218806	-0.130151	-0.494289	-0.821662	-1.07609	-1.23192	-1.30512	-1.30529	-1.24198	-1.14318	-1.02648	-0.894603	
-0.335256	-0.335256	-0.354751	-0.384808	-0.412419	-0.40842	-0.365273	-0.298589	-0.257661	-0.284959	-0.383761	-0.521267	-0.654398	-0.767465	-0.855731	-0.914315	-0.914528	-0.834166	-0.657004	-0.394669	-0.0766519	0.243176	0.516967	0.715033	0.832741	0.868895	0.827908	0.745089	0.664356	0.613774	0.595096	0.606598	0.647477	0.707593	0.740443	0.718416	0.61494	0.424301	0.149482	-0.179944	-0.524177	-0.832386	-1.06829	-1.20533	-1.26595	-1.25272	-1.17851	-1.0683	-0.942755	-0.803938	
-0.368013	-0.368013	-0.385311	-0.412419	-0.434132	-0.426197	-0.380074	-0.313219	-0.271015	-0.294809	-0.386373	-0.517471	-0.645574	-0.75469	-0.84139	-0.893945	-0.893912	-0.8103	-0.636229	-0.378562	-0.0681043	0.241695	0.505747	0.693703	0.799592	0.823806	0.773624	0.681467	0.591834	0.531401	0.505065	0.509528	0.547273	0.60125	0.63301	0.613996	0.517582	0.336281	0.0801971	-0.231983	-0.554842	-0.840994	-1.05431	-1.17485	-1.21056	-1.17657	-1.08396	-0.957611	-0.813485	-0.660026	
-0.368273	-0.368273	-0.384202	-0.40842	-0.426197	-0.416035	-0.370713	-0.307944	-0.269792	-0.292915	-0.381787	-0.50759	-0.633832	-0.742918	-0.82691	-0.880137	-0.875718	-0.795246	-0.624169	-0.374194	-0.0761404	0.222669	0.47452	0.652354	0.74882	0.764275	0.709637	0.615421	0.522342	0.458006	0.427404	0.43154	0.466637	0.51893	0.55267	0.536246	0.447222	0.277731	0.0315296	-0.262318	-0.56537	-0.831762	-1.02409	-1.12117	-1.13718	-1.078	-0.960384	-0.806653	-0.637915	-0.46282	
-0.327828	-0.327828	-0.342493	-0.365273	-0.380074	-0.370713	-0.329661	-0.276424	-0.247146	-0.275785	-0.365551	-0.491623	-0.621305	-0.733973	-0.823758	-0.876604	-0.876105	-0.796326	-0.632048	-0.38979	-0.102568	0.185071	0.42816	0.599412	0.689193	0.700771	0.64566	0.55429	0.463635	0.399626	0.371607	0.378778	0.417484	0.470679	0.50711	0.496026	0.415802	0.255819	0.0255359	-0.252329	-0.536666	-0.783503	-0.95524	-1.03645	-1.02602	-0.94261	-0.800929	-0.622005	-0.423326	-0.224328	
-0.261699	-0.261699	-0.275995	-0.298589	-0.313219	-0.307944	-0.276424	-0.238147	-0.224413	-0.263478	-0.35927	-0.489274	-0.625096	-0.74596	-0.840302	-0.89734	-0.895835	-0.819447	-0.657847	-0.422599	-0.144703	0.135391	0.372202	0.541137	0.630528	0.641544	0.593672	0.509875	0.426689	0.368324	0.344644	0.358425	0.403487	0.458398	0.501333	0.49695	0.427636	0.281342	0.066651	-0.191825	-0.455604	-0.68372	-0.837823	-0.903608	-0.879455	-0.776687	-0.615102	-0.414962	-0.196572	0.0218684	
-0.22234	-0.22234	-0.235714	-0.257661	-0.271015	-0.269792	-0.247146	-0.224413	-0.226124	-0.275132	-0.376544	-0.508105	-0.65036	-0.776421	-0.876624	-0.93364	-0.932282	-0.854655	-0.696299	-0.46533	-0.195059	0.0784282	0.312789	0.482858	0.574444	0.592496	0.553132	0.483806	0.412735	0.362302	0.347093	0.371028	0.42209	0.484378	0.534159	0.539485	0.484248	0.354499	0.156904	-0.0812738	-0.325352	-0.535574	-0.67526	-0.732318	-0.696356	-0.587112	-0.421429	-0.215105	0.0145732	0.238207	
-0.255172	-0.255172	-0.266664	-0.284959	-0.294809	-0.292915	-0.275785	-0.263478	-0.275132	-0.329304	-0.428054	-0.556451	-0.696496	-0.823424	-0.922939	-0.976175	-0.969309	-0.888762	-0.728959	-0.502233	-0.237771	0.0305087	0.262097	0.434569	0.531357	0.553948	0.528854	0.473667	0.418258	0.381346	0.378954	0.41545	0.482029	0.551229	0.611285	0.627465	0.58652	0.470727	0.293621	0.0747931	-0.151016	-0.34711	-0.477999	-0.536215	-0.50423	-0.396982	-0.235058	-0.0362106	0.18281	0.396982	
-0.362286	-0.362286	-0.370295	-0.383761	-0.386373	-0.381787	-0.365551	-0.35927	-0.376544	-0.428054	-0.519825	-0.634672	-0.766295	-0.884755	-0.975719	-1.01792	-0.998836	-0.909123	-0.745899	-0.520497	-0.262302	-0.00168434	0.226951	0.39975	0.499651	0.531141	0.517064	0.480574	0.443334	0.420728	0.432006	0.485717	0.563407	0.646389	0.718436	0.748054	0.722725	0.625463	0.461473	0.257708	0.0438317	-0.144482	-0.275257	-0.33844	-0.314996	-0.22369	-0.082251	0.0970677	0.299568	0.491032	
-0.510039	-0.510039	-0.514781	-0.521267	-0.517471	-0.50759	-0.491623	-0.489274	-0.508105	-0.556451	-0.634672	-0.734843	-0.851814	-0.95807	-1.03744	-1.0637	-1.02966	-0.927417	-0.756208	-0.530012	-0.274334	-0.0173981	0.209207	0.384852	0.489542	0.525981	0.523334	0.500494	0.478348	0.469414	0.494862	0.562187	0.656908	0.750835	0.832821	0.87344	0.861174	0.774373	0.626763	0.436921	0.232775	0.0487696	-0.0854446	-0.164563	-0.160905	-0.0885962	0.0328963	0.186854	0.35931	0.520504	
-0.651458	-0.651458	-0.65294	-0.654398	-0.645574	-0.633832	-0.621305	-0.625096	-0.65036	-0.696496	-0.766295	-0.851814	-0.954875	-1.04869	-1.11275	-1.12217	-1.06815	-0.949713	-0.7672	-0.536427	-0.280288	-0.026171	0.202178	0.381532	0.493881	0.539715	0.549178	0.541845	0.534826	0.536272	0.568649	0.643486	0.74262	0.840483	0.926198	0.97301	0.968826	0.894387	0.756251	0.575698	0.378197	0.19716	0.0567031	-0.0329553	-0.0473087	0.000860745	0.0933152	0.217456	0.360608	0.489286	
-0.772102	-0.772102	-0.770539	-0.767465	-0.75469	-0.742918	-0.733973	-0.74596	-0.776421	-0.823424	-0.884755	-0.95807	-1.04869	-1.13048	-1.18322	-1.17636	-1.1065	-0.972641	-0.780095	-0.54398	-0.285637	-0.0297147	0.203304	0.392697	0.515671	0.574749	0.595721	0.602413	0.606709	0.614703	0.649546	0.72513	0.821858	0.916086	0.993676	1.03441	1.02753	0.953542	0.821496	0.650384	0.462144	0.286958	0.145583	0.0444193	0.0123308	0.03932	0.108251	0.202937	0.311649	0.403729	
-0.869232	-0.869232	-0.865235	-0.855731	-0.84139	-0.82691	-0.823758	-0.840302	-0.876624	-0.922939	-0.975719	-1.03744	-1.11275	-1.18322	-1.22086	-1.19942	-1.11144	-0.964063	-0.761631	-0.52259	-0.264366	-0.0101158	0.225522	0.420124	0.555424	0.624691	0.659707	0.679842	0.695051	0.708979	0.743031	0.810287	0.898336	0.977669	1.03826	1.06555	1.04768	0.968589	0.836933	0.669959	0.486841	0.31828	0.177416	0.0741647	0.028319	0.0371252	0.0817861	0.146658	0.219804	0.275348	
-0.935966	-0.935966	-0.927541	-0.914315	-0.893945	-0.880137	-0.876604	-0.89734	-0.93364	-0.976175	-1.01792	-1.0637	-1.12217	-1.17636	-1.19942	-1.16134	-1.05969	-0.899577	-0.693365	-0.455302	-0.202527	0.0448137	0.27648	0.473321	0.611109	0.689673	0.729347	0.756724	0.777914	0.792915	0.821312	0.88195	0.955799	1.02122	1.06422	1.07343	1.04021	0.953145	0.818214	0.652343	0.476499	0.313453	0.174681	0.0661678	0.00970454	0.000629383	0.0219041	0.0584608	0.10088	0.123905	
-0.945666	-0.945666	-0.935114	-0.914528	-0.893912	-0.875718	-0.876105	-0.895835	-0.932282	-0.969309	-0.998836	-1.02966	-1.06815	-1.1065	-1.11144	-1.05969	-0.942856	-0.775095	-0.567003	-0.334634	-0.0938929	0.140802	0.361175	0.548138	0.684497	0.75855	0.796615	0.823145	0.840553	0.852325	0.874095	0.920392	0.983501	1.03551	1.06186	1.05917	1.0158	0.924003	0.789703	0.630468	0.459892	0.3017	0.1613	0.0480945	-0.0286467	-0.0607557	-0.0629152	-0.0520025	-0.0406382	-0.0462453	
-0.870732	-0.870732	-0.856566	-0.834166	-0.8103	-0.795246	-0.796326	-0.819447	-0.854655	-0.888762	-0.909123	-0.927417	-0.949713	-0.972641	-0.964063	-0.899577	-0.775095	-0.602307	-0.399062	-0.177992	0.0459647	0.26165	0.462889	0.636846	0.759822	0.827189	0.855915	0.872607	0.882533	0.885243	0.893681	0.927397	0.975766	1.01495	1.03316	1.02317	0.977615	0.891492	0.76797	0.617929	0.459409	0.305829	0.163315	0.0361775	-0.0614456	-0.121565	-0.158294	-0.180162	-0.193153	-0.213805	
-0.696492	-0.696492	-0.681299	-0.657004	-0.636229	-0.624169	-0.632048	-0.657847	-0.696299	-0.728959	-0.745899	-0.756208	-0.7672	-0.780095	-0.761631	-0.693365	-0.567003	-0.399062	-0.208348	-0.00462533	0.195407	0.388185	0.568334	0.72276	0.8342	0.890063	0.907164	0.913025	0.909214	0.90094	0.897868	0.916186	0.952995	0.984634	0.996456	0.985605	0.942805	0.867095	0.757508	0.626467	0.48495	0.340157	0.195416	0.0564537	-0.0708886	-0.169589	-0.240005	-0.288776	-0.325762	-0.363859	
-0.433018	-0.433018	-0.417569	-0.394669	-0.378562	-0.374194	-0.38979	-0.422599	-0.46533	-0.502233	-0.520497	-0.530012	-0.536427	-0.54398	-0.52259	-0.455302	-0.334634	-0.177992	-0.00462533	0.175702	0.348368	0.515341	0.668873	0.803927	0.898983	0.944448	0.952862	0.948586	0.936861	0.922655	0.911809	0.920757	0.948148	0.972216	0.982334	0.972067	0.93589	0.873329	0.781802	0.668819	0.541928	0.402768	0.256051	0.102352	-0.0490134	-0.17553	-0.279937	-0.359698	-0.416504	-0.460968	
-0.108305	-0.108305	-0.0939196	-0.0766519	-0.0681043	-0.0761404	-0.102568	-0.144703	-0.195059	-0.237771	-0.262302	-0.274334	-0.280288	-0.285637	-0.264366	-0.202527	-0.0938929	0.0459647	0.195407	0.348368	0.491558	0.630786	0.760906	0.877192	0.960471	0.999613	1.00368	0.993444	0.976869	0.959672	0.947407	0.952955	0.978731	1.00264	1.01767	1.01153	0.980537	0.925667	0.844535	0.740305	0.623912	0.487558	0.336817	0.170277	-0.000386299	-0.155642	-0.284326	-0.376862	-0.441086	-0.491987	
0.21971	0.21971	0.231323	0.243176	0.241695	0.222669	0.185071	0.135391	0.0784282	0.0305087	-0.00168434	-0.0173981	-0.026171	-0.0297147	-0.0101158	0.0448137	0.140802	0.26165	0.388185	0.515341	0.630786	0.746389	0.855093	0.955271	1.02884	1.0648	1.06843	1.05937	1.04365	1.03187	1.02657	1.03753	1.06503	1.09379	1.11295	1.11061	1.08321	1.03329	0.953996	0.854351	0.735841	0.590939	0.429093	0.248656	0.0625924	-0.106388	-0.24574	-0.346776	-0.414164	-0.465743	
0.504919	0.504919	0.513167	0.516967	0.505747	0.47452	0.42816	0.372202	0.312789	0.262097	0.226951	0.209207	0.202178	0.203304	0.225522	0.27648	0.361175	0.462889	0.568334	0.668873	0.760906	0.855093	0.947246	1.03743	1.10676	1.14497	1.15738	1.15285	1.14456	1.14123	1.14672	1.16662	1.20266	1.23601	1.26364	1.26442	1.23628	1.17994	1.09483	0.984518	0.855181	0.700198	0.527744	0.335086	0.140254	-0.037799	-0.18741	-0.288848	-0.352038	-0.39878	
0.715934	0.715934	0.719688	0.715033	0.693703	0.652354	0.599412	0.541137	0.482858	0.434569	0.39975	0.384852	0.381532	0.392697	0.420124	0.473321	0.548138	0.636846	0.72276	0.803927	0.877192	0.955271	1.03743	1.12061	1.18838	1.23355	1.25438	1.26177	1.26375	1.27282	1.29467	1.32948	1.37296	1.41371	1.44301	1.44055	1.40342	1.33406	1.23234	1.10765	0.965531	0.798025	0.615869	0.416484	0.221425	0.0386406	-0.111506	-0.212924	-0.274286	-0.322815	
0.849534	0.849534	0.847176	0.832741	0.799592	0.74882	0.689193	0.630528	0.574444	0.531357	0.499651	0.489542	0.493881	0.515671	0.555424	0.611109	0.684497	0.759822	0.8342	0.898983	0.960471	1.02884	1.10676	1.18838	1.26076	1.31346	1.3496	1.3701	1.38462	1.40774	1.44415	1.49265	1.54364	1.58548	1.61144	1.60054	1.54643	1.45585	1.33074	1.18802	1.02907	0.85612	0.671986	0.477556	0.285989	0.108927	-0.0431305	-0.147997	-0.211657	-0.255638	
0.903562	0.903562	0.893925	0.868895	0.823806	0.764275	0.700771	0.641544	0.592496	0.553948	0.531141	0.525981	0.539715	0.574749	0.624691	0.689673	0.75855	0.827189	0.890063	0.944448	0.999613	1.0648	1.14497	1.23355	1.31346	1.38162	1.43392	1.47227	1.5014	1.53561	1.58529	1.64292	1.69499	1.73123	1.74364	1.71365	1.63619	1.5159	1.36746	1.20576	1.03818	0.867161	0.690267	0.503938	0.325408	0.153422	-0.000196857	-0.106514	-0.168715	-0.209957	
0.879996	0.879996	0.863462	0.827908	0.773624	0.709637	0.64566	0.593672	0.553132	0.528854	0.517064	0.523334	0.549178	0.595721	0.659707	0.729347	0.796615	0.855915	0.907164	0.952862	1.00368	1.06843	1.15738	1.25438	1.3496	1.43392	1.50708	1.5667	1.61171	1.65868	1.71663	1.77901	1.82497	1.84428	1.83127	1.77341	1.66186	1.51335	1.34031	1.16622	0.998741	0.839177	0.675494	0.509045	0.343215	0.178882	0.0300885	-0.078002	-0.142009	-0.178061	
0.81467	0.81467	0.790085	0.745089	0.681467	0.615421	0.55429	0.509875	0.483806	0.473667	0.480574	0.500494	0.541845	0.602413	0.679842	0.756724	0.823145	0.872607	0.913025	0.948586	0.993444	1.05937	1.15285	1.26177	1.3701	1.47227	1.5667	1.64921	1.71197	1.76971	1.83302	1.89345	1.92643	1.92236	1.87524	1.78174	1.63713	1.45687	1.26399	1.08458	0.922026	0.780593	0.640605	0.496527	0.348082	0.201569	0.0591712	-0.0467747	-0.107035	-0.135764	
0.753884	0.753884	0.721176	0.664356	0.591834	0.522342	0.463635	0.426689	0.412735	0.418258	0.443334	0.478348	0.534826	0.606709	0.695051	0.777914	0.840553	0.882533	0.909214	0.936861	0.976869	1.04365	1.14456	1.26375	1.38462	1.5014	1.61171	1.71197	1.78757	1.8504	1.9119	1.96359	1.98086	1.94793	1.86665	1.73949	1.56276	1.35913	1.15515	0.970999	0.82143	0.700829	0.584208	0.466992	0.345143	0.21966	0.0973991	0.0056825	-0.0474744	-0.0740573	
0.724037	0.724037	0.68277	0.613774	0.531401	0.458006	0.399626	0.368324	0.362302	0.381346	0.420728	0.469414	0.536272	0.614703	0.708979	0.792915	0.852325	0.885243	0.90094	0.922655	0.959672	1.03187	1.14123	1.27282	1.40774	1.53561	1.65868	1.76971	1.8504	1.90918	1.95696	1.98924	1.98252	1.91929	1.80592	1.65016	1.45378	1.23932	1.031	0.852933	0.717223	0.612609	0.52127	0.431921	0.336015	0.241938	0.1493	0.0725531	0.0257162	-0.00204929	
0.724859	0.724859	0.67597	0.595096	0.505065	0.427404	0.371607	0.344644	0.347093	0.378954	0.432006	0.494862	0.568649	0.649546	0.743031	0.821312	0.874095	0.893681	0.897868	0.911809	0.947407	1.02657	1.14672	1.29467	1.44415	1.58529	1.71663	1.83302	1.9119	1.95696	1.9799	1.98249	1.94372	1.84882	1.706	1.52918	1.32291	1.10844	0.906579	0.739579	0.619284	0.535816	0.471311	0.411946	0.347951	0.285863	0.215855	0.153432	0.109052	0.0741423	
0.751662	0.751662	0.695871	0.606598	0.509528	0.43154	0.378778	0.358425	0.371028	0.41545	0.485717	0.562187	0.643486	0.72513	0.810287	0.88195	0.920392	0.927397	0.916186	0.920757	0.952955	1.03753	1.16662	1.32948	1.49265	1.64292	1.77901	1.89345	1.96359	1.98924	1.98249	1.94876	1.88036	1.75543	1.59037	1.39805	1.18746	0.975544	0.78469	0.630309	0.532545	0.473737	0.445506	0.422268	0.395402	0.361352	0.313499	0.255805	0.201644	0.14785	
0.805853	0.805853	0.74587	0.647477	0.547273	0.466637	0.417484	0.403487	0.42209	0.482029	0.563407	0.656908	0.74262	0.821858	0.898336	0.955799	0.983501	0.975766	0.952995	0.948148	0.978731	1.06503	1.20266	1.37296	1.54364	1.69499	1.82497	1.92643	1.98086	1.98252	1.94372	1.88036	1.78347	1.64013	1.46309	1.26221	1.05014	0.846911	0.661372	0.522131	0.444439	0.414837	0.426124	0.448061	0.461588	0.457604	0.424228	0.36567	0.298644	0.223307	
0.875365	0.875365	0.810746	0.707593	0.60125	0.51893	0.470679	0.458398	0.484378	0.551229	0.646389	0.750835	0.840483	0.916086	0.977669	1.02122	1.03551	1.01495	0.984634	0.972216	1.00264	1.09379	1.23601	1.41371	1.58548	1.73123	1.84428	1.92236	1.94793	1.91929	1.84882	1.75543	1.64013	1.49181	1.31313	1.11518	0.909808	0.71029	0.533488	0.409308	0.348971	0.349969	0.400854	0.461325	0.510683	0.53271	0.512271	0.458715	0.381374	0.287141	
0.91009	0.91009	0.844482	0.740443	0.63301	0.55267	0.50711	0.501333	0.534159	0.611285	0.718436	0.832821	0.926198	0.993676	1.03826	1.06422	1.06186	1.03316	0.996456	0.982334	1.01767	1.11295	1.26364	1.44301	1.61144	1.74364	1.83127	1.87524	1.86665	1.80592	1.706	1.59037	1.46309	1.31313	1.14132	0.950639	0.750846	0.563678	0.401297	0.294192	0.257319	0.287837	0.364884	0.454061	0.529886	0.566363	0.556099	0.509273	0.430457	0.323298	
0.883943	0.883943	0.820341	0.718416	0.613996	0.536246	0.496026	0.49695	0.539485	0.627465	0.748054	0.87344	0.97301	1.03441	1.06555	1.07343	1.05917	1.02317	0.985605	0.972067	1.01153	1.11061	1.26442	1.44055	1.60054	1.71365	1.77341	1.78174	1.73949	1.65016	1.52918	1.39805	1.26221	1.11518	0.950639	0.765877	0.576657	0.40099	0.25579	0.17374	0.160353	0.21368	0.31074	0.41734	0.504498	0.551797	0.549181	0.508044	0.424629	0.307287	
0.767898	0.767898	0.709037	0.61494	0.517582	0.447222	0.415802	0.427636	0.484248	0.58652	0.722725	0.861174	0.968826	1.02753	1.04768	1.04021	1.0158	0.977615	0.942805	0.93589	0.980537	1.08321	1.23628	1.40342	1.54643	1.63619	1.66186	1.63713	1.56276	1.45378	1.32291	1.18746	1.05014	0.909808	0.750846	0.576657	0.395596	0.232422	0.106799	0.0445186	0.047661	0.119178	0.225231	0.342132	0.441741	0.497905	0.498273	0.457185	0.370175	0.245356	
0.557572	0.557572	0.505526	0.424301	0.336281	0.277731	0.255819	0.281342	0.354499	0.470727	0.625463	0.774373	0.894387	0.953542	0.968589	0.953145	0.924003	0.891492	0.867095	0.873329	0.925667	1.03329	1.17994	1.33406	1.45585	1.5159	1.51335	1.45687	1.35913	1.23932	1.10844	0.975544	0.846911	0.71029	0.563678	0.40099	0.232422	0.0814838	-0.0265704	-0.0795253	-0.0664177	0.00574474	0.11043	0.229752	0.334541	0.399564	0.408167	0.368211	0.276949	0.145007	
0.259197	0.259197	0.218806	0.149482	0.0801971	0.0315296	0.0255359	0.066651	0.156904	0.293621	0.461473	0.626763	0.756251	0.821496	0.836933	0.818214	0.789703	0.76797	0.757508	0.781802	0.844535	0.953996	1.09483	1.23234	1.33074	1.36746	1.34031	1.26399	1.15515	1.031	0.906579	0.78469	0.661372	0.533488	0.401297	0.25579	0.106799	-0.0265704	-0.12514	-0.178338	-0.170715	-0.11318	-0.0178624	0.0970973	0.206394	0.278021	0.290764	0.248794	0.162146	0.0352277	
-0.100663	-0.100663	-0.130151	-0.179944	-0.231983	-0.262318	-0.252329	-0.191825	-0.0812738	0.0747931	0.257708	0.436921	0.575698	0.650384	0.669959	0.652343	0.630468	0.617929	0.626467	0.668819	0.740305	0.854351	0.984518	1.10765	1.18802	1.20576	1.16622	1.08458	0.970999	0.852933	0.739579	0.630309	0.522131	0.409308	0.294192	0.17374	0.0445186	-0.0795253	-0.178338	-0.239048	-0.245901	-0.204381	-0.120043	-0.0170104	0.081616	0.151253	0.167685	0.131723	0.0587478	-0.0547812	
-0.477437	-0.477437	-0.494289	-0.524177	-0.554842	-0.56537	-0.536666	-0.455604	-0.325352	-0.151016	0.0438317	0.232775	0.378197	0.462144	0.486841	0.476499	0.459892	0.459409	0.48495	0.541928	0.623912	0.735841	0.855181	0.965531	1.02907	1.03818	0.998741	0.922026	0.82143	0.717223	0.619284	0.532545	0.444439	0.348971	0.257319	0.160353	0.047661	-0.0664177	-0.170715	-0.245901	-0.271147	-0.249621	-0.184835	-0.101493	-0.0127194	0.056197	0.0776817	0.0518714	-0.00363519	-0.108111	
-0.81707	-0.81707	-0.821662	-0.832386	-0.840994	-0.831762	-0.783503	-0.68372	-0.535574	-0.34711	-0.144482	0.0487696	0.19716	0.286958	0.31828	0.313453	0.3017	0.305829	0.340157	0.402768	0.487558	0.590939	0.700198	0.798025	0.85612	0.867161	0.839177	0.780593	0.700829	0.612609	0.535816	0.473737	0.414837	0.349969	0.287837	0.21368	0.119178	0.00574474	-0.11318	-0.204381	-0.249621	-0.248487	-0.200632	-0.133109	-0.058141	0.00904925	0.0420441	0.0364876	-0.00762907	-0.105399	
-1.08294	-1.08294	-1.07609	-1.06829	-1.05431	-1.02409	-0.95524	-0.837823	-0.67526	-0.477999	-0.275257	-0.0854446	0.0567031	0.145583	0.177416	0.174681	0.1613	0.163315	0.195416	0.256051	0.336817	0.429093	0.527744	0.615869	0.671986	0.690267	0.675494	0.640605	0.584208	0.52127	0.471311	0.445506	0.426124	0.400854	0.364884	0.31074	0.225231	0.11043	-0.0178624	-0.120043	-0.184835	-0.200632	-0.171615	-0.123121	-0.0537022	0.0222226	0.0741561	0.0866379	0.0536508	-0.0396564	
-1.24636	-1.24636	-1.23192	-1.20533	-1.17485	-1.12117	-1.03645	-0.903608	-0.732318	-0.536215	-0.33844	-0.164563	-0.0329553	0.0444193	0.0741647	0.0661678	0.0480945	0.0361775	0.0564537	0.102352	0.170277	0.248656	0.335086	0.416484	0.477556	0.503938	0.509045	0.496527	0.466992	0.431921	0.411946	0.422268	0.448061	0.461325	0.454061	0.41734	0.342132	0.229752	0.0970973	-0.0170104	-0.101493	-0.133109	-0.123121	-0.0783957	-0.00405747	0.0855844	0.154788	0.187988	0.160638	0.0659933	
-1.32925	-1.32925	-1.30512	-1.26595	-1.21056	-1.13718	-1.02602	-0.879455	-0.696356	-0.50423	-0.314996	-0.160905	-0.0473087	0.0123308	0.028319	0.00970454	-0.0286467	-0.0614456	-0.0708886	-0.0490134	-0.000386299	0.0625924	0.140254	0.221425	0.285989	0.325408	0.343215	0.348082	0.345143	0.336015	0.347951	0.395402	0.461588	0.510683	0.529886	0.504498	0.441741	0.334541	0.206394	0.081616	-0.0127194	-0.058141	-0.0537022	-0.00405747	0.0839205	0.186046	0.27158	0.319616	0.29981	0.216975	
-1.33603	-1.33603	-1.30529	-1.25272	-1.17657	-1.078	-0.94261	-0.776687	-0.587112	-0.396982	-0.22369	-0.0885962	0.000860745	0.03932	0.0371252	0.000629383	-0.0607557	-0.121565	-0.169589	-0.17553	-0.155642	-0.106388	-0.037799	0.0386406	0.108927	0.153422	0.178882	0.201569	0.21966	0.241938	0.285863	0.361352	0.457604	0.53271	0.566363	0.551797	0.497905	0.399564	0.278021	0.151253	0.056197	0.00904925	0.0222226	0.0855844	0.186046	0.295628	0.39681	0.458606	0.459935	0.391868	
-1.27727	-1.27727	-1.24198	-1.17851	-1.08396	-0.960384	-0.800929	-0.615102	-0.421429	-0.235058	-0.082251	0.0328963	0.0933152	0.108251	0.0817861	0.0219041	-0.0629152	-0.158294	-0.240005	-0.279937	-0.284326	-0.24574	-0.18741	-0.111506	-0.0431305	-0.000196857	0.0300885	0.0591712	0.0973991	0.1493	0.215855	0.313499	0.424228	0.512271	0.556099	0.549181	0.498273	0.408167	0.290764	0.167685	0.0776817	0.0420441	0.0741561	0.154788	0.27158	0.39681	0.510347	0.584675	0.611069	0.559935	
-1.18123	-1.18123	-1.14318	-1.0683	-0.957611	-0.806653	-0.622005	-0.414962	-0.215105	-0.0362106	0.0970677	0.186854	0.217456	0.202937	0.146658	0.0584608	-0.0520025	-0.180162	-0.288776	-0.359698	-0.376862	-0.346776	-0.288848	-0.212924	-0.147997	-0.106514	-0.078002	-0.0467747	0.0056825	0.0725531	0.153432	0.255805	0.36567	0.458715	0.509273	0.508044	0.457185	0.368211	0.248794	0.131723	0.0518714	0.0364876	0.0866379	0.187988	0.319616	0.458606	0.584675	0.682949	0.737089	0.710771	
-1.06807	-1.06807	-1.02648	-0.942755	-0.813485	-0.637915	-0.423326	-0.196572	0.0145732	0.18281	0.299568	0.35931	0.360608	0.311649	0.219804	0.10088	-0.0406382	-0.193153	-0.325762	-0.416504	-0.441086	-0.414164	-0.352038	-0.274286	-0.211657	-0.168715	-0.142009	-0.107035	-0.0474744	0.0257162	0.109052	0.201644	0.298644	0.381374	0.430457	0.424629	0.370175	0.276949	0.162146	0.0587478	-0.00363519	-0.00762907	0.0536508	0.160638	0.29981	0.459935	0.611069	0.737089	0.821189	0.836997	
-0.938873	-0.938873	-0.894603	-0.803938	-0.660026	-0.46282	-0.224328	0.0218684	0.238207	0.396982	0.491032	0.520504	0.489286	0.403729	0.275348	0.123905	-0.0462453	-0.213805	-0.363859	-0.460968	-0.491987	-0.465743	-0.39878	-0.322815	-0.255638	-0.209957	-0.178061	-0.135764	-0.0740573	-0.00204929	0.0741423	0.14785	0.223307	0.287141	0.323298	0.307287	0.245356	0.145007	0.0352277	-0.0547812	-0.108111	-0.105399	-0.0396564	0.0659933	0.216975	0.391868	0.559935	0.710771	0.836997	0.904063	
