0.194189	0.302224	0.42294	0.536888	0.616698	0.662296	0.682563	0.668213	0.602516	0.495539	0.368832	0.232985	0.101654	-0.0112304	-0.103908	-0.180225	-0.253223	-0.315839	-0.356355	-0.356451	-0.318602	-0.251221	-0.173274	-0.0788308	0.0417266	0.177561	0.333401	0.515984	0.717755	0.899073	1.0444	1.15603	1.22667	1.24994	1.23331	1.17715	1.08323	0.951184	0.787007	0.608541	0.430389	0.274547	0.145032	0.0437528	-0.0234978	-0.053955	-0.0572226	-0.0572603	-0.0566166	-0.0566166	
0.302224	0.383307	0.468658	0.546832	0.601441	0.634613	0.646967	0.623826	0.556969	0.453052	0.324054	0.188386	0.0599639	-0.0359281	-0.107951	-0.167695	-0.214995	-0.250443	-0.265331	-0.248407	-0.196852	-0.116753	-0.0351001	0.0524677	0.160886	0.274366	0.405377	0.571862	0.761052	0.935959	1.07836	1.18942	1.26418	1.30136	1.30426	1.26921	1.19628	1.08456	0.932881	0.759795	0.583054	0.419353	0.27786	0.165203	0.0917065	0.0500684	0.0298529	0.0152068	0.00559365	0.00559365	
0.42294	0.468658	0.501789	0.538177	0.564575	0.58107	0.57737	0.546131	0.484841	0.392067	0.275502	0.152471	0.0447485	-0.0256972	-0.0720631	-0.104692	-0.11937	-0.127159	-0.120235	-0.086219	-0.0268433	0.0537798	0.128678	0.199272	0.27764	0.357443	0.454939	0.591497	0.759528	0.920079	1.05888	1.17192	1.25476	1.31113	1.33087	1.31332	1.26246	1.17734	1.05089	0.893091	0.727931	0.564861	0.421243	0.306193	0.219533	0.154403	0.10541	0.0740933	0.0576483	0.0576483	
0.536888	0.546832	0.538177	0.535046	0.531937	0.52211	0.498735	0.454361	0.396603	0.319417	0.229943	0.135992	0.0605198	0.0162657	-0.0020778	0.00238594	0.017292	0.0348009	0.0620672	0.1087	0.167611	0.237146	0.297186	0.343101	0.38257	0.420174	0.480974	0.580559	0.714509	0.85679	0.988034	1.10316	1.19765	1.2731	1.31427	1.31941	1.29079	1.23019	1.12917	0.998004	0.854844	0.704234	0.564553	0.441866	0.335805	0.236569	0.158102	0.107768	0.0855329	0.0855329	
0.616698	0.601441	0.564575	0.531937	0.500346	0.466633	0.421537	0.365996	0.311068	0.25359	0.198774	0.142828	0.104084	0.0912309	0.0996102	0.132409	0.1717	0.204225	0.243045	0.292582	0.340961	0.395065	0.441304	0.463348	0.464123	0.46423	0.491674	0.551433	0.647011	0.762097	0.878728	0.995654	1.09533	1.18684	1.25198	1.28522	1.28323	1.24126	1.16677	1.06748	0.955783	0.824271	0.688499	0.553821	0.42379	0.297988	0.192552	0.121861	0.0876325	0.0876325	
0.662296	0.634613	0.58107	0.52211	0.466633	0.413451	0.354432	0.297797	0.254093	0.21464	0.188849	0.170138	0.17211	0.186623	0.216061	0.267412	0.318415	0.361818	0.400965	0.449145	0.482665	0.517924	0.543412	0.53627	0.504238	0.471842	0.470475	0.497478	0.554001	0.640946	0.74422	0.861142	0.967635	1.06554	1.14956	1.21013	1.23703	1.22003	1.17571	1.11018	1.02655	0.913834	0.781562	0.635767	0.485822	0.339875	0.210423	0.11588	0.0645339	0.0645339	
0.682563	0.646967	0.57737	0.498735	0.421537	0.354432	0.299719	0.25733	0.228986	0.205965	0.202881	0.220015	0.257737	0.29935	0.345072	0.403625	0.452081	0.491349	0.529919	0.57176	0.592826	0.604593	0.600764	0.566076	0.508031	0.450081	0.420898	0.416594	0.438545	0.497035	0.591228	0.70824	0.81956	0.922225	1.0155	1.10073	1.15895	1.17657	1.16523	1.12617	1.0591	0.958909	0.832544	0.683745	0.523154	0.360306	0.213523	0.0969037	0.0335619	0.0335619	
0.668213	0.623826	0.546131	0.454361	0.365996	0.297797	0.25733	0.236219	0.226504	0.22644	0.243276	0.286175	0.347404	0.412733	0.475572	0.527323	0.559819	0.590472	0.618063	0.64754	0.655392	0.644798	0.615465	0.561982	0.486662	0.408015	0.353768	0.320073	0.315374	0.355973	0.440243	0.551334	0.662567	0.767216	0.869845	0.972093	1.06007	1.11218	1.12967	1.11268	1.05898	0.969426	0.850873	0.704522	0.535216	0.358051	0.193912	0.0626987	-0.00847837	-0.00847837	
0.602516	0.556969	0.484841	0.396603	0.311068	0.254093	0.228986	0.226504	0.243695	0.278254	0.316455	0.368673	0.440811	0.518026	0.581621	0.620098	0.638315	0.651553	0.659637	0.665944	0.6603	0.638416	0.594502	0.526579	0.44027	0.349119	0.276393	0.228205	0.210912	0.240821	0.310184	0.397571	0.49826	0.606891	0.718322	0.83231	0.94084	1.01697	1.05668	1.06565	1.0312	0.95581	0.845218	0.699548	0.526774	0.340474	0.166019	0.0288943	-0.0473378	-0.0473378	
0.495539	0.453052	0.392067	0.319417	0.25359	0.21464	0.205965	0.22644	0.278254	0.347692	0.401505	0.458951	0.528145	0.598571	0.65257	0.681618	0.689011	0.6801	0.661215	0.640233	0.626102	0.603054	0.553409	0.477728	0.384209	0.287484	0.210527	0.156579	0.132532	0.147938	0.189908	0.243495	0.331564	0.445283	0.561147	0.68108	0.79282	0.881708	0.941527	0.977644	0.975023	0.920396	0.821568	0.684249	0.511849	0.324292	0.14862	0.00747954	-0.0697772	-0.0697772	
0.368832	0.324054	0.275502	0.229943	0.198774	0.188849	0.202881	0.243276	0.316455	0.401505	0.466768	0.527447	0.588904	0.641812	0.684465	0.705725	0.704453	0.680765	0.647422	0.611848	0.590832	0.56321	0.506609	0.422132	0.321871	0.230498	0.158461	0.10684	0.0759249	0.0704784	0.0789541	0.103672	0.175364	0.283783	0.398269	0.511668	0.624575	0.724294	0.803041	0.868554	0.893584	0.863377	0.786122	0.660185	0.494842	0.309973	0.135115	-0.000241671	-0.0761908	-0.0761908	
0.232985	0.188386	0.152471	0.135992	0.142828	0.170138	0.220015	0.286175	0.368673	0.458951	0.527447	0.581927	0.626332	0.656728	0.678386	0.68702	0.677691	0.64897	0.61487	0.573198	0.537824	0.497191	0.434346	0.350346	0.267442	0.196951	0.140006	0.0958855	0.0547821	0.0242245	0.00274735	-0.0019335	0.0408892	0.125873	0.222559	0.329639	0.444608	0.557	0.658857	0.744281	0.79334	0.791698	0.740839	0.634618	0.476787	0.294057	0.121914	-0.00772903	-0.0774993	-0.0774993	
0.101654	0.0599639	0.0447485	0.0605198	0.104084	0.17211	0.257737	0.347404	0.440811	0.528145	0.588904	0.626332	0.649451	0.646364	0.636646	0.622638	0.598019	0.568977	0.540265	0.50078	0.456713	0.401167	0.333504	0.268782	0.216491	0.174219	0.137087	0.103109	0.061116	0.0182801	-0.022228	-0.0514104	-0.0468555	-0.00298156	0.0693073	0.165341	0.279752	0.402552	0.518925	0.617683	0.686644	0.710806	0.685281	0.596887	0.448398	0.271331	0.100101	-0.0267985	-0.0940252	-0.0940252	
-0.0112304	-0.0359281	-0.0256972	0.0162657	0.0912309	0.186623	0.29935	0.412733	0.518026	0.598571	0.641812	0.656728	0.646364	0.606509	0.560533	0.519263	0.479305	0.446653	0.425596	0.39696	0.352478	0.288211	0.225015	0.184309	0.162733	0.147111	0.13071	0.113203	0.079925	0.0355282	-0.0128661	-0.0587894	-0.0871535	-0.0776268	-0.0299919	0.051238	0.158709	0.279795	0.398249	0.503265	0.583976	0.62532	0.613162	0.536162	0.40406	0.237739	0.0716871	-0.0601203	-0.131347	-0.131347	
-0.103908	-0.107951	-0.0720631	-0.0020778	0.0996102	0.216061	0.345072	0.475572	0.581621	0.65257	0.684465	0.678386	0.636646	0.560533	0.477874	0.404134	0.340889	0.298649	0.27411	0.256112	0.220202	0.167625	0.123364	0.103746	0.106414	0.115083	0.123963	0.126995	0.104097	0.0605956	0.00485796	-0.0544181	-0.0987278	-0.110373	-0.0829658	-0.0199521	0.0758461	0.187993	0.303415	0.411215	0.500096	0.549862	0.540925	0.472355	0.353719	0.200885	0.0358023	-0.104818	-0.186807	-0.186807	
-0.180225	-0.167695	-0.104692	0.00238594	0.132409	0.267412	0.403625	0.527323	0.620098	0.681618	0.705725	0.68702	0.622638	0.519263	0.404134	0.296883	0.208358	0.146703	0.107928	0.0871846	0.0705664	0.0500066	0.0348736	0.0363267	0.0544923	0.0828612	0.114157	0.131027	0.119092	0.0778765	0.0137663	-0.050566	-0.0949089	-0.112509	-0.0990514	-0.0503992	0.0313789	0.133719	0.242787	0.350001	0.443274	0.495269	0.48773	0.421573	0.305175	0.152222	-0.0177018	-0.170351	-0.261495	-0.261495	
-0.253223	-0.214995	-0.11937	0.017292	0.1717	0.318415	0.452081	0.559819	0.638315	0.689011	0.704453	0.677691	0.598019	0.479305	0.340889	0.208358	0.102916	0.0258766	-0.0289738	-0.0549694	-0.0555695	-0.0438926	-0.0293087	-0.00992142	0.0228281	0.0671814	0.106675	0.130469	0.126935	0.0842095	0.0161481	-0.0483314	-0.085145	-0.098392	-0.0875683	-0.0439037	0.0275373	0.116691	0.212055	0.311065	0.394376	0.443499	0.437152	0.367204	0.247209	0.0861251	-0.0856615	-0.238626	-0.329793	-0.329793	
-0.315839	-0.250443	-0.127159	0.0348009	0.204225	0.361818	0.491349	0.590472	0.651553	0.6801	0.680765	0.64897	0.568977	0.446653	0.298649	0.146703	0.0258766	-0.0574891	-0.114955	-0.137419	-0.124477	-0.0933874	-0.0658821	-0.0353994	0.0102544	0.059993	0.101072	0.125974	0.126643	0.0901462	0.0251123	-0.0285518	-0.0595743	-0.0727892	-0.0610276	-0.0218263	0.0375853	0.110067	0.195237	0.279693	0.353248	0.395809	0.386777	0.31325	0.178852	0.0107554	-0.164192	-0.310003	-0.394554	-0.394554	
-0.356355	-0.265331	-0.120235	0.0620672	0.243045	0.400965	0.529919	0.618063	0.659637	0.661215	0.647422	0.61487	0.540265	0.425596	0.27411	0.107928	-0.0289738	-0.114955	-0.160193	-0.169591	-0.147163	-0.117064	-0.0964391	-0.0625565	-0.00271016	0.0577877	0.103412	0.13214	0.135219	0.100355	0.0465386	0.000900873	-0.0307908	-0.047016	-0.0371256	0.000799504	0.0493069	0.114822	0.193614	0.271613	0.332433	0.362765	0.343895	0.254152	0.107599	-0.0740881	-0.251686	-0.392085	-0.469496	-0.469496	
-0.356451	-0.248407	-0.086219	0.1087	0.292582	0.449145	0.57176	0.64754	0.665944	0.640233	0.611848	0.573198	0.50078	0.39696	0.256112	0.0871846	-0.0549694	-0.137419	-0.169591	-0.16312	-0.136037	-0.118257	-0.11385	-0.0845318	-0.0233335	0.0422286	0.0941862	0.128495	0.13789	0.111679	0.0672836	0.0312067	-0.00312409	-0.0222238	-0.0131432	0.0212214	0.0676466	0.131725	0.21315	0.286986	0.340248	0.353442	0.313254	0.204299	0.0369096	-0.160284	-0.34952	-0.491799	-0.566903	-0.566903	
-0.318602	-0.196852	-0.0268433	0.167611	0.340961	0.482665	0.592826	0.655392	0.6603	0.626102	0.590832	0.537824	0.456713	0.352478	0.220202	0.0705664	-0.0555695	-0.124477	-0.147163	-0.136037	-0.113295	-0.101004	-0.106016	-0.0924326	-0.0423876	0.0165182	0.0714819	0.118212	0.141786	0.129952	0.0932019	0.0592129	0.0259352	0.00666762	0.0134073	0.0452847	0.0929528	0.157211	0.238476	0.310746	0.357316	0.356118	0.295247	0.166589	-0.0198562	-0.237272	-0.443385	-0.596149	-0.676628	-0.676628	
-0.251221	-0.116753	0.0537798	0.237146	0.395065	0.517924	0.604593	0.644798	0.638416	0.603054	0.56321	0.497191	0.401167	0.288211	0.167625	0.0500066	-0.0438926	-0.0933874	-0.117064	-0.118257	-0.101004	-0.0875947	-0.0976706	-0.102459	-0.0722462	-0.0205861	0.037515	0.0984276	0.146702	0.153926	0.126711	0.0983307	0.0730425	0.0591988	0.0659497	0.096232	0.14179	0.202829	0.276619	0.342284	0.379559	0.363801	0.286083	0.139692	-0.0644966	-0.301399	-0.527469	-0.69968	-0.793876	-0.793876	
-0.173274	-0.0351001	0.128678	0.297186	0.441304	0.543412	0.600764	0.615465	0.594502	0.553409	0.506609	0.434346	0.333504	0.225015	0.123364	0.0348736	-0.0293087	-0.0658821	-0.0964391	-0.11385	-0.106016	-0.0976706	-0.115057	-0.128407	-0.101378	-0.0422203	0.0272496	0.103994	0.170745	0.192645	0.174152	0.152684	0.134859	0.127238	0.137004	0.165258	0.206575	0.261413	0.328345	0.381884	0.405834	0.376967	0.282551	0.121443	-0.0985049	-0.349212	-0.59289	-0.790652	-0.903033	-0.903033	
-0.0788308	0.0524677	0.199272	0.343101	0.463348	0.53627	0.566076	0.561982	0.526579	0.477728	0.422132	0.350346	0.268782	0.184309	0.103746	0.0363267	-0.00992142	-0.0353994	-0.0625565	-0.0845318	-0.0924326	-0.102459	-0.128407	-0.141186	-0.104164	-0.0304719	0.0527001	0.14103	0.2113	0.240693	0.23533	0.21712	0.200616	0.193971	0.207839	0.232496	0.26925	0.321413	0.379954	0.422556	0.429558	0.38969	0.281379	0.103219	-0.126192	-0.383452	-0.63851	-0.852399	-0.97952	-0.97952	
0.0417266	0.160886	0.27764	0.38257	0.464123	0.504238	0.508031	0.486662	0.44027	0.384209	0.321871	0.267442	0.216491	0.162733	0.106414	0.0544923	0.0228281	0.0102544	-0.00271016	-0.0233335	-0.0423876	-0.0722462	-0.101378	-0.104164	-0.0619387	0.0197133	0.111714	0.195561	0.259731	0.296896	0.307171	0.292248	0.272702	0.264772	0.277727	0.300744	0.331881	0.380768	0.427242	0.449877	0.441593	0.388364	0.265732	0.0756399	-0.1627	-0.419903	-0.67268	-0.88494	-1.0081	-1.0081	
0.177561	0.274366	0.357443	0.420174	0.46423	0.471842	0.450081	0.408015	0.349119	0.287484	0.230498	0.196951	0.174219	0.147111	0.115083	0.0828612	0.0671814	0.059993	0.0577877	0.0422286	0.0165182	-0.0205861	-0.0422203	-0.0304719	0.0197133	0.110411	0.203922	0.284188	0.343236	0.384707	0.403083	0.386166	0.362399	0.348373	0.352176	0.366464	0.394235	0.432839	0.458489	0.460647	0.430642	0.3619	0.227883	0.0296761	-0.210024	-0.463985	-0.702316	-0.888991	-0.992026	-0.992026	
0.333401	0.405377	0.454939	0.480974	0.491674	0.470475	0.420898	0.353768	0.276393	0.210527	0.158461	0.140006	0.137087	0.13071	0.123963	0.114157	0.106675	0.101072	0.103412	0.0941862	0.0714819	0.037515	0.0272496	0.0527001	0.111714	0.203922	0.304542	0.394952	0.459351	0.502509	0.517076	0.497731	0.474742	0.449638	0.433519	0.431012	0.443121	0.461995	0.465814	0.448859	0.400714	0.315051	0.174333	-0.0195673	-0.253721	-0.495745	-0.711273	-0.865192	-0.943157	-0.943157	
0.515984	0.571862	0.591497	0.580559	0.551433	0.497478	0.416594	0.320073	0.228205	0.156579	0.10684	0.0958855	0.103109	0.113203	0.126995	0.131027	0.130469	0.125974	0.13214	0.128495	0.118212	0.0984276	0.103994	0.14103	0.195561	0.284188	0.394952	0.502783	0.578214	0.617436	0.626523	0.608577	0.586245	0.555123	0.521619	0.496539	0.478814	0.466734	0.44707	0.414129	0.351593	0.253228	0.115413	-0.0632038	-0.274476	-0.487513	-0.671868	-0.796759	-0.857759	-0.857759	
0.717755	0.761052	0.759528	0.714509	0.647011	0.554001	0.438545	0.315374	0.210912	0.132532	0.0759249	0.0547821	0.061116	0.079925	0.104097	0.119092	0.126935	0.126643	0.135219	0.13789	0.141786	0.146702	0.170745	0.2113	0.259731	0.343236	0.459351	0.578214	0.659894	0.707532	0.724641	0.710277	0.686526	0.655145	0.613824	0.564954	0.513295	0.464805	0.420433	0.370937	0.29741	0.198418	0.0706184	-0.0850816	-0.259735	-0.432	-0.581019	-0.686746	-0.740566	-0.740566	
0.899073	0.935959	0.920079	0.85679	0.762097	0.640946	0.497035	0.355973	0.240821	0.147938	0.0704784	0.0242245	0.0182801	0.0355282	0.0605956	0.0778765	0.0842095	0.0901462	0.100355	0.111679	0.129952	0.153926	0.192645	0.240693	0.296896	0.384707	0.502509	0.617436	0.707532	0.777388	0.81368	0.805969	0.77875	0.741591	0.689587	0.618094	0.538114	0.462892	0.394148	0.326919	0.25044	0.159922	0.0517357	-0.0724371	-0.20489	-0.33005	-0.444465	-0.531598	-0.579073	-0.579073	
1.0444	1.07836	1.05888	0.988034	0.878728	0.74422	0.591228	0.440243	0.310184	0.189908	0.0789541	0.00274735	-0.022228	-0.0128661	0.00485796	0.0137663	0.0161481	0.0251123	0.0465386	0.0672836	0.0932019	0.126711	0.174152	0.23533	0.307171	0.403083	0.517076	0.626523	0.724641	0.81368	0.874122	0.888722	0.865829	0.818954	0.744264	0.650689	0.552436	0.45552	0.367056	0.286362	0.21118	0.135448	0.0546723	-0.0300255	-0.114428	-0.194864	-0.271654	-0.333792	-0.368456	-0.368456	
1.15603	1.18942	1.17192	1.10316	0.995654	0.861142	0.70824	0.551334	0.397571	0.243495	0.103672	-0.0019335	-0.0514104	-0.0587894	-0.0544181	-0.050566	-0.0483314	-0.0285518	0.000900873	0.0312067	0.0592129	0.0983307	0.152684	0.21712	0.292248	0.386166	0.497731	0.608577	0.710277	0.805969	0.888722	0.934935	0.927834	0.869331	0.776066	0.666246	0.551864	0.436395	0.333195	0.248861	0.177639	0.116976	0.0643752	0.0228397	-0.0117369	-0.0445776	-0.0745331	-0.101838	-0.116504	-0.116504	
1.22667	1.26418	1.25476	1.19765	1.09533	0.967635	0.81956	0.662567	0.49826	0.331564	0.175364	0.0408892	-0.0468555	-0.0871535	-0.0987278	-0.0949089	-0.085145	-0.0595743	-0.0307908	-0.00312409	0.0259352	0.0730425	0.134859	0.200616	0.272702	0.362399	0.474742	0.586245	0.686526	0.77875	0.865829	0.927834	0.926491	0.864528	0.76876	0.652162	0.523448	0.392405	0.283674	0.20266	0.14339	0.100708	0.0769033	0.0742807	0.0839494	0.101415	0.119265	0.1317	0.136709	0.136709	
1.24994	1.30136	1.31113	1.2731	1.18684	1.06554	0.922225	0.767216	0.606891	0.445283	0.283783	0.125873	-0.00298156	-0.0776268	-0.110373	-0.112509	-0.098392	-0.0727892	-0.047016	-0.0222238	0.00666762	0.0591988	0.127238	0.193971	0.264772	0.348373	0.449638	0.555123	0.655145	0.741591	0.818954	0.869331	0.864528	0.810814	0.72384	0.60954	0.472907	0.336143	0.223859	0.142793	0.091569	0.0690705	0.0714809	0.099467	0.148978	0.20828	0.272235	0.320572	0.347279	0.347279	
1.23331	1.30426	1.33087	1.31427	1.25198	1.14956	1.0155	0.869845	0.718322	0.561147	0.398269	0.222559	0.0693073	-0.0299919	-0.0829658	-0.0990514	-0.0875683	-0.0610276	-0.0371256	-0.0131432	0.0134073	0.0659497	0.137004	0.207839	0.277727	0.352176	0.433519	0.521619	0.613824	0.689587	0.744264	0.776066	0.76876	0.72384	0.649168	0.537385	0.40338	0.269407	0.150628	0.057345	0.00227505	-0.00964425	0.0157273	0.0756237	0.160663	0.25804	0.357066	0.440153	0.489253	0.489253	
1.17715	1.26921	1.31332	1.31941	1.28522	1.21013	1.10073	0.972093	0.83231	0.68108	0.511668	0.329639	0.165341	0.051238	-0.0199521	-0.0503992	-0.0439037	-0.0218263	0.000799504	0.0212214	0.0452847	0.096232	0.165258	0.232496	0.300744	0.366464	0.431012	0.496539	0.564954	0.618094	0.650689	0.666246	0.652162	0.60954	0.537385	0.432114	0.30428	0.17523	0.053121	-0.055174	-0.12472	-0.140482	-0.100657	-0.0121532	0.108232	0.238605	0.367956	0.47995	0.547344	0.547344	
1.08323	1.19628	1.26246	1.29079	1.28323	1.23703	1.15895	1.06007	0.94084	0.79282	0.624575	0.444608	0.279752	0.158709	0.0758461	0.0313789	0.0275373	0.0375853	0.0493069	0.0676466	0.0929528	0.14179	0.206575	0.26925	0.331881	0.394235	0.443121	0.478814	0.513295	0.538114	0.552436	0.551864	0.523448	0.472907	0.40338	0.30428	0.179396	0.0520191	-0.0730497	-0.189265	-0.27358	-0.302583	-0.263842	-0.163935	-0.0207925	0.138269	0.295021	0.424884	0.499825	0.499825	
0.951184	1.08456	1.17734	1.23019	1.24126	1.22003	1.17657	1.11218	1.01697	0.881708	0.724294	0.557	0.402552	0.279795	0.187993	0.133719	0.116691	0.110067	0.114822	0.131725	0.157211	0.202829	0.261413	0.321413	0.380768	0.432839	0.461995	0.466734	0.464805	0.462892	0.45552	0.436395	0.392405	0.336143	0.269407	0.17523	0.0520191	-0.0823686	-0.21599	-0.34387	-0.440521	-0.485729	-0.465282	-0.376796	-0.229125	-0.0456628	0.136519	0.280277	0.356819	0.356819	
0.787007	0.932881	1.05089	1.12917	1.16677	1.17571	1.16523	1.12967	1.05668	0.941527	0.803041	0.658857	0.518925	0.398249	0.303415	0.242787	0.212055	0.195237	0.193614	0.21315	0.238476	0.276619	0.328345	0.379954	0.427242	0.458489	0.465814	0.44707	0.420433	0.394148	0.367056	0.333195	0.283674	0.223859	0.150628	0.053121	-0.0730497	-0.21599	-0.368222	-0.512912	-0.623742	-0.686054	-0.688933	-0.623552	-0.481721	-0.28666	-0.0863116	0.0711206	0.153728	0.153728	
0.608541	0.759795	0.893091	0.998004	1.06748	1.11018	1.12617	1.11268	1.06565	0.977644	0.868554	0.744281	0.617683	0.503265	0.411215	0.350001	0.311065	0.279693	0.271613	0.286986	0.310746	0.342284	0.381884	0.422556	0.449877	0.460647	0.448859	0.414129	0.370937	0.326919	0.286362	0.248861	0.20266	0.142793	0.057345	-0.055174	-0.189265	-0.34387	-0.512912	-0.678413	-0.810009	-0.892312	-0.914116	-0.861427	-0.727518	-0.534084	-0.328678	-0.161634	-0.0681411	-0.0681411	
0.430389	0.583054	0.727931	0.854844	0.955783	1.02655	1.0591	1.05898	1.0312	0.975023	0.893584	0.79334	0.686644	0.583976	0.500096	0.443274	0.394376	0.353248	0.332433	0.340248	0.357316	0.379559	0.405834	0.429558	0.441593	0.430642	0.400714	0.351593	0.29741	0.25044	0.21118	0.177639	0.14339	0.091569	0.00227505	-0.12472	-0.27358	-0.440521	-0.623742	-0.810009	-0.971342	-1.07816	-1.11159	-1.06095	-0.930107	-0.742671	-0.540133	-0.3693	-0.27016	-0.27016	
0.274547	0.419353	0.564861	0.704234	0.824271	0.913834	0.958909	0.969426	0.95581	0.920396	0.863377	0.791698	0.710806	0.62532	0.549862	0.495269	0.443499	0.395809	0.362765	0.353442	0.356118	0.363801	0.376967	0.38969	0.388364	0.3619	0.315051	0.253228	0.198418	0.159922	0.135448	0.116976	0.100708	0.0690705	-0.00964425	-0.140482	-0.302583	-0.485729	-0.686054	-0.892312	-1.07816	-1.2024	-1.24019	-1.18773	-1.05699	-0.872755	-0.673715	-0.507895	-0.412451	-0.412451	
0.145032	0.27786	0.421243	0.564553	0.688499	0.781562	0.832544	0.850873	0.845218	0.821568	0.786122	0.740839	0.685281	0.613162	0.540925	0.48773	0.437152	0.386777	0.343895	0.313254	0.295247	0.286083	0.282551	0.281379	0.265732	0.227883	0.174333	0.115413	0.0706184	0.0517357	0.0546723	0.0643752	0.0769033	0.0714809	0.0157273	-0.100657	-0.263842	-0.465282	-0.688933	-0.914116	-1.11159	-1.24019	-1.27893	-1.2219	-1.08537	-0.895022	-0.691042	-0.526888	-0.433286	-0.433286	
0.0437528	0.165203	0.306193	0.441866	0.553821	0.635767	0.683745	0.704522	0.699548	0.684249	0.660185	0.634618	0.596887	0.536162	0.472355	0.421573	0.367204	0.31325	0.254152	0.204299	0.166589	0.139692	0.121443	0.103219	0.0756399	0.0296761	-0.0195673	-0.0632038	-0.0850816	-0.0724371	-0.0300255	0.0228397	0.0742807	0.099467	0.0756237	-0.0121532	-0.163935	-0.376796	-0.623552	-0.861427	-1.06095	-1.18773	-1.2219	-1.15584	-1.00442	-0.798754	-0.583363	-0.407366	-0.307411	-0.307411	
-0.0234978	0.0917065	0.219533	0.335805	0.42379	0.485822	0.523154	0.535216	0.526774	0.511849	0.494842	0.476787	0.448398	0.40406	0.353719	0.305175	0.247209	0.178852	0.107599	0.0369096	-0.0198562	-0.0644966	-0.0985049	-0.126192	-0.1627	-0.210024	-0.253721	-0.274476	-0.259735	-0.20489	-0.114428	-0.0117369	0.0839494	0.148978	0.160663	0.108232	-0.0207925	-0.229125	-0.481721	-0.727518	-0.930107	-1.05699	-1.08537	-1.00442	-0.830808	-0.601699	-0.36216	-0.165059	-0.051101	-0.051101	
-0.053955	0.0500684	0.154403	0.236569	0.297988	0.339875	0.360306	0.358051	0.340474	0.324292	0.309973	0.294057	0.271331	0.237739	0.200885	0.152222	0.0861251	0.0107554	-0.0740881	-0.160284	-0.237272	-0.301399	-0.349212	-0.383452	-0.419903	-0.463985	-0.495745	-0.487513	-0.432	-0.33005	-0.194864	-0.0445776	0.101415	0.20828	0.25804	0.238605	0.138269	-0.0456628	-0.28666	-0.534084	-0.742671	-0.872755	-0.895022	-0.798754	-0.601699	-0.34006	-0.0677127	0.156039	0.282362	0.282362	
-0.0572226	0.0298529	0.10541	0.158102	0.192552	0.210423	0.213523	0.193912	0.166019	0.14862	0.135115	0.121914	0.100101	0.0716871	0.0358023	-0.0177018	-0.0856615	-0.164192	-0.251686	-0.34952	-0.443385	-0.527469	-0.59289	-0.63851	-0.67268	-0.702316	-0.711273	-0.671868	-0.581019	-0.444465	-0.271654	-0.0745331	0.119265	0.272235	0.357066	0.367956	0.295021	0.136519	-0.0863116	-0.328678	-0.540133	-0.673715	-0.691042	-0.583363	-0.36216	-0.0677127	0.238327	0.489717	0.627374	0.627374	
-0.0572603	0.0152068	0.0740933	0.107768	0.121861	0.11588	0.0969037	0.0626987	0.0288943	0.00747954	-0.000241671	-0.00772903	-0.0267985	-0.0601203	-0.104818	-0.170351	-0.238626	-0.310003	-0.392085	-0.491799	-0.596149	-0.69968	-0.790652	-0.852399	-0.88494	-0.888991	-0.865192	-0.796759	-0.686746	-0.531598	-0.333792	-0.101838	0.1317	0.320572	0.440153	0.47995	0.424884	0.280277	0.0711206	-0.161634	-0.3693	-0.507895	-0.526888	-0.407366	-0.165059	0.156039	0.489717	0.766693	0.92162	0.92162	
-0.0566166	0.00559365	0.0576483	0.0855329	0.0876325	0.0645339	0.0335619	-0.00847837	-0.0473378	-0.0697772	-0.0761908	-0.0774993	-0.0940252	-0.131347	-0.186807	-0.261495	-0.329793	-0.394554	-0.469496	-0.566903	-0.676628	-0.793876	-0.903033	-0.97952	-1.0081	-0.992026	-0.943157	-0.857759	-0.740566	-0.579073	-0.368456	-0.116504	0.136709	0.347279	0.489253	0.547344	0.499825	0.356819	0.153728	-0.0681411	-0.27016	-0.412451	-0.433286	-0.307411	-0.051101	0.282362	0.627374	0.92162	1.08937	1.08937	
-0.0566166	0.00559365	0.0576483	0.0855329	0.0876325	0.0645339	0.0335619	-0.00847837	-0.0473378	-0.0697772	-0.0761908	-0.0774993	-0.0940252	-0.131347	-0.186807	-0.261495	-0.329793	-0.394554	-0.469496	-0.566903	-0.676628	-0.793876	-0.903033	-0.97952	-1.0081	-0.992026	-0.943157	-0.857759	-0.740566	-0.579073	-0.368456	-0.116504	0.136709	0.347279	0.489253	0.547344	0.499825	0.356819	0.153728	-0.0681411	-0.27016	-0.412451	-0.433286	-0.307411	-0.051101	0.282362	0.627374	0.92162	1.08937	1.08937	
