0	0	0	0	0	0	0	0	0	0	0	0	0	0	0	0	0	0	0	0	0	0	0	0	0	3.40098e-45	4.99713e-42	1.70254e-41	3.03807e-40	2.99237e-39	3.72753e-39	1.28368e-39	2.6763e-41	8.89097e-42	9.60528e-43	0	0	0	0	0	0	0	0	0	0	0	0	0	0	0	
0	0	0	0	0	0	0	0	0	0	0	0	0	0	0	0	0	0	0	0	0	0	0	0	0	3.40098e-45	4.99713e-42	1.70254e-41	3.03807e-40	2.99237e-39	3.72753e-39	1.28368e-39	2.6763e-41	8.89097e-42	9.60528e-43	0	0	0	0	0	0	0	0	0	0	0	0	0	0	0	
0	0	0	0	0	0	0	0	0	0	0	0	0	0	0	0	0	0	0	0	0	0	0	0	2.6407e-42	1.32256e-40	1.94609e-38	6.5631e-38	6.20649e-37	5.38614e-36	6.68743e-36	2.36296e-36	1.02053e-37	3.45074e-38	3.87615e-39	2.68694e-41	0	0	0	0	0	0	0	0	0	0	0	0	0	0	
0	0	0	0	0	0	0	0	0	0	0	0	0	0	0	0	0	0	0	0	0	0	0	5.66353e-41	1.14407e-38	4.63502e-37	3.50295e-35	1.16879e-34	7.76362e-34	5.9539e-33	7.36545e-33	2.67584e-33	1.79761e-34	6.18811e-35	7.23326e-36	1.01289e-37	3.48077e-40	0	0	0	0	0	0	0	0	0	0	0	0	0	
0	0	0	0	0	0	0	0	0	0	0	0	0	0	0	0	0	0	0	0	0	0	5.85968e-40	2.16277e-37	2.25556e-35	7.75192e-34	3.86629e-32	1.27559e-31	6.65992e-31	4.5218e-30	5.57102e-30	2.08594e-30	1.94028e-31	6.80184e-32	8.28251e-33	1.76208e-34	1.24731e-36	2.8084e-39	0	0	0	0	0	0	0	0	0	0	0	0	
0	0	0	0	0	0	0	0	0	0	0	0	0	0	0	0	0	0	0	0	0	3.86252e-39	2.08475e-36	3.79614e-34	2.6932e-32	7.99936e-31	2.92718e-29	9.5431e-29	4.15816e-28	2.50171e-27	3.06804e-27	1.18723e-27	1.43545e-28	5.12624e-29	6.51172e-30	1.87649e-31	2.05794e-33	9.58335e-36	1.59485e-38	0	0	0	0	0	0	0	0	0	0	0	
0	0	0	0	0	0	0	0	0	0	0	0	0	0	0	0	0	0	0	0	1.81766e-38	1.29345e-35	3.40592e-33	4.06275e-31	2.18369e-29	5.66551e-28	1.61126e-26	5.18665e-26	1.95668e-25	1.04324e-24	1.27273e-24	5.10622e-25	7.71382e-26	2.80742e-26	3.72671e-27	1.36822e-28	2.07314e-30	1.50205e-32	5.17667e-35	6.81422e-38	0	0	0	0	0	0	0	0	0	0	
0	0	0	0	0	0	0	0	0	0	0	0	0	0	0	0	0	0	0	6.49263e-38	5.73906e-35	1.98428e-32	3.38789e-30	2.96546e-28	1.27649e-26	2.91249e-25	6.66841e-24	2.11746e-23	7.08839e-23	3.34709e-22	4.05907e-22	1.69456e-22	3.11323e-23	1.1553e-23	1.60614e-24	7.23839e-26	1.4258e-27	1.43359e-29	7.69769e-32	2.09958e-34	2.28324e-37	0	0	0	0	0	0	0	0	0	
0	0	0	0	0	0	0	0	0	0	0	0	0	0	0	0	0	0	1.82767e-37	1.93083e-34	8.27702e-32	1.84835e-29	2.29379e-27	1.56429e-25	5.57037e-24	1.12244e-22	2.11666e-21	6.62236e-21	2.00178e-20	8.36099e-20	1.00701e-19	4.39281e-20	9.62354e-21	3.64365e-21	5.31956e-22	2.87265e-23	7.09148e-25	9.31314e-27	6.94999e-29	2.95523e-31	6.66129e-34	6.16826e-37	0	0	0	0	0	0	0	0	
0	0	0	0	0	0	0	0	0	0	0	0	0	0	0	0	0	4.15559e-37	5.10735e-34	2.61409e-31	7.22441e-29	1.16821e-26	1.11949e-24	6.16496e-23	1.85291e-21	3.30466e-20	5.20994e-19	1.60377e-18	4.43423e-18	1.63547e-17	1.9542e-17	8.94966e-18	2.30296e-18	8.90321e-19	1.36965e-19	8.72145e-21	2.636e-22	4.36057e-24	4.25724e-26	2.5176e-28	8.85017e-31	1.69905e-33	1.36971e-36	0	0	0	0	0	0	0	
0	0	0	0	0	0	0	0	0	0	0	0	0	0	0	0	7.76008e-37	1.0877e-33	6.47286e-31	2.13377e-28	4.26243e-26	5.3029e-24	4.0689e-22	1.85076e-20	4.75386e-19	7.5079e-18	9.9894e-17	3.02002e-16	7.71306e-16	2.50714e-15	2.96818e-15	1.43469e-15	4.28398e-16	1.69278e-16	2.75568e-17	2.04735e-18	7.46354e-20	1.52003e-21	1.87268e-23	1.44997e-25	7.0919e-28	2.12392e-30	3.55057e-33	2.53446e-36	0	0	0	0	0	0	
0	0	0	0	0	0	0	0	0	0	0	0	0	0	0	1.20363e-36	1.89494e-33	1.28562e-30	4.92465e-28	1.17227e-25	1.79845e-23	1.78508e-21	1.1221e-19	4.27641e-18	9.45575e-17	1.32078e-15	1.49078e-14	4.41603e-14	1.04983e-13	3.00138e-13	3.51523e-13	1.80376e-13	6.18584e-14	2.50157e-14	4.33236e-15	3.73145e-16	1.62578e-17	4.01829e-19	6.10743e-21	5.97279e-23	3.82683e-25	1.59514e-27	4.16085e-30	6.16005e-33	3.94557e-36	0	0	0	0	0	
0	0	0	0	0	0	0	0	0	0	0	0	0	0	1.562e-36	2.72911e-33	2.07923e-30	9.07704e-28	2.50937e-25	4.58304e-23	5.59944e-21	4.53675e-19	2.37032e-17	7.63338e-16	1.45765e-14	1.79524e-13	1.72163e-12	4.98168e-12	1.10905e-11	2.78408e-11	3.22e-11	1.76491e-11	6.88741e-12	2.85556e-12	5.29702e-13	5.27282e-14	2.73331e-15	8.131e-17	1.50342e-18	1.81583e-20	1.47036e-22	8.03181e-25	2.91676e-27	6.73926e-30	8.95399e-33	5.20139e-36	0	0	0	0	
0	0	0	0	0	0	0	0	0	0	0	0	0	1.70302e-36	3.27016e-33	2.76463e-30	1.35506e-27	4.26788e-25	9.04736e-23	1.31463e-20	1.30871e-18	8.78089e-17	3.84553e-15	1.05054e-13	1.73204e-12	1.87128e-11	1.5219e-10	4.28383e-10	8.97307e-10	1.9764e-09	2.25273e-09	1.32711e-09	5.84163e-10	2.48908e-10	4.98875e-11	5.73928e-12	3.53778e-13	1.26237e-14	2.81737e-16	4.14504e-18	4.14836e-20	2.86521e-22	1.36399e-24	4.38859e-27	9.10135e-30	1.09681e-32	5.82919e-36	0	0	0	
0	0	0	0	0	0	0	0	0	0	0	0	1.562e-36	3.27016e-33	3.03831e-30	1.65234e-27	5.84193e-25	1.41046e-22	2.37749e-20	2.81199e-18	2.31382e-16	1.29637e-14	4.77615e-13	1.1066e-11	1.5695e-10	1.47613e-09	1.01271e-08	2.75696e-08	5.45247e-08	1.05477e-07	1.18228e-07	7.52727e-08	3.7046e-08	1.62784e-08	3.56538e-09	4.75493e-10	3.497e-11	1.49832e-12	4.02525e-14	7.1599e-16	8.73644e-18	7.46204e-20	4.4933e-22	1.89563e-24	5.47527e-27	1.03004e-29	1.13574e-32	5.56257e-36	0	0	
0	0	0	0	0	0	0	0	0	0	0	1.20363e-36	2.72911e-33	2.76463e-30	1.65234e-27	6.48152e-25	1.7564e-22	3.37092e-20	4.62257e-18	4.51451e-16	3.09579e-14	1.45326e-12	4.50101e-11	8.80687e-10	1.06662e-08	8.63769e-08	4.95326e-07	1.29333e-06	2.4203e-06	4.12805e-06	4.54112e-06	3.13624e-06	1.71009e-06	7.78893e-07	1.89247e-07	2.94454e-08	2.60328e-09	1.34683e-10	4.364e-12	9.36306e-14	1.3828e-15	1.44096e-17	1.07346e-19	5.72982e-22	2.17039e-24	5.68716e-27	9.78944e-30	9.94733e-33	4.5172e-36	0	
0	0	0	0	0	0	0	0	0	0	7.76008e-37	1.89494e-33	2.07923e-30	1.35506e-27	5.84193e-25	1.7564e-22	3.78312e-20	5.90537e-18	6.68328e-16	5.43387e-14	3.11554e-12	1.22406e-10	3.17058e-09	5.19271e-08	5.30672e-07	3.64347e-06	1.72288e-05	4.26102e-05	7.54776e-05	0.000114435	0.000123383	9.2448e-05	5.5316e-05	2.63258e-05	7.23975e-06	1.32803e-06	1.42921e-07	9.02547e-09	3.55164e-10	9.21476e-12	1.64379e-13	2.0749e-15	1.88671e-17	1.24624e-19	5.97345e-22	2.05283e-24	4.92184e-27	7.80724e-30	7.35507e-33	3.11286e-36	
0	0	0	0	0	0	0	0	0	4.15559e-37	1.0877e-33	1.28562e-30	9.07704e-28	4.26788e-25	1.41046e-22	3.37092e-20	5.90537e-18	7.60642e-16	7.16339e-14	4.86467e-12	2.32918e-10	7.61538e-09	1.63278e-07	2.20596e-06	1.86848e-05	0.000106394	0.000407232	0.000935517	0.00156426	0.00213787	0.00225964	0.00182655	0.00118792	0.000598618	0.000191453	4.20659e-05	5.61564e-06	4.40479e-07	2.13216e-08	6.74137e-10	1.45673e-11	2.22305e-13	2.44978e-15	1.97561e-17	1.17195e-19	5.09641e-22	1.60244e-24	3.54017e-27	5.20577e-30	4.57013e-33	
0	0	0	0	0	0	0	0	1.82767e-37	5.10735e-34	6.47286e-31	4.92465e-28	2.50937e-25	9.04736e-23	2.37749e-20	4.62257e-18	6.68328e-16	7.16339e-14	5.63294e-12	3.19137e-10	1.26856e-08	3.41382e-07	5.95819e-06	6.49412e-05	0.000443962	0.00203116	0.0061471	0.012711	0.0198857	0.0250014	0.0259737	0.022351	0.0156801	0.00856251	0.00330105	0.000889454	0.000151378	1.51444e-05	9.20323e-07	3.59559e-08	9.48833e-10	1.75578e-11	2.34027e-13	2.2876e-15	1.65677e-17	8.91562e-20	3.54673e-22	1.02738e-24	2.10366e-27	2.88205e-30	
0	0	0	0	0	0	0	6.49263e-38	1.93083e-34	2.61409e-31	2.13377e-28	1.17227e-25	4.58304e-23	1.31463e-20	2.81199e-18	4.51451e-16	5.43387e-14	4.86467e-12	3.19137e-10	1.50001e-08	4.89581e-07	1.06548e-05	0.000147569	0.00125506	0.00665795	0.0233761	0.0545921	0.0967752	0.138619	0.164119	0.168484	0.151313	0.11449	0.070567	0.034186	0.011694	0.00263739	0.000350108	2.7554e-05	1.35963e-06	4.44452e-08	1.00537e-09	1.6254e-11	1.92164e-13	1.68654e-15	1.10773e-17	5.45129e-20	1.99716e-22	5.36009e-25	1.02221e-27	
0	0	0	0	0	0	1.81766e-38	5.73906e-35	8.27702e-32	7.22441e-29	4.26243e-26	1.79845e-23	5.59944e-21	1.30871e-18	2.31382e-16	3.09579e-14	3.11554e-12	2.32918e-10	1.26856e-08	4.89581e-07	1.2897e-05	0.000221108	0.00234019	0.014783	0.057448	0.145672	0.260721	0.377246	0.476708	0.537712	0.548176	0.506602	0.420225	0.307829	0.191056	0.0869343	0.0273187	0.00509892	0.000544527	3.50714e-05	1.45179e-06	4.07069e-08	8.04359e-10	1.15288e-11	1.22303e-13	9.72827e-16	5.83946e-18	2.64494e-20	8.97311e-23	2.24182e-25	
0	0	0	0	0	3.86252e-39	1.29345e-35	1.98428e-32	1.84835e-29	1.16821e-26	5.3029e-24	1.78508e-21	4.53675e-19	8.78089e-17	1.29637e-14	1.45326e-12	1.22406e-10	7.61538e-09	3.41382e-07	1.06548e-05	0.000221108	0.00287737	0.022051	0.0965931	0.256086	0.455259	0.660891	0.837531	0.967065	1.03982	1.05206	1.00337	0.895352	0.73705	0.539074	0.333	0.151447	0.0428378	0.00664407	0.000586034	3.17184e-05	1.12547e-06	2.75289e-08	4.81532e-10	6.18419e-12	5.93811e-14	4.31164e-16	2.3796e-18	9.97136e-21	3.14637e-23	
0	0	0	0	5.85968e-40	2.08475e-36	3.40592e-33	3.38789e-30	2.29379e-27	1.11949e-24	4.0689e-22	1.1221e-19	2.37032e-17	3.84553e-15	4.77615e-13	4.50101e-11	3.17058e-09	1.63278e-07	5.95819e-06	0.000147569	0.00234019	0.022051	0.114476	0.325992	0.592037	0.880974	1.14426	1.36823	1.54335	1.64826	1.66646	1.59494	1.44523	1.23866	0.991608	0.706566	0.427634	0.188715	0.0461263	0.00594461	0.000439263	2.02848e-05	6.2517e-07	1.34863e-08	2.1072e-10	2.4431e-12	2.13669e-14	1.42375e-16	7.25736e-19	2.82435e-21	
0	0	0	5.66353e-41	2.16277e-37	3.79614e-34	4.06275e-31	2.96546e-28	1.56429e-25	6.16496e-23	1.85076e-20	4.27641e-18	7.63338e-16	1.05054e-13	1.1066e-11	8.80687e-10	5.19271e-08	2.20596e-06	6.49412e-05	0.00125506	0.014783	0.0965931	0.325992	0.640634	1.0036	1.35433	1.70582	2.038	2.30578	2.46663	2.49449	2.38486	2.1555	1.84329	1.49537	1.14474	0.784506	0.444719	0.171909	0.0343495	0.00363251	0.000225279	8.92614e-06	2.40412e-07	4.60008e-09	6.4525e-11	6.78294e-13	5.42321e-15	3.32668e-17	1.57036e-19	
0	0	2.6407e-42	1.14407e-38	2.25556e-35	2.6932e-32	2.18369e-29	1.27649e-26	5.57037e-24	1.85291e-21	4.75386e-19	9.45575e-17	1.45765e-14	1.73204e-12	1.5695e-10	1.06662e-08	5.30672e-07	1.86848e-05	0.000443962	0.00665795	0.057448	0.256086	0.592037	1.0036	1.43149	1.90636	2.4118	2.88527	3.25947	3.48123	3.51943	3.36875	3.05027	2.60897	2.10798	1.61572	1.1714	0.750355	0.379115	0.113471	0.0173837	0.00146913	7.55991e-05	2.5565e-06	6.0015e-08	1.0171e-09	1.27962e-11	1.21874e-13	8.90172e-16	5.02272e-18	
3.40098e-45	3.40098e-45	1.32256e-40	4.63502e-37	7.75192e-34	7.99936e-31	5.66551e-28	2.91249e-25	1.12244e-22	3.30466e-20	7.5079e-18	1.32078e-15	1.79524e-13	1.87128e-11	1.47613e-09	8.63769e-08	3.64347e-06	0.000106394	0.00203116	0.0233761	0.145672	0.455259	0.880974	1.35433	1.90636	2.55107	3.22353	3.83788	4.31539	4.59574	4.64387	4.45377	4.04918	3.48096	2.82151	2.15582	1.56302	1.0672	0.615298	0.248616	0.0520769	0.00576766	0.000374003	1.54833e-05	4.35988e-07	8.7395e-09	1.2887e-10	1.43115e-12	1.21683e-14	8.0059e-17	
4.99713e-42	4.99713e-42	1.94609e-38	3.50295e-35	3.86629e-32	2.92718e-29	1.61126e-26	6.66841e-24	2.11666e-21	5.20994e-19	9.9894e-17	1.49078e-14	1.72163e-12	1.5219e-10	1.01271e-08	4.95326e-07	1.72288e-05	0.000407232	0.0061471	0.0545921	0.260721	0.660891	1.14426	1.70582	2.4118	3.22353	4.04909	4.79052	5.3608	5.69368	5.75069	5.52528	5.04344	4.36099	3.55769	2.72851	1.97108	1.354	0.846654	0.403138	0.111138	0.0155906	0.00121694	5.84798e-05	1.86532e-06	4.16521e-08	6.76146e-10	8.19566e-12	7.55717e-14	5.36625e-16	
1.70254e-41	1.70254e-41	6.5631e-38	1.16879e-34	1.27559e-31	9.5431e-29	5.18665e-26	2.11746e-23	6.62236e-21	1.60377e-18	3.02002e-16	4.41603e-14	4.98168e-12	4.28383e-10	2.75696e-08	1.29333e-06	4.26102e-05	0.000935517	0.012711	0.0967752	0.377246	0.837531	1.36823	2.038	2.88527	3.83788	4.79052	5.63705	6.28393	6.66012	6.72447	6.46992	5.92433	5.1475	4.22503	3.25934	2.35818	1.61337	1.04077	0.552979	0.182782	0.0308042	0.00288322	0.000165656	6.29187e-06	1.66575e-07	3.19409e-09	4.5619e-11	4.95247e-13	4.14537e-15	
3.03807e-40	3.03807e-40	6.20649e-37	7.76362e-34	6.65992e-31	4.15816e-28	1.95668e-25	7.08839e-23	2.00178e-20	4.43423e-18	7.71306e-16	1.04983e-13	1.10905e-11	8.97307e-10	5.45247e-08	2.4203e-06	7.54776e-05	0.00156426	0.0198857	0.138619	0.476708	0.967065	1.54335	2.30578	3.25947	4.31539	5.3608	6.28393	6.98658	7.39429	7.46397	7.18823	6.59624	5.75065	4.74125	3.67572	2.66817	1.82177	1.18206	0.668836	0.241923	0.0476952	0.00527078	0.000349856	1.49493e-05	4.35184e-07	9.01228e-09	1.37121e-10	1.56933e-12	1.37376e-14	
2.99237e-39	2.99237e-39	5.38614e-36	5.9539e-33	4.5218e-30	2.50171e-27	1.04324e-24	3.34709e-22	8.36099e-20	1.63547e-17	2.50714e-15	3.00138e-13	2.78408e-11	1.9764e-09	1.05477e-07	4.12805e-06	0.000114435	0.00213787	0.0250014	0.164119	0.537712	1.03982	1.64826	2.46663	3.48123	4.59574	5.69368	6.66012	7.39429	7.81982	7.89251	7.6048	6.98658	6.10212	5.04352	3.92143	2.85339	1.94788	1.26401	0.733012	0.27903	0.0602744	0.00718916	0.000502861	2.22566e-05	6.6379e-07	1.39863e-08	2.15536e-10	2.49096e-12	2.1973e-14	
3.72753e-39	3.72753e-39	6.68743e-36	7.36545e-33	5.57102e-30	3.06804e-27	1.27273e-24	4.05907e-22	1.00701e-19	1.9542e-17	2.96818e-15	3.51523e-13	3.22e-11	2.25273e-09	1.18228e-07	4.54112e-06	0.000123383	0.00225964	0.0259737	0.168484	0.548176	1.05206	1.66646	2.49449	3.51943	4.64387	5.75069	6.72447	7.46397	7.89251	7.9657	7.67597	7.05332	6.16228	5.09536	3.96369	2.88541	1.96982	1.27814	0.743792	0.28567	0.0626425	0.00755626	0.000532306	2.36658e-05	7.07913e-07	1.49465e-08	2.30673e-10	2.66883e-12	2.35619e-14	
1.28368e-39	1.28368e-39	2.36296e-36	2.67584e-33	2.08594e-30	1.18723e-27	5.10622e-25	1.69456e-22	4.39281e-20	8.94966e-18	1.43469e-15	1.80376e-13	1.76491e-11	1.32711e-09	7.52727e-08	3.13624e-06	9.2448e-05	0.00182655	0.022351	0.151313	0.506602	1.00337	1.59494	2.38486	3.36875	4.45377	5.52528	6.46992	7.18823	7.6048	7.67597	7.39429	6.78927	5.92436	4.89052	3.7969	2.75932	1.88366	1.22246	0.700777	0.259916	0.0536461	0.0061704	0.000421375	1.83604e-05	5.41842e-07	1.13325e-08	1.73698e-10	1.99926e-12	1.75797e-14	
2.6763e-41	2.6763e-41	1.02053e-37	1.79761e-34	1.94028e-31	1.43545e-28	7.71382e-26	3.11323e-23	9.62354e-21	2.30296e-18	4.28398e-16	6.18584e-14	6.88741e-12	5.84163e-10	3.7046e-08	1.71009e-06	5.5316e-05	0.00118792	0.0156801	0.11449	0.420225	0.895352	1.44523	2.1555	3.05027	4.04918	5.04344	5.92433	6.59624	6.98658	7.05332	6.78927	6.22285	5.41516	4.45369	3.44324	2.49445	1.70461	1.10373	0.604982	0.20835	0.0375888	0.00380287	0.000235107	9.51855e-06	2.66018e-07	5.33919e-09	7.92651e-11	8.89501e-13	7.6621e-15	
8.89097e-42	8.89097e-42	3.45074e-38	6.18811e-35	6.80184e-32	5.12624e-29	2.80742e-26	1.1553e-23	3.64365e-21	8.90321e-19	1.69278e-16	2.50157e-14	2.85556e-12	2.48908e-10	1.62784e-08	7.78893e-07	2.63258e-05	0.000598618	0.00856251	0.070567	0.307829	0.73705	1.23866	1.84329	2.60897	3.48096	4.36099	5.1475	5.75065	6.10212	6.16228	5.92436	5.41516	4.69223	3.83783	2.95019	2.13153	1.46172	0.929929	0.465486	0.140215	0.0210943	0.00173628	8.71005e-05	2.8826e-06	6.65307e-08	1.11361e-09	1.38987e-11	1.31885e-13	9.639e-16	
9.60528e-43	9.60528e-43	3.87615e-39	7.23326e-36	8.28251e-33	6.51172e-30	3.72671e-27	1.60614e-24	5.31956e-22	1.36965e-19	2.75568e-17	4.33236e-15	5.29702e-13	4.98875e-11	3.56538e-09	1.89247e-07	7.23975e-06	0.000191453	0.00330105	0.034186	0.191056	0.539074	0.991608	1.49537	2.10798	2.82151	3.55769	4.22503	4.74125	5.04352	5.09536	4.89052	4.45369	3.83783	3.11843	2.38487	1.72513	1.18409	0.710388	0.309089	0.0725661	0.00886228	0.000619357	2.71611e-05	8.00532e-07	1.66577e-08	2.53493e-10	2.89311e-12	2.52023e-14	1.69499e-16	
0	0	2.68694e-41	1.01289e-37	1.76208e-34	1.87649e-31	1.36822e-28	7.23839e-26	2.87265e-23	8.72145e-21	2.04735e-18	3.73145e-16	5.27282e-14	5.73928e-12	4.75493e-10	2.94454e-08	1.32803e-06	4.20659e-05	0.000889454	0.011694	0.0869343	0.333	0.706566	1.14474	1.61572	2.15582	2.72851	3.25934	3.67572	3.92143	3.96369	3.7969	3.44324	2.95019	2.38487	1.8235	1.32458	0.880468	0.471892	0.163044	0.028056	0.00257235	0.000140526	4.98025e-06	1.21567e-07	2.1319e-09	2.76752e-11	2.71587e-13	2.04343e-15	1.18879e-17	
0	0	0	3.48077e-40	1.24731e-36	2.05794e-33	2.07314e-30	1.4258e-27	7.09148e-25	2.636e-22	7.46354e-20	1.62578e-17	2.73331e-15	3.53778e-13	3.497e-11	2.60328e-09	1.42921e-07	5.61564e-06	0.000151378	0.00263739	0.0273187	0.151447	0.427634	0.784506	1.1714	1.56302	1.97108	2.35818	2.66817	2.85339	2.88541	2.75932	2.49445	2.13153	1.72513	1.32458	0.941196	0.561606	0.24992	0.0579498	0.00689746	0.000469691	2.01071e-05	5.79235e-07	1.17834e-08	1.75194e-10	1.95072e-12	1.65436e-14	1.08025e-16	5.461e-19	
0	0	0	0	2.8084e-39	9.58335e-36	1.50205e-32	1.43359e-29	9.31314e-27	4.36057e-24	1.52003e-21	4.01829e-19	8.131e-17	1.26237e-14	1.49832e-12	1.34683e-10	9.02547e-09	4.40479e-07	1.51444e-05	0.000350108	0.00509892	0.0428378	0.188715	0.444719	0.750355	1.0672	1.354	1.61337	1.82177	1.94788	1.96982	1.88366	1.70461	1.46172	1.18409	0.880468	0.561606	0.283504	0.0823366	0.012488	0.00106004	5.50682e-05	1.88087e-06	4.45299e-08	7.59317e-10	9.5863e-12	9.13626e-14	6.65836e-16	3.73757e-18	1.61904e-20	
0	0	0	0	0	1.59485e-38	5.17667e-35	7.69769e-32	6.94999e-29	4.25724e-26	1.87268e-23	6.10743e-21	1.50342e-18	2.81737e-16	4.02525e-14	4.364e-12	3.55164e-10	2.13216e-08	9.20323e-07	2.7554e-05	0.000544527	0.00664407	0.0461263	0.171909	0.379115	0.615298	0.846654	1.04077	1.18206	1.26401	1.27814	1.22246	1.10373	0.929929	0.710388	0.471892	0.24992	0.0823366	0.0152432	0.00159933	0.000101124	4.11655e-06	1.13923e-07	2.23395e-09	3.2002e-11	3.42326e-13	2.77543e-15	1.72069e-17	8.18392e-20	2.97826e-22	
0	0	0	0	0	0	6.81422e-38	2.09958e-34	2.95523e-31	2.5176e-28	1.44997e-25	5.97279e-23	1.81583e-20	4.14504e-18	7.1599e-16	9.36306e-14	9.21476e-12	6.74137e-10	3.59559e-08	1.35963e-06	3.50714e-05	0.000586034	0.00594461	0.0343495	0.113471	0.248616	0.403138	0.552979	0.668836	0.733012	0.743792	0.700777	0.604982	0.465486	0.309089	0.163044	0.0579498	0.012488	0.00159933	0.000123843	6.07574e-06	1.98662e-07	4.51934e-09	7.39482e-11	8.91937e-13	8.06743e-15	5.53062e-17	2.8873e-19	1.14621e-21	3.43074e-24	
0	0	0	0	0	0	0	2.28324e-37	6.66129e-34	8.85017e-31	7.0919e-28	3.82683e-25	1.47036e-22	4.14836e-20	8.73644e-18	1.3828e-15	1.64379e-13	1.45673e-11	9.48833e-10	4.44452e-08	1.45179e-06	3.17184e-05	0.000439263	0.00363251	0.0173837	0.0520769	0.111138	0.182782	0.241923	0.27903	0.28567	0.259916	0.20835	0.140215	0.0725661	0.028056	0.00689746	0.00106004	0.000101124	6.07574e-06	2.38754e-07	6.39541e-09	1.20987e-10	1.66137e-12	1.68897e-14	1.28766e-16	7.40974e-19	3.21825e-21	1.04724e-23	2.51034e-26	
0	0	0	0	0	0	0	0	6.16826e-37	1.69905e-33	2.12392e-30	1.59514e-27	8.03181e-25	2.86521e-22	7.46204e-20	1.44096e-17	2.0749e-15	2.22305e-13	1.75578e-11	1.00537e-09	4.07069e-08	1.12547e-06	2.02848e-05	0.000225279	0.00146913	0.00576766	0.0155906	0.0308042	0.0476952	0.0602744	0.0626425	0.0536461	0.0375888	0.0210943	0.00886228	0.00257235	0.000469691	5.50682e-05	4.11655e-06	1.98662e-07	6.39541e-09	1.42317e-10	2.25631e-12	2.60743e-14	2.23079e-16	1.42526e-18	6.81199e-21	2.42101e-23	6.29801e-26	1.16349e-28	
0	0	0	0	0	0	0	0	0	1.36971e-36	3.55057e-33	4.16085e-30	2.91676e-27	1.36399e-24	4.4933e-22	1.07346e-19	1.88671e-17	2.44978e-15	2.34027e-13	1.6254e-11	8.04359e-10	2.75289e-08	6.2517e-07	8.92614e-06	7.55991e-05	0.000374003	0.00121694	0.00288322	0.00527078	0.00718916	0.00755626	0.0061704	0.00380287	0.00173628	0.000619357	0.000140526	2.01071e-05	1.88087e-06	1.13923e-07	4.51934e-09	1.20987e-10	2.25631e-12	3.00908e-14	2.92449e-16	2.09517e-18	1.11088e-20	4.34069e-23	1.23212e-25	2.46773e-28	3.30233e-31	
0	0	0	0	0	0	0	0	0	0	2.53446e-36	6.16005e-33	6.73926e-30	4.38859e-27	1.89563e-24	5.72982e-22	1.24624e-19	1.97561e-17	2.2876e-15	1.92164e-13	1.15288e-11	4.81532e-10	1.34863e-08	2.40412e-07	2.5565e-06	1.54833e-05	5.84798e-05	0.000165656	0.000349856	0.000502861	0.000532306	0.000421375	0.000235107	8.71005e-05	2.71611e-05	4.98025e-06	5.79235e-07	4.45299e-08	2.23395e-09	7.39482e-11	1.66137e-12	2.60743e-14	2.92449e-16	2.37952e-18	1.41421e-20	6.12751e-23	1.91133e-25	4.17478e-28	6.05334e-31	5.22907e-34	
0	0	0	0	0	0	0	0	0	0	0	3.94557e-36	8.95399e-33	9.10135e-30	5.47527e-27	2.17039e-24	5.97345e-22	1.17195e-19	1.65677e-17	1.68654e-15	1.22303e-13	6.18419e-12	2.1072e-10	4.60008e-09	6.0015e-08	4.35988e-07	1.86532e-06	6.29187e-06	1.49493e-05	2.22566e-05	2.36658e-05	1.83604e-05	9.51855e-06	2.8826e-06	8.00532e-07	1.21567e-07	1.17834e-08	7.59317e-10	3.2002e-11	8.91937e-13	1.68897e-14	2.23079e-16	2.09517e-18	1.41421e-20	6.8676e-23	2.37488e-25	5.69878e-28	9.00871e-31	8.42911e-34	3.53346e-37	
0	0	0	0	0	0	0	0	0	0	0	0	5.20139e-36	1.09681e-32	1.03004e-29	5.68716e-27	2.05283e-24	5.09641e-22	8.91562e-20	1.10773e-17	9.72827e-16	5.93811e-14	2.4431e-12	6.4525e-11	1.0171e-09	8.7395e-09	4.16521e-08	1.66575e-07	4.35184e-07	6.6379e-07	7.07913e-07	5.41842e-07	2.66018e-07	6.65307e-08	1.66577e-08	2.1319e-09	1.75194e-10	9.5863e-12	3.42326e-13	8.06743e-15	1.28766e-16	1.42526e-18	1.11088e-20	6.12751e-23	2.37488e-25	6.31732e-28	1.09697e-30	1.11882e-33	5.07901e-37	0	
0	0	0	0	0	0	0	0	0	0	0	0	0	5.82919e-36	1.13574e-32	9.78944e-30	4.92184e-27	1.60244e-24	3.54673e-22	5.45129e-20	5.83946e-18	4.31164e-16	2.13669e-14	6.78294e-13	1.27962e-11	1.2887e-10	6.76146e-10	3.19409e-09	9.01228e-09	1.39863e-08	1.49465e-08	1.13325e-08	5.33919e-09	1.11361e-09	2.53493e-10	2.76752e-11	1.95072e-12	9.13626e-14	2.77543e-15	5.53062e-17	7.40974e-19	6.81199e-21	4.34069e-23	1.91133e-25	5.69878e-28	1.09697e-30	1.22891e-33	6.08057e-37	0	0	
0	0	0	0	0	0	0	0	0	0	0	0	0	0	5.56257e-36	9.94733e-33	7.80724e-30	3.54017e-27	1.02738e-24	1.99716e-22	2.64494e-20	2.3796e-18	1.42375e-16	5.42321e-15	1.21874e-13	1.43115e-12	8.19566e-12	4.5619e-11	1.37121e-10	2.15536e-10	2.30673e-10	1.73698e-10	7.92651e-11	1.38987e-11	2.89311e-12	2.71587e-13	1.65436e-14	6.65836e-16	1.72069e-17	2.8873e-19	3.21825e-21	2.42101e-23	1.23212e-25	4.17478e-28	9.00871e-31	1.11882e-33	6.08057e-37	0	0	0	
0	0	0	0	0	0	0	0	0	0	0	0	0	0	0	4.5172e-36	7.35507e-33	5.20577e-30	2.10366e-27	5.36009e-25	8.97311e-23	9.97136e-21	7.25736e-19	3.32668e-17	8.90172e-16	1.21683e-14	7.55717e-14	4.95247e-13	1.56933e-12	2.49096e-12	2.66883e-12	1.99926e-12	8.89501e-13	1.31885e-13	2.52023e-14	2.04343e-15	1.08025e-16	3.73757e-18	8.18392e-20	1.14621e-21	1.04724e-23	6.29801e-26	2.46773e-28	6.05334e-31	8.42911e-34	5.07901e-37	0	0	0	0	
0	0	0	0	0	0	0	0	0	0	0	0	0	0	0	0	3.11286e-36	4.57013e-33	2.88205e-30	1.02221e-27	2.24182e-25	3.14637e-23	2.82435e-21	1.57036e-19	5.02272e-18	8.0059e-17	5.36625e-16	4.14537e-15	1.37376e-14	2.1973e-14	2.35619e-14	1.75797e-14	7.6621e-15	9.639e-16	1.69499e-16	1.18879e-17	5.461e-19	1.61904e-20	2.97826e-22	3.43074e-24	2.51034e-26	1.16349e-28	3.30233e-31	5.22907e-34	3.53346e-37	0	0	0	0	0	
