0.398169	0.462867	0.503579	0.527963	-0.0874752	-0.0874752	
0.462867	-0.218774	-0.176369	0.401482	0.141869	0.141869	
0.503579	-0.176369	0.3266	0.163155	0.0243359	0.0243359	
0.527963	0.401482	0.163155	-0.25606	0.524967	0.524967	
-0.0874752	0.141869	0.0243359	0.524967	1.17932	1.17932	
-0.0874752	0.141869	0.0243359	0.524967	1.17932	1.17932	
