0.119267	0.480277	0.531847	0.448717	0.504324	0.504324	
0.480277	0.551483	0.739072	-0.0668238	0.742115	0.742115	
0.531847	0.739072	1.61554	-0.137059	-0.0666939	-0.0666939	
0.448717	-0.0668238	-0.137059	-0.888803	1.19812	1.19812	
0.504324	0.742115	-0.0666939	1.19812	-0.212798	-0.212798	
0.504324	0.742115	-0.0666939	1.19812	-0.212798	-0.212798	
