-0.892457	-0.72748	-0.519204	-0.28277	-0.0301907	0.223471	0.453048	0.634572	0.737066	0.766291	0.73684	0.674462	0.614922	0.566716	0.547328	0.560472	0.591365	0.634119	0.685129	0.734716	0.771169	0.803089	0.831989	0.847437	0.865626	0.898034	0.938959	0.991691	1.05137	1.0967	1.0974	1.02672	0.88674	0.693682	0.458714	0.209574	-0.0200695	-0.221773	-0.393215	-0.517243	-0.576937	-0.566167	-0.495361	-0.398119	-0.310401	-0.246394	-0.209512	-0.202267	-0.210675	-0.210675	
-0.72748	-0.53928	-0.314456	-0.0642431	0.195971	0.450526	0.678143	0.845889	0.93231	0.949074	0.904988	0.835262	0.77111	0.722411	0.705431	0.709957	0.726511	0.75243	0.777243	0.794271	0.799476	0.798002	0.786103	0.763551	0.751857	0.756556	0.775908	0.819761	0.883242	0.944273	0.971094	0.935976	0.835878	0.675096	0.461242	0.228092	0.00974434	-0.188912	-0.365795	-0.502653	-0.578087	-0.578656	-0.514396	-0.423985	-0.341702	-0.27458	-0.225351	-0.203917	-0.203662	-0.203662	
-0.519204	-0.314456	-0.0754162	0.18244	0.444504	0.697368	0.911932	1.0581	1.12386	1.11919	1.05905	0.983071	0.914167	0.859279	0.828401	0.813857	0.809578	0.807707	0.802692	0.788166	0.758077	0.722761	0.681077	0.635479	0.605957	0.595957	0.608965	0.656215	0.731062	0.811933	0.866843	0.868091	0.806623	0.675372	0.480905	0.262344	0.0524397	-0.146066	-0.329889	-0.480245	-0.572097	-0.585833	-0.531604	-0.451291	-0.375728	-0.305633	-0.243919	-0.207184	-0.196704	-0.196704	
-0.28277	-0.0642431	0.18244	0.440907	0.701597	0.943317	1.13814	1.25987	1.30016	1.2709	1.19188	1.10259	1.01537	0.940769	0.892014	0.855787	0.824263	0.79359	0.757861	0.710095	0.655212	0.60253	0.542919	0.486276	0.453567	0.442347	0.458696	0.514998	0.603594	0.703479	0.783935	0.818885	0.792516	0.68764	0.511841	0.307417	0.103869	-0.0963546	-0.287467	-0.450765	-0.558707	-0.587286	-0.546957	-0.479924	-0.411892	-0.338974	-0.26526	-0.212759	-0.190795	-0.190795	
-0.0301907	0.195971	0.444504	0.701597	0.953131	1.17681	1.34662	1.43477	1.44037	1.37841	1.27332	1.15976	1.04861	0.957946	0.888379	0.823836	0.765598	0.709601	0.650854	0.586873	0.522187	0.459486	0.394557	0.343891	0.317726	0.31031	0.33496	0.402222	0.502025	0.616031	0.717539	0.782265	0.786553	0.705557	0.549227	0.359471	0.160959	-0.0418888	-0.239711	-0.414423	-0.537374	-0.582504	-0.560243	-0.509423	-0.449278	-0.373811	-0.289303	-0.221406	-0.187238	-0.187238	
0.223471	0.450526	0.697368	0.943317	1.17681	1.3752	1.50736	1.55092	1.51672	1.41682	1.28034	1.14276	1.01234	0.902174	0.807871	0.7232	0.650643	0.582699	0.514483	0.443658	0.378511	0.320081	0.263547	0.224328	0.206446	0.206937	0.24147	0.315899	0.421468	0.544442	0.662381	0.752108	0.782428	0.724204	0.589553	0.415562	0.221435	0.0159623	-0.187268	-0.37115	-0.507566	-0.571056	-0.571065	-0.538921	-0.486671	-0.409203	-0.31586	-0.233927	-0.187634	-0.187634	
0.453048	0.678143	0.911932	1.13814	1.34662	1.50736	1.59075	1.58912	1.51146	1.37077	1.21106	1.05388	0.903642	0.779825	0.675799	0.586457	0.509898	0.437723	0.368837	0.305404	0.252798	0.203062	0.157222	0.132877	0.124861	0.132132	0.172953	0.250205	0.356991	0.483741	0.613339	0.723227	0.775535	0.740297	0.630221	0.473235	0.283558	0.0763518	-0.130442	-0.320819	-0.468997	-0.552715	-0.578792	-0.567103	-0.522615	-0.444133	-0.344633	-0.251122	-0.193828	-0.193828	
0.634572	0.845889	1.0581	1.25987	1.43477	1.55092	1.58912	1.54317	1.42138	1.25414	1.07759	0.90196	0.747968	0.62753	0.524282	0.436936	0.363329	0.299273	0.242781	0.192468	0.150895	0.11171	0.0821182	0.0708328	0.066993	0.0792303	0.12463	0.200232	0.302988	0.429325	0.567036	0.692218	0.762809	0.751719	0.669139	0.530264	0.345922	0.138773	-0.069341	-0.263423	-0.421814	-0.527485	-0.582472	-0.592181	-0.555491	-0.477584	-0.375235	-0.273741	-0.207798	-0.207798	
0.737066	0.93231	1.12386	1.30016	1.44037	1.51672	1.51146	1.42138	1.27016	1.08548	0.897444	0.724987	0.583752	0.470107	0.372636	0.296643	0.238216	0.188173	0.142041	0.105377	0.0780814	0.0503805	0.0327516	0.0283748	0.0279129	0.045193	0.0903377	0.159287	0.255573	0.37943	0.521506	0.656496	0.742526	0.757392	0.704376	0.584405	0.407322	0.202945	-0.00399058	-0.199224	-0.366706	-0.495569	-0.580773	-0.611946	-0.583617	-0.508614	-0.407234	-0.302428	-0.231477	-0.231477	
0.766291	0.949074	1.11919	1.2709	1.37841	1.41682	1.37077	1.25414	1.08548	0.894147	0.715647	0.555574	0.426004	0.323525	0.242631	0.187265	0.142634	0.101582	0.0700122	0.0494847	0.0291721	0.00858167	0.00271295	0.00296231	0.00319489	0.0221439	0.0637383	0.124974	0.213644	0.332545	0.474981	0.614854	0.714525	0.7567	0.733752	0.633404	0.466756	0.268703	0.0655245	-0.128893	-0.304904	-0.457253	-0.571973	-0.623905	-0.605357	-0.536413	-0.440208	-0.337683	-0.266524	-0.266524	
0.73684	0.904988	1.05905	1.19188	1.27332	1.28034	1.21106	1.07759	0.897444	0.715647	0.546814	0.398716	0.290691	0.208293	0.148959	0.107579	0.0705337	0.0434909	0.0259789	0.0114075	-0.00389316	-0.0130006	-0.0122964	-0.0151149	-0.0140982	0.00733199	0.0433914	0.0951958	0.175219	0.287953	0.427184	0.567317	0.679348	0.749009	0.75495	0.675198	0.523372	0.335821	0.138895	-0.0535803	-0.238063	-0.412751	-0.55405	-0.625513	-0.619234	-0.560334	-0.473818	-0.379808	-0.314035	-0.314035	
0.674462	0.835262	0.983071	1.10259	1.15976	1.14276	1.05388	0.90196	0.724987	0.555574	0.398716	0.278388	0.194155	0.127049	0.0808319	0.0478853	0.0240793	0.00918009	-0.00244315	-0.0110396	-0.0201736	-0.0246476	-0.0242939	-0.0275984	-0.0223055	-0.00220497	0.02484	0.0682092	0.140916	0.24616	0.377686	0.514385	0.638263	0.733699	0.765647	0.708034	0.576393	0.403841	0.215407	0.0250718	-0.167998	-0.362036	-0.524902	-0.614486	-0.62401	-0.579883	-0.507868	-0.428856	-0.374253	-0.374253	
0.614922	0.77111	0.914167	1.01537	1.04861	1.01234	0.903642	0.747968	0.583752	0.426004	0.290691	0.194155	0.120528	0.0642291	0.0326216	0.0138383	-0.000694604	-0.0115833	-0.0176302	-0.0241158	-0.0323062	-0.0312689	-0.0297504	-0.0339316	-0.0274667	-0.0116165	0.00822061	0.0457706	0.110893	0.206086	0.326326	0.458078	0.59295	0.709692	0.763774	0.730764	0.625036	0.471821	0.293743	0.105048	-0.09632	-0.30475	-0.482699	-0.589148	-0.618753	-0.594699	-0.542325	-0.484551	-0.446315	-0.446315	
0.566716	0.722411	0.859279	0.940769	0.957946	0.902174	0.779825	0.62753	0.470107	0.323525	0.208293	0.127049	0.0642291	0.0268339	0.0114663	-0.00467475	-0.0190865	-0.024259	-0.0275418	-0.0340846	-0.0351846	-0.0310322	-0.0360463	-0.0401227	-0.0302844	-0.0191836	-0.00559375	0.0268436	0.0838957	0.167477	0.27451	0.40097	0.54434	0.675684	0.748264	0.742972	0.668243	0.538094	0.371903	0.184213	-0.0240502	-0.240228	-0.426306	-0.548755	-0.602891	-0.604519	-0.577262	-0.546172	-0.528084	-0.528084	
0.547328	0.705431	0.828401	0.892014	0.888379	0.807871	0.675799	0.524282	0.372636	0.242631	0.148959	0.0808319	0.0326216	0.0114663	-0.00541855	-0.024925	-0.0295335	-0.0283785	-0.0324965	-0.0361462	-0.0350367	-0.0366165	-0.0428011	-0.0398066	-0.0310385	-0.0278452	-0.0177145	0.0114119	0.0601003	0.130522	0.223706	0.345266	0.492775	0.630929	0.719382	0.744722	0.704452	0.600168	0.447245	0.260657	0.0486536	-0.167719	-0.355707	-0.493715	-0.576274	-0.609144	-0.612693	-0.61239	-0.616155	-0.616155	
0.560472	0.709957	0.813857	0.855787	0.823836	0.7232	0.586457	0.436936	0.296643	0.187265	0.107579	0.0478853	0.0138383	-0.00467475	-0.024925	-0.0316114	-0.0269313	-0.0305465	-0.0374578	-0.0395355	-0.0380272	-0.0396586	-0.0427682	-0.0388063	-0.0357801	-0.0362579	-0.0258907	-0.000590561	0.0384178	0.0949418	0.175957	0.292969	0.438035	0.575568	0.678762	0.736325	0.731518	0.654775	0.516709	0.333056	0.122529	-0.0867556	-0.272288	-0.42567	-0.539264	-0.608423	-0.648281	-0.681068	-0.706024	-0.706024	
0.591365	0.726511	0.809578	0.824263	0.765598	0.650643	0.509898	0.363329	0.238216	0.142634	0.0705337	0.0240793	-0.000694604	-0.0190865	-0.0295335	-0.0269313	-0.0297633	-0.0395597	-0.0422099	-0.0381863	-0.0361459	-0.0421411	-0.0451246	-0.0396859	-0.0400383	-0.0419941	-0.0313503	-0.0108406	0.0177356	0.0617097	0.133967	0.244686	0.379268	0.511334	0.629329	0.717925	0.746706	0.698137	0.577243	0.400925	0.198875	0.00235703	-0.178892	-0.347397	-0.492864	-0.60224	-0.682975	-0.749081	-0.792449	-0.792449	
0.634119	0.75243	0.807707	0.79359	0.709601	0.582699	0.437723	0.299273	0.188173	0.101582	0.0434909	0.00918009	-0.0115833	-0.024259	-0.0283785	-0.0305465	-0.0395597	-0.0429661	-0.0370109	-0.0347881	-0.0418151	-0.0482923	-0.0427152	-0.0386968	-0.0462568	-0.0464547	-0.0340378	-0.0205668	-0.00248685	0.0331578	0.0993245	0.198821	0.316395	0.442162	0.574378	0.688984	0.747052	0.726579	0.626338	0.464568	0.27885	0.0981039	-0.0795683	-0.262562	-0.438825	-0.590476	-0.714644	-0.812214	-0.869904	-0.869904	
0.685129	0.777243	0.802692	0.757861	0.650854	0.514483	0.368837	0.242781	0.142041	0.0700122	0.0259789	-0.00244315	-0.0176302	-0.0275418	-0.0324965	-0.0374578	-0.0422099	-0.0370109	-0.0346656	-0.042571	-0.048342	-0.0439877	-0.0384869	-0.0455679	-0.0526759	-0.044993	-0.0362526	-0.0326351	-0.0202821	0.011872	0.0705297	0.153027	0.251854	0.373176	0.516131	0.648422	0.730156	0.73724	0.662453	0.524642	0.362534	0.197518	0.0209413	-0.175373	-0.379661	-0.572923	-0.739878	-0.865241	-0.933025	-0.933025	
0.734716	0.794271	0.788166	0.710095	0.586873	0.443658	0.305404	0.192468	0.105377	0.0494847	0.0114075	-0.0110396	-0.0241158	-0.0340846	-0.0361462	-0.0395355	-0.0381863	-0.0347881	-0.042571	-0.0478351	-0.0437595	-0.0402679	-0.0446255	-0.052792	-0.0505047	-0.0427806	-0.0437201	-0.0442784	-0.0319428	-0.00338508	0.0440036	0.107178	0.190177	0.308464	0.455257	0.595462	0.694873	0.728684	0.685247	0.581386	0.44803	0.296247	0.117826	-0.0901718	-0.318441	-0.54914	-0.754095	-0.902241	-0.976911	-0.976911	
0.771169	0.799476	0.758077	0.655212	0.522187	0.378511	0.252798	0.150895	0.0780814	0.0291721	-0.00389316	-0.0201736	-0.0323062	-0.0351846	-0.0350367	-0.0380272	-0.0361459	-0.0418151	-0.048342	-0.0437595	-0.0414091	-0.0446201	-0.0500845	-0.0527474	-0.0475812	-0.0464148	-0.0521576	-0.0510586	-0.0390193	-0.0161161	0.018093	0.0634829	0.135627	0.249966	0.391509	0.530292	0.64174	0.70148	0.695453	0.633618	0.530917	0.388966	0.206762	-0.0110258	-0.258301	-0.518297	-0.75206	-0.91718	-0.997195	-0.997195	
0.803089	0.798002	0.722761	0.60253	0.459486	0.320081	0.203062	0.11171	0.0503805	0.00858167	-0.0130006	-0.0246476	-0.0312689	-0.0310322	-0.0366165	-0.0396586	-0.0421411	-0.0482923	-0.0439877	-0.0402679	-0.0446201	-0.0485547	-0.0531493	-0.0518948	-0.0468226	-0.0519145	-0.0585407	-0.0546523	-0.0437403	-0.0278703	-0.00765385	0.0247349	0.0912578	0.19748	0.32422	0.454454	0.573459	0.658454	0.694153	0.677866	0.604444	0.470023	0.28419	0.0587036	-0.201664	-0.479062	-0.728791	-0.904659	-0.989899	-0.989899	
0.831989	0.786103	0.681077	0.542919	0.394557	0.263547	0.157222	0.0821182	0.0327516	0.00271295	-0.0122964	-0.0242939	-0.0297504	-0.0360463	-0.0428011	-0.0427682	-0.0451246	-0.0427152	-0.0384869	-0.0446255	-0.0500845	-0.0531493	-0.0537493	-0.0470338	-0.049048	-0.0609428	-0.0622737	-0.0543061	-0.0474435	-0.0414775	-0.032613	-0.00498287	0.0578262	0.14824	0.25319	0.371549	0.495034	0.604038	0.681635	0.708235	0.660547	0.534066	0.347284	0.116811	-0.149398	-0.429653	-0.680613	-0.860662	-0.95124	-0.95124	
0.847437	0.763551	0.635479	0.486276	0.343891	0.224328	0.132877	0.0708328	0.0283748	0.00296231	-0.0151149	-0.0275984	-0.0339316	-0.0401227	-0.0398066	-0.0388063	-0.0396859	-0.0386968	-0.0455679	-0.052792	-0.0527474	-0.0518948	-0.0470338	-0.0475692	-0.0613882	-0.0666064	-0.05778	-0.0534446	-0.0555857	-0.0574962	-0.0518378	-0.0229929	0.0312872	0.098511	0.180606	0.287221	0.412822	0.542862	0.656529	0.717324	0.691409	0.576439	0.393746	0.162686	-0.100219	-0.368102	-0.606012	-0.783091	-0.877621	-0.877621	
0.865626	0.751857	0.605957	0.453567	0.317726	0.206446	0.124861	0.066993	0.0279129	0.00319489	-0.0140982	-0.0223055	-0.0274667	-0.0302844	-0.0310385	-0.0357801	-0.0400383	-0.0462568	-0.0526759	-0.0505047	-0.0475812	-0.0468226	-0.049048	-0.0613882	-0.068151	-0.0588094	-0.0540144	-0.0607941	-0.0672891	-0.0700227	-0.0612958	-0.0329286	0.00488516	0.0475269	0.11134	0.207587	0.333049	0.47828	0.615673	0.698028	0.691044	0.593359	0.421728	0.197587	-0.0507574	-0.292701	-0.50588	-0.671912	-0.766067	-0.766067	
0.898034	0.756556	0.595957	0.442347	0.31031	0.206937	0.132132	0.0792303	0.045193	0.0221439	0.00733199	-0.00220497	-0.0116165	-0.0191836	-0.0278452	-0.0362579	-0.0419941	-0.0464547	-0.044993	-0.0427806	-0.0464148	-0.0519145	-0.0609428	-0.0666064	-0.0588094	-0.0537056	-0.0623638	-0.0711243	-0.0754226	-0.0758497	-0.0632238	-0.0422603	-0.0253504	-0.00132976	0.0507054	0.137698	0.260529	0.411086	0.554906	0.645746	0.656444	0.58206	0.430112	0.224514	0.00353118	-0.202462	-0.382931	-0.5289	-0.615184	-0.615184	
0.938959	0.775908	0.608965	0.458696	0.33496	0.24147	0.172953	0.12463	0.0903377	0.0637383	0.0433914	0.02484	0.00822061	-0.00559375	-0.0177145	-0.0258907	-0.0313503	-0.0340378	-0.0362526	-0.0437201	-0.0521576	-0.0585407	-0.0622737	-0.05778	-0.0540144	-0.0623638	-0.0721997	-0.0765313	-0.0799272	-0.0757675	-0.0630312	-0.0575554	-0.0582728	-0.0426919	0.00243544	0.0808685	0.197117	0.338874	0.470972	0.560235	0.587904	0.541205	0.419169	0.247485	0.0667448	-0.0973804	-0.240486	-0.357141	-0.4264	-0.4264	
0.991691	0.819761	0.656215	0.514998	0.402222	0.315899	0.250205	0.200232	0.159287	0.124974	0.0951958	0.0682092	0.0457706	0.0268436	0.0114119	-0.000590561	-0.0108406	-0.0205668	-0.0326351	-0.0442784	-0.0510586	-0.0546523	-0.0543061	-0.0534446	-0.0607941	-0.0711243	-0.0765313	-0.0805761	-0.0800415	-0.0712482	-0.0691371	-0.0810141	-0.0876536	-0.0721513	-0.0321924	0.0377743	0.140203	0.257188	0.364013	0.446038	0.488618	0.471854	0.391289	0.270224	0.140812	0.0216288	-0.0811907	-0.160618	-0.204966	-0.204966	
1.05137	0.883242	0.731062	0.603594	0.502025	0.421468	0.356991	0.302988	0.255573	0.213644	0.175219	0.140916	0.110893	0.0838957	0.0601003	0.0384178	0.0177356	-0.00248685	-0.0202821	-0.0319428	-0.0390193	-0.0437403	-0.0474435	-0.0555857	-0.0672891	-0.0754226	-0.0799272	-0.0800415	-0.0734108	-0.0723944	-0.087903	-0.105355	-0.106168	-0.0893436	-0.0543796	0.00516981	0.0829057	0.162683	0.238977	0.311033	0.364312	0.378833	0.351146	0.294655	0.224523	0.153063	0.093488	0.0558526	0.0399304	0.0399304	
1.0967	0.944273	0.811933	0.703479	0.616031	0.544442	0.483741	0.429325	0.37943	0.332545	0.287953	0.24616	0.206086	0.167477	0.130522	0.0949418	0.0617097	0.0331578	0.011872	-0.00338508	-0.0161161	-0.0278703	-0.0414775	-0.0574962	-0.0700227	-0.0758497	-0.0757675	-0.0712482	-0.0723944	-0.0891714	-0.110771	-0.119117	-0.113173	-0.0974015	-0.0674319	-0.0249831	0.0171883	0.05648	0.104396	0.164202	0.22368	0.27155	0.30479	0.320061	0.313987	0.29504	0.282395	0.286269	0.296341	0.296341	
1.0974	0.971094	0.866843	0.783935	0.717539	0.662381	0.613339	0.567036	0.521506	0.474981	0.427184	0.377686	0.326326	0.27451	0.223706	0.175957	0.133967	0.0993245	0.0705297	0.0440036	0.018093	-0.00765385	-0.032613	-0.0518378	-0.0612958	-0.0632238	-0.0630312	-0.0691371	-0.087903	-0.110771	-0.12229	-0.12102	-0.113703	-0.0992657	-0.0785319	-0.0638691	-0.0608257	-0.0552555	-0.0309352	0.0146918	0.0792517	0.16294	0.257985	0.343822	0.404416	0.444926	0.482588	0.522951	0.551799	0.551799	
1.02672	0.935976	0.868091	0.818885	0.782265	0.752108	0.723227	0.692218	0.656496	0.614854	0.567317	0.514385	0.458078	0.40097	0.345266	0.292969	0.244686	0.198821	0.153027	0.107178	0.0634829	0.0247349	-0.00498287	-0.0229929	-0.0329286	-0.0422603	-0.0575554	-0.0810141	-0.105355	-0.119117	-0.12102	-0.117614	-0.110132	-0.100114	-0.1	-0.119291	-0.147506	-0.164896	-0.16029	-0.12691	-0.0531951	0.0662015	0.215129	0.363861	0.492133	0.598232	0.687115	0.756417	0.795694	0.795694	
0.88674	0.835878	0.806623	0.792516	0.786553	0.782428	0.775535	0.762809	0.742526	0.714525	0.679348	0.638263	0.59295	0.54434	0.492775	0.438035	0.379268	0.316395	0.251854	0.190177	0.135627	0.0912578	0.0578262	0.0312872	0.00488516	-0.0253504	-0.0582728	-0.0876536	-0.106168	-0.113173	-0.113703	-0.110132	-0.105557	-0.11236	-0.142156	-0.189014	-0.235072	-0.267561	-0.277382	-0.247299	-0.158214	-0.00884426	0.180028	0.381399	0.575326	0.747457	0.884287	0.975953	1.02051	1.02051	
0.693682	0.675096	0.675372	0.68764	0.705557	0.724204	0.740297	0.751719	0.757392	0.7567	0.749009	0.733699	0.709692	0.675684	0.630929	0.575568	0.511334	0.442162	0.373176	0.308464	0.249966	0.19748	0.14824	0.098511	0.0475269	-0.00132976	-0.0426919	-0.0721513	-0.0893436	-0.0974015	-0.0992657	-0.100114	-0.11236	-0.147675	-0.202996	-0.263638	-0.318363	-0.359985	-0.372721	-0.332755	-0.225764	-0.0568345	0.158053	0.40171	0.652976	0.882173	1.05953	1.17078	1.22107	1.22107	
0.458714	0.461242	0.480905	0.511841	0.549227	0.589553	0.630221	0.669139	0.704376	0.733752	0.75495	0.765647	0.763774	0.748264	0.719382	0.678762	0.629329	0.574378	0.516131	0.455257	0.391509	0.32422	0.25319	0.180606	0.11134	0.0507054	0.00243544	-0.0321924	-0.0543796	-0.0674319	-0.0785319	-0.1	-0.142156	-0.202996	-0.270722	-0.336279	-0.394938	-0.434808	-0.434117	-0.374868	-0.253378	-0.0744757	0.157064	0.43155	0.723099	0.991312	1.19934	1.33125	1.3921	1.3921	
0.209574	0.228092	0.262344	0.307417	0.359471	0.415562	0.473235	0.530264	0.584405	0.633404	0.675198	0.708034	0.730764	0.742972	0.744722	0.736325	0.717925	0.688984	0.648422	0.595462	0.530292	0.454454	0.371549	0.287221	0.207587	0.137698	0.0808685	0.0377743	0.00516981	-0.0249831	-0.0638691	-0.119291	-0.189014	-0.263638	-0.336279	-0.403844	-0.457526	-0.479404	-0.45319	-0.373922	-0.242888	-0.0577203	0.184788	0.474785	0.782347	1.06709	1.29526	1.44938	1.52573	1.52573	
-0.0200695	0.00974434	0.0524397	0.103869	0.160959	0.221435	0.283558	0.345922	0.407322	0.466756	0.523372	0.576393	0.625036	0.668243	0.704452	0.731518	0.746706	0.747052	0.730156	0.694873	0.64174	0.573459	0.495034	0.412822	0.333049	0.260529	0.197117	0.140203	0.0829057	0.0171883	-0.0608257	-0.147506	-0.235072	-0.318363	-0.394938	-0.457526	-0.491437	-0.48348	-0.430543	-0.335215	-0.195185	-0.00270284	0.243745	0.529739	0.827864	1.10828	1.34559	1.51889	1.61088	1.61088	
-0.221773	-0.188912	-0.146066	-0.0963546	-0.0418888	0.0159623	0.0763518	0.138773	0.202945	0.268703	0.335821	0.403841	0.471821	0.538094	0.600168	0.654775	0.698137	0.726579	0.73724	0.728684	0.70148	0.658454	0.604038	0.542862	0.47828	0.411086	0.338874	0.257188	0.162683	0.05648	-0.0552555	-0.164896	-0.267561	-0.359985	-0.434808	-0.479404	-0.48348	-0.446145	-0.372144	-0.261941	-0.109404	0.0895008	0.32814	0.590677	0.859849	1.12025	1.35379	1.53512	1.63562	1.63562	
-0.393215	-0.365795	-0.329889	-0.287467	-0.239711	-0.187268	-0.130442	-0.069341	-0.00399058	0.0655245	0.138895	0.215407	0.293743	0.371903	0.447245	0.516709	0.577243	0.626338	0.662453	0.685247	0.695453	0.694153	0.681635	0.656529	0.615673	0.554906	0.470972	0.364013	0.238977	0.104396	-0.0309352	-0.16029	-0.277382	-0.372721	-0.434117	-0.45319	-0.430543	-0.372144	-0.280724	-0.153278	0.0121382	0.209396	0.426165	0.651989	0.882048	1.11132	1.32502	1.49574	1.59179	1.59179	
-0.517243	-0.502653	-0.480245	-0.450765	-0.414423	-0.37115	-0.320819	-0.263423	-0.199224	-0.128893	-0.0535803	0.0250718	0.105048	0.184213	0.260657	0.333056	0.400925	0.464568	0.524642	0.581386	0.633618	0.677866	0.708235	0.717324	0.698028	0.645746	0.560235	0.446038	0.311033	0.164202	0.0146918	-0.12691	-0.247299	-0.332755	-0.374868	-0.373922	-0.335215	-0.261941	-0.153278	-0.0100649	0.159433	0.341669	0.526198	0.711035	0.898881	1.08755	1.26324	1.40222	1.47957	1.47957	
-0.576937	-0.578087	-0.572097	-0.558707	-0.537374	-0.507566	-0.468997	-0.421814	-0.366706	-0.304904	-0.238063	-0.167998	-0.09632	-0.0240502	0.0486536	0.122529	0.198875	0.27885	0.362534	0.44803	0.530917	0.604444	0.660547	0.691409	0.691044	0.656444	0.587904	0.488618	0.364312	0.22368	0.0792517	-0.0531951	-0.158214	-0.225764	-0.253378	-0.242888	-0.195185	-0.109404	0.0121382	0.159433	0.317128	0.47253	0.621554	0.766976	0.911068	1.04947	1.17086	1.26138	1.30967	1.30967	
-0.566167	-0.578656	-0.585833	-0.587286	-0.582504	-0.571056	-0.552715	-0.527485	-0.495569	-0.457253	-0.412751	-0.362036	-0.30475	-0.240228	-0.167719	-0.0867556	0.00235703	0.0981039	0.197518	0.296247	0.388966	0.470023	0.534066	0.576439	0.593359	0.58206	0.541205	0.471854	0.378833	0.27155	0.16294	0.0662015	-0.00884426	-0.0568345	-0.0744757	-0.0577203	-0.00270284	0.0895008	0.209396	0.341669	0.47253	0.595365	0.709961	0.816955	0.913337	0.992944	1.05066	1.08585	1.10176	1.10176	
-0.495361	-0.514396	-0.531604	-0.546957	-0.560243	-0.571065	-0.578792	-0.582472	-0.580773	-0.571973	-0.55405	-0.524902	-0.482699	-0.426306	-0.355707	-0.272288	-0.178892	-0.0795683	0.0209413	0.117826	0.206762	0.28419	0.347284	0.393746	0.421728	0.430112	0.419169	0.391289	0.351146	0.30479	0.257985	0.215129	0.180028	0.158053	0.157064	0.184788	0.243745	0.32814	0.426165	0.526198	0.621554	0.709961	0.789177	0.853756	0.896478	0.913418	0.908333	0.892554	0.879962	0.879962	
-0.398119	-0.423985	-0.451291	-0.479924	-0.509423	-0.538921	-0.567103	-0.592181	-0.611946	-0.623905	-0.625513	-0.614486	-0.589148	-0.548755	-0.493715	-0.42567	-0.347397	-0.262562	-0.175373	-0.0901718	-0.0110258	0.0587036	0.116811	0.162686	0.197587	0.224514	0.247485	0.270224	0.294655	0.320061	0.343822	0.363861	0.381399	0.40171	0.43155	0.474785	0.529739	0.590677	0.651989	0.711035	0.766976	0.816955	0.853756	0.867827	0.8528	0.810756	0.753639	0.699789	0.667307	0.667307	
-0.310401	-0.341702	-0.375728	-0.411892	-0.449278	-0.486671	-0.522615	-0.555491	-0.583617	-0.605357	-0.619234	-0.62401	-0.618753	-0.602891	-0.576274	-0.539264	-0.492864	-0.438825	-0.379661	-0.318441	-0.258301	-0.201664	-0.149398	-0.100219	-0.0507574	0.00353118	0.0667448	0.140812	0.224523	0.313987	0.404416	0.492133	0.575326	0.652976	0.723099	0.782347	0.827864	0.859849	0.882048	0.898881	0.911068	0.913337	0.896478	0.8528	0.781646	0.691755	0.599448	0.523842	0.481357	0.481357	
-0.246394	-0.27458	-0.305633	-0.338974	-0.373811	-0.409203	-0.444133	-0.477584	-0.508614	-0.536413	-0.560334	-0.579883	-0.594699	-0.604519	-0.609144	-0.608423	-0.60224	-0.590476	-0.572923	-0.54914	-0.518297	-0.479062	-0.429653	-0.368102	-0.292701	-0.202462	-0.0973804	0.0216288	0.153063	0.29504	0.444926	0.598232	0.747457	0.882173	0.991312	1.06709	1.10828	1.12025	1.11132	1.08755	1.04947	0.992944	0.913418	0.810756	0.691755	0.569333	0.459292	0.376549	0.332252	0.332252	
-0.209512	-0.225351	-0.243919	-0.26526	-0.289303	-0.31586	-0.344633	-0.375235	-0.407234	-0.440208	-0.473818	-0.507868	-0.542325	-0.577262	-0.612693	-0.648281	-0.682975	-0.714644	-0.739878	-0.754095	-0.75206	-0.728791	-0.680613	-0.606012	-0.50588	-0.382931	-0.240486	-0.0811907	0.093488	0.282395	0.482588	0.687115	0.884287	1.05953	1.19934	1.29526	1.34559	1.35379	1.32502	1.26324	1.17086	1.05066	0.908333	0.753639	0.599448	0.459292	0.344861	0.264545	0.223302	0.223302	
-0.202267	-0.203917	-0.207184	-0.212759	-0.221406	-0.233927	-0.251122	-0.273741	-0.302428	-0.337683	-0.379808	-0.428856	-0.484551	-0.546172	-0.61239	-0.681068	-0.749081	-0.812214	-0.865241	-0.902241	-0.91718	-0.904659	-0.860662	-0.783091	-0.671912	-0.5289	-0.357141	-0.160618	0.0558526	0.286269	0.522951	0.756417	0.975953	1.17078	1.33125	1.44938	1.51889	1.53512	1.49574	1.40222	1.26138	1.08585	0.892554	0.699789	0.523842	0.376549	0.264545	0.190164	0.153293	0.153293	
-0.210675	-0.203662	-0.196704	-0.190795	-0.187238	-0.187634	-0.193828	-0.207798	-0.231477	-0.266524	-0.314035	-0.374253	-0.446315	-0.528084	-0.616155	-0.706024	-0.792449	-0.869904	-0.933025	-0.976911	-0.997195	-0.989899	-0.95124	-0.877621	-0.766067	-0.615184	-0.4264	-0.204966	0.0399304	0.296341	0.551799	0.795694	1.02051	1.22107	1.3921	1.52573	1.61088	1.63562	1.59179	1.47957	1.30967	1.10176	0.879962	0.667307	0.481357	0.332252	0.223302	0.153293	0.119347	0.119347	
-0.210675	-0.203662	-0.196704	-0.190795	-0.187238	-0.187634	-0.193828	-0.207798	-0.231477	-0.266524	-0.314035	-0.374253	-0.446315	-0.528084	-0.616155	-0.706024	-0.792449	-0.869904	-0.933025	-0.976911	-0.997195	-0.989899	-0.95124	-0.877621	-0.766067	-0.615184	-0.4264	-0.204966	0.0399304	0.296341	0.551799	0.795694	1.02051	1.22107	1.3921	1.52573	1.61088	1.63562	1.59179	1.47957	1.30967	1.10176	0.879962	0.667307	0.481357	0.332252	0.223302	0.153293	0.119347	0.119347	
