0.868449	0.839187	0.768338	0.666097	0.536591	0.405803	0.296952	0.215085	0.159357	0.118236	0.0723891	0.0135331	-0.0627543	-0.163274	-0.294701	-0.453679	-0.623007	-0.785737	-0.90995	-0.967769	-0.956113	-0.875717	-0.722381	-0.530078	-0.332604	-0.153928	-0.00595191	0.105138	0.172768	0.207825	0.221037	0.218768	0.20882	0.199639	0.188374	0.183264	0.183058	0.185028	0.189886	0.191247	0.195416	0.191865	0.179367	0.162333	0.141908	0.125289	0.107114	0.0941609	0.090817	0.090817	
0.839187	0.823172	0.756963	0.649849	0.510566	0.376131	0.26782	0.188627	0.137077	0.10864	0.0788475	0.0426291	-0.0103585	-0.0957715	-0.221405	-0.374896	-0.53576	-0.685428	-0.79502	-0.833909	-0.799129	-0.699946	-0.536114	-0.339945	-0.14933	0.00765989	0.129144	0.208229	0.241976	0.244868	0.229529	0.207941	0.183677	0.159971	0.138214	0.129876	0.12659	0.1265	0.128712	0.121876	0.116682	0.104284	0.0848407	0.0673967	0.0549272	0.0502093	0.0426941	0.0405924	0.047355	0.047355	
0.768338	0.756963	0.693444	0.578489	0.431333	0.294379	0.190124	0.121274	0.0872299	0.0768776	0.0783622	0.0780675	0.0478997	-0.0193511	-0.12324	-0.253063	-0.392734	-0.518505	-0.605504	-0.62436	-0.570522	-0.457888	-0.29728	-0.11524	0.0499182	0.172327	0.260648	0.312264	0.317864	0.285427	0.248413	0.207836	0.159682	0.124203	0.0945924	0.0774455	0.0637478	0.0509734	0.0426151	0.0250625	0.00874077	-0.00717749	-0.0240913	-0.0359847	-0.0392866	-0.0367498	-0.0368545	-0.0334167	-0.0281987	-0.0281987	
0.666097	0.649849	0.578489	0.453453	0.298784	0.163032	0.0687123	0.0308973	0.0296562	0.046455	0.0837307	0.116853	0.11219	0.0711865	-0.00429574	-0.102051	-0.199689	-0.29068	-0.346002	-0.336397	-0.270261	-0.159651	-0.0158166	0.131907	0.256115	0.34703	0.399077	0.415793	0.393778	0.334334	0.277185	0.213798	0.137082	0.0831075	0.0485117	0.019826	-0.0077646	-0.0304668	-0.0521197	-0.0797873	-0.106473	-0.129291	-0.142541	-0.147381	-0.149798	-0.147061	-0.139515	-0.134653	-0.135149	-0.135149	
0.536591	0.510566	0.431333	0.298784	0.146607	0.0205332	-0.0472512	-0.0560883	-0.0294142	0.0286813	0.110824	0.17391	0.196196	0.191647	0.14634	0.0820488	0.0229119	-0.0281825	-0.0491921	-0.0208968	0.052007	0.154843	0.273942	0.38354	0.475049	0.538586	0.551816	0.527089	0.475719	0.391987	0.302096	0.216654	0.128859	0.0557119	-5.60447e-05	-0.050071	-0.0950862	-0.133727	-0.167797	-0.195892	-0.218562	-0.239514	-0.252221	-0.253233	-0.261059	-0.270168	-0.265884	-0.266335	-0.272509	-0.272509	
0.405803	0.376131	0.294379	0.163032	0.0205332	-0.0856095	-0.128108	-0.11124	-0.0470918	0.051563	0.165134	0.255536	0.313635	0.332845	0.317746	0.292649	0.257324	0.227728	0.22532	0.261459	0.334443	0.430919	0.533813	0.627329	0.693107	0.72176	0.707811	0.645614	0.556301	0.452336	0.337666	0.226991	0.127717	0.0389102	-0.0440974	-0.12125	-0.183572	-0.23576	-0.2841	-0.313761	-0.329384	-0.346447	-0.359772	-0.366536	-0.377982	-0.392917	-0.399147	-0.403853	-0.411305	-0.411305	
0.296952	0.26782	0.190124	0.0687123	-0.0472512	-0.128108	-0.155766	-0.108461	-0.00424364	0.125822	0.256478	0.365632	0.443543	0.483124	0.493268	0.48727	0.463084	0.445519	0.449543	0.477123	0.548994	0.642257	0.730195	0.814055	0.866195	0.870155	0.831159	0.74348	0.630704	0.511229	0.381481	0.252429	0.134407	0.0335449	-0.0658208	-0.169397	-0.248264	-0.310559	-0.370736	-0.410761	-0.436442	-0.456439	-0.471267	-0.487299	-0.499238	-0.509383	-0.521061	-0.528073	-0.531016	-0.531016	
0.215085	0.188627	0.121274	0.0308973	-0.0560883	-0.11124	-0.108461	-0.0260739	0.10455	0.247432	0.385449	0.496998	0.574354	0.620325	0.635353	0.626948	0.602155	0.587501	0.590345	0.613604	0.67666	0.759909	0.840611	0.912461	0.958867	0.955293	0.904202	0.81465	0.700957	0.570333	0.430437	0.295246	0.159965	0.0365012	-0.0791341	-0.188086	-0.277177	-0.354682	-0.418342	-0.469622	-0.511009	-0.541031	-0.56419	-0.583549	-0.601275	-0.610648	-0.624828	-0.642549	-0.639476	-0.639476	
0.159357	0.137077	0.0872299	0.0296562	-0.0294142	-0.0470918	-0.00424364	0.10455	0.250595	0.397871	0.525217	0.620004	0.682784	0.717506	0.720088	0.694826	0.662694	0.637422	0.630418	0.656551	0.709274	0.782558	0.863462	0.930785	0.972734	0.969353	0.924907	0.850894	0.748908	0.619322	0.478997	0.336767	0.189253	0.0509818	-0.0776712	-0.183816	-0.269703	-0.354456	-0.421458	-0.477499	-0.533834	-0.578433	-0.61503	-0.648143	-0.673611	-0.687877	-0.705247	-0.72306	-0.720099	-0.720099	
0.118236	0.10864	0.0768776	0.046455	0.0286813	0.051563	0.125822	0.247432	0.397871	0.537705	0.641053	0.71002	0.753442	0.764631	0.739542	0.692213	0.643772	0.596716	0.571519	0.594339	0.644597	0.721132	0.812344	0.886501	0.92634	0.931492	0.906088	0.847384	0.756545	0.635884	0.503106	0.35745	0.211647	0.079001	-0.0465501	-0.150166	-0.236169	-0.313897	-0.382474	-0.445417	-0.50807	-0.566345	-0.615232	-0.66328	-0.701511	-0.721413	-0.737691	-0.748934	-0.746687	-0.746687	
0.0723891	0.0788475	0.0783622	0.0837307	0.110824	0.165134	0.256478	0.385449	0.525217	0.641053	0.71767	0.765514	0.781663	0.763994	0.705099	0.620437	0.535741	0.470172	0.43921	0.455779	0.509887	0.592282	0.688876	0.779804	0.841663	0.865436	0.854872	0.806798	0.719687	0.602685	0.485194	0.35669	0.224099	0.108871	0.00669824	-0.0875404	-0.179229	-0.254414	-0.322486	-0.386248	-0.446204	-0.507654	-0.558103	-0.60911	-0.653136	-0.680535	-0.699985	-0.708237	-0.711963	-0.711963	
0.0135331	0.0426291	0.0780675	0.116853	0.17391	0.255536	0.365632	0.496998	0.620004	0.71002	0.765514	0.787146	0.762508	0.699504	0.601196	0.489944	0.380661	0.298482	0.260507	0.274109	0.334893	0.427063	0.536432	0.64356	0.720995	0.757918	0.760661	0.724024	0.644257	0.533749	0.430153	0.328945	0.220031	0.127869	0.0512608	-0.0244952	-0.101902	-0.172429	-0.236211	-0.296836	-0.354687	-0.405921	-0.451137	-0.49303	-0.525967	-0.555823	-0.577936	-0.589107	-0.600694	-0.600694	
-0.0627543	-0.0103585	0.0478997	0.11219	0.196196	0.313635	0.443543	0.574354	0.682784	0.753442	0.781663	0.762508	0.696175	0.587176	0.453687	0.315806	0.192744	0.105916	0.0674558	0.0799113	0.15074	0.257049	0.371881	0.488848	0.578211	0.62531	0.633442	0.600351	0.531403	0.4458	0.360332	0.279857	0.203409	0.136881	0.0799465	0.0213341	-0.0296632	-0.0794447	-0.130195	-0.179445	-0.228118	-0.260798	-0.292483	-0.318476	-0.335905	-0.360372	-0.379917	-0.397296	-0.410129	-0.410129	
-0.163274	-0.0957715	-0.0193511	0.0711865	0.191647	0.332845	0.483124	0.620325	0.717506	0.764631	0.763994	0.699504	0.587176	0.441696	0.279994	0.12282	-0.009628	-0.0956337	-0.127371	-0.106142	-0.0238925	0.0959093	0.21672	0.339243	0.437163	0.488599	0.492148	0.461813	0.413509	0.35263	0.285754	0.226805	0.175396	0.128231	0.0970732	0.0646245	0.034458	0.0101935	-0.0151891	-0.0402597	-0.064944	-0.0776982	-0.0911679	-0.100603	-0.108452	-0.122762	-0.134177	-0.149674	-0.155	-0.155	
-0.294701	-0.221405	-0.12324	-0.00429574	0.14634	0.317746	0.493268	0.635353	0.720088	0.739542	0.705099	0.601196	0.453687	0.279994	0.0971727	-0.0642778	-0.193738	-0.279931	-0.308882	-0.267719	-0.171898	-0.0386804	0.0986531	0.219243	0.310434	0.360135	0.362762	0.338006	0.308337	0.2663	0.219176	0.183827	0.156419	0.128488	0.11455	0.108559	0.103427	0.102757	0.103111	0.111324	0.117441	0.121589	0.12733	0.125709	0.124094	0.126602	0.127434	0.128789	0.13468	0.13468	
-0.453679	-0.374896	-0.253063	-0.102051	0.0820488	0.292649	0.48727	0.626948	0.694826	0.692213	0.620437	0.489944	0.315806	0.12282	-0.0642778	-0.231202	-0.360686	-0.434446	-0.447876	-0.390161	-0.275231	-0.128736	0.0117624	0.127926	0.220565	0.267076	0.272507	0.25961	0.241608	0.213426	0.179649	0.163038	0.158826	0.154545	0.150907	0.158398	0.179343	0.197204	0.2207	0.258498	0.287661	0.311452	0.3339	0.341239	0.350617	0.365769	0.376586	0.390599	0.400564	0.400564	
-0.623007	-0.53576	-0.392734	-0.199689	0.0229119	0.257324	0.463084	0.602155	0.662694	0.643772	0.535741	0.380661	0.192744	-0.009628	-0.193738	-0.360686	-0.484342	-0.536862	-0.523515	-0.452899	-0.32072	-0.163942	-0.0291663	0.0846085	0.176738	0.225036	0.236899	0.234575	0.222258	0.207308	0.188482	0.174321	0.181498	0.193578	0.203874	0.231815	0.266604	0.298324	0.343229	0.390803	0.427635	0.461671	0.494035	0.520096	0.544309	0.568575	0.586304	0.59905	0.607342	0.607342	
-0.785737	-0.685428	-0.518505	-0.29068	-0.0281825	0.227728	0.445519	0.587501	0.637422	0.596716	0.470172	0.298482	0.105916	-0.0956337	-0.279931	-0.434446	-0.536862	-0.572702	-0.533241	-0.437707	-0.30151	-0.150835	-0.0124883	0.103927	0.186551	0.239319	0.259793	0.263851	0.2536	0.240842	0.232492	0.22523	0.236085	0.247836	0.269815	0.311107	0.352223	0.400392	0.449413	0.492138	0.532533	0.568381	0.607098	0.646138	0.679468	0.707769	0.725356	0.73371	0.737279	0.737279	
-0.90995	-0.79502	-0.605504	-0.346002	-0.0491921	0.22532	0.449543	0.590345	0.630418	0.571519	0.43921	0.260507	0.0674558	-0.127371	-0.308882	-0.447876	-0.523515	-0.533241	-0.474973	-0.364366	-0.22875	-0.0806438	0.0618314	0.175393	0.252968	0.309268	0.337003	0.338831	0.327391	0.312586	0.301675	0.299191	0.305782	0.314886	0.343	0.383906	0.425478	0.47408	0.518323	0.555384	0.594895	0.63714	0.676413	0.713236	0.746047	0.767049	0.780445	0.789085	0.789373	0.789373	
-0.967769	-0.833909	-0.62436	-0.336397	-0.0208968	0.261459	0.477123	0.613604	0.656551	0.594339	0.455779	0.274109	0.0799113	-0.106142	-0.267719	-0.390161	-0.452899	-0.437707	-0.364366	-0.252314	-0.115702	0.0326956	0.17377	0.287546	0.370771	0.417909	0.440262	0.440263	0.422964	0.407918	0.389005	0.37541	0.368299	0.378689	0.413475	0.444636	0.477934	0.5134	0.549013	0.583627	0.614917	0.655266	0.687445	0.713131	0.739225	0.752236	0.765155	0.778367	0.780084	0.780084	
-0.956113	-0.799129	-0.570522	-0.270261	0.052007	0.334443	0.548994	0.67666	0.709274	0.644597	0.509887	0.334893	0.15074	-0.0238925	-0.171898	-0.275231	-0.32072	-0.30151	-0.22875	-0.115702	0.0202176	0.169177	0.314115	0.425811	0.498836	0.538692	0.553093	0.542041	0.512757	0.484594	0.457369	0.441964	0.436479	0.441924	0.463888	0.480988	0.497083	0.519163	0.544724	0.569786	0.595652	0.625459	0.643526	0.658296	0.676411	0.686033	0.69927	0.714247	0.716152	0.716152	
-0.875717	-0.699946	-0.457888	-0.159651	0.154843	0.430919	0.642257	0.759909	0.782558	0.721132	0.592282	0.427063	0.257049	0.0959093	-0.0386804	-0.128736	-0.163942	-0.150835	-0.0806438	0.0326956	0.169177	0.315833	0.45694	0.560838	0.617755	0.650711	0.648999	0.620881	0.578853	0.537758	0.506924	0.485991	0.483911	0.480398	0.477538	0.482182	0.482374	0.493512	0.510078	0.52433	0.545535	0.558432	0.565795	0.576187	0.583376	0.59072	0.599243	0.605881	0.607069	0.607069	
-0.722381	-0.536114	-0.29728	-0.0158166	0.273942	0.533813	0.730195	0.840611	0.863462	0.812344	0.688876	0.536432	0.371881	0.21672	0.0986531	0.0117624	-0.0291663	-0.0124883	0.0618314	0.17377	0.314115	0.45694	0.578452	0.666694	0.719076	0.733744	0.711774	0.671257	0.62107	0.575701	0.535793	0.501436	0.483903	0.469002	0.451601	0.447729	0.445006	0.446238	0.456231	0.461671	0.468994	0.468801	0.469303	0.476481	0.476164	0.47766	0.480262	0.480487	0.480671	0.480671	
-0.530078	-0.339945	-0.11524	0.131907	0.38354	0.627329	0.814055	0.912461	0.930785	0.886501	0.779804	0.64356	0.488848	0.339243	0.219243	0.127926	0.0846085	0.103927	0.175393	0.287546	0.425811	0.560838	0.666694	0.7329	0.773034	0.773893	0.73875	0.686041	0.632553	0.584634	0.533772	0.48915	0.45819	0.433015	0.401193	0.390067	0.392798	0.384922	0.380305	0.376377	0.371668	0.367359	0.368235	0.368876	0.367236	0.36592	0.360691	0.359592	0.356376	0.356376	
-0.332604	-0.14933	0.0499182	0.256115	0.475049	0.693107	0.866195	0.958867	0.972734	0.92634	0.841663	0.720995	0.578211	0.437163	0.310434	0.220565	0.176738	0.186551	0.252968	0.370771	0.498836	0.617755	0.719076	0.773034	0.791366	0.774096	0.724128	0.661314	0.606223	0.553873	0.496882	0.449489	0.409122	0.374295	0.344869	0.329664	0.325489	0.315631	0.298843	0.287335	0.280023	0.267273	0.262959	0.261035	0.25804	0.259378	0.255386	0.252574	0.251102	0.251102	
-0.153928	0.00765989	0.172327	0.34703	0.538586	0.72176	0.870155	0.955293	0.969353	0.931492	0.865436	0.757918	0.62531	0.488599	0.360135	0.267076	0.225036	0.239319	0.309268	0.417909	0.538692	0.650711	0.733744	0.773893	0.774096	0.743827	0.686159	0.61636	0.55625	0.498027	0.434968	0.381788	0.339234	0.306034	0.285952	0.267129	0.245525	0.230363	0.217403	0.204729	0.198307	0.188489	0.176881	0.174256	0.168772	0.163439	0.162315	0.157194	0.157115	0.157115	
-0.00595191	0.129144	0.260648	0.399077	0.551816	0.707811	0.831159	0.904202	0.924907	0.906088	0.854872	0.760661	0.633442	0.492148	0.362762	0.272507	0.236899	0.259793	0.337003	0.440262	0.553093	0.648999	0.711774	0.73875	0.724128	0.686159	0.633717	0.568752	0.498488	0.429479	0.363563	0.308126	0.267786	0.240478	0.218006	0.189682	0.167489	0.154	0.141503	0.130049	0.125668	0.123974	0.112541	0.105606	0.0966707	0.0842638	0.0839487	0.0828031	0.0828081	0.0828081	
0.105138	0.208229	0.312264	0.415793	0.527089	0.645614	0.74348	0.81465	0.850894	0.847384	0.806798	0.724024	0.600351	0.461813	0.338006	0.25961	0.234575	0.263851	0.338831	0.440263	0.542041	0.620881	0.671257	0.686041	0.661314	0.61636	0.568752	0.505172	0.427364	0.350365	0.291996	0.245373	0.199398	0.171932	0.150153	0.125418	0.108989	0.0963183	0.0828069	0.0694917	0.0629805	0.0596899	0.04997	0.0430588	0.0378895	0.0278152	0.0282085	0.0342194	0.0311542	0.0311542	
0.172768	0.241976	0.317864	0.393778	0.475719	0.556301	0.630704	0.700957	0.748908	0.756545	0.719687	0.644257	0.531403	0.413509	0.308337	0.241608	0.222258	0.2536	0.327391	0.422964	0.512757	0.578853	0.62107	0.632553	0.606223	0.55625	0.498488	0.427364	0.347534	0.272584	0.227184	0.186509	0.138979	0.110576	0.0912478	0.0744406	0.0570581	0.0457932	0.0365633	0.0262191	0.0177913	0.00562287	0.00041452	-0.000984157	-0.00211704	-0.00406649	-0.00682979	-0.00764985	-0.0152128	-0.0152128	
0.207825	0.244868	0.285427	0.334334	0.391987	0.452336	0.511229	0.570333	0.619322	0.635884	0.602685	0.533749	0.4458	0.35263	0.2663	0.213426	0.207308	0.240842	0.312586	0.407918	0.484594	0.537758	0.575701	0.584634	0.553873	0.498027	0.429479	0.350365	0.272584	0.207926	0.167951	0.129562	0.0927324	0.0674699	0.0441951	0.0241578	0.0083626	0.00425194	-0.000495804	-0.00532286	-0.0116187	-0.0255346	-0.0289127	-0.0314072	-0.0342189	-0.0296939	-0.0326321	-0.0406485	-0.0439928	-0.0439928	
0.221037	0.229529	0.248413	0.277185	0.302096	0.337666	0.381481	0.430437	0.478997	0.503106	0.485194	0.430153	0.360332	0.285754	0.219176	0.179649	0.188482	0.232492	0.301675	0.389005	0.457369	0.506924	0.535793	0.533772	0.496882	0.434968	0.363563	0.291996	0.227184	0.167951	0.121746	0.0796647	0.0473213	0.0268657	0.00279283	-0.0111746	-0.0166235	-0.0272734	-0.0325755	-0.0336646	-0.041257	-0.0436314	-0.0424977	-0.0497799	-0.0541298	-0.0521869	-0.0570755	-0.0618893	-0.0550569	-0.0550569	
0.218768	0.207941	0.207836	0.213798	0.216654	0.226991	0.252429	0.295246	0.336767	0.35745	0.35669	0.328945	0.279857	0.226805	0.183827	0.163038	0.174321	0.22523	0.299191	0.37541	0.441964	0.485991	0.501436	0.48915	0.449489	0.381788	0.308126	0.245373	0.186509	0.129562	0.0796647	0.0425099	0.0120876	-0.00962007	-0.0230016	-0.0301856	-0.0314876	-0.043932	-0.0533213	-0.0567202	-0.0640918	-0.0601882	-0.0558541	-0.0612364	-0.0683127	-0.0683698	-0.0711748	-0.0743822	-0.058421	-0.058421	
0.20882	0.183677	0.159682	0.137082	0.128859	0.127717	0.134407	0.159965	0.189253	0.211647	0.224099	0.220031	0.203409	0.175396	0.156419	0.158826	0.181498	0.236085	0.305782	0.368299	0.436479	0.483911	0.483903	0.45819	0.409122	0.339234	0.267786	0.199398	0.138979	0.0927324	0.0473213	0.0120876	-0.0114304	-0.0280069	-0.0350979	-0.0477207	-0.0518106	-0.0537169	-0.0637955	-0.0688745	-0.0723567	-0.0705804	-0.0698695	-0.0751741	-0.0770549	-0.0733198	-0.0741798	-0.0779564	-0.0708216	-0.0708216	
0.199639	0.159971	0.124203	0.0831075	0.0557119	0.0389102	0.0335449	0.0365012	0.0509818	0.079001	0.108871	0.127869	0.136881	0.128231	0.128488	0.154545	0.193578	0.247836	0.314886	0.378689	0.441924	0.480398	0.469002	0.433015	0.374295	0.306034	0.240478	0.171932	0.110576	0.0674699	0.0268657	-0.00962007	-0.0280069	-0.04041	-0.0511954	-0.065669	-0.0698144	-0.0693572	-0.0751691	-0.0703994	-0.0691509	-0.0735859	-0.0786596	-0.0833909	-0.0779449	-0.0741272	-0.0755125	-0.0790814	-0.0870921	-0.0870921	
0.188374	0.138214	0.0945924	0.0485117	-5.60447e-05	-0.0440974	-0.0658208	-0.0791341	-0.0776712	-0.0465501	0.00669824	0.0512608	0.0799465	0.0970732	0.11455	0.150907	0.203874	0.269815	0.343	0.413475	0.463888	0.477538	0.451601	0.401193	0.344869	0.285952	0.218006	0.150153	0.0912478	0.0441951	0.00279283	-0.0230016	-0.0350979	-0.0511954	-0.0593568	-0.0678788	-0.0778311	-0.0819512	-0.0815779	-0.0748192	-0.0742648	-0.0800329	-0.0838052	-0.0796115	-0.0774513	-0.0825775	-0.0800287	-0.0794881	-0.0874565	-0.0874565	
0.183264	0.129876	0.0774455	0.019826	-0.050071	-0.12125	-0.169397	-0.188086	-0.183816	-0.150166	-0.0875404	-0.0244952	0.0213341	0.0646245	0.108559	0.158398	0.231815	0.311107	0.383906	0.444636	0.480988	0.482182	0.447729	0.390067	0.329664	0.267129	0.189682	0.125418	0.0744406	0.0241578	-0.0111746	-0.0301856	-0.0477207	-0.065669	-0.0678788	-0.0695605	-0.0767301	-0.0763743	-0.074595	-0.0785555	-0.0869596	-0.0889165	-0.0837491	-0.0791373	-0.0821593	-0.0902195	-0.0861861	-0.077476	-0.079042	-0.079042	
0.183058	0.12659	0.0637478	-0.0077646	-0.0950862	-0.183572	-0.248264	-0.277177	-0.269703	-0.236169	-0.179229	-0.101902	-0.0296632	0.034458	0.103427	0.179343	0.266604	0.352223	0.425478	0.477934	0.497083	0.482374	0.445006	0.392798	0.325489	0.245525	0.167489	0.108989	0.0570581	0.0083626	-0.0166235	-0.0314876	-0.0518106	-0.0698144	-0.0778311	-0.0767301	-0.0788179	-0.0794132	-0.0780429	-0.0851119	-0.0887136	-0.0833603	-0.0790421	-0.0809896	-0.0835933	-0.0860093	-0.0867559	-0.0822809	-0.0821613	-0.0821613	
0.185028	0.1265	0.0509734	-0.0304668	-0.133727	-0.23576	-0.310559	-0.354682	-0.354456	-0.313897	-0.254414	-0.172429	-0.0794447	0.0101935	0.102757	0.197204	0.298324	0.400392	0.47408	0.5134	0.519163	0.493512	0.446238	0.384922	0.315631	0.230363	0.154	0.0963183	0.0457932	0.00425194	-0.0272734	-0.043932	-0.0537169	-0.0693572	-0.0819512	-0.0763743	-0.0794132	-0.0878632	-0.0854619	-0.0883546	-0.0828678	-0.0763463	-0.0818932	-0.0859278	-0.0822363	-0.0788287	-0.0834739	-0.0865091	-0.0876369	-0.0876369	
0.189886	0.128712	0.0426151	-0.0521197	-0.167797	-0.2841	-0.370736	-0.418342	-0.421458	-0.382474	-0.322486	-0.236211	-0.130195	-0.0151891	0.103111	0.2207	0.343229	0.449413	0.518323	0.549013	0.544724	0.510078	0.456231	0.380305	0.298843	0.217403	0.141503	0.0828069	0.0365633	-0.000495804	-0.0325755	-0.0533213	-0.0637955	-0.0751691	-0.0815779	-0.074595	-0.0780429	-0.0854619	-0.0824377	-0.0828084	-0.0800853	-0.0820126	-0.0894596	-0.0913507	-0.0860034	-0.0801387	-0.0826187	-0.0829764	-0.0820653	-0.0820653	
0.191247	0.121876	0.0250625	-0.0797873	-0.195892	-0.313761	-0.410761	-0.469622	-0.477499	-0.445417	-0.386248	-0.296836	-0.179445	-0.0402597	0.111324	0.258498	0.390803	0.492138	0.555384	0.583627	0.569786	0.52433	0.461671	0.376377	0.287335	0.204729	0.130049	0.0694917	0.0262191	-0.00532286	-0.0336646	-0.0567202	-0.0688745	-0.0703994	-0.0748192	-0.0785555	-0.0851119	-0.0883546	-0.0828084	-0.0841523	-0.0839175	-0.0850057	-0.0858955	-0.0821227	-0.0826748	-0.0840314	-0.0843428	-0.0830624	-0.0831812	-0.0831812	
0.195416	0.116682	0.00874077	-0.106473	-0.218562	-0.329384	-0.436442	-0.511009	-0.533834	-0.50807	-0.446204	-0.354687	-0.228118	-0.064944	0.117441	0.287661	0.427635	0.532533	0.594895	0.614917	0.595652	0.545535	0.468994	0.371668	0.280023	0.198307	0.125668	0.0629805	0.0177913	-0.0116187	-0.041257	-0.0640918	-0.0723567	-0.0691509	-0.0742648	-0.0869596	-0.0887136	-0.0828678	-0.0800853	-0.0839175	-0.0861345	-0.0857673	-0.0820032	-0.0773112	-0.0822175	-0.0876442	-0.0843925	-0.082059	-0.0856855	-0.0856855	
0.191865	0.104284	-0.00717749	-0.129291	-0.239514	-0.346447	-0.456439	-0.541031	-0.578433	-0.566345	-0.507654	-0.405921	-0.260798	-0.0776982	0.121589	0.311452	0.461671	0.568381	0.63714	0.655266	0.625459	0.558432	0.468801	0.367359	0.267273	0.188489	0.123974	0.0596899	0.00562287	-0.0255346	-0.0436314	-0.0601882	-0.0705804	-0.0735859	-0.0800329	-0.0889165	-0.0833603	-0.0763463	-0.0820126	-0.0850057	-0.0857673	-0.0866023	-0.08216	-0.0808804	-0.0862567	-0.0863086	-0.0817318	-0.0822624	-0.082842	-0.082842	
0.179367	0.0848407	-0.0240913	-0.142541	-0.252221	-0.359772	-0.471267	-0.56419	-0.61503	-0.615232	-0.558103	-0.451137	-0.292483	-0.0911679	0.12733	0.3339	0.494035	0.607098	0.676413	0.687445	0.643526	0.565795	0.469303	0.368235	0.262959	0.176881	0.112541	0.04997	0.00041452	-0.0289127	-0.0424977	-0.0558541	-0.0698695	-0.0786596	-0.0838052	-0.0837491	-0.0790421	-0.0818932	-0.0894596	-0.0858955	-0.0820032	-0.08216	-0.0840168	-0.0864824	-0.0841504	-0.0805545	-0.0820618	-0.0855727	-0.0812846	-0.0812846	
0.162333	0.0673967	-0.0359847	-0.147381	-0.253233	-0.366536	-0.487299	-0.583549	-0.648143	-0.66328	-0.60911	-0.49303	-0.318476	-0.100603	0.125709	0.341239	0.520096	0.646138	0.713236	0.713131	0.658296	0.576187	0.476481	0.368876	0.261035	0.174256	0.105606	0.0430588	-0.000984157	-0.0314072	-0.0497799	-0.0612364	-0.0751741	-0.0833909	-0.0796115	-0.0791373	-0.0809896	-0.0859278	-0.0913507	-0.0821227	-0.0773112	-0.0808804	-0.0864824	-0.0878242	-0.0805759	-0.0795004	-0.0839352	-0.0859637	-0.0824009	-0.0824009	
0.141908	0.0549272	-0.0392866	-0.149798	-0.261059	-0.377982	-0.499238	-0.601275	-0.673611	-0.701511	-0.653136	-0.525967	-0.335905	-0.108452	0.124094	0.350617	0.544309	0.679468	0.746047	0.739225	0.676411	0.583376	0.476164	0.367236	0.25804	0.168772	0.0966707	0.0378895	-0.00211704	-0.0342189	-0.0541298	-0.0683127	-0.0770549	-0.0779449	-0.0774513	-0.0821593	-0.0835933	-0.0822363	-0.0860034	-0.0826748	-0.0822175	-0.0862567	-0.0841504	-0.0805759	-0.0821281	-0.0849395	-0.0823574	-0.0825728	-0.0838026	-0.0838026	
0.125289	0.0502093	-0.0367498	-0.147061	-0.270168	-0.392917	-0.509383	-0.610648	-0.687877	-0.721413	-0.680535	-0.555823	-0.360372	-0.122762	0.126602	0.365769	0.568575	0.707769	0.767049	0.752236	0.686033	0.59072	0.47766	0.36592	0.259378	0.163439	0.0842638	0.0278152	-0.00406649	-0.0296939	-0.0521869	-0.0683698	-0.0733198	-0.0741272	-0.0825775	-0.0902195	-0.0860093	-0.0788287	-0.0801387	-0.0840314	-0.0876442	-0.0863086	-0.0805545	-0.0795004	-0.0849395	-0.0880928	-0.0819241	-0.0789389	-0.0832396	-0.0832396	
0.107114	0.0426941	-0.0368545	-0.139515	-0.265884	-0.399147	-0.521061	-0.624828	-0.705247	-0.737691	-0.699985	-0.577936	-0.379917	-0.134177	0.127434	0.376586	0.586304	0.725356	0.780445	0.765155	0.69927	0.599243	0.480262	0.360691	0.255386	0.162315	0.0839487	0.0282085	-0.00682979	-0.0326321	-0.0570755	-0.0711748	-0.0741798	-0.0755125	-0.0800287	-0.0861861	-0.0867559	-0.0834739	-0.0826187	-0.0843428	-0.0843925	-0.0817318	-0.0820618	-0.0839352	-0.0823574	-0.0819241	-0.0832628	-0.0829661	-0.0834005	-0.0834005	
0.0941609	0.0405924	-0.0334167	-0.134653	-0.266335	-0.403853	-0.528073	-0.642549	-0.72306	-0.748934	-0.708237	-0.589107	-0.397296	-0.149674	0.128789	0.390599	0.59905	0.73371	0.789085	0.778367	0.714247	0.605881	0.480487	0.359592	0.252574	0.157194	0.0828031	0.0342194	-0.00764985	-0.0406485	-0.0618893	-0.0743822	-0.0779564	-0.0790814	-0.0794881	-0.077476	-0.0822809	-0.0865091	-0.0829764	-0.0830624	-0.082059	-0.0822624	-0.0855727	-0.0859637	-0.0825728	-0.0789389	-0.0829661	-0.0854042	-0.0817436	-0.0817436	
0.090817	0.047355	-0.0281987	-0.135149	-0.272509	-0.411305	-0.531016	-0.639476	-0.720099	-0.746687	-0.711963	-0.600694	-0.410129	-0.155	0.13468	0.400564	0.607342	0.737279	0.789373	0.780084	0.716152	0.607069	0.480671	0.356376	0.251102	0.157115	0.0828081	0.0311542	-0.0152128	-0.0439928	-0.0550569	-0.058421	-0.0708216	-0.0870921	-0.0874565	-0.079042	-0.0821613	-0.0876369	-0.0820653	-0.0831812	-0.0856855	-0.082842	-0.0812846	-0.0824009	-0.0838026	-0.0832396	-0.0834005	-0.0817436	-0.082506	-0.082506	
0.090817	0.047355	-0.0281987	-0.135149	-0.272509	-0.411305	-0.531016	-0.639476	-0.720099	-0.746687	-0.711963	-0.600694	-0.410129	-0.155	0.13468	0.400564	0.607342	0.737279	0.789373	0.780084	0.716152	0.607069	0.480671	0.356376	0.251102	0.157115	0.0828081	0.0311542	-0.0152128	-0.0439928	-0.0550569	-0.058421	-0.0708216	-0.0870921	-0.0874565	-0.079042	-0.0821613	-0.0876369	-0.0820653	-0.0831812	-0.0856855	-0.082842	-0.0812846	-0.0824009	-0.0838026	-0.0832396	-0.0834005	-0.0817436	-0.082506	-0.082506	
