-3.0752	-3.0752	-2.87574	-2.52631	-2.06044	-1.54916	-1.07285	-0.664066	-0.361898	-0.191358	-0.127354	-0.129342	-0.157805	-0.192281	-0.223686	-0.251853	-0.278629	-0.296906	-0.308288	-0.32929	-0.361973	-0.412873	-0.492084	-0.616366	-0.793956	-1.00363	-1.21621	-1.39467	-1.51095	-1.5558	-1.53698	-1.47123	-1.36517	-1.20316	-0.98464	-0.744364	-0.530909	-0.361654	-0.236018	-0.159144	-0.135164	-0.151066	-0.188838	-0.241825	-0.307629	-0.358554	-0.372951	-0.335504	-0.251541	-0.136433	
-3.0752	-3.0752	-2.87574	-2.52631	-2.06044	-1.54916	-1.07285	-0.664066	-0.361898	-0.191358	-0.127354	-0.129342	-0.157805	-0.192281	-0.223686	-0.251853	-0.278629	-0.296906	-0.308288	-0.32929	-0.361973	-0.412873	-0.492084	-0.616366	-0.793956	-1.00363	-1.21621	-1.39467	-1.51095	-1.5558	-1.53698	-1.47123	-1.36517	-1.20316	-0.98464	-0.744364	-0.530909	-0.361654	-0.236018	-0.159144	-0.135164	-0.151066	-0.188838	-0.241825	-0.307629	-0.358554	-0.372951	-0.335504	-0.251541	-0.136433	
-2.87574	-2.87574	-2.67767	-2.33187	-1.8822	-1.38781	-0.917227	-0.514777	-0.224319	-0.0635857	-0.0122444	-0.0256301	-0.0604835	-0.0979821	-0.134344	-0.16689	-0.192686	-0.206909	-0.214604	-0.22571	-0.253218	-0.309986	-0.393003	-0.512448	-0.684559	-0.889589	-1.10106	-1.27543	-1.38351	-1.42381	-1.41281	-1.35642	-1.25461	-1.09567	-0.884852	-0.65195	-0.441973	-0.278858	-0.164396	-0.0938891	-0.0737268	-0.1007	-0.147464	-0.204919	-0.268692	-0.310607	-0.317221	-0.279719	-0.19748	-0.0783649	
-2.52631	-2.52631	-2.33187	-1.991	-1.5576	-1.08998	-0.64366	-0.271767	-0.0062448	0.140076	0.186492	0.164563	0.1161	0.0665397	0.0286908	-0.00717644	-0.0321527	-0.0381016	-0.0404989	-0.0428568	-0.0606571	-0.112652	-0.196995	-0.320441	-0.494404	-0.687908	-0.884089	-1.04397	-1.14477	-1.19334	-1.1946	-1.14502	-1.04456	-0.897522	-0.712089	-0.504236	-0.301998	-0.145524	-0.0460441	0.0094006	0.0156633	-0.020553	-0.0776385	-0.138408	-0.196504	-0.226772	-0.227811	-0.184508	-0.0921645	0.0374366	
-2.06044	-2.06044	-1.8822	-1.5576	-1.14607	-0.714872	-0.309527	0.0229384	0.258782	0.387263	0.423676	0.392493	0.33273	0.274527	0.233951	0.200734	0.179823	0.180346	0.183224	0.19107	0.179897	0.130559	0.0425084	-0.0853594	-0.254361	-0.42666	-0.596805	-0.738024	-0.832487	-0.885038	-0.895516	-0.859882	-0.774666	-0.646789	-0.494348	-0.319338	-0.142284	-0.004111	0.0796017	0.123441	0.114115	0.0651845	-7.54152e-05	-0.0556659	-0.100649	-0.117973	-0.110977	-0.0580399	0.0407522	0.179484	
-1.54916	-1.54916	-1.38781	-1.08998	-0.714872	-0.329591	0.0265823	0.322202	0.529369	0.636527	0.65634	0.615297	0.553938	0.497252	0.455325	0.422479	0.40852	0.413023	0.424511	0.437058	0.42702	0.372946	0.283479	0.15578	-0.00313873	-0.152008	-0.288763	-0.404088	-0.483906	-0.52946	-0.547506	-0.533217	-0.480751	-0.389905	-0.268582	-0.126852	0.0169354	0.127662	0.194699	0.229259	0.216742	0.156865	0.0929522	0.0471252	0.0173265	0.0152655	0.0351079	0.089501	0.188492	0.324094	
-1.07285	-1.07285	-0.917227	-0.64366	-0.309527	0.0265823	0.325708	0.582751	0.761714	0.849497	0.857005	0.818177	0.756449	0.701495	0.660061	0.633764	0.624273	0.632876	0.647623	0.654021	0.641381	0.59049	0.504059	0.37769	0.233191	0.108068	0.00923458	-0.0732598	-0.135985	-0.176906	-0.200868	-0.203721	-0.185025	-0.136251	-0.0559535	0.0493436	0.157524	0.243129	0.300299	0.328122	0.3187	0.269264	0.221186	0.189523	0.176737	0.184086	0.212993	0.271175	0.365279	0.482003	
-0.664066	-0.664066	-0.514777	-0.271767	0.0229384	0.322202	0.582751	0.796012	0.942859	1.0144	1.02215	0.981896	0.920124	0.86626	0.829151	0.807852	0.79896	0.803441	0.817458	0.821674	0.804985	0.753937	0.664849	0.544552	0.422821	0.326893	0.259117	0.205849	0.163248	0.127716	0.100292	0.0803459	0.0736305	0.0889112	0.134371	0.20292	0.278623	0.346207	0.399905	0.430438	0.430126	0.4027	0.374012	0.362954	0.366548	0.382804	0.414777	0.469093	0.551825	0.641504	
-0.361898	-0.361898	-0.224319	-0.0062448	0.258782	0.529369	0.761714	0.942859	1.0704	1.13576	1.1385	1.09039	1.0296	0.978648	0.942349	0.928689	0.922884	0.920811	0.924597	0.927552	0.906508	0.852035	0.75992	0.654355	0.553036	0.473742	0.421452	0.394088	0.373761	0.349943	0.319775	0.288914	0.261754	0.253081	0.269626	0.319069	0.376082	0.436498	0.490726	0.531998	0.546778	0.545513	0.540328	0.547413	0.556233	0.571846	0.600376	0.648932	0.708238	0.771606	
-0.191358	-0.191358	-0.0635857	0.140076	0.387263	0.636527	0.849497	1.0144	1.13576	1.19197	1.18825	1.14068	1.08646	1.03617	1.00778	0.993004	0.987117	0.985299	0.985713	0.975296	0.944342	0.884833	0.799839	0.707699	0.613387	0.540531	0.495372	0.483104	0.480514	0.465418	0.436267	0.403992	0.369049	0.343651	0.3511	0.390286	0.44814	0.508048	0.560625	0.606124	0.64253	0.67049	0.68762	0.699022	0.705957	0.721409	0.743674	0.778022	0.814769	0.842627	
-0.127354	-0.127354	-0.0122444	0.186492	0.423676	0.65634	0.857005	1.02215	1.1385	1.18825	1.17797	1.14172	1.09595	1.05265	1.03008	1.01991	1.01119	1.00711	0.99904	0.974301	0.931547	0.865179	0.784247	0.697118	0.610172	0.541763	0.499029	0.485585	0.486925	0.483914	0.468574	0.440052	0.4055	0.382762	0.388884	0.42259	0.477598	0.535572	0.596345	0.653651	0.708035	0.756748	0.788337	0.800585	0.804549	0.810635	0.823194	0.842266	0.851809	0.840519	
-0.129342	-0.129342	-0.0256301	0.164563	0.392493	0.615297	0.818177	0.981896	1.09039	1.14068	1.14172	1.11281	1.07534	1.04573	1.03169	1.02244	1.01243	1.00115	0.976296	0.935646	0.879728	0.803886	0.719714	0.631389	0.547935	0.483575	0.446581	0.43237	0.437463	0.446683	0.446878	0.423498	0.390721	0.370848	0.378251	0.412288	0.465068	0.525398	0.595536	0.669743	0.737519	0.794011	0.838184	0.85454	0.851661	0.847144	0.841506	0.834049	0.818787	0.777452	
-0.157805	-0.157805	-0.0604835	0.1161	0.33273	0.553938	0.756449	0.920124	1.0296	1.08646	1.09595	1.07534	1.04555	1.03195	1.02637	1.01715	1.0029	0.979528	0.929265	0.864308	0.789119	0.702629	0.61951	0.538527	0.462398	0.404762	0.372442	0.359934	0.371984	0.396181	0.405048	0.386731	0.35164	0.330122	0.332631	0.365422	0.412697	0.471943	0.54577	0.634636	0.717683	0.785388	0.843026	0.867953	0.865307	0.85119	0.825485	0.790133	0.744567	0.674301	
-0.192281	-0.192281	-0.0979821	0.0665397	0.274527	0.497252	0.701495	0.86626	0.978648	1.03617	1.05265	1.04573	1.03195	1.02772	1.02333	1.00359	0.971295	0.924788	0.856409	0.772524	0.675029	0.576801	0.493476	0.42601	0.367967	0.325331	0.298692	0.293447	0.317376	0.352076	0.36507	0.344026	0.307364	0.277465	0.270019	0.286515	0.322208	0.374282	0.447725	0.548022	0.648634	0.731132	0.794424	0.832678	0.840365	0.823639	0.784283	0.720826	0.641987	0.53964	
-0.223686	-0.223686	-0.134344	0.0286908	0.233951	0.455325	0.660061	0.829151	0.942349	1.00778	1.03008	1.03169	1.02637	1.02333	1.00473	0.972632	0.919429	0.842782	0.753055	0.653647	0.543126	0.442873	0.361986	0.30596	0.271625	0.247873	0.237016	0.253169	0.289743	0.326448	0.336678	0.315346	0.275796	0.229512	0.197551	0.191249	0.209394	0.253253	0.327251	0.426016	0.530664	0.620869	0.689929	0.745988	0.767975	0.74855	0.701775	0.623454	0.520588	0.400179	
-0.251853	-0.251853	-0.16689	-0.00717644	0.200734	0.422479	0.633764	0.807852	0.928689	0.993004	1.01991	1.02244	1.01715	1.00359	0.972632	0.916891	0.83819	0.738213	0.631289	0.514117	0.396357	0.300716	0.233262	0.191629	0.178092	0.177481	0.193866	0.234379	0.28476	0.319665	0.327486	0.309648	0.264136	0.200529	0.145265	0.117151	0.119336	0.147692	0.203434	0.282381	0.377267	0.466474	0.540574	0.605548	0.643406	0.633556	0.58073	0.496665	0.384213	0.261157	
-0.278629	-0.278629	-0.192686	-0.0321527	0.179823	0.40852	0.624273	0.79896	0.922884	0.987117	1.01119	1.01243	1.0029	0.971295	0.919429	0.83819	0.73478	0.612805	0.491112	0.366971	0.25411	0.165488	0.113531	0.0895043	0.0941402	0.119263	0.164053	0.224616	0.291094	0.339117	0.35572	0.337423	0.283236	0.208194	0.13756	0.0886603	0.0727277	0.0770572	0.104908	0.159368	0.234022	0.310107	0.380819	0.443457	0.489901	0.487168	0.439343	0.35796	0.248355	0.134081	
-0.296906	-0.296906	-0.206909	-0.0381016	0.180346	0.413023	0.632876	0.803441	0.920811	0.985299	1.00711	1.00115	0.979528	0.924788	0.842782	0.738213	0.612805	0.479295	0.347455	0.224053	0.122437	0.0495941	0.00234509	-0.00969698	0.0116329	0.0618578	0.139633	0.224634	0.30615	0.372892	0.40254	0.381073	0.322684	0.244977	0.166637	0.105331	0.0692745	0.0609432	0.0657039	0.0889008	0.129502	0.186298	0.247813	0.300602	0.33757	0.339263	0.301492	0.22433	0.123273	0.0251742	
-0.308288	-0.308288	-0.214604	-0.0404989	0.183224	0.424511	0.647623	0.817458	0.924597	0.985713	0.99904	0.976296	0.929265	0.856409	0.753055	0.631289	0.491112	0.347455	0.211885	0.0968522	0.00829298	-0.0498989	-0.0850973	-0.0888921	-0.0549363	0.0136465	0.114116	0.224863	0.324231	0.401285	0.43942	0.4232	0.364982	0.286338	0.210842	0.146266	0.101502	0.0887364	0.082423	0.0765012	0.087387	0.122228	0.167616	0.204593	0.225254	0.220169	0.180602	0.10429	0.0165262	-0.0650536	
-0.32929	-0.32929	-0.22571	-0.0428568	0.19107	0.437058	0.654021	0.821674	0.927552	0.975296	0.974301	0.935646	0.864308	0.772524	0.653647	0.514117	0.366971	0.224053	0.0968522	0.000895913	-0.0721835	-0.122175	-0.141734	-0.133234	-0.0901254	-0.0161539	0.0927333	0.223495	0.341819	0.424155	0.465591	0.45189	0.393747	0.319177	0.251456	0.196133	0.158318	0.14124	0.13282	0.117942	0.112759	0.126817	0.147648	0.163085	0.162221	0.139086	0.0884376	0.0103907	-0.0679834	-0.132472	
-0.361973	-0.361973	-0.253218	-0.0606571	0.179897	0.42702	0.641381	0.804985	0.906508	0.944342	0.931547	0.879728	0.789119	0.675029	0.543126	0.396357	0.25411	0.122437	0.00829298	-0.0721835	-0.125748	-0.158029	-0.163524	-0.148138	-0.106508	-0.0312981	0.0843117	0.221467	0.346798	0.43458	0.475256	0.457424	0.403825	0.339304	0.282078	0.239385	0.219342	0.211721	0.207317	0.196198	0.182098	0.177196	0.176526	0.167352	0.142975	0.0933879	0.0257283	-0.0555768	-0.123371	-0.170047	
-0.412873	-0.412873	-0.309986	-0.112652	0.130559	0.372946	0.59049	0.753937	0.852035	0.884833	0.865179	0.803886	0.702629	0.576801	0.442873	0.300716	0.165488	0.0495941	-0.0498989	-0.122175	-0.158029	-0.164673	-0.155889	-0.138145	-0.100911	-0.028674	0.091496	0.226996	0.346448	0.433556	0.467258	0.453048	0.408951	0.352717	0.303069	0.278124	0.277402	0.288559	0.289744	0.283718	0.272077	0.258798	0.239545	0.205943	0.161203	0.092264	0.00536002	-0.0786637	-0.140342	-0.176711	
-0.492084	-0.492084	-0.393003	-0.196995	0.0425084	0.283479	0.504059	0.664849	0.75992	0.799839	0.784247	0.719714	0.61951	0.493476	0.361986	0.233262	0.113531	0.00234509	-0.0850973	-0.141734	-0.163524	-0.155889	-0.140034	-0.120156	-0.0711283	0.00436511	0.111234	0.24274	0.363601	0.442815	0.472912	0.462478	0.423198	0.368403	0.333858	0.324386	0.332827	0.350023	0.363178	0.373408	0.372049	0.353624	0.320194	0.273211	0.213262	0.12751	0.0337967	-0.0450636	-0.101298	-0.138714	
-0.616366	-0.616366	-0.512448	-0.320441	-0.0853594	0.15578	0.37769	0.544552	0.654355	0.707699	0.697118	0.631389	0.538527	0.42601	0.30596	0.191629	0.0895043	-0.00969698	-0.0888921	-0.133234	-0.148138	-0.138145	-0.120156	-0.0931008	-0.0313832	0.0541516	0.15354	0.275596	0.394374	0.473677	0.502449	0.486751	0.445265	0.398124	0.371788	0.363839	0.368876	0.393614	0.423545	0.449988	0.46274	0.448604	0.410453	0.359599	0.282683	0.187485	0.101994	0.0279885	-0.0292806	-0.0650636	
-0.793956	-0.793956	-0.684559	-0.494404	-0.254361	-0.00313873	0.233191	0.422821	0.553036	0.613387	0.610172	0.547935	0.462398	0.367967	0.271625	0.178092	0.0941402	0.0116329	-0.0549363	-0.0901254	-0.106508	-0.100911	-0.0711283	-0.0313832	0.0256214	0.112937	0.220096	0.335132	0.445139	0.520541	0.546604	0.525681	0.480727	0.437841	0.405113	0.385654	0.394554	0.428789	0.462901	0.5028	0.53292	0.528494	0.493739	0.442705	0.359387	0.261862	0.181382	0.113904	0.0613042	0.0316868	
-1.00363	-1.00363	-0.889589	-0.687908	-0.42666	-0.152008	0.108068	0.326893	0.473742	0.540531	0.541763	0.483575	0.404762	0.325331	0.247873	0.177481	0.119263	0.0618578	0.0136465	-0.0161539	-0.0312981	-0.028674	0.00436511	0.0541516	0.112937	0.194593	0.30146	0.410948	0.507479	0.574487	0.597362	0.5755	0.528646	0.481169	0.441967	0.413486	0.416013	0.443606	0.481168	0.52948	0.566568	0.570426	0.543339	0.489412	0.406816	0.316338	0.247772	0.193404	0.15542	0.137052	
-1.21621	-1.21621	-1.10106	-0.884089	-0.596805	-0.288763	0.00923458	0.259117	0.421452	0.495372	0.499029	0.446581	0.372442	0.298692	0.237016	0.193866	0.164053	0.139633	0.114116	0.0927333	0.0843117	0.091496	0.111234	0.15354	0.220096	0.30146	0.396208	0.489374	0.565231	0.618294	0.640269	0.619141	0.573705	0.523267	0.481751	0.444449	0.423331	0.440698	0.482299	0.526518	0.553459	0.560483	0.538845	0.482926	0.406356	0.328924	0.276647	0.248289	0.234895	0.232305	
-1.39467	-1.39467	-1.27543	-1.04397	-0.738024	-0.404088	-0.0732598	0.205849	0.394088	0.483104	0.485585	0.43237	0.359934	0.293447	0.253169	0.234379	0.224616	0.224634	0.224863	0.223495	0.221467	0.226996	0.24274	0.275596	0.335132	0.410948	0.489374	0.561604	0.614722	0.650341	0.668665	0.655873	0.617093	0.56587	0.514482	0.464688	0.429728	0.43493	0.456703	0.475311	0.490562	0.491544	0.466146	0.41949	0.361672	0.30392	0.270881	0.273595	0.29323	0.315994	
-1.51095	-1.51095	-1.38351	-1.14477	-0.832487	-0.483906	-0.135985	0.163248	0.373761	0.480514	0.486925	0.437463	0.371984	0.317376	0.289743	0.28476	0.291094	0.30615	0.324231	0.341819	0.346798	0.346448	0.363601	0.394374	0.445139	0.507479	0.565231	0.614722	0.649989	0.674447	0.691493	0.68473	0.654636	0.607885	0.548733	0.488472	0.4474	0.428333	0.412635	0.398872	0.391254	0.376546	0.349639	0.32014	0.282914	0.244584	0.238009	0.272543	0.326713	0.374162	
-1.5558	-1.5558	-1.42381	-1.19334	-0.885038	-0.52946	-0.176906	0.127716	0.349943	0.465418	0.483914	0.446683	0.396181	0.352076	0.326448	0.319665	0.339117	0.372892	0.401285	0.424155	0.43458	0.433556	0.442815	0.473677	0.520541	0.574487	0.618294	0.650341	0.674447	0.698011	0.714333	0.70931	0.687764	0.647802	0.587327	0.518838	0.465377	0.42343	0.376702	0.333567	0.294285	0.257631	0.22801	0.201049	0.170416	0.156731	0.184581	0.249127	0.330279	0.398176	
-1.53698	-1.53698	-1.41281	-1.1946	-0.895516	-0.547506	-0.200868	0.100292	0.319775	0.436267	0.468574	0.446878	0.405048	0.36507	0.336678	0.327486	0.35572	0.40254	0.43942	0.465591	0.475256	0.467258	0.472912	0.502449	0.546604	0.597362	0.640269	0.668665	0.691493	0.714333	0.729097	0.734086	0.722769	0.689422	0.630837	0.557435	0.490584	0.42807	0.355607	0.289677	0.226017	0.163294	0.115454	0.0794698	0.0519754	0.0598468	0.113229	0.199638	0.29734	0.377446	
-1.47123	-1.47123	-1.35642	-1.14502	-0.859882	-0.533217	-0.203721	0.0803459	0.288914	0.403992	0.440052	0.423498	0.386731	0.344026	0.315346	0.309648	0.337423	0.381073	0.4232	0.45189	0.457424	0.453048	0.462478	0.486751	0.525681	0.5755	0.619141	0.655873	0.68473	0.70931	0.734086	0.751781	0.751552	0.727973	0.677623	0.604034	0.526825	0.447145	0.355463	0.265477	0.176844	0.0875704	0.0122924	-0.036533	-0.0604847	-0.0423185	0.0229663	0.120082	0.224106	0.31495	
-1.36517	-1.36517	-1.25461	-1.04456	-0.774666	-0.480751	-0.185025	0.0736305	0.261754	0.369049	0.4055	0.390721	0.35164	0.307364	0.275796	0.264136	0.283236	0.322684	0.364982	0.393747	0.403825	0.408951	0.423198	0.445265	0.480727	0.528646	0.573705	0.617093	0.654636	0.687764	0.722769	0.751552	0.762459	0.752406	0.720699	0.655378	0.567491	0.476006	0.373314	0.257672	0.13658	0.01801	-0.0841536	-0.151342	-0.177102	-0.15342	-0.0811321	0.0196183	0.126756	0.225227	
-1.20316	-1.20316	-1.09567	-0.897522	-0.646789	-0.389905	-0.136251	0.0889112	0.253081	0.343651	0.382762	0.370848	0.330122	0.277465	0.229512	0.200529	0.208194	0.244977	0.286338	0.319177	0.339304	0.352717	0.368403	0.398124	0.437841	0.481169	0.523267	0.56587	0.607885	0.647802	0.689422	0.727973	0.752406	0.76363	0.75139	0.695187	0.596807	0.488406	0.373881	0.24415	0.0915266	-0.059227	-0.181853	-0.265238	-0.302537	-0.276617	-0.198535	-0.0916834	0.0171832	0.117696	
-0.98464	-0.98464	-0.884852	-0.712089	-0.494348	-0.268582	-0.0559535	0.134371	0.269626	0.3511	0.388884	0.378251	0.332631	0.270019	0.197551	0.145265	0.13756	0.166637	0.210842	0.251456	0.282078	0.303069	0.333858	0.371788	0.405113	0.441967	0.481751	0.514482	0.548733	0.587327	0.630837	0.677623	0.720699	0.75139	0.748156	0.689535	0.590732	0.466763	0.332215	0.190134	0.026132	-0.1455	-0.283768	-0.377536	-0.420513	-0.398367	-0.316039	-0.212149	-0.10366	-0.00655135	
-0.744364	-0.744364	-0.65195	-0.504236	-0.319338	-0.126852	0.0493436	0.20292	0.319069	0.390286	0.42259	0.412288	0.365422	0.286515	0.191249	0.117151	0.0886603	0.105331	0.146266	0.196133	0.239385	0.278124	0.324386	0.363839	0.385654	0.413486	0.444449	0.464688	0.488472	0.518838	0.557435	0.604034	0.655378	0.695187	0.689535	0.630562	0.53202	0.401028	0.248389	0.0935946	-0.0704419	-0.24768	-0.395152	-0.487178	-0.53074	-0.514172	-0.435281	-0.333964	-0.237251	-0.150165	
-0.530909	-0.530909	-0.441973	-0.301998	-0.142284	0.0169354	0.157524	0.278623	0.376082	0.44814	0.477598	0.465068	0.412697	0.322208	0.209394	0.119336	0.0727277	0.0692745	0.101502	0.158318	0.219342	0.277402	0.332827	0.368876	0.394554	0.416013	0.423331	0.429728	0.4474	0.465377	0.490584	0.526825	0.567491	0.596807	0.590732	0.53202	0.425034	0.283123	0.127653	-0.0290186	-0.188833	-0.360621	-0.503275	-0.588393	-0.626987	-0.616645	-0.549895	-0.454728	-0.366564	-0.295634	
-0.361654	-0.361654	-0.278858	-0.145524	-0.004111	0.127662	0.243129	0.346207	0.436498	0.508048	0.535572	0.525398	0.471943	0.374282	0.253253	0.147692	0.0770572	0.0609432	0.0887364	0.14124	0.211721	0.288559	0.350023	0.393614	0.428789	0.443606	0.440698	0.43493	0.428333	0.42343	0.42807	0.447145	0.476006	0.488406	0.466763	0.401028	0.283123	0.133893	-0.0193829	-0.168245	-0.317042	-0.466137	-0.591147	-0.669098	-0.697627	-0.685379	-0.630712	-0.548255	-0.473952	-0.421394	
-0.236018	-0.236018	-0.164396	-0.0460441	0.0796017	0.194699	0.300299	0.399905	0.490726	0.560625	0.596345	0.595536	0.54577	0.447725	0.327251	0.203434	0.104908	0.0657039	0.082423	0.13282	0.207317	0.289744	0.363178	0.423545	0.462901	0.481168	0.482299	0.456703	0.412635	0.376702	0.355607	0.355463	0.373314	0.373881	0.332215	0.248389	0.127653	-0.0193829	-0.169719	-0.306366	-0.439538	-0.568166	-0.667983	-0.72113	-0.723555	-0.703395	-0.662522	-0.601097	-0.546516	-0.511827	
-0.159144	-0.159144	-0.0938891	0.0094006	0.123441	0.229259	0.328122	0.430438	0.531998	0.606124	0.653651	0.669743	0.634636	0.548022	0.426016	0.282381	0.159368	0.0889008	0.0765012	0.117942	0.196198	0.283718	0.373408	0.449988	0.5028	0.52948	0.526518	0.475311	0.398872	0.333567	0.289677	0.265477	0.257672	0.24415	0.190134	0.0935946	-0.0290186	-0.168245	-0.306366	-0.436164	-0.561887	-0.66595	-0.723711	-0.733111	-0.707617	-0.672335	-0.63205	-0.589958	-0.560842	-0.55002	
-0.135164	-0.135164	-0.0737268	0.0156633	0.114115	0.216742	0.3187	0.430126	0.546778	0.64253	0.708035	0.737519	0.717683	0.648634	0.530664	0.377267	0.234022	0.129502	0.087387	0.112759	0.182098	0.272077	0.372049	0.46274	0.53292	0.566568	0.553459	0.490562	0.391254	0.294285	0.226017	0.176844	0.13658	0.0915266	0.026132	-0.0704419	-0.188833	-0.317042	-0.439538	-0.561887	-0.672485	-0.743184	-0.756293	-0.717775	-0.657969	-0.600425	-0.552085	-0.522975	-0.514279	-0.528317	
-0.151066	-0.151066	-0.1007	-0.020553	0.0651845	0.156865	0.269264	0.4027	0.545513	0.67049	0.756748	0.794011	0.785388	0.731132	0.620869	0.466474	0.310107	0.186298	0.122228	0.126817	0.177196	0.258798	0.353624	0.448604	0.528494	0.570426	0.560483	0.491544	0.376546	0.257631	0.163294	0.0875704	0.01801	-0.059227	-0.1455	-0.24768	-0.360621	-0.466137	-0.568166	-0.66595	-0.743184	-0.77312	-0.744702	-0.670953	-0.583625	-0.500838	-0.442016	-0.419367	-0.427103	-0.463137	
-0.188838	-0.188838	-0.147464	-0.0776385	-7.54152e-05	0.0929522	0.221186	0.374012	0.540328	0.68762	0.788337	0.838184	0.843026	0.794424	0.689929	0.540574	0.380819	0.247813	0.167616	0.147648	0.176526	0.239545	0.320194	0.410453	0.493739	0.543339	0.538845	0.466146	0.349639	0.22801	0.115454	0.0122924	-0.0841536	-0.181853	-0.283768	-0.395152	-0.503275	-0.591147	-0.667983	-0.723711	-0.756293	-0.744702	-0.680975	-0.585232	-0.479424	-0.38054	-0.310216	-0.288491	-0.310211	-0.372038	
-0.241825	-0.241825	-0.204919	-0.138408	-0.0556659	0.0471252	0.189523	0.362954	0.547413	0.699022	0.800585	0.85454	0.867953	0.832678	0.745988	0.605548	0.443457	0.300602	0.204593	0.163085	0.167352	0.205943	0.273211	0.359599	0.442705	0.489412	0.482926	0.41949	0.32014	0.201049	0.0794698	-0.036533	-0.151342	-0.265238	-0.377536	-0.487178	-0.588393	-0.669098	-0.72113	-0.733111	-0.717775	-0.670953	-0.585232	-0.473915	-0.344413	-0.232917	-0.160022	-0.142354	-0.181212	-0.261318	
-0.307629	-0.307629	-0.268692	-0.196504	-0.100649	0.0173265	0.176737	0.366548	0.556233	0.705957	0.804549	0.851661	0.865307	0.840365	0.767975	0.643406	0.489901	0.33757	0.225254	0.162221	0.142975	0.161203	0.213262	0.282683	0.359387	0.406816	0.406356	0.361672	0.282914	0.170416	0.0519754	-0.0604847	-0.177102	-0.302537	-0.420513	-0.53074	-0.626987	-0.697627	-0.723555	-0.707617	-0.657969	-0.583625	-0.479424	-0.344413	-0.200039	-0.0847162	-0.0130166	0.000256208	-0.0468008	-0.14206	
-0.358554	-0.358554	-0.310607	-0.226772	-0.117973	0.0152655	0.184086	0.382804	0.571846	0.721409	0.810635	0.847144	0.85119	0.823639	0.74855	0.633556	0.487168	0.339263	0.220169	0.139086	0.0933879	0.092264	0.12751	0.187485	0.261862	0.316338	0.328924	0.30392	0.244584	0.156731	0.0598468	-0.0423185	-0.15342	-0.276617	-0.398367	-0.514172	-0.616645	-0.685379	-0.703395	-0.672335	-0.600425	-0.500838	-0.38054	-0.232917	-0.0847162	0.0353641	0.113452	0.131172	0.0856144	-0.0172	
-0.372951	-0.372951	-0.317221	-0.227811	-0.110977	0.0351079	0.212993	0.414777	0.600376	0.743674	0.823194	0.841506	0.825485	0.784283	0.701775	0.58073	0.439343	0.301492	0.180602	0.0884376	0.0257283	0.00536002	0.0337967	0.101994	0.181382	0.247772	0.276647	0.270881	0.238009	0.184581	0.113229	0.0229663	-0.0811321	-0.198535	-0.316039	-0.435281	-0.549895	-0.630712	-0.662522	-0.63205	-0.552085	-0.442016	-0.310216	-0.160022	-0.0130166	0.113452	0.203189	0.229129	0.196388	0.102639	
-0.335504	-0.335504	-0.279719	-0.184508	-0.0580399	0.089501	0.271175	0.469093	0.648932	0.778022	0.842266	0.834049	0.790133	0.720826	0.623454	0.496665	0.35796	0.22433	0.10429	0.0103907	-0.0555768	-0.0786637	-0.0450636	0.0279885	0.113904	0.193404	0.248289	0.273595	0.272543	0.249127	0.199638	0.120082	0.0196183	-0.0916834	-0.212149	-0.333964	-0.454728	-0.548255	-0.601097	-0.589958	-0.522975	-0.419367	-0.288491	-0.142354	0.000256208	0.131172	0.229129	0.276609	0.267386	0.199835	
-0.251541	-0.251541	-0.19748	-0.0921645	0.0407522	0.188492	0.365279	0.551825	0.708238	0.814769	0.851809	0.818787	0.744567	0.641987	0.520588	0.384213	0.248355	0.123273	0.0165262	-0.0679834	-0.123371	-0.140342	-0.101298	-0.0292806	0.0613042	0.15542	0.234895	0.29323	0.326713	0.330279	0.29734	0.224106	0.126756	0.0171832	-0.10366	-0.237251	-0.366564	-0.473952	-0.546516	-0.560842	-0.514279	-0.427103	-0.310211	-0.181212	-0.0468008	0.0856144	0.196388	0.267386	0.28945	0.256218	
-0.136433	-0.136433	-0.0783649	0.0374366	0.179484	0.324094	0.482003	0.641504	0.771606	0.842627	0.840519	0.777452	0.674301	0.53964	0.400179	0.261157	0.134081	0.0251742	-0.0650536	-0.132472	-0.170047	-0.176711	-0.138714	-0.0650636	0.0316868	0.137052	0.232305	0.315994	0.374162	0.398176	0.377446	0.31495	0.225227	0.117696	-0.00655135	-0.150165	-0.295634	-0.421394	-0.511827	-0.55002	-0.528317	-0.463137	-0.372038	-0.261318	-0.14206	-0.0172	0.102639	0.199835	0.256218	0.266104	
