2.25112	2.25112	-0.185947	-0.228637	-0.766722	0.682153	
2.25112	2.25112	-0.185947	-0.228637	-0.766722	0.682153	
-0.185947	-0.185947	-0.294409	1.15417	-0.0468126	-0.962793	
-0.228637	-0.228637	1.15417	-0.180361	0.618646	-0.188707	
-0.766722	-0.766722	-0.0468126	0.618646	0.173776	-1.30529	
0.682153	0.682153	-0.962793	-0.188707	-1.30529	-0.597539	
