-0.125063	-0.278882	-0.830564	0.846562	0.154895	0.154895	
-0.278882	0.297347	0.654441	0.322418	0.00346603	0.00346603	
-0.830564	0.654441	1.25932	-0.176218	1.00949	1.00949	
0.846562	0.322418	-0.176218	0.194158	0.622107	0.622107	
0.154895	0.00346603	1.00949	0.622107	0.559476	0.559476	
0.154895	0.00346603	1.00949	0.622107	0.559476	0.559476	
