-0.0375317	-0.0375317	-0.0351757	-0.0387559	-0.0344125	-0.0372722	-0.03587	-0.0350338	-0.0370985	-0.0354134	-0.0365255	-0.0374237	-0.0365092	-0.0372369	-0.0376469	-0.0362571	-0.0367876	-0.0372029	-0.0341031	-0.0365185	-0.0285733	-0.0244534	-0.0100783	0.0158695	0.0525025	0.113237	0.205332	0.33015	0.491684	0.685223	0.88657	1.07052	1.19694	1.22557	1.1273	0.913815	0.59521	0.230075	-0.120498	-0.419921	-0.65261	-0.793539	-0.861301	-0.849075	-0.75272	-0.590958	-0.415646	-0.267561	-0.176318	-0.140529	
-0.0375317	-0.0375317	-0.0351757	-0.0387559	-0.0344125	-0.0372722	-0.03587	-0.0350338	-0.0370985	-0.0354134	-0.0365255	-0.0374237	-0.0365092	-0.0372369	-0.0376469	-0.0362571	-0.0367876	-0.0372029	-0.0341031	-0.0365185	-0.0285733	-0.0244534	-0.0100783	0.0158695	0.0525025	0.113237	0.205332	0.33015	0.491684	0.685223	0.88657	1.07052	1.19694	1.22557	1.1273	0.913815	0.59521	0.230075	-0.120498	-0.419921	-0.65261	-0.793539	-0.861301	-0.849075	-0.75272	-0.590958	-0.415646	-0.267561	-0.176318	-0.140529	
-0.0351757	-0.0351757	-0.0336634	-0.0373786	-0.034552	-0.0385435	-0.0369823	-0.0381975	-0.0388448	-0.0364971	-0.0385264	-0.0356803	-0.0361491	-0.0368106	-0.0364031	-0.0366379	-0.0387835	-0.037096	-0.0339243	-0.0358563	-0.0264774	-0.0210089	-0.00910179	0.0150687	0.0526012	0.11654	0.207539	0.331044	0.492118	0.686356	0.884715	1.06695	1.19264	1.22239	1.12369	0.911614	0.595976	0.235009	-0.115036	-0.413875	-0.645793	-0.788011	-0.856083	-0.845034	-0.749715	-0.591852	-0.418363	-0.271761	-0.180811	-0.143586	
-0.0387559	-0.0387559	-0.0373786	-0.0382548	-0.0357518	-0.0356067	-0.035207	-0.0334677	-0.0349788	-0.0353119	-0.0349632	-0.0383069	-0.0372448	-0.0375732	-0.0383038	-0.03663	-0.035334	-0.0366686	-0.0351033	-0.0353267	-0.0307554	-0.025581	-0.00981098	0.0171268	0.0552549	0.114231	0.205755	0.33134	0.491705	0.679939	0.879899	1.05934	1.18135	1.20727	1.1149	0.90452	0.595429	0.238467	-0.10671	-0.404939	-0.635004	-0.77951	-0.848819	-0.837259	-0.746065	-0.592545	-0.423732	-0.278737	-0.186318	-0.148741	
-0.0344125	-0.0344125	-0.034552	-0.0357518	-0.0358019	-0.0380014	-0.0373309	-0.0392164	-0.0385542	-0.037713	-0.038349	-0.0357978	-0.0361836	-0.0361764	-0.0361912	-0.036624	-0.0387852	-0.0366492	-0.035961	-0.0330446	-0.0278909	-0.0190557	-0.00612919	0.0166063	0.0550132	0.120042	0.210853	0.334116	0.493268	0.680377	0.87354	1.04845	1.16859	1.19529	1.10338	0.896615	0.597287	0.250262	-0.0910391	-0.388197	-0.615249	-0.764106	-0.833565	-0.82541	-0.737634	-0.594266	-0.431275	-0.290436	-0.198603	-0.157775	
-0.0372722	-0.0372722	-0.0385435	-0.0356067	-0.0380014	-0.0349717	-0.0358242	-0.0356007	-0.0343053	-0.0365327	-0.0355433	-0.0369868	-0.0379677	-0.0373624	-0.0378607	-0.0375027	-0.0360006	-0.036055	-0.0351355	-0.0333023	-0.0303787	-0.0221144	-0.00821924	0.017714	0.0607919	0.121172	0.210466	0.33482	0.491556	0.673107	0.865675	1.03458	1.14676	1.17075	1.08577	0.884781	0.595716	0.259834	-0.0749789	-0.367682	-0.593795	-0.745124	-0.817621	-0.809565	-0.729315	-0.595133	-0.440781	-0.304439	-0.211656	-0.168173	
-0.03587	-0.03587	-0.0369823	-0.035207	-0.0373309	-0.0358242	-0.0369159	-0.0371807	-0.0363592	-0.0380652	-0.0363092	-0.0373151	-0.0370733	-0.0361391	-0.0371017	-0.037034	-0.0368433	-0.0363138	-0.0382879	-0.0306742	-0.030938	-0.0194317	-0.00315089	0.0206497	0.0607638	0.123335	0.214924	0.33877	0.494351	0.669057	0.853787	1.01587	1.12575	1.14668	1.06484	0.869194	0.596767	0.273157	-0.0517819	-0.342185	-0.563797	-0.721235	-0.793888	-0.790374	-0.716893	-0.595784	-0.451603	-0.322081	-0.229709	-0.182729	
-0.0350338	-0.0350338	-0.0381975	-0.0334677	-0.0392164	-0.0356007	-0.0371807	-0.0387035	-0.0356133	-0.0382643	-0.0368274	-0.0358172	-0.0377353	-0.036055	-0.0372525	-0.0371584	-0.0370598	-0.0361132	-0.0348724	-0.030644	-0.0290208	-0.0166506	-0.00381424	0.019779	0.0671433	0.130325	0.219457	0.340984	0.491471	0.663899	0.843915	0.997584	1.09589	1.11665	1.03866	0.853719	0.594125	0.288342	-0.0279036	-0.309614	-0.531117	-0.690818	-0.766881	-0.766473	-0.702409	-0.594731	-0.462923	-0.341668	-0.250969	-0.198679	
-0.0370985	-0.0370985	-0.0388448	-0.0349788	-0.0385542	-0.0343053	-0.0363592	-0.0356133	-0.0344406	-0.0374733	-0.0354735	-0.0375612	-0.0385452	-0.0369251	-0.0382478	-0.0380857	-0.0357726	-0.0368304	-0.0371212	-0.0313347	-0.0308795	-0.0187384	-0.00143642	0.0248824	0.0700829	0.130214	0.221688	0.344591	0.493683	0.657338	0.827791	0.972507	1.06591	1.0823	1.00726	0.831689	0.590517	0.301395	-0.00125122	-0.275024	-0.494593	-0.657312	-0.736227	-0.740159	-0.686619	-0.592613	-0.475007	-0.363845	-0.274387	-0.217989	
-0.0354134	-0.0354134	-0.0364971	-0.0353119	-0.037713	-0.0365327	-0.0380652	-0.0382643	-0.0374733	-0.0384539	-0.0369578	-0.036638	-0.0368053	-0.0357081	-0.0365151	-0.0369794	-0.0363457	-0.0362513	-0.0355036	-0.0290854	-0.0277872	-0.0142217	0.00120083	0.0269953	0.0734457	0.138021	0.229775	0.348737	0.492398	0.652039	0.814453	0.949081	1.03273	1.04529	0.973065	0.809502	0.586572	0.316234	0.0297196	-0.234502	-0.451329	-0.616554	-0.697898	-0.708715	-0.665653	-0.586744	-0.485468	-0.386287	-0.301099	-0.239651	
-0.0365255	-0.0365255	-0.0385264	-0.0349632	-0.038349	-0.0355433	-0.0363092	-0.0368274	-0.0354735	-0.0369578	-0.0369801	-0.036715	-0.0385868	-0.0371093	-0.0384661	-0.0377616	-0.0364024	-0.0379156	-0.0336884	-0.0324148	-0.0274961	-0.0146714	0.00219714	0.028937	0.0791912	0.142096	0.233464	0.351991	0.491966	0.64599	0.797965	0.922496	0.994339	1.00441	0.932989	0.784094	0.575949	0.328841	0.0582659	-0.1913	-0.408503	-0.571797	-0.658785	-0.675292	-0.64416	-0.579808	-0.495908	-0.410398	-0.329493	-0.263515	
-0.0374237	-0.0374237	-0.0356803	-0.0383069	-0.0357978	-0.0369868	-0.0373151	-0.0358172	-0.0375612	-0.036638	-0.036715	-0.0377081	-0.0366611	-0.0382031	-0.0363954	-0.0385139	-0.0360045	-0.0360233	-0.0351074	-0.0308438	-0.0252725	-0.0148619	0.00378373	0.0370961	0.0814399	0.146872	0.23936	0.35634	0.49369	0.640582	0.779988	0.89255	0.959296	0.96069	0.891074	0.752614	0.56663	0.33873	0.0913186	-0.14748	-0.358713	-0.521779	-0.612592	-0.637147	-0.617827	-0.567884	-0.503816	-0.432857	-0.358616	-0.289861	
-0.0365092	-0.0365092	-0.0361491	-0.0372448	-0.0361836	-0.0379677	-0.0370733	-0.0377353	-0.0385452	-0.0368053	-0.0385868	-0.0366611	-0.0366448	-0.0370455	-0.0357493	-0.0370138	-0.0361525	-0.0369081	-0.0335851	-0.0308139	-0.0236865	-0.0107311	0.008296	0.0368914	0.0851806	0.155474	0.247267	0.360844	0.492828	0.632706	0.764599	0.867133	0.918636	0.912862	0.846055	0.722186	0.550939	0.347011	0.122206	-0.10088	-0.306856	-0.466657	-0.562374	-0.595895	-0.587056	-0.553473	-0.508483	-0.454435	-0.387944	-0.318244	
-0.0372369	-0.0372369	-0.0368106	-0.0375732	-0.0361764	-0.0373624	-0.0361391	-0.036055	-0.0369251	-0.0357081	-0.0371093	-0.0382031	-0.0370455	-0.0403897	-0.0381383	-0.0390325	-0.0380356	-0.0357745	-0.0341129	-0.0311922	-0.0229602	-0.0133425	0.00824458	0.0442382	0.0908154	0.160374	0.25099	0.364458	0.495074	0.629318	0.746737	0.834905	0.87869	0.866509	0.799149	0.683917	0.531464	0.351415	0.151769	-0.0568668	-0.25309	-0.408959	-0.50994	-0.551891	-0.554606	-0.536113	-0.512107	-0.473895	-0.417677	-0.348408	
-0.0376469	-0.0376469	-0.0364031	-0.0383038	-0.0361912	-0.0378607	-0.0371017	-0.0372525	-0.0382478	-0.0365151	-0.0384661	-0.0363954	-0.0357493	-0.0381383	-0.0330365	-0.037677	-0.035903	-0.0337985	-0.0351276	-0.0295038	-0.0203439	-0.00952253	0.0126074	0.0467858	0.0930126	0.168457	0.258002	0.370089	0.496177	0.620283	0.728787	0.808209	0.840175	0.814871	0.749039	0.644688	0.50978	0.352651	0.179052	-0.0121792	-0.195097	-0.345811	-0.450994	-0.501488	-0.514492	-0.512991	-0.508146	-0.488031	-0.443197	-0.378613	
-0.0362571	-0.0362571	-0.0366379	-0.03663	-0.036624	-0.0375027	-0.037034	-0.0371584	-0.0380857	-0.0369794	-0.0377616	-0.0385139	-0.0370138	-0.0390325	-0.037677	-0.0376416	-0.0376481	-0.0342436	-0.0357685	-0.0263908	-0.0220994	-0.00845223	0.0175628	0.051414	0.0997659	0.175	0.264912	0.376081	0.498416	0.616153	0.716424	0.78074	0.798135	0.766322	0.701847	0.602807	0.482524	0.349685	0.20296	0.0293533	-0.136387	-0.282802	-0.389761	-0.449803	-0.472636	-0.489084	-0.502813	-0.500251	-0.468945	-0.411524	
-0.0367876	-0.0367876	-0.0387835	-0.035334	-0.0387852	-0.0360006	-0.0368433	-0.0370598	-0.0357726	-0.0363457	-0.0364024	-0.0360045	-0.0361525	-0.0380356	-0.035903	-0.0376481	-0.0374978	-0.0331574	-0.033359	-0.0269663	-0.0181897	-0.00609374	0.0174827	0.0522046	0.106612	0.182255	0.270569	0.380674	0.499759	0.611304	0.698624	0.752071	0.75961	0.719244	0.648279	0.555993	0.451481	0.344045	0.219043	0.0694602	-0.0789962	-0.215685	-0.325734	-0.390636	-0.42584	-0.458372	-0.489931	-0.504541	-0.48874	-0.441003	
-0.0372029	-0.0372029	-0.037096	-0.0366686	-0.0366492	-0.036055	-0.0363138	-0.0361132	-0.0368304	-0.0362513	-0.0379156	-0.0360233	-0.0369081	-0.0357745	-0.0337985	-0.0342436	-0.0331574	-0.0308277	-0.0329388	-0.0245493	-0.0183262	-0.00273759	0.0258598	0.0617913	0.113328	0.18794	0.278179	0.390267	0.50349	0.60795	0.686974	0.730772	0.721878	0.671943	0.598617	0.512439	0.419187	0.333097	0.232027	0.107863	-0.0201874	-0.148327	-0.255848	-0.327211	-0.373438	-0.423557	-0.47061	-0.50325	-0.504485	-0.469427	
-0.0341031	-0.0341031	-0.0339243	-0.0351033	-0.035961	-0.0351355	-0.0382879	-0.0348724	-0.0371212	-0.0355036	-0.0336884	-0.0351074	-0.0335851	-0.0341129	-0.0351276	-0.0357685	-0.033359	-0.0329388	-0.0279847	-0.0199585	-0.0115014	0.00375238	0.0285741	0.0637195	0.122758	0.197383	0.291306	0.398572	0.508111	0.606936	0.679246	0.707262	0.68847	0.630524	0.551809	0.464685	0.384711	0.318633	0.239493	0.142284	0.0341845	-0.0800899	-0.185108	-0.258886	-0.319548	-0.383694	-0.44659	-0.497039	-0.514966	-0.496521	
-0.0365185	-0.0365185	-0.0358563	-0.0353267	-0.0330446	-0.0333023	-0.0306742	-0.030644	-0.0313347	-0.0290854	-0.0324148	-0.0308438	-0.0308139	-0.0311922	-0.0295038	-0.0263908	-0.0269663	-0.0245493	-0.0199585	-0.0193783	-0.00811504	0.00853625	0.0362212	0.0755079	0.133844	0.207713	0.301184	0.40667	0.514283	0.611145	0.670253	0.689153	0.658852	0.59228	0.503026	0.420488	0.349773	0.299886	0.241466	0.173586	0.0870415	-0.0117689	-0.108135	-0.184711	-0.257096	-0.334277	-0.41228	-0.478277	-0.516385	-0.511967	
-0.0285733	-0.0285733	-0.0264774	-0.0307554	-0.0278909	-0.0303787	-0.030938	-0.0290208	-0.0308795	-0.0277872	-0.0274961	-0.0252725	-0.0236865	-0.0229602	-0.0203439	-0.0220994	-0.0181897	-0.0183262	-0.0115014	-0.00811504	0.00895682	0.0229599	0.049611	0.0929248	0.149746	0.223614	0.320053	0.427217	0.531525	0.619256	0.672194	0.681957	0.640359	0.561346	0.467431	0.384027	0.31973	0.281266	0.245625	0.204503	0.138439	0.0597011	-0.0267514	-0.104327	-0.189025	-0.277693	-0.370994	-0.454776	-0.510648	-0.524714	
-0.0244534	-0.0244534	-0.0210089	-0.025581	-0.0190557	-0.0221144	-0.0194317	-0.0166506	-0.0187384	-0.0142217	-0.0146714	-0.0148619	-0.0107311	-0.0133425	-0.00952253	-0.00845223	-0.00609374	-0.00273759	0.00375238	0.00853625	0.0229599	0.0386372	0.0677348	0.11194	0.166295	0.248293	0.346689	0.446601	0.548453	0.634838	0.681377	0.677613	0.628391	0.539685	0.437743	0.349573	0.291916	0.262174	0.248343	0.229154	0.187637	0.130564	0.0588436	-0.0195409	-0.111155	-0.210229	-0.318369	-0.417846	-0.491164	-0.521938	
-0.0100783	-0.0100783	-0.00910179	-0.00981098	-0.00612919	-0.00821924	-0.00315089	-0.00381424	-0.00143642	0.00120083	0.00219714	0.00378373	0.008296	0.00824458	0.0126074	0.0175628	0.0174827	0.0258598	0.0285741	0.0362212	0.049611	0.0677348	0.0975704	0.145121	0.203005	0.285791	0.376646	0.479319	0.583648	0.663987	0.701501	0.692306	0.632955	0.531	0.422192	0.332756	0.276035	0.250482	0.25741	0.257567	0.241717	0.207234	0.152768	0.0761692	-0.0191957	-0.128046	-0.25246	-0.366125	-0.457613	-0.505035	
0.0158695	0.0158695	0.0150687	0.0171268	0.0166063	0.017714	0.0206497	0.019779	0.0248824	0.0269953	0.028937	0.0370961	0.0368914	0.0442382	0.0467858	0.051414	0.0522046	0.0617913	0.0637195	0.0755079	0.0929248	0.11194	0.145121	0.190176	0.247708	0.330399	0.425394	0.532582	0.632044	0.706708	0.73782	0.722384	0.651563	0.54476	0.425532	0.331548	0.268536	0.253893	0.273162	0.290862	0.298489	0.290371	0.254121	0.181456	0.088893	-0.0329325	-0.168947	-0.299557	-0.405821	-0.4705	
0.0525025	0.0525025	0.0526012	0.0552549	0.0550132	0.0607919	0.0607638	0.0671433	0.0700829	0.0734457	0.0791912	0.0814399	0.0851806	0.0908154	0.0930126	0.0997659	0.106612	0.113328	0.122758	0.133844	0.149746	0.166295	0.203005	0.247708	0.311775	0.396898	0.493487	0.596336	0.690664	0.763745	0.794429	0.77233	0.691814	0.573857	0.446156	0.347512	0.280831	0.270691	0.29561	0.331152	0.361792	0.381611	0.359954	0.30245	0.211398	0.0824179	-0.0668652	-0.211215	-0.3303	-0.414744	
0.113237	0.113237	0.11654	0.114231	0.120042	0.121172	0.123335	0.130325	0.130214	0.138021	0.142096	0.146872	0.155474	0.160374	0.168457	0.175	0.182255	0.18794	0.197383	0.207713	0.223614	0.248293	0.285791	0.330399	0.396898	0.479813	0.572514	0.676602	0.775705	0.847713	0.870873	0.838281	0.75221	0.627616	0.494972	0.385444	0.313865	0.304257	0.335926	0.384625	0.438262	0.480604	0.480389	0.440999	0.355134	0.219971	0.0601035	-0.0966808	-0.230096	-0.334287	
0.205332	0.205332	0.207539	0.205755	0.210853	0.210466	0.214924	0.219457	0.221688	0.229775	0.233464	0.23936	0.247267	0.25099	0.258002	0.264912	0.270569	0.278179	0.291306	0.301184	0.320053	0.346689	0.376646	0.425394	0.493487	0.572514	0.67203	0.780607	0.872515	0.937756	0.959412	0.924269	0.83299	0.700793	0.558684	0.438461	0.364928	0.353738	0.385961	0.44489	0.519347	0.582903	0.607045	0.588766	0.510579	0.374914	0.207316	0.0406111	-0.107532	-0.229236	
0.33015	0.33015	0.331044	0.33134	0.334116	0.33482	0.33877	0.340984	0.344591	0.348737	0.351991	0.35634	0.360844	0.364458	0.370089	0.376081	0.380674	0.390267	0.398572	0.40667	0.427217	0.446601	0.479319	0.532582	0.596336	0.676602	0.780607	0.878901	0.969761	1.03854	1.05803	1.01677	0.920532	0.780828	0.629883	0.505188	0.42812	0.409027	0.439423	0.511262	0.601829	0.684583	0.736176	0.741783	0.676929	0.545721	0.375893	0.200018	0.0385471	-0.0983685	
0.491684	0.491684	0.492118	0.491705	0.493268	0.491556	0.494351	0.491471	0.493683	0.492398	0.491966	0.49369	0.492828	0.495074	0.496177	0.498416	0.499759	0.50349	0.508111	0.514283	0.531525	0.548453	0.583648	0.632044	0.690664	0.775705	0.872515	0.969761	1.06347	1.13231	1.14486	1.10113	0.998071	0.855851	0.700201	0.569909	0.482407	0.456437	0.489712	0.570122	0.668449	0.772565	0.853886	0.885924	0.837374	0.720136	0.551397	0.371002	0.19709	0.0493531	
0.685223	0.685223	0.686356	0.679939	0.680377	0.673107	0.669057	0.663899	0.657338	0.652039	0.64599	0.640582	0.632706	0.629318	0.620283	0.616153	0.611304	0.60795	0.606936	0.611145	0.619256	0.634838	0.663987	0.706708	0.763745	0.847713	0.937756	1.03854	1.13231	1.19406	1.20173	1.1579	1.0563	0.909955	0.745094	0.607578	0.516494	0.485376	0.51884	0.59785	0.706716	0.832472	0.943957	0.997985	0.97694	0.877811	0.718359	0.534178	0.354228	0.198107	
0.88657	0.88657	0.884715	0.879899	0.87354	0.865675	0.853787	0.843915	0.827791	0.814453	0.797965	0.779988	0.764599	0.746737	0.728787	0.716424	0.698624	0.686974	0.679246	0.670253	0.672194	0.681377	0.701501	0.73782	0.794429	0.870873	0.959412	1.05803	1.14486	1.20173	1.21482	1.1716	1.06374	0.908727	0.742832	0.605902	0.505833	0.467072	0.497776	0.578118	0.695585	0.841964	0.976257	1.05875	1.0716	0.997517	0.852659	0.671934	0.493157	0.332616	
1.07052	1.07052	1.06695	1.05934	1.04845	1.03458	1.01587	0.997584	0.972507	0.949081	0.922496	0.89255	0.867133	0.834905	0.808209	0.78074	0.752071	0.730772	0.707262	0.689153	0.681957	0.677613	0.692306	0.722384	0.77233	0.838281	0.924269	1.01677	1.10113	1.1579	1.1716	1.12043	1.00896	0.855619	0.69221	0.545558	0.435268	0.395338	0.424188	0.500441	0.624141	0.786892	0.941513	1.05612	1.10404	1.05912	0.934002	0.765405	0.591488	0.430201	
1.19694	1.19694	1.19264	1.18135	1.16859	1.14676	1.12575	1.09589	1.06591	1.03273	0.994339	0.959296	0.918636	0.87869	0.840175	0.798135	0.75961	0.721878	0.68847	0.658852	0.640359	0.628391	0.632955	0.651563	0.691814	0.75221	0.83299	0.920532	0.998071	1.0563	1.06374	1.00896	0.89863	0.748671	0.575871	0.420618	0.308735	0.268341	0.284062	0.355751	0.485125	0.659179	0.828752	0.975774	1.0568	1.04522	0.945284	0.796957	0.631019	0.473897	
1.22557	1.22557	1.22239	1.20727	1.19529	1.17075	1.14668	1.11665	1.0823	1.04529	1.00441	0.96069	0.912862	0.866509	0.814871	0.766322	0.719244	0.671943	0.630524	0.59228	0.561346	0.539685	0.531	0.54476	0.573857	0.627616	0.700793	0.780828	0.855851	0.909955	0.908727	0.855619	0.748671	0.589694	0.409398	0.25359	0.141045	0.0852526	0.0901326	0.159834	0.291785	0.463318	0.648201	0.822112	0.935072	0.955509	0.886891	0.762287	0.609272	0.456694	
1.1273	1.1273	1.12369	1.1149	1.10338	1.08577	1.06484	1.03866	1.00726	0.973065	0.932989	0.891074	0.846055	0.799149	0.749039	0.701847	0.648279	0.598617	0.551809	0.503026	0.467431	0.437743	0.422192	0.425532	0.446156	0.494972	0.558684	0.629883	0.700201	0.745094	0.742832	0.69221	0.575871	0.409398	0.230133	0.0714399	-0.0553539	-0.123148	-0.123871	-0.0590353	0.0606391	0.228423	0.426545	0.619865	0.757906	0.809296	0.775466	0.67563	0.538261	0.389029	
0.913815	0.913815	0.911614	0.90452	0.896615	0.884781	0.869194	0.853719	0.831689	0.809502	0.784094	0.752614	0.722186	0.683917	0.644688	0.602807	0.555993	0.512439	0.464685	0.420488	0.384027	0.349573	0.332756	0.331548	0.347512	0.385444	0.438461	0.505188	0.569909	0.607578	0.605902	0.545558	0.420618	0.25359	0.0714399	-0.101043	-0.238243	-0.315596	-0.325969	-0.277976	-0.172734	-0.00916761	0.192904	0.393122	0.549038	0.630512	0.627872	0.552731	0.430445	0.285251	
0.59521	0.59521	0.595976	0.595429	0.597287	0.595716	0.596767	0.594125	0.590517	0.586572	0.575949	0.56663	0.550939	0.531464	0.50978	0.482524	0.451481	0.419187	0.384711	0.349773	0.31973	0.291916	0.276035	0.268536	0.280831	0.313865	0.364928	0.42812	0.482407	0.516494	0.505833	0.435268	0.308735	0.141045	-0.0553539	-0.238243	-0.387334	-0.475697	-0.502352	-0.47067	-0.381694	-0.22529	-0.0305699	0.170295	0.341639	0.449573	0.474943	0.424615	0.319493	0.18437	
0.230075	0.230075	0.235009	0.238467	0.250262	0.259834	0.273157	0.288342	0.301395	0.316234	0.328841	0.33873	0.347011	0.351415	0.352651	0.349685	0.344045	0.333097	0.318633	0.299886	0.281266	0.262174	0.250482	0.253893	0.270691	0.304257	0.353738	0.409027	0.456437	0.485376	0.467072	0.395338	0.268341	0.0852526	-0.123148	-0.315596	-0.475697	-0.578806	-0.621259	-0.611477	-0.537094	-0.393689	-0.213465	-0.0165354	0.165225	0.292879	0.339554	0.313312	0.22786	0.105881	
-0.120498	-0.120498	-0.115036	-0.10671	-0.0910391	-0.0749789	-0.0517819	-0.0279036	-0.00125122	0.0297196	0.0582659	0.0913186	0.122206	0.151769	0.179052	0.20296	0.219043	0.232027	0.239493	0.241466	0.245625	0.248343	0.25741	0.273162	0.29561	0.335926	0.385961	0.439423	0.489712	0.51884	0.497776	0.424188	0.284062	0.0901326	-0.123871	-0.325969	-0.502352	-0.621259	-0.687138	-0.696128	-0.635105	-0.512653	-0.353152	-0.162671	0.0256524	0.162243	0.227334	0.22507	0.164017	0.0595338	
-0.419921	-0.419921	-0.413875	-0.404939	-0.388197	-0.367682	-0.342185	-0.309614	-0.275024	-0.234502	-0.1913	-0.14748	-0.10088	-0.0568668	-0.0121792	0.0293533	0.0694602	0.107863	0.142284	0.173586	0.204503	0.229154	0.257567	0.290862	0.331152	0.384625	0.44489	0.511262	0.570122	0.59785	0.578118	0.500441	0.355751	0.159834	-0.0590353	-0.277976	-0.47067	-0.611477	-0.696128	-0.718366	-0.678138	-0.586035	-0.445383	-0.259357	-0.0763749	0.0624405	0.143417	0.16683	0.13276	0.0458071	
-0.65261	-0.65261	-0.645793	-0.635004	-0.615249	-0.593795	-0.563797	-0.531117	-0.494593	-0.451329	-0.408503	-0.358713	-0.306856	-0.25309	-0.195097	-0.136387	-0.0789962	-0.0201874	0.0341845	0.0870415	0.138439	0.187637	0.241717	0.298489	0.361792	0.438262	0.519347	0.601829	0.668449	0.706716	0.695585	0.624141	0.485125	0.291785	0.0606391	-0.172734	-0.381694	-0.537094	-0.635105	-0.678138	-0.670434	-0.603282	-0.473261	-0.303584	-0.136373	0.00115127	0.0977433	0.142721	0.131048	0.0631073	
-0.793539	-0.793539	-0.788011	-0.77951	-0.764106	-0.745124	-0.721235	-0.690818	-0.657312	-0.616554	-0.571797	-0.521779	-0.466657	-0.408959	-0.345811	-0.282802	-0.215685	-0.148327	-0.0800899	-0.0117689	0.0597011	0.130564	0.207234	0.290371	0.381611	0.480604	0.582903	0.684583	0.772565	0.832472	0.841964	0.786892	0.659179	0.463318	0.228423	-0.00916761	-0.22529	-0.393689	-0.512653	-0.586035	-0.603282	-0.549394	-0.442756	-0.302921	-0.154585	-0.0168609	0.0858114	0.142078	0.148597	0.0991129	
-0.861301	-0.861301	-0.856083	-0.848819	-0.833565	-0.817621	-0.793888	-0.766881	-0.736227	-0.697898	-0.658785	-0.612592	-0.562374	-0.50994	-0.450994	-0.389761	-0.325734	-0.255848	-0.185108	-0.108135	-0.0267514	0.0588436	0.152768	0.254121	0.359954	0.480389	0.607045	0.736176	0.853886	0.943957	0.976257	0.941513	0.828752	0.648201	0.426545	0.192904	-0.0305699	-0.213465	-0.353152	-0.445383	-0.473261	-0.442756	-0.370638	-0.258488	-0.120121	0.00996111	0.107951	0.170595	0.191495	0.165752	
-0.849075	-0.849075	-0.845034	-0.837259	-0.82541	-0.809565	-0.790374	-0.766473	-0.740159	-0.708715	-0.675292	-0.637147	-0.595895	-0.551891	-0.501488	-0.449803	-0.390636	-0.327211	-0.258886	-0.184711	-0.104327	-0.0195409	0.0761692	0.181456	0.30245	0.440999	0.588766	0.741783	0.885924	0.997985	1.05875	1.05612	0.975774	0.822112	0.619865	0.393122	0.170295	-0.0165354	-0.162671	-0.259357	-0.303584	-0.302921	-0.258488	-0.159876	-0.0371353	0.0744833	0.163551	0.227175	0.260421	0.256333	
-0.75272	-0.75272	-0.749715	-0.746065	-0.737634	-0.729315	-0.716893	-0.702409	-0.686619	-0.665653	-0.64416	-0.617827	-0.587056	-0.554606	-0.514492	-0.472636	-0.42584	-0.373438	-0.319548	-0.257096	-0.189025	-0.111155	-0.0191957	0.088893	0.211398	0.355134	0.510579	0.676929	0.837374	0.97694	1.0716	1.10404	1.0568	0.935072	0.757906	0.549038	0.341639	0.165225	0.0256524	-0.0763749	-0.136373	-0.154585	-0.120121	-0.0371353	0.0621676	0.15534	0.234494	0.296102	0.336524	0.354376	
-0.590958	-0.590958	-0.591852	-0.592545	-0.594266	-0.595133	-0.595784	-0.594731	-0.592613	-0.586744	-0.579808	-0.567884	-0.553473	-0.536113	-0.512991	-0.489084	-0.458372	-0.423557	-0.383694	-0.334277	-0.277693	-0.210229	-0.128046	-0.0329325	0.0824179	0.219971	0.374914	0.545721	0.720136	0.877811	0.997517	1.05912	1.04522	0.955509	0.809296	0.630512	0.449573	0.292879	0.162243	0.0624405	0.00115127	-0.0168609	0.00996111	0.0744833	0.15534	0.234446	0.303205	0.357759	0.405773	0.436158	
-0.415646	-0.415646	-0.418363	-0.423732	-0.431275	-0.440781	-0.451603	-0.462923	-0.475007	-0.485468	-0.495908	-0.503816	-0.508483	-0.512107	-0.508146	-0.502813	-0.489931	-0.47061	-0.44659	-0.41228	-0.370994	-0.318369	-0.25246	-0.168947	-0.0668652	0.0601035	0.207316	0.375893	0.551397	0.718359	0.852659	0.934002	0.945284	0.886891	0.775466	0.627872	0.474943	0.339554	0.227334	0.143417	0.0977433	0.0858114	0.107951	0.163551	0.234494	0.303205	0.359774	0.41069	0.456863	0.487488	
-0.267561	-0.267561	-0.271761	-0.278737	-0.290436	-0.304439	-0.322081	-0.341668	-0.363845	-0.386287	-0.410398	-0.432857	-0.454435	-0.473895	-0.488031	-0.500251	-0.504541	-0.50325	-0.497039	-0.478277	-0.454776	-0.417846	-0.366125	-0.299557	-0.211215	-0.0966808	0.0406111	0.200018	0.371002	0.534178	0.671934	0.765405	0.796957	0.762287	0.67563	0.552731	0.424615	0.313312	0.22507	0.16683	0.142721	0.142078	0.170595	0.227175	0.296102	0.357759	0.41069	0.452612	0.484662	0.506899	
-0.176318	-0.176318	-0.180811	-0.186318	-0.198603	-0.211656	-0.229709	-0.250969	-0.274387	-0.301099	-0.329493	-0.358616	-0.387944	-0.417677	-0.443197	-0.468945	-0.48874	-0.504485	-0.514966	-0.516385	-0.510648	-0.491164	-0.457613	-0.405821	-0.3303	-0.230096	-0.107532	0.0385471	0.19709	0.354228	0.493157	0.591488	0.631019	0.609272	0.538261	0.430445	0.319493	0.22786	0.164017	0.13276	0.131048	0.148597	0.191495	0.260421	0.336524	0.405773	0.456863	0.484662	0.498894	0.517308	
-0.140529	-0.140529	-0.143586	-0.148741	-0.157775	-0.168173	-0.182729	-0.198679	-0.217989	-0.239651	-0.263515	-0.289861	-0.318244	-0.348408	-0.378613	-0.411524	-0.441003	-0.469427	-0.496521	-0.511967	-0.524714	-0.521938	-0.505035	-0.4705	-0.414744	-0.334287	-0.229236	-0.0983685	0.0493531	0.198107	0.332616	0.430201	0.473897	0.456694	0.389029	0.285251	0.18437	0.105881	0.0595338	0.0458071	0.0631073	0.0991129	0.165752	0.256333	0.354376	0.436158	0.487488	0.506899	0.517308	0.538053	
