-0.692457	-0.435636	-0.329291	0.153942	0.867071	0.867071	
-0.435636	0.622014	0.703365	0.00840314	-0.634076	-0.634076	
-0.329291	0.703365	0.330397	0.198993	-0.71864	-0.71864	
0.153942	0.00840314	0.198993	0.862332	0.114481	0.114481	
0.867071	-0.634076	-0.71864	0.114481	1.63049	1.63049	
0.867071	-0.634076	-0.71864	0.114481	1.63049	1.63049	
