-1.9143	-1.9143	-1.77351	-1.51014	-1.16393	-0.78229	-0.410663	-0.0819717	0.193107	0.418918	0.609409	0.778657	0.926256	1.05297	1.14042	1.18705	1.22554	1.26318	1.2625	1.24117	1.20164	1.13109	1.02747	0.911876	0.777812	0.640983	0.531173	0.443747	0.332554	0.186784	-0.00101764	-0.211984	-0.393184	-0.518897	-0.574474	-0.525254	-0.386872	-0.169457	0.105882	0.395835	0.652309	0.866388	1.03453	1.15729	1.24261	1.27678	1.23201	1.12305	0.984874	0.866621	
-1.9143	-1.9143	-1.77351	-1.51014	-1.16393	-0.78229	-0.410663	-0.0819717	0.193107	0.418918	0.609409	0.778657	0.926256	1.05297	1.14042	1.18705	1.22554	1.26318	1.2625	1.24117	1.20164	1.13109	1.02747	0.911876	0.777812	0.640983	0.531173	0.443747	0.332554	0.186784	-0.00101764	-0.211984	-0.393184	-0.518897	-0.574474	-0.525254	-0.386872	-0.169457	0.105882	0.395835	0.652309	0.866388	1.03453	1.15729	1.24261	1.27678	1.23201	1.12305	0.984874	0.866621	
-1.77351	-1.77351	-1.64223	-1.39148	-1.06386	-0.703413	-0.352602	-0.0418008	0.208625	0.420023	0.602679	0.764306	0.898838	1.00977	1.09011	1.14576	1.18985	1.21664	1.21705	1.1965	1.15976	1.09113	0.991844	0.872246	0.746781	0.620393	0.514887	0.430272	0.325191	0.183583	0.00494732	-0.193847	-0.367456	-0.491699	-0.545326	-0.511883	-0.382042	-0.17108	0.0984085	0.370722	0.614691	0.823118	0.993167	1.11542	1.19156	1.21391	1.17028	1.07351	0.95308	0.835233	
-1.51014	-1.51014	-1.39148	-1.17134	-0.879919	-0.554373	-0.240796	0.0317231	0.248142	0.429818	0.589755	0.731923	0.848778	0.941292	1.01636	1.07343	1.11066	1.12839	1.13573	1.11794	1.07833	1.00895	0.914716	0.801057	0.685167	0.569873	0.47686	0.40239	0.30813	0.179283	0.0189349	-0.15517	-0.314063	-0.435975	-0.490892	-0.470986	-0.358547	-0.162856	0.0853183	0.329838	0.561002	0.759619	0.920822	1.03606	1.10234	1.11506	1.07193	0.992196	0.89343	0.789986	
-1.16393	-1.16393	-1.06386	-0.879919	-0.630495	-0.356428	-0.0978123	0.123477	0.305761	0.451727	0.580918	0.695318	0.793182	0.865282	0.929452	0.979959	1.01203	1.02862	1.03461	1.00927	0.95831	0.890248	0.800919	0.698175	0.591407	0.490718	0.411976	0.350956	0.272386	0.170098	0.0410504	-0.103712	-0.242207	-0.352688	-0.406941	-0.395598	-0.307429	-0.136665	0.0802802	0.293317	0.503356	0.692525	0.842188	0.944473	0.996619	0.998978	0.96096	0.903765	0.826433	0.742378	
-0.78229	-0.78229	-0.703413	-0.554373	-0.356428	-0.144782	0.0562494	0.231103	0.372521	0.483168	0.578526	0.667849	0.746778	0.806582	0.849294	0.886526	0.914568	0.933262	0.926259	0.88783	0.81926	0.74481	0.657194	0.560883	0.465086	0.381107	0.317161	0.2721	0.218643	0.14907	0.0605972	-0.0502431	-0.164899	-0.252917	-0.301623	-0.297771	-0.234923	-0.0973687	0.0818322	0.269802	0.454189	0.627922	0.764726	0.851881	0.887716	0.885531	0.858455	0.82307	0.767839	0.698368	
-0.410663	-0.410663	-0.352602	-0.240796	-0.0978123	0.0562494	0.202045	0.335644	0.441656	0.523957	0.58889	0.659284	0.721473	0.773695	0.805725	0.8267	0.842563	0.852663	0.830323	0.77546	0.689843	0.592421	0.497435	0.405293	0.315361	0.241834	0.195411	0.172531	0.146865	0.111865	0.0633556	-0.0105532	-0.0914987	-0.158385	-0.200157	-0.203297	-0.157104	-0.0583274	0.0857978	0.253153	0.414037	0.562513	0.677677	0.748512	0.785001	0.791406	0.778541	0.755635	0.718429	0.66066	
-0.0819717	-0.0819717	-0.0418008	0.0317231	0.123477	0.231103	0.335644	0.426648	0.497567	0.56433	0.625144	0.686312	0.731656	0.775334	0.807563	0.819042	0.82263	0.817769	0.770915	0.689367	0.586444	0.461411	0.344775	0.247766	0.162164	0.0944752	0.0641954	0.0584114	0.0558647	0.0541637	0.0383072	0.000283452	-0.0429189	-0.0849941	-0.120266	-0.130375	-0.104454	-0.0375693	0.0772626	0.217566	0.357626	0.482213	0.584455	0.650222	0.691678	0.715324	0.715535	0.702871	0.681538	0.642215	
0.193107	0.193107	0.208625	0.248142	0.305761	0.372521	0.441656	0.497567	0.549337	0.610527	0.681863	0.743317	0.792665	0.831159	0.864817	0.876697	0.877855	0.850341	0.775629	0.659331	0.528086	0.377465	0.232497	0.119153	0.0304432	-0.041261	-0.0738209	-0.0682558	-0.0497071	-0.0228296	-0.0120016	-0.0249188	-0.0387494	-0.0621119	-0.0898233	-0.101114	-0.0880496	-0.0431056	0.0510585	0.164232	0.28454	0.397788	0.494882	0.562252	0.610777	0.650718	0.672601	0.675355	0.66201	0.631658	
0.418918	0.418918	0.420023	0.429818	0.451727	0.483168	0.523957	0.56433	0.610527	0.674332	0.753011	0.828854	0.900715	0.956712	0.989729	1.00403	0.999317	0.954203	0.856101	0.710888	0.537168	0.349656	0.16997	0.0271583	-0.0782864	-0.162214	-0.20283	-0.191688	-0.160244	-0.126197	-0.101118	-0.0895228	-0.0851984	-0.093758	-0.113615	-0.118766	-0.105938	-0.0668299	0.00744429	0.103829	0.211339	0.318957	0.413515	0.489145	0.552467	0.611634	0.65356	0.667854	0.652759	0.62039	
0.609409	0.609409	0.602679	0.589755	0.580918	0.578526	0.58889	0.625144	0.681863	0.753011	0.842477	0.94469	1.04722	1.12985	1.18025	1.20441	1.19592	1.13475	1.01182	0.833845	0.619837	0.395915	0.177155	-0.010034	-0.153116	-0.252637	-0.303734	-0.30219	-0.275079	-0.245347	-0.214498	-0.184177	-0.164286	-0.16151	-0.168108	-0.169132	-0.146411	-0.0939912	-0.0203158	0.0663622	0.161539	0.266533	0.366348	0.456184	0.54118	0.611612	0.661873	0.678836	0.656184	0.613557	
0.778657	0.778657	0.764306	0.731923	0.695318	0.667849	0.659284	0.686312	0.743317	0.828854	0.94469	1.08263	1.2185	1.33546	1.41472	1.45382	1.44097	1.36672	1.22178	1.01277	0.760926	0.494976	0.232491	-0.00278397	-0.18827	-0.314788	-0.3854	-0.406947	-0.393168	-0.365309	-0.332202	-0.294678	-0.266522	-0.247778	-0.230852	-0.215594	-0.180232	-0.109625	-0.0245365	0.064978	0.160346	0.262204	0.367796	0.473272	0.569217	0.643921	0.686367	0.694609	0.665309	0.614346	
0.926256	0.926256	0.898838	0.848778	0.793182	0.746778	0.721473	0.731656	0.792665	0.900715	1.04722	1.2185	1.39273	1.54335	1.65703	1.71636	1.70326	1.61771	1.45912	1.22266	0.926219	0.612532	0.310117	0.0357423	-0.193633	-0.360934	-0.461162	-0.501555	-0.497034	-0.470998	-0.437335	-0.404697	-0.373262	-0.337863	-0.289257	-0.236166	-0.172206	-0.0867973	0.0108259	0.11388	0.22007	0.319147	0.417728	0.525417	0.622943	0.69354	0.722231	0.709005	0.662695	0.599567	
1.05297	1.05297	1.00977	0.941292	0.865282	0.806582	0.773695	0.775334	0.831159	0.956712	1.12985	1.33546	1.54335	1.73148	1.87333	1.94908	1.94146	1.85298	1.67573	1.41144	1.08101	0.728892	0.393844	0.0824814	-0.188323	-0.389578	-0.510557	-0.563981	-0.568862	-0.546953	-0.515474	-0.483702	-0.44433	-0.383196	-0.30974	-0.22423	-0.12793	-0.0197137	0.0956147	0.212828	0.324353	0.424295	0.516503	0.609818	0.695165	0.751003	0.760155	0.717832	0.646534	0.568044	
1.14042	1.14042	1.09011	1.01636	0.929452	0.849294	0.805725	0.807563	0.864817	0.989729	1.18025	1.41472	1.65703	1.87333	2.03957	2.12598	2.12096	2.02025	1.82116	1.53747	1.1964	0.826723	0.460328	0.115928	-0.18184	-0.400806	-0.535478	-0.597306	-0.604912	-0.582836	-0.551431	-0.516035	-0.462711	-0.378955	-0.28343	-0.17879	-0.0581053	0.0767935	0.220647	0.353248	0.461812	0.556753	0.641107	0.71522	0.778973	0.808922	0.790893	0.719676	0.620597	0.52135	
1.18705	1.18705	1.14576	1.07343	0.979959	0.886526	0.8267	0.819042	0.876697	1.00403	1.20441	1.45382	1.71636	1.94908	2.12598	2.21682	2.20984	2.09406	1.88215	1.59312	1.24988	0.866115	0.477682	0.123769	-0.174508	-0.399359	-0.538387	-0.600777	-0.607196	-0.583604	-0.551347	-0.508006	-0.439799	-0.346263	-0.231883	-0.105713	0.0333156	0.186038	0.350156	0.50243	0.617205	0.703042	0.773411	0.829529	0.86586	0.862845	0.809098	0.710618	0.591524	0.472356	
1.22554	1.22554	1.18985	1.11066	1.01203	0.914568	0.842563	0.82263	0.877855	0.999317	1.19592	1.44097	1.70326	1.94146	2.12096	2.20984	2.1957	2.07302	1.85555	1.56342	1.21629	0.842473	0.463116	0.116577	-0.173144	-0.391012	-0.522558	-0.57517	-0.575389	-0.550729	-0.513396	-0.459885	-0.38761	-0.296465	-0.178329	-0.0352746	0.126414	0.302164	0.474031	0.63397	0.760581	0.851526	0.91167	0.946304	0.949221	0.913293	0.825158	0.703341	0.567249	0.431019	
1.26318	1.26318	1.21664	1.12839	1.02862	0.933262	0.852663	0.817769	0.850341	0.954203	1.13475	1.36672	1.61771	1.85298	2.02025	2.09406	2.07302	1.95034	1.73294	1.44391	1.10973	0.761917	0.411983	0.0833925	-0.189136	-0.384231	-0.498587	-0.541647	-0.534798	-0.501829	-0.455054	-0.39401	-0.323009	-0.237383	-0.124892	0.0211113	0.198732	0.395183	0.578433	0.738124	0.872534	0.978406	1.03976	1.05375	1.02228	0.949567	0.836249	0.691722	0.536076	0.384914	
1.2625	1.2625	1.21705	1.13573	1.03461	0.926259	0.830323	0.770915	0.775629	0.856101	1.01182	1.22178	1.45912	1.67573	1.82116	1.88215	1.85555	1.73294	1.5255	1.26076	0.956859	0.636054	0.316289	0.0244965	-0.21252	-0.379659	-0.478808	-0.513894	-0.496017	-0.4542	-0.400138	-0.334199	-0.268438	-0.189115	-0.0780203	0.0670678	0.246838	0.448178	0.644368	0.821561	0.965898	1.07433	1.13718	1.14314	1.07926	0.97061	0.837298	0.674576	0.497414	0.330862	
1.24117	1.24117	1.1965	1.11794	1.00927	0.88783	0.77546	0.689367	0.659331	0.710888	0.833845	1.01277	1.22266	1.41144	1.53747	1.59312	1.56342	1.44391	1.26076	1.03335	0.760868	0.466598	0.189517	-0.0498164	-0.248795	-0.389912	-0.469855	-0.494376	-0.46634	-0.418671	-0.36171	-0.293522	-0.227845	-0.154747	-0.045687	0.0987058	0.278633	0.478046	0.679762	0.880291	1.04194	1.14657	1.19968	1.1952	1.11331	0.975503	0.819901	0.641731	0.452399	0.279598	
1.20164	1.20164	1.15976	1.07833	0.95831	0.81926	0.689843	0.586444	0.528086	0.537168	0.619837	0.760926	0.926219	1.08101	1.1964	1.24988	1.21629	1.10973	0.956859	0.760868	0.52054	0.276069	0.0527131	-0.147212	-0.31507	-0.428208	-0.488079	-0.49792	-0.463436	-0.410168	-0.350614	-0.279585	-0.213467	-0.134847	-0.0298844	0.110902	0.293224	0.498281	0.699965	0.904276	1.0759	1.18578	1.22821	1.2088	1.11599	0.960103	0.772162	0.576329	0.386186	0.215986	
1.13109	1.13109	1.09113	1.00895	0.890248	0.74481	0.592421	0.461411	0.377465	0.349656	0.395915	0.494976	0.612532	0.728892	0.826723	0.866115	0.842473	0.761917	0.636054	0.466598	0.276069	0.092914	-0.0841908	-0.256549	-0.393684	-0.478393	-0.526775	-0.53272	-0.494383	-0.437333	-0.374817	-0.303009	-0.231063	-0.150442	-0.0416639	0.0964332	0.274703	0.485357	0.696748	0.894388	1.06363	1.18174	1.22331	1.1883	1.08086	0.913162	0.708935	0.496255	0.307138	0.143377	
1.02747	1.02747	0.991844	0.914716	0.800919	0.657194	0.497435	0.344775	0.232497	0.16997	0.177155	0.232491	0.310117	0.393844	0.460328	0.477682	0.463116	0.411983	0.316289	0.189517	0.0527131	-0.0841908	-0.230979	-0.373398	-0.476467	-0.538698	-0.5846	-0.595067	-0.562669	-0.513533	-0.453389	-0.376674	-0.299714	-0.215099	-0.0993658	0.0436628	0.218639	0.427514	0.64412	0.847658	1.01166	1.12298	1.15977	1.11251	0.991597	0.82678	0.6277	0.41223	0.218102	0.0541264	
0.911876	0.911876	0.872246	0.801057	0.698175	0.560883	0.405293	0.247766	0.119153	0.0271583	-0.010034	-0.00278397	0.0357423	0.0824814	0.115928	0.123769	0.116577	0.0833925	0.0244965	-0.0498164	-0.147212	-0.256549	-0.373398	-0.482151	-0.561524	-0.611073	-0.652434	-0.675746	-0.666211	-0.632696	-0.578671	-0.501629	-0.416053	-0.321279	-0.201111	-0.0507756	0.129683	0.334972	0.545326	0.752559	0.915597	1.01291	1.03651	0.988331	0.870474	0.70779	0.516711	0.308132	0.104949	-0.0614737	
0.777812	0.777812	0.746781	0.685167	0.591407	0.465086	0.315361	0.162164	0.0304432	-0.0782864	-0.153116	-0.18827	-0.193633	-0.188323	-0.18184	-0.174508	-0.173144	-0.189136	-0.21252	-0.248795	-0.31507	-0.393684	-0.476467	-0.561524	-0.636688	-0.68952	-0.730652	-0.766643	-0.782069	-0.760212	-0.715522	-0.647906	-0.561271	-0.458669	-0.334664	-0.179419	0.012252	0.220949	0.422895	0.617415	0.774974	0.868095	0.889405	0.84726	0.736772	0.575651	0.38899	0.189205	-0.0115787	-0.179128	
0.640983	0.640983	0.620393	0.569873	0.490718	0.381107	0.241834	0.0944752	-0.041261	-0.162214	-0.252637	-0.314788	-0.360934	-0.389578	-0.400806	-0.399359	-0.391012	-0.384231	-0.379659	-0.389912	-0.428208	-0.478393	-0.538698	-0.611073	-0.68952	-0.759079	-0.814793	-0.861535	-0.887796	-0.884222	-0.856281	-0.802174	-0.722783	-0.620492	-0.481888	-0.313063	-0.114248	0.0968682	0.293525	0.47511	0.622319	0.71772	0.74872	0.712884	0.612914	0.467041	0.287839	0.0886973	-0.107185	-0.272924	
0.531173	0.531173	0.514887	0.47686	0.411976	0.317161	0.195411	0.0641954	-0.0738209	-0.20283	-0.303734	-0.3854	-0.461162	-0.510557	-0.535478	-0.538387	-0.522558	-0.498587	-0.478808	-0.469855	-0.488079	-0.526775	-0.5846	-0.652434	-0.730652	-0.814793	-0.892834	-0.951458	-0.992616	-1.01694	-1.01155	-0.962767	-0.88563	-0.775702	-0.618446	-0.430798	-0.231364	-0.0283304	0.168913	0.352428	0.493868	0.588108	0.629644	0.604533	0.518049	0.390366	0.221093	0.0213643	-0.175146	-0.337602	
0.443747	0.443747	0.430272	0.40239	0.350956	0.2721	0.172531	0.0584114	-0.0682558	-0.191688	-0.30219	-0.406947	-0.501555	-0.563981	-0.597306	-0.600777	-0.57517	-0.541647	-0.513894	-0.494376	-0.49792	-0.53272	-0.595067	-0.675746	-0.766643	-0.861535	-0.951458	-1.02542	-1.08894	-1.13988	-1.15656	-1.11471	-1.03333	-0.912369	-0.742016	-0.542275	-0.335461	-0.129951	0.0705896	0.256574	0.399056	0.495006	0.544384	0.535834	0.45953	0.340145	0.182777	-0.0122572	-0.202704	-0.351666	
0.332554	0.332554	0.325191	0.30813	0.272386	0.218643	0.146865	0.0558647	-0.0497071	-0.160244	-0.275079	-0.393168	-0.497034	-0.568862	-0.604912	-0.607196	-0.575389	-0.534798	-0.496017	-0.46634	-0.463436	-0.494383	-0.562669	-0.666211	-0.782069	-0.887796	-0.992616	-1.08894	-1.17254	-1.24435	-1.27802	-1.24601	-1.16096	-1.03051	-0.846993	-0.637024	-0.414414	-0.19495	0.00520429	0.185841	0.333535	0.433908	0.48894	0.491117	0.426758	0.310517	0.15688	-0.0257956	-0.196708	-0.328559	
0.186784	0.186784	0.183583	0.179283	0.170098	0.14907	0.111865	0.0541637	-0.0228296	-0.126197	-0.245347	-0.365309	-0.470998	-0.546953	-0.582836	-0.583604	-0.550729	-0.501829	-0.4542	-0.418671	-0.410168	-0.437333	-0.513533	-0.632696	-0.760212	-0.884222	-1.01694	-1.13988	-1.24435	-1.32926	-1.36981	-1.34243	-1.25445	-1.1081	-0.909834	-0.683865	-0.450458	-0.226067	-0.0284744	0.147885	0.292257	0.392477	0.44393	0.4485	0.396322	0.28721	0.137561	-0.023388	-0.171999	-0.289546	
-0.00101764	-0.00101764	0.00494732	0.0189349	0.0410504	0.0605972	0.0633556	0.0383072	-0.0120016	-0.101118	-0.214498	-0.332202	-0.437335	-0.515474	-0.551431	-0.551347	-0.513396	-0.455054	-0.400138	-0.36171	-0.350614	-0.374817	-0.453389	-0.578671	-0.715522	-0.856281	-1.01155	-1.15656	-1.27802	-1.36981	-1.41165	-1.38091	-1.28266	-1.12379	-0.912605	-0.674493	-0.435294	-0.207966	-0.0101369	0.155884	0.287985	0.37394	0.410401	0.405898	0.352996	0.254232	0.124468	-0.00869425	-0.129611	-0.225586	
-0.211984	-0.211984	-0.193847	-0.15517	-0.103712	-0.0502431	-0.0105532	0.000283452	-0.0249188	-0.0895228	-0.184177	-0.294678	-0.404697	-0.483702	-0.516035	-0.508006	-0.459885	-0.39401	-0.334199	-0.293522	-0.279585	-0.303009	-0.376674	-0.501629	-0.647906	-0.802174	-0.962767	-1.11471	-1.24601	-1.34243	-1.38091	-1.34237	-1.22991	-1.06492	-0.854049	-0.616586	-0.372862	-0.143393	0.0515192	0.206923	0.3197	0.385545	0.408145	0.388809	0.328675	0.238096	0.13354	0.0279454	-0.0619653	-0.132271	
-0.393184	-0.393184	-0.367456	-0.314063	-0.242207	-0.164899	-0.0914987	-0.0429189	-0.0387494	-0.0851984	-0.164286	-0.266522	-0.373262	-0.44433	-0.462711	-0.439799	-0.38761	-0.323009	-0.268438	-0.227845	-0.213467	-0.231063	-0.299714	-0.416053	-0.561271	-0.722783	-0.88563	-1.03333	-1.16096	-1.25445	-1.28266	-1.22991	-1.11001	-0.946407	-0.746293	-0.516618	-0.28076	-0.0581943	0.132415	0.279077	0.370918	0.417122	0.430665	0.401984	0.337017	0.259355	0.173878	0.090452	0.0201633	-0.0303187	
-0.518897	-0.518897	-0.491699	-0.435975	-0.352688	-0.252917	-0.158385	-0.0849941	-0.0621119	-0.093758	-0.16151	-0.247778	-0.337863	-0.383196	-0.378955	-0.346263	-0.296465	-0.237383	-0.189115	-0.154747	-0.134847	-0.150442	-0.215099	-0.321279	-0.458669	-0.620492	-0.775702	-0.912369	-1.03051	-1.1081	-1.12379	-1.06492	-0.946407	-0.794486	-0.609441	-0.392323	-0.16906	0.0425885	0.230429	0.363763	0.435543	0.470165	0.474675	0.43858	0.377288	0.310162	0.23764	0.164972	0.109246	0.07003	
-0.574474	-0.574474	-0.545326	-0.490892	-0.406941	-0.301623	-0.200157	-0.120266	-0.0898233	-0.113615	-0.168108	-0.230852	-0.289257	-0.30974	-0.28343	-0.231883	-0.178329	-0.124892	-0.0780203	-0.045687	-0.0298844	-0.0416639	-0.0993658	-0.201111	-0.334664	-0.481888	-0.618446	-0.742016	-0.846993	-0.909834	-0.912605	-0.854049	-0.746293	-0.609441	-0.445857	-0.254439	-0.0422588	0.166182	0.340707	0.457561	0.518779	0.544334	0.539287	0.498818	0.438008	0.368032	0.295344	0.235921	0.198164	0.168423	
-0.525254	-0.525254	-0.511883	-0.470986	-0.395598	-0.297771	-0.203297	-0.130375	-0.101114	-0.118766	-0.169132	-0.215594	-0.236166	-0.22423	-0.17879	-0.105713	-0.0352746	0.0211113	0.0670678	0.0987058	0.110902	0.0964332	0.0436628	-0.0507756	-0.179419	-0.313063	-0.430798	-0.542275	-0.637024	-0.683865	-0.674493	-0.616586	-0.516618	-0.392323	-0.254439	-0.088676	0.107682	0.300617	0.455423	0.557804	0.61137	0.625603	0.60676	0.559824	0.492084	0.408947	0.335958	0.28804	0.259484	0.247342	
-0.386872	-0.386872	-0.382042	-0.358547	-0.307429	-0.234923	-0.157104	-0.104454	-0.0880496	-0.105938	-0.146411	-0.180232	-0.172206	-0.12793	-0.0581053	0.0333156	0.126414	0.198732	0.246838	0.278633	0.293224	0.274703	0.218639	0.129683	0.012252	-0.114248	-0.231364	-0.335461	-0.414414	-0.450458	-0.435294	-0.372862	-0.28076	-0.16906	-0.0422588	0.107682	0.275677	0.438097	0.570467	0.660179	0.701368	0.701574	0.667628	0.608854	0.52443	0.434113	0.363047	0.317275	0.301557	0.314251	
-0.169457	-0.169457	-0.17108	-0.162856	-0.136665	-0.0973687	-0.0583274	-0.0375693	-0.0431056	-0.0668299	-0.0939912	-0.109625	-0.0867973	-0.0197137	0.0767935	0.186038	0.302164	0.395183	0.448178	0.478046	0.498281	0.485357	0.427514	0.334972	0.220949	0.0968682	-0.0283304	-0.129951	-0.19495	-0.226067	-0.207966	-0.143393	-0.0581943	0.0425885	0.166182	0.300617	0.438097	0.573037	0.685582	0.753389	0.772578	0.758119	0.71013	0.626421	0.524535	0.433266	0.367479	0.329374	0.337507	0.371903	
0.105882	0.105882	0.0984085	0.0853183	0.0802802	0.0818322	0.0857978	0.0772626	0.0510585	0.00744429	-0.0203158	-0.0245365	0.0108259	0.0956147	0.220647	0.350156	0.474031	0.578433	0.644368	0.679762	0.699965	0.696748	0.64412	0.545326	0.422895	0.293525	0.168913	0.0705896	0.00520429	-0.0284744	-0.0101369	0.0515192	0.132415	0.230429	0.340707	0.455423	0.570467	0.685582	0.772677	0.811879	0.807553	0.775637	0.70487	0.598625	0.488541	0.400106	0.338803	0.317482	0.343066	0.39092	
0.395835	0.395835	0.370722	0.329838	0.293317	0.269802	0.253153	0.217566	0.164232	0.103829	0.0663622	0.064978	0.11388	0.212828	0.353248	0.50243	0.63397	0.738124	0.821561	0.880291	0.904276	0.894388	0.847658	0.752559	0.617415	0.47511	0.352428	0.256574	0.185841	0.147885	0.155884	0.206923	0.279077	0.363763	0.457561	0.557804	0.660179	0.753389	0.811879	0.831183	0.810987	0.751586	0.653108	0.540214	0.42991	0.340892	0.287974	0.280056	0.312834	0.364998	
0.652309	0.652309	0.614691	0.561002	0.503356	0.454189	0.414037	0.357626	0.28454	0.211339	0.161539	0.160346	0.22007	0.324353	0.461812	0.617205	0.760581	0.872534	0.965898	1.04194	1.0759	1.06363	1.01166	0.915597	0.774974	0.622319	0.493868	0.399056	0.333535	0.292257	0.287985	0.3197	0.370918	0.435543	0.518779	0.61137	0.701368	0.772578	0.807553	0.810987	0.769739	0.68286	0.573506	0.458808	0.343729	0.251292	0.212283	0.217723	0.250749	0.306948	
0.866388	0.866388	0.823118	0.759619	0.692525	0.627922	0.562513	0.482213	0.397788	0.318957	0.266533	0.262204	0.319147	0.424295	0.556753	0.703042	0.851526	0.978406	1.07433	1.14657	1.18578	1.18174	1.12298	1.01291	0.868095	0.71772	0.588108	0.495006	0.433908	0.392477	0.37394	0.385545	0.417122	0.470165	0.544334	0.625603	0.701574	0.758119	0.775637	0.751586	0.68286	0.588279	0.479766	0.362787	0.247649	0.164705	0.133048	0.140772	0.174985	0.239184	
1.03453	1.03453	0.993167	0.920822	0.842188	0.764726	0.677677	0.584455	0.494882	0.413515	0.366348	0.367796	0.417728	0.516503	0.641107	0.773411	0.91167	1.03976	1.13718	1.19968	1.22821	1.22331	1.15977	1.03651	0.889405	0.74872	0.629644	0.544384	0.48894	0.44393	0.410401	0.408145	0.430665	0.474675	0.539287	0.60676	0.667628	0.71013	0.70487	0.653108	0.573506	0.479766	0.370102	0.258841	0.16348	0.102874	0.0782422	0.0847245	0.123416	0.190514	
1.15729	1.15729	1.11542	1.03606	0.944473	0.851881	0.748512	0.650222	0.562252	0.489145	0.456184	0.473272	0.525417	0.609818	0.71522	0.829529	0.946304	1.05375	1.14314	1.1952	1.2088	1.1883	1.11251	0.988331	0.84726	0.712884	0.604533	0.535834	0.491117	0.4485	0.405898	0.388809	0.401984	0.43858	0.498818	0.559824	0.608854	0.626421	0.598625	0.540214	0.458808	0.362787	0.258841	0.167865	0.108367	0.076067	0.0633858	0.0729196	0.110419	0.168398	
1.24261	1.24261	1.19156	1.10234	0.996619	0.887716	0.785001	0.691678	0.610777	0.552467	0.54118	0.569217	0.622943	0.695165	0.778973	0.86586	0.949221	1.02228	1.07926	1.11331	1.11599	1.08086	0.991597	0.870474	0.736772	0.612914	0.518049	0.45953	0.426758	0.396322	0.352996	0.328675	0.337017	0.377288	0.438008	0.492084	0.52443	0.524535	0.488541	0.42991	0.343729	0.247649	0.16348	0.108367	0.080376	0.0751215	0.0748507	0.0859953	0.116677	0.16968	
1.27678	1.27678	1.21391	1.11506	0.998978	0.885531	0.791406	0.715324	0.650718	0.611634	0.611612	0.643921	0.69354	0.751003	0.808922	0.862845	0.913293	0.949567	0.97061	0.975503	0.960103	0.913162	0.82678	0.70779	0.575651	0.467041	0.390366	0.340145	0.310517	0.28721	0.254232	0.238096	0.259355	0.310162	0.368032	0.408947	0.434113	0.433266	0.400106	0.340892	0.251292	0.164705	0.102874	0.076067	0.0751215	0.0879503	0.103067	0.11426	0.140579	0.190275	
1.23201	1.23201	1.17028	1.07193	0.96096	0.858455	0.778541	0.715535	0.672601	0.65356	0.661873	0.686367	0.722231	0.760155	0.790893	0.809098	0.825158	0.836249	0.837298	0.819901	0.772162	0.708935	0.6277	0.516711	0.38899	0.287839	0.221093	0.182777	0.15688	0.137561	0.124468	0.13354	0.173878	0.23764	0.295344	0.335958	0.363047	0.367479	0.338803	0.287974	0.212283	0.133048	0.0782422	0.0633858	0.0748507	0.103067	0.127808	0.143237	0.171181	0.225026	
1.12305	1.12305	1.07351	0.992196	0.903765	0.82307	0.755635	0.702871	0.675355	0.667854	0.678836	0.694609	0.709005	0.717832	0.719676	0.710618	0.703341	0.691722	0.674576	0.641731	0.576329	0.496255	0.41223	0.308132	0.189205	0.0886973	0.0213643	-0.0122572	-0.0257956	-0.023388	-0.00869425	0.0279454	0.090452	0.164972	0.235921	0.28804	0.317275	0.329374	0.317482	0.280056	0.217723	0.140772	0.0847245	0.0729196	0.0859953	0.11426	0.143237	0.170313	0.20782	0.265332	
0.984874	0.984874	0.95308	0.89343	0.826433	0.767839	0.718429	0.681538	0.66201	0.652759	0.656184	0.665309	0.662695	0.646534	0.620597	0.591524	0.567249	0.536076	0.497414	0.452399	0.386186	0.307138	0.218102	0.104949	-0.0115787	-0.107185	-0.175146	-0.202704	-0.196708	-0.171999	-0.129611	-0.0619653	0.0201633	0.109246	0.198164	0.259484	0.301557	0.337507	0.343066	0.312834	0.250749	0.174985	0.123416	0.110419	0.116677	0.140579	0.171181	0.20782	0.253101	0.306908	
0.866621	0.866621	0.835233	0.789986	0.742378	0.698368	0.66066	0.642215	0.631658	0.62039	0.613557	0.614346	0.599567	0.568044	0.52135	0.472356	0.431019	0.384914	0.330862	0.279598	0.215986	0.143377	0.0541264	-0.0614737	-0.179128	-0.272924	-0.337602	-0.351666	-0.328559	-0.289546	-0.225586	-0.132271	-0.0303187	0.07003	0.168423	0.247342	0.314251	0.371903	0.39092	0.364998	0.306948	0.239184	0.190514	0.168398	0.16968	0.190275	0.225026	0.265332	0.306908	0.356851	
