1.60758	1.60758	0.738382	0.153337	0.707484	0.371614	
1.60758	1.60758	0.738382	0.153337	0.707484	0.371614	
0.738382	0.738382	-0.14313	-0.876916	-0.148874	-0.217238	
0.153337	0.153337	-0.876916	-1.35974	-0.664479	-0.222073	
0.707484	0.707484	-0.148874	-0.664479	0.0419391	0.49012	
0.371614	0.371614	-0.217238	-0.222073	0.49012	0.378792	
