-1.029	-1.029	-1.00224	-0.96919	-0.957599	-0.98535	-1.05045	-1.12696	-1.19192	-1.23344	-1.24417	-1.20492	-1.09565	-0.905023	-0.632562	-0.30377	0.066806	0.461919	0.848545	1.14924	1.32405	1.3828	1.34799	1.23636	1.06503	0.862632	0.646002	0.446917	0.285348	0.166547	0.0857987	0.0406924	0.0343091	0.0672258	0.12475	0.196246	0.268821	0.34342	0.418735	0.495343	0.53905	0.51537	0.420138	0.278536	0.109223	-0.0696418	-0.27364	-0.48313	-0.659765	-0.79597	
-1.029	-1.029	-1.00224	-0.96919	-0.957599	-0.98535	-1.05045	-1.12696	-1.19192	-1.23344	-1.24417	-1.20492	-1.09565	-0.905023	-0.632562	-0.30377	0.066806	0.461919	0.848545	1.14924	1.32405	1.3828	1.34799	1.23636	1.06503	0.862632	0.646002	0.446917	0.285348	0.166547	0.0857987	0.0406924	0.0343091	0.0672258	0.12475	0.196246	0.268821	0.34342	0.418735	0.495343	0.53905	0.51537	0.420138	0.278536	0.109223	-0.0696418	-0.27364	-0.48313	-0.659765	-0.79597	
-1.00224	-1.00224	-0.964359	-0.914195	-0.887003	-0.905456	-0.967845	-1.04462	-1.10851	-1.14699	-1.15645	-1.12348	-1.03205	-0.867788	-0.624835	-0.318844	0.0382127	0.428888	0.814725	1.11585	1.29121	1.35121	1.31895	1.2115	1.04367	0.843463	0.62817	0.430939	0.273489	0.159433	0.0819194	0.0368532	0.0262207	0.0552236	0.111372	0.185803	0.264171	0.341479	0.413774	0.480551	0.512006	0.481419	0.390337	0.264002	0.120454	-0.0310636	-0.209864	-0.40174	-0.568401	-0.700647	
-0.96919	-0.96919	-0.914195	-0.837332	-0.783408	-0.78289	-0.83476	-0.906301	-0.965848	-1.00051	-1.01141	-0.992747	-0.930795	-0.809869	-0.613011	-0.347311	-0.0160951	0.361083	0.742573	1.04568	1.22669	1.2933	1.26817	1.16677	1.0055	0.810392	0.600776	0.41001	0.257863	0.148187	0.0720321	0.0242569	0.0108401	0.0356597	0.09146	0.16728	0.245627	0.320321	0.383483	0.436395	0.456282	0.422724	0.342385	0.243593	0.137512	0.0310754	-0.103808	-0.257576	-0.398465	-0.513005	
-0.957599	-0.957599	-0.887003	-0.783408	-0.698802	-0.669328	-0.697355	-0.752034	-0.801764	-0.835305	-0.855981	-0.859706	-0.834245	-0.75815	-0.612791	-0.393	-0.0998896	0.253619	0.624374	0.932135	1.12812	1.21283	1.20248	1.11366	0.96264	0.778452	0.580295	0.397643	0.249659	0.138113	0.0577693	0.00814636	-0.00684384	0.0195199	0.0735553	0.141993	0.208941	0.26647	0.314058	0.354813	0.370367	0.345383	0.287713	0.220868	0.160569	0.103203	0.0232778	-0.0794994	-0.178128	-0.26551	
-0.98535	-0.98535	-0.905456	-0.78289	-0.669328	-0.603851	-0.594604	-0.619573	-0.654359	-0.690262	-0.728109	-0.760582	-0.769029	-0.733132	-0.630526	-0.456809	-0.204724	0.115953	0.469461	0.779975	0.99589	1.10662	1.12259	1.05557	0.925676	0.759062	0.575419	0.401908	0.254449	0.140174	0.0573409	0.00663515	-0.00530939	0.018085	0.0639405	0.115602	0.158574	0.194145	0.223643	0.254345	0.272571	0.263124	0.232461	0.205026	0.188474	0.183126	0.158001	0.111173	0.0586557	0.00880007	
-1.05045	-1.05045	-0.967845	-0.83476	-0.697355	-0.594604	-0.542049	-0.531794	-0.549702	-0.590149	-0.648848	-0.709599	-0.749908	-0.744945	-0.678932	-0.54181	-0.328183	-0.0389706	0.292462	0.601169	0.833886	0.975582	1.02704	0.997785	0.900461	0.757841	0.589311	0.420995	0.27596	0.163532	0.0852108	0.0415963	0.0301541	0.0483336	0.0794475	0.109121	0.130203	0.142153	0.153821	0.171296	0.185576	0.187488	0.184574	0.193673	0.225973	0.267767	0.294613	0.296131	0.286605	0.268711	
-1.12696	-1.12696	-1.04462	-0.906301	-0.752034	-0.619573	-0.531794	-0.492798	-0.498216	-0.54398	-0.620459	-0.706988	-0.77446	-0.799173	-0.762315	-0.655588	-0.469762	-0.208542	0.0994808	0.396936	0.639127	0.807115	0.90031	0.917003	0.863797	0.753402	0.606001	0.452552	0.318767	0.219191	0.153727	0.116548	0.10532	0.111444	0.125568	0.135883	0.135779	0.129723	0.123259	0.124583	0.131209	0.138503	0.15468	0.195967	0.263227	0.344581	0.410767	0.453339	0.478166	0.489757	
-1.19192	-1.19192	-1.10851	-0.965848	-0.801764	-0.654359	-0.549702	-0.498216	-0.499769	-0.550584	-0.640409	-0.746997	-0.841272	-0.893798	-0.885331	-0.801125	-0.636831	-0.39639	-0.112446	0.171961	0.416603	0.608013	0.737724	0.801467	0.796139	0.72878	0.620655	0.499567	0.393389	0.313853	0.260139	0.228408	0.212565	0.209098	0.208732	0.200438	0.182221	0.154999	0.13095	0.116891	0.115111	0.125682	0.155112	0.212226	0.300869	0.399368	0.48933	0.556371	0.603718	0.630896	
-1.23344	-1.23344	-1.14699	-1.00051	-0.835305	-0.690262	-0.590149	-0.54398	-0.550584	-0.60661	-0.703275	-0.823146	-0.936496	-1.01126	-1.0228	-0.95516	-0.804454	-0.580826	-0.314173	-0.0420883	0.205517	0.409368	0.563431	0.660016	0.699255	0.684436	0.633295	0.565553	0.499514	0.443678	0.400963	0.369771	0.350733	0.337686	0.324227	0.299199	0.261058	0.216257	0.177632	0.152856	0.146131	0.156448	0.187691	0.245281	0.329693	0.425463	0.516153	0.591603	0.647536	0.679898	
-1.24417	-1.24417	-1.15645	-1.01141	-0.855981	-0.728109	-0.648848	-0.620459	-0.640409	-0.703275	-0.803635	-0.927813	-1.04814	-1.13105	-1.15049	-1.08945	-0.946101	-0.729482	-0.47256	-0.202874	0.0450701	0.254026	0.414538	0.529795	0.605134	0.642248	0.653393	0.643731	0.621843	0.593325	0.562974	0.536154	0.512621	0.489405	0.46071	0.418307	0.364807	0.306432	0.25891	0.225629	0.209992	0.21268	0.232751	0.273348	0.338174	0.410345	0.486561	0.554987	0.607069	0.63675	
-1.20492	-1.20492	-1.12348	-0.992747	-0.859706	-0.760582	-0.709599	-0.706988	-0.746997	-0.823146	-0.927813	-1.04977	-1.1653	-1.24228	-1.25801	-1.19496	-1.05014	-0.833617	-0.576316	-0.308602	-0.0609706	0.143549	0.304249	0.431169	0.536307	0.617435	0.681189	0.722643	0.744909	0.74763	0.73736	0.715833	0.68469	0.641837	0.589794	0.525815	0.456925	0.38867	0.334465	0.292235	0.264401	0.249793	0.249257	0.26265	0.296896	0.340647	0.394473	0.449296	0.492462	0.512324	
-1.09565	-1.09565	-1.03205	-0.930795	-0.834245	-0.769029	-0.749908	-0.77446	-0.841272	-0.936496	-1.04814	-1.1653	-1.26831	-1.33243	-1.3355	-1.26235	-1.10837	-0.884543	-0.627587	-0.363434	-0.12356	0.0764811	0.237997	0.377103	0.505246	0.616544	0.716646	0.799216	0.861529	0.899422	0.911243	0.895729	0.851291	0.781443	0.6952	0.600706	0.507243	0.422333	0.356728	0.303308	0.260077	0.228688	0.205389	0.194176	0.202714	0.220722	0.254512	0.293357	0.318976	0.32428	
-0.905023	-0.905023	-0.867788	-0.809869	-0.75815	-0.733132	-0.744945	-0.799173	-0.893798	-1.01126	-1.13105	-1.24228	-1.33243	-1.37906	-1.36373	-1.27126	-1.10068	-0.8687	-0.613319	-0.358649	-0.12553	0.0729342	0.239254	0.387488	0.527286	0.65222	0.773303	0.882075	0.974556	1.03641	1.06325	1.04861	0.990352	0.892982	0.773272	0.643672	0.5211	0.411529	0.326813	0.254715	0.192773	0.141226	0.101803	0.0741123	0.0681701	0.0717173	0.0900773	0.112128	0.121484	0.110887	
-0.632562	-0.632562	-0.624835	-0.613011	-0.612791	-0.630526	-0.678932	-0.762315	-0.885331	-1.0228	-1.15049	-1.25801	-1.3355	-1.36373	-1.32264	-1.20511	-1.0158	-0.777398	-0.526102	-0.278027	-0.0468067	0.15413	0.322427	0.469151	0.605637	0.730229	0.856203	0.976132	1.07852	1.14655	1.17411	1.15408	1.08258	0.96518	0.81855	0.663452	0.513571	0.378068	0.266553	0.168541	0.0821202	0.0149181	-0.0350605	-0.0670139	-0.0795516	-0.0868607	-0.0832266	-0.0745911	-0.0760391	-0.0881848	
-0.30377	-0.30377	-0.318844	-0.347311	-0.393	-0.456809	-0.54181	-0.655588	-0.801125	-0.95516	-1.08945	-1.19496	-1.26235	-1.27126	-1.20511	-1.06575	-0.866011	-0.627679	-0.380528	-0.132759	0.102123	0.307304	0.472704	0.611191	0.7377	0.853543	0.974228	1.08822	1.18246	1.23852	1.25178	1.21704	1.12985	0.996167	0.835824	0.666277	0.500359	0.340758	0.200147	0.0724958	-0.0371774	-0.1186	-0.171419	-0.204366	-0.219364	-0.233859	-0.239221	-0.236382	-0.23639	-0.241054	
0.066806	0.066806	0.0382127	-0.0160951	-0.0998896	-0.204724	-0.328183	-0.469762	-0.636831	-0.804454	-0.946101	-1.05014	-1.10837	-1.10068	-1.0158	-0.866011	-0.665572	-0.43327	-0.187616	0.0605665	0.299165	0.50339	0.66369	0.792736	0.906607	1.00821	1.11167	1.2075	1.28249	1.31659	1.30893	1.25344	1.14921	1.00381	0.834044	0.657471	0.477531	0.297697	0.132881	-0.0152279	-0.138363	-0.224004	-0.276151	-0.30488	-0.319029	-0.332729	-0.338184	-0.332352	-0.325956	-0.323406	
0.461919	0.461919	0.428888	0.361083	0.253619	0.115953	-0.0389706	-0.208542	-0.39639	-0.580826	-0.729482	-0.833617	-0.884543	-0.8687	-0.777398	-0.627679	-0.43327	-0.205278	0.036882	0.283986	0.518416	0.721186	0.879761	1.00478	1.10667	1.18693	1.26137	1.32669	1.36865	1.37216	1.33507	1.25809	1.13951	0.98624	0.812507	0.631928	0.446892	0.260294	0.089166	-0.0612056	-0.184763	-0.269492	-0.318699	-0.344093	-0.352927	-0.360685	-0.359787	-0.345555	-0.331915	-0.322386	
0.848545	0.848545	0.814725	0.742573	0.624374	0.469461	0.292462	0.0994808	-0.112446	-0.314173	-0.47256	-0.576316	-0.627587	-0.613319	-0.526102	-0.380528	-0.187616	0.036882	0.276136	0.512543	0.738687	0.937738	1.09815	1.22119	1.30833	1.36045	1.39625	1.41605	1.41355	1.37453	1.3078	1.21223	1.08632	0.930921	0.757902	0.582321	0.405829	0.230991	0.0733178	-0.0626212	-0.17138	-0.244772	-0.28554	-0.305125	-0.315134	-0.324741	-0.326081	-0.311005	-0.287816	-0.266663	
1.14924	1.14924	1.11585	1.04568	0.932135	0.779975	0.601169	0.396936	0.171961	-0.0420883	-0.202874	-0.308602	-0.363434	-0.358649	-0.278027	-0.132759	0.0605665	0.283986	0.512543	0.734475	0.945154	1.13654	1.29395	1.41003	1.479	1.50057	1.49049	1.45893	1.40136	1.31979	1.22328	1.11472	0.985902	0.83621	0.676648	0.522096	0.370303	0.220375	0.0851693	-0.0250216	-0.108423	-0.159281	-0.186232	-0.205287	-0.224389	-0.248341	-0.262124	-0.248325	-0.219786	-0.18628	
1.32405	1.32405	1.29121	1.22669	1.12812	0.99589	0.833886	0.639127	0.416603	0.205517	0.0450701	-0.0609706	-0.12356	-0.12553	-0.0468067	0.102123	0.299165	0.518416	0.738687	0.945154	1.13828	1.31229	1.45311	1.55057	1.59293	1.57677	1.51848	1.43147	1.32469	1.20324	1.08292	0.963432	0.839679	0.709562	0.582467	0.464785	0.346984	0.225178	0.116288	0.0349473	-0.0164392	-0.0441289	-0.0614943	-0.0826062	-0.113998	-0.148615	-0.168199	-0.158612	-0.128564	-0.0935597	
1.3828	1.3828	1.35121	1.2933	1.21283	1.10662	0.975582	0.807115	0.608013	0.409368	0.254026	0.143549	0.0764811	0.0729342	0.15413	0.307304	0.50339	0.721186	0.937738	1.13654	1.31229	1.46076	1.57375	1.63898	1.64239	1.58097	1.47112	1.33708	1.18733	1.03375	0.890029	0.763813	0.653615	0.556458	0.473811	0.400548	0.322803	0.237073	0.161605	0.114118	0.0889131	0.0738178	0.0573825	0.030204	-0.00294566	-0.03512	-0.0529168	-0.0426035	-0.0184135	0.00992061	
1.34799	1.34799	1.31895	1.26817	1.20248	1.12259	1.02704	0.90031	0.737724	0.563431	0.414538	0.304249	0.237997	0.239254	0.322427	0.472704	0.66369	0.879761	1.09815	1.29395	1.45311	1.57375	1.65055	1.67211	1.62449	1.51075	1.3545	1.18117	0.999421	0.819886	0.661773	0.538364	0.450167	0.38888	0.349163	0.321599	0.291322	0.252695	0.218772	0.200824	0.191699	0.178401	0.156231	0.128431	0.0999547	0.075633	0.0651668	0.0740049	0.0943164	0.118673	
1.23636	1.23636	1.2115	1.16677	1.11366	1.05557	0.997785	0.917003	0.801467	0.660016	0.529795	0.431169	0.377103	0.387488	0.469151	0.611191	0.792736	1.00478	1.22119	1.41003	1.55057	1.63898	1.67211	1.63777	1.52966	1.36078	1.16062	0.954646	0.750062	0.561971	0.410255	0.306838	0.247472	0.219231	0.221125	0.240929	0.263424	0.273036	0.273741	0.275414	0.274341	0.26003	0.236421	0.208254	0.183728	0.164369	0.156213	0.16653	0.18673	0.209256	
1.06503	1.06503	1.04367	1.0055	0.96264	0.925676	0.900461	0.863797	0.796139	0.699255	0.605134	0.536307	0.505246	0.527286	0.605637	0.7377	0.906607	1.10667	1.30833	1.479	1.59293	1.64239	1.62449	1.52966	1.35999	1.13645	0.892373	0.656541	0.441922	0.265297	0.138998	0.065242	0.0354775	0.0436519	0.0919517	0.165628	0.240248	0.290571	0.318254	0.3343	0.339969	0.32666	0.297141	0.261446	0.231847	0.208163	0.201327	0.213247	0.234334	0.254375	
0.862632	0.862632	0.843463	0.810392	0.778452	0.759062	0.757841	0.753402	0.72878	0.684436	0.642248	0.617435	0.616544	0.65222	0.730229	0.853543	1.00821	1.18693	1.36045	1.50057	1.57677	1.58097	1.51075	1.36078	1.13645	0.85958	0.572677	0.313047	0.100516	-0.0532368	-0.151127	-0.196772	-0.1936	-0.142701	-0.0406901	0.0856124	0.204885	0.290163	0.342808	0.374827	0.390162	0.376773	0.338762	0.291129	0.248901	0.214827	0.199678	0.202992	0.214927	0.226249	
0.646002	0.646002	0.62817	0.600776	0.580295	0.575419	0.589311	0.606001	0.620655	0.633295	0.653393	0.681189	0.716646	0.773303	0.856203	0.974228	1.11167	1.26137	1.39625	1.49049	1.51848	1.47112	1.3545	1.16062	0.892373	0.572677	0.255936	-0.0134194	-0.21471	-0.350179	-0.428339	-0.451597	-0.417407	-0.325012	-0.177573	-0.00883451	0.150797	0.271166	0.354404	0.407241	0.433702	0.422587	0.378447	0.316583	0.259424	0.206622	0.173156	0.158878	0.154391	0.151425	
0.446917	0.446917	0.430939	0.41001	0.397643	0.401908	0.420995	0.452552	0.499567	0.565553	0.643731	0.722643	0.799216	0.882075	0.976132	1.08822	1.2075	1.32669	1.41605	1.45893	1.43147	1.33708	1.18117	0.954646	0.656541	0.313047	-0.0134194	-0.279777	-0.474204	-0.600217	-0.667266	-0.671653	-0.612716	-0.491368	-0.313381	-0.110101	0.0833396	0.237315	0.347952	0.418996	0.457331	0.453285	0.406206	0.336276	0.264849	0.194911	0.146157	0.115153	0.0922417	0.0738911	
0.285348	0.285348	0.273489	0.257863	0.249659	0.254449	0.27596	0.318767	0.393389	0.499514	0.621843	0.744909	0.861529	0.974556	1.07852	1.18246	1.28249	1.36865	1.41355	1.40136	1.32469	1.18733	0.999421	0.750062	0.441922	0.100516	-0.21471	-0.474204	-0.663029	-0.784731	-0.840821	-0.834055	-0.765	-0.632978	-0.438496	-0.215506	0.000442997	0.175484	0.307489	0.397897	0.453003	0.46039	0.417497	0.341393	0.260713	0.182918	0.126079	0.0868533	0.0525749	0.0189937	
0.166547	0.166547	0.159433	0.148187	0.138113	0.140174	0.163532	0.219191	0.313853	0.443678	0.593325	0.74763	0.899422	1.03641	1.14655	1.23852	1.31659	1.37216	1.37453	1.31979	1.20324	1.03375	0.819886	0.561971	0.265297	-0.0532368	-0.350179	-0.600217	-0.784731	-0.898126	-0.94779	-0.93868	-0.871459	-0.73777	-0.541617	-0.315979	-0.0997079	0.0812477	0.227771	0.336944	0.410563	0.435082	0.400891	0.328249	0.249773	0.172808	0.117355	0.074496	0.0284803	-0.0169929	
0.0857987	0.0857987	0.0819194	0.0720321	0.0577693	0.0573409	0.0852108	0.153727	0.260139	0.400963	0.562974	0.73736	0.911243	1.06325	1.17411	1.25178	1.30893	1.33507	1.3078	1.22328	1.08292	0.890029	0.661773	0.410255	0.138998	-0.151127	-0.428339	-0.667266	-0.840821	-0.94779	-0.995318	-0.989509	-0.925221	-0.79699	-0.614966	-0.409783	-0.213954	-0.0412948	0.110773	0.236665	0.331641	0.379366	0.366246	0.311348	0.244502	0.177506	0.122145	0.071046	0.0127752	-0.0454094	
0.0406924	0.0406924	0.0368532	0.0242569	0.00814636	0.00663515	0.0415963	0.116548	0.228408	0.369771	0.536154	0.715833	0.895729	1.04861	1.15408	1.21704	1.25344	1.25809	1.21223	1.11472	0.963432	0.763813	0.538364	0.306838	0.065242	-0.196772	-0.451597	-0.671653	-0.834055	-0.93868	-0.989509	-0.98623	-0.926582	-0.814698	-0.662988	-0.496317	-0.334885	-0.183964	-0.0348029	0.103813	0.220575	0.296131	0.314923	0.288742	0.245668	0.191441	0.134995	0.0754088	0.0041631	-0.0625056	
0.0343091	0.0343091	0.0262207	0.0108401	-0.00684384	-0.00530939	0.0301541	0.10532	0.212565	0.350733	0.512621	0.68469	0.851291	0.990352	1.08258	1.12985	1.14921	1.13951	1.08632	0.985902	0.839679	0.653615	0.450167	0.247472	0.0354775	-0.1936	-0.417407	-0.612716	-0.765	-0.871459	-0.925221	-0.926582	-0.881456	-0.79754	-0.69052	-0.571866	-0.457131	-0.337351	-0.199896	-0.0558506	0.0761848	0.179932	0.236717	0.252296	0.241129	0.205022	0.15325	0.0903789	0.0166469	-0.0547779	
0.0672258	0.0672258	0.0552236	0.0356597	0.0195199	0.018085	0.0483336	0.111444	0.209098	0.337686	0.489405	0.641837	0.781443	0.892982	0.96518	0.996167	1.00381	0.98624	0.930921	0.83621	0.709562	0.556458	0.38888	0.219231	0.0436519	-0.142701	-0.325012	-0.491368	-0.632978	-0.73777	-0.79699	-0.814698	-0.79754	-0.758116	-0.703139	-0.642281	-0.577258	-0.490221	-0.370465	-0.2302	-0.0891083	0.0392536	0.137423	0.195976	0.216553	0.204482	0.167193	0.12009	0.0577549	-0.00899936	
0.12475	0.12475	0.111372	0.09146	0.0735553	0.0639405	0.0794475	0.125568	0.208732	0.324227	0.46071	0.589794	0.6952	0.773272	0.81855	0.835824	0.834044	0.812507	0.757902	0.676648	0.582467	0.473811	0.349163	0.221125	0.0919517	-0.0406901	-0.177573	-0.313381	-0.438496	-0.541617	-0.614966	-0.662988	-0.69052	-0.703139	-0.707432	-0.701727	-0.677455	-0.621687	-0.523118	-0.393766	-0.249316	-0.10086	0.0298119	0.121232	0.174886	0.19083	0.183768	0.16278	0.119784	0.0564284	
0.196246	0.196246	0.185803	0.16728	0.141993	0.115602	0.109121	0.135883	0.200438	0.299199	0.418307	0.525815	0.600706	0.643672	0.663452	0.666277	0.657471	0.631928	0.582321	0.522096	0.464785	0.400548	0.321599	0.240929	0.165628	0.0856124	-0.00883451	-0.110101	-0.215506	-0.315979	-0.409783	-0.496317	-0.571866	-0.642281	-0.701727	-0.740066	-0.751297	-0.722874	-0.648041	-0.529099	-0.382757	-0.225367	-0.0773878	0.0419896	0.122337	0.168721	0.189432	0.192797	0.166414	0.110639	
0.268821	0.268821	0.264171	0.245627	0.208941	0.158574	0.130203	0.135779	0.182221	0.261058	0.364807	0.456925	0.507243	0.5211	0.513571	0.500359	0.477531	0.446892	0.405829	0.370303	0.346984	0.322803	0.291322	0.263424	0.240248	0.204885	0.150797	0.0833396	0.000442997	-0.0997079	-0.213954	-0.334885	-0.457131	-0.577258	-0.677455	-0.751297	-0.787708	-0.784599	-0.726394	-0.61872	-0.483282	-0.333588	-0.178406	-0.0451486	0.0561418	0.120483	0.161715	0.185737	0.176335	0.127602	
0.34342	0.34342	0.341479	0.320321	0.26647	0.194145	0.142153	0.129723	0.154999	0.216257	0.306432	0.38867	0.422333	0.411529	0.378068	0.340758	0.297697	0.260294	0.230991	0.220375	0.225178	0.237073	0.252695	0.273036	0.290571	0.290163	0.271166	0.237315	0.175484	0.0812477	-0.0412948	-0.183964	-0.337351	-0.490221	-0.621687	-0.722874	-0.784599	-0.79959	-0.758767	-0.674528	-0.56012	-0.422993	-0.272377	-0.136191	-0.0318114	0.0398575	0.0975583	0.13686	0.139631	0.0982884	
0.418735	0.418735	0.413774	0.383483	0.314058	0.223643	0.153821	0.123259	0.13095	0.177632	0.25891	0.334465	0.356728	0.326813	0.266553	0.200147	0.132881	0.089166	0.0733178	0.0851693	0.116288	0.161605	0.218772	0.273741	0.318254	0.342808	0.354404	0.347952	0.307489	0.227771	0.110773	-0.0348029	-0.199896	-0.370465	-0.523118	-0.648041	-0.726394	-0.758767	-0.745703	-0.692016	-0.602149	-0.484963	-0.354232	-0.233831	-0.130272	-0.046683	0.0263622	0.0789377	0.0901282	0.0575141	
0.495343	0.495343	0.480551	0.436395	0.354813	0.254345	0.171296	0.124583	0.116891	0.152856	0.225629	0.292235	0.303308	0.254715	0.168541	0.0724958	-0.0152279	-0.0612056	-0.0626212	-0.0250216	0.0349473	0.114118	0.200824	0.275414	0.3343	0.374827	0.407241	0.418996	0.397897	0.336944	0.236665	0.103813	-0.0558506	-0.2302	-0.393766	-0.529099	-0.61872	-0.674528	-0.692016	-0.669691	-0.607832	-0.526466	-0.433394	-0.329582	-0.219116	-0.121226	-0.0320683	0.0323641	0.056084	0.0430079	
0.53905	0.53905	0.512006	0.456282	0.370367	0.272571	0.185576	0.131209	0.115111	0.146131	0.209992	0.264401	0.260077	0.192773	0.0821202	-0.0371774	-0.138363	-0.184763	-0.17138	-0.108423	-0.0164392	0.0889131	0.191699	0.274341	0.339969	0.390162	0.433702	0.457331	0.453003	0.410563	0.331641	0.220575	0.0761848	-0.0891083	-0.249316	-0.382757	-0.483282	-0.56012	-0.602149	-0.607832	-0.586922	-0.5532	-0.49524	-0.402636	-0.28679	-0.177933	-0.074929	0.00597037	0.050596	0.05596	
0.51537	0.51537	0.481419	0.422724	0.345383	0.263124	0.187488	0.138503	0.125682	0.156448	0.21268	0.249793	0.228688	0.141226	0.0149181	-0.1186	-0.224004	-0.269492	-0.244772	-0.159281	-0.0441289	0.0738178	0.178401	0.26003	0.32666	0.376773	0.422587	0.453285	0.46039	0.435082	0.379366	0.296131	0.179932	0.0392536	-0.10086	-0.225367	-0.333588	-0.422993	-0.484963	-0.526466	-0.5532	-0.557603	-0.525324	-0.444813	-0.332713	-0.214091	-0.0981038	-0.000899924	0.056205	0.0756022	
0.420138	0.420138	0.390337	0.342385	0.287713	0.232461	0.184574	0.15468	0.155112	0.187691	0.232751	0.249257	0.205389	0.101803	-0.0350605	-0.171419	-0.276151	-0.318699	-0.28554	-0.186232	-0.0614943	0.0573825	0.156231	0.236421	0.297141	0.338762	0.378447	0.406206	0.417497	0.400891	0.366246	0.314923	0.236717	0.137423	0.0298119	-0.0773878	-0.178406	-0.272377	-0.354232	-0.433394	-0.49524	-0.525324	-0.51618	-0.459009	-0.351036	-0.226694	-0.105362	-0.00525508	0.0605244	0.0895397	
0.278536	0.278536	0.264002	0.243593	0.220868	0.205026	0.193673	0.195967	0.212226	0.245281	0.273348	0.26265	0.194176	0.0741123	-0.0670139	-0.204366	-0.30488	-0.344093	-0.305125	-0.205287	-0.0826062	0.030204	0.128431	0.208254	0.261446	0.291129	0.316583	0.336276	0.341393	0.328249	0.311348	0.288742	0.252296	0.195976	0.121232	0.0419896	-0.0451486	-0.136191	-0.233831	-0.329582	-0.402636	-0.444813	-0.459009	-0.418463	-0.323368	-0.210296	-0.104966	-0.00896423	0.0642925	0.111109	
0.109223	0.109223	0.120454	0.137512	0.160569	0.188474	0.225973	0.263227	0.300869	0.329693	0.338174	0.296896	0.202714	0.0681701	-0.0795516	-0.219364	-0.319029	-0.352927	-0.315134	-0.224389	-0.113998	-0.00294566	0.0999547	0.183728	0.231847	0.248901	0.259424	0.264849	0.260713	0.249773	0.244502	0.245668	0.241129	0.216553	0.174886	0.122337	0.0561418	-0.0318114	-0.130272	-0.219116	-0.28679	-0.332713	-0.351036	-0.323368	-0.249142	-0.161205	-0.0731441	0.0196176	0.0984854	0.158364	
-0.0696418	-0.0696418	-0.0310636	0.0310754	0.103203	0.183126	0.267767	0.344581	0.399368	0.425463	0.410345	0.340647	0.220722	0.0717173	-0.0868607	-0.233859	-0.332729	-0.360685	-0.324741	-0.248341	-0.148615	-0.03512	0.075633	0.164369	0.208163	0.214827	0.206622	0.194911	0.182918	0.172808	0.177506	0.191441	0.205022	0.204482	0.19083	0.168721	0.120483	0.0398575	-0.046683	-0.121226	-0.177933	-0.214091	-0.226694	-0.210296	-0.161205	-0.0910635	-0.00723708	0.0815434	0.163319	0.230006	
-0.27364	-0.27364	-0.209864	-0.103808	0.0232778	0.158001	0.294613	0.410767	0.48933	0.516153	0.486561	0.394473	0.254512	0.0900773	-0.0832266	-0.239221	-0.338184	-0.359787	-0.326081	-0.262124	-0.168199	-0.0529168	0.0651668	0.156213	0.201327	0.199678	0.173156	0.146157	0.126079	0.117355	0.122145	0.134995	0.15325	0.167193	0.183768	0.189432	0.161715	0.0975583	0.0263622	-0.0320683	-0.074929	-0.0981038	-0.105362	-0.104966	-0.0731441	-0.00723708	0.07308	0.160705	0.248296	0.325015	
-0.48313	-0.48313	-0.40174	-0.257576	-0.0794994	0.111173	0.296131	0.453339	0.556371	0.591603	0.554987	0.449296	0.293357	0.112128	-0.0745911	-0.236382	-0.332352	-0.345555	-0.311005	-0.248325	-0.158612	-0.0426035	0.0740049	0.16653	0.213247	0.202992	0.158878	0.115153	0.0868533	0.074496	0.071046	0.0754088	0.0903789	0.12009	0.16278	0.192797	0.185737	0.13686	0.0789377	0.0323641	0.00597037	-0.000899924	-0.00525508	-0.00896423	0.0196176	0.0815434	0.160705	0.248595	0.343408	0.428913	
-0.659765	-0.659765	-0.568401	-0.398465	-0.178128	0.0586557	0.286605	0.478166	0.603718	0.647536	0.607069	0.492462	0.318976	0.121484	-0.0760391	-0.23639	-0.325956	-0.331915	-0.287816	-0.219786	-0.128564	-0.0184135	0.0943164	0.18673	0.234334	0.214927	0.154391	0.0922417	0.0525749	0.0284803	0.0127752	0.0041631	0.0166469	0.0577549	0.119784	0.166414	0.176335	0.139631	0.0901282	0.056084	0.050596	0.056205	0.0605244	0.0642925	0.0984854	0.163319	0.248296	0.343408	0.44671	0.536134	
-0.79597	-0.79597	-0.700647	-0.513005	-0.26551	0.00880007	0.268711	0.489757	0.630896	0.679898	0.63675	0.512324	0.32428	0.110887	-0.0881848	-0.241054	-0.323406	-0.322386	-0.266663	-0.18628	-0.0935597	0.00992061	0.118673	0.209256	0.254375	0.226249	0.151425	0.0738911	0.0189937	-0.0169929	-0.0454094	-0.0625056	-0.0547779	-0.00899936	0.0564284	0.110639	0.127602	0.0982884	0.0575141	0.0430079	0.05596	0.0756022	0.0895397	0.111109	0.158364	0.230006	0.325015	0.428913	0.536134	0.632286	
