-0.460483	-0.318157	-0.125142	0.0826477	0.286416	0.469992	0.621952	0.735639	0.814169	0.857482	0.877034	0.854003	0.789886	0.687435	0.55857	0.424878	0.300084	0.189878	0.0980624	0.03129	-0.00706754	-0.00247285	0.0405534	0.111951	0.195536	0.272483	0.331513	0.366011	0.370202	0.350761	0.305379	0.25987	0.214077	0.15311	0.0969636	0.0630545	0.0594232	0.0867523	0.129368	0.178364	0.226737	0.268851	0.314418	0.353575	0.391359	0.428377	0.462496	0.492797	0.508053	0.508053	
-0.318157	-0.176786	-0.00170526	0.183316	0.363904	0.528269	0.667022	0.76942	0.842942	0.889573	0.914866	0.90164	0.850761	0.763383	0.643654	0.524448	0.413911	0.309674	0.210197	0.120224	0.0581926	0.0431005	0.0647721	0.120273	0.193196	0.269892	0.334385	0.372073	0.385897	0.374771	0.348543	0.314499	0.264553	0.195916	0.128256	0.0930332	0.0956643	0.128513	0.183599	0.255029	0.327424	0.385115	0.434705	0.471469	0.503014	0.533764	0.5609	0.588845	0.605697	0.605697	
-0.125142	-0.00170526	0.146182	0.303786	0.455051	0.591482	0.708803	0.800836	0.867765	0.909764	0.930129	0.922792	0.885628	0.812306	0.71408	0.614596	0.519505	0.421274	0.315838	0.21043	0.131576	0.095748	0.0986195	0.132113	0.186175	0.255023	0.319821	0.36012	0.379989	0.38112	0.369136	0.345233	0.301252	0.237815	0.174876	0.1438	0.14342	0.172847	0.228956	0.306628	0.387787	0.457377	0.509722	0.543126	0.567088	0.581819	0.599889	0.616957	0.631506	0.631506	
0.0826477	0.183316	0.303786	0.424061	0.543653	0.64664	0.736736	0.814366	0.873549	0.908873	0.926011	0.924394	0.897076	0.841231	0.773605	0.700826	0.623344	0.536768	0.42974	0.319675	0.227377	0.170526	0.149443	0.155812	0.185043	0.233915	0.287753	0.324692	0.348357	0.359472	0.35486	0.33675	0.301951	0.254844	0.210967	0.185385	0.182321	0.206509	0.253962	0.325057	0.399089	0.470041	0.528661	0.562986	0.58513	0.593323	0.603512	0.611148	0.618825	0.618825	
0.286416	0.363904	0.455051	0.543653	0.623159	0.686698	0.742026	0.794869	0.836175	0.867343	0.889331	0.89917	0.886543	0.857503	0.82576	0.779665	0.723158	0.651946	0.553587	0.449643	0.347156	0.265185	0.219394	0.19309	0.194922	0.21559	0.23948	0.265724	0.284735	0.299107	0.296425	0.281417	0.261168	0.237998	0.219134	0.205118	0.203108	0.221199	0.261087	0.315442	0.376811	0.441843	0.503102	0.544042	0.566609	0.577796	0.580208	0.578956	0.576192	0.576192	
0.469992	0.528269	0.591482	0.64664	0.686698	0.709832	0.721759	0.735921	0.761727	0.791677	0.818564	0.838619	0.845151	0.854416	0.856618	0.84475	0.813934	0.756229	0.674837	0.577127	0.469051	0.369781	0.296968	0.246364	0.214974	0.196206	0.182705	0.184287	0.19665	0.204777	0.203822	0.19202	0.186367	0.188764	0.194067	0.202504	0.207222	0.222919	0.256015	0.293875	0.341088	0.39528	0.451712	0.496501	0.52153	0.535025	0.531225	0.518317	0.505853	0.505853	
0.621952	0.667022	0.708803	0.736736	0.742026	0.721759	0.685129	0.664404	0.674582	0.6979	0.725121	0.760366	0.79389	0.835638	0.870978	0.888138	0.879219	0.834391	0.769172	0.674785	0.564205	0.455993	0.364778	0.297022	0.237144	0.179263	0.12575	0.0961715	0.087573	0.0833381	0.0836164	0.0822805	0.09367	0.119081	0.151862	0.184466	0.201279	0.215368	0.240833	0.269528	0.302848	0.341986	0.384527	0.423565	0.45049	0.465833	0.460822	0.444047	0.428932	0.428932	
0.735639	0.76942	0.800836	0.814366	0.794869	0.735921	0.664404	0.619439	0.601511	0.605949	0.629319	0.672979	0.735554	0.804934	0.868761	0.906434	0.912337	0.883601	0.823865	0.740947	0.636124	0.524558	0.423002	0.330021	0.237207	0.139561	0.0533292	-0.00611674	-0.0391826	-0.0482765	-0.0431962	-0.0267505	0.00251887	0.0442844	0.104995	0.15954	0.187941	0.204425	0.222487	0.244691	0.265945	0.285473	0.308316	0.335246	0.360365	0.37753	0.37649	0.364157	0.35529	0.35529	
0.814169	0.842942	0.867765	0.873549	0.836175	0.761727	0.674582	0.601511	0.550939	0.525995	0.539665	0.592424	0.677344	0.767127	0.843376	0.898578	0.918451	0.905299	0.858411	0.785512	0.683862	0.570815	0.45444	0.332205	0.207783	0.0824383	-0.0290827	-0.117326	-0.170863	-0.185184	-0.164414	-0.124647	-0.0755687	-0.0122074	0.0679159	0.136261	0.174736	0.193309	0.209416	0.226837	0.233677	0.237449	0.237718	0.24533	0.263072	0.27376	0.274352	0.269694	0.269498	0.269498	
0.857482	0.889573	0.909764	0.908873	0.867343	0.791677	0.6979	0.605949	0.525995	0.477305	0.473481	0.52594	0.615948	0.712269	0.795999	0.862146	0.898554	0.905545	0.873702	0.805737	0.709483	0.589165	0.453499	0.301212	0.15306	0.00970184	-0.114848	-0.217955	-0.282566	-0.292063	-0.256325	-0.194651	-0.128961	-0.0465812	0.0429406	0.117512	0.162572	0.189719	0.207025	0.211008	0.207124	0.191372	0.174037	0.163721	0.163787	0.165735	0.158658	0.156816	0.163671	0.163671	
0.877034	0.914866	0.930129	0.926011	0.889331	0.818564	0.725121	0.629319	0.539665	0.473481	0.457919	0.497933	0.576462	0.658751	0.733642	0.7957	0.846333	0.871461	0.854933	0.796133	0.702005	0.572515	0.416357	0.244304	0.0782593	-0.0692196	-0.194687	-0.294053	-0.352283	-0.350919	-0.303866	-0.232423	-0.155932	-0.0680301	0.0235913	0.0988664	0.155034	0.196815	0.216087	0.208795	0.184297	0.153889	0.118381	0.0852285	0.0706813	0.0542387	0.0358003	0.032696	0.0410781	0.0410781	
0.854003	0.90164	0.922792	0.924394	0.89917	0.838619	0.760366	0.672979	0.592424	0.52594	0.497933	0.515129	0.564964	0.615927	0.661516	0.70827	0.761029	0.795201	0.791998	0.747471	0.655763	0.524997	0.361189	0.181468	0.0110365	-0.134402	-0.251211	-0.331629	-0.372666	-0.359794	-0.304396	-0.231069	-0.153516	-0.0697677	0.014912	0.0849554	0.141833	0.18893	0.202458	0.180946	0.145519	0.104993	0.0632057	0.0204326	-0.00740496	-0.0355028	-0.0676261	-0.0785211	-0.0711565	-0.0711565	
0.789886	0.850761	0.885628	0.897076	0.886543	0.845151	0.79389	0.735554	0.677344	0.615948	0.576462	0.564964	0.572547	0.585073	0.5963	0.620031	0.656306	0.686506	0.691628	0.65605	0.577204	0.462753	0.309417	0.140175	-0.0268165	-0.16821	-0.270862	-0.331079	-0.349953	-0.326261	-0.266729	-0.199535	-0.134782	-0.0660553	0.00454581	0.0678199	0.117122	0.159003	0.166135	0.135128	0.0937152	0.0483626	0.00132461	-0.0457029	-0.0774482	-0.108459	-0.140329	-0.151351	-0.142885	-0.142885	
0.687435	0.763383	0.812306	0.841231	0.857503	0.854416	0.835638	0.804934	0.767127	0.712269	0.658751	0.615927	0.585073	0.560761	0.535505	0.529277	0.542715	0.559792	0.565818	0.53931	0.4793	0.388681	0.259738	0.11312	-0.0382661	-0.163716	-0.247888	-0.289769	-0.2933	-0.263818	-0.208281	-0.154948	-0.108166	-0.0562134	0.00126736	0.0514753	0.0851507	0.109564	0.107478	0.0776206	0.0369588	-0.00532373	-0.0520309	-0.101463	-0.1346	-0.16392	-0.188736	-0.196472	-0.187727	-0.187727	
0.55857	0.643654	0.71408	0.773605	0.82576	0.856618	0.870978	0.868761	0.843376	0.795999	0.733642	0.661516	0.5963	0.535505	0.481475	0.447794	0.435052	0.436079	0.429256	0.404699	0.361769	0.30014	0.207428	0.0953748	-0.0205153	-0.122709	-0.189697	-0.221203	-0.217523	-0.186931	-0.145967	-0.107527	-0.0787613	-0.0444936	-0.00169171	0.0273289	0.0403709	0.0492208	0.0432417	0.0232845	-0.00759014	-0.0429872	-0.0869172	-0.140984	-0.179559	-0.206889	-0.222295	-0.223661	-0.217187	-0.217187	
0.424878	0.524448	0.614596	0.700826	0.779665	0.84475	0.888138	0.906434	0.898578	0.862146	0.7957	0.70827	0.620031	0.529277	0.447794	0.386229	0.342215	0.314708	0.287447	0.2623	0.235217	0.201811	0.154225	0.0883398	0.0185789	-0.0511942	-0.102855	-0.126374	-0.12367	-0.105926	-0.0896801	-0.0732209	-0.0562522	-0.0338619	-0.0105801	-0.00184903	-0.00674615	-0.0101991	-0.0158229	-0.0301772	-0.0515523	-0.0778236	-0.116759	-0.168451	-0.211879	-0.234513	-0.236976	-0.234154	-0.229266	-0.229266	
0.300084	0.413911	0.519505	0.623344	0.723158	0.813934	0.879219	0.912337	0.918451	0.898554	0.846333	0.761029	0.656306	0.542715	0.435052	0.342215	0.267009	0.213607	0.171128	0.140941	0.125151	0.115478	0.108872	0.094291	0.0713802	0.0360127	0.00274684	-0.0149503	-0.0193057	-0.028877	-0.0445139	-0.047949	-0.0386583	-0.0208224	-0.0167646	-0.0276254	-0.0440833	-0.0586673	-0.0700657	-0.0877296	-0.108137	-0.12716	-0.153539	-0.193658	-0.23091	-0.244434	-0.237438	-0.23018	-0.229575	-0.229575	
0.189878	0.309674	0.421274	0.536768	0.651946	0.756229	0.834391	0.883601	0.905299	0.905545	0.871461	0.795201	0.686506	0.559792	0.436079	0.314708	0.213607	0.138674	0.0828696	0.0492747	0.040249	0.0513513	0.0825288	0.108369	0.124564	0.124187	0.114251	0.108106	0.0931735	0.0577927	0.0094458	-0.0161065	-0.0145691	-0.00740687	-0.0196895	-0.0447025	-0.0692505	-0.0912082	-0.111482	-0.140329	-0.166387	-0.183859	-0.196986	-0.217829	-0.241523	-0.245965	-0.237899	-0.23135	-0.23728	-0.23728	
0.0980624	0.210197	0.315838	0.42974	0.553587	0.674837	0.769172	0.823865	0.858411	0.873702	0.854933	0.791998	0.691628	0.565818	0.429256	0.287447	0.171128	0.0828696	0.0184136	-0.0143539	-0.0187398	0.00987149	0.065024	0.119595	0.169041	0.207067	0.226971	0.23419	0.212586	0.155876	0.0837569	0.0302574	0.0160157	0.00747317	-0.0191562	-0.0535936	-0.0857221	-0.111501	-0.139468	-0.175903	-0.208881	-0.227518	-0.232083	-0.233471	-0.244087	-0.247909	-0.246563	-0.254441	-0.266618	-0.266618	
0.03129	0.120224	0.21043	0.319675	0.449643	0.577127	0.674785	0.740947	0.785512	0.805737	0.796133	0.747471	0.65605	0.53931	0.404699	0.2623	0.140941	0.0492747	-0.0143539	-0.0467623	-0.0425377	-0.00143855	0.0649737	0.137254	0.214832	0.283083	0.324744	0.337874	0.312942	0.246231	0.158792	0.082291	0.043216	0.0195205	-0.0199564	-0.0650686	-0.103752	-0.133354	-0.160304	-0.196164	-0.22889	-0.24793	-0.247908	-0.237617	-0.239983	-0.245768	-0.258647	-0.280529	-0.301442	-0.301442	
-0.00706754	0.0581926	0.131576	0.227377	0.347156	0.469051	0.564205	0.636124	0.683862	0.709483	0.702005	0.655763	0.577204	0.4793	0.361769	0.235217	0.125151	0.040249	-0.0187398	-0.0425377	-0.0277214	0.0215933	0.0978449	0.184596	0.278976	0.357275	0.401866	0.407578	0.376877	0.310773	0.216245	0.124576	0.0656068	0.0238184	-0.0290848	-0.0883985	-0.136658	-0.167645	-0.188417	-0.214447	-0.238724	-0.252251	-0.250003	-0.236398	-0.232918	-0.237122	-0.255524	-0.281952	-0.30658	-0.30658	
-0.00247285	0.0431005	0.095748	0.170526	0.265185	0.369781	0.455993	0.524558	0.570815	0.589165	0.572515	0.524997	0.462753	0.388681	0.30014	0.201811	0.115478	0.0513513	0.00987149	-0.00143855	0.0215933	0.0787346	0.16131	0.253683	0.349227	0.420225	0.453181	0.44883	0.412136	0.346623	0.252438	0.154569	0.0811501	0.0201468	-0.0472517	-0.121437	-0.176074	-0.204264	-0.217073	-0.227241	-0.237826	-0.239792	-0.237492	-0.228636	-0.226241	-0.230489	-0.244618	-0.269938	-0.290546	-0.290546	
0.0405534	0.0647721	0.0986195	0.149443	0.219394	0.296968	0.364778	0.423002	0.45444	0.453499	0.416357	0.361189	0.309417	0.259738	0.207428	0.154225	0.108872	0.0825288	0.065024	0.0649737	0.0978449	0.16131	0.245803	0.328915	0.40765	0.458437	0.479971	0.469611	0.43441	0.374341	0.286608	0.193103	0.102555	0.0198782	-0.0678851	-0.153334	-0.210222	-0.232994	-0.234834	-0.232322	-0.223969	-0.215749	-0.212106	-0.212969	-0.222459	-0.231189	-0.245893	-0.26551	-0.280683	-0.280683	
0.111951	0.120273	0.132113	0.155812	0.19309	0.246364	0.297022	0.330021	0.332205	0.301212	0.244304	0.181468	0.140175	0.11312	0.0953748	0.0883398	0.094291	0.108369	0.119595	0.137254	0.184596	0.253683	0.328915	0.395918	0.44811	0.48385	0.498917	0.490225	0.458954	0.405065	0.32869	0.236208	0.131741	0.0276036	-0.0768002	-0.167894	-0.221587	-0.242551	-0.238023	-0.225902	-0.21087	-0.192059	-0.187522	-0.198839	-0.218856	-0.240828	-0.259832	-0.273969	-0.284091	-0.284091	
0.195536	0.193196	0.186175	0.185043	0.194922	0.214974	0.237144	0.237207	0.207783	0.15306	0.0782593	0.0110365	-0.0268165	-0.0382661	-0.0205153	0.0185789	0.0713802	0.124564	0.169041	0.214832	0.278976	0.349227	0.40765	0.44811	0.474279	0.493656	0.501547	0.495976	0.473103	0.429224	0.361159	0.268885	0.15389	0.0350693	-0.0715077	-0.156384	-0.206203	-0.221662	-0.219074	-0.211405	-0.198214	-0.184212	-0.179694	-0.192699	-0.219296	-0.247538	-0.268241	-0.278938	-0.282144	-0.282144	
0.272483	0.269892	0.255023	0.233915	0.21559	0.196206	0.179263	0.139561	0.0824383	0.00970184	-0.0692196	-0.134402	-0.16821	-0.163716	-0.122709	-0.0511942	0.0360127	0.124187	0.207067	0.283083	0.357275	0.420225	0.458437	0.48385	0.493656	0.500213	0.497227	0.486987	0.468249	0.426721	0.366621	0.276797	0.163646	0.0503362	-0.0483721	-0.122479	-0.168484	-0.186838	-0.192318	-0.194038	-0.191717	-0.18552	-0.18291	-0.193609	-0.215254	-0.241565	-0.25871	-0.26651	-0.265992	-0.265992	
0.331513	0.334385	0.319821	0.287753	0.23948	0.182705	0.12575	0.0533292	-0.0290827	-0.114848	-0.194687	-0.251211	-0.270862	-0.247888	-0.189697	-0.102855	0.00274684	0.114251	0.226971	0.324744	0.401866	0.453181	0.479971	0.498917	0.501547	0.497227	0.48265	0.467844	0.445509	0.405321	0.348939	0.264344	0.162637	0.0624928	-0.0215216	-0.083046	-0.121829	-0.143753	-0.155974	-0.165424	-0.17391	-0.17762	-0.184523	-0.197139	-0.211093	-0.228013	-0.238304	-0.242602	-0.24285	-0.24285	
0.366011	0.372073	0.36012	0.324692	0.265724	0.184287	0.0961715	-0.00611674	-0.117326	-0.217955	-0.294053	-0.331629	-0.331079	-0.289769	-0.221203	-0.126374	-0.0149503	0.108106	0.23419	0.337874	0.407578	0.44883	0.469611	0.490225	0.495976	0.486987	0.467844	0.441246	0.410506	0.36805	0.316537	0.248612	0.167541	0.0854938	0.0190942	-0.0323415	-0.0719189	-0.100451	-0.125562	-0.143475	-0.154832	-0.168334	-0.185734	-0.201378	-0.209184	-0.210922	-0.210631	-0.210605	-0.210995	-0.210995	
0.370202	0.385897	0.379989	0.348357	0.284735	0.19665	0.087573	-0.0391826	-0.170863	-0.282566	-0.352283	-0.372666	-0.349953	-0.2933	-0.217523	-0.12367	-0.0193057	0.0931735	0.212586	0.312942	0.376877	0.412136	0.43441	0.458954	0.473103	0.468249	0.445509	0.410506	0.369989	0.329688	0.293097	0.247365	0.190345	0.130445	0.0795052	0.03281	-0.0113032	-0.0587489	-0.104932	-0.135373	-0.154894	-0.173575	-0.199243	-0.214618	-0.211355	-0.195495	-0.176112	-0.165527	-0.158732	-0.158732	
0.350761	0.374771	0.38112	0.359472	0.299107	0.204777	0.0833381	-0.0482765	-0.185184	-0.292063	-0.350919	-0.359794	-0.326261	-0.263818	-0.186931	-0.105926	-0.028877	0.0577927	0.155876	0.246231	0.310773	0.346623	0.374341	0.405065	0.429224	0.426721	0.405321	0.36805	0.329688	0.306376	0.288777	0.265509	0.227096	0.185153	0.146903	0.104065	0.0536685	-0.014255	-0.0833004	-0.133754	-0.165703	-0.190108	-0.216536	-0.226243	-0.209543	-0.177123	-0.142583	-0.113144	-0.0976972	-0.0976972	
0.305379	0.348543	0.369136	0.35486	0.296425	0.203822	0.0836164	-0.0431962	-0.164414	-0.256325	-0.303866	-0.304396	-0.266729	-0.208281	-0.145967	-0.0896801	-0.0445139	0.0094458	0.0837569	0.158792	0.216245	0.252438	0.286608	0.32869	0.361159	0.366621	0.348939	0.316537	0.293097	0.288777	0.290905	0.285796	0.26372	0.238121	0.212488	0.17244	0.114155	0.0287056	-0.0621741	-0.133744	-0.175669	-0.201568	-0.218749	-0.212161	-0.186795	-0.146491	-0.107778	-0.0725976	-0.0509219	-0.0509219	
0.25987	0.314499	0.345233	0.33675	0.281417	0.19202	0.0822805	-0.0267505	-0.124647	-0.194651	-0.232423	-0.231069	-0.199535	-0.154948	-0.107527	-0.0732209	-0.047949	-0.0161065	0.0302574	0.082291	0.124576	0.154569	0.193103	0.236208	0.268885	0.276797	0.264344	0.248612	0.247365	0.265509	0.285796	0.291032	0.28142	0.268856	0.254703	0.224918	0.169468	0.0804396	-0.0199361	-0.102524	-0.157334	-0.186005	-0.197793	-0.182896	-0.150825	-0.114595	-0.0789853	-0.050118	-0.0305341	-0.0305341	
0.214077	0.264553	0.301252	0.301951	0.261168	0.186367	0.09367	0.00251887	-0.0755687	-0.128961	-0.155932	-0.153516	-0.134782	-0.108166	-0.0787613	-0.0562522	-0.0386583	-0.0145691	0.0160157	0.043216	0.0656068	0.0811501	0.102555	0.131741	0.15389	0.163646	0.162637	0.167541	0.190345	0.227096	0.26372	0.28142	0.284306	0.286048	0.28265	0.262488	0.211983	0.123029	0.0243702	-0.0587829	-0.115206	-0.146768	-0.155457	-0.137161	-0.106385	-0.0749524	-0.0531444	-0.0386316	-0.032349	-0.032349	
0.15311	0.195916	0.237815	0.254844	0.237998	0.188764	0.119081	0.0442844	-0.0122074	-0.0465812	-0.0680301	-0.0697677	-0.0660553	-0.0562134	-0.0444936	-0.0338619	-0.0208224	-0.00740687	0.00747317	0.0195205	0.0238184	0.0201468	0.0198782	0.0276036	0.0350693	0.0503362	0.0624928	0.0854938	0.130445	0.185153	0.238121	0.268856	0.286048	0.293856	0.293715	0.277471	0.225586	0.14077	0.0543317	-0.0149014	-0.0617754	-0.0918635	-0.102761	-0.0864873	-0.0606032	-0.0347346	-0.0204972	-0.0209485	-0.0266565	-0.0266565	
0.0969636	0.128256	0.174876	0.210967	0.219134	0.194067	0.151862	0.104995	0.0679159	0.0429406	0.0235913	0.014912	0.00454581	0.00126736	-0.00169171	-0.0105801	-0.0167646	-0.0196895	-0.0191562	-0.0199564	-0.0290848	-0.0472517	-0.0678851	-0.0768002	-0.0715077	-0.0483721	-0.0215216	0.0190942	0.0795052	0.146903	0.212488	0.254703	0.28265	0.293715	0.292631	0.275285	0.224468	0.15021	0.0811122	0.0363656	0.0016458	-0.0271439	-0.0419502	-0.037009	-0.0212527	-0.00456205	0.00735723	0.000878663	-0.00950364	-0.00950364	
0.0630545	0.0930332	0.1438	0.185385	0.205118	0.202504	0.184466	0.15954	0.136261	0.117512	0.0988664	0.0849554	0.0678199	0.0514753	0.0273289	-0.00184903	-0.0276254	-0.0447025	-0.0535936	-0.0650686	-0.0883985	-0.121437	-0.153334	-0.167894	-0.156384	-0.122479	-0.083046	-0.0323415	0.03281	0.104065	0.17244	0.224918	0.262488	0.277471	0.275285	0.261534	0.223075	0.16938	0.128431	0.106837	0.0852817	0.0554615	0.0327433	0.0191229	0.0106016	0.0102892	0.0138803	0.0106677	0.000882463	0.000882463	
0.0594232	0.0956643	0.14342	0.182321	0.203108	0.207222	0.201279	0.187941	0.174736	0.162572	0.155034	0.141833	0.117122	0.0851507	0.0403709	-0.00674615	-0.0440833	-0.0692505	-0.0857221	-0.103752	-0.136658	-0.176074	-0.210222	-0.221587	-0.206203	-0.168484	-0.121829	-0.0719189	-0.0113032	0.0536685	0.114155	0.169468	0.211983	0.225586	0.224468	0.223075	0.211632	0.195245	0.189173	0.192111	0.181303	0.15263	0.12085	0.0858592	0.0487995	0.021318	0.0131429	0.0100966	0.00370118	0.00370118	
0.0867523	0.128513	0.172847	0.206509	0.221199	0.222919	0.215368	0.204425	0.193309	0.189719	0.196815	0.18893	0.159003	0.109564	0.0492208	-0.0101991	-0.0586673	-0.0912082	-0.111501	-0.133354	-0.167645	-0.204264	-0.232994	-0.242551	-0.221662	-0.186838	-0.143753	-0.100451	-0.0587489	-0.014255	0.0287056	0.0804396	0.123029	0.14077	0.15021	0.16938	0.195245	0.222875	0.248076	0.272927	0.273031	0.244189	0.208985	0.157686	0.0977875	0.0483435	0.0245397	0.0144694	0.00809846	0.00809846	
0.129368	0.183599	0.228956	0.253962	0.261087	0.256015	0.240833	0.222487	0.209416	0.207025	0.216087	0.202458	0.166135	0.107478	0.0432417	-0.0158229	-0.0700657	-0.111482	-0.139468	-0.160304	-0.188417	-0.217073	-0.234834	-0.238023	-0.219074	-0.192318	-0.155974	-0.125562	-0.104932	-0.0833004	-0.0621741	-0.0199361	0.0243702	0.0543317	0.0811122	0.128431	0.189173	0.248076	0.297207	0.331975	0.335419	0.30898	0.271127	0.213311	0.15083	0.0926626	0.0556739	0.0378328	0.0235975	0.0235975	
0.178364	0.255029	0.306628	0.325057	0.315442	0.293875	0.269528	0.244691	0.226837	0.211008	0.208795	0.180946	0.135128	0.0776206	0.0232845	-0.0301772	-0.0877296	-0.140329	-0.175903	-0.196164	-0.214447	-0.227241	-0.232322	-0.225902	-0.211405	-0.194038	-0.165424	-0.143475	-0.135373	-0.133754	-0.133744	-0.102524	-0.0587829	-0.0149014	0.0363656	0.106837	0.192111	0.272927	0.331975	0.367787	0.374118	0.347348	0.308847	0.256007	0.197706	0.141925	0.0964622	0.0633267	0.0426527	0.0426527	
0.226737	0.327424	0.387787	0.399089	0.376811	0.341088	0.302848	0.265945	0.233677	0.207124	0.184297	0.145519	0.0937152	0.0369588	-0.00759014	-0.0515523	-0.108137	-0.166387	-0.208881	-0.22889	-0.238724	-0.237826	-0.223969	-0.21087	-0.198214	-0.191717	-0.17391	-0.154832	-0.154894	-0.165703	-0.175669	-0.157334	-0.115206	-0.0617754	0.0016458	0.0852817	0.181303	0.273031	0.335419	0.374118	0.385373	0.369321	0.342029	0.297439	0.250954	0.195701	0.140404	0.095498	0.0681289	0.0681289	
0.268851	0.385115	0.457377	0.470041	0.441843	0.39528	0.341986	0.285473	0.237449	0.191372	0.153889	0.104993	0.0483626	-0.00532373	-0.0429872	-0.0778236	-0.12716	-0.183859	-0.227518	-0.24793	-0.252251	-0.239792	-0.215749	-0.192059	-0.184212	-0.18552	-0.17762	-0.168334	-0.173575	-0.190108	-0.201568	-0.186005	-0.146768	-0.0918635	-0.0271439	0.0554615	0.15263	0.244189	0.30898	0.347348	0.369321	0.375147	0.366212	0.340041	0.30417	0.252149	0.192975	0.146021	0.119981	0.119981	
0.314418	0.434705	0.509722	0.528661	0.503102	0.451712	0.384527	0.308316	0.237718	0.174037	0.118381	0.0632057	0.00132461	-0.0520309	-0.0869172	-0.116759	-0.153539	-0.196986	-0.232083	-0.247908	-0.250003	-0.237492	-0.212106	-0.187522	-0.179694	-0.18291	-0.184523	-0.185734	-0.199243	-0.216536	-0.218749	-0.197793	-0.155457	-0.102761	-0.0419502	0.0327433	0.12085	0.208985	0.271127	0.308847	0.342029	0.366212	0.375499	0.367076	0.340467	0.298428	0.24913	0.212198	0.198199	0.198199	
0.353575	0.471469	0.543126	0.562986	0.544042	0.496501	0.423565	0.335246	0.24533	0.163721	0.0852285	0.0204326	-0.0457029	-0.101463	-0.140984	-0.168451	-0.193658	-0.217829	-0.233471	-0.237617	-0.236398	-0.228636	-0.212969	-0.198839	-0.192699	-0.193609	-0.197139	-0.201378	-0.214618	-0.226243	-0.212161	-0.182896	-0.137161	-0.0864873	-0.037009	0.0191229	0.0858592	0.157686	0.213311	0.256007	0.297439	0.340041	0.367076	0.373437	0.365985	0.341369	0.311813	0.294264	0.291663	0.291663	
0.391359	0.503014	0.567088	0.58513	0.566609	0.52153	0.45049	0.360365	0.263072	0.163787	0.0706813	-0.00740496	-0.0774482	-0.1346	-0.179559	-0.211879	-0.23091	-0.241523	-0.244087	-0.239983	-0.232918	-0.226241	-0.222459	-0.218856	-0.219296	-0.215254	-0.211093	-0.209184	-0.211355	-0.209543	-0.186795	-0.150825	-0.106385	-0.0606032	-0.0212527	0.0106016	0.0487995	0.0977875	0.15083	0.197706	0.250954	0.30417	0.340467	0.365985	0.377154	0.381206	0.37829	0.379419	0.387457	0.387457	
0.428377	0.533764	0.581819	0.593323	0.577796	0.535025	0.465833	0.37753	0.27376	0.165735	0.0542387	-0.0355028	-0.108459	-0.16392	-0.206889	-0.234513	-0.244434	-0.245965	-0.247909	-0.245768	-0.237122	-0.230489	-0.231189	-0.240828	-0.247538	-0.241565	-0.228013	-0.210922	-0.195495	-0.177123	-0.146491	-0.114595	-0.0749524	-0.0347346	-0.00456205	0.0102892	0.021318	0.0483435	0.0926626	0.141925	0.195701	0.252149	0.298428	0.341369	0.381206	0.417202	0.444459	0.46537	0.480736	0.480736	
0.462496	0.5609	0.599889	0.603512	0.580208	0.531225	0.460822	0.37649	0.274352	0.158658	0.0358003	-0.0676261	-0.140329	-0.188736	-0.222295	-0.236976	-0.237438	-0.237899	-0.246563	-0.258647	-0.255524	-0.244618	-0.245893	-0.259832	-0.268241	-0.25871	-0.238304	-0.210631	-0.176112	-0.142583	-0.107778	-0.0789853	-0.0531444	-0.0204972	0.00735723	0.0138803	0.0131429	0.0245397	0.0556739	0.0964622	0.140404	0.192975	0.24913	0.311813	0.37829	0.444459	0.500152	0.540432	0.563855	0.563855	
0.492797	0.588845	0.616957	0.611148	0.578956	0.518317	0.444047	0.364157	0.269694	0.156816	0.032696	-0.0785211	-0.151351	-0.196472	-0.223661	-0.234154	-0.23018	-0.23135	-0.254441	-0.280529	-0.281952	-0.269938	-0.26551	-0.273969	-0.278938	-0.26651	-0.242602	-0.210605	-0.165527	-0.113144	-0.0725976	-0.050118	-0.0386316	-0.0209485	0.000878663	0.0106677	0.0100966	0.0144694	0.0378328	0.0633267	0.095498	0.146021	0.212198	0.294264	0.379419	0.46537	0.540432	0.5963	0.626747	0.626747	
0.508053	0.605697	0.631506	0.618825	0.576192	0.505853	0.428932	0.35529	0.269498	0.163671	0.0410781	-0.0711565	-0.142885	-0.187727	-0.217187	-0.229266	-0.229575	-0.23728	-0.266618	-0.301442	-0.30658	-0.290546	-0.280683	-0.284091	-0.282144	-0.265992	-0.24285	-0.210995	-0.158732	-0.0976972	-0.0509219	-0.0305341	-0.032349	-0.0266565	-0.00950364	0.000882463	0.00370118	0.00809846	0.0235975	0.0426527	0.0681289	0.119981	0.198199	0.291663	0.387457	0.480736	0.563855	0.626747	0.660898	0.660898	
0.508053	0.605697	0.631506	0.618825	0.576192	0.505853	0.428932	0.35529	0.269498	0.163671	0.0410781	-0.0711565	-0.142885	-0.187727	-0.217187	-0.229266	-0.229575	-0.23728	-0.266618	-0.301442	-0.30658	-0.290546	-0.280683	-0.284091	-0.282144	-0.265992	-0.24285	-0.210995	-0.158732	-0.0976972	-0.0509219	-0.0305341	-0.032349	-0.0266565	-0.00950364	0.000882463	0.00370118	0.00809846	0.0235975	0.0426527	0.0681289	0.119981	0.198199	0.291663	0.387457	0.480736	0.563855	0.626747	0.660898	0.660898	
