-1.87841	-1.87841	-1.79586	-1.63278	-1.39892	-1.10168	-0.74784	-0.361962	0.0179764	0.354432	0.630163	0.855721	1.04574	1.21481	1.35589	1.45696	1.51567	1.51448	1.43271	1.29891	1.13398	0.94887	0.791774	0.697165	0.655482	0.643815	0.657156	0.66678	0.646901	0.613176	0.548431	0.433867	0.294222	0.152938	0.0266868	-0.0473721	-0.074461	-0.0444325	0.0652085	0.241832	0.45612	0.67567	0.859975	0.975957	1.02467	1.01542	0.96339	0.895205	0.798922	0.652504	
-1.87841	-1.87841	-1.79586	-1.63278	-1.39892	-1.10168	-0.74784	-0.361962	0.0179764	0.354432	0.630163	0.855721	1.04574	1.21481	1.35589	1.45696	1.51567	1.51448	1.43271	1.29891	1.13398	0.94887	0.791774	0.697165	0.655482	0.643815	0.657156	0.66678	0.646901	0.613176	0.548431	0.433867	0.294222	0.152938	0.0266868	-0.0473721	-0.074461	-0.0444325	0.0652085	0.241832	0.45612	0.67567	0.859975	0.975957	1.02467	1.01542	0.96339	0.895205	0.798922	0.652504	
-1.79586	-1.79586	-1.71658	-1.55967	-1.33286	-1.0383	-0.695076	-0.32476	0.0391828	0.371863	0.643025	0.863322	1.04523	1.20153	1.33606	1.43851	1.48646	1.46901	1.38414	1.24598	1.07581	0.895734	0.73934	0.644907	0.610076	0.612064	0.634599	0.656912	0.650163	0.626081	0.567933	0.453501	0.312093	0.164095	0.0327905	-0.0524492	-0.08221	-0.0509587	0.0554009	0.223677	0.43547	0.658831	0.846986	0.966365	1.02043	1.01668	0.97581	0.914235	0.815554	0.663236	
-1.63278	-1.63278	-1.55967	-1.4157	-1.20197	-0.920757	-0.593041	-0.244959	0.0958604	0.410862	0.670829	0.874564	1.04322	1.1891	1.31789	1.40763	1.43047	1.38635	1.29427	1.15365	0.977475	0.794361	0.640318	0.552103	0.528547	0.550444	0.592396	0.636897	0.655481	0.649124	0.598391	0.486055	0.336269	0.171984	0.030109	-0.0696607	-0.106896	-0.07947	0.0204402	0.182881	0.396895	0.620713	0.807436	0.939267	1.01263	1.03055	1.00296	0.946158	0.844818	0.692371	
-1.39892	-1.39892	-1.33286	-1.20197	-1.00406	-0.7493	-0.448079	-0.125571	0.193307	0.480821	0.718635	0.902901	1.05774	1.19135	1.30427	1.37183	1.36809	1.30098	1.18791	1.0304	0.844231	0.6617	0.515003	0.431614	0.419661	0.462967	0.53352	0.602714	0.651759	0.668416	0.625429	0.510983	0.346543	0.165378	0.00572385	-0.110521	-0.162596	-0.13774	-0.0438753	0.112484	0.329055	0.557173	0.752016	0.906325	1.00591	1.05331	1.04298	0.992405	0.890422	0.744343	
-1.10168	-1.10168	-1.0383	-0.920757	-0.7493	-0.523781	-0.254652	0.0390889	0.329577	0.586071	0.790777	0.961529	1.10866	1.22556	1.3076	1.3466	1.3184	1.2279	1.08415	0.897956	0.698012	0.517063	0.373998	0.291518	0.289443	0.352986	0.450989	0.550666	0.626439	0.666374	0.633409	0.511496	0.331716	0.136865	-0.0471524	-0.184355	-0.251331	-0.231863	-0.134701	0.0263644	0.243945	0.482325	0.700975	0.881935	1.01478	1.08698	1.09749	1.0569	0.960457	0.820699	
-0.74784	-0.74784	-0.695076	-0.593041	-0.448079	-0.254652	-0.0207815	0.242297	0.498636	0.723913	0.901508	1.05698	1.18898	1.29408	1.35417	1.36052	1.29881	1.1746	0.993169	0.784005	0.570687	0.377024	0.226161	0.142548	0.143171	0.21878	0.341709	0.47338	0.575224	0.629326	0.604317	0.478983	0.289342	0.0784075	-0.128802	-0.282506	-0.358112	-0.339776	-0.229388	-0.0487439	0.176284	0.423351	0.668096	0.884471	1.05784	1.15411	1.17879	1.14282	1.05328	0.927455	
-0.361962	-0.361962	-0.32476	-0.244959	-0.125571	0.0390889	0.242297	0.465334	0.682365	0.881839	1.05105	1.19042	1.30076	1.3894	1.43954	1.41818	1.32363	1.15841	0.936465	0.696539	0.462373	0.243693	0.0773258	-0.00995726	-0.0134678	0.0676344	0.208423	0.363436	0.482136	0.54743	0.529314	0.408839	0.221777	0.000126146	-0.218857	-0.383842	-0.457681	-0.433549	-0.305235	-0.104033	0.137479	0.406839	0.684079	0.937106	1.14024	1.25539	1.28095	1.24672	1.17056	1.05507	
0.0179764	0.0179764	0.0391828	0.0958604	0.193307	0.329577	0.498636	0.682365	0.872184	1.054	1.21227	1.33872	1.43946	1.51769	1.55717	1.51564	1.38522	1.1794	0.918217	0.639116	0.372286	0.125831	-0.0635876	-0.161902	-0.171142	-0.0995952	0.0439589	0.210105	0.346918	0.430484	0.424682	0.313329	0.130107	-0.0938272	-0.309583	-0.465002	-0.530724	-0.491983	-0.347366	-0.126269	0.145893	0.448926	0.756444	1.03312	1.24358	1.36968	1.39638	1.36144	1.28741	1.17664	
0.354432	0.354432	0.371863	0.410862	0.480821	0.586071	0.723913	0.881839	1.054	1.22104	1.36533	1.48718	1.59727	1.67284	1.69175	1.62706	1.46597	1.22067	0.926804	0.611615	0.302684	0.0188014	-0.202876	-0.319979	-0.337026	-0.275207	-0.139008	0.0354413	0.185448	0.284223	0.296269	0.20382	0.0313895	-0.184185	-0.386422	-0.521157	-0.570503	-0.521852	-0.361737	-0.115298	0.191868	0.526917	0.85274	1.13387	1.34377	1.4674	1.49766	1.46063	1.37798	1.26428	
0.630163	0.630163	0.643025	0.670829	0.718635	0.790777	0.901508	1.05105	1.21227	1.36533	1.50551	1.63347	1.74874	1.82485	1.82838	1.74661	1.56269	1.28419	0.950269	0.597521	0.249448	-0.0643149	-0.312264	-0.458665	-0.493479	-0.434377	-0.299666	-0.126667	0.0299744	0.134943	0.164532	0.0984847	-0.054688	-0.251431	-0.437222	-0.55836	-0.592588	-0.525938	-0.354189	-0.0903376	0.242477	0.602099	0.939132	1.22016	1.42276	1.5335	1.5624	1.52403	1.43397	1.31697	
0.855721	0.855721	0.863322	0.874564	0.902901	0.961529	1.05698	1.19042	1.33872	1.48718	1.63347	1.77242	1.88779	1.95567	1.94975	1.85591	1.65297	1.3472	0.977102	0.586235	0.204547	-0.132091	-0.397572	-0.564249	-0.614449	-0.554274	-0.423506	-0.26156	-0.10159	0.0160198	0.0609605	0.0125636	-0.121889	-0.29829	-0.462862	-0.579292	-0.60866	-0.533304	-0.356497	-0.0815133	0.266174	0.640111	0.983961	1.26115	1.45028	1.54412	1.5654	1.53204	1.45179	1.33584	
1.04574	1.04574	1.04523	1.04322	1.05774	1.10866	1.18898	1.30076	1.43946	1.59727	1.74874	1.88779	1.99497	2.05827	2.04551	1.93535	1.70993	1.38977	0.999752	0.581033	0.173618	-0.183457	-0.458535	-0.628978	-0.682074	-0.628354	-0.50364	-0.346635	-0.181563	-0.0520772	-0.00123241	-0.0450544	-0.172221	-0.335018	-0.485498	-0.592738	-0.624816	-0.555415	-0.384014	-0.104861	0.249621	0.622392	0.963127	1.23243	1.40695	1.49356	1.51354	1.48509	1.41622	1.31505	
1.21481	1.21481	1.20153	1.1891	1.19135	1.22556	1.29408	1.3894	1.51769	1.67284	1.82485	1.95567	2.05827	2.11325	2.09107	1.9619	1.72623	1.40053	1.00742	0.575941	0.153924	-0.209926	-0.480345	-0.645516	-0.695907	-0.639805	-0.51379	-0.354605	-0.19632	-0.0744664	-0.0265891	-0.0681209	-0.184466	-0.342404	-0.502139	-0.618526	-0.65663	-0.598568	-0.434236	-0.167548	0.177786	0.543639	0.875761	1.13361	1.2994	1.38428	1.41126	1.39228	1.33674	1.25636	
1.35589	1.35589	1.33606	1.31789	1.30427	1.3076	1.35417	1.43954	1.55717	1.69175	1.82838	1.94975	2.04551	2.09107	2.06226	1.92607	1.68803	1.36126	0.970655	0.547475	0.13986	-0.212059	-0.4732	-0.628898	-0.666438	-0.598644	-0.465495	-0.307814	-0.160448	-0.053458	-0.014232	-0.0584615	-0.171384	-0.331308	-0.507551	-0.644876	-0.698484	-0.651965	-0.49954	-0.256346	0.0580948	0.403055	0.721396	0.971137	1.13344	1.21777	1.25094	1.24471	1.20954	1.15515	
1.45696	1.45696	1.43851	1.40763	1.37183	1.3466	1.36052	1.41818	1.51564	1.62706	1.74661	1.85591	1.93535	1.9619	1.92607	1.80028	1.57573	1.26215	0.887915	0.492403	0.109985	-0.223454	-0.471187	-0.59982	-0.610393	-0.52838	-0.394202	-0.24127	-0.0975416	0.000521193	0.028834	-0.0227969	-0.147184	-0.319002	-0.50003	-0.646657	-0.720757	-0.698104	-0.572967	-0.355342	-0.0785549	0.229777	0.521241	0.753428	0.908114	0.989308	1.02053	1.02838	1.02194	1.00335	
1.51567	1.51567	1.48646	1.43047	1.36809	1.3184	1.29881	1.32363	1.38522	1.46597	1.56269	1.65297	1.70993	1.72623	1.68803	1.57573	1.3765	1.09689	0.760852	0.400529	0.0493428	-0.252539	-0.467458	-0.563286	-0.549842	-0.46007	-0.318896	-0.158943	-0.0163055	0.0768431	0.095691	0.0344693	-0.104758	-0.290938	-0.475774	-0.622054	-0.705962	-0.708846	-0.622725	-0.443976	-0.204547	0.0614709	0.307883	0.502822	0.640742	0.719815	0.751186	0.765561	0.781297	0.797663	
1.51448	1.51448	1.46901	1.38635	1.30098	1.2279	1.1746	1.15841	1.1794	1.22067	1.28419	1.3472	1.38977	1.40053	1.36126	1.26215	1.09689	0.861047	0.572865	0.257888	-0.0518628	-0.307004	-0.480615	-0.551694	-0.521234	-0.413641	-0.256648	-0.0894948	0.0518286	0.140498	0.155353	0.0889612	-0.0521693	-0.237907	-0.420559	-0.571674	-0.666315	-0.685328	-0.630012	-0.498308	-0.30711	-0.0949561	0.0960217	0.247973	0.356786	0.428756	0.462652	0.476803	0.501512	0.544188	
1.43271	1.43271	1.38414	1.29427	1.18791	1.08415	0.993169	0.936465	0.918217	0.926804	0.950269	0.977102	0.999752	1.00742	0.970655	0.887915	0.760852	0.572865	0.331511	0.0708689	-0.181588	-0.392979	-0.532583	-0.579178	-0.530688	-0.403771	-0.232328	-0.0599781	0.0835123	0.170234	0.182552	0.11472	-0.0200822	-0.189037	-0.355439	-0.504526	-0.608652	-0.641505	-0.60301	-0.503909	-0.371253	-0.226269	-0.0900879	0.0186365	0.0898099	0.138037	0.169198	0.180341	0.207597	0.271049	
1.29891	1.29891	1.24598	1.15365	1.0304	0.897956	0.784005	0.696539	0.639116	0.611615	0.597521	0.586235	0.581033	0.575941	0.547475	0.492403	0.400529	0.257888	0.0708689	-0.131031	-0.335347	-0.508309	-0.611265	-0.629163	-0.56852	-0.434416	-0.255729	-0.0722244	0.079842	0.164258	0.1726	0.112884	-0.0132286	-0.164019	-0.312551	-0.444139	-0.53889	-0.57687	-0.554459	-0.477484	-0.391059	-0.31012	-0.232773	-0.168294	-0.134969	-0.1191	-0.106415	-0.0965243	-0.0632393	0.0161091	
1.13398	1.13398	1.07581	0.977475	0.844231	0.698012	0.570687	0.462373	0.372286	0.302684	0.249448	0.204547	0.173618	0.153924	0.13986	0.109985	0.0493428	-0.0518628	-0.181588	-0.335347	-0.495073	-0.626423	-0.695808	-0.697356	-0.632502	-0.497042	-0.3125	-0.120158	0.0360771	0.121324	0.1311	0.0801745	-0.0252945	-0.158732	-0.288077	-0.39913	-0.470115	-0.497804	-0.485218	-0.437501	-0.386019	-0.347229	-0.319216	-0.296974	-0.294253	-0.313469	-0.329338	-0.330316	-0.29543	-0.215396	
0.94887	0.94887	0.895734	0.794361	0.6617	0.517063	0.377024	0.243693	0.125831	0.0188014	-0.0643149	-0.132091	-0.183457	-0.209926	-0.212059	-0.223454	-0.252539	-0.307004	-0.392979	-0.508309	-0.626423	-0.714335	-0.766574	-0.768852	-0.697618	-0.556682	-0.380538	-0.194451	-0.035194	0.0537274	0.0698809	0.0331703	-0.0527349	-0.164447	-0.270039	-0.361682	-0.414993	-0.417269	-0.398241	-0.369488	-0.343492	-0.325517	-0.325012	-0.341567	-0.376703	-0.422753	-0.469456	-0.491606	-0.466402	-0.398122	
0.791774	0.791774	0.73934	0.640318	0.515003	0.373998	0.226161	0.0773258	-0.0635876	-0.202876	-0.312264	-0.397572	-0.458535	-0.480345	-0.4732	-0.471187	-0.467458	-0.480615	-0.532583	-0.611265	-0.695808	-0.766574	-0.819053	-0.820636	-0.742337	-0.606414	-0.447923	-0.270483	-0.109731	-0.0167373	0.00776343	-0.0151846	-0.0828604	-0.174391	-0.25585	-0.318363	-0.349725	-0.334513	-0.297964	-0.261321	-0.24178	-0.234839	-0.253217	-0.302282	-0.371745	-0.444563	-0.515742	-0.563395	-0.562973	-0.514561	
0.697165	0.697165	0.644907	0.552103	0.431614	0.291518	0.142548	-0.00995726	-0.161902	-0.319979	-0.458665	-0.564249	-0.628978	-0.645516	-0.628898	-0.59982	-0.563286	-0.551694	-0.579178	-0.629163	-0.697356	-0.768852	-0.820636	-0.819708	-0.751299	-0.63609	-0.492504	-0.325098	-0.171575	-0.072653	-0.0393143	-0.0519336	-0.102644	-0.172755	-0.232826	-0.265422	-0.266903	-0.236915	-0.18689	-0.129439	-0.0944749	-0.0896527	-0.116732	-0.17518	-0.268563	-0.374122	-0.473708	-0.551826	-0.5861	-0.56551	
0.655482	0.655482	0.610076	0.528547	0.419661	0.289443	0.143171	-0.0134678	-0.171142	-0.337026	-0.493479	-0.614449	-0.682074	-0.695907	-0.666438	-0.610393	-0.549842	-0.521234	-0.530688	-0.56852	-0.632502	-0.697618	-0.742337	-0.751299	-0.717528	-0.634169	-0.505882	-0.358513	-0.218759	-0.113859	-0.0685776	-0.0763832	-0.111849	-0.162405	-0.202704	-0.217899	-0.192658	-0.136037	-0.0692618	0.00483848	0.06248	0.0855009	0.0659702	0.00376176	-0.105996	-0.241948	-0.371466	-0.478002	-0.543362	-0.550789	
0.643815	0.643815	0.612064	0.550444	0.462967	0.352986	0.21878	0.0676344	-0.0995952	-0.275207	-0.434377	-0.554274	-0.628354	-0.639805	-0.598644	-0.52838	-0.46007	-0.413641	-0.403771	-0.434416	-0.497042	-0.556682	-0.606414	-0.63609	-0.634169	-0.585308	-0.486483	-0.362762	-0.244122	-0.147626	-0.0977294	-0.0940096	-0.11995	-0.152103	-0.173528	-0.172335	-0.131691	-0.0521665	0.0391609	0.132772	0.209248	0.255421	0.246939	0.175181	0.055392	-0.0909104	-0.242636	-0.36857	-0.453024	-0.489517	
0.657156	0.657156	0.634599	0.592396	0.53352	0.450989	0.341709	0.208423	0.0439589	-0.139008	-0.299666	-0.423506	-0.50364	-0.51379	-0.465495	-0.394202	-0.318896	-0.256648	-0.232328	-0.255729	-0.3125	-0.380538	-0.447923	-0.492504	-0.505882	-0.486483	-0.422946	-0.330197	-0.242307	-0.167859	-0.117889	-0.0963224	-0.10531	-0.125529	-0.131901	-0.117647	-0.0743107	0.0102064	0.124782	0.240184	0.328553	0.38596	0.384337	0.309936	0.183573	0.038615	-0.113777	-0.251919	-0.349165	-0.404211	
0.66678	0.66678	0.656912	0.636897	0.602714	0.550666	0.47338	0.363436	0.210105	0.0354413	-0.126667	-0.26156	-0.346635	-0.354605	-0.307814	-0.24127	-0.158943	-0.0894948	-0.0599781	-0.0722244	-0.120158	-0.194451	-0.270483	-0.325098	-0.358513	-0.362762	-0.330197	-0.27152	-0.209957	-0.150094	-0.0990527	-0.0670572	-0.0635013	-0.0792086	-0.083645	-0.070121	-0.0248195	0.0631499	0.184024	0.30766	0.402777	0.46362	0.473628	0.409004	0.28548	0.146337	0.00406032	-0.135458	-0.235558	-0.295375	
0.646901	0.646901	0.650163	0.655481	0.651759	0.626439	0.575224	0.482136	0.346918	0.185448	0.0299744	-0.10159	-0.181563	-0.19632	-0.160448	-0.0975416	-0.0163055	0.0518286	0.0835123	0.079842	0.0360771	-0.035194	-0.109731	-0.171575	-0.218759	-0.244122	-0.242307	-0.209957	-0.160945	-0.10474	-0.0522097	-0.0196802	-0.0180873	-0.031575	-0.0427597	-0.0355897	0.0100777	0.0994349	0.211632	0.330953	0.429474	0.497666	0.518194	0.474528	0.371784	0.245886	0.114118	-0.00962626	-0.107488	-0.176101	
0.613176	0.613176	0.626081	0.649124	0.668416	0.666374	0.629326	0.54743	0.430484	0.284223	0.134943	0.0160198	-0.0520772	-0.0744664	-0.053458	0.000521193	0.0768431	0.140498	0.170234	0.164258	0.121324	0.0537274	-0.0167373	-0.072653	-0.113859	-0.147626	-0.167859	-0.150094	-0.10474	-0.0498511	-0.00206875	0.0248979	0.0223157	0.00361483	-0.0114472	-0.0117736	0.0189253	0.0944424	0.198424	0.31069	0.416282	0.495425	0.526378	0.50844	0.443205	0.344885	0.23626	0.134164	0.0372093	-0.0494034	
0.548431	0.548431	0.567933	0.598391	0.625429	0.633409	0.604317	0.529314	0.424682	0.296269	0.164532	0.0609605	-0.00123241	-0.0265891	-0.014232	0.028834	0.095691	0.155353	0.182552	0.1726	0.1311	0.0698809	0.00776343	-0.0393143	-0.0685776	-0.0977294	-0.117889	-0.0990527	-0.0522097	-0.00206875	0.0372976	0.0537156	0.0426399	0.0154359	-0.00703783	-0.0215087	-0.00942245	0.0506872	0.145777	0.258023	0.371357	0.461944	0.509012	0.51677	0.488816	0.428613	0.350517	0.266714	0.175961	0.0812607	
0.433867	0.433867	0.453501	0.486055	0.510983	0.511496	0.478983	0.408839	0.313329	0.20382	0.0984847	0.0125636	-0.0450544	-0.0681209	-0.0584615	-0.0227969	0.0344693	0.0889612	0.11472	0.112884	0.0801745	0.0331703	-0.0151846	-0.0519336	-0.0763832	-0.0940096	-0.0963224	-0.0670572	-0.0196802	0.0248979	0.0537156	0.0559797	0.0347583	-0.000470511	-0.0364392	-0.0628024	-0.0634078	-0.0178175	0.066844	0.177907	0.29588	0.397861	0.471135	0.508296	0.511244	0.486065	0.435388	0.367757	0.283889	0.193135	
0.294222	0.294222	0.312093	0.336269	0.346543	0.331716	0.289342	0.221777	0.130107	0.0313895	-0.054688	-0.121889	-0.172221	-0.184466	-0.171384	-0.147184	-0.104758	-0.0521693	-0.0200822	-0.0132286	-0.0252945	-0.0527349	-0.0828604	-0.102644	-0.111849	-0.11995	-0.10531	-0.0635013	-0.0180873	0.0223157	0.0426399	0.0347583	0.00577946	-0.0348256	-0.0752153	-0.10255	-0.112158	-0.0881073	-0.0171041	0.085045	0.195593	0.305492	0.399552	0.460533	0.492462	0.504541	0.48627	0.433355	0.359783	0.273996	
0.152938	0.152938	0.164095	0.171984	0.165378	0.136865	0.0784075	0.000126146	-0.0938272	-0.184185	-0.251431	-0.29829	-0.335018	-0.342404	-0.331308	-0.319002	-0.290938	-0.237907	-0.189037	-0.164019	-0.158732	-0.164447	-0.174391	-0.172755	-0.162405	-0.152103	-0.125529	-0.0792086	-0.031575	0.00361483	0.0154359	-0.000470511	-0.0348256	-0.0768858	-0.106553	-0.128898	-0.147514	-0.139366	-0.0864062	-0.00389301	0.094647	0.202214	0.299567	0.369878	0.429423	0.478159	0.491014	0.463604	0.411979	0.334083	
0.0266868	0.0266868	0.0327905	0.030109	0.00572385	-0.0471524	-0.128802	-0.218857	-0.309583	-0.386422	-0.437222	-0.462862	-0.485498	-0.502139	-0.507551	-0.50003	-0.475774	-0.420559	-0.355439	-0.312551	-0.288077	-0.270039	-0.25585	-0.232826	-0.202704	-0.173528	-0.131901	-0.083645	-0.0427597	-0.0114472	-0.00703783	-0.0364392	-0.0752153	-0.106553	-0.133313	-0.159057	-0.180114	-0.181633	-0.148724	-0.0867936	-0.00227473	0.0970662	0.187342	0.262813	0.342602	0.412089	0.454641	0.46943	0.444654	0.374208	
-0.0473721	-0.0473721	-0.0524492	-0.0696607	-0.110521	-0.184355	-0.282506	-0.383842	-0.465002	-0.521157	-0.55836	-0.579292	-0.592738	-0.618526	-0.644876	-0.646657	-0.622054	-0.571674	-0.504526	-0.444139	-0.39913	-0.361682	-0.318363	-0.265422	-0.217899	-0.172335	-0.117647	-0.070121	-0.0355897	-0.0117736	-0.0215087	-0.0628024	-0.10255	-0.128898	-0.159057	-0.191241	-0.21561	-0.226985	-0.215198	-0.171265	-0.100447	-0.0189515	0.0594179	0.145442	0.23869	0.327577	0.403387	0.449947	0.444748	0.390003	
-0.074461	-0.074461	-0.08221	-0.106896	-0.162596	-0.251331	-0.358112	-0.457681	-0.530724	-0.570503	-0.592588	-0.60866	-0.624816	-0.65663	-0.698484	-0.720757	-0.705962	-0.666315	-0.608652	-0.53889	-0.470115	-0.414993	-0.349725	-0.266903	-0.192658	-0.131691	-0.0743107	-0.0248195	0.0100777	0.0189253	-0.00942245	-0.0634078	-0.112158	-0.147514	-0.180114	-0.21561	-0.248106	-0.27312	-0.274238	-0.24302	-0.192409	-0.132715	-0.0607341	0.0299145	0.134811	0.242903	0.343605	0.406018	0.41916	0.381916	
-0.0444325	-0.0444325	-0.0509587	-0.07947	-0.13774	-0.231863	-0.339776	-0.433549	-0.491983	-0.521852	-0.525938	-0.533304	-0.555415	-0.598568	-0.651965	-0.698104	-0.708846	-0.685328	-0.641505	-0.57687	-0.497804	-0.417269	-0.334513	-0.236915	-0.136037	-0.0521665	0.0102064	0.0631499	0.0994349	0.0944424	0.0506872	-0.0178175	-0.0881073	-0.139366	-0.181633	-0.226985	-0.27312	-0.300808	-0.30499	-0.29145	-0.266723	-0.219256	-0.150002	-0.0613897	0.04899	0.17258	0.28124	0.356023	0.38873	0.371453	
0.0652085	0.0652085	0.0554009	0.0204402	-0.0438753	-0.134701	-0.229388	-0.305235	-0.347366	-0.361737	-0.354189	-0.356497	-0.384014	-0.434236	-0.49954	-0.572967	-0.622725	-0.630012	-0.60301	-0.554459	-0.485218	-0.398241	-0.297964	-0.18689	-0.0692618	0.0391609	0.124782	0.184024	0.211632	0.198424	0.145777	0.066844	-0.0171041	-0.0864062	-0.148724	-0.215198	-0.274238	-0.30499	-0.31885	-0.3277	-0.318154	-0.274891	-0.208043	-0.114954	0.00523796	0.134889	0.245039	0.325173	0.373647	0.377393	
0.241832	0.241832	0.223677	0.182881	0.112484	0.0263644	-0.0487439	-0.104033	-0.126269	-0.115298	-0.0903376	-0.0815133	-0.104861	-0.167548	-0.256346	-0.355342	-0.443976	-0.498308	-0.503909	-0.477484	-0.437501	-0.369488	-0.261321	-0.129439	0.00483848	0.132772	0.240184	0.30766	0.330953	0.31069	0.258023	0.177907	0.085045	-0.00389301	-0.0867936	-0.171265	-0.24302	-0.29145	-0.3277	-0.343128	-0.332375	-0.293125	-0.220119	-0.1103	0.0218039	0.149377	0.261333	0.348162	0.404937	0.426198	
0.45612	0.45612	0.43547	0.396895	0.329055	0.243945	0.176284	0.137479	0.145893	0.191868	0.242477	0.266174	0.249621	0.177786	0.0580948	-0.0785549	-0.204547	-0.30711	-0.371253	-0.391059	-0.386019	-0.343492	-0.24178	-0.0944749	0.06248	0.209248	0.328553	0.402777	0.429474	0.416282	0.371357	0.29588	0.195593	0.094647	-0.00227473	-0.100447	-0.192409	-0.266723	-0.318154	-0.332375	-0.3173	-0.270371	-0.179877	-0.0535573	0.0783829	0.206088	0.327662	0.42528	0.48777	0.525928	
0.67567	0.67567	0.658831	0.620713	0.557173	0.482325	0.423351	0.406839	0.448926	0.526917	0.602099	0.640111	0.622392	0.543639	0.403055	0.229777	0.0614709	-0.0949561	-0.226269	-0.31012	-0.347229	-0.325517	-0.234839	-0.0896527	0.0855009	0.255421	0.38596	0.46362	0.497666	0.495425	0.461944	0.397861	0.305492	0.202214	0.0970662	-0.0189515	-0.132715	-0.219256	-0.274891	-0.293125	-0.270371	-0.202562	-0.0939736	0.0399816	0.17425	0.305756	0.433955	0.535945	0.608781	0.661389	
0.859975	0.859975	0.846986	0.807436	0.752016	0.700975	0.668096	0.684079	0.756444	0.85274	0.939132	0.983961	0.963127	0.875761	0.721396	0.521241	0.307883	0.0960217	-0.0900879	-0.232773	-0.319216	-0.325012	-0.253217	-0.116732	0.0659702	0.246939	0.384337	0.473628	0.518194	0.526378	0.509012	0.471135	0.399552	0.299567	0.187342	0.0594179	-0.0607341	-0.150002	-0.208043	-0.220119	-0.179877	-0.0939736	0.0207336	0.151833	0.289132	0.426116	0.552686	0.658125	0.742601	0.79992	
0.975957	0.975957	0.966365	0.939267	0.906325	0.881935	0.884471	0.937106	1.03312	1.13387	1.22016	1.26115	1.23243	1.13361	0.971137	0.753428	0.502822	0.247973	0.0186365	-0.168294	-0.296974	-0.341567	-0.302282	-0.17518	0.00376176	0.175181	0.309936	0.409004	0.474528	0.50844	0.51677	0.508296	0.460533	0.369878	0.262813	0.145442	0.0299145	-0.0613897	-0.114954	-0.1103	-0.0535573	0.0399816	0.151833	0.277794	0.410932	0.542794	0.66295	0.773593	0.864504	0.924841	
1.02467	1.02467	1.02043	1.01263	1.00591	1.01478	1.05784	1.14024	1.24358	1.34377	1.42276	1.45028	1.40695	1.2994	1.13344	0.908114	0.640742	0.356786	0.0898099	-0.134969	-0.294253	-0.376703	-0.371745	-0.268563	-0.105996	0.055392	0.183573	0.28548	0.371784	0.443205	0.488816	0.511244	0.492462	0.429423	0.342602	0.23869	0.134811	0.04899	0.00523796	0.0218039	0.0783829	0.17425	0.289132	0.410932	0.530489	0.644881	0.757551	0.869061	0.968103	1.02983	
1.01542	1.01542	1.01668	1.03055	1.05331	1.08698	1.15411	1.25539	1.36968	1.4674	1.5335	1.54412	1.49356	1.38428	1.21777	0.989308	0.719815	0.428756	0.138037	-0.1191	-0.313469	-0.422753	-0.444563	-0.374122	-0.241948	-0.0909104	0.038615	0.146337	0.245886	0.344885	0.428613	0.486065	0.504541	0.478159	0.412089	0.327577	0.242903	0.17258	0.134889	0.149377	0.206088	0.305756	0.426116	0.542794	0.644881	0.746816	0.855698	0.963419	1.05286	1.10957	
0.96339	0.96339	0.97581	1.00296	1.04298	1.09749	1.17879	1.28095	1.39638	1.49766	1.5624	1.5654	1.51354	1.41126	1.25094	1.02053	0.751186	0.462652	0.169198	-0.106415	-0.329338	-0.469456	-0.515742	-0.473708	-0.371466	-0.242636	-0.113777	0.00406032	0.114118	0.23626	0.350517	0.435388	0.48627	0.491014	0.454641	0.403387	0.343605	0.28124	0.245039	0.261333	0.327662	0.433955	0.552686	0.66295	0.757551	0.855698	0.956225	1.04789	1.11808	1.16017	
0.895205	0.895205	0.914235	0.946158	0.992405	1.0569	1.14282	1.24672	1.36144	1.46063	1.52403	1.53204	1.48509	1.39228	1.24471	1.02838	0.765561	0.476803	0.180341	-0.0965243	-0.330316	-0.491606	-0.563395	-0.551826	-0.478002	-0.36857	-0.251919	-0.135458	-0.00962626	0.134164	0.266714	0.367757	0.433355	0.463604	0.46943	0.449947	0.406018	0.356023	0.325173	0.348162	0.42528	0.535945	0.658125	0.773593	0.869061	0.963419	1.04789	1.11612	1.16324	1.18333	
0.798922	0.798922	0.815554	0.844818	0.890422	0.960457	1.05328	1.17056	1.28741	1.37798	1.43397	1.45179	1.41622	1.33674	1.20954	1.02194	0.781297	0.501512	0.207597	-0.0632393	-0.29543	-0.466402	-0.562973	-0.5861	-0.543362	-0.453024	-0.349165	-0.235558	-0.107488	0.0372093	0.175961	0.283889	0.359783	0.411979	0.444654	0.444748	0.41916	0.38873	0.373647	0.404937	0.48777	0.608781	0.742601	0.864504	0.968103	1.05286	1.11808	1.16324	1.18391	1.18253	
0.652504	0.652504	0.663236	0.692371	0.744343	0.820699	0.927455	1.05507	1.17664	1.26428	1.31697	1.33584	1.31505	1.25636	1.15515	1.00335	0.797663	0.544188	0.271049	0.0161091	-0.215396	-0.398122	-0.514561	-0.56551	-0.550789	-0.489517	-0.404211	-0.295375	-0.176101	-0.0494034	0.0812607	0.193135	0.273996	0.334083	0.374208	0.390003	0.381916	0.371453	0.377393	0.426198	0.525928	0.661389	0.79992	0.924841	1.02983	1.10957	1.16017	1.18333	1.18253	1.16978	
