-0.639942	-0.663939	-0.631156	-0.539715	-0.403442	-0.244447	-0.0808361	0.0801399	0.204189	0.258898	0.249255	0.18479	0.0754996	-0.0431023	-0.152316	-0.249374	-0.31912	-0.352868	-0.361203	-0.350787	-0.312003	-0.242476	-0.139363	-0.00475203	0.140732	0.261099	0.3469	0.429961	0.516855	0.608649	0.711343	0.798685	0.864352	0.912089	0.925053	0.885718	0.791994	0.673149	0.543719	0.415165	0.316295	0.235122	0.152309	0.0735533	0.0014392	-0.0589232	-0.0966486	-0.106727	-0.101603	-0.101603	
-0.663939	-0.703089	-0.687106	-0.614399	-0.495915	-0.357166	-0.2117	-0.0576518	0.0716223	0.146993	0.163383	0.117235	0.0172744	-0.101007	-0.227512	-0.34391	-0.427222	-0.471421	-0.49311	-0.495614	-0.46981	-0.415071	-0.321494	-0.190301	-0.0275581	0.129443	0.254676	0.367026	0.474975	0.579657	0.678361	0.758795	0.813019	0.847484	0.856653	0.814325	0.726514	0.618599	0.499599	0.38629	0.296838	0.236488	0.194707	0.156723	0.131199	0.119093	0.113591	0.126754	0.148463	0.148463	
-0.631156	-0.687106	-0.684932	-0.636634	-0.544758	-0.429291	-0.293073	-0.149601	-0.0221092	0.0707963	0.112436	0.0794693	-0.0138882	-0.130866	-0.263058	-0.386997	-0.483142	-0.548074	-0.593671	-0.611155	-0.605436	-0.569021	-0.486307	-0.363514	-0.198159	-0.0242188	0.129898	0.269196	0.39985	0.511551	0.59909	0.668666	0.709184	0.723964	0.715578	0.676802	0.611967	0.522245	0.422214	0.334224	0.270108	0.239131	0.233953	0.241831	0.265673	0.299249	0.332242	0.366188	0.391412	0.391412	
-0.539715	-0.614399	-0.636634	-0.615055	-0.54882	-0.44879	-0.324114	-0.190401	-0.0610267	0.0423222	0.0930721	0.0651308	-0.0164695	-0.123341	-0.249452	-0.376383	-0.488339	-0.581783	-0.649993	-0.683807	-0.699746	-0.681948	-0.613571	-0.495442	-0.334459	-0.157237	0.00945155	0.157869	0.301219	0.417198	0.493014	0.540015	0.55562	0.547239	0.519886	0.484698	0.446597	0.39356	0.327205	0.268315	0.23645	0.231657	0.255352	0.305817	0.374674	0.458011	0.532255	0.581294	0.610349	0.610349	
-0.403442	-0.495915	-0.544758	-0.54882	-0.504678	-0.425697	-0.313715	-0.176425	-0.0433607	0.0531796	0.0978986	0.080837	0.0169923	-0.0783864	-0.195482	-0.321	-0.447929	-0.565887	-0.655464	-0.709275	-0.742144	-0.741802	-0.685947	-0.575528	-0.424924	-0.250747	-0.0826625	0.0670773	0.203804	0.311691	0.38203	0.40393	0.379516	0.336041	0.294923	0.266513	0.251001	0.240918	0.213192	0.182627	0.18567	0.212769	0.263295	0.344119	0.447524	0.568505	0.675676	0.739503	0.766269	0.766269	
-0.244447	-0.357166	-0.429291	-0.44879	-0.425697	-0.369699	-0.268007	-0.131348	-0.00648269	0.0789156	0.129555	0.134066	0.0857453	-0.00112814	-0.106879	-0.226436	-0.359716	-0.492351	-0.602996	-0.679717	-0.728953	-0.742163	-0.70296	-0.609263	-0.471966	-0.308649	-0.139606	0.0147258	0.136147	0.220894	0.272777	0.274385	0.218096	0.138886	0.083669	0.0582822	0.0533406	0.0687411	0.0791292	0.0824582	0.110512	0.174432	0.260741	0.35844	0.479928	0.615478	0.729818	0.800925	0.825377	0.825377	
-0.0808361	-0.2117	-0.293073	-0.324114	-0.313715	-0.268007	-0.181881	-0.0687836	0.0379219	0.122185	0.186017	0.207485	0.173974	0.100583	0.00447298	-0.111749	-0.245263	-0.378874	-0.500463	-0.594334	-0.655889	-0.682793	-0.66482	-0.591983	-0.467812	-0.313734	-0.151357	-0.00526773	0.0977483	0.15212	0.170831	0.150766	0.0838479	-0.00443254	-0.0731334	-0.109361	-0.114064	-0.0918104	-0.0606947	-0.0260873	0.0283966	0.119915	0.22901	0.334689	0.45463	0.579342	0.684208	0.752904	0.773046	0.773046	
0.0801399	-0.0576518	-0.149601	-0.190401	-0.176425	-0.131348	-0.0687836	0.0143899	0.109176	0.193931	0.258834	0.286312	0.2725	0.218946	0.131713	0.0152136	-0.113914	-0.241918	-0.363685	-0.461918	-0.534575	-0.5746	-0.575424	-0.521205	-0.407415	-0.262466	-0.117805	-0.000474907	0.0756877	0.107153	0.0986209	0.0541631	-0.017427	-0.0941805	-0.166431	-0.225871	-0.243296	-0.216185	-0.172633	-0.118004	-0.0463968	0.0488478	0.159527	0.260911	0.358676	0.458153	0.541292	0.594986	0.616116	0.616116	
0.204189	0.0716223	-0.0221092	-0.0610267	-0.0433607	-0.00648269	0.0379219	0.109176	0.2016	0.287002	0.34779	0.375659	0.376624	0.343185	0.2699	0.166557	0.0499243	-0.0751616	-0.196054	-0.298359	-0.379398	-0.429073	-0.44036	-0.399626	-0.306969	-0.180752	-0.0611954	0.0226172	0.076719	0.0954352	0.0705617	0.00748193	-0.073583	-0.147691	-0.216815	-0.288188	-0.325456	-0.303901	-0.25439	-0.190374	-0.110343	-0.0254114	0.0595403	0.136485	0.205735	0.269164	0.31763	0.348675	0.363412	0.363412	
0.258898	0.146993	0.0707963	0.0423222	0.0531796	0.0789156	0.122185	0.193931	0.287002	0.379057	0.443718	0.472534	0.480665	0.458254	0.405324	0.332519	0.239856	0.121092	-0.00405681	-0.110669	-0.195165	-0.246134	-0.25691	-0.231623	-0.172125	-0.0799011	0.00944887	0.0670297	0.101331	0.107131	0.068558	-0.00587656	-0.0902796	-0.16754	-0.235647	-0.303302	-0.35027	-0.349508	-0.31563	-0.259347	-0.187029	-0.115771	-0.0560142	-0.0124687	0.0185803	0.0366058	0.0454023	0.0501772	0.0472497	0.0472497	
0.249255	0.163383	0.112436	0.0930721	0.0978986	0.129555	0.186017	0.258834	0.34779	0.443718	0.516682	0.556481	0.569321	0.552368	0.521692	0.483892	0.421046	0.318656	0.206003	0.106828	0.0263201	-0.0227963	-0.0369101	-0.0250302	-0.000151045	0.0459955	0.0998707	0.129501	0.134095	0.117779	0.0699238	-0.000585903	-0.0740555	-0.15214	-0.22944	-0.295827	-0.345135	-0.368305	-0.361422	-0.326666	-0.27687	-0.225607	-0.191311	-0.180459	-0.18282	-0.204994	-0.236059	-0.258416	-0.2764	-0.2764	
0.18479	0.117235	0.0794693	0.0651308	0.080837	0.134066	0.207485	0.286312	0.375659	0.472534	0.556481	0.612027	0.635675	0.634286	0.631469	0.619683	0.575906	0.503339	0.424157	0.34615	0.273347	0.215541	0.186644	0.187089	0.19248	0.198162	0.205914	0.200747	0.173537	0.132382	0.0810718	0.0215364	-0.0446438	-0.12626	-0.217058	-0.297626	-0.351937	-0.38246	-0.395289	-0.385694	-0.363831	-0.342881	-0.336905	-0.356943	-0.395143	-0.443459	-0.489487	-0.526343	-0.553899	-0.553899	
0.0754996	0.0172744	-0.0138882	-0.0164695	0.0169923	0.0857453	0.173974	0.2725	0.376624	0.480665	0.569321	0.635675	0.678345	0.705478	0.72784	0.728674	0.708145	0.676047	0.63576	0.580932	0.520119	0.461667	0.412536	0.390851	0.381023	0.357213	0.315556	0.261618	0.201487	0.146548	0.0970382	0.040749	-0.0309345	-0.119819	-0.216003	-0.303117	-0.364956	-0.404327	-0.430052	-0.443518	-0.452788	-0.460806	-0.478052	-0.520997	-0.583779	-0.647668	-0.698041	-0.73384	-0.756332	-0.756332	
-0.0431023	-0.101007	-0.130866	-0.123341	-0.0783864	-0.00112814	0.100583	0.218946	0.343185	0.458254	0.552368	0.634286	0.705478	0.757053	0.789352	0.813697	0.838101	0.85193	0.841229	0.803042	0.761505	0.713787	0.650495	0.588648	0.53611	0.482973	0.405238	0.300739	0.200449	0.131911	0.0823166	0.0253772	-0.0500449	-0.141461	-0.23249	-0.313444	-0.377912	-0.424846	-0.465261	-0.506072	-0.542552	-0.570683	-0.60313	-0.653046	-0.719761	-0.787276	-0.837574	-0.87318	-0.896501	-0.896501	
-0.152316	-0.227512	-0.263058	-0.249452	-0.195482	-0.106879	0.00447298	0.131713	0.2699	0.405324	0.521692	0.631469	0.72784	0.789352	0.837902	0.903478	0.976911	1.02635	1.04242	1.03056	1.00257	0.955001	0.879438	0.775913	0.661177	0.556132	0.445697	0.308433	0.169205	0.0715539	0.00715897	-0.0531315	-0.118181	-0.192323	-0.271986	-0.344239	-0.402899	-0.454085	-0.499937	-0.5474	-0.600432	-0.647884	-0.691955	-0.744108	-0.808016	-0.870204	-0.913712	-0.94279	-0.960959	-0.960959	
-0.249374	-0.34391	-0.386997	-0.376383	-0.321	-0.226436	-0.111749	0.0152136	0.166557	0.332519	0.483892	0.619683	0.728674	0.813697	0.903478	1.0127	1.11636	1.19475	1.25326	1.2765	1.2542	1.18485	1.0794	0.940421	0.769307	0.593174	0.428723	0.264136	0.101308	-0.0299289	-0.127613	-0.200525	-0.249122	-0.294563	-0.349525	-0.399405	-0.441093	-0.483251	-0.522666	-0.565746	-0.61797	-0.675808	-0.738337	-0.796284	-0.849731	-0.897729	-0.929768	-0.947153	-0.953648	-0.953648	
-0.31912	-0.427222	-0.483142	-0.488339	-0.447929	-0.359716	-0.245263	-0.113914	0.0499243	0.239856	0.421046	0.575906	0.708145	0.838101	0.976911	1.11636	1.24568	1.37002	1.47333	1.52353	1.50827	1.41887	1.26869	1.07717	0.855717	0.615291	0.38043	0.170209	-0.01791	-0.180535	-0.310242	-0.393676	-0.429909	-0.445426	-0.461215	-0.472367	-0.481775	-0.505623	-0.537603	-0.573903	-0.62327	-0.684634	-0.744045	-0.790756	-0.832462	-0.865622	-0.885111	-0.896991	-0.899278	-0.899278	
-0.352868	-0.471421	-0.548074	-0.581783	-0.565887	-0.492351	-0.378874	-0.241918	-0.0751616	0.121092	0.318656	0.503339	0.676047	0.85193	1.02635	1.19475	1.37002	1.54774	1.68507	1.74962	1.74207	1.64512	1.44932	1.18763	0.904192	0.610253	0.319853	0.0584887	-0.169225	-0.361281	-0.507192	-0.592548	-0.618137	-0.610956	-0.593939	-0.564942	-0.539391	-0.538685	-0.552258	-0.578588	-0.622424	-0.676662	-0.72386	-0.749045	-0.766838	-0.784657	-0.796317	-0.800745	-0.796292	-0.796292	
-0.361203	-0.49311	-0.593671	-0.649993	-0.655464	-0.602996	-0.500463	-0.363685	-0.196054	-0.00405681	0.206003	0.424157	0.63576	0.841229	1.04242	1.25326	1.47333	1.68507	1.84633	1.92842	1.92393	1.81253	1.58763	1.2749	0.927448	0.581161	0.255813	-0.0400962	-0.305935	-0.527148	-0.686102	-0.772882	-0.793802	-0.768205	-0.716649	-0.655337	-0.60689	-0.581783	-0.572976	-0.585946	-0.620794	-0.663422	-0.689767	-0.689667	-0.684282	-0.679389	-0.672866	-0.666818	-0.656975	-0.656975	
-0.350787	-0.495614	-0.611155	-0.683807	-0.709275	-0.679717	-0.594334	-0.461918	-0.298359	-0.110669	0.106828	0.34615	0.580932	0.803042	1.03056	1.2765	1.52353	1.74962	1.92842	2.03208	2.02587	1.89796	1.6595	1.3237	0.933564	0.543422	0.191509	-0.122057	-0.408103	-0.649109	-0.816914	-0.905972	-0.925208	-0.884224	-0.808931	-0.726385	-0.662904	-0.627068	-0.604145	-0.599042	-0.61823	-0.643523	-0.646	-0.622307	-0.596614	-0.572972	-0.547555	-0.523236	-0.502846	-0.502846	
-0.312003	-0.46981	-0.605436	-0.699746	-0.742144	-0.728953	-0.655889	-0.534575	-0.379398	-0.195165	0.0263201	0.273347	0.520119	0.761505	1.00257	1.2542	1.50827	1.74207	1.92393	2.02587	2.01839	1.89035	1.64612	1.30187	0.905198	0.506616	0.142845	-0.178886	-0.466059	-0.707615	-0.877392	-0.966286	-0.984072	-0.943559	-0.865505	-0.777434	-0.707949	-0.658637	-0.621002	-0.603419	-0.604234	-0.609431	-0.596616	-0.557801	-0.511743	-0.470163	-0.436059	-0.406905	-0.383362	-0.383362	
-0.242476	-0.415071	-0.569021	-0.681948	-0.741802	-0.742163	-0.682793	-0.5746	-0.429073	-0.246134	-0.0227963	0.215541	0.461667	0.713787	0.955001	1.18485	1.41887	1.64512	1.81253	1.89796	1.89035	1.7755	1.54229	1.21571	0.85003	0.47484	0.113974	-0.204453	-0.472779	-0.700233	-0.8671	-0.953562	-0.974107	-0.94329	-0.875649	-0.795118	-0.723907	-0.667629	-0.622549	-0.587614	-0.566752	-0.555851	-0.531944	-0.48924	-0.440968	-0.396024	-0.362381	-0.337193	-0.318545	-0.318545	
-0.139363	-0.321494	-0.486307	-0.613571	-0.685947	-0.70296	-0.66482	-0.575424	-0.44036	-0.25691	-0.0369101	0.186644	0.412536	0.650495	0.879438	1.0794	1.26869	1.44932	1.58763	1.6595	1.64612	1.54229	1.34679	1.07995	0.770691	0.43318	0.0987624	-0.188164	-0.422068	-0.627648	-0.78878	-0.880665	-0.908658	-0.88821	-0.837289	-0.771471	-0.70539	-0.646234	-0.594932	-0.547647	-0.506793	-0.480738	-0.460283	-0.430838	-0.391644	-0.357851	-0.335989	-0.315927	-0.300948	-0.300948	
-0.00475203	-0.190301	-0.363514	-0.495442	-0.575528	-0.609263	-0.591983	-0.521205	-0.399626	-0.231623	-0.0250302	0.187089	0.390851	0.588648	0.775913	0.940421	1.07717	1.18763	1.2749	1.3237	1.30187	1.21571	1.07995	0.89164	0.646177	0.367375	0.0979553	-0.136347	-0.336188	-0.51467	-0.657439	-0.744532	-0.781057	-0.778676	-0.747242	-0.703575	-0.655206	-0.599634	-0.543748	-0.487956	-0.43871	-0.40797	-0.392593	-0.382966	-0.365508	-0.347057	-0.338519	-0.330241	-0.323114	-0.323114	
0.140732	-0.0275581	-0.198159	-0.334459	-0.424924	-0.471966	-0.467812	-0.407415	-0.306969	-0.172125	-0.000151045	0.19248	0.381023	0.53611	0.661177	0.769307	0.855717	0.904192	0.927448	0.933564	0.905198	0.85003	0.770691	0.646177	0.470341	0.279163	0.0929599	-0.0877056	-0.249137	-0.38327	-0.482127	-0.54859	-0.594173	-0.617224	-0.615482	-0.599746	-0.571585	-0.528857	-0.48108	-0.431251	-0.386656	-0.354638	-0.339772	-0.342277	-0.345755	-0.350958	-0.358919	-0.361057	-0.364379	-0.364379	
0.261099	0.129443	-0.0242188	-0.157237	-0.250747	-0.308649	-0.313734	-0.262466	-0.180752	-0.0799011	0.0459955	0.198162	0.357213	0.482973	0.556132	0.593174	0.615291	0.610253	0.581161	0.543422	0.506616	0.47484	0.43318	0.367375	0.279163	0.18104	0.0661876	-0.0578316	-0.161409	-0.233023	-0.283106	-0.331955	-0.387136	-0.433981	-0.455827	-0.464782	-0.464485	-0.442876	-0.413924	-0.387398	-0.356843	-0.323559	-0.306667	-0.314873	-0.330166	-0.350394	-0.374927	-0.393516	-0.40713	-0.40713	
0.3469	0.254676	0.129898	0.00945155	-0.0826625	-0.139606	-0.151357	-0.117805	-0.0611954	0.00944887	0.0998707	0.205914	0.315556	0.405238	0.445697	0.428723	0.38043	0.319853	0.255813	0.191509	0.142845	0.113974	0.0987624	0.0979553	0.0929599	0.0661876	0.0166841	-0.0310904	-0.0578044	-0.0723722	-0.089574	-0.122998	-0.17947	-0.241905	-0.29061	-0.332639	-0.362039	-0.369358	-0.366231	-0.352699	-0.325561	-0.293627	-0.280033	-0.297321	-0.326931	-0.356461	-0.383771	-0.407097	-0.425198	-0.425198	
0.429961	0.367026	0.269196	0.157869	0.0670773	0.0147258	-0.00526773	-0.000474907	0.0226172	0.0670297	0.129501	0.200747	0.261618	0.300739	0.308433	0.264136	0.170209	0.0584887	-0.0400962	-0.122057	-0.178886	-0.204453	-0.188164	-0.136347	-0.0877056	-0.0578316	-0.0310904	0.00944728	0.0523209	0.0802662	0.0848186	0.059978	0.0096101	-0.0587875	-0.139406	-0.218679	-0.276492	-0.313481	-0.333173	-0.328469	-0.303144	-0.273075	-0.264769	-0.283761	-0.312758	-0.345251	-0.375734	-0.402416	-0.423884	-0.423884	
0.516855	0.474975	0.39985	0.301219	0.203804	0.136147	0.0977483	0.0756877	0.076719	0.101331	0.134095	0.173537	0.201487	0.200449	0.169205	0.101308	-0.01791	-0.169225	-0.305935	-0.408103	-0.466059	-0.472779	-0.422068	-0.336188	-0.249137	-0.161409	-0.0578044	0.0523209	0.146775	0.215313	0.235518	0.208929	0.15807	0.0825664	-0.0128011	-0.108544	-0.193457	-0.26516	-0.308874	-0.31668	-0.29845	-0.270359	-0.259794	-0.270903	-0.288228	-0.312602	-0.34517	-0.378487	-0.401111	-0.401111	
0.608649	0.579657	0.511551	0.417198	0.311691	0.220894	0.15212	0.107153	0.0954352	0.107131	0.117779	0.132382	0.146548	0.131911	0.0715539	-0.0299289	-0.180535	-0.361281	-0.527148	-0.649109	-0.707615	-0.700233	-0.627648	-0.51467	-0.38327	-0.233023	-0.0723722	0.0802662	0.215313	0.318183	0.351444	0.319956	0.260524	0.181523	0.0842184	-0.0212092	-0.124114	-0.211463	-0.269112	-0.292627	-0.285698	-0.269015	-0.264396	-0.267654	-0.276688	-0.291437	-0.306868	-0.324706	-0.338167	-0.338167	
0.711343	0.678361	0.59909	0.493014	0.38203	0.272777	0.170831	0.0986209	0.0705617	0.068558	0.0699238	0.0810718	0.0970382	0.0823166	0.00715897	-0.127613	-0.310242	-0.507192	-0.686102	-0.816914	-0.877392	-0.8671	-0.78878	-0.657439	-0.482127	-0.283106	-0.089574	0.0848186	0.235518	0.351444	0.4001	0.375693	0.318174	0.249176	0.156653	0.0442106	-0.0634226	-0.145172	-0.201046	-0.238255	-0.254156	-0.264075	-0.272658	-0.271569	-0.272886	-0.269474	-0.262243	-0.263769	-0.261858	-0.261858	
0.798685	0.758795	0.668666	0.540015	0.40393	0.274385	0.150766	0.0541631	0.00748193	-0.00587656	-0.000585903	0.0215364	0.040749	0.0253772	-0.0531315	-0.200525	-0.393676	-0.592548	-0.772882	-0.905972	-0.966286	-0.953562	-0.880665	-0.744532	-0.54859	-0.331955	-0.122998	0.059978	0.208929	0.319956	0.375693	0.371072	0.331014	0.274256	0.189121	0.0908833	0.00704526	-0.0614923	-0.118983	-0.169667	-0.210695	-0.240882	-0.254932	-0.255778	-0.256409	-0.24223	-0.22179	-0.214535	-0.206959	-0.206959	
0.864352	0.813019	0.709184	0.55562	0.379516	0.218096	0.0838479	-0.017427	-0.073583	-0.0902796	-0.0740555	-0.0446438	-0.0309345	-0.0500449	-0.118181	-0.249122	-0.429909	-0.618137	-0.793802	-0.925208	-0.984072	-0.974107	-0.908658	-0.781057	-0.594173	-0.387136	-0.17947	0.0096101	0.15807	0.260524	0.318174	0.331014	0.301145	0.243516	0.171289	0.108346	0.0637626	0.017955	-0.0329575	-0.0897499	-0.148689	-0.189313	-0.206184	-0.214112	-0.219278	-0.210623	-0.190608	-0.178798	-0.17841	-0.17841	
0.912089	0.847484	0.723964	0.547239	0.336041	0.138886	-0.00443254	-0.0941805	-0.147691	-0.16754	-0.15214	-0.12626	-0.119819	-0.141461	-0.192323	-0.294563	-0.445426	-0.610956	-0.768205	-0.884224	-0.943559	-0.94329	-0.88821	-0.778676	-0.617224	-0.433981	-0.241905	-0.0587875	0.0825664	0.181523	0.249176	0.274256	0.243516	0.177698	0.124368	0.103589	0.0932859	0.0741017	0.041891	-0.00820766	-0.0707248	-0.120949	-0.150582	-0.170268	-0.175638	-0.167179	-0.154177	-0.146321	-0.150346	-0.150346	
0.925053	0.856653	0.715578	0.519886	0.294923	0.083669	-0.0731334	-0.166431	-0.216815	-0.235647	-0.22944	-0.217058	-0.216003	-0.23249	-0.271986	-0.349525	-0.461215	-0.593939	-0.716649	-0.808931	-0.865505	-0.875649	-0.837289	-0.747242	-0.615482	-0.455827	-0.29061	-0.139406	-0.0128011	0.0842184	0.156653	0.189121	0.171289	0.124368	0.0935564	0.095807	0.106631	0.111637	0.0921237	0.0452163	-0.0108741	-0.0678407	-0.108785	-0.127148	-0.129675	-0.119561	-0.104918	-0.0965941	-0.0979192	-0.0979192	
0.885718	0.814325	0.676802	0.484698	0.266513	0.0582822	-0.109361	-0.225871	-0.288188	-0.303302	-0.295827	-0.297626	-0.303117	-0.313444	-0.344239	-0.399405	-0.472367	-0.564942	-0.655337	-0.726385	-0.777434	-0.795118	-0.771471	-0.703575	-0.599746	-0.464782	-0.332639	-0.218679	-0.108544	-0.0212092	0.0442106	0.0908833	0.108346	0.103589	0.095807	0.101626	0.114103	0.115303	0.0935763	0.0569081	0.0109014	-0.0427627	-0.073919	-0.0755158	-0.0708039	-0.0619177	-0.0478712	-0.034899	-0.0259631	-0.0259631	
0.791994	0.726514	0.611967	0.446597	0.251001	0.0533406	-0.114064	-0.243296	-0.325456	-0.35027	-0.345135	-0.351937	-0.364956	-0.377912	-0.402899	-0.441093	-0.481775	-0.539391	-0.60689	-0.662904	-0.707949	-0.723907	-0.70539	-0.655206	-0.571585	-0.464485	-0.362039	-0.276492	-0.193457	-0.124114	-0.0634226	0.00704526	0.0637626	0.0932859	0.106631	0.114103	0.11301	0.0884036	0.0567277	0.0315945	-0.0012287	-0.0275602	-0.0315943	-0.0194967	-0.000619883	0.00712467	0.0100591	0.0277633	0.0466949	0.0466949	
0.673149	0.618599	0.522245	0.39356	0.240918	0.0687411	-0.0918104	-0.216185	-0.303901	-0.349508	-0.368305	-0.38246	-0.404327	-0.424846	-0.454085	-0.483251	-0.505623	-0.538685	-0.581783	-0.627068	-0.658637	-0.667629	-0.646234	-0.599634	-0.528857	-0.442876	-0.369358	-0.313481	-0.26516	-0.211463	-0.145172	-0.0614923	0.017955	0.0741017	0.111637	0.115303	0.0884036	0.0514993	0.0197061	-0.00186189	-0.0188113	-0.013812	0.00983343	0.0352401	0.0608263	0.0660199	0.0658714	0.0909407	0.116063	0.116063	
0.543719	0.499599	0.422214	0.327205	0.213192	0.0791292	-0.0606947	-0.172633	-0.25439	-0.31563	-0.361422	-0.395289	-0.430052	-0.465261	-0.499937	-0.522666	-0.537603	-0.552258	-0.572976	-0.604145	-0.621002	-0.622549	-0.594932	-0.543748	-0.48108	-0.413924	-0.366231	-0.333173	-0.308874	-0.269112	-0.201046	-0.118983	-0.0329575	0.041891	0.0921237	0.0935763	0.0567277	0.0197061	-0.00808182	-0.0220617	-0.0181808	0.00501524	0.040917	0.0761565	0.103349	0.112496	0.118419	0.146252	0.177057	0.177057	
0.415165	0.38629	0.334224	0.268315	0.182627	0.0824582	-0.0260873	-0.118004	-0.190374	-0.259347	-0.326666	-0.385694	-0.443518	-0.506072	-0.5474	-0.565746	-0.573903	-0.578588	-0.585946	-0.599042	-0.603419	-0.587614	-0.547647	-0.487956	-0.431251	-0.387398	-0.352699	-0.328469	-0.31668	-0.292627	-0.238255	-0.169667	-0.0897499	-0.00820766	0.0452163	0.0569081	0.0315945	-0.00186189	-0.0220617	-0.0281371	-0.00553772	0.034925	0.0672257	0.101417	0.134338	0.150343	0.164912	0.19004	0.211401	0.211401	
0.316295	0.296838	0.270108	0.23645	0.18567	0.110512	0.0283966	-0.0463968	-0.110343	-0.187029	-0.27687	-0.363831	-0.452788	-0.542552	-0.600432	-0.61797	-0.62327	-0.622424	-0.620794	-0.61823	-0.604234	-0.566752	-0.506793	-0.43871	-0.386656	-0.356843	-0.325561	-0.303144	-0.29845	-0.285698	-0.254156	-0.210695	-0.148689	-0.0707248	-0.0108741	0.0109014	-0.0012287	-0.0188113	-0.0181808	-0.00553772	0.025204	0.0620717	0.0885761	0.119406	0.149423	0.175782	0.202778	0.217985	0.222945	0.222945	
0.235122	0.236488	0.239131	0.231657	0.212769	0.174432	0.119915	0.0488478	-0.0254114	-0.115771	-0.225607	-0.342881	-0.460806	-0.570683	-0.647884	-0.675808	-0.684634	-0.676662	-0.663422	-0.643523	-0.609431	-0.555851	-0.480738	-0.40797	-0.354638	-0.323559	-0.293627	-0.273075	-0.270359	-0.269015	-0.264075	-0.240882	-0.189313	-0.120949	-0.0678407	-0.0427627	-0.0275602	-0.013812	0.00501524	0.034925	0.0620717	0.07764	0.0986717	0.123776	0.15031	0.19678	0.229407	0.225958	0.223761	0.223761	
0.152309	0.194707	0.233953	0.255352	0.263295	0.260741	0.22901	0.159527	0.0595403	-0.0560142	-0.191311	-0.336905	-0.478052	-0.60313	-0.691955	-0.738337	-0.744045	-0.72386	-0.689767	-0.646	-0.596616	-0.531944	-0.460283	-0.392593	-0.339772	-0.306667	-0.280033	-0.264769	-0.259794	-0.264396	-0.272658	-0.254932	-0.206184	-0.150582	-0.108785	-0.073919	-0.0315943	0.00983343	0.040917	0.0672257	0.0885761	0.0986717	0.105731	0.115891	0.142084	0.19564	0.232886	0.229513	0.221779	0.221779	
0.0735533	0.156723	0.241831	0.305817	0.344119	0.35844	0.334689	0.260911	0.136485	-0.0124687	-0.180459	-0.356943	-0.520997	-0.653046	-0.744108	-0.796284	-0.790756	-0.749045	-0.689667	-0.622307	-0.557801	-0.48924	-0.430838	-0.382966	-0.342277	-0.314873	-0.297321	-0.283761	-0.270903	-0.267654	-0.271569	-0.255778	-0.214112	-0.170268	-0.127148	-0.0755158	-0.0194967	0.0352401	0.0761565	0.101417	0.119406	0.123776	0.115891	0.113527	0.13093	0.169993	0.211587	0.224353	0.211257	0.211257	
0.0014392	0.131199	0.265673	0.374674	0.447524	0.479928	0.45463	0.358676	0.205735	0.0185803	-0.18282	-0.395143	-0.583779	-0.719761	-0.808016	-0.849731	-0.832462	-0.766838	-0.684282	-0.596614	-0.511743	-0.440968	-0.391644	-0.365508	-0.345755	-0.330166	-0.326931	-0.312758	-0.288228	-0.276688	-0.272886	-0.256409	-0.219278	-0.175638	-0.129675	-0.0708039	-0.000619883	0.0608263	0.103349	0.134338	0.149423	0.15031	0.142084	0.13093	0.135402	0.152579	0.174843	0.185646	0.171763	0.171763	
-0.0589232	0.119093	0.299249	0.458011	0.568505	0.615478	0.579342	0.458153	0.269164	0.0366058	-0.204994	-0.443459	-0.647668	-0.787276	-0.870204	-0.897729	-0.865622	-0.784657	-0.679389	-0.572972	-0.470163	-0.396024	-0.357851	-0.347057	-0.350958	-0.350394	-0.356461	-0.345251	-0.312602	-0.291437	-0.269474	-0.24223	-0.210623	-0.167179	-0.119561	-0.0619177	0.00712467	0.0660199	0.112496	0.150343	0.175782	0.19678	0.19564	0.169993	0.152579	0.136866	0.124897	0.123483	0.113102	0.113102	
-0.0966486	0.113591	0.332242	0.532255	0.675676	0.729818	0.684208	0.541292	0.31763	0.0454023	-0.236059	-0.489487	-0.698041	-0.837574	-0.913712	-0.929768	-0.885111	-0.796317	-0.672866	-0.547555	-0.436059	-0.362381	-0.335989	-0.338519	-0.358919	-0.374927	-0.383771	-0.375734	-0.34517	-0.306868	-0.262243	-0.22179	-0.190608	-0.154177	-0.104918	-0.0478712	0.0100591	0.0658714	0.118419	0.164912	0.202778	0.229407	0.232886	0.211587	0.174843	0.124897	0.0831911	0.0637897	0.0526555	0.0526555	
-0.106727	0.126754	0.366188	0.581294	0.739503	0.800925	0.752904	0.594986	0.348675	0.0501772	-0.258416	-0.526343	-0.73384	-0.87318	-0.94279	-0.947153	-0.896991	-0.800745	-0.666818	-0.523236	-0.406905	-0.337193	-0.315927	-0.330241	-0.361057	-0.393516	-0.407097	-0.402416	-0.378487	-0.324706	-0.263769	-0.214535	-0.178798	-0.146321	-0.0965941	-0.034899	0.0277633	0.0909407	0.146252	0.19004	0.217985	0.225958	0.229513	0.224353	0.185646	0.123483	0.0637897	0.0253926	0.0152513	0.0152513	
-0.101603	0.148463	0.391412	0.610349	0.766269	0.825377	0.773046	0.616116	0.363412	0.0472497	-0.2764	-0.553899	-0.756332	-0.896501	-0.960959	-0.953648	-0.899278	-0.796292	-0.656975	-0.502846	-0.383362	-0.318545	-0.300948	-0.323114	-0.364379	-0.40713	-0.425198	-0.423884	-0.401111	-0.338167	-0.261858	-0.206959	-0.17841	-0.150346	-0.0979192	-0.0259631	0.0466949	0.116063	0.177057	0.211401	0.222945	0.223761	0.221779	0.211257	0.171763	0.113102	0.0526555	0.0152513	0.0177234	0.0177234	
-0.101603	0.148463	0.391412	0.610349	0.766269	0.825377	0.773046	0.616116	0.363412	0.0472497	-0.2764	-0.553899	-0.756332	-0.896501	-0.960959	-0.953648	-0.899278	-0.796292	-0.656975	-0.502846	-0.383362	-0.318545	-0.300948	-0.323114	-0.364379	-0.40713	-0.425198	-0.423884	-0.401111	-0.338167	-0.261858	-0.206959	-0.17841	-0.150346	-0.0979192	-0.0259631	0.0466949	0.116063	0.177057	0.211401	0.222945	0.223761	0.221779	0.211257	0.171763	0.113102	0.0526555	0.0152513	0.0177234	0.0177234	
