4.38453	4.38453	4.18219	3.80617	3.31977	2.78891	2.29061	1.87485	1.56938	1.3762	1.27486	1.2516	1.28456	1.36099	1.45192	1.52339	1.54128	1.49706	1.40308	1.29869	1.20683	1.13937	1.09596	1.06414	1.046	1.02349	0.982652	0.923794	0.863401	0.826372	0.821218	0.816555	0.803976	0.776572	0.754934	0.749003	0.751134	0.7572	0.767562	0.767964	0.7681	0.775802	0.799624	0.822204	0.835304	0.842195	0.867896	0.907164	0.941272	0.973412	
4.38453	4.38453	4.18219	3.80617	3.31977	2.78891	2.29061	1.87485	1.56938	1.3762	1.27486	1.2516	1.28456	1.36099	1.45192	1.52339	1.54128	1.49706	1.40308	1.29869	1.20683	1.13937	1.09596	1.06414	1.046	1.02349	0.982652	0.923794	0.863401	0.826372	0.821218	0.816555	0.803976	0.776572	0.754934	0.749003	0.751134	0.7572	0.767562	0.767964	0.7681	0.775802	0.799624	0.822204	0.835304	0.842195	0.867896	0.907164	0.941272	0.973412	
4.18219	4.18219	3.98246	3.60957	3.12948	2.60403	2.1124	1.70325	1.40332	1.21762	1.12274	1.10738	1.14896	1.23274	1.3326	1.41158	1.43841	1.40251	1.31756	1.22015	1.13452	1.07302	1.03283	1.00585	0.990427	0.969326	0.930124	0.873149	0.811148	0.774529	0.767149	0.75993	0.745501	0.717258	0.691706	0.682631	0.681459	0.684776	0.691409	0.688708	0.684947	0.691396	0.711972	0.730257	0.739621	0.746491	0.76986	0.805721	0.837085	0.869528	
3.80617	3.80617	3.60957	3.24712	2.77568	2.26497	1.7855	1.38873	1.10267	0.927194	0.846856	0.844136	0.898899	0.997382	1.10912	1.20304	1.2449	1.22598	1.15812	1.07633	1.00431	0.952034	0.921685	0.900271	0.88894	0.872369	0.836731	0.781433	0.725332	0.686352	0.674568	0.664849	0.645477	0.612303	0.584962	0.569748	0.562332	0.55916	0.558923	0.551617	0.544419	0.542487	0.5555	0.570459	0.577382	0.577779	0.595767	0.627411	0.657186	0.686239	
3.31977	3.31977	3.12948	2.77568	2.3194	1.82246	1.35878	0.976799	0.703473	0.54342	0.477683	0.492041	0.566138	0.681558	0.813756	0.925777	0.990023	0.992888	0.948951	0.887247	0.832494	0.797104	0.777761	0.770013	0.768282	0.758492	0.729598	0.682053	0.626341	0.589869	0.574384	0.560109	0.537376	0.502764	0.467998	0.445707	0.430331	0.419031	0.409813	0.394842	0.378285	0.37164	0.376214	0.380008	0.377105	0.376284	0.387753	0.410244	0.432068	0.460595	
2.78891	2.78891	2.60403	2.26497	1.82246	1.34596	0.898614	0.532805	0.274869	0.127009	0.0773192	0.106634	0.19703	0.33019	0.477761	0.609863	0.695306	0.7243	0.708101	0.67155	0.640894	0.623226	0.621476	0.62819	0.636932	0.638207	0.62019	0.581085	0.537625	0.504063	0.486174	0.471126	0.444272	0.406824	0.369654	0.339111	0.315277	0.296586	0.276351	0.253691	0.230514	0.212542	0.204241	0.20085	0.192916	0.182664	0.184605	0.19811	0.216116	0.238675	
2.29061	2.29061	2.1124	1.7855	1.35878	0.898614	0.466629	0.112502	-0.135314	-0.275298	-0.314861	-0.275162	-0.171061	-0.0256214	0.137589	0.284816	0.392513	0.445755	0.45719	0.447492	0.438457	0.442551	0.458478	0.483335	0.508265	0.524558	0.521061	0.498426	0.467466	0.442242	0.426077	0.411505	0.386196	0.350308	0.312222	0.277657	0.247562	0.217704	0.188854	0.158604	0.126859	0.100635	0.0819454	0.0650502	0.0452761	0.0313557	0.0244517	0.026405	0.0335838	0.053123	
1.87485	1.87485	1.70325	1.38873	0.976799	0.532805	0.112502	-0.231899	-0.476241	-0.613233	-0.650564	-0.607594	-0.498515	-0.34791	-0.179987	-0.0227511	0.0971392	0.170655	0.20672	0.218898	0.233555	0.256652	0.290178	0.334989	0.375431	0.40777	0.422486	0.418645	0.405895	0.39527	0.386647	0.379358	0.358353	0.331398	0.295509	0.257832	0.223852	0.193776	0.156839	0.120103	0.0810671	0.0472629	0.0158477	-0.0110241	-0.0376106	-0.0595274	-0.0768859	-0.0872731	-0.0860433	-0.0726507	
1.56938	1.56938	1.40332	1.10267	0.703473	0.274869	-0.135314	-0.476241	-0.719513	-0.863393	-0.90449	-0.867727	-0.762469	-0.616475	-0.45095	-0.295204	-0.168088	-0.0815428	-0.0287079	0.00440875	0.0339153	0.0717198	0.120034	0.178232	0.233088	0.282989	0.31659	0.334624	0.347963	0.354148	0.356799	0.359291	0.350629	0.333321	0.310432	0.28047	0.250517	0.213683	0.174659	0.1365	0.0966083	0.0558465	0.0158668	-0.0220091	-0.0578152	-0.0850736	-0.111332	-0.132583	-0.141675	-0.13405	
1.3762	1.3762	1.21762	0.927194	0.54342	0.127009	-0.275298	-0.613233	-0.863393	-1.01503	-1.06809	-1.04221	-0.946809	-0.811663	-0.657333	-0.508423	-0.385531	-0.294685	-0.231695	-0.190004	-0.150258	-0.103836	-0.048573	0.0215704	0.0878595	0.149724	0.199462	0.239407	0.27234	0.299492	0.319343	0.337661	0.344228	0.349454	0.340137	0.318544	0.295656	0.270167	0.235397	0.198627	0.157209	0.116717	0.0711678	0.0247805	-0.0172608	-0.0490886	-0.0837895	-0.117744	-0.135241	-0.133545	
1.27486	1.27486	1.12274	0.846856	0.477683	0.0773192	-0.314861	-0.650564	-0.90449	-1.06809	-1.13463	-1.12412	-1.04507	-0.926998	-0.790103	-0.657179	-0.54385	-0.45434	-0.389165	-0.340436	-0.298268	-0.251821	-0.196012	-0.126179	-0.0589083	0.0092299	0.0700336	0.126135	0.18362	0.230037	0.264609	0.296656	0.321572	0.345319	0.359376	0.359342	0.35377	0.335743	0.309701	0.28266	0.252291	0.215413	0.168965	0.118636	0.0741978	0.0387957	-0.00169809	-0.0444279	-0.0701467	-0.0766314	
1.2516	1.2516	1.10738	0.844136	0.492041	0.106634	-0.275162	-0.607594	-0.867727	-1.04221	-1.12412	-1.12959	-1.06638	-0.96634	-0.847026	-0.731835	-0.631265	-0.549118	-0.486363	-0.43923	-0.401213	-0.360808	-0.311734	-0.248117	-0.183595	-0.117638	-0.0546917	0.0105748	0.0796271	0.138541	0.186916	0.23162	0.274571	0.321491	0.357821	0.376579	0.389516	0.390805	0.384414	0.372414	0.354471	0.329405	0.29056	0.24228	0.198626	0.165683	0.122826	0.0731512	0.0391791	0.0268198	
1.28456	1.28456	1.14896	0.898899	0.566138	0.19703	-0.171061	-0.498515	-0.762469	-0.946809	-1.04507	-1.06638	-1.02358	-0.941769	-0.846102	-0.749509	-0.66649	-0.593133	-0.53429	-0.489799	-0.456843	-0.425333	-0.389459	-0.339106	-0.287815	-0.233428	-0.176449	-0.109732	-0.034991	0.0324357	0.0862614	0.136543	0.188182	0.252281	0.309133	0.351695	0.385395	0.408449	0.421503	0.429507	0.433897	0.428694	0.405031	0.366223	0.333393	0.306284	0.269034	0.218943	0.183379	0.166256	
1.36099	1.36099	1.23274	0.997382	0.681558	0.33019	-0.0256214	-0.34791	-0.616475	-0.811663	-0.926998	-0.96634	-0.941769	-0.882278	-0.804039	-0.73103	-0.661835	-0.599715	-0.547211	-0.505853	-0.479679	-0.460973	-0.437042	-0.404567	-0.368403	-0.328889	-0.283443	-0.225409	-0.152552	-0.0872424	-0.0349516	0.0118085	0.0700151	0.141121	0.212017	0.272358	0.325652	0.365565	0.400529	0.433108	0.46256	0.4819	0.479002	0.460282	0.442638	0.432398	0.40686	0.365837	0.33273	0.317008	
1.45192	1.45192	1.3326	1.10912	0.813756	0.477761	0.137589	-0.179987	-0.45095	-0.657333	-0.790103	-0.847026	-0.846102	-0.804039	-0.75244	-0.697271	-0.647328	-0.597215	-0.548942	-0.511845	-0.491455	-0.479896	-0.471782	-0.455347	-0.435251	-0.414581	-0.384923	-0.336327	-0.273823	-0.214556	-0.170057	-0.130492	-0.080929	-0.00853482	0.0691505	0.138281	0.198301	0.256164	0.311112	0.36197	0.414255	0.459371	0.48471	0.489011	0.496462	0.506045	0.503117	0.479082	0.458863	0.452545	
1.52339	1.52339	1.41158	1.20304	0.925777	0.609863	0.284816	-0.0227511	-0.295204	-0.508423	-0.657179	-0.731835	-0.749509	-0.73103	-0.697271	-0.666388	-0.631659	-0.593631	-0.550963	-0.516015	-0.496572	-0.494792	-0.495377	-0.49566	-0.492328	-0.488948	-0.474063	-0.439865	-0.386857	-0.334948	-0.301345	-0.276989	-0.237545	-0.175721	-0.10455	-0.0319888	0.0347779	0.0970763	0.155477	0.221432	0.292971	0.361749	0.408673	0.440768	0.471416	0.507768	0.531012	0.533606	0.533102	0.542926	
1.54128	1.54128	1.43841	1.2449	0.990023	0.695306	0.392513	0.0971392	-0.168088	-0.385531	-0.54385	-0.631265	-0.66649	-0.661835	-0.647328	-0.631659	-0.610671	-0.583459	-0.543546	-0.510005	-0.493339	-0.494256	-0.506327	-0.518883	-0.52868	-0.540631	-0.539482	-0.517138	-0.476813	-0.435095	-0.414397	-0.40222	-0.377978	-0.330242	-0.265335	-0.200528	-0.14593	-0.0863919	-0.0233303	0.0459503	0.123736	0.203803	0.269122	0.321819	0.375892	0.435647	0.48583	0.516596	0.541009	0.574873	
1.49706	1.49706	1.40251	1.22598	0.992888	0.7243	0.445755	0.170655	-0.0815428	-0.294685	-0.45434	-0.549118	-0.593133	-0.599715	-0.597215	-0.593631	-0.583459	-0.562527	-0.52357	-0.487551	-0.465926	-0.467754	-0.483753	-0.507476	-0.531124	-0.558068	-0.571625	-0.562463	-0.532316	-0.498197	-0.486197	-0.486391	-0.479402	-0.449025	-0.400292	-0.346868	-0.298179	-0.246077	-0.197339	-0.135615	-0.0592744	0.0232705	0.0962133	0.162828	0.229383	0.304434	0.37791	0.437439	0.487926	0.546048	
1.40308	1.40308	1.31756	1.15812	0.948951	0.708101	0.45719	0.20672	-0.0287079	-0.231695	-0.389165	-0.486363	-0.53429	-0.547211	-0.548942	-0.550963	-0.543546	-0.52357	-0.48048	-0.438775	-0.409776	-0.408067	-0.42688	-0.45696	-0.490988	-0.529845	-0.553931	-0.556934	-0.539914	-0.514826	-0.514778	-0.526497	-0.532755	-0.517711	-0.482624	-0.440753	-0.408351	-0.370816	-0.33456	-0.28135	-0.21666	-0.141018	-0.0731811	-0.00481648	0.0664713	0.151788	0.237604	0.315227	0.387906	0.470671	
1.29869	1.29869	1.22015	1.07633	0.887247	0.67155	0.447492	0.218898	0.00440875	-0.190004	-0.340436	-0.43923	-0.489799	-0.505853	-0.511845	-0.516015	-0.510005	-0.487551	-0.438775	-0.384002	-0.343189	-0.32819	-0.341499	-0.371987	-0.413074	-0.460103	-0.496277	-0.511535	-0.503871	-0.489237	-0.496779	-0.516091	-0.536989	-0.541881	-0.520709	-0.494943	-0.471772	-0.446915	-0.423465	-0.387844	-0.337129	-0.278346	-0.217516	-0.152482	-0.0853481	-0.00634869	0.0811999	0.172708	0.261046	0.361242	
1.20683	1.20683	1.13452	1.00431	0.832494	0.640894	0.438457	0.233555	0.0339153	-0.150258	-0.298268	-0.401213	-0.456843	-0.479679	-0.491455	-0.496572	-0.493339	-0.465926	-0.409776	-0.343189	-0.28412	-0.254401	-0.255386	-0.279608	-0.320001	-0.369616	-0.409284	-0.431505	-0.432927	-0.427203	-0.441621	-0.469992	-0.503955	-0.521002	-0.517387	-0.506484	-0.495011	-0.482471	-0.475617	-0.452987	-0.417212	-0.37172	-0.324766	-0.273492	-0.215914	-0.144467	-0.0611673	0.0268535	0.122191	0.231768	
1.13937	1.13937	1.07302	0.952034	0.797104	0.623226	0.442551	0.256652	0.0717198	-0.103836	-0.251821	-0.360808	-0.425333	-0.460973	-0.479896	-0.494792	-0.494256	-0.467754	-0.408067	-0.32819	-0.254401	-0.203921	-0.188303	-0.20061	-0.234387	-0.279493	-0.318637	-0.341095	-0.345424	-0.343128	-0.36037	-0.392318	-0.433465	-0.466676	-0.479576	-0.482326	-0.482223	-0.486024	-0.489726	-0.480345	-0.460626	-0.433829	-0.401515	-0.359665	-0.312174	-0.254882	-0.188839	-0.106308	-0.0117362	0.0994306	
1.09596	1.09596	1.03283	0.921685	0.777761	0.621476	0.458478	0.290178	0.120034	-0.048573	-0.196012	-0.311734	-0.389459	-0.437042	-0.471782	-0.495377	-0.506327	-0.483753	-0.42688	-0.341499	-0.255386	-0.188303	-0.155117	-0.151884	-0.175831	-0.211546	-0.243151	-0.262361	-0.261897	-0.260204	-0.273058	-0.301488	-0.344123	-0.384391	-0.408898	-0.428633	-0.440503	-0.455168	-0.470971	-0.47947	-0.473948	-0.463295	-0.444166	-0.41818	-0.381122	-0.340058	-0.286403	-0.218401	-0.130419	-0.0277172	
1.06414	1.06414	1.00585	0.900271	0.770013	0.62819	0.483335	0.334989	0.178232	0.0215704	-0.126179	-0.248117	-0.339106	-0.404567	-0.455347	-0.49566	-0.518883	-0.507476	-0.45696	-0.371987	-0.279608	-0.20061	-0.151884	-0.13932	-0.15179	-0.180863	-0.206269	-0.214742	-0.209145	-0.200658	-0.202158	-0.222643	-0.258627	-0.296338	-0.331023	-0.356069	-0.374713	-0.400839	-0.428848	-0.448321	-0.459156	-0.464492	-0.462352	-0.450344	-0.424683	-0.394369	-0.357483	-0.30512	-0.227555	-0.133181	
1.046	1.046	0.990427	0.88894	0.768282	0.636932	0.508265	0.375431	0.233088	0.0878595	-0.0589083	-0.183595	-0.287815	-0.368403	-0.435251	-0.492328	-0.52868	-0.531124	-0.490988	-0.413074	-0.320001	-0.234387	-0.175831	-0.15179	-0.157703	-0.18075	-0.19878	-0.202984	-0.192169	-0.176018	-0.169846	-0.176354	-0.195227	-0.22484	-0.256725	-0.281726	-0.306504	-0.334832	-0.36656	-0.396945	-0.420491	-0.440772	-0.458643	-0.461314	-0.445548	-0.430354	-0.411631	-0.373976	-0.306219	-0.223957	
1.02349	1.02349	0.969326	0.872369	0.758492	0.638207	0.524558	0.40777	0.282989	0.149724	0.0092299	-0.117638	-0.233428	-0.328889	-0.414581	-0.488948	-0.540631	-0.558068	-0.529845	-0.460103	-0.369616	-0.279493	-0.211546	-0.180863	-0.18075	-0.201173	-0.21936	-0.220096	-0.206745	-0.188403	-0.172588	-0.166157	-0.170016	-0.186045	-0.209927	-0.230517	-0.250241	-0.27303	-0.303229	-0.336524	-0.367535	-0.399667	-0.430217	-0.448038	-0.450135	-0.448864	-0.442723	-0.421634	-0.371634	-0.300974	
0.982652	0.982652	0.930124	0.836731	0.729598	0.62019	0.521061	0.422486	0.31659	0.199462	0.0700336	-0.0546917	-0.176449	-0.283443	-0.384923	-0.474063	-0.539482	-0.571625	-0.553931	-0.496277	-0.409284	-0.318637	-0.243151	-0.206269	-0.19878	-0.21936	-0.23553	-0.236291	-0.225094	-0.206178	-0.189073	-0.176741	-0.166067	-0.168604	-0.182693	-0.193918	-0.20825	-0.220811	-0.243581	-0.271038	-0.299985	-0.333747	-0.378126	-0.409686	-0.422188	-0.432063	-0.446735	-0.44774	-0.414683	-0.357268	
0.923794	0.923794	0.873149	0.781433	0.682053	0.581085	0.498426	0.418645	0.334624	0.239407	0.126135	0.0105748	-0.109732	-0.225409	-0.336327	-0.439865	-0.517138	-0.562463	-0.556934	-0.511535	-0.431505	-0.341095	-0.262361	-0.214742	-0.202984	-0.220096	-0.236291	-0.239255	-0.233432	-0.215914	-0.204317	-0.187649	-0.167494	-0.16025	-0.164936	-0.170601	-0.180277	-0.182183	-0.193765	-0.208879	-0.229674	-0.260797	-0.30541	-0.338188	-0.362515	-0.384605	-0.412295	-0.427518	-0.419631	-0.381839	
0.863401	0.863401	0.811148	0.725332	0.626341	0.537625	0.467466	0.405895	0.347963	0.27234	0.18362	0.0796271	-0.034991	-0.152552	-0.273823	-0.386857	-0.476813	-0.532316	-0.539914	-0.503871	-0.432927	-0.345424	-0.261897	-0.209145	-0.192169	-0.206745	-0.225094	-0.233432	-0.227654	-0.218159	-0.210354	-0.193785	-0.170109	-0.158201	-0.152247	-0.157849	-0.162657	-0.158	-0.15812	-0.162178	-0.169606	-0.191059	-0.226178	-0.258699	-0.282724	-0.303755	-0.334773	-0.366617	-0.37838	-0.357656	
0.826372	0.826372	0.774529	0.686352	0.589869	0.504063	0.442242	0.39527	0.354148	0.299492	0.230037	0.138541	0.0324357	-0.0872424	-0.214556	-0.334948	-0.435095	-0.498197	-0.514826	-0.489237	-0.427203	-0.343128	-0.260204	-0.200658	-0.176018	-0.188403	-0.206178	-0.215914	-0.218159	-0.21494	-0.214443	-0.204938	-0.182088	-0.161825	-0.150229	-0.154364	-0.155824	-0.149832	-0.14495	-0.139065	-0.133779	-0.142687	-0.165524	-0.189579	-0.205831	-0.220006	-0.247764	-0.279336	-0.30046	-0.292521	
0.821218	0.821218	0.767149	0.674568	0.574384	0.486174	0.426077	0.386647	0.356799	0.319343	0.264609	0.186916	0.0862614	-0.0349516	-0.170057	-0.301345	-0.414397	-0.486197	-0.514778	-0.496779	-0.441621	-0.36037	-0.273058	-0.202158	-0.169846	-0.172588	-0.189073	-0.204317	-0.210354	-0.214443	-0.225654	-0.220831	-0.201574	-0.179258	-0.16385	-0.165816	-0.169572	-0.16663	-0.157676	-0.141997	-0.127716	-0.129872	-0.141229	-0.155253	-0.160194	-0.165761	-0.177815	-0.200412	-0.219283	-0.216208	
0.816555	0.816555	0.75993	0.664849	0.560109	0.471126	0.411505	0.379358	0.359291	0.337661	0.296656	0.23162	0.136543	0.0118085	-0.130492	-0.276989	-0.40222	-0.486391	-0.526497	-0.516091	-0.469992	-0.392318	-0.301488	-0.222643	-0.176354	-0.166157	-0.176741	-0.187649	-0.193785	-0.204938	-0.220831	-0.227004	-0.218154	-0.196957	-0.181251	-0.182964	-0.186807	-0.186421	-0.177121	-0.160593	-0.14543	-0.137097	-0.136903	-0.144251	-0.1439	-0.138137	-0.135771	-0.145806	-0.153252	-0.144837	
0.803976	0.803976	0.745501	0.645477	0.537376	0.444272	0.386196	0.358353	0.350629	0.344228	0.321572	0.274571	0.188182	0.0700151	-0.080929	-0.237545	-0.377978	-0.479402	-0.532755	-0.536989	-0.503955	-0.433465	-0.344123	-0.258627	-0.195227	-0.170016	-0.166067	-0.167494	-0.170109	-0.182088	-0.201574	-0.218154	-0.216583	-0.197898	-0.182663	-0.182579	-0.191865	-0.202045	-0.199211	-0.184501	-0.162813	-0.149064	-0.147649	-0.151542	-0.142513	-0.132463	-0.122107	-0.117189	-0.108943	-0.0932252	
0.776572	0.776572	0.717258	0.612303	0.502764	0.406824	0.350308	0.331398	0.333321	0.349454	0.345319	0.321491	0.252281	0.141121	-0.00853482	-0.175721	-0.330242	-0.449025	-0.517711	-0.541881	-0.521002	-0.466676	-0.384391	-0.296338	-0.22484	-0.186045	-0.168604	-0.16025	-0.158201	-0.161825	-0.179258	-0.196957	-0.197898	-0.180927	-0.171288	-0.168827	-0.184344	-0.199385	-0.204894	-0.193092	-0.178127	-0.164604	-0.161112	-0.15564	-0.145462	-0.133114	-0.115162	-0.0979027	-0.0775983	-0.0515923	
0.754934	0.754934	0.691706	0.584962	0.467998	0.369654	0.312222	0.295509	0.310432	0.340137	0.359376	0.357821	0.309133	0.212017	0.0691505	-0.10455	-0.265335	-0.400292	-0.482624	-0.520709	-0.517387	-0.479576	-0.408898	-0.331023	-0.256725	-0.209927	-0.182693	-0.164936	-0.152247	-0.150229	-0.16385	-0.181251	-0.182663	-0.171288	-0.153243	-0.141366	-0.156397	-0.176494	-0.19148	-0.19315	-0.185147	-0.171122	-0.168248	-0.161764	-0.151826	-0.135863	-0.11575	-0.0885378	-0.0537574	-0.0150098	
0.749003	0.749003	0.682631	0.569748	0.445707	0.339111	0.277657	0.257832	0.28047	0.318544	0.359342	0.376579	0.351695	0.272358	0.138281	-0.0319888	-0.200528	-0.346868	-0.440753	-0.494943	-0.506484	-0.482326	-0.428633	-0.356069	-0.281726	-0.230517	-0.193918	-0.170601	-0.157849	-0.154364	-0.165816	-0.182964	-0.182579	-0.168827	-0.141366	-0.126607	-0.132645	-0.148594	-0.169544	-0.180397	-0.173257	-0.166743	-0.172255	-0.168319	-0.159207	-0.142162	-0.122263	-0.0854514	-0.0406674	0.0138025	
0.751134	0.751134	0.681459	0.562332	0.430331	0.315277	0.247562	0.223852	0.250517	0.295656	0.35377	0.389516	0.385395	0.325652	0.198301	0.0347779	-0.14593	-0.298179	-0.408351	-0.471772	-0.495011	-0.482223	-0.440503	-0.374713	-0.306504	-0.250241	-0.20825	-0.180277	-0.162657	-0.155824	-0.169572	-0.186807	-0.191865	-0.184344	-0.156397	-0.132645	-0.121872	-0.130752	-0.147944	-0.158284	-0.153682	-0.159806	-0.163986	-0.163684	-0.155736	-0.145638	-0.127077	-0.0895549	-0.0340403	0.0402541	
0.7572	0.7572	0.684776	0.55916	0.419031	0.296586	0.217704	0.193776	0.213683	0.270167	0.335743	0.390805	0.408449	0.365565	0.256164	0.0970763	-0.0863919	-0.246077	-0.370816	-0.446915	-0.482471	-0.486024	-0.455168	-0.400839	-0.334832	-0.27303	-0.220811	-0.182183	-0.158	-0.149832	-0.16663	-0.186421	-0.202045	-0.199385	-0.176494	-0.148594	-0.130752	-0.125719	-0.137625	-0.14456	-0.143369	-0.140958	-0.141084	-0.144982	-0.141467	-0.134114	-0.11792	-0.0852754	-0.0224584	0.063312	
0.767562	0.767562	0.691409	0.558923	0.409813	0.276351	0.188854	0.156839	0.174659	0.235397	0.309701	0.384414	0.421503	0.400529	0.311112	0.155477	-0.0233303	-0.197339	-0.33456	-0.423465	-0.475617	-0.489726	-0.470971	-0.428848	-0.36656	-0.303229	-0.243581	-0.193765	-0.15812	-0.14495	-0.157676	-0.177121	-0.199211	-0.204894	-0.19148	-0.169544	-0.147944	-0.137625	-0.145091	-0.146438	-0.139058	-0.130172	-0.12942	-0.128454	-0.117975	-0.104709	-0.0905148	-0.0620563	-0.000636045	0.0934932	
0.767964	0.767964	0.688708	0.551617	0.394842	0.253691	0.158604	0.120103	0.1365	0.198627	0.28266	0.372414	0.429507	0.433108	0.36197	0.221432	0.0459503	-0.135615	-0.28135	-0.387844	-0.452987	-0.480345	-0.47947	-0.448321	-0.396945	-0.336524	-0.271038	-0.208879	-0.162178	-0.139065	-0.141997	-0.160593	-0.184501	-0.193092	-0.19315	-0.180397	-0.158284	-0.14456	-0.146438	-0.145734	-0.142169	-0.131747	-0.122719	-0.108855	-0.0864338	-0.0623003	-0.0412148	-0.0118624	0.0517346	0.150355	
0.7681	0.7681	0.684947	0.544419	0.378285	0.230514	0.126859	0.0810671	0.0966083	0.157209	0.252291	0.354471	0.433897	0.46256	0.414255	0.292971	0.123736	-0.0592744	-0.21666	-0.337129	-0.417212	-0.460626	-0.473948	-0.459156	-0.420491	-0.367535	-0.299985	-0.229674	-0.169606	-0.133779	-0.127716	-0.14543	-0.162813	-0.178127	-0.185147	-0.173257	-0.153682	-0.143369	-0.139058	-0.142169	-0.141119	-0.128138	-0.112662	-0.0926255	-0.0596962	-0.0198679	0.0196478	0.0639243	0.133346	0.230961	
0.775802	0.775802	0.691396	0.542487	0.37164	0.212542	0.100635	0.0472629	0.0558465	0.116717	0.215413	0.329405	0.428694	0.4819	0.459371	0.361749	0.203803	0.0232705	-0.141018	-0.278346	-0.37172	-0.433829	-0.463295	-0.464492	-0.440772	-0.399667	-0.333747	-0.260797	-0.191059	-0.142687	-0.129872	-0.137097	-0.149064	-0.164604	-0.171122	-0.166743	-0.159806	-0.140958	-0.130172	-0.131747	-0.128138	-0.114214	-0.103501	-0.0788953	-0.0344861	0.0253722	0.0867959	0.146924	0.223134	0.325476	
0.799624	0.799624	0.711972	0.5555	0.376214	0.204241	0.0819454	0.0158477	0.0158668	0.0711678	0.168965	0.29056	0.405031	0.479002	0.48471	0.408673	0.269122	0.0962133	-0.0731811	-0.217516	-0.324766	-0.401515	-0.444166	-0.462352	-0.458643	-0.430217	-0.378126	-0.30541	-0.226178	-0.165524	-0.141229	-0.136903	-0.147649	-0.161112	-0.168248	-0.172255	-0.163986	-0.141084	-0.12942	-0.122719	-0.112662	-0.103501	-0.0903179	-0.0551471	-0.00341082	0.0679256	0.142411	0.220539	0.307107	0.414608	
0.822204	0.822204	0.730257	0.570459	0.380008	0.20085	0.0650502	-0.0110241	-0.0220091	0.0247805	0.118636	0.24228	0.366223	0.460282	0.489011	0.440768	0.321819	0.162828	-0.00481648	-0.152482	-0.273492	-0.359665	-0.41818	-0.450344	-0.461314	-0.448038	-0.409686	-0.338188	-0.258699	-0.189579	-0.155253	-0.144251	-0.151542	-0.15564	-0.161764	-0.168319	-0.163684	-0.144982	-0.128454	-0.108855	-0.0926255	-0.0788953	-0.0551471	-0.0185108	0.0372129	0.115018	0.204638	0.292338	0.379873	0.474057	
0.835304	0.835304	0.739621	0.577382	0.377105	0.192916	0.0452761	-0.0376106	-0.0578152	-0.0172608	0.0741978	0.198626	0.333393	0.442638	0.496462	0.471416	0.375892	0.229383	0.0664713	-0.0853481	-0.215914	-0.312174	-0.381122	-0.424683	-0.445548	-0.450135	-0.422188	-0.362515	-0.282724	-0.205831	-0.160194	-0.1439	-0.142513	-0.145462	-0.151826	-0.159207	-0.155736	-0.141467	-0.117975	-0.0864338	-0.0596962	-0.0344861	-0.00341082	0.0372129	0.0986907	0.183615	0.278064	0.362071	0.438483	0.511548	
0.842195	0.842195	0.746491	0.577779	0.376284	0.182664	0.0313557	-0.0595274	-0.0850736	-0.0490886	0.0387957	0.165683	0.306284	0.432398	0.506045	0.507768	0.435647	0.304434	0.151788	-0.00634869	-0.144467	-0.254882	-0.340058	-0.394369	-0.430354	-0.448864	-0.432063	-0.384605	-0.303755	-0.220006	-0.165761	-0.138137	-0.132463	-0.133114	-0.135863	-0.142162	-0.145638	-0.134114	-0.104709	-0.0623003	-0.0198679	0.0253722	0.0679256	0.115018	0.183615	0.271552	0.358565	0.429855	0.491815	0.539704	
0.867896	0.867896	0.76986	0.595767	0.387753	0.184605	0.0244517	-0.0768859	-0.111332	-0.0837895	-0.00169809	0.122826	0.269034	0.40686	0.503117	0.531012	0.48583	0.37791	0.237604	0.0811999	-0.0611673	-0.188839	-0.286403	-0.357483	-0.411631	-0.442723	-0.446735	-0.412295	-0.334773	-0.247764	-0.177815	-0.135771	-0.122107	-0.115162	-0.11575	-0.122263	-0.127077	-0.11792	-0.0905148	-0.0412148	0.0196478	0.0867959	0.142411	0.204638	0.278064	0.358565	0.428027	0.485547	0.524079	0.534658	
0.907164	0.907164	0.805721	0.627411	0.410244	0.19811	0.026405	-0.0872731	-0.132583	-0.117744	-0.0444279	0.0731512	0.218943	0.365837	0.479082	0.533606	0.516596	0.437439	0.315227	0.172708	0.0268535	-0.106308	-0.218401	-0.30512	-0.373976	-0.421634	-0.44774	-0.427518	-0.366617	-0.279336	-0.200412	-0.145806	-0.117189	-0.0979027	-0.0885378	-0.0854514	-0.0895549	-0.0852754	-0.0620563	-0.0118624	0.0639243	0.146924	0.220539	0.292338	0.362071	0.429855	0.485547	0.516363	0.515149	0.491846	
0.941272	0.941272	0.837085	0.657186	0.432068	0.216116	0.0335838	-0.0860433	-0.141675	-0.135241	-0.0701467	0.0391791	0.183379	0.33273	0.458863	0.533102	0.541009	0.487926	0.387906	0.261046	0.122191	-0.0117362	-0.130419	-0.227555	-0.306219	-0.371634	-0.414683	-0.419631	-0.37838	-0.30046	-0.219283	-0.153252	-0.108943	-0.0775983	-0.0537574	-0.0406674	-0.0340403	-0.0224584	-0.000636045	0.0517346	0.133346	0.223134	0.307107	0.379873	0.438483	0.491815	0.524079	0.515149	0.481871	0.434767	
0.973412	0.973412	0.869528	0.686239	0.460595	0.238675	0.053123	-0.0726507	-0.13405	-0.133545	-0.0766314	0.0268198	0.166256	0.317008	0.452545	0.542926	0.574873	0.546048	0.470671	0.361242	0.231768	0.0994306	-0.0277172	-0.133181	-0.223957	-0.300974	-0.357268	-0.381839	-0.357656	-0.292521	-0.216208	-0.144837	-0.0932252	-0.0515923	-0.0150098	0.0138025	0.0402541	0.063312	0.0934932	0.150355	0.230961	0.325476	0.414608	0.474057	0.511548	0.539704	0.534658	0.491846	0.434767	0.368926	
