-0.185219	-0.185219	-0.141431	-0.0840392	-0.0317756	0.0304484	0.107451	0.186423	0.248439	0.312447	0.383846	0.441512	0.469941	0.486449	0.497219	0.482671	0.419508	0.290934	0.107066	-0.117313	-0.357858	-0.590103	-0.804463	-1.00348	-1.18228	-1.33017	-1.42431	-1.43663	-1.38028	-1.27551	-1.10195	-0.863378	-0.593639	-0.334208	-0.102065	0.0808875	0.213355	0.310029	0.386834	0.446607	0.495721	0.54479	0.594605	0.642878	0.689712	0.723644	0.74943	0.770957	0.789028	0.780561	
-0.185219	-0.185219	-0.141431	-0.0840392	-0.0317756	0.0304484	0.107451	0.186423	0.248439	0.312447	0.383846	0.441512	0.469941	0.486449	0.497219	0.482671	0.419508	0.290934	0.107066	-0.117313	-0.357858	-0.590103	-0.804463	-1.00348	-1.18228	-1.33017	-1.42431	-1.43663	-1.38028	-1.27551	-1.10195	-0.863378	-0.593639	-0.334208	-0.102065	0.0808875	0.213355	0.310029	0.386834	0.446607	0.495721	0.54479	0.594605	0.642878	0.689712	0.723644	0.74943	0.770957	0.789028	0.780561	
-0.141431	-0.141431	-0.10803	-0.0618823	-0.0171076	0.0381052	0.110579	0.191785	0.258986	0.317778	0.374267	0.419703	0.446476	0.459998	0.457571	0.42789	0.363622	0.250233	0.0852407	-0.124602	-0.356801	-0.585746	-0.800631	-0.997681	-1.16687	-1.30193	-1.38657	-1.39385	-1.33091	-1.21967	-1.04802	-0.822381	-0.568548	-0.321434	-0.0994035	0.0729576	0.199413	0.298056	0.381134	0.443672	0.49144	0.535265	0.576691	0.613688	0.655258	0.692705	0.724207	0.745985	0.762331	0.75826	
-0.0840392	-0.0840392	-0.0618823	-0.0321198	-0.00114739	0.046894	0.115751	0.193482	0.253494	0.302334	0.34588	0.381733	0.400383	0.403576	0.384187	0.339779	0.274729	0.17706	0.0386043	-0.143024	-0.349792	-0.563425	-0.7723	-0.964402	-1.12222	-1.23955	-1.30831	-1.30294	-1.23031	-1.11491	-0.954854	-0.755762	-0.532315	-0.308082	-0.103107	0.0564001	0.175568	0.278089	0.371453	0.44265	0.489376	0.525475	0.55248	0.574251	0.601951	0.635098	0.668024	0.69047	0.707032	0.71066	
-0.0317756	-0.0317756	-0.0171076	-0.00114739	0.0184028	0.0615759	0.125539	0.185641	0.223808	0.257074	0.296824	0.326513	0.333945	0.322361	0.292016	0.238294	0.16614	0.0739334	-0.0402951	-0.180977	-0.347804	-0.53219	-0.722954	-0.900513	-1.04129	-1.13893	-1.18552	-1.16373	-1.08374	-0.974933	-0.836579	-0.670838	-0.483417	-0.2913	-0.110097	0.0343263	0.14928	0.255564	0.358507	0.436971	0.484069	0.506865	0.515679	0.519429	0.536325	0.559507	0.584049	0.605961	0.630575	0.64536	
0.0304484	0.0304484	0.0381052	0.046894	0.0615759	0.0977031	0.143941	0.178594	0.189185	0.203533	0.229934	0.251036	0.246565	0.224727	0.185154	0.120823	0.0365434	-0.0572261	-0.148396	-0.249089	-0.371653	-0.517473	-0.67128	-0.813341	-0.924497	-0.995796	-1.01971	-0.982642	-0.904912	-0.813583	-0.703357	-0.569425	-0.418961	-0.263962	-0.112193	0.0200414	0.132533	0.239714	0.342492	0.420513	0.456739	0.461355	0.449841	0.443337	0.449339	0.461676	0.48029	0.50756	0.544149	0.573196	
0.107451	0.107451	0.110579	0.115751	0.125539	0.143941	0.166104	0.176736	0.167922	0.155802	0.158037	0.160489	0.145883	0.111012	0.0577304	-0.0179457	-0.107941	-0.196383	-0.272462	-0.344852	-0.429158	-0.524241	-0.620572	-0.707993	-0.775709	-0.816235	-0.815889	-0.768354	-0.6976	-0.630193	-0.551445	-0.451347	-0.3363	-0.218112	-0.0952057	0.0216799	0.129101	0.227886	0.316334	0.376391	0.399181	0.389036	0.366477	0.349608	0.350607	0.356783	0.369117	0.398027	0.447129	0.49721	
0.186423	0.186423	0.191785	0.193482	0.185641	0.178594	0.176736	0.1731	0.148452	0.114981	0.0875213	0.0653134	0.0284807	-0.0261498	-0.0972326	-0.179208	-0.261425	-0.337331	-0.400433	-0.45397	-0.497279	-0.532473	-0.561538	-0.587535	-0.606388	-0.609101	-0.584835	-0.52997	-0.471927	-0.429559	-0.384845	-0.320412	-0.241762	-0.156508	-0.0632492	0.0320809	0.121253	0.201774	0.268216	0.31018	0.320266	0.308588	0.282485	0.256522	0.239378	0.236547	0.252985	0.289566	0.346961	0.417545	
0.248439	0.248439	0.258986	0.253494	0.223808	0.189185	0.167922	0.148452	0.117135	0.0730507	0.0263049	-0.0292458	-0.0964937	-0.175559	-0.261616	-0.345986	-0.416856	-0.472762	-0.517427	-0.543526	-0.543703	-0.520325	-0.488219	-0.456406	-0.423548	-0.386207	-0.338904	-0.283736	-0.238058	-0.215038	-0.198086	-0.170811	-0.129463	-0.0785396	-0.0197058	0.0404206	0.100571	0.159551	0.209299	0.23617	0.242294	0.231254	0.20419	0.163427	0.130605	0.121788	0.140828	0.185046	0.252876	0.340217	
0.312447	0.312447	0.317778	0.302334	0.257074	0.203533	0.155802	0.114981	0.0730507	0.0265128	-0.0371536	-0.12152	-0.221545	-0.325942	-0.428222	-0.515204	-0.574088	-0.607953	-0.622787	-0.614276	-0.570927	-0.49707	-0.40859	-0.32034	-0.237452	-0.163192	-0.0992641	-0.0452726	-0.00864618	0.00417002	-0.00185087	-0.0112603	-0.0132043	-0.00220714	0.0184106	0.043525	0.073907	0.111774	0.146603	0.164916	0.163169	0.149064	0.117181	0.0708516	0.0278457	0.0135764	0.0377806	0.0926315	0.17022	0.266277	
0.383846	0.383846	0.374267	0.34588	0.296824	0.229934	0.158037	0.0875213	0.0263049	-0.0371536	-0.113865	-0.216204	-0.33923	-0.469336	-0.584231	-0.668022	-0.717457	-0.734634	-0.723847	-0.679786	-0.597403	-0.477311	-0.336839	-0.194384	-0.0647316	0.042805	0.124597	0.181966	0.214679	0.216558	0.188471	0.144547	0.103225	0.0754041	0.0580551	0.0479049	0.0468624	0.06004	0.078345	0.0850188	0.0757456	0.0511551	0.0152839	-0.0261277	-0.0593888	-0.0698008	-0.0500089	0.00791795	0.0952025	0.19535	
0.441512	0.441512	0.419703	0.381733	0.326513	0.251036	0.160489	0.0653134	-0.0292458	-0.12152	-0.216204	-0.326871	-0.461019	-0.597517	-0.705321	-0.776913	-0.821672	-0.834398	-0.804633	-0.728171	-0.607226	-0.44812	-0.264565	-0.0760902	0.0968326	0.236857	0.339478	0.40252	0.424121	0.4055	0.353715	0.286725	0.217715	0.155184	0.100244	0.0557658	0.0253369	0.0121483	0.0114034	0.0107318	-0.00506388	-0.0382647	-0.0782311	-0.109644	-0.128848	-0.134325	-0.11624	-0.0627422	0.0189741	0.112686	
0.469941	0.469941	0.446476	0.400383	0.333945	0.246565	0.145883	0.0284807	-0.0964937	-0.221545	-0.33923	-0.461019	-0.586524	-0.698837	-0.780362	-0.83687	-0.877286	-0.883941	-0.83867	-0.735201	-0.584276	-0.395102	-0.180537	0.0448758	0.250875	0.416589	0.535574	0.601161	0.609776	0.571036	0.500328	0.414525	0.321518	0.227624	0.134889	0.0580783	0.0018303	-0.0296263	-0.042266	-0.0494229	-0.0671641	-0.101225	-0.135655	-0.155605	-0.165376	-0.168411	-0.161995	-0.127672	-0.0673574	0.013239	
0.486449	0.486449	0.459998	0.403576	0.322361	0.224727	0.111012	-0.0261498	-0.175559	-0.325942	-0.469336	-0.597517	-0.698837	-0.776062	-0.835365	-0.876843	-0.897921	-0.883201	-0.821235	-0.703218	-0.535747	-0.327608	-0.0902539	0.155694	0.37845	0.556141	0.685265	0.752901	0.757266	0.711674	0.628222	0.521719	0.40221	0.275767	0.150899	0.0467394	-0.0283137	-0.0752863	-0.0982002	-0.106081	-0.115531	-0.136095	-0.157447	-0.171874	-0.182344	-0.190517	-0.191618	-0.17757	-0.147418	-0.0867114	
0.497219	0.497219	0.457571	0.384187	0.292016	0.185154	0.0577304	-0.0972326	-0.261616	-0.428222	-0.584231	-0.705321	-0.780362	-0.835365	-0.880976	-0.900496	-0.886256	-0.836356	-0.75074	-0.621924	-0.450847	-0.23778	0.000747268	0.245045	0.466277	0.649508	0.781966	0.848961	0.853968	0.810043	0.719687	0.596334	0.456026	0.31102	0.163172	0.0351897	-0.0623822	-0.120828	-0.146869	-0.151283	-0.147937	-0.14902	-0.156671	-0.170037	-0.188479	-0.200347	-0.206835	-0.206532	-0.198452	-0.157877	
0.482671	0.482671	0.42789	0.339779	0.238294	0.120823	-0.0179457	-0.179208	-0.345986	-0.515204	-0.668022	-0.776913	-0.83687	-0.876843	-0.900496	-0.888415	-0.838748	-0.74941	-0.629607	-0.484345	-0.315063	-0.115233	0.102374	0.322803	0.531515	0.708642	0.834787	0.892298	0.892098	0.847806	0.757385	0.628865	0.483207	0.332519	0.178441	0.0377622	-0.0719782	-0.141866	-0.175072	-0.176323	-0.156977	-0.141475	-0.139455	-0.153026	-0.17307	-0.188259	-0.200589	-0.212403	-0.221559	-0.199637	
0.419508	0.419508	0.363622	0.274729	0.16614	0.0365434	-0.107941	-0.261425	-0.416856	-0.574088	-0.717457	-0.821672	-0.877286	-0.897921	-0.886256	-0.838748	-0.757576	-0.635368	-0.48518	-0.324659	-0.158424	0.0248133	0.213437	0.402649	0.579685	0.730261	0.836124	0.881047	0.873248	0.829135	0.742714	0.617005	0.475016	0.334416	0.186799	0.0492766	-0.0616937	-0.136365	-0.179876	-0.187611	-0.164502	-0.135193	-0.118532	-0.120776	-0.13689	-0.156183	-0.180929	-0.206572	-0.225941	-0.215809	
0.290934	0.290934	0.250233	0.17706	0.0739334	-0.0572261	-0.196383	-0.337331	-0.472762	-0.607953	-0.734634	-0.834398	-0.883941	-0.883201	-0.836356	-0.74941	-0.635368	-0.491345	-0.329221	-0.161463	0.00455485	0.174667	0.338166	0.486855	0.613001	0.716384	0.794394	0.8241	0.809165	0.765985	0.68749	0.57169	0.444538	0.317323	0.18321	0.0608177	-0.0368178	-0.111373	-0.163063	-0.178022	-0.155958	-0.124822	-0.0989754	-0.0872503	-0.0928404	-0.114136	-0.146886	-0.176324	-0.199224	-0.199111	
0.107066	0.107066	0.0852407	0.0386043	-0.0402951	-0.148396	-0.272462	-0.400433	-0.517427	-0.622787	-0.723847	-0.804633	-0.83867	-0.821235	-0.75074	-0.629607	-0.48518	-0.329221	-0.163177	0.0100083	0.174154	0.328245	0.458965	0.559949	0.63054	0.687705	0.73167	0.739212	0.713193	0.668963	0.596991	0.497437	0.390155	0.279285	0.160432	0.0574912	-0.0213594	-0.0803723	-0.124128	-0.140482	-0.126816	-0.100009	-0.0686972	-0.0447963	-0.0419196	-0.0643194	-0.0974992	-0.125329	-0.149102	-0.159089	
-0.117313	-0.117313	-0.124602	-0.143024	-0.180977	-0.249089	-0.344852	-0.45397	-0.543526	-0.614276	-0.679786	-0.728171	-0.735201	-0.703218	-0.621924	-0.484345	-0.324659	-0.161463	0.0100083	0.184541	0.336452	0.459774	0.545203	0.595778	0.623489	0.642107	0.650354	0.632739	0.596547	0.549548	0.484969	0.401314	0.311938	0.221093	0.128144	0.0498087	-0.0112781	-0.0582873	-0.0935192	-0.106493	-0.0936691	-0.0701869	-0.0343449	0.00417076	0.0186698	0.00232902	-0.028008	-0.0549173	-0.0838523	-0.106241	
-0.357858	-0.357858	-0.356801	-0.349792	-0.347804	-0.371653	-0.429158	-0.497279	-0.543703	-0.570927	-0.597403	-0.607226	-0.584276	-0.535747	-0.450847	-0.315063	-0.158424	0.00455485	0.174154	0.336452	0.461357	0.544744	0.583361	0.593211	0.587713	0.572474	0.547469	0.510095	0.465555	0.420118	0.365084	0.291677	0.217925	0.154851	0.0946245	0.037465	-0.0128743	-0.0547023	-0.0870867	-0.0940258	-0.0752176	-0.0463614	-0.0017926	0.046615	0.0777916	0.0806408	0.0645982	0.036206	-0.0037512	-0.0427822	
-0.590103	-0.590103	-0.585746	-0.563425	-0.53219	-0.517473	-0.524241	-0.532473	-0.520325	-0.49707	-0.477311	-0.44812	-0.395102	-0.327608	-0.23778	-0.115233	0.0248133	0.174667	0.328245	0.459774	0.544744	0.587744	0.592314	0.572386	0.537258	0.491087	0.439518	0.380201	0.32668	0.28952	0.249459	0.188329	0.132053	0.0963453	0.0590888	0.0176263	-0.0237428	-0.0626408	-0.0897397	-0.0879068	-0.0600057	-0.0228928	0.0241123	0.0792224	0.131171	0.16765	0.175191	0.15081	0.0999035	0.042997	
-0.804463	-0.804463	-0.800631	-0.7723	-0.722954	-0.67128	-0.620572	-0.561538	-0.488219	-0.40859	-0.336839	-0.264565	-0.180537	-0.0902539	0.000747268	0.102374	0.213437	0.338166	0.458965	0.545203	0.583361	0.592314	0.57365	0.52949	0.468546	0.403405	0.33229	0.25529	0.197394	0.172552	0.148949	0.10501	0.0696598	0.0469354	0.020077	-0.0104523	-0.0423707	-0.0739301	-0.0967411	-0.0931656	-0.060203	-0.0149923	0.0372045	0.0974526	0.171566	0.237801	0.271378	0.260094	0.211477	0.151608	
-1.00348	-1.00348	-0.997681	-0.964402	-0.900513	-0.813341	-0.707993	-0.587535	-0.456406	-0.32034	-0.194384	-0.0760902	0.0448758	0.155694	0.245045	0.322803	0.402649	0.486855	0.559949	0.595778	0.593211	0.572386	0.52949	0.459295	0.378545	0.29998	0.220765	0.142604	0.0938799	0.0786863	0.0670363	0.043474	0.0219853	0.00619314	-0.0137178	-0.0360184	-0.0586124	-0.0824212	-0.107654	-0.11644	-0.0883667	-0.0369781	0.0208409	0.0947833	0.186496	0.274045	0.333637	0.349811	0.327759	0.286245	
-1.18228	-1.18228	-1.16687	-1.12222	-1.04129	-0.924497	-0.775709	-0.606388	-0.423548	-0.237452	-0.0647316	0.0968326	0.250875	0.37845	0.466277	0.531515	0.579685	0.613001	0.63054	0.623489	0.587713	0.537258	0.468546	0.378545	0.279393	0.188451	0.108451	0.0464498	0.0115022	0.00360019	0.00430728	-0.00745491	-0.0251901	-0.0403332	-0.0544045	-0.0694125	-0.0818969	-0.0975543	-0.12791	-0.146175	-0.127131	-0.0837007	-0.0190197	0.0712705	0.178632	0.283198	0.367312	0.417207	0.432664	0.419723	
-1.33017	-1.33017	-1.30193	-1.23955	-1.13893	-0.995796	-0.816235	-0.609101	-0.386207	-0.163192	0.042805	0.236857	0.416589	0.556141	0.649508	0.708642	0.730261	0.716384	0.687705	0.642107	0.572474	0.491087	0.403405	0.29998	0.188451	0.0856958	0.00759918	-0.0451257	-0.0689803	-0.0638499	-0.0510551	-0.0570679	-0.0749523	-0.0884929	-0.101874	-0.111803	-0.111575	-0.121751	-0.150987	-0.17066	-0.162165	-0.126983	-0.062219	0.0348907	0.150939	0.268579	0.373793	0.45547	0.507146	0.522821	
-1.42431	-1.42431	-1.38657	-1.30831	-1.18552	-1.01971	-0.815889	-0.584835	-0.338904	-0.0992641	0.124597	0.339478	0.535574	0.685265	0.781966	0.834787	0.836124	0.794394	0.73167	0.650354	0.547469	0.439518	0.33229	0.220765	0.108451	0.00759918	-0.075627	-0.131922	-0.149944	-0.13189	-0.11023	-0.109438	-0.119058	-0.127125	-0.134458	-0.13418	-0.136413	-0.153583	-0.177102	-0.188506	-0.18461	-0.159037	-0.101359	-0.0112782	0.101391	0.223818	0.34424	0.455015	0.538639	0.589027	
-1.43663	-1.43663	-1.39385	-1.30294	-1.16373	-0.982642	-0.768354	-0.52997	-0.283736	-0.0452726	0.181966	0.40252	0.601161	0.752901	0.848961	0.892298	0.881047	0.8241	0.739212	0.632739	0.510095	0.380201	0.25529	0.142604	0.0464498	-0.0451257	-0.131922	-0.193306	-0.210819	-0.194033	-0.173943	-0.161748	-0.156267	-0.152651	-0.147462	-0.144941	-0.158346	-0.184891	-0.206086	-0.215018	-0.209316	-0.184339	-0.140743	-0.0673327	0.0339108	0.151381	0.281653	0.413905	0.528595	0.62172	
-1.38028	-1.38028	-1.33091	-1.23031	-1.08374	-0.904912	-0.6976	-0.471927	-0.238058	-0.00864618	0.214679	0.424121	0.609776	0.757266	0.853968	0.892098	0.873248	0.809165	0.713193	0.596547	0.465555	0.32668	0.197394	0.0938799	0.0115022	-0.0689803	-0.149944	-0.210819	-0.238423	-0.235991	-0.221234	-0.202965	-0.18841	-0.170348	-0.152296	-0.153125	-0.179337	-0.208971	-0.228126	-0.236574	-0.231726	-0.214614	-0.183876	-0.124978	-0.0413513	0.0669159	0.197734	0.342298	0.490193	0.631687	
-1.27551	-1.27551	-1.21967	-1.11491	-0.974933	-0.813583	-0.630193	-0.429559	-0.215038	0.00417002	0.216558	0.4055	0.571036	0.711674	0.810043	0.847806	0.829135	0.765985	0.668963	0.549548	0.420118	0.28952	0.172552	0.0786863	0.00360019	-0.0638499	-0.13189	-0.194033	-0.235991	-0.24861	-0.24363	-0.23083	-0.213627	-0.186883	-0.166981	-0.171513	-0.195248	-0.220935	-0.243601	-0.253153	-0.249232	-0.239129	-0.222052	-0.181608	-0.116593	-0.0202412	0.104089	0.256568	0.43419	0.617299	
-1.10195	-1.10195	-1.04802	-0.954854	-0.836579	-0.703357	-0.551445	-0.384845	-0.198086	-0.00185087	0.188471	0.353715	0.500328	0.628222	0.719687	0.757385	0.742714	0.68749	0.596991	0.484969	0.365084	0.249459	0.148949	0.0670363	0.00430728	-0.0510551	-0.11023	-0.173943	-0.221234	-0.24363	-0.255159	-0.257504	-0.245233	-0.2166	-0.197021	-0.199673	-0.21956	-0.245062	-0.267098	-0.275895	-0.274989	-0.271571	-0.264378	-0.242258	-0.192201	-0.104397	0.011405	0.167071	0.362831	0.573744	
-0.863378	-0.863378	-0.822381	-0.755762	-0.670838	-0.569425	-0.451347	-0.320412	-0.170811	-0.0112603	0.144547	0.286725	0.414525	0.521719	0.596334	0.628865	0.617005	0.57169	0.497437	0.401314	0.291677	0.188329	0.10501	0.043474	-0.00745491	-0.0570679	-0.109438	-0.161748	-0.202965	-0.23083	-0.257504	-0.272149	-0.269977	-0.247368	-0.229951	-0.225097	-0.242422	-0.273703	-0.3011	-0.31271	-0.313064	-0.311995	-0.314622	-0.305098	-0.264191	-0.182688	-0.0714835	0.0839397	0.280002	0.499372	
-0.593639	-0.593639	-0.568548	-0.532315	-0.483417	-0.418961	-0.3363	-0.241762	-0.129463	-0.0132043	0.103225	0.217715	0.321518	0.40221	0.456026	0.483207	0.475016	0.444538	0.390155	0.311938	0.217925	0.132053	0.0696598	0.0219853	-0.0251901	-0.0749523	-0.119058	-0.156267	-0.18841	-0.213627	-0.245233	-0.269977	-0.278635	-0.265715	-0.245608	-0.234457	-0.245817	-0.276497	-0.307131	-0.32828	-0.338126	-0.346644	-0.359889	-0.359907	-0.325398	-0.252922	-0.148002	0.00402776	0.194642	0.410756	
-0.334208	-0.334208	-0.321434	-0.308082	-0.2913	-0.263962	-0.218112	-0.156508	-0.0785396	-0.00220714	0.0754041	0.155184	0.227624	0.275767	0.31102	0.332519	0.334416	0.317323	0.279285	0.221093	0.154851	0.0963453	0.0469354	0.00619314	-0.0403332	-0.0884929	-0.127125	-0.152651	-0.170348	-0.186883	-0.2166	-0.247368	-0.265715	-0.25993	-0.239147	-0.218132	-0.221663	-0.248643	-0.285538	-0.319503	-0.346649	-0.371395	-0.394412	-0.397826	-0.37499	-0.317302	-0.217225	-0.0700107	0.10909	0.317193	
-0.102065	-0.102065	-0.0994035	-0.103107	-0.110097	-0.112193	-0.0952057	-0.0632492	-0.0197058	0.0184106	0.0580551	0.100244	0.134889	0.150899	0.163172	0.178441	0.186799	0.18321	0.160432	0.128144	0.0946245	0.0590888	0.020077	-0.0137178	-0.0544045	-0.101874	-0.134458	-0.147462	-0.152296	-0.166981	-0.197021	-0.229951	-0.245608	-0.239147	-0.217118	-0.193556	-0.193666	-0.217794	-0.261621	-0.308472	-0.352542	-0.396444	-0.423296	-0.427952	-0.417178	-0.377345	-0.291579	-0.155075	0.0153019	0.215322	
0.0808875	0.0808875	0.0729576	0.0564001	0.0343263	0.0200414	0.0216799	0.0320809	0.0404206	0.043525	0.0479049	0.0557658	0.0580783	0.0467394	0.0351897	0.0377622	0.0492766	0.0608177	0.0574912	0.0498087	0.037465	0.0176263	-0.0104523	-0.0360184	-0.0694125	-0.111803	-0.13418	-0.144941	-0.153125	-0.171513	-0.199673	-0.225097	-0.234457	-0.218132	-0.193556	-0.172069	-0.174873	-0.201997	-0.24516	-0.296111	-0.34995	-0.401996	-0.4309	-0.445981	-0.453693	-0.429206	-0.359596	-0.243454	-0.0880028	0.0957507	
0.213355	0.213355	0.199413	0.175568	0.14928	0.132533	0.129101	0.121253	0.100571	0.073907	0.0468624	0.0253369	0.0018303	-0.0283137	-0.0623822	-0.0719782	-0.0616937	-0.0368178	-0.0213594	-0.0112781	-0.0128743	-0.0237428	-0.0423707	-0.0586124	-0.0818969	-0.111575	-0.136413	-0.158346	-0.179337	-0.195248	-0.21956	-0.242422	-0.245817	-0.221663	-0.193666	-0.174873	-0.178675	-0.203148	-0.237836	-0.277094	-0.322614	-0.373786	-0.411662	-0.443357	-0.465928	-0.460694	-0.417405	-0.325289	-0.194219	-0.0407843	
0.310029	0.310029	0.298056	0.278089	0.255564	0.239714	0.227886	0.201774	0.159551	0.111774	0.06004	0.0121483	-0.0296263	-0.0752863	-0.120828	-0.141866	-0.136365	-0.111373	-0.0803723	-0.0582873	-0.0547023	-0.0626408	-0.0739301	-0.0824212	-0.0975543	-0.121751	-0.153583	-0.184891	-0.208971	-0.220935	-0.245062	-0.273703	-0.276497	-0.248643	-0.217794	-0.201997	-0.203148	-0.216112	-0.235006	-0.255164	-0.283817	-0.324332	-0.372047	-0.420129	-0.453215	-0.463508	-0.443933	-0.383719	-0.292425	-0.173921	
0.386834	0.386834	0.381134	0.371453	0.358507	0.342492	0.316334	0.268216	0.209299	0.146603	0.078345	0.0114034	-0.042266	-0.0982002	-0.146869	-0.175072	-0.179876	-0.163063	-0.124128	-0.0935192	-0.0870867	-0.0897397	-0.0967411	-0.107654	-0.12791	-0.150987	-0.177102	-0.206086	-0.228126	-0.243601	-0.267098	-0.3011	-0.307131	-0.285538	-0.261621	-0.24516	-0.237836	-0.235006	-0.238085	-0.241118	-0.251266	-0.283181	-0.327697	-0.374672	-0.415296	-0.446722	-0.455917	-0.429125	-0.371837	-0.28273	
0.446607	0.446607	0.443672	0.44265	0.436971	0.420513	0.376391	0.31018	0.23617	0.164916	0.0850188	0.0107318	-0.0494229	-0.106081	-0.151283	-0.176323	-0.187611	-0.178022	-0.140482	-0.106493	-0.0940258	-0.0879068	-0.0931656	-0.11644	-0.146175	-0.17066	-0.188506	-0.215018	-0.236574	-0.253153	-0.275895	-0.31271	-0.32828	-0.319503	-0.308472	-0.296111	-0.277094	-0.255164	-0.241118	-0.231972	-0.2255	-0.239511	-0.276147	-0.321919	-0.371183	-0.424672	-0.463752	-0.470097	-0.434467	-0.364541	
0.495721	0.495721	0.49144	0.489376	0.484069	0.456739	0.399181	0.320266	0.242294	0.163169	0.0757456	-0.00506388	-0.0671641	-0.115531	-0.147937	-0.156977	-0.164502	-0.155958	-0.126816	-0.0936691	-0.0752176	-0.0600057	-0.060203	-0.0883667	-0.127131	-0.162165	-0.18461	-0.209316	-0.231726	-0.249232	-0.274989	-0.313064	-0.338126	-0.346649	-0.352542	-0.34995	-0.322614	-0.283817	-0.251266	-0.2255	-0.202813	-0.204682	-0.234191	-0.278944	-0.339476	-0.414515	-0.473205	-0.497771	-0.478781	-0.422291	
0.54479	0.54479	0.535265	0.525475	0.506865	0.461355	0.389036	0.308588	0.231254	0.149064	0.0511551	-0.0382647	-0.101225	-0.136095	-0.14902	-0.141475	-0.135193	-0.124822	-0.100009	-0.0701869	-0.0463614	-0.0228928	-0.0149923	-0.0369781	-0.0837007	-0.126983	-0.159037	-0.184339	-0.214614	-0.239129	-0.271571	-0.311995	-0.346644	-0.371395	-0.396444	-0.401996	-0.373786	-0.324332	-0.283181	-0.239511	-0.204682	-0.199032	-0.225976	-0.270867	-0.337366	-0.419488	-0.488057	-0.526773	-0.52613	-0.477177	
0.594605	0.594605	0.576691	0.55248	0.515679	0.449841	0.366477	0.282485	0.20419	0.117181	0.0152839	-0.0782311	-0.135655	-0.157447	-0.156671	-0.139455	-0.118532	-0.0989754	-0.0686972	-0.0343449	-0.0017926	0.0241123	0.0372045	0.0208409	-0.0190197	-0.062219	-0.101359	-0.140743	-0.183876	-0.222052	-0.264378	-0.314622	-0.359889	-0.394412	-0.423296	-0.4309	-0.411662	-0.372047	-0.327697	-0.276147	-0.234191	-0.225976	-0.250626	-0.301256	-0.3754	-0.451501	-0.520913	-0.562123	-0.566832	-0.526718	
0.642878	0.642878	0.613688	0.574251	0.519429	0.443337	0.349608	0.256522	0.163427	0.0708516	-0.0261277	-0.109644	-0.155605	-0.171874	-0.170037	-0.153026	-0.120776	-0.0872503	-0.0447963	0.00417076	0.046615	0.0792224	0.0974526	0.0947833	0.0712705	0.0348907	-0.0112782	-0.0673327	-0.124978	-0.181608	-0.242258	-0.305098	-0.359907	-0.397826	-0.427952	-0.445981	-0.443357	-0.420129	-0.374672	-0.321919	-0.278944	-0.270867	-0.301256	-0.359721	-0.433046	-0.503249	-0.560184	-0.595213	-0.598328	-0.567172	
0.689712	0.689712	0.655258	0.601951	0.536325	0.449339	0.350607	0.239378	0.130605	0.0278457	-0.0593888	-0.128848	-0.165376	-0.182344	-0.188479	-0.17307	-0.13689	-0.0928404	-0.0419196	0.0186698	0.0777916	0.131171	0.171566	0.186496	0.178632	0.150939	0.101391	0.0339108	-0.0413513	-0.116593	-0.192201	-0.264191	-0.325398	-0.37499	-0.417178	-0.453693	-0.465928	-0.453215	-0.415296	-0.371183	-0.339476	-0.337366	-0.3754	-0.433046	-0.498169	-0.554423	-0.59185	-0.610762	-0.61083	-0.582813	
0.723644	0.723644	0.692705	0.635098	0.559507	0.461676	0.356783	0.236547	0.121788	0.0135764	-0.0698008	-0.134325	-0.168411	-0.190517	-0.200347	-0.188259	-0.156183	-0.114136	-0.0643194	0.00232902	0.0806408	0.16765	0.237801	0.274045	0.283198	0.268579	0.223818	0.151381	0.0669159	-0.0202412	-0.104397	-0.182688	-0.252922	-0.317302	-0.377345	-0.429206	-0.460694	-0.463508	-0.446722	-0.424672	-0.414515	-0.419488	-0.451501	-0.503249	-0.554423	-0.590499	-0.608405	-0.611691	-0.60847	-0.575061	
0.74943	0.74943	0.724207	0.668024	0.584049	0.48029	0.369117	0.252985	0.140828	0.0377806	-0.0500089	-0.11624	-0.161995	-0.191618	-0.206835	-0.200589	-0.180929	-0.146886	-0.0974992	-0.028008	0.0645982	0.175191	0.271378	0.333637	0.367312	0.373793	0.34424	0.281653	0.197734	0.104089	0.011405	-0.0714835	-0.148002	-0.217225	-0.291579	-0.359596	-0.417405	-0.443933	-0.455917	-0.463752	-0.473205	-0.488057	-0.520913	-0.560184	-0.59185	-0.608405	-0.614972	-0.604109	-0.588069	-0.552043	
0.770957	0.770957	0.745985	0.69047	0.605961	0.50756	0.398027	0.289566	0.185046	0.0926315	0.00791795	-0.0627422	-0.127672	-0.17757	-0.206532	-0.212403	-0.206572	-0.176324	-0.125329	-0.0549173	0.036206	0.15081	0.260094	0.349811	0.417207	0.45547	0.455015	0.413905	0.342298	0.256568	0.167071	0.0839397	0.00402776	-0.0700107	-0.155075	-0.243454	-0.325289	-0.383719	-0.429125	-0.470097	-0.497771	-0.526773	-0.562123	-0.595213	-0.610762	-0.611691	-0.604109	-0.581116	-0.545732	-0.500453	
0.789028	0.789028	0.762331	0.707032	0.630575	0.544149	0.447129	0.346961	0.252876	0.17022	0.0952025	0.0189741	-0.0673574	-0.147418	-0.198452	-0.221559	-0.225941	-0.199224	-0.149102	-0.0838523	-0.0037512	0.0999035	0.211477	0.327759	0.432664	0.507146	0.538639	0.528595	0.490193	0.43419	0.362831	0.280002	0.194642	0.10909	0.0153019	-0.0880028	-0.194219	-0.292425	-0.371837	-0.434467	-0.478781	-0.52613	-0.566832	-0.598328	-0.61083	-0.60847	-0.588069	-0.545732	-0.488259	-0.430871	
0.780561	0.780561	0.75826	0.71066	0.64536	0.573196	0.49721	0.417545	0.340217	0.266277	0.19535	0.112686	0.013239	-0.0867114	-0.157877	-0.199637	-0.215809	-0.199111	-0.159089	-0.106241	-0.0427822	0.042997	0.151608	0.286245	0.419723	0.522821	0.589027	0.62172	0.631687	0.617299	0.573744	0.499372	0.410756	0.317193	0.215322	0.0957507	-0.0407843	-0.173921	-0.28273	-0.364541	-0.422291	-0.477177	-0.526718	-0.567172	-0.582813	-0.575061	-0.552043	-0.500453	-0.430871	-0.367141	
