0.574954	0.975502	-0.126514	-0.201911	0.395596	0.395596	
0.975502	-0.0755037	-0.683535	-0.0176822	0.561283	0.561283	
-0.126514	-0.683535	-0.235685	0.357544	0.513984	0.513984	
-0.201911	-0.0176822	0.357544	0.415802	0.30124	0.30124	
0.395596	0.561283	0.513984	0.30124	0.147267	0.147267	
0.395596	0.561283	0.513984	0.30124	0.147267	0.147267	
