3.81664	3.81664	3.62622	3.27216	2.82224	2.33476	1.84425	1.40193	1.03327	0.746706	0.526541	0.354666	0.210052	0.0925069	-0.0180025	-0.130663	-0.258299	-0.382616	-0.482443	-0.51901	-0.476911	-0.344056	-0.126425	0.155089	0.458491	0.748117	0.988052	1.17563	1.31258	1.40346	1.45293	1.4417	1.33614	1.13549	0.863722	0.553153	0.230961	-0.0710026	-0.321275	-0.473187	-0.503031	-0.428629	-0.280312	-0.0861938	0.104621	0.273053	0.404789	0.491224	0.528347	0.527584	
3.81664	3.81664	3.62622	3.27216	2.82224	2.33476	1.84425	1.40193	1.03327	0.746706	0.526541	0.354666	0.210052	0.0925069	-0.0180025	-0.130663	-0.258299	-0.382616	-0.482443	-0.51901	-0.476911	-0.344056	-0.126425	0.155089	0.458491	0.748117	0.988052	1.17563	1.31258	1.40346	1.45293	1.4417	1.33614	1.13549	0.863722	0.553153	0.230961	-0.0710026	-0.321275	-0.473187	-0.503031	-0.428629	-0.280312	-0.0861938	0.104621	0.273053	0.404789	0.491224	0.528347	0.527584	
3.62622	3.62622	3.44183	3.10167	2.66716	2.1916	1.72355	1.30656	0.96213	0.690461	0.485705	0.32445	0.193094	0.0763371	-0.0335035	-0.15095	-0.276756	-0.399928	-0.499771	-0.545659	-0.511196	-0.389839	-0.182799	0.089194	0.383502	0.665134	0.895702	1.07656	1.21381	1.30699	1.35356	1.33613	1.23415	1.05404	0.807548	0.515592	0.212219	-0.0770176	-0.318016	-0.463944	-0.488472	-0.412139	-0.268553	-0.0874882	0.097943	0.267617	0.394427	0.472828	0.495117	0.487018	
3.27216	3.27216	3.10167	2.78979	2.38555	1.93973	1.50645	1.12626	0.81303	0.57697	0.407843	0.273633	0.160026	0.0508785	-0.0585887	-0.177195	-0.30103	-0.431014	-0.540269	-0.590371	-0.556557	-0.452639	-0.268512	-0.0224661	0.247882	0.513647	0.733334	0.902067	1.03175	1.12017	1.15988	1.13987	1.05284	0.906746	0.696332	0.428999	0.153259	-0.104996	-0.317984	-0.446064	-0.46369	-0.392519	-0.252654	-0.0812016	0.0929951	0.253857	0.371439	0.431878	0.439501	0.415863	
2.82224	2.82224	2.66716	2.38555	2.0202	1.61971	1.22836	0.887575	0.612228	0.427245	0.306195	0.209603	0.11373	0.0173666	-0.0893321	-0.205953	-0.331531	-0.46071	-0.574203	-0.629508	-0.607637	-0.526573	-0.369955	-0.155665	0.081178	0.320835	0.528527	0.684001	0.797224	0.869918	0.896195	0.875956	0.807277	0.698676	0.529653	0.303173	0.0637863	-0.15412	-0.332371	-0.436666	-0.442771	-0.373104	-0.240025	-0.0795811	0.0822163	0.231643	0.335316	0.373488	0.363197	0.318954	
2.33476	2.33476	2.1916	1.93973	1.61971	1.26149	0.914575	0.621737	0.402759	0.264125	0.188429	0.127435	0.0592681	-0.0215648	-0.115652	-0.229443	-0.35547	-0.48115	-0.589449	-0.65226	-0.653671	-0.593262	-0.459255	-0.275566	-0.0780941	0.126804	0.312456	0.455473	0.551486	0.602075	0.614548	0.590315	0.533273	0.452547	0.32774	0.151977	-0.0379128	-0.215145	-0.361097	-0.438374	-0.429219	-0.354924	-0.233536	-0.0886817	0.0595589	0.196202	0.280311	0.299477	0.266133	0.197918	
1.84425	1.84425	1.72355	1.50645	1.22836	0.914575	0.610834	0.363795	0.197564	0.10709	0.0721722	0.0481037	0.011684	-0.0475913	-0.135157	-0.2443	-0.365012	-0.484513	-0.589984	-0.652022	-0.667212	-0.619193	-0.507531	-0.353427	-0.190324	-0.0171777	0.142705	0.269479	0.345416	0.373783	0.370664	0.341123	0.292657	0.232808	0.141053	0.0126752	-0.134374	-0.273237	-0.386529	-0.438578	-0.417617	-0.33879	-0.229871	-0.0978218	0.0333407	0.150386	0.217427	0.220737	0.161074	0.0742564	
1.40193	1.40193	1.30656	1.12626	0.887575	0.621737	0.363795	0.161754	0.0353442	-0.0145223	-0.0109285	0.00427899	-0.00896243	-0.0581465	-0.142456	-0.245401	-0.357129	-0.470974	-0.573045	-0.633008	-0.645293	-0.602292	-0.510113	-0.382304	-0.239889	-0.0881714	0.0474405	0.154129	0.213036	0.222992	0.204326	0.171138	0.130328	0.0817583	0.0154837	-0.0821031	-0.195124	-0.301938	-0.385678	-0.421097	-0.396941	-0.327234	-0.231151	-0.115314	-0.00388407	0.0900868	0.143189	0.13671	0.06984	-0.0346493	
1.03327	1.03327	0.96213	0.81303	0.612228	0.402759	0.197564	0.0353442	-0.0564839	-0.0671725	-0.0354373	0.00266321	-0.000324923	-0.0441636	-0.121588	-0.216841	-0.327203	-0.436048	-0.528693	-0.584859	-0.587141	-0.542425	-0.459171	-0.347207	-0.213365	-0.0791689	0.0360177	0.121753	0.167243	0.166961	0.135111	0.0984305	0.0600677	0.0184306	-0.0358998	-0.110848	-0.197439	-0.281049	-0.345671	-0.378649	-0.360255	-0.307191	-0.2313	-0.139738	-0.0470531	0.023818	0.0573172	0.0424655	-0.0227431	-0.119659	
0.746706	0.746706	0.690461	0.57697	0.427245	0.264125	0.10709	-0.0145223	-0.0671725	-0.0528349	-0.00356508	0.0369131	0.0439564	0.00299684	-0.069526	-0.163623	-0.269353	-0.377806	-0.461507	-0.506459	-0.495082	-0.442833	-0.356323	-0.244551	-0.114212	0.00537855	0.0985914	0.165982	0.205364	0.203172	0.171195	0.128747	0.0869069	0.046466	-0.00147103	-0.0654918	-0.135225	-0.209249	-0.270581	-0.308181	-0.309322	-0.283357	-0.23269	-0.169851	-0.105353	-0.0577269	-0.0370481	-0.0519942	-0.108782	-0.185418	
0.526541	0.526541	0.485705	0.407843	0.306195	0.188429	0.0721722	-0.0109285	-0.0354373	-0.00356508	0.0536921	0.0985567	0.111197	0.0767381	0.000582322	-0.0959968	-0.19777	-0.290952	-0.362454	-0.393365	-0.373466	-0.311413	-0.215514	-0.0934225	0.032971	0.144121	0.225432	0.27859	0.307873	0.307909	0.28193	0.244744	0.201631	0.160137	0.109405	0.0499527	-0.0217183	-0.0950103	-0.165297	-0.215684	-0.242669	-0.246194	-0.227851	-0.201088	-0.175341	-0.150998	-0.137487	-0.151286	-0.197618	-0.253399	
0.354666	0.354666	0.32445	0.273633	0.209603	0.127435	0.0481037	0.00427899	0.00266321	0.0369131	0.0985567	0.151565	0.167244	0.138991	0.0786238	-0.00756158	-0.102948	-0.184582	-0.24217	-0.25874	-0.225196	-0.14951	-0.0414742	0.086144	0.201862	0.306924	0.389003	0.437781	0.457411	0.457123	0.443672	0.420733	0.382277	0.330418	0.269934	0.202586	0.130786	0.0545949	-0.0277139	-0.0963413	-0.152318	-0.192467	-0.212161	-0.223	-0.234216	-0.238744	-0.245907	-0.261063	-0.286639	-0.329258	
0.210052	0.210052	0.193094	0.160026	0.11373	0.0592681	0.011684	-0.00896243	-0.000324923	0.0439564	0.111197	0.167244	0.18917	0.181298	0.144954	0.0832878	0.0100815	-0.0562592	-0.0988604	-0.100507	-0.0552256	0.0291869	0.146364	0.275254	0.391249	0.492525	0.571564	0.615474	0.629219	0.635074	0.637137	0.623161	0.587785	0.531166	0.462489	0.388885	0.313303	0.223975	0.128953	0.0389437	-0.0391042	-0.105811	-0.161215	-0.208253	-0.254383	-0.290185	-0.321102	-0.350469	-0.373959	-0.40532	
0.0925069	0.0925069	0.0763371	0.0508785	0.0173666	-0.0215648	-0.0475913	-0.0581465	-0.0441636	0.00299684	0.0767381	0.138991	0.181298	0.202874	0.195835	0.16309	0.125036	0.0840274	0.0577895	0.072612	0.127629	0.216311	0.33253	0.457515	0.575363	0.671043	0.735867	0.769088	0.786026	0.804085	0.821149	0.810765	0.777255	0.723716	0.65453	0.577652	0.495547	0.397838	0.293463	0.191344	0.10159	0.0217931	-0.0603714	-0.147026	-0.231376	-0.297187	-0.349015	-0.397592	-0.4424	-0.484052	
-0.0180025	-0.0180025	-0.0335035	-0.0585887	-0.0893321	-0.115652	-0.135157	-0.142456	-0.121588	-0.069526	0.000582322	0.0786238	0.144954	0.195835	0.225964	0.237166	0.234097	0.224575	0.224929	0.259404	0.322406	0.409638	0.517414	0.627932	0.732028	0.814922	0.865191	0.888489	0.903969	0.920908	0.936169	0.939247	0.917534	0.873576	0.807047	0.731682	0.653012	0.565939	0.461104	0.35553	0.263724	0.17602	0.0749294	-0.0413225	-0.151201	-0.248737	-0.32915	-0.40283	-0.479633	-0.548624	
-0.130663	-0.130663	-0.15095	-0.177195	-0.205953	-0.229443	-0.2443	-0.245401	-0.216841	-0.163623	-0.0959968	-0.00756158	0.0832878	0.16309	0.237166	0.298942	0.334843	0.358301	0.391769	0.445453	0.514502	0.597821	0.688367	0.777279	0.858142	0.914771	0.940643	0.946674	0.951806	0.96032	0.970644	0.981015	0.978223	0.954898	0.911812	0.851604	0.785391	0.713234	0.619396	0.519561	0.425648	0.328369	0.213051	0.0853702	-0.0379869	-0.163467	-0.278702	-0.381985	-0.487429	-0.586864	
-0.258299	-0.258299	-0.276756	-0.30103	-0.331531	-0.35547	-0.365012	-0.357129	-0.327203	-0.269353	-0.19777	-0.102948	0.0100815	0.125036	0.234097	0.334843	0.41384	0.482705	0.555443	0.62142	0.688373	0.767092	0.837388	0.896373	0.946509	0.966235	0.955914	0.935635	0.921193	0.922978	0.934451	0.947842	0.965305	0.974492	0.971948	0.943327	0.893131	0.834311	0.759466	0.66913	0.5754	0.473089	0.347514	0.209779	0.0708168	-0.0723455	-0.215753	-0.35787	-0.489881	-0.607292	
-0.382616	-0.382616	-0.399928	-0.431014	-0.46071	-0.48115	-0.484513	-0.470974	-0.436048	-0.377806	-0.290952	-0.184582	-0.0562592	0.0840274	0.224575	0.358301	0.482705	0.594934	0.693083	0.772946	0.842094	0.907891	0.954328	0.978259	0.980042	0.955906	0.918724	0.879091	0.843443	0.828117	0.836754	0.865768	0.908461	0.950382	0.98228	0.996964	0.97927	0.938997	0.880098	0.79954	0.699575	0.586571	0.456473	0.316603	0.165339	0.00711256	-0.162603	-0.333244	-0.486939	-0.615998	
-0.482443	-0.482443	-0.499771	-0.540269	-0.574203	-0.589449	-0.589984	-0.573045	-0.528693	-0.461507	-0.362454	-0.24217	-0.0988604	0.0577895	0.224929	0.391769	0.555443	0.693083	0.804262	0.892214	0.961796	1.00467	1.02174	1.01125	0.971597	0.90928	0.843574	0.782716	0.728706	0.697548	0.705135	0.749017	0.815628	0.889871	0.959494	1.01218	1.02996	1.00557	0.960884	0.89085	0.783134	0.660956	0.537386	0.403037	0.248157	0.071997	-0.114819	-0.306221	-0.483582	-0.629001	
-0.51901	-0.51901	-0.545659	-0.590371	-0.629508	-0.65226	-0.652022	-0.633008	-0.584859	-0.506459	-0.393365	-0.25874	-0.100507	0.072612	0.259404	0.445453	0.62142	0.772946	0.892214	0.979038	1.03519	1.05401	1.03575	0.993689	0.925621	0.832806	0.736895	0.650456	0.585018	0.554753	0.562531	0.607259	0.687766	0.78922	0.896307	0.980948	1.01782	1.01452	0.984998	0.92364	0.821203	0.707049	0.589456	0.458788	0.305458	0.123038	-0.0752295	-0.280644	-0.477149	-0.643826	
-0.476911	-0.476911	-0.511196	-0.556557	-0.607637	-0.653671	-0.667212	-0.645293	-0.587141	-0.495082	-0.373466	-0.225196	-0.0552256	0.127629	0.322406	0.514502	0.688373	0.842094	0.961796	1.03519	1.06139	1.05317	1.00729	0.935759	0.841539	0.721498	0.600938	0.504058	0.432409	0.391847	0.392953	0.441106	0.534131	0.648585	0.775604	0.885718	0.945843	0.965803	0.94692	0.893659	0.80976	0.714031	0.605945	0.479877	0.334659	0.158307	-0.0452821	-0.258286	-0.468187	-0.657364	
-0.344056	-0.344056	-0.389839	-0.452639	-0.526573	-0.593262	-0.619193	-0.602292	-0.542425	-0.442833	-0.311413	-0.14951	0.0291869	0.216311	0.409638	0.597821	0.767092	0.907891	1.00467	1.05401	1.05317	1.01865	0.954125	0.855107	0.732372	0.588671	0.447195	0.337836	0.257516	0.208332	0.203083	0.252884	0.353761	0.480552	0.617002	0.74579	0.831315	0.867738	0.860344	0.819181	0.756327	0.68227	0.592536	0.484502	0.35113	0.184862	-0.0159138	-0.231883	-0.448343	-0.653348	
-0.126425	-0.126425	-0.182799	-0.268512	-0.369955	-0.459255	-0.507531	-0.510113	-0.459171	-0.356323	-0.215514	-0.0414742	0.146364	0.33253	0.517414	0.688367	0.837388	0.954328	1.02174	1.03575	1.00729	0.954125	0.869842	0.743683	0.594359	0.433901	0.27383	0.139315	0.0463369	0.00287476	0.00500466	0.0487856	0.155875	0.303859	0.458194	0.59565	0.698659	0.751346	0.757517	0.731322	0.68924	0.641004	0.571004	0.476789	0.359981	0.212103	0.0292403	-0.183192	-0.401637	-0.611465	
0.155089	0.155089	0.089194	-0.0224661	-0.155665	-0.275566	-0.353427	-0.382304	-0.347207	-0.244551	-0.0934225	0.086144	0.275254	0.457515	0.627932	0.777279	0.896373	0.978259	1.01125	0.993689	0.935759	0.855107	0.743683	0.595918	0.426495	0.250045	0.0750457	-0.0775306	-0.183235	-0.229738	-0.224941	-0.162188	-0.038985	0.126511	0.302552	0.456752	0.571855	0.645152	0.668206	0.662687	0.645322	0.616475	0.562012	0.486162	0.389824	0.262102	0.0970485	-0.0999215	-0.312343	-0.523136	
0.458491	0.458491	0.383502	0.247882	0.081178	-0.0780941	-0.190324	-0.239889	-0.213365	-0.114212	0.032971	0.201862	0.391249	0.575363	0.732028	0.858142	0.946509	0.980042	0.971597	0.925621	0.841539	0.732372	0.594359	0.426495	0.242496	0.0435301	-0.152245	-0.312184	-0.426937	-0.485955	-0.472243	-0.378844	-0.231833	-0.0537794	0.143748	0.323463	0.459798	0.55502	0.605566	0.628258	0.632845	0.622946	0.592415	0.542985	0.464384	0.347389	0.196042	0.0138418	-0.192822	-0.401191	
0.748117	0.748117	0.665134	0.513647	0.320835	0.126804	-0.0171777	-0.0881714	-0.0791689	0.00537855	0.144121	0.306924	0.492525	0.671043	0.814922	0.914771	0.966235	0.955906	0.90928	0.832806	0.721498	0.588671	0.433901	0.250045	0.0435301	-0.177688	-0.391995	-0.567228	-0.694801	-0.751084	-0.721591	-0.612564	-0.443681	-0.241815	-0.0200235	0.187222	0.354404	0.480727	0.562962	0.614025	0.648983	0.667613	0.662868	0.637648	0.57216	0.460301	0.314394	0.138211	-0.0596652	-0.269125	
0.988052	0.988052	0.895702	0.733334	0.528527	0.312456	0.142705	0.0474405	0.0360177	0.0985914	0.225432	0.389003	0.571564	0.735867	0.865191	0.940643	0.955914	0.918724	0.843574	0.736895	0.600938	0.447195	0.27383	0.0750457	-0.152245	-0.391995	-0.621597	-0.817582	-0.961432	-1.02022	-0.982497	-0.862507	-0.67412	-0.442444	-0.194358	0.0439455	0.246301	0.412131	0.534459	0.624766	0.694395	0.745292	0.759167	0.740624	0.682732	0.578545	0.430451	0.254769	0.0544266	-0.166385	
1.17563	1.17563	1.07656	0.902067	0.684001	0.455473	0.269479	0.154129	0.121753	0.165982	0.27859	0.437781	0.615474	0.769088	0.888489	0.946674	0.935635	0.879091	0.782716	0.650456	0.504058	0.337836	0.139315	-0.0775306	-0.312184	-0.567228	-0.817582	-1.02699	-1.18626	-1.26601	-1.23289	-1.09577	-0.890559	-0.642935	-0.369953	-0.10099	0.131757	0.332935	0.508817	0.646763	0.747777	0.825833	0.857873	0.841183	0.790233	0.693581	0.538032	0.350771	0.139692	-0.0955119	
1.31258	1.31258	1.21381	1.03175	0.797224	0.551486	0.345416	0.213036	0.167243	0.205364	0.307873	0.457411	0.629219	0.786026	0.903969	0.951806	0.921193	0.843443	0.728706	0.585018	0.432409	0.257516	0.0463369	-0.183235	-0.426937	-0.694801	-0.961432	-1.18626	-1.35921	-1.45472	-1.43222	-1.29521	-1.0819	-0.82559	-0.535993	-0.245382	0.0135812	0.250317	0.468365	0.646101	0.779708	0.880536	0.930642	0.93054	0.893473	0.800322	0.635199	0.423458	0.191792	-0.0511992	
1.40346	1.40346	1.30699	1.12017	0.869918	0.602075	0.373783	0.222992	0.166961	0.203172	0.307909	0.457123	0.635074	0.804085	0.920908	0.96032	0.922978	0.828117	0.697548	0.554753	0.391847	0.208332	0.00287476	-0.229738	-0.485955	-0.751084	-1.02022	-1.26601	-1.45472	-1.55353	-1.54609	-1.43657	-1.23595	-0.973685	-0.684325	-0.393986	-0.112339	0.161682	0.405865	0.614496	0.784311	0.90361	0.975163	1.00545	0.982632	0.892328	0.723993	0.494102	0.236451	-0.0165244	
1.45293	1.45293	1.35356	1.15988	0.896195	0.614548	0.370664	0.204326	0.135111	0.171195	0.28193	0.443672	0.637137	0.821149	0.936169	0.970644	0.934451	0.836754	0.705135	0.562531	0.392953	0.203083	0.00500466	-0.224941	-0.472243	-0.721591	-0.982497	-1.23289	-1.43222	-1.54609	-1.56374	-1.48649	-1.31716	-1.07649	-0.807116	-0.53061	-0.240003	0.0549083	0.322831	0.558221	0.757243	0.901466	0.998343	1.05356	1.04506	0.962375	0.798716	0.560542	0.287254	0.0171771	
1.4417	1.4417	1.33613	1.13987	0.875956	0.590315	0.341123	0.171138	0.0984305	0.128747	0.244744	0.420733	0.623161	0.810765	0.939247	0.981015	0.947842	0.865768	0.749017	0.607259	0.441106	0.252884	0.0487856	-0.162188	-0.378844	-0.612564	-0.862507	-1.09577	-1.29521	-1.43657	-1.48649	-1.43812	-1.31216	-1.13059	-0.900509	-0.640144	-0.363186	-0.072747	0.214189	0.475881	0.699461	0.874839	0.997866	1.06947	1.07827	1.00554	0.840241	0.602426	0.328416	0.0443892	
1.33614	1.33614	1.23415	1.05284	0.807277	0.533273	0.292657	0.130328	0.0600677	0.0869069	0.201631	0.382277	0.587785	0.777255	0.917534	0.978223	0.965305	0.908461	0.815628	0.687766	0.534131	0.353761	0.155875	-0.038985	-0.231833	-0.443681	-0.67412	-0.890559	-1.0819	-1.23595	-1.31716	-1.31216	-1.2501	-1.13472	-0.952765	-0.723962	-0.469571	-0.191653	0.0966432	0.372054	0.61515	0.81628	0.963651	1.04829	1.06695	1.0024	0.842792	0.615809	0.347961	0.0569225	
1.13549	1.13549	1.05404	0.906746	0.698676	0.452547	0.232808	0.0817583	0.0184306	0.046466	0.160137	0.330418	0.531166	0.723716	0.873576	0.954898	0.974492	0.950382	0.889871	0.78922	0.648585	0.480552	0.303859	0.126511	-0.0537794	-0.241815	-0.442444	-0.642935	-0.82559	-0.973685	-1.07649	-1.13059	-1.13472	-1.07344	-0.946278	-0.764249	-0.5389	-0.28406	-0.0178913	0.25181	0.508469	0.725284	0.880606	0.972995	0.995805	0.941793	0.80133	0.592855	0.336656	0.0582693	
0.863722	0.863722	0.807548	0.696332	0.529653	0.32774	0.141053	0.0154837	-0.0358998	-0.00147103	0.109405	0.269934	0.462489	0.65453	0.807047	0.911812	0.971948	0.98228	0.959494	0.896307	0.775604	0.617002	0.458194	0.302552	0.143748	-0.0200235	-0.194358	-0.369953	-0.535993	-0.684325	-0.807116	-0.900509	-0.952765	-0.946278	-0.872984	-0.745884	-0.568763	-0.356231	-0.121638	0.136301	0.395788	0.608224	0.759362	0.855555	0.882912	0.834266	0.719247	0.535974	0.300262	0.0418238	
0.553153	0.553153	0.515592	0.428999	0.303173	0.151977	0.0126752	-0.0821031	-0.110848	-0.0654918	0.0499527	0.202586	0.388885	0.577652	0.731682	0.851604	0.943327	0.996964	1.01218	0.980948	0.885718	0.74579	0.59565	0.456752	0.323463	0.187222	0.0439455	-0.10099	-0.245382	-0.393986	-0.53061	-0.640144	-0.723962	-0.764249	-0.745884	-0.675887	-0.559849	-0.392665	-0.19071	0.0430174	0.284028	0.485515	0.627746	0.718064	0.746822	0.711758	0.613984	0.452267	0.236366	0.00218459	
0.230961	0.230961	0.212219	0.153259	0.0637863	-0.0379128	-0.134374	-0.195124	-0.197439	-0.135225	-0.0217183	0.130786	0.313303	0.495547	0.653012	0.785391	0.893131	0.97927	1.02996	1.01782	0.945843	0.831315	0.698659	0.571855	0.459798	0.354404	0.246301	0.131757	0.0135812	-0.112339	-0.240003	-0.363186	-0.469571	-0.5389	-0.568763	-0.559849	-0.493056	-0.368963	-0.20604	-0.014111	0.193463	0.379928	0.510698	0.584452	0.613284	0.586732	0.49637	0.34297	0.148666	-0.0593936	
-0.0710026	-0.0710026	-0.0770176	-0.104996	-0.15412	-0.215145	-0.273237	-0.301938	-0.281049	-0.209249	-0.0950103	0.0545949	0.223975	0.397838	0.565939	0.713234	0.834311	0.938997	1.00557	1.01452	0.965803	0.867738	0.751346	0.645152	0.55502	0.480727	0.412131	0.332935	0.250317	0.161682	0.0549083	-0.072747	-0.191653	-0.28406	-0.356231	-0.392665	-0.368963	-0.287013	-0.16606	-0.0168218	0.152683	0.309333	0.417895	0.476692	0.498826	0.466591	0.369666	0.223758	0.0579856	-0.115097	
-0.321275	-0.321275	-0.318016	-0.317984	-0.332371	-0.361097	-0.386529	-0.385678	-0.345671	-0.270581	-0.165297	-0.0277139	0.128953	0.293463	0.461104	0.619396	0.759466	0.880098	0.960884	0.984998	0.94692	0.860344	0.757517	0.668206	0.605566	0.562962	0.534459	0.508817	0.468365	0.405865	0.322831	0.214189	0.0966432	-0.0178913	-0.121638	-0.19071	-0.20604	-0.16606	-0.0815806	0.0306357	0.16128	0.280041	0.35597	0.385933	0.384785	0.341657	0.243468	0.111635	-0.0286882	-0.167295	
-0.473187	-0.473187	-0.463944	-0.446064	-0.436666	-0.438374	-0.438578	-0.421097	-0.378649	-0.308181	-0.215684	-0.0963413	0.0389437	0.191344	0.35553	0.519561	0.66913	0.79954	0.89085	0.92364	0.893659	0.819181	0.731322	0.662687	0.628258	0.614025	0.624766	0.646763	0.646101	0.614496	0.558221	0.475881	0.372054	0.25181	0.136301	0.0430174	-0.014111	-0.0168218	0.0306357	0.109166	0.200835	0.276707	0.308758	0.302001	0.276327	0.218957	0.119376	0.000759557	-0.112068	-0.212629	
-0.503031	-0.503031	-0.488472	-0.46369	-0.442771	-0.429219	-0.417617	-0.396941	-0.360255	-0.309322	-0.242669	-0.152318	-0.0391042	0.10159	0.263724	0.425648	0.5754	0.699575	0.783134	0.821203	0.80976	0.756327	0.68924	0.645322	0.632845	0.648983	0.694395	0.747777	0.779708	0.784311	0.757243	0.699461	0.61515	0.508469	0.395788	0.284028	0.193463	0.152683	0.16128	0.200835	0.238773	0.257407	0.246266	0.208109	0.157481	0.0871438	-0.00482878	-0.108701	-0.197492	-0.255016	
-0.428629	-0.428629	-0.412139	-0.392519	-0.373104	-0.354924	-0.33879	-0.327234	-0.307191	-0.283357	-0.246194	-0.192467	-0.105811	0.0217931	0.17602	0.328369	0.473089	0.586571	0.660956	0.707049	0.714031	0.68227	0.641004	0.616475	0.622946	0.667613	0.745292	0.825833	0.880536	0.90361	0.901466	0.874839	0.81628	0.725284	0.608224	0.485515	0.379928	0.309333	0.280041	0.276707	0.257407	0.215847	0.159402	0.09061	0.015738	-0.0622513	-0.145773	-0.23144	-0.293178	-0.310605	
-0.280312	-0.280312	-0.268553	-0.252654	-0.240025	-0.233536	-0.229871	-0.231151	-0.2313	-0.23269	-0.227851	-0.212161	-0.161215	-0.0603714	0.0749294	0.213051	0.347514	0.456473	0.537386	0.589456	0.605945	0.592536	0.571004	0.562012	0.592415	0.662868	0.759167	0.857873	0.930642	0.975163	0.998343	0.997866	0.963651	0.880606	0.759362	0.627746	0.510698	0.417895	0.35597	0.308758	0.246266	0.159402	0.0544277	-0.0526585	-0.156404	-0.244076	-0.318584	-0.382341	-0.408684	-0.392099	
-0.0861938	-0.0861938	-0.0874882	-0.0812016	-0.0795811	-0.0886817	-0.0978218	-0.115314	-0.139738	-0.169851	-0.201088	-0.223	-0.208253	-0.147026	-0.0413225	0.0853702	0.209779	0.316603	0.403037	0.458788	0.479877	0.484502	0.476789	0.486162	0.542985	0.637648	0.740624	0.841183	0.93054	1.00545	1.05356	1.06947	1.04829	0.972995	0.855555	0.718064	0.584452	0.476692	0.385933	0.302001	0.208109	0.09061	-0.0526585	-0.197954	-0.332621	-0.437888	-0.509879	-0.544609	-0.538834	-0.493395	
0.104621	0.104621	0.097943	0.0929951	0.0822163	0.0595589	0.0333407	-0.00388407	-0.0470531	-0.105353	-0.175341	-0.234216	-0.254383	-0.231376	-0.151201	-0.0379869	0.0708168	0.165339	0.248157	0.305458	0.334659	0.35113	0.359981	0.389824	0.464384	0.57216	0.682732	0.790233	0.893473	0.982632	1.04506	1.07827	1.06695	0.995805	0.882912	0.746822	0.613284	0.498826	0.384785	0.276327	0.157481	0.015738	-0.156404	-0.332621	-0.489773	-0.611515	-0.684711	-0.700426	-0.667673	-0.593788	
0.273053	0.273053	0.267617	0.253857	0.231643	0.196202	0.150386	0.0900868	0.023818	-0.0577269	-0.150998	-0.238744	-0.290185	-0.297187	-0.248737	-0.163467	-0.0723455	0.00711256	0.071997	0.123038	0.158307	0.184862	0.212103	0.262102	0.347389	0.460301	0.578545	0.693581	0.800322	0.892328	0.962375	1.00554	1.0024	0.941793	0.834266	0.711758	0.586732	0.466591	0.341657	0.218957	0.0871438	-0.0622513	-0.244076	-0.437888	-0.611515	-0.745325	-0.811471	-0.809089	-0.760112	-0.657827	
0.404789	0.404789	0.394427	0.371439	0.335316	0.280311	0.217427	0.143189	0.0573172	-0.0370481	-0.137487	-0.245907	-0.321102	-0.349015	-0.32915	-0.278702	-0.215753	-0.162603	-0.114819	-0.0752295	-0.0452821	-0.0159138	0.0292403	0.0970485	0.196042	0.314394	0.430451	0.538032	0.635199	0.723993	0.798716	0.840241	0.842792	0.80133	0.719247	0.613984	0.49637	0.369666	0.243468	0.119376	-0.00482878	-0.145773	-0.318584	-0.509879	-0.684711	-0.811471	-0.867346	-0.856709	-0.791171	-0.669285	
0.491224	0.491224	0.472828	0.431878	0.373488	0.299477	0.220737	0.13671	0.0424655	-0.0519942	-0.151286	-0.261063	-0.350469	-0.397592	-0.40283	-0.381985	-0.35787	-0.333244	-0.306221	-0.280644	-0.258286	-0.231883	-0.183192	-0.0999215	0.0138418	0.138211	0.254769	0.350771	0.423458	0.494102	0.560542	0.602426	0.615809	0.592855	0.535974	0.452267	0.34297	0.223758	0.111635	0.000759557	-0.108701	-0.23144	-0.382341	-0.544609	-0.700426	-0.809089	-0.856709	-0.837846	-0.754997	-0.625277	
0.528347	0.528347	0.495117	0.439501	0.363197	0.266133	0.161074	0.06984	-0.0227431	-0.108782	-0.197618	-0.286639	-0.373959	-0.4424	-0.479633	-0.487429	-0.489881	-0.486939	-0.483582	-0.477149	-0.468187	-0.448343	-0.401637	-0.312343	-0.192822	-0.0596652	0.0544266	0.139692	0.191792	0.236451	0.287254	0.328416	0.347961	0.336656	0.300262	0.236366	0.148666	0.0579856	-0.0286882	-0.112068	-0.197492	-0.293178	-0.408684	-0.538834	-0.667673	-0.760112	-0.791171	-0.754997	-0.665331	-0.548525	
0.527584	0.527584	0.487018	0.415863	0.318954	0.197918	0.0742564	-0.0346493	-0.119659	-0.185418	-0.253399	-0.329258	-0.40532	-0.484052	-0.548624	-0.586864	-0.607292	-0.615998	-0.629001	-0.643826	-0.657364	-0.653348	-0.611465	-0.523136	-0.401191	-0.269125	-0.166385	-0.0955119	-0.0511992	-0.0165244	0.0171771	0.0443892	0.0569225	0.0582693	0.0418238	0.00218459	-0.0593936	-0.115097	-0.167295	-0.212629	-0.255016	-0.310605	-0.392099	-0.493395	-0.593788	-0.657827	-0.669285	-0.625277	-0.548525	-0.44924	
