-0.80604	-0.80604	-0.726876	-0.607303	-0.47678	-0.353345	-0.264334	-0.249177	-0.318275	-0.459543	-0.658492	-0.895205	-1.13062	-1.31295	-1.40561	-1.40658	-1.3468	-1.26738	-1.17916	-1.08612	-0.99323	-0.905361	-0.819344	-0.738974	-0.676333	-0.609912	-0.539307	-0.481598	-0.450137	-0.416767	-0.355809	-0.26818	-0.172064	-0.0915072	-0.040953	-0.00457942	0.0241315	0.0435607	0.0515861	0.0579764	0.0749052	0.100359	0.113379	0.104725	0.0677087	0.0198352	-0.0129076	0.00115466	0.0528045	0.109663	
-0.80604	-0.80604	-0.726876	-0.607303	-0.47678	-0.353345	-0.264334	-0.249177	-0.318275	-0.459543	-0.658492	-0.895205	-1.13062	-1.31295	-1.40561	-1.40658	-1.3468	-1.26738	-1.17916	-1.08612	-0.99323	-0.905361	-0.819344	-0.738974	-0.676333	-0.609912	-0.539307	-0.481598	-0.450137	-0.416767	-0.355809	-0.26818	-0.172064	-0.0915072	-0.040953	-0.00457942	0.0241315	0.0435607	0.0515861	0.0579764	0.0749052	0.100359	0.113379	0.104725	0.0677087	0.0198352	-0.0129076	0.00115466	0.0528045	0.109663	
-0.726876	-0.726876	-0.636875	-0.498287	-0.342081	-0.194517	-0.0841095	-0.0558807	-0.118497	-0.260663	-0.46447	-0.706778	-0.947641	-1.13478	-1.23517	-1.24828	-1.20663	-1.14908	-1.08451	-1.01193	-0.934527	-0.855272	-0.77424	-0.698064	-0.639817	-0.580696	-0.517091	-0.465423	-0.437736	-0.407805	-0.353703	-0.277926	-0.196965	-0.133415	-0.0935266	-0.0607928	-0.0260141	0.00581839	0.0288033	0.0466013	0.0712588	0.0979701	0.111308	0.102695	0.0692007	0.0272676	0.00459689	0.0296412	0.0939813	0.165689	
-0.607303	-0.607303	-0.498287	-0.321676	-0.119828	0.0776591	0.227774	0.287584	0.241562	0.105454	-0.100694	-0.349477	-0.597353	-0.79519	-0.911419	-0.949989	-0.942435	-0.925413	-0.902394	-0.868757	-0.820721	-0.762607	-0.694943	-0.628136	-0.577963	-0.525465	-0.469761	-0.423689	-0.400206	-0.377573	-0.335862	-0.278843	-0.22282	-0.18132	-0.15982	-0.133845	-0.0964458	-0.0533962	-0.0161601	0.0169012	0.0499113	0.0836813	0.100398	0.0974166	0.0725596	0.046066	0.0416453	0.089063	0.17715	0.271858	
-0.47678	-0.47678	-0.342081	-0.119828	0.144856	0.40362	0.612163	0.715182	0.701095	0.581066	0.379944	0.128589	-0.129335	-0.343434	-0.486826	-0.561772	-0.599622	-0.630458	-0.657279	-0.668518	-0.660772	-0.632942	-0.588609	-0.538085	-0.494643	-0.447081	-0.392925	-0.350133	-0.332411	-0.320111	-0.296077	-0.261151	-0.226367	-0.207766	-0.200871	-0.188293	-0.15809	-0.117544	-0.0759963	-0.0363146	0.00944026	0.0528085	0.0829215	0.0917022	0.0828986	0.0742439	0.0951681	0.168711	0.284184	0.406314	
-0.353345	-0.353345	-0.194517	0.0776591	0.40362	0.73285	1.00266	1.16324	1.19176	1.10246	0.91684	0.667338	0.399228	0.160442	-0.0187889	-0.139768	-0.226357	-0.305877	-0.37793	-0.434573	-0.466583	-0.474985	-0.45841	-0.425387	-0.388672	-0.339319	-0.284859	-0.245123	-0.235717	-0.240833	-0.238183	-0.224478	-0.210163	-0.204336	-0.21132	-0.209997	-0.193005	-0.163061	-0.127755	-0.0849694	-0.0344059	0.0222567	0.0658855	0.0923399	0.102394	0.117491	0.161723	0.259106	0.396428	0.537003	
-0.264334	-0.264334	-0.0841095	0.227774	0.612163	1.00266	1.33866	1.55946	1.64479	1.59785	1.4394	1.19891	0.920875	0.65576	0.435833	0.268741	0.135165	0.0160011	-0.0945886	-0.186223	-0.255138	-0.295349	-0.305973	-0.291858	-0.26111	-0.215165	-0.163462	-0.130807	-0.132621	-0.151104	-0.165201	-0.166613	-0.162456	-0.168377	-0.182148	-0.193394	-0.189881	-0.173787	-0.148097	-0.111915	-0.0592946	0.000567463	0.0573746	0.0990718	0.130007	0.164618	0.228592	0.338668	0.484695	0.634581	
-0.249177	-0.249177	-0.0558807	0.287584	0.715182	1.16324	1.55946	1.84964	1.99998	2.01059	1.89123	1.67004	1.39018	1.10335	0.848716	0.638988	0.465303	0.309485	0.168179	0.04424	-0.053125	-0.12039	-0.153242	-0.156307	-0.137335	-0.100813	-0.0601662	-0.0380619	-0.0443534	-0.0670336	-0.0834476	-0.0875758	-0.0890853	-0.0987617	-0.120162	-0.139014	-0.146805	-0.143659	-0.131439	-0.106576	-0.0663377	-0.0101728	0.0481445	0.101868	0.149411	0.202769	0.280736	0.396764	0.541959	0.689031	
-0.318275	-0.318275	-0.118497	0.241562	0.701095	1.19176	1.64479	1.99998	2.22083	2.2925	2.22061	2.02703	1.75615	1.46024	1.18208	0.941416	0.732819	0.547438	0.377012	0.229315	0.109489	0.025157	-0.0244632	-0.0457302	-0.0439139	-0.0269518	-0.00444988	0.00811806	0.0031418	-0.00819103	-0.0140288	-0.00972975	-0.00694645	-0.0185359	-0.0418742	-0.0683894	-0.0871295	-0.0975407	-0.100391	-0.0905436	-0.0626892	-0.0182708	0.0374884	0.0921143	0.146815	0.209046	0.295363	0.41388	0.556171	0.696507	
-0.459543	-0.459543	-0.260663	0.105454	0.581066	1.10246	1.59785	2.01059	2.2925	2.42336	2.39849	2.24094	1.99176	1.70306	1.41882	1.15878	0.926334	0.714685	0.523417	0.356878	0.224416	0.129294	0.0668051	0.0271347	0.00803737	0.0018463	0.00559165	0.00785318	0.00923282	0.0101555	0.0192272	0.0349892	0.0456236	0.0397416	0.018018	-0.0111105	-0.0379416	-0.0598454	-0.0721249	-0.0708298	-0.0521832	-0.0158356	0.0293065	0.0766461	0.126711	0.187496	0.276568	0.394389	0.529035	0.656009	
-0.658492	-0.658492	-0.46447	-0.100694	0.379944	0.91684	1.4394	1.89123	2.22061	2.39849	2.42014	2.3044	2.0926	1.83015	1.55836	1.29767	1.05366	0.830427	0.627668	0.453275	0.312907	0.208877	0.131799	0.0721008	0.0314455	0.00537805	-0.00887979	-0.0152456	-0.0136594	-0.00462852	0.0117911	0.0372931	0.0570081	0.0607946	0.0470425	0.020921	-0.00767146	-0.0307157	-0.0436994	-0.0398007	-0.0226616	0.00539844	0.0394929	0.0725651	0.110483	0.164355	0.247074	0.354157	0.471322	0.572025	
-0.895205	-0.895205	-0.706778	-0.349477	0.128589	0.667338	1.19891	1.67004	2.02703	2.24094	2.3044	2.23807	2.07617	1.85663	1.61632	1.37183	1.13659	0.917098	0.718245	0.543169	0.395957	0.278848	0.18311	0.102201	0.0447437	0.00279753	-0.0244045	-0.0430864	-0.0460693	-0.0394923	-0.0219727	0.0058338	0.0335717	0.048023	0.0476211	0.0337318	0.0158078	0.00111573	-0.00162896	0.00689672	0.0232249	0.0446649	0.0673062	0.0912812	0.121808	0.165008	0.233818	0.315461	0.394521	0.455879	
-1.13062	-1.13062	-0.947641	-0.597353	-0.129335	0.399228	0.920875	1.39018	1.75615	1.99176	2.0926	2.07617	1.97075	1.80401	1.60708	1.39634	1.18627	0.987603	0.802865	0.630387	0.473524	0.33817	0.221286	0.12302	0.0528232	0.00275504	-0.0353553	-0.0641901	-0.0746338	-0.0725393	-0.0616864	-0.0375939	-0.0119449	0.0100482	0.0240322	0.0304846	0.0327975	0.0375299	0.0469603	0.0637763	0.0794886	0.096319	0.115362	0.136636	0.161789	0.194827	0.240859	0.285299	0.319948	0.335073	
-1.31295	-1.31295	-1.13478	-0.79519	-0.343434	0.160442	0.65576	1.10335	1.46024	1.70306	1.83015	1.85663	1.80401	1.69006	1.54371	1.37688	1.20584	1.03812	0.873246	0.705657	0.538755	0.386812	0.253457	0.141755	0.0634096	0.00492014	-0.0428369	-0.0813996	-0.0975894	-0.101039	-0.0984043	-0.0867257	-0.0670382	-0.0421572	-0.0124259	0.0165219	0.0412778	0.0630092	0.0866802	0.111647	0.134411	0.157553	0.181201	0.205862	0.227748	0.245043	0.263974	0.270559	0.258213	0.231719	
-1.40561	-1.40561	-1.23517	-0.911419	-0.486826	-0.0187889	0.435833	0.848716	1.18208	1.41882	1.55836	1.61632	1.60708	1.54371	1.4496	1.33339	1.20657	1.07206	0.928255	0.766372	0.594128	0.432062	0.287479	0.166307	0.0771235	0.00800231	-0.0509676	-0.0988571	-0.119559	-0.128268	-0.137156	-0.138556	-0.129171	-0.101847	-0.060501	-0.0145543	0.0263046	0.0641647	0.104474	0.150185	0.192333	0.230988	0.263197	0.288617	0.302013	0.303496	0.300008	0.276197	0.231237	0.172001	
-1.40658	-1.40658	-1.24828	-0.949989	-0.561772	-0.139768	0.268741	0.638988	0.941416	1.15878	1.29767	1.37183	1.39634	1.37688	1.33339	1.26664	1.18179	1.07922	0.957562	0.809496	0.644107	0.483425	0.336674	0.207574	0.105262	0.0208299	-0.0556705	-0.117461	-0.149709	-0.167974	-0.18768	-0.200721	-0.196056	-0.16731	-0.119606	-0.0657899	-0.0166787	0.0346471	0.097049	0.169975	0.239376	0.297364	0.338915	0.365711	0.3728	0.362766	0.340916	0.294929	0.222781	0.139845	
-1.3468	-1.3468	-1.20663	-0.942435	-0.599622	-0.226357	0.135165	0.465303	0.732819	0.926334	1.05366	1.13659	1.18627	1.20584	1.20657	1.18179	1.13207	1.05719	0.96036	0.835313	0.687295	0.538579	0.394956	0.262139	0.148323	0.0469114	-0.0486469	-0.131084	-0.179166	-0.209395	-0.238736	-0.260302	-0.263478	-0.240275	-0.197138	-0.144806	-0.0903458	-0.0244892	0.062728	0.164827	0.260104	0.337405	0.389478	0.420982	0.428243	0.410445	0.375768	0.311275	0.219353	0.120188	
-1.26738	-1.26738	-1.14908	-0.925413	-0.630458	-0.305877	0.0160011	0.309485	0.547438	0.714685	0.830427	0.917098	0.987603	1.03812	1.07206	1.07922	1.05719	1.00975	0.94441	0.850854	0.731774	0.601644	0.469868	0.340386	0.219408	0.103491	-0.0155702	-0.120875	-0.188509	-0.230282	-0.268244	-0.301431	-0.317594	-0.307612	-0.272964	-0.222201	-0.163306	-0.0858537	0.0158165	0.133535	0.245556	0.336375	0.402546	0.446627	0.45963	0.442293	0.397533	0.318104	0.211263	0.102009	
-1.17916	-1.17916	-1.08451	-0.902394	-0.657279	-0.37793	-0.0945886	0.168179	0.377012	0.523417	0.627668	0.718245	0.802865	0.873246	0.928255	0.957562	0.96036	0.94441	0.914757	0.86084	0.773632	0.669569	0.555668	0.436872	0.315004	0.185781	0.0474073	-0.0775317	-0.159345	-0.210955	-0.260969	-0.312693	-0.349923	-0.354932	-0.326183	-0.273705	-0.209644	-0.129968	-0.0266343	0.0927262	0.206903	0.304482	0.377957	0.428789	0.449855	0.434294	0.388511	0.308498	0.200669	0.0916122	
-1.08612	-1.08612	-1.01193	-0.868757	-0.668518	-0.434573	-0.186223	0.04424	0.229315	0.356878	0.453275	0.543169	0.630387	0.705657	0.766372	0.809496	0.835313	0.850854	0.86084	0.845791	0.797288	0.724067	0.637635	0.537623	0.421766	0.288737	0.141932	0.0105786	-0.0778293	-0.139647	-0.20722	-0.284396	-0.342917	-0.360749	-0.332792	-0.277774	-0.214607	-0.140127	-0.0463902	0.0610739	0.166917	0.253184	0.31893	0.365521	0.384228	0.373327	0.335215	0.265847	0.173471	0.0811105	
-0.99323	-0.99323	-0.934527	-0.820721	-0.660772	-0.466583	-0.255138	-0.053125	0.109489	0.224416	0.312907	0.395957	0.473524	0.538755	0.594128	0.644107	0.687295	0.731774	0.773632	0.797288	0.785744	0.748579	0.692801	0.616927	0.51681	0.394488	0.258586	0.137801	0.0521855	-0.0162822	-0.100203	-0.196528	-0.271833	-0.298138	-0.275063	-0.226157	-0.171789	-0.111427	-0.0347493	0.054231	0.13637	0.199638	0.243727	0.271032	0.282414	0.270977	0.239784	0.188185	0.118907	0.0476137	
-0.905361	-0.905361	-0.855272	-0.762607	-0.632942	-0.474985	-0.295349	-0.12039	0.025157	0.129294	0.208877	0.278848	0.33817	0.386812	0.432062	0.483425	0.538579	0.601644	0.669569	0.724067	0.748579	0.74344	0.717117	0.666347	0.590424	0.491784	0.380711	0.28044	0.205456	0.138324	0.0527409	-0.0491409	-0.129206	-0.164332	-0.150866	-0.114787	-0.075565	-0.0329567	0.0221019	0.0821408	0.134286	0.16373	0.176808	0.179667	0.173678	0.156396	0.12975	0.090819	0.040022	-0.0123825	
-0.819344	-0.819344	-0.77424	-0.694943	-0.588609	-0.45841	-0.305973	-0.153242	-0.0244632	0.0668051	0.131799	0.18311	0.221286	0.253457	0.287479	0.336674	0.394956	0.469868	0.555668	0.637635	0.692801	0.717117	0.717827	0.694991	0.648548	0.577301	0.490973	0.409849	0.348127	0.2933	0.219775	0.128667	0.0511715	0.0129184	0.020386	0.0472167	0.0757661	0.100778	0.129116	0.15647	0.170078	0.160139	0.138303	0.108416	0.0813887	0.0519423	0.0196701	-0.0193135	-0.0667979	-0.119904	
-0.738974	-0.738974	-0.698064	-0.628136	-0.538085	-0.425387	-0.291858	-0.156307	-0.0457302	0.0271347	0.0721008	0.102201	0.12302	0.141755	0.166307	0.207574	0.262139	0.340386	0.436872	0.537623	0.616927	0.666347	0.694991	0.701766	0.68459	0.635958	0.567325	0.504289	0.462492	0.430693	0.381636	0.308921	0.241659	0.207699	0.216056	0.24152	0.262515	0.271222	0.274209	0.26765	0.242025	0.192043	0.130523	0.0662856	0.0107372	-0.0420148	-0.0961136	-0.154944	-0.219522	-0.283203	
-0.676333	-0.676333	-0.639817	-0.577963	-0.494643	-0.388672	-0.26111	-0.137335	-0.0439139	0.00803737	0.0314455	0.0447437	0.0528232	0.0634096	0.0771235	0.105262	0.148323	0.219408	0.315004	0.421766	0.51681	0.590424	0.648548	0.68459	0.692272	0.658136	0.605831	0.563495	0.54998	0.54784	0.527251	0.479762	0.433164	0.413942	0.434552	0.4629	0.478738	0.470385	0.443864	0.396933	0.327111	0.232539	0.134806	0.0393078	-0.0440243	-0.126455	-0.213509	-0.307911	-0.400768	-0.482299	
-0.609912	-0.609912	-0.580696	-0.525465	-0.447081	-0.339319	-0.215165	-0.100813	-0.0269518	0.0018463	0.00537805	0.00279753	0.00275504	0.00492014	0.00800231	0.0208299	0.0469114	0.103491	0.185781	0.288737	0.394488	0.491784	0.577301	0.635958	0.658136	0.63631	0.600323	0.585504	0.603032	0.632144	0.643136	0.630801	0.614907	0.622817	0.658258	0.691909	0.699916	0.668896	0.603255	0.508843	0.387895	0.252725	0.123498	0.00104382	-0.10957	-0.221945	-0.342506	-0.466379	-0.58024	-0.674437	
-0.539307	-0.539307	-0.517091	-0.469761	-0.392925	-0.284859	-0.163462	-0.0601662	-0.00444988	0.00559165	-0.00887979	-0.0244045	-0.0353553	-0.0428369	-0.0509676	-0.0556705	-0.0486469	-0.0155702	0.0474073	0.141932	0.258586	0.380711	0.490973	0.567325	0.605831	0.600323	0.589315	0.600476	0.644433	0.696975	0.736904	0.758227	0.776955	0.810279	0.863193	0.902931	0.902744	0.845771	0.738586	0.592607	0.424478	0.250009	0.087834	-0.0618624	-0.199449	-0.335952	-0.473696	-0.611232	-0.734626	-0.83139	
-0.481598	-0.481598	-0.465423	-0.423689	-0.350133	-0.245123	-0.130807	-0.0380619	0.00811806	0.00785318	-0.0152456	-0.0430864	-0.0641901	-0.0813996	-0.0988571	-0.117461	-0.131084	-0.120875	-0.0775317	0.0105786	0.137801	0.28044	0.409849	0.504289	0.563495	0.585504	0.600476	0.634855	0.696999	0.767799	0.829914	0.880498	0.924454	0.978284	1.04133	1.08018	1.06518	0.979846	0.833753	0.64899	0.443533	0.236319	0.0468657	-0.128006	-0.286825	-0.438136	-0.588615	-0.735991	-0.862511	-0.956157	
-0.450137	-0.450137	-0.437736	-0.400206	-0.332411	-0.235717	-0.132621	-0.0443534	0.0031418	0.00923282	-0.0136594	-0.0460693	-0.0746338	-0.0975894	-0.119559	-0.149709	-0.179166	-0.188509	-0.159345	-0.0778293	0.0521855	0.205456	0.348127	0.462492	0.54998	0.603032	0.644433	0.696999	0.774555	0.858334	0.93599	1.00388	1.06379	1.12724	1.18789	1.21504	1.17832	1.06764	0.895629	0.683614	0.451012	0.222037	0.0133588	-0.171865	-0.340005	-0.502762	-0.663223	-0.818318	-0.946225	-1.02988	
-0.416767	-0.416767	-0.407805	-0.377573	-0.320111	-0.240833	-0.151104	-0.0670336	-0.00819103	0.0101555	-0.00462852	-0.0394923	-0.0725393	-0.101039	-0.128268	-0.167974	-0.209395	-0.230282	-0.210955	-0.139647	-0.0162822	0.138324	0.2933	0.430693	0.54784	0.632144	0.696975	0.767799	0.858334	0.951224	1.03617	1.11189	1.17856	1.23799	1.28332	1.28764	1.22818	1.09839	0.907021	0.674415	0.425671	0.187771	-0.0188024	-0.1984	-0.367707	-0.534676	-0.701013	-0.856077	-0.976646	-1.04775	
-0.355809	-0.355809	-0.353703	-0.335862	-0.296077	-0.238183	-0.165201	-0.0834476	-0.0140288	0.0192272	0.0117911	-0.0219727	-0.0616864	-0.0984043	-0.137156	-0.18768	-0.238736	-0.268244	-0.260969	-0.20722	-0.100203	0.0527409	0.219775	0.381636	0.527251	0.643136	0.736904	0.829914	0.93599	1.03617	1.12281	1.19833	1.25586	1.29454	1.30852	1.28237	1.19887	1.04973	0.842028	0.599512	0.352704	0.130091	-0.0569789	-0.222688	-0.385017	-0.550876	-0.709308	-0.852524	-0.959795	-1.02398	
-0.26818	-0.26818	-0.277926	-0.278843	-0.261151	-0.224478	-0.166613	-0.0875758	-0.00972975	0.0349892	0.0372931	0.0058338	-0.0375939	-0.0867257	-0.138556	-0.200721	-0.260302	-0.301431	-0.312693	-0.284396	-0.196528	-0.0491409	0.128667	0.308921	0.479762	0.630801	0.758227	0.880498	1.00388	1.11189	1.19833	1.26018	1.29358	1.29558	1.26838	1.20647	1.0909	0.918064	0.699009	0.462494	0.239216	0.0489123	-0.109744	-0.249716	-0.392811	-0.536713	-0.675058	-0.800252	-0.901639	-0.967979	
-0.172064	-0.172064	-0.196965	-0.22282	-0.226367	-0.210163	-0.162456	-0.0890853	-0.00694645	0.0456236	0.0570081	0.0335717	-0.0119449	-0.0670382	-0.129171	-0.196056	-0.263478	-0.317594	-0.349923	-0.342917	-0.271833	-0.129206	0.0511715	0.241659	0.433164	0.614907	0.776955	0.924454	1.06379	1.17856	1.25586	1.29358	1.29193	1.25064	1.18149	1.0734	0.919404	0.722443	0.503854	0.289244	0.103161	-0.0504365	-0.168352	-0.270745	-0.373726	-0.485077	-0.596933	-0.709625	-0.808614	-0.881229	
-0.0915072	-0.0915072	-0.133415	-0.18132	-0.207766	-0.204336	-0.168377	-0.0987617	-0.0185359	0.0397416	0.0607946	0.048023	0.0100482	-0.0421572	-0.101847	-0.16731	-0.240275	-0.307612	-0.354932	-0.360749	-0.298138	-0.164332	0.0129184	0.207699	0.413942	0.622817	0.810279	0.978284	1.12724	1.23799	1.29454	1.29558	1.25064	1.16592	1.04544	0.88938	0.699664	0.493379	0.29175	0.110435	-0.0388179	-0.148375	-0.221023	-0.274616	-0.332519	-0.406806	-0.493559	-0.588973	-0.681256	-0.757303	
-0.040953	-0.040953	-0.0935266	-0.15982	-0.200871	-0.21132	-0.182148	-0.120162	-0.0418742	0.018018	0.0470425	0.0476211	0.0240322	-0.0124259	-0.060501	-0.119606	-0.197138	-0.272964	-0.326183	-0.332792	-0.275063	-0.150866	0.020386	0.216056	0.434552	0.658258	0.863193	1.04133	1.18789	1.28332	1.30852	1.26838	1.18149	1.04544	0.874866	0.673083	0.461073	0.258058	0.0779557	-0.0728082	-0.179428	-0.241995	-0.261023	-0.265051	-0.279031	-0.318036	-0.376558	-0.452018	-0.534233	-0.606966	
-0.00457942	-0.00457942	-0.0607928	-0.133845	-0.188293	-0.209997	-0.193394	-0.139014	-0.0683894	-0.0111105	0.020921	0.0337318	0.0304846	0.0165219	-0.0145543	-0.0657899	-0.144806	-0.222201	-0.273705	-0.277774	-0.226157	-0.114787	0.0472167	0.24152	0.4629	0.691909	0.902931	1.08018	1.21504	1.28764	1.28237	1.20647	1.0734	0.88938	0.673083	0.4412	0.220188	0.0215619	-0.140439	-0.258259	-0.322923	-0.336166	-0.307526	-0.269489	-0.240585	-0.240814	-0.266462	-0.316211	-0.37936	-0.441949	
0.0241315	0.0241315	-0.0260141	-0.0964458	-0.15809	-0.193005	-0.189881	-0.146805	-0.0871295	-0.0379416	-0.00767146	0.0158078	0.0327975	0.0412778	0.0263046	-0.0166787	-0.0903458	-0.163306	-0.209644	-0.214607	-0.171789	-0.075565	0.0757661	0.262515	0.478738	0.699916	0.902744	1.06518	1.17832	1.22818	1.19887	1.0909	0.919404	0.699664	0.461073	0.220188	-0.0049423	-0.199238	-0.344584	-0.431788	-0.458262	-0.434032	-0.370022	-0.293387	-0.22534	-0.187396	-0.180366	-0.202971	-0.243338	-0.285535	
0.0435607	0.0435607	0.00581839	-0.0533962	-0.117544	-0.163061	-0.173787	-0.143659	-0.0975407	-0.0598454	-0.0307157	0.00111573	0.0375299	0.0630092	0.0641647	0.0346471	-0.0244892	-0.0858537	-0.129968	-0.140127	-0.111427	-0.0329567	0.100778	0.271222	0.470385	0.668896	0.845771	0.979846	1.06764	1.09839	1.04973	0.918064	0.722443	0.493379	0.258058	0.0215619	-0.199238	-0.384161	-0.508025	-0.564768	-0.563693	-0.512246	-0.420359	-0.315836	-0.21983	-0.155312	-0.126931	-0.127435	-0.146762	-0.166578	
0.0515861	0.0515861	0.0288033	-0.0161601	-0.0759963	-0.127755	-0.148097	-0.131439	-0.100391	-0.0721249	-0.0436994	-0.00162896	0.0469603	0.0866802	0.104474	0.097049	0.062728	0.0158165	-0.0266343	-0.0463902	-0.0347493	0.0221019	0.129116	0.274209	0.443864	0.603255	0.738586	0.833753	0.895629	0.907021	0.842028	0.699009	0.503854	0.29175	0.0779557	-0.140439	-0.344584	-0.508025	-0.605552	-0.637101	-0.610935	-0.536328	-0.424312	-0.304753	-0.198937	-0.129423	-0.0952456	-0.0926833	-0.102274	-0.107879	
0.0579764	0.0579764	0.0466013	0.0169012	-0.0363146	-0.0849694	-0.111915	-0.106576	-0.0905436	-0.0708298	-0.0398007	0.00689672	0.0637763	0.111647	0.150185	0.169975	0.164827	0.133535	0.0927262	0.0610739	0.054231	0.0821408	0.15647	0.26765	0.396933	0.508843	0.592607	0.64899	0.683614	0.674415	0.599512	0.462494	0.289244	0.110435	-0.0728082	-0.258259	-0.431788	-0.564768	-0.637101	-0.640905	-0.590523	-0.493758	-0.373246	-0.253096	-0.158389	-0.101487	-0.0861604	-0.0950772	-0.110483	-0.11426	
0.0749052	0.0749052	0.0712588	0.0499113	0.00944026	-0.0344059	-0.0592946	-0.0663377	-0.0626892	-0.0521832	-0.0226616	0.0232249	0.0794886	0.134411	0.192333	0.239376	0.260104	0.245556	0.206903	0.166917	0.13637	0.134286	0.170078	0.242025	0.327111	0.387895	0.424478	0.443533	0.451012	0.425671	0.352704	0.239216	0.103161	-0.0388179	-0.179428	-0.322923	-0.458262	-0.563693	-0.610935	-0.590523	-0.514595	-0.406814	-0.287083	-0.182097	-0.114005	-0.0924155	-0.105596	-0.137458	-0.168476	-0.177869	
0.100359	0.100359	0.0979701	0.0836813	0.0528085	0.0222567	0.000567463	-0.0101728	-0.0182708	-0.0158356	0.00539844	0.0446649	0.096319	0.157553	0.230988	0.297364	0.337405	0.336375	0.304482	0.253184	0.199638	0.16373	0.160139	0.192043	0.232539	0.252725	0.250009	0.236319	0.222037	0.187771	0.130091	0.0489123	-0.0504365	-0.148375	-0.241995	-0.336166	-0.434032	-0.512246	-0.536328	-0.493758	-0.406814	-0.300438	-0.19977	-0.128382	-0.104768	-0.122805	-0.164265	-0.217753	-0.262462	-0.279735	
0.113379	0.113379	0.111308	0.100398	0.0829215	0.0658855	0.0573746	0.0481445	0.0374884	0.0293065	0.0394929	0.0673062	0.115362	0.181201	0.263197	0.338915	0.389478	0.402546	0.377957	0.31893	0.243727	0.176808	0.138303	0.130523	0.134806	0.123498	0.087834	0.0468657	0.0133588	-0.0188024	-0.0569789	-0.109744	-0.168352	-0.221023	-0.261023	-0.307526	-0.370022	-0.420359	-0.424312	-0.373246	-0.287083	-0.19977	-0.135881	-0.113748	-0.13924	-0.195052	-0.264057	-0.336468	-0.39232	-0.403058	
0.104725	0.104725	0.102695	0.0974166	0.0917022	0.0923399	0.0990718	0.101868	0.0921143	0.0766461	0.0725651	0.0912812	0.136636	0.205862	0.288617	0.365711	0.420982	0.446627	0.428789	0.365521	0.271032	0.179667	0.108416	0.0662856	0.0393078	0.00104382	-0.0618624	-0.128006	-0.171865	-0.1984	-0.222688	-0.249716	-0.270745	-0.274616	-0.265051	-0.269489	-0.293387	-0.315836	-0.304753	-0.253096	-0.182097	-0.128382	-0.113748	-0.145035	-0.211884	-0.303155	-0.395842	-0.480685	-0.531346	-0.528529	
0.0677087	0.0677087	0.0692007	0.0725596	0.0828986	0.102394	0.130007	0.149411	0.146815	0.126711	0.110483	0.121808	0.161789	0.227748	0.302013	0.3728	0.428243	0.45963	0.449855	0.384228	0.282414	0.173678	0.0813887	0.0107372	-0.0440243	-0.10957	-0.199449	-0.286825	-0.340005	-0.367707	-0.385017	-0.392811	-0.373726	-0.332519	-0.279031	-0.240585	-0.22534	-0.21983	-0.198937	-0.158389	-0.114005	-0.104768	-0.13924	-0.211884	-0.31415	-0.434649	-0.542469	-0.625848	-0.666275	-0.654155	
0.0198352	0.0198352	0.0272676	0.046066	0.0742439	0.117491	0.164618	0.202769	0.209046	0.187496	0.164355	0.165008	0.194827	0.245043	0.303496	0.362766	0.410445	0.442293	0.434294	0.373327	0.270977	0.156396	0.0519423	-0.0420148	-0.126455	-0.221945	-0.335952	-0.438136	-0.502762	-0.534676	-0.550876	-0.536713	-0.485077	-0.406806	-0.318036	-0.240814	-0.187396	-0.155312	-0.129423	-0.101487	-0.0924155	-0.122805	-0.195052	-0.303155	-0.434649	-0.572756	-0.683205	-0.757235	-0.790851	-0.768448	
-0.0129076	-0.0129076	0.00459689	0.0416453	0.0951681	0.161723	0.228592	0.280736	0.295363	0.276568	0.247074	0.233818	0.240859	0.263974	0.300008	0.340916	0.375768	0.397533	0.388511	0.335215	0.239784	0.12975	0.0196701	-0.0961136	-0.213509	-0.342506	-0.473696	-0.588615	-0.663223	-0.701013	-0.709308	-0.675058	-0.596933	-0.493559	-0.376558	-0.266462	-0.180366	-0.126931	-0.0952456	-0.0861604	-0.105596	-0.164265	-0.264057	-0.395842	-0.542469	-0.683205	-0.789309	-0.860882	-0.885052	-0.838227	
0.00115466	0.00115466	0.0296412	0.089063	0.168711	0.259106	0.338668	0.396764	0.41388	0.394389	0.354157	0.315461	0.285299	0.270559	0.276197	0.294929	0.311275	0.318104	0.308498	0.265847	0.188185	0.090819	-0.0193135	-0.154944	-0.307911	-0.466379	-0.611232	-0.735991	-0.818318	-0.856077	-0.852524	-0.800252	-0.709625	-0.588973	-0.452018	-0.316211	-0.202971	-0.127435	-0.0926833	-0.0950772	-0.137458	-0.217753	-0.336468	-0.480685	-0.625848	-0.757235	-0.860882	-0.920537	-0.914865	-0.840523	
0.0528045	0.0528045	0.0939813	0.17715	0.284184	0.396428	0.484695	0.541959	0.556171	0.529035	0.471322	0.394521	0.319948	0.258213	0.231237	0.222781	0.219353	0.211263	0.200669	0.173471	0.118907	0.040022	-0.0667979	-0.219522	-0.400768	-0.58024	-0.734626	-0.862511	-0.946225	-0.976646	-0.959795	-0.901639	-0.808614	-0.681256	-0.534233	-0.37936	-0.243338	-0.146762	-0.102274	-0.110483	-0.168476	-0.262462	-0.39232	-0.531346	-0.666275	-0.790851	-0.885052	-0.914865	-0.879095	-0.781337	
0.109663	0.109663	0.165689	0.271858	0.406314	0.537003	0.634581	0.689031	0.696507	0.656009	0.572025	0.455879	0.335073	0.231719	0.172001	0.139845	0.120188	0.102009	0.0916122	0.0811105	0.0476137	-0.0123825	-0.119904	-0.283203	-0.482299	-0.674437	-0.83139	-0.956157	-1.02988	-1.04775	-1.02398	-0.967979	-0.881229	-0.757303	-0.606966	-0.441949	-0.285535	-0.166578	-0.107879	-0.11426	-0.177869	-0.279735	-0.403058	-0.528529	-0.654155	-0.768448	-0.838227	-0.840523	-0.781337	-0.667429	
