-0.657328	-0.459312	-0.39981	0.0249512	0.893582	0.893582	
-0.459312	0.555703	0.738755	0.0017915	-0.591832	-0.591832	
-0.39981	0.738755	0.350291	0.102618	-0.615695	-0.615695	
0.0249512	0.0017915	0.102618	0.834498	0.211118	0.211118	
0.893582	-0.591832	-0.615695	0.211118	1.38076	1.38076	
0.893582	-0.591832	-0.615695	0.211118	1.38076	1.38076	
