-1.85262	-1.85262	-1.80078	-1.69121	-1.53158	-1.35105	-1.15881	-0.958695	-0.782391	-0.652856	-0.551843	-0.479649	-0.443505	-0.433782	-0.441773	-0.467748	-0.494777	-0.518242	-0.546219	-0.572448	-0.59013	-0.576927	-0.517244	-0.431159	-0.346841	-0.27587	-0.24947	-0.267216	-0.326586	-0.435846	-0.583068	-0.753127	-0.929185	-1.08342	-1.19974	-1.26218	-1.2564	-1.19258	-1.08069	-0.919317	-0.721281	-0.505998	-0.298355	-0.10379	0.0622932	0.210722	0.33541	0.397641	0.384009	0.318034	
-1.85262	-1.85262	-1.80078	-1.69121	-1.53158	-1.35105	-1.15881	-0.958695	-0.782391	-0.652856	-0.551843	-0.479649	-0.443505	-0.433782	-0.441773	-0.467748	-0.494777	-0.518242	-0.546219	-0.572448	-0.59013	-0.576927	-0.517244	-0.431159	-0.346841	-0.27587	-0.24947	-0.267216	-0.326586	-0.435846	-0.583068	-0.753127	-0.929185	-1.08342	-1.19974	-1.26218	-1.2564	-1.19258	-1.08069	-0.919317	-0.721281	-0.505998	-0.298355	-0.10379	0.0622932	0.210722	0.33541	0.397641	0.384009	0.318034	
-1.80078	-1.80078	-1.74324	-1.62945	-1.46872	-1.28473	-1.09311	-0.904588	-0.735546	-0.591664	-0.475542	-0.405413	-0.376012	-0.368179	-0.377188	-0.399819	-0.422395	-0.443297	-0.469332	-0.494434	-0.510262	-0.494702	-0.442197	-0.364236	-0.280436	-0.20778	-0.179295	-0.200047	-0.267224	-0.380712	-0.523293	-0.682877	-0.849376	-1.00605	-1.12681	-1.19338	-1.19663	-1.13119	-1.01376	-0.854465	-0.66444	-0.461968	-0.263893	-0.0777036	0.0828005	0.231132	0.352627	0.408371	0.400445	0.34091	
-1.69121	-1.69121	-1.62945	-1.50676	-1.34428	-1.16742	-0.979114	-0.786782	-0.616443	-0.46759	-0.345673	-0.275351	-0.251924	-0.246726	-0.252837	-0.263125	-0.278823	-0.302878	-0.333538	-0.360079	-0.373734	-0.353176	-0.303476	-0.232501	-0.149204	-0.0791926	-0.0589758	-0.0876989	-0.163012	-0.274874	-0.404149	-0.546039	-0.702605	-0.855747	-0.978433	-1.04988	-1.06359	-1.0047	-0.888253	-0.735687	-0.564047	-0.381963	-0.196652	-0.0194285	0.133136	0.273679	0.384455	0.435508	0.432458	0.380552	
-1.53158	-1.53158	-1.46872	-1.34428	-1.18124	-1.00921	-0.821126	-0.621156	-0.441786	-0.296316	-0.177556	-0.109431	-0.0867269	-0.0812603	-0.0774304	-0.0800927	-0.090783	-0.115194	-0.149701	-0.180766	-0.19345	-0.170882	-0.119826	-0.048081	0.0325429	0.0913684	0.09631	0.0562682	-0.0205342	-0.123393	-0.233873	-0.362043	-0.509393	-0.651896	-0.767168	-0.840167	-0.862364	-0.82153	-0.717186	-0.576367	-0.423108	-0.260605	-0.0930112	0.0694736	0.214853	0.341824	0.437398	0.486052	0.48735	0.450741	
-1.35105	-1.35105	-1.28473	-1.16742	-1.00921	-0.825679	-0.629343	-0.431425	-0.253819	-0.10867	0.00905264	0.0839381	0.111475	0.120707	0.127881	0.12207	0.109193	0.095901	0.0729367	0.0435531	0.0263913	0.039128	0.0891012	0.161952	0.232823	0.279785	0.274075	0.223889	0.148146	0.0608959	-0.0376696	-0.154137	-0.288883	-0.415918	-0.516937	-0.585968	-0.613887	-0.588963	-0.504417	-0.379924	-0.24178	-0.0984625	0.0412479	0.184654	0.315803	0.433234	0.524061	0.570688	0.576805	0.553117	
-1.15881	-1.15881	-1.09311	-0.979114	-0.821126	-0.629343	-0.425953	-0.230279	-0.0556056	0.0857656	0.200175	0.28299	0.327906	0.34046	0.338429	0.32586	0.317152	0.312347	0.297503	0.275195	0.258206	0.26407	0.305568	0.368207	0.423137	0.459434	0.451025	0.397594	0.327611	0.245993	0.156146	0.0545303	-0.0548648	-0.159742	-0.240869	-0.304158	-0.337372	-0.323105	-0.262269	-0.161172	-0.0388926	0.083261	0.200118	0.321666	0.432949	0.536797	0.63115	0.685949	0.698224	0.67188	
-0.958695	-0.958695	-0.904588	-0.786782	-0.621156	-0.431425	-0.230279	-0.0271921	0.145511	0.283438	0.391979	0.476721	0.525562	0.543589	0.539283	0.532708	0.523553	0.512601	0.498464	0.483823	0.466838	0.472385	0.507286	0.5528	0.593207	0.619881	0.604142	0.553863	0.48799	0.411014	0.332528	0.256786	0.176929	0.102879	0.0384323	-0.0166584	-0.0506075	-0.0481179	-0.0154115	0.055489	0.150914	0.251439	0.354938	0.462085	0.557774	0.651446	0.744763	0.809614	0.832777	0.803473	
-0.782391	-0.782391	-0.735546	-0.616443	-0.441786	-0.253819	-0.0556056	0.145511	0.32166	0.463743	0.578079	0.650602	0.691248	0.715364	0.724163	0.722036	0.714095	0.699117	0.682034	0.669128	0.657076	0.662948	0.684824	0.713442	0.742365	0.75356	0.731021	0.686486	0.624406	0.549313	0.483929	0.42824	0.378028	0.336599	0.294088	0.256354	0.22689	0.211136	0.21722	0.253044	0.317825	0.401735	0.496293	0.589148	0.678995	0.768457	0.854512	0.922921	0.953597	0.932097	
-0.652856	-0.652856	-0.591664	-0.46759	-0.296316	-0.10867	0.0857656	0.283438	0.463743	0.614867	0.73225	0.80061	0.833839	0.859884	0.875242	0.873536	0.867497	0.858327	0.84495	0.828842	0.816303	0.811608	0.819739	0.835439	0.850568	0.847236	0.817622	0.772608	0.712831	0.651725	0.598717	0.563385	0.540263	0.523246	0.504058	0.48727	0.46488	0.435197	0.418162	0.419244	0.449752	0.512776	0.589937	0.670734	0.753557	0.849396	0.942737	1.0114	1.04087	1.01882	
-0.551843	-0.551843	-0.475542	-0.345673	-0.177556	0.00905264	0.200175	0.391979	0.578079	0.73225	0.845094	0.914216	0.954744	0.975239	0.983969	0.982454	0.98468	0.982311	0.968448	0.946405	0.930076	0.916251	0.911439	0.915568	0.915734	0.898916	0.864648	0.813287	0.755099	0.702347	0.668937	0.659068	0.667208	0.671097	0.672141	0.6628	0.640197	0.602056	0.561355	0.532659	0.534227	0.571034	0.629135	0.697262	0.774349	0.874182	0.981182	1.05538	1.07974	1.04646	
-0.479649	-0.479649	-0.405413	-0.275351	-0.109431	0.0839381	0.28299	0.476721	0.650602	0.80061	0.914216	0.996559	1.04022	1.05482	1.0586	1.06454	1.06957	1.07309	1.06308	1.03467	1.00334	0.98223	0.970669	0.964537	0.95084	0.924619	0.879969	0.817215	0.754026	0.709973	0.698729	0.718554	0.753737	0.779426	0.7897	0.779336	0.752624	0.708361	0.646058	0.590289	0.561694	0.569275	0.609775	0.669908	0.749847	0.852944	0.963091	1.04133	1.06374	1.01599	
-0.443505	-0.443505	-0.376012	-0.251924	-0.0867269	0.111475	0.327906	0.525562	0.691248	0.833839	0.954744	1.04022	1.08441	1.1008	1.11061	1.12321	1.13169	1.13732	1.12439	1.09279	1.05287	1.02353	1.0013	0.982513	0.956019	0.916317	0.858969	0.785987	0.721281	0.687903	0.69621	0.735718	0.785634	0.829951	0.848375	0.838023	0.802999	0.750535	0.676319	0.599956	0.543506	0.52211	0.540581	0.592836	0.676942	0.780757	0.886578	0.968448	0.988513	0.936061	
-0.433782	-0.433782	-0.368179	-0.246726	-0.0812603	0.120707	0.34046	0.543589	0.715364	0.859884	0.975239	1.05482	1.1008	1.12813	1.1472	1.16202	1.16953	1.16949	1.15613	1.12466	1.0788	1.03521	1.00175	0.967581	0.928249	0.873481	0.795921	0.714071	0.659082	0.644907	0.667349	0.718856	0.77296	0.822095	0.849197	0.841996	0.797121	0.731956	0.653998	0.566818	0.489403	0.439996	0.432441	0.475427	0.560768	0.666181	0.769678	0.847134	0.864951	0.814645	
-0.441773	-0.441773	-0.377188	-0.252837	-0.0774304	0.127881	0.338429	0.539283	0.724163	0.875242	0.983969	1.0586	1.11061	1.1472	1.17328	1.18823	1.19202	1.18346	1.16891	1.13829	1.09153	1.0345	0.982452	0.928782	0.874968	0.800804	0.708849	0.627644	0.581015	0.575219	0.607798	0.664334	0.722068	0.773636	0.806421	0.797875	0.745337	0.666341	0.580971	0.494107	0.410599	0.345304	0.321251	0.35093	0.429315	0.531256	0.63221	0.702656	0.720662	0.678117	
-0.467748	-0.467748	-0.399819	-0.263125	-0.0800927	0.12207	0.32586	0.532708	0.722036	0.873536	0.982454	1.06454	1.12321	1.16202	1.18823	1.20293	1.20731	1.196	1.17368	1.13521	1.08399	1.01865	0.945956	0.871116	0.793191	0.698766	0.602433	0.524754	0.480908	0.479585	0.516699	0.570922	0.633668	0.684903	0.713425	0.704645	0.653652	0.570647	0.483707	0.396805	0.313705	0.244568	0.215997	0.229331	0.293104	0.387179	0.487705	0.563659	0.588331	0.550495	
-0.494777	-0.494777	-0.422395	-0.278823	-0.090783	0.109193	0.317152	0.523553	0.714095	0.867497	0.98468	1.06957	1.13169	1.16953	1.19202	1.20731	1.21449	1.20034	1.16446	1.11792	1.05873	0.978302	0.881451	0.782948	0.677764	0.569905	0.480196	0.406356	0.357826	0.357767	0.39145	0.440529	0.504893	0.558366	0.579297	0.569001	0.524513	0.452577	0.371378	0.29358	0.218108	0.153895	0.121986	0.124876	0.169099	0.253795	0.352562	0.439381	0.475426	0.448214	
-0.518242	-0.518242	-0.443297	-0.302878	-0.115194	0.095901	0.312347	0.512601	0.699117	0.858327	0.982311	1.07309	1.13732	1.16949	1.18346	1.196	1.20034	1.18589	1.14681	1.08875	1.00663	0.901432	0.781726	0.659338	0.535324	0.422102	0.337419	0.26457	0.215697	0.211324	0.237937	0.285568	0.350098	0.402309	0.420039	0.412147	0.379279	0.327681	0.261901	0.198856	0.139097	0.0840454	0.0474907	0.0438986	0.080508	0.156147	0.245018	0.329803	0.374923	0.359958	
-0.546219	-0.546219	-0.469332	-0.333538	-0.149701	0.0729367	0.297503	0.498464	0.682034	0.84495	0.968448	1.06308	1.12439	1.15613	1.16891	1.17368	1.16446	1.14681	1.10515	1.02745	0.920854	0.79191	0.651992	0.509756	0.373644	0.253534	0.167621	0.102677	0.0585488	0.0515168	0.0749928	0.124454	0.18511	0.23351	0.252722	0.255994	0.245801	0.221402	0.176061	0.130175	0.0836566	0.0389316	0.0052193	-0.00438825	0.0316555	0.100496	0.176751	0.247294	0.292754	0.285275	
-0.572448	-0.572448	-0.494434	-0.360079	-0.180766	0.0435531	0.275195	0.483823	0.669128	0.828842	0.946405	1.03467	1.09279	1.12466	1.13829	1.13521	1.11792	1.08875	1.02745	0.924558	0.797588	0.652443	0.498398	0.345796	0.204127	0.0768834	-0.0154119	-0.0735052	-0.10236	-0.104794	-0.079086	-0.0283434	0.026319	0.067018	0.0972286	0.125417	0.142727	0.145	0.128552	0.0956888	0.059967	0.0275426	0.00794883	0.00113425	0.03679	0.0942164	0.153268	0.20696	0.23981	0.23448	
-0.59013	-0.59013	-0.510262	-0.373734	-0.19345	0.0263913	0.258206	0.466838	0.657076	0.816303	0.930076	1.00334	1.05287	1.0788	1.09153	1.08399	1.05873	1.00663	0.920854	0.797588	0.649519	0.484235	0.317978	0.163089	0.0249062	-0.0994393	-0.194277	-0.245911	-0.262624	-0.253603	-0.219207	-0.166149	-0.112679	-0.067566	-0.0182001	0.0378971	0.0833501	0.109611	0.118151	0.106747	0.0843127	0.0637077	0.0579545	0.062635	0.0921097	0.132391	0.168571	0.201602	0.217275	0.207777	
-0.576927	-0.576927	-0.494702	-0.353176	-0.170882	0.039128	0.26407	0.472385	0.662948	0.811608	0.916251	0.98223	1.02353	1.03521	1.0345	1.01865	0.978302	0.901432	0.79191	0.652443	0.484235	0.302237	0.127153	-0.0298981	-0.162972	-0.2764	-0.356574	-0.398241	-0.404682	-0.380706	-0.333166	-0.277654	-0.215905	-0.151823	-0.0836622	-0.00555789	0.0647257	0.116473	0.144572	0.155053	0.152579	0.14538	0.145728	0.158418	0.180002	0.203515	0.220691	0.235316	0.229568	0.204612	
-0.517244	-0.517244	-0.442197	-0.303476	-0.119826	0.0891012	0.305568	0.507286	0.684824	0.819739	0.911439	0.970669	1.0013	1.00175	0.982452	0.945956	0.881451	0.781726	0.651992	0.498398	0.317978	0.127153	-0.0532952	-0.211317	-0.339442	-0.432728	-0.487864	-0.515977	-0.514666	-0.471377	-0.410723	-0.350278	-0.2721	-0.181717	-0.097635	-0.00988546	0.0740643	0.145067	0.190192	0.220439	0.239815	0.249912	0.260833	0.275424	0.289929	0.300681	0.301851	0.296842	0.273316	0.226482	
-0.431159	-0.431159	-0.364236	-0.232501	-0.048081	0.161952	0.368207	0.5528	0.713442	0.835439	0.915568	0.964537	0.982513	0.967581	0.928782	0.871116	0.782948	0.659338	0.509756	0.345796	0.163089	-0.0298981	-0.211317	-0.364247	-0.479557	-0.554206	-0.588646	-0.600828	-0.583394	-0.523416	-0.451528	-0.381558	-0.288808	-0.18081	-0.0820959	0.0107475	0.0940904	0.17082	0.232932	0.284923	0.323449	0.349137	0.374535	0.396126	0.408904	0.409897	0.390633	0.362516	0.322677	0.262513	
-0.346841	-0.346841	-0.280436	-0.149204	0.0325429	0.232823	0.423137	0.593207	0.742365	0.850568	0.915734	0.95084	0.956019	0.928249	0.874968	0.793191	0.677764	0.535324	0.373644	0.204127	0.0249062	-0.162972	-0.339442	-0.479557	-0.582337	-0.648162	-0.665289	-0.647358	-0.603309	-0.533225	-0.454699	-0.373772	-0.274821	-0.167622	-0.0629199	0.037567	0.121329	0.194502	0.26448	0.33246	0.382712	0.419242	0.458941	0.492838	0.511425	0.506534	0.470297	0.418264	0.363597	0.295427	
-0.27587	-0.27587	-0.20778	-0.0791926	0.0913684	0.279785	0.459434	0.619881	0.75356	0.847236	0.898916	0.924619	0.916317	0.873481	0.800804	0.698766	0.569905	0.422102	0.253534	0.0768834	-0.0994393	-0.2764	-0.432728	-0.554206	-0.648162	-0.70407	-0.696308	-0.645258	-0.579899	-0.505531	-0.424281	-0.332496	-0.230938	-0.13363	-0.0424753	0.0536617	0.135534	0.204267	0.270765	0.345434	0.409178	0.463658	0.521259	0.564131	0.584386	0.574242	0.52963	0.469056	0.405627	0.331071	
-0.24947	-0.24947	-0.179295	-0.0589758	0.09631	0.274075	0.451025	0.604142	0.731021	0.817622	0.864648	0.879969	0.858969	0.795921	0.708849	0.602433	0.480196	0.337419	0.167621	-0.0154119	-0.194277	-0.356574	-0.487864	-0.588646	-0.665289	-0.696308	-0.66892	-0.603598	-0.528725	-0.4481	-0.361903	-0.267085	-0.170271	-0.0830282	-0.00953016	0.0628041	0.131584	0.195559	0.262783	0.342908	0.426239	0.504947	0.577739	0.626241	0.643363	0.623853	0.574662	0.517146	0.453062	0.371982	
-0.267216	-0.267216	-0.200047	-0.0876989	0.0562682	0.223889	0.397594	0.553863	0.686486	0.772608	0.813287	0.817215	0.785987	0.714071	0.627644	0.524754	0.406356	0.26457	0.102677	-0.0735052	-0.245911	-0.398241	-0.515977	-0.600828	-0.647358	-0.645258	-0.603598	-0.537534	-0.455585	-0.364371	-0.273318	-0.193416	-0.113965	-0.0389132	0.0215304	0.0718945	0.120269	0.175848	0.249791	0.343421	0.444673	0.540276	0.622808	0.679979	0.704836	0.685651	0.632786	0.574834	0.507918	0.42356	
-0.326586	-0.326586	-0.267224	-0.163012	-0.0205342	0.148146	0.327611	0.48799	0.624406	0.712831	0.755099	0.754026	0.721281	0.659082	0.581015	0.480908	0.357826	0.215697	0.0585488	-0.10236	-0.262624	-0.404682	-0.514666	-0.583394	-0.603309	-0.579899	-0.528725	-0.455585	-0.366077	-0.272255	-0.185084	-0.118035	-0.0636627	-0.0114354	0.0354636	0.0773749	0.115384	0.166954	0.24425	0.3497	0.467304	0.575894	0.665321	0.739438	0.777393	0.768315	0.717838	0.651316	0.577733	0.493848	
-0.435846	-0.435846	-0.380712	-0.274874	-0.123393	0.0608959	0.245993	0.411014	0.549313	0.651725	0.702347	0.709973	0.687903	0.644907	0.575219	0.479585	0.357767	0.211324	0.0515168	-0.104794	-0.253603	-0.380706	-0.471377	-0.523416	-0.533225	-0.505531	-0.4481	-0.364371	-0.272255	-0.186908	-0.111937	-0.05486	-0.0207661	-0.00047981	0.0243176	0.0673119	0.115219	0.172	0.253336	0.366165	0.496076	0.618441	0.725296	0.813823	0.865833	0.871522	0.829176	0.75894	0.677295	0.579384	
-0.583068	-0.583068	-0.523293	-0.404149	-0.233873	-0.0376696	0.156146	0.332528	0.483929	0.598717	0.668937	0.698729	0.69621	0.667349	0.607798	0.516699	0.39145	0.237937	0.0749928	-0.079086	-0.219207	-0.333166	-0.410723	-0.451528	-0.454699	-0.424281	-0.361903	-0.273318	-0.185084	-0.111937	-0.0553211	-0.019495	-0.00755594	-0.00808952	0.0060352	0.0481792	0.107249	0.176548	0.266422	0.387717	0.526697	0.660718	0.782741	0.888697	0.956453	0.978853	0.953686	0.885321	0.793541	0.677454	
-0.753127	-0.753127	-0.682877	-0.546039	-0.362043	-0.154137	0.0545303	0.256786	0.42824	0.563385	0.659068	0.718554	0.735718	0.718856	0.664334	0.570922	0.440529	0.285568	0.124454	-0.0283434	-0.166149	-0.277654	-0.350278	-0.381558	-0.373772	-0.332496	-0.267085	-0.193416	-0.118035	-0.05486	-0.019495	-0.0142448	-0.0180261	-0.0202464	-0.00599457	0.0302879	0.0873874	0.167072	0.275025	0.410402	0.559905	0.700824	0.833601	0.949625	1.03348	1.07229	1.06221	1.00071	0.902889	0.768875	
-0.929185	-0.929185	-0.849376	-0.702605	-0.509393	-0.288883	-0.0548648	0.176929	0.378028	0.540263	0.667208	0.753737	0.785634	0.77296	0.722068	0.633668	0.504893	0.350098	0.18511	0.026319	-0.112679	-0.215905	-0.2721	-0.288808	-0.274821	-0.230938	-0.170271	-0.113965	-0.0636627	-0.0207661	-0.00755594	-0.0180261	-0.0287096	-0.0240065	-0.0119782	0.0131115	0.0696049	0.161844	0.282695	0.4334	0.594843	0.747612	0.89126	1.01357	1.10121	1.14919	1.14862	1.09357	0.988226	0.834015	
-1.08342	-1.08342	-1.00605	-0.855747	-0.651896	-0.415918	-0.159742	0.102879	0.336599	0.523246	0.671097	0.779426	0.829951	0.822095	0.773636	0.684903	0.558366	0.402309	0.23351	0.067018	-0.067566	-0.151823	-0.181717	-0.18081	-0.167622	-0.13363	-0.0830282	-0.0389132	-0.0114354	-0.00047981	-0.00808952	-0.0202464	-0.0240065	-0.0217218	-0.0140112	0.0130124	0.0791336	0.17893	0.310006	0.466809	0.63425	0.797862	0.949071	1.06859	1.15547	1.20259	1.20498	1.15203	1.03421	0.860997	
-1.19974	-1.19974	-1.12681	-0.978433	-0.767168	-0.516937	-0.240869	0.0384323	0.294088	0.504058	0.672141	0.7897	0.848375	0.849197	0.806421	0.713425	0.579297	0.420039	0.252722	0.0972286	-0.0182001	-0.0836622	-0.097635	-0.0820959	-0.0629199	-0.0424753	-0.00953016	0.0215304	0.0354636	0.0243176	0.0060352	-0.00599457	-0.0119782	-0.0140112	-0.000229482	0.0426332	0.120938	0.230567	0.373344	0.53695	0.700075	0.851535	0.989767	1.10005	1.18179	1.22723	1.22587	1.16451	1.03414	0.855243	
-1.26218	-1.26218	-1.19338	-1.04988	-0.840167	-0.585968	-0.304158	-0.0166584	0.256354	0.48727	0.6628	0.779336	0.838023	0.841996	0.797875	0.704645	0.569001	0.412147	0.255994	0.125417	0.0378971	-0.00555789	-0.00988546	0.0107475	0.037567	0.0536617	0.0628041	0.0718945	0.0773749	0.0673119	0.0481792	0.0302879	0.0131115	0.0130124	0.0426332	0.103008	0.190734	0.312856	0.471524	0.639992	0.790473	0.918046	1.02879	1.11993	1.18782	1.22236	1.20617	1.13282	0.996951	0.817052	
-1.2564	-1.2564	-1.19663	-1.06359	-0.862364	-0.613887	-0.337372	-0.0506075	0.22689	0.46488	0.640197	0.752624	0.802999	0.797121	0.745337	0.653652	0.524513	0.379279	0.245801	0.142727	0.0833501	0.0647257	0.0740643	0.0940904	0.121329	0.135534	0.131584	0.120269	0.115384	0.115219	0.107249	0.0873874	0.0696049	0.0791336	0.120938	0.190734	0.28991	0.424157	0.586867	0.744732	0.876399	0.978509	1.05613	1.1155	1.15678	1.1665	1.135	1.05906	0.927216	0.751526	
-1.19258	-1.19258	-1.13119	-1.0047	-0.82153	-0.588963	-0.323105	-0.0481179	0.211136	0.435197	0.602056	0.708361	0.750535	0.731956	0.666341	0.570647	0.452577	0.327681	0.221402	0.145	0.109611	0.116473	0.145067	0.17082	0.194502	0.204267	0.195559	0.175848	0.166954	0.172	0.176548	0.167072	0.161844	0.17893	0.230567	0.312856	0.424157	0.563259	0.710441	0.84068	0.944029	1.00936	1.04777	1.07168	1.08248	1.06595	1.02477	0.950319	0.829458	0.669038	
-1.08069	-1.08069	-1.01376	-0.888253	-0.717186	-0.504417	-0.262269	-0.0154115	0.21722	0.418162	0.561355	0.646058	0.676319	0.653998	0.580971	0.483707	0.371378	0.261901	0.176061	0.128552	0.118151	0.144572	0.190192	0.232932	0.26448	0.270765	0.262783	0.249791	0.24425	0.253336	0.266422	0.275025	0.282695	0.310006	0.373344	0.471524	0.586867	0.710441	0.825964	0.918258	0.976098	0.991851	0.990191	0.985504	0.970923	0.939665	0.889459	0.816842	0.713104	0.583105	
-0.919317	-0.919317	-0.854465	-0.735687	-0.576367	-0.379924	-0.161172	0.055489	0.253044	0.419244	0.532659	0.590289	0.599956	0.566818	0.494107	0.396805	0.29358	0.198856	0.130175	0.0956888	0.106747	0.155053	0.220439	0.284923	0.33246	0.345434	0.342908	0.343421	0.3497	0.366165	0.387717	0.410402	0.4334	0.466809	0.53695	0.639992	0.744732	0.84068	0.918258	0.966115	0.969905	0.938973	0.903018	0.866269	0.833632	0.794991	0.745471	0.685171	0.611809	0.525086	
-0.721281	-0.721281	-0.66444	-0.564047	-0.423108	-0.24178	-0.0388926	0.150914	0.317825	0.449752	0.534227	0.561694	0.543506	0.489403	0.410599	0.313705	0.218108	0.139097	0.0836566	0.059967	0.0843127	0.152579	0.239815	0.323449	0.382712	0.409178	0.426239	0.444673	0.467304	0.496076	0.526697	0.559905	0.594843	0.63425	0.700075	0.790473	0.876399	0.944029	0.976098	0.969905	0.926714	0.858029	0.789071	0.726776	0.682429	0.648949	0.616886	0.583654	0.547301	0.506154	
-0.505998	-0.505998	-0.461968	-0.381963	-0.260605	-0.0984625	0.083261	0.251439	0.401735	0.512776	0.571034	0.569275	0.52211	0.439996	0.345304	0.244568	0.153895	0.0840454	0.0389316	0.0275426	0.0637077	0.14538	0.249912	0.349137	0.419242	0.463658	0.504947	0.540276	0.575894	0.618441	0.660718	0.700824	0.747612	0.797862	0.851535	0.918046	0.978509	1.00936	0.991851	0.938973	0.858029	0.759271	0.668207	0.59017	0.54549	0.529143	0.520387	0.522792	0.524712	0.518218	
-0.298355	-0.298355	-0.263893	-0.196652	-0.0930112	0.0412479	0.200118	0.354938	0.496293	0.589937	0.629135	0.609775	0.540581	0.432441	0.321251	0.215997	0.121986	0.0474907	0.0052193	0.00794883	0.0579545	0.145728	0.260833	0.374535	0.458941	0.521259	0.577739	0.622808	0.665321	0.725296	0.782741	0.833601	0.89126	0.949071	0.989767	1.02879	1.05613	1.04777	0.990191	0.903018	0.789071	0.668207	0.560534	0.480059	0.441877	0.445512	0.470445	0.50949	0.542756	0.564062	
-0.10379	-0.10379	-0.0777036	-0.0194285	0.0694736	0.184654	0.321666	0.462085	0.589148	0.670734	0.697262	0.669908	0.592836	0.475427	0.35093	0.229331	0.124876	0.0438986	-0.00438825	0.00113425	0.062635	0.158418	0.275424	0.396126	0.492838	0.564131	0.626241	0.679979	0.739438	0.813823	0.888697	0.949625	1.01357	1.06859	1.10005	1.11993	1.1155	1.07168	0.985504	0.866269	0.726776	0.59017	0.480059	0.403766	0.382417	0.414467	0.474408	0.541931	0.593725	0.625742	
0.0622932	0.0622932	0.0828005	0.133136	0.214853	0.315803	0.432949	0.557774	0.678995	0.753557	0.774349	0.749847	0.676942	0.560768	0.429315	0.293104	0.169099	0.080508	0.0316555	0.03679	0.0921097	0.180002	0.289929	0.408904	0.511425	0.584386	0.643363	0.704836	0.777393	0.865833	0.956453	1.03348	1.10121	1.15547	1.18179	1.18782	1.15678	1.08248	0.970923	0.833632	0.682429	0.54549	0.441877	0.382417	0.382888	0.445332	0.526361	0.60178	0.657459	0.690373	
0.210722	0.210722	0.231132	0.273679	0.341824	0.433234	0.536797	0.651446	0.768457	0.849396	0.874182	0.852944	0.780757	0.666181	0.531256	0.387179	0.253795	0.156147	0.100496	0.0942164	0.132391	0.203515	0.300681	0.409897	0.506534	0.574242	0.623853	0.685651	0.768315	0.871522	0.978853	1.07229	1.14919	1.20259	1.22723	1.22236	1.1665	1.06595	0.939665	0.794991	0.648949	0.529143	0.445512	0.414467	0.445332	0.523025	0.608742	0.68067	0.733137	0.764348	
0.33541	0.33541	0.352627	0.384455	0.437398	0.524061	0.63115	0.744763	0.854512	0.942737	0.981182	0.963091	0.886578	0.769678	0.63221	0.487705	0.352562	0.245018	0.176751	0.153268	0.168571	0.220691	0.301851	0.390633	0.470297	0.52963	0.574662	0.632786	0.717838	0.829176	0.953686	1.06221	1.14862	1.20498	1.22587	1.20617	1.135	1.02477	0.889459	0.745471	0.616886	0.520387	0.470445	0.474408	0.526361	0.608742	0.693903	0.761527	0.814375	0.847327	
0.397641	0.397641	0.408371	0.435508	0.486052	0.570688	0.685949	0.809614	0.922921	1.0114	1.05538	1.04133	0.968448	0.847134	0.702656	0.563659	0.439381	0.329803	0.247294	0.20696	0.201602	0.235316	0.296842	0.362516	0.418264	0.469056	0.517146	0.574834	0.651316	0.75894	0.885321	1.00071	1.09357	1.15203	1.16451	1.13282	1.05906	0.950319	0.816842	0.685171	0.583654	0.522792	0.50949	0.541931	0.60178	0.68067	0.761527	0.827782	0.882518	0.91441	
0.384009	0.384009	0.400445	0.432458	0.48735	0.576805	0.698224	0.832777	0.953597	1.04087	1.07974	1.06374	0.988513	0.864951	0.720662	0.588331	0.475426	0.374923	0.292754	0.23981	0.217275	0.229568	0.273316	0.322677	0.363597	0.405627	0.453062	0.507918	0.577733	0.677295	0.793541	0.902889	0.988226	1.03421	1.03414	0.996951	0.927216	0.829458	0.713104	0.611809	0.547301	0.524712	0.542756	0.593725	0.657459	0.733137	0.814375	0.882518	0.932369	0.960704	
0.318034	0.318034	0.34091	0.380552	0.450741	0.553117	0.67188	0.803473	0.932097	1.01882	1.04646	1.01599	0.936061	0.814645	0.678117	0.550495	0.448214	0.359958	0.285275	0.23448	0.207777	0.204612	0.226482	0.262513	0.295427	0.331071	0.371982	0.42356	0.493848	0.579384	0.677454	0.768875	0.834015	0.860997	0.855243	0.817052	0.751526	0.669038	0.583105	0.525086	0.506154	0.518218	0.564062	0.625742	0.690373	0.764348	0.847327	0.91441	0.960704	0.987082	
