-0.354941	-0.228887	-0.0543973	0.139394	0.334537	0.498366	0.595929	0.620057	0.586527	0.506197	0.386682	0.234579	0.0849369	-0.0214654	-0.0702094	-0.0616341	-0.014384	0.0537612	0.112956	0.122016	0.0741803	-0.0212817	-0.133587	-0.222499	-0.259118	-0.232936	-0.142673	-0.000403311	0.180749	0.381923	0.574168	0.724547	0.799455	0.794122	0.715483	0.57495	0.402892	0.226912	0.0741121	-0.0214366	-0.0703016	-0.0907581	-0.0992127	-0.118578	-0.138141	-0.148571	-0.147824	-0.139071	-0.130715	-0.130715	
-0.228887	-0.157181	-0.0309684	0.119975	0.280494	0.42162	0.507766	0.541097	0.515096	0.444361	0.335061	0.193413	0.0609368	-0.0320749	-0.0768343	-0.0648427	-0.00985099	0.069675	0.141896	0.161004	0.116452	0.0150791	-0.110021	-0.20944	-0.261645	-0.250964	-0.180741	-0.072918	0.073593	0.238232	0.400427	0.533987	0.604076	0.609652	0.561097	0.46476	0.345157	0.221839	0.113803	0.0593387	0.0468253	0.0580345	0.0732576	0.0732643	0.0672693	0.0608876	0.0627852	0.0661023	0.0698048	0.0698048	
-0.0543973	-0.0309684	0.0402144	0.135564	0.252237	0.366966	0.446529	0.483702	0.463709	0.396265	0.291988	0.160691	0.0381264	-0.0450188	-0.0888493	-0.0758279	-0.0166869	0.0688683	0.144506	0.171047	0.133881	0.032684	-0.0915662	-0.200579	-0.268998	-0.274678	-0.226616	-0.146657	-0.0304016	0.104215	0.237208	0.349414	0.411019	0.424077	0.406612	0.357159	0.290196	0.221272	0.164033	0.149218	0.167762	0.208857	0.248091	0.271711	0.282966	0.283664	0.288038	0.285578	0.287557	0.287557	
0.139394	0.119975	0.135564	0.185898	0.260354	0.349463	0.415015	0.444364	0.427596	0.36656	0.264364	0.137118	0.0179614	-0.0656181	-0.108872	-0.0976881	-0.035835	0.0507539	0.12963	0.164357	0.135151	0.0396742	-0.0855656	-0.205288	-0.289336	-0.311205	-0.280568	-0.220462	-0.129335	-0.0193693	0.0887576	0.181838	0.243603	0.270964	0.278818	0.270707	0.248315	0.226074	0.220618	0.248061	0.305483	0.377994	0.436469	0.477147	0.500187	0.506345	0.506094	0.493276	0.490156	0.490156	
0.334537	0.280494	0.252237	0.260354	0.298222	0.350614	0.391674	0.414162	0.402509	0.350067	0.251162	0.123109	0.00425591	-0.0800276	-0.126877	-0.122228	-0.0668339	0.0128523	0.0910619	0.131648	0.113219	0.0294546	-0.0896539	-0.210722	-0.305954	-0.337984	-0.322708	-0.278288	-0.202152	-0.113962	-0.0248237	0.0548923	0.113763	0.15152	0.185025	0.215469	0.23722	0.263127	0.301828	0.367499	0.456511	0.551047	0.629921	0.682425	0.707476	0.704586	0.688962	0.666152	0.646674	0.646674	
0.498366	0.42162	0.366966	0.349463	0.350614	0.361429	0.37425	0.38073	0.379777	0.335494	0.246382	0.129694	0.0157316	-0.0720812	-0.126103	-0.137933	-0.10225	-0.0352798	0.0319944	0.0754573	0.0675885	0.00377367	-0.0961802	-0.205371	-0.293774	-0.329304	-0.320817	-0.284395	-0.220996	-0.151915	-0.0816919	-0.0201655	0.030295	0.0812929	0.1376	0.202418	0.261419	0.324081	0.403538	0.496841	0.60697	0.712703	0.793491	0.848979	0.873954	0.865834	0.834232	0.794306	0.764712	0.764712	
0.595929	0.507766	0.446529	0.415015	0.391674	0.37425	0.36317	0.35615	0.350828	0.313719	0.240974	0.14537	0.0445183	-0.0361886	-0.0947779	-0.121584	-0.104908	-0.0602535	-0.00745551	0.0319659	0.0351351	-0.00355192	-0.0720723	-0.15668	-0.228627	-0.261853	-0.260534	-0.231042	-0.181363	-0.129306	-0.0806603	-0.0388089	0.00301792	0.0589353	0.127714	0.213798	0.301588	0.391981	0.49946	0.612823	0.732949	0.841377	0.921733	0.971849	0.992347	0.980971	0.936369	0.884437	0.844622	0.844622	
0.620057	0.541097	0.483702	0.444364	0.414162	0.38073	0.35615	0.3375	0.325327	0.298307	0.246497	0.173749	0.0936812	0.0241628	-0.0278941	-0.0553417	-0.0525959	-0.0202113	0.0194092	0.0475926	0.0586308	0.0425999	-0.00023936	-0.0546497	-0.108893	-0.141996	-0.14411	-0.123065	-0.0882225	-0.0541546	-0.030632	-0.0133138	0.0130703	0.0633106	0.142326	0.240186	0.342448	0.45022	0.567842	0.693206	0.817087	0.921253	0.9999	1.0499	1.068	1.04872	0.99823	0.942329	0.899013	0.899013	
0.586527	0.515096	0.463709	0.427596	0.402509	0.379777	0.350828	0.325327	0.309552	0.289127	0.258783	0.214507	0.1634	0.118866	0.0866932	0.0701045	0.0745581	0.0997358	0.126021	0.141643	0.15246	0.151795	0.131667	0.102277	0.0637958	0.0291715	0.0156898	0.0201802	0.0331192	0.0421411	0.0415915	0.0336363	0.0436839	0.0893816	0.16434	0.259603	0.363989	0.475266	0.601546	0.737669	0.863177	0.966199	1.03856	1.08267	1.09875	1.07967	1.02878	0.960899	0.91338	0.91338	
0.506197	0.444361	0.396265	0.36656	0.350067	0.335494	0.313719	0.298307	0.289127	0.288645	0.287772	0.27832	0.260384	0.24482	0.235541	0.238371	0.253435	0.279372	0.298291	0.306169	0.31573	0.318475	0.312773	0.299109	0.273507	0.237785	0.214191	0.197728	0.182127	0.160472	0.122272	0.0839582	0.0728686	0.102922	0.169197	0.25828	0.356823	0.469297	0.598582	0.737165	0.86553	0.96956	1.04145	1.08144	1.09437	1.07301	1.01775	0.948214	0.904269	0.904269	
0.386682	0.335061	0.291988	0.264364	0.251162	0.246382	0.240974	0.246497	0.258783	0.287772	0.325482	0.357575	0.379309	0.394215	0.411833	0.432989	0.457685	0.48569	0.50648	0.51292	0.52052	0.524842	0.525766	0.526605	0.509665	0.473158	0.434304	0.392722	0.343348	0.284384	0.209983	0.134929	0.0954137	0.10099	0.150512	0.226009	0.315027	0.423064	0.548619	0.691099	0.819828	0.920541	0.991399	1.03878	1.05708	1.03642	0.990835	0.924919	0.881935	0.881935	
0.234579	0.193413	0.160691	0.137118	0.123109	0.129694	0.14537	0.173749	0.214507	0.27832	0.357575	0.434764	0.503029	0.557014	0.6019	0.639703	0.671175	0.704388	0.730037	0.737671	0.743621	0.750374	0.758491	0.767571	0.752416	0.707291	0.647774	0.574165	0.489752	0.392354	0.28007	0.171235	0.103682	0.0875254	0.116368	0.173341	0.245041	0.339456	0.459028	0.596599	0.723751	0.83096	0.906632	0.954711	0.980725	0.976058	0.945535	0.891719	0.857767	0.857767	
0.0849369	0.0609368	0.0381264	0.0179614	0.00425591	0.0157316	0.0445183	0.0936812	0.1634	0.260384	0.379309	0.503029	0.616063	0.712141	0.781972	0.831586	0.875995	0.913017	0.936404	0.948133	0.953368	0.96292	0.979328	0.985689	0.965964	0.914053	0.831969	0.726719	0.606852	0.465555	0.316452	0.182107	0.0938924	0.063116	0.0746076	0.113038	0.162776	0.238487	0.345204	0.471331	0.599046	0.706073	0.784211	0.840817	0.878034	0.888015	0.873555	0.845315	0.824772	0.824772	
-0.0214654	-0.0320749	-0.0450188	-0.0656181	-0.0800276	-0.0720812	-0.0361886	0.0241628	0.118866	0.24482	0.394215	0.557014	0.712141	0.841173	0.934689	1.00404	1.05291	1.08293	1.09893	1.10641	1.11457	1.12747	1.142	1.14778	1.12598	1.06943	0.970479	0.836541	0.677987	0.499964	0.322595	0.17053	0.0712056	0.0283984	0.0288146	0.051327	0.0869223	0.142776	0.229519	0.340035	0.450966	0.550092	0.630235	0.697479	0.749037	0.777594	0.788702	0.784116	0.773747	0.773747	
-0.0702094	-0.0768343	-0.0888493	-0.108872	-0.126877	-0.126103	-0.0947779	-0.0278941	0.0866932	0.235541	0.411833	0.6019	0.781972	0.934689	1.05009	1.13279	1.1804	1.19998	1.20916	1.21528	1.2179	1.22557	1.23435	1.239	1.21921	1.16308	1.05518	0.901003	0.715971	0.508163	0.307944	0.139242	0.0264544	-0.0251813	-0.0341673	-0.0209546	0.00511413	0.0477186	0.11849	0.207021	0.302896	0.397991	0.47527	0.541517	0.603327	0.654085	0.687677	0.706564	0.711763	0.711763	
-0.0616341	-0.0648427	-0.0758279	-0.0976881	-0.122228	-0.137933	-0.121584	-0.0553417	0.0701045	0.238371	0.432989	0.639703	0.831586	1.00404	1.13279	1.21441	1.25428	1.26497	1.26385	1.26117	1.25373	1.25537	1.26772	1.2703	1.25035	1.19539	1.08376	0.921308	0.721737	0.493438	0.274414	0.0925605	-0.0328623	-0.0926419	-0.108398	-0.100944	-0.0824601	-0.0519928	0.00346088	0.076831	0.160935	0.242846	0.318541	0.390815	0.461196	0.527432	0.584885	0.639148	0.663876	0.663876	
-0.014384	-0.00985099	-0.0166869	-0.035835	-0.0668339	-0.10225	-0.104908	-0.0525959	0.0745581	0.253435	0.457685	0.671175	0.875995	1.05291	1.1804	1.25428	1.28502	1.29029	1.27735	1.25758	1.24564	1.25036	1.25588	1.2518	1.22692	1.1686	1.06022	0.897227	0.684958	0.448325	0.221819	0.0346993	-0.0904936	-0.156737	-0.180663	-0.183086	-0.171649	-0.149695	-0.105644	-0.0441061	0.0271231	0.104342	0.177032	0.252978	0.334581	0.421478	0.507758	0.580192	0.61982	0.61982	
0.0537612	0.069675	0.0688683	0.0507539	0.0128523	-0.0352798	-0.0602535	-0.0202113	0.0997358	0.279372	0.48569	0.704388	0.913017	1.08293	1.19998	1.26497	1.29029	1.28487	1.25817	1.23012	1.22162	1.22504	1.21916	1.20432	1.17365	1.10935	0.998392	0.832843	0.615335	0.381401	0.16261	-0.018598	-0.141176	-0.211038	-0.243237	-0.250385	-0.241171	-0.22198	-0.187654	-0.141503	-0.0846309	-0.0150388	0.0599379	0.141397	0.232772	0.335975	0.441573	0.532141	0.585134	0.585134	
0.112956	0.141896	0.144506	0.12963	0.0910619	0.0319944	-0.00745551	0.0194092	0.126021	0.298291	0.50648	0.730037	0.936404	1.09893	1.20916	1.26385	1.27735	1.25817	1.21927	1.19534	1.18779	1.18666	1.18344	1.16748	1.1333	1.05864	0.936926	0.763331	0.544869	0.317001	0.107823	-0.0626842	-0.178835	-0.246299	-0.277034	-0.279727	-0.273753	-0.260832	-0.239407	-0.208489	-0.162644	-0.107822	-0.0374889	0.0481504	0.147794	0.264723	0.388892	0.503213	0.573182	0.573182	
0.122016	0.161004	0.171047	0.164357	0.131648	0.0754573	0.0319659	0.0475926	0.141643	0.306169	0.51292	0.737671	0.948133	1.10641	1.21528	1.26117	1.25758	1.23012	1.19534	1.16711	1.15889	1.16718	1.17193	1.16393	1.12634	1.03866	0.907119	0.727458	0.499964	0.274848	0.0733026	-0.0884084	-0.188656	-0.244376	-0.269752	-0.273832	-0.269413	-0.263725	-0.254589	-0.240551	-0.21571	-0.171671	-0.110479	-0.0269981	0.0792697	0.214086	0.365234	0.49203	0.572175	0.572175	
0.0741803	0.116452	0.133881	0.135151	0.113219	0.0675885	0.0351351	0.0586308	0.15246	0.31573	0.52052	0.743621	0.953368	1.11457	1.2179	1.25373	1.24564	1.22162	1.18779	1.15889	1.15627	1.17643	1.19262	1.18583	1.14767	1.05968	0.923608	0.73608	0.504911	0.279455	0.0813814	-0.070418	-0.163543	-0.216232	-0.238508	-0.240046	-0.235529	-0.230527	-0.231265	-0.235331	-0.231826	-0.209986	-0.156896	-0.0715041	0.0452552	0.192394	0.351636	0.492595	0.579725	0.579725	
-0.0212817	0.0150791	0.032684	0.0396742	0.0294546	0.00377367	-0.00355192	0.0425999	0.151795	0.318475	0.524842	0.750374	0.96292	1.12747	1.22557	1.25537	1.25036	1.22504	1.18666	1.16718	1.17643	1.2074	1.23365	1.2344	1.20619	1.12409	0.979985	0.785387	0.556134	0.329256	0.135254	-0.0127142	-0.111259	-0.166219	-0.190165	-0.191012	-0.182842	-0.177124	-0.181367	-0.19516	-0.201541	-0.192452	-0.150479	-0.0696779	0.0444648	0.191254	0.350972	0.494114	0.580124	0.580124	
-0.133587	-0.110021	-0.0915662	-0.0855656	-0.0896539	-0.0961802	-0.0720723	-0.00023936	0.131667	0.312773	0.525766	0.758491	0.979328	1.142	1.23435	1.26772	1.25588	1.21916	1.18344	1.17193	1.19262	1.23365	1.27224	1.29641	1.28216	1.20281	1.05881	0.865746	0.638159	0.41434	0.218033	0.0647996	-0.0361926	-0.0919465	-0.116381	-0.122932	-0.115372	-0.111709	-0.115433	-0.126568	-0.137448	-0.12978	-0.0931687	-0.0240083	0.0795844	0.217355	0.366722	0.498915	0.578132	0.578132	
-0.222499	-0.20944	-0.200579	-0.205288	-0.210722	-0.205371	-0.15668	-0.0546497	0.102277	0.299109	0.526605	0.767571	0.985689	1.14778	1.239	1.2703	1.2518	1.20432	1.16748	1.16393	1.18583	1.2344	1.29641	1.33621	1.32973	1.26273	1.12736	0.941984	0.726309	0.504212	0.305714	0.154558	0.0517288	-0.00550188	-0.0294263	-0.0370147	-0.0313603	-0.0246209	-0.0236252	-0.0333996	-0.0453415	-0.0456768	-0.0141565	0.0533223	0.152391	0.276035	0.401687	0.515425	0.578357	0.578357	
-0.259118	-0.261645	-0.268998	-0.289336	-0.305954	-0.293774	-0.228627	-0.108893	0.0637958	0.273507	0.509665	0.752416	0.965964	1.12598	1.21921	1.25035	1.22692	1.17365	1.1333	1.12634	1.14767	1.20619	1.28216	1.32973	1.3337	1.28295	1.15984	0.985035	0.784663	0.571057	0.379144	0.233699	0.131909	0.0789369	0.0576146	0.056113	0.0689193	0.0812075	0.0870185	0.0758715	0.0633769	0.0638178	0.093451	0.155722	0.244827	0.349802	0.450271	0.542211	0.591042	0.591042	
-0.232936	-0.250964	-0.274678	-0.311205	-0.337984	-0.329304	-0.261853	-0.141996	0.0291715	0.237785	0.473158	0.707291	0.914053	1.06943	1.16308	1.19539	1.1686	1.10935	1.05864	1.03866	1.05968	1.12409	1.20281	1.26273	1.28295	1.2448	1.13531	0.978831	0.797895	0.603817	0.425386	0.288544	0.198401	0.158502	0.154279	0.161713	0.177562	0.192303	0.196195	0.187695	0.176664	0.179034	0.206903	0.263131	0.343236	0.433446	0.517233	0.584446	0.618223	0.618223	
-0.142673	-0.180741	-0.226616	-0.280568	-0.322708	-0.320817	-0.260534	-0.14411	0.0156898	0.214191	0.434304	0.647774	0.831969	0.970479	1.05518	1.08376	1.06022	0.998392	0.936926	0.907119	0.923608	0.979985	1.05881	1.12736	1.15984	1.13531	1.051	0.928041	0.778797	0.610598	0.447765	0.321491	0.243143	0.218227	0.228084	0.248159	0.27297	0.295196	0.302896	0.299439	0.291737	0.291528	0.323111	0.384163	0.456542	0.524975	0.58011	0.619042	0.637776	0.637776	
-0.000403311	-0.072918	-0.146657	-0.220462	-0.278288	-0.284395	-0.231042	-0.123065	0.0201802	0.197728	0.392722	0.574165	0.726719	0.836541	0.901003	0.921308	0.897227	0.832843	0.763331	0.727458	0.73608	0.785387	0.865746	0.941984	0.985035	0.978831	0.928041	0.841276	0.72706	0.588566	0.445157	0.330325	0.262927	0.245776	0.261472	0.296043	0.337221	0.374792	0.395601	0.403373	0.404597	0.416175	0.454795	0.509101	0.566355	0.611429	0.632038	0.630805	0.630714	0.630714	
0.180749	0.073593	-0.0304016	-0.129335	-0.202152	-0.220996	-0.181363	-0.0882225	0.0331192	0.182127	0.343348	0.489752	0.606852	0.677987	0.715971	0.721737	0.684958	0.615335	0.544869	0.499964	0.504911	0.556134	0.638159	0.726309	0.784663	0.797895	0.778797	0.72706	0.643143	0.536506	0.416386	0.314609	0.255998	0.242256	0.270804	0.319779	0.37538	0.429481	0.465197	0.490144	0.504658	0.529276	0.572295	0.622208	0.662065	0.67404	0.66163	0.625783	0.605368	0.605368	
0.381923	0.238232	0.104215	-0.0193693	-0.113962	-0.151915	-0.129306	-0.0541546	0.0421411	0.160472	0.284384	0.392354	0.465555	0.499964	0.508163	0.493438	0.448325	0.381401	0.317001	0.274848	0.279455	0.329256	0.41434	0.504212	0.571057	0.603817	0.610598	0.588566	0.536506	0.458269	0.358406	0.270183	0.217263	0.20918	0.249993	0.316165	0.390692	0.465854	0.519693	0.558736	0.589368	0.624989	0.672215	0.716163	0.735537	0.710077	0.654735	0.589345	0.547247	0.547247	
0.574168	0.400427	0.237208	0.0887576	-0.0248237	-0.0816919	-0.0806603	-0.030632	0.0415915	0.122272	0.209983	0.28007	0.316452	0.322595	0.307944	0.274414	0.221819	0.16261	0.107823	0.0733026	0.0813814	0.135254	0.218033	0.305714	0.379144	0.425386	0.447765	0.445157	0.416386	0.358406	0.280252	0.205597	0.157634	0.158229	0.202693	0.278279	0.376927	0.474698	0.548484	0.602259	0.64564	0.689832	0.735294	0.768575	0.767077	0.71707	0.62944	0.529695	0.468504	0.468504	
0.724547	0.533987	0.349414	0.181838	0.0548923	-0.0201655	-0.0388089	-0.0133138	0.0336363	0.0839582	0.134929	0.171235	0.182107	0.17053	0.139242	0.0925605	0.0346993	-0.018598	-0.0626842	-0.0884084	-0.070418	-0.0127142	0.0647996	0.154558	0.233699	0.288544	0.321491	0.330325	0.314609	0.270183	0.205597	0.138998	0.0915912	0.0840337	0.121986	0.205463	0.321092	0.43461	0.524351	0.596424	0.65277	0.702731	0.756501	0.785375	0.764367	0.69107	0.577846	0.465021	0.395611	0.395611	
0.799455	0.604076	0.411019	0.243603	0.113763	0.030295	0.00301792	0.0130703	0.0436839	0.0728686	0.0954137	0.103682	0.0938924	0.0712056	0.0264544	-0.0328623	-0.0904936	-0.141176	-0.178835	-0.188656	-0.163543	-0.111259	-0.0361926	0.0517288	0.131909	0.198401	0.243143	0.262927	0.255998	0.217263	0.157634	0.0915912	0.032574	-0.000224523	0.0195961	0.101445	0.215743	0.335409	0.443947	0.528518	0.600784	0.671189	0.732882	0.756292	0.726182	0.641701	0.515033	0.395423	0.319002	0.319002	
0.794122	0.609652	0.424077	0.270964	0.15152	0.0812929	0.0589353	0.0633106	0.0893816	0.102922	0.10099	0.0875254	0.063116	0.0283984	-0.0251813	-0.0926419	-0.156737	-0.211038	-0.246299	-0.244376	-0.216232	-0.166219	-0.0919465	-0.00550188	0.0789369	0.158502	0.218227	0.245776	0.242256	0.20918	0.158229	0.0840337	-0.000224523	-0.0613447	-0.075747	-0.0217147	0.0779304	0.199042	0.32282	0.416688	0.505192	0.593323	0.652428	0.67825	0.651798	0.559298	0.428961	0.308399	0.231712	0.231712	
0.715483	0.561097	0.406612	0.278818	0.185025	0.1376	0.127714	0.142326	0.16434	0.169197	0.150512	0.116368	0.0746076	0.0288146	-0.0341673	-0.108398	-0.180663	-0.243237	-0.277034	-0.269752	-0.238508	-0.190165	-0.116381	-0.0294263	0.0576146	0.154279	0.228084	0.261472	0.270804	0.249993	0.202693	0.121986	0.0195961	-0.075747	-0.129306	-0.112019	-0.0341407	0.0769637	0.188288	0.284796	0.379531	0.469616	0.532072	0.554939	0.519745	0.420091	0.29825	0.190238	0.114904	0.114904	
0.57495	0.46476	0.357159	0.270707	0.215469	0.202418	0.213798	0.240186	0.259603	0.25828	0.226009	0.173341	0.113038	0.051327	-0.0209546	-0.100944	-0.183086	-0.250385	-0.279727	-0.273832	-0.240046	-0.191012	-0.122932	-0.0370147	0.056113	0.161713	0.248159	0.296043	0.319779	0.316165	0.278279	0.205463	0.101445	-0.0217147	-0.112019	-0.13164	-0.087483	-0.00949628	0.0781541	0.167242	0.251146	0.32725	0.3761	0.381215	0.32913	0.230486	0.116267	0.0107507	-0.0485752	-0.0485752	
0.402892	0.345157	0.290196	0.248315	0.23722	0.261419	0.301588	0.342448	0.363989	0.356823	0.315027	0.245041	0.162776	0.0869223	0.00511413	-0.0824601	-0.171649	-0.241171	-0.273753	-0.269413	-0.235529	-0.182842	-0.115372	-0.0313603	0.0689193	0.177562	0.27297	0.337221	0.37538	0.390692	0.376927	0.321092	0.215743	0.0779304	-0.0341407	-0.087483	-0.084998	-0.0432065	0.0161375	0.0782734	0.132948	0.179344	0.197709	0.172958	0.100862	-0.000666783	-0.111082	-0.210286	-0.25575	-0.25575	
0.226912	0.221839	0.221272	0.226074	0.263127	0.324081	0.391981	0.45022	0.475266	0.469297	0.423064	0.339456	0.238487	0.142776	0.0477186	-0.0519928	-0.149695	-0.22198	-0.260832	-0.263725	-0.230527	-0.177124	-0.111709	-0.0246209	0.0812075	0.192303	0.295196	0.374792	0.429481	0.465854	0.474698	0.43461	0.335409	0.199042	0.0769637	-0.00949628	-0.0432065	-0.0356278	-0.0160081	0.00970861	0.0294064	0.0404295	0.0196436	-0.0439327	-0.140214	-0.253448	-0.357409	-0.439663	-0.482609	-0.482609	
0.0741121	0.113803	0.164033	0.220618	0.301828	0.403538	0.49946	0.567842	0.601546	0.598582	0.548619	0.459028	0.345204	0.229519	0.11849	0.00346088	-0.105644	-0.187654	-0.239407	-0.254589	-0.231265	-0.181367	-0.115433	-0.0236252	0.0870185	0.196195	0.302896	0.395601	0.465197	0.519693	0.548484	0.524351	0.443947	0.32282	0.188288	0.0781541	0.0161375	-0.0160081	-0.034494	-0.0403698	-0.0522215	-0.0841039	-0.149025	-0.248024	-0.368374	-0.495021	-0.598841	-0.666246	-0.702118	-0.702118	
-0.0214366	0.0593387	0.149218	0.248061	0.367499	0.496841	0.612823	0.693206	0.737669	0.737165	0.691099	0.596599	0.471331	0.340035	0.207021	0.076831	-0.0441061	-0.141503	-0.208489	-0.240551	-0.235331	-0.19516	-0.126568	-0.0333996	0.0758715	0.187695	0.299439	0.403373	0.490144	0.558736	0.602259	0.596424	0.528518	0.416688	0.284796	0.167242	0.0782734	0.00970861	-0.0403698	-0.081824	-0.130787	-0.202701	-0.305589	-0.439448	-0.582304	-0.711469	-0.81107	-0.869934	-0.900999	-0.900999	
-0.0703016	0.0468253	0.167762	0.305483	0.456511	0.60697	0.732949	0.817087	0.863177	0.86553	0.819828	0.723751	0.599046	0.450966	0.302896	0.160935	0.0271231	-0.0846309	-0.162644	-0.21571	-0.231826	-0.201541	-0.137448	-0.0453415	0.0633769	0.176664	0.291737	0.404597	0.504658	0.589368	0.64564	0.65277	0.600784	0.505192	0.379531	0.251146	0.132948	0.0294064	-0.0522215	-0.130787	-0.214076	-0.321588	-0.458295	-0.617766	-0.776032	-0.903706	-0.99718	-1.04726	-1.06983	-1.06983	
-0.0907581	0.0580345	0.208857	0.377994	0.551047	0.712703	0.841377	0.921253	0.966199	0.96956	0.920541	0.83096	0.706073	0.550092	0.397991	0.242846	0.104342	-0.0150388	-0.107822	-0.171671	-0.209986	-0.192452	-0.12978	-0.0456768	0.0638178	0.179034	0.291528	0.416175	0.529276	0.624989	0.689832	0.702731	0.671189	0.593323	0.469616	0.32725	0.179344	0.0404295	-0.0841039	-0.202701	-0.321588	-0.465448	-0.623322	-0.792227	-0.953192	-1.06994	-1.14626	-1.18041	-1.19197	-1.19197	
-0.0992127	0.0732576	0.248091	0.436469	0.629921	0.793491	0.921733	0.9999	1.03856	1.04145	0.991399	0.906632	0.784211	0.630235	0.47527	0.318541	0.177032	0.0599379	-0.0374889	-0.110479	-0.156896	-0.150479	-0.0931687	-0.0141565	0.093451	0.206903	0.323111	0.454795	0.572295	0.672215	0.735294	0.756501	0.732882	0.652428	0.532072	0.3761	0.197709	0.0196436	-0.149025	-0.305589	-0.458295	-0.623322	-0.797662	-0.963855	-1.10188	-1.19143	-1.24039	-1.26214	-1.26015	-1.26015	
-0.118578	0.0732643	0.271711	0.477147	0.682425	0.848979	0.971849	1.0499	1.08267	1.08144	1.03878	0.954711	0.840817	0.697479	0.541517	0.390815	0.252978	0.141397	0.0481504	-0.0269981	-0.0715041	-0.0696779	-0.0240083	0.0533223	0.155722	0.263131	0.384163	0.509101	0.622208	0.716163	0.768575	0.785375	0.756292	0.67825	0.554939	0.381215	0.172958	-0.0439327	-0.248024	-0.439448	-0.617766	-0.792227	-0.963855	-1.10407	-1.20926	-1.26808	-1.27768	-1.27192	-1.26053	-1.26053	
-0.138141	0.0672693	0.282966	0.500187	0.707476	0.873954	0.992347	1.068	1.09875	1.09437	1.05708	0.980725	0.878034	0.749037	0.603327	0.461196	0.334581	0.232772	0.147794	0.0792697	0.0452552	0.0444648	0.0795844	0.152391	0.244827	0.343236	0.456542	0.566355	0.662065	0.735537	0.767077	0.764367	0.726182	0.651798	0.519745	0.32913	0.100862	-0.140214	-0.368374	-0.582304	-0.776032	-0.953192	-1.10188	-1.20926	-1.2697	-1.28024	-1.25654	-1.21865	-1.19759	-1.19759	
-0.148571	0.0608876	0.283664	0.506345	0.704586	0.865834	0.980971	1.04872	1.07967	1.07301	1.03642	0.976058	0.888015	0.777594	0.654085	0.527432	0.421478	0.335975	0.264723	0.214086	0.192394	0.191254	0.217355	0.276035	0.349802	0.433446	0.524975	0.611429	0.67404	0.710077	0.71707	0.69107	0.641701	0.559298	0.420091	0.230486	-0.000666783	-0.253448	-0.495021	-0.711469	-0.903706	-1.06994	-1.19143	-1.26808	-1.28024	-1.24026	-1.19193	-1.13502	-1.10088	-1.10088	
-0.147824	0.0627852	0.288038	0.506094	0.688962	0.834232	0.936369	0.99823	1.02878	1.01775	0.990835	0.945535	0.873555	0.788702	0.687677	0.584885	0.507758	0.441573	0.388892	0.365234	0.351636	0.350972	0.366722	0.401687	0.450271	0.517233	0.58011	0.632038	0.66163	0.654735	0.62944	0.577846	0.515033	0.428961	0.29825	0.116267	-0.111082	-0.357409	-0.598841	-0.81107	-0.99718	-1.14626	-1.24039	-1.27768	-1.25654	-1.19193	-1.10787	-1.03415	-0.995075	-0.995075	
-0.139071	0.0661023	0.285578	0.493276	0.666152	0.794306	0.884437	0.942329	0.960899	0.948214	0.924919	0.891719	0.845315	0.784116	0.706564	0.639148	0.580192	0.532141	0.503213	0.49203	0.492595	0.494114	0.498915	0.515425	0.542211	0.584446	0.619042	0.630805	0.625783	0.589345	0.529695	0.465021	0.395423	0.308399	0.190238	0.0107507	-0.210286	-0.439663	-0.666246	-0.869934	-1.04726	-1.18041	-1.26214	-1.27192	-1.21865	-1.13502	-1.03415	-0.956565	-0.912805	-0.912805	
-0.130715	0.0698048	0.287557	0.490156	0.646674	0.764712	0.844622	0.899013	0.91338	0.904269	0.881935	0.857767	0.824772	0.773747	0.711763	0.663876	0.61982	0.585134	0.573182	0.572175	0.579725	0.580124	0.578132	0.578357	0.591042	0.618223	0.637776	0.630714	0.605368	0.547247	0.468504	0.395611	0.319002	0.231712	0.114904	-0.0485752	-0.25575	-0.482609	-0.702118	-0.900999	-1.06983	-1.19197	-1.26015	-1.26053	-1.19759	-1.10088	-0.995075	-0.912805	-0.866287	-0.866287	
-0.130715	0.0698048	0.287557	0.490156	0.646674	0.764712	0.844622	0.899013	0.91338	0.904269	0.881935	0.857767	0.824772	0.773747	0.711763	0.663876	0.61982	0.585134	0.573182	0.572175	0.579725	0.580124	0.578132	0.578357	0.591042	0.618223	0.637776	0.630714	0.605368	0.547247	0.468504	0.395611	0.319002	0.231712	0.114904	-0.0485752	-0.25575	-0.482609	-0.702118	-0.900999	-1.06983	-1.19197	-1.26015	-1.26053	-1.19759	-1.10088	-0.995075	-0.912805	-0.866287	-0.866287	
