-0.0884136	-0.0784699	-0.0878125	-0.100127	-0.100135	-0.096979	-0.106612	-0.120423	-0.121614	-0.118935	-0.123736	-0.144861	-0.17305	-0.180889	-0.171838	-0.168666	-0.186221	-0.244519	-0.346272	-0.462058	-0.566493	-0.642197	-0.659837	-0.600459	-0.473711	-0.292138	-0.0594518	0.205677	0.464356	0.685117	0.858172	0.977903	1.02692	0.986843	0.860433	0.678012	0.483116	0.312317	0.18402	0.0993154	0.0493379	0.0226648	0.00966874	0.00384505	0.00143042	0.000499418	0.000164327	5.19455e-05	1.905e-05	1.905e-05	
-0.0784699	-0.085497	-0.102107	-0.104129	-0.0987079	-0.0989279	-0.114221	-0.126289	-0.122174	-0.120691	-0.1343	-0.16158	-0.181922	-0.178489	-0.169473	-0.176352	-0.212935	-0.294036	-0.407001	-0.518492	-0.608897	-0.659291	-0.641695	-0.548776	-0.396078	-0.192931	0.0547234	0.320224	0.564361	0.763957	0.914199	1.00689	1.02266	0.94863	0.797464	0.605961	0.416811	0.260511	0.148649	0.0778206	0.0375586	0.016786	0.00697573	0.00270551	0.000982633	0.000335257	0.000107876	3.33429e-05	1.19404e-05	1.19404e-05	
-0.0878125	-0.102107	-0.105453	-0.097703	-0.0960074	-0.109474	-0.128345	-0.126593	-0.118186	-0.128127	-0.151677	-0.176626	-0.18419	-0.173793	-0.17164	-0.194652	-0.254256	-0.354817	-0.470567	-0.570948	-0.641237	-0.659859	-0.604565	-0.480064	-0.303424	-0.0806692	0.176859	0.435608	0.660189	0.836415	0.961621	1.02379	1.00378	0.896849	0.725537	0.530796	0.351987	0.212445	0.117269	0.0594922	0.0278686	0.0121067	0.00489686	0.00185074	0.000655732	0.000218459	6.86924e-05	2.07458e-05	7.24896e-06	7.24896e-06	
-0.100127	-0.104129	-0.097703	-0.0957606	-0.10885	-0.125992	-0.128976	-0.119169	-0.124187	-0.145298	-0.168726	-0.184937	-0.180795	-0.170936	-0.183368	-0.227781	-0.310506	-0.422967	-0.532292	-0.615142	-0.658745	-0.640136	-0.5472	-0.394259	-0.195811	0.0433053	0.303816	0.548461	0.749504	0.900583	0.998006	1.02605	0.968918	0.83199	0.646547	0.454748	0.290362	0.169053	0.0901844	0.0442951	0.020122	0.00848984	0.00333961	0.00122904	0.00042449	0.000137996	4.23752e-05	1.24972e-05	4.25783e-06	4.25783e-06	
-0.100135	-0.0987079	-0.0960074	-0.10885	-0.124034	-0.128633	-0.123865	-0.122543	-0.138957	-0.162449	-0.182108	-0.186574	-0.174615	-0.175944	-0.210166	-0.277703	-0.378885	-0.492994	-0.587082	-0.646146	-0.656463	-0.597386	-0.469438	-0.291689	-0.0738947	0.17645	0.43159	0.655403	0.830149	0.954317	1.02059	1.0113	0.917466	0.7555	0.563025	0.380207	0.233496	0.131009	0.0674834	0.0320632	0.0141138	0.00577915	0.00220932	0.000791174	0.000266205	8.43924e-05	2.5293e-05	7.28034e-06	2.41705e-06	2.41705e-06	
-0.096979	-0.0989279	-0.109474	-0.125992	-0.128633	-0.126672	-0.122763	-0.131872	-0.158478	-0.180665	-0.188521	-0.179821	-0.172965	-0.197137	-0.255033	-0.342926	-0.454177	-0.55839	-0.629347	-0.658573	-0.630043	-0.530397	-0.372015	-0.173025	0.0606735	0.31487	0.555662	0.753351	0.900077	0.995097	1.0264	0.977712	0.849936	0.66982	0.477967	0.309527	0.18265	0.0986756	0.0490401	0.0225232	0.00960045	0.00381257	0.00141559	0.000492993	0.000161503	4.99021e-05	1.45897e-05	4.09684e-06	1.32468e-06	1.32468e-06	
-0.106612	-0.114221	-0.128345	-0.128976	-0.123865	-0.122763	-0.128496	-0.156301	-0.182168	-0.187809	-0.182427	-0.174471	-0.188144	-0.238286	-0.316813	-0.419621	-0.529019	-0.611736	-0.653368	-0.647272	-0.576534	-0.439572	-0.256251	-0.0394873	0.204805	0.453453	0.671528	0.839707	0.957137	1.01994	1.01261	0.924497	0.768144	0.578279	0.394586	0.244796	0.138683	0.072088	0.0345432	0.0153265	0.00632228	0.0024337	0.000877173	0.000296931	9.46629e-05	2.84953e-05	8.12356e-06	2.22451e-06	7.0021e-07	7.0021e-07	
-0.120423	-0.126289	-0.126593	-0.119169	-0.122543	-0.131872	-0.156301	-0.183435	-0.186858	-0.181823	-0.178011	-0.184118	-0.22478	-0.298463	-0.393095	-0.500812	-0.593571	-0.645952	-0.654076	-0.607892	-0.494859	-0.326722	-0.123878	0.10668	0.353701	0.586372	0.775247	0.912294	0.998786	1.02554	0.977053	0.8523	0.675266	0.484832	0.315987	0.187641	0.101988	0.0509777	0.02354	0.0100849	0.00402407	0.00150083	0.000524881	0.000172632	5.3538e-05	1.56945e-05	4.36128e-06	1.16429e-06	3.56642e-07	3.56642e-07	
-0.121614	-0.122174	-0.118186	-0.124187	-0.138957	-0.158478	-0.182168	-0.186858	-0.18098	-0.180584	-0.183885	-0.214677	-0.285081	-0.375622	-0.477236	-0.574985	-0.638199	-0.655927	-0.626883	-0.53732	-0.386238	-0.194707	0.0229161	0.261639	0.500977	0.707889	0.863788	0.969023	1.02189	1.00867	0.918843	0.763535	0.575662	0.393666	0.244846	0.13908	0.0724873	0.0348253	0.0154907	0.00640558	0.00247152	0.000892801	0.000302869	9.67545e-05	2.91809e-05	8.32823e-06	2.25528e-06	5.86827e-07	1.74883e-07	1.74883e-07	
-0.118935	-0.120691	-0.128127	-0.145298	-0.162449	-0.180665	-0.187809	-0.181823	-0.180584	-0.184364	-0.209239	-0.276081	-0.365696	-0.46087	-0.557703	-0.630198	-0.656394	-0.637647	-0.567289	-0.434926	-0.254329	-0.0468221	0.181098	0.419488	0.63934	0.813235	0.934971	1.0074	1.02283	0.966933	0.83905	0.662412	0.474458	0.308717	0.183119	0.0994551	0.0496883	0.0229384	0.00982608	0.00392088	0.00146251	0.000511585	0.000168304	5.22126e-05	1.5311e-05	4.25344e-06	1.12225e-06	2.84581e-07	8.24957e-08	8.24957e-08	
-0.123736	-0.1343	-0.151677	-0.168726	-0.182108	-0.188521	-0.182427	-0.178011	-0.183885	-0.209239	-0.27279	-0.3613	-0.451934	-0.54439	-0.622417	-0.656724	-0.644087	-0.586734	-0.472404	-0.303922	-0.104244	0.1137	0.34593	0.572291	0.761809	0.899182	0.986921	1.02413	0.998057	0.899669	0.741077	0.554629	0.376929	0.2332	0.131869	0.0684638	0.0327831	0.0145406	0.0059978	0.00230922	0.000832617	0.000281996	8.996e-05	2.70986e-05	7.7255e-06	2.08883e-06	5.36922e-07	1.32681e-07	3.74097e-08	3.74097e-08	
-0.144861	-0.16158	-0.176626	-0.184937	-0.186574	-0.179821	-0.174471	-0.184118	-0.214677	-0.276081	-0.3613	-0.449198	-0.537214	-0.616458	-0.65696	-0.648451	-0.598508	-0.498989	-0.343546	-0.150941	0.0592262	0.283136	0.509989	0.711078	0.863113	0.963897	1.01722	1.01527	0.945209	0.808855	0.630618	0.44668	0.287802	0.169247	0.0912278	0.0452757	0.0207793	0.00885531	0.00351739	0.0013067	0.000455434	0.00014935	4.61996e-05	1.35129e-05	3.74518e-06	9.85548e-07	2.46796e-07	5.94325e-08	1.62985e-08	1.62985e-08	
-0.17305	-0.181922	-0.18419	-0.180795	-0.174615	-0.172965	-0.188144	-0.22478	-0.285081	-0.365696	-0.451934	-0.537214	-0.614198	-0.657037	-0.651283	-0.605136	-0.516007	-0.372935	-0.187641	0.0166402	0.232387	0.455434	0.663195	0.82791	0.940478	1.00591	1.02229	0.977094	0.864404	0.699509	0.515052	0.344929	0.210628	0.117732	0.0605007	0.0287083	0.0126311	0.00517299	0.00197899	0.00070949	0.00023907	7.59165e-05	2.27739e-05	6.46838e-06	1.74299e-06	4.46431e-07	1.08916e-07	2.55626e-08	6.81882e-09	6.81882e-09	
-0.180889	-0.178489	-0.173793	-0.170936	-0.175944	-0.197137	-0.238286	-0.298463	-0.375622	-0.46087	-0.54439	-0.616458	-0.657037	-0.652299	-0.608144	-0.525241	-0.392136	-0.214294	-0.0149924	0.193755	0.410763	0.620577	0.794912	0.918013	0.992973	1.0227	0.997762	0.907774	0.75934	0.579373	0.402329	0.25464	0.14738	0.0783266	0.0383887	0.0174235	0.00735203	0.00289459	0.00106687	0.000369218	0.000120308	3.70025e-05	1.07667e-05	2.97004e-06	7.78217e-07	1.94033e-07	4.61256e-08	1.05523e-08	2.73839e-09	2.73839e-09	
-0.171838	-0.169473	-0.17164	-0.183368	-0.210166	-0.255033	-0.316813	-0.393095	-0.477236	-0.557703	-0.622417	-0.65696	-0.651283	-0.608144	-0.528138	-0.401549	-0.230512	-0.0361033	0.166729	0.377086	0.585415	0.76573	0.897539	0.980217	1.01944	1.01001	0.940089	0.809199	0.637506	0.457755	0.299623	0.179247	0.0983788	0.0497422	0.0232659	0.0101064	0.00409205	0.00154958	0.00055049	0.000183975	5.79904e-05	1.72803e-05	4.87838e-06	1.30732e-06	3.33163e-07	8.08782e-08	1.87375e-08	4.17928e-09	1.05531e-09	1.05531e-09	
-0.168666	-0.176352	-0.194652	-0.227781	-0.277703	-0.342926	-0.419621	-0.500812	-0.574985	-0.630198	-0.656724	-0.648451	-0.605136	-0.525241	-0.401549	-0.235959	-0.0467101	0.150753	0.354725	0.559348	0.742056	0.880067	0.968803	1.01469	1.01651	0.963114	0.849115	0.688007	0.509191	0.343799	0.212151	0.120043	0.0625287	0.0301045	0.0134489	0.00559546	0.00217547	0.000792843	0.000271626	8.77065e-05	2.67548e-05	7.72727e-06	2.11726e-06	5.51373e-07	1.36704e-07	3.232e-08	7.2991e-09	1.58765e-09	3.90196e-10	3.90196e-10	
-0.186221	-0.212935	-0.254256	-0.310506	-0.378885	-0.454177	-0.529019	-0.593571	-0.638199	-0.656394	-0.644087	-0.598508	-0.516007	-0.392136	-0.230512	-0.0467101	0.145466	0.343609	0.543382	0.725375	0.866624	0.959525	1.00989	1.01943	0.978817	0.879807	0.730136	0.555014	0.385436	0.24475	0.142498	0.0763441	0.0377835	0.01734	0.00740621	0.00295401	0.0011037	0.000387397	0.000128076	3.99787e-05	1.18085e-05	3.30711e-06	8.79834e-07	2.22742e-07	5.37462e-08	1.23791e-08	2.72604e-09	5.78421e-10	1.38406e-10	1.38406e-10	
-0.244519	-0.294036	-0.354817	-0.422967	-0.492994	-0.55839	-0.611736	-0.645952	-0.655927	-0.637647	-0.586734	-0.498989	-0.372935	-0.214294	-0.0361033	0.150753	0.343609	0.538012	0.71676	0.858129	0.952975	1.00595	1.0204	0.989033	0.902376	0.763754	0.594068	0.422986	0.275663	0.164781	0.0906379	0.0460423	0.0216796	0.00949591	0.00388208	0.00148588	0.000533995	0.000180661	5.76788e-05	1.74162e-05	4.98389e-06	1.35418e-06	3.49976e-07	8.61698e-08	2.02433e-08	4.54389e-09	9.76024e-10	2.0209e-10	4.7097e-11	4.7097e-11	
-0.346272	-0.407001	-0.470567	-0.532292	-0.587082	-0.629347	-0.653368	-0.654076	-0.626883	-0.567289	-0.472404	-0.343546	-0.187641	-0.0149924	0.166729	0.354725	0.543382	0.71676	0.85522	0.949584	1.00341	1.02052	0.995261	0.918019	0.789131	0.625644	0.455181	0.303575	0.185863	0.104751	0.0545258	0.0263051	0.0118021	0.00494056	0.00193562	0.000711738	0.000246269	8.03781e-05	2.48008e-05	7.24913e-06	2.01104e-06	5.30433e-07	1.33237e-07	3.19198e-08	7.30385e-09	1.59837e-09	3.35009e-10	6.77133e-11	1.53754e-11	1.53754e-11	
-0.462058	-0.518492	-0.570948	-0.615142	-0.646146	-0.658573	-0.647272	-0.607892	-0.53732	-0.434926	-0.303922	-0.150941	0.0166402	0.193755	0.377086	0.559348	0.725375	0.858129	0.949584	1.00253	1.02044	0.998576	0.927795	0.806743	0.649394	0.481057	0.327325	0.204729	0.117968	0.0628084	0.0309985	0.014228	0.00609248	0.00244106	0.0009177	0.00032455	0.000108232	3.41099e-05	1.01799e-05	2.88247e-06	7.75726e-07	1.98739e-07	4.85453e-08	1.13219e-08	2.52451e-09	5.38842e-10	1.10245e-10	2.1761e-11	4.8163e-12	4.8163e-12	
-0.566493	-0.608897	-0.641237	-0.658745	-0.656463	-0.630043	-0.576534	-0.494859	-0.386238	-0.254329	-0.104244	0.0592262	0.232387	0.410763	0.585415	0.742056	0.866624	0.952975	1.00341	1.02044	0.999612	0.93248	0.817073	0.66521	0.499947	0.345965	0.220456	0.129576	0.0704285	0.0355021	0.0166478	0.00728359	0.00298165	0.00114514	0.000413657	0.00014087	4.53247e-05	1.3806e-05	3.98874e-06	1.09494e-06	2.86053e-07	7.1229e-08	1.69294e-08	3.84573e-09	8.36007e-10	1.74119e-10	3.47889e-11	6.70871e-12	1.44792e-12	1.44792e-12	
-0.642197	-0.659291	-0.659859	-0.640136	-0.597386	-0.530397	-0.439572	-0.326722	-0.194707	-0.0468221	0.1137	0.283136	0.455434	0.620577	0.76573	0.880067	0.959525	1.00595	1.02052	0.998576	0.93248	0.820474	0.673102	0.51143	0.358782	0.232271	0.138925	0.0769298	0.0395408	0.0189158	0.00844569	0.00352892	0.00138343	0.000510076	0.000177281	5.82046e-05	1.80877e-05	5.33022e-06	1.49208e-06	3.97395e-07	1.00854e-07	2.44243e-08	5.65176e-09	1.25118e-09	2.65302e-10	5.39423e-11	1.05294e-11	1.98456e-12	4.17864e-13	4.17864e-13	
-0.659837	-0.641695	-0.604565	-0.5472	-0.469438	-0.372015	-0.256251	-0.123878	0.0229161	0.181098	0.34593	0.509989	0.663195	0.794912	0.897539	0.968803	1.00989	1.0204	0.995261	0.927795	0.817073	0.673102	0.51528	0.365306	0.239598	0.145478	0.0819033	0.0428484	0.020881	0.00950259	0.00404846	0.00161861	0.000608692	0.000215778	7.22536e-05	2.28978e-05	6.88013e-06	1.96338e-06	5.32976e-07	1.37834e-07	3.40062e-08	8.0147e-09	1.80669e-09	3.89993e-10	8.07026e-11	1.60262e-11	3.05758e-12	5.63486e-13	1.15803e-13	1.15803e-13	
-0.600459	-0.548776	-0.480064	-0.394259	-0.291689	-0.173025	-0.0394873	0.10668	0.261639	0.419488	0.572291	0.711078	0.82791	0.918013	0.980217	1.01469	1.01943	0.989033	0.918019	0.806743	0.66521	0.51143	0.365306	0.242081	0.148853	0.0850258	0.0451955	0.0224023	0.010378	0.00450336	0.00183457	0.00070314	0.000254074	8.67245e-05	2.80152e-05	8.57988e-06	2.49529e-06	6.90223e-07	1.81856e-07	4.57018e-08	1.09692e-08	2.51762e-09	5.53203e-10	1.16503e-10	2.35395e-11	4.56775e-12	8.52138e-13	1.5362e-13	3.08283e-14	3.08283e-14	
-0.473711	-0.396078	-0.303424	-0.195811	-0.0738947	0.0606735	0.204805	0.353701	0.500977	0.63934	0.761809	0.863113	0.940478	0.992973	1.01944	1.01651	0.978817	0.902376	0.789131	0.649394	0.499947	0.358782	0.239598	0.148853	0.0860903	0.0464136	0.0233653	0.0110043	0.00485838	0.00201482	0.000786437	0.000289476	0.000100668	3.31335e-05	1.0339e-05	3.06349e-06	8.63266e-07	2.31677e-07	5.9296e-08	1.4492e-08	3.38625e-09	7.57362e-10	1.62313e-10	3.33674e-11	6.58625e-12	1.24942e-12	2.28019e-13	4.02281e-14	7.88672e-15	7.88672e-15	
-0.292138	-0.192931	-0.0806692	0.0433053	0.17645	0.31487	0.453453	0.586372	0.707889	0.813235	0.899182	0.963897	1.00591	1.0227	1.01001	0.963114	0.879807	0.763754	0.625644	0.481057	0.345965	0.232271	0.145478	0.0850258	0.0464136	0.0236949	0.011331	0.00508432	0.00214451	0.000851803	0.000319181	0.000113025	3.78862e-05	1.20408e-05	3.6338e-06	1.04289e-06	2.85032e-07	7.42851e-08	1.84846e-08	4.39683e-09	1.00089e-09	2.18281e-10	4.56543e-11	9.16654e-12	1.76846e-12	3.28123e-13	5.86062e-14	1.0123e-14	1.93974e-15	1.93974e-15	
-0.0594518	0.0547234	0.176859	0.303816	0.43159	0.555662	0.671528	0.775247	0.863788	0.934971	0.986921	1.01722	1.02229	0.997762	0.940089	0.849115	0.730136	0.594068	0.455181	0.327325	0.220456	0.138925	0.0819033	0.0451955	0.0233653	0.011331	0.00516188	0.00221239	0.000893556	0.000340634	0.000122759	4.18883e-05	1.3554e-05	4.16494e-06	1.21711e-06	3.38699e-07	8.98714e-08	2.27659e-08	5.51205e-09	1.27701e-09	2.83393e-10	6.03034e-11	1.23161e-11	2.41651e-12	4.55899e-13	8.27722e-14	1.44752e-14	2.44897e-15	4.58861e-16	4.58861e-16	
0.205677	0.320224	0.435608	0.548461	0.655403	0.753351	0.839707	0.912294	0.969023	1.0074	1.02413	1.01527	0.977094	0.907774	0.809199	0.688007	0.555014	0.422986	0.303575	0.204729	0.129576	0.0769298	0.0428484	0.0224023	0.0110043	0.00508432	0.00221239	0.000907917	0.000351888	0.000128992	4.47861e-05	1.47488e-05	4.61323e-06	1.37235e-06	3.88771e-07	1.05011e-07	2.70771e-08	6.67257e-09	1.5732e-09	3.55246e-10	7.69067e-11	1.59774e-11	3.18825e-12	6.11627e-13	1.12894e-13	2.0066e-14	3.43735e-15	5.69841e-16	1.04451e-16	1.04451e-16	
0.464356	0.564361	0.660189	0.749504	0.830149	0.900077	0.957137	0.998786	1.02189	1.02283	0.998057	0.945209	0.864404	0.75934	0.637506	0.509191	0.385436	0.275663	0.185863	0.117968	0.0704285	0.0395408	0.020881	0.010378	0.00485838	0.00214451	0.000893556	0.000351888	0.000131138	4.63086e-05	1.55153e-05	4.93837e-06	1.49512e-06	4.31091e-07	1.18517e-07	3.11031e-08	7.80054e-09	1.87156e-09	4.30018e-10	9.47111e-11	2.0015e-11	4.06206e-12	7.92409e-13	1.48706e-13	2.68675e-14	4.67719e-15	7.85149e-16	1.27595e-16	2.28901e-17	2.28901e-17	
0.685117	0.763957	0.836415	0.900583	0.954317	0.995097	1.01994	1.02554	1.00867	0.966933	0.899669	0.808855	0.699509	0.579373	0.457755	0.343799	0.24475	0.164781	0.104751	0.0628084	0.0355021	0.0189158	0.00950259	0.00450336	0.00201482	0.000851803	0.000340634	0.000128992	4.63086e-05	1.57795e-05	5.10937e-06	1.57396e-06	4.61818e-07	1.29208e-07	3.45085e-08	8.80734e-09	2.15027e-09	5.02695e-10	1.12641e-10	2.42144e-11	4.99828e-12	9.91541e-13	1.89192e-13	3.47491e-14	6.14841e-15	1.04877e-15	1.72596e-16	2.75065e-17	4.83164e-18	4.83164e-18	
0.858172	0.914199	0.961621	0.998006	1.02059	1.0264	1.01261	0.977053	0.918843	0.83905	0.741077	0.630618	0.515052	0.402329	0.299623	0.212151	0.142498	0.0906379	0.0545258	0.0309985	0.0166478	0.00844569	0.00404846	0.00183457	0.000786437	0.000319181	0.000122759	4.47861e-05	1.55153e-05	5.10937e-06	1.60114e-06	4.77987e-07	1.36077e-07	3.69822e-08	9.60464e-09	2.38607e-09	5.67566e-10	1.29387e-10	2.82941e-11	5.94041e-12	1.19844e-12	2.32515e-13	4.34172e-14	7.80865e-15	1.35367e-15	2.26347e-16	3.65329e-17	5.71195e-18	9.82812e-19	9.82812e-19	
0.977903	1.00689	1.02379	1.02605	1.0113	0.977712	0.924497	0.8523	0.763535	0.662412	0.554629	0.44668	0.344929	0.25464	0.179247	0.120043	0.0763441	0.0460423	0.0263051	0.014228	0.00728359	0.00352892	0.00161861	0.00070314	0.000289476	0.000113025	4.18883e-05	1.47488e-05	4.93837e-06	1.57396e-06	4.77987e-07	1.38447e-07	3.82845e-08	1.01171e-08	2.55738e-09	6.1894e-10	1.43552e-10	3.19344e-11	6.81979e-12	1.39928e-12	2.76065e-13	5.24113e-14	9.58235e-15	1.68836e-15	2.86887e-16	4.70435e-17	7.44972e-18	1.14314e-18	1.92749e-19	1.92749e-19	
1.02692	1.02266	1.00378	0.968918	0.917466	0.849936	0.768144	0.675266	0.575662	0.474458	0.376929	0.287802	0.210628	0.14738	0.0983788	0.0625287	0.0377835	0.0216796	0.0118021	0.00609248	0.00298165	0.00138343	0.000608692	0.000254074	0.000100668	3.78862e-05	1.3554e-05	4.61323e-06	1.49512e-06	4.61818e-07	1.36077e-07	3.82845e-08	1.02939e-08	2.64757e-09	6.51959e-10	1.53842e-10	3.48164e-11	7.56331e-12	1.57837e-12	3.16678e-13	6.11324e-14	1.13629e-14	2.0351e-15	3.51445e-16	5.85596e-17	9.42082e-18	1.46428e-18	2.20599e-19	3.64652e-20	3.64652e-20	
0.986843	0.94863	0.896849	0.83199	0.7555	0.66982	0.578279	0.484832	0.393666	0.308717	0.2332	0.169247	0.117732	0.0783266	0.0497422	0.0301045	0.01734	0.00949591	0.00494056	0.00244106	0.00114514	0.000510076	0.000215778	8.67245e-05	3.31335e-05	1.20408e-05	4.16494e-06	1.37235e-06	4.31091e-07	1.29208e-07	3.69822e-08	1.01171e-08	2.64757e-09	6.6335e-10	1.59259e-10	3.66685e-11	8.10327e-12	1.72009e-12	3.50994e-13	6.8902e-14	1.30216e-14	2.37086e-15	4.16153e-16	7.04686e-17	1.15189e-17	1.81876e-18	2.77565e-19	4.10695e-20	6.65806e-21	6.65806e-21	
0.860433	0.797464	0.725537	0.646547	0.563025	0.477967	0.394586	0.315987	0.244846	0.183119	0.131869	0.0912278	0.0605007	0.0383887	0.0232659	0.0134489	0.00740621	0.00388208	0.00193562	0.0009177	0.000413657	0.000177281	7.22536e-05	2.80152e-05	1.0339e-05	3.6338e-06	1.21711e-06	3.88771e-07	1.18517e-07	3.45085e-08	9.60464e-09	2.55738e-09	6.51959e-10	1.59259e-10	3.73074e-11	8.38748e-12	1.81113e-12	3.75902e-13	7.50463e-14	1.44219e-14	2.66967e-15	4.76355e-16	8.19835e-17	1.36183e-17	2.18469e-18	3.38679e-19	5.0768e-20	7.38024e-21	1.17386e-21	1.17386e-21	
0.678012	0.605961	0.530796	0.454748	0.380207	0.309527	0.244796	0.187641	0.13908	0.0994551	0.0684638	0.0452757	0.0287083	0.0174235	0.0101064	0.00559546	0.00295401	0.00148588	0.000711738	0.00032455	0.00014087	5.82046e-05	2.28978e-05	8.57988e-06	3.06349e-06	1.04289e-06	3.38699e-07	1.05011e-07	3.11031e-08	8.80734e-09	2.38607e-09	6.1894e-10	1.53842e-10	3.66685e-11	8.38748e-12	1.84253e-12	3.89009e-13	7.89916e-14	1.54377e-14	2.90579e-15	5.27128e-16	9.22191e-17	1.55688e-17	2.53795e-18	3.99731e-19	6.0864e-20	8.96445e-21	1.28079e-21	1.9994e-22	1.9994e-22	
0.483116	0.416811	0.351987	0.290362	0.233496	0.18265	0.138683	0.101988	0.0724873	0.0496883	0.0327831	0.0207793	0.0126311	0.00735203	0.00409205	0.00217547	0.0011037	0.000533995	0.000246269	0.000108232	4.53247e-05	1.80877e-05	6.88013e-06	2.49529e-06	8.63266e-07	2.85032e-07	8.98714e-08	2.70771e-08	7.80054e-09	2.15027e-09	5.67566e-10	1.43552e-10	3.48164e-11	8.10327e-12	1.81113e-12	3.89009e-13	8.0352e-14	1.5972e-14	3.05732e-15	5.63934e-16	1.003e-16	1.72119e-17	2.85156e-18	4.56368e-19	7.05959e-20	1.05614e-20	1.52894e-21	2.14762e-22	3.29162e-23	3.29162e-23	
0.312317	0.260511	0.212445	0.169053	0.131009	0.0986756	0.072088	0.0509777	0.0348253	0.0229384	0.0145406	0.00885531	0.00517299	0.00289459	0.00154958	0.000792843	0.000387397	0.000180661	8.03781e-05	3.41099e-05	1.3806e-05	5.33022e-06	1.96338e-06	6.90223e-07	2.31677e-07	7.42851e-08	2.27659e-08	6.67257e-09	1.87156e-09	5.02695e-10	1.29387e-10	3.19344e-11	7.56331e-12	1.72009e-12	3.75902e-13	7.89916e-14	1.5972e-14	3.10956e-15	5.83286e-16	1.05483e-16	1.84022e-17	3.0989e-18	5.04026e-19	7.92237e-20	1.20408e-20	1.77049e-21	2.52005e-22	3.48118e-23	5.24034e-24	5.24034e-24	
0.18402	0.148649	0.117269	0.0901844	0.0674834	0.0490401	0.0345432	0.02354	0.0154907	0.00982608	0.0059978	0.00351739	0.00197899	0.00106687	0.00055049	0.000271626	0.000128076	5.76788e-05	2.48008e-05	1.01799e-05	3.98874e-06	1.49208e-06	5.32976e-07	1.81856e-07	5.9296e-08	1.84846e-08	5.51205e-09	1.5732e-09	4.30018e-10	1.12641e-10	2.82941e-11	6.81979e-12	1.57837e-12	3.50994e-13	7.50463e-14	1.54377e-14	3.05732e-15	5.83286e-16	1.07269e-16	1.90277e-17	3.25745e-18	5.3852e-19	8.60216e-20	1.32842e-20	1.98437e-21	2.86879e-22	4.01605e-23	5.45754e-24	8.07151e-25	8.07151e-25	
0.0993154	0.0778206	0.0594922	0.0442951	0.0320632	0.0225232	0.0153265	0.0100849	0.00640558	0.00392088	0.00230922	0.0013067	0.00070949	0.000369218	0.000183975	8.77065e-05	3.99787e-05	1.74162e-05	7.24913e-06	2.88247e-06	1.09494e-06	3.97395e-07	1.37834e-07	4.57018e-08	1.4492e-08	4.39683e-09	1.27701e-09	3.55246e-10	9.47111e-11	2.42144e-11	5.94041e-12	1.39928e-12	3.16678e-13	6.8902e-14	1.44219e-14	2.90579e-15	5.63934e-16	1.05483e-16	1.90277e-17	3.31207e-18	5.56638e-19	9.0376e-20	1.41834e-20	2.15272e-21	3.16159e-22	4.49529e-23	6.19116e-24	8.27901e-25	1.20337e-25	1.20337e-25	
0.0493379	0.0375586	0.0278686	0.020122	0.0141138	0.00960045	0.00632228	0.00402407	0.00247152	0.00146251	0.000832617	0.000455434	0.00023907	0.000120308	5.79904e-05	2.67548e-05	1.18085e-05	4.98389e-06	2.01104e-06	7.75726e-07	2.86053e-07	1.00854e-07	3.40062e-08	1.09692e-08	3.38625e-09	1.00089e-09	2.83393e-10	7.69067e-11	2.0015e-11	4.99828e-12	1.19844e-12	2.76065e-13	6.11324e-14	1.30216e-14	2.66967e-15	5.27128e-16	1.003e-16	1.84022e-17	3.25745e-18	5.56638e-19	9.18757e-20	1.46554e-20	2.26048e-21	3.37314e-22	4.87218e-23	6.81527e-24	9.23715e-25	1.21584e-25	1.73739e-26	1.73739e-26	
0.0226648	0.016786	0.0121067	0.00848984	0.00577915	0.00381257	0.0024337	0.00150083	0.000892801	0.000511585	0.000281996	0.00014935	7.59165e-05	3.70025e-05	1.72803e-05	7.72727e-06	3.30711e-06	1.35418e-06	5.30433e-07	1.98739e-07	7.1229e-08	2.44243e-08	8.0147e-09	2.51762e-09	7.57362e-10	2.18281e-10	6.03034e-11	1.59774e-11	4.06206e-12	9.91541e-13	2.32515e-13	5.24113e-14	1.13629e-14	2.37086e-15	4.76355e-16	9.22191e-17	1.72119e-17	3.0989e-18	5.3852e-19	9.0376e-20	1.46554e-20	2.29758e-21	3.48414e-22	5.11325e-23	7.26591e-24	1.0002e-24	1.33445e-25	1.72939e-26	2.4302e-27	2.4302e-27	
0.00966874	0.00697573	0.00489686	0.00333961	0.00220932	0.00141559	0.000877173	0.000524881	0.000302869	0.000168304	8.996e-05	4.61996e-05	2.27739e-05	1.07667e-05	4.87838e-06	2.11726e-06	8.79834e-07	3.49976e-07	1.33237e-07	4.85453e-08	1.69294e-08	5.65176e-09	1.80669e-09	5.53203e-10	1.62313e-10	4.56543e-11	1.23161e-11	3.18825e-12	7.92409e-13	1.89192e-13	4.34172e-14	9.58235e-15	2.0351e-15	4.16153e-16	8.19835e-17	1.55688e-17	2.85156e-18	5.04026e-19	8.60216e-20	1.41834e-20	2.26048e-21	3.48414e-22	5.19622e-23	7.50224e-24	1.0491e-24	1.42159e-25	1.86754e-26	2.38354e-27	3.29479e-28	3.29479e-28	
0.00384505	0.00270551	0.00185074	0.00122904	0.000791174	0.000492993	0.000296931	0.000172632	9.67545e-05	5.22126e-05	2.70986e-05	1.35129e-05	6.46838e-06	2.97004e-06	1.30732e-06	5.51373e-07	2.22742e-07	8.61698e-08	3.19198e-08	1.13219e-08	3.84573e-09	1.25118e-09	3.89993e-10	1.16503e-10	3.33674e-11	9.16654e-12	2.41651e-12	6.11627e-13	1.48706e-13	3.47491e-14	7.80865e-15	1.68836e-15	3.51445e-16	7.04686e-17	1.36183e-17	2.53795e-18	4.56368e-19	7.92237e-20	1.32842e-20	2.15272e-21	3.37314e-22	5.11325e-23	7.50224e-24	1.06593e-24	1.46727e-25	1.9577e-26	2.533e-27	3.18466e-28	4.33155e-29	4.33155e-29	
0.00143042	0.000982633	0.000655732	0.00042449	0.000266205	0.000161503	9.46629e-05	5.3538e-05	2.91809e-05	1.5311e-05	7.7255e-06	3.74518e-06	1.74299e-06	7.78217e-07	3.33163e-07	1.36704e-07	5.37462e-08	2.02433e-08	7.30385e-09	2.52451e-09	8.36007e-10	2.65302e-10	8.07026e-11	2.35395e-11	6.58625e-12	1.76846e-12	4.55899e-13	1.12894e-13	2.68675e-14	6.14841e-15	1.35367e-15	2.86887e-16	5.85596e-17	1.15189e-17	2.18469e-18	3.99731e-19	7.05959e-20	1.20408e-20	1.98437e-21	3.16159e-22	4.87218e-23	7.26591e-24	1.0491e-24	1.46727e-25	1.98872e-26	2.61336e-27	3.33114e-28	4.12669e-29	5.52427e-30	5.52427e-30	
0.000499418	0.000335257	0.000218459	0.000137996	8.43924e-05	4.99021e-05	2.84953e-05	1.56945e-05	8.32823e-06	4.25344e-06	2.08883e-06	9.85548e-07	4.46431e-07	1.94033e-07	8.08782e-08	3.232e-08	1.23791e-08	4.54389e-09	1.59837e-09	5.38842e-10	1.74119e-10	5.39423e-11	1.60262e-11	4.56775e-12	1.24942e-12	3.28123e-13	8.27722e-14	2.0066e-14	4.67719e-15	1.04877e-15	2.26347e-16	4.70435e-17	9.42082e-18	1.81876e-18	3.38679e-19	6.0864e-20	1.05614e-20	1.77049e-21	2.86879e-22	4.49529e-23	6.81527e-24	1.0002e-24	1.42159e-25	1.9577e-26	2.61336e-27	3.38322e-28	4.24944e-29	5.18829e-30	6.83761e-31	6.83761e-31	
0.000164327	0.000107876	6.86924e-05	4.23752e-05	2.5293e-05	1.45897e-05	8.12356e-06	4.36128e-06	2.25528e-06	1.12225e-06	5.36922e-07	2.46796e-07	1.08916e-07	4.61256e-08	1.87375e-08	7.2991e-09	2.72604e-09	9.76024e-10	3.35009e-10	1.10245e-10	3.47889e-11	1.05294e-11	3.05758e-12	8.52138e-13	2.28019e-13	5.86062e-14	1.44752e-14	3.43735e-15	7.85149e-16	1.72596e-16	3.65329e-17	7.44972e-18	1.46428e-18	2.77565e-19	5.0768e-20	8.96445e-21	1.52894e-21	2.52005e-22	4.01605e-23	6.19116e-24	9.23715e-25	1.33445e-25	1.86754e-26	2.533e-27	3.33114e-28	4.24944e-29	5.2607e-30	6.33168e-31	8.21702e-32	8.21702e-32	
5.19455e-05	3.33429e-05	2.07458e-05	1.24972e-05	7.28034e-06	4.09684e-06	2.22451e-06	1.16429e-06	5.86827e-07	2.84581e-07	1.32681e-07	5.94325e-08	2.55626e-08	1.05523e-08	4.17928e-09	1.58765e-09	5.78421e-10	2.0209e-10	6.77133e-11	2.1761e-11	6.70871e-12	1.98456e-12	5.63486e-13	1.5362e-13	4.02281e-14	1.0123e-14	2.44897e-15	5.69841e-16	1.27595e-16	2.75065e-17	5.71195e-18	1.14314e-18	2.20599e-19	4.10695e-20	7.38024e-21	1.28079e-21	2.14762e-22	3.48118e-23	5.45754e-24	8.27901e-25	1.21584e-25	1.72939e-26	2.38354e-27	3.18466e-28	4.12669e-29	5.18829e-30	6.33168e-31	7.51361e-32	9.60372e-33	9.60372e-33	
1.905e-05	1.19404e-05	7.24896e-06	4.25783e-06	2.41705e-06	1.32468e-06	7.0021e-07	3.56642e-07	1.74883e-07	8.24957e-08	3.74097e-08	1.62985e-08	6.81882e-09	2.73839e-09	1.05531e-09	3.90196e-10	1.38406e-10	4.7097e-11	1.53754e-11	4.8163e-12	1.44792e-12	4.17864e-13	1.15803e-13	3.08283e-14	7.88672e-15	1.93974e-15	4.58861e-16	1.04451e-16	2.28901e-17	4.83164e-18	9.82812e-19	1.92749e-19	3.64652e-20	6.65806e-21	1.17386e-21	1.9994e-22	3.29162e-23	5.24034e-24	8.07151e-25	1.20337e-25	1.73739e-26	2.4302e-27	3.29479e-28	4.33155e-29	5.52427e-30	6.83761e-31	8.21702e-32	9.60372e-33	1.20766e-33	1.20766e-33	
1.905e-05	1.19404e-05	7.24896e-06	4.25783e-06	2.41705e-06	1.32468e-06	7.0021e-07	3.56642e-07	1.74883e-07	8.24957e-08	3.74097e-08	1.62985e-08	6.81882e-09	2.73839e-09	1.05531e-09	3.90196e-10	1.38406e-10	4.7097e-11	1.53754e-11	4.8163e-12	1.44792e-12	4.17864e-13	1.15803e-13	3.08283e-14	7.88672e-15	1.93974e-15	4.58861e-16	1.04451e-16	2.28901e-17	4.83164e-18	9.82812e-19	1.92749e-19	3.64652e-20	6.65806e-21	1.17386e-21	1.9994e-22	3.29162e-23	5.24034e-24	8.07151e-25	1.20337e-25	1.73739e-26	2.4302e-27	3.29479e-28	4.33155e-29	5.52427e-30	6.83761e-31	8.21702e-32	9.60372e-33	1.20766e-33	1.20766e-33	
