-0.377623	-0.519244	-0.617055	-0.68194	-0.71676	-0.726023	-0.716533	-0.681395	-0.629998	-0.565844	-0.486651	-0.404746	-0.304587	-0.190757	-0.0815186	0.0110606	0.0787908	0.126933	0.151264	0.148023	0.125045	0.0985293	0.075364	0.0601619	0.0568985	0.0668513	0.0683338	0.0391406	-0.0156007	-0.0712922	-0.119083	-0.162602	-0.225395	-0.302329	-0.38354	-0.472523	-0.547045	-0.586919	-0.561192	-0.464416	-0.304886	-0.096206	0.157773	0.452852	0.758906	1.05085	1.29987	1.48252	1.57643	1.57643	
-0.519244	-0.648985	-0.72238	-0.759123	-0.763396	-0.744468	-0.712409	-0.660937	-0.594488	-0.520665	-0.442486	-0.37456	-0.300106	-0.211778	-0.133699	-0.0658672	-0.00875881	0.0301704	0.0471781	0.0463705	0.0439539	0.0487978	0.0501783	0.0377191	0.0329307	0.0418944	0.0386365	0.0134906	-0.0331496	-0.0918204	-0.144961	-0.192979	-0.252378	-0.330828	-0.415031	-0.500855	-0.571379	-0.599655	-0.567288	-0.458091	-0.279218	-0.0403301	0.241681	0.555295	0.879604	1.18277	1.44418	1.63696	1.7398	1.7398	
-0.617055	-0.72238	-0.766473	-0.770359	-0.741147	-0.69656	-0.64861	-0.58873	-0.51898	-0.436248	-0.361245	-0.299927	-0.248299	-0.193329	-0.142196	-0.0989707	-0.0589562	-0.0301769	-0.0125099	-0.00417274	0.0119811	0.0330202	0.0463092	0.0406445	0.0339748	0.0343914	0.0194857	-0.0084668	-0.0508813	-0.109578	-0.164805	-0.208452	-0.25245	-0.317672	-0.396919	-0.483159	-0.554915	-0.581345	-0.549177	-0.448083	-0.269981	-0.0250295	0.25841	0.570954	0.886822	1.18625	1.44724	1.64466	1.75456	1.75456	
-0.68194	-0.759123	-0.770359	-0.740593	-0.678728	-0.612407	-0.549615	-0.482869	-0.413304	-0.331037	-0.257299	-0.203432	-0.167061	-0.135102	-0.107632	-0.0908029	-0.0711738	-0.048996	-0.0217849	0.000241541	0.0267279	0.047979	0.063526	0.0655519	0.0584171	0.0515879	0.0216047	-0.018323	-0.0651158	-0.122132	-0.169802	-0.203515	-0.233717	-0.283049	-0.35194	-0.439864	-0.514859	-0.546818	-0.525667	-0.436529	-0.275785	-0.0451243	0.221925	0.513339	0.810286	1.09243	1.34207	1.53501	1.6428	1.6428	
-0.71676	-0.763396	-0.741147	-0.678728	-0.59436	-0.51458	-0.444105	-0.370276	-0.299169	-0.228031	-0.166092	-0.11956	-0.0896864	-0.0694946	-0.0614486	-0.0590521	-0.0403676	-0.0131966	0.0274904	0.0591126	0.0873335	0.0983725	0.10344	0.103958	0.0939283	0.0772628	0.035251	-0.0198237	-0.0758194	-0.12552	-0.157131	-0.179399	-0.200614	-0.235904	-0.294262	-0.372464	-0.447697	-0.487384	-0.47888	-0.40726	-0.269637	-0.0734641	0.156473	0.410321	0.673786	0.930216	1.15897	1.33188	1.42629	1.42629	
-0.726023	-0.744468	-0.69656	-0.612407	-0.51458	-0.427801	-0.349063	-0.270471	-0.197315	-0.137624	-0.087984	-0.0486392	-0.0264603	-0.021279	-0.0220479	-0.0103472	0.0243365	0.0629142	0.11375	0.153246	0.178094	0.178056	0.167739	0.160706	0.144663	0.117786	0.0699853	0.00908837	-0.0539389	-0.0955278	-0.116619	-0.130873	-0.144134	-0.170738	-0.218499	-0.286851	-0.357354	-0.403465	-0.407244	-0.354776	-0.250251	-0.101287	0.0799279	0.286039	0.507712	0.732079	0.931799	1.07623	1.15	1.15	
-0.716533	-0.712409	-0.64861	-0.549615	-0.444105	-0.349063	-0.263778	-0.18384	-0.112085	-0.0600368	-0.0165873	0.0138294	0.0171904	0.00855927	0.0127162	0.0406609	0.0935833	0.150678	0.214858	0.267323	0.295588	0.288193	0.266722	0.243738	0.211481	0.175096	0.127594	0.0733734	0.0204181	-0.0136573	-0.0289151	-0.0360267	-0.0434574	-0.0650964	-0.113571	-0.183751	-0.255426	-0.307269	-0.320693	-0.289294	-0.223863	-0.124463	0.0115281	0.171491	0.346723	0.529292	0.689797	0.80375	0.85864	0.85864	
-0.681395	-0.660937	-0.58873	-0.482869	-0.370276	-0.270471	-0.18384	-0.109187	-0.0460592	0.00330497	0.0380912	0.0482919	0.0399064	0.0291682	0.040997	0.0852865	0.153105	0.233168	0.315753	0.382891	0.419129	0.419094	0.389676	0.347931	0.306649	0.263005	0.21748	0.177242	0.140204	0.116762	0.106192	0.102013	0.0988167	0.0781251	0.0237371	-0.0525463	-0.129812	-0.19119	-0.216118	-0.212222	-0.187621	-0.131327	-0.0354843	0.0848897	0.212058	0.344806	0.461135	0.545471	0.588199	0.588199	
-0.629998	-0.594488	-0.51898	-0.413304	-0.299169	-0.197315	-0.112085	-0.0460592	0.0068753	0.0437097	0.062909	0.0589142	0.0492549	0.0493791	0.0717228	0.126607	0.204337	0.299119	0.397788	0.47728	0.533289	0.551275	0.523849	0.48312	0.443395	0.399848	0.352411	0.315397	0.292898	0.279111	0.273408	0.272022	0.26465	0.236866	0.177938	0.0971314	0.0136649	-0.0589574	-0.104141	-0.124094	-0.127148	-0.0999816	-0.0364484	0.044855	0.12553	0.204717	0.274582	0.324146	0.353526	0.353526	
-0.565844	-0.520665	-0.436248	-0.331037	-0.228031	-0.137624	-0.0600368	0.00330497	0.0437097	0.0665823	0.072646	0.065909	0.0619567	0.0754013	0.109358	0.168489	0.248376	0.35544	0.46806	0.567857	0.643686	0.684225	0.675098	0.644211	0.617936	0.575663	0.524459	0.485466	0.46327	0.451684	0.450536	0.450678	0.435212	0.396806	0.334081	0.251797	0.16725	0.0804589	0.0123019	-0.0264363	-0.0444795	-0.0343151	0.000156329	0.0453398	0.0871785	0.125626	0.155459	0.175179	0.186109	0.186109	
-0.486651	-0.442486	-0.361245	-0.257299	-0.166092	-0.087984	-0.0165873	0.0380912	0.062909	0.072646	0.0755172	0.0719417	0.0830287	0.117935	0.166066	0.226653	0.308675	0.421472	0.547513	0.66274	0.758767	0.828657	0.846604	0.834733	0.818907	0.77895	0.726215	0.680498	0.64586	0.624643	0.622845	0.623172	0.605005	0.559714	0.490148	0.406059	0.316324	0.217222	0.128883	0.0727143	0.045405	0.040955	0.0517859	0.071625	0.0871964	0.101349	0.110723	0.110837	0.109531	0.109531	
-0.404746	-0.37456	-0.299927	-0.203432	-0.11956	-0.0486392	0.0138294	0.0482919	0.0589142	0.065909	0.0719417	0.0854635	0.115658	0.170982	0.235359	0.308029	0.399776	0.517847	0.649363	0.774943	0.891676	0.98587	1.03192	1.04094	1.02938	0.99107	0.940742	0.892709	0.851127	0.816503	0.803008	0.793816	0.768397	0.714854	0.634603	0.542699	0.445328	0.341062	0.242541	0.177701	0.138571	0.117667	0.111506	0.111759	0.112191	0.112385	0.115896	0.112548	0.108439	0.108439	
-0.304587	-0.300106	-0.248299	-0.167061	-0.0896864	-0.0264603	0.0171904	0.0399064	0.0492549	0.0619567	0.0830287	0.115658	0.164481	0.23344	0.320094	0.418616	0.52817	0.649539	0.780964	0.915352	1.04143	1.15355	1.22714	1.25591	1.24667	1.20195	1.14954	1.10384	1.0604	1.01791	0.984202	0.954207	0.909875	0.840555	0.74822	0.64423	0.54131	0.435035	0.343668	0.278443	0.230405	0.196032	0.175222	0.164833	0.155257	0.153382	0.156023	0.15758	0.155599	0.155599	
-0.190757	-0.211778	-0.193329	-0.135102	-0.0694946	-0.021279	0.00855927	0.0291682	0.0493791	0.0754013	0.117935	0.170982	0.23344	0.320377	0.431992	0.557398	0.68599	0.817287	0.957758	1.09627	1.22616	1.34779	1.43843	1.47844	1.46515	1.40886	1.34522	1.28895	1.23866	1.18718	1.13776	1.08418	1.01444	0.924336	0.815763	0.703182	0.591229	0.491055	0.412821	0.353261	0.301953	0.25935	0.233476	0.220373	0.217506	0.224116	0.232734	0.236733	0.238034	0.238034	
-0.0815186	-0.133699	-0.142196	-0.107632	-0.0614486	-0.0220479	0.0127162	0.040997	0.0717228	0.109358	0.166066	0.235359	0.320094	0.431992	0.566802	0.712419	0.861526	1.01761	1.17455	1.32001	1.45172	1.56995	1.65294	1.6875	1.66817	1.60527	1.52605	1.44745	1.37856	1.31754	1.2578	1.18612	1.0887	0.969391	0.839656	0.710043	0.593045	0.502229	0.438724	0.387317	0.339134	0.302472	0.28471	0.281519	0.294787	0.314445	0.324401	0.327786	0.329263	0.329263	
0.0110606	-0.0658672	-0.0989707	-0.0908029	-0.0590521	-0.0103472	0.0406609	0.0852865	0.126607	0.168489	0.226653	0.308029	0.418616	0.557398	0.712419	0.875669	1.04801	1.22696	1.39684	1.54769	1.67472	1.77591	1.83789	1.85921	1.83879	1.77357	1.68312	1.58414	1.49402	1.42293	1.35503	1.2662	1.13991	0.989963	0.831838	0.682418	0.562152	0.478124	0.426363	0.380102	0.345115	0.331094	0.3339	0.351796	0.377186	0.400119	0.4048	0.403301	0.405887	0.405887	
0.0787908	-0.00875881	-0.0589562	-0.0711738	-0.0403676	0.0243365	0.0935833	0.153105	0.204337	0.248376	0.308675	0.399776	0.52817	0.68599	0.861526	1.04801	1.23613	1.42622	1.59854	1.74517	1.86236	1.94438	1.98893	1.99679	1.96352	1.88923	1.79007	1.67932	1.5795	1.50151	1.42637	1.31738	1.16565	0.988364	0.807757	0.642044	0.515003	0.434578	0.382233	0.34729	0.332944	0.348449	0.381082	0.416601	0.450612	0.46828	0.466753	0.464497	0.467958	0.467958	
0.126933	0.0301704	-0.0301769	-0.048996	-0.0131966	0.0629142	0.150678	0.233168	0.299119	0.35544	0.421472	0.517847	0.649539	0.817287	1.01761	1.22696	1.42622	1.61151	1.7737	1.90176	2.00209	2.07131	2.10453	2.09917	2.04738	1.95795	1.85055	1.73618	1.63017	1.54475	1.45317	1.32155	1.1486	0.955458	0.762503	0.588741	0.456418	0.370903	0.325918	0.307782	0.322103	0.366247	0.417851	0.468858	0.505204	0.521408	0.519587	0.514233	0.515753	0.515753	
0.151264	0.0471781	-0.0125099	-0.0217849	0.0274904	0.11375	0.214858	0.315753	0.397788	0.46806	0.547513	0.649363	0.780964	0.957758	1.17455	1.39684	1.59854	1.7737	1.91668	2.02611	2.10894	2.15939	2.1785	2.15524	2.08159	1.97764	1.86209	1.74796	1.64201	1.54164	1.43051	1.28169	1.09743	0.895182	0.701022	0.526663	0.393015	0.313368	0.283333	0.296415	0.335823	0.396172	0.453456	0.501823	0.538068	0.552823	0.548604	0.534318	0.524957	0.524957	
0.148023	0.0463705	-0.00417274	0.000241541	0.0591126	0.153246	0.267323	0.382891	0.47728	0.567857	0.66274	0.774943	0.915352	1.09627	1.32001	1.54769	1.74517	1.90176	2.02611	2.11478	2.17531	2.20545	2.20756	2.17025	2.08516	1.9673	1.84474	1.73184	1.61748	1.49781	1.3666	1.20868	1.02035	0.814718	0.624592	0.460862	0.33512	0.269591	0.264045	0.30021	0.359303	0.42755	0.48198	0.523409	0.55232	0.56357	0.550913	0.523972	0.503299	0.503299	
0.125045	0.0439539	0.0119811	0.0267279	0.0873335	0.178094	0.295588	0.419129	0.533289	0.643686	0.758767	0.891676	1.04143	1.22616	1.45172	1.67472	1.86236	2.00209	2.10894	2.17531	2.21284	2.22033	2.20547	2.15808	2.06103	1.93349	1.7989	1.67671	1.55088	1.41142	1.26734	1.10476	0.911895	0.70697	0.527655	0.383899	0.280179	0.239558	0.253069	0.300379	0.366901	0.441822	0.499108	0.535563	0.558594	0.559909	0.539482	0.506585	0.484526	0.484526	
0.0985293	0.0487978	0.0330202	0.047979	0.0983725	0.178056	0.288193	0.419094	0.551275	0.684225	0.828657	0.98587	1.15355	1.34779	1.56995	1.77591	1.94438	2.07131	2.15939	2.20545	2.22033	2.21084	2.18297	2.12763	2.02825	1.89195	1.74011	1.59433	1.4459	1.291	1.13516	0.966611	0.770933	0.568547	0.402088	0.280607	0.211498	0.204327	0.238371	0.292309	0.364529	0.447486	0.512562	0.550207	0.562531	0.547487	0.511168	0.475282	0.454054	0.454054	
0.075364	0.0501783	0.0463092	0.063526	0.10344	0.167739	0.266722	0.389676	0.523849	0.675098	0.846604	1.03192	1.22714	1.43843	1.65294	1.83789	1.98893	2.10453	2.1785	2.20756	2.20547	2.18297	2.14341	2.07977	1.9808	1.83714	1.66563	1.4879	1.31062	1.14004	0.974565	0.802914	0.613203	0.423127	0.267187	0.170486	0.137786	0.167286	0.227685	0.293778	0.371299	0.451538	0.514609	0.546746	0.544763	0.507694	0.452465	0.405908	0.380054	0.380054	
0.0601619	0.0377191	0.0406445	0.0655519	0.103958	0.160706	0.243738	0.347931	0.48312	0.644211	0.834733	1.04094	1.25591	1.47844	1.6875	1.85921	1.99679	2.09917	2.15524	2.17025	2.15808	2.12763	2.07977	2.01204	1.90517	1.75472	1.56573	1.35823	1.16061	0.977281	0.803672	0.634075	0.457135	0.284319	0.144601	0.0671376	0.0608915	0.116317	0.202259	0.290852	0.373991	0.442449	0.49066	0.508523	0.491546	0.437901	0.367581	0.306272	0.27054	0.27054	
0.0568985	0.0329307	0.0339748	0.0584171	0.0939283	0.144663	0.211481	0.306649	0.443395	0.617936	0.818907	1.02938	1.24667	1.46515	1.66817	1.83879	1.96352	2.04738	2.08159	2.08516	2.06103	2.02825	1.9808	1.90517	1.79313	1.62598	1.4241	1.20828	1.00479	0.820316	0.642714	0.474141	0.310198	0.158564	0.0409412	-0.0181875	-0.0116461	0.0511802	0.156006	0.264861	0.354743	0.413253	0.441216	0.439325	0.403992	0.337754	0.254805	0.181613	0.137451	0.137451	
0.0668513	0.0418944	0.0343914	0.0515879	0.0772628	0.117786	0.175096	0.263005	0.399848	0.575663	0.77895	0.99107	1.20195	1.40886	1.60527	1.77357	1.88923	1.95795	1.97764	1.9673	1.93349	1.89195	1.83714	1.75472	1.62598	1.44291	1.23985	1.03267	0.841321	0.661854	0.488109	0.325581	0.174212	0.0466096	-0.0430951	-0.0803576	-0.0652725	0.0013499	0.109445	0.225573	0.317798	0.367836	0.378008	0.348526	0.288033	0.200461	0.100746	0.0155883	-0.0316925	-0.0316925	
0.0683338	0.0386365	0.0194857	0.0216047	0.035251	0.0699853	0.127594	0.21748	0.352411	0.524459	0.726215	0.940742	1.14954	1.34522	1.52605	1.68312	1.79007	1.85055	1.86209	1.84474	1.7989	1.74011	1.66563	1.56573	1.4241	1.23985	1.05013	0.859222	0.674258	0.498767	0.334321	0.180692	0.0426933	-0.0633065	-0.128958	-0.146086	-0.114696	-0.0449287	0.0567205	0.165179	0.253283	0.300554	0.296645	0.244976	0.15867	0.0458764	-0.0752521	-0.174949	-0.225889	-0.225889	
0.0391406	0.0134906	-0.0084668	-0.018323	-0.0198237	0.00908837	0.0733734	0.177242	0.315397	0.485466	0.680498	0.892709	1.10384	1.28895	1.44745	1.58414	1.67932	1.73618	1.74796	1.73184	1.67671	1.59433	1.4879	1.35823	1.20828	1.03267	0.859222	0.677209	0.495149	0.3313	0.182822	0.0446083	-0.0743445	-0.161448	-0.210961	-0.212672	-0.16673	-0.0964506	-0.0117639	0.0795664	0.158709	0.200492	0.188413	0.123973	0.0199585	-0.110852	-0.250248	-0.364754	-0.425182	-0.425182	
-0.0156007	-0.0331496	-0.0508813	-0.0651158	-0.0758194	-0.0539389	0.0204181	0.140204	0.292898	0.46327	0.64586	0.851127	1.0604	1.23866	1.37856	1.49402	1.5795	1.63017	1.64201	1.61748	1.55088	1.4459	1.31062	1.16061	1.00479	0.841321	0.674258	0.495149	0.323558	0.17351	0.0409847	-0.0799879	-0.177631	-0.244201	-0.281375	-0.271211	-0.22011	-0.157087	-0.0937999	-0.023149	0.0397275	0.0696967	0.0541406	-0.0149127	-0.126002	-0.265819	-0.4109	-0.534785	-0.604784	-0.604784	
-0.0712922	-0.0918204	-0.109578	-0.122132	-0.12552	-0.0955278	-0.0136573	0.116762	0.279111	0.451684	0.624643	0.816503	1.01791	1.18718	1.31754	1.42293	1.50151	1.54475	1.54164	1.49781	1.41142	1.291	1.14004	0.977281	0.820316	0.661854	0.498767	0.3313	0.17351	0.0366571	-0.0853245	-0.192508	-0.270522	-0.320269	-0.344392	-0.330035	-0.282595	-0.228391	-0.175191	-0.121947	-0.0801876	-0.0641537	-0.0826577	-0.14956	-0.265414	-0.408604	-0.553295	-0.67647	-0.7491	-0.7491	
-0.119083	-0.144961	-0.164805	-0.169802	-0.157131	-0.116619	-0.0289151	0.106192	0.273408	0.450536	0.622845	0.803008	0.984202	1.13776	1.2578	1.35503	1.42637	1.45317	1.43051	1.3666	1.26734	1.13516	0.974565	0.803672	0.642714	0.488109	0.334321	0.182822	0.0409847	-0.0853245	-0.198399	-0.291696	-0.354623	-0.386529	-0.398614	-0.386063	-0.347705	-0.293625	-0.240192	-0.200064	-0.179981	-0.18165	-0.204232	-0.269296	-0.381003	-0.519383	-0.656546	-0.768019	-0.832793	-0.832793	
-0.162602	-0.192979	-0.208452	-0.203515	-0.179399	-0.130873	-0.0360267	0.102013	0.272022	0.450678	0.623172	0.793816	0.954207	1.08418	1.18612	1.2662	1.31738	1.32155	1.28169	1.20868	1.10476	0.966611	0.802914	0.634075	0.474141	0.325581	0.180692	0.0446083	-0.0799879	-0.192508	-0.291696	-0.369863	-0.413868	-0.427693	-0.429233	-0.417305	-0.384104	-0.328256	-0.276631	-0.247836	-0.244182	-0.263578	-0.299259	-0.365188	-0.462216	-0.582089	-0.701561	-0.794963	-0.847247	-0.847247	
-0.225395	-0.252378	-0.25245	-0.233717	-0.200614	-0.144134	-0.0434574	0.0988167	0.26465	0.435212	0.605005	0.768397	0.909875	1.01444	1.0887	1.13991	1.16565	1.1486	1.09743	1.02035	0.911895	0.770933	0.613203	0.457135	0.310198	0.174212	0.0426933	-0.0743445	-0.177631	-0.270522	-0.354623	-0.413868	-0.441748	-0.44493	-0.435956	-0.412602	-0.371761	-0.321101	-0.277159	-0.25686	-0.258622	-0.29212	-0.348753	-0.418077	-0.500625	-0.593223	-0.68605	-0.758984	-0.800007	-0.800007	
-0.302329	-0.330828	-0.317672	-0.283049	-0.235904	-0.170738	-0.0650964	0.0781251	0.236866	0.396806	0.559714	0.714854	0.840555	0.924336	0.969391	0.989963	0.988364	0.955458	0.895182	0.814718	0.70697	0.568547	0.423127	0.284319	0.158564	0.0466096	-0.0633065	-0.161448	-0.244201	-0.320269	-0.386529	-0.427693	-0.44493	-0.44396	-0.41939	-0.373979	-0.32492	-0.281652	-0.251246	-0.230877	-0.232995	-0.27225	-0.336673	-0.410944	-0.483328	-0.556736	-0.62332	-0.675196	-0.708828	-0.708828	
-0.38354	-0.415031	-0.396919	-0.35194	-0.294262	-0.218499	-0.113571	0.0237371	0.177938	0.334081	0.490148	0.634603	0.74822	0.815763	0.839656	0.831838	0.807757	0.762503	0.701022	0.624592	0.527655	0.402088	0.267187	0.144601	0.0409412	-0.0430951	-0.128958	-0.210961	-0.281375	-0.344392	-0.398614	-0.429233	-0.435956	-0.41939	-0.37172	-0.30668	-0.254061	-0.21974	-0.196359	-0.187755	-0.196577	-0.234272	-0.293994	-0.360052	-0.429219	-0.489259	-0.533411	-0.566267	-0.589924	-0.589924	
-0.472523	-0.500855	-0.483159	-0.439864	-0.372464	-0.286851	-0.183751	-0.0525463	0.0971314	0.251797	0.406059	0.542699	0.64423	0.703182	0.710043	0.682418	0.642044	0.588741	0.526663	0.460862	0.383899	0.280607	0.170486	0.0671376	-0.0181875	-0.0803576	-0.146086	-0.212672	-0.271211	-0.330035	-0.386063	-0.417305	-0.412602	-0.373979	-0.30668	-0.236568	-0.182456	-0.14791	-0.13594	-0.145606	-0.170188	-0.202573	-0.248377	-0.303853	-0.363667	-0.416592	-0.449789	-0.472037	-0.487878	-0.487878	
-0.547045	-0.571379	-0.554915	-0.514859	-0.447697	-0.357354	-0.255426	-0.129812	0.0136649	0.16725	0.316324	0.445328	0.54131	0.591229	0.593045	0.562152	0.515003	0.456418	0.393015	0.33512	0.280179	0.211498	0.137786	0.0608915	-0.0116461	-0.0652725	-0.114696	-0.16673	-0.22011	-0.282595	-0.347705	-0.384104	-0.371761	-0.32492	-0.254061	-0.182456	-0.123471	-0.0875017	-0.0908595	-0.122096	-0.159283	-0.192168	-0.232551	-0.277508	-0.325134	-0.37096	-0.405879	-0.428399	-0.441326	-0.441326	
-0.586919	-0.599655	-0.581345	-0.546818	-0.487384	-0.403465	-0.307269	-0.19119	-0.0589574	0.0804589	0.217222	0.341062	0.435035	0.491055	0.502229	0.478124	0.434578	0.370903	0.313368	0.269591	0.239558	0.204327	0.167286	0.116317	0.0511802	0.0013499	-0.0449287	-0.0964506	-0.157087	-0.228391	-0.293625	-0.328256	-0.321101	-0.281652	-0.21974	-0.14791	-0.0875017	-0.0618292	-0.0793074	-0.125391	-0.174893	-0.220968	-0.269794	-0.308262	-0.344562	-0.385359	-0.422214	-0.448929	-0.460321	-0.460321	
-0.561192	-0.567288	-0.549177	-0.525667	-0.47888	-0.407244	-0.320693	-0.216118	-0.104141	0.0123019	0.128883	0.242541	0.343668	0.412821	0.438724	0.426363	0.382233	0.325918	0.283333	0.264045	0.253069	0.238371	0.227685	0.202259	0.156006	0.109445	0.0567205	-0.0117639	-0.0937999	-0.175191	-0.240192	-0.276631	-0.277159	-0.251246	-0.196359	-0.13594	-0.0908595	-0.0793074	-0.108793	-0.159861	-0.228026	-0.298149	-0.36069	-0.403163	-0.434765	-0.470567	-0.502736	-0.523899	-0.53355	-0.53355	
-0.464416	-0.458091	-0.448083	-0.436529	-0.40726	-0.354776	-0.289294	-0.212222	-0.124094	-0.0264363	0.0727143	0.177701	0.278443	0.353261	0.387317	0.380102	0.34729	0.307782	0.296415	0.30021	0.300379	0.292309	0.293778	0.290852	0.264861	0.225573	0.165179	0.0795664	-0.023149	-0.121947	-0.200064	-0.247836	-0.25686	-0.230877	-0.187755	-0.145606	-0.122096	-0.125391	-0.159861	-0.225012	-0.31106	-0.40663	-0.491032	-0.549257	-0.590529	-0.620478	-0.639407	-0.649144	-0.652607	-0.652607	
-0.304886	-0.279218	-0.269981	-0.275785	-0.269637	-0.250251	-0.223863	-0.187621	-0.127148	-0.0444795	0.045405	0.138571	0.230405	0.301953	0.339134	0.345115	0.332944	0.322103	0.335823	0.359303	0.366901	0.364529	0.371299	0.373991	0.354743	0.317798	0.253283	0.158709	0.0397275	-0.0801876	-0.179981	-0.244182	-0.258622	-0.232995	-0.196577	-0.170188	-0.159283	-0.174893	-0.228026	-0.31106	-0.414978	-0.529957	-0.638802	-0.72468	-0.778451	-0.805227	-0.812012	-0.808316	-0.803815	-0.803815	
-0.096206	-0.0403301	-0.0250295	-0.0451243	-0.0734641	-0.101287	-0.124463	-0.131327	-0.0999816	-0.0343151	0.040955	0.117667	0.196032	0.25935	0.302472	0.331094	0.348449	0.366247	0.396172	0.42755	0.441822	0.447486	0.451538	0.442449	0.413253	0.367836	0.300554	0.200492	0.0696967	-0.0641537	-0.18165	-0.263578	-0.29212	-0.27225	-0.234272	-0.202573	-0.192168	-0.220968	-0.298149	-0.40663	-0.529957	-0.667663	-0.799741	-0.903922	-0.963492	-0.982237	-0.975863	-0.955303	-0.938263	-0.938263	
0.157773	0.241681	0.25841	0.221925	0.156473	0.0799279	0.0115281	-0.0354843	-0.0364484	0.000156329	0.0517859	0.111506	0.175222	0.233476	0.28471	0.3339	0.381082	0.417851	0.453456	0.48198	0.499108	0.512562	0.514609	0.49066	0.441216	0.378008	0.296645	0.188413	0.0541406	-0.0826577	-0.204232	-0.299259	-0.348753	-0.336673	-0.293994	-0.248377	-0.232551	-0.269794	-0.36069	-0.491032	-0.638802	-0.799741	-0.94417	-1.05157	-1.10837	-1.11896	-1.09997	-1.06517	-1.0385	-1.0385	
0.452852	0.555295	0.570954	0.513339	0.410321	0.286039	0.171491	0.0848897	0.044855	0.0453398	0.071625	0.111759	0.164833	0.220373	0.281519	0.351796	0.416601	0.468858	0.501823	0.523409	0.535563	0.550207	0.546746	0.508523	0.439325	0.348526	0.244976	0.123973	-0.0149127	-0.14956	-0.269296	-0.365188	-0.418077	-0.410944	-0.360052	-0.303853	-0.277508	-0.308262	-0.403163	-0.549257	-0.72468	-0.903922	-1.05157	-1.15462	-1.20358	-1.20179	-1.16734	-1.12131	-1.09087	-1.09087	
0.758906	0.879604	0.886822	0.810286	0.673786	0.507712	0.346723	0.212058	0.12553	0.0871785	0.0871964	0.112191	0.155257	0.217506	0.294787	0.377186	0.450612	0.505204	0.538068	0.55232	0.558594	0.562531	0.544763	0.491546	0.403992	0.288033	0.15867	0.0199585	-0.126002	-0.265414	-0.381003	-0.462216	-0.500625	-0.483328	-0.429219	-0.363667	-0.325134	-0.344562	-0.434765	-0.590529	-0.778451	-0.963492	-1.10837	-1.20358	-1.24169	-1.22396	-1.17367	-1.11992	-1.0872	-1.0872	
1.05085	1.18277	1.18625	1.09243	0.930216	0.732079	0.529292	0.344806	0.204717	0.125626	0.101349	0.112385	0.153382	0.224116	0.314445	0.400119	0.46828	0.521408	0.552823	0.56357	0.559909	0.547487	0.507694	0.437901	0.337754	0.200461	0.0458764	-0.110852	-0.265819	-0.408604	-0.519383	-0.582089	-0.593223	-0.556736	-0.489259	-0.416592	-0.37096	-0.385359	-0.470567	-0.620478	-0.805227	-0.982237	-1.11896	-1.20179	-1.22396	-1.19051	-1.12791	-1.06451	-1.02611	-1.02611	
1.29987	1.44418	1.44724	1.34207	1.15897	0.931799	0.689797	0.461135	0.274582	0.155459	0.110723	0.115896	0.156023	0.232734	0.324401	0.4048	0.466753	0.519587	0.548604	0.550913	0.539482	0.511168	0.452465	0.367581	0.254805	0.100746	-0.0752521	-0.250248	-0.4109	-0.553295	-0.656546	-0.701561	-0.68605	-0.62332	-0.533411	-0.449789	-0.405879	-0.422214	-0.502736	-0.639407	-0.812012	-0.975863	-1.09997	-1.16734	-1.17367	-1.12791	-1.05302	-0.980764	-0.933888	-0.933888	
1.48252	1.63696	1.64466	1.53501	1.33188	1.07623	0.80375	0.545471	0.324146	0.175179	0.110837	0.112548	0.15758	0.236733	0.327786	0.403301	0.464497	0.514233	0.534318	0.523972	0.506585	0.475282	0.405908	0.306272	0.181613	0.0155883	-0.174949	-0.364754	-0.534785	-0.67647	-0.768019	-0.794963	-0.758984	-0.675196	-0.566267	-0.472037	-0.428399	-0.448929	-0.523899	-0.649144	-0.808316	-0.955303	-1.06517	-1.12131	-1.11992	-1.06451	-0.980764	-0.902556	-0.855026	-0.855026	
1.57643	1.7398	1.75456	1.6428	1.42629	1.15	0.85864	0.588199	0.353526	0.186109	0.109531	0.108439	0.155599	0.238034	0.329263	0.405887	0.467958	0.515753	0.524957	0.503299	0.484526	0.454054	0.380054	0.27054	0.137451	-0.0316925	-0.225889	-0.425182	-0.604784	-0.7491	-0.832793	-0.847247	-0.800007	-0.708828	-0.589924	-0.487878	-0.441326	-0.460321	-0.53355	-0.652607	-0.803815	-0.938263	-1.0385	-1.09087	-1.0872	-1.02611	-0.933888	-0.855026	-0.81002	-0.81002	
1.57643	1.7398	1.75456	1.6428	1.42629	1.15	0.85864	0.588199	0.353526	0.186109	0.109531	0.108439	0.155599	0.238034	0.329263	0.405887	0.467958	0.515753	0.524957	0.503299	0.484526	0.454054	0.380054	0.27054	0.137451	-0.0316925	-0.225889	-0.425182	-0.604784	-0.7491	-0.832793	-0.847247	-0.800007	-0.708828	-0.589924	-0.487878	-0.441326	-0.460321	-0.53355	-0.652607	-0.803815	-0.938263	-1.0385	-1.09087	-1.0872	-1.02611	-0.933888	-0.855026	-0.81002	-0.81002	
