0.957835	0.957835	-1.95743	0.529103	0.129494	0.863851	
0.957835	0.957835	-1.95743	0.529103	0.129494	0.863851	
-1.95743	-1.95743	-0.289738	-0.353327	0.567594	-0.382036	
0.529103	0.529103	-0.353327	-0.503244	-0.105464	-0.211915	
0.129494	0.129494	0.567594	-0.105464	0.80277	0.237458	
0.863851	0.863851	-0.382036	-0.211915	0.237458	-0.12233	
