0.0999207	0.0999207	0.124916	0.158718	0.199836	0.269366	0.359116	0.434017	0.496964	0.56563	0.615085	0.625069	0.606245	0.542061	0.405694	0.214848	-0.00261168	-0.227349	-0.427129	-0.580286	-0.683298	-0.703423	-0.629002	-0.489974	-0.333484	-0.183469	-0.0612214	0.0118217	0.018655	-0.0288751	-0.111084	-0.217591	-0.332776	-0.439742	-0.517295	-0.56117	-0.577062	-0.567927	-0.529706	-0.448705	-0.340096	-0.209098	-0.0363444	0.179557	0.415678	0.663051	0.910507	1.12431	1.27818	1.36277	
0.0999207	0.0999207	0.124916	0.158718	0.199836	0.269366	0.359116	0.434017	0.496964	0.56563	0.615085	0.625069	0.606245	0.542061	0.405694	0.214848	-0.00261168	-0.227349	-0.427129	-0.580286	-0.683298	-0.703423	-0.629002	-0.489974	-0.333484	-0.183469	-0.0612214	0.0118217	0.018655	-0.0288751	-0.111084	-0.217591	-0.332776	-0.439742	-0.517295	-0.56117	-0.577062	-0.567927	-0.529706	-0.448705	-0.340096	-0.209098	-0.0363444	0.179557	0.415678	0.663051	0.910507	1.12431	1.27818	1.36277	
0.124916	0.124916	0.143944	0.176868	0.224417	0.289125	0.364674	0.442973	0.521928	0.590596	0.636024	0.648525	0.622561	0.546699	0.415027	0.232472	0.0160641	-0.210864	-0.417912	-0.575486	-0.668794	-0.677113	-0.600385	-0.464098	-0.312542	-0.168214	-0.0519153	0.0112151	0.0125672	-0.0329444	-0.10932	-0.208611	-0.316776	-0.419639	-0.493635	-0.536524	-0.549308	-0.528668	-0.480481	-0.401298	-0.300049	-0.1792	-0.0165469	0.192884	0.425991	0.667484	0.904131	1.10775	1.25445	1.33553	
0.158718	0.158718	0.176868	0.20874	0.256523	0.318471	0.385497	0.464125	0.552596	0.628585	0.674368	0.686639	0.654547	0.572557	0.439483	0.258916	0.0422175	-0.188536	-0.401529	-0.557379	-0.635911	-0.629577	-0.550735	-0.424244	-0.283778	-0.14738	-0.0448576	0.00303454	-0.00196706	-0.0418002	-0.108966	-0.195984	-0.29336	-0.385738	-0.450743	-0.48889	-0.495568	-0.460562	-0.399573	-0.317642	-0.224133	-0.115827	0.0293831	0.221157	0.438605	0.663519	0.878782	1.06211	1.196	1.27776	
0.199836	0.199836	0.224417	0.256523	0.296991	0.356164	0.427409	0.501827	0.587893	0.673162	0.728395	0.738225	0.707381	0.622953	0.479448	0.293396	0.0794969	-0.15296	-0.364737	-0.509529	-0.575941	-0.559911	-0.479393	-0.362818	-0.235265	-0.115659	-0.0329148	-0.000626868	-0.00987534	-0.0479261	-0.102248	-0.175366	-0.260524	-0.338925	-0.390381	-0.417983	-0.412295	-0.362624	-0.283809	-0.191935	-0.102758	-0.0127401	0.105908	0.264536	0.453695	0.655966	0.849252	1.00832	1.12318	1.20222	
0.269366	0.269366	0.289125	0.318471	0.356164	0.41641	0.491076	0.564266	0.642687	0.731303	0.792363	0.807055	0.77691	0.687247	0.528877	0.335567	0.123536	-0.102637	-0.30453	-0.441101	-0.502846	-0.485702	-0.408132	-0.297531	-0.177638	-0.0718644	-0.00899965	0.00958761	-0.00925928	-0.0451642	-0.0902355	-0.148332	-0.214639	-0.272535	-0.307908	-0.317253	-0.295627	-0.235657	-0.144865	-0.0415922	0.0426051	0.111353	0.195609	0.317005	0.470217	0.644974	0.818308	0.955687	1.05048	1.12038	
0.359116	0.359116	0.364674	0.385497	0.427409	0.491076	0.569057	0.644032	0.72127	0.801119	0.862501	0.880825	0.850506	0.754312	0.594016	0.39512	0.178834	-0.0406881	-0.230266	-0.35841	-0.419825	-0.412726	-0.34592	-0.237798	-0.123766	-0.0318533	0.0256437	0.0361187	0.00395549	-0.0427084	-0.0828812	-0.122034	-0.157414	-0.187672	-0.200706	-0.190416	-0.154135	-0.0861878	0.0118669	0.117811	0.197093	0.242097	0.292582	0.377394	0.492959	0.632218	0.776732	0.891131	0.970611	1.03058	
0.434017	0.434017	0.442973	0.464125	0.501827	0.564266	0.644032	0.728142	0.807109	0.881157	0.934221	0.950703	0.915269	0.823854	0.673827	0.476979	0.255954	0.0394996	-0.143083	-0.268141	-0.330486	-0.331316	-0.271992	-0.172087	-0.0725969	0.00998179	0.0625545	0.0684627	0.0304289	-0.0174729	-0.0585789	-0.0842386	-0.096165	-0.101287	-0.0893855	-0.0535756	0.00509105	0.0873217	0.184685	0.284009	0.351658	0.37847	0.402786	0.457761	0.534524	0.628534	0.729894	0.817964	0.885999	0.933907	
0.496964	0.496964	0.521928	0.552596	0.587893	0.642687	0.72127	0.807109	0.890369	0.960424	1.00852	1.01688	0.978582	0.890664	0.753007	0.566045	0.348867	0.132571	-0.0502314	-0.177763	-0.248654	-0.255074	-0.197869	-0.109149	-0.0257902	0.0443783	0.0933255	0.101231	0.072813	0.0275554	-0.00917944	-0.0285517	-0.0311273	-0.0169233	0.023357	0.0868588	0.172867	0.273949	0.37102	0.45204	0.499234	0.508106	0.51147	0.535104	0.579014	0.631614	0.688718	0.75077	0.80346	0.83516	
0.56563	0.56563	0.590596	0.628585	0.673162	0.731303	0.801119	0.881157	0.960424	1.02974	1.06997	1.07442	1.0367	0.956237	0.823403	0.641704	0.429601	0.21885	0.0365041	-0.104626	-0.19194	-0.205581	-0.156115	-0.08078	-0.00213123	0.0696098	0.11418	0.128126	0.115082	0.0848555	0.0529035	0.0343253	0.0364306	0.0713908	0.140483	0.233975	0.341321	0.449065	0.537429	0.594638	0.616396	0.613225	0.600598	0.596664	0.610833	0.632724	0.657723	0.688105	0.714472	0.72731	
0.615085	0.615085	0.636024	0.674368	0.728395	0.792363	0.862501	0.934221	1.00852	1.06997	1.10368	1.10473	1.0788	1.01081	0.884167	0.704755	0.498659	0.293014	0.105743	-0.0493902	-0.149338	-0.174589	-0.140283	-0.0736163	0.00948535	0.0841617	0.133718	0.156619	0.153933	0.132129	0.110392	0.0996777	0.112656	0.165441	0.25622	0.367939	0.484478	0.594094	0.678251	0.717592	0.720889	0.703869	0.675529	0.647792	0.634383	0.635613	0.640824	0.635282	0.617935	0.60526	
0.625069	0.625069	0.648525	0.686639	0.738225	0.807055	0.880825	0.950703	1.01688	1.07442	1.10473	1.11018	1.09363	1.0339	0.911754	0.741589	0.547349	0.342038	0.141499	-0.0293559	-0.139098	-0.177816	-0.156227	-0.0894783	-5.71757e-05	0.0811317	0.138099	0.170358	0.17705	0.170365	0.162655	0.166608	0.195037	0.257846	0.354393	0.471765	0.590853	0.69544	0.772837	0.807346	0.801823	0.772315	0.73256	0.688678	0.64555	0.62174	0.608707	0.575447	0.525805	0.483798	
0.606245	0.606245	0.622561	0.654547	0.707381	0.77691	0.850506	0.915269	0.978582	1.0367	1.0788	1.09363	1.07421	1.00439	0.886721	0.735184	0.553336	0.342034	0.127043	-0.0532798	-0.174374	-0.231145	-0.217574	-0.144745	-0.0479462	0.0428114	0.118286	0.164813	0.182941	0.190672	0.202493	0.224989	0.268328	0.33659	0.429902	0.541887	0.654704	0.7496	0.815419	0.849189	0.84362	0.806952	0.757371	0.701976	0.640441	0.58662	0.54463	0.498413	0.436069	0.374638	
0.542061	0.542061	0.546699	0.572557	0.622953	0.687247	0.754312	0.823854	0.890664	0.956237	1.01081	1.0339	1.00439	0.929241	0.82055	0.67855	0.49378	0.27675	0.0586272	-0.125047	-0.257709	-0.326514	-0.315635	-0.238897	-0.135097	-0.0293225	0.063814	0.126962	0.169194	0.201909	0.230171	0.264216	0.314368	0.383807	0.471973	0.576868	0.676865	0.753969	0.807366	0.838579	0.838362	0.804967	0.75123	0.687471	0.619188	0.542898	0.468815	0.402318	0.335222	0.261782	
0.405694	0.405694	0.415027	0.439483	0.479448	0.528877	0.594016	0.673827	0.753007	0.823403	0.884167	0.911754	0.886721	0.82055	0.71776	0.567821	0.369171	0.145787	-0.0719424	-0.253526	-0.382102	-0.446388	-0.436382	-0.36463	-0.254593	-0.133076	-0.0254182	0.05838	0.128878	0.188499	0.237761	0.28703	0.336821	0.400772	0.476845	0.560271	0.638371	0.707864	0.761838	0.794658	0.799681	0.769399	0.711591	0.64207	0.570675	0.48799	0.394354	0.303008	0.214075	0.127893	
0.214848	0.214848	0.232472	0.258916	0.293396	0.335567	0.39512	0.476979	0.566045	0.641704	0.704755	0.741589	0.735184	0.67855	0.567821	0.398092	0.184878	-0.043298	-0.258033	-0.433071	-0.546396	-0.594698	-0.583379	-0.518292	-0.402083	-0.265819	-0.139452	-0.027944	0.0704043	0.151369	0.220443	0.284235	0.336008	0.390152	0.44385	0.494957	0.551578	0.613982	0.677989	0.719049	0.723695	0.694538	0.640649	0.570559	0.495139	0.414035	0.315497	0.207235	0.0974465	-0.0114742	
-0.00261168	-0.00261168	0.0160641	0.0422175	0.0794969	0.123536	0.178834	0.255954	0.348867	0.429601	0.498659	0.547349	0.553336	0.49378	0.369171	0.184878	-0.0363459	-0.267306	-0.475555	-0.639939	-0.73662	-0.771807	-0.757204	-0.69129	-0.568024	-0.413976	-0.258368	-0.115551	0.000879133	0.0933772	0.174912	0.245706	0.301233	0.34438	0.372324	0.397562	0.438594	0.497693	0.564104	0.610863	0.615163	0.590956	0.542632	0.479172	0.410235	0.329197	0.228699	0.116319	-0.01086	-0.140693	
-0.227349	-0.227349	-0.210864	-0.188536	-0.15296	-0.102637	-0.0406881	0.0394996	0.132571	0.21885	0.293014	0.342038	0.342034	0.27675	0.145787	-0.043298	-0.267306	-0.489311	-0.68671	-0.846366	-0.946193	-0.973313	-0.938361	-0.852835	-0.720726	-0.556317	-0.37698	-0.213669	-0.0781847	0.0264605	0.110996	0.17865	0.231511	0.261634	0.272096	0.287724	0.319888	0.371129	0.430206	0.47432	0.49018	0.481088	0.439604	0.380044	0.320635	0.240489	0.135714	0.0142091	-0.123365	-0.260991	
-0.427129	-0.427129	-0.417912	-0.401529	-0.364737	-0.30453	-0.230266	-0.143083	-0.0502314	0.0365041	0.105743	0.141499	0.127043	0.0586272	-0.0719424	-0.258033	-0.475555	-0.68671	-0.880418	-1.04193	-1.14408	-1.16114	-1.10168	-0.986736	-0.836682	-0.663096	-0.479739	-0.308937	-0.158915	-0.040135	0.0448626	0.107173	0.144967	0.162505	0.16395	0.174096	0.19813	0.242052	0.286381	0.326331	0.360349	0.368567	0.340213	0.289112	0.233012	0.156464	0.0486091	-0.0880054	-0.236382	-0.369066	
-0.580286	-0.580286	-0.575486	-0.557379	-0.509529	-0.441101	-0.35841	-0.268141	-0.177763	-0.104626	-0.0493902	-0.0293559	-0.0532798	-0.125047	-0.253526	-0.433071	-0.639939	-0.846366	-1.04193	-1.19991	-1.29154	-1.29801	-1.21946	-1.07917	-0.908174	-0.727391	-0.543763	-0.370671	-0.217951	-0.0992468	-0.0219839	0.0306199	0.0526275	0.0611038	0.0593259	0.0657066	0.0868686	0.118847	0.152448	0.190737	0.228311	0.249309	0.245339	0.213187	0.159281	0.0845608	-0.0296789	-0.173974	-0.324504	-0.453476	
-0.683298	-0.683298	-0.668794	-0.635911	-0.575941	-0.502846	-0.419825	-0.330486	-0.248654	-0.19194	-0.149338	-0.139098	-0.174374	-0.257709	-0.382102	-0.546396	-0.73662	-0.946193	-1.14408	-1.29154	-1.36473	-1.36516	-1.28099	-1.12541	-0.935869	-0.743234	-0.560386	-0.392768	-0.252018	-0.15062	-0.0887826	-0.0489791	-0.0341606	-0.0341588	-0.0377982	-0.0299028	-0.00612131	0.0197834	0.0481152	0.0841821	0.112688	0.137272	0.151926	0.137523	0.090059	0.00898553	-0.107154	-0.242951	-0.383042	-0.506317	
-0.703423	-0.703423	-0.677113	-0.629577	-0.559911	-0.485702	-0.412726	-0.331316	-0.255074	-0.205581	-0.174589	-0.177816	-0.231145	-0.326514	-0.446388	-0.594698	-0.771807	-0.973313	-1.16114	-1.29801	-1.36516	-1.35976	-1.27034	-1.11031	-0.912594	-0.713619	-0.533181	-0.379284	-0.25581	-0.179363	-0.137228	-0.115013	-0.109417	-0.116316	-0.120862	-0.109558	-0.082994	-0.0543185	-0.0264098	0.00587137	0.0313842	0.0563071	0.071093	0.0560438	0.0107284	-0.0726715	-0.181958	-0.298323	-0.421386	-0.529968	
-0.629002	-0.629002	-0.600385	-0.550735	-0.479393	-0.408132	-0.34592	-0.271992	-0.197869	-0.156115	-0.140283	-0.156227	-0.217574	-0.315635	-0.436382	-0.583379	-0.757204	-0.938361	-1.10168	-1.21946	-1.28099	-1.27034	-1.18791	-1.03537	-0.83965	-0.642371	-0.472521	-0.334711	-0.228934	-0.170401	-0.148652	-0.150917	-0.16362	-0.17277	-0.17587	-0.163928	-0.136917	-0.104718	-0.0768053	-0.0470528	-0.0180131	0.0036404	0.0035144	-0.0282721	-0.0790267	-0.154241	-0.246952	-0.344439	-0.446399	-0.534114	
-0.489974	-0.489974	-0.464098	-0.424244	-0.362818	-0.297531	-0.237798	-0.172087	-0.109149	-0.08078	-0.0736163	-0.0894783	-0.144745	-0.238897	-0.36463	-0.518292	-0.69129	-0.852835	-0.986736	-1.07917	-1.12541	-1.11031	-1.03537	-0.900338	-0.724189	-0.544255	-0.388338	-0.266888	-0.180784	-0.135783	-0.135244	-0.160522	-0.190049	-0.201722	-0.205771	-0.191684	-0.163811	-0.129178	-0.101285	-0.0731755	-0.0485335	-0.037698	-0.0598621	-0.106056	-0.160688	-0.225017	-0.305838	-0.38703	-0.467474	-0.531092	
-0.333484	-0.333484	-0.312542	-0.283778	-0.235265	-0.177638	-0.123766	-0.0725969	-0.0257902	-0.00213123	0.00948535	-5.71757e-05	-0.0479462	-0.135097	-0.254593	-0.402083	-0.568024	-0.720726	-0.836682	-0.908174	-0.935869	-0.912594	-0.83965	-0.724189	-0.580174	-0.429159	-0.293882	-0.189197	-0.12312	-0.0993271	-0.119204	-0.151973	-0.183631	-0.203196	-0.207209	-0.188948	-0.158592	-0.123672	-0.0998874	-0.0796796	-0.0680976	-0.0751779	-0.117172	-0.172365	-0.225006	-0.289602	-0.364352	-0.43289	-0.488189	-0.522063	
-0.183469	-0.183469	-0.168214	-0.14738	-0.115659	-0.0718644	-0.0318533	0.00998179	0.0443783	0.0696098	0.0841617	0.0811317	0.0428114	-0.0293225	-0.133076	-0.265819	-0.413976	-0.556317	-0.663096	-0.727391	-0.743234	-0.713619	-0.642371	-0.544255	-0.429159	-0.307325	-0.193617	-0.108854	-0.0660525	-0.0706633	-0.102167	-0.130529	-0.154726	-0.175115	-0.178654	-0.15986	-0.126712	-0.0932591	-0.078363	-0.0699167	-0.068934	-0.0980098	-0.1508	-0.21447	-0.27687	-0.349528	-0.422661	-0.47983	-0.50939	-0.510614	
-0.0612214	-0.0612214	-0.0519153	-0.0448576	-0.0329148	-0.00899965	0.0256437	0.0625545	0.0933255	0.11418	0.133718	0.138099	0.118286	0.063814	-0.0254182	-0.139452	-0.258368	-0.37698	-0.479739	-0.543763	-0.560386	-0.533181	-0.472521	-0.388338	-0.293882	-0.193617	-0.103315	-0.042248	-0.0202886	-0.0359415	-0.0666056	-0.0900116	-0.107578	-0.12112	-0.120261	-0.104974	-0.0735367	-0.044722	-0.03335	-0.0329579	-0.0475532	-0.092391	-0.155261	-0.233705	-0.316239	-0.39956	-0.47215	-0.51418	-0.521472	-0.495384	
0.0118217	0.0118217	0.0112151	0.00303454	-0.000626868	0.00958761	0.0361187	0.0684627	0.101231	0.128126	0.156619	0.170358	0.164813	0.126962	0.05838	-0.027944	-0.115551	-0.213669	-0.308937	-0.370671	-0.392768	-0.379284	-0.334711	-0.266888	-0.189197	-0.108854	-0.042248	-0.00319533	0.0135109	0.00733385	-0.0113177	-0.0306827	-0.0448943	-0.0516921	-0.0478409	-0.0331331	-0.00541708	0.0180452	0.0281941	0.024388	-0.00530574	-0.0620087	-0.135601	-0.22621	-0.32983	-0.423434	-0.496316	-0.529335	-0.518353	-0.472161	
0.018655	0.018655	0.0125672	-0.00196706	-0.00987534	-0.00925928	0.00395549	0.0304289	0.072813	0.115082	0.153933	0.17705	0.182941	0.169194	0.128878	0.0704043	0.000879133	-0.0781847	-0.158915	-0.217951	-0.252018	-0.25581	-0.228934	-0.180784	-0.12312	-0.0660525	-0.0202886	0.0135109	0.0351042	0.0418881	0.0403208	0.0374148	0.0290149	0.0217658	0.0246742	0.0440415	0.0723813	0.0964072	0.101513	0.0945021	0.0572121	-0.00546992	-0.0949833	-0.199437	-0.31164	-0.414511	-0.488389	-0.515768	-0.495298	-0.433524	
-0.0288751	-0.0288751	-0.0329444	-0.0418002	-0.0479261	-0.0451642	-0.0427084	-0.0174729	0.0275554	0.0848555	0.132129	0.170365	0.190672	0.201909	0.188499	0.151369	0.0933772	0.0264605	-0.040135	-0.0992468	-0.15062	-0.179363	-0.170401	-0.135783	-0.0993271	-0.0706633	-0.0359415	0.00733385	0.0418881	0.0625945	0.0816423	0.0987208	0.100338	0.0898495	0.0867026	0.115316	0.159358	0.185756	0.186446	0.171965	0.132665	0.0571002	-0.0478179	-0.16655	-0.281338	-0.382784	-0.452243	-0.479328	-0.450218	-0.384357	
-0.111084	-0.111084	-0.10932	-0.108966	-0.102248	-0.0902355	-0.0828812	-0.0585789	-0.00917944	0.0529035	0.110392	0.162655	0.202493	0.230171	0.237761	0.220443	0.174912	0.110996	0.0448626	-0.0219839	-0.0887826	-0.137228	-0.148652	-0.135244	-0.119204	-0.102167	-0.0666056	-0.0113177	0.0403208	0.0816423	0.116612	0.145678	0.157243	0.15073	0.153794	0.191062	0.243251	0.274777	0.275001	0.249682	0.201182	0.112929	-0.0073406	-0.133815	-0.246789	-0.345883	-0.411122	-0.43097	-0.399686	-0.332621	
-0.217591	-0.217591	-0.208611	-0.195984	-0.175366	-0.148332	-0.122034	-0.0842386	-0.0285517	0.0343253	0.0996777	0.166608	0.224989	0.264216	0.28703	0.284235	0.245706	0.17865	0.107173	0.0306199	-0.0489791	-0.115013	-0.150917	-0.160522	-0.151973	-0.130529	-0.0900116	-0.0306827	0.0374148	0.0987208	0.145678	0.179105	0.201332	0.213012	0.233418	0.270484	0.314594	0.34361	0.344916	0.311406	0.249071	0.147549	0.0218474	-0.103086	-0.215433	-0.311077	-0.371271	-0.384698	-0.351281	-0.289077	
-0.332776	-0.332776	-0.316776	-0.29336	-0.260524	-0.214639	-0.157414	-0.096165	-0.0311273	0.0364306	0.112656	0.195037	0.268328	0.314368	0.336821	0.336008	0.301233	0.231511	0.144967	0.0526275	-0.0341606	-0.109417	-0.16362	-0.190049	-0.183631	-0.154726	-0.107578	-0.0448943	0.0290149	0.100338	0.157243	0.201332	0.237404	0.273195	0.309889	0.342527	0.370042	0.387232	0.376206	0.329197	0.252738	0.142811	0.0190068	-0.0951285	-0.197542	-0.283302	-0.337664	-0.346647	-0.322177	-0.271762	
-0.439742	-0.439742	-0.419639	-0.385738	-0.338925	-0.272535	-0.187672	-0.101287	-0.0169233	0.0713908	0.165441	0.257846	0.33659	0.383807	0.400772	0.390152	0.34438	0.261634	0.162505	0.0611038	-0.0341588	-0.116316	-0.17277	-0.201722	-0.203196	-0.175115	-0.12112	-0.0516921	0.0217658	0.0898495	0.15073	0.213012	0.273195	0.328473	0.375453	0.408662	0.424687	0.41512	0.375933	0.307327	0.214081	0.0975339	-0.0222361	-0.123602	-0.207319	-0.273934	-0.320104	-0.333554	-0.319755	-0.287083	
-0.517295	-0.517295	-0.493635	-0.450743	-0.390381	-0.307908	-0.200706	-0.0893855	0.023357	0.140483	0.25622	0.354393	0.429902	0.471973	0.476845	0.44385	0.372324	0.272096	0.16395	0.0593259	-0.0377982	-0.120862	-0.17587	-0.205771	-0.207209	-0.178654	-0.120261	-0.0478409	0.0246742	0.0867026	0.153794	0.233418	0.309889	0.375453	0.428248	0.460578	0.464395	0.426322	0.354028	0.258367	0.143707	0.0159791	-0.104774	-0.193536	-0.253249	-0.295172	-0.327528	-0.344317	-0.342055	-0.327568	
-0.56117	-0.56117	-0.536524	-0.48889	-0.417983	-0.317253	-0.190416	-0.0535756	0.0868588	0.233975	0.367939	0.471765	0.541887	0.576868	0.560271	0.494957	0.397562	0.287724	0.174096	0.0657066	-0.0299028	-0.109558	-0.163928	-0.191684	-0.188948	-0.15986	-0.104974	-0.0331331	0.0440415	0.115316	0.191062	0.270484	0.342527	0.408662	0.460578	0.490192	0.478693	0.415934	0.315315	0.191797	0.0488592	-0.0932418	-0.213246	-0.29256	-0.32909	-0.344665	-0.358269	-0.375379	-0.387688	-0.393571	
-0.577062	-0.577062	-0.549308	-0.495568	-0.412295	-0.295627	-0.154135	0.00509105	0.172867	0.341321	0.484478	0.590853	0.654704	0.676865	0.638371	0.551578	0.438594	0.319888	0.19813	0.0868686	-0.00612131	-0.082994	-0.136917	-0.163811	-0.158592	-0.126712	-0.0735367	-0.00541708	0.0723813	0.159358	0.243251	0.314594	0.370042	0.424687	0.464395	0.478693	0.446706	0.360524	0.237642	0.0893592	-0.0717737	-0.215562	-0.326708	-0.394633	-0.415929	-0.414409	-0.413399	-0.430059	-0.455594	-0.47968	
-0.567927	-0.567927	-0.528668	-0.460562	-0.362624	-0.235657	-0.0861878	0.0873217	0.273949	0.449065	0.594094	0.69544	0.7496	0.753969	0.707864	0.613982	0.497693	0.371129	0.242052	0.118847	0.0197834	-0.0543185	-0.104718	-0.129178	-0.123672	-0.0932591	-0.044722	0.0180452	0.0964072	0.185756	0.274777	0.34361	0.387232	0.41512	0.426322	0.415934	0.360524	0.254269	0.114899	-0.0481491	-0.212982	-0.350127	-0.440472	-0.489247	-0.498828	-0.493474	-0.49207	-0.510358	-0.542012	-0.578231	
-0.529706	-0.529706	-0.480481	-0.399573	-0.283809	-0.144865	0.0118669	0.184685	0.37102	0.537429	0.678251	0.772837	0.815419	0.807366	0.761838	0.677989	0.564104	0.430206	0.286381	0.152448	0.0481152	-0.0264098	-0.0768053	-0.101285	-0.0998874	-0.078363	-0.03335	0.0281941	0.101513	0.186446	0.275001	0.344916	0.376206	0.375933	0.354028	0.315315	0.237642	0.114899	-0.0374112	-0.206498	-0.371776	-0.497524	-0.56525	-0.585879	-0.580741	-0.578856	-0.59057	-0.609239	-0.642732	-0.683832	
-0.448705	-0.448705	-0.401298	-0.317642	-0.191935	-0.0415922	0.117811	0.284009	0.45204	0.594638	0.717592	0.807346	0.849189	0.838579	0.794658	0.719049	0.610863	0.47432	0.326331	0.190737	0.0841821	0.00587137	-0.0470528	-0.0731755	-0.0796796	-0.0699167	-0.0329579	0.024388	0.0945021	0.171965	0.249682	0.311406	0.329197	0.307327	0.258367	0.191797	0.0893592	-0.0481491	-0.206498	-0.371593	-0.523357	-0.632766	-0.68114	-0.681321	-0.665644	-0.662851	-0.681914	-0.704529	-0.738145	-0.777923	
-0.340096	-0.340096	-0.300049	-0.224133	-0.102758	0.0426051	0.197093	0.351658	0.499234	0.616396	0.720889	0.801823	0.84362	0.838362	0.799681	0.723695	0.615163	0.49018	0.360349	0.228311	0.112688	0.0313842	-0.0180131	-0.0485335	-0.0680976	-0.068934	-0.0475532	-0.00530574	0.0572121	0.132665	0.201182	0.249071	0.252738	0.214081	0.143707	0.0488592	-0.0717737	-0.212982	-0.371776	-0.523357	-0.6529	-0.740731	-0.781835	-0.779716	-0.754259	-0.739647	-0.754407	-0.778358	-0.813029	-0.848094	
-0.209098	-0.209098	-0.1792	-0.115827	-0.0127401	0.111353	0.242097	0.37847	0.508106	0.613225	0.703869	0.772315	0.806952	0.804967	0.769399	0.694538	0.590956	0.481088	0.368567	0.249309	0.137272	0.0563071	0.0036404	-0.037698	-0.0751779	-0.0980098	-0.092391	-0.0620087	-0.00546992	0.0571002	0.112929	0.147549	0.142811	0.0975339	0.0159791	-0.0932418	-0.215562	-0.350127	-0.497524	-0.632766	-0.740731	-0.814253	-0.852209	-0.854202	-0.8241	-0.800006	-0.80849	-0.831565	-0.859335	-0.887862	
-0.0363444	-0.0363444	-0.0165469	0.0293831	0.105908	0.195609	0.292582	0.402786	0.51147	0.600598	0.675529	0.73256	0.757371	0.75123	0.711591	0.640649	0.542632	0.439604	0.340213	0.245339	0.151926	0.071093	0.0035144	-0.0598621	-0.117172	-0.1508	-0.155261	-0.135601	-0.0949833	-0.0478179	-0.0073406	0.0218474	0.0190068	-0.0222361	-0.104774	-0.213246	-0.326708	-0.440472	-0.56525	-0.68114	-0.781835	-0.852209	-0.888247	-0.885781	-0.853829	-0.831537	-0.833215	-0.846014	-0.868164	-0.886806	
0.179557	0.179557	0.192884	0.221157	0.264536	0.317005	0.377394	0.457761	0.535104	0.596664	0.647792	0.688678	0.701976	0.687471	0.64207	0.570559	0.479172	0.380044	0.289112	0.213187	0.137523	0.0560438	-0.0282721	-0.106056	-0.172365	-0.21447	-0.233705	-0.22621	-0.199437	-0.16655	-0.133815	-0.103086	-0.0951285	-0.123602	-0.193536	-0.29256	-0.394633	-0.489247	-0.585879	-0.681321	-0.779716	-0.854202	-0.885781	-0.881832	-0.853746	-0.830139	-0.818486	-0.824499	-0.838503	-0.846876	
0.415678	0.415678	0.425991	0.438605	0.453695	0.470217	0.492959	0.534524	0.579014	0.610833	0.634383	0.64555	0.640441	0.619188	0.570675	0.495139	0.410235	0.320635	0.233012	0.159281	0.090059	0.0107284	-0.0790267	-0.160688	-0.225006	-0.27687	-0.316239	-0.32983	-0.31164	-0.281338	-0.246789	-0.215433	-0.197542	-0.207319	-0.253249	-0.32909	-0.415929	-0.498828	-0.580741	-0.665644	-0.754259	-0.8241	-0.853829	-0.853746	-0.827179	-0.79718	-0.779821	-0.783489	-0.792981	-0.782753	
0.663051	0.663051	0.667484	0.663519	0.655966	0.644974	0.632218	0.628534	0.631614	0.632724	0.635613	0.62174	0.58662	0.542898	0.48799	0.414035	0.329197	0.240489	0.156464	0.0845608	0.00898553	-0.0726715	-0.154241	-0.225017	-0.289602	-0.349528	-0.39956	-0.423434	-0.414511	-0.382784	-0.345883	-0.311077	-0.283302	-0.273934	-0.295172	-0.344665	-0.414409	-0.493474	-0.578856	-0.662851	-0.739647	-0.800006	-0.831537	-0.830139	-0.79718	-0.758471	-0.737471	-0.735728	-0.729598	-0.698803	
0.910507	0.910507	0.904131	0.878782	0.849252	0.818308	0.776732	0.729894	0.688718	0.657723	0.640824	0.608707	0.54463	0.468815	0.394354	0.315497	0.228699	0.135714	0.0486091	-0.0296789	-0.107154	-0.181958	-0.246952	-0.305838	-0.364352	-0.422661	-0.47215	-0.496316	-0.488389	-0.452243	-0.411122	-0.371271	-0.337664	-0.320104	-0.327528	-0.358269	-0.413399	-0.49207	-0.59057	-0.681914	-0.754407	-0.80849	-0.833215	-0.818486	-0.779821	-0.737471	-0.711824	-0.692639	-0.662083	-0.608847	
1.12431	1.12431	1.10775	1.06211	1.00832	0.955687	0.891131	0.817964	0.75077	0.688105	0.635282	0.575447	0.498413	0.402318	0.303008	0.207235	0.116319	0.0142091	-0.0880054	-0.173974	-0.242951	-0.298323	-0.344439	-0.38703	-0.43289	-0.47983	-0.51418	-0.529335	-0.515768	-0.479328	-0.43097	-0.384698	-0.346647	-0.333554	-0.344317	-0.375379	-0.430059	-0.510358	-0.609239	-0.704529	-0.778358	-0.831565	-0.846014	-0.824499	-0.783489	-0.735728	-0.692639	-0.650975	-0.600924	-0.524882	
1.27818	1.27818	1.25445	1.196	1.12318	1.05048	0.970611	0.885999	0.80346	0.714472	0.617935	0.525805	0.436069	0.335222	0.214075	0.0974465	-0.01086	-0.123365	-0.236382	-0.324504	-0.383042	-0.421386	-0.446399	-0.467474	-0.488189	-0.50939	-0.521472	-0.518353	-0.495298	-0.450218	-0.399686	-0.351281	-0.322177	-0.319755	-0.342055	-0.387688	-0.455594	-0.542012	-0.642732	-0.738145	-0.813029	-0.859335	-0.868164	-0.838503	-0.792981	-0.729598	-0.662083	-0.600924	-0.536477	-0.430983	
1.36277	1.36277	1.33553	1.27776	1.20222	1.12038	1.03058	0.933907	0.83516	0.72731	0.60526	0.483798	0.374638	0.261782	0.127893	-0.0114742	-0.140693	-0.260991	-0.369066	-0.453476	-0.506317	-0.529968	-0.534114	-0.531092	-0.522063	-0.510614	-0.495384	-0.472161	-0.433524	-0.384357	-0.332621	-0.289077	-0.271762	-0.287083	-0.327568	-0.393571	-0.47968	-0.578231	-0.683832	-0.777923	-0.848094	-0.887862	-0.886806	-0.846876	-0.782753	-0.698803	-0.608847	-0.524882	-0.430983	-0.294793	
