-3.60627	-3.60627	-3.42976	-3.09415	-2.6496	-2.11985	-1.54328	-0.983014	-0.486261	-0.0636646	0.26207	0.483157	0.601422	0.653196	0.664862	0.669253	0.666445	0.652422	0.624097	0.572326	0.485881	0.354542	0.153909	-0.111947	-0.422723	-0.771762	-1.14166	-1.50228	-1.80788	-2.00676	-2.05251	-1.92878	-1.66344	-1.32381	-0.989122	-0.691392	-0.425518	-0.189356	0.00158105	0.128013	0.205616	0.240661	0.223193	0.181866	0.155844	0.150841	0.161853	0.185233	0.216257	0.244833	
-3.60627	-3.60627	-3.42976	-3.09415	-2.6496	-2.11985	-1.54328	-0.983014	-0.486261	-0.0636646	0.26207	0.483157	0.601422	0.653196	0.664862	0.669253	0.666445	0.652422	0.624097	0.572326	0.485881	0.354542	0.153909	-0.111947	-0.422723	-0.771762	-1.14166	-1.50228	-1.80788	-2.00676	-2.05251	-1.92878	-1.66344	-1.32381	-0.989122	-0.691392	-0.425518	-0.189356	0.00158105	0.128013	0.205616	0.240661	0.223193	0.181866	0.155844	0.150841	0.161853	0.185233	0.216257	0.244833	
-3.42976	-3.42976	-3.2727	-2.95616	-2.5193	-2.00942	-1.47461	-0.947908	-0.462662	-0.0475654	0.26713	0.483911	0.609033	0.66572	0.680104	0.685409	0.681689	0.666958	0.643431	0.594717	0.508582	0.374309	0.178577	-0.0712302	-0.363882	-0.691469	-1.03735	-1.38056	-1.68007	-1.87301	-1.91738	-1.79701	-1.54576	-1.22799	-0.914165	-0.632588	-0.385828	-0.1682	0.0138593	0.139701	0.217975	0.24793	0.233334	0.199319	0.177145	0.170891	0.177958	0.198296	0.22558	0.248035	
-3.09415	-3.09415	-2.95616	-2.67846	-2.28453	-1.8232	-1.33722	-0.854759	-0.402907	-0.0206819	0.275382	0.481916	0.609965	0.672268	0.699227	0.709512	0.71123	0.702412	0.678432	0.620737	0.53276	0.403846	0.224884	0.00748532	-0.250645	-0.544524	-0.856759	-1.16744	-1.44305	-1.62505	-1.66564	-1.55388	-1.33012	-1.05258	-0.76876	-0.509738	-0.28746	-0.100541	0.0610687	0.17702	0.247452	0.281678	0.278251	0.248016	0.220176	0.206906	0.202768	0.21764	0.240695	0.256353	
-2.6496	-2.6496	-2.5193	-2.28453	-1.96168	-1.57148	-1.14518	-0.722355	-0.33125	0.00326159	0.277914	0.478398	0.605728	0.670238	0.704138	0.725405	0.740539	0.745772	0.726472	0.666149	0.576082	0.455624	0.298927	0.121652	-0.0873963	-0.33473	-0.608356	-0.883487	-1.1265	-1.28599	-1.32297	-1.23159	-1.0441	-0.804912	-0.556444	-0.325535	-0.133614	0.0212974	0.157878	0.258592	0.319597	0.359347	0.364814	0.333881	0.293454	0.265528	0.250593	0.260835	0.270998	0.270252	
-2.11985	-2.11985	-2.00942	-1.8232	-1.57148	-1.25542	-0.909307	-0.569098	-0.251801	0.0329886	0.274826	0.46092	0.586702	0.660509	0.703764	0.735192	0.760515	0.7759	0.770099	0.723706	0.643352	0.532343	0.3967	0.253792	0.0948507	-0.099476	-0.326844	-0.566119	-0.777288	-0.915461	-0.951959	-0.877738	-0.715671	-0.511454	-0.30317	-0.113149	0.0464369	0.180314	0.297991	0.382195	0.436408	0.468373	0.471703	0.436026	0.384633	0.342233	0.315322	0.305038	0.296888	0.277864	
-1.54328	-1.54328	-1.47461	-1.33722	-1.14518	-0.909307	-0.659488	-0.402897	-0.155114	0.0765242	0.271396	0.436889	0.555863	0.641036	0.697628	0.745819	0.782522	0.810562	0.815503	0.78173	0.712499	0.613715	0.497312	0.384184	0.271389	0.123169	-0.0620083	-0.263096	-0.443096	-0.564803	-0.602623	-0.541968	-0.404357	-0.230413	-0.059671	0.0951474	0.227339	0.345229	0.450208	0.518102	0.560785	0.58465	0.579381	0.53303	0.470555	0.410174	0.364488	0.32951	0.300958	0.270082	
-0.983014	-0.983014	-0.947908	-0.854759	-0.722355	-0.569098	-0.402897	-0.227998	-0.0525666	0.1189	0.277705	0.425864	0.544958	0.636108	0.700802	0.758561	0.811706	0.855174	0.869986	0.84159	0.769935	0.679283	0.583993	0.49753	0.416724	0.308154	0.161669	-0.00146508	-0.145706	-0.246916	-0.280788	-0.242536	-0.138965	0.0020388	0.144635	0.269002	0.379335	0.481527	0.569072	0.625785	0.661646	0.683683	0.665665	0.605413	0.528614	0.456468	0.398413	0.3471	0.30008	0.256396	
-0.486261	-0.486261	-0.462662	-0.402907	-0.33125	-0.251801	-0.155114	-0.0525666	0.0538901	0.174693	0.307583	0.446715	0.572347	0.671403	0.741438	0.805136	0.862015	0.901799	0.913879	0.886866	0.810868	0.719329	0.632144	0.562336	0.50122	0.429984	0.333441	0.218764	0.103022	0.0202881	-0.00930483	0.0196932	0.0948621	0.198325	0.296544	0.385336	0.467222	0.552005	0.630739	0.691974	0.730997	0.745691	0.717641	0.658216	0.580335	0.499979	0.426779	0.35943	0.288395	0.23258	
-0.0636646	-0.0636646	-0.0475654	-0.0206819	0.00326159	0.0329886	0.0765242	0.1189	0.174693	0.262374	0.382063	0.513213	0.645609	0.75726	0.84201	0.898002	0.938358	0.956299	0.949896	0.901859	0.817073	0.71469	0.620836	0.553163	0.508443	0.477406	0.439228	0.379249	0.303371	0.241891	0.217027	0.236821	0.283532	0.337894	0.389619	0.432458	0.485333	0.555427	0.636543	0.710006	0.761087	0.773329	0.746887	0.694914	0.629597	0.554831	0.466321	0.372564	0.284547	0.220578	
0.26207	0.26207	0.26713	0.275382	0.277914	0.274826	0.271396	0.277705	0.307583	0.382063	0.497792	0.635859	0.776412	0.895527	0.979654	1.02825	1.04713	1.03346	0.988087	0.897635	0.781608	0.656182	0.548375	0.479323	0.45645	0.462136	0.472212	0.464212	0.439241	0.414578	0.39796	0.394638	0.402355	0.413924	0.419815	0.421183	0.443821	0.497068	0.582363	0.670549	0.744348	0.779044	0.771153	0.734805	0.686158	0.614254	0.518058	0.409322	0.302983	0.222756	
0.483157	0.483157	0.483911	0.481916	0.478398	0.46092	0.436889	0.425864	0.446715	0.513213	0.635859	0.789111	0.946514	1.07243	1.15116	1.18504	1.17273	1.11425	1.01585	0.879186	0.723265	0.569537	0.439171	0.359481	0.342546	0.370357	0.422204	0.468369	0.496182	0.501169	0.493443	0.4785	0.460713	0.429332	0.382179	0.343552	0.341885	0.391388	0.481407	0.588394	0.689272	0.758089	0.782057	0.769404	0.73385	0.667921	0.567389	0.447636	0.326893	0.229512	
0.601422	0.601422	0.609033	0.609965	0.605728	0.586702	0.555863	0.544958	0.572347	0.645609	0.776412	0.946514	1.11293	1.24466	1.3247	1.34639	1.30088	1.19937	1.04794	0.864479	0.668226	0.476227	0.309775	0.208955	0.184477	0.223434	0.303488	0.391298	0.456257	0.485784	0.484992	0.470364	0.437985	0.375983	0.289304	0.22205	0.202842	0.255056	0.360787	0.488891	0.612541	0.71329	0.772246	0.785871	0.76418	0.703476	0.597895	0.468179	0.339988	0.234412	
0.653196	0.653196	0.66572	0.672268	0.670238	0.660509	0.641036	0.636108	0.671403	0.75726	0.895527	1.07243	1.24466	1.38308	1.46777	1.47978	1.4124	1.28123	1.09001	0.859309	0.614063	0.381158	0.18327	0.055471	0.010364	0.0443572	0.131048	0.236322	0.325956	0.380758	0.398139	0.381169	0.33722	0.261176	0.166852	0.0889154	0.0667765	0.120045	0.235613	0.380841	0.527598	0.662174	0.751227	0.784041	0.768753	0.711392	0.608055	0.474228	0.345904	0.241238	
0.664862	0.664862	0.680104	0.699227	0.704138	0.703764	0.697628	0.700802	0.741438	0.84201	0.979654	1.15116	1.3247	1.46777	1.55025	1.5643	1.49497	1.34295	1.1203	0.853808	0.568427	0.301162	0.0784522	-0.0799252	-0.154333	-0.141333	-0.0617013	0.0504854	0.14857	0.216082	0.252765	0.25043	0.206986	0.12626	0.0332122	-0.03842	-0.0552348	-0.000105256	0.125289	0.287203	0.45931	0.621252	0.737779	0.790604	0.776623	0.709743	0.607995	0.479191	0.351033	0.253555	
0.669253	0.669253	0.685409	0.709512	0.725405	0.735192	0.745819	0.758561	0.805136	0.898002	1.02825	1.18504	1.34639	1.47978	1.5643	1.57824	1.51197	1.35583	1.11798	0.829068	0.523296	0.230363	-0.0177758	-0.204332	-0.300375	-0.303125	-0.23413	-0.129665	-0.0290974	0.0439548	0.0913999	0.104453	0.0643774	-0.0111457	-0.0911863	-0.151626	-0.16261	-0.0972795	0.0406307	0.221016	0.413763	0.592827	0.732425	0.799743	0.788651	0.720332	0.615102	0.493435	0.372771	0.283563	
0.666445	0.666445	0.681689	0.71123	0.740539	0.760515	0.782522	0.811706	0.862015	0.938358	1.04713	1.17273	1.30088	1.4124	1.49497	1.51197	1.45263	1.29883	1.05996	0.76624	0.453664	0.146219	-0.112369	-0.300471	-0.399433	-0.408493	-0.357314	-0.273155	-0.176368	-0.0944381	-0.0436473	-0.0322518	-0.06758	-0.127892	-0.18985	-0.24137	-0.246316	-0.17686	-0.0330539	0.166409	0.380775	0.575176	0.730146	0.809289	0.805052	0.735797	0.628069	0.50956	0.403626	0.326851	
0.652422	0.652422	0.666958	0.702412	0.745772	0.7759	0.810562	0.855174	0.901799	0.956299	1.03346	1.11425	1.19937	1.28123	1.34295	1.35583	1.29883	1.1554	0.930235	0.650886	0.345672	0.0498412	-0.195865	-0.360643	-0.447953	-0.459634	-0.413835	-0.336215	-0.248604	-0.170431	-0.12578	-0.11953	-0.14197	-0.190855	-0.253259	-0.297401	-0.296433	-0.22799	-0.0906112	0.116853	0.345074	0.552249	0.712847	0.801229	0.800255	0.735748	0.633408	0.521097	0.43195	0.372455	
0.624097	0.624097	0.643431	0.678432	0.726472	0.770099	0.815503	0.869986	0.913879	0.949896	0.988087	1.01585	1.04794	1.09001	1.1203	1.11798	1.05996	0.930235	0.729888	0.476638	0.195947	-0.0669464	-0.274516	-0.404162	-0.460274	-0.447913	-0.392695	-0.315334	-0.235461	-0.170355	-0.135495	-0.128674	-0.142128	-0.185962	-0.250033	-0.298408	-0.303041	-0.245648	-0.120726	0.0735756	0.298899	0.505207	0.659974	0.750563	0.759086	0.705011	0.611744	0.513824	0.443618	0.401665	
0.572326	0.572326	0.594717	0.620737	0.666149	0.723706	0.78173	0.84159	0.886866	0.901859	0.897635	0.879186	0.864479	0.859309	0.853808	0.829068	0.76624	0.650886	0.476638	0.254946	0.0175449	-0.193534	-0.343704	-0.424424	-0.429679	-0.372815	-0.297072	-0.217365	-0.138975	-0.0825416	-0.0521578	-0.0458663	-0.0647122	-0.108152	-0.170749	-0.231561	-0.256407	-0.225079	-0.126152	0.035958	0.238504	0.432442	0.575518	0.662381	0.680729	0.639139	0.56455	0.490771	0.435355	0.406592	
0.485881	0.485881	0.508582	0.53276	0.576082	0.643352	0.712499	0.769935	0.810868	0.817073	0.781608	0.723265	0.668226	0.614063	0.568427	0.523296	0.453664	0.345672	0.195947	0.0175449	-0.162339	-0.310621	-0.397644	-0.411029	-0.354176	-0.246782	-0.136774	-0.0407504	0.0391248	0.0902154	0.118982	0.122336	0.0948964	0.040489	-0.0314733	-0.110409	-0.165687	-0.171511	-0.114664	0.00926848	0.173915	0.338114	0.467582	0.549325	0.574265	0.546406	0.498837	0.45336	0.413901	0.397795	
0.354542	0.354542	0.374309	0.403846	0.455624	0.532343	0.613715	0.679283	0.719329	0.71469	0.656182	0.569537	0.476227	0.381158	0.301162	0.230363	0.146219	0.0498412	-0.0669464	-0.193534	-0.310621	-0.397804	-0.419466	-0.358146	-0.235944	-0.0785569	0.0766094	0.196129	0.274953	0.325974	0.348186	0.34171	0.304002	0.234782	0.13892	0.0357166	-0.0545062	-0.0998839	-0.087755	-0.00789509	0.110965	0.235171	0.345133	0.416747	0.443333	0.439149	0.418829	0.398465	0.377858	0.368543	
0.153909	0.153909	0.178577	0.224884	0.298927	0.3967	0.497312	0.583993	0.632144	0.620836	0.548375	0.439171	0.309775	0.18327	0.0784522	-0.0177758	-0.112369	-0.195865	-0.274516	-0.343704	-0.397644	-0.419466	-0.369513	-0.241361	-0.0620724	0.139739	0.323463	0.462527	0.547263	0.593244	0.607041	0.582284	0.526664	0.437463	0.316402	0.183466	0.0624274	-0.0229514	-0.0522394	-0.0200909	0.0462396	0.129318	0.214897	0.275023	0.306242	0.326128	0.329147	0.330899	0.338806	0.344345	
-0.111947	-0.111947	-0.0712302	0.00748532	0.121652	0.253792	0.384184	0.49753	0.562336	0.553163	0.479323	0.359481	0.208955	0.055471	-0.0799252	-0.204332	-0.300471	-0.360643	-0.404162	-0.424424	-0.411029	-0.358146	-0.241361	-0.0605031	0.157891	0.386741	0.582681	0.731772	0.820402	0.855125	0.853773	0.817106	0.742478	0.629896	0.486306	0.329293	0.178045	0.0583969	-0.0107709	-0.0356602	-0.0259453	0.0187641	0.0787412	0.128774	0.16274	0.20572	0.241728	0.269254	0.305297	0.3392	
-0.422723	-0.422723	-0.363882	-0.250645	-0.0873963	0.0948507	0.271389	0.416724	0.50122	0.508443	0.45645	0.342546	0.184477	0.010364	-0.154333	-0.300375	-0.399433	-0.447953	-0.460274	-0.429679	-0.354176	-0.235944	-0.0620724	0.157891	0.394979	0.632832	0.830937	0.975109	1.05825	1.07742	1.05994	1.02103	0.934791	0.802487	0.640818	0.465833	0.293787	0.143537	0.024326	-0.051978	-0.0914709	-0.0946648	-0.0707046	-0.0308655	0.0154536	0.0828774	0.151472	0.21507	0.282657	0.347933	
-0.771762	-0.771762	-0.691469	-0.544524	-0.33473	-0.099476	0.123169	0.308154	0.429984	0.477406	0.462136	0.370357	0.223434	0.0443572	-0.141333	-0.303125	-0.408493	-0.459634	-0.447913	-0.372815	-0.246782	-0.0785569	0.139739	0.386741	0.632832	0.868333	1.05775	1.18385	1.25147	1.26508	1.23755	1.18721	1.09626	0.957202	0.784305	0.59445	0.407816	0.224635	0.0565015	-0.0673049	-0.151464	-0.203923	-0.215464	-0.185914	-0.124951	-0.0312261	0.0725295	0.173	0.271472	0.357619	
-1.14166	-1.14166	-1.03735	-0.856759	-0.608356	-0.326844	-0.0620083	0.161669	0.333441	0.439228	0.472212	0.422204	0.303488	0.131048	-0.0617013	-0.23413	-0.357314	-0.413835	-0.392695	-0.297072	-0.136774	0.0766094	0.323463	0.582681	0.830937	1.05775	1.23023	1.33726	1.39406	1.41147	1.38454	1.31905	1.22474	1.09131	0.915261	0.716919	0.511209	0.300827	0.0950906	-0.0764648	-0.210434	-0.301112	-0.339776	-0.324557	-0.257322	-0.143151	-0.0137741	0.118458	0.24221	0.338645	
-1.50228	-1.50228	-1.38056	-1.16744	-0.883487	-0.566119	-0.263096	-0.00146508	0.218764	0.379249	0.464212	0.468369	0.391298	0.236322	0.0504854	-0.129665	-0.273155	-0.336215	-0.315334	-0.217365	-0.0407504	0.196129	0.462527	0.731772	0.975109	1.18385	1.33726	1.44014	1.50147	1.51674	1.48903	1.42728	1.33201	1.19808	1.02535	0.828899	0.609048	0.373662	0.139641	-0.0711509	-0.243261	-0.36774	-0.437747	-0.442762	-0.379719	-0.256573	-0.11273	0.0399743	0.177362	0.276192	
-1.80788	-1.80788	-1.68007	-1.44305	-1.1265	-0.777288	-0.443096	-0.145706	0.103022	0.303371	0.439241	0.496182	0.456257	0.325956	0.14857	-0.0290974	-0.176368	-0.248604	-0.235461	-0.138975	0.0391248	0.274953	0.547263	0.820402	1.05825	1.25147	1.39406	1.50147	1.57165	1.58482	1.55802	1.5051	1.41312	1.28189	1.11966	0.930368	0.702676	0.441768	0.18566	-0.0459396	-0.248594	-0.412409	-0.517489	-0.544633	-0.493287	-0.375775	-0.222992	-0.0605719	0.0823442	0.18397	
-2.00676	-2.00676	-1.87301	-1.62505	-1.28599	-0.915461	-0.564803	-0.246916	0.0202881	0.241891	0.414578	0.501169	0.485784	0.380758	0.216082	0.0439548	-0.0944381	-0.170431	-0.170355	-0.0825416	0.0902154	0.325974	0.593244	0.855125	1.07742	1.26508	1.41147	1.51674	1.58482	1.61066	1.59566	1.54706	1.46695	1.35278	1.20158	1.01187	0.777511	0.50719	0.233762	-0.0195991	-0.251206	-0.446513	-0.576338	-0.628123	-0.60029	-0.492272	-0.337721	-0.178522	-0.0360968	0.0792093	
-2.05251	-2.05251	-1.91738	-1.66564	-1.32297	-0.951959	-0.602623	-0.280788	-0.00930483	0.217027	0.39796	0.493443	0.484992	0.398139	0.252765	0.0913999	-0.0436473	-0.12578	-0.135495	-0.0521578	0.118982	0.348186	0.607041	0.853773	1.05994	1.23755	1.38454	1.48903	1.55802	1.59566	1.59376	1.5601	1.49655	1.39939	1.2615	1.08034	0.849448	0.574312	0.281406	8.13942e-05	-0.258935	-0.480374	-0.630464	-0.698831	-0.684211	-0.587156	-0.444261	-0.291154	-0.143644	-0.0170463	
-1.92878	-1.92878	-1.79701	-1.55388	-1.23159	-0.877738	-0.541968	-0.242536	0.0196932	0.236821	0.394638	0.4785	0.470364	0.381169	0.25043	0.104453	-0.0322518	-0.11953	-0.128674	-0.0458663	0.122336	0.34171	0.582284	0.817106	1.02103	1.18721	1.31905	1.42728	1.5051	1.54706	1.5601	1.54736	1.50163	1.41987	1.30045	1.13844	0.914621	0.631279	0.324636	0.0186646	-0.26888	-0.510176	-0.676919	-0.753446	-0.741662	-0.65704	-0.531025	-0.376488	-0.218531	-0.0873676	
-1.66344	-1.66344	-1.54576	-1.33012	-1.0441	-0.715671	-0.404357	-0.138965	0.0948621	0.283532	0.402355	0.460713	0.437985	0.33722	0.206986	0.0643774	-0.06758	-0.14197	-0.142128	-0.0647122	0.0948964	0.304002	0.526664	0.742478	0.934791	1.09626	1.22474	1.33201	1.41312	1.46695	1.49655	1.50163	1.4791	1.41798	1.31148	1.1578	0.943268	0.667173	0.355304	0.0278378	-0.276215	-0.519904	-0.694741	-0.787514	-0.784615	-0.709163	-0.594305	-0.44204	-0.279301	-0.146024	
-1.32381	-1.32381	-1.22799	-1.05258	-0.804912	-0.511454	-0.230413	0.0020388	0.198325	0.337894	0.413924	0.429332	0.375983	0.261176	0.12626	-0.0111457	-0.127892	-0.190855	-0.185962	-0.108152	0.040489	0.234782	0.437463	0.629896	0.802487	0.957202	1.09131	1.19808	1.28189	1.35278	1.39939	1.41987	1.41798	1.3774	1.27695	1.1285	0.929684	0.671222	0.359538	0.0285801	-0.277431	-0.52011	-0.6967	-0.797534	-0.807197	-0.74011	-0.637862	-0.498004	-0.343424	-0.205768	
-0.989122	-0.989122	-0.914165	-0.76876	-0.556444	-0.30317	-0.059671	0.144635	0.296544	0.389619	0.419815	0.382179	0.289304	0.166852	0.0332122	-0.0911863	-0.18985	-0.253259	-0.250033	-0.170749	-0.0314733	0.13892	0.316402	0.486306	0.640818	0.784305	0.915261	1.02535	1.11966	1.20158	1.2615	1.30045	1.31148	1.27695	1.19168	1.05898	0.882165	0.642831	0.345336	0.0280099	-0.27025	-0.515061	-0.690206	-0.790491	-0.806679	-0.756236	-0.668647	-0.555014	-0.416141	-0.272592	
-0.691392	-0.691392	-0.632588	-0.509738	-0.325535	-0.113149	0.0951474	0.269002	0.385336	0.432458	0.421183	0.343552	0.22205	0.0889154	-0.03842	-0.151626	-0.24137	-0.297401	-0.298408	-0.231561	-0.110409	0.0357166	0.183466	0.329293	0.465833	0.59445	0.716919	0.828899	0.930368	1.01187	1.08034	1.13844	1.1578	1.1285	1.05898	0.951383	0.795778	0.58458	0.318325	0.0232093	-0.26012	-0.493753	-0.663398	-0.764077	-0.792588	-0.758054	-0.685812	-0.593215	-0.473481	-0.330366	
-0.425518	-0.425518	-0.385828	-0.28746	-0.133614	0.0464369	0.227339	0.379335	0.467222	0.485333	0.443821	0.341885	0.202842	0.0667765	-0.0552348	-0.16261	-0.246316	-0.296433	-0.303041	-0.256407	-0.165687	-0.0545062	0.0624274	0.178045	0.293787	0.407816	0.511209	0.609048	0.702676	0.777511	0.849448	0.914621	0.943268	0.929684	0.882165	0.795778	0.664631	0.486232	0.264098	0.00370532	-0.25299	-0.463927	-0.618112	-0.717208	-0.753506	-0.727735	-0.670757	-0.597399	-0.490362	-0.357581	
-0.189356	-0.189356	-0.1682	-0.100541	0.0212974	0.180314	0.345229	0.481527	0.552005	0.555427	0.497068	0.391388	0.255056	0.120045	-0.000105256	-0.0972795	-0.17686	-0.22799	-0.245648	-0.225079	-0.171511	-0.0998839	-0.0229514	0.0583969	0.143537	0.224635	0.300827	0.373662	0.441768	0.50719	0.574312	0.631279	0.667173	0.671222	0.642831	0.58458	0.486232	0.347715	0.172748	-0.0390967	-0.25677	-0.435801	-0.562922	-0.64768	-0.684423	-0.666729	-0.619618	-0.555411	-0.460405	-0.345044	
0.00158105	0.00158105	0.0138593	0.0610687	0.157878	0.297991	0.450208	0.569072	0.630739	0.636543	0.582363	0.481407	0.360787	0.235613	0.125289	0.0406307	-0.0330539	-0.0906112	-0.120726	-0.126152	-0.114664	-0.087755	-0.0522394	-0.0107709	0.024326	0.0565015	0.0950906	0.139641	0.18566	0.233762	0.281406	0.324636	0.355304	0.359538	0.345336	0.318325	0.264098	0.172748	0.040727	-0.113112	-0.268898	-0.403955	-0.503806	-0.571127	-0.59933	-0.588199	-0.547201	-0.484107	-0.398855	-0.291844	
0.128013	0.128013	0.139701	0.17702	0.258592	0.382195	0.518102	0.625785	0.691974	0.710006	0.670549	0.588394	0.488891	0.380841	0.287203	0.221016	0.166409	0.116853	0.0735756	0.035958	0.00926848	-0.00789509	-0.0200909	-0.0356602	-0.051978	-0.0673049	-0.0764648	-0.0711509	-0.0459396	-0.0195991	8.13942e-05	0.0186646	0.0278378	0.0285801	0.0280099	0.0232093	0.00370532	-0.0390967	-0.113112	-0.202991	-0.28834	-0.361425	-0.424901	-0.479013	-0.508362	-0.506973	-0.470108	-0.407439	-0.328786	-0.229963	
0.205616	0.205616	0.217975	0.247452	0.319597	0.436408	0.560785	0.661646	0.730997	0.761087	0.744348	0.689272	0.612541	0.527598	0.45931	0.413763	0.380775	0.345074	0.298899	0.238504	0.173915	0.110965	0.0462396	-0.0259453	-0.0914709	-0.151464	-0.210434	-0.243261	-0.248594	-0.251206	-0.258935	-0.26888	-0.276215	-0.277431	-0.27025	-0.26012	-0.25299	-0.25677	-0.268898	-0.28834	-0.299313	-0.309691	-0.343579	-0.388169	-0.418851	-0.426765	-0.403723	-0.351913	-0.277649	-0.189106	
0.240661	0.240661	0.24793	0.281678	0.359347	0.468373	0.58465	0.683683	0.745691	0.773329	0.779044	0.758089	0.71329	0.662174	0.621252	0.592827	0.575176	0.552249	0.505207	0.432442	0.338114	0.235171	0.129318	0.0187641	-0.0946648	-0.203923	-0.301112	-0.36774	-0.412409	-0.446513	-0.480374	-0.510176	-0.519904	-0.52011	-0.515061	-0.493753	-0.463927	-0.435801	-0.403955	-0.361425	-0.309691	-0.274036	-0.280856	-0.30957	-0.340542	-0.355132	-0.354618	-0.327005	-0.266756	-0.193379	
0.223193	0.223193	0.233334	0.278251	0.364814	0.471703	0.579381	0.665665	0.717641	0.746887	0.771153	0.782057	0.772246	0.751227	0.737779	0.732425	0.730146	0.712847	0.659974	0.575518	0.467582	0.345133	0.214897	0.0787412	-0.0707046	-0.215464	-0.339776	-0.437747	-0.517489	-0.576338	-0.630464	-0.676919	-0.694741	-0.6967	-0.690206	-0.663398	-0.618112	-0.562922	-0.503806	-0.424901	-0.343579	-0.280856	-0.254798	-0.259729	-0.288501	-0.314579	-0.335304	-0.33131	-0.286624	-0.230055	
0.181866	0.181866	0.199319	0.248016	0.333881	0.436026	0.53303	0.605413	0.658216	0.694914	0.734805	0.769404	0.785871	0.784041	0.790604	0.799743	0.809289	0.801229	0.750563	0.662381	0.549325	0.416747	0.275023	0.128774	-0.0308655	-0.185914	-0.324557	-0.442762	-0.544633	-0.628123	-0.698831	-0.753446	-0.787514	-0.797534	-0.790491	-0.764077	-0.717208	-0.64768	-0.571127	-0.479013	-0.388169	-0.30957	-0.259729	-0.253443	-0.278146	-0.31265	-0.346895	-0.355416	-0.332726	-0.292262	
0.155844	0.155844	0.177145	0.220176	0.293454	0.384633	0.470555	0.528614	0.580335	0.629597	0.686158	0.73385	0.76418	0.768753	0.776623	0.788651	0.805052	0.800255	0.759086	0.680729	0.574265	0.443333	0.306242	0.16274	0.0154536	-0.124951	-0.257322	-0.379719	-0.493287	-0.60029	-0.684211	-0.741662	-0.784615	-0.807197	-0.806679	-0.792588	-0.753506	-0.684423	-0.59933	-0.508362	-0.418851	-0.340542	-0.288501	-0.278146	-0.304461	-0.346034	-0.383348	-0.394907	-0.387041	-0.363159	
0.150841	0.150841	0.170891	0.206906	0.265528	0.342233	0.410174	0.456468	0.499979	0.554831	0.614254	0.667921	0.703476	0.711392	0.709743	0.720332	0.735797	0.735748	0.705011	0.639139	0.546406	0.439149	0.326128	0.20572	0.0828774	-0.0312261	-0.143151	-0.256573	-0.375775	-0.492272	-0.587156	-0.65704	-0.709163	-0.74011	-0.756236	-0.758054	-0.727735	-0.666729	-0.588199	-0.506973	-0.426765	-0.355132	-0.314579	-0.31265	-0.346034	-0.386629	-0.416901	-0.428016	-0.429104	-0.417833	
0.161853	0.161853	0.177958	0.202768	0.250593	0.315322	0.364488	0.398413	0.426779	0.466321	0.518058	0.567389	0.597895	0.608055	0.607995	0.615102	0.628069	0.633408	0.611744	0.56455	0.498837	0.418829	0.329147	0.241728	0.151472	0.0725295	-0.0137741	-0.11273	-0.222992	-0.337721	-0.444261	-0.531025	-0.594305	-0.637862	-0.668647	-0.685812	-0.670757	-0.619618	-0.547201	-0.470108	-0.403723	-0.354618	-0.335304	-0.346895	-0.383348	-0.416901	-0.440445	-0.456683	-0.460071	-0.454309	
0.185233	0.185233	0.198296	0.21764	0.260835	0.305038	0.32951	0.3471	0.35943	0.372564	0.409322	0.447636	0.468179	0.474228	0.479191	0.493435	0.50956	0.521097	0.513824	0.490771	0.45336	0.398465	0.330899	0.269254	0.21507	0.173	0.118458	0.0399743	-0.0605719	-0.178522	-0.291154	-0.376488	-0.44204	-0.498004	-0.555014	-0.593215	-0.597399	-0.555411	-0.484107	-0.407439	-0.351913	-0.327005	-0.33131	-0.355416	-0.394907	-0.428016	-0.456683	-0.471697	-0.473152	-0.472558	
0.216257	0.216257	0.22558	0.240695	0.270998	0.296888	0.300958	0.30008	0.288395	0.284547	0.302983	0.326893	0.339988	0.345904	0.351033	0.372771	0.403626	0.43195	0.443618	0.435355	0.413901	0.377858	0.338806	0.305297	0.282657	0.271472	0.24221	0.177362	0.0823442	-0.0360968	-0.143644	-0.218531	-0.279301	-0.343424	-0.416141	-0.473481	-0.490362	-0.460405	-0.398855	-0.328786	-0.277649	-0.266756	-0.286624	-0.332726	-0.387041	-0.429104	-0.460071	-0.473152	-0.475479	-0.479616	
0.244833	0.244833	0.248035	0.256353	0.270252	0.277864	0.270082	0.256396	0.23258	0.220578	0.222756	0.229512	0.234412	0.241238	0.253555	0.283563	0.326851	0.372455	0.401665	0.406592	0.397795	0.368543	0.344345	0.3392	0.347933	0.357619	0.338645	0.276192	0.18397	0.0792093	-0.0170463	-0.0873676	-0.146024	-0.205768	-0.272592	-0.330366	-0.357581	-0.345044	-0.291844	-0.229963	-0.189106	-0.193379	-0.230055	-0.292262	-0.363159	-0.417833	-0.454309	-0.472558	-0.479616	-0.482869	
