0.570544	0.570544	0.327635	0.106484	0.309078	1.26144	
0.570544	0.570544	0.327635	0.106484	0.309078	1.26144	
0.327635	0.327635	0.134958	-0.193107	0.367781	0.721601	
0.106484	0.106484	-0.193107	-0.413938	-0.474505	0.695732	
0.309078	0.309078	0.367781	-0.474505	0.613884	0.351302	
1.26144	1.26144	0.721601	0.695732	0.351302	0.235499	
