0.522311	0.385653	0.283417	0.205134	0.15309	0.11404	0.0788656	0.0561458	0.0343402	0.0186335	0.00725948	-0.00596988	-0.0177993	-0.02692	-0.0294868	-0.0361866	-0.043297	-0.0418737	-0.0457628	-0.0526434	-0.0532688	-0.0524018	-0.0543219	-0.0623104	-0.067432	-0.0614171	-0.0612336	-0.0744229	-0.0838988	-0.0832241	-0.0786887	-0.0772158	-0.0896822	-0.112273	-0.118407	-0.092944	-0.0456089	0.0139947	0.0818858	0.147269	0.202333	0.253163	0.301557	0.330175	0.322863	0.289874	0.259151	0.247162	0.247665	0.247665	
0.385653	0.267386	0.179173	0.117397	0.0801866	0.0477921	0.0249602	0.0153498	0.000918569	-0.0100481	-0.0181132	-0.0264339	-0.0325536	-0.0345535	-0.035651	-0.0448749	-0.0475348	-0.0431797	-0.0493488	-0.0553715	-0.0537059	-0.0528462	-0.0569017	-0.0654358	-0.0669203	-0.0602984	-0.0648125	-0.0792135	-0.0852213	-0.0822054	-0.0782588	-0.0810466	-0.0991257	-0.121586	-0.12208	-0.0946641	-0.0537716	-0.0074079	0.0412947	0.0848888	0.12552	0.178046	0.244845	0.305008	0.338947	0.350601	0.357569	0.368735	0.37857	0.37857	
0.283417	0.179173	0.106691	0.0606674	0.0305303	0.00741442	-0.00122751	-0.00939179	-0.0233931	-0.0276341	-0.0301009	-0.0342599	-0.0383873	-0.0400498	-0.0424916	-0.0486493	-0.0464443	-0.0455269	-0.0539015	-0.0557396	-0.0528817	-0.0544236	-0.0604627	-0.0674928	-0.0652757	-0.0604357	-0.0698639	-0.0834001	-0.0853206	-0.0809328	-0.0789431	-0.0870045	-0.109484	-0.129008	-0.122997	-0.0953122	-0.0628065	-0.0312924	-0.00334613	0.0181272	0.0456818	0.101143	0.186379	0.278377	0.35559	0.414761	0.461246	0.495773	0.5145	0.5145	
0.205134	0.117397	0.0606674	0.0233582	0.00269621	-0.010901	-0.0191257	-0.0285643	-0.0345787	-0.0323421	-0.0351714	-0.0412925	-0.0439354	-0.0416753	-0.0447112	-0.0506233	-0.0470565	-0.0483049	-0.0557042	-0.055243	-0.0536958	-0.0568664	-0.0634649	-0.0682317	-0.0635967	-0.0624855	-0.0757367	-0.0863037	-0.0843324	-0.0799777	-0.0813696	-0.0951412	-0.119862	-0.133709	-0.121403	-0.0958195	-0.0736693	-0.0584952	-0.0523349	-0.0521539	-0.0353583	0.0243749	0.12767	0.251318	0.373108	0.481664	0.568728	0.626742	0.654201	0.654201	
0.15309	0.0801866	0.0305303	0.00269621	-0.0125812	-0.0283389	-0.0316203	-0.0347656	-0.0362318	-0.035718	-0.0425009	-0.0451981	-0.0425187	-0.0429358	-0.050025	-0.0508459	-0.0453197	-0.0515824	-0.0582852	-0.054857	-0.0542058	-0.0594768	-0.0665614	-0.0680473	-0.0623418	-0.0665001	-0.081681	-0.0875316	-0.0826582	-0.08004	-0.0860795	-0.105105	-0.129083	-0.135118	-0.118013	-0.097382	-0.087439	-0.0898732	-0.105715	-0.124644	-0.115427	-0.0501086	0.0705326	0.225194	0.39191	0.550344	0.678111	0.759743	0.796186	0.796186	
0.11404	0.0477921	0.00741442	-0.010901	-0.0283389	-0.0338736	-0.0300465	-0.0377097	-0.0397874	-0.041893	-0.0455395	-0.0434776	-0.0438822	-0.0470148	-0.0505742	-0.0483552	-0.0481495	-0.0567217	-0.0575249	-0.0531257	-0.0565938	-0.0636025	-0.0685802	-0.0663112	-0.0625925	-0.0726542	-0.0866536	-0.0868337	-0.0810225	-0.081945	-0.0933529	-0.116029	-0.135856	-0.133155	-0.114043	-0.101384	-0.105258	-0.126193	-0.163131	-0.197553	-0.192094	-0.12	0.0170726	0.201696	0.412461	0.619562	0.787085	0.89252	0.938696	0.938696	
0.0788656	0.0249602	-0.00122751	-0.0191257	-0.0316203	-0.0300465	-0.0370879	-0.046085	-0.0426235	-0.0425344	-0.0437517	-0.044662	-0.0456941	-0.0480744	-0.0522208	-0.0494145	-0.0506739	-0.057735	-0.0560572	-0.054743	-0.060571	-0.0663968	-0.0685894	-0.0647822	-0.0656859	-0.0798072	-0.0893558	-0.0846707	-0.0805465	-0.0863864	-0.102961	-0.126562	-0.139079	-0.128428	-0.111147	-0.109291	-0.128253	-0.167976	-0.223685	-0.268645	-0.262798	-0.182908	-0.0303318	0.18278	0.435228	0.687839	0.89302	1.0225	1.07964	1.07964	
0.0561458	0.0153498	-0.00939179	-0.0285643	-0.0347656	-0.0377097	-0.046085	-0.0437577	-0.0373525	-0.042361	-0.0474287	-0.0467216	-0.046844	-0.0521137	-0.0517645	-0.0468105	-0.0542475	-0.0605859	-0.0556574	-0.0564836	-0.0636861	-0.0684768	-0.068149	-0.0645873	-0.0711859	-0.086314	-0.0894031	-0.0822172	-0.0823004	-0.0936586	-0.114078	-0.135067	-0.138199	-0.122334	-0.111271	-0.122537	-0.157419	-0.215293	-0.28583	-0.335334	-0.325001	-0.23642	-0.0690873	0.170557	0.460611	0.75353	0.993121	1.14684	1.21651	1.21651	
0.0343402	0.000918569	-0.0233931	-0.0345787	-0.0362318	-0.0397874	-0.0426235	-0.0373525	-0.0411819	-0.0517748	-0.0489599	-0.0446049	-0.0490402	-0.0520881	-0.0485739	-0.0514126	-0.0608551	-0.05863	-0.0536459	-0.060278	-0.0679173	-0.0696674	-0.0667232	-0.0663619	-0.0787345	-0.0908252	-0.0870414	-0.0809168	-0.08714	-0.103544	-0.125257	-0.139956	-0.133564	-0.117016	-0.116432	-0.142397	-0.193455	-0.267549	-0.347333	-0.394857	-0.376321	-0.278144	-0.09649	0.167106	0.488867	0.814955	1.08462	1.2625	1.34631	1.34631	
0.0186335	-0.0100481	-0.0276341	-0.0323421	-0.035718	-0.041893	-0.0425344	-0.042361	-0.0517748	-0.0501927	-0.0411281	-0.0459647	-0.053084	-0.0527592	-0.051323	-0.0559988	-0.0597842	-0.0556126	-0.0570966	-0.066043	-0.0700846	-0.0685221	-0.0659992	-0.0717965	-0.0867781	-0.0916793	-0.0834816	-0.082575	-0.0954315	-0.115037	-0.134573	-0.140219	-0.126684	-0.115132	-0.128474	-0.169865	-0.236545	-0.323281	-0.405354	-0.444491	-0.414624	-0.30575	-0.109899	0.174242	0.520047	0.87057	1.165	1.36636	1.4655	1.4655	
0.00725948	-0.0181132	-0.0301009	-0.0351714	-0.0425009	-0.0455395	-0.0437517	-0.0474287	-0.0489599	-0.0411281	-0.0447373	-0.0554436	-0.0555906	-0.0509118	-0.0508133	-0.058309	-0.0609582	-0.0566133	-0.0612818	-0.0696768	-0.0701873	-0.0671586	-0.0684867	-0.0801358	-0.0921385	-0.0887572	-0.0814318	-0.088535	-0.10647	-0.126377	-0.140151	-0.13599	-0.120215	-0.119461	-0.148833	-0.205507	-0.286092	-0.380046	-0.456662	-0.481773	-0.438057	-0.317018	-0.106988	0.193252	0.553971	0.919152	1.2322	1.45524	1.56999	1.56999	
-0.00596988	-0.0264339	-0.0342599	-0.0412925	-0.0451981	-0.0434776	-0.044662	-0.0467216	-0.0446049	-0.0459647	-0.0554436	-0.0564061	-0.04925	-0.0486047	-0.057413	-0.0646324	-0.0585235	-0.0559295	-0.0673862	-0.072826	-0.0683966	-0.0672987	-0.0750002	-0.0883688	-0.0927743	-0.0845347	-0.0836227	-0.0986248	-0.118618	-0.135532	-0.140786	-0.128904	-0.117647	-0.132446	-0.178374	-0.249267	-0.340451	-0.43448	-0.497948	-0.50466	-0.445011	-0.309955	-0.086062	0.224662	0.59026	0.959974	1.28476	1.52609	1.65522	1.65522	
-0.0177993	-0.0325536	-0.0383873	-0.0439354	-0.0425187	-0.0438822	-0.0456941	-0.046844	-0.0490402	-0.053084	-0.0555906	-0.04925	-0.0483182	-0.05808	-0.0647733	-0.059823	-0.05401	-0.0639303	-0.0746373	-0.0703401	-0.0663383	-0.0722728	-0.0837343	-0.0928976	-0.0895355	-0.0826716	-0.091185	-0.11134	-0.129856	-0.140599	-0.136538	-0.122198	-0.122719	-0.155756	-0.21725	-0.300211	-0.396752	-0.482557	-0.526203	-0.511576	-0.434064	-0.282989	-0.0463973	0.268091	0.628407	0.992898	1.32184	1.57601	1.71643	1.71643	
-0.02692	-0.0345535	-0.0400498	-0.0416753	-0.0429358	-0.0470148	-0.0480744	-0.0521137	-0.0520881	-0.0527592	-0.0509118	-0.0486047	-0.05808	-0.0641288	-0.0596388	-0.0556702	-0.0616459	-0.0730732	-0.0727556	-0.0665425	-0.0703963	-0.0804636	-0.0902573	-0.092904	-0.0856734	-0.0859131	-0.103493	-0.124487	-0.137971	-0.14036	-0.129402	-0.12038	-0.138604	-0.18997	-0.264795	-0.356246	-0.450927	-0.520051	-0.539011	-0.501331	-0.403966	-0.235271	0.0114696	0.322237	0.667887	1.01835	1.3432	1.60246	1.74903	1.74903	
-0.0294868	-0.035651	-0.0424916	-0.0447112	-0.050025	-0.0505742	-0.0522208	-0.0517645	-0.0485739	-0.051323	-0.0508133	-0.057413	-0.0647733	-0.0596388	-0.0570278	-0.0611227	-0.0691824	-0.0742664	-0.0694654	-0.0685898	-0.0776091	-0.0876183	-0.0935781	-0.0899462	-0.0844643	-0.0956488	-0.118575	-0.135219	-0.140976	-0.135349	-0.123559	-0.12823	-0.167092	-0.234493	-0.319381	-0.413904	-0.49802	-0.543112	-0.534689	-0.472957	-0.353761	-0.167036	0.0856018	0.385041	0.708233	1.03713	1.34893	1.60336	1.74912	1.74912	
-0.0361866	-0.0448749	-0.0486493	-0.0506233	-0.0508459	-0.0483552	-0.0494145	-0.0468105	-0.0514126	-0.0559988	-0.058309	-0.0646324	-0.059823	-0.0556702	-0.0611227	-0.0671082	-0.0745849	-0.073774	-0.0674089	-0.0736271	-0.0862657	-0.0934437	-0.0926869	-0.0860489	-0.0898783	-0.111499	-0.132501	-0.140614	-0.138496	-0.128681	-0.1246	-0.149453	-0.208173	-0.287644	-0.378188	-0.468325	-0.532815	-0.548776	-0.512183	-0.425576	-0.283087	-0.0799399	0.172755	0.453973	0.749032	1.05007	1.33924	1.57733	1.71412	1.71412	
-0.043297	-0.0475348	-0.0464443	-0.0470565	-0.0453197	-0.0481495	-0.0506739	-0.0542475	-0.0608551	-0.0597842	-0.0609582	-0.0585235	-0.05401	-0.0616459	-0.0691824	-0.0745849	-0.0758588	-0.0670584	-0.0693525	-0.0857402	-0.0944868	-0.0932344	-0.0880287	-0.0875419	-0.104409	-0.128718	-0.140564	-0.139846	-0.132791	-0.12562	-0.138022	-0.185622	-0.260079	-0.346699	-0.436967	-0.51363	-0.550654	-0.535212	-0.470805	-0.358463	-0.19263	0.0227876	0.268736	0.526366	0.789772	1.05755	1.31423	1.52393	1.64337	1.64337	
-0.0418737	-0.0431797	-0.0455269	-0.0483049	-0.0515824	-0.0567217	-0.057735	-0.0605859	-0.05863	-0.0556126	-0.0566133	-0.0559295	-0.0639303	-0.0730732	-0.0742664	-0.073774	-0.0670584	-0.0674458	-0.0854811	-0.0964404	-0.0926804	-0.088472	-0.0880195	-0.0992879	-0.123472	-0.140393	-0.141136	-0.135071	-0.128251	-0.132456	-0.167695	-0.235651	-0.319587	-0.407804	-0.490032	-0.543726	-0.548178	-0.5016	-0.409957	-0.27139	-0.084592	0.136496	0.368974	0.599662	0.829536	1.05911	1.27368	1.44389	1.5386	1.5386	
-0.0457628	-0.0493488	-0.0539015	-0.0557042	-0.0582852	-0.0575249	-0.0560572	-0.0556574	-0.0536459	-0.0570966	-0.0612818	-0.0673862	-0.0746373	-0.0727556	-0.0694654	-0.0674089	-0.0693525	-0.0854811	-0.0974401	-0.092177	-0.0876401	-0.0895312	-0.0970435	-0.117754	-0.139131	-0.143141	-0.136436	-0.130239	-0.130877	-0.155155	-0.214377	-0.29585	-0.382451	-0.465852	-0.530678	-0.553379	-0.523692	-0.447699	-0.329119	-0.165241	0.0370492	0.255641	0.46913	0.671444	0.866617	1.05315	1.21723	1.33938	1.40416	1.40416	
-0.0526434	-0.0553715	-0.0557396	-0.055243	-0.054857	-0.0531257	-0.054743	-0.0564836	-0.060278	-0.066043	-0.0696768	-0.072826	-0.0703401	-0.0665425	-0.0685898	-0.0736271	-0.0857402	-0.0964404	-0.092177	-0.0870819	-0.0906014	-0.0968161	-0.113103	-0.136712	-0.145445	-0.138037	-0.13093	-0.130898	-0.147701	-0.197042	-0.274756	-0.360838	-0.443749	-0.514417	-0.552122	-0.539201	-0.476962	-0.373377	-0.22827	-0.0426848	0.166724	0.374586	0.565526	0.739197	0.898182	1.03701	1.14462	1.21412	1.2468	1.2468	
-0.0532688	-0.0537059	-0.0528817	-0.0536958	-0.0542058	-0.0565938	-0.060571	-0.0636861	-0.0679173	-0.0700846	-0.0701873	-0.0683966	-0.0663383	-0.0703963	-0.0776091	-0.0862657	-0.0944868	-0.0926804	-0.0876401	-0.0906014	-0.0969987	-0.110583	-0.134268	-0.147277	-0.140126	-0.1308	-0.13084	-0.143994	-0.184285	-0.256398	-0.342258	-0.424929	-0.497726	-0.546049	-0.548879	-0.500138	-0.408518	-0.278498	-0.108719	0.091465	0.29799	0.488424	0.655185	0.799884	0.9202	1.00742	1.05619	1.07334	1.07517	1.07517	
-0.0524018	-0.0528462	-0.0544236	-0.0568664	-0.0594768	-0.0636025	-0.0663968	-0.0684768	-0.0696674	-0.0685221	-0.0671586	-0.0672987	-0.0722728	-0.0804636	-0.0876183	-0.0934437	-0.0932344	-0.088472	-0.0895312	-0.0968161	-0.110583	-0.133239	-0.148222	-0.142014	-0.130511	-0.130222	-0.142402	-0.175975	-0.241379	-0.326255	-0.40949	-0.482657	-0.537244	-0.55343	-0.518163	-0.437064	-0.318877	-0.163482	0.025987	0.230556	0.42463	0.593466	0.735407	0.849553	0.927789	0.961338	0.953371	0.923467	0.898847	0.898847	
-0.0543219	-0.0569017	-0.0604627	-0.0634649	-0.0665614	-0.0685802	-0.0685894	-0.068149	-0.0667232	-0.0659992	-0.0684867	-0.0750002	-0.0837343	-0.0902573	-0.0935781	-0.0926869	-0.0880287	-0.0880195	-0.0970435	-0.113103	-0.134268	-0.148222	-0.142779	-0.13036	-0.129441	-0.141738	-0.171255	-0.230222	-0.312947	-0.397095	-0.470278	-0.527773	-0.553982	-0.531465	-0.460387	-0.351549	-0.208359	-0.0304872	0.169674	0.367185	0.541697	0.687089	0.803079	0.883285	0.916064	0.89695	0.839077	0.771602	0.727261	0.727261	
-0.0623104	-0.0654358	-0.0674928	-0.0682317	-0.0680473	-0.0663112	-0.0647822	-0.0645873	-0.0663619	-0.0717965	-0.0801358	-0.0883688	-0.0928976	-0.092904	-0.0899462	-0.0860489	-0.0875419	-0.0992879	-0.117754	-0.136712	-0.147277	-0.142014	-0.13036	-0.129093	-0.141468	-0.169008	-0.223028	-0.302847	-0.38753	-0.460871	-0.519221	-0.551997	-0.540534	-0.479157	-0.378067	-0.244644	-0.0780465	0.115398	0.314214	0.49475	0.645948	0.766955	0.854083	0.89571	0.881321	0.814539	0.717699	0.624822	0.568598	0.568598	
-0.067432	-0.0669203	-0.0652757	-0.0635967	-0.0623418	-0.0625925	-0.0656859	-0.0711859	-0.0787345	-0.0867781	-0.0921385	-0.0927743	-0.0895355	-0.0856734	-0.0844643	-0.0898783	-0.104409	-0.123472	-0.139131	-0.145445	-0.140126	-0.130511	-0.129441	-0.141468	-0.168366	-0.219557	-0.296524	-0.380892	-0.454329	-0.512512	-0.548946	-0.546123	-0.493733	-0.399431	-0.273602	-0.117002	0.0683922	0.265992	0.451297	0.608669	0.73531	0.829961	0.883305	0.882148	0.822257	0.716948	0.594759	0.489389	0.428947	0.428947	
-0.0614171	-0.0602984	-0.0604357	-0.0624855	-0.0665001	-0.0726542	-0.0798072	-0.086314	-0.0908252	-0.0916793	-0.0887572	-0.0845347	-0.0826716	-0.0859131	-0.0956488	-0.111499	-0.128718	-0.140393	-0.143141	-0.138037	-0.1308	-0.130222	-0.141738	-0.169008	-0.219557	-0.294373	-0.377461	-0.450474	-0.508016	-0.546012	-0.549168	-0.504434	-0.416188	-0.296289	-0.147981	0.0291067	0.223392	0.411571	0.574505	0.706479	0.807559	0.871605	0.885513	0.840067	0.740789	0.609391	0.476187	0.370077	0.311832	0.311832	
-0.0612336	-0.0648125	-0.0698639	-0.0757367	-0.081681	-0.0866536	-0.0893558	-0.0894031	-0.0870414	-0.0834816	-0.0814318	-0.0836227	-0.091185	-0.103493	-0.118575	-0.132501	-0.140564	-0.141136	-0.136436	-0.13093	-0.13084	-0.142402	-0.171255	-0.223028	-0.296524	-0.377461	-0.4492	-0.505786	-0.543981	-0.550592	-0.511639	-0.428607	-0.313448	-0.171738	-0.00239335	0.187229	0.376314	0.543657	0.68035	0.786526	0.859009	0.886406	0.856974	0.770345	0.64211	0.498637	0.367436	0.269745	0.218202	0.218202	
-0.0744229	-0.0792135	-0.0834001	-0.0863037	-0.0875316	-0.0868337	-0.0846707	-0.0822172	-0.0809168	-0.082575	-0.088535	-0.0986248	-0.11134	-0.124487	-0.135219	-0.140614	-0.139846	-0.135071	-0.130239	-0.130898	-0.143994	-0.175975	-0.230222	-0.302847	-0.380892	-0.450474	-0.505786	-0.543262	-0.551112	-0.515752	-0.43682	-0.325512	-0.188963	-0.0263355	0.158053	0.346342	0.51665	0.657238	0.767352	0.846034	0.884261	0.869514	0.797216	0.677762	0.533892	0.391786	0.272676	0.189239	0.146823	0.146823	
-0.0838988	-0.0852213	-0.0853206	-0.0843324	-0.0826582	-0.0810225	-0.0805465	-0.0823004	-0.08714	-0.0954315	-0.10647	-0.118618	-0.129856	-0.137971	-0.140976	-0.138496	-0.132791	-0.128251	-0.130877	-0.147701	-0.184285	-0.241379	-0.312947	-0.38753	-0.454329	-0.508016	-0.543981	-0.551112	-0.517084	-0.440906	-0.332697	-0.200177	-0.0430773	0.136136	0.32236	0.494101	0.637545	0.75059	0.833619	0.880002	0.877573	0.818935	0.710112	0.570415	0.424815	0.295	0.194283	0.127623	0.0949249	0.0949249	
-0.0832241	-0.0822054	-0.0809328	-0.0799777	-0.08004	-0.081945	-0.0863864	-0.0936586	-0.103544	-0.115037	-0.126377	-0.135532	-0.140599	-0.14036	-0.135349	-0.128681	-0.12562	-0.132456	-0.155155	-0.197042	-0.256398	-0.326255	-0.397095	-0.460871	-0.512512	-0.546012	-0.550592	-0.515752	-0.440906	-0.335085	-0.205708	-0.0529629	0.12155	0.304897	0.4766	0.621682	0.736678	0.822574	0.87478	0.882103	0.83546	0.737313	0.603694	0.458161	0.322908	0.212541	0.132728	0.0826566	0.0589298	0.0589298	
-0.0786887	-0.0782588	-0.0789431	-0.0813696	-0.0860795	-0.0933529	-0.102961	-0.114078	-0.125257	-0.134573	-0.140151	-0.140786	-0.136538	-0.129402	-0.123559	-0.1246	-0.138022	-0.167695	-0.214377	-0.274756	-0.342258	-0.40949	-0.470278	-0.519221	-0.548946	-0.549168	-0.511639	-0.43682	-0.332697	-0.205708	-0.0562302	0.114274	0.294295	0.46464	0.61003	0.725949	0.813487	0.86957	0.884208	0.847507	0.759195	0.632276	0.488628	0.350611	0.234174	0.146366	0.0868547	0.0513704	0.0351118	0.0351118	
-0.0772158	-0.0810466	-0.0870045	-0.0951412	-0.105105	-0.116029	-0.126562	-0.135067	-0.139956	-0.140219	-0.13599	-0.128904	-0.122198	-0.12038	-0.12823	-0.149453	-0.185622	-0.235651	-0.29585	-0.360838	-0.424929	-0.482657	-0.527773	-0.551997	-0.546123	-0.504434	-0.428607	-0.325512	-0.200177	-0.0529629	0.114274	0.290742	0.458571	0.602901	0.718654	0.806753	0.865099	0.884857	0.855935	0.776125	0.65581	0.515037	0.375894	0.255343	0.161891	0.096272	0.0544029	0.0306186	0.0200722	0.0200722	
-0.0896822	-0.0991257	-0.109484	-0.119862	-0.129083	-0.135856	-0.139079	-0.138199	-0.133564	-0.126684	-0.120215	-0.117647	-0.122719	-0.138604	-0.167092	-0.208173	-0.260079	-0.319587	-0.382451	-0.443749	-0.497726	-0.537244	-0.553982	-0.540534	-0.493733	-0.416188	-0.313448	-0.188963	-0.0430773	0.12155	0.294295	0.458571	0.600501	0.714962	0.802621	0.861867	0.884799	0.861523	0.788607	0.674322	0.536907	0.397804	0.274549	0.176862	0.106642	0.0604566	0.0326031	0.0174957	0.0110073	0.0110073	
-0.112273	-0.121586	-0.129008	-0.133709	-0.135118	-0.133155	-0.128428	-0.122334	-0.117016	-0.115132	-0.119461	-0.132446	-0.155756	-0.18997	-0.234493	-0.287644	-0.346699	-0.407804	-0.465852	-0.514417	-0.546049	-0.55343	-0.531465	-0.479157	-0.399431	-0.296289	-0.171738	-0.0263355	0.136136	0.304897	0.46464	0.602901	0.714962	0.801228	0.860178	0.88456	0.864892	0.797125	0.68797	0.554015	0.415814	0.291046	0.190293	0.116478	0.0669258	0.0362414	0.0186902	0.00958217	0.0057902	0.0057902	
-0.118407	-0.12208	-0.122997	-0.121403	-0.118013	-0.114043	-0.111147	-0.111271	-0.116432	-0.128474	-0.148833	-0.178374	-0.21725	-0.264795	-0.319381	-0.378188	-0.436967	-0.490032	-0.530678	-0.552122	-0.548879	-0.518163	-0.460387	-0.378067	-0.273602	-0.147981	-0.00239335	0.158053	0.32236	0.4766	0.61003	0.718654	0.802621	0.860178	0.884447	0.866469	0.802069	0.696937	0.566262	0.429578	0.304346	0.201632	0.125153	0.072942	0.0400183	0.0207402	0.010249	0.00502991	0.00292185	0.00292185	
-0.092944	-0.0946641	-0.0953122	-0.0958195	-0.097382	-0.101384	-0.109291	-0.122537	-0.142397	-0.169865	-0.205507	-0.249267	-0.300211	-0.356246	-0.413904	-0.468325	-0.51363	-0.543726	-0.553379	-0.539201	-0.500138	-0.437064	-0.351549	-0.244644	-0.117002	0.0291067	0.187229	0.346342	0.494101	0.621682	0.725949	0.806753	0.861867	0.88456	0.866469	0.803689	0.701378	0.573615	0.43887	0.314093	0.210483	0.132285	0.0781252	0.0434484	0.0228061	0.0113337	0.00537677	0.00253081	0.00141465	0.00141465	
-0.0456089	-0.0537716	-0.0628065	-0.0736693	-0.087439	-0.105258	-0.128253	-0.157419	-0.193455	-0.236545	-0.286092	-0.340451	-0.396752	-0.450927	-0.49802	-0.532815	-0.550654	-0.548178	-0.523692	-0.476962	-0.408518	-0.318877	-0.208359	-0.0780465	0.0683922	0.223392	0.376314	0.51665	0.637545	0.736678	0.813487	0.865099	0.884799	0.864892	0.802069	0.701378	0.576065	0.443548	0.320039	0.21655	0.13759	0.0822298	0.0463126	0.024629	0.0123927	0.00591621	0.00269936	0.00122082	0.000657317	0.000657317	
0.0139947	-0.0074079	-0.0312924	-0.0584952	-0.0898732	-0.126193	-0.167976	-0.215293	-0.267549	-0.323281	-0.380046	-0.43448	-0.482557	-0.520051	-0.543112	-0.548776	-0.535212	-0.5016	-0.447699	-0.373377	-0.278498	-0.163482	-0.0304872	0.115398	0.265992	0.411571	0.543657	0.657238	0.75059	0.822574	0.86957	0.884857	0.861523	0.797125	0.696937	0.573615	0.443548	0.322038	0.219634	0.140859	0.0850724	0.0484652	0.0260897	0.0132947	0.00642473	0.00295148	0.00129737	0.000564763	0.000293212	0.000293212	
0.0818858	0.0412947	-0.00334613	-0.0523349	-0.105715	-0.163131	-0.223685	-0.28583	-0.347333	-0.405354	-0.456662	-0.497948	-0.526203	-0.539011	-0.534689	-0.512183	-0.470805	-0.409957	-0.329119	-0.22827	-0.108719	0.025987	0.169674	0.314214	0.451297	0.574505	0.68035	0.767352	0.833619	0.87478	0.884208	0.855935	0.788607	0.68797	0.566262	0.43887	0.320039	0.219634	0.141963	0.0865262	0.0498008	0.0271089	0.0139786	0.00683897	0.00317981	0.00140803	0.000597224	0.000250651	0.000125614	0.000125614	
0.147269	0.0848888	0.0181272	-0.0521539	-0.124644	-0.197553	-0.268645	-0.335334	-0.394857	-0.444491	-0.481773	-0.50466	-0.511576	-0.501331	-0.472957	-0.425576	-0.358463	-0.27139	-0.165241	-0.0426848	0.091465	0.230556	0.367185	0.49475	0.608669	0.706479	0.786526	0.846034	0.880002	0.882103	0.847507	0.776125	0.674322	0.554015	0.429578	0.314093	0.21655	0.140859	0.0865262	0.0502534	0.0276324	0.0144051	0.00712991	0.00335537	0.00150356	0.000642735	0.000263461	0.000106771	5.17055e-05	5.17055e-05	
0.202333	0.12552	0.0456818	-0.0353583	-0.115427	-0.192094	-0.262798	-0.325001	-0.376321	-0.414624	-0.438057	-0.445011	-0.434064	-0.403966	-0.353761	-0.283087	-0.19263	-0.084592	0.0370492	0.166724	0.29799	0.42463	0.541697	0.645948	0.73531	0.807559	0.859009	0.884261	0.877573	0.83546	0.759195	0.65581	0.536907	0.415814	0.304346	0.210483	0.13759	0.0850724	0.0498008	0.0276324	0.01455	0.00727987	0.00346539	0.00157147	0.000679755	0.000280931	0.000111444	4.36753e-05	2.04591e-05	2.04591e-05	
0.253163	0.178046	0.101143	0.0243749	-0.0501086	-0.12	-0.182908	-0.23642	-0.278144	-0.30575	-0.317018	-0.309955	-0.282989	-0.235271	-0.167036	-0.0799399	0.0227876	0.136496	0.255641	0.374586	0.488424	0.593466	0.687089	0.766955	0.829961	0.871605	0.886406	0.869514	0.818935	0.737313	0.632276	0.515037	0.397804	0.291046	0.201632	0.132285	0.0822298	0.0484652	0.0271089	0.0144051	0.00727987	0.00350285	0.0016066	0.000703201	0.000294064	0.000117659	4.523e-05	1.71652e-05	7.78594e-06	7.78594e-06	
0.301557	0.244845	0.186379	0.12767	0.0705326	0.0170726	-0.0303318	-0.0690873	-0.09649	-0.109899	-0.106988	-0.086062	-0.0463973	0.0114696	0.0856018	0.172755	0.268736	0.368974	0.46913	0.565526	0.655185	0.735407	0.803079	0.854083	0.883305	0.885513	0.856974	0.797216	0.710112	0.603694	0.488628	0.375894	0.274549	0.190293	0.125153	0.0781252	0.0463126	0.0260897	0.0139786	0.00712991	0.00346539	0.0016066	0.000711203	0.000300923	0.000121828	4.72529e-05	1.76244e-05	6.48541e-06	2.8513e-06	2.8513e-06	
0.330175	0.305008	0.278377	0.251318	0.225194	0.201696	0.18278	0.170557	0.167106	0.174242	0.193252	0.224662	0.268091	0.322237	0.385041	0.453973	0.526366	0.599662	0.671444	0.739197	0.799884	0.849553	0.883285	0.89571	0.882148	0.840067	0.770345	0.677762	0.570415	0.458161	0.350611	0.255343	0.176862	0.116478	0.072942	0.0434484	0.024629	0.0132947	0.00683897	0.00335537	0.00157147	0.000703201	0.000300923	0.000123264	4.83758e-05	1.8211e-05	6.59791e-06	2.35699e-06	1.00536e-06	1.00536e-06	
0.322863	0.338947	0.35559	0.373108	0.39191	0.412461	0.435228	0.460611	0.488867	0.520047	0.553971	0.59026	0.628407	0.667887	0.708233	0.749032	0.789772	0.829536	0.866617	0.898182	0.9202	0.927789	0.916064	0.881321	0.822257	0.740789	0.64211	0.533892	0.424815	0.322908	0.234174	0.161891	0.106642	0.0669258	0.0400183	0.0228061	0.0123927	0.00642473	0.00317981	0.00150356	0.000679755	0.000294064	0.000121828	4.83758e-05	1.8427e-05	6.74026e-06	2.37469e-06	8.2447e-07	3.41509e-07	3.41509e-07	
0.289874	0.350601	0.414761	0.481664	0.550344	0.619562	0.687839	0.75353	0.814955	0.87057	0.919152	0.959974	0.992898	1.01835	1.03713	1.05007	1.05755	1.05911	1.05315	1.03701	1.00742	0.961338	0.89695	0.814539	0.716948	0.609391	0.498637	0.391786	0.295	0.212541	0.146366	0.096272	0.0604566	0.0362414	0.0207402	0.0113337	0.00591621	0.00295148	0.00140803	0.000642735	0.000280931	0.000117659	4.72529e-05	1.8211e-05	6.74026e-06	2.39807e-06	8.2239e-07	2.77788e-07	1.11835e-07	1.11835e-07	
0.259151	0.357569	0.461246	0.568728	0.678111	0.787085	0.89302	0.993121	1.08462	1.165	1.2322	1.28476	1.32184	1.3432	1.34893	1.33924	1.31423	1.27368	1.21723	1.14462	1.05619	0.953371	0.839077	0.717699	0.594759	0.476187	0.367436	0.272676	0.194283	0.132728	0.0868547	0.0544029	0.0326031	0.0186902	0.010249	0.00537677	0.00269936	0.00129737	0.000597224	0.000263461	0.000111444	4.523e-05	1.76244e-05	6.59791e-06	2.37469e-06	8.2239e-07	2.74723e-07	9.03527e-08	3.53776e-08	3.53776e-08	
0.247162	0.368735	0.495773	0.626742	0.759743	0.89252	1.0225	1.14684	1.2625	1.36636	1.45524	1.52609	1.57601	1.60246	1.60336	1.57733	1.52393	1.44389	1.33938	1.21412	1.07334	0.923467	0.771602	0.624822	0.489389	0.370077	0.269745	0.189239	0.127623	0.0826566	0.0513704	0.0306186	0.0174957	0.00958217	0.00502991	0.00253081	0.00122082	0.000564763	0.000250651	0.000106771	4.36753e-05	1.71652e-05	6.48541e-06	2.35699e-06	8.2447e-07	2.77788e-07	9.03527e-08	2.89227e-08	1.10088e-08	1.10088e-08	
0.247665	0.37857	0.5145	0.654201	0.796186	0.938696	1.07964	1.21651	1.34631	1.4655	1.56999	1.65522	1.71643	1.74903	1.74912	1.71412	1.64337	1.5386	1.40416	1.2468	1.07517	0.898847	0.727261	0.568598	0.428947	0.311832	0.218202	0.146823	0.0949249	0.0589298	0.0351118	0.0200722	0.0110073	0.0057902	0.00292185	0.00141465	0.000657317	0.000293212	0.000125614	5.17055e-05	2.04591e-05	7.78594e-06	2.8513e-06	1.00536e-06	3.41509e-07	1.11835e-07	3.53776e-08	1.10088e-08	4.06698e-09	4.06698e-09	
0.247665	0.37857	0.5145	0.654201	0.796186	0.938696	1.07964	1.21651	1.34631	1.4655	1.56999	1.65522	1.71643	1.74903	1.74912	1.71412	1.64337	1.5386	1.40416	1.2468	1.07517	0.898847	0.727261	0.568598	0.428947	0.311832	0.218202	0.146823	0.0949249	0.0589298	0.0351118	0.0200722	0.0110073	0.0057902	0.00292185	0.00141465	0.000657317	0.000293212	0.000125614	5.17055e-05	2.04591e-05	7.78594e-06	2.8513e-06	1.00536e-06	3.41509e-07	1.11835e-07	3.53776e-08	1.10088e-08	4.06698e-09	4.06698e-09	
