1.23211	1.41608	1.52162	1.53981	1.48126	1.37163	1.23989	1.11665	1.00999	0.920339	0.854949	0.797381	0.741523	0.685254	0.62442	0.558369	0.488664	0.422968	0.353524	0.284104	0.226456	0.170074	0.118008	0.0800511	0.0493431	0.0234276	0.00524536	0.00181289	0.0177482	0.0449083	0.0910707	0.178792	0.30382	0.443835	0.582167	0.696105	0.758638	0.750299	0.655249	0.475961	0.251137	0.0267232	-0.178811	-0.360748	-0.506488	-0.608287	-0.676724	-0.725429	-0.753856	-0.753856	
1.41608	1.56513	1.63065	1.60788	1.50948	1.36834	1.21115	1.06734	0.941748	0.837929	0.757373	0.679018	0.607028	0.541868	0.474899	0.407827	0.345308	0.285808	0.222787	0.170063	0.129786	0.0863424	0.0500722	0.0276795	0.0083154	-0.00871222	-0.0188847	-0.0155615	0.00134224	0.0244368	0.0682615	0.153244	0.270694	0.404059	0.543588	0.668489	0.750892	0.764429	0.684829	0.515198	0.299275	0.082446	-0.120368	-0.306924	-0.468191	-0.597542	-0.69726	-0.768652	-0.806893	-0.806893	
1.52162	1.63065	1.65172	1.58406	1.45098	1.28305	1.10641	0.949638	0.812712	0.70097	0.608712	0.524512	0.456528	0.393373	0.330252	0.271632	0.218516	0.170239	0.124355	0.0896586	0.0602773	0.028607	0.00808463	-0.00376889	-0.0170709	-0.0280307	-0.0322821	-0.0253127	-0.010691	0.0076294	0.0494482	0.129937	0.237403	0.362851	0.502529	0.637244	0.738349	0.772555	0.708992	0.552567	0.349527	0.142096	-0.0576665	-0.248729	-0.426033	-0.584288	-0.716477	-0.810871	-0.858771	-0.858771	
1.53981	1.60788	1.58406	1.47973	1.31981	1.13081	0.945391	0.786102	0.646608	0.537131	0.450271	0.375836	0.315068	0.257429	0.204922	0.160057	0.123304	0.0891148	0.0554297	0.0338292	0.0151515	-0.00571492	-0.0162748	-0.0227636	-0.0319024	-0.0386307	-0.0393593	-0.0312905	-0.0206387	-0.00642192	0.0338303	0.10794	0.203702	0.320665	0.45956	0.602565	0.720313	0.773261	0.726622	0.587691	0.401706	0.20526	0.00864012	-0.187071	-0.38086	-0.568543	-0.733242	-0.850403	-0.907869	-0.907869	
1.48126	1.50948	1.45098	1.31981	1.13941	0.942436	0.762908	0.60696	0.476928	0.384752	0.308133	0.243059	0.193431	0.149534	0.113279	0.0831698	0.0571978	0.0312394	0.0112071	0.00206025	-0.0122869	-0.0267082	-0.0292898	-0.0328237	-0.0405193	-0.0448144	-0.0428862	-0.0353771	-0.0296175	-0.0181078	0.0208178	0.0866224	0.169754	0.278254	0.415431	0.5647	0.696053	0.765261	0.736877	0.620229	0.45535	0.271212	0.0776435	-0.12314	-0.33375	-0.550306	-0.746171	-0.885259	-0.952308	-0.952308	
1.37163	1.36834	1.28305	1.13081	0.942436	0.753117	0.583471	0.441016	0.334111	0.255362	0.187533	0.140035	0.106784	0.076148	0.0502482	0.0292488	0.0134882	-0.0022357	-0.0125068	-0.0181245	-0.0299916	-0.0361677	-0.0348103	-0.0398446	-0.0463119	-0.0475591	-0.0441759	-0.0393675	-0.0381716	-0.0272271	0.00989922	0.0654674	0.136015	0.236574	0.370969	0.523857	0.664848	0.747578	0.739285	0.649803	0.509608	0.338853	0.148158	-0.058393	-0.285934	-0.529518	-0.753674	-0.913201	-0.989954	-0.989954	
1.23989	1.21115	1.10641	0.945391	0.762908	0.583471	0.430135	0.309021	0.217249	0.150899	0.102217	0.0729409	0.0488074	0.024671	0.00844268	-0.000749999	-0.0106376	-0.0231185	-0.0266014	-0.0290144	-0.0385634	-0.0404081	-0.0391257	-0.0447317	-0.0488393	-0.0484568	-0.0454146	-0.0439884	-0.0456209	-0.033639	0.00015313	0.0441481	0.103289	0.196664	0.326923	0.480131	0.626103	0.719764	0.733809	0.675891	0.563139	0.406668	0.218695	0.0055069	-0.238668	-0.506	-0.754024	-0.931824	-1.01841	-1.01841	
1.11665	1.06734	0.949638	0.786102	0.60696	0.441016	0.309021	0.202246	0.130607	0.0844176	0.0494019	0.0282451	0.00777296	-0.00667461	-0.0116655	-0.0182641	-0.0280646	-0.0329047	-0.0309067	-0.0368558	-0.0449699	-0.0415242	-0.041132	-0.0480269	-0.0506211	-0.0489668	-0.0467333	-0.0489411	-0.0515673	-0.0378035	-0.00935459	0.0227902	0.0725842	0.159439	0.283837	0.433493	0.57953	0.682082	0.720815	0.6977	0.614062	0.472694	0.287443	0.0667782	-0.193071	-0.479405	-0.745478	-0.93867	-1.03503	-1.03503	
1.00999	0.941748	0.812712	0.646608	0.476928	0.334111	0.217249	0.130607	0.0805284	0.0391242	0.0112098	-0.00276744	-0.0152793	-0.0195999	-0.0238338	-0.0306062	-0.0349556	-0.0359918	-0.036761	-0.0435067	-0.044952	-0.0403524	-0.045054	-0.0515654	-0.0508109	-0.0485476	-0.0489899	-0.0544634	-0.0554433	-0.0402522	-0.0194918	0.00184242	0.0449477	0.125571	0.24196	0.383836	0.525375	0.635631	0.700965	0.714056	0.659964	0.534519	0.352266	0.123651	-0.149931	-0.449184	-0.726405	-0.931364	-1.03698	-1.03698	
0.920339	0.837929	0.70097	0.537131	0.384752	0.255362	0.150899	0.0844176	0.0391242	0.0036251	-0.00919744	-0.0157912	-0.0238556	-0.0285767	-0.0330931	-0.0360349	-0.039462	-0.0391738	-0.0390327	-0.0449812	-0.0445742	-0.0427931	-0.0491953	-0.0520853	-0.0497917	-0.0494357	-0.0529113	-0.0591852	-0.0566449	-0.0423701	-0.0309913	-0.0177077	0.0213505	0.0952929	0.201163	0.331126	0.464647	0.582323	0.675005	0.723357	0.697989	0.589308	0.410726	0.174532	-0.109531	-0.414577	-0.695435	-0.907749	-1.02126	-1.02126	
0.854949	0.757373	0.608712	0.450271	0.308133	0.187533	0.102217	0.0494019	0.0112098	-0.00919744	-0.014194	-0.0246636	-0.0348784	-0.0360301	-0.0360225	-0.0393837	-0.0406297	-0.0376105	-0.0426529	-0.0489309	-0.0439818	-0.0441118	-0.0515734	-0.0520991	-0.0499942	-0.0515693	-0.0570479	-0.0620339	-0.0561154	-0.0458278	-0.0435907	-0.0344772	0.00223893	0.0682486	0.161039	0.275659	0.399264	0.524671	0.643515	0.723612	0.725004	0.633871	0.460174	0.218181	-0.0715281	-0.374648	-0.651556	-0.866008	-0.98491	-0.98491	
0.797381	0.679018	0.524512	0.375836	0.243059	0.140035	0.0729409	0.0282451	-0.00276744	-0.0157912	-0.0246636	-0.0384007	-0.0384721	-0.0330658	-0.0373918	-0.0416797	-0.0401346	-0.0416809	-0.0483576	-0.046387	-0.0414038	-0.0485596	-0.0545669	-0.0513387	-0.0503108	-0.0545022	-0.061167	-0.0629443	-0.0551046	-0.0515476	-0.056212	-0.0473368	-0.0126751	0.0436086	0.121097	0.218306	0.332015	0.465396	0.606673	0.712605	0.73782	0.664797	0.497915	0.253878	-0.034942	-0.328355	-0.59416	-0.804758	-0.925216	-0.925216	
0.741523	0.607028	0.456528	0.315068	0.193431	0.106784	0.0488074	0.00777296	-0.0152793	-0.0238556	-0.0348784	-0.0384721	-0.0308764	-0.0356672	-0.0445243	-0.0434483	-0.0413182	-0.0441162	-0.0467837	-0.0440098	-0.0457771	-0.0536689	-0.0536078	-0.0498247	-0.0524468	-0.0588786	-0.0642095	-0.0615864	-0.0552481	-0.0599346	-0.0672458	-0.0556652	-0.0244133	0.0202016	0.0810294	0.16073	0.266288	0.406895	0.564125	0.688155	0.733455	0.678669	0.521474	0.281531	0.0017195	-0.274653	-0.522996	-0.723099	-0.839994	-0.839994	
0.685254	0.541868	0.393373	0.257429	0.149534	0.076148	0.024671	-0.00667461	-0.0195999	-0.0285767	-0.0360301	-0.0330658	-0.0356672	-0.0464342	-0.0453077	-0.0393876	-0.040485	-0.0463728	-0.0488318	-0.0455934	-0.048801	-0.0546726	-0.0521005	-0.0507391	-0.0564768	-0.0630414	-0.0646147	-0.0592713	-0.0587364	-0.0700026	-0.0746355	-0.0598641	-0.0347605	-0.00316674	0.0411053	0.105429	0.205507	0.350692	0.51502	0.648441	0.7094	0.672407	0.528937	0.301677	0.0401837	-0.212607	-0.438035	-0.620639	-0.727971	-0.727971	
0.62442	0.474899	0.330252	0.204922	0.113279	0.0502482	0.00844268	-0.0116655	-0.0238338	-0.0330931	-0.0360225	-0.0373918	-0.0445243	-0.0453077	-0.037974	-0.0390777	-0.0473664	-0.0515689	-0.0464017	-0.0439433	-0.0532659	-0.0564224	-0.0505942	-0.0530976	-0.0615379	-0.0653583	-0.0625322	-0.0589235	-0.0662641	-0.0789263	-0.0771789	-0.0618667	-0.045741	-0.0271524	0.00244245	0.0554235	0.152366	0.297051	0.458233	0.592307	0.663892	0.643737	0.519324	0.315348	0.0820309	-0.141481	-0.339293	-0.497497	-0.58915	-0.58915	
0.558369	0.407827	0.271632	0.160057	0.0831698	0.0292488	-0.000749999	-0.0182641	-0.0306062	-0.0360349	-0.0393837	-0.0416797	-0.0434483	-0.0393876	-0.0390777	-0.0482912	-0.0519105	-0.0460431	-0.042479	-0.0512392	-0.0591151	-0.0524919	-0.0496602	-0.0594478	-0.0658223	-0.0641064	-0.0604931	-0.0630435	-0.0756763	-0.0837354	-0.0758851	-0.0644765	-0.0587257	-0.0515521	-0.0330314	0.0136466	0.108073	0.244894	0.392728	0.51948	0.596213	0.591749	0.4929	0.323809	0.128297	-0.060809	-0.226687	-0.354338	-0.425092	-0.425092	
0.488664	0.345308	0.218516	0.123304	0.0571978	0.0134882	-0.0106376	-0.0280646	-0.0349556	-0.039462	-0.0406297	-0.0401346	-0.0413182	-0.040485	-0.0473664	-0.0519105	-0.0454826	-0.0432455	-0.0505681	-0.0582075	-0.0547244	-0.0488383	-0.0564815	-0.0658799	-0.065055	-0.0617088	-0.062253	-0.0708669	-0.0832462	-0.0836167	-0.0736119	-0.070035	-0.0740392	-0.0752907	-0.0628281	-0.0178923	0.0717892	0.192091	0.317939	0.430677	0.507019	0.51745	0.451326	0.32823	0.179185	0.0295738	-0.10004	-0.192456	-0.239027	-0.239027	
0.422968	0.285808	0.170239	0.0891148	0.0312394	-0.0022357	-0.0231185	-0.0329047	-0.0359918	-0.0391738	-0.0376105	-0.0416809	-0.0441162	-0.0463728	-0.0515689	-0.0460431	-0.0432455	-0.0506613	-0.0560293	-0.0557008	-0.0513212	-0.0537869	-0.0638718	-0.0663706	-0.062731	-0.0624451	-0.0676985	-0.0793201	-0.0866768	-0.0801326	-0.0735746	-0.0797783	-0.0909742	-0.0963829	-0.0844773	-0.0390864	0.040544	0.136109	0.234062	0.327625	0.3987	0.424148	0.397568	0.329417	0.234004	0.12948	0.0406914	-0.0139255	-0.0357071	-0.0357071	
0.353524	0.222787	0.124355	0.0554297	0.0112071	-0.0125068	-0.0266014	-0.0309067	-0.036761	-0.0390327	-0.0426529	-0.0483576	-0.0467837	-0.0488318	-0.0464017	-0.042479	-0.0505681	-0.0560293	-0.0558022	-0.0542459	-0.0524325	-0.0597853	-0.0676657	-0.0650068	-0.0621879	-0.0659099	-0.0754427	-0.0860773	-0.085162	-0.076253	-0.0786746	-0.0935586	-0.10756	-0.112204	-0.0966714	-0.0524484	0.00985619	0.0748252	0.14214	0.213067	0.275686	0.317479	0.335569	0.32775	0.291389	0.238264	0.194916	0.178211	0.179016	0.179016	
0.284104	0.170063	0.0896586	0.0338292	0.00206025	-0.0181245	-0.0290144	-0.0368558	-0.0435067	-0.0449812	-0.0489309	-0.046387	-0.0440098	-0.0455934	-0.0439433	-0.0512392	-0.0582075	-0.0557008	-0.0542459	-0.0521367	-0.0563123	-0.0682972	-0.0686103	-0.0615361	-0.0638293	-0.0733379	-0.0840644	-0.0877537	-0.0798644	-0.0767215	-0.0903692	-0.109034	-0.12081	-0.120652	-0.100498	-0.0629604	-0.0250375	0.00715757	0.0439602	0.0908585	0.144559	0.204952	0.269795	0.32342	0.349755	0.3546	0.360734	0.379769	0.398819	0.398819	
0.226456	0.129786	0.0602773	0.0151515	-0.0122869	-0.0299916	-0.0385634	-0.0449699	-0.044952	-0.0445742	-0.0439818	-0.0414038	-0.0457771	-0.048801	-0.0532659	-0.0591151	-0.0547244	-0.0513212	-0.0524325	-0.0563123	-0.0684128	-0.0714944	-0.0610863	-0.0610197	-0.0727331	-0.0828997	-0.0878044	-0.0832381	-0.076649	-0.0856011	-0.106318	-0.122199	-0.12822	-0.121507	-0.0998966	-0.0769649	-0.0678488	-0.0666968	-0.0580503	-0.0338425	0.0137502	0.0950267	0.204815	0.316982	0.407805	0.476182	0.53429	0.585361	0.617567	0.617567	
0.170074	0.0863424	0.028607	-0.00571492	-0.0267082	-0.0361677	-0.0404081	-0.0415242	-0.0403524	-0.0427931	-0.0441118	-0.0485596	-0.0536689	-0.0546726	-0.0564224	-0.0524919	-0.0488383	-0.0537869	-0.0597853	-0.0682972	-0.0714944	-0.0609675	-0.0588417	-0.072694	-0.0832037	-0.0864952	-0.0849543	-0.0785424	-0.0818939	-0.101622	-0.121183	-0.129894	-0.129022	-0.117091	-0.101205	-0.100493	-0.120243	-0.145372	-0.16075	-0.154467	-0.107305	-0.00407214	0.145132	0.310007	0.464873	0.599418	0.709457	0.788517	0.829778	0.829778	
0.118008	0.0500722	0.00808463	-0.0162748	-0.0292898	-0.0348103	-0.0391257	-0.041132	-0.045054	-0.0491953	-0.0515734	-0.0545669	-0.0536078	-0.0521005	-0.0505942	-0.0496602	-0.0564815	-0.0638718	-0.0676657	-0.0686103	-0.0610863	-0.0588417	-0.0727112	-0.0839538	-0.0852097	-0.0849656	-0.0811109	-0.0803491	-0.0964285	-0.118939	-0.130359	-0.131163	-0.124439	-0.112559	-0.111867	-0.137385	-0.181483	-0.226608	-0.260004	-0.26326	-0.209494	-0.0853949	0.0952969	0.305513	0.520898	0.719342	0.878118	0.982024	1.03067	1.03067	
0.0800511	0.0276795	-0.00376889	-0.0227636	-0.0328237	-0.0398446	-0.0447317	-0.0480269	-0.0515654	-0.0520853	-0.0520991	-0.0513387	-0.0498247	-0.0507391	-0.0530976	-0.0594478	-0.0658799	-0.0663706	-0.0650068	-0.0615361	-0.0610197	-0.072694	-0.0839538	-0.0847169	-0.0844219	-0.0830712	-0.0805166	-0.092038	-0.115883	-0.130836	-0.132011	-0.127116	-0.118279	-0.11557	-0.138025	-0.187867	-0.248927	-0.30741	-0.350329	-0.352066	-0.285502	-0.143796	0.0601555	0.307813	0.576016	0.82996	1.03117	1.15842	1.21571	1.21571	
0.0493431	0.0083154	-0.0170709	-0.0319024	-0.0405193	-0.0463119	-0.0488393	-0.0506211	-0.0508109	-0.0497917	-0.0499942	-0.0503108	-0.0524468	-0.0564768	-0.0615379	-0.0658223	-0.065055	-0.062731	-0.0621879	-0.0638293	-0.0727331	-0.0832037	-0.0852097	-0.0844219	-0.0837755	-0.0811121	-0.0892526	-0.112848	-0.131242	-0.133029	-0.127819	-0.121124	-0.117426	-0.134098	-0.181732	-0.248645	-0.31907	-0.383713	-0.424842	-0.413708	-0.330886	-0.175765	0.0448681	0.321588	0.62997	0.925139	1.16007	1.31054	1.37984	1.37984	
0.0234276	-0.00871222	-0.0280307	-0.0386307	-0.0448144	-0.0475591	-0.0484568	-0.0489668	-0.0485476	-0.0494357	-0.0515693	-0.0545022	-0.0588786	-0.0630414	-0.0653583	-0.0641064	-0.0617088	-0.0624451	-0.0659099	-0.0733379	-0.0828997	-0.0864952	-0.0849656	-0.0830712	-0.0811121	-0.0883196	-0.110943	-0.131427	-0.134216	-0.127924	-0.122235	-0.118908	-0.130589	-0.172686	-0.239787	-0.314699	-0.388027	-0.449654	-0.47609	-0.44359	-0.344194	-0.178789	0.0542905	0.350386	0.681738	0.999938	1.25845	1.43197	1.51667	1.51667	
0.00524536	-0.0188847	-0.0322821	-0.0393593	-0.0428862	-0.0441759	-0.0454146	-0.0467333	-0.0489899	-0.0529113	-0.0570479	-0.061167	-0.0642095	-0.0646147	-0.0625322	-0.0604931	-0.062253	-0.0676985	-0.0754427	-0.0840644	-0.0878044	-0.0849543	-0.0811109	-0.0805166	-0.0892526	-0.110943	-0.131463	-0.135025	-0.127957	-0.122413	-0.120024	-0.128627	-0.164833	-0.229414	-0.305516	-0.381221	-0.4507	-0.49743	-0.497948	-0.44064	-0.325937	-0.150893	0.0915874	0.39515	0.729687	1.05194	1.32323	1.51726	1.61825	1.61825	
0.00181289	-0.0155615	-0.0253127	-0.0312905	-0.0353771	-0.0393675	-0.0439884	-0.0489411	-0.0544634	-0.0591852	-0.0620339	-0.0629443	-0.0615864	-0.0592713	-0.0589235	-0.0630435	-0.0708669	-0.0793201	-0.0860773	-0.0877537	-0.0832381	-0.0785424	-0.0803491	-0.092038	-0.112848	-0.131427	-0.135025	-0.127979	-0.122312	-0.120662	-0.127847	-0.159375	-0.220523	-0.296405	-0.372336	-0.443537	-0.499446	-0.518912	-0.487757	-0.406693	-0.277063	-0.0910936	0.156512	0.453583	0.772329	1.08197	1.35464	1.56215	1.67578	1.67578	
0.0177482	0.00134224	-0.010691	-0.0206387	-0.0296175	-0.0381716	-0.0456209	-0.0515673	-0.0554433	-0.0566449	-0.0561154	-0.0551046	-0.0552481	-0.0587364	-0.0662641	-0.0756763	-0.0832462	-0.0866768	-0.085162	-0.0798644	-0.076649	-0.0818939	-0.0964285	-0.115883	-0.131242	-0.134216	-0.127957	-0.122312	-0.12086	-0.127642	-0.156308	-0.214276	-0.289214	-0.364798	-0.435484	-0.494777	-0.524605	-0.508838	-0.446917	-0.344407	-0.198228	-0.000916397	0.244353	0.520874	0.809186	1.09356	1.35521	1.56369	1.68137	1.68137	
0.0449083	0.0244368	0.0076294	-0.00642192	-0.0181078	-0.0272271	-0.033639	-0.0378035	-0.0402522	-0.0423701	-0.0458278	-0.0515476	-0.0599346	-0.0700026	-0.0789263	-0.0837354	-0.0836167	-0.0801326	-0.076253	-0.0767215	-0.0856011	-0.101622	-0.118939	-0.130836	-0.133029	-0.127924	-0.122413	-0.120662	-0.127642	-0.155334	-0.21109	-0.284676	-0.359605	-0.42919	-0.489181	-0.524565	-0.51821	-0.467149	-0.378876	-0.255308	-0.0909067	0.113951	0.346565	0.591503	0.841049	1.09125	1.32812	1.52069	1.63039	1.63039	
0.0910707	0.0682615	0.0494482	0.0338303	0.0208178	0.00989922	0.00015313	-0.00935459	-0.0194918	-0.0309913	-0.0435907	-0.056212	-0.0672458	-0.0746355	-0.0771789	-0.0758851	-0.0736119	-0.0735746	-0.0786746	-0.0903692	-0.106318	-0.121183	-0.130359	-0.132011	-0.127819	-0.122235	-0.120024	-0.127847	-0.156308	-0.21109	-0.283128	-0.356985	-0.42536	-0.484877	-0.522989	-0.522581	-0.478318	-0.397664	-0.285941	-0.140136	0.0401818	0.243498	0.453205	0.661013	0.869069	1.07823	1.27574	1.43444	1.52372	1.52372	
0.178792	0.153244	0.129937	0.10794	0.0866224	0.0654674	0.0441481	0.0227902	0.00184242	-0.0177077	-0.0344772	-0.0473368	-0.0556652	-0.0598641	-0.0618667	-0.0644765	-0.070035	-0.0797783	-0.0935586	-0.109034	-0.122199	-0.129894	-0.131163	-0.127116	-0.121124	-0.118908	-0.128627	-0.159375	-0.214276	-0.284676	-0.356985	-0.424085	-0.482618	-0.521596	-0.524661	-0.484937	-0.408928	-0.303734	-0.168355	-0.00184096	0.185574	0.375669	0.555928	0.726464	0.892912	1.05448	1.1993	1.30941	1.36886	1.36886	
0.30382	0.270694	0.237403	0.203702	0.169754	0.136015	0.103289	0.0725842	0.0449477	0.0213505	0.00223893	-0.0126751	-0.0244133	-0.0347605	-0.045741	-0.0587257	-0.0740392	-0.0909742	-0.10756	-0.12081	-0.12822	-0.129022	-0.124439	-0.118279	-0.117426	-0.130589	-0.164833	-0.220523	-0.289214	-0.359605	-0.42536	-0.482618	-0.521069	-0.525508	-0.488583	-0.415723	-0.314618	-0.185641	-0.0274575	0.151423	0.332618	0.500092	0.649557	0.785126	0.90908	1.01664	1.09974	1.15371	1.17937	1.17937	
0.443835	0.404059	0.362851	0.320665	0.278254	0.236574	0.196664	0.159439	0.125571	0.0952929	0.0682486	0.0436086	0.0202016	-0.00316674	-0.0271524	-0.0515521	-0.0752907	-0.0963829	-0.112204	-0.120652	-0.121507	-0.117091	-0.112559	-0.11557	-0.134098	-0.172686	-0.229414	-0.296405	-0.364798	-0.42919	-0.484877	-0.521596	-0.525508	-0.489759	-0.418998	-0.320724	-0.196072	-0.0435779	0.129866	0.306853	0.469691	0.610637	0.731042	0.83242	0.91073	0.959787	0.979256	0.978576	0.972677	0.972677	
0.582167	0.543588	0.502529	0.45956	0.415431	0.370969	0.326923	0.283837	0.24196	0.201163	0.161039	0.121097	0.0810294	0.0411053	0.00244245	-0.0330314	-0.0628281	-0.0844773	-0.0966714	-0.100498	-0.0998966	-0.101205	-0.111867	-0.138025	-0.181732	-0.239787	-0.305516	-0.372336	-0.435484	-0.489181	-0.522989	-0.524661	-0.488583	-0.418998	-0.322711	-0.201072	-0.0527315	0.116524	0.290626	0.451636	0.589891	0.704746	0.796698	0.860947	0.889633	0.880326	0.84264	0.797114	0.766828	0.766828	
0.696105	0.668489	0.637244	0.602565	0.5647	0.523857	0.480131	0.433493	0.383836	0.331126	0.275659	0.218306	0.16073	0.105429	0.0554235	0.0136466	-0.0178923	-0.0390864	-0.0524484	-0.0629604	-0.0769649	-0.100493	-0.137385	-0.187867	-0.248645	-0.314699	-0.381221	-0.443537	-0.494777	-0.524565	-0.522581	-0.484937	-0.415723	-0.320724	-0.201072	-0.0557227	0.110025	0.281313	0.440742	0.577884	0.690975	0.780054	0.840116	0.861888	0.839575	0.778654	0.697552	0.622269	0.577308	0.577308	
0.758638	0.750892	0.738349	0.720313	0.696053	0.664848	0.626103	0.57953	0.525375	0.464647	0.399264	0.332015	0.266288	0.205507	0.152366	0.108073	0.0717892	0.040544	0.00985619	-0.0250375	-0.0678488	-0.120243	-0.181483	-0.248927	-0.31907	-0.388027	-0.4507	-0.499446	-0.524605	-0.51821	-0.478318	-0.408928	-0.314618	-0.196072	-0.0527315	0.110025	0.278245	0.43546	0.57126	0.683332	0.771566	0.83127	0.852854	0.828417	0.759507	0.660132	0.553449	0.464793	0.414796	0.414796	
0.750299	0.764429	0.772555	0.773261	0.765261	0.747578	0.719764	0.682082	0.635631	0.582323	0.524671	0.465396	0.406895	0.350692	0.297051	0.244894	0.192091	0.136109	0.0748252	0.00715757	-0.0666968	-0.145372	-0.226608	-0.30741	-0.383713	-0.449654	-0.49743	-0.518912	-0.508838	-0.467149	-0.397664	-0.303734	-0.185641	-0.0435779	0.116524	0.281313	0.43546	0.569105	0.679763	0.767203	0.82712	0.850242	0.827887	0.759238	0.654784	0.534039	0.419684	0.331782	0.28435	0.28435	
0.655249	0.684829	0.708992	0.726622	0.736877	0.739285	0.733809	0.720815	0.700965	0.675005	0.643515	0.606673	0.564125	0.51502	0.458233	0.392728	0.317939	0.234062	0.14214	0.0439602	-0.0580503	-0.16075	-0.260004	-0.350329	-0.424842	-0.47609	-0.497948	-0.487757	-0.446917	-0.378876	-0.285941	-0.168355	-0.0274575	0.129866	0.290626	0.440742	0.57126	0.679763	0.765819	0.825324	0.849478	0.829581	0.763698	0.660177	0.535914	0.411061	0.30358	0.226165	0.185976	0.185976	
0.475961	0.515198	0.552567	0.587691	0.620229	0.649803	0.675891	0.6977	0.714056	0.723357	0.723612	0.712605	0.688155	0.648441	0.592307	0.51948	0.430677	0.327625	0.213067	0.0908585	-0.0338425	-0.154467	-0.26326	-0.352066	-0.413708	-0.44359	-0.44064	-0.406693	-0.344407	-0.255308	-0.140136	-0.00184096	0.151423	0.306853	0.451636	0.577884	0.683332	0.767203	0.825324	0.849297	0.830753	0.767395	0.666375	0.542923	0.415506	0.300547	0.209232	0.147165	0.116074	0.116074	
0.251137	0.299275	0.349527	0.401706	0.45535	0.509608	0.563139	0.614062	0.659964	0.697989	0.725004	0.73782	0.733455	0.7094	0.663892	0.596213	0.507019	0.3987	0.275686	0.144559	0.0137502	-0.107305	-0.209494	-0.285502	-0.330886	-0.344194	-0.325937	-0.277063	-0.198228	-0.0909067	0.0401818	0.185574	0.332618	0.469691	0.589891	0.690975	0.771566	0.82712	0.849478	0.830753	0.768727	0.669925	0.548461	0.421627	0.304884	0.208585	0.137327	0.0914012	0.0691586	0.0691586	
0.0267232	0.082446	0.142096	0.20526	0.271212	0.338853	0.406668	0.472694	0.534519	0.589308	0.633871	0.664797	0.678669	0.672407	0.643737	0.591749	0.51745	0.424148	0.317479	0.204952	0.0950267	-0.00407214	-0.0853949	-0.143796	-0.175765	-0.178789	-0.150893	-0.0910936	-0.000916397	0.113951	0.243498	0.375669	0.500092	0.610637	0.704746	0.780054	0.83127	0.850242	0.829581	0.767395	0.669925	0.550449	0.425269	0.309066	0.211708	0.137405	0.0858279	0.0541926	0.0393562	0.0393562	
-0.178811	-0.120368	-0.0576665	0.00864012	0.0776435	0.148158	0.218695	0.287443	0.352266	0.410726	0.460174	0.497915	0.521474	0.528937	0.519324	0.4929	0.451326	0.397568	0.335569	0.269795	0.204815	0.145132	0.0952969	0.0601555	0.0448681	0.0542905	0.0915874	0.156512	0.244353	0.346565	0.453205	0.555928	0.649557	0.731042	0.796698	0.840116	0.852854	0.827887	0.763698	0.666375	0.548461	0.425269	0.310634	0.213936	0.139193	0.0859538	0.0510953	0.0306851	0.0214042	0.0214042	
-0.360748	-0.306924	-0.248729	-0.187071	-0.12314	-0.058393	0.0055069	0.0667782	0.123651	0.174532	0.218181	0.253878	0.281531	0.301677	0.315348	0.323809	0.32823	0.329417	0.32775	0.32342	0.316982	0.310007	0.305513	0.307813	0.321588	0.350386	0.39515	0.453583	0.520874	0.591503	0.661013	0.726464	0.785126	0.83242	0.860947	0.861888	0.828417	0.759238	0.660177	0.542923	0.421627	0.309066	0.213936	0.139981	0.0867358	0.0510999	0.0289915	0.0166017	0.011133	0.011133	
-0.506488	-0.468191	-0.426033	-0.38086	-0.33375	-0.285934	-0.238668	-0.193071	-0.149931	-0.109531	-0.0715281	-0.034942	0.0017195	0.0401837	0.0820309	0.128297	0.179185	0.234004	0.291389	0.349755	0.407805	0.464873	0.520898	0.576016	0.62997	0.681738	0.729687	0.772329	0.809186	0.841049	0.869069	0.892912	0.90908	0.91073	0.889633	0.839575	0.759507	0.654784	0.535914	0.415506	0.304884	0.211708	0.139193	0.0867358	0.0513064	0.0289089	0.015694	0.00858982	0.00554302	0.00554302	
-0.608287	-0.597542	-0.584288	-0.568543	-0.550306	-0.529518	-0.506	-0.479405	-0.449184	-0.414577	-0.374648	-0.328355	-0.274653	-0.212607	-0.141481	-0.060809	0.0295738	0.12948	0.238264	0.3546	0.476182	0.599418	0.719342	0.82996	0.925139	0.999938	1.05194	1.08197	1.09356	1.09125	1.07823	1.05448	1.01664	0.959787	0.880326	0.778654	0.660132	0.534039	0.411061	0.300547	0.208585	0.137405	0.0859538	0.0510999	0.0289089	0.0156083	0.00812439	0.00425862	0.00264658	0.00264658	
-0.676724	-0.69726	-0.716477	-0.733242	-0.746171	-0.753674	-0.754024	-0.745478	-0.726405	-0.695435	-0.651556	-0.59416	-0.522996	-0.438035	-0.339293	-0.226687	-0.10004	0.0406914	0.194916	0.360734	0.53429	0.709457	0.878118	1.03117	1.16007	1.25845	1.32323	1.35464	1.35521	1.32812	1.27574	1.1993	1.09974	0.979256	0.84264	0.697552	0.553449	0.419684	0.30358	0.209232	0.137327	0.0858279	0.0510953	0.0289915	0.015694	0.00812439	0.00405815	0.002039	0.00122039	0.00122039	
-0.725429	-0.768652	-0.810871	-0.850403	-0.885259	-0.913201	-0.931824	-0.93867	-0.931364	-0.907749	-0.866008	-0.804758	-0.723099	-0.620639	-0.497497	-0.354338	-0.192456	-0.0139255	0.178211	0.379769	0.585361	0.788517	0.982024	1.15842	1.31054	1.43197	1.51726	1.56215	1.56369	1.52069	1.43444	1.30941	1.15371	0.978576	0.797114	0.622269	0.464793	0.331782	0.226165	0.147165	0.0914012	0.0541926	0.0306851	0.0166017	0.00858982	0.00425862	0.002039	0.000980795	0.000564279	0.000564279	
-0.753856	-0.806893	-0.858771	-0.907869	-0.952308	-0.989954	-1.01841	-1.03503	-1.03698	-1.02126	-0.98491	-0.925216	-0.839994	-0.727971	-0.58915	-0.425092	-0.239027	-0.0357071	0.179016	0.398819	0.617567	0.829778	1.03067	1.21571	1.37984	1.51667	1.61825	1.67578	1.68137	1.63039	1.52372	1.36886	1.17937	0.972677	0.766828	0.577308	0.414796	0.28435	0.185976	0.116074	0.0691586	0.0393562	0.0214042	0.011133	0.00554302	0.00264658	0.00122039	0.000564279	0.00031283	0.00031283	
-0.753856	-0.806893	-0.858771	-0.907869	-0.952308	-0.989954	-1.01841	-1.03503	-1.03698	-1.02126	-0.98491	-0.925216	-0.839994	-0.727971	-0.58915	-0.425092	-0.239027	-0.0357071	0.179016	0.398819	0.617567	0.829778	1.03067	1.21571	1.37984	1.51667	1.61825	1.67578	1.68137	1.63039	1.52372	1.36886	1.17937	0.972677	0.766828	0.577308	0.414796	0.28435	0.185976	0.116074	0.0691586	0.0393562	0.0214042	0.011133	0.00554302	0.00264658	0.00122039	0.000564279	0.00031283	0.00031283	
