6.29181e-51	6.29181e-51	6.88492e-49	6.91104e-47	6.3025e-45	5.21267e-43	3.90219e-41	2.63779e-39	1.60579e-37	8.77635e-36	4.29137e-34	1.86985e-32	7.22749e-31	2.46559e-29	7.38084e-28	1.92629e-26	4.35119e-25	8.43804e-24	1.39233e-22	1.93598e-21	2.24517e-20	2.14841e-19	1.67703e-18	1.05371e-17	5.23227e-17	1.99893e-16	5.70098e-16	1.21497e-15	2.08883e-15	2.94205e-15	3.13009e-15	2.48228e-15	1.56066e-15	8.01176e-16	3.15713e-16	9.40546e-17	2.1363e-17	3.7508e-18	5.17311e-19	5.70146e-20	5.10649e-21	3.77497e-22	2.33556e-23	1.22419e-24	5.49406e-26	2.13069e-27	7.19767e-29	2.13267e-30	5.57619e-32	1.29337e-33	
6.29181e-51	6.29181e-51	6.88492e-49	6.91104e-47	6.3025e-45	5.21267e-43	3.90219e-41	2.63779e-39	1.60579e-37	8.77635e-36	4.29137e-34	1.86985e-32	7.22749e-31	2.46559e-29	7.38084e-28	1.92629e-26	4.35119e-25	8.43804e-24	1.39233e-22	1.93598e-21	2.24517e-20	2.14841e-19	1.67703e-18	1.05371e-17	5.23227e-17	1.99893e-16	5.70098e-16	1.21497e-15	2.08883e-15	2.94205e-15	3.13009e-15	2.48228e-15	1.56066e-15	8.01176e-16	3.15713e-16	9.40546e-17	2.1363e-17	3.7508e-18	5.17311e-19	5.70146e-20	5.10649e-21	3.77497e-22	2.33556e-23	1.22419e-24	5.49406e-26	2.13069e-27	7.19767e-29	2.13267e-30	5.57619e-32	1.29337e-33	
6.88492e-49	6.88492e-49	7.15549e-47	6.8281e-45	5.92174e-43	4.65904e-41	3.31832e-39	2.1343e-37	1.23623e-35	6.42783e-34	2.98944e-32	1.23853e-30	4.54997e-29	1.47449e-27	4.19045e-26	1.03756e-24	2.22176e-23	4.0811e-22	6.37327e-21	8.38041e-20	9.18479e-19	8.3024e-18	6.1217e-17	3.63539e-16	1.70928e-15	6.21192e-15	1.70233e-14	3.53556e-14	5.93223e-14	8.1557e-14	8.63644e-14	6.96671e-14	4.49227e-14	2.36385e-14	9.64102e-15	3.00152e-15	7.17564e-16	1.33213e-16	1.94733e-17	2.27669e-18	2.16282e-19	1.69478e-20	1.11048e-21	6.15835e-23	2.92137e-24	1.19645e-25	4.26475e-27	1.33241e-28	3.67109e-30	8.96815e-32	
6.91104e-47	6.91104e-47	6.8281e-45	6.19928e-43	5.1168e-41	3.83208e-39	2.59827e-37	1.59092e-35	8.77137e-34	4.34033e-32	1.92046e-30	7.56662e-29	2.6422e-27	8.13386e-26	2.19436e-24	5.15353e-23	1.04583e-21	1.81888e-20	2.68686e-19	3.33898e-18	3.45583e-17	2.94851e-16	2.05187e-15	1.15076e-14	5.12004e-14	1.76954e-13	4.65898e-13	9.42365e-13	1.54384e-12	2.07533e-12	2.18798e-12	1.7932e-12	1.18451e-12	6.39053e-13	2.69868e-13	8.78419e-14	2.21156e-14	4.34412e-15	6.73581e-16	8.36038e-17	8.43046e-18	7.00719e-19	4.86532e-20	2.85607e-21	1.43261e-22	6.19776e-24	2.33147e-25	7.68093e-27	2.22999e-28	5.73694e-30	
6.3025e-45	6.3025e-45	5.92174e-43	5.1168e-41	4.02016e-39	2.86618e-37	1.85e-35	1.07821e-33	5.65717e-32	2.66313e-30	1.12054e-28	4.19611e-27	1.39174e-25	4.06638e-24	1.04032e-22	2.31472e-21	4.4456e-20	7.30918e-19	1.01955e-17	1.1951e-16	1.16562e-15	9.36552e-15	6.13662e-14	3.24258e-13	1.36225e-12	4.46938e-12	1.12901e-11	2.22074e-11	3.5512e-11	4.67251e-11	4.90522e-11	4.08149e-11	2.76074e-11	1.52871e-11	6.69398e-12	2.28218e-12	6.06346e-13	1.26306e-13	2.08224e-14	2.75013e-15	2.95021e-16	2.60638e-17	1.92128e-18	1.19585e-19	6.35209e-21	2.9066e-22	1.15522e-23	4.01707e-25	1.22995e-26	3.33449e-28	
5.21267e-43	5.21267e-43	4.65904e-41	3.83208e-39	2.86618e-37	1.94527e-35	1.19512e-33	6.62844e-32	3.3085e-30	1.48101e-28	5.92229e-27	2.10628e-25	6.62972e-24	1.83663e-22	4.45055e-21	9.36866e-20	1.70021e-18	2.6379e-17	3.46759e-16	3.8254e-15	3.50735e-14	2.64691e-13	1.62853e-12	8.08542e-12	3.19936e-11	9.94425e-11	2.40632e-10	4.59518e-10	7.16978e-10	9.24328e-10	9.66424e-10	8.15763e-10	5.6483e-10	3.21397e-10	1.46172e-10	5.23043e-11	1.46997e-11	3.25566e-12	5.72199e-13	8.06362e-14	9.22616e-15	8.68426e-16	6.81091e-17	4.50363e-18	2.53762e-19	1.23002e-20	5.17188e-22	1.90041e-23	6.14234e-25	1.75631e-26	
3.90219e-41	3.90219e-41	3.31832e-39	2.59827e-37	1.85e-35	1.19512e-33	6.98731e-32	3.6866e-30	1.74972e-28	7.44345e-27	2.82676e-25	9.53997e-24	2.84674e-22	7.46844e-21	1.71178e-19	3.40374e-18	5.82618e-17	8.51259e-16	1.05208e-14	1.08951e-13	9.3638e-13	6.61722e-12	3.81082e-11	1.77218e-10	6.58588e-10	1.93477e-09	4.47652e-09	8.2837e-09	1.26047e-08	1.59385e-08	1.66003e-08	1.42034e-08	1.00643e-08	5.89299e-09	2.78891e-09	1.04986e-09	3.12958e-10	7.39179e-11	1.38939e-11	2.09567e-12	2.56507e-13	2.57949e-14	2.1578e-15	1.51918e-16	9.09823e-18	4.67965e-19	2.08483e-20	8.10589e-22	2.76881e-23	8.35811e-25	
2.63779e-39	2.63779e-39	2.1343e-37	1.59092e-35	1.07821e-33	6.62844e-32	3.6866e-30	1.84953e-28	8.34209e-27	3.37014e-25	1.21442e-23	3.8852e-22	1.09778e-20	2.72364e-19	5.89522e-18	1.10522e-16	1.78061e-15	2.44417e-14	2.83251e-13	2.74526e-12	2.20441e-11	1.45359e-10	7.80675e-10	3.38815e-09	1.17863e-08	3.26391e-08	7.20506e-08	1.28925e-07	1.91187e-07	2.37354e-07	2.46315e-07	2.13447e-07	1.54763e-07	9.33997e-08	4.60946e-08	1.83035e-08	5.80549e-09	1.46739e-09	2.96056e-10	4.79703e-11	6.30284e-12	6.79332e-13	6.07884e-14	4.56854e-15	2.91477e-16	1.59407e-17	7.5379e-19	3.10582e-20	1.12268e-21	3.58189e-23	
1.60579e-37	1.60579e-37	1.23623e-35	8.77137e-34	5.65717e-32	3.3085e-30	1.74972e-28	8.34209e-27	3.57314e-25	1.36968e-23	4.67849e-22	1.41716e-20	3.78634e-19	8.86965e-18	1.80961e-16	3.19194e-15	4.82847e-14	6.20952e-13	6.72655e-12	6.08018e-11	4.54403e-10	2.78429e-09	1.38854e-08	5.60031e-08	1.81666e-07	4.72747e-07	9.93153e-07	1.71427e-06	2.47536e-06	3.01974e-06	3.12315e-06	2.73893e-06	2.03222e-06	1.26646e-06	6.53387e-07	2.74527e-07	9.29869e-08	2.52544e-08	5.49255e-09	9.60104e-10	1.35966e-10	1.57655e-11	1.51415e-12	1.21839e-13	8.30304e-15	4.83944e-16	2.43391e-17	1.06463e-18	4.07874e-20	1.37723e-21	
8.77635e-36	8.77635e-36	6.42783e-34	4.34033e-32	2.66313e-30	1.48101e-28	7.44345e-27	3.37014e-25	1.36968e-23	4.97675e-22	1.60948e-20	4.60963e-19	1.16271e-17	2.56689e-16	4.9259e-15	8.15477e-14	1.155e-12	1.38714e-11	1.39948e-10	1.17496e-09	8.13571e-09	4.60965e-08	2.12383e-07	7.92082e-07	2.38527e-06	5.812e-06	1.15851e-05	1.92363e-05	2.7016e-05	3.24061e-05	3.341e-05	2.96331e-05	2.25072e-05	1.45158e-05	7.85113e-06	3.50288e-06	1.27246e-06	3.73106e-07	8.79152e-08	1.66623e-08	2.55546e-09	3.20167e-10	3.31333e-11	2.86454e-12	2.09151e-13	1.30267e-14	6.98438e-16	3.24991e-17	1.32197e-18	4.73139e-20	
4.29137e-34	4.29137e-34	2.98944e-32	1.92046e-30	1.12054e-28	5.92229e-27	2.82676e-25	1.21442e-23	4.67849e-22	1.60948e-20	4.92133e-19	1.33059e-17	3.16266e-16	6.56619e-15	1.1823e-13	1.8318e-12	2.42129e-11	2.70551e-10	2.53133e-09	1.96443e-08	1.25348e-07	6.52918e-07	2.76242e-06	9.47059e-06	2.63378e-05	5.98375e-05	0.000112768	0.000179553	0.000244895	0.000288931	0.000296991	0.000266306	0.000207196	0.000138651	7.8882e-05	3.75272e-05	1.46931e-05	4.67754e-06	1.20126e-06	2.48328e-07	4.14798e-08	5.64448e-09	6.32332e-10	5.89757e-11	4.62996e-12	3.09113e-13	1.77159e-14	8.7897e-16	3.80389e-17	1.4456e-18	
1.86985e-32	1.86985e-32	1.23853e-30	7.56662e-29	4.19611e-27	2.10628e-25	9.53997e-24	3.8852e-22	1.41716e-20	4.60963e-19	1.33059e-17	3.38995e-16	7.57688e-15	1.47576e-13	2.48619e-12	3.59322e-11	4.4157e-10	4.57043e-09	3.94559e-08	2.81401e-07	1.64405e-06	7.81782e-06	3.01538e-05	9.43657e-05	0.00024087	0.00050774	0.000900871	0.00137046	0.00181171	0.00210198	0.00215434	0.00195289	0.00155833	0.00108528	0.000652014	0.000332346	0.000141076	4.90877e-05	1.38382e-05	3.14264e-06	5.75611e-07	8.55996e-08	1.04376e-08	1.05522e-09	8.94432e-11	6.4241e-12	3.94785e-13	2.09416e-14	9.66448e-16	3.90772e-17	
7.22749e-31	7.22749e-31	4.54997e-29	2.6422e-27	1.39174e-25	6.62972e-24	2.84674e-22	1.09778e-20	3.78634e-19	1.16271e-17	3.16266e-16	7.57688e-15	1.58865e-13	2.89468e-12	4.54782e-11	6.10799e-10	6.94748e-09	6.62651e-08	5.2466e-07	3.41515e-06	1.81266e-05	7.80225e-05	0.000271942	0.000770333	0.00179174	0.00348415	0.00579114	0.00838227	0.0107134	0.0122124	0.0124797	0.0114425	0.00938189	0.00682411	0.00434914	0.00238846	0.00110679	0.000424291	0.000132432	3.33272e-05	6.74864e-06	1.10493e-06	1.47606e-07	1.62672e-08	1.496e-09	1.16075e-10	7.67624e-12	4.36693e-13	2.15485e-14	9.29153e-16	
2.46559e-29	2.46559e-29	1.47449e-27	8.13386e-26	4.06638e-24	1.83663e-22	7.46844e-21	2.72364e-19	8.86965e-18	2.56689e-16	6.56619e-15	1.47576e-13	2.89468e-12	4.91834e-11	7.17905e-10	8.92029e-09	9.34222e-08	8.16074e-07	5.88325e-06	3.4659e-05	0.000165536	0.000638246	0.00198875	0.00504817	0.0106099	0.0189068	0.0292722	0.0401302	0.0494355	0.055268	0.056297	0.0522758	0.0441564	0.033676	0.0228864	0.0136271	0.00694866	0.00296269	0.00103456	0.000291571	6.59321e-05	1.19923e-05	1.76896e-06	2.13953e-07	2.14705e-08	1.80844e-09	1.29236e-10	7.91285e-12	4.18763e-13	1.93063e-14	
7.38084e-28	7.38084e-28	4.19045e-26	2.19436e-24	1.04032e-22	4.45055e-21	1.71178e-19	5.89522e-18	1.80961e-16	4.9259e-15	1.1823e-13	2.48619e-12	4.54782e-11	7.17905e-10	9.69321e-09	1.10853e-07	1.06238e-06	8.43685e-06	5.48978e-05	0.000289698	0.00123044	0.00419508	0.0115339	0.0259259	0.0487771	0.0790847	0.113372	0.146556	0.173432	0.189682	0.192508	0.18139	0.158332	0.127097	0.0926035	0.0601777	0.0340644	0.0163323	0.00646077	0.00206578	0.000528115	0.000107899	1.77425e-05	2.37414e-06	2.61744e-07	2.40699e-08	1.86773e-09	1.23582e-10	7.03869e-12	3.47992e-13	
1.92629e-26	1.92629e-26	1.03756e-24	5.15353e-23	2.31472e-21	9.36866e-20	3.40374e-18	1.10522e-16	3.19194e-15	8.15477e-14	1.8318e-12	3.59322e-11	6.10799e-10	8.92029e-09	1.10853e-07	1.15976e-06	1.00969e-05	7.22558e-05	0.000419853	0.00195955	0.0072936	0.0216416	0.0516878	0.101545	0.169453	0.24839	0.328223	0.398984	0.452611	0.483248	0.488435	0.46784	0.422909	0.35812	0.280824	0.200253	0.126879	0.0692163	0.03147	0.0115964	0.00340308	0.000791687	0.000146818	2.19471e-05	2.67973e-06	2.70849e-07	2.29479e-08	1.64857e-09	1.01451e-10	5.39674e-12	
4.35119e-25	4.35119e-25	2.22176e-23	1.04583e-21	4.4456e-20	1.70021e-18	5.82618e-17	1.78061e-15	4.82847e-14	1.155e-12	2.42129e-11	4.4157e-10	6.94748e-09	9.34222e-08	1.06238e-06	1.00969e-05	7.91695e-05	0.000505144	0.00258725	0.0105137	0.0336795	0.0853327	0.174052	0.295433	0.435071	0.575923	0.702816	0.805922	0.878952	0.918066	0.924433	0.898848	0.839141	0.747253	0.629072	0.492122	0.350148	0.219362	0.116333	0.0503038	0.0172609	0.00464943	0.000986306	0.000166643	2.27504e-05	2.54711e-06	2.37152e-07	1.8596e-08	1.24196e-09	7.13517e-11	
8.43804e-24	8.43804e-24	4.0811e-22	1.81888e-20	7.30918e-19	2.6379e-17	8.51259e-16	2.44417e-14	6.20952e-13	1.38714e-11	2.70551e-10	4.57043e-09	6.62651e-08	8.16074e-07	8.43685e-06	7.22558e-05	0.000505144	0.00283774	0.012612	0.0437858	0.11818	0.250578	0.430853	0.631352	0.828101	1.00391	1.15053	1.26347	1.34097	1.38402	1.39128	1.3626	1.2986	1.19988	1.06637	0.901549	0.711631	0.510378	0.318294	0.164297	0.067304	0.0214132	0.00528546	0.00102348	0.000157987	1.97702e-05	2.03761e-06	1.75442e-07	1.27791e-08	7.96159e-10	
1.39233e-22	1.39233e-22	6.37327e-21	2.68686e-19	1.01955e-17	3.46759e-16	1.05208e-14	2.83251e-13	6.72655e-12	1.39948e-10	2.53133e-09	3.94559e-08	5.2466e-07	5.88325e-06	5.48978e-05	0.000419853	0.00258725	0.012612	0.0477647	0.138688	0.308789	0.541201	0.79062	1.02918	1.24558	1.43133	1.58364	1.69923	1.77668	1.82266	1.83114	1.79874	1.73399	1.63494	1.49603	1.32442	1.11848	0.888593	0.641042	0.396639	0.197466	0.0758091	0.0221994	0.005006	0.000884917	0.000125028	1.43797e-05	1.36839e-06	1.09286e-07	7.41598e-09	
1.93598e-21	1.93598e-21	8.38041e-20	3.33898e-18	1.1951e-16	3.8254e-15	1.08951e-13	2.74526e-12	6.08018e-11	1.17496e-09	1.96443e-08	2.81401e-07	3.41515e-06	3.4659e-05	0.000289698	0.00195955	0.0105137	0.0437858	0.138688	0.330448	0.60147	0.888487	1.16279	1.42267	1.65055	1.83876	1.97938	2.07956	2.14127	2.1694	2.17375	2.15544	2.10905	2.02432	1.9005	1.73134	1.51818	1.26889	1.00005	0.716464	0.432618	0.203541	0.0720561	0.0192402	0.00394768	0.000636483	8.2379e-05	8.72247e-06	7.67955e-07	5.70123e-08	
2.24517e-20	2.24517e-20	9.18479e-19	3.45583e-17	1.16562e-15	3.50735e-14	9.3638e-13	2.20441e-11	4.54403e-10	8.13571e-09	1.25348e-07	1.64405e-06	1.81266e-05	0.000165536	0.00123044	0.0072936	0.0336795	0.11818	0.308789	0.60147	0.92083	1.23084	1.53631	1.7996	2.0072	2.15745	2.25881	2.31712	2.35175	2.36947	2.37212	2.36047	2.3335	2.28603	2.20404	2.07274	1.89038	1.64696	1.3558	1.04484	0.729029	0.416845	0.180171	0.0577313	0.0139145	0.00258519	0.000379474	4.4983e-05	4.38766e-06	3.57791e-07	
2.14841e-19	2.14841e-19	8.3024e-18	2.94851e-16	9.36552e-15	2.64691e-13	6.61722e-12	1.45359e-10	2.78429e-09	4.60965e-08	6.52918e-07	7.81782e-06	7.80225e-05	0.000638246	0.00419508	0.0216416	0.0853327	0.250578	0.541201	0.888487	1.23084	1.57607	1.86769	2.09383	2.25631	2.35081	2.39124	2.39475	2.37639	2.35791	2.35429	2.3675	2.38908	2.39646	2.37178	2.30244	2.16657	1.96499	1.70173	1.37109	1.02573	0.678389	0.353412	0.13624	0.038816	0.00836203	0.00139942	0.000186516	2.02244e-05	1.81648e-06	
1.67703e-18	1.67703e-18	6.1217e-17	2.05187e-15	6.13662e-14	1.62853e-12	3.81082e-11	7.80675e-10	1.38854e-08	2.12383e-07	2.76242e-06	3.01538e-05	0.000271942	0.00198875	0.0115339	0.0516878	0.174052	0.430853	0.79062	1.16279	1.53631	1.86769	2.12183	2.30256	2.38515	2.39164	2.34144	2.26014	2.18749	2.1429	2.13492	2.16535	2.22885	2.30989	2.3779	2.39504	2.3451	2.20668	1.97692	1.67879	1.31204	0.941697	0.568104	0.2596	0.0870726	0.021738	0.00414948	0.00062219	7.50389e-05	7.42607e-06	
1.05371e-17	1.05371e-17	3.63539e-16	1.15076e-14	3.24258e-13	8.08542e-12	1.77218e-10	3.38815e-09	5.60031e-08	7.92082e-07	9.47059e-06	9.43657e-05	0.000770333	0.00504817	0.0259259	0.101545	0.295433	0.631352	1.02918	1.42267	1.7996	2.09383	2.30256	2.38535	2.3794	2.2744	2.11063	1.9318	1.76648	1.6582	1.63877	1.71349	1.86226	2.03941	2.21222	2.34632	2.39738	2.35006	2.18966	1.93025	1.5784	1.18701	0.790201	0.415667	0.161669	0.0463727	0.010039	0.00168624	0.000225407	2.45053e-05	
5.23227e-17	5.23227e-17	1.70928e-15	5.12004e-14	1.36225e-12	3.19936e-11	6.58588e-10	1.17863e-08	1.81666e-07	2.38527e-06	2.63378e-05	0.00024087	0.00179174	0.0106099	0.0487771	0.169453	0.435071	0.828101	1.24558	1.65055	2.0072	2.25631	2.38515	2.3794	2.23806	2.00598	1.71385	1.40252	1.14576	0.994942	0.969235	1.07083	1.28939	1.58762	1.89351	2.15754	2.33854	2.39572	2.32594	2.11719	1.80477	1.40862	0.99657	0.5828	0.25696	0.0834183	0.0202558	0.00377805	0.00055567	6.59445e-05	
1.99893e-16	1.99893e-16	6.21192e-15	1.76954e-13	4.46938e-12	9.94425e-11	1.93477e-09	3.26391e-08	4.72747e-07	5.812e-06	5.98375e-05	0.00050774	0.00348415	0.0189068	0.0790847	0.24839	0.575923	1.00391	1.43133	1.83876	2.15745	2.35081	2.39164	2.2744	2.00598	1.6267	1.17214	0.732399	0.376328	0.155756	0.116722	0.268739	0.57646	0.99026	1.44971	1.86702	2.18138	2.36381	2.38724	2.25023	1.9807	1.59751	1.17672	0.741498	0.361015	0.130061	0.0348921	0.00713926	0.00114366	0.000146877	
5.70098e-16	5.70098e-16	1.70233e-14	4.65898e-13	1.12901e-11	2.40632e-10	4.47652e-09	7.20506e-08	9.93153e-07	1.15851e-05	0.000112768	0.000900871	0.00579114	0.0292722	0.113372	0.328223	0.702816	1.15053	1.58364	1.97938	2.25881	2.39124	2.34144	2.11063	1.71385	1.17214	0.567347	-0.038604	-0.57226	-0.917305	-0.978914	-0.739455	-0.267266	0.321708	0.935055	1.51172	1.97	2.26891	2.39497	2.32859	2.1086	1.75088	1.32634	0.879102	0.460794	0.18023	0.0524536	0.0115965	0.00199782	0.000274688	
1.21497e-15	1.21497e-15	3.53556e-14	9.42365e-13	2.22074e-11	4.59518e-10	8.2837e-09	1.28925e-07	1.71427e-06	1.92363e-05	0.000179553	0.00137046	0.00838227	0.0401302	0.146556	0.398984	0.805922	1.26347	1.69923	2.07956	2.31712	2.39475	2.26014	1.9318	1.40252	0.732399	-0.038604	-0.866278	-1.59943	-2.0607	-2.1417	-1.82453	-1.18164	-0.369491	0.435948	1.14764	1.74035	2.15382	2.36659	2.37022	2.19583	1.86144	1.44112	0.989142	0.545963	0.226728	0.0701656	0.0164711	0.00300581	0.000436659	
2.08883e-15	2.08883e-15	5.93223e-14	1.54384e-12	3.5512e-11	7.16978e-10	1.26047e-08	1.91187e-07	2.47536e-06	2.7016e-05	0.000244895	0.00181171	0.0107134	0.0494355	0.173432	0.452611	0.878952	1.34097	1.77668	2.14127	2.35175	2.37639	2.18749	1.76648	1.14576	0.376328	-0.57226	-1.59943	-2.4764	-3.00988	-3.10226	-2.73851	-1.98098	-0.985361	0.0176802	0.857105	1.53539	2.05064	2.32472	2.38762	2.24447	1.937	1.52117	1.06682	0.608855	0.263058	0.0848499	0.0207594	0.0039453	0.000596209	
2.94205e-15	2.94205e-15	8.1557e-14	2.07533e-12	4.67251e-11	9.24328e-10	1.59385e-08	2.37354e-07	3.01974e-06	3.24061e-05	0.000288931	0.00210198	0.0122124	0.055268	0.189682	0.483248	0.918066	1.38402	1.82266	2.1694	2.36947	2.35791	2.1429	1.6582	0.994942	0.155756	-0.917305	-2.0607	-3.00988	-3.57684	-3.67437	-3.28939	-2.47672	-1.38114	-0.248606	0.686568	1.40674	1.98132	2.29903	2.38922	2.27127	1.97756	1.56096	1.10999	0.645336	0.284471	0.0937484	0.0234594	0.00456163	0.000705045	
3.13009e-15	3.13009e-15	8.63644e-14	2.18798e-12	4.90522e-11	9.66424e-10	1.66003e-08	2.46315e-07	3.12315e-06	3.341e-05	0.000296991	0.00215434	0.0124797	0.056297	0.192508	0.488435	0.924433	1.39128	1.83114	2.17375	2.37212	2.35429	2.13492	1.63877	0.969235	0.116722	-0.978914	-2.1417	-3.10226	-3.67437	-3.7727	-3.38449	-2.56334	-1.45166	-0.296334	0.657376	1.3843	1.96812	2.29493	2.38842	2.27607	1.98342	1.56686	1.11744	0.651669	0.288137	0.0952795	0.0239321	0.00467176	0.000724854	
2.48228e-15	2.48228e-15	6.96671e-14	1.7932e-12	4.08149e-11	8.15763e-10	1.42034e-08	2.13447e-07	2.73893e-06	2.96331e-05	0.000266306	0.00195289	0.0114425	0.0522758	0.18139	0.46784	0.898848	1.3626	1.79874	2.15544	2.36047	2.3675	2.16535	1.71349	1.07083	0.268739	-0.739455	-1.82453	-2.73851	-3.28939	-3.38449	-3.00983	-2.22407	-1.17806	-0.111505	0.773387	1.47271	2.01782	2.31224	2.38953	2.25787	1.95776	1.54143	1.08818	0.626853	0.2736	0.0892008	0.0220678	0.00424139	0.000648108	
1.56066e-15	1.56066e-15	4.49227e-14	1.18451e-12	2.76074e-11	5.6483e-10	1.00643e-08	1.54763e-07	2.03222e-06	2.25072e-05	0.000207196	0.00155833	0.00938189	0.0441564	0.158332	0.422909	0.839141	1.2986	1.73399	2.10905	2.3335	2.38908	2.22885	1.86226	1.28939	0.57646	-0.267266	-1.18164	-1.98098	-2.47672	-2.56334	-2.22407	-1.52766	-0.63302	0.256003	1.01956	1.65231	2.11019	2.3492	2.3799	2.21856	1.89598	1.47805	1.02422	0.573964	0.242726	0.0765443	0.0183047	0.00340102	0.000502737	
8.01176e-16	8.01176e-16	2.36385e-14	6.39053e-13	1.52871e-11	3.21397e-10	5.89299e-09	9.33997e-08	1.26646e-06	1.45158e-05	0.000138651	0.00108528	0.00682411	0.033676	0.127097	0.35812	0.747253	1.19988	1.63494	2.02432	2.28603	2.39646	2.30989	2.03941	1.58762	0.99026	0.321708	-0.369491	-0.985361	-1.38114	-1.45166	-1.17806	-0.63302	0.045275	0.729802	1.36097	1.87832	2.22306	2.38735	2.34875	2.1487	1.7996	1.37619	0.926784	0.497096	0.19959	0.0596509	0.0135305	0.0023885	0.000336042	
3.15713e-16	3.15713e-16	9.64102e-15	2.69868e-13	6.69398e-12	1.46172e-10	2.78891e-09	4.60946e-08	6.53387e-07	7.85113e-06	7.8882e-05	0.000652014	0.00434914	0.0228864	0.0926035	0.280824	0.629072	1.06637	1.49603	1.9005	2.20404	2.37178	2.3779	2.21222	1.89351	1.44971	0.935055	0.435948	0.0176802	-0.248606	-0.296334	-0.111505	0.256003	0.729802	1.24652	1.73179	2.10027	2.33135	2.39565	2.28779	2.0369	1.66384	1.24075	0.799504	0.401996	0.150019	0.0416485	0.00879798	0.00145137	0.000191489	
9.40546e-17	9.40546e-17	3.00152e-15	8.78419e-14	2.28218e-12	5.23043e-11	1.04986e-09	1.83035e-08	2.74527e-07	3.50288e-06	3.75272e-05	0.000332346	0.00238846	0.0136271	0.0601777	0.200253	0.492122	0.901549	1.32442	1.73134	2.07274	2.30244	2.39504	2.34632	2.15754	1.86702	1.51172	1.14764	0.857105	0.686568	0.657376	0.773387	1.01956	1.36097	1.73179	2.05335	2.28472	2.39099	2.35821	2.17708	1.88209	1.48812	1.07177	0.64817	0.298265	0.101123	0.0255682	0.00494683	0.000751967	9.19353e-05	
2.1363e-17	2.1363e-17	7.17564e-16	2.21156e-14	6.06346e-13	1.46997e-11	3.12958e-10	5.80549e-09	9.29869e-08	1.27246e-06	1.46931e-05	0.000141076	0.00110679	0.00694866	0.0340644	0.126879	0.350148	0.711631	1.11848	1.51818	1.89038	2.16657	2.3451	2.39738	2.33854	2.18138	1.97	1.74035	1.53539	1.40674	1.3843	1.47271	1.65231	1.87832	2.10027	2.28472	2.39266	2.37751	2.25312	2.01198	1.67427	1.27922	0.875585	0.482475	0.197797	0.0596539	0.013509	0.0023612	0.000326933	3.66723e-05	
3.7508e-18	3.7508e-18	1.33213e-16	4.34412e-15	1.26306e-13	3.25566e-12	7.39179e-11	1.46739e-09	2.52544e-08	3.73106e-07	4.67754e-06	4.90877e-05	0.000424291	0.00296269	0.0163323	0.0692163	0.219362	0.510378	0.888593	1.26889	1.64696	1.96499	2.20668	2.35006	2.39572	2.36381	2.26891	2.15382	2.05064	1.98132	1.96812	2.01782	2.11019	2.22306	2.33135	2.39099	2.37751	2.28129	2.06958	1.7862	1.42338	1.04231	0.657624	0.319251	0.113744	0.0299776	0.00599907	0.000937271	0.000117186	1.1973e-05	
5.17311e-19	5.17311e-19	1.94733e-17	6.73581e-16	2.08224e-14	5.72199e-13	1.38939e-11	2.96056e-10	5.49255e-09	8.79152e-08	1.20126e-06	1.38382e-05	0.000132432	0.00103456	0.00646077	0.03147	0.116333	0.318294	0.641042	1.00005	1.3558	1.70173	1.97692	2.18966	2.32594	2.38724	2.39497	2.36659	2.32472	2.29903	2.29493	2.31224	2.3492	2.38735	2.39565	2.35821	2.25312	2.06958	1.82074	1.49999	1.14062	0.785142	0.436647	0.180455	0.0547687	0.0124647	0.00218734	0.000303815	3.41619e-05	3.1691e-06	
5.70146e-20	5.70146e-20	2.27669e-18	8.36038e-17	2.75013e-15	8.06362e-14	2.09567e-12	4.79703e-11	9.60104e-10	1.66623e-08	2.48328e-07	3.14264e-06	3.33272e-05	0.000291571	0.00206578	0.0115964	0.0503038	0.164297	0.396639	0.716464	1.04484	1.37109	1.67879	1.93025	2.11719	2.25023	2.32859	2.37022	2.38762	2.38922	2.38842	2.38953	2.3799	2.34875	2.28779	2.17708	2.01198	1.7862	1.49999	1.17329	0.84954	0.519627	0.24238	0.0833654	0.0213776	0.00419069	0.000644563	7.96141e-05	8.05511e-06	6.78852e-07	
5.10649e-21	5.10649e-21	2.16282e-19	8.43046e-18	2.95021e-16	9.22616e-15	2.56507e-13	6.30284e-12	1.35966e-10	2.55546e-09	4.14798e-08	5.75611e-07	6.74864e-06	6.59321e-05	0.000528115	0.00340308	0.0172609	0.067304	0.197466	0.432618	0.729029	1.02573	1.31204	1.5784	1.80477	1.9807	2.1086	2.19583	2.24447	2.27127	2.27607	2.25787	2.21856	2.1487	2.0369	1.88209	1.67427	1.42338	1.14062	0.84954	0.549205	0.279688	0.106776	0.0304926	0.0066359	0.00112672	0.000152671	1.68422e-05	1.53884e-06	1.18169e-07	
3.77497e-22	3.77497e-22	1.69478e-20	7.00719e-19	2.60638e-17	8.68426e-16	2.57949e-14	6.79332e-13	1.57655e-11	3.20167e-10	5.64448e-09	8.55996e-08	1.10493e-06	1.19923e-05	0.000107899	0.000791687	0.00464943	0.0214132	0.0758091	0.203541	0.416845	0.678389	0.941697	1.18701	1.40862	1.59751	1.75088	1.86144	1.937	1.97756	1.98342	1.95776	1.89598	1.7996	1.66384	1.48812	1.27922	1.04231	0.785142	0.519627	0.279688	0.115864	0.0363671	0.0087266	0.00163078	0.00024221	2.91444e-05	2.88992e-06	2.3968e-07	1.68412e-08	
2.33556e-23	2.33556e-23	1.11048e-21	4.86532e-20	1.92128e-18	6.81091e-17	2.1578e-15	6.07884e-14	1.51415e-12	3.31333e-11	6.32332e-10	1.04376e-08	1.47606e-07	1.76896e-06	1.77425e-05	0.000146818	0.000986306	0.00528546	0.0221994	0.0720561	0.180171	0.353412	0.568104	0.790201	0.99657	1.17672	1.32634	1.44112	1.52117	1.56096	1.56686	1.54143	1.47805	1.37619	1.24075	1.07177	0.875585	0.657624	0.436647	0.24238	0.106776	0.0363671	0.00955779	0.00196046	0.000319052	4.19157e-05	4.51832e-06	4.05541e-07	3.0703e-08	1.98311e-09	
1.22419e-24	1.22419e-24	6.15835e-23	2.85607e-21	1.19585e-19	4.50363e-18	1.51918e-16	4.56854e-15	1.21839e-13	2.86454e-12	5.89757e-11	1.05522e-09	1.62672e-08	2.13953e-07	2.37414e-06	2.19471e-05	0.000166643	0.00102348	0.005006	0.0192402	0.0577313	0.13624	0.2596	0.415667	0.5828	0.741498	0.879102	0.989142	1.06682	1.10999	1.11744	1.08818	1.02422	0.926784	0.799504	0.64817	0.482475	0.319251	0.180455	0.0833654	0.0304926	0.0087266	0.00196046	0.000349668	5.02356e-05	5.90049e-06	5.74658e-07	4.70056e-08	3.26657e-09	1.94829e-10	
5.49406e-26	5.49406e-26	2.92137e-24	1.43261e-22	6.35209e-21	2.53762e-19	9.09823e-18	2.91477e-16	8.30304e-15	2.09151e-13	4.62996e-12	8.94432e-11	1.496e-09	2.14705e-08	2.61744e-07	2.67973e-06	2.27504e-05	0.000157987	0.000884917	0.00394768	0.0139145	0.038816	0.0870726	0.161669	0.25696	0.361015	0.460794	0.545963	0.608855	0.645336	0.651669	0.626853	0.573964	0.497096	0.401996	0.298265	0.197797	0.113744	0.0547687	0.0213776	0.0066359	0.00163078	0.000319052	5.02356e-05	6.44817e-06	6.83649e-07	6.06195e-08	4.54718e-09	2.91543e-10	1.61249e-11	
2.13069e-27	2.13069e-27	1.19645e-25	6.19776e-24	2.9066e-22	1.23002e-20	4.67965e-19	1.59407e-17	4.83944e-16	1.30267e-14	3.09113e-13	6.4241e-12	1.16075e-10	1.80844e-09	2.40699e-08	2.70849e-07	2.54711e-06	1.97702e-05	0.000125028	0.000636483	0.00258519	0.00836203	0.021738	0.0463727	0.0834183	0.130061	0.18023	0.226728	0.263058	0.284471	0.288137	0.2736	0.242726	0.19959	0.150019	0.101123	0.0596539	0.0299776	0.0124647	0.00419069	0.00112672	0.00024221	4.19157e-05	5.90049e-06	6.83649e-07	6.59702e-08	5.36188e-09	3.70889e-10	2.20403e-11	1.13478e-12	
7.19767e-29	7.19767e-29	4.26475e-27	2.33147e-25	1.15522e-23	5.17188e-22	2.08483e-20	7.5379e-19	2.43391e-17	6.98438e-16	1.77159e-14	3.94785e-13	7.67624e-12	1.29236e-10	1.86773e-09	2.29479e-08	2.37152e-07	2.03761e-06	1.43797e-05	8.2379e-05	0.000379474	0.00139942	0.00414948	0.010039	0.0202558	0.0348921	0.0524536	0.0701656	0.0848499	0.0937484	0.0952795	0.0892008	0.0765443	0.0596509	0.0416485	0.0255682	0.013509	0.00599907	0.00218734	0.000644563	0.000152671	2.91444e-05	4.51832e-06	5.74658e-07	6.06195e-08	5.36188e-09	4.01801e-10	2.5754e-11	1.42428e-12	6.84978e-14	
2.13267e-30	2.13267e-30	1.33241e-28	7.68093e-27	4.01707e-25	1.90041e-23	8.10589e-22	3.10582e-20	1.06463e-18	3.24991e-17	8.7897e-16	2.09416e-14	4.36693e-13	7.91285e-12	1.23582e-10	1.64857e-09	1.8596e-08	1.75442e-07	1.36839e-06	8.72247e-06	4.4983e-05	0.000186516	0.00062219	0.00168624	0.00377805	0.00713926	0.0115965	0.0164711	0.0207594	0.0234594	0.0239321	0.0220678	0.0183047	0.0135305	0.00879798	0.00494683	0.0023612	0.000937271	0.000303815	7.96141e-05	1.68422e-05	2.88992e-06	4.05541e-07	4.70056e-08	4.54718e-09	3.70889e-10	2.5754e-11	1.53609e-12	7.93399e-14	3.57498e-15	
5.57619e-32	5.57619e-32	3.67109e-30	2.22999e-28	1.22995e-26	6.14234e-25	2.76881e-23	1.12268e-21	4.07874e-20	1.32197e-18	3.80389e-17	9.66448e-16	2.15485e-14	4.18763e-13	7.03869e-12	1.01451e-10	1.24196e-09	1.27791e-08	1.09286e-07	7.67955e-07	4.38766e-06	2.02244e-05	7.50389e-05	0.000225407	0.00055567	0.00114366	0.00199782	0.00300581	0.0039453	0.00456163	0.00467176	0.00424139	0.00340102	0.0023885	0.00145137	0.000751967	0.000326933	0.000117186	3.41619e-05	8.05511e-06	1.53884e-06	2.3968e-07	3.0703e-08	3.26657e-09	2.91543e-10	2.20403e-11	1.42428e-12	7.93399e-14	3.83923e-15	1.62509e-16	
1.29337e-33	1.29337e-33	8.96815e-32	5.73694e-30	3.33449e-28	1.75631e-26	8.35811e-25	3.58189e-23	1.37723e-21	4.73139e-20	1.4456e-18	3.90772e-17	9.29153e-16	1.93063e-14	3.47992e-13	5.39674e-12	7.13517e-11	7.96159e-10	7.41598e-09	5.70123e-08	3.57791e-07	1.81648e-06	7.42607e-06	2.45053e-05	6.59445e-05	0.000146877	0.000274688	0.000436659	0.000596209	0.000705045	0.000724854	0.000648108	0.000502737	0.000336042	0.000191489	9.19353e-05	3.66723e-05	1.1973e-05	3.1691e-06	6.78852e-07	1.18169e-07	1.68412e-08	1.98311e-09	1.94829e-10	1.61249e-11	1.13478e-12	6.84978e-14	3.57498e-15	1.62509e-16	6.47701e-18	
