-0.0397988	-0.0397988	-0.040442	-0.0395476	-0.0405431	-0.0401147	-0.0396862	-0.040853	-0.0390836	-0.0407566	-0.0401504	-0.0400644	-0.0424847	-0.0396136	-0.0433678	-0.0410959	-0.0402244	-0.0435016	-0.039583	-0.0417109	-0.0433669	-0.0422359	-0.0413233	-0.043038	-0.0388668	-0.0398139	-0.0348703	-0.0251203	-0.00991643	0.015409	0.0622477	0.133958	0.230902	0.375789	0.553487	0.754004	0.96279	1.14344	1.2386	1.23238	1.09607	0.833626	0.489118	0.12169	-0.221657	-0.507978	-0.719655	-0.847193	-0.893789	-0.858481	
-0.0397988	-0.0397988	-0.040442	-0.0395476	-0.0405431	-0.0401147	-0.0396862	-0.040853	-0.0390836	-0.0407566	-0.0401504	-0.0400644	-0.0424847	-0.0396136	-0.0433678	-0.0410959	-0.0402244	-0.0435016	-0.039583	-0.0417109	-0.0433669	-0.0422359	-0.0413233	-0.043038	-0.0388668	-0.0398139	-0.0348703	-0.0251203	-0.00991643	0.015409	0.0622477	0.133958	0.230902	0.375789	0.553487	0.754004	0.96279	1.14344	1.2386	1.23238	1.09607	0.833626	0.489118	0.12169	-0.221657	-0.507978	-0.719655	-0.847193	-0.893789	-0.858481	
-0.040442	-0.040442	-0.0397492	-0.0402107	-0.0403144	-0.0391559	-0.0412403	-0.0405498	-0.0401963	-0.0428785	-0.0397954	-0.0402666	-0.0411233	-0.0375257	-0.0393438	-0.040875	-0.0393832	-0.0429074	-0.0418637	-0.0427549	-0.0410865	-0.0394423	-0.0417178	-0.0449502	-0.0394229	-0.039084	-0.0348563	-0.0263735	-0.00878394	0.0157611	0.0623648	0.132934	0.233175	0.375424	0.553084	0.751728	0.96058	1.13771	1.23362	1.22664	1.09158	0.832461	0.490984	0.12683	-0.215826	-0.500673	-0.712323	-0.841044	-0.887506	-0.854412	
-0.0395476	-0.0395476	-0.0402107	-0.0399765	-0.0399813	-0.0412717	-0.0389351	-0.0405699	-0.0393095	-0.0387082	-0.0405669	-0.0403573	-0.0422393	-0.0423679	-0.044924	-0.0416895	-0.0417272	-0.042371	-0.0393822	-0.040621	-0.0440213	-0.044402	-0.0422672	-0.0403056	-0.0395527	-0.0392815	-0.033977	-0.0240856	-0.00990598	0.0181815	0.0649266	0.136263	0.234319	0.377062	0.552157	0.751028	0.953969	1.12759	1.22247	1.21491	1.08144	0.827048	0.493412	0.132296	-0.206298	-0.490777	-0.70181	-0.831391	-0.880638	-0.846164	
-0.0405431	-0.0405431	-0.0403144	-0.0399813	-0.0402979	-0.0393326	-0.040763	-0.0404947	-0.0408061	-0.0421501	-0.0407248	-0.0406883	-0.0400634	-0.0389619	-0.0381195	-0.040433	-0.0400492	-0.0421882	-0.0423913	-0.043474	-0.0412435	-0.0393776	-0.0411749	-0.0434596	-0.0412849	-0.0385765	-0.0342123	-0.0249124	-0.00710615	0.0193097	0.0649233	0.136057	0.239491	0.377288	0.550345	0.746226	0.945842	1.11234	1.20651	1.19827	1.0671	0.822718	0.497592	0.145592	-0.189802	-0.470638	-0.681521	-0.813752	-0.8639	-0.833231	
-0.0401147	-0.0401147	-0.0391559	-0.0412717	-0.0393326	-0.0412099	-0.040246	-0.0397949	-0.0407623	-0.0390061	-0.0404055	-0.0407519	-0.0402308	-0.0431506	-0.0414703	-0.0424566	-0.0428556	-0.0396466	-0.0426842	-0.0402473	-0.0416368	-0.0436978	-0.0444642	-0.0398766	-0.0410196	-0.0371399	-0.0322847	-0.0247824	-0.00813433	0.0228987	0.0701348	0.139178	0.242898	0.378404	0.550171	0.7418	0.934646	1.09194	1.18611	1.17419	1.04855	0.812542	0.502064	0.15764	-0.169981	-0.44863	-0.658662	-0.793371	-0.84622	-0.817182	
-0.0396862	-0.0396862	-0.0412403	-0.0389351	-0.040763	-0.040246	-0.0397438	-0.0407909	-0.0408805	-0.0401514	-0.0416271	-0.0413249	-0.0401939	-0.042227	-0.0404884	-0.0406895	-0.0417715	-0.0408811	-0.0424407	-0.0417788	-0.042969	-0.0423651	-0.040147	-0.0397159	-0.0421366	-0.037954	-0.0329788	-0.021784	-0.00365902	0.0255154	0.0704268	0.143614	0.248972	0.381254	0.547469	0.736993	0.91994	1.07026	1.15925	1.14705	1.02457	0.802788	0.506224	0.174844	-0.144724	-0.418807	-0.628618	-0.765889	-0.822001	-0.795563	
-0.040853	-0.040853	-0.0405498	-0.0405699	-0.0404947	-0.0397949	-0.0407909	-0.0396614	-0.0408843	-0.0401053	-0.0406254	-0.040639	-0.038981	-0.0423439	-0.0378892	-0.0419157	-0.0429499	-0.0388278	-0.044994	-0.0416451	-0.0405682	-0.0422626	-0.0440727	-0.0418647	-0.042753	-0.0356832	-0.0308466	-0.0240973	-0.00483014	0.0282184	0.0762518	0.146251	0.253074	0.3816	0.547004	0.728479	0.903494	1.0426	1.12864	1.11228	0.997	0.788493	0.509685	0.192983	-0.115385	-0.384172	-0.592897	-0.733565	-0.791328	-0.770435	
-0.0390836	-0.0390836	-0.0401963	-0.0393095	-0.0408061	-0.0407623	-0.0408805	-0.0408843	-0.0415175	-0.0399905	-0.0415039	-0.0415904	-0.0404835	-0.0438716	-0.0413212	-0.0422246	-0.0430673	-0.0388582	-0.0439391	-0.0394165	-0.042433	-0.0438175	-0.0410986	-0.0381247	-0.0409213	-0.0359234	-0.0308294	-0.019681	0.000982883	0.0330652	0.0798879	0.153508	0.260088	0.38655	0.54667	0.722116	0.885676	1.01542	1.09404	1.07458	0.96597	0.771508	0.511927	0.211694	-0.0830187	-0.345958	-0.554161	-0.696904	-0.758604	-0.742233	
-0.0407566	-0.0407566	-0.0428785	-0.0387082	-0.0421501	-0.0390061	-0.0401514	-0.0401053	-0.0399905	-0.0404823	-0.0408173	-0.0406928	-0.0403836	-0.0410811	-0.0399083	-0.041175	-0.0419348	-0.0410023	-0.0441137	-0.0418611	-0.0427322	-0.0437272	-0.0406856	-0.0430007	-0.041912	-0.0362489	-0.0304245	-0.0198748	0.00127772	0.034586	0.083135	0.159113	0.263392	0.389136	0.543462	0.712633	0.863335	0.985094	1.05214	1.03216	0.928564	0.751498	0.51056	0.231944	-0.0474568	-0.302087	-0.508351	-0.652959	-0.717194	-0.708077	
-0.0401504	-0.0401504	-0.0397954	-0.0405669	-0.0407248	-0.0404055	-0.0416271	-0.0406254	-0.0415039	-0.0408173	-0.0413526	-0.0412111	-0.0404321	-0.0428595	-0.039784	-0.0421854	-0.0425891	-0.0399448	-0.0433646	-0.0419028	-0.0411018	-0.0416286	-0.0426078	-0.040963	-0.0400169	-0.034467	-0.0282874	-0.0170209	0.00367152	0.0399658	0.0915381	0.165902	0.269341	0.394143	0.545446	0.702901	0.844088	0.953216	1.01063	0.986279	0.890351	0.727334	0.507528	0.251525	-0.0106466	-0.255688	-0.460046	-0.605348	-0.673194	-0.672869	
-0.0400644	-0.0400644	-0.0402666	-0.0403573	-0.0406883	-0.0407519	-0.0413249	-0.040639	-0.0415904	-0.0406928	-0.0412111	-0.0409455	-0.0419624	-0.0410549	-0.0428146	-0.0426777	-0.0411694	-0.0428014	-0.0417674	-0.0406213	-0.0430352	-0.0447346	-0.0402654	-0.0411619	-0.038067	-0.0358507	-0.0292932	-0.0147212	0.00931716	0.0436892	0.0942107	0.173166	0.275581	0.400514	0.542619	0.693133	0.821759	0.921098	0.963057	0.938095	0.84644	0.69894	0.500212	0.269344	0.0269306	-0.207161	-0.407011	-0.552041	-0.623593	-0.633607	
-0.0424847	-0.0424847	-0.0411233	-0.0422393	-0.0400634	-0.0402308	-0.0401939	-0.038981	-0.0404835	-0.0403836	-0.0404321	-0.0419624	-0.0409744	-0.040962	-0.0414831	-0.0405098	-0.0412093	-0.0439241	-0.0413348	-0.046002	-0.0424677	-0.0413712	-0.0429858	-0.0434873	-0.0397667	-0.0363225	-0.0265356	-0.0123373	0.00694509	0.045606	0.102607	0.180189	0.278788	0.404265	0.541952	0.681662	0.799893	0.885492	0.914319	0.88662	0.799206	0.665945	0.488731	0.285645	0.0633172	-0.155776	-0.35028	-0.492347	-0.568917	-0.58968	
-0.0396136	-0.0396136	-0.0375257	-0.0423679	-0.0389619	-0.0431506	-0.042227	-0.0423439	-0.0438716	-0.0410811	-0.0428595	-0.0410549	-0.040962	-0.0421149	-0.041726	-0.0421954	-0.041743	-0.0435955	-0.0379916	-0.0434717	-0.0406132	-0.0415412	-0.0423976	-0.0389942	-0.0368466	-0.033688	-0.0256352	-0.0100566	0.0138166	0.0543703	0.109344	0.186146	0.288019	0.413185	0.54273	0.672179	0.781263	0.851862	0.866988	0.835822	0.750938	0.630032	0.475012	0.298762	0.0988135	-0.104967	-0.290598	-0.430274	-0.512081	-0.545063	
-0.0433678	-0.0433678	-0.0393438	-0.044924	-0.0381195	-0.0414703	-0.0404884	-0.0378892	-0.0413212	-0.0399083	-0.039784	-0.0428146	-0.0414831	-0.041726	-0.0436158	-0.0422227	-0.0426337	-0.0439843	-0.0427399	-0.0452722	-0.0422752	-0.0433406	-0.0458461	-0.0411199	-0.0389296	-0.0360252	-0.0251278	-0.00861013	0.01494	0.0539972	0.114104	0.192567	0.294399	0.415419	0.53996	0.660288	0.760318	0.812757	0.817337	0.779402	0.697524	0.586141	0.455223	0.30489	0.12962	-0.0550702	-0.228726	-0.363007	-0.449761	-0.494373	
-0.0410959	-0.0410959	-0.040875	-0.0416895	-0.040433	-0.0424566	-0.0406895	-0.0419157	-0.0422246	-0.041175	-0.0421854	-0.0426777	-0.0405098	-0.0421954	-0.0422227	-0.0387346	-0.0423642	-0.0425941	-0.0386514	-0.0461741	-0.0424931	-0.0416698	-0.0416498	-0.0381154	-0.0392647	-0.0341796	-0.0222453	-0.00616579	0.0171474	0.0616568	0.12276	0.19942	0.300831	0.4227	0.540888	0.653144	0.740878	0.77865	0.770975	0.727208	0.643706	0.543476	0.433145	0.308851	0.158147	-0.00493897	-0.164399	-0.292539	-0.385703	-0.439362	
-0.0402244	-0.0402244	-0.0393832	-0.0417272	-0.0400492	-0.0428556	-0.0417715	-0.0429499	-0.0430673	-0.0419348	-0.0425891	-0.0411694	-0.0412093	-0.041743	-0.0426337	-0.0423642	-0.0461152	-0.042406	-0.0436752	-0.0431586	-0.038934	-0.0421073	-0.0456713	-0.0400351	-0.0391718	-0.0306429	-0.0220026	-0.00501119	0.0220732	0.0669892	0.125999	0.206113	0.310369	0.428271	0.539367	0.645214	0.721631	0.743506	0.725424	0.671614	0.587787	0.494571	0.405668	0.303017	0.180485	0.0396784	-0.100972	-0.222388	-0.31893	-0.380546	
-0.0435016	-0.0435016	-0.0429074	-0.042371	-0.0421882	-0.0396466	-0.0408811	-0.0388278	-0.0388582	-0.0410023	-0.0399448	-0.0428014	-0.0439241	-0.0435955	-0.0439843	-0.0425941	-0.042406	-0.040332	-0.0437203	-0.044734	-0.0456663	-0.0459452	-0.042691	-0.0392281	-0.0384224	-0.0332773	-0.0226955	-0.00404959	0.0249588	0.0680607	0.132268	0.213014	0.316269	0.429584	0.539832	0.637802	0.70081	0.709411	0.680747	0.616716	0.529231	0.445011	0.371553	0.292141	0.195963	0.0817419	-0.0382517	-0.151115	-0.246962	-0.31594	
-0.039583	-0.039583	-0.0418637	-0.0393822	-0.0423913	-0.0426842	-0.0424407	-0.044994	-0.0439391	-0.0441137	-0.0433646	-0.0417674	-0.0413348	-0.0379916	-0.0427399	-0.0386514	-0.0436752	-0.0437203	-0.0442465	-0.0410441	-0.0411737	-0.0421184	-0.0393506	-0.0412186	-0.0387054	-0.0311857	-0.0190954	-5.21869e-05	0.0277973	0.0748477	0.137457	0.221527	0.322341	0.437434	0.540986	0.633514	0.681804	0.682506	0.639866	0.565093	0.474553	0.396039	0.336002	0.275792	0.207583	0.119956	0.0213683	-0.0792352	-0.174634	-0.246271	
-0.0417109	-0.0417109	-0.0427549	-0.040621	-0.043474	-0.0402473	-0.0417788	-0.0416451	-0.0394165	-0.0418611	-0.0419028	-0.0406213	-0.046002	-0.0434717	-0.0452722	-0.0461741	-0.0431586	-0.044734	-0.0410441	-0.0451918	-0.0442445	-0.0436774	-0.0421492	-0.0453936	-0.035032	-0.0288529	-0.0200344	-0.000495353	0.0317787	0.077951	0.142038	0.228364	0.329069	0.440357	0.541972	0.626768	0.663183	0.655155	0.597459	0.513269	0.416789	0.343757	0.290152	0.250783	0.207538	0.147905	0.0736397	-0.0132484	-0.0991158	-0.174934	
-0.0433669	-0.0433669	-0.0410865	-0.0440213	-0.0412435	-0.0416368	-0.042969	-0.0405682	-0.042433	-0.0427322	-0.0411018	-0.0430352	-0.0424677	-0.0406132	-0.0422752	-0.0424931	-0.038934	-0.0456663	-0.0411737	-0.0442445	-0.0438058	-0.0443117	-0.0429093	-0.040116	-0.0332905	-0.0336946	-0.020213	0.00326257	0.0342069	0.0793416	0.148614	0.234175	0.333262	0.443474	0.5457	0.619292	0.647974	0.630865	0.560325	0.46503	0.365067	0.292686	0.24472	0.223569	0.203682	0.172335	0.121878	0.0542506	-0.0204286	-0.0990885	
-0.0422359	-0.0422359	-0.0394423	-0.044402	-0.0393776	-0.0436978	-0.0423651	-0.0422626	-0.0438175	-0.0437272	-0.0416286	-0.0447346	-0.0413712	-0.0415412	-0.0433406	-0.0416698	-0.0421073	-0.0459452	-0.0421184	-0.0436774	-0.0443117	-0.0382865	-0.0407393	-0.0404002	-0.0372058	-0.0303034	-0.0147968	0.00631401	0.0374742	0.0850147	0.154434	0.239401	0.341211	0.450094	0.549051	0.611588	0.638646	0.608477	0.526635	0.419125	0.317474	0.2393	0.196097	0.189531	0.189817	0.185892	0.158521	0.115991	0.0546263	-0.0245009	
-0.0413233	-0.0413233	-0.0417178	-0.0422672	-0.0411749	-0.0444642	-0.040147	-0.0440727	-0.0410986	-0.0406856	-0.0426078	-0.0402654	-0.0429858	-0.0423976	-0.0458461	-0.0416498	-0.0456713	-0.042691	-0.0393506	-0.0421492	-0.0429093	-0.0407393	-0.0455788	-0.040128	-0.0328765	-0.0263779	-0.013817	0.00666798	0.0385588	0.0890425	0.160464	0.247508	0.344961	0.455132	0.549375	0.609172	0.628368	0.587954	0.494041	0.379725	0.271676	0.185255	0.14779	0.149467	0.170667	0.187429	0.188587	0.172237	0.127209	0.0520556	
-0.043038	-0.043038	-0.0449502	-0.0403056	-0.0434596	-0.0398766	-0.0397159	-0.0418647	-0.0381247	-0.0430007	-0.040963	-0.0411619	-0.0434873	-0.0389942	-0.0411199	-0.0381154	-0.0400351	-0.0392281	-0.0412186	-0.0453936	-0.040116	-0.0404002	-0.040128	-0.0338006	-0.0311629	-0.0283224	-0.0141538	0.00998462	0.0454325	0.0960527	0.164556	0.250416	0.351115	0.46341	0.551034	0.606315	0.620027	0.571121	0.466883	0.346557	0.227485	0.13677	0.099565	0.10969	0.143791	0.182587	0.211285	0.223083	0.197506	0.127389	
-0.0388668	-0.0388668	-0.0394229	-0.0395527	-0.0412849	-0.0410196	-0.0421366	-0.042753	-0.0409213	-0.041912	-0.0400169	-0.038067	-0.0397667	-0.0368466	-0.0389296	-0.0392647	-0.0391718	-0.0384224	-0.0387054	-0.035032	-0.0332905	-0.0372058	-0.0328765	-0.0311629	-0.0318658	-0.0199673	-0.00250031	0.018732	0.0509393	0.101696	0.172932	0.262286	0.364017	0.470819	0.554579	0.610638	0.618701	0.558584	0.447512	0.319706	0.190354	0.0929949	0.0549961	0.0667225	0.111479	0.167635	0.224019	0.262686	0.258028	0.198165	
-0.0398139	-0.0398139	-0.039084	-0.0392815	-0.0385765	-0.0371399	-0.037954	-0.0356832	-0.0359234	-0.0362489	-0.034467	-0.0358507	-0.0363225	-0.033688	-0.0360252	-0.0341796	-0.0306429	-0.0332773	-0.0311857	-0.0288529	-0.0336946	-0.0303034	-0.0263779	-0.0283224	-0.0199673	-0.0077483	0.000755504	0.0225449	0.0607827	0.112818	0.184615	0.272905	0.373665	0.477637	0.56413	0.61766	0.616204	0.548555	0.435341	0.297418	0.157381	0.0546306	0.013086	0.0239361	0.0748424	0.147711	0.229006	0.294518	0.3129	0.26914	
-0.0348703	-0.0348703	-0.0348563	-0.033977	-0.0342123	-0.0322847	-0.0329788	-0.0308466	-0.0308294	-0.0304245	-0.0282874	-0.0292932	-0.0265356	-0.0256352	-0.0251278	-0.0222453	-0.0220026	-0.0226955	-0.0190954	-0.0200344	-0.020213	-0.0147968	-0.013817	-0.0141538	-0.00250031	0.000755504	0.0144703	0.0399423	0.0794017	0.128456	0.201079	0.288287	0.391214	0.494929	0.581098	0.628455	0.620482	0.552558	0.433277	0.283454	0.135015	0.0283559	-0.0210568	-0.0149112	0.0395836	0.125077	0.227769	0.316594	0.359475	0.338427	
-0.0251203	-0.0251203	-0.0263735	-0.0240856	-0.0249124	-0.0247824	-0.021784	-0.0240973	-0.019681	-0.0198748	-0.0170209	-0.0147212	-0.0123373	-0.0100566	-0.00861013	-0.00616579	-0.00501119	-0.00404959	-5.21869e-05	-0.000495353	0.00326257	0.00631401	0.00666798	0.00998462	0.018732	0.0225449	0.0399423	0.0680974	0.103247	0.151458	0.224398	0.318018	0.418482	0.518972	0.603826	0.649311	0.638525	0.568347	0.439551	0.281461	0.128216	0.0153107	-0.0469659	-0.0445296	0.0084263	0.105084	0.220413	0.332494	0.399458	0.407112	
-0.00991643	-0.00991643	-0.00878394	-0.00990598	-0.00710615	-0.00813433	-0.00365902	-0.00483014	0.000982883	0.00127772	0.00367152	0.00931716	0.00694509	0.0138166	0.01494	0.0171474	0.0220732	0.0249588	0.0277973	0.0317787	0.0342069	0.0374742	0.0385588	0.0454325	0.0509393	0.0607827	0.0794017	0.103247	0.134888	0.190369	0.267892	0.357107	0.450972	0.555752	0.64343	0.682365	0.668728	0.594997	0.460148	0.29487	0.138139	0.0119379	-0.0592568	-0.0652576	-0.0133434	0.0849346	0.211187	0.341471	0.436275	0.472982	
0.015409	0.015409	0.0157611	0.0181815	0.0193097	0.0228987	0.0255154	0.0282184	0.0330652	0.034586	0.0399658	0.0436892	0.045606	0.0543703	0.0539972	0.0616568	0.0669892	0.0680607	0.0748477	0.077951	0.0793416	0.0850147	0.0890425	0.0960527	0.101696	0.112818	0.128456	0.151458	0.190369	0.247599	0.318332	0.403689	0.50464	0.613252	0.692887	0.727228	0.717374	0.64074	0.498041	0.329271	0.166816	0.0292549	-0.050696	-0.0652435	-0.0186116	0.0770489	0.209701	0.35505	0.477474	0.539008	
0.0622477	0.0622477	0.0623648	0.0649266	0.0649233	0.0701348	0.0704268	0.0762518	0.0798879	0.083135	0.0915381	0.0942107	0.102607	0.109344	0.114104	0.12276	0.125999	0.132268	0.137457	0.142038	0.148614	0.154434	0.160464	0.164556	0.172932	0.184615	0.201079	0.224398	0.267892	0.318332	0.388628	0.478703	0.583401	0.683774	0.759823	0.799697	0.790903	0.704869	0.55832	0.389212	0.218525	0.0695871	-0.0192122	-0.0440728	-0.006602	0.08174	0.216016	0.37335	0.519266	0.601132	
0.133958	0.133958	0.132934	0.136263	0.136057	0.139178	0.143614	0.146251	0.153508	0.159113	0.165902	0.173166	0.180189	0.186146	0.192567	0.19942	0.206113	0.213014	0.221527	0.228364	0.234175	0.239401	0.247508	0.250416	0.262286	0.272905	0.288287	0.318018	0.357107	0.403689	0.478703	0.572693	0.670065	0.768276	0.848684	0.892282	0.874817	0.785715	0.641263	0.47091	0.287515	0.13239	0.034155	0.000189131	0.0236807	0.104264	0.235695	0.404194	0.564835	0.666243	
0.230902	0.230902	0.233175	0.234319	0.239491	0.242898	0.248972	0.253074	0.260088	0.263392	0.269341	0.275581	0.278788	0.288019	0.294399	0.300831	0.310369	0.316269	0.322341	0.329069	0.333262	0.341211	0.344961	0.351115	0.364017	0.373665	0.391214	0.418482	0.450972	0.50464	0.583401	0.670065	0.765396	0.868367	0.951232	0.989951	0.970479	0.884614	0.74335	0.564213	0.375055	0.215783	0.110907	0.0640856	0.0750266	0.146122	0.274874	0.448666	0.61708	0.737319	
0.375789	0.375789	0.375424	0.377062	0.377288	0.378404	0.381254	0.3816	0.38655	0.389136	0.394143	0.400514	0.404265	0.413185	0.415419	0.4227	0.428271	0.429584	0.437434	0.440357	0.443474	0.450094	0.455132	0.46341	0.470819	0.477637	0.494929	0.518972	0.555752	0.613252	0.683774	0.768276	0.868367	0.972468	1.0534	1.09271	1.07532	0.99411	0.850571	0.667123	0.476874	0.315596	0.201337	0.142248	0.141983	0.203449	0.32757	0.497806	0.668983	0.808753	
0.553487	0.553487	0.553084	0.552157	0.550345	0.550171	0.547469	0.547004	0.54667	0.543462	0.545446	0.542619	0.541952	0.54273	0.53996	0.540888	0.539367	0.539832	0.540986	0.541972	0.5457	0.549051	0.549375	0.551034	0.554579	0.56413	0.581098	0.603826	0.64343	0.692887	0.759823	0.848684	0.951232	1.0534	1.13623	1.17463	1.16231	1.08457	0.940602	0.755181	0.568414	0.402846	0.280586	0.212186	0.204367	0.258346	0.375236	0.538313	0.714395	0.87563	
0.754004	0.754004	0.751728	0.751028	0.746226	0.7418	0.736993	0.728479	0.722116	0.712633	0.702901	0.693133	0.681662	0.672179	0.660288	0.653144	0.645214	0.637802	0.633514	0.626768	0.619292	0.611588	0.609172	0.606315	0.610638	0.61766	0.628455	0.649311	0.682365	0.727228	0.799697	0.892282	0.989951	1.09271	1.17463	1.21895	1.21489	1.14112	0.994107	0.816676	0.633837	0.465509	0.337168	0.266213	0.254311	0.301369	0.408633	0.564641	0.74768	0.928021	
0.96279	0.96279	0.96058	0.953969	0.945842	0.934646	0.91994	0.903494	0.885676	0.863335	0.844088	0.821759	0.799893	0.781263	0.760318	0.740878	0.721631	0.70081	0.681804	0.663183	0.647974	0.638646	0.628368	0.620027	0.618701	0.616204	0.620482	0.638525	0.668728	0.717374	0.790903	0.874817	0.970479	1.07532	1.16231	1.21489	1.21593	1.13803	0.999417	0.833488	0.65137	0.477423	0.34949	0.279691	0.263004	0.302362	0.398929	0.552409	0.742998	0.934905	
1.14344	1.14344	1.13771	1.12759	1.11234	1.09194	1.07026	1.0426	1.01542	0.985094	0.953216	0.921098	0.885492	0.851862	0.812757	0.77865	0.743506	0.709411	0.682506	0.655155	0.630865	0.608477	0.587954	0.571121	0.558584	0.548555	0.552558	0.568347	0.594997	0.64074	0.704869	0.785715	0.884614	0.99411	1.08457	1.14112	1.13803	1.06836	0.945538	0.784779	0.595931	0.424481	0.303105	0.232427	0.210624	0.241926	0.333679	0.488078	0.682636	0.879986	
1.2386	1.2386	1.23362	1.22247	1.20651	1.18611	1.15925	1.12864	1.09404	1.05214	1.01063	0.963057	0.914319	0.866988	0.817337	0.770975	0.725424	0.680747	0.639866	0.597459	0.560325	0.526635	0.494041	0.466883	0.447512	0.435341	0.433277	0.439551	0.460148	0.498041	0.55832	0.641263	0.74335	0.850571	0.940602	0.994107	0.999417	0.945538	0.829901	0.662013	0.476039	0.315268	0.195907	0.120768	0.0936177	0.121977	0.212037	0.36697	0.558946	0.755849	
1.23238	1.23238	1.22664	1.21491	1.19827	1.17419	1.14705	1.11228	1.07458	1.03216	0.986279	0.938095	0.88662	0.835822	0.779402	0.727208	0.671614	0.616716	0.565093	0.513269	0.46503	0.419125	0.379725	0.346557	0.319706	0.297418	0.283454	0.281461	0.29487	0.329271	0.389212	0.47091	0.564213	0.667123	0.755181	0.816676	0.833488	0.784779	0.662013	0.497306	0.323467	0.165376	0.0392979	-0.0419262	-0.0711665	-0.0471161	0.0405941	0.18826	0.368425	0.564613	
1.09607	1.09607	1.09158	1.08144	1.0671	1.04855	1.02457	0.997	0.96597	0.928564	0.890351	0.84644	0.799206	0.750938	0.697524	0.643706	0.587787	0.529231	0.474553	0.416789	0.365067	0.317474	0.271676	0.227485	0.190354	0.157381	0.135015	0.128216	0.138139	0.166816	0.218525	0.287515	0.375055	0.476874	0.568414	0.633837	0.65137	0.595931	0.476039	0.323467	0.151448	-0.0156144	-0.149797	-0.232888	-0.26822	-0.248462	-0.168268	-0.0354742	0.132169	0.32827	
0.833626	0.833626	0.832461	0.827048	0.822718	0.812542	0.802788	0.788493	0.771508	0.751498	0.727334	0.69894	0.665945	0.630032	0.586141	0.543476	0.494571	0.445011	0.396039	0.343757	0.292686	0.2393	0.185255	0.13677	0.0929949	0.0546306	0.0283559	0.0153107	0.0119379	0.0292549	0.0695871	0.13239	0.215783	0.315596	0.402846	0.465509	0.477423	0.424481	0.315268	0.165376	-0.0156144	-0.190962	-0.326771	-0.416787	-0.458641	-0.446397	-0.380346	-0.266397	-0.110377	0.0858523	
0.489118	0.489118	0.490984	0.493412	0.497592	0.502064	0.506224	0.509685	0.511927	0.51056	0.507528	0.500212	0.488731	0.475012	0.455223	0.433145	0.405668	0.371553	0.336002	0.290152	0.24472	0.196097	0.14779	0.099565	0.0549961	0.013086	-0.0210568	-0.0469659	-0.0592568	-0.050696	-0.0192122	0.034155	0.110907	0.201337	0.280586	0.337168	0.34949	0.303105	0.195907	0.0392979	-0.149797	-0.326771	-0.470314	-0.568879	-0.619372	-0.61976	-0.574061	-0.477544	-0.328021	-0.142078	
0.12169	0.12169	0.12683	0.132296	0.145592	0.15764	0.174844	0.192983	0.211694	0.231944	0.251525	0.269344	0.285645	0.298762	0.30489	0.308851	0.303017	0.292141	0.275792	0.250783	0.223569	0.189531	0.149467	0.10969	0.0667225	0.0239361	-0.0149112	-0.0445296	-0.0652576	-0.0652435	-0.0440728	0.000189131	0.0640856	0.142248	0.212186	0.266213	0.279691	0.232427	0.120768	-0.0419262	-0.232888	-0.416787	-0.568879	-0.6765	-0.73856	-0.758503	-0.731164	-0.642901	-0.505119	-0.33847	
-0.221657	-0.221657	-0.215826	-0.206298	-0.189802	-0.169981	-0.144724	-0.115385	-0.0830187	-0.0474568	-0.0106466	0.0269306	0.0633172	0.0988135	0.12962	0.158147	0.180485	0.195963	0.207583	0.207538	0.203682	0.189817	0.170667	0.143791	0.111479	0.0748424	0.0395836	0.0084263	-0.0133434	-0.0186116	-0.006602	0.0236807	0.0750266	0.141983	0.204367	0.254311	0.263004	0.210624	0.0936177	-0.0711665	-0.26822	-0.458641	-0.619372	-0.73856	-0.819599	-0.857038	-0.836183	-0.757305	-0.638206	-0.496795	
-0.507978	-0.507978	-0.500673	-0.490777	-0.470638	-0.44863	-0.418807	-0.384172	-0.345958	-0.302087	-0.255688	-0.207161	-0.155776	-0.104967	-0.0550702	-0.00493897	0.0396784	0.0817419	0.119956	0.147905	0.172335	0.185892	0.187429	0.182587	0.167635	0.147711	0.125077	0.105084	0.0849346	0.0770489	0.08174	0.104264	0.146122	0.203449	0.258346	0.301369	0.302362	0.241926	0.121977	-0.0471161	-0.248462	-0.446397	-0.61976	-0.758503	-0.857038	-0.899894	-0.885655	-0.824126	-0.731546	-0.608806	
-0.719655	-0.719655	-0.712323	-0.70181	-0.681521	-0.658662	-0.628618	-0.592897	-0.554161	-0.508351	-0.460046	-0.407011	-0.35028	-0.290598	-0.228726	-0.164399	-0.100972	-0.0382517	0.0213683	0.0736397	0.121878	0.158521	0.188587	0.211285	0.224019	0.229006	0.227769	0.220413	0.211187	0.209701	0.216016	0.235695	0.274874	0.32757	0.375236	0.408633	0.398929	0.333679	0.212037	0.0405941	-0.168268	-0.380346	-0.574061	-0.731164	-0.836183	-0.885655	-0.887667	-0.85379	-0.781388	-0.67084	
-0.847193	-0.847193	-0.841044	-0.831391	-0.813752	-0.793371	-0.765889	-0.733565	-0.696904	-0.652959	-0.605348	-0.552041	-0.492347	-0.430274	-0.363007	-0.292539	-0.222388	-0.151115	-0.0792352	-0.0132484	0.0542506	0.115991	0.172237	0.223083	0.262686	0.294518	0.316594	0.332494	0.341471	0.35505	0.37335	0.404194	0.448666	0.497806	0.538313	0.564641	0.552409	0.488078	0.36697	0.18826	-0.0354742	-0.266397	-0.477544	-0.642901	-0.757305	-0.824126	-0.85379	-0.841824	-0.782598	-0.682909	
-0.893789	-0.893789	-0.887506	-0.880638	-0.8639	-0.84622	-0.822001	-0.791328	-0.758604	-0.717194	-0.673194	-0.623593	-0.568917	-0.512081	-0.449761	-0.385703	-0.31893	-0.246962	-0.174634	-0.0991158	-0.0204286	0.0546263	0.127209	0.197506	0.258028	0.3129	0.359475	0.399458	0.436275	0.477474	0.519266	0.564835	0.61708	0.668983	0.714395	0.74768	0.742998	0.682636	0.558946	0.368425	0.132169	-0.110377	-0.328021	-0.505119	-0.638206	-0.731546	-0.781388	-0.782598	-0.733263	-0.645	
-0.858481	-0.858481	-0.854412	-0.846164	-0.833231	-0.817182	-0.795563	-0.770435	-0.742233	-0.708077	-0.672869	-0.633607	-0.58968	-0.545063	-0.494373	-0.439362	-0.380546	-0.31594	-0.246271	-0.174934	-0.0990885	-0.0245009	0.0520556	0.127389	0.198165	0.26914	0.338427	0.407112	0.472982	0.539008	0.601132	0.666243	0.737319	0.808753	0.87563	0.928021	0.934905	0.879986	0.755849	0.564613	0.32827	0.0858523	-0.142078	-0.33847	-0.496795	-0.608806	-0.67084	-0.682909	-0.645	-0.567453	
