-0.0868281	0.0319912	0.16966	0.28996	0.378471	0.437894	0.47402	0.488634	0.475951	0.434553	0.359959	0.252736	0.130927	0.0103009	-0.108629	-0.216333	-0.288825	-0.334798	-0.355357	-0.339699	-0.304658	-0.242854	-0.170218	-0.106	-0.0475689	0.00306732	0.0301928	0.0258944	0.0138056	-0.00520702	-0.0287449	-0.052223	-0.0785364	-0.096413	-0.106806	-0.11679	-0.136874	-0.169162	-0.189453	-0.189298	-0.18794	-0.185134	-0.174828	-0.165337	-0.161087	-0.165533	-0.163707	-0.150742	-0.147428	-0.147428	
0.0319912	0.179812	0.335183	0.458339	0.547229	0.58901	0.585685	0.544704	0.474603	0.371103	0.243155	0.0982814	-0.0532137	-0.193648	-0.329487	-0.454077	-0.543534	-0.593393	-0.599785	-0.568774	-0.51341	-0.437146	-0.357215	-0.278252	-0.201372	-0.125658	-0.0691902	-0.0396223	-0.0209535	-0.00919543	0.0136419	0.0358849	0.0446895	0.0492661	0.0426769	0.0295822	0.0131633	-0.0172169	-0.0529321	-0.0734675	-0.0860293	-0.0988517	-0.10694	-0.122917	-0.150983	-0.172369	-0.172886	-0.167204	-0.172153	-0.172153	
0.16966	0.335183	0.492013	0.62263	0.70872	0.726949	0.679014	0.582852	0.449574	0.285966	0.114187	-0.0653059	-0.240611	-0.397142	-0.5391	-0.664233	-0.756444	-0.799285	-0.795617	-0.754671	-0.684344	-0.599908	-0.517284	-0.43976	-0.358541	-0.269342	-0.192095	-0.126564	-0.0737927	-0.0262815	0.0427782	0.111563	0.158556	0.180494	0.182056	0.172069	0.151897	0.126838	0.0911903	0.0508359	0.0139439	-0.0221943	-0.0526942	-0.0885224	-0.135287	-0.166339	-0.173057	-0.182087	-0.198888	-0.198888	
0.28996	0.458339	0.62263	0.760351	0.839344	0.828504	0.734189	0.581373	0.39612	0.193637	-0.0128209	-0.220562	-0.411175	-0.575168	-0.712644	-0.826627	-0.908446	-0.943095	-0.932265	-0.879871	-0.806881	-0.725844	-0.648008	-0.578318	-0.499887	-0.410325	-0.317854	-0.225812	-0.140081	-0.0482667	0.0529294	0.14928	0.22736	0.269983	0.288206	0.286304	0.265367	0.239929	0.204624	0.162646	0.111708	0.0495677	-0.00329863	-0.0529473	-0.107905	-0.141026	-0.154035	-0.174444	-0.193455	-0.193455	
0.378471	0.547229	0.70872	0.839344	0.896852	0.855262	0.723087	0.531578	0.312267	0.0835885	-0.142305	-0.360333	-0.549959	-0.707791	-0.83086	-0.927839	-0.99117	-1.01654	-0.996765	-0.93677	-0.870656	-0.803017	-0.738454	-0.675772	-0.607187	-0.524304	-0.42763	-0.325929	-0.215165	-0.0931604	0.0315357	0.145708	0.235151	0.295954	0.334391	0.347411	0.339464	0.317229	0.282743	0.24236	0.187687	0.117246	0.0523183	7.76735e-05	-0.0481938	-0.0834759	-0.10916	-0.139004	-0.157463	-0.157463	
0.437894	0.58901	0.726949	0.828504	0.855262	0.788086	0.633186	0.419249	0.180105	-0.0526029	-0.274667	-0.479373	-0.651306	-0.785954	-0.889637	-0.965757	-1.00277	-1.01454	-0.991402	-0.93774	-0.881916	-0.827629	-0.774574	-0.72604	-0.671623	-0.591966	-0.501438	-0.40318	-0.284716	-0.154192	-0.0262401	0.0870875	0.181087	0.253	0.303812	0.336046	0.350033	0.346717	0.329413	0.296431	0.249028	0.190194	0.125174	0.0737428	0.033356	-0.00600154	-0.0407838	-0.0704116	-0.0855899	-0.0855899	
0.47402	0.585685	0.679014	0.734189	0.723087	0.633186	0.465576	0.24104	0.00280179	-0.215634	-0.411325	-0.584834	-0.727921	-0.831346	-0.905789	-0.947467	-0.956669	-0.955724	-0.934056	-0.88978	-0.846678	-0.80485	-0.756827	-0.718579	-0.68008	-0.614559	-0.535567	-0.447122	-0.339005	-0.223829	-0.116408	-0.0199035	0.0685435	0.147801	0.211074	0.262405	0.303442	0.329783	0.341774	0.325095	0.291273	0.257633	0.209992	0.164895	0.129325	0.0873205	0.0502823	0.0276605	0.0186098	0.0186098	
0.488634	0.544704	0.582852	0.581373	0.531578	0.419249	0.24104	0.0214729	-0.195838	-0.387489	-0.546554	-0.683074	-0.792487	-0.859892	-0.892027	-0.893527	-0.874467	-0.856342	-0.83793	-0.808167	-0.777358	-0.741815	-0.701191	-0.673021	-0.647388	-0.602717	-0.543694	-0.468922	-0.379505	-0.293487	-0.215301	-0.146437	-0.0754041	0.00619513	0.0824538	0.152808	0.217311	0.271282	0.312321	0.323327	0.314322	0.304852	0.289612	0.265166	0.230315	0.195385	0.164838	0.144014	0.145751	0.145751	
0.475951	0.474603	0.449574	0.39612	0.312267	0.180105	0.00280179	-0.195838	-0.387804	-0.553135	-0.672015	-0.766778	-0.838689	-0.871131	-0.860417	-0.823009	-0.77017	-0.728636	-0.710861	-0.701281	-0.682483	-0.649238	-0.625466	-0.616427	-0.607744	-0.581915	-0.539465	-0.48068	-0.418573	-0.368468	-0.315779	-0.263403	-0.209143	-0.136705	-0.0501775	0.0339182	0.110797	0.18443	0.244524	0.287199	0.316966	0.33379	0.348233	0.352966	0.332928	0.308673	0.289665	0.277057	0.281342	0.281342	
0.434553	0.371103	0.285966	0.193637	0.0835885	-0.0526029	-0.215634	-0.387489	-0.553135	-0.68364	-0.768711	-0.828916	-0.864986	-0.859505	-0.805989	-0.732725	-0.656795	-0.598725	-0.568081	-0.564653	-0.560762	-0.552337	-0.552386	-0.557961	-0.564622	-0.558511	-0.539672	-0.50124	-0.465523	-0.442269	-0.409619	-0.368402	-0.320446	-0.256604	-0.168926	-0.0793079	0.00117127	0.0812342	0.158505	0.234369	0.299858	0.34782	0.384968	0.410755	0.420063	0.417562	0.413459	0.413737	0.418146	0.418146	
0.359959	0.243155	0.114187	-0.0128209	-0.142305	-0.274667	-0.411325	-0.546554	-0.672015	-0.768711	-0.834986	-0.866158	-0.862372	-0.817976	-0.734035	-0.634851	-0.542351	-0.47039	-0.428913	-0.425184	-0.436967	-0.455514	-0.475702	-0.497101	-0.516934	-0.529691	-0.532089	-0.52479	-0.521738	-0.50945	-0.484313	-0.451021	-0.413081	-0.361133	-0.277823	-0.184801	-0.0993805	-0.0194667	0.0698793	0.171012	0.265837	0.343757	0.399112	0.446025	0.487034	0.512613	0.529826	0.539926	0.544218	0.544218	
0.252736	0.0982814	-0.0653059	-0.220562	-0.360333	-0.479373	-0.584834	-0.683074	-0.766778	-0.828916	-0.866158	-0.861094	-0.819382	-0.750322	-0.65473	-0.538789	-0.428094	-0.348655	-0.313289	-0.319322	-0.340701	-0.36602	-0.394399	-0.430884	-0.470129	-0.495257	-0.50565	-0.524836	-0.551446	-0.557474	-0.540905	-0.512496	-0.482134	-0.438611	-0.370246	-0.283274	-0.195948	-0.115197	-0.0179701	0.0925951	0.207068	0.312808	0.393341	0.466191	0.534259	0.593753	0.63377	0.64687	0.656917	0.656917	
0.130927	-0.0532137	-0.240611	-0.411175	-0.549959	-0.651306	-0.727921	-0.792487	-0.838689	-0.864986	-0.862372	-0.819382	-0.750525	-0.668689	-0.56685	-0.449682	-0.347299	-0.278209	-0.245372	-0.24761	-0.273917	-0.307879	-0.33512	-0.363629	-0.4026	-0.437115	-0.459936	-0.49351	-0.541674	-0.572212	-0.569599	-0.549453	-0.521401	-0.483558	-0.433995	-0.363387	-0.285581	-0.205849	-0.106324	0.00407035	0.124624	0.249029	0.358241	0.458278	0.555683	0.648243	0.715314	0.748012	0.766027	0.766027	
0.0103009	-0.193648	-0.397142	-0.575168	-0.707791	-0.785954	-0.831346	-0.859892	-0.871131	-0.859505	-0.817976	-0.750322	-0.668689	-0.574639	-0.471621	-0.381361	-0.315405	-0.265351	-0.227456	-0.220992	-0.246396	-0.285613	-0.310377	-0.313747	-0.324939	-0.358012	-0.400772	-0.443684	-0.493468	-0.538578	-0.555026	-0.545171	-0.523282	-0.498982	-0.471398	-0.426282	-0.360043	-0.278285	-0.1842	-0.0835066	0.0295932	0.160828	0.292787	0.417409	0.547415	0.670181	0.764849	0.831203	0.865421	0.865421	
-0.108629	-0.329487	-0.5391	-0.712644	-0.83086	-0.889637	-0.905789	-0.892027	-0.860417	-0.805989	-0.734035	-0.65473	-0.56685	-0.471621	-0.394035	-0.343582	-0.305636	-0.266849	-0.242576	-0.247231	-0.261485	-0.281023	-0.293887	-0.291385	-0.282925	-0.297289	-0.341184	-0.384675	-0.423062	-0.461843	-0.491424	-0.498141	-0.492732	-0.487344	-0.47715	-0.456322	-0.408335	-0.334364	-0.251303	-0.162117	-0.0595516	0.0713661	0.221764	0.3712	0.523996	0.664585	0.77277	0.857006	0.908684	0.908684	
-0.216333	-0.454077	-0.664233	-0.826627	-0.927839	-0.965757	-0.947467	-0.893527	-0.823009	-0.732725	-0.634851	-0.538789	-0.449682	-0.381361	-0.343582	-0.321814	-0.302537	-0.282428	-0.27594	-0.284444	-0.289034	-0.288355	-0.285807	-0.280649	-0.271807	-0.274643	-0.291057	-0.317061	-0.345224	-0.374029	-0.407911	-0.42637	-0.437395	-0.452546	-0.461392	-0.457464	-0.425737	-0.365626	-0.293367	-0.21113	-0.107388	0.0211497	0.16782	0.326095	0.482676	0.616493	0.722476	0.811215	0.870128	0.870128	
-0.288825	-0.543534	-0.756444	-0.908446	-0.99117	-1.00277	-0.956669	-0.874467	-0.77017	-0.656795	-0.542351	-0.428094	-0.347299	-0.315405	-0.305636	-0.302537	-0.316141	-0.323198	-0.316579	-0.311216	-0.306056	-0.302564	-0.290758	-0.267067	-0.255188	-0.260909	-0.256353	-0.255284	-0.274653	-0.299974	-0.327179	-0.354646	-0.38072	-0.40498	-0.427171	-0.433452	-0.409775	-0.358668	-0.28954	-0.207206	-0.105807	0.0121023	0.13988	0.276796	0.413785	0.528766	0.616569	0.69336	0.747267	0.747267	
-0.334798	-0.593393	-0.799285	-0.943095	-1.01654	-1.01454	-0.955724	-0.856342	-0.728636	-0.598725	-0.47039	-0.348655	-0.278209	-0.265351	-0.266849	-0.282428	-0.323198	-0.346353	-0.345487	-0.336594	-0.320691	-0.305617	-0.289108	-0.259886	-0.24243	-0.251862	-0.242754	-0.22063	-0.222967	-0.238504	-0.256554	-0.286651	-0.320708	-0.347959	-0.369584	-0.371031	-0.349799	-0.312251	-0.25246	-0.17199	-0.0767607	0.0274526	0.130309	0.230818	0.332104	0.412027	0.468955	0.519177	0.546426	0.546426	
-0.355357	-0.599785	-0.795617	-0.932265	-0.996765	-0.991402	-0.934056	-0.83793	-0.710861	-0.568081	-0.428913	-0.313289	-0.245372	-0.227456	-0.242576	-0.27594	-0.316579	-0.345487	-0.35943	-0.355686	-0.328865	-0.293837	-0.269146	-0.251447	-0.242215	-0.242577	-0.23259	-0.213261	-0.198304	-0.197686	-0.212517	-0.235492	-0.257548	-0.271926	-0.277183	-0.269398	-0.250362	-0.222456	-0.180741	-0.11728	-0.0389324	0.0413733	0.115538	0.174524	0.228016	0.273568	0.299533	0.312343	0.313813	0.313813	
-0.339699	-0.568774	-0.754671	-0.879871	-0.93677	-0.93774	-0.88978	-0.808167	-0.701281	-0.564653	-0.425184	-0.319322	-0.24761	-0.220992	-0.247231	-0.284444	-0.311216	-0.336594	-0.355686	-0.345023	-0.312504	-0.272521	-0.241995	-0.239273	-0.244719	-0.238244	-0.228026	-0.218633	-0.197516	-0.183797	-0.189641	-0.191226	-0.186689	-0.179556	-0.16146	-0.141404	-0.12679	-0.109305	-0.0824068	-0.0402431	0.0072257	0.0491461	0.0812636	0.093127	0.0998483	0.111699	0.115053	0.104239	0.0867895	0.0867895	
-0.304658	-0.51341	-0.684344	-0.806881	-0.870656	-0.881916	-0.846678	-0.777358	-0.682483	-0.560762	-0.436967	-0.340701	-0.273917	-0.246396	-0.261485	-0.289034	-0.306056	-0.320691	-0.328865	-0.312504	-0.283044	-0.250242	-0.232394	-0.238082	-0.248821	-0.249757	-0.242512	-0.228048	-0.196561	-0.168324	-0.155701	-0.138514	-0.112362	-0.0831986	-0.0482644	-0.015345	0.00609984	0.0182159	0.0252424	0.0374092	0.0484693	0.0479479	0.0351996	0.00586842	-0.026701	-0.0528916	-0.0769607	-0.104197	-0.13208	-0.13208	
-0.242854	-0.437146	-0.599908	-0.725844	-0.803017	-0.827629	-0.80485	-0.741815	-0.649238	-0.552337	-0.455514	-0.36602	-0.307879	-0.285613	-0.281023	-0.288355	-0.302564	-0.305617	-0.293837	-0.272521	-0.250242	-0.236775	-0.237708	-0.241341	-0.249449	-0.262199	-0.258523	-0.230269	-0.191738	-0.152783	-0.113247	-0.0796329	-0.0404733	0.00852254	0.0556077	0.0972144	0.127494	0.139688	0.133186	0.116094	0.084128	0.0364175	-0.0190264	-0.0840352	-0.14946	-0.210394	-0.263368	-0.3027	-0.330304	-0.330304	
-0.170218	-0.357215	-0.517284	-0.648008	-0.738454	-0.774574	-0.756827	-0.701191	-0.625466	-0.552386	-0.475702	-0.394399	-0.33512	-0.310377	-0.293887	-0.285807	-0.290758	-0.289108	-0.269146	-0.241995	-0.232394	-0.237708	-0.244047	-0.24034	-0.242715	-0.252828	-0.245094	-0.216884	-0.18097	-0.137866	-0.0848872	-0.0323382	0.0284839	0.0916388	0.142124	0.189232	0.225551	0.240238	0.22897	0.188079	0.120157	0.026166	-0.0793109	-0.178599	-0.276042	-0.368211	-0.433688	-0.469997	-0.48799	-0.48799	
-0.106	-0.278252	-0.43976	-0.578318	-0.675772	-0.72604	-0.718579	-0.673021	-0.616427	-0.557961	-0.497101	-0.430884	-0.363629	-0.313747	-0.291385	-0.280649	-0.267067	-0.259886	-0.251447	-0.239273	-0.238082	-0.241341	-0.24034	-0.234852	-0.228012	-0.215224	-0.204938	-0.194154	-0.161764	-0.113387	-0.0583199	0.00850371	0.0868896	0.16099	0.218564	0.260042	0.292015	0.30959	0.287718	0.221927	0.125489	0.000641127	-0.129927	-0.249162	-0.373952	-0.488162	-0.568058	-0.616005	-0.631242	-0.631242	
-0.0475689	-0.201372	-0.358541	-0.499887	-0.607187	-0.671623	-0.68008	-0.647388	-0.607744	-0.564622	-0.516934	-0.470129	-0.4026	-0.324939	-0.282925	-0.271807	-0.255188	-0.24243	-0.242215	-0.244719	-0.248821	-0.249449	-0.242715	-0.228012	-0.193786	-0.157392	-0.154931	-0.154042	-0.118531	-0.0690526	-0.016767	0.0551143	0.138166	0.212043	0.270366	0.303493	0.323498	0.328643	0.293225	0.213818	0.0982044	-0.0361947	-0.170887	-0.304474	-0.442948	-0.569502	-0.661343	-0.720024	-0.748246	-0.748246	
0.00306732	-0.125658	-0.269342	-0.410325	-0.524304	-0.591966	-0.614559	-0.602717	-0.581915	-0.558511	-0.529691	-0.495257	-0.437115	-0.358012	-0.297289	-0.274643	-0.260909	-0.251862	-0.242577	-0.238244	-0.249757	-0.262199	-0.252828	-0.215224	-0.157392	-0.107649	-0.0968738	-0.0866133	-0.0527569	-0.0098851	0.0419608	0.108572	0.187407	0.254698	0.298146	0.31794	0.321492	0.305217	0.251444	0.160232	0.0398977	-0.0914787	-0.222512	-0.35899	-0.496431	-0.616229	-0.705714	-0.770603	-0.810496	-0.810496	
0.0301928	-0.0691902	-0.192095	-0.317854	-0.42763	-0.501438	-0.535567	-0.543694	-0.539465	-0.539672	-0.532089	-0.50565	-0.459936	-0.400772	-0.341184	-0.291057	-0.256353	-0.242754	-0.23259	-0.228026	-0.242512	-0.258523	-0.245094	-0.204938	-0.154931	-0.0968738	-0.0496009	-0.0126297	0.0212945	0.0617072	0.120392	0.182501	0.242438	0.290584	0.313685	0.314098	0.287475	0.235312	0.162124	0.0640407	-0.0491446	-0.166283	-0.285961	-0.407457	-0.526919	-0.626482	-0.70505	-0.775495	-0.820974	-0.820974	
0.0258944	-0.0396223	-0.126564	-0.225812	-0.325929	-0.40318	-0.447122	-0.468922	-0.48068	-0.50124	-0.52479	-0.524836	-0.49351	-0.443684	-0.384675	-0.317061	-0.255284	-0.22063	-0.213261	-0.218633	-0.228048	-0.230269	-0.216884	-0.194154	-0.154042	-0.0866133	-0.0126297	0.0418614	0.0876157	0.146061	0.210025	0.258778	0.287747	0.303371	0.301152	0.281529	0.228024	0.138662	0.0460082	-0.0506499	-0.148456	-0.246894	-0.352204	-0.44859	-0.540823	-0.61768	-0.678193	-0.741421	-0.78082	-0.78082	
0.0138056	-0.0209535	-0.0737927	-0.140081	-0.215165	-0.284716	-0.339005	-0.379505	-0.418573	-0.465523	-0.521738	-0.551446	-0.541674	-0.493468	-0.423062	-0.345224	-0.274653	-0.222967	-0.198304	-0.197516	-0.196561	-0.191738	-0.18097	-0.161764	-0.118531	-0.0527569	0.0212945	0.0876157	0.148645	0.222406	0.28452	0.316563	0.315306	0.293975	0.263357	0.210055	0.127983	0.0236163	-0.0752121	-0.15985	-0.239832	-0.322057	-0.407446	-0.480168	-0.543849	-0.597418	-0.639021	-0.679066	-0.702493	-0.702493	
-0.00520702	-0.00919543	-0.0262815	-0.0482667	-0.0931604	-0.154192	-0.223829	-0.293487	-0.368468	-0.442269	-0.50945	-0.557474	-0.572212	-0.538578	-0.461843	-0.374029	-0.299974	-0.238504	-0.197686	-0.183797	-0.168324	-0.152783	-0.137866	-0.113387	-0.0690526	-0.0098851	0.0617072	0.146061	0.222406	0.287307	0.331309	0.343843	0.317859	0.264639	0.202855	0.116612	0.00704719	-0.104172	-0.196665	-0.265199	-0.327338	-0.388183	-0.446788	-0.497957	-0.536233	-0.569772	-0.590664	-0.595489	-0.599732	-0.599732	
-0.0287449	0.0136419	0.0427782	0.0529294	0.0315357	-0.0262401	-0.116408	-0.215301	-0.315779	-0.409619	-0.484313	-0.540905	-0.569599	-0.555026	-0.491424	-0.407911	-0.327179	-0.256554	-0.212517	-0.189641	-0.155701	-0.113247	-0.0848872	-0.0583199	-0.016767	0.0419608	0.120392	0.210025	0.28452	0.331309	0.352828	0.336711	0.282101	0.208722	0.122743	0.0171327	-0.0987748	-0.20506	-0.296829	-0.367867	-0.421398	-0.464447	-0.489491	-0.505816	-0.518961	-0.524938	-0.521659	-0.504185	-0.487574	-0.487574	
-0.052223	0.0358849	0.111563	0.14928	0.145708	0.0870875	-0.0199035	-0.146437	-0.263403	-0.368402	-0.451021	-0.512496	-0.549453	-0.545171	-0.498141	-0.42637	-0.354646	-0.286651	-0.235492	-0.191226	-0.138514	-0.0796329	-0.0323382	0.00850371	0.0551143	0.108572	0.182501	0.258778	0.316563	0.343843	0.336711	0.291003	0.212319	0.127783	0.0323853	-0.0777904	-0.184567	-0.279811	-0.367067	-0.444537	-0.50333	-0.533348	-0.532518	-0.520921	-0.500171	-0.469355	-0.442897	-0.410467	-0.378379	-0.378379	
-0.0785364	0.0446895	0.158556	0.22736	0.235151	0.181087	0.0685435	-0.0754041	-0.209143	-0.320446	-0.413081	-0.482134	-0.521401	-0.523282	-0.492732	-0.437395	-0.38072	-0.320708	-0.257548	-0.186689	-0.112362	-0.0404733	0.0284839	0.0868896	0.138166	0.187407	0.242438	0.287747	0.315306	0.317859	0.282101	0.212319	0.12472	0.0328221	-0.0691955	-0.169037	-0.259267	-0.345334	-0.421668	-0.495646	-0.553069	-0.566454	-0.553293	-0.524844	-0.467137	-0.410284	-0.372853	-0.332287	-0.301008	-0.301008	
-0.096413	0.0492661	0.180494	0.269983	0.295954	0.253	0.147801	0.00619513	-0.136705	-0.256604	-0.361133	-0.438611	-0.483558	-0.498982	-0.487344	-0.452546	-0.40498	-0.347959	-0.271926	-0.179556	-0.0831986	0.00852254	0.0916388	0.16099	0.212043	0.254698	0.290584	0.303371	0.293975	0.264639	0.208722	0.127783	0.0328221	-0.0705842	-0.17694	-0.269454	-0.345723	-0.411163	-0.46955	-0.523706	-0.556117	-0.556397	-0.54007	-0.49704	-0.41937	-0.35498	-0.31819	-0.284876	-0.265634	-0.265634	
-0.106806	0.0426769	0.182056	0.288206	0.334391	0.303812	0.211074	0.0824538	-0.0501775	-0.168926	-0.277823	-0.370246	-0.433995	-0.471398	-0.47715	-0.461392	-0.427171	-0.369584	-0.277183	-0.16146	-0.0482644	0.0556077	0.142124	0.218564	0.270366	0.298146	0.313685	0.301152	0.263357	0.202855	0.122743	0.0323853	-0.0691955	-0.17694	-0.276835	-0.361128	-0.425995	-0.473706	-0.509202	-0.525805	-0.525746	-0.516279	-0.493443	-0.448779	-0.381781	-0.31941	-0.281865	-0.258444	-0.243982	-0.243982	
-0.11679	0.0295822	0.172069	0.286304	0.347411	0.336046	0.262405	0.152808	0.0339182	-0.0793079	-0.184801	-0.283274	-0.363387	-0.426282	-0.456322	-0.457464	-0.433452	-0.371031	-0.269398	-0.141404	-0.015345	0.0972144	0.189232	0.260042	0.303493	0.31794	0.314098	0.281529	0.210055	0.116612	0.0171327	-0.0777904	-0.169037	-0.269454	-0.361128	-0.432213	-0.484337	-0.513794	-0.525329	-0.512313	-0.486369	-0.463046	-0.430271	-0.392494	-0.353558	-0.304209	-0.262721	-0.241626	-0.229006	-0.229006	
-0.136874	0.0131633	0.151897	0.265367	0.339464	0.350033	0.303442	0.217311	0.110797	0.00117127	-0.0993805	-0.195948	-0.285581	-0.360043	-0.408335	-0.425737	-0.409775	-0.349799	-0.250362	-0.12679	0.00609984	0.127494	0.225551	0.292015	0.323498	0.321492	0.287475	0.228024	0.127983	0.00704719	-0.0987748	-0.184567	-0.259267	-0.345723	-0.425995	-0.484337	-0.521834	-0.527567	-0.517882	-0.49244	-0.446385	-0.401641	-0.362103	-0.333007	-0.319146	-0.294591	-0.258229	-0.237822	-0.232901	-0.232901	
-0.169162	-0.0172169	0.126838	0.239929	0.317229	0.346717	0.329783	0.271282	0.18443	0.0812342	-0.0194667	-0.115197	-0.205849	-0.278285	-0.334364	-0.365626	-0.358668	-0.312251	-0.222456	-0.109305	0.0182159	0.139688	0.240238	0.30959	0.328643	0.305217	0.235312	0.138662	0.0236163	-0.104172	-0.20506	-0.279811	-0.345334	-0.411163	-0.473706	-0.513794	-0.527567	-0.522964	-0.504138	-0.464744	-0.405849	-0.345156	-0.297024	-0.273222	-0.275731	-0.275787	-0.260775	-0.253512	-0.256822	-0.256822	
-0.189453	-0.0529321	0.0911903	0.204624	0.282743	0.329413	0.341774	0.312321	0.244524	0.158505	0.0698793	-0.0179701	-0.106324	-0.1842	-0.251303	-0.293367	-0.28954	-0.25246	-0.180741	-0.0824068	0.0252424	0.133186	0.22897	0.287718	0.293225	0.251444	0.162124	0.0460082	-0.0752121	-0.196665	-0.296829	-0.367067	-0.421668	-0.46955	-0.509202	-0.525329	-0.517882	-0.504138	-0.473192	-0.417877	-0.355917	-0.299707	-0.256384	-0.23298	-0.236569	-0.253817	-0.263701	-0.272631	-0.284158	-0.284158	
-0.189298	-0.0734675	0.0508359	0.162646	0.24236	0.296431	0.325095	0.323327	0.287199	0.234369	0.171012	0.0925951	0.00407035	-0.0835066	-0.162117	-0.21113	-0.207206	-0.17199	-0.11728	-0.0402431	0.0374092	0.116094	0.188079	0.221927	0.213818	0.160232	0.0640407	-0.0506499	-0.15985	-0.265199	-0.367867	-0.444537	-0.495646	-0.523706	-0.525805	-0.512313	-0.49244	-0.464744	-0.417877	-0.362349	-0.312265	-0.272203	-0.243324	-0.21896	-0.214447	-0.235711	-0.261203	-0.283456	-0.29914	-0.29914	
-0.18794	-0.0860293	0.0139439	0.111708	0.187687	0.249028	0.291273	0.314322	0.316966	0.299858	0.265837	0.207068	0.124624	0.0295932	-0.0595516	-0.107388	-0.105807	-0.0767607	-0.0389324	0.0072257	0.0484693	0.084128	0.120157	0.125489	0.0982044	0.0398977	-0.0491446	-0.148456	-0.239832	-0.327338	-0.421398	-0.50333	-0.553069	-0.556117	-0.525746	-0.486369	-0.446385	-0.405849	-0.355917	-0.312265	-0.2828	-0.25966	-0.242191	-0.223647	-0.217102	-0.231786	-0.255691	-0.279762	-0.293376	-0.293376	
-0.185134	-0.0988517	-0.0221943	0.0495677	0.117246	0.190194	0.257633	0.304852	0.33379	0.34782	0.343757	0.312808	0.249029	0.160828	0.0713661	0.0211497	0.0121023	0.0274526	0.0413733	0.0491461	0.0479479	0.0364175	0.026166	0.000641127	-0.0361947	-0.0914787	-0.166283	-0.246894	-0.322057	-0.388183	-0.464447	-0.533348	-0.566454	-0.556397	-0.516279	-0.463046	-0.401641	-0.345156	-0.299707	-0.272203	-0.25966	-0.248983	-0.243631	-0.239023	-0.234493	-0.240849	-0.252748	-0.264518	-0.275008	-0.275008	
-0.174828	-0.10694	-0.0526942	-0.00329863	0.0523183	0.125174	0.209992	0.289612	0.348233	0.384968	0.399112	0.393341	0.358241	0.292787	0.221764	0.16782	0.13988	0.130309	0.115538	0.0812636	0.0351996	-0.0190264	-0.0793109	-0.129927	-0.170887	-0.222512	-0.285961	-0.352204	-0.407446	-0.446788	-0.489491	-0.532518	-0.553293	-0.54007	-0.493443	-0.430271	-0.362103	-0.297024	-0.256384	-0.243324	-0.242191	-0.243631	-0.24633	-0.253072	-0.25531	-0.24998	-0.249985	-0.253085	-0.251862	-0.251862	
-0.165337	-0.122917	-0.0885224	-0.0529473	7.76735e-05	0.0737428	0.164895	0.265166	0.352966	0.410755	0.446025	0.466191	0.458278	0.417409	0.3712	0.326095	0.276796	0.230818	0.174524	0.093127	0.00586842	-0.0840352	-0.178599	-0.249162	-0.304474	-0.35899	-0.407457	-0.44859	-0.480168	-0.497957	-0.505816	-0.520921	-0.524844	-0.49704	-0.448779	-0.392494	-0.333007	-0.273222	-0.23298	-0.21896	-0.223647	-0.239023	-0.253072	-0.269321	-0.27618	-0.264086	-0.251053	-0.23766	-0.222743	-0.222743	
-0.161087	-0.150983	-0.135287	-0.107905	-0.0481938	0.033356	0.129325	0.230315	0.332928	0.420063	0.487034	0.534259	0.555683	0.547415	0.523996	0.482676	0.413785	0.332104	0.228016	0.0998483	-0.026701	-0.14946	-0.276042	-0.373952	-0.442948	-0.496431	-0.526919	-0.540823	-0.543849	-0.536233	-0.518961	-0.500171	-0.467137	-0.41937	-0.381781	-0.353558	-0.319146	-0.275731	-0.236569	-0.214447	-0.217102	-0.234493	-0.25531	-0.27618	-0.279778	-0.270685	-0.253162	-0.224271	-0.20749	-0.20749	
-0.165533	-0.172369	-0.166339	-0.141026	-0.0834759	-0.00600154	0.0873205	0.195385	0.308673	0.417562	0.512613	0.593753	0.648243	0.670181	0.664585	0.616493	0.528766	0.412027	0.273568	0.111699	-0.0528916	-0.210394	-0.368211	-0.488162	-0.569502	-0.616229	-0.626482	-0.61768	-0.597418	-0.569772	-0.524938	-0.469355	-0.410284	-0.35498	-0.31941	-0.304209	-0.294591	-0.275787	-0.253817	-0.235711	-0.231786	-0.240849	-0.24998	-0.264086	-0.270685	-0.261892	-0.247549	-0.226434	-0.209345	-0.209345	
-0.163707	-0.172886	-0.173057	-0.154035	-0.10916	-0.0407838	0.0502823	0.164838	0.289665	0.413459	0.529826	0.63377	0.715314	0.764849	0.77277	0.722476	0.616569	0.468955	0.299533	0.115053	-0.0769607	-0.263368	-0.433688	-0.568058	-0.661343	-0.705714	-0.70505	-0.678193	-0.639021	-0.590664	-0.521659	-0.442897	-0.372853	-0.31819	-0.281865	-0.262721	-0.258229	-0.260775	-0.263701	-0.261203	-0.255691	-0.252748	-0.249985	-0.251053	-0.253162	-0.247549	-0.238842	-0.230397	-0.222677	-0.222677	
-0.150742	-0.167204	-0.182087	-0.174444	-0.139004	-0.0704116	0.0276605	0.144014	0.277057	0.413737	0.539926	0.64687	0.748012	0.831203	0.857006	0.811215	0.69336	0.519177	0.312343	0.104239	-0.104197	-0.3027	-0.469997	-0.616005	-0.720024	-0.770603	-0.775495	-0.741421	-0.679066	-0.595489	-0.504185	-0.410467	-0.332287	-0.284876	-0.258444	-0.241626	-0.237822	-0.253512	-0.272631	-0.283456	-0.279762	-0.264518	-0.253085	-0.23766	-0.224271	-0.226434	-0.230397	-0.236431	-0.247634	-0.247634	
-0.147428	-0.172153	-0.198888	-0.193455	-0.157463	-0.0855899	0.0186098	0.145751	0.281342	0.418146	0.544218	0.656917	0.766027	0.865421	0.908684	0.870128	0.747267	0.546426	0.313813	0.0867895	-0.13208	-0.330304	-0.48799	-0.631242	-0.748246	-0.810496	-0.820974	-0.78082	-0.702493	-0.599732	-0.487574	-0.378379	-0.301008	-0.265634	-0.243982	-0.229006	-0.232901	-0.256822	-0.284158	-0.29914	-0.293376	-0.275008	-0.251862	-0.222743	-0.20749	-0.209345	-0.222677	-0.247634	-0.262808	-0.262808	
-0.147428	-0.172153	-0.198888	-0.193455	-0.157463	-0.0855899	0.0186098	0.145751	0.281342	0.418146	0.544218	0.656917	0.766027	0.865421	0.908684	0.870128	0.747267	0.546426	0.313813	0.0867895	-0.13208	-0.330304	-0.48799	-0.631242	-0.748246	-0.810496	-0.820974	-0.78082	-0.702493	-0.599732	-0.487574	-0.378379	-0.301008	-0.265634	-0.243982	-0.229006	-0.232901	-0.256822	-0.284158	-0.29914	-0.293376	-0.275008	-0.251862	-0.222743	-0.20749	-0.209345	-0.222677	-0.247634	-0.262808	-0.262808	
