0.274421	0.427385	0.526176	0.591764	-0.0712698	-0.0712698	
0.427385	-0.108434	-0.178425	0.379908	0.042898	0.042898	
0.526176	-0.178425	0.355186	0.259593	-0.157604	-0.157604	
0.591764	0.379908	0.259593	-0.191318	0.423695	0.423695	
-0.0712698	0.042898	-0.157604	0.423695	1.43324	1.43324	
-0.0712698	0.042898	-0.157604	0.423695	1.43324	1.43324	
