0.27409	0.749064	0.662364	0.397527	-1.2384	-1.2384	
0.749064	-0.247235	-0.721246	0.0400748	0.569108	0.569108	
0.662364	-0.721246	-0.80454	0.54191	1.09453	1.09453	
0.397527	0.0400748	0.54191	0.0594731	-0.61619	-0.61619	
-1.2384	0.569108	1.09453	-0.61619	-0.746162	-0.746162	
-1.2384	0.569108	1.09453	-0.61619	-0.746162	-0.746162	
