0.355472	0.298615	0.192602	0.0505279	-0.103542	-0.255356	-0.376519	-0.457718	-0.507666	-0.50872	-0.457587	-0.346669	-0.19391	-0.026649	0.12878	0.258601	0.350752	0.408149	0.424341	0.392894	0.32218	0.228121	0.120742	0.0147235	-0.0875073	-0.17684	-0.245894	-0.294371	-0.321695	-0.330832	-0.317876	-0.274536	-0.210542	-0.129703	-0.0243046	0.0789975	0.178971	0.266937	0.328434	0.355301	0.338851	0.293353	0.220934	0.12366	0.0116716	-0.109418	-0.225423	-0.312945	-0.357906	-0.357906	
0.298615	0.316788	0.279821	0.204857	0.100738	-0.0183212	-0.129545	-0.223698	-0.291542	-0.306027	-0.265701	-0.167121	-0.0309224	0.122673	0.254261	0.344368	0.401558	0.432614	0.434682	0.403493	0.337529	0.24222	0.139401	0.0410254	-0.0506041	-0.129116	-0.192978	-0.233097	-0.255668	-0.260594	-0.241666	-0.202466	-0.145176	-0.0769201	0.00688494	0.0873889	0.157596	0.218746	0.261643	0.269302	0.239241	0.184991	0.107363	0.00582407	-0.109502	-0.225046	-0.330528	-0.405099	-0.443857	-0.443857	
0.192602	0.279821	0.314684	0.31222	0.271289	0.196119	0.109082	0.0202654	-0.0454174	-0.0679055	-0.0421921	0.0348933	0.14384	0.273191	0.370376	0.427987	0.4572	0.455228	0.439797	0.400031	0.336849	0.2553	0.167179	0.0902185	0.01556	-0.0479076	-0.103124	-0.13877	-0.152107	-0.155412	-0.135529	-0.108082	-0.0733602	-0.0285738	0.0239008	0.0729848	0.108923	0.139203	0.152788	0.135071	0.0948107	0.040546	-0.0304512	-0.124136	-0.229219	-0.325669	-0.407828	-0.462211	-0.488529	-0.488529	
0.0505279	0.204857	0.31222	0.377971	0.400135	0.371657	0.310926	0.244272	0.188061	0.155799	0.161499	0.210368	0.290415	0.380125	0.45212	0.489658	0.499767	0.478618	0.442169	0.395591	0.335443	0.268842	0.202145	0.142168	0.0850767	0.032689	-0.0116289	-0.0347103	-0.042542	-0.0363149	-0.0215665	-0.01039	0.00272529	0.0176843	0.0406351	0.057308	0.0616519	0.0582279	0.0364369	-0.00526344	-0.0521026	-0.0971667	-0.154866	-0.231596	-0.311839	-0.381364	-0.435082	-0.465218	-0.475893	-0.475893	
-0.103542	0.100738	0.271289	0.400135	0.473453	0.484517	0.458212	0.419572	0.370338	0.324376	0.314277	0.336745	0.381289	0.440432	0.492376	0.518708	0.512241	0.480013	0.429549	0.381029	0.328484	0.279384	0.231262	0.181726	0.137175	0.0946497	0.0699136	0.0645275	0.071416	0.0842968	0.0921393	0.0883151	0.0783332	0.0664515	0.0610297	0.0516215	0.0313783	0.00143558	-0.0479143	-0.10245	-0.148598	-0.186168	-0.231742	-0.28736	-0.336	-0.376507	-0.404578	-0.413928	-0.40923	-0.40923	
-0.255356	-0.0183212	0.196119	0.371657	0.484517	0.540967	0.555606	0.538767	0.494659	0.448666	0.426783	0.422574	0.436628	0.468837	0.497808	0.5088	0.491989	0.451625	0.400516	0.352398	0.307132	0.268482	0.235212	0.19738	0.169196	0.148584	0.147439	0.161255	0.179968	0.195026	0.196472	0.187211	0.161212	0.129092	0.0955612	0.0601744	0.0156855	-0.0380526	-0.0973655	-0.149894	-0.183625	-0.212524	-0.243925	-0.269679	-0.283293	-0.293717	-0.301756	-0.296279	-0.281274	-0.281274	
-0.376519	-0.129545	0.109082	0.310926	0.458212	0.555606	0.602583	0.607141	0.578815	0.541061	0.507472	0.479303	0.470726	0.473344	0.480517	0.470671	0.441413	0.40188	0.357742	0.316518	0.2817	0.25066	0.223398	0.196135	0.185994	0.186884	0.207451	0.242012	0.270982	0.294557	0.29901	0.290704	0.257006	0.205793	0.147882	0.0872067	0.0217609	-0.0448453	-0.100022	-0.136349	-0.157973	-0.181541	-0.197424	-0.193003	-0.168839	-0.146768	-0.130717	-0.107573	-0.0858767	-0.0858767	
-0.457718	-0.223698	0.0202654	0.244272	0.419572	0.538767	0.607141	0.625915	0.615686	0.583935	0.545806	0.50456	0.476264	0.453235	0.434451	0.406125	0.37475	0.344628	0.314	0.29081	0.264201	0.235916	0.211033	0.197175	0.202715	0.224601	0.259361	0.304911	0.345602	0.379552	0.398607	0.399176	0.368353	0.306466	0.231609	0.148081	0.0635563	-0.0103237	-0.0572409	-0.0728431	-0.0831664	-0.0972874	-0.0945146	-0.0628546	-0.0093915	0.0390339	0.0797347	0.117238	0.141105	0.141105	
-0.507666	-0.291542	-0.0454174	0.188061	0.370338	0.494659	0.578815	0.615686	0.614361	0.585059	0.538627	0.487912	0.441037	0.402374	0.371367	0.340719	0.312939	0.290802	0.276051	0.2691	0.252852	0.230497	0.21494	0.215408	0.237621	0.27322	0.315446	0.365179	0.413177	0.457058	0.489206	0.499727	0.476329	0.414985	0.330652	0.237279	0.140253	0.0627541	0.0242375	0.0206579	0.0275028	0.0285238	0.0547687	0.110806	0.179397	0.24627	0.303875	0.350302	0.370612	0.370612	
-0.50872	-0.306027	-0.0679055	0.155799	0.324376	0.448666	0.541061	0.583935	0.585059	0.553688	0.504528	0.447318	0.387045	0.342672	0.307804	0.278073	0.252555	0.234614	0.235248	0.240176	0.236216	0.229076	0.227013	0.248156	0.286191	0.336342	0.385352	0.43528	0.483278	0.521479	0.554954	0.565835	0.550237	0.497498	0.418184	0.332848	0.244452	0.171384	0.135413	0.140354	0.158455	0.18003	0.22715	0.301494	0.380975	0.456533	0.529488	0.578772	0.597083	0.597083	
-0.457587	-0.265701	-0.0421921	0.161499	0.314277	0.426783	0.507472	0.545806	0.538627	0.504528	0.453254	0.390829	0.325963	0.278827	0.241731	0.211505	0.190624	0.186206	0.202839	0.223113	0.235717	0.24393	0.255781	0.288154	0.33701	0.395103	0.450757	0.497729	0.534122	0.557435	0.576116	0.587405	0.581293	0.542664	0.484665	0.422687	0.358406	0.295017	0.255859	0.261791	0.291044	0.33257	0.403365	0.497346	0.586961	0.667112	0.740595	0.787964	0.801207	0.801207	
-0.346669	-0.167121	0.0348933	0.210368	0.336745	0.422574	0.479303	0.50456	0.487912	0.447318	0.390829	0.327494	0.266247	0.218113	0.180044	0.15635	0.14548	0.154602	0.182255	0.216026	0.246111	0.273696	0.302467	0.343462	0.395855	0.44906	0.500371	0.53581	0.552018	0.55538	0.55986	0.56989	0.572799	0.550196	0.517145	0.489331	0.459657	0.414615	0.378832	0.385437	0.41838	0.473959	0.559801	0.668244	0.769037	0.848262	0.918323	0.962863	0.974648	0.974648	
-0.19391	-0.0309224	0.14384	0.290415	0.381289	0.436628	0.470726	0.476264	0.441037	0.387045	0.325963	0.266247	0.207626	0.159931	0.125473	0.113877	0.117666	0.138481	0.178265	0.221981	0.267446	0.308558	0.350497	0.398027	0.444952	0.489174	0.526841	0.546809	0.544885	0.529297	0.522054	0.529142	0.536149	0.530828	0.52591	0.53219	0.536641	0.517955	0.494117	0.499282	0.534984	0.593148	0.684694	0.802588	0.902523	0.979775	1.04394	1.08322	1.09914	1.09914	
-0.026649	0.122673	0.273191	0.380125	0.440432	0.468837	0.473344	0.453235	0.402374	0.342672	0.278827	0.218113	0.159931	0.110947	0.0867417	0.0887342	0.100215	0.124668	0.167749	0.213546	0.265322	0.317915	0.373883	0.431013	0.473203	0.503363	0.522851	0.525253	0.512435	0.490625	0.477097	0.479571	0.486989	0.498834	0.517509	0.549264	0.586529	0.600218	0.603182	0.619004	0.652093	0.707532	0.78981	0.888124	0.975269	1.04006	1.09426	1.13818	1.1552	1.1552	
0.12878	0.254261	0.370376	0.45212	0.492376	0.497808	0.480517	0.434451	0.371367	0.307804	0.241731	0.180044	0.125473	0.0867417	0.0738187	0.0733909	0.0809507	0.102265	0.139934	0.187088	0.240993	0.301413	0.367473	0.429948	0.467496	0.484035	0.481605	0.472402	0.455758	0.436566	0.424479	0.419515	0.434056	0.460176	0.498642	0.547205	0.603009	0.652065	0.685666	0.720003	0.760685	0.811257	0.874013	0.941022	0.998081	1.04565	1.09345	1.13463	1.15704	1.15704	
0.258601	0.344368	0.427987	0.489658	0.518708	0.5088	0.470671	0.406125	0.340719	0.278073	0.211505	0.15635	0.113877	0.0887342	0.0733909	0.0649858	0.0642563	0.07922	0.112762	0.157095	0.20615	0.263055	0.326567	0.38488	0.415348	0.419862	0.402443	0.382453	0.369501	0.354655	0.344779	0.340993	0.362158	0.406486	0.462017	0.527468	0.600081	0.678225	0.745725	0.802652	0.855835	0.900695	0.937924	0.967128	0.99187	1.02059	1.05841	1.09553	1.1185	1.1185	
0.350752	0.401558	0.4572	0.499767	0.512241	0.491989	0.441413	0.37475	0.312939	0.252555	0.190624	0.14548	0.117666	0.100215	0.0809507	0.0642563	0.0606101	0.0734759	0.101493	0.136377	0.170276	0.208474	0.25263	0.291863	0.310319	0.303382	0.27817	0.257846	0.247654	0.242242	0.241805	0.246383	0.276661	0.335682	0.40923	0.492753	0.583401	0.682905	0.779194	0.861757	0.926719	0.966758	0.983671	0.983021	0.982658	0.990724	1.00802	1.03127	1.04628	1.04628	
0.408149	0.432614	0.455228	0.478618	0.480013	0.451625	0.40188	0.344628	0.290802	0.234614	0.186206	0.154602	0.138481	0.124668	0.102265	0.07922	0.0734759	0.0842087	0.0983085	0.114342	0.121532	0.132693	0.149373	0.161015	0.164059	0.149564	0.128268	0.114279	0.11041	0.119912	0.133907	0.150313	0.187604	0.252219	0.342867	0.445517	0.550397	0.668569	0.785496	0.888208	0.961036	0.997019	1.00573	0.994576	0.980937	0.967562	0.958992	0.955597	0.957151	0.957151	
0.424341	0.434682	0.439797	0.442169	0.429549	0.400516	0.357742	0.314	0.276051	0.235248	0.202839	0.182255	0.178265	0.167749	0.139934	0.112762	0.101493	0.0983085	0.0851975	0.0679306	0.0419524	0.0246264	0.0179845	0.00533526	-0.00324339	-0.0174702	-0.0264473	-0.0298325	-0.0228676	0.00458856	0.0326485	0.062251	0.10244	0.173928	0.276954	0.395353	0.514421	0.645362	0.778126	0.887939	0.959365	0.991495	1.00183	0.993147	0.974757	0.94452	0.910875	0.882613	0.868225	0.868225	
0.392894	0.403493	0.400031	0.395591	0.381029	0.352398	0.316518	0.29081	0.2691	0.240176	0.223113	0.216026	0.221981	0.213546	0.187088	0.157095	0.136377	0.114342	0.0679306	0.0100799	-0.0493776	-0.0935112	-0.124044	-0.15674	-0.175435	-0.188552	-0.187869	-0.176267	-0.153622	-0.10767	-0.0628452	-0.0172519	0.0350351	0.118862	0.230724	0.353723	0.4796	0.617323	0.754885	0.862693	0.930092	0.962412	0.981426	0.979058	0.956757	0.91627	0.866241	0.821655	0.795612	0.795612	
0.32218	0.337529	0.336849	0.335443	0.328484	0.307132	0.2817	0.264201	0.252852	0.236216	0.235717	0.246111	0.267446	0.265322	0.240993	0.20615	0.170276	0.121532	0.0419524	-0.0493776	-0.138344	-0.207867	-0.260472	-0.307296	-0.338657	-0.353763	-0.346681	-0.320685	-0.280168	-0.21951	-0.159583	-0.0965222	-0.0220674	0.0777253	0.195107	0.317368	0.444917	0.584997	0.721681	0.827816	0.894047	0.932407	0.95566	0.950741	0.923963	0.878132	0.827178	0.782211	0.753783	0.753783	
0.228121	0.24222	0.2553	0.268842	0.279384	0.268482	0.25066	0.235916	0.230497	0.229076	0.24393	0.273696	0.308558	0.317915	0.301413	0.263055	0.208474	0.132693	0.0246264	-0.0935112	-0.207867	-0.302005	-0.37373	-0.434594	-0.480694	-0.505292	-0.497652	-0.463886	-0.411201	-0.340925	-0.266941	-0.18246	-0.0825945	0.0361879	0.159945	0.283372	0.407273	0.543046	0.674758	0.780409	0.856816	0.903211	0.927026	0.917732	0.886705	0.844917	0.804486	0.77038	0.749145	0.749145	
0.120742	0.139401	0.167179	0.202145	0.231262	0.235212	0.223398	0.211033	0.21494	0.227013	0.255781	0.302467	0.350497	0.373883	0.367473	0.326567	0.25263	0.149373	0.0179845	-0.124044	-0.260472	-0.37373	-0.461413	-0.533087	-0.591996	-0.622814	-0.622582	-0.588593	-0.531978	-0.45886	-0.367716	-0.265495	-0.145815	-0.0106106	0.122107	0.245364	0.36267	0.483672	0.602624	0.709831	0.796943	0.854881	0.882354	0.87885	0.856937	0.831385	0.810977	0.793501	0.785074	0.785074	
0.0147235	0.0410254	0.0902185	0.142168	0.181726	0.19738	0.196135	0.197175	0.215408	0.248156	0.288154	0.343462	0.398027	0.431013	0.429948	0.38488	0.291863	0.161015	0.00533526	-0.15674	-0.307296	-0.434594	-0.533087	-0.609775	-0.670833	-0.703569	-0.703895	-0.673506	-0.615457	-0.535411	-0.436105	-0.32755	-0.202988	-0.0625169	0.0739498	0.198904	0.310341	0.415329	0.521425	0.622311	0.71191	0.778477	0.815628	0.829832	0.833743	0.835028	0.83601	0.839922	0.839932	0.839932	
-0.0875073	-0.0506041	0.01556	0.0850767	0.137175	0.169196	0.185994	0.202715	0.237621	0.286191	0.33701	0.395855	0.444952	0.473203	0.467496	0.415348	0.310319	0.164059	-0.00324339	-0.175435	-0.338657	-0.480694	-0.591996	-0.670833	-0.723286	-0.746651	-0.741692	-0.709868	-0.64856	-0.566718	-0.46619	-0.358639	-0.234496	-0.0984886	0.0321839	0.14766	0.246055	0.335365	0.419485	0.505733	0.593183	0.672543	0.734588	0.785798	0.824458	0.854643	0.877558	0.886963	0.892182	0.892182	
-0.17684	-0.129116	-0.0479076	0.032689	0.0946497	0.148584	0.186884	0.224601	0.27322	0.336342	0.395103	0.44906	0.489174	0.503363	0.484035	0.419862	0.303382	0.149564	-0.0174702	-0.188552	-0.353763	-0.505292	-0.622814	-0.703569	-0.746651	-0.757492	-0.741623	-0.699151	-0.634966	-0.556327	-0.465648	-0.363133	-0.247503	-0.126195	-0.0161724	0.0804031	0.17072	0.246623	0.313412	0.381434	0.462476	0.554991	0.646466	0.736516	0.812007	0.87488	0.918548	0.938683	0.944506	0.944506	
-0.245894	-0.192978	-0.103124	-0.0116289	0.0699136	0.147439	0.207451	0.259361	0.315446	0.385352	0.450757	0.500371	0.526841	0.522851	0.481605	0.402443	0.27817	0.128268	-0.0264473	-0.187869	-0.346681	-0.497652	-0.622582	-0.703895	-0.741692	-0.741623	-0.707584	-0.657725	-0.595349	-0.528535	-0.45175	-0.355932	-0.250883	-0.150303	-0.0698883	0.00451641	0.0830488	0.145372	0.198762	0.255873	0.335331	0.443904	0.564163	0.686864	0.795688	0.886773	0.951617	0.987298	0.994657	0.994657	
-0.294371	-0.233097	-0.13877	-0.0347103	0.0645275	0.161255	0.242012	0.304911	0.365179	0.43528	0.497729	0.53581	0.546809	0.525253	0.472402	0.382453	0.257846	0.114279	-0.0298325	-0.176267	-0.320685	-0.463886	-0.588593	-0.673506	-0.709868	-0.699151	-0.657725	-0.604121	-0.547177	-0.487799	-0.419294	-0.334059	-0.245536	-0.176568	-0.125409	-0.0755418	-0.0162306	0.0369044	0.0829447	0.142931	0.230824	0.349118	0.486738	0.632735	0.762035	0.875842	0.968579	1.01981	1.04039	1.04039	
-0.321695	-0.255668	-0.152107	-0.042542	0.071416	0.179968	0.270982	0.345602	0.413177	0.483278	0.534122	0.552018	0.544885	0.512435	0.455758	0.369501	0.247654	0.11041	-0.0228676	-0.153622	-0.280168	-0.411201	-0.531978	-0.615457	-0.64856	-0.634966	-0.595349	-0.547177	-0.488783	-0.424969	-0.357924	-0.286984	-0.23045	-0.1943	-0.176157	-0.152036	-0.111217	-0.070973	-0.0200909	0.0521773	0.146693	0.266614	0.407934	0.558837	0.703111	0.836328	0.952403	1.03304	1.0661	1.0661	
-0.330832	-0.260594	-0.155412	-0.0363149	0.0842968	0.195026	0.294557	0.379552	0.457058	0.521479	0.557435	0.55538	0.529297	0.490625	0.436566	0.354655	0.242242	0.119912	0.00458856	-0.10767	-0.21951	-0.340925	-0.45886	-0.535411	-0.566718	-0.556327	-0.528535	-0.487799	-0.424969	-0.351444	-0.280089	-0.226519	-0.197254	-0.192705	-0.202336	-0.203215	-0.187071	-0.160298	-0.109499	-0.0312921	0.0665131	0.182365	0.319477	0.473152	0.62463	0.774001	0.911648	1.01148	1.05836	1.05836	
-0.317876	-0.241666	-0.135529	-0.0215665	0.0921393	0.196472	0.29901	0.398607	0.489206	0.554954	0.576116	0.55986	0.522054	0.477097	0.424479	0.344779	0.241805	0.133907	0.0326485	-0.0628452	-0.159583	-0.266941	-0.367716	-0.436105	-0.46619	-0.465648	-0.45175	-0.419294	-0.357924	-0.280089	-0.210646	-0.171217	-0.163324	-0.183176	-0.211882	-0.227782	-0.227664	-0.208721	-0.165293	-0.093505	-0.00496294	0.0989537	0.225027	0.370962	0.526644	0.687179	0.841812	0.955133	1.01192	1.01192	
-0.274536	-0.202466	-0.108082	-0.01039	0.0883151	0.187211	0.290704	0.399176	0.499727	0.565835	0.587405	0.56989	0.529142	0.479571	0.419515	0.340993	0.246383	0.150313	0.062251	-0.0172519	-0.0965222	-0.18246	-0.265495	-0.32755	-0.358639	-0.363133	-0.355932	-0.334059	-0.286984	-0.226519	-0.171217	-0.143233	-0.1501	-0.176515	-0.207074	-0.223145	-0.223903	-0.213871	-0.183991	-0.131896	-0.0590838	0.0328139	0.14551	0.277471	0.424467	0.582646	0.7317	0.844145	0.900398	0.900398	
-0.210542	-0.145176	-0.0733602	0.00272529	0.0783332	0.161212	0.257006	0.368353	0.476329	0.550237	0.581293	0.572799	0.536149	0.486989	0.434056	0.362158	0.276661	0.187604	0.10244	0.0350351	-0.0220674	-0.0825945	-0.145815	-0.202988	-0.234496	-0.247503	-0.250883	-0.245536	-0.23045	-0.197254	-0.163324	-0.1501	-0.159926	-0.180389	-0.194485	-0.193284	-0.185886	-0.177113	-0.159759	-0.129911	-0.0760488	0.000477302	0.0913097	0.197474	0.317774	0.45014	0.573029	0.666322	0.717153	0.717153	
-0.129703	-0.0769201	-0.0285738	0.0176843	0.0664515	0.129092	0.205793	0.306466	0.414985	0.497498	0.542664	0.550196	0.530828	0.498834	0.460176	0.406486	0.335682	0.252219	0.173928	0.118862	0.0777253	0.0361879	-0.0106106	-0.0625169	-0.0984886	-0.126195	-0.150303	-0.176568	-0.1943	-0.192705	-0.183176	-0.176515	-0.180389	-0.178189	-0.16125	-0.138774	-0.122702	-0.112291	-0.10609	-0.0960832	-0.0640851	-0.00925738	0.0541197	0.123534	0.2058	0.295057	0.374201	0.437353	0.476735	0.476735	
-0.0243046	0.00688494	0.0239008	0.0406351	0.0610297	0.0955612	0.147882	0.231609	0.330652	0.418184	0.484665	0.517145	0.52591	0.517509	0.498642	0.462017	0.40923	0.342867	0.276954	0.230724	0.195107	0.159945	0.122107	0.0739498	0.0321839	-0.0161724	-0.0698883	-0.125409	-0.176157	-0.202336	-0.211882	-0.207074	-0.194485	-0.16125	-0.113858	-0.0749319	-0.0503099	-0.0360141	-0.0305907	-0.0347157	-0.0245819	0.002105	0.0280103	0.0525101	0.085996	0.124436	0.149854	0.173423	0.195151	0.195151	
0.0789975	0.0873889	0.0729848	0.057308	0.0516215	0.0601744	0.0872067	0.148081	0.237279	0.332848	0.422687	0.489331	0.53219	0.549264	0.547205	0.527468	0.492753	0.445517	0.395353	0.353723	0.317368	0.283372	0.245364	0.198904	0.14766	0.0804031	0.00451641	-0.0755418	-0.152036	-0.203215	-0.227782	-0.223145	-0.193284	-0.138774	-0.0749319	-0.0281539	0.00315409	0.0292672	0.0446711	0.0399105	0.0338242	0.0334317	0.0162897	-0.0129461	-0.0323489	-0.0506804	-0.0825378	-0.106331	-0.11108	-0.11108	
0.178971	0.157596	0.108923	0.0616519	0.0313783	0.0156855	0.0217609	0.0635563	0.140253	0.244452	0.358406	0.459657	0.536641	0.586529	0.603009	0.600081	0.583401	0.550397	0.514421	0.4796	0.444917	0.407273	0.36267	0.310341	0.246055	0.17072	0.0830488	-0.0162306	-0.111217	-0.187071	-0.227664	-0.223903	-0.185886	-0.122702	-0.0503099	0.00315409	0.0444658	0.0897787	0.118986	0.119829	0.106526	0.0788323	0.0178809	-0.0690175	-0.150245	-0.229087	-0.320751	-0.39789	-0.433829	-0.433829	
0.266937	0.218746	0.139203	0.0582279	0.00143558	-0.0380526	-0.0448453	-0.0103237	0.0627541	0.171384	0.295017	0.414615	0.517955	0.600218	0.652065	0.678225	0.682905	0.668569	0.645362	0.617323	0.584997	0.543046	0.483672	0.415329	0.335365	0.246623	0.145372	0.0369044	-0.070973	-0.160298	-0.208721	-0.213871	-0.177113	-0.112291	-0.0360141	0.0292672	0.0897787	0.151038	0.191574	0.196957	0.172099	0.121082	0.019546	-0.124157	-0.267588	-0.410074	-0.557138	-0.680033	-0.744255	-0.744255	
0.328434	0.261643	0.152788	0.0364369	-0.0479143	-0.0973655	-0.100022	-0.0572409	0.0242375	0.135413	0.255859	0.378832	0.494117	0.603182	0.685666	0.745725	0.779194	0.785496	0.778126	0.754885	0.721681	0.674758	0.602624	0.521425	0.419485	0.313412	0.198762	0.0829447	-0.0200909	-0.109499	-0.165293	-0.183991	-0.159759	-0.10609	-0.0305907	0.0446711	0.118986	0.191574	0.234955	0.235311	0.199451	0.129514	0.00147689	-0.180202	-0.377181	-0.573341	-0.762428	-0.913632	-0.994926	-0.994926	
0.355301	0.269302	0.135071	-0.00526344	-0.10245	-0.149894	-0.136349	-0.0728431	0.0206579	0.140354	0.261791	0.385437	0.499282	0.619004	0.720003	0.802652	0.861757	0.888208	0.887939	0.862693	0.827816	0.780409	0.709831	0.622311	0.505733	0.381434	0.255873	0.142931	0.0521773	-0.0312921	-0.093505	-0.131896	-0.129911	-0.0960832	-0.0347157	0.0399105	0.119829	0.196957	0.235311	0.22698	0.175931	0.088814	-0.0510741	-0.251394	-0.479116	-0.707784	-0.914644	-1.07425	-1.15902	-1.15902	
0.338851	0.239241	0.0948107	-0.0521026	-0.148598	-0.183625	-0.157973	-0.0831664	0.0275028	0.158455	0.291044	0.41838	0.534984	0.652093	0.760685	0.855835	0.926719	0.961036	0.959365	0.930092	0.894047	0.856816	0.796943	0.71191	0.593183	0.462476	0.335331	0.230824	0.146693	0.0665131	-0.00496294	-0.0590838	-0.0760488	-0.0640851	-0.0245819	0.0338242	0.106526	0.172099	0.199451	0.175931	0.103149	-0.0034051	-0.154301	-0.356177	-0.586607	-0.815346	-1.01237	-1.15973	-1.24038	-1.24038	
0.293353	0.184991	0.040546	-0.0971667	-0.186168	-0.212524	-0.181541	-0.0972874	0.0285238	0.18003	0.33257	0.473959	0.593148	0.707532	0.811257	0.900695	0.966758	0.997019	0.991495	0.962412	0.932407	0.903211	0.854881	0.778477	0.672543	0.554991	0.443904	0.349118	0.266614	0.182365	0.0989537	0.0328139	0.000477302	-0.00925738	0.002105	0.0334317	0.0788323	0.121082	0.129514	0.088814	-0.0034051	-0.136434	-0.29976	-0.493532	-0.703301	-0.899036	-1.06049	-1.18074	-1.25048	-1.25048	
0.220934	0.107363	-0.0304512	-0.154866	-0.231742	-0.243925	-0.197424	-0.0945146	0.0547687	0.22715	0.403365	0.559801	0.684694	0.78981	0.874013	0.937924	0.983671	1.00573	1.00183	0.981426	0.95566	0.927026	0.882354	0.815628	0.734588	0.646466	0.564163	0.486738	0.407934	0.319477	0.225027	0.14551	0.0913097	0.0541197	0.0280103	0.0162897	0.0178809	0.019546	0.00147689	-0.0510741	-0.154301	-0.29976	-0.463806	-0.635535	-0.80198	-0.944499	-1.05189	-1.13357	-1.1849	-1.1849	
0.12366	0.00582407	-0.124136	-0.231596	-0.28736	-0.269679	-0.193003	-0.0628546	0.110806	0.301494	0.497346	0.668244	0.802588	0.888124	0.941022	0.967128	0.983021	0.994576	0.993147	0.979058	0.950741	0.917732	0.87885	0.829832	0.785798	0.736516	0.686864	0.632735	0.558837	0.473152	0.370962	0.277471	0.197474	0.123534	0.0525101	-0.0129461	-0.0690175	-0.124157	-0.180202	-0.251394	-0.356177	-0.493532	-0.635535	-0.76387	-0.873115	-0.951025	-0.995933	-1.02494	-1.04725	-1.04725	
0.0116716	-0.109502	-0.229219	-0.311839	-0.336	-0.283293	-0.168839	-0.0093915	0.179397	0.380975	0.586961	0.769037	0.902523	0.975269	0.998081	0.99187	0.982658	0.980937	0.974757	0.956757	0.923963	0.886705	0.856937	0.833743	0.824458	0.812007	0.795688	0.762035	0.703111	0.62463	0.526644	0.424467	0.317774	0.2058	0.085996	-0.0323489	-0.150245	-0.267588	-0.377181	-0.479116	-0.586607	-0.703301	-0.80198	-0.873115	-0.920353	-0.93756	-0.923399	-0.898163	-0.884465	-0.884465	
-0.109418	-0.225046	-0.325669	-0.381364	-0.376507	-0.293717	-0.146768	0.0390339	0.24627	0.456533	0.667112	0.848262	0.979775	1.04006	1.04565	1.02059	0.990724	0.967562	0.94452	0.91627	0.878132	0.844917	0.831385	0.835028	0.854643	0.87488	0.886773	0.875842	0.836328	0.774001	0.687179	0.582646	0.45014	0.295057	0.124436	-0.0506804	-0.229087	-0.410074	-0.573341	-0.707784	-0.815346	-0.899036	-0.944499	-0.951025	-0.93756	-0.906426	-0.851095	-0.787546	-0.746741	-0.746741	
-0.225423	-0.330528	-0.407828	-0.435082	-0.404578	-0.301756	-0.130717	0.0797347	0.303875	0.529488	0.740595	0.918323	1.04394	1.09426	1.09345	1.05841	1.00802	0.958992	0.910875	0.866241	0.827178	0.804486	0.810977	0.83601	0.877558	0.918548	0.951617	0.968579	0.952403	0.911648	0.841812	0.7317	0.573029	0.374201	0.149854	-0.0825378	-0.320751	-0.557138	-0.762428	-0.914644	-1.01237	-1.06049	-1.05189	-0.995933	-0.923399	-0.851095	-0.77403	-0.697896	-0.647884	-0.647884	
-0.312945	-0.405099	-0.462211	-0.465218	-0.413928	-0.296279	-0.107573	0.117238	0.350302	0.578772	0.787964	0.962863	1.08322	1.13818	1.13463	1.09553	1.03127	0.955597	0.882613	0.821655	0.782211	0.77038	0.793501	0.839922	0.886963	0.938683	0.987298	1.01981	1.03304	1.01148	0.955133	0.844145	0.666322	0.437353	0.173423	-0.106331	-0.39789	-0.680033	-0.913632	-1.07425	-1.15973	-1.18074	-1.13357	-1.02494	-0.898163	-0.787546	-0.697896	-0.625445	-0.580387	-0.580387	
-0.357906	-0.443857	-0.488529	-0.475893	-0.40923	-0.281274	-0.0858767	0.141105	0.370612	0.597083	0.801207	0.974648	1.09914	1.1552	1.15704	1.1185	1.04628	0.957151	0.868225	0.795612	0.753783	0.749145	0.785074	0.839932	0.892182	0.944506	0.994657	1.04039	1.0661	1.05836	1.01192	0.900398	0.717153	0.476735	0.195151	-0.11108	-0.433829	-0.744255	-0.994926	-1.15902	-1.24038	-1.25048	-1.1849	-1.04725	-0.884465	-0.746741	-0.647884	-0.580387	-0.541313	-0.541313	
-0.357906	-0.443857	-0.488529	-0.475893	-0.40923	-0.281274	-0.0858767	0.141105	0.370612	0.597083	0.801207	0.974648	1.09914	1.1552	1.15704	1.1185	1.04628	0.957151	0.868225	0.795612	0.753783	0.749145	0.785074	0.839932	0.892182	0.944506	0.994657	1.04039	1.0661	1.05836	1.01192	0.900398	0.717153	0.476735	0.195151	-0.11108	-0.433829	-0.744255	-0.994926	-1.15902	-1.24038	-1.25048	-1.1849	-1.04725	-0.884465	-0.746741	-0.647884	-0.580387	-0.541313	-0.541313	
