-0.0595287	-0.0538859	-0.0648987	-0.0661801	-0.0662809	-0.0692311	-0.0730213	-0.0732367	-0.071932	-0.0821017	-0.0863579	-0.0821884	-0.0866344	-0.0970857	-0.107367	-0.107021	-0.100313	-0.11211	-0.138574	-0.157138	-0.161555	-0.151975	-0.143244	-0.167426	-0.235079	-0.331063	-0.441921	-0.547663	-0.612239	-0.611484	-0.546403	-0.420145	-0.230491	0.00861972	0.261757	0.495982	0.696785	0.855956	0.955329	0.971821	0.897375	0.750597	0.569397	0.393125	0.248233	0.144271	0.0781686	0.0412978	0.0252802	0.0252802	
-0.0538859	-0.0640366	-0.0725588	-0.066563	-0.0654267	-0.0717174	-0.0753403	-0.0709801	-0.0760781	-0.0890555	-0.0858663	-0.0817228	-0.091308	-0.103807	-0.110302	-0.104571	-0.10297	-0.124167	-0.150128	-0.161601	-0.159213	-0.148008	-0.150113	-0.193443	-0.276051	-0.379317	-0.489538	-0.581666	-0.620789	-0.592381	-0.502255	-0.351953	-0.142158	0.105573	0.353843	0.575403	0.760397	0.899279	0.971468	0.956838	0.855343	0.692962	0.509719	0.341715	0.209813	0.11872	0.0626574	0.0322191	0.0192448	0.0192448	
-0.0648987	-0.0725588	-0.0676825	-0.0599112	-0.0690189	-0.0773455	-0.0742391	-0.0739651	-0.0849004	-0.0886992	-0.0816243	-0.0864326	-0.100188	-0.109113	-0.108931	-0.102551	-0.111386	-0.138853	-0.158964	-0.162304	-0.155199	-0.14752	-0.165974	-0.229154	-0.323736	-0.430685	-0.534982	-0.607123	-0.61717	-0.560631	-0.445322	-0.271214	-0.0441903	0.207048	0.446122	0.652613	0.819668	0.935097	0.977003	0.930363	0.803973	0.630071	0.44888	0.291898	0.17411	0.0958293	0.0492258	0.0246162	0.0143319	0.0143319	
-0.0661801	-0.066563	-0.0599112	-0.0674259	-0.0810376	-0.0776379	-0.072884	-0.0782605	-0.087334	-0.087345	-0.0848036	-0.0943801	-0.106241	-0.110404	-0.106514	-0.105632	-0.125205	-0.152399	-0.163374	-0.160055	-0.151823	-0.153804	-0.192891	-0.274292	-0.376682	-0.482797	-0.574756	-0.620772	-0.599525	-0.515145	-0.374709	-0.177989	0.0618946	0.310926	0.536857	0.726149	0.872777	0.961243	0.97021	0.891863	0.743976	0.563318	0.38828	0.244676	0.14165	0.0757729	0.0378551	0.0183954	0.0104288	0.0104288	
-0.0662809	-0.0654267	-0.0690189	-0.0810376	-0.0789968	-0.0703402	-0.0743164	-0.0857738	-0.0929431	-0.0869941	-0.0868619	-0.102009	-0.111665	-0.109772	-0.105743	-0.114773	-0.141348	-0.162113	-0.163572	-0.15645	-0.15209	-0.170364	-0.231996	-0.327499	-0.432627	-0.532388	-0.604831	-0.619621	-0.566465	-0.455019	-0.289855	-0.0730956	0.173869	0.414845	0.624309	0.794376	0.917585	0.975448	0.949688	0.841395	0.676611	0.4944	0.32937	0.200946	0.112817	0.0586081	0.0284565	0.0134284	0.00740585	0.00740585	
-0.0692311	-0.0717174	-0.0773455	-0.0776379	-0.0703402	-0.0733319	-0.0865168	-0.0943489	-0.0889621	-0.0827563	-0.0967657	-0.112992	-0.111919	-0.106804	-0.11032	-0.129804	-0.156348	-0.166507	-0.160449	-0.153926	-0.160176	-0.200319	-0.282783	-0.386233	-0.488489	-0.575335	-0.621007	-0.601287	-0.517074	-0.379544	-0.190757	0.0417169	0.288898	0.516386	0.70675	0.855398	0.951651	0.975523	0.91457	0.779721	0.603664	0.425222	0.273547	0.161441	0.0878297	0.0442793	0.0208814	0.00956303	0.00512602	0.00512602	
-0.0730213	-0.0753403	-0.0742391	-0.072884	-0.0743164	-0.0865168	-0.0939887	-0.088783	-0.0837449	-0.0931999	-0.111089	-0.113937	-0.107714	-0.109386	-0.122145	-0.146975	-0.166698	-0.165219	-0.156162	-0.156731	-0.180774	-0.244995	-0.342767	-0.447026	-0.540364	-0.606822	-0.619417	-0.56423	-0.450829	-0.288306	-0.0782819	0.163695	0.403755	0.61323	0.782403	0.906959	0.972329	0.959607	0.864749	0.70837	0.527368	0.357759	0.222052	0.126676	0.0667343	0.032629	0.0149365	0.00663505	0.00345387	0.00345387	
-0.0732367	-0.0709801	-0.0739651	-0.0782605	-0.0857738	-0.0943489	-0.088783	-0.0851944	-0.0922913	-0.106088	-0.115104	-0.110919	-0.108896	-0.1179	-0.138136	-0.162819	-0.169907	-0.159573	-0.155269	-0.170386	-0.217197	-0.303047	-0.407905	-0.50573	-0.583464	-0.62176	-0.597099	-0.50781	-0.367487	-0.181431	0.045543	0.289183	0.515138	0.703252	0.8493	0.946401	0.976971	0.926485	0.801062	0.629612	0.450253	0.29391	0.175873	0.0969183	0.0494102	0.0234162	0.0103999	0.00447908	0.00226258	0.00226258	
-0.071932	-0.0760781	-0.0849004	-0.087334	-0.0929431	-0.0889621	-0.0837449	-0.0922913	-0.103293	-0.115141	-0.116065	-0.108363	-0.113731	-0.132782	-0.157379	-0.171915	-0.164587	-0.15493	-0.164295	-0.199385	-0.270004	-0.37067	-0.473118	-0.557475	-0.612262	-0.615517	-0.552428	-0.432105	-0.267067	-0.0599796	0.177354	0.413937	0.619983	0.784472	0.90511	0.970741	0.963273	0.875908	0.725385	0.546341	0.374945	0.23533	0.135677	0.0721817	0.0355927	0.0163414	0.00703859	0.00293797	0.00143922	0.00143922	
-0.0821017	-0.0890555	-0.0886992	-0.087345	-0.0869941	-0.0827563	-0.0931999	-0.106088	-0.115141	-0.118703	-0.1082	-0.109053	-0.130572	-0.154111	-0.170377	-0.169173	-0.156886	-0.159795	-0.188193	-0.245793	-0.336941	-0.441971	-0.532547	-0.596734	-0.621071	-0.584729	-0.485198	-0.337625	-0.150077	0.0735988	0.312545	0.533615	0.715673	0.854861	0.947005	0.976909	0.929703	0.808871	0.640608	0.461849	0.303934	0.183304	0.101768	0.0522439	0.0249057	0.0110733	0.00462384	0.00187001	0.000887868	0.000887868	
-0.0863579	-0.0858663	-0.0816243	-0.0848036	-0.0868619	-0.0967657	-0.111089	-0.115104	-0.116065	-0.1082	-0.106837	-0.129897	-0.153776	-0.167157	-0.171097	-0.161114	-0.157088	-0.179847	-0.22964	-0.309504	-0.41243	-0.509285	-0.580107	-0.617696	-0.60485	-0.527862	-0.396351	-0.22514	-0.0180079	0.215166	0.445702	0.644315	0.800017	0.912041	0.971695	0.962199	0.875971	0.727752	0.550443	0.379526	0.239342	0.138637	0.0740884	0.0366872	0.0169026	0.00727513	0.00294429	0.0011535	0.000530572	0.000530572	
-0.0821884	-0.0817228	-0.0864326	-0.0943801	-0.102009	-0.112992	-0.113937	-0.110919	-0.108363	-0.109053	-0.129897	-0.154157	-0.164824	-0.170646	-0.165751	-0.156841	-0.172685	-0.218754	-0.289967	-0.386329	-0.487226	-0.564762	-0.610173	-0.61458	-0.560047	-0.445425	-0.287509	-0.0958292	0.126048	0.358976	0.571353	0.742936	0.870964	0.953037	0.97572	0.924872	0.803416	0.636258	0.459093	0.302518	0.182736	0.101625	0.0522604	0.0249553	0.0111089	0.0046277	0.00181484	0.000688698	0.000306775	0.000306775	
-0.0866344	-0.091308	-0.100188	-0.106241	-0.111665	-0.111919	-0.107714	-0.108896	-0.113731	-0.130572	-0.153776	-0.164824	-0.170066	-0.168653	-0.158111	-0.167099	-0.210834	-0.277746	-0.365942	-0.466747	-0.550999	-0.60217	-0.617276	-0.582074	-0.485554	-0.339722	-0.160527	0.0481584	0.276927	0.498295	0.684783	0.827175	0.926125	0.974252	0.956062	0.864814	0.715182	0.539123	0.370797	0.2334	0.135003	0.0720683	0.0356575	0.0164173	0.00706012	0.00284615	0.00108149	0.000397521	0.000171437	0.000171437	
-0.0970857	-0.103807	-0.109113	-0.110404	-0.109772	-0.106804	-0.109386	-0.1179	-0.132782	-0.154111	-0.167157	-0.170646	-0.168653	-0.158879	-0.164039	-0.205476	-0.270992	-0.352336	-0.44937	-0.538659	-0.595429	-0.616566	-0.595473	-0.516746	-0.383371	-0.213964	-0.0174131	0.202834	0.427467	0.626501	0.782595	0.895064	0.962348	0.971864	0.910993	0.78404	0.616079	0.441599	0.289352	0.173939	0.0963292	0.0493585	0.0234954	0.0104299	0.00433291	0.00169028	0.000622318	0.000221579	9.25045e-05	9.25045e-05	
-0.107367	-0.110302	-0.108931	-0.106514	-0.105743	-0.11032	-0.122145	-0.138136	-0.157379	-0.170377	-0.171097	-0.165751	-0.158111	-0.164039	-0.203513	-0.268031	-0.344988	-0.436851	-0.528292	-0.590307	-0.615078	-0.6027	-0.539319	-0.419006	-0.257984	-0.071152	0.138929	0.361607	0.569437	0.738317	0.862635	0.944215	0.975676	0.942705	0.84096	0.686863	0.512097	0.348798	0.217679	0.124962	0.0662655	0.0325938	0.0149285	0.0063899	0.00256456	0.000968169	0.000345404	0.000119149	4.81498e-05	4.81498e-05	
-0.107021	-0.104571	-0.102551	-0.105632	-0.114773	-0.129804	-0.146975	-0.162819	-0.171915	-0.169173	-0.161114	-0.156841	-0.167099	-0.205476	-0.268031	-0.342728	-0.430359	-0.52119	-0.586759	-0.614017	-0.606236	-0.554347	-0.446697	-0.293734	-0.1143	0.0861149	0.303203	0.515447	0.695269	0.830527	0.923177	0.971176	0.961971	0.885452	0.749187	0.579567	0.409614	0.265035	0.157546	0.0863866	0.0438737	0.0207205	0.00913347	0.00377037	0.00146216	0.00053427	0.000184727	6.1751e-05	2.4157e-05	2.4157e-05	
-0.100313	-0.10297	-0.111386	-0.125205	-0.141348	-0.156348	-0.166698	-0.169907	-0.164587	-0.156886	-0.157088	-0.172685	-0.210834	-0.270992	-0.344988	-0.430359	-0.518645	-0.584893	-0.613544	-0.607867	-0.563427	-0.466635	-0.321621	-0.148063	0.0442367	0.253989	0.466594	0.654595	0.799812	0.901562	0.961708	0.971506	0.918243	0.801763	0.641705	0.469583	0.314487	0.19332	0.109491	0.0573669	0.0279155	0.0126635	0.00537398	0.00214016	0.000802177	0.00028377	9.51124e-05	3.08202e-05	1.16732e-05	1.16732e-05	
-0.11211	-0.124167	-0.138853	-0.152399	-0.162113	-0.166507	-0.165219	-0.159573	-0.15493	-0.159795	-0.179847	-0.218754	-0.277746	-0.352336	-0.436851	-0.52119	-0.584893	-0.61343	-0.608519	-0.568138	-0.479338	-0.341637	-0.173199	0.0126169	0.214813	0.424745	0.617713	0.771364	0.880885	0.949939	0.974163	0.940924	0.844302	0.696839	0.52663	0.364327	0.23123	0.135098	0.0729437	0.0365399	0.0170458	0.00743128	0.00303745	0.00116746	0.00042309	0.000144945	4.71098e-05	1.48033e-05	5.4297e-06	5.4297e-06	
-0.138574	-0.150128	-0.158964	-0.163374	-0.163572	-0.160449	-0.156162	-0.155269	-0.164295	-0.188193	-0.22964	-0.289967	-0.365942	-0.44937	-0.528292	-0.586759	-0.613544	-0.608519	-0.569579	-0.485463	-0.353682	-0.189982	-0.00946899	0.185815	0.391283	0.586131	0.746106	0.862143	0.9378	0.972521	0.955531	0.877355	0.744023	0.579022	0.412827	0.270014	0.162491	0.090298	0.0465148	0.0222942	0.00997722	0.00418277	0.00164763	0.000611488	0.00021436	7.1148e-05	2.24323e-05	6.83847e-06	2.42981e-06	2.42981e-06	
-0.157138	-0.161601	-0.162304	-0.160055	-0.15645	-0.153926	-0.156731	-0.170386	-0.199385	-0.245793	-0.309504	-0.386329	-0.466747	-0.538659	-0.590307	-0.614017	-0.607867	-0.568138	-0.485463	-0.357701	-0.198408	-0.0225406	0.166761	0.367041	0.561218	0.725038	0.846083	0.926591	0.968665	0.964172	0.902043	0.782999	0.625486	0.458396	0.308315	0.19077	0.108951	0.0576431	0.0283562	0.0130154	0.00559234	0.00225617	0.000857036	0.000307311	0.000104261	3.35422e-05	1.02635e-05	3.03692e-06	1.0457e-06	1.0457e-06	
-0.161555	-0.159213	-0.155199	-0.151823	-0.15209	-0.160176	-0.180774	-0.217197	-0.270004	-0.336941	-0.41243	-0.487226	-0.550999	-0.595429	-0.615078	-0.606236	-0.563427	-0.479338	-0.353682	-0.198408	-0.0268711	0.157335	0.35241	0.544036	0.709143	0.833342	0.917161	0.96414	0.968752	0.919772	0.81406	0.665243	0.49969	0.344785	0.218913	0.128276	0.0696083	0.0351039	0.0165091	0.00726401	0.00299935	0.00116542	0.000427224	0.000148103	4.86574e-05	1.51809e-05	4.51035e-06	1.29606e-06	4.32669e-07	4.32669e-07	
-0.151975	-0.148008	-0.14752	-0.153804	-0.170364	-0.200319	-0.244995	-0.303047	-0.37067	-0.441971	-0.509285	-0.564762	-0.60217	-0.616566	-0.6027	-0.554347	-0.466635	-0.341637	-0.189982	-0.0225406	0.157335	0.347525	0.535278	0.699244	0.82448	0.910066	0.96	0.970824	0.93198	0.83786	0.697958	0.535683	0.378189	0.245857	0.147539	0.0819877	0.0423321	0.0203761	0.00917244	0.00387312	0.00153834	0.00057619	0.000203998	6.84179e-05	2.17805e-05	6.59389e-06	1.90323e-06	5.31412e-07	1.72079e-07	1.72079e-07	
-0.143244	-0.150113	-0.165974	-0.192891	-0.231996	-0.282783	-0.342767	-0.407905	-0.473118	-0.532547	-0.580107	-0.610173	-0.617276	-0.595473	-0.539319	-0.446697	-0.321621	-0.173199	-0.00946899	0.166761	0.35241	0.535278	0.695882	0.81993	0.905668	0.956921	0.971544	0.939947	0.855217	0.723641	0.565664	0.40747	0.270572	0.165951	0.0942782	0.0497666	0.0244876	0.0112662	0.00486075	0.001972	0.000754204	0.000272561	9.32761e-05	3.02882e-05	9.34922e-06	2.74813e-06	7.71027e-07	2.09309e-07	6.57782e-08	6.57782e-08	
-0.167426	-0.193443	-0.229154	-0.274292	-0.327499	-0.386233	-0.447026	-0.50573	-0.557475	-0.596734	-0.617696	-0.61458	-0.582074	-0.516746	-0.419006	-0.293734	-0.148063	0.0126169	0.185815	0.367041	0.544036	0.699244	0.81993	0.904179	0.955292	0.971684	0.944685	0.866937	0.74251	0.589205	0.431785	0.292123	0.182725	0.105931	0.0570801	0.0286737	0.013468	0.00593157	0.00245608	0.000958511	0.000353376	0.000123336	4.08335e-05	1.28473e-05	3.84788e-06	1.09887e-06	2.99858e-07	7.91906e-08	2.41663e-08	2.41663e-08	
-0.235079	-0.276051	-0.323736	-0.376682	-0.432627	-0.488489	-0.540364	-0.583464	-0.612262	-0.621071	-0.60485	-0.560047	-0.485554	-0.383371	-0.257984	-0.1143	0.0442367	0.214813	0.391283	0.561218	0.709143	0.82448	0.905668	0.955292	0.971684	0.946882	0.873682	0.754862	0.606088	0.450505	0.309717	0.197128	0.116393	0.0639156	0.0327334	0.0156778	0.00704144	0.00297326	0.00118318	0.000444721	0.00015822	5.33849e-05	1.71138e-05	5.22132e-06	1.51847e-06	4.21575e-07	1.11955e-07	2.87812e-08	8.53375e-09	8.53375e-09	
-0.331063	-0.379317	-0.430685	-0.482797	-0.532388	-0.575335	-0.606822	-0.62176	-0.615517	-0.584729	-0.527862	-0.445425	-0.339722	-0.213964	-0.071152	0.0861149	0.253989	0.424745	0.586131	0.725038	0.833342	0.910066	0.956921	0.971684	0.946882	0.875881	0.760962	0.616229	0.463202	0.32273	0.208524	0.125144	0.0699144	0.0364504	0.01778	0.00813505	0.00349981	0.00141903	0.000543437	0.000196972	6.77002e-05	2.21043e-05	6.86739e-06	2.03334e-06	5.74603e-07	1.55192e-07	4.01328e-08	1.00495e-08	2.89688e-09	2.89688e-09	
-0.441921	-0.489538	-0.534982	-0.574756	-0.604831	-0.621007	-0.619417	-0.597099	-0.552428	-0.485198	-0.396351	-0.287509	-0.160527	-0.0174131	0.138929	0.303203	0.466594	0.617713	0.746106	0.846083	0.917161	0.96	0.971544	0.944685	0.873682	0.760962	0.61961	0.469612	0.330716	0.21641	0.131741	0.0747452	0.0396109	0.0196528	0.00915013	0.004007	0.00165407	0.000644971	0.00023803	8.32978e-05	2.76887e-05	8.75682e-06	2.63895e-06	7.58898e-07	2.08539e-07	5.48288e-08	1.38156e-08	3.3718e-09	9.45514e-10	9.45514e-10	
-0.547663	-0.581666	-0.607123	-0.620772	-0.619621	-0.601287	-0.56423	-0.50781	-0.432105	-0.337625	-0.22514	-0.0958292	0.0481584	0.202834	0.361607	0.515447	0.654595	0.771364	0.862143	0.926591	0.96414	0.970824	0.939947	0.866937	0.754862	0.616229	0.469612	0.333407	0.220442	0.135842	0.0781322	0.0420233	0.0211791	0.010023	0.00446359	0.00187436	0.000743646	0.000279278	9.94579e-05	3.36438e-05	1.08274e-05	3.32006e-06	9.71364e-07	2.71526e-07	7.26069e-08	1.85954e-08	4.5684e-09	1.08735e-09	2.96799e-10	2.96799e-10	
-0.612239	-0.620789	-0.61717	-0.599525	-0.566465	-0.517074	-0.450829	-0.367487	-0.267067	-0.150077	-0.0180079	0.126048	0.276927	0.427467	0.569437	0.695269	0.799812	0.880885	0.9378	0.968665	0.968752	0.93198	0.855217	0.74251	0.606088	0.463202	0.330716	0.220442	0.137233	0.0798772	0.0435359	0.0222585	0.0106951	0.00483883	0.00206531	0.000833136	0.000318204	0.000115262	3.9661e-05	1.29837e-05	4.04969e-06	1.20512e-06	3.42603e-07	9.31618e-08	2.42592e-08	6.05613e-09	1.4515e-09	3.37133e-10	8.96279e-11	8.96279e-11	
-0.611484	-0.592381	-0.560631	-0.515145	-0.455019	-0.379544	-0.288306	-0.181431	-0.0599796	0.0735988	0.215166	0.358976	0.498295	0.626501	0.738317	0.830527	0.901562	0.949939	0.972521	0.964172	0.919772	0.83786	0.723641	0.589205	0.450505	0.32273	0.21641	0.135842	0.0798772	0.0440513	0.0228177	0.0111189	0.00510583	0.00221321	0.000907117	0.000352133	0.000129671	4.53669e-05	1.51018e-05	4.78984e-06	1.44941e-06	4.18976e-07	1.15834e-07	3.06643e-08	7.78123e-09	1.89469e-09	4.43283e-10	1.00532e-10	2.60471e-11	2.60471e-11	
-0.546403	-0.502255	-0.445322	-0.374709	-0.289855	-0.190757	-0.0782819	0.045543	0.177354	0.312545	0.445702	0.571353	0.684783	0.782595	0.862635	0.923177	0.961708	0.974163	0.955531	0.902043	0.81406	0.697958	0.565664	0.431785	0.309717	0.208524	0.131741	0.0781322	0.0435359	0.0228177	0.0112638	0.00524464	0.00230686	0.000959983	0.000378527	0.000141633	5.03602e-05	1.70401e-05	5.49407e-06	1.69009e-06	4.96653e-07	1.39581e-07	3.75593e-08	9.68694e-09	2.39704e-09	5.69654e-10	1.30176e-10	2.88433e-11	7.28741e-12	7.28741e-12	
-0.420145	-0.351953	-0.271214	-0.177989	-0.0730956	0.0417169	0.163695	0.289183	0.413937	0.533615	0.644315	0.742936	0.827175	0.895064	0.944215	0.971176	0.971506	0.940924	0.877355	0.782999	0.665243	0.535683	0.40747	0.292123	0.197128	0.125144	0.0747452	0.0420233	0.0222585	0.0111189	0.00524464	0.00233893	0.000987539	0.000395289	0.000150206	5.42561e-05	1.86537e-05	6.11202e-06	1.91089e-06	5.70726e-07	1.63024e-07	4.45835e-08	1.16855e-08	2.93837e-09	7.0951e-10	1.64667e-10	3.67748e-11	7.96534e-12	1.96363e-12	1.96363e-12	
-0.230491	-0.142158	-0.0441903	0.0618946	0.173869	0.288898	0.403755	0.515138	0.619983	0.715673	0.800017	0.870964	0.926125	0.962348	0.975676	0.961971	0.918243	0.844302	0.744023	0.625486	0.49969	0.378189	0.270572	0.182725	0.116393	0.0699144	0.0396109	0.0211791	0.0106951	0.00510583	0.00230686	0.000987539	0.000401037	0.000154682	5.67353e-05	1.98127e-05	6.59516e-06	2.09507e-06	6.35842e-07	1.84563e-07	5.12911e-08	1.36607e-08	3.4903e-09	8.5627e-10	2.01886e-10	4.57853e-11	9.99859e-12	2.11822e-12	5.09801e-13	5.09801e-13	
0.00861972	0.105573	0.207048	0.310926	0.414845	0.516386	0.61323	0.703252	0.784472	0.854861	0.912041	0.953037	0.974252	0.971864	0.942705	0.885452	0.801763	0.696839	0.579022	0.458396	0.344785	0.245857	0.165951	0.105931	0.0639156	0.0364504	0.0196528	0.010023	0.00483883	0.00221321	0.000959983	0.000395289	0.000154682	5.75863e-05	2.04187e-05	6.90304e-06	2.22755e-06	6.86822e-07	2.02554e-07	5.71941e-08	1.54773e-08	4.01773e-09	1.00138e-09	2.39846e-10	5.52512e-11	1.22514e-11	2.61758e-12	5.42677e-13	1.27582e-13	1.27582e-13	
0.261757	0.353843	0.446122	0.536857	0.624309	0.70675	0.782403	0.8493	0.90511	0.947005	0.971695	0.97572	0.956062	0.910993	0.84096	0.749187	0.641705	0.52663	0.412827	0.308315	0.218913	0.147539	0.0942782	0.0570801	0.0327334	0.01778	0.00915013	0.00446359	0.00206531	0.000907117	0.000378527	0.000150206	5.67353e-05	2.04187e-05	7.0088e-06	2.29687e-06	7.19339e-07	2.15506e-07	6.18196e-08	1.69957e-08	4.48216e-09	1.13489e-09	2.76127e-10	6.4611e-11	1.4551e-11	3.15647e-12	6.60156e-13	1.34006e-13	3.07912e-14	3.07912e-14	
0.495982	0.575403	0.652613	0.726149	0.794376	0.855398	0.906959	0.946401	0.970741	0.976909	0.962199	0.924872	0.864814	0.78404	0.686863	0.579567	0.469583	0.364327	0.270014	0.19077	0.128276	0.0819877	0.0497666	0.0286737	0.0156778	0.00813505	0.004007	0.00187436	0.000833136	0.000352133	0.000141633	5.42561e-05	1.98127e-05	6.90304e-06	2.29687e-06	7.30515e-07	2.22287e-07	6.47715e-08	1.80893e-08	4.84624e-09	1.24652e-09	3.08081e-10	7.32225e-11	1.67486e-11	3.68969e-12	7.83429e-13	1.60471e-13	3.19097e-14	7.16982e-15	7.16982e-15	
0.696785	0.760397	0.819668	0.872777	0.917585	0.951651	0.972329	0.976971	0.963273	0.929703	0.875971	0.803416	0.715182	0.616079	0.512097	0.409614	0.314487	0.23123	0.162491	0.108951	0.0696083	0.0423321	0.0244876	0.013468	0.00704144	0.00349981	0.00165407	0.000743646	0.000318204	0.000129671	5.03602e-05	1.86537e-05	6.59516e-06	2.22755e-06	7.19339e-07	2.22287e-07	6.57863e-08	1.86621e-08	5.07867e-09	1.32695e-09	3.33133e-10	8.04227e-11	1.86837e-11	4.18015e-12	9.01305e-13	1.87416e-13	3.76154e-14	7.33082e-15	1.61155e-15	1.61155e-15	
0.855956	0.899279	0.935097	0.961243	0.975448	0.975523	0.959607	0.926485	0.875908	0.808871	0.727752	0.636258	0.539123	0.441599	0.348798	0.265035	0.19332	0.135098	0.090298	0.0576431	0.0351039	0.0203761	0.0112662	0.00593157	0.00297326	0.00141903	0.000644971	0.000279278	0.000115262	4.53669e-05	1.70401e-05	6.11202e-06	2.09507e-06	6.86822e-07	2.15506e-07	6.47715e-08	1.86621e-08	5.15858e-09	1.36908e-09	3.49128e-10	8.56101e-11	2.02008e-11	4.59012e-12	1.00507e-12	2.12215e-13	4.32368e-14	8.50703e-15	1.62565e-15	3.49812e-16	3.49812e-16	
0.955329	0.971468	0.977003	0.97021	0.949688	0.91457	0.864749	0.801062	0.725385	0.640608	0.550443	0.459093	0.370797	0.289352	0.217679	0.157546	0.109491	0.0729437	0.0465148	0.0283562	0.0165091	0.00917244	0.00486075	0.00245608	0.00118318	0.000543437	0.00023803	9.94579e-05	3.9661e-05	1.51018e-05	5.49407e-06	1.91089e-06	6.35842e-07	2.02554e-07	6.18196e-08	1.80893e-08	5.07867e-09	1.36908e-09	3.54627e-10	8.83274e-11	2.11692e-11	4.88543e-12	1.08639e-12	2.32935e-13	4.81879e-14	9.62427e-15	1.85718e-15	3.48142e-16	7.33653e-17	7.33653e-17	
0.971821	0.956838	0.930363	0.891863	0.841395	0.779721	0.70837	0.629612	0.546341	0.461849	0.379526	0.302518	0.2334	0.173939	0.124962	0.0863866	0.0573669	0.0365399	0.0222942	0.0130154	0.00726401	0.00387312	0.001972	0.000958511	0.000444721	0.000196972	8.32978e-05	3.36438e-05	1.29837e-05	4.78984e-06	1.69009e-06	5.70726e-07	1.84563e-07	5.71941e-08	1.69957e-08	4.84624e-09	1.32695e-09	3.49128e-10	8.83274e-11	2.15022e-11	5.04011e-12	1.13829e-12	2.47856e-13	5.20665e-14	1.05584e-14	2.06813e-15	3.91577e-16	7.20376e-17	1.48737e-17	1.48737e-17	
0.897375	0.855343	0.803973	0.743976	0.676611	0.603664	0.527368	0.450253	0.374945	0.303934	0.239342	0.182736	0.135003	0.0963292	0.0662655	0.0438737	0.0279155	0.0170458	0.00997722	0.00559234	0.00299935	0.00153834	0.000754204	0.000353376	0.00015822	6.77002e-05	2.76887e-05	1.08274e-05	4.04969e-06	1.44941e-06	4.96653e-07	1.63024e-07	5.12911e-08	1.54773e-08	4.48216e-09	1.24652e-09	3.33133e-10	8.56101e-11	2.11692e-11	5.04011e-12	1.15613e-12	2.5567e-13	5.45413e-14	1.12308e-14	2.2335e-15	4.29252e-16	7.97782e-17	1.44094e-17	2.91622e-18	2.91622e-18	
0.750597	0.692962	0.630071	0.563318	0.4944	0.425222	0.357759	0.29391	0.23533	0.183304	0.138637	0.101625	0.0720683	0.0493585	0.0325938	0.0207205	0.0126635	0.00743128	0.00418277	0.00225617	0.00116542	0.00057619	0.000272561	0.000123336	5.33849e-05	2.21043e-05	8.75682e-06	3.32006e-06	1.20512e-06	4.18976e-07	1.39581e-07	4.45835e-08	1.36607e-08	4.01773e-09	1.13489e-09	3.08081e-10	8.04227e-11	2.02008e-11	4.88543e-12	1.13829e-12	2.5567e-13	5.5392e-14	1.15828e-14	2.33899e-15	4.56395e-16	8.60983e-17	1.57136e-17	2.78757e-18	5.53226e-19	5.53226e-19	
0.569397	0.509719	0.44888	0.38828	0.32937	0.273547	0.222052	0.175873	0.135677	0.101768	0.0740884	0.0522604	0.0356575	0.0234954	0.0149285	0.00913347	0.00537398	0.00303745	0.00164763	0.000857036	0.000427224	0.000203998	9.32761e-05	4.08335e-05	1.71138e-05	6.86739e-06	2.63895e-06	9.71364e-07	3.42603e-07	1.15834e-07	3.75593e-08	1.16855e-08	3.4903e-09	1.00138e-09	2.76127e-10	7.32225e-11	1.86837e-11	4.59012e-12	1.08639e-12	2.47856e-13	5.45413e-14	1.15828e-14	2.37524e-15	4.70602e-16	9.0134e-17	1.66973e-17	2.99366e-18	5.21805e-19	1.01593e-19	1.01593e-19	
0.393125	0.341715	0.291898	0.244676	0.200946	0.161441	0.126676	0.0969183	0.0721817	0.0522439	0.0366872	0.0249553	0.0164173	0.0104299	0.0063899	0.00377037	0.00214016	0.00116746	0.000611488	0.000307311	0.000148103	6.84179e-05	3.02882e-05	1.28473e-05	5.22132e-06	2.03334e-06	7.58898e-07	2.71526e-07	9.31618e-08	3.06643e-08	9.68694e-09	2.93837e-09	8.5627e-10	2.39846e-10	6.4611e-11	1.67486e-11	4.18015e-12	1.00507e-12	2.32935e-13	5.20665e-14	1.12308e-14	2.33899e-15	4.70602e-16	9.15208e-17	1.7213e-17	3.13248e-18	5.51926e-19	9.45583e-20	1.80679e-20	1.80679e-20	
0.248233	0.209813	0.17411	0.14165	0.112817	0.0878297	0.0667343	0.0494102	0.0355927	0.0249057	0.0169026	0.0111089	0.00706012	0.00433291	0.00256456	0.00146216	0.000802177	0.00042309	0.00021436	0.000104261	4.86574e-05	2.17805e-05	9.34922e-06	3.84788e-06	1.51847e-06	5.74603e-07	2.08539e-07	7.26069e-08	2.42592e-08	7.78123e-09	2.39704e-09	7.0951e-10	2.01886e-10	5.52512e-11	1.4551e-11	3.68969e-12	9.01305e-13	2.12215e-13	4.81879e-14	1.05584e-14	2.2335e-15	4.56395e-16	9.0134e-17	1.7213e-17	3.18028e-18	5.68767e-19	9.85184e-20	1.65959e-20	3.11335e-21	3.11335e-21	
0.144271	0.11872	0.0958293	0.0757729	0.0586081	0.0442793	0.032629	0.0234162	0.0163414	0.0110733	0.00727513	0.0046277	0.00284615	0.00169028	0.000968169	0.00053427	0.00028377	0.000144945	7.1148e-05	3.35422e-05	1.51809e-05	6.59389e-06	2.74813e-06	1.09887e-06	4.21575e-07	1.55192e-07	5.48288e-08	1.85954e-08	6.05613e-09	1.89469e-09	5.69654e-10	1.64667e-10	4.57853e-11	1.22514e-11	3.15647e-12	7.83429e-13	1.87416e-13	4.32368e-14	9.62427e-15	2.06813e-15	4.29252e-16	8.60983e-17	1.66973e-17	3.13248e-18	5.68767e-19	9.99992e-20	1.70341e-20	2.82237e-21	5.20015e-22	5.20015e-22	
0.0781686	0.0626574	0.0492258	0.0378551	0.0284565	0.0208814	0.0149365	0.0103999	0.00703859	0.00462384	0.00294429	0.00181484	0.00108149	0.000622318	0.000345404	0.000184727	9.51124e-05	4.71098e-05	2.24323e-05	1.02635e-05	4.51035e-06	1.90323e-06	7.71027e-07	2.99858e-07	1.11955e-07	4.01328e-08	1.38156e-08	4.5684e-09	1.4515e-09	4.43283e-10	1.30176e-10	3.67748e-11	9.99859e-12	2.61758e-12	6.60156e-13	1.60471e-13	3.76154e-14	8.50703e-15	1.85718e-15	3.91577e-16	7.97782e-17	1.57136e-17	2.99366e-18	5.51926e-19	9.85184e-20	1.70341e-20	2.85444e-21	4.65333e-22	8.42351e-23	8.42351e-23	
0.0412978	0.0322191	0.0246162	0.0183954	0.0134284	0.00956303	0.00663505	0.00447908	0.00293797	0.00187001	0.0011535	0.000688698	0.000397521	0.000221579	0.000119149	6.1751e-05	3.08202e-05	1.48033e-05	6.83847e-06	3.03692e-06	1.29606e-06	5.31412e-07	2.09309e-07	7.91906e-08	2.87812e-08	1.00495e-08	3.3718e-09	1.08735e-09	3.37133e-10	1.00532e-10	2.88433e-11	7.96534e-12	2.11822e-12	5.42677e-13	1.34006e-13	3.19097e-14	7.33082e-15	1.62565e-15	3.48142e-16	7.20376e-17	1.44094e-17	2.78757e-18	5.21805e-19	9.45583e-20	1.65959e-20	2.82237e-21	4.65333e-22	7.46493e-23	1.32789e-23	1.32789e-23	
0.0252802	0.0192448	0.0143319	0.0104288	0.00740585	0.00512602	0.00345387	0.00226258	0.00143922	0.000887868	0.000530572	0.000306775	0.000171437	9.25045e-05	4.81498e-05	2.4157e-05	1.16732e-05	5.4297e-06	2.42981e-06	1.0457e-06	4.32669e-07	1.72079e-07	6.57782e-08	2.41663e-08	8.53375e-09	2.89688e-09	9.45514e-10	2.96799e-10	8.96279e-11	2.60471e-11	7.28741e-12	1.96363e-12	5.09801e-13	1.27582e-13	3.07912e-14	7.16982e-15	1.61155e-15	3.49812e-16	7.33653e-17	1.48737e-17	2.91622e-18	5.53226e-19	1.01593e-19	1.80679e-20	3.11335e-21	5.20015e-22	8.42351e-23	1.32789e-23	2.31764e-24	2.31764e-24	
0.0252802	0.0192448	0.0143319	0.0104288	0.00740585	0.00512602	0.00345387	0.00226258	0.00143922	0.000887868	0.000530572	0.000306775	0.000171437	9.25045e-05	4.81498e-05	2.4157e-05	1.16732e-05	5.4297e-06	2.42981e-06	1.0457e-06	4.32669e-07	1.72079e-07	6.57782e-08	2.41663e-08	8.53375e-09	2.89688e-09	9.45514e-10	2.96799e-10	8.96279e-11	2.60471e-11	7.28741e-12	1.96363e-12	5.09801e-13	1.27582e-13	3.07912e-14	7.16982e-15	1.61155e-15	3.49812e-16	7.33653e-17	1.48737e-17	2.91622e-18	5.53226e-19	1.01593e-19	1.80679e-20	3.11335e-21	5.20015e-22	8.42351e-23	1.32789e-23	2.31764e-24	2.31764e-24	
