3.72447e-17	3.72447e-17	3.92587e-16	4.14161e-15	4.03957e-14	3.63114e-13	2.99969e-12	2.27075e-11	1.57042e-10	9.89176e-10	5.65722e-09	2.92875e-08	1.36855e-07	5.75715e-07	2.1757e-06	7.37578e-06	2.24185e-05	6.11342e-05	0.000149876	0.000331495	0.000664731	0.00121563	0.0020405	0.0031641	0.00456015	0.00614153	0.0077652	0.00925203	0.0104178	0.0111078	0.0112268	0.0107584	0.00976751	0.0083882	0.00679692	0.00517892	0.0036948	0.00245554	0.00151137	0.000856076	0.000443351	0.00020863	8.87227e-05	3.39523e-05	1.16585e-05	3.58711e-06	9.88895e-07	2.4452e-07	5.43326e-08	1.08763e-08	
3.72447e-17	3.72447e-17	3.92587e-16	4.14161e-15	4.03957e-14	3.63114e-13	2.99969e-12	2.27075e-11	1.57042e-10	9.89176e-10	5.65722e-09	2.92875e-08	1.36855e-07	5.75715e-07	2.1757e-06	7.37578e-06	2.24185e-05	6.11342e-05	0.000149876	0.000331495	0.000664731	0.00121563	0.0020405	0.0031641	0.00456015	0.00614153	0.0077652	0.00925203	0.0104178	0.0111078	0.0112268	0.0107584	0.00976751	0.0083882	0.00679692	0.00517892	0.0036948	0.00245554	0.00151137	0.000856076	0.000443351	0.00020863	8.87227e-05	3.39523e-05	1.16585e-05	3.58711e-06	9.88895e-07	2.4452e-07	5.43326e-08	1.08763e-08	
3.92587e-16	3.92587e-16	3.9702e-15	4.02371e-14	3.76478e-13	3.24099e-12	2.55957e-11	1.84875e-10	1.21742e-09	7.28542e-09	3.94931e-08	1.93319e-07	8.51998e-07	3.37209e-06	1.19617e-05	3.79869e-05	0.000108001	0.000275297	0.000631106	0.00130733	0.00246222	0.00424607	0.00675411	0.00998089	0.0137922	0.0179249	0.0220161	0.0256552	0.0284481	0.0300789	0.0303587	0.0292548	0.0268957	0.0235514	0.0195916	0.0154282	0.0114502	0.00796579	0.00516233	0.00309495	0.00170398	0.000855315	0.00038882	0.000159204	5.84818e-05	1.92288e-05	5.65506e-06	1.48848e-06	3.51231e-07	7.44796e-08	
4.14161e-15	4.14161e-15	4.02371e-14	3.92293e-13	3.52595e-12	2.91117e-11	2.20114e-10	1.51925e-09	9.54049e-09	5.43267e-08	2.79575e-07	1.29603e-06	5.39586e-06	2.01251e-05	6.7121e-05	0.000200024	0.000532926	0.00127237	0.00273357	0.00531628	0.00942851	0.0153728	0.023232	0.0327939	0.0435399	0.0546998	0.0653543	0.0745615	0.0814789	0.0854638	0.0861435	0.0834544	0.077648	0.0692658	0.0590809	0.0480091	0.0369944	0.0268807	0.018297	0.0115803	0.00676044	0.00361059	0.00175047	0.00076525	0.000300135	0.000105265	3.2968e-05	9.22161e-06	2.30696e-06	5.17369e-07	
4.03957e-14	4.03957e-14	3.76478e-13	3.52595e-12	3.03962e-11	2.40278e-10	1.73602e-09	1.14255e-08	6.826e-08	3.6888e-07	1.79681e-06	7.8623e-06	3.08105e-05	0.000107862	0.000336785	0.000937568	0.0023302	0.0051876	0.0104015	0.0189228	0.0315058	0.0484495	0.0694306	0.0934851	0.119129	0.144571	0.167949	0.187546	0.201945	0.210124	0.21151	0.206009	0.194002	0.176336	0.154279	0.129444	0.103657	0.0787669	0.0564081	0.0377731	0.0234476	0.0133698	0.00694021	0.00325349	0.00136859	0.000514334	0.000172294	5.14247e-05	1.36908e-05	3.25832e-06	
3.63114e-13	3.63114e-13	3.24099e-12	2.91117e-11	2.40278e-10	1.81488e-09	1.25021e-08	7.82635e-08	4.4358e-07	2.2677e-06	1.04178e-05	4.28553e-05	0.000157361	0.000514495	0.00149577	0.00386743	0.00891295	0.0183935	0.0342295	0.0579609	0.0902086	0.130368	0.176636	0.226326	0.27631	0.323468	0.365025	0.398728	0.422897	0.436416	0.438693	0.42963	0.409621	0.379565	0.340913	0.29569	0.246476	0.196286	0.148293	0.105417	0.0698603	0.0427293	0.0238755	0.0120714	0.00547862	0.00221916	0.00079957	0.000255973	7.28643e-05	1.84808e-05	
2.99969e-12	2.99969e-12	2.55957e-11	2.20114e-10	1.73602e-09	1.25021e-08	8.19105e-08	4.86366e-07	2.60691e-06	1.25624e-05	5.42082e-05	0.000208669	0.000714197	0.00216814	0.00583173	0.0139099	0.0295212	0.0560973	0.0963024	0.150989	0.218728	0.29607	0.378325	0.460488	0.537997	0.6072	0.66547	0.711062	0.742909	0.760427	0.763356	0.751655	0.725493	0.685308	0.631949	0.566863	0.492297	0.411491	0.328685	0.248781	0.176701	0.116496	0.0704723	0.0386769	0.0190684	0.00838183	0.0032695	0.00112947	0.000345649	9.38846e-05	
2.27075e-11	2.27075e-11	1.84875e-10	1.51925e-09	1.14255e-08	7.82635e-08	4.86366e-07	2.7308e-06	1.37932e-05	6.23996e-05	0.000251737	0.000901958	0.00286011	0.00800733	0.019779	0.0431826	0.0837447	0.145481	0.228987	0.330862	0.444673	0.562697	0.677638	0.783722	0.877114	0.955781	1.01895	1.06654	1.09887	1.11634	1.11924	1.10761	1.08127	1.03984	0.982933	0.910435	0.822781	0.72142	0.609432	0.491835	0.37541	0.267882	0.176419	0.105815	0.0570998	0.0274503	0.0116802	0.00438483	0.00145178	0.000424671	
1.57042e-10	1.57042e-10	1.21742e-09	9.54049e-09	6.826e-08	4.4358e-07	2.60691e-06	1.37932e-05	6.53935e-05	0.000276457	0.00103719	0.0034378	0.0100292	0.025692	0.0577864	0.114479	0.201207	0.317368	0.455837	0.605554	0.755007	0.894873	1.01916	1.12507	1.21225	1.28174	1.33497	1.37351	1.39893	1.41242	1.41464	1.40572	1.38518	1.35204	1.30488	1.24209	1.16217	1.06382	0.946697	0.812527	0.665967	0.51507	0.37069	0.244461	0.145501	0.0771567	0.0361214	0.0148558	0.00536063	0.00169967	
9.89176e-10	9.89176e-10	7.28542e-09	5.43267e-08	3.6888e-07	2.2677e-06	1.25624e-05	6.23996e-05	0.000276457	0.00108657	0.00376826	0.0114737	0.0305493	0.0709719	0.143996	0.256528	0.405645	0.578491	0.757991	0.929133	1.08202	1.21213	1.31887	1.40394	1.47007	1.5198	1.55548	1.57976	1.59499	1.60276	1.60401	1.59896	1.58687	1.56643	1.53557	1.49173	1.43245	1.35532	1.25754	1.13687	0.992797	0.828092	0.650422	0.472889	0.312368	0.184253	0.0957896	0.0435539	0.0172721	0.00597993	
5.65722e-09	5.65722e-09	3.94931e-08	2.79575e-07	1.79681e-06	1.04178e-05	5.42082e-05	0.000251737	0.00103719	0.00376826	0.011999	0.0332999	0.0802009	0.167356	0.30344	0.482542	0.684409	0.885264	1.06824	1.22529	1.35451	1.45734	1.53623	1.59423	1.63419	1.6588	1.672	1.67815	1.68023	1.68055	1.68056	1.68044	1.67932	1.67512	1.66513	1.64557	1.61206	1.56165	1.49151	1.39861	1.28021	1.13426	0.96113	0.765961	0.561895	0.370827	0.215954	0.109598	0.0482068	0.0183754	
2.92875e-08	2.92875e-08	1.93319e-07	1.29603e-06	7.8623e-06	4.28553e-05	0.000208669	0.000901958	0.0034378	0.0114737	0.0332999	0.0835213	0.180273	0.334801	0.538732	0.763755	0.979162	1.16846	1.32767	1.45653	1.55574	1.62619	1.6697	1.68981	1.69048	1.67785	1.65942	1.64045	1.62433	1.61459	1.61298	1.61933	1.63327	1.65158	1.6708	1.68656	1.69204	1.68021	1.64664	1.58726	1.49976	1.38279	1.23568	1.05834	0.852247	0.627966	0.411685	0.235179	0.115806	0.0490284	
1.36855e-07	1.36855e-07	8.51998e-07	5.39586e-06	3.08105e-05	0.000157361	0.000714197	0.00286011	0.0100292	0.0305493	0.0802009	0.180273	0.345813	0.568206	0.812005	1.03907	1.23426	1.39872	1.53047	1.62494	1.68062	1.69902	1.68624	1.64978	1.59812	1.54185	1.48827	1.44109	1.40564	1.38556	1.38212	1.39556	1.42506	1.46811	1.51997	1.57574	1.63064	1.6741	1.69743	1.69234	1.65203	1.57319	1.45572	1.30378	1.12111	0.906147	0.665387	0.429435	0.238526	0.113109	
5.75715e-07	5.75715e-07	3.37209e-06	2.01251e-05	0.000107862	0.000514495	0.00216814	0.00800733	0.025692	0.0709719	0.167356	0.334801	0.568206	0.828092	1.06783	1.27148	1.44511	1.58187	1.66782	1.70171	1.68855	1.63768	1.56061	1.46661	1.36723	1.2713	1.18353	1.10979	1.05773	1.02829	1.0228	1.04356	1.08638	1.15197	1.23508	1.32839	1.42724	1.52475	1.60953	1.67245	1.70171	1.68778	1.62304	1.50532	1.34488	1.15366	0.928074	0.671735	0.421781	0.225401	
2.1757e-06	2.1757e-06	1.19617e-05	6.7121e-05	0.000336785	0.00149577	0.00583173	0.019779	0.0577864	0.143996	0.30344	0.538732	0.812005	1.06783	1.28356	1.46853	1.61191	1.68827	1.70015	1.65985	1.57564	1.46031	1.3231	1.17541	1.02894	0.891382	0.770441	0.675461	0.608286	0.570585	0.564089	0.589874	0.645634	0.729794	0.840267	0.972956	1.11593	1.26504	1.4071	1.5328	1.63066	1.68963	1.70022	1.65094	1.5326	1.36162	1.15903	0.91881	0.646663	0.389711	
7.37578e-06	7.37578e-06	3.79869e-05	0.000200024	0.000937568	0.00386743	0.0139099	0.0431826	0.114479	0.256528	0.482542	0.763755	1.03907	1.27148	1.46853	1.62167	1.69481	1.69209	1.63498	1.52289	1.36818	1.1837	0.982973	0.782181	0.592429	0.424079	0.283314	0.174945	0.0968122	0.0548748	0.0491435	0.0756175	0.140367	0.236416	0.364051	0.521918	0.704034	0.901758	1.10425	1.29665	1.46538	1.59573	1.67546	1.70112	1.66088	1.53698	1.35439	1.13769	0.877921	0.591633	
2.24185e-05	2.24185e-05	0.000108001	0.000532926	0.0023302	0.00891295	0.0295212	0.0837447	0.201207	0.405645	0.684409	0.979162	1.23426	1.44511	1.61191	1.69481	1.68838	1.62268	1.48703	1.29202	1.06388	0.814669	0.566495	0.329514	0.117006	-0.0662086	-0.216475	-0.331467	-0.408417	-0.450758	-0.457308	-0.429133	-0.366821	-0.267481	-0.130055	0.0387222	0.241576	0.468536	0.715059	0.964566	1.2042	1.41403	1.57681	1.66918	1.70067	1.65631	1.5184	1.32306	1.08749	0.804498	
6.11342e-05	6.11342e-05	0.000275297	0.00127237	0.0051876	0.0183935	0.0560973	0.145481	0.317368	0.578491	0.885264	1.16846	1.39872	1.58187	1.68827	1.69209	1.62268	1.47376	1.2466	0.987297	0.698157	0.406289	0.123108	-0.134492	-0.35859	-0.543903	-0.68748	-0.790652	-0.858038	-0.895043	-0.901756	-0.877816	-0.822909	-0.732834	-0.607046	-0.437453	-0.228395	0.0161915	0.291565	0.580615	0.874192	1.14636	1.3892	1.57412	1.67212	1.70102	1.63596	1.47755	1.26618	1.00437	
0.000149876	0.000149876	0.000631106	0.00273357	0.0104015	0.0342295	0.0963024	0.228987	0.455837	0.757991	1.06824	1.32767	1.53047	1.66782	1.70015	1.63498	1.48703	1.2466	0.962525	0.641018	0.301307	-0.0219203	-0.322844	-0.577407	-0.78792	-0.948936	-1.06575	-1.14793	-1.19832	-1.22153	-1.22607	-1.21288	-1.17101	-1.10241	-1.00068	-0.856661	-0.668239	-0.428995	-0.14719	0.170874	0.503957	0.839602	1.13613	1.40062	1.58681	1.68374	1.69493	1.59548	1.41442	1.17888	
0.000331495	0.000331495	0.00130733	0.00531628	0.0189228	0.0579609	0.150989	0.330862	0.605554	0.929133	1.22529	1.45653	1.62494	1.70171	1.65985	1.52289	1.29202	0.987297	0.641018	0.262152	-0.0940599	-0.431617	-0.7145	-0.950533	-1.12147	-1.24767	-1.32265	-1.3654	-1.38589	-1.39485	-1.39673	-1.38847	-1.37501	-1.34532	-1.28137	-1.1784	-1.02617	-0.815023	-0.552457	-0.232244	0.115601	0.49051	0.853697	1.17605	1.44299	1.6152	1.69844	1.67001	1.53209	1.32498	
0.000664731	0.000664731	0.00246222	0.00942851	0.0315058	0.0902086	0.218728	0.444673	0.755007	1.08202	1.35451	1.55574	1.68062	1.68855	1.57564	1.36818	1.06388	0.698157	0.301307	-0.0940599	-0.464691	-0.787878	-1.04316	-1.22953	-1.3469	-1.40511	-1.42569	-1.41822	-1.40962	-1.4002	-1.39532	-1.40367	-1.4171	-1.42482	-1.41636	-1.37813	-1.28234	-1.12806	-0.896657	-0.602773	-0.245147	0.139844	0.542603	0.921439	1.25704	1.50432	1.6557	1.69992	1.61739	1.44327	
0.00121563	0.00121563	0.00424607	0.0153728	0.0484495	0.130368	0.29607	0.562697	0.894873	1.21213	1.45734	1.62619	1.69902	1.63768	1.46031	1.1837	0.814669	0.406289	-0.0219203	-0.431617	-0.787878	-1.07114	-1.27387	-1.38952	-1.43585	-1.42407	-1.38128	-1.32757	-1.27722	-1.25242	-1.24872	-1.26392	-1.30547	-1.35912	-1.41061	-1.43646	-1.41554	-1.33074	-1.16163	-0.911511	-0.581311	-0.191048	0.235896	0.654509	1.04416	1.36164	1.57841	1.69064	1.6698	1.53473	
0.0020405	0.0020405	0.00675411	0.023232	0.0694306	0.176636	0.378325	0.677638	1.01916	1.31887	1.53623	1.6697	1.68624	1.56061	1.3231	0.982973	0.566495	0.123108	-0.322844	-0.7145	-1.04316	-1.27387	-1.40705	-1.4427	-1.40403	-1.31441	-1.20934	-1.11659	-1.05473	-1.01982	-1.01288	-1.03709	-1.08804	-1.16951	-1.27327	-1.37217	-1.435	-1.43197	-1.33838	-1.14794	-0.85488	-0.487055	-0.0579809	0.390865	0.822423	1.19925	1.47745	1.65147	1.69235	1.60088	
0.0031641	0.0031641	0.00998089	0.0327939	0.0934851	0.226326	0.460488	0.783722	1.12507	1.40394	1.59423	1.68981	1.64978	1.46661	1.17541	0.782181	0.329514	-0.134492	-0.577407	-0.950533	-1.22953	-1.38952	-1.4427	-1.39014	-1.27311	-1.12378	-0.981349	-0.87823	-0.809889	-0.781896	-0.779749	-0.795743	-0.845179	-0.933598	-1.06427	-1.2138	-1.34951	-1.43198	-1.42368	-1.30729	-1.07522	-0.736325	-0.317179	0.14469	0.605019	1.02912	1.36267	1.59227	1.69112	1.64468	
0.00456015	0.00456015	0.0137922	0.0435399	0.119129	0.27631	0.537997	0.877114	1.21225	1.47007	1.63419	1.69048	1.59812	1.36723	1.02894	0.592429	0.117006	-0.35859	-0.78792	-1.12147	-1.3469	-1.43585	-1.40403	-1.27311	-1.08658	-0.902108	-0.759628	-0.686208	-0.65906	-0.636548	-0.631357	-0.649954	-0.671107	-0.722863	-0.838459	-1.00996	-1.20319	-1.36134	-1.43736	-1.39867	-1.22728	-0.933839	-0.539814	-0.0761151	0.403937	0.864131	1.24375	1.52155	1.67299	1.67044	
0.00614153	0.00614153	0.0179249	0.0546998	0.144571	0.323468	0.6072	0.955781	1.28174	1.5198	1.6588	1.67785	1.54185	1.2713	0.891382	0.424079	-0.0662086	-0.543903	-0.948936	-1.24767	-1.40511	-1.42407	-1.31441	-1.12378	-0.902108	-0.730521	-0.628534	-0.604197	-0.603559	-0.588818	-0.584897	-0.600716	-0.604466	-0.611077	-0.680624	-0.824039	-1.03452	-1.24434	-1.39325	-1.42865	-1.32768	-1.08273	-0.71737	-0.26014	0.226858	0.712634	1.13011	1.44729	1.64422	1.68276	
0.0077652	0.0077652	0.0220161	0.0653543	0.167949	0.365025	0.66547	1.01895	1.33497	1.55548	1.672	1.65942	1.48827	1.18353	0.770441	0.283314	-0.216475	-0.68748	-1.06575	-1.32265	-1.42569	-1.38128	-1.20934	-0.981349	-0.759628	-0.628534	-0.605188	-0.619817	-0.627932	-0.59636	-0.584825	-0.61894	-0.625822	-0.610042	-0.609854	-0.692132	-0.888771	-1.11984	-1.32611	-1.42386	-1.38469	-1.18347	-0.854338	-0.409662	0.0802682	0.583369	1.03114	1.37801	1.61058	1.68541	
0.00925203	0.00925203	0.0256552	0.0745615	0.187546	0.398728	0.711062	1.06654	1.37351	1.57976	1.67815	1.64045	1.44109	1.10979	0.675461	0.174945	-0.331467	-0.790652	-1.14793	-1.3654	-1.41822	-1.32757	-1.11659	-0.87823	-0.686208	-0.604197	-0.619817	-0.624934	-0.598568	-0.574339	-0.570047	-0.588153	-0.614249	-0.627852	-0.605104	-0.636768	-0.794416	-1.01649	-1.25638	-1.39524	-1.40915	-1.24964	-0.952288	-0.520685	-0.0310518	0.477963	0.949438	1.32135	1.57953	1.68235	
0.0104178	0.0104178	0.0284481	0.0814789	0.201945	0.422897	0.742909	1.09887	1.39893	1.59499	1.68023	1.62433	1.40564	1.05773	0.608286	0.0968122	-0.408417	-0.858038	-1.19832	-1.38589	-1.40962	-1.27722	-1.05473	-0.809889	-0.65906	-0.603559	-0.627932	-0.598568	-0.523733	-0.528811	-0.540039	-0.51669	-0.56426	-0.62894	-0.609435	-0.625435	-0.737609	-0.949882	-1.19853	-1.36961	-1.41781	-1.29139	-1.01109	-0.598025	-0.108755	0.406486	0.8902	1.27885	1.55549	1.67792	
0.0111078	0.0111078	0.0300789	0.0854638	0.210124	0.436416	0.760427	1.11634	1.41242	1.60276	1.68055	1.61459	1.38556	1.02829	0.570585	0.0548748	-0.450758	-0.895043	-1.22153	-1.39485	-1.4002	-1.25242	-1.01982	-0.781896	-0.636548	-0.588818	-0.59636	-0.574339	-0.528811	-0.535754	-0.546094	-0.525582	-0.552399	-0.594646	-0.588106	-0.608228	-0.710602	-0.918114	-1.16719	-1.35454	-1.41928	-1.3088	-1.04322	-0.638258	-0.150902	0.36647	0.857105	1.25472	1.54133	1.67466	
0.0112268	0.0112268	0.0303587	0.0861435	0.21151	0.438693	0.763356	1.11924	1.41464	1.60401	1.68056	1.61298	1.38212	1.0228	0.564089	0.0491435	-0.457308	-0.901756	-1.22607	-1.39673	-1.39532	-1.24872	-1.01288	-0.779749	-0.631357	-0.584897	-0.584825	-0.570047	-0.540039	-0.546094	-0.552976	-0.537826	-0.556014	-0.583992	-0.582769	-0.603165	-0.707861	-0.913153	-1.16151	-1.35005	-1.41791	-1.31218	-1.05084	-0.644398	-0.15845	0.35925	0.852242	1.25094	1.53873	1.67397	
0.0107584	0.0107584	0.0292548	0.0834544	0.206009	0.42963	0.751655	1.10761	1.40572	1.59896	1.68044	1.61933	1.39556	1.04356	0.589874	0.0756175	-0.429133	-0.877816	-1.21288	-1.38847	-1.40367	-1.26392	-1.03709	-0.795743	-0.649954	-0.600716	-0.61894	-0.588153	-0.51669	-0.525582	-0.537826	-0.511632	-0.553974	-0.619036	-0.603908	-0.619453	-0.724634	-0.934086	-1.18241	-1.3613	-1.41619	-1.3017	-1.0289	-0.619273	-0.128607	0.387803	0.873327	1.26638	1.54855	1.67648	
0.00976751	0.00976751	0.0268957	0.077648	0.194002	0.409621	0.725493	1.08127	1.38518	1.58687	1.67932	1.63327	1.42506	1.08638	0.645634	0.140367	-0.366821	-0.822909	-1.17101	-1.37501	-1.4171	-1.30547	-1.08804	-0.845179	-0.671107	-0.604466	-0.625822	-0.614249	-0.56426	-0.552399	-0.556014	-0.553974	-0.591799	-0.631969	-0.607086	-0.630461	-0.765464	-0.986114	-1.23021	-1.3858	-1.41471	-1.26798	-0.980197	-0.556652	-0.0658949	0.445763	0.922729	1.30235	1.56892	1.6806	
0.0083882	0.0083882	0.0235514	0.0692658	0.176336	0.379565	0.685308	1.03984	1.35204	1.56643	1.67512	1.65158	1.46811	1.15197	0.729794	0.236416	-0.267481	-0.732834	-1.10241	-1.34532	-1.42482	-1.35912	-1.16951	-0.933598	-0.722863	-0.611077	-0.610042	-0.627852	-0.62894	-0.594646	-0.583992	-0.619036	-0.631969	-0.617348	-0.60307	-0.660721	-0.845104	-1.07351	-1.29802	-1.41201	-1.39982	-1.21395	-0.89769	-0.458696	0.0314532	0.537898	0.996375	1.35379	1.59748	1.6846	
0.00679692	0.00679692	0.0195916	0.0590809	0.154279	0.340913	0.631949	0.982933	1.30488	1.53557	1.66513	1.6708	1.51997	1.23508	0.840267	0.364051	-0.130055	-0.607046	-1.00068	-1.28137	-1.41636	-1.41061	-1.27327	-1.06427	-0.838459	-0.680624	-0.609854	-0.605104	-0.609435	-0.588106	-0.582769	-0.603908	-0.607086	-0.60307	-0.642576	-0.763869	-0.972313	-1.19487	-1.36915	-1.43106	-1.3528	-1.12848	-0.777294	-0.324622	0.163683	0.658783	1.08914	1.41832	1.63074	1.68482	
0.00517892	0.00517892	0.0154282	0.0480091	0.129444	0.29569	0.566863	0.910435	1.24209	1.49173	1.64557	1.68656	1.57574	1.32839	0.972956	0.521918	0.0387222	-0.437453	-0.856661	-1.1784	-1.37813	-1.43646	-1.37217	-1.2138	-1.00996	-0.824039	-0.692132	-0.636768	-0.625435	-0.608228	-0.603165	-0.619453	-0.630461	-0.660721	-0.763869	-0.930434	-1.1348	-1.31741	-1.42458	-1.41728	-1.27509	-0.997788	-0.6152	-0.154622	0.329611	0.801415	1.19713	1.49181	1.6625	1.67684	
0.0036948	0.0036948	0.0114502	0.0369944	0.103657	0.246476	0.492297	0.822781	1.16217	1.43245	1.61206	1.69204	1.63064	1.42724	1.11593	0.704034	0.241576	-0.228395	-0.668239	-1.02617	-1.28234	-1.41554	-1.435	-1.34951	-1.20319	-1.03452	-0.888771	-0.794416	-0.737609	-0.710602	-0.707861	-0.724634	-0.765464	-0.845104	-0.972313	-1.1348	-1.29761	-1.41066	-1.43755	-1.35042	-1.14201	-0.823352	-0.411073	0.0527816	0.521225	0.962007	1.31564	1.56509	1.68551	1.65693	
0.00245554	0.00245554	0.00796579	0.0268807	0.0787669	0.196286	0.411491	0.72142	1.06382	1.35532	1.56165	1.68021	1.6741	1.52475	1.26504	0.901758	0.468536	0.0161915	-0.428995	-0.815023	-1.12806	-1.33074	-1.43197	-1.43198	-1.36134	-1.24434	-1.11984	-1.01649	-0.949882	-0.918114	-0.913153	-0.934086	-0.986114	-1.07351	-1.19487	-1.31741	-1.41066	-1.4429	-1.38296	-1.22242	-0.951224	-0.590749	-0.166005	0.289282	0.73412	1.13143	1.43285	1.62984	1.6944	1.62092	
0.00151137	0.00151137	0.00516233	0.018297	0.0564081	0.148293	0.328685	0.609432	0.946697	1.25754	1.49151	1.64664	1.69743	1.60953	1.4071	1.10425	0.715059	0.291565	-0.14719	-0.552457	-0.896657	-1.16163	-1.33838	-1.42368	-1.43736	-1.39325	-1.32611	-1.25638	-1.19853	-1.16719	-1.16151	-1.18241	-1.23021	-1.29802	-1.36915	-1.42458	-1.43755	-1.38296	-1.24288	-1.01391	-0.697145	-0.316706	0.116109	0.548493	0.954758	1.2982	1.54084	1.67825	1.68212	1.56412	
0.000856076	0.000856076	0.00309495	0.0115803	0.0377731	0.105417	0.248781	0.491835	0.812527	1.13687	1.39861	1.58726	1.69234	1.67245	1.5328	1.29665	0.964566	0.580615	0.170874	-0.232244	-0.602773	-0.911511	-1.14794	-1.30729	-1.39867	-1.42865	-1.42386	-1.39524	-1.36961	-1.35454	-1.35005	-1.3613	-1.3858	-1.41201	-1.43106	-1.41728	-1.35042	-1.22242	-1.01391	-0.735985	-0.385523	0.00645308	0.418848	0.81443	1.17408	1.45066	1.62851	1.70054	1.64227	1.48306	
0.000443351	0.000443351	0.00170398	0.00676044	0.0234476	0.0698603	0.176701	0.37541	0.665967	0.992797	1.28021	1.49976	1.65203	1.70171	1.63066	1.46538	1.2042	0.874192	0.503957	0.115601	-0.245147	-0.581311	-0.85488	-1.07522	-1.22728	-1.32768	-1.38469	-1.40915	-1.41781	-1.41928	-1.41791	-1.41619	-1.41471	-1.39982	-1.3528	-1.27509	-1.14201	-0.951224	-0.697145	-0.385523	-0.0304674	0.346763	0.731149	1.07807	1.37208	1.57496	1.6866	1.68742	1.57025	1.3756	
0.00020863	0.00020863	0.000855315	0.00361059	0.0133698	0.0427293	0.116496	0.267882	0.51507	0.828092	1.13426	1.38279	1.57319	1.68778	1.68963	1.59573	1.41403	1.14636	0.839602	0.49051	0.139844	-0.191048	-0.487055	-0.736325	-0.933839	-1.08273	-1.18347	-1.24964	-1.29139	-1.3088	-1.31218	-1.3017	-1.26798	-1.21395	-1.12848	-0.997788	-0.823352	-0.590749	-0.316706	0.00645308	0.346763	0.704543	1.02805	1.31415	1.53502	1.66249	1.70287	1.63083	1.46526	1.24075	
8.87227e-05	8.87227e-05	0.00038882	0.00175047	0.00694021	0.0238755	0.0704723	0.176419	0.37069	0.650422	0.96113	1.23568	1.45572	1.62304	1.70022	1.67546	1.57681	1.3892	1.13613	0.853697	0.542603	0.235896	-0.0579809	-0.317179	-0.539814	-0.71737	-0.854338	-0.952288	-1.01109	-1.04322	-1.05084	-1.0289	-0.980197	-0.89769	-0.777294	-0.6152	-0.411073	-0.166005	0.116109	0.418848	0.731149	1.02805	1.2921	1.51383	1.64542	1.70044	1.66676	1.52979	1.32908	1.07757	
3.39523e-05	3.39523e-05	0.000159204	0.00076525	0.00325349	0.0120714	0.0386769	0.105815	0.244461	0.472889	0.765961	1.05834	1.30378	1.50532	1.65094	1.70112	1.66918	1.57412	1.40062	1.17605	0.921439	0.654509	0.390865	0.14469	-0.0761151	-0.26014	-0.409662	-0.520685	-0.598025	-0.638258	-0.644398	-0.619273	-0.556652	-0.458696	-0.324622	-0.154622	0.0527816	0.289282	0.548493	0.81443	1.07807	1.31415	1.51383	1.6399	1.69483	1.68279	1.57266	1.38878	1.1626	0.887094	
1.16585e-05	1.16585e-05	5.84818e-05	0.000300135	0.00136859	0.00547862	0.0190684	0.0570998	0.145501	0.312368	0.561895	0.852247	1.12111	1.34488	1.5326	1.66088	1.70067	1.67212	1.58681	1.44299	1.25704	1.04416	0.822423	0.605019	0.403937	0.226858	0.0802682	-0.0310518	-0.108755	-0.150902	-0.15845	-0.128607	-0.0658949	0.0314532	0.163683	0.329611	0.521225	0.73412	0.954758	1.17408	1.37208	1.53502	1.64542	1.69483	1.68681	1.59407	1.42446	1.21533	0.965308	0.677278	
3.58711e-06	3.58711e-06	1.92288e-05	0.000105265	0.000514334	0.00221916	0.00838183	0.0274503	0.0771567	0.184253	0.370827	0.627966	0.906147	1.15366	1.36162	1.53698	1.65631	1.70102	1.68374	1.6152	1.50432	1.36164	1.19925	1.02912	0.864131	0.712634	0.583369	0.477963	0.406486	0.36647	0.35925	0.387803	0.445763	0.537898	0.658783	0.801415	0.962007	1.13143	1.2982	1.45066	1.57496	1.66249	1.70044	1.68279	1.59407	1.43649	1.24052	1.01057	0.740719	0.467551	
9.88895e-07	9.88895e-07	5.65506e-06	3.2968e-05	0.000172294	0.00079957	0.0032695	0.0116802	0.0361214	0.0957896	0.215954	0.411685	0.665387	0.928074	1.15903	1.35439	1.5184	1.63596	1.69493	1.69844	1.6557	1.57841	1.47745	1.36267	1.24375	1.13011	1.03114	0.949438	0.8902	0.857105	0.852242	0.873327	0.922729	0.996375	1.08914	1.19713	1.31564	1.43285	1.54084	1.62851	1.6866	1.70287	1.66676	1.57266	1.42446	1.24052	1.02528	0.77286	0.508888	0.285274	
2.4452e-07	2.4452e-07	1.48848e-06	9.22161e-06	5.14247e-05	0.000255973	0.00112947	0.00438483	0.0148558	0.0435539	0.109598	0.235179	0.429435	0.671735	0.91881	1.13769	1.32306	1.47755	1.59548	1.67001	1.69992	1.69064	1.65147	1.59227	1.52155	1.44729	1.37801	1.32135	1.27885	1.25472	1.25094	1.26638	1.30235	1.35379	1.41832	1.49181	1.56509	1.62984	1.67825	1.70054	1.68742	1.63083	1.52979	1.38878	1.21533	1.01057	0.77286	0.523159	0.30508	0.151498	
5.43326e-08	5.43326e-08	3.51231e-07	2.30696e-06	1.36908e-05	7.28643e-05	0.000345649	0.00145178	0.00536063	0.0172721	0.0482068	0.115806	0.238526	0.421781	0.646663	0.877921	1.08749	1.26618	1.41442	1.53209	1.61739	1.6698	1.69235	1.69112	1.67299	1.64422	1.61058	1.57953	1.55549	1.54133	1.53873	1.54855	1.56892	1.59748	1.63074	1.6625	1.68551	1.6944	1.68212	1.64227	1.57025	1.46526	1.32908	1.1626	0.965308	0.740719	0.508888	0.30508	0.157347	0.0695336	
1.08763e-08	1.08763e-08	7.44796e-08	5.17369e-07	3.25832e-06	1.84808e-05	9.38846e-05	0.000424671	0.00169967	0.00597993	0.0183754	0.0490284	0.113109	0.225401	0.389711	0.591633	0.804498	1.00437	1.17888	1.32498	1.44327	1.53473	1.60088	1.64468	1.67044	1.68276	1.68541	1.68235	1.67792	1.67466	1.67397	1.67648	1.6806	1.6846	1.68482	1.67684	1.65693	1.62092	1.56412	1.48306	1.3756	1.24075	1.07757	0.887094	0.677278	0.467551	0.285274	0.151498	0.0695336	0.0275645	
