0.775581	0.687106	0.615959	0.550807	0.487218	0.408932	0.307418	0.187657	0.0808408	0.0055672	-0.0516292	-0.0970152	-0.119987	-0.123663	-0.115555	-0.109753	-0.122677	-0.158154	-0.200226	-0.225971	-0.228902	-0.21339	-0.196049	-0.189264	-0.19639	-0.201232	-0.178456	-0.115716	-0.0369518	0.0339119	0.0982162	0.167167	0.262686	0.380461	0.500211	0.605027	0.684413	0.736711	0.766177	0.785789	0.792884	0.783327	0.760497	0.746374	0.762519	0.799566	0.839808	0.865642	0.878669	0.878669	
0.687106	0.659831	0.643817	0.62406	0.594609	0.536342	0.437248	0.313778	0.188591	0.0783221	-0.0189149	-0.101662	-0.156178	-0.18065	-0.187178	-0.190911	-0.206828	-0.231767	-0.260289	-0.278171	-0.269104	-0.246158	-0.226601	-0.222482	-0.238448	-0.248838	-0.225364	-0.166046	-0.0858007	-0.000708998	0.0833884	0.177862	0.286632	0.405326	0.519184	0.612755	0.681402	0.713291	0.713895	0.70025	0.683334	0.663174	0.63651	0.624583	0.642102	0.679751	0.717059	0.736995	0.746519	0.746519	
0.615959	0.643817	0.681308	0.704446	0.698599	0.653099	0.56781	0.447067	0.305611	0.162579	0.0333949	-0.0764552	-0.157485	-0.202117	-0.218494	-0.230004	-0.245181	-0.264394	-0.286984	-0.289051	-0.280393	-0.265027	-0.24912	-0.253251	-0.273859	-0.284115	-0.264444	-0.211229	-0.132372	-0.0374465	0.0683185	0.177912	0.292064	0.408186	0.513768	0.601204	0.659024	0.669849	0.637816	0.583975	0.533935	0.49498	0.464626	0.456882	0.4807	0.518254	0.547011	0.560818	0.561602	0.561602	
0.550807	0.62406	0.704446	0.758782	0.77514	0.751408	0.685047	0.575194	0.426039	0.270644	0.123058	-0.0053529	-0.0965685	-0.152375	-0.188101	-0.213458	-0.241776	-0.269258	-0.284538	-0.280613	-0.277614	-0.276466	-0.269455	-0.272657	-0.285285	-0.289065	-0.269567	-0.224257	-0.1524	-0.052295	0.0622801	0.177219	0.284613	0.389227	0.487261	0.562306	0.608689	0.600287	0.537517	0.44924	0.363476	0.301178	0.264683	0.262605	0.290243	0.324756	0.343413	0.342028	0.336873	0.336873	
0.487218	0.594609	0.698599	0.77514	0.81591	0.823547	0.783782	0.692027	0.560217	0.404972	0.248074	0.114554	0.0167374	-0.0581304	-0.121007	-0.17104	-0.219153	-0.260043	-0.275311	-0.273265	-0.280491	-0.287709	-0.285686	-0.284138	-0.280806	-0.273581	-0.251072	-0.20481	-0.128602	-0.0225932	0.0953278	0.200434	0.29155	0.379213	0.456952	0.520132	0.545405	0.512961	0.426682	0.303862	0.185839	0.0989523	0.0526096	0.0525198	0.0818301	0.110557	0.118744	0.109499	0.0992158	0.0992158	
0.408932	0.536342	0.653099	0.751408	0.823547	0.860513	0.851892	0.792087	0.691075	0.55168	0.395807	0.259794	0.14884	0.0468531	-0.0467727	-0.127843	-0.202815	-0.260807	-0.283046	-0.288185	-0.298172	-0.309496	-0.307819	-0.29056	-0.271511	-0.250718	-0.214574	-0.155766	-0.0695813	0.0452976	0.165959	0.260011	0.334072	0.400034	0.455968	0.493838	0.488093	0.430941	0.316211	0.162733	0.0184886	-0.0909545	-0.146508	-0.14442	-0.119046	-0.0993739	-0.0984637	-0.117151	-0.128135	-0.128135	
0.307418	0.437248	0.56781	0.685047	0.783782	0.851892	0.877928	0.861483	0.801437	0.690796	0.546088	0.400333	0.26772	0.136415	0.00196576	-0.119763	-0.218956	-0.288254	-0.320724	-0.334274	-0.340002	-0.345477	-0.337311	-0.307755	-0.269779	-0.224925	-0.163267	-0.0821125	0.0262082	0.153269	0.269741	0.353434	0.407822	0.449265	0.475822	0.480365	0.44248	0.353454	0.210729	0.0365347	-0.130283	-0.252963	-0.309248	-0.311017	-0.287847	-0.26978	-0.267871	-0.281521	-0.287364	-0.287364	
0.187657	0.313778	0.447067	0.575194	0.692027	0.792087	0.861483	0.887679	0.870916	0.794737	0.665348	0.513155	0.35788	0.19019	0.0170982	-0.142112	-0.263652	-0.350353	-0.395907	-0.411372	-0.408945	-0.398051	-0.373809	-0.329305	-0.273693	-0.198869	-0.103111	0.00702269	0.136671	0.273682	0.385254	0.453124	0.484567	0.495811	0.489402	0.460456	0.393325	0.282641	0.12398	-0.0613701	-0.235015	-0.355301	-0.410006	-0.413837	-0.387795	-0.368163	-0.354664	-0.350512	-0.352117	-0.352117	
0.0808408	0.188591	0.305611	0.426039	0.560217	0.691075	0.801437	0.870916	0.893878	0.847208	0.728464	0.562607	0.378917	0.18137	-0.0213766	-0.207193	-0.34985	-0.45039	-0.50534	-0.5178	-0.501225	-0.469166	-0.427426	-0.36799	-0.287561	-0.181244	-0.0556565	0.0833287	0.236722	0.382894	0.492523	0.548661	0.555731	0.533302	0.492298	0.430357	0.340172	0.222147	0.0637242	-0.11146	-0.268159	-0.375453	-0.419919	-0.425194	-0.406115	-0.379009	-0.352305	-0.336782	-0.330524	-0.330524	
0.0055672	0.0783221	0.162579	0.270644	0.404972	0.55168	0.690796	0.794737	0.847208	0.819275	0.706513	0.527863	0.315354	0.0942856	-0.129202	-0.331832	-0.488668	-0.597108	-0.651153	-0.662892	-0.634762	-0.575965	-0.504177	-0.420177	-0.311408	-0.171591	-0.0169814	0.145812	0.317141	0.471947	0.581176	0.622352	0.609369	0.561848	0.488665	0.404285	0.302834	0.188097	0.0486003	-0.101124	-0.227961	-0.310685	-0.345466	-0.351577	-0.34047	-0.313063	-0.277638	-0.261567	-0.254765	-0.254765	
-0.0516292	-0.0189149	0.0333949	0.123058	0.248074	0.395807	0.546088	0.665348	0.728464	0.706513	0.595127	0.405906	0.175253	-0.0653399	-0.301244	-0.509392	-0.672044	-0.780771	-0.831205	-0.836166	-0.789027	-0.70386	-0.600295	-0.47915	-0.336259	-0.169198	0.0081179	0.19453	0.381882	0.539145	0.646319	0.675456	0.642691	0.576735	0.482366	0.382256	0.278745	0.176723	0.0681851	-0.0454569	-0.138519	-0.193526	-0.217923	-0.224911	-0.214904	-0.185613	-0.145751	-0.128312	-0.126684	-0.126684	
-0.0970152	-0.101662	-0.0764552	-0.0053529	0.114554	0.259794	0.400333	0.513155	0.562607	0.527863	0.405906	0.207583	-0.0303026	-0.27823	-0.51295	-0.717379	-0.874259	-0.96916	-1.01004	-1.00213	-0.935762	-0.820989	-0.679626	-0.526666	-0.356968	-0.170916	0.0245852	0.224282	0.418613	0.584238	0.684914	0.705318	0.663058	0.580537	0.467933	0.350409	0.247292	0.158369	0.0846469	0.0160961	-0.0413438	-0.066755	-0.0735352	-0.0717659	-0.0523641	-0.0125501	0.0328206	0.0539459	0.0520511	0.0520511	
-0.119987	-0.156178	-0.157485	-0.0965685	0.0167374	0.14884	0.26772	0.35788	0.378917	0.315354	0.175253	-0.0303026	-0.269456	-0.516668	-0.739739	-0.920779	-1.05355	-1.12915	-1.15898	-1.13227	-1.04364	-0.899568	-0.722112	-0.54027	-0.354488	-0.162565	0.0394683	0.241863	0.437642	0.600678	0.690403	0.705775	0.655339	0.559957	0.437744	0.306489	0.19768	0.122038	0.0813003	0.05343	0.0408281	0.0497872	0.0678681	0.0928487	0.124985	0.173665	0.218845	0.239629	0.234931	0.234931	
-0.123663	-0.18065	-0.202117	-0.152375	-0.0581304	0.0468531	0.136415	0.19019	0.18137	0.0942856	-0.0653399	-0.27823	-0.516668	-0.749013	-0.946123	-1.09607	-1.19586	-1.24422	-1.24968	-1.19167	-1.07307	-0.900116	-0.700223	-0.503132	-0.305134	-0.107329	0.0862279	0.274911	0.453244	0.58971	0.663788	0.667918	0.610561	0.509072	0.380308	0.242536	0.130278	0.0686772	0.0562133	0.0692803	0.101223	0.14155	0.185839	0.23391	0.273681	0.324582	0.365696	0.380724	0.379441	0.379441	
-0.115555	-0.187178	-0.218494	-0.188101	-0.121007	-0.0467727	0.00196576	0.0170982	-0.0213766	-0.129202	-0.301244	-0.51295	-0.739739	-0.946123	-1.11741	-1.22981	-1.28868	-1.29426	-1.25189	-1.15068	-0.994786	-0.799192	-0.583038	-0.380966	-0.183667	0.00294742	0.175127	0.333149	0.472095	0.569436	0.616132	0.597934	0.527629	0.428669	0.297897	0.163772	0.0582226	0.00305424	0.012643	0.061729	0.12617	0.193876	0.258283	0.315619	0.359642	0.402729	0.43455	0.449541	0.452397	0.452397	
-0.109753	-0.190911	-0.230004	-0.213458	-0.17104	-0.127843	-0.119763	-0.142112	-0.207193	-0.331832	-0.509392	-0.717379	-0.920779	-1.09607	-1.22981	-1.30276	-1.31354	-1.26579	-1.16022	-1.00268	-0.803466	-0.587437	-0.370233	-0.170895	0.0123034	0.172272	0.301689	0.407689	0.490796	0.541231	0.551628	0.509918	0.429462	0.328855	0.204668	0.0812235	-0.0194208	-0.0706589	-0.0457159	0.0248151	0.112242	0.201056	0.271755	0.328652	0.370043	0.394307	0.411457	0.424965	0.427999	0.427999	
-0.122677	-0.206828	-0.245181	-0.241776	-0.219153	-0.202815	-0.218956	-0.263652	-0.34985	-0.488668	-0.672044	-0.874259	-1.05355	-1.19586	-1.28868	-1.31354	-1.26756	-1.15208	-0.973731	-0.757233	-0.523104	-0.293577	-0.0814621	0.104248	0.25932	0.379065	0.458609	0.502332	0.521629	0.521579	0.487399	0.422191	0.331012	0.227676	0.114679	-0.00540686	-0.104972	-0.156192	-0.129557	-0.046496	0.0585117	0.152164	0.220984	0.270945	0.29558	0.306379	0.309781	0.316963	0.324035	0.324035	
-0.158154	-0.231767	-0.264394	-0.269258	-0.260043	-0.260807	-0.288254	-0.350353	-0.45039	-0.597108	-0.780771	-0.96916	-1.12915	-1.24422	-1.29426	-1.26579	-1.15208	-0.957791	-0.709248	-0.440291	-0.186641	0.0470906	0.248412	0.411872	0.532507	0.602648	0.625656	0.607864	0.566719	0.514309	0.439902	0.344569	0.240022	0.132082	0.0246478	-0.0882712	-0.188357	-0.241493	-0.223857	-0.145207	-0.0425665	0.0418023	0.101516	0.140375	0.156319	0.159757	0.153446	0.15589	0.160874	0.160874	
-0.200226	-0.260289	-0.286984	-0.284538	-0.275311	-0.283046	-0.320724	-0.395907	-0.50534	-0.651153	-0.831205	-1.01004	-1.15898	-1.24968	-1.25189	-1.16022	-0.973731	-0.709248	-0.399559	-0.0894027	0.185694	0.412178	0.5866	0.713511	0.782474	0.798046	0.769809	0.701537	0.612002	0.515639	0.408846	0.29229	0.175632	0.0597845	-0.0481498	-0.162303	-0.264983	-0.319801	-0.315211	-0.248048	-0.165756	-0.103349	-0.0653547	-0.0463706	-0.0352448	-0.03607	-0.0419163	-0.0429764	-0.0399662	-0.0399662	
-0.225971	-0.278171	-0.289051	-0.280613	-0.273265	-0.288185	-0.334274	-0.411372	-0.5178	-0.662892	-0.836166	-1.00213	-1.13227	-1.19167	-1.15068	-1.00268	-0.757233	-0.440291	-0.0894027	0.250388	0.533344	0.748379	0.902924	0.987054	1.00164	0.962629	0.885137	0.772645	0.645601	0.518204	0.386354	0.253059	0.125779	0.00513933	-0.106587	-0.216068	-0.314835	-0.372552	-0.381966	-0.338814	-0.288462	-0.257339	-0.244048	-0.246489	-0.24361	-0.251427	-0.26594	-0.277949	-0.285376	-0.285376	
-0.228902	-0.269104	-0.280393	-0.277614	-0.280491	-0.298172	-0.340002	-0.408945	-0.501225	-0.634762	-0.789027	-0.935762	-1.04364	-1.07307	-0.994786	-0.803466	-0.523104	-0.186641	0.185694	0.533344	0.819402	1.02546	1.15473	1.20749	1.17845	1.09989	0.97964	0.831071	0.673327	0.514209	0.362951	0.220771	0.0827785	-0.0414115	-0.153862	-0.259672	-0.348962	-0.404282	-0.42054	-0.404516	-0.385543	-0.390106	-0.409304	-0.433721	-0.450221	-0.4681	-0.494961	-0.519776	-0.537712	-0.537712	
-0.21339	-0.246158	-0.265027	-0.276466	-0.287709	-0.309496	-0.345477	-0.398051	-0.469166	-0.575965	-0.70386	-0.820989	-0.899568	-0.900116	-0.799192	-0.587437	-0.293577	0.0470906	0.412178	0.748379	1.02546	1.2217	1.32934	1.35684	1.29991	1.1876	1.03685	0.864304	0.683434	0.500977	0.332594	0.177214	0.0325304	-0.0908745	-0.196475	-0.288915	-0.361688	-0.412379	-0.436718	-0.444722	-0.460411	-0.497039	-0.543781	-0.590053	-0.624799	-0.655474	-0.694752	-0.729736	-0.75571	-0.75571	
-0.196049	-0.226601	-0.24912	-0.269455	-0.285686	-0.307819	-0.337311	-0.373809	-0.427426	-0.504177	-0.600295	-0.679626	-0.722112	-0.700223	-0.583038	-0.370233	-0.0814621	0.248412	0.5866	0.902924	1.15473	1.32934	1.41966	1.41892	1.33957	1.20142	1.03028	0.843235	0.643833	0.454795	0.277432	0.113388	-0.0218159	-0.137844	-0.229488	-0.302048	-0.360322	-0.404843	-0.43537	-0.461269	-0.503393	-0.562852	-0.62936	-0.69231	-0.743966	-0.790566	-0.840747	-0.883974	-0.914013	-0.914013	
-0.189264	-0.222482	-0.253251	-0.272657	-0.284138	-0.29056	-0.307755	-0.329305	-0.36799	-0.420177	-0.47915	-0.526666	-0.54027	-0.503132	-0.380966	-0.170895	0.104248	0.411872	0.713511	0.987054	1.20749	1.35684	1.41892	1.38992	1.28991	1.13331	0.94693	0.752013	0.553814	0.365597	0.189108	0.0400374	-0.0812664	-0.183159	-0.255311	-0.316712	-0.366994	-0.405161	-0.434364	-0.46684	-0.516597	-0.583159	-0.65997	-0.729129	-0.794452	-0.854856	-0.90911	-0.955295	-0.982526	-0.982526	
-0.19639	-0.238448	-0.273859	-0.285285	-0.280806	-0.271511	-0.269779	-0.273693	-0.287561	-0.311408	-0.336259	-0.356968	-0.354488	-0.305134	-0.183667	0.0123034	0.25932	0.532507	0.782474	1.00164	1.17845	1.29991	1.33957	1.28991	1.1738	1.00519	0.810016	0.607636	0.411681	0.228211	0.0630541	-0.0708615	-0.171584	-0.247325	-0.301724	-0.346471	-0.383022	-0.4147	-0.438185	-0.467289	-0.514054	-0.574577	-0.63921	-0.699668	-0.765777	-0.82934	-0.888536	-0.934484	-0.959683	-0.959683	
-0.201232	-0.248838	-0.284115	-0.289065	-0.273581	-0.250718	-0.224925	-0.198869	-0.181244	-0.171591	-0.169198	-0.170916	-0.162565	-0.107329	0.00294742	0.172272	0.379065	0.602648	0.798046	0.962629	1.09989	1.1876	1.20142	1.13331	1.00519	0.830899	0.630477	0.421171	0.223176	0.0424599	-0.10983	-0.220171	-0.294952	-0.339577	-0.370649	-0.395457	-0.412475	-0.4274	-0.434396	-0.45149	-0.485504	-0.533991	-0.580257	-0.627032	-0.685531	-0.742113	-0.798547	-0.832567	-0.85325	-0.85325	
-0.178456	-0.225364	-0.264444	-0.269567	-0.251072	-0.214574	-0.163267	-0.103111	-0.0556565	-0.0169814	0.0081179	0.0245852	0.0394683	0.0862279	0.175127	0.301689	0.458609	0.625656	0.769809	0.885137	0.97964	1.03685	1.03028	0.94693	0.810016	0.630477	0.416303	0.196049	-0.00384749	-0.17463	-0.307289	-0.38992	-0.434651	-0.455363	-0.459495	-0.455048	-0.442439	-0.425436	-0.4072	-0.407749	-0.430388	-0.461894	-0.491739	-0.52361	-0.569826	-0.623899	-0.673986	-0.703782	-0.720851	-0.720851	
-0.115716	-0.166046	-0.211229	-0.224257	-0.20481	-0.155766	-0.0821125	0.00702269	0.0833287	0.145812	0.19453	0.224282	0.241863	0.274911	0.333149	0.407689	0.502332	0.607864	0.701537	0.772645	0.831071	0.864304	0.843235	0.752013	0.607636	0.421171	0.196049	-0.03011	-0.230834	-0.390555	-0.499624	-0.559644	-0.581272	-0.5753	-0.553099	-0.515814	-0.462269	-0.410508	-0.367167	-0.349501	-0.360216	-0.375323	-0.387081	-0.405687	-0.444507	-0.497168	-0.54517	-0.57703	-0.592848	-0.592848	
-0.0369518	-0.0858007	-0.132372	-0.1524	-0.128602	-0.0695813	0.0262082	0.136671	0.236722	0.317141	0.381882	0.418613	0.437642	0.453244	0.472095	0.490796	0.521629	0.566719	0.612002	0.645601	0.673327	0.683434	0.643833	0.553814	0.411681	0.223176	-0.00384749	-0.230834	-0.426567	-0.573961	-0.661905	-0.700568	-0.704206	-0.682953	-0.63796	-0.569228	-0.48108	-0.392648	-0.326169	-0.295198	-0.29366	-0.296274	-0.294975	-0.304518	-0.335571	-0.381542	-0.421435	-0.447329	-0.459986	-0.459986	
0.0339119	-0.000708998	-0.0374465	-0.052295	-0.0225932	0.0452976	0.153269	0.273682	0.382894	0.471947	0.539145	0.584238	0.600678	0.58971	0.569436	0.541231	0.521579	0.514309	0.515639	0.518204	0.514209	0.500977	0.454795	0.365597	0.228211	0.0424599	-0.17463	-0.390555	-0.573961	-0.698407	-0.768647	-0.79452	-0.784429	-0.755846	-0.695322	-0.598615	-0.483538	-0.370381	-0.292936	-0.258604	-0.253266	-0.247795	-0.236484	-0.235839	-0.253396	-0.283977	-0.304072	-0.318649	-0.322091	-0.322091	
0.0982162	0.0833884	0.0683185	0.0622801	0.0953278	0.165959	0.269741	0.385254	0.492523	0.581176	0.646319	0.684914	0.690403	0.663788	0.616132	0.551628	0.487399	0.439902	0.408846	0.386354	0.362951	0.332594	0.277432	0.189108	0.0630541	-0.10983	-0.307289	-0.499624	-0.661905	-0.768647	-0.823014	-0.83376	-0.815431	-0.778838	-0.706397	-0.594966	-0.465194	-0.3414	-0.263338	-0.231307	-0.224291	-0.216312	-0.201943	-0.196555	-0.202717	-0.214841	-0.212557	-0.207726	-0.199937	-0.199937	
0.167167	0.177862	0.177912	0.177219	0.200434	0.260011	0.353434	0.453124	0.548661	0.622352	0.675456	0.705318	0.705775	0.667918	0.597934	0.509918	0.422191	0.344569	0.29229	0.253059	0.220771	0.177214	0.113388	0.0400374	-0.0708615	-0.220171	-0.38992	-0.559644	-0.700568	-0.79452	-0.83376	-0.830119	-0.805772	-0.764429	-0.689524	-0.574168	-0.439639	-0.312728	-0.236319	-0.205711	-0.196369	-0.191144	-0.178456	-0.172995	-0.171778	-0.165272	-0.144006	-0.119906	-0.100308	-0.100308	
0.262686	0.286632	0.292064	0.284613	0.29155	0.334072	0.407822	0.484567	0.555731	0.609369	0.642691	0.663058	0.655339	0.610561	0.527629	0.429462	0.331012	0.240022	0.175632	0.125779	0.0827785	0.0325304	-0.0218159	-0.0812664	-0.171584	-0.294952	-0.434651	-0.581272	-0.704206	-0.784429	-0.815431	-0.805772	-0.778567	-0.737147	-0.66877	-0.555167	-0.422579	-0.300139	-0.224063	-0.191014	-0.177394	-0.16985	-0.157573	-0.15056	-0.138208	-0.117429	-0.0822879	-0.0422429	-0.0143914	-0.0143914	
0.380461	0.405326	0.408186	0.389227	0.379213	0.400034	0.449265	0.495811	0.533302	0.561848	0.576735	0.580537	0.559957	0.509072	0.428669	0.328855	0.227676	0.132082	0.0597845	0.00513933	-0.0414115	-0.0908745	-0.137844	-0.183159	-0.247325	-0.339577	-0.455363	-0.5753	-0.682953	-0.755846	-0.778838	-0.764429	-0.737147	-0.70433	-0.645877	-0.547087	-0.42571	-0.310321	-0.235988	-0.196533	-0.173747	-0.159875	-0.143386	-0.126267	-0.0999742	-0.0636254	-0.0176994	0.0318023	0.0671586	0.0671586	
0.500211	0.519184	0.513768	0.487261	0.456952	0.455968	0.475822	0.489402	0.492298	0.488665	0.482366	0.467933	0.437744	0.380308	0.297897	0.204668	0.114679	0.0246478	-0.0481498	-0.106587	-0.153862	-0.196475	-0.229488	-0.255311	-0.301724	-0.370649	-0.459495	-0.553099	-0.63796	-0.695322	-0.706397	-0.689524	-0.66877	-0.645877	-0.608369	-0.534623	-0.433208	-0.338845	-0.272406	-0.23185	-0.203626	-0.178187	-0.152999	-0.116302	-0.0658137	-0.0134274	0.0444917	0.101758	0.14163	0.14163	
0.605027	0.612755	0.601204	0.562306	0.520132	0.493838	0.480365	0.460456	0.430357	0.404285	0.382256	0.350409	0.306489	0.242536	0.163772	0.0812235	-0.00540686	-0.0882712	-0.162303	-0.216068	-0.259672	-0.288915	-0.302048	-0.316712	-0.346471	-0.395457	-0.455048	-0.515814	-0.569228	-0.598615	-0.594966	-0.574168	-0.555167	-0.547087	-0.534623	-0.492943	-0.426836	-0.36481	-0.319039	-0.285765	-0.256619	-0.223064	-0.183013	-0.124086	-0.0514423	0.0174479	0.080778	0.137406	0.179517	0.179517	
0.684413	0.681402	0.659024	0.608689	0.545405	0.488093	0.44248	0.393325	0.340172	0.302834	0.278745	0.247292	0.19768	0.130278	0.0582226	-0.0194208	-0.104972	-0.188357	-0.264983	-0.314835	-0.348962	-0.361688	-0.360322	-0.366994	-0.383022	-0.412475	-0.442439	-0.462269	-0.48108	-0.483538	-0.465194	-0.439639	-0.422579	-0.42571	-0.433208	-0.426836	-0.401468	-0.37697	-0.358511	-0.341919	-0.314859	-0.276423	-0.225323	-0.145904	-0.058038	0.0205544	0.0828025	0.134219	0.172547	0.172547	
0.736711	0.713291	0.669849	0.600287	0.512961	0.430941	0.353454	0.282641	0.222147	0.188097	0.176723	0.158369	0.122038	0.0686772	0.00305424	-0.0706589	-0.156192	-0.241493	-0.319801	-0.372552	-0.404282	-0.412379	-0.404843	-0.405161	-0.4147	-0.4274	-0.425436	-0.410508	-0.392648	-0.370381	-0.3414	-0.312728	-0.300139	-0.310321	-0.338845	-0.36481	-0.37697	-0.388488	-0.391849	-0.387653	-0.364638	-0.319993	-0.261417	-0.172999	-0.0748288	0.0053231	0.0643446	0.11232	0.143088	0.143088	
0.766177	0.713895	0.637816	0.537517	0.426682	0.316211	0.210729	0.12398	0.0637242	0.0486003	0.0681851	0.0846469	0.0813003	0.0562133	0.012643	-0.0457159	-0.129557	-0.223857	-0.315211	-0.381966	-0.42054	-0.436718	-0.43537	-0.434364	-0.438185	-0.434396	-0.4072	-0.367167	-0.326169	-0.292936	-0.263338	-0.236319	-0.224063	-0.235988	-0.272406	-0.319039	-0.358511	-0.391849	-0.415557	-0.418149	-0.396766	-0.352487	-0.282604	-0.189019	-0.0908466	-0.00655238	0.0491795	0.0868589	0.113626	0.113626	
0.785789	0.70025	0.583975	0.44924	0.303862	0.162733	0.0365347	-0.0613701	-0.11146	-0.101124	-0.0454569	0.0160961	0.05343	0.0692803	0.061729	0.0248151	-0.046496	-0.145207	-0.248048	-0.338814	-0.404516	-0.444722	-0.461269	-0.46684	-0.467289	-0.45149	-0.407749	-0.349501	-0.295198	-0.258604	-0.231307	-0.205711	-0.191014	-0.196533	-0.23185	-0.285765	-0.341919	-0.387653	-0.418149	-0.428713	-0.40934	-0.365264	-0.297272	-0.206847	-0.108098	-0.0212374	0.0404041	0.0851201	0.107039	0.107039	
0.792884	0.683334	0.533935	0.363476	0.185839	0.0184886	-0.130283	-0.235015	-0.268159	-0.227961	-0.138519	-0.0413438	0.0408281	0.101223	0.12617	0.112242	0.0585117	-0.0425665	-0.165756	-0.288462	-0.385543	-0.460411	-0.503393	-0.516597	-0.514054	-0.485504	-0.430388	-0.360216	-0.29366	-0.253266	-0.224291	-0.196369	-0.177394	-0.173747	-0.203626	-0.256619	-0.314859	-0.364638	-0.396766	-0.40934	-0.397686	-0.359601	-0.296955	-0.218322	-0.126365	-0.0381376	0.0282879	0.0761146	0.095881	0.095881	
0.783327	0.663174	0.49498	0.301178	0.0989523	-0.0909545	-0.252963	-0.355301	-0.375453	-0.310685	-0.193526	-0.066755	0.0497872	0.14155	0.193876	0.201056	0.152164	0.0418023	-0.103349	-0.257339	-0.390106	-0.497039	-0.562852	-0.583159	-0.574577	-0.533991	-0.461894	-0.375323	-0.296274	-0.247795	-0.216312	-0.191144	-0.16985	-0.159875	-0.178187	-0.223064	-0.276423	-0.319993	-0.352487	-0.365264	-0.359601	-0.33101	-0.282076	-0.220457	-0.147355	-0.0702282	-0.00284008	0.0369414	0.05558	0.05558	
0.760497	0.63651	0.464626	0.264683	0.0526096	-0.146508	-0.309248	-0.410006	-0.419919	-0.345466	-0.217923	-0.0735352	0.0678681	0.185839	0.258283	0.271755	0.220984	0.101516	-0.0653547	-0.244048	-0.409304	-0.543781	-0.62936	-0.65997	-0.63921	-0.580257	-0.491739	-0.387081	-0.294975	-0.236484	-0.201943	-0.178456	-0.157573	-0.143386	-0.152999	-0.183013	-0.225323	-0.261417	-0.282604	-0.297272	-0.296955	-0.282076	-0.257416	-0.224151	-0.180507	-0.122735	-0.0685627	-0.0332875	-0.0218442	-0.0218442	
0.746374	0.624583	0.456882	0.262605	0.0525198	-0.14442	-0.311017	-0.413837	-0.425194	-0.351577	-0.224911	-0.0717659	0.0928487	0.23391	0.315619	0.328652	0.270945	0.140375	-0.0463706	-0.246489	-0.433721	-0.590053	-0.69231	-0.729129	-0.699668	-0.627032	-0.52361	-0.405687	-0.304518	-0.235839	-0.196555	-0.172995	-0.15056	-0.126267	-0.116302	-0.124086	-0.145904	-0.172999	-0.189019	-0.206847	-0.218322	-0.220457	-0.224151	-0.223081	-0.215929	-0.191745	-0.162996	-0.147835	-0.146685	-0.146685	
0.762519	0.642102	0.4807	0.290243	0.0818301	-0.119046	-0.287847	-0.387795	-0.406115	-0.34047	-0.214904	-0.0523641	0.124985	0.273681	0.359642	0.370043	0.29558	0.156319	-0.0352448	-0.24361	-0.450221	-0.624799	-0.743966	-0.794452	-0.765777	-0.685531	-0.569826	-0.444507	-0.335571	-0.253396	-0.202717	-0.171778	-0.138208	-0.0999742	-0.0658137	-0.0514423	-0.058038	-0.0748288	-0.0908466	-0.108098	-0.126365	-0.147355	-0.180507	-0.215929	-0.25249	-0.270372	-0.272518	-0.283826	-0.290762	-0.290762	
0.799566	0.679751	0.518254	0.324756	0.110557	-0.0993739	-0.26978	-0.368163	-0.379009	-0.313063	-0.185613	-0.0125501	0.173665	0.324582	0.402729	0.394307	0.306379	0.159757	-0.03607	-0.251427	-0.4681	-0.655474	-0.790566	-0.854856	-0.82934	-0.742113	-0.623899	-0.497168	-0.381542	-0.283977	-0.214841	-0.165272	-0.117429	-0.0636254	-0.0134274	0.0174479	0.0205544	0.0053231	-0.00655238	-0.0212374	-0.0381376	-0.0702282	-0.122735	-0.191745	-0.270372	-0.33249	-0.382592	-0.421031	-0.445488	-0.445488	
0.839808	0.717059	0.547011	0.343413	0.118744	-0.0984637	-0.267871	-0.354664	-0.352305	-0.277638	-0.145751	0.0328206	0.218845	0.365696	0.43455	0.411457	0.309781	0.153446	-0.0419163	-0.26594	-0.494961	-0.694752	-0.840747	-0.90911	-0.888536	-0.798547	-0.673986	-0.54517	-0.421435	-0.304072	-0.212557	-0.144006	-0.0822879	-0.0176994	0.0444917	0.080778	0.0828025	0.0643446	0.0491795	0.0404041	0.0282879	-0.00284008	-0.0685627	-0.162996	-0.272518	-0.382592	-0.473872	-0.541197	-0.582037	-0.582037	
0.865642	0.736995	0.560818	0.342028	0.109499	-0.117151	-0.281521	-0.350512	-0.336782	-0.261567	-0.128312	0.0539459	0.239629	0.380724	0.449541	0.424965	0.316963	0.15589	-0.0429764	-0.277949	-0.519776	-0.729736	-0.883974	-0.955295	-0.934484	-0.832567	-0.703782	-0.57703	-0.447329	-0.318649	-0.207726	-0.119906	-0.0422429	0.0318023	0.101758	0.137406	0.134219	0.11232	0.0868589	0.0851201	0.0761146	0.0369414	-0.0332875	-0.147835	-0.283826	-0.421031	-0.541197	-0.631299	-0.6774	-0.6774	
0.878669	0.746519	0.561602	0.336873	0.0992158	-0.128135	-0.287364	-0.352117	-0.330524	-0.254765	-0.126684	0.0520511	0.234931	0.379441	0.452397	0.427999	0.324035	0.160874	-0.0399662	-0.285376	-0.537712	-0.75571	-0.914013	-0.982526	-0.959683	-0.85325	-0.720851	-0.592848	-0.459986	-0.322091	-0.199937	-0.100308	-0.0143914	0.0671586	0.14163	0.179517	0.172547	0.143088	0.113626	0.107039	0.095881	0.05558	-0.0218442	-0.146685	-0.290762	-0.445488	-0.582037	-0.6774	-0.731957	-0.731957	
0.878669	0.746519	0.561602	0.336873	0.0992158	-0.128135	-0.287364	-0.352117	-0.330524	-0.254765	-0.126684	0.0520511	0.234931	0.379441	0.452397	0.427999	0.324035	0.160874	-0.0399662	-0.285376	-0.537712	-0.75571	-0.914013	-0.982526	-0.959683	-0.85325	-0.720851	-0.592848	-0.459986	-0.322091	-0.199937	-0.100308	-0.0143914	0.0671586	0.14163	0.179517	0.172547	0.143088	0.113626	0.107039	0.095881	0.05558	-0.0218442	-0.146685	-0.290762	-0.445488	-0.582037	-0.6774	-0.731957	-0.731957	
