-0.147897	-0.147897	-0.113126	-0.0522852	0.0358916	0.135758	0.238713	0.342011	0.450566	0.556246	0.634974	0.638085	0.557207	0.394089	0.176276	-0.0488912	-0.241027	-0.372354	-0.404541	-0.349875	-0.237737	-0.0645107	0.165439	0.409161	0.643904	0.849255	1.00696	1.1172	1.18145	1.20735	1.20946	1.18359	1.13746	1.07353	0.974696	0.845189	0.702658	0.554092	0.400587	0.233917	0.0526211	-0.121687	-0.257847	-0.326428	-0.327637	-0.275322	-0.210977	-0.174961	-0.191464	-0.260736	
-0.147897	-0.147897	-0.113126	-0.0522852	0.0358916	0.135758	0.238713	0.342011	0.450566	0.556246	0.634974	0.638085	0.557207	0.394089	0.176276	-0.0488912	-0.241027	-0.372354	-0.404541	-0.349875	-0.237737	-0.0645107	0.165439	0.409161	0.643904	0.849255	1.00696	1.1172	1.18145	1.20735	1.20946	1.18359	1.13746	1.07353	0.974696	0.845189	0.702658	0.554092	0.400587	0.233917	0.0526211	-0.121687	-0.257847	-0.326428	-0.327637	-0.275322	-0.210977	-0.174961	-0.191464	-0.260736	
-0.113126	-0.113126	-0.0714926	-0.00557454	0.0776389	0.170417	0.269298	0.378854	0.492224	0.58895	0.650511	0.655025	0.578266	0.41165	0.187563	-0.0392249	-0.228059	-0.348775	-0.387299	-0.341768	-0.228296	-0.0543984	0.168219	0.408837	0.631196	0.822976	0.974716	1.0784	1.14244	1.17181	1.17086	1.14192	1.09856	1.03767	0.949062	0.834019	0.690056	0.541627	0.386084	0.219657	0.0488697	-0.114879	-0.244237	-0.309901	-0.312507	-0.264545	-0.191326	-0.148682	-0.15669	-0.221298	
-0.0522852	-0.0522852	-0.00557454	0.0631302	0.141704	0.230536	0.327609	0.433756	0.545586	0.64082	0.691455	0.685072	0.600108	0.429944	0.206886	-0.0173531	-0.206463	-0.32273	-0.361152	-0.317418	-0.203833	-0.0343371	0.172843	0.391432	0.591592	0.769515	0.913628	1.01186	1.06952	1.09071	1.08359	1.05964	1.02307	0.974115	0.897708	0.795739	0.65947	0.516841	0.365805	0.206232	0.0459059	-0.108033	-0.232542	-0.292756	-0.288608	-0.241428	-0.17121	-0.119912	-0.106732	-0.150479	
0.0358916	0.0358916	0.0776389	0.141704	0.222955	0.315187	0.410449	0.501115	0.603753	0.694297	0.739314	0.717046	0.622515	0.44183	0.21613	-0.00524866	-0.187852	-0.30603	-0.340216	-0.29267	-0.178251	-0.0170131	0.169473	0.353058	0.527525	0.69038	0.823187	0.914382	0.963777	0.972428	0.964554	0.948244	0.923238	0.890813	0.828778	0.73464	0.615722	0.483418	0.342906	0.192521	0.0345747	-0.114897	-0.228945	-0.28047	-0.27117	-0.225534	-0.161584	-0.0955863	-0.0575785	-0.0766262	
0.135758	0.135758	0.170417	0.230536	0.315187	0.40981	0.496755	0.575888	0.663254	0.741156	0.773747	0.737966	0.629905	0.441387	0.206877	-0.0158416	-0.189152	-0.30024	-0.328859	-0.278031	-0.16561	-0.0191978	0.145112	0.304252	0.456674	0.594829	0.704958	0.782435	0.824679	0.836617	0.832664	0.821728	0.809288	0.794674	0.75569	0.680987	0.577042	0.450967	0.315898	0.169198	0.0141103	-0.12845	-0.232844	-0.274952	-0.269204	-0.231386	-0.167228	-0.0871944	-0.0306695	-0.02734	
0.238713	0.238713	0.269298	0.327609	0.410449	0.496755	0.573913	0.649101	0.721974	0.776282	0.789766	0.735057	0.608117	0.410845	0.172739	-0.0514476	-0.219603	-0.319387	-0.334224	-0.276064	-0.177435	-0.0500017	0.0986825	0.246434	0.376609	0.48324	0.564346	0.623884	0.667753	0.69252	0.700795	0.692582	0.691373	0.691743	0.681477	0.63801	0.550546	0.431075	0.292717	0.144408	-0.00612503	-0.148971	-0.25316	-0.294478	-0.287255	-0.248795	-0.182739	-0.105084	-0.0347437	-0.00390784	
0.342011	0.342011	0.378854	0.433756	0.501115	0.575888	0.649101	0.718276	0.769302	0.795521	0.782048	0.70584	0.558698	0.353837	0.110274	-0.116802	-0.284764	-0.367811	-0.364283	-0.295914	-0.204479	-0.0891309	0.040411	0.166101	0.272855	0.357629	0.418303	0.46833	0.510035	0.542295	0.562253	0.571849	0.585209	0.608167	0.619786	0.602258	0.532463	0.426102	0.289902	0.136682	-0.0214857	-0.170224	-0.282684	-0.331029	-0.325489	-0.280953	-0.212191	-0.138908	-0.0645438	-0.00597279	
0.450566	0.450566	0.492224	0.545586	0.603753	0.663254	0.721974	0.769302	0.800115	0.795016	0.751831	0.653849	0.489948	0.260796	0.00841474	-0.215621	-0.373581	-0.441798	-0.42549	-0.350846	-0.250637	-0.136206	-0.0234797	0.0753855	0.157687	0.225355	0.279059	0.32272	0.362021	0.396283	0.431556	0.466751	0.506173	0.552358	0.580677	0.577618	0.526723	0.433604	0.301421	0.138608	-0.039782	-0.200442	-0.315985	-0.372132	-0.372593	-0.326012	-0.253344	-0.176205	-0.0981981	-0.0186495	
0.556246	0.556246	0.58895	0.64082	0.694297	0.741156	0.776282	0.795521	0.795016	0.76929	0.699436	0.571798	0.373955	0.126452	-0.123403	-0.335982	-0.483482	-0.539512	-0.51163	-0.428439	-0.311236	-0.194481	-0.0893833	-0.00621668	0.053511	0.102684	0.151363	0.191982	0.228242	0.269463	0.316794	0.378282	0.446443	0.514066	0.560732	0.571665	0.535767	0.447246	0.309527	0.131447	-0.0617271	-0.232695	-0.357349	-0.421693	-0.426727	-0.385213	-0.311628	-0.221814	-0.121255	-0.0144596	
0.634974	0.634974	0.650511	0.691455	0.739314	0.773747	0.789766	0.782048	0.751831	0.699436	0.601933	0.438737	0.214565	-0.0449486	-0.289596	-0.488064	-0.616837	-0.658245	-0.612335	-0.512838	-0.3857	-0.260278	-0.150249	-0.0743991	-0.0333521	-0.000763462	0.0391295	0.0762342	0.117323	0.16681	0.227221	0.301603	0.391441	0.477209	0.543287	0.568662	0.544614	0.455858	0.304455	0.108666	-0.0952051	-0.277472	-0.412306	-0.489891	-0.499708	-0.456473	-0.375564	-0.269036	-0.139873	-0.00107137	
0.638085	0.638085	0.655025	0.685072	0.717046	0.737966	0.735057	0.70584	0.653849	0.571798	0.438737	0.248473	0.0169652	-0.23822	-0.483499	-0.675899	-0.780827	-0.792572	-0.719925	-0.59342	-0.449987	-0.314944	-0.207153	-0.136836	-0.0998375	-0.0731447	-0.0454218	-0.0114492	0.0277348	0.0812679	0.151584	0.237526	0.34411	0.453157	0.532857	0.563589	0.537229	0.441482	0.282199	0.0787069	-0.134912	-0.329851	-0.481285	-0.573868	-0.596257	-0.548413	-0.449501	-0.319109	-0.169949	-0.00257994	
0.557207	0.557207	0.578266	0.600108	0.622515	0.629905	0.608117	0.558698	0.489948	0.373955	0.214565	0.0169652	-0.211021	-0.462902	-0.701252	-0.876433	-0.954459	-0.935165	-0.831474	-0.668929	-0.50179	-0.356647	-0.246183	-0.173456	-0.132432	-0.110577	-0.0951681	-0.0710025	-0.0326267	0.022522	0.100148	0.198028	0.318455	0.441452	0.528632	0.55864	0.518268	0.409005	0.244197	0.0423817	-0.180294	-0.394533	-0.571036	-0.67475	-0.701021	-0.647379	-0.529716	-0.369171	-0.194566	-0.00706136	
0.394089	0.394089	0.41165	0.429944	0.44183	0.441387	0.410845	0.353837	0.260796	0.126452	-0.0449486	-0.23822	-0.462902	-0.699952	-0.917281	-1.06114	-1.1062	-1.05022	-0.911481	-0.720516	-0.529646	-0.368953	-0.246877	-0.164872	-0.117346	-0.100268	-0.0981845	-0.0871299	-0.0572577	-0.00570545	0.0742338	0.185389	0.31458	0.441886	0.534136	0.559653	0.504292	0.38245	0.211109	0.00682973	-0.220092	-0.450462	-0.647165	-0.764193	-0.790147	-0.733704	-0.601958	-0.417311	-0.210294	-0.00897788	
0.176276	0.176276	0.187563	0.206886	0.21613	0.206877	0.172739	0.110274	0.00841474	-0.123403	-0.289596	-0.483499	-0.701252	-0.917281	-1.10019	-1.20283	-1.2058	-1.11041	-0.940827	-0.736445	-0.526893	-0.339543	-0.199462	-0.111968	-0.0621371	-0.0505586	-0.0612668	-0.0650254	-0.0442014	0.00412141	0.0850258	0.202786	0.333257	0.455475	0.548321	0.570297	0.507587	0.381724	0.206998	-0.00831036	-0.246015	-0.486752	-0.690067	-0.820465	-0.851349	-0.789013	-0.647186	-0.451965	-0.226626	-0.0121076	
-0.0488912	-0.0488912	-0.0392249	-0.0173531	-0.00524866	-0.0158416	-0.0514476	-0.116802	-0.215621	-0.335982	-0.488064	-0.675899	-0.876433	-1.06114	-1.20283	-1.27067	-1.23683	-1.1092	-0.91487	-0.691611	-0.458158	-0.252372	-0.104611	-0.0120385	0.0365254	0.0409528	0.0210787	0.00520832	0.0141659	0.0598515	0.143553	0.259967	0.387236	0.500867	0.584465	0.59899	0.535979	0.408659	0.234616	0.0142496	-0.235805	-0.490343	-0.697976	-0.834963	-0.871118	-0.803122	-0.65368	-0.449878	-0.220123	-0.00367383	
-0.241027	-0.241027	-0.228059	-0.206463	-0.187852	-0.189152	-0.219603	-0.284764	-0.373581	-0.483482	-0.616837	-0.780827	-0.954459	-1.1062	-1.2058	-1.23683	-1.17689	-1.02892	-0.813913	-0.56549	-0.316855	-0.106129	0.0510763	0.149699	0.192251	0.190187	0.164474	0.134577	0.128266	0.165535	0.243912	0.355658	0.478548	0.583201	0.649448	0.653575	0.590339	0.462193	0.283081	0.0615605	-0.194302	-0.454391	-0.667414	-0.799391	-0.831398	-0.761259	-0.608797	-0.398847	-0.176491	0.0245682	
-0.372354	-0.372354	-0.348775	-0.32273	-0.30603	-0.30024	-0.319387	-0.367811	-0.441798	-0.539512	-0.658245	-0.792572	-0.935165	-1.05022	-1.11041	-1.1092	-1.02892	-0.862193	-0.632029	-0.372205	-0.122406	0.0892018	0.254742	0.35855	0.394609	0.386754	0.357906	0.316458	0.290138	0.309527	0.376755	0.477311	0.593154	0.689371	0.734607	0.723778	0.662413	0.535549	0.348076	0.119405	-0.135236	-0.390463	-0.598222	-0.726784	-0.753286	-0.681589	-0.533668	-0.330924	-0.118381	0.0658094	
-0.404541	-0.404541	-0.387299	-0.361152	-0.340216	-0.328859	-0.334224	-0.364283	-0.42549	-0.51163	-0.612335	-0.719925	-0.831474	-0.911481	-0.940827	-0.91487	-0.813913	-0.632029	-0.397045	-0.138623	0.112544	0.330001	0.499675	0.599555	0.630505	0.617727	0.583601	0.539739	0.506282	0.510131	0.554827	0.633269	0.726878	0.802594	0.832087	0.811359	0.747406	0.621864	0.428335	0.187532	-0.0682602	-0.31216	-0.507744	-0.629877	-0.656699	-0.587333	-0.446951	-0.260599	-0.0619707	0.109948	
-0.349875	-0.349875	-0.341768	-0.317418	-0.29267	-0.278031	-0.276064	-0.295914	-0.350846	-0.428439	-0.512838	-0.59342	-0.668929	-0.720516	-0.736445	-0.691611	-0.56549	-0.372205	-0.138623	0.120346	0.374735	0.595447	0.763743	0.864954	0.905197	0.89157	0.848822	0.802341	0.769307	0.757704	0.778341	0.826432	0.88753	0.935274	0.952106	0.921421	0.840196	0.701574	0.503878	0.261566	0.0102236	-0.221166	-0.400098	-0.51439	-0.544714	-0.484488	-0.356292	-0.189236	-0.0160963	0.134251	
-0.237737	-0.237737	-0.228296	-0.203833	-0.178251	-0.16561	-0.177435	-0.204479	-0.250637	-0.311236	-0.3857	-0.449987	-0.50179	-0.529646	-0.526893	-0.458158	-0.316855	-0.122406	0.112544	0.374735	0.631175	0.85413	1.02467	1.1332	1.19186	1.18733	1.13808	1.08877	1.05115	1.02297	1.01776	1.04089	1.0677	1.08492	1.08755	1.0424	0.933145	0.775841	0.574726	0.339576	0.10206	-0.118082	-0.290835	-0.398869	-0.429809	-0.385377	-0.278277	-0.140919	0.00155324	0.128524	
-0.0645107	-0.0645107	-0.0543984	-0.0343371	-0.0170131	-0.0191978	-0.0500017	-0.0891309	-0.136206	-0.194481	-0.260278	-0.314944	-0.356647	-0.368953	-0.339543	-0.252372	-0.106129	0.0892018	0.330001	0.595447	0.85413	1.08149	1.26064	1.38176	1.45466	1.4653	1.43038	1.38569	1.33923	1.29325	1.2657	1.26283	1.25724	1.24088	1.21694	1.15083	1.02488	0.856017	0.650957	0.421633	0.198051	-0.0153233	-0.186283	-0.296186	-0.331479	-0.303855	-0.229416	-0.122981	-0.00415799	0.101093	
0.165439	0.165439	0.168219	0.172843	0.169473	0.145112	0.0986825	0.040411	-0.0234797	-0.0893833	-0.150249	-0.207153	-0.246183	-0.246877	-0.199462	-0.104611	0.0510763	0.254742	0.499675	0.763743	1.02467	1.26064	1.45858	1.59884	1.68487	1.71815	1.70887	1.67312	1.62116	1.56481	1.52023	1.48873	1.45059	1.39818	1.33768	1.24079	1.1058	0.933895	0.723196	0.495663	0.28202	0.0787412	-0.0868885	-0.20348	-0.257311	-0.253317	-0.20627	-0.125788	-0.0291174	0.05639	
0.409161	0.409161	0.408837	0.391432	0.353058	0.304252	0.246434	0.166101	0.0753855	-0.00621668	-0.0743991	-0.136836	-0.173456	-0.164872	-0.111968	-0.0120385	0.149699	0.35855	0.599555	0.864954	1.1332	1.38176	1.59884	1.76278	1.8726	1.93173	1.94536	1.91809	1.87228	1.81997	1.76481	1.70113	1.62611	1.54033	1.43984	1.31152	1.16075	0.984891	0.77342	0.548083	0.333214	0.134407	-0.0249998	-0.144313	-0.217221	-0.237116	-0.212787	-0.152149	-0.0785307	-0.00579834	
0.643904	0.643904	0.631196	0.591592	0.527525	0.456674	0.376609	0.272855	0.157687	0.053511	-0.0333521	-0.0998375	-0.132432	-0.117346	-0.0621371	0.0365254	0.192251	0.394609	0.630505	0.905197	1.19186	1.45466	1.68487	1.8726	2.01253	2.09891	2.1335	2.12887	2.10071	2.05136	1.97978	1.88708	1.77193	1.6439	1.50564	1.35073	1.18087	0.996944	0.791024	0.568887	0.347069	0.141691	-0.0137107	-0.125825	-0.206281	-0.244105	-0.236379	-0.190011	-0.125265	-0.0572707	
0.849255	0.849255	0.822976	0.769515	0.69038	0.594829	0.48324	0.357629	0.225355	0.102684	-0.000763462	-0.0731447	-0.110577	-0.100268	-0.0505586	0.0409528	0.190187	0.386754	0.617727	0.89157	1.18733	1.4653	1.71815	1.93173	2.09891	2.20879	2.27246	2.30638	2.30117	2.24218	2.15001	2.03465	1.88424	1.70666	1.52718	1.34911	1.16599	0.97225	0.763407	0.539846	0.315458	0.111709	-0.0382502	-0.147373	-0.229865	-0.274764	-0.271785	-0.223605	-0.151718	-0.0781974	
1.00696	1.00696	0.974716	0.913628	0.823187	0.704958	0.564346	0.418303	0.279059	0.151363	0.0391295	-0.0454218	-0.0951681	-0.0981845	-0.0612668	0.0210787	0.164474	0.357906	0.583601	0.848822	1.13808	1.43038	1.70887	1.94536	2.1335	2.27246	2.3724	2.43698	2.44525	2.38139	2.27087	2.12426	1.94135	1.72885	1.51243	1.30845	1.1129	0.912342	0.696164	0.468116	0.252747	0.0655324	-0.0792166	-0.190308	-0.269648	-0.308359	-0.296755	-0.237735	-0.152799	-0.0695361	
1.1172	1.1172	1.0784	1.01186	0.914382	0.782435	0.623884	0.46833	0.32272	0.191982	0.0762342	-0.0114492	-0.0710025	-0.0871299	-0.0650254	0.00520832	0.134577	0.316458	0.539739	0.802341	1.08877	1.38569	1.67312	1.91809	2.12887	2.30638	2.43698	2.51101	2.52065	2.46194	2.33514	2.14929	1.9308	1.70277	1.46824	1.23568	1.01718	0.814573	0.600579	0.380066	0.184475	0.0128474	-0.126434	-0.228362	-0.291376	-0.311754	-0.283798	-0.2147	-0.121224	-0.0320661	
1.18145	1.18145	1.14244	1.06952	0.963777	0.824679	0.667753	0.510035	0.362021	0.228242	0.117323	0.0277348	-0.0326267	-0.0572577	-0.0442014	0.0141659	0.128266	0.290138	0.506282	0.769307	1.05115	1.33923	1.62116	1.87228	2.10071	2.30117	2.44525	2.52065	2.5247	2.45762	2.316	2.11007	1.8688	1.62328	1.38042	1.13511	0.903284	0.698256	0.498935	0.303775	0.13063	-0.0287039	-0.159233	-0.243258	-0.281751	-0.277059	-0.231442	-0.154593	-0.0620523	0.0232209	
1.20735	1.20735	1.17181	1.09071	0.972428	0.836617	0.69252	0.542295	0.396283	0.269463	0.16681	0.0812679	0.022522	-0.00570545	0.00412141	0.0598515	0.165535	0.309527	0.510131	0.757704	1.02297	1.29325	1.56481	1.81997	2.05136	2.24218	2.38139	2.46194	2.45762	2.35929	2.20481	2.00702	1.76464	1.50168	1.25756	1.02698	0.806233	0.605044	0.417973	0.24822	0.0980495	-0.0450864	-0.156011	-0.219298	-0.235117	-0.213068	-0.156173	-0.0784357	0.00295284	0.0769667	
1.20946	1.20946	1.17086	1.08359	0.964554	0.832664	0.700795	0.562253	0.431556	0.316794	0.227221	0.151584	0.100148	0.0742338	0.0850258	0.143553	0.243912	0.376755	0.554827	0.778341	1.01776	1.2657	1.52023	1.76481	1.97978	2.15001	2.27087	2.33514	2.316	2.20481	2.04301	1.85605	1.62389	1.36852	1.13484	0.926063	0.724729	0.542397	0.375581	0.226149	0.0952136	-0.0224789	-0.110262	-0.148883	-0.150228	-0.120101	-0.0644399	0.00631959	0.0736088	0.136388	
1.18359	1.18359	1.14192	1.05964	0.948244	0.821728	0.692582	0.571849	0.466751	0.378282	0.301603	0.237526	0.198028	0.185389	0.202786	0.259967	0.355658	0.477311	0.633269	0.826432	1.04089	1.26283	1.48873	1.70113	1.88708	2.03465	2.12426	2.14929	2.11007	2.00702	1.85605	1.66954	1.45493	1.23967	1.03573	0.836127	0.658271	0.509705	0.371998	0.243418	0.131389	0.035579	-0.0261782	-0.0487713	-0.042631	-0.0117819	0.0348642	0.0901698	0.148653	0.202216	
1.13746	1.13746	1.09856	1.02307	0.923238	0.809288	0.691373	0.585209	0.506173	0.446443	0.391441	0.34411	0.318455	0.31458	0.333257	0.387236	0.478548	0.593154	0.726878	0.88753	1.0677	1.25724	1.45059	1.62611	1.77193	1.88424	1.94135	1.9308	1.8688	1.76464	1.62389	1.45493	1.28046	1.11348	0.942211	0.76693	0.618409	0.499833	0.388	0.277025	0.182074	0.11543	0.0770953	0.0645031	0.0707482	0.0912178	0.124379	0.168129	0.2163	0.259364	
1.07353	1.07353	1.03767	0.974115	0.890813	0.794674	0.691743	0.608167	0.552358	0.514066	0.477209	0.453157	0.441452	0.441886	0.455475	0.500867	0.583201	0.689371	0.802594	0.935274	1.08492	1.24088	1.39818	1.54033	1.6439	1.70666	1.72885	1.70277	1.62328	1.50168	1.36852	1.23967	1.11348	0.981919	0.840564	0.705193	0.592104	0.495888	0.404152	0.310831	0.232826	0.185912	0.169196	0.16645	0.165851	0.172079	0.193004	0.229461	0.271327	0.30423	
0.974696	0.974696	0.949062	0.897708	0.828778	0.75569	0.681477	0.619786	0.580677	0.560732	0.543287	0.532857	0.528632	0.534136	0.548321	0.584465	0.649448	0.734607	0.832087	0.952106	1.08755	1.21694	1.33768	1.43984	1.50564	1.52718	1.51243	1.46824	1.38042	1.25756	1.13484	1.03573	0.942211	0.840564	0.736404	0.641511	0.558176	0.483453	0.415033	0.341866	0.270966	0.22839	0.221689	0.230616	0.228416	0.222473	0.231267	0.258756	0.297725	0.332169	
0.845189	0.845189	0.834019	0.795739	0.73464	0.680987	0.63801	0.602258	0.577618	0.571665	0.568662	0.563589	0.55864	0.559653	0.570297	0.59899	0.653575	0.723778	0.811359	0.921421	1.0424	1.15083	1.24079	1.31152	1.35073	1.34911	1.30845	1.23568	1.13511	1.02698	0.926063	0.836127	0.76693	0.705193	0.641511	0.575673	0.51424	0.455416	0.402999	0.343307	0.27747	0.233897	0.230068	0.240595	0.239383	0.224459	0.222913	0.245746	0.285845	0.328611	
0.702658	0.702658	0.690056	0.65947	0.615722	0.577042	0.550546	0.532463	0.526723	0.535767	0.544614	0.537229	0.518268	0.504292	0.507587	0.535979	0.590339	0.662413	0.747406	0.840196	0.933145	1.02488	1.1058	1.16075	1.18087	1.16599	1.1129	1.01718	0.903284	0.806233	0.724729	0.658271	0.618409	0.592104	0.558176	0.51424	0.467231	0.420704	0.370538	0.313393	0.258193	0.216546	0.200198	0.196494	0.184309	0.165321	0.162806	0.191749	0.241584	0.298984	
0.554092	0.554092	0.541627	0.516841	0.483418	0.450967	0.431075	0.426102	0.433604	0.447246	0.455858	0.441482	0.409005	0.38245	0.381724	0.408659	0.462193	0.535549	0.621864	0.701574	0.775841	0.856017	0.933895	0.984891	0.996944	0.97225	0.912342	0.814573	0.698256	0.605044	0.542397	0.509705	0.499833	0.495888	0.483453	0.455416	0.420704	0.378976	0.325613	0.268448	0.213622	0.162064	0.123023	0.097955	0.0797278	0.0657418	0.067984	0.106898	0.174954	0.24862	
0.400587	0.400587	0.386084	0.365805	0.342906	0.315898	0.292717	0.289902	0.301421	0.309527	0.304455	0.282199	0.244197	0.211109	0.206998	0.234616	0.283081	0.348076	0.428335	0.503878	0.574726	0.650957	0.723196	0.77342	0.791024	0.763407	0.696164	0.600579	0.498935	0.417973	0.375581	0.371998	0.388	0.404152	0.415033	0.402999	0.370538	0.325613	0.271534	0.206933	0.133727	0.0547161	-0.0105758	-0.0532767	-0.0704094	-0.0778231	-0.0668171	-0.012499	0.0711031	0.162347	
0.233917	0.233917	0.219657	0.206232	0.192521	0.169198	0.144408	0.136682	0.138608	0.131447	0.108666	0.0787069	0.0423817	0.00682973	-0.00831036	0.0142496	0.0615605	0.119405	0.187532	0.261566	0.339576	0.421633	0.495663	0.548083	0.568887	0.539846	0.468116	0.380066	0.303775	0.24822	0.226149	0.243418	0.277025	0.310831	0.341866	0.343307	0.313393	0.268448	0.206933	0.119304	0.0123041	-0.102701	-0.19371	-0.249593	-0.272489	-0.2707	-0.236311	-0.161886	-0.0647361	0.0455761	
0.0526211	0.0526211	0.0488697	0.0459059	0.0345747	0.0141103	-0.00612503	-0.0214857	-0.039782	-0.0617271	-0.0952051	-0.134912	-0.180294	-0.220092	-0.246015	-0.235805	-0.194302	-0.135236	-0.0682602	0.0102236	0.10206	0.198051	0.28202	0.333214	0.347069	0.315458	0.252747	0.184475	0.13063	0.0980495	0.0952136	0.131389	0.182074	0.232826	0.270966	0.27747	0.258193	0.213622	0.133727	0.0123041	-0.135276	-0.283742	-0.399069	-0.47483	-0.509934	-0.495764	-0.437096	-0.339813	-0.217507	-0.0811261	
-0.121687	-0.121687	-0.114879	-0.108033	-0.114897	-0.12845	-0.148971	-0.170224	-0.200442	-0.232695	-0.277472	-0.329851	-0.394533	-0.450462	-0.486752	-0.490343	-0.454391	-0.390463	-0.31216	-0.221166	-0.118082	-0.0153233	0.0787412	0.134407	0.141691	0.111709	0.0655324	0.0128474	-0.0287039	-0.0450864	-0.0224789	0.035579	0.11543	0.185912	0.22839	0.233897	0.216546	0.162064	0.0547161	-0.102701	-0.283742	-0.464623	-0.607616	-0.709165	-0.752391	-0.734911	-0.661703	-0.543509	-0.387318	-0.213894	
-0.257847	-0.257847	-0.244237	-0.232542	-0.228945	-0.232844	-0.25316	-0.282684	-0.315985	-0.357349	-0.412306	-0.481285	-0.571036	-0.647165	-0.690067	-0.697976	-0.667414	-0.598222	-0.507744	-0.400098	-0.290835	-0.186283	-0.0868885	-0.0249998	-0.0137107	-0.0382502	-0.0792166	-0.126434	-0.159233	-0.156011	-0.110262	-0.0261782	0.0770953	0.169196	0.221689	0.230068	0.200198	0.123023	-0.0105758	-0.19371	-0.399069	-0.607616	-0.783179	-0.903539	-0.956652	-0.940546	-0.862676	-0.724548	-0.540337	-0.334109	
-0.326428	-0.326428	-0.309901	-0.292756	-0.28047	-0.274952	-0.294478	-0.331029	-0.372132	-0.421693	-0.489891	-0.573868	-0.67475	-0.764193	-0.820465	-0.834963	-0.799391	-0.726784	-0.629877	-0.51439	-0.398869	-0.296186	-0.20348	-0.144313	-0.125825	-0.147373	-0.190308	-0.228362	-0.243258	-0.219298	-0.148883	-0.0487713	0.0645031	0.16645	0.230616	0.240595	0.196494	0.097955	-0.0532767	-0.249593	-0.47483	-0.709165	-0.903539	-1.03884	-1.1016	-1.08612	-1.00007	-0.850389	-0.648286	-0.418253	
-0.327637	-0.327637	-0.312507	-0.288608	-0.27117	-0.269204	-0.287255	-0.325489	-0.372593	-0.426727	-0.499708	-0.596257	-0.701021	-0.790147	-0.851349	-0.871118	-0.831398	-0.753286	-0.656699	-0.544714	-0.429809	-0.331479	-0.257311	-0.217221	-0.206281	-0.229865	-0.269648	-0.291376	-0.281751	-0.235117	-0.150228	-0.042631	0.0707482	0.165851	0.228416	0.239383	0.184309	0.0797278	-0.0704094	-0.272489	-0.509934	-0.752391	-0.956652	-1.1016	-1.1679	-1.15216	-1.06442	-0.917318	-0.715872	-0.470921	
-0.275322	-0.275322	-0.264545	-0.241428	-0.225534	-0.231386	-0.248795	-0.280953	-0.326012	-0.385213	-0.456473	-0.548413	-0.647379	-0.733704	-0.789013	-0.803122	-0.761259	-0.681589	-0.587333	-0.484488	-0.385377	-0.303855	-0.253317	-0.237116	-0.244105	-0.274764	-0.308359	-0.311754	-0.277059	-0.213068	-0.120101	-0.0117819	0.0912178	0.172079	0.222473	0.224459	0.165321	0.0657418	-0.0778231	-0.2707	-0.495764	-0.734911	-0.940546	-1.08612	-1.15216	-1.13596	-1.06173	-0.932309	-0.742479	-0.504662	
-0.210977	-0.210977	-0.191326	-0.17121	-0.161584	-0.167228	-0.182739	-0.212191	-0.253344	-0.311628	-0.375564	-0.449501	-0.529716	-0.601958	-0.647186	-0.65368	-0.608797	-0.533668	-0.446951	-0.356292	-0.278277	-0.229416	-0.20627	-0.212787	-0.236379	-0.271785	-0.296755	-0.283798	-0.231442	-0.156173	-0.0644399	0.0348642	0.124379	0.193004	0.231267	0.222913	0.162806	0.067984	-0.0668171	-0.236311	-0.437096	-0.661703	-0.862676	-1.00007	-1.06442	-1.06173	-1.00603	-0.897832	-0.73464	-0.524496	
-0.174961	-0.174961	-0.148682	-0.119912	-0.0955863	-0.0871944	-0.105084	-0.138908	-0.176205	-0.221814	-0.269036	-0.319109	-0.369171	-0.417311	-0.451965	-0.449878	-0.398847	-0.330924	-0.260599	-0.189236	-0.140919	-0.122981	-0.125788	-0.152149	-0.190011	-0.223605	-0.237735	-0.2147	-0.154593	-0.0784357	0.00631959	0.0901698	0.168129	0.229461	0.258756	0.245746	0.191749	0.106898	-0.012499	-0.161886	-0.339813	-0.543509	-0.724548	-0.850389	-0.917318	-0.932309	-0.897832	-0.820384	-0.700801	-0.52925	
-0.191464	-0.191464	-0.15669	-0.106732	-0.0575785	-0.0306695	-0.0347437	-0.0645438	-0.0981981	-0.121255	-0.139873	-0.169949	-0.194566	-0.210294	-0.226626	-0.220123	-0.176491	-0.118381	-0.0619707	-0.0160963	0.00155324	-0.00415799	-0.0291174	-0.0785307	-0.125265	-0.151718	-0.152799	-0.121224	-0.0620523	0.00295284	0.0736088	0.148653	0.2163	0.271327	0.297725	0.285845	0.241584	0.174954	0.0711031	-0.0647361	-0.217507	-0.387318	-0.540337	-0.648286	-0.715872	-0.742479	-0.73464	-0.700801	-0.628533	-0.498638	
-0.260736	-0.260736	-0.221298	-0.150479	-0.0766262	-0.02734	-0.00390784	-0.00597279	-0.0186495	-0.0144596	-0.00107137	-0.00257994	-0.00706136	-0.00897788	-0.0121076	-0.00367383	0.0245682	0.0658094	0.109948	0.134251	0.128524	0.101093	0.05639	-0.00579834	-0.0572707	-0.0781974	-0.0695361	-0.0320661	0.0232209	0.0769667	0.136388	0.202216	0.259364	0.30423	0.332169	0.328611	0.298984	0.24862	0.162347	0.0455761	-0.0811261	-0.213894	-0.334109	-0.418253	-0.470921	-0.504662	-0.524496	-0.52925	-0.498638	-0.423028	
