-2.12638	-2.12638	-1.98142	-1.70479	-1.34405	-0.960694	-0.602792	-0.302042	-0.0486943	0.166998	0.326945	0.433989	0.512351	0.547822	0.547273	0.537609	0.525615	0.493205	0.429466	0.330738	0.194759	0.0457869	-0.0961973	-0.246515	-0.380459	-0.460118	-0.492429	-0.447087	-0.314328	-0.133308	0.0640009	0.257455	0.413552	0.541503	0.652069	0.722822	0.755964	0.751198	0.707043	0.642356	0.56637	0.484777	0.411081	0.343715	0.274102	0.190101	0.0594813	-0.142627	-0.418483	-0.747983	
-2.12638	-2.12638	-1.98142	-1.70479	-1.34405	-0.960694	-0.602792	-0.302042	-0.0486943	0.166998	0.326945	0.433989	0.512351	0.547822	0.547273	0.537609	0.525615	0.493205	0.429466	0.330738	0.194759	0.0457869	-0.0961973	-0.246515	-0.380459	-0.460118	-0.492429	-0.447087	-0.314328	-0.133308	0.0640009	0.257455	0.413552	0.541503	0.652069	0.722822	0.755964	0.751198	0.707043	0.642356	0.56637	0.484777	0.411081	0.343715	0.274102	0.190101	0.0594813	-0.142627	-0.418483	-0.747983	
-1.98142	-1.98142	-1.85013	-1.5918	-1.25137	-0.901599	-0.582004	-0.303441	-0.0730253	0.108781	0.247498	0.349963	0.420056	0.451364	0.458103	0.458771	0.45061	0.427743	0.372099	0.27784	0.15699	0.0275673	-0.105484	-0.234305	-0.347477	-0.424124	-0.445891	-0.393566	-0.272986	-0.099339	0.0943646	0.281247	0.440929	0.569919	0.668394	0.735534	0.760402	0.743688	0.68827	0.612467	0.521657	0.433427	0.350821	0.274244	0.206095	0.125269	-0.00127875	-0.186046	-0.437438	-0.747061	
-1.70479	-1.70479	-1.5918	-1.37368	-1.08863	-0.794216	-0.529816	-0.299172	-0.111246	0.0337779	0.141057	0.218801	0.267566	0.2971	0.31121	0.314914	0.316903	0.310034	0.263339	0.17582	0.0770182	-0.0258206	-0.132045	-0.229693	-0.309907	-0.369783	-0.378666	-0.318348	-0.208451	-0.0524795	0.132663	0.31679	0.478851	0.605016	0.691731	0.744609	0.752034	0.715998	0.64451	0.542084	0.434807	0.337655	0.246983	0.160484	0.0887508	0.0192531	-0.089495	-0.251547	-0.467243	-0.733074	
-1.34405	-1.34405	-1.25137	-1.08863	-0.88085	-0.655384	-0.452363	-0.278685	-0.139284	-0.0337525	0.0369745	0.0836169	0.10894	0.129095	0.137755	0.143856	0.156768	0.153175	0.110277	0.0436254	-0.0314104	-0.107831	-0.175606	-0.236504	-0.284642	-0.313282	-0.300896	-0.232703	-0.123869	0.0187225	0.190851	0.370919	0.529355	0.64562	0.714476	0.742266	0.728234	0.67194	0.572463	0.445917	0.323598	0.209795	0.110601	0.0281536	-0.0410065	-0.0990614	-0.179569	-0.308701	-0.484112	-0.697839	
-0.960694	-0.960694	-0.901599	-0.794216	-0.655384	-0.504335	-0.365637	-0.243789	-0.146388	-0.0808751	-0.0452482	-0.0265916	-0.0225303	-0.0248516	-0.0320309	-0.0250361	-0.00993351	-0.0173788	-0.053824	-0.104191	-0.165133	-0.216157	-0.247736	-0.272472	-0.286817	-0.278452	-0.237761	-0.158749	-0.0459352	0.095624	0.256536	0.429102	0.581312	0.683997	0.72829	0.727005	0.684718	0.605941	0.477567	0.331235	0.198085	0.0725797	-0.0329213	-0.110049	-0.16918	-0.211272	-0.260885	-0.349241	-0.479715	-0.645817	
-0.602792	-0.602792	-0.582004	-0.529816	-0.452363	-0.365637	-0.281539	-0.198868	-0.133485	-0.100035	-0.0940103	-0.101162	-0.12284	-0.146931	-0.164107	-0.164296	-0.157234	-0.166696	-0.206083	-0.257943	-0.307003	-0.337039	-0.345273	-0.339581	-0.317022	-0.272947	-0.208849	-0.114196	0.00902609	0.152034	0.310456	0.477435	0.621382	0.706768	0.725782	0.694071	0.620043	0.509176	0.364212	0.205308	0.0605014	-0.0596724	-0.155578	-0.224241	-0.268199	-0.288408	-0.312889	-0.365353	-0.454229	-0.579633	
-0.302042	-0.302042	-0.303441	-0.299172	-0.278685	-0.243789	-0.198868	-0.15215	-0.117982	-0.106841	-0.114604	-0.139682	-0.173818	-0.213588	-0.238954	-0.247731	-0.256576	-0.284532	-0.334374	-0.396778	-0.442604	-0.460636	-0.452272	-0.419852	-0.366634	-0.296368	-0.211242	-0.103265	0.0252457	0.176661	0.335479	0.490093	0.621136	0.690845	0.686837	0.629614	0.53091	0.392878	0.236876	0.077362	-0.0628214	-0.169432	-0.243414	-0.290577	-0.310044	-0.309612	-0.31478	-0.339372	-0.397429	-0.49453	
-0.0486943	-0.0486943	-0.0730253	-0.111246	-0.139284	-0.146388	-0.133485	-0.117982	-0.107277	-0.105271	-0.116712	-0.147297	-0.18177	-0.222458	-0.255913	-0.274739	-0.298665	-0.349766	-0.428426	-0.50733	-0.559982	-0.576723	-0.556865	-0.50082	-0.423362	-0.334283	-0.240122	-0.131354	-0.005969	0.137974	0.289802	0.434399	0.548254	0.606127	0.594673	0.525076	0.411412	0.266108	0.106659	-0.0364354	-0.157866	-0.23842	-0.278312	-0.292297	-0.285223	-0.266787	-0.253235	-0.261109	-0.307401	-0.390925	
0.166998	0.166998	0.108781	0.0337779	-0.0337525	-0.0808751	-0.100035	-0.106841	-0.105271	-0.101773	-0.109693	-0.13109	-0.157711	-0.19413	-0.230809	-0.26501	-0.304517	-0.372767	-0.473024	-0.571861	-0.637743	-0.658816	-0.630243	-0.565947	-0.478134	-0.383065	-0.295506	-0.196583	-0.0820051	0.0446262	0.182228	0.315051	0.408795	0.45685	0.455494	0.389072	0.277414	0.146056	0.00534975	-0.117473	-0.201866	-0.243338	-0.246389	-0.231708	-0.20444	-0.169908	-0.148425	-0.155828	-0.204363	-0.291025	
0.326945	0.326945	0.247498	0.141057	0.0369745	-0.0452482	-0.0940103	-0.114604	-0.116712	-0.109693	-0.108211	-0.112821	-0.128565	-0.153378	-0.182417	-0.218933	-0.273284	-0.359783	-0.475721	-0.586282	-0.66344	-0.690575	-0.661616	-0.599636	-0.519842	-0.435114	-0.361775	-0.281468	-0.184438	-0.0808098	0.03578	0.15082	0.228743	0.272814	0.283723	0.240304	0.159455	0.0586292	-0.0498744	-0.137643	-0.18757	-0.195003	-0.170615	-0.131365	-0.0866556	-0.0490787	-0.0339847	-0.0513659	-0.108319	-0.203578	
0.433989	0.433989	0.349963	0.218801	0.0836169	-0.0265916	-0.101162	-0.139682	-0.147297	-0.13109	-0.112821	-0.101219	-0.094844	-0.102021	-0.125027	-0.158758	-0.219473	-0.313378	-0.429804	-0.554159	-0.649699	-0.684463	-0.662478	-0.613123	-0.553062	-0.49262	-0.436555	-0.378956	-0.305337	-0.219576	-0.127423	-0.038594	0.0276058	0.0713677	0.0928718	0.0840508	0.0467503	-0.00821733	-0.0726596	-0.120392	-0.12952	-0.107058	-0.0649714	-0.019179	0.0249211	0.05858	0.0664463	0.0334866	-0.0365837	-0.141578	
0.512351	0.512351	0.420056	0.267566	0.10894	-0.0225303	-0.12284	-0.173818	-0.18177	-0.157711	-0.128565	-0.094844	-0.0665872	-0.0489827	-0.0591545	-0.0896233	-0.152671	-0.243991	-0.366051	-0.498362	-0.60358	-0.647154	-0.639133	-0.607557	-0.56868	-0.536961	-0.507804	-0.469018	-0.417194	-0.358338	-0.290063	-0.223686	-0.167455	-0.12754	-0.0998823	-0.073958	-0.0680475	-0.0790806	-0.0916153	-0.0924025	-0.0664093	-0.0158652	0.0411957	0.0895439	0.125203	0.148286	0.142499	0.0927145	0.00599953	-0.111938	
0.547822	0.547822	0.451364	0.2971	0.129095	-0.0248516	-0.146931	-0.213588	-0.222458	-0.19413	-0.153378	-0.102021	-0.0489827	-0.00879476	0.00242763	-0.0249509	-0.091174	-0.184901	-0.302495	-0.433863	-0.542673	-0.591472	-0.590449	-0.570061	-0.553654	-0.549813	-0.545177	-0.530076	-0.509277	-0.473342	-0.431357	-0.392771	-0.346695	-0.307696	-0.271172	-0.220709	-0.174363	-0.142637	-0.108888	-0.0697568	-0.0101974	0.0594155	0.119714	0.168849	0.202623	0.214585	0.188965	0.123545	0.0218926	-0.105783	
0.547273	0.547273	0.458103	0.31121	0.137755	-0.0320309	-0.164107	-0.238954	-0.255913	-0.230809	-0.182417	-0.125027	-0.0591545	0.00242763	0.0249971	0.00216325	-0.050418	-0.134981	-0.248295	-0.367925	-0.463272	-0.50767	-0.508815	-0.492115	-0.490709	-0.512964	-0.533005	-0.545563	-0.554394	-0.549038	-0.537061	-0.518145	-0.487651	-0.450396	-0.399931	-0.328192	-0.253117	-0.184519	-0.117113	-0.045743	0.031821	0.111326	0.177468	0.226933	0.254738	0.254657	0.22061	0.14148	0.025346	-0.103483	
0.537609	0.537609	0.458771	0.314914	0.143856	-0.0250361	-0.164296	-0.247731	-0.274739	-0.26501	-0.218933	-0.158758	-0.0896233	-0.0249509	0.00216325	-0.0144163	-0.049638	-0.115099	-0.202734	-0.291655	-0.361299	-0.396608	-0.395736	-0.381622	-0.391153	-0.42826	-0.474525	-0.52066	-0.560724	-0.586171	-0.60152	-0.601041	-0.584911	-0.544055	-0.47501	-0.39151	-0.300211	-0.205986	-0.115446	-0.0247006	0.0656737	0.1459	0.210172	0.259289	0.28466	0.2853	0.247441	0.159662	0.0357012	-0.101494	
0.525615	0.525615	0.45061	0.316903	0.156768	-0.00993351	-0.157234	-0.256576	-0.298665	-0.304517	-0.273284	-0.219473	-0.152671	-0.091174	-0.050418	-0.049638	-0.0742269	-0.117871	-0.171078	-0.221052	-0.253561	-0.266975	-0.25379	-0.237865	-0.253427	-0.298608	-0.369251	-0.451384	-0.525067	-0.584041	-0.624646	-0.645185	-0.639612	-0.592998	-0.516103	-0.423471	-0.318565	-0.214382	-0.114697	-0.0148181	0.0739234	0.146926	0.208812	0.262781	0.300632	0.308564	0.267445	0.17591	0.0479812	-0.0936691	
0.493205	0.493205	0.427743	0.310034	0.153175	-0.0173788	-0.166696	-0.284532	-0.349766	-0.372767	-0.359783	-0.313378	-0.243991	-0.184901	-0.134981	-0.115099	-0.117871	-0.12845	-0.142885	-0.155044	-0.146605	-0.126077	-0.0956654	-0.0774685	-0.0905547	-0.139952	-0.230491	-0.34443	-0.448479	-0.535432	-0.603399	-0.650311	-0.659183	-0.62026	-0.543499	-0.447222	-0.338015	-0.228856	-0.126257	-0.0279076	0.0567827	0.122535	0.184407	0.238458	0.283834	0.297626	0.258452	0.16875	0.0338031	-0.111204	
0.429466	0.429466	0.372099	0.263339	0.110277	-0.053824	-0.206083	-0.334374	-0.428426	-0.473024	-0.475721	-0.429804	-0.366051	-0.302495	-0.248295	-0.202734	-0.171078	-0.142885	-0.117668	-0.0823391	-0.0315135	0.025549	0.0685983	0.0880624	0.0885484	0.0369006	-0.0744331	-0.210521	-0.340918	-0.460001	-0.556042	-0.619274	-0.641818	-0.621322	-0.55425	-0.460549	-0.359778	-0.253923	-0.147408	-0.0505868	0.0286121	0.0900423	0.145393	0.191802	0.23358	0.244291	0.205286	0.114095	-0.022449	-0.170008	
0.330738	0.330738	0.27784	0.17582	0.0436254	-0.104191	-0.257943	-0.396778	-0.50733	-0.571861	-0.586282	-0.554159	-0.498362	-0.433863	-0.367925	-0.291655	-0.221052	-0.155044	-0.0823391	0.00654396	0.094874	0.180402	0.237209	0.26796	0.267193	0.210504	0.0915117	-0.0595443	-0.217081	-0.361383	-0.478476	-0.559762	-0.595765	-0.588672	-0.538233	-0.458138	-0.36164	-0.257047	-0.15472	-0.0629084	0.00774343	0.0637037	0.100339	0.134216	0.157805	0.155438	0.110759	0.0162612	-0.113862	-0.254411	
0.194759	0.194759	0.15699	0.0770182	-0.0314104	-0.165133	-0.307003	-0.442604	-0.559982	-0.637743	-0.66344	-0.649699	-0.60358	-0.542673	-0.463272	-0.361299	-0.253561	-0.146605	-0.0315135	0.094874	0.223116	0.332177	0.406304	0.446516	0.435094	0.364339	0.244988	0.0829857	-0.0930096	-0.25614	-0.388949	-0.484335	-0.535009	-0.538634	-0.503532	-0.435849	-0.340889	-0.24134	-0.146094	-0.0685167	-0.0130809	0.0314832	0.061324	0.0789224	0.0766166	0.052607	0.00184417	-0.0905764	-0.20886	-0.335335	
0.0457869	0.0457869	0.0275673	-0.0258206	-0.107831	-0.216157	-0.337039	-0.460636	-0.576723	-0.658816	-0.690575	-0.684463	-0.647154	-0.591472	-0.50767	-0.396608	-0.266975	-0.126077	0.025549	0.180402	0.332177	0.461821	0.554968	0.596775	0.577877	0.502232	0.375905	0.204475	0.0161454	-0.163734	-0.309597	-0.408402	-0.461765	-0.470623	-0.445155	-0.39072	-0.308612	-0.219525	-0.139319	-0.0834668	-0.0411258	-0.00731902	0.0113579	0.0142836	0.00101405	-0.0335265	-0.0885715	-0.171278	-0.279696	-0.395938	
-0.0961973	-0.0961973	-0.105484	-0.132045	-0.175606	-0.247736	-0.345273	-0.452272	-0.556865	-0.630243	-0.661616	-0.662478	-0.639133	-0.590449	-0.508815	-0.395736	-0.25379	-0.0956654	0.0685983	0.237209	0.406304	0.554968	0.662344	0.706295	0.685508	0.607163	0.475593	0.302867	0.11199	-0.0712315	-0.222957	-0.323308	-0.372948	-0.383508	-0.368736	-0.328154	-0.26186	-0.191476	-0.135935	-0.107938	-0.0861297	-0.0664612	-0.0547777	-0.0543223	-0.0709749	-0.106469	-0.158067	-0.227396	-0.320933	-0.421549	
-0.246515	-0.246515	-0.234305	-0.229693	-0.236504	-0.272472	-0.339581	-0.419852	-0.50082	-0.565947	-0.599636	-0.613123	-0.607557	-0.570061	-0.492115	-0.381622	-0.237865	-0.0774685	0.0880624	0.26796	0.446516	0.596775	0.706295	0.759017	0.734901	0.649659	0.52534	0.371333	0.193586	0.0190348	-0.127232	-0.223587	-0.273592	-0.294767	-0.296123	-0.267865	-0.217517	-0.171031	-0.144491	-0.134399	-0.138983	-0.140576	-0.135029	-0.129632	-0.141552	-0.166996	-0.207027	-0.257898	-0.333729	-0.419106	
-0.380459	-0.380459	-0.347477	-0.309907	-0.284642	-0.286817	-0.317022	-0.366634	-0.423362	-0.478134	-0.519842	-0.553062	-0.56868	-0.553654	-0.490709	-0.391153	-0.253427	-0.0905547	0.0885484	0.267193	0.435094	0.577877	0.685508	0.734901	0.711306	0.631755	0.526115	0.398071	0.248192	0.0974748	-0.0318264	-0.120089	-0.176806	-0.215569	-0.226847	-0.213775	-0.189716	-0.168413	-0.15877	-0.164157	-0.184033	-0.198418	-0.202878	-0.204777	-0.205725	-0.214644	-0.236764	-0.265809	-0.318575	-0.390354	
-0.460118	-0.460118	-0.424124	-0.369783	-0.313282	-0.278452	-0.272947	-0.296368	-0.334283	-0.383065	-0.435114	-0.49262	-0.536961	-0.549813	-0.512964	-0.42826	-0.298608	-0.139952	0.0369006	0.210504	0.364339	0.502232	0.607163	0.649659	0.631755	0.575033	0.498492	0.398889	0.278825	0.153632	0.0474133	-0.0322206	-0.093544	-0.143224	-0.167365	-0.169271	-0.1681	-0.165116	-0.16955	-0.187981	-0.215038	-0.236819	-0.249943	-0.251518	-0.245387	-0.244114	-0.24759	-0.259731	-0.291806	-0.347624	
-0.492429	-0.492429	-0.445891	-0.378666	-0.300896	-0.237761	-0.208849	-0.211242	-0.240122	-0.295506	-0.361775	-0.436555	-0.507804	-0.545177	-0.533005	-0.474525	-0.369251	-0.230491	-0.0744331	0.0915117	0.244988	0.375905	0.475593	0.52534	0.526115	0.498492	0.446909	0.368993	0.279606	0.187776	0.100751	0.0220764	-0.0432507	-0.0935088	-0.125217	-0.140775	-0.148857	-0.162184	-0.178399	-0.204003	-0.233333	-0.260504	-0.27536	-0.271216	-0.26074	-0.245194	-0.238515	-0.248207	-0.272231	-0.318913	
-0.447087	-0.447087	-0.393566	-0.318348	-0.232703	-0.158749	-0.114196	-0.103265	-0.131354	-0.196583	-0.281468	-0.378956	-0.469018	-0.530076	-0.545563	-0.52066	-0.451384	-0.34443	-0.210521	-0.0595443	0.0829857	0.204475	0.302867	0.371333	0.398071	0.398889	0.368993	0.321367	0.259263	0.190866	0.116756	0.0495973	-0.0129102	-0.0659556	-0.106655	-0.131409	-0.147301	-0.171334	-0.198201	-0.226187	-0.252007	-0.272612	-0.28547	-0.277961	-0.26145	-0.236298	-0.226373	-0.235438	-0.263762	-0.305773	
-0.314328	-0.314328	-0.272986	-0.208451	-0.123869	-0.0459352	0.00902609	0.0252457	-0.005969	-0.0820051	-0.184438	-0.305337	-0.417194	-0.509277	-0.554394	-0.560724	-0.525067	-0.448479	-0.340918	-0.217081	-0.0930096	0.0161454	0.11199	0.193586	0.248192	0.278825	0.279606	0.259263	0.220426	0.170802	0.111749	0.0526389	-0.00893752	-0.0676913	-0.114629	-0.155644	-0.188547	-0.217824	-0.24592	-0.268796	-0.284398	-0.291793	-0.292583	-0.279123	-0.255245	-0.230692	-0.224187	-0.228145	-0.252193	-0.288078	
-0.133308	-0.133308	-0.099339	-0.0524795	0.0187225	0.095624	0.152034	0.176661	0.137974	0.0446262	-0.0808098	-0.219576	-0.358338	-0.473342	-0.549038	-0.586171	-0.584041	-0.535432	-0.460001	-0.361383	-0.25614	-0.163734	-0.0712315	0.0190348	0.0974748	0.153632	0.187776	0.190866	0.170802	0.134373	0.0889708	0.0305362	-0.0369658	-0.103429	-0.164481	-0.224302	-0.273713	-0.310742	-0.334403	-0.339541	-0.336168	-0.323476	-0.300565	-0.272989	-0.235594	-0.209546	-0.199379	-0.205339	-0.225984	-0.255097	
0.0640009	0.0640009	0.0943646	0.132663	0.190851	0.256536	0.310456	0.335479	0.289802	0.182228	0.03578	-0.127423	-0.290063	-0.431357	-0.537061	-0.60152	-0.624646	-0.603399	-0.556042	-0.478476	-0.388949	-0.309597	-0.222957	-0.127232	-0.0318264	0.0474133	0.100751	0.116756	0.111749	0.0889708	0.0455038	-0.0241406	-0.102209	-0.174828	-0.251401	-0.33436	-0.400221	-0.44074	-0.454702	-0.437051	-0.403466	-0.353315	-0.295044	-0.239499	-0.185827	-0.154662	-0.140253	-0.144011	-0.164488	-0.19182	
0.257455	0.257455	0.281247	0.31679	0.370919	0.429102	0.477435	0.490093	0.434399	0.315051	0.15082	-0.038594	-0.223686	-0.392771	-0.518145	-0.601041	-0.645185	-0.650311	-0.619274	-0.559762	-0.484335	-0.408402	-0.323308	-0.223587	-0.120089	-0.0322206	0.0220764	0.0495973	0.0526389	0.0305362	-0.0241406	-0.0979236	-0.184332	-0.27452	-0.371172	-0.472317	-0.555611	-0.599231	-0.598854	-0.557572	-0.482694	-0.384571	-0.281978	-0.185291	-0.107723	-0.0627866	-0.0503145	-0.0492724	-0.0650883	-0.0940602	
0.413552	0.413552	0.440929	0.478851	0.529355	0.581312	0.621382	0.621136	0.548254	0.408795	0.228743	0.0276058	-0.167455	-0.346695	-0.487651	-0.584911	-0.639612	-0.659183	-0.641818	-0.595765	-0.535009	-0.461765	-0.372948	-0.273592	-0.176806	-0.093544	-0.0432507	-0.0129102	-0.00893752	-0.0369658	-0.102209	-0.184332	-0.289068	-0.405812	-0.527169	-0.642985	-0.735473	-0.782535	-0.76738	-0.695351	-0.575687	-0.430373	-0.284397	-0.147047	-0.0407173	0.0317988	0.0587803	0.0639935	0.04479	0.00801249	
0.541503	0.541503	0.569919	0.605016	0.64562	0.683997	0.706768	0.690845	0.606127	0.45685	0.272814	0.0713677	-0.12754	-0.307696	-0.450396	-0.544055	-0.592998	-0.62026	-0.621322	-0.588672	-0.538634	-0.470623	-0.383508	-0.294767	-0.215569	-0.143224	-0.0935088	-0.0659556	-0.0676913	-0.103429	-0.174828	-0.27452	-0.405812	-0.556492	-0.707658	-0.838436	-0.933458	-0.978014	-0.945746	-0.844243	-0.685908	-0.499804	-0.311183	-0.13353	0.000355029	0.0949212	0.145528	0.155977	0.138049	0.0964228	
0.652069	0.652069	0.668394	0.691731	0.714476	0.72829	0.725782	0.686837	0.594673	0.455494	0.283723	0.0928718	-0.0998823	-0.271172	-0.399931	-0.47501	-0.516103	-0.543499	-0.55425	-0.538233	-0.503532	-0.445155	-0.368736	-0.296123	-0.226847	-0.167365	-0.125217	-0.106655	-0.114629	-0.164481	-0.251401	-0.371172	-0.527169	-0.707658	-0.879822	-1.01912	-1.11737	-1.14992	-1.10396	-0.981944	-0.795667	-0.572399	-0.345624	-0.141774	0.0196848	0.131215	0.193876	0.21462	0.20316	0.157677	
0.722822	0.722822	0.735534	0.744609	0.742266	0.727005	0.694071	0.629614	0.525076	0.389072	0.240304	0.0840508	-0.073958	-0.220709	-0.328192	-0.39151	-0.423471	-0.447222	-0.460549	-0.458138	-0.435849	-0.39072	-0.328154	-0.267865	-0.213775	-0.169271	-0.140775	-0.131409	-0.155644	-0.224302	-0.33436	-0.472317	-0.642985	-0.838436	-1.01912	-1.15988	-1.24902	-1.26468	-1.20848	-1.07587	-0.873055	-0.622776	-0.367466	-0.144515	0.0352464	0.160383	0.229784	0.257408	0.239616	0.178694	
0.755964	0.755964	0.760402	0.752034	0.728234	0.684718	0.620043	0.53091	0.411412	0.277414	0.159455	0.0467503	-0.0680475	-0.174363	-0.253117	-0.300211	-0.318565	-0.338015	-0.359778	-0.36164	-0.340889	-0.308612	-0.26186	-0.217517	-0.189716	-0.1681	-0.148857	-0.147301	-0.188547	-0.273713	-0.400221	-0.555611	-0.735473	-0.933458	-1.11737	-1.24902	-1.30978	-1.30323	-1.23613	-1.09729	-0.890968	-0.634803	-0.360659	-0.116534	0.0706827	0.198057	0.265598	0.284641	0.252247	0.177541	
0.751198	0.751198	0.743688	0.715998	0.67194	0.605941	0.509176	0.392878	0.266108	0.146056	0.0586292	-0.00821733	-0.0790806	-0.142637	-0.184519	-0.205986	-0.214382	-0.228856	-0.253923	-0.257047	-0.24134	-0.219525	-0.191476	-0.171031	-0.168413	-0.165116	-0.162184	-0.171334	-0.217824	-0.310742	-0.44074	-0.599231	-0.782535	-0.978014	-1.14992	-1.26468	-1.30323	-1.27309	-1.18969	-1.04956	-0.848281	-0.595134	-0.321745	-0.0713592	0.118706	0.241561	0.297639	0.301517	0.255514	0.165271	
0.707043	0.707043	0.68827	0.64451	0.572463	0.477567	0.364212	0.236876	0.106659	0.00534975	-0.0498744	-0.0726596	-0.0916153	-0.108888	-0.117113	-0.115446	-0.114697	-0.126257	-0.147408	-0.15472	-0.146094	-0.139319	-0.135935	-0.144491	-0.15877	-0.16955	-0.178399	-0.198201	-0.24592	-0.334403	-0.454702	-0.598854	-0.76738	-0.945746	-1.10396	-1.20848	-1.23613	-1.18969	-1.08972	-0.949989	-0.757048	-0.518058	-0.25714	-0.0186615	0.168053	0.283305	0.330752	0.316478	0.253042	0.145982	
0.642356	0.642356	0.612467	0.542084	0.445917	0.331235	0.205308	0.077362	-0.0364354	-0.117473	-0.137643	-0.120392	-0.0924025	-0.0697568	-0.045743	-0.0247006	-0.0148181	-0.0279076	-0.0505868	-0.0629084	-0.0685167	-0.0834668	-0.107938	-0.134399	-0.164157	-0.187981	-0.204003	-0.226187	-0.268796	-0.339541	-0.437051	-0.557572	-0.695351	-0.844243	-0.981944	-1.07587	-1.09729	-1.04956	-0.949989	-0.809092	-0.628606	-0.410778	-0.17363	0.0489688	0.220615	0.326864	0.360617	0.328228	0.252092	0.134644	
0.56637	0.56637	0.521657	0.434807	0.323598	0.198085	0.0605014	-0.0628214	-0.157866	-0.201866	-0.18757	-0.12952	-0.0664093	-0.0101974	0.031821	0.0656737	0.0739234	0.0567827	0.0286121	0.00774343	-0.0130809	-0.0411258	-0.0861297	-0.138983	-0.184033	-0.215038	-0.233333	-0.252007	-0.284398	-0.336168	-0.403466	-0.482694	-0.575687	-0.685908	-0.795667	-0.873055	-0.890968	-0.848281	-0.757048	-0.628606	-0.467332	-0.27234	-0.0642907	0.131141	0.283183	0.37465	0.397164	0.352048	0.266199	0.140513	
0.484777	0.484777	0.433427	0.337655	0.209795	0.0725797	-0.0596724	-0.169432	-0.23842	-0.243338	-0.195003	-0.107058	-0.0158652	0.0594155	0.111326	0.1459	0.146926	0.122535	0.0900423	0.0637037	0.0314832	-0.00731902	-0.0664612	-0.140576	-0.198418	-0.236819	-0.260504	-0.272612	-0.291793	-0.323476	-0.353315	-0.384571	-0.430373	-0.499804	-0.572399	-0.622776	-0.634803	-0.595134	-0.518058	-0.410778	-0.27234	-0.107097	0.0650405	0.22429	0.352848	0.426647	0.437784	0.388778	0.290112	0.15784	
0.411081	0.411081	0.350821	0.246983	0.110601	-0.0329213	-0.155578	-0.243414	-0.278312	-0.246389	-0.170615	-0.0649714	0.0411957	0.119714	0.177468	0.210172	0.208812	0.184407	0.145393	0.100339	0.061324	0.0113579	-0.0547777	-0.135029	-0.202878	-0.249943	-0.27536	-0.28547	-0.292583	-0.300565	-0.295044	-0.281978	-0.284397	-0.311183	-0.345624	-0.367466	-0.360659	-0.321745	-0.25714	-0.17363	-0.0642907	0.0650405	0.203316	0.318823	0.411207	0.464066	0.462198	0.411992	0.310457	0.181691	
0.343715	0.343715	0.274244	0.160484	0.0281536	-0.110049	-0.224241	-0.290577	-0.292297	-0.231708	-0.131365	-0.019179	0.0895439	0.168849	0.226933	0.259289	0.262781	0.238458	0.191802	0.134216	0.0789224	0.0142836	-0.0543223	-0.129632	-0.204777	-0.251518	-0.271216	-0.277961	-0.279123	-0.272989	-0.239499	-0.185291	-0.147047	-0.13353	-0.141774	-0.144515	-0.116534	-0.0713592	-0.0186615	0.0489688	0.131141	0.22429	0.318823	0.398503	0.45417	0.47881	0.462377	0.407886	0.312432	0.198513	
0.274102	0.274102	0.206095	0.0887508	-0.0410065	-0.16918	-0.268199	-0.310044	-0.285223	-0.20444	-0.0866556	0.0249211	0.125203	0.202623	0.254738	0.28466	0.300632	0.283834	0.23358	0.157805	0.0766166	0.00101405	-0.0709749	-0.141552	-0.205725	-0.245387	-0.26074	-0.26145	-0.255245	-0.235594	-0.185827	-0.107723	-0.0407173	0.000355029	0.0196848	0.0352464	0.0706827	0.118706	0.168053	0.220615	0.283183	0.352848	0.411207	0.45417	0.470612	0.462955	0.430304	0.371316	0.295045	0.208629	
0.190101	0.190101	0.125269	0.0192531	-0.0990614	-0.211272	-0.288408	-0.309612	-0.266787	-0.169908	-0.0490787	0.05858	0.148286	0.214585	0.254657	0.2853	0.308564	0.297626	0.244291	0.155438	0.052607	-0.0335265	-0.106469	-0.166996	-0.214644	-0.244114	-0.245194	-0.236298	-0.230692	-0.209546	-0.154662	-0.0627866	0.0317988	0.0949212	0.131215	0.160383	0.198057	0.241561	0.283305	0.326864	0.37465	0.426647	0.464066	0.47881	0.462955	0.422447	0.375739	0.327433	0.275214	0.220793	
0.0594813	0.0594813	-0.00127875	-0.089495	-0.179569	-0.260885	-0.312889	-0.31478	-0.253235	-0.148425	-0.0339847	0.0664463	0.142499	0.188965	0.22061	0.247441	0.267445	0.258452	0.205286	0.110759	0.00184417	-0.0885715	-0.158067	-0.207027	-0.236764	-0.24759	-0.238515	-0.226373	-0.224187	-0.199379	-0.140253	-0.0503145	0.0587803	0.145528	0.193876	0.229784	0.265598	0.297639	0.330752	0.360617	0.397164	0.437784	0.462198	0.462377	0.430304	0.375739	0.321713	0.287402	0.262813	0.23853	
-0.142627	-0.142627	-0.186046	-0.251547	-0.308701	-0.349241	-0.365353	-0.339372	-0.261109	-0.155828	-0.0513659	0.0334866	0.0927145	0.123545	0.14148	0.159662	0.17591	0.16875	0.114095	0.0162612	-0.0905764	-0.171278	-0.227396	-0.257898	-0.265809	-0.259731	-0.248207	-0.235438	-0.228145	-0.205339	-0.144011	-0.0492724	0.0639935	0.155977	0.21462	0.257408	0.284641	0.301517	0.316478	0.328228	0.352048	0.388778	0.411992	0.407886	0.371316	0.327433	0.287402	0.265912	0.263038	0.263687	
-0.418483	-0.418483	-0.437438	-0.467243	-0.484112	-0.479715	-0.454229	-0.397429	-0.307401	-0.204363	-0.108319	-0.0365837	0.00599953	0.0218926	0.025346	0.0357012	0.0479812	0.0338031	-0.022449	-0.113862	-0.20886	-0.279696	-0.320933	-0.333729	-0.318575	-0.291806	-0.272231	-0.263762	-0.252193	-0.225984	-0.164488	-0.0650883	0.04479	0.138049	0.20316	0.239616	0.252247	0.255514	0.253042	0.252092	0.266199	0.290112	0.310457	0.312432	0.295045	0.275214	0.262813	0.263038	0.276491	0.292756	
-0.747983	-0.747983	-0.747061	-0.733074	-0.697839	-0.645817	-0.579633	-0.49453	-0.390925	-0.291025	-0.203578	-0.141578	-0.111938	-0.105783	-0.103483	-0.101494	-0.0936691	-0.111204	-0.170008	-0.254411	-0.335335	-0.395938	-0.421549	-0.419106	-0.390354	-0.347624	-0.318913	-0.305773	-0.288078	-0.255097	-0.19182	-0.0940602	0.00801249	0.0964228	0.157677	0.178694	0.177541	0.165271	0.145982	0.134644	0.140513	0.15784	0.181691	0.198513	0.208629	0.220793	0.23853	0.263687	0.292756	0.321294	
