-0.0720742	-0.0567105	-0.0405939	-0.0242565	-0.0125531	-0.00316931	-0.00871384	-0.0468091	-0.119502	-0.197118	-0.268421	-0.321676	-0.368917	-0.38778	-0.40301	-0.437722	-0.478918	-0.538002	-0.61675	-0.708216	-0.783753	-0.846401	-0.890579	-0.91104	-0.912088	-0.891131	-0.846097	-0.762506	-0.640896	-0.496518	-0.331184	-0.166449	-0.0192514	0.0874947	0.173923	0.253636	0.305621	0.323806	0.318826	0.32444	0.345019	0.373719	0.415828	0.476236	0.551738	0.632162	0.700356	0.75009	0.774476	0.774476	
-0.0567105	-0.0171332	0.0160021	0.0424372	0.0627756	0.0856388	0.0948935	0.0732265	0.0149962	-0.068715	-0.158732	-0.240702	-0.305405	-0.339038	-0.361313	-0.394408	-0.435058	-0.490376	-0.566387	-0.651065	-0.728231	-0.801254	-0.866912	-0.917209	-0.950223	-0.961982	-0.941639	-0.876837	-0.771383	-0.634331	-0.471287	-0.302454	-0.145772	-0.0185916	0.0913543	0.193415	0.269809	0.309395	0.325468	0.336191	0.351473	0.380716	0.429787	0.503874	0.590313	0.677872	0.75428	0.80964	0.838736	0.838736	
-0.0405939	0.0160021	0.0589566	0.0906612	0.121392	0.154574	0.168804	0.158796	0.116093	0.0384393	-0.0601046	-0.159427	-0.242455	-0.29993	-0.331071	-0.355111	-0.380769	-0.414025	-0.465694	-0.529135	-0.603355	-0.689	-0.775204	-0.861406	-0.930106	-0.974987	-0.981127	-0.941304	-0.861242	-0.741661	-0.59643	-0.432964	-0.272084	-0.126815	0.00661	0.121445	0.211962	0.275244	0.317039	0.344377	0.361103	0.387805	0.440044	0.514831	0.600869	0.68578	0.760495	0.813948	0.841537	0.841537	
-0.0242565	0.0424372	0.0906612	0.129783	0.17106	0.204571	0.217377	0.211924	0.179983	0.110302	0.0170489	-0.0848068	-0.179271	-0.249848	-0.283985	-0.297362	-0.30485	-0.311058	-0.331972	-0.370265	-0.431901	-0.517181	-0.617772	-0.729292	-0.834203	-0.91267	-0.950624	-0.943999	-0.896435	-0.807126	-0.686908	-0.541841	-0.383385	-0.225758	-0.0820845	0.0376459	0.131527	0.209432	0.280721	0.330142	0.358796	0.386092	0.431698	0.495546	0.568415	0.642386	0.707004	0.756234	0.780504	0.780504	
-0.0125531	0.0627756	0.121392	0.17106	0.218566	0.248491	0.260073	0.255457	0.227775	0.168349	0.0877522	-0.00822531	-0.101249	-0.176964	-0.21451	-0.222705	-0.215968	-0.198818	-0.191848	-0.203895	-0.245686	-0.320026	-0.422647	-0.54627	-0.67274	-0.773365	-0.840608	-0.867303	-0.85731	-0.808937	-0.724169	-0.608114	-0.464324	-0.311262	-0.168631	-0.0516018	0.0394714	0.125188	0.211347	0.278571	0.322688	0.351918	0.386501	0.433519	0.486157	0.541507	0.594411	0.636987	0.664786	0.664786	
-0.00316931	0.0856388	0.154574	0.204571	0.248491	0.278966	0.301294	0.304848	0.278697	0.225951	0.151627	0.0623476	-0.0249793	-0.0955071	-0.137135	-0.147912	-0.134953	-0.103109	-0.07862	-0.0625739	-0.0734861	-0.124151	-0.212248	-0.328003	-0.458453	-0.57293	-0.66099	-0.720192	-0.744699	-0.735059	-0.684825	-0.600358	-0.486303	-0.35777	-0.234628	-0.130333	-0.0440299	0.0390309	0.121051	0.195405	0.248554	0.2809	0.305922	0.329469	0.358855	0.384867	0.412467	0.447544	0.474471	0.474471	
-0.00871384	0.0948935	0.168804	0.217377	0.260073	0.301294	0.336961	0.344278	0.319469	0.268092	0.192878	0.111923	0.0388369	-0.0257444	-0.0717681	-0.0885328	-0.0761217	-0.038572	0.000300318	0.0454968	0.0702146	0.054782	0.000872811	-0.0907191	-0.207678	-0.326726	-0.433982	-0.519301	-0.578542	-0.599341	-0.575384	-0.523425	-0.442672	-0.349891	-0.258484	-0.171568	-0.0963182	-0.0266802	0.036054	0.0966136	0.149074	0.178804	0.1911	0.194925	0.194859	0.184057	0.176782	0.187682	0.205273	0.205273	
-0.0468091	0.0732265	0.158796	0.211924	0.255457	0.304848	0.344278	0.357941	0.337945	0.285721	0.212447	0.142425	0.0794058	0.021269	-0.028427	-0.0503647	-0.0388616	-0.000961271	0.0520341	0.120364	0.178724	0.203173	0.195059	0.14296	0.0504353	-0.0613878	-0.176836	-0.28815	-0.375528	-0.423051	-0.428868	-0.407029	-0.362934	-0.301731	-0.238844	-0.170126	-0.106013	-0.0552365	-0.0196067	0.0122	0.0454561	0.0577035	0.0505028	0.0343035	0.00570404	-0.038622	-0.0797975	-0.102173	-0.105209	-0.105209	
-0.119502	0.0149962	0.116093	0.179983	0.227775	0.278697	0.319469	0.337945	0.325342	0.279181	0.218722	0.15733	0.100144	0.0398949	-0.0108273	-0.0377275	-0.0310166	0.0095533	0.0752441	0.163245	0.247021	0.312913	0.351007	0.33995	0.280978	0.188276	0.0725837	-0.0515179	-0.159381	-0.227643	-0.261984	-0.272157	-0.25697	-0.222751	-0.181009	-0.134374	-0.0860821	-0.0556892	-0.0477628	-0.0439431	-0.0407586	-0.0534011	-0.0828936	-0.123069	-0.180434	-0.255726	-0.328914	-0.386149	-0.418752	-0.418752	
-0.197118	-0.068715	0.0384393	0.110302	0.168349	0.225951	0.268092	0.285721	0.279181	0.251252	0.210607	0.161372	0.108062	0.048392	-0.0111351	-0.0531515	-0.0600288	-0.0216218	0.0572723	0.164394	0.275341	0.378819	0.45515	0.479064	0.45632	0.38771	0.284345	0.1641	0.0533286	-0.0260251	-0.0850871	-0.12315	-0.133127	-0.118795	-0.0955953	-0.0686948	-0.0397925	-0.0296048	-0.044451	-0.0674703	-0.0959665	-0.137632	-0.192095	-0.260266	-0.347877	-0.45087	-0.546198	-0.628033	-0.683408	-0.683408	
-0.268421	-0.158732	-0.0601046	0.0170489	0.0877522	0.151627	0.192878	0.212447	0.218722	0.210607	0.186184	0.146168	0.0954945	0.0347944	-0.0385066	-0.0995562	-0.119965	-0.0896044	-0.00492735	0.116181	0.251709	0.383939	0.489961	0.553615	0.565541	0.526496	0.445182	0.341847	0.244477	0.163737	0.0926026	0.0386344	0.0133219	0.0117323	0.0199884	0.0287142	0.03544	0.0241961	-0.0128628	-0.0641484	-0.122135	-0.194284	-0.277615	-0.371046	-0.486994	-0.606308	-0.707472	-0.79394	-0.85192	-0.85192	
-0.321676	-0.240702	-0.159427	-0.0848068	-0.00822531	0.0623476	0.111923	0.142425	0.15733	0.161372	0.146168	0.111873	0.0648877	-0.0076768	-0.102992	-0.181606	-0.218833	-0.205469	-0.122537	0.00937214	0.160895	0.311818	0.445275	0.547193	0.595561	0.593192	0.547867	0.480591	0.409245	0.338024	0.269554	0.210472	0.174718	0.158372	0.151059	0.142426	0.133097	0.105518	0.0511002	-0.0195102	-0.105373	-0.207863	-0.321802	-0.444476	-0.577921	-0.704653	-0.805696	-0.878052	-0.927646	-0.927646	
-0.368917	-0.305405	-0.242455	-0.179271	-0.101249	-0.0249793	0.0388369	0.0794058	0.100144	0.108062	0.0954945	0.0648877	0.00405727	-0.0897993	-0.204937	-0.297313	-0.352306	-0.357495	-0.282231	-0.149418	0.00659899	0.170614	0.331725	0.468759	0.552971	0.591765	0.59435	0.568958	0.531191	0.48033	0.430366	0.381653	0.344751	0.315534	0.288267	0.260818	0.234132	0.199186	0.136144	0.0561899	-0.0475882	-0.176402	-0.320226	-0.46449	-0.603771	-0.729767	-0.821537	-0.88396	-0.91832	-0.91832	
-0.38778	-0.339038	-0.29993	-0.249848	-0.176964	-0.0955071	-0.0257444	0.021269	0.0398949	0.048392	0.0347944	-0.0076768	-0.0897993	-0.206596	-0.336996	-0.444262	-0.511984	-0.525032	-0.457139	-0.333894	-0.178998	-0.00746892	0.172166	0.331933	0.44691	0.530055	0.584197	0.605235	0.60065	0.580513	0.556759	0.529334	0.502817	0.471735	0.431372	0.390163	0.353189	0.310395	0.246271	0.15539	0.037157	-0.113724	-0.281034	-0.436748	-0.573153	-0.685625	-0.771621	-0.823586	-0.851855	-0.851855	
-0.40301	-0.361313	-0.331071	-0.283985	-0.21451	-0.137135	-0.0717681	-0.028427	-0.0108273	-0.0111351	-0.0385066	-0.102992	-0.204937	-0.336996	-0.480057	-0.596228	-0.664371	-0.67645	-0.621179	-0.510129	-0.357797	-0.180451	0.00761353	0.17449	0.30973	0.427469	0.522856	0.586217	0.624372	0.643092	0.655841	0.659436	0.649492	0.624635	0.580275	0.527884	0.476865	0.420974	0.343314	0.239514	0.108497	-0.0515377	-0.22371	-0.376931	-0.500404	-0.596341	-0.668035	-0.716242	-0.738912	-0.738912	
-0.437722	-0.394408	-0.355111	-0.297362	-0.222705	-0.147912	-0.0885328	-0.0503647	-0.0377275	-0.0531515	-0.0995562	-0.181606	-0.297313	-0.444262	-0.596228	-0.71617	-0.7839	-0.80077	-0.76303	-0.662792	-0.510043	-0.328558	-0.139195	0.0315617	0.181929	0.319523	0.446073	0.552077	0.634162	0.698501	0.747668	0.777669	0.781746	0.762137	0.71729	0.655935	0.58364	0.498005	0.393408	0.269808	0.131643	-0.0194511	-0.173635	-0.308648	-0.410763	-0.487627	-0.544388	-0.582034	-0.599506	-0.599506	
-0.478918	-0.435058	-0.380769	-0.30485	-0.215968	-0.134953	-0.0761217	-0.0388616	-0.0310166	-0.0600288	-0.119965	-0.218833	-0.352306	-0.511984	-0.664371	-0.7839	-0.860819	-0.890905	-0.869617	-0.777123	-0.627212	-0.445218	-0.251765	-0.0712744	0.0930217	0.242982	0.391598	0.532302	0.651574	0.75541	0.836208	0.888337	0.901555	0.885136	0.838979	0.765228	0.662963	0.533483	0.391445	0.243972	0.104062	-0.0306964	-0.157255	-0.263401	-0.341983	-0.400924	-0.444238	-0.468454	-0.475302	-0.475302	
-0.538002	-0.490376	-0.414025	-0.311058	-0.198818	-0.103109	-0.038572	-0.000961271	0.0095533	-0.0216218	-0.0896044	-0.205469	-0.357495	-0.525032	-0.67645	-0.80077	-0.890905	-0.927936	-0.909056	-0.818056	-0.67527	-0.497423	-0.301773	-0.11295	0.0590698	0.21928	0.378812	0.534767	0.67619	0.804107	0.910756	0.983949	1.00933	0.991669	0.937232	0.840166	0.696165	0.519575	0.335962	0.16858	0.0293478	-0.091737	-0.192571	-0.266473	-0.318379	-0.361191	-0.3923	-0.405546	-0.398188	-0.398188	
-0.61675	-0.566387	-0.465694	-0.331972	-0.191848	-0.07862	0.000300318	0.0520341	0.0752441	0.0572723	-0.00492735	-0.122537	-0.282231	-0.457139	-0.621179	-0.76303	-0.869617	-0.909056	-0.883042	-0.791182	-0.650733	-0.473183	-0.280971	-0.0873711	0.0966075	0.266539	0.429346	0.584416	0.72546	0.853426	0.967413	1.04855	1.07747	1.0539	0.977059	0.849217	0.668654	0.45074	0.236931	0.0571758	-0.0864809	-0.20044	-0.282033	-0.330591	-0.350411	-0.373467	-0.393591	-0.390394	-0.374594	-0.374594	
-0.708216	-0.651065	-0.529135	-0.370265	-0.203895	-0.0625739	0.0454968	0.120364	0.163245	0.164394	0.116181	0.00937214	-0.149418	-0.333894	-0.510129	-0.662792	-0.777123	-0.818056	-0.791182	-0.696725	-0.55357	-0.379298	-0.192754	0.00123124	0.190749	0.363079	0.51754	0.659509	0.786269	0.899457	1.00156	1.0775	1.10429	1.06221	0.958447	0.800384	0.586215	0.343585	0.108956	-0.0841918	-0.230202	-0.340697	-0.408748	-0.433129	-0.431206	-0.43437	-0.437384	-0.428785	-0.406771	-0.406771	
-0.783753	-0.728231	-0.603355	-0.431901	-0.245686	-0.0734861	0.0702146	0.178724	0.247021	0.275341	0.251709	0.160895	0.00659899	-0.178998	-0.357797	-0.510043	-0.627212	-0.67527	-0.650733	-0.55357	-0.407384	-0.237208	-0.0568425	0.130959	0.312024	0.475128	0.620077	0.752438	0.868559	0.957745	1.0326	1.08357	1.0813	1.01166	0.879539	0.700014	0.476243	0.225859	-0.0159784	-0.220396	-0.375835	-0.484949	-0.544633	-0.561054	-0.54883	-0.533817	-0.521342	-0.503228	-0.483898	-0.483898	
-0.846401	-0.801254	-0.689	-0.517181	-0.320026	-0.124151	0.054782	0.203173	0.312913	0.378819	0.383939	0.311818	0.170614	-0.00746892	-0.180451	-0.328558	-0.445218	-0.497423	-0.473183	-0.379298	-0.237208	-0.0707404	0.104205	0.27863	0.441557	0.589442	0.727171	0.855366	0.957839	1.0215	1.06133	1.06821	1.02105	0.9134	0.75428	0.564455	0.344331	0.105388	-0.129221	-0.335902	-0.495457	-0.600259	-0.655714	-0.674512	-0.662618	-0.639649	-0.61608	-0.596582	-0.583557	-0.583557	
-0.890579	-0.866912	-0.775204	-0.617772	-0.422647	-0.212248	0.000872811	0.195059	0.351007	0.45515	0.489961	0.445275	0.331725	0.172166	0.00761353	-0.139195	-0.251765	-0.301773	-0.280971	-0.192754	-0.0568425	0.104205	0.272613	0.428172	0.570651	0.702534	0.831095	0.945128	1.02578	1.06509	1.06619	1.02926	0.935276	0.790111	0.61044	0.415798	0.20897	-0.00331569	-0.212533	-0.406114	-0.558427	-0.661862	-0.722769	-0.74886	-0.743936	-0.718984	-0.690885	-0.676343	-0.667319	-0.667319	
-0.91104	-0.917209	-0.861406	-0.729292	-0.54627	-0.328003	-0.0907191	0.14296	0.33995	0.479064	0.553615	0.547193	0.468759	0.331933	0.17449	0.0315617	-0.0712744	-0.11295	-0.0873711	0.00123124	0.130959	0.27863	0.428172	0.564905	0.692053	0.812017	0.923181	1.01145	1.06216	1.07035	1.03649	0.962151	0.833595	0.667566	0.479387	0.288226	0.105615	-0.0724074	-0.241433	-0.404442	-0.543455	-0.649818	-0.725991	-0.76798	-0.773835	-0.754006	-0.734665	-0.723312	-0.719311	-0.719311	
-0.912088	-0.950223	-0.930106	-0.834203	-0.67274	-0.458453	-0.207678	0.0504353	0.280978	0.45632	0.565541	0.595561	0.552971	0.44691	0.30973	0.181929	0.0930217	0.0590698	0.0966075	0.190749	0.312024	0.441557	0.570651	0.692053	0.806412	0.904544	0.984713	1.03728	1.05381	1.03364	0.973767	0.87672	0.735222	0.567343	0.386201	0.20985	0.0523174	-0.086372	-0.211359	-0.333119	-0.448145	-0.552643	-0.643802	-0.707833	-0.735523	-0.738386	-0.735947	-0.736465	-0.736274	-0.736274	
-0.891131	-0.961982	-0.974987	-0.91267	-0.773365	-0.57293	-0.326726	-0.0613878	0.188276	0.38771	0.526496	0.593192	0.591765	0.530055	0.427469	0.319523	0.242982	0.21928	0.266539	0.363079	0.475128	0.589442	0.702534	0.812017	0.904544	0.969465	1.01124	1.02421	1.00783	0.963675	0.883447	0.773703	0.636168	0.486252	0.334935	0.189001	0.0648968	-0.0354723	-0.122262	-0.207969	-0.296181	-0.387808	-0.484877	-0.570737	-0.631452	-0.665861	-0.684129	-0.697456	-0.702721	-0.702721	
-0.846097	-0.941639	-0.981127	-0.950624	-0.840608	-0.66099	-0.433982	-0.176836	0.0725837	0.284345	0.445182	0.547867	0.59435	0.584197	0.522856	0.446073	0.391598	0.378812	0.429346	0.51754	0.620077	0.727171	0.831095	0.923181	0.984713	1.01124	1.00851	0.980879	0.933291	0.866816	0.774086	0.662176	0.543197	0.432372	0.328516	0.226505	0.143428	0.0760147	0.0146887	-0.04939	-0.115822	-0.188298	-0.278471	-0.380614	-0.474118	-0.538125	-0.579579	-0.60257	-0.618239	-0.618239	
-0.762506	-0.876837	-0.941304	-0.943999	-0.867303	-0.720192	-0.519301	-0.28815	-0.0515179	0.1641	0.341847	0.480591	0.568958	0.605235	0.586217	0.552077	0.532302	0.534767	0.584416	0.659509	0.752438	0.855366	0.945128	1.01145	1.03728	1.02421	0.980879	0.914244	0.841066	0.756807	0.662283	0.56256	0.478158	0.41747	0.36653	0.314716	0.270943	0.234463	0.188284	0.136596	0.083075	0.0256635	-0.0559948	-0.16448	-0.280143	-0.374608	-0.437894	-0.483206	-0.509801	-0.509801	
-0.640896	-0.771383	-0.861242	-0.896435	-0.85731	-0.744699	-0.578542	-0.375528	-0.159381	0.0533286	0.244477	0.409245	0.531191	0.60065	0.624372	0.634162	0.651574	0.67619	0.72546	0.786269	0.868559	0.957839	1.02578	1.06216	1.05381	1.00783	0.933291	0.841066	0.746312	0.655141	0.566986	0.492081	0.449668	0.435679	0.432492	0.42494	0.418654	0.407222	0.378677	0.337112	0.288146	0.232161	0.154207	0.0487603	-0.0741059	-0.188874	-0.281615	-0.348057	-0.389914	-0.389914	
-0.496518	-0.634331	-0.741661	-0.807126	-0.808937	-0.735059	-0.599341	-0.423051	-0.227643	-0.0260251	0.163737	0.338024	0.48033	0.580513	0.643092	0.698501	0.75541	0.804107	0.853426	0.899457	0.957745	1.0215	1.06509	1.07035	1.03364	0.963675	0.866816	0.756807	0.655141	0.565581	0.497586	0.459282	0.454533	0.478717	0.509871	0.533943	0.553847	0.563215	0.553044	0.523937	0.476652	0.413349	0.336211	0.241636	0.12222	-0.00392546	-0.118378	-0.205494	-0.256138	-0.256138	
-0.331184	-0.471287	-0.59643	-0.686908	-0.724169	-0.684825	-0.575384	-0.428868	-0.261984	-0.0850871	0.0926026	0.269554	0.430366	0.556759	0.655841	0.747668	0.836208	0.910756	0.967413	1.00156	1.0326	1.06133	1.06619	1.03649	0.973767	0.883447	0.774086	0.662283	0.566986	0.497586	0.460727	0.455689	0.482864	0.53217	0.583272	0.628225	0.663845	0.687071	0.693065	0.673255	0.624207	0.556811	0.480717	0.394197	0.283443	0.156152	0.0369295	-0.0558093	-0.108716	-0.108716	
-0.166449	-0.302454	-0.432964	-0.541841	-0.608114	-0.600358	-0.523425	-0.407029	-0.272157	-0.12315	0.0386344	0.210472	0.381653	0.529334	0.659436	0.777669	0.888337	0.983949	1.04855	1.0775	1.08357	1.06821	1.02926	0.962151	0.87672	0.773703	0.662176	0.56256	0.492081	0.459282	0.455689	0.484481	0.534055	0.595982	0.654387	0.702136	0.739996	0.766976	0.778789	0.761992	0.716269	0.652222	0.581883	0.498228	0.393839	0.279672	0.174286	0.0918661	0.0436174	0.0436174	
-0.0192514	-0.145772	-0.272084	-0.383385	-0.464324	-0.486303	-0.442672	-0.362934	-0.25697	-0.133127	0.0133219	0.174718	0.344751	0.502817	0.649492	0.781746	0.901555	1.00933	1.07747	1.10429	1.0813	1.02105	0.935276	0.833595	0.735222	0.636168	0.543197	0.478158	0.449668	0.454533	0.482864	0.534055	0.596862	0.662085	0.716615	0.756601	0.785022	0.803584	0.811376	0.793453	0.75298	0.698567	0.633163	0.552109	0.456957	0.366162	0.288274	0.223038	0.185087	0.185087	
0.0874947	-0.0185916	-0.126815	-0.225758	-0.311262	-0.35777	-0.349891	-0.301731	-0.222751	-0.118795	0.0117323	0.158372	0.315534	0.471735	0.624635	0.762137	0.885136	0.991669	1.0539	1.06221	1.01166	0.9134	0.790111	0.667566	0.567343	0.486252	0.432372	0.41747	0.435679	0.478717	0.53217	0.595982	0.662085	0.720913	0.762913	0.787392	0.793984	0.792508	0.788186	0.766595	0.727484	0.679887	0.62349	0.552917	0.485666	0.431321	0.388795	0.352912	0.329648	0.329648	
0.173923	0.0913543	0.00661	-0.0820845	-0.168631	-0.234628	-0.258484	-0.238844	-0.181009	-0.0955953	0.0199884	0.151059	0.288267	0.431372	0.580275	0.71729	0.838979	0.937232	0.977059	0.958447	0.879539	0.75428	0.61044	0.479387	0.386201	0.334935	0.328516	0.36653	0.432492	0.509871	0.583272	0.654387	0.716615	0.762913	0.793032	0.798311	0.779137	0.75498	0.732533	0.699365	0.654006	0.607359	0.564156	0.521265	0.490913	0.478307	0.474065	0.467158	0.46572	0.46572	
0.253636	0.193415	0.121445	0.0376459	-0.0516018	-0.130333	-0.171568	-0.170126	-0.134374	-0.0686948	0.0287142	0.142426	0.260818	0.390163	0.527884	0.655935	0.765228	0.840166	0.849217	0.800384	0.700014	0.564455	0.415798	0.288226	0.20985	0.189001	0.226505	0.314716	0.42494	0.533943	0.628225	0.702136	0.756601	0.787392	0.798311	0.783302	0.744381	0.699406	0.657589	0.605398	0.546312	0.504364	0.483165	0.473638	0.482671	0.510137	0.539986	0.567163	0.584927	0.584927	
0.305621	0.269809	0.211962	0.131527	0.0394714	-0.0440299	-0.0963182	-0.106013	-0.0860821	-0.0397925	0.03544	0.133097	0.234132	0.353189	0.476865	0.58364	0.662963	0.696165	0.668654	0.586215	0.476243	0.344331	0.20897	0.105615	0.0523174	0.0648968	0.143428	0.270943	0.418654	0.553847	0.663845	0.739996	0.785022	0.793984	0.779137	0.744381	0.689058	0.631014	0.567169	0.49428	0.427612	0.397806	0.402834	0.423093	0.464161	0.525701	0.591382	0.646629	0.680915	0.680915	
0.323806	0.309395	0.275244	0.209432	0.125188	0.0390309	-0.0266802	-0.0552365	-0.0556892	-0.0296048	0.0241961	0.105518	0.199186	0.310395	0.420974	0.498005	0.533483	0.519575	0.45074	0.343585	0.225859	0.105388	-0.00331569	-0.0724074	-0.086372	-0.0354723	0.0760147	0.234463	0.407222	0.563215	0.687071	0.766976	0.803584	0.792508	0.75498	0.699406	0.631014	0.555304	0.471468	0.386076	0.322933	0.309766	0.334038	0.375035	0.437601	0.529394	0.623598	0.699257	0.740918	0.740918	
0.318826	0.325468	0.317039	0.280721	0.211347	0.121051	0.036054	-0.0196067	-0.0477628	-0.044451	-0.0128628	0.0511002	0.136144	0.246271	0.343314	0.393408	0.391445	0.335962	0.236931	0.108956	-0.0159784	-0.129221	-0.212533	-0.241433	-0.211359	-0.122262	0.0146887	0.188284	0.378677	0.553044	0.693065	0.778789	0.811376	0.788186	0.732533	0.657589	0.567169	0.471468	0.376364	0.296811	0.24981	0.251288	0.286393	0.33951	0.419211	0.530058	0.639706	0.723215	0.763394	0.763394	
0.32444	0.336191	0.344377	0.330142	0.278571	0.195405	0.0966136	0.0122	-0.0439431	-0.0674703	-0.0641484	-0.0195102	0.0561899	0.15539	0.239514	0.269808	0.243972	0.16858	0.0571758	-0.0841918	-0.220396	-0.335902	-0.406114	-0.404442	-0.333119	-0.207969	-0.04939	0.136596	0.337112	0.523937	0.673255	0.761992	0.793453	0.766595	0.699365	0.605398	0.49428	0.386076	0.296811	0.239492	0.216326	0.230735	0.273934	0.338774	0.42668	0.536781	0.640081	0.71187	0.743753	0.743753	
0.345019	0.351473	0.361103	0.358796	0.322688	0.248554	0.149074	0.0454561	-0.0407586	-0.0959665	-0.122135	-0.105373	-0.0475882	0.037157	0.108497	0.131643	0.104062	0.0293478	-0.0864809	-0.230202	-0.375835	-0.495457	-0.558427	-0.543455	-0.448145	-0.296181	-0.115822	0.083075	0.288146	0.476652	0.624207	0.716269	0.75298	0.727484	0.654006	0.546312	0.427612	0.322933	0.24981	0.216326	0.213733	0.240011	0.293871	0.368206	0.453581	0.54445	0.621481	0.671398	0.689229	0.689229	
0.373719	0.380716	0.387805	0.386092	0.351918	0.2809	0.178804	0.0577035	-0.0534011	-0.137632	-0.194284	-0.207863	-0.176402	-0.113724	-0.0515377	-0.0194511	-0.0306964	-0.091737	-0.20044	-0.340697	-0.484949	-0.600259	-0.661862	-0.649818	-0.552643	-0.387808	-0.188298	0.0256635	0.232161	0.413349	0.556811	0.652222	0.698567	0.679887	0.607359	0.504364	0.397806	0.309766	0.251288	0.230735	0.240011	0.275446	0.335952	0.409673	0.478757	0.536506	0.579398	0.600959	0.603592	0.603592	
0.415828	0.429787	0.440044	0.431698	0.386501	0.305922	0.1911	0.0505028	-0.0828936	-0.192095	-0.277615	-0.321802	-0.320226	-0.281034	-0.22371	-0.173635	-0.157255	-0.192571	-0.282033	-0.408748	-0.544633	-0.655714	-0.722769	-0.725991	-0.643802	-0.484877	-0.278471	-0.0559948	0.154207	0.336211	0.480717	0.581883	0.633163	0.62349	0.564156	0.483165	0.402834	0.334038	0.286393	0.273934	0.293871	0.335952	0.394662	0.453927	0.496013	0.516633	0.524204	0.518268	0.506411	0.506411	
0.476236	0.503874	0.514831	0.495546	0.433519	0.329469	0.194925	0.0343035	-0.123069	-0.260266	-0.371046	-0.444476	-0.46449	-0.436748	-0.376931	-0.308648	-0.263401	-0.266473	-0.330591	-0.433129	-0.561054	-0.674512	-0.74886	-0.76798	-0.707833	-0.570737	-0.380614	-0.16448	0.0487603	0.241636	0.394197	0.498228	0.552109	0.552917	0.521265	0.473638	0.423093	0.375035	0.33951	0.338774	0.368206	0.409673	0.453927	0.489046	0.502563	0.492247	0.473732	0.450498	0.431819	0.431819	
0.551738	0.590313	0.600869	0.568415	0.486157	0.358855	0.194859	0.00570404	-0.180434	-0.347877	-0.486994	-0.577921	-0.603771	-0.573153	-0.500404	-0.410763	-0.341983	-0.318379	-0.350411	-0.431206	-0.54883	-0.662618	-0.743936	-0.773835	-0.735523	-0.631452	-0.474118	-0.280143	-0.0741059	0.12222	0.283443	0.393839	0.456957	0.485666	0.490913	0.482671	0.464161	0.437601	0.419211	0.42668	0.453581	0.478757	0.496013	0.502563	0.491179	0.459568	0.426175	0.399258	0.383846	0.383846	
0.632162	0.677872	0.68578	0.642386	0.541507	0.384867	0.184057	-0.038622	-0.255726	-0.45087	-0.606308	-0.704653	-0.729767	-0.685625	-0.596341	-0.487627	-0.400924	-0.361191	-0.373467	-0.43437	-0.533817	-0.639649	-0.718984	-0.754006	-0.738386	-0.665861	-0.538125	-0.374608	-0.188874	-0.00392546	0.156152	0.279672	0.366162	0.431321	0.478307	0.510137	0.525701	0.529394	0.530058	0.536781	0.54445	0.536506	0.516633	0.492247	0.459568	0.413819	0.374642	0.35242	0.346639	0.346639	
0.700356	0.75428	0.760495	0.707004	0.594411	0.412467	0.176782	-0.0797975	-0.328914	-0.546198	-0.707472	-0.805696	-0.821537	-0.771621	-0.668035	-0.544388	-0.444238	-0.3923	-0.393591	-0.437384	-0.521342	-0.61608	-0.690885	-0.734665	-0.735947	-0.684129	-0.579579	-0.437894	-0.281615	-0.118378	0.0369295	0.174286	0.288274	0.388795	0.474065	0.539986	0.591382	0.623598	0.639706	0.640081	0.621481	0.579398	0.524204	0.473732	0.426175	0.374642	0.332652	0.315102	0.316172	0.316172	
0.75009	0.80964	0.813948	0.756234	0.636987	0.447544	0.187682	-0.102173	-0.386149	-0.628033	-0.79394	-0.878052	-0.88396	-0.823586	-0.716242	-0.582034	-0.468454	-0.405546	-0.390394	-0.428785	-0.503228	-0.596582	-0.676343	-0.723312	-0.736465	-0.697456	-0.60257	-0.483206	-0.348057	-0.205494	-0.0558093	0.0918661	0.223038	0.352912	0.467158	0.567163	0.646629	0.699257	0.723215	0.71187	0.671398	0.600959	0.518268	0.450498	0.399258	0.35242	0.315102	0.301178	0.305818	0.305818	
0.774476	0.838736	0.841537	0.780504	0.664786	0.474471	0.205273	-0.105209	-0.418752	-0.683408	-0.85192	-0.927646	-0.91832	-0.851855	-0.738912	-0.599506	-0.475302	-0.398188	-0.374594	-0.406771	-0.483898	-0.583557	-0.667319	-0.719311	-0.736274	-0.702721	-0.618239	-0.509801	-0.389914	-0.256138	-0.108716	0.0436174	0.185087	0.329648	0.46572	0.584927	0.680915	0.740918	0.763394	0.743753	0.689229	0.603592	0.506411	0.431819	0.383846	0.346639	0.316172	0.305818	0.311829	0.311829	
0.774476	0.838736	0.841537	0.780504	0.664786	0.474471	0.205273	-0.105209	-0.418752	-0.683408	-0.85192	-0.927646	-0.91832	-0.851855	-0.738912	-0.599506	-0.475302	-0.398188	-0.374594	-0.406771	-0.483898	-0.583557	-0.667319	-0.719311	-0.736274	-0.702721	-0.618239	-0.509801	-0.389914	-0.256138	-0.108716	0.0436174	0.185087	0.329648	0.46572	0.584927	0.680915	0.740918	0.763394	0.743753	0.689229	0.603592	0.506411	0.431819	0.383846	0.346639	0.316172	0.305818	0.311829	0.311829	
