-0.297965	-0.297965	-0.045979	0.0775532	-0.509308	0.193853	
-0.297965	-0.297965	-0.045979	0.0775532	-0.509308	0.193853	
-0.045979	-0.045979	0.30024	0.595991	0.186894	0.41412	
0.0775532	0.0775532	0.595991	1.15471	0.514848	0.397648	
-0.509308	-0.509308	0.186894	0.514848	0.218239	-0.482121	
0.193853	0.193853	0.41412	0.397648	-0.482121	-0.342793	
