0.779204	0.576441	-0.214231	0.621104	0.583393	0.583393	
0.576441	0.171292	-0.0684493	0.52039	-0.19527	-0.19527	
-0.214231	-0.0684493	1.08214	-0.144713	0.84112	0.84112	
0.621104	0.52039	-0.144713	-0.00632005	0.242298	0.242298	
0.583393	-0.19527	0.84112	0.242298	1.13825	1.13825	
0.583393	-0.19527	0.84112	0.242298	1.13825	1.13825	
