-0.238257	-0.238257	-0.230862	-0.224029	-0.215956	-0.199644	-0.161635	-0.113105	-0.0553429	0.0144917	0.11341	0.250709	0.42241	0.600349	0.749641	0.867896	0.960777	1.03931	1.09883	1.13471	1.13119	1.07458	0.950719	0.752588	0.492322	0.180754	-0.169167	-0.53344	-0.885813	-1.19385	-1.43055	-1.56116	-1.55413	-1.38925	-1.09518	-0.724401	-0.315846	0.0746847	0.40056	0.642432	0.786619	0.829269	0.783182	0.668409	0.516396	0.361861	0.217376	0.0859397	-0.0286021	-0.119741	
-0.238257	-0.238257	-0.230862	-0.224029	-0.215956	-0.199644	-0.161635	-0.113105	-0.0553429	0.0144917	0.11341	0.250709	0.42241	0.600349	0.749641	0.867896	0.960777	1.03931	1.09883	1.13471	1.13119	1.07458	0.950719	0.752588	0.492322	0.180754	-0.169167	-0.53344	-0.885813	-1.19385	-1.43055	-1.56116	-1.55413	-1.38925	-1.09518	-0.724401	-0.315846	0.0746847	0.40056	0.642432	0.786619	0.829269	0.783182	0.668409	0.516396	0.361861	0.217376	0.0859397	-0.0286021	-0.119741	
-0.230862	-0.230862	-0.219629	-0.207856	-0.197834	-0.181832	-0.144029	-0.0916113	-0.0277056	0.0457625	0.141877	0.271067	0.435121	0.61053	0.760968	0.878023	0.96101	1.02253	1.0626	1.08318	1.06968	1.00694	0.878758	0.678632	0.419841	0.114132	-0.227458	-0.582158	-0.924006	-1.21932	-1.43986	-1.55284	-1.5305	-1.35621	-1.06015	-0.690647	-0.284223	0.105847	0.43233	0.671028	0.808667	0.842734	0.791065	0.677308	0.531708	0.382502	0.239403	0.101907	-0.0198204	-0.115552	
-0.224029	-0.224029	-0.207856	-0.189786	-0.174545	-0.155264	-0.112369	-0.0519004	0.0198213	0.0957919	0.186505	0.30648	0.462277	0.632503	0.778242	0.882792	0.944476	0.976002	0.986089	0.979809	0.946575	0.870929	0.737415	0.540022	0.291804	0.00196419	-0.319537	-0.652479	-0.969727	-1.23769	-1.42972	-1.51589	-1.47284	-1.28834	-0.989879	-0.624649	-0.224481	0.159327	0.477978	0.708536	0.836121	0.86424	0.813785	0.70854	0.573472	0.430717	0.281394	0.132002	-0.00468662	-0.109555	
-0.215956	-0.215956	-0.197834	-0.174545	-0.152183	-0.122009	-0.0681048	0.00232772	0.0778803	0.15145	0.237146	0.35283	0.504658	0.667063	0.7962	0.875521	0.90407	0.90179	0.877924	0.841674	0.783406	0.69226	0.555216	0.367677	0.139241	-0.12272	-0.412075	-0.709203	-0.988694	-1.21998	-1.37799	-1.4365	-1.37366	-1.17794	-0.878943	-0.519187	-0.132685	0.233159	0.535676	0.751051	0.872891	0.9038	0.863784	0.772077	0.647043	0.502379	0.344982	0.178502	0.0270043	-0.0913966	
-0.199644	-0.199644	-0.181832	-0.155264	-0.122009	-0.0764566	-0.0085315	0.069229	0.144382	0.215044	0.298906	0.414272	0.560434	0.705852	0.807983	0.850251	0.840316	0.797622	0.738544	0.671283	0.5922	0.491242	0.357769	0.186659	-0.0126267	-0.235708	-0.477862	-0.726289	-0.959976	-1.15214	-1.27959	-1.31426	-1.23379	-1.03046	-0.731539	-0.383113	-0.0163651	0.326999	0.608156	0.812583	0.93118	0.968466	0.937751	0.852674	0.727952	0.580637	0.413998	0.24187	0.0796294	-0.0530475	
-0.161635	-0.161635	-0.144029	-0.112369	-0.0681048	-0.0085315	0.0673296	0.146963	0.220866	0.2918	0.376233	0.485237	0.611592	0.724994	0.787483	0.788149	0.732795	0.645899	0.545553	0.44922	0.355284	0.255735	0.136492	-0.00679997	-0.167443	-0.340078	-0.525413	-0.716298	-0.897536	-1.04793	-1.14337	-1.15712	-1.06641	-0.863142	-0.576503	-0.245982	0.0957292	0.412081	0.6736	0.862862	0.978179	1.01834	0.992752	0.911666	0.789445	0.640304	0.477062	0.303269	0.13686	-0.0106889	
-0.113105	-0.113105	-0.0916113	-0.0519004	0.00232772	0.069229	0.146963	0.227911	0.305742	0.382971	0.466168	0.558155	0.648953	0.714006	0.727198	0.677785	0.575791	0.441675	0.302701	0.177932	0.0747039	-0.0156998	-0.105706	-0.205415	-0.31252	-0.428455	-0.554907	-0.687374	-0.813277	-0.915558	-0.977658	-0.976076	-0.887258	-0.701958	-0.438108	-0.132801	0.182204	0.472963	0.708517	0.879748	0.982415	1.02002	0.997771	0.923154	0.808437	0.670918	0.51626	0.354299	0.19052	0.0384494	
-0.0553429	-0.0553429	-0.0277056	0.0198213	0.0778803	0.144382	0.220866	0.305742	0.391563	0.472987	0.547303	0.612652	0.659283	0.669642	0.624982	0.522865	0.375274	0.206729	0.0412713	-0.099097	-0.20561	-0.278181	-0.330367	-0.374863	-0.423853	-0.483592	-0.557371	-0.638197	-0.7128	-0.772305	-0.806097	-0.796575	-0.719027	-0.557001	-0.323402	-0.0468657	0.237448	0.495514	0.703792	0.850039	0.937895	0.969059	0.948439	0.883462	0.786548	0.669361	0.541661	0.402393	0.258942	0.117568	
0.0144917	0.0144917	0.0457625	0.0957919	0.15145	0.215044	0.2918	0.382971	0.472987	0.548984	0.603196	0.63509	0.636296	0.590349	0.48716	0.330647	0.144712	-0.0467054	-0.217846	-0.355092	-0.445626	-0.491575	-0.501578	-0.495235	-0.488428	-0.493412	-0.514523	-0.547643	-0.58501	-0.61954	-0.642092	-0.633779	-0.567133	-0.429481	-0.228123	0.0104941	0.253837	0.476257	0.655205	0.782435	0.854845	0.876683	0.854315	0.799919	0.728089	0.649346	0.562179	0.465705	0.355916	0.239947	
0.11341	0.11341	0.141877	0.186505	0.237146	0.298906	0.376233	0.466168	0.547303	0.603196	0.625818	0.617433	0.57002	0.470025	0.313022	0.110325	-0.108098	-0.311899	-0.474521	-0.58386	-0.638696	-0.645753	-0.620479	-0.573851	-0.520993	-0.471279	-0.437106	-0.426536	-0.437861	-0.46307	-0.484524	-0.478514	-0.422272	-0.308093	-0.146601	0.044845	0.240213	0.421095	0.571172	0.675317	0.729242	0.739015	0.717363	0.683658	0.65193	0.622955	0.589126	0.540087	0.471828	0.386795	
0.250709	0.250709	0.271067	0.30648	0.35283	0.414272	0.485237	0.558155	0.612652	0.63509	0.617433	0.561349	0.461758	0.311104	0.112083	-0.123268	-0.362323	-0.570476	-0.711953	-0.781909	-0.787959	-0.755229	-0.69595	-0.617381	-0.524657	-0.428628	-0.348943	-0.302452	-0.293029	-0.308427	-0.325319	-0.321872	-0.277632	-0.193253	-0.0730412	0.0737104	0.22532	0.367408	0.482295	0.554916	0.581592	0.576979	0.560954	0.553928	0.565661	0.587128	0.602871	0.60349	0.579704	0.534173	
0.42241	0.42241	0.435121	0.462277	0.504658	0.560434	0.611592	0.648953	0.659283	0.636296	0.57002	0.461758	0.310198	0.115705	-0.11175	-0.361493	-0.601362	-0.796078	-0.909183	-0.939231	-0.904882	-0.831917	-0.73633	-0.620324	-0.495021	-0.370824	-0.266361	-0.197003	-0.167309	-0.16588	-0.173988	-0.171455	-0.143279	-0.0867999	-0.0014325	0.111705	0.229073	0.335036	0.412905	0.451728	0.451732	0.435337	0.422532	0.432494	0.468869	0.521245	0.574493	0.620792	0.64692	0.647049	
0.600349	0.600349	0.61053	0.632503	0.667063	0.705852	0.724994	0.714006	0.669642	0.590349	0.470025	0.311104	0.115705	-0.110537	-0.352339	-0.594683	-0.80974	-0.971216	-1.05071	-1.05281	-0.987535	-0.878213	-0.737488	-0.581383	-0.429956	-0.293738	-0.181468	-0.100871	-0.0577528	-0.0456977	-0.0470215	-0.0464754	-0.0267058	0.0122515	0.075682	0.164132	0.252633	0.324643	0.370837	0.383879	0.366985	0.3407	0.321957	0.325538	0.359816	0.417363	0.490798	0.573267	0.643588	0.689688	
0.749641	0.749641	0.760968	0.778242	0.7962	0.807983	0.787483	0.727198	0.624982	0.48716	0.313022	0.112083	-0.11175	-0.352339	-0.586795	-0.798651	-0.966588	-1.08247	-1.12883	-1.107	-1.01684	-0.871744	-0.691046	-0.500578	-0.330608	-0.188562	-0.076053	0.00401981	0.0429111	0.0511234	0.0467066	0.0489655	0.0697194	0.105789	0.159421	0.232541	0.296856	0.340717	0.359155	0.354471	0.325192	0.289414	0.255845	0.238977	0.249139	0.290754	0.361262	0.459693	0.560814	0.646552	
0.867896	0.867896	0.878023	0.882792	0.875521	0.850251	0.788149	0.677785	0.522865	0.330647	0.110325	-0.123268	-0.361493	-0.594683	-0.798651	-0.959494	-1.0718	-1.13973	-1.1493	-1.09714	-0.97736	-0.803737	-0.596283	-0.384864	-0.203563	-0.0617831	0.0405883	0.102726	0.12054	0.109894	0.0969359	0.0996031	0.127078	0.170613	0.230432	0.304116	0.360369	0.382312	0.37609	0.348573	0.301978	0.25022	0.197882	0.154817	0.136325	0.148701	0.19936	0.293274	0.408557	0.527576	
0.960777	0.960777	0.96101	0.944476	0.90407	0.840316	0.732795	0.575791	0.375274	0.144712	-0.108098	-0.362323	-0.601362	-0.80974	-0.966588	-1.0718	-1.13178	-1.15412	-1.12054	-1.02984	-0.881295	-0.690479	-0.471109	-0.251516	-0.0705497	0.0573922	0.134169	0.167745	0.157412	0.126412	0.102078	0.102993	0.136517	0.192351	0.268425	0.358076	0.418835	0.432139	0.404882	0.355346	0.285776	0.211237	0.134154	0.0641472	0.0142529	-0.00464509	0.0166443	0.0930892	0.20897	0.346982	
1.03931	1.03931	1.02253	0.976002	0.90179	0.797622	0.645899	0.441675	0.206729	-0.0467054	-0.311899	-0.570476	-0.796078	-0.971216	-1.08247	-1.13973	-1.15412	-1.12837	-1.04745	-0.917019	-0.747107	-0.548066	-0.329617	-0.118533	0.0407514	0.134382	0.1737	0.17334	0.13553	0.0852262	0.0516664	0.0554544	0.0993859	0.172027	0.268496	0.377178	0.4536	0.470162	0.437607	0.373464	0.280099	0.174306	0.0635717	-0.0389157	-0.117806	-0.165918	-0.171708	-0.116891	-0.0121096	0.129408	
1.09883	1.09883	1.0626	0.986089	0.877924	0.738544	0.545553	0.302701	0.0412713	-0.217846	-0.474521	-0.711953	-0.909183	-1.05071	-1.12883	-1.1493	-1.12054	-1.04745	-0.922539	-0.762548	-0.577736	-0.381237	-0.179996	-0.0035103	0.109977	0.156486	0.154959	0.122408	0.0589821	-0.0082241	-0.042546	-0.0272312	0.0358788	0.126667	0.239298	0.365348	0.460742	0.496395	0.476133	0.412206	0.302364	0.164422	0.0160466	-0.122843	-0.235109	-0.313156	-0.34677	-0.315421	-0.226569	-0.0935527	
1.13471	1.13471	1.08318	0.979809	0.841674	0.671283	0.44922	0.177932	-0.099097	-0.355092	-0.58386	-0.781909	-0.939231	-1.05281	-1.107	-1.09714	-1.02984	-0.917019	-0.762548	-0.580474	-0.389598	-0.20551	-0.0430007	0.0771136	0.131521	0.127189	0.0880045	0.0273556	-0.0578957	-0.134458	-0.165086	-0.130368	-0.0463571	0.0627415	0.190317	0.332522	0.452765	0.516023	0.518615	0.464392	0.345253	0.182482	0.000705898	-0.172858	-0.318616	-0.42746	-0.48663	-0.476746	-0.405789	-0.283942	
1.13119	1.13119	1.06968	0.946575	0.783406	0.5922	0.355284	0.0747039	-0.20561	-0.445626	-0.638696	-0.787959	-0.904882	-0.987535	-1.01684	-0.97736	-0.881295	-0.747107	-0.577736	-0.389598	-0.205513	-0.0525246	0.0580149	0.115603	0.110528	0.0592649	-0.0113335	-0.0906367	-0.183302	-0.262216	-0.282843	-0.23321	-0.132178	-0.00994131	0.129917	0.289549	0.435934	0.528394	0.555635	0.513753	0.395904	0.221279	0.0211378	-0.175929	-0.346655	-0.478571	-0.557928	-0.568231	-0.516641	-0.414429	
1.07458	1.07458	1.00694	0.870929	0.69226	0.491242	0.255735	-0.0156998	-0.278181	-0.491575	-0.645753	-0.755229	-0.831917	-0.878213	-0.871744	-0.803737	-0.690479	-0.548066	-0.381237	-0.20551	-0.0525246	0.0566422	0.116311	0.120766	0.0666937	-0.025033	-0.119544	-0.206612	-0.298934	-0.370838	-0.384355	-0.324736	-0.218103	-0.0903796	0.0600406	0.237844	0.410595	0.53061	0.579961	0.555306	0.449674	0.281306	0.0794918	-0.124841	-0.306642	-0.450215	-0.540996	-0.568755	-0.541825	-0.465127	
0.950719	0.950719	0.878758	0.737415	0.555216	0.357769	0.136492	-0.105706	-0.330367	-0.501578	-0.620479	-0.69595	-0.73633	-0.737488	-0.691046	-0.596283	-0.471109	-0.329617	-0.179996	-0.0430007	0.0580149	0.116311	0.132097	0.0982736	0.0082194	-0.111815	-0.22254	-0.314919	-0.399813	-0.46275	-0.466797	-0.405709	-0.301761	-0.173559	-0.0141209	0.180568	0.374502	0.516103	0.589045	0.590245	0.515295	0.371922	0.186699	-0.010727	-0.192165	-0.339001	-0.438672	-0.485348	-0.483301	-0.43876	
0.752588	0.752588	0.678632	0.540022	0.367677	0.186659	-0.00679997	-0.205415	-0.374863	-0.495235	-0.573851	-0.617381	-0.620324	-0.581383	-0.500578	-0.384864	-0.251516	-0.118533	-0.0035103	0.0771136	0.115603	0.120766	0.0982736	0.0357272	-0.0737849	-0.20919	-0.329898	-0.422831	-0.497333	-0.545368	-0.542322	-0.482285	-0.382329	-0.253394	-0.0860995	0.118098	0.323352	0.48187	0.581035	0.619762	0.590067	0.48924	0.336091	0.158537	-0.0146457	-0.16439	-0.275311	-0.342128	-0.366605	-0.350449	
0.492322	0.492322	0.419841	0.291804	0.139241	-0.0126267	-0.167443	-0.31252	-0.423853	-0.488428	-0.520993	-0.524657	-0.495021	-0.429956	-0.330608	-0.203563	-0.0705497	0.0407514	0.109977	0.131521	0.110528	0.0666937	0.0082194	-0.0737849	-0.192319	-0.331997	-0.453121	-0.539232	-0.597171	-0.631021	-0.62035	-0.558824	-0.459265	-0.329146	-0.160386	0.0464214	0.257372	0.43192	0.560043	0.639464	0.662081	0.614527	0.507393	0.362482	0.203358	0.050779	-0.0748922	-0.163499	-0.209018	-0.220546	
0.180754	0.180754	0.114132	0.00196419	-0.12272	-0.235708	-0.340078	-0.428455	-0.483592	-0.493412	-0.471279	-0.428628	-0.370824	-0.293738	-0.188562	-0.0617831	0.0573922	0.134382	0.156486	0.127189	0.0592649	-0.025033	-0.111815	-0.20919	-0.331997	-0.468261	-0.579149	-0.65155	-0.693455	-0.712792	-0.689701	-0.620842	-0.520038	-0.39343	-0.226891	-0.0203444	0.195832	0.385465	0.54023	0.659335	0.73542	0.748009	0.6965	0.592143	0.453232	0.300625	0.161881	0.0537402	-0.0199642	-0.0680701	
-0.169167	-0.169167	-0.227458	-0.319537	-0.412075	-0.477862	-0.525413	-0.554907	-0.557371	-0.514523	-0.437106	-0.348943	-0.266361	-0.181468	-0.076053	0.0405883	0.134169	0.1737	0.154959	0.0880045	-0.0113335	-0.119544	-0.22254	-0.329898	-0.453121	-0.579149	-0.676856	-0.739957	-0.772334	-0.777505	-0.739332	-0.662285	-0.559077	-0.430903	-0.262317	-0.053025	0.166552	0.369466	0.549694	0.704679	0.828332	0.89366	0.892042	0.828745	0.715322	0.571551	0.429217	0.301388	0.191955	0.0908926	
-0.53344	-0.53344	-0.582158	-0.652479	-0.709203	-0.726289	-0.716298	-0.687374	-0.638197	-0.547643	-0.426536	-0.302452	-0.197003	-0.100871	0.00401981	0.102726	0.167745	0.17334	0.122408	0.0273556	-0.0906367	-0.206612	-0.314919	-0.422831	-0.539232	-0.65155	-0.739957	-0.800596	-0.826669	-0.819994	-0.771054	-0.68308	-0.565146	-0.422137	-0.247004	-0.0403391	0.176659	0.389103	0.588722	0.769884	0.923543	1.02621	1.06649	1.04343	0.961443	0.836705	0.693598	0.543981	0.388147	0.226721	
-0.885813	-0.885813	-0.924006	-0.969727	-0.988694	-0.959976	-0.897536	-0.813277	-0.7128	-0.58501	-0.437861	-0.293029	-0.167309	-0.0577528	0.0429111	0.12054	0.157412	0.13553	0.0589821	-0.0578957	-0.183302	-0.298934	-0.399813	-0.497333	-0.597171	-0.693455	-0.772334	-0.826669	-0.846789	-0.836408	-0.779631	-0.674214	-0.528972	-0.368369	-0.191991	0.00735758	0.218486	0.432309	0.638459	0.824508	0.989019	1.11487	1.18754	1.19894	1.14766	1.04093	0.89999	0.729348	0.531348	0.318245	
-1.19385	-1.19385	-1.21932	-1.23769	-1.21998	-1.15214	-1.04793	-0.915558	-0.772305	-0.61954	-0.46307	-0.308427	-0.16588	-0.0456977	0.0511234	0.109894	0.126412	0.0852262	-0.0082241	-0.134458	-0.262216	-0.370838	-0.46275	-0.545368	-0.631021	-0.712792	-0.777505	-0.819994	-0.836408	-0.821445	-0.752909	-0.623765	-0.458997	-0.289831	-0.114338	0.0804518	0.281769	0.485428	0.6788	0.856358	1.01886	1.15515	1.24455	1.27659	1.24756	1.16135	1.02462	0.839523	0.610156	0.358262	
-1.43055	-1.43055	-1.43986	-1.42972	-1.37799	-1.27959	-1.14337	-0.977658	-0.806097	-0.642092	-0.484524	-0.325319	-0.173988	-0.0470215	0.0467066	0.0969359	0.102078	0.0516664	-0.042546	-0.165086	-0.282843	-0.384355	-0.466797	-0.542322	-0.62035	-0.689701	-0.739332	-0.771054	-0.779631	-0.752909	-0.668495	-0.535969	-0.374803	-0.209334	-0.0335588	0.157054	0.347523	0.537686	0.722481	0.892828	1.04734	1.17482	1.25583	1.28669	1.2683	1.19285	1.05872	0.865039	0.616881	0.347316	
-1.56116	-1.56116	-1.55284	-1.51589	-1.4365	-1.31426	-1.15712	-0.976076	-0.796575	-0.633779	-0.478514	-0.321872	-0.171455	-0.0464754	0.0489655	0.0996031	0.102993	0.0554544	-0.0272312	-0.130368	-0.23321	-0.324736	-0.405709	-0.482285	-0.558824	-0.620842	-0.662285	-0.68308	-0.674214	-0.623765	-0.535969	-0.420274	-0.279963	-0.125494	0.0415866	0.22147	0.402712	0.589366	0.772214	0.936847	1.07314	1.17509	1.2325	1.24956	1.22554	1.14809	1.00968	0.811693	0.564928	0.302777	
-1.55413	-1.55413	-1.5305	-1.47284	-1.37366	-1.23379	-1.06641	-0.887258	-0.719027	-0.567133	-0.422272	-0.277632	-0.143279	-0.0267058	0.0697194	0.127078	0.136517	0.0993859	0.0358788	-0.0463571	-0.132178	-0.218103	-0.301761	-0.382329	-0.459265	-0.520038	-0.559077	-0.565146	-0.528972	-0.458997	-0.374803	-0.279963	-0.1611	-0.0282949	0.117697	0.285065	0.461788	0.642764	0.816222	0.965013	1.07504	1.14766	1.17799	1.17053	1.12714	1.03776	0.896817	0.710428	0.486659	0.25027	
-1.38925	-1.38925	-1.35621	-1.28834	-1.17794	-1.03046	-0.863142	-0.701958	-0.557001	-0.429481	-0.308093	-0.193253	-0.0867999	0.0122515	0.105789	0.170613	0.192351	0.172027	0.126667	0.0627415	-0.00994131	-0.0903796	-0.173559	-0.253394	-0.329146	-0.39343	-0.430903	-0.422137	-0.368369	-0.289831	-0.209334	-0.125494	-0.0282949	0.0778503	0.207575	0.367695	0.535855	0.696684	0.847297	0.971269	1.05155	1.09221	1.0893	1.0489	0.98148	0.882571	0.749807	0.591207	0.406806	0.21129	
-1.09518	-1.09518	-1.06015	-0.989879	-0.878943	-0.731539	-0.576503	-0.438108	-0.323402	-0.228123	-0.146601	-0.0730412	-0.0014325	0.075682	0.159421	0.230432	0.268425	0.268496	0.239298	0.190317	0.129917	0.0600406	-0.0141209	-0.0860995	-0.160386	-0.226891	-0.262317	-0.247004	-0.191991	-0.114338	-0.0335588	0.0415866	0.117697	0.207575	0.329563	0.480274	0.62769	0.762299	0.885682	0.978728	1.02477	1.02839	0.9906	0.921461	0.835323	0.730741	0.61175	0.483818	0.343071	0.190449	
-0.724401	-0.724401	-0.690647	-0.624649	-0.519187	-0.383113	-0.245982	-0.132801	-0.0468657	0.0104941	0.044845	0.0737104	0.111705	0.164132	0.232541	0.304116	0.358076	0.377178	0.365348	0.332522	0.289549	0.237844	0.180568	0.118098	0.0464214	-0.0203444	-0.053025	-0.0403391	0.00735758	0.0804518	0.157054	0.22147	0.285065	0.367695	0.480274	0.610825	0.740385	0.854764	0.948503	1.00591	1.01308	0.980384	0.913466	0.822408	0.720089	0.612999	0.509658	0.41638	0.315356	0.206477	
-0.315846	-0.315846	-0.284223	-0.224481	-0.132685	-0.0163651	0.0957292	0.182204	0.237448	0.253837	0.240213	0.22532	0.229073	0.252633	0.296856	0.360369	0.418835	0.4536	0.460742	0.452765	0.435934	0.410595	0.374502	0.323352	0.257372	0.195832	0.166552	0.176659	0.218486	0.281769	0.347523	0.402712	0.461788	0.535855	0.62769	0.740385	0.859228	0.953186	1.01601	1.03566	1.00995	0.944432	0.851762	0.739495	0.624499	0.521403	0.444143	0.379632	0.315969	0.245107	
0.0746847	0.0746847	0.105847	0.159327	0.233159	0.326999	0.412081	0.472963	0.495514	0.476257	0.421095	0.367408	0.335036	0.324643	0.340717	0.382312	0.432139	0.470162	0.496395	0.516023	0.528394	0.53061	0.516103	0.48187	0.43192	0.385465	0.369466	0.389103	0.432309	0.485428	0.537686	0.589366	0.642764	0.696684	0.762299	0.854764	0.953186	1.02224	1.05516	1.05227	1.00257	0.91278	0.79771	0.667656	0.545583	0.45293	0.387383	0.342493	0.308922	0.275589	
0.40056	0.40056	0.43233	0.477978	0.535676	0.608156	0.6736	0.708517	0.703792	0.655205	0.571172	0.482295	0.412905	0.370837	0.359155	0.37609	0.404882	0.437607	0.476133	0.518615	0.555635	0.579961	0.589045	0.581035	0.560043	0.54023	0.549694	0.588722	0.638459	0.6788	0.722481	0.772214	0.816222	0.847297	0.885682	0.948503	1.01601	1.05516	1.06951	1.04774	0.983242	0.877455	0.746529	0.608628	0.490096	0.397567	0.334652	0.29977	0.291733	0.29799	
0.642432	0.642432	0.671028	0.708536	0.751051	0.812583	0.862862	0.879748	0.850039	0.782435	0.675317	0.554916	0.451728	0.383879	0.354471	0.348573	0.355346	0.373464	0.412206	0.464392	0.513753	0.555306	0.590245	0.619762	0.639464	0.659335	0.704679	0.769884	0.824508	0.856358	0.892828	0.936847	0.965013	0.971269	0.978728	1.00591	1.03566	1.05227	1.04774	1.01564	0.947546	0.836506	0.702443	0.569072	0.452066	0.356982	0.290965	0.263133	0.274907	0.310195	
0.786619	0.786619	0.808667	0.836121	0.872891	0.93118	0.978179	0.982415	0.937895	0.854845	0.729242	0.581592	0.451732	0.366985	0.325192	0.301978	0.285776	0.280099	0.302364	0.345253	0.395904	0.449674	0.515295	0.590067	0.662081	0.73542	0.828332	0.923543	0.989019	1.01886	1.04734	1.07314	1.07504	1.05155	1.02477	1.01308	1.00995	1.00257	0.983242	0.947546	0.882102	0.776394	0.649897	0.528351	0.420118	0.327562	0.262915	0.237557	0.255487	0.308592	
0.829269	0.829269	0.842734	0.86424	0.9038	0.968466	1.01834	1.02002	0.969059	0.876683	0.739015	0.576979	0.435337	0.3407	0.289414	0.25022	0.211237	0.174306	0.164422	0.182482	0.221279	0.281306	0.371922	0.48924	0.614527	0.748009	0.89366	1.02621	1.11487	1.15515	1.17482	1.17509	1.14766	1.09221	1.02839	0.980384	0.944432	0.91278	0.877455	0.836506	0.776394	0.68385	0.577379	0.478247	0.388497	0.309531	0.247525	0.220112	0.241562	0.296105	
0.783182	0.783182	0.791065	0.813785	0.863784	0.937751	0.992752	0.997771	0.948439	0.854315	0.717363	0.560954	0.422532	0.321957	0.255845	0.197882	0.134154	0.0635717	0.0160466	0.000705898	0.0211378	0.0794918	0.186699	0.336091	0.507393	0.6965	0.892042	1.06649	1.18754	1.24455	1.25583	1.2325	1.17799	1.0893	0.9906	0.913466	0.851762	0.79771	0.746529	0.702443	0.649897	0.577379	0.494123	0.416774	0.346991	0.276189	0.217769	0.2001	0.225305	0.272665	
0.668409	0.668409	0.677308	0.70854	0.772077	0.852674	0.911666	0.923154	0.883462	0.799919	0.683658	0.553928	0.432494	0.325538	0.238977	0.154817	0.0641472	-0.0389157	-0.122843	-0.172858	-0.175929	-0.124841	-0.010727	0.158537	0.362482	0.592143	0.828745	1.04343	1.19894	1.27659	1.28669	1.24956	1.17053	1.0489	0.921461	0.822408	0.739495	0.667656	0.608628	0.569072	0.528351	0.478247	0.416774	0.356227	0.29252	0.225243	0.17563	0.17087	0.192482	0.232227	
0.516396	0.516396	0.531708	0.573472	0.647043	0.727952	0.789445	0.808437	0.786548	0.728089	0.65193	0.565661	0.468869	0.359816	0.249139	0.136325	0.0142529	-0.117806	-0.235109	-0.318616	-0.346655	-0.306642	-0.192165	-0.0146457	0.203358	0.453232	0.715322	0.961443	1.14766	1.24756	1.2683	1.22554	1.12714	0.98148	0.835323	0.720089	0.624499	0.545583	0.490096	0.452066	0.420118	0.388497	0.346991	0.29252	0.231184	0.173017	0.141786	0.142881	0.155965	0.182665	
0.361861	0.361861	0.382502	0.430717	0.502379	0.580637	0.640304	0.670918	0.669361	0.649346	0.622955	0.587128	0.521245	0.417363	0.290754	0.148701	-0.00464509	-0.165918	-0.313156	-0.42746	-0.478571	-0.450215	-0.339001	-0.16439	0.050779	0.300625	0.571551	0.836705	1.04093	1.16135	1.19285	1.14809	1.03776	0.882571	0.730741	0.612999	0.521403	0.45293	0.397567	0.356982	0.327562	0.309531	0.276189	0.225243	0.173017	0.136258	0.117137	0.117608	0.124408	0.1335	
0.217376	0.217376	0.239403	0.281394	0.344982	0.413998	0.477062	0.51626	0.541661	0.562179	0.589126	0.602871	0.574493	0.490798	0.361262	0.19936	0.0166443	-0.171708	-0.34677	-0.48663	-0.557928	-0.540996	-0.438672	-0.275311	-0.0748922	0.161881	0.429217	0.693598	0.89999	1.02462	1.05872	1.00968	0.896817	0.749807	0.61175	0.509658	0.444143	0.387383	0.334652	0.290965	0.262915	0.247525	0.217769	0.17563	0.141786	0.117137	0.103676	0.0997331	0.0902126	0.0749779	
0.0859397	0.0859397	0.101907	0.132002	0.178502	0.24187	0.303269	0.354299	0.402393	0.465705	0.540087	0.60349	0.620792	0.573267	0.459693	0.293274	0.0930892	-0.116891	-0.315421	-0.476746	-0.568231	-0.568755	-0.485348	-0.342128	-0.163499	0.0537402	0.301388	0.543981	0.729348	0.839523	0.865039	0.811693	0.710428	0.591207	0.483818	0.41638	0.379632	0.342493	0.29977	0.263133	0.237557	0.220112	0.2001	0.17087	0.142881	0.117608	0.0997331	0.0819608	0.0511516	0.0104257	
-0.0286021	-0.0286021	-0.0198204	-0.00468662	0.0270043	0.0796294	0.13686	0.19052	0.258942	0.355916	0.471828	0.579704	0.64692	0.643588	0.560814	0.408557	0.20897	-0.0121096	-0.226569	-0.405789	-0.516641	-0.541825	-0.483301	-0.366605	-0.209018	-0.0199642	0.191955	0.388147	0.531348	0.610156	0.616881	0.564928	0.486659	0.406806	0.343071	0.315356	0.315969	0.308922	0.291733	0.274907	0.255487	0.241562	0.225305	0.192482	0.155965	0.124408	0.0902126	0.0511516	-0.0029521	-0.0529748	
-0.119741	-0.119741	-0.115552	-0.109555	-0.0913966	-0.0530475	-0.0106889	0.0384494	0.117568	0.239947	0.386795	0.534173	0.647049	0.689688	0.646552	0.527576	0.346982	0.129408	-0.0935527	-0.283942	-0.414429	-0.465127	-0.43876	-0.350449	-0.220546	-0.0680701	0.0908926	0.226721	0.318245	0.358262	0.347316	0.302777	0.25027	0.21129	0.190449	0.206477	0.245107	0.275589	0.29799	0.310195	0.308592	0.296105	0.272665	0.232227	0.182665	0.1335	0.0749779	0.0104257	-0.0529748	-0.11515	
