0.354923	0.363853	0.370438	0.361081	0.316449	0.237972	0.145318	0.0524057	-0.0456577	-0.1513	-0.256865	-0.348886	-0.427678	-0.485501	-0.513764	-0.503602	-0.444207	-0.361025	-0.268072	-0.181002	-0.108162	-0.0590427	-0.0358546	-0.0241867	-0.0102855	-0.00340115	-0.0238607	-0.0575569	-0.0879531	-0.111697	-0.115808	-0.0877669	-0.0210366	0.077254	0.190185	0.296815	0.388323	0.473197	0.558141	0.629741	0.672744	0.669988	0.608478	0.490156	0.328695	0.164009	0.021004	-0.0838327	-0.141973	-0.141973	
0.363853	0.36889	0.360857	0.329709	0.257035	0.152294	0.0362026	-0.0763555	-0.182335	-0.279541	-0.348497	-0.398149	-0.427975	-0.43611	-0.425279	-0.379473	-0.299592	-0.202496	-0.100955	-0.0164713	0.0507079	0.094439	0.110812	0.118551	0.130262	0.1308	0.097469	0.0493823	0.0118117	-0.0237293	-0.0402146	-0.0245129	0.0248622	0.109052	0.213322	0.31752	0.41144	0.504072	0.591573	0.663221	0.702365	0.692917	0.622741	0.498246	0.342416	0.177993	0.0292285	-0.0884932	-0.155127	-0.155127	
0.370438	0.360857	0.327364	0.261327	0.163597	0.0482517	-0.0800205	-0.202951	-0.307201	-0.3843	-0.421074	-0.433757	-0.420123	-0.380679	-0.329283	-0.256081	-0.160395	-0.0491377	0.0593428	0.146708	0.209883	0.249643	0.262933	0.269479	0.282074	0.275725	0.237631	0.181124	0.130733	0.085029	0.0517507	0.0546292	0.0870504	0.150601	0.236109	0.327457	0.42901	0.538315	0.639024	0.707752	0.739387	0.722436	0.651597	0.540464	0.399806	0.245725	0.0975066	-0.0202604	-0.086053	-0.086053	
0.361081	0.329709	0.261327	0.163511	0.0454705	-0.0775461	-0.208688	-0.324514	-0.408568	-0.460127	-0.465254	-0.441958	-0.384408	-0.301981	-0.217566	-0.121175	-0.00953485	0.108709	0.218622	0.311875	0.372484	0.407026	0.42096	0.428983	0.439053	0.430101	0.389783	0.326876	0.263353	0.201368	0.154265	0.139462	0.152738	0.194481	0.257596	0.335315	0.442203	0.563565	0.672466	0.744873	0.774867	0.760697	0.700662	0.608714	0.488978	0.350291	0.215346	0.112938	0.0575651	0.0575651	
0.316449	0.257035	0.163597	0.0454705	-0.0862434	-0.216449	-0.34019	-0.434168	-0.489691	-0.505708	-0.474424	-0.407341	-0.310658	-0.198015	-0.0879361	0.0292629	0.146653	0.263638	0.369321	0.464316	0.522125	0.551713	0.572114	0.587327	0.596786	0.586997	0.552874	0.487999	0.411238	0.33234	0.268939	0.231473	0.223107	0.240995	0.282648	0.351349	0.452815	0.569008	0.677218	0.759341	0.806075	0.809382	0.764421	0.689679	0.587038	0.469661	0.360881	0.277604	0.235161	0.235161	
0.237972	0.152294	0.0482517	-0.0775461	-0.216449	-0.34497	-0.449221	-0.512938	-0.533479	-0.507789	-0.437835	-0.333026	-0.204961	-0.0699246	0.0594145	0.189081	0.308555	0.419093	0.521881	0.609617	0.659209	0.684334	0.708352	0.729854	0.737635	0.732754	0.711573	0.652216	0.565366	0.467885	0.382592	0.322513	0.291414	0.285472	0.309041	0.365463	0.454181	0.552248	0.652745	0.749438	0.818597	0.846255	0.820446	0.760112	0.677652	0.590038	0.51569	0.456136	0.42504	0.42504	
0.145318	0.0362026	-0.0800205	-0.208688	-0.34019	-0.449221	-0.526153	-0.551277	-0.528919	-0.462262	-0.35875	-0.221239	-0.0682258	0.0855975	0.225991	0.357105	0.474847	0.578892	0.673352	0.751251	0.791162	0.809326	0.831446	0.852374	0.863079	0.866653	0.857876	0.804689	0.710925	0.593015	0.484293	0.401439	0.347322	0.315977	0.315443	0.352462	0.421509	0.503814	0.600169	0.71004	0.800357	0.852953	0.855687	0.819175	0.76114	0.704572	0.659821	0.624489	0.604854	0.604854	
0.0524057	-0.0763555	-0.202951	-0.324514	-0.434168	-0.512938	-0.551277	-0.539006	-0.477882	-0.376235	-0.243594	-0.082359	0.0898611	0.252891	0.397842	0.527566	0.637727	0.730618	0.817303	0.881499	0.909302	0.919526	0.931587	0.949619	0.96829	0.977114	0.970818	0.924071	0.826542	0.69887	0.573933	0.467107	0.387753	0.328742	0.29901	0.312814	0.362805	0.436391	0.533532	0.649331	0.751278	0.823253	0.856749	0.8526	0.824068	0.792959	0.771377	0.757041	0.75109	0.75109	
-0.0456577	-0.182335	-0.307201	-0.408568	-0.489691	-0.533479	-0.528919	-0.477882	-0.376942	-0.237025	-0.0764085	0.0972646	0.26742	0.426602	0.567099	0.682905	0.778242	0.856598	0.925147	0.963891	0.977302	0.980964	0.989667	1.01429	1.04221	1.0579	1.05291	1.00862	0.918144	0.792609	0.656923	0.526319	0.414135	0.327633	0.270639	0.260029	0.292214	0.358547	0.452499	0.566588	0.673507	0.754876	0.813366	0.843645	0.849207	0.845307	0.843764	0.845358	0.8504	0.8504	
-0.1513	-0.279541	-0.3843	-0.460127	-0.505708	-0.507789	-0.462262	-0.376235	-0.237025	-0.0575461	0.128011	0.301511	0.464641	0.608212	0.725304	0.813688	0.882233	0.936486	0.969748	0.981052	0.984619	0.996523	1.01523	1.04326	1.07742	1.09541	1.08864	1.05099	0.972468	0.863532	0.730602	0.584118	0.446768	0.3366	0.253479	0.211127	0.221836	0.271534	0.35469	0.464763	0.571818	0.658559	0.733793	0.792801	0.833392	0.856878	0.869163	0.880472	0.886094	0.886094	
-0.256865	-0.348497	-0.421074	-0.465254	-0.474424	-0.437835	-0.35875	-0.243594	-0.0764085	0.128011	0.328424	0.503563	0.661273	0.782622	0.864847	0.920878	0.956701	0.971031	0.966706	0.952719	0.952372	0.975307	1.00223	1.03296	1.06783	1.08543	1.07988	1.04522	0.977348	0.886488	0.765587	0.621313	0.478711	0.359102	0.254381	0.188273	0.175501	0.204691	0.270595	0.361578	0.459555	0.540844	0.621544	0.702828	0.768601	0.815131	0.843783	0.8602	0.86815	0.86815	
-0.348886	-0.398149	-0.433757	-0.441958	-0.407341	-0.333026	-0.221239	-0.082359	0.0972646	0.301511	0.503563	0.685354	0.839014	0.940426	0.993036	1.01384	1.00293	0.970962	0.928136	0.894784	0.88674	0.911374	0.948317	0.988098	1.02546	1.04572	1.03848	1.00057	0.938818	0.861666	0.760263	0.634297	0.500875	0.376096	0.259863	0.176293	0.14629	0.15856	0.201008	0.271643	0.350476	0.424335	0.508637	0.595045	0.67104	0.72514	0.762762	0.786851	0.798063	0.798063	
-0.427678	-0.427975	-0.420123	-0.384408	-0.310658	-0.204961	-0.0682258	0.0898611	0.26742	0.464641	0.661273	0.839014	0.982555	1.06579	1.09288	1.07686	1.02349	0.951942	0.882627	0.8335	0.80862	0.824522	0.865125	0.911842	0.957967	0.979346	0.967343	0.927475	0.869286	0.807937	0.729403	0.627758	0.506164	0.380928	0.261747	0.171468	0.130075	0.122942	0.147164	0.193735	0.253866	0.319929	0.396309	0.475401	0.543567	0.599178	0.64347	0.676209	0.693609	0.693609	
-0.485501	-0.43611	-0.380679	-0.301981	-0.198015	-0.0699246	0.0855975	0.252891	0.426602	0.608212	0.782622	0.940426	1.06579	1.13407	1.14326	1.1049	1.02714	0.934793	0.850789	0.789653	0.75159	0.750045	0.778716	0.823846	0.869767	0.887059	0.871251	0.83274	0.786022	0.739481	0.685842	0.607252	0.503009	0.385685	0.271272	0.179951	0.120429	0.0954722	0.0990325	0.126289	0.169092	0.220235	0.27734	0.333901	0.392305	0.451742	0.507627	0.548823	0.571981	0.571981	
-0.513764	-0.425279	-0.329283	-0.217566	-0.0879361	0.0594145	0.225991	0.397842	0.567099	0.725304	0.864847	0.993036	1.09288	1.14326	1.14318	1.09673	1.01476	0.916514	0.82649	0.758264	0.712877	0.693738	0.702296	0.734643	0.768064	0.780551	0.770377	0.746669	0.716449	0.684211	0.644845	0.584124	0.495474	0.388468	0.277888	0.176629	0.100324	0.059503	0.050373	0.0670363	0.0977137	0.132441	0.164305	0.194192	0.240469	0.302125	0.364296	0.410222	0.434548	0.434548	
-0.503602	-0.379473	-0.256081	-0.121175	0.0292629	0.189081	0.357105	0.527566	0.682905	0.813688	0.920878	1.01384	1.07686	1.1049	1.09673	1.05187	0.980498	0.889914	0.797875	0.722914	0.670901	0.643299	0.636649	0.646022	0.661363	0.668116	0.670849	0.669682	0.660184	0.643646	0.614948	0.5632	0.486501	0.387984	0.273494	0.163183	0.0776646	0.0296166	0.0155378	0.0229571	0.0421513	0.0613345	0.0706824	0.0786213	0.105546	0.154934	0.211349	0.254898	0.278766	0.278766	
-0.444207	-0.299592	-0.160395	-0.00953485	0.146653	0.308555	0.474847	0.637727	0.778242	0.882233	0.956701	1.00293	1.02349	1.02714	1.01476	0.980498	0.928834	0.856437	0.763694	0.675906	0.619476	0.592364	0.579147	0.574827	0.574093	0.575404	0.582509	0.591463	0.603003	0.607789	0.592718	0.552582	0.487775	0.39437	0.278346	0.163825	0.0746653	0.0223383	-0.0035177	-0.0112833	-0.00952115	-0.00665311	-0.00677772	-0.0124831	-0.00729979	0.0173642	0.0527597	0.0874004	0.106439	0.106439	
-0.361025	-0.202496	-0.0491377	0.108709	0.263638	0.419093	0.578892	0.730618	0.856598	0.936486	0.971031	0.970962	0.951942	0.934793	0.916514	0.889914	0.856437	0.803672	0.71998	0.62727	0.566147	0.537445	0.51925	0.509035	0.507113	0.505914	0.509077	0.523358	0.553918	0.583713	0.589357	0.566233	0.510957	0.421136	0.304263	0.19153	0.0989977	0.034069	-0.00673758	-0.0385563	-0.0630416	-0.0784054	-0.0867674	-0.0964485	-0.104725	-0.10371	-0.089436	-0.0733227	-0.062726	-0.062726	
-0.268072	-0.100955	0.0593428	0.218622	0.369321	0.521881	0.673352	0.817303	0.925147	0.969748	0.966706	0.928136	0.882627	0.850789	0.82649	0.797875	0.763694	0.71998	0.642095	0.552132	0.486318	0.452213	0.433739	0.433191	0.447555	0.457582	0.463107	0.482467	0.528594	0.576655	0.605595	0.606173	0.560687	0.470977	0.359082	0.245151	0.143404	0.0619014	0.00326792	-0.0496457	-0.101414	-0.13862	-0.158421	-0.172546	-0.18762	-0.20042	-0.210687	-0.218097	-0.224085	-0.224085	
-0.181002	-0.0164713	0.146708	0.311875	0.464316	0.609617	0.751251	0.881499	0.963891	0.981052	0.952719	0.894784	0.8335	0.789653	0.758264	0.722914	0.675906	0.62727	0.552132	0.463441	0.397264	0.363414	0.349764	0.364799	0.403228	0.427111	0.442816	0.47228	0.524875	0.583088	0.630264	0.649267	0.612026	0.525625	0.420328	0.309612	0.197723	0.101057	0.0266993	-0.0481213	-0.124027	-0.184093	-0.222781	-0.245015	-0.261385	-0.277564	-0.297051	-0.318533	-0.332815	-0.332815	
-0.108162	0.0507079	0.209883	0.372484	0.522125	0.659209	0.791162	0.909302	0.977302	0.984619	0.952372	0.88674	0.80862	0.75159	0.712877	0.670901	0.619476	0.566147	0.486318	0.397264	0.337226	0.313132	0.314978	0.346215	0.391938	0.422684	0.443843	0.479553	0.53837	0.599575	0.656998	0.68581	0.654052	0.572943	0.473322	0.361848	0.242425	0.133164	0.039578	-0.0525008	-0.143905	-0.217293	-0.270548	-0.303284	-0.320722	-0.335082	-0.34825	-0.363285	-0.371735	-0.371735	
-0.0590427	0.094439	0.249643	0.407026	0.551713	0.684334	0.809326	0.919526	0.980964	0.996523	0.975307	0.911374	0.824522	0.750045	0.693738	0.643299	0.592364	0.537445	0.452213	0.363414	0.313132	0.310396	0.333606	0.371028	0.413956	0.443646	0.469334	0.510412	0.570982	0.634393	0.690268	0.719185	0.693682	0.617409	0.517927	0.39963	0.271803	0.147025	0.0336775	-0.0739142	-0.171823	-0.249851	-0.311385	-0.349211	-0.367099	-0.369915	-0.362548	-0.352661	-0.345609	-0.345609	
-0.0358546	0.110812	0.262933	0.42096	0.572114	0.708352	0.831446	0.931587	0.989667	1.01523	1.00223	0.948317	0.865125	0.778716	0.702296	0.636649	0.579147	0.51925	0.433739	0.349764	0.314978	0.333606	0.371446	0.408413	0.451324	0.489396	0.523543	0.568272	0.628834	0.690409	0.741222	0.76556	0.74594	0.673131	0.564558	0.432245	0.284314	0.140127	0.00767598	-0.108453	-0.207331	-0.285059	-0.345329	-0.382475	-0.390889	-0.375334	-0.340947	-0.307409	-0.288254	-0.288254	
-0.0241867	0.118551	0.269479	0.428983	0.587327	0.729854	0.852374	0.949619	1.01429	1.04326	1.03296	0.988098	0.911842	0.823846	0.734643	0.646022	0.574827	0.509035	0.433191	0.364799	0.346215	0.371028	0.408413	0.448617	0.496388	0.549451	0.591539	0.635932	0.696025	0.756009	0.80297	0.824864	0.803129	0.727677	0.607197	0.453305	0.278748	0.111538	-0.0346838	-0.156369	-0.252066	-0.323015	-0.370524	-0.392113	-0.379849	-0.336385	-0.27741	-0.229173	-0.204769	-0.204769	
-0.0102855	0.130262	0.282074	0.439053	0.596786	0.737635	0.863079	0.96829	1.04221	1.07742	1.06783	1.02546	0.957967	0.869767	0.768064	0.661363	0.574093	0.507113	0.447555	0.403228	0.391938	0.413956	0.451324	0.496388	0.552923	0.606308	0.647971	0.693317	0.747808	0.813196	0.867267	0.886585	0.856505	0.770769	0.636904	0.462146	0.264947	0.079508	-0.0778354	-0.205974	-0.299472	-0.354537	-0.376014	-0.36958	-0.327512	-0.257493	-0.182443	-0.123515	-0.0951038	-0.0951038	
-0.00340115	0.1308	0.275725	0.430101	0.586997	0.732754	0.866653	0.977114	1.0579	1.09541	1.08543	1.04572	0.979346	0.887059	0.780551	0.668116	0.575404	0.505914	0.457582	0.427111	0.422684	0.443646	0.489396	0.549451	0.606308	0.655837	0.699101	0.742101	0.795199	0.868573	0.933262	0.952724	0.910052	0.81173	0.659983	0.468689	0.258335	0.0658981	-0.100684	-0.238636	-0.327967	-0.36672	-0.35616	-0.315871	-0.246667	-0.160713	-0.0800539	-0.0143436	0.0223135	0.0223135	
-0.0238607	0.097469	0.237631	0.389783	0.552874	0.711573	0.857876	0.970818	1.05291	1.08864	1.07988	1.03848	0.967343	0.871251	0.770377	0.670849	0.582509	0.509077	0.463107	0.442816	0.443843	0.469334	0.523543	0.591539	0.647971	0.699101	0.74826	0.799159	0.856381	0.934308	1.00039	1.01404	0.962174	0.850318	0.677732	0.470481	0.257809	0.0627765	-0.108892	-0.249434	-0.335474	-0.361107	-0.325225	-0.252826	-0.15641	-0.0577524	0.0282849	0.101238	0.145715	0.145715	
-0.0575569	0.0493823	0.181124	0.326876	0.487999	0.652216	0.804689	0.924071	1.00862	1.05099	1.04522	1.00057	0.927475	0.83274	0.746669	0.669682	0.591463	0.523358	0.482467	0.47228	0.479553	0.510412	0.568272	0.635932	0.693317	0.742101	0.799159	0.864212	0.928933	1.0044	1.0564	1.05986	1.00237	0.878205	0.689243	0.470566	0.254028	0.0528179	-0.119615	-0.252482	-0.327713	-0.343205	-0.290677	-0.191841	-0.0721851	0.0436084	0.137307	0.212298	0.255588	0.255588	
-0.0879531	0.0118117	0.130733	0.263353	0.411238	0.565366	0.710925	0.826542	0.918144	0.972468	0.977348	0.938818	0.869286	0.786022	0.716449	0.660184	0.603003	0.553918	0.528594	0.524875	0.53837	0.570982	0.628834	0.696025	0.747808	0.795199	0.856381	0.928933	0.997468	1.05713	1.09023	1.07745	1.00767	0.8774	0.687686	0.472208	0.251687	0.0443555	-0.129186	-0.251261	-0.315533	-0.3227	-0.259999	-0.14919	-0.013207	0.1184	0.223962	0.29705	0.334001	0.334001	
-0.111697	-0.0237293	0.085029	0.201368	0.33234	0.467885	0.593015	0.69887	0.792609	0.863532	0.886488	0.861666	0.807937	0.739481	0.684211	0.643646	0.607789	0.583713	0.576655	0.583088	0.599575	0.634393	0.690409	0.756009	0.813196	0.868573	0.934308	1.0044	1.05713	1.09599	1.10441	1.06371	0.972651	0.836635	0.659606	0.454381	0.239606	0.0325561	-0.137035	-0.25325	-0.30915	-0.303373	-0.236366	-0.124077	0.0117884	0.148426	0.258967	0.330409	0.363509	0.363509	
-0.115808	-0.0402146	0.0517507	0.154265	0.268939	0.382592	0.484293	0.573933	0.656923	0.730602	0.765587	0.760263	0.729403	0.685842	0.644845	0.614948	0.592718	0.589357	0.605595	0.630264	0.656998	0.690268	0.741222	0.80297	0.867267	0.933262	1.00039	1.0564	1.09023	1.10441	1.0875	1.02193	0.915816	0.779014	0.611302	0.41635	0.210962	0.0152802	-0.150402	-0.262504	-0.310387	-0.294106	-0.226544	-0.123413	0.000978464	0.127402	0.233357	0.304119	0.339531	0.339531	
-0.0877669	-0.0245129	0.0546292	0.139462	0.231473	0.322513	0.401439	0.467107	0.526319	0.584118	0.621313	0.634297	0.627758	0.607252	0.584124	0.5632	0.552582	0.566233	0.606173	0.649267	0.68581	0.719185	0.76556	0.824864	0.886585	0.952724	1.01404	1.05986	1.07745	1.06371	1.02193	0.945749	0.841287	0.706768	0.545524	0.362783	0.172389	-0.0116752	-0.171545	-0.276735	-0.318128	-0.301387	-0.244473	-0.155925	-0.0461864	0.0671939	0.166958	0.240777	0.280978	0.280978	
-0.0210366	0.0248622	0.0870504	0.152738	0.223107	0.291414	0.347322	0.387753	0.414135	0.446768	0.478711	0.500875	0.506164	0.503009	0.495474	0.486501	0.487775	0.510957	0.560687	0.612026	0.654052	0.693682	0.74594	0.803129	0.856505	0.910052	0.962174	1.00237	1.00767	0.972651	0.915816	0.841287	0.740303	0.604542	0.450146	0.286297	0.114536	-0.0559104	-0.198326	-0.287148	-0.320647	-0.309946	-0.270901	-0.1993	-0.109291	-0.0140983	0.0759157	0.14531	0.185397	0.185397	
0.077254	0.109052	0.150601	0.194481	0.240995	0.285472	0.315977	0.328742	0.327633	0.3366	0.359102	0.376096	0.380928	0.385685	0.388468	0.387984	0.39437	0.421136	0.470977	0.525625	0.572943	0.617409	0.673131	0.727677	0.770769	0.81173	0.850318	0.878205	0.8774	0.836635	0.779014	0.706768	0.604542	0.468353	0.328695	0.186974	0.0391719	-0.101253	-0.21625	-0.286145	-0.320715	-0.321622	-0.295182	-0.242001	-0.173246	-0.102003	-0.0321222	0.0267369	0.0593353	0.0593353	
0.190185	0.213322	0.236109	0.257596	0.282648	0.309041	0.315443	0.29901	0.270639	0.253479	0.254381	0.259863	0.261747	0.271272	0.277888	0.273494	0.278346	0.304263	0.359082	0.420328	0.473322	0.517927	0.564558	0.607197	0.636904	0.659983	0.677732	0.689243	0.687686	0.659606	0.611302	0.545524	0.450146	0.328695	0.203171	0.0797573	-0.0401116	-0.142462	-0.222387	-0.287894	-0.330411	-0.341425	-0.323553	-0.27882	-0.230022	-0.185453	-0.143835	-0.106864	-0.0839153	-0.0839153	
0.296815	0.31752	0.327457	0.335315	0.351349	0.365463	0.352462	0.312814	0.260029	0.211127	0.188273	0.176293	0.171468	0.179951	0.176629	0.163183	0.163825	0.19153	0.245151	0.309612	0.361848	0.39963	0.432245	0.453305	0.462146	0.468689	0.470481	0.470566	0.472208	0.454381	0.41635	0.362783	0.286297	0.186974	0.0797573	-0.028314	-0.121459	-0.189929	-0.24914	-0.308522	-0.355307	-0.369183	-0.353306	-0.315011	-0.274795	-0.251359	-0.238962	-0.228106	-0.219617	-0.219617	
0.388323	0.41144	0.42901	0.442203	0.452815	0.454181	0.421509	0.362805	0.292214	0.221836	0.175501	0.14629	0.130075	0.120429	0.100324	0.0776646	0.0746653	0.0989977	0.143404	0.197723	0.242425	0.271803	0.284314	0.278748	0.264947	0.258335	0.257809	0.254028	0.251687	0.239606	0.210962	0.172389	0.114536	0.0391719	-0.0401116	-0.121459	-0.194795	-0.253202	-0.302378	-0.349724	-0.379931	-0.386148	-0.373799	-0.344686	-0.316615	-0.306608	-0.317953	-0.332929	-0.343334	-0.343334	
0.473197	0.504072	0.538315	0.563565	0.569008	0.552248	0.503814	0.436391	0.358547	0.271534	0.204691	0.15856	0.122942	0.0954722	0.059503	0.0296166	0.0223383	0.034069	0.0619014	0.101057	0.133164	0.147025	0.140127	0.111538	0.079508	0.0658981	0.0627765	0.0528179	0.0443555	0.0325561	0.0152802	-0.0116752	-0.0559104	-0.101253	-0.142462	-0.189929	-0.253202	-0.317964	-0.366796	-0.39746	-0.40251	-0.392468	-0.381732	-0.36925	-0.361026	-0.367223	-0.391431	-0.426255	-0.451387	-0.451387	
0.558141	0.591573	0.639024	0.672466	0.677218	0.652745	0.600169	0.533532	0.452499	0.35469	0.270595	0.201008	0.147164	0.0990325	0.050373	0.0155378	-0.0035177	-0.00673758	0.00326792	0.0266993	0.039578	0.0336775	0.00767598	-0.0346838	-0.0778354	-0.100684	-0.108892	-0.119615	-0.129186	-0.137035	-0.150402	-0.171545	-0.198326	-0.21625	-0.222387	-0.24914	-0.302378	-0.366796	-0.416568	-0.437153	-0.429266	-0.405981	-0.392973	-0.394978	-0.4074	-0.428123	-0.459704	-0.496993	-0.525501	-0.525501	
0.629741	0.663221	0.707752	0.744873	0.759341	0.749438	0.71004	0.649331	0.566588	0.464763	0.361578	0.271643	0.193735	0.126289	0.0670363	0.0229571	-0.0112833	-0.0385563	-0.0496457	-0.0481213	-0.0525008	-0.0739142	-0.108453	-0.156369	-0.205974	-0.238636	-0.249434	-0.252482	-0.251261	-0.25325	-0.262504	-0.276735	-0.287148	-0.286145	-0.287894	-0.308522	-0.349724	-0.39746	-0.437153	-0.459404	-0.452361	-0.428971	-0.415632	-0.421304	-0.445813	-0.478342	-0.514817	-0.549304	-0.570274	-0.570274	
0.672744	0.702365	0.739387	0.774867	0.806075	0.818597	0.800357	0.751278	0.673507	0.571818	0.459555	0.350476	0.253866	0.169092	0.0977137	0.0421513	-0.00952115	-0.0630416	-0.101414	-0.124027	-0.143905	-0.171823	-0.207331	-0.252066	-0.299472	-0.327967	-0.335474	-0.327713	-0.315533	-0.30915	-0.310387	-0.318128	-0.320647	-0.320715	-0.330411	-0.355307	-0.379931	-0.40251	-0.429266	-0.452361	-0.462703	-0.455883	-0.45103	-0.459214	-0.48418	-0.521392	-0.560021	-0.589477	-0.603219	-0.603219	
0.669988	0.692917	0.722436	0.760697	0.809382	0.846255	0.852953	0.823253	0.754876	0.658559	0.540844	0.424335	0.319929	0.220235	0.132441	0.0613345	-0.00665311	-0.0784054	-0.13862	-0.184093	-0.217293	-0.249851	-0.285059	-0.323015	-0.354537	-0.36672	-0.361107	-0.343205	-0.3227	-0.303373	-0.294106	-0.301387	-0.309946	-0.321622	-0.341425	-0.369183	-0.386148	-0.392468	-0.405981	-0.428971	-0.455883	-0.473134	-0.485956	-0.501902	-0.531456	-0.569724	-0.607452	-0.634491	-0.64603	-0.64603	
0.608478	0.622741	0.651597	0.700662	0.764421	0.820446	0.855687	0.856749	0.813366	0.733793	0.621544	0.508637	0.396309	0.27734	0.164305	0.0706824	-0.00677772	-0.0867674	-0.158421	-0.222781	-0.270548	-0.311385	-0.345329	-0.370524	-0.376014	-0.35616	-0.325225	-0.290677	-0.259999	-0.236366	-0.226544	-0.244473	-0.270901	-0.295182	-0.323553	-0.353306	-0.373799	-0.381732	-0.392973	-0.415632	-0.45103	-0.485956	-0.515969	-0.546691	-0.585489	-0.626024	-0.661026	-0.68616	-0.698333	-0.698333	
0.490156	0.498246	0.540464	0.608714	0.689679	0.760112	0.819175	0.8526	0.843645	0.792801	0.702828	0.595045	0.475401	0.333901	0.194192	0.0786213	-0.0124831	-0.0964485	-0.172546	-0.245015	-0.303284	-0.349211	-0.382475	-0.392113	-0.36958	-0.315871	-0.252826	-0.191841	-0.14919	-0.124077	-0.123413	-0.155925	-0.1993	-0.242001	-0.27882	-0.315011	-0.344686	-0.36925	-0.394978	-0.421304	-0.459214	-0.501902	-0.546691	-0.593593	-0.643693	-0.690912	-0.730141	-0.759716	-0.775718	-0.775718	
0.328695	0.342416	0.399806	0.488978	0.587038	0.677652	0.76114	0.824068	0.849207	0.833392	0.768601	0.67104	0.543567	0.392305	0.240469	0.105546	-0.00729979	-0.104725	-0.18762	-0.261385	-0.320722	-0.367099	-0.390889	-0.379849	-0.327512	-0.246667	-0.15641	-0.0721851	-0.013207	0.0117884	0.000978464	-0.0461864	-0.109291	-0.173246	-0.230022	-0.274795	-0.316615	-0.361026	-0.4074	-0.445813	-0.48418	-0.531456	-0.585489	-0.643693	-0.702873	-0.7593	-0.81214	-0.857149	-0.883469	-0.883469	
0.164009	0.177993	0.245725	0.350291	0.469661	0.590038	0.704572	0.792959	0.845307	0.856878	0.815131	0.72514	0.599178	0.451742	0.302125	0.154934	0.0173642	-0.10371	-0.20042	-0.277564	-0.335082	-0.369915	-0.375334	-0.336385	-0.257493	-0.160713	-0.0577524	0.0436084	0.1184	0.148426	0.127402	0.0671939	-0.0140983	-0.102003	-0.185453	-0.251359	-0.306608	-0.367223	-0.428123	-0.478342	-0.521392	-0.569724	-0.626024	-0.690912	-0.7593	-0.830004	-0.903337	-0.969985	-1.01244	-1.01244	
0.021004	0.0292285	0.0975066	0.215346	0.360881	0.51569	0.659821	0.771377	0.843764	0.869163	0.843783	0.762762	0.64347	0.507627	0.364296	0.211349	0.0527597	-0.089436	-0.210687	-0.297051	-0.34825	-0.362548	-0.340947	-0.27741	-0.182443	-0.0800539	0.0282849	0.137307	0.223962	0.258967	0.233357	0.166958	0.0759157	-0.0321222	-0.143835	-0.238962	-0.317953	-0.391431	-0.459704	-0.514817	-0.560021	-0.607452	-0.661026	-0.730141	-0.81214	-0.903337	-0.995715	-1.07917	-1.13033	-1.13033	
-0.0838327	-0.0884932	-0.0202604	0.112938	0.277604	0.456136	0.624489	0.757041	0.845358	0.880472	0.8602	0.786851	0.676209	0.548823	0.410222	0.254898	0.0874004	-0.0733227	-0.218097	-0.318533	-0.363285	-0.352661	-0.307409	-0.229173	-0.123515	-0.0143436	0.101238	0.212298	0.29705	0.330409	0.304119	0.240777	0.14531	0.0267369	-0.106864	-0.228106	-0.332929	-0.426255	-0.496993	-0.549304	-0.589477	-0.634491	-0.68616	-0.759716	-0.857149	-0.969985	-1.07917	-1.16404	-1.21197	-1.21197	
-0.141973	-0.155127	-0.086053	0.0575651	0.235161	0.42504	0.604854	0.75109	0.8504	0.886094	0.86815	0.798063	0.693609	0.571981	0.434548	0.278766	0.106439	-0.062726	-0.224085	-0.332815	-0.371735	-0.345609	-0.288254	-0.204769	-0.0951038	0.0223135	0.145715	0.255588	0.334001	0.363509	0.339531	0.280978	0.185397	0.0593353	-0.0839153	-0.219617	-0.343334	-0.451387	-0.525501	-0.570274	-0.603219	-0.64603	-0.698333	-0.775718	-0.883469	-1.01244	-1.13033	-1.21197	-1.25081	-1.25081	
-0.141973	-0.155127	-0.086053	0.0575651	0.235161	0.42504	0.604854	0.75109	0.8504	0.886094	0.86815	0.798063	0.693609	0.571981	0.434548	0.278766	0.106439	-0.062726	-0.224085	-0.332815	-0.371735	-0.345609	-0.288254	-0.204769	-0.0951038	0.0223135	0.145715	0.255588	0.334001	0.363509	0.339531	0.280978	0.185397	0.0593353	-0.0839153	-0.219617	-0.343334	-0.451387	-0.525501	-0.570274	-0.603219	-0.64603	-0.698333	-0.775718	-0.883469	-1.01244	-1.13033	-1.21197	-1.25081	-1.25081	
