-0.77228	-0.700925	-0.619419	-0.55006	-0.493999	-0.449675	-0.409317	-0.373816	-0.332188	-0.287751	-0.237435	-0.196592	-0.192976	-0.228745	-0.290697	-0.359779	-0.418986	-0.44722	-0.436431	-0.400408	-0.363101	-0.317871	-0.240245	-0.125529	0.0118065	0.147527	0.271333	0.363389	0.408853	0.431605	0.451762	0.473026	0.492607	0.503481	0.500221	0.478535	0.437324	0.372604	0.298246	0.249951	0.241062	0.269772	0.343262	0.466946	0.643515	0.861161	1.08492	1.27566	1.39085	1.39085	
-0.700925	-0.625862	-0.541615	-0.476687	-0.432405	-0.407631	-0.398618	-0.401151	-0.402276	-0.389825	-0.349985	-0.29897	-0.263804	-0.257016	-0.271892	-0.294437	-0.314883	-0.318295	-0.297662	-0.266188	-0.246185	-0.226764	-0.189647	-0.13127	-0.0567351	0.0141386	0.0738139	0.111254	0.121992	0.131638	0.159573	0.207719	0.264185	0.313617	0.346802	0.358972	0.350028	0.314333	0.263006	0.234414	0.252992	0.320704	0.433225	0.58987	0.795415	1.03527	1.27233	1.46869	1.58425	1.58425	
-0.619419	-0.541615	-0.461378	-0.400562	-0.364035	-0.356929	-0.375181	-0.412768	-0.443413	-0.449575	-0.41468	-0.35215	-0.289878	-0.240486	-0.203157	-0.176508	-0.159411	-0.141667	-0.11897	-0.0993215	-0.0945182	-0.0986291	-0.101769	-0.096163	-0.0889615	-0.0936885	-0.101741	-0.119283	-0.148632	-0.162694	-0.13945	-0.0744313	0.0131759	0.0979805	0.1647	0.20552	0.220601	0.2074	0.177491	0.168511	0.214713	0.326742	0.492229	0.699828	0.947913	1.21726	1.47389	1.68374	1.80563	1.80563	
-0.55006	-0.476687	-0.400562	-0.339535	-0.3083	-0.314303	-0.356988	-0.414585	-0.459082	-0.473517	-0.439069	-0.369964	-0.282321	-0.188627	-0.0987472	-0.0226418	0.0333436	0.0719211	0.0981534	0.110425	0.0981206	0.0687619	0.0284542	-0.0218678	-0.0858419	-0.166789	-0.250386	-0.330728	-0.396511	-0.425988	-0.407031	-0.337456	-0.23452	-0.123034	-0.0290605	0.0279468	0.0521022	0.0545579	0.0507721	0.0704289	0.14742	0.297813	0.508988	0.769013	1.07104	1.38517	1.67452	1.9059	2.03744	2.03744	
-0.493999	-0.432405	-0.364035	-0.3083	-0.285583	-0.308707	-0.365535	-0.428734	-0.474047	-0.486413	-0.451498	-0.372128	-0.254896	-0.116343	0.0247427	0.148033	0.242144	0.30942	0.352034	0.362007	0.335264	0.277697	0.188268	0.078512	-0.0525189	-0.208166	-0.3628	-0.49724	-0.593299	-0.637233	-0.626728	-0.561507	-0.458601	-0.341699	-0.236195	-0.165462	-0.13074	-0.115207	-0.0949006	-0.0441778	0.0650195	0.247035	0.49042	0.791184	1.14468	1.51157	1.84606	2.10841	2.25376	2.25376	
-0.449675	-0.407631	-0.356929	-0.314303	-0.308707	-0.343021	-0.403317	-0.460608	-0.49746	-0.505781	-0.464697	-0.369061	-0.219688	-0.0374287	0.148225	0.311075	0.444893	0.549255	0.615086	0.631629	0.591406	0.497404	0.360231	0.19791	0.0111518	-0.196554	-0.404959	-0.59199	-0.72471	-0.788834	-0.789589	-0.737831	-0.654193	-0.549429	-0.441014	-0.359306	-0.312195	-0.27951	-0.235646	-0.159389	-0.0226631	0.18738	0.455081	0.781074	1.16729	1.57501	1.95442	2.25489	2.42059	2.42059	
-0.409317	-0.398618	-0.375181	-0.356988	-0.365535	-0.403317	-0.457134	-0.499951	-0.52662	-0.523153	-0.468466	-0.351903	-0.172047	0.0415343	0.253513	0.442349	0.607827	0.746206	0.842836	0.872894	0.82607	0.710158	0.535706	0.332238	0.111519	-0.128466	-0.376248	-0.604271	-0.771387	-0.864103	-0.891069	-0.865257	-0.805453	-0.721316	-0.626752	-0.54403	-0.482362	-0.428351	-0.360278	-0.260264	-0.101057	0.129141	0.413155	0.752952	1.15267	1.57842	1.98345	2.30957	2.4902	2.4902	
-0.373816	-0.401151	-0.412768	-0.414585	-0.428734	-0.460608	-0.499951	-0.528587	-0.540495	-0.520784	-0.450273	-0.315758	-0.1198	0.104981	0.325762	0.526481	0.713858	0.884767	1.00934	1.05513	1.01382	0.884967	0.688214	0.465107	0.228286	-0.020804	-0.280772	-0.531978	-0.730442	-0.859835	-0.920668	-0.924005	-0.894787	-0.841187	-0.768718	-0.696699	-0.634279	-0.563223	-0.466219	-0.340434	-0.164923	0.0757778	0.368915	0.715604	1.11554	1.53599	1.93386	2.25155	2.4255	2.4255	
-0.332188	-0.402276	-0.443413	-0.459082	-0.474047	-0.49746	-0.52662	-0.540495	-0.535594	-0.496262	-0.409134	-0.264344	-0.065323	0.15814	0.37525	0.576101	0.77459	0.959828	1.09784	1.15608	1.12176	0.997338	0.803945	0.579315	0.34595	0.106348	-0.151151	-0.407331	-0.618947	-0.77104	-0.862541	-0.904275	-0.911107	-0.886825	-0.843499	-0.797225	-0.747863	-0.674061	-0.561479	-0.413361	-0.218465	0.0315626	0.327148	0.670266	1.05429	1.44608	1.80686	2.0864	2.23529	2.23529	
-0.287751	-0.389825	-0.449575	-0.473517	-0.486413	-0.505781	-0.523153	-0.520784	-0.496262	-0.437075	-0.341178	-0.197912	-0.00821648	0.20234	0.406356	0.599496	0.79246	0.974571	1.11223	1.17194	1.14988	1.04379	0.867696	0.66002	0.443782	0.222716	-0.0155127	-0.254163	-0.457068	-0.616106	-0.730243	-0.802251	-0.840337	-0.850332	-0.841277	-0.825529	-0.805343	-0.752326	-0.64078	-0.477052	-0.266281	-0.010942	0.279964	0.604229	0.950978	1.29561	1.60808	1.84475	1.96798	1.96798	
-0.237435	-0.349985	-0.41468	-0.439069	-0.451498	-0.464697	-0.468466	-0.450273	-0.409134	-0.341178	-0.249223	-0.118349	0.0531015	0.245436	0.433271	0.608263	0.78083	0.940415	1.05486	1.1063	1.09437	1.01271	0.87438	0.702159	0.51687	0.326411	0.115508	-0.0962412	-0.277264	-0.423135	-0.535222	-0.624599	-0.695262	-0.741216	-0.768144	-0.788079	-0.798589	-0.769194	-0.67517	-0.520279	-0.314383	-0.070133	0.200549	0.491573	0.792007	1.08892	1.36005	1.56516	1.67206	1.67206	
-0.196592	-0.29897	-0.35215	-0.369964	-0.372128	-0.369061	-0.351903	-0.315758	-0.264344	-0.197912	-0.118349	-0.00743436	0.139171	0.306788	0.465358	0.607379	0.740441	0.85391	0.931412	0.966061	0.961864	0.915529	0.827109	0.704223	0.564999	0.413268	0.238167	0.0628775	-0.0863723	-0.20687	-0.310246	-0.410802	-0.501998	-0.577531	-0.639201	-0.686452	-0.718459	-0.716347	-0.655151	-0.532589	-0.364696	-0.165253	0.0655903	0.321391	0.585531	0.849481	1.09308	1.27722	1.37398	1.37398	
-0.192976	-0.263804	-0.289878	-0.282321	-0.254896	-0.219688	-0.172047	-0.1198	-0.065323	-0.00821648	0.0531015	0.139171	0.25568	0.386698	0.504114	0.600377	0.677282	0.734001	0.764594	0.774878	0.777264	0.76513	0.731481	0.670221	0.588849	0.48724	0.356646	0.219933	0.099238	-0.000872905	-0.0893345	-0.180966	-0.275412	-0.368878	-0.455429	-0.529219	-0.587784	-0.61573	-0.595953	-0.52803	-0.424916	-0.289335	-0.107629	0.113638	0.353013	0.59971	0.827236	0.996238	1.08513	1.08513	
-0.228745	-0.257016	-0.240486	-0.188627	-0.116343	-0.0374287	0.0415343	0.104981	0.15814	0.20234	0.245436	0.306788	0.386698	0.473305	0.542181	0.584709	0.604349	0.603357	0.587438	0.576815	0.582382	0.599768	0.616427	0.611315	0.584229	0.529833	0.445127	0.350524	0.261562	0.191482	0.130859	0.0581836	-0.0260372	-0.122558	-0.231161	-0.339017	-0.434226	-0.507148	-0.543437	-0.533277	-0.48886	-0.412534	-0.280431	-0.0941376	0.123045	0.355124	0.568975	0.72672	0.811017	0.811017	
-0.290697	-0.271892	-0.203157	-0.0987472	0.0247427	0.148225	0.253513	0.325762	0.37525	0.406356	0.433271	0.465358	0.504114	0.542181	0.561003	0.559059	0.533378	0.487929	0.44053	0.413419	0.416888	0.450573	0.496323	0.527938	0.540575	0.528637	0.495562	0.453134	0.410111	0.378298	0.345666	0.2987	0.234533	0.137298	0.00430907	-0.14589	-0.294287	-0.42434	-0.51476	-0.552988	-0.553837	-0.518223	-0.421105	-0.2666	-0.0768487	0.132202	0.325894	0.469973	0.549078	0.549078	
-0.359779	-0.294437	-0.176508	-0.0226418	0.148033	0.311075	0.442349	0.526481	0.576101	0.599496	0.608263	0.607379	0.600377	0.584709	0.559059	0.521815	0.463	0.3898	0.321802	0.282274	0.281786	0.320665	0.380307	0.436406	0.479956	0.50574	0.525736	0.543231	0.552185	0.559182	0.556288	0.53153	0.473881	0.365797	0.205492	0.0130711	-0.18241	-0.360702	-0.501381	-0.583986	-0.614781	-0.598118	-0.521199	-0.391719	-0.228348	-0.0499402	0.110374	0.228936	0.295749	0.295749	
-0.418986	-0.314883	-0.159411	0.0333436	0.242144	0.444893	0.607827	0.713858	0.77459	0.79246	0.78083	0.740441	0.677282	0.604349	0.533378	0.463	0.380808	0.289358	0.21025	0.167467	0.16673	0.209162	0.280202	0.35725	0.425068	0.486161	0.560248	0.635755	0.695984	0.740002	0.753312	0.727876	0.657951	0.529775	0.343069	0.120374	-0.106209	-0.31695	-0.490039	-0.601765	-0.653786	-0.649723	-0.585184	-0.472188	-0.331482	-0.188369	-0.0704055	0.01334	0.0608089	0.0608089	
-0.44722	-0.318295	-0.141667	0.0719211	0.30942	0.549255	0.746206	0.884767	0.959828	0.974571	0.940415	0.85391	0.734001	0.603357	0.487929	0.3898	0.289358	0.187036	0.107144	0.067215	0.0698298	0.11927	0.201352	0.295458	0.386908	0.482873	0.602365	0.728615	0.835687	0.903478	0.917868	0.881431	0.787079	0.626107	0.407994	0.160848	-0.0784216	-0.290957	-0.466955	-0.591872	-0.657382	-0.661199	-0.610518	-0.519169	-0.4041	-0.295203	-0.215562	-0.163382	-0.13475	-0.13475	
-0.436431	-0.297662	-0.11897	0.0981534	0.352034	0.615086	0.842836	1.00934	1.09784	1.11223	1.05486	0.931412	0.764594	0.587438	0.44053	0.321802	0.21025	0.107144	0.0317283	-0.00400326	0.00503913	0.0583821	0.144553	0.252453	0.361859	0.482047	0.63655	0.80324	0.944136	1.02858	1.04467	0.992155	0.862314	0.66141	0.412982	0.151529	-0.0847504	-0.281418	-0.439967	-0.556319	-0.620328	-0.631078	-0.602096	-0.539341	-0.453236	-0.376308	-0.325594	-0.293553	-0.27687	-0.27687	
-0.400408	-0.266188	-0.0993215	0.110425	0.362007	0.631629	0.872894	1.05513	1.15608	1.17194	1.1063	0.966061	0.774878	0.576815	0.413419	0.282274	0.167467	0.067215	-0.00400326	-0.0338744	-0.0217409	0.0283671	0.116018	0.228085	0.343303	0.48058	0.654114	0.83939	1.00011	1.09424	1.10593	1.03553	0.880026	0.65669	0.394168	0.128081	-0.101443	-0.276941	-0.409123	-0.509886	-0.568775	-0.581762	-0.566518	-0.526783	-0.46916	-0.421941	-0.393948	-0.377273	-0.370951	-0.370951	
-0.363101	-0.246185	-0.0945182	0.0981206	0.335264	0.591406	0.82607	1.01382	1.12176	1.14988	1.09437	0.961864	0.777264	0.582382	0.416888	0.281786	0.16673	0.0698298	0.00503913	-0.0217409	-0.012239	0.0344675	0.116254	0.221231	0.339829	0.482279	0.651426	0.834149	0.991014	1.07394	1.07592	0.999395	0.84184	0.621493	0.367289	0.115579	-0.097859	-0.25865	-0.37988	-0.473576	-0.523915	-0.528599	-0.511438	-0.478797	-0.439469	-0.417503	-0.413717	-0.418305	-0.426716	-0.426716	
-0.317871	-0.226764	-0.0986291	0.0687619	0.277697	0.497404	0.710158	0.884967	0.997338	1.04379	1.01271	0.915529	0.76513	0.599768	0.450573	0.320665	0.209162	0.11927	0.0583821	0.0283671	0.0344675	0.0720229	0.140598	0.237456	0.351018	0.483183	0.632974	0.788203	0.913248	0.973456	0.966868	0.890767	0.744649	0.548863	0.330306	0.113345	-0.0813316	-0.236019	-0.352269	-0.437939	-0.478095	-0.470306	-0.437552	-0.396606	-0.36755	-0.3675	-0.387578	-0.415336	-0.439352	-0.439352	
-0.240245	-0.189647	-0.101769	0.0284542	0.188268	0.360231	0.535706	0.688214	0.803945	0.867696	0.87438	0.827109	0.731481	0.616427	0.496323	0.380307	0.280202	0.201352	0.144553	0.116018	0.116254	0.140598	0.195703	0.272691	0.368865	0.483297	0.598417	0.7081	0.791356	0.8236	0.801709	0.722463	0.593948	0.434412	0.258575	0.0800049	-0.0855014	-0.219485	-0.319275	-0.386702	-0.408121	-0.383388	-0.334662	-0.289134	-0.271957	-0.287531	-0.321812	-0.363878	-0.396775	-0.396775	
-0.125529	-0.13127	-0.096163	-0.0218678	0.078512	0.19791	0.332238	0.465107	0.579315	0.66002	0.702159	0.704223	0.670221	0.611315	0.527938	0.436406	0.35725	0.295458	0.252453	0.228085	0.221231	0.237456	0.272691	0.324215	0.403762	0.490368	0.561911	0.619713	0.648839	0.641425	0.59623	0.510582	0.395975	0.261476	0.120655	-0.0100343	-0.126415	-0.220745	-0.282063	-0.305878	-0.294679	-0.255904	-0.201634	-0.160172	-0.155984	-0.181368	-0.221046	-0.266249	-0.298328	-0.298328	
0.0118065	-0.0567351	-0.0889615	-0.0858419	-0.0525189	0.0111518	0.111519	0.228286	0.34595	0.443782	0.51687	0.564999	0.588849	0.584229	0.540575	0.479956	0.425068	0.386908	0.361859	0.343303	0.339829	0.351018	0.368865	0.403762	0.459312	0.509283	0.535487	0.530564	0.49601	0.444198	0.367946	0.263235	0.142769	0.0201196	-0.0824146	-0.155853	-0.209101	-0.23927	-0.235809	-0.201412	-0.153163	-0.0976057	-0.0370518	-0.000549442	-0.00731759	-0.0397876	-0.0842356	-0.13166	-0.161454	-0.161454	
0.147527	0.0141386	-0.0936885	-0.166789	-0.208166	-0.196554	-0.128466	-0.020804	0.106348	0.222716	0.326411	0.413268	0.48724	0.529833	0.528637	0.50574	0.486161	0.482873	0.482047	0.48058	0.482279	0.483183	0.483297	0.490368	0.509283	0.521423	0.500687	0.436187	0.345387	0.245375	0.12485	-0.0150654	-0.151851	-0.263142	-0.329331	-0.34512	-0.32103	-0.270836	-0.196229	-0.0989	-0.0011052	0.0851485	0.158539	0.195365	0.184884	0.14504	0.087238	0.0287758	-0.00407599	-0.00407599	
0.271333	0.0738139	-0.101741	-0.250386	-0.3628	-0.404959	-0.376248	-0.280772	-0.151151	-0.0155127	0.115508	0.238167	0.356646	0.445127	0.495562	0.525736	0.560248	0.602365	0.63655	0.654114	0.651426	0.632974	0.598417	0.561911	0.535487	0.500687	0.433262	0.320445	0.181604	0.0349491	-0.127607	-0.295604	-0.443574	-0.54896	-0.586635	-0.546927	-0.450737	-0.326915	-0.1787	-0.00933787	0.150787	0.283071	0.381456	0.426768	0.414835	0.361118	0.282371	0.209479	0.171549	0.171549	
0.363389	0.111254	-0.119283	-0.330728	-0.49724	-0.59199	-0.604271	-0.531978	-0.407331	-0.254163	-0.0962412	0.0628775	0.219933	0.350524	0.453134	0.543231	0.635755	0.728615	0.80324	0.83939	0.834149	0.788203	0.7081	0.619713	0.530564	0.436187	0.320445	0.165416	-0.00970533	-0.191294	-0.379785	-0.560228	-0.712855	-0.804993	-0.807797	-0.724886	-0.579375	-0.393555	-0.176654	0.0606	0.291648	0.486673	0.617825	0.671089	0.655695	0.587671	0.492606	0.411051	0.36945	0.36945	
0.408853	0.121992	-0.148632	-0.396511	-0.593299	-0.72471	-0.771387	-0.730442	-0.618947	-0.457068	-0.277264	-0.0863723	0.099238	0.261562	0.410111	0.552185	0.695984	0.835687	0.944136	1.00011	0.991014	0.913248	0.791356	0.648839	0.49601	0.345387	0.181604	-0.00970533	-0.216893	-0.431702	-0.638621	-0.819782	-0.952537	-1.00295	-0.96488	-0.851095	-0.669134	-0.435071	-0.165634	0.128447	0.422873	0.669096	0.824397	0.88867	0.879763	0.810168	0.713125	0.632328	0.589212	0.589212	
0.431605	0.131638	-0.162694	-0.425988	-0.637233	-0.788834	-0.864103	-0.859835	-0.77104	-0.616106	-0.423135	-0.20687	-0.000872905	0.191482	0.378298	0.559182	0.740002	0.903478	1.02858	1.09424	1.07394	0.973456	0.8236	0.641425	0.444198	0.245375	0.0349491	-0.191294	-0.431702	-0.675574	-0.8907	-1.05216	-1.1399	-1.14007	-1.06121	-0.910577	-0.690654	-0.414789	-0.103956	0.221611	0.538074	0.799961	0.968473	1.05008	1.06049	1.00974	0.932712	0.865481	0.824864	0.824864	
0.451762	0.159573	-0.13945	-0.407031	-0.626728	-0.789589	-0.891069	-0.920668	-0.862541	-0.730243	-0.535222	-0.310246	-0.0893345	0.130859	0.345666	0.556288	0.753312	0.917868	1.04467	1.10593	1.07592	0.966868	0.801709	0.59623	0.367946	0.12485	-0.127607	-0.379785	-0.638621	-0.8907	-1.09229	-1.21918	-1.2616	-1.2143	-1.08701	-0.891848	-0.633578	-0.322065	0.0115963	0.337452	0.640168	0.888062	1.05321	1.14527	1.17818	1.16304	1.12701	1.08933	1.06103	1.06103	
0.473026	0.207719	-0.0744313	-0.337456	-0.561507	-0.737831	-0.865257	-0.924005	-0.904275	-0.802251	-0.624599	-0.410802	-0.180966	0.0581836	0.2987	0.53153	0.727876	0.881431	0.992155	1.03553	0.999395	0.890767	0.722463	0.510582	0.263235	-0.0150654	-0.295604	-0.560228	-0.819782	-1.05216	-1.21918	-1.3052	-1.2967	-1.19552	-1.02317	-0.793293	-0.509123	-0.182673	0.153285	0.466567	0.738755	0.952715	1.10182	1.19348	1.23792	1.25544	1.26553	1.26788	1.26278	1.26278	
0.492607	0.264185	0.0131759	-0.23452	-0.458601	-0.654193	-0.805453	-0.894787	-0.911107	-0.840337	-0.695262	-0.501998	-0.275412	-0.0260372	0.234533	0.473881	0.657951	0.787079	0.862314	0.880026	0.84184	0.744649	0.593948	0.395975	0.142769	-0.151851	-0.443574	-0.712855	-0.952537	-1.1399	-1.2616	-1.2967	-1.22968	-1.08387	-0.880194	-0.624662	-0.330585	-0.0126269	0.30715	0.595251	0.828714	1.00844	1.13986	1.21847	1.25814	1.29304	1.33268	1.36278	1.37719	1.37719	
0.503481	0.313617	0.0979805	-0.123034	-0.341699	-0.549429	-0.721316	-0.841187	-0.886825	-0.850332	-0.741216	-0.577531	-0.368878	-0.122558	0.137298	0.365797	0.529775	0.626107	0.66141	0.65669	0.621493	0.548863	0.434412	0.261476	0.0201196	-0.263142	-0.54896	-0.804993	-1.00295	-1.14007	-1.2143	-1.19552	-1.08387	-0.907088	-0.673196	-0.398905	-0.11202	0.178669	0.465449	0.721001	0.919867	1.06498	1.16621	1.22287	1.25469	1.28992	1.32559	1.35149	1.36754	1.36754	
0.500221	0.346802	0.1647	-0.0290605	-0.236195	-0.441014	-0.626752	-0.768718	-0.843499	-0.841277	-0.768144	-0.639201	-0.455429	-0.231161	0.00430907	0.205492	0.343069	0.407994	0.412982	0.394168	0.367289	0.330306	0.258575	0.120655	-0.0824146	-0.329331	-0.586635	-0.807797	-0.96488	-1.06121	-1.08701	-1.02317	-0.880194	-0.673196	-0.417341	-0.145425	0.120913	0.381908	0.635435	0.856618	1.01441	1.11243	1.17351	1.20728	1.22533	1.23782	1.24121	1.24081	1.24451	1.24451	
0.478535	0.358972	0.20552	0.0279468	-0.165462	-0.359306	-0.54403	-0.696699	-0.797225	-0.825529	-0.788079	-0.686452	-0.529219	-0.339017	-0.14589	0.0130711	0.120374	0.160848	0.151529	0.128081	0.115579	0.113345	0.0800049	-0.0100343	-0.155853	-0.34512	-0.546927	-0.724886	-0.851095	-0.910577	-0.891848	-0.793293	-0.624662	-0.398905	-0.145425	0.109537	0.361306	0.602359	0.816686	0.984758	1.09194	1.14607	1.1657	1.16414	1.14956	1.12226	1.08679	1.0605	1.05133	1.05133	
0.437324	0.350028	0.220601	0.0521022	-0.13074	-0.312195	-0.482362	-0.634279	-0.747863	-0.805343	-0.798589	-0.718459	-0.587784	-0.434226	-0.294287	-0.18241	-0.106209	-0.0784216	-0.0847504	-0.101443	-0.097859	-0.0813316	-0.0855014	-0.126415	-0.209101	-0.32103	-0.450737	-0.579375	-0.669134	-0.690654	-0.633578	-0.509123	-0.330585	-0.11202	0.120913	0.361306	0.605575	0.820377	0.979226	1.08623	1.14812	1.15934	1.12594	1.07532	1.01978	0.953082	0.888383	0.846965	0.829751	0.829751	
0.372604	0.314333	0.2074	0.0545579	-0.115207	-0.27951	-0.428351	-0.563223	-0.674061	-0.752326	-0.769194	-0.716347	-0.61573	-0.507148	-0.42434	-0.360702	-0.31695	-0.290957	-0.281418	-0.276941	-0.25865	-0.236019	-0.219485	-0.220745	-0.23927	-0.270836	-0.326915	-0.393555	-0.435071	-0.414789	-0.322065	-0.182673	-0.0126269	0.178669	0.381908	0.602359	0.820377	0.992185	1.10175	1.16069	1.17287	1.12856	1.03966	0.941297	0.846022	0.75347	0.680441	0.634024	0.608264	0.608264	
0.298246	0.263006	0.177491	0.0507721	-0.0949006	-0.235646	-0.360278	-0.466219	-0.561479	-0.64078	-0.67517	-0.655151	-0.595953	-0.543437	-0.51476	-0.501381	-0.490039	-0.466955	-0.439967	-0.409123	-0.37988	-0.352269	-0.319275	-0.282063	-0.235809	-0.196229	-0.1787	-0.176654	-0.165634	-0.103956	0.0115963	0.153285	0.30715	0.465449	0.635435	0.816686	0.979226	1.10175	1.1737	1.1849	1.13932	1.046	0.918249	0.779481	0.650701	0.55026	0.485493	0.441055	0.410554	0.410554	
0.249951	0.234414	0.168511	0.0704289	-0.0441778	-0.159389	-0.260264	-0.340434	-0.413361	-0.477052	-0.520279	-0.532589	-0.52803	-0.533277	-0.552988	-0.583986	-0.601765	-0.591872	-0.556319	-0.509886	-0.473576	-0.437939	-0.386702	-0.305878	-0.201412	-0.0989	-0.00933787	0.0606	0.128447	0.221611	0.337452	0.466567	0.595251	0.721001	0.856618	0.984758	1.08623	1.16069	1.1849	1.13943	1.04203	0.91494	0.767596	0.611497	0.471501	0.372066	0.311472	0.272762	0.25116	0.25116	
0.241062	0.252992	0.214713	0.14742	0.0650195	-0.0226631	-0.101057	-0.164923	-0.218465	-0.266281	-0.314383	-0.364696	-0.424916	-0.48886	-0.553837	-0.614781	-0.653786	-0.657382	-0.620328	-0.568775	-0.523915	-0.478095	-0.408121	-0.294679	-0.153163	-0.0011052	0.150787	0.291648	0.422873	0.538074	0.640168	0.738755	0.828714	0.919867	1.01441	1.09194	1.14812	1.17287	1.13932	1.04203	0.900468	0.744854	0.595179	0.452314	0.327089	0.235451	0.17324	0.136098	0.123259	0.123259	
0.269772	0.320704	0.326742	0.297813	0.247035	0.18738	0.129141	0.0757778	0.0315626	-0.010942	-0.070133	-0.165253	-0.289335	-0.412534	-0.518223	-0.598118	-0.649723	-0.661199	-0.631078	-0.581762	-0.528599	-0.470306	-0.383388	-0.255904	-0.0976057	0.0851485	0.283071	0.486673	0.669096	0.799961	0.888062	0.952715	1.00844	1.06498	1.11243	1.14607	1.15934	1.12856	1.046	0.91494	0.744854	0.572463	0.425718	0.30346	0.20811	0.137892	0.0794868	0.0374264	0.0207326	0.0207326	
0.343262	0.433225	0.492229	0.508988	0.49042	0.455081	0.413155	0.368915	0.327148	0.279964	0.200549	0.0655903	-0.107629	-0.280431	-0.421105	-0.521199	-0.585184	-0.610518	-0.602096	-0.566518	-0.511438	-0.437552	-0.334662	-0.201634	-0.0370518	0.158539	0.381456	0.617825	0.824397	0.968473	1.05321	1.10182	1.13986	1.16621	1.17351	1.1657	1.12594	1.03966	0.918249	0.767596	0.595179	0.425718	0.282382	0.179724	0.11363	0.0598465	0.00849929	-0.0279386	-0.0435205	-0.0435205	
0.466946	0.58987	0.699828	0.769013	0.791184	0.781074	0.752952	0.715604	0.670266	0.604229	0.491573	0.321391	0.113638	-0.0941376	-0.2666	-0.391719	-0.472188	-0.519169	-0.539341	-0.526783	-0.478797	-0.396606	-0.289134	-0.160172	-0.000549442	0.195365	0.426768	0.671089	0.88867	1.05008	1.14527	1.19348	1.21847	1.22287	1.20728	1.16414	1.07532	0.941297	0.779481	0.611497	0.452314	0.30346	0.179724	0.0990947	0.0416425	-0.0133818	-0.0512459	-0.0662996	-0.0725537	-0.0725537	
0.643515	0.795415	0.947913	1.07104	1.14468	1.16729	1.15267	1.11554	1.05429	0.950978	0.792007	0.585531	0.353013	0.123045	-0.0768487	-0.228348	-0.331482	-0.4041	-0.453236	-0.46916	-0.439469	-0.36755	-0.271957	-0.155984	-0.00731759	0.184884	0.414835	0.655695	0.879763	1.06049	1.17818	1.23792	1.25814	1.25469	1.22533	1.14956	1.01978	0.846022	0.650701	0.471501	0.327089	0.20811	0.11363	0.0416425	-0.0214493	-0.06731	-0.0823157	-0.0856183	-0.0934453	-0.0934453	
0.861161	1.03527	1.21726	1.38517	1.51157	1.57501	1.57842	1.53599	1.44608	1.29561	1.08892	0.849481	0.59971	0.355124	0.132202	-0.0499402	-0.188369	-0.295203	-0.376308	-0.421941	-0.417503	-0.3675	-0.287531	-0.181368	-0.0397876	0.14504	0.361118	0.587671	0.810168	1.00974	1.16304	1.25544	1.29304	1.28992	1.23782	1.12226	0.953082	0.75347	0.55026	0.372066	0.235451	0.137892	0.0598465	-0.0133818	-0.06731	-0.08743	-0.0919775	-0.10132	-0.111136	-0.111136	
1.08492	1.27233	1.47389	1.67452	1.84606	1.95442	1.98345	1.93386	1.80686	1.60808	1.36005	1.09308	0.827236	0.568975	0.325894	0.110374	-0.0704055	-0.215562	-0.325594	-0.393948	-0.413717	-0.387578	-0.321812	-0.221046	-0.0842356	0.087238	0.282371	0.492606	0.713125	0.932712	1.12701	1.26553	1.33268	1.32559	1.24121	1.08679	0.888383	0.680441	0.485493	0.311472	0.17324	0.0794868	0.00849929	-0.0512459	-0.0823157	-0.0919775	-0.10628	-0.11757	-0.114682	-0.114682	
1.27566	1.46869	1.68374	1.9059	2.10841	2.25489	2.30957	2.25155	2.0864	1.84475	1.56516	1.27722	0.996238	0.72672	0.469973	0.228936	0.01334	-0.163382	-0.293553	-0.377273	-0.418305	-0.415336	-0.363878	-0.266249	-0.13166	0.0287758	0.209479	0.411051	0.632328	0.865481	1.08933	1.26788	1.36278	1.35149	1.24081	1.0605	0.846965	0.634024	0.441055	0.272762	0.136098	0.0374264	-0.0279386	-0.0662996	-0.0856183	-0.10132	-0.11757	-0.122317	-0.116379	-0.116379	
1.39085	1.58425	1.80563	2.03744	2.25376	2.42059	2.4902	2.4255	2.23529	1.96798	1.67206	1.37398	1.08513	0.811017	0.549078	0.295749	0.0608089	-0.13475	-0.27687	-0.370951	-0.426716	-0.439352	-0.396775	-0.298328	-0.161454	-0.00407599	0.171549	0.36945	0.589212	0.824864	1.06103	1.26278	1.37719	1.36754	1.24451	1.05133	0.829751	0.608264	0.410554	0.25116	0.123259	0.0207326	-0.0435205	-0.0725537	-0.0934453	-0.111136	-0.114682	-0.116379	-0.125216	-0.125216	
1.39085	1.58425	1.80563	2.03744	2.25376	2.42059	2.4902	2.4255	2.23529	1.96798	1.67206	1.37398	1.08513	0.811017	0.549078	0.295749	0.0608089	-0.13475	-0.27687	-0.370951	-0.426716	-0.439352	-0.396775	-0.298328	-0.161454	-0.00407599	0.171549	0.36945	0.589212	0.824864	1.06103	1.26278	1.37719	1.36754	1.24451	1.05133	0.829751	0.608264	0.410554	0.25116	0.123259	0.0207326	-0.0435205	-0.0725537	-0.0934453	-0.111136	-0.114682	-0.116379	-0.125216	-0.125216	
