1.57218	1.57218	1.57559	1.57572	1.57125	1.56191	1.5377	1.48063	1.37769	1.22518	1.03278	0.827209	0.643058	0.513954	0.444297	0.452418	0.523747	0.612942	0.667537	0.684685	0.675621	0.658649	0.634906	0.595045	0.524382	0.435104	0.359605	0.293624	0.241982	0.209156	0.211757	0.259527	0.340303	0.445678	0.56047	0.672152	0.774001	0.864174	0.920703	0.938514	0.883996	0.745833	0.543052	0.310215	0.0735651	-0.122679	-0.227786	-0.218947	-0.0977305	0.0899571	
1.57218	1.57218	1.57559	1.57572	1.57125	1.56191	1.5377	1.48063	1.37769	1.22518	1.03278	0.827209	0.643058	0.513954	0.444297	0.452418	0.523747	0.612942	0.667537	0.684685	0.675621	0.658649	0.634906	0.595045	0.524382	0.435104	0.359605	0.293624	0.241982	0.209156	0.211757	0.259527	0.340303	0.445678	0.56047	0.672152	0.774001	0.864174	0.920703	0.938514	0.883996	0.745833	0.543052	0.310215	0.0735651	-0.122679	-0.227786	-0.218947	-0.0977305	0.0899571	
1.57559	1.57559	1.57517	1.57451	1.57284	1.56604	1.54008	1.47864	1.37355	1.21803	1.027	0.821047	0.632681	0.495732	0.4322	0.440972	0.506925	0.585714	0.648793	0.681668	0.686122	0.670879	0.641292	0.598857	0.534568	0.452465	0.376015	0.314117	0.267881	0.245241	0.25452	0.30058	0.384282	0.494889	0.611584	0.718576	0.818581	0.900506	0.950817	0.954251	0.883072	0.730953	0.519089	0.280883	0.0532867	-0.138106	-0.247216	-0.241901	-0.121352	0.0728268	
1.57572	1.57572	1.57451	1.57352	1.57374	1.56777	1.53848	1.47244	1.36428	1.20197	1.00926	0.803757	0.609775	0.464406	0.398141	0.402573	0.470139	0.553273	0.626765	0.673974	0.691676	0.683419	0.662872	0.62709	0.567275	0.48683	0.413726	0.35857	0.322609	0.312282	0.328932	0.375047	0.461695	0.574724	0.693778	0.80441	0.904711	0.971098	0.993818	0.961089	0.865637	0.703835	0.483937	0.239214	0.0139068	-0.168866	-0.271437	-0.265839	-0.148899	0.0461515	
1.57125	1.57125	1.57284	1.57374	1.57354	1.56368	1.52979	1.45898	1.34581	1.17393	0.972665	0.764726	0.568683	0.419751	0.345602	0.341669	0.408442	0.505499	0.596749	0.661711	0.6986	0.70973	0.705478	0.677742	0.621944	0.543469	0.474366	0.422211	0.395587	0.401094	0.427126	0.471792	0.553453	0.665739	0.78707	0.89982	0.993363	1.04133	1.03093	0.959501	0.835143	0.661254	0.436604	0.19021	-0.0322143	-0.202876	-0.294225	-0.283227	-0.166104	0.021104	
1.56191	1.56191	1.56604	1.56777	1.56368	1.54805	1.50913	1.43104	1.30653	1.12455	0.913269	0.702203	0.505089	0.352226	0.269308	0.262529	0.324805	0.436201	0.553583	0.648377	0.712135	0.752655	0.762606	0.738698	0.68415	0.611676	0.550973	0.501742	0.476731	0.486912	0.517291	0.561922	0.636872	0.745207	0.861449	0.972228	1.05331	1.08563	1.04573	0.941404	0.785492	0.592848	0.366312	0.130991	-0.075155	-0.233316	-0.314343	-0.289376	-0.168338	0.00946267	
1.5377	1.5377	1.54008	1.53848	1.52979	1.50913	1.46149	1.37021	1.23094	1.04465	0.828806	0.60696	0.406294	0.25321	0.165149	0.157163	0.228871	0.35754	0.500631	0.625434	0.719011	0.789232	0.820855	0.808036	0.75183	0.680897	0.62122	0.573878	0.543853	0.545043	0.574101	0.621721	0.692833	0.790097	0.89807	1.00035	1.07521	1.08859	1.01772	0.883937	0.703214	0.498162	0.277273	0.0582883	-0.129297	-0.268261	-0.32843	-0.287587	-0.158497	0.0118943	
1.48063	1.48063	1.47864	1.47244	1.45898	1.43104	1.37021	1.26762	1.11369	0.919281	0.697164	0.472455	0.271503	0.124282	0.036587	0.0322288	0.113827	0.259356	0.426287	0.587256	0.71938	0.815067	0.865173	0.866062	0.814632	0.737843	0.66718	0.608396	0.575741	0.573822	0.597166	0.639711	0.703747	0.791386	0.896076	0.991834	1.05187	1.04463	0.949376	0.791964	0.596906	0.385804	0.171419	-0.0279952	-0.198665	-0.311812	-0.34099	-0.282223	-0.145821	0.0211303	
1.37769	1.37769	1.37355	1.36428	1.34581	1.30653	1.23094	1.11369	0.950277	0.748272	0.524847	0.302831	0.106399	-0.0426453	-0.125899	-0.121473	-0.0255038	0.132525	0.324762	0.519056	0.687883	0.804378	0.869649	0.88343	0.840893	0.755836	0.668088	0.598408	0.559285	0.551932	0.569576	0.611166	0.675655	0.76081	0.860588	0.945845	0.992253	0.964098	0.853489	0.682512	0.479093	0.260469	0.0506709	-0.135927	-0.287397	-0.372244	-0.36875	-0.28453	-0.138243	0.0245428	
1.22518	1.22518	1.21803	1.20197	1.17393	1.12455	1.04465	0.919281	0.748272	0.537924	0.316393	0.0996998	-0.0916905	-0.239399	-0.3148	-0.300012	-0.190469	-0.0195972	0.192333	0.414674	0.610632	0.749771	0.834355	0.857861	0.818483	0.726182	0.626918	0.550332	0.500457	0.478591	0.490779	0.539074	0.612221	0.702679	0.794447	0.873622	0.908048	0.865277	0.74546	0.567881	0.358448	0.134704	-0.0745566	-0.24988	-0.376408	-0.436678	-0.407417	-0.298294	-0.144541	0.0246897	
1.03278	1.03278	1.027	1.00926	0.972665	0.913269	0.828806	0.697164	0.524847	0.316393	0.0970501	-0.124597	-0.314534	-0.450377	-0.513096	-0.499002	-0.384704	-0.199778	0.0254204	0.263651	0.479715	0.646473	0.753025	0.788228	0.751531	0.660189	0.547997	0.455956	0.396151	0.371172	0.386844	0.43602	0.514717	0.613708	0.7103	0.77898	0.795582	0.740472	0.620173	0.447719	0.235804	0.0118494	-0.198452	-0.36736	-0.467519	-0.497034	-0.448407	-0.328724	-0.161639	0.0243033	
0.827209	0.827209	0.821047	0.803757	0.764726	0.702203	0.60696	0.472455	0.302831	0.0996998	-0.124597	-0.337291	-0.523273	-0.656394	-0.721119	-0.705297	-0.596587	-0.399405	-0.164265	0.0799055	0.307574	0.498939	0.625197	0.673899	0.642947	0.553666	0.438998	0.333346	0.262206	0.234008	0.247098	0.298148	0.382679	0.4875	0.588451	0.65118	0.649341	0.588532	0.469762	0.306195	0.102632	-0.115246	-0.321545	-0.478322	-0.558242	-0.560924	-0.494861	-0.363587	-0.184414	0.00935953	
0.643058	0.643058	0.632681	0.609775	0.568683	0.505089	0.406294	0.271503	0.106399	-0.0916905	-0.314534	-0.523273	-0.704823	-0.845901	-0.9177	-0.896608	-0.786581	-0.596304	-0.363528	-0.122592	0.111144	0.32102	0.468141	0.531301	0.507183	0.420753	0.311243	0.203682	0.117479	0.075141	0.0817356	0.136122	0.228327	0.330201	0.419635	0.470207	0.46524	0.405147	0.294481	0.139392	-0.0502277	-0.254863	-0.443413	-0.580024	-0.643961	-0.630252	-0.546905	-0.39611	-0.205969	-0.0125442	
0.513954	0.513954	0.495732	0.464406	0.419751	0.352226	0.25321	0.124282	-0.0426453	-0.239399	-0.450377	-0.656394	-0.845901	-0.992906	-1.06445	-1.04151	-0.941319	-0.77427	-0.552868	-0.314535	-0.0776576	0.139875	0.300339	0.373875	0.365866	0.292551	0.18801	0.077618	-0.0154332	-0.0653352	-0.0676042	-0.026038	0.0573563	0.156005	0.232654	0.268755	0.259571	0.20326	0.103968	-0.0434679	-0.216899	-0.397949	-0.558311	-0.66369	-0.703668	-0.67744	-0.581488	-0.41729	-0.214051	-0.0161164	
0.444297	0.444297	0.4322	0.398141	0.345602	0.269308	0.165149	0.036587	-0.125899	-0.3148	-0.513096	-0.721119	-0.9177	-1.06445	-1.13725	-1.13073	-1.05026	-0.902688	-0.699598	-0.471494	-0.244228	-0.0355321	0.130685	0.225176	0.23553	0.176805	0.0754602	-0.0364643	-0.124798	-0.176493	-0.190443	-0.164777	-0.0985556	-0.0134395	0.0507379	0.0759704	0.0627213	0.00741624	-0.0877028	-0.216476	-0.362307	-0.510436	-0.639536	-0.720735	-0.736392	-0.688912	-0.578652	-0.409178	-0.201402	-0.00219219	
0.452418	0.452418	0.440972	0.402573	0.341669	0.262529	0.157163	0.0322288	-0.121473	-0.300012	-0.499002	-0.705297	-0.896608	-1.04151	-1.13073	-1.15036	-1.09121	-0.961318	-0.785408	-0.581672	-0.369324	-0.175554	-0.0120377	0.0956229	0.121032	0.0771614	-0.00831357	-0.106515	-0.191135	-0.253373	-0.284607	-0.268228	-0.218279	-0.155471	-0.109233	-0.0893615	-0.0985974	-0.149281	-0.239545	-0.346039	-0.462329	-0.579063	-0.672221	-0.727936	-0.723833	-0.653057	-0.523163	-0.351691	-0.154263	0.038683	
0.523747	0.523747	0.506925	0.470139	0.408442	0.324805	0.228871	0.113827	-0.0255038	-0.190469	-0.384704	-0.596587	-0.786581	-0.941319	-1.05026	-1.09121	-1.04899	-0.949371	-0.813918	-0.644769	-0.451876	-0.267681	-0.111196	-0.00548209	0.0312321	0.00970795	-0.0539488	-0.137774	-0.219953	-0.285843	-0.326063	-0.329876	-0.300511	-0.257596	-0.222645	-0.20716	-0.21462	-0.255956	-0.330693	-0.424986	-0.52266	-0.611257	-0.668746	-0.689767	-0.664937	-0.575752	-0.432642	-0.25813	-0.0695428	0.116196	
0.612942	0.612942	0.585714	0.553273	0.505499	0.436201	0.35754	0.259356	0.132525	-0.0195972	-0.199778	-0.399405	-0.596304	-0.77427	-0.902688	-0.961318	-0.949371	-0.886293	-0.783592	-0.645191	-0.479457	-0.312235	-0.165418	-0.0634202	-0.0146127	-0.0182761	-0.0687675	-0.139528	-0.212683	-0.277351	-0.321392	-0.347356	-0.347609	-0.325024	-0.293328	-0.277139	-0.288649	-0.327726	-0.389599	-0.472103	-0.550652	-0.614125	-0.645909	-0.63613	-0.585797	-0.484533	-0.336185	-0.156693	0.0321082	0.205233	
0.667537	0.667537	0.648793	0.626765	0.596749	0.553583	0.500631	0.426287	0.324762	0.192333	0.0254204	-0.164265	-0.363528	-0.552868	-0.699598	-0.785408	-0.813918	-0.783592	-0.705807	-0.588773	-0.453158	-0.311686	-0.177908	-0.0772336	-0.0216567	-0.0104547	-0.0442383	-0.0973706	-0.159867	-0.233724	-0.289249	-0.321427	-0.34827	-0.353014	-0.335228	-0.32135	-0.337923	-0.377241	-0.433695	-0.505434	-0.571771	-0.620074	-0.635911	-0.606655	-0.532082	-0.410693	-0.250717	-0.0632821	0.121689	0.286441	
0.684685	0.684685	0.681668	0.673974	0.661711	0.648377	0.625434	0.587256	0.519056	0.414674	0.263651	0.0799055	-0.122592	-0.314535	-0.471494	-0.581672	-0.644769	-0.645191	-0.588773	-0.500008	-0.389867	-0.268971	-0.151303	-0.0584525	0.00650531	0.0391985	0.033929	5.13938e-05	-0.0600519	-0.14242	-0.209315	-0.253714	-0.298326	-0.328939	-0.337067	-0.346422	-0.369466	-0.410865	-0.469331	-0.547194	-0.616477	-0.654899	-0.649866	-0.601657	-0.504328	-0.365571	-0.191501	0.00121163	0.190692	0.359121	
0.675621	0.675621	0.686122	0.691676	0.6986	0.712135	0.719011	0.71938	0.687883	0.610632	0.479715	0.307574	0.111144	-0.0776576	-0.244228	-0.369324	-0.451876	-0.479457	-0.453158	-0.389867	-0.300959	-0.19564	-0.0898745	0.00266068	0.0777591	0.129566	0.148427	0.129168	0.0820328	0.0137904	-0.0599931	-0.129521	-0.200588	-0.263943	-0.308236	-0.347844	-0.391054	-0.443947	-0.51769	-0.60648	-0.674592	-0.701747	-0.673603	-0.601189	-0.492683	-0.343582	-0.157611	0.045324	0.244466	0.418601	
0.658649	0.658649	0.670879	0.683419	0.70973	0.752655	0.789232	0.815067	0.804378	0.749771	0.646473	0.498939	0.32102	0.139875	-0.0355321	-0.175554	-0.267681	-0.312235	-0.311686	-0.268971	-0.19564	-0.108329	-0.0129187	0.0859322	0.176858	0.246335	0.283581	0.286208	0.261408	0.206517	0.127221	0.0335713	-0.0700733	-0.173251	-0.26114	-0.333311	-0.404234	-0.488963	-0.585048	-0.675701	-0.73576	-0.751842	-0.705937	-0.615809	-0.49358	-0.329478	-0.128009	0.0856384	0.289048	0.463981	
0.634906	0.634906	0.641292	0.662872	0.705478	0.762606	0.820855	0.865173	0.869649	0.834355	0.753025	0.625197	0.468141	0.300339	0.130685	-0.0120377	-0.111196	-0.165418	-0.177908	-0.151303	-0.0898745	-0.0129187	0.0793701	0.18291	0.290581	0.385631	0.445584	0.469249	0.459805	0.40649	0.316985	0.20857	0.0789709	-0.0573813	-0.190944	-0.308225	-0.417585	-0.535868	-0.650026	-0.743521	-0.794694	-0.79918	-0.746678	-0.644071	-0.501491	-0.317081	-0.104499	0.111284	0.314756	0.491245	
0.595045	0.595045	0.598857	0.62709	0.677742	0.738698	0.808036	0.866062	0.88343	0.857861	0.788228	0.673899	0.531301	0.373875	0.225176	0.0956229	-0.00548209	-0.0634202	-0.0772336	-0.0584525	0.00266068	0.0859322	0.18291	0.292854	0.412969	0.52847	0.60779	0.643488	0.646581	0.599822	0.508479	0.383977	0.234389	0.070949	-0.0980181	-0.267099	-0.422984	-0.569342	-0.696994	-0.796989	-0.846956	-0.846797	-0.794959	-0.687833	-0.529228	-0.338724	-0.129032	0.0864311	0.299233	0.486627	
0.524382	0.524382	0.534568	0.567275	0.621944	0.68415	0.75183	0.814632	0.840893	0.818483	0.751531	0.642947	0.507183	0.365866	0.23553	0.121032	0.0312321	-0.0146127	-0.0216567	0.00650531	0.0777591	0.176858	0.290581	0.412969	0.539715	0.662458	0.749997	0.796021	0.811241	0.773249	0.684485	0.555887	0.386789	0.203471	0.0117261	-0.192607	-0.391792	-0.567615	-0.716909	-0.830962	-0.894139	-0.903927	-0.854219	-0.7513	-0.596672	-0.405274	-0.202759	0.00893828	0.229828	0.433908	
0.435104	0.435104	0.452465	0.48683	0.543469	0.611676	0.680897	0.737843	0.755836	0.726182	0.660189	0.553666	0.420753	0.292551	0.176805	0.0771614	0.00970795	-0.0182761	-0.0104547	0.0391985	0.129566	0.246335	0.385631	0.52847	0.662458	0.781339	0.872617	0.929213	0.947041	0.909819	0.832444	0.714467	0.544964	0.349766	0.140757	-0.0845503	-0.312984	-0.523856	-0.700544	-0.836917	-0.92507	-0.958328	-0.924489	-0.835676	-0.696775	-0.513621	-0.313968	-0.104456	0.123307	0.341935	
0.359605	0.359605	0.376015	0.413726	0.474366	0.550973	0.62122	0.66718	0.668088	0.626918	0.547997	0.438998	0.311243	0.18801	0.0754602	-0.00831357	-0.0539488	-0.0687675	-0.0442383	0.033929	0.148427	0.283581	0.445584	0.60779	0.749997	0.872617	0.969005	1.02898	1.04718	1.01615	0.955237	0.854834	0.696924	0.500575	0.283763	0.0400349	-0.212469	-0.449328	-0.6534	-0.817697	-0.930828	-0.995538	-0.990972	-0.92471	-0.812504	-0.653353	-0.45322	-0.237294	-0.00590524	0.219785	
0.293624	0.293624	0.314117	0.35857	0.422211	0.501742	0.573878	0.608396	0.598408	0.550332	0.455956	0.333346	0.203682	0.077618	-0.0364643	-0.106515	-0.137774	-0.139528	-0.0973706	5.13938e-05	0.129168	0.286208	0.469249	0.643488	0.796021	0.929213	1.02898	1.08877	1.11661	1.10036	1.05492	0.969183	0.81856	0.629947	0.414854	0.158806	-0.111596	-0.362595	-0.592641	-0.785316	-0.919811	-1.0067	-1.03549	-1.00239	-0.92001	-0.786137	-0.594594	-0.373099	-0.144025	0.0848455	
0.241982	0.241982	0.267881	0.322609	0.395587	0.476731	0.543853	0.575741	0.559285	0.500457	0.396151	0.262206	0.117479	-0.0154332	-0.124798	-0.191135	-0.219953	-0.212683	-0.159867	-0.0600519	0.0820328	0.261408	0.459805	0.646581	0.811241	0.947041	1.04718	1.11661	1.15998	1.16184	1.12714	1.04864	0.905911	0.724805	0.513096	0.256912	-0.0176185	-0.282344	-0.529055	-0.741741	-0.893917	-0.995366	-1.04935	-1.05056	-0.993279	-0.878093	-0.703718	-0.489432	-0.259362	-0.0334126	
0.209156	0.209156	0.245241	0.312282	0.401094	0.486912	0.545043	0.573822	0.551932	0.478591	0.371172	0.234008	0.075141	-0.0653352	-0.176493	-0.253373	-0.285843	-0.277351	-0.233724	-0.14242	0.0137904	0.206517	0.40649	0.599822	0.773249	0.909819	1.01615	1.10036	1.16184	1.18001	1.15395	1.08459	0.959205	0.788589	0.58396	0.336686	0.0654347	-0.204328	-0.452352	-0.669187	-0.841532	-0.962368	-1.03377	-1.06373	-1.03723	-0.939667	-0.779007	-0.576514	-0.344807	-0.124822	
0.211757	0.211757	0.25452	0.328932	0.427126	0.517291	0.574101	0.597166	0.569576	0.490779	0.386844	0.247098	0.0817356	-0.0676042	-0.190443	-0.284607	-0.326063	-0.321392	-0.289249	-0.209315	-0.0599931	0.127221	0.316985	0.508479	0.684485	0.832444	0.955237	1.05492	1.12714	1.15395	1.13839	1.08687	0.986796	0.837396	0.643352	0.406083	0.143095	-0.117897	-0.356635	-0.568971	-0.751953	-0.890052	-0.981227	-1.03811	-1.03538	-0.949515	-0.799298	-0.604014	-0.3794	-0.165912	
0.259527	0.259527	0.30058	0.375047	0.471792	0.561922	0.621721	0.639711	0.611166	0.539074	0.43602	0.298148	0.136122	-0.026038	-0.164777	-0.268228	-0.329876	-0.347356	-0.321427	-0.253714	-0.129521	0.0335713	0.20857	0.383977	0.555887	0.714467	0.854834	0.969183	1.04864	1.08459	1.08687	1.05943	0.983346	0.859375	0.683552	0.461879	0.220733	-0.0186865	-0.244509	-0.451478	-0.634189	-0.784153	-0.899691	-0.967248	-0.967188	-0.892288	-0.751476	-0.560744	-0.347045	-0.144441	
0.340303	0.340303	0.384282	0.461695	0.553453	0.636872	0.692833	0.703747	0.675655	0.612221	0.514717	0.382679	0.228327	0.0573563	-0.0985556	-0.218279	-0.300511	-0.347609	-0.34827	-0.298326	-0.200588	-0.0700733	0.0789709	0.234389	0.386789	0.544964	0.696924	0.81856	0.905911	0.959205	0.986796	0.983346	0.933443	0.833496	0.686874	0.498274	0.291599	0.0846069	-0.121789	-0.321927	-0.503952	-0.663106	-0.785105	-0.846256	-0.846063	-0.785357	-0.653654	-0.470812	-0.272127	-0.077666	
0.445678	0.445678	0.494889	0.574724	0.665739	0.745207	0.790097	0.791386	0.76081	0.702679	0.613708	0.4875	0.330201	0.156005	-0.0134395	-0.155471	-0.257596	-0.325024	-0.353014	-0.328939	-0.263943	-0.173251	-0.0573813	0.070949	0.203471	0.349766	0.500575	0.629947	0.724805	0.788589	0.837396	0.859375	0.833496	0.763101	0.652696	0.510391	0.351626	0.181811	0.00276358	-0.176389	-0.354279	-0.516921	-0.634062	-0.695088	-0.700079	-0.641818	-0.520637	-0.355314	-0.16581	0.0280868	
0.56047	0.56047	0.611584	0.693778	0.78707	0.861449	0.89807	0.896076	0.860588	0.794447	0.7103	0.588451	0.419635	0.232654	0.0507379	-0.109233	-0.222645	-0.293328	-0.335228	-0.337067	-0.308236	-0.26114	-0.190944	-0.0980181	0.0117261	0.140757	0.283763	0.414854	0.513096	0.58396	0.643352	0.683552	0.686874	0.652696	0.586287	0.497678	0.38851	0.261728	0.122942	-0.025984	-0.18698	-0.342295	-0.462012	-0.532116	-0.544872	-0.490259	-0.383522	-0.231612	-0.0456264	0.142354	
0.672152	0.672152	0.718576	0.80441	0.89982	0.972228	1.00035	0.991834	0.945845	0.873622	0.77898	0.65118	0.470207	0.268755	0.0759704	-0.0893615	-0.20716	-0.277139	-0.32135	-0.346422	-0.347844	-0.333311	-0.308225	-0.267099	-0.192607	-0.0845503	0.0400349	0.158806	0.256912	0.336686	0.406083	0.461879	0.498274	0.510391	0.497678	0.455683	0.397332	0.325594	0.232242	0.113158	-0.0206723	-0.157933	-0.278292	-0.361318	-0.383753	-0.347509	-0.262107	-0.12753	0.0511101	0.232736	
0.774001	0.774001	0.818581	0.904711	0.993363	1.05331	1.07521	1.05187	0.992253	0.908048	0.795582	0.649341	0.46524	0.259571	0.0627213	-0.0985974	-0.21462	-0.288649	-0.337923	-0.369466	-0.391054	-0.404234	-0.417585	-0.422984	-0.391792	-0.312984	-0.212469	-0.111596	-0.0176185	0.0654347	0.143095	0.220733	0.291599	0.351626	0.38851	0.397332	0.394569	0.380881	0.328668	0.239084	0.131578	0.0115814	-0.105245	-0.189057	-0.221179	-0.204826	-0.142599	-0.0221559	0.139184	0.309812	
0.864174	0.864174	0.900506	0.971098	1.04133	1.08563	1.08859	1.04463	0.964098	0.865277	0.740472	0.588532	0.405147	0.20326	0.00741624	-0.149281	-0.255956	-0.327726	-0.377241	-0.410865	-0.443947	-0.488963	-0.535868	-0.569342	-0.567615	-0.523856	-0.449328	-0.362595	-0.282344	-0.204328	-0.117897	-0.0186865	0.0846069	0.181811	0.261728	0.325594	0.380881	0.41034	0.397649	0.344148	0.264701	0.1622	0.0559517	-0.0229575	-0.0636166	-0.0628604	-0.0101234	0.0968447	0.2373	0.384719	
0.920703	0.920703	0.950817	0.993818	1.03093	1.04573	1.01772	0.949376	0.853489	0.74546	0.620173	0.469762	0.294481	0.103968	-0.0877028	-0.239545	-0.330693	-0.389599	-0.433695	-0.469331	-0.51769	-0.585048	-0.650026	-0.696994	-0.716909	-0.700544	-0.6534	-0.592641	-0.529055	-0.452352	-0.356635	-0.244509	-0.121789	0.00276358	0.122942	0.232242	0.328668	0.397649	0.424876	0.413056	0.372043	0.301435	0.218558	0.144879	0.0940108	0.086962	0.135237	0.225767	0.337212	0.451292	
0.938514	0.938514	0.954251	0.961089	0.959501	0.941404	0.883937	0.791964	0.682512	0.567881	0.447719	0.306195	0.139392	-0.0434679	-0.216476	-0.346039	-0.424986	-0.472103	-0.505434	-0.547194	-0.60648	-0.675701	-0.743521	-0.796989	-0.830962	-0.836917	-0.817697	-0.785316	-0.741741	-0.669187	-0.568971	-0.451478	-0.321927	-0.176389	-0.025984	0.113158	0.239084	0.344148	0.413056	0.443826	0.444485	0.414814	0.361899	0.302573	0.257202	0.249391	0.284723	0.358134	0.443587	0.51967	
0.883996	0.883996	0.883072	0.865637	0.835143	0.785492	0.703214	0.596906	0.479093	0.358448	0.235804	0.102632	-0.0502277	-0.216899	-0.362307	-0.462329	-0.52266	-0.550652	-0.571771	-0.616477	-0.674592	-0.73576	-0.794694	-0.846956	-0.894139	-0.92507	-0.930828	-0.919811	-0.893917	-0.841532	-0.751953	-0.634189	-0.503952	-0.354279	-0.18698	-0.0206723	0.131578	0.264701	0.372043	0.444485	0.485486	0.497804	0.476452	0.438124	0.410881	0.408762	0.437977	0.493856	0.548794	0.583489	
0.745833	0.745833	0.730953	0.703835	0.661254	0.592848	0.498162	0.385804	0.260469	0.134704	0.0118494	-0.115246	-0.254863	-0.397949	-0.510436	-0.579063	-0.611257	-0.614125	-0.620074	-0.654899	-0.701747	-0.751842	-0.79918	-0.846797	-0.903927	-0.958328	-0.995538	-1.0067	-0.995366	-0.962368	-0.890052	-0.784153	-0.663106	-0.516921	-0.342295	-0.157933	0.0115814	0.1622	0.301435	0.414814	0.497804	0.545144	0.552935	0.538874	0.532292	0.540728	0.567127	0.608927	0.644341	0.65011	
0.543052	0.543052	0.519089	0.483937	0.436604	0.366312	0.277273	0.171419	0.0506709	-0.0745566	-0.198452	-0.321545	-0.443413	-0.558311	-0.639536	-0.672221	-0.668746	-0.645909	-0.635911	-0.649866	-0.673603	-0.705937	-0.746678	-0.794959	-0.854219	-0.924489	-0.990972	-1.03549	-1.04935	-1.03377	-0.981227	-0.899691	-0.785105	-0.634062	-0.462012	-0.278292	-0.105245	0.0559517	0.218558	0.361899	0.476452	0.552935	0.59675	0.61775	0.63288	0.652066	0.677867	0.712067	0.730439	0.717094	
0.310215	0.310215	0.280883	0.239214	0.19021	0.130991	0.0582883	-0.0279952	-0.135927	-0.24988	-0.36736	-0.478322	-0.580024	-0.66369	-0.720735	-0.727936	-0.689767	-0.63613	-0.606655	-0.601657	-0.601189	-0.615809	-0.644071	-0.687833	-0.7513	-0.835676	-0.92471	-1.00239	-1.05056	-1.06373	-1.03811	-0.967248	-0.846256	-0.695088	-0.532116	-0.361318	-0.189057	-0.0229575	0.144879	0.302573	0.438124	0.538874	0.61775	0.673096	0.708802	0.743139	0.779086	0.804283	0.808189	0.778517	
0.0735651	0.0735651	0.0532867	0.0139068	-0.0322143	-0.075155	-0.129297	-0.198665	-0.287397	-0.376408	-0.467519	-0.558242	-0.643961	-0.703668	-0.736392	-0.723833	-0.664937	-0.585797	-0.532082	-0.504328	-0.492683	-0.49358	-0.501491	-0.529228	-0.596672	-0.696775	-0.812504	-0.92001	-0.993279	-1.03723	-1.03538	-0.967188	-0.846063	-0.700079	-0.544872	-0.383753	-0.221179	-0.0636166	0.0940108	0.257202	0.410881	0.532292	0.63288	0.708802	0.76804	0.819284	0.861816	0.880999	0.87595	0.839561	
-0.122679	-0.122679	-0.138106	-0.168866	-0.202876	-0.233316	-0.268261	-0.311812	-0.372244	-0.436678	-0.497034	-0.560924	-0.630252	-0.67744	-0.688912	-0.653057	-0.575752	-0.484533	-0.410693	-0.365571	-0.343582	-0.329478	-0.317081	-0.338724	-0.405274	-0.513621	-0.653353	-0.786137	-0.878093	-0.939667	-0.949515	-0.892288	-0.785357	-0.641818	-0.490259	-0.347509	-0.204826	-0.0628604	0.086962	0.249391	0.408762	0.540728	0.652066	0.743139	0.819284	0.878603	0.925378	0.948063	0.941617	0.889952	
-0.227786	-0.227786	-0.247216	-0.271437	-0.294225	-0.314343	-0.32843	-0.34099	-0.36875	-0.407417	-0.448407	-0.494861	-0.546905	-0.581488	-0.578652	-0.523163	-0.432642	-0.336185	-0.250717	-0.191501	-0.157611	-0.128009	-0.104499	-0.129032	-0.202759	-0.313968	-0.45322	-0.594594	-0.703718	-0.779007	-0.799298	-0.751476	-0.653654	-0.520637	-0.383522	-0.262107	-0.142599	-0.0101234	0.135237	0.284723	0.437977	0.567127	0.677867	0.779086	0.861816	0.925378	0.97699	1.00329	0.993524	0.932079	
-0.218947	-0.218947	-0.241901	-0.265839	-0.283227	-0.289376	-0.287587	-0.282223	-0.28453	-0.298294	-0.328724	-0.363587	-0.39611	-0.41729	-0.409178	-0.351691	-0.25813	-0.156693	-0.0632821	0.00121163	0.045324	0.0856384	0.111284	0.0864311	0.00893828	-0.104456	-0.237294	-0.373099	-0.489432	-0.576514	-0.604014	-0.560744	-0.470812	-0.355314	-0.231612	-0.12753	-0.0221559	0.0968447	0.225767	0.358134	0.493856	0.608927	0.712067	0.804283	0.880999	0.948063	1.00329	1.02957	1.01952	0.958838	
-0.0977305	-0.0977305	-0.121352	-0.148899	-0.166104	-0.168338	-0.158497	-0.145821	-0.138243	-0.144541	-0.161639	-0.184414	-0.205969	-0.214051	-0.201402	-0.154263	-0.0695428	0.0321082	0.121689	0.190692	0.244466	0.289048	0.314756	0.299233	0.229828	0.123307	-0.00590524	-0.144025	-0.259362	-0.344807	-0.3794	-0.347045	-0.272127	-0.16581	-0.0456264	0.0511101	0.139184	0.2373	0.337212	0.443587	0.548794	0.644341	0.730439	0.808189	0.87595	0.941617	0.993524	1.01952	1.01897	0.976458	
0.0899571	0.0899571	0.0728268	0.0461515	0.021104	0.00946267	0.0118943	0.0211303	0.0245428	0.0246897	0.0243033	0.00935953	-0.0125442	-0.0161164	-0.00219219	0.038683	0.116196	0.205233	0.286441	0.359121	0.418601	0.463981	0.491245	0.486627	0.433908	0.341935	0.219785	0.0848455	-0.0334126	-0.124822	-0.165912	-0.144441	-0.077666	0.0280868	0.142354	0.232736	0.309812	0.384719	0.451292	0.51967	0.583489	0.65011	0.717094	0.778517	0.839561	0.889952	0.932079	0.958838	0.976458	0.964414	
