-0.0775018	-0.0775018	-0.249837	0.489251	0.453529	0.543308	
-0.0775018	-0.0775018	-0.249837	0.489251	0.453529	0.543308	
-0.249837	-0.249837	-0.400882	0.276461	0.15138	0.738552	
0.489251	0.489251	0.276461	0.668458	0.785352	0.455348	
0.453529	0.453529	0.15138	0.785352	0.312775	1.3113	
0.543308	0.543308	0.738552	0.455348	1.3113	0.919824	
