0.156585	0.156585	-0.045436	0.345079	0.137804	-0.108965	
0.156585	0.156585	-0.045436	0.345079	0.137804	-0.108965	
-0.045436	-0.045436	-0.698485	0.436229	0.286212	-0.129395	
0.345079	0.345079	0.436229	0.838815	-0.541342	0.498088	
0.137804	0.137804	0.286212	-0.541342	0.820915	0.70684	
-0.108965	-0.108965	-0.129395	0.498088	0.70684	-0.263864	
