-0.809358	-0.712597	-0.544202	-0.330962	-0.0837119	0.196857	0.476022	0.73135	0.959404	1.13352	1.2263	1.24383	1.19902	1.08504	0.89807	0.665734	0.437692	0.254945	0.13205	0.061169	0.0255016	0.00962797	0.00331085	0.00104249	0.000301991	8.08298e-05	2.00668e-05	4.63689e-06	1.00043e-06	2.02116e-07	3.83354e-08	6.84265e-09	1.15193e-09	1.83264e-10	2.76053e-11	3.94387e-12	5.35261e-13	6.9115e-14	8.5026e-15	9.9787e-16	1.1186e-16	1.1991e-17	1.23053e-18	1.21013e-19	1.14157e-20	1.03395e-21	8.99935e-23	7.53694e-24	6.54116e-25	6.54116e-25	
-0.712597	-0.553602	-0.348554	-0.117257	0.148203	0.424657	0.677923	0.904682	1.09263	1.20931	1.24673	1.22119	1.13532	0.979169	0.763778	0.530617	0.326725	0.178613	0.0871172	0.0381406	0.0150823	0.00541908	0.00177882	0.000536095	0.000149004	3.83488e-05	9.17239e-06	2.04558e-06	4.26627e-07	8.34366e-08	1.53398e-08	2.6572e-09	4.34588e-10	6.72388e-11	9.85888e-12	1.37221e-12	1.81582e-13	2.28774e-14	2.74798e-15	3.15096e-16	3.45311e-17	3.6208e-18	3.63651e-19	3.50176e-20	3.2361e-21	2.87262e-22	2.4515e-23	2.01382e-24	1.71276e-25	1.71276e-25	
-0.544202	-0.348554	-0.128018	0.12304	0.392289	0.642591	0.864295	1.05619	1.19012	1.24559	1.23457	1.16883	1.04016	0.84693	0.618149	0.400725	0.230537	0.118132	0.0542193	0.0224262	0.00840963	0.0028751	0.000900758	0.00025981	6.92802e-05	1.71438e-05	3.95032e-06	8.50207e-07	1.71397e-07	3.24479e-08	5.78217e-09	9.71977e-10	1.54435e-10	2.32361e-11	3.31625e-12	4.49667e-13	5.80148e-14	7.13168e-15	8.36405e-16	9.37007e-17	1.00385e-17	1.02961e-18	1.01202e-19	9.54215e-21	8.63857e-22	7.51544e-23	6.28848e-24	5.06684e-25	4.22313e-26	4.22313e-26	
-0.330962	-0.117257	0.12304	0.381139	0.624993	0.840079	1.02931	1.17234	1.24223	1.24276	1.19063	1.08359	0.913169	0.695502	0.4723	0.284874	0.152929	0.0734224	0.0317101	0.0123931	0.00440792	0.00143426	0.000428971	0.000118441	3.03062e-05	7.21188e-06	1.60115e-06	3.32614e-07	6.48219e-08	1.18802e-08	2.05218e-09	3.34798e-10	5.1683e-11	7.56263e-12	1.05067e-12	1.38801e-13	1.74608e-14	2.09442e-15	2.39845e-16	2.62531e-17	2.74974e-18	2.75881e-19	2.65399e-20	2.45037e-21	2.17325e-22	1.85309e-23	1.52035e-24	1.20159e-25	9.81533e-27	9.81533e-27	
-0.0837119	0.148203	0.392289	0.624993	0.832073	1.01519	1.15979	1.23843	1.24766	1.20455	1.11296	0.962753	0.759572	0.537163	0.338156	0.189521	0.094924	0.0427163	0.0173702	0.00641875	0.00216675	0.00067139	0.0001918	5.07167e-05	1.24579e-05	2.85194e-06	6.10283e-07	1.22403e-07	2.30671e-08	4.09381e-09	6.85652e-10	1.08584e-10	1.62888e-11	2.31847e-12	3.13602e-13	4.03695e-14	4.95239e-15	5.7972e-16	6.48316e-17	6.93445e-18	7.10163e-19	6.9705e-20	6.56366e-21	5.93471e-22	5.15701e-23	4.31021e-24	3.4677e-25	2.68851e-26	2.15255e-27	2.15255e-27	
0.196857	0.424657	0.642591	0.840079	1.01519	1.15527	1.23596	1.25026	1.21293	1.13159	0.997323	0.808963	0.59192	0.386884	0.225445	0.117422	0.0549191	0.0231902	0.00888904	0.00310908	0.000997063	0.00029447	8.04134e-05	2.03781e-05	4.80826e-06	1.05952e-06	2.18637e-07	4.23572e-08	7.72198e-09	1.32756e-09	2.15658e-10	3.31631e-11	4.83574e-12	6.69698e-13	8.8216e-14	1.1068e-14	1.32438e-15	1.51325e-16	1.65295e-17	1.72798e-18	1.73058e-19	1.66204e-20	1.53212e-21	1.35684e-22	1.15533e-23	9.46621e-25	7.46907e-26	5.68126e-27	4.45906e-28	4.45906e-28	
0.476022	0.677923	0.864295	1.02931	1.15979	1.23596	1.25107	1.2169	1.14186	1.01892	0.843565	0.634287	0.427957	0.258081	0.139268	0.0675036	0.0295316	0.011721	0.00424169	0.00140626	0.000428981	0.000120892	3.15884e-05	7.67855e-06	1.7417e-06	3.69675e-07	7.3609e-08	1.37825e-08	2.43192e-09	4.05202e-10	6.38706e-11	9.54091e-12	1.35282e-12	1.82349e-13	2.33989e-14	2.86215e-15	3.34145e-16	3.72763e-17	3.97803e-18	4.06532e-19	3.9824e-20	3.74306e-21	3.37854e-22	2.93103e-23	2.44597e-24	1.96499e-25	1.52077e-26	1.13504e-27	8.73448e-29	8.73448e-29	
0.73135	0.904682	1.05619	1.17234	1.23843	1.25026	1.2169	1.14514	1.02925	0.86392	0.662979	0.458942	0.284972	0.158677	0.0794483	0.0359185	0.0147316	0.00550732	0.00188521	0.00059342	0.000172447	4.64321e-05	1.16223e-05	2.71267e-06	5.92043e-07	1.21137e-07	2.32916e-08	4.21765e-09	7.20731e-10	1.16446e-10	1.78192e-11	2.58687e-12	3.56818e-13	4.68303e-14	5.856e-15	6.98582e-16	7.95965e-17	8.67203e-18	9.04396e-19	9.03747e-20	8.66162e-21	7.96913e-22	7.04461e-23	5.98817e-24	4.8985e-25	3.85912e-26	2.93009e-27	2.14621e-28	1.61959e-29	1.61959e-29	
0.959404	1.09263	1.19012	1.24223	1.24766	1.21293	1.14186	1.02925	0.870623	0.677419	0.478165	0.304092	0.173956	0.0896575	0.0417727	0.0176659	0.00681076	0.00240396	0.000780008	0.000233546	6.47569e-05	1.66826e-05	4.00516e-06	8.98592e-07	1.8889e-07	3.72902e-08	6.92904e-09	1.21432e-09	2.01094e-10	3.1524e-11	4.68572e-12	6.61419e-13	8.87917e-14	1.13516e-14	1.38383e-15	1.61057e-16	1.7916e-17	1.90693e-18	1.94406e-19	1.90012e-20	1.78218e-21	1.60548e-22	1.39026e-23	1.15819e-24	9.28916e-26	7.17806e-27	5.34776e-28	3.84493e-29	2.84589e-30	2.84589e-30	
1.13352	1.20931	1.24559	1.24276	1.20455	1.13159	1.01892	0.86392	0.677419	0.484674	0.314016	0.183724	0.0971201	0.0464966	0.0202289	0.0080281	0.00291767	0.00097476	0.000300452	8.57339e-05	2.27204e-05	5.6086e-06	1.29319e-06	2.79219e-07	5.65894e-08	1.07891e-08	1.93904e-09	3.29129e-10	5.28564e-11	8.04458e-12	1.16215e-12	1.59592e-13	2.08615e-14	2.59914e-15	3.09026e-16	3.51029e-17	3.81373e-18	3.96701e-19	3.95469e-20	3.78182e-21	3.47229e-22	3.06354e-23	2.59942e-24	2.12278e-25	1.66968e-26	1.2658e-27	9.25533e-29	6.53308e-30	4.74391e-31	4.74391e-31	
1.2263	1.24673	1.23457	1.19063	1.11296	0.997323	0.843565	0.662979	0.478165	0.314016	0.187084	0.101061	0.049569	0.0221328	0.00902488	0.00337222	0.00115868	0.000367332	0.000107796	2.93717e-05	7.45218e-06	1.76536e-06	3.91447e-07	8.14357e-08	1.59298e-08	2.93591e-09	5.10791e-10	8.40396e-11	1.30976e-11	1.93664e-12	2.72078e-13	3.63689e-14	4.63156e-15	5.62626e-16	6.52704e-17	7.23929e-18	7.68449e-19	7.81457e-20	7.62038e-21	7.13215e-22	6.41223e-23	5.5424e-24	4.60919e-25	3.69075e-26	2.84758e-27	2.11839e-28	1.52051e-29	1.05394e-30	7.5097e-32	7.5097e-32	
1.24383	1.22119	1.16883	1.08359	0.962753	0.808963	0.634287	0.458942	0.304092	0.183724	0.101061	0.0506352	0.0231483	0.00967974	0.00371311	0.00131059	0.000426956	0.000128764	3.60541e-05	9.39854e-06	2.28686e-06	5.2066e-07	1.11174e-07	2.23111e-08	4.21684e-09	7.52009e-10	1.26766e-10	2.02326e-11	3.06234e-12	4.402e-13	6.01796e-14	7.83468e-15	9.72542e-16	1.15245e-16	1.30511e-17	1.41398e-18	1.46705e-19	1.45906e-20	1.39226e-21	1.27574e-22	1.12346e-23	9.51601e-25	7.75848e-26	6.09312e-27	4.61257e-28	3.36802e-29	2.37363e-30	1.61596e-31	1.13013e-32	1.13013e-32	
1.19902	1.13532	1.04016	0.913169	0.759572	0.59192	0.427957	0.284972	0.173956	0.0971201	0.049569	0.0231483	0.00990813	0.003896	0.00141097	0.000471916	0.000146165	4.20356e-05	1.12541e-05	2.81195e-06	6.57245e-07	1.44027e-07	2.96532e-08	5.74746e-09	1.05068e-09	1.8148e-10	2.96665e-11	4.59696e-12	6.76211e-13	9.45609e-14	1.25873e-14	1.59694e-15	1.93329e-16	2.23586e-17	2.47284e-18	2.61815e-19	2.65619e-20	2.58456e-21	2.41414e-22	2.16644e-23	1.86935e-24	1.55211e-25	1.24097e-26	9.56124e-28	7.10345e-29	5.09223e-30	3.52451e-31	2.35725e-32	1.61842e-33	1.61842e-33	
1.08504	0.979169	0.84693	0.695502	0.537163	0.386884	0.258081	0.158677	0.0896575	0.0464966	0.0221328	0.00967974	0.003896	0.00144609	0.000496119	0.000157702	4.65594e-05	1.27978e-05	3.28279e-06	7.87595e-07	1.77114e-07	3.74098e-08	7.43612e-09	1.39359e-09	2.46669e-10	4.13047e-11	6.55346e-12	9.86665e-13	1.41158e-13	1.92157e-14	2.4921e-15	3.08286e-16	3.64176e-17	4.11252e-18	4.44415e-19	4.60019e-20	4.56535e-21	4.34779e-22	3.97674e-23	3.49624e-24	2.95684e-25	2.40728e-26	1.88803e-27	1.42747e-28	1.04108e-29	7.32882e-31	4.98287e-32	3.27468e-33	2.20775e-34	2.20775e-34	
0.89807	0.763778	0.618149	0.4723	0.338156	0.225445	0.139268	0.0794483	0.0417727	0.0202289	0.00902488	0.00371311	0.00141097	0.000496119	0.000161745	4.8999e-05	1.3823e-05	3.63934e-06	8.96121e-07	2.0679e-07	4.48094e-08	9.13502e-09	1.75523e-09	3.18413e-10	5.46246e-11	8.87566e-12	1.36794e-12	2.00262e-13	2.78847e-14	3.69761e-15	4.67501e-16	5.64216e-17	6.50702e-18	7.17859e-19	7.58307e-20	7.67728e-21	7.45616e-22	6.95248e-23	6.22926e-24	5.36717e-25	4.45033e-26	3.55376e-27	2.73485e-28	2.02962e-29	1.45347e-30	1.00502e-31	6.7139e-33	4.33656e-34	2.87159e-35	2.87159e-35	
0.665734	0.530617	0.400725	0.284874	0.189521	0.117422	0.0675036	0.0359185	0.0176659	0.0080281	0.00337222	0.00131059	0.000471916	0.000157702	4.8999e-05	1.41826e-05	3.83177e-06	9.68235e-07	2.29266e-07	5.09684e-08	1.06575e-08	2.09974e-09	3.90449e-10	6.86356e-11	1.14232e-11	1.80265e-12	2.70103e-13	3.84782e-14	5.21813e-15	6.74453e-16	8.31808e-17	9.79944e-18	1.10392e-18	1.19032e-19	1.22968e-20	1.21818e-21	1.15825e-22	1.05783e-23	9.28764e-25	7.84501e-26	6.37967e-27	4.99828e-28	3.77531e-29	2.75089e-30	1.93487e-31	1.31445e-32	8.62974e-34	5.47955e-35	3.56469e-36	3.56469e-36	
0.437692	0.326725	0.230537	0.152929	0.094924	0.0549191	0.0295316	0.0147316	0.00681076	0.00291767	0.00115868	0.000426956	0.000146165	4.65594e-05	1.3823e-05	3.83177e-06	9.93531e-07	2.41398e-07	5.50601e-08	1.18099e-08	2.38619e-09	4.54904e-10	8.19554e-11	1.39744e-11	2.25847e-12	3.46436e-13	5.05046e-14	7.00625e-15	9.25994e-16	1.16734e-16	1.40517e-17	1.6168e-18	1.77997e-19	1.87678e-20	1.89693e-21	1.83954e-22	1.71297e-23	1.53291e-24	1.31931e-25	1.09284e-26	8.71872e-28	6.70394e-29	4.97131e-30	3.55751e-31	2.45821e-32	1.64111e-33	1.05913e-34	6.61251e-36	4.22712e-37	4.22712e-37	
0.254945	0.178613	0.118132	0.0734224	0.0427163	0.0231902	0.011721	0.00550732	0.00240396	0.00097476	0.000367332	0.000128764	4.20356e-05	1.27978e-05	3.63934e-06	9.68235e-07	2.41398e-07	5.64952e-08	1.24318e-08	2.57637e-09	5.03642e-10	9.30134e-11	1.62525e-11	2.69071e-12	4.22648e-13	6.30703e-14	8.95263e-15	1.21026e-15	1.55992e-16	1.91914e-17	2.256e-18	2.53655e-19	2.73043e-20	2.81646e-21	2.78639e-22	2.64615e-23	2.41418e-24	2.1176e-25	1.78716e-26	1.45223e-27	1.13699e-28	8.58248e-30	6.25002e-31	4.39366e-32	2.98333e-33	1.95772e-34	1.24226e-35	7.62779e-37	4.79268e-38	4.79268e-38	
0.13205	0.0871172	0.0542193	0.0317101	0.0173702	0.00888904	0.00424169	0.00188521	0.000780008	0.000300452	0.000107796	3.60541e-05	1.12541e-05	3.28279e-06	8.96121e-07	2.29266e-07	5.50601e-08	1.24318e-08	2.64305e-09	5.29923e-10	1.00347e-10	1.79726e-11	3.04888e-12	4.90542e-13	7.49522e-14	1.08895e-14	1.50614e-15	1.98542e-16	2.4972e-17	2.99999e-18	3.44582e-19	3.78783e-20	3.98855e-21	4.02674e-22	3.90098e-23	3.62936e-24	3.24536e-25	2.79125e-26	2.31074e-27	1.84256e-28	1.41611e-29	1.04968e-30	7.50881e-32	5.18676e-33	3.46162e-34	2.23338e-35	1.39372e-36	8.4182e-38	5.19995e-39	5.19995e-39	
0.061169	0.0381406	0.0224262	0.0123931	0.00641875	0.00310908	0.00140626	0.00059342	0.000233546	8.57339e-05	2.93717e-05	9.39854e-06	2.81195e-06	7.87595e-07	2.0679e-07	5.09684e-08	1.18099e-08	2.57637e-09	5.29923e-10	1.02917e-10	1.88994e-11	3.28612e-12	5.4172e-13	8.47771e-14	1.26105e-14	1.78507e-15	2.40736e-16	3.09651e-17	3.80281e-18	4.46352e-19	5.01204e-20	5.38914e-21	5.55369e-22	5.49e-23	5.21015e-24	4.7507e-25	4.16511e-26	3.51375e-27	2.85429e-28	2.23408e-29	1.68599e-30	1.22755e-31	8.62809e-33	5.85772e-34	3.8435e-35	2.4386e-36	1.49692e-37	8.89595e-39	5.40342e-40	5.40342e-40	
0.0255016	0.0150823	0.00840963	0.00440792	0.00216675	0.000997063	0.000428981	0.000172447	6.47569e-05	2.27204e-05	7.45218e-06	2.28686e-06	6.57245e-07	1.77114e-07	4.48094e-08	1.06575e-08	2.38619e-09	5.03642e-10	1.00347e-10	1.88994e-11	3.36921e-12	5.69265e-13	9.12757e-14	1.39054e-14	2.01519e-15	2.78127e-16	3.65971e-17	4.59605e-18	5.51439e-19	6.32717e-20	6.9491e-21	7.31215e-22	7.37795e-23	7.14431e-24	6.64456e-25	5.94e-26	5.1079e-27	4.22805e-28	3.37115e-29	2.59084e-30	1.92045e-31	1.37382e-32	9.49021e-34	6.33413e-35	4.08695e-36	2.55061e-37	1.54042e-38	9.00891e-40	5.38196e-41	5.38196e-41	
0.00962797	0.00541908	0.0028751	0.00143426	0.00067139	0.00029447	0.000120892	4.64321e-05	1.66826e-05	5.6086e-06	1.76536e-06	5.2066e-07	1.44027e-07	3.74098e-08	9.13502e-09	2.09974e-09	4.54904e-10	9.30134e-11	1.79726e-11	3.28612e-12	5.69265e-13	9.35501e-14	1.46016e-14	2.16717e-15	3.06206e-16	4.12326e-17	5.29702e-18	6.49876e-19	7.62188e-20	8.55335e-21	9.19276e-22	9.47046e-23	9.35998e-24	8.88195e-25	8.09855e-26	7.10062e-27	5.99083e-28	4.86719e-29	3.81032e-30	2.87615e-31	2.09459e-32	1.47259e-33	1.00002e-34	6.56328e-36	4.16532e-37	2.55751e-38	1.52e-39	8.74987e-41	5.14226e-42	5.14226e-42	
0.00331085	0.00177882	0.000900758	0.000428971	0.0001918	8.04134e-05	3.15884e-05	1.16223e-05	4.00516e-06	1.29319e-06	3.91447e-07	1.11174e-07	2.96532e-08	7.43612e-09	1.75523e-09	3.90449e-10	8.19554e-11	1.62525e-11	3.04888e-12	5.4172e-13	9.12757e-14	1.46016e-14	2.22032e-15	3.21284e-16	4.42893e-17	5.82238e-18	7.307e-19	8.76277e-20	1.00512e-20	1.10374e-21	1.16137e-22	1.1719e-23	1.13498e-24	1.05584e-25	9.44166e-27	8.12188e-28	6.72551e-29	5.36471e-30	4.12479e-31	3.05889e-32	2.18924e-33	1.51302e-34	1.01032e-35	6.52186e-37	4.07203e-38	2.46035e-39	1.43926e-40	8.15663e-42	4.71669e-43	4.71669e-43	
0.00104249	0.000536095	0.00025981	0.000118441	5.07167e-05	2.03781e-05	7.67855e-06	2.71267e-06	8.98592e-07	2.79219e-07	8.14357e-08	2.23111e-08	5.74746e-09	1.39359e-09	3.18413e-10	6.86356e-11	1.39744e-11	2.69071e-12	4.90542e-13	8.47771e-14	1.39054e-14	2.16717e-15	3.21284e-16	4.53574e-17	6.10416e-18	7.83912e-19	9.6161e-20	1.12781e-20	1.26583e-21	1.36083e-22	1.40246e-23	1.38672e-24	1.31658e-25	1.20115e-26	1.05379e-27	8.89666e-29	7.23288e-30	5.66622e-31	4.28003e-32	3.11917e-33	2.19444e-34	1.49125e-35	9.79388e-37	6.21969e-38	3.82133e-39	2.27252e-40	1.30874e-41	7.30332e-43	4.15632e-44	4.15632e-44	
0.000301991	0.000149004	6.92802e-05	3.03062e-05	1.24579e-05	4.80826e-06	1.7417e-06	5.92043e-07	1.8889e-07	5.65894e-08	1.59298e-08	4.21684e-09	1.05068e-09	2.46669e-10	5.46246e-11	1.14232e-11	2.25847e-12	4.22648e-13	7.49522e-14	1.26105e-14	2.01519e-15	3.06206e-16	4.42893e-17	6.10416e-18	8.02491e-19	1.00732e-19	1.20845e-20	1.38682e-21	1.52381e-22	1.60447e-23	1.62026e-24	1.5705e-25	1.46226e-26	1.30879e-27	1.12688e-28	9.34022e-30	7.45746e-31	5.73931e-32	4.26023e-33	3.05189e-34	2.11115e-35	1.411e-36	9.11635e-38	5.69681e-39	3.44489e-40	2.0168e-41	1.14367e-42	6.28551e-44	3.52109e-45	3.52109e-45	
8.08298e-05	3.83488e-05	1.71438e-05	7.21188e-06	2.85194e-06	1.05952e-06	3.69675e-07	1.21137e-07	3.72902e-08	1.07891e-08	2.93591e-09	7.52009e-10	1.8148e-10	4.13047e-11	8.87566e-12	1.80265e-12	3.46436e-13	6.30703e-14	1.08895e-14	1.78507e-15	2.78127e-16	4.12326e-17	5.82238e-18	7.83912e-19	1.00732e-19	1.23659e-20	1.45156e-21	1.63076e-22	1.75496e-23	1.81063e-24	1.79237e-25	1.70373e-26	1.55623e-27	1.36698e-28	1.15549e-29	9.40556e-31	7.37728e-32	5.57924e-33	4.07084e-34	2.86732e-35	1.95073e-36	1.28259e-37	8.15398e-39	5.01499e-40	2.98539e-41	1.72095e-42	9.61116e-44	5.2032e-45	2.86972e-46	2.86972e-46	
2.00668e-05	9.17239e-06	3.95032e-06	1.60115e-06	6.10283e-07	2.18637e-07	7.3609e-08	2.32916e-08	6.92904e-09	1.93904e-09	5.10791e-10	1.26766e-10	2.96665e-11	6.55346e-12	1.36794e-12	2.70103e-13	5.05046e-14	8.95263e-15	1.50614e-15	2.40736e-16	3.65971e-17	5.29702e-18	7.307e-19	9.6161e-20	1.20845e-20	1.45156e-21	1.66804e-22	1.83539e-23	1.93536e-24	1.95732e-25	1.90009e-26	1.77184e-27	1.58831e-28	1.36966e-29	1.13697e-30	9.09156e-32	7.00733e-33	5.20905e-34	3.73694e-35	2.58864e-36	1.73248e-37	1.12082e-38	7.01298e-40	4.24602e-41	2.48878e-42	1.41292e-43	7.77275e-45	4.14573e-46	2.25155e-47	2.25155e-47	
4.63689e-06	2.04558e-06	8.50207e-07	3.32614e-07	1.22403e-07	4.23572e-08	1.37825e-08	4.21765e-09	1.21432e-09	3.29129e-10	8.40396e-11	2.02326e-11	4.59696e-12	9.86665e-13	2.00262e-13	3.84782e-14	7.00625e-15	1.21026e-15	1.98542e-16	3.09651e-17	4.59605e-18	6.49876e-19	8.76277e-20	1.12781e-20	1.38682e-21	1.63076e-22	1.83539e-23	1.9788e-24	2.04537e-25	2.02854e-26	1.93183e-27	1.76788e-28	1.55577e-29	1.3175e-30	1.07437e-31	8.44182e-33	6.39546e-34	4.67434e-35	3.29788e-36	2.24729e-37	1.47989e-38	9.42265e-40	5.80379e-41	3.45986e-42	1.99719e-43	1.11685e-44	6.05312e-46	3.18134e-47	1.70169e-48	1.70169e-48	
1.00043e-06	4.26627e-07	1.71397e-07	6.48219e-08	2.30671e-08	7.72198e-09	2.43192e-09	7.20731e-10	2.01094e-10	5.28564e-11	1.30976e-11	3.06234e-12	6.76211e-13	1.41158e-13	2.78847e-14	5.21813e-15	9.25994e-16	1.55992e-16	2.4972e-17	3.80281e-18	5.51439e-19	7.62188e-20	1.00512e-20	1.26583e-21	1.52381e-22	1.75496e-23	1.93536e-24	2.04537e-25	2.07325e-26	2.01713e-27	1.88517e-28	1.69361e-29	1.46362e-30	1.21756e-31	9.75631e-33	7.53505e-34	5.61252e-35	4.03421e-36	2.79985e-37	1.87727e-38	1.21666e-39	7.6257e-41	4.62466e-42	2.71506e-43	1.54376e-44	8.50503e-46	4.54215e-47	2.35272e-48	1.23967e-49	1.23967e-49	
2.02116e-07	8.34366e-08	3.24479e-08	1.18802e-08	4.09381e-09	1.32756e-09	4.05202e-10	1.16446e-10	3.1524e-11	8.04458e-12	1.93664e-12	4.402e-13	9.45609e-14	1.92157e-14	3.69761e-15	6.74453e-16	1.16734e-16	1.91914e-17	2.99999e-18	4.46352e-19	6.32717e-20	8.55335e-21	1.10374e-21	1.36083e-22	1.60447e-23	1.81063e-24	1.95732e-25	2.02854e-26	2.01713e-27	1.92596e-28	1.76701e-29	1.55892e-30	1.32341e-31	1.0818e-32	8.52025e-34	6.46972e-35	4.7392e-36	3.35091e-37	2.28825e-38	1.50995e-39	9.63308e-41	5.94476e-42	3.55043e-43	2.05312e-44	1.15009e-45	6.24346e-47	3.28614e-48	1.6778e-49	8.71003e-51	8.71003e-51	
3.83354e-08	1.53398e-08	5.78217e-09	2.05218e-09	6.85652e-10	2.15658e-10	6.38706e-11	1.78192e-11	4.68572e-12	1.16215e-12	2.72078e-13	6.01796e-14	1.25873e-14	2.4921e-15	4.67501e-16	8.31808e-17	1.40517e-17	2.256e-18	3.44582e-19	5.01204e-20	6.9491e-21	9.19276e-22	1.16137e-22	1.40246e-23	1.62026e-24	1.79237e-25	1.90009e-26	1.93183e-27	1.88517e-28	1.76701e-29	1.59204e-30	1.37972e-31	1.15093e-32	9.24718e-34	7.16053e-35	5.34716e-36	3.85298e-37	2.6805e-38	1.80143e-39	1.17013e-40	7.35007e-42	4.46687e-43	2.62773e-44	1.49701e-45	8.26297e-47	4.42081e-48	2.29355e-49	1.15446e-50	5.90566e-52	5.90566e-52	
6.84265e-09	2.6572e-09	9.71977e-10	3.34798e-10	1.08584e-10	3.31631e-11	9.54091e-12	2.58687e-12	6.61419e-13	1.59592e-13	3.63689e-14	7.83468e-15	1.59694e-15	3.08286e-16	5.64216e-17	9.79944e-18	1.6168e-18	2.53655e-19	3.78783e-20	5.38914e-21	7.31215e-22	9.47046e-23	1.1719e-23	1.38672e-24	1.5705e-25	1.70373e-26	1.77184e-27	1.76788e-28	1.69361e-29	1.55892e-30	1.37972e-31	1.17494e-32	9.63343e-34	7.60973e-35	5.79493e-36	4.25674e-37	3.01793e-38	2.06627e-39	1.36693e-40	8.74202e-42	5.40764e-43	3.23703e-44	1.876e-45	1.0531e-46	5.72857e-48	3.02102e-49	1.54516e-50	7.66874e-52	3.86632e-53	3.86632e-53	
1.15193e-09	4.34588e-10	1.54435e-10	5.1683e-11	1.62888e-11	4.83574e-12	1.35282e-12	3.56818e-13	8.87917e-14	2.08615e-14	4.63156e-15	9.72542e-16	1.93329e-16	3.64176e-17	6.50702e-18	1.10392e-18	1.77997e-19	2.73043e-20	3.98855e-21	5.55369e-22	7.37795e-23	9.35998e-24	1.13498e-24	1.31658e-25	1.46226e-26	1.55623e-27	1.58831e-28	1.55577e-29	1.46362e-30	1.32341e-31	1.15093e-32	9.63343e-34	7.7656e-35	6.0326e-36	4.51891e-37	3.26602e-38	2.27881e-39	1.53582e-40	1.00033e-41	6.30012e-43	3.83856e-44	2.26367e-45	1.29267e-46	7.15133e-48	3.83445e-49	1.99352e-50	1.00536e-51	4.92058e-53	2.44534e-54	2.44534e-54	
1.83264e-10	6.72388e-11	2.32361e-11	7.56263e-12	2.31847e-12	6.69698e-13	1.82349e-13	4.68303e-14	1.13516e-14	2.59914e-15	5.62626e-16	1.15245e-16	2.23586e-17	4.11252e-18	7.17859e-19	1.19032e-19	1.87678e-20	2.81646e-21	4.02674e-22	5.49e-23	7.14431e-24	8.88195e-25	1.05584e-25	1.20115e-26	1.30879e-27	1.36698e-28	1.36966e-29	1.3175e-30	1.21756e-31	1.0818e-32	9.24718e-34	7.60973e-35	6.0326e-36	4.60982e-37	3.39757e-38	2.41662e-39	1.65978e-40	1.10135e-41	7.06427e-43	4.38221e-44	2.63037e-45	1.52844e-46	8.60168e-48	4.6905e-49	2.47938e-50	1.27098e-51	6.32094e-53	3.0513e-54	1.49494e-55	1.49494e-55	
2.76053e-11	9.85888e-12	3.31625e-12	1.05067e-12	3.13602e-13	8.8216e-14	2.33989e-14	5.856e-15	1.38383e-15	3.09026e-16	6.52704e-17	1.30511e-17	2.47284e-18	4.44415e-19	7.58307e-20	1.22968e-20	1.89693e-21	2.78639e-22	3.90098e-23	5.21015e-24	6.64456e-25	8.09855e-26	9.44166e-27	1.05379e-27	1.12688e-28	1.15549e-29	1.13697e-30	1.07437e-31	9.75631e-33	8.52025e-34	7.16053e-35	5.79493e-36	4.51891e-37	3.39757e-38	2.46438e-39	1.72544e-40	1.16677e-41	7.62423e-43	4.81678e-44	2.94364e-45	1.74098e-46	9.96971e-48	5.53035e-49	2.973e-50	1.54951e-51	7.83306e-53	3.8422e-54	1.82957e-55	8.83826e-57	8.83826e-57	
3.94387e-12	1.37221e-12	4.49667e-13	1.38801e-13	4.03695e-14	1.1068e-14	2.86215e-15	6.98582e-16	1.61057e-16	3.51029e-17	7.23929e-18	1.41398e-18	2.61815e-19	4.60019e-20	7.67728e-21	1.21818e-21	1.83954e-22	2.64615e-23	3.62936e-24	4.7507e-25	5.94e-26	7.10062e-27	8.12188e-28	8.89666e-29	9.34022e-30	9.40556e-31	9.09156e-32	8.44182e-33	7.53505e-34	6.46972e-35	5.34716e-36	4.25674e-37	3.26602e-38	2.41662e-39	1.72544e-40	1.18942e-41	7.92054e-43	5.09782e-44	3.17283e-45	1.91055e-46	1.11359e-47	6.28559e-49	3.43732e-50	1.82195e-51	9.3643e-53	4.66892e-54	2.25908e-55	1.06127e-56	5.05573e-58	5.05573e-58	
5.35261e-13	1.81582e-13	5.80148e-14	1.74608e-14	4.95239e-15	1.32438e-15	3.34145e-16	7.95965e-17	1.7916e-17	3.81373e-18	7.68449e-19	1.46705e-19	2.65619e-20	4.56535e-21	7.45616e-22	1.15825e-22	1.71297e-23	2.41418e-24	3.24536e-25	4.16511e-26	5.1079e-27	5.99083e-28	6.72551e-29	7.23288e-30	7.45746e-31	7.37728e-32	7.00733e-33	6.39546e-34	5.61252e-35	4.7392e-36	3.85298e-37	3.01793e-38	2.27881e-39	1.65978e-40	1.16677e-41	7.92054e-43	5.19508e-44	3.294e-45	2.02007e-46	1.19877e-47	6.88703e-49	3.83228e-50	2.06635e-51	1.08009e-52	5.47521e-54	2.69282e-55	1.28543e-56	5.95831e-58	2.7995e-59	2.7995e-59	
6.9115e-14	2.28774e-14	7.13168e-15	2.09442e-15	5.7972e-16	1.51325e-16	3.72763e-17	8.67203e-18	1.90693e-18	3.96701e-19	7.81457e-20	1.45906e-20	2.58456e-21	4.34779e-22	6.95248e-23	1.05783e-23	1.53291e-24	2.1176e-25	2.79125e-26	3.51375e-27	4.22805e-28	4.86719e-29	5.36471e-30	5.66622e-31	5.73931e-32	5.57924e-33	5.20905e-34	4.67434e-35	4.03421e-36	3.35091e-37	2.6805e-38	2.06627e-39	1.53582e-40	1.10135e-41	7.62423e-43	5.09782e-44	3.294e-45	2.05795e-46	1.24376e-47	7.27503e-49	4.12035e-50	2.26064e-51	1.20203e-52	6.19684e-54	3.09868e-55	1.50351e-56	7.08155e-58	3.23922e-59	1.50125e-60	1.50125e-60	
8.5026e-15	2.74798e-15	8.36405e-16	2.39845e-16	6.48316e-17	1.65295e-17	3.97803e-18	9.04396e-19	1.94406e-19	3.95469e-20	7.62038e-21	1.39226e-21	2.41414e-22	3.97674e-23	6.22926e-24	9.28764e-25	1.31931e-25	1.78716e-26	2.31074e-27	2.85429e-28	3.37115e-29	3.81032e-30	4.12479e-31	4.28003e-32	4.26023e-33	4.07084e-34	3.73694e-35	3.29788e-36	2.79985e-37	2.28825e-38	1.80143e-39	1.36693e-40	1.00033e-41	7.06427e-43	4.81678e-44	3.17283e-45	2.02007e-46	1.24376e-47	7.40913e-49	4.27236e-50	2.38582e-51	1.29084e-52	6.76949e-54	3.4425e-55	1.69825e-56	8.13042e-58	3.77895e-59	1.70597e-60	7.80008e-62	7.80008e-62	
9.9787e-16	3.15096e-16	9.37007e-17	2.62531e-17	6.93445e-18	1.72798e-18	4.06532e-19	9.03747e-20	1.90012e-20	3.78182e-21	7.13215e-22	1.27574e-22	2.16644e-23	3.49624e-24	5.36717e-25	7.84501e-26	1.09284e-26	1.45223e-27	1.84256e-28	2.23408e-29	2.59084e-30	2.87615e-31	3.05889e-32	3.11917e-33	3.05189e-34	2.86732e-35	2.58864e-36	2.24729e-37	1.87727e-38	1.50995e-39	1.17013e-40	8.74202e-42	6.30012e-43	4.38221e-44	2.94364e-45	1.91055e-46	1.19877e-47	7.27503e-49	4.27236e-50	2.42906e-51	1.33766e-52	7.13804e-54	3.69254e-55	1.85253e-56	9.01724e-58	4.2601e-59	1.95419e-60	8.70779e-62	3.92828e-63	3.92828e-63	
1.1186e-16	3.45311e-17	1.00385e-17	2.74974e-18	7.10163e-19	1.73058e-19	3.9824e-20	8.66162e-21	1.78218e-21	3.47229e-22	6.41223e-23	1.12346e-23	1.86935e-24	2.95684e-25	4.45033e-26	6.37967e-27	8.71872e-28	1.13699e-28	1.41611e-29	1.68599e-30	1.92045e-31	2.09459e-32	2.18924e-33	2.19444e-34	2.11115e-35	1.95073e-36	1.73248e-37	1.47989e-38	1.21666e-39	9.63308e-41	7.35007e-42	5.40764e-43	3.83856e-44	2.63037e-45	1.74098e-46	1.11359e-47	6.88703e-49	4.12035e-50	2.38582e-51	1.33766e-52	7.26527e-54	3.82426e-55	1.95171e-56	9.66127e-58	4.64063e-59	2.16377e-60	9.79714e-62	4.30953e-63	1.91842e-64	1.91842e-64	
1.1991e-17	3.6208e-18	1.02961e-18	2.75881e-19	6.9705e-20	1.66204e-20	3.74306e-21	7.96913e-22	1.60548e-22	3.06354e-23	5.5424e-24	9.51601e-25	1.55211e-25	2.40728e-26	3.55376e-27	4.99828e-28	6.70394e-29	8.58248e-30	1.04968e-30	1.22755e-31	1.37382e-32	1.47259e-33	1.51302e-34	1.49125e-35	1.411e-36	1.28259e-37	1.12082e-38	9.42265e-40	7.6257e-41	5.94476e-42	4.46687e-43	3.23703e-44	2.26367e-45	1.52844e-46	9.96971e-48	6.28559e-49	3.83228e-50	2.26064e-51	1.29084e-52	7.13804e-54	3.82426e-55	1.98593e-56	1.00002e-57	4.88499e-59	2.31577e-60	1.06578e-61	4.76374e-63	2.06879e-64	9.08869e-66	9.08869e-66	
1.23053e-18	3.63651e-19	1.01202e-19	2.65399e-20	6.56366e-21	1.53212e-21	3.37854e-22	7.04461e-23	1.39026e-23	2.59942e-24	4.60919e-25	7.75848e-26	1.24097e-26	1.88803e-27	2.73485e-28	3.77531e-29	4.97131e-30	6.25002e-31	7.50881e-32	8.62809e-33	9.49021e-34	1.00002e-34	1.01032e-35	9.79388e-37	9.11635e-38	8.15398e-39	7.01298e-40	5.80379e-41	4.62466e-42	3.55043e-43	2.62773e-44	1.876e-45	1.29267e-46	8.60168e-48	5.53035e-49	3.43732e-50	2.06635e-51	1.20203e-52	6.76949e-54	3.69254e-55	1.95171e-56	1.00002e-57	4.96926e-59	2.3957e-60	1.12099e-61	5.09293e-63	2.24742e-64	9.63693e-66	4.17872e-67	4.17872e-67	
1.21013e-19	3.50176e-20	9.54215e-21	2.45037e-21	5.93471e-22	1.35684e-22	2.93103e-23	5.98817e-24	1.15819e-24	2.12278e-25	3.69075e-26	6.09312e-27	9.56124e-28	1.42747e-28	2.02962e-29	2.75089e-30	3.55751e-31	4.39366e-32	5.18676e-33	5.85772e-34	6.33413e-35	6.56328e-36	6.52186e-37	6.21969e-38	5.69681e-39	5.01499e-40	4.24602e-41	3.45986e-42	2.71506e-43	2.05312e-44	1.49701e-45	1.0531e-46	7.15133e-48	4.6905e-49	2.973e-50	1.82195e-51	1.08009e-52	6.19684e-54	3.4425e-55	1.85253e-56	9.66127e-58	4.88499e-59	2.3957e-60	1.14002e-61	5.26592e-63	2.36198e-64	1.02915e-65	4.35776e-67	1.86524e-68	1.86524e-68	
1.14157e-20	3.2361e-21	8.63857e-22	2.17325e-22	5.15701e-23	1.15533e-23	2.44597e-24	4.8985e-25	9.28916e-26	1.66968e-26	2.84758e-27	4.61257e-28	7.10345e-29	1.04108e-29	1.45347e-30	1.93487e-31	2.45821e-32	2.98333e-33	3.46162e-34	3.8435e-35	4.08695e-36	4.16532e-37	4.07203e-38	3.82133e-39	3.44489e-40	2.98539e-41	2.48878e-42	1.99719e-43	1.54376e-44	1.15009e-45	8.26297e-47	5.72857e-48	3.83445e-49	2.47938e-50	1.54951e-51	9.3643e-53	5.47521e-54	3.09868e-55	1.69825e-56	9.01724e-58	4.64063e-59	2.31577e-60	1.12099e-61	5.26592e-63	2.40145e-64	1.06356e-65	4.57609e-67	1.9136e-68	8.08609e-70	8.08609e-70	
1.03395e-21	2.87262e-22	7.51544e-23	1.85309e-23	4.31021e-24	9.46621e-25	1.96499e-25	3.85912e-26	7.17806e-27	1.2658e-27	2.11839e-28	3.36802e-29	5.09223e-30	7.32882e-31	1.00502e-31	1.31445e-32	1.64111e-33	1.95772e-34	2.23338e-35	2.4386e-36	2.55061e-37	2.55751e-38	2.46035e-39	2.27252e-40	2.0168e-41	1.72095e-42	1.41292e-43	1.11685e-44	8.50503e-46	6.24346e-47	4.42081e-48	3.02102e-49	1.99352e-50	1.27098e-51	7.83306e-53	4.66892e-54	2.69282e-55	1.50351e-56	8.13042e-58	4.2601e-59	2.16377e-60	1.06578e-61	5.09293e-63	2.36198e-64	1.06356e-65	4.65135e-67	1.97646e-68	8.16321e-70	3.4057e-71	3.4057e-71	
8.99935e-23	2.4515e-23	6.28848e-24	1.52035e-24	3.4677e-25	7.46907e-26	1.52077e-26	2.93009e-27	5.34776e-28	9.25533e-29	1.52051e-29	2.37363e-30	3.52451e-31	4.98287e-32	6.7139e-33	8.62974e-34	1.05913e-34	1.24226e-35	1.39372e-36	1.49692e-37	1.54042e-38	1.52e-39	1.43926e-40	1.30874e-41	1.14367e-42	9.61116e-44	7.77275e-45	6.05312e-46	4.54215e-47	3.28614e-48	2.29355e-49	1.54516e-50	1.00536e-51	6.32094e-53	3.8422e-54	2.25908e-55	1.28543e-56	7.08155e-58	3.77895e-59	1.95419e-60	9.79714e-62	4.76374e-63	2.24742e-64	1.02915e-65	4.57609e-67	1.97646e-68	8.29493e-70	3.3841e-71	1.39409e-72	1.39409e-72	
7.53694e-24	2.01382e-24	5.06684e-25	1.20159e-25	2.68851e-26	5.68126e-27	1.13504e-27	2.14621e-28	3.84493e-29	6.53308e-30	1.05394e-30	1.61596e-31	2.35725e-32	3.27468e-33	4.33656e-34	5.47955e-35	6.61251e-36	7.62779e-37	8.4182e-38	8.89595e-39	9.00891e-40	8.74987e-41	8.15663e-42	7.30332e-43	6.28551e-44	5.2032e-45	4.14573e-46	3.18134e-47	2.35272e-48	1.6778e-49	1.15446e-50	7.66874e-52	4.92058e-53	3.0513e-54	1.82957e-55	1.06127e-56	5.95831e-58	3.23922e-59	1.70597e-60	8.70779e-62	4.30953e-63	2.06879e-64	9.63693e-66	4.35776e-67	1.9136e-68	8.16321e-70	3.3841e-71	1.36386e-72	5.54833e-74	5.54833e-74	
6.54116e-25	1.71276e-25	4.22313e-26	9.81533e-27	2.15255e-27	4.45906e-28	8.73448e-29	1.61959e-29	2.84589e-30	4.74391e-31	7.5097e-32	1.13013e-32	1.61842e-33	2.20775e-34	2.87159e-35	3.56469e-36	4.22712e-37	4.79268e-38	5.19995e-39	5.40342e-40	5.38196e-41	5.14226e-42	4.71669e-43	4.15632e-44	3.52109e-45	2.86972e-46	2.25155e-47	1.70169e-48	1.23967e-49	8.71003e-51	5.90566e-52	3.86632e-53	2.44534e-54	1.49494e-55	8.83826e-57	5.05573e-58	2.7995e-59	1.50125e-60	7.80008e-62	3.92828e-63	1.91842e-64	9.08869e-66	4.17872e-67	1.86524e-68	8.08609e-70	3.4057e-71	1.39409e-72	5.54833e-74	2.22815e-75	2.22815e-75	
6.54116e-25	1.71276e-25	4.22313e-26	9.81533e-27	2.15255e-27	4.45906e-28	8.73448e-29	1.61959e-29	2.84589e-30	4.74391e-31	7.5097e-32	1.13013e-32	1.61842e-33	2.20775e-34	2.87159e-35	3.56469e-36	4.22712e-37	4.79268e-38	5.19995e-39	5.40342e-40	5.38196e-41	5.14226e-42	4.71669e-43	4.15632e-44	3.52109e-45	2.86972e-46	2.25155e-47	1.70169e-48	1.23967e-49	8.71003e-51	5.90566e-52	3.86632e-53	2.44534e-54	1.49494e-55	8.83826e-57	5.05573e-58	2.7995e-59	1.50125e-60	7.80008e-62	3.92828e-63	1.91842e-64	9.08869e-66	4.17872e-67	1.86524e-68	8.08609e-70	3.4057e-71	1.39409e-72	5.54833e-74	2.22815e-75	2.22815e-75	
