-0.0777816	0.00463549	0.0886606	0.176815	0.269787	0.353464	0.424859	0.482034	0.516662	0.536333	0.557375	0.577146	0.585319	0.582324	0.571463	0.551499	0.515049	0.461261	0.38478	0.281348	0.159092	0.024618	-0.107486	-0.216631	-0.288086	-0.313545	-0.301362	-0.272407	-0.23218	-0.189721	-0.147093	-0.104642	-0.0689327	-0.0317956	0.00453398	0.0270403	0.0140218	-0.0436592	-0.138945	-0.255799	-0.381822	-0.50217	-0.580102	-0.607526	-0.589585	-0.543172	-0.488889	-0.429701	-0.3934	-0.3934	
0.00463549	0.103833	0.203345	0.296429	0.378861	0.444679	0.49407	0.52177	0.528998	0.524601	0.514769	0.502144	0.477493	0.449256	0.422849	0.392651	0.362145	0.3216	0.263617	0.179942	0.0730418	-0.0432389	-0.154817	-0.247211	-0.29724	-0.294539	-0.255778	-0.201095	-0.151712	-0.103529	-0.0547766	-0.014284	0.0204425	0.0498499	0.0787852	0.0931833	0.0679289	-0.00526477	-0.11992	-0.259653	-0.411552	-0.543237	-0.624131	-0.638323	-0.600329	-0.548937	-0.495071	-0.448836	-0.419517	-0.419517	
0.0886606	0.203345	0.31443	0.401886	0.45758	0.487647	0.50498	0.506239	0.494367	0.471679	0.437415	0.399356	0.360148	0.321823	0.29232	0.265468	0.243031	0.220101	0.184346	0.121205	0.0334775	-0.0676702	-0.164842	-0.236666	-0.264937	-0.248088	-0.201046	-0.142777	-0.0913848	-0.0479654	-0.00440741	0.0390075	0.0760945	0.105649	0.131415	0.1424	0.107056	0.0182066	-0.113844	-0.269836	-0.434208	-0.571507	-0.643436	-0.642258	-0.593133	-0.540917	-0.496686	-0.466448	-0.447317	-0.447317	
0.176815	0.296429	0.401886	0.462328	0.481692	0.471871	0.455572	0.436672	0.412142	0.376729	0.335415	0.293806	0.254684	0.220314	0.19803	0.174609	0.163444	0.159968	0.147449	0.105067	0.0275752	-0.0635672	-0.144425	-0.196247	-0.208687	-0.186834	-0.143194	-0.0887786	-0.0463524	-0.00987344	0.026888	0.0582794	0.087236	0.11355	0.138917	0.148238	0.112468	0.0251638	-0.111392	-0.273332	-0.439331	-0.573657	-0.634656	-0.62127	-0.567001	-0.519037	-0.488961	-0.47559	-0.466032	-0.466032	
0.269787	0.378861	0.45758	0.481692	0.462109	0.415191	0.370772	0.331504	0.292876	0.25621	0.224368	0.194301	0.171121	0.155384	0.145811	0.131509	0.126159	0.132147	0.126555	0.0925063	0.0301139	-0.0456809	-0.110637	-0.142956	-0.142919	-0.120988	-0.0818981	-0.0356351	0.002402	0.0336579	0.0530041	0.0640947	0.0727842	0.0810395	0.10151	0.115372	0.0864107	0.0047223	-0.12381	-0.279618	-0.439107	-0.55656	-0.602704	-0.578333	-0.521608	-0.483948	-0.466504	-0.46771	-0.468047	-0.468047	
0.353464	0.444679	0.487647	0.471871	0.415191	0.340478	0.272501	0.217009	0.172587	0.143369	0.126498	0.112586	0.111638	0.126087	0.138359	0.13617	0.136541	0.135815	0.123622	0.0958852	0.0437009	-0.0203768	-0.0699109	-0.0905423	-0.0838761	-0.0620998	-0.0316952	0.00599194	0.0451126	0.0706521	0.072944	0.0580831	0.0388779	0.0319266	0.0429416	0.0526522	0.0306689	-0.0380821	-0.152954	-0.287439	-0.419563	-0.513707	-0.540662	-0.512056	-0.465273	-0.440855	-0.439849	-0.453895	-0.462845	-0.462845	
0.424859	0.49407	0.50498	0.455572	0.370772	0.272501	0.186492	0.121724	0.0794917	0.0613437	0.0570608	0.0571728	0.0783253	0.116341	0.148244	0.163355	0.166612	0.159321	0.14439	0.115903	0.0648521	0.00837009	-0.0329452	-0.0499996	-0.0432375	-0.0235101	0.00432728	0.0387398	0.0757915	0.0960383	0.0884903	0.0567601	0.0118958	-0.0172564	-0.0183071	-0.0149468	-0.0365163	-0.0934895	-0.186237	-0.292668	-0.392013	-0.455888	-0.464821	-0.4403	-0.408006	-0.396142	-0.410636	-0.433608	-0.45004	-0.45004	
0.482034	0.52177	0.506239	0.436672	0.331504	0.217009	0.121724	0.0591052	0.0252581	0.0197425	0.0289831	0.0463259	0.0795652	0.128994	0.172839	0.197749	0.198843	0.185705	0.165389	0.130131	0.0831638	0.0351527	-0.00571802	-0.0251187	-0.0161805	0.00489872	0.0325981	0.0670085	0.106265	0.12467	0.106763	0.0564366	-0.00965005	-0.0581037	-0.0781427	-0.085496	-0.0986635	-0.138921	-0.206849	-0.279335	-0.346891	-0.383747	-0.385396	-0.370717	-0.354414	-0.360696	-0.385651	-0.416821	-0.443592	-0.443592	
0.516662	0.528998	0.494367	0.412142	0.292876	0.172587	0.0794917	0.0252581	0.00268091	0.00937134	0.0352036	0.067251	0.10729	0.165764	0.217893	0.239144	0.230911	0.207372	0.177685	0.139683	0.0975308	0.0540185	0.0186172	0.00598868	0.0153412	0.0340587	0.065485	0.101675	0.138161	0.149861	0.123081	0.0561433	-0.0305386	-0.0957965	-0.13107	-0.144233	-0.151954	-0.17064	-0.206454	-0.245146	-0.280023	-0.297408	-0.297386	-0.303419	-0.312404	-0.332504	-0.370074	-0.41025	-0.443684	-0.443684	
0.536333	0.524601	0.471679	0.376729	0.25621	0.143369	0.0613437	0.0197425	0.00937134	0.0269697	0.0587034	0.0943129	0.140821	0.205184	0.257953	0.27635	0.266871	0.236665	0.19812	0.156273	0.11374	0.0718526	0.0436288	0.0367158	0.0446906	0.0655793	0.0988363	0.133231	0.166034	0.17377	0.138889	0.0640447	-0.0302063	-0.116019	-0.172378	-0.195628	-0.197236	-0.188841	-0.187398	-0.190599	-0.195272	-0.197323	-0.203204	-0.229109	-0.264641	-0.306129	-0.359498	-0.416705	-0.462171	-0.462171	
0.557375	0.514769	0.437415	0.335415	0.224368	0.126498	0.0570608	0.0289831	0.0352036	0.0587034	0.0885785	0.127283	0.178812	0.241962	0.292182	0.31754	0.308426	0.272297	0.226653	0.176524	0.125129	0.0810607	0.0617905	0.0637361	0.0769925	0.0994536	0.129148	0.160105	0.195081	0.202017	0.161906	0.0811984	-0.0240916	-0.122496	-0.195573	-0.234043	-0.231706	-0.199339	-0.161223	-0.127311	-0.100394	-0.0843281	-0.0955002	-0.139647	-0.202278	-0.27204	-0.347883	-0.429228	-0.489668	-0.489668	
0.577146	0.502144	0.399356	0.293806	0.194301	0.112586	0.0571728	0.0463259	0.067251	0.0943129	0.127283	0.172069	0.223129	0.279878	0.334749	0.36245	0.353514	0.312792	0.260235	0.200375	0.137849	0.0938373	0.0800362	0.0880584	0.108908	0.135094	0.162815	0.201729	0.239252	0.240642	0.197585	0.107038	-0.0102097	-0.124045	-0.217321	-0.268783	-0.265967	-0.21576	-0.147584	-0.0815975	-0.0277763	0.00593257	0.00517997	-0.042915	-0.119648	-0.204534	-0.301938	-0.405383	-0.477492	-0.477492	
0.585319	0.477493	0.360148	0.254684	0.171121	0.111638	0.0783253	0.0795652	0.10729	0.140821	0.178812	0.223129	0.272422	0.329845	0.385553	0.412254	0.398141	0.357791	0.298095	0.228306	0.165427	0.122086	0.106127	0.117693	0.144393	0.171009	0.205204	0.251301	0.290151	0.297329	0.249804	0.149185	0.0216906	-0.109794	-0.228036	-0.306135	-0.318485	-0.266941	-0.176512	-0.0834619	-0.000210327	0.0636659	0.0822658	0.0536679	-0.0122585	-0.0980832	-0.197306	-0.306687	-0.383347	-0.383347	
0.582324	0.449256	0.321823	0.220314	0.155384	0.126087	0.116341	0.128994	0.165764	0.205184	0.241962	0.279878	0.329845	0.386834	0.43722	0.456247	0.438502	0.395268	0.329913	0.264254	0.204938	0.157392	0.137426	0.152101	0.181513	0.211998	0.252344	0.3029	0.34992	0.368286	0.323905	0.216446	0.0753134	-0.0798816	-0.227759	-0.336511	-0.376504	-0.337303	-0.24046	-0.12603	-0.00817191	0.092501	0.150451	0.159951	0.116819	0.0445636	-0.0483724	-0.156831	-0.228723	-0.228723	
0.571463	0.422849	0.29232	0.19803	0.145811	0.138359	0.148244	0.172839	0.217893	0.257953	0.292182	0.334749	0.385553	0.43722	0.4757	0.48202	0.45868	0.411992	0.351116	0.294094	0.239633	0.194562	0.178339	0.190562	0.221268	0.266498	0.319276	0.378188	0.428902	0.4484	0.405445	0.296839	0.147126	-0.0288633	-0.204613	-0.344394	-0.419857	-0.403929	-0.30741	-0.178637	-0.0289867	0.111307	0.213283	0.267719	0.255335	0.202991	0.119111	0.0156479	-0.0483657	-0.0483657	
0.551499	0.392651	0.265468	0.174609	0.131509	0.13617	0.163355	0.197749	0.239144	0.27635	0.31754	0.36245	0.412254	0.456247	0.48202	0.48211	0.451304	0.414248	0.372394	0.330241	0.286428	0.245016	0.222165	0.232152	0.271727	0.332235	0.396618	0.457466	0.514314	0.536352	0.496995	0.390891	0.22715	0.0326002	-0.16527	-0.335846	-0.439038	-0.447855	-0.362667	-0.218916	-0.0411797	0.136689	0.27827	0.369322	0.389506	0.354386	0.286221	0.203845	0.149476	0.149476	
0.515049	0.362145	0.243031	0.163444	0.126159	0.136541	0.166612	0.198843	0.230911	0.266871	0.308426	0.353514	0.398141	0.438502	0.45868	0.451304	0.434046	0.421252	0.406969	0.384271	0.349601	0.307317	0.276217	0.275172	0.314914	0.382017	0.454425	0.524667	0.580501	0.604364	0.577788	0.479197	0.309951	0.101059	-0.117485	-0.31209	-0.439357	-0.47215	-0.400763	-0.248168	-0.0499949	0.158726	0.34007	0.466117	0.521299	0.514541	0.467139	0.408644	0.369294	0.369294	
0.461261	0.3216	0.220101	0.159968	0.132147	0.135815	0.159321	0.185705	0.207372	0.236665	0.272297	0.312792	0.357791	0.395268	0.411992	0.414248	0.421252	0.439818	0.454818	0.451042	0.421951	0.374146	0.328703	0.314437	0.344568	0.404822	0.481748	0.554196	0.61097	0.642742	0.626912	0.54116	0.376003	0.156524	-0.07695	-0.287987	-0.436497	-0.491213	-0.433736	-0.27491	-0.0550512	0.182643	0.400346	0.562577	0.652775	0.682116	0.66818	0.640298	0.622214	0.622214	
0.38478	0.263617	0.184346	0.147449	0.126555	0.123622	0.14439	0.165389	0.177685	0.19812	0.226653	0.260235	0.298095	0.329913	0.351116	0.372394	0.406969	0.454818	0.497067	0.509722	0.482311	0.425881	0.365253	0.334474	0.350086	0.403194	0.479545	0.555251	0.618136	0.662061	0.661367	0.583391	0.420384	0.193647	-0.0541068	-0.277695	-0.440923	-0.512886	-0.468561	-0.312252	-0.0763842	0.189633	0.440802	0.645681	0.783375	0.858109	0.888582	0.900829	0.902637	0.902637	
0.281348	0.179942	0.121205	0.105067	0.0925063	0.0958852	0.115903	0.130131	0.139683	0.156273	0.176524	0.200375	0.228306	0.264254	0.294094	0.330241	0.384271	0.451042	0.509722	0.526624	0.501487	0.442138	0.376414	0.337334	0.338291	0.386536	0.464847	0.549181	0.626655	0.673785	0.678699	0.608324	0.447566	0.216437	-0.043045	-0.275125	-0.454172	-0.543593	-0.508137	-0.354947	-0.110821	0.177421	0.460423	0.702829	0.88928	1.01907	1.09992	1.15445	1.18006	1.18006	
0.159092	0.0730418	0.0334775	0.0275752	0.0301139	0.0437009	0.0648521	0.0831638	0.0975308	0.11374	0.125129	0.137849	0.165427	0.204938	0.239633	0.286428	0.349601	0.421951	0.482311	0.501487	0.479565	0.421158	0.354334	0.315253	0.3158	0.365557	0.448577	0.541611	0.632589	0.687407	0.692391	0.620801	0.45668	0.222464	-0.0387013	-0.282179	-0.468923	-0.565073	-0.546825	-0.400959	-0.157565	0.141132	0.448327	0.726218	0.961219	1.14014	1.2705	1.36235	1.40539	1.40539	
0.024618	-0.0432389	-0.0676702	-0.0635672	-0.0456809	-0.0203768	0.00837009	0.0351527	0.0540185	0.0718526	0.0810607	0.0938373	0.122086	0.157392	0.194562	0.245016	0.307317	0.374146	0.425881	0.442138	0.421158	0.368037	0.311112	0.276541	0.284034	0.336349	0.426955	0.535104	0.634331	0.694133	0.691148	0.612969	0.445007	0.212387	-0.0457741	-0.297394	-0.492194	-0.596417	-0.590326	-0.456743	-0.218907	0.0804029	0.403939	0.712011	0.983545	1.2104	1.38372	1.50266	1.5632	1.5632	
-0.107486	-0.154817	-0.164842	-0.144425	-0.110637	-0.0699109	-0.0329452	-0.00571802	0.0186172	0.0436288	0.0617905	0.0800362	0.106127	0.137426	0.178339	0.222165	0.276217	0.328703	0.365253	0.376414	0.354334	0.311112	0.263552	0.233991	0.247295	0.303746	0.397083	0.513421	0.611958	0.66999	0.658623	0.567631	0.402329	0.175614	-0.0837307	-0.336296	-0.536377	-0.651329	-0.65012	-0.529762	-0.304671	-0.00780553	0.326323	0.659171	0.962627	1.2312	1.43869	1.57805	1.65067	1.65067	
-0.216631	-0.247211	-0.236666	-0.196247	-0.142956	-0.0905423	-0.0499996	-0.0251187	0.00598868	0.0367158	0.0637361	0.0880584	0.117693	0.152101	0.190562	0.232152	0.275172	0.314437	0.334474	0.337334	0.315253	0.276541	0.233991	0.210923	0.222634	0.272466	0.354739	0.459089	0.549519	0.600006	0.581599	0.480613	0.31652	0.100404	-0.15272	-0.40302	-0.606122	-0.725948	-0.727392	-0.624055	-0.413635	-0.117869	0.216233	0.568711	0.90399	1.19759	1.43065	1.58846	1.66149	1.66149	
-0.288086	-0.29724	-0.264937	-0.208687	-0.142919	-0.0838761	-0.0432375	-0.0161805	0.0153412	0.0446906	0.0769925	0.108908	0.144393	0.181513	0.221268	0.271727	0.314914	0.344568	0.350086	0.338291	0.3158	0.284034	0.247295	0.222634	0.218381	0.248599	0.307032	0.383698	0.454913	0.48818	0.458909	0.357587	0.202342	-0.00114537	-0.240389	-0.481095	-0.683007	-0.800255	-0.807602	-0.71754	-0.523847	-0.243552	0.0874486	0.445075	0.790238	1.09974	1.34513	1.50303	1.57912	1.57912	
-0.313545	-0.294539	-0.248088	-0.186834	-0.120988	-0.0620998	-0.0235101	0.00489872	0.0340587	0.0655793	0.0994536	0.135094	0.171009	0.211998	0.266498	0.332235	0.382017	0.404822	0.403194	0.386536	0.365557	0.336349	0.303746	0.272466	0.248599	0.246378	0.268914	0.30909	0.345876	0.358122	0.318167	0.218676	0.0742328	-0.111673	-0.329868	-0.554385	-0.742446	-0.847169	-0.860533	-0.786304	-0.614938	-0.363576	-0.0536078	0.290307	0.623356	0.925922	1.16679	1.31043	1.38298	1.38298	
-0.301362	-0.255778	-0.201046	-0.143194	-0.0818981	-0.0316952	0.00432728	0.0325981	0.065485	0.0988363	0.129148	0.162815	0.205204	0.252344	0.319276	0.396618	0.454425	0.481748	0.479545	0.464847	0.448577	0.426955	0.397083	0.354739	0.307032	0.268914	0.249481	0.246043	0.247252	0.239017	0.187296	0.0906269	-0.0452331	-0.214898	-0.41134	-0.612227	-0.773381	-0.864746	-0.878964	-0.821435	-0.68085	-0.464172	-0.191181	0.115221	0.417457	0.692508	0.908108	1.03522	1.09467	1.09467	
-0.272407	-0.201095	-0.142777	-0.0887786	-0.0356351	0.00599194	0.0387398	0.0670085	0.101675	0.133231	0.160105	0.201729	0.251301	0.3029	0.378188	0.457466	0.524667	0.554196	0.555251	0.549181	0.541611	0.535104	0.513421	0.459089	0.383698	0.30909	0.246043	0.206977	0.173343	0.138005	0.0754774	-0.019198	-0.143023	-0.300545	-0.47718	-0.649356	-0.783394	-0.859258	-0.874124	-0.836451	-0.729247	-0.551012	-0.318599	-0.0573666	0.206814	0.447329	0.626731	0.735083	0.776911	0.776911	
-0.23218	-0.151712	-0.0913848	-0.0463524	0.002402	0.0451126	0.0757915	0.106265	0.138161	0.166034	0.195081	0.239252	0.290151	0.34992	0.428902	0.514314	0.580501	0.61097	0.618136	0.626655	0.632589	0.634331	0.611958	0.549519	0.454913	0.345876	0.247252	0.173343	0.114477	0.0561165	-0.0118936	-0.104741	-0.224157	-0.365734	-0.519991	-0.667797	-0.772521	-0.831144	-0.855419	-0.832204	-0.75591	-0.613384	-0.419989	-0.202857	0.0240585	0.227648	0.38077	0.470063	0.502938	0.502938	
-0.189721	-0.103529	-0.0479654	-0.00987344	0.0336579	0.0706521	0.0960383	0.12467	0.149861	0.17377	0.202017	0.240642	0.297329	0.368286	0.4484	0.536352	0.604364	0.642742	0.662061	0.673785	0.687407	0.694133	0.66999	0.600006	0.48818	0.358122	0.239017	0.138005	0.0561165	-0.0186937	-0.0934221	-0.180415	-0.283738	-0.404395	-0.534897	-0.64818	-0.722955	-0.768891	-0.798669	-0.794568	-0.749707	-0.641986	-0.483626	-0.302442	-0.10532	0.0705535	0.202588	0.280025	0.307196	0.307196	
-0.147093	-0.0547766	-0.00440741	0.026888	0.0530041	0.072944	0.0884903	0.106763	0.123081	0.138889	0.161906	0.197585	0.249804	0.323905	0.405445	0.496995	0.577788	0.626912	0.661367	0.678699	0.692391	0.691148	0.658623	0.581599	0.458909	0.318167	0.187296	0.0754774	-0.0118936	-0.0934221	-0.169681	-0.244425	-0.327494	-0.41638	-0.508234	-0.57425	-0.617082	-0.648001	-0.677929	-0.697463	-0.679548	-0.607918	-0.485336	-0.337004	-0.170853	-0.0195236	0.0901327	0.159403	0.183196	0.183196	
-0.104642	-0.014284	0.0390075	0.0582794	0.0640947	0.0580831	0.0567601	0.0564366	0.0561433	0.0640447	0.0811984	0.107038	0.149185	0.216446	0.296839	0.390891	0.479197	0.54116	0.583391	0.608324	0.620801	0.612969	0.567631	0.480613	0.357587	0.218676	0.0906269	-0.019198	-0.104741	-0.180415	-0.244425	-0.296006	-0.347169	-0.393955	-0.43243	-0.452003	-0.457385	-0.46519	-0.493958	-0.521996	-0.52498	-0.490184	-0.406887	-0.297072	-0.170332	-0.0539416	0.0303217	0.0877146	0.109181	0.109181	
-0.0689327	0.0204425	0.0760945	0.087236	0.0727842	0.0388779	0.0118958	-0.00965005	-0.0305386	-0.0302063	-0.0240916	-0.0102097	0.0216906	0.0753134	0.147126	0.22715	0.309951	0.376003	0.420384	0.447566	0.45668	0.445007	0.402329	0.31652	0.202342	0.0742328	-0.0452331	-0.143023	-0.224157	-0.283738	-0.327494	-0.347169	-0.349344	-0.343977	-0.318265	-0.282378	-0.247627	-0.232256	-0.254346	-0.287814	-0.313486	-0.312705	-0.26889	-0.194675	-0.106759	-0.0311132	0.0217203	0.0565555	0.0729572	0.0729572	
-0.0317956	0.0498499	0.105649	0.11355	0.0810395	0.0319266	-0.0172564	-0.0581037	-0.0957965	-0.116019	-0.122496	-0.124045	-0.109794	-0.0798816	-0.0288633	0.0326002	0.101059	0.156524	0.193647	0.216437	0.222464	0.212387	0.175614	0.100404	-0.00114537	-0.111673	-0.214898	-0.300545	-0.365734	-0.404395	-0.41638	-0.393955	-0.343977	-0.269983	-0.17324	-0.0784455	-0.00316633	0.027626	0.0102746	-0.0261852	-0.0761849	-0.107267	-0.100647	-0.0650014	-0.0133909	0.0250297	0.0507524	0.0683174	0.0847447	0.0847447	
0.00453398	0.0787852	0.131415	0.138917	0.10151	0.0429416	-0.0183071	-0.0781427	-0.13107	-0.172378	-0.195573	-0.217321	-0.228036	-0.227759	-0.204613	-0.16527	-0.117485	-0.07695	-0.0541068	-0.043045	-0.0387013	-0.0457741	-0.0837307	-0.15272	-0.240389	-0.329868	-0.41134	-0.47718	-0.519991	-0.534897	-0.508234	-0.43243	-0.318265	-0.17324	-0.0100567	0.13872	0.242934	0.286323	0.273519	0.227827	0.156756	0.0915305	0.0582688	0.0614539	0.0850686	0.0927373	0.0979156	0.110002	0.122447	0.122447	
0.0270403	0.0931833	0.1424	0.148238	0.115372	0.0526522	-0.0149468	-0.085496	-0.144233	-0.195628	-0.234043	-0.268783	-0.306135	-0.336511	-0.344394	-0.335846	-0.31209	-0.287987	-0.277695	-0.275125	-0.282179	-0.297394	-0.336296	-0.40302	-0.481095	-0.554385	-0.612227	-0.649356	-0.667797	-0.64818	-0.57425	-0.452003	-0.282378	-0.0784455	0.13872	0.332252	0.458437	0.509941	0.498599	0.442616	0.353492	0.260404	0.197415	0.174876	0.17199	0.156322	0.14097	0.141213	0.151793	0.151793	
0.0140218	0.0679289	0.107056	0.112468	0.0864107	0.0306689	-0.0365163	-0.0986635	-0.151954	-0.197236	-0.231706	-0.265967	-0.318485	-0.376504	-0.419857	-0.439038	-0.439357	-0.436497	-0.440923	-0.454172	-0.468923	-0.492194	-0.536377	-0.606122	-0.683007	-0.742446	-0.773381	-0.783394	-0.772521	-0.722955	-0.617082	-0.457385	-0.247627	-0.00316633	0.242934	0.458437	0.59647	0.652493	0.646813	0.594845	0.50367	0.394585	0.310678	0.262979	0.230594	0.192159	0.158394	0.147699	0.156057	0.156057	
-0.0436592	-0.00526477	0.0182066	0.0251638	0.0047223	-0.0380821	-0.0934895	-0.138921	-0.17064	-0.188841	-0.199339	-0.21576	-0.266941	-0.337303	-0.403929	-0.447855	-0.47215	-0.491213	-0.512886	-0.543593	-0.565073	-0.596417	-0.651329	-0.725948	-0.800255	-0.847169	-0.864746	-0.859258	-0.831144	-0.768891	-0.648001	-0.46519	-0.232256	0.027626	0.286323	0.509941	0.652493	0.715065	0.719436	0.671299	0.581205	0.470392	0.370248	0.305708	0.253913	0.194439	0.146751	0.123492	0.125193	0.125193	
-0.138945	-0.11992	-0.113844	-0.111392	-0.12381	-0.152954	-0.186237	-0.206849	-0.206454	-0.187398	-0.161223	-0.147584	-0.176512	-0.24046	-0.30741	-0.362667	-0.400763	-0.433736	-0.468561	-0.508137	-0.546825	-0.590326	-0.65012	-0.727392	-0.807602	-0.860533	-0.878964	-0.874124	-0.855419	-0.798669	-0.677929	-0.493958	-0.254346	0.0102746	0.273519	0.498599	0.646813	0.719436	0.728826	0.683111	0.597261	0.483045	0.372463	0.290317	0.21667	0.14486	0.0864991	0.0569307	0.053497	0.053497	
-0.255799	-0.259653	-0.269836	-0.273332	-0.279618	-0.287439	-0.292668	-0.279335	-0.245146	-0.190599	-0.127311	-0.0815975	-0.0834619	-0.12603	-0.178637	-0.218916	-0.248168	-0.27491	-0.312252	-0.354947	-0.400959	-0.456743	-0.529762	-0.624055	-0.71754	-0.786304	-0.821435	-0.836451	-0.832204	-0.794568	-0.697463	-0.521996	-0.287814	-0.0261852	0.227827	0.442616	0.594845	0.671299	0.683111	0.640361	0.554661	0.433588	0.311593	0.208	0.111716	0.0324986	-0.0308078	-0.0631335	-0.0699412	-0.0699412	
-0.381822	-0.411552	-0.434208	-0.439331	-0.439107	-0.419563	-0.392013	-0.346891	-0.280023	-0.195272	-0.100394	-0.0277763	-0.000210327	-0.00817191	-0.0289867	-0.0411797	-0.0499949	-0.0550512	-0.0763842	-0.110821	-0.157565	-0.218907	-0.304671	-0.413635	-0.523847	-0.614938	-0.68085	-0.729247	-0.75591	-0.749707	-0.679548	-0.52498	-0.313486	-0.0761849	0.156756	0.353492	0.50367	0.581205	0.597261	0.554661	0.461698	0.342142	0.20391	0.0732824	-0.0455654	-0.143576	-0.215817	-0.257254	-0.271158	-0.271158	
-0.50217	-0.543237	-0.571507	-0.573657	-0.55656	-0.513707	-0.455888	-0.383747	-0.297408	-0.197323	-0.0843281	0.00593257	0.0636659	0.092501	0.111307	0.136689	0.158726	0.182643	0.189633	0.177421	0.141132	0.0804029	-0.00780553	-0.117869	-0.243552	-0.363576	-0.464172	-0.551012	-0.613384	-0.641986	-0.607918	-0.490184	-0.312705	-0.107267	0.0915305	0.260404	0.394585	0.470392	0.483045	0.433588	0.342142	0.211491	0.053661	-0.10638	-0.259292	-0.380117	-0.469907	-0.520716	-0.54719	-0.54719	
-0.580102	-0.624131	-0.643436	-0.634656	-0.602704	-0.540662	-0.464821	-0.385396	-0.297386	-0.203204	-0.0955002	0.00517997	0.0822658	0.150451	0.213283	0.27827	0.34007	0.400346	0.440802	0.460423	0.448327	0.403939	0.326323	0.216233	0.0874486	-0.0536078	-0.191181	-0.318599	-0.419989	-0.483626	-0.485336	-0.406887	-0.26889	-0.100647	0.0582688	0.197415	0.310678	0.370248	0.372463	0.311593	0.20391	0.053661	-0.131301	-0.33223	-0.524801	-0.671693	-0.779423	-0.84539	-0.877773	-0.877773	
-0.607526	-0.638323	-0.642258	-0.62127	-0.578333	-0.512056	-0.4403	-0.370717	-0.303419	-0.229109	-0.139647	-0.042915	0.0536679	0.159951	0.267719	0.369322	0.466117	0.562577	0.645681	0.702829	0.726218	0.712011	0.659171	0.568711	0.445075	0.290307	0.115221	-0.0573666	-0.202857	-0.302442	-0.337004	-0.297072	-0.194675	-0.0650014	0.0614539	0.174876	0.262979	0.305708	0.290317	0.208	0.0732824	-0.10638	-0.33223	-0.577959	-0.8099	-0.99258	-1.11921	-1.20169	-1.24279	-1.24279	
-0.589585	-0.600329	-0.593133	-0.567001	-0.521608	-0.465273	-0.408006	-0.354414	-0.312404	-0.264641	-0.202278	-0.119648	-0.0122585	0.116819	0.255335	0.389506	0.521299	0.652775	0.783375	0.88928	0.961219	0.983545	0.962627	0.90399	0.790238	0.623356	0.417457	0.206814	0.0240585	-0.10532	-0.170853	-0.170332	-0.106759	-0.0133909	0.0850686	0.17199	0.230594	0.253913	0.21667	0.111716	-0.0455654	-0.259292	-0.524801	-0.8099	-1.07953	-1.29233	-1.4353	-1.53027	-1.57679	-1.57679	
-0.543172	-0.548937	-0.540917	-0.519037	-0.483948	-0.440855	-0.396142	-0.360696	-0.332504	-0.306129	-0.27204	-0.204534	-0.0980832	0.0445636	0.202991	0.354386	0.514541	0.682116	0.858109	1.01907	1.14014	1.2104	1.2312	1.19759	1.09974	0.925922	0.692508	0.447329	0.227648	0.0705535	-0.0195236	-0.0539416	-0.0311132	0.0250297	0.0927373	0.156322	0.192159	0.194439	0.14486	0.0324986	-0.143576	-0.380117	-0.671693	-0.99258	-1.29233	-1.52923	-1.68953	-1.79464	-1.84346	-1.84346	
-0.488889	-0.495071	-0.496686	-0.488961	-0.466504	-0.439849	-0.410636	-0.385651	-0.370074	-0.359498	-0.347883	-0.301938	-0.197306	-0.0483724	0.119111	0.286221	0.467139	0.66818	0.888582	1.09992	1.2705	1.38372	1.43869	1.43065	1.34513	1.16679	0.908108	0.626731	0.38077	0.202588	0.0901327	0.0303217	0.0217203	0.0507524	0.0979156	0.14097	0.158394	0.146751	0.0864991	-0.0308078	-0.215817	-0.469907	-0.779423	-1.11921	-1.4353	-1.68953	-1.86434	-1.97524	-2.03116	-2.03116	
-0.429701	-0.448836	-0.466448	-0.47559	-0.46771	-0.453895	-0.433608	-0.416821	-0.41025	-0.416705	-0.429228	-0.405383	-0.306687	-0.156831	0.0156479	0.203845	0.408644	0.640298	0.900829	1.15445	1.36235	1.50266	1.57805	1.58846	1.50303	1.31043	1.03522	0.735083	0.470063	0.280025	0.159403	0.0877146	0.0565555	0.0683174	0.110002	0.141213	0.147699	0.123492	0.0569307	-0.0631335	-0.257254	-0.520716	-0.84539	-1.20169	-1.53027	-1.79464	-1.97524	-2.0851	-2.13973	-2.13973	
-0.3934	-0.419517	-0.447317	-0.466032	-0.468047	-0.462845	-0.45004	-0.443592	-0.443684	-0.462171	-0.489668	-0.477492	-0.383347	-0.228723	-0.0483657	0.149476	0.369294	0.622214	0.902637	1.18006	1.40539	1.5632	1.65067	1.66149	1.57912	1.38298	1.09467	0.776911	0.502938	0.307196	0.183196	0.109181	0.0729572	0.0847447	0.122447	0.151793	0.156057	0.125193	0.053497	-0.0699412	-0.271158	-0.54719	-0.877773	-1.24279	-1.57679	-1.84346	-2.03116	-2.13973	-2.1975	-2.1975	
-0.3934	-0.419517	-0.447317	-0.466032	-0.468047	-0.462845	-0.45004	-0.443592	-0.443684	-0.462171	-0.489668	-0.477492	-0.383347	-0.228723	-0.0483657	0.149476	0.369294	0.622214	0.902637	1.18006	1.40539	1.5632	1.65067	1.66149	1.57912	1.38298	1.09467	0.776911	0.502938	0.307196	0.183196	0.109181	0.0729572	0.0847447	0.122447	0.151793	0.156057	0.125193	0.053497	-0.0699412	-0.271158	-0.54719	-0.877773	-1.24279	-1.57679	-1.84346	-2.03116	-2.13973	-2.1975	-2.1975	
