-0.587199	-0.635714	-0.626162	-0.552008	-0.421704	-0.265482	-0.101515	0.0712821	0.219309	0.307038	0.328545	0.284228	0.191099	0.0846672	-0.0254757	-0.129531	-0.208432	-0.256157	-0.281614	-0.283882	-0.257529	-0.201891	-0.111843	0.00899688	0.149238	0.272426	0.357719	0.432007	0.513134	0.606047	0.703954	0.787416	0.852234	0.90223	0.927236	0.896822	0.814413	0.708491	0.577996	0.4437	0.3341	0.242498	0.1517	0.0503059	-0.0466284	-0.127631	-0.189917	-0.217943	-0.220837	-0.220837	
-0.635714	-0.695519	-0.694604	-0.639152	-0.53223	-0.399349	-0.246987	-0.0825787	0.0619998	0.163481	0.210808	0.189632	0.114459	0.0121669	-0.111417	-0.230247	-0.32081	-0.377882	-0.412486	-0.419798	-0.406005	-0.367063	-0.287366	-0.169385	-0.0137187	0.145324	0.273854	0.378433	0.481832	0.588287	0.689672	0.779415	0.839919	0.875263	0.887162	0.853382	0.778668	0.672321	0.542378	0.417852	0.316156	0.244966	0.190081	0.127523	0.072665	0.0345544	0.0108747	0.0111628	0.0209954	0.0209954	
-0.626162	-0.694604	-0.708685	-0.677979	-0.598721	-0.485722	-0.34561	-0.19982	-0.0610968	0.0568338	0.131212	0.128423	0.0642236	-0.0383702	-0.165407	-0.288581	-0.389004	-0.465796	-0.518871	-0.538359	-0.544617	-0.523827	-0.458993	-0.349083	-0.192958	-0.0165129	0.148577	0.288182	0.418581	0.53378	0.628803	0.712329	0.767974	0.789145	0.777949	0.74008	0.681409	0.593085	0.479924	0.371637	0.292581	0.247666	0.226414	0.212069	0.205205	0.213741	0.232236	0.252705	0.266866	0.266866	
-0.552008	-0.639152	-0.677979	-0.668758	-0.610312	-0.517128	-0.400812	-0.267292	-0.125961	0.000846599	0.0826354	0.0908021	0.039213	-0.0565926	-0.176107	-0.297251	-0.409853	-0.510967	-0.583545	-0.622758	-0.647808	-0.645246	-0.596604	-0.494307	-0.348033	-0.168756	0.0134075	0.173814	0.321593	0.443718	0.535913	0.600835	0.634743	0.63929	0.615921	0.57542	0.527867	0.471159	0.391875	0.310932	0.262077	0.241301	0.248056	0.279018	0.3253	0.388825	0.449045	0.483793	0.497363	0.497363	
-0.421704	-0.53223	-0.598721	-0.610312	-0.573992	-0.508826	-0.408887	-0.272462	-0.129944	-0.0145629	0.0596137	0.0790827	0.0427244	-0.0401213	-0.145041	-0.260958	-0.38593	-0.506234	-0.599591	-0.660546	-0.701945	-0.715919	-0.681253	-0.590932	-0.455389	-0.28475	-0.103197	0.0664319	0.213346	0.334699	0.428086	0.474182	0.471159	0.44074	0.406964	0.371085	0.337475	0.316677	0.281373	0.236422	0.216404	0.225006	0.259708	0.32001	0.411222	0.522619	0.619956	0.675601	0.688578	0.688578	
-0.265482	-0.399349	-0.485722	-0.517128	-0.508826	-0.465402	-0.372581	-0.238039	-0.10442	0.000156061	0.0736312	0.103647	0.0805715	0.0141639	-0.074471	-0.184177	-0.313891	-0.446457	-0.561959	-0.648706	-0.706197	-0.730978	-0.712835	-0.639159	-0.516	-0.358533	-0.181862	-0.0114285	0.13005	0.240946	0.31866	0.343488	0.306705	0.238623	0.185645	0.153269	0.137415	0.14157	0.147295	0.145368	0.151309	0.19091	0.257422	0.339852	0.460521	0.597992	0.712577	0.783378	0.800706	0.800706	
-0.101515	-0.246987	-0.34561	-0.400812	-0.408887	-0.372581	-0.294777	-0.185332	-0.0669704	0.0366426	0.114385	0.152034	0.144922	0.0955867	0.017269	-0.0865397	-0.209976	-0.34197	-0.472552	-0.579396	-0.650735	-0.685688	-0.684463	-0.633901	-0.528096	-0.380353	-0.212478	-0.0538174	0.0745899	0.165909	0.214522	0.211357	0.158032	0.0802264	0.00949219	-0.0367644	-0.0448433	-0.0245924	0.000223997	0.0280514	0.0679734	0.137601	0.232946	0.338135	0.463043	0.596215	0.709883	0.782057	0.803889	0.803889	
0.0712821	-0.0825787	-0.19982	-0.267292	-0.272462	-0.238039	-0.185332	-0.108281	-0.00842608	0.0915031	0.169581	0.214602	0.225568	0.192396	0.121292	0.0229667	-0.0889226	-0.214797	-0.343081	-0.453963	-0.538293	-0.587563	-0.603788	-0.571631	-0.482649	-0.345987	-0.193005	-0.0617519	0.039894	0.106677	0.126645	0.0997417	0.0421827	-0.0269269	-0.102214	-0.171282	-0.19547	-0.170047	-0.129767	-0.0807222	-0.0159149	0.0697417	0.177431	0.289439	0.399827	0.50928	0.602831	0.667736	0.700224	0.700224	
0.219309	0.0619998	-0.0610968	-0.125961	-0.129944	-0.10442	-0.0669704	-0.00842608	0.0761275	0.170992	0.246797	0.293531	0.316412	0.299756	0.241705	0.156732	0.0536908	-0.0664912	-0.185253	-0.292913	-0.386445	-0.454448	-0.482555	-0.459272	-0.38607	-0.266374	-0.139509	-0.0406432	0.0342866	0.0788142	0.0755603	0.0312924	-0.0304491	-0.0992474	-0.174882	-0.252293	-0.295189	-0.278553	-0.230001	-0.166207	-0.0865094	0.00132307	0.0932162	0.1841	0.266652	0.338557	0.405075	0.462237	0.493695	0.493695	
0.307038	0.163481	0.0568338	0.000846599	-0.0145629	0.000156061	0.0366426	0.0915031	0.170992	0.265628	0.339248	0.385252	0.411872	0.403793	0.36557	0.305546	0.221076	0.109543	-0.00546516	-0.111701	-0.2084	-0.280435	-0.311302	-0.297691	-0.246693	-0.159848	-0.0650511	0.005353	0.0526852	0.0770237	0.0568975	-0.000181765	-0.0657579	-0.137842	-0.213768	-0.283365	-0.330738	-0.338317	-0.30459	-0.241957	-0.167301	-0.087	-0.0113361	0.0496084	0.0946286	0.121588	0.148245	0.181312	0.199308	0.199308	
0.328545	0.210808	0.131212	0.0826354	0.0596137	0.0736312	0.114385	0.169581	0.246797	0.339248	0.416863	0.471308	0.495997	0.488981	0.471617	0.44691	0.393197	0.302522	0.198226	0.0937323	0.00506001	-0.0584696	-0.0912448	-0.0920949	-0.0745139	-0.0329863	0.0261988	0.0708827	0.0867829	0.081885	0.0497823	-0.00564436	-0.0671881	-0.138875	-0.215673	-0.281422	-0.332158	-0.364613	-0.361382	-0.318812	-0.256881	-0.190808	-0.138385	-0.10813	-0.0984359	-0.110814	-0.125977	-0.131828	-0.137281	-0.137281	
0.284228	0.189632	0.128423	0.0908021	0.0790827	0.103647	0.152034	0.214602	0.293531	0.385252	0.471308	0.535939	0.564659	0.567494	0.573088	0.571543	0.542372	0.485074	0.40751	0.319081	0.242643	0.184104	0.143998	0.127744	0.124687	0.129045	0.143642	0.152868	0.134275	0.0972082	0.0539428	0.00390741	-0.0548486	-0.125849	-0.204185	-0.277092	-0.335374	-0.380919	-0.400642	-0.381957	-0.342903	-0.303381	-0.278951	-0.283181	-0.314145	-0.353826	-0.388544	-0.419911	-0.442161	-0.442161	
0.191099	0.114459	0.0642236	0.039213	0.0427244	0.0805715	0.144922	0.225568	0.316412	0.411872	0.495997	0.564659	0.610699	0.640971	0.66195	0.667947	0.661759	0.643629	0.607925	0.548964	0.489817	0.434924	0.382174	0.348783	0.331833	0.31245	0.279491	0.231656	0.172789	0.117587	0.0691294	0.0180864	-0.0444046	-0.122576	-0.20635	-0.281692	-0.34474	-0.39668	-0.429136	-0.439278	-0.433468	-0.423143	-0.428491	-0.459069	-0.510999	-0.567412	-0.6153	-0.656986	-0.683873	-0.683873	
0.0846672	0.0121669	-0.0383702	-0.0565926	-0.0401213	0.0141639	0.0955867	0.192396	0.299756	0.403793	0.488981	0.567494	0.640971	0.693209	0.721787	0.746578	0.774596	0.796641	0.797951	0.772222	0.735482	0.686661	0.62742	0.567746	0.517108	0.469528	0.398509	0.297022	0.1939	0.120781	0.0670092	0.0115883	-0.0535404	-0.13397	-0.221887	-0.300496	-0.363309	-0.414724	-0.457131	-0.495682	-0.527211	-0.547928	-0.569794	-0.604878	-0.660644	-0.723796	-0.77931	-0.830104	-0.864021	-0.864021	
-0.0254757	-0.111417	-0.165407	-0.176107	-0.145041	-0.074471	0.017269	0.121292	0.241705	0.36557	0.471617	0.573088	0.66195	0.721787	0.767717	0.826118	0.892196	0.945667	0.979753	0.988604	0.972478	0.930719	0.865769	0.777554	0.676984	0.577144	0.468976	0.336417	0.197438	0.0919984	0.0167352	-0.0485353	-0.107447	-0.173938	-0.257239	-0.334853	-0.395645	-0.447795	-0.489438	-0.534451	-0.589346	-0.639379	-0.680124	-0.71781	-0.768846	-0.831415	-0.888258	-0.932002	-0.954221	-0.954221	
-0.129531	-0.230247	-0.288581	-0.297251	-0.260958	-0.184177	-0.0865397	0.0229667	0.156732	0.305546	0.44691	0.571543	0.667947	0.746578	0.826118	0.918361	1.00996	1.0956	1.16772	1.2078	1.20969	1.16624	1.08303	0.963205	0.813554	0.649668	0.487718	0.327345	0.165224	0.0214597	-0.0915852	-0.171867	-0.22434	-0.272349	-0.331292	-0.387383	-0.434207	-0.476392	-0.512102	-0.555573	-0.616317	-0.686122	-0.747018	-0.789312	-0.833921	-0.8866	-0.93318	-0.963417	-0.971144	-0.971144	
-0.208432	-0.32081	-0.389004	-0.409853	-0.38593	-0.313891	-0.209976	-0.0889226	0.0536908	0.221076	0.393197	0.542372	0.661759	0.774596	0.892196	1.00996	1.13018	1.25838	1.36764	1.43443	1.45137	1.40519	1.29179	1.12298	0.920871	0.694779	0.468816	0.265077	0.0736354	-0.107125	-0.252278	-0.342563	-0.389489	-0.418542	-0.445021	-0.461948	-0.476211	-0.502441	-0.530318	-0.56516	-0.624453	-0.701133	-0.764415	-0.802815	-0.840987	-0.883649	-0.918408	-0.936424	-0.93465	-0.93465	
-0.256157	-0.377882	-0.465796	-0.510967	-0.506234	-0.446457	-0.34197	-0.214797	-0.0664912	0.109543	0.302522	0.485074	0.643629	0.796641	0.945667	1.0956	1.25838	1.42872	1.56953	1.65661	1.68433	1.63279	1.48518	1.25771	0.991114	0.706304	0.426882	0.174703	-0.0566099	-0.268948	-0.435819	-0.535248	-0.578658	-0.591421	-0.585419	-0.561131	-0.540559	-0.538155	-0.545492	-0.56928	-0.6166	-0.683091	-0.744809	-0.780595	-0.805781	-0.830914	-0.850007	-0.854846	-0.845688	-0.845688	
-0.281614	-0.412486	-0.518871	-0.583545	-0.599591	-0.561959	-0.472552	-0.343081	-0.185253	-0.00546516	0.198226	0.40751	0.607925	0.797951	0.979753	1.16772	1.36764	1.56953	1.73749	1.84863	1.88114	1.81441	1.63953	1.36735	1.0419	0.701271	0.374336	0.0767099	-0.191919	-0.428439	-0.611042	-0.724148	-0.774017	-0.767939	-0.721539	-0.659868	-0.610246	-0.583096	-0.572558	-0.580239	-0.610666	-0.658861	-0.702055	-0.72842	-0.744275	-0.74638	-0.738716	-0.727732	-0.714882	-0.714882	
-0.283882	-0.419798	-0.538359	-0.622758	-0.660546	-0.648706	-0.579396	-0.453963	-0.292913	-0.111701	0.0937323	0.319081	0.548964	0.772222	0.988604	1.2078	1.43443	1.65661	1.84863	1.98143	2.01305	1.92975	1.73401	1.43491	1.06972	0.683678	0.315437	-0.0163924	-0.308256	-0.556566	-0.746894	-0.872797	-0.928462	-0.907537	-0.833855	-0.745482	-0.675548	-0.632877	-0.609528	-0.603601	-0.613099	-0.633801	-0.653969	-0.663664	-0.659697	-0.640453	-0.612546	-0.58373	-0.563069	-0.563069	
-0.257529	-0.406005	-0.544617	-0.647808	-0.701945	-0.706197	-0.650735	-0.538293	-0.386445	-0.2084	0.00506001	0.242643	0.489817	0.735482	0.972478	1.20969	1.45137	1.68433	1.88114	2.01305	2.04172	1.95369	1.74871	1.4367	1.05535	0.652356	0.26767	-0.0779869	-0.37803	-0.633062	-0.82968	-0.955142	-1.00796	-0.986471	-0.907808	-0.814348	-0.737828	-0.679334	-0.639424	-0.617334	-0.607535	-0.607593	-0.606744	-0.596862	-0.570885	-0.529702	-0.488447	-0.453876	-0.43161	-0.43161	
-0.201891	-0.367063	-0.523827	-0.645246	-0.715919	-0.730978	-0.685688	-0.587563	-0.454448	-0.280435	-0.0584696	0.184104	0.434924	0.686661	0.930719	1.16624	1.40519	1.63279	1.81441	1.92975	1.95369	1.87239	1.67419	1.37127	1.00375	0.61332	0.234382	-0.104566	-0.395814	-0.650813	-0.846793	-0.962205	-1.00905	-0.996425	-0.935433	-0.854334	-0.776928	-0.710303	-0.6563	-0.611994	-0.582433	-0.567651	-0.551569	-0.525609	-0.485683	-0.440565	-0.400604	-0.364701	-0.34282	-0.34282	
-0.111843	-0.287366	-0.458993	-0.596604	-0.681253	-0.712835	-0.684463	-0.603788	-0.482555	-0.311302	-0.0912448	0.143998	0.382174	0.62742	0.865769	1.08303	1.29179	1.48518	1.63953	1.73401	1.74871	1.67419	1.50157	1.24394	0.92466	0.570164	0.217281	-0.0952737	-0.36272	-0.601777	-0.79037	-0.903782	-0.952421	-0.952354	-0.91057	-0.846945	-0.778464	-0.70645	-0.641203	-0.586663	-0.543961	-0.515296	-0.490926	-0.457706	-0.411559	-0.374054	-0.352369	-0.330382	-0.314698	-0.314698	
0.00899688	-0.169385	-0.349083	-0.494307	-0.590932	-0.639159	-0.633901	-0.571631	-0.459272	-0.297691	-0.0920949	0.127744	0.348783	0.567746	0.777554	0.963205	1.12298	1.25771	1.36735	1.43491	1.4367	1.37127	1.24394	1.05672	0.804652	0.510678	0.214333	-0.0548066	-0.290146	-0.500812	-0.671058	-0.781059	-0.837252	-0.850207	-0.828314	-0.790789	-0.73942	-0.672566	-0.605496	-0.542663	-0.492083	-0.455855	-0.425327	-0.396775	-0.365249	-0.344989	-0.34034	-0.335026	-0.331403	-0.331403	
0.149238	-0.0137187	-0.192958	-0.348033	-0.455389	-0.516	-0.528096	-0.482649	-0.38607	-0.246693	-0.0745139	0.124687	0.331833	0.517108	0.676984	0.813554	0.920871	0.991114	1.0419	1.06972	1.05535	1.00375	0.92466	0.804652	0.628473	0.422418	0.207019	-0.00834457	-0.204559	-0.36789	-0.496993	-0.59489	-0.657978	-0.688919	-0.699017	-0.694679	-0.664813	-0.609708	-0.549927	-0.494926	-0.446281	-0.402497	-0.37086	-0.352933	-0.338509	-0.33853	-0.351108	-0.361864	-0.372541	-0.372541	
0.272426	0.145324	-0.0165129	-0.168756	-0.28475	-0.358533	-0.380353	-0.345987	-0.266374	-0.159848	-0.0329863	0.129045	0.31245	0.469528	0.577144	0.649668	0.694779	0.706304	0.701271	0.683678	0.652356	0.61332	0.570164	0.510678	0.422418	0.313603	0.178456	0.0211349	-0.119635	-0.217776	-0.295737	-0.372857	-0.442019	-0.496841	-0.532108	-0.552097	-0.550633	-0.523008	-0.489084	-0.458429	-0.420186	-0.370695	-0.33468	-0.325459	-0.326519	-0.336778	-0.361547	-0.394209	-0.421241	-0.421241	
0.357719	0.273854	0.148577	0.0134075	-0.103197	-0.181862	-0.212478	-0.193005	-0.139509	-0.0650511	0.0261988	0.143642	0.279491	0.398509	0.468976	0.487718	0.468816	0.426882	0.374336	0.315437	0.26767	0.234382	0.217281	0.214333	0.207019	0.178456	0.117164	0.0408684	-0.0195391	-0.0570032	-0.0942884	-0.149243	-0.218919	-0.288926	-0.347058	-0.394113	-0.424205	-0.436768	-0.440808	-0.430463	-0.393336	-0.340932	-0.309842	-0.313339	-0.33324	-0.353863	-0.37584	-0.408581	-0.43966	-0.43966	
0.432007	0.378433	0.288182	0.173814	0.0664319	-0.0114285	-0.0538174	-0.0617519	-0.0406432	0.005353	0.0708827	0.152868	0.231656	0.297022	0.336417	0.327345	0.265077	0.174703	0.0767099	-0.0163924	-0.0779869	-0.104566	-0.0952737	-0.0548066	-0.00834457	0.0211349	0.0408684	0.0665665	0.0882108	0.100404	0.0940262	0.0558637	-0.00740497	-0.0827894	-0.164582	-0.244826	-0.313473	-0.368632	-0.403202	-0.404771	-0.369098	-0.320713	-0.298511	-0.308991	-0.335056	-0.358191	-0.379144	-0.409938	-0.435644	-0.435644	
0.513134	0.481832	0.418581	0.321593	0.213346	0.13005	0.0745899	0.039894	0.0342866	0.0526852	0.0867829	0.134275	0.172789	0.1939	0.197438	0.165224	0.0736354	-0.0566099	-0.191919	-0.308256	-0.37803	-0.395814	-0.36272	-0.290146	-0.204559	-0.119635	-0.0195391	0.0882108	0.177085	0.24105	0.263914	0.238377	0.17875	0.0940021	-0.010025	-0.114986	-0.213436	-0.307297	-0.37	-0.383244	-0.358174	-0.320123	-0.298405	-0.301999	-0.32282	-0.344795	-0.365954	-0.392849	-0.411361	-0.411361	
0.606047	0.588287	0.53378	0.443718	0.334699	0.240946	0.165909	0.106677	0.0788142	0.0770237	0.081885	0.0972082	0.117587	0.120781	0.0919984	0.0214597	-0.107125	-0.268948	-0.428439	-0.556566	-0.633062	-0.650813	-0.601777	-0.500812	-0.36789	-0.217776	-0.0570032	0.100404	0.24105	0.352528	0.400577	0.380305	0.319731	0.228504	0.109909	-0.0131311	-0.130661	-0.238753	-0.312473	-0.343703	-0.342837	-0.327287	-0.314519	-0.309729	-0.319655	-0.335631	-0.342835	-0.345347	-0.346261	-0.346261	
0.703954	0.689672	0.628803	0.535913	0.428086	0.31866	0.214522	0.126645	0.0755603	0.0568975	0.0497823	0.0539428	0.0691294	0.0670092	0.0167352	-0.0915852	-0.252278	-0.435819	-0.611042	-0.746894	-0.82968	-0.846793	-0.79037	-0.671058	-0.496993	-0.295737	-0.0942884	0.0940262	0.263914	0.400577	0.468346	0.462595	0.412399	0.32749	0.209312	0.0763005	-0.0539995	-0.159997	-0.232607	-0.281737	-0.310289	-0.327834	-0.334536	-0.3295	-0.328315	-0.323329	-0.30725	-0.286148	-0.264729	-0.264729	
0.787416	0.779415	0.712329	0.600835	0.474182	0.343488	0.211357	0.0997417	0.0312924	-0.000181765	-0.00564436	0.00390741	0.0180864	0.0115883	-0.0485353	-0.171867	-0.342563	-0.535248	-0.724148	-0.872797	-0.955142	-0.962205	-0.903782	-0.781059	-0.59489	-0.372857	-0.149243	0.0558637	0.238377	0.380305	0.462595	0.481249	0.44981	0.381541	0.2748	0.149152	0.0343361	-0.0575965	-0.137052	-0.209268	-0.26676	-0.31302	-0.332773	-0.325998	-0.318594	-0.299802	-0.268134	-0.239022	-0.214468	-0.214468	
0.852234	0.839919	0.767974	0.634743	0.471159	0.306705	0.158032	0.0421827	-0.0304491	-0.0657579	-0.0671881	-0.0548486	-0.0444046	-0.0535404	-0.107447	-0.22434	-0.389489	-0.578658	-0.774017	-0.928462	-1.00796	-1.00905	-0.952421	-0.837252	-0.657978	-0.442019	-0.218919	-0.00740497	0.17875	0.319731	0.412399	0.44981	0.427916	0.367856	0.281549	0.191602	0.117256	0.046312	-0.0299455	-0.11076	-0.195539	-0.265759	-0.296472	-0.297641	-0.287901	-0.264855	-0.235907	-0.213663	-0.200422	-0.200422	
0.90223	0.875263	0.789145	0.63929	0.44074	0.238623	0.0802264	-0.0269269	-0.0992474	-0.137842	-0.138875	-0.125849	-0.122576	-0.13397	-0.173938	-0.272349	-0.418542	-0.591421	-0.767939	-0.907537	-0.986471	-0.996425	-0.952354	-0.850207	-0.688919	-0.496841	-0.288926	-0.0827894	0.0940021	0.228504	0.32749	0.381541	0.367856	0.306889	0.24669	0.206202	0.171216	0.125244	0.0701923	-0.000693924	-0.0952178	-0.178308	-0.23038	-0.258112	-0.251786	-0.229559	-0.210171	-0.1947	-0.193679	-0.193679	
0.927236	0.887162	0.777949	0.615921	0.406964	0.185645	0.00949219	-0.102214	-0.174882	-0.213768	-0.215673	-0.204185	-0.20635	-0.221887	-0.257239	-0.331292	-0.445021	-0.585419	-0.721539	-0.833855	-0.907808	-0.935433	-0.91057	-0.828314	-0.699017	-0.532108	-0.347058	-0.164582	-0.010025	0.109909	0.209312	0.2748	0.281549	0.24669	0.22283	0.213187	0.197321	0.178725	0.144402	0.0809462	-0.00639567	-0.0929119	-0.158584	-0.196253	-0.199017	-0.189426	-0.178869	-0.169817	-0.17757	-0.17757	
0.896822	0.853382	0.74008	0.57542	0.371085	0.153269	-0.0367644	-0.171282	-0.252293	-0.283365	-0.281422	-0.277092	-0.281692	-0.300496	-0.334853	-0.387383	-0.461948	-0.561131	-0.659868	-0.745482	-0.814348	-0.854334	-0.846945	-0.790789	-0.694679	-0.552097	-0.394113	-0.244826	-0.114986	-0.0131311	0.0763005	0.149152	0.191602	0.206202	0.213187	0.218146	0.21435	0.203357	0.171905	0.117345	0.0469613	-0.0304115	-0.0884859	-0.117184	-0.127816	-0.132649	-0.136929	-0.13954	-0.141864	-0.141864	
0.814413	0.778668	0.681409	0.527867	0.337475	0.137415	-0.0448433	-0.19547	-0.295189	-0.330738	-0.332158	-0.335374	-0.34474	-0.363309	-0.395645	-0.434207	-0.476211	-0.540559	-0.610246	-0.675548	-0.737828	-0.776928	-0.778464	-0.73942	-0.664813	-0.550633	-0.424205	-0.313473	-0.213436	-0.130661	-0.0539995	0.0343361	0.117256	0.171216	0.197321	0.21435	0.220406	0.201529	0.163577	0.11592	0.0658148	0.0199449	-0.0160213	-0.03625	-0.0513572	-0.0716632	-0.0891278	-0.0933239	-0.0871876	-0.0871876	
0.708491	0.672321	0.593085	0.471159	0.316677	0.14157	-0.0245924	-0.170047	-0.278553	-0.338317	-0.364613	-0.380919	-0.39668	-0.414724	-0.447795	-0.476392	-0.502441	-0.538155	-0.583096	-0.632877	-0.679334	-0.710303	-0.70645	-0.672566	-0.609708	-0.523008	-0.436768	-0.368632	-0.307297	-0.238753	-0.159997	-0.0575965	0.046312	0.125244	0.178725	0.203357	0.201529	0.174433	0.137235	0.103527	0.0744268	0.0583571	0.0493711	0.0382011	0.0185487	-0.012438	-0.0354927	-0.0346703	-0.0222362	-0.0222362	
0.577996	0.542378	0.479924	0.391875	0.281373	0.147295	0.000223997	-0.129767	-0.230001	-0.30459	-0.361382	-0.400642	-0.429136	-0.457131	-0.489438	-0.512102	-0.530318	-0.545492	-0.572558	-0.609528	-0.639424	-0.6563	-0.641203	-0.605496	-0.549927	-0.489084	-0.440808	-0.403202	-0.37	-0.312473	-0.232607	-0.137052	-0.0299455	0.0701923	0.144402	0.171905	0.163577	0.137235	0.107327	0.0905654	0.0862297	0.093565	0.101826	0.0963459	0.0796661	0.0531162	0.0252901	0.021412	0.0383438	0.0383438	
0.4437	0.417852	0.371637	0.310932	0.236422	0.145368	0.0280514	-0.0807222	-0.166207	-0.241957	-0.318812	-0.381957	-0.439278	-0.495682	-0.534451	-0.555573	-0.56516	-0.56928	-0.580239	-0.603601	-0.617334	-0.611994	-0.586663	-0.542663	-0.494926	-0.458429	-0.430463	-0.404771	-0.383244	-0.343703	-0.281737	-0.209268	-0.11076	-0.000693924	0.0809462	0.117345	0.11592	0.103527	0.0905654	0.0825392	0.100912	0.129981	0.141529	0.141648	0.132889	0.1114	0.0878198	0.0783747	0.0836132	0.0836132	
0.3341	0.316156	0.292581	0.262077	0.216404	0.151309	0.0679734	-0.0159149	-0.0865094	-0.167301	-0.256881	-0.342903	-0.433468	-0.527211	-0.589346	-0.616317	-0.624453	-0.6166	-0.610666	-0.613099	-0.607535	-0.582433	-0.543961	-0.492083	-0.446281	-0.420186	-0.393336	-0.369098	-0.358174	-0.342837	-0.310289	-0.26676	-0.195539	-0.0952178	-0.00639567	0.0469613	0.0658148	0.0744268	0.0862297	0.100912	0.130999	0.156179	0.163054	0.169481	0.167408	0.155611	0.147099	0.136205	0.12444	0.12444	
0.242498	0.244966	0.247666	0.241301	0.225006	0.19091	0.137601	0.0697417	0.00132307	-0.087	-0.190808	-0.303381	-0.423143	-0.547928	-0.639379	-0.686122	-0.701133	-0.683091	-0.658861	-0.633801	-0.607593	-0.567651	-0.515296	-0.455855	-0.402497	-0.370695	-0.340932	-0.320713	-0.320123	-0.327287	-0.327834	-0.31302	-0.265759	-0.178308	-0.0929119	-0.0304115	0.0199449	0.0583571	0.093565	0.129981	0.156179	0.166494	0.170871	0.17557	0.182962	0.197062	0.201797	0.185816	0.168459	0.168459	
0.1517	0.190081	0.226414	0.248056	0.259708	0.257422	0.232946	0.177431	0.0932162	-0.0113361	-0.138385	-0.278951	-0.428491	-0.569794	-0.680124	-0.747018	-0.764415	-0.744809	-0.702055	-0.653969	-0.606744	-0.551569	-0.490926	-0.425327	-0.37086	-0.33468	-0.309842	-0.298511	-0.298405	-0.314519	-0.334536	-0.332773	-0.296472	-0.23038	-0.158584	-0.0884859	-0.0160213	0.0493711	0.101826	0.141529	0.163054	0.170871	0.17581	0.174376	0.18279	0.217437	0.241586	0.234022	0.222492	0.222492	
0.0503059	0.127523	0.212069	0.279018	0.32001	0.339852	0.338135	0.289439	0.1841	0.0496084	-0.10813	-0.283181	-0.459069	-0.604878	-0.71781	-0.789312	-0.802815	-0.780595	-0.72842	-0.663664	-0.596862	-0.525609	-0.457706	-0.396775	-0.352933	-0.325459	-0.313339	-0.308991	-0.301999	-0.309729	-0.3295	-0.325998	-0.297641	-0.258112	-0.196253	-0.117184	-0.03625	0.0382011	0.0963459	0.141648	0.169481	0.17557	0.174376	0.170903	0.179026	0.217043	0.261887	0.279489	0.27522	0.27522	
-0.0466284	0.072665	0.205205	0.3253	0.411222	0.460521	0.463043	0.399827	0.266652	0.0946286	-0.0984359	-0.314145	-0.510999	-0.660644	-0.768846	-0.833921	-0.840987	-0.805781	-0.744275	-0.659697	-0.570885	-0.485683	-0.411559	-0.365249	-0.338509	-0.326519	-0.33324	-0.335056	-0.32282	-0.319655	-0.328315	-0.318594	-0.287901	-0.251786	-0.199017	-0.127816	-0.0513572	0.0185487	0.0796661	0.132889	0.167408	0.182962	0.18279	0.179026	0.193222	0.224608	0.267472	0.297956	0.296417	0.296417	
-0.127631	0.0345544	0.213741	0.388825	0.522619	0.597992	0.596215	0.50928	0.338557	0.121588	-0.110814	-0.353826	-0.567412	-0.723796	-0.831415	-0.8866	-0.883649	-0.830914	-0.74638	-0.640453	-0.529702	-0.440565	-0.374054	-0.344989	-0.33853	-0.336778	-0.353863	-0.358191	-0.344795	-0.335631	-0.323329	-0.299802	-0.264855	-0.229559	-0.189426	-0.132649	-0.0716632	-0.012438	0.0531162	0.1114	0.155611	0.197062	0.217437	0.217043	0.224608	0.238249	0.259524	0.282465	0.286154	0.286154	
-0.189917	0.0108747	0.232236	0.449045	0.619956	0.712577	0.709883	0.602831	0.405075	0.148245	-0.125977	-0.388544	-0.6153	-0.77931	-0.888258	-0.93318	-0.918408	-0.850007	-0.738716	-0.612546	-0.488447	-0.400604	-0.352369	-0.34034	-0.351108	-0.361547	-0.37584	-0.379144	-0.365954	-0.342835	-0.30725	-0.268134	-0.235907	-0.210171	-0.178869	-0.136929	-0.0891278	-0.0354927	0.0252901	0.0878198	0.147099	0.201797	0.241586	0.261887	0.267472	0.259524	0.251917	0.254298	0.256874	0.256874	
-0.217943	0.0111628	0.252705	0.483793	0.675601	0.783378	0.782057	0.667736	0.462237	0.181312	-0.131828	-0.419911	-0.656986	-0.830104	-0.932002	-0.963417	-0.936424	-0.854846	-0.727732	-0.58373	-0.453876	-0.364701	-0.330382	-0.335026	-0.361864	-0.394209	-0.408581	-0.409938	-0.392849	-0.345347	-0.286148	-0.239022	-0.213663	-0.1947	-0.169817	-0.13954	-0.0933239	-0.0346703	0.021412	0.0783747	0.136205	0.185816	0.234022	0.279489	0.297956	0.282465	0.254298	0.237896	0.237433	0.237433	
-0.220837	0.0209954	0.266866	0.497363	0.688578	0.800706	0.803889	0.700224	0.493695	0.199308	-0.137281	-0.442161	-0.683873	-0.864021	-0.954221	-0.971144	-0.93465	-0.845688	-0.714882	-0.563069	-0.43161	-0.34282	-0.314698	-0.331403	-0.372541	-0.421241	-0.43966	-0.435644	-0.411361	-0.346261	-0.264729	-0.214468	-0.200422	-0.193679	-0.17757	-0.141864	-0.0871876	-0.0222362	0.0383438	0.0836132	0.12444	0.168459	0.222492	0.27522	0.296417	0.286154	0.256874	0.237433	0.247325	0.247325	
-0.220837	0.0209954	0.266866	0.497363	0.688578	0.800706	0.803889	0.700224	0.493695	0.199308	-0.137281	-0.442161	-0.683873	-0.864021	-0.954221	-0.971144	-0.93465	-0.845688	-0.714882	-0.563069	-0.43161	-0.34282	-0.314698	-0.331403	-0.372541	-0.421241	-0.43966	-0.435644	-0.411361	-0.346261	-0.264729	-0.214468	-0.200422	-0.193679	-0.17757	-0.141864	-0.0871876	-0.0222362	0.0383438	0.0836132	0.12444	0.168459	0.222492	0.27522	0.296417	0.286154	0.256874	0.237433	0.247325	0.247325	
