0.0416728	0.0416728	0.0474262	0.0523731	0.0576713	0.0608733	0.06333	0.0892565	0.152867	0.237726	0.326498	0.390406	0.419778	0.445794	0.469433	0.483189	0.502453	0.538915	0.589873	0.658517	0.717094	0.77068	0.796611	0.774479	0.690157	0.537961	0.306167	0.0335779	-0.218905	-0.394919	-0.482158	-0.485177	-0.426725	-0.334959	-0.224346	-0.0979602	0.0206595	0.120536	0.195769	0.2783	0.365868	0.452441	0.528641	0.589065	0.632454	0.68276	0.754492	0.827635	0.871028	0.874637	
0.0416728	0.0416728	0.0474262	0.0523731	0.0576713	0.0608733	0.06333	0.0892565	0.152867	0.237726	0.326498	0.390406	0.419778	0.445794	0.469433	0.483189	0.502453	0.538915	0.589873	0.658517	0.717094	0.77068	0.796611	0.774479	0.690157	0.537961	0.306167	0.0335779	-0.218905	-0.394919	-0.482158	-0.485177	-0.426725	-0.334959	-0.224346	-0.0979602	0.0206595	0.120536	0.195769	0.2783	0.365868	0.452441	0.528641	0.589065	0.632454	0.68276	0.754492	0.827635	0.871028	0.874637	
0.0474262	0.0474262	0.0584157	0.0720121	0.0749271	0.0723893	0.0820421	0.120236	0.182534	0.261611	0.344755	0.412754	0.452367	0.476193	0.488785	0.501286	0.527787	0.56178	0.608747	0.667188	0.724061	0.773584	0.795779	0.76194	0.673081	0.515363	0.277007	0.00313668	-0.244273	-0.420093	-0.507003	-0.505099	-0.440725	-0.337009	-0.205035	-0.0725535	0.05157	0.151444	0.231848	0.312585	0.393581	0.470256	0.540401	0.597162	0.638778	0.691213	0.758326	0.822998	0.862534	0.859669	
0.0523731	0.0523731	0.0720121	0.0941419	0.0995811	0.0973127	0.111314	0.154447	0.220729	0.297598	0.375994	0.445121	0.492852	0.515372	0.526938	0.536833	0.558785	0.589822	0.638968	0.692705	0.744959	0.78133	0.787514	0.742855	0.642871	0.470364	0.225326	-0.0477199	-0.290914	-0.467722	-0.555174	-0.544682	-0.465594	-0.343711	-0.181328	-0.0269659	0.105	0.206003	0.288748	0.365844	0.439317	0.49472	0.542987	0.590958	0.637759	0.692658	0.745784	0.790247	0.820016	0.822157	
0.0576713	0.0576713	0.0749271	0.0995811	0.118289	0.127414	0.140179	0.175154	0.242158	0.322261	0.402129	0.471578	0.520958	0.54448	0.560009	0.573184	0.592587	0.625431	0.675076	0.728941	0.776164	0.804035	0.790218	0.729637	0.60978	0.420655	0.167331	-0.104982	-0.35137	-0.53053	-0.617771	-0.595501	-0.496988	-0.348971	-0.161295	0.0206683	0.164805	0.274019	0.355766	0.420808	0.473452	0.506806	0.531763	0.564025	0.605101	0.653168	0.690527	0.716753	0.732637	0.74001	
0.0608733	0.0608733	0.0723893	0.0973127	0.127414	0.146668	0.160396	0.186047	0.243313	0.320918	0.405907	0.476883	0.52619	0.555906	0.576059	0.596808	0.624937	0.664538	0.715844	0.77777	0.822674	0.843876	0.813945	0.729747	0.588475	0.385023	0.121369	-0.157015	-0.408703	-0.596935	-0.680253	-0.64707	-0.52835	-0.352806	-0.142408	0.0630281	0.225518	0.344645	0.417241	0.46181	0.48174	0.4905	0.494619	0.506394	0.526078	0.554714	0.58011	0.594727	0.59977	0.60731	
0.06333	0.06333	0.0820421	0.111314	0.140179	0.160396	0.167459	0.189549	0.23864	0.310675	0.387772	0.459134	0.505851	0.547733	0.581585	0.615531	0.653482	0.702254	0.765796	0.843673	0.892374	0.900365	0.858514	0.755165	0.592032	0.370283	0.0939789	-0.193605	-0.454682	-0.646966	-0.728817	-0.688316	-0.555496	-0.357763	-0.125365	0.104465	0.291923	0.41117	0.465787	0.486297	0.473221	0.448248	0.423313	0.409316	0.40734	0.414938	0.422511	0.424702	0.426102	0.431918	
0.0892565	0.0892565	0.120236	0.154447	0.175154	0.186047	0.189549	0.206987	0.24335	0.297385	0.365677	0.434655	0.483693	0.534475	0.584171	0.624923	0.67694	0.746907	0.829979	0.917217	0.974168	0.975517	0.92074	0.799604	0.615925	0.376494	0.0915445	-0.212351	-0.484597	-0.675152	-0.753644	-0.710673	-0.56222	-0.347522	-0.0958621	0.150951	0.350987	0.468161	0.50541	0.494382	0.452856	0.391472	0.333816	0.287124	0.25536	0.239983	0.233302	0.227023	0.231411	0.250049	
0.152867	0.152867	0.182534	0.220729	0.242158	0.243313	0.23864	0.24335	0.263183	0.299607	0.35557	0.417624	0.476105	0.531436	0.584938	0.636133	0.709968	0.801388	0.902891	0.996686	1.06291	1.07125	1.00504	0.862186	0.659289	0.407167	0.110533	-0.203811	-0.48429	-0.669289	-0.745802	-0.701923	-0.543987	-0.313337	-0.0501739	0.204052	0.405084	0.517777	0.544419	0.503189	0.426495	0.329376	0.239025	0.160379	0.0952506	0.0590739	0.0465391	0.0458345	0.0596847	0.0905823	
0.237726	0.237726	0.261611	0.297598	0.322261	0.320918	0.310675	0.297385	0.299607	0.323329	0.370317	0.420491	0.478986	0.534445	0.59197	0.660692	0.753404	0.86156	0.978763	1.0825	1.15017	1.16087	1.08703	0.931496	0.717495	0.452327	0.143039	-0.177159	-0.455001	-0.643008	-0.716218	-0.667104	-0.502388	-0.260473	0.0128922	0.268796	0.460982	0.56293	0.573652	0.512741	0.404216	0.272331	0.147356	0.0440796	-0.0439387	-0.101158	-0.119617	-0.106918	-0.0736164	-0.0269951	
0.326498	0.326498	0.344755	0.375994	0.402129	0.405907	0.387772	0.365677	0.35557	0.370317	0.402928	0.444024	0.489731	0.544687	0.611914	0.6991	0.801745	0.922714	1.05126	1.16007	1.22522	1.23516	1.16191	1.00222	0.774691	0.495257	0.173231	-0.146953	-0.415502	-0.59786	-0.667453	-0.609628	-0.444625	-0.199349	0.0802968	0.332934	0.516235	0.60807	0.604972	0.528943	0.397535	0.242432	0.0881213	-0.0435353	-0.145658	-0.215084	-0.238363	-0.21137	-0.157231	-0.103824	
0.390406	0.390406	0.412754	0.445121	0.471578	0.476883	0.459134	0.434655	0.417624	0.420491	0.444024	0.47886	0.518185	0.574862	0.649703	0.739396	0.84512	0.978854	1.11909	1.23266	1.29609	1.2971	1.2156	1.04947	0.814081	0.523972	0.196679	-0.123952	-0.384783	-0.55938	-0.618291	-0.548965	-0.378442	-0.134289	0.144905	0.390844	0.563992	0.652987	0.647189	0.56366	0.425451	0.256948	0.0798363	-0.0791803	-0.196423	-0.265672	-0.285493	-0.253736	-0.193667	-0.137743	
0.419778	0.419778	0.452367	0.492852	0.520958	0.52619	0.505851	0.483693	0.476105	0.478986	0.489731	0.518185	0.559722	0.616918	0.696571	0.796152	0.910823	1.04384	1.18454	1.30216	1.3635	1.34903	1.25191	1.07575	0.83254	0.533908	0.202791	-0.115963	-0.379769	-0.551777	-0.596384	-0.50888	-0.324152	-0.0796536	0.192413	0.438392	0.615632	0.707834	0.710374	0.631514	0.497015	0.324679	0.139529	-0.0295301	-0.157198	-0.228303	-0.246985	-0.222687	-0.176193	-0.135798	
0.445794	0.445794	0.476193	0.515372	0.54448	0.555906	0.547733	0.534475	0.531436	0.534445	0.544687	0.574862	0.616918	0.672923	0.75602	0.869581	1.0004	1.1337	1.25771	1.36235	1.41278	1.37969	1.26725	1.07818	0.819438	0.505592	0.169379	-0.154237	-0.423287	-0.588247	-0.61108	-0.504114	-0.303545	-0.0499885	0.218328	0.474625	0.673574	0.783621	0.800129	0.735745	0.613946	0.457366	0.284086	0.115396	-0.0245589	-0.111729	-0.139265	-0.1284	-0.104036	-0.0894847	
0.469433	0.469433	0.488785	0.526938	0.560009	0.576059	0.581585	0.584171	0.584938	0.59197	0.611914	0.649703	0.696571	0.75602	0.84399	0.964634	1.10461	1.23715	1.34742	1.42884	1.45546	1.39836	1.26381	1.05462	0.7717	0.437754	0.0851578	-0.249079	-0.513872	-0.655148	-0.656353	-0.538516	-0.327918	-0.0572912	0.230202	0.510472	0.740098	0.876721	0.920666	0.884296	0.788967	0.65911	0.506336	0.340448	0.193381	0.0882165	0.0399995	0.0238889	0.0129045	-0.012203	
0.483189	0.483189	0.501286	0.536833	0.573184	0.596808	0.615531	0.624923	0.636133	0.660692	0.6991	0.739396	0.796152	0.869581	0.964634	1.08165	1.21792	1.34781	1.45079	1.50565	1.49743	1.40486	1.23696	1.00497	0.703413	0.346189	-0.0244397	-0.369693	-0.631009	-0.75519	-0.739345	-0.604595	-0.370406	-0.0732676	0.246494	0.555409	0.809744	0.974941	1.05794	1.06911	1.01386	0.910338	0.775443	0.62234	0.477729	0.36389	0.285929	0.225666	0.166077	0.0962002	
0.502453	0.502453	0.527787	0.558785	0.592587	0.624937	0.653482	0.67694	0.709968	0.753404	0.801745	0.84512	0.910823	1.0004	1.10461	1.21792	1.33986	1.45623	1.54067	1.56154	1.51297	1.39522	1.20016	0.936676	0.608894	0.234584	-0.145256	-0.490572	-0.746478	-0.869698	-0.843814	-0.681801	-0.412701	-0.0844793	0.265118	0.597762	0.877935	1.08325	1.20773	1.26049	1.24551	1.17322	1.06263	0.930651	0.796928	0.678467	0.569225	0.463172	0.354699	0.238267	
0.538915	0.538915	0.56178	0.589822	0.625431	0.664538	0.702254	0.746907	0.801388	0.86156	0.922714	0.978854	1.04384	1.1337	1.23715	1.34781	1.45623	1.55151	1.60093	1.5818	1.50003	1.36062	1.14445	0.851355	0.502818	0.120534	-0.263444	-0.604916	-0.850381	-0.9661	-0.931413	-0.750251	-0.458159	-0.0978538	0.279126	0.633801	0.938943	1.18234	1.34618	1.4312	1.45046	1.41926	1.34182	1.2354	1.11501	0.985283	0.847531	0.705799	0.559222	0.400484	
0.589873	0.589873	0.608747	0.638968	0.675076	0.715844	0.765796	0.829979	0.902891	0.978763	1.05126	1.11909	1.18454	1.25771	1.34742	1.45079	1.54067	1.60093	1.61331	1.56701	1.46326	1.29872	1.06241	0.759277	0.409617	0.0303253	-0.35534	-0.692202	-0.920254	-1.02307	-0.980606	-0.793394	-0.495235	-0.118287	0.283952	0.657468	0.977482	1.23876	1.43092	1.5495	1.60616	1.6099	1.56786	1.49563	1.39445	1.26147	1.11039	0.944459	0.764362	0.565079	
0.658517	0.658517	0.667188	0.692705	0.728941	0.77777	0.843673	0.917217	0.996686	1.0825	1.16007	1.23266	1.30216	1.36235	1.42884	1.50565	1.56154	1.5818	1.56701	1.5068	1.38814	1.20035	0.95742	0.664748	0.324583	-0.0429362	-0.410156	-0.734039	-0.956389	-1.05602	-1.01114	-0.821002	-0.51799	-0.140713	0.261313	0.638556	0.968188	1.23525	1.43882	1.58709	1.67952	1.71439	1.70129	1.66166	1.59245	1.47902	1.33326	1.15187	0.940637	0.707287	
0.717094	0.717094	0.724061	0.744959	0.776164	0.822674	0.892374	0.974168	1.06291	1.15017	1.22522	1.29609	1.3635	1.41278	1.45546	1.49743	1.51297	1.50003	1.46326	1.38814	1.25498	1.06706	0.835576	0.557694	0.233251	-0.109045	-0.445202	-0.750824	-0.973639	-1.0769	-1.03467	-0.850274	-0.553095	-0.181952	0.201951	0.566512	0.895794	1.16879	1.3748	1.53525	1.65256	1.72006	1.73827	1.72617	1.68681	1.60078	1.46402	1.27749	1.04779	0.796722	
0.77068	0.77068	0.773584	0.78133	0.804035	0.843876	0.900365	0.975517	1.07125	1.16087	1.23516	1.2971	1.34903	1.37969	1.39836	1.40486	1.39522	1.36062	1.29872	1.20035	1.06706	0.895919	0.686908	0.43439	0.139964	-0.173379	-0.483104	-0.766994	-0.978943	-1.07291	-1.03724	-0.878201	-0.607122	-0.256765	0.111571	0.461418	0.774605	1.03871	1.249	1.40852	1.53007	1.62465	1.67902	1.69335	1.67361	1.60849	1.4894	1.30952	1.08357	0.834972	
0.796611	0.796611	0.795779	0.787514	0.790218	0.813945	0.858514	0.92074	1.00504	1.08703	1.16191	1.2156	1.25191	1.26725	1.26381	1.23696	1.20016	1.14445	1.06241	0.95742	0.835576	0.686908	0.506048	0.290223	0.0308158	-0.257267	-0.541425	-0.794978	-0.981577	-1.071	-1.04665	-0.911454	-0.67321	-0.355714	-0.00414808	0.33259	0.624156	0.867738	1.06886	1.22707	1.34489	1.44581	1.52632	1.56761	1.56508	1.52174	1.42197	1.25741	1.05094	0.821181	
0.774479	0.774479	0.76194	0.742855	0.729637	0.729747	0.755165	0.799604	0.862186	0.931496	1.00222	1.04947	1.07575	1.07818	1.05462	1.00497	0.936676	0.851355	0.759277	0.664748	0.557694	0.43439	0.290223	0.11241	-0.117987	-0.376767	-0.625927	-0.848887	-1.01985	-1.11234	-1.10012	-0.977778	-0.75867	-0.468843	-0.14645	0.16783	0.443545	0.670451	0.855156	1.00981	1.12768	1.2257	1.30955	1.36926	1.38849	1.35738	1.27166	1.13299	0.956582	0.756946	
0.690157	0.690157	0.673081	0.642871	0.60978	0.588475	0.592032	0.615925	0.659289	0.717495	0.774691	0.814081	0.83254	0.819438	0.7717	0.703413	0.608894	0.502818	0.409617	0.324583	0.233251	0.139964	0.0308158	-0.117987	-0.314954	-0.532065	-0.744607	-0.947249	-1.10843	-1.19634	-1.19297	-1.08439	-0.881786	-0.607856	-0.31081	-0.0237251	0.238575	0.46246	0.635807	0.776601	0.891003	0.983873	1.05634	1.11685	1.14525	1.12218	1.05535	0.956359	0.825261	0.664462	
0.537961	0.537961	0.515363	0.470364	0.420655	0.385023	0.370283	0.376494	0.407167	0.452327	0.495257	0.523972	0.533908	0.505592	0.437754	0.346189	0.234584	0.120534	0.0303253	-0.0429362	-0.109045	-0.173379	-0.257267	-0.376767	-0.532065	-0.708248	-0.898609	-1.08735	-1.22977	-1.30812	-1.31014	-1.21781	-1.03512	-0.781167	-0.495288	-0.22491	0.0266235	0.247698	0.415877	0.542889	0.645708	0.727874	0.78819	0.839736	0.868888	0.856656	0.812696	0.747915	0.665135	0.54942	
0.306167	0.306167	0.277007	0.225326	0.167331	0.121369	0.0939789	0.0915445	0.110533	0.143039	0.173231	0.196679	0.202791	0.169379	0.0851578	-0.0244397	-0.145256	-0.263444	-0.35534	-0.410156	-0.445202	-0.483104	-0.541425	-0.625927	-0.744607	-0.898609	-1.08128	-1.25641	-1.38043	-1.45113	-1.45207	-1.36331	-1.19723	-0.965053	-0.695178	-0.429147	-0.18106	0.0343043	0.201154	0.32978	0.41957	0.481551	0.529702	0.570689	0.592869	0.58693	0.562379	0.524252	0.47474	0.400321	
0.0335779	0.0335779	0.00313668	-0.0477199	-0.104982	-0.157015	-0.193605	-0.212351	-0.203811	-0.177159	-0.146953	-0.123952	-0.115963	-0.154237	-0.249079	-0.369693	-0.490572	-0.604916	-0.692202	-0.734039	-0.750824	-0.766994	-0.794978	-0.848887	-0.947249	-1.08735	-1.25641	-1.41622	-1.5305	-1.59388	-1.59243	-1.50574	-1.34935	-1.13199	-0.878177	-0.613329	-0.358961	-0.142197	0.0251114	0.154016	0.234327	0.276969	0.305418	0.331722	0.338902	0.337232	0.336433	0.320878	0.287898	0.23964	
-0.218905	-0.218905	-0.244273	-0.290914	-0.35137	-0.408703	-0.454682	-0.484597	-0.48429	-0.455001	-0.415502	-0.384783	-0.379769	-0.423287	-0.513872	-0.631009	-0.746478	-0.850381	-0.920254	-0.956389	-0.973639	-0.978943	-0.981577	-1.01985	-1.10843	-1.22977	-1.38043	-1.5305	-1.638	-1.69452	-1.69156	-1.61139	-1.46118	-1.25319	-1.00432	-0.744	-0.485173	-0.257069	-0.0844051	0.0405397	0.118333	0.149922	0.156344	0.158515	0.1546	0.153857	0.163798	0.15817	0.133684	0.0934106	
-0.394919	-0.394919	-0.420093	-0.467722	-0.53053	-0.596935	-0.646966	-0.675152	-0.669289	-0.643008	-0.59786	-0.55938	-0.551777	-0.588247	-0.655148	-0.75519	-0.869698	-0.9661	-1.02307	-1.05602	-1.0769	-1.07291	-1.071	-1.11234	-1.19634	-1.30812	-1.45113	-1.59388	-1.69452	-1.74447	-1.73491	-1.65845	-1.51866	-1.31542	-1.06968	-0.813614	-0.555768	-0.315283	-0.130277	-0.00106483	0.0754334	0.104823	0.0968221	0.0797874	0.0674056	0.0593423	0.0512045	0.0378711	0.00773888	-0.034139	
-0.482158	-0.482158	-0.507003	-0.555174	-0.617771	-0.680253	-0.728817	-0.753644	-0.745802	-0.716218	-0.667453	-0.618291	-0.596384	-0.61108	-0.656353	-0.739345	-0.843814	-0.931413	-0.980606	-1.01114	-1.03467	-1.03724	-1.04665	-1.10012	-1.19297	-1.31014	-1.45207	-1.59243	-1.69156	-1.73491	-1.72432	-1.65395	-1.52066	-1.3225	-1.07674	-0.814385	-0.552031	-0.304451	-0.109179	0.0224696	0.099934	0.128717	0.115509	0.0877645	0.0625864	0.0359976	0.00369578	-0.0337997	-0.0825461	-0.129645	
-0.485177	-0.485177	-0.505099	-0.544682	-0.595501	-0.64707	-0.688316	-0.710673	-0.701923	-0.667104	-0.609628	-0.548965	-0.50888	-0.504114	-0.538516	-0.604595	-0.681801	-0.750251	-0.793394	-0.821002	-0.850274	-0.878201	-0.911454	-0.977778	-1.08439	-1.21781	-1.36331	-1.50574	-1.61139	-1.65845	-1.65395	-1.59107	-1.45856	-1.25902	-1.00998	-0.737583	-0.463854	-0.219408	-0.029154	0.107736	0.186548	0.21003	0.194393	0.15822	0.108662	0.0565116	0.00104347	-0.0624442	-0.126837	-0.178415	
-0.426725	-0.426725	-0.440725	-0.465594	-0.496988	-0.52835	-0.555496	-0.56222	-0.543987	-0.502388	-0.444625	-0.378442	-0.324152	-0.303545	-0.327918	-0.370406	-0.412701	-0.458159	-0.495235	-0.51799	-0.553095	-0.607122	-0.67321	-0.75867	-0.881786	-1.03512	-1.19723	-1.34935	-1.46118	-1.51866	-1.52066	-1.45856	-1.32004	-1.11527	-0.859363	-0.579516	-0.306168	-0.0740605	0.11022	0.252003	0.329503	0.340178	0.316811	0.263051	0.184058	0.0986064	0.015092	-0.0707328	-0.14553	-0.192587	
-0.334959	-0.334959	-0.337009	-0.343711	-0.348971	-0.352806	-0.357763	-0.347522	-0.313337	-0.260473	-0.199349	-0.134289	-0.0796536	-0.0499885	-0.0572912	-0.0732676	-0.0844793	-0.0978538	-0.118287	-0.140713	-0.181952	-0.256765	-0.355714	-0.468843	-0.607856	-0.781167	-0.965053	-1.13199	-1.25319	-1.31542	-1.3225	-1.25902	-1.11527	-0.896341	-0.62952	-0.348196	-0.0905971	0.123523	0.300398	0.435556	0.504591	0.508934	0.46725	0.389765	0.285481	0.172364	0.059023	-0.0453686	-0.123747	-0.165678	
-0.224346	-0.224346	-0.205035	-0.181328	-0.161295	-0.142408	-0.125365	-0.0958621	-0.0501739	0.0128922	0.0802968	0.144905	0.192413	0.218328	0.230202	0.246494	0.265118	0.279126	0.283952	0.261313	0.201951	0.111571	-0.00414808	-0.14645	-0.31081	-0.495288	-0.695178	-0.878177	-1.00432	-1.06968	-1.07674	-1.00998	-0.859363	-0.62952	-0.351311	-0.0811546	0.157674	0.357862	0.516057	0.630047	0.693996	0.691319	0.628483	0.528336	0.407472	0.273093	0.141435	0.030049	-0.0453312	-0.0923067	
-0.0979602	-0.0979602	-0.0725535	-0.0269659	0.0206683	0.0630281	0.104465	0.150951	0.204052	0.268796	0.332934	0.390844	0.438392	0.474625	0.510472	0.555409	0.597762	0.633801	0.657468	0.638556	0.566512	0.461418	0.33259	0.16783	-0.0237251	-0.22491	-0.429147	-0.613329	-0.744	-0.813614	-0.814385	-0.737583	-0.579516	-0.348196	-0.0811546	0.17562	0.403192	0.589044	0.72791	0.827388	0.881326	0.865473	0.785248	0.670532	0.53801	0.389478	0.249373	0.133625	0.0475078	-0.00669962	
0.0206595	0.0206595	0.05157	0.105	0.164805	0.225518	0.291923	0.350987	0.405084	0.460982	0.516235	0.563992	0.615632	0.673574	0.740098	0.809744	0.877935	0.938943	0.977482	0.968188	0.895794	0.774605	0.624156	0.443545	0.238575	0.0266235	-0.18106	-0.358961	-0.485173	-0.555768	-0.552031	-0.463854	-0.306168	-0.0905971	0.157674	0.403192	0.613793	0.780636	0.908972	1.00146	1.04098	1.00934	0.921881	0.805006	0.663265	0.51076	0.366339	0.236664	0.135003	0.0778559	
0.120536	0.120536	0.151444	0.206003	0.274019	0.344645	0.41117	0.468161	0.517777	0.56293	0.60807	0.652987	0.707834	0.783621	0.876721	0.974941	1.08325	1.18234	1.23876	1.23525	1.16879	1.03871	0.867738	0.670451	0.46246	0.247698	0.0343043	-0.142197	-0.257069	-0.315283	-0.304451	-0.219408	-0.0740605	0.123523	0.357862	0.589044	0.780636	0.931982	1.05268	1.13223	1.15266	1.11221	1.02681	0.905389	0.757645	0.605567	0.45969	0.317756	0.206502	0.143032	
0.195769	0.195769	0.231848	0.288748	0.355766	0.417241	0.465787	0.50541	0.544419	0.573652	0.604972	0.647189	0.710374	0.800129	0.920666	1.05794	1.20773	1.34618	1.43092	1.43882	1.3748	1.249	1.06886	0.855156	0.635807	0.415877	0.201154	0.0251114	-0.0844051	-0.130277	-0.109179	-0.029154	0.11022	0.300398	0.516057	0.72791	0.908972	1.05268	1.15677	1.21447	1.21943	1.17488	1.0854	0.954085	0.803202	0.647291	0.492756	0.347427	0.231968	0.166956	
0.2783	0.2783	0.312585	0.365844	0.420808	0.46181	0.486297	0.494382	0.503189	0.512741	0.528943	0.56366	0.631514	0.735745	0.884296	1.06911	1.26049	1.4312	1.5495	1.58709	1.53525	1.40852	1.22707	1.00981	0.776601	0.542889	0.32978	0.154016	0.0405397	-0.00106483	0.0224696	0.107736	0.252003	0.435556	0.630047	0.827388	1.00146	1.13223	1.21447	1.25308	1.24647	1.18597	1.07689	0.942041	0.793689	0.63442	0.473686	0.331543	0.222608	0.162544	
0.365868	0.365868	0.393581	0.439317	0.473452	0.48174	0.473221	0.452856	0.426495	0.404216	0.397535	0.425451	0.497015	0.613946	0.788967	1.01386	1.24551	1.45046	1.60616	1.67952	1.65256	1.53007	1.34489	1.12768	0.891003	0.645708	0.41957	0.234327	0.118333	0.0754334	0.099934	0.186548	0.329503	0.504591	0.693996	0.881326	1.04098	1.15266	1.21943	1.24647	1.21893	1.13028	1.00203	0.860795	0.714263	0.554734	0.402706	0.273558	0.178906	0.122242	
0.452441	0.452441	0.470256	0.49472	0.506806	0.4905	0.448248	0.391472	0.329376	0.272331	0.242432	0.256948	0.324679	0.457366	0.65911	0.910338	1.17322	1.41926	1.6099	1.71439	1.72006	1.62465	1.44581	1.2257	0.983873	0.727874	0.481551	0.276969	0.149922	0.104823	0.128717	0.21003	0.340178	0.508934	0.691319	0.865473	1.00934	1.11221	1.17488	1.18597	1.13028	1.02292	0.883887	0.73028	0.576206	0.421092	0.27636	0.161813	0.0840434	0.0365841	
0.528641	0.528641	0.540401	0.542987	0.531763	0.494619	0.423313	0.333816	0.239025	0.147356	0.0881213	0.0798363	0.139529	0.284086	0.506336	0.775443	1.06263	1.34182	1.56786	1.70129	1.73827	1.67902	1.52632	1.30955	1.05634	0.78819	0.529702	0.305418	0.156344	0.0968221	0.115509	0.194393	0.316811	0.46725	0.628483	0.785248	0.921881	1.02681	1.0854	1.07689	1.00203	0.883887	0.729985	0.558964	0.392147	0.234798	0.0989818	-0.000185756	-0.056538	-0.0839112	
0.589065	0.589065	0.597162	0.590958	0.564025	0.506394	0.409316	0.287124	0.160379	0.0440796	-0.0435353	-0.0791803	-0.0295301	0.115396	0.340448	0.62234	0.930651	1.2354	1.49563	1.66166	1.72617	1.69335	1.56761	1.36926	1.11685	0.839736	0.570689	0.331722	0.158515	0.0797874	0.0877645	0.15822	0.263051	0.389765	0.528336	0.670532	0.805006	0.905389	0.954085	0.942041	0.860795	0.73028	0.558964	0.36817	0.184661	0.0261326	-0.0972421	-0.178183	-0.211839	-0.216885	
0.632454	0.632454	0.638778	0.637759	0.605101	0.526078	0.40734	0.25536	0.0952506	-0.0439387	-0.145658	-0.196423	-0.157198	-0.0245589	0.193381	0.477729	0.796928	1.11501	1.39445	1.59245	1.68681	1.67361	1.56508	1.38849	1.14525	0.868888	0.592869	0.338902	0.1546	0.0674056	0.0625864	0.108662	0.184058	0.285481	0.407472	0.53801	0.663265	0.757645	0.803202	0.793689	0.714263	0.576206	0.392147	0.184661	-0.0148424	-0.176993	-0.285294	-0.342982	-0.355763	-0.334735	
0.68276	0.68276	0.691213	0.692658	0.653168	0.554714	0.414938	0.239983	0.0590739	-0.101158	-0.215084	-0.265672	-0.228303	-0.111729	0.0882165	0.36389	0.678467	0.985283	1.26147	1.47902	1.60078	1.60849	1.52174	1.35738	1.12218	0.856656	0.58693	0.337232	0.153857	0.0593423	0.0359976	0.0565116	0.0986064	0.172364	0.273093	0.389478	0.51076	0.605567	0.647291	0.63442	0.554734	0.421092	0.234798	0.0261326	-0.176993	-0.335816	-0.42562	-0.459363	-0.4529	-0.416198	
0.754492	0.754492	0.758326	0.745784	0.690527	0.58011	0.422511	0.233302	0.0465391	-0.119617	-0.238363	-0.285493	-0.246985	-0.139265	0.0399995	0.285929	0.569225	0.847531	1.11039	1.33326	1.46402	1.4894	1.42197	1.27166	1.05535	0.812696	0.562379	0.336433	0.163798	0.0512045	0.00369578	0.00104347	0.015092	0.059023	0.141435	0.249373	0.366339	0.45969	0.492756	0.473686	0.402706	0.27636	0.0989818	-0.0972421	-0.285294	-0.42562	-0.493911	-0.51152	-0.493841	-0.442127	
0.827635	0.827635	0.822998	0.790247	0.716753	0.594727	0.424702	0.227023	0.0458345	-0.106918	-0.21137	-0.253736	-0.222687	-0.1284	0.0238889	0.225666	0.463172	0.705799	0.944459	1.15187	1.27749	1.30952	1.25741	1.13299	0.956359	0.747915	0.524252	0.320878	0.15817	0.0378711	-0.0337997	-0.0624442	-0.0707328	-0.0453686	0.030049	0.133625	0.236664	0.317756	0.347427	0.331543	0.273558	0.161813	-0.000185756	-0.178183	-0.342982	-0.459363	-0.51152	-0.512815	-0.480111	-0.414539	
0.871028	0.871028	0.862534	0.820016	0.732637	0.59977	0.426102	0.231411	0.0596847	-0.0736164	-0.157231	-0.193667	-0.176193	-0.104036	0.0129045	0.166077	0.354699	0.559222	0.764362	0.940637	1.04779	1.08357	1.05094	0.956582	0.825261	0.665135	0.47474	0.287898	0.133684	0.00773888	-0.0825461	-0.126837	-0.14553	-0.123747	-0.0453312	0.0475078	0.135003	0.206502	0.231968	0.222608	0.178906	0.0840434	-0.056538	-0.211839	-0.355763	-0.4529	-0.493841	-0.480111	-0.42609	-0.350206	
0.874637	0.874637	0.859669	0.822157	0.74001	0.60731	0.431918	0.250049	0.0905823	-0.0269951	-0.103824	-0.137743	-0.135798	-0.0894847	-0.012203	0.0962002	0.238267	0.400484	0.565079	0.707287	0.796722	0.834972	0.821181	0.756946	0.664462	0.54942	0.400321	0.23964	0.0934106	-0.034139	-0.129645	-0.178415	-0.192587	-0.165678	-0.0923067	-0.00669962	0.0778559	0.143032	0.166956	0.162544	0.122242	0.0365841	-0.0839112	-0.216885	-0.334735	-0.416198	-0.442127	-0.414539	-0.350206	-0.271932	
