-0.146964	-0.140179	-0.146786	-0.1746	-0.200357	-0.208178	-0.205504	-0.200604	-0.22344	-0.291747	-0.392679	-0.513524	-0.626187	-0.695968	-0.711645	-0.662315	-0.534244	-0.341069	-0.107644	0.155919	0.432723	0.684379	0.879582	1.01292	1.08432	1.08012	0.987025	0.816603	0.607806	0.406826	0.245634	0.134418	0.0670193	0.030604	0.0128625	0.0049981	0.00180302	0.000606071	0.000190474	5.61384e-05	1.55594e-05	4.06559e-06	1.00381e-06	2.34685e-07	5.20557e-08	1.09742e-08	2.20283e-09	4.23703e-10	9.0454e-11	9.0454e-11	
-0.140179	-0.147269	-0.16795	-0.195908	-0.210819	-0.209061	-0.202827	-0.212617	-0.266673	-0.359321	-0.471365	-0.588499	-0.677277	-0.712597	-0.690451	-0.598667	-0.43309	-0.21674	0.0302834	0.299539	0.565823	0.790308	0.952988	1.05507	1.09262	1.04975	0.920985	0.729656	0.519872	0.333453	0.193279	0.101743	0.0488968	0.0215639	0.00876822	0.00330162	0.00115582	0.000377536	0.000115433	3.31349e-05	8.95317e-06	2.28275e-06	5.50422e-07	1.25768e-07	2.72833e-08	5.62895e-09	1.10641e-09	2.08452e-10	4.3513e-11	4.3513e-11	
-0.146786	-0.16795	-0.193535	-0.214718	-0.211359	-0.202117	-0.208953	-0.249904	-0.333427	-0.439406	-0.552978	-0.654011	-0.708289	-0.704804	-0.641861	-0.507622	-0.310452	-0.0771207	0.179143	0.446761	0.692873	0.884322	1.01314	1.08238	1.08275	0.999858	0.839397	0.635146	0.432323	0.265311	0.147435	0.0745706	0.034508	0.0146829	0.00577085	0.00210389	0.000714179	0.000226509	6.733e-05	1.88104e-05	4.95187e-06	1.23122e-06	2.89755e-07	6.46704e-08	1.37135e-08	2.76752e-09	5.32424e-10	9.82116e-11	2.00368e-11	2.00368e-11	
-0.1746	-0.195908	-0.214718	-0.212381	-0.199485	-0.208484	-0.242592	-0.313342	-0.415665	-0.525481	-0.629322	-0.699746	-0.712416	-0.668685	-0.56321	-0.38969	-0.168968	0.0753918	0.335396	0.591848	0.808523	0.963386	1.05783	1.09186	1.05191	0.930026	0.744673	0.536866	0.348486	0.204333	0.108738	0.0527918	0.0235021	0.00964022	0.00365952	0.0012908	0.000424592	0.000130673	3.77394e-05	1.02559e-05	2.62899e-06	6.37119e-07	1.46273e-07	3.18743e-08	6.60409e-09	1.30312e-09	2.4528e-10	4.42822e-11	8.82653e-12	8.82653e-12	
-0.200357	-0.210819	-0.211359	-0.199485	-0.208525	-0.241311	-0.300358	-0.397983	-0.507826	-0.608592	-0.68756	-0.716162	-0.685918	-0.601331	-0.453113	-0.247529	-0.01231	0.237577	0.49381	0.728082	0.908023	1.02514	1.08456	1.08017	0.998151	0.841524	0.640709	0.439172	0.271445	0.151895	0.0773355	0.0360103	0.0154113	0.00609002	0.0022315	0.00076109	0.000242459	7.23711e-05	2.02979e-05	5.36316e-06	1.33812e-06	3.15948e-07	7.07358e-08	1.50439e-08	3.04449e-09	5.87191e-10	1.08101e-10	1.90958e-11	3.7177e-12	3.7177e-12	
-0.208178	-0.209061	-0.202117	-0.208484	-0.241311	-0.295899	-0.387771	-0.498482	-0.59539	-0.67458	-0.716357	-0.698336	-0.626476	-0.499894	-0.312824	-0.0862376	0.155321	0.405084	0.647366	0.848614	0.987802	1.06759	1.0903	1.04419	0.921117	0.737652	0.532613	0.346492	0.203677	0.108674	0.0528984	0.0236097	0.00970825	0.00369408	0.00130595	0.00043051	0.00013277	3.84217e-05	1.04613e-05	2.68657e-06	6.5222e-07	1.49993e-07	3.27381e-08	6.79368e-09	1.34254e-09	2.53035e-10	4.55523e-11	7.87175e-12	1.49658e-12	1.49658e-12	
-0.205504	-0.202827	-0.208953	-0.242592	-0.300358	-0.387771	-0.495588	-0.589583	-0.664819	-0.713995	-0.707501	-0.643396	-0.531508	-0.363673	-0.147741	0.0878219	0.329697	0.571721	0.787644	0.94762	1.04561	1.08849	1.07147	0.981821	0.82278	0.623708	0.426146	0.26276	0.146768	0.0746224	0.0347108	0.0148437	0.00586248	0.00214731	0.000732205	0.000233231	6.96157e-05	1.95265e-05	5.16005e-06	1.2877e-06	3.04118e-07	6.8107e-08	1.44895e-08	2.93329e-09	5.65949e-10	1.04219e-10	1.83439e-11	3.10064e-12	5.75601e-13	5.75601e-13	
-0.200604	-0.212617	-0.249904	-0.313342	-0.397983	-0.498482	-0.589583	-0.661235	-0.711654	-0.713224	-0.654677	-0.551089	-0.399644	-0.196591	0.0335958	0.268956	0.505823	0.728769	0.906161	1.02137	1.07999	1.08482	1.02472	0.893196	0.707863	0.506496	0.326937	0.190894	0.101266	0.0490473	0.0217969	0.00892952	0.00338683	0.00119398	0.000392642	0.000120836	3.49035e-05	9.48809e-06	2.43322e-06	5.89993e-07	1.35538e-07	2.95555e-08	6.12826e-09	1.21019e-09	2.27949e-10	4.10104e-11	7.05698e-12	1.16667e-12	2.11469e-13	2.11469e-13	
-0.22344	-0.266673	-0.333427	-0.415665	-0.507826	-0.59539	-0.664819	-0.711654	-0.715159	-0.660591	-0.561649	-0.421857	-0.231888	-0.0079946	0.222459	0.452553	0.676007	0.865598	0.99651	1.06842	1.08909	1.05277	0.948188	0.781674	0.583642	0.393371	0.23964	0.132441	0.0667148	0.030781	0.0130695	0.00512949	0.00186848	0.000634025	0.000201086	5.97912e-05	1.67137e-05	4.40331e-06	1.09587e-06	2.58183e-07	5.76935e-08	1.22499e-08	2.47552e-09	4.76864e-10	8.76875e-11	1.54126e-11	2.59286e-12	4.19261e-13	7.42024e-14	7.42024e-14	
-0.291747	-0.359321	-0.439406	-0.525481	-0.608592	-0.67458	-0.713995	-0.713224	-0.660591	-0.564989	-0.43225	-0.25307	-0.0365189	0.189455	0.412964	0.6327	0.828712	0.972464	1.05602	1.08826	1.06969	0.988871	0.84328	0.654248	0.458979	0.291031	0.167259	0.0874971	0.0418612	0.0184033	0.00746784	0.00280871	0.000982824	0.00032107	9.82281e-05	2.82242e-05	7.63626e-06	1.95004e-06	4.7103e-07	1.07836e-07	2.34418e-08	4.84687e-09	9.54691e-10	1.79403e-10	3.22077e-11	5.531e-12	9.09724e-13	1.43885e-13	2.48672e-14	2.48672e-14	
-0.392679	-0.471365	-0.552978	-0.629322	-0.68756	-0.716357	-0.707501	-0.654677	-0.561649	-0.43225	-0.260105	-0.0510964	0.169605	0.386968	0.60096	0.798347	0.950917	1.04421	1.08509	1.0791	1.0175	0.892329	0.715925	0.520829	0.34275	0.204377	0.11083	0.0549029	0.0249611	0.0104619	0.0040593	0.00146373	0.000492229	0.000154867	4.57194e-05	1.26982e-05	3.32616e-06	8.23497e-07	1.93102e-07	4.29671e-08	9.08788e-09	1.83007e-09	3.51399e-10	6.4427e-11	1.12937e-11	1.89513e-12	3.04785e-13	4.71575e-14	7.95973e-15	7.95973e-15	
-0.513524	-0.588499	-0.654011	-0.699746	-0.716162	-0.698336	-0.643396	-0.551089	-0.421857	-0.25307	-0.0510964	0.16296	0.374125	0.581747	0.776837	0.933739	1.03408	1.08135	1.08389	1.03676	0.929634	0.767358	0.57647	0.392409	0.242123	0.135815	0.0695427	0.0326502	0.0141178	0.00564564	0.00209608	0.000725098	0.000234471	7.10836e-05	2.02588e-05	5.44117e-06	1.38035e-06	3.31444e-07	7.54717e-08	1.63261e-08	3.36062e-09	6.5926e-10	1.23428e-10	2.20833e-11	3.78052e-12	6.19986e-13	9.75115e-14	1.47616e-14	2.43388e-15	2.43388e-15	
-0.626187	-0.677277	-0.708289	-0.712416	-0.685918	-0.626476	-0.531508	-0.399644	-0.231888	-0.0365189	0.169605	0.374125	0.575332	0.765717	0.922638	1.02662	1.07807	1.0861	1.04913	0.956682	0.808203	0.624121	0.437794	0.278663	0.161288	0.0851912	0.0412362	0.01837	0.00756265	0.00288835	0.00102703	0.000341108	0.000106139	3.10254e-05	8.54098e-06	2.21943e-06	5.4555e-07	1.27096e-07	2.81137e-08	5.91446e-09	1.18521e-09	2.26564e-10	4.13698e-11	7.22478e-12	1.20817e-12	1.93679e-13	2.97961e-14	4.41409e-15	7.1109e-16	7.1109e-16	
-0.695968	-0.712597	-0.704804	-0.668685	-0.601331	-0.499894	-0.363673	-0.196591	-0.0079946	0.189455	0.386968	0.581747	0.765717	0.918798	1.02265	1.07588	1.087	1.05662	0.975157	0.838807	0.662688	0.477053	0.312182	0.185919	0.101069	0.0503435	0.0230706	0.00976555	0.00383267	0.00139961	0.000477113	0.000152281	4.56323e-05	1.28704e-05	3.4246e-06	8.61489e-07	2.05289e-07	4.64249e-08	9.98011e-09	2.04269e-09	3.98645e-10	7.42819e-11	1.32327e-11	2.25633e-12	3.68672e-13	5.77861e-14	8.69772e-15	1.26122e-15	1.98566e-16	1.98566e-16	
-0.711645	-0.690451	-0.641861	-0.56321	-0.453113	-0.312824	-0.147741	0.0335958	0.222459	0.412964	0.60096	0.776837	0.922638	1.02265	1.07511	1.0873	1.06059	0.986559	0.859875	0.69166	0.508781	0.341036	0.208345	0.116274	0.0594774	0.027991	0.0121654	0.00490077	0.00183624	0.000641967	0.000210039	6.44875e-05	1.86265e-05	5.07309e-06	1.30565e-06	3.18166e-07	7.35441e-08	1.61528e-08	3.3763e-09	6.72619e-10	1.27889e-10	2.32377e-11	4.03999e-12	6.72805e-13	1.07446e-13	1.64711e-14	2.42618e-15	3.44446e-16	5.30139e-17	5.30139e-17	
-0.662315	-0.598667	-0.507622	-0.38969	-0.247529	-0.0862376	0.0878219	0.268956	0.452553	0.6327	0.798347	0.933739	1.02662	1.07588	1.0873	1.06183	0.991977	0.872151	0.710911	0.53201	0.363866	0.227284	0.129866	0.068067	0.0328364	0.0146312	0.00604244	0.00232058	0.000831347	0.000278632	8.7601e-05	2.58998e-05	7.21763e-06	1.89988e-06	4.73315e-07	1.11805e-07	2.50845e-08	5.35385e-09	1.08866e-09	2.11198e-10	3.91403e-11	6.93785e-12	1.1776e-12	1.91606e-13	2.99167e-14	4.48671e-15	6.46949e-16	8.99501e-17	1.35381e-17	1.35381e-17	
-0.534244	-0.43309	-0.310452	-0.168968	-0.01231	0.155321	0.329697	0.505823	0.676007	0.828712	0.950917	1.03408	1.07807	1.087	1.06059	0.991977	0.876178	0.720499	0.546151	0.379647	0.241647	0.140959	0.0755226	0.0372735	0.0169996	0.00718777	0.00282634	0.00103664	0.000355647	0.000114429	3.46134e-05	9.8656e-06	2.65516e-06	6.76077e-07	1.63168e-07	3.73892e-08	8.14742e-09	1.69084e-09	3.34659e-10	6.32536e-11	1.14311e-11	1.9775e-12	3.27827e-13	5.21342e-14	7.96119e-15	1.16846e-15	1.64979e-16	2.24709e-17	3.30831e-18	3.30831e-18	
-0.341069	-0.21674	-0.0771207	0.0753918	0.237577	0.405084	0.571721	0.728769	0.865598	0.972464	1.04421	1.08135	1.0861	1.05662	0.986559	0.872151	0.720499	0.550895	0.387703	0.250606	0.148806	0.081299	0.0409663	0.019092	0.00825326	0.00331901	0.00124515	0.00043694	0.000143784	4.44746e-05	1.29596e-05	3.5649e-06	9.27509e-07	2.2866e-07	5.35054e-08	1.19022e-08	2.52073e-09	5.08978e-10	9.81101e-11	1.80763e-11	3.18706e-12	5.38316e-13	8.71968e-14	1.35585e-14	2.02569e-15	2.91056e-16	4.02532e-17	5.37256e-18	7.74005e-19	7.74005e-19	
-0.107644	0.0302834	0.179143	0.335396	0.49381	0.647366	0.787644	0.906161	0.99651	1.05602	1.08509	1.08389	1.04913	0.975157	0.859875	0.710911	0.546151	0.387703	0.25365	0.15287	0.084956	0.0436167	0.0207355	0.00915137	0.00375932	0.00144115	0.000516865	0.000173841	5.49568e-05	1.6365e-05	4.5995e-06	1.22244e-06	3.0778e-07	7.35315e-08	1.66958e-08	3.60812e-09	7.4319e-10	1.46094e-10	2.74418e-11	4.93116e-12	8.48637e-13	1.40018e-13	2.21701e-14	3.37193e-15	4.93071e-16	6.93791e-17	9.40159e-18	1.23001e-18	1.73458e-19	1.73458e-19	
0.155919	0.299539	0.446761	0.591848	0.728082	0.848614	0.94762	1.02137	1.06842	1.08826	1.0791	1.03676	0.956682	0.838807	0.69166	0.53201	0.379647	0.250606	0.15287	0.0862079	0.0450016	0.0217857	0.00980199	0.00410826	0.00160775	0.000588842	0.000202289	6.53245e-05	1.987e-05	5.70402e-06	1.5482e-06	3.98002e-07	9.70671e-08	2.24934e-08	4.95986e-09	1.04211e-09	2.08905e-10	4.00048e-11	7.32673e-12	1.28476e-12	2.15923e-13	3.48158e-14	5.39092e-15	8.02325e-16	1.14871e-16	1.58343e-17	2.10311e-18	2.69795e-19	3.7256e-20	3.7256e-20	
0.432723	0.565823	0.692873	0.808523	0.908023	0.987802	1.04561	1.07999	1.08909	1.06969	1.0175	0.929634	0.808203	0.662688	0.508781	0.363866	0.241647	0.148806	0.084956	0.0450016	0.0221469	0.0101439	0.0043326	0.00172917	0.000646216	0.000226601	7.47071e-05	2.32017e-05	6.80051e-06	1.88449e-06	4.9455e-07	1.23107e-07	2.91116e-08	6.54916e-09	1.40356e-09	2.86922e-10	5.60159e-11	1.04563e-11	1.86828e-12	3.19859e-13	5.25238e-14	8.28034e-15	1.25437e-15	1.82753e-16	2.56281e-17	3.46199e-18	4.50843e-19	5.67282e-20	7.67343e-21	7.67343e-21	
0.684379	0.790308	0.884322	0.963386	1.02514	1.06759	1.08849	1.08482	1.05277	0.988871	0.892329	0.767358	0.624121	0.477053	0.341036	0.227284	0.140959	0.081299	0.0436167	0.0217857	0.0101439	0.00441	0.00179321	0.000683248	0.00024439	8.22141e-05	2.60587e-05	7.7958e-06	2.20498e-06	5.9059e-07	1.50029e-07	3.62004e-08	8.30824e-09	1.81611e-09	3.78586e-10	7.5353e-11	1.43367e-11	2.61028e-12	4.55266e-13	7.61402e-14	1.22221e-14	1.88474e-15	2.79451e-16	3.98718e-17	5.47866e-18	7.25535e-19	9.267e-20	1.14407e-20	1.51643e-21	1.51643e-21	
0.879582	0.952988	1.01314	1.05783	1.08456	1.0903	1.07147	1.02472	0.948188	0.84328	0.715925	0.57647	0.437794	0.312182	0.208345	0.129866	0.0755226	0.0409663	0.0207355	0.00980199	0.0043326	0.00179321	0.000696051	0.000253795	8.70718e-05	2.81543e-05	8.59396e-06	2.48035e-06	6.77911e-07	1.75718e-07	4.32578e-08	1.01276e-08	2.25795e-09	4.79983e-10	9.73999e-11	1.88889e-11	3.50462e-12	6.22746e-13	1.06083e-13	1.73402e-14	2.72226e-15	4.10814e-16	5.96431e-17	8.33712e-18	1.1229e-18	1.45832e-19	1.8275e-20	2.21436e-21	2.87708e-22	2.87708e-22	
1.01292	1.05507	1.08238	1.09186	1.08017	1.04419	0.981821	0.893196	0.781674	0.654248	0.520829	0.392409	0.278663	0.185919	0.116274	0.068067	0.0372735	0.019092	0.00915137	0.00410826	0.00172917	0.000683248	0.000253795	8.87533e-05	2.92639e-05	9.11124e-06	2.68264e-06	7.48026e-07	1.97813e-07	4.96788e-08	1.18642e-08	2.6978e-09	5.84806e-10	1.20991e-10	2.39179e-11	4.52253e-12	8.18798e-13	1.42081e-13	2.36518e-14	3.78055e-15	5.80738e-16	8.58023e-17	1.22026e-17	1.67177e-18	2.20789e-19	2.81297e-20	3.45969e-21	4.1157e-22	5.24357e-23	5.24357e-23	
1.08432	1.09262	1.08275	1.05191	0.998151	0.921117	0.82278	0.707863	0.583642	0.458979	0.34275	0.242123	0.161288	0.101069	0.0594774	0.0328364	0.0169996	0.00825326	0.00375932	0.00160775	0.000646216	0.00024439	8.70718e-05	2.92639e-05	9.29044e-06	2.78984e-06	7.93505e-07	2.14055e-07	5.48372e-08	1.33582e-08	3.09797e-09	6.84822e-10	1.44459e-10	2.91111e-11	5.61014e-12	1.03498e-12	1.82961e-13	3.10208e-14	5.04904e-15	7.8958e-16	1.18734e-16	1.71824e-17	2.39474e-18	3.21671e-19	4.16724e-20	5.21029e-21	6.29128e-22	7.35013e-23	9.1856e-24	9.1856e-24	
1.08012	1.04975	0.999858	0.930026	0.841524	0.737652	0.623708	0.506496	0.393371	0.291031	0.204377	0.135815	0.0851912	0.0503435	0.027991	0.0146312	0.00718777	0.00331901	0.00144115	0.000588842	0.000226601	8.22141e-05	2.81543e-05	9.11124e-06	2.78984e-06	8.09267e-07	2.22667e-07	5.81843e-08	1.44567e-08	3.41944e-09	7.7084e-10	1.65798e-10	3.40616e-11	6.69074e-12	1.25788e-12	2.26557e-13	3.91282e-14	6.4858e-15	1.03269e-15	1.58075e-16	2.32804e-17	3.30125e-18	4.5107e-19	5.94283e-20	7.55472e-21	9.27263e-22	1.09957e-22	1.26201e-23	1.54756e-24	1.54756e-24	
0.987025	0.920985	0.839397	0.744673	0.640709	0.532613	0.426146	0.326937	0.23964	0.167259	0.11083	0.0695427	0.0412362	0.0230706	0.0121654	0.00604244	0.00282634	0.00124515	0.000516865	0.000202289	7.47071e-05	2.60587e-05	8.59396e-06	2.68264e-06	7.93505e-07	2.22667e-07	5.93446e-08	1.50391e-08	3.62803e-09	8.34074e-10	1.82933e-10	3.83165e-11	7.67234e-12	1.47009e-12	2.69803e-13	4.74714e-14	8.01462e-15	1.29947e-15	2.02508e-16	3.03562e-17	4.3804e-18	6.08917e-19	8.15991e-20	1.05485e-20	1.3163e-21	1.58654e-22	1.84821e-23	2.0845e-24	2.509e-25	2.509e-25	
0.816603	0.729656	0.635146	0.536866	0.439172	0.346492	0.26276	0.190894	0.132441	0.0874971	0.0549029	0.0326502	0.01837	0.00976555	0.00490077	0.00232058	0.00103664	0.00043694	0.000173841	6.53245e-05	2.32017e-05	7.7958e-06	2.48035e-06	7.48026e-07	2.14055e-07	5.81843e-08	1.50391e-08	3.70034e-09	8.676e-10	1.94048e-10	4.14428e-11	8.45999e-12	1.6523e-12	3.09038e-13	5.54024e-14	9.52836e-15	1.57343e-15	2.49671e-16	3.80996e-17	5.59544e-18	7.91455e-19	1.07895e-19	1.41858e-20	1.79998e-21	2.20556e-22	2.61137e-23	2.98937e-24	3.31412e-25	3.91671e-26	3.91671e-26	
0.607806	0.519872	0.432323	0.348486	0.271445	0.203677	0.146768	0.101266	0.0667148	0.0418612	0.0249611	0.0141178	0.00756265	0.00383267	0.00183624	0.000831347	0.000355647	0.000143784	5.49568e-05	1.987e-05	6.80051e-06	2.20498e-06	6.77911e-07	1.97813e-07	5.48372e-08	1.44567e-08	3.62803e-09	8.676e-10	1.979e-10	4.30998e-11	8.97067e-12	1.78609e-12	3.4049e-13	6.22038e-14	1.08997e-14	1.83339e-15	2.96273e-16	4.60324e-17	6.88175e-18	9.9063e-19	1.37407e-19	1.83774e-20	2.37149e-21	2.95459e-22	3.55612e-23	4.13728e-24	4.65549e-25	5.07476e-26	5.89057e-27	5.89057e-27	
0.406826	0.333453	0.265311	0.204333	0.151895	0.108674	0.0746224	0.0490473	0.030781	0.0184033	0.0104619	0.00564564	0.00288835	0.00139961	0.000641967	0.000278632	0.000114429	4.44746e-05	1.6365e-05	5.70402e-06	1.88449e-06	5.9059e-07	1.75718e-07	4.96788e-08	1.33582e-08	3.41944e-09	8.34074e-10	1.94048e-10	4.30998e-11	9.14763e-12	1.85697e-12	3.6087e-13	6.71934e-14	1.19977e-14	2.05602e-15	3.3842e-16	5.35457e-17	8.14998e-18	1.19417e-18	1.68563e-19	2.29371e-20	3.01076e-21	3.81465e-22	4.66808e-23	5.52059e-24	6.31312e-25	6.98489e-26	7.48846e-27	8.53993e-28	8.53993e-28	
0.245634	0.193279	0.147435	0.108738	0.0773355	0.0528984	0.0347108	0.0217969	0.0130695	0.00746784	0.0040593	0.00209608	0.00102703	0.000477113	0.000210039	8.7601e-05	3.46134e-05	1.29596e-05	4.5995e-06	1.5482e-06	4.9455e-07	1.50029e-07	4.32578e-08	1.18642e-08	3.09797e-09	7.7084e-10	1.82933e-10	4.14428e-11	8.97067e-12	1.85697e-12	3.6793e-13	6.98356e-14	1.27087e-14	2.21918e-15	3.72129e-16	5.99705e-17	9.29497e-18	1.38656e-18	1.99212e-19	2.75849e-20	3.68376e-21	4.74736e-22	5.90772e-23	7.10319e-24	8.25662e-25	9.28345e-26	1.01021e-26	1.06548e-27	1.19414e-28	1.19414e-28	
0.134418	0.101743	0.0745706	0.0527918	0.0360103	0.0236097	0.0148437	0.00892952	0.00512949	0.00280871	0.00146373	0.000725098	0.000341108	0.000152281	6.44875e-05	2.58998e-05	9.8656e-06	3.5649e-06	1.22244e-06	3.98002e-07	1.23107e-07	3.62004e-08	1.01276e-08	2.6978e-09	6.84822e-10	1.65798e-10	3.83165e-11	8.45999e-12	1.78609e-12	3.6087e-13	6.98356e-14	1.29549e-14	2.30553e-15	3.93937e-16	6.46742e-17	1.02095e-17	1.55082e-18	2.26832e-19	3.19688e-20	4.34422e-21	5.69559e-22	7.20899e-23	8.81408e-24	1.04159e-24	1.19037e-25	1.31631e-26	1.40918e-27	1.46256e-28	1.61137e-29	1.61137e-29	
0.0670193	0.0488968	0.034508	0.0235021	0.0154113	0.00970825	0.00586248	0.00338683	0.00186848	0.000982824	0.000492229	0.000234471	0.000106139	4.56323e-05	1.86265e-05	7.21763e-06	2.65516e-06	9.27509e-07	3.0778e-07	9.70671e-08	2.91116e-08	8.30824e-09	2.25795e-09	5.84806e-10	1.44459e-10	3.40616e-11	7.67234e-12	1.6523e-12	3.4049e-13	6.71934e-14	1.27087e-14	2.30553e-15	4.01486e-16	6.7162e-17	1.08007e-17	1.67095e-18	2.48863e-19	3.57057e-20	4.9383e-21	6.58808e-22	8.48297e-23	1.05488e-23	1.2676e-24	1.47273e-25	1.65526e-26	1.80068e-27	1.89699e-28	1.93793e-29	2.09949e-30	2.09949e-30	
0.030604	0.0215639	0.0146829	0.00964022	0.00609002	0.00369408	0.00214731	0.00119398	0.000634025	0.00032107	0.000154867	7.10836e-05	3.10254e-05	1.28704e-05	5.07309e-06	1.89988e-06	6.76077e-07	2.2866e-07	7.35315e-08	2.24934e-08	6.54916e-09	1.81611e-09	4.79983e-10	1.20991e-10	2.91111e-11	6.69074e-12	1.47009e-12	3.09038e-13	6.22038e-14	1.19977e-14	2.21918e-15	3.93937e-16	6.7162e-17	1.10052e-17	1.73444e-18	2.63091e-19	3.84353e-20	5.4115e-21	7.34758e-22	9.62671e-23	1.21781e-23	1.48833e-24	1.75828e-25	2.00899e-26	2.22127e-27	2.37785e-28	2.46572e-29	2.47997e-30	2.64261e-31	2.64261e-31	
0.0128625	0.00876822	0.00577085	0.00365952	0.0022315	0.00130595	0.000732205	0.000392642	0.000201086	9.82281e-05	4.57194e-05	2.02588e-05	8.54098e-06	3.4246e-06	1.30565e-06	4.73315e-07	1.63168e-07	5.35054e-08	1.66958e-08	4.95986e-09	1.40356e-09	3.78586e-10	9.73999e-11	2.39179e-11	5.61014e-12	1.25788e-12	2.69803e-13	5.54024e-14	1.08997e-14	2.05602e-15	3.72129e-16	6.46742e-17	1.08007e-17	1.73444e-18	2.68011e-19	3.9877e-20	5.7168e-21	7.9017e-22	1.05364e-22	1.35622e-23	1.68612e-24	2.02587e-25	2.35363e-26	2.64546e-27	2.87824e-28	3.03271e-29	3.09621e-30	3.0667e-31	3.215e-32	3.215e-32	
0.0049981	0.00330162	0.00210389	0.0012908	0.00076109	0.00043051	0.000233231	0.000120836	5.97912e-05	2.82242e-05	1.26982e-05	5.44117e-06	2.21943e-06	8.61489e-07	3.18166e-07	1.11805e-07	3.73892e-08	1.19022e-08	3.60812e-09	1.04211e-09	2.86922e-10	7.5353e-11	1.88889e-11	4.52253e-12	1.03498e-12	2.26557e-13	4.74714e-14	9.52836e-15	1.83339e-15	3.3842e-16	5.99705e-17	1.02095e-17	1.67095e-18	2.63091e-19	3.9877e-20	5.82233e-21	8.19416e-22	1.11228e-22	1.45709e-23	1.84321e-24	2.25282e-25	2.66185e-26	3.04212e-27	3.3646e-28	3.60307e-29	3.73774e-30	3.75796e-31	3.66632e-32	3.78247e-33	3.78247e-33	
0.00180302	0.00115582	0.000714179	0.000424592	0.000242459	0.00013277	6.96157e-05	3.49035e-05	1.67137e-05	7.63626e-06	3.32616e-06	1.38035e-06	5.4555e-07	2.05289e-07	7.35441e-08	2.50845e-08	8.14742e-09	2.52073e-09	7.4319e-10	2.08905e-10	5.60159e-11	1.43367e-11	3.50462e-12	8.18798e-13	1.82961e-13	3.91282e-14	8.01462e-15	1.57343e-15	2.96273e-16	5.35457e-17	9.29497e-18	1.55082e-18	2.48863e-19	3.84353e-20	5.7168e-21	8.19416e-22	1.13254e-22	1.51028e-23	1.94436e-24	2.418e-25	2.90628e-26	3.37797e-27	3.79871e-28	4.13525e-29	4.35981e-30	4.45392e-31	4.41094e-32	4.23979e-33	4.30556e-34	4.30556e-34	
0.000606071	0.000377536	0.000226509	0.000130673	7.23711e-05	3.84217e-05	1.95265e-05	9.48809e-06	4.40331e-06	1.95004e-06	8.23497e-07	3.31444e-07	1.27096e-07	4.64249e-08	1.61528e-08	5.35385e-09	1.69084e-09	5.08978e-10	1.46094e-10	4.00048e-11	1.04563e-11	2.61028e-12	6.22746e-13	1.42081e-13	3.10208e-14	6.4858e-15	1.29947e-15	2.49671e-16	4.60324e-17	8.14998e-18	1.38656e-18	2.26832e-19	3.57057e-20	5.4115e-21	7.9017e-22	1.11228e-22	1.51028e-23	1.9793e-24	2.50506e-25	3.06354e-26	3.62211e-27	4.1425e-28	4.58509e-29	4.914e-30	5.10192e-31	5.13391e-32	5.00934e-33	4.74488e-34	4.74411e-35	4.74411e-35	
0.000190474	0.000115433	6.733e-05	3.77394e-05	2.02979e-05	1.04613e-05	5.16005e-06	2.43322e-06	1.09587e-06	4.7103e-07	1.93102e-07	7.54717e-08	2.81137e-08	9.98011e-09	3.3763e-09	1.08866e-09	3.34659e-10	9.81101e-11	2.74418e-11	7.32673e-12	1.86828e-12	4.55266e-13	1.06083e-13	2.36518e-14	5.04904e-15	1.03269e-15	2.02508e-16	3.80996e-17	6.88175e-18	1.19417e-18	1.99212e-19	3.19688e-20	4.9383e-21	7.34758e-22	1.05364e-22	1.45709e-23	1.94436e-24	2.50506e-25	3.11782e-26	3.75069e-27	4.36346e-28	4.91171e-29	5.35225e-30	5.64874e-31	5.77679e-32	5.72719e-33	5.50697e-34	5.14137e-35	5.06235e-36	5.06235e-36	
5.61384e-05	3.31349e-05	1.88104e-05	1.02559e-05	5.36316e-06	2.68657e-06	1.2877e-06	5.89993e-07	2.58183e-07	1.07836e-07	4.29671e-08	1.63261e-08	5.91446e-09	2.04269e-09	6.72619e-10	2.11198e-10	6.32536e-11	1.80763e-11	4.93116e-12	1.28476e-12	3.19859e-13	7.61402e-14	1.73402e-14	3.78055e-15	7.8958e-16	1.58075e-16	3.03562e-17	5.59544e-18	9.9063e-19	1.68563e-19	2.75849e-20	4.34422e-21	6.58808e-22	9.62671e-23	1.35622e-23	1.84321e-24	2.418e-25	3.06354e-26	3.75069e-27	4.43969e-28	5.08361e-29	5.63365e-30	6.04532e-31	6.28446e-32	6.33198e-33	6.18627e-34	5.86315e-35	5.39645e-36	5.23388e-37	5.23388e-37	
1.55594e-05	8.95317e-06	4.95187e-06	2.62899e-06	1.33812e-06	6.5222e-07	3.04118e-07	1.35538e-07	5.76935e-08	2.34418e-08	9.08788e-09	3.36062e-09	1.18521e-09	3.98645e-10	1.27889e-10	3.91403e-11	1.14311e-11	3.18706e-12	8.48637e-13	2.15923e-13	5.25238e-14	1.22221e-14	2.72226e-15	5.80738e-16	1.18734e-16	2.32804e-17	4.3804e-18	7.91455e-19	1.37407e-19	2.29371e-20	3.68376e-21	5.69559e-22	8.48297e-23	1.21781e-23	1.68612e-24	2.25282e-25	2.90628e-26	3.62211e-27	4.36346e-28	5.08361e-29	5.73068e-30	6.25387e-31	6.61013e-32	6.77007e-33	6.72198e-34	6.47314e-35	6.04834e-36	5.48922e-37	5.24519e-38	5.24519e-38	
4.06559e-06	2.28275e-06	1.23122e-06	6.37119e-07	3.15948e-07	1.49993e-07	6.8107e-08	2.95555e-08	1.22499e-08	4.84687e-09	1.83007e-09	6.5926e-10	2.26564e-10	7.42819e-11	2.32377e-11	6.93785e-12	1.9775e-12	5.38316e-13	1.40018e-13	3.48158e-14	8.28034e-15	1.88474e-15	4.10814e-16	8.58023e-17	1.71824e-17	3.30125e-18	6.08917e-19	1.07895e-19	1.83774e-20	3.01076e-21	4.74736e-22	7.20899e-23	1.05488e-23	1.48833e-24	2.02587e-25	2.66185e-26	3.37797e-27	4.1425e-28	4.91171e-29	5.63365e-30	6.25387e-31	6.72238e-32	7.0003e-33	7.06531e-34	6.91451e-35	6.56442e-36	6.04817e-37	5.4135e-38	5.09748e-39	5.09748e-39	
1.00381e-06	5.50422e-07	2.89755e-07	1.46273e-07	7.07358e-08	3.27381e-08	1.44895e-08	6.12826e-09	2.47552e-09	9.54691e-10	3.51399e-10	1.23428e-10	4.13698e-11	1.32327e-11	4.03999e-12	1.1776e-12	3.27827e-13	8.71968e-14	2.21701e-14	5.39092e-15	1.25437e-15	2.79451e-16	5.96431e-17	1.22026e-17	2.39474e-18	4.5107e-19	8.15991e-20	1.41858e-20	2.37149e-21	3.81465e-22	5.90772e-23	8.81408e-24	1.2676e-24	1.75828e-25	2.35363e-26	3.04212e-27	3.79871e-28	4.58509e-29	5.35225e-30	6.04532e-31	6.61013e-32	7.0003e-33	7.18359e-34	7.1463e-35	6.89489e-36	6.45457e-37	5.86521e-38	5.17844e-39	4.80607e-40	4.80607e-40	
2.34685e-07	1.25768e-07	6.46704e-08	3.18743e-08	1.50439e-08	6.79368e-09	2.93329e-09	1.21019e-09	4.76864e-10	1.79403e-10	6.4427e-11	2.20833e-11	7.22478e-12	2.25633e-12	6.72805e-13	1.91606e-13	5.21342e-14	1.35585e-14	3.37193e-15	8.02325e-16	1.82753e-16	3.98718e-17	8.33712e-18	1.67177e-18	3.21671e-19	5.94283e-20	1.05485e-20	1.79998e-21	2.95459e-22	4.66808e-23	7.10319e-24	1.04159e-24	1.47273e-25	2.00899e-26	2.64546e-27	3.3646e-28	4.13525e-29	4.914e-30	5.64874e-31	6.28446e-32	6.77007e-33	7.06531e-34	7.1463e-35	7.00869e-36	6.66786e-37	6.15622e-38	5.51823e-39	4.80679e-40	4.3979e-41	4.3979e-41	
5.20557e-08	2.72833e-08	1.37135e-08	6.60409e-09	3.04449e-09	1.34254e-09	5.65949e-10	2.27949e-10	8.76875e-11	3.22077e-11	1.12937e-11	3.78052e-12	1.20817e-12	3.68672e-13	1.07446e-13	2.99167e-14	7.96119e-15	2.02569e-15	4.93071e-16	1.14871e-16	2.56281e-17	5.47866e-18	1.1229e-18	2.20789e-19	4.16724e-20	7.55472e-21	1.3163e-21	2.20556e-22	3.55612e-23	5.52059e-24	8.25662e-25	1.19037e-25	1.65526e-26	2.22127e-27	2.87824e-28	3.60307e-29	4.35981e-30	5.10192e-31	5.77679e-32	6.33198e-33	6.72198e-34	6.91451e-35	6.89489e-36	6.66786e-37	6.25639e-38	5.69798e-39	5.03912e-40	4.33137e-41	3.90749e-42	3.90749e-42	
1.09742e-08	5.62895e-09	2.76752e-09	1.30312e-09	5.87191e-10	2.53035e-10	1.04219e-10	4.10104e-11	1.54126e-11	5.531e-12	1.89513e-12	6.19986e-13	1.93679e-13	5.77861e-14	1.64711e-14	4.48671e-15	1.16846e-15	2.91056e-16	6.93791e-17	1.58343e-17	3.46199e-18	7.25535e-19	1.45832e-19	2.81297e-20	5.21029e-21	9.27263e-22	1.58654e-22	2.61137e-23	4.13728e-24	6.31312e-25	9.28345e-26	1.31631e-26	1.80068e-27	2.37785e-28	3.03271e-29	3.73774e-30	4.45392e-31	5.13391e-32	5.72719e-33	6.18627e-34	6.47314e-35	6.56442e-36	6.45457e-37	6.15622e-38	5.69798e-39	5.11994e-40	4.4681e-41	3.79037e-42	3.37222e-43	3.37222e-43	
2.20283e-09	1.10641e-09	5.32424e-10	2.4528e-10	1.08101e-10	4.55523e-11	1.83439e-11	7.05698e-12	2.59286e-12	9.09724e-13	3.04785e-13	9.75115e-14	2.97961e-14	8.69772e-15	2.42618e-15	6.46949e-16	1.64979e-16	4.02532e-17	9.40159e-18	2.10311e-18	4.50843e-19	9.267e-20	1.8275e-20	3.45969e-21	6.29128e-22	1.09957e-22	1.84821e-23	2.98937e-24	4.65549e-25	6.98489e-26	1.01021e-26	1.40918e-27	1.89699e-28	2.46572e-29	3.09621e-30	3.75796e-31	4.41094e-32	5.00934e-33	5.50697e-34	5.86315e-35	6.04834e-36	6.04817e-37	5.86521e-38	5.51823e-39	5.03912e-40	4.4681e-41	3.84837e-42	3.22252e-43	2.82793e-44	2.82793e-44	
4.23703e-10	2.08452e-10	9.82116e-11	4.42822e-11	1.90958e-11	7.87175e-12	3.10064e-12	1.16667e-12	4.19261e-13	1.43885e-13	4.71575e-14	1.47616e-14	4.41409e-15	1.26122e-15	3.44446e-16	8.99501e-17	2.24709e-17	5.37256e-18	1.23001e-18	2.69795e-19	5.67282e-20	1.14407e-20	2.21436e-21	4.1157e-22	7.35013e-23	1.26201e-23	2.0845e-24	3.31412e-25	5.07476e-26	7.48846e-27	1.06548e-27	1.46256e-28	1.93793e-29	2.47997e-30	3.0667e-31	3.66632e-32	4.23979e-33	4.74488e-34	5.14137e-35	5.39645e-36	5.48922e-37	5.4135e-38	5.17844e-39	4.80679e-40	4.33137e-41	3.79037e-42	3.22252e-43	2.664e-44	2.30629e-45	2.30629e-45	
9.0454e-11	4.3513e-11	2.00368e-11	8.82653e-12	3.7177e-12	1.49658e-12	5.75601e-13	2.11469e-13	7.42024e-14	2.48672e-14	7.95973e-15	2.43388e-15	7.1109e-16	1.98566e-16	5.30139e-17	1.35381e-17	3.30831e-18	7.74005e-19	1.73458e-19	3.7256e-20	7.67343e-21	1.51643e-21	2.87708e-22	5.24357e-23	9.1856e-24	1.54756e-24	2.509e-25	3.91671e-26	5.89057e-27	8.53993e-28	1.19414e-28	1.61137e-29	2.09949e-30	2.64261e-31	3.215e-32	3.78247e-33	4.30556e-34	4.74411e-35	5.06235e-36	5.23388e-37	5.24519e-38	5.09748e-39	4.80607e-40	4.3979e-41	3.90749e-42	3.37222e-43	2.82793e-44	2.30629e-45	1.96823e-46	1.96823e-46	
9.0454e-11	4.3513e-11	2.00368e-11	8.82653e-12	3.7177e-12	1.49658e-12	5.75601e-13	2.11469e-13	7.42024e-14	2.48672e-14	7.95973e-15	2.43388e-15	7.1109e-16	1.98566e-16	5.30139e-17	1.35381e-17	3.30831e-18	7.74005e-19	1.73458e-19	3.7256e-20	7.67343e-21	1.51643e-21	2.87708e-22	5.24357e-23	9.1856e-24	1.54756e-24	2.509e-25	3.91671e-26	5.89057e-27	8.53993e-28	1.19414e-28	1.61137e-29	2.09949e-30	2.64261e-31	3.215e-32	3.78247e-33	4.30556e-34	4.74411e-35	5.06235e-36	5.23388e-37	5.24519e-38	5.09748e-39	4.80607e-40	4.3979e-41	3.90749e-42	3.37222e-43	2.82793e-44	2.30629e-45	1.96823e-46	1.96823e-46	
