-0.0810385	-0.29797	-0.489805	-0.648138	-0.76913	-0.84393	-0.866157	-0.835872	-0.760293	-0.648286	-0.504413	-0.324711	-0.122185	0.0771376	0.251474	0.396512	0.505681	0.584839	0.646474	0.702273	0.754605	0.789888	0.794653	0.75255	0.650847	0.501136	0.329893	0.152009	-0.0210251	-0.180031	-0.325519	-0.458816	-0.583512	-0.694424	-0.773855	-0.811949	-0.803907	-0.747567	-0.638117	-0.486612	-0.319882	-0.164415	-0.038724	0.0565979	0.111295	0.116969	0.0896415	0.0580482	0.0414822	0.0414822	
-0.29797	-0.514479	-0.694342	-0.819125	-0.893769	-0.919733	-0.891328	-0.812913	-0.693634	-0.537353	-0.350698	-0.141297	0.0755153	0.273042	0.43148	0.554572	0.645206	0.706586	0.751345	0.786093	0.814605	0.832203	0.830185	0.788958	0.693617	0.553973	0.385919	0.19843	0.012618	-0.169435	-0.338681	-0.491508	-0.633817	-0.757937	-0.857978	-0.915723	-0.91729	-0.855949	-0.733728	-0.558453	-0.364716	-0.185762	-0.0309659	0.0908477	0.168784	0.184376	0.154832	0.120289	0.0989952	0.0989952	
-0.489805	-0.694342	-0.849718	-0.936999	-0.959865	-0.929196	-0.848204	-0.723221	-0.554431	-0.352033	-0.133876	0.0914015	0.303926	0.478705	0.607498	0.696003	0.754175	0.781385	0.802191	0.820765	0.833941	0.839535	0.831846	0.794029	0.712812	0.587976	0.423993	0.241252	0.0510837	-0.142296	-0.323871	-0.493942	-0.652769	-0.795095	-0.911519	-0.98115	-0.989138	-0.92639	-0.795989	-0.608577	-0.405227	-0.212492	-0.0377644	0.104325	0.202212	0.231374	0.205869	0.170705	0.1514	0.1514	
-0.648138	-0.819125	-0.936999	-0.9848	-0.959969	-0.881909	-0.751935	-0.573727	-0.355737	-0.116971	0.117881	0.33986	0.534522	0.677511	0.770908	0.820583	0.829027	0.821115	0.823233	0.824034	0.824008	0.82116	0.808648	0.777526	0.711345	0.602876	0.453577	0.274408	0.086113	-0.103374	-0.2898	-0.470232	-0.641624	-0.797486	-0.923977	-1.0001	-1.0102	-0.947917	-0.821032	-0.637521	-0.435127	-0.238284	-0.0560944	0.102072	0.216786	0.254006	0.23687	0.205948	0.186946	0.186946	
-0.76913	-0.893769	-0.959865	-0.959969	-0.899452	-0.781077	-0.607743	-0.383263	-0.126287	0.12863	0.367026	0.580521	0.744299	0.850933	0.908074	0.910329	0.88043	0.845297	0.825064	0.811594	0.798851	0.785974	0.770509	0.746432	0.698844	0.611614	0.47878	0.312018	0.128001	-0.0572784	-0.237035	-0.423427	-0.606347	-0.772004	-0.904497	-0.978486	-0.989417	-0.934032	-0.816894	-0.647237	-0.454922	-0.260544	-0.0763347	0.0878316	0.210774	0.260578	0.256343	0.233803	0.222745	0.222745	
-0.84393	-0.919733	-0.929196	-0.881909	-0.781077	-0.624422	-0.409	-0.1493	0.123932	0.381287	0.61259	0.799832	0.927482	0.991853	1.00223	0.963913	0.900542	0.84409	0.807705	0.784862	0.763768	0.738059	0.717676	0.701637	0.668303	0.603177	0.496917	0.352631	0.191893	0.024061	-0.156472	-0.349768	-0.544524	-0.724566	-0.860476	-0.9307	-0.941791	-0.897403	-0.799441	-0.652526	-0.472823	-0.287232	-0.105453	0.0646756	0.193553	0.263266	0.28281	0.27983	0.281105	0.281105	
-0.866157	-0.891328	-0.848204	-0.751935	-0.607743	-0.409	-0.165209	0.109139	0.383181	0.628267	0.834459	0.988836	1.07932	1.10212	1.06556	0.990229	0.897521	0.820162	0.773754	0.747474	0.718611	0.691471	0.677234	0.664291	0.639979	0.59504	0.517976	0.403005	0.264371	0.108286	-0.068038	-0.265637	-0.471547	-0.656522	-0.789844	-0.861027	-0.878712	-0.852051	-0.780105	-0.661166	-0.499022	-0.318945	-0.1413	0.033964	0.177958	0.274923	0.331163	0.35979	0.378206	0.378206	
-0.835872	-0.812913	-0.723221	-0.573727	-0.383263	-0.1493	0.109139	0.385191	0.650833	0.867515	1.03152	1.14307	1.1869	1.16021	1.08401	0.984369	0.875755	0.790276	0.74111	0.713976	0.688739	0.667782	0.654656	0.643093	0.628745	0.595983	0.535632	0.445947	0.329509	0.182759	0.0119666	-0.179346	-0.379218	-0.558754	-0.694448	-0.77102	-0.801719	-0.802306	-0.758174	-0.665519	-0.523188	-0.354026	-0.176689	0.00529761	0.166415	0.300897	0.398583	0.46379	0.502085	0.502085	
-0.760293	-0.693634	-0.554431	-0.355737	-0.126287	0.123932	0.383181	0.650833	0.894317	1.0786	1.20111	1.25981	1.24668	1.1734	1.06646	0.948126	0.829708	0.746822	0.701843	0.678407	0.662967	0.652978	0.648872	0.64927	0.644052	0.617213	0.570328	0.494927	0.387322	0.249975	0.0847878	-0.0994299	-0.284402	-0.447808	-0.573669	-0.655118	-0.702059	-0.726073	-0.710167	-0.647427	-0.527179	-0.372645	-0.201568	-0.01382	0.164217	0.330094	0.463912	0.560916	0.614633	0.614633	
-0.648286	-0.537353	-0.352033	-0.116971	0.12863	0.381287	0.628267	0.867515	1.0786	1.23352	1.3176	1.32501	1.2644	1.15977	1.02654	0.891232	0.769186	0.68862	0.644864	0.630758	0.635551	0.644306	0.658626	0.678001	0.68493	0.666549	0.62892	0.556699	0.449011	0.308123	0.141781	-0.0299235	-0.192402	-0.332947	-0.441949	-0.517888	-0.573639	-0.612425	-0.615713	-0.581912	-0.49371	-0.365179	-0.20948	-0.0227102	0.167501	0.355059	0.514304	0.630766	0.694329	0.694329	
-0.504413	-0.350698	-0.133876	0.117881	0.367026	0.61259	0.834459	1.03152	1.20111	1.3176	1.35556	1.31915	1.22942	1.1082	0.965446	0.8251	0.708207	0.627832	0.589378	0.589618	0.611348	0.63944	0.677525	0.715533	0.733076	0.722811	0.676876	0.596272	0.488967	0.351133	0.194266	0.0382268	-0.0981728	-0.208524	-0.296868	-0.365296	-0.422144	-0.467875	-0.486042	-0.473259	-0.417548	-0.324454	-0.191258	-0.0159162	0.175202	0.373362	0.545885	0.673179	0.742992	0.742992	
-0.324711	-0.141297	0.0914015	0.33986	0.580521	0.799832	0.988836	1.14307	1.25981	1.32501	1.31915	1.25022	1.14569	1.02121	0.886654	0.762764	0.654159	0.580094	0.550126	0.555931	0.58615	0.633555	0.692474	0.743576	0.767132	0.750216	0.689844	0.598597	0.489395	0.361327	0.226472	0.102769	-0.00356644	-0.0832564	-0.142989	-0.198561	-0.251463	-0.299005	-0.328019	-0.336331	-0.315942	-0.255758	-0.146521	0.0133144	0.203436	0.397256	0.564795	0.690995	0.755418	0.755418	
-0.122185	0.0755153	0.303926	0.534522	0.744299	0.927482	1.07932	1.1869	1.24668	1.2644	1.22942	1.14569	1.03742	0.921955	0.810773	0.704435	0.611787	0.546544	0.517725	0.522191	0.558779	0.623938	0.695377	0.752019	0.7767	0.749327	0.671097	0.570655	0.457531	0.340426	0.231871	0.137164	0.0686028	0.0282634	-0.000590323	-0.0347473	-0.0763052	-0.122963	-0.160679	-0.184111	-0.19401	-0.166766	-0.0838409	0.0558892	0.23631	0.419785	0.579443	0.698796	0.75913	0.75913	
0.0771376	0.273042	0.478705	0.677511	0.850933	0.991853	1.10212	1.16021	1.1734	1.15977	1.1082	1.02121	0.921955	0.825781	0.737974	0.650912	0.571664	0.512578	0.486182	0.494323	0.539211	0.610192	0.686043	0.746619	0.765397	0.724224	0.63226	0.520841	0.403356	0.301428	0.216493	0.14883	0.112221	0.102523	0.106285	0.104257	0.084168	0.0477823	0.00730063	-0.033964	-0.0692223	-0.0746353	-0.0217653	0.0977819	0.261069	0.43515	0.589343	0.701181	0.761735	0.761735	
0.251474	0.43148	0.607498	0.770908	0.908074	1.00223	1.06556	1.08401	1.06646	1.02654	0.965446	0.886654	0.810773	0.737974	0.668249	0.597345	0.525463	0.468321	0.441631	0.45507	0.506899	0.588105	0.671658	0.730872	0.737397	0.68501	0.584278	0.462337	0.34044	0.241354	0.17336	0.132193	0.127233	0.148282	0.183016	0.214125	0.218843	0.201069	0.166772	0.116687	0.0632298	0.0294256	0.0465698	0.131029	0.267307	0.421186	0.562667	0.668267	0.724856	0.724856	
0.396512	0.554572	0.696003	0.820583	0.910329	0.963913	0.990229	0.984369	0.948126	0.891232	0.8251	0.762764	0.704435	0.650912	0.597345	0.535014	0.463918	0.403283	0.381244	0.400445	0.460288	0.544105	0.632094	0.693796	0.699321	0.646288	0.536056	0.402267	0.273965	0.173314	0.113455	0.0911048	0.108648	0.156358	0.221048	0.288133	0.332081	0.340558	0.319863	0.271199	0.203356	0.144763	0.120329	0.154246	0.244277	0.358913	0.475003	0.564574	0.612814	0.612814	
0.505681	0.645206	0.754175	0.829027	0.88043	0.900542	0.897521	0.875755	0.829708	0.769186	0.708207	0.654159	0.611787	0.571664	0.525463	0.463918	0.389448	0.331425	0.311834	0.336037	0.397305	0.484823	0.578205	0.645875	0.660981	0.612282	0.502196	0.3574	0.21463	0.101124	0.0339954	0.0226907	0.054767	0.12201	0.217827	0.317108	0.402298	0.449276	0.446273	0.40341	0.32689	0.240035	0.173106	0.15032	0.184274	0.255253	0.337673	0.407348	0.444174	0.444174	
0.584839	0.706586	0.781385	0.821115	0.845297	0.84409	0.820162	0.790276	0.746822	0.68862	0.627832	0.580094	0.546544	0.512578	0.468321	0.403283	0.331425	0.277399	0.261777	0.290154	0.346682	0.430613	0.52463	0.596137	0.622277	0.575867	0.4623	0.312082	0.152212	0.022651	-0.0559998	-0.0715086	-0.0330507	0.0477828	0.165319	0.294769	0.416544	0.498812	0.521131	0.486194	0.406934	0.297271	0.188412	0.112099	0.0871181	0.116426	0.169161	0.220925	0.250848	0.250848	
0.646474	0.751345	0.802191	0.823233	0.825064	0.807705	0.773754	0.74111	0.701843	0.644864	0.589378	0.550126	0.517725	0.486182	0.441631	0.381244	0.311834	0.261777	0.251092	0.276161	0.326364	0.40036	0.486123	0.559928	0.588437	0.541509	0.420988	0.253388	0.0786399	-0.065594	-0.157399	-0.185669	-0.148336	-0.0558631	0.0729581	0.228199	0.384378	0.493977	0.538665	0.510808	0.426107	0.298818	0.158277	0.041331	-0.03217	-0.0428951	-0.021457	0.00678793	0.0261839	0.0261839	
0.702273	0.786093	0.820765	0.824034	0.811594	0.784862	0.747474	0.713976	0.678407	0.630758	0.589618	0.555931	0.522191	0.494323	0.45507	0.400445	0.336037	0.290154	0.276161	0.291582	0.330841	0.397013	0.478281	0.548422	0.568186	0.512759	0.383357	0.204624	0.017382	-0.14686	-0.258003	-0.304156	-0.272082	-0.175051	-0.0330707	0.142013	0.312676	0.443127	0.508913	0.489399	0.403013	0.267294	0.0989292	-0.0603492	-0.175308	-0.233887	-0.250838	-0.243117	-0.240973	-0.240973	
0.754605	0.814605	0.833941	0.824008	0.798851	0.763768	0.718611	0.688739	0.662967	0.635551	0.611348	0.58615	0.558779	0.539211	0.506899	0.460288	0.397305	0.346682	0.326364	0.330841	0.365464	0.420938	0.492644	0.554736	0.567526	0.506657	0.3702	0.17691	-0.0221811	-0.203065	-0.342317	-0.406758	-0.388563	-0.291649	-0.137392	0.0474878	0.230484	0.3758	0.450698	0.439861	0.352289	0.201871	0.0139256	-0.177469	-0.336919	-0.442938	-0.502816	-0.532017	-0.546237	-0.546237	
0.789888	0.832203	0.839535	0.82116	0.785974	0.738059	0.691471	0.667782	0.652978	0.644306	0.63944	0.633555	0.623938	0.610192	0.588105	0.544105	0.484823	0.430613	0.40036	0.397013	0.420938	0.469305	0.531973	0.579302	0.580216	0.510118	0.367078	0.170694	-0.0429804	-0.241005	-0.404617	-0.491463	-0.487326	-0.392175	-0.22677	-0.0404726	0.144919	0.296018	0.373979	0.371194	0.285178	0.124205	-0.0788269	-0.295637	-0.495172	-0.645982	-0.749243	-0.816316	-0.847435	-0.847435	
0.794653	0.830185	0.831846	0.808648	0.770509	0.717676	0.677234	0.654656	0.648872	0.658626	0.677525	0.692474	0.695377	0.686043	0.671658	0.632094	0.578205	0.52463	0.486123	0.478281	0.492644	0.531973	0.578016	0.602	0.585049	0.504633	0.357942	0.164793	-0.0561819	-0.269226	-0.448483	-0.552226	-0.557407	-0.465422	-0.302135	-0.117957	0.0586755	0.200629	0.283611	0.287535	0.205394	0.0473856	-0.15965	-0.39244	-0.615447	-0.800071	-0.942922	-1.03643	-1.08662	-1.08662	
0.75255	0.788958	0.794029	0.777526	0.746432	0.701637	0.664291	0.643093	0.64927	0.678001	0.715533	0.743576	0.752019	0.746619	0.730872	0.693796	0.645875	0.596137	0.559928	0.548422	0.554736	0.579302	0.602	0.603	0.566728	0.481338	0.336669	0.146711	-0.0721683	-0.290457	-0.472484	-0.585862	-0.597087	-0.510248	-0.360668	-0.189821	-0.0274197	0.102652	0.184419	0.200659	0.128941	-0.0145015	-0.211133	-0.443188	-0.670044	-0.874921	-1.03877	-1.15128	-1.21521	-1.21521	
0.650847	0.693617	0.712812	0.711345	0.698844	0.668303	0.639979	0.628745	0.644052	0.68493	0.733076	0.767132	0.7767	0.765397	0.737397	0.699321	0.660981	0.622277	0.588437	0.568186	0.567526	0.580216	0.585049	0.566728	0.518036	0.429137	0.291802	0.117201	-0.0893695	-0.303798	-0.480299	-0.589478	-0.604933	-0.53246	-0.399469	-0.246969	-0.105756	0.0181473	0.102327	0.132156	0.0812436	-0.0368329	-0.213382	-0.431851	-0.650058	-0.860187	-1.02746	-1.15022	-1.21924	-1.21924	
0.501136	0.553973	0.587976	0.602876	0.611614	0.603177	0.59504	0.595983	0.617213	0.666549	0.722811	0.750216	0.749327	0.724224	0.68501	0.646288	0.612282	0.575867	0.541509	0.512759	0.506657	0.510118	0.504633	0.481338	0.429137	0.344959	0.226657	0.0730371	-0.11434	-0.310322	-0.474016	-0.574164	-0.591975	-0.5305	-0.419484	-0.285329	-0.153568	-0.0311128	0.0610422	0.107441	0.0838044	-0.00860433	-0.155291	-0.350975	-0.558552	-0.757339	-0.921667	-1.04782	-1.11721	-1.11721	
0.329893	0.385919	0.423993	0.453577	0.47878	0.496917	0.517976	0.535632	0.570328	0.62892	0.676876	0.689844	0.671097	0.63226	0.584278	0.536056	0.502196	0.4623	0.420988	0.383357	0.3702	0.367078	0.357942	0.336669	0.291802	0.226657	0.132991	0.0083485	-0.149093	-0.315087	-0.459198	-0.547189	-0.563862	-0.517295	-0.425662	-0.305386	-0.17572	-0.0466375	0.0623975	0.127805	0.133042	0.0738311	-0.0432846	-0.212771	-0.402548	-0.583921	-0.735518	-0.851825	-0.918828	-0.918828	
0.152009	0.19843	0.241252	0.274408	0.312018	0.352631	0.403005	0.445947	0.494927	0.556699	0.596272	0.598597	0.570655	0.520841	0.462337	0.402267	0.3574	0.312082	0.253388	0.204624	0.17691	0.170694	0.164793	0.146711	0.117201	0.0730371	0.0083485	-0.0805839	-0.200531	-0.335856	-0.455501	-0.526047	-0.53988	-0.50819	-0.428225	-0.318547	-0.187229	-0.0415805	0.0857461	0.174386	0.207538	0.185663	0.104535	-0.0332138	-0.193085	-0.348486	-0.477619	-0.576331	-0.636542	-0.636542	
-0.0210251	0.012618	0.0510837	0.086113	0.128001	0.191893	0.264371	0.329509	0.387322	0.449011	0.488967	0.489395	0.457531	0.403356	0.34044	0.273965	0.21463	0.152212	0.0786399	0.017382	-0.0221811	-0.0429804	-0.0561819	-0.0721683	-0.0893695	-0.11434	-0.149093	-0.200531	-0.278096	-0.371864	-0.459286	-0.514009	-0.527369	-0.500733	-0.431631	-0.330892	-0.193504	-0.0360252	0.103754	0.213557	0.277417	0.292872	0.25685	0.164467	0.0420049	-0.0741012	-0.168765	-0.243842	-0.288475	-0.288475	
-0.180031	-0.169435	-0.142296	-0.103374	-0.0572784	0.024061	0.108286	0.182759	0.249975	0.308123	0.351133	0.361327	0.340426	0.301428	0.241354	0.173314	0.101124	0.022651	-0.065594	-0.14686	-0.203065	-0.241005	-0.269226	-0.290457	-0.303798	-0.310322	-0.315087	-0.335856	-0.371864	-0.427511	-0.480133	-0.511156	-0.517819	-0.489851	-0.434308	-0.341738	-0.204795	-0.0461703	0.110545	0.241276	0.333082	0.390378	0.397504	0.349602	0.270555	0.194738	0.13714	0.0914308	0.0648857	0.0648857	
-0.325519	-0.338681	-0.323871	-0.2898	-0.237035	-0.156472	-0.068038	0.0119666	0.0847878	0.141781	0.194266	0.226472	0.231871	0.216493	0.17336	0.113455	0.0339954	-0.0559998	-0.157399	-0.258003	-0.342317	-0.404617	-0.448483	-0.472484	-0.480299	-0.474016	-0.459198	-0.455501	-0.459286	-0.480133	-0.502484	-0.514888	-0.512401	-0.484883	-0.43487	-0.344942	-0.215886	-0.0570357	0.109876	0.250759	0.370432	0.460905	0.505563	0.500078	0.459913	0.417545	0.384169	0.365747	0.349544	0.349544	
-0.458816	-0.491508	-0.493942	-0.470232	-0.423427	-0.349768	-0.265637	-0.179346	-0.0994299	-0.0299235	0.0382268	0.102769	0.137164	0.14883	0.132193	0.0911048	0.0226907	-0.0715086	-0.185669	-0.304156	-0.406758	-0.491463	-0.552226	-0.585862	-0.589478	-0.574164	-0.547189	-0.526047	-0.514009	-0.511156	-0.514888	-0.516308	-0.508557	-0.482284	-0.435347	-0.352344	-0.231973	-0.0772479	0.0917432	0.245175	0.388626	0.499698	0.569755	0.594081	0.57389	0.553571	0.539	0.533064	0.532955	0.532955	
-0.583512	-0.633817	-0.652769	-0.641624	-0.606347	-0.544524	-0.471547	-0.379218	-0.284402	-0.192402	-0.0981728	-0.00356644	0.0686028	0.112221	0.127233	0.108648	0.054767	-0.0330507	-0.148336	-0.272082	-0.388563	-0.487326	-0.557407	-0.597087	-0.604933	-0.591975	-0.563862	-0.53988	-0.527369	-0.517819	-0.512401	-0.508557	-0.498551	-0.478846	-0.440523	-0.371927	-0.26525	-0.119918	0.0491454	0.21803	0.374043	0.501961	0.581985	0.618333	0.612987	0.59521	0.589252	0.587382	0.595819	0.595819	
-0.694424	-0.757937	-0.795095	-0.797486	-0.772004	-0.724566	-0.656522	-0.558754	-0.447808	-0.332947	-0.208524	-0.0832564	0.0282634	0.102523	0.148282	0.156358	0.12201	0.0477828	-0.0558631	-0.175051	-0.291649	-0.392175	-0.465422	-0.510248	-0.53246	-0.5305	-0.517295	-0.50819	-0.500733	-0.489851	-0.484883	-0.482284	-0.478846	-0.473942	-0.450234	-0.399706	-0.314356	-0.186454	-0.0264548	0.145941	0.312201	0.447503	0.534041	0.576973	0.577663	0.559997	0.550091	0.54956	0.560392	0.560392	
-0.773855	-0.857978	-0.911519	-0.923977	-0.904497	-0.860476	-0.789844	-0.694448	-0.573669	-0.441949	-0.296868	-0.142989	-0.000590323	0.106285	0.183016	0.221048	0.217827	0.165319	0.0729581	-0.0330707	-0.137392	-0.22677	-0.302135	-0.360668	-0.399469	-0.419484	-0.425662	-0.428225	-0.431631	-0.434308	-0.43487	-0.435347	-0.440523	-0.450234	-0.44972	-0.428992	-0.375375	-0.275501	-0.134245	0.0371938	0.205289	0.339196	0.426408	0.467639	0.471482	0.455617	0.444485	0.447386	0.461846	0.461846	
-0.811949	-0.915723	-0.98115	-1.0001	-0.978486	-0.9307	-0.861027	-0.77102	-0.655118	-0.517888	-0.365296	-0.198561	-0.0347473	0.104257	0.214125	0.288133	0.317108	0.294769	0.228199	0.142013	0.0474878	-0.0404726	-0.117957	-0.189821	-0.246969	-0.285329	-0.305386	-0.318547	-0.330892	-0.341738	-0.344942	-0.352344	-0.371927	-0.399706	-0.428992	-0.443653	-0.424493	-0.358431	-0.245743	-0.091226	0.0635658	0.187355	0.265942	0.301728	0.311039	0.295157	0.283378	0.291678	0.304537	0.304537	
-0.803907	-0.91729	-0.989138	-1.0102	-0.989417	-0.941791	-0.878712	-0.801719	-0.702059	-0.573639	-0.422144	-0.251463	-0.0763052	0.084168	0.218843	0.332081	0.402298	0.416544	0.384378	0.312676	0.230484	0.144919	0.0586755	-0.0274197	-0.105756	-0.153568	-0.17572	-0.187229	-0.193504	-0.204795	-0.215886	-0.231973	-0.26525	-0.314356	-0.375375	-0.424493	-0.440744	-0.416239	-0.337211	-0.211176	-0.0828331	0.0189138	0.0803086	0.101821	0.10246	0.0855565	0.0699887	0.0772789	0.0907729	0.0907729	
-0.747567	-0.855949	-0.92639	-0.947917	-0.934032	-0.897403	-0.852051	-0.802306	-0.726073	-0.612425	-0.467875	-0.299005	-0.122963	0.0477823	0.201069	0.340558	0.449276	0.498812	0.493977	0.443127	0.3758	0.296018	0.200629	0.102652	0.0181473	-0.0311128	-0.0466375	-0.0415805	-0.0360252	-0.0461703	-0.0570357	-0.0772479	-0.119918	-0.186454	-0.275501	-0.358431	-0.416239	-0.430255	-0.390513	-0.308016	-0.214347	-0.147172	-0.114688	-0.114564	-0.130209	-0.156626	-0.181048	-0.177857	-0.170417	-0.170417	
-0.638117	-0.733728	-0.795989	-0.821032	-0.816894	-0.799441	-0.780105	-0.758174	-0.710167	-0.615713	-0.486042	-0.328019	-0.160679	0.00730063	0.166772	0.319863	0.446273	0.521131	0.538665	0.508913	0.450698	0.373979	0.283611	0.184419	0.102327	0.0610422	0.0623975	0.0857461	0.103754	0.110545	0.109876	0.0917432	0.0491454	-0.0264548	-0.134245	-0.245743	-0.337211	-0.390513	-0.396665	-0.366614	-0.322459	-0.297232	-0.301528	-0.327076	-0.364687	-0.406595	-0.43952	-0.447273	-0.445328	-0.445328	
-0.486612	-0.558453	-0.608577	-0.637521	-0.647237	-0.652526	-0.661166	-0.665519	-0.647427	-0.581912	-0.473259	-0.336331	-0.184111	-0.033964	0.116687	0.271199	0.40341	0.486194	0.510808	0.489399	0.439861	0.371194	0.287535	0.200659	0.132156	0.107441	0.127805	0.174386	0.213557	0.241276	0.250759	0.245175	0.21803	0.145941	0.0371938	-0.091226	-0.211176	-0.308016	-0.366614	-0.397246	-0.414702	-0.436432	-0.475998	-0.522916	-0.578032	-0.626793	-0.661678	-0.678997	-0.678788	-0.678788	
-0.319882	-0.364716	-0.405227	-0.435127	-0.454922	-0.472823	-0.499022	-0.523188	-0.527179	-0.49371	-0.417548	-0.315942	-0.19401	-0.0692223	0.0632298	0.203356	0.32689	0.406934	0.426107	0.403013	0.352289	0.285178	0.205394	0.128941	0.0812436	0.0838044	0.133042	0.207538	0.277417	0.333082	0.370432	0.388626	0.374043	0.312201	0.205289	0.0635658	-0.0828331	-0.214347	-0.322459	-0.414702	-0.486483	-0.553299	-0.620569	-0.680699	-0.742889	-0.78932	-0.820502	-0.837676	-0.838835	-0.838835	
-0.164415	-0.185762	-0.212492	-0.238284	-0.260544	-0.287232	-0.318945	-0.354026	-0.372645	-0.365179	-0.324454	-0.255758	-0.166766	-0.0746353	0.0294256	0.144763	0.240035	0.297271	0.298818	0.267294	0.201871	0.124205	0.0473856	-0.0145015	-0.0368329	-0.00860433	0.0738311	0.185663	0.292872	0.390378	0.460905	0.499698	0.501961	0.447503	0.339196	0.187355	0.0189138	-0.147172	-0.297232	-0.436432	-0.553299	-0.645775	-0.725186	-0.783869	-0.835095	-0.872674	-0.892526	-0.904769	-0.907814	-0.907814	
-0.038724	-0.0309659	-0.0377644	-0.0560944	-0.0763347	-0.105453	-0.1413	-0.176689	-0.201568	-0.20948	-0.191258	-0.146521	-0.0838409	-0.0217653	0.0465698	0.120329	0.173106	0.188412	0.158277	0.0989292	0.0139256	-0.0788269	-0.15965	-0.211133	-0.213382	-0.155291	-0.0432846	0.104535	0.25685	0.397504	0.505563	0.569755	0.581985	0.534041	0.426408	0.265942	0.0803086	-0.114688	-0.301528	-0.475998	-0.620569	-0.725186	-0.793264	-0.832492	-0.859257	-0.869718	-0.874304	-0.877891	-0.87876	-0.87876	
0.0565979	0.0908477	0.104325	0.102072	0.0878316	0.0646756	0.033964	0.00529761	-0.01382	-0.0227102	-0.0159162	0.0133144	0.0558892	0.0977819	0.131029	0.154246	0.15032	0.112099	0.041331	-0.0603492	-0.177469	-0.295637	-0.39244	-0.443188	-0.431851	-0.350975	-0.212771	-0.0332138	0.164467	0.349602	0.500078	0.594081	0.618333	0.576973	0.467639	0.301728	0.101821	-0.114564	-0.327076	-0.522916	-0.680699	-0.783869	-0.832492	-0.843322	-0.832662	-0.809625	-0.789183	-0.776535	-0.772556	-0.772556	
0.111295	0.168784	0.202212	0.216786	0.210774	0.193553	0.177958	0.166415	0.164217	0.167501	0.175202	0.203436	0.23631	0.261069	0.267307	0.244277	0.184274	0.0871181	-0.03217	-0.175308	-0.336919	-0.495172	-0.615447	-0.670044	-0.650058	-0.558552	-0.402548	-0.193085	0.0420049	0.270555	0.459913	0.57389	0.612987	0.577663	0.471482	0.311039	0.10246	-0.130209	-0.364687	-0.578032	-0.742889	-0.835095	-0.859257	-0.832662	-0.773411	-0.714696	-0.665333	-0.634253	-0.627303	-0.627303	
0.116969	0.184376	0.231374	0.254006	0.260578	0.263266	0.274923	0.300897	0.330094	0.355059	0.373362	0.397256	0.419785	0.43515	0.421186	0.358913	0.255253	0.116426	-0.0428951	-0.233887	-0.442938	-0.645982	-0.800071	-0.874921	-0.860187	-0.757339	-0.583921	-0.348486	-0.0741012	0.194738	0.417545	0.553571	0.59521	0.559997	0.455617	0.295157	0.0855565	-0.156626	-0.406595	-0.626793	-0.78932	-0.872674	-0.869718	-0.809625	-0.714696	-0.617193	-0.544944	-0.501879	-0.48637	-0.48637	
0.0896415	0.154832	0.205869	0.23687	0.256343	0.28281	0.331163	0.398583	0.463912	0.514304	0.545885	0.564795	0.579443	0.589343	0.562667	0.475003	0.337673	0.169161	-0.021457	-0.250838	-0.502816	-0.749243	-0.942922	-1.03877	-1.02746	-0.921667	-0.735518	-0.477619	-0.168765	0.13714	0.384169	0.539	0.589252	0.550091	0.444485	0.283378	0.0699887	-0.181048	-0.43952	-0.661678	-0.820502	-0.892526	-0.874304	-0.789183	-0.665333	-0.544944	-0.454562	-0.403809	-0.385231	-0.385231	
0.0580482	0.120289	0.170705	0.205948	0.233803	0.27983	0.35979	0.46379	0.560916	0.630766	0.673179	0.690995	0.698796	0.701181	0.668267	0.564574	0.407348	0.220925	0.00678793	-0.243117	-0.532017	-0.816316	-1.03643	-1.15128	-1.15022	-1.04782	-0.851825	-0.576331	-0.243842	0.0914308	0.365747	0.533064	0.587382	0.54956	0.447386	0.291678	0.0772789	-0.177857	-0.447273	-0.678997	-0.837676	-0.904769	-0.877891	-0.776535	-0.634253	-0.501879	-0.403809	-0.351373	-0.333161	-0.333161	
0.0414822	0.0989952	0.1514	0.186946	0.222745	0.281105	0.378206	0.502085	0.614633	0.694329	0.742992	0.755418	0.75913	0.761735	0.724856	0.612814	0.444174	0.250848	0.0261839	-0.240973	-0.546237	-0.847435	-1.08662	-1.21521	-1.21924	-1.11721	-0.918828	-0.636542	-0.288475	0.0648857	0.349544	0.532955	0.595819	0.560392	0.461846	0.304537	0.0907729	-0.170417	-0.445328	-0.678788	-0.838835	-0.907814	-0.87876	-0.772556	-0.627303	-0.48637	-0.385231	-0.333161	-0.312534	-0.312534	
0.0414822	0.0989952	0.1514	0.186946	0.222745	0.281105	0.378206	0.502085	0.614633	0.694329	0.742992	0.755418	0.75913	0.761735	0.724856	0.612814	0.444174	0.250848	0.0261839	-0.240973	-0.546237	-0.847435	-1.08662	-1.21521	-1.21924	-1.11721	-0.918828	-0.636542	-0.288475	0.0648857	0.349544	0.532955	0.595819	0.560392	0.461846	0.304537	0.0907729	-0.170417	-0.445328	-0.678788	-0.838835	-0.907814	-0.87876	-0.772556	-0.627303	-0.48637	-0.385231	-0.333161	-0.312534	-0.312534	
