1.39779	1.4109	1.35243	1.24557	1.09355	0.887456	0.644865	0.411865	0.229899	0.112385	0.0483861	0.0184744	0.00629954	0.00193123	0.000535555	0.000135092	3.11521e-05	6.5968e-06	1.28805e-06	2.32748e-07	3.90516e-08	6.10259e-09	8.90671e-10	1.21718e-10	1.56116e-11	1.88334e-12	2.14129e-13	2.29876e-14	2.33418e-15	2.24543e-16	2.04949e-17	1.77742e-18	1.4666e-19	1.15279e-20	8.64219e-22	6.18607e-23	4.23236e-24	2.77052e-25	1.73685e-26	1.0437e-27	6.01699e-29	3.3306e-30	1.77152e-31	9.06086e-33	4.45968e-34	2.1137e-35	9.65315e-37	4.25091e-38	1.87977e-39	1.87977e-39	
1.4109	1.35654	1.25603	1.11523	0.924911	0.693946	0.460902	0.268569	0.137262	0.0617927	0.0246533	0.00877485	0.00280441	0.00080967	0.000212348	5.08449e-05	1.11657e-05	2.25815e-06	4.22155e-07	7.32019e-08	1.18099e-08	1.77778e-09	2.50349e-10	3.3059e-11	4.1027e-12	4.79485e-13	5.28726e-14	5.51069e-15	5.43773e-16	5.08788e-17	4.52057e-18	3.81923e-19	3.07214e-20	2.35567e-21	1.7238e-22	1.20512e-23	8.05725e-25	5.15674e-26	3.16225e-27	1.85964e-28	1.04963e-29	5.69063e-31	2.96573e-32	1.48684e-33	7.17555e-35	3.33576e-36	1.49471e-37	6.46006e-39	2.80248e-40	2.80248e-40	
1.35243	1.25603	1.12221	0.943187	0.723765	0.495572	0.299316	0.159055	0.0745562	0.0309836	0.0114837	0.00381924	0.00114644	0.000312291	7.75836e-05	1.76585e-05	3.69753e-06	7.14948e-07	1.28096e-07	2.13334e-08	3.31202e-09	4.80601e-10	6.53418e-11	8.34238e-12	1.00227e-12	1.13533e-13	1.21473e-14	1.22968e-15	1.17961e-16	1.07391e-17	9.29124e-19	7.64941e-20	6.00017e-21	4.48936e-22	3.20752e-23	2.19062e-24	1.43156e-25	8.95985e-27	5.37562e-28	3.09429e-29	1.71021e-30	9.08299e-32	4.63893e-33	2.27994e-34	1.07904e-35	4.92081e-37	2.16368e-38	9.17892e-40	3.90698e-41	3.90698e-41	
1.24557	1.11523	0.943187	0.733741	0.513473	0.319072	0.175244	0.0851396	0.036726	0.0141374	0.00488319	0.00152176	0.000430084	0.000110772	2.61163e-05	5.65954e-06	1.13154e-06	2.09446e-07	3.60044e-08	5.76475e-09	8.61999e-10	1.20671e-10	1.58512e-11	1.95796e-12	2.27865e-13	2.50314e-14	2.59995e-15	2.5575e-16	2.3861e-17	2.11445e-18	1.78205e-19	1.4302e-20	1.09432e-21	7.99188e-23	5.57659e-24	3.72169e-25	2.37782e-26	1.45572e-27	8.54694e-29	4.81656e-30	2.60733e-31	1.35679e-32	6.79204e-34	3.27306e-35	1.51936e-36	6.79814e-38	2.93364e-39	1.22176e-40	5.10321e-42	5.10321e-42	
1.09355	0.924911	0.723765	0.513473	0.325879	0.183871	0.0921449	0.0411061	0.0163884	0.00586681	0.00189514	0.000555077	0.000148094	3.61465e-05	8.10365e-06	1.67489e-06	3.20234e-07	5.68183e-08	9.38233e-09	1.44577e-09	2.08417e-10	2.81717e-11	3.5782e-12	4.27913e-13	4.82716e-14	5.1455e-15	5.19123e-16	4.96457e-17	4.50697e-18	3.88925e-19	3.19433e-20	2.50004e-21	1.86665e-22	1.33105e-23	9.07374e-25	5.91916e-26	3.69842e-27	2.21531e-28	1.27316e-29	7.02593e-31	3.72589e-32	1.90011e-33	9.32501e-35	4.40691e-36	2.00683e-37	8.8114e-39	3.73243e-40	1.52623e-41	6.25687e-43	6.25687e-43	
0.887456	0.693946	0.495572	0.319072	0.183871	0.0945966	0.0434793	0.017902	0.00662776	0.0022157	0.000671772	0.000185504	4.68469e-05	1.08611e-05	2.32007e-06	4.58156e-07	8.39003e-08	1.42891e-08	2.26936e-09	3.36927e-10	4.68715e-11	6.12293e-12	7.52592e-13	8.72018e-14	9.54157e-15	9.8755e-16	9.68311e-17	9.00781e-18	7.96101e-19	6.69304e-20	5.3594e-21	4.09211e-22	2.98259e-23	2.07734e-24	1.38393e-25	8.82727e-27	5.39545e-28	3.16293e-29	1.77977e-30	9.6203e-32	4.99901e-33	2.49896e-34	1.20256e-35	5.57456e-37	2.49081e-38	1.07339e-39	4.46384e-41	1.79249e-42	7.21359e-44	7.21359e-44	
0.644865	0.460902	0.299316	0.175244	0.0921449	0.0434793	0.0184361	0.00704366	0.00243306	0.000762705	0.000217811	5.68802e-05	1.36327e-05	3.00913e-06	6.13695e-07	1.15995e-07	2.03769e-08	3.33584e-09	5.10173e-10	7.30599e-11	9.81818e-12	1.24065e-12	1.47693e-13	1.65933e-14	1.76233e-15	1.77219e-16	1.68981e-17	1.52994e-18	1.31701e-19	1.07926e-20	8.42927e-22	6.28153e-23	4.47108e-24	3.04274e-25	1.9817e-26	1.23631e-27	7.39445e-29	4.2436e-30	2.33859e-31	1.23849e-32	6.30761e-34	3.09148e-35	1.45911e-36	6.6359e-38	2.90985e-39	1.23098e-40	5.02673e-42	1.98258e-43	7.83351e-45	7.83351e-45	
0.411865	0.268569	0.159055	0.0851396	0.0411061	0.017902	0.00704366	0.00251007	0.000812627	0.000239805	6.47235e-05	1.60312e-05	3.65585e-06	7.69983e-07	1.5022e-07	2.72233e-08	4.59469e-09	7.24007e-10	1.06759e-10	1.4763e-11	1.91841e-12	2.34707e-13	2.70837e-14	2.95268e-15	3.04607e-16	2.978e-17	2.76302e-18	2.43609e-19	2.04363e-20	1.63315e-21	1.24468e-22	9.05652e-24	6.29766e-25	4.18921e-26	2.66822e-27	1.62866e-28	9.53504e-30	5.35852e-31	2.89289e-32	1.50141e-33	7.4964e-35	3.60317e-36	1.6683e-37	7.44542e-39	3.2047e-40	1.33112e-41	5.33843e-43	2.06837e-44	8.02542e-46	8.02542e-46	
0.229899	0.137262	0.0745562	0.036726	0.0163884	0.00662776	0.00243306	0.000812627	0.000247613	6.90378e-05	1.76665e-05	4.16178e-06	9.05214e-07	1.82305e-07	3.40875e-08	5.93274e-09	9.63456e-10	1.46325e-10	2.0828e-11	2.7842e-12	3.50194e-13	4.15193e-14	4.64794e-15	4.92078e-16	4.9343e-17	4.69304e-18	4.23939e-19	3.6419e-20	2.97888e-21	2.3226e-22	1.7281e-23	1.22823e-24	8.34722e-26	5.42947e-27	3.38311e-28	2.0211e-29	1.15858e-30	6.37782e-32	3.374e-33	1.71655e-34	8.40432e-36	3.96249e-37	1.80021e-38	7.88559e-40	3.33234e-41	1.35929e-42	5.35491e-44	2.03852e-45	7.76867e-47	7.76867e-47	
0.112385	0.0617927	0.0309836	0.0141374	0.00586681	0.0022157	0.000762705	0.000239805	6.90378e-05	1.82476e-05	4.4402e-06	9.97403e-07	2.07384e-07	4.00173e-08	7.18399e-09	1.20272e-09	1.88199e-10	2.7584e-11	3.79454e-12	4.90853e-13	5.98159e-14	6.8785e-15	7.47623e-16	7.69207e-17	7.5024e-18	6.94618e-19	6.11281e-20	5.11937e-21	4.08487e-22	3.10889e-23	2.2592e-24	1.56913e-25	1.04264e-26	6.63394e-28	4.04529e-29	2.36607e-30	1.32847e-31	7.16547e-33	3.71557e-34	1.85351e-35	8.90106e-37	4.11759e-38	1.83597e-39	7.89522e-41	3.27631e-42	1.3127e-43	5.08077e-45	1.90072e-46	7.11577e-48	7.11577e-48	
0.0483861	0.0246533	0.0114837	0.00488319	0.00189514	0.000671772	0.000217811	6.47235e-05	1.76665e-05	4.4402e-06	1.03016e-06	2.21179e-07	4.40553e-08	8.16031e-09	1.40888e-09	2.27227e-10	3.43067e-11	4.85851e-12	6.46634e-13	8.10264e-14	9.57526e-15	1.06889e-15	1.12885e-16	1.12953e-17	1.07228e-18	9.6703e-20	8.29525e-21	6.77624e-22	5.27721e-23	3.92228e-24	2.78506e-25	1.89108e-26	1.22904e-27	7.65216e-29	4.56806e-30	2.61673e-31	1.43945e-32	7.60968e-34	3.86879e-35	1.89285e-36	8.91809e-38	4.04867e-39	1.77214e-40	7.48304e-42	3.04995e-43	1.20053e-44	4.56608e-46	1.67894e-47	6.17577e-49	6.17577e-49	
0.0184744	0.00877485	0.00381924	0.00152176	0.000555077	0.000185504	5.68802e-05	1.60312e-05	4.16178e-06	9.97403e-07	2.21179e-07	4.54892e-08	8.69676e-09	1.54903e-09	2.57606e-10	4.00814e-11	5.84631e-12	8.0093e-13	1.03243e-13	1.25437e-14	1.43878e-15	1.56039e-16	1.60243e-17	1.56042e-18	1.44273e-19	1.26813e-20	1.06094e-21	8.45782e-23	6.43191e-24	4.67069e-25	3.24196e-26	2.15292e-27	1.36909e-28	8.34423e-30	4.8781e-31	2.73755e-32	1.47587e-33	7.64925e-35	3.81394e-36	1.83062e-37	8.46388e-39	3.77182e-40	1.62105e-41	6.72278e-43	2.69182e-44	1.04115e-45	3.89194e-47	1.4068e-48	5.08536e-50	5.08536e-50	
0.00629954	0.00280441	0.00114644	0.000430084	0.000148094	4.68469e-05	1.36327e-05	3.65585e-06	9.05214e-07	2.07384e-07	4.40553e-08	8.69676e-09	1.59876e-09	2.74275e-10	4.39991e-11	6.61313e-12	9.33013e-13	1.23784e-13	1.54696e-14	1.82405e-15	2.03243e-16	2.14314e-17	2.14168e-18	2.03098e-19	1.83002e-20	1.56866e-21	1.28064e-22	9.96838e-24	7.40588e-25	5.25674e-26	3.56827e-27	2.31843e-28	1.44312e-29	8.61286e-31	4.93254e-32	2.71272e-33	1.43373e-34	7.28719e-36	3.56432e-37	1.67879e-38	7.61879e-40	3.33355e-41	1.40704e-42	5.73222e-44	2.25521e-45	8.57277e-47	3.1502e-48	1.11959e-49	3.97791e-51	3.97791e-51	
0.00193123	0.00080967	0.000312291	0.000110772	3.61465e-05	1.08611e-05	3.00913e-06	7.69983e-07	1.82305e-07	4.00173e-08	8.16031e-09	1.54903e-09	2.74275e-10	4.53877e-11	7.03317e-12	1.02242e-12	1.39682e-13	1.79651e-14	2.17872e-15	2.49537e-16	2.70316e-17	2.77349e-18	2.69889e-19	2.49406e-20	2.19139e-21	1.83287e-22	1.46092e-23	1.11088e-24	8.06656e-26	5.59904e-27	3.71829e-28	2.36462e-29	1.44124e-30	8.42587e-32	4.72866e-33	2.54933e-34	1.32127e-35	6.58756e-37	3.16166e-38	1.46163e-39	6.51252e-41	2.79838e-42	1.16026e-43	4.64433e-45	1.79572e-46	6.70998e-48	2.42425e-49	8.47275e-51	2.95941e-52	2.95941e-52	
0.000535555	0.000212348	7.75836e-05	2.61163e-05	8.10365e-06	2.32007e-06	6.13695e-07	1.5022e-07	3.40875e-08	7.18399e-09	1.40888e-09	2.57606e-10	4.39991e-11	7.03317e-12	1.05407e-12	1.48375e-13	1.96501e-14	2.45239e-15	2.88875e-16	3.21643e-17	3.39003e-18	3.38677e-19	3.21133e-20	2.89362e-21	2.48065e-22	2.02558e-23	1.5771e-24	1.17204e-25	8.322e-27	5.65091e-28	3.67289e-29	2.28701e-30	1.36539e-31	7.82198e-33	4.30304e-34	2.27482e-35	1.15647e-36	5.65752e-38	2.66503e-39	1.20956e-40	5.29254e-42	2.23385e-43	9.09996e-45	3.5797e-46	1.3605e-47	4.99812e-49	1.77573e-50	6.10412e-52	2.09634e-53	2.09634e-53	
0.000135092	5.08449e-05	1.76585e-05	5.65954e-06	1.67489e-06	4.58156e-07	1.15995e-07	2.72233e-08	5.93274e-09	1.20272e-09	2.27227e-10	4.00814e-11	6.61313e-12	1.02242e-12	1.48375e-13	2.02459e-14	2.60175e-15	3.15371e-16	3.61124e-17	3.91195e-18	4.01446e-19	3.90778e-20	3.6128e-21	3.17606e-22	2.65805e-23	2.12002e-24	1.61315e-25	1.17219e-26	8.14196e-28	5.41078e-29	3.44328e-30	2.10005e-31	1.22852e-32	6.89857e-34	3.72121e-35	1.92959e-36	9.62485e-38	4.62122e-39	2.1371e-40	9.52489e-42	4.09369e-43	1.69758e-44	6.79581e-46	2.62768e-47	9.81835e-49	3.54691e-50	1.23939e-51	4.19106e-53	1.41545e-54	1.41545e-54	
3.11521e-05	1.11657e-05	3.69753e-06	1.13154e-06	3.20234e-07	8.39003e-08	2.03769e-08	4.59469e-09	9.63456e-10	1.88199e-10	3.43067e-11	5.84631e-12	9.33013e-13	1.39682e-13	1.96501e-14	2.60175e-15	3.24728e-16	3.82632e-17	4.26261e-18	4.49578e-19	4.49514e-20	4.26622e-21	3.84795e-22	3.30223e-23	2.69934e-24	2.10398e-25	1.56531e-26	1.11264e-27	7.56322e-29	4.92091e-30	3.06718e-31	1.83292e-32	1.05099e-33	5.78667e-35	3.0616e-36	1.5576e-37	7.62508e-39	3.59407e-40	1.63212e-41	7.14487e-43	3.01691e-44	1.2294e-45	4.83745e-47	1.83887e-48	6.75636e-50	2.40051e-51	8.25129e-53	2.74519e-54	9.11897e-56	9.11897e-56	
6.5968e-06	2.25815e-06	7.14948e-07	2.09446e-07	5.68183e-08	1.42891e-08	3.33584e-09	7.24007e-10	1.46325e-10	2.7584e-11	4.85851e-12	8.0093e-13	1.23784e-13	1.79651e-14	2.45239e-15	3.15371e-16	3.82632e-17	4.3863e-18	4.75749e-19	4.8888e-20	4.76571e-21	4.41253e-22	3.88502e-23	3.25638e-24	2.60123e-25	1.98231e-26	1.4426e-27	1.00348e-28	6.67815e-30	4.25562e-31	2.59891e-32	1.52225e-33	8.55816e-35	4.62161e-36	2.399e-37	1.1978e-38	5.75626e-40	2.66421e-41	1.18831e-42	5.11066e-44	2.12056e-45	8.49345e-47	3.28551e-48	1.22807e-49	4.43766e-51	1.55094e-52	5.24498e-54	1.71711e-55	5.61102e-57	5.61102e-57	
1.28805e-06	4.22155e-07	1.28096e-07	3.60044e-08	9.38233e-09	2.26936e-09	5.10173e-10	1.06759e-10	2.0828e-11	3.79454e-12	6.46634e-13	1.03243e-13	1.54696e-14	2.17872e-15	2.88875e-16	3.61124e-17	4.26261e-18	4.75749e-19	5.02748e-20	5.03681e-21	4.78999e-22	4.32918e-23	3.72276e-24	3.04922e-25	2.3814e-26	1.77513e-27	1.26416e-28	8.60894e-30	5.61117e-31	3.50335e-32	2.09696e-33	1.20425e-34	6.6402e-36	3.51804e-37	1.79215e-38	8.7839e-40	4.14495e-41	1.88423e-42	8.25641e-44	3.48927e-45	1.42299e-46	5.60304e-48	2.13117e-49	7.83432e-51	2.78468e-52	9.57501e-54	3.18628e-55	1.02661e-56	3.30056e-58	3.30056e-58	
2.32748e-07	7.32019e-08	2.13334e-08	5.76475e-09	1.44577e-09	3.36927e-10	7.30599e-11	1.4763e-11	2.7842e-12	4.90853e-13	8.10264e-14	1.25437e-14	1.82405e-15	2.49537e-16	3.21643e-17	3.91195e-18	4.49578e-19	4.8888e-20	5.03681e-21	4.9228e-22	4.56981e-23	4.03382e-24	3.38963e-25	2.71437e-26	2.07352e-27	1.51251e-28	1.05449e-29	7.03296e-31	4.49113e-32	2.74825e-33	1.61281e-34	9.08388e-36	4.91401e-37	2.55495e-38	1.27763e-39	6.14876e-41	2.8497e-42	1.27263e-43	5.47957e-45	2.27602e-46	9.12481e-48	3.53276e-49	1.32149e-50	4.77842e-52	1.67099e-53	5.65364e-55	1.85155e-56	5.87204e-58	1.85768e-59	1.85768e-59	
3.90516e-08	1.18099e-08	3.31202e-09	8.61999e-10	2.08417e-10	4.68715e-11	9.81818e-12	1.91841e-12	3.50194e-13	5.98159e-14	9.57526e-15	1.43878e-15	2.03243e-16	2.70316e-17	3.39003e-18	4.01446e-19	4.49514e-20	4.76571e-21	4.78999e-22	4.56981e-23	4.14314e-24	3.57373e-25	2.93593e-26	2.2996e-27	1.719e-28	1.22753e-29	8.38146e-31	5.47672e-32	3.4277e-33	2.05644e-34	1.18358e-35	6.53999e-37	3.47186e-38	1.77195e-39	8.70032e-41	4.11234e-42	1.87232e-43	8.21608e-45	3.47688e-46	1.41969e-47	5.59634e-49	2.1308e-50	7.84015e-52	2.78903e-53	9.59681e-55	3.19549e-56	1.03008e-57	3.21601e-59	1.0013e-60	1.0013e-60	
6.10259e-09	1.77778e-09	4.80601e-10	1.20671e-10	2.81717e-11	6.12293e-12	1.24065e-12	2.34707e-13	4.15193e-14	6.8785e-15	1.06889e-15	1.56039e-16	2.14314e-17	2.77349e-18	3.38677e-19	3.90778e-20	4.26622e-21	4.41253e-22	4.32918e-23	4.03382e-24	3.57373e-25	3.0137e-26	2.42165e-27	1.85609e-28	1.35827e-29	9.49902e-31	6.3543e-32	4.06937e-33	2.49698e-34	1.46919e-35	8.29558e-37	4.4982e-38	2.34401e-39	1.17464e-40	5.6644e-42	2.63016e-43	1.17665e-44	5.07466e-46	2.11106e-47	8.47541e-49	3.2856e-50	1.23049e-51	4.45415e-53	1.55909e-54	5.27956e-56	1.73033e-57	5.49099e-59	1.6879e-60	5.17272e-62	5.17272e-62	
8.90671e-10	2.50349e-10	6.53418e-11	1.58512e-11	3.5782e-12	7.52592e-13	1.47693e-13	2.70837e-14	4.64794e-15	7.47623e-16	1.12885e-16	1.60243e-17	2.14168e-18	2.69889e-19	3.21133e-20	3.6128e-21	3.84795e-22	3.88502e-23	3.72276e-24	3.38963e-25	2.93593e-26	2.42165e-27	1.90416e-28	1.42873e-29	1.02393e-30	7.01556e-32	4.59944e-33	2.8878e-34	1.7378e-35	1.0031e-36	5.55802e-38	2.95831e-39	1.51361e-40	7.44938e-42	3.52889e-43	1.61004e-44	7.07903e-46	3.0012e-47	1.22755e-48	4.84662e-50	1.84805e-51	6.8089e-53	2.42514e-54	8.35395e-56	2.78442e-57	8.98357e-59	2.80683e-60	8.4961e-62	2.56316e-63	2.56316e-63	
1.21718e-10	3.3059e-11	8.34238e-12	1.95796e-12	4.27913e-13	8.72018e-14	1.65933e-14	2.95268e-15	4.92078e-16	7.69207e-17	1.12953e-17	1.56042e-18	2.03098e-19	2.49406e-20	2.89362e-21	3.17606e-22	3.30223e-23	3.25638e-24	3.04922e-25	2.71437e-26	2.2996e-27	1.85609e-28	1.42873e-29	1.04986e-30	7.37138e-32	4.94984e-33	3.18151e-34	1.95901e-35	1.1565e-36	6.55081e-38	3.56287e-39	1.86195e-40	9.35612e-42	4.52341e-43	2.10548e-44	9.44092e-46	4.08046e-47	1.7009e-48	6.8416e-50	2.65688e-51	9.96649e-53	3.61307e-54	1.26643e-55	4.29385e-57	1.40886e-58	4.47534e-60	1.37688e-61	4.10452e-63	1.21915e-64	1.21915e-64	
1.56116e-11	4.1027e-12	1.00227e-12	2.27865e-13	4.82716e-14	9.54157e-15	1.76233e-15	3.04607e-16	4.9343e-17	7.5024e-18	1.07228e-18	1.44273e-19	1.83002e-20	2.19139e-21	2.48065e-22	2.65805e-23	2.69934e-24	2.60123e-25	2.3814e-26	2.07352e-27	1.719e-28	1.35827e-29	1.02393e-30	7.37138e-32	5.07243e-33	3.33931e-34	2.10494e-35	1.2715e-36	7.36595e-38	4.09545e-39	2.187e-40	1.12246e-41	5.54063e-43	2.63204e-44	1.20403e-45	5.30709e-47	2.25525e-48	9.24475e-50	3.65752e-51	1.39731e-52	5.15739e-54	1.83994e-55	6.34769e-57	2.11865e-58	6.84414e-60	2.14081e-61	6.48647e-63	1.90454e-64	5.57032e-66	5.57032e-66	
1.88334e-12	4.79485e-13	1.13533e-13	2.50314e-14	5.1455e-15	9.8755e-16	1.77219e-16	2.978e-17	4.69304e-18	6.94618e-19	9.6703e-20	1.26813e-20	1.56866e-21	1.83287e-22	2.02558e-23	2.12002e-24	2.10398e-25	1.98231e-26	1.77513e-27	1.51251e-28	1.22753e-29	9.49902e-31	7.01556e-32	4.94984e-33	3.33931e-34	2.15594e-35	1.33319e-36	7.9026e-38	4.49371e-39	2.45311e-40	1.28652e-41	6.48628e-43	3.1459e-44	1.46871e-45	6.60441e-47	2.86216e-48	1.19608e-49	4.82246e-51	1.87693e-52	7.05536e-54	2.56267e-55	8.99854e-57	3.05602e-58	1.00424e-59	3.19443e-61	9.8403e-63	2.93665e-64	8.49374e-66	2.44646e-67	2.44646e-67	
2.14129e-13	5.28726e-14	1.21473e-14	2.59995e-15	5.19123e-16	9.68311e-17	1.68981e-17	2.76302e-18	4.23939e-19	6.11281e-20	8.29525e-21	1.06094e-21	1.28064e-22	1.46092e-23	1.5771e-24	1.61315e-25	1.56531e-26	1.4426e-27	1.26416e-28	1.05449e-29	8.38146e-31	6.3543e-32	4.59944e-33	3.18151e-34	2.10494e-35	1.33319e-36	8.08998e-38	4.70703e-39	2.62797e-40	1.40891e-41	7.25833e-43	3.59564e-44	1.71388e-45	7.8654e-47	3.47743e-48	1.48198e-49	6.09137e-51	2.41607e-52	9.25234e-54	3.4226e-55	1.22358e-56	4.22942e-58	1.41416e-59	4.57586e-61	1.43346e-62	4.3492e-64	1.27855e-65	3.64318e-67	1.03352e-68	1.03352e-68	
2.29876e-14	5.51069e-15	1.22968e-15	2.5575e-16	4.96457e-17	9.00781e-18	1.52994e-18	2.43609e-19	3.6419e-20	5.11937e-21	6.77624e-22	8.45782e-23	9.96838e-24	1.11088e-24	1.17204e-25	1.17219e-26	1.11264e-27	1.00348e-28	8.60894e-30	7.03296e-31	5.47672e-32	4.06937e-33	2.8878e-34	1.95901e-35	1.2715e-36	7.9026e-38	4.70703e-39	2.68896e-40	1.47437e-41	7.76469e-43	3.93039e-44	1.9135e-45	8.96564e-47	4.04538e-48	1.75881e-49	7.37238e-51	2.98101e-52	1.16337e-53	4.3842e-55	1.59623e-56	5.61745e-58	1.9117e-59	6.29405e-61	2.00565e-62	6.18835e-64	1.84953e-65	5.35653e-67	1.50387e-68	4.20237e-70	4.20237e-70	
2.33418e-15	5.43773e-16	1.17961e-16	2.3861e-17	4.50697e-18	7.96101e-19	1.31701e-19	2.04363e-20	2.97888e-21	4.08487e-22	5.27721e-23	6.43191e-24	7.40588e-25	8.06656e-26	8.322e-27	8.14196e-28	7.56322e-29	6.67815e-30	5.61117e-31	4.49113e-32	3.4277e-33	2.49698e-34	1.7378e-35	1.1565e-36	7.36595e-38	4.49371e-39	2.62797e-40	1.47437e-41	7.94116e-43	4.1092e-44	2.04419e-45	9.78277e-47	4.50661e-48	1.99962e-49	8.55089e-51	3.526e-52	1.4028e-53	5.3874e-55	1.99825e-56	7.16178e-58	2.48138e-59	8.31506e-61	2.69603e-62	8.46167e-64	2.57179e-65	7.57242e-67	2.16082e-68	5.97796e-70	1.64563e-71	1.64563e-71	
2.24543e-16	5.08788e-17	1.07391e-17	2.11445e-18	3.88925e-19	6.69304e-20	1.07926e-20	1.63315e-21	2.3226e-22	3.10889e-23	3.92228e-24	4.67069e-25	5.25674e-26	5.59904e-27	5.65091e-28	5.41078e-29	4.92091e-30	4.25562e-31	3.50335e-32	2.74825e-33	2.05644e-34	1.46919e-35	1.0031e-36	6.55081e-38	4.09545e-39	2.45311e-40	1.40891e-41	7.76469e-43	4.1092e-44	2.0897e-45	1.02187e-46	4.80805e-48	2.1781e-49	9.50556e-51	3.99872e-52	1.62236e-53	6.35169e-55	2.40088e-56	8.76609e-58	3.09317e-59	1.05527e-60	3.48245e-62	1.11211e-63	3.43825e-65	1.0295e-66	2.98666e-68	8.39801e-70	2.28963e-71	6.20989e-73	6.20989e-73	
2.04949e-17	4.52057e-18	9.29124e-19	1.78205e-19	3.19433e-20	5.3594e-21	8.42927e-22	1.24468e-22	1.7281e-23	2.2592e-24	2.78506e-25	3.24196e-26	3.56827e-27	3.71829e-28	3.67289e-29	3.44328e-30	3.06718e-31	2.59891e-32	2.09696e-33	1.61281e-34	1.18358e-35	8.29558e-37	5.55802e-38	3.56287e-39	2.187e-40	1.28652e-41	7.25833e-43	3.93039e-44	2.04419e-45	1.02187e-46	4.91292e-48	2.27318e-49	1.01285e-50	4.34834e-52	1.79979e-53	7.18581e-55	2.76894e-56	1.03028e-57	3.70355e-59	1.28678e-60	4.32326e-62	1.40518e-63	4.42032e-65	1.34633e-66	3.97191e-68	1.13544e-69	3.14635e-71	8.45455e-73	2.2594e-74	2.2594e-74	
1.77742e-18	3.81923e-19	7.64941e-20	1.4302e-20	2.50004e-21	4.09211e-22	6.28153e-23	9.05652e-24	1.22823e-24	1.56913e-25	1.89108e-26	2.15292e-27	2.31843e-28	2.36462e-29	2.28701e-30	2.10005e-31	1.83292e-32	1.52225e-33	1.20425e-34	9.08388e-36	6.53999e-37	4.4982e-38	2.95831e-39	1.86195e-40	1.12246e-41	6.48628e-43	3.59564e-44	1.9135e-45	9.78277e-47	4.80805e-48	2.27318e-49	1.0345e-50	4.53438e-52	1.91537e-53	7.80148e-55	3.06567e-56	1.16285e-57	4.25985e-59	1.50779e-60	5.15909e-62	1.70719e-63	5.46587e-65	1.6939e-66	5.08325e-68	1.47773e-69	4.16302e-71	1.13696e-72	3.01138e-74	7.93038e-76	7.93038e-76	
1.4666e-19	3.07214e-20	6.00017e-21	1.09432e-21	1.86665e-22	2.98259e-23	4.47108e-24	6.29766e-25	8.34722e-26	1.04264e-26	1.22904e-27	1.36909e-28	1.44312e-29	1.44124e-30	1.36539e-31	1.22852e-32	1.05099e-33	8.55816e-35	6.6402e-36	4.91401e-37	3.47186e-38	2.34401e-39	1.51361e-40	9.35612e-42	5.54063e-43	3.1459e-44	1.71388e-45	8.96564e-47	4.50661e-48	2.1781e-49	1.01285e-50	4.53438e-52	1.95551e-53	8.1287e-55	3.25867e-56	1.26052e-57	4.70733e-59	1.69796e-60	5.91862e-62	1.99458e-63	6.50152e-65	2.05068e-66	6.26155e-68	1.85157e-69	5.30447e-71	1.47282e-72	3.96481e-74	1.03519e-75	2.68666e-77	2.68666e-77	
1.15279e-20	2.35567e-21	4.48936e-22	7.99188e-23	1.33105e-23	2.07734e-24	3.04274e-25	4.18921e-26	5.42947e-27	6.63394e-28	7.65216e-29	8.34423e-30	8.61286e-31	8.42587e-32	7.82198e-33	6.89857e-34	5.78667e-35	4.62161e-36	3.51804e-37	2.55495e-38	1.77195e-39	1.17464e-40	7.44938e-42	4.52341e-43	2.63204e-44	1.46871e-45	7.8654e-47	4.04538e-48	1.99962e-49	9.50556e-51	4.34834e-52	1.91537e-53	8.1287e-55	3.32565e-56	1.31237e-57	4.99793e-59	1.8378e-60	6.52825e-62	2.24124e-63	7.44001e-65	2.38914e-66	7.42473e-68	2.23391e-69	6.50988e-71	1.83809e-72	5.03049e-74	1.33493e-75	3.4361e-77	8.7895e-79	8.7895e-79	
8.64219e-22	1.7238e-22	3.20752e-23	5.57659e-24	9.07374e-25	1.38393e-25	1.9817e-26	2.66822e-27	3.38311e-28	4.04529e-29	4.56806e-30	4.8781e-31	4.93254e-32	4.72866e-33	4.30304e-34	3.72121e-35	3.0616e-36	2.399e-37	1.79215e-38	1.27763e-39	8.70032e-41	5.6644e-42	3.52889e-43	2.10548e-44	1.20403e-45	6.60441e-47	3.47743e-48	1.75881e-49	8.55089e-51	3.99872e-52	1.79979e-53	7.80148e-55	3.25867e-56	1.31237e-57	5.09871e-59	1.91196e-60	6.92359e-62	2.4223e-63	8.19168e-65	2.67893e-66	8.47589e-68	2.59552e-69	7.69589e-71	2.21033e-72	6.15155e-74	1.65959e-75	4.3417e-77	1.10184e-78	2.77816e-80	2.77816e-80	
6.18607e-23	1.20512e-23	2.19062e-24	3.72169e-25	5.91916e-26	8.82727e-27	1.23631e-27	1.62866e-28	2.0211e-29	2.36607e-30	2.61673e-31	2.73755e-32	2.71272e-33	2.54933e-34	2.27482e-35	1.92959e-36	1.5576e-37	1.1978e-38	8.7839e-40	6.14876e-41	4.11234e-42	2.63016e-43	1.61004e-44	9.44092e-46	5.30709e-47	2.86216e-48	1.48198e-49	7.37238e-51	3.526e-52	1.62236e-53	7.18581e-55	3.06567e-56	1.26052e-57	4.99793e-59	1.91196e-60	7.06058e-62	2.51821e-63	8.67843e-65	2.89128e-66	9.31608e-68	2.90441e-69	8.76486e-71	2.56135e-72	7.25104e-74	1.9893e-75	5.29089e-77	1.3647e-78	3.41489e-80	8.4878e-82	8.4878e-82	
4.23236e-24	8.05725e-25	1.43156e-25	2.37782e-26	3.69842e-27	5.39545e-28	7.39445e-29	9.53504e-30	1.15858e-30	1.32847e-31	1.43945e-32	1.47587e-33	1.43373e-34	1.32127e-35	1.15647e-36	9.62485e-38	7.62508e-39	5.75626e-40	4.14495e-41	2.8497e-42	1.87232e-43	1.17665e-44	7.07903e-46	4.08046e-47	2.25525e-48	1.19608e-49	6.09137e-51	2.98101e-52	1.4028e-53	6.35169e-55	2.76894e-56	1.16285e-57	4.70733e-59	1.8378e-60	6.92359e-62	2.51821e-63	8.84699e-65	3.00365e-66	9.85943e-68	3.13037e-69	9.6176e-71	2.86051e-72	8.2395e-74	2.29934e-75	6.21892e-77	1.63076e-78	4.14745e-80	1.02339e-81	2.50766e-83	2.50766e-83	
2.77052e-25	5.15674e-26	8.95985e-27	1.45572e-27	2.21531e-28	3.16293e-29	4.2436e-30	5.35852e-31	6.37782e-32	7.16547e-33	7.60968e-34	7.64925e-35	7.28719e-36	6.58756e-37	5.65752e-38	4.62122e-39	3.59407e-40	2.66421e-41	1.88423e-42	1.27263e-43	8.21608e-45	5.07466e-46	3.0012e-47	1.7009e-48	9.24475e-50	4.82246e-51	2.41607e-52	1.16337e-53	5.3874e-55	2.40088e-56	1.03028e-57	4.25985e-59	1.69796e-60	6.52825e-62	2.4223e-63	8.67843e-65	3.00365e-66	1.00475e-67	3.24982e-69	1.01683e-70	3.07901e-72	9.02651e-74	2.563e-75	7.05118e-77	1.88027e-78	4.86159e-80	1.21923e-81	2.96682e-83	7.16748e-85	7.16748e-85	
1.73685e-26	3.16225e-27	5.37562e-28	8.54694e-29	1.27316e-29	1.77977e-30	2.33859e-31	2.89289e-32	3.374e-33	3.71557e-34	3.86879e-35	3.81394e-36	3.56432e-37	3.16166e-38	2.66503e-39	2.1371e-40	1.63212e-41	1.18831e-42	8.25641e-44	5.47957e-45	3.47688e-46	2.11106e-47	1.22755e-48	6.8416e-50	3.65752e-51	1.87693e-52	9.25234e-54	4.3842e-55	1.99825e-56	8.76609e-58	3.70355e-59	1.50779e-60	5.91862e-62	2.24124e-63	8.19168e-65	2.89128e-66	9.85943e-68	3.24982e-69	1.03588e-70	3.1944e-72	9.53414e-74	2.75526e-75	7.7126e-77	2.092e-78	5.5005e-80	1.40241e-81	3.46842e-83	8.3237e-85	1.98274e-86	1.98274e-86	
1.0437e-27	1.85964e-28	3.09429e-29	4.81656e-30	7.02593e-31	9.6203e-32	1.23849e-32	1.50141e-33	1.71655e-34	1.85351e-35	1.89285e-36	1.83062e-37	1.67879e-38	1.46163e-39	1.20956e-40	9.52489e-42	7.14487e-43	5.11066e-44	3.48927e-45	2.27602e-46	1.41969e-47	8.47541e-49	4.84662e-50	2.65688e-51	1.39731e-52	7.05536e-54	3.4226e-55	1.59623e-56	7.16178e-58	3.09317e-59	1.28678e-60	5.15909e-62	1.99458e-63	7.44001e-65	2.67893e-66	9.31608e-68	3.13037e-69	1.01683e-70	3.1944e-72	9.70959e-74	2.8567e-75	8.13871e-77	2.24616e-78	6.00735e-80	1.55754e-81	3.91616e-83	9.55201e-85	2.26093e-86	5.31059e-88	5.31059e-88	
6.01699e-29	1.04963e-29	1.71021e-30	2.60733e-31	3.72589e-32	4.99901e-33	6.30761e-34	7.4964e-35	8.40432e-36	8.90106e-37	8.91809e-38	8.46388e-39	7.61879e-40	6.51252e-41	5.29254e-42	4.09369e-43	3.01691e-44	2.12056e-45	1.42299e-46	9.12481e-48	5.59634e-49	3.2856e-50	1.84805e-51	9.96649e-53	5.15739e-54	2.56267e-55	1.22358e-56	5.61745e-58	2.48138e-59	1.05527e-60	4.32326e-62	1.70719e-63	6.50152e-65	2.38914e-66	8.47589e-68	2.90441e-69	9.6176e-71	3.07901e-72	9.53414e-74	2.8567e-75	8.28588e-77	2.32742e-78	6.33348e-80	1.67032e-81	4.27075e-83	1.05902e-84	2.54768e-86	5.94803e-88	1.37773e-89	1.37773e-89	
3.3306e-30	5.69063e-31	9.08299e-32	1.35679e-32	1.90011e-33	2.49896e-34	3.09148e-35	3.60317e-36	3.96249e-37	4.11759e-38	4.04867e-39	3.77182e-40	3.33355e-41	2.79838e-42	2.23385e-43	1.69758e-44	1.2294e-45	8.49345e-47	5.60304e-48	3.53276e-49	2.1308e-50	1.23049e-51	6.8089e-53	3.61307e-54	1.83994e-55	8.99854e-57	4.22942e-58	1.9117e-59	8.31506e-61	3.48245e-62	1.40518e-63	5.46587e-65	2.05068e-66	7.42473e-68	2.59552e-69	8.76486e-71	2.86051e-72	9.02651e-74	2.75526e-75	8.13871e-77	2.32742e-78	6.44606e-80	1.72972e-81	4.49864e-83	1.13439e-84	2.77441e-86	6.58335e-88	1.51613e-89	3.46329e-91	3.46329e-91	
1.77152e-31	2.96573e-32	4.63893e-33	6.79204e-34	9.32501e-35	1.20256e-35	1.45911e-36	1.6683e-37	1.80021e-38	1.83597e-39	1.77214e-40	1.62105e-41	1.40704e-42	1.16026e-43	9.09996e-45	6.79581e-46	4.83745e-47	3.28551e-48	2.13117e-49	1.32149e-50	7.84015e-52	4.45415e-53	2.42514e-54	1.26643e-55	6.34769e-57	3.05602e-58	1.41416e-59	6.29405e-61	2.69603e-62	1.11211e-63	4.42032e-65	1.6939e-66	6.26155e-68	2.23391e-69	7.69589e-71	2.56135e-72	8.2395e-74	2.563e-75	7.7126e-77	2.24616e-78	6.33348e-80	1.72972e-81	4.57726e-83	1.17406e-84	2.91996e-86	7.04401e-88	1.64876e-89	3.74572e-91	8.43869e-93	8.43869e-93	
9.06086e-33	1.48684e-33	2.27994e-34	3.27306e-35	4.40691e-36	5.57456e-37	6.6359e-38	7.44542e-39	7.88559e-40	7.89522e-41	7.48304e-42	6.72278e-43	5.73222e-44	4.64433e-45	3.5797e-46	2.62768e-47	1.83887e-48	1.22807e-49	7.83432e-51	4.77842e-52	2.78903e-53	1.55909e-54	8.35395e-56	4.29385e-57	2.11865e-58	1.00424e-59	4.57586e-61	2.00565e-62	8.46167e-64	3.43825e-65	1.34633e-66	5.08325e-68	1.85157e-69	6.50988e-71	2.21033e-72	7.25104e-74	2.29934e-75	7.05118e-77	2.092e-78	6.00735e-80	1.67032e-81	4.49864e-83	1.17406e-84	2.97015e-86	7.28623e-88	1.73383e-89	4.00343e-91	8.97264e-93	1.99376e-94	1.99376e-94	
4.45968e-34	7.17555e-35	1.07904e-35	1.51936e-36	2.00683e-37	2.49081e-38	2.90985e-39	3.2047e-40	3.33234e-41	3.27631e-42	3.04995e-43	2.69182e-44	2.25521e-45	1.79572e-46	1.3605e-47	9.81835e-49	6.75636e-50	4.43766e-51	2.78468e-52	1.67099e-53	9.59681e-55	5.27956e-56	2.78442e-57	1.40886e-58	6.84414e-60	3.19443e-61	1.43346e-62	6.18835e-64	2.57179e-65	1.0295e-66	3.97191e-68	1.47773e-69	5.30447e-71	1.83809e-72	6.15155e-74	1.9893e-75	6.21892e-77	1.88027e-78	5.5005e-80	1.55754e-81	4.27075e-83	1.13439e-84	2.91996e-86	7.28623e-88	1.76315e-89	4.13885e-91	9.42793e-93	2.08467e-94	4.56905e-96	4.56905e-96	
2.1137e-35	3.33576e-36	4.92081e-37	6.79814e-38	8.8114e-39	1.07339e-39	1.23098e-40	1.33112e-41	1.35929e-42	1.3127e-43	1.20053e-44	1.04115e-45	8.57277e-47	6.70998e-48	4.99812e-49	3.54691e-50	2.40051e-51	1.55094e-52	9.57501e-54	5.65364e-55	3.19549e-56	1.73033e-57	8.98357e-59	4.47534e-60	2.14081e-61	9.8403e-63	4.3492e-64	1.84953e-65	7.57242e-67	2.98666e-68	1.13544e-69	4.16302e-71	1.47282e-72	5.03049e-74	1.65959e-75	5.29089e-77	1.63076e-78	4.86159e-80	1.40241e-81	3.91616e-83	1.05902e-84	2.77441e-86	7.04401e-88	1.73383e-89	4.13885e-91	9.58477e-93	2.15403e-94	4.69925e-96	1.01596e-97	1.01596e-97	
9.65315e-37	1.49471e-37	2.16368e-38	2.93364e-39	3.73243e-40	4.46384e-41	5.02673e-42	5.33843e-43	5.35491e-44	5.08077e-45	4.56608e-46	3.89194e-47	3.1502e-48	2.42425e-49	1.77573e-50	1.23939e-51	8.25129e-53	5.24498e-54	3.18628e-55	1.85155e-56	1.03008e-57	5.49099e-59	2.80683e-60	1.37688e-61	6.48647e-63	2.93665e-64	1.27855e-65	5.35653e-67	2.16082e-68	8.39801e-70	3.14635e-71	1.13696e-72	3.96481e-74	1.33493e-75	4.3417e-77	1.3647e-78	4.14745e-80	1.21923e-81	3.46842e-83	9.55201e-85	2.54768e-86	6.58335e-88	1.64876e-89	4.00343e-91	9.42793e-93	2.15403e-94	4.77615e-96	1.02809e-97	2.19259e-99	2.19259e-99	
4.25091e-38	6.46006e-39	9.17892e-40	1.22176e-40	1.52623e-41	1.79249e-42	1.98258e-43	2.06837e-44	2.03852e-45	1.90072e-46	1.67894e-47	1.4068e-48	1.11959e-49	8.47275e-51	6.10412e-52	4.19106e-53	2.74519e-54	1.71711e-55	1.02661e-56	5.87204e-58	3.21601e-59	1.6879e-60	8.4961e-62	4.10452e-63	1.90454e-64	8.49374e-66	3.64318e-67	1.50387e-68	5.97796e-70	2.28963e-71	8.45455e-73	3.01138e-74	1.03519e-75	3.4361e-77	1.10184e-78	3.41489e-80	1.02339e-81	2.96682e-83	8.3237e-85	2.26093e-86	5.94803e-88	1.51613e-89	3.74572e-91	8.97264e-93	2.08467e-94	4.69925e-96	1.02809e-97	2.18362e-99	4.59413e-101	4.59413e-101	
1.87977e-39	2.80248e-40	3.90698e-41	5.10321e-42	6.25687e-43	7.21359e-44	7.83351e-45	8.02542e-46	7.76867e-47	7.11577e-48	6.17577e-49	5.08536e-50	3.97791e-51	2.95941e-52	2.09634e-53	1.41545e-54	9.11897e-56	5.61102e-57	3.30056e-58	1.85768e-59	1.0013e-60	5.17272e-62	2.56316e-63	1.21915e-64	5.57032e-66	2.44646e-67	1.03352e-68	4.20237e-70	1.64563e-71	6.20989e-73	2.2594e-74	7.93038e-76	2.68666e-77	8.7895e-79	2.77816e-80	8.4878e-82	2.50766e-83	7.16748e-85	1.98274e-86	5.31059e-88	1.37773e-89	3.46329e-91	8.43869e-93	1.99376e-94	4.56905e-96	1.01596e-97	2.19259e-99	4.59413e-101	9.53307e-103	9.53307e-103	
1.87977e-39	2.80248e-40	3.90698e-41	5.10321e-42	6.25687e-43	7.21359e-44	7.83351e-45	8.02542e-46	7.76867e-47	7.11577e-48	6.17577e-49	5.08536e-50	3.97791e-51	2.95941e-52	2.09634e-53	1.41545e-54	9.11897e-56	5.61102e-57	3.30056e-58	1.85768e-59	1.0013e-60	5.17272e-62	2.56316e-63	1.21915e-64	5.57032e-66	2.44646e-67	1.03352e-68	4.20237e-70	1.64563e-71	6.20989e-73	2.2594e-74	7.93038e-76	2.68666e-77	8.7895e-79	2.77816e-80	8.4878e-82	2.50766e-83	7.16748e-85	1.98274e-86	5.31059e-88	1.37773e-89	3.46329e-91	8.43869e-93	1.99376e-94	4.56905e-96	1.01596e-97	2.19259e-99	4.59413e-101	9.53307e-103	9.53307e-103	
