-0.860981	-0.860981	-0.233298	0.169372	0.512341	-0.5806	
-0.860981	-0.860981	-0.233298	0.169372	0.512341	-0.5806	
-0.233298	-0.233298	0.210672	0.688886	0.803825	-0.466057	
0.169372	0.169372	0.688886	1.13207	1.23738	0.444012	
0.512341	0.512341	0.803825	1.23738	1.4277	-0.0676236	
-0.5806	-0.5806	-0.466057	0.444012	-0.0676236	0.399277	
