-0.538837	-0.446071	-0.317598	-0.186456	-0.077965	-0.006644	0.0257894	0.0234955	-0.0144772	-0.0898593	-0.177104	-0.263976	-0.30816	-0.297572	-0.246593	-0.167546	-0.0895286	-0.0373359	-0.0244855	-0.045628	-0.0896892	-0.15316	-0.242432	-0.347691	-0.447746	-0.510623	-0.513432	-0.44392	-0.304203	-0.128113	0.0569477	0.239052	0.401681	0.538921	0.62728	0.657007	0.632713	0.564882	0.478953	0.386471	0.302482	0.230599	0.17506	0.134774	0.105075	0.0804378	0.0459215	0.00356908	-0.031843	-0.031843	
-0.446071	-0.418485	-0.349786	-0.262782	-0.194317	-0.159121	-0.147397	-0.160998	-0.197216	-0.259736	-0.338131	-0.416286	-0.460268	-0.464725	-0.437444	-0.384212	-0.333466	-0.298714	-0.286579	-0.303113	-0.338655	-0.39347	-0.465564	-0.540213	-0.602105	-0.629579	-0.601561	-0.505188	-0.347227	-0.158085	0.0303443	0.20686	0.364157	0.497713	0.585466	0.622772	0.613934	0.5744	0.525842	0.474064	0.437094	0.40461	0.374501	0.3487	0.327134	0.308665	0.273889	0.231523	0.199817	0.199817	
-0.317598	-0.349786	-0.343123	-0.317983	-0.302848	-0.300787	-0.309218	-0.337738	-0.378095	-0.433612	-0.496129	-0.556114	-0.603386	-0.626651	-0.627223	-0.60743	-0.580912	-0.565252	-0.56046	-0.570058	-0.596362	-0.635732	-0.680473	-0.71869	-0.732809	-0.715114	-0.658297	-0.537093	-0.364144	-0.172047	0.0124039	0.173161	0.315507	0.436566	0.51785	0.561164	0.574924	0.570043	0.559219	0.551447	0.559031	0.570856	0.574376	0.566638	0.545862	0.519954	0.4843	0.437113	0.405423	0.405423	
-0.186456	-0.262782	-0.317983	-0.361133	-0.397952	-0.428609	-0.460267	-0.5037	-0.548116	-0.586781	-0.626369	-0.671667	-0.721779	-0.766796	-0.795649	-0.800283	-0.795659	-0.793806	-0.791713	-0.795122	-0.806544	-0.830533	-0.854119	-0.855525	-0.82384	-0.762244	-0.668226	-0.527093	-0.349116	-0.16893	-0.00582353	0.133474	0.25421	0.35445	0.424905	0.473822	0.504895	0.529235	0.555293	0.593802	0.647771	0.701795	0.738775	0.751136	0.735944	0.702728	0.662313	0.611251	0.580547	0.580547	
-0.077965	-0.194317	-0.302848	-0.397952	-0.478631	-0.54037	-0.595587	-0.644291	-0.677403	-0.695434	-0.714856	-0.74562	-0.795612	-0.858381	-0.911077	-0.94016	-0.949602	-0.951888	-0.943577	-0.935394	-0.934072	-0.948768	-0.958767	-0.934545	-0.863786	-0.759083	-0.632176	-0.480282	-0.315562	-0.160265	-0.026778	0.0789569	0.168185	0.243092	0.297025	0.344383	0.391173	0.449717	0.517039	0.595953	0.691282	0.789558	0.862047	0.89093	0.882548	0.845831	0.796296	0.74124	0.710127	0.710127	
-0.006644	-0.159121	-0.300787	-0.428609	-0.54037	-0.631135	-0.69995	-0.741728	-0.75975	-0.765491	-0.764445	-0.770509	-0.810484	-0.878797	-0.950711	-1.00436	-1.02393	-1.02621	-1.01372	-0.994025	-0.982689	-0.987316	-0.978845	-0.931309	-0.830382	-0.695996	-0.556585	-0.409941	-0.271955	-0.157861	-0.0697387	-0.00375398	0.053491	0.100786	0.138907	0.18547	0.255578	0.345899	0.447408	0.567268	0.697713	0.831532	0.934611	0.986367	0.981683	0.930672	0.872411	0.809297	0.775543	0.775543	
0.0257894	-0.147397	-0.309218	-0.460267	-0.595587	-0.69995	-0.763621	-0.786427	-0.791047	-0.782791	-0.758332	-0.74712	-0.776156	-0.845331	-0.927685	-0.992589	-1.0182	-1.01847	-1.00275	-0.976034	-0.953968	-0.942818	-0.918224	-0.852237	-0.738456	-0.59394	-0.447707	-0.318156	-0.215416	-0.153907	-0.121328	-0.101485	-0.0828288	-0.0608327	-0.0296289	0.0273623	0.115969	0.234697	0.367895	0.517587	0.678146	0.838636	0.964096	1.02414	1.01649	0.952483	0.87205	0.794947	0.753716	0.753716	
0.0234955	-0.160998	-0.337738	-0.5037	-0.644291	-0.741728	-0.786427	-0.791002	-0.776444	-0.743749	-0.70505	-0.686163	-0.707052	-0.765803	-0.842925	-0.909304	-0.939241	-0.941561	-0.924685	-0.892963	-0.859014	-0.831804	-0.789112	-0.71077	-0.59086	-0.444855	-0.306554	-0.204302	-0.151108	-0.146154	-0.170999	-0.197796	-0.209813	-0.207777	-0.18375	-0.121787	-0.0176291	0.127873	0.291162	0.464807	0.647582	0.822274	0.955326	1.00942	0.980223	0.889216	0.780167	0.689842	0.640818	0.640818	
-0.0144772	-0.197216	-0.378095	-0.548116	-0.677403	-0.75975	-0.791047	-0.776444	-0.727362	-0.671278	-0.618018	-0.589359	-0.598284	-0.637723	-0.70397	-0.770887	-0.803596	-0.807337	-0.792231	-0.753768	-0.715245	-0.67401	-0.610419	-0.51844	-0.392765	-0.253332	-0.138646	-0.0735713	-0.0700641	-0.125419	-0.206481	-0.27728	-0.322034	-0.336494	-0.31556	-0.246075	-0.121736	0.0422255	0.223673	0.412653	0.603815	0.777082	0.899782	0.940126	0.883558	0.75978	0.619304	0.503283	0.442295	0.442295	
-0.0898593	-0.259736	-0.433612	-0.586781	-0.695434	-0.765491	-0.782791	-0.743749	-0.671278	-0.586885	-0.513584	-0.463989	-0.452066	-0.478994	-0.535528	-0.595849	-0.630489	-0.633216	-0.61404	-0.576966	-0.531476	-0.475483	-0.397376	-0.294081	-0.176002	-0.0566706	0.034494	0.0636949	0.021302	-0.0847726	-0.216113	-0.330484	-0.407888	-0.443756	-0.421248	-0.336114	-0.200778	-0.0241461	0.163121	0.351867	0.54158	0.703618	0.811723	0.825981	0.736273	0.580958	0.409017	0.276508	0.206811	0.206811	
-0.177104	-0.338131	-0.496129	-0.626369	-0.714856	-0.764445	-0.758332	-0.70505	-0.618018	-0.513584	-0.41182	-0.333699	-0.303883	-0.311887	-0.350433	-0.399866	-0.433519	-0.43942	-0.422921	-0.382445	-0.327394	-0.255948	-0.16536	-0.0663095	0.0366817	0.127447	0.185148	0.181673	0.101993	-0.0399894	-0.206962	-0.35793	-0.462664	-0.512066	-0.499106	-0.415526	-0.274555	-0.0912866	0.10419	0.291466	0.47142	0.615252	0.696188	0.681814	0.56313	0.383262	0.192868	0.0495327	-0.0240901	-0.0240901	
-0.263976	-0.416286	-0.556114	-0.671667	-0.74562	-0.770509	-0.74712	-0.686163	-0.589359	-0.463989	-0.333699	-0.230038	-0.172986	-0.153677	-0.163465	-0.195453	-0.223136	-0.228954	-0.212453	-0.169866	-0.107396	-0.0295832	0.0611682	0.152169	0.228601	0.283675	0.300386	0.255977	0.141899	-0.0277834	-0.215258	-0.381714	-0.504965	-0.573088	-0.568427	-0.486426	-0.339968	-0.156429	0.0364823	0.22699	0.400362	0.529898	0.587877	0.547382	0.403425	0.199859	-0.00267896	-0.154602	-0.231106	-0.231106	
-0.30816	-0.460268	-0.603386	-0.721779	-0.795612	-0.810484	-0.776156	-0.707052	-0.598284	-0.452066	-0.303883	-0.172986	-0.0797819	-0.0246675	-0.000952374	-0.000712942	-0.00682219	-0.00181182	0.0203707	0.060733	0.121044	0.197986	0.283995	0.357107	0.401351	0.408835	0.374176	0.283988	0.134896	-0.05606	-0.257292	-0.437237	-0.572434	-0.651004	-0.651716	-0.567147	-0.418487	-0.225581	-0.024177	0.165617	0.3314	0.449856	0.492107	0.432084	0.276198	0.0626731	-0.148838	-0.306604	-0.385409	-0.385409	
-0.297572	-0.464725	-0.626651	-0.766796	-0.858381	-0.878797	-0.845331	-0.765803	-0.637723	-0.478994	-0.311887	-0.153677	-0.0246675	0.063304	0.128593	0.175192	0.20845	0.24092	0.277026	0.316455	0.371694	0.439573	0.502068	0.540961	0.539652	0.493723	0.406313	0.272141	0.0908581	-0.122969	-0.340284	-0.532264	-0.677736	-0.759515	-0.761161	-0.675155	-0.514321	-0.30857	-0.0933564	0.109971	0.275982	0.386369	0.413726	0.341988	0.181863	-0.0333938	-0.237417	-0.390054	-0.468188	-0.468188	
-0.246593	-0.437444	-0.627223	-0.795649	-0.911077	-0.950711	-0.927685	-0.842925	-0.70397	-0.535528	-0.350433	-0.163465	-0.000952374	0.128593	0.245564	0.343369	0.422938	0.49001	0.544223	0.590676	0.642956	0.691086	0.719408	0.712099	0.656795	0.55205	0.408337	0.228892	0.0111886	-0.227172	-0.456704	-0.653398	-0.80491	-0.8929	-0.897533	-0.809132	-0.631879	-0.404797	-0.167709	0.0564838	0.228909	0.335498	0.353853	0.274677	0.118504	-0.0847981	-0.276929	-0.422693	-0.494499	-0.494499	
-0.167546	-0.384212	-0.60743	-0.800283	-0.94016	-1.00436	-0.992589	-0.909304	-0.770887	-0.595849	-0.399866	-0.195453	-0.000712942	0.175192	0.343369	0.494076	0.620483	0.723062	0.800624	0.858245	0.906201	0.932404	0.923165	0.870685	0.758989	0.592285	0.394381	0.1692	-0.0761559	-0.326106	-0.564406	-0.772778	-0.928801	-1.02093	-1.03147	-0.941363	-0.759789	-0.513362	-0.247707	-0.00494409	0.175272	0.281911	0.299082	0.224317	0.0824985	-0.104959	-0.285363	-0.424722	-0.499922	-0.499922	
-0.0895286	-0.333466	-0.580912	-0.795659	-0.949602	-1.02393	-1.0182	-0.939241	-0.803596	-0.630489	-0.433519	-0.223136	-0.00682219	0.20845	0.422938	0.620483	0.788999	0.92007	1.01355	1.07867	1.1186	1.12508	1.08796	0.99375	0.832807	0.618865	0.377962	0.122791	-0.136255	-0.393036	-0.639688	-0.850523	-1.00959	-1.10901	-1.12794	-1.04961	-0.87004	-0.616746	-0.337027	-0.0763251	0.118087	0.228856	0.246381	0.178472	0.0488763	-0.121992	-0.291717	-0.426175	-0.500715	-0.500715	
-0.0373359	-0.298714	-0.565252	-0.793806	-0.951888	-1.02621	-1.01847	-0.941561	-0.807337	-0.633216	-0.43942	-0.228954	-0.00181182	0.24092	0.49001	0.723062	0.92007	1.06665	1.16329	1.22806	1.25858	1.25049	1.19123	1.06721	0.88045	0.642701	0.37811	0.109117	-0.154627	-0.418456	-0.669849	-0.883834	-1.04892	-1.15622	-1.18368	-1.11751	-0.95107	-0.698943	-0.410118	-0.140476	0.0614884	0.170995	0.188347	0.127668	0.00967089	-0.141909	-0.301427	-0.43485	-0.51045	-0.51045	
-0.0244855	-0.286579	-0.56046	-0.791713	-0.943577	-1.01372	-1.00275	-0.924685	-0.792231	-0.61404	-0.422921	-0.212453	0.0203707	0.277026	0.544223	0.800624	1.01355	1.16329	1.25651	1.31358	1.3348	1.3105	1.2286	1.08908	0.893666	0.645319	0.374527	0.106946	-0.153348	-0.412125	-0.663402	-0.886171	-1.05581	-1.16513	-1.19807	-1.14372	-0.991661	-0.745583	-0.461883	-0.197803	0.0022939	0.104364	0.122029	0.0738296	-0.0271996	-0.158658	-0.305479	-0.432382	-0.509788	-0.509788	
-0.045628	-0.303113	-0.570058	-0.795122	-0.935394	-0.994025	-0.976034	-0.892963	-0.753768	-0.576966	-0.382445	-0.169866	0.060733	0.316455	0.590676	0.858245	1.07867	1.22806	1.31358	1.36403	1.3686	1.31953	1.21503	1.05703	0.845974	0.591493	0.328126	0.0760018	-0.167653	-0.410625	-0.650613	-0.871126	-1.04367	-1.15327	-1.18932	-1.13943	-0.992835	-0.764014	-0.49151	-0.231856	-0.0367447	0.0640219	0.0832445	0.0407086	-0.0488453	-0.163037	-0.30041	-0.424225	-0.498127	-0.498127	
-0.0896892	-0.338655	-0.596362	-0.806544	-0.934072	-0.982689	-0.953968	-0.859014	-0.715245	-0.531476	-0.327394	-0.107396	0.121044	0.371694	0.642956	0.906201	1.1186	1.25858	1.3348	1.3686	1.35273	1.28164	1.1574	0.97876	0.751463	0.497319	0.243316	0.00417969	-0.217707	-0.436406	-0.66151	-0.870143	-1.02934	-1.13152	-1.16323	-1.1118	-0.97494	-0.757664	-0.491977	-0.237712	-0.0424006	0.0626692	0.0861721	0.0486412	-0.0347193	-0.147529	-0.283912	-0.404622	-0.482541	-0.482541	
-0.15316	-0.39347	-0.635732	-0.830533	-0.948768	-0.987316	-0.942818	-0.831804	-0.67401	-0.475483	-0.255948	-0.0295832	0.197986	0.439573	0.691086	0.932404	1.12508	1.25049	1.3105	1.31953	1.28164	1.19507	1.05184	0.857321	0.628081	0.381094	0.139527	-0.0830211	-0.284693	-0.48256	-0.686883	-0.874918	-1.01995	-1.11058	-1.12722	-1.06651	-0.93171	-0.720589	-0.465132	-0.220135	-0.0257437	0.086404	0.118097	0.0880183	0.00943389	-0.106152	-0.24712	-0.373501	-0.453442	-0.453442	
-0.242432	-0.465564	-0.680473	-0.854119	-0.958767	-0.978845	-0.918224	-0.789112	-0.610419	-0.397376	-0.16536	0.0611682	0.283995	0.502068	0.719408	0.923165	1.08796	1.19123	1.2286	1.21503	1.1574	1.05184	0.8949	0.700212	0.479122	0.248063	0.0290482	-0.164815	-0.343969	-0.524885	-0.703932	-0.863261	-0.993631	-1.06749	-1.06422	-0.993479	-0.850747	-0.650912	-0.419085	-0.186588	0.0028659	0.119252	0.159363	0.135459	0.0560854	-0.0625295	-0.200695	-0.325715	-0.399476	-0.399476	
-0.347691	-0.540213	-0.71869	-0.855525	-0.934545	-0.931309	-0.852237	-0.71077	-0.51844	-0.294081	-0.0663095	0.152169	0.357107	0.540961	0.712099	0.870685	0.99375	1.06721	1.08908	1.05703	0.97876	0.857321	0.700212	0.515764	0.313894	0.109922	-0.0712649	-0.229976	-0.38672	-0.539978	-0.688425	-0.826824	-0.93197	-0.977257	-0.961771	-0.882654	-0.740459	-0.555514	-0.342432	-0.130295	0.0418349	0.152943	0.196254	0.173708	0.0956833	-0.0245942	-0.160595	-0.277422	-0.345893	-0.345893	
-0.447746	-0.602105	-0.732809	-0.82384	-0.863786	-0.830382	-0.738456	-0.59086	-0.392765	-0.176002	0.0366817	0.228601	0.401351	0.539652	0.656795	0.758989	0.832807	0.88045	0.893666	0.845974	0.751463	0.628081	0.479122	0.313894	0.137686	-0.020908	-0.151035	-0.27244	-0.397505	-0.521474	-0.638129	-0.742407	-0.820725	-0.851814	-0.827979	-0.741839	-0.603001	-0.440903	-0.255075	-0.0679558	0.0820803	0.190788	0.234283	0.208309	0.130296	0.00488599	-0.129878	-0.238665	-0.300258	-0.300258	
-0.510623	-0.629579	-0.715114	-0.762244	-0.759083	-0.695996	-0.59394	-0.444855	-0.253332	-0.0566706	0.127447	0.283675	0.408835	0.493723	0.55205	0.592285	0.618865	0.642701	0.645319	0.591493	0.497319	0.381094	0.248063	0.109922	-0.020908	-0.125854	-0.20901	-0.287345	-0.375719	-0.472678	-0.565126	-0.638678	-0.693538	-0.712816	-0.682853	-0.602908	-0.478192	-0.334804	-0.172955	-0.00805299	0.128542	0.231095	0.275883	0.252581	0.172134	0.0443181	-0.0880243	-0.187955	-0.243021	-0.243021	
-0.513432	-0.601561	-0.658297	-0.668226	-0.632176	-0.556585	-0.447707	-0.306554	-0.138646	0.034494	0.185148	0.300386	0.374176	0.406313	0.408337	0.394381	0.377962	0.37811	0.374527	0.328126	0.243316	0.139527	0.0290482	-0.0712649	-0.151035	-0.20901	-0.245038	-0.286003	-0.354346	-0.433509	-0.50576	-0.56023	-0.595799	-0.603868	-0.569133	-0.491947	-0.383383	-0.250013	-0.0997803	0.0490438	0.182721	0.284082	0.331251	0.315658	0.23871	0.117326	-0.0055124	-0.0952248	-0.141315	-0.141315	
-0.44392	-0.505188	-0.537093	-0.527093	-0.480282	-0.409941	-0.318156	-0.204302	-0.0735713	0.0636949	0.181673	0.255977	0.283988	0.272141	0.228892	0.1692	0.122791	0.109117	0.106946	0.0760018	0.00417969	-0.0830211	-0.164815	-0.229976	-0.27244	-0.287345	-0.286003	-0.304105	-0.362637	-0.435671	-0.494302	-0.529827	-0.547153	-0.537912	-0.491038	-0.413234	-0.306249	-0.178272	-0.0378566	0.106824	0.242751	0.34688	0.4036	0.403016	0.338282	0.236223	0.135055	0.0633388	0.0308323	0.0308323	
-0.304203	-0.347227	-0.364144	-0.349116	-0.315562	-0.271955	-0.215416	-0.151108	-0.0700641	0.021302	0.101993	0.141899	0.134896	0.0908581	0.0111886	-0.0761559	-0.136255	-0.154627	-0.153348	-0.167653	-0.217707	-0.284693	-0.343969	-0.38672	-0.397505	-0.375719	-0.354346	-0.362637	-0.411099	-0.476724	-0.526085	-0.547917	-0.542136	-0.503177	-0.442562	-0.355725	-0.242903	-0.118261	0.0282827	0.179323	0.320038	0.428975	0.497092	0.51438	0.471841	0.401687	0.32703	0.27753	0.257241	0.257241	
-0.128113	-0.158085	-0.172047	-0.16893	-0.160265	-0.157861	-0.153907	-0.146154	-0.125419	-0.0847726	-0.0399894	-0.0277834	-0.05606	-0.122969	-0.227172	-0.326106	-0.393036	-0.418456	-0.412125	-0.410625	-0.436406	-0.48256	-0.524885	-0.539978	-0.521474	-0.472678	-0.433509	-0.435671	-0.476724	-0.535819	-0.575564	-0.580087	-0.553503	-0.494212	-0.412868	-0.311727	-0.194749	-0.0615357	0.0941912	0.253396	0.406286	0.528182	0.612577	0.646233	0.63074	0.59561	0.5506	0.528358	0.520091	0.520091	
0.0569477	0.0303443	0.0124039	-0.00582353	-0.026778	-0.0697387	-0.121328	-0.170999	-0.206481	-0.216113	-0.206962	-0.215258	-0.257292	-0.340284	-0.456704	-0.564406	-0.639688	-0.669849	-0.663402	-0.650613	-0.66151	-0.686883	-0.703932	-0.688425	-0.638129	-0.565126	-0.50576	-0.494302	-0.526085	-0.575564	-0.607306	-0.600963	-0.556102	-0.480859	-0.379266	-0.267482	-0.151804	-0.0153727	0.143591	0.314977	0.481644	0.617768	0.716904	0.775288	0.796985	0.799042	0.79433	0.797024	0.800303	0.800303	
0.239052	0.20686	0.173161	0.133474	0.0789569	-0.00375398	-0.101485	-0.197796	-0.27728	-0.330484	-0.35793	-0.381714	-0.437237	-0.532264	-0.653398	-0.772778	-0.850523	-0.883834	-0.886171	-0.871126	-0.870143	-0.874918	-0.863261	-0.826824	-0.742407	-0.638678	-0.56023	-0.529827	-0.547917	-0.580087	-0.600963	-0.589075	-0.531809	-0.442284	-0.33448	-0.219468	-0.102406	0.0325147	0.192181	0.36516	0.536877	0.686722	0.797254	0.879212	0.93937	0.979955	1.0181	1.04723	1.06195	1.06195	
0.401681	0.364157	0.315507	0.25421	0.168185	0.053491	-0.0828288	-0.209813	-0.322034	-0.407888	-0.462664	-0.504965	-0.572434	-0.677736	-0.80491	-0.928801	-1.00959	-1.04892	-1.05581	-1.04367	-1.02934	-1.01995	-0.993631	-0.93197	-0.820725	-0.693538	-0.595799	-0.547153	-0.542136	-0.553503	-0.556102	-0.531809	-0.470689	-0.371285	-0.25517	-0.13885	-0.027263	0.0970709	0.243795	0.409208	0.576091	0.724455	0.844764	0.941775	1.02933	1.10941	1.18209	1.23224	1.2599	1.2599	
0.538921	0.497713	0.436566	0.35445	0.243092	0.100786	-0.0608327	-0.207777	-0.336494	-0.443756	-0.512066	-0.573088	-0.651004	-0.759515	-0.8929	-1.02093	-1.10901	-1.15622	-1.16513	-1.15327	-1.13152	-1.11058	-1.06749	-0.977257	-0.851814	-0.712816	-0.603868	-0.537912	-0.503177	-0.494212	-0.480859	-0.442284	-0.371285	-0.264557	-0.1443	-0.031416	0.0732136	0.180047	0.30111	0.447847	0.598249	0.732429	0.847461	0.952518	1.05614	1.16469	1.26662	1.32806	1.36586	1.36586	
0.62728	0.585466	0.51785	0.424905	0.297025	0.138907	-0.0296289	-0.18375	-0.31556	-0.421248	-0.499106	-0.568427	-0.651716	-0.761161	-0.897533	-1.03147	-1.12794	-1.18368	-1.19807	-1.18932	-1.16323	-1.12722	-1.06422	-0.961771	-0.827979	-0.682853	-0.569133	-0.491038	-0.442562	-0.412868	-0.379266	-0.33448	-0.25517	-0.1443	-0.0257233	0.083053	0.175675	0.265639	0.361023	0.474461	0.593995	0.708078	0.811229	0.912342	1.02514	1.14859	1.26496	1.33814	1.3785	1.3785	
0.657007	0.622772	0.561164	0.473822	0.344383	0.18547	0.0273623	-0.121787	-0.246075	-0.336114	-0.415526	-0.486426	-0.567147	-0.675155	-0.809132	-0.941363	-1.04961	-1.11751	-1.14372	-1.13943	-1.1118	-1.06651	-0.993479	-0.882654	-0.741839	-0.602908	-0.491947	-0.413234	-0.355725	-0.311727	-0.267482	-0.219468	-0.13885	-0.031416	0.083053	0.190277	0.266559	0.331871	0.395413	0.469649	0.552846	0.64209	0.725312	0.819653	0.945037	1.07775	1.20435	1.28638	1.32482	1.32482	
0.632713	0.613934	0.574924	0.504895	0.391173	0.255578	0.115969	-0.0176291	-0.121736	-0.200778	-0.274555	-0.339968	-0.418487	-0.514321	-0.631879	-0.759789	-0.87004	-0.95107	-0.991661	-0.992835	-0.97494	-0.93171	-0.850747	-0.740459	-0.603001	-0.478192	-0.383383	-0.306249	-0.242903	-0.194749	-0.151804	-0.102406	-0.027263	0.0732136	0.175675	0.266559	0.329124	0.368063	0.395711	0.43038	0.476187	0.532568	0.600565	0.691611	0.81676	0.960087	1.09728	1.18878	1.2302	1.2302	
0.564882	0.5744	0.570043	0.529235	0.449717	0.345899	0.234697	0.127873	0.0422255	-0.0241461	-0.0912866	-0.156429	-0.225581	-0.30857	-0.404797	-0.513362	-0.616746	-0.698943	-0.745583	-0.764014	-0.757664	-0.720589	-0.650912	-0.555514	-0.440903	-0.334804	-0.250013	-0.178272	-0.118261	-0.0615357	-0.0153727	0.0325147	0.0970709	0.180047	0.265639	0.331871	0.368063	0.375844	0.366904	0.356806	0.363406	0.386253	0.440115	0.529642	0.657874	0.81771	0.957289	1.05241	1.09863	1.09863	
0.478953	0.525842	0.559219	0.555293	0.517039	0.447408	0.367895	0.291162	0.223673	0.163121	0.10419	0.0364823	-0.024177	-0.0933564	-0.167709	-0.247707	-0.337027	-0.410118	-0.461883	-0.49151	-0.491977	-0.465132	-0.419085	-0.342432	-0.255075	-0.172955	-0.0997803	-0.0378566	0.0282827	0.0941912	0.143591	0.192181	0.243795	0.30111	0.361023	0.395413	0.395711	0.366904	0.317815	0.261058	0.228346	0.224487	0.259975	0.350697	0.487374	0.652361	0.799075	0.900602	0.94676	0.94676	
0.386471	0.474064	0.551447	0.593802	0.595953	0.567268	0.517587	0.464807	0.412653	0.351867	0.291466	0.22699	0.165617	0.109971	0.0564838	-0.00494409	-0.0763251	-0.140476	-0.197803	-0.231856	-0.237712	-0.220135	-0.186588	-0.130295	-0.0679558	-0.00805299	0.0490438	0.106824	0.179323	0.253396	0.314977	0.36516	0.409208	0.447847	0.474461	0.469649	0.43038	0.356806	0.261058	0.167531	0.0959105	0.0641902	0.0896764	0.179543	0.321146	0.490548	0.647869	0.760215	0.812169	0.812169	
0.302482	0.437094	0.559031	0.647771	0.691282	0.697713	0.678146	0.647582	0.603815	0.54158	0.47142	0.400362	0.3314	0.275982	0.228909	0.175272	0.118087	0.0614884	0.0022939	-0.0367447	-0.0424006	-0.0257437	0.0028659	0.0418349	0.0820803	0.128542	0.182721	0.242751	0.320038	0.406286	0.481644	0.536877	0.576091	0.598249	0.593995	0.552846	0.476187	0.363406	0.228346	0.0959105	-0.0136116	-0.0685901	-0.050131	0.0413881	0.199059	0.384698	0.547729	0.666138	0.7245	0.7245	
0.230599	0.40461	0.570856	0.701795	0.789558	0.831532	0.838636	0.822274	0.777082	0.703618	0.615252	0.529898	0.449856	0.386369	0.335498	0.281911	0.228856	0.170995	0.104364	0.0640219	0.0626692	0.086404	0.119252	0.152943	0.190788	0.231095	0.284082	0.34688	0.428975	0.528182	0.617768	0.686722	0.724455	0.732429	0.708078	0.64209	0.532568	0.386253	0.224487	0.0641902	-0.0685901	-0.136526	-0.118168	-0.0214194	0.146717	0.343282	0.519601	0.661312	0.726401	0.726401	
0.17506	0.374501	0.574376	0.738775	0.862047	0.934611	0.964096	0.955326	0.899782	0.811723	0.696188	0.587877	0.492107	0.413726	0.353853	0.299082	0.246381	0.188347	0.122029	0.0832445	0.0861721	0.118097	0.159363	0.196254	0.234283	0.275883	0.331251	0.4036	0.497092	0.612577	0.716904	0.797254	0.844764	0.847461	0.811229	0.725312	0.600565	0.440115	0.259975	0.0896764	-0.050131	-0.118168	-0.0993708	0.00710042	0.188795	0.393424	0.586223	0.742493	0.818218	0.818218	
0.134774	0.3487	0.566638	0.751136	0.89093	0.986367	1.02414	1.00942	0.940126	0.825981	0.681814	0.547382	0.432084	0.341988	0.274677	0.224317	0.178472	0.127668	0.0738296	0.0407086	0.0486412	0.0880183	0.135459	0.173708	0.208309	0.252581	0.315658	0.403016	0.51438	0.646233	0.775288	0.879212	0.941775	0.952518	0.912342	0.819653	0.691611	0.529642	0.350697	0.179543	0.0413881	-0.0214194	0.00710042	0.128654	0.317449	0.532546	0.737546	0.897879	0.985689	0.985689	
0.105075	0.327134	0.545862	0.735944	0.882548	0.981683	1.01649	0.980223	0.883558	0.736273	0.56313	0.403425	0.276198	0.181863	0.118504	0.0824985	0.0488763	0.00967089	-0.0271996	-0.0488453	-0.0347193	0.00943389	0.0560854	0.0956833	0.130296	0.172134	0.23871	0.338282	0.471841	0.63074	0.796985	0.93937	1.02933	1.05614	1.02514	0.945037	0.81676	0.657874	0.487374	0.321146	0.199059	0.146717	0.188795	0.317449	0.500964	0.723015	0.937519	1.11108	1.21442	1.21442	
0.0804378	0.308665	0.519954	0.702728	0.845831	0.930672	0.952483	0.889216	0.75978	0.580958	0.383262	0.199859	0.0626731	-0.0333938	-0.0847981	-0.104959	-0.121992	-0.141909	-0.158658	-0.163037	-0.147529	-0.106152	-0.0625295	-0.0245942	0.00488599	0.0443181	0.117326	0.236223	0.401687	0.59561	0.799042	0.979955	1.10941	1.16469	1.14859	1.07775	0.960087	0.81771	0.652361	0.490548	0.384698	0.343282	0.393424	0.532546	0.723015	0.948486	1.17114	1.35575	1.46478	1.46478	
0.0459215	0.273889	0.4843	0.662313	0.796296	0.872411	0.87205	0.780167	0.619304	0.409017	0.192868	-0.00267896	-0.148838	-0.237417	-0.276929	-0.285363	-0.291717	-0.301427	-0.305479	-0.30041	-0.283912	-0.24712	-0.200695	-0.160595	-0.129878	-0.0880243	-0.0055124	0.135055	0.32703	0.5506	0.79433	1.0181	1.18209	1.26662	1.26496	1.20435	1.09728	0.957289	0.799075	0.647869	0.547729	0.519601	0.586223	0.737546	0.937519	1.17114	1.40966	1.60954	1.72858	1.72858	
0.00356908	0.231523	0.437113	0.611251	0.74124	0.809297	0.794947	0.689842	0.503283	0.276508	0.0495327	-0.154602	-0.306604	-0.390054	-0.422693	-0.424722	-0.426175	-0.43485	-0.432382	-0.424225	-0.404622	-0.373501	-0.325715	-0.277422	-0.238665	-0.187955	-0.0952248	0.0633388	0.27753	0.528358	0.797024	1.04723	1.23224	1.32806	1.33814	1.28638	1.18878	1.05241	0.900602	0.760215	0.666138	0.661312	0.742493	0.897879	1.11108	1.35575	1.60954	1.82243	1.9569	1.9569	
-0.031843	0.199817	0.405423	0.580547	0.710127	0.775543	0.753716	0.640818	0.442295	0.206811	-0.0240901	-0.231106	-0.385409	-0.468188	-0.494499	-0.499922	-0.500715	-0.51045	-0.509788	-0.498127	-0.482541	-0.453442	-0.399476	-0.345893	-0.300258	-0.243021	-0.141315	0.0308323	0.257241	0.520091	0.800303	1.06195	1.2599	1.36586	1.3785	1.32482	1.2302	1.09863	0.94676	0.812169	0.7245	0.726401	0.818218	0.985689	1.21442	1.46478	1.72858	1.9569	2.08903	2.08903	
-0.031843	0.199817	0.405423	0.580547	0.710127	0.775543	0.753716	0.640818	0.442295	0.206811	-0.0240901	-0.231106	-0.385409	-0.468188	-0.494499	-0.499922	-0.500715	-0.51045	-0.509788	-0.498127	-0.482541	-0.453442	-0.399476	-0.345893	-0.300258	-0.243021	-0.141315	0.0308323	0.257241	0.520091	0.800303	1.06195	1.2599	1.36586	1.3785	1.32482	1.2302	1.09863	0.94676	0.812169	0.7245	0.726401	0.818218	0.985689	1.21442	1.46478	1.72858	1.9569	2.08903	2.08903	
