0.00591772	0.00591772	0.0145892	0.0274205	0.0584422	0.0997203	0.168329	0.262787	0.387845	0.547149	0.723078	0.906903	1.06194	1.15803	1.16135	1.04979	0.82609	0.516619	0.168148	-0.164566	-0.435882	-0.627703	-0.728261	-0.757824	-0.713639	-0.609106	-0.460511	-0.291767	-0.150164	-0.0689918	-0.0471708	-0.072034	-0.108563	-0.13385	-0.147725	-0.13901	-0.110263	-0.0720345	-0.0482521	-0.0497669	-0.0760286	-0.0954502	-0.0862943	-0.0651469	-0.0549545	-0.05298	-0.0615272	-0.0725124	-0.070357	-0.0638716	
0.00591772	0.00591772	0.0145892	0.0274205	0.0584422	0.0997203	0.168329	0.262787	0.387845	0.547149	0.723078	0.906903	1.06194	1.15803	1.16135	1.04979	0.82609	0.516619	0.168148	-0.164566	-0.435882	-0.627703	-0.728261	-0.757824	-0.713639	-0.609106	-0.460511	-0.291767	-0.150164	-0.0689918	-0.0471708	-0.072034	-0.108563	-0.13385	-0.147725	-0.13901	-0.110263	-0.0720345	-0.0482521	-0.0497669	-0.0760286	-0.0954502	-0.0862943	-0.0651469	-0.0549545	-0.05298	-0.0615272	-0.0725124	-0.070357	-0.0638716	
0.0145892	0.0145892	0.0225166	0.0360867	0.0655437	0.107383	0.175218	0.268983	0.394782	0.552665	0.729283	0.912613	1.06725	1.16362	1.16733	1.05629	0.834262	0.527011	0.17981	-0.150871	-0.420265	-0.61301	-0.712541	-0.741879	-0.700194	-0.596232	-0.448733	-0.282808	-0.141593	-0.0583951	-0.0363347	-0.0597527	-0.0965328	-0.121086	-0.134045	-0.126275	-0.100017	-0.0610753	-0.0369609	-0.0398856	-0.0665052	-0.084058	-0.0756014	-0.056255	-0.047277	-0.0449808	-0.0538758	-0.0642777	-0.0635998	-0.0574363	
0.0274205	0.0274205	0.0360867	0.0501757	0.0814058	0.124317	0.19345	0.288664	0.413957	0.57192	0.746969	0.927641	1.08082	1.17544	1.17871	1.07081	0.852676	0.549858	0.209092	-0.118789	-0.389689	-0.579818	-0.684854	-0.715367	-0.672635	-0.571156	-0.425925	-0.261238	-0.123016	-0.0414119	-0.0171261	-0.0377758	-0.0704146	-0.0959513	-0.109844	-0.101876	-0.0743852	-0.0408472	-0.019137	-0.0195131	-0.0417144	-0.0608676	-0.0551278	-0.0372211	-0.026934	-0.0267466	-0.0350665	-0.0453584	-0.0449553	-0.0409757	
0.0584422	0.0584422	0.0655437	0.0814058	0.1093	0.153809	0.220922	0.315279	0.441249	0.596298	0.772242	0.95051	1.10332	1.19704	1.20193	1.09594	0.882507	0.586225	0.250335	-0.0727655	-0.338963	-0.530659	-0.634807	-0.664973	-0.627272	-0.528433	-0.386607	-0.229113	-0.092672	-0.00814518	0.0185405	0.00271734	-0.0293011	-0.0546051	-0.0659933	-0.0602883	-0.0379718	-0.00431155	0.0177919	0.0144121	-0.00791476	-0.0227312	-0.0191376	-0.00551398	0.00137557	0.00198054	-0.00701679	-0.0161121	-0.0191918	-0.0167769	
0.0997203	0.0997203	0.107383	0.124317	0.153809	0.199761	0.26877	0.363741	0.490287	0.64363	0.817316	0.991857	1.14002	1.23229	1.2351	1.13392	0.927198	0.639618	0.31359	-0.00222266	-0.269065	-0.458333	-0.56907	-0.601826	-0.566114	-0.47104	-0.333501	-0.180611	-0.0488823	0.0360142	0.0648017	0.0529623	0.026723	0.00317165	-0.00918387	-0.00403989	0.0177767	0.0443078	0.0626486	0.0619752	0.046599	0.0303475	0.0301716	0.039868	0.0481379	0.0454238	0.0374562	0.0285081	0.023949	0.0236234	
0.168329	0.168329	0.175218	0.19345	0.220922	0.26877	0.335232	0.431098	0.555304	0.70635	0.878356	1.04702	1.1946	1.28217	1.28702	1.18927	0.989554	0.711673	0.395723	0.085366	-0.176615	-0.366579	-0.480059	-0.514163	-0.482275	-0.392446	-0.261525	-0.117694	0.00978422	0.0931746	0.127564	0.12516	0.102891	0.0772592	0.06718	0.0702899	0.0881844	0.11201	0.128887	0.126311	0.112737	0.101444	0.0979286	0.103197	0.106886	0.103864	0.0958806	0.0878565	0.0799564	0.0765578	
0.262787	0.262787	0.268983	0.288664	0.315279	0.363741	0.431098	0.52447	0.649936	0.796026	0.964679	1.12879	1.26806	1.35366	1.35466	1.26057	1.06794	0.801868	0.495723	0.196428	-0.0630214	-0.253269	-0.371536	-0.409677	-0.385433	-0.301838	-0.17695	-0.0428756	0.078739	0.165458	0.202349	0.203142	0.186002	0.166172	0.157745	0.158975	0.173264	0.190509	0.204373	0.202819	0.196783	0.186022	0.180217	0.179558	0.183073	0.177281	0.17094	0.163311	0.153033	0.147799	
0.387845	0.387845	0.394782	0.413957	0.441249	0.490287	0.555304	0.649936	0.769489	0.912738	1.07469	1.22899	1.36299	1.43986	1.43919	1.34812	1.16307	0.907526	0.614991	0.321758	0.064963	-0.126501	-0.251636	-0.295762	-0.275225	-0.198296	-0.0840902	0.0398038	0.153973	0.234224	0.276435	0.290555	0.281579	0.260795	0.251993	0.25256	0.265379	0.278748	0.288302	0.287438	0.286062	0.280655	0.272458	0.268765	0.268601	0.262164	0.257804	0.251226	0.239938	0.232322	
0.547149	0.547149	0.552665	0.57192	0.596298	0.64363	0.70635	0.796026	0.912738	1.04869	1.20321	1.34947	1.47254	1.54208	1.53603	1.44436	1.26436	1.0197	0.736324	0.45301	0.201108	0.00632073	-0.123574	-0.174682	-0.16543	-0.0996673	0.00475645	0.114819	0.22095	0.302589	0.349714	0.367415	0.36289	0.349002	0.345256	0.344683	0.352886	0.360672	0.36805	0.368269	0.373706	0.372834	0.365098	0.357252	0.354897	0.348616	0.34727	0.342376	0.330811	0.323131	
0.723078	0.723078	0.729283	0.746969	0.772242	0.817316	0.878356	0.964679	1.07469	1.20321	1.34566	1.47894	1.58766	1.64496	1.6303	1.53722	1.36221	1.12719	0.855267	0.579869	0.328131	0.129004	-0.0106058	-0.0729604	-0.0724727	-0.015973	0.0748625	0.171832	0.26614	0.340332	0.389937	0.418931	0.424941	0.415941	0.411218	0.410366	0.418379	0.422754	0.426268	0.428422	0.441363	0.446329	0.441251	0.432204	0.429162	0.423844	0.427165	0.42571	0.417119	0.411217	
0.906903	0.906903	0.912613	0.927641	0.95051	0.991857	1.04702	1.12879	1.22899	1.34947	1.47894	1.59878	1.69355	1.73674	1.71302	1.6147	1.44236	1.21305	0.951817	0.681607	0.434185	0.229257	0.0825901	0.00711504	-0.00485177	0.0366056	0.110782	0.19183	0.274812	0.343276	0.395965	0.432679	0.444601	0.441776	0.440684	0.442576	0.446886	0.44886	0.448106	0.453994	0.471608	0.486889	0.484759	0.476811	0.471443	0.470305	0.47883	0.481714	0.478456	0.475406	
1.06194	1.06194	1.06725	1.08082	1.10332	1.14002	1.1946	1.26806	1.36299	1.47254	1.58766	1.69355	1.76952	1.79701	1.76215	1.65655	1.48611	1.26556	1.01139	0.751191	0.503735	0.293194	0.134846	0.0457829	0.0185956	0.0444098	0.102562	0.167171	0.232198	0.293323	0.34836	0.38845	0.408937	0.415077	0.417745	0.418631	0.422836	0.419738	0.418403	0.425586	0.4516	0.472554	0.478521	0.472047	0.468458	0.471388	0.485365	0.49578	0.499465	0.50303	
1.15803	1.15803	1.16362	1.17544	1.19704	1.23229	1.28217	1.35366	1.43986	1.54208	1.64496	1.73674	1.79701	1.81093	1.76357	1.65333	1.48595	1.26985	1.03001	0.775524	0.532591	0.316606	0.149881	0.0430249	0.00153289	0.0110859	0.0484791	0.0945243	0.144699	0.193834	0.242752	0.291575	0.321948	0.334511	0.335688	0.340747	0.341541	0.338981	0.331664	0.341908	0.36911	0.402235	0.413956	0.41158	0.407815	0.415861	0.435884	0.452749	0.46648	0.475469	
1.16135	1.16135	1.16733	1.17871	1.20193	1.2351	1.28702	1.35466	1.43919	1.53603	1.6303	1.71302	1.76215	1.76357	1.71167	1.59637	1.43451	1.22964	1.00043	0.759849	0.522293	0.305877	0.130547	0.0114442	-0.0462883	-0.0565898	-0.0395952	-0.0114796	0.0159494	0.0545002	0.104756	0.152288	0.184889	0.204204	0.212267	0.217201	0.215889	0.206226	0.196126	0.205621	0.23732	0.275546	0.293919	0.294911	0.29237	0.304931	0.326901	0.352298	0.37335	0.38952	
1.04979	1.04979	1.05629	1.07081	1.09594	1.13392	1.18927	1.26057	1.34812	1.44436	1.53722	1.6147	1.65655	1.65333	1.59637	1.48492	1.333	1.14301	0.935392	0.712208	0.486688	0.274635	0.0936461	-0.0380008	-0.110031	-0.137357	-0.137827	-0.129581	-0.120396	-0.0967416	-0.0596494	-0.0124829	0.0316976	0.0564403	0.0628767	0.066421	0.0605761	0.0466904	0.0327911	0.0387663	0.0670071	0.109214	0.134108	0.137616	0.135445	0.148291	0.171909	0.202287	0.231089	0.250972	
0.82609	0.82609	0.834262	0.852676	0.882507	0.927198	0.989554	1.06794	1.16307	1.26436	1.36221	1.44236	1.48611	1.48595	1.43451	1.333	1.19749	1.02939	0.845476	0.647339	0.440595	0.239733	0.0628238	-0.074003	-0.157011	-0.199341	-0.219897	-0.230934	-0.242547	-0.232542	-0.202406	-0.156228	-0.114234	-0.0873267	-0.0779737	-0.0743435	-0.0859738	-0.10605	-0.129875	-0.131522	-0.106341	-0.0621895	-0.0366634	-0.0336472	-0.0364358	-0.0251554	-0.00509478	0.027591	0.0584655	0.0801397	
0.516619	0.516619	0.527011	0.549858	0.586225	0.639618	0.711673	0.801868	0.907526	1.0197	1.12719	1.21305	1.26556	1.26985	1.22964	1.14301	1.02939	0.890489	0.740575	0.575554	0.396521	0.217869	0.0473805	-0.0881655	-0.17669	-0.231743	-0.264231	-0.289422	-0.318651	-0.325065	-0.306926	-0.268211	-0.221192	-0.191886	-0.179972	-0.181726	-0.200159	-0.232545	-0.262051	-0.271617	-0.255439	-0.219365	-0.1947	-0.190536	-0.195927	-0.191126	-0.178092	-0.145995	-0.116123	-0.0965643	
0.168148	0.168148	0.17981	0.209092	0.250335	0.31359	0.395723	0.495723	0.614991	0.736324	0.855267	0.951817	1.01139	1.03001	1.00043	0.935392	0.845476	0.740575	0.625466	0.500536	0.355933	0.205468	0.054424	-0.070641	-0.160417	-0.220239	-0.261203	-0.302291	-0.344014	-0.36027	-0.354073	-0.31963	-0.272973	-0.241645	-0.228715	-0.233945	-0.259259	-0.297959	-0.33796	-0.364229	-0.358366	-0.329048	-0.306519	-0.309441	-0.316959	-0.321737	-0.315332	-0.290055	-0.265435	-0.250382	
-0.164566	-0.164566	-0.150871	-0.118789	-0.0727655	-0.00222266	0.085366	0.196428	0.321758	0.45301	0.579869	0.681607	0.751191	0.775524	0.759849	0.712208	0.647339	0.575554	0.500536	0.415801	0.313371	0.195797	0.0714172	-0.0387546	-0.119707	-0.178084	-0.222607	-0.268901	-0.317125	-0.346635	-0.348015	-0.314352	-0.267991	-0.23387	-0.216222	-0.221914	-0.253597	-0.303377	-0.356222	-0.391007	-0.397504	-0.381789	-0.371052	-0.374762	-0.386707	-0.400794	-0.406283	-0.388968	-0.372334	-0.363797	
-0.435882	-0.435882	-0.420265	-0.389689	-0.338963	-0.269065	-0.176615	-0.0630214	0.064963	0.201108	0.328131	0.434185	0.503735	0.532591	0.522293	0.486688	0.440595	0.396521	0.355933	0.313371	0.250994	0.174622	0.0801919	-0.00620231	-0.0751607	-0.127598	-0.170344	-0.21667	-0.266956	-0.296235	-0.299963	-0.269716	-0.221641	-0.177441	-0.153148	-0.158063	-0.192785	-0.248641	-0.309214	-0.357629	-0.379689	-0.379571	-0.375631	-0.386148	-0.403387	-0.428775	-0.442753	-0.437257	-0.430754	-0.428503	
-0.627703	-0.627703	-0.61301	-0.579818	-0.530659	-0.458333	-0.366579	-0.253269	-0.126501	0.00632073	0.129004	0.229257	0.293194	0.316606	0.305877	0.274635	0.239733	0.217869	0.205468	0.195797	0.174622	0.129363	0.0687293	0.00605394	-0.046845	-0.0872626	-0.120517	-0.164437	-0.207786	-0.238677	-0.241012	-0.204267	-0.147432	-0.0927649	-0.0563628	-0.0529967	-0.0853171	-0.143017	-0.211222	-0.26926	-0.303988	-0.317199	-0.327489	-0.344781	-0.367929	-0.400503	-0.425521	-0.434216	-0.438092	-0.444277	
-0.728261	-0.728261	-0.712541	-0.684854	-0.634807	-0.56907	-0.480059	-0.371536	-0.251636	-0.123574	-0.0106058	0.0825901	0.134846	0.149881	0.130547	0.0936461	0.0628238	0.0473805	0.054424	0.0714172	0.0801919	0.0687293	0.0410658	-0.000939334	-0.0357591	-0.0646267	-0.0961614	-0.130488	-0.166617	-0.189449	-0.182075	-0.137248	-0.0728437	0.001902	0.0535123	0.0742805	0.0524063	-0.00159254	-0.0747497	-0.133876	-0.179237	-0.208486	-0.233652	-0.256599	-0.286427	-0.326881	-0.363587	-0.386805	-0.403373	-0.417471	
-0.757824	-0.757824	-0.741879	-0.715367	-0.664973	-0.601826	-0.514163	-0.409677	-0.295762	-0.174682	-0.0729604	0.00711504	0.0457829	0.0430249	0.0114442	-0.0380008	-0.074003	-0.0881655	-0.070641	-0.0387546	-0.00620231	0.00605394	-0.000939334	-0.0237844	-0.04701	-0.0700848	-0.0952449	-0.122234	-0.15322	-0.168489	-0.151394	-0.0982461	-0.0176022	0.0774028	0.154471	0.199408	0.193752	0.151025	0.0891333	0.0316873	-0.0226514	-0.0604805	-0.0941939	-0.124684	-0.163418	-0.206691	-0.253287	-0.291475	-0.321089	-0.346246	
-0.713639	-0.713639	-0.700194	-0.672635	-0.627272	-0.566114	-0.482275	-0.385433	-0.275225	-0.16543	-0.0724727	-0.00485177	0.0185956	0.00153289	-0.0462883	-0.110031	-0.157011	-0.17669	-0.160417	-0.119707	-0.0751607	-0.046845	-0.0357591	-0.04701	-0.0630011	-0.0847632	-0.1122	-0.142191	-0.171564	-0.182277	-0.156916	-0.0968058	0.00118373	0.117458	0.22057	0.293352	0.318712	0.298057	0.249694	0.200814	0.155167	0.114533	0.0716631	0.0335313	-0.00557218	-0.0495885	-0.105531	-0.157876	-0.199519	-0.237453	
-0.609106	-0.609106	-0.596232	-0.571156	-0.528433	-0.47104	-0.392446	-0.301838	-0.198296	-0.0996673	-0.015973	0.0366056	0.0444098	0.0110859	-0.0565898	-0.137357	-0.199341	-0.231743	-0.220239	-0.178084	-0.127598	-0.0872626	-0.0646267	-0.0700848	-0.0847632	-0.112724	-0.152259	-0.190012	-0.22714	-0.238818	-0.213612	-0.148142	-0.0409073	0.0901947	0.220104	0.329449	0.386384	0.392695	0.372679	0.346722	0.312402	0.275874	0.237022	0.20096	0.162557	0.122263	0.0632909	0.00532402	-0.0478335	-0.0975731	
-0.460511	-0.460511	-0.448733	-0.425925	-0.386607	-0.333501	-0.261525	-0.17695	-0.0840902	0.00475645	0.0748625	0.110782	0.102562	0.0484791	-0.0395952	-0.137827	-0.219897	-0.264231	-0.261203	-0.222607	-0.170344	-0.120517	-0.0961614	-0.0952449	-0.1122	-0.152259	-0.204648	-0.257362	-0.311969	-0.333946	-0.318126	-0.259647	-0.151566	-0.0102594	0.143243	0.281207	0.371082	0.412908	0.425589	0.424618	0.415828	0.398617	0.371522	0.338511	0.312482	0.28343	0.231822	0.172345	0.115057	0.0553082	
-0.291767	-0.291767	-0.282808	-0.261238	-0.229113	-0.180611	-0.117694	-0.0428756	0.0398038	0.114819	0.171832	0.19183	0.167171	0.0945243	-0.0114796	-0.129581	-0.230934	-0.289422	-0.302291	-0.268901	-0.21667	-0.164437	-0.130488	-0.122234	-0.142191	-0.190012	-0.257362	-0.337405	-0.412886	-0.453821	-0.456832	-0.41034	-0.308978	-0.171162	-0.00878428	0.147274	0.268209	0.344776	0.390466	0.420203	0.441835	0.448153	0.438993	0.422576	0.414668	0.402158	0.36472	0.316785	0.261084	0.195897	
-0.150164	-0.150164	-0.141593	-0.123016	-0.092672	-0.0488823	0.00978422	0.078739	0.153973	0.22095	0.26614	0.274812	0.232198	0.144699	0.0159494	-0.120396	-0.242547	-0.318651	-0.344014	-0.317125	-0.266956	-0.207786	-0.166617	-0.15322	-0.171564	-0.22714	-0.311969	-0.412886	-0.509322	-0.574125	-0.600717	-0.573218	-0.496001	-0.373821	-0.214178	-0.044773	0.0968576	0.197013	0.268254	0.328232	0.380429	0.413242	0.429435	0.432301	0.446818	0.455572	0.445304	0.417382	0.370899	0.309946	
-0.0689918	-0.0689918	-0.0583951	-0.0414119	-0.00814518	0.0360142	0.0931746	0.165458	0.234224	0.302589	0.340332	0.343276	0.293323	0.193834	0.0545002	-0.0967416	-0.232542	-0.325065	-0.36027	-0.346635	-0.296235	-0.238677	-0.189449	-0.168489	-0.182277	-0.238818	-0.333946	-0.453821	-0.574125	-0.66781	-0.721819	-0.718524	-0.670098	-0.563723	-0.417541	-0.254281	-0.111913	0.00888019	0.0997156	0.183982	0.25542	0.31613	0.352517	0.378336	0.414082	0.448585	0.468489	0.466602	0.438993	0.389427	
-0.0471708	-0.0471708	-0.0363347	-0.0171261	0.0185405	0.0648017	0.127564	0.202349	0.276435	0.349714	0.389937	0.395965	0.34836	0.242752	0.104756	-0.0596494	-0.202406	-0.306926	-0.354073	-0.348015	-0.299963	-0.241012	-0.182075	-0.151394	-0.156916	-0.213612	-0.318126	-0.456832	-0.600717	-0.721819	-0.79536	-0.821803	-0.799394	-0.721575	-0.60299	-0.456888	-0.309081	-0.183355	-0.0861419	0.00961056	0.0965632	0.173917	0.226082	0.273019	0.32432	0.381938	0.431965	0.463175	0.461188	0.43225	
-0.072034	-0.072034	-0.0597527	-0.0377758	0.00271734	0.0529623	0.12516	0.203142	0.290555	0.367415	0.418931	0.432679	0.38845	0.291575	0.152288	-0.0124829	-0.156228	-0.268211	-0.31963	-0.314352	-0.269716	-0.204267	-0.137248	-0.0982461	-0.0968058	-0.148142	-0.259647	-0.41034	-0.573218	-0.718524	-0.821803	-0.879347	-0.884527	-0.838384	-0.745372	-0.615376	-0.478624	-0.362182	-0.259432	-0.159189	-0.066301	0.0182778	0.082454	0.138744	0.198018	0.275279	0.351459	0.414019	0.441079	0.442906	
-0.108563	-0.108563	-0.0965328	-0.0704146	-0.0293011	0.026723	0.102891	0.186002	0.281579	0.36289	0.424941	0.444601	0.408937	0.321948	0.184889	0.0316976	-0.114234	-0.221192	-0.272973	-0.267991	-0.221641	-0.147432	-0.0728437	-0.0176022	0.00118373	-0.0409073	-0.151566	-0.308978	-0.496001	-0.670098	-0.799394	-0.884527	-0.919272	-0.903099	-0.838462	-0.735987	-0.618909	-0.509502	-0.404475	-0.307015	-0.212907	-0.131259	-0.063429	-0.00708726	0.0581096	0.141075	0.232698	0.319088	0.380445	0.413997	
-0.13385	-0.13385	-0.121086	-0.0959513	-0.0546051	0.00317165	0.0772592	0.166172	0.260795	0.349002	0.415941	0.441776	0.415077	0.334511	0.204204	0.0564403	-0.0873267	-0.191886	-0.241645	-0.23387	-0.177441	-0.0927649	0.001902	0.0774028	0.117458	0.0901947	-0.0102594	-0.171162	-0.373821	-0.563723	-0.721575	-0.838384	-0.903099	-0.917638	-0.891251	-0.81653	-0.720223	-0.617425	-0.521247	-0.427336	-0.339915	-0.259074	-0.193117	-0.140707	-0.0835867	-0.00482011	0.0911465	0.192609	0.281401	0.340335	
-0.147725	-0.147725	-0.134045	-0.109844	-0.0659933	-0.00918387	0.06718	0.157745	0.251993	0.345256	0.411218	0.440684	0.417745	0.335688	0.212267	0.0628767	-0.0779737	-0.179972	-0.228715	-0.216222	-0.153148	-0.0563628	0.0535123	0.154471	0.22057	0.220104	0.143243	-0.00878428	-0.214178	-0.417541	-0.60299	-0.745372	-0.838462	-0.891251	-0.896173	-0.849669	-0.780704	-0.699917	-0.61372	-0.523181	-0.43652	-0.359178	-0.300694	-0.258082	-0.208732	-0.138059	-0.0522995	0.0517666	0.156229	0.235346	
-0.13901	-0.13901	-0.126275	-0.101876	-0.0602883	-0.00403989	0.0702899	0.158975	0.25256	0.344683	0.410366	0.442576	0.418631	0.340747	0.217201	0.066421	-0.0743435	-0.181726	-0.233945	-0.221914	-0.158063	-0.0529967	0.0742805	0.199408	0.293352	0.329449	0.281207	0.147274	-0.044773	-0.254281	-0.456888	-0.615376	-0.735987	-0.81653	-0.849669	-0.842315	-0.809736	-0.748519	-0.673652	-0.589731	-0.509213	-0.43873	-0.386743	-0.348965	-0.305711	-0.253619	-0.185163	-0.087255	0.021953	0.108878	
-0.110263	-0.110263	-0.100017	-0.0743852	-0.0379718	0.0177767	0.0881844	0.173264	0.265379	0.352886	0.418379	0.446886	0.422836	0.341541	0.215889	0.0605761	-0.0859738	-0.200159	-0.259259	-0.253597	-0.192785	-0.0853171	0.0524063	0.193752	0.318712	0.386384	0.371082	0.268209	0.0968576	-0.111913	-0.309081	-0.478624	-0.618909	-0.720223	-0.780704	-0.809736	-0.802241	-0.766929	-0.713802	-0.644194	-0.571215	-0.50565	-0.457449	-0.424752	-0.393027	-0.356799	-0.302284	-0.21562	-0.116412	-0.0283597	
-0.0720345	-0.0720345	-0.0610753	-0.0408472	-0.00431155	0.0443078	0.11201	0.190509	0.278748	0.360672	0.422754	0.44886	0.419738	0.338981	0.206226	0.0466904	-0.10605	-0.232545	-0.297959	-0.303377	-0.248641	-0.143017	-0.00159254	0.151025	0.298057	0.392695	0.412908	0.344776	0.197013	0.00888019	-0.183355	-0.362182	-0.509502	-0.617425	-0.699917	-0.748519	-0.766929	-0.761996	-0.734868	-0.67758	-0.613371	-0.553277	-0.517221	-0.493819	-0.471358	-0.443951	-0.405452	-0.338831	-0.256555	-0.16713	
-0.0482521	-0.0482521	-0.0369609	-0.019137	0.0177919	0.0626486	0.128887	0.204373	0.288302	0.36805	0.426268	0.448106	0.418403	0.331664	0.196126	0.0327911	-0.129875	-0.262051	-0.33796	-0.356222	-0.309214	-0.211222	-0.0747497	0.0891333	0.249694	0.372679	0.425589	0.390466	0.268254	0.0997156	-0.0861419	-0.259432	-0.404475	-0.521247	-0.61372	-0.673652	-0.713802	-0.734868	-0.723274	-0.679212	-0.626745	-0.581251	-0.556047	-0.539089	-0.527855	-0.515484	-0.496866	-0.450442	-0.3862	-0.302864	
-0.0497669	-0.0497669	-0.0398856	-0.0195131	0.0144121	0.0619752	0.126311	0.202819	0.287438	0.368269	0.428422	0.453994	0.425586	0.341908	0.205621	0.0387663	-0.131522	-0.271617	-0.364229	-0.391007	-0.357629	-0.26926	-0.133876	0.0316873	0.200814	0.346722	0.424618	0.420203	0.328232	0.183982	0.00961056	-0.159189	-0.307015	-0.427336	-0.523181	-0.589731	-0.644194	-0.67758	-0.679212	-0.65144	-0.610007	-0.569642	-0.545979	-0.544654	-0.551299	-0.556149	-0.552101	-0.533193	-0.492468	-0.427669	
-0.0760286	-0.0760286	-0.0665052	-0.0417144	-0.00791476	0.046599	0.112737	0.196783	0.286062	0.373706	0.441363	0.471608	0.4516	0.36911	0.23732	0.0670071	-0.106341	-0.255439	-0.358366	-0.397504	-0.379689	-0.303988	-0.179237	-0.0226514	0.155167	0.312402	0.415828	0.441835	0.380429	0.25542	0.0965632	-0.066301	-0.212907	-0.339915	-0.43652	-0.509213	-0.571215	-0.613371	-0.626745	-0.610007	-0.56829	-0.521971	-0.502658	-0.512745	-0.527722	-0.541398	-0.559499	-0.570334	-0.554104	-0.515965	
-0.0954502	-0.0954502	-0.084058	-0.0608676	-0.0227312	0.0303475	0.101444	0.186022	0.280655	0.372834	0.446329	0.486889	0.472554	0.402235	0.275546	0.109214	-0.0621895	-0.219365	-0.329048	-0.381789	-0.379571	-0.317199	-0.208486	-0.0604805	0.114533	0.275874	0.398617	0.448153	0.413242	0.31613	0.173917	0.0182778	-0.131259	-0.259074	-0.359178	-0.43873	-0.50565	-0.553277	-0.581251	-0.569642	-0.521971	-0.469941	-0.44735	-0.449713	-0.461113	-0.486241	-0.523866	-0.551886	-0.562511	-0.558992	
-0.0862943	-0.0862943	-0.0756014	-0.0551278	-0.0191376	0.0301716	0.0979286	0.180217	0.272458	0.365098	0.441251	0.484759	0.478521	0.413956	0.293919	0.134108	-0.0366634	-0.1947	-0.306519	-0.371052	-0.375631	-0.327489	-0.233652	-0.0941939	0.0716631	0.237022	0.371522	0.438993	0.429435	0.352517	0.226082	0.082454	-0.063429	-0.193117	-0.300694	-0.386743	-0.457449	-0.517221	-0.556047	-0.545979	-0.502658	-0.44735	-0.407928	-0.389657	-0.397473	-0.423695	-0.461365	-0.4954	-0.534328	-0.564473	
-0.0651469	-0.0651469	-0.056255	-0.0372211	-0.00551398	0.039868	0.103197	0.179558	0.268765	0.357252	0.432204	0.476811	0.472047	0.41158	0.294911	0.137616	-0.0336472	-0.190536	-0.309441	-0.374762	-0.386148	-0.344781	-0.256599	-0.124684	0.0335313	0.20096	0.338511	0.422576	0.432301	0.378336	0.273019	0.138744	-0.00708726	-0.140707	-0.258082	-0.348965	-0.424752	-0.493819	-0.539089	-0.544654	-0.512745	-0.449713	-0.389657	-0.359409	-0.353871	-0.364546	-0.389456	-0.426065	-0.481522	-0.529548	
-0.0549545	-0.0549545	-0.047277	-0.026934	0.00137557	0.0481379	0.106886	0.183073	0.268601	0.354897	0.429162	0.471443	0.468458	0.407815	0.29237	0.135445	-0.0364358	-0.195927	-0.316959	-0.386707	-0.403387	-0.367929	-0.286427	-0.163418	-0.00557218	0.162557	0.312482	0.414668	0.446818	0.414082	0.32432	0.198018	0.0581096	-0.0835867	-0.208732	-0.305711	-0.393027	-0.471358	-0.527855	-0.551299	-0.527722	-0.461113	-0.397473	-0.353871	-0.326163	-0.318675	-0.330097	-0.35964	-0.409708	-0.466361	
-0.05298	-0.05298	-0.0449808	-0.0267466	0.00198054	0.0454238	0.103864	0.177281	0.262164	0.348616	0.423844	0.470305	0.471388	0.415861	0.304931	0.148291	-0.0251554	-0.191126	-0.321737	-0.400794	-0.428775	-0.400503	-0.326881	-0.206691	-0.0495885	0.122263	0.28343	0.402158	0.455572	0.448585	0.381938	0.275279	0.141075	-0.00482011	-0.138059	-0.253619	-0.356799	-0.443951	-0.515484	-0.556149	-0.541398	-0.486241	-0.423695	-0.364546	-0.318675	-0.295701	-0.290608	-0.302646	-0.339651	-0.392875	
-0.0615272	-0.0615272	-0.0538758	-0.0350665	-0.00701679	0.0374562	0.0958806	0.17094	0.257804	0.34727	0.427165	0.47883	0.485365	0.435884	0.326901	0.171909	-0.00509478	-0.178092	-0.315332	-0.406283	-0.442753	-0.425521	-0.363587	-0.253287	-0.105531	0.0632909	0.231822	0.36472	0.445304	0.468489	0.431965	0.351459	0.232698	0.0911465	-0.0522995	-0.185163	-0.302284	-0.405452	-0.496866	-0.552101	-0.559499	-0.523866	-0.461365	-0.389456	-0.330097	-0.290608	-0.266984	-0.261268	-0.276478	-0.317765	
-0.0725124	-0.0725124	-0.0642777	-0.0453584	-0.0161121	0.0285081	0.0878565	0.163311	0.251226	0.342376	0.42571	0.481714	0.49578	0.452749	0.352298	0.202287	0.027591	-0.145995	-0.290055	-0.388968	-0.437257	-0.434216	-0.386805	-0.291475	-0.157876	0.00532402	0.172345	0.316785	0.417382	0.466602	0.463175	0.414019	0.319088	0.192609	0.0517666	-0.087255	-0.21562	-0.338831	-0.450442	-0.533193	-0.570334	-0.551886	-0.4954	-0.426065	-0.35964	-0.302646	-0.261268	-0.232169	-0.227786	-0.254584	
-0.070357	-0.070357	-0.0635998	-0.0449553	-0.0191918	0.023949	0.0799564	0.153033	0.239938	0.330811	0.417119	0.478456	0.499465	0.46648	0.37335	0.231089	0.0584655	-0.116123	-0.265435	-0.372334	-0.430754	-0.438092	-0.403373	-0.321089	-0.199519	-0.0478335	0.115057	0.261084	0.370899	0.438993	0.461188	0.441079	0.380445	0.281401	0.156229	0.021953	-0.116412	-0.256555	-0.3862	-0.492468	-0.554104	-0.562511	-0.534328	-0.481522	-0.409708	-0.339651	-0.276478	-0.227786	-0.20669	-0.212356	
-0.0638716	-0.0638716	-0.0574363	-0.0409757	-0.0167769	0.0236234	0.0765578	0.147799	0.232322	0.323131	0.411217	0.475406	0.50303	0.475469	0.38952	0.250972	0.0801397	-0.0965643	-0.250382	-0.363797	-0.428503	-0.444277	-0.417471	-0.346246	-0.237453	-0.0975731	0.0553082	0.195897	0.309946	0.389427	0.43225	0.442906	0.413997	0.340335	0.235346	0.108878	-0.0283597	-0.16713	-0.302864	-0.427669	-0.515965	-0.558992	-0.564473	-0.529548	-0.466361	-0.392875	-0.317765	-0.254584	-0.212356	-0.183302	
