0.910727	0.855355	0.743229	0.604283	0.468467	0.334691	0.187783	0.0339468	-0.0949818	-0.192872	-0.256142	-0.278015	-0.267251	-0.25426	-0.250297	-0.246134	-0.245545	-0.258321	-0.282666	-0.29713	-0.287729	-0.258088	-0.228459	-0.211713	-0.204284	-0.194487	-0.179158	-0.164976	-0.123033	-0.0249691	0.124022	0.315841	0.535941	0.750948	0.914832	1.01127	1.05069	1.02124	0.907053	0.715732	0.475973	0.22121	-0.0267463	-0.24762	-0.427869	-0.559635	-0.627944	-0.642515	-0.639758	-0.639758	
0.855355	0.839013	0.762929	0.665906	0.569603	0.463557	0.33049	0.180897	0.043834	-0.0771669	-0.162505	-0.200963	-0.206932	-0.216816	-0.237235	-0.242817	-0.235088	-0.235504	-0.252425	-0.268028	-0.264694	-0.246174	-0.235084	-0.237512	-0.235398	-0.20942	-0.169471	-0.133749	-0.0720049	0.0483655	0.226668	0.445426	0.678495	0.896872	1.05843	1.14338	1.16339	1.11353	0.975762	0.746468	0.453881	0.145089	-0.146873	-0.401411	-0.606011	-0.753763	-0.837727	-0.869229	-0.876287	-0.876287	
0.743229	0.762929	0.729813	0.673383	0.607479	0.526081	0.417985	0.292563	0.16402	0.039687	-0.0561033	-0.109294	-0.134643	-0.169078	-0.20575	-0.218042	-0.207081	-0.195232	-0.200366	-0.212084	-0.216051	-0.215753	-0.227443	-0.245846	-0.248199	-0.214492	-0.153926	-0.0919777	-0.0100976	0.126137	0.320844	0.546064	0.772539	0.981841	1.13748	1.21645	1.22177	1.1472	0.983427	0.729511	0.407583	0.0653686	-0.252998	-0.522179	-0.733789	-0.885336	-0.976085	-1.01733	-1.02994	-1.02994	
0.604283	0.665906	0.673383	0.644693	0.596807	0.537148	0.458657	0.3623	0.256695	0.143406	0.0453156	-0.0240988	-0.0740045	-0.124493	-0.167567	-0.183423	-0.171207	-0.150444	-0.139683	-0.140048	-0.148346	-0.165352	-0.192656	-0.21816	-0.222913	-0.187275	-0.120662	-0.0436893	0.0586541	0.204186	0.394206	0.607769	0.818199	1.00882	1.15077	1.22714	1.23086	1.13989	0.944878	0.662006	0.325728	-0.0213984	-0.343254	-0.615594	-0.825506	-0.967393	-1.04659	-1.07852	-1.08384	-1.08384	
0.468467	0.569603	0.607479	0.596807	0.563421	0.523172	0.466395	0.399501	0.321814	0.228645	0.131856	0.0439543	-0.0243855	-0.0836604	-0.126694	-0.144163	-0.13538	-0.109241	-0.0841075	-0.0724459	-0.0781837	-0.0999295	-0.132619	-0.157174	-0.158178	-0.12729	-0.0675594	0.0165606	0.131391	0.278946	0.455529	0.639273	0.816143	0.982999	1.11237	1.18483	1.18741	1.08957	0.876599	0.570594	0.219833	-0.125645	-0.433262	-0.688161	-0.879932	-0.999051	-1.05395	-1.06429	-1.05433	-1.05433	
0.334691	0.463557	0.526081	0.537148	0.523172	0.496314	0.456392	0.41333	0.362193	0.288034	0.192818	0.099086	0.0240981	-0.0340482	-0.0723303	-0.0914754	-0.0854175	-0.0601622	-0.0346963	-0.0211298	-0.0225467	-0.0405583	-0.0673603	-0.0830839	-0.0786087	-0.0462743	0.0102391	0.0906179	0.205401	0.347567	0.501179	0.646727	0.786214	0.926756	1.04073	1.10441	1.1024	1.00294	0.783257	0.46245	0.100045	-0.241122	-0.524318	-0.741384	-0.891134	-0.971972	-1.0021	-1.00185	-0.98763	-0.98763	
0.187783	0.33049	0.417985	0.458657	0.466395	0.456392	0.432588	0.410439	0.376901	0.314744	0.23238	0.150413	0.0860987	0.0365392	0.00201997	-0.0169999	-0.0153553	-0.00131744	0.00975633	0.0136239	0.0146472	0.0115983	0.0013175	-0.00539811	0.00611091	0.0406256	0.0901788	0.162387	0.263286	0.385206	0.519905	0.64277	0.753078	0.866286	0.963819	1.01804	1.00138	0.883375	0.652452	0.332213	-0.0211448	-0.343944	-0.593062	-0.763124	-0.864369	-0.907109	-0.919527	-0.919541	-0.909919	-0.909919	
0.0339468	0.180897	0.292563	0.3623	0.399501	0.41333	0.410439	0.400611	0.368008	0.313605	0.248257	0.190387	0.144145	0.105138	0.079444	0.0650676	0.0652955	0.069863	0.0658996	0.0582786	0.0629875	0.0735666	0.0754269	0.0751557	0.0838734	0.109856	0.151188	0.209389	0.286109	0.384773	0.505018	0.622072	0.728211	0.828219	0.905096	0.933834	0.887584	0.745974	0.50592	0.195442	-0.127864	-0.408869	-0.616762	-0.752109	-0.824118	-0.843208	-0.841293	-0.835771	-0.824676	-0.824676	
-0.0949818	0.043834	0.16402	0.256695	0.321814	0.362193	0.376901	0.368008	0.332336	0.284093	0.240606	0.209092	0.182684	0.163378	0.154215	0.149667	0.151725	0.150942	0.139805	0.128385	0.131932	0.144079	0.151312	0.150073	0.151085	0.163867	0.184849	0.224269	0.281838	0.358257	0.465737	0.587044	0.70048	0.791265	0.843213	0.844061	0.775406	0.621263	0.383559	0.0956049	-0.190852	-0.434472	-0.611991	-0.725728	-0.783881	-0.792872	-0.78074	-0.765636	-0.749222	-0.749222	
-0.192872	-0.0771669	0.039687	0.143406	0.228645	0.288034	0.314744	0.313605	0.284093	0.251554	0.228611	0.216167	0.209376	0.212236	0.221852	0.225933	0.227415	0.226895	0.222788	0.215419	0.213939	0.216368	0.213981	0.209678	0.208759	0.206491	0.207979	0.231578	0.271672	0.330719	0.420425	0.527751	0.634457	0.718638	0.763769	0.756743	0.680009	0.530613	0.314591	0.0543191	-0.206373	-0.427294	-0.58774	-0.691263	-0.743184	-0.749003	-0.736918	-0.725175	-0.713572	-0.713572	
-0.256142	-0.162505	-0.0561033	0.0453156	0.131856	0.192818	0.23238	0.248257	0.240606	0.228611	0.220319	0.221117	0.228285	0.250275	0.273825	0.280962	0.280997	0.286768	0.296292	0.299025	0.293744	0.278792	0.264579	0.259713	0.259682	0.252025	0.237149	0.238757	0.261605	0.30394	0.3697	0.453789	0.543117	0.616963	0.663534	0.666831	0.606496	0.478479	0.286185	0.0534401	-0.179752	-0.383308	-0.53774	-0.639045	-0.692676	-0.710581	-0.717576	-0.725384	-0.728596	-0.728596	
-0.278015	-0.200963	-0.109294	-0.0240988	0.0439543	0.099086	0.150413	0.190387	0.209092	0.216167	0.221117	0.228281	0.24102	0.2699	0.296096	0.304232	0.307782	0.323854	0.350994	0.368773	0.363227	0.339124	0.31455	0.301697	0.299939	0.285343	0.257605	0.247	0.256703	0.284753	0.330835	0.389034	0.450028	0.501734	0.548407	0.575419	0.545598	0.445019	0.281902	0.0806824	-0.125983	-0.310853	-0.456635	-0.562613	-0.635143	-0.683449	-0.723127	-0.760309	-0.78477	-0.78477	
-0.267251	-0.206932	-0.134643	-0.0740045	-0.0243855	0.0240981	0.0860987	0.144145	0.182684	0.209376	0.228285	0.24102	0.252627	0.277699	0.302369	0.315899	0.326352	0.350195	0.385223	0.407217	0.403465	0.377052	0.346804	0.32983	0.322067	0.303444	0.279034	0.267194	0.269111	0.282408	0.302105	0.332215	0.367304	0.398686	0.441205	0.481154	0.480052	0.419495	0.295925	0.127746	-0.051917	-0.22062	-0.367298	-0.486252	-0.580744	-0.663742	-0.742572	-0.812526	-0.858125	-0.858125	
-0.25426	-0.216816	-0.169078	-0.124493	-0.0836604	-0.0340482	0.0365392	0.105138	0.163378	0.212236	0.250275	0.2699	0.277699	0.295816	0.318152	0.335015	0.346053	0.363069	0.385689	0.401508	0.398511	0.379193	0.360342	0.346886	0.335945	0.317362	0.298148	0.292331	0.294543	0.293595	0.28681	0.289956	0.302302	0.316522	0.34934	0.394967	0.419916	0.396246	0.314563	0.187724	0.0336888	-0.131328	-0.289029	-0.425871	-0.545163	-0.659296	-0.765995	-0.857326	-0.918214	-0.918214	
-0.250297	-0.237235	-0.20575	-0.167567	-0.126694	-0.0723303	0.00201997	0.079444	0.154215	0.221852	0.273825	0.296096	0.302369	0.318152	0.340537	0.359634	0.365127	0.364621	0.368187	0.371782	0.367331	0.360331	0.35635	0.353401	0.345137	0.32501	0.311099	0.312105	0.316971	0.309557	0.282897	0.262067	0.255375	0.259381	0.290083	0.338257	0.372153	0.370862	0.326696	0.23879	0.110348	-0.048875	-0.223092	-0.388666	-0.534367	-0.668155	-0.786675	-0.883858	-0.948444	-0.948444	
-0.246134	-0.242817	-0.218042	-0.183423	-0.144163	-0.0914754	-0.0169999	0.0650676	0.149667	0.225933	0.280962	0.304232	0.315899	0.335015	0.359634	0.377546	0.372344	0.35602	0.342982	0.336929	0.334119	0.33606	0.347275	0.359278	0.355248	0.335421	0.320012	0.315461	0.3187	0.310471	0.279392	0.249617	0.232254	0.232581	0.260734	0.305499	0.345468	0.358255	0.3325	0.267605	0.158608	0.00414167	-0.179639	-0.35983	-0.521694	-0.671815	-0.800069	-0.898533	-0.96166	-0.96166	
-0.245545	-0.235088	-0.207081	-0.171207	-0.13538	-0.0854175	-0.0153553	0.0652955	0.151725	0.227415	0.280997	0.307782	0.326352	0.346053	0.365127	0.372344	0.357511	0.331814	0.312147	0.307158	0.307386	0.31647	0.339077	0.361135	0.364735	0.350249	0.332929	0.318893	0.31256	0.299754	0.2685	0.236088	0.21584	0.217909	0.24865	0.299575	0.346622	0.360392	0.335475	0.273893	0.168756	0.022316	-0.151258	-0.327803	-0.495053	-0.655444	-0.797219	-0.909795	-0.981234	-0.981234	
-0.258321	-0.235504	-0.195232	-0.150444	-0.109241	-0.0601622	-0.00131744	0.069863	0.150942	0.226895	0.286768	0.323854	0.350195	0.363069	0.364621	0.35602	0.331814	0.301294	0.28173	0.277307	0.279694	0.293068	0.319721	0.350116	0.366318	0.3678	0.360803	0.341945	0.318913	0.28753	0.246716	0.211914	0.195252	0.209585	0.250712	0.302256	0.345428	0.357814	0.333891	0.27362	0.173321	0.0356431	-0.128521	-0.297352	-0.462243	-0.630243	-0.7903	-0.920601	-0.99867	-0.99867	
-0.282666	-0.252425	-0.200366	-0.139683	-0.0841075	-0.0346963	0.00975633	0.0658996	0.139805	0.222788	0.296292	0.350994	0.385223	0.385689	0.368187	0.342982	0.312147	0.28173	0.260143	0.253352	0.255485	0.267162	0.292966	0.325927	0.351898	0.374591	0.387629	0.374347	0.338724	0.287601	0.233468	0.190092	0.175637	0.201262	0.243876	0.287571	0.325487	0.339464	0.325643	0.281668	0.196308	0.0679963	-0.0918021	-0.265578	-0.443956	-0.623196	-0.790342	-0.924073	-1.00016	-1.00016	
-0.29713	-0.268028	-0.212084	-0.140048	-0.0724459	-0.0211298	0.0136239	0.0582786	0.128385	0.215419	0.299025	0.368773	0.407217	0.401508	0.371782	0.336929	0.307158	0.277307	0.253352	0.242826	0.241354	0.251395	0.274388	0.30324	0.333723	0.372198	0.401012	0.395957	0.355511	0.291455	0.225923	0.174476	0.158384	0.184921	0.225334	0.262889	0.292539	0.308738	0.313672	0.295289	0.232739	0.117872	-0.0432183	-0.233464	-0.431552	-0.621454	-0.793472	-0.926667	-0.995916	-0.995916	
-0.287729	-0.264694	-0.216051	-0.148346	-0.0781837	-0.0225467	0.0146472	0.0629875	0.131932	0.213939	0.293744	0.363227	0.403465	0.398511	0.367331	0.334119	0.307386	0.279694	0.255485	0.241354	0.242031	0.257639	0.280935	0.30631	0.33537	0.371905	0.39757	0.390713	0.344143	0.276812	0.215547	0.164464	0.14359	0.164787	0.199317	0.229444	0.257133	0.285753	0.310285	0.309599	0.261544	0.157165	0.00277535	-0.189112	-0.399491	-0.605635	-0.793174	-0.93547	-1.00482	-1.00482	
-0.258088	-0.246174	-0.215753	-0.165352	-0.0999295	-0.0405583	0.0115983	0.0735666	0.144079	0.216368	0.278792	0.339124	0.377052	0.379193	0.360331	0.33606	0.31647	0.293068	0.267162	0.251395	0.257639	0.280597	0.307298	0.329367	0.348279	0.369153	0.37881	0.360487	0.311386	0.255141	0.206338	0.158951	0.132885	0.138413	0.158456	0.18638	0.223243	0.268761	0.30971	0.32141	0.28552	0.195537	0.0537481	-0.137472	-0.359972	-0.582357	-0.787119	-0.945031	-1.02285	-1.02285	
-0.228459	-0.235084	-0.227443	-0.192656	-0.132619	-0.0673603	0.0013175	0.0754269	0.151312	0.213981	0.264579	0.31455	0.346804	0.360342	0.35635	0.347275	0.339077	0.319721	0.292966	0.274388	0.280935	0.307298	0.333358	0.345307	0.351086	0.355655	0.348939	0.326874	0.286965	0.243236	0.203639	0.160371	0.123801	0.1058	0.109549	0.131729	0.171106	0.233515	0.301661	0.342173	0.330061	0.252803	0.111221	-0.0901858	-0.329776	-0.570735	-0.787477	-0.947692	-1.02406	-1.02406	
-0.211713	-0.237512	-0.245846	-0.21816	-0.157174	-0.0830839	-0.00539811	0.0751557	0.150073	0.209678	0.259713	0.301697	0.32983	0.346886	0.353401	0.359278	0.361135	0.350116	0.325927	0.30324	0.30631	0.329367	0.345307	0.34541	0.341891	0.334518	0.32452	0.3099	0.278392	0.241727	0.203649	0.157371	0.111583	0.0764598	0.0617902	0.0688109	0.10649	0.188266	0.289101	0.364209	0.379629	0.316537	0.172407	-0.0463135	-0.309863	-0.568837	-0.786563	-0.938082	-1.01064	-1.01064	
-0.204284	-0.235398	-0.248199	-0.222913	-0.158178	-0.0786087	0.00611091	0.0838734	0.151085	0.208759	0.259682	0.299939	0.322067	0.335945	0.345137	0.355248	0.364735	0.366318	0.351898	0.333723	0.33537	0.348279	0.351086	0.341891	0.330152	0.319866	0.313082	0.299962	0.273758	0.238186	0.191893	0.145598	0.100757	0.0543972	0.0251619	0.0237086	0.0634388	0.155189	0.270396	0.365427	0.403059	0.35546	0.214484	-0.00797644	-0.27821	-0.547049	-0.76957	-0.92125	-0.997058	-0.997058	
-0.194487	-0.20942	-0.214492	-0.187275	-0.12729	-0.0462743	0.0406256	0.109856	0.163867	0.206491	0.252025	0.285343	0.303444	0.317362	0.32501	0.335421	0.350249	0.3678	0.374591	0.372198	0.371905	0.369153	0.355655	0.334518	0.319866	0.310543	0.298887	0.282586	0.258447	0.219937	0.175053	0.139793	0.0995652	0.050107	0.0166564	0.0129385	0.0521914	0.138873	0.247471	0.340729	0.382236	0.346456	0.225054	0.0247659	-0.232805	-0.504689	-0.733924	-0.891339	-0.974916	-0.974916	
-0.179158	-0.169471	-0.153926	-0.120662	-0.0675594	0.0102391	0.0901788	0.151188	0.184849	0.207979	0.237149	0.257605	0.279034	0.298148	0.311099	0.320012	0.332929	0.360803	0.387629	0.401012	0.39757	0.37881	0.348939	0.32452	0.313082	0.298887	0.277404	0.250894	0.22357	0.194985	0.168033	0.149388	0.121306	0.0777542	0.0408366	0.0317405	0.0648693	0.135026	0.218988	0.290834	0.327634	0.307823	0.210563	0.0338868	-0.203331	-0.46137	-0.681725	-0.836098	-0.922438	-0.922438	
-0.164976	-0.133749	-0.0919777	-0.0436893	0.0165606	0.0906179	0.162387	0.209389	0.224269	0.231578	0.238757	0.247	0.267194	0.292331	0.312105	0.315461	0.318893	0.341945	0.374347	0.395957	0.390713	0.360487	0.326874	0.3099	0.299962	0.282586	0.250894	0.213228	0.193177	0.182588	0.174467	0.174425	0.162287	0.12907	0.0922851	0.0770573	0.0956965	0.135048	0.18359	0.234444	0.268249	0.254264	0.167531	0.0109862	-0.197892	-0.427451	-0.623435	-0.758019	-0.831758	-0.831758	
-0.123033	-0.0720049	-0.0100976	0.0586541	0.131391	0.205401	0.263286	0.286109	0.281838	0.271672	0.261605	0.256703	0.269111	0.294543	0.316971	0.3187	0.31256	0.318913	0.338724	0.355511	0.344143	0.311386	0.286965	0.278392	0.273758	0.258447	0.22357	0.193177	0.185487	0.18577	0.194289	0.208414	0.212192	0.197507	0.16477	0.137731	0.130979	0.136888	0.159523	0.193271	0.212401	0.191158	0.11041	-0.0295414	-0.210795	-0.40172	-0.561795	-0.671595	-0.730006	-0.730006	
-0.0249691	0.0483655	0.126137	0.204186	0.278946	0.347567	0.385206	0.384773	0.358257	0.330719	0.30394	0.284753	0.282408	0.293595	0.309557	0.310471	0.299754	0.28753	0.287601	0.291455	0.276812	0.255141	0.243236	0.241727	0.238186	0.219937	0.194985	0.182588	0.18577	0.202036	0.228676	0.254261	0.274325	0.272603	0.237207	0.196358	0.170093	0.157469	0.159693	0.167463	0.166564	0.138565	0.0603291	-0.0689669	-0.224472	-0.378317	-0.509844	-0.601727	-0.645436	-0.645436	
0.124022	0.226668	0.320844	0.394206	0.455529	0.501179	0.519905	0.505018	0.465737	0.420425	0.3697	0.330835	0.302105	0.28681	0.282897	0.279392	0.2685	0.246716	0.233468	0.225923	0.215547	0.206338	0.203639	0.203649	0.191893	0.175053	0.168033	0.174467	0.194289	0.228676	0.268845	0.301752	0.325254	0.325379	0.296324	0.262521	0.235621	0.209565	0.184639	0.165202	0.146036	0.106484	0.0278377	-0.090562	-0.228447	-0.36145	-0.478179	-0.560757	-0.595395	-0.595395	
0.315841	0.445426	0.546064	0.607769	0.639273	0.646727	0.64277	0.622072	0.587044	0.527751	0.453789	0.389034	0.332215	0.289956	0.262067	0.249617	0.236088	0.211914	0.190092	0.174476	0.164464	0.158951	0.160371	0.157371	0.145598	0.139793	0.149388	0.174425	0.208414	0.254261	0.301752	0.330094	0.343162	0.346496	0.344207	0.341172	0.327064	0.296421	0.256431	0.212428	0.161078	0.0952921	0.00808024	-0.106024	-0.231149	-0.346951	-0.456103	-0.544836	-0.587203	-0.587203	
0.535941	0.678495	0.772539	0.818199	0.816143	0.786214	0.753078	0.728211	0.70048	0.634457	0.543117	0.450028	0.367304	0.302302	0.255375	0.232254	0.21584	0.195252	0.175637	0.158384	0.14359	0.132885	0.123801	0.111583	0.100757	0.0995652	0.121306	0.162287	0.212192	0.274325	0.325254	0.343162	0.343659	0.352765	0.384401	0.418292	0.430249	0.419374	0.379547	0.307539	0.214097	0.10858	-0.00387567	-0.120305	-0.232535	-0.338886	-0.448317	-0.543748	-0.594191	-0.594191	
0.750948	0.896872	0.981841	1.00882	0.982999	0.926756	0.866286	0.828219	0.791265	0.718638	0.616963	0.501734	0.398686	0.316522	0.259381	0.232581	0.217909	0.209585	0.201262	0.184921	0.164787	0.138413	0.1058	0.0764598	0.0543972	0.050107	0.0777542	0.12907	0.197507	0.272603	0.325379	0.346496	0.352765	0.379335	0.440336	0.501548	0.539473	0.546072	0.503881	0.41543	0.295122	0.154918	0.0148307	-0.113477	-0.233237	-0.346996	-0.451812	-0.538588	-0.59021	-0.59021	
0.914832	1.05843	1.13748	1.15077	1.11237	1.04073	0.963819	0.905096	0.843213	0.763769	0.663534	0.548407	0.441205	0.34934	0.290083	0.260734	0.24865	0.250712	0.243876	0.225334	0.199317	0.158456	0.109549	0.0617902	0.0251619	0.0166564	0.0408366	0.0922851	0.16477	0.237207	0.296324	0.344207	0.384401	0.440336	0.520057	0.593868	0.639129	0.643297	0.598653	0.509258	0.380448	0.225813	0.0684113	-0.0784084	-0.21526	-0.339331	-0.440061	-0.518219	-0.569535	-0.569535	
1.01127	1.14338	1.21645	1.22714	1.18483	1.10441	1.01804	0.933834	0.844061	0.756743	0.666831	0.575419	0.481154	0.394967	0.338257	0.305499	0.299575	0.302256	0.287571	0.262889	0.229444	0.18638	0.131729	0.0688109	0.0237086	0.0129385	0.0317405	0.0770573	0.137731	0.196358	0.262521	0.341172	0.418292	0.501548	0.593868	0.672362	0.716383	0.715763	0.669709	0.580322	0.451445	0.295281	0.132039	-0.0175775	-0.15311	-0.280313	-0.385877	-0.465688	-0.517876	-0.517876	
1.05069	1.16339	1.22177	1.23086	1.18741	1.1024	1.00138	0.887584	0.775406	0.680009	0.606496	0.545598	0.480052	0.419916	0.372153	0.345468	0.346622	0.345428	0.325487	0.292539	0.257133	0.223243	0.171106	0.10649	0.0634388	0.0521914	0.0648693	0.0956965	0.130979	0.170093	0.235621	0.327064	0.430249	0.539473	0.639129	0.716383	0.760086	0.758209	0.715132	0.633156	0.508704	0.354126	0.197404	0.0624582	-0.0543233	-0.165899	-0.26633	-0.348899	-0.402938	-0.402938	
1.02124	1.11353	1.1472	1.13989	1.08957	1.00294	0.883375	0.745974	0.621263	0.530613	0.478479	0.445019	0.419495	0.396246	0.370862	0.358255	0.360392	0.357814	0.339464	0.308738	0.285753	0.268761	0.233515	0.188266	0.155189	0.138873	0.135026	0.135048	0.136888	0.157469	0.209565	0.296421	0.419374	0.546072	0.643297	0.715763	0.758209	0.762282	0.735136	0.664869	0.545834	0.406105	0.274865	0.166153	0.0794984	4.90007e-05	-0.0808849	-0.149671	-0.187263	-0.187263	
0.907053	0.975762	0.983427	0.944878	0.876599	0.783257	0.652452	0.50592	0.383559	0.314591	0.286185	0.281902	0.295925	0.314563	0.326696	0.3325	0.335475	0.333891	0.325643	0.313672	0.310285	0.30971	0.301661	0.289101	0.270396	0.247471	0.218988	0.18359	0.159523	0.159693	0.184639	0.256431	0.379547	0.503881	0.598653	0.669709	0.715132	0.735136	0.720825	0.65562	0.558768	0.464307	0.381758	0.312024	0.259924	0.217017	0.171444	0.137941	0.129254	0.129254	
0.715732	0.746468	0.729511	0.662006	0.570594	0.46245	0.332213	0.195442	0.0956049	0.0543191	0.0534401	0.0806824	0.127746	0.187724	0.23879	0.267605	0.273893	0.27362	0.281668	0.295289	0.309599	0.32141	0.342173	0.364209	0.365427	0.340729	0.290834	0.234444	0.193271	0.167463	0.165202	0.212428	0.307539	0.41543	0.509258	0.580322	0.633156	0.664869	0.65562	0.614034	0.573716	0.54562	0.523654	0.505036	0.495117	0.496832	0.500721	0.506048	0.515431	0.515431	
0.475973	0.453881	0.407583	0.325728	0.219833	0.100045	-0.0211448	-0.127864	-0.190852	-0.206373	-0.179752	-0.125983	-0.051917	0.0336888	0.110348	0.158608	0.168756	0.173321	0.196308	0.232739	0.261544	0.28552	0.330061	0.379629	0.403059	0.382236	0.327634	0.268249	0.212401	0.166564	0.146036	0.161078	0.214097	0.295122	0.380448	0.451445	0.508704	0.545834	0.558768	0.573716	0.605814	0.646458	0.694532	0.746404	0.795676	0.84502	0.892525	0.932022	0.956944	0.956944	
0.22121	0.145089	0.0653686	-0.0213984	-0.125645	-0.241122	-0.343944	-0.408869	-0.434472	-0.427294	-0.383308	-0.310853	-0.22062	-0.131328	-0.048875	0.00414167	0.022316	0.0356431	0.0679963	0.117872	0.157165	0.195537	0.252803	0.316537	0.35546	0.346456	0.307823	0.254264	0.191158	0.138565	0.106484	0.0952921	0.10858	0.154918	0.225813	0.295281	0.354126	0.406105	0.464307	0.54562	0.646458	0.7622	0.894805	1.02722	1.14165	1.24306	1.33631	1.40741	1.44265	1.44265	
-0.0267463	-0.146873	-0.252998	-0.343254	-0.433262	-0.524318	-0.593062	-0.616762	-0.611991	-0.58774	-0.53774	-0.456635	-0.367298	-0.289029	-0.223092	-0.179639	-0.151258	-0.128521	-0.0918021	-0.0432183	0.00277535	0.0537481	0.111221	0.172407	0.214484	0.225054	0.210563	0.167531	0.11041	0.0603291	0.0278377	0.00808024	-0.00387567	0.0148307	0.0684113	0.132039	0.197404	0.274865	0.381758	0.523654	0.694532	0.894805	1.11175	1.31777	1.50196	1.6705	1.81927	1.92279	1.96744	1.96744	
-0.24762	-0.401411	-0.522179	-0.615594	-0.688161	-0.741384	-0.763124	-0.752109	-0.725728	-0.691263	-0.639045	-0.562613	-0.486252	-0.425871	-0.388666	-0.35983	-0.327803	-0.297352	-0.265578	-0.233464	-0.189112	-0.137472	-0.0901858	-0.0463135	-0.00797644	0.0247659	0.0338868	0.0109862	-0.0295414	-0.0689669	-0.090562	-0.106024	-0.120305	-0.113477	-0.0784084	-0.0175775	0.0624582	0.166153	0.312024	0.505036	0.746404	1.02722	1.31777	1.60224	1.87132	2.10643	2.30245	2.45214	2.53314	2.53314	
-0.427869	-0.606011	-0.733789	-0.825506	-0.879932	-0.891134	-0.864369	-0.824118	-0.783881	-0.743184	-0.692676	-0.635143	-0.580744	-0.545163	-0.534367	-0.521694	-0.495053	-0.462243	-0.443956	-0.431552	-0.399491	-0.359972	-0.329776	-0.309863	-0.27821	-0.232805	-0.203331	-0.197892	-0.210795	-0.224472	-0.228447	-0.231149	-0.232535	-0.233237	-0.21526	-0.15311	-0.0543233	0.0794984	0.259924	0.495117	0.795676	1.14165	1.50196	1.87132	2.22534	2.52718	2.77733	2.97655	3.09168	3.09168	
-0.559635	-0.753763	-0.885336	-0.967393	-0.999051	-0.971972	-0.907109	-0.843208	-0.792872	-0.749003	-0.710581	-0.683449	-0.663742	-0.659296	-0.668155	-0.671815	-0.655444	-0.630243	-0.623196	-0.621454	-0.605635	-0.582357	-0.570735	-0.568837	-0.547049	-0.504689	-0.46137	-0.427451	-0.40172	-0.378317	-0.36145	-0.346951	-0.338886	-0.346996	-0.339331	-0.280313	-0.165899	4.90007e-05	0.217017	0.496832	0.84502	1.24306	1.6705	2.10643	2.52718	2.91322	3.23597	3.46514	3.58438	3.58438	
-0.627944	-0.837727	-0.976085	-1.04659	-1.05395	-1.0021	-0.919527	-0.841293	-0.78074	-0.736918	-0.717576	-0.723127	-0.742572	-0.765995	-0.786675	-0.800069	-0.797219	-0.7903	-0.790342	-0.793472	-0.793174	-0.787119	-0.787477	-0.786563	-0.76957	-0.733924	-0.681725	-0.623435	-0.561795	-0.509844	-0.478179	-0.456103	-0.448317	-0.451812	-0.440061	-0.385877	-0.26633	-0.0808849	0.171444	0.500721	0.892525	1.33631	1.81927	2.30245	2.77733	3.23597	3.61289	3.86579	3.99791	3.99791	
-0.642515	-0.869229	-1.01733	-1.07852	-1.06429	-1.00185	-0.919541	-0.835771	-0.765636	-0.725175	-0.725384	-0.760309	-0.812526	-0.857326	-0.883858	-0.898533	-0.909795	-0.920601	-0.924073	-0.926667	-0.93547	-0.945031	-0.947692	-0.938082	-0.92125	-0.891339	-0.836098	-0.758019	-0.671595	-0.601727	-0.560757	-0.544836	-0.543748	-0.538588	-0.518219	-0.465688	-0.348899	-0.149671	0.137941	0.506048	0.932022	1.40741	1.92279	2.45214	2.97655	3.46514	3.86579	4.1487	4.30076	4.30076	
-0.639758	-0.876287	-1.02994	-1.08384	-1.05433	-0.98763	-0.909919	-0.824676	-0.749222	-0.713572	-0.728596	-0.78477	-0.858125	-0.918214	-0.948444	-0.96166	-0.981234	-0.99867	-1.00016	-0.995916	-1.00482	-1.02285	-1.02406	-1.01064	-0.997058	-0.974916	-0.922438	-0.831758	-0.730006	-0.645436	-0.595395	-0.587203	-0.594191	-0.59021	-0.569535	-0.517876	-0.402938	-0.187263	0.129254	0.515431	0.956944	1.44265	1.96744	2.53314	3.09168	3.58438	3.99791	4.30076	4.45018	4.45018	
-0.639758	-0.876287	-1.02994	-1.08384	-1.05433	-0.98763	-0.909919	-0.824676	-0.749222	-0.713572	-0.728596	-0.78477	-0.858125	-0.918214	-0.948444	-0.96166	-0.981234	-0.99867	-1.00016	-0.995916	-1.00482	-1.02285	-1.02406	-1.01064	-0.997058	-0.974916	-0.922438	-0.831758	-0.730006	-0.645436	-0.595395	-0.587203	-0.594191	-0.59021	-0.569535	-0.517876	-0.402938	-0.187263	0.129254	0.515431	0.956944	1.44265	1.96744	2.53314	3.09168	3.58438	3.99791	4.30076	4.45018	4.45018	
