3.69252	3.69252	3.56008	3.30817	2.97703	2.6347	2.33769	2.12516	2.01297	1.99608	2.0429	2.11113	2.16819	2.19018	2.16085	2.06867	1.90636	1.68821	1.44087	1.19501	0.962091	0.760647	0.619138	0.536698	0.496386	0.470332	0.453077	0.434078	0.428228	0.45744	0.516624	0.586254	0.659984	0.721969	0.744745	0.713826	0.653078	0.591852	0.551458	0.542906	0.554275	0.569897	0.585768	0.58452	0.559483	0.498287	0.406953	0.303715	0.194638	0.0918965	
3.69252	3.69252	3.56008	3.30817	2.97703	2.6347	2.33769	2.12516	2.01297	1.99608	2.0429	2.11113	2.16819	2.19018	2.16085	2.06867	1.90636	1.68821	1.44087	1.19501	0.962091	0.760647	0.619138	0.536698	0.496386	0.470332	0.453077	0.434078	0.428228	0.45744	0.516624	0.586254	0.659984	0.721969	0.744745	0.713826	0.653078	0.591852	0.551458	0.542906	0.554275	0.569897	0.585768	0.58452	0.559483	0.498287	0.406953	0.303715	0.194638	0.0918965	
3.56008	3.56008	3.42738	3.17598	2.84306	2.49861	2.19521	1.97473	1.85118	1.82202	1.85754	1.91734	1.97192	1.99749	1.97921	1.90354	1.76201	1.56484	1.33697	1.10535	0.883701	0.690362	0.556242	0.48265	0.451492	0.43555	0.424579	0.406732	0.395638	0.412628	0.456476	0.512417	0.575171	0.632924	0.655371	0.627866	0.570803	0.513141	0.475299	0.471765	0.488733	0.512573	0.534832	0.537447	0.508881	0.439906	0.335746	0.21893	0.0999923	-0.00597466	
3.30817	3.30817	3.17598	2.92268	2.58896	2.23675	1.92411	1.68679	1.54435	1.49404	1.51086	1.55971	1.61259	1.64979	1.65467	1.61296	1.51134	1.35608	1.16471	0.96375	0.763671	0.587987	0.467545	0.406075	0.38807	0.381649	0.375694	0.355323	0.332178	0.330117	0.351371	0.386288	0.436113	0.485962	0.510017	0.488903	0.440864	0.391834	0.364749	0.369263	0.396922	0.428165	0.454746	0.453955	0.417501	0.332735	0.212572	0.0807062	-0.0485378	-0.157948	
2.97703	2.97703	2.84306	2.58896	2.24852	1.88841	1.55808	1.30058	1.13187	1.05585	1.05178	1.089	1.14513	1.19954	1.23742	1.23942	1.1905	1.08816	0.948201	0.788312	0.624302	0.476344	0.377331	0.333204	0.325026	0.325036	0.315986	0.285595	0.247059	0.222554	0.220405	0.236714	0.270217	0.31395	0.337505	0.325837	0.292156	0.261417	0.250782	0.271873	0.307282	0.342273	0.362424	0.352259	0.29951	0.202534	0.0701549	-0.0715548	-0.206646	-0.317151	
2.6347	2.6347	2.49861	2.23675	1.88841	1.50924	1.15757	0.869056	0.669185	0.561609	0.533098	0.55872	0.617024	0.690501	0.760617	0.807725	0.81132	0.767615	0.68331	0.577783	0.460186	0.354343	0.286794	0.262483	0.265074	0.264109	0.24645	0.203657	0.149067	0.108185	0.0887995	0.0882084	0.109163	0.139315	0.158913	0.152019	0.132633	0.121632	0.135376	0.173238	0.221416	0.256494	0.269565	0.244789	0.180127	0.071461	-0.0658033	-0.210764	-0.348431	-0.462504	
2.33769	2.33769	2.19521	1.92411	1.55808	1.15757	0.774154	0.452648	0.216345	0.0768353	0.0239767	0.0373992	0.0975777	0.184781	0.280939	0.362333	0.411235	0.417267	0.390114	0.338933	0.277833	0.221572	0.192397	0.193343	0.204624	0.203325	0.176113	0.121448	0.0575542	0.00440738	-0.0271645	-0.0389236	-0.0332441	-0.0143878	-0.0034437	-0.0076908	-0.016736	-0.0115269	0.0184055	0.0720775	0.127613	0.168561	0.179966	0.15537	0.0875974	-0.0193669	-0.156592	-0.304358	-0.447574	-0.567392	
2.12516	2.12516	1.97473	1.68679	1.30058	0.869056	0.452648	0.0925935	-0.177901	-0.348532	-0.42272	-0.419679	-0.359495	-0.262505	-0.150058	-0.0429001	0.0390365	0.0902448	0.112419	0.117194	0.109767	0.104097	0.111831	0.133547	0.152378	0.148423	0.112587	0.0511242	-0.0199772	-0.078796	-0.118069	-0.137668	-0.138195	-0.128478	-0.12083	-0.123884	-0.12893	-0.119188	-0.0836622	-0.026983	0.0366343	0.085524	0.109324	0.0960708	0.0405438	-0.0574654	-0.187677	-0.334638	-0.480184	-0.60571	
2.01297	2.01297	1.85118	1.54435	1.13187	0.669185	0.216345	-0.177901	-0.480102	-0.674798	-0.766424	-0.771003	-0.71194	-0.610984	-0.48924	-0.367939	-0.260209	-0.175981	-0.10998	-0.0611803	-0.022109	0.0123861	0.0488721	0.086557	0.110159	0.105543	0.065225	-0.00254363	-0.0777033	-0.145043	-0.191299	-0.214797	-0.217063	-0.205663	-0.196147	-0.195394	-0.199659	-0.194612	-0.164672	-0.111067	-0.0454684	0.0171189	0.0578827	0.0665726	0.0308294	-0.0494257	-0.166733	-0.305977	-0.448918	-0.572838	
1.99608	1.99608	1.82202	1.49404	1.05585	0.561609	0.0768353	-0.348532	-0.674798	-0.889919	-0.994774	-1.00806	-0.953383	-0.853718	-0.731294	-0.601323	-0.478595	-0.367888	-0.272657	-0.191914	-0.123525	-0.0623839	-0.00770264	0.0408907	0.0699889	0.0700144	0.0294199	-0.0387281	-0.119154	-0.192804	-0.247411	-0.273697	-0.274936	-0.262905	-0.252055	-0.251064	-0.259724	-0.260718	-0.238069	-0.187896	-0.116653	-0.0432539	0.0155385	0.0441036	0.0276585	-0.0321603	-0.12982	-0.254802	-0.384728	-0.498791	
2.0429	2.0429	1.85754	1.51086	1.05178	0.533098	0.0239767	-0.42272	-0.766424	-0.994774	-1.11207	-1.13398	-1.08714	-0.993407	-0.873567	-0.742318	-0.610005	-0.486563	-0.376101	-0.283641	-0.204015	-0.132443	-0.068724	-0.0135102	0.023757	0.0320146	-0.00114486	-0.0660129	-0.144195	-0.221646	-0.279088	-0.308969	-0.312694	-0.307357	-0.305622	-0.313183	-0.328267	-0.337286	-0.316896	-0.267738	-0.193257	-0.110146	-0.0400187	0.00255505	0.00437371	-0.0358057	-0.112352	-0.215429	-0.326388	-0.42112	
2.11113	2.11113	1.91734	1.55971	1.089	0.55872	0.0373992	-0.419679	-0.771003	-1.00806	-1.13398	-1.16465	-1.12521	-1.03615	-0.920112	-0.787584	-0.653729	-0.527786	-0.41954	-0.333571	-0.260427	-0.191783	-0.128646	-0.0705223	-0.0281959	-0.00882578	-0.0312734	-0.0835351	-0.151383	-0.220278	-0.276901	-0.308913	-0.323628	-0.336408	-0.354903	-0.37715	-0.402123	-0.413504	-0.396623	-0.349732	-0.277035	-0.196159	-0.124226	-0.0744848	-0.0622861	-0.0830488	-0.133626	-0.210208	-0.28993	-0.351321	
2.16819	2.16819	1.97192	1.61259	1.14513	0.617024	0.0975777	-0.359495	-0.71194	-0.953383	-1.08714	-1.12521	-1.09093	-1.00474	-0.889284	-0.757775	-0.626776	-0.508478	-0.414536	-0.346103	-0.288935	-0.230601	-0.172685	-0.119058	-0.0752702	-0.0488425	-0.0573448	-0.0909396	-0.137318	-0.190332	-0.238255	-0.275599	-0.304436	-0.342036	-0.38549	-0.426437	-0.460808	-0.481341	-0.470836	-0.435131	-0.373856	-0.301718	-0.235215	-0.188387	-0.17066	-0.179176	-0.208527	-0.251579	-0.290967	-0.307099	
2.19018	2.19018	1.99749	1.64979	1.19954	0.690501	0.184781	-0.262505	-0.610984	-0.853718	-0.993407	-1.03615	-1.00474	-0.917949	-0.803872	-0.676006	-0.554971	-0.453379	-0.380753	-0.335795	-0.297147	-0.251166	-0.202689	-0.156401	-0.115552	-0.0812206	-0.0708093	-0.0782977	-0.097255	-0.129315	-0.171736	-0.215219	-0.262945	-0.325275	-0.392974	-0.451094	-0.498139	-0.52845	-0.53308	-0.514179	-0.47044	-0.414697	-0.361571	-0.32341	-0.309783	-0.311422	-0.319516	-0.331455	-0.329381	-0.299389	
2.16085	2.16085	1.97921	1.65467	1.23742	0.760617	0.280939	-0.150058	-0.48924	-0.731294	-0.873567	-0.920112	-0.889284	-0.803872	-0.694042	-0.575577	-0.470824	-0.388802	-0.338787	-0.313476	-0.28993	-0.255137	-0.215858	-0.180228	-0.143575	-0.101163	-0.0712011	-0.0515939	-0.0453548	-0.0603132	-0.0963903	-0.145049	-0.202828	-0.28109	-0.365725	-0.439597	-0.50084	-0.548842	-0.573353	-0.577441	-0.555319	-0.518849	-0.481002	-0.456426	-0.450298	-0.451266	-0.450341	-0.44214	-0.413576	-0.352475	
2.06867	2.06867	1.90354	1.61296	1.23942	0.807725	0.362333	-0.0429001	-0.367939	-0.601323	-0.742318	-0.787584	-0.757775	-0.676006	-0.575577	-0.472831	-0.387218	-0.326801	-0.296624	-0.288222	-0.278254	-0.254271	-0.226109	-0.201284	-0.167937	-0.118618	-0.0694319	-0.0297669	-0.00505385	-0.00762341	-0.0376098	-0.082853	-0.140465	-0.22161	-0.312753	-0.39502	-0.465387	-0.526626	-0.571278	-0.600147	-0.606751	-0.596558	-0.581245	-0.574111	-0.578216	-0.584403	-0.5826	-0.569762	-0.533208	-0.45985	
1.90636	1.90636	1.76201	1.51134	1.1905	0.81132	0.411235	0.0390365	-0.260209	-0.478595	-0.610005	-0.653729	-0.626776	-0.554971	-0.470824	-0.387218	-0.322229	-0.280275	-0.265954	-0.270824	-0.270791	-0.256503	-0.236819	-0.22035	-0.191676	-0.138845	-0.0821126	-0.0326459	-0.000250351	0.00752957	-0.00998983	-0.0404664	-0.082718	-0.152341	-0.236703	-0.315081	-0.386147	-0.454583	-0.518754	-0.577903	-0.617867	-0.640057	-0.650016	-0.661614	-0.68251	-0.703416	-0.715492	-0.713462	-0.681968	-0.603141	
1.68821	1.68821	1.56484	1.35608	1.08816	0.767615	0.417267	0.0902448	-0.175981	-0.367888	-0.486563	-0.527786	-0.508478	-0.453379	-0.388802	-0.326801	-0.280275	-0.25478	-0.255357	-0.270902	-0.280409	-0.27175	-0.256804	-0.246246	-0.222268	-0.174461	-0.117481	-0.0678015	-0.0296082	-0.00995729	-0.00893455	-0.017331	-0.0387286	-0.0883025	-0.155797	-0.220416	-0.279936	-0.348763	-0.428393	-0.513459	-0.58836	-0.640735	-0.676747	-0.713924	-0.757662	-0.802017	-0.835347	-0.845068	-0.816918	-0.737431	
1.44087	1.44087	1.33697	1.16471	0.948201	0.68331	0.390114	0.112419	-0.10998	-0.272657	-0.376101	-0.41954	-0.414536	-0.380753	-0.338787	-0.296624	-0.265954	-0.255357	-0.266382	-0.289621	-0.29951	-0.288538	-0.270772	-0.262128	-0.246928	-0.209806	-0.161144	-0.11365	-0.0716067	-0.0389053	-0.0195296	-0.00766121	-0.00746534	-0.0351121	-0.0804831	-0.123515	-0.167937	-0.229622	-0.315552	-0.419207	-0.514792	-0.5903	-0.650708	-0.711682	-0.783001	-0.853068	-0.903314	-0.922068	-0.898385	-0.819149	
1.19501	1.19501	1.10535	0.96375	0.788312	0.577783	0.338933	0.117194	-0.0611803	-0.191914	-0.283641	-0.333571	-0.346103	-0.335795	-0.313476	-0.288222	-0.270824	-0.270902	-0.289621	-0.310325	-0.311843	-0.288005	-0.26257	-0.255522	-0.251489	-0.22904	-0.188746	-0.143323	-0.0967602	-0.0552276	-0.024656	0.00117554	0.0143737	0.00558115	-0.0201357	-0.044181	-0.0685688	-0.114126	-0.19203	-0.291128	-0.394044	-0.480342	-0.556845	-0.640203	-0.732694	-0.819596	-0.883596	-0.909867	-0.892643	-0.829666	
0.962091	0.962091	0.883701	0.763671	0.624302	0.460186	0.277833	0.109767	-0.022109	-0.123525	-0.204015	-0.260427	-0.288935	-0.297147	-0.28993	-0.278254	-0.270791	-0.280409	-0.29951	-0.311843	-0.296361	-0.257521	-0.225728	-0.223532	-0.232673	-0.223215	-0.188723	-0.142387	-0.0930992	-0.0484272	-0.0125392	0.0178243	0.0382689	0.0389485	0.0256884	0.0193999	0.0178042	0.000276851	-0.0498777	-0.132313	-0.226709	-0.313447	-0.397742	-0.487258	-0.587198	-0.683106	-0.756049	-0.795159	-0.799806	-0.762322	
0.760647	0.760647	0.690362	0.587987	0.476344	0.354343	0.221572	0.104097	0.0123861	-0.0623839	-0.132443	-0.191783	-0.230601	-0.251166	-0.255137	-0.254271	-0.256503	-0.27175	-0.288538	-0.288005	-0.257521	-0.208537	-0.179032	-0.186179	-0.209135	-0.210509	-0.180005	-0.133717	-0.0842383	-0.0387087	-0.00133423	0.033375	0.0550743	0.0612521	0.0587342	0.0709918	0.098641	0.117103	0.0972381	0.0382633	-0.0440218	-0.121499	-0.194234	-0.272313	-0.364175	-0.459334	-0.542872	-0.602747	-0.632876	-0.629524	
0.619138	0.619138	0.556242	0.467545	0.377331	0.286794	0.192397	0.111831	0.0488721	-0.00770264	-0.068724	-0.128646	-0.172685	-0.202689	-0.215858	-0.226109	-0.236819	-0.256804	-0.270772	-0.26257	-0.225728	-0.179032	-0.160129	-0.179752	-0.214956	-0.224178	-0.198469	-0.152263	-0.102128	-0.055974	-0.0152333	0.0197909	0.0400266	0.0495504	0.0589569	0.0957011	0.155792	0.20838	0.218543	0.180794	0.116223	0.0604824	0.010542	-0.0434135	-0.119081	-0.208753	-0.297513	-0.369679	-0.420498	-0.444175	
0.536698	0.536698	0.48265	0.406075	0.333204	0.262483	0.193343	0.133547	0.086557	0.0408907	-0.0135102	-0.0705223	-0.119058	-0.156401	-0.180228	-0.201284	-0.22035	-0.246246	-0.262128	-0.255522	-0.223532	-0.186179	-0.179752	-0.208307	-0.249882	-0.265744	-0.244076	-0.199296	-0.14872	-0.1027	-0.0635602	-0.0324251	-0.0147171	-0.000718985	0.0269025	0.0887599	0.175598	0.253308	0.285912	0.268761	0.230146	0.203837	0.186563	0.162825	0.110066	0.0328185	-0.0510871	-0.128562	-0.19198	-0.237476	
0.496386	0.496386	0.451492	0.38807	0.325026	0.265074	0.204624	0.152378	0.110159	0.0699889	0.023757	-0.0281959	-0.0752702	-0.115552	-0.143575	-0.167937	-0.191676	-0.222268	-0.246928	-0.251489	-0.232673	-0.209135	-0.214956	-0.249882	-0.298348	-0.318837	-0.303279	-0.257911	-0.206452	-0.162632	-0.128889	-0.102402	-0.0878952	-0.0668333	-0.0267256	0.0493852	0.14802	0.23976	0.291144	0.301659	0.294611	0.303373	0.321174	0.330621	0.305379	0.251007	0.18083	0.107231	0.0405553	-0.0185873	
0.470332	0.470332	0.43555	0.381649	0.325036	0.264109	0.203325	0.148423	0.105543	0.0700144	0.0320146	-0.00882578	-0.0488425	-0.0812206	-0.101163	-0.118618	-0.138845	-0.174461	-0.209806	-0.22904	-0.223215	-0.210509	-0.224178	-0.265744	-0.318837	-0.347556	-0.33883	-0.299021	-0.253261	-0.220005	-0.194558	-0.174328	-0.156848	-0.131945	-0.0853239	-0.00582217	0.0955814	0.194532	0.265021	0.297337	0.317519	0.35528	0.404805	0.450636	0.463602	0.440954	0.394957	0.33527	0.270644	0.204411	
0.453077	0.453077	0.424579	0.375694	0.315986	0.24645	0.176113	0.112587	0.065225	0.0294199	-0.00114486	-0.0312734	-0.0573448	-0.0708093	-0.0712011	-0.0694319	-0.0821126	-0.117481	-0.161144	-0.188746	-0.188723	-0.180005	-0.198469	-0.244076	-0.303279	-0.33883	-0.342645	-0.314924	-0.283691	-0.263221	-0.247783	-0.228803	-0.212253	-0.190089	-0.147494	-0.0723722	0.0280077	0.134216	0.216512	0.265174	0.304091	0.361116	0.438589	0.516765	0.563235	0.573381	0.555991	0.515629	0.467484	0.410663	
0.434078	0.434078	0.406732	0.355323	0.285595	0.203657	0.121448	0.0511242	-0.00254363	-0.0387281	-0.0660129	-0.0835351	-0.0909396	-0.0782977	-0.0515939	-0.0297669	-0.0326459	-0.0678015	-0.11365	-0.143323	-0.142387	-0.133717	-0.152263	-0.199296	-0.257911	-0.299021	-0.314924	-0.30389	-0.286291	-0.276891	-0.266724	-0.25342	-0.24473	-0.234854	-0.202768	-0.132029	-0.0317844	0.0756525	0.1635	0.219343	0.26713	0.338818	0.433285	0.533057	0.606044	0.642863	0.650691	0.63507	0.608155	0.568758	
0.428228	0.428228	0.395638	0.332178	0.247059	0.149067	0.0575542	-0.0199772	-0.0777033	-0.119154	-0.144195	-0.151383	-0.137318	-0.097255	-0.0453548	-0.00505385	-0.000250351	-0.0296082	-0.0716067	-0.0967602	-0.0930992	-0.0842383	-0.102128	-0.14872	-0.206452	-0.253261	-0.283691	-0.286291	-0.276535	-0.267837	-0.260042	-0.253691	-0.254811	-0.257427	-0.230856	-0.163273	-0.067976	0.0322184	0.114639	0.169309	0.223614	0.301068	0.4063	0.519674	0.608987	0.663858	0.689176	0.689496	0.681142	0.667129	
0.45744	0.45744	0.412628	0.330117	0.222554	0.108185	0.00440738	-0.078796	-0.145043	-0.192804	-0.221646	-0.220278	-0.190332	-0.129315	-0.0603132	-0.00762341	0.00752957	-0.00995729	-0.0389053	-0.0552276	-0.0484272	-0.0387087	-0.055974	-0.1027	-0.162632	-0.220005	-0.263221	-0.276891	-0.267837	-0.257098	-0.253661	-0.253155	-0.260129	-0.262218	-0.232532	-0.163788	-0.0736143	0.0170915	0.0915066	0.145304	0.198556	0.275965	0.380735	0.493883	0.587324	0.645845	0.677208	0.688117	0.698332	0.705822	
0.516624	0.516624	0.456476	0.351371	0.220405	0.0887995	-0.0271645	-0.118069	-0.191299	-0.247411	-0.279088	-0.276901	-0.238255	-0.171736	-0.0963903	-0.0376098	-0.00998983	-0.00893455	-0.0195296	-0.024656	-0.0125392	-0.00133423	-0.0152333	-0.0635602	-0.128889	-0.194558	-0.247783	-0.266724	-0.260042	-0.253661	-0.257176	-0.26211	-0.263715	-0.253977	-0.213491	-0.137148	-0.0456542	0.042783	0.115663	0.169038	0.21983	0.291569	0.384174	0.482928	0.558635	0.604349	0.626225	0.639443	0.656092	0.675261	
0.586254	0.586254	0.512417	0.386288	0.236714	0.0882084	-0.0389236	-0.137668	-0.214797	-0.273697	-0.308969	-0.308913	-0.275599	-0.215219	-0.145049	-0.082853	-0.0404664	-0.017331	-0.00766121	0.00117554	0.0178243	0.033375	0.0197909	-0.0324251	-0.102402	-0.174328	-0.228803	-0.25342	-0.253691	-0.253155	-0.26211	-0.261132	-0.247687	-0.22116	-0.16553	-0.0797265	0.0188268	0.11111	0.186123	0.24241	0.294955	0.358399	0.431409	0.49685	0.538808	0.552403	0.553304	0.551978	0.557616	0.567356	
0.659984	0.659984	0.575171	0.436113	0.270217	0.109163	-0.0332441	-0.138195	-0.217063	-0.274936	-0.312694	-0.323628	-0.304436	-0.262945	-0.202828	-0.140465	-0.082718	-0.0387286	-0.00746534	0.0143737	0.0382689	0.0550743	0.0400266	-0.0147171	-0.0878952	-0.156848	-0.212253	-0.24473	-0.254811	-0.260129	-0.263715	-0.247687	-0.216038	-0.16613	-0.0946794	0.00671088	0.11578	0.212966	0.288689	0.348199	0.394479	0.4426	0.481365	0.506385	0.507367	0.490287	0.46159	0.433329	0.411343	0.398092	
0.721969	0.721969	0.632924	0.485962	0.31395	0.139315	-0.0143878	-0.128478	-0.205663	-0.262905	-0.307357	-0.336408	-0.342036	-0.325275	-0.28109	-0.22161	-0.152341	-0.0883025	-0.0351121	0.00558115	0.0389485	0.0612521	0.0495504	-0.000718985	-0.0668333	-0.131945	-0.190089	-0.234854	-0.257427	-0.262218	-0.253977	-0.22116	-0.16613	-0.0939849	-0.000635811	0.11609	0.232842	0.331112	0.404276	0.454216	0.48389	0.499945	0.496473	0.476816	0.438227	0.384696	0.322881	0.266026	0.21795	0.185967	
0.744745	0.744745	0.655371	0.510017	0.337505	0.158913	-0.0034437	-0.12083	-0.196147	-0.252055	-0.305622	-0.354903	-0.38549	-0.392974	-0.365725	-0.312753	-0.236703	-0.155797	-0.0804831	-0.0201357	0.0256884	0.0587342	0.0589569	0.0269025	-0.0267256	-0.0853239	-0.147494	-0.202768	-0.230856	-0.232532	-0.213491	-0.16553	-0.0946794	-0.000635811	0.109037	0.234271	0.354583	0.449537	0.510588	0.539501	0.535146	0.510196	0.461948	0.395966	0.312757	0.220786	0.130581	0.0544922	-0.00394986	-0.0449337	
0.713826	0.713826	0.627866	0.488903	0.325837	0.152019	-0.0076908	-0.123884	-0.195394	-0.251064	-0.313183	-0.37715	-0.426437	-0.451094	-0.439597	-0.39502	-0.315081	-0.220416	-0.123515	-0.044181	0.0193999	0.0709918	0.0957011	0.0887599	0.0493852	-0.00582217	-0.0723722	-0.132029	-0.163273	-0.163788	-0.137148	-0.0797265	0.00671088	0.11609	0.234271	0.361394	0.47478	0.555128	0.589041	0.578467	0.533036	0.467821	0.375968	0.265022	0.138046	0.0150425	-0.0895537	-0.169392	-0.230108	-0.277733	
0.653078	0.653078	0.570803	0.440864	0.292156	0.132633	-0.016736	-0.12893	-0.199659	-0.259724	-0.328267	-0.402123	-0.460808	-0.498139	-0.50084	-0.465387	-0.386147	-0.279936	-0.167937	-0.0685688	0.0178042	0.098641	0.155792	0.175598	0.14802	0.0955814	0.0280077	-0.0317844	-0.067976	-0.0736143	-0.0456542	0.0188268	0.11578	0.232842	0.354583	0.47478	0.573069	0.623437	0.614919	0.55717	0.468341	0.360188	0.226013	0.0726892	-0.0836893	-0.21574	-0.315469	-0.387979	-0.445046	-0.491465	
0.591852	0.591852	0.513141	0.391834	0.261417	0.121632	-0.0115269	-0.119188	-0.194612	-0.260718	-0.337286	-0.413504	-0.481341	-0.52845	-0.548842	-0.526626	-0.454583	-0.348763	-0.229622	-0.114126	0.000276851	0.117103	0.20838	0.253308	0.23976	0.194532	0.134216	0.0756525	0.0322184	0.0170915	0.042783	0.11111	0.212966	0.331112	0.449537	0.555128	0.623437	0.631367	0.576035	0.469417	0.336019	0.182362	0.00800378	-0.172318	-0.335102	-0.46082	-0.541755	-0.599379	-0.638789	-0.668767	
0.551458	0.551458	0.475299	0.364749	0.250782	0.135376	0.0184055	-0.0836622	-0.164672	-0.238069	-0.316896	-0.396623	-0.470836	-0.53308	-0.573353	-0.571278	-0.518754	-0.428393	-0.315552	-0.19203	-0.0498777	0.0972381	0.218543	0.285912	0.291144	0.265021	0.216512	0.1635	0.114639	0.0915066	0.115663	0.186123	0.288689	0.404276	0.510588	0.589041	0.614919	0.576035	0.4718	0.316842	0.132163	-0.0640195	-0.262108	-0.443588	-0.596485	-0.699891	-0.757815	-0.787124	-0.795179	-0.79551	
0.542906	0.542906	0.471765	0.369263	0.271873	0.173238	0.0720775	-0.026983	-0.111067	-0.187896	-0.267738	-0.349732	-0.435131	-0.514179	-0.577441	-0.600147	-0.577903	-0.513459	-0.419207	-0.291128	-0.132313	0.0382633	0.180794	0.268761	0.301659	0.297337	0.265174	0.219343	0.169309	0.145304	0.169038	0.24241	0.348199	0.454216	0.539501	0.578467	0.55717	0.469417	0.316842	0.106474	-0.124701	-0.34863	-0.54582	-0.712189	-0.839412	-0.916977	-0.938363	-0.926775	-0.895538	-0.86198	
0.554275	0.554275	0.488733	0.396922	0.307282	0.221416	0.127613	0.0366343	-0.0454684	-0.116653	-0.193257	-0.277035	-0.373856	-0.47044	-0.555319	-0.606751	-0.617867	-0.58836	-0.514792	-0.394044	-0.226709	-0.0440218	0.116223	0.230146	0.294611	0.317519	0.304091	0.26713	0.223614	0.198556	0.21983	0.294955	0.394479	0.48389	0.535146	0.533036	0.468341	0.336019	0.132163	-0.124701	-0.389076	-0.617716	-0.799494	-0.936251	-1.03018	-1.06547	-1.04149	-0.986971	-0.91693	-0.850573	
0.569897	0.569897	0.512573	0.428165	0.342273	0.256494	0.168561	0.085524	0.0171189	-0.0432539	-0.110146	-0.196159	-0.301718	-0.414697	-0.518849	-0.596558	-0.640057	-0.640735	-0.5903	-0.480342	-0.313447	-0.121499	0.0604824	0.203837	0.303373	0.35528	0.361116	0.338818	0.301068	0.275965	0.291569	0.358399	0.4426	0.499945	0.510196	0.467821	0.360188	0.182362	-0.0640195	-0.34863	-0.617716	-0.830843	-0.981972	-1.07671	-1.12222	-1.10899	-1.04481	-0.950101	-0.847159	-0.751108	
0.585768	0.585768	0.534832	0.454746	0.362424	0.269565	0.179966	0.109324	0.0578827	0.0155385	-0.0400187	-0.124226	-0.235215	-0.361571	-0.481002	-0.581245	-0.650016	-0.676747	-0.650708	-0.556845	-0.397742	-0.194234	0.010542	0.186563	0.321174	0.404805	0.438589	0.433285	0.4063	0.380735	0.384174	0.431409	0.481365	0.496473	0.461948	0.375968	0.226013	0.00800378	-0.262108	-0.54582	-0.799494	-0.981972	-1.08793	-1.12481	-1.11	-1.0478	-0.944335	-0.814281	-0.683583	-0.56521	
0.58452	0.58452	0.537447	0.453955	0.352259	0.244789	0.15537	0.0960708	0.0665726	0.0441036	0.00255505	-0.0744848	-0.188387	-0.32341	-0.456426	-0.574111	-0.661614	-0.713924	-0.711682	-0.640203	-0.487258	-0.272313	-0.0434135	0.162825	0.330621	0.450636	0.516765	0.533057	0.519674	0.493883	0.482928	0.49685	0.506385	0.476816	0.395966	0.265022	0.0726892	-0.172318	-0.443588	-0.712189	-0.936251	-1.07671	-1.12481	-1.09413	-1.01919	-0.909749	-0.768732	-0.608361	-0.455884	-0.323923	
0.559483	0.559483	0.508881	0.417501	0.29951	0.180127	0.0875974	0.0405438	0.0308294	0.0276585	0.00437371	-0.0622861	-0.17066	-0.309783	-0.450298	-0.578216	-0.68251	-0.757662	-0.783001	-0.732694	-0.587198	-0.364175	-0.119081	0.110066	0.305379	0.463602	0.563235	0.606044	0.608987	0.587324	0.558635	0.538808	0.507367	0.438227	0.312757	0.138046	-0.0836893	-0.335102	-0.596485	-0.839412	-1.03018	-1.12222	-1.11	-1.01919	-0.889236	-0.732162	-0.55862	-0.374272	-0.207979	-0.0747495	
0.498287	0.498287	0.439906	0.332735	0.202534	0.071461	-0.0193669	-0.0574654	-0.0494257	-0.0321603	-0.0358057	-0.0830488	-0.179176	-0.311422	-0.451266	-0.584403	-0.703416	-0.802017	-0.853068	-0.819596	-0.683106	-0.459334	-0.208753	0.0328185	0.251007	0.440954	0.573381	0.642863	0.663858	0.645845	0.604349	0.552403	0.490287	0.384696	0.220786	0.0150425	-0.21574	-0.46082	-0.699891	-0.916977	-1.06547	-1.10899	-1.0478	-0.909749	-0.732162	-0.541571	-0.3438	-0.147549	0.0205736	0.142775	
0.406953	0.406953	0.335746	0.212572	0.0701549	-0.0658033	-0.156592	-0.187677	-0.166733	-0.12982	-0.112352	-0.133626	-0.208527	-0.319516	-0.450341	-0.5826	-0.715492	-0.835347	-0.903314	-0.883596	-0.756049	-0.542872	-0.297513	-0.0510871	0.18083	0.394957	0.555991	0.650691	0.689176	0.677208	0.626225	0.553304	0.46159	0.322881	0.130581	-0.0895537	-0.315469	-0.541755	-0.757815	-0.938363	-1.04149	-1.04481	-0.944335	-0.768732	-0.55862	-0.3438	-0.134616	0.0537983	0.204928	0.289982	
0.303715	0.303715	0.21893	0.0807062	-0.0715548	-0.210764	-0.304358	-0.334638	-0.305977	-0.254802	-0.215429	-0.210208	-0.251579	-0.331455	-0.44214	-0.569762	-0.713462	-0.845068	-0.922068	-0.909867	-0.795159	-0.602747	-0.369679	-0.128562	0.107231	0.33527	0.515629	0.63507	0.689496	0.688117	0.639443	0.551978	0.433329	0.266026	0.0544922	-0.169392	-0.387979	-0.599379	-0.787124	-0.926775	-0.986971	-0.950101	-0.814281	-0.608361	-0.374272	-0.147549	0.0537983	0.214726	0.319495	0.352426	
0.194638	0.194638	0.0999923	-0.0485378	-0.206646	-0.348431	-0.447574	-0.480184	-0.448918	-0.384728	-0.326388	-0.28993	-0.290967	-0.329381	-0.413576	-0.533208	-0.681968	-0.816918	-0.898385	-0.892643	-0.799806	-0.632876	-0.420498	-0.19198	0.0405553	0.270644	0.467484	0.608155	0.681142	0.698332	0.656092	0.557616	0.411343	0.21795	-0.00394986	-0.230108	-0.445046	-0.638789	-0.795179	-0.895538	-0.91693	-0.847159	-0.683583	-0.455884	-0.207979	0.0205736	0.204928	0.319495	0.36752	0.346771	
0.0918965	0.0918965	-0.00597466	-0.157948	-0.317151	-0.462504	-0.567392	-0.60571	-0.572838	-0.498791	-0.42112	-0.351321	-0.307099	-0.299389	-0.352475	-0.45985	-0.603141	-0.737431	-0.819149	-0.829666	-0.762322	-0.629524	-0.444175	-0.237476	-0.0185873	0.204411	0.410663	0.568758	0.667129	0.705822	0.675261	0.567356	0.398092	0.185967	-0.0449337	-0.277733	-0.491465	-0.668767	-0.79551	-0.86198	-0.850573	-0.751108	-0.56521	-0.323923	-0.0747495	0.142775	0.289982	0.352426	0.346771	0.276663	
