0.446037	0.412665	0.395238	0.385799	0.362831	0.319373	0.258516	0.180306	0.093523	0.0134822	-0.0544744	-0.109214	-0.174337	-0.236434	-0.283353	-0.305926	-0.297307	-0.26893	-0.221476	-0.16196	-0.11398	-0.0833695	-0.0560174	-0.0290192	-0.00055023	0.0255876	0.0449949	0.0620899	0.0725503	0.0800094	0.104908	0.154208	0.233606	0.319392	0.391694	0.441573	0.467071	0.490838	0.538131	0.622668	0.723238	0.824848	0.911506	0.983041	1.04775	1.10006	1.14017	1.15597	1.15704	1.15704	
0.412665	0.373858	0.348094	0.330129	0.308885	0.2784	0.239367	0.192546	0.135983	0.0857628	0.0371102	-0.00811134	-0.0559235	-0.100599	-0.135516	-0.149243	-0.144259	-0.128557	-0.102954	-0.0797027	-0.0729181	-0.0736166	-0.0692294	-0.0589651	-0.0458387	-0.0343055	-0.0250438	-0.016698	-0.00943493	-0.00333441	0.0193344	0.0628178	0.129917	0.206216	0.278784	0.332962	0.368581	0.405124	0.458674	0.544817	0.645175	0.746488	0.821827	0.874671	0.922298	0.952361	0.966082	0.961025	0.956614	0.956614	
0.395238	0.348094	0.31234	0.287516	0.26365	0.242808	0.222788	0.204146	0.180892	0.161388	0.137632	0.114656	0.0913743	0.0674138	0.047793	0.0416397	0.0478387	0.0600376	0.072617	0.0682371	0.0358583	-0.00119197	-0.024901	-0.039125	-0.0443099	-0.0511173	-0.0580729	-0.060038	-0.0602486	-0.0619964	-0.0520202	-0.027305	0.0147572	0.071462	0.133296	0.191936	0.24331	0.291601	0.34913	0.43297	0.528181	0.6143	0.677002	0.71856	0.743073	0.749078	0.74101	0.715346	0.6924	0.6924	
0.385799	0.330129	0.287516	0.258056	0.237528	0.226842	0.225567	0.226891	0.227254	0.234952	0.240657	0.248519	0.253612	0.25408	0.25439	0.254808	0.26077	0.267952	0.270896	0.249118	0.191222	0.127945	0.0797646	0.0409205	0.0115882	-0.0155736	-0.040063	-0.0507294	-0.0623577	-0.0767952	-0.0851984	-0.0861931	-0.074696	-0.0517852	-0.0079177	0.0464728	0.103188	0.161452	0.222401	0.298386	0.377484	0.44325	0.4876	0.508697	0.50839	0.49223	0.459971	0.419075	0.395174	0.395174	
0.362831	0.308885	0.26365	0.237528	0.232385	0.23937	0.258952	0.27456	0.291114	0.319906	0.352313	0.381028	0.412553	0.441313	0.464299	0.473742	0.471314	0.467908	0.459457	0.428731	0.360172	0.285946	0.219874	0.162418	0.113576	0.0680743	0.0320714	0.00715231	-0.0159187	-0.0401456	-0.0622456	-0.0841134	-0.104104	-0.115659	-0.104021	-0.0720501	-0.0272006	0.0282142	0.0859187	0.145745	0.207412	0.25009	0.267981	0.263901	0.235386	0.197248	0.147225	0.0942642	0.0646193	0.0646193	
0.319373	0.2784	0.242808	0.226842	0.23937	0.268286	0.306302	0.341235	0.380024	0.427895	0.471408	0.510959	0.554593	0.6015	0.640047	0.650497	0.639411	0.626741	0.609513	0.573871	0.505169	0.426275	0.353935	0.291322	0.236915	0.187279	0.147491	0.117852	0.0899218	0.0591469	0.026644	-0.0134213	-0.061075	-0.108944	-0.140491	-0.140875	-0.117221	-0.0790677	-0.0410098	-0.00531218	0.032505	0.0454172	0.0420163	0.0159844	-0.039964	-0.10412	-0.179315	-0.240436	-0.276598	-0.276598	
0.258516	0.239367	0.222788	0.225567	0.258952	0.306302	0.3692	0.428151	0.488169	0.542058	0.58716	0.630183	0.671572	0.718183	0.7525	0.753267	0.733686	0.708995	0.676512	0.637023	0.572325	0.500981	0.443219	0.391465	0.347919	0.310685	0.281682	0.262699	0.23995	0.213236	0.177368	0.126697	0.0567156	-0.0255276	-0.0934086	-0.133705	-0.147901	-0.144383	-0.133956	-0.130541	-0.131607	-0.149053	-0.178879	-0.225766	-0.301408	-0.384648	-0.473043	-0.543718	-0.580961	-0.580961	
0.180306	0.192546	0.204146	0.226891	0.27456	0.341235	0.428151	0.5193	0.592704	0.650166	0.698546	0.730723	0.749653	0.766783	0.77553	0.760557	0.729701	0.691272	0.648146	0.606496	0.554711	0.501911	0.459437	0.427153	0.401145	0.392262	0.39955	0.410077	0.414979	0.403179	0.369273	0.31108	0.224265	0.117181	0.0162075	-0.0640761	-0.116215	-0.147836	-0.177583	-0.21405	-0.253241	-0.299041	-0.355497	-0.42813	-0.519835	-0.618809	-0.711506	-0.775524	-0.807865	-0.807865	
0.093523	0.135983	0.180892	0.227254	0.291114	0.380024	0.488169	0.592704	0.669951	0.728224	0.766667	0.778522	0.762817	0.743557	0.720913	0.6815	0.629054	0.57536	0.523476	0.483984	0.452126	0.420717	0.401412	0.39235	0.394154	0.418711	0.465329	0.513275	0.551766	0.568885	0.553318	0.505602	0.419459	0.299048	0.169598	0.0531384	-0.0371889	-0.106296	-0.17069	-0.237075	-0.311752	-0.390693	-0.468039	-0.556326	-0.656988	-0.762608	-0.853678	-0.908874	-0.937301	-0.937301	
0.0134822	0.0857628	0.161388	0.234952	0.319906	0.427895	0.542058	0.650166	0.728224	0.770618	0.783758	0.757255	0.703932	0.648474	0.587169	0.513847	0.446415	0.382313	0.325688	0.291123	0.269971	0.258548	0.264974	0.281084	0.310563	0.368093	0.447376	0.533856	0.615393	0.674047	0.696313	0.677747	0.604194	0.484947	0.347132	0.20667	0.0855234	-0.0204554	-0.118167	-0.214596	-0.318181	-0.408969	-0.495992	-0.587857	-0.686199	-0.792864	-0.879638	-0.932909	-0.954397	-0.954397	
-0.0544744	0.0371102	0.137632	0.240657	0.352313	0.471408	0.58716	0.698546	0.766667	0.783758	0.752822	0.682309	0.590055	0.48379	0.374274	0.275723	0.198004	0.133619	0.0789218	0.0407934	0.0270965	0.0299151	0.0518994	0.091713	0.145565	0.231452	0.348559	0.476139	0.604969	0.712575	0.774872	0.791136	0.749101	0.650333	0.520065	0.368598	0.225781	0.0986019	-0.0259076	-0.142061	-0.254035	-0.345679	-0.427391	-0.51589	-0.613449	-0.721404	-0.804186	-0.849789	-0.868678	-0.868678	
-0.109214	-0.00811134	0.114656	0.248519	0.381028	0.510959	0.630183	0.730723	0.778522	0.757255	0.682309	0.571933	0.432027	0.272218	0.121439	-0.000516877	-0.0919069	-0.163315	-0.221565	-0.258802	-0.270126	-0.255709	-0.218504	-0.159172	-0.0731598	0.0475103	0.201851	0.370542	0.538339	0.684816	0.792554	0.850041	0.846179	0.780017	0.665707	0.523402	0.373915	0.229983	0.0952606	-0.0262022	-0.138622	-0.23111	-0.30515	-0.380666	-0.465375	-0.557234	-0.631301	-0.670316	-0.682607	-0.682607	
-0.174337	-0.0559235	0.0913743	0.253612	0.412553	0.554593	0.671572	0.749653	0.762817	0.703932	0.590055	0.432027	0.239171	0.033225	-0.151305	-0.300363	-0.408533	-0.482274	-0.532596	-0.563671	-0.573767	-0.558953	-0.516442	-0.440439	-0.323764	-0.164707	0.026537	0.233209	0.436928	0.623631	0.772394	0.871471	0.904414	0.870259	0.784078	0.654383	0.509193	0.363065	0.222008	0.0913171	-0.0185017	-0.0970653	-0.152412	-0.202274	-0.265759	-0.335092	-0.38837	-0.414024	-0.419277	-0.419277	
-0.236434	-0.100599	0.0674138	0.25408	0.441313	0.6015	0.718183	0.766783	0.743557	0.648474	0.48379	0.272218	0.033225	-0.209157	-0.425207	-0.598003	-0.716914	-0.781227	-0.818019	-0.841557	-0.852493	-0.840005	-0.799704	-0.71554	-0.578645	-0.394747	-0.171073	0.0735713	0.317206	0.54617	0.737334	0.870072	0.937433	0.932762	0.864975	0.751187	0.611227	0.465419	0.323246	0.194587	0.100047	0.0385429	0.0096215	-0.00829333	-0.0416945	-0.078754	-0.110061	-0.120232	-0.118032	-0.118032	
-0.283353	-0.135516	0.047793	0.25439	0.464299	0.640047	0.7525	0.77553	0.720913	0.587169	0.374274	0.121439	-0.151305	-0.425207	-0.668503	-0.85559	-0.976305	-1.03437	-1.0618	-1.07778	-1.08499	-1.07442	-1.03853	-0.95468	-0.810085	-0.608271	-0.357463	-0.0811355	0.191963	0.451003	0.675448	0.841177	0.939245	0.957761	0.904258	0.800375	0.660918	0.512527	0.380086	0.271053	0.204124	0.17346	0.177329	0.190945	0.188643	0.183251	0.173362	0.178744	0.18887	0.18887	
-0.305926	-0.149243	0.0416397	0.254808	0.473742	0.650497	0.753267	0.760557	0.6815	0.513847	0.275723	-0.000516877	-0.300363	-0.598003	-0.85559	-1.04936	-1.17233	-1.23095	-1.2515	-1.25418	-1.25685	-1.25016	-1.21797	-1.13865	-0.989263	-0.771356	-0.503285	-0.210353	0.0777428	0.350499	0.589818	0.776761	0.891242	0.923392	0.87982	0.776893	0.643775	0.50722	0.391191	0.304076	0.270682	0.281074	0.324611	0.381773	0.418002	0.44422	0.46199	0.481602	0.494494	0.494494	
-0.297307	-0.144259	0.0478387	0.26077	0.471314	0.639411	0.733686	0.729701	0.629054	0.446415	0.198004	-0.0919069	-0.408533	-0.716914	-0.976305	-1.17233	-1.30167	-1.35712	-1.36475	-1.36154	-1.36199	-1.35992	-1.33627	-1.26004	-1.11318	-0.893529	-0.617889	-0.317964	-0.0237936	0.252128	0.492946	0.678868	0.79404	0.827024	0.785837	0.691081	0.567107	0.443633	0.347521	0.293606	0.298486	0.352886	0.44305	0.542135	0.626905	0.696763	0.745965	0.787793	0.812913	0.812913	
-0.26893	-0.128557	0.0600376	0.267952	0.467908	0.626741	0.708995	0.691272	0.57536	0.382313	0.133619	-0.163315	-0.482274	-0.781227	-1.03437	-1.23095	-1.35712	-1.40562	-1.40905	-1.40571	-1.40717	-1.40944	-1.39101	-1.32413	-1.19144	-0.983793	-0.711562	-0.412242	-0.119683	0.149606	0.379831	0.558695	0.666707	0.697077	0.656487	0.563517	0.447698	0.338375	0.269288	0.25876	0.307763	0.405701	0.536631	0.674786	0.802243	0.912202	1.00182	1.07213	1.10904	1.10904	
-0.221476	-0.102954	0.072617	0.270896	0.459457	0.609513	0.676512	0.648146	0.523476	0.325688	0.0789218	-0.221565	-0.532596	-0.818019	-1.0618	-1.2515	-1.36475	-1.40905	-1.41366	-1.41045	-1.41225	-1.41967	-1.40663	-1.35052	-1.23613	-1.03937	-0.774045	-0.482159	-0.194175	0.0667762	0.282068	0.450203	0.547946	0.571208	0.525613	0.427801	0.321485	0.233064	0.193038	0.217574	0.30377	0.445675	0.610829	0.777883	0.937582	1.07474	1.19229	1.28199	1.32939	1.32939	
-0.16196	-0.0797027	0.0682371	0.249118	0.428731	0.573871	0.637023	0.606496	0.483984	0.291123	0.0407934	-0.258802	-0.563671	-0.841557	-1.07778	-1.25418	-1.36154	-1.40571	-1.41045	-1.40984	-1.41346	-1.42261	-1.41023	-1.35614	-1.24605	-1.05609	-0.796044	-0.508523	-0.220851	0.0388843	0.247041	0.401451	0.482197	0.485878	0.428662	0.331932	0.226765	0.148181	0.129783	0.18703	0.303176	0.468142	0.653471	0.833991	1.01069	1.16215	1.29005	1.38875	1.43952	1.43952	
-0.11398	-0.0729181	0.0358583	0.191222	0.360172	0.505169	0.572325	0.554711	0.452126	0.269971	0.0270965	-0.270126	-0.573767	-0.852493	-1.08499	-1.25685	-1.36199	-1.40717	-1.41225	-1.41346	-1.41889	-1.42076	-1.39893	-1.33402	-1.21528	-1.02247	-0.762835	-0.469632	-0.17386	0.0845244	0.282826	0.418501	0.474093	0.457215	0.38403	0.274702	0.169725	0.101269	0.0977438	0.172339	0.306393	0.483792	0.668635	0.842836	1.0082	1.15036	1.27864	1.37835	1.4309	1.4309	
-0.0833695	-0.0736166	-0.00119197	0.127945	0.285946	0.426275	0.500981	0.501911	0.420717	0.258548	0.0299151	-0.255709	-0.558953	-0.840005	-1.07442	-1.25016	-1.35992	-1.40944	-1.41967	-1.42261	-1.42076	-1.4079	-1.36552	-1.28164	-1.14569	-0.94225	-0.67641	-0.375821	-0.0779934	0.180342	0.373671	0.493354	0.526419	0.489366	0.39825	0.272403	0.159224	0.0918883	0.0922734	0.168128	0.301541	0.46807	0.636632	0.791636	0.9331	1.05838	1.17327	1.26528	1.31662	1.31662	
-0.0560174	-0.0692294	-0.024901	0.0797646	0.219874	0.353935	0.443219	0.459437	0.401412	0.264974	0.0518994	-0.218504	-0.516442	-0.799704	-1.03853	-1.21797	-1.33627	-1.39101	-1.40663	-1.41023	-1.39893	-1.36552	-1.30509	-1.20231	-1.04636	-0.83226	-0.559158	-0.255741	0.0401993	0.301673	0.497763	0.599716	0.614695	0.555367	0.437456	0.305198	0.186529	0.109861	0.104297	0.17037	0.285439	0.423576	0.565195	0.690844	0.80049	0.901336	0.991335	1.06465	1.10903	1.10903	
-0.0290192	-0.0589651	-0.039125	0.0409205	0.162418	0.291322	0.391465	0.427153	0.39235	0.281084	0.091713	-0.159172	-0.440439	-0.71554	-0.95468	-1.13865	-1.26004	-1.32413	-1.35052	-1.35614	-1.33402	-1.28164	-1.20231	-1.08188	-0.909674	-0.682807	-0.412916	-0.118492	0.174024	0.43074	0.612624	0.696887	0.691525	0.608757	0.47317	0.327756	0.202328	0.12586	0.117099	0.162565	0.25309	0.365545	0.472524	0.562178	0.630824	0.690457	0.74907	0.803801	0.837527	0.837527	
-0.00055023	-0.0458387	-0.0443099	0.0115882	0.113576	0.236915	0.347919	0.401145	0.394154	0.310563	0.145565	-0.0731598	-0.323764	-0.578645	-0.810085	-0.989263	-1.11318	-1.19144	-1.23613	-1.24605	-1.21528	-1.14569	-1.04636	-0.909674	-0.718636	-0.486613	-0.227696	0.0518399	0.32096	0.547469	0.704309	0.762824	0.726738	0.61812	0.466079	0.312255	0.180496	0.102624	0.0896741	0.119816	0.190255	0.271879	0.345071	0.404085	0.438816	0.465647	0.491957	0.52008	0.540258	0.540258	
0.0255876	-0.0343055	-0.0511173	-0.0155736	0.0680743	0.187279	0.310685	0.392262	0.418711	0.368093	0.231452	0.0475103	-0.164707	-0.394747	-0.608271	-0.771356	-0.893529	-0.983793	-1.03937	-1.05609	-1.02247	-0.94225	-0.83226	-0.682807	-0.486613	-0.259847	-0.0122285	0.242442	0.472608	0.655757	0.772502	0.787623	0.711626	0.571733	0.3959	0.230841	0.10243	0.0329399	0.0165539	0.0359945	0.0837701	0.136521	0.19006	0.229022	0.238052	0.236309	0.232657	0.234006	0.241635	0.241635	
0.0449949	-0.0250438	-0.0580729	-0.040063	0.0320714	0.147491	0.281682	0.39955	0.465329	0.447376	0.348559	0.201851	0.026537	-0.171073	-0.357463	-0.503285	-0.617889	-0.711562	-0.774045	-0.796044	-0.762835	-0.67641	-0.559158	-0.412916	-0.227696	-0.0122285	0.212949	0.428234	0.612887	0.749028	0.811471	0.773392	0.652138	0.478364	0.281366	0.104	-0.0192394	-0.0798275	-0.0976493	-0.0847967	-0.052856	-0.0164412	0.0191167	0.0402881	0.0306302	0.00314178	-0.0245791	-0.0480155	-0.0538093	-0.0538093	
0.0620899	-0.016698	-0.060038	-0.0507294	0.00715231	0.117852	0.262699	0.410077	0.513275	0.533856	0.476139	0.370542	0.233209	0.0735713	-0.0811355	-0.210353	-0.317964	-0.412242	-0.482159	-0.508523	-0.469632	-0.375821	-0.255741	-0.118492	0.0518399	0.242442	0.428234	0.596448	0.73138	0.811839	0.815395	0.726351	0.565696	0.361256	0.144071	-0.0346069	-0.155893	-0.219457	-0.231825	-0.220987	-0.208877	-0.184731	-0.161022	-0.1548	-0.17357	-0.218539	-0.268635	-0.313878	-0.332891	-0.332891	
0.0725503	-0.00943493	-0.0602486	-0.0623577	-0.0159187	0.0899218	0.23995	0.414979	0.551766	0.615393	0.604969	0.538339	0.436928	0.317206	0.191963	0.0777428	-0.0237936	-0.119683	-0.194175	-0.220851	-0.17386	-0.0779934	0.0401993	0.174024	0.32096	0.472608	0.612887	0.73138	0.816655	0.835518	0.778722	0.646034	0.449982	0.220776	-0.00316784	-0.1814	-0.296361	-0.348173	-0.360599	-0.357103	-0.356973	-0.3443	-0.330787	-0.332047	-0.350735	-0.409748	-0.478507	-0.536901	-0.573378	-0.573378	
0.0800094	-0.00333441	-0.0619964	-0.0767952	-0.0401456	0.0591469	0.213236	0.403179	0.568885	0.674047	0.712575	0.684816	0.623631	0.54617	0.451003	0.350499	0.252128	0.149606	0.0667762	0.0388843	0.0845244	0.180342	0.301673	0.43074	0.547469	0.655757	0.749028	0.811839	0.835518	0.797246	0.68901	0.514312	0.288596	0.0502155	-0.160168	-0.325789	-0.423829	-0.458743	-0.46787	-0.467337	-0.469574	-0.460531	-0.455678	-0.460123	-0.481948	-0.54477	-0.617193	-0.687812	-0.732004	-0.732004	
0.104908	0.0193344	-0.0520202	-0.0851984	-0.0622456	0.026644	0.177368	0.369273	0.553318	0.696313	0.774872	0.792554	0.772394	0.737334	0.675448	0.589818	0.492946	0.379831	0.282068	0.247041	0.282826	0.373671	0.497763	0.612624	0.704309	0.772502	0.811471	0.815395	0.778722	0.68901	0.533768	0.321779	0.0826987	-0.147334	-0.33602	-0.467454	-0.531484	-0.543186	-0.534605	-0.519152	-0.515039	-0.514035	-0.509092	-0.511819	-0.534945	-0.589386	-0.663593	-0.739121	-0.784539	-0.784539	
0.154208	0.0628178	-0.027305	-0.0861931	-0.0841134	-0.0134213	0.126697	0.31108	0.505602	0.677747	0.791136	0.850041	0.871471	0.870072	0.841177	0.776761	0.678868	0.558695	0.450203	0.401451	0.418501	0.493354	0.599716	0.696887	0.762824	0.787623	0.773392	0.726351	0.646034	0.514312	0.321779	0.0876297	-0.148585	-0.358049	-0.512811	-0.593504	-0.606846	-0.580012	-0.541523	-0.503498	-0.479664	-0.468135	-0.461252	-0.466401	-0.490777	-0.539893	-0.612982	-0.690879	-0.741274	-0.741274	
0.233606	0.129917	0.0147572	-0.074696	-0.104104	-0.061075	0.0567156	0.224265	0.419459	0.604194	0.749101	0.846179	0.904414	0.937433	0.939245	0.891242	0.79404	0.666707	0.547946	0.482197	0.474093	0.526419	0.614695	0.691525	0.726738	0.711626	0.652138	0.565696	0.449982	0.288596	0.0826987	-0.148585	-0.373963	-0.551956	-0.653097	-0.674979	-0.637344	-0.565768	-0.479805	-0.410461	-0.361059	-0.331529	-0.323274	-0.331839	-0.359054	-0.404395	-0.477425	-0.55473	-0.603966	-0.603966	
0.319392	0.206216	0.071462	-0.0517852	-0.115659	-0.108944	-0.0255276	0.117181	0.299048	0.484947	0.650333	0.780017	0.870259	0.932762	0.957761	0.923392	0.827024	0.697077	0.571208	0.485878	0.457215	0.489366	0.555367	0.608757	0.61812	0.571733	0.478364	0.361256	0.220776	0.0502155	-0.147334	-0.358049	-0.551956	-0.683114	-0.728825	-0.693676	-0.601163	-0.480906	-0.358321	-0.255618	-0.172089	-0.133555	-0.124426	-0.13444	-0.16627	-0.206641	-0.275312	-0.345547	-0.396837	-0.396837	
0.391694	0.278784	0.133296	-0.0079177	-0.104021	-0.140491	-0.0934086	0.0162075	0.169598	0.347132	0.520065	0.665707	0.784078	0.864975	0.904258	0.87982	0.785837	0.656487	0.525613	0.428662	0.38403	0.39825	0.437456	0.47317	0.466079	0.3959	0.281366	0.144071	-0.00316784	-0.160168	-0.33602	-0.512811	-0.653097	-0.728825	-0.715658	-0.623927	-0.486588	-0.330137	-0.182601	-0.0578975	0.0449331	0.0935808	0.100037	0.0856087	0.053574	0.0191036	-0.0335195	-0.0921867	-0.137743	-0.137743	
0.441573	0.332962	0.191936	0.0464728	-0.0720501	-0.140875	-0.133705	-0.0640761	0.0531384	0.20667	0.368598	0.523402	0.654383	0.751187	0.800375	0.776893	0.691081	0.563517	0.427801	0.331932	0.274702	0.272403	0.305198	0.327756	0.312255	0.230841	0.104	-0.0346069	-0.1814	-0.325789	-0.467454	-0.593504	-0.674979	-0.693676	-0.623927	-0.487585	-0.318352	-0.136793	0.0297136	0.1717	0.277302	0.324748	0.324094	0.299078	0.269914	0.248316	0.213108	0.166886	0.136759	0.136759	
0.467071	0.368581	0.24331	0.103188	-0.0272006	-0.117221	-0.147901	-0.116215	-0.0371889	0.0855234	0.225781	0.373915	0.509193	0.611227	0.660918	0.643775	0.567107	0.447698	0.321485	0.226765	0.169725	0.159224	0.186529	0.202328	0.180496	0.10243	-0.0192394	-0.155893	-0.296361	-0.423829	-0.531484	-0.606846	-0.637344	-0.601163	-0.486588	-0.318352	-0.117771	0.0785944	0.253337	0.406547	0.509611	0.547905	0.536573	0.501648	0.466437	0.448726	0.431217	0.39698	0.374161	0.374161	
0.490838	0.405124	0.291601	0.161452	0.0282142	-0.0790677	-0.144383	-0.147836	-0.106296	-0.0204554	0.0986019	0.229983	0.363065	0.465419	0.512527	0.50722	0.443633	0.338375	0.233064	0.148181	0.101269	0.0918883	0.109861	0.12586	0.102624	0.0329399	-0.0798275	-0.219457	-0.348173	-0.458743	-0.543186	-0.580012	-0.565768	-0.480906	-0.330137	-0.136793	0.0785944	0.285178	0.471904	0.626749	0.727772	0.759162	0.728621	0.673164	0.630023	0.607944	0.588854	0.565302	0.547817	0.547817	
0.538131	0.458674	0.34913	0.222401	0.0859187	-0.0410098	-0.133956	-0.177583	-0.17069	-0.118167	-0.0259076	0.0952606	0.222008	0.323246	0.380086	0.391191	0.347521	0.269288	0.193038	0.129783	0.0977438	0.0922734	0.104297	0.117099	0.0896741	0.0165539	-0.0976493	-0.231825	-0.360599	-0.46787	-0.534605	-0.541523	-0.479805	-0.358321	-0.182601	0.0297136	0.253337	0.471904	0.672002	0.828133	0.919375	0.938046	0.886892	0.808222	0.749185	0.70935	0.680779	0.659873	0.637253	0.637253	
0.622668	0.544817	0.43297	0.298386	0.145745	-0.00531218	-0.130541	-0.21405	-0.237075	-0.214596	-0.142061	-0.0262022	0.0913171	0.194587	0.271053	0.304076	0.293606	0.25876	0.217574	0.18703	0.172339	0.168128	0.17037	0.162565	0.119816	0.0359945	-0.0847967	-0.220987	-0.357103	-0.467337	-0.519152	-0.503498	-0.410461	-0.255618	-0.0578975	0.1717	0.406547	0.626749	0.828133	0.983513	1.06097	1.0614	0.991175	0.895517	0.817883	0.755628	0.71662	0.689952	0.662871	0.662871	
0.723238	0.645175	0.528181	0.377484	0.207412	0.032505	-0.131607	-0.253241	-0.311752	-0.318181	-0.254035	-0.138622	-0.0185017	0.100047	0.204124	0.270682	0.298486	0.307763	0.30377	0.303176	0.306393	0.301541	0.285439	0.25309	0.190255	0.0837701	-0.052856	-0.208877	-0.356973	-0.469574	-0.515039	-0.479664	-0.361059	-0.172089	0.0449331	0.277302	0.509611	0.727772	0.919375	1.06097	1.12644	1.11253	1.03317	0.92274	0.831332	0.765089	0.717194	0.684622	0.66793	0.66793	
0.824848	0.746488	0.6143	0.44325	0.25009	0.0454172	-0.149053	-0.299041	-0.390693	-0.408969	-0.345679	-0.23111	-0.0970653	0.0385429	0.17346	0.281074	0.352886	0.405701	0.445675	0.468142	0.483792	0.46807	0.423576	0.365545	0.271879	0.136521	-0.0164412	-0.184731	-0.3443	-0.460531	-0.514035	-0.468135	-0.331529	-0.133555	0.0935808	0.324748	0.547905	0.759162	0.938046	1.0614	1.11253	1.08513	1.00822	0.909411	0.816774	0.749456	0.703933	0.671855	0.656998	0.656998	
0.911506	0.821827	0.677002	0.4876	0.267981	0.0420163	-0.178879	-0.355497	-0.468039	-0.495992	-0.427391	-0.30515	-0.152412	0.0096215	0.177329	0.324611	0.44305	0.536631	0.610829	0.653471	0.668635	0.636632	0.565195	0.472524	0.345071	0.19006	0.0191167	-0.161022	-0.330787	-0.455678	-0.509092	-0.461252	-0.323274	-0.124426	0.100037	0.324094	0.536573	0.728621	0.886892	0.991175	1.03317	1.00822	0.939421	0.859156	0.780634	0.717685	0.677395	0.650975	0.639011	0.639011	
0.983041	0.874671	0.71856	0.508697	0.263901	0.0159844	-0.225766	-0.42813	-0.556326	-0.587857	-0.51589	-0.380666	-0.202274	-0.00829333	0.190945	0.381773	0.542135	0.674786	0.777883	0.833991	0.842836	0.791636	0.690844	0.562178	0.404085	0.229022	0.0402881	-0.1548	-0.332047	-0.460123	-0.511819	-0.466401	-0.331839	-0.13444	0.0856087	0.299078	0.501648	0.673164	0.808222	0.895517	0.92274	0.909411	0.859156	0.792152	0.723411	0.662673	0.625891	0.601827	0.598988	0.598988	
1.04775	0.922298	0.743073	0.50839	0.235386	-0.039964	-0.301408	-0.519835	-0.656988	-0.686199	-0.613449	-0.465375	-0.265759	-0.0416945	0.188643	0.418002	0.626905	0.802243	0.937582	1.01069	1.0082	0.9331	0.80049	0.630824	0.438816	0.238052	0.0306302	-0.17357	-0.350735	-0.481948	-0.534945	-0.490777	-0.359054	-0.16627	0.053574	0.269914	0.466437	0.630023	0.749185	0.817883	0.831332	0.816774	0.780634	0.723411	0.660945	0.594522	0.543553	0.515736	0.505962	0.505962	
1.10006	0.952361	0.749078	0.49223	0.197248	-0.10412	-0.384648	-0.618809	-0.762608	-0.792864	-0.721404	-0.557234	-0.335092	-0.078754	0.183251	0.44422	0.696763	0.912202	1.07474	1.16215	1.15036	1.05838	0.901336	0.690457	0.465647	0.236309	0.00314178	-0.218539	-0.409748	-0.54477	-0.589386	-0.539893	-0.404395	-0.206641	0.0191036	0.248316	0.448726	0.607944	0.70935	0.755628	0.765089	0.749456	0.717685	0.662673	0.594522	0.513687	0.446052	0.418278	0.398983	0.398983	
1.14017	0.966082	0.74101	0.459971	0.147225	-0.179315	-0.473043	-0.711506	-0.853678	-0.879638	-0.804186	-0.631301	-0.38837	-0.110061	0.173362	0.46199	0.745965	1.00182	1.19229	1.29005	1.27864	1.17327	0.991335	0.74907	0.491957	0.232657	-0.0245791	-0.268635	-0.478507	-0.617193	-0.663593	-0.612982	-0.477425	-0.275312	-0.0335195	0.213108	0.431217	0.588854	0.680779	0.71662	0.717194	0.703933	0.677395	0.625891	0.543553	0.446052	0.367465	0.328203	0.31069	0.31069	
1.15597	0.961025	0.715346	0.419075	0.0942642	-0.240436	-0.543718	-0.775524	-0.908874	-0.932909	-0.849789	-0.670316	-0.414024	-0.120232	0.178744	0.481602	0.787793	1.07213	1.28199	1.38875	1.37835	1.26528	1.06465	0.803801	0.52008	0.234006	-0.0480155	-0.313878	-0.536901	-0.687812	-0.739121	-0.690879	-0.55473	-0.345547	-0.0921867	0.166886	0.39698	0.565302	0.659873	0.689952	0.684622	0.671855	0.650975	0.601827	0.515736	0.418278	0.328203	0.269684	0.254558	0.254558	
1.15704	0.956614	0.6924	0.395174	0.0646193	-0.276598	-0.580961	-0.807865	-0.937301	-0.954397	-0.868678	-0.682607	-0.419277	-0.118032	0.18887	0.494494	0.812913	1.10904	1.32939	1.43952	1.4309	1.31662	1.10903	0.837527	0.540258	0.241635	-0.0538093	-0.332891	-0.573378	-0.732004	-0.784539	-0.741274	-0.603966	-0.396837	-0.137743	0.136759	0.374161	0.547817	0.637253	0.662871	0.66793	0.656998	0.639011	0.598988	0.505962	0.398983	0.31069	0.254558	0.238696	0.238696	
1.15704	0.956614	0.6924	0.395174	0.0646193	-0.276598	-0.580961	-0.807865	-0.937301	-0.954397	-0.868678	-0.682607	-0.419277	-0.118032	0.18887	0.494494	0.812913	1.10904	1.32939	1.43952	1.4309	1.31662	1.10903	0.837527	0.540258	0.241635	-0.0538093	-0.332891	-0.573378	-0.732004	-0.784539	-0.741274	-0.603966	-0.396837	-0.137743	0.136759	0.374161	0.547817	0.637253	0.662871	0.66793	0.656998	0.639011	0.598988	0.505962	0.398983	0.31069	0.254558	0.238696	0.238696	
