0.41959	0.28873	0.146378	0.0248426	-0.0510181	-0.0848802	-0.0535999	0.0479993	0.190257	0.353404	0.537526	0.709121	0.840369	0.911545	0.903198	0.824976	0.712628	0.591274	0.460783	0.339168	0.229222	0.136814	0.0618677	0.0053807	-0.0143424	0.00150163	0.0508787	0.12673	0.204816	0.255759	0.283035	0.304418	0.321433	0.358114	0.419834	0.47654	0.526002	0.56989	0.589825	0.560815	0.461324	0.308435	0.130733	-0.0520157	-0.21463	-0.36358	-0.500753	-0.59459	-0.637151	-0.637151	
0.28873	0.15029	-0.00102793	-0.129567	-0.211489	-0.237352	-0.196764	-0.101889	0.0299453	0.193364	0.382143	0.558441	0.708815	0.808507	0.832504	0.788665	0.712132	0.612471	0.495298	0.380724	0.270139	0.178715	0.101829	0.0426912	0.0155113	0.0268138	0.0746423	0.152286	0.250796	0.329975	0.382531	0.42946	0.472783	0.518293	0.566952	0.610129	0.642322	0.661062	0.656567	0.610813	0.503461	0.33782	0.150879	-0.0310638	-0.202408	-0.364039	-0.51157	-0.617147	-0.663322	-0.663322	
0.146378	-0.00102793	-0.163288	-0.300221	-0.380163	-0.397851	-0.362746	-0.281991	-0.160695	0.000563803	0.182797	0.35704	0.519172	0.645588	0.709888	0.711275	0.667864	0.583713	0.475928	0.364297	0.259125	0.173565	0.106361	0.0532832	0.0164108	0.0167493	0.0557976	0.138494	0.260913	0.37532	0.46319	0.538437	0.611591	0.674742	0.717429	0.736992	0.739196	0.731417	0.697204	0.631736	0.525497	0.363475	0.181302	0.00766512	-0.161519	-0.324871	-0.47157	-0.575543	-0.621871	-0.621871	
0.0248426	-0.129567	-0.300221	-0.437445	-0.517602	-0.546655	-0.525855	-0.454504	-0.344375	-0.202688	-0.0371383	0.135499	0.304073	0.447551	0.545821	0.584342	0.564998	0.498139	0.405524	0.305588	0.207349	0.126045	0.0680824	0.0233658	-0.0128543	-0.0247138	0.00551243	0.093081	0.225756	0.369456	0.499915	0.612534	0.711204	0.789765	0.841671	0.849111	0.820161	0.778674	0.713671	0.628116	0.5228	0.384661	0.223392	0.0577093	-0.098425	-0.248313	-0.378818	-0.46468	-0.508775	-0.508775	
-0.0510181	-0.211489	-0.380163	-0.517602	-0.613756	-0.66499	-0.657542	-0.59595	-0.507746	-0.394279	-0.243464	-0.0708794	0.0989825	0.249272	0.365919	0.424331	0.421359	0.376058	0.307902	0.224774	0.132802	0.0480372	-0.0151401	-0.0546681	-0.0842816	-0.0996614	-0.0709228	0.0192138	0.155868	0.315648	0.482408	0.638517	0.76131	0.848001	0.906416	0.914473	0.867318	0.790498	0.701232	0.605617	0.502679	0.396696	0.271496	0.123721	-0.0132892	-0.137428	-0.238412	-0.297155	-0.329173	-0.329173	
-0.0848802	-0.237352	-0.397851	-0.546655	-0.66499	-0.736886	-0.74821	-0.708101	-0.641825	-0.546765	-0.406005	-0.236893	-0.068721	0.0795417	0.197719	0.262174	0.275763	0.254901	0.207927	0.138576	0.050277	-0.0409061	-0.117775	-0.166384	-0.19416	-0.203579	-0.169539	-0.0766676	0.0613206	0.228227	0.416179	0.600549	0.745589	0.844813	0.904962	0.911466	0.860738	0.765961	0.651602	0.549611	0.467321	0.396153	0.312945	0.203521	0.0937631	0.00562321	-0.0544964	-0.088937	-0.108481	-0.108481	
-0.0535999	-0.196764	-0.362746	-0.525855	-0.657542	-0.74821	-0.790574	-0.779225	-0.731189	-0.646982	-0.518059	-0.358302	-0.196659	-0.0569019	0.0507869	0.117953	0.15244	0.153028	0.123589	0.0637218	-0.0191123	-0.110895	-0.200655	-0.266922	-0.306766	-0.312747	-0.273007	-0.185048	-0.0530188	0.113036	0.304215	0.49665	0.657724	0.775843	0.843613	0.843856	0.788243	0.694966	0.575607	0.470194	0.405233	0.368798	0.333058	0.276325	0.21422	0.173585	0.152165	0.139378	0.133819	0.133819	
0.0479993	-0.101889	-0.281991	-0.454504	-0.59595	-0.708101	-0.779225	-0.794879	-0.763077	-0.688328	-0.577767	-0.439991	-0.290483	-0.159141	-0.0600658	0.0111308	0.0590384	0.0753659	0.0610086	0.0149307	-0.0582847	-0.149632	-0.243507	-0.324955	-0.381678	-0.393444	-0.362248	-0.289463	-0.168268	-0.00737121	0.172581	0.353174	0.515528	0.641326	0.713251	0.709897	0.650976	0.570498	0.47343	0.384686	0.336513	0.322592	0.316865	0.31204	0.317792	0.33511	0.356782	0.370801	0.372071	0.372071	
0.190257	0.0299453	-0.160695	-0.344375	-0.507746	-0.641825	-0.731189	-0.763077	-0.738759	-0.67232	-0.589181	-0.480833	-0.345856	-0.217689	-0.117229	-0.042306	0.00929719	0.0289807	0.02606	-0.00435549	-0.0686593	-0.156738	-0.250119	-0.335657	-0.402377	-0.429534	-0.415678	-0.362261	-0.253742	-0.0974126	0.0621746	0.207013	0.342497	0.452235	0.513873	0.515035	0.47129	0.410775	0.348255	0.292089	0.257648	0.256591	0.275492	0.313685	0.380762	0.456871	0.522638	0.564586	0.57631	0.57631	
0.353404	0.193364	0.000563803	-0.202688	-0.394279	-0.546765	-0.646982	-0.688328	-0.67232	-0.622916	-0.563906	-0.477525	-0.361604	-0.243673	-0.140478	-0.0572534	-0.00619857	0.014207	0.020005	0.0027106	-0.0447172	-0.120715	-0.205681	-0.287353	-0.36409	-0.413255	-0.419147	-0.380863	-0.291312	-0.15804	-0.0279304	0.0769225	0.170426	0.247854	0.293128	0.301459	0.28175	0.245389	0.205691	0.171638	0.153247	0.164533	0.207882	0.291885	0.411292	0.529507	0.620515	0.674305	0.693181	0.693181	
0.537526	0.382143	0.182797	-0.0371383	-0.243464	-0.406005	-0.518059	-0.577767	-0.589181	-0.563906	-0.515056	-0.438237	-0.345403	-0.246298	-0.142256	-0.0551517	-0.00217527	0.0259698	0.043323	0.042047	0.0160511	-0.0384695	-0.111215	-0.189106	-0.270674	-0.339521	-0.363834	-0.335827	-0.272461	-0.186736	-0.101185	-0.0314336	0.0264883	0.0730941	0.0982092	0.102223	0.0975132	0.0827723	0.0609887	0.0423528	0.0361469	0.0594964	0.126444	0.239632	0.380895	0.520088	0.627038	0.683999	0.703578	0.703578	
0.709121	0.558441	0.35704	0.135499	-0.0708794	-0.236893	-0.358302	-0.439991	-0.480833	-0.477525	-0.438237	-0.370727	-0.2921	-0.202223	-0.109937	-0.0350771	0.0135142	0.0506921	0.0849805	0.101239	0.0985776	0.0660836	0.00737971	-0.0592087	-0.129907	-0.196646	-0.234492	-0.231348	-0.20332	-0.166573	-0.133095	-0.10533	-0.0820229	-0.0675526	-0.0638297	-0.0655492	-0.0669187	-0.0670682	-0.0669976	-0.0707971	-0.0653363	-0.0318031	0.0359191	0.14235	0.273003	0.405285	0.518202	0.590577	0.623123	0.623123	
0.840369	0.708815	0.519172	0.304073	0.0989825	-0.068721	-0.196659	-0.290483	-0.345856	-0.361604	-0.345403	-0.2921	-0.211143	-0.12587	-0.0528842	0.0052867	0.0493346	0.092938	0.13919	0.176912	0.197049	0.186556	0.151542	0.102493	0.0493188	-0.00204418	-0.0475954	-0.0819397	-0.0993048	-0.100833	-0.10829	-0.129874	-0.154403	-0.17532	-0.191373	-0.196292	-0.189395	-0.179537	-0.172411	-0.172169	-0.162087	-0.124136	-0.0622703	0.0188993	0.112357	0.217609	0.322865	0.39613	0.42911	0.42911	
0.911545	0.808507	0.645588	0.447551	0.249272	0.0795417	-0.0569019	-0.159141	-0.217689	-0.243673	-0.246298	-0.202223	-0.12587	-0.0523904	0.00676549	0.0639795	0.113558	0.156317	0.206439	0.260724	0.305897	0.32919	0.330239	0.306631	0.264831	0.218099	0.167748	0.104333	0.0417136	-0.000206501	-0.0478524	-0.120523	-0.190646	-0.239334	-0.271066	-0.279221	-0.272454	-0.269332	-0.26907	-0.272586	-0.26217	-0.222108	-0.168921	-0.116532	-0.0663616	-0.00454664	0.06714	0.120057	0.144761	0.144761	
0.903198	0.832504	0.709888	0.545821	0.365919	0.197719	0.0507869	-0.0600658	-0.117229	-0.140478	-0.142256	-0.109937	-0.0528842	0.00676549	0.0655273	0.130683	0.184232	0.229531	0.27972	0.343589	0.417795	0.483319	0.527625	0.536113	0.510483	0.463182	0.401525	0.319805	0.226523	0.137968	0.0363192	-0.0867423	-0.197413	-0.270652	-0.314689	-0.335557	-0.344598	-0.356281	-0.366895	-0.367804	-0.346288	-0.310449	-0.283706	-0.273031	-0.269912	-0.248918	-0.210651	-0.181825	-0.167066	-0.167066	
0.824976	0.788665	0.711275	0.584342	0.424331	0.262174	0.117953	0.0111308	-0.042306	-0.0572534	-0.0551517	-0.0350771	0.0052867	0.0639795	0.130683	0.191644	0.241466	0.291816	0.348692	0.42486	0.52453	0.629676	0.714158	0.762695	0.773792	0.737402	0.658699	0.553112	0.431219	0.296283	0.141256	-0.0289811	-0.180081	-0.285985	-0.35406	-0.389669	-0.412623	-0.442651	-0.462574	-0.457646	-0.432727	-0.409564	-0.408599	-0.432939	-0.46806	-0.4816	-0.472689	-0.466706	-0.465298	-0.465298	
0.712628	0.712132	0.667864	0.564998	0.421359	0.275763	0.15244	0.0590384	0.00929719	-0.00619857	-0.00217527	0.0135142	0.0493346	0.113558	0.184232	0.241466	0.285733	0.340146	0.412515	0.509408	0.631893	0.764131	0.8844	0.977135	1.02716	1.0062	0.914445	0.778662	0.619653	0.442677	0.24878	0.0493667	-0.133893	-0.285381	-0.395329	-0.457114	-0.495827	-0.532166	-0.554923	-0.553225	-0.532406	-0.521325	-0.537777	-0.575962	-0.625122	-0.665128	-0.6919	-0.712974	-0.723415	-0.723415	
0.591274	0.612471	0.583713	0.498139	0.376058	0.254901	0.153028	0.0753659	0.0289807	0.014207	0.0259698	0.0506921	0.092938	0.156317	0.229531	0.291816	0.340146	0.397071	0.477068	0.591635	0.73005	0.882487	1.03519	1.16328	1.2392	1.23196	1.13847	0.980469	0.782422	0.561016	0.335895	0.117024	-0.0941401	-0.286268	-0.44145	-0.541554	-0.596657	-0.628685	-0.641257	-0.636348	-0.629428	-0.635845	-0.654237	-0.688834	-0.741884	-0.796722	-0.848191	-0.894514	-0.921331	-0.921331	
0.460783	0.495298	0.475928	0.405524	0.307902	0.207927	0.123589	0.0610086	0.02606	0.020005	0.043323	0.0849805	0.13919	0.206439	0.27972	0.348692	0.412515	0.477068	0.556714	0.672204	0.822195	0.997679	1.172	1.31482	1.40159	1.40418	1.30966	1.12947	0.892215	0.631642	0.378813	0.138566	-0.0937671	-0.312716	-0.500181	-0.630516	-0.701628	-0.725551	-0.719863	-0.708416	-0.708581	-0.722118	-0.738479	-0.764632	-0.814266	-0.881891	-0.951753	-1.00619	-1.0347	-1.0347	
0.339168	0.380724	0.364297	0.305588	0.224774	0.138576	0.0637218	0.0149307	-0.00435549	0.0027106	0.042047	0.101239	0.176912	0.260724	0.343589	0.42486	0.509408	0.591635	0.672204	0.781345	0.9349	1.12076	1.29697	1.43249	1.51326	1.5143	1.40913	1.20211	0.932854	0.642591	0.364581	0.105181	-0.14589	-0.381287	-0.580094	-0.725245	-0.80204	-0.81093	-0.786488	-0.764588	-0.763658	-0.776333	-0.783552	-0.799721	-0.843639	-0.912359	-0.989923	-1.04971	-1.07884	-1.07884	
0.229222	0.270139	0.259125	0.207349	0.132802	0.050277	-0.0191123	-0.0582847	-0.0686593	-0.0447172	0.0160511	0.0985776	0.197049	0.305897	0.417795	0.52453	0.631893	0.73005	0.822195	0.9349	1.07977	1.24984	1.40894	1.52667	1.58506	1.56181	1.43182	1.20239	0.909901	0.592025	0.290888	0.0169697	-0.242383	-0.481553	-0.679863	-0.81898	-0.886544	-0.887601	-0.852	-0.813071	-0.796771	-0.79658	-0.792595	-0.798471	-0.832573	-0.896983	-0.970774	-1.02478	-1.05314	-1.05314	
0.136814	0.178715	0.173565	0.126045	0.0480372	-0.0409061	-0.110895	-0.149632	-0.156738	-0.120715	-0.0384695	0.0660836	0.186556	0.32919	0.483319	0.629676	0.764131	0.882487	0.997679	1.12076	1.24984	1.3839	1.50692	1.59398	1.61504	1.54882	1.38548	1.13882	0.834675	0.501876	0.183608	-0.0983781	-0.357749	-0.595801	-0.781752	-0.901675	-0.957153	-0.953525	-0.915076	-0.863972	-0.821651	-0.795905	-0.780246	-0.778655	-0.796697	-0.842629	-0.901037	-0.939295	-0.955225	-0.955225	
0.0618677	0.101829	0.106361	0.0680824	-0.0151401	-0.117775	-0.200655	-0.243507	-0.250119	-0.205681	-0.111215	0.00737971	0.151542	0.330239	0.527625	0.714158	0.8844	1.03519	1.172	1.29697	1.40894	1.50692	1.5826	1.62126	1.5953	1.48689	1.29205	1.03243	0.73	0.396978	0.0724899	-0.213805	-0.47274	-0.697959	-0.857191	-0.951592	-0.996669	-1.00196	-0.974064	-0.915989	-0.852946	-0.803347	-0.769138	-0.752321	-0.74826	-0.763208	-0.788715	-0.802316	-0.806863	-0.806863	
0.0053807	0.0426912	0.0532832	0.0233658	-0.0546681	-0.166384	-0.266922	-0.324955	-0.335657	-0.287353	-0.189106	-0.0592087	0.102493	0.306631	0.536113	0.762695	0.977135	1.16328	1.31482	1.43249	1.52667	1.59398	1.62126	1.59967	1.51855	1.37222	1.16091	0.905202	0.615408	0.297227	-0.0188269	-0.303344	-0.549328	-0.747363	-0.880512	-0.961584	-1.00981	-1.02873	-1.01413	-0.960904	-0.885339	-0.813938	-0.764615	-0.731877	-0.703258	-0.68553	-0.669118	-0.641992	-0.62231	-0.62231	
-0.0143424	0.0155113	0.0164108	-0.0128543	-0.0842816	-0.19416	-0.306766	-0.381678	-0.402377	-0.36409	-0.270674	-0.129907	0.0493188	0.264831	0.510483	0.773792	1.02716	1.2392	1.40159	1.51326	1.58506	1.61504	1.5953	1.51855	1.38459	1.21138	1.00779	0.770914	0.500998	0.212327	-0.0747262	-0.336698	-0.559213	-0.731398	-0.848588	-0.931901	-0.989965	-1.01698	-1.01175	-0.973637	-0.910163	-0.8362	-0.771286	-0.716586	-0.660543	-0.607135	-0.555326	-0.50177	-0.4646	-0.4646	
0.00150163	0.0268138	0.0167493	-0.0247138	-0.0996614	-0.203579	-0.312747	-0.393444	-0.429534	-0.413255	-0.339521	-0.196646	-0.00204418	0.218099	0.463182	0.737402	1.0062	1.23196	1.40418	1.5143	1.56181	1.54882	1.48689	1.37222	1.21138	1.03656	0.851402	0.636242	0.392925	0.147365	-0.0882275	-0.308233	-0.500405	-0.654018	-0.770354	-0.857844	-0.91689	-0.949806	-0.959049	-0.947543	-0.912755	-0.851879	-0.779345	-0.701736	-0.621933	-0.547369	-0.474264	-0.40814	-0.368599	-0.368599	
0.0508787	0.0746423	0.0557976	0.00551243	-0.0709228	-0.169539	-0.273007	-0.362248	-0.415678	-0.419147	-0.363834	-0.234492	-0.0475954	0.167748	0.401525	0.658699	0.914445	1.13847	1.30966	1.40913	1.43182	1.38548	1.29205	1.16091	1.00779	0.851402	0.691938	0.513575	0.316231	0.123364	-0.0620192	-0.2371	-0.391332	-0.525414	-0.640137	-0.731903	-0.797067	-0.834262	-0.852811	-0.868838	-0.869707	-0.838045	-0.781012	-0.702698	-0.612817	-0.523947	-0.440463	-0.370253	-0.325999	-0.325999	
0.12673	0.152286	0.138494	0.093081	0.0192138	-0.0766676	-0.185048	-0.289463	-0.362261	-0.380863	-0.335827	-0.231348	-0.0819397	0.104333	0.319805	0.553112	0.778662	0.980469	1.12947	1.20211	1.20239	1.13882	1.03243	0.905202	0.770914	0.636242	0.513575	0.396946	0.268271	0.128208	-0.0115381	-0.134608	-0.240485	-0.341765	-0.44441	-0.541577	-0.622067	-0.678334	-0.717891	-0.758577	-0.791593	-0.800988	-0.777525	-0.712772	-0.622758	-0.526976	-0.442529	-0.382888	-0.347554	-0.347554	
0.204816	0.250796	0.260913	0.225756	0.155868	0.0613206	-0.0530188	-0.168268	-0.253742	-0.291312	-0.272461	-0.20332	-0.0993048	0.0417136	0.226523	0.431219	0.619653	0.782422	0.892215	0.932854	0.909901	0.834675	0.73	0.615408	0.500998	0.392925	0.316231	0.268271	0.212388	0.139719	0.0660868	0.000442411	-0.0553845	-0.114758	-0.200169	-0.300232	-0.394575	-0.480542	-0.561784	-0.641871	-0.71043	-0.758069	-0.764397	-0.713409	-0.631332	-0.544188	-0.474273	-0.437259	-0.420404	-0.420404	
0.255759	0.329975	0.37532	0.369456	0.315648	0.228227	0.113036	-0.00737121	-0.0974126	-0.15804	-0.186736	-0.166573	-0.100833	-0.000206501	0.137968	0.296283	0.442677	0.561016	0.631642	0.642591	0.592025	0.501876	0.396978	0.297227	0.212327	0.147365	0.123364	0.128208	0.139719	0.154843	0.160923	0.151031	0.14072	0.120722	0.0588699	-0.0355121	-0.145227	-0.267485	-0.390719	-0.509029	-0.616695	-0.699784	-0.734808	-0.711779	-0.650051	-0.577154	-0.527656	-0.51178	-0.506851	-0.506851	
0.283035	0.382531	0.46319	0.499915	0.482408	0.416179	0.304215	0.172581	0.0621746	-0.0279304	-0.101185	-0.133095	-0.10829	-0.0478524	0.0363192	0.141256	0.24878	0.335895	0.378813	0.364581	0.290888	0.183608	0.0724899	-0.0188269	-0.0747262	-0.0882275	-0.0620192	-0.0115381	0.0660868	0.160923	0.238525	0.291122	0.335546	0.355776	0.316191	0.219923	0.0859293	-0.0700363	-0.228497	-0.375711	-0.50357	-0.605694	-0.671783	-0.69395	-0.674971	-0.632502	-0.596204	-0.583899	-0.587138	-0.587138	
0.304418	0.42946	0.538437	0.612534	0.638517	0.600549	0.49665	0.353174	0.207013	0.0769225	-0.0314336	-0.10533	-0.129874	-0.120523	-0.0867423	-0.0289811	0.0493667	0.117024	0.138566	0.105181	0.0169697	-0.0983781	-0.213805	-0.303344	-0.336698	-0.308233	-0.2371	-0.134608	0.000442411	0.151031	0.291122	0.410595	0.510063	0.566578	0.546394	0.444331	0.286689	0.105746	-0.0828738	-0.256361	-0.394662	-0.500248	-0.578654	-0.636504	-0.669174	-0.671423	-0.661308	-0.661097	-0.670942	-0.670942	
0.321433	0.472783	0.611591	0.711204	0.76131	0.745589	0.657724	0.515528	0.342497	0.170426	0.0264883	-0.0820229	-0.154403	-0.190646	-0.197413	-0.180081	-0.133893	-0.0941401	-0.0937671	-0.14589	-0.242383	-0.357749	-0.47274	-0.549328	-0.559213	-0.500405	-0.391332	-0.240485	-0.0553845	0.14072	0.335546	0.510063	0.642278	0.713835	0.707196	0.617175	0.461013	0.265001	0.0505978	-0.14042	-0.281558	-0.385586	-0.470982	-0.557417	-0.636432	-0.683555	-0.708305	-0.729989	-0.746821	-0.746821	
0.358114	0.518293	0.674742	0.789765	0.848001	0.844813	0.775843	0.641326	0.452235	0.247854	0.0730941	-0.0675526	-0.17532	-0.239334	-0.270652	-0.285985	-0.285381	-0.286268	-0.312716	-0.381287	-0.481553	-0.595801	-0.697959	-0.747363	-0.731398	-0.654018	-0.525414	-0.341765	-0.114758	0.120722	0.355776	0.566578	0.713835	0.789551	0.796488	0.731766	0.599308	0.408343	0.192041	0.00253146	-0.143084	-0.255967	-0.359673	-0.480856	-0.603119	-0.690123	-0.737763	-0.767257	-0.788853	-0.788853	
0.419834	0.566952	0.717429	0.841671	0.906416	0.904962	0.843613	0.713251	0.513873	0.293128	0.0982092	-0.0638297	-0.191373	-0.271066	-0.314689	-0.35406	-0.395329	-0.44145	-0.500181	-0.580094	-0.679863	-0.781752	-0.857191	-0.880512	-0.848588	-0.770354	-0.640137	-0.44441	-0.200169	0.0588699	0.316191	0.546394	0.707196	0.796488	0.832772	0.80629	0.704436	0.536677	0.351388	0.181104	0.0211179	-0.117244	-0.252873	-0.408148	-0.553725	-0.670815	-0.747727	-0.787031	-0.812134	-0.812134	
0.47654	0.610129	0.736992	0.849111	0.914473	0.911466	0.843856	0.709897	0.515035	0.301459	0.102223	-0.0655492	-0.196292	-0.279221	-0.335557	-0.389669	-0.457114	-0.541554	-0.630516	-0.725245	-0.81898	-0.901675	-0.951592	-0.961584	-0.931901	-0.857844	-0.731903	-0.541577	-0.300232	-0.0355121	0.219923	0.444331	0.617175	0.731766	0.80629	0.824428	0.767754	0.657099	0.521157	0.369664	0.206788	0.043332	-0.131839	-0.31197	-0.473398	-0.622051	-0.737528	-0.802794	-0.838992	-0.838992	
0.526002	0.642322	0.739196	0.820161	0.867318	0.860738	0.788243	0.650976	0.47129	0.28175	0.0975132	-0.0669187	-0.189395	-0.272454	-0.344598	-0.412623	-0.495827	-0.596657	-0.701628	-0.80204	-0.886544	-0.957153	-0.996669	-1.00981	-0.989965	-0.91689	-0.797067	-0.622067	-0.394575	-0.145227	0.0859293	0.286689	0.461013	0.599308	0.704436	0.767754	0.778913	0.748712	0.674641	0.558242	0.408303	0.222237	0.0200024	-0.175123	-0.369881	-0.556872	-0.708402	-0.808042	-0.853533	-0.853533	
0.56989	0.661062	0.731417	0.778674	0.790498	0.765961	0.694966	0.570498	0.410775	0.245389	0.0827723	-0.0670682	-0.179537	-0.269332	-0.356281	-0.442651	-0.532166	-0.628685	-0.725551	-0.81093	-0.887601	-0.953525	-1.00196	-1.02873	-1.01698	-0.949806	-0.834262	-0.678334	-0.480542	-0.267485	-0.0700363	0.105746	0.265001	0.408343	0.536677	0.657099	0.748712	0.79262	0.790257	0.72817	0.596362	0.400637	0.180165	-0.0330087	-0.252264	-0.465913	-0.648387	-0.774663	-0.823022	-0.823022	
0.589825	0.656567	0.697204	0.713671	0.701232	0.651602	0.575607	0.47343	0.348255	0.205691	0.0609887	-0.0669976	-0.172411	-0.26907	-0.366895	-0.462574	-0.554923	-0.641257	-0.719863	-0.786488	-0.852	-0.915076	-0.974064	-1.01413	-1.01175	-0.959049	-0.852811	-0.717891	-0.561784	-0.390719	-0.228497	-0.0828738	0.0505978	0.192041	0.351388	0.521157	0.674641	0.790257	0.856414	0.837552	0.726007	0.544614	0.322666	0.0959214	-0.128718	-0.346937	-0.538385	-0.670731	-0.723242	-0.723242	
0.560815	0.610813	0.631736	0.628116	0.605617	0.549611	0.470194	0.384686	0.292089	0.171638	0.0423528	-0.0707971	-0.172169	-0.272586	-0.367804	-0.457646	-0.553225	-0.636348	-0.708416	-0.764588	-0.813071	-0.863972	-0.915989	-0.960904	-0.973637	-0.947543	-0.868838	-0.758577	-0.641871	-0.509029	-0.375711	-0.256361	-0.14042	0.00253146	0.181104	0.369664	0.558242	0.72817	0.837552	0.857053	0.781222	0.631054	0.437674	0.221887	0.00334171	-0.200018	-0.374913	-0.494377	-0.544015	-0.544015	
0.461324	0.503461	0.525497	0.5228	0.502679	0.467321	0.405233	0.336513	0.257648	0.153247	0.0361469	-0.0653363	-0.162087	-0.26217	-0.346288	-0.432727	-0.532406	-0.629428	-0.708581	-0.763658	-0.796771	-0.821651	-0.852946	-0.885339	-0.910163	-0.912755	-0.869707	-0.791593	-0.71043	-0.616695	-0.50357	-0.394662	-0.281558	-0.143084	0.0211179	0.206788	0.408303	0.596362	0.726007	0.781222	0.760408	0.665259	0.516204	0.338799	0.157798	-0.0128674	-0.159096	-0.258768	-0.306804	-0.306804	
0.308435	0.33782	0.363475	0.384661	0.396696	0.396153	0.368798	0.322592	0.256591	0.164533	0.0594964	-0.0318031	-0.124136	-0.222108	-0.310449	-0.409564	-0.521325	-0.635845	-0.722118	-0.776333	-0.79658	-0.795905	-0.803347	-0.813938	-0.8362	-0.851879	-0.838045	-0.800988	-0.758069	-0.699784	-0.605694	-0.500248	-0.385586	-0.255967	-0.117244	0.043332	0.222237	0.400637	0.544614	0.631054	0.665259	0.642508	0.56282	0.452433	0.332032	0.208197	0.101557	0.0212982	-0.0335355	-0.0335355	
0.130733	0.150879	0.181302	0.223392	0.271496	0.312945	0.333058	0.316865	0.275492	0.207882	0.126444	0.0359191	-0.0622703	-0.168921	-0.283706	-0.408599	-0.537777	-0.654237	-0.738479	-0.783552	-0.792595	-0.780246	-0.769138	-0.764615	-0.771286	-0.779345	-0.781012	-0.777525	-0.764397	-0.734808	-0.671783	-0.578654	-0.470982	-0.359673	-0.252873	-0.131839	0.0200024	0.180165	0.322666	0.437674	0.516204	0.56282	0.579643	0.556726	0.505306	0.444768	0.385298	0.327495	0.280955	0.280955	
-0.0520157	-0.0310638	0.00766512	0.0577093	0.123721	0.203521	0.276325	0.31204	0.313685	0.291885	0.239632	0.14235	0.0188993	-0.116532	-0.273031	-0.432939	-0.575962	-0.688834	-0.764632	-0.799721	-0.798471	-0.778655	-0.752321	-0.731877	-0.716586	-0.701736	-0.702698	-0.712772	-0.713409	-0.711779	-0.69395	-0.636504	-0.557417	-0.480856	-0.408148	-0.31197	-0.175123	-0.0330087	0.0959214	0.221887	0.338799	0.452433	0.556726	0.623905	0.66084	0.681744	0.676662	0.65033	0.628193	0.628193	
-0.21463	-0.202408	-0.161519	-0.098425	-0.0132892	0.0937631	0.21422	0.317792	0.380762	0.411292	0.380895	0.273003	0.112357	-0.0663616	-0.269912	-0.46806	-0.625122	-0.741884	-0.814266	-0.843639	-0.832573	-0.796697	-0.74826	-0.703258	-0.660543	-0.621933	-0.612817	-0.622758	-0.631332	-0.650051	-0.674971	-0.669174	-0.636432	-0.603119	-0.553725	-0.473398	-0.369881	-0.252264	-0.128718	0.00334171	0.157798	0.332032	0.505306	0.66084	0.790094	0.891724	0.95694	0.981218	0.985054	0.985054	
-0.36358	-0.364039	-0.324871	-0.248313	-0.137428	0.00562321	0.173585	0.33511	0.456871	0.529507	0.520088	0.405285	0.217609	-0.00454664	-0.248918	-0.4816	-0.665128	-0.796722	-0.881891	-0.912359	-0.896983	-0.842629	-0.763208	-0.68553	-0.607135	-0.547369	-0.523947	-0.526976	-0.544188	-0.577154	-0.632502	-0.671423	-0.683555	-0.690123	-0.670815	-0.622051	-0.556872	-0.465913	-0.346937	-0.200018	-0.0128674	0.208197	0.444768	0.681744	0.891724	1.0649	1.20407	1.29252	1.32817	1.32817	
-0.500753	-0.51157	-0.47157	-0.378818	-0.238412	-0.0544964	0.152165	0.356782	0.522638	0.620515	0.627038	0.518202	0.322865	0.06714	-0.210651	-0.472689	-0.6919	-0.848191	-0.951753	-0.989923	-0.970774	-0.901037	-0.788715	-0.669118	-0.555326	-0.474264	-0.440463	-0.442529	-0.474273	-0.527656	-0.596204	-0.661308	-0.708305	-0.737763	-0.747727	-0.737528	-0.708402	-0.648387	-0.538385	-0.374913	-0.159096	0.101557	0.385298	0.676662	0.95694	1.20407	1.40736	1.55431	1.63088	1.63088	
-0.59459	-0.617147	-0.575543	-0.46468	-0.297155	-0.088937	0.139378	0.370801	0.564586	0.674305	0.683999	0.590577	0.39613	0.120057	-0.181825	-0.466706	-0.712974	-0.894514	-1.00619	-1.04971	-1.02478	-0.939295	-0.802316	-0.641992	-0.50177	-0.40814	-0.370253	-0.382888	-0.437259	-0.51178	-0.583899	-0.661097	-0.729989	-0.767257	-0.787031	-0.802794	-0.808042	-0.774663	-0.670731	-0.494377	-0.258768	0.0212982	0.327495	0.65033	0.981218	1.29252	1.55431	1.75269	1.86679	1.86679	
-0.637151	-0.663322	-0.621871	-0.508775	-0.329173	-0.108481	0.133819	0.372071	0.57631	0.693181	0.703578	0.623123	0.42911	0.144761	-0.167066	-0.465298	-0.723415	-0.921331	-1.0347	-1.07884	-1.05314	-0.955225	-0.806863	-0.62231	-0.4646	-0.368599	-0.325999	-0.347554	-0.420404	-0.506851	-0.587138	-0.670942	-0.746821	-0.788853	-0.812134	-0.838992	-0.853533	-0.823022	-0.723242	-0.544015	-0.306804	-0.0335355	0.280955	0.628193	0.985054	1.32817	1.63088	1.86679	2.00035	2.00035	
-0.637151	-0.663322	-0.621871	-0.508775	-0.329173	-0.108481	0.133819	0.372071	0.57631	0.693181	0.703578	0.623123	0.42911	0.144761	-0.167066	-0.465298	-0.723415	-0.921331	-1.0347	-1.07884	-1.05314	-0.955225	-0.806863	-0.62231	-0.4646	-0.368599	-0.325999	-0.347554	-0.420404	-0.506851	-0.587138	-0.670942	-0.746821	-0.788853	-0.812134	-0.838992	-0.853533	-0.823022	-0.723242	-0.544015	-0.306804	-0.0335355	0.280955	0.628193	0.985054	1.32817	1.63088	1.86679	2.00035	2.00035	
