-0.221552	-0.221552	-0.198358	-0.182349	-0.189094	-0.214529	-0.224834	-0.215561	-0.192301	-0.172767	-0.164235	-0.168462	-0.192239	-0.214968	-0.217221	-0.173954	-0.0919577	0.0206473	0.151144	0.273595	0.357758	0.392741	0.392518	0.366258	0.290112	0.150267	-0.0384559	-0.242769	-0.41923	-0.533003	-0.547123	-0.45593	-0.279447	-0.0583129	0.159193	0.333766	0.466253	0.549872	0.597064	0.612228	0.60921	0.581687	0.527623	0.481278	0.480382	0.516026	0.592298	0.685025	0.759934	0.795916	
-0.221552	-0.221552	-0.198358	-0.182349	-0.189094	-0.214529	-0.224834	-0.215561	-0.192301	-0.172767	-0.164235	-0.168462	-0.192239	-0.214968	-0.217221	-0.173954	-0.0919577	0.0206473	0.151144	0.273595	0.357758	0.392741	0.392518	0.366258	0.290112	0.150267	-0.0384559	-0.242769	-0.41923	-0.533003	-0.547123	-0.45593	-0.279447	-0.0583129	0.159193	0.333766	0.466253	0.549872	0.597064	0.612228	0.60921	0.581687	0.527623	0.481278	0.480382	0.516026	0.592298	0.685025	0.759934	0.795916	
-0.198358	-0.198358	-0.17657	-0.162801	-0.1714	-0.198964	-0.212209	-0.206147	-0.187402	-0.170718	-0.1663	-0.172421	-0.198194	-0.221558	-0.223317	-0.17998	-0.0960865	0.0182002	0.150701	0.27583	0.362978	0.401872	0.405872	0.381791	0.308756	0.170917	-0.0164986	-0.219982	-0.398035	-0.513975	-0.532229	-0.445827	-0.275207	-0.0579875	0.156204	0.330704	0.464534	0.552192	0.602973	0.624416	0.625656	0.601155	0.549609	0.502437	0.494896	0.522021	0.586961	0.665307	0.728716	0.756278	
-0.182349	-0.182349	-0.162801	-0.150342	-0.160633	-0.187881	-0.202622	-0.199393	-0.182752	-0.170547	-0.166959	-0.176907	-0.202512	-0.226386	-0.228102	-0.183507	-0.0993539	0.016895	0.150932	0.277187	0.368083	0.411615	0.419508	0.399651	0.328556	0.194659	0.0106942	-0.191123	-0.367551	-0.484149	-0.504664	-0.423202	-0.257267	-0.0468386	0.164026	0.337362	0.472119	0.562592	0.620575	0.646511	0.652984	0.631779	0.578936	0.525719	0.50724	0.517285	0.560165	0.617973	0.659115	0.668375	
-0.189094	-0.189094	-0.1714	-0.160633	-0.170102	-0.195041	-0.208955	-0.204612	-0.190055	-0.176004	-0.17395	-0.181496	-0.205753	-0.227166	-0.225676	-0.181434	-0.0958575	0.0193604	0.15093	0.275056	0.364084	0.408278	0.418535	0.397459	0.329919	0.199863	0.0218573	-0.172338	-0.34396	-0.455075	-0.473905	-0.39255	-0.230041	-0.0212511	0.187276	0.362437	0.498345	0.5929	0.650571	0.679686	0.683561	0.656576	0.598153	0.534039	0.493545	0.480215	0.496012	0.521376	0.537651	0.528473	
-0.214529	-0.214529	-0.198964	-0.187881	-0.195041	-0.214049	-0.223214	-0.216471	-0.198065	-0.183539	-0.176461	-0.183357	-0.202579	-0.220805	-0.217225	-0.171899	-0.0883593	0.0246258	0.151704	0.269185	0.354648	0.397141	0.404939	0.382784	0.312683	0.186429	0.0141806	-0.172924	-0.335283	-0.437823	-0.448994	-0.36295	-0.19652	0.013473	0.225343	0.404938	0.544804	0.641266	0.702014	0.727224	0.723462	0.684367	0.60826	0.520789	0.452326	0.406962	0.387495	0.383737	0.3711	0.340112	
-0.224834	-0.224834	-0.212209	-0.202622	-0.208955	-0.223214	-0.231015	-0.222006	-0.205628	-0.189015	-0.182536	-0.186978	-0.203117	-0.218012	-0.210369	-0.165879	-0.0827336	0.0270938	0.148057	0.259173	0.338588	0.378206	0.384722	0.357062	0.287181	0.162602	-0.002833	-0.180657	-0.334698	-0.426485	-0.430184	-0.338021	-0.167064	0.0478719	0.265946	0.455593	0.602126	0.705857	0.765323	0.786788	0.769176	0.708815	0.609018	0.492477	0.384244	0.300717	0.244111	0.203317	0.166558	0.121463	
-0.215561	-0.215561	-0.206147	-0.199393	-0.204612	-0.216471	-0.222006	-0.215264	-0.200077	-0.187087	-0.181053	-0.187637	-0.202131	-0.215225	-0.206357	-0.162745	-0.0822621	0.0241385	0.140002	0.244415	0.320208	0.359397	0.365047	0.33675	0.265079	0.146074	-0.0121376	-0.180082	-0.323225	-0.404954	-0.399875	-0.30148	-0.126827	0.0923871	0.316018	0.513284	0.667363	0.773978	0.832727	0.845786	0.810434	0.724825	0.596189	0.445052	0.298145	0.175921	0.0812015	0.0112033	-0.0502783	-0.108949	
-0.192301	-0.192301	-0.187402	-0.182752	-0.190055	-0.198065	-0.205628	-0.200077	-0.190561	-0.181049	-0.178606	-0.188126	-0.201928	-0.214399	-0.203923	-0.162812	-0.0853857	0.0169351	0.126897	0.225715	0.297868	0.338369	0.346594	0.318595	0.251597	0.139866	-0.00443183	-0.157339	-0.286409	-0.352724	-0.337589	-0.233242	-0.0547348	0.163444	0.386927	0.585912	0.73578	0.837083	0.883442	0.87904	0.818932	0.705092	0.547456	0.367257	0.186526	0.0339034	-0.0884681	-0.182437	-0.257417	-0.321802	
-0.172767	-0.172767	-0.170718	-0.170547	-0.176004	-0.183539	-0.189015	-0.187087	-0.181049	-0.175583	-0.176658	-0.188153	-0.20179	-0.21237	-0.200594	-0.162032	-0.088601	0.00882006	0.112501	0.205219	0.274214	0.316426	0.328634	0.304851	0.243889	0.146943	0.0207845	-0.110193	-0.21738	-0.265337	-0.236201	-0.124346	0.0521908	0.265495	0.479569	0.665803	0.801204	0.880949	0.899796	0.866035	0.772616	0.624525	0.442661	0.242518	0.0442354	-0.121832	-0.254974	-0.356664	-0.43857	-0.503074	
-0.164235	-0.164235	-0.1663	-0.166959	-0.17395	-0.176461	-0.182536	-0.181053	-0.178606	-0.176658	-0.179417	-0.193333	-0.20487	-0.213068	-0.199214	-0.162738	-0.0932847	-0.000877296	0.0980694	0.186147	0.253536	0.30072	0.318845	0.302356	0.25167	0.170045	0.0669327	-0.0396086	-0.123963	-0.149706	-0.106934	0.00958354	0.183516	0.382149	0.575595	0.738154	0.840764	0.884378	0.865047	0.792673	0.662438	0.487148	0.286512	0.0776063	-0.124371	-0.288637	-0.418417	-0.512813	-0.584176	-0.636904	
-0.168462	-0.168462	-0.172421	-0.176907	-0.181496	-0.183357	-0.186978	-0.187637	-0.188126	-0.188153	-0.193333	-0.206297	-0.214834	-0.217285	-0.198534	-0.161313	-0.0940917	-0.00362225	0.0917166	0.177898	0.24538	0.297219	0.323724	0.315406	0.275902	0.213166	0.133504	0.0527717	-0.00729225	-0.0161481	0.0353547	0.149274	0.306588	0.480323	0.642328	0.7675	0.832924	0.836007	0.774595	0.665486	0.504827	0.304967	0.0978895	-0.106274	-0.298117	-0.45017	-0.564481	-0.645061	-0.702695	-0.736122	
-0.192239	-0.192239	-0.198194	-0.202512	-0.205753	-0.202579	-0.203117	-0.202131	-0.201928	-0.20179	-0.20487	-0.214834	-0.217026	-0.21122	-0.185734	-0.146682	-0.0799608	0.00775666	0.102922	0.188418	0.258086	0.317654	0.35237	0.354496	0.325923	0.278786	0.219954	0.159863	0.116346	0.118471	0.169962	0.271645	0.405434	0.544203	0.6642	0.746534	0.768353	0.729852	0.634367	0.499997	0.322419	0.119606	-0.0809977	-0.271613	-0.447245	-0.582981	-0.683039	-0.744862	-0.780333	-0.787604	
-0.214968	-0.214968	-0.221558	-0.226386	-0.227166	-0.220805	-0.218012	-0.215225	-0.214399	-0.21237	-0.213068	-0.217285	-0.21122	-0.193909	-0.159499	-0.11487	-0.048781	0.0394054	0.13307	0.219018	0.289446	0.352667	0.393771	0.402237	0.381976	0.348163	0.306657	0.264186	0.233461	0.238799	0.281815	0.360979	0.45952	0.553931	0.627027	0.664465	0.648691	0.580456	0.463761	0.317844	0.139656	-0.057084	-0.241082	-0.408267	-0.559155	-0.675534	-0.755059	-0.799227	-0.81458	-0.795911	
-0.217221	-0.217221	-0.223317	-0.228102	-0.225676	-0.217225	-0.210369	-0.206357	-0.203923	-0.200594	-0.199214	-0.198534	-0.185734	-0.159499	-0.118304	-0.0731669	-0.00956909	0.0728328	0.164542	0.247857	0.318714	0.384642	0.430657	0.445762	0.432189	0.408393	0.380082	0.347962	0.323498	0.323475	0.350782	0.401991	0.461494	0.511128	0.539318	0.535306	0.490534	0.401712	0.276655	0.133876	-0.0319494	-0.209137	-0.367585	-0.506731	-0.630192	-0.721932	-0.779062	-0.797622	-0.786337	-0.739072	
-0.173954	-0.173954	-0.17998	-0.183507	-0.181434	-0.171899	-0.165879	-0.162745	-0.162812	-0.162032	-0.162738	-0.161313	-0.146682	-0.11487	-0.0731669	-0.0293979	0.0250976	0.100374	0.1852	0.265536	0.334115	0.40097	0.450595	0.471321	0.46516	0.451429	0.434379	0.41357	0.390438	0.382823	0.38935	0.406794	0.425038	0.43003	0.414652	0.380466	0.316174	0.221475	0.10234	-0.0279695	-0.175527	-0.328468	-0.460322	-0.568145	-0.655925	-0.716205	-0.740981	-0.732193	-0.693488	-0.622085	
-0.0919577	-0.0919577	-0.0960865	-0.0993539	-0.0958575	-0.0883593	-0.0827336	-0.0822621	-0.0853857	-0.088601	-0.0932847	-0.0940917	-0.0799608	-0.048781	-0.00956909	0.0250976	0.0674254	0.128341	0.204762	0.278092	0.345676	0.411919	0.466617	0.495152	0.498229	0.494896	0.490065	0.474348	0.453025	0.431174	0.414486	0.399361	0.378545	0.344041	0.29852	0.239471	0.168311	0.0769011	-0.0306336	-0.143928	-0.266571	-0.392945	-0.493219	-0.562666	-0.610199	-0.632237	-0.623358	-0.58414	-0.523146	-0.436191	
0.0206473	0.0206473	0.0182002	0.016895	0.0193604	0.0246258	0.0270938	0.0241385	0.0169351	0.00882006	-0.000877296	-0.00362225	0.00775666	0.0394054	0.0728328	0.100374	0.128341	0.177366	0.244039	0.314265	0.380466	0.448073	0.507532	0.542937	0.554891	0.560152	0.56023	0.549755	0.521149	0.485372	0.445733	0.400164	0.348411	0.287943	0.21833	0.151498	0.0804136	-0.00140237	-0.0912777	-0.184073	-0.283251	-0.37771	-0.441975	-0.470678	-0.472163	-0.453752	-0.410945	-0.352451	-0.278086	-0.186718	
0.151144	0.151144	0.150701	0.150932	0.15093	0.151704	0.148057	0.140002	0.126897	0.112501	0.0980694	0.0917166	0.102922	0.13307	0.164542	0.1852	0.204762	0.244039	0.308123	0.378003	0.449556	0.520123	0.585081	0.626934	0.644653	0.651742	0.652637	0.634567	0.596467	0.541407	0.478567	0.40999	0.337464	0.260665	0.186712	0.120338	0.0599717	-0.00305079	-0.0721359	-0.143413	-0.214369	-0.276176	-0.304997	-0.290201	-0.249009	-0.193933	-0.129157	-0.0594156	0.0139428	0.0939298	
0.273595	0.273595	0.27583	0.277187	0.275056	0.269185	0.259173	0.244415	0.225715	0.205219	0.186147	0.177898	0.188418	0.219018	0.247857	0.265536	0.278092	0.314265	0.378003	0.455437	0.536464	0.614847	0.688437	0.736189	0.758294	0.764147	0.755158	0.725494	0.668494	0.591973	0.509399	0.423287	0.340874	0.263972	0.193824	0.140193	0.0968068	0.0544767	0.0106443	-0.0344223	-0.0748436	-0.101114	-0.0923179	-0.0426574	0.0287207	0.102714	0.174395	0.235728	0.296362	0.361447	
0.357758	0.357758	0.362978	0.368083	0.364084	0.354648	0.338588	0.320208	0.297868	0.274214	0.253536	0.24538	0.258086	0.289446	0.318714	0.334115	0.345676	0.380466	0.449556	0.536464	0.629586	0.717109	0.796182	0.847288	0.869946	0.868908	0.848784	0.804274	0.731478	0.641249	0.545949	0.454151	0.371139	0.299	0.238107	0.19822	0.170888	0.153658	0.137984	0.123912	0.115565	0.123045	0.158593	0.229113	0.312129	0.390643	0.450864	0.492212	0.529553	0.564962	
0.392741	0.392741	0.401872	0.411615	0.408278	0.397141	0.378206	0.359397	0.338369	0.316426	0.30072	0.297219	0.317654	0.352667	0.384642	0.40097	0.411919	0.448073	0.520123	0.614847	0.717109	0.808799	0.888802	0.937416	0.955662	0.945712	0.912571	0.854535	0.772333	0.675644	0.580545	0.494061	0.42178	0.36212	0.31566	0.289108	0.27653	0.278922	0.28764	0.297969	0.316273	0.348093	0.400879	0.480356	0.561954	0.629958	0.669126	0.681943	0.686475	0.690184	
0.392518	0.392518	0.405872	0.419508	0.418535	0.404939	0.384722	0.365047	0.346594	0.328634	0.318845	0.323724	0.35237	0.393771	0.430657	0.450595	0.466617	0.507532	0.585081	0.688437	0.796182	0.888802	0.961342	0.99843	1.0041	0.97946	0.93006	0.862428	0.776144	0.685761	0.602662	0.533347	0.478612	0.436946	0.403821	0.389966	0.389755	0.408438	0.43598	0.464853	0.495031	0.532064	0.584734	0.653898	0.721419	0.777872	0.799245	0.786214	0.762117	0.732666	
0.366258	0.366258	0.381791	0.399651	0.397459	0.382784	0.357062	0.33675	0.318595	0.304851	0.302356	0.315406	0.354496	0.402237	0.445762	0.471321	0.495152	0.542937	0.626934	0.736189	0.847288	0.937416	0.99843	1.02134	1.01289	0.973461	0.912783	0.836358	0.750914	0.669438	0.598991	0.546803	0.510656	0.484932	0.469162	0.471136	0.483194	0.516333	0.55446	0.585678	0.608517	0.633486	0.66727	0.717289	0.767387	0.809707	0.81293	0.779901	0.732518	0.679038	
0.290112	0.290112	0.308756	0.328556	0.329919	0.312683	0.287181	0.265079	0.251597	0.243889	0.25167	0.275902	0.325923	0.381976	0.432189	0.46516	0.498229	0.554891	0.644653	0.758294	0.869946	0.955662	1.0041	1.01289	0.990638	0.942746	0.873616	0.794563	0.713181	0.639796	0.582105	0.542779	0.518792	0.506172	0.503222	0.514773	0.537373	0.574387	0.612899	0.63613	0.641595	0.64015	0.650145	0.672989	0.698074	0.722089	0.710069	0.661851	0.598835	0.538227	
0.150267	0.150267	0.170917	0.194659	0.199863	0.186429	0.162602	0.146074	0.139866	0.146943	0.170045	0.213166	0.278786	0.348163	0.408393	0.451429	0.494896	0.560152	0.651742	0.764147	0.868908	0.945712	0.97946	0.973461	0.942746	0.890274	0.821711	0.744731	0.668077	0.60353	0.553164	0.521613	0.506458	0.501394	0.506719	0.524848	0.545764	0.575536	0.599673	0.601781	0.579453	0.54997	0.535049	0.533247	0.538833	0.546094	0.521268	0.4602	0.391849	0.329626	
-0.0384559	-0.0384559	-0.0164986	0.0106942	0.0218573	0.0141806	-0.002833	-0.0121376	-0.00443183	0.0207845	0.0669327	0.133504	0.219954	0.306657	0.380082	0.434379	0.490065	0.56023	0.652637	0.755158	0.848784	0.912571	0.93006	0.912783	0.873616	0.821711	0.755432	0.679312	0.60641	0.544926	0.500374	0.477065	0.47103	0.476744	0.490116	0.506873	0.517686	0.523346	0.5179	0.489424	0.435044	0.378126	0.34108	0.320737	0.310113	0.306856	0.2773	0.220848	0.15467	0.0995593	
-0.242769	-0.242769	-0.219982	-0.191123	-0.172338	-0.172924	-0.180657	-0.180082	-0.157339	-0.110193	-0.0396086	0.0527717	0.159863	0.264186	0.347962	0.41357	0.474348	0.549755	0.634567	0.725494	0.804274	0.854535	0.862428	0.836358	0.794563	0.744731	0.679312	0.60184	0.5262	0.463634	0.424782	0.410267	0.419144	0.437222	0.458191	0.469985	0.463071	0.437698	0.398715	0.33503	0.251194	0.163631	0.104145	0.0648716	0.0447934	0.0379617	0.0232788	-0.0189356	-0.0712231	-0.117365	
-0.41923	-0.41923	-0.398035	-0.367551	-0.34396	-0.335283	-0.334698	-0.323225	-0.286409	-0.21738	-0.123963	-0.00729225	0.116346	0.233461	0.323498	0.390438	0.453025	0.521149	0.596467	0.668494	0.731478	0.772333	0.776144	0.750914	0.713181	0.668077	0.60641	0.5262	0.44555	0.382652	0.348855	0.347853	0.371715	0.404285	0.428781	0.433901	0.407352	0.352739	0.280397	0.189166	0.0741707	-0.0388494	-0.121586	-0.176322	-0.202014	-0.201628	-0.200781	-0.221794	-0.257955	-0.299223	
-0.533003	-0.533003	-0.513975	-0.484149	-0.455075	-0.437823	-0.426485	-0.404954	-0.352724	-0.265337	-0.149706	-0.0161481	0.118471	0.238799	0.323475	0.382823	0.431174	0.485372	0.541407	0.591973	0.641249	0.675644	0.685761	0.669438	0.639796	0.60353	0.544926	0.463634	0.382652	0.322666	0.30305	0.320252	0.363657	0.408462	0.435268	0.430549	0.385854	0.306034	0.208994	0.0916924	-0.0434329	-0.177225	-0.278476	-0.338704	-0.360792	-0.354224	-0.336203	-0.341158	-0.372283	-0.411781	
-0.547123	-0.547123	-0.532229	-0.504664	-0.473905	-0.448994	-0.430184	-0.399875	-0.337589	-0.236201	-0.106934	0.0353547	0.169962	0.281815	0.350782	0.38935	0.414486	0.445733	0.478567	0.509399	0.545949	0.580545	0.602662	0.598991	0.582105	0.553164	0.500374	0.424782	0.348855	0.30305	0.303623	0.344049	0.407995	0.466098	0.495092	0.485928	0.429671	0.333033	0.21416	0.0772592	-0.0757907	-0.223432	-0.330034	-0.386421	-0.400411	-0.382659	-0.355204	-0.357058	-0.385147	-0.427962	
-0.45593	-0.45593	-0.445827	-0.423202	-0.39255	-0.36295	-0.338021	-0.30148	-0.233242	-0.124346	0.00958354	0.149274	0.271645	0.360979	0.401991	0.406794	0.399361	0.400164	0.40999	0.423287	0.454151	0.494061	0.533347	0.546803	0.542779	0.521613	0.477065	0.410267	0.347853	0.320252	0.344049	0.409893	0.494591	0.569331	0.607731	0.602996	0.544213	0.439302	0.304506	0.151579	-0.0121763	-0.160887	-0.266476	-0.312283	-0.315481	-0.292261	-0.263891	-0.26171	-0.2892	-0.336467	
-0.279447	-0.279447	-0.275207	-0.257267	-0.230041	-0.19652	-0.167064	-0.126827	-0.0547348	0.0521908	0.183516	0.306588	0.405434	0.45952	0.461494	0.425038	0.378545	0.348411	0.337464	0.340874	0.371139	0.42178	0.478612	0.510656	0.518792	0.506458	0.47103	0.419144	0.371715	0.363657	0.407995	0.494591	0.600941	0.695766	0.751244	0.760885	0.707993	0.601789	0.459373	0.298416	0.135946	-0.00495438	-0.102394	-0.138967	-0.140399	-0.11626	-0.0890131	-0.0835256	-0.106282	-0.149854	
-0.0583129	-0.0583129	-0.0579875	-0.0468386	-0.0212511	0.013473	0.0478719	0.0923871	0.163444	0.265495	0.382149	0.480323	0.544203	0.553931	0.511128	0.43003	0.344041	0.287943	0.260665	0.263972	0.299	0.36212	0.436946	0.484932	0.506172	0.501394	0.476744	0.437222	0.404285	0.408462	0.466098	0.569331	0.695766	0.812746	0.892931	0.919202	0.87854	0.779576	0.639471	0.482862	0.33337	0.203146	0.115332	0.0798616	0.0778507	0.101629	0.129857	0.139413	0.126202	0.0838347	
0.159193	0.159193	0.156204	0.164026	0.187276	0.225343	0.265946	0.316018	0.386927	0.479569	0.575595	0.642328	0.6642	0.627027	0.539318	0.414652	0.29852	0.21833	0.186712	0.193824	0.238107	0.31566	0.403821	0.469162	0.503222	0.506719	0.490116	0.458191	0.428781	0.435268	0.495092	0.607731	0.751244	0.892931	0.995661	1.04382	1.01875	0.93357	0.806918	0.665593	0.527906	0.412272	0.329783	0.29314	0.28961	0.31767	0.345961	0.364207	0.361136	0.328284	
0.333766	0.333766	0.330704	0.337362	0.362437	0.404938	0.455593	0.513284	0.585912	0.665803	0.738154	0.7675	0.746534	0.664465	0.535306	0.380466	0.239471	0.151498	0.120338	0.140193	0.19822	0.289108	0.389966	0.471136	0.514773	0.524848	0.506873	0.469985	0.433901	0.430549	0.485928	0.602996	0.760885	0.919202	1.04382	1.10821	1.1013	1.03738	0.933319	0.806721	0.684806	0.573667	0.494483	0.457008	0.457252	0.489539	0.526976	0.555181	0.565216	0.547258	
0.466253	0.466253	0.464534	0.472119	0.498345	0.544804	0.602126	0.667363	0.73578	0.801204	0.840764	0.832924	0.768353	0.648691	0.490534	0.316174	0.168311	0.0804136	0.0599717	0.0968068	0.170888	0.27653	0.389755	0.483194	0.537373	0.545764	0.517686	0.463071	0.407352	0.385854	0.429671	0.544213	0.707993	0.87854	1.01875	1.1013	1.11768	1.07669	0.991037	0.877334	0.755099	0.643527	0.570537	0.535123	0.542022	0.586291	0.635384	0.67716	0.710044	0.713055	
0.549872	0.549872	0.552192	0.562592	0.5929	0.641266	0.705857	0.773978	0.837083	0.880949	0.884378	0.836007	0.729852	0.580456	0.401712	0.221475	0.0769011	-0.00140237	-0.00305079	0.0544767	0.153658	0.278922	0.408438	0.516333	0.574387	0.575536	0.523346	0.437698	0.352739	0.306034	0.333033	0.439302	0.601789	0.779576	0.93357	1.03738	1.07669	1.0544	0.981163	0.866567	0.735897	0.620292	0.546636	0.514057	0.53097	0.58565	0.653522	0.72054	0.775359	0.799376	
0.597064	0.597064	0.602973	0.620575	0.650571	0.702014	0.765323	0.832727	0.883442	0.899796	0.865047	0.774595	0.634367	0.463761	0.276655	0.10234	-0.0306336	-0.0912777	-0.0721359	0.0106443	0.137984	0.28764	0.43598	0.55446	0.612899	0.599673	0.5179	0.398715	0.280397	0.208994	0.21416	0.304506	0.459373	0.639471	0.806918	0.933319	0.991037	0.981163	0.907626	0.785728	0.641454	0.51499	0.435321	0.40329	0.42118	0.486116	0.576571	0.664775	0.741655	0.790156	
0.612228	0.612228	0.624416	0.646511	0.679686	0.727224	0.786788	0.845786	0.87904	0.866035	0.792673	0.665486	0.499997	0.317844	0.133876	-0.0279695	-0.143928	-0.184073	-0.143413	-0.0344223	0.123912	0.297969	0.464853	0.585678	0.63613	0.601781	0.489424	0.33503	0.189166	0.0916924	0.0772592	0.151579	0.298416	0.482862	0.665593	0.806721	0.877334	0.866567	0.785728	0.653294	0.494078	0.351354	0.260421	0.222849	0.24195	0.315029	0.419355	0.521469	0.61163	0.68034	
0.60921	0.60921	0.625656	0.652984	0.683561	0.723462	0.769176	0.810434	0.818932	0.772616	0.662438	0.504827	0.322419	0.139656	-0.0319494	-0.175527	-0.266571	-0.283251	-0.214369	-0.0748436	0.115565	0.316273	0.495031	0.608517	0.641595	0.579453	0.435044	0.251194	0.0741707	-0.0434329	-0.0757907	-0.0121763	0.135946	0.33337	0.527906	0.684806	0.755099	0.735897	0.641454	0.494078	0.313849	0.15365	0.0447706	0.00324134	0.0192114	0.0901921	0.192852	0.295364	0.393054	0.486884	
0.581687	0.581687	0.601155	0.631779	0.656576	0.684367	0.708815	0.724825	0.705092	0.624525	0.487148	0.304967	0.119606	-0.057084	-0.209137	-0.328468	-0.392945	-0.37771	-0.276176	-0.101114	0.123045	0.348093	0.532064	0.633486	0.64015	0.54997	0.378126	0.163631	-0.0388494	-0.177225	-0.223432	-0.160887	-0.00495438	0.203146	0.412272	0.573667	0.643527	0.620292	0.51499	0.351354	0.15365	-0.0346913	-0.16888	-0.22344	-0.222059	-0.164891	-0.0733662	0.0277418	0.132207	0.242784	
0.527623	0.527623	0.549609	0.578936	0.598153	0.60826	0.609018	0.596189	0.547456	0.442661	0.286512	0.0978895	-0.0809977	-0.241082	-0.367585	-0.460322	-0.493219	-0.441975	-0.304997	-0.0923179	0.158593	0.400879	0.584734	0.66727	0.650145	0.535049	0.34108	0.104145	-0.121586	-0.278476	-0.330034	-0.266476	-0.102394	0.115332	0.329783	0.494483	0.570537	0.546636	0.435321	0.260421	0.0447706	-0.16888	-0.324918	-0.403897	-0.429599	-0.399225	-0.330212	-0.238935	-0.130036	-0.00951178	
0.481278	0.481278	0.502437	0.525719	0.534039	0.520789	0.492477	0.445052	0.367257	0.242518	0.0776063	-0.106274	-0.271613	-0.408267	-0.506731	-0.568145	-0.562666	-0.470678	-0.290201	-0.0426574	0.229113	0.480356	0.653898	0.717289	0.672989	0.533247	0.320737	0.0648716	-0.176322	-0.338704	-0.386421	-0.312283	-0.138967	0.0798616	0.29314	0.457008	0.535123	0.514057	0.40329	0.222849	0.00324134	-0.22344	-0.403897	-0.518782	-0.578324	-0.580696	-0.536977	-0.454295	-0.349904	-0.237637	
0.480382	0.480382	0.494896	0.50724	0.493545	0.452326	0.384244	0.298145	0.186526	0.0442354	-0.124371	-0.298117	-0.447245	-0.559155	-0.630192	-0.655925	-0.610199	-0.472163	-0.249009	0.0287207	0.312129	0.561954	0.721419	0.767387	0.698074	0.538833	0.310113	0.0447934	-0.202014	-0.360792	-0.400411	-0.315481	-0.140399	0.0778507	0.28961	0.457252	0.542022	0.53097	0.42118	0.24195	0.0192114	-0.222059	-0.429599	-0.578324	-0.664823	-0.6892	-0.662301	-0.599548	-0.516845	-0.424936	
0.516026	0.516026	0.522021	0.517285	0.480215	0.406962	0.300717	0.175921	0.0339034	-0.121832	-0.288637	-0.45017	-0.582981	-0.675534	-0.721932	-0.716205	-0.632237	-0.453752	-0.193933	0.102714	0.390643	0.629958	0.777872	0.809707	0.722089	0.546094	0.306856	0.0379617	-0.201628	-0.354224	-0.382659	-0.292261	-0.11626	0.101629	0.31767	0.489539	0.586291	0.58565	0.486116	0.315029	0.0901921	-0.164891	-0.399225	-0.580696	-0.6892	-0.727841	-0.721092	-0.680042	-0.61897	-0.544076	
0.592298	0.592298	0.586961	0.560165	0.496012	0.387495	0.244111	0.0812015	-0.0884681	-0.254974	-0.418417	-0.564481	-0.683039	-0.755059	-0.779062	-0.740981	-0.623358	-0.410945	-0.129157	0.174395	0.450864	0.669126	0.799245	0.81293	0.710069	0.521268	0.2773	0.0232788	-0.200781	-0.336203	-0.355204	-0.263891	-0.0890131	0.129857	0.345961	0.526976	0.635384	0.653522	0.576571	0.419355	0.192852	-0.0733662	-0.330212	-0.536977	-0.662301	-0.721092	-0.734508	-0.715239	-0.671843	-0.6081	
0.685025	0.685025	0.665307	0.617973	0.521376	0.383737	0.203317	0.0112033	-0.182437	-0.356664	-0.512813	-0.645061	-0.744862	-0.799227	-0.797622	-0.732193	-0.58414	-0.352451	-0.0594156	0.235728	0.492212	0.681943	0.786214	0.779901	0.661851	0.4602	0.220848	-0.0189356	-0.221794	-0.341158	-0.357058	-0.26171	-0.0835256	0.139413	0.364207	0.555181	0.67716	0.72054	0.664775	0.521469	0.295364	0.0277418	-0.238935	-0.454295	-0.599548	-0.680042	-0.715239	-0.71595	-0.689568	-0.635343	
0.759934	0.759934	0.728716	0.659115	0.537651	0.3711	0.166558	-0.0502783	-0.257417	-0.43857	-0.584176	-0.702695	-0.780333	-0.81458	-0.786337	-0.693488	-0.523146	-0.278086	0.0139428	0.296362	0.529553	0.686475	0.762117	0.732518	0.598835	0.391849	0.15467	-0.0712231	-0.257955	-0.372283	-0.385147	-0.2892	-0.106282	0.126202	0.361136	0.565216	0.710044	0.775359	0.741655	0.61163	0.393054	0.132207	-0.130036	-0.349904	-0.516845	-0.61897	-0.671843	-0.689568	-0.6814	-0.633902	
0.795916	0.795916	0.756278	0.668375	0.528473	0.340112	0.121463	-0.108949	-0.321802	-0.503074	-0.636904	-0.736122	-0.787604	-0.795911	-0.739072	-0.622085	-0.436191	-0.186718	0.0939298	0.361447	0.564962	0.690184	0.732666	0.679038	0.538227	0.329626	0.0995593	-0.117365	-0.299223	-0.411781	-0.427962	-0.336467	-0.149854	0.0838347	0.328284	0.547258	0.713055	0.799376	0.790156	0.68034	0.486884	0.242784	-0.00951178	-0.237637	-0.424936	-0.544076	-0.6081	-0.635343	-0.633902	-0.593756	
