1.40537	1.40537	1.30226	1.12066	0.893799	0.664992	0.482463	0.349523	0.256966	0.19768	0.158796	0.132908	0.124736	0.112507	0.103705	0.113118	0.14339	0.18816	0.244246	0.307401	0.392319	0.454358	0.475582	0.447795	0.358504	0.193635	-0.013879	-0.239634	-0.445425	-0.584236	-0.607397	-0.509561	-0.326964	-0.105369	0.105386	0.265093	0.352508	0.36768	0.33667	0.26959	0.209276	0.177746	0.177227	0.197305	0.244404	0.31647	0.404007	0.510933	0.629636	0.737068	
1.40537	1.40537	1.30226	1.12066	0.893799	0.664992	0.482463	0.349523	0.256966	0.19768	0.158796	0.132908	0.124736	0.112507	0.103705	0.113118	0.14339	0.18816	0.244246	0.307401	0.392319	0.454358	0.475582	0.447795	0.358504	0.193635	-0.013879	-0.239634	-0.445425	-0.584236	-0.607397	-0.509561	-0.326964	-0.105369	0.105386	0.265093	0.352508	0.36768	0.33667	0.26959	0.209276	0.177746	0.177227	0.197305	0.244404	0.31647	0.404007	0.510933	0.629636	0.737068	
1.30226	1.30226	1.20063	1.02365	0.814763	0.61319	0.440937	0.312451	0.232055	0.191104	0.165076	0.14721	0.137307	0.132696	0.139363	0.157123	0.180683	0.2245	0.283077	0.352118	0.431546	0.490184	0.502329	0.467656	0.363621	0.188979	-0.0228231	-0.250751	-0.466077	-0.610466	-0.633721	-0.538125	-0.348063	-0.119917	0.0912782	0.262447	0.364775	0.39667	0.373737	0.310118	0.24424	0.207752	0.197869	0.211566	0.257482	0.318764	0.398644	0.495834	0.606087	0.711133	
1.12066	1.12066	1.02365	0.862388	0.682796	0.515179	0.371413	0.264622	0.200805	0.178588	0.17587	0.175356	0.17213	0.179874	0.199257	0.22989	0.263086	0.308749	0.360818	0.43181	0.50799	0.563487	0.568371	0.514467	0.385911	0.195628	-0.0304731	-0.272951	-0.500719	-0.652796	-0.679115	-0.585933	-0.392858	-0.153183	0.0658852	0.251169	0.378251	0.438425	0.431383	0.37233	0.295051	0.248399	0.231756	0.236506	0.263987	0.307469	0.376664	0.467992	0.564813	0.652444	
0.893799	0.893799	0.814763	0.682796	0.533768	0.395029	0.290304	0.222556	0.185273	0.176303	0.191056	0.209078	0.225901	0.25074	0.285069	0.325728	0.372079	0.422976	0.479445	0.550694	0.624888	0.671291	0.669686	0.594309	0.438771	0.222734	-0.026952	-0.293354	-0.535865	-0.697188	-0.732811	-0.647578	-0.458734	-0.213419	0.0247466	0.231646	0.388432	0.472324	0.480868	0.427079	0.346504	0.283887	0.249668	0.237824	0.245449	0.273991	0.330065	0.409555	0.491533	0.558538	
0.664992	0.664992	0.61319	0.515179	0.395029	0.289032	0.221459	0.19139	0.184303	0.194256	0.214604	0.245246	0.28364	0.328795	0.380417	0.434892	0.48979	0.553691	0.626597	0.699736	0.774321	0.815857	0.8041	0.710302	0.529117	0.277338	-0.00220636	-0.29559	-0.558664	-0.730637	-0.781062	-0.710903	-0.533936	-0.287916	-0.0308456	0.205014	0.387815	0.4906	0.513702	0.465909	0.387279	0.304488	0.240222	0.2003	0.190896	0.209513	0.249291	0.307806	0.373917	0.427904	
0.482463	0.482463	0.440937	0.371413	0.290304	0.221459	0.187074	0.182066	0.192466	0.213742	0.241708	0.278965	0.334644	0.393228	0.458535	0.527454	0.600826	0.683243	0.773518	0.855037	0.939914	0.990031	0.965642	0.852467	0.647836	0.367563	0.0543309	-0.266438	-0.551188	-0.741425	-0.809359	-0.756932	-0.589802	-0.345988	-0.0736844	0.181948	0.379899	0.499531	0.539882	0.494979	0.408313	0.306813	0.211721	0.137142	0.102484	0.0994765	0.127922	0.169625	0.219665	0.267869	
0.349523	0.349523	0.312451	0.264622	0.222556	0.19139	0.182066	0.186768	0.201735	0.229143	0.26097	0.29663	0.354327	0.421876	0.498077	0.590271	0.687727	0.788986	0.895649	1.00324	1.10516	1.16699	1.14192	1.01819	0.794536	0.488535	0.14153	-0.201359	-0.500704	-0.714578	-0.803399	-0.76263	-0.609132	-0.36716	-0.086198	0.183341	0.394841	0.527411	0.572924	0.5306	0.427904	0.303082	0.17496	0.0660886	-0.00143986	-0.0279619	-0.0212405	0.00868951	0.0451733	0.083968	
0.256966	0.256966	0.232055	0.200805	0.185273	0.184303	0.192466	0.201735	0.217166	0.236674	0.260304	0.288079	0.334149	0.401089	0.494505	0.607234	0.724492	0.849347	0.982678	1.12056	1.2434	1.31557	1.29971	1.18008	0.945315	0.617517	0.246968	-0.112566	-0.423534	-0.656432	-0.761553	-0.728694	-0.579253	-0.340555	-0.0525545	0.226467	0.449413	0.586867	0.626231	0.577514	0.460286	0.312302	0.148434	0.000935983	-0.102307	-0.160871	-0.184384	-0.173984	-0.146861	-0.112172	
0.19768	0.19768	0.191104	0.178588	0.176303	0.194256	0.213742	0.229143	0.236674	0.239609	0.238746	0.253505	0.284105	0.348574	0.445585	0.569516	0.706463	0.860795	1.02004	1.18655	1.33938	1.43052	1.4278	1.31216	1.07286	0.734135	0.355826	-0.0133216	-0.335156	-0.571347	-0.682522	-0.652683	-0.501619	-0.260392	0.0239113	0.305842	0.535011	0.678188	0.715058	0.651316	0.514041	0.339305	0.146051	-0.04206	-0.189286	-0.281907	-0.333007	-0.345706	-0.330414	-0.297303	
0.158796	0.158796	0.165076	0.17587	0.191056	0.214604	0.241708	0.26097	0.260304	0.238746	0.212201	0.203442	0.223553	0.278081	0.368467	0.490409	0.645585	0.82212	1.0103	1.20862	1.39139	1.50148	1.50762	1.39491	1.16019	0.829136	0.456692	0.0857232	-0.245919	-0.484735	-0.589805	-0.553239	-0.386633	-0.139285	0.138405	0.414463	0.643666	0.785003	0.820344	0.74172	0.583334	0.379918	0.160611	-0.0549426	-0.238415	-0.371057	-0.447042	-0.483911	-0.481354	-0.440645	
0.132908	0.132908	0.14721	0.175356	0.209078	0.245246	0.278965	0.29663	0.288079	0.253505	0.203442	0.165402	0.16259	0.198789	0.277433	0.404337	0.573026	0.76203	0.969467	1.19078	1.39191	1.51989	1.54312	1.43947	1.21149	0.891351	0.527934	0.158549	-0.174374	-0.406896	-0.49944	-0.448352	-0.269434	-0.0132329	0.262114	0.533631	0.761454	0.896511	0.921337	0.833094	0.657551	0.434594	0.200594	-0.0263299	-0.233741	-0.401973	-0.511071	-0.564307	-0.564469	-0.518043	
0.124736	0.124736	0.137307	0.17213	0.225901	0.28364	0.334644	0.354327	0.334149	0.284105	0.223553	0.16259	0.130258	0.142032	0.207586	0.326132	0.495022	0.698919	0.923917	1.15118	1.35574	1.49729	1.53266	1.43926	1.22008	0.909722	0.550993	0.183427	-0.136068	-0.347637	-0.423412	-0.362743	-0.178446	0.0858324	0.374351	0.645448	0.865703	0.994226	1.00968	0.917688	0.739086	0.515838	0.278852	0.0435253	-0.178375	-0.369062	-0.502377	-0.565347	-0.562979	-0.512881	
0.112507	0.112507	0.132696	0.179874	0.25074	0.328795	0.393228	0.421876	0.401089	0.348574	0.278081	0.198789	0.142032	0.136029	0.183439	0.285433	0.443	0.651796	0.892346	1.12504	1.32385	1.46239	1.49746	1.40641	1.19539	0.89151	0.532871	0.171806	-0.130178	-0.322223	-0.386886	-0.314396	-0.122481	0.151888	0.458581	0.736034	0.946836	1.07021	1.08918	1.00854	0.847245	0.633876	0.400012	0.166382	-0.0514089	-0.240187	-0.384538	-0.460641	-0.468674	-0.430948	
0.103705	0.103705	0.139363	0.199257	0.285069	0.380417	0.458535	0.498077	0.494505	0.445585	0.368467	0.277433	0.207586	0.183439	0.21609	0.30333	0.447759	0.649572	0.889368	1.11965	1.30651	1.43141	1.45264	1.35157	1.14003	0.838663	0.482553	0.130045	-0.16549	-0.3596	-0.414313	-0.31801	-0.100628	0.190697	0.509539	0.79106	1.00169	1.13134	1.16559	1.10744	0.976327	0.787341	0.569563	0.355655	0.154457	-0.0227611	-0.167807	-0.255454	-0.282479	-0.271105	
0.113118	0.113118	0.157123	0.22989	0.325728	0.434892	0.527454	0.590271	0.607234	0.569516	0.490409	0.404337	0.326132	0.285433	0.30333	0.386073	0.524537	0.711612	0.925223	1.13598	1.30762	1.41236	1.4122	1.28519	1.05293	0.74539	0.389229	0.0389373	-0.25292	-0.445513	-0.490382	-0.373951	-0.133646	0.179733	0.513286	0.808529	1.03909	1.19408	1.25298	1.21859	1.11765	0.969351	0.789684	0.602169	0.41898	0.251435	0.113625	0.0232047	-0.0238116	-0.0543109	
0.14339	0.14339	0.180683	0.263086	0.372079	0.48979	0.600826	0.687727	0.724492	0.706463	0.645585	0.573026	0.495022	0.443	0.447759	0.524537	0.658147	0.829467	1.01274	1.19646	1.34058	1.40405	1.36324	1.20885	0.955347	0.629603	0.261392	-0.0945164	-0.384929	-0.564335	-0.595203	-0.467598	-0.213734	0.123908	0.482011	0.808061	1.07016	1.25004	1.33756	1.3394	1.27518	1.16934	1.03302	0.876189	0.71166	0.555764	0.428387	0.335837	0.261484	0.182464	
0.18816	0.18816	0.2245	0.308749	0.422976	0.553691	0.683243	0.788986	0.849347	0.860795	0.82212	0.76203	0.698919	0.651796	0.649572	0.711612	0.829467	0.973478	1.13267	1.28714	1.38951	1.39834	1.31289	1.12975	0.850487	0.500509	0.120581	-0.240094	-0.532919	-0.702288	-0.718805	-0.577128	-0.302028	0.0515945	0.432591	0.791781	1.08835	1.29209	1.4085	1.44928	1.42724	1.35403	1.25353	1.13132	0.996076	0.864705	0.754329	0.653212	0.543044	0.413823	
0.244246	0.244246	0.283077	0.360818	0.479445	0.626597	0.773518	0.895649	0.982678	1.02004	1.0103	0.969467	0.923917	0.892346	0.889368	0.925223	1.01274	1.13267	1.26381	1.37457	1.42349	1.38689	1.26077	1.04082	0.732066	0.36298	-0.0211146	-0.382015	-0.679361	-0.845108	-0.848934	-0.691335	-0.395598	-0.0245933	0.36994	0.750809	1.07798	1.31453	1.45857	1.52802	1.53663	1.49688	1.42885	1.33794	1.23512	1.14025	1.04451	0.933583	0.792992	0.625445	
0.307401	0.307401	0.352118	0.43181	0.550694	0.699736	0.855037	1.00324	1.12056	1.18655	1.20862	1.19078	1.15118	1.12504	1.11965	1.13598	1.19646	1.28714	1.37457	1.42875	1.42488	1.35171	1.19091	0.937232	0.610105	0.232917	-0.159864	-0.520378	-0.804676	-0.958224	-0.955145	-0.796075	-0.499849	-0.119965	0.293712	0.693394	1.03562	1.29646	1.46743	1.556	1.5847	1.5756	1.54377	1.48646	1.41716	1.34999	1.26644	1.15161	0.99815	0.813716	
0.392319	0.392319	0.431546	0.50799	0.624888	0.774321	0.939914	1.10516	1.2434	1.33938	1.39139	1.39191	1.35574	1.32385	1.30651	1.30762	1.34058	1.38951	1.42349	1.42488	1.37978	1.27275	1.08488	0.817637	0.488573	0.106937	-0.290627	-0.638504	-0.897076	-1.03218	-1.02867	-0.87761	-0.598525	-0.226822	0.196541	0.61057	0.957515	1.22082	1.40577	1.51331	1.56001	1.57187	1.5713	1.5567	1.52498	1.48451	1.41768	1.31022	1.15945	0.975055	
0.454358	0.454358	0.490184	0.563487	0.671291	0.815857	0.990031	1.16699	1.31557	1.43052	1.50148	1.51989	1.49729	1.46239	1.43141	1.41236	1.40405	1.39834	1.38689	1.35171	1.27275	1.14128	0.94394	0.673144	0.343767	-0.0271216	-0.405219	-0.732611	-0.96831	-1.09691	-1.09615	-0.95285	-0.6866	-0.335965	0.0738519	0.478555	0.825342	1.08846	1.27009	1.38911	1.46212	1.49262	1.51338	1.5372	1.54978	1.53929	1.49218	1.39892	1.26074	1.08702	
0.475582	0.475582	0.502329	0.568371	0.669686	0.8041	0.965642	1.14192	1.29971	1.4278	1.50762	1.54312	1.53266	1.49746	1.45264	1.4122	1.36324	1.31289	1.26077	1.19091	1.08488	0.94394	0.748274	0.481256	0.167518	-0.169176	-0.512052	-0.817379	-1.04217	-1.16216	-1.16206	-1.02993	-0.780663	-0.44693	-0.0698711	0.304548	0.639202	0.901459	1.08024	1.20338	1.29579	1.35228	1.39188	1.43834	1.48449	1.50227	1.47743	1.41216	1.298	1.14096	
0.447795	0.447795	0.467656	0.514467	0.594309	0.710302	0.852467	1.01819	1.18008	1.31216	1.39491	1.43947	1.43926	1.40641	1.35157	1.28519	1.20885	1.12975	1.04082	0.937232	0.817637	0.673144	0.481256	0.233783	-0.0394876	-0.330747	-0.63676	-0.913759	-1.11625	-1.21892	-1.21508	-1.09874	-0.8745	-0.567146	-0.2193	0.125323	0.43325	0.682634	0.863617	0.986518	1.08242	1.15561	1.21625	1.27565	1.33359	1.37485	1.38345	1.35117	1.26979	1.14021	
0.358504	0.358504	0.363621	0.385911	0.438771	0.529117	0.647836	0.794536	0.945315	1.07286	1.16019	1.21149	1.22008	1.19539	1.14003	1.05293	0.955347	0.850487	0.732066	0.610105	0.488573	0.343767	0.167518	-0.0394876	-0.267348	-0.521405	-0.790467	-1.02553	-1.19526	-1.2794	-1.2672	-1.15706	-0.955501	-0.686157	-0.371256	-0.0520758	0.228993	0.454031	0.632744	0.761241	0.855019	0.930195	1.00698	1.07704	1.13973	1.1971	1.23214	1.22454	1.17374	1.07647	
0.193635	0.193635	0.188979	0.195628	0.222734	0.277338	0.367563	0.488535	0.617517	0.734135	0.829136	0.891351	0.909722	0.89151	0.838663	0.74539	0.629603	0.500509	0.36298	0.232917	0.106937	-0.0271216	-0.169176	-0.330747	-0.521405	-0.74248	-0.967309	-1.15838	-1.29857	-1.3647	-1.33754	-1.22445	-1.03597	-0.796176	-0.520763	-0.230754	0.0281606	0.236287	0.40731	0.540864	0.634331	0.704884	0.780168	0.851181	0.914998	0.97821	1.02871	1.04862	1.02494	0.958507	
-0.013879	-0.013879	-0.0228231	-0.0304731	-0.026952	-0.00220636	0.0543309	0.14153	0.246968	0.355826	0.456692	0.527934	0.550993	0.532871	0.482553	0.389229	0.261392	0.120581	-0.0211146	-0.159864	-0.290627	-0.405219	-0.512052	-0.63676	-0.790467	-0.967309	-1.14319	-1.29583	-1.41248	-1.45667	-1.41835	-1.30681	-1.12719	-0.902587	-0.654359	-0.393838	-0.156156	0.0436213	0.209357	0.333085	0.422999	0.488736	0.547244	0.604129	0.666041	0.734023	0.796351	0.840787	0.844919	0.806409	
-0.239634	-0.239634	-0.250751	-0.272951	-0.293354	-0.29559	-0.266438	-0.201359	-0.112566	-0.0133216	0.0857232	0.158549	0.183427	0.171806	0.130045	0.0389373	-0.0945164	-0.240094	-0.382015	-0.520378	-0.638504	-0.732611	-0.817379	-0.913759	-1.02553	-1.15838	-1.29583	-1.42066	-1.51287	-1.53796	-1.48982	-1.37894	-1.20646	-0.996056	-0.763979	-0.528604	-0.313436	-0.122448	0.0404538	0.157596	0.239614	0.29545	0.3346	0.372081	0.427866	0.49343	0.551076	0.601247	0.632111	0.626797	
-0.445425	-0.445425	-0.466077	-0.500719	-0.535865	-0.558664	-0.551188	-0.500704	-0.423534	-0.335156	-0.245919	-0.174374	-0.136068	-0.130178	-0.16549	-0.25292	-0.384929	-0.532919	-0.679361	-0.804676	-0.897076	-0.96831	-1.04217	-1.11625	-1.19526	-1.29857	-1.41248	-1.51287	-1.58113	-1.59283	-1.53463	-1.41978	-1.25591	-1.06144	-0.846812	-0.626148	-0.424185	-0.246435	-0.0911573	0.024193	0.0965489	0.135969	0.162725	0.187144	0.227448	0.276661	0.318856	0.363216	0.404447	0.42976	
-0.584236	-0.584236	-0.610466	-0.652796	-0.697188	-0.730637	-0.741425	-0.714578	-0.656432	-0.571347	-0.484735	-0.406896	-0.347637	-0.322223	-0.3596	-0.445513	-0.564335	-0.702288	-0.845108	-0.958224	-1.03218	-1.09691	-1.16216	-1.21892	-1.2794	-1.3647	-1.45667	-1.53796	-1.59283	-1.59432	-1.53483	-1.41975	-1.26094	-1.07828	-0.878726	-0.661319	-0.461384	-0.297494	-0.157767	-0.0506832	0.0135937	0.0429453	0.0590678	0.0715652	0.0872307	0.111489	0.141983	0.174236	0.21014	0.250536	
-0.607397	-0.607397	-0.633721	-0.679115	-0.732811	-0.781062	-0.809359	-0.803399	-0.761553	-0.682522	-0.589805	-0.49944	-0.423412	-0.386886	-0.414313	-0.490382	-0.595203	-0.718805	-0.848934	-0.955145	-1.02867	-1.09615	-1.16206	-1.21508	-1.2672	-1.33754	-1.41835	-1.48982	-1.53463	-1.53483	-1.47645	-1.36212	-1.20891	-1.03481	-0.840914	-0.63169	-0.436178	-0.279667	-0.151509	-0.0505723	0.0144516	0.0406555	0.047731	0.0432285	0.0307625	0.0266024	0.0348008	0.0486257	0.0757287	0.112584	
-0.509561	-0.509561	-0.538125	-0.585933	-0.647578	-0.710903	-0.756932	-0.76263	-0.728694	-0.652683	-0.553239	-0.448352	-0.362743	-0.314396	-0.31801	-0.373951	-0.467598	-0.577128	-0.691335	-0.796075	-0.87761	-0.95285	-1.02993	-1.09874	-1.15706	-1.22445	-1.30681	-1.37894	-1.41978	-1.41975	-1.36212	-1.25268	-1.10801	-0.94	-0.749131	-0.548721	-0.363609	-0.206733	-0.0745995	0.025333	0.0918656	0.124729	0.124653	0.097368	0.0614086	0.0241035	-0.0019517	-0.0117708	-0.00386741	0.0148843	
-0.326964	-0.326964	-0.348063	-0.392858	-0.458734	-0.533936	-0.589802	-0.609132	-0.579253	-0.501619	-0.386633	-0.269434	-0.178446	-0.122481	-0.100628	-0.133646	-0.213734	-0.302028	-0.395598	-0.499849	-0.598525	-0.6866	-0.780663	-0.8745	-0.955501	-1.03597	-1.12719	-1.20646	-1.25591	-1.26094	-1.20891	-1.10801	-0.974512	-0.807698	-0.619038	-0.422388	-0.240158	-0.0772163	0.0565722	0.151245	0.219675	0.262021	0.255699	0.211506	0.151093	0.0871194	0.0291965	-0.00563065	-0.0265482	-0.0393825	
-0.105369	-0.105369	-0.119917	-0.153183	-0.213419	-0.287916	-0.345988	-0.36716	-0.340555	-0.260392	-0.139285	-0.0132329	0.0858324	0.151888	0.190697	0.179733	0.123908	0.0515945	-0.0245933	-0.119965	-0.226822	-0.335965	-0.44693	-0.567146	-0.686157	-0.796176	-0.902587	-0.996056	-1.06144	-1.07828	-1.03481	-0.94	-0.807698	-0.647786	-0.461104	-0.260945	-0.0676385	0.101887	0.232353	0.321088	0.385696	0.420134	0.4051	0.347115	0.264236	0.172914	0.0944812	0.0332773	-0.0192435	-0.0659196	
0.105386	0.105386	0.0912782	0.0658852	0.0247466	-0.0308456	-0.0736844	-0.086198	-0.0525545	0.0239113	0.138405	0.262114	0.374351	0.458581	0.509539	0.513286	0.482011	0.432591	0.36994	0.293712	0.196541	0.0738519	-0.0698711	-0.2193	-0.371256	-0.520763	-0.654359	-0.763979	-0.846812	-0.878726	-0.840914	-0.749131	-0.619038	-0.461104	-0.275219	-0.0619988	0.145484	0.316457	0.443902	0.530719	0.573933	0.582668	0.55594	0.484786	0.380203	0.270971	0.171573	0.0818297	-0.00628945	-0.0752705	
0.265093	0.265093	0.262447	0.251169	0.231646	0.205014	0.181948	0.183341	0.226467	0.305842	0.414463	0.533631	0.645448	0.736034	0.79106	0.808529	0.808061	0.791781	0.750809	0.693394	0.61057	0.478555	0.304548	0.125323	-0.0520758	-0.230754	-0.393838	-0.528604	-0.626148	-0.661319	-0.63169	-0.548721	-0.422388	-0.260945	-0.0619988	0.165904	0.376347	0.542885	0.664444	0.733639	0.751282	0.739011	0.69752	0.612876	0.496944	0.37884	0.261173	0.144391	0.0346972	-0.0468991	
0.352508	0.352508	0.364775	0.378251	0.388432	0.387815	0.379899	0.394841	0.449413	0.535011	0.643666	0.761454	0.865703	0.946836	1.00169	1.03909	1.07016	1.08835	1.07798	1.03562	0.957515	0.825342	0.639202	0.43325	0.228993	0.0281606	-0.156156	-0.313436	-0.424185	-0.461384	-0.436178	-0.363609	-0.240158	-0.0676385	0.145484	0.376347	0.58939	0.753812	0.85709	0.901689	0.903913	0.881596	0.824539	0.726536	0.607764	0.483206	0.349536	0.217372	0.0977395	4.99667e-05	
0.36768	0.36768	0.39667	0.438425	0.472324	0.4906	0.499531	0.527411	0.586867	0.678188	0.785003	0.896511	0.994226	1.07021	1.13134	1.19408	1.25004	1.29209	1.31453	1.29646	1.22082	1.08846	0.901459	0.682634	0.454031	0.236287	0.0436213	-0.122448	-0.246435	-0.297494	-0.279667	-0.206733	-0.0772163	0.101887	0.316457	0.542885	0.753812	0.909261	0.993661	1.02595	1.02767	0.997556	0.926475	0.822939	0.706218	0.572728	0.424431	0.281456	0.150287	0.0409215	
0.33667	0.33667	0.373737	0.431383	0.480868	0.513702	0.539882	0.572924	0.626231	0.715058	0.820344	0.921337	1.00968	1.08918	1.16559	1.25298	1.33756	1.4085	1.45857	1.46743	1.40577	1.27009	1.08024	0.863617	0.632744	0.40731	0.209357	0.0404538	-0.0911573	-0.157767	-0.151509	-0.0745995	0.0565722	0.232353	0.443902	0.664444	0.85709	0.993661	1.07257	1.10906	1.11112	1.07167	0.992267	0.890536	0.770634	0.63237	0.479888	0.327156	0.183438	0.0643603	
0.26959	0.26959	0.310118	0.37233	0.427079	0.465909	0.494979	0.5306	0.577514	0.651316	0.74172	0.833094	0.917688	1.00854	1.10744	1.21859	1.3394	1.44928	1.52802	1.556	1.51331	1.38911	1.20338	0.986518	0.761241	0.540864	0.333085	0.157596	0.024193	-0.0506832	-0.0505723	0.025333	0.151245	0.321088	0.530719	0.733639	0.901689	1.02595	1.10906	1.14972	1.14676	1.10468	1.02782	0.918862	0.784478	0.640289	0.488252	0.326814	0.174678	0.0448382	
0.209276	0.209276	0.24424	0.295051	0.346504	0.387279	0.408313	0.427904	0.460286	0.514041	0.583334	0.657551	0.739086	0.847245	0.976327	1.11765	1.27518	1.42724	1.53663	1.5847	1.56001	1.46212	1.29579	1.08242	0.855019	0.634331	0.422999	0.239614	0.0965489	0.0135937	0.0144516	0.0918656	0.219675	0.385696	0.573933	0.751282	0.903913	1.02767	1.11112	1.14676	1.14335	1.10467	1.02726	0.904582	0.754195	0.599977	0.439793	0.273659	0.117751	-0.00711014	
0.177746	0.177746	0.207752	0.248399	0.283887	0.304488	0.306813	0.303082	0.312302	0.339305	0.379918	0.434594	0.515838	0.633876	0.787341	0.969351	1.16934	1.35403	1.49688	1.5756	1.57187	1.49262	1.35228	1.15561	0.930195	0.704884	0.488736	0.29545	0.135969	0.0429453	0.0406555	0.124729	0.262021	0.420134	0.582668	0.739011	0.881596	0.997556	1.07167	1.10468	1.10467	1.06017	0.965905	0.831844	0.668952	0.500354	0.335508	0.176895	0.0324876	-0.0763575	
0.177227	0.177227	0.197869	0.231756	0.249668	0.240222	0.211721	0.17496	0.148434	0.146051	0.160611	0.200594	0.278852	0.400012	0.569563	0.789684	1.03302	1.25353	1.42885	1.54377	1.5713	1.51338	1.39188	1.21625	1.00698	0.780168	0.547244	0.3346	0.162725	0.0590678	0.047731	0.124653	0.255699	0.4051	0.55594	0.69752	0.824539	0.926475	0.992267	1.02782	1.02726	0.965905	0.856238	0.709836	0.532747	0.353824	0.190806	0.0463423	-0.0772483	-0.163697	
0.197305	0.197305	0.211566	0.236506	0.237824	0.2003	0.137142	0.0660886	0.000935983	-0.04206	-0.0549426	-0.0263299	0.0435253	0.166382	0.355655	0.602169	0.876189	1.13132	1.33794	1.48646	1.5567	1.5372	1.43834	1.27565	1.07704	0.851181	0.604129	0.372081	0.187144	0.0715652	0.0432285	0.097368	0.211506	0.347115	0.484786	0.612876	0.726536	0.822939	0.890536	0.918862	0.904582	0.831844	0.709836	0.545839	0.357502	0.168273	0.00467763	-0.124237	-0.220756	-0.275158	
0.244404	0.244404	0.257482	0.263987	0.245449	0.190896	0.102484	-0.00143986	-0.102307	-0.189286	-0.238415	-0.233741	-0.178375	-0.0514089	0.154457	0.41898	0.71166	0.996076	1.23512	1.41716	1.52498	1.54978	1.48449	1.33359	1.13973	0.914998	0.666041	0.427866	0.227448	0.0872307	0.0307625	0.0614086	0.151093	0.264236	0.380203	0.496944	0.607764	0.706218	0.770634	0.784478	0.754195	0.668952	0.532747	0.357502	0.16085	-0.0305606	-0.198302	-0.316549	-0.382724	-0.402081	
0.31647	0.31647	0.318764	0.307469	0.273991	0.209513	0.0994765	-0.0279619	-0.160871	-0.281907	-0.371057	-0.401973	-0.369062	-0.240187	-0.0227611	0.251435	0.555764	0.864705	1.14025	1.34999	1.48451	1.53929	1.50227	1.37485	1.1971	0.97821	0.734023	0.49343	0.276661	0.111489	0.0266024	0.0241035	0.0871194	0.172914	0.270971	0.37884	0.483206	0.572728	0.63237	0.640289	0.599977	0.500354	0.353824	0.168273	-0.0305606	-0.225394	-0.391813	-0.500645	-0.537392	-0.517238	
0.404007	0.404007	0.398644	0.376664	0.330065	0.249291	0.127922	-0.0212405	-0.184384	-0.333007	-0.447042	-0.511071	-0.502377	-0.384538	-0.167807	0.113625	0.428387	0.754329	1.04451	1.26644	1.41768	1.49218	1.47743	1.38345	1.23214	1.02871	0.796351	0.551076	0.318856	0.141983	0.0348008	-0.0019517	0.0291965	0.0944812	0.171573	0.261173	0.349536	0.424431	0.479888	0.488252	0.439793	0.335508	0.190806	0.00467763	-0.198302	-0.391813	-0.553506	-0.640734	-0.645263	-0.594628	
0.510933	0.510933	0.495834	0.467992	0.409555	0.307806	0.169625	0.00868951	-0.173984	-0.345706	-0.483911	-0.564307	-0.565347	-0.460641	-0.255454	0.0232047	0.335837	0.653212	0.933583	1.15161	1.31022	1.39892	1.41216	1.35117	1.22454	1.04862	0.840787	0.601247	0.363216	0.174236	0.0486257	-0.0117708	-0.00563065	0.0332773	0.0818297	0.144391	0.217372	0.281456	0.327156	0.326814	0.273659	0.176895	0.0463423	-0.124237	-0.316549	-0.500645	-0.640734	-0.705504	-0.691513	-0.630286	
0.629636	0.629636	0.606087	0.564813	0.491533	0.373917	0.219665	0.0451733	-0.146861	-0.330414	-0.481354	-0.564469	-0.562979	-0.468674	-0.282479	-0.0238116	0.261484	0.543044	0.792992	0.99815	1.15945	1.26074	1.298	1.26979	1.17374	1.02494	0.844919	0.632111	0.404447	0.21014	0.0757287	-0.00386741	-0.0265482	-0.0192435	-0.00628945	0.0346972	0.0977395	0.150287	0.183438	0.174678	0.117751	0.0324876	-0.0772483	-0.220756	-0.382724	-0.537392	-0.645263	-0.691513	-0.680236	-0.630691	
0.737068	0.737068	0.711133	0.652444	0.558538	0.427904	0.267869	0.083968	-0.112172	-0.297303	-0.440645	-0.518043	-0.512881	-0.430948	-0.271105	-0.0543109	0.182464	0.413823	0.625445	0.813716	0.975055	1.08702	1.14096	1.14021	1.07647	0.958507	0.806409	0.626797	0.42976	0.250536	0.112584	0.0148843	-0.0393825	-0.0659196	-0.0752705	-0.0468991	4.99667e-05	0.0409215	0.0643603	0.0448382	-0.00711014	-0.0763575	-0.163697	-0.275158	-0.402081	-0.517238	-0.594628	-0.630286	-0.630691	-0.601147	
