1.82822	1.82822	1.81104	1.77633	1.71631	1.62009	1.49311	1.33107	1.12339	0.875556	0.630995	0.420112	0.265941	0.192562	0.208948	0.292915	0.413141	0.535775	0.632203	0.702196	0.747867	0.760373	0.738229	0.703418	0.666746	0.630978	0.596979	0.564485	0.546409	0.54865	0.566192	0.597487	0.626531	0.648637	0.674932	0.714659	0.771059	0.84848	0.917931	0.969075	0.987268	0.971657	0.931625	0.864704	0.770928	0.646138	0.481409	0.294231	0.124667	0.0101256	
1.82822	1.82822	1.81104	1.77633	1.71631	1.62009	1.49311	1.33107	1.12339	0.875556	0.630995	0.420112	0.265941	0.192562	0.208948	0.292915	0.413141	0.535775	0.632203	0.702196	0.747867	0.760373	0.738229	0.703418	0.666746	0.630978	0.596979	0.564485	0.546409	0.54865	0.566192	0.597487	0.626531	0.648637	0.674932	0.714659	0.771059	0.84848	0.917931	0.969075	0.987268	0.971657	0.931625	0.864704	0.770928	0.646138	0.481409	0.294231	0.124667	0.0101256	
1.81104	1.81104	1.79386	1.7621	1.70644	1.61413	1.48587	1.31053	1.09508	0.859436	0.626186	0.414271	0.264704	0.192731	0.194362	0.270068	0.395502	0.524106	0.632055	0.711989	0.751267	0.757473	0.736851	0.698871	0.660621	0.625666	0.590583	0.560702	0.548468	0.553828	0.573354	0.601525	0.62741	0.651322	0.673055	0.703922	0.75665	0.831234	0.898493	0.950134	0.973974	0.965267	0.924833	0.853694	0.759169	0.640566	0.493744	0.325947	0.162031	0.046803	
1.77633	1.77633	1.7621	1.7348	1.68325	1.59453	1.46312	1.27812	1.05627	0.826089	0.600921	0.396648	0.253543	0.178323	0.166886	0.23214	0.354101	0.486987	0.610562	0.700506	0.734344	0.7339	0.711703	0.67146	0.629872	0.594493	0.558758	0.53187	0.524493	0.538306	0.565304	0.597833	0.630466	0.658522	0.670637	0.682337	0.71912	0.784971	0.848904	0.903111	0.937616	0.939895	0.900317	0.825516	0.729912	0.618052	0.494007	0.353129	0.206684	0.0975086	
1.71631	1.71631	1.70644	1.68325	1.6364	1.54728	1.4093	1.2214	1.00471	0.774078	0.549465	0.352609	0.212812	0.135618	0.12466	0.182976	0.293112	0.428865	0.56222	0.659275	0.699631	0.698528	0.670649	0.629111	0.585778	0.542443	0.505914	0.482898	0.485179	0.51009	0.545352	0.586288	0.626799	0.652895	0.653626	0.646118	0.661823	0.716081	0.778256	0.836357	0.88117	0.892884	0.858952	0.787252	0.695409	0.599139	0.495826	0.377275	0.253546	0.158515	
1.62009	1.62009	1.61413	1.59453	1.54728	1.45588	1.31388	1.12967	0.920292	0.695965	0.472436	0.273894	0.129142	0.055487	0.0531118	0.108548	0.213198	0.352434	0.490436	0.591797	0.641471	0.643933	0.613018	0.570719	0.520874	0.47299	0.438464	0.425172	0.438897	0.47426	0.515194	0.561976	0.604376	0.62274	0.612669	0.591263	0.590692	0.633793	0.693707	0.757606	0.80595	0.819678	0.792157	0.727497	0.650831	0.581293	0.506957	0.411832	0.311128	0.230722	
1.49311	1.49311	1.48587	1.46312	1.4093	1.31388	1.1822	1.00998	0.803801	0.578926	0.356734	0.15387	0.0050986	-0.0666818	-0.0678475	-0.00793934	0.105538	0.246819	0.378014	0.480945	0.538017	0.54315	0.513257	0.471012	0.423175	0.37389	0.342701	0.340463	0.369151	0.411284	0.458386	0.509586	0.54684	0.556901	0.540031	0.514279	0.505663	0.534268	0.58755	0.651167	0.697713	0.713446	0.696797	0.647545	0.592179	0.549584	0.501958	0.436198	0.358983	0.294108	
1.33107	1.33107	1.31053	1.27812	1.2214	1.12967	1.00998	0.854533	0.651181	0.419874	0.192567	-0.00993169	-0.158105	-0.23069	-0.227579	-0.154156	-0.029678	0.104468	0.225925	0.326008	0.385648	0.400518	0.380481	0.339156	0.288279	0.244879	0.22002	0.226999	0.262084	0.312497	0.367746	0.420728	0.454662	0.459553	0.438574	0.412845	0.403585	0.423093	0.467401	0.523823	0.567143	0.58652	0.581317	0.555423	0.527024	0.502728	0.47862	0.440653	0.387446	0.335498	
1.12339	1.12339	1.09508	1.05627	1.00471	0.920292	0.803801	0.651181	0.455572	0.223382	-0.00813822	-0.208458	-0.352928	-0.42808	-0.420601	-0.332337	-0.200711	-0.070695	0.0438458	0.137638	0.198378	0.224068	0.215784	0.179151	0.136694	0.100455	0.0816545	0.0912361	0.130948	0.18876	0.251088	0.302499	0.329261	0.329907	0.311347	0.290014	0.283706	0.302059	0.337836	0.382007	0.424065	0.450471	0.456972	0.4562	0.451923	0.44746	0.441878	0.429877	0.403033	0.369049	
0.875556	0.875556	0.859436	0.826089	0.774078	0.695965	0.578926	0.419874	0.223382	-0.000537879	-0.226191	-0.419988	-0.561997	-0.639943	-0.631675	-0.541711	-0.409694	-0.272665	-0.14923	-0.0599004	-0.00669545	0.0210873	0.0170301	-0.0101927	-0.0364476	-0.0497346	-0.0558527	-0.0482038	-0.0163973	0.0411582	0.105095	0.152706	0.179623	0.185257	0.173983	0.155594	0.151926	0.172197	0.202784	0.241145	0.282066	0.311184	0.32517	0.338619	0.358115	0.379607	0.400493	0.413746	0.415012	0.39838	
0.630995	0.630995	0.626186	0.600921	0.549465	0.472436	0.356734	0.192567	-0.00813822	-0.226191	-0.443992	-0.633102	-0.771295	-0.842881	-0.837731	-0.759003	-0.632648	-0.484876	-0.352002	-0.260733	-0.209087	-0.188267	-0.19508	-0.209782	-0.211432	-0.205134	-0.198339	-0.191617	-0.168524	-0.121872	-0.0657374	-0.0203401	0.00982305	0.0253209	0.0251528	0.017623	0.0189888	0.0418693	0.0735418	0.108928	0.146011	0.177799	0.200344	0.224491	0.265579	0.31452	0.354843	0.385046	0.403467	0.407775	
0.420112	0.420112	0.414271	0.396648	0.352609	0.273894	0.15387	-0.00993169	-0.208458	-0.419988	-0.633102	-0.825821	-0.963129	-1.02212	-1.01153	-0.943927	-0.827492	-0.684129	-0.553545	-0.456322	-0.397134	-0.374737	-0.377497	-0.38191	-0.377122	-0.361099	-0.345186	-0.336685	-0.321484	-0.286882	-0.241339	-0.192176	-0.151276	-0.129679	-0.124834	-0.120936	-0.105954	-0.0740635	-0.0327075	0.0023466	0.0320224	0.0592146	0.0884886	0.123946	0.179004	0.244896	0.302095	0.339176	0.370567	0.399149	
0.265941	0.265941	0.264704	0.253543	0.212812	0.129142	0.0050986	-0.158105	-0.352928	-0.561997	-0.771295	-0.963129	-1.09933	-1.15682	-1.14831	-1.08681	-0.976461	-0.84636	-0.72427	-0.622048	-0.550931	-0.521522	-0.51102	-0.506684	-0.502961	-0.494675	-0.481277	-0.46643	-0.449338	-0.426187	-0.390336	-0.338252	-0.294351	-0.270805	-0.25826	-0.24203	-0.210446	-0.166739	-0.119503	-0.0840044	-0.0583038	-0.0345494	0.000935306	0.0498844	0.105742	0.174086	0.24049	0.293197	0.343491	0.392102	
0.192562	0.192562	0.192731	0.178323	0.135618	0.055487	-0.0666818	-0.23069	-0.42808	-0.639943	-0.842881	-1.02212	-1.15682	-1.22916	-1.23209	-1.1748	-1.07192	-0.952204	-0.829405	-0.721021	-0.647385	-0.61202	-0.592012	-0.5824	-0.582745	-0.584369	-0.579359	-0.564439	-0.548484	-0.532587	-0.502598	-0.458998	-0.414512	-0.381619	-0.35664	-0.328921	-0.281849	-0.233696	-0.185131	-0.141168	-0.112841	-0.0915258	-0.0587386	-0.0114626	0.0412247	0.106216	0.181534	0.257849	0.333019	0.385782	
0.208948	0.208948	0.194362	0.166886	0.12466	0.0531118	-0.0678475	-0.227579	-0.420601	-0.631675	-0.837731	-1.01153	-1.14831	-1.23209	-1.24805	-1.1992	-1.10567	-0.986818	-0.859593	-0.754187	-0.685587	-0.64675	-0.620859	-0.608604	-0.613141	-0.630217	-0.641006	-0.636296	-0.623602	-0.607404	-0.578929	-0.545872	-0.501585	-0.45427	-0.413918	-0.373909	-0.325195	-0.276084	-0.223226	-0.170658	-0.131493	-0.106787	-0.0908459	-0.0681612	-0.0237133	0.037275	0.118773	0.217134	0.309143	0.369225	
0.292915	0.292915	0.270068	0.23214	0.182976	0.108548	-0.00793934	-0.154156	-0.332337	-0.541711	-0.759003	-0.943927	-1.08681	-1.1748	-1.1992	-1.1588	-1.07339	-0.95359	-0.829957	-0.730002	-0.662444	-0.616373	-0.592043	-0.589121	-0.604023	-0.630873	-0.655599	-0.66835	-0.663885	-0.644832	-0.617381	-0.581332	-0.531214	-0.475623	-0.429041	-0.385059	-0.340808	-0.288683	-0.224613	-0.169159	-0.125355	-0.101165	-0.103346	-0.109657	-0.0857032	-0.0290339	0.0599983	0.167542	0.268882	0.346623	
0.413141	0.413141	0.395502	0.354101	0.293112	0.213198	0.105538	-0.029678	-0.200711	-0.409694	-0.632648	-0.827492	-0.976461	-1.07192	-1.10567	-1.07339	-0.98685	-0.869284	-0.752886	-0.658587	-0.581232	-0.529234	-0.512737	-0.529502	-0.561158	-0.598721	-0.6328	-0.652495	-0.653077	-0.636886	-0.608914	-0.563578	-0.512115	-0.457296	-0.405691	-0.360198	-0.31428	-0.25621	-0.190306	-0.14326	-0.108832	-0.0970581	-0.108599	-0.125892	-0.125249	-0.0818605	0.00630739	0.115644	0.223083	0.317021	
0.535775	0.535775	0.524106	0.486987	0.428865	0.352434	0.246819	0.104468	-0.070695	-0.272665	-0.484876	-0.684129	-0.84636	-0.952204	-0.986818	-0.95359	-0.869284	-0.763709	-0.654284	-0.553686	-0.466255	-0.420673	-0.416691	-0.448524	-0.496888	-0.548429	-0.590112	-0.614067	-0.616204	-0.595153	-0.557555	-0.506753	-0.456111	-0.40508	-0.351022	-0.299705	-0.241577	-0.185755	-0.13049	-0.0928428	-0.0815189	-0.0949407	-0.12035	-0.142451	-0.150598	-0.119313	-0.0443285	0.0589292	0.172009	0.272375	
0.632203	0.632203	0.632055	0.610562	0.56222	0.490436	0.378014	0.225925	0.0438458	-0.14923	-0.352002	-0.553545	-0.72427	-0.829405	-0.859593	-0.829957	-0.752886	-0.654284	-0.542326	-0.435715	-0.354283	-0.323275	-0.326995	-0.36333	-0.422571	-0.482496	-0.52991	-0.562331	-0.562244	-0.530064	-0.476013	-0.422435	-0.368649	-0.314007	-0.254391	-0.197885	-0.138651	-0.0941885	-0.0570897	-0.0338746	-0.0396534	-0.0790457	-0.127361	-0.1615	-0.165279	-0.139777	-0.0788766	0.00947963	0.115164	0.21622	
0.702196	0.702196	0.711989	0.700506	0.659275	0.591797	0.480945	0.326008	0.137638	-0.0599004	-0.260733	-0.456322	-0.622048	-0.721021	-0.754187	-0.730002	-0.658587	-0.553686	-0.435715	-0.327575	-0.263002	-0.248516	-0.263005	-0.301513	-0.355349	-0.406207	-0.451762	-0.488615	-0.489482	-0.45021	-0.384973	-0.317727	-0.252496	-0.182997	-0.118367	-0.0639768	-0.0180863	0.00975319	0.0283938	0.0312812	0.00483291	-0.051896	-0.115757	-0.160228	-0.167233	-0.14142	-0.0901584	-0.0192557	0.0668849	0.15931	
0.747867	0.747867	0.751267	0.734344	0.699631	0.641471	0.538017	0.385648	0.198378	-0.00669545	-0.209087	-0.397134	-0.550931	-0.647385	-0.685587	-0.662444	-0.581232	-0.466255	-0.354283	-0.263002	-0.209993	-0.199979	-0.222329	-0.264262	-0.308947	-0.347775	-0.380486	-0.404086	-0.402486	-0.363495	-0.288654	-0.199779	-0.114482	-0.0282043	0.0402987	0.0884926	0.119635	0.129769	0.128277	0.10344	0.0477733	-0.0233267	-0.0855656	-0.12753	-0.145615	-0.13052	-0.0879771	-0.0314816	0.0357812	0.112782	
0.760373	0.760373	0.757473	0.7339	0.698528	0.643933	0.54315	0.400518	0.224068	0.0210873	-0.188267	-0.374737	-0.521522	-0.61202	-0.64675	-0.616373	-0.529234	-0.420673	-0.323275	-0.248516	-0.199979	-0.19169	-0.209519	-0.244089	-0.281246	-0.314275	-0.329623	-0.329396	-0.315474	-0.268472	-0.18222	-0.0701292	0.0382898	0.134279	0.203036	0.247209	0.263075	0.248551	0.219336	0.165082	0.0832806	0.00734721	-0.0440166	-0.0749457	-0.0961384	-0.0984889	-0.0728062	-0.0297996	0.023628	0.0864162	
0.738229	0.738229	0.736851	0.711703	0.670649	0.613018	0.513257	0.380481	0.215784	0.0170301	-0.19508	-0.377497	-0.51102	-0.592012	-0.620859	-0.592043	-0.512737	-0.416691	-0.326995	-0.263005	-0.222329	-0.209519	-0.211376	-0.232346	-0.263364	-0.287862	-0.287012	-0.266841	-0.228454	-0.162868	-0.0614556	0.0657258	0.190498	0.290914	0.36275	0.400032	0.398153	0.357063	0.294963	0.211511	0.122576	0.0482882	0.00608477	-0.0164131	-0.0300518	-0.0417489	-0.0311681	-0.00512641	0.0314309	0.0829172	
0.703418	0.703418	0.698871	0.67146	0.629111	0.570719	0.471012	0.339156	0.179151	-0.0101927	-0.209782	-0.38191	-0.506684	-0.5824	-0.608604	-0.589121	-0.529502	-0.448524	-0.36333	-0.301513	-0.264262	-0.244089	-0.232346	-0.239353	-0.259834	-0.270322	-0.253263	-0.211435	-0.141839	-0.0473309	0.0707947	0.201617	0.32448	0.42739	0.50026	0.524916	0.505843	0.443197	0.351634	0.245721	0.155572	0.0836103	0.0439226	0.0272437	0.0200833	0.0146367	0.0199132	0.0367534	0.0592845	0.0936693	
0.666746	0.666746	0.660621	0.629872	0.585778	0.520874	0.423175	0.288279	0.136694	-0.0364476	-0.211432	-0.377122	-0.502961	-0.582745	-0.613141	-0.604023	-0.561158	-0.496888	-0.422571	-0.355349	-0.308947	-0.281246	-0.263364	-0.259834	-0.265874	-0.256403	-0.216722	-0.14957	-0.0494094	0.0735927	0.205828	0.334595	0.447606	0.542831	0.60447	0.612196	0.574082	0.492655	0.381319	0.267629	0.171473	0.101658	0.0621662	0.049222	0.0443889	0.045093	0.0512368	0.0694487	0.0862793	0.104934	
0.630978	0.630978	0.625666	0.594493	0.542443	0.47299	0.37389	0.244879	0.100455	-0.0497346	-0.205134	-0.361099	-0.494675	-0.584369	-0.630217	-0.630873	-0.598721	-0.548429	-0.482496	-0.406207	-0.347775	-0.314275	-0.287862	-0.270322	-0.256403	-0.223712	-0.160198	-0.0693121	0.0554367	0.198009	0.339916	0.467278	0.566393	0.641272	0.676247	0.658881	0.596003	0.495065	0.372459	0.258751	0.162373	0.094868	0.0600952	0.0511526	0.046874	0.0470966	0.0585201	0.0759343	0.0876603	0.0914195	
0.596979	0.596979	0.590583	0.558758	0.505914	0.438464	0.342701	0.22002	0.0816545	-0.0558527	-0.198339	-0.345186	-0.481277	-0.579359	-0.641006	-0.655599	-0.6328	-0.590112	-0.52991	-0.451762	-0.380486	-0.329623	-0.287012	-0.253263	-0.216722	-0.160198	-0.0780659	0.0323038	0.172156	0.324988	0.469452	0.588863	0.667299	0.713372	0.714896	0.666764	0.577241	0.460493	0.331619	0.214575	0.115959	0.0535403	0.0315911	0.0280236	0.0271619	0.0278923	0.0422678	0.0528337	0.047355	0.0362206	
0.564485	0.564485	0.560702	0.53187	0.482898	0.425172	0.340463	0.226999	0.0912361	-0.0482038	-0.191617	-0.336685	-0.46643	-0.564439	-0.636296	-0.66835	-0.652495	-0.614067	-0.562331	-0.488615	-0.404086	-0.329396	-0.266841	-0.211435	-0.14957	-0.0693121	0.0323038	0.153602	0.29544	0.448118	0.586602	0.684529	0.738355	0.756264	0.723546	0.638696	0.524536	0.392739	0.262065	0.139065	0.0384311	-0.0213955	-0.0306964	-0.0263394	-0.0271349	-0.0250361	-0.00992689	-0.0107184	-0.0283098	-0.0501729	
0.546409	0.546409	0.548468	0.524493	0.485179	0.438897	0.369151	0.262084	0.130948	-0.0163973	-0.168524	-0.321484	-0.449338	-0.548484	-0.623602	-0.663885	-0.653077	-0.616204	-0.562244	-0.489482	-0.402486	-0.315474	-0.228454	-0.141839	-0.0494094	0.0554367	0.172156	0.29544	0.428518	0.567434	0.685592	0.757615	0.782907	0.763659	0.694725	0.57856	0.43643	0.294648	0.166171	0.048539	-0.0496793	-0.10617	-0.11618	-0.109229	-0.106246	-0.10386	-0.098148	-0.104298	-0.125639	-0.14391	
0.54865	0.54865	0.553828	0.538306	0.51009	0.47426	0.411284	0.312497	0.18876	0.0411582	-0.121872	-0.286882	-0.426187	-0.532587	-0.607404	-0.644832	-0.636886	-0.595153	-0.530064	-0.45021	-0.363495	-0.268472	-0.162868	-0.0473309	0.0735927	0.198009	0.324988	0.448118	0.567434	0.679404	0.765256	0.805549	0.793	0.730949	0.624716	0.480623	0.319134	0.168017	0.0424071	-0.0610632	-0.144349	-0.200013	-0.216142	-0.208525	-0.201403	-0.197264	-0.20019	-0.21274	-0.227022	-0.233991	
0.566192	0.566192	0.573354	0.565304	0.545352	0.515194	0.458386	0.367746	0.251088	0.105095	-0.0657374	-0.241339	-0.390336	-0.502598	-0.578929	-0.617381	-0.608914	-0.557555	-0.476013	-0.384973	-0.288654	-0.18222	-0.0614556	0.0707947	0.205828	0.339916	0.469452	0.586602	0.685592	0.765256	0.813011	0.814068	0.757681	0.651603	0.511213	0.342995	0.168077	0.0172184	-0.101437	-0.191809	-0.258459	-0.303158	-0.319214	-0.312759	-0.304778	-0.301282	-0.304645	-0.309255	-0.315109	-0.312589	
0.597487	0.597487	0.601525	0.597833	0.586288	0.561976	0.509586	0.420728	0.302499	0.152706	-0.0203401	-0.192176	-0.338252	-0.458998	-0.545872	-0.581332	-0.563578	-0.506753	-0.422435	-0.317727	-0.199779	-0.0701292	0.0657258	0.201617	0.334595	0.467278	0.588863	0.684529	0.757615	0.805549	0.814068	0.767776	0.665655	0.520142	0.351011	0.165607	-0.00683206	-0.14616	-0.25347	-0.334703	-0.391058	-0.420033	-0.423431	-0.413879	-0.409443	-0.403487	-0.39154	-0.381182	-0.376874	-0.373772	
0.626531	0.626531	0.62741	0.630466	0.626799	0.604376	0.54684	0.454662	0.329261	0.179623	0.00982305	-0.151276	-0.294351	-0.414512	-0.501585	-0.531214	-0.512115	-0.456111	-0.368649	-0.252496	-0.114482	0.0382898	0.190498	0.32448	0.447606	0.566393	0.667299	0.738355	0.782907	0.793	0.757681	0.665655	0.51894	0.343219	0.160225	-0.0225736	-0.181821	-0.305056	-0.40385	-0.480237	-0.526922	-0.539036	-0.526769	-0.508373	-0.497539	-0.484854	-0.457182	-0.431635	-0.422182	-0.417393	
0.648637	0.648637	0.651322	0.658522	0.652895	0.62274	0.556901	0.459553	0.329907	0.185257	0.0253209	-0.129679	-0.270805	-0.381619	-0.45427	-0.475623	-0.457296	-0.40508	-0.314007	-0.182997	-0.0282043	0.134279	0.290914	0.42739	0.542831	0.641272	0.713372	0.756264	0.763659	0.730949	0.651603	0.520142	0.343219	0.150417	-0.0366331	-0.20506	-0.343806	-0.456795	-0.545695	-0.607845	-0.636662	-0.630485	-0.601555	-0.570017	-0.545484	-0.524812	-0.492411	-0.464402	-0.447434	-0.431398	
0.674932	0.674932	0.673055	0.670637	0.653626	0.612669	0.540031	0.438574	0.311347	0.173983	0.0251528	-0.124834	-0.25826	-0.35664	-0.413918	-0.429041	-0.405691	-0.351022	-0.254391	-0.118367	0.0402987	0.203036	0.36275	0.50026	0.60447	0.676247	0.714896	0.723546	0.694725	0.624716	0.511213	0.351011	0.160225	-0.0366331	-0.217528	-0.371385	-0.491018	-0.588136	-0.658815	-0.702826	-0.708393	-0.681122	-0.634756	-0.585825	-0.545307	-0.515909	-0.485405	-0.462996	-0.440676	-0.413004	
0.714659	0.714659	0.703922	0.682337	0.646118	0.591263	0.514279	0.412845	0.290014	0.155594	0.017623	-0.120936	-0.24203	-0.328921	-0.373909	-0.385059	-0.360198	-0.299705	-0.197885	-0.0639768	0.0884926	0.247209	0.400032	0.524916	0.612196	0.658881	0.666764	0.638696	0.57856	0.480623	0.342995	0.165607	-0.0225736	-0.20506	-0.371385	-0.507519	-0.605805	-0.678375	-0.724268	-0.747916	-0.732127	-0.681739	-0.613799	-0.549853	-0.497937	-0.459027	-0.434989	-0.423319	-0.404401	-0.373264	
0.771059	0.771059	0.75665	0.71912	0.661823	0.590692	0.505663	0.403585	0.283706	0.151926	0.0189888	-0.105954	-0.210446	-0.281849	-0.325195	-0.340808	-0.31428	-0.241577	-0.138651	-0.0180863	0.119635	0.263075	0.398153	0.505843	0.574082	0.596003	0.577241	0.524536	0.43643	0.319134	0.168077	-0.00683206	-0.181821	-0.343806	-0.491018	-0.605805	-0.67689	-0.714868	-0.726865	-0.724455	-0.691911	-0.624616	-0.545709	-0.472745	-0.415154	-0.370014	-0.350023	-0.346674	-0.336074	-0.306914	
0.84848	0.84848	0.831234	0.784971	0.716081	0.633793	0.534268	0.423093	0.302059	0.172197	0.0418693	-0.0740635	-0.166739	-0.233696	-0.276084	-0.288683	-0.25621	-0.185755	-0.0941885	0.00975319	0.129769	0.248551	0.357063	0.443197	0.492655	0.495065	0.460493	0.392739	0.294648	0.168017	0.0172184	-0.14616	-0.305056	-0.456795	-0.588136	-0.678375	-0.714868	-0.710973	-0.679534	-0.648147	-0.604639	-0.538625	-0.457095	-0.380113	-0.32199	-0.278072	-0.25653	-0.254064	-0.24465	-0.215333	
0.917931	0.917931	0.898493	0.848904	0.778256	0.693707	0.58755	0.467401	0.337836	0.202784	0.0735418	-0.0327075	-0.119503	-0.185131	-0.223226	-0.224613	-0.190306	-0.13049	-0.0570897	0.0283938	0.128277	0.219336	0.294963	0.351634	0.381319	0.372459	0.331619	0.262065	0.166171	0.0424071	-0.101437	-0.25347	-0.40385	-0.545695	-0.658815	-0.724268	-0.726865	-0.679534	-0.606697	-0.546085	-0.498912	-0.439952	-0.364354	-0.293302	-0.240592	-0.202307	-0.180918	-0.171553	-0.156581	-0.122682	
0.969075	0.969075	0.950134	0.903111	0.836357	0.757606	0.651167	0.523823	0.382007	0.241145	0.108928	0.0023466	-0.0840044	-0.141168	-0.170658	-0.169159	-0.14326	-0.0928428	-0.0338746	0.0312812	0.10344	0.165082	0.211511	0.245721	0.267629	0.258751	0.214575	0.139065	0.048539	-0.0610632	-0.191809	-0.334703	-0.480237	-0.607845	-0.702826	-0.747916	-0.724455	-0.648147	-0.546085	-0.462501	-0.402981	-0.347595	-0.287477	-0.230461	-0.181747	-0.145151	-0.122703	-0.109829	-0.0891131	-0.0444714	
0.987268	0.987268	0.973974	0.937616	0.88117	0.80595	0.697713	0.567143	0.424065	0.282066	0.146011	0.0320224	-0.0583038	-0.112841	-0.131493	-0.125355	-0.108832	-0.0815189	-0.0396534	0.00483291	0.0477733	0.0832806	0.122576	0.155572	0.171473	0.162373	0.115959	0.0384311	-0.0496793	-0.144349	-0.258459	-0.391058	-0.526922	-0.636662	-0.708393	-0.732127	-0.691911	-0.604639	-0.498912	-0.402981	-0.330796	-0.279055	-0.240701	-0.20006	-0.149934	-0.11482	-0.0933435	-0.0757012	-0.044323	0.0195071	
0.971657	0.971657	0.965267	0.939895	0.892884	0.819678	0.713446	0.58652	0.450471	0.311184	0.177799	0.0592146	-0.0345494	-0.0915258	-0.106787	-0.101165	-0.0970581	-0.0949407	-0.0790457	-0.051896	-0.0233267	0.00734721	0.0482882	0.0836103	0.101658	0.094868	0.0535403	-0.0213955	-0.10617	-0.200013	-0.303158	-0.420033	-0.539036	-0.630485	-0.681122	-0.681739	-0.624616	-0.538625	-0.439952	-0.347595	-0.279055	-0.243293	-0.219474	-0.188268	-0.144402	-0.111329	-0.0841166	-0.0520328	0.000250543	0.0805075	
0.931625	0.931625	0.924833	0.900317	0.858952	0.792157	0.696797	0.581317	0.456972	0.32517	0.200344	0.0884886	0.000935306	-0.0587386	-0.0908459	-0.103346	-0.108599	-0.12035	-0.127361	-0.115757	-0.0855656	-0.0440166	0.00608477	0.0439226	0.0621662	0.0600952	0.0315911	-0.0306964	-0.11618	-0.216142	-0.319214	-0.423431	-0.526769	-0.601555	-0.634756	-0.613799	-0.545709	-0.457095	-0.364354	-0.287477	-0.240701	-0.219474	-0.203101	-0.178072	-0.143553	-0.107723	-0.061675	-0.00244092	0.0619187	0.147193	
0.864704	0.864704	0.853694	0.825516	0.787252	0.727497	0.647545	0.555423	0.4562	0.338619	0.224491	0.123946	0.0498844	-0.0114626	-0.0681612	-0.109657	-0.125892	-0.142451	-0.1615	-0.160228	-0.12753	-0.0749457	-0.0164131	0.0272437	0.049222	0.0511526	0.0280236	-0.0263394	-0.109229	-0.208525	-0.312759	-0.413879	-0.508373	-0.570017	-0.585825	-0.549853	-0.472745	-0.380113	-0.293302	-0.230461	-0.20006	-0.188268	-0.178072	-0.16102	-0.132398	-0.0812472	-0.00967626	0.064182	0.134886	0.218433	
0.770928	0.770928	0.759169	0.729912	0.695409	0.650831	0.592179	0.527024	0.451923	0.358115	0.265579	0.179004	0.105742	0.0412247	-0.0237133	-0.0857032	-0.125249	-0.150598	-0.165279	-0.167233	-0.145615	-0.0961384	-0.0300518	0.0200833	0.0443889	0.046874	0.0271619	-0.0271349	-0.106246	-0.201403	-0.304778	-0.409443	-0.497539	-0.545484	-0.545307	-0.497937	-0.415154	-0.32199	-0.240592	-0.181747	-0.149934	-0.144402	-0.143553	-0.132398	-0.0965108	-0.0272062	0.0579169	0.141621	0.218107	0.290127	
0.646138	0.646138	0.640566	0.618052	0.599139	0.581293	0.549584	0.502728	0.44746	0.379607	0.31452	0.244896	0.174086	0.106216	0.037275	-0.0290339	-0.0818605	-0.119313	-0.139777	-0.14142	-0.13052	-0.0984889	-0.0417489	0.0146367	0.045093	0.0470966	0.0278923	-0.0250361	-0.10386	-0.197264	-0.301282	-0.403487	-0.484854	-0.524812	-0.515909	-0.459027	-0.370014	-0.278072	-0.202307	-0.145151	-0.11482	-0.111329	-0.107723	-0.0812472	-0.0272062	0.0501529	0.135458	0.223088	0.299515	0.352951	
0.481409	0.481409	0.493744	0.494007	0.495826	0.506957	0.501958	0.47862	0.441878	0.400493	0.354843	0.302095	0.24049	0.181534	0.118773	0.0599983	0.00630739	-0.0443285	-0.0788766	-0.0901584	-0.0879771	-0.0728062	-0.0311681	0.0199132	0.0512368	0.0585201	0.0422678	-0.00992689	-0.098148	-0.20019	-0.304645	-0.39154	-0.457182	-0.492411	-0.485405	-0.434989	-0.350023	-0.25653	-0.180918	-0.122703	-0.0933435	-0.0841166	-0.061675	-0.00967626	0.0579169	0.135458	0.219152	0.297988	0.361816	0.397932	
0.294231	0.294231	0.325947	0.353129	0.377275	0.411832	0.436198	0.440653	0.429877	0.413746	0.385046	0.339176	0.293197	0.257849	0.217134	0.167542	0.115644	0.0589292	0.00947963	-0.0192557	-0.0314816	-0.0297996	-0.00512641	0.0367534	0.0694487	0.0759343	0.0528337	-0.0107184	-0.104298	-0.21274	-0.309255	-0.381182	-0.431635	-0.464402	-0.462996	-0.423319	-0.346674	-0.254064	-0.171553	-0.109829	-0.0757012	-0.0520328	-0.00244092	0.064182	0.141621	0.223088	0.297988	0.351332	0.387699	0.404451	
0.124667	0.124667	0.162031	0.206684	0.253546	0.311128	0.358983	0.387446	0.403033	0.415012	0.403467	0.370567	0.343491	0.333019	0.309143	0.268882	0.223083	0.172009	0.115164	0.0668849	0.0357812	0.023628	0.0314309	0.0592845	0.0862793	0.0876603	0.047355	-0.0283098	-0.125639	-0.227022	-0.315109	-0.376874	-0.422182	-0.447434	-0.440676	-0.404401	-0.336074	-0.24465	-0.156581	-0.0891131	-0.044323	0.000250543	0.0619187	0.134886	0.218107	0.299515	0.361816	0.387699	0.389031	0.37467	
0.0101256	0.0101256	0.046803	0.0975086	0.158515	0.230722	0.294108	0.335498	0.369049	0.39838	0.407775	0.399149	0.392102	0.385782	0.369225	0.346623	0.317021	0.272375	0.21622	0.15931	0.112782	0.0864162	0.0829172	0.0936693	0.104934	0.0914195	0.0362206	-0.0501729	-0.14391	-0.233991	-0.312589	-0.373772	-0.417393	-0.431398	-0.413004	-0.373264	-0.306914	-0.215333	-0.122682	-0.0444714	0.0195071	0.0805075	0.147193	0.218433	0.290127	0.352951	0.397932	0.404451	0.37467	0.325366	
