-0.408385	-0.408385	0.382548	-0.68985	0.430173	0.1081	
-0.408385	-0.408385	0.382548	-0.68985	0.430173	0.1081	
0.382548	0.382548	0.543881	-0.976872	0.955509	0.020538	
-0.68985	-0.68985	-0.976872	0.413655	0.0289548	-0.343371	
0.430173	0.430173	0.955509	0.0289548	-0.463234	0.0487537	
0.1081	0.1081	0.020538	-0.343371	0.0487537	0.475259	
