0.0939807	0.188076	0.278901	0.342407	0.345435	0.279387	0.152195	-0.0196996	-0.21229	-0.387978	-0.536785	-0.644206	-0.714517	-0.761092	-0.781477	-0.773086	-0.735847	-0.670988	-0.572205	-0.461802	-0.363272	-0.28485	-0.213592	-0.135283	-0.0528022	0.0291999	0.0996781	0.147952	0.172222	0.178204	0.151923	0.0963744	0.0289562	-0.0407698	-0.0839151	-0.0942331	-0.0826791	-0.0548504	-0.00665603	0.0692652	0.158839	0.267225	0.396273	0.510856	0.602954	0.690066	0.768058	0.832214	0.877427	0.877427	
0.188076	0.285111	0.383527	0.463948	0.491143	0.441324	0.32168	0.148734	-0.0452504	-0.229396	-0.387048	-0.50748	-0.601137	-0.675118	-0.718006	-0.728032	-0.710415	-0.652768	-0.553321	-0.435794	-0.323743	-0.233764	-0.16279	-0.0899037	-0.0160689	0.04429	0.0895689	0.105347	0.0881829	0.0531509	0.00194579	-0.0592969	-0.126449	-0.185477	-0.219335	-0.228425	-0.211805	-0.173612	-0.105222	-0.0057402	0.107897	0.23818	0.375296	0.493737	0.582565	0.647611	0.699859	0.742965	0.772006	0.772006	
0.278901	0.383527	0.490671	0.586341	0.636692	0.607911	0.499346	0.331543	0.145279	-0.0396059	-0.209855	-0.352064	-0.467239	-0.558173	-0.614636	-0.647495	-0.649444	-0.59717	-0.497739	-0.375534	-0.249382	-0.143895	-0.0728475	-0.00555539	0.0597142	0.0982286	0.10503	0.0799459	0.029137	-0.0341266	-0.0983916	-0.165068	-0.226214	-0.269906	-0.30114	-0.312127	-0.295887	-0.249588	-0.168526	-0.0676811	0.0523042	0.182839	0.297667	0.399194	0.476826	0.519822	0.546127	0.562673	0.570457	0.570457	
0.342407	0.463948	0.586341	0.698448	0.760342	0.751647	0.667953	0.529538	0.361408	0.174051	-0.0116363	-0.174347	-0.309579	-0.415391	-0.484998	-0.534464	-0.547114	-0.505762	-0.416352	-0.29826	-0.15797	-0.0302662	0.0509803	0.113237	0.160262	0.173102	0.143365	0.081739	0.00156333	-0.0776559	-0.142367	-0.20752	-0.268212	-0.315935	-0.346397	-0.349121	-0.326672	-0.273532	-0.194762	-0.106923	-0.0049244	0.097885	0.177965	0.241386	0.290939	0.3191	0.32117	0.307735	0.300997	0.300997	
0.345435	0.491143	0.636692	0.760342	0.834274	0.855878	0.814266	0.712888	0.560861	0.385122	0.204464	0.0317387	-0.12678	-0.249913	-0.331383	-0.385834	-0.404894	-0.379771	-0.30801	-0.196943	-0.0478127	0.0933476	0.190348	0.246807	0.268474	0.252392	0.193431	0.11433	0.0198629	-0.0738615	-0.146872	-0.205879	-0.258123	-0.313661	-0.354115	-0.354769	-0.31893	-0.26278	-0.201365	-0.140076	-0.0766533	-0.0132293	0.0314816	0.0536354	0.0682774	0.0699227	0.0480267	0.0141779	-0.0096143	-0.0096143	
0.279387	0.441324	0.607911	0.751647	0.855878	0.917348	0.917081	0.844431	0.717554	0.568517	0.404125	0.22968	0.0627327	-0.0677587	-0.160537	-0.222362	-0.248671	-0.234242	-0.169332	-0.054268	0.09238	0.230644	0.331165	0.379181	0.383201	0.342768	0.262017	0.164713	0.0594887	-0.0404522	-0.125411	-0.182515	-0.221316	-0.268734	-0.314912	-0.327001	-0.295309	-0.252492	-0.213803	-0.181274	-0.16114	-0.141431	-0.133907	-0.148213	-0.167419	-0.192082	-0.232089	-0.279318	-0.310734	-0.310734	
0.152195	0.32168	0.499346	0.667953	0.814266	0.917081	0.95334	0.920567	0.832265	0.707256	0.557665	0.399667	0.248597	0.119461	0.0151938	-0.0563382	-0.089638	-0.0799539	-0.0110337	0.109143	0.246763	0.3703	0.461048	0.502352	0.49447	0.443073	0.35087	0.231707	0.110187	0.00351632	-0.0806708	-0.137197	-0.178442	-0.217631	-0.261318	-0.289185	-0.279223	-0.253996	-0.235776	-0.234813	-0.248085	-0.270276	-0.306817	-0.353357	-0.405308	-0.447873	-0.483665	-0.525627	-0.551455	-0.551455	
-0.0196996	0.148734	0.331543	0.529538	0.712888	0.844431	0.920567	0.942212	0.898448	0.800137	0.67902	0.552511	0.419211	0.291105	0.185873	0.11441	0.079458	0.0858819	0.148749	0.259344	0.384833	0.496357	0.576348	0.60778	0.58849	0.527271	0.430249	0.308207	0.176007	0.056912	-0.0277907	-0.0883538	-0.143739	-0.188965	-0.224056	-0.254612	-0.274368	-0.274765	-0.273366	-0.297961	-0.33962	-0.395221	-0.46613	-0.5404	-0.612446	-0.656616	-0.680871	-0.708772	-0.720386	-0.720386	
-0.21229	-0.0452504	0.145279	0.361408	0.560861	0.717554	0.832265	0.898448	0.898639	0.848416	0.774867	0.681907	0.56266	0.444797	0.351787	0.290901	0.263774	0.269607	0.314563	0.395784	0.504709	0.606754	0.670497	0.683007	0.646451	0.572002	0.471656	0.359432	0.233511	0.105432	0.00382781	-0.0701534	-0.130762	-0.176931	-0.205989	-0.233179	-0.27199	-0.304983	-0.331609	-0.380086	-0.440838	-0.505486	-0.588271	-0.678184	-0.753012	-0.794961	-0.811539	-0.824148	-0.831357	-0.831357	
-0.387978	-0.229396	-0.0396059	0.174051	0.385122	0.568517	0.707256	0.800137	0.848416	0.857545	0.834392	0.777481	0.687737	0.597256	0.523854	0.475307	0.45598	0.464651	0.491046	0.541192	0.621194	0.695429	0.730974	0.714495	0.660887	0.576455	0.47012	0.361728	0.241901	0.113398	-0.00349797	-0.096884	-0.15694	-0.18491	-0.205331	-0.239143	-0.287412	-0.339572	-0.390808	-0.454316	-0.524263	-0.589833	-0.667	-0.754516	-0.825979	-0.864501	-0.876071	-0.878053	-0.878806	-0.878806	
-0.536785	-0.387048	-0.209855	-0.0116363	0.204464	0.404125	0.557665	0.67902	0.774867	0.834392	0.857183	0.845752	0.804387	0.758132	0.712634	0.674772	0.658118	0.66206	0.676134	0.701858	0.736161	0.758779	0.749748	0.703454	0.636122	0.544419	0.430889	0.311727	0.188292	0.061885	-0.0591538	-0.161956	-0.22503	-0.238541	-0.244818	-0.277271	-0.321825	-0.370819	-0.430878	-0.502975	-0.572137	-0.633795	-0.702369	-0.777491	-0.839502	-0.871069	-0.879401	-0.875761	-0.864814	-0.864814	
-0.644206	-0.50748	-0.352064	-0.174347	0.0317387	0.22968	0.399667	0.552511	0.681907	0.777481	0.845752	0.886791	0.90505	0.911619	0.898515	0.88088	0.87112	0.867869	0.866674	0.865461	0.849491	0.810032	0.751044	0.667553	0.574358	0.473189	0.349652	0.212283	0.0789394	-0.0477629	-0.162147	-0.254962	-0.315452	-0.328134	-0.322867	-0.339281	-0.368777	-0.401713	-0.457068	-0.532673	-0.599166	-0.653032	-0.699028	-0.741071	-0.785502	-0.815515	-0.82644	-0.82486	-0.812962	-0.812962	
-0.714517	-0.601137	-0.467239	-0.309579	-0.12678	0.0627327	0.248597	0.419211	0.56266	0.687737	0.804387	0.90505	0.985203	1.0389	1.06331	1.07946	1.08819	1.07568	1.04842	1.01279	0.943873	0.846873	0.739379	0.611836	0.479475	0.357831	0.231622	0.0888216	-0.0539864	-0.182704	-0.287022	-0.359366	-0.40462	-0.42227	-0.421425	-0.42041	-0.428113	-0.446682	-0.487308	-0.549669	-0.607472	-0.647501	-0.668438	-0.676121	-0.687333	-0.706497	-0.725396	-0.731927	-0.726589	-0.726589	
-0.761092	-0.675118	-0.558173	-0.415391	-0.249913	-0.0677587	0.119461	0.291105	0.444797	0.597256	0.758132	0.911619	1.0389	1.13371	1.19949	1.24991	1.26802	1.24166	1.18626	1.10915	0.993016	0.847406	0.696593	0.535689	0.370704	0.22448	0.0957432	-0.0374046	-0.175522	-0.302818	-0.398538	-0.454307	-0.4846	-0.501409	-0.505744	-0.500005	-0.495782	-0.500781	-0.523854	-0.564825	-0.602631	-0.622458	-0.619927	-0.601153	-0.584606	-0.58409	-0.592836	-0.599455	-0.604709	-0.604709	
-0.781477	-0.718006	-0.614636	-0.484998	-0.331383	-0.160537	0.0151938	0.185873	0.351787	0.523854	0.712634	0.898515	1.06331	1.19949	1.30289	1.36629	1.38003	1.34429	1.25686	1.13245	0.977143	0.80046	0.612909	0.422188	0.245322	0.0900923	-0.0419423	-0.161041	-0.277153	-0.384143	-0.46107	-0.505021	-0.532628	-0.548983	-0.555983	-0.555763	-0.550415	-0.549535	-0.561195	-0.578273	-0.591765	-0.590793	-0.565033	-0.525763	-0.486779	-0.460477	-0.454451	-0.461522	-0.472471	-0.472471	
-0.773086	-0.728032	-0.647495	-0.534464	-0.385834	-0.222362	-0.0563382	0.11441	0.290901	0.475307	0.674772	0.88088	1.07946	1.24991	1.36629	1.42096	1.42366	1.36805	1.24069	1.06587	0.877722	0.686056	0.477144	0.268191	0.0919164	-0.0477018	-0.163151	-0.264731	-0.34943	-0.41726	-0.465644	-0.499003	-0.52739	-0.548622	-0.564263	-0.579545	-0.586135	-0.579288	-0.57547	-0.575842	-0.566804	-0.542683	-0.503425	-0.456346	-0.404438	-0.35998	-0.339834	-0.3453	-0.36289	-0.36289	
-0.735847	-0.710415	-0.649444	-0.547114	-0.404894	-0.248671	-0.089638	0.079458	0.263774	0.45598	0.658118	0.87112	1.08819	1.26802	1.38003	1.42366	1.39617	1.29345	1.12442	0.919572	0.701095	0.487689	0.283939	0.0912064	-0.0739497	-0.192769	-0.274728	-0.339314	-0.379754	-0.400625	-0.420347	-0.447244	-0.477321	-0.502966	-0.528873	-0.562081	-0.583647	-0.577686	-0.559707	-0.535679	-0.506861	-0.474318	-0.433394	-0.392091	-0.349676	-0.30791	-0.279288	-0.271949	-0.281961	-0.281961	
-0.670988	-0.652768	-0.59717	-0.505762	-0.379771	-0.234242	-0.0799539	0.0858819	0.269607	0.464651	0.66206	0.867869	1.07568	1.24166	1.34429	1.36805	1.29345	1.12933	0.923578	0.701869	0.458879	0.230166	0.0472803	-0.101873	-0.237678	-0.33673	-0.381297	-0.39169	-0.376971	-0.352336	-0.346993	-0.367841	-0.39472	-0.419906	-0.451332	-0.489181	-0.518598	-0.52382	-0.505768	-0.471053	-0.432157	-0.395885	-0.363527	-0.336441	-0.308202	-0.285859	-0.2686	-0.252389	-0.249234	-0.249234	
-0.572205	-0.553321	-0.497739	-0.416352	-0.30801	-0.169332	-0.0110337	0.148749	0.314563	0.491046	0.676134	0.866674	1.04842	1.18626	1.25686	1.24069	1.12442	0.923578	0.677635	0.417091	0.168178	-0.0414846	-0.202595	-0.323149	-0.421022	-0.479128	-0.477906	-0.431878	-0.363588	-0.299761	-0.264068	-0.257554	-0.26907	-0.29786	-0.33612	-0.376108	-0.41195	-0.429672	-0.419151	-0.38181	-0.34416	-0.32057	-0.301913	-0.289402	-0.287129	-0.294158	-0.29066	-0.267198	-0.249422	-0.249422	
-0.461802	-0.435794	-0.375534	-0.29826	-0.196943	-0.054268	0.109143	0.259344	0.395784	0.541192	0.701858	0.865461	1.01279	1.10915	1.13245	1.06587	0.919572	0.701869	0.417091	0.113688	-0.134261	-0.312096	-0.455121	-0.562337	-0.620804	-0.62369	-0.569589	-0.470524	-0.354447	-0.252616	-0.179001	-0.134519	-0.122288	-0.148168	-0.195712	-0.241296	-0.278832	-0.307182	-0.307747	-0.275866	-0.252287	-0.254171	-0.261858	-0.269137	-0.284281	-0.310463	-0.319119	-0.292384	-0.263763	-0.263763	
-0.363272	-0.323743	-0.249382	-0.15797	-0.0478127	0.09238	0.246763	0.384833	0.504709	0.621194	0.736161	0.849491	0.943873	0.993016	0.977143	0.877722	0.701095	0.458879	0.168178	-0.134261	-0.384633	-0.563688	-0.691985	-0.767843	-0.792968	-0.76403	-0.673872	-0.532548	-0.371721	-0.222532	-0.106885	-0.0314463	0.00637323	0.000531714	-0.0338952	-0.0760458	-0.124295	-0.170683	-0.192134	-0.186774	-0.18635	-0.205264	-0.231155	-0.254817	-0.282116	-0.315637	-0.329982	-0.312345	-0.290235	-0.290235	
-0.28485	-0.233764	-0.143895	-0.0302662	0.0933476	0.230644	0.3703	0.496357	0.606754	0.695429	0.758779	0.810032	0.846873	0.847406	0.80046	0.686056	0.487689	0.230166	-0.0414846	-0.312096	-0.563688	-0.764035	-0.882109	-0.92473	-0.926384	-0.881935	-0.770863	-0.602294	-0.407288	-0.216341	-0.0642788	0.0366301	0.0977117	0.11968	0.108356	0.0744061	0.0225238	-0.0388086	-0.0847037	-0.106827	-0.131247	-0.167504	-0.203885	-0.236902	-0.271226	-0.302653	-0.31859	-0.318345	-0.312681	-0.312681	
-0.213592	-0.16279	-0.0728475	0.0509803	0.190348	0.331165	0.461048	0.576348	0.670497	0.730974	0.749748	0.751044	0.739379	0.696593	0.612909	0.477144	0.283939	0.0472803	-0.202595	-0.455121	-0.691985	-0.882109	-0.995807	-1.03397	-1.01761	-0.947877	-0.821512	-0.647556	-0.447427	-0.242131	-0.0658581	0.0596545	0.144088	0.190308	0.197358	0.173639	0.126502	0.0680807	0.0166964	-0.0289443	-0.0758509	-0.123834	-0.174068	-0.216686	-0.246641	-0.266962	-0.284018	-0.305257	-0.320796	-0.320796	
-0.135283	-0.0899037	-0.00555539	0.113237	0.246807	0.379181	0.502352	0.60778	0.683007	0.714495	0.703454	0.667553	0.611836	0.535689	0.422188	0.268191	0.0912064	-0.101873	-0.323149	-0.562337	-0.767843	-0.92473	-1.03397	-1.07732	-1.04397	-0.955249	-0.830552	-0.669809	-0.486148	-0.294255	-0.114647	0.032139	0.136354	0.197629	0.225408	0.225532	0.198893	0.151985	0.096719	0.0361389	-0.0257598	-0.0840689	-0.135757	-0.175064	-0.202823	-0.217265	-0.235552	-0.272622	-0.300727	-0.300727	
-0.0528022	-0.0160689	0.0597142	0.160262	0.268474	0.383201	0.49447	0.58849	0.646451	0.660887	0.636122	0.574358	0.479475	0.370704	0.245322	0.0919164	-0.0739497	-0.237678	-0.421022	-0.620804	-0.792968	-0.926384	-1.01761	-1.04397	-0.998925	-0.916695	-0.811158	-0.673048	-0.5205	-0.365902	-0.207233	-0.0574318	0.0614979	0.146087	0.203032	0.240323	0.251351	0.220204	0.160454	0.0898213	0.0179204	-0.0460444	-0.095142	-0.123484	-0.140227	-0.154411	-0.179877	-0.221735	-0.251368	-0.251368	
0.0291999	0.04429	0.0982286	0.173102	0.252392	0.342768	0.443073	0.527271	0.572002	0.576455	0.544419	0.473189	0.357831	0.22448	0.0900923	-0.0477018	-0.192769	-0.33673	-0.479128	-0.62369	-0.76403	-0.881935	-0.947877	-0.955249	-0.916695	-0.856197	-0.775022	-0.672375	-0.568632	-0.459993	-0.331427	-0.188977	-0.0574251	0.0479685	0.137129	0.218043	0.264164	0.256301	0.212098	0.146236	0.074872	0.0124728	-0.0351294	-0.0626786	-0.0802411	-0.098575	-0.125977	-0.158529	-0.175504	-0.175504	
0.0996781	0.0895689	0.10503	0.143365	0.193431	0.262017	0.35087	0.430249	0.471656	0.47012	0.430889	0.349652	0.231622	0.0957432	-0.0419423	-0.163151	-0.274728	-0.381297	-0.477906	-0.569589	-0.673872	-0.770863	-0.821512	-0.830552	-0.811158	-0.775022	-0.732165	-0.687611	-0.636396	-0.567901	-0.472113	-0.346532	-0.214509	-0.091695	0.0311224	0.150403	0.235087	0.267026	0.251808	0.203388	0.145291	0.0899203	0.0465783	0.0184272	-0.00985489	-0.0413495	-0.0731292	-0.0975745	-0.10401	-0.10401	
0.147952	0.105347	0.0799459	0.081739	0.11433	0.164713	0.231707	0.308207	0.359432	0.361728	0.311727	0.212283	0.0888216	-0.0374046	-0.161041	-0.264731	-0.339314	-0.39169	-0.431878	-0.470524	-0.532548	-0.602294	-0.647556	-0.669809	-0.673048	-0.672375	-0.687611	-0.707036	-0.702508	-0.671114	-0.610645	-0.52069	-0.407209	-0.263911	-0.103641	0.0448107	0.161513	0.238626	0.265096	0.247932	0.221219	0.190221	0.15095	0.110324	0.0656864	0.0218221	-0.0152591	-0.0374074	-0.0397315	-0.0397315	
0.172222	0.0881829	0.029137	0.00156333	0.0198629	0.0594887	0.110187	0.176007	0.233511	0.241901	0.188292	0.0789394	-0.0539864	-0.175522	-0.277153	-0.34943	-0.379754	-0.376971	-0.363588	-0.354447	-0.371721	-0.407288	-0.447427	-0.486148	-0.5205	-0.568632	-0.636396	-0.702508	-0.73938	-0.748184	-0.731557	-0.682443	-0.589047	-0.438444	-0.262438	-0.101103	0.0411862	0.158794	0.232965	0.269274	0.288566	0.288931	0.258724	0.199267	0.13433	0.0863756	0.0548926	0.0408502	0.0418267	0.0418267	
0.178204	0.0531509	-0.0341266	-0.0776559	-0.0738615	-0.0404522	0.00351632	0.056912	0.105432	0.113398	0.061885	-0.0477629	-0.182704	-0.302818	-0.384143	-0.41726	-0.400625	-0.352336	-0.299761	-0.252616	-0.222532	-0.216341	-0.242131	-0.294255	-0.365902	-0.459993	-0.567901	-0.671114	-0.748184	-0.799127	-0.822746	-0.803456	-0.725482	-0.585703	-0.419745	-0.260899	-0.10587	0.0385677	0.154861	0.242686	0.303268	0.335975	0.325663	0.272047	0.21709	0.177338	0.153227	0.145742	0.138201	0.138201	
0.151923	0.00194579	-0.0983916	-0.142367	-0.146872	-0.125411	-0.0806708	-0.0277907	0.00382781	-0.00349797	-0.0591538	-0.162147	-0.287022	-0.398538	-0.46107	-0.465644	-0.420347	-0.346993	-0.264068	-0.179001	-0.106885	-0.0642788	-0.0658581	-0.114647	-0.207233	-0.331427	-0.472113	-0.610645	-0.731557	-0.822746	-0.869194	-0.864461	-0.806963	-0.703756	-0.564184	-0.41061	-0.259979	-0.105923	0.0404147	0.1611	0.253906	0.320359	0.341866	0.318546	0.29491	0.281512	0.274949	0.276304	0.269068	0.269068	
0.0963744	-0.0592969	-0.165068	-0.20752	-0.205879	-0.182515	-0.137197	-0.0883538	-0.0701534	-0.096884	-0.161956	-0.254962	-0.359366	-0.454307	-0.505021	-0.499003	-0.447244	-0.367841	-0.257554	-0.134519	-0.0314463	0.0366301	0.0596545	0.032139	-0.0574318	-0.188977	-0.346532	-0.52069	-0.682443	-0.803456	-0.864461	-0.872619	-0.842242	-0.779352	-0.680009	-0.556755	-0.420888	-0.260756	-0.0986428	0.0409969	0.16031	0.25345	0.313185	0.342558	0.35976	0.380253	0.403848	0.42	0.421687	0.421687	
0.0289562	-0.126449	-0.226214	-0.268212	-0.258123	-0.221316	-0.178442	-0.143739	-0.130762	-0.15694	-0.22503	-0.315452	-0.40462	-0.4846	-0.532628	-0.52739	-0.477321	-0.39472	-0.26907	-0.122288	0.00637323	0.0977117	0.144088	0.136354	0.0614979	-0.0574251	-0.214509	-0.407209	-0.589047	-0.725482	-0.806963	-0.842242	-0.842161	-0.811074	-0.760579	-0.687715	-0.572933	-0.421315	-0.26099	-0.106792	0.0351795	0.157332	0.262881	0.352899	0.421594	0.477525	0.523585	0.548007	0.554442	0.554442	
-0.0407698	-0.185477	-0.269906	-0.315935	-0.313661	-0.268734	-0.217631	-0.188965	-0.176931	-0.18491	-0.238541	-0.328134	-0.42227	-0.501409	-0.548983	-0.548622	-0.502966	-0.419906	-0.29786	-0.148168	0.000531714	0.11968	0.190308	0.197629	0.146087	0.0479685	-0.091695	-0.263911	-0.438444	-0.585703	-0.703756	-0.779352	-0.811074	-0.825867	-0.831522	-0.796806	-0.697104	-0.564696	-0.419163	-0.259771	-0.103997	0.0518396	0.20687	0.346096	0.464585	0.555507	0.615988	0.647941	0.65805	0.65805	
-0.0839151	-0.219335	-0.30114	-0.346397	-0.354115	-0.314912	-0.261318	-0.224056	-0.205989	-0.205331	-0.244818	-0.322867	-0.421425	-0.505744	-0.555983	-0.564263	-0.528873	-0.451332	-0.33612	-0.195712	-0.0338952	0.108356	0.197358	0.225408	0.203032	0.137129	0.0311224	-0.103641	-0.262438	-0.419745	-0.564184	-0.680009	-0.760579	-0.831522	-0.879672	-0.870422	-0.795804	-0.682849	-0.547363	-0.389	-0.223499	-0.0494988	0.13296	0.309485	0.467891	0.589759	0.672559	0.721427	0.738407	0.738407	
-0.0942331	-0.228425	-0.312127	-0.349121	-0.354769	-0.327001	-0.289185	-0.254612	-0.233179	-0.239143	-0.277271	-0.339281	-0.42041	-0.500005	-0.555763	-0.579545	-0.562081	-0.489181	-0.376108	-0.241296	-0.0760458	0.0744061	0.173639	0.225532	0.240323	0.218043	0.150403	0.0448107	-0.101103	-0.260899	-0.41061	-0.556755	-0.687715	-0.796806	-0.870422	-0.889445	-0.857225	-0.776843	-0.652873	-0.496444	-0.320831	-0.140097	0.0495082	0.24772	0.430512	0.58021	0.68762	0.754726	0.791993	0.791993	
-0.0826791	-0.211805	-0.295887	-0.326672	-0.31893	-0.295309	-0.279223	-0.274368	-0.27199	-0.287412	-0.321825	-0.368777	-0.428113	-0.495782	-0.550415	-0.586135	-0.583647	-0.518598	-0.41195	-0.278832	-0.124295	0.0225238	0.126502	0.198893	0.251351	0.264164	0.235087	0.161513	0.0411862	-0.10587	-0.259979	-0.420888	-0.572933	-0.697104	-0.795804	-0.857225	-0.874938	-0.836353	-0.732864	-0.589095	-0.415083	-0.226328	-0.0294986	0.182761	0.376845	0.533084	0.654495	0.740352	0.793214	0.793214	
-0.0548504	-0.173612	-0.249588	-0.273532	-0.26278	-0.252492	-0.253996	-0.274765	-0.304983	-0.339572	-0.370819	-0.401713	-0.446682	-0.500781	-0.549535	-0.579288	-0.577686	-0.52382	-0.429672	-0.307182	-0.170683	-0.0388086	0.0680807	0.151985	0.220204	0.256301	0.267026	0.238626	0.158794	0.0385677	-0.105923	-0.260756	-0.421315	-0.564696	-0.682849	-0.776843	-0.836353	-0.840133	-0.771467	-0.649359	-0.491528	-0.310994	-0.109054	0.111047	0.302264	0.450296	0.577173	0.677792	0.736774	0.736774	
-0.00665603	-0.105222	-0.168526	-0.194762	-0.201365	-0.213803	-0.235776	-0.273366	-0.331609	-0.390808	-0.430878	-0.457068	-0.487308	-0.523854	-0.561195	-0.57547	-0.559707	-0.505768	-0.419151	-0.307747	-0.192134	-0.0847037	0.0166964	0.096719	0.160454	0.212098	0.251808	0.265096	0.232965	0.154861	0.0404147	-0.0986428	-0.26099	-0.419163	-0.547363	-0.652873	-0.732864	-0.771467	-0.748025	-0.65926	-0.534398	-0.380937	-0.186946	0.0138329	0.185498	0.334899	0.462042	0.564578	0.634843	0.634843	
0.0692652	-0.0057402	-0.0676811	-0.106923	-0.140076	-0.181274	-0.234813	-0.297961	-0.380086	-0.454316	-0.502975	-0.532673	-0.549669	-0.564825	-0.578273	-0.575842	-0.535679	-0.471053	-0.38181	-0.275866	-0.186774	-0.106827	-0.0289443	0.0361389	0.0898213	0.146236	0.203388	0.247932	0.269274	0.242686	0.1611	0.0409969	-0.106792	-0.259771	-0.389	-0.496444	-0.589095	-0.649359	-0.65926	-0.618317	-0.539299	-0.41796	-0.256581	-0.0946807	0.0530681	0.192145	0.309905	0.404028	0.465342	0.465342	
0.158839	0.107897	0.0523042	-0.0049244	-0.0766533	-0.16114	-0.248085	-0.33962	-0.440838	-0.524263	-0.572137	-0.599166	-0.607472	-0.602631	-0.591765	-0.566804	-0.506861	-0.432157	-0.34416	-0.252287	-0.18635	-0.131247	-0.0758509	-0.0257598	0.0179204	0.074872	0.145291	0.221219	0.288566	0.303268	0.253906	0.16031	0.0351795	-0.103997	-0.223499	-0.320831	-0.415083	-0.491528	-0.534398	-0.539299	-0.499595	-0.417051	-0.309366	-0.192012	-0.0705975	0.0364489	0.12595	0.193586	0.219362	0.219362	
0.267225	0.23818	0.182839	0.097885	-0.0132293	-0.141431	-0.270276	-0.395221	-0.505486	-0.589833	-0.633795	-0.653032	-0.647501	-0.622458	-0.590793	-0.542683	-0.474318	-0.395885	-0.32057	-0.254171	-0.205264	-0.167504	-0.123834	-0.0840689	-0.0460444	0.0124728	0.0899203	0.190221	0.288931	0.335975	0.320359	0.25345	0.157332	0.0518396	-0.0494988	-0.140097	-0.226328	-0.310994	-0.380937	-0.41796	-0.417051	-0.383555	-0.340172	-0.288219	-0.2105	-0.136971	-0.08349	-0.0509122	-0.0520032	-0.0520032	
0.396273	0.375296	0.297667	0.177965	0.0314816	-0.133907	-0.306817	-0.46613	-0.588271	-0.667	-0.702369	-0.699028	-0.668438	-0.619927	-0.565033	-0.503425	-0.433394	-0.363527	-0.301913	-0.261858	-0.231155	-0.203885	-0.174068	-0.135757	-0.095142	-0.0351294	0.0465783	0.15095	0.258724	0.325663	0.341866	0.313185	0.262881	0.20687	0.13296	0.0495082	-0.0294986	-0.109054	-0.186946	-0.256581	-0.309366	-0.340172	-0.369441	-0.389807	-0.369913	-0.332053	-0.306698	-0.300764	-0.312052	-0.312052	
0.510856	0.493737	0.399194	0.241386	0.0536354	-0.148213	-0.353357	-0.5404	-0.678184	-0.754516	-0.777491	-0.741071	-0.676121	-0.601153	-0.525763	-0.456346	-0.392091	-0.336441	-0.289402	-0.269137	-0.254817	-0.236902	-0.216686	-0.175064	-0.123484	-0.0626786	0.0184272	0.110324	0.199267	0.272047	0.318546	0.342558	0.352899	0.346096	0.309485	0.24772	0.182761	0.111047	0.0138329	-0.0946807	-0.192012	-0.288219	-0.389807	-0.47419	-0.52093	-0.532121	-0.535994	-0.55125	-0.563796	-0.563796	
0.602954	0.582565	0.476826	0.290939	0.0682774	-0.167419	-0.405308	-0.612446	-0.753012	-0.825979	-0.839502	-0.785502	-0.687333	-0.584606	-0.486779	-0.404438	-0.349676	-0.308202	-0.287129	-0.284281	-0.282116	-0.271226	-0.246641	-0.202823	-0.140227	-0.0802411	-0.00985489	0.0656864	0.13433	0.21709	0.29491	0.35976	0.421594	0.464585	0.467891	0.430512	0.376845	0.302264	0.185498	0.0530681	-0.0705975	-0.2105	-0.369913	-0.52093	-0.644806	-0.721295	-0.766846	-0.802548	-0.814034	-0.814034	
0.690066	0.647611	0.519822	0.3191	0.0699227	-0.192082	-0.447873	-0.656616	-0.794961	-0.864501	-0.871069	-0.815515	-0.706497	-0.58409	-0.460477	-0.35998	-0.30791	-0.285859	-0.294158	-0.310463	-0.315637	-0.302653	-0.266962	-0.217265	-0.154411	-0.098575	-0.0413495	0.0218221	0.0863756	0.177338	0.281512	0.380253	0.477525	0.555507	0.589759	0.58021	0.533084	0.450296	0.334899	0.192145	0.0364489	-0.136971	-0.332053	-0.532121	-0.721295	-0.868617	-0.971871	-1.04278	-1.06883	-1.06883	
0.768058	0.699859	0.546127	0.32117	0.0480267	-0.232089	-0.483665	-0.680871	-0.811539	-0.876071	-0.879401	-0.82644	-0.725396	-0.592836	-0.454451	-0.339834	-0.279288	-0.2686	-0.29066	-0.319119	-0.329982	-0.31859	-0.284018	-0.235552	-0.179877	-0.125977	-0.0731292	-0.0152591	0.0548926	0.153227	0.274949	0.403848	0.523585	0.615988	0.672559	0.68762	0.654495	0.577173	0.462042	0.309905	0.12595	-0.08349	-0.306698	-0.535994	-0.766846	-0.971871	-1.13233	-1.24166	-1.29012	-1.29012	
0.832214	0.742965	0.562673	0.307735	0.0141779	-0.279318	-0.525627	-0.708772	-0.824148	-0.878053	-0.875761	-0.82486	-0.731927	-0.599455	-0.461522	-0.3453	-0.271949	-0.252389	-0.267198	-0.292384	-0.312345	-0.318345	-0.305257	-0.272622	-0.221735	-0.158529	-0.0975745	-0.0374074	0.0408502	0.145742	0.276304	0.42	0.548007	0.647941	0.721427	0.754726	0.740352	0.677792	0.564578	0.404028	0.193586	-0.0509122	-0.300764	-0.55125	-0.802548	-1.04278	-1.24166	-1.37369	-1.44037	-1.44037	
0.877427	0.772006	0.570457	0.300997	-0.0096143	-0.310734	-0.551455	-0.720386	-0.831357	-0.878806	-0.864814	-0.812962	-0.726589	-0.604709	-0.472471	-0.36289	-0.281961	-0.249234	-0.249422	-0.263763	-0.290235	-0.312681	-0.320796	-0.300727	-0.251368	-0.175504	-0.10401	-0.0397315	0.0418267	0.138201	0.269068	0.421687	0.554442	0.65805	0.738407	0.791993	0.793214	0.736774	0.634843	0.465342	0.219362	-0.0520032	-0.312052	-0.563796	-0.814034	-1.06883	-1.29012	-1.44037	-1.52529	-1.52529	
0.877427	0.772006	0.570457	0.300997	-0.0096143	-0.310734	-0.551455	-0.720386	-0.831357	-0.878806	-0.864814	-0.812962	-0.726589	-0.604709	-0.472471	-0.36289	-0.281961	-0.249234	-0.249422	-0.263763	-0.290235	-0.312681	-0.320796	-0.300727	-0.251368	-0.175504	-0.10401	-0.0397315	0.0418267	0.138201	0.269068	0.421687	0.554442	0.65805	0.738407	0.791993	0.793214	0.736774	0.634843	0.465342	0.219362	-0.0520032	-0.312052	-0.563796	-0.814034	-1.06883	-1.29012	-1.44037	-1.52529	-1.52529	
