1.10118	1.01149	0.893339	0.749495	0.5881	0.405958	0.20667	0.00710927	-0.178667	-0.345973	-0.485712	-0.587909	-0.660447	-0.712765	-0.737465	-0.745466	-0.746034	-0.74391	-0.745268	-0.75068	-0.744113	-0.734111	-0.7339	-0.709862	-0.656764	-0.58552	-0.502353	-0.413094	-0.320641	-0.229084	-0.139843	-0.0578206	0.0259227	0.113367	0.190509	0.251461	0.299724	0.333922	0.346473	0.338976	0.321983	0.304013	0.279727	0.240263	0.194672	0.156957	0.126897	0.108902	0.108105	0.108105	
1.01149	0.866542	0.697487	0.511946	0.323427	0.132242	-0.0544833	-0.226259	-0.372614	-0.497625	-0.602174	-0.666339	-0.691072	-0.697409	-0.689446	-0.676968	-0.671332	-0.675074	-0.681294	-0.690325	-0.686941	-0.682614	-0.685977	-0.666932	-0.624186	-0.561344	-0.495015	-0.438091	-0.383068	-0.318893	-0.250431	-0.189866	-0.120436	-0.0370121	0.0473003	0.12544	0.192256	0.244331	0.285033	0.318587	0.341498	0.348933	0.340794	0.325069	0.30624	0.282962	0.255829	0.23941	0.243364	0.243364	
0.893339	0.697487	0.477613	0.262126	0.0585585	-0.13231	-0.297561	-0.440072	-0.553031	-0.640082	-0.700037	-0.721802	-0.705459	-0.671633	-0.633797	-0.599657	-0.58359	-0.583457	-0.589229	-0.5994	-0.597608	-0.597746	-0.602274	-0.593181	-0.5664	-0.519791	-0.476824	-0.449423	-0.430447	-0.398822	-0.354378	-0.30817	-0.249823	-0.180685	-0.0996005	-0.0155697	0.0583258	0.130193	0.202021	0.270278	0.332791	0.370321	0.380861	0.392107	0.404547	0.407108	0.396639	0.385262	0.39134	0.39134	
0.749495	0.511946	0.262126	0.0344174	-0.176473	-0.354124	-0.498518	-0.614685	-0.695213	-0.740449	-0.762704	-0.756559	-0.706853	-0.638754	-0.573288	-0.523984	-0.497707	-0.486693	-0.48535	-0.488401	-0.490479	-0.500049	-0.509573	-0.512301	-0.501015	-0.479273	-0.468578	-0.470966	-0.474229	-0.458001	-0.435061	-0.404444	-0.351739	-0.292911	-0.2224	-0.141224	-0.0648527	0.0151242	0.106793	0.198059	0.283709	0.355667	0.403252	0.443888	0.483873	0.514931	0.529941	0.530959	0.535093	0.535093	
0.5881	0.323427	0.0585585	-0.176473	-0.374632	-0.529177	-0.647979	-0.731631	-0.778847	-0.796225	-0.792352	-0.752363	-0.675943	-0.589044	-0.508569	-0.449901	-0.411159	-0.388881	-0.380393	-0.381232	-0.389012	-0.40265	-0.420379	-0.43608	-0.444938	-0.453901	-0.467088	-0.491482	-0.513999	-0.509269	-0.490494	-0.460584	-0.420213	-0.373601	-0.316995	-0.251786	-0.172822	-0.0831798	0.0188532	0.12203	0.216693	0.313294	0.401865	0.47676	0.540777	0.595239	0.638528	0.658355	0.660565	0.660565	
0.405958	0.132242	-0.13231	-0.354124	-0.529177	-0.657634	-0.748862	-0.802575	-0.82222	-0.809888	-0.767722	-0.699152	-0.617983	-0.531013	-0.444639	-0.377714	-0.32933	-0.302091	-0.295822	-0.306741	-0.312434	-0.315319	-0.333477	-0.358396	-0.390383	-0.427253	-0.462522	-0.494867	-0.520272	-0.536543	-0.530517	-0.501888	-0.470787	-0.433885	-0.391505	-0.335309	-0.255394	-0.163801	-0.055653	0.0513543	0.149471	0.262264	0.378526	0.481933	0.56756	0.640732	0.710981	0.756692	0.76701	0.76701	
0.20667	-0.0544833	-0.297561	-0.498518	-0.647979	-0.748862	-0.815762	-0.845946	-0.834235	-0.780667	-0.704395	-0.619932	-0.541954	-0.461077	-0.379338	-0.312276	-0.269722	-0.248948	-0.24489	-0.258063	-0.259094	-0.257111	-0.266905	-0.289268	-0.330711	-0.384829	-0.437257	-0.47158	-0.497273	-0.52236	-0.534025	-0.525993	-0.502427	-0.472827	-0.441517	-0.390102	-0.314213	-0.227589	-0.129201	-0.02688	0.0787154	0.201288	0.337096	0.467815	0.575597	0.665648	0.751621	0.81422	0.835785	0.835785	
0.00710927	-0.226259	-0.440072	-0.614685	-0.731631	-0.802575	-0.845946	-0.851323	-0.803122	-0.719069	-0.625355	-0.533467	-0.452552	-0.382555	-0.322253	-0.273411	-0.248784	-0.234626	-0.230865	-0.239154	-0.234769	-0.228435	-0.231703	-0.245824	-0.276281	-0.32558	-0.376744	-0.417384	-0.450529	-0.473528	-0.493372	-0.507551	-0.503719	-0.484527	-0.45959	-0.420627	-0.357201	-0.281289	-0.198051	-0.0991794	0.012619	0.136639	0.279234	0.423076	0.549299	0.661805	0.761268	0.835199	0.871319	0.871319	
-0.178667	-0.372614	-0.553031	-0.695213	-0.778847	-0.82222	-0.834235	-0.803122	-0.728061	-0.631099	-0.530209	-0.435841	-0.362129	-0.321493	-0.294224	-0.267394	-0.251737	-0.242818	-0.24747	-0.257218	-0.244479	-0.221118	-0.213703	-0.224131	-0.24627	-0.276549	-0.305501	-0.340074	-0.377865	-0.399994	-0.419002	-0.445755	-0.46603	-0.466967	-0.449242	-0.420467	-0.375793	-0.315392	-0.246833	-0.154354	-0.0406755	0.0772498	0.212845	0.357635	0.492856	0.620889	0.731613	0.811721	0.854088	0.854088	
-0.345973	-0.497625	-0.640082	-0.740449	-0.796225	-0.809888	-0.780667	-0.719069	-0.631099	-0.519727	-0.410534	-0.330183	-0.288425	-0.283601	-0.281713	-0.270669	-0.264713	-0.269224	-0.276994	-0.279769	-0.263645	-0.238243	-0.222891	-0.221652	-0.235567	-0.251298	-0.257946	-0.269032	-0.286694	-0.303116	-0.331222	-0.365897	-0.396071	-0.415783	-0.410166	-0.390266	-0.364672	-0.323556	-0.263705	-0.178616	-0.0730829	0.0417503	0.164654	0.294159	0.426373	0.545593	0.645902	0.720655	0.751408	0.751408	
-0.485712	-0.602174	-0.700037	-0.762704	-0.792352	-0.767722	-0.704395	-0.625355	-0.530209	-0.410534	-0.310657	-0.252796	-0.234122	-0.244813	-0.266912	-0.280526	-0.28625	-0.292649	-0.292158	-0.284949	-0.269924	-0.257811	-0.246148	-0.241484	-0.240067	-0.23089	-0.222335	-0.221558	-0.220936	-0.221146	-0.248627	-0.286491	-0.312801	-0.334215	-0.343108	-0.335591	-0.320578	-0.295949	-0.239701	-0.156224	-0.0658313	0.0359126	0.141066	0.24243	0.344927	0.432561	0.503042	0.554162	0.570266	0.570266	
-0.587909	-0.666339	-0.721802	-0.756559	-0.752363	-0.699152	-0.619932	-0.533467	-0.435841	-0.330183	-0.252796	-0.212919	-0.203139	-0.216023	-0.256417	-0.291657	-0.30355	-0.301042	-0.294744	-0.283718	-0.27268	-0.264945	-0.256476	-0.255967	-0.240555	-0.21076	-0.190131	-0.190253	-0.186727	-0.17532	-0.190471	-0.218196	-0.237385	-0.246571	-0.254468	-0.256469	-0.243499	-0.217608	-0.164395	-0.0916573	-0.0199049	0.0502161	0.120046	0.18657	0.241966	0.283837	0.317377	0.338832	0.344104	0.344104	
-0.660447	-0.691072	-0.705459	-0.706853	-0.675943	-0.617983	-0.541954	-0.452552	-0.362129	-0.288425	-0.234122	-0.203139	-0.197889	-0.214254	-0.253077	-0.287881	-0.30186	-0.296343	-0.285074	-0.273963	-0.269487	-0.263478	-0.254843	-0.249328	-0.232145	-0.202494	-0.177054	-0.171551	-0.168113	-0.159625	-0.152813	-0.156807	-0.167419	-0.160997	-0.150494	-0.142876	-0.128505	-0.101377	-0.0601438	-0.0125151	0.0307517	0.0607533	0.0912214	0.117905	0.12485	0.120895	0.11336	0.106137	0.101349	0.101349	
-0.712765	-0.697409	-0.671633	-0.638754	-0.589044	-0.531013	-0.461077	-0.382555	-0.321493	-0.283601	-0.244813	-0.216023	-0.214254	-0.23129	-0.254576	-0.278236	-0.290401	-0.277024	-0.256884	-0.247929	-0.249827	-0.249618	-0.24629	-0.238949	-0.224178	-0.206346	-0.183333	-0.162685	-0.158745	-0.159472	-0.135091	-0.102142	-0.0825022	-0.0622954	-0.0340316	-0.00903118	0.00975528	0.0318533	0.0476402	0.0601613	0.0668719	0.0570234	0.0454898	0.0279393	-0.0026604	-0.0466329	-0.0872982	-0.109339	-0.128958	-0.128958	
-0.737465	-0.689446	-0.633797	-0.573288	-0.508569	-0.444639	-0.379338	-0.322253	-0.294224	-0.281713	-0.266912	-0.256417	-0.253077	-0.254576	-0.265272	-0.281777	-0.280735	-0.252726	-0.22266	-0.2128	-0.21767	-0.223805	-0.229169	-0.229438	-0.220656	-0.206603	-0.188264	-0.16958	-0.158356	-0.146746	-0.110232	-0.0490339	0.00360715	0.0392795	0.0791889	0.116321	0.143164	0.159063	0.150576	0.128984	0.0930273	0.0401878	-0.0155351	-0.0801961	-0.147556	-0.212482	-0.266046	-0.298451	-0.322157	-0.322157	
-0.745466	-0.676968	-0.599657	-0.523984	-0.449901	-0.377714	-0.312276	-0.273411	-0.267394	-0.270669	-0.280526	-0.291657	-0.287881	-0.278236	-0.281777	-0.280189	-0.261704	-0.233407	-0.20357	-0.184129	-0.19331	-0.210196	-0.20998	-0.21337	-0.219328	-0.209282	-0.186916	-0.168003	-0.145001	-0.109094	-0.0606233	0.00992792	0.0799806	0.126857	0.169624	0.215947	0.251914	0.259824	0.231103	0.179086	0.107559	0.0167279	-0.0803428	-0.181664	-0.282033	-0.363054	-0.419356	-0.460658	-0.487405	-0.487405	
-0.746034	-0.671332	-0.58359	-0.497707	-0.411159	-0.32933	-0.269722	-0.248784	-0.251737	-0.264713	-0.28625	-0.30355	-0.30186	-0.290401	-0.280735	-0.261704	-0.235216	-0.215371	-0.196516	-0.178109	-0.189218	-0.202091	-0.194954	-0.195803	-0.208056	-0.20459	-0.17727	-0.148225	-0.110894	-0.0600988	-0.00153519	0.0683214	0.142894	0.204837	0.249884	0.292404	0.321371	0.315251	0.27078	0.195075	0.0993055	-0.0137397	-0.137644	-0.263205	-0.383015	-0.478809	-0.545918	-0.596794	-0.62822	-0.62822	
-0.74391	-0.675074	-0.583457	-0.486693	-0.388881	-0.302091	-0.248948	-0.234626	-0.242818	-0.269224	-0.292649	-0.301042	-0.296343	-0.277024	-0.252726	-0.233407	-0.215371	-0.202122	-0.200373	-0.202499	-0.204068	-0.194512	-0.183041	-0.178433	-0.175014	-0.164146	-0.142747	-0.107645	-0.0622262	-0.0116598	0.0553412	0.123827	0.191679	0.258111	0.305153	0.338741	0.349373	0.32543	0.270523	0.186074	0.0756641	-0.0535937	-0.192146	-0.332313	-0.45967	-0.562788	-0.641205	-0.694886	-0.723526	-0.723526	
-0.745268	-0.681294	-0.589229	-0.48535	-0.380393	-0.295822	-0.24489	-0.230865	-0.24747	-0.276994	-0.292158	-0.294744	-0.285074	-0.256884	-0.22266	-0.20357	-0.196516	-0.200373	-0.215494	-0.22394	-0.217855	-0.19403	-0.168403	-0.14731	-0.125711	-0.106453	-0.0876731	-0.0519032	-0.000750223	0.0510736	0.110991	0.17222	0.230869	0.287941	0.332126	0.34982	0.334682	0.294885	0.228966	0.136335	0.0241656	-0.106553	-0.246805	-0.379603	-0.498466	-0.605746	-0.695676	-0.755006	-0.78014	-0.78014	
-0.75068	-0.690325	-0.5994	-0.488401	-0.381232	-0.306741	-0.258063	-0.239154	-0.257218	-0.279769	-0.284949	-0.283718	-0.273963	-0.247929	-0.2128	-0.184129	-0.178109	-0.202499	-0.22394	-0.223511	-0.215631	-0.193928	-0.152698	-0.111115	-0.0853801	-0.0606607	-0.0282894	0.0184746	0.0783673	0.131923	0.179828	0.227101	0.265646	0.300839	0.33336	0.326676	0.278339	0.217513	0.139441	0.0447305	-0.0574146	-0.173331	-0.294761	-0.405678	-0.509833	-0.610413	-0.705407	-0.77354	-0.793065	-0.793065	
-0.744113	-0.686941	-0.597608	-0.490479	-0.389012	-0.312434	-0.259094	-0.234769	-0.244479	-0.263645	-0.269924	-0.27268	-0.269487	-0.249827	-0.21767	-0.19331	-0.189218	-0.204068	-0.217855	-0.215631	-0.201681	-0.17514	-0.134285	-0.0892982	-0.0491308	-0.0108316	0.0322441	0.0943511	0.162695	0.215798	0.255534	0.284436	0.298846	0.302768	0.29835	0.261649	0.193556	0.115955	0.0294466	-0.0636024	-0.156872	-0.252157	-0.350595	-0.438937	-0.516554	-0.597448	-0.676473	-0.730595	-0.748284	-0.748284	
-0.734111	-0.682614	-0.597746	-0.500049	-0.40265	-0.315319	-0.257111	-0.228435	-0.221118	-0.238243	-0.257811	-0.264945	-0.263478	-0.249618	-0.223805	-0.210196	-0.202091	-0.194512	-0.19403	-0.193928	-0.17514	-0.141281	-0.111442	-0.0718702	-0.0191423	0.0341438	0.0885088	0.159307	0.229839	0.283893	0.324341	0.334997	0.32379	0.297621	0.244782	0.171437	0.0876358	-0.000809683	-0.0887168	-0.176787	-0.260072	-0.334134	-0.407317	-0.474455	-0.526698	-0.572264	-0.616315	-0.647386	-0.656639	-0.656639	
-0.7339	-0.685977	-0.602274	-0.509573	-0.420379	-0.333477	-0.266905	-0.231703	-0.213703	-0.222891	-0.246148	-0.256476	-0.254843	-0.24629	-0.229169	-0.20998	-0.194954	-0.183041	-0.168403	-0.152698	-0.134285	-0.111442	-0.0773555	-0.0296717	0.020037	0.0754416	0.141505	0.215828	0.280527	0.32811	0.358127	0.354623	0.324801	0.266984	0.173823	0.0759851	-0.0190138	-0.118701	-0.208693	-0.290769	-0.357806	-0.404965	-0.450165	-0.491429	-0.521318	-0.535565	-0.542667	-0.552175	-0.553047	-0.553047	
-0.709862	-0.666932	-0.593181	-0.512301	-0.43608	-0.358396	-0.289268	-0.245824	-0.224131	-0.221652	-0.241484	-0.255967	-0.249328	-0.238949	-0.229438	-0.21337	-0.195803	-0.178433	-0.14731	-0.111115	-0.0892982	-0.0718702	-0.0296717	0.0293426	0.0837756	0.141511	0.209237	0.270065	0.315611	0.347311	0.351059	0.330553	0.285128	0.198617	0.0815116	-0.0314598	-0.129273	-0.223178	-0.307428	-0.381026	-0.431193	-0.456842	-0.479884	-0.495113	-0.500901	-0.489407	-0.468227	-0.459601	-0.451156	-0.451156	
-0.656764	-0.624186	-0.5664	-0.501015	-0.444938	-0.390383	-0.330711	-0.276281	-0.24627	-0.235567	-0.240067	-0.240555	-0.232145	-0.224178	-0.220656	-0.219328	-0.208056	-0.175014	-0.125711	-0.0853801	-0.0491308	-0.0191423	0.020037	0.0837756	0.157149	0.223715	0.281396	0.327247	0.344801	0.337726	0.309965	0.270719	0.20403	0.0972442	-0.0196862	-0.131745	-0.227978	-0.310875	-0.385912	-0.44468	-0.482663	-0.496525	-0.4973	-0.491239	-0.471258	-0.436228	-0.399278	-0.371937	-0.353343	-0.353343	
-0.58552	-0.561344	-0.519791	-0.479273	-0.453901	-0.427253	-0.384829	-0.32558	-0.276549	-0.251298	-0.23089	-0.21076	-0.202494	-0.206346	-0.206603	-0.209282	-0.20459	-0.164146	-0.106453	-0.0606607	-0.0108316	0.0341438	0.0754416	0.141511	0.223715	0.288432	0.332486	0.363008	0.351922	0.30397	0.246522	0.180664	0.0943222	-0.0104808	-0.113636	-0.210786	-0.298288	-0.374446	-0.44251	-0.495406	-0.527513	-0.529488	-0.507931	-0.473342	-0.42197	-0.373697	-0.334352	-0.297067	-0.27977	-0.27977	
-0.502353	-0.495015	-0.476824	-0.468578	-0.467088	-0.462522	-0.437257	-0.376744	-0.305501	-0.257946	-0.222335	-0.190131	-0.177054	-0.183333	-0.188264	-0.186916	-0.17727	-0.142747	-0.0876731	-0.0282894	0.0322441	0.0885088	0.141505	0.209237	0.281396	0.332486	0.360356	0.358672	0.317856	0.248518	0.169615	0.0743134	-0.0311321	-0.119854	-0.200916	-0.28367	-0.358754	-0.419717	-0.470499	-0.512262	-0.534598	-0.532422	-0.500939	-0.446596	-0.383557	-0.324853	-0.279276	-0.24358	-0.222824	-0.222824	
-0.413094	-0.438091	-0.449423	-0.470966	-0.491482	-0.494867	-0.47158	-0.417384	-0.340074	-0.269032	-0.221558	-0.190253	-0.171551	-0.162685	-0.16958	-0.168003	-0.148225	-0.107645	-0.0519032	0.0184746	0.0943511	0.159307	0.215828	0.270065	0.327247	0.363008	0.358672	0.311457	0.246649	0.17257	0.0737356	-0.0384201	-0.141901	-0.217969	-0.287808	-0.357705	-0.4137	-0.459468	-0.486422	-0.499321	-0.504185	-0.491089	-0.454892	-0.403001	-0.346873	-0.29214	-0.247471	-0.216638	-0.199176	-0.199176	
-0.320641	-0.383068	-0.430447	-0.474229	-0.513999	-0.520272	-0.497273	-0.450529	-0.377865	-0.286694	-0.220936	-0.186727	-0.168113	-0.158745	-0.158356	-0.145001	-0.110894	-0.0622262	-0.000750223	0.0783673	0.162695	0.229839	0.280527	0.315611	0.344801	0.351922	0.317856	0.246649	0.169338	0.0904165	-0.0218736	-0.140016	-0.230649	-0.302964	-0.371157	-0.427753	-0.468711	-0.497665	-0.496068	-0.473287	-0.449012	-0.414546	-0.376475	-0.34165	-0.302964	-0.267422	-0.237881	-0.215895	-0.209971	-0.209971	
-0.229084	-0.318893	-0.398822	-0.458001	-0.509269	-0.536543	-0.52236	-0.473528	-0.399994	-0.303116	-0.221146	-0.17532	-0.159625	-0.159472	-0.146746	-0.109094	-0.0600988	-0.0116598	0.0510736	0.131923	0.215798	0.283893	0.32811	0.347311	0.337726	0.30397	0.248518	0.17257	0.0904165	-0.000116279	-0.111964	-0.222598	-0.313291	-0.389834	-0.441888	-0.473645	-0.499847	-0.506592	-0.483188	-0.438104	-0.387266	-0.339728	-0.304545	-0.284724	-0.265532	-0.250466	-0.237526	-0.224098	-0.22589	-0.22589	
-0.139843	-0.250431	-0.354378	-0.435061	-0.490494	-0.530517	-0.534025	-0.493372	-0.419002	-0.331222	-0.248627	-0.190471	-0.152813	-0.135091	-0.110232	-0.0606233	-0.00153519	0.0553412	0.110991	0.179828	0.255534	0.324341	0.358127	0.351059	0.309965	0.246522	0.169615	0.0737356	-0.0218736	-0.111964	-0.203812	-0.295514	-0.380524	-0.445836	-0.481334	-0.496747	-0.499031	-0.479537	-0.445192	-0.39329	-0.334181	-0.291677	-0.260496	-0.241872	-0.235913	-0.2354	-0.235264	-0.233935	-0.238631	-0.238631	
-0.0578206	-0.189866	-0.30817	-0.404444	-0.460584	-0.501888	-0.525993	-0.507551	-0.445755	-0.365897	-0.286491	-0.218196	-0.156807	-0.102142	-0.0490339	0.00992792	0.0683214	0.123827	0.17222	0.227101	0.284436	0.334997	0.354623	0.330553	0.270719	0.180664	0.0743134	-0.0384201	-0.140016	-0.222598	-0.295514	-0.367435	-0.428571	-0.469124	-0.491143	-0.496897	-0.478661	-0.437307	-0.39621	-0.345418	-0.291562	-0.260233	-0.228853	-0.20603	-0.210944	-0.221712	-0.233349	-0.247279	-0.254494	-0.254494	
0.0259227	-0.120436	-0.249823	-0.351739	-0.420213	-0.470787	-0.502427	-0.503719	-0.46603	-0.396071	-0.312801	-0.237385	-0.167419	-0.0825022	0.00360715	0.0799806	0.142894	0.191679	0.230869	0.265646	0.298846	0.32379	0.324801	0.285128	0.20403	0.0943222	-0.0311321	-0.141901	-0.230649	-0.313291	-0.380524	-0.428571	-0.459397	-0.480555	-0.49028	-0.475079	-0.438072	-0.389	-0.342309	-0.300283	-0.264927	-0.237072	-0.20378	-0.180982	-0.18854	-0.211777	-0.233654	-0.254941	-0.273614	-0.273614	
0.113367	-0.0370121	-0.180685	-0.292911	-0.373601	-0.433885	-0.472827	-0.484527	-0.466967	-0.415783	-0.334215	-0.246571	-0.160997	-0.0622954	0.0392795	0.126857	0.204837	0.258111	0.287941	0.300839	0.302768	0.297621	0.266984	0.198617	0.0972442	-0.0104808	-0.119854	-0.217969	-0.302964	-0.389834	-0.445836	-0.469124	-0.480555	-0.481771	-0.472772	-0.440383	-0.390288	-0.337591	-0.287106	-0.253457	-0.235241	-0.216394	-0.196556	-0.185222	-0.19639	-0.219986	-0.231757	-0.244225	-0.264226	-0.264226	
0.190509	0.0473003	-0.0996005	-0.2224	-0.316995	-0.391505	-0.441517	-0.45959	-0.449242	-0.410166	-0.343108	-0.254468	-0.150494	-0.0340316	0.0791889	0.169624	0.249884	0.305153	0.332126	0.33336	0.29835	0.244782	0.173823	0.0815116	-0.0196862	-0.113636	-0.200916	-0.287808	-0.371157	-0.441888	-0.481334	-0.491143	-0.49028	-0.472772	-0.433687	-0.385624	-0.334415	-0.286284	-0.245926	-0.221907	-0.212617	-0.204909	-0.201896	-0.206233	-0.219302	-0.229205	-0.22593	-0.227722	-0.235491	-0.235491	
0.251461	0.12544	-0.0155697	-0.141224	-0.251786	-0.335309	-0.390102	-0.420627	-0.420467	-0.390266	-0.335591	-0.256469	-0.142876	-0.00903118	0.116321	0.215947	0.292404	0.338741	0.34982	0.326676	0.261649	0.171437	0.0759851	-0.0314598	-0.131745	-0.210786	-0.28367	-0.357705	-0.427753	-0.473645	-0.496747	-0.496897	-0.475079	-0.440383	-0.385624	-0.326096	-0.280119	-0.246488	-0.220579	-0.205756	-0.200333	-0.201351	-0.215439	-0.229429	-0.233046	-0.226886	-0.218656	-0.215873	-0.209219	-0.209219	
0.299724	0.192256	0.0583258	-0.0648527	-0.172822	-0.255394	-0.314213	-0.357201	-0.375793	-0.364672	-0.320578	-0.243499	-0.128505	0.00975528	0.143164	0.251914	0.321371	0.349373	0.334682	0.278339	0.193556	0.0876358	-0.0190138	-0.129273	-0.227978	-0.298288	-0.358754	-0.4137	-0.468711	-0.499847	-0.499031	-0.478661	-0.438072	-0.390288	-0.334415	-0.280119	-0.245372	-0.221714	-0.203626	-0.193553	-0.18667	-0.199202	-0.234047	-0.250468	-0.240665	-0.224106	-0.21352	-0.204467	-0.185169	-0.185169	
0.333922	0.244331	0.130193	0.0151242	-0.0831798	-0.163801	-0.227589	-0.281289	-0.315392	-0.323556	-0.295949	-0.217608	-0.101377	0.0318533	0.159063	0.259824	0.315251	0.32543	0.294885	0.217513	0.115955	-0.000809683	-0.118701	-0.223178	-0.310875	-0.374446	-0.419717	-0.459468	-0.497665	-0.506592	-0.479537	-0.437307	-0.389	-0.337591	-0.286284	-0.246488	-0.221714	-0.207366	-0.19937	-0.193131	-0.191727	-0.207764	-0.237395	-0.248775	-0.23212	-0.213962	-0.21004	-0.200879	-0.179123	-0.179123	
0.346473	0.285033	0.202021	0.106793	0.0188532	-0.055653	-0.129201	-0.198051	-0.246833	-0.263705	-0.239701	-0.164395	-0.0601438	0.0476402	0.150576	0.231103	0.27078	0.270523	0.228966	0.139441	0.0294466	-0.0887168	-0.208693	-0.307428	-0.385912	-0.44251	-0.470499	-0.486422	-0.496068	-0.483188	-0.445192	-0.39621	-0.342309	-0.287106	-0.245926	-0.220579	-0.203626	-0.19937	-0.204413	-0.20891	-0.213974	-0.218941	-0.222755	-0.225603	-0.216588	-0.205835	-0.207459	-0.201008	-0.184517	-0.184517	
0.338976	0.318587	0.270278	0.198059	0.12203	0.0513543	-0.02688	-0.0991794	-0.154354	-0.178616	-0.156224	-0.0916573	-0.0125151	0.0601613	0.128984	0.179086	0.195075	0.186074	0.136335	0.0447305	-0.0636024	-0.176787	-0.290769	-0.381026	-0.44468	-0.495406	-0.512262	-0.499321	-0.473287	-0.438104	-0.39329	-0.345418	-0.300283	-0.253457	-0.221907	-0.205756	-0.193553	-0.193131	-0.20891	-0.230432	-0.237569	-0.223983	-0.206165	-0.201215	-0.201026	-0.201451	-0.204345	-0.199246	-0.192606	-0.192606	
0.321983	0.341498	0.332791	0.283709	0.216693	0.149471	0.0787154	0.012619	-0.0406755	-0.0730829	-0.0658313	-0.0199049	0.0307517	0.0668719	0.0930273	0.107559	0.0993055	0.0756641	0.0241656	-0.0574146	-0.156872	-0.260072	-0.357806	-0.431193	-0.482663	-0.527513	-0.534598	-0.504185	-0.449012	-0.387266	-0.334181	-0.291562	-0.264927	-0.235241	-0.212617	-0.200333	-0.18667	-0.191727	-0.213974	-0.237569	-0.248883	-0.230191	-0.200529	-0.188489	-0.185041	-0.189005	-0.197294	-0.199102	-0.204927	-0.204927	
0.304013	0.348933	0.370321	0.355667	0.313294	0.262264	0.201288	0.136639	0.0772498	0.0417503	0.0359126	0.0502161	0.0607533	0.0570234	0.0401878	0.0167279	-0.0137397	-0.0535937	-0.106553	-0.173331	-0.252157	-0.334134	-0.404965	-0.456842	-0.496525	-0.529488	-0.532422	-0.491089	-0.414546	-0.339728	-0.291677	-0.260233	-0.237072	-0.216394	-0.204909	-0.201351	-0.199202	-0.207764	-0.218941	-0.223983	-0.230191	-0.225595	-0.206378	-0.190145	-0.179915	-0.181225	-0.189002	-0.196713	-0.212123	-0.212123	
0.279727	0.340794	0.380861	0.403252	0.401865	0.378526	0.337096	0.279234	0.212845	0.164654	0.141066	0.120046	0.0912214	0.0454898	-0.0155351	-0.0803428	-0.137644	-0.192146	-0.246805	-0.294761	-0.350595	-0.407317	-0.450165	-0.479884	-0.4973	-0.507931	-0.500939	-0.454892	-0.376475	-0.304545	-0.260496	-0.228853	-0.20378	-0.196556	-0.201896	-0.215439	-0.234047	-0.237395	-0.222755	-0.206165	-0.200529	-0.206378	-0.20492	-0.19215	-0.184398	-0.182411	-0.183104	-0.195707	-0.213703	-0.213703	
0.240263	0.325069	0.392107	0.443888	0.47676	0.481933	0.467815	0.423076	0.357635	0.294159	0.24243	0.18657	0.117905	0.0279393	-0.0801961	-0.181664	-0.263205	-0.332313	-0.379603	-0.405678	-0.438937	-0.474455	-0.491429	-0.495113	-0.491239	-0.473342	-0.446596	-0.403001	-0.34165	-0.284724	-0.241872	-0.20603	-0.180982	-0.185222	-0.206233	-0.229429	-0.250468	-0.248775	-0.225603	-0.201215	-0.188489	-0.190145	-0.19215	-0.190054	-0.194241	-0.191841	-0.183451	-0.191756	-0.205284	-0.205284	
0.194672	0.30624	0.404547	0.483873	0.540777	0.56756	0.575597	0.549299	0.492856	0.426373	0.344927	0.241966	0.12485	-0.0026604	-0.147556	-0.282033	-0.383015	-0.45967	-0.498466	-0.509833	-0.516554	-0.526698	-0.521318	-0.500901	-0.471258	-0.42197	-0.383557	-0.346873	-0.302964	-0.265532	-0.235913	-0.210944	-0.18854	-0.19639	-0.219302	-0.233046	-0.240665	-0.23212	-0.216588	-0.201026	-0.185041	-0.179915	-0.184398	-0.194241	-0.210684	-0.212632	-0.192494	-0.179378	-0.179742	-0.179742	
0.156957	0.282962	0.407108	0.514931	0.595239	0.640732	0.665648	0.661805	0.620889	0.545593	0.432561	0.283837	0.120895	-0.0466329	-0.212482	-0.363054	-0.478809	-0.562788	-0.605746	-0.610413	-0.597448	-0.572264	-0.535565	-0.489407	-0.436228	-0.373697	-0.324853	-0.29214	-0.267422	-0.250466	-0.2354	-0.221712	-0.211777	-0.219986	-0.229205	-0.226886	-0.224106	-0.213962	-0.205835	-0.201451	-0.189005	-0.181225	-0.182411	-0.191841	-0.212632	-0.217676	-0.199659	-0.180411	-0.164171	-0.164171	
0.126897	0.255829	0.396639	0.529941	0.638528	0.710981	0.751621	0.761268	0.731613	0.645902	0.503042	0.317377	0.11336	-0.0872982	-0.266046	-0.419356	-0.545918	-0.641205	-0.695676	-0.705407	-0.676473	-0.616315	-0.542667	-0.468227	-0.399278	-0.334352	-0.279276	-0.247471	-0.237881	-0.237526	-0.235264	-0.233349	-0.233654	-0.231757	-0.22593	-0.218656	-0.21352	-0.21004	-0.207459	-0.204345	-0.197294	-0.189002	-0.183104	-0.183451	-0.192494	-0.199659	-0.19968	-0.191442	-0.176338	-0.176338	
0.108902	0.23941	0.385262	0.530959	0.658355	0.756692	0.81422	0.835199	0.811721	0.720655	0.554162	0.338832	0.106137	-0.109339	-0.298451	-0.460658	-0.596794	-0.694886	-0.755006	-0.77354	-0.730595	-0.647386	-0.552175	-0.459601	-0.371937	-0.297067	-0.24358	-0.216638	-0.215895	-0.224098	-0.233935	-0.247279	-0.254941	-0.244225	-0.227722	-0.215873	-0.204467	-0.200879	-0.201008	-0.199246	-0.199102	-0.196713	-0.195707	-0.191756	-0.179378	-0.180411	-0.191442	-0.19243	-0.192541	-0.192541	
0.108105	0.243364	0.39134	0.535093	0.660565	0.76701	0.835785	0.871319	0.854088	0.751408	0.570266	0.344104	0.101349	-0.128958	-0.322157	-0.487405	-0.62822	-0.723526	-0.78014	-0.793065	-0.748284	-0.656639	-0.553047	-0.451156	-0.353343	-0.27977	-0.222824	-0.199176	-0.209971	-0.22589	-0.238631	-0.254494	-0.273614	-0.264226	-0.235491	-0.209219	-0.185169	-0.179123	-0.184517	-0.192606	-0.204927	-0.212123	-0.213703	-0.205284	-0.179742	-0.164171	-0.176338	-0.192541	-0.199747	-0.199747	
0.108105	0.243364	0.39134	0.535093	0.660565	0.76701	0.835785	0.871319	0.854088	0.751408	0.570266	0.344104	0.101349	-0.128958	-0.322157	-0.487405	-0.62822	-0.723526	-0.78014	-0.793065	-0.748284	-0.656639	-0.553047	-0.451156	-0.353343	-0.27977	-0.222824	-0.199176	-0.209971	-0.22589	-0.238631	-0.254494	-0.273614	-0.264226	-0.235491	-0.209219	-0.185169	-0.179123	-0.184517	-0.192606	-0.204927	-0.212123	-0.213703	-0.205284	-0.179742	-0.164171	-0.176338	-0.192541	-0.199747	-0.199747	
