-0.102265	-0.102265	-0.10296	-0.103773	-0.0999712	-0.105569	-0.105954	-0.100677	-0.102097	-0.108244	-0.103771	-0.105923	-0.110082	-0.109507	-0.108569	-0.114118	-0.117822	-0.111248	-0.114211	-0.126168	-0.120011	-0.119139	-0.123459	-0.132689	-0.136139	-0.124976	-0.13179	-0.149271	-0.154979	-0.142656	-0.144005	-0.159809	-0.177591	-0.189991	-0.180635	-0.167081	-0.179767	-0.224257	-0.264706	-0.27482	-0.264417	-0.239159	-0.224011	-0.256283	-0.363314	-0.533202	-0.716093	-0.881981	-1.00656	-1.04996	
-0.102265	-0.102265	-0.10296	-0.103773	-0.0999712	-0.105569	-0.105954	-0.100677	-0.102097	-0.108244	-0.103771	-0.105923	-0.110082	-0.109507	-0.108569	-0.114118	-0.117822	-0.111248	-0.114211	-0.126168	-0.120011	-0.119139	-0.123459	-0.132689	-0.136139	-0.124976	-0.13179	-0.149271	-0.154979	-0.142656	-0.144005	-0.159809	-0.177591	-0.189991	-0.180635	-0.167081	-0.179767	-0.224257	-0.264706	-0.27482	-0.264417	-0.239159	-0.224011	-0.256283	-0.363314	-0.533202	-0.716093	-0.881981	-1.00656	-1.04996	
-0.10296	-0.10296	-0.0982086	-0.105932	-0.103475	-0.100663	-0.102987	-0.107155	-0.107015	-0.108961	-0.10511	-0.104457	-0.113723	-0.107177	-0.103373	-0.11189	-0.113743	-0.109909	-0.113649	-0.120173	-0.120496	-0.117865	-0.125433	-0.13103	-0.134982	-0.128872	-0.134212	-0.150062	-0.152846	-0.146879	-0.14752	-0.163008	-0.177212	-0.188834	-0.180632	-0.172628	-0.184474	-0.22542	-0.259702	-0.270683	-0.260472	-0.238986	-0.229345	-0.264779	-0.370807	-0.535759	-0.712009	-0.877734	-0.993877	-1.03753	
-0.103773	-0.103773	-0.105932	-0.100635	-0.102376	-0.103478	-0.101204	-0.104794	-0.103956	-0.102724	-0.108395	-0.107837	-0.105512	-0.111649	-0.114534	-0.113683	-0.115053	-0.114665	-0.120575	-0.118662	-0.121995	-0.122236	-0.126016	-0.128661	-0.131	-0.131502	-0.136403	-0.143562	-0.147579	-0.146116	-0.151608	-0.160615	-0.174002	-0.180084	-0.179474	-0.178203	-0.192945	-0.225014	-0.25231	-0.264791	-0.257798	-0.245999	-0.247664	-0.290569	-0.396378	-0.5468	-0.717019	-0.867774	-0.97544	-1.00582	
-0.0999712	-0.0999712	-0.103475	-0.102376	-0.103281	-0.108714	-0.108552	-0.100962	-0.105274	-0.101409	-0.107411	-0.110346	-0.105055	-0.109831	-0.112095	-0.109156	-0.113099	-0.117527	-0.118278	-0.116569	-0.119927	-0.128469	-0.124856	-0.129636	-0.128158	-0.139971	-0.140869	-0.141639	-0.145302	-0.152019	-0.160591	-0.162845	-0.174169	-0.173166	-0.184211	-0.187799	-0.208316	-0.223148	-0.244822	-0.254668	-0.253485	-0.253933	-0.268353	-0.322472	-0.422723	-0.556057	-0.714966	-0.847749	-0.943457	-0.96066	
-0.105569	-0.105569	-0.100663	-0.103478	-0.108714	-0.0953681	-0.100545	-0.108499	-0.11034	-0.108609	-0.108966	-0.109195	-0.104201	-0.110739	-0.114588	-0.108552	-0.108486	-0.1203	-0.11677	-0.113598	-0.120568	-0.128558	-0.126019	-0.125524	-0.127685	-0.143979	-0.142973	-0.137387	-0.141305	-0.158098	-0.164454	-0.165743	-0.16735	-0.169233	-0.183903	-0.20201	-0.217548	-0.221449	-0.232081	-0.242285	-0.250056	-0.263795	-0.297699	-0.362204	-0.453853	-0.572874	-0.708042	-0.827231	-0.901494	-0.900679	
-0.105954	-0.105954	-0.102987	-0.101204	-0.108552	-0.100545	-0.106613	-0.109153	-0.099494	-0.103226	-0.107255	-0.110105	-0.107148	-0.113889	-0.116777	-0.110999	-0.113465	-0.125867	-0.117893	-0.114925	-0.125226	-0.129321	-0.127882	-0.122527	-0.13034	-0.145277	-0.143576	-0.132529	-0.140098	-0.161979	-0.166516	-0.166153	-0.159924	-0.166865	-0.185487	-0.216716	-0.224604	-0.219728	-0.220424	-0.233146	-0.252974	-0.283091	-0.339109	-0.411505	-0.493833	-0.593552	-0.701595	-0.799118	-0.846762	-0.823531	
-0.100677	-0.100677	-0.107155	-0.104794	-0.100962	-0.108499	-0.109153	-0.104469	-0.103614	-0.107561	-0.110812	-0.108174	-0.109129	-0.110502	-0.111764	-0.11076	-0.1154	-0.119932	-0.116118	-0.116999	-0.126803	-0.128013	-0.127948	-0.125524	-0.134381	-0.14789	-0.143757	-0.13435	-0.145311	-0.16692	-0.171499	-0.166341	-0.160111	-0.167694	-0.195655	-0.228498	-0.231676	-0.216387	-0.209907	-0.22689	-0.256764	-0.307864	-0.380723	-0.457812	-0.530281	-0.604566	-0.687365	-0.758281	-0.776302	-0.74046	
-0.102097	-0.102097	-0.107015	-0.103956	-0.105274	-0.11034	-0.099494	-0.103614	-0.114671	-0.111041	-0.108191	-0.107493	-0.109838	-0.111316	-0.111926	-0.115335	-0.115071	-0.11585	-0.119397	-0.120936	-0.126184	-0.125216	-0.129211	-0.128541	-0.137437	-0.144766	-0.141853	-0.13766	-0.150076	-0.167922	-0.170843	-0.165396	-0.159358	-0.173083	-0.203802	-0.236306	-0.231824	-0.212008	-0.202252	-0.224193	-0.269349	-0.339376	-0.428497	-0.506068	-0.565943	-0.616272	-0.668533	-0.708005	-0.697884	-0.643079	
-0.108244	-0.108244	-0.108961	-0.102724	-0.101409	-0.108609	-0.103226	-0.107561	-0.111041	-0.104246	-0.104684	-0.112126	-0.119137	-0.112603	-0.113045	-0.118819	-0.119051	-0.11666	-0.121866	-0.124814	-0.123467	-0.125011	-0.129601	-0.131954	-0.138461	-0.138069	-0.140567	-0.142524	-0.154123	-0.164103	-0.167172	-0.16285	-0.161582	-0.180224	-0.210896	-0.235961	-0.227638	-0.206718	-0.199409	-0.228637	-0.290086	-0.380379	-0.477479	-0.555445	-0.598125	-0.625462	-0.644505	-0.646787	-0.610948	-0.536456	
-0.103771	-0.103771	-0.10511	-0.108395	-0.107411	-0.108966	-0.107255	-0.110812	-0.108191	-0.104684	-0.111629	-0.114594	-0.113587	-0.102874	-0.114658	-0.123797	-0.115357	-0.113409	-0.126006	-0.128653	-0.123768	-0.126083	-0.134504	-0.139436	-0.141047	-0.135467	-0.145911	-0.154332	-0.160542	-0.162659	-0.167548	-0.166796	-0.173449	-0.194355	-0.219952	-0.234208	-0.2246	-0.208659	-0.205329	-0.245359	-0.320599	-0.426415	-0.524302	-0.594615	-0.620105	-0.620509	-0.603339	-0.570404	-0.507214	-0.423802	
-0.105923	-0.105923	-0.104457	-0.107837	-0.110346	-0.109195	-0.110105	-0.108174	-0.107493	-0.112126	-0.114594	-0.109313	-0.110892	-0.112335	-0.118535	-0.121745	-0.110045	-0.11958	-0.129125	-0.127138	-0.12127	-0.127843	-0.137404	-0.143302	-0.136256	-0.13418	-0.149987	-0.164178	-0.158897	-0.159149	-0.164257	-0.172705	-0.18482	-0.206255	-0.220525	-0.224306	-0.219373	-0.210402	-0.219306	-0.267356	-0.360702	-0.471654	-0.567718	-0.626024	-0.633896	-0.608049	-0.553134	-0.485352	-0.399949	-0.30831	
-0.110082	-0.110082	-0.113723	-0.105512	-0.105055	-0.104201	-0.107148	-0.109129	-0.109838	-0.119137	-0.113587	-0.110892	-0.116659	-0.121339	-0.118956	-0.116503	-0.117569	-0.124431	-0.126768	-0.122899	-0.121929	-0.130853	-0.13783	-0.140526	-0.131218	-0.134597	-0.156074	-0.165494	-0.155089	-0.152532	-0.163943	-0.17856	-0.19746	-0.211722	-0.214008	-0.210325	-0.214564	-0.217744	-0.240302	-0.300371	-0.405349	-0.516293	-0.603472	-0.646939	-0.637952	-0.581646	-0.493369	-0.390104	-0.290648	-0.192066	
-0.109507	-0.109507	-0.107177	-0.111649	-0.109831	-0.110739	-0.113889	-0.110502	-0.111316	-0.112603	-0.102874	-0.112335	-0.121339	-0.116733	-0.114492	-0.119204	-0.127997	-0.126646	-0.12638	-0.128818	-0.132141	-0.138756	-0.142005	-0.141637	-0.137252	-0.145628	-0.166266	-0.167051	-0.157139	-0.154735	-0.173488	-0.193238	-0.214699	-0.217764	-0.209304	-0.205437	-0.22148	-0.241162	-0.278297	-0.350651	-0.459411	-0.561244	-0.633885	-0.657397	-0.628072	-0.538533	-0.414931	-0.282709	-0.169754	-0.0704502	
-0.108569	-0.108569	-0.103373	-0.114534	-0.112095	-0.114588	-0.116777	-0.111764	-0.111926	-0.113045	-0.114658	-0.118535	-0.118956	-0.114492	-0.115491	-0.119405	-0.127653	-0.123356	-0.121245	-0.129833	-0.134948	-0.137467	-0.137957	-0.138291	-0.143038	-0.154073	-0.165544	-0.16322	-0.156314	-0.159954	-0.181714	-0.206733	-0.221832	-0.214049	-0.19829	-0.201384	-0.229855	-0.268019	-0.319164	-0.401714	-0.50327	-0.592201	-0.643422	-0.650012	-0.595419	-0.478222	-0.32347	-0.173138	-0.052683	0.0417349	
-0.114118	-0.114118	-0.11189	-0.113683	-0.109156	-0.108552	-0.110999	-0.11076	-0.115335	-0.118819	-0.123797	-0.121745	-0.116503	-0.119204	-0.119405	-0.127448	-0.131107	-0.119071	-0.121559	-0.136405	-0.137433	-0.134826	-0.132574	-0.140452	-0.151022	-0.158274	-0.158168	-0.158109	-0.158811	-0.167345	-0.191393	-0.214898	-0.220709	-0.203499	-0.19095	-0.204085	-0.248771	-0.303924	-0.37168	-0.45567	-0.545165	-0.613457	-0.64439	-0.628942	-0.550144	-0.403633	-0.227551	-0.0619761	0.0597993	0.149578	
-0.117822	-0.117822	-0.113743	-0.115053	-0.113099	-0.108486	-0.113465	-0.1154	-0.115071	-0.119051	-0.115357	-0.110045	-0.117569	-0.127997	-0.127653	-0.131107	-0.128629	-0.122427	-0.137004	-0.146186	-0.140174	-0.135741	-0.137907	-0.152633	-0.162298	-0.160467	-0.153183	-0.161256	-0.170001	-0.18164	-0.20433	-0.220195	-0.216298	-0.197236	-0.1961	-0.222295	-0.282918	-0.355423	-0.435131	-0.512668	-0.582434	-0.626296	-0.634746	-0.593167	-0.487208	-0.315595	-0.121451	0.0511927	0.175357	0.258375	
-0.111248	-0.111248	-0.109909	-0.114665	-0.117527	-0.1203	-0.125867	-0.119932	-0.11585	-0.11666	-0.113409	-0.11958	-0.124431	-0.126646	-0.123356	-0.119071	-0.122427	-0.131768	-0.141013	-0.138649	-0.133833	-0.137585	-0.145702	-0.16117	-0.166717	-0.156075	-0.153169	-0.170372	-0.186352	-0.197738	-0.21382	-0.219238	-0.208384	-0.198511	-0.211015	-0.251811	-0.324894	-0.412068	-0.494024	-0.555363	-0.599133	-0.616174	-0.598905	-0.529321	-0.397207	-0.208808	-0.00795581	0.165374	0.282416	0.356144	
-0.114211	-0.114211	-0.113649	-0.120575	-0.118278	-0.11677	-0.117893	-0.116118	-0.119397	-0.121866	-0.126006	-0.129125	-0.126768	-0.12638	-0.121245	-0.121559	-0.137004	-0.141013	-0.134469	-0.131162	-0.137779	-0.144172	-0.15132	-0.163379	-0.159973	-0.15007	-0.155136	-0.180348	-0.197802	-0.205077	-0.211039	-0.205864	-0.199583	-0.204352	-0.235055	-0.287612	-0.374249	-0.469544	-0.545134	-0.584916	-0.600768	-0.592435	-0.547946	-0.450042	-0.298382	-0.100327	0.0992352	0.268048	0.380734	0.43755	
-0.126168	-0.126168	-0.120173	-0.118662	-0.116569	-0.113598	-0.114925	-0.116999	-0.120936	-0.124814	-0.128653	-0.127138	-0.122899	-0.128818	-0.129833	-0.136405	-0.146186	-0.138649	-0.131162	-0.138627	-0.148773	-0.1516	-0.158825	-0.161089	-0.155203	-0.153272	-0.168273	-0.194349	-0.208471	-0.209446	-0.202534	-0.196899	-0.201697	-0.228647	-0.272208	-0.339345	-0.43229	-0.528651	-0.58667	-0.601096	-0.589198	-0.553099	-0.479314	-0.35544	-0.188429	0.00860097	0.204429	0.365946	0.469974	0.510033	
-0.120011	-0.120011	-0.120496	-0.121995	-0.119927	-0.120568	-0.125226	-0.126803	-0.126184	-0.123467	-0.123768	-0.12127	-0.121929	-0.132141	-0.134948	-0.137433	-0.140174	-0.133833	-0.137779	-0.148773	-0.156412	-0.162003	-0.162244	-0.158667	-0.158329	-0.171705	-0.188182	-0.209206	-0.217892	-0.209735	-0.196988	-0.198372	-0.224526	-0.267895	-0.326627	-0.400668	-0.496584	-0.578101	-0.613302	-0.599123	-0.558437	-0.492235	-0.386871	-0.24116	-0.067797	0.12478	0.309552	0.462857	0.551706	0.564174	
-0.119139	-0.119139	-0.117865	-0.122236	-0.128469	-0.128558	-0.129321	-0.128013	-0.125216	-0.125011	-0.126083	-0.127843	-0.130853	-0.138756	-0.137467	-0.134826	-0.135741	-0.137585	-0.144172	-0.1516	-0.162003	-0.161257	-0.154439	-0.152196	-0.169791	-0.188355	-0.199066	-0.212035	-0.214825	-0.200325	-0.19038	-0.210477	-0.255706	-0.315346	-0.382382	-0.462667	-0.546207	-0.606905	-0.613367	-0.57318	-0.503708	-0.405678	-0.275315	-0.116334	0.053387	0.23244	0.40565	0.542139	0.610943	0.592112	
-0.123459	-0.123459	-0.125433	-0.126016	-0.124856	-0.126019	-0.127882	-0.127948	-0.129211	-0.129601	-0.134504	-0.137404	-0.13783	-0.142005	-0.137957	-0.132574	-0.137907	-0.145702	-0.15132	-0.158825	-0.162244	-0.154439	-0.148448	-0.163608	-0.188571	-0.201866	-0.202728	-0.210058	-0.206408	-0.193237	-0.198182	-0.239788	-0.301499	-0.371108	-0.445811	-0.519574	-0.583377	-0.61369	-0.594627	-0.527286	-0.427669	-0.300868	-0.150298	0.00985893	0.170279	0.334039	0.490011	0.608032	0.647582	0.592725	
-0.132689	-0.132689	-0.13103	-0.128661	-0.129636	-0.125524	-0.122527	-0.125524	-0.128541	-0.131954	-0.139436	-0.143302	-0.140526	-0.141637	-0.138291	-0.140452	-0.152633	-0.16117	-0.163379	-0.161089	-0.158667	-0.152196	-0.163608	-0.185295	-0.204625	-0.207046	-0.203322	-0.203307	-0.198956	-0.198497	-0.226311	-0.285821	-0.357891	-0.4354	-0.508573	-0.567225	-0.599942	-0.602736	-0.556807	-0.463714	-0.333943	-0.182966	-0.0251022	0.130464	0.275758	0.423429	0.561486	0.653106	0.662185	0.571589	
-0.136139	-0.136139	-0.134982	-0.131	-0.128158	-0.127685	-0.13034	-0.134381	-0.137437	-0.138461	-0.141047	-0.136256	-0.131218	-0.137252	-0.143038	-0.151022	-0.162298	-0.166717	-0.159973	-0.155203	-0.158329	-0.169791	-0.188571	-0.204625	-0.213044	-0.212581	-0.202938	-0.200217	-0.205473	-0.229746	-0.27702	-0.347801	-0.425421	-0.504356	-0.565438	-0.595538	-0.596479	-0.569524	-0.498521	-0.37528	-0.218298	-0.0525764	0.105846	0.248473	0.380185	0.508277	0.621786	0.681509	0.652252	0.526825	
-0.124976	-0.124976	-0.128872	-0.131502	-0.139971	-0.143979	-0.145277	-0.14789	-0.144766	-0.138069	-0.135467	-0.13418	-0.134597	-0.145628	-0.154073	-0.158274	-0.160467	-0.156075	-0.15007	-0.153272	-0.171705	-0.188355	-0.201866	-0.207046	-0.212581	-0.207283	-0.195083	-0.199104	-0.229033	-0.275603	-0.33561	-0.410577	-0.490382	-0.560183	-0.596056	-0.593654	-0.562518	-0.509786	-0.40973	-0.259871	-0.0836296	0.0854603	0.233106	0.361823	0.473864	0.578878	0.659468	0.679662	0.612752	0.457369	
-0.13179	-0.13179	-0.134212	-0.136403	-0.140869	-0.142973	-0.143576	-0.143757	-0.141853	-0.140567	-0.145911	-0.149987	-0.156074	-0.166266	-0.165544	-0.158168	-0.153183	-0.153169	-0.155136	-0.168273	-0.188182	-0.199066	-0.202728	-0.203322	-0.202938	-0.195083	-0.188991	-0.216414	-0.269482	-0.330734	-0.394233	-0.47161	-0.543957	-0.591945	-0.595277	-0.560786	-0.502879	-0.422188	-0.296095	-0.125303	0.0560932	0.21628	0.348541	0.45729	0.547947	0.620207	0.662033	0.641021	0.540822	0.366354	
-0.149271	-0.149271	-0.150062	-0.143562	-0.141639	-0.137387	-0.132529	-0.13435	-0.13766	-0.142524	-0.154332	-0.164178	-0.165494	-0.167051	-0.16322	-0.158109	-0.161256	-0.170372	-0.180348	-0.194349	-0.209206	-0.212035	-0.210058	-0.203307	-0.200217	-0.199104	-0.216414	-0.266528	-0.33459	-0.399585	-0.465395	-0.536748	-0.589424	-0.605326	-0.575906	-0.514434	-0.429218	-0.321761	-0.17216	0.00688112	0.182947	0.328708	0.443603	0.534207	0.597832	0.635908	0.637356	0.581723	0.459114	0.278867	
-0.154979	-0.154979	-0.152846	-0.147579	-0.145302	-0.141305	-0.140098	-0.145311	-0.150076	-0.154123	-0.160542	-0.158897	-0.155089	-0.157139	-0.156314	-0.158811	-0.170001	-0.186352	-0.197802	-0.208471	-0.217892	-0.214825	-0.206408	-0.198956	-0.205473	-0.229033	-0.269482	-0.33459	-0.406324	-0.473926	-0.534434	-0.587386	-0.60761	-0.589216	-0.531075	-0.442603	-0.329406	-0.195397	-0.0329932	0.144106	0.306895	0.436425	0.534095	0.600874	0.632717	0.629797	0.592612	0.506964	0.371375	0.191381	
-0.142656	-0.142656	-0.146879	-0.146116	-0.152019	-0.158098	-0.161979	-0.16692	-0.167922	-0.164103	-0.162659	-0.159149	-0.152532	-0.154735	-0.159954	-0.167345	-0.18164	-0.197738	-0.205077	-0.209446	-0.209735	-0.200325	-0.193237	-0.198497	-0.229746	-0.275603	-0.330734	-0.399585	-0.473926	-0.536928	-0.579986	-0.601017	-0.585991	-0.538038	-0.453237	-0.337611	-0.196927	-0.0470723	0.115828	0.279867	0.425444	0.536668	0.611491	0.647052	0.638012	0.592721	0.519439	0.413593	0.272116	0.101334	
-0.144005	-0.144005	-0.14752	-0.151608	-0.160591	-0.164454	-0.166516	-0.171499	-0.170843	-0.167172	-0.167548	-0.164257	-0.163943	-0.173488	-0.181714	-0.191393	-0.20433	-0.21382	-0.211039	-0.202534	-0.196988	-0.19038	-0.198182	-0.226311	-0.27702	-0.33561	-0.394233	-0.465395	-0.534434	-0.579986	-0.591351	-0.576976	-0.532031	-0.457924	-0.347121	-0.204703	-0.0471214	0.104412	0.25427	0.399126	0.524483	0.61236	0.656427	0.652003	0.599372	0.515903	0.41877	0.304656	0.172057	0.0166978	
-0.159809	-0.159809	-0.163008	-0.160615	-0.162845	-0.165743	-0.166153	-0.166341	-0.165396	-0.16285	-0.166796	-0.172705	-0.17856	-0.193238	-0.206733	-0.214898	-0.220195	-0.219238	-0.205864	-0.196899	-0.198372	-0.210477	-0.239788	-0.285821	-0.347801	-0.410577	-0.47161	-0.536748	-0.587386	-0.601017	-0.576976	-0.532619	-0.461407	-0.361576	-0.223561	-0.0627983	0.0985708	0.238886	0.37036	0.496026	0.59966	0.659926	0.667129	0.620663	0.530056	0.42036	0.313132	0.205302	0.0865951	-0.0470575	
-0.177591	-0.177591	-0.177212	-0.174002	-0.174169	-0.16735	-0.159924	-0.160111	-0.159358	-0.161582	-0.173449	-0.18482	-0.19746	-0.214699	-0.221832	-0.220709	-0.216298	-0.208384	-0.199583	-0.201697	-0.224526	-0.255706	-0.301499	-0.357891	-0.425421	-0.490382	-0.543957	-0.589424	-0.60761	-0.585991	-0.532031	-0.461407	-0.364436	-0.236949	-0.0794352	0.0867653	0.237918	0.359929	0.472593	0.577057	0.65474	0.679155	0.644622	0.558895	0.438776	0.316977	0.213029	0.118377	0.0207822	-0.0950853	
-0.189991	-0.189991	-0.188834	-0.180084	-0.173166	-0.169233	-0.166865	-0.167694	-0.173083	-0.180224	-0.194355	-0.206255	-0.211722	-0.217764	-0.214049	-0.203499	-0.197236	-0.198511	-0.204352	-0.228647	-0.267895	-0.315346	-0.371108	-0.4354	-0.504356	-0.560183	-0.591945	-0.605326	-0.589216	-0.538038	-0.457924	-0.361576	-0.236949	-0.0893487	0.0748564	0.232054	0.365073	0.468492	0.560833	0.64179	0.684988	0.668749	0.593619	0.475645	0.34017	0.217726	0.12514	0.0488119	-0.0333469	-0.132686	
-0.180635	-0.180635	-0.180632	-0.179474	-0.184211	-0.183903	-0.185487	-0.195655	-0.203802	-0.210896	-0.219952	-0.220525	-0.214008	-0.209304	-0.19829	-0.19095	-0.1961	-0.211015	-0.235055	-0.272208	-0.326627	-0.382382	-0.445811	-0.508573	-0.565438	-0.596056	-0.595277	-0.575906	-0.531075	-0.453237	-0.347121	-0.223561	-0.0794352	0.0748564	0.230209	0.369182	0.482307	0.564119	0.63322	0.679744	0.681935	0.622221	0.511336	0.373934	0.233459	0.121661	0.0462088	-0.01324	-0.0781852	-0.167515	
-0.167081	-0.167081	-0.172628	-0.178203	-0.187799	-0.20201	-0.216716	-0.228498	-0.236306	-0.235961	-0.234208	-0.224306	-0.210325	-0.205437	-0.201384	-0.204085	-0.222295	-0.251811	-0.287612	-0.339345	-0.400668	-0.462667	-0.519574	-0.567225	-0.595538	-0.593654	-0.560786	-0.514434	-0.442603	-0.337611	-0.204703	-0.0627983	0.0867653	0.232054	0.369182	0.488297	0.578599	0.636812	0.671897	0.678789	0.636254	0.539061	0.405412	0.259942	0.128123	0.0322244	-0.0251324	-0.0671334	-0.122423	-0.202218	
-0.179767	-0.179767	-0.184474	-0.192945	-0.208316	-0.217548	-0.224604	-0.231676	-0.231824	-0.227638	-0.2246	-0.219373	-0.214564	-0.22148	-0.229855	-0.248771	-0.282918	-0.324894	-0.374249	-0.43229	-0.496584	-0.546207	-0.583377	-0.599942	-0.596479	-0.562518	-0.502879	-0.429218	-0.329406	-0.196927	-0.0471214	0.0985708	0.237918	0.365073	0.482307	0.578599	0.643812	0.666972	0.662845	0.624906	0.543955	0.421408	0.277793	0.140285	0.0242223	-0.0489886	-0.0849368	-0.111417	-0.152957	-0.224144	
-0.224257	-0.224257	-0.22542	-0.225014	-0.223148	-0.221449	-0.219728	-0.216387	-0.212008	-0.206718	-0.208659	-0.210402	-0.217744	-0.241162	-0.268019	-0.303924	-0.355423	-0.412068	-0.469544	-0.528651	-0.578101	-0.606905	-0.61369	-0.602736	-0.569524	-0.509786	-0.422188	-0.321761	-0.195397	-0.0470723	0.104412	0.238886	0.359929	0.468492	0.564119	0.636812	0.666972	0.65216	0.605473	0.532374	0.427053	0.295661	0.160793	0.0402137	-0.0508574	-0.0998853	-0.116927	-0.128347	-0.163462	-0.229436	
-0.264706	-0.264706	-0.259702	-0.25231	-0.244822	-0.232081	-0.220424	-0.209907	-0.202252	-0.199409	-0.205329	-0.219306	-0.240302	-0.278297	-0.319164	-0.37168	-0.435131	-0.494024	-0.545134	-0.58667	-0.613302	-0.613367	-0.594627	-0.556807	-0.498521	-0.40973	-0.296095	-0.17216	-0.0329932	0.115828	0.25427	0.37036	0.472593	0.560833	0.63322	0.671897	0.662845	0.605473	0.524751	0.428192	0.313302	0.188739	0.0687798	-0.0281282	-0.0970914	-0.125706	-0.128029	-0.133284	-0.166088	-0.232518	
-0.27482	-0.27482	-0.270683	-0.264791	-0.254668	-0.242285	-0.233146	-0.22689	-0.224193	-0.228637	-0.245359	-0.267356	-0.300371	-0.350651	-0.401714	-0.45567	-0.512668	-0.555363	-0.584916	-0.601096	-0.599123	-0.57318	-0.527286	-0.463714	-0.37528	-0.259871	-0.125303	0.00688112	0.144106	0.279867	0.399126	0.496026	0.577057	0.64179	0.679744	0.678789	0.624906	0.532374	0.428192	0.322287	0.211988	0.0995987	0.000488514	-0.0774622	-0.127949	-0.142492	-0.139166	-0.143278	-0.180875	-0.25292	
-0.264417	-0.264417	-0.260472	-0.257798	-0.253485	-0.250056	-0.252974	-0.256764	-0.269349	-0.290086	-0.320599	-0.360702	-0.405349	-0.459411	-0.50327	-0.545165	-0.582434	-0.599133	-0.600768	-0.589198	-0.558437	-0.503708	-0.427669	-0.333943	-0.218298	-0.0836296	0.0560932	0.182947	0.306895	0.425444	0.524483	0.59966	0.65474	0.684988	0.681935	0.636254	0.543955	0.427053	0.313302	0.211988	0.111633	0.0175895	-0.0649812	-0.125689	-0.162841	-0.168365	-0.161098	-0.166892	-0.209248	-0.283515	
-0.239159	-0.239159	-0.238986	-0.245999	-0.253933	-0.263795	-0.283091	-0.307864	-0.339376	-0.380379	-0.426415	-0.471654	-0.516293	-0.561244	-0.592201	-0.613457	-0.626296	-0.616174	-0.592435	-0.553099	-0.492235	-0.405678	-0.300868	-0.182966	-0.0525764	0.0854603	0.21628	0.328708	0.436425	0.536668	0.61236	0.659926	0.679155	0.668749	0.622221	0.539061	0.421408	0.295661	0.188739	0.0995987	0.0175895	-0.0600482	-0.124903	-0.171823	-0.197603	-0.194601	-0.18502	-0.192396	-0.237633	-0.313802	
-0.224011	-0.224011	-0.229345	-0.247664	-0.268353	-0.297699	-0.339109	-0.380723	-0.428497	-0.477479	-0.524302	-0.567718	-0.603472	-0.633885	-0.643422	-0.64439	-0.634746	-0.598905	-0.547946	-0.479314	-0.386871	-0.275315	-0.150298	-0.0251022	0.105846	0.233106	0.348541	0.443603	0.534095	0.611491	0.656427	0.667129	0.644622	0.593619	0.511336	0.405412	0.277793	0.160793	0.0687798	0.000488514	-0.0649812	-0.124903	-0.175649	-0.210465	-0.22556	-0.21537	-0.203597	-0.211371	-0.259794	-0.335573	
-0.256283	-0.256283	-0.264779	-0.290569	-0.322472	-0.362204	-0.411505	-0.457812	-0.506068	-0.555445	-0.594615	-0.626024	-0.646939	-0.657397	-0.650012	-0.628942	-0.593167	-0.529321	-0.450042	-0.35544	-0.24116	-0.116334	0.00985893	0.130464	0.248473	0.361823	0.45729	0.534207	0.600874	0.647052	0.652003	0.620663	0.558895	0.475645	0.373934	0.259942	0.140285	0.0402137	-0.0281282	-0.0774622	-0.125689	-0.171823	-0.210465	-0.23478	-0.240563	-0.224252	-0.209963	-0.220006	-0.270361	-0.344681	
-0.363314	-0.363314	-0.370807	-0.396378	-0.422723	-0.453853	-0.493833	-0.530281	-0.565943	-0.598125	-0.620105	-0.633896	-0.637952	-0.628072	-0.595419	-0.550144	-0.487208	-0.397207	-0.298382	-0.188429	-0.067797	0.053387	0.170279	0.275758	0.380185	0.473864	0.547947	0.597832	0.632717	0.638012	0.599372	0.530056	0.438776	0.34017	0.233459	0.128123	0.0242223	-0.0508574	-0.0970914	-0.127949	-0.162841	-0.197603	-0.22556	-0.240563	-0.237381	-0.21444	-0.199687	-0.211847	-0.264876	-0.341724	
-0.533202	-0.533202	-0.535759	-0.5468	-0.556057	-0.572874	-0.593552	-0.604566	-0.616272	-0.625462	-0.620509	-0.608049	-0.581646	-0.538533	-0.478222	-0.403633	-0.315595	-0.208808	-0.100327	0.00860097	0.12478	0.23244	0.334039	0.423429	0.508277	0.578878	0.620207	0.635908	0.629797	0.592721	0.515903	0.42036	0.316977	0.217726	0.121661	0.0322244	-0.0489886	-0.0998853	-0.125706	-0.142492	-0.168365	-0.194601	-0.21537	-0.224252	-0.21444	-0.191131	-0.179951	-0.200363	-0.263628	-0.345449	
-0.716093	-0.716093	-0.712009	-0.717019	-0.714966	-0.708042	-0.701595	-0.687365	-0.668533	-0.644505	-0.603339	-0.553134	-0.493369	-0.414931	-0.32347	-0.227551	-0.121451	-0.00795581	0.0992352	0.204429	0.309552	0.40565	0.490011	0.561486	0.621786	0.659468	0.662033	0.637356	0.592612	0.519439	0.41877	0.313132	0.213029	0.12514	0.0462088	-0.0251324	-0.0849368	-0.116927	-0.128029	-0.139166	-0.161098	-0.18502	-0.203597	-0.209963	-0.199687	-0.179951	-0.177553	-0.212784	-0.286284	-0.380729	
-0.881981	-0.881981	-0.877734	-0.867774	-0.847749	-0.827231	-0.799118	-0.758281	-0.708005	-0.646787	-0.570404	-0.485352	-0.390104	-0.282709	-0.173138	-0.0619761	0.0511927	0.165374	0.268048	0.365946	0.462857	0.542139	0.608032	0.653106	0.681509	0.679662	0.641021	0.581723	0.506964	0.413593	0.304656	0.205302	0.118377	0.0488119	-0.01324	-0.0671334	-0.111417	-0.128347	-0.133284	-0.143278	-0.166892	-0.192396	-0.211371	-0.220006	-0.211847	-0.200363	-0.212784	-0.263012	-0.352811	-0.45765	
-1.00656	-1.00656	-0.993877	-0.97544	-0.943457	-0.901494	-0.846762	-0.776302	-0.697884	-0.610948	-0.507214	-0.399949	-0.290648	-0.169754	-0.052683	0.0597993	0.175357	0.282416	0.380734	0.469974	0.551706	0.610943	0.647582	0.662185	0.652252	0.612752	0.540822	0.459114	0.371375	0.272116	0.172057	0.0865951	0.0207822	-0.0333469	-0.0781852	-0.122423	-0.152957	-0.163462	-0.166088	-0.180875	-0.209248	-0.237633	-0.259794	-0.270361	-0.264876	-0.263628	-0.286284	-0.352811	-0.450217	-0.561148	
-1.04996	-1.04996	-1.03753	-1.00582	-0.96066	-0.900679	-0.823531	-0.74046	-0.643079	-0.536456	-0.423802	-0.30831	-0.192066	-0.0704502	0.0417349	0.149578	0.258375	0.356144	0.43755	0.510033	0.564174	0.592112	0.592725	0.571589	0.526825	0.457369	0.366354	0.278867	0.191381	0.101334	0.0166978	-0.0470575	-0.0950853	-0.132686	-0.167515	-0.202218	-0.224144	-0.229436	-0.232518	-0.25292	-0.283515	-0.313802	-0.335573	-0.344681	-0.341724	-0.345449	-0.380729	-0.45765	-0.561148	-0.676975	
