-0.146013	-0.145131	-0.136946	-0.143566	-0.173261	-0.197362	-0.205082	-0.200757	-0.195849	-0.222805	-0.292073	-0.394194	-0.516802	-0.625894	-0.691406	-0.704074	-0.647897	-0.512525	-0.316726	-0.0816015	0.184671	0.459884	0.703849	0.890334	1.01685	1.0804	1.06487	0.959792	0.782081	0.573418	0.378519	0.22576	0.122255	0.0604256	0.0273988	0.011452	0.00443181	0.00159427	0.000535045	0.000168068	4.95602e-05	1.37562e-05	3.60279e-06	8.92341e-07	2.09441e-07	4.66714e-08	9.89324e-09	2.00936e-09	4.55386e-10	4.55386e-10	
-0.145131	-0.138457	-0.143571	-0.165413	-0.192956	-0.205824	-0.205347	-0.198366	-0.209592	-0.265685	-0.357528	-0.471234	-0.588407	-0.672901	-0.705713	-0.680645	-0.58218	-0.411995	-0.194856	0.0539149	0.32465	0.58693	0.8032	0.958621	1.05476	1.08407	1.03003	0.891384	0.69603	0.489055	0.309763	0.177597	0.092633	0.0441855	0.019371	0.00784143	0.00294343	0.00102848	0.000335684	0.000102666	2.95068e-05	7.98992e-06	2.04322e-06	4.94514e-07	1.135e-07	2.47494e-08	5.13679e-09	1.0218e-09	2.26398e-10	2.26398e-10	
-0.136946	-0.143571	-0.161552	-0.189043	-0.20944	-0.207821	-0.199874	-0.20418	-0.246239	-0.329907	-0.435298	-0.550717	-0.650031	-0.701074	-0.696833	-0.630486	-0.490698	-0.291743	-0.0583398	0.199785	0.467059	0.707333	0.891199	1.0144	1.07802	1.06971	0.976538	0.808928	0.60384	0.405842	0.246284	0.135561	0.0680275	0.0312831	0.0132472	0.00518882	0.00188763	0.000640134	0.00020304	6.04178e-05	1.69126e-05	4.46483e-06	1.11414e-06	2.63341e-07	5.9072e-08	1.25979e-08	2.55886e-09	4.98278e-10	1.07882e-10	1.07882e-10	
-0.143566	-0.165413	-0.189043	-0.211743	-0.209334	-0.19792	-0.203475	-0.235581	-0.308107	-0.408855	-0.519038	-0.624411	-0.692621	-0.704373	-0.66058	-0.551235	-0.374384	-0.153996	0.0907771	0.352291	0.606297	0.816388	0.965218	1.05536	1.08357	1.03484	0.904382	0.714981	0.509099	0.326758	0.189733	0.100151	0.0483053	0.0213966	0.0087446	0.00331169	0.00116673	0.000383741	0.000118207	3.42015e-05	9.3194e-06	2.39727e-06	5.83425e-07	1.34607e-07	2.94965e-08	6.14951e-09	1.22188e-09	2.32828e-10	4.92392e-11	4.92392e-11	
-0.173261	-0.192956	-0.20944	-0.209334	-0.196311	-0.203865	-0.23257	-0.292238	-0.389011	-0.496968	-0.600639	-0.680546	-0.707827	-0.678881	-0.593773	-0.442165	-0.235915	-0.00168945	0.249415	0.506023	0.736112	0.910063	1.02306	1.07883	1.06817	0.977944	0.815176	0.61338	0.41581	0.254503	0.141243	0.071431	0.0330877	0.0141065	0.00556034	0.0020347	0.0006938	0.000221193	6.61362e-05	1.8597e-05	4.93034e-06	1.23522e-06	2.93065e-07	6.59742e-08	1.41174e-08	2.87621e-09	5.58855e-10	1.04172e-10	2.15126e-11	2.15126e-11	
-0.197362	-0.205824	-0.207821	-0.19792	-0.203865	-0.23248	-0.283887	-0.375301	-0.484044	-0.583369	-0.666563	-0.708147	-0.69123	-0.621807	-0.493847	-0.305072	-0.0796897	0.161704	0.413039	0.654013	0.850446	0.985349	1.0626	1.08159	1.02898	0.899131	0.712369	0.508954	0.327943	0.191194	0.101326	0.0490611	0.0218114	0.00894527	0.00339888	0.00120119	0.000396242	0.0001224	3.55086e-05	9.69998e-06	2.50115e-06	6.10098e-07	1.41068e-07	3.09765e-08	6.47086e-09	1.28798e-09	2.44661e-10	4.46031e-11	8.99225e-12	8.99225e-12	
-0.205082	-0.205347	-0.199874	-0.203475	-0.23257	-0.283887	-0.370197	-0.478222	-0.574012	-0.654304	-0.705691	-0.700429	-0.640303	-0.529996	-0.360628	-0.145174	0.0890843	0.332203	0.575152	0.788382	0.944394	1.04019	1.08128	1.06009	0.964374	0.800732	0.601134	0.406991	0.24895	0.138132	0.0698627	0.0323697	0.0138059	0.00544457	0.00199348	0.000680172	0.000216994	6.49262e-05	1.827e-05	4.84724e-06	1.21532e-06	2.8856e-07	6.50094e-08	1.39214e-08	2.83842e-09	5.51847e-10	1.02465e-10	1.82665e-11	3.59467e-12	3.59467e-12	
-0.200757	-0.198366	-0.20418	-0.235581	-0.292238	-0.375301	-0.478222	-0.571229	-0.647255	-0.702358	-0.706828	-0.65289	-0.553264	-0.401756	-0.198553	0.0300358	0.26566	0.5045	0.727095	0.901664	1.01487	1.07286	1.07579	1.01127	0.874978	0.687558	0.487861	0.31254	0.181328	0.0957023	0.0461762	0.0204678	0.00837295	0.00317453	0.00111983	0.000368821	0.000113776	3.29691e-05	8.9975e-06	2.31811e-06	5.65057e-07	1.30578e-07	2.86592e-08	5.98441e-09	1.19076e-09	2.26109e-10	4.10328e-11	7.1524e-12	1.37381e-12	1.37381e-12	
-0.195849	-0.209592	-0.246239	-0.308107	-0.389011	-0.484044	-0.574012	-0.647255	-0.700825	-0.710096	-0.660737	-0.566874	-0.428993	-0.239136	-0.016563	0.213414	0.445555	0.670518	0.859034	0.988514	1.06047	1.08104	1.04233	0.933793	0.764454	0.566607	0.379281	0.229696	0.126341	0.0634143	0.0291871	0.0123762	0.00485588	0.00176997	0.000601527	0.000191235	5.70421e-05	1.60075e-05	4.23663e-06	1.05992e-06	2.51176e-07	5.64895e-08	1.20782e-08	2.4592e-09	4.77524e-10	8.85563e-11	1.57064e-11	2.67689e-12	5.01855e-13	5.01855e-13	
-0.222805	-0.265685	-0.329907	-0.408855	-0.496968	-0.583369	-0.654304	-0.702358	-0.710096	-0.663472	-0.573155	-0.444095	-0.266236	-0.050733	0.174667	0.399929	0.62226	0.819068	0.962507	1.04673	1.08016	1.06117	0.977832	0.829521	0.6397	0.44613	0.28141	0.16104	0.0839727	0.040088	0.0176036	0.00714211	0.0026882	0.000942167	0.000308531	9.46918e-05	2.73139e-05	7.42373e-06	1.90563e-06	4.62979e-07	1.0667e-07	2.33489e-08	4.86366e-09	9.65618e-10	1.82987e-10	3.31431e-11	5.7452e-12	9.57447e-13	1.75212e-13	1.75212e-13	
-0.292073	-0.357528	-0.435298	-0.519038	-0.600639	-0.666563	-0.705691	-0.706828	-0.660737	-0.573155	-0.448879	-0.279711	-0.071754	0.148847	0.367826	0.584851	0.784617	0.938413	1.03324	1.07629	1.07153	1.00911	0.882012	0.704472	0.510085	0.334232	0.198583	0.107396	0.0531069	0.0241239	0.0101113	0.0039268	0.00141837	0.000478157	0.000150922	4.47284e-05	1.24796e-05	3.28579e-06	8.18192e-07	1.93073e-07	4.32555e-08	9.21642e-09	1.87057e-09	3.62174e-10	6.6987e-11	1.1851e-11	2.00799e-12	3.27241e-13	5.84617e-14	5.84617e-14	
-0.394194	-0.471234	-0.550717	-0.624411	-0.680546	-0.708147	-0.700429	-0.65289	-0.566874	-0.444095	-0.279711	-0.0788635	0.135876	0.348844	0.559598	0.758216	0.918054	1.02117	1.07152	1.07658	1.03029	0.922471	0.75932	0.568546	0.385775	0.237382	0.132883	0.0679543	0.0318892	0.0137932	0.00552192	0.00205395	0.000712352	0.000231101	7.03368e-05	2.01372e-05	5.43637e-06	1.38703e-06	3.35137e-07	7.68319e-08	1.67418e-08	3.47305e-09	6.86943e-10	1.29731e-10	2.34232e-11	4.04825e-12	6.70554e-13	1.06881e-13	1.86437e-14	1.86437e-14	
-0.516802	-0.588407	-0.650031	-0.692621	-0.707827	-0.69123	-0.640303	-0.553264	-0.428993	-0.266236	-0.071754	0.135876	0.342569	0.546941	0.741691	0.903252	1.01155	1.06708	1.07866	1.04398	0.952276	0.803667	0.619546	0.43376	0.275632	0.159336	0.0841063	0.0407113	0.0181486	0.00748172	0.00286328	0.00102087	0.000340197	0.000106275	3.1207e-05	8.63511e-06	2.25666e-06	5.58153e-07	1.30909e-07	2.91664e-08	6.18321e-09	1.24919e-09	2.4085e-10	4.4376e-11	7.82306e-12	1.32112e-12	2.13967e-13	3.3362e-14	5.68344e-15	5.68344e-15	
-0.625894	-0.672901	-0.701074	-0.704373	-0.678881	-0.621807	-0.529996	-0.401756	-0.239136	-0.050733	0.148847	0.348844	0.546941	0.736075	0.895454	1.00532	1.06373	1.0793	1.05242	0.973147	0.837733	0.661823	0.476228	0.311494	0.18546	0.10083	0.0502537	0.0230553	0.00977561	0.00384537	0.00140827	0.000481724	0.000154372	4.64708e-05	1.31741e-05	3.52525e-06	8.92282e-07	2.14046e-07	4.87512e-08	1.056e-08	2.17883e-09	4.28831e-10	8.06201e-11	1.44959e-11	2.49581e-12	4.11931e-13	6.52479e-14	9.9543e-15	1.65655e-15	1.65655e-15	
-0.691406	-0.705713	-0.696833	-0.66058	-0.593773	-0.493847	-0.360628	-0.198553	-0.016563	0.174667	0.367826	0.559598	0.741691	0.895454	1.00316	1.06195	1.07939	1.0572	0.986732	0.86221	0.694749	0.511652	0.34326	0.209876	0.117241	0.0600471	0.0283052	0.0123274	0.00497875	0.00187117	0.000656519	0.00021568	6.65252e-05	1.93136e-05	5.28982e-06	1.36976e-06	3.35991e-07	7.82132e-08	1.73075e-08	3.64646e-09	7.32539e-10	1.40509e-10	2.57663e-11	4.52265e-12	7.60717e-13	1.22745e-13	1.90194e-14	2.83979e-15	4.61785e-16	4.61785e-16	
-0.704074	-0.680645	-0.630486	-0.551235	-0.442165	-0.305072	-0.145174	0.0300358	0.213414	0.399929	0.584851	0.758216	0.903252	1.00532	1.06195	1.07938	1.05936	0.994336	0.877927	0.71815	0.538955	0.36947	0.231249	0.132384	0.069525	0.0336135	0.0150148	0.00621866	0.00239609	0.000861593	0.000289977	9.1592e-05	2.72186e-05	7.62759e-06	2.01997e-06	5.06515e-07	1.20482e-07	2.72317e-08	5.85777e-09	1.20099e-09	2.35012e-10	4.39494e-11	7.86415e-12	1.34798e-12	2.21575e-13	3.49624e-14	5.30108e-15	7.74857e-16	1.23159e-16	1.23159e-16	
-0.647897	-0.58218	-0.490698	-0.374384	-0.235915	-0.0796897	0.0890843	0.26566	0.445555	0.62226	0.784617	0.918054	1.01155	1.06373	1.07939	1.05936	0.996779	0.885588	0.7321	0.557461	0.388986	0.248398	0.145321	0.0780769	0.0386424	0.0176761	0.00749775	0.0029586	0.00108936	0.000375331	0.00012133	3.68887e-05	1.05726e-05	2.86251e-06	7.33571e-07	1.78261e-07	4.11461e-08	9.03537e-09	1.89039e-09	3.77352e-10	7.19612e-11	1.31261e-11	2.29278e-12	3.83927e-13	6.16937e-14	9.52274e-15	1.41328e-15	2.02293e-16	3.14385e-17	3.14385e-17	
-0.512525	-0.411995	-0.291743	-0.153996	-0.00168945	0.161704	0.332203	0.5045	0.670518	0.819068	0.938413	1.02117	1.06708	1.0793	1.0572	0.994336	0.885588	0.736731	0.566794	0.401006	0.260379	0.155222	0.0851107	0.0430349	0.0201251	0.00873084	0.00352429	0.0013275	0.000467877	0.000154693	4.8094e-05	1.40917e-05	3.89931e-06	1.02096e-06	2.53402e-07	5.9721e-08	1.33858e-08	2.85761e-09	5.81846e-10	1.13143e-10	2.10373e-11	3.74457e-12	6.3876e-13	1.04531e-13	1.64268e-14	2.48119e-15	3.60553e-16	5.05531e-17	7.68445e-18	7.68445e-18	
-0.316726	-0.194856	-0.0583398	0.0907771	0.249415	0.413039	0.575152	0.727095	0.859034	0.962507	1.03324	1.07152	1.07866	1.05242	0.986732	0.877927	0.7321	0.566794	0.405064	0.266536	0.161438	0.0901155	0.0464551	0.0221717	0.00982359	0.00405169	0.00155977	0.000561904	0.000189891	6.03374e-05	1.80656e-05	5.10723e-06	1.36587e-06	3.46179e-07	8.32883e-08	1.9052e-08	4.14964e-09	8.61776e-10	1.70867e-10	3.23844e-11	5.87395e-12	1.02075e-12	1.70119e-13	2.72181e-14	4.18449e-15	6.18715e-16	8.8061e-17	1.20984e-17	1.7994e-18	1.7994e-18	
-0.0816015	0.0539149	0.199785	0.352291	0.506023	0.654013	0.788382	0.901664	0.988514	1.04673	1.07629	1.07658	1.04398	0.973147	0.86221	0.71815	0.557461	0.401006	0.266536	0.163557	0.0927168	0.0486278	0.023645	0.010684	0.00449703	0.00176758	0.000650326	0.000224484	7.28606e-05	2.22823e-05	6.43345e-06	1.7569e-06	4.546e-07	1.11636e-07	2.60582e-08	5.79005e-09	1.22635e-09	2.47918e-10	4.78951e-11	8.85254e-12	1.56717e-12	2.66004e-13	4.33321e-14	6.78096e-15	1.02028e-15	1.47728e-16	2.0601e-17	2.77421e-18	4.03859e-19	4.03859e-19	
0.184671	0.32465	0.467059	0.606297	0.736112	0.850446	0.944394	1.01487	1.06047	1.08016	1.07153	1.03029	0.952276	0.837733	0.694749	0.538955	0.388986	0.260379	0.161438	0.0927168	0.049373	0.0244163	0.0112348	0.00482009	0.00193241	0.000725508	0.000255629	8.47038e-05	2.64471e-05	7.79568e-06	2.17326e-06	5.73967e-07	1.4384e-07	3.42567e-08	7.76448e-09	1.67714e-09	3.45681e-10	6.80706e-11	1.2821e-11	2.31228e-12	3.99729e-13	6.63019e-14	1.05616e-14	1.61721e-15	2.38236e-16	3.37912e-17	4.61856e-18	6.09828e-19	8.69252e-20	8.69252e-20	
0.459884	0.58693	0.707333	0.816388	0.910063	0.985349	1.04019	1.07286	1.08104	1.06117	1.00911	0.922471	0.803667	0.661823	0.511652	0.36947	0.248398	0.155222	0.0901155	0.0486278	0.0244163	0.0114244	0.00499	0.00203845	0.000780319	0.000280453	9.48185e-05	3.02119e-05	9.08848e-06	2.5857e-06	6.96869e-07	1.78191e-07	4.32938e-08	1.00089e-08	2.20466e-09	4.63288e-10	9.29896e-11	1.78481e-11	3.27939e-12	5.77419e-13	9.75246e-14	1.5815e-14	2.46461e-15	3.6942e-16	5.33016e-17	7.40881e-18	9.92839e-19	1.28579e-19	1.7952e-20	1.7952e-20	
0.703849	0.8032	0.891199	0.965218	1.02306	1.0626	1.08128	1.07579	1.04233	0.977832	0.882012	0.75932	0.619546	0.476228	0.34326	0.231249	0.145321	0.0851107	0.0464551	0.023645	0.0112348	0.00499	0.00207505	0.000809233	0.000296474	0.000102217	3.32217e-05	1.01957e-05	2.95945e-06	8.13739e-07	2.12271e-07	5.26083e-08	1.24043e-08	2.78618e-09	5.96915e-10	1.22123e-10	2.38868e-11	4.47159e-12	8.01969e-13	1.37934e-13	2.27726e-14	3.61217e-15	5.50949e-16	8.08717e-17	1.14331e-17	1.5579e-18	2.04761e-19	2.60179e-20	3.5594e-21	3.5594e-21	
0.890334	0.958621	1.0144	1.05536	1.07883	1.08159	1.06009	1.01127	0.933793	0.829521	0.704472	0.568546	0.43376	0.311494	0.209876	0.132384	0.0780769	0.0430349	0.0221717	0.010684	0.00482009	0.00203845	0.000809233	0.000302013	0.000106127	3.51683e-05	1.10071e-05	3.25879e-06	9.13988e-07	2.43193e-07	6.14736e-08	1.47819e-08	3.38559e-09	7.39483e-10	1.54213e-10	3.07397e-11	5.86309e-12	1.07114e-12	1.87623e-13	3.1539e-14	5.0924e-15	7.90459e-16	1.18053e-16	1.69766e-17	2.35251e-18	3.14364e-19	4.05379e-20	5.05548e-21	6.77924e-22	6.77924e-22	
1.01685	1.05476	1.07802	1.08357	1.06817	1.02898	0.964374	0.874978	0.764454	0.6397	0.510085	0.385775	0.275632	0.18546	0.117241	0.069525	0.0386424	0.0201251	0.00982359	0.00449703	0.00193241	0.000780319	0.000296474	0.000106127	3.58419e-05	1.14366e-05	3.45263e-06	9.87544e-07	2.67982e-07	6.90835e-08	1.69401e-08	3.95614e-09	8.80957e-10	1.87269e-10	3.80434e-11	7.39359e-12	1.37605e-12	2.45489e-13	4.20201e-14	6.90707e-15	1.09122e-15	1.65832e-16	2.42606e-17	3.41933e-18	4.64621e-19	6.09084e-20	7.70856e-21	9.43821e-22	1.24101e-22	1.24101e-22	
1.0804	1.08407	1.06971	1.03484	0.977944	0.899131	0.800732	0.687558	0.566607	0.44613	0.334232	0.237382	0.159336	0.10083	0.0600471	0.0336135	0.0176761	0.00873084	0.00405169	0.00176758	0.000725508	0.000280453	0.000102217	3.51683e-05	1.14366e-05	3.51975e-06	1.0265e-06	2.84045e-07	7.46699e-08	1.86709e-08	4.44592e-09	1.00934e-09	2.18716e-10	4.52848e-11	8.96825e-12	1.70051e-12	3.09015e-13	5.38656e-14	9.01485e-15	1.44974e-15	2.24212e-16	3.33738e-17	4.78474e-18	6.61197e-19	8.81303e-20	1.13379e-20	1.40877e-21	1.69398e-22	2.1848e-23	2.1848e-23	
1.06487	1.03003	0.976538	0.904382	0.815176	0.712369	0.601134	0.487861	0.379281	0.28141	0.198583	0.132883	0.0841063	0.0502537	0.0283052	0.0150148	0.00749775	0.00352429	0.00155977	0.000650326	0.000255629	9.48185e-05	3.32217e-05	1.10071e-05	3.45263e-06	1.0265e-06	2.89609e-07	7.76293e-08	1.97926e-08	4.80549e-09	1.11228e-09	2.457e-10	5.18518e-11	1.04648e-11	2.02178e-12	3.74267e-13	6.64462e-14	1.13235e-14	1.85387e-15	2.91822e-16	4.42015e-17	6.44709e-18	9.06175e-19	1.22824e-19	1.60647e-20	2.02888e-21	2.47578e-22	2.92461e-23	3.70116e-24	3.70116e-24	
0.959792	0.891384	0.808928	0.714981	0.61338	0.508954	0.406991	0.31254	0.229696	0.16104	0.107396	0.0679543	0.0407113	0.0230553	0.0123274	0.00621866	0.0029586	0.0013275	0.000561904	0.000224484	8.47038e-05	3.02119e-05	1.01957e-05	3.25879e-06	9.87544e-07	2.84045e-07	7.76293e-08	2.01812e-08	4.99598e-09	1.17899e-09	2.65505e-10	5.71147e-11	1.17481e-11	2.31283e-12	4.36202e-13	7.88833e-14	1.36903e-14	2.28212e-15	3.65687e-16	5.6372e-17	8.3662e-18	1.19624e-18	1.64904e-19	2.19314e-20	2.81579e-21	3.49225e-22	4.18648e-23	4.85984e-24	6.03672e-25	6.03672e-25	
0.782081	0.69603	0.60384	0.509099	0.41581	0.327943	0.24895	0.181328	0.126341	0.0839727	0.0531069	0.0318892	0.0181486	0.00977561	0.00497875	0.00239609	0.00108936	0.000467877	0.000189891	7.28606e-05	2.64471e-05	9.08848e-06	2.95945e-06	9.13988e-07	2.67982e-07	7.46699e-08	1.97926e-08	4.99598e-09	1.2021e-09	2.75995e-10	6.05241e-11	1.26893e-11	2.54591e-12	4.89254e-13	9.0136e-14	1.59334e-14	2.70471e-15	4.41253e-16	6.92378e-17	1.04571e-17	1.52128e-18	2.13323e-19	2.88527e-20	3.76651e-21	4.74863e-22	5.78543e-23	6.81555e-24	7.77716e-25	9.48527e-26	9.48527e-26	
0.573418	0.489055	0.405842	0.326758	0.254503	0.191194	0.138132	0.0957023	0.0634143	0.040088	0.0241239	0.0137932	0.00748172	0.00384537	0.00187117	0.000861593	0.000375331	0.000154693	6.03374e-05	2.22823e-05	7.79568e-06	2.5857e-06	8.13739e-07	2.43193e-07	6.90835e-08	1.86709e-08	4.80549e-09	1.17899e-09	2.75995e-10	6.17049e-11	1.31878e-11	2.69682e-12	5.28141e-13	9.91384e-14	1.78523e-14	3.08649e-15	5.12739e-16	8.19076e-17	1.25913e-17	1.86401e-18	2.65926e-19	3.65845e-20	4.85671e-21	6.2254e-22	7.70966e-23	9.23001e-24	1.06885e-24	1.19925e-25	1.43657e-26	1.43657e-26	
0.378519	0.309763	0.246284	0.189733	0.141243	0.101326	0.0698627	0.0461762	0.0291871	0.0176036	0.0101113	0.00552192	0.00286328	0.00140827	0.000656519	0.000289977	0.00012133	4.8094e-05	1.80656e-05	6.43345e-06	2.17326e-06	6.96869e-07	2.12271e-07	6.14736e-08	1.69401e-08	4.44592e-09	1.11228e-09	2.65505e-10	6.05241e-11	1.31878e-11	2.74908e-12	5.48723e-13	1.04964e-13	1.92577e-14	3.39158e-15	5.73816e-16	9.33354e-17	1.46065e-17	2.2008e-18	3.19486e-19	4.4715e-20	6.03762e-21	7.86977e-22	9.90848e-23	1.20575e-23	1.41891e-24	1.61566e-25	1.78294e-26	2.09832e-27	2.09832e-27	
0.22576	0.177597	0.135561	0.100151	0.071431	0.0490611	0.0323697	0.0204678	0.0123762	0.00714211	0.0039268	0.00205395	0.00102087	0.000481724	0.00021568	9.1592e-05	3.68887e-05	1.40917e-05	5.10723e-06	1.7569e-06	5.73967e-07	1.78191e-07	5.26083e-08	1.47819e-08	3.95614e-09	1.00934e-09	2.457e-10	5.71147e-11	1.26893e-11	2.69682e-12	5.48723e-13	1.0698e-13	2.00012e-14	3.58886e-15	6.18503e-16	1.02457e-16	1.63257e-17	2.50404e-18	3.6996e-19	5.26866e-20	7.23702e-21	9.59417e-22	1.22831e-22	1.51955e-23	1.81752e-24	2.10301e-25	2.35525e-26	2.55703e-27	2.95747e-28	2.95747e-28	
0.122255	0.092633	0.0680275	0.0483053	0.0330877	0.0218114	0.0138059	0.00837295	0.00485588	0.0026882	0.00141837	0.000712352	0.000340197	0.000154372	6.65252e-05	2.72186e-05	1.05726e-05	3.89931e-06	1.36587e-06	4.546e-07	1.4384e-07	4.32938e-08	1.24043e-08	3.38559e-09	8.80957e-10	2.18716e-10	5.18518e-11	1.17481e-11	2.54591e-12	5.28141e-13	1.04964e-13	2.00012e-14	3.65712e-15	6.42129e-16	1.0835e-16	1.75822e-17	2.74578e-18	4.12955e-19	5.98516e-20	8.365e-21	1.1281e-21	1.46887e-22	1.84771e-23	2.24669e-24	2.64214e-25	3.0068e-26	3.31299e-27	3.53954e-28	4.02446e-29	4.02446e-29	
0.0604256	0.0441855	0.0312831	0.0213966	0.0141065	0.00894527	0.00544457	0.00317453	0.00176997	0.000942167	0.000478157	0.000231101	0.000106275	4.64708e-05	1.93136e-05	7.62759e-06	2.86251e-06	1.02096e-06	3.46179e-07	1.11636e-07	3.42567e-08	1.00089e-08	2.78618e-09	7.39483e-10	1.87269e-10	4.52848e-11	1.04648e-11	2.31283e-12	4.89254e-13	9.91384e-14	1.92577e-14	3.58886e-15	6.42129e-16	1.10388e-16	1.82461e-17	2.90182e-18	4.44345e-19	6.55554e-20	9.32432e-21	1.27943e-21	1.69464e-22	2.16796e-23	2.68035e-24	3.20433e-25	3.70618e-26	4.14938e-27	4.4992e-28	4.73154e-29	5.29005e-30	5.29005e-30	
0.0273988	0.019371	0.0132472	0.0087446	0.00556034	0.00339888	0.00199348	0.00111983	0.000601527	0.000308531	0.000150922	7.03368e-05	3.1207e-05	1.31741e-05	5.28982e-06	2.01997e-06	7.33571e-07	2.53402e-07	8.32883e-08	2.60582e-08	7.76448e-09	2.20466e-09	5.96915e-10	1.54213e-10	3.80434e-11	8.96825e-12	2.02178e-12	4.36202e-13	9.0136e-14	1.78523e-14	3.39158e-15	6.18503e-16	1.0835e-16	1.82461e-17	2.95577e-18	4.60919e-19	6.92341e-20	1.00239e-20	1.39974e-21	1.88634e-22	2.45475e-23	3.08648e-24	3.75171e-25	4.41105e-26	5.01913e-27	5.52985e-28	5.90219e-29	6.11122e-30	6.72049e-31	6.72049e-31	
0.011452	0.00784143	0.00518882	0.00331169	0.0020347	0.00120119	0.000680172	0.000368821	0.000191235	9.46918e-05	4.47284e-05	2.01372e-05	8.63511e-06	3.52525e-06	1.36976e-06	5.06515e-07	1.78261e-07	5.9721e-08	1.9052e-08	5.79005e-09	1.67714e-09	4.63288e-10	1.22123e-10	3.07397e-11	7.39359e-12	1.70051e-12	3.74267e-13	7.88833e-14	1.59334e-14	3.08649e-15	5.73816e-16	1.02457e-16	1.75822e-17	2.90182e-18	4.60919e-19	7.05055e-20	1.03931e-20	1.47727e-21	2.02598e-22	2.68243e-23	3.43076e-24	4.24097e-25	5.06978e-26	5.86398e-27	6.56595e-28	7.12069e-29	7.48307e-30	7.6304e-31	8.25563e-32	8.25563e-32	
0.00443181	0.00294343	0.00188763	0.00116673	0.0006938	0.000396242	0.000216994	0.000113776	5.70421e-05	2.73139e-05	1.24796e-05	5.43637e-06	2.25666e-06	8.92282e-07	3.35991e-07	1.20482e-07	4.11461e-08	1.33858e-08	4.14964e-09	1.22635e-09	3.45681e-10	9.29896e-11	2.38868e-11	5.86309e-12	1.37605e-12	3.09015e-13	6.64462e-14	1.36903e-14	2.70471e-15	5.12739e-16	9.33354e-17	1.63257e-17	2.74578e-18	4.44345e-19	6.92341e-20	1.03931e-20	1.50405e-21	2.09961e-22	2.829e-23	3.68126e-24	4.62884e-25	5.62728e-26	6.6177e-27	7.53219e-28	8.30157e-29	8.86411e-30	9.17393e-31	9.21463e-32	9.81119e-33	9.81119e-33	
0.00159427	0.00102848	0.000640134	0.000383741	0.000221193	0.0001224	6.49262e-05	3.29691e-05	1.60075e-05	7.42373e-06	3.28579e-06	1.38703e-06	5.58153e-07	2.14046e-07	7.82132e-08	2.72317e-08	9.03537e-09	2.85761e-09	8.61776e-10	2.47918e-10	6.80706e-11	1.78481e-11	4.47159e-12	1.07114e-12	2.45489e-13	5.38656e-14	1.13235e-14	2.28212e-15	4.41253e-16	8.19076e-17	1.46065e-17	2.50404e-18	4.12955e-19	6.55554e-20	1.00239e-20	1.47727e-21	2.09961e-22	2.87961e-23	3.81325e-24	4.8783e-25	6.03244e-26	7.21439e-27	8.34861e-28	9.35313e-29	1.01494e-29	1.06726e-30	1.08807e-31	1.07679e-32	1.12856e-33	1.12856e-33	
0.000535045	0.000335684	0.00020304	0.000118207	6.61362e-05	3.55086e-05	1.827e-05	8.9975e-06	4.23663e-06	1.90563e-06	8.18192e-07	3.35137e-07	1.30909e-07	4.87512e-08	1.73075e-08	5.85777e-09	1.89039e-09	5.81846e-10	1.70867e-10	4.78951e-11	1.2821e-11	3.27939e-12	8.01969e-13	1.87623e-13	4.20201e-14	9.01485e-15	1.85387e-15	3.65687e-16	6.92378e-17	1.25913e-17	2.2008e-18	3.6996e-19	5.98516e-20	9.32432e-21	1.39974e-21	2.02598e-22	2.829e-23	3.81325e-24	4.96439e-25	6.24577e-26	7.59779e-27	8.94123e-28	1.01844e-28	1.12336e-29	1.20048e-30	1.2435e-31	1.24909e-32	1.2182e-33	1.25709e-34	1.25709e-34	
0.000168068	0.000102666	6.04178e-05	3.42015e-05	1.8597e-05	9.69998e-06	4.84724e-06	2.31811e-06	1.05992e-06	4.62979e-07	1.93073e-07	7.68319e-08	2.91664e-08	1.056e-08	3.64646e-09	1.20099e-09	3.77352e-10	1.13143e-10	3.23844e-11	8.85254e-12	2.31228e-12	5.77419e-13	1.37934e-13	3.1539e-14	6.90707e-15	1.44974e-15	2.91822e-16	5.6372e-17	1.04571e-17	1.86401e-18	3.19486e-19	5.26866e-20	8.365e-21	1.27943e-21	1.88634e-22	2.68243e-23	3.68126e-24	4.8783e-25	6.24577e-26	7.73005e-27	9.25306e-28	1.07181e-28	1.20197e-29	1.30565e-30	1.37442e-31	1.40272e-32	1.3886e-33	1.33488e-34	1.35657e-35	1.35657e-35	
4.95602e-05	2.95068e-05	1.69126e-05	9.3194e-06	4.93034e-06	2.50115e-06	1.21532e-06	5.65057e-07	2.51176e-07	1.0667e-07	4.32555e-08	1.67418e-08	6.18321e-09	2.17883e-09	7.32539e-10	2.35012e-10	7.19612e-11	2.10373e-11	5.87395e-12	1.56717e-12	3.99729e-13	9.75246e-14	2.27726e-14	5.0924e-15	1.09122e-15	2.24212e-16	4.42015e-17	8.3662e-18	1.52128e-18	2.65926e-19	4.4715e-20	7.23702e-21	1.1281e-21	1.69464e-22	2.45475e-23	3.43076e-24	4.62884e-25	6.03244e-26	7.59779e-27	9.25306e-28	1.09021e-28	1.24331e-29	1.3731e-30	1.46922e-31	1.52383e-32	1.53265e-33	1.49555e-34	1.41742e-35	1.41889e-36	1.41889e-36	
1.37562e-05	7.98992e-06	4.46483e-06	2.39727e-06	1.23522e-06	6.10098e-07	2.8856e-07	1.30578e-07	5.64895e-08	2.33489e-08	9.21642e-09	3.47305e-09	1.24919e-09	4.28831e-10	1.40509e-10	4.39494e-11	1.31261e-11	3.74457e-12	1.02075e-12	2.66004e-13	6.63019e-14	1.5815e-14	3.61217e-15	7.90459e-16	1.65832e-16	3.33738e-17	6.44709e-18	1.19624e-18	2.13323e-19	3.65845e-20	6.03762e-21	9.59417e-22	1.46887e-22	2.16796e-23	3.08648e-24	4.24097e-25	5.62728e-26	7.21439e-27	8.94123e-28	1.07181e-28	1.24331e-29	1.39635e-30	1.51904e-31	1.60144e-32	1.63687e-33	1.62282e-34	1.56123e-35	1.45908e-36	1.43905e-37	1.43905e-37	
3.60279e-06	2.04322e-06	1.11414e-06	5.83425e-07	2.93065e-07	1.41068e-07	6.50094e-08	2.86592e-08	1.20782e-08	4.86366e-09	1.87057e-09	6.86943e-10	2.4085e-10	8.06201e-11	2.57663e-11	7.86415e-12	2.29278e-12	6.3876e-13	1.70119e-13	4.33321e-14	1.05616e-14	2.46461e-15	5.50949e-16	1.18053e-16	2.42606e-17	4.78474e-18	9.06175e-19	1.64904e-19	2.88527e-20	4.85671e-21	7.86977e-22	1.22831e-22	1.84771e-23	2.68035e-24	3.75171e-25	5.06978e-26	6.6177e-27	8.34861e-28	1.01844e-28	1.20197e-29	1.3731e-30	1.51904e-31	1.62817e-32	1.69159e-33	1.7043e-34	1.66586e-35	1.58039e-36	1.45672e-37	1.41583e-38	1.41583e-38	
8.92341e-07	4.94514e-07	2.63341e-07	1.34607e-07	6.59742e-08	3.09765e-08	1.39214e-08	5.98441e-09	2.4592e-09	9.65618e-10	3.62174e-10	1.29731e-10	4.4376e-11	1.44959e-11	4.52265e-12	1.34798e-12	3.83927e-13	1.04531e-13	2.72181e-14	6.78096e-15	1.61721e-15	3.6942e-16	8.08717e-17	1.69766e-17	3.41933e-18	6.61197e-19	1.22824e-19	2.19314e-20	3.76651e-21	6.2254e-22	9.90848e-23	1.51955e-23	2.24669e-24	3.20433e-25	4.41105e-26	5.86398e-27	7.53219e-28	9.35313e-29	1.12336e-29	1.30565e-30	1.46922e-31	1.60144e-32	1.69159e-33	1.73235e-34	1.72077e-35	1.65861e-36	1.55196e-37	1.41115e-38	1.35187e-39	1.35187e-39	
2.09441e-07	1.135e-07	5.9072e-08	2.94965e-08	1.41174e-08	6.47086e-09	2.83842e-09	1.19076e-09	4.77524e-10	1.82987e-10	6.6987e-11	2.34232e-11	7.82306e-12	2.49581e-12	7.60717e-13	2.21575e-13	6.16937e-14	1.64268e-14	4.18449e-15	1.02028e-15	2.38236e-16	5.33016e-17	1.14331e-17	2.35251e-18	4.64621e-19	8.81303e-20	1.60647e-20	2.81579e-21	4.74863e-22	7.70966e-23	1.20575e-23	1.81752e-24	2.64214e-25	3.70618e-26	5.01913e-27	6.56595e-28	8.30157e-29	1.01494e-29	1.20048e-30	1.37442e-31	1.52383e-32	1.63687e-33	1.7043e-34	1.72077e-35	1.68553e-36	1.60239e-37	1.47909e-38	1.32693e-39	1.2532e-40	1.2532e-40	
4.66714e-08	2.47494e-08	1.25979e-08	6.14951e-09	2.87621e-09	1.28798e-09	5.51847e-10	2.26109e-10	8.85563e-11	3.31431e-11	1.1851e-11	4.04825e-12	1.32112e-12	4.11931e-13	1.22745e-13	3.49624e-14	9.52274e-15	2.48119e-15	6.18715e-16	1.47728e-16	3.37912e-17	7.40881e-18	1.5579e-18	3.14364e-19	6.09084e-20	1.13379e-20	2.02888e-21	3.49225e-22	5.78543e-23	9.23001e-24	1.41891e-24	2.10301e-25	3.0068e-26	4.14938e-27	5.52985e-28	7.12069e-29	8.86411e-30	1.06726e-30	1.2435e-31	1.40272e-32	1.53265e-33	1.62282e-34	1.66586e-35	1.65861e-36	1.60239e-37	1.50276e-38	1.36863e-39	1.21165e-40	1.12835e-41	1.12835e-41	
9.89324e-09	5.13679e-09	2.55886e-09	1.22188e-09	5.58855e-10	2.44661e-10	1.02465e-10	4.10328e-11	1.57064e-11	5.7452e-12	2.00799e-12	6.70554e-13	2.13967e-13	6.52479e-14	1.90194e-14	5.30108e-15	1.41328e-15	3.60553e-16	8.8061e-17	2.0601e-17	4.61856e-18	9.92839e-19	2.04761e-19	4.05379e-20	7.70856e-21	1.40877e-21	2.47578e-22	4.18648e-23	6.81555e-24	1.06885e-24	1.61566e-25	2.35525e-26	3.31299e-27	4.4992e-28	5.90219e-29	7.48307e-30	9.17393e-31	1.08807e-31	1.24909e-32	1.3886e-33	1.49555e-34	1.56123e-35	1.58039e-36	1.55196e-37	1.47909e-38	1.36863e-39	1.23007e-40	1.07481e-41	9.87124e-43	9.87124e-43	
2.00936e-09	1.0218e-09	4.98278e-10	2.32828e-10	1.04172e-10	4.46031e-11	1.82665e-11	7.1524e-12	2.67689e-12	9.57447e-13	3.27241e-13	1.06881e-13	3.3362e-14	9.9543e-15	2.83979e-15	7.74857e-16	2.02293e-16	5.05531e-17	1.20984e-17	2.77421e-18	6.09828e-19	1.28579e-19	2.60179e-20	5.05548e-21	9.43821e-22	1.69398e-22	2.92461e-23	4.85984e-24	7.77716e-25	1.19925e-25	1.78294e-26	2.55703e-27	3.53954e-28	4.73154e-29	6.11122e-30	7.6304e-31	9.21463e-32	1.07679e-32	1.2182e-33	1.33488e-34	1.41742e-35	1.45908e-36	1.45672e-37	1.41115e-38	1.32693e-39	1.21165e-40	1.07481e-41	9.27052e-43	8.39826e-44	8.39826e-44	
4.55386e-10	2.26398e-10	1.07882e-10	4.92392e-11	2.15126e-11	8.99225e-12	3.59467e-12	1.37381e-12	5.01855e-13	1.75212e-13	5.84617e-14	1.86437e-14	5.68344e-15	1.65655e-15	4.61785e-16	1.23159e-16	3.14385e-17	7.68445e-18	1.7994e-18	4.03859e-19	8.69252e-20	1.7952e-20	3.5594e-21	6.77924e-22	1.24101e-22	2.1848e-23	3.70116e-24	6.03672e-25	9.48527e-26	1.43657e-26	2.09832e-27	2.95747e-28	4.02446e-29	5.29005e-30	6.72049e-31	8.25563e-32	9.81119e-33	1.12856e-33	1.25709e-34	1.35657e-35	1.41889e-36	1.43905e-37	1.41583e-38	1.35187e-39	1.2532e-40	1.12835e-41	9.87124e-43	8.39826e-44	7.49856e-45	7.49856e-45	
4.55386e-10	2.26398e-10	1.07882e-10	4.92392e-11	2.15126e-11	8.99225e-12	3.59467e-12	1.37381e-12	5.01855e-13	1.75212e-13	5.84617e-14	1.86437e-14	5.68344e-15	1.65655e-15	4.61785e-16	1.23159e-16	3.14385e-17	7.68445e-18	1.7994e-18	4.03859e-19	8.69252e-20	1.7952e-20	3.5594e-21	6.77924e-22	1.24101e-22	2.1848e-23	3.70116e-24	6.03672e-25	9.48527e-26	1.43657e-26	2.09832e-27	2.95747e-28	4.02446e-29	5.29005e-30	6.72049e-31	8.25563e-32	9.81119e-33	1.12856e-33	1.25709e-34	1.35657e-35	1.41889e-36	1.43905e-37	1.41583e-38	1.35187e-39	1.2532e-40	1.12835e-41	9.87124e-43	8.39826e-44	7.49856e-45	7.49856e-45	
