-0.971464	-0.918725	-0.830282	-0.725627	-0.63742	-0.585255	-0.56933	-0.571263	-0.579512	-0.568679	-0.525469	-0.439846	-0.314878	-0.18136	-0.0678151	0.0199716	0.100721	0.182934	0.258529	0.317303	0.366099	0.403023	0.423973	0.443611	0.462026	0.464595	0.434919	0.388643	0.3625	0.36537	0.395005	0.441189	0.482121	0.49972	0.478997	0.409797	0.297258	0.172947	0.066289	-0.0097639	-0.0272966	0.0288729	0.142624	0.311255	0.534285	0.787042	1.03613	1.23745	1.3469	1.3469	
-0.918725	-0.882964	-0.813601	-0.725739	-0.658472	-0.632579	-0.647854	-0.679099	-0.7065	-0.709532	-0.675141	-0.589806	-0.450341	-0.281088	-0.118928	0.0184977	0.139756	0.245796	0.326682	0.381263	0.421121	0.438492	0.43007	0.405201	0.362423	0.302083	0.220007	0.138845	0.0980987	0.10473	0.152243	0.227454	0.309534	0.377684	0.408707	0.383541	0.30422	0.207396	0.126207	0.0709557	0.0654577	0.128764	0.254717	0.438253	0.66768	0.916803	1.15671	1.34774	1.45094	1.45094	
-0.830282	-0.813601	-0.759169	-0.689627	-0.643049	-0.642563	-0.680331	-0.72581	-0.765552	-0.778873	-0.757207	-0.678172	-0.528647	-0.334211	-0.137337	0.0379678	0.191948	0.320379	0.414065	0.469489	0.496428	0.4913	0.448291	0.372902	0.27349	0.1544	0.014827	-0.106436	-0.163114	-0.153949	-0.0959417	-0.00837779	0.0940322	0.194133	0.26362	0.27769	0.236573	0.178792	0.139569	0.126444	0.152087	0.230421	0.366012	0.561332	0.802937	1.06294	1.30815	1.49707	1.5968	1.5968	
-0.725627	-0.725739	-0.689627	-0.640694	-0.616331	-0.633231	-0.676177	-0.724655	-0.765637	-0.785242	-0.771833	-0.692775	-0.536138	-0.327085	-0.110907	0.0856788	0.261867	0.412949	0.520602	0.576664	0.590095	0.551782	0.463888	0.34066	0.191737	0.0256608	-0.152504	-0.302493	-0.379781	-0.381395	-0.32618	-0.239618	-0.138971	-0.0370565	0.0485761	0.0970719	0.100701	0.0894857	0.0977708	0.134405	0.20368	0.311779	0.467948	0.679068	0.934959	1.21332	1.47755	1.67929	1.78526	1.78526	
-0.63742	-0.658472	-0.643049	-0.616331	-0.605564	-0.620798	-0.65383	-0.690016	-0.723588	-0.738883	-0.719022	-0.632407	-0.468618	-0.254356	-0.0347173	0.169558	0.359475	0.523186	0.638028	0.691447	0.681359	0.606081	0.478333	0.311861	0.128165	-0.0618493	-0.262698	-0.436722	-0.538909	-0.560501	-0.520716	-0.452008	-0.369619	-0.280258	-0.196589	-0.132642	-0.0928598	-0.0565546	0.000138228	0.0858348	0.202383	0.352287	0.545924	0.786338	1.06285	1.36243	1.6511	1.87516	1.99546	1.99546	
-0.585255	-0.632579	-0.642563	-0.633231	-0.620798	-0.621568	-0.62986	-0.645473	-0.658965	-0.652427	-0.612278	-0.509314	-0.340938	-0.13309	0.0781555	0.279994	0.470306	0.636945	0.752821	0.797237	0.769339	0.66775	0.505943	0.30747	0.0991306	-0.110457	-0.323063	-0.507548	-0.630594	-0.68181	-0.674162	-0.632351	-0.570776	-0.503817	-0.439699	-0.37821	-0.318567	-0.247243	-0.147107	-0.0127092	0.150425	0.344082	0.584947	0.870876	1.18328	1.51029	1.81891	2.05604	2.18396	2.18396	
-0.56933	-0.647854	-0.680331	-0.676177	-0.65383	-0.62986	-0.610488	-0.599102	-0.581453	-0.545383	-0.478439	-0.361727	-0.197115	-0.00200557	0.197984	0.393785	0.582408	0.745961	0.853473	0.890704	0.850031	0.730394	0.553212	0.336319	0.109694	-0.110037	-0.325545	-0.516537	-0.660666	-0.743782	-0.770652	-0.763101	-0.733673	-0.693831	-0.652357	-0.607916	-0.54969	-0.45992	-0.326578	-0.149401	0.058734	0.298035	0.589933	0.928159	1.28457	1.64016	1.95802	2.19116	2.31403	2.31403	
-0.571263	-0.679099	-0.72581	-0.724655	-0.690016	-0.645473	-0.599102	-0.555961	-0.503945	-0.434778	-0.343504	-0.218871	-0.0611186	0.120578	0.308847	0.498509	0.677293	0.823401	0.916537	0.943913	0.898879	0.786537	0.616404	0.400549	0.171244	-0.0568635	-0.27685	-0.469996	-0.625384	-0.732204	-0.798006	-0.835584	-0.844232	-0.837294	-0.827334	-0.806371	-0.758231	-0.667932	-0.519563	-0.306546	-0.0503223	0.238756	0.579069	0.959624	1.3467	1.71712	2.03316	2.25593	2.37099	2.37099	
-0.579512	-0.7065	-0.765552	-0.765637	-0.723588	-0.658965	-0.581453	-0.503945	-0.415725	-0.319687	-0.213243	-0.0882893	0.0574299	0.222064	0.397648	0.574592	0.732196	0.853529	0.923567	0.941104	0.904385	0.812191	0.669426	0.479356	0.262589	0.0387674	-0.17331	-0.360416	-0.521488	-0.649849	-0.750236	-0.829092	-0.886076	-0.928454	-0.957986	-0.965644	-0.9354	-0.849826	-0.690434	-0.449808	-0.153738	0.179531	0.556976	0.958926	1.3524	1.71784	2.02258	2.23559	2.34627	2.34627	
-0.568679	-0.709532	-0.778873	-0.785242	-0.738883	-0.652427	-0.545383	-0.434778	-0.319687	-0.20804	-0.0941415	0.0269472	0.159773	0.308461	0.467167	0.621641	0.748178	0.829201	0.866537	0.872101	0.842565	0.782754	0.687555	0.543947	0.364395	0.165062	-0.0281501	-0.202491	-0.361329	-0.497693	-0.621354	-0.742587	-0.854383	-0.953479	-1.03488	-1.07859	-1.06032	-0.972645	-0.80744	-0.555139	-0.239385	0.115903	0.507492	0.91181	1.29772	1.64567	1.92853	2.12534	2.22865	2.22865	
-0.525469	-0.675141	-0.757207	-0.771833	-0.719022	-0.612278	-0.478439	-0.343504	-0.213243	-0.0941415	0.0220645	0.136514	0.254807	0.380103	0.510305	0.631217	0.712699	0.747085	0.751366	0.742212	0.725029	0.702873	0.659273	0.576068	0.449453	0.291168	0.134672	-0.0129517	-0.158252	-0.298881	-0.444838	-0.596507	-0.748764	-0.899323	-1.02891	-1.1052	-1.10386	-1.0227	-0.860012	-0.614334	-0.309269	0.036892	0.419134	0.812387	1.18439	1.50905	1.76148	1.93188	2.02009	2.02009	
-0.439846	-0.589806	-0.678172	-0.692775	-0.632407	-0.509314	-0.361727	-0.218871	-0.0882893	0.0269472	0.136514	0.237732	0.331702	0.422066	0.514992	0.592388	0.627884	0.620931	0.595089	0.57708	0.573027	0.583876	0.592314	0.571625	0.504444	0.399317	0.287981	0.172061	0.0421696	-0.0977146	-0.246841	-0.405034	-0.575491	-0.752187	-0.913124	-1.02423	-1.05135	-0.990317	-0.850945	-0.638409	-0.367075	-0.0501677	0.300848	0.663955	1.01073	1.30694	1.52735	1.6711	1.74377	1.74377	
-0.314878	-0.450341	-0.528647	-0.536138	-0.468618	-0.340938	-0.197115	-0.0611186	0.0574299	0.159773	0.254807	0.331702	0.388561	0.43406	0.478765	0.509932	0.505031	0.464829	0.422517	0.403187	0.412433	0.452469	0.501015	0.52968	0.512982	0.457225	0.393618	0.317562	0.219229	0.100825	-0.0363565	-0.18599	-0.349895	-0.528202	-0.703698	-0.839803	-0.901213	-0.882182	-0.788418	-0.624481	-0.401434	-0.132299	0.166484	0.478967	0.783218	1.04215	1.23326	1.35935	1.4233	1.4233	
-0.18136	-0.281088	-0.334211	-0.327085	-0.254356	-0.13309	-0.00200557	0.120578	0.222064	0.308461	0.380103	0.422066	0.43406	0.426896	0.422386	0.411958	0.373612	0.313826	0.262959	0.241059	0.257027	0.308657	0.376258	0.436041	0.459596	0.455086	0.446773	0.425712	0.376986	0.290562	0.176318	0.0500116	-0.0968892	-0.265913	-0.439767	-0.589891	-0.683525	-0.706207	-0.663315	-0.563924	-0.407535	-0.200322	0.0332951	0.279944	0.526344	0.738156	0.897063	1.00584	1.06171	1.06171	
-0.0678151	-0.118928	-0.137337	-0.110907	-0.0347173	0.0781555	0.197984	0.308847	0.397648	0.467167	0.510305	0.514992	0.478765	0.422386	0.373957	0.324709	0.260688	0.18617	0.124877	0.0959292	0.107337	0.155165	0.227255	0.304941	0.361106	0.404865	0.453959	0.494931	0.50432	0.465463	0.389292	0.287127	0.154096	-0.00253539	-0.167279	-0.31681	-0.424172	-0.479858	-0.491448	-0.462505	-0.378709	-0.242154	-0.080661	0.0961886	0.277629	0.429964	0.540824	0.616254	0.653839	0.653839	
0.0199716	0.0184977	0.0379678	0.0856788	0.169558	0.279994	0.393785	0.498509	0.574592	0.621641	0.631217	0.592388	0.509932	0.411958	0.324709	0.246229	0.165643	0.083318	0.0184016	-0.0163764	-0.014179	0.0225632	0.0880438	0.167581	0.242594	0.325699	0.422955	0.52009	0.592137	0.609003	0.573661	0.499146	0.386668	0.246423	0.0956025	-0.0467923	-0.163946	-0.246024	-0.298899	-0.328655	-0.313984	-0.247238	-0.153455	-0.0453413	0.0622872	0.140096	0.184509	0.207228	0.213826	0.213826	
0.100721	0.139756	0.191948	0.261867	0.359475	0.470306	0.582408	0.677293	0.732196	0.748178	0.712699	0.627884	0.505031	0.373612	0.260688	0.165643	0.0805993	0.00609195	-0.0506894	-0.0845713	-0.0871475	-0.062027	-0.0119533	0.0572822	0.139519	0.243037	0.367081	0.504972	0.626042	0.693037	0.707935	0.674853	0.590675	0.468618	0.328977	0.19031	0.067594	-0.0297111	-0.110835	-0.181618	-0.216112	-0.2058	-0.175592	-0.140461	-0.115941	-0.121648	-0.151705	-0.188617	-0.216401	-0.216401	
0.182934	0.245796	0.320379	0.412949	0.523186	0.636945	0.745961	0.823401	0.853529	0.829201	0.747085	0.620931	0.464829	0.313826	0.18617	0.083318	0.00609195	-0.0498984	-0.0907119	-0.113773	-0.114696	-0.100125	-0.064944	-0.0095183	0.0679329	0.176441	0.311273	0.466775	0.616238	0.727826	0.790922	0.794453	0.737969	0.637199	0.512885	0.383086	0.258654	0.150366	0.0557213	-0.0305462	-0.0940526	-0.131843	-0.161395	-0.198603	-0.259092	-0.346461	-0.443691	-0.530778	-0.585708	-0.585708	
0.258529	0.326682	0.414065	0.520602	0.638028	0.752821	0.853473	0.916537	0.923567	0.866537	0.751366	0.595089	0.422517	0.262959	0.124877	0.0184016	-0.0506894	-0.0907119	-0.113527	-0.123459	-0.123198	-0.112676	-0.0872847	-0.0462435	0.029385	0.142179	0.276814	0.434707	0.596527	0.731663	0.820025	0.84722	0.81629	0.738922	0.6327	0.515053	0.396951	0.290679	0.195812	0.105736	0.0240744	-0.0501056	-0.128269	-0.229163	-0.363937	-0.516817	-0.663459	-0.785313	-0.857554	-0.857554	
0.317303	0.381263	0.469489	0.576664	0.691447	0.797237	0.890704	0.943913	0.941104	0.872101	0.742212	0.57708	0.403187	0.241059	0.0959292	-0.0163764	-0.0845713	-0.113773	-0.123459	-0.127297	-0.125171	-0.116597	-0.101673	-0.0650403	0.0168765	0.132924	0.269188	0.424203	0.579372	0.71687	0.813937	0.851283	0.832243	0.767617	0.677851	0.580406	0.479055	0.379215	0.286952	0.202554	0.116533	0.0201244	-0.0904251	-0.233386	-0.416437	-0.611277	-0.789955	-0.933445	-1.01474	-1.01474	
0.366099	0.421121	0.496428	0.590095	0.681359	0.769339	0.850031	0.898879	0.904385	0.842565	0.725029	0.573027	0.412433	0.257027	0.107337	-0.014179	-0.0871475	-0.114696	-0.123198	-0.125171	-0.124192	-0.121759	-0.10987	-0.0703427	0.0168002	0.141387	0.282749	0.427007	0.568067	0.699282	0.788619	0.815713	0.791058	0.731642	0.657261	0.577312	0.490466	0.400751	0.319198	0.247738	0.16684	0.0668386	-0.0502431	-0.205963	-0.407054	-0.619073	-0.813122	-0.9675	-1.05253	-1.05253	
0.403023	0.438492	0.4913	0.551782	0.606081	0.66775	0.730394	0.786537	0.812191	0.782754	0.702873	0.583876	0.452469	0.308657	0.155165	0.0225632	-0.062027	-0.100125	-0.112676	-0.116597	-0.121759	-0.12012	-0.107581	-0.0646562	0.0339011	0.169342	0.312799	0.44662	0.568902	0.674881	0.733708	0.734995	0.696382	0.6349	0.566774	0.501576	0.436206	0.36402	0.295488	0.240091	0.177513	0.0949808	-0.00761099	-0.151211	-0.339637	-0.542551	-0.734446	-0.888151	-0.971218	-0.971218	
0.423973	0.43007	0.448291	0.463888	0.478333	0.505943	0.553212	0.616404	0.669426	0.687555	0.659273	0.592314	0.501015	0.376258	0.227255	0.0880438	-0.0119533	-0.064944	-0.0872847	-0.101673	-0.10987	-0.107581	-0.091725	-0.0313935	0.0820377	0.224363	0.368835	0.483322	0.567139	0.624705	0.6363	0.601766	0.537965	0.465892	0.407278	0.365871	0.326692	0.277573	0.232776	0.203219	0.168177	0.114532	0.0395171	-0.073219	-0.225607	-0.398283	-0.568992	-0.705372	-0.777408	-0.777408	
0.443611	0.405201	0.372902	0.34066	0.311861	0.30747	0.336319	0.400549	0.479356	0.543947	0.576068	0.571625	0.52968	0.436041	0.304941	0.167581	0.0572822	-0.0095183	-0.0462435	-0.0650403	-0.0703427	-0.0646562	-0.0313935	0.0477362	0.16487	0.305406	0.432609	0.508505	0.540933	0.536459	0.489191	0.408169	0.314243	0.238448	0.195133	0.175201	0.165698	0.155848	0.150255	0.155205	0.159492	0.14852	0.108271	0.0308069	-0.0776402	-0.207358	-0.339524	-0.442375	-0.495099	-0.495099	
0.462026	0.362423	0.27349	0.191737	0.128165	0.0991306	0.109694	0.171244	0.262589	0.364395	0.449453	0.504444	0.512982	0.459596	0.361106	0.242594	0.139519	0.0679329	0.029385	0.0168765	0.0168002	0.0339011	0.0820377	0.16487	0.273788	0.389922	0.474459	0.500509	0.471587	0.394714	0.285106	0.163957	0.0546294	-0.0193636	-0.0545009	-0.0560021	-0.0318501	0.0043061	0.0507764	0.110795	0.174829	0.217004	0.213349	0.17056	0.104318	0.0174076	-0.0720442	-0.136432	-0.167624	-0.167624	
0.464595	0.302083	0.1544	0.0256608	-0.0618493	-0.110457	-0.110037	-0.0568635	0.0387674	0.165062	0.291168	0.399317	0.457225	0.455086	0.404865	0.325699	0.243037	0.176441	0.142179	0.132924	0.141387	0.169342	0.224363	0.305406	0.389922	0.456736	0.480397	0.443089	0.344783	0.199555	0.0422623	-0.101369	-0.218841	-0.293829	-0.320161	-0.303258	-0.249063	-0.159928	-0.0436854	0.0858961	0.2167	0.317958	0.35922	0.353886	0.322275	0.267781	0.211291	0.174238	0.156193	0.156193	
0.434919	0.220007	0.014827	-0.152504	-0.262698	-0.323063	-0.325545	-0.27685	-0.17331	-0.0281501	0.134672	0.287981	0.393618	0.446773	0.453959	0.422955	0.367081	0.311273	0.276814	0.269188	0.282749	0.312799	0.368835	0.432609	0.474459	0.480397	0.435171	0.335781	0.180047	-0.0159832	-0.20846	-0.374811	-0.501279	-0.569293	-0.580728	-0.542965	-0.448654	-0.295426	-0.108137	0.0886215	0.2839	0.442334	0.53087	0.564201	0.561959	0.530964	0.49286	0.463742	0.445447	0.445447	
0.388643	0.138845	-0.106436	-0.302493	-0.436722	-0.507548	-0.516537	-0.469996	-0.360416	-0.202491	-0.0129517	0.172061	0.317562	0.425712	0.494931	0.52009	0.504972	0.466775	0.434707	0.424203	0.427007	0.44662	0.483322	0.508505	0.500509	0.443089	0.335781	0.188859	-0.00742338	-0.236606	-0.45711	-0.64034	-0.76215	-0.81669	-0.81074	-0.738653	-0.591779	-0.376903	-0.124425	0.134146	0.37699	0.572985	0.702152	0.772116	0.7931	0.778695	0.750694	0.720888	0.698364	0.698364	
0.3625	0.0980987	-0.163114	-0.379781	-0.538909	-0.630594	-0.660666	-0.625384	-0.521488	-0.361329	-0.158252	0.0421696	0.219229	0.376986	0.50432	0.592137	0.626042	0.616238	0.596527	0.579372	0.568067	0.568902	0.567139	0.540933	0.471587	0.344783	0.180047	-0.00742338	-0.227288	-0.465938	-0.690248	-0.865074	-0.969555	-1.00515	-0.966887	-0.848005	-0.65155	-0.386769	-0.0840723	0.215587	0.48303	0.700695	0.858678	0.949645	0.980471	0.978631	0.963464	0.940097	0.920969	0.920969	
0.36537	0.10473	-0.153949	-0.381395	-0.560501	-0.68181	-0.743782	-0.732204	-0.649849	-0.497693	-0.298881	-0.0977146	0.100825	0.290562	0.465463	0.609003	0.693037	0.727826	0.731663	0.71687	0.699282	0.674881	0.624705	0.536459	0.394714	0.199555	-0.0159832	-0.236606	-0.465938	-0.693263	-0.897034	-1.04442	-1.11265	-1.10002	-1.00776	-0.841481	-0.608794	-0.319661	0.00212973	0.319993	0.597082	0.818665	0.982081	1.07516	1.1085	1.11824	1.11833	1.10909	1.10118	1.10118	
0.395005	0.152243	-0.0959417	-0.32618	-0.520716	-0.674162	-0.770652	-0.798006	-0.750236	-0.621354	-0.444838	-0.246841	-0.0363565	0.176318	0.389292	0.573661	0.707935	0.790922	0.820025	0.813937	0.788619	0.733708	0.6363	0.489191	0.285106	0.0422623	-0.20846	-0.45711	-0.690248	-0.897034	-1.06858	-1.16773	-1.17042	-1.08959	-0.940101	-0.730633	-0.472903	-0.17784	0.142989	0.454833	0.712727	0.910387	1.05696	1.14244	1.17886	1.19848	1.20887	1.21082	1.21268	1.21268	
0.441189	0.227454	-0.00837779	-0.239618	-0.452008	-0.632351	-0.763101	-0.835584	-0.829092	-0.742587	-0.596507	-0.405034	-0.18599	0.0500116	0.287127	0.499146	0.674853	0.794453	0.84722	0.851283	0.815713	0.734995	0.601766	0.408169	0.163957	-0.101369	-0.374811	-0.64034	-0.865074	-1.04442	-1.16773	-1.19952	-1.13781	-1.00189	-0.801323	-0.549776	-0.266138	0.0355458	0.340598	0.615801	0.828485	0.981238	1.08765	1.1522	1.19019	1.2155	1.22783	1.23345	1.2393	1.2393	
0.482121	0.309534	0.0940322	-0.138971	-0.369619	-0.570776	-0.733673	-0.844232	-0.886076	-0.854383	-0.748764	-0.575491	-0.349895	-0.0968892	0.154096	0.386668	0.590675	0.737969	0.81629	0.832243	0.791058	0.696382	0.537965	0.314243	0.0546294	-0.218841	-0.501279	-0.76215	-0.969555	-1.11265	-1.17042	-1.13781	-1.0301	-0.849001	-0.604917	-0.320845	-0.0154105	0.288183	0.564745	0.791255	0.950109	1.04194	1.08758	1.11643	1.1425	1.15906	1.16658	1.1758	1.18531	1.18531	
0.49972	0.377684	0.194133	-0.0370565	-0.280258	-0.503817	-0.693831	-0.837294	-0.928454	-0.953479	-0.899323	-0.752187	-0.528202	-0.265913	-0.00253539	0.246423	0.468618	0.637199	0.738922	0.767617	0.731642	0.6349	0.465892	0.238448	-0.0193636	-0.293829	-0.569293	-0.81669	-1.00515	-1.10002	-1.08959	-1.00189	-0.849001	-0.62784	-0.358531	-0.0589752	0.255485	0.549443	0.787833	0.956021	1.05349	1.08461	1.07155	1.05301	1.04305	1.03397	1.03365	1.04729	1.05986	1.05986	
0.478997	0.408707	0.26362	0.0485761	-0.196589	-0.439699	-0.652357	-0.827334	-0.957986	-1.03488	-1.02891	-0.913124	-0.703698	-0.439767	-0.167279	0.0956025	0.328977	0.512885	0.6327	0.677851	0.657261	0.566774	0.407278	0.195133	-0.0545009	-0.320161	-0.580728	-0.81074	-0.966887	-1.00776	-0.940101	-0.801323	-0.604917	-0.358531	-0.0777075	0.229053	0.53709	0.798564	0.977059	1.07505	1.11335	1.09498	1.03146	0.962545	0.910038	0.873478	0.859926	0.865251	0.871129	0.871129	
0.409797	0.383541	0.27769	0.0970719	-0.132642	-0.37821	-0.607916	-0.806371	-0.965644	-1.07859	-1.1052	-1.02423	-0.839803	-0.589891	-0.31681	-0.0467923	0.19031	0.383086	0.515053	0.580406	0.577312	0.501576	0.365871	0.175201	-0.0560021	-0.303258	-0.542965	-0.738653	-0.848005	-0.841481	-0.730633	-0.549776	-0.320845	-0.0589752	0.229053	0.528788	0.798754	0.996976	1.10712	1.14203	1.12098	1.04998	0.947122	0.846462	0.765437	0.707883	0.674817	0.655851	0.643291	0.643291	
0.297258	0.30422	0.236573	0.100701	-0.0928598	-0.318567	-0.54969	-0.758231	-0.9354	-1.06032	-1.10386	-1.05135	-0.901213	-0.683525	-0.424172	-0.163946	0.067594	0.258654	0.396951	0.479055	0.490466	0.436206	0.326692	0.165698	-0.0318501	-0.249063	-0.448654	-0.591779	-0.65155	-0.608794	-0.472903	-0.266138	-0.0154105	0.255485	0.53709	0.798754	0.998988	1.12558	1.17665	1.14968	1.06113	0.945213	0.828384	0.716477	0.616951	0.544169	0.492924	0.449219	0.419578	0.419578	
0.172947	0.207396	0.178792	0.0894857	-0.0565546	-0.247243	-0.45992	-0.667932	-0.849826	-0.972645	-1.0227	-0.990317	-0.882182	-0.706207	-0.479858	-0.246024	-0.0297111	0.150366	0.290679	0.379215	0.400751	0.36402	0.277573	0.155848	0.0043061	-0.159928	-0.295426	-0.376903	-0.386769	-0.319661	-0.17784	0.0355458	0.288183	0.549443	0.798564	0.996976	1.12558	1.18866	1.17621	1.08383	0.944759	0.80868	0.690857	0.575495	0.468615	0.387118	0.322103	0.267897	0.237587	0.237587	
0.066289	0.126207	0.139569	0.0977708	0.000138228	-0.147107	-0.326578	-0.519563	-0.690434	-0.80744	-0.860012	-0.850945	-0.788418	-0.663315	-0.491448	-0.298899	-0.110835	0.0557213	0.195812	0.286952	0.319198	0.295488	0.232776	0.150255	0.0507764	-0.0436854	-0.108137	-0.124425	-0.0840723	0.00212973	0.142989	0.340598	0.564745	0.787833	0.977059	1.10712	1.17665	1.17621	1.09978	0.966891	0.809942	0.663076	0.538569	0.426565	0.327501	0.2449	0.174893	0.126392	0.107207	0.107207	
-0.0097639	0.0709557	0.126444	0.134405	0.0858348	-0.0127092	-0.149401	-0.306546	-0.449808	-0.555139	-0.614334	-0.638409	-0.624481	-0.563924	-0.462505	-0.328655	-0.181618	-0.0305462	0.105736	0.202554	0.247738	0.240091	0.203219	0.155205	0.110795	0.0858961	0.0886215	0.134146	0.215587	0.319993	0.454833	0.615801	0.791255	0.956021	1.07505	1.14203	1.14968	1.08383	0.966891	0.827637	0.67496	0.523383	0.390169	0.281776	0.19501	0.121664	0.0633624	0.0300042	0.0191602	0.0191602	
-0.0272966	0.0654577	0.152087	0.20368	0.202383	0.150425	0.058734	-0.0503223	-0.153738	-0.239385	-0.309269	-0.367075	-0.401434	-0.407535	-0.378709	-0.313984	-0.216112	-0.0940526	0.0240744	0.116533	0.16684	0.177513	0.168177	0.159492	0.174829	0.2167	0.2839	0.37699	0.48303	0.597082	0.712727	0.828485	0.950109	1.05349	1.11335	1.12098	1.06113	0.944759	0.809942	0.67496	0.538031	0.396473	0.262315	0.158117	0.0827672	0.0225432	-0.016502	-0.0315362	-0.0357367	-0.0357367	
0.0288729	0.128764	0.230421	0.311779	0.352287	0.344082	0.298035	0.238756	0.179531	0.115903	0.036892	-0.0501677	-0.132299	-0.200322	-0.242154	-0.247238	-0.2058	-0.131843	-0.0501056	0.0201244	0.0668386	0.0949808	0.114532	0.14852	0.217004	0.317958	0.442334	0.572985	0.700695	0.818665	0.910387	0.981238	1.04194	1.08461	1.09498	1.04998	0.945213	0.80868	0.663076	0.523383	0.396473	0.271371	0.155209	0.0688097	0.00447088	-0.0460074	-0.0697628	-0.0720303	-0.0719346	-0.0719346	
0.142624	0.254717	0.366012	0.467948	0.545924	0.584947	0.589933	0.579069	0.556976	0.507492	0.419134	0.300848	0.166484	0.0332951	-0.080661	-0.153455	-0.175592	-0.161395	-0.128269	-0.0904251	-0.0502431	-0.00761099	0.0395171	0.108271	0.213349	0.35922	0.53087	0.702152	0.858678	0.982081	1.05696	1.08765	1.08758	1.07155	1.03146	0.947122	0.828384	0.690857	0.538569	0.390169	0.262315	0.155209	0.0695876	0.00222317	-0.0503117	-0.080174	-0.0899854	-0.0977988	-0.107492	-0.107492	
0.311255	0.438253	0.561332	0.679068	0.786338	0.870876	0.928159	0.959624	0.958926	0.91181	0.812387	0.663955	0.478967	0.279944	0.0961886	-0.0453413	-0.140461	-0.198603	-0.229163	-0.233386	-0.205963	-0.151211	-0.073219	0.0308069	0.17056	0.353886	0.564201	0.772116	0.949645	1.07516	1.14244	1.1522	1.11643	1.05301	0.962545	0.846462	0.716477	0.575495	0.426565	0.281776	0.158117	0.0688097	0.00222317	-0.0558569	-0.0878906	-0.0890374	-0.0935868	-0.116068	-0.135067	-0.135067	
0.534285	0.66768	0.802937	0.934959	1.06285	1.18328	1.28457	1.3467	1.3524	1.29772	1.18439	1.01073	0.783218	0.526344	0.277629	0.0622872	-0.115941	-0.259092	-0.363937	-0.416437	-0.407054	-0.339637	-0.225607	-0.0776402	0.104318	0.322275	0.561959	0.7931	0.980471	1.1085	1.17886	1.19019	1.1425	1.04305	0.910038	0.765437	0.616951	0.468615	0.327501	0.19501	0.0827672	0.00447088	-0.0503117	-0.0878906	-0.0989381	-0.0993263	-0.113756	-0.131	-0.135106	-0.135106	
0.787042	0.916803	1.06294	1.21332	1.36243	1.51029	1.64016	1.71712	1.71784	1.64567	1.50905	1.30694	1.04215	0.738156	0.429964	0.140096	-0.121648	-0.346461	-0.516817	-0.611277	-0.619073	-0.542551	-0.398283	-0.207358	0.0174076	0.267781	0.530964	0.778695	0.978631	1.11824	1.19848	1.2155	1.15906	1.03397	0.873478	0.707883	0.544169	0.387118	0.2449	0.121664	0.0225432	-0.0460074	-0.080174	-0.0890374	-0.0993263	-0.123621	-0.141033	-0.135608	-0.122473	-0.122473	
1.03613	1.15671	1.30815	1.47755	1.6511	1.81891	1.95802	2.03316	2.02258	1.92853	1.76148	1.52735	1.23326	0.897063	0.540824	0.184509	-0.151705	-0.443691	-0.663459	-0.789955	-0.813122	-0.734446	-0.568992	-0.339524	-0.0720442	0.211291	0.49286	0.750694	0.963464	1.11833	1.20887	1.22783	1.16658	1.03365	0.859926	0.674817	0.492924	0.322103	0.174893	0.0633624	-0.016502	-0.0697628	-0.0899854	-0.0935868	-0.113756	-0.141033	-0.143413	-0.130206	-0.125022	-0.125022	
1.23745	1.34774	1.49707	1.67929	1.87516	2.05604	2.19116	2.25593	2.23559	2.12534	1.93188	1.6711	1.35935	1.00584	0.616254	0.207228	-0.188617	-0.530778	-0.785313	-0.933445	-0.9675	-0.888151	-0.705372	-0.442375	-0.136432	0.174238	0.463742	0.720888	0.940097	1.10909	1.21082	1.23345	1.1758	1.04729	0.865251	0.655851	0.449219	0.267897	0.126392	0.0300042	-0.0315362	-0.0720303	-0.0977988	-0.116068	-0.131	-0.135608	-0.130206	-0.129404	-0.135718	-0.135718	
1.3469	1.45094	1.5968	1.78526	1.99546	2.18396	2.31403	2.37099	2.34627	2.22865	2.02009	1.74377	1.4233	1.06171	0.653839	0.213826	-0.216401	-0.585708	-0.857554	-1.01474	-1.05253	-0.971218	-0.777408	-0.495099	-0.167624	0.156193	0.445447	0.698364	0.920969	1.10118	1.21268	1.2393	1.18531	1.05986	0.871129	0.643291	0.419578	0.237587	0.107207	0.0191602	-0.0357367	-0.0719346	-0.107492	-0.135067	-0.135106	-0.122473	-0.125022	-0.135718	-0.138438	-0.138438	
1.3469	1.45094	1.5968	1.78526	1.99546	2.18396	2.31403	2.37099	2.34627	2.22865	2.02009	1.74377	1.4233	1.06171	0.653839	0.213826	-0.216401	-0.585708	-0.857554	-1.01474	-1.05253	-0.971218	-0.777408	-0.495099	-0.167624	0.156193	0.445447	0.698364	0.920969	1.10118	1.21268	1.2393	1.18531	1.05986	0.871129	0.643291	0.419578	0.237587	0.107207	0.0191602	-0.0357367	-0.0719346	-0.107492	-0.135067	-0.135106	-0.122473	-0.125022	-0.135718	-0.138438	-0.138438	
