-0.0923996	-0.0815536	-0.0814491	-0.0946185	-0.0999903	-0.0957872	-0.0998284	-0.115239	-0.121311	-0.118442	-0.118685	-0.132178	-0.161054	-0.179325	-0.174728	-0.167071	-0.172848	-0.210793	-0.295897	-0.408971	-0.520005	-0.611698	-0.658558	-0.632829	-0.533991	-0.376578	-0.165528	0.0893354	0.354866	0.59323	0.78675	0.93086	1.01282	1.01174	0.919648	0.756293	0.562178	0.378657	0.232082	0.130073	0.0669932	0.0318583	0.0140494	0.00576855	0.00221319	0.000796128	0.000269701	8.78191e-05	3.32365e-05	3.32365e-05	
-0.0815536	-0.0779706	-0.0936342	-0.103192	-0.100539	-0.0967137	-0.105713	-0.121606	-0.123225	-0.118946	-0.125031	-0.147526	-0.174497	-0.180693	-0.170984	-0.169122	-0.189643	-0.250326	-0.352906	-0.467809	-0.569302	-0.641324	-0.656381	-0.595495	-0.468029	-0.287462	-0.0576292	0.204452	0.461115	0.680464	0.85229	0.971925	1.02322	0.987599	0.866021	0.686856	0.492789	0.32081	0.190356	0.103454	0.0517504	0.0239363	0.0102806	0.00411595	0.00154146	0.00054178	0.00017946	5.71263e-05	2.11104e-05	2.11104e-05	
-0.0814491	-0.0936342	-0.105221	-0.101265	-0.0949913	-0.099823	-0.119596	-0.128705	-0.119718	-0.120423	-0.138408	-0.165148	-0.182571	-0.177435	-0.168797	-0.178792	-0.219618	-0.303302	-0.416388	-0.525587	-0.611648	-0.6573	-0.635997	-0.540492	-0.386584	-0.184329	0.0607337	0.323362	0.56504	0.762317	0.910553	1.00262	1.01996	0.949175	0.801366	0.611954	0.423176	0.265948	0.152601	0.0803403	0.0389943	0.0175266	0.00732494	0.00285717	0.00104366	0.000358131	0.000115908	3.60453e-05	1.29957e-05	1.29957e-05	
-0.0946185	-0.103192	-0.101265	-0.0940986	-0.0995306	-0.117042	-0.129549	-0.122366	-0.117889	-0.1332	-0.156598	-0.178478	-0.183534	-0.172364	-0.172633	-0.200876	-0.265186	-0.367478	-0.481841	-0.578125	-0.64253	-0.655216	-0.595168	-0.467446	-0.289532	-0.067762	0.187133	0.442661	0.663939	0.836887	0.959383	1.02034	1.00105	0.896162	0.72706	0.533742	0.355288	0.215306	0.119349	0.060811	0.0286132	0.0124868	0.00507404	0.00192678	0.000685957	0.000229649	7.25734e-05	2.20347e-05	7.74528e-06	7.74528e-06	
-0.0999903	-0.100539	-0.0949913	-0.0995306	-0.116042	-0.126833	-0.125791	-0.119673	-0.128408	-0.150072	-0.172437	-0.185883	-0.178936	-0.170269	-0.18838	-0.239232	-0.325749	-0.438237	-0.54407	-0.620735	-0.656869	-0.631207	-0.532841	-0.376578	-0.177131	0.0606556	0.318041	0.558616	0.755305	0.902211	0.996254	1.02238	0.965043	0.829186	0.645266	0.454726	0.291028	0.16989	0.0908945	0.0447834	0.0204114	0.00864201	0.00341191	0.00126043	0.000437058	0.000142665	4.39957e-05	1.30346e-05	4.46407e-06	4.46407e-06	
-0.0957872	-0.0967137	-0.099823	-0.117042	-0.126833	-0.127327	-0.123367	-0.123747	-0.143713	-0.169273	-0.185375	-0.184341	-0.172096	-0.17953	-0.221454	-0.294545	-0.397712	-0.509439	-0.597359	-0.648124	-0.649584	-0.582677	-0.449188	-0.268506	-0.0502785	0.198014	0.449005	0.667553	0.836894	0.956096	1.01827	1.00627	0.911423	0.749948	0.558842	0.377563	0.232089	0.130394	0.067279	0.0320295	0.0141309	0.00580066	0.00222364	0.000798665	0.000269578	8.57498e-05	2.57916e-05	7.45286e-06	2.48551e-06	2.48551e-06	
-0.0998284	-0.105713	-0.119596	-0.129549	-0.125791	-0.123367	-0.121719	-0.138736	-0.169385	-0.185214	-0.185488	-0.175965	-0.175233	-0.207932	-0.272704	-0.364536	-0.475205	-0.573595	-0.635608	-0.654855	-0.616453	-0.508737	-0.34534	-0.144202	0.0890336	0.33993	0.575084	0.76622	0.906631	0.995933	1.02234	0.97018	0.840907	0.661247	0.471129	0.304818	0.179803	0.0971475	0.0483066	0.022207	0.00947783	0.00376995	0.00140245	0.000489488	0.000160749	4.98034e-05	1.46038e-05	4.1143e-06	1.33551e-06	1.33551e-06	
-0.115239	-0.121606	-0.128705	-0.122366	-0.119673	-0.123747	-0.138736	-0.169966	-0.185984	-0.183637	-0.17876	-0.175822	-0.197811	-0.256467	-0.340656	-0.444767	-0.54932	-0.622491	-0.653232	-0.635973	-0.554757	-0.41026	-0.22306	-0.00523509	0.237238	0.480756	0.691475	0.85198	0.962338	1.01862	1.00556	0.913456	0.755677	0.56683	0.385647	0.238716	0.135022	0.0701132	0.0335801	0.0148988	0.00614833	0.00236864	0.000854718	0.000289764	9.25459e-05	2.79167e-05	7.97763e-06	2.19056e-06	6.91832e-07	6.91832e-07	
-0.121311	-0.123225	-0.119718	-0.117889	-0.128408	-0.143713	-0.169385	-0.185984	-0.182407	-0.179667	-0.178734	-0.191703	-0.24348	-0.3248	-0.421677	-0.525909	-0.609097	-0.649465	-0.645566	-0.587205	-0.46387	-0.289714	-0.0845108	0.145725	0.388929	0.614195	0.794132	0.922696	1.00139	1.0207	0.96579	0.837093	0.659395	0.471067	0.305723	0.180922	0.0980694	0.0489191	0.022557	0.00965524	0.00385119	0.00143646	0.000502624	0.000165459	5.13777e-05	1.5085e-05	4.19989e-06	1.12376e-06	3.45214e-07	3.45214e-07	
-0.118442	-0.118946	-0.120423	-0.1332	-0.150072	-0.169273	-0.185214	-0.183637	-0.179667	-0.180271	-0.189203	-0.234328	-0.314797	-0.407117	-0.506182	-0.595458	-0.645547	-0.650082	-0.607961	-0.505732	-0.34593	-0.150633	0.0677567	0.304265	0.537072	0.734258	0.880116	0.976294	1.02049	0.998905	0.902461	0.744041	0.556952	0.378474	0.234127	0.132392	0.0687467	0.0329312	0.0146153	0.00603375	0.00232559	0.00083963	0.000284812	9.10191e-05	2.74721e-05	7.84941e-06	2.12877e-06	5.54947e-07	1.65788e-07	1.65788e-07	
-0.118685	-0.125031	-0.138408	-0.156598	-0.172437	-0.185375	-0.185488	-0.17876	-0.178734	-0.189203	-0.230953	-0.309722	-0.399773	-0.49252	-0.582957	-0.641769	-0.652846	-0.620384	-0.535977	-0.392012	-0.205701	0.00330954	0.230304	0.4637	0.673865	0.836248	0.947419	1.01018	1.01588	0.951024	0.817196	0.639172	0.453944	0.293168	0.172777	0.0933274	0.0464154	0.0213482	0.009118	0.00363012	0.00135185	0.000472368	0.000155316	4.81796e-05	1.41333e-05	3.92926e-06	1.03789e-06	2.63595e-07	7.65735e-08	7.65735e-08	
-0.132178	-0.147526	-0.165148	-0.178478	-0.185883	-0.184341	-0.175965	-0.175822	-0.191703	-0.234328	-0.309722	-0.397626	-0.485751	-0.574007	-0.6384	-0.655094	-0.627775	-0.556021	-0.427677	-0.250895	-0.0489218	0.168754	0.397637	0.615241	0.792241	0.917291	0.994226	1.02084	0.984039	0.876931	0.714184	0.528829	0.355947	0.218359	0.122575	0.0632421	0.0301243	0.0133035	0.00546823	0.00209949	0.000755402	0.000255461	8.14177e-05	2.45147e-05	6.98901e-06	1.89055e-06	4.86369e-07	1.20341e-07	3.39928e-08	3.39928e-08	
-0.161054	-0.174497	-0.182571	-0.183534	-0.178936	-0.172096	-0.175233	-0.197811	-0.24348	-0.314797	-0.399773	-0.485751	-0.570747	-0.636301	-0.656736	-0.632192	-0.568116	-0.45304	-0.286398	-0.0902836	0.119732	0.341525	0.561154	0.749468	0.887407	0.975912	1.01792	1.00414	0.923002	0.77949	0.599987	0.419981	0.267746	0.155995	0.0834119	0.0411135	0.01876	0.00795618	0.00314774	0.00116566	0.00040527	0.000132656	4.09842e-05	1.19788e-05	3.31922e-06	8.73645e-07	2.18912e-07	5.27737e-08	1.4496e-08	1.4496e-08	
-0.179325	-0.180693	-0.177435	-0.172364	-0.170269	-0.17953	-0.207932	-0.256467	-0.3248	-0.407117	-0.49252	-0.574007	-0.636301	-0.657346	-0.63437	-0.574424	-0.468929	-0.311933	-0.121478	0.0825376	0.296741	0.514237	0.709734	0.858877	0.957364	1.01063	1.01455	0.956549	0.833828	0.66483	0.482694	0.319156	0.192693	0.106645	0.0543362	0.025595	0.0111917	0.00455973	0.00173691	0.000620538	0.000208523	6.60788e-05	1.97935e-05	5.61666e-06	1.51285e-06	3.87502e-07	9.45839e-08	2.22191e-08	5.93567e-09	5.93567e-09	
-0.174728	-0.170984	-0.168797	-0.172633	-0.18838	-0.221454	-0.272704	-0.340656	-0.421677	-0.506182	-0.582957	-0.6384	-0.656736	-0.63437	-0.576368	-0.476478	-0.327277	-0.142544	0.0563954	0.263605	0.47648	0.675072	0.832856	0.939931	1.00159	1.01844	0.979601	0.877117	0.721571	0.541723	0.370597	0.231426	0.132368	0.0696263	0.0338223	0.0152344	0.0063869	0.00250099	0.000917652	0.000316414	0.000102801	3.15473e-05	9.16456e-06	2.5254e-06	6.61353e-07	1.64884e-07	3.9211e-08	8.97776e-09	2.33298e-09	2.33298e-09	
-0.167071	-0.169122	-0.178792	-0.200876	-0.239232	-0.294545	-0.364536	-0.444767	-0.525909	-0.595458	-0.641769	-0.655094	-0.632192	-0.574424	-0.476478	-0.332386	-0.153198	0.0408265	0.241858	0.449069	0.647378	0.810654	0.924578	0.992537	1.01847	0.994534	0.910197	0.769298	0.595142	0.42008	0.270721	0.159734	0.0866139	0.0433354	0.0200863	0.00865776	0.00348247	0.00131145	0.00046375	0.000154404	4.85229e-05	1.44256e-05	4.06557e-06	1.08828e-06	2.77173e-07	6.7278e-08	1.55917e-08	3.48029e-09	8.79975e-10	8.79975e-10	
-0.172848	-0.189643	-0.219618	-0.265186	-0.325749	-0.397712	-0.475205	-0.54932	-0.609097	-0.645547	-0.652846	-0.627775	-0.568116	-0.468929	-0.327277	-0.153198	0.0356484	0.23111	0.432528	0.628128	0.793611	0.912125	0.98459	1.01665	1.00364	0.934466	0.807882	0.641598	0.465806	0.309004	0.18769	0.104733	0.0538947	0.0256756	0.0113667	0.00469257	0.00181243	0.000656873	0.000224005	7.20572e-05	2.19147e-05	6.31462e-06	1.72724e-06	4.49296e-07	1.11328e-07	2.6317e-08	5.94528e-09	1.29416e-09	3.18484e-10	3.18484e-10	
-0.210793	-0.250326	-0.303302	-0.367478	-0.438237	-0.509439	-0.573595	-0.622491	-0.649465	-0.650082	-0.620384	-0.556021	-0.45304	-0.311933	-0.142544	0.0408265	0.23111	0.427008	0.618277	0.782872	0.903317	0.978461	1.01434	1.00885	0.95152	0.837776	0.680307	0.506291	0.344744	0.215057	0.123254	0.065129	0.0318481	0.0144649	0.00612317	0.00242363	0.000899668	0.000314059	0.000103359	3.21436e-05	9.46617e-06	2.64507e-06	7.02535e-07	1.77662e-07	4.28442e-08	9.86716e-09	2.17364e-09	4.61576e-10	1.10597e-10	1.10597e-10	
-0.295897	-0.352906	-0.416388	-0.481841	-0.54407	-0.597359	-0.635608	-0.653232	-0.645566	-0.607961	-0.535977	-0.427677	-0.286398	-0.121478	0.0563954	0.241858	0.432528	0.618277	0.779204	0.898746	0.974605	1.01241	1.01161	0.962863	0.859756	0.71098	0.540431	0.376561	0.240629	0.141341	0.0765548	0.038368	0.0178558	0.00774231	0.00313776	0.00119209	0.000425715	0.000143266	4.55387e-05	1.37013e-05	3.90966e-06	1.05999e-06	2.73516e-07	6.72763e-08	1.5797e-08	3.54579e-09	7.61952e-10	1.57901e-10	3.68508e-11	3.68508e-11	
-0.408971	-0.467809	-0.525587	-0.578125	-0.620735	-0.648124	-0.654855	-0.635973	-0.587205	-0.505732	-0.392012	-0.250895	-0.0902836	0.0825376	0.263605	0.449069	0.628128	0.782872	0.898746	0.97329	1.01133	1.01291	0.969719	0.874684	0.733663	0.567483	0.403303	0.263265	0.158115	0.0876113	0.04493	0.0213961	0.00949211	0.0039351	0.00152887	0.000558171	0.000191968	6.23379e-05	1.91539e-05	5.57956e-06	1.54372e-06	4.06347e-07	1.01922e-07	2.43962e-08	5.58019e-09	1.22127e-09	2.56103e-10	5.18136e-11	1.17829e-11	1.17829e-11	
-0.520005	-0.569302	-0.611648	-0.64253	-0.656869	-0.649584	-0.616453	-0.554757	-0.46387	-0.34593	-0.205701	-0.0489218	0.119732	0.296741	0.47648	0.647378	0.793611	0.903317	0.974605	1.01133	1.01328	0.972933	0.883306	0.748575	0.587011	0.424079	0.281964	0.172725	0.0977054	0.0511818	0.0249039	0.0112902	0.00478293	0.00189871	0.00070816	0.000248753	8.24809e-05	2.58701e-05	7.69037e-06	2.17065e-06	5.82715e-07	1.49015e-07	3.63535e-08	8.47231e-09	1.88867e-09	4.03214e-10	8.2549e-11	1.63114e-11	3.61606e-12	3.61606e-12	
-0.611698	-0.641324	-0.6573	-0.655216	-0.631207	-0.582677	-0.508737	-0.41026	-0.289714	-0.150633	0.00330954	0.168754	0.341525	0.514237	0.675072	0.810654	0.912125	0.978461	1.01241	1.01291	0.972933	0.886122	0.755957	0.598788	0.438259	0.295912	0.184412	0.106263	0.0567545	0.0281731	0.013035	0.00563681	0.00228431	0.000869703	0.000311821	0.000105516	3.37681e-05	1.024e-05	2.94768e-06	8.06809e-07	2.10305e-07	5.22822e-08	1.2413e-08	2.81821e-09	6.12595e-10	1.27636e-10	2.55216e-11	4.92747e-12	1.06537e-12	1.06537e-12	
-0.658558	-0.656381	-0.635997	-0.595168	-0.532841	-0.449188	-0.34534	-0.22306	-0.0845108	0.0677567	0.230304	0.397637	0.561154	0.709734	0.832856	0.924578	0.98459	1.01434	1.01161	0.969719	0.883306	0.755957	0.602722	0.445443	0.30452	0.192563	0.112777	0.0612965	0.0309925	0.0146147	0.0064439	0.00266327	0.00103425	0.000378242	0.000130548	4.26086e-05	1.31755e-05	3.86672e-06	1.0788e-06	2.86569e-07	7.2584e-08	1.75535e-08	4.05841e-09	8.98131e-10	1.90463e-10	3.87467e-11	7.57042e-12	1.42877e-12	3.01419e-13	3.01419e-13	
-0.632829	-0.595495	-0.540492	-0.467446	-0.376578	-0.268506	-0.144202	-0.00523509	0.145725	0.304265	0.4637	0.615241	0.749468	0.858877	0.939931	0.992537	1.01665	1.00885	0.962863	0.874684	0.748575	0.598788	0.445443	0.307429	0.196749	0.116854	0.0645083	0.0331674	0.0159185	0.00714808	0.00301005	0.00119131	0.000444096	0.000156247	5.1984e-05	1.63848e-05	4.90081e-06	1.39333e-06	3.77099e-07	9.7296e-08	2.39638e-08	5.64146e-09	1.27093e-09	2.74306e-10	5.67807e-11	1.1284e-11	2.15522e-12	3.97787e-13	8.19209e-14	8.19209e-14	
-0.533991	-0.468029	-0.386584	-0.289532	-0.177131	-0.0502785	0.0890336	0.237238	0.388929	0.537072	0.673865	0.792241	0.887407	0.957364	1.00159	1.01847	1.00364	0.95152	0.859756	0.733663	0.587011	0.438259	0.30452	0.196749	0.118241	0.0661716	0.0345406	0.0168488	0.00769615	0.0032987	0.00132944	0.000504803	0.000180941	6.13354e-05	1.96972e-05	6.00258e-06	1.73856e-06	4.79298e-07	1.25949e-07	3.15886e-08	7.5711e-09	1.73618e-09	3.81353e-10	8.03189e-11	1.6237e-11	3.15364e-12	5.89092e-13	1.06377e-13	2.13961e-14	2.13961e-14	
-0.376578	-0.287462	-0.184329	-0.067762	0.0606556	0.198014	0.33993	0.480756	0.614195	0.734258	0.836248	0.917291	0.975912	1.01063	1.01844	0.994534	0.934466	0.837776	0.71098	0.567483	0.424079	0.295912	0.192563	0.116854	0.0661716	0.0350102	0.0173333	0.00804431	0.00350596	0.00143761	0.00055563	0.000202778	6.99995e-05	2.28946e-05	7.10594e-06	2.09613e-06	5.88505e-07	1.57474e-07	4.0212e-08	9.81138e-09	2.29001e-09	5.11872e-10	1.09688e-10	2.25564e-11	4.4556e-12	8.46186e-13	1.54658e-13	2.73361e-14	5.37239e-15	5.37239e-15	
-0.165528	-0.0576292	0.0607337	0.187133	0.318041	0.449005	0.575084	0.691475	0.794132	0.880116	0.947419	0.994226	1.01792	1.01455	0.979601	0.910197	0.807882	0.680307	0.540431	0.403303	0.281964	0.184412	0.112777	0.0645083	0.0345406	0.0173333	0.00816371	0.0036143	0.0015066	0.00059228	0.000219949	7.72824e-05	2.57325e-05	8.13164e-06	2.4423e-06	6.98146e-07	1.90193e-07	4.94418e-08	1.22791e-08	2.91683e-09	6.63441e-10	1.44642e-10	3.02566e-11	6.07839e-12	1.1738e-12	2.1808e-13	3.90168e-14	6.75308e-15	1.29742e-15	1.29742e-15	
0.0893354	0.204452	0.323362	0.442661	0.558616	0.667553	0.76622	0.85198	0.922696	0.976294	1.01018	1.02084	1.00414	0.956549	0.877117	0.769298	0.641598	0.506291	0.376561	0.263265	0.172725	0.106263	0.0612965	0.0331674	0.0168488	0.00804431	0.0036143	0.00153031	0.000611488	0.000230933	8.25491e-05	2.79703e-05	8.99609e-06	2.75029e-06	8.00284e-07	2.21925e-07	5.87214e-08	1.4843e-08	3.58815e-09	8.30441e-10	1.84197e-10	3.91939e-11	8.00797e-12	1.57248e-12	2.97017e-13	5.40091e-14	9.46286e-15	1.60452e-15	3.01488e-16	3.01488e-16	
0.354866	0.461115	0.56504	0.663939	0.755305	0.836894	0.906631	0.962338	1.00139	1.02049	1.01588	0.984039	0.923002	0.833828	0.721571	0.595142	0.465806	0.344744	0.240629	0.158115	0.0977054	0.0567545	0.0309925	0.0159185	0.00769615	0.00350596	0.0015066	0.000611488	0.000234713	8.53141e-05	2.94045e-05	9.62243e-06	2.99359e-06	8.86509e-07	2.50198e-07	6.73761e-08	1.73317e-08	4.26349e-09	1.00399e-09	2.26556e-10	4.90366e-11	1.01898e-11	2.03468e-12	3.90737e-13	7.22242e-14	1.28598e-14	2.20748e-15	3.66835e-16	6.74439e-17	6.74439e-17	
0.59323	0.680464	0.762317	0.836887	0.902211	0.956096	0.995933	1.01862	1.0207	0.998905	0.951024	0.876931	0.77949	0.66483	0.541723	0.42008	0.309004	0.215057	0.141341	0.0876113	0.0511818	0.0281731	0.0146147	0.00714808	0.0032987	0.00143761	0.00059228	0.000230933	8.53141e-05	2.98986e-05	9.95163e-06	3.14972e-06	9.49058e-07	2.72558e-07	7.46893e-08	1.95507e-08	4.89365e-09	1.17249e-09	2.69165e-10	5.92616e-11	1.25247e-11	2.5432e-12	4.9657e-13	9.33074e-14	1.6886e-14	2.94534e-15	4.95552e-16	8.07413e-17	1.45313e-17	1.45313e-17	
0.78675	0.85229	0.910553	0.959383	0.996254	1.01827	1.02234	1.00556	0.96579	0.902461	0.817196	0.714184	0.599987	0.482694	0.370597	0.270721	0.18769	0.123254	0.0765548	0.04493	0.0249039	0.013035	0.0064439	0.00301005	0.00132944	0.00055563	0.000219949	8.25491e-05	2.94045e-05	9.95163e-06	3.20353e-06	9.81958e-07	2.86916e-07	7.99979e-08	2.13067e-08	5.42633e-09	1.32275e-09	3.08922e-10	6.91858e-11	1.4872e-11	3.07103e-12	6.097e-13	1.1647e-13	2.14248e-14	3.79788e-15	6.49234e-16	1.07109e-16	1.71173e-17	3.01698e-18	3.01698e-18	
0.93086	0.971925	1.00262	1.02034	1.02238	1.00627	0.97018	0.913456	0.837093	0.744041	0.639172	0.528829	0.419981	0.319156	0.231426	0.159734	0.104733	0.065129	0.038368	0.0213961	0.0112902	0.00563681	0.00266327	0.00119131	0.000504803	0.000202778	7.72824e-05	2.79703e-05	9.62243e-06	3.14972e-06	9.81958e-07	2.91867e-07	8.27912e-08	2.24346e-08	5.81311e-09	1.44168e-09	3.42528e-10	7.80341e-11	1.70613e-11	3.58296e-12	7.23325e-13	1.40484e-13	2.62695e-14	4.73291e-15	8.22176e-16	1.37803e-16	2.23011e-17	3.49714e-18	6.03891e-19	6.03891e-19	
1.01282	1.02322	1.01996	1.00105	0.965043	0.911423	0.840907	0.755677	0.659395	0.556952	0.453944	0.355947	0.267746	0.192693	0.132368	0.0866139	0.0538947	0.0318481	0.0178558	0.00949211	0.00478293	0.00228431	0.00103425	0.000444096	0.000180941	6.99995e-05	2.57325e-05	8.99609e-06	2.99359e-06	9.49058e-07	2.86916e-07	8.27912e-08	2.28236e-08	6.01667e-09	1.51807e-09	3.66928e-10	8.50354e-11	1.89111e-11	4.03915e-12	8.29213e-13	1.63751e-13	3.11293e-14	5.70081e-15	1.00645e-15	1.71409e-16	2.81801e-17	4.4753e-18	6.88885e-19	1.16595e-19	1.16595e-19	
1.01174	0.987599	0.949175	0.896162	0.829186	0.749948	0.661247	0.56683	0.471067	0.378474	0.293168	0.218359	0.155995	0.106645	0.0696263	0.0433354	0.0256756	0.0144649	0.00774231	0.0039351	0.00189871	0.000869703	0.000378242	0.000156247	6.13354e-05	2.28946e-05	8.13164e-06	2.75029e-06	8.86509e-07	2.72558e-07	7.99979e-08	2.24346e-08	6.01667e-09	1.54442e-09	3.7977e-10	8.95328e-11	2.02539e-11	4.39996e-12	9.18633e-13	1.84468e-13	3.56536e-14	6.63749e-15	1.19103e-15	2.06137e-16	3.44337e-17	5.55496e-18	8.6604e-19	1.30906e-19	2.17248e-20	2.17248e-20	
0.919648	0.866021	0.801366	0.72706	0.645266	0.558842	0.471129	0.385647	0.305723	0.234127	0.172777	0.122575	0.0834119	0.0543362	0.0338223	0.0200863	0.0113667	0.00612317	0.00313776	0.00152887	0.00070816	0.000311821	0.000130548	5.1984e-05	1.96972e-05	7.10594e-06	2.4423e-06	8.00284e-07	2.50198e-07	7.46893e-08	2.13067e-08	5.81311e-09	1.51807e-09	3.7977e-10	9.10839e-11	2.09605e-11	4.63167e-12	9.83516e-13	2.00843e-13	3.94713e-14	7.47066e-15	1.36267e-15	2.39697e-16	4.06874e-17	6.66888e-18	1.05611e-18	1.61697e-19	2.4009e-20	3.90842e-21	3.90842e-21	
0.756293	0.686856	0.611954	0.533742	0.454726	0.377563	0.304818	0.238716	0.180922	0.132392	0.0933274	0.0632421	0.0411135	0.025595	0.0152344	0.00865776	0.00469257	0.00242363	0.00119209	0.000558171	0.000248753	0.000105516	4.26086e-05	1.63848e-05	6.00258e-06	2.09613e-06	6.98146e-07	2.21925e-07	6.73761e-08	1.95507e-08	5.42633e-09	1.44168e-09	3.66928e-10	8.95328e-11	2.09605e-11	4.71157e-12	1.01765e-12	2.11356e-13	4.22398e-14	8.12877e-15	1.50736e-15	2.69515e-16	4.64947e-17	7.74368e-18	1.24589e-18	1.93755e-19	2.9143e-20	4.25216e-21	6.79251e-22	6.79251e-22	
0.562178	0.492789	0.423176	0.355288	0.291028	0.232089	0.179803	0.135022	0.0980694	0.0687467	0.0464154	0.0301243	0.01876	0.0111917	0.0063869	0.00348247	0.00181243	0.000899668	0.000425715	0.000191968	8.24809e-05	3.37681e-05	1.31755e-05	4.90081e-06	1.73856e-06	5.88505e-07	1.90193e-07	5.87214e-08	1.73317e-08	4.89365e-09	1.32275e-09	3.42528e-10	8.50354e-11	2.02539e-11	4.63167e-12	1.01765e-12	2.1498e-13	4.36957e-14	8.55102e-15	1.61222e-15	2.93048e-16	5.13853e-17	8.69745e-18	1.42187e-18	2.24643e-19	3.43197e-20	5.07299e-21	7.27587e-22	1.14092e-22	1.14092e-22	
0.378657	0.32081	0.265948	0.215306	0.16989	0.130394	0.0971475	0.0701132	0.0489191	0.0329312	0.0213482	0.0133035	0.00795618	0.00455973	0.00250099	0.00131145	0.000656873	0.000314059	0.000143266	6.23379e-05	2.58701e-05	1.024e-05	3.86672e-06	1.39333e-06	4.79298e-07	1.57474e-07	4.94418e-08	1.4843e-08	4.26349e-09	1.17249e-09	3.08922e-10	7.80341e-11	1.89111e-11	4.39996e-12	9.83516e-13	2.11356e-13	4.36957e-14	8.69657e-15	1.66734e-15	3.08138e-16	5.49269e-17	9.44948e-18	1.5699e-18	2.52018e-19	3.91137e-20	5.87227e-21	8.53314e-22	1.20341e-22	1.85306e-23	1.85306e-23	
0.232082	0.190356	0.152601	0.119349	0.0908945	0.067279	0.0483066	0.0335801	0.022557	0.0146153	0.009118	0.00546823	0.00314774	0.00173691	0.000917652	0.00046375	0.000224005	0.000103359	4.55387e-05	1.91539e-05	7.69037e-06	2.94768e-06	1.0788e-06	3.77099e-07	1.25949e-07	4.0212e-08	1.22791e-08	3.58815e-09	1.00399e-09	2.69165e-10	6.91858e-11	1.70613e-11	4.03915e-12	9.18633e-13	2.00843e-13	4.22398e-14	8.55102e-15	1.66734e-15	3.13338e-16	5.67878e-17	9.93142e-18	1.67702e-18	2.73581e-19	4.31418e-20	6.57981e-21	9.71097e-22	1.38767e-22	1.92492e-23	2.91165e-24	2.91165e-24	
0.130073	0.103454	0.0803403	0.060811	0.0447834	0.0320295	0.022207	0.0148988	0.00965524	0.00603375	0.00363012	0.00209949	0.00116566	0.000620538	0.000316414	0.000154404	7.20572e-05	3.21436e-05	1.37013e-05	5.57956e-06	2.17065e-06	8.06809e-07	2.86569e-07	9.7296e-08	3.15886e-08	9.81138e-09	2.91683e-09	8.30441e-10	2.26556e-10	5.92616e-11	1.4872e-11	3.58296e-12	8.29213e-13	1.84468e-13	3.94713e-14	8.12877e-15	1.61222e-15	3.08138e-16	5.67878e-17	1.00974e-17	1.73328e-18	2.8739e-19	4.6054e-20	7.13657e-21	1.06997e-21	1.55286e-22	2.18279e-23	2.97911e-24	4.428e-25	4.428e-25	
0.0669932	0.0517504	0.0389943	0.0286132	0.0204114	0.0141309	0.00947783	0.00614833	0.00385119	0.00232559	0.00135185	0.000755402	0.00040527	0.000208523	0.000102801	4.85229e-05	2.19147e-05	9.46617e-06	3.90966e-06	1.54372e-06	5.82715e-07	2.10305e-07	7.2584e-08	2.39638e-08	7.5711e-09	2.29001e-09	6.63441e-10	1.84197e-10	4.90366e-11	1.25247e-11	3.07103e-12	7.23325e-13	1.63751e-13	3.56536e-14	7.47066e-15	1.50736e-15	2.93048e-16	5.49269e-17	9.93142e-18	1.73328e-18	2.92146e-19	4.75827e-20	7.4929e-21	1.14138e-21	1.68275e-22	2.40232e-23	3.32272e-24	4.46318e-25	6.52075e-26	6.52075e-26	
0.0318583	0.0239363	0.0175266	0.0124868	0.00864201	0.00580066	0.00376995	0.00236864	0.00143646	0.00083963	0.000472368	0.000255461	0.000132656	6.60788e-05	3.15473e-05	1.44256e-05	6.31462e-06	2.64507e-06	1.05999e-06	4.06347e-07	1.49015e-07	5.22822e-08	1.75535e-08	5.64146e-09	1.73618e-09	5.11872e-10	1.44642e-10	3.91939e-11	1.01898e-11	2.5432e-12	6.097e-13	1.40484e-13	3.11293e-14	6.63749e-15	1.36267e-15	2.69515e-16	5.13853e-17	9.44948e-18	1.67702e-18	2.8739e-19	4.75827e-20	7.61557e-21	1.17885e-21	1.76582e-22	2.56082e-23	3.59724e-24	4.89712e-25	6.4757e-26	9.30261e-27	9.30261e-27	
0.0140494	0.0102806	0.00732494	0.00507404	0.00341191	0.00222364	0.00140245	0.000854718	0.000502624	0.000284812	0.000155316	8.14177e-05	4.09842e-05	1.97935e-05	9.16456e-06	4.06557e-06	1.72724e-06	7.02535e-07	2.73516e-07	1.01922e-07	3.63535e-08	1.2413e-08	4.05841e-09	1.27093e-09	3.81353e-10	1.09688e-10	3.02566e-11	8.00797e-12	2.03468e-12	4.9657e-13	1.1647e-13	2.62695e-14	5.70081e-15	1.19103e-15	2.39697e-16	4.64947e-17	8.69745e-18	1.5699e-18	2.73581e-19	4.6054e-20	7.4929e-21	1.17885e-21	1.79441e-22	2.64392e-23	3.77275e-24	5.21621e-25	6.99123e-26	9.10359e-27	1.28625e-27	1.28625e-27	
0.00576855	0.00411595	0.00285717	0.00192678	0.00126043	0.000798665	0.000489488	0.000289764	0.000165459	9.10191e-05	4.81796e-05	2.45147e-05	1.19788e-05	5.61666e-06	2.5254e-06	1.08828e-06	4.49296e-07	1.77662e-07	6.72763e-08	2.43962e-08	8.47231e-09	2.81821e-09	8.98131e-10	2.74306e-10	8.03189e-11	2.25564e-11	6.07839e-12	1.57248e-12	3.90737e-13	9.33074e-14	2.14248e-14	4.73291e-15	1.00645e-15	2.06137e-16	4.06874e-17	7.74368e-18	1.42187e-18	2.52018e-19	4.31418e-20	7.13657e-21	1.14138e-21	1.76582e-22	2.64392e-23	3.83313e-24	5.38351e-25	7.32806e-26	9.67235e-27	1.24056e-27	1.72443e-28	1.72443e-28	
0.00221319	0.00154146	0.00104366	0.000685957	0.000437058	0.000269578	0.000160749	9.25459e-05	5.13777e-05	2.74721e-05	1.41333e-05	6.98901e-06	3.31922e-06	1.51285e-06	6.61353e-07	2.77173e-07	1.11328e-07	4.28442e-08	1.5797e-08	5.58019e-09	1.88867e-09	6.12595e-10	1.90463e-10	5.67807e-11	1.6237e-11	4.4556e-12	1.1738e-12	2.97017e-13	7.22242e-14	1.6886e-14	3.79788e-15	8.22176e-16	1.71409e-16	3.44337e-17	6.66888e-18	1.24589e-18	2.24643e-19	3.91137e-20	6.57981e-21	1.06997e-21	1.68275e-22	2.56082e-23	3.77275e-24	5.38351e-25	7.44395e-26	9.97862e-27	1.29739e-27	1.63941e-28	2.24261e-29	2.24261e-29	
0.000796128	0.00054178	0.000358131	0.000229649	0.000142665	8.57498e-05	4.98034e-05	2.79167e-05	1.5085e-05	7.84941e-06	3.92926e-06	1.89055e-06	8.73645e-07	3.87502e-07	1.64884e-07	6.7278e-08	2.6317e-08	9.86716e-09	3.54579e-09	1.22127e-09	4.03214e-10	1.27636e-10	3.87467e-11	1.1284e-11	3.15364e-12	8.46186e-13	2.1808e-13	5.40091e-14	1.28598e-14	2.94534e-15	6.49234e-16	1.37803e-16	2.81801e-17	5.55496e-18	1.05611e-18	1.93755e-19	3.43197e-20	5.87227e-21	9.71097e-22	1.55286e-22	2.40232e-23	3.59724e-24	5.21621e-25	7.32806e-26	9.97862e-27	1.31763e-27	1.68793e-28	2.10191e-29	2.8303e-30	2.8303e-30	
0.000269701	0.00017946	0.000115908	7.25734e-05	4.39957e-05	2.57916e-05	1.46038e-05	7.97763e-06	4.19989e-06	2.12877e-06	1.03789e-06	4.86369e-07	2.18912e-07	9.45839e-08	3.9211e-08	1.55917e-08	5.94528e-09	2.17364e-09	7.61952e-10	2.56103e-10	8.2549e-11	2.55216e-11	7.57042e-12	2.15522e-12	5.89092e-13	1.54658e-13	3.90168e-14	9.46286e-15	2.20748e-15	4.95552e-16	1.07109e-16	2.23011e-17	4.4753e-18	8.6604e-19	1.61697e-19	2.9143e-20	5.07299e-21	8.53314e-22	1.38767e-22	2.18279e-23	3.32272e-24	4.89712e-25	6.99123e-26	9.67235e-27	1.29739e-27	1.68793e-28	2.13101e-29	2.61568e-30	3.46789e-31	3.46789e-31	
8.78191e-05	5.71263e-05	3.60453e-05	2.20347e-05	1.30346e-05	7.45286e-06	4.1143e-06	2.19056e-06	1.12376e-06	5.54947e-07	2.63595e-07	1.20341e-07	5.27737e-08	2.22191e-08	8.97776e-09	3.48029e-09	1.29416e-09	4.61576e-10	1.57901e-10	5.18136e-11	1.63114e-11	4.92747e-12	1.42877e-12	3.97787e-13	1.06377e-13	2.73361e-14	6.75308e-15	1.60452e-15	3.66835e-16	8.07413e-17	1.71173e-17	3.49714e-18	6.88885e-19	1.30906e-19	2.4009e-20	4.25216e-21	7.27587e-22	1.20341e-22	1.92492e-23	2.97911e-24	4.46318e-25	6.4757e-26	9.10359e-27	1.24056e-27	1.63941e-28	2.10191e-29	2.61568e-30	3.16516e-31	4.13258e-32	4.13258e-32	
3.32365e-05	2.11104e-05	1.29957e-05	7.74528e-06	4.46407e-06	2.48551e-06	1.33551e-06	6.91832e-07	3.45214e-07	1.65788e-07	7.65735e-08	3.39928e-08	1.4496e-08	5.93567e-09	2.33298e-09	8.79975e-10	3.18484e-10	1.10597e-10	3.68508e-11	1.17829e-11	3.61606e-12	1.06537e-12	3.01419e-13	8.19209e-14	2.13961e-14	5.37239e-15	1.29742e-15	3.01488e-16	6.74439e-17	1.45313e-17	3.01698e-18	6.03891e-19	1.16595e-19	2.17248e-20	3.90842e-21	6.79251e-22	1.14092e-22	1.85306e-23	2.91165e-24	4.428e-25	6.52075e-26	9.30261e-27	1.28625e-27	1.72443e-28	2.24261e-29	2.8303e-30	3.46789e-31	4.13258e-32	5.30758e-33	5.30758e-33	
3.32365e-05	2.11104e-05	1.29957e-05	7.74528e-06	4.46407e-06	2.48551e-06	1.33551e-06	6.91832e-07	3.45214e-07	1.65788e-07	7.65735e-08	3.39928e-08	1.4496e-08	5.93567e-09	2.33298e-09	8.79975e-10	3.18484e-10	1.10597e-10	3.68508e-11	1.17829e-11	3.61606e-12	1.06537e-12	3.01419e-13	8.19209e-14	2.13961e-14	5.37239e-15	1.29742e-15	3.01488e-16	6.74439e-17	1.45313e-17	3.01698e-18	6.03891e-19	1.16595e-19	2.17248e-20	3.90842e-21	6.79251e-22	1.14092e-22	1.85306e-23	2.91165e-24	4.428e-25	6.52075e-26	9.30261e-27	1.28625e-27	1.72443e-28	2.24261e-29	2.8303e-30	3.46789e-31	4.13258e-32	5.30758e-33	5.30758e-33	
