-0.0765512	-0.29135	-0.340139	-0.55886	0.39512	0.39512	
-0.29135	-0.0659144	0.422433	-0.0256807	0.0397497	0.0397497	
-0.340139	0.422433	0.428349	-0.2968	0.231137	0.231137	
-0.55886	-0.0256807	-0.2968	0.221218	0.800183	0.800183	
0.39512	0.0397497	0.231137	0.800183	-0.334932	-0.334932	
0.39512	0.0397497	0.231137	0.800183	-0.334932	-0.334932	
