1.03933	1.03933	0.126396	-1.09824	-0.649363	0.221592	
1.03933	1.03933	0.126396	-1.09824	-0.649363	0.221592	
0.126396	0.126396	0.455165	0.114665	0.0930466	-0.204377	
-1.09824	-1.09824	0.114665	0.400547	-0.190241	-0.531995	
-0.649363	-0.649363	0.0930466	-0.190241	-0.539815	-0.22704	
0.221592	0.221592	-0.204377	-0.531995	-0.22704	0.461331	
