-0.675956	-0.78936	-0.881598	-0.92705	-0.903408	-0.817126	-0.681622	-0.514087	-0.327378	-0.131088	0.0584596	0.203971	0.289855	0.310532	0.26877	0.19933	0.129185	0.0851151	0.0861906	0.135886	0.237733	0.387751	0.581342	0.800847	1.02196	1.22364	1.36452	1.4144	1.3761	1.25877	1.08192	0.87244	0.649597	0.4283	0.218357	0.0404199	-0.0713892	-0.115338	-0.124592	-0.117022	-0.0934047	-0.0667445	-0.0592127	-0.0843095	-0.132029	-0.168395	-0.169909	-0.150352	-0.135613	-0.135613	
-0.78936	-0.893652	-0.970044	-0.992101	-0.944439	-0.833328	-0.676676	-0.490719	-0.28188	-0.0665876	0.137195	0.29494	0.388707	0.412239	0.37578	0.31838	0.264912	0.23468	0.244111	0.300078	0.400081	0.541171	0.726447	0.936681	1.14873	1.34285	1.47598	1.51796	1.46597	1.32387	1.1137	0.867326	0.609563	0.357201	0.119647	-0.0779635	-0.199293	-0.24533	-0.247686	-0.223014	-0.177493	-0.128159	-0.0985612	-0.106493	-0.144257	-0.174924	-0.174064	-0.157272	-0.147215	-0.147215	
-0.881598	-0.970044	-1.02445	-1.0173	-0.936771	-0.795227	-0.612181	-0.397711	-0.166973	0.0662728	0.281422	0.439046	0.530427	0.550729	0.518138	0.46918	0.418968	0.39282	0.407242	0.460803	0.553438	0.687972	0.859722	1.0482	1.24234	1.42071	1.53545	1.56076	1.49093	1.3252	1.08794	0.815499	0.537005	0.269054	0.0198054	-0.183213	-0.305466	-0.350757	-0.346007	-0.30594	-0.242627	-0.175956	-0.129027	-0.122316	-0.15032	-0.175607	-0.174623	-0.163238	-0.159093	-0.159093	
-0.92705	-0.992101	-1.0173	-0.972288	-0.856387	-0.68519	-0.474512	-0.239528	0.00627252	0.251857	0.466623	0.618856	0.703189	0.714278	0.677018	0.622482	0.571857	0.551275	0.565283	0.614199	0.697872	0.813735	0.958824	1.12013	1.28826	1.4372	1.52577	1.53467	1.45105	1.27061	1.02055	0.738748	0.455514	0.185919	-0.0625699	-0.26183	-0.382259	-0.428874	-0.420398	-0.369252	-0.293624	-0.215217	-0.155378	-0.135683	-0.152895	-0.172249	-0.172948	-0.169059	-0.171461	-0.171461	
-0.903408	-0.944439	-0.936771	-0.856387	-0.710764	-0.512372	-0.282335	-0.0332076	0.224096	0.472515	0.678399	0.817294	0.884377	0.877643	0.830381	0.773808	0.725283	0.702818	0.710044	0.74622	0.808111	0.898376	1.01186	1.13478	1.26565	1.38209	1.44819	1.44672	1.35943	1.18038	0.935557	0.660546	0.38534	0.123568	-0.116783	-0.308575	-0.429025	-0.481698	-0.4744	-0.417523	-0.335222	-0.250155	-0.18117	-0.149342	-0.153903	-0.166266	-0.170068	-0.175106	-0.184064	-0.184064	
-0.817126	-0.833328	-0.795227	-0.68519	-0.512372	-0.295063	-0.0528207	0.205765	0.465196	0.706145	0.895839	1.01594	1.06003	1.03575	0.982302	0.917822	0.859171	0.826937	0.81985	0.834789	0.870535	0.926808	0.996268	1.07838	1.17683	1.26466	1.31522	1.3158	1.24032	1.07894	0.854464	0.598553	0.339244	0.0894809	-0.140095	-0.324722	-0.449369	-0.513259	-0.512054	-0.454926	-0.371187	-0.283735	-0.208668	-0.165023	-0.154792	-0.158989	-0.166864	-0.181439	-0.196334	-0.196334	
-0.681622	-0.676676	-0.612181	-0.474512	-0.282335	-0.0528207	0.198427	0.459073	0.713541	0.943022	1.11205	1.20638	1.22423	1.18107	1.10916	1.02483	0.953604	0.906904	0.877248	0.863325	0.864295	0.882117	0.914174	0.964612	1.03456	1.10208	1.15264	1.16874	1.11611	0.9848	0.792007	0.562249	0.321202	0.0837474	-0.135157	-0.315093	-0.448493	-0.527601	-0.53663	-0.484535	-0.404059	-0.317706	-0.238997	-0.183649	-0.156819	-0.151881	-0.16417	-0.187882	-0.207512	-0.207512	
-0.514087	-0.490719	-0.397711	-0.239528	-0.0332076	0.205765	0.459073	0.714922	0.962004	1.1714	1.30893	1.37255	1.35702	1.28271	1.18529	1.08172	0.992888	0.921016	0.861918	0.818447	0.791357	0.780118	0.781914	0.808762	0.862839	0.924991	0.98614	1.02426	1.00274	0.910013	0.753828	0.551942	0.328732	0.102558	-0.107149	-0.285773	-0.431378	-0.5277	-0.550203	-0.508235	-0.435256	-0.352804	-0.272354	-0.205558	-0.161233	-0.146636	-0.162806	-0.194079	-0.216768	-0.216768	
-0.327378	-0.28188	-0.166973	0.00627252	0.224096	0.465196	0.713541	0.962004	1.19092	1.36479	1.46622	1.48785	1.4264	1.32144	1.19852	1.06953	0.956413	0.859883	0.780329	0.718045	0.669851	0.636171	0.622301	0.642228	0.690057	0.753705	0.832153	0.896688	0.90892	0.856122	0.737249	0.563281	0.356631	0.140389	-0.0619798	-0.242423	-0.40176	-0.515277	-0.553831	-0.526916	-0.465269	-0.38897	-0.308221	-0.230698	-0.169383	-0.145154	-0.163556	-0.199567	-0.223315	-0.223315	
-0.131088	-0.0665876	0.0662728	0.251857	0.472515	0.706145	0.943022	1.1714	1.36479	1.49856	1.5544	1.52318	1.42305	1.28846	1.13326	0.98157	0.853533	0.744902	0.653937	0.578555	0.521012	0.482244	0.466434	0.484669	0.531309	0.604888	0.702583	0.789214	0.83289	0.819646	0.737095	0.58946	0.398297	0.191869	-0.00472181	-0.189506	-0.362066	-0.491145	-0.54791	-0.540698	-0.493842	-0.425522	-0.345572	-0.258796	-0.182696	-0.14939	-0.167119	-0.203879	-0.226547	-0.226547	
0.0584596	0.137195	0.281422	0.466623	0.678399	0.895839	1.11205	1.30893	1.46622	1.5544	1.55726	1.48085	1.34342	1.1757	1.00003	0.84261	0.711378	0.597263	0.502554	0.430293	0.377441	0.339185	0.327203	0.350846	0.401425	0.484339	0.594814	0.69903	0.772459	0.795094	0.745177	0.622949	0.448494	0.252896	0.0603467	-0.130313	-0.31356	-0.455651	-0.532578	-0.549142	-0.520086	-0.461276	-0.383075	-0.28952	-0.202553	-0.161103	-0.174075	-0.206691	-0.22616	-0.22616	
0.203971	0.29494	0.439046	0.618856	0.817294	1.01594	1.20638	1.37255	1.48785	1.52318	1.48085	1.36184	1.1935	1.01277	0.8347	0.680844	0.550311	0.440138	0.35858	0.297831	0.249745	0.2199	0.220153	0.246694	0.297585	0.388422	0.507438	0.623961	0.721332	0.774197	0.754711	0.658698	0.503143	0.319648	0.12975	-0.0667027	-0.256715	-0.409285	-0.508014	-0.551348	-0.54253	-0.494654	-0.419332	-0.322603	-0.230067	-0.181544	-0.184854	-0.208	-0.222277	-0.222277	
0.289855	0.388707	0.530427	0.703189	0.884377	1.06003	1.22423	1.35702	1.4264	1.42305	1.34342	1.1935	1.01745	0.833419	0.657872	0.513118	0.393848	0.303836	0.239039	0.187127	0.15073	0.134076	0.139537	0.165251	0.220733	0.316433	0.433968	0.556654	0.673987	0.752655	0.761144	0.691988	0.558519	0.389065	0.201119	0.000525984	-0.191875	-0.353026	-0.474501	-0.546017	-0.559213	-0.523816	-0.453105	-0.357894	-0.265782	-0.211138	-0.199749	-0.208295	-0.215554	-0.215554	
0.310532	0.412239	0.550729	0.714278	0.877643	1.03575	1.18107	1.28271	1.32144	1.28846	1.1757	1.01277	0.833419	0.64915	0.489997	0.366499	0.269182	0.197508	0.143566	0.104941	0.0809297	0.0719231	0.0822544	0.109934	0.165856	0.256495	0.368108	0.496461	0.628334	0.725835	0.759868	0.719738	0.612278	0.458313	0.272542	0.0712631	-0.11955	-0.288431	-0.432421	-0.53157	-0.567816	-0.546824	-0.4835	-0.395313	-0.30936	-0.249263	-0.218946	-0.208688	-0.207252	-0.207252	
0.26877	0.37578	0.518138	0.677018	0.830381	0.982302	1.10916	1.18529	1.19852	1.13326	1.00003	0.8347	0.657872	0.489997	0.357705	0.254467	0.171239	0.113088	0.0753516	0.049885	0.0343651	0.0340286	0.0453514	0.0684476	0.12247	0.206954	0.311413	0.440876	0.579341	0.690793	0.74986	0.740569	0.661456	0.524055	0.342981	0.145982	-0.0408641	-0.217618	-0.382127	-0.506282	-0.565902	-0.561856	-0.510045	-0.434669	-0.35934	-0.294183	-0.242561	-0.210937	-0.199293	-0.199293	
0.19933	0.31838	0.46918	0.622482	0.773808	0.917822	1.02483	1.08172	1.06953	0.98157	0.84261	0.680844	0.513118	0.366499	0.254467	0.161927	0.0955779	0.059757	0.0347502	0.0150007	0.00698224	0.00874797	0.015436	0.0399147	0.0931734	0.164485	0.258746	0.386891	0.526753	0.648409	0.730682	0.752211	0.70262	0.583708	0.412354	0.224761	0.0421164	-0.142787	-0.323735	-0.468574	-0.55129	-0.567426	-0.532581	-0.475341	-0.413066	-0.343214	-0.27065	-0.217327	-0.194259	-0.194259	
0.129185	0.264912	0.418968	0.571857	0.725283	0.859171	0.953604	0.992888	0.956413	0.853533	0.711378	0.550311	0.393848	0.269182	0.171239	0.0955779	0.0552105	0.0299912	0.00465944	-0.00875746	-0.0108278	-0.0091934	-0.000946691	0.0242445	0.0662242	0.123487	0.212847	0.336126	0.470418	0.598678	0.701928	0.753141	0.732996	0.635335	0.480542	0.3066	0.126782	-0.0656036	-0.257157	-0.417436	-0.522474	-0.562542	-0.550945	-0.515919	-0.466858	-0.393115	-0.303176	-0.2304	-0.195329	-0.195329	
0.0851151	0.23468	0.39282	0.551275	0.702818	0.826937	0.906904	0.921016	0.859883	0.744902	0.597263	0.440138	0.303836	0.197508	0.113088	0.059757	0.0299912	0.0010348	-0.0170043	-0.0188693	-0.0182552	-0.0181558	-0.0120811	0.00817223	0.0414048	0.0914945	0.173901	0.284859	0.410548	0.543811	0.664611	0.742119	0.749819	0.677491	0.54707	0.389277	0.210459	0.0131348	-0.182296	-0.352806	-0.479001	-0.546765	-0.564507	-0.553894	-0.516457	-0.440644	-0.339928	-0.252555	-0.2061	-0.2061	
0.0861906	0.244111	0.407242	0.565283	0.710044	0.81985	0.877248	0.861918	0.780329	0.653937	0.502554	0.35858	0.239039	0.143566	0.0753516	0.0347502	0.00465944	-0.0170043	-0.0206247	-0.0202545	-0.0256638	-0.0291177	-0.021097	-0.00115702	0.0230306	0.063756	0.137173	0.234526	0.350689	0.48594	0.61931	0.717617	0.751212	0.70988	0.610475	0.469079	0.290983	0.0937024	-0.0993471	-0.275888	-0.421732	-0.520099	-0.571658	-0.585572	-0.557673	-0.483137	-0.380435	-0.285625	-0.230246	-0.230246	
0.135886	0.300078	0.460803	0.614199	0.74622	0.834789	0.863325	0.818447	0.718045	0.578555	0.430293	0.297831	0.187127	0.104941	0.049885	0.0150007	-0.00875746	-0.0188693	-0.0202545	-0.0281138	-0.0358597	-0.0321656	-0.0203093	-0.0104423	0.00256443	0.0414012	0.106269	0.185833	0.29192	0.427341	0.566515	0.678534	0.737582	0.732777	0.66708	0.541387	0.367595	0.17712	-0.00933154	-0.189256	-0.352789	-0.482709	-0.569517	-0.606366	-0.587094	-0.518938	-0.423917	-0.33052	-0.270987	-0.270987	
0.237733	0.400081	0.553438	0.697872	0.808111	0.870535	0.864295	0.791357	0.669851	0.521012	0.377441	0.249745	0.15073	0.0809297	0.0343651	0.00698224	-0.0108278	-0.0182552	-0.0256638	-0.0358597	-0.0344695	-0.0271601	-0.0257037	-0.0253342	-0.009185	0.0283485	0.0747536	0.138099	0.239386	0.369644	0.505033	0.626216	0.711876	0.744905	0.711098	0.602573	0.441081	0.263952	0.085515	-0.096484	-0.275138	-0.434579	-0.554064	-0.611478	-0.602619	-0.547542	-0.46935	-0.387037	-0.33036	-0.33036	
0.387751	0.541171	0.687972	0.813735	0.898376	0.926808	0.882117	0.780118	0.636171	0.482244	0.339185	0.2199	0.134076	0.0719231	0.0340286	0.00874797	-0.0091934	-0.0181558	-0.0291177	-0.0321656	-0.0271601	-0.0303124	-0.0351521	-0.0298208	-0.0121336	0.011721	0.0421548	0.10034	0.194308	0.30926	0.436531	0.566101	0.676277	0.742439	0.7373	0.651353	0.512325	0.353069	0.181999	-0.00146142	-0.191953	-0.375259	-0.52085	-0.596914	-0.603661	-0.569369	-0.515635	-0.453862	-0.408415	-0.408415	
0.581342	0.726447	0.859722	0.958824	1.01186	0.996268	0.914174	0.781914	0.622301	0.466434	0.327203	0.220153	0.139537	0.0822544	0.0453514	0.015436	-0.000946691	-0.0120811	-0.021097	-0.0203093	-0.0257037	-0.0351521	-0.0347622	-0.0286127	-0.0188333	-0.00594087	0.0188336	0.071972	0.15032	0.247556	0.367589	0.502211	0.630291	0.721976	0.743334	0.687897	0.580595	0.441391	0.276531	0.0922554	-0.105815	-0.303813	-0.466253	-0.560572	-0.590919	-0.585258	-0.561802	-0.528708	-0.502532	-0.502532	
0.800847	0.936681	1.0482	1.12013	1.13478	1.07838	0.964612	0.808762	0.642228	0.484669	0.350846	0.246694	0.165251	0.109934	0.0684476	0.0399147	0.0242445	0.00817223	-0.00115702	-0.0104423	-0.0253342	-0.0298208	-0.0286127	-0.0278783	-0.0241179	-0.0185656	0.00237592	0.0477626	0.108566	0.189794	0.301512	0.436144	0.574094	0.682331	0.72941	0.712655	0.642961	0.524154	0.365519	0.18212	-0.0178852	-0.219211	-0.389038	-0.503047	-0.565815	-0.595858	-0.607086	-0.608447	-0.607123	-0.607123	
1.02196	1.14873	1.24234	1.28826	1.26565	1.17683	1.03456	0.862839	0.690057	0.531309	0.401425	0.297585	0.220733	0.165856	0.12247	0.0931734	0.0662242	0.0414048	0.0230306	0.00256443	-0.009185	-0.0121336	-0.0188333	-0.0241179	-0.0286648	-0.0274144	-0.00530957	0.0285519	0.0693806	0.137539	0.241197	0.370536	0.507825	0.624111	0.698656	0.725744	0.693931	0.595432	0.445956	0.267265	0.072373	-0.121284	-0.2916	-0.427779	-0.529905	-0.601178	-0.650699	-0.689091	-0.713964	-0.713964	
1.22364	1.34285	1.42071	1.4372	1.38209	1.26466	1.10208	0.924991	0.753705	0.604888	0.484339	0.388422	0.316433	0.256495	0.206954	0.164485	0.123487	0.0914945	0.063756	0.0414012	0.0283485	0.011721	-0.00594087	-0.0185656	-0.0274144	-0.0212484	-0.00526228	0.00672418	0.034167	0.0970755	0.189566	0.304471	0.431427	0.552618	0.656672	0.72485	0.725934	0.649797	0.516118	0.34847	0.166457	-0.0118761	-0.180218	-0.340451	-0.484589	-0.600445	-0.691186	-0.765583	-0.813218	-0.813218	
1.36452	1.47598	1.53545	1.52577	1.44819	1.31522	1.15264	0.98614	0.832153	0.702583	0.594814	0.507438	0.433968	0.368108	0.311413	0.258746	0.212847	0.173901	0.137173	0.106269	0.0747536	0.0421548	0.0188336	0.00237592	-0.00530957	-0.00526228	-0.0118043	-0.0128041	0.016052	0.0699789	0.141698	0.236548	0.350604	0.477334	0.606801	0.704511	0.732539	0.684228	0.575344	0.427188	0.265308	0.104387	-0.0640178	-0.247843	-0.431313	-0.592256	-0.725548	-0.831536	-0.894946	-0.894946	
1.4144	1.51796	1.56076	1.53467	1.44672	1.3158	1.16874	1.02426	0.896688	0.789214	0.69903	0.623961	0.556654	0.496461	0.440876	0.386891	0.336126	0.284859	0.234526	0.185833	0.138099	0.10034	0.071972	0.0477626	0.0285519	0.00672418	-0.0128041	-0.00921439	0.014334	0.046124	0.0962469	0.172706	0.274702	0.405287	0.547773	0.659974	0.711936	0.698188	0.623156	0.504198	0.367473	0.22011	0.0471623	-0.156536	-0.372065	-0.574864	-0.748557	-0.879225	-0.950602	-0.950602	
1.3761	1.46597	1.49093	1.45105	1.35943	1.24032	1.11611	1.00274	0.90892	0.83289	0.772459	0.721332	0.673987	0.628334	0.579341	0.526753	0.470418	0.410548	0.350689	0.29192	0.239386	0.194308	0.15032	0.108566	0.0693806	0.034167	0.016052	0.014334	0.0157665	0.0271789	0.06123	0.119434	0.210692	0.338725	0.476727	0.591504	0.667408	0.692572	0.658869	0.57805	0.467441	0.326218	0.145283	-0.0719086	-0.309693	-0.546342	-0.752853	-0.900149	-0.973923	-0.973923	
1.25877	1.32387	1.3252	1.27061	1.18038	1.07894	0.9848	0.910013	0.856122	0.819646	0.795094	0.774197	0.752655	0.725835	0.690793	0.648409	0.598678	0.543811	0.48594	0.427341	0.369644	0.30926	0.247556	0.189794	0.137539	0.0970755	0.0699789	0.046124	0.0271789	0.0245037	0.0402263	0.0820842	0.163776	0.275558	0.393124	0.506108	0.6056	0.669202	0.681387	0.643305	0.555307	0.414131	0.225844	0.00226123	-0.247462	-0.504541	-0.730241	-0.886296	-0.960812	-0.960812	
1.08192	1.1137	1.08794	1.02055	0.935557	0.854464	0.792007	0.753828	0.737249	0.737095	0.745177	0.754711	0.761144	0.759868	0.74986	0.730682	0.701928	0.664611	0.61931	0.566515	0.505033	0.436531	0.367589	0.301512	0.241197	0.189566	0.141698	0.0962469	0.06123	0.0402263	0.038593	0.0697941	0.132713	0.211404	0.303925	0.416151	0.533907	0.630848	0.688338	0.689779	0.618935	0.478008	0.287752	0.0638261	-0.187571	-0.446984	-0.674065	-0.831811	-0.908373	-0.908373	
0.87244	0.867326	0.815499	0.738748	0.660546	0.598553	0.562249	0.551942	0.563281	0.58946	0.622949	0.658698	0.691988	0.719738	0.740569	0.752211	0.753141	0.742119	0.717617	0.678534	0.626216	0.566101	0.502211	0.436144	0.370536	0.304471	0.236548	0.172706	0.119434	0.0820842	0.0697941	0.0826384	0.108999	0.150705	0.224734	0.333419	0.459011	0.581204	0.674826	0.704606	0.648164	0.515426	0.331443	0.112577	-0.12922	-0.371151	-0.581713	-0.734371	-0.813854	-0.813854	
0.649597	0.609563	0.537005	0.455514	0.38534	0.339244	0.321202	0.328732	0.356631	0.398297	0.448494	0.503143	0.558519	0.612278	0.661456	0.70262	0.732996	0.749819	0.751212	0.737582	0.711876	0.676277	0.630291	0.574094	0.507825	0.431427	0.350604	0.274702	0.210692	0.163776	0.132713	0.108999	0.0953386	0.111313	0.169628	0.265194	0.388401	0.5232	0.633508	0.677676	0.638512	0.525764	0.357028	0.151107	-0.0677692	-0.27538	-0.455779	-0.595527	-0.674616	-0.674616	
0.4283	0.357201	0.269054	0.185919	0.123568	0.0894809	0.0837474	0.102558	0.140389	0.191869	0.252896	0.319648	0.389065	0.458313	0.524055	0.583708	0.635335	0.677491	0.70988	0.732777	0.744905	0.742439	0.721976	0.682331	0.624111	0.552618	0.477334	0.405287	0.338725	0.275558	0.211404	0.150705	0.111313	0.108357	0.144148	0.218657	0.329705	0.455923	0.5588	0.60781	0.591481	0.508083	0.364591	0.18525	0.00359406	-0.159923	-0.302722	-0.419805	-0.489764	-0.489764	
0.218357	0.119647	0.0198054	-0.0625699	-0.116783	-0.140095	-0.135157	-0.107149	-0.0619798	-0.00472181	0.0603467	0.12975	0.201119	0.272542	0.342981	0.412354	0.480542	0.54707	0.610475	0.66708	0.711098	0.7373	0.743334	0.72941	0.698656	0.656672	0.606801	0.547773	0.476727	0.393124	0.303925	0.224734	0.169628	0.144148	0.153035	0.202205	0.284586	0.376437	0.454345	0.504208	0.511725	0.461842	0.356621	0.222398	0.089982	-0.027067	-0.129412	-0.213242	-0.26288	-0.26288	
0.0404199	-0.0779635	-0.183213	-0.26183	-0.308575	-0.324722	-0.315093	-0.285773	-0.242423	-0.189506	-0.130313	-0.0667027	0.000525984	0.0712631	0.145982	0.224761	0.3066	0.389277	0.469079	0.541387	0.602573	0.651353	0.687897	0.712655	0.725744	0.72485	0.704511	0.659974	0.591504	0.506108	0.416151	0.333419	0.265194	0.218657	0.202205	0.215849	0.248111	0.28882	0.335599	0.38125	0.405803	0.391374	0.339588	0.26754	0.191439	0.120175	0.0600876	0.0174954	-0.00400109	-0.00400109	
-0.0713892	-0.199293	-0.305466	-0.382259	-0.429025	-0.449369	-0.448493	-0.431378	-0.40176	-0.362066	-0.31356	-0.256715	-0.191875	-0.11955	-0.0408641	0.0421164	0.126782	0.210459	0.290983	0.367595	0.441081	0.512325	0.580595	0.642961	0.693931	0.725934	0.732539	0.711936	0.667408	0.6056	0.533907	0.459011	0.388401	0.329705	0.284586	0.248111	0.21965	0.208594	0.222281	0.253341	0.285887	0.309713	0.321934	0.320022	0.303126	0.279709	0.264694	0.26479	0.271183	0.271183	
-0.115338	-0.24533	-0.350757	-0.428874	-0.481698	-0.513259	-0.527601	-0.5277	-0.515277	-0.491145	-0.455651	-0.409285	-0.353026	-0.288431	-0.217618	-0.142787	-0.0656036	0.0131348	0.0937024	0.17712	0.263952	0.353069	0.441391	0.524154	0.595432	0.649797	0.684228	0.698188	0.692572	0.669202	0.630848	0.581204	0.5232	0.455923	0.376437	0.28882	0.208594	0.153082	0.129568	0.136898	0.173636	0.236146	0.310302	0.375072	0.419171	0.450145	0.482671	0.519161	0.545307	0.545307	
-0.124592	-0.247686	-0.346007	-0.420398	-0.4744	-0.512054	-0.53663	-0.550203	-0.553831	-0.54791	-0.532578	-0.508014	-0.474501	-0.432421	-0.382127	-0.323735	-0.257157	-0.182296	-0.0993471	-0.00933154	0.085515	0.181999	0.276531	0.365519	0.445956	0.516118	0.575344	0.623156	0.658869	0.681387	0.688338	0.674826	0.633508	0.5588	0.454345	0.335599	0.222281	0.129568	0.069148	0.0544849	0.0960668	0.188777	0.309236	0.430118	0.536574	0.628025	0.70694	0.769112	0.804372	0.804372	
-0.117022	-0.223014	-0.30594	-0.369252	-0.417523	-0.454926	-0.484535	-0.508235	-0.526916	-0.540698	-0.549142	-0.551348	-0.546017	-0.53157	-0.506282	-0.468574	-0.417436	-0.352806	-0.275888	-0.189256	-0.096484	-0.00146142	0.0922554	0.18212	0.267265	0.34847	0.427188	0.504198	0.57805	0.643305	0.689779	0.704606	0.677676	0.60781	0.504208	0.38125	0.253341	0.136898	0.0544849	0.0297991	0.0743185	0.179954	0.325844	0.490302	0.655466	0.804958	0.923695	1.00249	1.04047	1.04047	
-0.0934047	-0.177493	-0.242627	-0.293624	-0.335222	-0.371187	-0.404059	-0.435256	-0.465269	-0.493842	-0.520086	-0.54253	-0.559213	-0.567816	-0.565902	-0.55129	-0.522474	-0.479001	-0.421732	-0.352789	-0.275138	-0.191953	-0.105815	-0.0178852	0.072373	0.166457	0.265308	0.367473	0.467441	0.555307	0.618935	0.648164	0.638512	0.591481	0.511725	0.405803	0.285887	0.173636	0.0960668	0.0743185	0.116165	0.218578	0.373481	0.567268	0.77623	0.96855	1.11646	1.20862	1.25021	1.25021	
-0.0667445	-0.128159	-0.175956	-0.215217	-0.250155	-0.283735	-0.317706	-0.352804	-0.38897	-0.425522	-0.461276	-0.494654	-0.523816	-0.546824	-0.561856	-0.567426	-0.562542	-0.546765	-0.520099	-0.482709	-0.434579	-0.375259	-0.303813	-0.219211	-0.121284	-0.0118761	0.104387	0.22011	0.326218	0.414131	0.478008	0.515426	0.525764	0.508083	0.461842	0.391374	0.309713	0.236146	0.188777	0.179954	0.218578	0.313162	0.46762	0.671785	0.897636	1.10815	1.27318	1.37983	1.43021	1.43021	
-0.0592127	-0.0985612	-0.129027	-0.155378	-0.18117	-0.208668	-0.238997	-0.272354	-0.308221	-0.345572	-0.383075	-0.419332	-0.453105	-0.4835	-0.510045	-0.532581	-0.550945	-0.564507	-0.571658	-0.569517	-0.554064	-0.52085	-0.466253	-0.389038	-0.2916	-0.180218	-0.0640178	0.0471623	0.145283	0.225844	0.287752	0.331443	0.357028	0.364591	0.356621	0.339588	0.321934	0.310302	0.309236	0.325844	0.373481	0.46762	0.615238	0.806896	1.01862	1.22153	1.39122	1.51157	1.57366	1.57366	
-0.0843095	-0.106493	-0.122316	-0.135683	-0.149342	-0.165023	-0.183649	-0.205558	-0.230698	-0.258796	-0.28952	-0.322603	-0.357894	-0.395313	-0.434669	-0.475341	-0.515919	-0.553894	-0.585572	-0.606366	-0.611478	-0.596914	-0.560572	-0.503047	-0.427779	-0.340451	-0.247843	-0.156536	-0.0719086	0.00226123	0.0638261	0.112577	0.151107	0.18525	0.222398	0.26754	0.320022	0.375072	0.430118	0.490302	0.567268	0.671785	0.806896	0.966975	1.1413	1.31671	1.47699	1.60202	1.67128	1.67128	
-0.132029	-0.144257	-0.15032	-0.152895	-0.153903	-0.154792	-0.156819	-0.161233	-0.169383	-0.182696	-0.202553	-0.230067	-0.265782	-0.30936	-0.35934	-0.413066	-0.466858	-0.516457	-0.557673	-0.587094	-0.602619	-0.603661	-0.590919	-0.565815	-0.529905	-0.484589	-0.431313	-0.372065	-0.309693	-0.247462	-0.187571	-0.12922	-0.0677692	0.00359406	0.089982	0.191439	0.303126	0.419171	0.536574	0.655466	0.77623	0.897636	1.01862	1.1413	1.27022	1.40646	1.54076	1.65246	1.71674	1.71674	
-0.168395	-0.174924	-0.175607	-0.172249	-0.166266	-0.158989	-0.151881	-0.146636	-0.145154	-0.14939	-0.161103	-0.181544	-0.211138	-0.249263	-0.294183	-0.343214	-0.393115	-0.440644	-0.483137	-0.518938	-0.547542	-0.569369	-0.585258	-0.595858	-0.601178	-0.600445	-0.592256	-0.574864	-0.546342	-0.504541	-0.446984	-0.371151	-0.27538	-0.159923	-0.027067	0.120175	0.279709	0.450145	0.628025	0.804958	0.96855	1.10815	1.22153	1.31671	1.40646	1.49894	1.59097	1.66837	1.71319	1.71319	
-0.169909	-0.174064	-0.174623	-0.172948	-0.170068	-0.166864	-0.16417	-0.162806	-0.163556	-0.167119	-0.174075	-0.184854	-0.199749	-0.218946	-0.242561	-0.27065	-0.303176	-0.339928	-0.380435	-0.423917	-0.46935	-0.515635	-0.561802	-0.607086	-0.650699	-0.691186	-0.725548	-0.748557	-0.752853	-0.730241	-0.674065	-0.581713	-0.455779	-0.302722	-0.129412	0.0600876	0.264694	0.482671	0.70694	0.923695	1.11646	1.27318	1.39122	1.47699	1.54076	1.59097	1.63112	1.66036	1.67599	1.67599	
-0.150352	-0.157272	-0.163238	-0.169059	-0.175106	-0.181439	-0.187882	-0.194079	-0.199567	-0.203879	-0.206691	-0.208	-0.208295	-0.208688	-0.210937	-0.217327	-0.2304	-0.252555	-0.285625	-0.33052	-0.387037	-0.453862	-0.528708	-0.608447	-0.689091	-0.765583	-0.831536	-0.879225	-0.900149	-0.886296	-0.831811	-0.734371	-0.595527	-0.419805	-0.213242	0.0174954	0.26479	0.519161	0.769112	1.00249	1.20862	1.37983	1.51157	1.60202	1.65246	1.66837	1.66036	1.6427	1.62948	1.62948	
-0.135613	-0.147215	-0.159093	-0.171461	-0.184064	-0.196334	-0.207512	-0.216768	-0.223315	-0.226547	-0.22616	-0.222277	-0.215554	-0.207252	-0.199293	-0.194259	-0.195329	-0.2061	-0.230246	-0.270987	-0.33036	-0.408415	-0.502532	-0.607123	-0.713964	-0.813218	-0.894946	-0.950602	-0.973923	-0.960812	-0.908373	-0.813854	-0.674616	-0.489764	-0.26288	-0.00400109	0.271183	0.545307	0.804372	1.04047	1.25021	1.43021	1.57366	1.67128	1.71674	1.71319	1.67599	1.62948	1.59844	1.59844	
-0.135613	-0.147215	-0.159093	-0.171461	-0.184064	-0.196334	-0.207512	-0.216768	-0.223315	-0.226547	-0.22616	-0.222277	-0.215554	-0.207252	-0.199293	-0.194259	-0.195329	-0.2061	-0.230246	-0.270987	-0.33036	-0.408415	-0.502532	-0.607123	-0.713964	-0.813218	-0.894946	-0.950602	-0.973923	-0.960812	-0.908373	-0.813854	-0.674616	-0.489764	-0.26288	-0.00400109	0.271183	0.545307	0.804372	1.04047	1.25021	1.43021	1.57366	1.67128	1.71674	1.71319	1.67599	1.62948	1.59844	1.59844	
