-0.326339	-0.326339	-0.303186	-0.292401	-0.31309	-0.33693	-0.344444	-0.333405	-0.326527	-0.336403	-0.378759	-0.422386	-0.421214	-0.411033	-0.401028	-0.425796	-0.518362	-0.686682	-0.875966	-1.06486	-1.22034	-1.2892	-1.23799	-1.07249	-0.807798	-0.447868	-0.00295594	0.459602	0.891419	1.25155	1.54139	1.73031	1.78566	1.6817	1.43442	1.10816	0.763877	0.470616	0.241223	0.09097	-0.00564468	-0.0574789	-0.0873184	-0.0993924	-0.108903	-0.10867	-0.112974	-0.111248	-0.112637	-0.114875	
-0.326339	-0.326339	-0.303186	-0.292401	-0.31309	-0.33693	-0.344444	-0.333405	-0.326527	-0.336403	-0.378759	-0.422386	-0.421214	-0.411033	-0.401028	-0.425796	-0.518362	-0.686682	-0.875966	-1.06486	-1.22034	-1.2892	-1.23799	-1.07249	-0.807798	-0.447868	-0.00295594	0.459602	0.891419	1.25155	1.54139	1.73031	1.78566	1.6817	1.43442	1.10816	0.763877	0.470616	0.241223	0.09097	-0.00564468	-0.0574789	-0.0873184	-0.0993924	-0.108903	-0.10867	-0.112974	-0.111248	-0.112637	-0.114875	
-0.303186	-0.303186	-0.32065	-0.319227	-0.315143	-0.32055	-0.327426	-0.333372	-0.336661	-0.358138	-0.389548	-0.411433	-0.419491	-0.411186	-0.412882	-0.446415	-0.541888	-0.690504	-0.872408	-1.04905	-1.18948	-1.25137	-1.19996	-1.04055	-0.780195	-0.424124	0.00135775	0.453215	0.870808	1.23096	1.51125	1.69404	1.7433	1.64202	1.40868	1.09337	0.766671	0.475496	0.254542	0.0999906	0.00646691	-0.0490142	-0.0759124	-0.0923343	-0.0984383	-0.10488	-0.108824	-0.114236	-0.117994	-0.122813	
-0.292401	-0.292401	-0.319227	-0.344665	-0.329829	-0.311862	-0.314557	-0.332781	-0.356588	-0.374292	-0.382689	-0.388333	-0.40787	-0.421911	-0.449549	-0.506454	-0.597818	-0.72243	-0.876187	-1.02596	-1.13426	-1.17366	-1.12139	-0.966567	-0.710853	-0.367841	0.0304339	0.453517	0.853861	1.20426	1.47238	1.63904	1.67921	1.58401	1.3724	1.08281	0.778291	0.497193	0.278831	0.118771	0.0192482	-0.0425889	-0.0750284	-0.0938139	-0.102279	-0.110153	-0.111811	-0.117786	-0.119364	-0.120553	
-0.31309	-0.31309	-0.315143	-0.329829	-0.323053	-0.321479	-0.33358	-0.350459	-0.375356	-0.380458	-0.364506	-0.360655	-0.393178	-0.437877	-0.50179	-0.584563	-0.669194	-0.767328	-0.881993	-0.992157	-1.05842	-1.06979	-1.01412	-0.864429	-0.616448	-0.297306	0.0658118	0.447708	0.825272	1.15711	1.4073	1.55234	1.5811	1.49805	1.31451	1.06417	0.786894	0.523865	0.305974	0.141747	0.0312998	-0.0365049	-0.0780214	-0.0970594	-0.108243	-0.113982	-0.111494	-0.113944	-0.112317	-0.110917	
-0.33693	-0.33693	-0.32055	-0.311862	-0.321479	-0.328879	-0.338112	-0.363199	-0.388216	-0.390717	-0.365632	-0.364194	-0.401052	-0.466742	-0.560629	-0.652771	-0.730877	-0.795606	-0.869283	-0.927879	-0.952862	-0.937079	-0.877717	-0.73382	-0.50603	-0.218773	0.095387	0.433486	0.775189	1.08259	1.30589	1.42771	1.44833	1.38115	1.23768	1.03207	0.79434	0.553518	0.341898	0.176519	0.0573818	-0.0160778	-0.0616382	-0.0865121	-0.0973957	-0.106777	-0.110309	-0.112329	-0.119158	-0.120823	
-0.344444	-0.344444	-0.327426	-0.314557	-0.33358	-0.338112	-0.341741	-0.372497	-0.388842	-0.383837	-0.375173	-0.386551	-0.427543	-0.520311	-0.629435	-0.723791	-0.791251	-0.822659	-0.843883	-0.846072	-0.82468	-0.782694	-0.711242	-0.57393	-0.374504	-0.128662	0.133281	0.422778	0.722392	0.992949	1.18705	1.28368	1.30423	1.2566	1.15922	1.00307	0.806727	0.592306	0.385413	0.21758	0.0885407	0.00331019	-0.046294	-0.0798554	-0.0935627	-0.102466	-0.114328	-0.114269	-0.123475	-0.131086	
-0.333405	-0.333405	-0.333372	-0.332781	-0.350459	-0.363199	-0.372497	-0.375674	-0.361593	-0.364661	-0.389409	-0.417897	-0.481395	-0.594688	-0.704423	-0.796667	-0.844275	-0.841737	-0.80475	-0.748424	-0.680501	-0.612569	-0.518745	-0.395651	-0.227138	-0.0341018	0.179361	0.414679	0.665696	0.889757	1.05037	1.12938	1.15271	1.13551	1.081	0.980155	0.823417	0.636249	0.436944	0.260544	0.122692	0.0203347	-0.0400685	-0.0800431	-0.103105	-0.110619	-0.120676	-0.122441	-0.120386	-0.125116	
-0.326527	-0.326527	-0.336661	-0.356588	-0.375356	-0.388216	-0.388842	-0.361593	-0.347818	-0.377412	-0.424779	-0.47522	-0.556245	-0.663352	-0.761574	-0.839574	-0.862485	-0.829057	-0.740306	-0.631182	-0.53086	-0.431078	-0.323364	-0.218537	-0.0905082	0.0465812	0.211062	0.390045	0.582121	0.756231	0.879901	0.952888	0.983956	1.0038	0.992286	0.944145	0.830483	0.669242	0.483424	0.301806	0.155512	0.0441771	-0.0299519	-0.0706491	-0.101347	-0.111046	-0.118128	-0.124171	-0.122527	-0.120891	
-0.336403	-0.336403	-0.358138	-0.374292	-0.380458	-0.390717	-0.383837	-0.364661	-0.377412	-0.419612	-0.480158	-0.551515	-0.635359	-0.71878	-0.795602	-0.847089	-0.845696	-0.781901	-0.648655	-0.504916	-0.373471	-0.244124	-0.134222	-0.0490868	0.029634	0.115672	0.228815	0.347599	0.476816	0.595982	0.69123	0.763078	0.814503	0.869486	0.90302	0.90113	0.829925	0.696262	0.522622	0.343179	0.185332	0.0699289	-0.0160013	-0.0591671	-0.0901037	-0.10366	-0.108402	-0.116059	-0.120524	-0.124163	
-0.378759	-0.378759	-0.389548	-0.382689	-0.364506	-0.365632	-0.375173	-0.389409	-0.424779	-0.480158	-0.560572	-0.652802	-0.724061	-0.7722	-0.816121	-0.827655	-0.793278	-0.689607	-0.527078	-0.354664	-0.190505	-0.0422926	0.0612825	0.121471	0.14862	0.189292	0.242357	0.300053	0.361454	0.428947	0.505176	0.581784	0.664634	0.750957	0.831593	0.868026	0.840597	0.733361	0.575692	0.398293	0.232795	0.105162	0.0113174	-0.0478243	-0.0799877	-0.104119	-0.112568	-0.122149	-0.129591	-0.136956	
-0.422386	-0.422386	-0.411433	-0.388333	-0.360655	-0.364194	-0.386551	-0.417897	-0.47522	-0.551515	-0.652802	-0.748248	-0.795584	-0.813697	-0.817674	-0.786084	-0.707603	-0.574188	-0.394291	-0.195355	-0.00491214	0.148864	0.24065	0.270599	0.25725	0.249874	0.241671	0.236179	0.23333	0.259641	0.324684	0.415587	0.53049	0.64888	0.767444	0.839634	0.847349	0.767868	0.624665	0.449376	0.278478	0.135736	0.03228	-0.0404459	-0.0827277	-0.111454	-0.127469	-0.13792	-0.143926	-0.145929	
-0.421214	-0.421214	-0.419491	-0.40787	-0.393178	-0.401052	-0.427543	-0.481395	-0.556245	-0.635359	-0.724061	-0.795584	-0.823491	-0.813247	-0.779549	-0.703646	-0.593669	-0.449591	-0.260156	-0.0450073	0.156885	0.302684	0.377264	0.380419	0.335914	0.276092	0.209755	0.140522	0.0871854	0.0841799	0.146315	0.258921	0.400625	0.551898	0.696074	0.800726	0.835532	0.781687	0.652868	0.480717	0.30417	0.152487	0.0372132	-0.0408274	-0.0868268	-0.116849	-0.127818	-0.1359	-0.13955	-0.139169	
-0.411033	-0.411033	-0.411186	-0.421911	-0.437877	-0.466742	-0.520311	-0.594688	-0.663352	-0.71878	-0.7722	-0.813697	-0.813247	-0.769593	-0.687958	-0.571078	-0.445828	-0.292643	-0.100973	0.115629	0.307036	0.432276	0.482225	0.464085	0.381005	0.26962	0.139409	0.0173347	-0.0743353	-0.0935488	-0.025373	0.107096	0.278218	0.45279	0.624367	0.751829	0.816586	0.787103	0.676826	0.513639	0.336113	0.177358	0.0577815	-0.0308771	-0.0769495	-0.108679	-0.122417	-0.125415	-0.129968	-0.134402	
-0.401028	-0.401028	-0.412882	-0.449549	-0.50179	-0.560629	-0.629435	-0.704423	-0.761574	-0.795602	-0.816121	-0.817674	-0.779549	-0.687958	-0.55443	-0.412093	-0.268354	-0.10503	0.081157	0.279396	0.445328	0.539817	0.570726	0.52302	0.402973	0.233812	0.0491875	-0.114323	-0.227088	-0.250984	-0.173255	-0.0208006	0.172664	0.370477	0.559574	0.712496	0.798997	0.798237	0.706803	0.554425	0.38185	0.215899	0.0910081	-0.00355367	-0.0613716	-0.0945918	-0.117793	-0.129989	-0.138646	-0.149341	
-0.425796	-0.425796	-0.446415	-0.506454	-0.584563	-0.652771	-0.723791	-0.796667	-0.839574	-0.847089	-0.827655	-0.786084	-0.703646	-0.571078	-0.412093	-0.250247	-0.0869471	0.0815839	0.249872	0.418807	0.550859	0.624435	0.633344	0.55683	0.397222	0.177604	-0.0470409	-0.23388	-0.353446	-0.371494	-0.286397	-0.115011	0.0918643	0.309484	0.510546	0.682179	0.789222	0.809463	0.737791	0.593967	0.421657	0.25171	0.113419	0.0120966	-0.0558201	-0.0968287	-0.123974	-0.140189	-0.155891	-0.16806	
-0.518362	-0.518362	-0.541888	-0.597818	-0.669194	-0.730877	-0.791251	-0.844275	-0.862485	-0.845696	-0.793278	-0.707603	-0.593669	-0.445828	-0.268354	-0.0869471	0.0908089	0.251825	0.391401	0.521256	0.624724	0.676275	0.658287	0.54942	0.351193	0.0964482	-0.150358	-0.343752	-0.456748	-0.467632	-0.373007	-0.192864	0.0267363	0.254724	0.467489	0.652104	0.775979	0.817129	0.760332	0.62834	0.45481	0.278972	0.129845	0.0159605	-0.0633979	-0.111753	-0.147052	-0.165772	-0.178195	-0.189386	
-0.686682	-0.686682	-0.690504	-0.72243	-0.767328	-0.795606	-0.822659	-0.841737	-0.829057	-0.781901	-0.689607	-0.574188	-0.449591	-0.292643	-0.10503	0.0815839	0.251825	0.385824	0.483923	0.576775	0.650334	0.673582	0.62381	0.480346	0.25661	-0.0144319	-0.263397	-0.448794	-0.549181	-0.550975	-0.451871	-0.266946	-0.0421371	0.19373	0.412629	0.607404	0.74466	0.801835	0.761957	0.637611	0.468268	0.287066	0.130117	0.0100248	-0.0769008	-0.128034	-0.162232	-0.181026	-0.189744	-0.19226	
-0.875966	-0.875966	-0.872408	-0.876187	-0.881993	-0.869283	-0.843883	-0.80475	-0.740306	-0.648655	-0.527078	-0.394291	-0.260156	-0.100973	0.081157	0.249872	0.391401	0.483923	0.54327	0.598149	0.63339	0.620414	0.531658	0.361208	0.126978	-0.141345	-0.377463	-0.547384	-0.63394	-0.628346	-0.529461	-0.343799	-0.118029	0.123104	0.34665	0.549692	0.69876	0.772036	0.747232	0.63601	0.469315	0.290853	0.12709	0.00626277	-0.0831437	-0.132122	-0.161595	-0.173315	-0.176325	-0.174631	
-1.06486	-1.06486	-1.04905	-1.02596	-0.992157	-0.927879	-0.846072	-0.748424	-0.631182	-0.504916	-0.354664	-0.195355	-0.0450073	0.115629	0.279396	0.418807	0.521256	0.576775	0.598149	0.606342	0.59301	0.533487	0.407313	0.222316	-0.00877633	-0.259561	-0.476281	-0.630397	-0.704689	-0.697844	-0.60043	-0.420066	-0.192851	0.0502739	0.280918	0.491336	0.654666	0.744947	0.739281	0.644308	0.487741	0.313926	0.151977	0.0283941	-0.059621	-0.111845	-0.140681	-0.15571	-0.161516	-0.166358	
-1.22034	-1.22034	-1.18948	-1.13426	-1.05842	-0.952862	-0.82468	-0.680501	-0.53086	-0.373471	-0.190505	-0.00491214	0.156885	0.307036	0.445328	0.550859	0.624724	0.650334	0.63339	0.59301	0.528577	0.428347	0.282603	0.0992601	-0.111357	-0.335493	-0.530723	-0.669294	-0.737211	-0.730656	-0.639121	-0.465076	-0.23916	0.00558914	0.24164	0.459418	0.634404	0.740503	0.751973	0.671086	0.524089	0.352673	0.188827	0.0620657	-0.0336858	-0.090651	-0.128284	-0.152897	-0.171306	-0.188271	
-1.2892	-1.2892	-1.25137	-1.17366	-1.06979	-0.937079	-0.782694	-0.612569	-0.431078	-0.244124	-0.0422926	0.148864	0.302684	0.432276	0.539817	0.624435	0.676275	0.673582	0.620414	0.533487	0.428347	0.309206	0.163059	0.00174473	-0.177831	-0.371868	-0.544421	-0.672579	-0.736055	-0.73301	-0.649294	-0.481858	-0.260476	-0.0139443	0.224648	0.448101	0.632061	0.749607	0.77424	0.704251	0.559836	0.388883	0.21547	0.0780678	-0.0278212	-0.100992	-0.148089	-0.185038	-0.21586	-0.245255	
-1.23799	-1.23799	-1.19996	-1.12139	-1.01412	-0.877717	-0.711242	-0.518745	-0.323364	-0.134222	0.0612825	0.24065	0.377264	0.482225	0.570726	0.633344	0.658287	0.62381	0.531658	0.407313	0.282603	0.163059	0.0377238	-0.0900307	-0.235546	-0.396691	-0.552022	-0.669893	-0.732235	-0.734229	-0.656577	-0.500108	-0.280144	-0.0383407	0.204365	0.428097	0.618173	0.743567	0.776507	0.713643	0.572147	0.395166	0.216691	0.0652145	-0.0532532	-0.138612	-0.20224	-0.252892	-0.296207	-0.337779	
-1.07249	-1.07249	-1.04055	-0.966567	-0.864429	-0.73382	-0.57393	-0.395651	-0.218537	-0.0490868	0.121471	0.270599	0.380419	0.464085	0.52302	0.55683	0.54942	0.480346	0.361208	0.222316	0.0992601	0.00174473	-0.0900307	-0.181658	-0.29037	-0.426495	-0.564369	-0.677075	-0.739335	-0.745323	-0.677129	-0.526592	-0.314998	-0.072702	0.166584	0.392605	0.583846	0.71306	0.751945	0.690905	0.547801	0.36572	0.173457	0.0112375	-0.121143	-0.220991	-0.292118	-0.351976	-0.403545	-0.447747	
-0.807798	-0.807798	-0.780195	-0.710853	-0.616448	-0.50603	-0.374504	-0.227138	-0.0905082	0.029634	0.14862	0.25725	0.335914	0.381005	0.402973	0.397222	0.351193	0.25661	0.126978	-0.00877633	-0.111357	-0.177831	-0.235546	-0.29037	-0.372751	-0.484332	-0.612377	-0.719466	-0.782866	-0.793961	-0.731237	-0.591038	-0.381924	-0.146521	0.0944903	0.316641	0.509805	0.641232	0.682074	0.624973	0.479684	0.291861	0.0940991	-0.0814553	-0.221552	-0.329442	-0.40901	-0.469827	-0.517454	-0.556146	
-0.447868	-0.447868	-0.424124	-0.367841	-0.297306	-0.218773	-0.128662	-0.0341018	0.0465812	0.115672	0.189292	0.249874	0.276092	0.26962	0.233812	0.177604	0.0964482	-0.0144319	-0.141345	-0.259561	-0.335493	-0.371868	-0.396691	-0.426495	-0.484332	-0.581823	-0.699682	-0.805099	-0.869318	-0.88427	-0.828562	-0.693995	-0.49214	-0.257818	-0.0211544	0.201639	0.393642	0.526696	0.57214	0.515747	0.373628	0.184133	-0.0167071	-0.19207	-0.33282	-0.437726	-0.507512	-0.558909	-0.594405	-0.614811	
-0.00295594	-0.00295594	0.00135775	0.0304339	0.0658118	0.095387	0.133281	0.179361	0.211062	0.228815	0.242357	0.241671	0.209755	0.139409	0.0491875	-0.0470409	-0.150358	-0.263397	-0.377463	-0.476281	-0.530723	-0.544421	-0.552022	-0.564369	-0.612377	-0.699682	-0.815529	-0.919809	-0.987235	-1.00574	-0.955006	-0.826557	-0.626934	-0.395938	-0.156968	0.0653687	0.261558	0.39997	0.45139	0.405145	0.268267	0.0860491	-0.108785	-0.28012	-0.412574	-0.50815	-0.568262	-0.603375	-0.62016	-0.6223	
0.459602	0.459602	0.453215	0.453517	0.447708	0.433486	0.422778	0.414679	0.390045	0.347599	0.300053	0.236179	0.140522	0.0173347	-0.114323	-0.23388	-0.343752	-0.448794	-0.547384	-0.630397	-0.669294	-0.672579	-0.669893	-0.677075	-0.719466	-0.805099	-0.919809	-1.02707	-1.09663	-1.11959	-1.07244	-0.947925	-0.750573	-0.518748	-0.278674	-0.0520326	0.148912	0.294471	0.356586	0.31894	0.194822	0.0211729	-0.16283	-0.32328	-0.443397	-0.525742	-0.568144	-0.587013	-0.58584	-0.56675	
0.891419	0.891419	0.870808	0.853861	0.825272	0.775189	0.722392	0.665696	0.582121	0.476816	0.361454	0.23333	0.0871854	-0.0743353	-0.227088	-0.353446	-0.456748	-0.549181	-0.63394	-0.704689	-0.737211	-0.736055	-0.732235	-0.739335	-0.782866	-0.869318	-0.987235	-1.09663	-1.17062	-1.19566	-1.15223	-1.02937	-0.832582	-0.599409	-0.355612	-0.124622	0.0828057	0.237078	0.308286	0.283302	0.169255	0.00842114	-0.164437	-0.312039	-0.419006	-0.484758	-0.511224	-0.509667	-0.486544	-0.445661	
1.25155	1.25155	1.23096	1.20426	1.15711	1.08259	0.992949	0.889757	0.756231	0.595982	0.428947	0.259641	0.0841799	-0.0935488	-0.250984	-0.371494	-0.467632	-0.550975	-0.628346	-0.697844	-0.730656	-0.73301	-0.734229	-0.745323	-0.793961	-0.88427	-1.00574	-1.11959	-1.19566	-1.22433	-1.18157	-1.0604	-0.862125	-0.627033	-0.37866	-0.142573	0.0726459	0.235157	0.318043	0.304237	0.204285	0.0564456	-0.100762	-0.233996	-0.322551	-0.372202	-0.378776	-0.358393	-0.316767	-0.257433	
1.54139	1.54139	1.51125	1.47238	1.4073	1.30589	1.18705	1.05037	0.879901	0.69123	0.505176	0.324684	0.146315	-0.025373	-0.173255	-0.286397	-0.373007	-0.451871	-0.529461	-0.60043	-0.639121	-0.649294	-0.656577	-0.677129	-0.731237	-0.828562	-0.955006	-1.07244	-1.15223	-1.18157	-1.14036	-1.01743	-0.818024	-0.578517	-0.326379	-0.0831366	0.138373	0.310607	0.4028	0.400715	0.313045	0.178987	0.0354023	-0.0809578	-0.15609	-0.187981	-0.180139	-0.14621	-0.0921105	-0.023391	
1.73031	1.73031	1.69404	1.63904	1.55234	1.42771	1.28368	1.12938	0.952888	0.763078	0.581784	0.415587	0.258921	0.107096	-0.0208006	-0.115011	-0.192864	-0.266946	-0.343799	-0.420066	-0.465076	-0.481858	-0.500108	-0.526592	-0.591038	-0.693995	-0.826557	-0.947925	-1.02937	-1.0604	-1.01743	-0.893641	-0.689861	-0.44792	-0.18919	0.0582313	0.288309	0.466952	0.568063	0.575175	0.496724	0.373306	0.240789	0.13237	0.0687418	0.0419788	0.0555328	0.09385	0.148796	0.215872	
1.78566	1.78566	1.7433	1.67921	1.5811	1.44833	1.30423	1.15271	0.983956	0.814503	0.664634	0.53049	0.400625	0.278218	0.172664	0.0918643	0.0267363	-0.0421371	-0.118029	-0.192851	-0.23916	-0.260476	-0.280144	-0.314998	-0.381924	-0.49214	-0.626934	-0.750573	-0.832582	-0.862125	-0.818024	-0.689861	-0.484644	-0.237712	0.0215797	0.274345	0.505256	0.687577	0.79036	0.798703	0.723791	0.603004	0.47325	0.37098	0.307243	0.28421	0.298095	0.33247	0.383005	0.444075	
1.6817	1.6817	1.64202	1.58401	1.49805	1.38115	1.2566	1.13551	1.0038	0.869486	0.750957	0.64888	0.551898	0.45279	0.370477	0.309484	0.254724	0.19373	0.123104	0.0502739	0.00558914	-0.0139443	-0.0383407	-0.072702	-0.146521	-0.257818	-0.395938	-0.518748	-0.599409	-0.627033	-0.578517	-0.44792	-0.237712	0.00882163	0.271808	0.52264	0.75544	0.935381	1.03555	1.04249	0.963665	0.842336	0.712093	0.605928	0.541961	0.513104	0.51977	0.548281	0.590164	0.639675	
1.43442	1.43442	1.40868	1.3724	1.31451	1.23768	1.15922	1.081	0.992286	0.90302	0.831593	0.767444	0.696074	0.624367	0.559574	0.510546	0.467489	0.412629	0.34665	0.280918	0.24164	0.224648	0.204365	0.166584	0.0944903	-0.0211544	-0.156968	-0.278674	-0.355612	-0.37866	-0.326379	-0.18919	0.0215797	0.271808	0.530792	0.782152	1.00927	1.18389	1.27732	1.27447	1.1903	1.06306	0.927354	0.820671	0.75029	0.717341	0.718858	0.73623	0.765165	0.800997	
1.10816	1.10816	1.09337	1.08281	1.06417	1.03207	1.00307	0.980155	0.944145	0.90113	0.868026	0.839634	0.800726	0.751829	0.712496	0.682179	0.652104	0.607404	0.549692	0.491336	0.459418	0.448101	0.428097	0.392605	0.316641	0.201639	0.0653687	-0.0520326	-0.124622	-0.142573	-0.0831366	0.0582313	0.274345	0.52264	0.782152	1.02838	1.25104	1.41822	1.50025	1.48925	1.39406	1.25967	1.11832	1.00276	0.92471	0.880948	0.866131	0.867372	0.878019	0.88992	
0.763877	0.763877	0.766671	0.778291	0.786894	0.79434	0.806727	0.823417	0.830483	0.829925	0.840597	0.847349	0.835532	0.816586	0.798997	0.789222	0.775979	0.74466	0.69876	0.654666	0.634404	0.632061	0.618173	0.583846	0.509805	0.393642	0.261558	0.148912	0.0828057	0.0726459	0.138373	0.288309	0.505256	0.75544	1.00927	1.25104	1.46486	1.61872	1.68785	1.65899	1.55046	1.40378	1.24934	1.12458	1.03303	0.973842	0.943252	0.924031	0.910013	0.898227	
0.470616	0.470616	0.475496	0.497193	0.523865	0.553518	0.592306	0.636249	0.669242	0.696262	0.733361	0.767868	0.781687	0.787103	0.798237	0.809463	0.817129	0.801835	0.772036	0.744947	0.740503	0.749607	0.743567	0.71306	0.641232	0.526696	0.39997	0.294471	0.237078	0.235157	0.310607	0.466952	0.687577	0.935381	1.18389	1.41822	1.61872	1.75883	1.8067	1.75981	1.63253	1.46947	1.3014	1.16218	1.05338	0.977993	0.925702	0.883271	0.848138	0.8125	
0.241223	0.241223	0.254542	0.278831	0.305974	0.341898	0.385413	0.436944	0.483424	0.522622	0.575692	0.624665	0.652868	0.676826	0.706803	0.737791	0.760332	0.761957	0.747232	0.739281	0.751973	0.77424	0.776507	0.751945	0.682074	0.57214	0.45139	0.356586	0.308286	0.318043	0.4028	0.568063	0.79036	1.03555	1.27732	1.50025	1.68785	1.8067	1.83399	1.76344	1.61612	1.43673	1.25383	1.10103	0.979385	0.888981	0.82081	0.764828	0.713928	0.664963	
0.09097	0.09097	0.0999906	0.118771	0.141747	0.176519	0.21758	0.260544	0.301806	0.343179	0.398293	0.449376	0.480717	0.513639	0.554425	0.593967	0.62834	0.637611	0.63601	0.644308	0.671086	0.704251	0.713643	0.690905	0.624973	0.515747	0.405145	0.31894	0.283302	0.304237	0.400715	0.575175	0.798703	1.04249	1.27447	1.48925	1.65899	1.75981	1.76344	1.67108	1.50617	1.31303	1.11938	0.960874	0.83004	0.733624	0.659937	0.596357	0.54117	0.490297	
-0.00564468	-0.00564468	0.00646691	0.0192482	0.0312998	0.0573818	0.0885407	0.122692	0.155512	0.185332	0.232795	0.278478	0.30417	0.336113	0.38185	0.421657	0.45481	0.468268	0.469315	0.487741	0.524089	0.559836	0.572147	0.547801	0.479684	0.373628	0.268267	0.194822	0.169255	0.204285	0.313045	0.496724	0.723791	0.963665	1.1903	1.39406	1.55046	1.63253	1.61612	1.50617	1.32955	1.12867	0.935668	0.776286	0.647482	0.555086	0.480283	0.420424	0.370171	0.323404	
-0.0574789	-0.0574789	-0.0490142	-0.0425889	-0.0365049	-0.0160778	0.00331019	0.0203347	0.0441771	0.0699289	0.105162	0.135736	0.152487	0.177358	0.215899	0.25171	0.278972	0.287066	0.290853	0.313926	0.352673	0.388883	0.395166	0.36572	0.291861	0.184133	0.0860491	0.0211729	0.00842114	0.0564456	0.178987	0.373306	0.603004	0.842336	1.06306	1.25967	1.40378	1.46947	1.43673	1.31303	1.12867	0.928422	0.737858	0.58612	0.465961	0.379942	0.315588	0.266238	0.224924	0.189339	
-0.0873184	-0.0873184	-0.0759124	-0.0750284	-0.0780214	-0.0616382	-0.046294	-0.0400685	-0.0299519	-0.0160013	0.0113174	0.03228	0.0372132	0.0577815	0.0910081	0.113419	0.129845	0.130117	0.12709	0.151977	0.188827	0.21547	0.216691	0.173457	0.0940991	-0.0167071	-0.108785	-0.16283	-0.164437	-0.100762	0.0354023	0.240789	0.47325	0.712093	0.927354	1.11832	1.24934	1.3014	1.25383	1.11938	0.935668	0.737858	0.560477	0.422168	0.313496	0.243816	0.189581	0.149504	0.119093	0.0937048	
-0.0993924	-0.0993924	-0.0923343	-0.0938139	-0.0970594	-0.0865121	-0.0798554	-0.0800431	-0.0706491	-0.0591671	-0.0478243	-0.0404459	-0.0408274	-0.0308771	-0.00355367	0.0120966	0.0159605	0.0100248	0.00626277	0.0283941	0.0620657	0.0780678	0.0652145	0.0112375	-0.0814553	-0.19207	-0.28012	-0.32328	-0.312039	-0.233996	-0.0809578	0.13237	0.37098	0.605928	0.820671	1.00276	1.12458	1.16218	1.10103	0.960874	0.776286	0.58612	0.422168	0.29295	0.200481	0.13988	0.0948017	0.0671941	0.0473787	0.0288159	
-0.108903	-0.108903	-0.0984383	-0.102279	-0.108243	-0.0973957	-0.0935627	-0.103105	-0.101347	-0.0901037	-0.0799877	-0.0827277	-0.0868268	-0.0769495	-0.0613716	-0.0558201	-0.0633979	-0.0769008	-0.0831437	-0.059621	-0.0336858	-0.0278212	-0.0532532	-0.121143	-0.221552	-0.33282	-0.412574	-0.443397	-0.419006	-0.322551	-0.15609	0.0687418	0.307243	0.541961	0.75029	0.92471	1.03303	1.05338	0.979385	0.83004	0.647482	0.465961	0.313496	0.200481	0.121042	0.0725389	0.0398279	0.0210502	0.00590873	-0.0047259	
-0.10867	-0.10867	-0.10488	-0.110153	-0.113982	-0.106777	-0.102466	-0.110619	-0.111046	-0.10366	-0.104119	-0.111454	-0.116849	-0.108679	-0.0945918	-0.0968287	-0.111753	-0.128034	-0.132122	-0.111845	-0.090651	-0.100992	-0.138612	-0.220991	-0.329442	-0.437726	-0.50815	-0.525742	-0.484758	-0.372202	-0.187981	0.0419788	0.28421	0.513104	0.717341	0.880948	0.973842	0.977993	0.888981	0.733624	0.555086	0.379942	0.243816	0.13988	0.0725389	0.0319866	0.00441082	-0.0108938	-0.0199709	-0.027932	
-0.112974	-0.112974	-0.108824	-0.111811	-0.111494	-0.110309	-0.114328	-0.120676	-0.118128	-0.108402	-0.112568	-0.127469	-0.127818	-0.122417	-0.117793	-0.123974	-0.147052	-0.162232	-0.161595	-0.140681	-0.128284	-0.148089	-0.20224	-0.292118	-0.40901	-0.507512	-0.568262	-0.568144	-0.511224	-0.378776	-0.180139	0.0555328	0.298095	0.51977	0.718858	0.866131	0.943252	0.925702	0.82081	0.659937	0.480283	0.315588	0.189581	0.0948017	0.0398279	0.00441082	-0.0166266	-0.024768	-0.0308223	-0.0369334	
-0.111248	-0.111248	-0.114236	-0.117786	-0.113944	-0.112329	-0.114269	-0.122441	-0.124171	-0.116059	-0.122149	-0.13792	-0.1359	-0.125415	-0.129989	-0.140189	-0.165772	-0.181026	-0.173315	-0.15571	-0.152897	-0.185038	-0.252892	-0.351976	-0.469827	-0.558909	-0.603375	-0.587013	-0.509667	-0.358393	-0.14621	0.09385	0.33247	0.548281	0.73623	0.867372	0.924031	0.883271	0.764828	0.596357	0.420424	0.266238	0.149504	0.0671941	0.0210502	-0.0108938	-0.024768	-0.0320663	-0.0393217	-0.0423118	
-0.112637	-0.112637	-0.117994	-0.119364	-0.112317	-0.119158	-0.123475	-0.120386	-0.122527	-0.120524	-0.129591	-0.143926	-0.13955	-0.129968	-0.138646	-0.155891	-0.178195	-0.189744	-0.176325	-0.161516	-0.171306	-0.21586	-0.296207	-0.403545	-0.517454	-0.594405	-0.62016	-0.58584	-0.486544	-0.316767	-0.0921105	0.148796	0.383005	0.590164	0.765165	0.878019	0.910013	0.848138	0.713928	0.54117	0.370171	0.224924	0.119093	0.0473787	0.00590873	-0.0199709	-0.0308223	-0.0393217	-0.0431912	-0.0440547	
-0.114875	-0.114875	-0.122813	-0.120553	-0.110917	-0.120823	-0.131086	-0.125116	-0.120891	-0.124163	-0.136956	-0.145929	-0.139169	-0.134402	-0.149341	-0.16806	-0.189386	-0.19226	-0.174631	-0.166358	-0.188271	-0.245255	-0.337779	-0.447747	-0.556146	-0.614811	-0.6223	-0.56675	-0.445661	-0.257433	-0.023391	0.215872	0.444075	0.639675	0.800997	0.88992	0.898227	0.8125	0.664963	0.490297	0.323404	0.189339	0.0937048	0.0288159	-0.0047259	-0.027932	-0.0369334	-0.0423118	-0.0440547	-0.0459864	
