0.127509	0.151652	0.197167	0.258805	0.329653	0.40304	0.447592	0.442399	0.383648	0.283237	0.153579	0.0131077	-0.130863	-0.28516	-0.456161	-0.648566	-0.84353	-1.00387	-1.10105	-1.14865	-1.17089	-1.16126	-1.08827	-0.952539	-0.796757	-0.644493	-0.505155	-0.373924	-0.236887	-0.0949088	0.0431743	0.158193	0.238681	0.283634	0.301434	0.323677	0.374758	0.461543	0.589993	0.754869	0.926117	1.06078	1.13245	1.13176	1.06521	0.968274	0.876516	0.805298	0.765973	0.765973	
0.151652	0.158677	0.188108	0.232026	0.287848	0.359233	0.423527	0.462636	0.452653	0.391427	0.286718	0.157661	0.0149992	-0.149233	-0.335696	-0.541573	-0.749917	-0.925573	-1.03778	-1.09425	-1.1144	-1.09229	-1.00492	-0.861874	-0.699702	-0.540399	-0.399553	-0.271935	-0.148586	-0.0344519	0.0622144	0.122003	0.142246	0.138563	0.130754	0.148873	0.208261	0.307656	0.449285	0.628177	0.811511	0.956062	1.04444	1.07164	1.03808	0.968797	0.890573	0.822055	0.783514	0.783514	
0.197167	0.188108	0.192436	0.203603	0.234429	0.29705	0.378055	0.449383	0.47857	0.45427	0.374963	0.26128	0.117507	-0.0552148	-0.245935	-0.450131	-0.654804	-0.832419	-0.953736	-1.01653	-1.02972	-0.992631	-0.891948	-0.741288	-0.576818	-0.414453	-0.264341	-0.132246	-0.0242784	0.0575302	0.108927	0.110989	0.0710127	0.0194973	-0.0110062	0.0111541	0.0895382	0.206786	0.356347	0.536371	0.717646	0.858601	0.947827	0.984664	0.967074	0.909207	0.826148	0.741581	0.691378	0.691378	
0.258805	0.232026	0.203603	0.179443	0.185869	0.241261	0.32721	0.416704	0.475726	0.483306	0.431622	0.330474	0.185989	0.010495	-0.17947	-0.375504	-0.570265	-0.743357	-0.864461	-0.923732	-0.927862	-0.876362	-0.761001	-0.606323	-0.4418	-0.276222	-0.122513	0.0116974	0.111111	0.164767	0.17056	0.122777	0.0427579	-0.0362534	-0.0847407	-0.0698344	0.0159023	0.147317	0.301536	0.473522	0.642586	0.773265	0.853097	0.877499	0.846085	0.775216	0.677971	0.580781	0.524523	0.524523	
0.329653	0.287848	0.234429	0.185869	0.178608	0.219564	0.295315	0.385235	0.457388	0.486016	0.448489	0.355066	0.214862	0.0453248	-0.133764	-0.315769	-0.495008	-0.650546	-0.755153	-0.803092	-0.79834	-0.740921	-0.626942	-0.474817	-0.311403	-0.152128	-0.00316308	0.129656	0.221069	0.259341	0.242944	0.170014	0.0697923	-0.0232845	-0.0829022	-0.0801249	-0.00507305	0.122783	0.276662	0.440959	0.589648	0.691888	0.740887	0.733815	0.674401	0.582594	0.47159	0.368585	0.312266	0.312266	
0.40304	0.359233	0.29705	0.241261	0.219564	0.235421	0.284761	0.356466	0.426141	0.454754	0.420834	0.336828	0.212435	0.0661359	-0.0918689	-0.255339	-0.412045	-0.539905	-0.619797	-0.649945	-0.640434	-0.592575	-0.492308	-0.354455	-0.202933	-0.0530153	0.0839401	0.203971	0.290531	0.331593	0.314139	0.233728	0.128352	0.0393534	-0.0142049	-0.0184705	0.0385857	0.149401	0.286528	0.426098	0.538142	0.595097	0.597172	0.550577	0.466059	0.360612	0.241144	0.133702	0.0762109	0.0762109	
0.447592	0.423527	0.378055	0.32721	0.295315	0.284761	0.302212	0.34856	0.396786	0.410021	0.372463	0.300103	0.203055	0.0883281	-0.0433047	-0.182337	-0.311298	-0.408094	-0.459727	-0.475261	-0.468206	-0.433486	-0.357939	-0.245021	-0.10639	0.0294684	0.147084	0.24809	0.319839	0.357888	0.349052	0.285258	0.200516	0.13213	0.0975501	0.102623	0.148513	0.22658	0.318352	0.407695	0.467641	0.474412	0.431734	0.350655	0.246196	0.1313	0.00729157	-0.101804	-0.159978	-0.159978	
0.442399	0.462636	0.449383	0.416704	0.385235	0.356466	0.34856	0.361589	0.379108	0.369327	0.327088	0.271559	0.204023	0.122979	0.0225936	-0.0869639	-0.185507	-0.252009	-0.284708	-0.293278	-0.285601	-0.261894	-0.208476	-0.120977	-0.010001	0.0980227	0.187763	0.256291	0.303247	0.338206	0.347624	0.31756	0.26952	0.235639	0.231489	0.248183	0.278841	0.320121	0.356875	0.378444	0.375028	0.336652	0.263096	0.159689	0.0412588	-0.082593	-0.211602	-0.321684	-0.38016	-0.38016	
0.383648	0.452653	0.47857	0.475726	0.457388	0.426141	0.396786	0.379108	0.366432	0.336506	0.295128	0.254018	0.212677	0.165897	0.103525	0.0349176	-0.0231747	-0.0609374	-0.0809982	-0.0860655	-0.0816551	-0.0651711	-0.0334993	0.0132666	0.0797774	0.145367	0.196457	0.235375	0.265416	0.297515	0.321275	0.326069	0.324822	0.332966	0.352309	0.370412	0.383833	0.390012	0.37563	0.336878	0.276353	0.196738	0.100624	-0.0100396	-0.128838	-0.256693	-0.392969	-0.509846	-0.574042	-0.574042	
0.283237	0.391427	0.45427	0.483306	0.486016	0.454754	0.410021	0.369327	0.336506	0.299162	0.262762	0.236043	0.221754	0.215146	0.204616	0.192707	0.181804	0.172371	0.159394	0.146552	0.14487	0.153575	0.158622	0.163118	0.175014	0.183227	0.191032	0.200889	0.216955	0.249194	0.285661	0.319513	0.352804	0.388869	0.426277	0.443677	0.43377	0.406817	0.358464	0.279152	0.175556	0.0658125	-0.0431232	-0.152426	-0.26281	-0.385816	-0.522872	-0.644918	-0.716264	-0.716264	
0.153579	0.286718	0.374963	0.431622	0.448489	0.420834	0.372463	0.327088	0.295128	0.262762	0.236991	0.224731	0.236342	0.271299	0.316126	0.361152	0.398494	0.419065	0.413001	0.398251	0.393199	0.392636	0.375169	0.33548	0.286679	0.235686	0.19477	0.172938	0.178972	0.21063	0.248964	0.288653	0.331608	0.382904	0.43193	0.445963	0.419995	0.370516	0.297419	0.194812	0.0735252	-0.0480208	-0.164329	-0.271501	-0.370098	-0.478345	-0.598571	-0.705879	-0.771261	-0.771261	
0.0131077	0.157661	0.26128	0.330474	0.355066	0.336828	0.300103	0.271559	0.254018	0.236043	0.224731	0.227287	0.263338	0.33463	0.42469	0.518077	0.599575	0.650053	0.661005	0.651333	0.643894	0.636615	0.596627	0.520169	0.426362	0.326714	0.242184	0.186523	0.169843	0.183582	0.205274	0.232963	0.266696	0.308084	0.350856	0.366242	0.339681	0.282487	0.202548	0.0941235	-0.0346269	-0.160465	-0.274138	-0.370609	-0.45119	-0.532483	-0.614572	-0.684399	-0.729344	-0.729344	
-0.130863	0.0149992	0.117507	0.185989	0.214862	0.212435	0.203055	0.204023	0.212677	0.221754	0.236342	0.263338	0.324562	0.419636	0.536302	0.658678	0.769071	0.848147	0.880439	0.881854	0.879067	0.864136	0.806608	0.707747	0.583918	0.454844	0.340088	0.250587	0.201472	0.180104	0.167367	0.162809	0.161051	0.171705	0.198257	0.212128	0.1944	0.149835	0.0775913	-0.0316147	-0.161145	-0.280302	-0.378566	-0.448632	-0.492949	-0.530842	-0.564927	-0.593286	-0.615913	-0.615913	
-0.28516	-0.149233	-0.0552148	0.010495	0.0453248	0.0661359	0.0883281	0.122979	0.165897	0.215146	0.271299	0.33463	0.419636	0.527382	0.653693	0.786753	0.916933	1.01958	1.07369	1.09115	1.08972	1.06366	0.990495	0.873976	0.735984	0.598679	0.471367	0.359117	0.272944	0.200572	0.134277	0.0806246	0.039396	0.017636	0.0142779	0.0128093	-0.00230892	-0.0384392	-0.0996416	-0.193625	-0.306674	-0.406041	-0.470666	-0.491402	-0.482655	-0.470816	-0.460158	-0.455425	-0.461705	-0.461705	
-0.456161	-0.335696	-0.245935	-0.17947	-0.133764	-0.0918689	-0.0433047	0.0225936	0.103525	0.204616	0.316126	0.42469	0.536302	0.653693	0.781192	0.918791	1.05895	1.17523	1.24679	1.27389	1.27065	1.23335	1.14555	1.01834	0.874487	0.736495	0.605405	0.477172	0.35676	0.232304	0.11049	0.0102468	-0.069422	-0.1297	-0.170354	-0.199148	-0.231279	-0.273141	-0.325132	-0.396184	-0.474073	-0.526244	-0.533648	-0.495094	-0.432547	-0.372226	-0.321023	-0.28918	-0.28203	-0.28203	
-0.648566	-0.541573	-0.450131	-0.375504	-0.315769	-0.255339	-0.182337	-0.0869639	0.0349176	0.192707	0.361152	0.518077	0.658678	0.786753	0.918791	1.05807	1.19906	1.319	1.39517	1.42535	1.41919	1.37083	1.27498	1.14296	0.995493	0.857307	0.724273	0.587355	0.439782	0.270026	0.0983874	-0.0517545	-0.173651	-0.266541	-0.3397	-0.400085	-0.4567	-0.515337	-0.570387	-0.617282	-0.645174	-0.637124	-0.581207	-0.480963	-0.364635	-0.257658	-0.167629	-0.106679	-0.0815459	-0.0815459	
-0.84353	-0.749917	-0.654804	-0.570265	-0.495008	-0.412045	-0.311298	-0.185507	-0.0231747	0.181804	0.398494	0.599575	0.769071	0.916933	1.05895	1.19906	1.33388	1.44096	1.50786	1.5342	1.52226	1.47034	1.38012	1.25557	1.11267	0.974257	0.834431	0.682328	0.505201	0.295995	0.0794357	-0.11487	-0.269013	-0.390275	-0.494407	-0.579127	-0.652594	-0.724548	-0.782883	-0.813391	-0.806252	-0.748948	-0.63238	-0.472127	-0.303485	-0.146726	-0.0121019	0.0832717	0.130122	0.130122	
-1.00387	-0.925573	-0.832419	-0.743357	-0.650546	-0.539905	-0.408094	-0.252009	-0.0609374	0.172371	0.419065	0.650053	0.848147	1.01958	1.17523	1.319	1.44096	1.52837	1.58279	1.60357	1.59126	1.54682	1.47256	1.36433	1.22968	1.08298	0.922287	0.745478	0.537701	0.296882	0.0527738	-0.167236	-0.347568	-0.496594	-0.624655	-0.724923	-0.805642	-0.880731	-0.942103	-0.967311	-0.939084	-0.848347	-0.690446	-0.484525	-0.264669	-0.0519054	0.13229	0.265934	0.337826	0.337826	
-1.10105	-1.03778	-0.953736	-0.864461	-0.755153	-0.619797	-0.459727	-0.284708	-0.0809982	0.159394	0.413001	0.661005	0.880439	1.07369	1.24679	1.39517	1.50786	1.58279	1.62964	1.65135	1.64455	1.60853	1.5491	1.45652	1.32508	1.16205	0.976883	0.772197	0.535174	0.278194	0.0264942	-0.20402	-0.396638	-0.561054	-0.709224	-0.828858	-0.919645	-0.995785	-1.05401	-1.07045	-1.02981	-0.924448	-0.744581	-0.507594	-0.246271	0.0164642	0.248846	0.422866	0.521366	0.521366	
-1.14865	-1.09425	-1.01653	-0.923732	-0.803092	-0.649945	-0.475261	-0.293278	-0.0860655	0.146552	0.398251	0.651333	0.881854	1.09115	1.27389	1.42535	1.5342	1.60357	1.65135	1.67939	1.67524	1.64174	1.58987	1.50432	1.37394	1.20141	0.998255	0.771825	0.519455	0.259142	0.00892342	-0.217046	-0.408354	-0.583099	-0.748751	-0.886347	-0.988	-1.06533	-1.12167	-1.1355	-1.08798	-0.970047	-0.776462	-0.525074	-0.238943	0.0601989	0.329988	0.535927	0.654955	0.654955	
-1.17089	-1.1144	-1.02972	-0.927862	-0.79834	-0.640434	-0.468206	-0.285601	-0.0816551	0.14487	0.393199	0.643894	0.879067	1.08972	1.27065	1.41919	1.52226	1.59126	1.64455	1.67524	1.66762	1.62936	1.57146	1.48731	1.36537	1.19517	0.992626	0.766706	0.513356	0.255565	0.0120286	-0.207645	-0.400005	-0.577645	-0.742674	-0.884884	-0.997609	-1.08652	-1.15197	-1.16861	-1.11535	-0.987132	-0.785852	-0.527244	-0.228008	0.0867013	0.371515	0.59276	0.722275	0.722275	
-1.16126	-1.09229	-0.992631	-0.876362	-0.740921	-0.592575	-0.433486	-0.261894	-0.0651711	0.153575	0.392636	0.636615	0.864136	1.06366	1.23335	1.37083	1.47034	1.54682	1.60853	1.64174	1.62936	1.57588	1.50134	1.4142	1.2977	1.14184	0.961271	0.750095	0.510021	0.267147	0.0327884	-0.181223	-0.368436	-0.535385	-0.687869	-0.830878	-0.957324	-1.06105	-1.13794	-1.1638	-1.11282	-0.977657	-0.770853	-0.513108	-0.217476	0.0919806	0.374314	0.596251	0.72472	0.72472	
-1.08827	-1.00492	-0.891948	-0.761001	-0.626942	-0.492308	-0.357939	-0.208476	-0.0334993	0.158622	0.375169	0.596627	0.806608	0.990495	1.14555	1.27498	1.38012	1.47256	1.5491	1.58987	1.57146	1.50134	1.40806	1.30645	1.19082	1.05329	0.891841	0.699972	0.487242	0.269003	0.0578681	-0.130672	-0.299033	-0.451302	-0.592551	-0.734884	-0.871185	-0.989441	-1.07972	-1.11519	-1.06762	-0.934752	-0.739743	-0.499542	-0.220799	0.0717646	0.342749	0.558578	0.680867	0.680867	
-0.952539	-0.861874	-0.741288	-0.606323	-0.474817	-0.354455	-0.245021	-0.120977	0.0132666	0.163118	0.33548	0.520169	0.707747	0.873976	1.01834	1.14296	1.25557	1.36433	1.45652	1.50432	1.48731	1.4142	1.30645	1.19219	1.07503	0.941567	0.788724	0.613948	0.428001	0.246187	0.0813444	-0.064822	-0.20572	-0.338324	-0.463686	-0.599633	-0.743344	-0.872853	-0.967456	-1.0091	-0.978663	-0.872414	-0.708795	-0.497253	-0.243903	0.026512	0.286198	0.497106	0.613107	0.613107	
-0.796757	-0.699702	-0.576818	-0.4418	-0.311403	-0.202933	-0.10639	-0.010001	0.0797774	0.175014	0.286679	0.426362	0.583918	0.735984	0.874487	0.995493	1.11267	1.22968	1.32508	1.37394	1.36537	1.2977	1.19082	1.07503	0.952102	0.820302	0.671577	0.504715	0.346215	0.208805	0.0956128	-0.00304565	-0.106642	-0.2099	-0.314796	-0.439388	-0.577722	-0.703679	-0.800425	-0.860053	-0.863288	-0.800143	-0.681544	-0.507817	-0.283209	-0.0314972	0.220964	0.427184	0.536445	0.536445	
-0.644493	-0.540399	-0.414453	-0.276222	-0.152128	-0.0530153	0.0294684	0.0980227	0.145367	0.183227	0.235686	0.326714	0.454844	0.598679	0.736495	0.857307	0.974257	1.08298	1.16205	1.20141	1.19517	1.14184	1.05329	0.941567	0.820302	0.691883	0.539581	0.384046	0.25818	0.166226	0.108602	0.0617897	-0.000477131	-0.0748925	-0.160999	-0.264806	-0.385648	-0.5101	-0.617851	-0.696712	-0.733837	-0.719568	-0.6488	-0.511644	-0.316085	-0.0850556	0.156712	0.35703	0.462765	0.462765	
-0.505155	-0.399553	-0.264341	-0.122513	-0.00316308	0.0839401	0.147084	0.187763	0.196457	0.191032	0.19477	0.242184	0.340088	0.471367	0.605405	0.724273	0.834431	0.922287	0.976883	0.998255	0.992626	0.961271	0.891841	0.788724	0.671577	0.539581	0.392717	0.263276	0.176063	0.137393	0.136232	0.134817	0.110601	0.0644232	-0.000206999	-0.0862034	-0.204817	-0.340806	-0.460338	-0.551737	-0.611123	-0.626912	-0.585479	-0.479973	-0.319138	-0.115331	0.107721	0.295182	0.39624	0.39624	
-0.373924	-0.271935	-0.132246	0.0116974	0.129656	0.203971	0.24809	0.256291	0.235375	0.200889	0.172938	0.186523	0.250587	0.359117	0.477172	0.587355	0.682328	0.745478	0.772197	0.771825	0.766706	0.750095	0.699972	0.613948	0.504715	0.384046	0.263276	0.168804	0.123489	0.131112	0.168633	0.202152	0.2168	0.202689	0.152423	0.0630088	-0.0675001	-0.216586	-0.348093	-0.443448	-0.501447	-0.521327	-0.491936	-0.407228	-0.27239	-0.0955133	0.0953256	0.253501	0.34202	0.34202	
-0.236887	-0.148586	-0.0242784	0.111111	0.221069	0.290531	0.319839	0.303247	0.265416	0.216955	0.178972	0.169843	0.201472	0.272944	0.35676	0.439782	0.505201	0.537701	0.535174	0.519455	0.513356	0.510021	0.487242	0.428001	0.346215	0.25818	0.176063	0.123489	0.113871	0.147543	0.202951	0.256775	0.297866	0.299515	0.246623	0.149659	0.0161658	-0.136194	-0.268557	-0.355093	-0.403857	-0.419235	-0.384469	-0.29828	-0.171954	-0.0175221	0.133955	0.25307	0.322889	0.322889	
-0.0949088	-0.0344519	0.0575302	0.164767	0.259341	0.331593	0.357888	0.338206	0.297515	0.249194	0.21063	0.183582	0.180104	0.200572	0.232304	0.270026	0.295995	0.296882	0.278194	0.259142	0.255565	0.267147	0.269003	0.246187	0.208805	0.166226	0.137393	0.131112	0.147543	0.189479	0.238964	0.287005	0.324003	0.317396	0.258877	0.161897	0.0365712	-0.0963161	-0.206514	-0.277915	-0.314635	-0.312587	-0.260428	-0.165434	-0.0378944	0.105119	0.227898	0.316114	0.369562	0.369562	
0.0431743	0.0622144	0.108927	0.17056	0.242944	0.314139	0.349052	0.347624	0.321275	0.285661	0.248964	0.205274	0.167367	0.134277	0.11049	0.0983874	0.0794357	0.0527738	0.0264942	0.00892342	0.0120286	0.0327884	0.0578681	0.0813444	0.0956128	0.108602	0.136232	0.168633	0.202951	0.238964	0.265955	0.287518	0.294328	0.265004	0.194601	0.0937432	-0.0105918	-0.0997851	-0.170696	-0.212944	-0.218363	-0.18567	-0.11489	-0.00989367	0.122875	0.259678	0.368911	0.446897	0.49511	0.49511	
0.158193	0.122003	0.110989	0.122777	0.170014	0.233728	0.285258	0.31756	0.326069	0.319513	0.288653	0.232963	0.162809	0.0806246	0.0102468	-0.0517545	-0.11487	-0.167236	-0.20402	-0.217046	-0.207645	-0.181223	-0.130672	-0.064822	-0.00304565	0.0617897	0.134817	0.202152	0.256775	0.287005	0.287518	0.266773	0.223095	0.153773	0.0608256	-0.0375713	-0.10892	-0.148655	-0.167594	-0.158855	-0.114804	-0.0394028	0.0596393	0.179354	0.314702	0.445432	0.55272	0.632087	0.677103	0.677103	
0.238681	0.142246	0.0710127	0.0427579	0.0697923	0.128352	0.200516	0.26952	0.324822	0.352804	0.331608	0.266696	0.161051	0.039396	-0.069422	-0.173651	-0.269013	-0.347568	-0.396638	-0.408354	-0.400005	-0.368436	-0.299033	-0.20572	-0.106642	-0.000477131	0.110601	0.2168	0.297866	0.324003	0.294328	0.223095	0.119433	0.00451704	-0.105354	-0.196211	-0.242835	-0.235876	-0.188223	-0.110742	-0.00421406	0.122912	0.255828	0.395426	0.539642	0.669885	0.775373	0.848516	0.88194	0.88194	
0.283634	0.138563	0.0194973	-0.0362534	-0.0232845	0.0393534	0.13213	0.235639	0.332966	0.388869	0.382904	0.308084	0.171705	0.017636	-0.1297	-0.266541	-0.390275	-0.496594	-0.561054	-0.583099	-0.577645	-0.535385	-0.451302	-0.338324	-0.2099	-0.0748925	0.0644232	0.202689	0.299515	0.317396	0.265004	0.153773	0.00451704	-0.140577	-0.264585	-0.356307	-0.381978	-0.324924	-0.20766	-0.0601741	0.105798	0.28083	0.456106	0.631485	0.791649	0.91841	1.01475	1.07566	1.09649	1.09649	
0.301434	0.130754	-0.0110062	-0.0847407	-0.0829022	-0.0142049	0.0975501	0.231489	0.352309	0.426277	0.43193	0.350856	0.198257	0.0142779	-0.170354	-0.3397	-0.494407	-0.624655	-0.709224	-0.748751	-0.742674	-0.687869	-0.592551	-0.463686	-0.314796	-0.160999	-0.000206999	0.152423	0.246623	0.258877	0.194601	0.0608256	-0.105354	-0.264585	-0.397889	-0.473556	-0.463213	-0.366276	-0.205407	-0.0124696	0.197179	0.422094	0.653673	0.86913	1.04069	1.16373	1.25105	1.29972	1.31215	1.31215	
0.323677	0.148873	0.0111541	-0.0698344	-0.0801249	-0.0184705	0.102623	0.248183	0.370412	0.443677	0.445963	0.366242	0.212128	0.0128093	-0.199148	-0.400085	-0.579127	-0.724923	-0.828858	-0.886347	-0.884884	-0.830878	-0.734884	-0.599633	-0.439388	-0.264806	-0.0862034	0.0630088	0.149659	0.161897	0.0937432	-0.0375713	-0.196211	-0.356307	-0.473556	-0.506403	-0.460148	-0.346602	-0.17161	0.0440461	0.286504	0.552843	0.825299	1.06924	1.25855	1.38996	1.46861	1.50255	1.51047	1.51047	
0.374758	0.208261	0.0895382	0.0159023	-0.00507305	0.0385857	0.148513	0.278841	0.383833	0.43377	0.419995	0.339681	0.1944	-0.00230892	-0.231279	-0.4567	-0.652594	-0.805642	-0.919645	-0.988	-0.997609	-0.957324	-0.871185	-0.743344	-0.577722	-0.385648	-0.204817	-0.0675001	0.0161658	0.0365712	-0.0105918	-0.10892	-0.242835	-0.381978	-0.463213	-0.460148	-0.395055	-0.274527	-0.0936199	0.135905	0.396509	0.677381	0.963236	1.22262	1.42783	1.5669	1.63812	1.66316	1.67191	1.67191	
0.461543	0.307656	0.206786	0.147317	0.122783	0.149401	0.22658	0.320121	0.390012	0.406817	0.370516	0.282487	0.149835	-0.0384392	-0.273141	-0.515337	-0.724548	-0.880731	-0.995785	-1.06533	-1.08652	-1.06105	-0.989441	-0.872853	-0.703679	-0.5101	-0.340806	-0.216586	-0.136194	-0.0963161	-0.0997851	-0.148655	-0.235876	-0.324924	-0.366276	-0.346602	-0.274527	-0.150653	0.0281141	0.25947	0.527897	0.813854	1.09543	1.34174	1.5333	1.66298	1.72938	1.75731	1.77315	1.77315	
0.589993	0.449285	0.356347	0.301536	0.276662	0.286528	0.318352	0.356875	0.37563	0.358464	0.297419	0.202548	0.0775913	-0.0996416	-0.325132	-0.570387	-0.782883	-0.942103	-1.05401	-1.12167	-1.15197	-1.13794	-1.07972	-0.967456	-0.800425	-0.617851	-0.460338	-0.348093	-0.268557	-0.206514	-0.170696	-0.167594	-0.188223	-0.20766	-0.205407	-0.17161	-0.0936199	0.0281141	0.192925	0.414775	0.685328	0.966792	1.22146	1.42814	1.58184	1.68025	1.73049	1.75981	1.78155	1.78155	
0.754869	0.628177	0.536371	0.473522	0.440959	0.426098	0.407695	0.378444	0.336878	0.279152	0.194812	0.0941235	-0.0316147	-0.193625	-0.396184	-0.617282	-0.813391	-0.967311	-1.07045	-1.1355	-1.16861	-1.1638	-1.11519	-1.0091	-0.860053	-0.696712	-0.551737	-0.443448	-0.355093	-0.277915	-0.212944	-0.158855	-0.110742	-0.0601741	-0.0124696	0.0440461	0.135905	0.25947	0.414775	0.62134	0.868092	1.11232	1.31956	1.47676	1.57979	1.63244	1.65487	1.66634	1.67155	1.67155	
0.926117	0.811511	0.717646	0.642586	0.589648	0.538142	0.467641	0.375028	0.276353	0.175556	0.0735252	-0.0346269	-0.161145	-0.306674	-0.474073	-0.645174	-0.806252	-0.939084	-1.02981	-1.08798	-1.11535	-1.11282	-1.06762	-0.978663	-0.863288	-0.733837	-0.611123	-0.501447	-0.403857	-0.314635	-0.218363	-0.114804	-0.00421406	0.105798	0.197179	0.286504	0.396509	0.527897	0.685328	0.868092	1.0607	1.24105	1.38455	1.4772	1.51929	1.52574	1.51585	1.49122	1.46221	1.46221	
1.06078	0.956062	0.858601	0.773265	0.691888	0.595097	0.474412	0.336652	0.196738	0.0658125	-0.0480208	-0.160465	-0.280302	-0.406041	-0.526244	-0.637124	-0.748948	-0.848347	-0.924448	-0.970047	-0.987132	-0.977657	-0.934752	-0.872414	-0.800143	-0.719568	-0.626912	-0.521327	-0.419235	-0.312587	-0.18567	-0.0394028	0.122912	0.28083	0.422094	0.552843	0.677381	0.813854	0.966792	1.11232	1.24105	1.34688	1.41163	1.43052	1.41039	1.36489	1.31153	1.25578	1.21211	1.21211	
1.13245	1.04444	0.947827	0.853097	0.740887	0.597172	0.431734	0.263096	0.100624	-0.0431232	-0.164329	-0.274138	-0.378566	-0.470666	-0.533648	-0.581207	-0.63238	-0.690446	-0.744581	-0.776462	-0.785852	-0.770853	-0.739743	-0.708795	-0.681544	-0.6488	-0.585479	-0.491936	-0.384469	-0.260428	-0.11489	0.0596393	0.255828	0.456106	0.653673	0.825299	0.963236	1.09543	1.22146	1.31956	1.38455	1.41163	1.39813	1.34834	1.26524	1.1632	1.06748	0.996588	0.959422	0.959422	
1.13176	1.07164	0.984664	0.877499	0.733815	0.550577	0.350655	0.159689	-0.0100396	-0.152426	-0.271501	-0.370609	-0.448632	-0.491402	-0.495094	-0.480963	-0.472127	-0.484525	-0.507594	-0.525074	-0.527244	-0.513108	-0.499542	-0.497253	-0.507817	-0.511644	-0.479973	-0.407228	-0.29828	-0.165434	-0.00989367	0.179354	0.395426	0.631485	0.86913	1.06924	1.22262	1.34174	1.42814	1.47676	1.4772	1.43052	1.34834	1.23141	1.09076	0.951753	0.831595	0.749934	0.716722	0.716722	
1.06521	1.03808	0.967074	0.846085	0.674401	0.466059	0.246196	0.0412588	-0.128838	-0.26281	-0.370098	-0.45119	-0.492949	-0.482655	-0.432547	-0.364635	-0.303485	-0.264669	-0.246271	-0.238943	-0.228008	-0.217476	-0.220799	-0.243903	-0.283209	-0.316085	-0.319138	-0.27239	-0.171954	-0.0378944	0.122875	0.314702	0.539642	0.791649	1.04069	1.25855	1.42783	1.5333	1.58184	1.57979	1.51929	1.41039	1.26524	1.09076	0.91497	0.758043	0.623575	0.535304	0.504169	0.504169	
0.968274	0.968797	0.909207	0.775216	0.582594	0.360612	0.1313	-0.082593	-0.256693	-0.385816	-0.478345	-0.532483	-0.530842	-0.470816	-0.372226	-0.257658	-0.146726	-0.0519054	0.0164642	0.0601989	0.0867013	0.0919806	0.0717646	0.026512	-0.0314972	-0.0850556	-0.115331	-0.0955133	-0.0175221	0.105119	0.259678	0.445432	0.669885	0.91841	1.16373	1.38996	1.5669	1.66298	1.68025	1.63244	1.52574	1.36489	1.1632	0.951753	0.758043	0.589961	0.456658	0.369985	0.329392	0.329392	
0.876516	0.890573	0.826148	0.677971	0.47159	0.241144	0.00729157	-0.211602	-0.392969	-0.522872	-0.598571	-0.614572	-0.564927	-0.460158	-0.321023	-0.167629	-0.0121019	0.13229	0.248846	0.329988	0.371515	0.374314	0.342749	0.286198	0.220964	0.156712	0.107721	0.0953256	0.133955	0.227898	0.368911	0.55272	0.775373	1.01475	1.25105	1.46861	1.63812	1.72938	1.73049	1.65487	1.51585	1.31153	1.06748	0.831595	0.623575	0.456658	0.343045	0.257265	0.192628	0.192628	
0.805298	0.822055	0.741581	0.580781	0.368585	0.133702	-0.101804	-0.321684	-0.509846	-0.644918	-0.705879	-0.684399	-0.593286	-0.455425	-0.28918	-0.106679	0.0832717	0.265934	0.422866	0.535927	0.59276	0.596251	0.558578	0.497106	0.427184	0.35703	0.295182	0.253501	0.25307	0.316114	0.446897	0.632087	0.848516	1.07566	1.29972	1.50255	1.66316	1.75731	1.75981	1.66634	1.49122	1.25578	0.996588	0.749934	0.535304	0.369985	0.257265	0.174472	0.118901	0.118901	
0.765973	0.783514	0.691378	0.524523	0.312266	0.0762109	-0.159978	-0.38016	-0.574042	-0.716264	-0.771261	-0.729344	-0.615913	-0.461705	-0.28203	-0.0815459	0.130122	0.337826	0.521366	0.654955	0.722275	0.72472	0.680867	0.613107	0.536445	0.462765	0.39624	0.34202	0.322889	0.369562	0.49511	0.677103	0.88194	1.09649	1.31215	1.51047	1.67191	1.77315	1.78155	1.67155	1.46221	1.21211	0.959422	0.716722	0.504169	0.329392	0.192628	0.118901	0.105935	0.105935	
0.765973	0.783514	0.691378	0.524523	0.312266	0.0762109	-0.159978	-0.38016	-0.574042	-0.716264	-0.771261	-0.729344	-0.615913	-0.461705	-0.28203	-0.0815459	0.130122	0.337826	0.521366	0.654955	0.722275	0.72472	0.680867	0.613107	0.536445	0.462765	0.39624	0.34202	0.322889	0.369562	0.49511	0.677103	0.88194	1.09649	1.31215	1.51047	1.67191	1.77315	1.78155	1.67155	1.46221	1.21211	0.959422	0.716722	0.504169	0.329392	0.192628	0.118901	0.105935	0.105935	
