0.0611108	0.0611108	-0.270317	0.38365	-0.508102	0.92293	
0.0611108	0.0611108	-0.270317	0.38365	-0.508102	0.92293	
-0.270317	-0.270317	-0.00648129	0.525654	-0.86809	0.815674	
0.38365	0.38365	0.525654	-0.630479	0.463943	0.843446	
-0.508102	-0.508102	-0.86809	0.463943	0.20472	-0.203403	
0.92293	0.92293	0.815674	0.843446	-0.203403	0.292342	
