-0.270078	-0.281133	-0.262336	-0.219394	-0.174826	-0.131676	-0.0981559	-0.0790645	-0.0813575	-0.0831401	-0.0621505	0.00436403	0.11494	0.269383	0.471321	0.701418	0.94832	1.17714	1.3594	1.47469	1.50537	1.4566	1.34915	1.20025	1.02147	0.827873	0.646547	0.492727	0.378477	0.302851	0.240255	0.176372	0.117143	0.0513989	-0.0265738	-0.109813	-0.207065	-0.29402	-0.353359	-0.376928	-0.370517	-0.359418	-0.351885	-0.364505	-0.393955	-0.438708	-0.493977	-0.539192	-0.570451	-0.570451	
-0.281133	-0.257486	-0.204378	-0.136274	-0.0694822	-0.0161429	0.0242785	0.0427459	0.0324313	0.023473	0.0393708	0.0951479	0.205643	0.365695	0.568914	0.802892	1.05014	1.28484	1.4819	1.61457	1.65917	1.62016	1.51745	1.36778	1.1857	0.986208	0.793463	0.623469	0.494246	0.400302	0.316114	0.236514	0.159376	0.0737906	-0.0191697	-0.119727	-0.231146	-0.327143	-0.395494	-0.434972	-0.452121	-0.462396	-0.479345	-0.520153	-0.576533	-0.647264	-0.723106	-0.778383	-0.809945	-0.809945	
-0.262336	-0.204378	-0.116907	-0.02149	0.0598464	0.117477	0.158046	0.165508	0.143648	0.120778	0.121174	0.16531	0.272489	0.430019	0.627753	0.850182	1.0809	1.31423	1.51855	1.66061	1.71839	1.69255	1.59907	1.46091	1.2898	1.08825	0.889874	0.713315	0.574238	0.475163	0.38423	0.29668	0.207967	0.108036	0.00444137	-0.105555	-0.21968	-0.32214	-0.400184	-0.453888	-0.491575	-0.524478	-0.571704	-0.634564	-0.71417	-0.804405	-0.891073	-0.969161	-1.01172	-1.01172	
-0.219394	-0.136274	-0.02149	0.0895969	0.18599	0.253849	0.290723	0.287131	0.246227	0.203188	0.181993	0.213599	0.304841	0.446504	0.62064	0.819622	1.03269	1.25914	1.46747	1.61277	1.68144	1.6701	1.59271	1.47129	1.31377	1.11855	0.921748	0.75557	0.623992	0.53031	0.448901	0.35881	0.262039	0.157634	0.0476313	-0.0702977	-0.184609	-0.286786	-0.371693	-0.431923	-0.484978	-0.54051	-0.606932	-0.686679	-0.78034	-0.887619	-0.990753	-1.07867	-1.12976	-1.12976	
-0.174826	-0.0694822	0.0598464	0.18599	0.291443	0.366492	0.402985	0.386781	0.324834	0.258068	0.215802	0.222282	0.289086	0.406278	0.558298	0.735358	0.931106	1.1393	1.33122	1.47456	1.55469	1.56657	1.51687	1.41654	1.26894	1.08344	0.894704	0.741739	0.630825	0.550484	0.482872	0.405204	0.314658	0.217141	0.111239	-0.00476115	-0.116901	-0.218588	-0.304256	-0.369518	-0.432692	-0.497097	-0.573028	-0.666941	-0.772435	-0.889419	-1.00178	-1.09126	-1.13902	-1.13902	
-0.131676	-0.0161429	0.117477	0.253849	0.366492	0.450241	0.477846	0.44302	0.365261	0.27522	0.210754	0.193437	0.229422	0.322512	0.457604	0.613859	0.78712	0.966731	1.13526	1.27153	1.36178	1.39601	1.37228	1.2947	1.1681	1.00064	0.828729	0.692545	0.592724	0.524226	0.479231	0.427022	0.362987	0.294488	0.200435	0.0927059	-0.0105883	-0.10957	-0.189014	-0.255069	-0.323826	-0.399323	-0.488239	-0.589281	-0.697394	-0.806731	-0.91207	-1.00317	-1.0543	-1.0543	
-0.0981559	0.0242785	0.158046	0.290723	0.402985	0.477846	0.495979	0.450828	0.365388	0.262958	0.17569	0.128565	0.137821	0.208621	0.324206	0.462797	0.609821	0.761366	0.908912	1.0342	1.12673	1.1755	1.17418	1.12385	1.02557	0.884734	0.739833	0.621873	0.53821	0.49061	0.467207	0.443701	0.4124	0.373336	0.304978	0.220835	0.135568	0.0501246	-0.0265147	-0.0944098	-0.171205	-0.265389	-0.357347	-0.4566	-0.55958	-0.660567	-0.762303	-0.83969	-0.887039	-0.887039	
-0.0790645	0.0427459	0.165508	0.287131	0.386781	0.44302	0.450828	0.408943	0.324442	0.215673	0.117627	0.0521001	0.0416704	0.0911355	0.185009	0.300613	0.43047	0.56069	0.687791	0.797438	0.88169	0.93694	0.957264	0.934772	0.863224	0.757275	0.642559	0.551748	0.498003	0.473527	0.471084	0.476075	0.473721	0.461179	0.426272	0.369958	0.304643	0.238931	0.170106	0.0936506	0.00481504	-0.0966416	-0.196064	-0.298651	-0.393122	-0.478876	-0.566088	-0.63209	-0.671312	-0.671312	
-0.0813575	0.0324313	0.143648	0.246227	0.324834	0.365261	0.365388	0.324442	0.242795	0.135346	0.0404764	-0.0231837	-0.0395279	-0.00787853	0.0661534	0.168861	0.283912	0.396816	0.499187	0.587553	0.661523	0.72482	0.765608	0.765435	0.720241	0.643011	0.563982	0.505361	0.481942	0.484047	0.502505	0.532686	0.558097	0.571685	0.558312	0.522455	0.474276	0.419545	0.359533	0.287075	0.196534	0.0875708	-0.0215711	-0.12372	-0.213311	-0.290129	-0.361688	-0.418224	-0.451142	-0.451142	
-0.0831401	0.023473	0.120778	0.203188	0.258068	0.27522	0.262958	0.215673	0.135346	0.0484967	-0.0244085	-0.0706519	-0.0859054	-0.0662813	-0.00562237	0.0897999	0.193572	0.289056	0.368736	0.437676	0.50158	0.565691	0.615426	0.626716	0.603234	0.557266	0.516081	0.494236	0.499369	0.524526	0.56147	0.611917	0.664504	0.697029	0.702441	0.682212	0.637127	0.58926	0.53348	0.459391	0.365643	0.252491	0.13969	0.0392182	-0.0474918	-0.120766	-0.18014	-0.226516	-0.252841	-0.252841	
-0.0621505	0.0393708	0.121174	0.181993	0.215802	0.210754	0.17569	0.117627	0.0404764	-0.0244085	-0.0693553	-0.0927956	-0.0948504	-0.0676567	-0.00371978	0.0881102	0.17937	0.255116	0.312912	0.36042	0.411422	0.467907	0.51848	0.536854	0.528331	0.507809	0.491831	0.498314	0.528483	0.575616	0.635888	0.711367	0.786129	0.834912	0.857447	0.841822	0.800795	0.754399	0.687924	0.601584	0.494388	0.377255	0.257319	0.154826	0.0758482	0.00834578	-0.0405744	-0.0819099	-0.102005	-0.102005	
0.00436403	0.0951479	0.16531	0.213599	0.222282	0.193437	0.128565	0.0521001	-0.0231837	-0.0706519	-0.0927956	-0.0898546	-0.0660717	-0.0196172	0.0540336	0.143392	0.228208	0.294845	0.33872	0.367669	0.39861	0.438628	0.475625	0.492433	0.491117	0.485312	0.490605	0.518733	0.568956	0.632441	0.713533	0.807268	0.903747	0.975413	1.01032	1.00431	0.961259	0.899205	0.815621	0.71078	0.581792	0.445638	0.314276	0.209461	0.133292	0.075375	0.0413779	0.0105424	-0.00124908	-0.00124908	
0.11494	0.205643	0.272489	0.304841	0.289086	0.229422	0.137821	0.0416704	-0.0395279	-0.0859054	-0.0948504	-0.0660717	-0.0123117	0.0619919	0.148193	0.244235	0.332099	0.39749	0.430959	0.443734	0.453969	0.471244	0.488447	0.491639	0.485889	0.482223	0.496898	0.539212	0.603672	0.681157	0.781338	0.893275	1.00924	1.10451	1.15485	1.15555	1.10831	1.02843	0.91402	0.774813	0.615583	0.453657	0.310365	0.199436	0.125663	0.0804362	0.0621691	0.0537664	0.052642	0.052642	
0.269383	0.365695	0.430019	0.446504	0.406278	0.322512	0.208621	0.0911355	-0.00787853	-0.0662813	-0.0676567	-0.0196172	0.0619919	0.159812	0.264466	0.373714	0.469273	0.535105	0.565906	0.565093	0.559295	0.552979	0.540574	0.524835	0.501792	0.488716	0.503044	0.5494	0.621089	0.711234	0.826118	0.959118	1.09503	1.21128	1.2793	1.2814	1.22893	1.12521	0.97586	0.801266	0.607261	0.419587	0.259611	0.139434	0.0673334	0.0378285	0.0373439	0.0446683	0.0540832	0.0540832	
0.471321	0.568914	0.627753	0.62064	0.558298	0.457604	0.324206	0.185009	0.0661534	-0.00562237	-0.00371978	0.0540336	0.148193	0.264466	0.383044	0.502496	0.60281	0.671525	0.706755	0.703442	0.685671	0.657091	0.614948	0.574181	0.52946	0.502726	0.51189	0.55562	0.629392	0.724303	0.850251	0.997806	1.14785	1.28209	1.3596	1.36362	1.3043	1.17812	1.00218	0.80019	0.579167	0.366648	0.192749	0.0638517	-0.0112268	-0.036022	-0.0332092	-0.0129623	0.00632347	0.00632347	
0.701418	0.802892	0.850182	0.819622	0.735358	0.613859	0.462797	0.300613	0.168861	0.0897999	0.0881102	0.143392	0.244235	0.373714	0.502496	0.624419	0.721716	0.789538	0.823553	0.822899	0.797695	0.75511	0.694124	0.631102	0.566418	0.524307	0.52101	0.55089	0.61897	0.714285	0.845478	1.00298	1.16477	1.31127	1.39905	1.41052	1.34751	1.20793	1.00827	0.77776	0.535463	0.30464	0.120358	-0.0181334	-0.10228	-0.126526	-0.118561	-0.0917109	-0.074898	-0.074898	
0.94832	1.05014	1.0809	1.03269	0.931106	0.78712	0.609821	0.43047	0.283912	0.193572	0.17937	0.228208	0.332099	0.469273	0.60281	0.721716	0.812242	0.873407	0.909552	0.909243	0.884859	0.834715	0.760961	0.684198	0.607938	0.55273	0.528763	0.539224	0.591133	0.681055	0.811002	0.977166	1.14924	1.30522	1.40874	1.42729	1.36594	1.21874	1.005	0.755108	0.493694	0.250881	0.0501816	-0.0971413	-0.18685	-0.217641	-0.210142	-0.182672	-0.157723	-0.157723	
1.17714	1.28484	1.31423	1.25914	1.1393	0.966731	0.761366	0.56069	0.396816	0.289056	0.255116	0.294845	0.39749	0.535105	0.671525	0.789538	0.873407	0.930249	0.965279	0.969505	0.943003	0.886513	0.807619	0.723329	0.638883	0.568707	0.523033	0.511741	0.54727	0.626668	0.753657	0.92408	1.11125	1.28452	1.40782	1.44448	1.3853	1.23186	1.00319	0.736198	0.460446	0.204243	-0.00949242	-0.168659	-0.266096	-0.301631	-0.29035	-0.255627	-0.226419	-0.226419	
1.3594	1.4819	1.51855	1.46747	1.33122	1.13526	0.908912	0.687791	0.499187	0.368736	0.312912	0.33872	0.430959	0.565906	0.706755	0.823553	0.909552	0.965279	0.997464	1.00604	0.971924	0.909491	0.833458	0.740918	0.645085	0.564012	0.499671	0.470578	0.492554	0.559596	0.685972	0.86483	1.07066	1.26346	1.40597	1.46227	1.40706	1.25384	1.018	0.731737	0.440051	0.170757	-0.0568156	-0.22246	-0.324399	-0.362034	-0.342614	-0.3052	-0.277184	-0.277184	
1.47469	1.61457	1.66061	1.61277	1.47456	1.27153	1.0342	0.797438	0.587553	0.437676	0.36042	0.367669	0.443734	0.565093	0.703442	0.822899	0.909243	0.969505	1.00604	1.00815	0.972813	0.910794	0.83074	0.731002	0.631799	0.546344	0.475849	0.437167	0.442592	0.503932	0.630407	0.817359	1.03478	1.23795	1.39546	1.46267	1.41851	1.27126	1.03454	0.742952	0.441539	0.165226	-0.07175	-0.241761	-0.344092	-0.385947	-0.368658	-0.330312	-0.295735	-0.295735	
1.50537	1.65917	1.71839	1.68144	1.55469	1.36178	1.12673	0.88169	0.661523	0.50158	0.411422	0.39861	0.453969	0.559295	0.685671	0.797695	0.884859	0.943003	0.971924	0.972813	0.938496	0.877315	0.797817	0.700342	0.606941	0.527238	0.452885	0.403604	0.402138	0.461446	0.588876	0.779101	1.00348	1.21425	1.38095	1.45985	1.42291	1.27978	1.04579	0.756103	0.458575	0.184615	-0.0522538	-0.22563	-0.331384	-0.371526	-0.350199	-0.307914	-0.272731	-0.272731	
1.4566	1.62016	1.69255	1.6701	1.56657	1.39601	1.1755	0.93694	0.72482	0.565691	0.467907	0.438628	0.471244	0.552979	0.657091	0.75511	0.834715	0.886513	0.909491	0.910794	0.877315	0.815915	0.739181	0.653054	0.569107	0.490787	0.415889	0.366333	0.365497	0.421497	0.547971	0.738747	0.966826	1.18903	1.36263	1.45063	1.42358	1.28846	1.06552	0.785742	0.497904	0.229055	-0.000348104	-0.171153	-0.278796	-0.317973	-0.29717	-0.249877	-0.216475	-0.216475	
1.34915	1.51745	1.59907	1.59271	1.51687	1.37228	1.17418	0.957264	0.765608	0.615426	0.51848	0.475625	0.488447	0.540574	0.614948	0.694124	0.760961	0.807619	0.833458	0.83074	0.797817	0.739181	0.666648	0.590966	0.507344	0.426491	0.360678	0.318181	0.312339	0.365137	0.487642	0.683657	0.919224	1.15139	1.3369	1.43352	1.4275	1.31214	1.11073	0.852461	0.574866	0.30999	0.08152	-0.0902168	-0.196489	-0.234005	-0.222187	-0.182392	-0.149749	-0.149749	
1.20025	1.36778	1.46091	1.47129	1.41654	1.2947	1.12385	0.934772	0.765435	0.626716	0.536854	0.492433	0.491639	0.524835	0.574181	0.631102	0.684198	0.723329	0.740918	0.731002	0.700342	0.653054	0.590966	0.517001	0.429384	0.348544	0.285218	0.236578	0.220976	0.270726	0.399608	0.605455	0.851658	1.09933	1.30098	1.42118	1.44573	1.36053	1.18536	0.945204	0.678614	0.416718	0.189942	0.0120276	-0.104704	-0.149195	-0.145426	-0.108541	-0.0808406	-0.0808406	
1.02147	1.1857	1.2898	1.31377	1.26894	1.1681	1.02557	0.863224	0.720241	0.603234	0.528331	0.491117	0.485889	0.501792	0.52946	0.566418	0.607938	0.638883	0.645085	0.631799	0.606941	0.569107	0.507344	0.429384	0.342357	0.262538	0.194553	0.13673	0.116189	0.163192	0.292051	0.495363	0.748231	1.01441	1.23673	1.3891	1.4484	1.3969	1.25618	1.04743	0.802833	0.549709	0.322145	0.130977	-0.00369264	-0.0654024	-0.0759621	-0.0469131	-0.0260453	-0.0260453	
0.827873	0.986208	1.08825	1.11855	1.08344	1.00064	0.884734	0.757275	0.643011	0.557266	0.507809	0.485312	0.482223	0.488716	0.502726	0.524307	0.55273	0.568707	0.564012	0.546344	0.527238	0.490787	0.426491	0.348544	0.262538	0.174753	0.0960786	0.0370009	0.0123724	0.0493026	0.162415	0.357359	0.60994	0.880629	1.12118	1.29828	1.39433	1.39136	1.3025	1.13849	0.921695	0.683013	0.450625	0.251785	0.107722	0.0259083	-0.0070184	-0.00310783	0.00879252	0.00879252	
0.646547	0.793463	0.889874	0.921748	0.894704	0.828729	0.739833	0.642559	0.563982	0.516081	0.491831	0.490605	0.496898	0.503044	0.51189	0.52101	0.528763	0.523033	0.499671	0.475849	0.452885	0.415889	0.360678	0.285218	0.194553	0.0960786	0.0120569	-0.0480447	-0.0856778	-0.0674834	0.0292773	0.20547	0.443955	0.701007	0.941261	1.13975	1.27235	1.32588	1.29206	1.1749	0.995368	0.78218	0.562129	0.361794	0.206288	0.103593	0.0535043	0.0403472	0.0376777	0.0376777	
0.492727	0.623469	0.713315	0.75557	0.741739	0.692545	0.621873	0.551748	0.505361	0.494236	0.498314	0.518733	0.539212	0.5494	0.55562	0.55089	0.539224	0.511741	0.470578	0.437167	0.403604	0.366333	0.318181	0.236578	0.13673	0.0370009	-0.0480447	-0.120007	-0.174517	-0.173545	-0.0978449	0.0496253	0.259313	0.492391	0.722136	0.933392	1.09183	1.18449	1.20357	1.14076	1.01013	0.833805	0.630661	0.437331	0.274394	0.152978	0.0885751	0.0602105	0.0534157	0.0534157	
0.378477	0.494246	0.574238	0.623992	0.630825	0.592724	0.53821	0.498003	0.481942	0.499369	0.528483	0.568956	0.603672	0.621089	0.629392	0.61897	0.591133	0.54727	0.492554	0.442592	0.402138	0.365497	0.312339	0.220976	0.116189	0.0123724	-0.0856778	-0.174517	-0.241495	-0.253336	-0.206294	-0.0951838	0.075951	0.273313	0.486345	0.693131	0.864045	0.991343	1.0548	1.03933	0.952967	0.813783	0.632858	0.448786	0.289291	0.163731	0.0866813	0.0408878	0.0239107	0.0239107	
0.302851	0.400302	0.475163	0.53031	0.550484	0.524226	0.49061	0.473527	0.484047	0.524526	0.575616	0.632441	0.681157	0.711234	0.724303	0.714285	0.681055	0.626668	0.559596	0.503932	0.461446	0.421497	0.365137	0.270726	0.163192	0.0493026	-0.0674834	-0.173545	-0.253336	-0.288055	-0.280769	-0.213571	-0.0887322	0.0611782	0.238378	0.427169	0.600346	0.751041	0.847726	0.871081	0.823735	0.714604	0.560993	0.395268	0.243487	0.115048	0.0262309	-0.0268422	-0.0514366	-0.0514366	
0.240255	0.316114	0.38423	0.448901	0.482872	0.479231	0.467207	0.471084	0.502505	0.56147	0.635888	0.713533	0.781338	0.826118	0.850251	0.845478	0.811002	0.753657	0.685972	0.630407	0.588876	0.547971	0.487642	0.399608	0.292051	0.162415	0.0292773	-0.0978449	-0.206294	-0.280769	-0.313321	-0.29248	-0.227631	-0.131354	-0.00517884	0.152461	0.314862	0.466772	0.585533	0.63934	0.628759	0.552276	0.427105	0.281508	0.133962	0.00645818	-0.0855458	-0.142845	-0.17182	-0.17182	
0.176372	0.236514	0.29668	0.35881	0.405204	0.427022	0.443701	0.476075	0.532686	0.611917	0.711367	0.807268	0.893275	0.959118	0.997806	1.00298	0.977166	0.92408	0.86483	0.817359	0.779101	0.738747	0.683657	0.605455	0.495363	0.357359	0.20547	0.0496253	-0.0951838	-0.213571	-0.29248	-0.335111	-0.347634	-0.317637	-0.244086	-0.128925	0.0145718	0.163167	0.287854	0.368438	0.392552	0.351254	0.258207	0.125514	-0.0135443	-0.135973	-0.237754	-0.303389	-0.338252	-0.338252	
0.117143	0.159376	0.207967	0.262039	0.314658	0.362987	0.4124	0.473721	0.558097	0.664504	0.786129	0.903747	1.00924	1.09503	1.14785	1.16477	1.14924	1.11125	1.07066	1.03478	1.00348	0.966826	0.919224	0.851658	0.748231	0.60994	0.443955	0.259313	0.075951	-0.0887322	-0.227631	-0.347634	-0.438586	-0.477453	-0.465573	-0.397336	-0.279544	-0.142087	-0.010684	0.096443	0.14704	0.12983	0.0668816	-0.0435427	-0.174114	-0.298517	-0.411321	-0.485841	-0.523405	-0.523405	
0.0513989	0.0737906	0.108036	0.157634	0.217141	0.294488	0.373336	0.461179	0.571685	0.697029	0.834912	0.975413	1.10451	1.21128	1.28209	1.31127	1.30522	1.28452	1.26346	1.23795	1.21425	1.18903	1.15139	1.09933	1.01441	0.880629	0.701007	0.492391	0.273313	0.0611782	-0.131354	-0.317637	-0.477453	-0.581952	-0.63488	-0.617694	-0.533441	-0.415655	-0.282527	-0.161218	-0.087387	-0.0717243	-0.112628	-0.208572	-0.334825	-0.460747	-0.574662	-0.663087	-0.709257	-0.709257	
-0.0265738	-0.0191697	0.00444137	0.0476313	0.111239	0.200435	0.304978	0.426272	0.558312	0.702441	0.857447	1.01032	1.15485	1.2793	1.3596	1.39905	1.40874	1.40782	1.40597	1.39546	1.38095	1.36263	1.3369	1.30098	1.23673	1.12118	0.941261	0.722136	0.486345	0.238378	-0.00517884	-0.244086	-0.465573	-0.63488	-0.735511	-0.764572	-0.717337	-0.621832	-0.503333	-0.381482	-0.290333	-0.244835	-0.266287	-0.34646	-0.462515	-0.596592	-0.717819	-0.809947	-0.856199	-0.856199	
-0.109813	-0.119727	-0.105555	-0.0702977	-0.00476115	0.0927059	0.220835	0.369958	0.522455	0.682212	0.841822	1.00431	1.15555	1.2814	1.36362	1.41052	1.42729	1.44448	1.46227	1.46267	1.45985	1.45063	1.43352	1.42118	1.3891	1.29828	1.13975	0.933392	0.693131	0.427169	0.152461	-0.128925	-0.397336	-0.617694	-0.764572	-0.837308	-0.83108	-0.764621	-0.665421	-0.54437	-0.441461	-0.383238	-0.384987	-0.443686	-0.547569	-0.678826	-0.799104	-0.892572	-0.945269	-0.945269	
-0.207065	-0.231146	-0.21968	-0.184609	-0.116901	-0.0105883	0.135568	0.304643	0.474276	0.637127	0.800795	0.961259	1.10831	1.22893	1.3043	1.34751	1.36594	1.3853	1.40706	1.41851	1.42291	1.42358	1.4275	1.44573	1.4484	1.39433	1.27235	1.09183	0.864045	0.600346	0.314862	0.0145718	-0.279544	-0.533441	-0.717337	-0.83108	-0.867173	-0.840351	-0.766184	-0.652878	-0.546841	-0.474632	-0.455938	-0.494422	-0.582088	-0.692639	-0.799888	-0.896522	-0.946136	-0.946136	
-0.29402	-0.327143	-0.32214	-0.286786	-0.218588	-0.10957	0.0501246	0.238931	0.419545	0.58926	0.754399	0.899205	1.02843	1.12521	1.17812	1.20793	1.21874	1.23186	1.25384	1.27126	1.27978	1.28846	1.31214	1.36053	1.3969	1.39136	1.32588	1.18449	0.991343	0.751041	0.466772	0.163167	-0.142087	-0.415655	-0.621832	-0.764621	-0.840351	-0.84597	-0.794406	-0.702614	-0.601687	-0.513882	-0.466782	-0.481772	-0.548749	-0.638354	-0.735368	-0.818206	-0.853587	-0.853587	
-0.353359	-0.395494	-0.400184	-0.371693	-0.304256	-0.189014	-0.0265147	0.170106	0.359533	0.53348	0.687924	0.815621	0.91402	0.97586	1.00218	1.00827	1.005	1.00319	1.018	1.03454	1.04579	1.06552	1.11073	1.18536	1.25618	1.3025	1.29206	1.20357	1.0548	0.847726	0.585533	0.287854	-0.010684	-0.282527	-0.503333	-0.665421	-0.766184	-0.794406	-0.767054	-0.69009	-0.581224	-0.484309	-0.423273	-0.41382	-0.448573	-0.515417	-0.597138	-0.661633	-0.700313	-0.700313	
-0.376928	-0.434972	-0.453888	-0.431923	-0.369518	-0.255069	-0.0944098	0.0936506	0.287075	0.459391	0.601584	0.71078	0.774813	0.801266	0.80019	0.77776	0.755108	0.736198	0.731737	0.742952	0.756103	0.785742	0.852461	0.945204	1.04743	1.13849	1.1749	1.14076	1.03933	0.871081	0.63934	0.368438	0.096443	-0.161218	-0.381482	-0.54437	-0.652878	-0.702614	-0.69009	-0.618882	-0.51078	-0.407101	-0.331926	-0.293045	-0.296612	-0.338173	-0.391441	-0.438703	-0.475793	-0.475793	
-0.370517	-0.452121	-0.491575	-0.484978	-0.432692	-0.323826	-0.171205	0.00481504	0.196534	0.365643	0.494388	0.581792	0.615583	0.607261	0.579167	0.535463	0.493694	0.460446	0.440051	0.441539	0.458575	0.497904	0.574866	0.678614	0.802833	0.921695	0.995368	1.01013	0.952967	0.823735	0.628759	0.392552	0.14704	-0.087387	-0.290333	-0.441461	-0.546841	-0.601687	-0.581224	-0.51078	-0.409431	-0.288092	-0.184266	-0.117585	-0.0946836	-0.10728	-0.135703	-0.167073	-0.187474	-0.187474	
-0.359418	-0.462396	-0.524478	-0.54051	-0.497097	-0.399323	-0.265389	-0.0966416	0.0875708	0.252491	0.377255	0.445638	0.453657	0.419587	0.366648	0.30464	0.250881	0.204243	0.170757	0.165226	0.184615	0.229055	0.30999	0.416718	0.549709	0.683013	0.78218	0.833805	0.813783	0.714604	0.552276	0.351254	0.12983	-0.0717243	-0.244835	-0.383238	-0.474632	-0.513882	-0.484309	-0.407101	-0.288092	-0.146832	-0.0209486	0.0798719	0.145622	0.176857	0.178455	0.166562	0.161564	0.161564	
-0.351885	-0.479345	-0.571704	-0.606932	-0.573028	-0.488239	-0.357347	-0.196064	-0.0215711	0.13969	0.257319	0.314276	0.310365	0.259611	0.192749	0.120358	0.0501816	-0.00949242	-0.0568156	-0.07175	-0.0522538	-0.000348104	0.08152	0.189942	0.322145	0.450625	0.562129	0.630661	0.632858	0.560993	0.427105	0.258207	0.0668816	-0.112628	-0.266287	-0.384987	-0.455938	-0.466782	-0.423273	-0.331926	-0.184266	-0.0209486	0.142137	0.293175	0.410671	0.494237	0.539264	0.560456	0.564621	0.564621	
-0.364505	-0.520153	-0.634564	-0.686679	-0.666941	-0.589281	-0.4566	-0.298651	-0.12372	0.0392182	0.154826	0.209461	0.199436	0.139434	0.0638517	-0.0181334	-0.0971413	-0.168659	-0.22246	-0.241761	-0.22563	-0.171153	-0.0902168	0.0120276	0.130977	0.251785	0.361794	0.437331	0.448786	0.395268	0.281508	0.125514	-0.0435427	-0.208572	-0.34646	-0.443686	-0.494422	-0.481772	-0.41382	-0.293045	-0.117585	0.0798719	0.293175	0.504004	0.683355	0.821854	0.918145	0.980874	1.00143	1.00143	
-0.393955	-0.576533	-0.71417	-0.78034	-0.772435	-0.697394	-0.55958	-0.393122	-0.213311	-0.0474918	0.0758482	0.133292	0.125663	0.0673334	-0.0112268	-0.10228	-0.18685	-0.266096	-0.324399	-0.344092	-0.331384	-0.278796	-0.196489	-0.104704	-0.00369264	0.107722	0.206288	0.274394	0.289291	0.243487	0.133962	-0.0135443	-0.174114	-0.334825	-0.462515	-0.547569	-0.582088	-0.548749	-0.448573	-0.296612	-0.0946836	0.145622	0.410671	0.683355	0.93254	1.13806	1.29058	1.39058	1.43527	1.43527	
-0.438708	-0.647264	-0.804405	-0.887619	-0.889419	-0.806731	-0.660567	-0.478876	-0.290129	-0.120766	0.00834578	0.075375	0.0804362	0.0378285	-0.036022	-0.126526	-0.217641	-0.301631	-0.362034	-0.385947	-0.371526	-0.317973	-0.234005	-0.149195	-0.0654024	0.0259083	0.103593	0.152978	0.163731	0.115048	0.00645818	-0.135973	-0.298517	-0.460747	-0.596592	-0.678826	-0.692639	-0.638354	-0.515417	-0.338173	-0.10728	0.176857	0.494237	0.821854	1.13806	1.41306	1.61787	1.75136	1.81791	1.81791	
-0.493977	-0.723106	-0.891073	-0.990753	-1.00178	-0.91207	-0.762303	-0.566088	-0.361688	-0.18014	-0.0405744	0.0413779	0.0621691	0.0373439	-0.0332092	-0.118561	-0.210142	-0.29035	-0.342614	-0.368658	-0.350199	-0.29717	-0.222187	-0.145426	-0.0759621	-0.0070184	0.0535043	0.0885751	0.0866813	0.0262309	-0.0855458	-0.237754	-0.411321	-0.574662	-0.717819	-0.799104	-0.799888	-0.735368	-0.597138	-0.391441	-0.135703	0.178455	0.539264	0.918145	1.29058	1.61787	1.87041	2.03737	2.12238	2.12238	
-0.539192	-0.778383	-0.969161	-1.07867	-1.09126	-1.00317	-0.83969	-0.63209	-0.418224	-0.226516	-0.0819099	0.0105424	0.0537664	0.0446683	-0.0129623	-0.0917109	-0.182672	-0.255627	-0.3052	-0.330312	-0.307914	-0.249877	-0.182392	-0.108541	-0.0469131	-0.00310783	0.0403472	0.0602105	0.0408878	-0.0268422	-0.142845	-0.303389	-0.485841	-0.663087	-0.809947	-0.892572	-0.896522	-0.818206	-0.661633	-0.438703	-0.167073	0.166562	0.560456	0.980874	1.39058	1.75136	2.03737	2.22744	2.32441	2.32441	
-0.570451	-0.809945	-1.01172	-1.12976	-1.13902	-1.0543	-0.887039	-0.671312	-0.451142	-0.252841	-0.102005	-0.00124908	0.052642	0.0540832	0.00632347	-0.074898	-0.157723	-0.226419	-0.277184	-0.295735	-0.272731	-0.216475	-0.149749	-0.0808406	-0.0260453	0.00879252	0.0376777	0.0534157	0.0239107	-0.0514366	-0.17182	-0.338252	-0.523405	-0.709257	-0.856199	-0.945269	-0.946136	-0.853587	-0.700313	-0.475793	-0.187474	0.161564	0.564621	1.00143	1.43527	1.81791	2.12238	2.32441	2.42549	2.42549	
-0.570451	-0.809945	-1.01172	-1.12976	-1.13902	-1.0543	-0.887039	-0.671312	-0.451142	-0.252841	-0.102005	-0.00124908	0.052642	0.0540832	0.00632347	-0.074898	-0.157723	-0.226419	-0.277184	-0.295735	-0.272731	-0.216475	-0.149749	-0.0808406	-0.0260453	0.00879252	0.0376777	0.0534157	0.0239107	-0.0514366	-0.17182	-0.338252	-0.523405	-0.709257	-0.856199	-0.945269	-0.946136	-0.853587	-0.700313	-0.475793	-0.187474	0.161564	0.564621	1.00143	1.43527	1.81791	2.12238	2.32441	2.42549	2.42549	
