-0.0445661	-0.0445661	-0.0421433	-0.0457647	-0.041163	-0.0442051	-0.0431432	-0.0417367	-0.0450863	-0.0427471	-0.043631	-0.0454813	-0.0427555	-0.0441494	-0.0447015	-0.0430064	-0.0452927	-0.0456054	-0.0449274	-0.047567	-0.0447154	-0.0444176	-0.0489513	-0.0455874	-0.0471309	-0.0474598	-0.0486512	-0.0452333	-0.0488082	-0.046348	-0.0406822	-0.037794	-0.0263142	0.000658285	0.0332382	0.0912433	0.187358	0.312147	0.476515	0.6809	0.897349	1.09258	1.22941	1.2692	1.17868	0.952227	0.627089	0.264588	-0.0973646	-0.419693	
-0.0445661	-0.0445661	-0.0421433	-0.0457647	-0.041163	-0.0442051	-0.0431432	-0.0417367	-0.0450863	-0.0427471	-0.043631	-0.0454813	-0.0427555	-0.0441494	-0.0447015	-0.0430064	-0.0452927	-0.0456054	-0.0449274	-0.047567	-0.0447154	-0.0444176	-0.0489513	-0.0455874	-0.0471309	-0.0474598	-0.0486512	-0.0452333	-0.0488082	-0.046348	-0.0406822	-0.037794	-0.0263142	0.000658285	0.0332382	0.0912433	0.187358	0.312147	0.476515	0.6809	0.897349	1.09258	1.22941	1.2692	1.17868	0.952227	0.627089	0.264588	-0.0973646	-0.419693	
-0.0421433	-0.0421433	-0.0406501	-0.0443748	-0.0427309	-0.0447222	-0.0452971	-0.044088	-0.0452284	-0.0428727	-0.0441567	-0.0437019	-0.0429187	-0.047069	-0.0448627	-0.0450934	-0.046232	-0.0446465	-0.040679	-0.0455861	-0.0464192	-0.045871	-0.0464088	-0.0439507	-0.0463961	-0.0469153	-0.0464556	-0.0453974	-0.0475544	-0.0455782	-0.0387036	-0.0372214	-0.0242884	0.00101384	0.0359195	0.0932614	0.189072	0.313669	0.478089	0.680955	0.894794	1.08921	1.22378	1.26302	1.17254	0.948576	0.627769	0.265885	-0.0929365	-0.414483	
-0.0457647	-0.0457647	-0.0443748	-0.0450858	-0.0417286	-0.0429712	-0.0416802	-0.0411467	-0.0437399	-0.0434902	-0.0435105	-0.0459097	-0.0436874	-0.0422584	-0.0441928	-0.0422519	-0.0446519	-0.0453625	-0.0487928	-0.0480843	-0.0443085	-0.0440892	-0.0489015	-0.0473779	-0.0478194	-0.0480337	-0.0492227	-0.0463197	-0.0482437	-0.0465904	-0.0428914	-0.036751	-0.0249044	0.0001045	0.0347761	0.0948612	0.188425	0.313447	0.478067	0.67671	0.888686	1.07843	1.21252	1.24859	1.16043	0.942915	0.628701	0.273617	-0.0832449	-0.398247	
-0.041163	-0.041163	-0.0427309	-0.0417286	-0.0449999	-0.0439582	-0.0452313	-0.0456289	-0.0438211	-0.0441023	-0.0438154	-0.0426385	-0.0444525	-0.0453547	-0.0455633	-0.0461387	-0.0454503	-0.0448929	-0.0423532	-0.0432962	-0.0460519	-0.048156	-0.0449141	-0.0459058	-0.0458233	-0.0459688	-0.0459718	-0.0479352	-0.0464131	-0.0440293	-0.0403121	-0.0349972	-0.0220214	0.00187366	0.0394755	0.10049	0.191159	0.317827	0.480532	0.675959	0.880584	1.06752	1.19565	1.22964	1.14239	0.932572	0.62953	0.279272	-0.0700772	-0.380491	
-0.0442051	-0.0442051	-0.0447222	-0.0429712	-0.0439582	-0.0425569	-0.042606	-0.0435979	-0.0426751	-0.0444772	-0.0443903	-0.0442632	-0.0448445	-0.0438154	-0.0437089	-0.0437863	-0.0445787	-0.0445388	-0.0468926	-0.046651	-0.0464287	-0.0449393	-0.0452674	-0.0470209	-0.0475885	-0.0484894	-0.047648	-0.0466644	-0.0455513	-0.0462926	-0.0430848	-0.0336141	-0.0202191	0.000927429	0.0417903	0.103624	0.193395	0.319291	0.482245	0.670194	0.870039	1.04951	1.17345	1.20302	1.11884	0.919958	0.629971	0.290129	-0.0509466	-0.352812	
-0.0431432	-0.0431432	-0.0452971	-0.0416802	-0.0452313	-0.042606	-0.0432806	-0.0444244	-0.0418531	-0.0449952	-0.0431952	-0.0429671	-0.0464692	-0.0422524	-0.0455337	-0.046357	-0.0439341	-0.0458357	-0.0477865	-0.043636	-0.0454164	-0.0484712	-0.0455517	-0.0499562	-0.0464427	-0.0455032	-0.0470095	-0.0507158	-0.0461423	-0.0435506	-0.0429698	-0.0320926	-0.0198876	0.00342416	0.0451602	0.109721	0.195537	0.324257	0.483209	0.665933	0.856789	1.0294	1.14549	1.17085	1.0895	0.90297	0.628117	0.301052	-0.0287132	-0.321407	
-0.0417367	-0.0417367	-0.044088	-0.0411467	-0.0456289	-0.0435979	-0.0444244	-0.0467362	-0.0431598	-0.0456102	-0.0447725	-0.0425855	-0.0456049	-0.0436617	-0.0445955	-0.0455139	-0.0433446	-0.0456512	-0.0433944	-0.0436738	-0.0471172	-0.0469379	-0.0423817	-0.0467685	-0.0457788	-0.0478374	-0.0469774	-0.0469214	-0.0431947	-0.0446607	-0.0426105	-0.0290881	-0.0162409	0.00572264	0.0510321	0.115767	0.201193	0.330234	0.485927	0.661982	0.843418	1.00762	1.1138	1.1348	1.05639	0.882758	0.625281	0.312676	-0.00197197	-0.285559	
-0.0450863	-0.0450863	-0.0452284	-0.0437399	-0.0438211	-0.0426751	-0.0418531	-0.0431598	-0.0414085	-0.0442788	-0.0438543	-0.0438779	-0.0466565	-0.0436272	-0.0450582	-0.0464115	-0.0437832	-0.0470798	-0.047731	-0.0463446	-0.0475235	-0.0464059	-0.0464551	-0.0503215	-0.0476826	-0.0466672	-0.0479658	-0.0494763	-0.0457361	-0.0448644	-0.0424434	-0.0289237	-0.0160431	0.00726985	0.0550247	0.11933	0.205856	0.333731	0.486293	0.653958	0.826962	0.979446	1.07566	1.09135	1.01649	0.857318	0.617687	0.325286	0.027992	-0.244647	
-0.0427471	-0.0427471	-0.0428727	-0.0434902	-0.0441023	-0.0444772	-0.0449952	-0.0456102	-0.0442788	-0.0455236	-0.0442903	-0.0429696	-0.0457671	-0.0425669	-0.0445126	-0.0460687	-0.042932	-0.0458983	-0.0455027	-0.0434304	-0.0457379	-0.0469568	-0.04458	-0.0482191	-0.0457084	-0.0466923	-0.0469184	-0.0489039	-0.044011	-0.0432851	-0.0403914	-0.027199	-0.0133699	0.0127981	0.0611144	0.126436	0.213711	0.341546	0.488754	0.650097	0.812388	0.952573	1.03694	1.04661	0.975472	0.828537	0.608612	0.337332	0.0602742	-0.202753	
-0.043631	-0.043631	-0.0441567	-0.0435105	-0.0438154	-0.0443903	-0.0431952	-0.0447725	-0.0438543	-0.0442903	-0.0444097	-0.0449481	-0.0443166	-0.0453416	-0.0458565	-0.0454827	-0.0448653	-0.0477205	-0.0432809	-0.0461302	-0.0483829	-0.0458473	-0.0469005	-0.0465735	-0.0467862	-0.0483007	-0.0488674	-0.0458515	-0.0443047	-0.0448752	-0.0396493	-0.0260505	-0.0104035	0.0160326	0.0662002	0.130989	0.222338	0.346269	0.489788	0.64335	0.795072	0.921199	0.992433	0.996798	0.927578	0.793829	0.59338	0.348315	0.0923849	-0.157522	
-0.0454813	-0.0454813	-0.0437019	-0.0459097	-0.0426385	-0.0442632	-0.0429671	-0.0425855	-0.0438779	-0.0429696	-0.0449481	-0.0448089	-0.0451585	-0.0462901	-0.0440792	-0.0455695	-0.0458102	-0.044674	-0.048642	-0.0474481	-0.0463891	-0.04564	-0.0486084	-0.0477922	-0.0494037	-0.0470146	-0.0460444	-0.0491129	-0.0475201	-0.0431141	-0.0361405	-0.0273815	-0.0088239	0.0207801	0.0712716	0.13646	0.231477	0.351143	0.491575	0.636854	0.778738	0.887722	0.947882	0.943812	0.878027	0.75384	0.575593	0.357227	0.12534	-0.112441	
-0.0427555	-0.0427555	-0.0429187	-0.0436874	-0.0444525	-0.0448445	-0.0464692	-0.0456049	-0.0466565	-0.0457671	-0.0443166	-0.0451585	-0.0422197	-0.0448958	-0.0436527	-0.0445209	-0.0470098	-0.0433827	-0.0455724	-0.0440147	-0.0459596	-0.0460544	-0.0479774	-0.0447493	-0.0466002	-0.0482438	-0.0483555	-0.0469593	-0.0438275	-0.0424548	-0.0363056	-0.0264723	-0.00341038	0.0263467	0.0762468	0.144121	0.242426	0.357385	0.494879	0.632963	0.763054	0.855796	0.903073	0.891493	0.825696	0.711023	0.553742	0.36425	0.154971	-0.0672298	
-0.0441494	-0.0441494	-0.047069	-0.0422584	-0.0453547	-0.0438154	-0.0422524	-0.0436617	-0.0436272	-0.0425669	-0.0453416	-0.0462901	-0.0448958	-0.0484561	-0.0470927	-0.0454968	-0.048426	-0.0451262	-0.0487469	-0.0471627	-0.0463508	-0.0487343	-0.0486853	-0.0459139	-0.0500121	-0.0482737	-0.046014	-0.0463958	-0.0481628	-0.041489	-0.034423	-0.02441	-0.00182716	0.0313941	0.0793908	0.152796	0.24973	0.36289	0.495327	0.627776	0.743412	0.8209	0.854726	0.834198	0.767496	0.660326	0.525479	0.365172	0.179054	-0.0219007	
-0.0447015	-0.0447015	-0.0448627	-0.0441928	-0.0455633	-0.0437089	-0.0455337	-0.0445955	-0.0450582	-0.0445126	-0.0458565	-0.0440792	-0.0436527	-0.0470927	-0.0411745	-0.0448844	-0.0476242	-0.0404872	-0.0489111	-0.0468998	-0.0471159	-0.0468437	-0.0468225	-0.0462601	-0.0505019	-0.047923	-0.0471317	-0.0494766	-0.0469063	-0.0397578	-0.034401	-0.0260136	0.00238464	0.0350223	0.0845707	0.160386	0.259	0.368178	0.499599	0.623661	0.727334	0.789117	0.81065	0.779975	0.710787	0.609965	0.497381	0.362722	0.201939	0.0213324	
-0.0430064	-0.0430064	-0.0450934	-0.0422519	-0.0461387	-0.0437863	-0.046357	-0.0455139	-0.0464115	-0.0460687	-0.0454827	-0.0455695	-0.0445209	-0.0454968	-0.0448844	-0.0477145	-0.0472807	-0.0463447	-0.0496909	-0.0432895	-0.0434965	-0.0495106	-0.0475799	-0.0482464	-0.0471739	-0.0475701	-0.0467569	-0.0473324	-0.0445303	-0.0396487	-0.0342153	-0.0213375	0.00712486	0.0396459	0.0898315	0.171217	0.266196	0.376124	0.502415	0.620902	0.708714	0.758761	0.764354	0.724259	0.648748	0.554862	0.46118	0.35155	0.21479	0.0612886	
-0.0452927	-0.0452927	-0.046232	-0.0446519	-0.0454503	-0.0445787	-0.0439341	-0.0433446	-0.0437832	-0.042932	-0.0448653	-0.0458102	-0.0470098	-0.048426	-0.0476242	-0.0472807	-0.0454229	-0.0445059	-0.0469485	-0.0481869	-0.0501094	-0.0507061	-0.0455007	-0.0474791	-0.0492761	-0.049451	-0.0477591	-0.0478627	-0.0472594	-0.0389825	-0.033686	-0.0195505	0.00722778	0.0428248	0.0954957	0.17871	0.271498	0.382565	0.505454	0.615305	0.691376	0.728424	0.720162	0.668055	0.58674	0.498813	0.421403	0.334396	0.22252	0.0994695	
-0.0456054	-0.0456054	-0.0446465	-0.0453625	-0.0448929	-0.0445388	-0.0458357	-0.0456512	-0.0470798	-0.0458983	-0.0477205	-0.044674	-0.0433827	-0.0451262	-0.0404872	-0.0463447	-0.0445059	-0.0507015	-0.0460384	-0.047668	-0.0461845	-0.0461047	-0.0465563	-0.0510538	-0.0494922	-0.0484185	-0.048062	-0.0486123	-0.0450134	-0.0401061	-0.0333434	-0.0186024	0.0111911	0.0453242	0.102961	0.184761	0.278941	0.390671	0.508986	0.611888	0.676182	0.703349	0.678306	0.615919	0.527207	0.443879	0.379964	0.309811	0.226441	0.132096	
-0.0449274	-0.0449274	-0.040679	-0.0487928	-0.0423532	-0.0468926	-0.0477865	-0.0433944	-0.047731	-0.0455027	-0.0432809	-0.048642	-0.0455724	-0.0487469	-0.0489111	-0.0496909	-0.0469485	-0.0460384	-0.0461544	-0.0472624	-0.0473614	-0.0460115	-0.0520239	-0.0475566	-0.0457872	-0.0475756	-0.0487543	-0.0460046	-0.0442026	-0.0398517	-0.0297998	-0.0142872	0.0134287	0.0496675	0.112322	0.190309	0.287942	0.397622	0.514169	0.605754	0.664333	0.676285	0.638052	0.562164	0.466198	0.3865	0.328133	0.276616	0.218716	0.155785	
-0.047567	-0.047567	-0.0455861	-0.0480843	-0.0432962	-0.046651	-0.043636	-0.0436738	-0.0463446	-0.0434304	-0.0461302	-0.0474481	-0.0440147	-0.0471627	-0.0468998	-0.0432895	-0.0481869	-0.047668	-0.0472624	-0.0482602	-0.0512249	-0.0493188	-0.0505044	-0.0455307	-0.0510508	-0.0520562	-0.049954	-0.0471514	-0.047266	-0.040785	-0.0300871	-0.0153944	0.0118129	0.0540895	0.116087	0.192737	0.293948	0.403958	0.51502	0.60007	0.652816	0.651362	0.600795	0.511854	0.411493	0.330786	0.277117	0.240961	0.209061	0.176121	
-0.0447154	-0.0447154	-0.0464192	-0.0443085	-0.0460519	-0.0464287	-0.0454164	-0.0471172	-0.0475235	-0.0457379	-0.0483829	-0.0463891	-0.0459596	-0.0463508	-0.0471159	-0.0434965	-0.0501094	-0.0461845	-0.0473614	-0.0512249	-0.0457947	-0.0442707	-0.0491573	-0.049308	-0.050451	-0.0489313	-0.0478099	-0.0453836	-0.0459889	-0.0393284	-0.0289896	-0.01168	0.0145023	0.0618015	0.119211	0.200545	0.302302	0.412843	0.515923	0.599506	0.643789	0.629795	0.566901	0.465297	0.360514	0.273392	0.221884	0.198295	0.18963	0.183476	
-0.0444176	-0.0444176	-0.045871	-0.0440892	-0.048156	-0.0449393	-0.0484712	-0.0469379	-0.0464059	-0.0469568	-0.0458473	-0.04564	-0.0460544	-0.0487343	-0.0468437	-0.0495106	-0.0507061	-0.0461047	-0.0460115	-0.0493188	-0.0442707	-0.0519151	-0.0528143	-0.047985	-0.0481507	-0.04883	-0.0481817	-0.047833	-0.0479011	-0.0385999	-0.0252724	-0.0126696	0.0159518	0.0652847	0.123425	0.205533	0.309533	0.417195	0.516774	0.599161	0.63297	0.61021	0.533211	0.424627	0.310374	0.217265	0.16515	0.152147	0.165344	0.178383	
-0.0489513	-0.0489513	-0.0464088	-0.0489015	-0.0449141	-0.0452674	-0.0455517	-0.0423817	-0.0464551	-0.04458	-0.0469005	-0.0486084	-0.0479774	-0.0486853	-0.0468225	-0.0475799	-0.0455007	-0.0465563	-0.0520239	-0.0505044	-0.0491573	-0.0528143	-0.048197	-0.0459255	-0.0520097	-0.0523325	-0.051458	-0.0475786	-0.0455687	-0.037743	-0.0289292	-0.0145954	0.0201933	0.0685302	0.124011	0.209719	0.315714	0.419505	0.518504	0.596823	0.623816	0.590202	0.504981	0.386603	0.264542	0.162501	0.109309	0.106165	0.133104	0.164263	
-0.0455874	-0.0455874	-0.0439507	-0.0473779	-0.0459058	-0.0470209	-0.0499562	-0.0467685	-0.0503215	-0.0482191	-0.0465735	-0.0477922	-0.0447493	-0.0459139	-0.0462601	-0.0482464	-0.0474791	-0.0510538	-0.0475566	-0.0455307	-0.049308	-0.047985	-0.0459255	-0.05299	-0.0527462	-0.048386	-0.0465885	-0.0473128	-0.0464047	-0.0397633	-0.026821	-0.0100641	0.024489	0.0679002	0.128108	0.21832	0.321686	0.422705	0.522875	0.598095	0.616515	0.576106	0.481715	0.356169	0.222565	0.112218	0.0566027	0.0583551	0.0928023	0.137651	
-0.0471309	-0.0471309	-0.0463961	-0.0478194	-0.0458233	-0.0475885	-0.0464427	-0.0457788	-0.0476826	-0.0457084	-0.0467862	-0.0494037	-0.0466002	-0.0500121	-0.0505019	-0.0471739	-0.0492761	-0.0494922	-0.0457872	-0.0510508	-0.050451	-0.0481507	-0.0520097	-0.0527462	-0.0460024	-0.0488729	-0.0513259	-0.0493376	-0.0454441	-0.0373134	-0.0262017	-0.00907504	0.0234619	0.0693918	0.133727	0.223402	0.321739	0.426007	0.526487	0.595978	0.607318	0.561913	0.460442	0.326214	0.181607	0.0639253	0.00546478	0.00868086	0.0435757	0.105398	
-0.0474598	-0.0474598	-0.0469153	-0.0480337	-0.0459688	-0.0484894	-0.0455032	-0.0478374	-0.0466672	-0.0466923	-0.0483007	-0.0470146	-0.0482438	-0.0482737	-0.047923	-0.0475701	-0.049451	-0.0484185	-0.0475756	-0.0520562	-0.0489313	-0.04883	-0.0523325	-0.048386	-0.0488729	-0.0518323	-0.0527718	-0.0461681	-0.0443815	-0.0375352	-0.0289363	-0.00725774	0.0246124	0.0721958	0.137523	0.224528	0.323904	0.431571	0.529581	0.592531	0.601493	0.552262	0.443644	0.30105	0.146045	0.0234449	-0.040082	-0.041602	-0.00849313	0.0676123	
-0.0486512	-0.0486512	-0.0464556	-0.0492227	-0.0459718	-0.047648	-0.0470095	-0.0469774	-0.0479658	-0.0469184	-0.0488674	-0.0460444	-0.0483555	-0.046014	-0.0471317	-0.0467569	-0.0477591	-0.048062	-0.0487543	-0.049954	-0.0478099	-0.0481817	-0.051458	-0.0465885	-0.0513259	-0.0527718	-0.0493101	-0.0426697	-0.0461209	-0.0414481	-0.0255848	-0.00293819	0.0241442	0.0730221	0.141279	0.226444	0.328037	0.436111	0.530817	0.589976	0.599933	0.543966	0.431441	0.277869	0.118679	-0.0117771	-0.0801422	-0.0933731	-0.0607479	0.0262791	
-0.0452333	-0.0452333	-0.0453974	-0.0463197	-0.0479352	-0.0466644	-0.0507158	-0.0469214	-0.0494763	-0.0489039	-0.0458515	-0.0491129	-0.0469593	-0.0463958	-0.0494766	-0.0473324	-0.0478627	-0.0486123	-0.0460046	-0.0471514	-0.0453836	-0.047833	-0.0475786	-0.0473128	-0.0493376	-0.0461681	-0.0426697	-0.0457717	-0.0460449	-0.0338503	-0.0170701	-0.00414081	0.0249366	0.0813032	0.147384	0.229026	0.333453	0.442357	0.532228	0.591901	0.598785	0.53941	0.419539	0.259989	0.094566	-0.041468	-0.120626	-0.146085	-0.113099	-0.0208506	
-0.0488082	-0.0488082	-0.0475544	-0.0482437	-0.0464131	-0.0455513	-0.0461423	-0.0431947	-0.0457361	-0.044011	-0.0443047	-0.0475201	-0.0438275	-0.0481628	-0.0469063	-0.0445303	-0.0472594	-0.0450134	-0.0442026	-0.047266	-0.0459889	-0.0479011	-0.0455687	-0.0464047	-0.0454441	-0.0443815	-0.0461209	-0.0460449	-0.0386533	-0.030318	-0.0209666	-0.00550995	0.0321901	0.0859989	0.144836	0.230119	0.339297	0.444469	0.531223	0.592718	0.597641	0.535024	0.409839	0.246631	0.0775417	-0.0644728	-0.156766	-0.190534	-0.1585	-0.065653	
-0.046348	-0.046348	-0.0455782	-0.0465904	-0.0440293	-0.0462926	-0.0435506	-0.0446607	-0.0448644	-0.0432851	-0.0448752	-0.0431141	-0.0424548	-0.041489	-0.0397578	-0.0396487	-0.0389825	-0.0401061	-0.0398517	-0.040785	-0.0393284	-0.0385999	-0.037743	-0.0397633	-0.0373134	-0.0375352	-0.0414481	-0.0338503	-0.030318	-0.0259059	-0.0154196	0.00744705	0.0417806	0.0901287	0.150306	0.243201	0.348974	0.44939	0.537683	0.601865	0.602976	0.5375	0.407784	0.243624	0.0696413	-0.0808628	-0.187482	-0.226236	-0.199828	-0.114028	
-0.0406822	-0.0406822	-0.0387036	-0.0428914	-0.0403121	-0.0430848	-0.0429698	-0.0426105	-0.0424434	-0.0403914	-0.0396493	-0.0361405	-0.0363056	-0.034423	-0.034401	-0.0342153	-0.033686	-0.0333434	-0.0297998	-0.0300871	-0.0289896	-0.0252724	-0.0289292	-0.026821	-0.0262017	-0.0289363	-0.0255848	-0.0170701	-0.0209666	-0.0154196	0.00111691	0.0216258	0.0522959	0.10017	0.166389	0.257363	0.358242	0.457491	0.551577	0.612297	0.611073	0.541532	0.412497	0.245486	0.0672866	-0.0956866	-0.210309	-0.253932	-0.236899	-0.164359	
-0.037794	-0.037794	-0.0372214	-0.036751	-0.0349972	-0.0336141	-0.0320926	-0.0290881	-0.0289237	-0.027199	-0.0260505	-0.0273815	-0.0264723	-0.02441	-0.0260136	-0.0213375	-0.0195505	-0.0186024	-0.0142872	-0.0153944	-0.01168	-0.0126696	-0.0145954	-0.0100641	-0.00907504	-0.00725774	-0.00293819	-0.00414081	-0.00550995	0.00744705	0.0216258	0.0386703	0.0694433	0.119414	0.185775	0.273687	0.371402	0.475116	0.569118	0.626539	0.622575	0.554076	0.425176	0.256151	0.0705869	-0.1015	-0.219149	-0.269104	-0.266615	-0.208361	
-0.0263142	-0.0263142	-0.0242884	-0.0249044	-0.0220214	-0.0202191	-0.0198876	-0.0162409	-0.0160431	-0.0133699	-0.0104035	-0.0088239	-0.00341038	-0.00182716	0.00238464	0.00712486	0.00722778	0.0111911	0.0134287	0.0118129	0.0145023	0.0159518	0.0201933	0.024489	0.0234619	0.0246124	0.0241442	0.0249366	0.0321901	0.0417806	0.0522959	0.0694433	0.100567	0.151064	0.218593	0.301483	0.400116	0.506601	0.599304	0.652833	0.650591	0.583827	0.455202	0.281838	0.088715	-0.0875624	-0.207796	-0.269957	-0.285958	-0.24144	
0.000658285	0.000658285	0.00101384	0.0001045	0.00187366	0.000927429	0.00342416	0.00572264	0.00726985	0.0127981	0.0160326	0.0207801	0.0263467	0.0313941	0.0350223	0.0396459	0.0428248	0.0453242	0.0496675	0.0540895	0.0618015	0.0652847	0.0685302	0.0679002	0.0693918	0.0721958	0.0730221	0.0813032	0.0859989	0.0901287	0.10017	0.119414	0.151064	0.204918	0.265072	0.344616	0.44671	0.555403	0.640336	0.693696	0.69327	0.628173	0.495584	0.31664	0.118159	-0.0590683	-0.185917	-0.26448	-0.297385	-0.261017	
0.0332382	0.0332382	0.0359195	0.0347761	0.0394755	0.0417903	0.0451602	0.0510321	0.0550247	0.0611144	0.0662002	0.0712716	0.0762468	0.0793908	0.0845707	0.0898315	0.0954957	0.102961	0.112322	0.116087	0.119211	0.123425	0.124011	0.128108	0.133727	0.137523	0.141279	0.147384	0.144836	0.150306	0.166389	0.185775	0.218593	0.265072	0.320145	0.404435	0.512597	0.61152	0.693197	0.750744	0.7549	0.687254	0.551731	0.370204	0.172004	-0.00577781	-0.14372	-0.23816	-0.281118	-0.252646	
0.0912433	0.0912433	0.0932614	0.0948612	0.10049	0.103624	0.109721	0.115767	0.11933	0.126436	0.130989	0.13646	0.144121	0.152796	0.160386	0.171217	0.17871	0.184761	0.190309	0.192737	0.200545	0.205533	0.209719	0.21832	0.223402	0.224528	0.226444	0.229026	0.230119	0.243201	0.257363	0.273687	0.301483	0.344616	0.404435	0.496193	0.593929	0.685423	0.772658	0.837389	0.838461	0.767718	0.631901	0.451024	0.254411	0.0696936	-0.0821624	-0.188486	-0.238208	-0.22003	
0.187358	0.187358	0.189072	0.188425	0.191159	0.193395	0.195537	0.201193	0.205856	0.213711	0.222338	0.231477	0.242426	0.24973	0.259	0.266196	0.271498	0.278941	0.287942	0.293948	0.302302	0.309533	0.315714	0.321686	0.321739	0.323904	0.328037	0.333453	0.339297	0.348974	0.358242	0.371402	0.400116	0.44671	0.512597	0.593929	0.682576	0.779199	0.876468	0.936991	0.933928	0.864947	0.732275	0.554393	0.35531	0.160664	-0.00279482	-0.114297	-0.169303	-0.167513	
0.312147	0.312147	0.313669	0.313447	0.317827	0.319291	0.324257	0.330234	0.333731	0.341546	0.346269	0.351143	0.357385	0.36289	0.368178	0.376124	0.382565	0.390671	0.397622	0.403958	0.412843	0.417195	0.419505	0.422705	0.426007	0.431571	0.436111	0.442357	0.444469	0.44939	0.457491	0.475116	0.506601	0.555403	0.61152	0.685423	0.779199	0.886632	0.97941	1.03445	1.03507	0.972546	0.844834	0.668724	0.466015	0.261979	0.0958227	-0.0153826	-0.0792434	-0.0933286	
0.476515	0.476515	0.478089	0.478067	0.480532	0.482245	0.483209	0.485927	0.486293	0.488754	0.489788	0.491575	0.494879	0.495327	0.499599	0.502415	0.505454	0.508986	0.514169	0.51502	0.515923	0.516774	0.518504	0.522875	0.526487	0.529581	0.530817	0.532228	0.531223	0.537683	0.551577	0.569118	0.599304	0.640336	0.693197	0.772658	0.876468	0.97941	1.06695	1.12728	1.13757	1.082	0.959637	0.786943	0.578905	0.373645	0.211728	0.0985342	0.0228174	-0.00773555	
0.6809	0.6809	0.680955	0.67671	0.675959	0.670194	0.665933	0.661982	0.653958	0.650097	0.64335	0.636854	0.632963	0.627776	0.623661	0.620902	0.615305	0.611888	0.605754	0.60007	0.599506	0.599161	0.596823	0.598095	0.595978	0.592531	0.589976	0.591901	0.592718	0.601865	0.612297	0.626539	0.652833	0.693696	0.750744	0.837389	0.936991	1.03445	1.12728	1.1976	1.21511	1.1659	1.05207	0.878873	0.671306	0.472764	0.3164	0.197036	0.10863	0.0713564	
0.897349	0.897349	0.894794	0.888686	0.880584	0.870039	0.856789	0.843418	0.826962	0.812388	0.795072	0.778738	0.763054	0.743412	0.727334	0.708714	0.691376	0.676182	0.664333	0.652816	0.643789	0.63297	0.623816	0.616515	0.607318	0.601493	0.599933	0.598785	0.597641	0.602976	0.611073	0.622575	0.650591	0.69327	0.7549	0.838461	0.933928	1.03507	1.13757	1.21511	1.23992	1.20268	1.09402	0.925185	0.727736	0.542103	0.387127	0.258979	0.168072	0.13074	
1.09258	1.09258	1.08921	1.07843	1.06752	1.04951	1.0294	1.00762	0.979446	0.952573	0.921199	0.887722	0.855796	0.8209	0.789117	0.758761	0.728424	0.703349	0.676285	0.651362	0.629795	0.61021	0.590202	0.576106	0.561913	0.552262	0.543966	0.53941	0.535024	0.5375	0.541532	0.554076	0.583827	0.628173	0.687254	0.767718	0.864947	0.972546	1.082	1.1659	1.20268	1.17236	1.07086	0.914551	0.735108	0.556534	0.396469	0.267095	0.180697	0.15025	
1.22941	1.22941	1.22378	1.21252	1.19565	1.17345	1.14549	1.1138	1.07566	1.03694	0.992433	0.947882	0.903073	0.854726	0.81065	0.764354	0.720162	0.678306	0.638052	0.600795	0.566901	0.533211	0.504981	0.481715	0.460442	0.443644	0.431441	0.419539	0.409839	0.407784	0.412497	0.425176	0.455202	0.495584	0.551731	0.631901	0.732275	0.844834	0.959637	1.05207	1.09402	1.07086	0.98345	0.848249	0.679677	0.4983	0.337375	0.213176	0.136825	0.111389	
1.2692	1.2692	1.26302	1.24859	1.22964	1.20302	1.17085	1.1348	1.09135	1.04661	0.996798	0.943812	0.891493	0.834198	0.779975	0.724259	0.668055	0.615919	0.562164	0.511854	0.465297	0.424627	0.386603	0.356169	0.326214	0.30105	0.277869	0.259989	0.246631	0.243624	0.245486	0.256151	0.281838	0.31664	0.370204	0.451024	0.554393	0.668724	0.786943	0.878873	0.925185	0.914551	0.848249	0.724762	0.553741	0.37038	0.21405	0.0992032	0.027384	0.00670926	
1.17868	1.17868	1.17254	1.16043	1.14239	1.11884	1.0895	1.05639	1.01649	0.975472	0.927578	0.878027	0.825696	0.767496	0.710787	0.648748	0.58674	0.527207	0.466198	0.411493	0.360514	0.310374	0.264542	0.222565	0.181607	0.146045	0.118679	0.094566	0.0775417	0.0696413	0.0672866	0.0705869	0.088715	0.118159	0.172004	0.254411	0.35531	0.466015	0.578905	0.671306	0.727736	0.735108	0.679677	0.553741	0.380254	0.200985	0.0534504	-0.0599812	-0.129985	-0.149717	
0.952227	0.952227	0.948576	0.942915	0.932572	0.919958	0.90297	0.882758	0.857318	0.828537	0.793829	0.75384	0.711023	0.660326	0.609965	0.554862	0.498813	0.443879	0.3865	0.330786	0.273392	0.217265	0.162501	0.112218	0.0639253	0.0234449	-0.0117771	-0.041468	-0.0644728	-0.0808628	-0.0956866	-0.1015	-0.0875624	-0.0590683	-0.00577781	0.0696936	0.160664	0.261979	0.373645	0.472764	0.542103	0.556534	0.4983	0.37038	0.200985	0.0303839	-0.117581	-0.234204	-0.307647	-0.333853	
0.627089	0.627089	0.627769	0.628701	0.62953	0.629971	0.628117	0.625281	0.617687	0.608612	0.59338	0.575593	0.553742	0.525479	0.497381	0.46118	0.421403	0.379964	0.328133	0.277117	0.221884	0.16515	0.109309	0.0566027	0.00546478	-0.040082	-0.0801422	-0.120626	-0.156766	-0.187482	-0.210309	-0.219149	-0.207796	-0.185917	-0.14372	-0.0821624	-0.00279482	0.0958227	0.211728	0.3164	0.387127	0.396469	0.337375	0.21405	0.0534504	-0.117581	-0.271136	-0.396619	-0.48068	-0.523856	
0.264588	0.264588	0.265885	0.273617	0.279272	0.290129	0.301052	0.312676	0.325286	0.337332	0.348315	0.357227	0.36425	0.365172	0.362722	0.35155	0.334396	0.309811	0.276616	0.240961	0.198295	0.152147	0.106165	0.0583551	0.00868086	-0.041602	-0.0933731	-0.146085	-0.190534	-0.226236	-0.253932	-0.269104	-0.269957	-0.26448	-0.23816	-0.188486	-0.114297	-0.0153826	0.0985342	0.197036	0.258979	0.267095	0.213176	0.0992032	-0.0599812	-0.234204	-0.396619	-0.535008	-0.637552	-0.700479	
-0.0973646	-0.0973646	-0.0929365	-0.0832449	-0.0700772	-0.0509466	-0.0287132	-0.00197197	0.027992	0.0602742	0.0923849	0.12534	0.154971	0.179054	0.201939	0.21479	0.22252	0.226441	0.218716	0.209061	0.18963	0.165344	0.133104	0.0928023	0.0435757	-0.00849313	-0.0607479	-0.113099	-0.1585	-0.199828	-0.236899	-0.266615	-0.285958	-0.297385	-0.281118	-0.238208	-0.169303	-0.0792434	0.0228174	0.10863	0.168072	0.180697	0.136825	0.027384	-0.129985	-0.307647	-0.48068	-0.637552	-0.759485	-0.833188	
-0.419693	-0.419693	-0.414483	-0.398247	-0.380491	-0.352812	-0.321407	-0.285559	-0.244647	-0.202753	-0.157522	-0.112441	-0.0672298	-0.0219007	0.0213324	0.0612886	0.0994695	0.132096	0.155785	0.176121	0.183476	0.178383	0.164263	0.137651	0.105398	0.0676123	0.0262791	-0.0208506	-0.065653	-0.114028	-0.164359	-0.208361	-0.24144	-0.261017	-0.252646	-0.22003	-0.167513	-0.0933286	-0.00773555	0.0713564	0.13074	0.15025	0.111389	0.00670926	-0.149717	-0.333853	-0.523856	-0.700479	-0.833188	-0.909307	
