-1.54998	-1.54998	-1.57307	-1.64502	-1.70829	-1.70843	-1.63446	-1.45387	-1.14713	-0.737774	-0.275531	0.208808	0.698883	1.13952	1.47873	1.70256	1.82275	1.83151	1.70297	1.43824	1.08051	0.705642	0.377879	0.132432	-0.0280379	-0.122041	-0.170375	-0.193248	-0.202862	-0.206266	-0.20835	-0.208869	-0.211177	-0.212193	-0.215979	-0.217975	-0.222804	-0.225972	-0.230413	-0.234215	-0.237216	-0.239074	-0.241238	-0.23977	-0.241376	-0.242526	-0.247167	-0.257956	-0.277064	-0.303063	
-1.54998	-1.54998	-1.57307	-1.64502	-1.70829	-1.70843	-1.63446	-1.45387	-1.14713	-0.737774	-0.275531	0.208808	0.698883	1.13952	1.47873	1.70256	1.82275	1.83151	1.70297	1.43824	1.08051	0.705642	0.377879	0.132432	-0.0280379	-0.122041	-0.170375	-0.193248	-0.202862	-0.206266	-0.20835	-0.208869	-0.211177	-0.212193	-0.215979	-0.217975	-0.222804	-0.225972	-0.230413	-0.234215	-0.237216	-0.239074	-0.241238	-0.23977	-0.241376	-0.242526	-0.247167	-0.257956	-0.277064	-0.303063	
-1.57307	-1.57307	-1.62455	-1.66582	-1.68275	-1.6595	-1.5514	-1.35062	-1.05771	-0.683826	-0.259398	0.199121	0.656168	1.07193	1.40955	1.64461	1.77357	1.78376	1.66439	1.41841	1.08886	0.73434	0.416822	0.170581	0.00185115	-0.100518	-0.156816	-0.185381	-0.197594	-0.20375	-0.205206	-0.206655	-0.206665	-0.207402	-0.207444	-0.208466	-0.208662	-0.210272	-0.21166	-0.213875	-0.218062	-0.222549	-0.229229	-0.238937	-0.248201	-0.260663	-0.274527	-0.28811	-0.299415	-0.313577	
-1.64502	-1.64502	-1.66582	-1.66204	-1.63912	-1.57101	-1.41653	-1.1919	-0.91424	-0.589327	-0.21054	0.199891	0.598061	0.972317	1.29414	1.53544	1.66424	1.6701	1.56122	1.35207	1.07181	0.76025	0.467262	0.224	0.0472233	-0.0671856	-0.135271	-0.170294	-0.188283	-0.195811	-0.198863	-0.200471	-0.199834	-0.201047	-0.199256	-0.201045	-0.199576	-0.201824	-0.203012	-0.206763	-0.212159	-0.221633	-0.231589	-0.249014	-0.265164	-0.284678	-0.30062	-0.313881	-0.316858	-0.312159	
-1.70829	-1.70829	-1.68275	-1.63912	-1.55985	-1.42643	-1.24669	-1.02521	-0.778157	-0.495173	-0.148777	0.213738	0.560065	0.883745	1.17225	1.39481	1.50042	1.49298	1.39316	1.2293	1.00883	0.757891	0.498303	0.266621	0.0842285	-0.04274	-0.122141	-0.164783	-0.188457	-0.197123	-0.20303	-0.204646	-0.206617	-0.208965	-0.210871	-0.214685	-0.218323	-0.223234	-0.228741	-0.235708	-0.241637	-0.250798	-0.257892	-0.266411	-0.275367	-0.283994	-0.291302	-0.296752	-0.304789	-0.304542	
-1.70843	-1.70843	-1.6595	-1.57101	-1.42643	-1.25289	-1.07735	-0.880721	-0.659862	-0.394574	-0.0887928	0.21992	0.514496	0.781015	1.02763	1.2103	1.29482	1.28457	1.20922	1.09587	0.945475	0.757393	0.536326	0.319186	0.128885	-0.0139359	-0.107438	-0.164375	-0.192651	-0.207966	-0.214169	-0.218102	-0.221372	-0.223818	-0.229386	-0.232442	-0.24062	-0.245504	-0.254213	-0.261115	-0.26877	-0.273721	-0.279651	-0.278664	-0.279616	-0.274248	-0.274217	-0.272215	-0.28156	-0.29974	
-1.63446	-1.63446	-1.5514	-1.41653	-1.24669	-1.07735	-0.922424	-0.751641	-0.5402	-0.300378	-0.0648537	0.176129	0.414409	0.6378	0.838932	0.986797	1.07061	1.0791	1.04727	0.989822	0.909215	0.775285	0.596392	0.387936	0.189273	0.025822	-0.0885679	-0.163348	-0.201526	-0.224969	-0.232727	-0.238716	-0.241242	-0.24257	-0.246418	-0.247224	-0.251778	-0.253897	-0.258091	-0.260566	-0.265105	-0.265886	-0.269952	-0.269542	-0.271554	-0.271348	-0.2731	-0.282208	-0.295776	-0.327146	
-1.45387	-1.45387	-1.35062	-1.1919	-1.02521	-0.880721	-0.751641	-0.607326	-0.434388	-0.264502	-0.109879	0.0653267	0.260127	0.448685	0.605283	0.735141	0.827479	0.8762	0.897869	0.900706	0.877202	0.79847	0.658348	0.464046	0.260895	0.0792028	-0.0587027	-0.149301	-0.204324	-0.232247	-0.247033	-0.252759	-0.255781	-0.256972	-0.256662	-0.257801	-0.255511	-0.256244	-0.253202	-0.25225	-0.249788	-0.248888	-0.248444	-0.252882	-0.258295	-0.275495	-0.293137	-0.323252	-0.361868	-0.410882	
-1.14713	-1.14713	-1.05771	-0.91424	-0.778157	-0.659862	-0.5402	-0.434388	-0.346642	-0.274991	-0.202657	-0.0920801	0.0496025	0.18766	0.308554	0.427244	0.543238	0.651114	0.738465	0.805644	0.840046	0.820543	0.721531	0.556091	0.355189	0.162718	0.00532876	-0.103069	-0.173189	-0.209245	-0.230056	-0.237781	-0.241698	-0.243453	-0.242477	-0.243744	-0.241531	-0.242489	-0.240847	-0.24203	-0.242938	-0.247282	-0.253894	-0.268351	-0.286025	-0.316624	-0.358098	-0.406012	-0.465542	-0.531669	
-0.737774	-0.737774	-0.683826	-0.589327	-0.495173	-0.394574	-0.300378	-0.264502	-0.274991	-0.297195	-0.29551	-0.259272	-0.204829	-0.134149	-0.0514774	0.0622961	0.213454	0.386159	0.546856	0.680218	0.776836	0.812492	0.764501	0.633731	0.447009	0.25052	0.079622	-0.0469523	-0.129469	-0.17694	-0.202446	-0.214007	-0.220092	-0.222584	-0.224796	-0.227368	-0.230669	-0.235962	-0.24394	-0.253335	-0.268955	-0.286661	-0.309645	-0.340549	-0.374609	-0.414409	-0.464284	-0.518081	-0.573858	-0.640325	
-0.275531	-0.275531	-0.259398	-0.21054	-0.148777	-0.0887928	-0.0648537	-0.109879	-0.202657	-0.29551	-0.363865	-0.43533	-0.48573	-0.482378	-0.426472	-0.307674	-0.124403	0.107471	0.326446	0.51722	0.661314	0.745789	0.743932	0.652375	0.485688	0.294342	0.112463	-0.0267614	-0.124008	-0.181097	-0.213507	-0.230426	-0.238722	-0.246544	-0.250679	-0.259502	-0.26788	-0.279398	-0.296484	-0.314565	-0.339284	-0.37146	-0.403197	-0.446384	-0.492557	-0.537414	-0.587958	-0.638168	-0.677212	-0.712924	
0.208808	0.208808	0.199121	0.199891	0.213738	0.21992	0.176129	0.0653267	-0.0920801	-0.259272	-0.43533	-0.623261	-0.753641	-0.79557	-0.755308	-0.637511	-0.428108	-0.168064	0.08724	0.318178	0.496646	0.618354	0.659408	0.605462	0.46522	0.282962	0.096175	-0.0556536	-0.165001	-0.234784	-0.272627	-0.297684	-0.308497	-0.321672	-0.33146	-0.343502	-0.361026	-0.376479	-0.399836	-0.425755	-0.451089	-0.487596	-0.522567	-0.558688	-0.606838	-0.647056	-0.68621	-0.730389	-0.761738	-0.764528	
0.698883	0.698883	0.656168	0.598061	0.560065	0.514496	0.414409	0.260127	0.0496025	-0.204829	-0.48573	-0.753641	-0.941106	-1.03203	-1.0224	-0.907912	-0.695607	-0.434709	-0.150005	0.107038	0.312053	0.464284	0.543932	0.520601	0.413943	0.237644	0.0529458	-0.113489	-0.23483	-0.316862	-0.364492	-0.392817	-0.411691	-0.423384	-0.441148	-0.453374	-0.475437	-0.497186	-0.520453	-0.553154	-0.580547	-0.612608	-0.649829	-0.67551	-0.706121	-0.736153	-0.747367	-0.755302	-0.765677	-0.747008	
1.13952	1.13952	1.07193	0.972317	0.883745	0.781015	0.6378	0.448685	0.18766	-0.134149	-0.482378	-0.79557	-1.03203	-1.17194	-1.18268	-1.0791	-0.889202	-0.635677	-0.341503	-0.0801192	0.14003	0.312456	0.411013	0.418867	0.335277	0.16847	-0.015898	-0.195859	-0.331806	-0.425359	-0.486009	-0.516208	-0.542418	-0.552701	-0.571419	-0.584198	-0.601244	-0.622905	-0.64069	-0.664821	-0.689988	-0.706751	-0.733356	-0.747635	-0.753455	-0.75848	-0.751699	-0.717169	-0.68487	-0.639864	
1.47873	1.47873	1.40955	1.29414	1.17225	1.02763	0.838932	0.605283	0.308554	-0.0514774	-0.426472	-0.755308	-1.0224	-1.18268	-1.20989	-1.13248	-0.976569	-0.743177	-0.466991	-0.214326	0.0137107	0.187897	0.299164	0.331684	0.262023	0.110359	-0.0775527	-0.268634	-0.41805	-0.527154	-0.596181	-0.633685	-0.660758	-0.672556	-0.686767	-0.697338	-0.707717	-0.719205	-0.731208	-0.73451	-0.748716	-0.743578	-0.744101	-0.738297	-0.71919	-0.692026	-0.662808	-0.610531	-0.541217	-0.471091	
1.70256	1.70256	1.64461	1.53544	1.39481	1.2103	0.986797	0.735141	0.427244	0.0622961	-0.307674	-0.637511	-0.907912	-1.0791	-1.13248	-1.09089	-0.970355	-0.761486	-0.514448	-0.263023	-0.0373621	0.13773	0.259578	0.309013	0.251196	0.117413	-0.0794198	-0.274563	-0.442884	-0.56593	-0.642821	-0.691472	-0.712467	-0.730257	-0.731862	-0.740728	-0.739668	-0.739683	-0.740703	-0.730294	-0.722997	-0.708457	-0.679832	-0.653318	-0.611992	-0.55911	-0.500498	-0.433626	-0.346646	-0.253704	
1.82275	1.82275	1.77357	1.66424	1.50042	1.29482	1.07061	0.827479	0.543238	0.213454	-0.124403	-0.428108	-0.695607	-0.889202	-0.976569	-0.970355	-0.874583	-0.700306	-0.474086	-0.228163	-0.00792199	0.168205	0.29836	0.354791	0.31557	0.189587	-0.00657172	-0.209692	-0.393524	-0.530136	-0.617299	-0.67291	-0.693829	-0.709056	-0.705998	-0.703826	-0.694722	-0.681557	-0.665692	-0.645721	-0.616422	-0.587694	-0.545482	-0.497709	-0.439932	-0.370364	-0.288511	-0.197655	-0.0930853	0.00819103	
1.83151	1.83151	1.78376	1.6701	1.49298	1.28457	1.0791	0.8762	0.651114	0.386159	0.107471	-0.168064	-0.434709	-0.635677	-0.743177	-0.761486	-0.700306	-0.557681	-0.354282	-0.123731	0.0912857	0.267542	0.400784	0.466524	0.44457	0.327291	0.138561	-0.0725085	-0.267033	-0.415665	-0.515611	-0.573645	-0.600691	-0.60994	-0.60515	-0.594739	-0.575926	-0.553588	-0.523989	-0.488567	-0.445769	-0.396949	-0.335848	-0.273552	-0.198098	-0.11518	-0.0271786	0.0662697	0.180369	0.289875	
1.70297	1.70297	1.66439	1.56122	1.39316	1.20922	1.04727	0.897869	0.738465	0.546856	0.326446	0.08724	-0.150005	-0.341503	-0.466991	-0.514448	-0.474086	-0.354282	-0.174064	0.0503861	0.263942	0.442337	0.581057	0.658017	0.648418	0.546274	0.361113	0.148015	-0.0569801	-0.218087	-0.326526	-0.393177	-0.419141	-0.429772	-0.418122	-0.402048	-0.375941	-0.342491	-0.304699	-0.259888	-0.203482	-0.14956	-0.0769107	-0.00236206	0.0766885	0.166753	0.262528	0.346701	0.439978	0.534904	
1.43824	1.43824	1.41841	1.35207	1.2293	1.09587	0.989822	0.900706	0.805644	0.680218	0.51722	0.318178	0.107038	-0.0801192	-0.214326	-0.263023	-0.228163	-0.123731	0.0503861	0.274063	0.488375	0.673476	0.821131	0.904774	0.914396	0.822465	0.648363	0.433349	0.221651	0.0506402	-0.0680897	-0.139114	-0.170446	-0.177019	-0.166194	-0.142483	-0.111808	-0.0737338	-0.0256964	0.0204544	0.0834092	0.141436	0.209334	0.281291	0.355058	0.428536	0.511498	0.588306	0.663202	0.73792	
1.08051	1.08051	1.08886	1.07181	1.00883	0.945475	0.909215	0.877202	0.840046	0.776836	0.661314	0.496646	0.312053	0.14003	0.0137107	-0.0373621	-0.00792199	0.0912857	0.263942	0.488375	0.711454	0.91235	1.07032	1.17237	1.20112	1.12695	0.967258	0.755934	0.540175	0.363164	0.23322	0.158621	0.119662	0.113103	0.12136	0.144615	0.175341	0.211586	0.257394	0.302694	0.358244	0.414138	0.47342	0.53722	0.598307	0.660707	0.721618	0.776856	0.829017	0.882338	
0.705642	0.705642	0.73434	0.76025	0.757891	0.757393	0.775285	0.79847	0.820543	0.812492	0.745789	0.618354	0.464284	0.312456	0.187897	0.13773	0.168205	0.267542	0.442337	0.673476	0.91235	1.12841	1.30365	1.42476	1.47342	1.41982	1.27645	1.07071	0.856051	0.671606	0.535228	0.453379	0.408841	0.398649	0.402729	0.423271	0.44887	0.481373	0.51899	0.557992	0.602435	0.647538	0.693549	0.743194	0.789687	0.833534	0.880308	0.913968	0.938942	0.965519	
0.377879	0.377879	0.416822	0.467262	0.498303	0.536326	0.596392	0.658348	0.721531	0.764501	0.743932	0.659408	0.543932	0.411013	0.299164	0.259578	0.29836	0.400784	0.581057	0.821131	1.07032	1.30365	1.49485	1.63295	1.70206	1.66876	1.54077	1.34501	1.13035	0.942289	0.799276	0.710122	0.660574	0.644219	0.644376	0.659313	0.680221	0.705274	0.73766	0.765819	0.801999	0.835138	0.865078	0.898987	0.925765	0.946175	0.966206	0.980195	0.973178	0.964685	
0.132432	0.132432	0.170581	0.224	0.266621	0.319186	0.387936	0.464046	0.556091	0.633731	0.652375	0.605462	0.520601	0.418867	0.331684	0.309013	0.354791	0.466524	0.658017	0.904774	1.17237	1.42476	1.63295	1.79179	1.88206	1.86722	1.75961	1.57096	1.3611	1.17006	1.01989	0.927408	0.867726	0.849173	0.840115	0.849549	0.861991	0.877622	0.897131	0.916661	0.932523	0.954839	0.965991	0.978666	0.984988	0.981368	0.968548	0.947391	0.912048	0.873236	
-0.0280379	-0.0280379	0.00185115	0.0472233	0.0842285	0.128885	0.189273	0.260895	0.355189	0.447009	0.485688	0.46522	0.413943	0.335277	0.262023	0.251196	0.31557	0.44457	0.648418	0.914396	1.20112	1.47342	1.70206	1.88206	1.98915	1.99842	1.90358	1.72816	1.52112	1.32747	1.17519	1.07267	1.01166	0.981589	0.969792	0.968838	0.972292	0.978236	0.983327	0.986742	0.987497	0.984389	0.973677	0.96156	0.939496	0.909132	0.875826	0.832861	0.767698	0.704355	
-0.122041	-0.122041	-0.100518	-0.0671856	-0.04274	-0.0139359	0.025822	0.0792028	0.162718	0.25052	0.294342	0.282962	0.237644	0.16847	0.110359	0.117413	0.189587	0.327291	0.546274	0.822465	1.12695	1.41982	1.66876	1.86722	1.99842	2.02399	1.95054	1.78416	1.58403	1.39038	1.23285	1.12768	1.05597	1.02256	0.998152	0.989142	0.980647	0.971295	0.96323	0.950416	0.930791	0.914726	0.882985	0.850174	0.811359	0.759799	0.700421	0.643797	0.573958	0.506305	
-0.170375	-0.170375	-0.156816	-0.135271	-0.122141	-0.107438	-0.0885679	-0.0587027	0.00532876	0.079622	0.112463	0.096175	0.0529458	-0.015898	-0.0775527	-0.0794198	-0.00657172	0.138561	0.361113	0.648363	0.967258	1.27645	1.54077	1.75961	1.90358	1.95054	1.88824	1.73443	1.53798	1.34445	1.18509	1.07282	0.998537	0.954587	0.926244	0.906067	0.88781	0.869342	0.845266	0.821303	0.78734	0.753573	0.7102	0.665953	0.615322	0.561442	0.504513	0.446341	0.376772	0.314151	
-0.193248	-0.193248	-0.185381	-0.170294	-0.164783	-0.164375	-0.163348	-0.149301	-0.103069	-0.0469523	-0.0267614	-0.0556536	-0.113489	-0.195859	-0.268634	-0.274563	-0.209692	-0.0725085	0.148015	0.433349	0.755934	1.07071	1.34501	1.57096	1.72816	1.78416	1.73443	1.58636	1.39506	1.2008	1.03967	0.924363	0.844624	0.797946	0.762395	0.738129	0.713867	0.687835	0.660465	0.629378	0.591476	0.556505	0.510588	0.464588	0.4179	0.364172	0.31027	0.264839	0.210558	0.164617	
-0.202862	-0.202862	-0.197594	-0.188283	-0.188457	-0.192651	-0.201526	-0.204324	-0.173189	-0.129469	-0.124008	-0.165001	-0.23483	-0.331806	-0.41805	-0.442884	-0.393524	-0.267033	-0.0569801	0.221651	0.540175	0.856051	1.13035	1.3611	1.52112	1.58403	1.53798	1.39506	1.20376	1.01025	0.846622	0.729364	0.647969	0.598266	0.562312	0.535689	0.51034	0.484922	0.4555	0.427188	0.390326	0.358524	0.318029	0.281195	0.242578	0.203721	0.163077	0.130622	0.091568	0.0584032	
-0.206266	-0.206266	-0.20375	-0.195811	-0.197123	-0.207966	-0.224969	-0.232247	-0.209245	-0.17694	-0.181097	-0.234784	-0.316862	-0.425359	-0.527154	-0.56593	-0.530136	-0.415665	-0.218087	0.0506402	0.363164	0.671606	0.942289	1.17006	1.32747	1.39038	1.34445	1.2008	1.01025	0.814464	0.651224	0.53246	0.451718	0.402562	0.368265	0.343787	0.321944	0.299911	0.27606	0.253302	0.223906	0.199613	0.169769	0.14082	0.114442	0.0866618	0.0605573	0.0406	0.0133088	-0.00520646	
-0.20835	-0.20835	-0.205206	-0.198863	-0.20303	-0.214169	-0.232727	-0.247033	-0.230056	-0.202446	-0.213507	-0.272627	-0.364492	-0.486009	-0.596181	-0.642821	-0.617299	-0.515611	-0.326526	-0.0680897	0.23322	0.535228	0.799276	1.01989	1.17519	1.23285	1.18509	1.03967	0.846622	0.651224	0.486208	0.369052	0.288116	0.241974	0.209089	0.18928	0.171081	0.154744	0.13788	0.121966	0.101259	0.0878169	0.065604	0.0496025	0.0332612	0.0146764	-0.00517769	-0.0128177	-0.0280469	-0.0402897	
-0.208869	-0.208869	-0.206655	-0.200471	-0.204646	-0.218102	-0.238716	-0.252759	-0.237781	-0.214007	-0.230426	-0.297684	-0.392817	-0.516208	-0.633685	-0.691472	-0.67291	-0.573645	-0.393177	-0.139114	0.158621	0.453379	0.710122	0.927408	1.07267	1.12768	1.07282	0.924363	0.729364	0.53246	0.369052	0.251993	0.174881	0.129631	0.102436	0.0847865	0.072414	0.0614007	0.0485827	0.0400867	0.0248147	0.0154308	0.00270657	-0.00875575	-0.0184152	-0.026539	-0.0341985	-0.0395173	-0.0530649	-0.0590864	
-0.211177	-0.211177	-0.206665	-0.199834	-0.206617	-0.221372	-0.241242	-0.255781	-0.241698	-0.220092	-0.238722	-0.308497	-0.411691	-0.542418	-0.660758	-0.712467	-0.693829	-0.600691	-0.419141	-0.170446	0.119662	0.408841	0.660574	0.867726	1.01166	1.05597	0.998537	0.844624	0.647969	0.451718	0.288116	0.174881	0.0971897	0.0574401	0.0294073	0.0174562	0.00728321	-0.000512875	-0.00605392	-0.0117554	-0.020431	-0.020979	-0.0312183	-0.0352188	-0.0389788	-0.0477136	-0.0578974	-0.0557894	-0.062187	-0.0653214	
-0.212193	-0.212193	-0.207402	-0.201047	-0.208965	-0.223818	-0.24257	-0.256972	-0.243453	-0.222584	-0.246544	-0.321672	-0.423384	-0.552701	-0.672556	-0.730257	-0.709056	-0.60994	-0.429772	-0.177019	0.113103	0.398649	0.644219	0.849173	0.981589	1.02256	0.954587	0.797946	0.598266	0.402562	0.241974	0.129631	0.0574401	0.0170742	-0.00502315	-0.0168437	-0.0237451	-0.0276894	-0.0335544	-0.0351968	-0.0419794	-0.0441997	-0.0501775	-0.0528512	-0.0566327	-0.0585049	-0.0590654	-0.0584953	-0.0679631	-0.0708038	
-0.215979	-0.215979	-0.207444	-0.199256	-0.210871	-0.229386	-0.246418	-0.256662	-0.242477	-0.224796	-0.250679	-0.33146	-0.441148	-0.571419	-0.686767	-0.731862	-0.705998	-0.60515	-0.418122	-0.166194	0.12136	0.402729	0.644376	0.840115	0.969792	0.998152	0.926244	0.762395	0.562312	0.368265	0.209089	0.102436	0.0294073	-0.00502315	-0.0290576	-0.0374884	-0.0429353	-0.0477264	-0.0484994	-0.0502216	-0.0547393	-0.0513727	-0.0565938	-0.0571826	-0.0570544	-0.0615434	-0.0677677	-0.0653702	-0.0714532	-0.0703377	
-0.217975	-0.217975	-0.208466	-0.201045	-0.214685	-0.232442	-0.247224	-0.257801	-0.243744	-0.227368	-0.259502	-0.343502	-0.453374	-0.584198	-0.697338	-0.740728	-0.703826	-0.594739	-0.402048	-0.142483	0.144615	0.423271	0.659313	0.849549	0.968838	0.989142	0.906067	0.738129	0.535689	0.343787	0.18928	0.0847865	0.0174562	-0.0168437	-0.0374884	-0.0446551	-0.0504806	-0.0519276	-0.0538711	-0.0551215	-0.0575281	-0.0568158	-0.0623651	-0.0613012	-0.0634153	-0.0664146	-0.0661065	-0.0632649	-0.0705549	-0.0714087	
-0.222804	-0.222804	-0.208662	-0.199576	-0.218323	-0.24062	-0.251778	-0.255511	-0.241531	-0.230669	-0.26788	-0.361026	-0.475437	-0.601244	-0.707717	-0.739668	-0.694722	-0.575926	-0.375941	-0.111808	0.175341	0.44887	0.680221	0.861991	0.972292	0.980647	0.88781	0.713867	0.51034	0.321944	0.171081	0.072414	0.00728321	-0.0237451	-0.0429353	-0.0504806	-0.0535344	-0.057105	-0.0569917	-0.0583273	-0.0605524	-0.0595438	-0.0624897	-0.0621835	-0.0633025	-0.0656679	-0.0666769	-0.0662152	-0.0749615	-0.072196	
-0.225972	-0.225972	-0.210272	-0.201824	-0.223234	-0.245504	-0.253897	-0.256244	-0.242489	-0.235962	-0.279398	-0.376479	-0.497186	-0.622905	-0.719205	-0.739683	-0.681557	-0.553588	-0.342491	-0.0737338	0.211586	0.481373	0.705274	0.877622	0.978236	0.971295	0.869342	0.687835	0.484922	0.299911	0.154744	0.0614007	-0.000512875	-0.0276894	-0.0477264	-0.0519276	-0.057105	-0.0593663	-0.0585484	-0.0612592	-0.0620677	-0.0596659	-0.0646559	-0.0629523	-0.0632476	-0.0667902	-0.0685861	-0.0683896	-0.073263	-0.0701091	
-0.230413	-0.230413	-0.21166	-0.203012	-0.228741	-0.254213	-0.258091	-0.253202	-0.240847	-0.24394	-0.296484	-0.399836	-0.520453	-0.64069	-0.731208	-0.740703	-0.665692	-0.523989	-0.304699	-0.0256964	0.257394	0.51899	0.73766	0.897131	0.983327	0.96323	0.845266	0.660465	0.4555	0.27606	0.13788	0.0485827	-0.00605392	-0.0335544	-0.0484994	-0.0538711	-0.0569917	-0.0585484	-0.057442	-0.0611694	-0.058561	-0.0618963	-0.0645203	-0.0629805	-0.0667832	-0.0712683	-0.0670496	-0.0663219	-0.0747702	-0.0722629	
-0.234215	-0.234215	-0.213875	-0.206763	-0.235708	-0.261115	-0.260566	-0.25225	-0.24203	-0.253335	-0.314565	-0.425755	-0.553154	-0.664821	-0.73451	-0.730294	-0.645721	-0.488567	-0.259888	0.0204544	0.302694	0.557992	0.765819	0.916661	0.986742	0.950416	0.821303	0.629378	0.427188	0.253302	0.121966	0.0400867	-0.0117554	-0.0351968	-0.0502216	-0.0551215	-0.0583273	-0.0612592	-0.0611694	-0.0637359	-0.0643764	-0.0647828	-0.0655929	-0.0652444	-0.0659774	-0.0653826	-0.0655478	-0.0730419	-0.0769885	-0.0717451	
-0.237216	-0.237216	-0.218062	-0.212159	-0.241637	-0.26877	-0.265105	-0.249788	-0.242938	-0.268955	-0.339284	-0.451089	-0.580547	-0.689988	-0.748716	-0.722997	-0.616422	-0.445769	-0.203482	0.0834092	0.358244	0.602435	0.801999	0.932523	0.987497	0.930791	0.78734	0.591476	0.390326	0.223906	0.101259	0.0248147	-0.020431	-0.0419794	-0.0547393	-0.0575281	-0.0605524	-0.0620677	-0.058561	-0.0643764	-0.0586509	-0.0623022	-0.0642793	-0.0635678	-0.0665699	-0.0731881	-0.0720685	-0.0722953	-0.073715	-0.0708081	
-0.239074	-0.239074	-0.222549	-0.221633	-0.250798	-0.273721	-0.265886	-0.248888	-0.247282	-0.286661	-0.37146	-0.487596	-0.612608	-0.706751	-0.743578	-0.708457	-0.587694	-0.396949	-0.14956	0.141436	0.414138	0.647538	0.835138	0.954839	0.984389	0.914726	0.753573	0.556505	0.358524	0.199613	0.0878169	0.0154308	-0.020979	-0.0441997	-0.0513727	-0.0568158	-0.0595438	-0.0596659	-0.0618963	-0.0647828	-0.0623022	-0.0697013	-0.0671392	-0.0678964	-0.0715769	-0.0700828	-0.063924	-0.0734581	-0.0758015	-0.075816	
-0.241238	-0.241238	-0.229229	-0.231589	-0.257892	-0.279651	-0.269952	-0.248444	-0.253894	-0.309645	-0.403197	-0.522567	-0.649829	-0.733356	-0.744101	-0.679832	-0.545482	-0.335848	-0.0769107	0.209334	0.47342	0.693549	0.865078	0.965991	0.973677	0.882985	0.7102	0.510588	0.318029	0.169769	0.065604	0.00270657	-0.0312183	-0.0501775	-0.0565938	-0.0623651	-0.0624897	-0.0646559	-0.0645203	-0.0655929	-0.0642793	-0.0671392	-0.0637891	-0.0667602	-0.0684476	-0.0681424	-0.07261	-0.0807281	-0.0762222	-0.0752283	
-0.23977	-0.23977	-0.238937	-0.249014	-0.266411	-0.278664	-0.269542	-0.252882	-0.268351	-0.340549	-0.446384	-0.558688	-0.67551	-0.747635	-0.738297	-0.653318	-0.497709	-0.273552	-0.00236206	0.281291	0.53722	0.743194	0.898987	0.978666	0.96156	0.850174	0.665953	0.464588	0.281195	0.14082	0.0496025	-0.00875575	-0.0352188	-0.0528512	-0.0571826	-0.0613012	-0.0621835	-0.0629523	-0.0629805	-0.0652444	-0.0635678	-0.0678964	-0.0667602	-0.070823	-0.0719023	-0.0736894	-0.0746108	-0.0769447	-0.0717319	-0.0779125	
-0.241376	-0.241376	-0.248201	-0.265164	-0.275367	-0.279616	-0.271554	-0.258295	-0.286025	-0.374609	-0.492557	-0.606838	-0.706121	-0.753455	-0.71919	-0.611992	-0.439932	-0.198098	0.0766885	0.355058	0.598307	0.789687	0.925765	0.984988	0.939496	0.811359	0.615322	0.4179	0.242578	0.114442	0.0332612	-0.0184152	-0.0389788	-0.0566327	-0.0570544	-0.0634153	-0.0633025	-0.0632476	-0.0667832	-0.0659774	-0.0665699	-0.0715769	-0.0684476	-0.0719023	-0.0732698	-0.0725239	-0.0728699	-0.0772724	-0.0769416	-0.085584	
-0.242526	-0.242526	-0.260663	-0.284678	-0.283994	-0.274248	-0.271348	-0.275495	-0.316624	-0.414409	-0.537414	-0.647056	-0.736153	-0.75848	-0.692026	-0.55911	-0.370364	-0.11518	0.166753	0.428536	0.660707	0.833534	0.946175	0.981368	0.909132	0.759799	0.561442	0.364172	0.203721	0.0866618	0.0146764	-0.026539	-0.0477136	-0.0585049	-0.0615434	-0.0664146	-0.0656679	-0.0667902	-0.0712683	-0.0653826	-0.0731881	-0.0700828	-0.0681424	-0.0736894	-0.0725239	-0.070133	-0.0777231	-0.0831635	-0.0790179	-0.0852056	
-0.247167	-0.247167	-0.274527	-0.30062	-0.291302	-0.274217	-0.2731	-0.293137	-0.358098	-0.464284	-0.587958	-0.68621	-0.747367	-0.751699	-0.662808	-0.500498	-0.288511	-0.0271786	0.262528	0.511498	0.721618	0.880308	0.966206	0.968548	0.875826	0.700421	0.504513	0.31027	0.163077	0.0605573	-0.00517769	-0.0341985	-0.0578974	-0.0590654	-0.0677677	-0.0661065	-0.0666769	-0.0685861	-0.0670496	-0.0655478	-0.0720685	-0.063924	-0.07261	-0.0746108	-0.0728699	-0.0777231	-0.0879445	-0.0784101	-0.077366	-0.0883102	
-0.257956	-0.257956	-0.28811	-0.313881	-0.296752	-0.272215	-0.282208	-0.323252	-0.406012	-0.518081	-0.638168	-0.730389	-0.755302	-0.717169	-0.610531	-0.433626	-0.197655	0.0662697	0.346701	0.588306	0.776856	0.913968	0.980195	0.947391	0.832861	0.643797	0.446341	0.264839	0.130622	0.0406	-0.0128177	-0.0395173	-0.0557894	-0.0584953	-0.0653702	-0.0632649	-0.0662152	-0.0683896	-0.0663219	-0.0730419	-0.0722953	-0.0734581	-0.0807281	-0.0769447	-0.0772724	-0.0831635	-0.0784101	-0.0717816	-0.0873755	-0.0934485	
-0.277064	-0.277064	-0.299415	-0.316858	-0.304789	-0.28156	-0.295776	-0.361868	-0.465542	-0.573858	-0.677212	-0.761738	-0.765677	-0.68487	-0.541217	-0.346646	-0.0930853	0.180369	0.439978	0.663202	0.829017	0.938942	0.973178	0.912048	0.767698	0.573958	0.376772	0.210558	0.091568	0.0133088	-0.0280469	-0.0530649	-0.062187	-0.0679631	-0.0714532	-0.0705549	-0.0749615	-0.073263	-0.0747702	-0.0769885	-0.073715	-0.0758015	-0.0762222	-0.0717319	-0.0769416	-0.0790179	-0.077366	-0.0873755	-0.09814	-0.0907323	
-0.303063	-0.303063	-0.313577	-0.312159	-0.304542	-0.29974	-0.327146	-0.410882	-0.531669	-0.640325	-0.712924	-0.764528	-0.747008	-0.639864	-0.471091	-0.253704	0.00819103	0.289875	0.534904	0.73792	0.882338	0.965519	0.964685	0.873236	0.704355	0.506305	0.314151	0.164617	0.0584032	-0.00520646	-0.0402897	-0.0590864	-0.0653214	-0.0708038	-0.0703377	-0.0714087	-0.072196	-0.0701091	-0.0722629	-0.0717451	-0.0708081	-0.075816	-0.0752283	-0.0779125	-0.085584	-0.0852056	-0.0883102	-0.0934485	-0.0907323	-0.0820317	
