-0.153998	-0.153998	-0.173967	-0.193102	-0.200096	-0.192186	-0.185074	-0.179173	-0.177151	-0.179776	-0.191778	-0.218086	-0.251385	-0.278015	-0.269264	-0.210631	-0.120179	-0.0397811	0.00454474	0.0229974	0.0370454	0.0457405	0.0545595	0.068273	0.0972348	0.124395	0.138738	0.150009	0.164503	0.179215	0.18673	0.186087	0.182248	0.179396	0.174053	0.167861	0.150562	0.143234	0.149774	0.166732	0.195008	0.229428	0.248935	0.246893	0.240083	0.270877	0.339648	0.443488	0.57568	0.696966	
-0.153998	-0.153998	-0.173967	-0.193102	-0.200096	-0.192186	-0.185074	-0.179173	-0.177151	-0.179776	-0.191778	-0.218086	-0.251385	-0.278015	-0.269264	-0.210631	-0.120179	-0.0397811	0.00454474	0.0229974	0.0370454	0.0457405	0.0545595	0.068273	0.0972348	0.124395	0.138738	0.150009	0.164503	0.179215	0.18673	0.186087	0.182248	0.179396	0.174053	0.167861	0.150562	0.143234	0.149774	0.166732	0.195008	0.229428	0.248935	0.246893	0.240083	0.270877	0.339648	0.443488	0.57568	0.696966	
-0.173967	-0.173967	-0.193445	-0.211667	-0.217794	-0.208646	-0.199672	-0.192018	-0.186908	-0.187504	-0.19527	-0.218382	-0.246561	-0.268088	-0.254711	-0.191337	-0.0981586	-0.0141131	0.0334503	0.0544338	0.0701766	0.0796379	0.0878703	0.100917	0.126489	0.150383	0.161342	0.168223	0.179018	0.189548	0.194045	0.190923	0.186671	0.183193	0.180071	0.1767	0.1645	0.162261	0.176277	0.198857	0.233702	0.273083	0.295098	0.293204	0.285352	0.309454	0.368019	0.46011	0.575645	0.678154	
-0.193102	-0.193102	-0.211667	-0.229686	-0.234853	-0.225618	-0.215703	-0.206289	-0.200757	-0.19795	-0.204915	-0.222884	-0.24718	-0.262721	-0.242985	-0.176656	-0.0792901	0.00710593	0.0584817	0.0831608	0.0998978	0.110554	0.119633	0.131106	0.155413	0.17623	0.184835	0.18984	0.196238	0.202994	0.202704	0.196298	0.18776	0.18379	0.180755	0.18119	0.17626	0.18419	0.206198	0.241823	0.286016	0.332472	0.360856	0.362082	0.349283	0.362275	0.402457	0.466483	0.550528	0.620684	
-0.200096	-0.200096	-0.217794	-0.234853	-0.239692	-0.230628	-0.219766	-0.211076	-0.20395	-0.203353	-0.208549	-0.227795	-0.249975	-0.263579	-0.243776	-0.177402	-0.0843622	0.000879392	0.0523189	0.0775325	0.0950768	0.107238	0.117356	0.132599	0.156117	0.178601	0.189412	0.194897	0.202243	0.207181	0.20563	0.196714	0.187301	0.180132	0.177948	0.179682	0.181408	0.195846	0.230655	0.276316	0.333237	0.389481	0.422392	0.422286	0.404774	0.3985	0.410159	0.441998	0.48294	0.507458	
-0.192186	-0.192186	-0.208646	-0.225618	-0.230628	-0.22314	-0.213873	-0.205765	-0.202455	-0.202491	-0.212733	-0.232137	-0.25637	-0.27008	-0.250633	-0.190284	-0.102421	-0.0237164	0.0246915	0.0485297	0.062707	0.0738821	0.0854578	0.101342	0.128407	0.153671	0.171339	0.184704	0.197229	0.207401	0.208595	0.202544	0.193198	0.187463	0.186322	0.191496	0.199797	0.22334	0.263062	0.31852	0.380077	0.436396	0.467302	0.461148	0.426937	0.395022	0.37298	0.360456	0.35614	0.338794	
-0.185074	-0.185074	-0.199672	-0.215703	-0.219766	-0.213873	-0.203451	-0.197161	-0.192906	-0.196322	-0.206773	-0.228295	-0.252442	-0.265346	-0.248658	-0.192833	-0.114999	-0.043631	-2.91803e-05	0.0198491	0.0300461	0.038796	0.0486451	0.0673439	0.093342	0.122917	0.146956	0.168179	0.189801	0.207222	0.217382	0.21975	0.21872	0.219911	0.22646	0.23783	0.255971	0.28421	0.329618	0.38443	0.441978	0.487202	0.500394	0.470449	0.411315	0.342974	0.280643	0.23095	0.185203	0.131814	
-0.179173	-0.179173	-0.192018	-0.206289	-0.211076	-0.205765	-0.197161	-0.190173	-0.188307	-0.191693	-0.204505	-0.224842	-0.247469	-0.25761	-0.239207	-0.18771	-0.115999	-0.0511987	-0.0105277	0.00768283	0.0139109	0.0198848	0.0291619	0.0471049	0.0746756	0.105141	0.136861	0.16681	0.197205	0.224826	0.245034	0.258679	0.269525	0.281042	0.29855	0.320155	0.347411	0.381902	0.424795	0.472066	0.512873	0.532214	0.513169	0.449059	0.351443	0.241487	0.139693	0.0526137	-0.0209931	-0.0911062	
-0.177151	-0.177151	-0.186908	-0.200757	-0.20395	-0.202455	-0.192906	-0.188307	-0.186202	-0.19166	-0.205484	-0.224715	-0.245645	-0.251211	-0.23188	-0.182563	-0.117595	-0.0575427	-0.0177882	0.00106521	0.00690094	0.0129508	0.0237576	0.0461432	0.0750108	0.111585	0.150541	0.190803	0.231643	0.267506	0.297957	0.322207	0.341125	0.362205	0.386856	0.412913	0.446885	0.479668	0.51454	0.545893	0.561813	0.546004	0.488019	0.383338	0.249314	0.100956	-0.0332357	-0.143318	-0.235463	-0.312518	
-0.179776	-0.179776	-0.187504	-0.19795	-0.203353	-0.202491	-0.196322	-0.191693	-0.19166	-0.198902	-0.213903	-0.233043	-0.251153	-0.253171	-0.232077	-0.185585	-0.126657	-0.0711403	-0.0301962	-0.00803021	0.000792961	0.0109436	0.0278918	0.0582508	0.0956534	0.139419	0.191225	0.243087	0.294108	0.339282	0.377035	0.406849	0.43194	0.45292	0.476197	0.498256	0.524005	0.544197	0.560674	0.566334	0.551849	0.503003	0.408447	0.272256	0.111774	-0.0609919	-0.21428	-0.336227	-0.43115	-0.5032	
-0.191778	-0.191778	-0.19527	-0.204915	-0.208549	-0.212733	-0.206773	-0.204505	-0.205484	-0.213903	-0.231039	-0.247725	-0.263579	-0.26018	-0.236784	-0.191848	-0.138187	-0.0853631	-0.0425053	-0.0148514	-0.00109353	0.0133566	0.0383214	0.0780464	0.12428	0.17986	0.243948	0.310258	0.374004	0.426534	0.470464	0.50345	0.524249	0.539232	0.550163	0.55398	0.56247	0.55939	0.54634	0.520784	0.473869	0.390032	0.268357	0.114922	-0.0523008	-0.228537	-0.378864	-0.49663	-0.588503	-0.653736	
-0.218086	-0.218086	-0.218382	-0.222884	-0.227795	-0.232137	-0.228295	-0.224842	-0.224715	-0.233043	-0.247725	-0.261411	-0.271231	-0.261564	-0.234856	-0.19113	-0.142347	-0.0936216	-0.0479477	-0.0156622	0.00329008	0.0230632	0.0545092	0.103925	0.159397	0.223248	0.2988	0.375664	0.447236	0.505743	0.552435	0.584524	0.602479	0.606277	0.599379	0.580707	0.560014	0.523397	0.475761	0.413902	0.334322	0.227817	0.0895008	-0.0674357	-0.226193	-0.3888	-0.524988	-0.625686	-0.699614	-0.74804	
-0.251385	-0.251385	-0.246561	-0.24718	-0.249975	-0.25637	-0.252442	-0.247469	-0.245645	-0.251153	-0.263579	-0.271231	-0.274186	-0.256749	-0.225429	-0.181424	-0.137183	-0.0904045	-0.0437508	-0.0066381	0.0159059	0.0362896	0.0716646	0.12485	0.185579	0.255459	0.338291	0.424273	0.503913	0.566246	0.614723	0.644692	0.653569	0.642606	0.613854	0.56658	0.515644	0.447599	0.365717	0.27183	0.166889	0.039739	-0.106878	-0.256499	-0.395982	-0.535217	-0.644453	-0.722621	-0.776901	-0.805629	
-0.278015	-0.278015	-0.268088	-0.262721	-0.263579	-0.27008	-0.265346	-0.25761	-0.251211	-0.253171	-0.26018	-0.261564	-0.256749	-0.233071	-0.199135	-0.158898	-0.121477	-0.0829323	-0.0381208	-0.00142881	0.0216282	0.0410961	0.0768285	0.133752	0.198881	0.273513	0.362182	0.454364	0.538432	0.602515	0.650069	0.675831	0.675837	0.649773	0.597828	0.52217	0.439646	0.339291	0.228166	0.110234	-0.0108248	-0.141976	-0.283555	-0.417783	-0.53415	-0.646074	-0.731475	-0.783731	-0.810342	-0.809083	
-0.269264	-0.269264	-0.254711	-0.242985	-0.243776	-0.250633	-0.248658	-0.239207	-0.23188	-0.232077	-0.236784	-0.234856	-0.225429	-0.199135	-0.166654	-0.131899	-0.105135	-0.0746591	-0.035831	-0.000180174	0.0210765	0.037156	0.0717649	0.12921	0.198819	0.278154	0.372865	0.473378	0.562767	0.63068	0.677086	0.696216	0.684005	0.637618	0.557934	0.453305	0.339592	0.215418	0.0857706	-0.043989	-0.16797	-0.293177	-0.42224	-0.534059	-0.621539	-0.702411	-0.757138	-0.78298	-0.781535	-0.75085	
-0.210631	-0.210631	-0.191337	-0.176656	-0.177402	-0.190284	-0.192833	-0.18771	-0.182563	-0.185585	-0.191848	-0.19113	-0.181424	-0.158898	-0.131899	-0.109372	-0.0950278	-0.0778353	-0.0458783	-0.0139441	0.00706551	0.0217235	0.0579168	0.120782	0.198594	0.28721	0.390727	0.497538	0.592587	0.659276	0.700187	0.709514	0.680329	0.61181	0.507144	0.372984	0.23509	0.0935225	-0.0459314	-0.175952	-0.289989	-0.398793	-0.503616	-0.585527	-0.640762	-0.685303	-0.708114	-0.7009	-0.668166	-0.606381	
-0.120179	-0.120179	-0.0981586	-0.0792901	-0.0843622	-0.102421	-0.114999	-0.115999	-0.117595	-0.126657	-0.138187	-0.142347	-0.137183	-0.121477	-0.105135	-0.0950278	-0.0949997	-0.0879516	-0.062804	-0.0294642	-0.00600714	0.0140226	0.0567711	0.129406	0.221417	0.323028	0.435817	0.552041	0.6468	0.711738	0.742229	0.734755	0.685246	0.592873	0.459127	0.304268	0.146699	-0.00162932	-0.137458	-0.255106	-0.352976	-0.436975	-0.514258	-0.565173	-0.584703	-0.588907	-0.573182	-0.534595	-0.472407	-0.387789	
-0.0397811	-0.0397811	-0.0141131	0.00710593	0.000879392	-0.0237164	-0.043631	-0.0511987	-0.0575427	-0.0711403	-0.0853631	-0.0936216	-0.0904045	-0.0829323	-0.0746591	-0.0778353	-0.0879516	-0.0901335	-0.0672295	-0.0315057	0.000508532	0.0300353	0.0845124	0.172813	0.282279	0.400033	0.525426	0.64458	0.739947	0.795443	0.809959	0.783474	0.710934	0.593474	0.441738	0.268736	0.103711	-0.0407539	-0.165305	-0.265498	-0.339732	-0.399615	-0.448255	-0.465571	-0.44943	-0.412576	-0.362636	-0.294002	-0.215134	-0.12577	
0.00454474	0.00454474	0.0334503	0.0584817	0.0523189	0.0246915	-2.91803e-05	-0.0105277	-0.0177882	-0.0301962	-0.0425053	-0.0479477	-0.0437508	-0.0381208	-0.035831	-0.0458783	-0.062804	-0.0672295	-0.0448484	-0.000893652	0.0409494	0.0849783	0.154003	0.2583	0.386044	0.519168	0.650283	0.771054	0.856146	0.898768	0.895227	0.848381	0.75788	0.627562	0.463881	0.2893	0.12593	-0.00977382	-0.118995	-0.199252	-0.254499	-0.29071	-0.309363	-0.296065	-0.246305	-0.174532	-0.0959104	-0.0151706	0.0638602	0.142804	
0.0229974	0.0229974	0.0544338	0.0831608	0.0775325	0.0485297	0.0198491	0.00768283	0.00106521	-0.00803021	-0.0148514	-0.0156622	-0.0066381	-0.00142881	-0.000180174	-0.0139441	-0.0294642	-0.0315057	-0.000893652	0.0543546	0.112069	0.17429	0.258256	0.378363	0.519075	0.659838	0.791413	0.900666	0.970774	0.995647	0.972744	0.912248	0.813091	0.678847	0.520637	0.353649	0.201136	0.0810159	-0.01187	-0.0744754	-0.112799	-0.130609	-0.127592	-0.0896751	-0.015032	0.0828796	0.175079	0.258237	0.322477	0.371906	
0.0370454	0.0370454	0.0701766	0.0998978	0.0950768	0.062707	0.0300461	0.0139109	0.00690094	0.000792961	-0.00109353	0.00329008	0.0159059	0.0216282	0.0210765	0.00706551	-0.00600714	0.000508532	0.0409494	0.112069	0.188664	0.272199	0.375287	0.510757	0.662555	0.807977	0.93153	1.02273	1.06915	1.06942	1.02791	0.955796	0.856468	0.731573	0.589916	0.44138	0.307503	0.201857	0.123421	0.0737215	0.0479313	0.0425282	0.0639908	0.118297	0.206159	0.310026	0.400896	0.468472	0.505102	0.525458	
0.0457405	0.0457405	0.0796379	0.110554	0.107238	0.0738821	0.038796	0.0198848	0.0129508	0.0109436	0.0133566	0.0230632	0.0362896	0.0410961	0.037156	0.0217235	0.0140226	0.0300353	0.0849783	0.17429	0.272199	0.380878	0.503173	0.652961	0.811282	0.954638	1.0644	1.13252	1.15159	1.13048	1.07432	0.999391	0.906624	0.796651	0.671967	0.540542	0.420114	0.325387	0.257943	0.222954	0.208538	0.213651	0.245122	0.301015	0.383439	0.477618	0.552587	0.596998	0.60601	0.594704	
0.0545595	0.0545595	0.0878703	0.119633	0.117356	0.0854578	0.0486451	0.0291619	0.0237576	0.0278918	0.0383214	0.0545092	0.0716646	0.0768285	0.0717649	0.0579168	0.0567711	0.0845124	0.154003	0.258256	0.375287	0.503173	0.640747	0.798597	0.956488	1.09161	1.1852	1.22674	1.22185	1.18134	1.11713	1.0443	0.963746	0.868288	0.761318	0.64214	0.529811	0.439027	0.376947	0.347812	0.340038	0.349793	0.381554	0.433108	0.504106	0.578245	0.63093	0.65077	0.629015	0.588553	
0.068273	0.068273	0.100917	0.131106	0.132599	0.101342	0.0673439	0.0471049	0.0461432	0.0582508	0.0780464	0.103925	0.12485	0.133752	0.12921	0.120782	0.129406	0.172813	0.2583	0.378363	0.510757	0.652961	0.798597	0.953658	1.09802	1.21395	1.27921	1.29166	1.26042	1.20453	1.13983	1.07664	1.01153	0.934859	0.840799	0.728574	0.619803	0.525716	0.462374	0.435286	0.427816	0.430779	0.455019	0.491255	0.54308	0.596966	0.636118	0.639911	0.599006	0.538805	
0.0972348	0.0972348	0.126489	0.155413	0.156117	0.128407	0.093342	0.0746756	0.0750108	0.0956534	0.12428	0.159397	0.185579	0.198881	0.198819	0.198594	0.221417	0.282279	0.386044	0.519075	0.662555	0.811282	0.956488	1.09802	1.21968	1.30436	1.33798	1.31644	1.25793	1.18748	1.12	1.0645	1.01349	0.950475	0.868623	0.766829	0.661664	0.568891	0.502864	0.470065	0.44974	0.435942	0.436248	0.451709	0.486597	0.526946	0.558973	0.55729	0.509608	0.437215	
0.124395	0.124395	0.150383	0.17623	0.178601	0.153671	0.122917	0.105141	0.111585	0.139419	0.17986	0.223248	0.255459	0.273513	0.278154	0.28721	0.323028	0.400033	0.519168	0.659838	0.807977	0.954638	1.09161	1.21395	1.30436	1.35601	1.35369	1.29913	1.2141	1.12531	1.05303	1.00036	0.956714	0.9055	0.835079	0.742926	0.647196	0.555119	0.484501	0.440598	0.403448	0.36534	0.339463	0.333505	0.34984	0.376161	0.403099	0.404057	0.357227	0.291299	
0.138738	0.138738	0.161342	0.184835	0.189412	0.171339	0.146956	0.136861	0.150541	0.191225	0.243948	0.2988	0.338291	0.362182	0.372865	0.390727	0.435817	0.525426	0.650283	0.791413	0.93153	1.0644	1.1852	1.27921	1.33798	1.35369	1.31923	1.23717	1.12778	1.02405	0.945013	0.892192	0.855022	0.813268	0.753796	0.674303	0.584854	0.493368	0.413225	0.352586	0.295866	0.234469	0.185482	0.161802	0.164579	0.179856	0.205382	0.207274	0.172101	0.120107	
0.150009	0.150009	0.168223	0.18984	0.194897	0.184704	0.168179	0.16681	0.190803	0.243087	0.310258	0.375664	0.424273	0.454364	0.473378	0.497538	0.552041	0.64458	0.771054	0.900666	1.02273	1.13252	1.22674	1.29166	1.31644	1.29913	1.23717	1.13194	1.00333	0.887052	0.802102	0.753463	0.725744	0.701007	0.657926	0.593356	0.509469	0.412221	0.313087	0.230002	0.147989	0.0684171	0.000954074	-0.0328881	-0.038974	-0.0262776	-0.00327745	0.0110419	-0.00647405	-0.0390609	
0.164503	0.164503	0.179018	0.196238	0.202243	0.197229	0.189801	0.197205	0.231643	0.294108	0.374004	0.447236	0.503913	0.538432	0.562767	0.592587	0.6468	0.739947	0.856146	0.970774	1.06915	1.15159	1.22185	1.26042	1.25793	1.2141	1.12778	1.00333	0.858146	0.72998	0.644502	0.605198	0.598644	0.59884	0.581292	0.5331	0.45253	0.344984	0.22453	0.112003	0.00947597	-0.0906856	-0.175248	-0.219688	-0.23139	-0.21952	-0.18418	-0.149255	-0.141403	-0.150399	
0.179215	0.179215	0.189548	0.202994	0.207181	0.207401	0.207222	0.224826	0.267506	0.339282	0.426534	0.505743	0.566246	0.602515	0.63068	0.659276	0.711738	0.795443	0.898768	0.995647	1.06942	1.13048	1.18134	1.20453	1.18748	1.12531	1.02405	0.887052	0.72998	0.598218	0.516671	0.495599	0.515751	0.54741	0.555722	0.524305	0.446006	0.329702	0.187984	0.0533607	-0.0735582	-0.194226	-0.296762	-0.35691	-0.376626	-0.356362	-0.308444	-0.251626	-0.215261	-0.207173	
0.18673	0.18673	0.194045	0.202704	0.20563	0.208595	0.217382	0.245034	0.297957	0.377035	0.470464	0.552435	0.614723	0.650069	0.677086	0.700187	0.742229	0.809959	0.895227	0.972744	1.02791	1.07432	1.11713	1.13983	1.12	1.05303	0.945013	0.802102	0.644502	0.516671	0.45034	0.455855	0.508928	0.572438	0.606221	0.587362	0.510124	0.386329	0.230258	0.074226	-0.0727443	-0.21203	-0.33379	-0.406963	-0.428951	-0.403171	-0.345682	-0.271928	-0.223105	-0.207532	
0.186087	0.186087	0.190923	0.196298	0.196714	0.202544	0.21975	0.258679	0.322207	0.406849	0.50345	0.584524	0.644692	0.675831	0.696216	0.709514	0.734755	0.783474	0.848381	0.912248	0.955796	0.999391	1.0443	1.07664	1.0645	1.00036	0.892192	0.753463	0.605198	0.495599	0.455855	0.494328	0.583655	0.677044	0.733471	0.725917	0.652069	0.523945	0.356977	0.182289	0.0158061	-0.143024	-0.274609	-0.355374	-0.377647	-0.34618	-0.284994	-0.212596	-0.162936	-0.146515	
0.182248	0.182248	0.186671	0.18776	0.187301	0.193198	0.21872	0.269525	0.341125	0.43194	0.524249	0.602479	0.653569	0.675837	0.684005	0.680329	0.685246	0.710934	0.75788	0.813091	0.856468	0.906624	0.963746	1.01153	1.01349	0.956714	0.855022	0.725744	0.598644	0.515751	0.508928	0.583655	0.70595	0.82778	0.907263	0.913498	0.848526	0.721737	0.546667	0.356925	0.171591	-0.000789725	-0.136264	-0.220192	-0.239336	-0.20784	-0.152118	-0.0884664	-0.0448354	-0.0363484	
0.179396	0.179396	0.183193	0.18379	0.180132	0.187463	0.219911	0.281042	0.362205	0.45292	0.539232	0.606277	0.642606	0.649773	0.637618	0.61181	0.592873	0.593474	0.627562	0.678847	0.731573	0.796651	0.868288	0.934859	0.950475	0.9055	0.813268	0.701007	0.59884	0.54741	0.572438	0.677044	0.82778	0.9766	1.07941	1.10818	1.05806	0.936233	0.75933	0.559973	0.361464	0.186502	0.052514	-0.030613	-0.0528783	-0.0293663	0.014372	0.0682423	0.103345	0.111649	
0.174053	0.174053	0.180071	0.180755	0.177948	0.186322	0.22646	0.29855	0.386856	0.476197	0.550163	0.599379	0.613854	0.597828	0.557934	0.507144	0.459127	0.441738	0.463881	0.520637	0.589916	0.671967	0.761318	0.840799	0.868623	0.835079	0.753796	0.657926	0.581292	0.555722	0.606221	0.733471	0.907263	1.07941	1.21042	1.26148	1.22964	1.11852	0.946967	0.748695	0.554721	0.381441	0.252223	0.166364	0.135869	0.144605	0.181948	0.22639	0.257203	0.264035	
0.167861	0.167861	0.1767	0.18119	0.179682	0.191496	0.23783	0.320155	0.412913	0.498256	0.55398	0.580707	0.56658	0.52217	0.453305	0.372984	0.304268	0.268736	0.2893	0.353649	0.44138	0.540542	0.64214	0.728574	0.766829	0.742926	0.674303	0.593356	0.5331	0.524305	0.587362	0.725917	0.913498	1.10818	1.26148	1.33846	1.32797	1.23291	1.07626	0.896307	0.709285	0.545142	0.417701	0.327483	0.286327	0.287246	0.317365	0.357383	0.386885	0.397782	
0.150562	0.150562	0.1645	0.17626	0.181408	0.199797	0.255971	0.347411	0.446885	0.524005	0.56247	0.560014	0.515644	0.439646	0.339592	0.23509	0.146699	0.103711	0.12593	0.201136	0.307503	0.420114	0.529811	0.619803	0.661664	0.647196	0.584854	0.509469	0.45253	0.446006	0.510124	0.652069	0.848526	1.05806	1.22964	1.32797	1.33718	1.26501	1.13523	0.977805	0.80897	0.652775	0.521457	0.42998	0.384795	0.378892	0.409612	0.452812	0.483432	0.503946	
0.143234	0.143234	0.162261	0.18419	0.195846	0.22334	0.28421	0.381902	0.479668	0.544197	0.55939	0.523397	0.447599	0.339291	0.215418	0.0935225	-0.00162932	-0.0407539	-0.00977382	0.0810159	0.201857	0.325387	0.439027	0.525716	0.568891	0.555119	0.493368	0.412221	0.344984	0.329702	0.386329	0.523945	0.721737	0.936233	1.11852	1.23291	1.26501	1.22138	1.11915	0.986642	0.831405	0.67617	0.543666	0.455861	0.409567	0.407124	0.443155	0.491783	0.535173	0.573686	
0.149774	0.149774	0.176277	0.206198	0.230655	0.263062	0.329618	0.424795	0.51454	0.560674	0.54634	0.475761	0.365717	0.228166	0.0857706	-0.0459314	-0.137458	-0.165305	-0.118995	-0.01187	0.123421	0.257943	0.376947	0.462374	0.502864	0.484501	0.413225	0.313087	0.22453	0.187984	0.230258	0.356977	0.546667	0.75933	0.946967	1.07626	1.13523	1.11915	1.04219	0.924776	0.775451	0.617614	0.482195	0.396307	0.357294	0.363178	0.409529	0.477658	0.540905	0.595397	
0.166732	0.166732	0.198857	0.241823	0.276316	0.31852	0.38443	0.472066	0.545893	0.566334	0.520784	0.413902	0.27183	0.110234	-0.043989	-0.175952	-0.255106	-0.265498	-0.199252	-0.0744754	0.0737215	0.222954	0.347812	0.435286	0.470065	0.440598	0.352586	0.230002	0.112003	0.0533607	0.074226	0.182289	0.356925	0.559973	0.748695	0.896307	0.977805	0.986642	0.924776	0.812134	0.662908	0.501158	0.359149	0.273384	0.236945	0.250691	0.310369	0.399055	0.484186	0.557976	
0.195008	0.195008	0.233702	0.286016	0.333237	0.380077	0.441978	0.512873	0.561813	0.551849	0.473869	0.334322	0.166889	-0.0108248	-0.16797	-0.289989	-0.352976	-0.339732	-0.254499	-0.112799	0.0479313	0.208538	0.340038	0.427816	0.44974	0.403448	0.295866	0.147989	0.00947597	-0.0735582	-0.0727443	0.0158061	0.171591	0.361464	0.554721	0.709285	0.80897	0.831405	0.775451	0.662908	0.516845	0.3465	0.196719	0.100221	0.0635631	0.0842684	0.156001	0.260988	0.362643	0.448816	
0.229428	0.229428	0.273083	0.332472	0.389481	0.436396	0.487202	0.532214	0.546004	0.503003	0.390032	0.227817	0.039739	-0.141976	-0.293177	-0.398793	-0.436975	-0.399615	-0.29071	-0.130609	0.0425282	0.213651	0.349793	0.430779	0.435942	0.36534	0.234469	0.0684171	-0.0906856	-0.194226	-0.21203	-0.143024	-0.000789725	0.186502	0.381441	0.545142	0.652775	0.67617	0.617614	0.501158	0.3465	0.168325	0.0090876	-0.0995277	-0.135163	-0.111056	-0.0404128	0.061745	0.168013	0.268641	
0.248935	0.248935	0.295098	0.360856	0.422392	0.467302	0.500394	0.513169	0.488019	0.408447	0.268357	0.0895008	-0.106878	-0.283555	-0.42224	-0.503616	-0.514258	-0.448255	-0.309363	-0.127592	0.0639908	0.245122	0.381554	0.455019	0.436248	0.339463	0.185482	0.000954074	-0.175248	-0.296762	-0.33379	-0.274609	-0.136264	0.052514	0.252223	0.417701	0.521457	0.543666	0.482195	0.359149	0.196719	0.0090876	-0.167756	-0.294055	-0.339209	-0.327325	-0.269912	-0.174671	-0.0662126	0.0459688	
0.246893	0.246893	0.293204	0.362082	0.422286	0.461148	0.470449	0.449059	0.383338	0.272256	0.114922	-0.0674357	-0.256499	-0.417783	-0.534059	-0.585527	-0.565173	-0.465571	-0.296065	-0.0896751	0.118297	0.301015	0.433108	0.491255	0.451709	0.333505	0.161802	-0.0328881	-0.219688	-0.35691	-0.406963	-0.355374	-0.220192	-0.030613	0.166364	0.327483	0.42998	0.455861	0.396307	0.273384	0.100221	-0.0995277	-0.294055	-0.441307	-0.512317	-0.525624	-0.488858	-0.410435	-0.306632	-0.186455	
0.240083	0.240083	0.285352	0.349283	0.404774	0.426937	0.411315	0.351443	0.249314	0.111774	-0.0523008	-0.226193	-0.395982	-0.53415	-0.621539	-0.640762	-0.584703	-0.44943	-0.246305	-0.015032	0.206159	0.383439	0.504106	0.54308	0.486597	0.34984	0.164579	-0.038974	-0.23139	-0.376626	-0.428951	-0.377647	-0.239336	-0.0528783	0.135869	0.286327	0.384795	0.409567	0.357294	0.236945	0.0635631	-0.135163	-0.339209	-0.512317	-0.621091	-0.670926	-0.664498	-0.604328	-0.509912	-0.39219	
0.270877	0.270877	0.309454	0.362275	0.3985	0.395022	0.342974	0.241487	0.100956	-0.0609919	-0.228537	-0.3888	-0.535217	-0.646074	-0.702411	-0.685303	-0.588907	-0.412576	-0.174532	0.0828796	0.310026	0.477618	0.578245	0.596966	0.526946	0.376161	0.179856	-0.0262776	-0.21952	-0.356362	-0.403171	-0.34618	-0.20784	-0.0293663	0.144605	0.287246	0.378892	0.407124	0.363178	0.250691	0.0842684	-0.111056	-0.327325	-0.525624	-0.670926	-0.754087	-0.768219	-0.7298	-0.659246	-0.563713	
0.339648	0.339648	0.368019	0.402457	0.410159	0.37298	0.280643	0.139693	-0.0332357	-0.21428	-0.378864	-0.524988	-0.644453	-0.731475	-0.757138	-0.708114	-0.573182	-0.362636	-0.0959104	0.175079	0.400896	0.552587	0.63093	0.636118	0.558973	0.403099	0.205382	-0.00327745	-0.18418	-0.308444	-0.345682	-0.284994	-0.152118	0.014372	0.181948	0.317365	0.409612	0.443155	0.409529	0.310369	0.156001	-0.0404128	-0.269912	-0.488858	-0.664498	-0.768219	-0.801183	-0.785991	-0.744491	-0.675309	
0.443488	0.443488	0.46011	0.466483	0.441998	0.360456	0.23095	0.0526137	-0.143318	-0.336227	-0.49663	-0.625686	-0.722621	-0.783731	-0.78298	-0.7009	-0.534595	-0.294002	-0.0151706	0.258237	0.468472	0.596998	0.65077	0.639911	0.55729	0.404057	0.207274	0.0110419	-0.149255	-0.251626	-0.271928	-0.212596	-0.0884664	0.0682423	0.22639	0.357383	0.452812	0.491783	0.477658	0.399055	0.260988	0.061745	-0.174671	-0.410435	-0.604328	-0.7298	-0.785991	-0.797222	-0.779413	-0.731054	
0.57568	0.57568	0.575645	0.550528	0.48294	0.35614	0.185203	-0.0209931	-0.235463	-0.43115	-0.588503	-0.699614	-0.776901	-0.810342	-0.781535	-0.668166	-0.472407	-0.215134	0.0638602	0.322477	0.505102	0.60601	0.629015	0.599006	0.509608	0.357227	0.172101	-0.00647405	-0.141403	-0.215261	-0.223105	-0.162936	-0.0448354	0.103345	0.257203	0.386885	0.483432	0.535173	0.540905	0.484186	0.362643	0.168013	-0.0662126	-0.306632	-0.509912	-0.659246	-0.744491	-0.779413	-0.776793	-0.749977	
0.696966	0.696966	0.678154	0.620684	0.507458	0.338794	0.131814	-0.0911062	-0.312518	-0.5032	-0.653736	-0.74804	-0.805629	-0.809083	-0.75085	-0.606381	-0.387789	-0.12577	0.142804	0.371906	0.525458	0.594704	0.588553	0.538805	0.437215	0.291299	0.120107	-0.0390609	-0.150399	-0.207173	-0.207532	-0.146515	-0.0363484	0.111649	0.264035	0.397782	0.503946	0.573686	0.595397	0.557976	0.448816	0.268641	0.0459688	-0.186455	-0.39219	-0.563713	-0.675309	-0.731054	-0.749977	-0.745191	
