-0.964179	-0.964179	-0.142159	0.0771888	0.256061	-0.669893	
-0.964179	-0.964179	-0.142159	0.0771888	0.256061	-0.669893	
-0.142159	-0.142159	0.624082	0.7339	0.970166	-0.491004	
0.0771888	0.0771888	0.7339	1.20617	1.04505	0.281141	
0.256061	0.256061	0.970166	1.04505	1.41577	-0.212222	
-0.669893	-0.669893	-0.491004	0.281141	-0.212222	-0.533002	
