0.238477	0.503863	0.758695	0.983285	1.14625	1.22449	1.22453	1.1682	1.07759	0.99367	0.926458	0.87872	0.854451	0.837161	0.826094	0.814071	0.792092	0.758983	0.713468	0.658715	0.590049	0.515638	0.445754	0.37207	0.302398	0.251739	0.221921	0.217035	0.24319	0.310538	0.421248	0.548417	0.663963	0.752322	0.783101	0.726709	0.587573	0.394071	0.181399	-0.0218203	-0.212854	-0.397721	-0.552228	-0.635088	-0.634228	-0.570973	-0.472865	-0.36936	-0.300483	-0.300483	
0.503863	0.763074	1.00807	1.21397	1.34865	1.3994	1.37335	1.29283	1.18577	1.08586	0.997206	0.926809	0.878459	0.837534	0.799267	0.757846	0.709851	0.650688	0.58526	0.52007	0.445647	0.371565	0.306765	0.242352	0.187163	0.151492	0.134493	0.139902	0.174249	0.249146	0.364081	0.493984	0.620232	0.728054	0.779888	0.743357	0.621354	0.439942	0.235095	0.0345623	-0.162548	-0.360739	-0.53038	-0.627896	-0.640141	-0.586373	-0.495788	-0.401594	-0.340985	-0.340985	
0.758695	1.00807	1.23649	1.41405	1.51607	1.52994	1.46835	1.35679	1.22452	1.10128	0.989143	0.901475	0.833019	0.765801	0.703738	0.642765	0.577368	0.508489	0.442681	0.375973	0.30354	0.242677	0.191832	0.139974	0.100785	0.0801315	0.0738035	0.0859473	0.125064	0.203287	0.316804	0.445105	0.579286	0.703144	0.773184	0.756376	0.653452	0.486844	0.291752	0.0937405	-0.11001	-0.319889	-0.501978	-0.613485	-0.64067	-0.599306	-0.519645	-0.438397	-0.388627	-0.388627	
0.983285	1.21397	1.41405	1.55601	1.61468	1.58308	1.48357	1.33974	1.18322	1.03938	0.911217	0.808544	0.718317	0.635977	0.566399	0.498871	0.43136	0.364828	0.303192	0.243848	0.186962	0.143316	0.103944	0.0658211	0.0430754	0.0334037	0.0331091	0.0489012	0.0902301	0.1677	0.275032	0.399086	0.539176	0.675499	0.761055	0.764233	0.682705	0.533984	0.350596	0.154775	-0.0557847	-0.274903	-0.466249	-0.590926	-0.634929	-0.609303	-0.544524	-0.47991	-0.443201	-0.443201	
1.14625	1.34865	1.51607	1.61468	1.62436	1.55044	1.4159	1.24229	1.06913	0.912965	0.773504	0.66211	0.567759	0.488038	0.419782	0.353746	0.291313	0.235034	0.188354	0.142505	0.0997525	0.0706963	0.0434433	0.0184502	0.00700301	0.00346645	0.00669232	0.0239186	0.0648988	0.138099	0.236158	0.354857	0.498909	0.643752	0.742304	0.765923	0.708176	0.580491	0.410571	0.216599	-0.00025634	-0.22541	-0.422583	-0.559526	-0.62215	-0.61595	-0.570507	-0.526067	-0.504077	-0.504077	
1.22449	1.3994	1.52994	1.58308	1.55044	1.44113	1.27492	1.08496	0.907285	0.743363	0.606555	0.50424	0.415963	0.342685	0.280911	0.225376	0.177926	0.137762	0.102827	0.0670143	0.0406509	0.0251249	0.00468714	-0.011146	-0.0140951	-0.0143464	-0.0104896	0.00628384	0.0456142	0.112036	0.199041	0.312213	0.457984	0.607113	0.716359	0.760841	0.729026	0.625261	0.470254	0.278072	0.0564212	-0.170968	-0.370643	-0.518925	-0.601764	-0.618911	-0.597604	-0.576508	-0.570157	-0.570157	
1.22453	1.37335	1.46835	1.48357	1.4159	1.27492	1.09125	0.899646	0.721335	0.56635	0.44883	0.356183	0.276259	0.21712	0.17058	0.130455	0.0951518	0.0662588	0.0427933	0.0197892	0.00590259	-0.00461261	-0.0200156	-0.0262639	-0.0250626	-0.0262269	-0.0225985	-0.0059908	0.0304709	0.0876865	0.163375	0.271593	0.416193	0.565225	0.683184	0.748724	0.744441	0.66686	0.527844	0.338088	0.114372	-0.111144	-0.310459	-0.469186	-0.573498	-0.617949	-0.625658	-0.63048	-0.639861	-0.639861	
1.1682	1.29283	1.35679	1.33974	1.24229	1.08496	0.899646	0.71199	0.548136	0.41307	0.309204	0.227794	0.166339	0.126312	0.0924455	0.0609967	0.0372875	0.0223821	0.00648132	-0.00991132	-0.0153374	-0.0218837	-0.0325702	-0.0336885	-0.0326216	-0.0344467	-0.0302701	-0.0146463	0.0172193	0.0642031	0.129974	0.233547	0.373219	0.51816	0.643316	0.729606	0.753549	0.70346	0.581244	0.3957	0.173979	-0.0456385	-0.242508	-0.410856	-0.537472	-0.612946	-0.654229	-0.686735	-0.711147	-0.711147	
1.07759	1.18577	1.22452	1.18322	1.06913	0.907285	0.721335	0.548136	0.401831	0.280422	0.196519	0.135208	0.0926807	0.0640131	0.035768	0.0160163	0.00548684	-0.00499833	-0.0185013	-0.024845	-0.0244162	-0.0330156	-0.0405267	-0.0371457	-0.0369798	-0.0398629	-0.0358337	-0.0214561	0.00511962	0.0418858	0.0996834	0.198139	0.328809	0.466608	0.597783	0.703712	0.755358	0.732877	0.628237	0.450238	0.235765	0.0255581	-0.167754	-0.34501	-0.494284	-0.603897	-0.682459	-0.743447	-0.781568	-0.781568	
0.99367	1.08586	1.10128	1.03938	0.912965	0.743363	0.56635	0.41307	0.280422	0.184808	0.123452	0.0734501	0.0416294	0.01867	0.000998268	-0.00693508	-0.0145346	-0.0227187	-0.0292743	-0.0306761	-0.0329992	-0.0414159	-0.0417887	-0.037571	-0.0416039	-0.0446882	-0.039375	-0.0264195	-0.00658371	0.0208852	0.0732765	0.165205	0.282917	0.4118	0.547968	0.671385	0.748745	0.752716	0.666745	0.501352	0.300175	0.101998	-0.0876401	-0.273241	-0.445066	-0.59088	-0.708963	-0.798164	-0.84835	-0.84835	
0.926458	0.997206	0.989143	0.911217	0.773504	0.606555	0.44883	0.309204	0.196519	0.123452	0.0679183	0.026757	0.00729102	-0.00560561	-0.0144997	-0.0210034	-0.0264638	-0.0311657	-0.0363832	-0.0357766	-0.0374915	-0.0433811	-0.0413643	-0.040644	-0.0463284	-0.0467869	-0.040951	-0.0313726	-0.018692	0.00242265	0.0514169	0.133946	0.235752	0.355555	0.495476	0.632953	0.732471	0.760646	0.695139	0.548956	0.367259	0.182624	-0.00403594	-0.197626	-0.391472	-0.573999	-0.731761	-0.847826	-0.908481	-0.908481	
0.87872	0.926809	0.901475	0.808544	0.66211	0.50424	0.356183	0.227794	0.135208	0.0734501	0.026757	0.00279431	-0.00556274	-0.0172844	-0.0273153	-0.0307282	-0.0328679	-0.0379088	-0.0383884	-0.0350109	-0.0414343	-0.0463916	-0.0415676	-0.0432047	-0.0488891	-0.0476089	-0.0428018	-0.0370202	-0.0301248	-0.0122387	0.0334313	0.103209	0.188331	0.300142	0.441779	0.5886	0.705334	0.754807	0.712499	0.593022	0.436329	0.265677	0.0808427	-0.120631	-0.335568	-0.553283	-0.748309	-0.888869	-0.958774	-0.958774	
0.854451	0.878459	0.833019	0.718317	0.567759	0.415963	0.276259	0.166339	0.0926807	0.0416294	0.00729102	-0.00556274	-0.0175806	-0.0330406	-0.0346591	-0.0322196	-0.0362595	-0.0391641	-0.0369572	-0.039882	-0.047412	-0.0443456	-0.0401695	-0.0471724	-0.0513604	-0.0479114	-0.0446398	-0.0429938	-0.0401886	-0.022944	0.0179393	0.0724307	0.142453	0.247705	0.38793	0.538393	0.666456	0.734261	0.718747	0.633256	0.505652	0.348674	0.164519	-0.0449811	-0.279601	-0.528576	-0.755645	-0.917419	-0.995915	-0.995915	
0.837161	0.837534	0.765801	0.635977	0.488038	0.342685	0.21712	0.126312	0.0640131	0.01867	-0.00560561	-0.0172844	-0.0330406	-0.0363638	-0.0296838	-0.034058	-0.0407462	-0.040842	-0.0401115	-0.0437649	-0.0455674	-0.0415448	-0.0442613	-0.0518358	-0.0511204	-0.0473779	-0.047459	-0.0497458	-0.0479823	-0.0298175	0.00326938	0.041695	0.100295	0.199874	0.334463	0.482367	0.615627	0.699376	0.714572	0.668718	0.572304	0.428469	0.244318	0.0265403	-0.225659	-0.499421	-0.75067	-0.929576	-1.01646	-1.01646	
0.826094	0.799267	0.703738	0.566399	0.419782	0.280911	0.17058	0.0924455	0.035768	0.000998268	-0.0144997	-0.0273153	-0.0346591	-0.0296838	-0.0331132	-0.0432744	-0.0436143	-0.0395206	-0.0394587	-0.0447374	-0.0462156	-0.0434581	-0.0481608	-0.0528965	-0.0497922	-0.0483445	-0.052007	-0.0560954	-0.0521172	-0.0343028	-0.0125527	0.0121916	0.0641592	0.157332	0.281303	0.420729	0.553731	0.652028	0.701102	0.6975	0.632234	0.501383	0.317401	0.091351	-0.175243	-0.464996	-0.730524	-0.921744	-1.01687	-1.01687	
0.814071	0.757846	0.642765	0.498871	0.353746	0.225376	0.130455	0.0609967	0.0160163	-0.00693508	-0.0210034	-0.0307282	-0.0322196	-0.034058	-0.0432744	-0.0444907	-0.0378205	-0.0373411	-0.0445825	-0.0498044	-0.0446812	-0.0431463	-0.0520836	-0.0536504	-0.0486614	-0.0509718	-0.057623	-0.0601071	-0.0527579	-0.0394198	-0.0302401	-0.0134667	0.0354793	0.119377	0.228026	0.354269	0.483068	0.595415	0.679379	0.716618	0.680596	0.563369	0.3808	0.147381	-0.128866	-0.424123	-0.692984	-0.890953	-0.993501	-0.993501	
0.792092	0.709851	0.577368	0.43136	0.291313	0.177926	0.0951518	0.0372875	0.00548684	-0.0145346	-0.0264638	-0.0328679	-0.0362595	-0.0407462	-0.0436143	-0.0378205	-0.036926	-0.0455896	-0.0505332	-0.0453196	-0.0407811	-0.049677	-0.0568206	-0.0503414	-0.0484733	-0.0568078	-0.0623519	-0.0602499	-0.0525655	-0.0477997	-0.0479307	-0.0325898	0.0136718	0.0842955	0.17446	0.284676	0.407333	0.53347	0.649809	0.72223	0.712283	0.6102	0.431502	0.193397	-0.085798	-0.37538	-0.636778	-0.835118	-0.942853	-0.942853	
0.758983	0.650688	0.508489	0.364828	0.235034	0.137762	0.0662588	0.0223821	-0.00499833	-0.0227187	-0.0311657	-0.0379088	-0.0391641	-0.040842	-0.0395206	-0.0373411	-0.0455896	-0.0502798	-0.0448198	-0.0415063	-0.0481184	-0.0567046	-0.0528474	-0.0472187	-0.0545733	-0.0628429	-0.0626933	-0.0585313	-0.0552864	-0.0591012	-0.0622373	-0.0444435	-0.00370188	0.0503801	0.121078	0.214601	0.331257	0.469969	0.611768	0.710209	0.722577	0.637716	0.466669	0.229247	-0.0440861	-0.3173	-0.561679	-0.753158	-0.861857	-0.861857	
0.713468	0.58526	0.442681	0.303192	0.188354	0.102827	0.0427933	0.00648132	-0.0185013	-0.0292743	-0.0363832	-0.0383884	-0.0369572	-0.0401115	-0.0394587	-0.0445825	-0.0505332	-0.0448198	-0.0423684	-0.0479459	-0.0541402	-0.0544326	-0.0490364	-0.0519467	-0.0615984	-0.0638787	-0.0609449	-0.0589347	-0.0616193	-0.0705258	-0.0708902	-0.0506657	-0.0196825	0.0165742	0.0690804	0.147642	0.259826	0.407466	0.563587	0.676967	0.707763	0.642162	0.484012	0.255936	-0.000939266	-0.248621	-0.46834	-0.644998	-0.748437	-0.748437	
0.658715	0.52007	0.375973	0.243848	0.142505	0.0670143	0.0197892	-0.00991132	-0.024845	-0.0306761	-0.0357766	-0.0350109	-0.039882	-0.0437649	-0.0447374	-0.0498044	-0.0453196	-0.0415063	-0.0479459	-0.052635	-0.0547661	-0.0525285	-0.0502718	-0.0581147	-0.0649403	-0.0628575	-0.0603574	-0.0620364	-0.0703835	-0.0794496	-0.0733606	-0.0543992	-0.0371051	-0.0172319	0.0206358	0.0879906	0.196985	0.346429	0.503063	0.620342	0.665616	0.620713	0.482296	0.275419	0.0465614	-0.168485	-0.357867	-0.511452	-0.60215	-0.60215	
0.590049	0.445647	0.30354	0.186962	0.0997525	0.0406509	0.00590259	-0.0153374	-0.0244162	-0.0329992	-0.0374915	-0.0414343	-0.047412	-0.0455674	-0.0462156	-0.0446812	-0.0407811	-0.0481184	-0.0541402	-0.0547661	-0.0542852	-0.0497638	-0.0539883	-0.0655385	-0.0658593	-0.0604346	-0.0614155	-0.0688853	-0.0799715	-0.0828382	-0.071142	-0.0601383	-0.0576875	-0.0495465	-0.0211704	0.039325	0.144219	0.285117	0.428397	0.5402	0.595719	0.572185	0.461848	0.290088	0.100603	-0.0765542	-0.231317	-0.35411	-0.424801	-0.424801	
0.515638	0.371565	0.242677	0.143316	0.0706963	0.0251249	-0.00461261	-0.0218837	-0.0330156	-0.0414159	-0.0433811	-0.0463916	-0.0443456	-0.0415448	-0.0434581	-0.0431463	-0.049677	-0.0567046	-0.0544326	-0.0525285	-0.0497638	-0.0521282	-0.065624	-0.0691263	-0.0601846	-0.0595391	-0.0682268	-0.0786613	-0.0852722	-0.0795327	-0.0695897	-0.0718848	-0.0802483	-0.0773771	-0.0534058	0.00331445	0.0998032	0.220352	0.339159	0.438578	0.499716	0.497846	0.42483	0.302068	0.161924	0.0269999	-0.0893676	-0.175305	-0.220763	-0.220763	
0.445754	0.306765	0.191832	0.103944	0.0434433	0.00468714	-0.0200156	-0.0325702	-0.0405267	-0.0417887	-0.0413643	-0.0415676	-0.0401695	-0.0442613	-0.0481608	-0.0520836	-0.0568206	-0.0528474	-0.0490364	-0.0502718	-0.0539883	-0.065624	-0.0705718	-0.0600926	-0.0572807	-0.0681827	-0.0782786	-0.0844762	-0.0833306	-0.0746588	-0.0750269	-0.0893672	-0.100905	-0.0978977	-0.0745811	-0.0213834	0.0590838	0.148882	0.236851	0.319414	0.381601	0.402052	0.375123	0.312575	0.229551	0.141538	0.0675546	0.0217614	0.00318814	0.00318814	
0.37207	0.242352	0.139974	0.0658211	0.0184502	-0.011146	-0.0262639	-0.0336885	-0.0371457	-0.037571	-0.040644	-0.0432047	-0.0471724	-0.0518358	-0.0528965	-0.0536504	-0.0503414	-0.0472187	-0.0519467	-0.0581147	-0.0655385	-0.0691263	-0.0600926	-0.0562594	-0.0682329	-0.0788476	-0.0829445	-0.084196	-0.0783977	-0.0754815	-0.089073	-0.107984	-0.115837	-0.109741	-0.085375	-0.0395169	0.0157515	0.0688967	0.12488	0.188096	0.24798	0.292321	0.317753	0.321691	0.301151	0.265893	0.23857	0.232758	0.238622	0.238622	
0.302398	0.187163	0.100785	0.0430754	0.00700301	-0.0140951	-0.0250626	-0.0326216	-0.0369798	-0.0416039	-0.0463284	-0.0488891	-0.0513604	-0.0511204	-0.0497922	-0.0486614	-0.0484733	-0.0545733	-0.0615984	-0.0649403	-0.0658593	-0.0601846	-0.0572807	-0.0682329	-0.0792407	-0.081972	-0.0837018	-0.0810771	-0.0762381	-0.0860406	-0.107921	-0.12209	-0.123133	-0.113227	-0.089438	-0.0587729	-0.0358967	-0.0188914	0.00789997	0.0511329	0.108128	0.178595	0.258091	0.328791	0.373903	0.39808	0.421193	0.451963	0.476635	0.476635	
0.251739	0.151492	0.0801315	0.0334037	0.00346645	-0.0143464	-0.0262269	-0.0344467	-0.0398629	-0.0446882	-0.0467869	-0.0476089	-0.0479114	-0.0473779	-0.0483445	-0.0509718	-0.0568078	-0.0628429	-0.0638787	-0.0628575	-0.0604346	-0.0595391	-0.0681827	-0.0788476	-0.081972	-0.0833292	-0.0824547	-0.0773079	-0.0833014	-0.105434	-0.123933	-0.127919	-0.123247	-0.110974	-0.0939532	-0.0875724	-0.0984157	-0.111359	-0.109103	-0.0838163	-0.0265155	0.0716521	0.201201	0.333614	0.445483	0.534774	0.610202	0.672184	0.709079	0.709079	
0.221921	0.134493	0.0738035	0.0331091	0.00669232	-0.0104896	-0.0225985	-0.0302701	-0.0358337	-0.039375	-0.040951	-0.0428018	-0.0446398	-0.047459	-0.052007	-0.057623	-0.0623519	-0.0626933	-0.0609449	-0.0603574	-0.0614155	-0.0682268	-0.0782786	-0.0829445	-0.0837018	-0.0824547	-0.0778119	-0.0818545	-0.103031	-0.124255	-0.12998	-0.126227	-0.118925	-0.108736	-0.108337	-0.131438	-0.170078	-0.204346	-0.221141	-0.207676	-0.143792	-0.0188586	0.151736	0.337535	0.51464	0.670797	0.797172	0.885021	0.929321	0.929321	
0.217035	0.139902	0.0859473	0.0489012	0.0239186	0.00628384	-0.0059908	-0.0146463	-0.0214561	-0.0264195	-0.0313726	-0.0370202	-0.0429938	-0.0497458	-0.0560954	-0.0601071	-0.0602499	-0.0585313	-0.0589347	-0.0620364	-0.0688853	-0.0786613	-0.0844762	-0.084196	-0.0810771	-0.0773079	-0.0818545	-0.102079	-0.124185	-0.131093	-0.127005	-0.121311	-0.114601	-0.115417	-0.140535	-0.19012	-0.246247	-0.294019	-0.322431	-0.31024	-0.233159	-0.0859105	0.114476	0.344256	0.580992	0.799056	0.971199	1.0815	1.13212	1.13212	
0.24319	0.174249	0.125064	0.0902301	0.0648988	0.0456142	0.0304709	0.0172193	0.00511962	-0.00658371	-0.018692	-0.0301248	-0.0401886	-0.0479823	-0.0521172	-0.0527579	-0.0525655	-0.0552864	-0.0616193	-0.0703835	-0.0799715	-0.0852722	-0.0833306	-0.0783977	-0.0762381	-0.0833014	-0.103031	-0.124185	-0.13148	-0.127213	-0.121789	-0.11687	-0.117682	-0.140755	-0.192303	-0.258015	-0.322182	-0.376513	-0.405285	-0.381888	-0.288046	-0.125245	0.0949994	0.359185	0.644148	0.911387	1.12089	1.25286	1.31255	1.31255	
0.310538	0.249146	0.203287	0.1677	0.138099	0.112036	0.0876865	0.0642031	0.0418858	0.0208852	0.00242265	-0.0122387	-0.022944	-0.0298175	-0.0343028	-0.0394198	-0.0477997	-0.0591012	-0.0705258	-0.0794496	-0.0828382	-0.0795327	-0.0746588	-0.0754815	-0.0860406	-0.105434	-0.124255	-0.131093	-0.127213	-0.121821	-0.117648	-0.11847	-0.139123	-0.189022	-0.257449	-0.328244	-0.394221	-0.445837	-0.460618	-0.416451	-0.306653	-0.134153	0.0994514	0.387388	0.702842	1.00039	1.23695	1.39131	1.46456	1.46456	
0.421248	0.364081	0.316804	0.275032	0.236158	0.199041	0.163375	0.129974	0.0996834	0.0732765	0.0514169	0.0334313	0.0179393	0.00326938	-0.0125527	-0.0302401	-0.0479307	-0.0622373	-0.0708902	-0.0733606	-0.071142	-0.0695897	-0.0750269	-0.089073	-0.107921	-0.123933	-0.12998	-0.127005	-0.121789	-0.117648	-0.118684	-0.138031	-0.185808	-0.254008	-0.32664	-0.396259	-0.457362	-0.492767	-0.4811	-0.413203	-0.290305	-0.110181	0.132728	0.431061	0.754904	1.06171	1.31433	1.49035	1.57995	1.57995	
0.548417	0.493984	0.445105	0.399086	0.354857	0.312213	0.271593	0.233547	0.198139	0.165205	0.133946	0.103209	0.0724307	0.041695	0.0121916	-0.0134667	-0.0325898	-0.0444435	-0.0506657	-0.0543992	-0.0601383	-0.0718848	-0.0893672	-0.107984	-0.12209	-0.127919	-0.126227	-0.121311	-0.11687	-0.11847	-0.138031	-0.184594	-0.251642	-0.324091	-0.394016	-0.457756	-0.502196	-0.507822	-0.464875	-0.375673	-0.240543	-0.051526	0.195618	0.488144	0.798368	1.09557	1.35272	1.54492	1.64877	1.64877	
0.663963	0.620232	0.579286	0.539176	0.498909	0.457984	0.416193	0.373219	0.328809	0.282917	0.235752	0.188331	0.142453	0.100295	0.0641592	0.0354793	0.0136718	-0.00370188	-0.0196825	-0.0371051	-0.0576875	-0.0802483	-0.100905	-0.115837	-0.123133	-0.123247	-0.118925	-0.114601	-0.117682	-0.139123	-0.185808	-0.251642	-0.323051	-0.392173	-0.45584	-0.503393	-0.51709	-0.486852	-0.415711	-0.307696	-0.157893	0.0404201	0.282907	0.553261	0.832942	1.1064	1.35527	1.55146	1.6614	1.6614	
0.752322	0.728054	0.703144	0.675499	0.643752	0.607113	0.565225	0.51816	0.466608	0.4118	0.355555	0.300142	0.247705	0.199874	0.157332	0.119377	0.0842955	0.0503801	0.0165742	-0.0172319	-0.0495465	-0.0773771	-0.0978977	-0.109741	-0.113227	-0.110974	-0.108736	-0.115417	-0.140755	-0.189022	-0.254008	-0.324091	-0.392173	-0.454942	-0.502885	-0.519791	-0.495542	-0.433008	-0.338481	-0.210619	-0.0441286	0.158456	0.384398	0.620437	0.860441	1.10037	1.32614	1.50848	1.61186	1.61186	
0.783101	0.779888	0.773184	0.761055	0.742304	0.716359	0.683184	0.643316	0.597783	0.547968	0.495476	0.441779	0.38793	0.334463	0.281303	0.228026	0.17446	0.121078	0.0690804	0.0206358	-0.0211704	-0.0534058	-0.0745811	-0.085375	-0.089438	-0.0939532	-0.108337	-0.140535	-0.192303	-0.257449	-0.32664	-0.394016	-0.45584	-0.502885	-0.520327	-0.498577	-0.44008	-0.351833	-0.234739	-0.0852433	0.0939152	0.28992	0.488769	0.685513	0.883248	1.08192	1.26851	1.4175	1.50095	1.50095	
0.726709	0.743357	0.756376	0.764233	0.765923	0.760841	0.748724	0.729606	0.703712	0.671385	0.632953	0.5886	0.538393	0.482367	0.420729	0.354269	0.284676	0.214601	0.147642	0.0879906	0.039325	0.00331445	-0.0213834	-0.0395169	-0.0587729	-0.0875724	-0.131438	-0.19012	-0.258015	-0.328244	-0.396259	-0.457756	-0.503393	-0.519791	-0.498577	-0.442019	-0.356911	-0.245099	-0.104137	0.0630492	0.243368	0.420848	0.587612	0.746188	0.90146	1.05126	1.18408	1.28407	1.33771	1.33771	
0.587573	0.621354	0.653452	0.682705	0.708176	0.729026	0.744441	0.753549	0.755358	0.748745	0.732471	0.705334	0.666456	0.615627	0.553731	0.483068	0.407333	0.331257	0.259826	0.196985	0.144219	0.0998032	0.0590838	0.0157515	-0.0358967	-0.0984157	-0.170078	-0.246247	-0.322182	-0.394221	-0.457362	-0.502196	-0.51709	-0.495542	-0.44008	-0.356911	-0.248019	-0.11163	0.0492716	0.221893	0.389351	0.54105	0.676503	0.799621	0.910732	1.0045	1.07443	1.11825	1.13848	1.13848	
0.394071	0.439942	0.486844	0.533984	0.580491	0.625261	0.66686	0.70346	0.732877	0.752716	0.760646	0.754807	0.734261	0.699376	0.652028	0.595415	0.53347	0.469969	0.407466	0.346429	0.285117	0.220352	0.148882	0.0688967	-0.0188914	-0.111359	-0.204346	-0.294019	-0.376513	-0.445837	-0.492767	-0.507822	-0.486852	-0.433008	-0.351833	-0.245099	-0.11163	0.0453009	0.213374	0.37587	0.520966	0.64588	0.752415	0.839797	0.90274	0.9364	0.943009	0.933737	0.923746	0.923746	
0.181399	0.235095	0.291752	0.350596	0.410571	0.470254	0.527844	0.581244	0.628237	0.666745	0.695139	0.712499	0.718747	0.714572	0.701102	0.679379	0.649809	0.611768	0.563587	0.503063	0.428397	0.339159	0.236851	0.12488	0.00789997	-0.109103	-0.221141	-0.322431	-0.405285	-0.460618	-0.4811	-0.464875	-0.415711	-0.338481	-0.234739	-0.104137	0.0492716	0.213374	0.372094	0.513525	0.6338	0.733312	0.810041	0.857337	0.868521	0.844261	0.796516	0.745889	0.713822	0.713822	
-0.0218203	0.0345623	0.0937405	0.154775	0.216599	0.278072	0.338088	0.3957	0.450238	0.501352	0.548956	0.593022	0.633256	0.668718	0.6975	0.716618	0.72223	0.710209	0.676967	0.620342	0.5402	0.438578	0.319414	0.188096	0.0511329	-0.0838163	-0.207676	-0.31024	-0.381888	-0.416451	-0.413203	-0.375673	-0.307696	-0.210619	-0.0852433	0.0630492	0.221893	0.37587	0.513525	0.630624	0.726768	0.799253	0.840633	0.842584	0.802951	0.730579	0.644629	0.569032	0.52506	0.52506	
-0.212854	-0.162548	-0.11001	-0.0557847	-0.00025634	0.0564212	0.114372	0.173979	0.235765	0.300175	0.367259	0.436329	0.505652	0.572304	0.632234	0.680596	0.712283	0.722577	0.707763	0.665616	0.595719	0.499716	0.381601	0.24798	0.108128	-0.0265155	-0.143792	-0.233159	-0.288046	-0.306653	-0.290305	-0.240543	-0.157893	-0.0441286	0.0939152	0.243368	0.389351	0.520966	0.6338	0.726768	0.796626	0.835644	0.834833	0.790269	0.707828	0.603292	0.498205	0.41409	0.367588	0.367588	
-0.397721	-0.360739	-0.319889	-0.274903	-0.22541	-0.170968	-0.111144	-0.0456385	0.0255581	0.101998	0.182624	0.265677	0.348674	0.428469	0.501383	0.563369	0.6102	0.637716	0.642162	0.620713	0.572185	0.497846	0.402052	0.292321	0.178595	0.0716521	-0.0188586	-0.0859105	-0.125245	-0.134153	-0.110181	-0.051526	0.0404201	0.158456	0.28992	0.420848	0.54105	0.64588	0.733312	0.799253	0.835644	0.833336	0.787685	0.702833	0.591939	0.473604	0.366865	0.287245	0.244986	0.244986	
-0.552228	-0.53038	-0.501978	-0.466249	-0.422583	-0.370643	-0.310459	-0.242508	-0.167754	-0.0876401	-0.00403594	0.0808427	0.164519	0.244318	0.317401	0.3808	0.431502	0.466669	0.484012	0.482296	0.461848	0.42483	0.375123	0.317753	0.258091	0.201201	0.151736	0.114476	0.0949994	0.0994514	0.132728	0.195618	0.282907	0.384398	0.488769	0.587612	0.676503	0.752415	0.810041	0.840633	0.834833	0.787685	0.702391	0.590443	0.468303	0.352723	0.257071	0.189893	0.155508	0.155508	
-0.635088	-0.627896	-0.613485	-0.590926	-0.559526	-0.518925	-0.469186	-0.410856	-0.34501	-0.273241	-0.197626	-0.120631	-0.0449811	0.0265403	0.091351	0.147381	0.193397	0.229247	0.255936	0.275419	0.290088	0.302068	0.312575	0.321691	0.328791	0.333614	0.337535	0.344256	0.359185	0.387388	0.431061	0.488144	0.553261	0.620437	0.685513	0.746188	0.799621	0.839797	0.857337	0.842584	0.790269	0.702833	0.590443	0.467893	0.350204	0.249068	0.171355	0.119663	0.0940839	0.0940839	
-0.634228	-0.640141	-0.64067	-0.634929	-0.62215	-0.601764	-0.573498	-0.537472	-0.494284	-0.445066	-0.391472	-0.335568	-0.279601	-0.225659	-0.175243	-0.128866	-0.085798	-0.0440861	-0.000939266	0.0465614	0.100603	0.161924	0.229551	0.301151	0.373903	0.445483	0.51464	0.580992	0.644148	0.702842	0.754904	0.798368	0.832942	0.860441	0.883248	0.90146	0.910732	0.90274	0.868521	0.802951	0.707828	0.591939	0.468303	0.350204	0.247866	0.166923	0.10874	0.0719477	0.0543197	0.0543197	
-0.570973	-0.586373	-0.599306	-0.609303	-0.61595	-0.618911	-0.617949	-0.612946	-0.603897	-0.59088	-0.573999	-0.553283	-0.528576	-0.499421	-0.464996	-0.424123	-0.37538	-0.3173	-0.248621	-0.168485	-0.0765542	0.0269999	0.141538	0.265893	0.39808	0.534774	0.670797	0.799056	0.911387	1.00039	1.06171	1.09557	1.1064	1.10037	1.08192	1.05126	1.0045	0.9364	0.844261	0.730579	0.603292	0.473604	0.352723	0.249068	0.166923	0.106647	0.0659337	0.0414054	0.0300182	0.0300182	
-0.472865	-0.495788	-0.519645	-0.544524	-0.570507	-0.597604	-0.625658	-0.654229	-0.682459	-0.708963	-0.731761	-0.748309	-0.755645	-0.75067	-0.730524	-0.692984	-0.636778	-0.561679	-0.46834	-0.357867	-0.231317	-0.0893676	0.0675546	0.23857	0.421193	0.610202	0.797172	0.971199	1.12089	1.23695	1.31433	1.35272	1.35527	1.32614	1.26851	1.18408	1.07443	0.943009	0.796516	0.644629	0.498205	0.366865	0.257071	0.171355	0.10874	0.0659337	0.0387115	0.0230803	0.0160519	0.0160519	
-0.36936	-0.401594	-0.438397	-0.47991	-0.526067	-0.576508	-0.63048	-0.686735	-0.743447	-0.798164	-0.847826	-0.888869	-0.917419	-0.929576	-0.921744	-0.890953	-0.835118	-0.753158	-0.644998	-0.511452	-0.35411	-0.175305	0.0217614	0.232758	0.451963	0.672184	0.885021	1.0815	1.25286	1.39131	1.49035	1.54492	1.55146	1.50848	1.4175	1.28407	1.11825	0.933737	0.745889	0.569032	0.41409	0.287245	0.189893	0.119663	0.0719477	0.0414054	0.0230803	0.0130508	0.00868684	0.00868684	
-0.300483	-0.340985	-0.388627	-0.443201	-0.504077	-0.570157	-0.639861	-0.711147	-0.781568	-0.84835	-0.908481	-0.958774	-0.995915	-1.01646	-1.01687	-0.993501	-0.942853	-0.861857	-0.748437	-0.60215	-0.424801	-0.220763	0.00318814	0.238622	0.476635	0.709079	0.929321	1.13212	1.31255	1.46456	1.57995	1.64877	1.6614	1.61186	1.50095	1.33771	1.13848	0.923746	0.713822	0.52506	0.367588	0.244986	0.155508	0.0940839	0.0543197	0.0300182	0.0160519	0.00868684	0.00556581	0.00556581	
-0.300483	-0.340985	-0.388627	-0.443201	-0.504077	-0.570157	-0.639861	-0.711147	-0.781568	-0.84835	-0.908481	-0.958774	-0.995915	-1.01646	-1.01687	-0.993501	-0.942853	-0.861857	-0.748437	-0.60215	-0.424801	-0.220763	0.00318814	0.238622	0.476635	0.709079	0.929321	1.13212	1.31255	1.46456	1.57995	1.64877	1.6614	1.61186	1.50095	1.33771	1.13848	0.923746	0.713822	0.52506	0.367588	0.244986	0.155508	0.0940839	0.0543197	0.0300182	0.0160519	0.00868684	0.00556581	0.00556581	
