0.765219	0.800724	0.80534	0.787411	0.745803	0.681571	0.618281	0.574399	0.557944	0.559529	0.547602	0.492462	0.391602	0.257184	0.110157	-0.0350246	-0.171744	-0.291972	-0.381975	-0.43915	-0.464281	-0.463979	-0.457786	-0.447971	-0.412526	-0.336636	-0.226144	-0.0932442	0.0418847	0.157432	0.258679	0.362006	0.483631	0.620932	0.739787	0.813781	0.838566	0.830113	0.801369	0.757352	0.702002	0.648004	0.586897	0.500647	0.393066	0.274997	0.171789	0.0930219	0.0473294	0.0473294	
0.800724	0.809965	0.788398	0.752221	0.707821	0.652284	0.604249	0.577608	0.581753	0.600342	0.599225	0.553537	0.453797	0.311807	0.158208	-0.00150869	-0.158826	-0.293535	-0.393026	-0.457199	-0.485661	-0.482913	-0.464882	-0.429608	-0.3634	-0.258424	-0.121616	0.0404216	0.198459	0.332304	0.438154	0.528093	0.630088	0.744021	0.843673	0.904017	0.921077	0.909143	0.881436	0.835097	0.772425	0.70593	0.629946	0.532104	0.409502	0.274145	0.148092	0.0426088	-0.0211525	-0.0211525	
0.80534	0.788398	0.745281	0.697968	0.658227	0.610822	0.575393	0.57134	0.588787	0.610592	0.614665	0.574906	0.48336	0.350007	0.192608	0.0241209	-0.141156	-0.280557	-0.395622	-0.472142	-0.502507	-0.497771	-0.468248	-0.408807	-0.31449	-0.187016	-0.0256782	0.158502	0.337772	0.486582	0.593957	0.675881	0.754566	0.838426	0.914524	0.958313	0.967406	0.953551	0.924783	0.877775	0.813435	0.743311	0.666964	0.56961	0.44394	0.301962	0.156163	0.0220534	-0.0595132	-0.0595132	
0.787411	0.752221	0.697968	0.651369	0.606344	0.563561	0.541403	0.545724	0.564889	0.588184	0.596274	0.565891	0.489156	0.371816	0.221214	0.0498444	-0.114057	-0.261174	-0.390096	-0.475008	-0.511272	-0.505554	-0.463469	-0.384737	-0.266721	-0.114698	0.0629237	0.25817	0.444631	0.595509	0.700794	0.773658	0.836463	0.895614	0.947516	0.979613	0.984309	0.969348	0.943603	0.898943	0.839478	0.77789	0.702965	0.60672	0.480108	0.325526	0.162149	0.00593327	-0.0937603	-0.0937603	
0.745803	0.707821	0.658227	0.606344	0.558947	0.518608	0.498452	0.496604	0.508631	0.530266	0.538854	0.514744	0.4602	0.365719	0.225874	0.0637533	-0.0957467	-0.241828	-0.370004	-0.45743	-0.495758	-0.486691	-0.43523	-0.343445	-0.208296	-0.041218	0.145961	0.342972	0.525802	0.669511	0.768053	0.832319	0.872739	0.909544	0.945487	0.96962	0.9786	0.967776	0.938565	0.89262	0.837639	0.778593	0.710112	0.614613	0.483564	0.326077	0.151091	-0.0148759	-0.121095	-0.121095	
0.681571	0.652284	0.610822	0.563561	0.518608	0.482709	0.457089	0.444198	0.445582	0.4534	0.451893	0.435476	0.400896	0.332651	0.218001	0.0707975	-0.0817284	-0.222359	-0.341097	-0.420949	-0.449948	-0.429798	-0.376225	-0.280524	-0.132613	0.0398735	0.22299	0.408841	0.576933	0.709112	0.798127	0.848702	0.87527	0.891855	0.910981	0.934161	0.942782	0.929556	0.895926	0.847128	0.792949	0.740288	0.675915	0.580388	0.448763	0.287537	0.113129	-0.0508276	-0.152556	-0.152556	
0.618281	0.604249	0.575393	0.541403	0.498452	0.457089	0.429572	0.41291	0.401103	0.388421	0.373655	0.354986	0.3295	0.28609	0.202572	0.0741302	-0.0700658	-0.195865	-0.289788	-0.354199	-0.371057	-0.351552	-0.300785	-0.198741	-0.0535985	0.112433	0.28443	0.445722	0.590056	0.707937	0.78835	0.828861	0.839951	0.84291	0.85342	0.871558	0.87369	0.854977	0.812292	0.756339	0.705854	0.655879	0.59257	0.501064	0.370314	0.209102	0.0424556	-0.10846	-0.198005	-0.198005	
0.574399	0.577608	0.57134	0.545724	0.496604	0.444198	0.41291	0.391541	0.368419	0.338918	0.31293	0.291853	0.275655	0.255167	0.195373	0.0839466	-0.0360086	-0.134625	-0.2048	-0.249008	-0.260677	-0.248372	-0.203134	-0.105666	0.0294045	0.177823	0.320839	0.449568	0.568659	0.666493	0.73255	0.760629	0.7597	0.753933	0.760514	0.777405	0.774351	0.748014	0.697601	0.64124	0.58699	0.529236	0.464931	0.37122	0.24339	0.0903629	-0.0654588	-0.196477	-0.267152	-0.267152	
0.557944	0.581753	0.588787	0.564889	0.508631	0.445582	0.401103	0.368419	0.331837	0.292289	0.2628	0.249525	0.252046	0.251236	0.215593	0.137829	0.05002	-0.0219491	-0.0643817	-0.0906178	-0.102377	-0.100656	-0.0671242	0.009843	0.11448	0.230615	0.338179	0.427765	0.515165	0.591194	0.638856	0.652958	0.639803	0.628309	0.635496	0.650202	0.645369	0.615015	0.562136	0.505197	0.439389	0.3672	0.287467	0.189662	0.0735995	-0.070095	-0.207167	-0.310545	-0.36322	-0.36322	
0.559529	0.600342	0.610592	0.588184	0.530266	0.4534	0.388421	0.338918	0.292289	0.245297	0.219788	0.227145	0.258639	0.286419	0.290068	0.258362	0.21174	0.167258	0.14308	0.125025	0.105105	0.0930811	0.106432	0.152361	0.215506	0.280651	0.336871	0.38811	0.441198	0.486641	0.515976	0.517439	0.494431	0.480017	0.488903	0.503338	0.496599	0.465347	0.414344	0.355039	0.276818	0.180847	0.07989	-0.0236041	-0.132281	-0.260557	-0.379775	-0.459556	-0.494107	-0.494107	
0.547602	0.599225	0.614665	0.596274	0.538854	0.451893	0.373655	0.31293	0.2628	0.219788	0.208058	0.238633	0.298689	0.363712	0.413718	0.437707	0.435257	0.416653	0.395578	0.36912	0.335694	0.308167	0.294661	0.298253	0.314019	0.3283	0.337791	0.347724	0.363337	0.381067	0.391611	0.377688	0.350362	0.333842	0.337354	0.35163	0.343963	0.311936	0.262242	0.198211	0.108022	-0.0141563	-0.137544	-0.24612	-0.352848	-0.465549	-0.568264	-0.634087	-0.653182	-0.653182	
0.492462	0.553537	0.574906	0.565891	0.514744	0.435476	0.354986	0.291853	0.249525	0.227145	0.238633	0.292243	0.380291	0.48055	0.572	0.643838	0.674968	0.667912	0.641538	0.600368	0.552197	0.500713	0.456357	0.425168	0.397183	0.369423	0.345824	0.328416	0.314109	0.300472	0.2906	0.262754	0.227864	0.207321	0.203817	0.212897	0.200238	0.16241	0.111209	0.0373039	-0.0680087	-0.205977	-0.35156	-0.466159	-0.563522	-0.660689	-0.740426	-0.787266	-0.795062	-0.795062	
0.391602	0.453797	0.48336	0.489156	0.4602	0.400896	0.3295	0.275655	0.252046	0.258639	0.298689	0.380291	0.500622	0.632877	0.753315	0.848427	0.893133	0.889137	0.849143	0.788532	0.721161	0.646759	0.577554	0.51466	0.453607	0.396852	0.350289	0.312486	0.278803	0.246941	0.215299	0.175359	0.13415	0.108562	0.0987962	0.0995338	0.0829242	0.0335659	-0.0300056	-0.116955	-0.236444	-0.383888	-0.535943	-0.651024	-0.735274	-0.806828	-0.860901	-0.884451	-0.882796	-0.882796	
0.257184	0.311807	0.350007	0.371816	0.365719	0.332651	0.28609	0.255167	0.251236	0.286419	0.363712	0.48055	0.632877	0.789097	0.929604	1.03291	1.07618	1.06173	0.997325	0.917677	0.82697	0.73475	0.648609	0.559355	0.475307	0.399583	0.341623	0.292897	0.24407	0.196134	0.146889	0.102495	0.0656716	0.0405845	0.0282542	0.0167739	-0.0128368	-0.0727307	-0.147724	-0.243052	-0.362121	-0.505738	-0.653591	-0.76416	-0.837648	-0.884123	-0.911323	-0.912578	-0.902591	-0.902591	
0.110157	0.158208	0.192608	0.221214	0.225874	0.218001	0.202572	0.195373	0.215593	0.290068	0.413718	0.572	0.753315	0.929604	1.07479	1.1711	1.20058	1.1659	1.07758	0.966096	0.848107	0.738967	0.643541	0.551057	0.465318	0.387232	0.323956	0.271612	0.214767	0.148831	0.0828445	0.0343523	0.000608246	-0.017583	-0.0247453	-0.0427831	-0.0788459	-0.142641	-0.221594	-0.318237	-0.425232	-0.551489	-0.684697	-0.781542	-0.848177	-0.876664	-0.882721	-0.874544	-0.85906	-0.85906	
-0.0350246	-0.00150869	0.0241209	0.0498444	0.0637533	0.0707975	0.0741302	0.0839466	0.137829	0.258362	0.437707	0.643838	0.848427	1.03291	1.1711	1.25137	1.2574	1.19142	1.06559	0.92031	0.776417	0.658457	0.564697	0.480709	0.411302	0.350292	0.299728	0.252676	0.187515	0.0999411	0.0217555	-0.0383163	-0.0659098	-0.0677534	-0.0737765	-0.0870593	-0.118927	-0.175116	-0.243439	-0.325978	-0.415894	-0.520871	-0.628616	-0.713514	-0.770376	-0.784682	-0.779582	-0.764766	-0.749547	-0.749547	
-0.171744	-0.158826	-0.141156	-0.114057	-0.0957467	-0.0817284	-0.0700658	-0.0360086	0.05002	0.21174	0.435257	0.674968	0.893133	1.07618	1.20058	1.2574	1.23124	1.12668	0.96901	0.789982	0.630077	0.503672	0.413231	0.348649	0.301718	0.26693	0.24091	0.209082	0.148526	0.0580086	-0.0284881	-0.0904543	-0.109965	-0.103164	-0.104551	-0.11279	-0.138122	-0.180272	-0.227326	-0.289055	-0.360513	-0.434334	-0.516017	-0.583084	-0.618644	-0.624337	-0.606023	-0.582477	-0.569475	-0.569475	
-0.291972	-0.293535	-0.280557	-0.261174	-0.241828	-0.222359	-0.195865	-0.134625	-0.0219491	0.167258	0.416653	0.667912	0.889137	1.06173	1.1659	1.19142	1.12668	0.983134	0.7937	0.589779	0.418263	0.287868	0.205939	0.168239	0.153872	0.151154	0.152658	0.138139	0.0925831	0.0171502	-0.063559	-0.110216	-0.123321	-0.116935	-0.113258	-0.124206	-0.142569	-0.16577	-0.195517	-0.237784	-0.287698	-0.335272	-0.380128	-0.412634	-0.42126	-0.40764	-0.378789	-0.352537	-0.340076	-0.340076	
-0.381975	-0.393026	-0.395622	-0.390096	-0.370004	-0.341097	-0.289788	-0.2048	-0.0643817	0.14308	0.395578	0.641538	0.849143	0.997325	1.07758	1.06559	0.96901	0.7937	0.571707	0.353347	0.172588	0.0497385	-0.0170703	-0.0308436	-0.0110922	0.0226147	0.0550529	0.069966	0.0491781	-0.00307845	-0.0679172	-0.108012	-0.116789	-0.116769	-0.118032	-0.132088	-0.147953	-0.156893	-0.17303	-0.197437	-0.224297	-0.248823	-0.254044	-0.245336	-0.222203	-0.17754	-0.131068	-0.0938581	-0.0748261	-0.0748261	
-0.43915	-0.457199	-0.472142	-0.475008	-0.45743	-0.420949	-0.354199	-0.249008	-0.0906178	0.125025	0.36912	0.600368	0.788532	0.917677	0.966096	0.92031	0.789982	0.589779	0.353347	0.127152	-0.0517323	-0.170201	-0.22177	-0.203637	-0.148557	-0.0816987	-0.0182941	0.023864	0.0326373	0.00143412	-0.0489634	-0.0872971	-0.110933	-0.125797	-0.13632	-0.153343	-0.160599	-0.157734	-0.163224	-0.174463	-0.189856	-0.19047	-0.161911	-0.114041	-0.0483502	0.0260999	0.0944881	0.147257	0.172278	0.172278	
-0.464281	-0.485661	-0.502507	-0.511272	-0.495758	-0.449948	-0.371057	-0.260677	-0.102377	0.105105	0.335694	0.552197	0.721161	0.82697	0.848107	0.776417	0.630077	0.418263	0.172588	-0.0517323	-0.224706	-0.330076	-0.360544	-0.323644	-0.244276	-0.148526	-0.0583294	0.0131206	0.0498264	0.0374037	-0.00529784	-0.0568836	-0.0991347	-0.137568	-0.16874	-0.188758	-0.193001	-0.180583	-0.173665	-0.168314	-0.170295	-0.152169	-0.10151	-0.0320832	0.0627551	0.158016	0.244978	0.313403	0.345907	0.345907	
-0.463979	-0.482913	-0.497771	-0.505554	-0.486691	-0.429798	-0.351552	-0.248372	-0.100656	0.0930811	0.308167	0.500713	0.646759	0.73475	0.738967	0.658457	0.503672	0.287868	0.0497385	-0.170201	-0.330076	-0.416964	-0.425245	-0.369225	-0.271948	-0.155101	-0.0420238	0.0531401	0.110715	0.109086	0.0623503	-0.00613511	-0.0806306	-0.147097	-0.203025	-0.236044	-0.241784	-0.227819	-0.212384	-0.198477	-0.183538	-0.15231	-0.0905284	-0.0060665	0.0996634	0.207627	0.304222	0.378937	0.417045	0.417045	
-0.457786	-0.464882	-0.468248	-0.463469	-0.43523	-0.376225	-0.300785	-0.203134	-0.0671242	0.106432	0.294661	0.456357	0.577554	0.648609	0.643541	0.564697	0.413231	0.205939	-0.0170703	-0.22177	-0.360544	-0.425245	-0.417641	-0.342212	-0.228009	-0.0949821	0.0368041	0.150602	0.216309	0.212802	0.155384	0.0670616	-0.0383637	-0.138018	-0.22442	-0.283888	-0.305548	-0.305225	-0.292018	-0.278054	-0.254613	-0.213917	-0.149833	-0.0573546	0.0554901	0.175515	0.282235	0.366079	0.409752	0.409752	
-0.447971	-0.429608	-0.408807	-0.384737	-0.343445	-0.280524	-0.198741	-0.105666	0.009843	0.152361	0.298253	0.425168	0.51466	0.559355	0.551057	0.480709	0.348649	0.168239	-0.0308436	-0.203637	-0.323644	-0.369225	-0.342212	-0.258527	-0.137682	0.00541092	0.153409	0.278983	0.34481	0.346054	0.282852	0.17274	0.0474104	-0.0888001	-0.217721	-0.315225	-0.371794	-0.401413	-0.408872	-0.405639	-0.384969	-0.345926	-0.282434	-0.186567	-0.0669575	0.0704097	0.192273	0.29012	0.343212	0.343212	
-0.412526	-0.3634	-0.31449	-0.266721	-0.208296	-0.132613	-0.0535985	0.0294045	0.11448	0.215506	0.314019	0.397183	0.453607	0.475307	0.465318	0.411302	0.301718	0.153872	-0.0110922	-0.148557	-0.244276	-0.271948	-0.228009	-0.137682	-0.010232	0.134935	0.287235	0.416283	0.48561	0.490582	0.427329	0.314617	0.168492	-0.00558842	-0.173841	-0.319063	-0.422741	-0.490344	-0.532265	-0.554126	-0.548215	-0.515245	-0.458656	-0.361696	-0.235577	-0.0954649	0.0334372	0.134108	0.189459	0.189459	
-0.336636	-0.258424	-0.187016	-0.114698	-0.041218	0.0398735	0.112433	0.177823	0.230615	0.280651	0.3283	0.369423	0.396852	0.399583	0.387232	0.350292	0.26693	0.151154	0.0226147	-0.0816987	-0.148526	-0.155101	-0.0949821	0.00541092	0.134935	0.282019	0.433952	0.561956	0.633361	0.64188	0.583644	0.468961	0.303584	0.0993805	-0.109632	-0.302868	-0.451185	-0.562812	-0.642336	-0.689634	-0.703204	-0.684101	-0.638123	-0.550259	-0.435194	-0.306882	-0.188438	-0.0989287	-0.0448685	-0.0448685	
-0.226144	-0.121616	-0.0256782	0.0629237	0.145961	0.22299	0.28443	0.320839	0.338179	0.336871	0.337791	0.345824	0.350289	0.341623	0.323956	0.299728	0.24091	0.152658	0.0550529	-0.0182941	-0.0583294	-0.0420238	0.0368041	0.153409	0.287235	0.433952	0.583041	0.703061	0.773171	0.783627	0.73394	0.614969	0.429888	0.202484	-0.0458834	-0.274349	-0.458401	-0.607931	-0.718744	-0.793026	-0.827774	-0.829827	-0.796908	-0.727772	-0.634915	-0.533022	-0.448005	-0.376595	-0.335832	-0.335832	
-0.0932442	0.0404216	0.158502	0.25817	0.342972	0.408841	0.445722	0.449568	0.427765	0.38811	0.347724	0.328416	0.312486	0.292897	0.271612	0.252676	0.209082	0.138139	0.069966	0.023864	0.0131206	0.0531401	0.150602	0.278983	0.416283	0.561956	0.703061	0.817861	0.88912	0.903208	0.854456	0.732734	0.534316	0.286608	0.021528	-0.225489	-0.437058	-0.615595	-0.756571	-0.860046	-0.919777	-0.940635	-0.924972	-0.876652	-0.809582	-0.747746	-0.701947	-0.658006	-0.633173	-0.633173	
0.0418847	0.198459	0.337772	0.444631	0.525802	0.576933	0.590056	0.568659	0.515165	0.441198	0.363337	0.314109	0.278803	0.24407	0.214767	0.187515	0.148526	0.0925831	0.0491781	0.0326373	0.0498264	0.110715	0.216309	0.34481	0.48561	0.633361	0.773171	0.88912	0.960384	0.983724	0.943461	0.822152	0.622786	0.366724	0.0928545	-0.166722	-0.396449	-0.595847	-0.762408	-0.884623	-0.965951	-1.00621	-1.00944	-0.984899	-0.949372	-0.92902	-0.91658	-0.902123	-0.887264	-0.887264	
0.157432	0.332304	0.486582	0.595509	0.669511	0.709112	0.707937	0.666493	0.591194	0.486641	0.381067	0.300472	0.246941	0.196134	0.148831	0.0999411	0.0580086	0.0171502	-0.00307845	0.00143412	0.0374037	0.109086	0.212802	0.346054	0.490582	0.64188	0.783627	0.903208	0.983724	1.01909	0.991953	0.878097	0.680558	0.424896	0.151699	-0.108674	-0.345693	-0.555772	-0.738081	-0.876678	-0.972775	-1.0283	-1.04434	-1.039	-1.03174	-1.04541	-1.06588	-1.0761	-1.0738	-1.0738	
0.258679	0.438154	0.593957	0.700794	0.768053	0.798127	0.78835	0.73255	0.638856	0.515976	0.391611	0.2906	0.215299	0.146889	0.0828445	0.0217555	-0.0284881	-0.063559	-0.0679172	-0.0489634	-0.00529784	0.0623503	0.155384	0.282852	0.427329	0.583644	0.73394	0.854456	0.943461	0.991953	0.971996	0.869132	0.683056	0.437193	0.17839	-0.069216	-0.298391	-0.502932	-0.686071	-0.827919	-0.930312	-0.992682	-1.01948	-1.03342	-1.05237	-1.0955	-1.13985	-1.1705	-1.17861	-1.17861	
0.362006	0.528093	0.675881	0.773658	0.832319	0.848702	0.828861	0.760629	0.652958	0.517439	0.377688	0.262754	0.175359	0.102495	0.0343523	-0.0383163	-0.0904543	-0.110216	-0.108012	-0.0872971	-0.0568836	-0.00613511	0.0670616	0.17274	0.314617	0.468961	0.614969	0.732734	0.822152	0.878097	0.869132	0.780662	0.616399	0.391481	0.157676	-0.0611649	-0.264176	-0.439878	-0.603719	-0.73589	-0.834541	-0.900918	-0.937427	-0.971708	-1.01578	-1.08084	-1.14351	-1.18879	-1.20854	-1.20854	
0.483631	0.630088	0.754566	0.836463	0.872739	0.87527	0.839951	0.7597	0.639803	0.494431	0.350362	0.227864	0.13415	0.0656716	0.000608246	-0.0659098	-0.109965	-0.123321	-0.116789	-0.110933	-0.0991347	-0.0806306	-0.0383637	0.0474104	0.168492	0.303584	0.429888	0.534316	0.622786	0.680558	0.683056	0.616399	0.472571	0.286698	0.0953959	-0.0793878	-0.229596	-0.362309	-0.49334	-0.608872	-0.699939	-0.766111	-0.808493	-0.859772	-0.928649	-1.01029	-1.09111	-1.15361	-1.18755	-1.18755	
0.620932	0.744021	0.838426	0.895614	0.909544	0.891855	0.84291	0.753933	0.628309	0.480017	0.333842	0.207321	0.108562	0.0405845	-0.017583	-0.0677534	-0.103164	-0.116935	-0.116769	-0.125797	-0.137568	-0.147097	-0.138018	-0.0888001	-0.00558842	0.0993805	0.202484	0.286608	0.366724	0.424896	0.437193	0.391481	0.286698	0.149985	0.0106209	-0.105824	-0.197373	-0.277834	-0.366833	-0.459176	-0.541435	-0.601286	-0.651286	-0.720858	-0.809054	-0.90948	-1.00385	-1.08274	-1.13299	-1.13299	
0.739787	0.843673	0.914524	0.947516	0.945487	0.910981	0.85342	0.760514	0.635496	0.488903	0.337354	0.203817	0.0987962	0.0282542	-0.0247453	-0.0737765	-0.104551	-0.113258	-0.118032	-0.13632	-0.16874	-0.203025	-0.22442	-0.217721	-0.173841	-0.109632	-0.0458834	0.021528	0.0928545	0.151699	0.17839	0.157676	0.0953959	0.0106209	-0.0716616	-0.127222	-0.161355	-0.189832	-0.239371	-0.312826	-0.384302	-0.441455	-0.493279	-0.573911	-0.680333	-0.790175	-0.898835	-0.995544	-1.0603	-1.0603	
0.813781	0.904017	0.958313	0.979613	0.96962	0.934161	0.871558	0.777405	0.650202	0.503338	0.35163	0.212897	0.0995338	0.0167739	-0.0427831	-0.0870593	-0.11279	-0.124206	-0.132088	-0.153343	-0.188758	-0.236044	-0.283888	-0.315225	-0.319063	-0.302868	-0.274349	-0.225489	-0.166722	-0.108674	-0.069216	-0.0611649	-0.0793878	-0.105824	-0.127222	-0.130369	-0.112237	-0.099964	-0.118587	-0.175781	-0.240964	-0.290919	-0.347976	-0.434873	-0.552382	-0.677935	-0.797671	-0.913482	-0.992719	-0.992719	
0.838566	0.921077	0.967406	0.984309	0.9786	0.942782	0.87369	0.774351	0.645369	0.496599	0.343963	0.200238	0.0829242	-0.0128368	-0.0788459	-0.118927	-0.138122	-0.142569	-0.147953	-0.160599	-0.193001	-0.241784	-0.305548	-0.371794	-0.422741	-0.451185	-0.458401	-0.437058	-0.396449	-0.345693	-0.298391	-0.264176	-0.229596	-0.197373	-0.161355	-0.112237	-0.054809	-0.0124288	-0.00828624	-0.0516128	-0.114034	-0.16159	-0.221002	-0.313098	-0.437663	-0.573272	-0.702896	-0.834558	-0.921688	-0.921688	
0.830113	0.909143	0.953551	0.969348	0.967776	0.929556	0.854977	0.748014	0.615015	0.465347	0.311936	0.16241	0.0335659	-0.0727307	-0.142641	-0.175116	-0.180272	-0.16577	-0.156893	-0.157734	-0.180583	-0.227819	-0.305225	-0.401413	-0.490344	-0.562812	-0.607931	-0.615595	-0.595847	-0.555772	-0.502932	-0.439878	-0.362309	-0.277834	-0.189832	-0.099964	-0.0124288	0.0552487	0.0791454	0.0498894	-0.00149021	-0.0502636	-0.109109	-0.199772	-0.328448	-0.464638	-0.601235	-0.737741	-0.826058	-0.826058	
0.801369	0.881436	0.924783	0.943603	0.938565	0.895926	0.812292	0.697601	0.562136	0.414344	0.262242	0.111209	-0.0300056	-0.147724	-0.221594	-0.243439	-0.227326	-0.195517	-0.17303	-0.163224	-0.173665	-0.212384	-0.292018	-0.408872	-0.532265	-0.642336	-0.718744	-0.756571	-0.762408	-0.738081	-0.686071	-0.603719	-0.49334	-0.366833	-0.239371	-0.118587	-0.00828624	0.0791454	0.126958	0.120392	0.0872833	0.0505593	-0.00277115	-0.0836836	-0.200793	-0.336409	-0.474173	-0.605004	-0.692715	-0.692715	
0.757352	0.835097	0.877775	0.898943	0.89262	0.847128	0.756339	0.64124	0.505197	0.355039	0.198211	0.0373039	-0.116955	-0.243052	-0.318237	-0.325978	-0.289055	-0.237784	-0.197437	-0.174463	-0.168314	-0.198477	-0.278054	-0.405639	-0.554126	-0.689634	-0.793026	-0.860046	-0.884623	-0.876678	-0.827919	-0.73589	-0.608872	-0.459176	-0.312826	-0.175781	-0.0516128	0.0498894	0.120392	0.148414	0.141859	0.12087	0.0861687	0.0231233	-0.0739357	-0.189044	-0.312476	-0.425961	-0.496467	-0.496467	
0.702002	0.772425	0.813435	0.839478	0.837639	0.792949	0.705854	0.58699	0.439389	0.276818	0.108022	-0.0680087	-0.236444	-0.362121	-0.425232	-0.415894	-0.360513	-0.287698	-0.224297	-0.189856	-0.170295	-0.183538	-0.254613	-0.384969	-0.548215	-0.703204	-0.827774	-0.919777	-0.965951	-0.972775	-0.930312	-0.834541	-0.699939	-0.541435	-0.384302	-0.240964	-0.114034	-0.00149021	0.0872833	0.141859	0.164128	0.159084	0.140307	0.102976	0.0365528	-0.0486234	-0.144306	-0.2259	-0.275167	-0.275167	
0.648004	0.70593	0.743311	0.77789	0.778593	0.740288	0.655879	0.529236	0.3672	0.180847	-0.0141563	-0.205977	-0.383888	-0.505738	-0.551489	-0.520871	-0.434334	-0.335272	-0.248823	-0.19047	-0.152169	-0.15231	-0.213917	-0.345926	-0.515245	-0.684101	-0.829827	-0.940635	-1.00621	-1.0283	-0.992682	-0.900918	-0.766111	-0.601286	-0.441455	-0.290919	-0.16159	-0.0502636	0.0505593	0.12087	0.159084	0.166497	0.158824	0.143273	0.111566	0.0622615	0.00299239	-0.0381247	-0.0625409	-0.0625409	
0.586897	0.629946	0.666964	0.702965	0.710112	0.675915	0.59257	0.464931	0.287467	0.07989	-0.137544	-0.35156	-0.535943	-0.653591	-0.684697	-0.628616	-0.516017	-0.380128	-0.254044	-0.161911	-0.10151	-0.0905284	-0.149833	-0.282434	-0.458656	-0.638123	-0.796908	-0.924972	-1.00944	-1.04434	-1.01948	-0.937427	-0.808493	-0.651286	-0.493279	-0.347976	-0.221002	-0.109109	-0.00277115	0.0861687	0.140307	0.158824	0.158637	0.160823	0.156968	0.144272	0.130668	0.127043	0.133862	0.133862	
0.500647	0.532104	0.56961	0.60672	0.614613	0.580388	0.501064	0.37122	0.189662	-0.0236041	-0.24612	-0.466159	-0.651024	-0.76416	-0.781542	-0.713514	-0.583084	-0.412634	-0.245336	-0.114041	-0.0320832	-0.0060665	-0.0573546	-0.186567	-0.361696	-0.550259	-0.727772	-0.876652	-0.984899	-1.039	-1.03342	-0.971708	-0.859772	-0.720858	-0.573911	-0.434873	-0.313098	-0.199772	-0.0836836	0.0231233	0.102976	0.143273	0.160823	0.185673	0.209145	0.23166	0.256038	0.284333	0.313027	0.313027	
0.393066	0.409502	0.44394	0.480108	0.483564	0.448763	0.370314	0.24339	0.0735995	-0.132281	-0.352848	-0.563522	-0.735274	-0.837648	-0.848177	-0.770376	-0.618644	-0.42126	-0.222203	-0.0483502	0.0627551	0.0996634	0.0554901	-0.0669575	-0.235577	-0.435194	-0.634915	-0.809582	-0.949372	-1.03174	-1.05237	-1.01578	-0.928649	-0.809054	-0.680333	-0.552382	-0.437663	-0.328448	-0.200793	-0.0739357	0.0365528	0.111566	0.156968	0.209145	0.26913	0.334014	0.403689	0.473021	0.521505	0.521505	
0.274997	0.274145	0.301962	0.325526	0.326077	0.287537	0.209102	0.0903629	-0.070095	-0.260557	-0.465549	-0.660689	-0.806828	-0.884123	-0.876664	-0.784682	-0.624337	-0.40764	-0.17754	0.0260999	0.158016	0.207627	0.175515	0.0704097	-0.0954649	-0.306882	-0.533022	-0.747746	-0.92902	-1.04541	-1.0955	-1.08084	-1.01029	-0.90948	-0.790175	-0.677935	-0.573272	-0.464638	-0.336409	-0.189044	-0.0486234	0.0622615	0.144272	0.23166	0.334014	0.45034	0.574829	0.682936	0.754504	0.754504	
0.171789	0.148092	0.156163	0.162149	0.151091	0.113129	0.0424556	-0.0654588	-0.207167	-0.379775	-0.568264	-0.740426	-0.860901	-0.911323	-0.882721	-0.779582	-0.606023	-0.378789	-0.131068	0.0944881	0.244978	0.304222	0.282235	0.192273	0.0334372	-0.188438	-0.448005	-0.701947	-0.91658	-1.06588	-1.13985	-1.14351	-1.09111	-1.00385	-0.898835	-0.797671	-0.702896	-0.601235	-0.474173	-0.312476	-0.144306	0.00299239	0.130668	0.256038	0.403689	0.574829	0.747633	0.894164	0.98339	0.98339	
0.0930219	0.0426088	0.0220534	0.00593327	-0.0148759	-0.0508276	-0.10846	-0.196477	-0.310545	-0.459556	-0.634087	-0.787266	-0.884451	-0.912578	-0.874544	-0.764766	-0.582477	-0.352537	-0.0938581	0.147257	0.313403	0.378937	0.366079	0.29012	0.134108	-0.0989287	-0.376595	-0.658006	-0.902123	-1.0761	-1.1705	-1.18879	-1.15361	-1.08274	-0.995544	-0.913482	-0.834558	-0.737741	-0.605004	-0.425961	-0.2259	-0.0381247	0.127043	0.284333	0.473021	0.682936	0.894164	1.07619	1.1742	1.1742	
0.0473294	-0.0211525	-0.0595132	-0.0937603	-0.121095	-0.152556	-0.198005	-0.267152	-0.36322	-0.494107	-0.653182	-0.795062	-0.882796	-0.902591	-0.85906	-0.749547	-0.569475	-0.340076	-0.0748261	0.172278	0.345907	0.417045	0.409752	0.343212	0.189459	-0.0448685	-0.335832	-0.633173	-0.887264	-1.0738	-1.17861	-1.20854	-1.18755	-1.13299	-1.0603	-0.992719	-0.921688	-0.826058	-0.692715	-0.496467	-0.275167	-0.0625409	0.133862	0.313027	0.521505	0.754504	0.98339	1.1742	1.27907	1.27907	
0.0473294	-0.0211525	-0.0595132	-0.0937603	-0.121095	-0.152556	-0.198005	-0.267152	-0.36322	-0.494107	-0.653182	-0.795062	-0.882796	-0.902591	-0.85906	-0.749547	-0.569475	-0.340076	-0.0748261	0.172278	0.345907	0.417045	0.409752	0.343212	0.189459	-0.0448685	-0.335832	-0.633173	-0.887264	-1.0738	-1.17861	-1.20854	-1.18755	-1.13299	-1.0603	-0.992719	-0.921688	-0.826058	-0.692715	-0.496467	-0.275167	-0.0625409	0.133862	0.313027	0.521505	0.754504	0.98339	1.1742	1.27907	1.27907	
