1.03043	1.03043	0.956292	0.842238	0.696142	0.499577	0.275112	0.0641554	-0.103345	-0.231868	-0.333964	-0.416981	-0.465762	-0.477203	-0.460868	-0.419462	-0.363505	-0.30756	-0.26415	-0.238324	-0.231617	-0.242848	-0.273439	-0.307849	-0.331345	-0.351487	-0.355498	-0.328248	-0.294088	-0.279032	-0.283622	-0.300716	-0.342594	-0.397732	-0.45392	-0.503565	-0.546737	-0.55413	-0.512284	-0.433151	-0.324162	-0.174045	0.0238005	0.248939	0.454617	0.595556	0.636369	0.592759	0.474215	0.28665	
1.03043	1.03043	0.956292	0.842238	0.696142	0.499577	0.275112	0.0641554	-0.103345	-0.231868	-0.333964	-0.416981	-0.465762	-0.477203	-0.460868	-0.419462	-0.363505	-0.30756	-0.26415	-0.238324	-0.231617	-0.242848	-0.273439	-0.307849	-0.331345	-0.351487	-0.355498	-0.328248	-0.294088	-0.279032	-0.283622	-0.300716	-0.342594	-0.397732	-0.45392	-0.503565	-0.546737	-0.55413	-0.512284	-0.433151	-0.324162	-0.174045	0.0238005	0.248939	0.454617	0.595556	0.636369	0.592759	0.474215	0.28665	
0.956292	0.956292	0.900077	0.797996	0.654889	0.473106	0.278131	0.0896561	-0.0735088	-0.204559	-0.301733	-0.374803	-0.418875	-0.440109	-0.444433	-0.423071	-0.375247	-0.318363	-0.276419	-0.255465	-0.247561	-0.247999	-0.270707	-0.306757	-0.33351	-0.35214	-0.355462	-0.3329	-0.30102	-0.283122	-0.285545	-0.305061	-0.348671	-0.403537	-0.461255	-0.512797	-0.54983	-0.545589	-0.497811	-0.422652	-0.317455	-0.167427	0.0272436	0.240879	0.437662	0.580153	0.630408	0.59336	0.476023	0.28896	
0.842238	0.842238	0.797996	0.715221	0.596145	0.445531	0.288658	0.13756	-0.00332231	-0.129974	-0.232298	-0.306365	-0.350594	-0.379058	-0.405149	-0.4119	-0.386359	-0.341795	-0.30768	-0.292162	-0.278634	-0.265232	-0.276634	-0.309447	-0.331745	-0.340044	-0.338786	-0.323161	-0.303298	-0.292467	-0.299136	-0.320757	-0.360282	-0.406343	-0.459803	-0.512294	-0.546611	-0.533783	-0.483817	-0.41424	-0.312383	-0.157999	0.0341723	0.234495	0.417767	0.562329	0.625239	0.600562	0.490376	0.309539	
0.696142	0.696142	0.654889	0.596145	0.52206	0.419271	0.307725	0.202481	0.0974905	-0.02079	-0.134026	-0.221614	-0.271335	-0.306555	-0.346359	-0.378112	-0.382599	-0.365937	-0.352547	-0.345541	-0.331131	-0.308128	-0.304013	-0.315814	-0.317944	-0.313373	-0.309451	-0.304617	-0.302496	-0.309873	-0.325398	-0.345026	-0.373768	-0.407913	-0.451254	-0.497442	-0.529259	-0.520861	-0.475966	-0.409305	-0.308058	-0.157539	0.0317517	0.22746	0.40748	0.550325	0.621667	0.609328	0.511288	0.345604	
0.499577	0.499577	0.473106	0.445531	0.419271	0.377374	0.326726	0.270989	0.194808	0.089812	-0.0229467	-0.114437	-0.17467	-0.220499	-0.272689	-0.320998	-0.353537	-0.373085	-0.388711	-0.398035	-0.389942	-0.366343	-0.342125	-0.320022	-0.29597	-0.283304	-0.284985	-0.290852	-0.306037	-0.330013	-0.353679	-0.36955	-0.389731	-0.414628	-0.446403	-0.480144	-0.508146	-0.504322	-0.4646	-0.395801	-0.293912	-0.14676	0.0357523	0.230437	0.407617	0.54602	0.614446	0.609464	0.529275	0.385944	
0.275112	0.275112	0.278131	0.288658	0.307725	0.326726	0.338064	0.322435	0.272389	0.191206	0.0990532	0.00925183	-0.0623928	-0.124488	-0.188101	-0.252964	-0.31498	-0.370874	-0.414257	-0.43586	-0.43683	-0.415962	-0.379733	-0.332443	-0.28831	-0.26911	-0.271361	-0.283958	-0.310608	-0.351437	-0.38505	-0.400428	-0.413992	-0.434128	-0.45763	-0.480431	-0.500884	-0.497046	-0.449416	-0.363041	-0.247924	-0.107225	0.0643235	0.249796	0.41887	0.539602	0.59557	0.593489	0.534695	0.42284	
0.0641554	0.0641554	0.0896561	0.13756	0.202481	0.270989	0.322435	0.342488	0.330823	0.292794	0.227185	0.143977	0.060414	-0.0160742	-0.0964416	-0.183926	-0.27583	-0.360065	-0.421596	-0.456633	-0.466365	-0.452602	-0.417705	-0.367023	-0.313447	-0.280155	-0.273873	-0.286276	-0.320661	-0.369419	-0.410107	-0.428616	-0.440533	-0.454846	-0.473373	-0.49254	-0.505913	-0.486204	-0.420071	-0.316576	-0.191783	-0.0486773	0.109238	0.274564	0.422886	0.530756	0.579837	0.582823	0.546446	0.462439	
-0.103345	-0.103345	-0.0735088	-0.00332231	0.0974905	0.194808	0.272389	0.330823	0.371958	0.37941	0.346489	0.27649	0.189498	0.0940294	-0.0089875	-0.119129	-0.227269	-0.322363	-0.401062	-0.456493	-0.480432	-0.471204	-0.443733	-0.40152	-0.348156	-0.305657	-0.290582	-0.302809	-0.336839	-0.384614	-0.4277	-0.455303	-0.470548	-0.481198	-0.493616	-0.505902	-0.500944	-0.455309	-0.366239	-0.253233	-0.12755	0.00891157	0.157907	0.305642	0.43715	0.532419	0.58055	0.589075	0.563468	0.497577	
-0.231868	-0.231868	-0.204559	-0.129974	-0.02079	0.089812	0.191206	0.292794	0.37941	0.43131	0.435419	0.393142	0.309126	0.199498	0.0771192	-0.0438247	-0.152969	-0.253768	-0.351236	-0.430982	-0.466523	-0.462326	-0.44166	-0.413138	-0.373413	-0.336154	-0.321507	-0.333504	-0.364685	-0.40459	-0.448574	-0.487877	-0.511643	-0.516979	-0.515881	-0.509863	-0.478208	-0.402103	-0.294793	-0.17927	-0.0570844	0.0818716	0.22611	0.359582	0.470848	0.553562	0.599416	0.609964	0.588453	0.52544	
-0.333964	-0.333964	-0.301733	-0.232298	-0.134026	-0.0229467	0.0990532	0.227185	0.346489	0.435419	0.480092	0.468071	0.401895	0.295111	0.169803	0.0463919	-0.066575	-0.177502	-0.289	-0.378866	-0.425656	-0.43318	-0.4239	-0.410652	-0.394957	-0.379272	-0.375036	-0.388619	-0.414395	-0.449545	-0.493963	-0.538646	-0.563652	-0.563967	-0.545198	-0.508833	-0.442099	-0.339591	-0.216373	-0.0916588	0.0349968	0.168268	0.304306	0.425197	0.519745	0.582474	0.616865	0.623341	0.596045	0.529137	
-0.416981	-0.416981	-0.374803	-0.306365	-0.221614	-0.114437	0.00925183	0.143977	0.27649	0.393142	0.468071	0.4925	0.462334	0.38316	0.27087	0.14812	0.0270246	-0.091849	-0.20114	-0.292513	-0.355249	-0.387271	-0.39597	-0.401924	-0.414763	-0.430975	-0.44757	-0.465944	-0.488424	-0.5198	-0.559642	-0.597029	-0.617647	-0.61104	-0.567962	-0.490652	-0.382993	-0.256692	-0.122441	0.0116013	0.143275	0.271698	0.390081	0.493027	0.572068	0.619309	0.637748	0.625657	0.582634	0.50104	
-0.465762	-0.465762	-0.418875	-0.350594	-0.271335	-0.17467	-0.0623928	0.060414	0.189498	0.309126	0.401895	0.462334	0.479638	0.441912	0.357198	0.245497	0.126239	0.0143169	-0.084687	-0.176638	-0.257522	-0.317027	-0.354235	-0.38516	-0.426866	-0.475192	-0.515939	-0.542104	-0.566842	-0.601811	-0.638387	-0.664127	-0.669358	-0.644802	-0.573162	-0.455431	-0.309864	-0.160822	-0.0154699	0.12835	0.264449	0.383549	0.487105	0.575408	0.640657	0.671129	0.665427	0.622106	0.545181	0.442426	
-0.477203	-0.477203	-0.440109	-0.379058	-0.306555	-0.220499	-0.124488	-0.0160742	0.0940294	0.199498	0.295111	0.38316	0.441912	0.451222	0.409893	0.330238	0.234927	0.141289	0.0518145	-0.0410326	-0.132439	-0.221215	-0.299099	-0.36752	-0.437043	-0.508884	-0.566507	-0.60868	-0.648731	-0.690195	-0.72028	-0.72949	-0.710192	-0.655946	-0.552386	-0.406842	-0.236566	-0.068731	0.0937728	0.248	0.385006	0.500426	0.59427	0.667495	0.716462	0.727241	0.696967	0.618211	0.503575	0.368278	
-0.460868	-0.460868	-0.444433	-0.405149	-0.346359	-0.272689	-0.188101	-0.0964416	-0.0089875	0.0771192	0.169803	0.27087	0.357198	0.409893	0.422767	0.397349	0.345892	0.278403	0.200914	0.113263	0.0146732	-0.10425	-0.228822	-0.341668	-0.444258	-0.533896	-0.610332	-0.678199	-0.737552	-0.77911	-0.797972	-0.786993	-0.735064	-0.644897	-0.516357	-0.354717	-0.168628	0.0249908	0.211513	0.375328	0.508185	0.616045	0.70319	0.766759	0.794558	0.775278	0.710747	0.598864	0.449883	0.284709	
-0.419462	-0.419462	-0.423071	-0.4119	-0.378112	-0.320998	-0.252964	-0.183926	-0.119129	-0.0438247	0.0463919	0.14812	0.245497	0.330238	0.397349	0.434205	0.433896	0.40045	0.345279	0.267066	0.160611	0.0176698	-0.143273	-0.302895	-0.442813	-0.556804	-0.656257	-0.750818	-0.820903	-0.854628	-0.856606	-0.824137	-0.745948	-0.62739	-0.471468	-0.294378	-0.094397	0.11704	0.321947	0.493738	0.627258	0.732283	0.812879	0.862047	0.864715	0.806716	0.701807	0.556588	0.385412	0.199129	
-0.363505	-0.363505	-0.375247	-0.386359	-0.382599	-0.353537	-0.31498	-0.27583	-0.227269	-0.152969	-0.066575	0.0270246	0.126239	0.234927	0.345892	0.433896	0.480424	0.486916	0.461488	0.392495	0.280852	0.12729	-0.0559445	-0.249233	-0.425683	-0.570926	-0.696764	-0.802418	-0.871761	-0.896859	-0.882964	-0.828469	-0.72778	-0.585378	-0.411833	-0.221733	-0.0106312	0.209405	0.413874	0.587763	0.727171	0.833063	0.903189	0.933853	0.909794	0.821998	0.684736	0.512769	0.323331	0.122905	
-0.30756	-0.30756	-0.318363	-0.341795	-0.365937	-0.373085	-0.370874	-0.360065	-0.322363	-0.253768	-0.177502	-0.091849	0.0143169	0.141289	0.278403	0.40045	0.486916	0.532947	0.534209	0.476083	0.36736	0.212369	0.0247396	-0.179657	-0.378701	-0.557529	-0.702941	-0.811939	-0.879327	-0.896347	-0.862695	-0.787706	-0.671772	-0.519153	-0.335652	-0.135596	0.0822881	0.294222	0.488657	0.660824	0.803009	0.905238	0.960208	0.966509	0.92403	0.824957	0.676233	0.487437	0.275313	0.0542463	
-0.26415	-0.26415	-0.276419	-0.30768	-0.352547	-0.388711	-0.414257	-0.421596	-0.401062	-0.351236	-0.289	-0.20114	-0.084687	0.0518145	0.200914	0.345279	0.461488	0.534209	0.556937	0.515728	0.41788	0.26956	0.0927369	-0.100973	-0.308806	-0.506794	-0.663702	-0.773575	-0.838648	-0.846609	-0.800608	-0.709725	-0.580609	-0.425596	-0.245934	-0.043189	0.171556	0.369575	0.548473	0.710723	0.845404	0.939557	0.979213	0.969799	0.917708	0.81713	0.669649	0.471783	0.236669	-0.00774465	
-0.238324	-0.238324	-0.255465	-0.292162	-0.345541	-0.398035	-0.43586	-0.456633	-0.456493	-0.430982	-0.378866	-0.292513	-0.176638	-0.0410326	0.113263	0.267066	0.392495	0.476083	0.515728	0.496274	0.419684	0.292013	0.136932	-0.0409476	-0.238543	-0.430536	-0.58405	-0.691118	-0.746881	-0.746879	-0.694945	-0.594084	-0.459143	-0.309239	-0.135223	0.0556932	0.243506	0.413599	0.574994	0.722522	0.842929	0.923433	0.955229	0.944854	0.892671	0.794614	0.650401	0.450873	0.203599	-0.0564544	
-0.231617	-0.231617	-0.247561	-0.278634	-0.331131	-0.389942	-0.43683	-0.466365	-0.480432	-0.466523	-0.425656	-0.355249	-0.257522	-0.132439	0.0146732	0.160611	0.280852	0.36736	0.41788	0.419684	0.376395	0.286495	0.159391	0.00514042	-0.163538	-0.330097	-0.470376	-0.562655	-0.602406	-0.594325	-0.537	-0.428886	-0.296877	-0.157864	-0.00116	0.156842	0.303272	0.438435	0.571008	0.69597	0.797398	0.8637	0.893834	0.892048	0.850241	0.761264	0.625149	0.431009	0.188949	-0.0748931	
-0.242848	-0.242848	-0.247999	-0.265232	-0.308128	-0.366343	-0.415962	-0.452602	-0.471204	-0.462326	-0.43318	-0.387271	-0.317027	-0.221215	-0.10425	0.0176698	0.12729	0.212369	0.26956	0.292013	0.286495	0.240669	0.155368	0.0452005	-0.0770822	-0.208181	-0.321622	-0.390303	-0.411966	-0.390467	-0.321641	-0.215548	-0.0997926	0.0204665	0.144532	0.255389	0.35178	0.441791	0.536591	0.633545	0.715674	0.773195	0.806246	0.811897	0.780389	0.709477	0.587881	0.411978	0.186781	-0.0699241	
-0.273439	-0.273439	-0.270707	-0.276634	-0.304013	-0.342125	-0.379733	-0.417705	-0.443733	-0.44166	-0.4239	-0.39597	-0.354235	-0.299099	-0.228822	-0.143273	-0.0559445	0.0247396	0.0927369	0.136932	0.159391	0.155368	0.126337	0.0774442	0.0109615	-0.0689337	-0.137716	-0.175556	-0.179855	-0.141947	-0.0678953	0.0250971	0.121589	0.214551	0.29639	0.355421	0.399414	0.435857	0.483558	0.545595	0.608702	0.664473	0.699436	0.703879	0.683178	0.63003	0.533681	0.38739	0.185759	-0.0569269	
-0.307849	-0.307849	-0.306757	-0.309447	-0.315814	-0.320022	-0.332443	-0.367023	-0.40152	-0.413138	-0.410652	-0.401924	-0.38516	-0.36752	-0.341668	-0.302895	-0.249233	-0.179657	-0.100973	-0.0409476	0.00514042	0.0452005	0.0774442	0.0933095	0.0943321	0.0857955	0.0784449	0.0790986	0.0995367	0.147535	0.210676	0.280042	0.347593	0.402688	0.437005	0.448033	0.437982	0.420943	0.421835	0.445037	0.488938	0.543423	0.579825	0.591512	0.580942	0.5452	0.471788	0.350341	0.171435	-0.0500552	
-0.331345	-0.331345	-0.33351	-0.331745	-0.317944	-0.29597	-0.28831	-0.313447	-0.348156	-0.373413	-0.394957	-0.414763	-0.426866	-0.437043	-0.444258	-0.442813	-0.425683	-0.378701	-0.308806	-0.238543	-0.163538	-0.0770822	0.0109615	0.0943321	0.174275	0.245574	0.302648	0.353102	0.405934	0.4608	0.507571	0.544059	0.565134	0.565274	0.552583	0.516846	0.45684	0.396521	0.35724	0.348025	0.373026	0.419093	0.45994	0.485536	0.492507	0.469249	0.407599	0.299742	0.141492	-0.0527995	
-0.351487	-0.351487	-0.35214	-0.340044	-0.313373	-0.283304	-0.26911	-0.280155	-0.305657	-0.336154	-0.379272	-0.430975	-0.475192	-0.508884	-0.533896	-0.556804	-0.570926	-0.557529	-0.506794	-0.430536	-0.330097	-0.208181	-0.0689337	0.0857955	0.245574	0.386416	0.506574	0.612686	0.704221	0.767645	0.801802	0.805993	0.770638	0.710754	0.644999	0.565794	0.466678	0.36953	0.298186	0.265531	0.273625	0.305974	0.346769	0.385819	0.405633	0.394122	0.337991	0.235576	0.0972292	-0.0686679	
-0.355498	-0.355498	-0.355462	-0.338786	-0.309451	-0.284985	-0.271361	-0.273873	-0.290582	-0.321507	-0.375036	-0.44757	-0.515939	-0.566507	-0.610332	-0.656257	-0.696764	-0.702941	-0.663702	-0.58405	-0.470376	-0.321622	-0.137716	0.0784449	0.302648	0.506574	0.685836	0.845817	0.969129	1.0412	1.06313	1.03429	0.951121	0.841526	0.731612	0.613955	0.481287	0.353045	0.255775	0.204952	0.195554	0.212807	0.251748	0.295633	0.326875	0.327074	0.278084	0.18237	0.0516045	-0.0990437	
-0.328248	-0.328248	-0.3329	-0.323161	-0.304617	-0.290852	-0.283958	-0.286276	-0.302809	-0.333504	-0.388619	-0.465944	-0.542104	-0.60868	-0.678199	-0.750818	-0.802418	-0.811939	-0.773575	-0.691118	-0.562655	-0.390303	-0.175556	0.0790986	0.353102	0.612686	0.845817	1.04699	1.18954	1.2582	1.26287	1.21081	1.09967	0.955178	0.810943	0.666626	0.511693	0.354872	0.235429	0.16685	0.138341	0.143764	0.177988	0.223254	0.262855	0.278543	0.245194	0.154333	0.0242604	-0.127655	
-0.294088	-0.294088	-0.30102	-0.303298	-0.302496	-0.306037	-0.310608	-0.320661	-0.336839	-0.364685	-0.414395	-0.488424	-0.566842	-0.648731	-0.737552	-0.820903	-0.871761	-0.879327	-0.838648	-0.746881	-0.602406	-0.411966	-0.179855	0.0995367	0.405934	0.704221	0.969129	1.18954	1.33752	1.39978	1.39261	1.32567	1.20562	1.04804	0.88578	0.721901	0.547756	0.380941	0.252664	0.168372	0.117957	0.105669	0.12457	0.159127	0.202575	0.23141	0.215295	0.140206	0.0124306	-0.145814	
-0.279032	-0.279032	-0.283122	-0.292467	-0.309873	-0.330013	-0.351437	-0.369419	-0.384614	-0.40459	-0.449545	-0.5198	-0.601811	-0.690195	-0.77911	-0.854628	-0.896859	-0.896347	-0.846609	-0.746879	-0.594325	-0.390467	-0.141947	0.147535	0.4608	0.767645	1.0412	1.2582	1.39978	1.45458	1.44369	1.37575	1.25889	1.10309	0.938752	0.770117	0.592442	0.431416	0.307929	0.215018	0.147668	0.111175	0.0997971	0.110963	0.146472	0.177141	0.174924	0.116572	0.000546082	-0.154295	
-0.283622	-0.283622	-0.285545	-0.299136	-0.325398	-0.353679	-0.38505	-0.410107	-0.4277	-0.448574	-0.493963	-0.559642	-0.638387	-0.72028	-0.797972	-0.856606	-0.882964	-0.862695	-0.800608	-0.694945	-0.537	-0.321641	-0.0678953	0.210676	0.507571	0.801802	1.06313	1.26287	1.39261	1.44369	1.42813	1.35906	1.24987	1.11376	0.963912	0.801793	0.63739	0.49642	0.383908	0.288003	0.21367	0.155121	0.116722	0.108735	0.129372	0.150522	0.149529	0.0948968	-0.0164817	-0.165194	
-0.300716	-0.300716	-0.305061	-0.320757	-0.345026	-0.36955	-0.400428	-0.428616	-0.455303	-0.487877	-0.538646	-0.597029	-0.664127	-0.72949	-0.786993	-0.824137	-0.828469	-0.787706	-0.709725	-0.594084	-0.428886	-0.215548	0.0250971	0.280042	0.544059	0.805993	1.03429	1.21081	1.32567	1.37575	1.35906	1.2902	1.18861	1.0747	0.954682	0.820921	0.686746	0.566909	0.46481	0.376636	0.30205	0.235117	0.184777	0.163377	0.16576	0.171068	0.152784	0.0808815	-0.0324702	-0.176866	
-0.342594	-0.342594	-0.348671	-0.360282	-0.373768	-0.389731	-0.413992	-0.440533	-0.470548	-0.511643	-0.563652	-0.617647	-0.669358	-0.710192	-0.735064	-0.745948	-0.72778	-0.671772	-0.580609	-0.459143	-0.296877	-0.0997926	0.121589	0.347593	0.565134	0.770638	0.951121	1.09967	1.20562	1.25889	1.24987	1.18861	1.10634	1.01842	0.931632	0.830447	0.729976	0.633857	0.549748	0.47874	0.409159	0.341178	0.28568	0.25152	0.237505	0.218974	0.172005	0.0806998	-0.0389619	-0.179956	
-0.397732	-0.397732	-0.403537	-0.406343	-0.407913	-0.414628	-0.434128	-0.454846	-0.481198	-0.516979	-0.563967	-0.61104	-0.644802	-0.655946	-0.644897	-0.62739	-0.585378	-0.519153	-0.425596	-0.309239	-0.157864	0.0204665	0.214551	0.402688	0.565274	0.710754	0.841526	0.955178	1.04804	1.10309	1.11376	1.0747	1.01842	0.958127	0.899198	0.829688	0.755636	0.686423	0.628775	0.580722	0.52533	0.462031	0.400809	0.35463	0.325384	0.282873	0.210596	0.106627	-0.0171873	-0.153819	
-0.45392	-0.45392	-0.461255	-0.459803	-0.451254	-0.446403	-0.45763	-0.473373	-0.493616	-0.515881	-0.545198	-0.567962	-0.573162	-0.552386	-0.516357	-0.471468	-0.411833	-0.335652	-0.245934	-0.135223	-0.00116	0.144532	0.29639	0.437005	0.552583	0.644999	0.731612	0.810943	0.88578	0.938752	0.963912	0.954682	0.931632	0.899198	0.864085	0.819043	0.770883	0.722882	0.691586	0.667622	0.630487	0.575999	0.520232	0.474281	0.43523	0.376328	0.294353	0.181531	0.0502613	-0.0889975	
-0.503565	-0.503565	-0.512797	-0.512294	-0.497442	-0.480144	-0.480431	-0.49254	-0.505902	-0.509863	-0.508833	-0.490652	-0.455431	-0.406842	-0.354717	-0.294378	-0.221733	-0.135596	-0.043189	0.0556932	0.156842	0.255389	0.355421	0.448033	0.516846	0.565794	0.613955	0.666626	0.721901	0.770117	0.801793	0.820921	0.830447	0.829688	0.819043	0.798664	0.771347	0.7414	0.730372	0.728795	0.715174	0.683951	0.637883	0.593117	0.547424	0.485199	0.40436	0.289955	0.153887	0.00411836	
-0.546737	-0.546737	-0.54983	-0.546611	-0.529259	-0.508146	-0.500884	-0.505913	-0.500944	-0.478208	-0.442099	-0.382993	-0.309864	-0.236566	-0.168628	-0.094397	-0.0106312	0.0822881	0.171556	0.243506	0.303272	0.35178	0.399414	0.437982	0.45684	0.466678	0.481287	0.511693	0.547756	0.592442	0.63739	0.686746	0.729976	0.755636	0.770883	0.771347	0.761525	0.755861	0.766949	0.787218	0.792071	0.778449	0.742591	0.69889	0.652559	0.593034	0.517518	0.41157	0.273032	0.117382	
-0.55413	-0.55413	-0.545589	-0.533783	-0.520861	-0.504322	-0.497046	-0.486204	-0.455309	-0.402103	-0.339591	-0.256692	-0.160822	-0.068731	0.0249908	0.11704	0.209405	0.294222	0.369575	0.413599	0.438435	0.441791	0.435857	0.420943	0.396521	0.36953	0.353045	0.354872	0.380941	0.431416	0.49642	0.566909	0.633857	0.686423	0.722882	0.7414	0.755861	0.776283	0.805838	0.839888	0.863576	0.858849	0.83041	0.797742	0.760151	0.708233	0.636807	0.534968	0.400788	0.245274	
-0.512284	-0.512284	-0.497811	-0.483817	-0.475966	-0.4646	-0.449416	-0.420071	-0.366239	-0.294793	-0.216373	-0.122441	-0.0154699	0.0937728	0.211513	0.321947	0.413874	0.488657	0.548473	0.574994	0.571008	0.536591	0.483558	0.421835	0.35724	0.298186	0.255775	0.235429	0.252664	0.307929	0.383908	0.46481	0.549748	0.628775	0.691586	0.730372	0.766949	0.805838	0.851216	0.89186	0.918775	0.919657	0.909757	0.896799	0.873079	0.830605	0.75856	0.656576	0.53254	0.382503	
-0.433151	-0.433151	-0.422652	-0.41424	-0.409305	-0.395801	-0.363041	-0.316576	-0.253233	-0.17927	-0.0916588	0.0116013	0.12835	0.248	0.375328	0.493738	0.587763	0.660824	0.710723	0.722522	0.69597	0.633545	0.545595	0.445037	0.348025	0.265531	0.204952	0.16685	0.168372	0.215018	0.288003	0.376636	0.47874	0.580722	0.667622	0.728795	0.787218	0.839888	0.89186	0.936687	0.96354	0.974132	0.974521	0.976789	0.969096	0.935645	0.867357	0.770268	0.652124	0.508796	
-0.324162	-0.324162	-0.317455	-0.312383	-0.308058	-0.293912	-0.247924	-0.191783	-0.12755	-0.0570844	0.0349968	0.143275	0.264449	0.385006	0.508185	0.627258	0.727171	0.803009	0.845404	0.842929	0.797398	0.715674	0.608702	0.488938	0.373026	0.273625	0.195554	0.138341	0.117957	0.147668	0.21367	0.30205	0.409159	0.52533	0.630487	0.715174	0.792071	0.863576	0.918775	0.96354	0.994761	1.01984	1.03444	1.0437	1.0415	1.0117	0.949741	0.866096	0.752527	0.623765	
-0.174045	-0.174045	-0.167427	-0.157999	-0.157539	-0.14676	-0.107225	-0.0486773	0.00891157	0.0818716	0.168268	0.271698	0.383549	0.500426	0.616045	0.732283	0.833063	0.905238	0.939557	0.923433	0.8637	0.773195	0.664473	0.543423	0.419093	0.305974	0.212807	0.143764	0.105669	0.111175	0.155121	0.235117	0.341178	0.462031	0.575999	0.683951	0.778449	0.858849	0.919657	0.974132	1.01984	1.0585	1.08772	1.10388	1.10212	1.0737	1.01683	0.939298	0.838136	0.728503	
0.0238005	0.0238005	0.0272436	0.0341723	0.0317517	0.0357523	0.0643235	0.109238	0.157907	0.22611	0.304306	0.390081	0.487105	0.59427	0.70319	0.812879	0.903189	0.960208	0.979213	0.955229	0.893834	0.806246	0.699436	0.579825	0.45994	0.346769	0.251748	0.177988	0.12457	0.0997971	0.116722	0.184777	0.28568	0.400809	0.520232	0.637883	0.742591	0.83041	0.909757	0.974521	1.03444	1.08772	1.13573	1.16305	1.16304	1.12785	1.06407	0.986073	0.900102	0.810218	
0.248939	0.248939	0.240879	0.234495	0.22746	0.230437	0.249796	0.274564	0.305642	0.359582	0.425197	0.493027	0.575408	0.667495	0.766759	0.862047	0.933853	0.966509	0.969799	0.944854	0.892048	0.811897	0.703879	0.591512	0.485536	0.385819	0.295633	0.223254	0.159127	0.110963	0.108735	0.163377	0.25152	0.35463	0.474281	0.593117	0.69889	0.797742	0.896799	0.976789	1.0437	1.10388	1.16305	1.2044	1.20824	1.16375	1.08943	1.00586	0.930191	0.860417	
0.454617	0.454617	0.437662	0.417767	0.40748	0.407617	0.41887	0.422886	0.43715	0.470848	0.519745	0.572068	0.640657	0.716462	0.794558	0.864715	0.909794	0.92403	0.917708	0.892671	0.850241	0.780389	0.683178	0.580942	0.492507	0.405633	0.326875	0.262855	0.202575	0.146472	0.129372	0.16576	0.237505	0.325384	0.43523	0.547424	0.652559	0.760151	0.873079	0.969096	1.0415	1.10212	1.16304	1.20824	1.20946	1.16969	1.09739	1.01483	0.938255	0.875709	
0.595556	0.595556	0.580153	0.562329	0.550325	0.54602	0.539602	0.530756	0.532419	0.553562	0.582474	0.619309	0.671129	0.727241	0.775278	0.806716	0.821998	0.824957	0.81713	0.794614	0.761264	0.709477	0.63003	0.5452	0.469249	0.394122	0.327074	0.278543	0.23141	0.177141	0.150522	0.171068	0.218974	0.282873	0.376328	0.485199	0.593034	0.708233	0.830605	0.935645	1.0117	1.0737	1.12785	1.16375	1.16969	1.14331	1.082	0.996091	0.916546	0.852483	
0.636369	0.636369	0.630408	0.625239	0.621667	0.614446	0.59557	0.579837	0.58055	0.599416	0.616865	0.637748	0.665427	0.696967	0.710747	0.701807	0.684736	0.676233	0.669649	0.650401	0.625149	0.587881	0.533681	0.471788	0.407599	0.337991	0.278084	0.245194	0.215295	0.174924	0.149529	0.152784	0.172005	0.210596	0.294353	0.40436	0.517518	0.636807	0.75856	0.867357	0.949741	1.01683	1.06407	1.08943	1.09739	1.082	1.03174	0.94718	0.864129	0.801292	
0.592759	0.592759	0.59336	0.600562	0.609328	0.609464	0.593489	0.582823	0.589075	0.609964	0.623341	0.625657	0.622106	0.618211	0.598864	0.556588	0.512769	0.487437	0.471783	0.450873	0.431009	0.411978	0.38739	0.350341	0.299742	0.235576	0.18237	0.154333	0.140206	0.116572	0.0948968	0.0808815	0.0806998	0.106627	0.181531	0.289955	0.41157	0.534968	0.656576	0.770268	0.866096	0.939298	0.986073	1.00586	1.01483	0.996091	0.94718	0.869573	0.789258	0.728097	
0.474215	0.474215	0.476023	0.490376	0.511288	0.529275	0.534695	0.546446	0.563468	0.588453	0.596045	0.582634	0.545181	0.503575	0.449883	0.385412	0.323331	0.275313	0.236669	0.203599	0.188949	0.186781	0.185759	0.171435	0.141492	0.0972292	0.0516045	0.0242604	0.0124306	0.000546082	-0.0164817	-0.0324702	-0.0389619	-0.0171873	0.0502613	0.153887	0.273032	0.400788	0.53254	0.652124	0.752527	0.838136	0.900102	0.930191	0.938255	0.916546	0.864129	0.789258	0.709179	0.637869	
0.28665	0.28665	0.28896	0.309539	0.345604	0.385944	0.42284	0.462439	0.497577	0.52544	0.529137	0.50104	0.442426	0.368278	0.284709	0.199129	0.122905	0.0542463	-0.00774465	-0.0564544	-0.0748931	-0.0699241	-0.0569269	-0.0500552	-0.0527995	-0.0686679	-0.0990437	-0.127655	-0.145814	-0.154295	-0.165194	-0.176866	-0.179956	-0.153819	-0.0889975	0.00411836	0.117382	0.245274	0.382503	0.508796	0.623765	0.728503	0.810218	0.860417	0.875709	0.852483	0.801292	0.728097	0.637869	0.546275	
