-0.219718	-0.279729	-0.293577	-0.271963	-0.230547	-0.163436	-0.0680978	0.0478685	0.179302	0.327809	0.477169	0.614092	0.72147	0.801969	0.864982	0.915698	0.953004	0.963338	0.937169	0.87457	0.793073	0.696304	0.579869	0.459531	0.34988	0.254382	0.179877	0.12206	0.0826627	0.0540525	0.0264003	0.011294	0.000810707	-0.0145048	-0.0449899	-0.0965611	-0.163083	-0.24499	-0.333176	-0.426849	-0.529897	-0.620334	-0.67079	-0.698038	-0.737823	-0.779839	-0.809038	-0.830837	-0.841331	-0.841331	
-0.279729	-0.365108	-0.402905	-0.394891	-0.356854	-0.291372	-0.194008	-0.0691001	0.0778302	0.250663	0.43728	0.624246	0.782315	0.902197	0.979828	1.03128	1.05818	1.05358	1.0149	0.940524	0.842838	0.726441	0.606304	0.48713	0.374737	0.279663	0.199738	0.136385	0.094337	0.0651387	0.042588	0.0220622	-0.00412286	-0.0363083	-0.0846693	-0.15014	-0.232838	-0.327262	-0.413429	-0.499148	-0.586206	-0.653853	-0.693389	-0.715301	-0.74259	-0.779492	-0.809743	-0.833921	-0.855275	-0.855275	
-0.293577	-0.402905	-0.466987	-0.481463	-0.458091	-0.400757	-0.302358	-0.176744	-0.0212638	0.166735	0.384048	0.61048	0.815437	0.971721	1.06304	1.11678	1.13725	1.12057	1.06347	0.97536	0.863925	0.740878	0.622146	0.497462	0.375616	0.270231	0.180508	0.106268	0.0581487	0.0300073	0.0043325	-0.0233201	-0.0578432	-0.103499	-0.160036	-0.223487	-0.303517	-0.391717	-0.465412	-0.533327	-0.594197	-0.63577	-0.667314	-0.694254	-0.715065	-0.736768	-0.757309	-0.779438	-0.805808	-0.805808	
-0.271963	-0.394891	-0.481463	-0.522119	-0.520185	-0.473705	-0.386904	-0.266128	-0.106331	0.0955653	0.335788	0.588222	0.822721	0.99878	1.10702	1.17008	1.18914	1.1572	1.0784	0.973275	0.853515	0.734895	0.620884	0.49204	0.351029	0.225123	0.126155	0.0503934	0.00268789	-0.0291371	-0.063827	-0.105489	-0.149399	-0.197505	-0.253148	-0.311152	-0.377236	-0.444026	-0.498342	-0.540841	-0.56933	-0.585732	-0.603705	-0.63301	-0.653997	-0.657932	-0.666375	-0.68619	-0.705618	-0.705618	
-0.230547	-0.356854	-0.458091	-0.520185	-0.535671	-0.505621	-0.43859	-0.32892	-0.169391	0.0435622	0.29463	0.55676	0.799963	0.99012	1.11451	1.17729	1.18253	1.13746	1.05171	0.937296	0.814162	0.694959	0.578347	0.452367	0.311525	0.172314	0.0611598	-0.0103936	-0.0523032	-0.0870333	-0.137147	-0.19609	-0.245773	-0.29107	-0.338954	-0.39403	-0.447738	-0.489035	-0.522977	-0.536771	-0.533219	-0.527763	-0.525618	-0.54512	-0.563097	-0.55657	-0.554739	-0.563443	-0.568498	-0.568498	
-0.163436	-0.291372	-0.400757	-0.473705	-0.505621	-0.497932	-0.447872	-0.343213	-0.187431	0.0168332	0.252304	0.507856	0.753888	0.950909	1.07072	1.11253	1.09429	1.04572	0.963472	0.846314	0.727223	0.609904	0.48937	0.370982	0.254518	0.131822	0.0218948	-0.0549172	-0.100558	-0.133514	-0.185049	-0.251625	-0.314696	-0.363723	-0.404779	-0.455813	-0.498225	-0.519808	-0.530924	-0.522627	-0.49868	-0.4728	-0.457279	-0.459155	-0.458632	-0.450737	-0.439277	-0.423088	-0.416234	-0.416234	
-0.0680978	-0.194008	-0.302358	-0.386904	-0.43859	-0.447872	-0.396334	-0.296021	-0.15802	0.0157261	0.225272	0.465468	0.693573	0.865504	0.959044	0.975597	0.933865	0.876153	0.790357	0.676939	0.566611	0.462121	0.354894	0.258029	0.176972	0.0877739	0.00653227	-0.0600993	-0.113496	-0.153725	-0.20041	-0.258694	-0.32775	-0.392798	-0.445417	-0.488057	-0.513297	-0.517724	-0.50682	-0.489794	-0.463729	-0.428309	-0.401178	-0.384095	-0.366286	-0.351006	-0.331447	-0.301889	-0.281592	-0.281592	
0.0478685	-0.0691001	-0.176744	-0.266128	-0.32892	-0.343213	-0.296021	-0.212964	-0.099133	0.0470132	0.229811	0.429731	0.608307	0.732935	0.793354	0.781911	0.714243	0.634473	0.541733	0.436437	0.336351	0.249411	0.16948	0.116212	0.0789887	0.0330003	-0.00700182	-0.046307	-0.0858965	-0.129236	-0.177686	-0.230887	-0.294944	-0.364897	-0.429773	-0.470274	-0.485903	-0.47645	-0.450448	-0.431745	-0.413193	-0.384618	-0.350813	-0.318786	-0.293354	-0.272186	-0.249265	-0.222334	-0.202947	-0.202947	
0.179302	0.0778302	-0.0212638	-0.106331	-0.169391	-0.187431	-0.15802	-0.099133	-0.00836043	0.111053	0.246398	0.381184	0.498545	0.569886	0.582107	0.532794	0.440718	0.340527	0.240222	0.142166	0.0564047	-0.00880403	-0.0494128	-0.0545044	-0.0398376	-0.0251063	-0.0196129	-0.0298324	-0.0498974	-0.0788672	-0.120232	-0.175837	-0.232073	-0.293196	-0.354822	-0.391183	-0.403054	-0.389322	-0.361815	-0.345462	-0.342066	-0.328742	-0.296356	-0.268971	-0.246025	-0.223397	-0.207584	-0.192119	-0.183868	-0.183868	
0.327809	0.250663	0.166735	0.0955653	0.0435622	0.0168332	0.0157261	0.0470132	0.111053	0.18408	0.249601	0.312403	0.364007	0.370489	0.325478	0.242147	0.133872	0.0190307	-0.0854688	-0.173081	-0.242276	-0.280324	-0.278618	-0.238733	-0.174241	-0.100685	-0.041855	-0.0214298	-0.0261821	-0.0309954	-0.0499429	-0.0967027	-0.147314	-0.189784	-0.225979	-0.256882	-0.273076	-0.264828	-0.245769	-0.237971	-0.254345	-0.261476	-0.244439	-0.232177	-0.217515	-0.205237	-0.201905	-0.199246	-0.208261	-0.208261	
0.477169	0.43728	0.384048	0.335788	0.29463	0.252304	0.225272	0.229811	0.246398	0.249601	0.240756	0.228037	0.199613	0.137924	0.0482861	-0.0606687	-0.185926	-0.30537	-0.402066	-0.474701	-0.525008	-0.539978	-0.505671	-0.42388	-0.313534	-0.197668	-0.0975405	-0.0381545	-0.0151723	0.000372805	0.0110254	-0.00315614	-0.0397754	-0.0654564	-0.0708077	-0.0860207	-0.109442	-0.120047	-0.122084	-0.131165	-0.16032	-0.187732	-0.197686	-0.204492	-0.204366	-0.203842	-0.214486	-0.228363	-0.240308	-0.240308	
0.614092	0.624246	0.61048	0.588222	0.55676	0.507856	0.465468	0.429731	0.381184	0.312403	0.228037	0.126345	0.0142928	-0.102508	-0.223195	-0.358323	-0.492471	-0.598119	-0.679526	-0.73952	-0.769924	-0.758788	-0.706612	-0.59956	-0.452627	-0.309285	-0.186151	-0.0924232	-0.0270786	0.0185046	0.0538436	0.0758663	0.0747074	0.0710685	0.0833084	0.0840781	0.0572804	0.0265813	-0.000405951	-0.0339699	-0.0741787	-0.115514	-0.152939	-0.181205	-0.196963	-0.208755	-0.229275	-0.249043	-0.254353	-0.254353	
0.72147	0.782315	0.815437	0.822721	0.799963	0.753888	0.693573	0.608307	0.498545	0.364007	0.199613	0.0142928	-0.166249	-0.330512	-0.481424	-0.627761	-0.748835	-0.832589	-0.898633	-0.9496	-0.956425	-0.916035	-0.848786	-0.736204	-0.586196	-0.430414	-0.289278	-0.170584	-0.0709457	0.00859369	0.0717942	0.120766	0.159803	0.190891	0.217283	0.228965	0.204776	0.156294	0.100844	0.0455308	-0.00141693	-0.0491463	-0.10421	-0.148497	-0.17468	-0.200447	-0.230321	-0.247695	-0.249067	-0.249067	
0.801969	0.902197	0.971721	0.99878	0.99012	0.950909	0.865504	0.732935	0.569886	0.370489	0.137924	-0.102508	-0.330512	-0.538049	-0.708416	-0.843382	-0.94185	-1.00722	-1.05362	-1.07927	-1.06475	-1.00734	-0.923863	-0.815594	-0.686756	-0.541972	-0.390217	-0.250413	-0.137286	-0.0384226	0.0527301	0.126392	0.198308	0.264676	0.304974	0.31745	0.299928	0.249726	0.180033	0.114096	0.0625926	0.0176412	-0.0385473	-0.0964754	-0.135051	-0.170435	-0.207279	-0.223271	-0.221841	-0.221841	
0.864982	0.979828	1.06304	1.10702	1.11451	1.07072	0.959044	0.793354	0.582107	0.325478	0.0482861	-0.223195	-0.481424	-0.708416	-0.879726	-1.00214	-1.08662	-1.14023	-1.15439	-1.13836	-1.10394	-1.04176	-0.948957	-0.838451	-0.726751	-0.603303	-0.461234	-0.319655	-0.204395	-0.105779	-0.00458705	0.0906279	0.179441	0.261364	0.318287	0.337698	0.328389	0.295361	0.242331	0.186854	0.137269	0.0880318	0.0303028	-0.0300725	-0.0815732	-0.1243	-0.155185	-0.1684	-0.16856	-0.16856	
0.915698	1.03128	1.11678	1.17008	1.17729	1.11253	0.975597	0.781911	0.532794	0.242147	-0.0606687	-0.358323	-0.627761	-0.843382	-1.00214	-1.11547	-1.18936	-1.2236	-1.2044	-1.14815	-1.08768	-1.01853	-0.921813	-0.814613	-0.715445	-0.614572	-0.506027	-0.387261	-0.275223	-0.179469	-0.0834879	0.016654	0.110206	0.194867	0.265572	0.304048	0.312546	0.301708	0.274686	0.240008	0.201393	0.156106	0.104995	0.0497431	-0.00730737	-0.0503631	-0.0770142	-0.0940013	-0.0959175	-0.0959175	
0.953004	1.05818	1.13725	1.18914	1.18253	1.09429	0.933865	0.714243	0.440718	0.133872	-0.185926	-0.492471	-0.748835	-0.94185	-1.08662	-1.18936	-1.23779	-1.24126	-1.19905	-1.12129	-1.03308	-0.942426	-0.851234	-0.767777	-0.690533	-0.611241	-0.533967	-0.450662	-0.35766	-0.263822	-0.170966	-0.0776847	0.0106112	0.0924512	0.171733	0.233723	0.264489	0.276582	0.281461	0.270282	0.245058	0.213147	0.175827	0.136946	0.0894925	0.045455	0.0184355	-0.00203376	-0.0130891	-0.0130891	
0.963338	1.05358	1.12057	1.1572	1.13746	1.04572	0.876153	0.634473	0.340527	0.0190307	-0.30537	-0.598119	-0.832589	-1.00722	-1.14023	-1.2236	-1.24126	-1.21022	-1.14478	-1.05283	-0.940534	-0.834514	-0.756817	-0.707819	-0.66339	-0.606999	-0.555661	-0.507039	-0.447007	-0.36798	-0.275197	-0.183034	-0.0991882	-0.0233917	0.0519609	0.126493	0.188081	0.233253	0.268897	0.290051	0.290439	0.269944	0.239409	0.212693	0.18023	0.146054	0.120501	0.0993547	0.0897891	0.0897891	
0.937169	1.0149	1.06347	1.0784	1.05171	0.963472	0.790357	0.541733	0.240222	-0.0854688	-0.402066	-0.679526	-0.898633	-1.05362	-1.15439	-1.2044	-1.19905	-1.14478	-1.0467	-0.92223	-0.803939	-0.715542	-0.659315	-0.635946	-0.624541	-0.609038	-0.594556	-0.572394	-0.533874	-0.469709	-0.382217	-0.292697	-0.216268	-0.148788	-0.0796013	0.0014464	0.0918631	0.173673	0.240346	0.289789	0.319237	0.322502	0.304807	0.288935	0.271902	0.247071	0.221017	0.200541	0.194824	0.194824	
0.87457	0.940524	0.97536	0.973275	0.937296	0.846314	0.676939	0.436437	0.142166	-0.173081	-0.474701	-0.73952	-0.9496	-1.07927	-1.13836	-1.14815	-1.12129	-1.05283	-0.92223	-0.765512	-0.650113	-0.591956	-0.559734	-0.552849	-0.573482	-0.605994	-0.633923	-0.635471	-0.607144	-0.554975	-0.481588	-0.400349	-0.333104	-0.276038	-0.20916	-0.119292	-0.00938988	0.0952904	0.180065	0.25311	0.316151	0.349094	0.358608	0.371387	0.374354	0.356644	0.327379	0.299621	0.289634	0.289634	
0.793073	0.842838	0.863925	0.853515	0.814162	0.727223	0.566611	0.336351	0.0564047	-0.242276	-0.525008	-0.769924	-0.956425	-1.06475	-1.10394	-1.08768	-1.03308	-0.940534	-0.803939	-0.650113	-0.534022	-0.478195	-0.460427	-0.479415	-0.525136	-0.579727	-0.628633	-0.653713	-0.649607	-0.617692	-0.561776	-0.494851	-0.437362	-0.385728	-0.324849	-0.239226	-0.12422	-0.00748433	0.0952603	0.193359	0.283812	0.347062	0.386302	0.421026	0.444954	0.448537	0.437187	0.423534	0.418916	0.418916	
0.696304	0.726441	0.740878	0.734895	0.694959	0.609904	0.462121	0.249411	-0.00880403	-0.280324	-0.539978	-0.758788	-0.916035	-1.00734	-1.04176	-1.01853	-0.942426	-0.834514	-0.715542	-0.591956	-0.478195	-0.403766	-0.387661	-0.423994	-0.478017	-0.531497	-0.583095	-0.627797	-0.65152	-0.644447	-0.612749	-0.565132	-0.514482	-0.467106	-0.412244	-0.33193	-0.231094	-0.123687	-0.00960887	0.103632	0.205952	0.292046	0.366175	0.434955	0.489238	0.526239	0.554499	0.571	0.573478	0.573478	
0.579869	0.606304	0.622146	0.620884	0.578347	0.48937	0.354894	0.16948	-0.0494128	-0.278618	-0.505671	-0.706612	-0.848786	-0.923863	-0.948957	-0.921813	-0.851234	-0.756817	-0.659315	-0.559734	-0.460427	-0.387661	-0.36337	-0.386643	-0.430375	-0.480271	-0.535619	-0.587047	-0.615239	-0.623747	-0.622828	-0.599918	-0.558003	-0.512535	-0.460229	-0.391366	-0.314222	-0.23204	-0.135276	-0.0255919	0.086528	0.197969	0.31568	0.427414	0.51719	0.595355	0.664892	0.70852	0.722131	0.722131	
0.459531	0.48713	0.497462	0.49204	0.452367	0.370982	0.258029	0.116212	-0.0545044	-0.238733	-0.42388	-0.59956	-0.736204	-0.815594	-0.838451	-0.814613	-0.767777	-0.707819	-0.635946	-0.552849	-0.479415	-0.423994	-0.386643	-0.376851	-0.395028	-0.433901	-0.476914	-0.513129	-0.538643	-0.569041	-0.598436	-0.598864	-0.574557	-0.538141	-0.493701	-0.442391	-0.387159	-0.323148	-0.240962	-0.142415	-0.0285973	0.105256	0.25388	0.39397	0.51588	0.631415	0.739619	0.815808	0.845251	0.845251	
0.34988	0.374737	0.375616	0.351029	0.311525	0.254518	0.176972	0.0789887	-0.0398376	-0.174241	-0.313534	-0.452627	-0.586196	-0.686756	-0.726751	-0.715445	-0.690533	-0.66339	-0.624541	-0.573482	-0.525136	-0.478017	-0.430375	-0.395028	-0.387512	-0.400833	-0.408459	-0.416772	-0.444393	-0.495914	-0.548458	-0.571779	-0.565219	-0.543173	-0.519805	-0.492791	-0.449139	-0.391527	-0.32115	-0.224529	-0.10337	0.0388432	0.197519	0.349362	0.492605	0.634339	0.765055	0.863041	0.907217	0.907217	
0.254382	0.279663	0.270231	0.225123	0.172314	0.131822	0.0877739	0.0330003	-0.0251063	-0.100685	-0.197668	-0.309285	-0.430414	-0.541972	-0.603303	-0.614572	-0.611241	-0.606999	-0.609038	-0.605994	-0.579727	-0.531497	-0.480271	-0.433901	-0.400833	-0.377748	-0.349008	-0.335899	-0.360122	-0.412239	-0.473962	-0.524255	-0.541924	-0.536373	-0.532101	-0.519397	-0.479703	-0.428049	-0.369211	-0.277603	-0.152046	-0.000587085	0.159501	0.308573	0.462026	0.609859	0.736517	0.838186	0.88778	0.88778	
0.179877	0.199738	0.180508	0.126155	0.0611598	0.0218948	0.00653227	-0.00700182	-0.0196129	-0.041855	-0.0975405	-0.186151	-0.289278	-0.390217	-0.461234	-0.506027	-0.533967	-0.555661	-0.594556	-0.633923	-0.628633	-0.583095	-0.535619	-0.476914	-0.408459	-0.349008	-0.304807	-0.285412	-0.297373	-0.340085	-0.404685	-0.468364	-0.500765	-0.515406	-0.523405	-0.507204	-0.474873	-0.432771	-0.373947	-0.288552	-0.169932	-0.0260914	0.121988	0.265957	0.416362	0.554959	0.665953	0.75161	0.795563	0.795563	
0.12206	0.136385	0.106268	0.0503934	-0.0103936	-0.0549172	-0.0600993	-0.046307	-0.0298324	-0.0214298	-0.0381545	-0.0924232	-0.170584	-0.250413	-0.319655	-0.387261	-0.450662	-0.507039	-0.572394	-0.635471	-0.653713	-0.627797	-0.587047	-0.513129	-0.416772	-0.335899	-0.285412	-0.263181	-0.264152	-0.295723	-0.348289	-0.40026	-0.439717	-0.466339	-0.473906	-0.463857	-0.446171	-0.408173	-0.346022	-0.262512	-0.154778	-0.0353124	0.0881748	0.216014	0.344344	0.46384	0.556736	0.61779	0.651982	0.651982	
0.0826627	0.094337	0.0581487	0.00268789	-0.0523032	-0.100558	-0.113496	-0.0858965	-0.0498974	-0.0261821	-0.0151723	-0.0270786	-0.0709457	-0.137286	-0.204395	-0.275223	-0.35766	-0.447007	-0.533874	-0.607144	-0.649607	-0.65152	-0.615239	-0.538643	-0.444393	-0.360122	-0.297373	-0.264152	-0.261021	-0.278188	-0.299592	-0.326848	-0.364898	-0.388227	-0.38804	-0.388425	-0.383203	-0.349154	-0.287549	-0.215262	-0.137803	-0.0444143	0.0614551	0.166524	0.265928	0.353543	0.414077	0.44387	0.4574	0.4574	
0.0540525	0.0651387	0.0300073	-0.0291371	-0.0870333	-0.133514	-0.153725	-0.129236	-0.0788672	-0.0309954	0.000372805	0.0185046	0.00859369	-0.0384226	-0.105779	-0.179469	-0.263822	-0.36798	-0.469709	-0.554975	-0.617692	-0.644447	-0.623747	-0.569041	-0.495914	-0.412239	-0.340085	-0.295723	-0.278188	-0.261998	-0.251689	-0.263948	-0.282403	-0.289608	-0.288135	-0.294709	-0.291487	-0.25811	-0.204123	-0.148592	-0.103922	-0.0444316	0.0359782	0.109427	0.17084	0.2182	0.242572	0.245552	0.239789	0.239789	
0.0264003	0.042588	0.0043325	-0.063827	-0.137147	-0.185049	-0.20041	-0.177686	-0.120232	-0.0499429	0.0110254	0.0538436	0.0717942	0.0527301	-0.00458705	-0.0834879	-0.170966	-0.275197	-0.382217	-0.481588	-0.561776	-0.612749	-0.622828	-0.598436	-0.548458	-0.473962	-0.404685	-0.348289	-0.299592	-0.251689	-0.217676	-0.209539	-0.202907	-0.195974	-0.195238	-0.194804	-0.179243	-0.139436	-0.0942649	-0.0638462	-0.0480102	-0.0251798	0.00981725	0.0377899	0.0521229	0.0548809	0.0478672	0.0361362	0.0267388	0.0267388	
0.011294	0.0220622	-0.0233201	-0.105489	-0.19609	-0.251625	-0.258694	-0.230887	-0.175837	-0.0967027	-0.00315614	0.0758663	0.120766	0.126392	0.0906279	0.016654	-0.0776847	-0.183034	-0.292697	-0.400349	-0.494851	-0.565132	-0.599918	-0.598864	-0.571779	-0.524255	-0.468364	-0.40026	-0.326848	-0.263948	-0.209539	-0.167386	-0.135423	-0.11743	-0.110608	-0.0905241	-0.0574014	-0.0149831	0.0243165	0.0317156	0.0199359	0.00410575	-0.0161338	-0.0385968	-0.074587	-0.115604	-0.152377	-0.179246	-0.182388	-0.182388	
0.000810707	-0.00412286	-0.0578432	-0.149399	-0.245773	-0.314696	-0.32775	-0.294944	-0.232073	-0.147314	-0.0397754	0.0747074	0.159803	0.198308	0.179441	0.110206	0.0106112	-0.0991882	-0.216268	-0.333104	-0.437362	-0.514482	-0.558003	-0.574557	-0.565219	-0.541924	-0.500765	-0.439717	-0.364898	-0.282403	-0.202907	-0.135423	-0.0916686	-0.0593698	-0.0258512	0.0127478	0.0548664	0.0941867	0.121129	0.116509	0.0909132	0.0411168	-0.0377902	-0.116774	-0.201053	-0.284984	-0.345526	-0.377292	-0.378206	-0.378206	
-0.0145048	-0.0363083	-0.103499	-0.197505	-0.29107	-0.363723	-0.392798	-0.364897	-0.293196	-0.189784	-0.0654564	0.0710685	0.190891	0.264676	0.261364	0.194867	0.0924512	-0.0233917	-0.148788	-0.276038	-0.385728	-0.467106	-0.512535	-0.538141	-0.543173	-0.536373	-0.515406	-0.466339	-0.388227	-0.289608	-0.195974	-0.11743	-0.0593698	-0.00151453	0.0632482	0.112346	0.15163	0.180562	0.186588	0.168638	0.130607	0.0554191	-0.064985	-0.193376	-0.314448	-0.427063	-0.507339	-0.545695	-0.554659	-0.554659	
-0.0449899	-0.0846693	-0.160036	-0.253148	-0.338954	-0.404779	-0.445417	-0.429773	-0.354822	-0.225979	-0.0708077	0.0833084	0.217283	0.304974	0.318287	0.265572	0.171733	0.0519609	-0.0796013	-0.20916	-0.324849	-0.412244	-0.460229	-0.493701	-0.519805	-0.532101	-0.523405	-0.473906	-0.38804	-0.288135	-0.195238	-0.110608	-0.0258512	0.0632482	0.146448	0.202733	0.235136	0.24395	0.22239	0.185768	0.128081	0.0255752	-0.114667	-0.269507	-0.413897	-0.530833	-0.620104	-0.676534	-0.698187	-0.698187	
-0.0965611	-0.15014	-0.223487	-0.311152	-0.39403	-0.455813	-0.488057	-0.470274	-0.391183	-0.256882	-0.0860207	0.0840781	0.228965	0.31745	0.337698	0.304048	0.233723	0.126493	0.0014464	-0.119292	-0.239226	-0.33193	-0.391366	-0.442391	-0.492791	-0.519397	-0.507204	-0.463857	-0.388425	-0.294709	-0.194804	-0.0905241	0.0127478	0.112346	0.202733	0.271462	0.302151	0.286245	0.232848	0.166379	0.0822544	-0.0385078	-0.184454	-0.341544	-0.485683	-0.599162	-0.693246	-0.765768	-0.804451	-0.804451	
-0.163083	-0.232838	-0.303517	-0.377236	-0.447738	-0.498225	-0.513297	-0.485903	-0.403054	-0.273076	-0.109442	0.0572804	0.204776	0.299928	0.328389	0.312546	0.264489	0.188081	0.0918631	-0.00938988	-0.12422	-0.231094	-0.314222	-0.387159	-0.449139	-0.479703	-0.474873	-0.446171	-0.383203	-0.291487	-0.179243	-0.0574014	0.0548664	0.15163	0.235136	0.302151	0.321009	0.280066	0.206212	0.114703	0.0053096	-0.117835	-0.253421	-0.393829	-0.51854	-0.633232	-0.739244	-0.822585	-0.878373	-0.878373	
-0.24499	-0.327262	-0.391717	-0.444026	-0.489035	-0.519808	-0.517724	-0.47645	-0.389322	-0.264828	-0.120047	0.0265813	0.156294	0.249726	0.295361	0.301708	0.276582	0.233253	0.173673	0.0952904	-0.00748433	-0.123687	-0.23204	-0.323148	-0.391527	-0.428049	-0.432771	-0.408173	-0.349154	-0.25811	-0.139436	-0.0149831	0.0941867	0.180562	0.24395	0.286245	0.280066	0.218138	0.134317	0.0369725	-0.0806029	-0.201597	-0.316764	-0.425202	-0.529917	-0.64901	-0.75996	-0.843444	-0.906751	-0.906751	
-0.333176	-0.413429	-0.465412	-0.498342	-0.522977	-0.530924	-0.50682	-0.450448	-0.361815	-0.245769	-0.122084	-0.000405951	0.100844	0.180033	0.242331	0.274686	0.281461	0.268897	0.240346	0.180065	0.0952603	-0.00960887	-0.135276	-0.240962	-0.32115	-0.369211	-0.373947	-0.346022	-0.287549	-0.204123	-0.0942649	0.0243165	0.121129	0.186588	0.22239	0.232848	0.206212	0.134317	0.0415216	-0.0579616	-0.175294	-0.293473	-0.385489	-0.463126	-0.552476	-0.656674	-0.750048	-0.819564	-0.865772	-0.865772	
-0.426849	-0.499148	-0.533327	-0.540841	-0.536771	-0.522627	-0.489794	-0.431745	-0.345462	-0.237971	-0.131165	-0.0339699	0.0455308	0.114096	0.186854	0.240008	0.270282	0.290051	0.289789	0.25311	0.193359	0.103632	-0.0255919	-0.142415	-0.224529	-0.277603	-0.288552	-0.262512	-0.215262	-0.148592	-0.0638462	0.0317156	0.116509	0.168638	0.185768	0.166379	0.114703	0.0369725	-0.0579616	-0.158981	-0.271967	-0.381381	-0.459777	-0.525253	-0.598208	-0.662905	-0.712735	-0.748175	-0.761495	-0.761495	
-0.529897	-0.586206	-0.594197	-0.56933	-0.533219	-0.49868	-0.463729	-0.413193	-0.342066	-0.254345	-0.16032	-0.0741787	-0.00141693	0.0625926	0.137269	0.201393	0.245058	0.290439	0.319237	0.316151	0.283812	0.205952	0.086528	-0.0285973	-0.10337	-0.152046	-0.169932	-0.154778	-0.137803	-0.103922	-0.0480102	0.0199359	0.0909132	0.130607	0.128081	0.0822544	0.0053096	-0.0806029	-0.175294	-0.271967	-0.362422	-0.449403	-0.523007	-0.579937	-0.629818	-0.657152	-0.658843	-0.655034	-0.648603	-0.648603	
-0.620334	-0.653853	-0.63577	-0.585732	-0.527763	-0.4728	-0.428309	-0.384618	-0.328742	-0.261476	-0.187732	-0.115514	-0.0491463	0.0176412	0.0880318	0.156106	0.213147	0.269944	0.322502	0.349094	0.347062	0.292046	0.197969	0.105256	0.0388432	-0.000587085	-0.0260914	-0.0353124	-0.0444143	-0.0444316	-0.0251798	0.00410575	0.0411168	0.0554191	0.0255752	-0.0385078	-0.117835	-0.201597	-0.293473	-0.381381	-0.449403	-0.509108	-0.564783	-0.606171	-0.629569	-0.621876	-0.595179	-0.573839	-0.555964	-0.555964	
-0.67079	-0.693389	-0.667314	-0.603705	-0.525618	-0.457279	-0.401178	-0.350813	-0.296356	-0.244439	-0.197686	-0.152939	-0.10421	-0.0385473	0.0303028	0.104995	0.175827	0.239409	0.304807	0.358608	0.386302	0.366175	0.31568	0.25388	0.197519	0.159501	0.121988	0.0881748	0.0614551	0.0359782	0.00981725	-0.0161338	-0.0377902	-0.064985	-0.114667	-0.184454	-0.253421	-0.316764	-0.385489	-0.459777	-0.523007	-0.564783	-0.597768	-0.62247	-0.615335	-0.574727	-0.531016	-0.496841	-0.470252	-0.470252	
-0.698038	-0.715301	-0.694254	-0.63301	-0.54512	-0.459155	-0.384095	-0.318786	-0.268971	-0.232177	-0.204492	-0.181205	-0.148497	-0.0964754	-0.0300725	0.0497431	0.136946	0.212693	0.288935	0.371387	0.421026	0.434955	0.427414	0.39397	0.349362	0.308573	0.265957	0.216014	0.166524	0.109427	0.0377899	-0.0385968	-0.116774	-0.193376	-0.269507	-0.341544	-0.393829	-0.425202	-0.463126	-0.525253	-0.579937	-0.606171	-0.62247	-0.621847	-0.585004	-0.528843	-0.473306	-0.425553	-0.398389	-0.398389	
-0.737823	-0.74259	-0.715065	-0.653997	-0.563097	-0.458632	-0.366286	-0.293354	-0.246025	-0.217515	-0.204366	-0.196963	-0.17468	-0.135051	-0.0815732	-0.00730737	0.0894925	0.18023	0.271902	0.374354	0.444954	0.489238	0.51719	0.51588	0.492605	0.462026	0.416362	0.344344	0.265928	0.17084	0.0521229	-0.074587	-0.201053	-0.314448	-0.413897	-0.485683	-0.51854	-0.529917	-0.552476	-0.598208	-0.629818	-0.629569	-0.615335	-0.585004	-0.532634	-0.474764	-0.424735	-0.383999	-0.360438	-0.360438	
-0.779839	-0.779492	-0.736768	-0.657932	-0.55657	-0.450737	-0.351006	-0.272186	-0.223397	-0.205237	-0.203842	-0.208755	-0.200447	-0.170435	-0.1243	-0.0503631	0.045455	0.146054	0.247071	0.356644	0.448537	0.526239	0.595355	0.631415	0.634339	0.609859	0.554959	0.46384	0.353543	0.2182	0.0548809	-0.115604	-0.284984	-0.427063	-0.530833	-0.599162	-0.633232	-0.64901	-0.656674	-0.662905	-0.657152	-0.621876	-0.574727	-0.528843	-0.474764	-0.426397	-0.392142	-0.36431	-0.350711	-0.350711	
-0.809038	-0.809743	-0.757309	-0.666375	-0.554739	-0.439277	-0.331447	-0.249265	-0.207584	-0.201905	-0.214486	-0.229275	-0.230321	-0.207279	-0.155185	-0.0770142	0.0184355	0.120501	0.221017	0.327379	0.437187	0.554499	0.664892	0.739619	0.765055	0.736517	0.665953	0.556736	0.414077	0.242572	0.0478672	-0.152377	-0.345526	-0.507339	-0.620104	-0.693246	-0.739244	-0.75996	-0.750048	-0.712735	-0.658843	-0.595179	-0.531016	-0.473306	-0.424735	-0.392142	-0.37088	-0.356003	-0.352522	-0.352522	
-0.830837	-0.833921	-0.779438	-0.68619	-0.563443	-0.423088	-0.301889	-0.222334	-0.192119	-0.199246	-0.228363	-0.249043	-0.247695	-0.223271	-0.1684	-0.0940013	-0.00203376	0.0993547	0.200541	0.299621	0.423534	0.571	0.70852	0.815808	0.863041	0.838186	0.75161	0.61779	0.44387	0.245552	0.0361362	-0.179246	-0.377292	-0.545695	-0.676534	-0.765768	-0.822585	-0.843444	-0.819564	-0.748175	-0.655034	-0.573839	-0.496841	-0.425553	-0.383999	-0.36431	-0.356003	-0.358617	-0.360438	-0.360438	
-0.841331	-0.855275	-0.805808	-0.705618	-0.568498	-0.416234	-0.281592	-0.202947	-0.183868	-0.208261	-0.240308	-0.254353	-0.249067	-0.221841	-0.16856	-0.0959175	-0.0130891	0.0897891	0.194824	0.289634	0.418916	0.573478	0.722131	0.845251	0.907217	0.88778	0.795563	0.651982	0.4574	0.239789	0.0267388	-0.182388	-0.378206	-0.554659	-0.698187	-0.804451	-0.878373	-0.906751	-0.865772	-0.761495	-0.648603	-0.555964	-0.470252	-0.398389	-0.360438	-0.350711	-0.352522	-0.360438	-0.36809	-0.36809	
-0.841331	-0.855275	-0.805808	-0.705618	-0.568498	-0.416234	-0.281592	-0.202947	-0.183868	-0.208261	-0.240308	-0.254353	-0.249067	-0.221841	-0.16856	-0.0959175	-0.0130891	0.0897891	0.194824	0.289634	0.418916	0.573478	0.722131	0.845251	0.907217	0.88778	0.795563	0.651982	0.4574	0.239789	0.0267388	-0.182388	-0.378206	-0.554659	-0.698187	-0.804451	-0.878373	-0.906751	-0.865772	-0.761495	-0.648603	-0.555964	-0.470252	-0.398389	-0.360438	-0.350711	-0.352522	-0.360438	-0.36809	-0.36809	
