1.3519	1.3519	1.24897	1.10305	0.934839	0.746866	0.594623	0.519432	0.507026	0.535559	0.601611	0.674357	0.725836	0.752438	0.7515	0.723393	0.686121	0.648224	0.609999	0.576809	0.556354	0.556249	0.585905	0.643021	0.710161	0.757007	0.781001	0.79722	0.816254	0.847153	0.916582	1.03316	1.15945	1.26503	1.3326	1.3516	1.31813	1.24453	1.13386	0.97818	0.777843	0.571878	0.396287	0.259047	0.171834	0.129801	0.136934	0.191633	0.261125	0.337317	
1.3519	1.3519	1.24897	1.10305	0.934839	0.746866	0.594623	0.519432	0.507026	0.535559	0.601611	0.674357	0.725836	0.752438	0.7515	0.723393	0.686121	0.648224	0.609999	0.576809	0.556354	0.556249	0.585905	0.643021	0.710161	0.757007	0.781001	0.79722	0.816254	0.847153	0.916582	1.03316	1.15945	1.26503	1.3326	1.3516	1.31813	1.24453	1.13386	0.97818	0.777843	0.571878	0.396287	0.259047	0.171834	0.129801	0.136934	0.191633	0.261125	0.337317	
1.24897	1.24897	1.16766	1.02574	0.846141	0.662788	0.518726	0.43135	0.410152	0.446719	0.518478	0.594655	0.651923	0.676256	0.673732	0.64852	0.604526	0.563391	0.533452	0.503871	0.485735	0.494109	0.524938	0.574652	0.63373	0.677023	0.707292	0.728681	0.752591	0.794078	0.866225	0.973377	1.09214	1.19332	1.26106	1.28275	1.24977	1.17955	1.07267	0.927195	0.747954	0.553564	0.374958	0.232867	0.137714	0.0894087	0.0933338	0.146275	0.219696	0.299879	
1.10305	1.10305	1.02574	0.884307	0.699429	0.516965	0.378187	0.289798	0.263571	0.299996	0.36946	0.446059	0.50882	0.534887	0.531467	0.507816	0.460707	0.415004	0.388161	0.364203	0.353374	0.370592	0.401163	0.441718	0.493578	0.543373	0.587104	0.617443	0.644322	0.691993	0.766335	0.866716	0.977013	1.07316	1.13869	1.15822	1.12582	1.06085	0.96025	0.829977	0.674182	0.496095	0.322423	0.179969	0.0812779	0.0255552	0.0238783	0.0749832	0.150529	0.234601	
0.934839	0.934839	0.846141	0.699429	0.516282	0.332647	0.19811	0.117441	0.0892493	0.117498	0.18667	0.26103	0.319839	0.352093	0.356072	0.332039	0.284	0.236853	0.20591	0.187208	0.187262	0.211497	0.242061	0.272313	0.319441	0.3797	0.439013	0.477914	0.509661	0.556224	0.629389	0.726331	0.826877	0.915461	0.974229	0.989934	0.961353	0.902929	0.815532	0.705046	0.569273	0.409647	0.250984	0.114917	0.0162045	-0.0469209	-0.0603767	-0.0133452	0.0628369	0.153269	
0.746866	0.746866	0.662788	0.516965	0.332647	0.149336	0.0137789	-0.0665715	-0.09845	-0.0728913	0.0027839	0.0812696	0.134561	0.166851	0.1745	0.147391	0.102562	0.0586991	0.0255855	0.0100316	0.0169402	0.0389163	0.0668603	0.0999137	0.147024	0.208224	0.267682	0.313573	0.35308	0.405385	0.480279	0.572054	0.657199	0.727959	0.777533	0.793918	0.771306	0.720488	0.651947	0.56563	0.451869	0.317219	0.177101	0.0457049	-0.0570417	-0.130672	-0.155718	-0.115904	-0.0362754	0.059396	
0.594623	0.594623	0.518726	0.378187	0.19811	0.0137789	-0.13231	-0.223414	-0.253651	-0.226238	-0.149957	-0.0680966	-0.0115422	0.0153816	0.01191	-0.022039	-0.062862	-0.0952387	-0.122914	-0.142165	-0.143646	-0.129214	-0.100653	-0.0583116	-0.000877547	0.0578921	0.111577	0.156913	0.204833	0.262556	0.336356	0.420387	0.492042	0.544368	0.58312	0.598033	0.5736	0.525085	0.472028	0.41031	0.325669	0.220044	0.100979	-0.0227878	-0.13473	-0.212144	-0.237563	-0.203025	-0.127359	-0.0322147	
0.519432	0.519432	0.43135	0.289798	0.117441	-0.0665715	-0.223414	-0.316767	-0.341763	-0.313967	-0.251238	-0.173499	-0.110295	-0.0865347	-0.100574	-0.133419	-0.16828	-0.198851	-0.223683	-0.245788	-0.259147	-0.254957	-0.228857	-0.173714	-0.10303	-0.042208	0.00466816	0.0482112	0.0910821	0.142092	0.210077	0.286072	0.349252	0.389502	0.414993	0.418986	0.391723	0.350028	0.306951	0.261558	0.196812	0.113145	0.0188208	-0.0854471	-0.186114	-0.259297	-0.284144	-0.260954	-0.201927	-0.120074	
0.507026	0.507026	0.410152	0.263571	0.0892493	-0.09845	-0.253651	-0.341763	-0.363002	-0.337179	-0.285371	-0.221886	-0.166998	-0.141594	-0.146444	-0.167949	-0.20675	-0.247197	-0.279146	-0.307157	-0.326638	-0.32189	-0.293849	-0.240019	-0.16684	-0.103891	-0.0536462	-0.0143879	0.016637	0.0513242	0.10542	0.17361	0.234903	0.270784	0.274618	0.257603	0.225583	0.193392	0.161813	0.125444	0.0724057	0.00524766	-0.0646862	-0.139649	-0.213883	-0.278315	-0.313543	-0.304872	-0.264806	-0.187951	
0.535559	0.535559	0.446719	0.299996	0.117498	-0.0728913	-0.226238	-0.313967	-0.337179	-0.31366	-0.265253	-0.20996	-0.164689	-0.140963	-0.135115	-0.150453	-0.192643	-0.24402	-0.285905	-0.319121	-0.338614	-0.33314	-0.302579	-0.247865	-0.183438	-0.124104	-0.0746764	-0.0399328	-0.0197751	0.00525641	0.0439646	0.0981048	0.151149	0.178077	0.165636	0.129489	0.0902157	0.0616872	0.0361532	0.000472387	-0.0412552	-0.0864662	-0.131607	-0.176199	-0.222674	-0.281359	-0.327327	-0.335096	-0.306672	-0.228165	
0.601611	0.601611	0.518478	0.36946	0.18667	0.0027839	-0.149957	-0.251238	-0.285371	-0.265253	-0.21244	-0.155633	-0.113068	-0.0912679	-0.0860931	-0.107599	-0.152712	-0.203262	-0.247576	-0.286918	-0.307874	-0.300976	-0.264041	-0.21272	-0.155571	-0.0998218	-0.054834	-0.0275583	-0.00800299	0.00906715	0.027055	0.0614033	0.0986619	0.1145	0.0988891	0.0527227	-0.00285983	-0.0464939	-0.0804995	-0.113813	-0.137232	-0.154937	-0.174723	-0.192976	-0.222745	-0.266924	-0.310326	-0.326513	-0.304074	-0.227254	
0.674357	0.674357	0.594655	0.446059	0.26103	0.0812696	-0.0680966	-0.173499	-0.221886	-0.20996	-0.155633	-0.0929825	-0.0454215	-0.0211553	-0.0219886	-0.0530294	-0.0979909	-0.144812	-0.188489	-0.227608	-0.249763	-0.243783	-0.206843	-0.152601	-0.0960481	-0.044269	-0.00863644	0.014616	0.0300562	0.035067	0.0422973	0.0595114	0.0787109	0.0832726	0.0652333	0.00973216	-0.0610878	-0.126987	-0.176159	-0.201348	-0.207985	-0.204721	-0.199699	-0.199028	-0.211731	-0.235911	-0.264376	-0.282657	-0.261976	-0.197072	
0.725836	0.725836	0.651923	0.50882	0.319839	0.134561	-0.0115422	-0.110295	-0.166998	-0.164689	-0.113068	-0.0454215	0.00815138	0.0405997	0.0348298	-0.00250569	-0.0484845	-0.0917507	-0.134933	-0.167016	-0.179966	-0.170522	-0.140568	-0.0935535	-0.0365129	0.0177343	0.057666	0.0795086	0.0820621	0.0714353	0.071212	0.0805115	0.0910178	0.0857514	0.0482195	-0.0209325	-0.107889	-0.190917	-0.243126	-0.25557	-0.249911	-0.229798	-0.201431	-0.184446	-0.179677	-0.184517	-0.196683	-0.205267	-0.188354	-0.134937	
0.752438	0.752438	0.676256	0.534887	0.352093	0.166851	0.0153816	-0.0865347	-0.141594	-0.140963	-0.0912679	-0.0211553	0.0405997	0.075432	0.0655297	0.029073	-0.0129256	-0.0553827	-0.0957652	-0.112272	-0.11127	-0.0992815	-0.0768822	-0.0356716	0.0177469	0.0758321	0.124346	0.14598	0.138204	0.126149	0.123258	0.123131	0.118931	0.0972508	0.0385643	-0.0429389	-0.136501	-0.222444	-0.268978	-0.276888	-0.261461	-0.227768	-0.179301	-0.136642	-0.112458	-0.104978	-0.102417	-0.0989358	-0.0822797	-0.0371606	
0.7515	0.7515	0.673732	0.531467	0.356072	0.1745	0.01191	-0.100574	-0.146444	-0.135115	-0.0860931	-0.0219886	0.0348298	0.0655297	0.0651959	0.0423544	0.0041726	-0.0425688	-0.0754096	-0.0840696	-0.0732317	-0.0554931	-0.0283478	0.00989859	0.0636946	0.124167	0.170669	0.190141	0.190615	0.193054	0.190939	0.178386	0.150107	0.103858	0.0339444	-0.0540718	-0.149254	-0.230311	-0.271319	-0.27618	-0.248107	-0.199657	-0.138599	-0.0724716	-0.026137	-0.000503609	0.0163815	0.0347586	0.0605034	0.0997098	
0.723393	0.723393	0.64852	0.507816	0.332039	0.147391	-0.022039	-0.133419	-0.167949	-0.150453	-0.107599	-0.0530294	-0.00250569	0.029073	0.0423544	0.0309094	-0.00179346	-0.0400673	-0.0629161	-0.0736544	-0.0649867	-0.0410071	-0.00207143	0.0479766	0.108103	0.164244	0.201715	0.222469	0.23816	0.254107	0.256028	0.228485	0.174216	0.103582	0.0263672	-0.0659618	-0.153956	-0.226489	-0.263406	-0.259701	-0.214988	-0.1474	-0.0722424	0.00748362	0.0755812	0.127391	0.164363	0.19159	0.224712	0.256269	
0.686121	0.686121	0.604526	0.460707	0.284	0.102562	-0.062862	-0.16828	-0.20675	-0.192643	-0.152712	-0.0979909	-0.0484845	-0.0129256	0.0041726	-0.00179346	-0.0209912	-0.0422259	-0.0585596	-0.0704202	-0.0633137	-0.0371976	0.00818132	0.0691184	0.134657	0.192976	0.233983	0.262708	0.286619	0.295853	0.289163	0.254762	0.190622	0.100386	0.00814787	-0.086674	-0.167989	-0.225639	-0.245807	-0.226845	-0.166208	-0.0792501	0.0123827	0.0977607	0.182057	0.257862	0.320893	0.365202	0.397411	0.415302	
0.648224	0.648224	0.563391	0.415004	0.236853	0.0586991	-0.0952387	-0.198851	-0.247197	-0.24402	-0.203262	-0.144812	-0.0917507	-0.0553827	-0.0425688	-0.0400673	-0.0422259	-0.0506056	-0.0679398	-0.0747959	-0.0694036	-0.0437668	0.00725424	0.0756946	0.142821	0.207847	0.262522	0.303818	0.327108	0.320236	0.295349	0.257335	0.187896	0.0880264	-0.0221445	-0.122319	-0.193186	-0.230895	-0.229041	-0.188612	-0.11411	-0.0188264	0.082886	0.182675	0.275353	0.36812	0.45638	0.523165	0.559593	0.5638	
0.609999	0.609999	0.533452	0.388161	0.20591	0.0255855	-0.122914	-0.223683	-0.279146	-0.285905	-0.247576	-0.188489	-0.134933	-0.0957652	-0.0754096	-0.0629161	-0.0585596	-0.0679398	-0.0793733	-0.0777063	-0.0706015	-0.0480785	0.00812874	0.0813331	0.155103	0.230523	0.296688	0.343751	0.359099	0.335127	0.29063	0.237376	0.160063	0.0591309	-0.0589177	-0.16452	-0.226386	-0.248129	-0.228227	-0.166144	-0.0746878	0.0271926	0.133737	0.248178	0.356163	0.461292	0.563078	0.641072	0.682127	0.676171	
0.576809	0.576809	0.503871	0.364203	0.187208	0.0100316	-0.142165	-0.245788	-0.307157	-0.319121	-0.286918	-0.227608	-0.167016	-0.112272	-0.0840696	-0.0736544	-0.0704202	-0.0747959	-0.0777063	-0.0726793	-0.0607991	-0.0347293	0.027311	0.104215	0.184603	0.265897	0.336074	0.377932	0.380531	0.346859	0.282163	0.197221	0.103516	0.00548424	-0.108748	-0.21071	-0.260698	-0.270955	-0.239439	-0.164336	-0.0606116	0.0521497	0.166799	0.289019	0.412512	0.531453	0.636955	0.705029	0.739342	0.729451	
0.556354	0.556354	0.485735	0.353374	0.187262	0.0169402	-0.143646	-0.259147	-0.326638	-0.338614	-0.307874	-0.249763	-0.179966	-0.11127	-0.0732317	-0.0649867	-0.0633137	-0.0694036	-0.0706015	-0.0607991	-0.0353116	0.00368875	0.0686174	0.146043	0.228396	0.310367	0.37427	0.402714	0.394301	0.347148	0.260866	0.14616	0.0336546	-0.0726749	-0.175871	-0.262279	-0.299949	-0.29763	-0.252033	-0.176295	-0.0686965	0.0513885	0.17697	0.301645	0.432583	0.557754	0.662872	0.718635	0.738873	0.729163	
0.556249	0.556249	0.494109	0.370592	0.211497	0.0389163	-0.129214	-0.254957	-0.32189	-0.33314	-0.300976	-0.243783	-0.170522	-0.0992815	-0.0554931	-0.0410071	-0.0371976	-0.0437668	-0.0480785	-0.0347293	0.00368875	0.0563671	0.121871	0.200788	0.287451	0.365493	0.414592	0.42648	0.398657	0.325787	0.215786	0.0883279	-0.0386033	-0.154485	-0.248571	-0.317685	-0.345193	-0.335258	-0.281856	-0.20067	-0.0916548	0.0321392	0.163719	0.293418	0.417872	0.540289	0.636314	0.684332	0.699672	0.697646	
0.585905	0.585905	0.524938	0.401163	0.242061	0.0668603	-0.100653	-0.228857	-0.293849	-0.302579	-0.264041	-0.206843	-0.140568	-0.0768822	-0.0283478	-0.00207143	0.00818132	0.00725424	0.00812874	0.027311	0.0686174	0.121871	0.188222	0.273081	0.362668	0.431179	0.461313	0.445991	0.386118	0.279975	0.149207	0.0148921	-0.117491	-0.236198	-0.323066	-0.378599	-0.395563	-0.378448	-0.322457	-0.231387	-0.115591	0.0126859	0.142981	0.271922	0.387132	0.493141	0.571769	0.612922	0.63359	0.647473	
0.643021	0.643021	0.574652	0.441718	0.272313	0.0999137	-0.0583116	-0.173714	-0.240019	-0.247865	-0.21272	-0.152601	-0.0935535	-0.0356716	0.00989859	0.0479766	0.0691184	0.0756946	0.0813331	0.104215	0.146043	0.200788	0.273081	0.353826	0.429005	0.479722	0.484855	0.436025	0.345694	0.217762	0.0691765	-0.0759834	-0.215054	-0.329676	-0.408412	-0.451843	-0.454067	-0.421484	-0.36014	-0.2663	-0.147211	-0.01769	0.10994	0.233528	0.340904	0.424521	0.484961	0.524689	0.55976	0.591897	
0.710161	0.710161	0.63373	0.493578	0.319441	0.147024	-0.000877547	-0.10303	-0.16684	-0.183438	-0.155571	-0.0960481	-0.0365129	0.0177469	0.0636946	0.108103	0.134657	0.142821	0.155103	0.184603	0.228396	0.287451	0.362668	0.429005	0.477723	0.499081	0.468295	0.385628	0.273693	0.13352	-0.0262646	-0.1848	-0.332316	-0.441796	-0.507439	-0.536835	-0.519231	-0.467775	-0.395134	-0.300218	-0.183245	-0.0593461	0.0661921	0.186008	0.285503	0.34768	0.393855	0.437472	0.491025	0.54938	
0.757007	0.757007	0.677023	0.543373	0.3797	0.208224	0.0578921	-0.042208	-0.103891	-0.124104	-0.0998218	-0.044269	0.0177343	0.0758321	0.124167	0.164244	0.192976	0.207847	0.230523	0.265897	0.310367	0.365493	0.431179	0.479722	0.499081	0.479505	0.409502	0.300707	0.170863	0.0169308	-0.149067	-0.313301	-0.46262	-0.566602	-0.616524	-0.622647	-0.579061	-0.508948	-0.421399	-0.321054	-0.207268	-0.0968399	0.01527	0.126942	0.219413	0.274919	0.318507	0.366435	0.435408	0.520165	
0.781001	0.781001	0.707292	0.587104	0.439013	0.267682	0.111577	0.00466816	-0.0536462	-0.0746764	-0.054834	-0.00863644	0.057666	0.124346	0.170669	0.201715	0.233983	0.262522	0.296688	0.336074	0.37427	0.414592	0.461313	0.484855	0.468295	0.409502	0.313326	0.188451	0.0413132	-0.12733	-0.300802	-0.461648	-0.598074	-0.690007	-0.723744	-0.697545	-0.622487	-0.53075	-0.432316	-0.324708	-0.215606	-0.116585	-0.0245663	0.0662052	0.147087	0.209956	0.264392	0.321508	0.399772	0.504569	
0.79722	0.79722	0.728681	0.617443	0.477914	0.313573	0.156913	0.0482112	-0.0143879	-0.0399328	-0.0275583	0.014616	0.0795086	0.14598	0.190141	0.222469	0.262708	0.303818	0.343751	0.377932	0.402714	0.42648	0.445991	0.436025	0.385628	0.300707	0.188451	0.0500233	-0.113663	-0.293892	-0.46575	-0.607942	-0.716735	-0.783331	-0.794691	-0.743018	-0.641369	-0.527193	-0.416962	-0.308455	-0.198784	-0.107458	-0.0343361	0.0296083	0.0903367	0.156309	0.227174	0.301058	0.392703	0.507216	
0.816254	0.816254	0.752591	0.644322	0.509661	0.35308	0.204833	0.0910821	0.016637	-0.0197751	-0.00800299	0.0300562	0.0820621	0.138204	0.190615	0.23816	0.286619	0.327108	0.359099	0.380531	0.394301	0.398657	0.386118	0.345694	0.273693	0.170863	0.0413132	-0.113663	-0.287719	-0.463415	-0.619594	-0.735595	-0.807039	-0.836604	-0.815098	-0.737308	-0.618178	-0.490091	-0.370112	-0.255598	-0.150225	-0.0672285	-0.0100712	0.0338952	0.0804813	0.14402	0.218385	0.30603	0.41167	0.531561	
0.847153	0.847153	0.794078	0.691993	0.556224	0.405385	0.262556	0.142092	0.0513242	0.00525641	0.00906715	0.035067	0.0714353	0.126149	0.193054	0.254107	0.295853	0.320236	0.335127	0.346859	0.347148	0.325787	0.279975	0.217762	0.13352	0.0169308	-0.12733	-0.293892	-0.463415	-0.621732	-0.750887	-0.834498	-0.867171	-0.851154	-0.782227	-0.6724	-0.53962	-0.406655	-0.284841	-0.171409	-0.0742995	-0.00938711	0.0305661	0.0683846	0.113654	0.173045	0.24362	0.331658	0.446477	0.569103	
0.916582	0.916582	0.866225	0.766335	0.629389	0.480279	0.336356	0.210077	0.10542	0.0439646	0.027055	0.0422973	0.071212	0.123258	0.190939	0.256028	0.289163	0.295349	0.29063	0.282163	0.260866	0.215786	0.149207	0.0691765	-0.0262646	-0.149067	-0.300802	-0.46575	-0.619594	-0.750887	-0.847616	-0.888377	-0.876614	-0.815402	-0.707023	-0.567963	-0.422633	-0.285137	-0.166882	-0.0629393	0.01621	0.0654788	0.0931024	0.119789	0.161956	0.216814	0.284606	0.378527	0.49842	0.622828	
1.03316	1.03316	0.973377	0.866716	0.726331	0.572054	0.420387	0.286072	0.17361	0.0981048	0.0614033	0.0595114	0.0805115	0.123131	0.178386	0.228485	0.254762	0.257335	0.237376	0.197221	0.14616	0.0883279	0.0148921	-0.0759834	-0.1848	-0.313301	-0.461648	-0.607942	-0.735595	-0.834498	-0.888377	-0.882122	-0.828017	-0.733008	-0.603136	-0.453302	-0.295199	-0.151471	-0.0395171	0.0434782	0.103532	0.141235	0.160782	0.176027	0.205637	0.253972	0.332002	0.437226	0.5618	0.688209	
1.15945	1.15945	1.09214	0.977013	0.826877	0.657199	0.492042	0.349252	0.234903	0.151149	0.0986619	0.0787109	0.0910178	0.118931	0.150107	0.174216	0.190622	0.187896	0.160063	0.103516	0.0336546	-0.0386033	-0.117491	-0.215054	-0.332316	-0.46262	-0.598074	-0.716735	-0.807039	-0.867171	-0.876614	-0.828017	-0.73689	-0.62067	-0.480817	-0.326708	-0.170273	-0.0342352	0.0643255	0.124726	0.163237	0.187533	0.199974	0.210054	0.234644	0.280734	0.365251	0.479706	0.606158	0.734593	
1.26503	1.26503	1.19332	1.07316	0.915461	0.727959	0.544368	0.389502	0.270784	0.178077	0.1145	0.0832726	0.0857514	0.0972508	0.103858	0.103582	0.100386	0.0880264	0.0591309	0.00548424	-0.0726749	-0.154485	-0.236198	-0.329676	-0.441796	-0.566602	-0.690007	-0.783331	-0.836604	-0.851154	-0.815402	-0.733008	-0.62067	-0.489312	-0.346077	-0.198293	-0.0592785	0.0536751	0.131554	0.174989	0.193063	0.196907	0.201706	0.220271	0.24993	0.298064	0.379734	0.493729	0.622186	0.749608	
1.3326	1.3326	1.26106	1.13869	0.974229	0.777533	0.58312	0.414993	0.274618	0.165636	0.0988891	0.0652333	0.0482195	0.0385643	0.0339444	0.0263672	0.00814787	-0.0221445	-0.0589177	-0.108748	-0.175871	-0.248571	-0.323066	-0.408412	-0.507439	-0.616524	-0.723744	-0.794691	-0.815098	-0.782227	-0.707023	-0.603136	-0.480817	-0.346077	-0.208741	-0.0768286	0.0370544	0.122295	0.177968	0.19843	0.192582	0.179868	0.181222	0.212528	0.254215	0.304232	0.37956	0.491105	0.618659	0.734331	
1.3516	1.3516	1.28275	1.15822	0.989934	0.793918	0.598033	0.418986	0.257603	0.129489	0.0527227	0.00973216	-0.0209325	-0.0429389	-0.0540718	-0.0659618	-0.086674	-0.122319	-0.16452	-0.21071	-0.262279	-0.317685	-0.378599	-0.451843	-0.536835	-0.622647	-0.697545	-0.743018	-0.737308	-0.6724	-0.567963	-0.453302	-0.326708	-0.198293	-0.0768286	0.030596	0.119233	0.177673	0.205271	0.201425	0.181056	0.160741	0.163666	0.201188	0.249169	0.302579	0.376615	0.48047	0.600001	0.696481	
1.31813	1.31813	1.24977	1.12582	0.961353	0.771306	0.5736	0.391723	0.225583	0.0902157	-0.00285983	-0.0610878	-0.107889	-0.136501	-0.149254	-0.153956	-0.167989	-0.193186	-0.226386	-0.260698	-0.299949	-0.345193	-0.395563	-0.454067	-0.519231	-0.579061	-0.622487	-0.641369	-0.618178	-0.53962	-0.422633	-0.295199	-0.170273	-0.0592785	0.0370544	0.119233	0.181661	0.211411	0.216097	0.204461	0.184525	0.167111	0.171518	0.208318	0.258937	0.320843	0.392962	0.480177	0.57898	0.652198	
1.24453	1.24453	1.17955	1.06085	0.902929	0.720488	0.525085	0.350028	0.193392	0.0616872	-0.0464939	-0.126987	-0.190917	-0.222444	-0.230311	-0.226489	-0.225639	-0.230895	-0.248129	-0.270955	-0.29763	-0.335258	-0.378448	-0.421484	-0.467775	-0.508948	-0.53075	-0.527193	-0.490091	-0.406655	-0.285137	-0.151471	-0.0342352	0.0536751	0.122295	0.177673	0.211411	0.214732	0.211325	0.206903	0.19645	0.186694	0.195106	0.229791	0.285244	0.35477	0.427912	0.499903	0.572947	0.62385	
1.13386	1.13386	1.07267	0.96025	0.815532	0.651947	0.472028	0.306951	0.161813	0.0361532	-0.0804995	-0.176159	-0.243126	-0.268978	-0.271319	-0.263406	-0.245807	-0.229041	-0.228227	-0.239439	-0.252033	-0.281856	-0.322457	-0.36014	-0.395134	-0.421399	-0.432316	-0.416962	-0.370112	-0.284841	-0.166882	-0.0395171	0.0643255	0.131554	0.177968	0.205271	0.216097	0.211325	0.213541	0.219904	0.217509	0.215078	0.225699	0.25634	0.312981	0.387801	0.467369	0.531366	0.584313	0.614644	
0.97818	0.97818	0.927195	0.829977	0.705046	0.56563	0.41031	0.261558	0.125444	0.000472387	-0.113813	-0.201348	-0.25557	-0.276888	-0.27618	-0.259701	-0.226845	-0.188612	-0.166144	-0.164336	-0.176295	-0.20067	-0.231387	-0.2663	-0.300218	-0.321054	-0.324708	-0.308455	-0.255598	-0.171409	-0.0629393	0.0434782	0.124726	0.174989	0.19843	0.201425	0.204461	0.206903	0.219904	0.232234	0.239092	0.239682	0.249571	0.279599	0.341325	0.423887	0.507739	0.568719	0.603499	0.609833	
0.777843	0.777843	0.747954	0.674182	0.569273	0.451869	0.325669	0.196812	0.0724057	-0.0412552	-0.137232	-0.207985	-0.249911	-0.261461	-0.248107	-0.214988	-0.166208	-0.11411	-0.0746878	-0.0606116	-0.0686965	-0.0916548	-0.115591	-0.147211	-0.183245	-0.207268	-0.215606	-0.198784	-0.150225	-0.0742995	0.01621	0.103532	0.163237	0.193063	0.192582	0.181056	0.184525	0.19645	0.217509	0.239092	0.252037	0.259879	0.272336	0.311211	0.381223	0.462466	0.538669	0.593686	0.611303	0.595564	
0.571878	0.571878	0.553564	0.496095	0.409647	0.317219	0.220044	0.113145	0.00524766	-0.0864662	-0.154937	-0.204721	-0.229798	-0.227768	-0.199657	-0.1474	-0.0792501	-0.0188264	0.0271926	0.0521497	0.0513885	0.0321392	0.0126859	-0.01769	-0.0593461	-0.0968399	-0.116585	-0.107458	-0.0672285	-0.00938711	0.0654788	0.141235	0.187533	0.196907	0.179868	0.160741	0.167111	0.186694	0.215078	0.239682	0.259879	0.274917	0.301847	0.357797	0.427115	0.494959	0.56063	0.599184	0.594812	0.556614	
0.396287	0.396287	0.374958	0.322423	0.250984	0.177101	0.100979	0.0188208	-0.0646862	-0.131607	-0.174723	-0.199699	-0.201431	-0.179301	-0.138599	-0.0722424	0.0123827	0.082886	0.133737	0.166799	0.17697	0.163719	0.142981	0.10994	0.0661921	0.01527	-0.0245663	-0.0343361	-0.0100712	0.0305661	0.0931024	0.160782	0.199974	0.201706	0.181222	0.163666	0.171518	0.195106	0.225699	0.249571	0.272336	0.301847	0.351751	0.41617	0.478446	0.535489	0.579706	0.586619	0.547295	0.47792	
0.259047	0.259047	0.232867	0.179969	0.114917	0.0457049	-0.0227878	-0.0854471	-0.139649	-0.176199	-0.192976	-0.199028	-0.184446	-0.136642	-0.0724716	0.00748362	0.0977607	0.182675	0.248178	0.289019	0.301645	0.293418	0.271922	0.233528	0.186008	0.126942	0.0662052	0.0296083	0.0338952	0.0683846	0.119789	0.176027	0.210054	0.220271	0.212528	0.201188	0.208318	0.229791	0.25634	0.279599	0.311211	0.357797	0.41617	0.479263	0.529438	0.567805	0.578821	0.540349	0.462294	0.367527	
0.171834	0.171834	0.137714	0.0812779	0.0162045	-0.0570417	-0.13473	-0.186114	-0.213883	-0.222674	-0.222745	-0.211731	-0.179677	-0.112458	-0.026137	0.0755812	0.182057	0.275353	0.356163	0.412512	0.432583	0.417872	0.387132	0.340904	0.285503	0.219413	0.147087	0.0903367	0.0804813	0.113654	0.161956	0.205637	0.234644	0.24993	0.254215	0.249169	0.258937	0.285244	0.312981	0.341325	0.381223	0.427115	0.478446	0.529438	0.563395	0.567997	0.53724	0.459295	0.350898	0.23369	
0.129801	0.129801	0.0894087	0.0255552	-0.0469209	-0.130672	-0.212144	-0.259297	-0.278315	-0.281359	-0.266924	-0.235911	-0.184517	-0.104978	-0.000503609	0.127391	0.257862	0.36812	0.461292	0.531453	0.557754	0.540289	0.493141	0.424521	0.34768	0.274919	0.209956	0.156309	0.14402	0.173045	0.216814	0.253972	0.280734	0.298064	0.304232	0.302579	0.320843	0.35477	0.387801	0.423887	0.462466	0.494959	0.535489	0.567805	0.567997	0.527181	0.45083	0.338665	0.207194	0.0718745	
0.136934	0.136934	0.0933338	0.0238783	-0.0603767	-0.155718	-0.237563	-0.284144	-0.313543	-0.327327	-0.310326	-0.264376	-0.196683	-0.102417	0.0163815	0.164363	0.320893	0.45638	0.563078	0.636955	0.662872	0.636314	0.571769	0.484961	0.393855	0.318507	0.264392	0.227174	0.218385	0.24362	0.284606	0.332002	0.365251	0.379734	0.37956	0.376615	0.392962	0.427912	0.467369	0.507739	0.538669	0.56063	0.579706	0.578821	0.53724	0.45083	0.33112	0.187426	0.0338759	-0.106988	
0.191633	0.191633	0.146275	0.0749832	-0.0133452	-0.115904	-0.203025	-0.260954	-0.304872	-0.335096	-0.326513	-0.282657	-0.205267	-0.0989358	0.0347586	0.19159	0.365202	0.523165	0.641072	0.705029	0.718635	0.684332	0.612922	0.524689	0.437472	0.366435	0.321508	0.301058	0.30603	0.331658	0.378527	0.437226	0.479706	0.493729	0.491105	0.48047	0.480177	0.499903	0.531366	0.568719	0.593686	0.599184	0.586619	0.540349	0.459295	0.338665	0.187426	0.0195267	-0.140242	-0.264352	
0.261125	0.261125	0.219696	0.150529	0.0628369	-0.0362754	-0.127359	-0.201927	-0.264806	-0.306672	-0.304074	-0.261976	-0.188354	-0.0822797	0.0605034	0.224712	0.397411	0.559593	0.682127	0.739342	0.738873	0.699672	0.63359	0.55976	0.491025	0.435408	0.399772	0.392703	0.41167	0.446477	0.49842	0.5618	0.606158	0.622186	0.618659	0.600001	0.57898	0.572947	0.584313	0.603499	0.611303	0.594812	0.547295	0.462294	0.350898	0.207194	0.0338759	-0.140242	-0.28398	-0.377277	
0.337317	0.337317	0.299879	0.234601	0.153269	0.059396	-0.0322147	-0.120074	-0.187951	-0.228165	-0.227254	-0.197072	-0.134937	-0.0371606	0.0997098	0.256269	0.415302	0.5638	0.676171	0.729451	0.729163	0.697646	0.647473	0.591897	0.54938	0.520165	0.504569	0.507216	0.531561	0.569103	0.622828	0.688209	0.734593	0.749608	0.734331	0.696481	0.652198	0.62385	0.614644	0.609833	0.595564	0.556614	0.47792	0.367527	0.23369	0.0718745	-0.106988	-0.264352	-0.377277	-0.426276	
