-0.0499598	-0.0499598	-0.048612	-0.0505119	-0.048857	-0.0490868	-0.0512316	-0.0479138	-0.0518467	-0.0497417	-0.0491816	-0.0516327	-0.0476708	-0.0512043	-0.050634	-0.0491076	-0.0552062	-0.0504523	-0.0510874	-0.0523396	-0.0540432	-0.0512988	-0.0554844	-0.0538464	-0.053276	-0.0552509	-0.057372	-0.0534356	-0.0565453	-0.0604958	-0.0540996	-0.0581582	-0.0619203	-0.0585373	-0.0566831	-0.0635486	-0.0588638	-0.0558959	-0.0484556	-0.0428841	-0.0183744	0.0225178	0.0838742	0.16847	0.307242	0.49021	0.693499	0.910515	1.12164	1.2638	
-0.0499598	-0.0499598	-0.048612	-0.0505119	-0.048857	-0.0490868	-0.0512316	-0.0479138	-0.0518467	-0.0497417	-0.0491816	-0.0516327	-0.0476708	-0.0512043	-0.050634	-0.0491076	-0.0552062	-0.0504523	-0.0510874	-0.0523396	-0.0540432	-0.0512988	-0.0554844	-0.0538464	-0.053276	-0.0552509	-0.057372	-0.0534356	-0.0565453	-0.0604958	-0.0540996	-0.0581582	-0.0619203	-0.0585373	-0.0566831	-0.0635486	-0.0588638	-0.0558959	-0.0484556	-0.0428841	-0.0183744	0.0225178	0.0838742	0.16847	0.307242	0.49021	0.693499	0.910515	1.12164	1.2638	
-0.048612	-0.048612	-0.0500768	-0.0486153	-0.0502392	-0.0498815	-0.0494415	-0.0485849	-0.050814	-0.0475891	-0.0507099	-0.0534691	-0.0498559	-0.0540667	-0.0532242	-0.0495658	-0.0492781	-0.0510269	-0.0532294	-0.0538891	-0.0516073	-0.0505162	-0.0540022	-0.0532824	-0.0525057	-0.0546668	-0.0557703	-0.0529188	-0.0550262	-0.059422	-0.0534456	-0.0575799	-0.0597589	-0.0580061	-0.0562089	-0.0619679	-0.0580168	-0.0546472	-0.0485796	-0.0405467	-0.0179278	0.0240231	0.0839299	0.170708	0.308182	0.488276	0.691918	0.906718	1.11537	1.25495	
-0.0505119	-0.0505119	-0.0486153	-0.0507489	-0.0485851	-0.04893	-0.0511202	-0.0491928	-0.0511529	-0.0515617	-0.0490465	-0.0493087	-0.0480273	-0.0486803	-0.0489504	-0.0502912	-0.0568411	-0.0516339	-0.0502234	-0.0510688	-0.0544131	-0.0533375	-0.0553508	-0.0546554	-0.0544233	-0.0548862	-0.0571758	-0.0556874	-0.057688	-0.0584394	-0.0569013	-0.0587195	-0.0614624	-0.0590095	-0.059348	-0.0620167	-0.0593607	-0.0563722	-0.0493947	-0.0406669	-0.0160229	0.0234849	0.0859175	0.174874	0.311129	0.488717	0.689945	0.90536	1.10602	1.24142	
-0.048857	-0.048857	-0.0502392	-0.0485851	-0.0508099	-0.0495604	-0.0492526	-0.0499607	-0.0487326	-0.0492097	-0.0509003	-0.0509393	-0.052693	-0.0525384	-0.052156	-0.0519236	-0.0480995	-0.0507111	-0.053362	-0.0540804	-0.0513699	-0.0537682	-0.0512958	-0.0530103	-0.0542084	-0.055799	-0.0541732	-0.0545825	-0.0558079	-0.0567329	-0.0572119	-0.0572193	-0.0585881	-0.0580203	-0.0598725	-0.0585299	-0.0588222	-0.0541309	-0.0499909	-0.0359036	-0.0146131	0.0265149	0.0873133	0.181011	0.313827	0.485593	0.685909	0.896747	1.08882	1.21713	
-0.0490868	-0.0490868	-0.0498815	-0.04893	-0.0495604	-0.0504467	-0.0491581	-0.0516104	-0.0498546	-0.0511239	-0.0504377	-0.0494714	-0.0512947	-0.0488475	-0.0511323	-0.0524579	-0.0504323	-0.0543492	-0.0514355	-0.0513445	-0.0518263	-0.0534045	-0.053504	-0.0555099	-0.054608	-0.0521617	-0.0551727	-0.0578835	-0.0565113	-0.0545688	-0.0592891	-0.0581072	-0.0578253	-0.0594089	-0.0610298	-0.0578853	-0.0586048	-0.055204	-0.0495916	-0.0337836	-0.0115503	0.0281202	0.0912033	0.188485	0.318303	0.484696	0.682522	0.889001	1.0687	1.189	
-0.0512316	-0.0512316	-0.0494415	-0.0511202	-0.0492526	-0.0491581	-0.0489136	-0.0502375	-0.0476429	-0.0511823	-0.0507925	-0.0478879	-0.0530531	-0.0494769	-0.049483	-0.0532594	-0.0507395	-0.0529392	-0.0522898	-0.0524239	-0.0541615	-0.056973	-0.0516882	-0.0532807	-0.0567898	-0.0568247	-0.0551037	-0.0577125	-0.0567622	-0.0557117	-0.0619587	-0.0580722	-0.0577931	-0.0609593	-0.0628271	-0.0570755	-0.0595178	-0.0559663	-0.0497724	-0.0315247	-0.00926317	0.0301298	0.0953756	0.196291	0.322093	0.48373	0.677956	0.877782	1.04433	1.1535	
-0.0479138	-0.0479138	-0.0485849	-0.0491928	-0.0499607	-0.0516104	-0.0502375	-0.0527162	-0.0498325	-0.051456	-0.0508062	-0.0495948	-0.0541179	-0.0494758	-0.0528195	-0.0541441	-0.0465471	-0.0532298	-0.0517063	-0.0519755	-0.0509251	-0.0528628	-0.0506791	-0.0551596	-0.0548112	-0.0514834	-0.0530216	-0.0583923	-0.054819	-0.0531316	-0.0607477	-0.0563525	-0.0553993	-0.0602072	-0.0609832	-0.0543943	-0.0577759	-0.0537549	-0.047105	-0.026423	-0.00490448	0.0355614	0.102626	0.205637	0.327607	0.483414	0.673416	0.862653	1.01393	1.11229	
-0.0518467	-0.0518467	-0.050814	-0.0511529	-0.0487326	-0.0498546	-0.0476429	-0.0498325	-0.0481371	-0.0510259	-0.0501706	-0.0498138	-0.0526405	-0.0485788	-0.0515396	-0.0526443	-0.0501976	-0.056571	-0.0525636	-0.0523934	-0.0554288	-0.0551463	-0.0544156	-0.0550333	-0.0572813	-0.0542959	-0.0571752	-0.059532	-0.0563049	-0.0558929	-0.0630963	-0.0583246	-0.0572589	-0.0636535	-0.0617098	-0.057324	-0.0589201	-0.0566732	-0.0463547	-0.0269531	-0.00269925	0.0378414	0.108859	0.212633	0.331764	0.484736	0.668438	0.846919	0.982998	1.06992	
-0.0497417	-0.0497417	-0.0475891	-0.0515617	-0.0492097	-0.0511239	-0.0511823	-0.051456	-0.0510259	-0.0508864	-0.051767	-0.0495151	-0.0514047	-0.0509901	-0.0508772	-0.0519562	-0.0518576	-0.0515405	-0.0516028	-0.0513143	-0.0535333	-0.0536482	-0.0529608	-0.0529651	-0.0551441	-0.0556158	-0.0544541	-0.0574819	-0.0546105	-0.0570264	-0.0605091	-0.057011	-0.0564916	-0.0625535	-0.0593041	-0.0564618	-0.0570404	-0.0543042	-0.0421966	-0.0234914	0.00313472	0.0448508	0.119306	0.221102	0.339174	0.487717	0.663885	0.82686	0.948645	1.02077	
-0.0491816	-0.0491816	-0.0507099	-0.0490465	-0.0509003	-0.0504377	-0.0507925	-0.0508062	-0.0501706	-0.051767	-0.0491016	-0.0521465	-0.0525002	-0.050743	-0.0543123	-0.0517501	-0.051154	-0.052062	-0.0530854	-0.0536496	-0.0540275	-0.0516173	-0.0537122	-0.0561362	-0.0558022	-0.0526761	-0.0553609	-0.0582968	-0.0564544	-0.0563259	-0.0596075	-0.0574622	-0.0585984	-0.0614851	-0.0590934	-0.0575417	-0.0572124	-0.0530565	-0.0405872	-0.0220629	0.00666313	0.0515067	0.127416	0.227808	0.345298	0.491832	0.65666	0.806304	0.911215	0.973259	
-0.0516327	-0.0516327	-0.0534691	-0.0493087	-0.0509393	-0.0494714	-0.0478879	-0.0495948	-0.0498138	-0.0495151	-0.0521465	-0.051673	-0.0502823	-0.0517684	-0.051163	-0.0500605	-0.0557333	-0.0526476	-0.0546508	-0.054193	-0.0534525	-0.0558332	-0.0574925	-0.0534981	-0.0547282	-0.0589585	-0.058211	-0.0562763	-0.057548	-0.0594844	-0.0597474	-0.0591102	-0.0610031	-0.0610738	-0.0603942	-0.0595846	-0.058011	-0.052081	-0.0400769	-0.0214099	0.0103808	0.0584175	0.135583	0.23345	0.353856	0.496271	0.650528	0.78401	0.876242	0.924204	
-0.0476708	-0.0476708	-0.0498559	-0.0480273	-0.052693	-0.0512947	-0.0530531	-0.0541179	-0.0526405	-0.0514047	-0.0525002	-0.0502823	-0.0490796	-0.0542109	-0.0505397	-0.0507563	-0.0549127	-0.0485085	-0.0528066	-0.051475	-0.0520403	-0.0529256	-0.053541	-0.0538573	-0.0549677	-0.0564474	-0.0529174	-0.056167	-0.0585734	-0.0582114	-0.0553655	-0.0602662	-0.0599213	-0.0583462	-0.058707	-0.0596523	-0.0546462	-0.0485687	-0.0364274	-0.0176554	0.0178494	0.0692686	0.145328	0.242487	0.364984	0.502918	0.6435	0.761009	0.840449	0.87176	
-0.0512043	-0.0512043	-0.0540667	-0.0486803	-0.0525384	-0.0488475	-0.0494769	-0.0494758	-0.0485788	-0.0509901	-0.050743	-0.0517684	-0.0542109	-0.0536044	-0.0523329	-0.0548347	-0.0549602	-0.0493106	-0.0562919	-0.0575762	-0.0533932	-0.0572635	-0.0547565	-0.0560002	-0.0546093	-0.0590989	-0.0560736	-0.0570747	-0.0603076	-0.0574465	-0.0574584	-0.0620678	-0.0618699	-0.0567879	-0.0627501	-0.060108	-0.0562582	-0.0472686	-0.0388502	-0.0162301	0.0204308	0.0761618	0.149379	0.248316	0.373098	0.506524	0.632735	0.739125	0.804497	0.822448	
-0.050634	-0.050634	-0.0532242	-0.0489504	-0.052156	-0.0511323	-0.049483	-0.0528195	-0.0515396	-0.0508772	-0.0543123	-0.051163	-0.0505397	-0.0523329	-0.0485718	-0.0515237	-0.0520768	-0.0545415	-0.0564231	-0.0524073	-0.0498369	-0.0563458	-0.0557166	-0.0552494	-0.0554579	-0.0594657	-0.0550547	-0.0566438	-0.0614326	-0.0580496	-0.0572409	-0.0639666	-0.0604053	-0.0574524	-0.0631253	-0.0604341	-0.0538177	-0.0463053	-0.0367143	-0.0124901	0.0279599	0.0852572	0.157643	0.258994	0.38629	0.511835	0.626437	0.719433	0.773085	0.771433	
-0.0491076	-0.0491076	-0.0495658	-0.0502912	-0.0519236	-0.0524579	-0.0532594	-0.0541441	-0.0526443	-0.0519562	-0.0517501	-0.0500605	-0.0507563	-0.0548347	-0.0515237	-0.058411	-0.0518963	-0.052159	-0.0510442	-0.0523308	-0.0562149	-0.0569473	-0.0535903	-0.0541878	-0.0563439	-0.0574439	-0.0542106	-0.0585986	-0.0603369	-0.0565654	-0.056662	-0.0653945	-0.0573056	-0.0587655	-0.0620912	-0.0603502	-0.0512324	-0.0461744	-0.0347133	-0.00852669	0.0337014	0.0927037	0.163379	0.270115	0.395653	0.514429	0.617771	0.700087	0.740644	0.718984	
-0.0552062	-0.0552062	-0.0492781	-0.0568411	-0.0480995	-0.0504323	-0.0507395	-0.0465471	-0.0501976	-0.0518576	-0.051154	-0.0557333	-0.0549127	-0.0549602	-0.0520768	-0.0518963	-0.0542921	-0.0533154	-0.0583743	-0.0554944	-0.0581372	-0.0517871	-0.0569796	-0.056261	-0.0577514	-0.0576057	-0.0575845	-0.0582826	-0.0597406	-0.0577463	-0.060369	-0.0639528	-0.0574728	-0.0615063	-0.0627484	-0.0604293	-0.0507003	-0.0488596	-0.031934	-0.00786048	0.0399635	0.0949057	0.171036	0.279323	0.40326	0.515864	0.609341	0.684933	0.708743	0.669421	
-0.0504523	-0.0504523	-0.0510269	-0.0516339	-0.0507111	-0.0543492	-0.0529392	-0.0532298	-0.056571	-0.0515405	-0.052062	-0.0526476	-0.0485085	-0.0493106	-0.0545415	-0.052159	-0.0533154	-0.0541828	-0.0553104	-0.0519736	-0.0539178	-0.0540809	-0.0588325	-0.0568147	-0.0568895	-0.0573826	-0.0579934	-0.0593254	-0.0605245	-0.0594448	-0.0613053	-0.0622746	-0.0602056	-0.0628669	-0.0624052	-0.0586113	-0.0527383	-0.0472698	-0.0296283	-0.00245593	0.0448766	0.101049	0.182201	0.291343	0.41341	0.51831	0.60795	0.672513	0.678841	0.623451	
-0.0510874	-0.0510874	-0.0532294	-0.0502234	-0.053362	-0.0514355	-0.0522898	-0.0517063	-0.0525636	-0.0516028	-0.0530854	-0.0546508	-0.0528066	-0.0562919	-0.0564231	-0.0510442	-0.0583743	-0.0553104	-0.0501699	-0.0551287	-0.0581107	-0.0561429	-0.0561463	-0.0556238	-0.0549324	-0.0574586	-0.0594249	-0.0579284	-0.0576301	-0.0596489	-0.0610378	-0.0595088	-0.0613874	-0.0615443	-0.0607565	-0.0572004	-0.0541606	-0.0445967	-0.0274333	0.00157948	0.0470025	0.105947	0.19121	0.299489	0.417183	0.518012	0.604411	0.656927	0.646877	0.577208	
-0.0523396	-0.0523396	-0.0538891	-0.0510688	-0.0540804	-0.0513445	-0.0524239	-0.0519755	-0.0523934	-0.0513143	-0.0536496	-0.054193	-0.051475	-0.0575762	-0.0524073	-0.0523308	-0.0554944	-0.0519736	-0.0551287	-0.062171	-0.0553205	-0.0530061	-0.0579992	-0.0574539	-0.0580104	-0.0604345	-0.0605792	-0.0563626	-0.0598735	-0.0651524	-0.0599369	-0.0603772	-0.0642396	-0.0640097	-0.0593032	-0.0603262	-0.0549804	-0.0445075	-0.0253504	0.00347313	0.0483765	0.112612	0.20033	0.307956	0.420807	0.522246	0.605453	0.643376	0.620568	0.535948	
-0.0540432	-0.0540432	-0.0516073	-0.0544131	-0.0513699	-0.0518263	-0.0541615	-0.0509251	-0.0554288	-0.0535333	-0.0540275	-0.0534525	-0.0520403	-0.0533932	-0.0498369	-0.0562149	-0.0581372	-0.0539178	-0.0581107	-0.0553205	-0.0517176	-0.0569007	-0.0609955	-0.0584391	-0.0573816	-0.0584992	-0.0591017	-0.0586472	-0.0632299	-0.0639075	-0.0567757	-0.062898	-0.0674836	-0.0615313	-0.0588997	-0.0622355	-0.0554477	-0.0424788	-0.023228	0.00444043	0.0513172	0.119161	0.210166	0.312572	0.42519	0.527936	0.6054	0.630099	0.594281	0.499205	
-0.0512988	-0.0512988	-0.0505162	-0.0533375	-0.0537682	-0.0534045	-0.056973	-0.0528628	-0.0551463	-0.0536482	-0.0516173	-0.0558332	-0.0529256	-0.0572635	-0.0563458	-0.0569473	-0.0517871	-0.0540809	-0.0561429	-0.0530061	-0.0569007	-0.060735	-0.0564407	-0.0545441	-0.0553014	-0.0613285	-0.0604457	-0.0580716	-0.0600913	-0.0622276	-0.0574509	-0.0657654	-0.064265	-0.058736	-0.059803	-0.0633395	-0.0525552	-0.0394983	-0.0217383	0.00677464	0.054698	0.128639	0.216137	0.31741	0.429128	0.534995	0.60276	0.615063	0.569829	0.465437	
-0.0554844	-0.0554844	-0.0540022	-0.0553508	-0.0512958	-0.053504	-0.0516882	-0.0506791	-0.0544156	-0.0529608	-0.0537122	-0.0574925	-0.053541	-0.0547565	-0.0557166	-0.0535903	-0.0569796	-0.0588325	-0.0561463	-0.0579992	-0.0609955	-0.0564407	-0.0553555	-0.0601603	-0.0623513	-0.0612988	-0.0587386	-0.0584587	-0.0651654	-0.0630738	-0.0605357	-0.0659342	-0.0647566	-0.0607439	-0.0646192	-0.0633558	-0.0527193	-0.0408798	-0.0236747	0.00609798	0.0576464	0.133044	0.218696	0.318749	0.434876	0.540635	0.598175	0.603236	0.549707	0.441275	
-0.0538464	-0.0538464	-0.0532824	-0.0546554	-0.0530103	-0.0555099	-0.0532807	-0.0551596	-0.0550333	-0.0529651	-0.0561362	-0.0534981	-0.0538573	-0.0560002	-0.0552494	-0.0541878	-0.056261	-0.0568147	-0.0556238	-0.0574539	-0.0584391	-0.0545441	-0.0601603	-0.0611925	-0.0604279	-0.0565079	-0.0614519	-0.0627608	-0.0646814	-0.060015	-0.0628797	-0.0667406	-0.0639944	-0.0627704	-0.064804	-0.0620763	-0.05162	-0.0419789	-0.0221346	0.00811595	0.0637898	0.137637	0.221912	0.323895	0.444019	0.54518	0.593898	0.592444	0.534996	0.418159	
-0.053276	-0.053276	-0.0525057	-0.0544233	-0.0542084	-0.054608	-0.0567898	-0.0548112	-0.0572813	-0.0551441	-0.0558022	-0.0547282	-0.0549677	-0.0546093	-0.0554579	-0.0563439	-0.0577514	-0.0568895	-0.0549324	-0.0580104	-0.0573816	-0.0553014	-0.0623513	-0.0604279	-0.0555446	-0.0585503	-0.0654984	-0.0622227	-0.0581619	-0.0627582	-0.0661398	-0.0644903	-0.0620433	-0.0649395	-0.0644807	-0.0601168	-0.0520578	-0.0418708	-0.0212936	0.0111408	0.068439	0.138804	0.224705	0.329002	0.452657	0.54405	0.589177	0.583393	0.523226	0.39817	
-0.0552509	-0.0552509	-0.0546668	-0.0548862	-0.055799	-0.0521617	-0.0568247	-0.0514834	-0.0542959	-0.0556158	-0.0526761	-0.0589585	-0.0564474	-0.0590989	-0.0594657	-0.0574439	-0.0576057	-0.0573826	-0.0574586	-0.0604345	-0.0584992	-0.0613285	-0.0612988	-0.0565079	-0.0585503	-0.0660909	-0.0634779	-0.0573858	-0.0609151	-0.0696624	-0.0641771	-0.0606619	-0.0656358	-0.0686115	-0.0630837	-0.0597488	-0.0547574	-0.0433059	-0.0220927	0.0136052	0.0676657	0.137684	0.22429	0.335656	0.453687	0.540306	0.582876	0.577351	0.513431	0.37999	
-0.057372	-0.057372	-0.0557703	-0.0571758	-0.0541732	-0.0551727	-0.0551037	-0.0530216	-0.0571752	-0.0544541	-0.0553609	-0.058211	-0.0529174	-0.0560736	-0.0550547	-0.0542106	-0.0575845	-0.0579934	-0.0594249	-0.0605792	-0.0591017	-0.0604457	-0.0587386	-0.0614519	-0.0654984	-0.0634779	-0.0613201	-0.062779	-0.0680267	-0.0689675	-0.0619308	-0.0650855	-0.0728128	-0.0684492	-0.0621471	-0.0628807	-0.0586772	-0.0440265	-0.0209093	0.0154652	0.06669	0.137606	0.230356	0.343584	0.455404	0.539355	0.583871	0.578258	0.507545	0.366908	
-0.0534356	-0.0534356	-0.0529188	-0.0556874	-0.0545825	-0.0578835	-0.0577125	-0.0583923	-0.059532	-0.0574819	-0.0582968	-0.0562763	-0.056167	-0.0570747	-0.0566438	-0.0585986	-0.0582826	-0.0593254	-0.0579284	-0.0563626	-0.0586472	-0.0580716	-0.0584587	-0.0627608	-0.0622227	-0.0573858	-0.062779	-0.0623936	-0.0648605	-0.06394	-0.0616885	-0.0663556	-0.0702486	-0.0626	-0.060851	-0.0641215	-0.0568358	-0.0404706	-0.0170655	0.0164983	0.0656455	0.140226	0.236923	0.346464	0.450857	0.537051	0.58317	0.575162	0.496795	0.349474	
-0.0565453	-0.0565453	-0.0550262	-0.057688	-0.0558079	-0.0565113	-0.0567622	-0.054819	-0.0563049	-0.0546105	-0.0564544	-0.057548	-0.0585734	-0.0603076	-0.0614326	-0.0603369	-0.0597406	-0.0605245	-0.0576301	-0.0598735	-0.0632299	-0.0600913	-0.0651654	-0.0646814	-0.0581619	-0.0609151	-0.0680267	-0.0648605	-0.0650256	-0.0658927	-0.0645088	-0.0701891	-0.0696385	-0.0640606	-0.0656295	-0.0682027	-0.0571842	-0.041606	-0.0192493	0.0108095	0.0626169	0.14114	0.239606	0.340754	0.445859	0.535979	0.585218	0.571529	0.488519	0.336301	
-0.0604958	-0.0604958	-0.059422	-0.0584394	-0.0567329	-0.0545688	-0.0557117	-0.0531316	-0.0558929	-0.0570264	-0.0563259	-0.0594844	-0.0582114	-0.0574465	-0.0580496	-0.0565654	-0.0577463	-0.0594448	-0.0596489	-0.0651524	-0.0639075	-0.0622276	-0.0630738	-0.060015	-0.0627582	-0.0696624	-0.0689675	-0.06394	-0.0658927	-0.0679623	-0.0698832	-0.0723088	-0.068652	-0.066815	-0.0711079	-0.0689233	-0.0568878	-0.0425669	-0.023352	0.00787363	0.0632318	0.145813	0.238471	0.336265	0.44534	0.541354	0.588141	0.569251	0.48228	0.327484	
-0.0540996	-0.0540996	-0.0534456	-0.0569013	-0.0572119	-0.0592891	-0.0619587	-0.0607477	-0.0630963	-0.0605091	-0.0596075	-0.0597474	-0.0553655	-0.0574584	-0.0572409	-0.056662	-0.060369	-0.0613053	-0.0610378	-0.0599369	-0.0567757	-0.0574509	-0.0605357	-0.0628797	-0.0661398	-0.0641771	-0.0619308	-0.0616885	-0.0645088	-0.0698832	-0.0698213	-0.0654316	-0.0646208	-0.0700926	-0.0703287	-0.0632471	-0.05336	-0.0430582	-0.0237941	0.0100751	0.069425	0.148646	0.235009	0.333274	0.448994	0.54501	0.586142	0.562201	0.473397	0.317796	
-0.0581582	-0.0581582	-0.0575799	-0.0587195	-0.0572193	-0.0581072	-0.0580722	-0.0563525	-0.0583246	-0.057011	-0.0574622	-0.0591102	-0.0602662	-0.0620678	-0.0639666	-0.0653945	-0.0639528	-0.0622746	-0.0595088	-0.0603772	-0.062898	-0.0657654	-0.0659342	-0.0667406	-0.0644903	-0.0606619	-0.0650855	-0.0663556	-0.0701891	-0.0723088	-0.0654316	-0.0629626	-0.0735886	-0.0757716	-0.0675366	-0.062057	-0.0597337	-0.049228	-0.0280502	0.0096775	0.0669157	0.140572	0.223541	0.328957	0.448445	0.541372	0.577643	0.554193	0.467036	0.316339	
-0.0619203	-0.0619203	-0.0597589	-0.0614624	-0.0585881	-0.0578253	-0.0577931	-0.0553993	-0.0572589	-0.0564916	-0.0585984	-0.0610031	-0.0599213	-0.0618699	-0.0604053	-0.0573056	-0.0574728	-0.0602056	-0.0613874	-0.0642396	-0.0674836	-0.064265	-0.0647566	-0.0639944	-0.0620433	-0.0656358	-0.0728128	-0.0702486	-0.0696385	-0.068652	-0.0646208	-0.0735886	-0.0808668	-0.0715905	-0.0635714	-0.0687179	-0.0655165	-0.0511303	-0.0258173	0.0106097	0.0648553	0.133313	0.221534	0.333442	0.452191	0.539066	0.573973	0.552702	0.469422	0.322312	
-0.0585373	-0.0585373	-0.0580061	-0.0590095	-0.0580203	-0.0594089	-0.0609593	-0.0602072	-0.0636535	-0.0625535	-0.0614851	-0.0610738	-0.0583462	-0.0567879	-0.0574524	-0.0587655	-0.0615063	-0.0628669	-0.0615443	-0.0640097	-0.0615313	-0.058736	-0.0607439	-0.0627704	-0.0649395	-0.0686115	-0.0684492	-0.0626	-0.0640606	-0.066815	-0.0700926	-0.0757716	-0.0715905	-0.0623644	-0.0671509	-0.0725468	-0.0633601	-0.0457741	-0.0232939	0.0109707	0.0591784	0.128832	0.223179	0.336336	0.44829	0.530493	0.567592	0.550668	0.471858	0.328677	
-0.0566831	-0.0566831	-0.0562089	-0.059348	-0.0598725	-0.0610298	-0.0628271	-0.0609832	-0.0617098	-0.0593041	-0.0590934	-0.0603942	-0.058707	-0.0627501	-0.0631253	-0.0620912	-0.0627484	-0.0624052	-0.0607565	-0.0593032	-0.0588997	-0.059803	-0.0646192	-0.064804	-0.0644807	-0.0630837	-0.0621471	-0.060851	-0.0656295	-0.0711079	-0.0703287	-0.0675366	-0.0635714	-0.0671509	-0.0727201	-0.0707505	-0.0579997	-0.0450678	-0.0236595	0.0054604	0.0526836	0.127023	0.225376	0.332604	0.437468	0.520671	0.562783	0.551363	0.478208	0.334007	
-0.0635486	-0.0635486	-0.0619679	-0.0620167	-0.0585299	-0.0578853	-0.0570755	-0.0543943	-0.057324	-0.0564618	-0.0575417	-0.0595846	-0.0596523	-0.060108	-0.0604341	-0.0603502	-0.0604293	-0.0586113	-0.0572004	-0.0603262	-0.0622355	-0.0633395	-0.0633558	-0.0620763	-0.0601168	-0.0597488	-0.0628807	-0.0641215	-0.0682027	-0.0689233	-0.0632471	-0.062057	-0.0687179	-0.0725468	-0.0707505	-0.0650143	-0.0578987	-0.0454449	-0.0275718	-0.000572777	0.0494985	0.130298	0.224682	0.323104	0.427359	0.515906	0.564702	0.559425	0.488913	0.340982	
-0.0588638	-0.0588638	-0.0580168	-0.0593607	-0.0588222	-0.0586048	-0.0595178	-0.0577759	-0.0589201	-0.0570404	-0.0572124	-0.058011	-0.0546462	-0.0562582	-0.0538177	-0.0512324	-0.0507003	-0.0527383	-0.0541606	-0.0549804	-0.0554477	-0.0525552	-0.0527193	-0.05162	-0.0520578	-0.0547574	-0.0586772	-0.0568358	-0.0571842	-0.0568878	-0.05336	-0.0597337	-0.0655165	-0.0633601	-0.0579997	-0.0578987	-0.0506483	-0.0406355	-0.0252912	0.00222524	0.0600797	0.138904	0.22236	0.316439	0.42467	0.519264	0.571489	0.569096	0.496817	0.339326	
-0.0558959	-0.0558959	-0.0546472	-0.0563722	-0.0541309	-0.055204	-0.0559663	-0.0537549	-0.0566732	-0.0543042	-0.0530565	-0.052081	-0.0485687	-0.0472686	-0.0463053	-0.0461744	-0.0488596	-0.0472698	-0.0445967	-0.0445075	-0.0424788	-0.0394983	-0.0408798	-0.0419789	-0.0418708	-0.0433059	-0.0440265	-0.0404706	-0.041606	-0.0425669	-0.0430582	-0.049228	-0.0511303	-0.0457741	-0.0450678	-0.0454449	-0.0406355	-0.0338856	-0.0197708	0.0152271	0.0730818	0.140029	0.215283	0.311845	0.427168	0.523582	0.578338	0.576823	0.498665	0.337594	
-0.0484556	-0.0484556	-0.0485796	-0.0493947	-0.0499909	-0.0495916	-0.0497724	-0.047105	-0.0463547	-0.0421966	-0.0405872	-0.0400769	-0.0364274	-0.0388502	-0.0367143	-0.0347133	-0.031934	-0.0296283	-0.0274333	-0.0253504	-0.023228	-0.0217383	-0.0236747	-0.0221346	-0.0212936	-0.0220927	-0.0209093	-0.0170655	-0.0192493	-0.023352	-0.0237941	-0.0280502	-0.0258173	-0.0232939	-0.0236595	-0.0275718	-0.0252912	-0.0197708	0.00211628	0.0383065	0.0851662	0.141499	0.217402	0.321791	0.438249	0.534769	0.58944	0.584279	0.502095	0.342605	
-0.0428841	-0.0428841	-0.0405467	-0.0406669	-0.0359036	-0.0337836	-0.0315247	-0.026423	-0.0269531	-0.0234914	-0.0220629	-0.0214099	-0.0176554	-0.0162301	-0.0124901	-0.00852669	-0.00786048	-0.00245593	0.00157948	0.00347313	0.00444043	0.00677464	0.00609798	0.00811595	0.0111408	0.0136052	0.0154652	0.0164983	0.0108095	0.00787363	0.0100751	0.0096775	0.0106097	0.0109707	0.0054604	-0.000572777	0.00222524	0.0152271	0.0383065	0.0635101	0.0990628	0.154616	0.23824	0.343508	0.458588	0.552725	0.604603	0.5958	0.514139	0.367581	
-0.0183744	-0.0183744	-0.0179278	-0.0160229	-0.0146131	-0.0115503	-0.00926317	-0.00490448	-0.00269925	0.00313472	0.00666313	0.0103808	0.0178494	0.0204308	0.0279599	0.0337014	0.0399635	0.0448766	0.0470025	0.0483765	0.0513172	0.054698	0.0576464	0.0637898	0.068439	0.0676657	0.06669	0.0656455	0.0626169	0.0632318	0.069425	0.0669157	0.0648553	0.0591784	0.0526836	0.0494985	0.0600797	0.0730818	0.0851662	0.0990628	0.133983	0.196925	0.280373	0.382468	0.492538	0.581914	0.627588	0.61674	0.54583	0.41225	
0.0225178	0.0225178	0.0240231	0.0234849	0.0265149	0.0281202	0.0301298	0.0355614	0.0378414	0.0448508	0.0515067	0.0584175	0.0692686	0.0761618	0.0852572	0.0927037	0.0949057	0.101049	0.105947	0.112612	0.119161	0.128639	0.133044	0.137637	0.138804	0.137684	0.137606	0.140226	0.14114	0.145813	0.148646	0.140572	0.133313	0.128832	0.127023	0.130298	0.138904	0.140029	0.141499	0.154616	0.196925	0.258561	0.336786	0.431997	0.536357	0.616839	0.657681	0.656355	0.600141	0.478219	
0.0838742	0.0838742	0.0839299	0.0859175	0.0873133	0.0912033	0.0953756	0.102626	0.108859	0.119306	0.127416	0.135583	0.145328	0.149379	0.157643	0.163379	0.171036	0.182201	0.19121	0.20033	0.210166	0.216137	0.218696	0.221912	0.224705	0.22429	0.230356	0.236923	0.239606	0.238471	0.235009	0.223541	0.221534	0.223179	0.225376	0.224682	0.22236	0.215283	0.217402	0.23824	0.280373	0.336786	0.407521	0.497599	0.592548	0.665383	0.713028	0.727479	0.686	0.56625	
0.16847	0.16847	0.170708	0.174874	0.181011	0.188485	0.196291	0.205637	0.212633	0.221102	0.227808	0.23345	0.242487	0.248316	0.258994	0.270115	0.279323	0.291343	0.299489	0.307956	0.312572	0.31741	0.318749	0.323895	0.329002	0.335656	0.343584	0.346464	0.340754	0.336265	0.333274	0.328957	0.333442	0.336336	0.332604	0.323104	0.316439	0.311845	0.321791	0.343508	0.382468	0.431997	0.497599	0.578876	0.664971	0.740987	0.802953	0.834209	0.796556	0.67357	
0.307242	0.307242	0.308182	0.311129	0.313827	0.318303	0.322093	0.327607	0.331764	0.339174	0.345298	0.353856	0.364984	0.373098	0.38629	0.395653	0.40326	0.41341	0.417183	0.420807	0.42519	0.429128	0.434876	0.444019	0.452657	0.453687	0.455404	0.450857	0.445859	0.44534	0.448994	0.448445	0.452191	0.44829	0.437468	0.427359	0.42467	0.427168	0.438249	0.458588	0.492538	0.536357	0.592548	0.664971	0.75198	0.838891	0.916622	0.953025	0.912845	0.784284	
0.49021	0.49021	0.488276	0.488717	0.485593	0.484696	0.48373	0.483414	0.484736	0.487717	0.491832	0.496271	0.502918	0.506524	0.511835	0.514429	0.515864	0.51831	0.518012	0.522246	0.527936	0.534995	0.540635	0.54518	0.54405	0.540306	0.539355	0.537051	0.535979	0.541354	0.54501	0.541372	0.539066	0.530493	0.520671	0.515906	0.519264	0.523582	0.534769	0.552725	0.581914	0.616839	0.665383	0.740987	0.838891	0.941015	1.02564	1.06345	1.02112	0.890449	
0.693499	0.693499	0.691918	0.689945	0.685909	0.682522	0.677956	0.673416	0.668438	0.663885	0.65666	0.650528	0.6435	0.632735	0.626437	0.617771	0.609341	0.60795	0.604411	0.605453	0.6054	0.60276	0.598175	0.593898	0.589177	0.582876	0.583871	0.58317	0.585218	0.588141	0.586142	0.577643	0.573973	0.567592	0.562783	0.564702	0.571489	0.578338	0.58944	0.604603	0.627588	0.657681	0.713028	0.802953	0.916622	1.02564	1.11356	1.15265	1.11157	0.979761	
0.910515	0.910515	0.906718	0.90536	0.896747	0.889001	0.877782	0.862653	0.846919	0.82686	0.806304	0.78401	0.761009	0.739125	0.719433	0.700087	0.684933	0.672513	0.656927	0.643376	0.630099	0.615063	0.603236	0.592444	0.583393	0.577351	0.578258	0.575162	0.571529	0.569251	0.562201	0.554193	0.552702	0.550668	0.551363	0.559425	0.569096	0.576823	0.584279	0.5958	0.61674	0.656355	0.727479	0.834209	0.953025	1.06345	1.15265	1.19455	1.15373	1.0207	
1.12164	1.12164	1.11537	1.10602	1.08882	1.0687	1.04433	1.01393	0.982998	0.948645	0.911215	0.876242	0.840449	0.804497	0.773085	0.740644	0.708743	0.678841	0.646877	0.620568	0.594281	0.569829	0.549707	0.534996	0.523226	0.513431	0.507545	0.496795	0.488519	0.48228	0.473397	0.467036	0.469422	0.471858	0.478208	0.488913	0.496817	0.498665	0.502095	0.514139	0.54583	0.600141	0.686	0.796556	0.912845	1.02112	1.11157	1.15373	1.11216	0.985056	
1.2638	1.2638	1.25495	1.24142	1.21713	1.189	1.1535	1.11229	1.06992	1.02077	0.973259	0.924204	0.87176	0.822448	0.771433	0.718984	0.669421	0.623451	0.577208	0.535948	0.499205	0.465437	0.441275	0.418159	0.39817	0.37999	0.366908	0.349474	0.336301	0.327484	0.317796	0.316339	0.322312	0.328677	0.334007	0.340982	0.339326	0.337594	0.342605	0.367581	0.41225	0.478219	0.56625	0.67357	0.784284	0.890449	0.979761	1.0207	0.985056	0.87994	
