-0.23721	0.149041	0.430219	0.731909	0.157287	0.157287	
0.149041	0.37127	-0.0009798	0.232379	-0.336674	-0.336674	
0.430219	-0.0009798	0.361441	0.537627	-0.728495	-0.728495	
0.731909	0.232379	0.537627	0.239604	0.0455702	0.0455702	
0.157287	-0.336674	-0.728495	0.0455702	2.18279	2.18279	
0.157287	-0.336674	-0.728495	0.0455702	2.18279	2.18279	
