-0.0559731	-0.0488566	-0.0506308	-0.054887	-0.0544116	-0.0601713	-0.0595393	-0.0573458	-0.0606831	-0.0682661	-0.0676307	-0.0628684	-0.0722663	-0.0801628	-0.077255	-0.0760165	-0.0819953	-0.0960172	-0.10297	-0.0948169	-0.0943575	-0.111984	-0.134745	-0.152213	-0.152879	-0.137016	-0.133423	-0.166545	-0.234787	-0.331441	-0.445326	-0.54458	-0.594985	-0.585363	-0.515937	-0.38085	-0.181381	0.057406	0.299516	0.521471	0.713332	0.861702	0.943019	0.937433	0.847116	0.700575	0.541073	0.4103	0.337727	0.337727	
-0.0488566	-0.0466551	-0.0595173	-0.0577516	-0.0558452	-0.0594479	-0.0586582	-0.0606462	-0.0637058	-0.0684805	-0.0668752	-0.0668745	-0.0768603	-0.0794455	-0.0766472	-0.0791278	-0.0880602	-0.100795	-0.101577	-0.0933283	-0.100435	-0.122511	-0.143801	-0.155285	-0.148467	-0.133677	-0.143013	-0.191737	-0.272192	-0.376541	-0.488104	-0.571513	-0.598813	-0.565796	-0.472765	-0.314315	-0.0982024	0.144907	0.381021	0.592052	0.769389	0.897004	0.950831	0.916013	0.80232	0.643165	0.481333	0.35389	0.284754	0.284754	
-0.0506308	-0.0595173	-0.0615764	-0.0516747	-0.0551344	-0.061054	-0.0616822	-0.0616533	-0.0664333	-0.0713808	-0.0659036	-0.0691053	-0.0804991	-0.0802708	-0.0778388	-0.0825351	-0.0939655	-0.104053	-0.0991991	-0.094341	-0.109694	-0.133727	-0.151037	-0.155093	-0.142908	-0.134563	-0.160235	-0.224355	-0.31548	-0.424294	-0.527987	-0.59067	-0.592811	-0.535517	-0.417972	-0.236904	-0.00757918	0.235623	0.46283	0.661024	0.821356	0.924984	0.948934	0.884942	0.750483	0.58261	0.422124	0.300564	0.236098	0.236098	
-0.054887	-0.0577516	-0.0516747	-0.0514044	-0.0636776	-0.0660851	-0.060757	-0.0633907	-0.0706318	-0.0682791	-0.0652984	-0.0775394	-0.0842169	-0.0780359	-0.0786324	-0.0883675	-0.100962	-0.104669	-0.09614	-0.099226	-0.121949	-0.144257	-0.155193	-0.151775	-0.138415	-0.142267	-0.186222	-0.264336	-0.363732	-0.472473	-0.562062	-0.599808	-0.57555	-0.493285	-0.350755	-0.14899	0.0890929	0.328029	0.543704	0.727051	0.867454	0.943754	0.936057	0.84401	0.692308	0.520022	0.364482	0.251065	0.192274	0.192274	
-0.0544116	-0.0558452	-0.0551344	-0.0636776	-0.0693616	-0.0592729	-0.0586079	-0.0686377	-0.0713405	-0.0681346	-0.0727099	-0.0825084	-0.0808722	-0.0772441	-0.0845106	-0.0963283	-0.104995	-0.101647	-0.0956699	-0.109558	-0.135392	-0.152054	-0.155611	-0.146715	-0.13804	-0.159144	-0.221423	-0.311039	-0.41528	-0.518077	-0.587201	-0.596916	-0.545741	-0.437959	-0.270736	-0.0515885	0.189995	0.420494	0.622316	0.788543	0.905653	0.951439	0.911261	0.793479	0.628891	0.456699	0.30943	0.206002	0.153611	0.153611	
-0.0601713	-0.0594479	-0.061054	-0.0660851	-0.0592729	-0.0557203	-0.0687044	-0.0749519	-0.071233	-0.06898	-0.0760464	-0.0840636	-0.0808427	-0.0807837	-0.0914316	-0.102412	-0.105202	-0.0985602	-0.100997	-0.123825	-0.147058	-0.155955	-0.152847	-0.142429	-0.145198	-0.18688	-0.26548	-0.363134	-0.467557	-0.557447	-0.600356	-0.580334	-0.502228	-0.36862	-0.178169	0.0535879	0.292992	0.511355	0.697212	0.843611	0.93373	0.946331	0.874089	0.734149	0.56169	0.394053	0.257921	0.165815	0.120241	0.120241	
-0.0595393	-0.0586582	-0.0616822	-0.060757	-0.0586079	-0.0687044	-0.0769197	-0.0713167	-0.0664073	-0.0718632	-0.0851271	-0.0865645	-0.0784685	-0.0853194	-0.10012	-0.106214	-0.102599	-0.0988318	-0.112449	-0.138914	-0.154946	-0.155905	-0.148394	-0.142463	-0.163228	-0.226077	-0.3171	-0.418452	-0.517032	-0.586551	-0.598873	-0.548787	-0.443985	-0.284761	-0.0741308	0.164173	0.395797	0.598961	0.766729	0.890035	0.949394	0.927092	0.824707	0.667379	0.492456	0.333524	0.210772	0.130755	0.0920972	0.0920972	
-0.0573458	-0.0606462	-0.0616533	-0.0633907	-0.0686377	-0.0749519	-0.0713167	-0.0652904	-0.0717733	-0.0847656	-0.0886712	-0.0791479	-0.0802953	-0.0975423	-0.106717	-0.104489	-0.100504	-0.105574	-0.12819	-0.15167	-0.157992	-0.152582	-0.145135	-0.151297	-0.194558	-0.275841	-0.374045	-0.473881	-0.559321	-0.601418	-0.580751	-0.50134	-0.370178	-0.186567	0.0393508	0.277298	0.496134	0.68165	0.828897	0.925298	0.950479	0.892971	0.764011	0.595053	0.42313	0.276478	0.168613	0.100872	0.0689336	0.0689336	
-0.0606831	-0.0637058	-0.0664333	-0.0706318	-0.0713405	-0.071233	-0.0664073	-0.0717733	-0.0845007	-0.087363	-0.0813941	-0.0796926	-0.093292	-0.106171	-0.105683	-0.102413	-0.103733	-0.118487	-0.14479	-0.159404	-0.155974	-0.148225	-0.147763	-0.173273	-0.239675	-0.333743	-0.43323	-0.525296	-0.5895	-0.598652	-0.544745	-0.437297	-0.280354	-0.0752112	0.159303	0.389847	0.591867	0.757651	0.88135	0.946712	0.935222	0.844022	0.693664	0.519477	0.355701	0.224108	0.131842	0.0760229	0.0503529	0.0503529	
-0.0682661	-0.0684805	-0.0713808	-0.0682791	-0.0681346	-0.06898	-0.0718632	-0.0847656	-0.087363	-0.0825282	-0.0817395	-0.0887409	-0.103137	-0.108338	-0.104233	-0.103466	-0.11248	-0.13607	-0.158377	-0.159891	-0.150704	-0.147504	-0.161733	-0.210953	-0.29672	-0.39619	-0.490715	-0.567595	-0.602695	-0.575886	-0.490281	-0.356161	-0.174766	0.0469062	0.282003	0.49876	0.68103	0.824924	0.92132	0.951666	0.902571	0.78126	0.616054	0.443224	0.292052	0.177341	0.100607	0.0558925	0.0358458	0.0358458	
-0.0676307	-0.0668752	-0.0659036	-0.0652984	-0.0727099	-0.0760464	-0.0851271	-0.0886712	-0.0813941	-0.0817395	-0.0867678	-0.0997083	-0.111709	-0.107052	-0.10183	-0.109316	-0.12931	-0.15437	-0.163241	-0.153913	-0.147543	-0.156294	-0.19128	-0.264187	-0.36181	-0.458715	-0.5416	-0.595065	-0.594835	-0.531997	-0.417227	-0.257759	-0.0548093	0.176106	0.403361	0.601293	0.761711	0.880991	0.945754	0.937981	0.852501	0.706735	0.534147	0.36892	0.233802	0.136773	0.0748054	0.0400284	0.0248364	0.0248364	
-0.0628684	-0.0668745	-0.0691053	-0.0775394	-0.0825084	-0.0840636	-0.0865645	-0.0791479	-0.0796926	-0.0887409	-0.0997083	-0.113264	-0.109687	-0.0992322	-0.10693	-0.126586	-0.149416	-0.163932	-0.158254	-0.148092	-0.153008	-0.179409	-0.238415	-0.329953	-0.429425	-0.516114	-0.580133	-0.602136	-0.563329	-0.466968	-0.325682	-0.142627	0.0766033	0.307676	0.519409	0.695117	0.831808	0.922858	0.951615	0.904358	0.786243	0.62346	0.451251	0.299017	0.182179	0.10264	0.0541116	0.0278843	0.016726	0.016726	
-0.0722663	-0.0768603	-0.0804991	-0.0842169	-0.0808722	-0.0808427	-0.0784685	-0.0802953	-0.093292	-0.103137	-0.111709	-0.109687	-0.0979651	-0.105153	-0.126731	-0.145925	-0.161647	-0.162367	-0.150367	-0.15013	-0.172053	-0.22041	-0.302188	-0.402111	-0.493025	-0.56273	-0.600146	-0.584312	-0.507385	-0.381496	-0.216013	-0.0125837	0.214913	0.436425	0.626746	0.778187	0.888748	0.947123	0.936371	0.850803	0.706385	0.535198	0.370708	0.235568	0.137932	0.074827	0.0380219	0.0188673	0.0109341	0.0109341	
-0.0801628	-0.0794455	-0.0802708	-0.0780359	-0.0772441	-0.0807837	-0.0853194	-0.0975423	-0.106171	-0.108338	-0.107052	-0.0992322	-0.105153	-0.127189	-0.144491	-0.158446	-0.164879	-0.154227	-0.147939	-0.166313	-0.208989	-0.280505	-0.377045	-0.472207	-0.546229	-0.592643	-0.595679	-0.53903	-0.42787	-0.276568	-0.0892717	0.128712	0.35424	0.557429	0.72272	0.848369	0.929309	0.950364	0.898594	0.778965	0.616755	0.446108	0.295562	0.180056	0.101301	0.0529091	0.0259124	0.0123825	0.00692955	0.00692955	
-0.077255	-0.0766472	-0.0778388	-0.0786324	-0.0845106	-0.0914316	-0.10012	-0.106717	-0.105683	-0.104233	-0.10183	-0.10693	-0.126731	-0.144491	-0.156991	-0.16579	-0.157914	-0.146933	-0.161218	-0.201891	-0.265696	-0.355651	-0.453225	-0.531949	-0.583396	-0.59952	-0.562014	-0.466278	-0.326708	-0.15332	0.0520537	0.275557	0.488188	0.666708	0.805238	0.90299	0.949733	0.929798	0.838564	0.69222	0.522084	0.360302	0.228264	0.133291	0.0720501	0.0362298	0.0171035	0.00787186	0.00425238	0.00425238	
-0.0760165	-0.0791278	-0.0825351	-0.0883675	-0.0963283	-0.102412	-0.106214	-0.104489	-0.102413	-0.103466	-0.109316	-0.126586	-0.145925	-0.158446	-0.16579	-0.159425	-0.146763	-0.157431	-0.19743	-0.256952	-0.339418	-0.43646	-0.51992	-0.574954	-0.598769	-0.577026	-0.497172	-0.368464	-0.206033	-0.0134732	0.203235	0.420669	0.610958	0.76148	0.872189	0.938548	0.94626	0.884118	0.758668	0.595468	0.427485	0.281386	0.170447	0.0954026	0.0495497	0.0239898	0.0109185	0.00484126	0.00252387	0.00252387	
-0.0819953	-0.0880602	-0.0939655	-0.100962	-0.104995	-0.105202	-0.102599	-0.100504	-0.103733	-0.11248	-0.12931	-0.149416	-0.161647	-0.164879	-0.157914	-0.146763	-0.156012	-0.195125	-0.252646	-0.328948	-0.423097	-0.510053	-0.568397	-0.596183	-0.58563	-0.520728	-0.402975	-0.249189	-0.0677349	0.13955	0.357014	0.55642	0.718284	0.839797	0.920746	0.95089	0.916065	0.814267	0.663447	0.494594	0.337827	0.212078	0.122839	0.0659151	0.0328996	0.0153397	0.00673264	0.00287696	0.00144725	0.00144725	
-0.0960172	-0.100795	-0.104053	-0.104669	-0.101647	-0.0985602	-0.0988318	-0.105574	-0.118487	-0.13607	-0.15437	-0.163932	-0.162367	-0.154227	-0.146933	-0.157431	-0.195125	-0.251385	-0.32395	-0.414464	-0.50276	-0.563866	-0.593594	-0.589863	-0.537461	-0.430659	-0.284257	-0.111569	0.0857744	0.299403	0.504438	0.676468	0.807662	0.899597	0.946992	0.936024	0.858385	0.723876	0.559178	0.3957	0.257131	0.153976	0.0853037	0.0438959	0.0210613	0.00945978	0.00400529	0.00165016	0.000801013	0.000801013	
-0.10297	-0.101577	-0.0991991	-0.09614	-0.0956699	-0.100997	-0.112449	-0.12819	-0.14479	-0.158377	-0.163241	-0.158254	-0.150367	-0.147939	-0.161218	-0.19743	-0.252646	-0.32395	-0.411482	-0.498814	-0.56121	-0.591807	-0.591608	-0.548379	-0.451668	-0.312082	-0.146129	0.0421853	0.249588	0.456643	0.636893	0.776928	0.877516	0.937706	0.946328	0.89148	0.77546	0.61912	0.453023	0.304259	0.188137	0.107507	0.0569934	0.0281373	0.0129831	0.00561979	0.00229638	0.000912648	0.00042754	0.00042754	
-0.0948169	-0.0933283	-0.094341	-0.099226	-0.109558	-0.123825	-0.138914	-0.15167	-0.159404	-0.159891	-0.153913	-0.148092	-0.15013	-0.166313	-0.201891	-0.256952	-0.328948	-0.414464	-0.498814	-0.560332	-0.590953	-0.59219	-0.554726	-0.466233	-0.332973	-0.172388	0.00839644	0.208652	0.414669	0.600621	0.748408	0.856136	0.925664	0.949548	0.914825	0.817776	0.672831	0.507914	0.351939	0.224393	0.132101	0.0720776	0.0365865	0.0173392	0.00769828	0.00321285	0.00126766	0.000486284	0.000219899	0.000219899	
-0.0943575	-0.100435	-0.109694	-0.121949	-0.135392	-0.147058	-0.154946	-0.157992	-0.155974	-0.150704	-0.147543	-0.153008	-0.172053	-0.208989	-0.265696	-0.339418	-0.423097	-0.50276	-0.56121	-0.590953	-0.592314	-0.55759	-0.474728	-0.346951	-0.190938	-0.0162386	0.177025	0.379876	0.568859	0.722849	0.836527	0.912859	0.948119	0.930179	0.851166	0.719345	0.558768	0.39862	0.261624	0.158456	0.0888799	0.0463411	0.0225397	0.0102614	0.0043864	0.00176608	0.000673228	0.000249435	0.000108917	0.000108917	
-0.111984	-0.122511	-0.133727	-0.144257	-0.152054	-0.155955	-0.155905	-0.152582	-0.148225	-0.147504	-0.156294	-0.179409	-0.22041	-0.280505	-0.355651	-0.43646	-0.510053	-0.563866	-0.591807	-0.59219	-0.55759	-0.477511	-0.35396	-0.202031	-0.032321	0.15469	0.353214	0.542794	0.701043	0.819433	0.900693	0.944099	0.939449	0.876528	0.758303	0.604366	0.442848	0.298614	0.185771	0.106979	0.0572288	0.0285401	0.0133129	0.00582675	0.00239979	0.000932741	0.000343737	0.000123094	5.19235e-05	5.19235e-05	
-0.134745	-0.143801	-0.151037	-0.155193	-0.155611	-0.152847	-0.148394	-0.145135	-0.147763	-0.161733	-0.19128	-0.238415	-0.302188	-0.377045	-0.453225	-0.51992	-0.568397	-0.593594	-0.591608	-0.554726	-0.474728	-0.35396	-0.205728	-0.0402631	0.141433	0.335235	0.52344	0.683793	0.805435	0.890102	0.939083	0.944438	0.895078	0.78986	0.643918	0.483375	0.334146	0.213136	0.125819	0.0689705	0.0352286	0.0168219	0.00753272	0.00317231	0.00125981	0.000473029	0.00016864	5.84128e-05	2.38145e-05	2.38145e-05	
-0.152213	-0.155285	-0.155093	-0.151775	-0.146715	-0.142429	-0.142463	-0.151297	-0.173273	-0.210953	-0.264187	-0.329953	-0.402111	-0.472207	-0.531949	-0.574954	-0.596183	-0.589863	-0.548379	-0.466233	-0.346951	-0.202031	-0.0402631	0.137041	0.326201	0.511534	0.67183	0.795025	0.881705	0.934219	0.946685	0.908124	0.814532	0.677037	0.51922	0.367086	0.239593	0.144744	0.0811903	0.0424235	0.020716	0.00948261	0.00408051	0.00165506	0.000634299	0.000230248	7.94671e-05	2.66447e-05	1.05049e-05	1.05049e-05	
-0.152879	-0.148467	-0.142908	-0.138415	-0.13804	-0.145198	-0.163228	-0.194558	-0.239675	-0.29672	-0.36181	-0.429425	-0.493025	-0.546229	-0.583396	-0.598769	-0.58563	-0.537461	-0.451668	-0.332973	-0.190938	-0.032321	0.141433	0.326201	0.507518	0.665701	0.7886	0.8759	0.930279	0.94739	0.916888	0.833028	0.703661	0.549681	0.396449	0.264203	0.163043	0.0934361	0.0498788	0.0248798	0.0116306	0.00510974	0.0021153	0.000827134	0.000306185	0.000107535	3.59573e-05	1.16797e-05	4.45585e-06	4.45585e-06	
-0.137016	-0.133677	-0.134563	-0.142267	-0.159144	-0.18688	-0.226077	-0.275841	-0.333743	-0.39619	-0.458715	-0.516114	-0.56273	-0.592643	-0.59952	-0.577026	-0.520728	-0.430659	-0.312082	-0.172388	-0.0162386	0.15469	0.335235	0.511534	0.665701	0.786427	0.872938	0.927743	0.947411	0.922392	0.846097	0.723945	0.574315	0.42143	0.286097	0.179995	0.105209	0.0572972	0.0291589	0.0139063	0.00623212	0.00263122	0.00104909	0.000395874	0.000141673	4.8181e-05	1.56203e-05	4.91936e-06	1.81721e-06	1.81721e-06	
-0.133423	-0.143013	-0.160235	-0.186222	-0.221423	-0.26548	-0.3171	-0.374045	-0.43323	-0.490715	-0.5416	-0.580133	-0.600146	-0.595679	-0.562014	-0.497172	-0.402975	-0.284257	-0.146129	0.00839644	0.177025	0.353214	0.52344	0.67183	0.7886	0.872938	0.92687	0.947291	0.92539	0.8544	0.738151	0.592881	0.441415	0.304527	0.194916	0.115997	0.0643496	0.0333679	0.0162172	0.00740663	0.00318671	0.00129464	0.000497716	0.000181433	6.28305e-05	2.07082e-05	6.51432e-06	1.99074e-06	7.1254e-07	7.1254e-07	
-0.166545	-0.191737	-0.224355	-0.264336	-0.311039	-0.363134	-0.418452	-0.473881	-0.525296	-0.567595	-0.595065	-0.602136	-0.584312	-0.53903	-0.466278	-0.368464	-0.249189	-0.111569	0.0421853	0.208652	0.379876	0.542794	0.683793	0.795025	0.8759	0.927743	0.947291	0.926338	0.858424	0.746546	0.605277	0.455967	0.31888	0.207199	0.12531	0.0706989	0.0373035	0.0184543	0.00858089	0.00375911	0.001555	0.000608669	0.000225888	7.96282e-05	2.67084e-05	8.53819e-06	2.60824e-06	7.74059e-07	2.6864e-07	2.6864e-07	
-0.234787	-0.272192	-0.31548	-0.363732	-0.41528	-0.467557	-0.517032	-0.559321	-0.5895	-0.602695	-0.594835	-0.563329	-0.507385	-0.42787	-0.326708	-0.206033	-0.0677349	0.0857744	0.249588	0.414669	0.568859	0.701043	0.805435	0.881705	0.930279	0.947411	0.92539	0.858424	0.749321	0.611475	0.464802	0.328701	0.216346	0.132714	0.0760245	0.0407597	0.0205001	0.00969462	0.00432047	0.00181839	0.000724227	0.00027348	9.80876e-05	3.34711e-05	1.08838e-05	3.3776e-06	1.00273e-06	2.89226e-07	9.73975e-08	9.73975e-08	
-0.331441	-0.376541	-0.424294	-0.472473	-0.518077	-0.557447	-0.586551	-0.601418	-0.598652	-0.575886	-0.531997	-0.466968	-0.381496	-0.276568	-0.15332	-0.0134732	0.13955	0.299403	0.456643	0.600621	0.722849	0.819433	0.890102	0.934219	0.94739	0.922392	0.8544	0.746546	0.611475	0.467764	0.333686	0.221985	0.137856	0.0800479	0.0435452	0.0222383	0.0106845	0.00483957	0.00207077	0.000838624	0.000322037	0.000117462	4.07617e-05	1.34782e-05	4.25269e-06	1.28222e-06	3.70227e-07	1.0387e-07	3.39648e-08	3.39648e-08	
-0.445326	-0.488104	-0.527987	-0.562062	-0.587201	-0.600356	-0.598873	-0.580751	-0.544745	-0.490281	-0.417227	-0.325682	-0.216013	-0.0892717	0.0520537	0.203235	0.357014	0.504438	0.636893	0.748408	0.836527	0.900693	0.939083	0.946685	0.916888	0.846097	0.738151	0.605277	0.464802	0.333686	0.22389	0.140491	0.0825531	0.0454994	0.0235645	0.01149	0.00528467	0.00229703	0.000945258	0.000368912	0.000136773	4.82464e-05	1.62165e-05	5.201e-06	1.5938e-06	4.6726e-07	1.31317e-07	3.58631e-08	1.13953e-08	1.13953e-08	
-0.54458	-0.571513	-0.59067	-0.599808	-0.596916	-0.580334	-0.548787	-0.50134	-0.437297	-0.356161	-0.257759	-0.142627	-0.0125837	0.128712	0.275557	0.420669	0.55642	0.676468	0.776928	0.856136	0.912859	0.944099	0.944438	0.908124	0.833028	0.723945	0.592881	0.455967	0.328701	0.221985	0.140491	0.0834037	0.0465068	0.0243959	0.012059	0.00562664	0.00248238	0.00103729	0.000411195	0.000154878	5.55102e-05	1.89591e-05	6.17887e-06	1.92401e-06	5.7312e-07	1.63509e-07	4.47592e-08	1.19081e-08	3.67934e-09	3.67934e-09	
-0.594985	-0.598813	-0.592811	-0.57555	-0.545741	-0.502228	-0.443985	-0.370178	-0.280354	-0.174766	-0.0548093	0.0766033	0.214913	0.35424	0.488188	0.610958	0.718284	0.807662	0.877516	0.925664	0.948119	0.939449	0.895078	0.814532	0.703661	0.574315	0.441415	0.31888	0.216346	0.137856	0.0825531	0.0465068	0.0246791	0.0123536	0.00584202	0.00261398	0.00110835	0.000446004	0.000170577	6.20915e-05	2.1541e-05	7.1315e-06	2.25589e-06	6.82635e-07	1.97827e-07	5.49655e-08	1.46663e-08	3.80392e-09	1.1437e-09	1.1437e-09	
-0.585363	-0.565796	-0.535517	-0.493285	-0.437959	-0.36862	-0.284761	-0.186567	-0.0752112	0.0469062	0.176106	0.307676	0.436425	0.557429	0.666708	0.76148	0.839797	0.899597	0.937706	0.949548	0.930179	0.876528	0.78986	0.677037	0.549681	0.42143	0.304527	0.207199	0.132714	0.0800479	0.0454994	0.0243959	0.0123536	0.00591557	0.00268231	0.00115326	0.000470805	0.000182742	6.75286e-05	2.37873e-05	7.99732e-06	2.56922e-06	7.89602e-07	2.32402e-07	6.55771e-08	1.77579e-08	4.62188e-09	1.16945e-09	3.42386e-10	3.42386e-10	
-0.515937	-0.472765	-0.417972	-0.350755	-0.270736	-0.178169	-0.0741308	0.0393508	0.159303	0.282003	0.403361	0.519409	0.626746	0.72272	0.805238	0.872189	0.920746	0.946992	0.946328	0.914825	0.851166	0.758303	0.643918	0.51922	0.396449	0.286097	0.194916	0.12531	0.0760245	0.0435452	0.0235645	0.012059	0.00584202	0.00268231	0.00116862	0.000483709	0.000190447	7.14122e-05	2.55324e-05	8.71438e-06	2.84247e-06	8.87034e-07	2.65111e-07	7.59615e-08	2.08864e-08	5.51633e-09	1.40142e-09	3.46163e-10	9.87554e-11	9.87554e-11	
-0.38085	-0.314315	-0.236904	-0.14899	-0.0515885	0.0535879	0.164173	0.277298	0.389847	0.49876	0.601293	0.695117	0.778187	0.848369	0.90299	0.938548	0.95089	0.936024	0.89148	0.817776	0.719345	0.604366	0.483375	0.367086	0.264203	0.179995	0.115997	0.0706989	0.0407597	0.0222383	0.01149	0.00562664	0.00261398	0.00115326	0.000483709	0.000193087	7.3436e-05	2.66397e-05	9.22748e-06	3.05512e-06	9.67863e-07	2.9368e-07	8.54338e-08	2.385e-08	6.39504e-09	1.64848e-09	4.09047e-10	9.8701e-11	2.74556e-11	2.74556e-11	
-0.181381	-0.0982024	-0.00757918	0.0890929	0.189995	0.292992	0.395797	0.496134	0.591867	0.68103	0.761711	0.831808	0.888748	0.929309	0.949733	0.94626	0.916065	0.858385	0.77546	0.672831	0.558768	0.442848	0.334146	0.239593	0.163043	0.105209	0.0643496	0.0373035	0.0205001	0.0106845	0.00528467	0.00248238	0.00110835	0.000470805	0.000190447	7.3436e-05	2.70193e-05	9.49515e-06	3.19022e-06	1.02577e-06	3.1594e-07	9.33007e-08	2.64412e-08	7.19738e-09	1.88335e-09	4.74148e-10	1.14987e-10	2.7121e-11	7.3607e-12	7.3607e-12	
0.057406	0.144907	0.235623	0.328029	0.420494	0.511355	0.598961	0.68165	0.757651	0.824924	0.880991	0.922858	0.947123	0.950364	0.929798	0.884118	0.814267	0.723876	0.61912	0.507914	0.39862	0.298614	0.213136	0.144744	0.0934361	0.0572972	0.0333679	0.0184543	0.00969462	0.00483957	0.00229703	0.00103729	0.000446004	0.000182742	7.14122e-05	2.66397e-05	9.49515e-06	3.23655e-06	1.056e-06	3.30093e-07	9.89413e-08	2.84618e-08	7.86418e-09	2.08885e-09	5.33784e-10	1.31333e-10	3.1147e-11	7.18524e-12	1.90382e-12	1.90382e-12	
0.299516	0.381021	0.46283	0.543704	0.622316	0.697212	0.766729	0.828897	0.88135	0.92132	0.945754	0.951615	0.936371	0.898594	0.838564	0.758668	0.663447	0.559178	0.453023	0.351939	0.261624	0.185771	0.125819	0.0811903	0.0498788	0.0291589	0.0162172	0.00858089	0.00432047	0.00207077	0.000945258	0.000411195	0.000170577	6.75286e-05	2.55324e-05	9.22748e-06	3.19022e-06	1.056e-06	3.34949e-07	1.01888e-07	2.97471e-08	8.34251e-09	2.24915e-09	5.83369e-10	1.45678e-10	3.50504e-11	8.13385e-12	1.83629e-12	4.75286e-13	4.75286e-13	
0.521471	0.592052	0.661024	0.727051	0.788543	0.843611	0.890035	0.925298	0.946712	0.951666	0.937981	0.904358	0.850803	0.778965	0.69222	0.595468	0.494594	0.3957	0.304259	0.224393	0.158456	0.106979	0.0689705	0.0424235	0.0248798	0.0139063	0.00740663	0.00375911	0.00181839	0.000838624	0.000368912	0.000154878	6.20915e-05	2.37873e-05	8.71438e-06	3.05512e-06	1.02577e-06	3.30093e-07	1.01888e-07	3.01882e-08	8.59242e-09	2.35115e-09	6.18946e-10	1.56872e-10	3.83056e-11	9.01798e-12	2.04887e-12	4.52917e-13	1.14581e-13	1.14581e-13	
0.713332	0.769389	0.821356	0.867454	0.905653	0.93373	0.949394	0.950479	0.935222	0.902571	0.852501	0.786243	0.706385	0.616755	0.522084	0.427485	0.337827	0.257131	0.188137	0.132101	0.0888799	0.0572288	0.0352286	0.020716	0.0116306	0.00623212	0.00318671	0.001555	0.000724227	0.000322037	0.000136773	5.55102e-05	2.1541e-05	7.99732e-06	2.84247e-06	9.67863e-07	3.1594e-07	9.89413e-08	2.97471e-08	8.59242e-09	2.38617e-09	6.37537e-10	1.63995e-10	4.06417e-11	9.71e-12	2.238e-12	4.98076e-13	1.07868e-13	2.66871e-14	2.66871e-14	
0.861702	0.897004	0.924984	0.943754	0.951439	0.946331	0.927092	0.892971	0.844022	0.78126	0.706735	0.62346	0.535198	0.446108	0.360302	0.281386	0.212078	0.153976	0.107507	0.0720776	0.0463411	0.0285401	0.0168219	0.00948261	0.00510974	0.00263122	0.00129464	0.000608669	0.00027348	0.000117462	4.82464e-05	1.89591e-05	7.1315e-06	2.56922e-06	8.87034e-07	2.9368e-07	9.33007e-08	2.84618e-08	8.34251e-09	2.35115e-09	6.37537e-10	1.6644e-10	4.18625e-11	1.01504e-11	2.37417e-12	5.36019e-13	1.16915e-13	2.48186e-14	6.00803e-15	6.00803e-15	
0.943019	0.950831	0.948934	0.936057	0.911261	0.874089	0.824707	0.764011	0.693664	0.616054	0.534147	0.451251	0.370708	0.295562	0.228264	0.170447	0.122839	0.0853037	0.0569934	0.0365865	0.0225397	0.0133129	0.00753272	0.00408051	0.0021153	0.00104909	0.000497716	0.000225888	9.80876e-05	4.07617e-05	1.62165e-05	6.17887e-06	2.25589e-06	7.89602e-07	2.65111e-07	8.54338e-08	2.64412e-08	7.86418e-09	2.24915e-09	6.18946e-10	1.63995e-10	4.18625e-11	1.03016e-11	2.44533e-12	5.60253e-13	1.23967e-13	2.6513e-14	5.51935e-15	1.30801e-15	1.30801e-15	
0.937433	0.916013	0.884942	0.84401	0.793479	0.734149	0.667379	0.595053	0.519477	0.443224	0.36892	0.299017	0.235568	0.180056	0.133291	0.0954026	0.0659151	0.0438959	0.0281373	0.0173392	0.0102614	0.00582675	0.00317231	0.00165506	0.000827134	0.000395874	0.000181433	7.96282e-05	3.34711e-05	1.34782e-05	5.201e-06	1.92401e-06	6.82635e-07	2.32402e-07	7.59615e-08	2.385e-08	7.19738e-09	2.08885e-09	5.83369e-10	1.56872e-10	4.06417e-11	1.01504e-11	2.44533e-12	5.68573e-13	1.27667e-13	2.76993e-14	5.8115e-15	1.18697e-15	2.75515e-16	2.75515e-16	
0.847116	0.80232	0.750483	0.692308	0.628891	0.56169	0.492456	0.42313	0.355701	0.292052	0.233802	0.182179	0.137932	0.101301	0.0720501	0.0495497	0.0328996	0.0210613	0.0129831	0.00769828	0.0043864	0.00239979	0.00125981	0.000634299	0.000306185	0.000141673	6.28305e-05	2.67084e-05	1.08838e-05	4.25269e-06	1.5938e-06	5.7312e-07	1.97827e-07	6.55771e-08	2.08864e-08	6.39504e-09	1.88335e-09	5.33784e-10	1.45678e-10	3.83056e-11	9.71e-12	2.37417e-12	5.60253e-13	1.27667e-13	2.81085e-14	5.98271e-15	1.23191e-15	2.4697e-16	5.61741e-17	5.61741e-17	
0.700575	0.643165	0.58261	0.520022	0.456699	0.394053	0.333524	0.276478	0.224108	0.177341	0.136773	0.10264	0.074827	0.0529091	0.0362298	0.0239898	0.0153397	0.00945978	0.00561979	0.00321285	0.00176608	0.000932741	0.000473029	0.000230248	0.000107535	4.8181e-05	2.07082e-05	8.53819e-06	3.3776e-06	1.28222e-06	4.6726e-07	1.63509e-07	5.49655e-08	1.77579e-08	5.51633e-09	1.64848e-09	4.74148e-10	1.31333e-10	3.50504e-11	9.01798e-12	2.238e-12	5.36019e-13	1.23967e-13	2.76993e-14	5.98271e-15	1.24975e-15	2.52667e-16	4.97411e-17	1.10914e-17	1.10914e-17	
0.541073	0.481333	0.422124	0.364482	0.30943	0.257921	0.210772	0.168613	0.131842	0.100607	0.0748054	0.0541116	0.0380219	0.0259124	0.0171035	0.0109185	0.00673264	0.00400529	0.00229638	0.00126766	0.000673228	0.000343737	0.00016864	7.94671e-05	3.59573e-05	1.56203e-05	6.51432e-06	2.60824e-06	1.00273e-06	3.70227e-07	1.31317e-07	4.47592e-08	1.46663e-08	4.62188e-09	1.40142e-09	4.09047e-10	1.14987e-10	3.1147e-11	8.13385e-12	2.04887e-12	4.98076e-13	1.16915e-13	2.6513e-14	5.8115e-15	1.23191e-15	2.52667e-16	5.01755e-17	9.70346e-18	2.12209e-18	2.12209e-18	
0.4103	0.35389	0.300564	0.251065	0.206002	0.165815	0.130755	0.100872	0.0760229	0.0558925	0.0400284	0.0278843	0.0188673	0.0123825	0.00787186	0.00484126	0.00287696	0.00165016	0.000912648	0.000486284	0.000249435	0.000123094	5.84128e-05	2.66447e-05	1.16797e-05	4.91936e-06	1.99074e-06	7.74059e-07	2.89226e-07	1.0387e-07	3.58631e-08	1.19081e-08	3.80392e-09	1.16945e-09	3.46163e-10	9.8701e-11	2.7121e-11	7.18524e-12	1.83629e-12	4.52917e-13	1.07868e-13	2.48186e-14	5.51935e-15	1.18697e-15	2.4697e-16	4.97411e-17	9.70346e-18	1.84369e-18	3.95506e-19	3.95506e-19	
0.337727	0.284754	0.236098	0.192274	0.153611	0.120241	0.0920972	0.0689336	0.0503529	0.0358458	0.0248364	0.016726	0.0109341	0.00692955	0.00425238	0.00252387	0.00144725	0.000801013	0.00042754	0.000219899	0.000108917	5.19235e-05	2.38145e-05	1.05049e-05	4.45585e-06	1.81721e-06	7.1254e-07	2.6864e-07	9.73975e-08	3.39648e-08	1.13953e-08	3.67934e-09	1.1437e-09	3.42386e-10	9.87554e-11	2.74556e-11	7.3607e-12	1.90382e-12	4.75286e-13	1.14581e-13	2.66871e-14	6.00803e-15	1.30801e-15	2.75515e-16	5.61741e-17	1.10914e-17	2.12209e-18	3.95506e-19	8.30787e-20	8.30787e-20	
0.337727	0.284754	0.236098	0.192274	0.153611	0.120241	0.0920972	0.0689336	0.0503529	0.0358458	0.0248364	0.016726	0.0109341	0.00692955	0.00425238	0.00252387	0.00144725	0.000801013	0.00042754	0.000219899	0.000108917	5.19235e-05	2.38145e-05	1.05049e-05	4.45585e-06	1.81721e-06	7.1254e-07	2.6864e-07	9.73975e-08	3.39648e-08	1.13953e-08	3.67934e-09	1.1437e-09	3.42386e-10	9.87554e-11	2.74556e-11	7.3607e-12	1.90382e-12	4.75286e-13	1.14581e-13	2.66871e-14	6.00803e-15	1.30801e-15	2.75515e-16	5.61741e-17	1.10914e-17	2.12209e-18	3.95506e-19	8.30787e-20	8.30787e-20	
