1.46673	1.35754	1.19082	0.973299	0.731327	0.497606	0.29933	0.13631	0.0128268	-0.0658172	-0.102477	-0.112678	-0.0989256	-0.0660731	-0.0210291	0.0293273	0.0754513	0.103607	0.108226	0.0754149	0.0192482	-0.043587	-0.108031	-0.168462	-0.220831	-0.271037	-0.298933	-0.293522	-0.2426	-0.137204	0.0027285	0.167967	0.341488	0.500445	0.614044	0.686124	0.730852	0.752567	0.735355	0.691616	0.626137	0.546929	0.469671	0.385346	0.313549	0.253247	0.219904	0.211336	0.20913	0.20913	
1.35754	1.26652	1.1169	0.918125	0.703582	0.500123	0.331976	0.193886	0.087843	0.0149519	-0.0268882	-0.0561952	-0.0677276	-0.0622075	-0.0380468	-0.00590309	0.0267731	0.0517827	0.0632469	0.051379	0.0168779	-0.0327824	-0.0839357	-0.13004	-0.182584	-0.236752	-0.270514	-0.265946	-0.212514	-0.101276	0.0389258	0.202127	0.375501	0.524572	0.62993	0.695317	0.735175	0.754283	0.7289	0.663144	0.572028	0.461097	0.345617	0.224606	0.113734	0.0268262	-0.0178711	-0.0289895	-0.0281824	-0.0281824	
1.19082	1.1169	0.992396	0.833169	0.661602	0.500249	0.365225	0.258064	0.183667	0.125635	0.080456	0.0322102	-0.00674507	-0.0306177	-0.0377593	-0.02848	-0.0147165	0.00130115	0.0167445	0.0204625	0.0062134	-0.022825	-0.0570986	-0.0874292	-0.136679	-0.190321	-0.22474	-0.218413	-0.161064	-0.0597477	0.0736073	0.225708	0.377467	0.511801	0.608399	0.668598	0.709437	0.718971	0.68367	0.60497	0.495049	0.360944	0.218485	0.0746136	-0.061369	-0.166294	-0.227568	-0.249759	-0.255181	-0.255181	
0.973299	0.918125	0.833169	0.72143	0.595671	0.478854	0.389155	0.329476	0.292543	0.257014	0.206417	0.142862	0.0733406	0.0129905	-0.0273006	-0.0446206	-0.0498204	-0.0432543	-0.0338447	-0.0256326	-0.0244619	-0.0299384	-0.035969	-0.0474799	-0.0811325	-0.125765	-0.150997	-0.142125	-0.090423	-0.00346148	0.113298	0.237316	0.35621	0.463812	0.546054	0.608225	0.645146	0.645705	0.601911	0.517421	0.398318	0.251714	0.0952623	-0.0588084	-0.200376	-0.314455	-0.386536	-0.423166	-0.438912	-0.438912	
0.731327	0.703582	0.661602	0.595671	0.518839	0.454615	0.41417	0.402923	0.406944	0.390098	0.338937	0.2605	0.163111	0.0686438	-0.00445449	-0.0542765	-0.0786504	-0.0873188	-0.0892597	-0.0833746	-0.0676173	-0.0462052	-0.0257444	-0.0157486	-0.0282877	-0.0487431	-0.0564854	-0.044055	-0.00372026	0.0636009	0.149848	0.234169	0.313288	0.388929	0.457331	0.513706	0.542572	0.531377	0.477675	0.393654	0.275379	0.13382	-0.0181656	-0.164877	-0.294656	-0.405666	-0.478802	-0.527513	-0.552677	-0.552677	
0.497606	0.500123	0.500249	0.478854	0.454615	0.442823	0.452508	0.48213	0.509827	0.507882	0.456881	0.366105	0.247402	0.126082	0.0235567	-0.0550627	-0.0990732	-0.121994	-0.139864	-0.134996	-0.107706	-0.0633255	-0.0162999	0.00893547	0.0239424	0.0306541	0.0376715	0.054253	0.08279	0.132061	0.183773	0.226556	0.266381	0.308205	0.352556	0.388855	0.401676	0.380941	0.322877	0.242964	0.140859	0.015374	-0.114825	-0.240646	-0.353692	-0.447663	-0.517216	-0.569082	-0.599856	-0.599856	
0.29933	0.331976	0.365225	0.389155	0.41417	0.452508	0.500174	0.550847	0.589201	0.592524	0.542385	0.445736	0.319877	0.187709	0.0594887	-0.0454811	-0.112958	-0.157721	-0.186324	-0.18268	-0.145983	-0.0838661	-0.0191987	0.0310706	0.0776762	0.11583	0.139232	0.157704	0.174791	0.199447	0.215838	0.218741	0.22811	0.23996	0.25035	0.254518	0.245662	0.213602	0.157386	0.0859898	0.00411627	-0.0913406	-0.193021	-0.292689	-0.386237	-0.465198	-0.530067	-0.580272	-0.614574	-0.614574	
0.13631	0.193886	0.258064	0.329476	0.402923	0.48213	0.550847	0.605282	0.644718	0.645011	0.593764	0.500806	0.373661	0.236174	0.0913491	-0.0320112	-0.123833	-0.189654	-0.219438	-0.21829	-0.176498	-0.10397	-0.0256108	0.0534607	0.129567	0.194837	0.235643	0.258302	0.271657	0.274494	0.260709	0.230678	0.208788	0.187848	0.155247	0.123188	0.0914796	0.0525916	0.0028546	-0.0596994	-0.120782	-0.189772	-0.262659	-0.334637	-0.411366	-0.475823	-0.53485	-0.583214	-0.616029	-0.616029	
0.0128268	0.087843	0.183667	0.292543	0.406944	0.509827	0.589201	0.644718	0.672167	0.668802	0.622203	0.531978	0.411193	0.274951	0.126242	-0.0160347	-0.129381	-0.202828	-0.233361	-0.228928	-0.185258	-0.112065	-0.0235811	0.0796894	0.180302	0.265458	0.324557	0.350502	0.359393	0.346802	0.307485	0.254247	0.203441	0.146115	0.0770659	0.00814156	-0.0479971	-0.093613	-0.143455	-0.192301	-0.238728	-0.282766	-0.325197	-0.37273	-0.42689	-0.482471	-0.534491	-0.58164	-0.613274	-0.613274	
-0.0658172	0.0149519	0.125635	0.257014	0.390098	0.507882	0.592524	0.645011	0.668802	0.664866	0.620385	0.532587	0.42378	0.295473	0.155611	0.0124786	-0.105603	-0.177099	-0.205362	-0.192345	-0.150605	-0.0789163	0.0195447	0.12896	0.241008	0.335745	0.397736	0.42589	0.427927	0.407365	0.351032	0.275429	0.193952	0.100632	0.00168167	-0.095878	-0.173615	-0.233757	-0.28497	-0.325014	-0.359835	-0.380354	-0.392316	-0.40938	-0.436503	-0.474744	-0.514976	-0.556528	-0.58676	-0.58676	
-0.102477	-0.0268882	0.080456	0.206417	0.338937	0.456881	0.542385	0.593764	0.622203	0.620385	0.579636	0.501568	0.409703	0.304555	0.184955	0.0635018	-0.0409407	-0.0971234	-0.113432	-0.0939072	-0.0507708	0.0167439	0.106104	0.20899	0.319107	0.40882	0.465243	0.483404	0.47803	0.442462	0.367334	0.266352	0.149754	0.0316278	-0.0864542	-0.196282	-0.288386	-0.360011	-0.413516	-0.448487	-0.470366	-0.473588	-0.457243	-0.444504	-0.445082	-0.457352	-0.475991	-0.50535	-0.530065	-0.530065	
-0.112678	-0.0561952	0.0322102	0.142862	0.2605	0.366105	0.445736	0.500806	0.531978	0.532587	0.501568	0.443594	0.37043	0.294607	0.21226	0.12774	0.0605398	0.0294667	0.0319878	0.0578801	0.101871	0.156026	0.226853	0.314098	0.409967	0.486547	0.52663	0.531348	0.51111	0.456261	0.354054	0.222065	0.0779781	-0.0596736	-0.189123	-0.300438	-0.39922	-0.479258	-0.531386	-0.559597	-0.566526	-0.547598	-0.50512	-0.468109	-0.443307	-0.43101	-0.426209	-0.436376	-0.455549	-0.455549	
-0.0989256	-0.0677276	-0.00674507	0.0733406	0.163111	0.247402	0.319877	0.373661	0.411193	0.42378	0.409703	0.37043	0.326439	0.283411	0.242703	0.20531	0.18502	0.181484	0.20196	0.236648	0.274948	0.316541	0.370034	0.438476	0.509297	0.561448	0.576474	0.563564	0.523557	0.442761	0.309818	0.149848	-0.0159567	-0.172406	-0.308246	-0.417772	-0.50993	-0.580109	-0.622851	-0.635261	-0.623058	-0.589357	-0.53087	-0.481028	-0.443484	-0.409054	-0.3774	-0.363216	-0.366884	-0.366884	
-0.0660731	-0.0622075	-0.0306177	0.0129905	0.0686438	0.126082	0.187709	0.236174	0.274951	0.295473	0.304555	0.294607	0.283411	0.277704	0.280639	0.292204	0.313916	0.346263	0.390232	0.430545	0.46304	0.498317	0.532192	0.573093	0.606072	0.619653	0.604378	0.567137	0.501986	0.390231	0.234044	0.0577233	-0.116937	-0.281854	-0.421362	-0.524978	-0.605248	-0.661308	-0.689891	-0.684947	-0.656952	-0.608872	-0.542361	-0.485201	-0.4362	-0.388367	-0.333488	-0.292867	-0.27807	-0.27807	
-0.0210291	-0.0380468	-0.0377593	-0.0273006	-0.00445449	0.0235567	0.0594887	0.0913491	0.126242	0.155611	0.184955	0.21226	0.242703	0.280639	0.32673	0.388695	0.458253	0.528062	0.590828	0.634465	0.663801	0.690149	0.706417	0.71253	0.695333	0.659481	0.605944	0.531639	0.433443	0.298277	0.133023	-0.0424639	-0.212427	-0.374541	-0.513524	-0.609543	-0.676636	-0.7155	-0.725142	-0.704439	-0.662908	-0.611535	-0.546784	-0.486294	-0.432944	-0.37404	-0.302714	-0.239631	-0.203632	-0.203632	
0.0293273	-0.00590309	-0.02848	-0.0446206	-0.0542765	-0.0550627	-0.0454811	-0.0320112	-0.0160347	0.0124786	0.0635018	0.12774	0.20531	0.292204	0.388695	0.499894	0.611289	0.71079	0.784437	0.82835	0.855348	0.869231	0.861325	0.826094	0.759524	0.67631	0.582513	0.470903	0.344225	0.194623	0.0285648	-0.137329	-0.299172	-0.449903	-0.57659	-0.664776	-0.715053	-0.735139	-0.726504	-0.688546	-0.64216	-0.592488	-0.537104	-0.48282	-0.426797	-0.368827	-0.297207	-0.225312	-0.180502	-0.180502	
0.0754513	0.0267731	-0.0147165	-0.0498204	-0.0786504	-0.0990732	-0.112958	-0.123833	-0.129381	-0.105603	-0.0409407	0.0605398	0.18502	0.313916	0.458253	0.611289	0.755038	0.876437	0.95787	1.0072	1.02033	1.00551	0.966366	0.890247	0.790966	0.672592	0.547174	0.408674	0.258091	0.10179	-0.0629551	-0.219945	-0.365711	-0.497454	-0.605392	-0.682582	-0.723135	-0.729173	-0.7063	-0.657293	-0.603913	-0.556999	-0.512415	-0.465998	-0.415773	-0.367028	-0.313203	-0.257322	-0.219271	-0.219271	
0.103607	0.0517827	0.00130115	-0.0432543	-0.0873188	-0.121994	-0.157721	-0.189654	-0.202828	-0.177099	-0.0971234	0.0294667	0.181484	0.346263	0.528062	0.71079	0.876437	1.01096	1.10128	1.14984	1.14578	1.09753	1.02728	0.925981	0.802961	0.658742	0.508186	0.354642	0.191571	0.0296519	-0.129603	-0.277132	-0.40496	-0.511829	-0.601498	-0.668027	-0.703211	-0.706358	-0.678272	-0.628718	-0.571748	-0.526966	-0.492491	-0.4519	-0.408111	-0.366782	-0.335226	-0.307364	-0.28631	-0.28631	
0.108226	0.0632469	0.0167445	-0.0338447	-0.0892597	-0.139864	-0.186324	-0.219438	-0.233361	-0.205362	-0.113432	0.0319878	0.20196	0.390232	0.590828	0.784437	0.95787	1.10128	1.20439	1.25343	1.23369	1.15936	1.0654	0.947379	0.806441	0.64275	0.478403	0.316949	0.14853	-0.0197792	-0.174958	-0.307172	-0.413211	-0.493522	-0.563962	-0.620729	-0.658354	-0.671621	-0.655929	-0.618875	-0.56719	-0.524325	-0.492158	-0.453349	-0.406222	-0.365728	-0.351063	-0.345388	-0.344502	-0.344502	
0.0754149	0.051379	0.0204625	-0.0256326	-0.0833746	-0.134996	-0.18268	-0.21829	-0.228928	-0.192345	-0.0939072	0.0578801	0.236648	0.430545	0.634465	0.82835	1.0072	1.14984	1.25343	1.30134	1.27173	1.18735	1.08398	0.957339	0.803048	0.626214	0.453654	0.293369	0.122321	-0.0440061	-0.190028	-0.306186	-0.387871	-0.452076	-0.506274	-0.557003	-0.601628	-0.629543	-0.63505	-0.617385	-0.578356	-0.540089	-0.507747	-0.464759	-0.413352	-0.369977	-0.360924	-0.368547	-0.377911	-0.377911	
0.0192482	0.0168779	0.0062134	-0.0244619	-0.0676173	-0.107706	-0.145983	-0.176498	-0.185258	-0.150605	-0.0507708	0.101871	0.274948	0.46304	0.663801	0.855348	1.02033	1.14578	1.23369	1.27173	1.24277	1.16746	1.06924	0.945212	0.790779	0.610025	0.435733	0.280685	0.119409	-0.0376847	-0.168128	-0.26869	-0.338081	-0.395059	-0.44453	-0.493635	-0.544598	-0.583716	-0.605472	-0.605636	-0.582394	-0.554403	-0.524075	-0.479208	-0.429343	-0.386455	-0.375926	-0.385184	-0.393333	-0.393333	
-0.043587	-0.0327824	-0.022825	-0.0299384	-0.0462052	-0.0633255	-0.0838661	-0.10397	-0.112065	-0.0789163	0.0167439	0.156026	0.316541	0.498317	0.690149	0.869231	1.00551	1.09753	1.15936	1.18735	1.16746	1.10757	1.02209	0.913058	0.766294	0.58958	0.422663	0.274483	0.133678	-0.0042862	-0.120128	-0.207079	-0.271773	-0.326768	-0.377071	-0.428347	-0.483199	-0.533053	-0.566885	-0.582117	-0.580969	-0.565758	-0.541117	-0.500734	-0.452417	-0.413255	-0.397375	-0.395184	-0.397488	-0.397488	
-0.108031	-0.0839357	-0.0570986	-0.035969	-0.0257444	-0.0162999	-0.0191987	-0.0256108	-0.0235811	0.0195447	0.106104	0.226853	0.370034	0.532192	0.706417	0.861325	0.966366	1.02728	1.0654	1.08398	1.06924	1.02209	0.959023	0.866934	0.735413	0.568154	0.406085	0.272113	0.153091	0.0443362	-0.0518507	-0.123328	-0.180195	-0.236362	-0.289891	-0.348429	-0.411655	-0.474433	-0.523649	-0.558955	-0.581179	-0.588223	-0.57605	-0.540979	-0.49563	-0.448709	-0.416856	-0.395554	-0.385009	-0.385009	
-0.168462	-0.13004	-0.0874292	-0.0474799	-0.0157486	0.00893547	0.0310706	0.0534607	0.0796894	0.12896	0.20899	0.314098	0.438476	0.573093	0.71253	0.826094	0.890247	0.925981	0.947379	0.957339	0.945212	0.913058	0.866934	0.794363	0.683613	0.539786	0.400312	0.286632	0.197512	0.114551	0.0406765	-0.0133236	-0.0628141	-0.116646	-0.174381	-0.241866	-0.319824	-0.402423	-0.476309	-0.534781	-0.583049	-0.613132	-0.618186	-0.593711	-0.547483	-0.493639	-0.443975	-0.408597	-0.388997	-0.388997	
-0.220831	-0.182584	-0.136679	-0.0811325	-0.0282877	0.0239424	0.0776762	0.129567	0.180302	0.241008	0.319107	0.409967	0.509297	0.606072	0.695333	0.759524	0.790966	0.802961	0.806441	0.803048	0.790779	0.766294	0.735413	0.683613	0.603207	0.50422	0.406002	0.327371	0.268488	0.215268	0.165624	0.124147	0.0759802	0.0194444	-0.0490013	-0.126353	-0.217405	-0.321821	-0.415156	-0.495331	-0.5649	-0.617078	-0.643548	-0.635708	-0.597652	-0.544106	-0.491449	-0.453477	-0.433367	-0.433367	
-0.271037	-0.236752	-0.190321	-0.125765	-0.0487431	0.0306541	0.11583	0.194837	0.265458	0.335745	0.40882	0.486547	0.561448	0.619653	0.659481	0.67631	0.672592	0.658742	0.64275	0.626214	0.610025	0.58958	0.568154	0.539786	0.50422	0.469793	0.428832	0.389976	0.360055	0.331661	0.302338	0.268539	0.219153	0.155248	0.0782796	-0.00794649	-0.113439	-0.232773	-0.343677	-0.441489	-0.525876	-0.5949	-0.638164	-0.649633	-0.629392	-0.592545	-0.555681	-0.52815	-0.514642	-0.514642	
-0.298933	-0.270514	-0.22474	-0.150997	-0.0564854	0.0376715	0.139232	0.235643	0.324557	0.397736	0.465243	0.52663	0.576474	0.604378	0.605944	0.582513	0.547174	0.508186	0.478403	0.453654	0.435733	0.422663	0.406085	0.400312	0.406002	0.428832	0.439808	0.438749	0.4397	0.436939	0.429056	0.401084	0.346346	0.272498	0.188798	0.0967282	-0.0122809	-0.133358	-0.252517	-0.362886	-0.462815	-0.54616	-0.606692	-0.640086	-0.647468	-0.640478	-0.62579	-0.613898	-0.603802	-0.603802	
-0.293522	-0.265946	-0.218413	-0.142125	-0.044055	0.054253	0.157704	0.258302	0.350502	0.42589	0.483404	0.531348	0.563564	0.567137	0.531639	0.470903	0.408674	0.354642	0.316949	0.293369	0.280685	0.274483	0.272113	0.286632	0.327371	0.389976	0.438749	0.46993	0.495004	0.518301	0.532044	0.511299	0.456155	0.375551	0.284362	0.189192	0.0797791	-0.0385234	-0.159192	-0.27853	-0.388084	-0.479265	-0.551046	-0.606987	-0.648787	-0.6781	-0.692413	-0.696083	-0.689664	-0.689664	
-0.2426	-0.212514	-0.161064	-0.090423	-0.00372026	0.08279	0.174791	0.271657	0.359393	0.427927	0.47803	0.51111	0.523557	0.501986	0.433443	0.344225	0.258091	0.191571	0.14853	0.122321	0.119409	0.133678	0.153091	0.197512	0.268488	0.360055	0.4397	0.495004	0.543776	0.586681	0.614714	0.603462	0.546751	0.461724	0.369702	0.273861	0.171256	0.0591661	-0.0581546	-0.179663	-0.295734	-0.391265	-0.478292	-0.564151	-0.644238	-0.713181	-0.759233	-0.777259	-0.779315	-0.779315	
-0.137204	-0.101276	-0.0597477	-0.00346148	0.0636009	0.132061	0.199447	0.274494	0.346802	0.407365	0.442462	0.456261	0.442761	0.390231	0.298277	0.194623	0.10179	0.0296519	-0.0197792	-0.0440061	-0.0376847	-0.0042862	0.0443362	0.114551	0.215268	0.331661	0.436939	0.518301	0.586681	0.646026	0.682012	0.675742	0.619283	0.534073	0.451465	0.366631	0.277269	0.178748	0.0684538	-0.052296	-0.170815	-0.281338	-0.39671	-0.519993	-0.647717	-0.754104	-0.82992	-0.872307	-0.884057	-0.884057	
0.0027285	0.0389258	0.0736073	0.113298	0.149848	0.183773	0.215838	0.260709	0.307485	0.351032	0.367334	0.354054	0.309818	0.234044	0.133023	0.0285648	-0.0629551	-0.129603	-0.174958	-0.190028	-0.168128	-0.120128	-0.0518507	0.0406765	0.165624	0.302338	0.429056	0.532044	0.614714	0.682012	0.723543	0.720247	0.671933	0.602564	0.538556	0.473978	0.400956	0.309914	0.205004	0.0878875	-0.0376264	-0.16235	-0.308115	-0.472494	-0.638402	-0.783644	-0.894339	-0.966056	-0.998825	-0.998825	
0.167967	0.202127	0.225708	0.237316	0.234169	0.226556	0.218741	0.230678	0.254247	0.275429	0.266352	0.222065	0.149848	0.0577233	-0.0424639	-0.137329	-0.219945	-0.277132	-0.307172	-0.306186	-0.26869	-0.207079	-0.123328	-0.0133236	0.124147	0.268539	0.401084	0.511299	0.603462	0.675742	0.720247	0.728523	0.693911	0.648801	0.611988	0.572618	0.522234	0.444865	0.349133	0.231373	0.0991907	-0.0469024	-0.222263	-0.416806	-0.614288	-0.787104	-0.928816	-1.028	-1.08037	-1.08037	
0.341488	0.375501	0.377467	0.35621	0.313288	0.266381	0.22811	0.208788	0.203441	0.193952	0.149754	0.0779781	-0.0159567	-0.116937	-0.212427	-0.299172	-0.365711	-0.40496	-0.413211	-0.387871	-0.338081	-0.271773	-0.180195	-0.0628141	0.0759802	0.219153	0.346346	0.456155	0.546751	0.619283	0.671933	0.693911	0.690082	0.67675	0.670668	0.662038	0.63364	0.572983	0.481153	0.358264	0.215712	0.0528214	-0.139179	-0.347092	-0.56082	-0.75446	-0.918984	-1.04322	-1.10898	-1.10898	
0.500445	0.524572	0.511801	0.463812	0.388929	0.308205	0.23996	0.187848	0.146115	0.100632	0.0316278	-0.0596736	-0.172406	-0.281854	-0.374541	-0.449903	-0.497454	-0.511829	-0.493522	-0.452076	-0.395059	-0.326768	-0.236362	-0.116646	0.0194444	0.155248	0.272498	0.375551	0.461724	0.534073	0.602564	0.648801	0.67675	0.69735	0.716124	0.731139	0.726566	0.68294	0.595416	0.470442	0.317466	0.143221	-0.0569415	-0.272996	-0.492156	-0.699889	-0.877845	-1.01261	-1.0846	-1.0846	
0.614044	0.62993	0.608399	0.546054	0.457331	0.352556	0.25035	0.155247	0.0770659	0.00168167	-0.0864542	-0.189123	-0.308246	-0.421362	-0.513524	-0.57659	-0.605392	-0.601498	-0.563962	-0.506274	-0.44453	-0.377071	-0.289891	-0.174381	-0.0490013	0.0782796	0.188798	0.284362	0.369702	0.451465	0.538556	0.611988	0.670668	0.716124	0.750725	0.779795	0.786852	0.754497	0.674124	0.550134	0.400364	0.223331	0.0210903	-0.19448	-0.414466	-0.623748	-0.804284	-0.937603	-1.00815	-1.00815	
0.686124	0.695317	0.668598	0.608225	0.513706	0.388855	0.254518	0.123188	0.00814156	-0.095878	-0.196282	-0.300438	-0.417772	-0.524978	-0.609543	-0.664776	-0.682582	-0.668027	-0.620729	-0.557003	-0.493635	-0.428347	-0.348429	-0.241866	-0.126353	-0.00794649	0.0967282	0.189192	0.273861	0.366631	0.473978	0.572618	0.662038	0.731139	0.779795	0.809395	0.812068	0.779213	0.70042	0.58898	0.452671	0.285503	0.0907662	-0.116197	-0.322461	-0.518002	-0.682928	-0.803917	-0.865176	-0.865176	
0.730852	0.735175	0.709437	0.645146	0.542572	0.401676	0.245662	0.0914796	-0.0479971	-0.173615	-0.288386	-0.39922	-0.50993	-0.605248	-0.676636	-0.715053	-0.723135	-0.703211	-0.658354	-0.601628	-0.544598	-0.483199	-0.411655	-0.319824	-0.217405	-0.113439	-0.0122809	0.0797791	0.171256	0.277269	0.400956	0.522234	0.63364	0.726566	0.786852	0.812068	0.804236	0.766135	0.691453	0.597643	0.480489	0.327508	0.148752	-0.0398156	-0.215515	-0.376924	-0.509948	-0.603249	-0.650105	-0.650105	
0.752567	0.754283	0.718971	0.645705	0.531377	0.380941	0.213602	0.0525916	-0.093613	-0.233757	-0.360011	-0.479258	-0.580109	-0.661308	-0.7155	-0.735139	-0.729173	-0.706358	-0.671621	-0.629543	-0.583716	-0.533053	-0.474433	-0.402423	-0.321821	-0.232773	-0.133358	-0.0385234	0.0591661	0.178748	0.309914	0.444865	0.572983	0.68294	0.754497	0.779213	0.766135	0.726025	0.663745	0.587488	0.49077	0.360437	0.207464	0.053228	-0.0807921	-0.199173	-0.295464	-0.358716	-0.390834	-0.390834	
0.735355	0.7289	0.68367	0.601911	0.477675	0.322877	0.157386	0.0028546	-0.143455	-0.28497	-0.413516	-0.531386	-0.622851	-0.689891	-0.725142	-0.726504	-0.7063	-0.678272	-0.655929	-0.63505	-0.605472	-0.566885	-0.523649	-0.476309	-0.415156	-0.343677	-0.252517	-0.159192	-0.0581546	0.0684538	0.205004	0.349133	0.481153	0.595416	0.674124	0.70042	0.691453	0.663745	0.615192	0.55746	0.481819	0.379435	0.269767	0.166044	0.0832861	0.0122793	-0.0457472	-0.0824329	-0.099528	-0.099528	
0.691616	0.663144	0.60497	0.517421	0.393654	0.242964	0.0859898	-0.0596994	-0.192301	-0.325014	-0.448487	-0.559597	-0.635261	-0.684947	-0.704439	-0.688546	-0.657293	-0.628718	-0.618875	-0.617385	-0.605636	-0.582117	-0.558955	-0.534781	-0.495331	-0.441489	-0.362886	-0.27853	-0.179663	-0.052296	0.0878875	0.231373	0.358264	0.470442	0.550134	0.58898	0.597643	0.587488	0.55746	0.513878	0.454417	0.385729	0.329563	0.286319	0.264046	0.244984	0.226366	0.219147	0.215315	0.215315	
0.626137	0.572028	0.495049	0.398318	0.275379	0.140859	0.00411627	-0.120782	-0.238728	-0.359835	-0.470366	-0.566526	-0.623058	-0.656952	-0.662908	-0.64216	-0.603913	-0.571748	-0.56719	-0.578356	-0.582394	-0.580969	-0.581179	-0.583049	-0.5649	-0.525876	-0.462815	-0.388084	-0.295734	-0.170815	-0.0376264	0.0991907	0.215712	0.317466	0.400364	0.452671	0.480489	0.49077	0.481819	0.454417	0.417459	0.3891	0.388531	0.411681	0.452035	0.487597	0.515193	0.537567	0.548934	0.548934	
0.546929	0.461097	0.360944	0.251714	0.13382	0.015374	-0.0913406	-0.189772	-0.282766	-0.380354	-0.473588	-0.547598	-0.589357	-0.608872	-0.611535	-0.592488	-0.556999	-0.526966	-0.524325	-0.540089	-0.554403	-0.565758	-0.588223	-0.613132	-0.617078	-0.5949	-0.54616	-0.479265	-0.391265	-0.281338	-0.16235	-0.0469024	0.0528214	0.143221	0.223331	0.285503	0.327508	0.360437	0.379435	0.385729	0.3891	0.408226	0.466342	0.549959	0.645701	0.735576	0.807432	0.859308	0.885737	0.885737	
0.469671	0.345617	0.218485	0.0952623	-0.0181656	-0.114825	-0.193021	-0.262659	-0.325197	-0.392316	-0.457243	-0.50512	-0.53087	-0.542361	-0.546784	-0.537104	-0.512415	-0.492491	-0.492158	-0.507747	-0.524075	-0.541117	-0.57605	-0.618186	-0.643548	-0.638164	-0.606692	-0.551046	-0.478292	-0.39671	-0.308115	-0.222263	-0.139179	-0.0569415	0.0210903	0.0907662	0.148752	0.207464	0.269767	0.329563	0.388531	0.466342	0.575729	0.705371	0.843552	0.972682	1.08219	1.16012	1.19934	1.19934	
0.385346	0.224606	0.0746136	-0.0588084	-0.164877	-0.240646	-0.292689	-0.334637	-0.37273	-0.40938	-0.444504	-0.468109	-0.481028	-0.485201	-0.486294	-0.48282	-0.465998	-0.4519	-0.453349	-0.464759	-0.479208	-0.500734	-0.540979	-0.593711	-0.635708	-0.649633	-0.640086	-0.606987	-0.564151	-0.519993	-0.472494	-0.416806	-0.347092	-0.272996	-0.19448	-0.116197	-0.0398156	0.053228	0.166044	0.286319	0.411681	0.549959	0.705371	0.871554	1.03598	1.19082	1.32746	1.42449	1.47523	1.47523	
0.313549	0.113734	-0.061369	-0.200376	-0.294656	-0.353692	-0.386237	-0.411366	-0.42689	-0.436503	-0.445082	-0.443307	-0.443484	-0.4362	-0.432944	-0.426797	-0.415773	-0.408111	-0.406222	-0.413352	-0.429343	-0.452417	-0.49563	-0.547483	-0.597652	-0.629392	-0.647468	-0.648787	-0.644238	-0.647717	-0.638402	-0.614288	-0.56082	-0.492156	-0.414466	-0.322461	-0.215515	-0.0807921	0.0832861	0.264046	0.452035	0.645701	0.843552	1.03598	1.21402	1.38281	1.53093	1.63981	1.69759	1.69759	
0.253247	0.0268262	-0.166294	-0.314455	-0.405666	-0.447663	-0.465198	-0.475823	-0.482471	-0.474744	-0.457352	-0.43101	-0.409054	-0.388367	-0.37404	-0.368827	-0.367028	-0.366782	-0.365728	-0.369977	-0.386455	-0.413255	-0.448709	-0.493639	-0.544106	-0.592545	-0.640478	-0.6781	-0.713181	-0.754104	-0.783644	-0.787104	-0.75446	-0.699889	-0.623748	-0.518002	-0.376924	-0.199173	0.0122793	0.244984	0.487597	0.735576	0.972682	1.19082	1.38281	1.55354	1.70281	1.81106	1.86816	1.86816	
0.219904	-0.0178711	-0.227568	-0.386536	-0.478802	-0.517216	-0.530067	-0.53485	-0.534491	-0.514976	-0.475991	-0.426209	-0.3774	-0.333488	-0.302714	-0.297207	-0.313203	-0.335226	-0.351063	-0.360924	-0.375926	-0.397375	-0.416856	-0.443975	-0.491449	-0.555681	-0.62579	-0.692413	-0.759233	-0.82992	-0.894339	-0.928816	-0.918984	-0.877845	-0.804284	-0.682928	-0.509948	-0.295464	-0.0457472	0.226366	0.515193	0.807432	1.08219	1.32746	1.53093	1.70281	1.84091	1.93646	1.98514	1.98514	
0.211336	-0.0289895	-0.249759	-0.423166	-0.527513	-0.569082	-0.580272	-0.583214	-0.58164	-0.556528	-0.50535	-0.436376	-0.363216	-0.292867	-0.239631	-0.225312	-0.257322	-0.307364	-0.345388	-0.368547	-0.385184	-0.395184	-0.395554	-0.408597	-0.453477	-0.52815	-0.613898	-0.696083	-0.777259	-0.872307	-0.966056	-1.028	-1.04322	-1.01261	-0.937603	-0.803917	-0.603249	-0.358716	-0.0824329	0.219147	0.537567	0.859308	1.16012	1.42449	1.63981	1.81106	1.93646	2.01679	2.0535	2.0535	
0.20913	-0.0281824	-0.255181	-0.438912	-0.552677	-0.599856	-0.614574	-0.616029	-0.613274	-0.58676	-0.530065	-0.455549	-0.366884	-0.27807	-0.203632	-0.180502	-0.219271	-0.28631	-0.344502	-0.377911	-0.393333	-0.397488	-0.385009	-0.388997	-0.433367	-0.514642	-0.603802	-0.689664	-0.779315	-0.884057	-0.998825	-1.08037	-1.10898	-1.0846	-1.00815	-0.865176	-0.650105	-0.390834	-0.099528	0.215315	0.548934	0.885737	1.19934	1.47523	1.69759	1.86816	1.98514	2.0535	2.08183	2.08183	
0.20913	-0.0281824	-0.255181	-0.438912	-0.552677	-0.599856	-0.614574	-0.616029	-0.613274	-0.58676	-0.530065	-0.455549	-0.366884	-0.27807	-0.203632	-0.180502	-0.219271	-0.28631	-0.344502	-0.377911	-0.393333	-0.397488	-0.385009	-0.388997	-0.433367	-0.514642	-0.603802	-0.689664	-0.779315	-0.884057	-0.998825	-1.08037	-1.10898	-1.0846	-1.00815	-0.865176	-0.650105	-0.390834	-0.099528	0.215315	0.548934	0.885737	1.19934	1.47523	1.69759	1.86816	1.98514	2.0535	2.08183	2.08183	
