-1.33596	-1.33596	-1.30199	-1.23335	-1.14314	-1.04284	-0.950616	-0.880678	-0.841447	-0.79178	-0.681852	-0.493794	-0.237301	0.076683	0.43317	0.777571	1.06032	1.23531	1.29236	1.24541	1.12588	0.946617	0.716564	0.47324	0.251516	0.068876	-0.0712885	-0.181656	-0.278873	-0.366719	-0.42777	-0.461342	-0.484245	-0.505504	-0.519496	-0.502962	-0.453573	-0.382056	-0.30387	-0.230745	-0.161173	-0.074838	0.0217216	0.100321	0.129586	0.102533	0.0272297	-0.0795164	-0.214022	-0.370156	
-1.33596	-1.33596	-1.30199	-1.23335	-1.14314	-1.04284	-0.950616	-0.880678	-0.841447	-0.79178	-0.681852	-0.493794	-0.237301	0.076683	0.43317	0.777571	1.06032	1.23531	1.29236	1.24541	1.12588	0.946617	0.716564	0.47324	0.251516	0.068876	-0.0712885	-0.181656	-0.278873	-0.366719	-0.42777	-0.461342	-0.484245	-0.505504	-0.519496	-0.502962	-0.453573	-0.382056	-0.30387	-0.230745	-0.161173	-0.074838	0.0217216	0.100321	0.129586	0.102533	0.0272297	-0.0795164	-0.214022	-0.370156	
-1.30199	-1.30199	-1.2791	-1.2266	-1.15233	-1.05966	-0.968996	-0.895278	-0.854763	-0.808757	-0.708819	-0.532595	-0.284751	0.0255586	0.381947	0.72685	1.00872	1.18316	1.24354	1.20633	1.10264	0.940987	0.725862	0.490665	0.269594	0.084612	-0.0588628	-0.170026	-0.266445	-0.352465	-0.411061	-0.440606	-0.457604	-0.469742	-0.476622	-0.455059	-0.406037	-0.33723	-0.261393	-0.186831	-0.11331	-0.0215209	0.0760705	0.151803	0.175222	0.143501	0.0698521	-0.0259069	-0.141058	-0.273938	
-1.23335	-1.23335	-1.2266	-1.20175	-1.15151	-1.07728	-0.99133	-0.919686	-0.879605	-0.842809	-0.75915	-0.602563	-0.371266	-0.0707312	0.280452	0.623601	0.905256	1.08334	1.15389	1.1355	1.05576	0.920219	0.727487	0.506075	0.290321	0.102759	-0.0445711	-0.159768	-0.256613	-0.338528	-0.38965	-0.408715	-0.411166	-0.410634	-0.403481	-0.374916	-0.320889	-0.249844	-0.171442	-0.0939983	-0.0160585	0.0736464	0.16657	0.232821	0.248255	0.215517	0.151659	0.0775379	-0.00548315	-0.10076	
-1.14314	-1.14314	-1.15233	-1.15151	-1.13015	-1.0766	-1.00862	-0.946639	-0.917371	-0.892438	-0.827356	-0.692688	-0.483089	-0.201689	0.134813	0.470732	0.75384	0.94336	1.03386	1.03965	0.985375	0.873362	0.703062	0.499832	0.294026	0.110732	-0.0403591	-0.159936	-0.258097	-0.334229	-0.372372	-0.37387	-0.358922	-0.338662	-0.317184	-0.272642	-0.20585	-0.122752	-0.0365692	0.0432174	0.113498	0.190627	0.264624	0.317568	0.329669	0.305773	0.263216	0.219387	0.171722	0.112485	
-1.04284	-1.04284	-1.05966	-1.07728	-1.0766	-1.05286	-1.0113	-0.978904	-0.970031	-0.964868	-0.918388	-0.8061	-0.621735	-0.366114	-0.0522488	0.273145	0.560752	0.769903	0.887511	0.921625	0.889199	0.795914	0.643801	0.457255	0.266155	0.0903718	-0.0566453	-0.175339	-0.269661	-0.335164	-0.359203	-0.344994	-0.311141	-0.274882	-0.230808	-0.167323	-0.0798507	0.0185938	0.111776	0.187196	0.245999	0.300273	0.354617	0.39309	0.404166	0.39377	0.375459	0.362496	0.349072	0.326526	
-0.950616	-0.950616	-0.968996	-0.99133	-1.00862	-1.0113	-1.0102	-1.01646	-1.04294	-1.06275	-1.03992	-0.951338	-0.793465	-0.564668	-0.273481	0.0427392	0.33789	0.569702	0.718535	0.782924	0.775885	0.702107	0.568557	0.399398	0.22187	0.0595802	-0.0769403	-0.184935	-0.268365	-0.32458	-0.341071	-0.320004	-0.277209	-0.221195	-0.154836	-0.0646104	0.042467	0.151389	0.243757	0.309816	0.3518	0.389071	0.424103	0.451324	0.461045	0.458793	0.459008	0.470308	0.485967	0.494084	
-0.880678	-0.880678	-0.895278	-0.919686	-0.946639	-0.978904	-1.01646	-1.07115	-1.13708	-1.19221	-1.19799	-1.13654	-1.00097	-0.789698	-0.509904	-0.193675	0.112677	0.367905	0.546468	0.644665	0.667213	0.618951	0.507112	0.354043	0.190995	0.0423743	-0.077207	-0.167878	-0.237636	-0.284126	-0.29895	-0.278372	-0.228887	-0.161175	-0.0731214	0.0327373	0.149505	0.257922	0.341456	0.394579	0.424807	0.445372	0.46636	0.479806	0.482402	0.481595	0.490286	0.517663	0.55473	0.59152	
-0.841447	-0.841447	-0.854763	-0.879605	-0.917371	-0.970031	-1.04294	-1.13708	-1.24476	-1.33636	-1.37737	-1.3419	-1.22141	-1.0128	-0.729437	-0.403576	-0.0826917	0.192744	0.399123	0.529915	0.586053	0.568128	0.483071	0.352387	0.206931	0.0754307	-0.0278205	-0.104925	-0.162703	-0.201851	-0.211586	-0.187197	-0.132945	-0.0563629	0.0365629	0.142791	0.251685	0.346231	0.413335	0.448561	0.460287	0.462549	0.463007	0.461868	0.457865	0.456748	0.472803	0.508366	0.557623	0.610924	
-0.79178	-0.79178	-0.808757	-0.842809	-0.892438	-0.964868	-1.06275	-1.19221	-1.33636	-1.46889	-1.54628	-1.53816	-1.42611	-1.21208	-0.917463	-0.577529	-0.242576	0.0518227	0.281134	0.441318	0.528067	0.541407	0.490076	0.391074	0.273455	0.162306	0.0712071	0.00186674	-0.0499241	-0.0773125	-0.0751041	-0.0406415	0.0189782	0.0912523	0.173297	0.258455	0.342467	0.411444	0.452527	0.463362	0.452321	0.43051	0.411312	0.395188	0.385778	0.386164	0.404694	0.443873	0.496092	0.557804	
-0.681852	-0.681852	-0.708819	-0.75915	-0.827356	-0.918388	-1.03992	-1.19799	-1.37737	-1.54628	-1.66072	-1.67777	-1.57659	-1.36063	-1.06074	-0.713501	-0.368025	-0.0598925	0.187526	0.369658	0.481642	0.52697	0.5155	0.459684	0.378932	0.291053	0.211623	0.1451	0.100008	0.0836122	0.0989432	0.14017	0.197258	0.256912	0.316773	0.37134	0.420134	0.451839	0.458662	0.438002	0.402655	0.361846	0.327096	0.302148	0.28845	0.284459	0.299719	0.330322	0.375341	0.436079	
-0.493794	-0.493794	-0.532595	-0.602563	-0.692688	-0.8061	-0.951338	-1.13654	-1.3419	-1.53816	-1.67777	-1.71709	-1.62943	-1.42219	-1.13	-0.785743	-0.439077	-0.123875	0.132458	0.327817	0.459476	0.53323	0.561738	0.548426	0.503684	0.440923	0.375507	0.319396	0.283176	0.276797	0.295749	0.333161	0.379126	0.423173	0.461681	0.486075	0.496587	0.486608	0.45278	0.400137	0.342482	0.287555	0.244134	0.210687	0.189919	0.176243	0.176762	0.191432	0.221088	0.271885	
-0.237301	-0.237301	-0.284751	-0.371266	-0.483089	-0.621735	-0.793465	-1.00097	-1.22141	-1.42611	-1.57659	-1.62943	-1.55801	-1.36887	-1.09568	-0.767788	-0.430548	-0.120513	0.134794	0.336299	0.481136	0.577001	0.633382	0.649343	0.632053	0.591975	0.548737	0.509862	0.48693	0.485314	0.499907	0.525145	0.558426	0.588839	0.61152	0.610367	0.58622	0.536264	0.465241	0.380689	0.302341	0.233849	0.179303	0.13735	0.106579	0.0791191	0.0644169	0.0595347	0.0703856	0.10971	
0.076683	0.076683	0.0255586	-0.0707312	-0.201689	-0.366114	-0.564668	-0.789698	-1.0128	-1.21208	-1.36063	-1.42219	-1.36887	-1.20476	-0.962935	-0.665133	-0.354232	-0.0632468	0.181009	0.381467	0.533929	0.640656	0.711207	0.745254	0.750631	0.73875	0.724156	0.708656	0.699154	0.699729	0.705685	0.716457	0.731857	0.745764	0.7488	0.72347	0.671418	0.593022	0.495813	0.389605	0.292734	0.208605	0.13952	0.0816152	0.0380632	-0.00155383	-0.0277768	-0.0436018	-0.0428555	-0.0154932	
0.43317	0.43317	0.381947	0.280452	0.134813	-0.0522488	-0.273481	-0.509904	-0.729437	-0.917463	-1.06074	-1.13	-1.09568	-0.962935	-0.761344	-0.508871	-0.237638	0.0227669	0.247958	0.44016	0.589751	0.69609	0.772024	0.821591	0.855124	0.876695	0.894728	0.903682	0.908958	0.915373	0.917211	0.912417	0.905156	0.890023	0.86242	0.806241	0.72606	0.626682	0.515916	0.400134	0.296428	0.204149	0.121593	0.0493384	-0.00859263	-0.0581049	-0.0895438	-0.108749	-0.114818	-0.0957773	
0.777571	0.777571	0.72685	0.623601	0.470732	0.273145	0.0427392	-0.193675	-0.403576	-0.577529	-0.713501	-0.785743	-0.767788	-0.665133	-0.508871	-0.30734	-0.0822908	0.142346	0.34057	0.512129	0.644668	0.740865	0.818495	0.888198	0.954158	1.01172	1.06237	1.09626	1.12157	1.13972	1.14092	1.12101	1.08373	1.03221	0.964679	0.870698	0.760931	0.64335	0.527318	0.413448	0.311849	0.217306	0.125911	0.0400271	-0.0270609	-0.080374	-0.109229	-0.127167	-0.136127	-0.129071	
1.06032	1.06032	1.00872	0.905256	0.75384	0.560752	0.33789	0.112677	-0.0826917	-0.242576	-0.368025	-0.439077	-0.430548	-0.354232	-0.237638	-0.0822908	0.102454	0.291801	0.458107	0.597481	0.7047	0.784597	0.863392	0.949319	1.04212	1.12926	1.20801	1.26936	1.31806	1.35174	1.35562	1.32173	1.25878	1.17253	1.06576	0.933959	0.792078	0.656328	0.534088	0.420923	0.320338	0.224656	0.12884	0.0402038	-0.0273292	-0.0750452	-0.100087	-0.116639	-0.131389	-0.132443	
1.23531	1.23531	1.18316	1.08334	0.94336	0.769903	0.569702	0.367905	0.192744	0.0518227	-0.0598925	-0.123875	-0.120513	-0.0632468	0.0227669	0.142346	0.291801	0.445465	0.572397	0.676429	0.755214	0.821901	0.896768	0.991611	1.10193	1.21382	1.32337	1.41566	1.49091	1.54037	1.54518	1.49935	1.41148	1.29393	1.15152	0.985975	0.817529	0.663983	0.532297	0.412285	0.305397	0.207366	0.113182	0.0305428	-0.0270859	-0.0668449	-0.0855576	-0.101861	-0.118855	-0.121672	
1.29236	1.29236	1.24354	1.15389	1.03386	0.887511	0.718535	0.546468	0.399123	0.281134	0.187526	0.132458	0.134794	0.181009	0.247958	0.34057	0.458107	0.572397	0.662339	0.732897	0.793516	0.846244	0.912985	1.00487	1.12382	1.25779	1.39697	1.52123	1.6234	1.68845	1.69749	1.64028	1.53074	1.38401	1.21059	1.01692	0.822995	0.648901	0.499057	0.364892	0.250042	0.153279	0.0708099	0.00527598	-0.0369225	-0.0607076	-0.0722573	-0.0852141	-0.102411	-0.108359	
1.24541	1.24541	1.20633	1.1355	1.03965	0.921625	0.782924	0.644665	0.529915	0.441318	0.369658	0.327817	0.336299	0.381467	0.44016	0.512129	0.597481	0.676429	0.732897	0.783166	0.827851	0.868821	0.918822	1.00056	1.12039	1.26779	1.42728	1.57537	1.69815	1.77873	1.79065	1.726	1.59814	1.43031	1.23333	1.01691	0.799633	0.6038	0.436867	0.292297	0.173111	0.0830474	0.013991	-0.0326164	-0.0526746	-0.056518	-0.0505245	-0.0531347	-0.0697261	-0.0807104	
1.12588	1.12588	1.10264	1.05576	0.985375	0.889199	0.775885	0.667213	0.586053	0.528067	0.481642	0.459476	0.481136	0.533929	0.589751	0.644668	0.7047	0.755214	0.793516	0.827851	0.862974	0.88891	0.92318	0.990897	1.10262	1.24749	1.40755	1.55946	1.68907	1.77253	1.78555	1.71635	1.5839	1.408	1.19979	0.968114	0.734667	0.527446	0.354839	0.209205	0.0922963	0.00638231	-0.0502318	-0.0782457	-0.0791368	-0.0596402	-0.0377438	-0.0308178	-0.0423112	-0.0553251	
0.946617	0.946617	0.940987	0.920219	0.873362	0.795914	0.702107	0.618951	0.568128	0.541407	0.52697	0.53323	0.577001	0.640656	0.69609	0.740865	0.784597	0.821901	0.846244	0.868821	0.88891	0.902332	0.921467	0.973698	1.06714	1.19316	1.33204	1.46652	1.57888	1.65121	1.65837	1.5938	1.46897	1.29988	1.09144	0.857638	0.624375	0.422398	0.257553	0.120226	0.00814328	-0.0684831	-0.110771	-0.122858	-0.109585	-0.0833924	-0.05878	-0.0480822	-0.0547862	-0.0598602	
0.716564	0.716564	0.725862	0.727487	0.703062	0.643801	0.568557	0.507112	0.483071	0.490076	0.5155	0.561738	0.633382	0.711207	0.772024	0.818495	0.863392	0.896768	0.912985	0.918822	0.92318	0.921467	0.924608	0.954493	1.01931	1.11144	1.21081	1.30286	1.3764	1.42043	1.41928	1.36194	1.25481	1.10314	0.912444	0.698231	0.486104	0.304512	0.155492	0.0305781	-0.0678021	-0.129459	-0.15483	-0.154954	-0.143957	-0.124457	-0.10734	-0.0978879	-0.0964704	-0.0915931	
0.47324	0.47324	0.490665	0.506075	0.499832	0.457255	0.399398	0.354043	0.352387	0.391074	0.459684	0.548426	0.649343	0.745254	0.821591	0.888198	0.949319	0.991611	1.00487	1.00056	0.990897	0.973698	0.954493	0.953173	0.978009	1.02186	1.06171	1.08968	1.104	1.1072	1.08748	1.03436	0.947589	0.828657	0.679952	0.509306	0.337557	0.186772	0.0611571	-0.0415994	-0.119517	-0.164392	-0.178155	-0.179382	-0.176787	-0.168014	-0.156705	-0.145612	-0.140316	-0.133897	
0.251516	0.251516	0.269594	0.290321	0.294026	0.266155	0.22187	0.190995	0.206931	0.273455	0.378932	0.503684	0.632053	0.750631	0.855124	0.954158	1.04212	1.10193	1.12382	1.12039	1.10262	1.06714	1.01931	0.978009	0.952951	0.936735	0.904998	0.859739	0.806799	0.758343	0.707661	0.648867	0.583596	0.508296	0.413951	0.299493	0.177982	0.0726514	-0.0117872	-0.0784179	-0.130803	-0.164436	-0.180426	-0.189505	-0.1978	-0.195697	-0.185297	-0.173146	-0.167631	-0.162121	
0.068876	0.068876	0.084612	0.102759	0.110732	0.0903718	0.0595802	0.0423743	0.0754307	0.162306	0.291053	0.440923	0.591975	0.73875	0.876695	1.01172	1.12926	1.21382	1.25779	1.26779	1.24749	1.19316	1.11144	1.02186	0.936735	0.850839	0.747248	0.629878	0.510587	0.405359	0.318491	0.254534	0.215898	0.184959	0.144969	0.0838402	0.0202207	-0.0273795	-0.0597122	-0.0876506	-0.118456	-0.149806	-0.169082	-0.183558	-0.195287	-0.19474	-0.1852	-0.175789	-0.172851	-0.17045	
-0.0712885	-0.0712885	-0.0588628	-0.0445711	-0.0403591	-0.0566453	-0.0769403	-0.077207	-0.0278205	0.0712071	0.211623	0.375507	0.548737	0.724156	0.894728	1.06237	1.20801	1.32337	1.39697	1.42728	1.40755	1.33204	1.21081	1.06171	0.904998	0.747248	0.575059	0.394425	0.213845	0.0597973	-0.0519766	-0.110103	-0.122328	-0.115596	-0.113706	-0.122946	-0.125623	-0.111926	-0.0933718	-0.0865026	-0.0997614	-0.124211	-0.14291	-0.158026	-0.170161	-0.173465	-0.167387	-0.160481	-0.160579	-0.161516	
-0.181656	-0.181656	-0.170026	-0.159768	-0.159936	-0.175339	-0.184935	-0.167878	-0.104925	0.00186674	0.1451	0.319396	0.509862	0.708656	0.903682	1.09626	1.26936	1.41566	1.52123	1.57537	1.55946	1.46652	1.30286	1.08968	0.859739	0.629878	0.394425	0.152465	-0.0800646	-0.267935	-0.389102	-0.436812	-0.427283	-0.392841	-0.349428	-0.305316	-0.247403	-0.177744	-0.115795	-0.0795754	-0.0727261	-0.0888854	-0.106037	-0.121209	-0.136817	-0.145494	-0.144087	-0.145425	-0.153645	-0.163391	
-0.278873	-0.278873	-0.266445	-0.256613	-0.258097	-0.269661	-0.268365	-0.237636	-0.162703	-0.0499241	0.100008	0.283176	0.48693	0.699154	0.908958	1.12157	1.31806	1.49091	1.6234	1.69815	1.68907	1.57888	1.3764	1.104	0.806799	0.510587	0.213845	-0.0800646	-0.347405	-0.550326	-0.671873	-0.712231	-0.689255	-0.628925	-0.546248	-0.454254	-0.345438	-0.230195	-0.129507	-0.0629295	-0.0360108	-0.0422749	-0.0569646	-0.0746366	-0.093272	-0.11115	-0.124817	-0.14266	-0.168214	-0.193481	
-0.366719	-0.366719	-0.352465	-0.338528	-0.334229	-0.335164	-0.32458	-0.284126	-0.201851	-0.0773125	0.0836122	0.276797	0.485314	0.699729	0.915373	1.13972	1.35174	1.54037	1.68845	1.77873	1.77253	1.65121	1.42043	1.1072	0.758343	0.405359	0.0597973	-0.267935	-0.550326	-0.757746	-0.88206	-0.920946	-0.887745	-0.804576	-0.691178	-0.562172	-0.414295	-0.259842	-0.126121	-0.0378344	0.0019115	0.00140624	-0.0139967	-0.0312082	-0.0524452	-0.081275	-0.108861	-0.145706	-0.188099	-0.22544	
-0.42777	-0.42777	-0.411061	-0.38965	-0.372372	-0.359203	-0.341071	-0.29895	-0.211586	-0.0751041	0.0989432	0.295749	0.499907	0.705685	0.917211	1.14092	1.35562	1.54518	1.69749	1.79065	1.78555	1.65837	1.41928	1.08748	0.707661	0.318491	-0.0519766	-0.389102	-0.671873	-0.88206	-1.00996	-1.04902	-1.00859	-0.913949	-0.78389	-0.630774	-0.453294	-0.270885	-0.119431	-0.0235106	0.0184347	0.0186101	0.00294049	-0.0137472	-0.0359557	-0.067037	-0.1024	-0.144872	-0.192725	-0.235536	
-0.461342	-0.461342	-0.440606	-0.408715	-0.37387	-0.344994	-0.320004	-0.278372	-0.187197	-0.0406415	0.14017	0.333161	0.525145	0.716457	0.912417	1.12101	1.32173	1.49935	1.64028	1.726	1.71635	1.5938	1.36194	1.03436	0.648867	0.254534	-0.110103	-0.436812	-0.712231	-0.920946	-1.04902	-1.08759	-1.05114	-0.959395	-0.825726	-0.659003	-0.464723	-0.272318	-0.11831	-0.0262642	0.0115874	0.00914625	-0.00969781	-0.0294732	-0.0495006	-0.0788448	-0.107652	-0.142594	-0.182906	-0.221183	
-0.484245	-0.484245	-0.457604	-0.411166	-0.358922	-0.311141	-0.277209	-0.228887	-0.132945	0.0189782	0.197258	0.379126	0.558426	0.731857	0.905156	1.08373	1.25878	1.41148	1.53074	1.59814	1.5839	1.46897	1.25481	0.947589	0.583596	0.215898	-0.122328	-0.427283	-0.689255	-0.887745	-1.00859	-1.05114	-1.02646	-0.944265	-0.81445	-0.643429	-0.451752	-0.264314	-0.120207	-0.0379175	-0.00850815	-0.0145029	-0.0399928	-0.0619846	-0.0828028	-0.103613	-0.12239	-0.144706	-0.176124	-0.208541	
-0.505504	-0.505504	-0.469742	-0.410634	-0.338662	-0.274882	-0.221195	-0.161175	-0.0563629	0.0912523	0.256912	0.423173	0.588839	0.745764	0.890023	1.03221	1.17253	1.29393	1.38401	1.43031	1.408	1.29988	1.10314	0.828657	0.508296	0.184959	-0.115596	-0.392841	-0.628925	-0.804576	-0.913949	-0.959395	-0.944265	-0.872818	-0.750958	-0.595489	-0.421485	-0.254791	-0.128209	-0.0581244	-0.0325028	-0.0395626	-0.0649254	-0.0929624	-0.114552	-0.131533	-0.14661	-0.167361	-0.199319	-0.228871	
-0.519496	-0.519496	-0.476622	-0.403481	-0.317184	-0.230808	-0.154836	-0.0731214	0.0365629	0.173297	0.316773	0.461681	0.61152	0.7488	0.86242	0.964679	1.06576	1.15152	1.21059	1.23333	1.19979	1.09144	0.912444	0.679952	0.413951	0.144969	-0.113706	-0.349428	-0.546248	-0.691178	-0.78389	-0.825726	-0.81445	-0.750958	-0.651376	-0.521967	-0.382251	-0.247569	-0.144738	-0.0845762	-0.0594569	-0.0602798	-0.0860997	-0.115102	-0.136324	-0.15252	-0.173043	-0.205988	-0.249371	-0.280629	
-0.502962	-0.502962	-0.455059	-0.374916	-0.272642	-0.167323	-0.0646104	0.0327373	0.142791	0.258455	0.37134	0.486075	0.610367	0.72347	0.806241	0.870698	0.933959	0.985975	1.01692	1.01691	0.968114	0.857638	0.698231	0.509306	0.299493	0.0838402	-0.122946	-0.305316	-0.454254	-0.562172	-0.630774	-0.659003	-0.643429	-0.595489	-0.521967	-0.433626	-0.340816	-0.248867	-0.17425	-0.122931	-0.0945438	-0.0902191	-0.105515	-0.125964	-0.14378	-0.161474	-0.197309	-0.24986	-0.307103	-0.337655	
-0.453573	-0.453573	-0.406037	-0.320889	-0.20585	-0.0798507	0.042467	0.149505	0.251685	0.342467	0.420134	0.496587	0.58622	0.671418	0.72606	0.760931	0.792078	0.817529	0.822995	0.799633	0.734667	0.624375	0.486104	0.337557	0.177982	0.0202207	-0.125623	-0.247403	-0.345438	-0.414295	-0.453294	-0.464723	-0.451752	-0.421485	-0.382251	-0.340816	-0.298149	-0.249624	-0.198247	-0.155574	-0.127481	-0.111702	-0.109047	-0.117904	-0.130934	-0.155651	-0.203334	-0.26949	-0.334856	-0.367327	
-0.382056	-0.382056	-0.33723	-0.249844	-0.122752	0.0185938	0.151389	0.257922	0.346231	0.411444	0.451839	0.486608	0.536264	0.593022	0.626682	0.64335	0.656328	0.663983	0.648901	0.6038	0.527446	0.422398	0.304512	0.186772	0.0726514	-0.0273795	-0.111926	-0.177744	-0.230195	-0.259842	-0.270885	-0.272318	-0.264314	-0.254791	-0.247569	-0.248867	-0.249624	-0.233817	-0.205875	-0.175065	-0.142622	-0.111235	-0.0885357	-0.0842546	-0.0951452	-0.120843	-0.174339	-0.252156	-0.327682	-0.366642	
-0.30387	-0.30387	-0.261393	-0.171442	-0.0365692	0.111776	0.243757	0.341456	0.413335	0.452527	0.458662	0.45278	0.465241	0.495813	0.515916	0.527318	0.534088	0.532297	0.499057	0.436867	0.354839	0.257553	0.155492	0.0611571	-0.0117872	-0.0597122	-0.0933718	-0.115795	-0.129507	-0.126121	-0.119431	-0.11831	-0.120207	-0.128209	-0.144738	-0.17425	-0.198247	-0.205875	-0.195868	-0.168844	-0.128364	-0.0832032	-0.047132	-0.033174	-0.0364592	-0.0624359	-0.123509	-0.211725	-0.297781	-0.344097	
-0.230745	-0.230745	-0.186831	-0.0939983	0.0432174	0.187196	0.309816	0.394579	0.448561	0.463362	0.438002	0.400137	0.380689	0.389605	0.400134	0.413448	0.420923	0.412285	0.364892	0.292297	0.209205	0.120226	0.0305781	-0.0415994	-0.0784179	-0.0876506	-0.0865026	-0.0795754	-0.0629295	-0.0378344	-0.0235106	-0.0262642	-0.0379175	-0.0581244	-0.0845762	-0.122931	-0.155574	-0.175065	-0.168844	-0.137851	-0.0884854	-0.0381546	0.00961477	0.037098	0.0370758	-0.000628274	-0.0727265	-0.171935	-0.263081	-0.316277	
-0.161173	-0.161173	-0.11331	-0.0160585	0.113498	0.245999	0.3518	0.424807	0.460287	0.452321	0.402655	0.342482	0.302341	0.292734	0.296428	0.311849	0.320338	0.305397	0.250042	0.173111	0.0922963	0.00814328	-0.0678021	-0.119517	-0.130803	-0.118456	-0.0997614	-0.0727261	-0.0360108	0.0019115	0.0184347	0.0115874	-0.00850815	-0.0325028	-0.0594569	-0.0945438	-0.127481	-0.142622	-0.128364	-0.0884854	-0.0360709	0.0250623	0.0887011	0.126636	0.117772	0.0645586	-0.0168017	-0.118241	-0.215789	-0.282005	
-0.074838	-0.074838	-0.0215209	0.0736464	0.190627	0.300273	0.389071	0.445372	0.462549	0.43051	0.361846	0.287555	0.233849	0.208605	0.204149	0.217306	0.224656	0.207366	0.153279	0.0830474	0.00638231	-0.0684831	-0.129459	-0.164392	-0.164436	-0.149806	-0.124211	-0.0888854	-0.0422749	0.00140624	0.0186101	0.00914625	-0.0145029	-0.0395626	-0.0602798	-0.0902191	-0.111702	-0.111235	-0.0832032	-0.0381546	0.0250623	0.102752	0.179427	0.216786	0.200204	0.142792	0.0639807	-0.0370701	-0.141903	-0.217787	
0.0217216	0.0217216	0.0760705	0.16657	0.264624	0.354617	0.424103	0.46636	0.463007	0.411312	0.327096	0.244134	0.179303	0.13952	0.121593	0.125911	0.12884	0.113182	0.0708099	0.013991	-0.0502318	-0.110771	-0.15483	-0.178155	-0.180426	-0.169082	-0.14291	-0.106037	-0.0569646	-0.0139967	0.00294049	-0.00969781	-0.0399928	-0.0649254	-0.0860997	-0.105515	-0.109047	-0.0885357	-0.047132	0.00961477	0.0887011	0.179427	0.254534	0.291261	0.28389	0.236232	0.166677	0.0730172	-0.0272562	-0.107737	
0.100321	0.100321	0.151803	0.232821	0.317568	0.39309	0.451324	0.479806	0.461868	0.395188	0.302148	0.210687	0.13735	0.0816152	0.0493384	0.0400271	0.0402038	0.0305428	0.00527598	-0.0326164	-0.0782457	-0.122858	-0.154954	-0.179382	-0.189505	-0.183558	-0.158026	-0.121209	-0.0746366	-0.0312082	-0.0137472	-0.0294732	-0.0619846	-0.0929624	-0.115102	-0.125964	-0.117904	-0.0842546	-0.033174	0.037098	0.126636	0.216786	0.291261	0.346039	0.360077	0.332072	0.279246	0.208568	0.119844	0.0412417	
0.129586	0.129586	0.175222	0.248255	0.329669	0.404166	0.461045	0.482402	0.457865	0.385778	0.28845	0.189919	0.106579	0.0380632	-0.00859263	-0.0270609	-0.0273292	-0.0270859	-0.0369225	-0.0526746	-0.0791368	-0.109585	-0.143957	-0.176787	-0.1978	-0.195287	-0.170161	-0.136817	-0.093272	-0.0524452	-0.0359557	-0.0495006	-0.0828028	-0.114552	-0.136324	-0.14378	-0.130934	-0.0951452	-0.0364592	0.0370758	0.117772	0.200204	0.28389	0.360077	0.403841	0.407389	0.39375	0.357193	0.28775	0.211574	
0.102533	0.102533	0.143501	0.215517	0.305773	0.39377	0.458793	0.481595	0.456748	0.386164	0.284459	0.176243	0.0791191	-0.00155383	-0.0581049	-0.080374	-0.0750452	-0.0668449	-0.0607076	-0.056518	-0.0596402	-0.0833924	-0.124457	-0.168014	-0.195697	-0.19474	-0.173465	-0.145494	-0.11115	-0.081275	-0.067037	-0.0788448	-0.103613	-0.131533	-0.15252	-0.161474	-0.155651	-0.120843	-0.0624359	-0.000628274	0.0645586	0.142792	0.236232	0.332072	0.407389	0.458023	0.487483	0.484467	0.442613	0.385764	
0.0272297	0.0272297	0.0698521	0.151659	0.263216	0.375459	0.459008	0.490286	0.472803	0.404694	0.299719	0.176762	0.0644169	-0.0277768	-0.0895438	-0.109229	-0.100087	-0.0855576	-0.0722573	-0.0505245	-0.0377438	-0.05878	-0.10734	-0.156705	-0.185297	-0.1852	-0.167387	-0.144087	-0.124817	-0.108861	-0.1024	-0.107652	-0.12239	-0.14661	-0.173043	-0.197309	-0.203334	-0.174339	-0.123509	-0.0727265	-0.0168017	0.0639807	0.166677	0.279246	0.39375	0.487483	0.550649	0.586026	0.588383	0.56953	
-0.0795164	-0.0795164	-0.0259069	0.0775379	0.219387	0.362496	0.470308	0.517663	0.508366	0.443873	0.330322	0.191432	0.0595347	-0.0436018	-0.108749	-0.127167	-0.116639	-0.101861	-0.0852141	-0.0531347	-0.0308178	-0.0480822	-0.0978879	-0.145612	-0.173146	-0.175789	-0.160481	-0.145425	-0.14266	-0.145706	-0.144872	-0.142594	-0.144706	-0.167361	-0.205988	-0.24986	-0.26949	-0.252156	-0.211725	-0.171935	-0.118241	-0.0370701	0.0730172	0.208568	0.357193	0.484467	0.586026	0.669269	0.726456	0.750061	
-0.214022	-0.214022	-0.141058	-0.00548315	0.171722	0.349072	0.485967	0.55473	0.557623	0.496092	0.375341	0.221088	0.0703856	-0.0428555	-0.114818	-0.136127	-0.131389	-0.118855	-0.102411	-0.0697261	-0.0423112	-0.0547862	-0.0964704	-0.140316	-0.167631	-0.172851	-0.160579	-0.153645	-0.168214	-0.188099	-0.192725	-0.182906	-0.176124	-0.199319	-0.249371	-0.307103	-0.334856	-0.327682	-0.297781	-0.263081	-0.215789	-0.141903	-0.0272562	0.119844	0.28775	0.442613	0.588383	0.726456	0.838854	0.90725	
-0.370156	-0.370156	-0.273938	-0.10076	0.112485	0.326526	0.494084	0.59152	0.610924	0.557804	0.436079	0.271885	0.10971	-0.0154932	-0.0957773	-0.129071	-0.132443	-0.121672	-0.108359	-0.0807104	-0.0553251	-0.0598602	-0.0915931	-0.133897	-0.162121	-0.17045	-0.161516	-0.163391	-0.193481	-0.22544	-0.235536	-0.221183	-0.208541	-0.228871	-0.280629	-0.337655	-0.367327	-0.366642	-0.344097	-0.316277	-0.282005	-0.217787	-0.107737	0.0412417	0.211574	0.385764	0.56953	0.750061	0.90725	1.02375	
