0.233597	0.0952053	-0.0458026	-0.156462	-0.200639	-0.185304	-0.123543	-0.0313945	0.0598907	0.132346	0.183805	0.216512	0.210671	0.161588	0.0856591	0.00747532	-0.0645969	-0.128217	-0.173209	-0.186139	-0.167873	-0.133303	-0.0870464	-0.0283574	0.0491501	0.132924	0.209934	0.26531	0.297236	0.318563	0.323466	0.307472	0.277031	0.243529	0.202245	0.157083	0.131846	0.125975	0.114086	0.106193	0.126213	0.156119	0.183017	0.206162	0.233315	0.266509	0.288823	0.301732	0.307988	0.307988	
0.0952053	-0.0543173	-0.196297	-0.28822	-0.315404	-0.28995	-0.223355	-0.128926	-0.0320947	0.0450524	0.0955904	0.124633	0.119843	0.0759421	0.015702	-0.0450746	-0.0937291	-0.130234	-0.152441	-0.146176	-0.115238	-0.0699843	-0.0184199	0.0428696	0.115694	0.183883	0.242392	0.286877	0.309883	0.319014	0.31371	0.282649	0.240811	0.202897	0.166822	0.136126	0.117124	0.12109	0.13395	0.151805	0.18739	0.229142	0.279555	0.333917	0.389564	0.452315	0.506136	0.544448	0.56469	0.56469	
-0.0458026	-0.196297	-0.315116	-0.38408	-0.401291	-0.367574	-0.292094	-0.195637	-0.0898304	-0.00342137	0.0443414	0.0749167	0.0773526	0.048614	0.00223247	-0.0449895	-0.0701788	-0.0746737	-0.0638042	-0.0390929	0.00283003	0.0524122	0.103674	0.161579	0.224421	0.276954	0.310311	0.331366	0.335449	0.329757	0.312923	0.272119	0.226897	0.187176	0.154796	0.139066	0.129514	0.124865	0.141259	0.181658	0.226429	0.272996	0.339704	0.417698	0.494817	0.566849	0.630717	0.682504	0.707046	0.707046	
-0.156462	-0.28822	-0.38408	-0.436865	-0.44228	-0.394063	-0.31118	-0.21334	-0.0984566	-0.00331433	0.0560821	0.0973053	0.111113	0.0940698	0.0603955	0.0302991	0.0206357	0.036621	0.0667699	0.104582	0.152285	0.203363	0.261303	0.316928	0.361656	0.38758	0.397416	0.396451	0.370026	0.337512	0.305793	0.261821	0.222678	0.189133	0.157583	0.144278	0.140911	0.135774	0.149081	0.192307	0.244756	0.297564	0.370369	0.458302	0.537231	0.606241	0.666887	0.711507	0.735341	0.735341	
-0.200639	-0.315404	-0.401291	-0.44228	-0.434284	-0.377769	-0.29205	-0.18306	-0.0515392	0.0621228	0.136229	0.183257	0.206102	0.206621	0.192938	0.176442	0.17592	0.201124	0.237298	0.275459	0.321797	0.37691	0.435844	0.479292	0.500094	0.493048	0.470607	0.439708	0.389041	0.337179	0.287309	0.238526	0.203742	0.180213	0.158879	0.144509	0.144235	0.150307	0.167388	0.20294	0.247485	0.303008	0.373817	0.447505	0.515918	0.57545	0.623773	0.65874	0.674118	0.674118	
-0.185304	-0.28995	-0.367574	-0.394063	-0.377769	-0.322206	-0.230268	-0.101174	0.0480203	0.18195	0.274292	0.325205	0.354019	0.369	0.365646	0.356761	0.366427	0.397105	0.431654	0.464622	0.504271	0.55198	0.594744	0.609745	0.59962	0.566839	0.518131	0.458378	0.390149	0.320696	0.252591	0.199153	0.162286	0.143618	0.133875	0.127328	0.133926	0.150611	0.178991	0.21192	0.248001	0.301697	0.359638	0.407244	0.453247	0.493202	0.521897	0.541459	0.546877	0.546877	
-0.123543	-0.223355	-0.292094	-0.31118	-0.29205	-0.230268	-0.11901	0.0306035	0.191851	0.33951	0.437468	0.490494	0.526332	0.547729	0.548082	0.549648	0.565262	0.590424	0.62048	0.650226	0.674408	0.693925	0.706464	0.689268	0.644255	0.587356	0.524001	0.442694	0.358774	0.284275	0.210704	0.153393	0.115063	0.090706	0.0789141	0.0838533	0.102316	0.131775	0.171066	0.207132	0.246941	0.291267	0.326671	0.349598	0.366677	0.382791	0.390445	0.391662	0.393191	0.393191	
-0.0313945	-0.128926	-0.195637	-0.21334	-0.18306	-0.101174	0.0306035	0.192353	0.357353	0.501265	0.597141	0.653375	0.689346	0.708877	0.721655	0.734032	0.742991	0.760971	0.780698	0.793543	0.798281	0.787232	0.754903	0.703533	0.633883	0.549844	0.469888	0.381299	0.292184	0.219948	0.156153	0.102823	0.0666125	0.0423329	0.0256858	0.0322413	0.0602966	0.102692	0.146494	0.185197	0.228766	0.256941	0.265345	0.267269	0.265395	0.262626	0.256456	0.252934	0.254581	0.254581	
0.0598907	-0.0320947	-0.0898304	-0.0984566	-0.0515392	0.0480203	0.191851	0.357353	0.51764	0.659133	0.753249	0.807036	0.833264	0.848421	0.869283	0.88352	0.886657	0.891546	0.886442	0.867162	0.846334	0.809307	0.73626	0.648674	0.55764	0.45814	0.367173	0.28286	0.205852	0.14138	0.0867844	0.0420422	0.0124074	-0.00502697	-0.0111975	0.00152349	0.0289978	0.0707247	0.107263	0.139135	0.178505	0.195679	0.190419	0.183671	0.17538	0.158592	0.13891	0.130432	0.128114	0.128114	
0.132346	0.0450524	-0.00342137	-0.00331433	0.0621228	0.18195	0.33951	0.501265	0.659133	0.792317	0.878497	0.930512	0.956755	0.973847	0.986625	0.991102	0.979103	0.956127	0.927189	0.889637	0.833025	0.748707	0.645164	0.53926	0.435648	0.336411	0.244568	0.161014	0.0933151	0.0427551	0.00795476	-0.0241541	-0.0442392	-0.0448258	-0.0369745	-0.0174699	0.0086287	0.0417379	0.0691997	0.0888081	0.113872	0.12341	0.114787	0.106607	0.095017	0.0715229	0.0449492	0.0282685	0.0210162	0.0210162	
0.183805	0.0955904	0.0443414	0.0560821	0.136229	0.274292	0.437468	0.597141	0.753249	0.878497	0.965116	1.02055	1.04798	1.06056	1.05986	1.04614	1.01506	0.967268	0.90878	0.844276	0.754741	0.637365	0.517006	0.400049	0.29379	0.199834	0.112272	0.0398627	-0.0206961	-0.061903	-0.0771227	-0.0940982	-0.0994013	-0.0800951	-0.0538035	-0.0277366	-0.0083022	0.0166081	0.0388639	0.0441993	0.0493463	0.0524928	0.0455262	0.035435	0.0202861	-0.00170005	-0.0254111	-0.0456522	-0.0554591	-0.0554591	
0.216512	0.124633	0.0749167	0.0973053	0.183257	0.325205	0.490494	0.653375	0.807036	0.930512	1.02055	1.07869	1.10082	1.09812	1.08108	1.04586	0.988173	0.914191	0.822488	0.722559	0.609389	0.486494	0.367059	0.254974	0.156922	0.0656328	-0.00755189	-0.0615899	-0.111757	-0.143911	-0.151093	-0.15096	-0.14424	-0.115384	-0.0722396	-0.0382865	-0.0198732	-0.00554032	0.0105306	0.00811125	-0.00988709	-0.0150127	-0.0195629	-0.0341138	-0.0487026	-0.0611214	-0.0726356	-0.0859081	-0.0932033	-0.0932033	
0.210671	0.119843	0.0773526	0.111113	0.206102	0.354019	0.526332	0.689346	0.833264	0.956755	1.04798	1.10082	1.12198	1.10751	1.06585	0.996746	0.905449	0.805533	0.689065	0.559422	0.430801	0.312098	0.199161	0.105364	0.0233904	-0.0541034	-0.110153	-0.155179	-0.188793	-0.205641	-0.202553	-0.180183	-0.15352	-0.120581	-0.0793163	-0.0453214	-0.0335796	-0.0321124	-0.0235797	-0.0336426	-0.0618658	-0.0742002	-0.0837924	-0.09965	-0.10931	-0.107899	-0.0997018	-0.0965192	-0.0941978	-0.0941978	
0.161588	0.0759421	0.048614	0.0940698	0.206621	0.369	0.547729	0.708877	0.848421	0.973847	1.06056	1.09812	1.10751	1.08048	1.01007	0.90763	0.788483	0.66482	0.534271	0.39256	0.256842	0.140654	0.040441	-0.0360886	-0.10642	-0.165247	-0.206623	-0.239404	-0.246594	-0.239858	-0.223412	-0.186428	-0.140221	-0.104434	-0.0778648	-0.0552291	-0.050899	-0.0574912	-0.0624303	-0.0772179	-0.102157	-0.12048	-0.132611	-0.145824	-0.14897	-0.135011	-0.11608	-0.100641	-0.0886893	-0.0886893	
0.0856591	0.015702	0.00223247	0.0603955	0.192938	0.365646	0.548082	0.721655	0.869283	0.986625	1.05986	1.08108	1.06585	1.01007	0.902394	0.776415	0.6507	0.516492	0.373698	0.228411	0.0986823	-0.0034594	-0.0837749	-0.157332	-0.227017	-0.265047	-0.281084	-0.287219	-0.270773	-0.246116	-0.211684	-0.168854	-0.130643	-0.103885	-0.0883371	-0.077878	-0.0769664	-0.0821424	-0.0949776	-0.113115	-0.12624	-0.141867	-0.156304	-0.159752	-0.155092	-0.142807	-0.128699	-0.116666	-0.105316	-0.105316	
0.00747532	-0.0450746	-0.0449895	0.0302991	0.176442	0.356761	0.549648	0.734032	0.88352	0.991102	1.04614	1.04586	0.996746	0.90763	0.776415	0.631686	0.489478	0.350145	0.212764	0.0819177	-0.0349643	-0.12728	-0.194283	-0.256147	-0.306219	-0.327619	-0.323056	-0.299466	-0.263715	-0.226703	-0.187117	-0.146311	-0.121046	-0.113363	-0.109252	-0.10568	-0.108562	-0.113392	-0.123049	-0.139149	-0.142184	-0.144479	-0.15719	-0.152428	-0.140948	-0.139224	-0.138127	-0.137617	-0.133618	-0.133618	
-0.0645969	-0.0937291	-0.0701788	0.0206357	0.17592	0.366427	0.565262	0.742991	0.886657	0.979103	1.01506	0.988173	0.905449	0.788483	0.6507	0.489478	0.326147	0.185281	0.0581203	-0.0577362	-0.155291	-0.227895	-0.286782	-0.325719	-0.342364	-0.345786	-0.330122	-0.290019	-0.240805	-0.200722	-0.165603	-0.133889	-0.116037	-0.114934	-0.119259	-0.125833	-0.132773	-0.139945	-0.150918	-0.160038	-0.157011	-0.148264	-0.149229	-0.141191	-0.128024	-0.133066	-0.14233	-0.148424	-0.152055	-0.152055	
-0.128217	-0.130234	-0.0746737	0.036621	0.201124	0.397105	0.590424	0.760971	0.891546	0.956127	0.967268	0.914191	0.805533	0.66482	0.516492	0.350145	0.185281	0.0410976	-0.0832772	-0.186353	-0.261382	-0.30975	-0.346988	-0.360688	-0.355541	-0.335091	-0.305374	-0.259661	-0.215386	-0.18392	-0.150187	-0.127436	-0.118175	-0.119158	-0.121037	-0.132901	-0.149083	-0.159382	-0.170973	-0.170383	-0.164237	-0.151829	-0.138751	-0.134395	-0.12768	-0.132755	-0.144278	-0.148532	-0.154921	-0.154921	
-0.173209	-0.152441	-0.0638042	0.0667699	0.237298	0.431654	0.62048	0.780698	0.886442	0.927189	0.90878	0.822488	0.689065	0.534271	0.373698	0.212764	0.0581203	-0.0832772	-0.192482	-0.268887	-0.325536	-0.364517	-0.381598	-0.373072	-0.348418	-0.308149	-0.265958	-0.227	-0.191763	-0.165034	-0.142988	-0.128464	-0.126368	-0.128264	-0.12779	-0.140297	-0.15888	-0.172231	-0.176023	-0.167082	-0.160203	-0.148089	-0.130306	-0.12754	-0.134351	-0.138217	-0.142784	-0.149594	-0.152451	-0.152451	
-0.186139	-0.146176	-0.0390929	0.104582	0.275459	0.464622	0.650226	0.793543	0.867162	0.889637	0.844276	0.722559	0.559422	0.39256	0.228411	0.0819177	-0.0577362	-0.186353	-0.268887	-0.316113	-0.355471	-0.389234	-0.391337	-0.36486	-0.324446	-0.274709	-0.228825	-0.194207	-0.16012	-0.138741	-0.138319	-0.135142	-0.138149	-0.146246	-0.151204	-0.157681	-0.16806	-0.174347	-0.159429	-0.149385	-0.14783	-0.138042	-0.130212	-0.129294	-0.140482	-0.144684	-0.140779	-0.147403	-0.149761	-0.149761	
-0.167873	-0.115238	0.00283003	0.152285	0.321797	0.504271	0.674408	0.798281	0.846334	0.833025	0.754741	0.609389	0.430801	0.256842	0.0986823	-0.0349643	-0.155291	-0.261382	-0.325536	-0.355471	-0.375401	-0.387426	-0.371054	-0.333796	-0.285617	-0.234517	-0.194574	-0.165532	-0.139884	-0.125998	-0.132073	-0.138217	-0.151305	-0.168391	-0.174114	-0.174254	-0.169586	-0.160669	-0.141344	-0.12805	-0.133345	-0.137812	-0.136311	-0.140046	-0.148211	-0.14527	-0.138572	-0.140535	-0.141551	-0.141551	
-0.133303	-0.0699843	0.0524122	0.203363	0.37691	0.55198	0.693925	0.787232	0.809307	0.748707	0.637365	0.486494	0.312098	0.140654	-0.0034594	-0.12728	-0.227895	-0.30975	-0.364517	-0.389234	-0.387426	-0.364238	-0.329791	-0.285124	-0.238436	-0.194262	-0.16651	-0.147572	-0.137226	-0.134816	-0.132962	-0.142499	-0.162076	-0.176868	-0.178745	-0.177365	-0.162751	-0.142209	-0.132122	-0.120342	-0.125252	-0.140544	-0.143863	-0.150526	-0.151559	-0.144378	-0.138581	-0.130767	-0.130022	-0.130022	
-0.0870464	-0.0184199	0.103674	0.261303	0.435844	0.594744	0.706464	0.754903	0.73626	0.645164	0.517006	0.367059	0.199161	0.040441	-0.0837749	-0.194283	-0.286782	-0.346988	-0.381598	-0.391337	-0.371054	-0.329791	-0.28438	-0.234606	-0.187465	-0.162583	-0.154091	-0.140524	-0.13825	-0.146449	-0.153576	-0.162214	-0.166036	-0.167655	-0.166463	-0.160904	-0.145744	-0.133231	-0.134083	-0.130381	-0.129418	-0.137046	-0.144848	-0.150194	-0.146131	-0.143929	-0.13999	-0.126408	-0.122386	-0.122386	
-0.0283574	0.0428696	0.161579	0.316928	0.479292	0.609745	0.689268	0.703533	0.648674	0.53926	0.400049	0.254974	0.105364	-0.0360886	-0.157332	-0.256147	-0.325719	-0.360688	-0.373072	-0.36486	-0.333796	-0.285124	-0.234606	-0.197885	-0.16388	-0.147092	-0.142271	-0.139104	-0.144942	-0.155258	-0.170674	-0.174393	-0.166778	-0.158634	-0.150886	-0.141057	-0.128377	-0.128718	-0.142028	-0.146888	-0.137203	-0.135319	-0.141637	-0.136694	-0.132191	-0.136893	-0.137307	-0.131391	-0.128051	-0.128051	
0.0491501	0.115694	0.224421	0.361656	0.500094	0.59962	0.644255	0.633883	0.55764	0.435648	0.29379	0.156922	0.0233904	-0.10642	-0.227017	-0.306219	-0.342364	-0.355541	-0.348418	-0.324446	-0.285617	-0.238436	-0.187465	-0.16388	-0.15586	-0.1446	-0.136885	-0.138435	-0.15015	-0.163181	-0.176403	-0.178147	-0.166986	-0.153321	-0.142361	-0.131008	-0.121427	-0.125094	-0.141524	-0.148082	-0.13899	-0.139568	-0.13953	-0.128533	-0.123505	-0.126342	-0.131433	-0.134411	-0.137483	-0.137483	
0.132924	0.183883	0.276954	0.38758	0.493048	0.566839	0.587356	0.549844	0.45814	0.336411	0.199834	0.0656328	-0.0541034	-0.165247	-0.265047	-0.327619	-0.345786	-0.335091	-0.308149	-0.274709	-0.234517	-0.194262	-0.162583	-0.147092	-0.1446	-0.142628	-0.144184	-0.154731	-0.160521	-0.164436	-0.173096	-0.171783	-0.153684	-0.137401	-0.135906	-0.131464	-0.125868	-0.130495	-0.140467	-0.14152	-0.138822	-0.144359	-0.134649	-0.121954	-0.121185	-0.117669	-0.123537	-0.136685	-0.143779	-0.143779	
0.209934	0.242392	0.310311	0.397416	0.470607	0.518131	0.524001	0.469888	0.367173	0.244568	0.112272	-0.00755189	-0.110153	-0.206623	-0.281084	-0.323056	-0.330122	-0.305374	-0.265958	-0.228825	-0.194574	-0.16651	-0.154091	-0.142271	-0.136885	-0.144184	-0.15129	-0.166169	-0.172798	-0.167634	-0.162453	-0.150525	-0.134126	-0.126777	-0.133809	-0.136011	-0.137042	-0.142321	-0.136599	-0.130449	-0.135221	-0.136786	-0.127627	-0.124778	-0.127402	-0.124339	-0.12379	-0.12885	-0.135276	-0.135276	
0.26531	0.286877	0.331366	0.396451	0.439708	0.458378	0.442694	0.381299	0.28286	0.161014	0.0398627	-0.0615899	-0.155179	-0.239404	-0.287219	-0.299466	-0.290019	-0.259661	-0.227	-0.194207	-0.165532	-0.147572	-0.140524	-0.139104	-0.138435	-0.154731	-0.166169	-0.169422	-0.175331	-0.166173	-0.148194	-0.13557	-0.130725	-0.12858	-0.129364	-0.132692	-0.138598	-0.144177	-0.134626	-0.126171	-0.131889	-0.127932	-0.120455	-0.12742	-0.135632	-0.135237	-0.128515	-0.12155	-0.119638	-0.119638	
0.297236	0.309883	0.335449	0.370026	0.389041	0.390149	0.358774	0.292184	0.205852	0.0933151	-0.0206961	-0.111757	-0.188793	-0.246594	-0.270773	-0.263715	-0.240805	-0.215386	-0.191763	-0.16012	-0.139884	-0.137226	-0.13825	-0.144942	-0.15015	-0.160521	-0.172798	-0.175331	-0.173446	-0.155982	-0.130669	-0.128535	-0.133359	-0.128429	-0.128049	-0.134046	-0.14031	-0.139818	-0.133167	-0.127859	-0.124339	-0.120088	-0.118703	-0.125572	-0.135779	-0.137504	-0.130386	-0.121646	-0.113735	-0.113735	
0.318563	0.319014	0.329757	0.337512	0.337179	0.320696	0.284275	0.219948	0.14138	0.0427551	-0.061903	-0.143911	-0.205641	-0.239858	-0.246116	-0.226703	-0.200722	-0.18392	-0.165034	-0.138741	-0.125998	-0.134816	-0.146449	-0.155258	-0.163181	-0.164436	-0.167634	-0.166173	-0.155982	-0.140417	-0.122381	-0.127817	-0.135487	-0.132077	-0.135304	-0.138545	-0.14039	-0.135044	-0.129146	-0.126809	-0.117908	-0.115627	-0.123866	-0.126619	-0.12556	-0.127787	-0.127638	-0.124052	-0.121071	-0.121071	
0.323466	0.31371	0.312923	0.305793	0.287309	0.252591	0.210704	0.156153	0.0867844	0.00795476	-0.0771227	-0.151093	-0.202553	-0.223412	-0.211684	-0.187117	-0.165603	-0.150187	-0.142988	-0.138319	-0.132073	-0.132962	-0.153576	-0.170674	-0.176403	-0.173096	-0.162453	-0.148194	-0.130669	-0.122381	-0.121744	-0.131734	-0.139458	-0.140401	-0.141601	-0.137821	-0.132088	-0.121938	-0.121547	-0.126605	-0.120457	-0.123828	-0.134429	-0.128193	-0.115174	-0.113349	-0.119696	-0.126029	-0.128529	-0.128529	
0.307472	0.282649	0.272119	0.261821	0.238526	0.199153	0.153393	0.102823	0.0420422	-0.0241541	-0.0940982	-0.15096	-0.180183	-0.186428	-0.168854	-0.146311	-0.133889	-0.127436	-0.128464	-0.135142	-0.138217	-0.142499	-0.162214	-0.174393	-0.178147	-0.171783	-0.150525	-0.13557	-0.128535	-0.127817	-0.131734	-0.137623	-0.136968	-0.135331	-0.136373	-0.131177	-0.123041	-0.112363	-0.114208	-0.126597	-0.127465	-0.129505	-0.13744	-0.131211	-0.116913	-0.112909	-0.117266	-0.121075	-0.121534	-0.121534	
0.277031	0.240811	0.226897	0.222678	0.203742	0.162286	0.115063	0.0666125	0.0124074	-0.0442392	-0.0994013	-0.14424	-0.15352	-0.140221	-0.130643	-0.121046	-0.116037	-0.118175	-0.126368	-0.138149	-0.151305	-0.162076	-0.166036	-0.166778	-0.166986	-0.153684	-0.134126	-0.130725	-0.133359	-0.135487	-0.139458	-0.136968	-0.133095	-0.132924	-0.131029	-0.126035	-0.120789	-0.116754	-0.11803	-0.129704	-0.133027	-0.123203	-0.120552	-0.119352	-0.11674	-0.117239	-0.120168	-0.124238	-0.12107	-0.12107	
0.243529	0.202897	0.187176	0.189133	0.180213	0.143618	0.090706	0.0423329	-0.00502697	-0.0448258	-0.0800951	-0.115384	-0.120581	-0.104434	-0.103885	-0.113363	-0.114934	-0.119158	-0.128264	-0.146246	-0.168391	-0.176868	-0.167655	-0.158634	-0.153321	-0.137401	-0.126777	-0.12858	-0.128429	-0.132077	-0.140401	-0.135331	-0.132924	-0.134122	-0.124966	-0.12366	-0.126291	-0.126417	-0.124309	-0.126699	-0.129442	-0.114366	-0.10621	-0.114115	-0.119807	-0.121907	-0.122302	-0.122768	-0.121045	-0.121045	
0.202245	0.166822	0.154796	0.157583	0.158879	0.133875	0.0789141	0.0256858	-0.0111975	-0.0369745	-0.0538035	-0.0722396	-0.0793163	-0.0778648	-0.0883371	-0.109252	-0.119259	-0.121037	-0.12779	-0.151204	-0.174114	-0.178745	-0.166463	-0.150886	-0.142361	-0.135906	-0.133809	-0.129364	-0.128049	-0.135304	-0.141601	-0.136373	-0.131029	-0.124966	-0.112971	-0.11701	-0.126168	-0.130867	-0.127306	-0.120707	-0.12254	-0.114059	-0.111823	-0.123775	-0.126679	-0.125468	-0.120085	-0.112252	-0.112214	-0.112214	
0.157083	0.136126	0.139066	0.144278	0.144509	0.127328	0.0838533	0.0322413	0.00152349	-0.0174699	-0.0277366	-0.0382865	-0.0453214	-0.0552291	-0.077878	-0.10568	-0.125833	-0.132901	-0.140297	-0.157681	-0.174254	-0.177365	-0.160904	-0.141057	-0.131008	-0.131464	-0.136011	-0.132692	-0.134046	-0.138545	-0.137821	-0.131177	-0.126035	-0.12366	-0.11701	-0.116504	-0.121161	-0.12847	-0.127728	-0.116668	-0.114917	-0.119716	-0.12189	-0.120607	-0.121117	-0.121359	-0.11699	-0.114601	-0.11288	-0.11288	
0.131846	0.117124	0.129514	0.140911	0.144235	0.133926	0.102316	0.0602966	0.0289978	0.0086287	-0.0083022	-0.0198732	-0.0335796	-0.050899	-0.0769664	-0.108562	-0.132773	-0.149083	-0.15888	-0.16806	-0.169586	-0.162751	-0.145744	-0.128377	-0.121427	-0.125868	-0.137042	-0.138598	-0.14031	-0.14039	-0.132088	-0.123041	-0.120789	-0.126291	-0.126168	-0.121161	-0.120312	-0.126975	-0.125254	-0.110566	-0.112443	-0.125436	-0.122617	-0.112326	-0.110189	-0.1148	-0.118508	-0.119419	-0.120408	-0.120408	
0.125975	0.12109	0.124865	0.135774	0.150307	0.150611	0.131775	0.102692	0.0707247	0.0417379	0.0166081	-0.00554032	-0.0321124	-0.0574912	-0.0821424	-0.113392	-0.139945	-0.159382	-0.172231	-0.174347	-0.160669	-0.142209	-0.133231	-0.128718	-0.125094	-0.130495	-0.142321	-0.144177	-0.139818	-0.135044	-0.121938	-0.112363	-0.116754	-0.126417	-0.130867	-0.12847	-0.126975	-0.122592	-0.11317	-0.108188	-0.11566	-0.125643	-0.121731	-0.115418	-0.113243	-0.112766	-0.114784	-0.11595	-0.120606	-0.120606	
0.114086	0.13395	0.141259	0.149081	0.167388	0.178991	0.171066	0.146494	0.107263	0.0691997	0.0388639	0.0105306	-0.0235797	-0.0624303	-0.0949776	-0.123049	-0.150918	-0.170973	-0.176023	-0.159429	-0.141344	-0.132122	-0.134083	-0.142028	-0.141524	-0.140467	-0.136599	-0.134626	-0.133167	-0.129146	-0.121547	-0.114208	-0.11803	-0.124309	-0.127306	-0.127728	-0.125254	-0.11317	-0.110608	-0.121312	-0.119787	-0.117599	-0.1168	-0.118829	-0.12253	-0.11285	-0.10792	-0.114043	-0.117869	-0.117869	
0.106193	0.151805	0.181658	0.192307	0.20294	0.21192	0.207132	0.185197	0.139135	0.0888081	0.0441993	0.00811125	-0.0336426	-0.0772179	-0.113115	-0.139149	-0.160038	-0.170383	-0.167082	-0.149385	-0.12805	-0.120342	-0.130381	-0.146888	-0.148082	-0.14152	-0.130449	-0.126171	-0.127859	-0.126809	-0.126605	-0.126597	-0.129704	-0.126699	-0.120707	-0.116668	-0.110566	-0.108188	-0.121312	-0.132179	-0.121448	-0.110772	-0.108925	-0.115674	-0.121043	-0.115109	-0.112781	-0.114247	-0.115254	-0.115254	
0.126213	0.18739	0.226429	0.244756	0.247485	0.248001	0.246941	0.228766	0.178505	0.113872	0.0493463	-0.00988709	-0.0618658	-0.102157	-0.12624	-0.142184	-0.157011	-0.164237	-0.160203	-0.14783	-0.133345	-0.125252	-0.129418	-0.137203	-0.13899	-0.138822	-0.135221	-0.131889	-0.124339	-0.117908	-0.120457	-0.127465	-0.133027	-0.129442	-0.12254	-0.114917	-0.112443	-0.11566	-0.119787	-0.121448	-0.116434	-0.113616	-0.111782	-0.110328	-0.113861	-0.120552	-0.121945	-0.113492	-0.108955	-0.108955	
0.156119	0.229142	0.272996	0.297564	0.303008	0.301697	0.291267	0.256941	0.195679	0.12341	0.0524928	-0.0150127	-0.0742002	-0.12048	-0.141867	-0.144479	-0.148264	-0.151829	-0.148089	-0.138042	-0.137812	-0.140544	-0.137046	-0.135319	-0.139568	-0.144359	-0.136786	-0.127932	-0.120088	-0.115627	-0.123828	-0.129505	-0.123203	-0.114366	-0.114059	-0.119716	-0.125436	-0.125643	-0.117599	-0.110772	-0.113616	-0.121261	-0.117524	-0.106667	-0.108677	-0.117698	-0.119631	-0.115146	-0.109805	-0.109805	
0.183017	0.279555	0.339704	0.370369	0.373817	0.359638	0.326671	0.265345	0.190419	0.114787	0.0455262	-0.0195629	-0.0837924	-0.132611	-0.156304	-0.15719	-0.149229	-0.138751	-0.130306	-0.130212	-0.136311	-0.143863	-0.144848	-0.141637	-0.13953	-0.134649	-0.127627	-0.120455	-0.118703	-0.123866	-0.134429	-0.13744	-0.120552	-0.10621	-0.111823	-0.12189	-0.122617	-0.121731	-0.1168	-0.108925	-0.111782	-0.117524	-0.12048	-0.118391	-0.11247	-0.110231	-0.110376	-0.113241	-0.115545	-0.115545	
0.206162	0.333917	0.417698	0.458302	0.447505	0.407244	0.349598	0.267269	0.183671	0.106607	0.035435	-0.0341138	-0.09965	-0.145824	-0.159752	-0.152428	-0.141191	-0.134395	-0.12754	-0.129294	-0.140046	-0.150526	-0.150194	-0.136694	-0.128533	-0.121954	-0.124778	-0.12742	-0.125572	-0.126619	-0.128193	-0.131211	-0.119352	-0.114115	-0.123775	-0.120607	-0.112326	-0.115418	-0.118829	-0.115674	-0.110328	-0.106667	-0.118391	-0.126266	-0.115295	-0.107149	-0.106966	-0.112474	-0.118238	-0.118238	
0.233315	0.389564	0.494817	0.537231	0.515918	0.453247	0.366677	0.265395	0.17538	0.095017	0.0202861	-0.0487026	-0.10931	-0.14897	-0.155092	-0.140948	-0.128024	-0.12768	-0.134351	-0.140482	-0.148211	-0.151559	-0.146131	-0.132191	-0.123505	-0.121185	-0.127402	-0.135632	-0.135779	-0.12556	-0.115174	-0.116913	-0.11674	-0.119807	-0.126679	-0.121117	-0.110189	-0.113243	-0.12253	-0.121043	-0.113861	-0.108677	-0.11247	-0.115295	-0.112644	-0.111375	-0.11183	-0.11525	-0.1136	-0.1136	
0.266509	0.452315	0.566849	0.606241	0.57545	0.493202	0.382791	0.262626	0.158592	0.0715229	-0.00170005	-0.0611214	-0.107899	-0.135011	-0.142807	-0.139224	-0.133066	-0.132755	-0.138217	-0.144684	-0.14527	-0.144378	-0.143929	-0.136893	-0.126342	-0.117669	-0.124339	-0.135237	-0.137504	-0.127787	-0.113349	-0.112909	-0.117239	-0.121907	-0.125468	-0.121359	-0.1148	-0.112766	-0.11285	-0.115109	-0.120552	-0.117698	-0.110231	-0.107149	-0.111375	-0.118448	-0.117609	-0.11248	-0.107593	-0.107593	
0.288823	0.506136	0.630717	0.666887	0.623773	0.521897	0.390445	0.256456	0.13891	0.0449492	-0.0254111	-0.0726356	-0.0997018	-0.11608	-0.128699	-0.138127	-0.14233	-0.144278	-0.142784	-0.140779	-0.138572	-0.138581	-0.13999	-0.137307	-0.131433	-0.123537	-0.12379	-0.128515	-0.130386	-0.127638	-0.119696	-0.117266	-0.120168	-0.122302	-0.120085	-0.11699	-0.118508	-0.114784	-0.10792	-0.112781	-0.121945	-0.119631	-0.110376	-0.106966	-0.11183	-0.117609	-0.115817	-0.110714	-0.110328	-0.110328	
0.301732	0.544448	0.682504	0.711507	0.65874	0.541459	0.391662	0.252934	0.130432	0.0282685	-0.0456522	-0.0859081	-0.0965192	-0.100641	-0.116666	-0.137617	-0.148424	-0.148532	-0.149594	-0.147403	-0.140535	-0.130767	-0.126408	-0.131391	-0.134411	-0.136685	-0.12885	-0.12155	-0.121646	-0.124052	-0.126029	-0.121075	-0.124238	-0.122768	-0.112252	-0.114601	-0.119419	-0.11595	-0.114043	-0.114247	-0.113492	-0.115146	-0.113241	-0.112474	-0.11525	-0.11248	-0.110714	-0.112205	-0.112845	-0.112845	
0.307988	0.56469	0.707046	0.735341	0.674118	0.546877	0.393191	0.254581	0.128114	0.0210162	-0.0554591	-0.0932033	-0.0941978	-0.0886893	-0.105316	-0.133618	-0.152055	-0.154921	-0.152451	-0.149761	-0.141551	-0.130022	-0.122386	-0.128051	-0.137483	-0.143779	-0.135276	-0.119638	-0.113735	-0.121071	-0.128529	-0.121534	-0.12107	-0.121045	-0.112214	-0.11288	-0.120408	-0.120606	-0.117869	-0.115254	-0.108955	-0.109805	-0.115545	-0.118238	-0.1136	-0.107593	-0.110328	-0.112845	-0.114754	-0.114754	
0.307988	0.56469	0.707046	0.735341	0.674118	0.546877	0.393191	0.254581	0.128114	0.0210162	-0.0554591	-0.0932033	-0.0941978	-0.0886893	-0.105316	-0.133618	-0.152055	-0.154921	-0.152451	-0.149761	-0.141551	-0.130022	-0.122386	-0.128051	-0.137483	-0.143779	-0.135276	-0.119638	-0.113735	-0.121071	-0.128529	-0.121534	-0.12107	-0.121045	-0.112214	-0.11288	-0.120408	-0.120606	-0.117869	-0.115254	-0.108955	-0.109805	-0.115545	-0.118238	-0.1136	-0.107593	-0.110328	-0.112845	-0.114754	-0.114754	
