-0.227245	-0.227245	-0.199461	-0.203227	-0.217249	-0.222535	-0.214955	-0.216527	-0.235291	-0.235303	-0.229436	-0.227655	-0.242633	-0.266474	-0.269724	-0.253299	-0.260096	-0.296671	-0.337534	-0.363747	-0.362297	-0.335787	-0.327339	-0.384832	-0.504379	-0.671414	-0.872731	-1.05988	-1.17659	-1.18747	-1.09886	-0.899165	-0.584856	-0.175858	0.266764	0.691094	1.0721	1.39186	1.62398	1.71768	1.65582	1.44403	1.14502	0.820289	0.528412	0.300571	0.139749	0.0361559	-0.0216402	-0.058441	
-0.227245	-0.227245	-0.199461	-0.203227	-0.217249	-0.222535	-0.214955	-0.216527	-0.235291	-0.235303	-0.229436	-0.227655	-0.242633	-0.266474	-0.269724	-0.253299	-0.260096	-0.296671	-0.337534	-0.363747	-0.362297	-0.335787	-0.327339	-0.384832	-0.504379	-0.671414	-0.872731	-1.05988	-1.17659	-1.18747	-1.09886	-0.899165	-0.584856	-0.175858	0.266764	0.691094	1.0721	1.39186	1.62398	1.71768	1.65582	1.44403	1.14502	0.820289	0.528412	0.300571	0.139749	0.0361559	-0.0216402	-0.058441	
-0.199461	-0.199461	-0.215262	-0.227314	-0.219859	-0.215124	-0.21233	-0.216945	-0.227807	-0.228745	-0.230937	-0.237086	-0.254003	-0.264995	-0.268204	-0.262454	-0.27003	-0.300214	-0.328925	-0.351976	-0.351484	-0.336863	-0.341632	-0.400934	-0.516476	-0.679314	-0.866752	-1.04225	-1.14749	-1.1588	-1.06654	-0.866957	-0.556955	-0.158546	0.272722	0.692037	1.0677	1.38245	1.60531	1.69518	1.63226	1.42998	1.13726	0.821989	0.533049	0.303317	0.143534	0.035206	-0.0231627	-0.0571797	
-0.203227	-0.203227	-0.227314	-0.220136	-0.203996	-0.211414	-0.230286	-0.226546	-0.218567	-0.231018	-0.234793	-0.245997	-0.25072	-0.25055	-0.259438	-0.272922	-0.287269	-0.304607	-0.324883	-0.337728	-0.347044	-0.351257	-0.381358	-0.44093	-0.551824	-0.699629	-0.865422	-1.01154	-1.10118	-1.10665	-1.0108	-0.811282	-0.50986	-0.135707	0.277344	0.680592	1.04789	1.34902	1.55439	1.63798	1.57483	1.39195	1.11919	0.822396	0.547363	0.321206	0.159202	0.0525237	-0.0177093	-0.0499066	
-0.217249	-0.217249	-0.219859	-0.203996	-0.210671	-0.221919	-0.232001	-0.234108	-0.220464	-0.227607	-0.239609	-0.251685	-0.243234	-0.240205	-0.255808	-0.285522	-0.306846	-0.308512	-0.317294	-0.32527	-0.342478	-0.379525	-0.432624	-0.497975	-0.599172	-0.725476	-0.859046	-0.966034	-1.03379	-1.02938	-0.928369	-0.730503	-0.444374	-0.101759	0.283138	0.665988	1.01689	1.2991	1.4815	1.55387	1.49739	1.33512	1.09597	0.821551	0.565298	0.34668	0.180235	0.0743141	-0.00340191	-0.042337	
-0.222535	-0.222535	-0.215124	-0.211414	-0.221919	-0.221153	-0.220738	-0.227854	-0.220609	-0.229816	-0.256032	-0.25993	-0.248855	-0.246122	-0.263297	-0.29989	-0.316494	-0.304509	-0.299725	-0.306811	-0.3359	-0.408827	-0.480579	-0.557022	-0.642758	-0.744833	-0.834959	-0.901346	-0.940777	-0.922545	-0.816708	-0.621663	-0.361065	-0.0507845	0.295618	0.655957	0.982504	1.23955	1.39953	1.45581	1.41414	1.2751	1.07369	0.82855	0.58635	0.373789	0.202022	0.0839826	0.00534907	-0.0435671	
-0.214955	-0.214955	-0.21233	-0.230286	-0.232001	-0.220738	-0.222037	-0.222422	-0.228345	-0.239432	-0.252503	-0.249974	-0.24841	-0.254458	-0.275488	-0.314277	-0.319835	-0.308195	-0.297178	-0.306951	-0.360356	-0.453629	-0.544671	-0.625777	-0.692844	-0.762143	-0.801214	-0.826511	-0.831491	-0.795009	-0.684576	-0.498602	-0.270107	0.00286244	0.305882	0.634207	0.927706	1.15278	1.28612	1.33101	1.30207	1.1986	1.03404	0.830798	0.606116	0.405678	0.234105	0.106497	0.0250134	-0.0307706	
-0.216527	-0.216527	-0.216945	-0.226546	-0.234108	-0.227854	-0.222422	-0.233799	-0.250355	-0.24493	-0.237251	-0.239421	-0.252218	-0.2666	-0.288404	-0.312579	-0.315345	-0.310212	-0.302526	-0.327564	-0.403698	-0.50765	-0.613539	-0.692227	-0.740709	-0.766445	-0.757585	-0.740585	-0.708716	-0.651219	-0.536914	-0.370507	-0.17496	0.0544758	0.314879	0.600099	0.85507	1.04436	1.15181	1.19273	1.17891	1.1163	0.99375	0.831072	0.633308	0.441778	0.273807	0.139035	0.049755	-0.0137544	
-0.235291	-0.235291	-0.227807	-0.218567	-0.220464	-0.220609	-0.228345	-0.250355	-0.256204	-0.244772	-0.240907	-0.252772	-0.27194	-0.289083	-0.297736	-0.297299	-0.303334	-0.303693	-0.31169	-0.358061	-0.448078	-0.556949	-0.668304	-0.740397	-0.768236	-0.745284	-0.698228	-0.636701	-0.571043	-0.489402	-0.377356	-0.237786	-0.0755078	0.107589	0.326592	0.558666	0.773185	0.924084	1.01417	1.05557	1.06552	1.04112	0.966082	0.836848	0.667901	0.48022	0.309164	0.165956	0.0615539	-0.00818488	
-0.235303	-0.235303	-0.228745	-0.231018	-0.227607	-0.229816	-0.239432	-0.24493	-0.244772	-0.24287	-0.249421	-0.264453	-0.291978	-0.308973	-0.300575	-0.290127	-0.300306	-0.318581	-0.348993	-0.416338	-0.508728	-0.613309	-0.71554	-0.775239	-0.769729	-0.705258	-0.618665	-0.517801	-0.415656	-0.313849	-0.210769	-0.101332	0.0232355	0.163206	0.331054	0.507489	0.670649	0.787505	0.862055	0.909966	0.944995	0.958203	0.926502	0.834859	0.690451	0.515449	0.343711	0.194086	0.0820609	0.00555688	
-0.229436	-0.229436	-0.230937	-0.234793	-0.239609	-0.256032	-0.252503	-0.237251	-0.240907	-0.249421	-0.254339	-0.274187	-0.305051	-0.30864	-0.295919	-0.287721	-0.310229	-0.352484	-0.410224	-0.490745	-0.578037	-0.667394	-0.752352	-0.786602	-0.746612	-0.646986	-0.524304	-0.387899	-0.252053	-0.13826	-0.0500933	0.027268	0.113233	0.209447	0.321209	0.436927	0.548723	0.634409	0.702742	0.762285	0.824628	0.875186	0.883363	0.828417	0.711948	0.548277	0.383986	0.228675	0.110922	0.0288908	
-0.227655	-0.227655	-0.237086	-0.245997	-0.251685	-0.25993	-0.249974	-0.239421	-0.252772	-0.264453	-0.274187	-0.296881	-0.303486	-0.296473	-0.290038	-0.291334	-0.329332	-0.396134	-0.479086	-0.563984	-0.63893	-0.7099	-0.766997	-0.76826	-0.699921	-0.570647	-0.419341	-0.249355	-0.0907513	0.0260477	0.0959244	0.139844	0.190224	0.237356	0.292942	0.34572	0.411209	0.475254	0.545122	0.625288	0.716924	0.80229	0.851486	0.827458	0.739163	0.588877	0.422441	0.266107	0.134449	0.0420715	
-0.242633	-0.242633	-0.254003	-0.25072	-0.243234	-0.248855	-0.24841	-0.252218	-0.27194	-0.291978	-0.305051	-0.303486	-0.289353	-0.288806	-0.297586	-0.313802	-0.368568	-0.458169	-0.554009	-0.631282	-0.687749	-0.734432	-0.748226	-0.717968	-0.621299	-0.472628	-0.292193	-0.0988012	0.0707703	0.182364	0.230065	0.245982	0.253872	0.254505	0.245387	0.244733	0.265694	0.319683	0.396965	0.499581	0.620799	0.736001	0.818777	0.82749	0.759325	0.627435	0.460522	0.299074	0.159399	0.0544091	
-0.266474	-0.266474	-0.264995	-0.25055	-0.240205	-0.246122	-0.254458	-0.2666	-0.289083	-0.308973	-0.30864	-0.296473	-0.288806	-0.305397	-0.332267	-0.3665	-0.438562	-0.536543	-0.625811	-0.684003	-0.719753	-0.725201	-0.694901	-0.629487	-0.513745	-0.345576	-0.143522	0.0622437	0.228704	0.329017	0.355457	0.343201	0.307007	0.255007	0.186904	0.135126	0.126507	0.173426	0.265326	0.389536	0.533883	0.675752	0.781526	0.817297	0.769004	0.64879	0.487345	0.323862	0.177561	0.070624	
-0.269724	-0.269724	-0.268204	-0.259438	-0.255808	-0.263297	-0.275488	-0.288404	-0.297736	-0.300575	-0.295919	-0.290038	-0.297586	-0.332267	-0.379399	-0.441504	-0.525315	-0.615316	-0.687796	-0.729749	-0.733639	-0.695348	-0.620362	-0.527227	-0.393313	-0.209088	0.00588291	0.208177	0.363043	0.446674	0.455712	0.410332	0.328626	0.22086	0.100464	0.00918756	-0.0202599	0.029758	0.136148	0.283385	0.44883	0.611792	0.74216	0.80147	0.775436	0.672721	0.51673	0.354798	0.20559	0.0895586	
-0.253299	-0.253299	-0.262454	-0.272922	-0.285522	-0.29989	-0.314277	-0.312579	-0.297299	-0.290127	-0.287721	-0.291334	-0.313802	-0.3665	-0.441504	-0.526139	-0.603808	-0.673671	-0.731894	-0.748612	-0.715767	-0.634065	-0.524554	-0.408887	-0.257761	-0.0647753	0.147507	0.33386	0.468721	0.537153	0.524236	0.445237	0.312379	0.155517	-0.00795899	-0.124034	-0.162028	-0.105139	0.0204992	0.186394	0.372712	0.554323	0.704799	0.790335	0.784521	0.701418	0.555531	0.393803	0.240945	0.117014	
-0.260096	-0.260096	-0.27003	-0.287269	-0.306846	-0.316494	-0.319835	-0.315345	-0.303334	-0.300306	-0.310229	-0.329332	-0.368568	-0.438562	-0.525315	-0.603808	-0.655867	-0.70368	-0.735035	-0.715928	-0.643409	-0.527419	-0.394465	-0.257049	-0.0941221	0.0942156	0.288061	0.448034	0.561618	0.610857	0.57337	0.45486	0.275037	0.0765769	-0.113	-0.240205	-0.276318	-0.207383	-0.0655338	0.11998	0.319374	0.517932	0.681701	0.786162	0.796844	0.724866	0.58403	0.418522	0.257975	0.123506	
-0.296671	-0.296671	-0.300214	-0.304607	-0.308512	-0.304509	-0.308195	-0.310212	-0.303693	-0.318581	-0.352484	-0.396134	-0.458169	-0.536543	-0.615316	-0.673671	-0.70368	-0.72071	-0.71153	-0.649372	-0.541719	-0.401177	-0.245289	-0.0858793	0.0798895	0.251117	0.415808	0.548073	0.639553	0.664484	0.597111	0.436449	0.21733	-0.0114722	-0.212136	-0.341154	-0.369968	-0.292297	-0.137347	0.0584395	0.268526	0.474206	0.650222	0.766827	0.793795	0.732752	0.599471	0.4336	0.270194	0.130857	
-0.337534	-0.337534	-0.328925	-0.324883	-0.317294	-0.299725	-0.297178	-0.302526	-0.31169	-0.348993	-0.410224	-0.479086	-0.554009	-0.625811	-0.687796	-0.731894	-0.735035	-0.71153	-0.656192	-0.557463	-0.426798	-0.265726	-0.0871694	0.0846	0.240827	0.382919	0.515817	0.621357	0.686272	0.681403	0.577619	0.380885	0.132231	-0.109968	-0.310926	-0.432295	-0.45371	-0.368332	-0.206582	-0.00348691	0.211482	0.424062	0.607012	0.738425	0.778938	0.734185	0.611492	0.45156	0.290657	0.150959	
-0.363747	-0.363747	-0.351976	-0.337728	-0.32527	-0.306811	-0.306951	-0.327564	-0.358061	-0.416338	-0.490745	-0.563984	-0.631282	-0.684003	-0.729749	-0.748612	-0.715928	-0.649372	-0.557463	-0.438303	-0.292862	-0.113697	0.0740418	0.24269	0.372715	0.481141	0.58236	0.657782	0.69035	0.647147	0.509218	0.285116	0.0242285	-0.217753	-0.40667	-0.51663	-0.527529	-0.437191	-0.269095	-0.0602366	0.160379	0.380397	0.57296	0.717014	0.776181	0.742991	0.634253	0.477193	0.316156	0.173103	
-0.362297	-0.362297	-0.351484	-0.347044	-0.342478	-0.3359	-0.360356	-0.403698	-0.448078	-0.508728	-0.578037	-0.63893	-0.687749	-0.719753	-0.733639	-0.715767	-0.643409	-0.541719	-0.426798	-0.292862	-0.131071	0.0548537	0.237748	0.384987	0.483506	0.560056	0.627775	0.668797	0.660122	0.577749	0.412991	0.175962	-0.0806038	-0.311188	-0.481713	-0.578482	-0.581299	-0.487473	-0.317289	-0.104866	0.120457	0.344556	0.54694	0.701697	0.775497	0.757725	0.656577	0.505061	0.34136	0.19098	
-0.335787	-0.335787	-0.336863	-0.351257	-0.379525	-0.408827	-0.453629	-0.50765	-0.556949	-0.613309	-0.667394	-0.7099	-0.734432	-0.725201	-0.695348	-0.634065	-0.527419	-0.401177	-0.265726	-0.113697	0.0548537	0.234105	0.392806	0.510661	0.579244	0.622513	0.653651	0.650718	0.598159	0.482765	0.302717	0.0713884	-0.171081	-0.379439	-0.532232	-0.614759	-0.612062	-0.517615	-0.346379	-0.132998	0.0946416	0.323129	0.528699	0.692829	0.775935	0.765072	0.672202	0.51815	0.351003	0.195067	
-0.327339	-0.327339	-0.341632	-0.381358	-0.432624	-0.480579	-0.544671	-0.613539	-0.668304	-0.71554	-0.752352	-0.766997	-0.748226	-0.694901	-0.620362	-0.524554	-0.394465	-0.245289	-0.0871694	0.0740418	0.237748	0.392806	0.521081	0.612764	0.651797	0.662442	0.648222	0.600061	0.508906	0.372365	0.195608	-0.0207297	-0.236561	-0.42587	-0.558536	-0.634036	-0.628059	-0.536665	-0.369241	-0.156672	0.0700346	0.298051	0.508101	0.673755	0.76618	0.761141	0.670129	0.517912	0.344936	0.181897	
-0.384832	-0.384832	-0.400934	-0.44093	-0.497975	-0.557022	-0.625777	-0.692227	-0.740397	-0.775239	-0.786602	-0.76826	-0.717968	-0.629487	-0.527227	-0.408887	-0.257049	-0.0858793	0.0846	0.24269	0.384987	0.510661	0.612764	0.678186	0.689584	0.658145	0.598485	0.508755	0.392394	0.25297	0.0903408	-0.098077	-0.290339	-0.456589	-0.578938	-0.647138	-0.644387	-0.558581	-0.396593	-0.190196	0.0344543	0.259546	0.467929	0.637788	0.733363	0.735673	0.652747	0.503762	0.336589	0.179055	
-0.504379	-0.504379	-0.516476	-0.551824	-0.599172	-0.642758	-0.692844	-0.740709	-0.768236	-0.769729	-0.746612	-0.699921	-0.621299	-0.513745	-0.393313	-0.257761	-0.0941221	0.0798895	0.240827	0.372715	0.483506	0.579244	0.651797	0.689584	0.661038	0.586635	0.483153	0.366609	0.242338	0.114253	-0.0222451	-0.183386	-0.348673	-0.500749	-0.611164	-0.679321	-0.67789	-0.598338	-0.442233	-0.237214	-0.0150117	0.212127	0.424785	0.599398	0.707727	0.720049	0.647484	0.509212	0.346282	0.191852	
-0.671414	-0.671414	-0.679314	-0.699629	-0.725476	-0.744833	-0.762143	-0.766445	-0.745284	-0.705258	-0.646986	-0.570647	-0.472628	-0.345576	-0.209088	-0.0647753	0.0942156	0.251117	0.382919	0.481141	0.560056	0.622513	0.662442	0.658145	0.586635	0.468054	0.33528	0.207021	0.091128	-0.0151128	-0.123556	-0.256159	-0.401523	-0.538464	-0.643821	-0.708262	-0.709996	-0.633604	-0.479453	-0.276499	-0.0502759	0.178519	0.397503	0.580911	0.698533	0.723644	0.662347	0.530779	0.373704	0.220589	
-0.872731	-0.872731	-0.866752	-0.865422	-0.859046	-0.834959	-0.801214	-0.757585	-0.698228	-0.618665	-0.524304	-0.419341	-0.292193	-0.143522	0.00588291	0.147507	0.288061	0.415808	0.515817	0.58236	0.627775	0.653651	0.648222	0.598485	0.483153	0.33528	0.188387	0.0666807	-0.0309007	-0.110558	-0.191991	-0.301405	-0.429179	-0.557058	-0.655684	-0.719616	-0.720972	-0.646531	-0.493818	-0.28826	-0.061358	0.172862	0.395595	0.584424	0.709651	0.739951	0.681927	0.551981	0.389959	0.229679	
-1.05988	-1.05988	-1.04225	-1.01154	-0.966034	-0.901346	-0.826511	-0.740585	-0.636701	-0.517801	-0.387899	-0.249355	-0.0988012	0.0622437	0.208177	0.33386	0.448034	0.548073	0.621357	0.657782	0.668797	0.650718	0.600061	0.508755	0.366609	0.207021	0.0666807	-0.03766	-0.109699	-0.164783	-0.223002	-0.315019	-0.431098	-0.55209	-0.648467	-0.711248	-0.714536	-0.642373	-0.490857	-0.287442	-0.0584959	0.174323	0.399323	0.58889	0.715991	0.747531	0.689784	0.555633	0.388045	0.218742	
-1.17659	-1.17659	-1.14749	-1.10118	-1.03379	-0.940777	-0.831491	-0.708716	-0.571043	-0.415656	-0.252053	-0.0907513	0.0707703	0.228704	0.363043	0.468721	0.561618	0.639553	0.686272	0.69035	0.660122	0.598159	0.508906	0.392394	0.242338	0.091128	-0.0309007	-0.109699	-0.158046	-0.190576	-0.232587	-0.311741	-0.420569	-0.537735	-0.632713	-0.696132	-0.701248	-0.631497	-0.483445	-0.281228	-0.0558761	0.175848	0.396937	0.584111	0.707153	0.734913	0.669816	0.528225	0.349384	0.167231	
-1.18747	-1.18747	-1.1588	-1.10665	-1.02938	-0.922545	-0.795009	-0.651219	-0.489402	-0.313849	-0.13826	0.0260477	0.182364	0.329017	0.446674	0.537153	0.610857	0.664484	0.681403	0.647147	0.577749	0.482765	0.372365	0.25297	0.114253	-0.0151128	-0.110558	-0.164783	-0.190576	-0.207773	-0.237247	-0.309885	-0.41415	-0.530614	-0.625706	-0.691419	-0.699004	-0.633745	-0.489118	-0.292332	-0.0708455	0.154429	0.370241	0.549581	0.666407	0.68446	0.611575	0.458903	0.269237	0.0772249	
-1.09886	-1.09886	-1.06654	-1.0108	-0.928369	-0.816708	-0.684576	-0.536914	-0.377356	-0.210769	-0.0500933	0.0959244	0.230065	0.355457	0.455712	0.524236	0.57337	0.597111	0.577619	0.509218	0.412991	0.302717	0.195608	0.0903408	-0.0222451	-0.123556	-0.191991	-0.223002	-0.232587	-0.237247	-0.260544	-0.328589	-0.432449	-0.548627	-0.646455	-0.714183	-0.726753	-0.66537	-0.527434	-0.336498	-0.122827	0.094754	0.30155	0.473103	0.579755	0.591779	0.51015	0.352594	0.159871	-0.0341958	
-0.899165	-0.899165	-0.866957	-0.811282	-0.730503	-0.621663	-0.498602	-0.370507	-0.237786	-0.101332	0.027268	0.139844	0.245982	0.343201	0.410332	0.445237	0.45486	0.436449	0.380885	0.285116	0.175962	0.0713884	-0.0207297	-0.098077	-0.183386	-0.256159	-0.301405	-0.315019	-0.311741	-0.309885	-0.328589	-0.396661	-0.499892	-0.618706	-0.717184	-0.789039	-0.802989	-0.746245	-0.61105	-0.424765	-0.215673	-0.00230668	0.200228	0.366916	0.472074	0.479341	0.39888	0.242447	0.0530277	-0.132616	
-0.584856	-0.584856	-0.556955	-0.50986	-0.444374	-0.361065	-0.270107	-0.17496	-0.0755078	0.0232355	0.113233	0.190224	0.253872	0.307007	0.328626	0.312379	0.275037	0.21733	0.132231	0.0242285	-0.0806038	-0.171081	-0.236561	-0.290339	-0.348673	-0.401523	-0.429179	-0.431098	-0.420569	-0.41415	-0.432449	-0.499892	-0.605174	-0.722991	-0.823703	-0.89383	-0.909549	-0.850941	-0.716604	-0.53068	-0.321732	-0.109426	0.0933764	0.261958	0.366688	0.380014	0.30373	0.155888	-0.020399	-0.193194	
-0.175858	-0.175858	-0.158546	-0.135707	-0.101759	-0.0507845	0.00286244	0.0544758	0.107589	0.163206	0.209447	0.237356	0.254505	0.255007	0.22086	0.155517	0.0765769	-0.0114722	-0.109968	-0.217753	-0.311188	-0.379439	-0.42587	-0.456589	-0.500749	-0.538464	-0.557058	-0.55209	-0.537735	-0.530614	-0.548627	-0.618706	-0.722991	-0.842098	-0.938786	-1.00847	-1.01794	-0.955885	-0.815782	-0.624745	-0.412327	-0.193828	0.0137071	0.186569	0.298628	0.315106	0.247421	0.109665	-0.0556874	-0.212002	
0.266764	0.266764	0.272722	0.277344	0.283138	0.295618	0.305882	0.314879	0.326592	0.331054	0.321209	0.292942	0.245387	0.186904	0.100464	-0.00795899	-0.113	-0.212136	-0.310926	-0.40667	-0.481713	-0.532232	-0.558536	-0.578938	-0.611164	-0.643821	-0.655684	-0.648467	-0.632713	-0.625706	-0.646455	-0.717184	-0.823703	-0.938786	-1.03457	-1.09683	-1.10171	-1.03071	-0.88327	-0.686494	-0.46655	-0.243041	-0.029034	0.151693	0.267901	0.294817	0.237328	0.113073	-0.0318262	-0.167142	
0.691094	0.691094	0.692037	0.680592	0.665988	0.655957	0.634207	0.600099	0.558666	0.507489	0.436927	0.34572	0.244733	0.135126	0.00918756	-0.124034	-0.240205	-0.341154	-0.432295	-0.51663	-0.578482	-0.614759	-0.634036	-0.647138	-0.679321	-0.708262	-0.719616	-0.711248	-0.696132	-0.691419	-0.714183	-0.789039	-0.89383	-1.00847	-1.09683	-1.15409	-1.14774	-1.06621	-0.908092	-0.699469	-0.471426	-0.236134	-0.0120397	0.177492	0.305031	0.340334	0.294695	0.186489	0.0580713	-0.0573723	
1.0721	1.0721	1.0677	1.04789	1.01689	0.982504	0.927706	0.85507	0.773185	0.670649	0.548723	0.411209	0.265694	0.126507	-0.0202599	-0.162028	-0.276318	-0.369968	-0.45371	-0.527529	-0.581299	-0.612062	-0.628059	-0.644387	-0.67789	-0.709996	-0.720972	-0.714536	-0.701248	-0.699004	-0.726753	-0.802989	-0.909549	-1.01794	-1.10171	-1.14774	-1.13001	-1.03473	-0.861892	-0.642982	-0.401889	-0.156302	0.0778599	0.278817	0.412805	0.458126	0.423991	0.32805	0.217117	0.119998	
1.39186	1.39186	1.38245	1.34902	1.2991	1.23955	1.15278	1.04436	0.924084	0.787505	0.634409	0.475254	0.319683	0.173426	0.029758	-0.105139	-0.207383	-0.292297	-0.368332	-0.437191	-0.487473	-0.517615	-0.536665	-0.558581	-0.598338	-0.633604	-0.646531	-0.642373	-0.631497	-0.633745	-0.66537	-0.746245	-0.850941	-0.955885	-1.03071	-1.06621	-1.03473	-0.92263	-0.736936	-0.503138	-0.252333	0.00463235	0.248241	0.455031	0.593747	0.642444	0.610546	0.520862	0.416772	0.324862	
1.62398	1.62398	1.60531	1.55439	1.4815	1.39953	1.28612	1.15181	1.01417	0.862055	0.702742	0.545122	0.396965	0.265326	0.136148	0.0204992	-0.0655338	-0.137347	-0.206582	-0.269095	-0.317289	-0.346379	-0.369241	-0.396593	-0.442233	-0.479453	-0.493818	-0.490857	-0.483445	-0.489118	-0.527434	-0.61105	-0.716604	-0.815782	-0.88327	-0.908092	-0.861892	-0.736936	-0.536644	-0.295124	-0.0361856	0.226326	0.471713	0.679179	0.81335	0.856664	0.821675	0.730327	0.626514	0.538566	
1.71768	1.71768	1.69518	1.63798	1.55387	1.45581	1.33101	1.19273	1.05557	0.909966	0.762285	0.625288	0.499581	0.389536	0.283385	0.186394	0.11998	0.0584395	-0.00348691	-0.0602366	-0.104866	-0.132998	-0.156672	-0.190196	-0.237214	-0.276499	-0.28826	-0.287442	-0.281228	-0.292332	-0.336498	-0.424765	-0.53068	-0.624745	-0.686494	-0.699469	-0.642982	-0.503138	-0.295124	-0.0465441	0.214914	0.477903	0.721012	0.922425	1.04521	1.07935	1.03396	0.935869	0.830504	0.738915	
1.65582	1.65582	1.63226	1.57483	1.49739	1.41414	1.30207	1.17891	1.06552	0.944995	0.824628	0.716924	0.620799	0.533883	0.44883	0.372712	0.319374	0.268526	0.211482	0.160379	0.120457	0.0946416	0.0700346	0.0344543	-0.0150117	-0.0502759	-0.061358	-0.0584959	-0.0558761	-0.0708455	-0.122827	-0.215673	-0.321732	-0.412327	-0.46655	-0.471426	-0.401889	-0.252333	-0.0361856	0.214914	0.475958	0.736544	0.97333	1.16368	1.273	1.29219	1.23295	1.1276	1.01383	0.91702	
1.44403	1.44403	1.42998	1.39195	1.33512	1.2751	1.1986	1.1163	1.04112	0.958203	0.875186	0.80229	0.736001	0.675752	0.611792	0.554323	0.517932	0.474206	0.424062	0.380397	0.344556	0.323129	0.298051	0.259546	0.212127	0.178519	0.172862	0.174323	0.175848	0.154429	0.094754	-0.00230668	-0.109426	-0.193828	-0.243041	-0.236134	-0.156302	0.00463235	0.226326	0.477903	0.736544	0.991262	1.21659	1.39295	1.48081	1.48026	1.40395	1.28257	1.15854	1.05178	
1.14502	1.14502	1.13726	1.11919	1.09597	1.07369	1.03404	0.99375	0.966082	0.926502	0.883363	0.851486	0.818777	0.781526	0.74216	0.704799	0.681701	0.650222	0.607012	0.57296	0.54694	0.528699	0.508101	0.467929	0.424785	0.397503	0.395595	0.399323	0.396937	0.370241	0.30155	0.200228	0.0933764	0.0137071	-0.029034	-0.0120397	0.0778599	0.248241	0.471713	0.721012	0.97333	1.21659	1.42838	1.58255	1.64539	1.62196	1.51962	1.38186	1.24047	1.11517	
0.820289	0.820289	0.821989	0.822396	0.821551	0.82855	0.830798	0.831072	0.836848	0.834859	0.828417	0.827458	0.82749	0.817297	0.80147	0.790335	0.786162	0.766827	0.738425	0.717014	0.701697	0.692829	0.673755	0.637788	0.599398	0.580911	0.584424	0.58889	0.584111	0.549581	0.473103	0.366916	0.261958	0.186569	0.151693	0.177492	0.278817	0.455031	0.679179	0.922425	1.16368	1.39295	1.58255	1.70874	1.74073	1.6829	1.55372	1.392	1.22917	1.08796	
0.528412	0.528412	0.533049	0.547363	0.565298	0.58635	0.606116	0.633308	0.667901	0.690451	0.711948	0.739163	0.759325	0.769004	0.775436	0.784521	0.796844	0.793795	0.778938	0.776181	0.775497	0.775935	0.76618	0.733363	0.707727	0.698533	0.709651	0.715991	0.707153	0.666407	0.579755	0.472074	0.366688	0.298628	0.267901	0.305031	0.412805	0.593747	0.81335	1.04521	1.273	1.48081	1.64539	1.74073	1.73645	1.65021	1.49315	1.31245	1.13598	0.982065	
0.300571	0.300571	0.303317	0.321206	0.34668	0.373789	0.405678	0.441778	0.48022	0.515449	0.548277	0.588877	0.627435	0.64879	0.672721	0.701418	0.724866	0.732752	0.734185	0.742991	0.757725	0.765072	0.761141	0.735673	0.720049	0.723644	0.739951	0.747531	0.734913	0.68446	0.591779	0.479341	0.380014	0.315106	0.294817	0.340334	0.458126	0.642444	0.856664	1.07935	1.29219	1.48026	1.62196	1.6829	1.65021	1.53291	1.35352	1.16003	0.972802	0.81329	
0.139749	0.139749	0.143534	0.159202	0.180235	0.202022	0.234105	0.273807	0.309164	0.343711	0.383986	0.422441	0.460522	0.487345	0.51673	0.555531	0.58403	0.599471	0.611492	0.634253	0.656577	0.672202	0.670129	0.652747	0.647484	0.662347	0.681927	0.689784	0.669816	0.611575	0.51015	0.39888	0.30373	0.247421	0.237328	0.294695	0.423991	0.610546	0.821675	1.03396	1.23295	1.40395	1.51962	1.55372	1.49315	1.35352	1.16384	0.966364	0.782006	0.632021	
0.0361559	0.0361559	0.035206	0.0525237	0.0743141	0.0839826	0.106497	0.139035	0.165956	0.194086	0.228675	0.266107	0.299074	0.323862	0.354798	0.393803	0.418522	0.4336	0.45156	0.477193	0.505061	0.51815	0.517912	0.503762	0.509212	0.530779	0.551981	0.555633	0.528225	0.458903	0.352594	0.242447	0.155888	0.109665	0.113073	0.186489	0.32805	0.520862	0.730327	0.935869	1.1276	1.28257	1.38186	1.392	1.31245	1.16003	0.966364	0.772737	0.598527	0.459505	
-0.0216402	-0.0216402	-0.0231627	-0.0177093	-0.00340191	0.00534907	0.0250134	0.049755	0.0615539	0.0820609	0.110922	0.134449	0.159399	0.177561	0.20559	0.240945	0.257975	0.270194	0.290657	0.316156	0.34136	0.351003	0.344936	0.336589	0.346282	0.373704	0.389959	0.388045	0.349384	0.269237	0.159871	0.0530277	-0.020399	-0.0556874	-0.0318262	0.0580713	0.217117	0.416772	0.626514	0.830504	1.01383	1.15854	1.24047	1.22917	1.13598	0.972802	0.782006	0.598527	0.438691	0.316488	
-0.058441	-0.058441	-0.0571797	-0.0499066	-0.042337	-0.0435671	-0.0307706	-0.0137544	-0.00818488	0.00555688	0.0288908	0.0420715	0.0544091	0.070624	0.0895586	0.117014	0.123506	0.130857	0.150959	0.173103	0.19098	0.195067	0.181897	0.179055	0.191852	0.220589	0.229679	0.218742	0.167231	0.0772249	-0.0341958	-0.132616	-0.193194	-0.212002	-0.167142	-0.0573723	0.119998	0.324862	0.538566	0.738915	0.91702	1.05178	1.11517	1.08796	0.982065	0.81329	0.632021	0.459505	0.316488	0.213412	
