0.0744582	0.0184141	-0.0264048	-0.0651786	-0.0911605	-0.104167	-0.0808636	-0.015101	0.079517	0.179633	0.269895	0.333443	0.356886	0.321539	0.216773	0.0692241	-0.092495	-0.233421	-0.332309	-0.380303	-0.364109	-0.290696	-0.170768	-0.0175126	0.141326	0.266308	0.324248	0.309017	0.227987	0.103126	-0.0421635	-0.200005	-0.342242	-0.43504	-0.479403	-0.487321	-0.465463	-0.418532	-0.344847	-0.238063	-0.0830452	0.124697	0.3523	0.566803	0.765702	0.940524	1.06954	1.15106	1.19339	1.19339	
0.0184141	-0.0223838	-0.0572986	-0.087729	-0.111829	-0.12236	-0.0973648	-0.0359353	0.0494859	0.138502	0.216693	0.27608	0.305219	0.278464	0.195901	0.077525	-0.0598899	-0.178601	-0.261275	-0.298246	-0.278626	-0.213815	-0.110221	0.0172348	0.138272	0.223521	0.251284	0.21391	0.117775	-0.00887747	-0.145484	-0.290373	-0.417682	-0.497857	-0.530643	-0.523443	-0.484811	-0.421582	-0.332149	-0.212002	-0.0480758	0.164102	0.396501	0.621564	0.835381	1.02835	1.18205	1.29076	1.35071	1.35071	
-0.0264048	-0.0572986	-0.08667	-0.115652	-0.138743	-0.147093	-0.120579	-0.0607749	0.0182946	0.0953037	0.165293	0.221822	0.251337	0.238141	0.181308	0.0920955	-0.010843	-0.101134	-0.171462	-0.206467	-0.193712	-0.141698	-0.0615773	0.0258961	0.102189	0.148304	0.145562	0.0905264	-0.00664683	-0.120485	-0.23874	-0.362115	-0.467172	-0.530553	-0.547744	-0.519085	-0.455733	-0.368972	-0.260443	-0.130048	0.0314313	0.229286	0.445265	0.661266	0.872172	1.06753	1.23349	1.36042	1.43276	1.43276	
-0.0651786	-0.087729	-0.115652	-0.141489	-0.163711	-0.169239	-0.140108	-0.0825308	-0.0133451	0.0537118	0.116226	0.169225	0.207642	0.211299	0.181188	0.126474	0.0533358	-0.0198847	-0.0857673	-0.123162	-0.120238	-0.0903849	-0.0442842	0.00351224	0.0375298	0.0454761	0.0223294	-0.0353729	-0.124345	-0.220244	-0.313873	-0.408789	-0.486361	-0.527753	-0.522422	-0.466017	-0.374618	-0.264938	-0.142411	-0.0102968	0.138028	0.309938	0.498782	0.694904	0.888442	1.0671	1.22403	1.34975	1.42241	1.42241	
-0.0911605	-0.111829	-0.138743	-0.163711	-0.185637	-0.185839	-0.152568	-0.0965533	-0.0321934	0.0278149	0.0834195	0.137546	0.179078	0.19327	0.187219	0.156599	0.106831	0.0490401	-0.0147935	-0.0594393	-0.0766375	-0.0720467	-0.0521563	-0.0391047	-0.0421642	-0.0596808	-0.0948713	-0.154089	-0.229279	-0.298845	-0.362981	-0.424272	-0.466497	-0.478336	-0.44644	-0.363583	-0.250069	-0.126403	0.000327135	0.126484	0.256957	0.399939	0.558463	0.727745	0.890069	1.03177	1.15621	1.25909	1.3188	1.3188	
-0.104167	-0.12236	-0.147093	-0.169239	-0.185839	-0.176977	-0.139373	-0.0838063	-0.0279617	0.0187346	0.0644688	0.109123	0.145605	0.167903	0.177727	0.168195	0.140248	0.0912563	0.0253691	-0.0282951	-0.057814	-0.0654641	-0.0674776	-0.0838591	-0.11488	-0.156533	-0.203448	-0.255135	-0.307784	-0.348522	-0.378019	-0.395854	-0.396531	-0.37847	-0.324186	-0.224242	-0.100915	0.0255558	0.149095	0.266647	0.379667	0.494189	0.619967	0.75455	0.872663	0.961683	1.03696	1.1021	1.13999	1.13999	
-0.0808636	-0.0973648	-0.120579	-0.140108	-0.152568	-0.139373	-0.101919	-0.0548139	-0.0165761	0.0128754	0.0398079	0.0684461	0.0960238	0.118088	0.139117	0.147959	0.139226	0.102739	0.0444502	-0.0048227	-0.0380779	-0.0587025	-0.0795515	-0.118804	-0.176103	-0.236159	-0.285266	-0.325937	-0.353228	-0.356703	-0.343563	-0.316994	-0.28052	-0.238574	-0.171295	-0.067403	0.0541551	0.176644	0.294235	0.402771	0.498133	0.5823	0.670022	0.761149	0.826546	0.857339	0.879355	0.903122	0.917165	0.917165	
-0.015101	-0.0359353	-0.0607749	-0.0825308	-0.0965533	-0.0838063	-0.0548139	-0.0259224	-0.0105804	-0.00756318	-0.00621522	0.00230012	0.0144589	0.0364126	0.0714179	0.103848	0.122452	0.106755	0.0651978	0.0218083	-0.0167078	-0.0430372	-0.0751515	-0.133817	-0.209752	-0.281566	-0.332093	-0.355468	-0.347014	-0.312267	-0.262889	-0.198689	-0.133062	-0.0768884	-0.00687135	0.0917493	0.205503	0.320703	0.429796	0.525938	0.598949	0.64742	0.690866	0.732821	0.745332	0.724545	0.701687	0.69054	0.684559	0.684559	
0.079517	0.0494859	0.0182946	-0.0133451	-0.0321934	-0.0279617	-0.0165761	-0.0105804	-0.0251544	-0.0513432	-0.0738827	-0.0863915	-0.0852527	-0.0568607	-0.00417873	0.0555132	0.103426	0.112409	0.0902464	0.0572752	0.026192	0.000635831	-0.0426514	-0.11479	-0.202812	-0.281399	-0.325111	-0.327434	-0.29121	-0.228517	-0.149165	-0.0568842	0.02564	0.089019	0.158234	0.247105	0.348326	0.451508	0.545882	0.621369	0.664069	0.672095	0.669157	0.663103	0.631657	0.575372	0.52376	0.489579	0.470331	0.470331	
0.179633	0.138502	0.0953037	0.0537118	0.0278149	0.0187346	0.0128754	-0.00756318	-0.0513432	-0.101883	-0.147511	-0.178408	-0.182953	-0.147237	-0.0769704	0.0132796	0.0935565	0.131456	0.13817	0.126888	0.106297	0.0807268	0.0329864	-0.0440964	-0.138036	-0.220164	-0.263515	-0.256636	-0.200991	-0.117696	-0.019734	0.0884628	0.1823	0.252623	0.318714	0.392441	0.474569	0.557312	0.626684	0.671463	0.678133	0.646843	0.602863	0.557403	0.497118	0.425143	0.362353	0.317402	0.291723	0.291723	
0.269895	0.216693	0.165293	0.116226	0.0834195	0.0644688	0.0398079	-0.00621522	-0.0738827	-0.147511	-0.213671	-0.257684	-0.265646	-0.221182	-0.126768	-0.00242283	0.111155	0.187795	0.23186	0.243263	0.237657	0.220438	0.172109	0.0881296	-0.0173016	-0.112339	-0.163525	-0.153347	-0.0897968	0.000704185	0.110427	0.230912	0.332419	0.40647	0.465049	0.516785	0.570119	0.621282	0.656122	0.664562	0.636462	0.574772	0.501945	0.430454	0.357845	0.28788	0.228033	0.181736	0.154842	0.154842	
0.333443	0.27608	0.221822	0.169225	0.137546	0.109123	0.0684461	0.00230012	-0.0863915	-0.178408	-0.257684	-0.31037	-0.315762	-0.252337	-0.129329	0.0298489	0.184623	0.305807	0.386665	0.427333	0.442861	0.427544	0.367096	0.266768	0.1439	0.0319083	-0.0345831	-0.0343157	0.0259241	0.121055	0.2397	0.363436	0.465299	0.538709	0.582654	0.60281	0.617891	0.630189	0.627311	0.601405	0.547397	0.46995	0.383703	0.300299	0.22899	0.17283	0.124352	0.0823796	0.0574892	0.0574892	
0.356886	0.305219	0.251337	0.207642	0.179078	0.145605	0.0960238	0.0144589	-0.0852527	-0.182953	-0.265646	-0.315762	-0.303039	-0.215526	-0.0613449	0.139065	0.334063	0.497328	0.618681	0.6882	0.712187	0.684324	0.604236	0.483426	0.337076	0.198443	0.108623	0.0951226	0.147677	0.239603	0.356323	0.47359	0.568383	0.631552	0.65109	0.634553	0.609213	0.582562	0.546195	0.495184	0.429009	0.351466	0.265985	0.182417	0.120966	0.0833491	0.0491335	0.0141394	-0.00707259	-0.00707259	
0.321539	0.278464	0.238141	0.211299	0.19327	0.167903	0.118088	0.0364126	-0.0568607	-0.147237	-0.221182	-0.252337	-0.215526	-0.100294	0.0938714	0.329903	0.560534	0.767663	0.920437	1.00525	1.02801	0.982799	0.878342	0.726933	0.548324	0.382719	0.270543	0.23428	0.265022	0.34373	0.448565	0.546493	0.621888	0.665658	0.658241	0.608474	0.547826	0.48927	0.430006	0.366919	0.302167	0.236552	0.161982	0.0864945	0.0383257	0.0178754	-0.0031799	-0.030226	-0.0469291	-0.0469291	
0.216773	0.195901	0.181308	0.181188	0.187219	0.177727	0.139117	0.0714179	-0.00417873	-0.0769704	-0.126768	-0.129329	-0.0613449	0.0938714	0.323043	0.586924	0.853733	1.09165	1.2645	1.36479	1.38427	1.31597	1.17742	0.989621	0.781654	0.587551	0.441534	0.369605	0.369107	0.422024	0.497191	0.563258	0.614321	0.636435	0.605434	0.532704	0.449149	0.370998	0.301045	0.237681	0.184049	0.136573	0.0782912	0.015927	-0.0193699	-0.0280248	-0.0391275	-0.0578598	-0.069552	-0.069552	
0.0692241	0.077525	0.0920955	0.126474	0.156599	0.168195	0.147959	0.103848	0.0555132	0.0132796	-0.00242283	0.0298489	0.139065	0.329903	0.586924	0.880745	1.17652	1.44103	1.6414	1.75673	1.76532	1.66822	1.49513	1.2735	1.02981	0.796061	0.610039	0.493258	0.445042	0.455245	0.491008	0.523667	0.549526	0.550572	0.506252	0.427267	0.335775	0.249733	0.178914	0.123499	0.0853078	0.0561614	0.0155665	-0.0308244	-0.0557327	-0.0595541	-0.06447	-0.0746747	-0.0809953	-0.0809953	
-0.092495	-0.0598899	-0.010843	0.0533358	0.106831	0.140248	0.139226	0.122452	0.103426	0.0935565	0.111155	0.184623	0.334063	0.560534	0.853733	1.17652	1.50299	1.79997	2.02445	2.14813	2.14544	2.0263	1.82219	1.55807	1.26989	0.995807	0.762388	0.586234	0.482589	0.44601	0.438207	0.437558	0.44167	0.429656	0.385924	0.315034	0.227415	0.142926	0.0776954	0.0335396	0.00960086	-0.00529671	-0.0291278	-0.0581992	-0.0758479	-0.0812049	-0.0832452	-0.0850154	-0.0858601	-0.0858601	
-0.233421	-0.178601	-0.101134	-0.0198847	0.0490401	0.0912563	0.102739	0.106755	0.112409	0.131456	0.187795	0.305807	0.497328	0.767663	1.09165	1.44103	1.79997	2.12216	2.36941	2.5059	2.49918	2.36152	2.11849	1.80912	1.48268	1.16654	0.880512	0.649638	0.493933	0.404668	0.353698	0.32981	0.320232	0.301761	0.267573	0.214043	0.139027	0.0622355	0.0044195	-0.0298571	-0.0442562	-0.050678	-0.0599112	-0.0719128	-0.0850698	-0.096008	-0.0975518	-0.0917959	-0.0875865	-0.0875865	
-0.332309	-0.261275	-0.171462	-0.0857673	-0.0147935	0.0253691	0.0444502	0.0651978	0.0902464	0.13817	0.23186	0.386665	0.618681	0.920437	1.2645	1.6414	2.02445	2.36941	2.64144	2.7866	2.77338	2.61416	2.33984	2.00271	1.64525	1.29197	0.967132	0.692488	0.487669	0.352538	0.271863	0.232309	0.210228	0.189905	0.171145	0.138224	0.0789984	0.0119948	-0.0395669	-0.0680167	-0.0792344	-0.082904	-0.0805579	-0.0776994	-0.0881881	-0.10547	-0.107903	-0.0968088	-0.0887357	-0.0887357	
-0.380303	-0.298246	-0.206467	-0.123162	-0.0594393	-0.0282951	-0.0048227	0.0218083	0.0572752	0.126888	0.243263	0.427333	0.6882	1.00525	1.36479	1.75673	2.14813	2.5059	2.7866	2.92953	2.91215	2.74711	2.46432	2.11249	1.7362	1.36675	1.02222	0.721968	0.487707	0.320898	0.216739	0.1634	0.132874	0.115524	0.110331	0.0933433	0.0493739	-0.00718372	-0.054981	-0.0835299	-0.0982244	-0.103504	-0.0934898	-0.0803516	-0.0889351	-0.110005	-0.113882	-0.101001	-0.0911039	-0.0911039	
-0.364109	-0.278626	-0.193712	-0.120238	-0.0766375	-0.057814	-0.0380779	-0.0167078	0.026192	0.106297	0.237657	0.442861	0.712187	1.02801	1.38427	1.76532	2.14544	2.49918	2.77338	2.91215	2.90244	2.74509	2.4635	2.11542	1.74943	1.38961	1.05145	0.752845	0.504957	0.316547	0.200228	0.139485	0.102736	0.0871761	0.0886281	0.0812105	0.0509113	0.00396553	-0.0436873	-0.0787025	-0.102132	-0.111825	-0.0995996	-0.0830296	-0.0895471	-0.109526	-0.114892	-0.104657	-0.0956366	-0.0956366	
-0.290696	-0.213815	-0.141698	-0.0903849	-0.0720467	-0.0654641	-0.0587025	-0.0430372	0.000635831	0.0807268	0.220438	0.427544	0.684324	0.982799	1.31597	1.66822	2.0263	2.36152	2.61416	2.74711	2.74509	2.5956	2.33641	2.02529	1.69278	1.3626	1.054	0.774211	0.530581	0.343997	0.226758	0.157106	0.115954	0.103571	0.105851	0.101893	0.0823845	0.0431616	-0.00736589	-0.0536408	-0.0890909	-0.105628	-0.0984364	-0.086384	-0.0902969	-0.104033	-0.110797	-0.107475	-0.102204	-0.102204	
-0.170768	-0.110221	-0.0615773	-0.0442842	-0.0521563	-0.0674776	-0.0795515	-0.0751515	-0.0426514	0.0329864	0.172109	0.367096	0.604236	0.878342	1.17742	1.49513	1.82219	2.11849	2.33984	2.46432	2.4635	2.33641	2.12636	1.86177	1.56853	1.28311	1.01958	0.77669	0.560299	0.388614	0.271354	0.198789	0.163646	0.155417	0.15389	0.151009	0.140457	0.107523	0.0530766	-0.00649102	-0.0554335	-0.0819372	-0.0879739	-0.0878051	-0.0893261	-0.0939346	-0.102156	-0.108541	-0.10939	-0.10939	
-0.0175126	0.0172348	0.0258961	0.00351224	-0.0391047	-0.0838591	-0.118804	-0.133817	-0.11479	-0.0440964	0.0881296	0.266768	0.483426	0.726933	0.989621	1.2735	1.55807	1.80912	2.00271	2.11249	2.11542	2.02529	1.86177	1.63832	1.39524	1.166	0.953224	0.752441	0.568219	0.418094	0.311927	0.24788	0.223206	0.219831	0.218702	0.220534	0.218452	0.192002	0.135704	0.064795	0.00288386	-0.037662	-0.0644793	-0.0814361	-0.0828078	-0.0797664	-0.0898747	-0.106273	-0.114413	-0.114413	
0.141326	0.138272	0.102189	0.0375298	-0.0421642	-0.11488	-0.176103	-0.209752	-0.202812	-0.138036	-0.0173016	0.1439	0.337076	0.548324	0.781654	1.02981	1.26989	1.48268	1.64525	1.7362	1.74943	1.69278	1.56853	1.39524	1.21038	1.02935	0.853264	0.687645	0.541463	0.421468	0.328715	0.274875	0.265173	0.273634	0.28193	0.294893	0.304024	0.287373	0.235238	0.160192	0.0881162	0.0293015	-0.0229004	-0.0590558	-0.0654208	-0.0613462	-0.0743166	-0.0983435	-0.113247	-0.113247	
0.266308	0.223521	0.148304	0.0454761	-0.0596808	-0.156533	-0.236159	-0.281566	-0.281399	-0.220164	-0.112339	0.0319083	0.198443	0.382719	0.587551	0.796061	0.995807	1.16654	1.29197	1.36675	1.38961	1.3626	1.28311	1.166	1.02935	0.87825	0.72987	0.600927	0.488898	0.385488	0.301618	0.264638	0.271564	0.292551	0.319631	0.353936	0.379483	0.378327	0.341413	0.274723	0.19742	0.118718	0.0422307	-0.0120857	-0.031352	-0.0366512	-0.0540643	-0.0815413	-0.100937	-0.100937	
0.324248	0.251284	0.145562	0.0223294	-0.0948713	-0.203448	-0.285266	-0.332093	-0.325111	-0.263515	-0.163525	-0.0345831	0.108623	0.270543	0.441534	0.610039	0.762388	0.880512	0.967132	1.02222	1.05145	1.054	1.01958	0.953224	0.853264	0.72987	0.613225	0.50933	0.407702	0.311902	0.243379	0.218225	0.2268	0.259787	0.315887	0.37654	0.421826	0.445809	0.439106	0.394811	0.320129	0.227214	0.134612	0.0650487	0.0243513	-0.000864336	-0.0248353	-0.0516341	-0.0720412	-0.0720412	
0.309017	0.21391	0.0905264	-0.0353729	-0.154089	-0.255135	-0.325937	-0.355468	-0.327434	-0.256636	-0.153347	-0.0343157	0.0951226	0.23428	0.369605	0.493258	0.586234	0.649638	0.692488	0.721968	0.752845	0.774211	0.77669	0.752441	0.687645	0.600927	0.50933	0.410225	0.313109	0.230167	0.168883	0.135257	0.136204	0.182459	0.262144	0.342843	0.41298	0.473162	0.507586	0.497459	0.43881	0.347199	0.252081	0.171436	0.104602	0.0534821	0.0206157	-0.00331993	-0.021048	-0.021048	
0.227987	0.117775	-0.00664683	-0.124345	-0.229279	-0.307784	-0.353228	-0.347014	-0.29121	-0.200991	-0.0897968	0.0259241	0.147677	0.265022	0.369107	0.445042	0.482589	0.493933	0.487669	0.487707	0.504957	0.530581	0.560299	0.568219	0.541463	0.488898	0.407702	0.313109	0.227206	0.149887	0.0825264	0.0352859	0.0270253	0.0734165	0.157061	0.25075	0.349169	0.446972	0.52421	0.557381	0.53275	0.464537	0.383059	0.298188	0.209054	0.134313	0.0911385	0.0695795	0.0571781	0.0571781	
0.103126	-0.00887747	-0.120485	-0.220244	-0.298845	-0.348522	-0.356703	-0.312267	-0.228517	-0.117696	0.000704185	0.121055	0.239603	0.34373	0.422024	0.455245	0.44601	0.404668	0.352538	0.320898	0.316547	0.343997	0.388614	0.418094	0.421468	0.385488	0.311902	0.230167	0.149887	0.0704925	-0.00200353	-0.0611899	-0.0838261	-0.0526771	0.0187239	0.116852	0.236011	0.361869	0.476209	0.556023	0.581264	0.558721	0.507099	0.42937	0.33251	0.246189	0.19449	0.173234	0.166686	0.166686	
-0.0421635	-0.145484	-0.23874	-0.313873	-0.362981	-0.378019	-0.343563	-0.262889	-0.149165	-0.019734	0.110427	0.2397	0.356323	0.448565	0.497191	0.491008	0.438207	0.353698	0.271863	0.216739	0.200228	0.226758	0.271354	0.311927	0.328715	0.301618	0.243379	0.168883	0.0825264	-0.00200353	-0.0816595	-0.150141	-0.184221	-0.17731	-0.130957	-0.0386968	0.0883044	0.227589	0.366141	0.486893	0.569949	0.608231	0.599457	0.545068	0.464225	0.386564	0.333678	0.311688	0.309293	0.309293	
-0.200005	-0.290373	-0.362115	-0.408789	-0.424272	-0.395854	-0.316994	-0.198689	-0.0568842	0.0884628	0.230912	0.363436	0.47359	0.546493	0.563258	0.523667	0.437558	0.32981	0.232309	0.1634	0.139485	0.157106	0.198789	0.24788	0.274875	0.264638	0.218225	0.135257	0.0352859	-0.0611899	-0.150141	-0.220981	-0.269953	-0.2969	-0.276513	-0.194502	-0.0747615	0.061295	0.209139	0.359915	0.497144	0.597218	0.638656	0.627193	0.589435	0.543839	0.503392	0.483701	0.482919	0.482919	
-0.342242	-0.417682	-0.467172	-0.486361	-0.466497	-0.396531	-0.28052	-0.133062	0.02564	0.1823	0.332419	0.465299	0.568383	0.621888	0.614321	0.549526	0.44167	0.320232	0.210228	0.132874	0.102736	0.115954	0.163646	0.223206	0.265173	0.271564	0.2268	0.136204	0.0270253	-0.0838261	-0.184221	-0.269953	-0.349411	-0.404113	-0.400017	-0.339563	-0.243912	-0.119802	0.0292505	0.197591	0.372673	0.52138	0.615959	0.665977	0.6926	0.698787	0.688556	0.679657	0.679501	0.679501	
-0.43504	-0.497857	-0.530553	-0.527753	-0.478336	-0.37847	-0.238574	-0.0768884	0.089019	0.252623	0.40647	0.538709	0.631552	0.665658	0.636435	0.550572	0.429656	0.301761	0.189905	0.115524	0.0871761	0.103571	0.155417	0.219831	0.273634	0.292551	0.259787	0.182459	0.0734165	-0.0526771	-0.17731	-0.2969	-0.404113	-0.473559	-0.496223	-0.477581	-0.411377	-0.298302	-0.152445	0.0210726	0.212453	0.392092	0.540429	0.662403	0.761462	0.830064	0.86646	0.880201	0.883306	0.883306	
-0.479403	-0.530643	-0.547744	-0.522422	-0.44644	-0.324186	-0.171295	-0.00687135	0.158234	0.318714	0.465049	0.582654	0.65109	0.658241	0.605434	0.506252	0.385924	0.267573	0.171145	0.110331	0.0886281	0.105851	0.15389	0.218702	0.28193	0.319631	0.315887	0.262144	0.157061	0.0187239	-0.130957	-0.276513	-0.400017	-0.496223	-0.568276	-0.596502	-0.558706	-0.463377	-0.327231	-0.157209	0.034319	0.23321	0.433628	0.625104	0.790733	0.921307	1.01193	1.05828	1.0712	1.0712	
-0.487321	-0.523443	-0.519085	-0.466017	-0.363583	-0.224242	-0.067403	0.0917493	0.247105	0.392441	0.516785	0.60281	0.634553	0.608474	0.532704	0.427267	0.315034	0.214043	0.138224	0.0933433	0.0812105	0.101893	0.151009	0.220534	0.294893	0.353936	0.37654	0.342843	0.25075	0.116852	-0.0386968	-0.194502	-0.339563	-0.477581	-0.596502	-0.665289	-0.668062	-0.606951	-0.488805	-0.330249	-0.14532	0.0711028	0.317418	0.564049	0.782349	0.964805	1.10359	1.18535	1.21598	1.21598	
-0.465463	-0.484811	-0.455733	-0.374618	-0.250069	-0.100915	0.0541551	0.205503	0.348326	0.474569	0.570119	0.617891	0.609213	0.547826	0.449149	0.335775	0.227415	0.139027	0.0789984	0.0493739	0.0509113	0.0823845	0.140457	0.218452	0.304024	0.379483	0.421826	0.41298	0.349169	0.236011	0.0883044	-0.0747615	-0.243912	-0.411377	-0.558706	-0.668062	-0.723755	-0.708543	-0.623659	-0.489071	-0.309223	-0.0738876	0.203495	0.484719	0.740643	0.95897	1.12869	1.23973	1.29224	1.29224	
-0.418532	-0.421582	-0.368972	-0.264938	-0.126403	0.0255558	0.176644	0.320703	0.451508	0.557312	0.621282	0.630189	0.582562	0.48927	0.370998	0.249733	0.142926	0.0622355	0.0119948	-0.00718372	0.00396553	0.0431616	0.107523	0.192002	0.287373	0.378327	0.445809	0.473162	0.446972	0.361869	0.227589	0.061295	-0.119802	-0.298302	-0.463377	-0.606951	-0.708543	-0.745777	-0.713313	-0.611224	-0.434651	-0.191199	0.0926294	0.387301	0.665651	0.902103	1.08408	1.21252	1.28282	1.28282	
-0.344847	-0.332149	-0.260443	-0.142411	0.000327135	0.149095	0.294235	0.429796	0.545882	0.626684	0.656122	0.627311	0.546195	0.430006	0.301045	0.178914	0.0776954	0.0044195	-0.0395669	-0.054981	-0.0436873	-0.00736589	0.0530766	0.135704	0.235238	0.341413	0.439106	0.507586	0.52421	0.476209	0.366141	0.209139	0.0292505	-0.152445	-0.327231	-0.488805	-0.623659	-0.713313	-0.733526	-0.661913	-0.500834	-0.277193	-0.0145012	0.271335	0.551083	0.789224	0.972832	1.10669	1.18295	1.18295	
-0.238063	-0.212002	-0.130048	-0.0102968	0.126484	0.266647	0.402771	0.525938	0.621369	0.671463	0.664562	0.601405	0.495184	0.366919	0.237681	0.123499	0.0335396	-0.0298571	-0.0680167	-0.0835299	-0.0787025	-0.0536408	-0.00649102	0.064795	0.160192	0.274723	0.394811	0.497459	0.557381	0.556023	0.486893	0.359915	0.197591	0.0210726	-0.157209	-0.330249	-0.489071	-0.611224	-0.661913	-0.621148	-0.501345	-0.326126	-0.108009	0.140373	0.39191	0.61701	0.799042	0.929824	0.999663	0.999663	
-0.0830452	-0.0480758	0.0314313	0.138028	0.256957	0.379667	0.498133	0.598949	0.664069	0.678133	0.636462	0.547397	0.429009	0.302167	0.184049	0.0853078	0.00960086	-0.0442562	-0.0792344	-0.0982244	-0.102132	-0.0890909	-0.0554335	0.00288386	0.0881162	0.19742	0.320129	0.43881	0.53275	0.581264	0.569949	0.497144	0.372673	0.212453	0.034319	-0.14532	-0.309223	-0.434651	-0.500834	-0.501345	-0.441457	-0.329065	-0.175603	0.00385557	0.197452	0.392818	0.565622	0.687353	0.746255	0.746255	
0.124697	0.164102	0.229286	0.309938	0.399939	0.494189	0.5823	0.64742	0.672095	0.646843	0.574772	0.46995	0.351466	0.236552	0.136573	0.0561614	-0.00529671	-0.050678	-0.082904	-0.103504	-0.111825	-0.105628	-0.0819372	-0.037662	0.0293015	0.118718	0.227214	0.347199	0.464537	0.558721	0.608231	0.597218	0.52138	0.392092	0.23321	0.0711028	-0.0738876	-0.191199	-0.277193	-0.326126	-0.329065	-0.287095	-0.215124	-0.123069	-0.00548226	0.137273	0.278904	0.383511	0.434662	0.434662	
0.3523	0.396501	0.445265	0.498782	0.558463	0.619967	0.670022	0.690866	0.669157	0.602863	0.501945	0.383703	0.265985	0.161982	0.0782912	0.0155665	-0.0291278	-0.0599112	-0.0805579	-0.0934898	-0.0995996	-0.0984364	-0.0879739	-0.0644793	-0.0229004	0.0422307	0.134612	0.252081	0.383059	0.507099	0.599457	0.638656	0.615959	0.540429	0.433628	0.317418	0.203495	0.0926294	-0.0145012	-0.108009	-0.175603	-0.215124	-0.231704	-0.225001	-0.188801	-0.123544	-0.0433154	0.0292807	0.0723175	0.0723175	
0.566803	0.621564	0.661266	0.694904	0.727745	0.75455	0.761149	0.732821	0.663103	0.557403	0.430454	0.300299	0.182417	0.0864945	0.015927	-0.0308244	-0.0581992	-0.0719128	-0.0776994	-0.0803516	-0.0830296	-0.086384	-0.0878051	-0.0814361	-0.0590558	-0.0120857	0.0650487	0.171436	0.298188	0.42937	0.545068	0.627193	0.665977	0.662403	0.625104	0.564049	0.484719	0.387301	0.271335	0.140373	0.00385557	-0.123069	-0.225001	-0.296353	-0.342807	-0.368941	-0.37143	-0.352318	-0.331348	-0.331348	
0.765702	0.835381	0.872172	0.888442	0.890069	0.872663	0.826546	0.745332	0.631657	0.497118	0.357845	0.22899	0.120966	0.0383257	-0.0193699	-0.0557327	-0.0758479	-0.0850698	-0.0881881	-0.0889351	-0.0895471	-0.0902969	-0.0893261	-0.0828078	-0.0654208	-0.031352	0.0243513	0.104602	0.209054	0.33251	0.464225	0.589435	0.6926	0.761462	0.790733	0.782349	0.740643	0.665651	0.551083	0.39191	0.197452	-0.00548226	-0.188801	-0.342807	-0.474732	-0.588959	-0.677175	-0.730475	-0.752404	-0.752404	
0.940524	1.02835	1.06753	1.0671	1.03177	0.961683	0.857339	0.724545	0.575372	0.425143	0.28788	0.17283	0.0833491	0.0178754	-0.0280248	-0.0595541	-0.0812049	-0.096008	-0.10547	-0.110005	-0.109526	-0.104033	-0.0939346	-0.0797664	-0.0613462	-0.0366512	-0.000864336	0.0534821	0.134313	0.246189	0.386564	0.543839	0.698787	0.830064	0.921307	0.964805	0.95897	0.902103	0.789224	0.61701	0.392818	0.137273	-0.123544	-0.368941	-0.588959	-0.782142	-0.947513	-1.07562	-1.14776	-1.14776	
1.06954	1.18205	1.23349	1.22403	1.15621	1.03696	0.879355	0.701687	0.52376	0.362353	0.228033	0.124352	0.0491335	-0.0031799	-0.0391275	-0.06447	-0.0832452	-0.0975518	-0.107903	-0.113882	-0.114892	-0.110797	-0.102156	-0.0898747	-0.0743166	-0.0540643	-0.0248353	0.0206157	0.0911385	0.19449	0.333678	0.503392	0.688556	0.86646	1.01193	1.10359	1.12869	1.08408	0.972832	0.799042	0.565622	0.278904	-0.0433154	-0.37143	-0.677175	-0.947513	-1.18012	-1.36351	-1.46879	-1.46879	
1.15106	1.29076	1.36042	1.34975	1.25909	1.1021	0.903122	0.69054	0.489579	0.317402	0.181736	0.0823796	0.0141394	-0.030226	-0.0578598	-0.0746747	-0.0850154	-0.0917959	-0.0968088	-0.101001	-0.104657	-0.107475	-0.108541	-0.106273	-0.0983435	-0.0815413	-0.0516341	-0.00331993	0.0695795	0.173234	0.311688	0.483701	0.679657	0.880201	1.05828	1.18535	1.23973	1.21252	1.10669	0.929824	0.687353	0.383511	0.0292807	-0.352318	-0.730475	-1.07562	-1.36351	-1.57283	-1.68399	-1.68399	
1.19339	1.35071	1.43276	1.42241	1.3188	1.13999	0.917165	0.684559	0.470331	0.291723	0.154842	0.0574892	-0.00707259	-0.0469291	-0.069552	-0.0809953	-0.0858601	-0.0875865	-0.0887357	-0.0911039	-0.0956366	-0.102204	-0.10939	-0.114413	-0.113247	-0.100937	-0.0720412	-0.021048	0.0571781	0.166686	0.309293	0.482919	0.679501	0.883306	1.0712	1.21598	1.29224	1.28282	1.18295	0.999663	0.746255	0.434662	0.0723175	-0.331348	-0.752404	-1.14776	-1.46879	-1.68399	-1.7881	-1.7881	
1.19339	1.35071	1.43276	1.42241	1.3188	1.13999	0.917165	0.684559	0.470331	0.291723	0.154842	0.0574892	-0.00707259	-0.0469291	-0.069552	-0.0809953	-0.0858601	-0.0875865	-0.0887357	-0.0911039	-0.0956366	-0.102204	-0.10939	-0.114413	-0.113247	-0.100937	-0.0720412	-0.021048	0.0571781	0.166686	0.309293	0.482919	0.679501	0.883306	1.0712	1.21598	1.29224	1.28282	1.18295	0.999663	0.746255	0.434662	0.0723175	-0.331348	-0.752404	-1.14776	-1.46879	-1.68399	-1.7881	-1.7881	
