-0.359272	-0.264734	-0.132889	0.00114155	0.105823	0.17294	0.203826	0.200443	0.175631	0.130783	0.055855	-0.0321903	-0.108837	-0.161075	-0.171541	-0.131108	-0.0515542	0.0339094	0.104335	0.158223	0.19718	0.222054	0.232053	0.234246	0.238402	0.247999	0.258382	0.25802	0.218074	0.14004	0.0414828	-0.0535118	-0.1256	-0.180635	-0.222444	-0.263722	-0.305867	-0.337575	-0.341587	-0.311155	-0.259435	-0.195275	-0.123182	-0.0334563	0.0737862	0.187876	0.304097	0.405857	0.471586	0.471586	
-0.264734	-0.160277	-0.0373148	0.0808428	0.170656	0.223948	0.233825	0.212377	0.173695	0.113675	0.0327933	-0.0495463	-0.11159	-0.136946	-0.106103	-0.0164071	0.106723	0.235614	0.338727	0.409126	0.448218	0.459487	0.445012	0.409888	0.361933	0.309776	0.267965	0.224964	0.161445	0.0782821	-0.0130142	-0.0909653	-0.142285	-0.172572	-0.199343	-0.233383	-0.270473	-0.296025	-0.294851	-0.272475	-0.236664	-0.197951	-0.148368	-0.0647987	0.0474943	0.175421	0.307277	0.425624	0.500977	0.500977	
-0.132889	-0.0373148	0.0649944	0.15905	0.225818	0.261212	0.255312	0.219661	0.168967	0.101219	0.0248333	-0.042892	-0.0860706	-0.0803039	-0.0114085	0.112252	0.273238	0.435353	0.559188	0.644283	0.68504	0.683418	0.644687	0.572685	0.479216	0.377884	0.283716	0.198183	0.107699	0.0165825	-0.0675655	-0.131397	-0.162984	-0.177127	-0.19067	-0.211094	-0.23535	-0.248742	-0.237544	-0.217008	-0.195655	-0.179259	-0.147126	-0.0701625	0.0432021	0.182148	0.323504	0.450533	0.53357	0.53357	
0.00114155	0.0808428	0.15905	0.223705	0.267402	0.283716	0.264305	0.215523	0.146942	0.0761769	0.010771	-0.0382639	-0.0474222	-4.93623e-05	0.10603	0.270018	0.454716	0.62953	0.769218	0.868209	0.911882	0.89675	0.837123	0.73679	0.603688	0.457074	0.315882	0.179893	0.0582837	-0.0402937	-0.119156	-0.166304	-0.186317	-0.189407	-0.18674	-0.193407	-0.198567	-0.192398	-0.170574	-0.147273	-0.132785	-0.132578	-0.118647	-0.0539716	0.0548824	0.195364	0.342835	0.477971	0.565162	0.565162	
0.105823	0.170656	0.225818	0.267402	0.289949	0.295698	0.266529	0.207383	0.134396	0.0579542	-0.00888059	-0.0364618	-0.00681829	0.086809	0.239781	0.437362	0.643002	0.826192	0.979587	1.08891	1.12544	1.09594	1.01472	0.884208	0.718458	0.531061	0.341075	0.167109	0.0203731	-0.0880102	-0.153298	-0.184889	-0.194405	-0.186391	-0.172238	-0.160617	-0.148346	-0.131141	-0.102091	-0.0728907	-0.0584453	-0.0601666	-0.0547713	-0.00889203	0.0867392	0.215839	0.356324	0.490938	0.576267	0.576267	
0.17294	0.223948	0.261212	0.283716	0.295698	0.285072	0.247724	0.190912	0.120259	0.0412699	-0.0189309	-0.0169228	0.0583206	0.195567	0.386082	0.606905	0.820605	1.01144	1.17262	1.27817	1.30648	1.25872	1.15034	0.998325	0.811175	0.597346	0.374039	0.163525	-0.0100368	-0.124927	-0.184427	-0.202009	-0.193548	-0.168684	-0.136341	-0.105733	-0.0769103	-0.051829	-0.0234739	0.0114307	0.0361132	0.0387672	0.0404032	0.0667754	0.135696	0.240245	0.3603	0.480832	0.557065	0.557065	
0.203826	0.233825	0.255312	0.264305	0.266529	0.247724	0.213553	0.168578	0.105642	0.0362553	0.000109761	0.0372765	0.149616	0.321098	0.531362	0.75438	0.968922	1.16198	1.32358	1.42487	1.43804	1.36296	1.23033	1.06547	0.863511	0.630509	0.389252	0.161875	-0.0253107	-0.144817	-0.197067	-0.199617	-0.174999	-0.1363	-0.0853378	-0.0361111	0.00356172	0.0356387	0.0650676	0.105045	0.139079	0.151805	0.148993	0.151865	0.19281	0.267107	0.365125	0.467928	0.534712	0.534712	
0.200443	0.212377	0.219661	0.215523	0.207383	0.190912	0.168578	0.132525	0.0870859	0.0481855	0.0469163	0.118147	0.264874	0.461177	0.674629	0.884296	1.09053	1.27389	1.42217	1.50805	1.50351	1.40946	1.26249	1.08508	0.871398	0.633414	0.38211	0.146712	-0.0381814	-0.153649	-0.199644	-0.189186	-0.145673	-0.0882433	-0.02349	0.0377591	0.0852069	0.11837	0.145909	0.19147	0.236385	0.259482	0.258134	0.246	0.261891	0.306285	0.379095	0.460299	0.513381	0.513381	
0.175631	0.173695	0.168967	0.146942	0.134396	0.120259	0.105642	0.0870859	0.076005	0.0838136	0.125499	0.228611	0.399694	0.604055	0.812647	1.00916	1.19404	1.35038	1.47405	1.53916	1.51129	1.40077	1.24331	1.05697	0.841922	0.607129	0.357054	0.125353	-0.0563506	-0.168192	-0.204122	-0.178423	-0.118958	-0.0445688	0.0343433	0.10023	0.151328	0.188009	0.217448	0.271406	0.326691	0.361453	0.366775	0.344559	0.338801	0.352155	0.390312	0.442384	0.477518	0.477518	
0.130783	0.113675	0.101219	0.0761769	0.0579542	0.0412699	0.0362553	0.0481855	0.0838136	0.144389	0.232393	0.363147	0.539892	0.737946	0.934284	1.1091	1.26078	1.38796	1.48475	1.51887	1.46597	1.34257	1.17576	0.988069	0.78573	0.560998	0.323264	0.108305	-0.0595155	-0.162675	-0.196413	-0.167415	-0.100208	-0.0176653	0.0671273	0.138243	0.192614	0.233653	0.274496	0.338838	0.402338	0.446911	0.454849	0.42706	0.402975	0.383788	0.387022	0.407574	0.42386	0.42386	
0.055855	0.0327933	0.0248333	0.010771	-0.00888059	-0.0189309	0.000109761	0.0469163	0.125499	0.232393	0.360563	0.507214	0.673182	0.851441	1.02509	1.16436	1.27909	1.37495	1.44054	1.44684	1.3782	1.24746	1.07606	0.891961	0.700483	0.496406	0.287531	0.100182	-0.0466349	-0.133798	-0.161355	-0.142384	-0.0828903	-0.00305076	0.0785947	0.151277	0.20773	0.256222	0.306767	0.37536	0.444935	0.489257	0.497753	0.472808	0.432973	0.389134	0.361178	0.349311	0.350346	0.350346	
-0.0321903	-0.0495463	-0.042892	-0.0382639	-0.0364618	-0.0169228	0.0372765	0.118147	0.228611	0.363147	0.507214	0.647961	0.787962	0.932918	1.0659	1.16939	1.24717	1.31102	1.34891	1.33787	1.26342	1.12729	0.955888	0.77711	0.593884	0.406768	0.230211	0.0784563	-0.0319398	-0.0949256	-0.117443	-0.10166	-0.0517363	0.0158636	0.0885055	0.155022	0.202679	0.247719	0.303363	0.372064	0.440182	0.480904	0.48707	0.462989	0.413276	0.352651	0.299847	0.263357	0.253024	0.253024	
-0.108837	-0.11159	-0.0860706	-0.0474222	-0.00681829	0.0583206	0.149616	0.264874	0.399694	0.539892	0.673182	0.787962	0.884317	0.975382	1.05846	1.12381	1.17293	1.21419	1.23555	1.21305	1.1327	0.997884	0.832364	0.654066	0.47249	0.30163	0.155238	0.0410425	-0.0270863	-0.0608538	-0.0704967	-0.057307	-0.0201204	0.0363167	0.0962195	0.149096	0.183252	0.214208	0.260119	0.321226	0.380147	0.415534	0.418266	0.393446	0.342381	0.268665	0.197931	0.146987	0.124504	0.124504	
-0.161075	-0.136946	-0.0803039	-4.93623e-05	0.086809	0.195567	0.321098	0.461177	0.604055	0.737946	0.851441	0.932918	0.975382	1.0006	1.02967	1.05968	1.0875	1.11127	1.11874	1.08934	1.0118	0.883866	0.721743	0.539485	0.359057	0.202591	0.086921	0.0112828	-0.0254164	-0.039579	-0.0440927	-0.0296762	-0.000344439	0.0434304	0.090751	0.12318	0.139486	0.153279	0.182706	0.230075	0.275809	0.298661	0.293826	0.266787	0.213169	0.136434	0.0566323	-0.00468945	-0.0342122	-0.0342122	
-0.171541	-0.106103	-0.0114085	0.10603	0.239781	0.386082	0.531362	0.674629	0.812647	0.934284	1.02509	1.0659	1.05846	1.02967	1.01163	1.01198	1.02375	1.03968	1.03952	1.0093	0.930531	0.806876	0.643618	0.454068	0.272345	0.119801	0.0247281	-0.0198447	-0.0307818	-0.0320461	-0.0336037	-0.0228218	-0.00117699	0.030387	0.0623763	0.079155	0.0781359	0.0759782	0.0867093	0.113596	0.143241	0.148347	0.131577	0.0954036	0.032944	-0.0448557	-0.130944	-0.200415	-0.23454	-0.23454	
-0.131108	-0.0164071	0.112252	0.270018	0.437362	0.606905	0.75438	0.884296	1.00916	1.1091	1.16436	1.16939	1.12381	1.05968	1.01198	0.997112	1.005	1.01323	1.00841	0.972955	0.897876	0.775081	0.60369	0.403486	0.209787	0.058753	-0.0246319	-0.0513203	-0.0510841	-0.0458217	-0.0359216	-0.0223503	0.00135252	0.0267401	0.0355179	0.0321088	0.0138852	-0.00646416	-0.0137447	-0.0114461	-0.00446799	-0.0164902	-0.0521011	-0.101622	-0.176053	-0.265479	-0.360879	-0.445446	-0.489705	-0.489705	
-0.0515542	0.106723	0.273238	0.454716	0.643002	0.820605	0.968922	1.09053	1.19404	1.26078	1.27909	1.24717	1.17293	1.0875	1.02375	1.005	1.00898	1.01548	1.00724	0.965481	0.88605	0.75594	0.577298	0.371211	0.167936	0.014296	-0.0634403	-0.0840562	-0.0718514	-0.0542665	-0.030226	-0.00229001	0.0288801	0.0476698	0.0337417	0.00443077	-0.037565	-0.0801738	-0.112291	-0.136655	-0.157911	-0.187822	-0.238916	-0.309664	-0.397279	-0.502529	-0.613289	-0.711156	-0.768477	-0.768477	
0.0339094	0.235614	0.435353	0.62953	0.826192	1.01144	1.16198	1.27389	1.35038	1.38796	1.37495	1.31102	1.21419	1.11127	1.03968	1.01323	1.01548	1.01903	1.00494	0.957184	0.869255	0.73191	0.551668	0.343789	0.140073	-0.0138468	-0.0941242	-0.110743	-0.08752	-0.049506	-0.00659047	0.0422726	0.0833435	0.0918085	0.0613441	0.00613706	-0.0624162	-0.130365	-0.198414	-0.263263	-0.321078	-0.372071	-0.432752	-0.510752	-0.600648	-0.712871	-0.832172	-0.940325	-1.00849	-1.00849	
0.104335	0.338727	0.559188	0.769218	0.979587	1.17262	1.32358	1.42217	1.47405	1.48475	1.44054	1.34891	1.23555	1.11874	1.03952	1.00841	1.00724	1.00494	0.983946	0.930221	0.838587	0.701927	0.523049	0.312616	0.103286	-0.0547356	-0.135924	-0.14702	-0.10928	-0.0442806	0.0260812	0.101932	0.1544	0.163031	0.122118	0.0355196	-0.0593301	-0.155713	-0.263406	-0.366235	-0.454988	-0.529895	-0.597482	-0.673288	-0.766197	-0.873856	-0.989433	-1.10117	-1.16775	-1.16775	
0.158223	0.409126	0.644283	0.868209	1.08891	1.27817	1.42487	1.50805	1.53916	1.51887	1.44684	1.33787	1.21305	1.08934	1.0093	0.972955	0.965481	0.957184	0.930221	0.881368	0.785375	0.651283	0.475849	0.265944	0.0562133	-0.11057	-0.203061	-0.207253	-0.150388	-0.0567115	0.0522672	0.1518	0.22281	0.239043	0.194008	0.10024	-0.0128975	-0.134933	-0.269996	-0.405888	-0.526105	-0.617462	-0.688732	-0.765357	-0.856851	-0.964484	-1.08489	-1.19658	-1.26555	-1.26555	
0.19718	0.448218	0.68504	0.911882	1.12544	1.30648	1.43804	1.50351	1.51129	1.46597	1.3782	1.26342	1.1327	1.0118	0.930531	0.897876	0.88605	0.869255	0.838587	0.785375	0.698373	0.574263	0.407019	0.200422	-0.0143845	-0.185413	-0.279296	-0.282202	-0.210273	-0.0944754	0.0434048	0.166155	0.259529	0.300753	0.268098	0.184396	0.0712085	-0.0609145	-0.204673	-0.354143	-0.492571	-0.596253	-0.679969	-0.767426	-0.867459	-0.990111	-1.1195	-1.23366	-1.30553	-1.30553	
0.222054	0.459487	0.683418	0.89675	1.09594	1.25872	1.36296	1.40946	1.40077	1.34257	1.24746	1.12729	0.997884	0.883866	0.806876	0.775081	0.75594	0.73191	0.701927	0.651283	0.574263	0.458926	0.29855	0.0977261	-0.113603	-0.282798	-0.373125	-0.371529	-0.289384	-0.15885	-0.00272823	0.143174	0.261531	0.332173	0.334299	0.279049	0.181965	0.0622084	-0.0757293	-0.224616	-0.368488	-0.484495	-0.585913	-0.689066	-0.805088	-0.944531	-1.07983	-1.19704	-1.26632	-1.26632	
0.232053	0.445012	0.644687	0.837123	1.01472	1.15034	1.23033	1.26249	1.24331	1.17576	1.07606	0.955888	0.832364	0.721743	0.643618	0.60369	0.577298	0.551668	0.523049	0.475849	0.407019	0.29855	0.14257	-0.0514641	-0.250202	-0.40984	-0.492205	-0.482919	-0.392947	-0.24833	-0.0780237	0.0942417	0.243966	0.349873	0.392457	0.375277	0.306705	0.207039	0.0880849	-0.0516051	-0.190527	-0.319688	-0.437387	-0.554225	-0.688608	-0.82932	-0.964046	-1.07574	-1.13601	-1.13601	
0.234246	0.409888	0.572685	0.73679	0.884208	0.998325	1.06547	1.08508	1.05697	0.988069	0.891961	0.77711	0.654066	0.539485	0.454068	0.403486	0.371211	0.343789	0.312616	0.265944	0.200422	0.0977261	-0.0514641	-0.232191	-0.417888	-0.561811	-0.625638	-0.605846	-0.508454	-0.349996	-0.160213	0.0381696	0.220678	0.365392	0.448038	0.465012	0.428753	0.351846	0.252292	0.128064	-0.00200738	-0.136588	-0.26811	-0.394951	-0.536672	-0.670644	-0.792714	-0.887005	-0.937196	-0.937196	
0.238402	0.361933	0.479216	0.603688	0.718458	0.811175	0.863511	0.871398	0.841922	0.78573	0.700483	0.593884	0.47249	0.359057	0.272345	0.209787	0.167936	0.140073	0.103286	0.0562133	-0.0143845	-0.113603	-0.250202	-0.417888	-0.578793	-0.69877	-0.748197	-0.717826	-0.61038	-0.443201	-0.240654	-0.0191851	0.196921	0.369712	0.488998	0.54352	0.535394	0.482267	0.400294	0.289485	0.163376	0.0303303	-0.108748	-0.242899	-0.379136	-0.500736	-0.602451	-0.67632	-0.716303	-0.716303	
0.247999	0.309776	0.377884	0.457074	0.531061	0.597346	0.630509	0.633414	0.607129	0.560998	0.496406	0.406768	0.30163	0.202591	0.119801	0.058753	0.014296	-0.0138468	-0.0547356	-0.11057	-0.185413	-0.282798	-0.40984	-0.561811	-0.69877	-0.798968	-0.83496	-0.798682	-0.688401	-0.52251	-0.312984	-0.0760454	0.157147	0.358057	0.505582	0.589168	0.612429	0.584661	0.517876	0.420406	0.302105	0.167527	0.0243245	-0.116065	-0.251356	-0.358634	-0.438805	-0.495054	-0.523663	-0.523663	
0.258382	0.267965	0.283716	0.315882	0.341075	0.374039	0.389252	0.38211	0.357054	0.323264	0.287531	0.230211	0.155238	0.086921	0.0247281	-0.0246319	-0.0634403	-0.0941242	-0.135924	-0.203061	-0.279296	-0.373125	-0.492205	-0.625638	-0.748197	-0.83496	-0.866581	-0.835424	-0.737341	-0.58544	-0.382284	-0.146349	0.0928301	0.314392	0.483781	0.597506	0.654347	0.649639	0.599817	0.508965	0.395069	0.263452	0.118355	-0.0250711	-0.160239	-0.261299	-0.330677	-0.378194	-0.403815	-0.403815	
0.25802	0.224964	0.198183	0.179893	0.167109	0.163525	0.161875	0.146712	0.125353	0.108305	0.100182	0.0784563	0.0410425	0.0112828	-0.0198447	-0.0513203	-0.0840562	-0.110743	-0.14702	-0.207253	-0.282202	-0.371529	-0.482919	-0.605846	-0.717826	-0.798682	-0.835424	-0.819371	-0.742693	-0.614669	-0.436024	-0.217197	0.0204132	0.247432	0.431134	0.570731	0.648936	0.659485	0.621264	0.533539	0.422104	0.297198	0.157716	0.0122177	-0.121107	-0.217087	-0.281504	-0.319787	-0.34441	-0.34441	
0.218074	0.161445	0.107699	0.0582837	0.0203731	-0.0100368	-0.0253107	-0.0381814	-0.0563506	-0.0595155	-0.0466349	-0.0319398	-0.0270863	-0.0254164	-0.0307818	-0.0510841	-0.0718514	-0.08752	-0.10928	-0.150388	-0.210273	-0.289384	-0.392947	-0.508454	-0.61038	-0.688401	-0.737341	-0.742693	-0.703284	-0.607171	-0.457347	-0.261462	-0.0367609	0.180633	0.369501	0.512127	0.594642	0.614404	0.572835	0.482574	0.374378	0.254487	0.125223	-0.0102206	-0.13662	-0.225659	-0.280492	-0.312657	-0.333451	-0.333451	
0.14004	0.0782821	0.0165825	-0.0402937	-0.0880102	-0.124927	-0.144817	-0.153649	-0.168192	-0.162675	-0.133798	-0.0949256	-0.0608538	-0.039579	-0.0320461	-0.0458217	-0.0542665	-0.049506	-0.0442806	-0.0567115	-0.0944754	-0.15885	-0.24833	-0.349996	-0.443201	-0.52251	-0.58544	-0.614669	-0.607171	-0.543299	-0.425942	-0.259649	-0.0609122	0.136493	0.315036	0.444598	0.516845	0.522132	0.461469	0.361777	0.244604	0.133654	0.0212083	-0.0961359	-0.203513	-0.282321	-0.322422	-0.349471	-0.362134	-0.362134	
0.0414828	-0.0130142	-0.0675655	-0.119156	-0.153298	-0.184427	-0.197067	-0.199644	-0.204122	-0.196413	-0.161355	-0.117443	-0.0704967	-0.0440927	-0.0336037	-0.0359216	-0.030226	-0.00659047	0.0260812	0.0522672	0.0434048	-0.00272823	-0.0780237	-0.160213	-0.240654	-0.312984	-0.382284	-0.436024	-0.457347	-0.425942	-0.339688	-0.20586	-0.0416366	0.12299	0.270823	0.370579	0.412983	0.390724	0.306778	0.192933	0.0682563	-0.0386686	-0.134159	-0.234424	-0.320072	-0.381615	-0.409445	-0.418527	-0.423611	-0.423611	
-0.0535118	-0.0909653	-0.131397	-0.166304	-0.184889	-0.202009	-0.199617	-0.189186	-0.178423	-0.167415	-0.142384	-0.10166	-0.057307	-0.0296762	-0.0228218	-0.0223503	-0.00229001	0.0422726	0.101932	0.1518	0.166155	0.143174	0.0942417	0.0381696	-0.0191851	-0.0760454	-0.146349	-0.217197	-0.261462	-0.259649	-0.20586	-0.109673	0.0055323	0.122666	0.225009	0.283612	0.289837	0.238119	0.13035	-8.07743e-05	-0.130635	-0.238943	-0.319436	-0.397827	-0.46138	-0.501854	-0.51778	-0.511597	-0.508221	-0.508221	
-0.1256	-0.142285	-0.162984	-0.186317	-0.194405	-0.193548	-0.174999	-0.145673	-0.118958	-0.100208	-0.0828903	-0.0517363	-0.0201204	-0.000344439	-0.00117699	0.00135252	0.0288801	0.0833435	0.1544	0.22281	0.259529	0.261531	0.243966	0.220678	0.196921	0.157147	0.0928301	0.0204132	-0.0367609	-0.0609122	-0.0416366	0.0055323	0.0612762	0.121123	0.171058	0.186938	0.157069	0.0746548	-0.0539733	-0.196803	-0.335056	-0.439084	-0.508761	-0.566266	-0.601206	-0.622537	-0.62036	-0.596662	-0.583598	-0.583598	
-0.180635	-0.172572	-0.177127	-0.189407	-0.186391	-0.168684	-0.1363	-0.0882433	-0.0445688	-0.0176653	-0.00305076	0.0158636	0.0363167	0.0434304	0.030387	0.0267401	0.0476698	0.0918085	0.163031	0.239043	0.300753	0.332173	0.349873	0.365392	0.369712	0.358057	0.314392	0.247432	0.180633	0.136493	0.12299	0.122666	0.121123	0.121949	0.114239	0.0835352	0.0201093	-0.0877722	-0.22924	-0.379499	-0.518126	-0.621581	-0.680309	-0.713565	-0.722673	-0.713473	-0.690121	-0.649205	-0.622606	-0.622606	
-0.222444	-0.199343	-0.19067	-0.18674	-0.172238	-0.136341	-0.0853378	-0.02349	0.0343433	0.0671273	0.0785947	0.0885055	0.0962195	0.090751	0.0623763	0.0355179	0.0337417	0.0613441	0.122118	0.194008	0.268098	0.334299	0.392457	0.448038	0.488998	0.505582	0.483781	0.431134	0.369501	0.315036	0.270823	0.225009	0.171058	0.114239	0.0549256	-0.0126729	-0.105423	-0.233075	-0.383918	-0.540604	-0.676878	-0.773025	-0.818113	-0.820993	-0.796658	-0.755513	-0.705527	-0.64873	-0.610483	-0.610483	
-0.263722	-0.233383	-0.211094	-0.193407	-0.160617	-0.105733	-0.0361111	0.0377591	0.10023	0.138243	0.151277	0.155022	0.149096	0.12318	0.079155	0.0321088	0.00443077	0.00613706	0.0355196	0.10024	0.184396	0.279049	0.375277	0.465012	0.54352	0.589168	0.597506	0.570731	0.512127	0.444598	0.370579	0.283612	0.186938	0.0835352	-0.0126729	-0.109116	-0.224532	-0.360076	-0.512171	-0.667645	-0.79389	-0.875469	-0.904296	-0.875866	-0.814704	-0.74049	-0.661012	-0.586653	-0.538473	-0.538473	
-0.305867	-0.270473	-0.23535	-0.198567	-0.148346	-0.0769103	0.00356172	0.0852069	0.151328	0.192614	0.20773	0.202679	0.183252	0.139486	0.0781359	0.0138852	-0.037565	-0.0624162	-0.0593301	-0.0128975	0.0712085	0.181965	0.306705	0.428753	0.535394	0.612429	0.654347	0.648936	0.594642	0.516845	0.412983	0.289837	0.157069	0.0201093	-0.105423	-0.224532	-0.343819	-0.477045	-0.618934	-0.75575	-0.863788	-0.925462	-0.928679	-0.866823	-0.773244	-0.663473	-0.556916	-0.472716	-0.414454	-0.414454	
-0.337575	-0.296025	-0.248742	-0.192398	-0.131141	-0.051829	0.0356387	0.11837	0.188009	0.233653	0.256222	0.247719	0.214208	0.153279	0.0759782	-0.00646416	-0.0801738	-0.130365	-0.155713	-0.134933	-0.0609145	0.0622084	0.207039	0.351846	0.482267	0.584661	0.649639	0.659485	0.614404	0.522132	0.390724	0.238119	0.0746548	-0.0877722	-0.233075	-0.360076	-0.477045	-0.592106	-0.705286	-0.809918	-0.883323	-0.91082	-0.882338	-0.791585	-0.667961	-0.535659	-0.414234	-0.321576	-0.264067	-0.264067	
-0.341587	-0.294851	-0.237544	-0.170574	-0.102091	-0.0234739	0.0650676	0.145909	0.217448	0.274496	0.306767	0.303363	0.260119	0.182706	0.0867093	-0.0137447	-0.112291	-0.198414	-0.263406	-0.269996	-0.204673	-0.0757293	0.0880849	0.252292	0.400294	0.517876	0.599817	0.621264	0.572835	0.461469	0.306778	0.13035	-0.0539733	-0.22924	-0.383918	-0.512171	-0.618934	-0.705286	-0.779208	-0.838587	-0.866102	-0.85116	-0.783956	-0.664506	-0.515934	-0.368108	-0.240947	-0.147641	-0.0952932	-0.0952932	
-0.311155	-0.272475	-0.217008	-0.147273	-0.0728907	0.0114307	0.105045	0.19147	0.271406	0.338838	0.37536	0.372064	0.321226	0.230075	0.113596	-0.0114461	-0.136655	-0.263263	-0.366235	-0.405888	-0.354143	-0.224616	-0.0516051	0.128064	0.289485	0.420406	0.508965	0.533539	0.482574	0.361777	0.192933	-8.07743e-05	-0.196803	-0.379499	-0.540604	-0.667645	-0.75575	-0.809918	-0.838587	-0.841275	-0.818528	-0.758588	-0.653037	-0.510236	-0.345979	-0.190396	-0.0616867	0.0288531	0.0761676	0.0761676	
-0.259435	-0.236664	-0.195655	-0.132785	-0.0584453	0.0361132	0.139079	0.236385	0.326691	0.402338	0.444935	0.440182	0.380147	0.275809	0.143241	-0.00446799	-0.157911	-0.321078	-0.454988	-0.526105	-0.492571	-0.368488	-0.190527	-0.00200738	0.163376	0.302105	0.395069	0.422104	0.374378	0.244604	0.0682563	-0.130635	-0.335056	-0.518126	-0.676878	-0.79389	-0.863788	-0.883323	-0.866102	-0.818528	-0.748554	-0.648908	-0.511129	-0.352631	-0.180626	-0.0253742	0.0962254	0.178786	0.218799	0.218799	
-0.195275	-0.197951	-0.179259	-0.132578	-0.0601666	0.0387672	0.151805	0.259482	0.361453	0.446911	0.489257	0.480904	0.415534	0.298661	0.148347	-0.0164902	-0.187822	-0.372071	-0.529895	-0.617462	-0.596253	-0.484495	-0.319688	-0.136588	0.0303303	0.167527	0.263452	0.297198	0.254487	0.133654	-0.0386686	-0.238943	-0.439084	-0.621581	-0.773025	-0.875469	-0.925462	-0.91082	-0.85116	-0.758588	-0.648908	-0.517418	-0.365765	-0.204518	-0.0395979	0.0975566	0.206313	0.274753	0.305622	0.305622	
-0.123182	-0.148368	-0.147126	-0.118647	-0.0547713	0.0404032	0.148993	0.258134	0.366775	0.454849	0.497753	0.48707	0.418266	0.293826	0.131577	-0.0521011	-0.238916	-0.432752	-0.597482	-0.688732	-0.679969	-0.585913	-0.437387	-0.26811	-0.108748	0.0243245	0.118355	0.157716	0.125223	0.0212083	-0.134159	-0.319436	-0.508761	-0.680309	-0.818113	-0.904296	-0.928679	-0.882338	-0.783956	-0.653037	-0.511129	-0.365765	-0.213962	-0.0679065	0.0665142	0.177078	0.256715	0.303372	0.323618	0.323618	
-0.0334563	-0.0647987	-0.0701625	-0.0539716	-0.00889203	0.0667754	0.151865	0.246	0.344559	0.42706	0.472808	0.462989	0.393446	0.266787	0.0954036	-0.101622	-0.309664	-0.510752	-0.673288	-0.765357	-0.767426	-0.689066	-0.554225	-0.394951	-0.242899	-0.116065	-0.0250711	0.0122177	-0.0102206	-0.0961359	-0.234424	-0.397827	-0.566266	-0.713565	-0.820993	-0.875866	-0.866823	-0.791585	-0.664506	-0.510236	-0.352631	-0.204518	-0.0679065	0.0518277	0.147529	0.218783	0.262594	0.280116	0.286398	0.286398	
0.0737862	0.0474943	0.0432021	0.0548824	0.0867392	0.135696	0.19281	0.261891	0.338801	0.402975	0.432973	0.413276	0.342381	0.213169	0.032944	-0.176053	-0.397279	-0.600648	-0.766197	-0.856851	-0.867459	-0.805088	-0.688608	-0.536672	-0.379136	-0.251356	-0.160239	-0.121107	-0.13662	-0.203513	-0.320072	-0.46138	-0.601206	-0.722673	-0.796658	-0.814704	-0.773244	-0.667961	-0.515934	-0.345979	-0.180626	-0.0395979	0.0665142	0.147529	0.19862	0.224633	0.234306	0.227756	0.220836	0.220836	
0.187876	0.175421	0.182148	0.195364	0.215839	0.240245	0.267107	0.306285	0.352155	0.383788	0.389134	0.352651	0.268665	0.136434	-0.0448557	-0.265479	-0.502529	-0.712871	-0.873856	-0.964484	-0.990111	-0.944531	-0.82932	-0.670644	-0.500736	-0.358634	-0.261299	-0.217087	-0.225659	-0.282321	-0.381615	-0.501854	-0.622537	-0.713473	-0.755513	-0.74049	-0.663473	-0.535659	-0.368108	-0.190396	-0.0253742	0.0975566	0.177078	0.218783	0.224633	0.216537	0.188972	0.159205	0.140446	0.140446	
0.304097	0.307277	0.323504	0.342835	0.356324	0.3603	0.365125	0.379095	0.390312	0.387022	0.361178	0.299847	0.197931	0.0566323	-0.130944	-0.360879	-0.613289	-0.832172	-0.989433	-1.08489	-1.1195	-1.07983	-0.964046	-0.792714	-0.602451	-0.438805	-0.330677	-0.281504	-0.280492	-0.322422	-0.409445	-0.51778	-0.62036	-0.690121	-0.705527	-0.661012	-0.556916	-0.414234	-0.240947	-0.0616867	0.0962254	0.206313	0.256715	0.262594	0.234306	0.188972	0.135119	0.0873964	0.0574935	0.0574935	
0.405857	0.425624	0.450533	0.477971	0.490938	0.480832	0.467928	0.460299	0.442384	0.407574	0.349311	0.263357	0.146987	-0.00468945	-0.200415	-0.445446	-0.711156	-0.940325	-1.10117	-1.19658	-1.23366	-1.19704	-1.07574	-0.887005	-0.67632	-0.495054	-0.378194	-0.319787	-0.312657	-0.349471	-0.418527	-0.511597	-0.596662	-0.649205	-0.64873	-0.586653	-0.472716	-0.321576	-0.147641	0.0288531	0.178786	0.274753	0.303372	0.280116	0.227756	0.159205	0.0873964	0.026925	-0.00876971	-0.00876971	
0.471586	0.500977	0.53357	0.565162	0.576267	0.557065	0.534712	0.513381	0.477518	0.42386	0.350346	0.253024	0.124504	-0.0342122	-0.23454	-0.489705	-0.768477	-1.00849	-1.16775	-1.26555	-1.30553	-1.26632	-1.13601	-0.937196	-0.716303	-0.523663	-0.403815	-0.34441	-0.333451	-0.362134	-0.423611	-0.508221	-0.583598	-0.622606	-0.610483	-0.538473	-0.414454	-0.264067	-0.0952932	0.0761676	0.218799	0.305622	0.323618	0.286398	0.220836	0.140446	0.0574935	-0.00876971	-0.0492615	-0.0492615	
0.471586	0.500977	0.53357	0.565162	0.576267	0.557065	0.534712	0.513381	0.477518	0.42386	0.350346	0.253024	0.124504	-0.0342122	-0.23454	-0.489705	-0.768477	-1.00849	-1.16775	-1.26555	-1.30553	-1.26632	-1.13601	-0.937196	-0.716303	-0.523663	-0.403815	-0.34441	-0.333451	-0.362134	-0.423611	-0.508221	-0.583598	-0.622606	-0.610483	-0.538473	-0.414454	-0.264067	-0.0952932	0.0761676	0.218799	0.305622	0.323618	0.286398	0.220836	0.140446	0.0574935	-0.00876971	-0.0492615	-0.0492615	
