-0.318638	-0.265876	-0.240446	-0.220913	-0.198228	-0.152026	-0.0814645	0.00807693	0.098454	0.162261	0.166682	0.0850102	-0.0669013	-0.258982	-0.46043	-0.648173	-0.812377	-0.958004	-1.07753	-1.14001	-1.11501	-1.01085	-0.862916	-0.689397	-0.494807	-0.273189	-0.0408182	0.168833	0.331642	0.416817	0.424555	0.391053	0.348025	0.320135	0.323171	0.358333	0.412431	0.472898	0.525831	0.554294	0.575908	0.625086	0.710174	0.825091	0.948607	1.05252	1.12811	1.17092	1.18263	1.18263	
-0.265876	-0.227039	-0.206652	-0.186797	-0.16124	-0.117824	-0.0544425	0.0302995	0.11932	0.192016	0.208611	0.145175	0.0162442	-0.156268	-0.342472	-0.520948	-0.678941	-0.815189	-0.923162	-0.984657	-0.977444	-0.90612	-0.797076	-0.66031	-0.498802	-0.314356	-0.126054	0.0415269	0.166701	0.219738	0.206858	0.165326	0.12585	0.107414	0.116869	0.15387	0.210705	0.282681	0.361385	0.428857	0.494804	0.587838	0.718508	0.879475	1.04634	1.19651	1.32386	1.41476	1.45659	1.45659	
-0.240446	-0.206652	-0.17979	-0.151931	-0.127312	-0.0916193	-0.0387814	0.0321026	0.110255	0.177638	0.203499	0.168782	0.0775919	-0.0552944	-0.207703	-0.358975	-0.491484	-0.602371	-0.690187	-0.745232	-0.754116	-0.723246	-0.661819	-0.57225	-0.461581	-0.328564	-0.194116	-0.083546	-0.0081311	0.01609	-0.00338435	-0.0414864	-0.0758596	-0.088951	-0.073793	-0.0328361	0.0231536	0.0942421	0.18413	0.281414	0.386286	0.51585	0.684278	0.8899	1.10758	1.3131	1.49333	1.62559	1.69114	1.69114	
-0.220913	-0.186797	-0.151931	-0.126487	-0.112389	-0.0906745	-0.0569255	-0.00801083	0.0453039	0.102528	0.142428	0.145459	0.106855	0.0281584	-0.0724695	-0.174357	-0.264086	-0.342006	-0.406139	-0.453292	-0.477246	-0.47854	-0.461181	-0.427581	-0.375818	-0.303395	-0.233902	-0.184413	-0.161752	-0.174772	-0.20821	-0.241499	-0.261379	-0.260958	-0.23751	-0.188188	-0.12442	-0.0546086	0.0275881	0.12767	0.252995	0.41441	0.622328	0.871468	1.13385	1.38537	1.60655	1.76784	1.84924	1.84924	
-0.198228	-0.16124	-0.127312	-0.112389	-0.111971	-0.10867	-0.0972287	-0.0812799	-0.0564422	-0.00895177	0.0450581	0.0873729	0.0985741	0.0770407	0.0406389	0.0029489	-0.032818	-0.0709239	-0.111269	-0.149603	-0.176533	-0.197285	-0.213471	-0.22602	-0.236621	-0.234998	-0.232723	-0.24693	-0.286422	-0.346093	-0.397382	-0.422141	-0.420128	-0.399258	-0.36082	-0.299617	-0.229548	-0.164495	-0.0964864	-0.00685768	0.122566	0.304828	0.546822	0.831143	1.12176	1.39757	1.63957	1.81699	1.90903	1.90903	
-0.152026	-0.117824	-0.0916193	-0.0906745	-0.10867	-0.12785	-0.150243	-0.17118	-0.173953	-0.136506	-0.0700229	0.00102013	0.0539205	0.0892543	0.121262	0.154408	0.178418	0.180165	0.164478	0.1434	0.121254	0.0948335	0.0625281	0.00824762	-0.0656796	-0.136948	-0.208169	-0.284777	-0.373751	-0.468129	-0.536373	-0.560259	-0.539341	-0.492524	-0.4381	-0.3733	-0.302569	-0.239282	-0.179978	-0.100228	0.024013	0.207915	0.460744	0.759616	1.06172	1.34513	1.58996	1.76808	1.8621	1.8621	
-0.0814645	-0.0544425	-0.0387814	-0.0569255	-0.0972287	-0.150243	-0.209235	-0.264238	-0.290044	-0.260561	-0.191009	-0.101614	-0.0141792	0.0738532	0.173483	0.277667	0.359689	0.4041	0.420153	0.417536	0.402655	0.372105	0.318828	0.227581	0.100318	-0.0384193	-0.170546	-0.291055	-0.413432	-0.530588	-0.611051	-0.635357	-0.603085	-0.54225	-0.476551	-0.404603	-0.333269	-0.275616	-0.223519	-0.149877	-0.0365308	0.129652	0.365069	0.650713	0.944762	1.22403	1.46328	1.63514	1.7267	1.7267	
0.00807693	0.0302995	0.0321026	-0.00801083	-0.0812799	-0.17118	-0.264238	-0.347344	-0.389331	-0.372088	-0.304009	-0.200244	-0.0813682	0.0565035	0.216269	0.379005	0.511198	0.596758	0.642181	0.659389	0.647593	0.602773	0.52971	0.409489	0.241532	0.056519	-0.120098	-0.276197	-0.420193	-0.543003	-0.621082	-0.644879	-0.61318	-0.546018	-0.46831	-0.388985	-0.316683	-0.264011	-0.225175	-0.169151	-0.0761248	0.0623697	0.260917	0.506736	0.770381	1.03431	1.26881	1.44287	1.5393	1.5393	
0.098454	0.11932	0.110255	0.0453039	-0.0564422	-0.173953	-0.290044	-0.389331	-0.445937	-0.441517	-0.37707	-0.263404	-0.119807	0.0526081	0.248813	0.448684	0.61771	0.739263	0.820843	0.861598	0.849784	0.790354	0.691652	0.543047	0.351628	0.138855	-0.0649529	-0.240535	-0.395971	-0.518644	-0.591355	-0.609283	-0.570399	-0.497975	-0.416207	-0.330221	-0.253139	-0.208763	-0.192766	-0.166308	-0.107783	-0.0110882	0.138151	0.332914	0.55641	0.799169	1.03081	1.21505	1.32285	1.32285	
0.162261	0.192016	0.177638	0.102528	-0.00895177	-0.136506	-0.260561	-0.372088	-0.441517	-0.450744	-0.392126	-0.273348	-0.117407	0.0683794	0.277865	0.493654	0.684064	0.838416	0.953004	1.01347	1.0025	0.923448	0.798305	0.632685	0.431626	0.211909	0.00279308	-0.182983	-0.348618	-0.471947	-0.534533	-0.536035	-0.486751	-0.41096	-0.32525	-0.238661	-0.166678	-0.13224	-0.138757	-0.153304	-0.146543	-0.101747	-0.00355439	0.14411	0.333894	0.557875	0.782369	0.968629	1.08089	1.08089	
0.166682	0.208611	0.203499	0.142428	0.0450581	-0.0700229	-0.191009	-0.304009	-0.37707	-0.392126	-0.334217	-0.214971	-0.0602781	0.120154	0.320948	0.530047	0.726504	0.898319	1.03415	1.11094	1.09786	1.00461	0.86223	0.684292	0.484285	0.272642	0.0714828	-0.109785	-0.272528	-0.390033	-0.444671	-0.437692	-0.378919	-0.294304	-0.209076	-0.135269	-0.0810161	-0.0687215	-0.106304	-0.160302	-0.197151	-0.197176	-0.143758	-0.0333728	0.131828	0.336917	0.544368	0.718394	0.82401	0.82401	
0.0850102	0.145175	0.168782	0.145459	0.0873729	0.00102013	-0.101614	-0.200244	-0.263404	-0.273348	-0.214971	-0.103025	0.0402862	0.203923	0.384102	0.577054	0.76528	0.938819	1.08235	1.16007	1.14183	1.03945	0.883469	0.703333	0.514324	0.320362	0.141818	-0.0205066	-0.167413	-0.273197	-0.321758	-0.30682	-0.242695	-0.16235	-0.0904595	-0.0436315	-0.0306698	-0.0593753	-0.126442	-0.204623	-0.264712	-0.285892	-0.257336	-0.175484	-0.0367601	0.143044	0.327955	0.485358	0.580746	0.580746	
-0.0669013	0.0162442	0.0775919	0.106855	0.0985741	0.0539205	-0.0141792	-0.0813682	-0.119807	-0.117407	-0.0602781	0.0402862	0.168891	0.313344	0.472605	0.640886	0.807076	0.965723	1.09474	1.16121	1.1378	1.03318	0.880052	0.711085	0.539657	0.369567	0.216275	0.0789612	-0.0393101	-0.120156	-0.153457	-0.138859	-0.0940496	-0.0395482	0.00221621	0.00555412	-0.0319785	-0.103458	-0.199966	-0.294271	-0.35524	-0.371159	-0.349064	-0.285875	-0.169629	-0.0141466	0.150411	0.295062	0.382903	0.382903	
-0.258982	-0.156268	-0.0552944	0.0281584	0.0770407	0.0892543	0.0738532	0.0565035	0.0526081	0.0683794	0.120154	0.203923	0.313344	0.437866	0.570115	0.703377	0.835284	0.960434	1.06199	1.1114	1.08538	0.994333	0.8624	0.720852	0.581462	0.443984	0.31987	0.208986	0.120103	0.0633892	0.0356357	0.0339783	0.0457354	0.0574221	0.0518494	0.00748681	-0.0776321	-0.190283	-0.310606	-0.412939	-0.47175	-0.479268	-0.449723	-0.383144	-0.269582	-0.123304	0.0328815	0.171987	0.254654	0.254654	
-0.46043	-0.342472	-0.207703	-0.0724695	0.0406389	0.121262	0.173483	0.216269	0.248813	0.277865	0.320948	0.384102	0.472605	0.570115	0.6647	0.750421	0.830058	0.90797	0.972361	1.00045	0.982222	0.922701	0.835382	0.7467	0.659127	0.56648	0.470661	0.376091	0.30257	0.252996	0.221035	0.199856	0.168529	0.123243	0.0622817	-0.032517	-0.161991	-0.304502	-0.440449	-0.55401	-0.617104	-0.616839	-0.571888	-0.48518	-0.35033	-0.186188	-0.0159116	0.13052	0.213156	0.213156	
-0.648173	-0.520948	-0.358975	-0.174357	0.0029489	0.154408	0.277667	0.379005	0.448684	0.493654	0.530047	0.577054	0.640886	0.703377	0.750421	0.774255	0.792632	0.8174	0.840147	0.851217	0.848541	0.830274	0.801449	0.777299	0.751048	0.710128	0.646178	0.567436	0.500682	0.449935	0.406966	0.354132	0.272565	0.170125	0.0494221	-0.100814	-0.27499	-0.448179	-0.59841	-0.713571	-0.772873	-0.766898	-0.708001	-0.592747	-0.420527	-0.216926	-0.0087065	0.165498	0.260453	0.260453	
-0.812377	-0.678941	-0.491484	-0.264086	-0.032818	0.178418	0.359689	0.511198	0.61771	0.684064	0.726504	0.76528	0.807076	0.835284	0.830058	0.792632	0.752091	0.723152	0.70606	0.699121	0.706195	0.723826	0.748716	0.784099	0.819976	0.839101	0.817135	0.762085	0.706315	0.651228	0.587236	0.499149	0.372143	0.212454	0.026947	-0.183993	-0.409215	-0.615271	-0.774097	-0.883071	-0.933257	-0.915429	-0.834358	-0.686014	-0.474193	-0.223056	0.0359584	0.249769	0.364794	0.364794	
-0.958004	-0.815189	-0.602371	-0.342006	-0.0709239	0.180165	0.4041	0.596758	0.739263	0.838416	0.898319	0.938819	0.965723	0.960434	0.90797	0.8174	0.723152	0.646544	0.591438	0.562198	0.571986	0.615207	0.680547	0.764628	0.857509	0.933156	0.956773	0.936689	0.896488	0.835981	0.75278	0.630372	0.456598	0.243107	0.0018153	-0.260692	-0.530356	-0.770859	-0.948729	-1.0566	-1.09046	-1.04913	-0.935344	-0.746219	-0.491998	-0.197646	0.10039	0.341544	0.470966	0.470966	
-1.07753	-0.923162	-0.690187	-0.406139	-0.111269	0.164478	0.420153	0.642181	0.820843	0.953004	1.03415	1.08235	1.09474	1.06199	0.972361	0.840147	0.70606	0.591438	0.502573	0.454518	0.464342	0.523142	0.618756	0.739564	0.872135	0.99071	1.05678	1.06874	1.04122	0.978197	0.87486	0.716397	0.506932	0.260305	-0.0158679	-0.31254	-0.616093	-0.889387	-1.08895	-1.19874	-1.22043	-1.15546	-1.00026	-0.762668	-0.469584	-0.148303	0.163289	0.406737	0.536259	0.536259	
-1.14001	-0.984657	-0.745232	-0.453292	-0.149603	0.1434	0.417536	0.659389	0.861598	1.01347	1.11094	1.16007	1.16121	1.1114	1.00045	0.851217	0.699121	0.562198	0.454518	0.397022	0.404867	0.474438	0.589204	0.725384	0.875931	1.01512	1.10158	1.13291	1.11518	1.0485	0.928763	0.750874	0.526304	0.261762	-0.0359796	-0.350491	-0.665875	-0.949792	-1.15948	-1.27064	-1.2828	-1.19819	-1.01299	-0.746017	-0.433384	-0.103748	0.201184	0.429919	0.551031	0.551031	
-1.11501	-0.977444	-0.754116	-0.477246	-0.176533	0.121254	0.402655	0.647593	0.849784	1.0025	1.09786	1.14183	1.1378	1.08538	0.982222	0.848541	0.706195	0.571986	0.464342	0.404867	0.412761	0.486058	0.599682	0.731365	0.872686	0.995926	1.07878	1.11637	1.1006	1.03622	0.918276	0.739609	0.511692	0.239153	-0.0659639	-0.379868	-0.684777	-0.954147	-1.14799	-1.2402	-1.2386	-1.15098	-0.96835	-0.708005	-0.405491	-0.0895339	0.196062	0.408003	0.523027	0.523027	
-1.01085	-0.90612	-0.723246	-0.47854	-0.197285	0.0948335	0.372105	0.602773	0.790354	0.923448	1.00461	1.03945	1.03318	0.994333	0.922701	0.830274	0.723826	0.615207	0.523142	0.474438	0.486058	0.551736	0.651099	0.758002	0.856572	0.936894	0.99461	1.01866	1.00226	0.948699	0.841404	0.674675	0.460168	0.198553	-0.0977585	-0.399145	-0.675549	-0.901348	-1.05215	-1.11443	-1.10215	-1.02283	-0.865842	-0.643918	-0.381066	-0.100834	0.152679	0.342571	0.449041	0.449041	
-0.862916	-0.797076	-0.661819	-0.461181	-0.213471	0.0625281	0.318828	0.52971	0.691652	0.798305	0.86223	0.883469	0.880052	0.8624	0.835382	0.801449	0.748716	0.680547	0.618756	0.589204	0.599682	0.651099	0.722736	0.78437	0.826705	0.849317	0.862372	0.863749	0.843277	0.794149	0.700233	0.560067	0.376058	0.141743	-0.128527	-0.395832	-0.62208	-0.792728	-0.900158	-0.936151	-0.913966	-0.843604	-0.718713	-0.543944	-0.331524	-0.105923	0.0921582	0.239719	0.324622	0.324622	
-0.689397	-0.66031	-0.57225	-0.427581	-0.22602	0.00824762	0.227581	0.409489	0.543047	0.632685	0.684292	0.703333	0.711085	0.720852	0.7467	0.777299	0.784099	0.764628	0.739564	0.725384	0.731365	0.758002	0.78437	0.794366	0.773099	0.729318	0.697838	0.67555	0.647022	0.602436	0.525773	0.414431	0.262702	0.0674041	-0.15243	-0.364447	-0.53625	-0.655704	-0.723116	-0.739415	-0.712461	-0.645935	-0.540601	-0.402428	-0.242002	-0.0862639	0.0366854	0.123212	0.172714	0.172714	
-0.494807	-0.498802	-0.461581	-0.375818	-0.236621	-0.0656796	0.100318	0.241532	0.351628	0.431626	0.484285	0.514324	0.539657	0.581462	0.659127	0.751048	0.819976	0.857509	0.872135	0.875931	0.872686	0.856572	0.826705	0.773099	0.680736	0.582499	0.515244	0.474184	0.446411	0.407283	0.341555	0.251678	0.13201	-0.0132765	-0.173525	-0.330183	-0.448722	-0.517161	-0.549385	-0.550603	-0.512778	-0.437558	-0.342681	-0.237179	-0.12888	-0.0435696	0.00630422	0.0326807	0.0448501	0.0448501	
-0.273189	-0.314356	-0.328564	-0.303395	-0.234998	-0.136948	-0.0384193	0.056519	0.138855	0.211909	0.272642	0.320362	0.369567	0.443984	0.56648	0.710128	0.839101	0.933156	0.99071	1.01512	0.995926	0.936894	0.849317	0.729318	0.582499	0.444024	0.343599	0.287392	0.253808	0.208556	0.149094	0.080224	-0.00468385	-0.102721	-0.21031	-0.311039	-0.376734	-0.401598	-0.398657	-0.372848	-0.315313	-0.232511	-0.148632	-0.0710953	-0.00813128	0.0198053	0.0177073	0.00471155	-0.00819187	-0.00819187	
-0.0408182	-0.126054	-0.194116	-0.233902	-0.232723	-0.208169	-0.170546	-0.120098	-0.0649529	0.00279308	0.0714828	0.141818	0.216275	0.31987	0.470661	0.646178	0.817135	0.956773	1.05678	1.10158	1.07878	0.99461	0.862372	0.697838	0.515244	0.343599	0.213003	0.130679	0.0720936	0.0108256	-0.0481643	-0.103421	-0.162651	-0.220697	-0.272754	-0.313817	-0.330375	-0.310732	-0.264888	-0.209607	-0.138188	-0.0521387	0.0255261	0.085132	0.117706	0.113735	0.0888128	0.0582421	0.0320165	0.0320165	
0.168833	0.0415269	-0.083546	-0.184413	-0.24693	-0.284777	-0.291055	-0.276197	-0.240535	-0.182983	-0.109785	-0.0205066	0.0789612	0.208986	0.376091	0.567436	0.762085	0.936689	1.06874	1.13291	1.11637	1.01866	0.863749	0.67555	0.474184	0.287392	0.130679	0.0118248	-0.0839771	-0.172497	-0.244525	-0.301265	-0.344364	-0.365619	-0.367995	-0.35404	-0.314003	-0.241631	-0.154665	-0.0717775	0.0131772	0.100203	0.176248	0.233873	0.260498	0.251989	0.224522	0.188264	0.156518	0.156518	
0.331642	0.166701	-0.0081311	-0.161752	-0.286422	-0.373751	-0.413432	-0.420193	-0.395971	-0.348618	-0.272528	-0.167413	-0.0393101	0.120103	0.30257	0.500682	0.706315	0.896488	1.04122	1.11518	1.1006	1.00226	0.843277	0.647022	0.446411	0.253808	0.0720936	-0.0839771	-0.219161	-0.33282	-0.418453	-0.481669	-0.518109	-0.525623	-0.501349	-0.435629	-0.334731	-0.212688	-0.0838286	0.0357706	0.140268	0.235264	0.325603	0.397668	0.430707	0.4287	0.407583	0.374958	0.347106	0.347106	
0.416817	0.219738	0.01609	-0.174772	-0.346093	-0.468129	-0.530588	-0.543003	-0.518644	-0.471947	-0.390033	-0.273197	-0.120156	0.0633892	0.252996	0.449935	0.651228	0.835981	0.978197	1.0485	1.03622	0.948699	0.794149	0.602436	0.407283	0.208556	0.0108256	-0.172497	-0.33282	-0.457211	-0.552211	-0.625898	-0.672959	-0.686312	-0.642671	-0.535074	-0.391911	-0.232739	-0.0641425	0.0992438	0.244875	0.377618	0.499745	0.587413	0.625996	0.632017	0.618437	0.593648	0.575735	0.575735	
0.424555	0.206858	-0.00338435	-0.20821	-0.397382	-0.536373	-0.611051	-0.621082	-0.591355	-0.534533	-0.444671	-0.321758	-0.153457	0.0356357	0.221035	0.406966	0.587236	0.75278	0.87486	0.928763	0.918276	0.841404	0.700233	0.525773	0.341555	0.149094	-0.0481643	-0.244525	-0.418453	-0.552211	-0.659991	-0.748043	-0.80504	-0.814156	-0.754122	-0.628828	-0.465726	-0.28335	-0.0832764	0.130487	0.337419	0.523925	0.682669	0.791137	0.843257	0.857065	0.843578	0.820621	0.809563	0.809563	
0.391053	0.165326	-0.0414864	-0.241499	-0.422141	-0.560259	-0.635357	-0.644879	-0.609283	-0.536035	-0.437692	-0.30682	-0.138859	0.0339783	0.199856	0.354132	0.499149	0.630372	0.716397	0.750874	0.739609	0.674675	0.560067	0.414431	0.251678	0.080224	-0.103421	-0.301265	-0.481669	-0.625898	-0.748043	-0.843344	-0.896151	-0.895931	-0.829374	-0.697317	-0.521558	-0.32216	-0.0958135	0.158721	0.415276	0.650379	0.848213	0.986917	1.06287	1.08681	1.06944	1.04037	1.02692	1.02692	
0.348025	0.12585	-0.0758596	-0.261379	-0.420128	-0.539341	-0.603085	-0.61318	-0.570399	-0.486751	-0.378919	-0.242695	-0.0940496	0.0457354	0.168529	0.272565	0.372143	0.456598	0.506932	0.526304	0.511692	0.460168	0.376058	0.262702	0.13201	-0.00468385	-0.162651	-0.344364	-0.518109	-0.672959	-0.80504	-0.896151	-0.941185	-0.931026	-0.852965	-0.714445	-0.532039	-0.318362	-0.074651	0.199623	0.487692	0.759322	0.984384	1.14832	1.25046	1.28774	1.27146	1.23976	1.22226	1.22226	
0.320135	0.107414	-0.088951	-0.260958	-0.399258	-0.492524	-0.54225	-0.546018	-0.497975	-0.41096	-0.294304	-0.16235	-0.0395482	0.0574221	0.123243	0.170125	0.212454	0.243107	0.260305	0.261762	0.239153	0.198553	0.141743	0.0674041	-0.0132765	-0.102721	-0.220697	-0.365619	-0.525623	-0.686312	-0.814156	-0.895931	-0.931026	-0.90151	-0.811479	-0.67587	-0.49127	-0.264679	-0.0103996	0.271362	0.572524	0.857507	1.09184	1.26827	1.38154	1.42424	1.41863	1.3998	1.38614	1.38614	
0.323171	0.116869	-0.073793	-0.23751	-0.36082	-0.4381	-0.476551	-0.46831	-0.416207	-0.32525	-0.209076	-0.0904595	0.00221621	0.0518494	0.0622817	0.0494221	0.026947	0.0018153	-0.0158679	-0.0359796	-0.0659639	-0.0977585	-0.128527	-0.15243	-0.173525	-0.21031	-0.272754	-0.367995	-0.501349	-0.642671	-0.754122	-0.829374	-0.852965	-0.811479	-0.722787	-0.588283	-0.395361	-0.157914	0.102451	0.38188	0.676726	0.955969	1.1825	1.34524	1.44291	1.48368	1.49572	1.49534	1.48736	1.48736	
0.358333	0.15387	-0.0328361	-0.188188	-0.299617	-0.3733	-0.404603	-0.388985	-0.330221	-0.238661	-0.135269	-0.0436315	0.00555412	0.00748681	-0.032517	-0.100814	-0.183993	-0.260692	-0.31254	-0.350491	-0.379868	-0.399145	-0.395832	-0.364447	-0.330183	-0.311039	-0.313817	-0.35404	-0.435629	-0.535074	-0.628828	-0.697317	-0.714445	-0.67587	-0.588283	-0.445404	-0.249144	-0.0116627	0.253664	0.533876	0.814773	1.06454	1.25144	1.37297	1.44152	1.47572	1.49543	1.50168	1.49578	1.49578	
0.412431	0.210705	0.0231536	-0.12442	-0.229548	-0.302569	-0.333269	-0.316683	-0.253139	-0.166678	-0.0810161	-0.0306698	-0.0319785	-0.0776321	-0.161991	-0.27499	-0.409215	-0.530356	-0.616093	-0.665875	-0.684777	-0.675549	-0.62208	-0.53625	-0.448722	-0.376734	-0.330375	-0.314003	-0.334731	-0.391911	-0.465726	-0.521558	-0.532039	-0.49127	-0.395361	-0.249144	-0.0642421	0.167033	0.441915	0.723303	0.970743	1.16221	1.29277	1.3659	1.39425	1.40361	1.41054	1.41135	1.40644	1.40644	
0.472898	0.282681	0.0942421	-0.0546086	-0.164495	-0.239282	-0.275616	-0.264011	-0.208763	-0.13224	-0.0687215	-0.0593753	-0.103458	-0.190283	-0.304502	-0.448179	-0.615271	-0.770859	-0.889387	-0.949792	-0.954147	-0.901348	-0.792728	-0.655704	-0.517161	-0.401598	-0.310732	-0.241631	-0.212688	-0.232739	-0.28335	-0.32216	-0.318362	-0.264679	-0.157914	-0.0116627	0.167033	0.396508	0.663891	0.912079	1.1001	1.22967	1.30801	1.32839	1.30603	1.27691	1.25488	1.23889	1.2318	1.2318	
0.525831	0.361385	0.18413	0.0275881	-0.0964864	-0.179978	-0.223519	-0.225175	-0.192766	-0.138757	-0.106304	-0.126442	-0.199966	-0.310606	-0.440449	-0.59841	-0.774097	-0.948729	-1.08895	-1.15948	-1.14799	-1.05215	-0.900158	-0.723116	-0.549385	-0.398657	-0.264888	-0.154665	-0.0838286	-0.0641425	-0.0832764	-0.0958135	-0.074651	-0.0103996	0.102451	0.253664	0.441915	0.663891	0.886068	1.06911	1.19361	1.26072	1.27484	1.24073	1.18165	1.11933	1.05828	1.01378	0.998	0.998	
0.554294	0.428857	0.281414	0.12767	-0.00685768	-0.100228	-0.149877	-0.169151	-0.166308	-0.153304	-0.160302	-0.204623	-0.294271	-0.412939	-0.55401	-0.713571	-0.883071	-1.0566	-1.19874	-1.27064	-1.2402	-1.11443	-0.936151	-0.739415	-0.550603	-0.372848	-0.209607	-0.0717775	0.0357706	0.0992438	0.130487	0.158721	0.199623	0.271362	0.38188	0.533876	0.723303	0.912079	1.06911	1.18843	1.25127	1.24414	1.18582	1.10679	1.02435	0.935917	0.844474	0.77646	0.747597	0.747597	
0.575908	0.494804	0.386286	0.252995	0.122566	0.024013	-0.0365308	-0.0761248	-0.107783	-0.146543	-0.197151	-0.264712	-0.35524	-0.47175	-0.617104	-0.772873	-0.933257	-1.09046	-1.22043	-1.2828	-1.2386	-1.10215	-0.913966	-0.712461	-0.512778	-0.315313	-0.138188	0.0131772	0.140268	0.244875	0.337419	0.415276	0.487692	0.572524	0.676726	0.814773	0.970743	1.1001	1.19361	1.25127	1.24919	1.17972	1.06945	0.951604	0.837925	0.726729	0.628929	0.559496	0.523397	0.523397	
0.625086	0.587838	0.51585	0.41441	0.304828	0.207915	0.129652	0.0623697	-0.0110882	-0.101747	-0.197176	-0.285892	-0.371159	-0.479268	-0.616839	-0.766898	-0.915429	-1.04913	-1.15546	-1.19819	-1.15098	-1.02283	-0.843604	-0.645935	-0.437558	-0.232511	-0.0521387	0.100203	0.235264	0.377618	0.523925	0.650379	0.759322	0.857507	0.955969	1.06454	1.16221	1.22967	1.26072	1.24414	1.17972	1.07427	0.937408	0.789955	0.646076	0.519003	0.4293	0.374637	0.343187	0.343187	
0.710174	0.718508	0.684278	0.622328	0.546822	0.460744	0.365069	0.260917	0.138151	-0.00355439	-0.143758	-0.257336	-0.349064	-0.449723	-0.571888	-0.708001	-0.834358	-0.935344	-1.00026	-1.01299	-0.96835	-0.865842	-0.718713	-0.540601	-0.342681	-0.148632	0.0255261	0.176248	0.325603	0.499745	0.682669	0.848213	0.984384	1.09184	1.1825	1.25144	1.29277	1.30801	1.27484	1.18582	1.06945	0.937408	0.786184	0.625186	0.470357	0.346541	0.270485	0.225763	0.19774	0.19774	
0.825091	0.879475	0.8899	0.871468	0.831143	0.759616	0.650713	0.506736	0.332914	0.14411	-0.0333728	-0.175484	-0.285875	-0.383144	-0.48518	-0.592747	-0.686014	-0.746219	-0.762668	-0.746017	-0.708005	-0.643918	-0.543944	-0.402428	-0.237179	-0.0710953	0.085132	0.233873	0.397668	0.587413	0.791137	0.986917	1.14832	1.26827	1.34524	1.37297	1.3659	1.32839	1.24073	1.10679	0.951604	0.789955	0.625186	0.461622	0.320621	0.22297	0.158586	0.110845	0.0831832	0.0831832	
0.948607	1.04634	1.10758	1.13385	1.12176	1.06172	0.944762	0.770381	0.55641	0.333894	0.131828	-0.0367601	-0.169629	-0.269582	-0.35033	-0.420527	-0.474193	-0.491998	-0.469584	-0.433384	-0.405491	-0.381066	-0.331524	-0.242002	-0.12888	-0.00813128	0.117706	0.260498	0.430707	0.625996	0.843257	1.06287	1.25046	1.38154	1.44291	1.44152	1.39425	1.30603	1.18165	1.02435	0.837925	0.646076	0.470357	0.320621	0.211792	0.136523	0.0705518	0.0236744	0.00952803	0.00952803	
1.05252	1.19651	1.3131	1.38537	1.39757	1.34513	1.22403	1.03431	0.799169	0.557875	0.336917	0.143044	-0.0141466	-0.123304	-0.186188	-0.216926	-0.223056	-0.197646	-0.148303	-0.103748	-0.0895339	-0.100834	-0.105923	-0.0862639	-0.0435696	0.0198053	0.113735	0.251989	0.4287	0.632017	0.857065	1.08681	1.28774	1.42424	1.48368	1.47572	1.40361	1.27691	1.11933	0.935917	0.726729	0.519003	0.346541	0.22297	0.136523	0.0632912	0.0012463	-0.0303209	-0.0339546	-0.0339546	
1.12811	1.32386	1.49333	1.60655	1.63957	1.58996	1.46328	1.26881	1.03081	0.782369	0.544368	0.327955	0.150411	0.0328815	-0.0159116	-0.0087065	0.0359584	0.10039	0.163289	0.201184	0.196062	0.152679	0.0921582	0.0366854	0.00630422	0.0177073	0.0888128	0.224522	0.407583	0.618437	0.843578	1.06944	1.27146	1.41863	1.49572	1.49543	1.41054	1.25488	1.05828	0.844474	0.628929	0.4293	0.270485	0.158586	0.0705518	0.0012463	-0.0348371	-0.0524644	-0.0686421	-0.0686421	
1.17092	1.41476	1.62559	1.76784	1.81699	1.76808	1.63514	1.44287	1.21505	0.968629	0.718394	0.485358	0.295062	0.171987	0.13052	0.165498	0.249769	0.341544	0.406737	0.429919	0.408003	0.342571	0.239719	0.123212	0.0326807	0.00471155	0.0582421	0.188264	0.374958	0.593648	0.820621	1.04037	1.23976	1.3998	1.49534	1.50168	1.41135	1.23889	1.01378	0.77646	0.559496	0.374637	0.225763	0.110845	0.0236744	-0.0303209	-0.0524644	-0.0687061	-0.0878784	-0.0878784	
1.18263	1.45659	1.69114	1.84924	1.90903	1.8621	1.7267	1.5393	1.32285	1.08089	0.82401	0.580746	0.382903	0.254654	0.213156	0.260453	0.364794	0.470966	0.536259	0.551031	0.523027	0.449041	0.324622	0.172714	0.0448501	-0.00819187	0.0320165	0.156518	0.347106	0.575735	0.809563	1.02692	1.22226	1.38614	1.48736	1.49578	1.40644	1.2318	0.998	0.747597	0.523397	0.343187	0.19774	0.0831832	0.00952803	-0.0339546	-0.0686421	-0.0878784	-0.086927	-0.086927	
1.18263	1.45659	1.69114	1.84924	1.90903	1.8621	1.7267	1.5393	1.32285	1.08089	0.82401	0.580746	0.382903	0.254654	0.213156	0.260453	0.364794	0.470966	0.536259	0.551031	0.523027	0.449041	0.324622	0.172714	0.0448501	-0.00819187	0.0320165	0.156518	0.347106	0.575735	0.809563	1.02692	1.22226	1.38614	1.48736	1.49578	1.40644	1.2318	0.998	0.747597	0.523397	0.343187	0.19774	0.0831832	0.00952803	-0.0339546	-0.0686421	-0.0878784	-0.086927	-0.086927	
