0.858306	1.05756	1.22026	1.3293	1.3571	1.31223	1.21557	1.06382	0.852216	0.608377	0.381966	0.210434	0.102101	0.0438989	0.0168416	0.00580452	0.00180866	0.000512462	0.000132722	3.15672e-05	6.9242e-06	1.40603e-06	2.65218e-07	4.66176e-08	7.65719e-09	1.17839e-09	1.70313e-10	2.31684e-11	2.97246e-12	3.6035e-13	4.13504e-14	4.49871e-15	4.6474e-16	4.56524e-17	4.27001e-18	3.8076e-19	3.24074e-20	2.63568e-21	2.05047e-22	1.52744e-23	1.09051e-24	7.46873e-26	4.91115e-27	3.10309e-28	1.88545e-29	1.10248e-30	6.20815e-32	3.36933e-33	1.85191e-34	1.85191e-34	
1.05756	1.21321	1.32298	1.35978	1.32397	1.23729	1.10294	0.911624	0.678115	0.445972	0.257837	0.131263	0.059149	0.0237449	0.00854853	0.00277754	0.000819243	0.00022052	5.44308e-05	1.2373e-05	2.60037e-06	5.07051e-07	9.20275e-08	1.55919e-08	2.4726e-09	3.67913e-10	5.14816e-11	6.78855e-12	8.45196e-13	9.95338e-14	1.11056e-14	1.17583e-15	1.18307e-16	1.13276e-17	1.03343e-18	8.99432e-20	7.47637e-21	5.94181e-22	4.51955e-23	3.29337e-24	2.30118e-25	1.54315e-26	9.9397e-28	6.15442e-29	3.66589e-30	2.10214e-31	1.16127e-32	6.18495e-34	3.33425e-35	3.33425e-35	
1.22026	1.32298	1.36045	1.32971	1.24953	1.12689	0.9523	0.731558	0.500206	0.301702	0.160434	0.0755071	0.031634	0.0118721	0.00401595	0.00123154	0.000344206	8.81027e-05	2.07425e-05	4.50975e-06	9.08702e-07	1.7025e-07	2.97467e-08	4.86028e-09	7.44457e-10	1.07145e-10	1.45207e-11	1.85666e-12	2.24391e-13	2.56772e-14	2.78642e-15	2.87178e-16	2.81492e-17	2.6276e-18	2.33867e-19	1.98701e-20	1.61336e-21	1.25317e-22	9.3212e-24	6.64535e-25	4.54503e-26	2.98465e-27	1.88339e-28	1.14291e-29	6.6746e-31	3.75393e-32	2.03462e-33	1.06353e-34	5.62404e-36	5.62404e-36	
1.3293	1.35978	1.32971	1.2535	1.13822	0.975778	0.767353	0.541142	0.338275	0.186923	0.091519	0.0398932	0.0155707	0.00547369	0.00174282	0.000505232	0.000133993	3.26528e-05	7.34069e-06	1.52793e-06	2.95428e-07	5.32222e-08	8.95834e-09	1.4124e-09	2.09076e-10	2.91206e-11	3.82402e-12	4.74321e-13	5.56686e-14	6.19211e-15	6.53754e-16	6.56078e-17	6.26676e-18	5.70457e-19	4.95462e-20	4.11047e-21	3.26082e-22	2.47602e-23	1.8013e-24	1.25666e-25	8.41433e-27	5.41192e-28	3.34621e-29	1.99043e-30	1.13984e-31	6.28845e-33	3.34446e-34	1.71598e-35	8.90237e-37	8.90237e-37	
1.3571	1.32397	1.24953	1.13822	0.983427	0.785215	0.566498	0.364456	0.208094	0.105523	0.0476955	0.0193106	0.0070407	0.00232402	0.000697991	0.000191637	4.8306e-05	1.12236e-05	2.41234e-06	4.81241e-07	8.93758e-08	1.54961e-08	2.5147e-09	3.82857e-10	5.48062e-11	7.39174e-12	9.41044e-13	1.13288e-13	1.29177e-14	1.39728e-15	1.43584e-16	1.40361e-17	1.30694e-18	1.16053e-19	9.83903e-21	7.9727e-22	6.18104e-23	4.58925e-24	3.26623e-25	2.23027e-26	1.4623e-27	9.21361e-29	5.58298e-30	3.25583e-31	1.8286e-32	9.8975e-34	5.16604e-35	2.60211e-36	1.32461e-37	1.32461e-37	
1.31223	1.23729	1.12689	0.975778	0.785215	0.575072	0.378091	0.221757	0.115922	0.0541326	0.0226707	0.00855473	0.00292265	0.000908293	0.000257927	6.72057e-05	1.613e-05	3.57875e-06	7.36423e-07	1.40974e-07	2.51753e-08	4.20494e-09	6.58459e-10	9.68819e-11	1.34213e-11	1.75394e-12	2.16611e-13	2.53231e-14	2.80674e-15	2.95375e-16	2.95551e-17	2.81541e-18	2.55644e-19	2.21522e-20	1.83384e-21	1.45184e-22	1.10033e-23	7.99054e-25	5.56502e-26	3.72018e-27	2.38902e-28	1.47492e-29	8.76053e-31	5.00972e-32	2.76001e-33	1.46589e-34	7.51032e-36	3.71433e-37	1.85559e-38	1.85559e-38	
1.21557	1.10294	0.9523	0.767353	0.566498	0.378091	0.226478	0.121466	0.0583806	0.0252171	0.00982613	0.00346866	0.00111402	0.000326884	8.79809e-05	2.18022e-05	4.9916e-06	1.05928e-06	2.08988e-07	3.84389e-08	6.60818e-09	1.06437e-09	1.60978e-10	2.29089e-11	3.07357e-12	3.89465e-13	4.66887e-14	5.30348e-15	5.71694e-16	5.85633e-17	5.70848e-18	5.30138e-19	4.69615e-20	3.97249e-21	3.21226e-22	2.48553e-23	1.84206e-24	1.30875e-25	8.92182e-27	5.84051e-28	3.67442e-29	2.22328e-30	1.29473e-31	7.26174e-33	3.92523e-34	2.04609e-35	1.02916e-36	4.99845e-38	2.45108e-39	2.45108e-39	
1.06382	0.911624	0.731558	0.541142	0.364456	0.221757	0.121466	0.0598653	0.0265915	0.0106755	0.00388707	0.00128846	0.000390285	0.000108432	2.77294e-05	6.54908e-06	1.43299e-06	2.91345e-07	5.519e-08	9.76592e-09	1.61808e-09	2.51587e-10	3.67856e-11	5.06769e-12	6.58986e-13	8.10241e-14	9.43452e-15	1.04195e-15	1.09297e-16	1.09039e-17	1.03591e-18	9.38307e-20	8.11219e-21	6.70145e-22	5.29516e-23	4.00578e-24	2.90398e-25	2.0192e-26	1.34774e-27	8.64216e-29	5.3279e-30	3.16028e-31	1.80482e-32	9.93044e-34	5.26757e-35	2.69541e-36	1.33128e-37	6.3508e-39	3.05743e-40	3.05743e-40	
0.852216	0.678115	0.500206	0.338275	0.208094	0.115922	0.0583806	0.0265915	0.0109742	0.00411447	0.00140577	0.000439155	0.000125857	3.31989e-05	8.08593e-06	1.82392e-06	3.82114e-07	7.45506e-08	1.35793e-08	2.31469e-09	3.7005e-10	5.56006e-11	7.86673e-12	1.05002e-12	1.32443e-13	1.58123e-14	1.78958e-15	1.92273e-16	1.96374e-17	1.90899e-18	1.76849e-19	1.56305e-20	1.31945e-21	1.0649e-22	8.22512e-24	6.0856e-25	4.31695e-26	2.93853e-27	1.92095e-28	1.2069e-29	7.29317e-31	4.24188e-32	2.37625e-33	1.28292e-34	6.67965e-36	3.35593e-37	1.6279e-38	7.62911e-40	3.60656e-41	3.60656e-41	
0.608377	0.445972	0.301702	0.186923	0.105523	0.0541326	0.0252171	0.0106755	0.00411447	0.00144717	0.000465811	0.000137614	3.74262e-05	9.39778e-06	2.185e-06	4.71671e-07	9.47804e-08	1.77729e-08	3.11722e-09	5.12502e-10	7.91477e-11	1.15037e-11	1.57646e-12	2.04045e-13	2.49843e-14	2.89849e-15	3.19055e-16	3.33688e-17	3.32016e-18	3.14667e-19	2.84393e-20	2.45382e-21	2.02336e-22	1.59605e-23	1.20551e-24	8.72647e-26	6.05932e-27	4.03909e-28	2.58678e-29	1.59286e-30	9.43732e-32	5.38361e-33	2.95896e-34	1.5679e-35	8.01456e-37	3.95433e-38	1.88427e-39	8.67684e-41	4.02863e-42	4.02863e-42	
0.381966	0.257837	0.160434	0.091519	0.0476955	0.0226707	0.00982613	0.00388707	0.00140577	0.000465811	0.00014177	3.97357e-05	1.0284e-05	2.46425e-06	5.48112e-07	1.13449e-07	2.19034e-08	3.95359e-09	6.68613e-10	1.06157e-10	1.58542e-11	2.23131e-12	2.9644e-13	3.72378e-14	4.42962e-15	4.9971e-16	5.35345e-17	5.45357e-18	5.28926e-19	4.88975e-20	4.31358e-21	3.63505e-22	2.92914e-23	2.25915e-24	1.66926e-25	1.18264e-26	8.04075e-28	5.2505e-29	3.2953e-30	1.98929e-31	1.15589e-32	6.46896e-34	3.48928e-35	1.81505e-36	9.11071e-38	4.41541e-39	2.06721e-40	9.35528e-42	4.26694e-43	4.26694e-43	
0.210434	0.131263	0.0755071	0.0398932	0.0193106	0.00855473	0.00346866	0.00128846	0.000439155	0.000137614	3.97357e-05	1.05975e-05	2.61688e-06	5.99753e-07	1.27878e-07	2.54245e-08	4.72384e-09	8.21944e-10	1.34204e-10	2.06011e-11	2.97857e-12	4.06313e-13	5.23787e-14	6.39087e-15	7.39114e-16	8.11354e-17	8.465e-18	8.40434e-19	7.94977e-20	7.17249e-21	6.17894e-22	5.08782e-23	4.00815e-24	3.02382e-25	2.1865e-26	1.51668e-27	1.01004e-28	6.46286e-30	3.97621e-31	2.35387e-32	1.34171e-33	7.36856e-35	3.90146e-36	1.99275e-37	9.82457e-39	4.67788e-40	2.15225e-41	9.57417e-43	4.29055e-44	4.29055e-44	
0.102101	0.059149	0.031634	0.0155707	0.0070407	0.00292265	0.00111402	0.000390285	0.000125857	3.74262e-05	1.0284e-05	2.61688e-06	6.18018e-07	1.35762e-07	2.78012e-08	5.31835e-09	9.52381e-10	1.59963e-10	2.52474e-11	3.75133e-12	5.25611e-13	6.95602e-14	8.70851e-15	1.03288e-15	1.16221e-16	1.24229e-17	1.26303e-18	1.22284e-19	1.12874e-20	9.94379e-22	8.3694e-23	6.73674e-24	5.1907e-25	3.83189e-26	2.71258e-27	1.84287e-28	1.2025e-29	7.54201e-31	4.54997e-32	2.64212e-33	1.47776e-34	7.96606e-36	4.14128e-37	2.07746e-38	1.0062e-39	4.70791e-41	2.12906e-42	9.31141e-44	4.10076e-45	4.10076e-45	
0.0438989	0.0237449	0.0118721	0.00547369	0.00232402	0.000908293	0.000326884	0.000108432	3.31989e-05	9.39778e-06	2.46425e-06	5.99753e-07	1.35762e-07	2.86414e-08	5.64289e-09	1.0403e-09	1.79805e-10	2.91897e-11	4.45874e-12	6.41926e-13	8.7247e-14	1.12119e-14	1.36429e-15	1.57414e-16	1.72452e-17	1.79609e-18	1.78054e-19	1.68204e-20	1.51586e-21	1.30459e-22	1.07328e-23	8.4488e-25	6.36958e-26	4.60299e-27	3.19113e-28	2.12408e-29	1.35847e-30	8.35408e-32	4.94338e-33	2.81655e-34	1.54618e-35	8.18317e-37	4.17794e-38	2.05888e-39	9.79872e-41	4.50617e-42	2.00341e-43	8.61584e-45	3.72965e-46	3.72965e-46	
0.0168416	0.00854853	0.00401595	0.00174282	0.000697991	0.000257927	8.79809e-05	2.77294e-05	8.08593e-06	2.185e-06	5.48112e-07	1.27878e-07	2.78012e-08	5.64289e-09	1.07137e-09	1.90624e-10	3.18425e-11	5.00242e-12	7.40329e-13	1.03381e-13	1.36425e-14	1.70382e-15	2.01669e-16	2.26528e-17	2.41784e-18	2.45517e-19	2.37461e-20	2.18998e-21	1.92789e-22	1.62167e-23	1.30465e-24	1.00481e-25	7.41503e-27	5.24743e-28	3.564e-29	2.325e-30	1.45789e-31	8.79335e-33	5.10512e-34	2.85474e-35	1.53855e-36	7.99654e-38	4.01046e-39	1.94191e-40	9.08334e-42	4.10646e-43	1.79521e-44	7.59318e-46	3.23148e-47	3.23148e-47	
0.00580452	0.00277754	0.00123154	0.000505232	0.000191637	6.72057e-05	2.18022e-05	6.54908e-06	1.82392e-06	4.71671e-07	1.13449e-07	2.54245e-08	5.31835e-09	1.0403e-09	1.90624e-10	3.27789e-11	5.29845e-12	8.06417e-13	1.15749e-13	1.56925e-14	2.0124e-15	2.44454e-16	2.8166e-17	3.08216e-18	3.20716e-19	3.1771e-20	2.99966e-21	2.70215e-22	2.32481e-23	1.91219e-24	1.50503e-25	1.13454e-26	8.19836e-28	5.6836e-29	3.78313e-30	2.41957e-31	1.48798e-32	8.80505e-34	5.01685e-35	2.75407e-36	1.45757e-37	7.44138e-39	3.66686e-40	1.74499e-41	8.02372e-43	3.56671e-44	1.5335e-45	6.38045e-47	2.67004e-48	2.67004e-48	
0.00180866	0.000819243	0.000344206	0.000133993	4.8306e-05	1.613e-05	4.9916e-06	1.43299e-06	3.82114e-07	9.47804e-08	2.19034e-08	4.72384e-09	9.52381e-10	1.79805e-10	3.18425e-11	5.29845e-12	8.29722e-13	1.22474e-13	1.70664e-14	2.24833e-15	2.80422e-16	3.31576e-17	3.72162e-18	3.97006e-19	4.02988e-20	3.89679e-21	3.59346e-22	3.16344e-23	2.6612e-24	2.1413e-25	1.64951e-26	1.21755e-27	8.61857e-29	5.85528e-30	3.82082e-31	2.39652e-32	1.44587e-33	8.39638e-35	4.69631e-36	2.53159e-37	1.31603e-38	6.60122e-40	3.19677e-41	1.49542e-42	6.76088e-44	2.95563e-45	1.25001e-46	5.11704e-48	2.10597e-49	2.10597e-49	
0.000512462	0.00022052	8.81027e-05	3.26528e-05	1.12236e-05	3.57875e-06	1.05928e-06	2.91345e-07	7.45506e-08	1.77729e-08	3.95359e-09	8.21944e-10	1.59963e-10	2.91897e-11	5.00242e-12	8.06417e-13	1.22474e-13	1.75504e-14	2.3764e-15	3.04477e-16	3.69638e-17	4.25746e-18	4.65817e-19	4.84718e-20	4.80251e-21	4.53552e-22	4.08716e-23	3.51794e-24	2.89496e-25	2.27975e-26	1.7195e-27	1.24324e-28	8.62387e-30	5.74352e-31	3.67543e-32	2.26154e-33	1.33895e-34	7.63271e-36	4.19201e-37	2.21954e-38	1.13359e-39	5.58787e-41	2.65996e-42	1.22341e-43	5.43942e-45	2.33903e-46	9.73253e-48	3.92053e-49	1.58718e-50	1.58718e-50	
0.000132722	5.44308e-05	2.07425e-05	7.34069e-06	2.41234e-06	7.36423e-07	2.08988e-07	5.519e-08	1.35793e-08	3.11722e-09	6.68613e-10	1.34204e-10	2.52474e-11	4.45874e-12	7.40329e-13	1.15749e-13	1.70664e-14	2.3764e-15	3.12942e-16	3.90266e-17	4.61504e-18	5.18145e-19	5.52981e-20	5.61634e-21	5.43451e-22	5.01525e-23	4.41866e-24	3.72029e-25	2.99612e-26	2.31006e-27	1.70666e-28	1.20916e-29	8.22199e-31	5.36981e-32	3.3709e-33	2.03536e-34	1.18287e-35	6.62093e-37	3.57152e-38	1.85781e-39	9.32427e-41	4.51789e-42	2.11445e-43	9.56366e-45	4.18247e-46	1.76943e-47	7.2448e-49	2.87231e-50	1.14403e-51	1.14403e-51	
3.15672e-05	1.2373e-05	4.50975e-06	1.52793e-06	4.81241e-07	1.40974e-07	3.84389e-08	9.76592e-09	2.31469e-09	5.12502e-10	1.06157e-10	2.06011e-11	3.75133e-12	6.41926e-13	1.03381e-13	1.56925e-14	2.24833e-15	3.04477e-16	3.90266e-17	4.74074e-18	5.46458e-19	5.98437e-20	6.23356e-21	6.18295e-22	5.84606e-23	5.27455e-24	4.5456e-25	3.74535e-26	2.95313e-27	2.23019e-28	1.61448e-29	1.12125e-30	7.47639e-32	4.78981e-33	2.95048e-34	1.74869e-35	9.97849e-37	5.4856e-38	2.90707e-39	1.48598e-40	7.33073e-42	3.49213e-43	1.60722e-44	7.15019e-46	3.07634e-47	1.28065e-48	5.16062e-50	2.01402e-51	7.89347e-53	7.89347e-53	
6.9242e-06	2.60037e-06	9.08702e-07	2.95428e-07	8.93758e-08	2.51753e-08	6.60818e-09	1.61808e-09	3.7005e-10	7.91477e-11	1.58542e-11	2.97857e-12	5.25611e-13	8.7247e-14	1.36425e-14	2.0124e-15	2.80422e-16	3.69638e-17	4.61504e-18	5.46458e-19	6.14398e-20	6.56698e-21	6.68027e-22	6.4745e-23	5.98487e-24	5.28172e-25	4.45435e-26	3.59321e-27	2.77495e-28	2.0534e-29	1.4571e-30	9.92301e-32	6.49031e-33	4.08009e-34	2.46694e-35	1.43556e-36	8.04532e-38	4.345e-39	2.26268e-40	1.13682e-41	5.51364e-43	2.58283e-44	1.1692e-45	5.11717e-47	2.16638e-48	8.87564e-50	3.52065e-51	1.35273e-52	5.2178e-54	5.2178e-54	
1.40603e-06	5.07051e-07	1.7025e-07	5.32222e-08	1.54961e-08	4.20494e-09	1.06437e-09	2.51587e-10	5.56006e-11	1.15037e-11	2.23131e-12	4.06313e-13	6.95602e-14	1.12119e-14	1.70382e-15	2.44454e-16	3.31576e-17	4.25746e-18	5.18145e-19	5.98437e-20	6.56698e-21	6.85471e-22	6.81343e-23	6.45585e-24	5.83706e-25	5.04093e-26	4.16208e-27	3.28839e-28	2.48832e-29	1.80484e-30	1.25582e-31	8.38897e-33	5.38393e-34	3.32207e-35	1.97212e-36	1.12709e-37	6.20524e-39	3.29305e-40	1.68552e-41	8.32545e-43	3.97064e-44	1.82944e-45	8.14708e-47	3.50852e-48	1.46181e-49	5.89525e-51	2.30222e-52	8.71027e-54	3.30711e-55	3.30711e-55	
2.65218e-07	9.20275e-08	2.97467e-08	8.95834e-09	2.5147e-09	6.58459e-10	1.60978e-10	3.67856e-11	7.86673e-12	1.57646e-12	2.9644e-13	5.23787e-14	8.70851e-15	1.36429e-15	2.01669e-16	2.8166e-17	3.72162e-18	4.65817e-19	5.52981e-20	6.23356e-21	6.68027e-22	6.81343e-23	6.62089e-24	6.1361e-25	5.42907e-26	4.59015e-27	3.71189e-28	2.8735e-29	2.13129e-30	1.51581e-31	1.03455e-32	6.78098e-34	4.27151e-35	2.58773e-36	1.50868e-37	8.47021e-39	4.58227e-40	2.3901e-41	1.20268e-42	5.84147e-44	2.74011e-45	1.24197e-46	5.44214e-48	2.30648e-49	9.45922e-51	3.75562e-52	1.44416e-53	5.38099e-55	2.01135e-56	2.01135e-56	
4.66176e-08	1.55919e-08	4.86028e-09	1.4124e-09	3.82857e-10	9.68819e-11	2.29089e-11	5.06769e-12	1.05002e-12	2.04045e-13	3.72378e-14	6.39087e-15	1.03288e-15	1.57414e-16	2.26528e-17	3.08216e-18	3.97006e-19	4.84718e-20	5.61634e-21	6.18295e-22	6.4745e-23	6.45585e-24	6.1361e-25	5.56493e-26	4.82031e-27	3.99155e-28	3.16263e-29	2.39977e-30	1.74527e-31	1.21752e-32	8.15341e-34	5.24533e-35	3.24402e-36	1.93005e-37	1.10538e-38	6.09804e-40	3.24239e-41	1.66262e-42	8.22659e-44	3.9299e-45	1.81346e-46	8.08759e-48	3.48761e-49	1.45493e-50	5.87432e-52	2.29651e-53	8.69682e-55	3.19176e-56	1.17471e-57	1.17471e-57	
7.65719e-09	2.4726e-09	7.44457e-10	2.09076e-10	5.48062e-11	1.34213e-11	3.07357e-12	6.58986e-13	1.32443e-13	2.49843e-14	4.42962e-15	7.39114e-16	1.16221e-16	1.72452e-17	2.41784e-18	3.20716e-19	4.02988e-20	4.80251e-21	5.43451e-22	5.84606e-23	5.98487e-24	5.83706e-25	5.42907e-26	4.82031e-27	4.08934e-28	3.31786e-29	2.57671e-30	1.91711e-31	1.36757e-32	9.36079e-34	6.15266e-35	3.8861e-36	2.3603e-37	1.37948e-38	7.76306e-40	4.20914e-41	2.20017e-42	1.10936e-43	5.39861e-45	2.53699e-46	1.15188e-47	5.05552e-49	2.14587e-50	8.81297e-52	3.50363e-53	1.34891e-54	5.03146e-56	1.81907e-57	6.59313e-59	6.59313e-59	
1.17839e-09	3.67913e-10	1.07145e-10	2.91206e-11	7.39174e-12	1.75394e-12	3.89465e-13	8.10241e-14	1.58123e-14	2.89849e-15	4.9971e-16	8.11354e-17	1.24229e-17	1.79609e-18	2.45517e-19	3.1771e-20	3.89679e-21	4.53552e-22	5.01525e-23	5.27455e-24	5.28172e-25	5.04093e-26	4.59015e-27	3.99155e-28	3.31786e-29	2.63853e-30	2.00922e-31	1.46627e-32	1.02628e-33	6.89466e-35	4.44916e-36	2.75974e-37	1.64656e-38	9.45573e-40	5.2299e-41	2.78765e-42	1.4328e-43	7.10524e-45	3.40141e-46	1.57273e-47	7.02727e-49	3.03577e-50	1.26855e-51	5.12982e-53	2.00838e-54	7.61599e-56	2.79848e-57	9.96837e-59	3.5585e-60	3.5585e-60	
1.70313e-10	5.14816e-11	1.45207e-11	3.82402e-12	9.41044e-13	2.16611e-13	4.66887e-14	9.43452e-15	1.78958e-15	3.19055e-16	5.35345e-17	8.465e-18	1.26303e-18	1.78054e-19	2.37461e-20	2.99966e-21	3.59346e-22	4.08716e-23	4.41866e-24	4.5456e-25	4.45435e-26	4.16208e-27	3.71189e-28	3.16263e-29	2.57671e-30	2.00922e-31	1.50072e-32	1.07456e-33	7.38185e-35	4.86884e-36	3.0855e-37	1.88005e-38	1.10217e-39	6.22073e-41	3.38236e-42	1.77274e-43	8.96119e-45	4.37147e-46	2.05903e-47	9.36908e-49	4.12049e-50	1.75238e-51	7.21009e-53	2.87131e-54	1.10723e-55	4.13615e-57	1.49739e-58	5.25583e-60	1.84819e-61	1.84819e-61	
2.31684e-11	6.78855e-12	1.85666e-12	4.74321e-13	1.13288e-13	2.53231e-14	5.30348e-15	1.04195e-15	1.92273e-16	3.33688e-17	5.45357e-18	8.40434e-19	1.22284e-19	1.68204e-20	2.18998e-21	2.70215e-22	3.16344e-23	3.51794e-24	3.72029e-25	3.74535e-26	3.59321e-27	3.28839e-28	2.8735e-29	2.39977e-30	1.91711e-31	1.46627e-32	1.07456e-33	7.55173e-35	5.0932e-36	3.29902e-37	2.0537e-38	1.22955e-39	7.08433e-41	3.9307e-42	2.10148e-43	1.08323e-44	5.38651e-46	2.58536e-47	1.19837e-48	5.36715e-50	2.32376e-51	9.7306e-53	3.94269e-54	1.54647e-55	5.87456e-57	2.1621e-58	7.71286e-60	2.66797e-61	9.24286e-63	9.24286e-63	
2.97246e-12	8.45196e-13	2.24391e-13	5.56686e-14	1.29177e-14	2.80674e-15	5.71694e-16	1.09297e-16	1.96374e-17	3.32016e-18	5.28926e-19	7.94977e-20	1.12874e-20	1.51586e-21	1.92789e-22	2.32481e-23	2.6612e-24	2.89496e-25	2.99612e-26	2.95313e-27	2.77495e-28	2.48832e-29	2.13129e-30	1.74527e-31	1.36757e-32	1.02628e-33	7.38185e-35	5.0932e-36	3.3734e-37	2.14642e-38	1.3129e-39	7.72525e-41	4.37562e-42	2.38718e-43	1.25519e-44	6.36457e-46	3.1139e-47	1.47079e-48	6.71022e-50	2.95856e-51	1.26123e-52	5.20094e-54	2.07559e-55	8.01982e-57	3.00148e-58	1.08851e-59	3.82677e-61	1.3047e-62	4.45363e-64	4.45363e-64	
3.6035e-13	9.95338e-14	2.56772e-14	6.19211e-15	1.39728e-15	2.95375e-16	5.85633e-17	1.09039e-17	1.90899e-18	3.14667e-19	4.88975e-20	7.17249e-21	9.94379e-22	1.30459e-22	1.62167e-23	1.91219e-24	2.1413e-25	2.27975e-26	2.31006e-27	2.23019e-28	2.0534e-29	1.80484e-30	1.51581e-31	1.21752e-32	9.36079e-34	6.89466e-35	4.86884e-36	3.29902e-37	2.14642e-38	1.34191e-39	8.06699e-41	4.66624e-42	2.59877e-43	1.39438e-44	7.2122e-46	3.5981e-47	1.73237e-48	8.05376e-50	3.61721e-51	1.5703e-52	6.59222e-54	2.67747e-55	1.05258e-56	4.00695e-58	1.47769e-59	5.28124e-61	1.82998e-62	6.15024e-64	2.06883e-65	2.06883e-65	
4.13504e-14	1.11056e-14	2.78642e-15	6.53754e-16	1.43584e-16	2.95551e-17	5.70848e-18	1.03591e-18	1.76849e-19	2.84393e-20	4.31358e-21	6.17894e-22	8.3694e-23	1.07328e-23	1.30465e-24	1.50503e-25	1.64951e-26	1.7195e-27	1.70666e-28	1.61448e-29	1.4571e-30	1.25582e-31	1.03455e-32	8.15341e-34	6.15266e-35	4.44916e-36	3.0855e-37	2.0537e-38	1.3129e-39	8.06699e-41	4.76731e-42	2.71145e-43	1.48515e-44	7.83869e-46	3.9891e-47	1.95844e-48	9.28085e-50	4.24752e-51	1.87834e-52	8.03e-54	3.32023e-55	1.3284e-56	5.14511e-58	1.92996e-59	7.01405e-61	2.47077e-62	8.43933e-64	2.79622e-65	9.27013e-67	9.27013e-67	
4.49871e-15	1.17583e-15	2.87178e-16	6.56078e-17	1.40361e-17	2.81541e-18	5.30138e-19	9.38307e-20	1.56305e-20	2.45382e-21	3.63505e-22	5.08782e-23	6.73674e-24	8.4488e-25	1.00481e-25	1.13454e-26	1.21755e-27	1.24324e-28	1.20916e-29	1.12125e-30	9.92301e-32	8.38897e-33	6.78098e-34	5.24533e-35	3.8861e-36	2.75974e-37	1.88005e-38	1.22955e-39	7.72525e-41	4.66624e-42	2.71145e-43	1.5167e-44	8.17194e-46	4.24368e-47	2.12522e-48	1.02695e-49	4.79085e-51	2.15884e-52	9.40138e-54	3.95854e-55	1.61234e-56	6.3555e-58	2.42553e-59	8.96625e-61	3.21174e-62	1.11524e-63	3.75542e-65	1.22684e-66	4.009e-68	4.009e-68	
4.6474e-16	1.18307e-16	2.81492e-17	6.26676e-18	1.30694e-18	2.55644e-19	4.69615e-20	8.11219e-21	1.31945e-21	2.02336e-22	2.92914e-23	4.00815e-24	5.1907e-25	6.36958e-26	7.41503e-27	8.19836e-28	8.61857e-29	8.62387e-30	8.22199e-31	7.47639e-32	6.49031e-33	5.38393e-34	4.27151e-35	3.24402e-36	2.3603e-37	1.64656e-38	1.10217e-39	7.08433e-41	4.37562e-42	2.59877e-43	1.48515e-44	8.17194e-46	4.33208e-47	2.21382e-48	1.09122e-49	5.19091e-51	2.38434e-52	1.05805e-53	4.53815e-55	1.8823e-56	7.55335e-58	2.93376e-59	1.1034e-60	4.02016e-62	1.4195e-63	4.85931e-65	1.61336e-66	5.19723e-68	1.67419e-69	1.67419e-69	
4.56524e-17	1.13276e-17	2.6276e-18	5.70457e-19	1.16053e-19	2.21522e-20	3.97249e-21	6.70145e-22	1.0649e-22	1.59605e-23	2.25915e-24	3.02382e-25	3.83189e-26	4.60299e-27	5.24743e-28	5.6836e-29	5.85528e-30	5.74352e-31	5.36981e-32	4.78981e-33	4.08009e-34	3.32207e-35	2.58773e-36	1.93005e-37	1.37948e-38	9.45573e-40	6.22073e-41	3.9307e-42	2.38718e-43	1.39438e-44	7.83869e-46	4.24368e-47	2.21382e-48	1.11352e-49	5.40322e-51	2.53072e-52	1.14472e-53	5.00308e-55	2.11385e-56	8.63801e-58	3.4155e-59	1.30734e-60	4.8462e-62	1.7405e-63	6.05866e-65	2.04494e-66	6.69497e-68	2.1269e-69	6.75477e-71	6.75477e-71	
4.27001e-18	1.03343e-18	2.33867e-19	4.95462e-20	9.83903e-21	1.83384e-21	3.21226e-22	5.29516e-23	8.22512e-24	1.20551e-24	1.66926e-25	2.1865e-26	2.71258e-27	3.19113e-28	3.564e-29	3.78313e-30	3.82082e-31	3.67543e-32	3.3709e-33	2.95048e-34	2.46694e-35	1.97212e-36	1.50868e-37	1.10538e-38	7.76306e-40	5.2299e-41	3.38236e-42	2.10148e-43	1.25519e-44	7.2122e-46	3.9891e-47	2.12522e-48	1.09122e-49	5.40322e-51	2.58147e-52	1.19066e-53	5.30447e-55	2.28374e-56	9.50629e-58	3.82772e-59	1.49152e-60	5.62688e-62	2.05608e-63	7.27986e-65	2.49855e-66	8.31579e-68	2.6849e-69	8.41261e-71	2.63432e-72	2.63432e-72	
3.8076e-19	8.99432e-20	1.98701e-20	4.11047e-21	7.9727e-22	1.45184e-22	2.48553e-23	4.00578e-24	6.0856e-25	8.72647e-26	1.18264e-26	1.51668e-27	1.84287e-28	2.12408e-29	2.325e-30	2.41957e-31	2.39652e-32	2.26154e-33	2.03536e-34	1.74869e-35	1.43556e-36	1.12709e-37	8.47021e-39	6.09804e-40	4.20914e-41	2.78765e-42	1.77274e-43	1.08323e-44	6.36457e-46	3.5981e-47	1.95844e-48	1.02695e-49	5.19091e-51	2.53072e-52	1.19066e-53	5.40889e-55	2.3737e-56	1.00684e-57	4.12964e-59	1.63866e-60	6.29334e-62	2.34034e-63	8.43066e-65	2.94311e-66	9.96051e-68	3.26929e-69	1.04107e-70	3.21756e-72	9.93539e-74	9.93539e-74	
3.24074e-20	7.47637e-21	1.61336e-21	3.26082e-22	6.18104e-23	1.10033e-23	1.84206e-24	2.90398e-25	4.31695e-26	6.05932e-27	8.04075e-28	1.01004e-28	1.2025e-29	1.35847e-30	1.45789e-31	1.48798e-32	1.44587e-33	1.33895e-34	1.18287e-35	9.97849e-37	8.04532e-38	6.20524e-39	4.58227e-40	3.24239e-41	2.20017e-42	1.4328e-43	8.96119e-45	5.38651e-46	3.1139e-47	1.73237e-48	9.28085e-50	4.79085e-51	2.38434e-52	1.14472e-53	5.30447e-55	2.3737e-56	1.0263e-57	4.28937e-59	1.73378e-60	6.78069e-62	2.56699e-63	9.41091e-65	3.34253e-66	1.15061e-67	3.84026e-69	1.24318e-70	3.90484e-72	1.19052e-73	3.62541e-75	3.62541e-75	
2.63568e-21	5.94181e-22	1.25317e-22	2.47602e-23	4.58925e-24	7.99054e-25	1.30875e-25	2.0192e-26	2.93853e-27	4.03909e-28	5.2505e-29	6.46286e-30	7.54201e-31	8.35408e-32	8.79335e-33	8.80505e-34	8.39638e-35	7.63271e-36	6.62093e-37	5.4856e-38	4.345e-39	3.29305e-40	2.3901e-41	1.66262e-42	1.10936e-43	7.10524e-45	4.37147e-46	2.58536e-47	1.47079e-48	8.05376e-50	4.24752e-51	2.15884e-52	1.05805e-53	5.00308e-55	2.28374e-56	1.00684e-57	4.28937e-59	1.76669e-60	7.03825e-62	2.71333e-63	1.01266e-64	3.66041e-66	1.28198e-67	4.35202e-69	1.43259e-70	4.57445e-72	1.41741e-73	4.26336e-75	1.28049e-76	1.28049e-76	
2.05047e-22	4.51955e-23	9.3212e-24	1.8013e-24	3.26623e-25	5.56502e-26	8.92182e-27	1.34774e-27	1.92095e-28	2.58678e-29	3.2953e-30	3.97621e-31	4.54997e-32	4.94338e-33	5.10512e-34	5.01685e-35	4.69631e-36	4.19201e-37	3.57152e-38	2.90707e-39	2.26268e-40	1.68552e-41	1.20268e-42	8.22659e-44	5.39861e-45	3.40141e-46	2.05903e-47	1.19837e-48	6.71022e-50	3.61721e-51	1.87834e-52	9.40138e-54	4.53815e-55	2.11385e-56	9.50629e-58	4.12964e-59	1.73378e-60	7.03825e-62	2.76393e-63	1.05044e-64	3.86539e-66	1.37774e-67	4.75856e-69	1.59325e-70	5.17319e-72	1.62952e-73	4.98127e-75	1.47829e-76	4.37953e-78	4.37953e-78	
1.52744e-23	3.29337e-24	6.64535e-25	1.25666e-25	2.23027e-26	3.72018e-27	5.84051e-28	8.64216e-29	1.2069e-29	1.59286e-30	1.98929e-31	2.35387e-32	2.64212e-33	2.81655e-34	2.85474e-35	2.75407e-36	2.53159e-37	2.21954e-38	1.85781e-39	1.48598e-40	1.13682e-41	8.32545e-43	5.84147e-44	3.9299e-45	2.53699e-46	1.57273e-47	9.36908e-49	5.36715e-50	2.95856e-51	1.5703e-52	8.03e-54	3.95854e-55	1.8823e-56	8.63801e-58	3.82772e-59	1.63866e-60	6.78069e-62	2.71333e-63	1.05044e-64	3.93622e-66	1.42826e-67	5.02039e-69	1.71019e-70	5.648e-72	1.80906e-73	5.62184e-75	1.6956e-76	4.96526e-78	1.45108e-79	1.45108e-79	
1.09051e-24	2.30118e-25	4.54503e-26	8.41433e-27	1.4623e-27	2.38902e-28	3.67442e-29	5.3279e-30	7.29317e-31	9.43732e-32	1.15589e-32	1.34171e-33	1.47776e-34	1.54618e-35	1.53855e-36	1.45757e-37	1.31603e-38	1.13359e-39	9.32427e-41	7.33073e-42	5.51364e-43	3.97064e-44	2.74011e-45	1.81346e-46	1.15188e-47	7.02727e-49	4.12049e-50	2.32376e-51	1.26123e-52	6.59222e-54	3.32023e-55	1.61234e-56	7.55335e-58	3.4155e-59	1.49152e-60	6.29334e-62	2.56699e-63	1.01266e-64	3.86539e-66	1.42826e-67	5.11081e-69	1.77182e-70	5.95343e-72	1.93956e-73	6.12894e-75	1.8792e-76	5.59263e-78	1.61611e-79	4.65947e-81	4.65947e-81	
7.46873e-26	1.54315e-26	2.98465e-27	5.41192e-28	9.21361e-29	1.47492e-29	2.22328e-30	3.16028e-31	4.24188e-32	5.38361e-33	6.46896e-34	7.36856e-35	7.96606e-36	8.18317e-37	7.99654e-38	7.44138e-39	6.60122e-40	5.58787e-41	4.51789e-42	3.49213e-43	2.58283e-44	1.82944e-45	1.24197e-46	8.08759e-48	5.05552e-49	3.03577e-50	1.75238e-51	9.7306e-53	5.20094e-54	2.67747e-55	1.3284e-56	6.3555e-58	2.93376e-59	1.30734e-60	5.62688e-62	2.34034e-63	9.41091e-65	3.66041e-66	1.37774e-67	5.02039e-69	1.77182e-70	6.05885e-72	2.00827e-73	6.45478e-75	2.01246e-76	6.08854e-78	1.7881e-79	5.09935e-81	1.45055e-82	1.45055e-82	
4.91115e-27	9.9397e-28	1.88339e-28	3.34621e-29	5.58298e-30	8.76053e-31	1.29473e-31	1.80482e-32	2.37625e-33	2.95896e-34	3.48928e-35	3.90146e-36	4.14128e-37	4.17794e-38	4.01046e-39	3.66686e-40	3.19677e-41	2.65996e-42	2.11445e-43	1.60722e-44	1.1692e-45	8.14708e-47	5.44214e-48	3.48761e-49	2.14587e-50	1.26855e-51	7.21009e-53	3.94269e-54	2.07559e-55	1.05258e-56	5.14511e-58	2.42553e-59	1.1034e-60	4.8462e-62	2.05608e-63	8.43066e-65	3.34253e-66	1.28198e-67	4.75856e-69	1.71019e-70	5.95343e-72	2.00827e-73	6.56718e-75	2.08257e-76	6.40684e-78	1.91278e-79	5.54385e-81	1.5604e-82	4.37968e-84	4.37968e-84	
3.10309e-28	6.15442e-29	1.14291e-29	1.99043e-30	3.25583e-31	5.00972e-32	7.26174e-33	9.93044e-34	1.28292e-34	1.5679e-35	1.81505e-36	1.99275e-37	2.07746e-38	2.05888e-39	1.94191e-40	1.74499e-41	1.49542e-42	1.22341e-43	9.56366e-45	7.15019e-46	5.11717e-47	3.50852e-48	2.30648e-49	1.45493e-50	8.81297e-52	5.12982e-53	2.87131e-54	1.54647e-55	8.01982e-57	4.00695e-58	1.92996e-59	8.96625e-61	4.02016e-62	1.7405e-63	7.27986e-65	2.94311e-66	1.15061e-67	4.35202e-69	1.59325e-70	5.648e-72	1.93956e-73	6.45478e-75	2.08257e-76	6.51657e-78	1.97833e-79	5.82892e-81	1.66739e-82	4.63227e-84	1.28298e-85	1.28298e-85	
1.88545e-29	3.66589e-30	6.6746e-31	1.13984e-31	1.8286e-32	2.76001e-33	3.92523e-34	5.26757e-35	6.67965e-36	8.01456e-37	9.11071e-38	9.82457e-39	1.0062e-39	9.79872e-41	9.08334e-42	8.02372e-43	6.76088e-44	5.43942e-45	4.18247e-46	3.07634e-47	2.16638e-48	1.46181e-49	9.45922e-51	5.87432e-52	3.50363e-53	2.00838e-54	1.10723e-55	5.87456e-57	3.00148e-58	1.47769e-59	7.01405e-61	3.21174e-62	1.4195e-63	6.05866e-65	2.49855e-66	9.96051e-68	3.84026e-69	1.43259e-70	5.17319e-72	1.80906e-73	6.12894e-75	2.01246e-76	6.40684e-78	1.97833e-79	5.92714e-81	1.7236e-82	4.86652e-84	1.33456e-85	3.64767e-87	3.64767e-87	
1.10248e-30	2.10214e-31	3.75393e-32	6.28845e-33	9.8975e-34	1.46589e-34	2.04609e-35	2.69541e-36	3.35593e-37	3.95433e-38	4.41541e-39	4.67788e-40	4.70791e-41	4.50617e-42	4.10646e-43	3.56671e-44	2.95563e-45	2.33903e-46	1.76943e-47	1.28065e-48	8.87564e-50	5.89525e-51	3.75562e-52	2.29651e-53	1.34891e-54	7.61599e-56	4.13615e-57	2.1621e-58	1.08851e-59	5.28124e-61	2.47077e-62	1.11524e-63	4.85931e-65	2.04494e-66	8.31579e-68	3.26929e-69	1.24318e-70	4.57445e-72	1.62952e-73	5.62184e-75	1.8792e-76	6.08854e-78	1.91278e-79	5.82892e-81	1.7236e-82	4.94722e-84	1.37881e-85	3.73266e-87	1.00688e-88	1.00688e-88	
6.20815e-32	1.16127e-32	2.03462e-33	3.34446e-34	5.16604e-35	7.51032e-36	1.02916e-36	1.33128e-37	1.6279e-38	1.88427e-39	2.06721e-40	2.15225e-41	2.12906e-42	2.00341e-43	1.79521e-44	1.5335e-45	1.25001e-46	9.73253e-48	7.2448e-49	5.16062e-50	3.52065e-51	2.30222e-52	1.44416e-53	8.69682e-55	5.03146e-56	2.79848e-57	1.49739e-58	7.71286e-60	3.82677e-61	1.82998e-62	8.43933e-64	3.75542e-65	1.61336e-66	6.69497e-68	2.6849e-69	1.04107e-70	3.90484e-72	1.41741e-73	4.98127e-75	1.6956e-76	5.59263e-78	1.7881e-79	5.54385e-81	1.66739e-82	4.86652e-84	1.37881e-85	3.79353e-87	1.01386e-88	2.69926e-90	2.69926e-90	
3.36933e-33	6.18495e-34	1.06353e-34	1.71598e-35	2.60211e-36	3.71433e-37	4.99845e-38	6.3508e-39	7.62911e-40	8.67684e-41	9.35528e-42	9.57417e-43	9.31141e-44	8.61584e-45	7.59318e-46	6.38045e-47	5.11704e-48	3.92053e-49	2.87231e-50	2.01402e-51	1.35273e-52	8.71027e-54	5.38099e-55	3.19176e-56	1.81907e-57	9.96837e-59	5.25583e-60	2.66797e-61	1.3047e-62	6.15024e-64	2.79622e-65	1.22684e-66	5.19723e-68	2.1269e-69	8.41261e-71	3.21756e-72	1.19052e-73	4.26336e-75	1.47829e-76	4.96526e-78	1.61611e-79	5.09935e-81	1.5604e-82	4.63227e-84	1.33456e-85	3.73266e-87	1.01386e-88	2.6752e-90	7.03012e-92	7.03012e-92	
1.85191e-34	3.33425e-35	5.62404e-36	8.90237e-37	1.32461e-37	1.85559e-38	2.45108e-39	3.05743e-40	3.60656e-41	4.02863e-42	4.26694e-43	4.29055e-44	4.10076e-45	3.72965e-46	3.23148e-47	2.67004e-48	2.10597e-49	1.58718e-50	1.14403e-51	7.89347e-53	5.2178e-54	3.30711e-55	2.01135e-56	1.17471e-57	6.59313e-59	3.5585e-60	1.84819e-61	9.24286e-63	4.45363e-64	2.06883e-65	9.27013e-67	4.009e-68	1.67419e-69	6.75477e-71	2.63432e-72	9.93539e-74	3.62541e-75	1.28049e-76	4.37953e-78	1.45108e-79	4.65947e-81	1.45055e-82	4.37968e-84	1.28298e-85	3.64767e-87	1.00688e-88	2.69926e-90	7.03012e-92	1.82305e-93	1.82305e-93	
1.85191e-34	3.33425e-35	5.62404e-36	8.90237e-37	1.32461e-37	1.85559e-38	2.45108e-39	3.05743e-40	3.60656e-41	4.02863e-42	4.26694e-43	4.29055e-44	4.10076e-45	3.72965e-46	3.23148e-47	2.67004e-48	2.10597e-49	1.58718e-50	1.14403e-51	7.89347e-53	5.2178e-54	3.30711e-55	2.01135e-56	1.17471e-57	6.59313e-59	3.5585e-60	1.84819e-61	9.24286e-63	4.45363e-64	2.06883e-65	9.27013e-67	4.009e-68	1.67419e-69	6.75477e-71	2.63432e-72	9.93539e-74	3.62541e-75	1.28049e-76	4.37953e-78	1.45108e-79	4.65947e-81	1.45055e-82	4.37968e-84	1.28298e-85	3.64767e-87	1.00688e-88	2.69926e-90	7.03012e-92	1.82305e-93	1.82305e-93	
