-0.113823	0.0774615	0.231141	0.344993	0.412845	0.448868	0.454881	0.429909	0.40224	0.410083	0.466197	0.578554	0.735682	0.92432	1.12642	1.29862	1.42536	1.51191	1.54716	1.52484	1.45165	1.33559	1.18736	1.02831	0.872033	0.704228	0.534653	0.379495	0.23666	0.101966	-0.022032	-0.133193	-0.231561	-0.31841	-0.3878	-0.429159	-0.465681	-0.49649	-0.515098	-0.536956	-0.561272	-0.596292	-0.63785	-0.681105	-0.723748	-0.762344	-0.799141	-0.821098	-0.829365	-0.829365	
0.0774615	0.246298	0.380498	0.479935	0.532831	0.547883	0.531774	0.482715	0.432081	0.421527	0.463863	0.570933	0.716677	0.887494	1.06636	1.22087	1.32939	1.38603	1.39047	1.33922	1.23337	1.0896	0.933522	0.772393	0.613088	0.459065	0.318248	0.196789	0.0905841	-0.00426908	-0.0903076	-0.167076	-0.225895	-0.274745	-0.318255	-0.343315	-0.363307	-0.37223	-0.372968	-0.391999	-0.421413	-0.455028	-0.497554	-0.553787	-0.61074	-0.654554	-0.694263	-0.723903	-0.735852	-0.735852	
0.231141	0.380498	0.500982	0.589469	0.618017	0.598463	0.554961	0.48512	0.421922	0.397223	0.428254	0.522964	0.661087	0.819068	0.975815	1.10841	1.19489	1.22482	1.18806	1.09603	0.965191	0.811897	0.649659	0.485871	0.335733	0.202735	0.0880527	-0.00285176	-0.0687194	-0.118766	-0.164083	-0.203529	-0.220341	-0.227827	-0.238132	-0.23665	-0.239599	-0.241536	-0.238908	-0.255422	-0.281285	-0.307483	-0.340037	-0.383527	-0.43118	-0.469788	-0.503567	-0.532837	-0.547706	-0.547706	
0.344993	0.479935	0.589469	0.655032	0.650656	0.600386	0.530396	0.446604	0.373824	0.340368	0.366853	0.461484	0.593121	0.731897	0.864523	0.97016	1.02802	1.02341	0.954362	0.833148	0.684095	0.522346	0.356843	0.202324	0.0699284	-0.0368412	-0.122319	-0.184208	-0.220864	-0.239722	-0.248037	-0.243385	-0.217108	-0.187387	-0.163813	-0.134492	-0.111725	-0.104004	-0.105225	-0.114631	-0.129244	-0.143638	-0.162388	-0.185972	-0.207205	-0.231313	-0.254849	-0.271489	-0.284592	-0.284592	
0.412845	0.532831	0.618017	0.650656	0.621046	0.544579	0.454096	0.36683	0.294545	0.25885	0.293095	0.390879	0.514379	0.639053	0.744902	0.823774	0.851046	0.810849	0.710358	0.569604	0.412519	0.247464	0.0913393	-0.0485409	-0.161472	-0.242199	-0.300072	-0.334328	-0.345816	-0.339719	-0.313485	-0.264091	-0.205157	-0.147216	-0.0929468	-0.0443349	-0.00443117	0.0190075	0.0282082	0.0312671	0.0359664	0.0389904	0.0334671	0.0326526	0.0349409	0.0281918	0.0207255	0.0166691	0.0141292	0.0141292	
0.448868	0.547883	0.598463	0.600386	0.544579	0.445094	0.340641	0.256361	0.192332	0.170739	0.214525	0.304056	0.418517	0.531644	0.616577	0.668817	0.667572	0.597102	0.47138	0.322666	0.167764	0.0165624	-0.119236	-0.240371	-0.330137	-0.386917	-0.421549	-0.433813	-0.416743	-0.381407	-0.331679	-0.255479	-0.176999	-0.10449	-0.0286083	0.037974	0.0880787	0.129382	0.161567	0.180886	0.201422	0.218112	0.223967	0.239038	0.259675	0.274442	0.288667	0.302632	0.313162	0.313162	
0.454881	0.531774	0.554961	0.530396	0.454096	0.340641	0.229488	0.148363	0.0963974	0.0884094	0.131232	0.212951	0.319518	0.417864	0.483671	0.510939	0.482468	0.39327	0.261845	0.117263	-0.0248107	-0.156252	-0.271061	-0.363769	-0.427507	-0.463312	-0.470699	-0.459378	-0.42065	-0.361006	-0.28889	-0.199421	-0.116784	-0.038098	0.0462922	0.120603	0.176638	0.22749	0.277271	0.31087	0.338891	0.368339	0.390316	0.416408	0.451059	0.484778	0.51769	0.54706	0.563409	0.563409	
0.429909	0.482715	0.48512	0.446604	0.36683	0.256361	0.148363	0.0735309	0.0318455	0.0287856	0.0628088	0.139194	0.238016	0.319454	0.369748	0.376061	0.322749	0.229083	0.113989	-0.0139142	-0.141155	-0.260778	-0.361134	-0.424194	-0.460534	-0.475104	-0.454659	-0.417263	-0.36087	-0.281613	-0.18918	-0.0949856	-0.0132409	0.062557	0.139545	0.207334	0.254469	0.305589	0.362781	0.403748	0.441082	0.480237	0.521306	0.562668	0.599198	0.640798	0.681035	0.70733	0.72205	0.72205	
0.40224	0.432081	0.421922	0.373824	0.294545	0.192332	0.0963974	0.0318455	0.00173294	0.00235233	0.0340232	0.0979215	0.171805	0.237625	0.278552	0.274354	0.220212	0.143289	0.0428336	-0.0754126	-0.183578	-0.276752	-0.35857	-0.409404	-0.42724	-0.421683	-0.382898	-0.316637	-0.233837	-0.148446	-0.0585002	0.0268859	0.0987552	0.163387	0.224195	0.282553	0.326769	0.372368	0.423329	0.468953	0.5133	0.556483	0.609172	0.659022	0.693333	0.727095	0.757013	0.771912	0.775346	0.775346	
0.410083	0.421527	0.397223	0.340368	0.25885	0.170739	0.0884094	0.0287856	0.00235233	0.00570121	0.0321481	0.0758538	0.134399	0.198218	0.230518	0.216959	0.174499	0.111897	0.0309029	-0.0583984	-0.152841	-0.231622	-0.287122	-0.32074	-0.32031	-0.288153	-0.241281	-0.170005	-0.0750272	0.00524494	0.0751455	0.140343	0.199361	0.249013	0.28658	0.332429	0.379116	0.418717	0.459769	0.507055	0.555285	0.599337	0.647317	0.69174	0.719569	0.736855	0.75034	0.75397	0.748956	0.748956	
0.466197	0.463863	0.428254	0.366853	0.293095	0.214525	0.131232	0.0628088	0.0340232	0.0321481	0.047124	0.0882609	0.14783	0.207456	0.230354	0.218983	0.18859	0.131482	0.0645321	-0.00190139	-0.0814504	-0.146678	-0.17427	-0.180837	-0.163459	-0.113472	-0.0571535	0.00469023	0.0794931	0.144057	0.193748	0.234288	0.280248	0.322429	0.341446	0.365139	0.402712	0.430887	0.460757	0.505008	0.55239	0.595846	0.631422	0.663143	0.680608	0.683196	0.685093	0.680546	0.676659	0.676659	
0.578554	0.570933	0.522964	0.461484	0.390879	0.304056	0.212951	0.139194	0.0979215	0.0758538	0.0882609	0.130482	0.186376	0.238526	0.26775	0.268959	0.243968	0.199069	0.136809	0.0684968	0.0108691	-0.0225892	-0.0311984	-0.0184149	0.0142531	0.0626441	0.111482	0.161849	0.210523	0.247527	0.277291	0.303537	0.333786	0.35692	0.368763	0.384185	0.406231	0.42526	0.445417	0.476526	0.51097	0.539295	0.55637	0.572129	0.582331	0.583223	0.58494	0.584462	0.587976	0.587976	
0.735682	0.716677	0.661087	0.593121	0.514379	0.418517	0.319518	0.238016	0.171805	0.134399	0.14783	0.186376	0.238916	0.287859	0.321335	0.333631	0.317759	0.284452	0.232246	0.173169	0.131291	0.113609	0.111357	0.129796	0.165896	0.206388	0.242001	0.271034	0.298746	0.315384	0.321667	0.338782	0.355037	0.355832	0.362257	0.372414	0.38572	0.399512	0.4094	0.429423	0.443678	0.450667	0.455358	0.454249	0.460018	0.464366	0.465118	0.471589	0.476776	0.476776	
0.92432	0.887494	0.819068	0.731897	0.639053	0.531644	0.417864	0.319454	0.237625	0.198218	0.207456	0.238526	0.287859	0.336858	0.370285	0.392773	0.392238	0.365323	0.324419	0.28486	0.254065	0.239342	0.236756	0.250305	0.27144	0.298731	0.323514	0.329249	0.343726	0.350497	0.33963	0.336437	0.329814	0.323814	0.323867	0.32669	0.338879	0.350367	0.358972	0.364607	0.360766	0.355235	0.348484	0.341997	0.34207	0.34343	0.344541	0.347167	0.349192	0.349192	
1.12642	1.06636	0.975815	0.864523	0.744902	0.616577	0.483671	0.369748	0.278552	0.230518	0.230354	0.26775	0.321335	0.370285	0.409402	0.441057	0.451767	0.428379	0.394286	0.364713	0.346011	0.338691	0.33605	0.338157	0.337282	0.345278	0.35394	0.345748	0.338814	0.33413	0.324241	0.303631	0.279001	0.269797	0.26684	0.269158	0.279321	0.287729	0.294205	0.287392	0.272802	0.257537	0.241703	0.236336	0.229628	0.22859	0.235731	0.234138	0.236386	0.236386	
1.29862	1.22087	1.10841	0.97016	0.823774	0.668817	0.510939	0.376061	0.274354	0.216959	0.218983	0.268959	0.333631	0.392773	0.441057	0.473194	0.484113	0.463322	0.434174	0.411396	0.398582	0.393267	0.388525	0.378475	0.363544	0.3554	0.342024	0.322713	0.295815	0.275488	0.267236	0.246879	0.223925	0.21753	0.221154	0.216238	0.213796	0.215835	0.20609	0.193835	0.182267	0.165018	0.151694	0.147268	0.137007	0.132498	0.140397	0.1411	0.141285	0.141285	
1.42536	1.32939	1.19489	1.02802	0.851046	0.667572	0.482468	0.322749	0.220212	0.174499	0.18859	0.243968	0.317759	0.392238	0.451767	0.484113	0.490478	0.475424	0.455264	0.441595	0.424316	0.406306	0.391853	0.371254	0.347636	0.324812	0.292613	0.264244	0.23336	0.207086	0.191694	0.173108	0.166926	0.173329	0.178737	0.164967	0.150325	0.140809	0.115522	0.101759	0.0948039	0.0846424	0.0831016	0.0783396	0.0709608	0.0634223	0.0614235	0.0638698	0.057647	0.057647	
1.51191	1.38603	1.22482	1.02341	0.810849	0.597102	0.39327	0.229083	0.143289	0.111897	0.131482	0.199069	0.284452	0.365323	0.428379	0.463322	0.475424	0.480516	0.468146	0.447745	0.42254	0.397062	0.364155	0.326398	0.292721	0.257776	0.22734	0.196162	0.1602	0.135256	0.124899	0.112914	0.109837	0.121461	0.119871	0.103013	0.0916635	0.0724943	0.0455756	0.0360757	0.0281417	0.0219932	0.0256522	0.0221096	0.0200525	0.0137648	0.00348312	0.00113224	-0.00768767	-0.00768767	
1.54716	1.39047	1.18806	0.954362	0.710358	0.47138	0.261845	0.113989	0.0428336	0.0309029	0.0645321	0.136809	0.232246	0.324419	0.394286	0.434174	0.455264	0.468146	0.46544	0.439813	0.401041	0.356804	0.308293	0.264643	0.221399	0.179951	0.148634	0.120152	0.0926835	0.0759993	0.0699572	0.0680451	0.0668861	0.0641343	0.0528799	0.0403777	0.0317927	0.0139538	-0.00132752	-0.00836075	-0.0170626	-0.0209369	-0.0214986	-0.0220057	-0.0205328	-0.0246374	-0.0359878	-0.0461125	-0.0516731	-0.0516731	
1.52484	1.33922	1.09603	0.833148	0.569604	0.322666	0.117263	-0.0139142	-0.0754126	-0.0583984	-0.00190139	0.0684968	0.173169	0.28486	0.364713	0.411396	0.441595	0.447745	0.439813	0.404628	0.35243	0.294732	0.244914	0.19836	0.148386	0.108063	0.0712947	0.0465561	0.0383281	0.0380856	0.0257845	0.0256941	0.0307925	0.0123978	-0.00476639	-0.0171634	-0.0241105	-0.0292579	-0.0352041	-0.0384535	-0.0425458	-0.0483656	-0.0541718	-0.0557225	-0.0596171	-0.0598526	-0.0643607	-0.075755	-0.0704779	-0.0704779	
1.45165	1.23337	0.965191	0.684095	0.412519	0.167764	-0.0248107	-0.141155	-0.183578	-0.152841	-0.0814504	0.0108691	0.131291	0.254065	0.346011	0.398582	0.424316	0.42254	0.401041	0.35243	0.290882	0.229967	0.177508	0.130945	0.082648	0.0422957	0.0121936	-0.00423017	-0.00685945	-0.00396099	-0.00798469	-0.00676113	-0.00924681	-0.0279278	-0.0450359	-0.054913	-0.0598548	-0.0637742	-0.0639707	-0.0626473	-0.0613945	-0.0640527	-0.0733514	-0.082028	-0.0898317	-0.0900554	-0.0883164	-0.0867954	-0.0757637	-0.0757637	
1.33559	1.0896	0.811897	0.522346	0.247464	0.0165624	-0.156252	-0.260778	-0.276752	-0.231622	-0.146678	-0.0225892	0.113609	0.239342	0.338691	0.393267	0.406306	0.397062	0.356804	0.294732	0.229967	0.168954	0.111561	0.0618858	0.0221168	-0.0141787	-0.0300252	-0.0331873	-0.0392943	-0.0377523	-0.0317725	-0.0385445	-0.0515592	-0.058314	-0.0702076	-0.0771401	-0.077684	-0.0843739	-0.0846532	-0.0796511	-0.0803126	-0.0814975	-0.0858852	-0.0997536	-0.104642	-0.103931	-0.103117	-0.0906902	-0.0847005	-0.0847005	
1.18736	0.933522	0.649659	0.356843	0.0913393	-0.119236	-0.271061	-0.361134	-0.35857	-0.287122	-0.17427	-0.0311984	0.111357	0.236756	0.33605	0.388525	0.391853	0.364155	0.308293	0.244914	0.177508	0.111561	0.0548948	0.00596617	-0.0268671	-0.0525971	-0.0587724	-0.0515852	-0.0552402	-0.0569717	-0.0585717	-0.0743344	-0.0871238	-0.0843435	-0.0829542	-0.0903011	-0.091973	-0.0882138	-0.0916457	-0.0931753	-0.0958508	-0.100451	-0.0997862	-0.105543	-0.104535	-0.102833	-0.104872	-0.0980946	-0.103102	-0.103102	
1.02831	0.772393	0.485871	0.202324	-0.0485409	-0.240371	-0.363769	-0.424194	-0.409404	-0.32074	-0.180837	-0.0184149	0.129796	0.250305	0.338157	0.378475	0.371254	0.326398	0.264643	0.19836	0.130945	0.0618858	0.00596617	-0.0366897	-0.0602984	-0.0688123	-0.0703707	-0.0617595	-0.0702077	-0.0793788	-0.0803874	-0.0933166	-0.103578	-0.105548	-0.099006	-0.0978837	-0.102717	-0.0937255	-0.0930881	-0.102669	-0.106517	-0.111396	-0.109464	-0.10264	-0.0986	-0.097639	-0.10156	-0.109271	-0.120007	-0.120007	
0.872033	0.613088	0.335733	0.0699284	-0.161472	-0.330137	-0.427507	-0.460534	-0.42724	-0.32031	-0.163459	0.0142531	0.165896	0.27144	0.337282	0.363544	0.347636	0.292721	0.221399	0.148386	0.082648	0.0221168	-0.0268671	-0.0602984	-0.0763507	-0.0774275	-0.0706562	-0.0713555	-0.0884302	-0.0985535	-0.0958631	-0.102068	-0.113793	-0.114866	-0.108994	-0.10278	-0.105203	-0.101846	-0.095286	-0.106457	-0.112035	-0.113469	-0.113405	-0.10395	-0.104036	-0.102847	-0.102056	-0.112447	-0.114829	-0.114829	
0.704228	0.459065	0.202735	-0.0368412	-0.242199	-0.386917	-0.463312	-0.475104	-0.421683	-0.288153	-0.113472	0.0626441	0.206388	0.298731	0.345278	0.3554	0.324812	0.257776	0.179951	0.108063	0.0422957	-0.0141787	-0.0525971	-0.0688123	-0.0774275	-0.0829434	-0.079971	-0.0912413	-0.100753	-0.105502	-0.111241	-0.111454	-0.115388	-0.111438	-0.105342	-0.0994825	-0.104014	-0.110982	-0.105697	-0.114772	-0.119362	-0.109217	-0.106372	-0.106712	-0.107517	-0.108888	-0.110025	-0.109053	-0.105738	-0.105738	
0.534653	0.318248	0.0880527	-0.122319	-0.300072	-0.421549	-0.470699	-0.454659	-0.382898	-0.241281	-0.0571535	0.111482	0.242001	0.323514	0.35394	0.342024	0.292613	0.22734	0.148634	0.0712947	0.0121936	-0.0300252	-0.0587724	-0.0703707	-0.0706562	-0.079971	-0.0928888	-0.108489	-0.114176	-0.118179	-0.125762	-0.114927	-0.106261	-0.108807	-0.104874	-0.0999955	-0.107735	-0.115517	-0.114864	-0.114861	-0.111466	-0.102411	-0.101646	-0.111678	-0.113508	-0.112241	-0.114682	-0.107463	-0.0995362	-0.0995362	
0.379495	0.196789	-0.00285176	-0.184208	-0.334328	-0.433813	-0.459378	-0.417263	-0.316637	-0.170005	0.00469023	0.161849	0.271034	0.329249	0.345748	0.322713	0.264244	0.196162	0.120152	0.0465561	-0.00423017	-0.0331873	-0.0515852	-0.0617595	-0.0713555	-0.0912413	-0.108489	-0.114236	-0.116987	-0.123346	-0.125668	-0.115009	-0.103916	-0.107748	-0.109614	-0.107395	-0.114932	-0.118394	-0.114885	-0.109631	-0.101369	-0.0980585	-0.105489	-0.11299	-0.111727	-0.11017	-0.111602	-0.109316	-0.103483	-0.103483	
0.23666	0.0905841	-0.0687194	-0.220864	-0.345816	-0.416743	-0.42065	-0.36087	-0.233837	-0.0750272	0.0794931	0.210523	0.298746	0.343726	0.338814	0.295815	0.23336	0.1602	0.0926835	0.0383281	-0.00685945	-0.0392943	-0.0552402	-0.0702077	-0.0884302	-0.100753	-0.114176	-0.116987	-0.111749	-0.112087	-0.112931	-0.11428	-0.106525	-0.10399	-0.115169	-0.119227	-0.117338	-0.116496	-0.111342	-0.105666	-0.10395	-0.103631	-0.109462	-0.109628	-0.103613	-0.104807	-0.106723	-0.109192	-0.110818	-0.110818	
0.101966	-0.00426908	-0.118766	-0.239722	-0.339719	-0.381407	-0.361006	-0.281613	-0.148446	0.00524494	0.144057	0.247527	0.315384	0.350497	0.33413	0.275488	0.207086	0.135256	0.0759993	0.0380856	-0.00396099	-0.0377523	-0.0569717	-0.0793788	-0.0985535	-0.105502	-0.118179	-0.123346	-0.112087	-0.111599	-0.113487	-0.112223	-0.107378	-0.106773	-0.118082	-0.118659	-0.106953	-0.102661	-0.104668	-0.105122	-0.110222	-0.116043	-0.114911	-0.108388	-0.104692	-0.105387	-0.102868	-0.10338	-0.107626	-0.107626	
-0.022032	-0.0903076	-0.164083	-0.248037	-0.313485	-0.331679	-0.28889	-0.18918	-0.0585002	0.0751455	0.193748	0.277291	0.321667	0.33963	0.324241	0.267236	0.191694	0.124899	0.0699572	0.0257845	-0.00798469	-0.0317725	-0.0585717	-0.0803874	-0.0958631	-0.111241	-0.125762	-0.125668	-0.112931	-0.113487	-0.111251	-0.106785	-0.110392	-0.117943	-0.121455	-0.111051	-0.102022	-0.0994402	-0.100411	-0.104893	-0.111754	-0.117136	-0.111461	-0.103776	-0.105378	-0.106635	-0.102115	-0.1025	-0.108684	-0.108684	
-0.133193	-0.167076	-0.203529	-0.243385	-0.264091	-0.255479	-0.199421	-0.0949856	0.0268859	0.140343	0.234288	0.303537	0.338782	0.336437	0.303631	0.246879	0.173108	0.112914	0.0680451	0.0256941	-0.00676113	-0.0385445	-0.0743344	-0.0933166	-0.102068	-0.111454	-0.114927	-0.115009	-0.11428	-0.112223	-0.106785	-0.105576	-0.113521	-0.118219	-0.110764	-0.105624	-0.111679	-0.113551	-0.109487	-0.107133	-0.106038	-0.105488	-0.0999816	-0.0969402	-0.10563	-0.107314	-0.10274	-0.107295	-0.110354	-0.110354	
-0.231561	-0.225895	-0.220341	-0.217108	-0.205157	-0.176999	-0.116784	-0.0132409	0.0987552	0.199361	0.280248	0.333786	0.355037	0.329814	0.279001	0.223925	0.166926	0.109837	0.0668861	0.0307925	-0.00924681	-0.0515592	-0.0871238	-0.103578	-0.113793	-0.115388	-0.106261	-0.103916	-0.106525	-0.107378	-0.110392	-0.113521	-0.119555	-0.117091	-0.101048	-0.099279	-0.108948	-0.114221	-0.113532	-0.108315	-0.104755	-0.10112	-0.0996318	-0.102717	-0.107007	-0.108527	-0.105641	-0.103187	-0.102304	-0.102304	
-0.31841	-0.274745	-0.227827	-0.187387	-0.147216	-0.10449	-0.038098	0.062557	0.163387	0.249013	0.322429	0.35692	0.355832	0.323814	0.269797	0.21753	0.173329	0.121461	0.0641343	0.0123978	-0.0279278	-0.058314	-0.0843435	-0.105548	-0.114866	-0.111438	-0.108807	-0.107748	-0.10399	-0.106773	-0.117943	-0.118219	-0.117091	-0.113738	-0.101368	-0.100984	-0.10188	-0.103543	-0.10735	-0.105694	-0.10563	-0.104556	-0.107485	-0.109354	-0.106125	-0.108439	-0.10737	-0.0991039	-0.0943488	-0.0943488	
-0.3878	-0.318255	-0.238132	-0.163813	-0.0929468	-0.0286083	0.0462922	0.139545	0.224195	0.28658	0.341446	0.368763	0.362257	0.323867	0.26684	0.221154	0.178737	0.119871	0.0528799	-0.00476639	-0.0450359	-0.0702076	-0.0829542	-0.099006	-0.108994	-0.105342	-0.104874	-0.109614	-0.115169	-0.118082	-0.121455	-0.110764	-0.101048	-0.101368	-0.102276	-0.112627	-0.109308	-0.102875	-0.108756	-0.107521	-0.102506	-0.103236	-0.106447	-0.101637	-0.0978238	-0.101359	-0.104239	-0.106061	-0.104059	-0.104059	
-0.429159	-0.343315	-0.23665	-0.134492	-0.0443349	0.037974	0.120603	0.207334	0.282553	0.332429	0.365139	0.384185	0.372414	0.32669	0.269158	0.216238	0.164967	0.103013	0.0403777	-0.0171634	-0.054913	-0.0771401	-0.0903011	-0.0978837	-0.10278	-0.0994825	-0.0999955	-0.107395	-0.119227	-0.118659	-0.111051	-0.105624	-0.099279	-0.100984	-0.112627	-0.122648	-0.110726	-0.101574	-0.106308	-0.100563	-0.0975285	-0.101958	-0.105581	-0.105697	-0.0986238	-0.0962509	-0.0999161	-0.103997	-0.110887	-0.110887	
-0.465681	-0.363307	-0.239599	-0.111725	-0.00443117	0.0880787	0.176638	0.254469	0.326769	0.379116	0.402712	0.406231	0.38572	0.338879	0.279321	0.213796	0.150325	0.0916635	0.0317927	-0.0241105	-0.0598548	-0.077684	-0.091973	-0.102717	-0.105203	-0.104014	-0.107735	-0.114932	-0.117338	-0.106953	-0.102022	-0.111679	-0.108948	-0.10188	-0.109308	-0.110726	-0.102451	-0.101835	-0.103486	-0.100653	-0.10219	-0.105166	-0.105439	-0.108508	-0.106405	-0.0996896	-0.0976327	-0.0985716	-0.10243	-0.10243	
-0.49649	-0.37223	-0.241536	-0.104004	0.0190075	0.129382	0.22749	0.305589	0.372368	0.418717	0.430887	0.42526	0.399512	0.350367	0.287729	0.215835	0.140809	0.0724943	0.0139538	-0.0292579	-0.0637742	-0.0843739	-0.0882138	-0.0937255	-0.101846	-0.110982	-0.115517	-0.118394	-0.116496	-0.102661	-0.0994402	-0.113551	-0.114221	-0.103543	-0.102875	-0.101574	-0.101835	-0.102534	-0.10161	-0.106954	-0.109818	-0.105814	-0.0963874	-0.0971817	-0.106118	-0.104342	-0.102895	-0.102364	-0.0956411	-0.0956411	
-0.515098	-0.372968	-0.238908	-0.105225	0.0282082	0.161567	0.277271	0.362781	0.423329	0.459769	0.460757	0.445417	0.4094	0.358972	0.294205	0.20609	0.115522	0.0455756	-0.00132752	-0.0352041	-0.0639707	-0.0846532	-0.0916457	-0.0930881	-0.095286	-0.105697	-0.114864	-0.114885	-0.111342	-0.104668	-0.100411	-0.109487	-0.113532	-0.10735	-0.108756	-0.106308	-0.103486	-0.10161	-0.100241	-0.105662	-0.107279	-0.102138	-0.0928144	-0.0942385	-0.101125	-0.102761	-0.107746	-0.105318	-0.0968508	-0.0968508	
-0.536956	-0.391999	-0.255422	-0.114631	0.0312671	0.180886	0.31087	0.403748	0.468953	0.507055	0.505008	0.476526	0.429423	0.364607	0.287392	0.193835	0.101759	0.0360757	-0.00836075	-0.0384535	-0.0626473	-0.0796511	-0.0931753	-0.102669	-0.106457	-0.114772	-0.114861	-0.109631	-0.105666	-0.105122	-0.104893	-0.107133	-0.108315	-0.105694	-0.107521	-0.100563	-0.100653	-0.106954	-0.105662	-0.103503	-0.0973566	-0.100484	-0.105259	-0.102282	-0.0993848	-0.0976418	-0.100767	-0.102008	-0.10048	-0.10048	
-0.561272	-0.421413	-0.281285	-0.129244	0.0359664	0.201422	0.338891	0.441082	0.5133	0.555285	0.55239	0.51097	0.443678	0.360766	0.272802	0.182267	0.0948039	0.0281417	-0.0170626	-0.0425458	-0.0613945	-0.0803126	-0.0958508	-0.106517	-0.112035	-0.119362	-0.111466	-0.101369	-0.10395	-0.110222	-0.111754	-0.106038	-0.104755	-0.10563	-0.102506	-0.0975285	-0.10219	-0.109818	-0.107279	-0.0973566	-0.0902715	-0.101282	-0.111538	-0.107072	-0.102749	-0.0981555	-0.0943512	-0.0972213	-0.102201	-0.102201	
-0.596292	-0.455028	-0.307483	-0.143638	0.0389904	0.218112	0.368339	0.480237	0.556483	0.599337	0.595846	0.539295	0.450667	0.355235	0.257537	0.165018	0.0846424	0.0219932	-0.0209369	-0.0483656	-0.0640527	-0.0814975	-0.100451	-0.111396	-0.113469	-0.109217	-0.102411	-0.0980585	-0.103631	-0.116043	-0.117136	-0.105488	-0.10112	-0.104556	-0.103236	-0.101958	-0.105166	-0.105814	-0.102138	-0.100484	-0.101282	-0.100165	-0.0991862	-0.0989325	-0.0992738	-0.099927	-0.0980356	-0.099233	-0.10491	-0.10491	
-0.63785	-0.497554	-0.340037	-0.162388	0.0334671	0.223967	0.390316	0.521306	0.609172	0.647317	0.631422	0.55637	0.455358	0.348484	0.241703	0.151694	0.0831016	0.0256522	-0.0214986	-0.0541718	-0.0733514	-0.0858852	-0.0997862	-0.109464	-0.113405	-0.106372	-0.101646	-0.105489	-0.109462	-0.114911	-0.111461	-0.0999816	-0.0996318	-0.107485	-0.106447	-0.105581	-0.105439	-0.0963874	-0.0928144	-0.105259	-0.111538	-0.0991862	-0.0948288	-0.0984177	-0.0987777	-0.10227	-0.102463	-0.099562	-0.0979047	-0.0979047	
-0.681105	-0.553787	-0.383527	-0.185972	0.0326526	0.239038	0.416408	0.562668	0.659022	0.69174	0.663143	0.572129	0.454249	0.341997	0.236336	0.147268	0.0783396	0.0221096	-0.0220057	-0.0557225	-0.082028	-0.0997536	-0.105543	-0.10264	-0.10395	-0.106712	-0.111678	-0.11299	-0.109628	-0.108388	-0.103776	-0.0969402	-0.102717	-0.109354	-0.101637	-0.105697	-0.108508	-0.0971817	-0.0942385	-0.102282	-0.107072	-0.0989325	-0.0984177	-0.101892	-0.0994166	-0.101985	-0.102161	-0.0987302	-0.0944974	-0.0944974	
-0.723748	-0.61074	-0.43118	-0.207205	0.0349409	0.259675	0.451059	0.599198	0.693333	0.719569	0.680608	0.582331	0.460018	0.34207	0.229628	0.137007	0.0709608	0.0200525	-0.0205328	-0.0596171	-0.0898317	-0.104642	-0.104535	-0.0986	-0.104036	-0.107517	-0.113508	-0.111727	-0.103613	-0.104692	-0.105378	-0.10563	-0.107007	-0.106125	-0.0978238	-0.0986238	-0.106405	-0.106118	-0.101125	-0.0993848	-0.102749	-0.0992738	-0.0987777	-0.0994166	-0.096174	-0.0992498	-0.0995891	-0.0991878	-0.101625	-0.101625	
-0.762344	-0.654554	-0.469788	-0.231313	0.0281918	0.274442	0.484778	0.640798	0.727095	0.736855	0.683196	0.583223	0.464366	0.34343	0.22859	0.132498	0.0634223	0.0137648	-0.0246374	-0.0598526	-0.0900554	-0.103931	-0.102833	-0.097639	-0.102847	-0.108888	-0.112241	-0.11017	-0.104807	-0.105387	-0.106635	-0.107314	-0.108527	-0.108439	-0.101359	-0.0962509	-0.0996896	-0.104342	-0.102761	-0.0976418	-0.0981555	-0.099927	-0.10227	-0.101985	-0.0992498	-0.0995423	-0.0973406	-0.0971426	-0.100872	-0.100872	
-0.799141	-0.694263	-0.503567	-0.254849	0.0207255	0.288667	0.51769	0.681035	0.757013	0.75034	0.685093	0.58494	0.465118	0.344541	0.235731	0.140397	0.0614235	0.00348312	-0.0359878	-0.0643607	-0.0883164	-0.103117	-0.104872	-0.10156	-0.102056	-0.110025	-0.114682	-0.111602	-0.106723	-0.102868	-0.102115	-0.10274	-0.105641	-0.10737	-0.104239	-0.0999161	-0.0976327	-0.102895	-0.107746	-0.100767	-0.0943512	-0.0980356	-0.102463	-0.102161	-0.0995891	-0.0973406	-0.0978817	-0.0994004	-0.0989967	-0.0989967	
-0.821098	-0.723903	-0.532837	-0.271489	0.0166691	0.302632	0.54706	0.70733	0.771912	0.75397	0.680546	0.584462	0.471589	0.347167	0.234138	0.1411	0.0638698	0.00113224	-0.0461125	-0.075755	-0.0867954	-0.0906902	-0.0980946	-0.109271	-0.112447	-0.109053	-0.107463	-0.109316	-0.109192	-0.10338	-0.1025	-0.107295	-0.103187	-0.0991039	-0.106061	-0.103997	-0.0985716	-0.102364	-0.105318	-0.102008	-0.0972213	-0.099233	-0.099562	-0.0987302	-0.0991878	-0.0971426	-0.0994004	-0.100666	-0.0985434	-0.0985434	
-0.829365	-0.735852	-0.547706	-0.284592	0.0141292	0.313162	0.563409	0.72205	0.775346	0.748956	0.676659	0.587976	0.476776	0.349192	0.236386	0.141285	0.057647	-0.00768767	-0.0516731	-0.0704779	-0.0757637	-0.0847005	-0.103102	-0.120007	-0.114829	-0.105738	-0.0995362	-0.103483	-0.110818	-0.107626	-0.108684	-0.110354	-0.102304	-0.0943488	-0.104059	-0.110887	-0.10243	-0.0956411	-0.0968508	-0.10048	-0.102201	-0.10491	-0.0979047	-0.0944974	-0.101625	-0.100872	-0.0989967	-0.0985434	-0.0976486	-0.0976486	
-0.829365	-0.735852	-0.547706	-0.284592	0.0141292	0.313162	0.563409	0.72205	0.775346	0.748956	0.676659	0.587976	0.476776	0.349192	0.236386	0.141285	0.057647	-0.00768767	-0.0516731	-0.0704779	-0.0757637	-0.0847005	-0.103102	-0.120007	-0.114829	-0.105738	-0.0995362	-0.103483	-0.110818	-0.107626	-0.108684	-0.110354	-0.102304	-0.0943488	-0.104059	-0.110887	-0.10243	-0.0956411	-0.0968508	-0.10048	-0.102201	-0.10491	-0.0979047	-0.0944974	-0.101625	-0.100872	-0.0989967	-0.0985434	-0.0976486	-0.0976486	
