1.28957e-29	1.28957e-29	3.31535e-28	8.16615e-27	1.85794e-25	3.89431e-24	7.49905e-23	1.3227e-21	2.13011e-20	3.12128e-19	4.1462e-18	4.97332e-17	5.3642e-16	5.17977e-15	4.45718e-14	3.40163e-13	2.29134e-12	1.35574e-11	7.01352e-11	3.15859e-10	1.23374e-09	4.16749e-09	1.21552e-08	3.06192e-08	6.67861e-08	1.26742e-07	2.10537e-07	3.07971e-07	3.98687e-07	4.58468e-07	4.69338e-07	4.27867e-07	3.46825e-07	2.49186e-07	1.57988e-07	8.79088e-08	4.26754e-08	1.79781e-08	6.547e-09	2.05676e-09	5.57326e-10	1.30475e-10	2.64724e-11	4.67448e-12	7.219e-13	9.80188e-14	1.17641e-14	1.25462e-15	1.19503e-16	1.02152e-17	
1.28957e-29	1.28957e-29	3.31535e-28	8.16615e-27	1.85794e-25	3.89431e-24	7.49905e-23	1.3227e-21	2.13011e-20	3.12128e-19	4.1462e-18	4.97332e-17	5.3642e-16	5.17977e-15	4.45718e-14	3.40163e-13	2.29134e-12	1.35574e-11	7.01352e-11	3.15859e-10	1.23374e-09	4.16749e-09	1.21552e-08	3.06192e-08	6.67861e-08	1.26742e-07	2.10537e-07	3.07971e-07	3.98687e-07	4.58468e-07	4.69338e-07	4.27867e-07	3.46825e-07	2.49186e-07	1.57988e-07	8.79088e-08	4.26754e-08	1.79781e-08	6.547e-09	2.05676e-09	5.57326e-10	1.30475e-10	2.64724e-11	4.67448e-12	7.219e-13	9.80188e-14	1.17641e-14	1.25462e-15	1.19503e-16	1.02152e-17	
3.31535e-28	3.31535e-28	8.21534e-27	1.95125e-25	4.27731e-24	8.63028e-23	1.59822e-21	2.70815e-20	4.18505e-19	5.87742e-18	7.47288e-17	8.5675e-16	8.81922e-15	8.11457e-14	6.64248e-13	4.81443e-12	3.07483e-11	1.72234e-10	8.42414e-10	3.58387e-09	1.32208e-08	4.22096e-08	1.16597e-07	2.79175e-07	5.8182e-07	1.06179e-06	1.70826e-06	2.4381e-06	3.10297e-06	3.53507e-06	3.613e-06	3.31394e-06	2.72376e-06	1.99961e-06	1.30517e-06	7.53055e-07	3.81598e-07	1.68752e-07	6.47877e-08	2.15192e-08	6.17471e-09	1.5314e-09	3.29024e-10	6.14611e-11	1.00271e-11	1.43597e-12	1.8147e-13	2.03441e-14	2.03362e-15	1.82147e-16	
8.16615e-27	8.16615e-27	1.95125e-25	4.47088e-24	9.44682e-23	1.83562e-21	3.27049e-20	5.32606e-19	7.90118e-18	1.06389e-16	1.29519e-15	1.41974e-14	1.39518e-13	1.22352e-12	9.52997e-12	6.5612e-11	3.97388e-10	2.10767e-09	9.74886e-09	3.91905e-08	1.36602e-07	4.12471e-07	1.08008e-06	2.46096e-06	4.90665e-06	8.62146e-06	1.34482e-05	1.87445e-05	2.34706e-05	2.65024e-05	2.70452e-05	2.49515e-05	2.07815e-05	1.55756e-05	1.04555e-05	6.24815e-06	3.30092e-06	1.53058e-06	6.18895e-07	2.17177e-07	6.59522e-08	1.73215e-08	3.93979e-09	7.78358e-10	1.3412e-10	2.0254e-11	2.6945e-12	3.17451e-13	3.32927e-14	3.12356e-15	
1.85794e-25	1.85794e-25	4.27731e-24	9.44682e-23	1.9223e-21	3.5936e-20	6.15323e-19	9.61902e-18	1.36804e-16	1.76353e-15	2.05236e-14	2.14716e-13	2.01036e-12	1.67667e-11	1.23965e-10	8.08572e-10	4.63077e-09	2.31837e-08	1.01077e-07	3.8265e-07	1.25595e-06	3.57511e-06	8.84838e-06	1.9137e-05	3.64255e-05	6.15156e-05	9.29023e-05	0.000126328	0.000155516	0.00017399	0.000177274	0.000164547	0.000138952	0.000106417	7.35581e-05	4.56023e-05	2.51673e-05	1.22653e-05	5.23811e-06	1.94802e-06	6.28175e-07	1.75307e-07	4.23534e-08	8.87806e-09	1.62059e-09	2.58786e-10	3.63342e-11	4.50901e-12	4.97166e-13	4.89522e-14	
3.89431e-24	3.89431e-24	8.63028e-23	1.83562e-21	3.5936e-20	6.45621e-19	1.06114e-17	1.59022e-16	2.16505e-15	2.66764e-14	2.96241e-13	2.95201e-12	2.6275e-11	2.0789e-10	1.45497e-09	8.96359e-09	4.83804e-08	2.27809e-07	9.32576e-07	3.31154e-06	1.01946e-05	2.72531e-05	6.35344e-05	0.000130044	0.000235716	0.000381807	0.000557325	0.000738395	0.000892918	0.000989314	0.00100633	0.000940099	0.000805498	0.00063106	0.000449849	0.000289873	0.000167513	8.60465e-05	3.89397e-05	1.54037e-05	5.2952e-06	1.5765e-06	4.06148e-07	9.06687e-08	1.7594e-08	2.98034e-09	4.42904e-10	5.80471e-11	6.7449e-12	6.98457e-13	
7.49905e-23	7.49905e-23	1.59822e-21	3.27049e-20	6.15323e-19	1.06114e-17	1.67192e-16	2.39842e-15	3.12087e-14	3.66882e-13	3.87987e-12	3.67431e-11	3.10116e-10	2.32119e-09	1.533e-08	8.88914e-08	4.50433e-07	1.98649e-06	7.60159e-06	2.52019e-05	7.24329e-05	0.000181056	0.000396024	0.000764555	0.00131594	0.00203955	0.00287202	0.00370197	0.00439282	0.004817	0.00489129	0.00460083	0.00400341	0.00321265	0.00236587	0.00158807	0.000963514	0.000523331	0.000251897	0.000106438	3.91823e-05	1.25026e-05	3.45038e-06	8.23869e-07	1.70631e-07	3.07738e-08	4.85658e-09	6.74211e-10	8.27793e-11	9.03679e-12	
1.3227e-21	1.3227e-21	2.70815e-20	5.32606e-19	9.61902e-18	1.59022e-16	2.39842e-15	3.28823e-14	4.08203e-13	4.56929e-12	4.59134e-11	4.12181e-10	3.28949e-09	2.32178e-08	1.44179e-07	7.83727e-07	3.71175e-06	1.52569e-05	5.42901e-05	0.00016714	0.000446079	0.00103735	0.00211932	0.00384437	0.00626294	0.00926311	0.0125562	0.0157195	0.0182811	0.0198263	0.0200948	0.0190408	0.0168435	0.0138659	0.0105697	0.00740879	0.00473363	0.00272846	0.00140283	0.000636254	0.000252135	8.6694e-05	2.57653e-05	6.61352e-06	1.46874e-06	2.83222e-07	4.7646e-08	7.03001e-09	9.14784e-10	1.0556e-10	
2.13011e-20	2.13011e-20	4.18505e-19	7.90118e-18	1.36804e-16	2.16505e-15	3.12087e-14	4.08203e-13	4.82497e-12	5.13127e-11	4.88683e-10	4.147e-09	3.11939e-08	2.06864e-07	1.20287e-06	6.10094e-06	2.68651e-05	0.000102332	0.00033653	0.000955967	0.00235436	0.00506398	0.00961412	0.0163157	0.0250684	0.0352778	0.0459222	0.0557348	0.0634402	0.067997	0.0687822	0.0656886	0.059139	0.0500257	0.0395574	0.0290337	0.0196001	0.0120377	0.00664304	0.00325204	0.00139579	0.000520439	0.000167614	4.65251e-05	1.11398e-05	2.30807e-06	4.15718e-07	6.54444e-08	9.05639e-09	1.10799e-09	
3.12128e-19	3.12128e-19	5.87742e-18	1.06389e-16	1.76353e-15	2.66764e-14	3.66882e-13	4.56929e-12	5.13127e-11	5.17178e-10	4.65516e-09	3.72229e-08	2.62937e-07	1.63144e-06	8.84048e-06	4.16105e-05	0.000169317	0.000593619	0.00179101	0.00465911	0.0105112	0.0207723	0.0364403	0.0575852	0.0831259	0.110963	0.13838	0.162518	0.180829	0.191424	0.193234	0.186078	0.170672	0.148591	0.122151	0.0941396	0.0673849	0.0442889	0.0263732	0.0140232	0.00656501	0.00267431	0.000940283	0.000284222	7.38441e-05	1.65338e-05	3.20461e-06	5.4066e-07	7.98761e-08	1.03963e-08	
4.1462e-18	4.1462e-18	7.47288e-17	1.29519e-15	2.05236e-14	2.96241e-13	3.87987e-12	4.59134e-11	4.88683e-10	4.65516e-09	3.94781e-08	2.96368e-07	1.9578e-06	1.13108e-05	5.68004e-05	0.000246515	0.00092021	0.00294547	0.00808252	0.0190848	0.0391115	0.0704962	0.113593	0.166373	0.224834	0.28394	0.338583	0.384286	0.417672	0.436553	0.439753	0.427066	0.399283	0.358166	0.306612	0.248702	0.18936	0.133752	0.0864131	0.0502484	0.0258643	0.0116108	0.00449587	0.0014923	0.000423922	0.000103268	2.16665e-05	3.93772e-06	6.23849e-07	8.67151e-08	
4.97332e-17	4.97332e-17	8.5675e-16	1.41974e-14	2.14716e-13	2.95201e-12	3.67431e-11	4.12181e-10	4.147e-09	3.72229e-08	2.96368e-07	2.08033e-06	1.27907e-05	6.84249e-05	0.000316372	0.00125654	0.00426582	0.0123465	0.030498	0.0647021	0.119349	0.194768	0.286746	0.387895	0.489753	0.584645	0.666548	0.731451	0.777152	0.802448	0.806693	0.789772	0.752139	0.694727	0.619251	0.528933	0.429028	0.326598	0.229973	0.147203	0.0840156	0.0419714	0.0180821	0.00665619	0.00208619	0.000557345	0.000127461	2.51027e-05	4.28655e-06	6.39108e-07	
5.3642e-16	5.3642e-16	8.81922e-15	1.39518e-13	2.01036e-12	2.6275e-11	3.10116e-10	3.28949e-09	3.11939e-08	2.62937e-07	1.9578e-06	1.27907e-05	7.27999e-05	0.000358307	0.00151382	0.00545343	0.0166661	0.0431235	0.0947675	0.178668	0.294084	0.43221	0.580184	0.725275	0.857729	0.971457	1.06342	1.13311	1.18091	1.20684	1.2111	1.19386	1.15483	1.09396	1.01098	0.905724	0.780224	0.639215	0.49101	0.347351	0.221449	0.124357	0.0602959	0.0248999	0.00870277	0.00257399	0.000646847	0.000139	2.57326e-05	4.13565e-06	
5.17977e-15	5.17977e-15	8.11457e-14	1.22352e-12	1.67667e-11	2.0789e-10	2.32119e-09	2.32178e-08	2.06864e-07	1.63144e-06	1.13108e-05	6.84249e-05	0.000358307	0.00161062	0.0061636	0.019932	0.0541859	0.123743	0.238947	0.396521	0.579848	0.768703	0.946905	1.10449	1.23741	1.34487	1.42845	1.49054	1.53219	1.55406	1.55753	1.54319	1.50954	1.45576	1.38108	1.28348	1.16075	1.01279	0.841947	0.655821	0.467975	0.29766	0.164279	0.0770795	0.0304127	0.0100678	0.00280635	0.000663213	0.000133988	2.33413e-05	
4.45718e-14	4.45718e-14	6.64248e-13	9.52997e-12	1.23965e-10	1.45497e-09	1.533e-08	1.44179e-07	1.20287e-06	8.84048e-06	5.68004e-05	0.000316372	0.00151382	0.0061636	0.0211533	0.060691	0.14486	0.288201	0.484251	0.705782	0.924427	1.12387	1.29675	1.4414	1.55858	1.64982	1.71861	1.76708	1.79656	1.81149	1.81409	1.80418	1.7809	1.7404	1.67975	1.59811	1.49141	1.35801	1.19627	1.00697	0.794789	0.57152	0.361538	0.195034	0.0880175	0.0330134	0.0103159	0.00270503	0.000600798	0.00011414	
3.40163e-13	3.40163e-13	4.81443e-12	6.5612e-11	8.08572e-10	8.96359e-09	8.88914e-08	7.83727e-07	6.10094e-06	4.16105e-05	0.000246515	0.00125654	0.00545343	0.019932	0.060691	0.152605	0.31585	0.54258	0.794167	1.03385	1.24929	1.43738	1.59435	1.71906	1.8108	1.87362	1.91252	1.93238	1.94031	1.94455	1.9459	1.94237	1.93662	1.92235	1.89156	1.83899	1.75944	1.64799	1.504	1.32767	1.12304	0.892502	0.642454	0.400602	0.209125	0.0899783	0.0318761	0.00936366	0.0023046	0.000480611	
2.29134e-12	2.29134e-12	3.07483e-11	3.97388e-10	4.63077e-09	4.83804e-08	4.50433e-07	3.71175e-06	2.68651e-05	0.000169317	0.00092021	0.00426582	0.0166661	0.0541859	0.14486	0.31585	0.562911	0.838813	1.09678	1.32942	1.5372	1.70621	1.83003	1.90853	1.94726	1.95723	1.9473	1.92807	1.91185	1.90056	1.8982	1.9064	1.92117	1.93949	1.95524	1.95356	1.92856	1.86626	1.7616	1.60997	1.41601	1.19273	0.945072	0.672676	0.407397	0.202972	0.0823788	0.0273671	0.00752399	0.00173384	
1.35574e-11	1.35574e-11	1.72234e-10	2.10767e-09	2.31837e-08	2.27809e-07	1.98649e-06	1.52569e-05	0.000102332	0.000593619	0.00294547	0.0123465	0.0431235	0.123743	0.288201	0.54258	0.838813	1.11714	1.36921	1.59876	1.77621	1.8904	1.94849	1.95705	1.93055	1.87952	1.81863	1.75792	1.7101	1.67901	1.67221	1.69522	1.73677	1.79346	1.85574	1.9121	1.95036	1.95733	1.92015	1.82985	1.67726	1.46553	1.22082	0.953801	0.659682	0.380675	0.178156	0.0674484	0.0208603	0.00534378	
7.01352e-11	7.01352e-11	8.42414e-10	9.74886e-09	1.01077e-07	9.32576e-07	7.60159e-06	5.42901e-05	0.00033653	0.00179101	0.00808252	0.030498	0.0947675	0.238947	0.484251	0.794167	1.09678	1.36921	1.61967	1.80726	1.91447	1.9608	1.94423	1.87869	1.77611	1.6544	1.53007	1.41933	1.33399	1.28801	1.2805	1.31061	1.38097	1.48383	1.60359	1.72987	1.84063	1.92439	1.96076	1.94106	1.85863	1.70467	1.47415	1.2091	0.919149	0.604499	0.325493	0.140874	0.0492311	0.0140803	
3.15859e-10	3.15859e-10	3.58387e-09	3.91905e-08	3.8265e-07	3.31154e-06	2.52019e-05	0.00016714	0.000955967	0.00465911	0.0190848	0.0647021	0.178668	0.396521	0.705782	1.03385	1.32942	1.59876	1.80726	1.92031	1.967	1.92965	1.82167	1.66267	1.47367	1.27748	1.09152	0.936778	0.823255	0.755375	0.743111	0.789916	0.886023	1.02495	1.20208	1.3951	1.58936	1.76368	1.89321	1.96261	1.94722	1.86218	1.69282	1.44079	1.15662	0.839582	0.512643	0.252573	0.0997336	0.0318891	
1.23374e-09	1.23374e-09	1.32208e-08	1.36602e-07	1.25595e-06	1.01946e-05	7.24329e-05	0.000446079	0.00235436	0.0105112	0.0391115	0.119349	0.294084	0.579848	0.924427	1.24929	1.5372	1.77621	1.91447	1.967	1.9225	1.78032	1.58207	1.3313	1.06438	0.79799	0.55577	0.355237	0.210279	0.131309	0.118094	0.170628	0.289737	0.471972	0.69738	0.954955	1.22617	1.48463	1.70804	1.87323	1.9629	1.94395	1.84454	1.64116	1.36769	1.05957	0.715995	0.396634	0.175966	0.0627368	
4.16749e-09	4.16749e-09	4.22096e-08	4.12471e-07	3.57511e-06	2.72531e-05	0.000181056	0.00103735	0.00506398	0.0207723	0.0704962	0.194768	0.43221	0.768703	1.12387	1.43738	1.70621	1.8904	1.9608	1.92965	1.78032	1.55691	1.25181	0.918713	0.56756	0.245161	-0.0420951	-0.268905	-0.428143	-0.518267	-0.533572	-0.472376	-0.339007	-0.140611	0.121477	0.435082	0.777482	1.11978	1.44339	1.69852	1.88282	1.96078	1.93062	1.79387	1.55023	1.25411	0.913505	0.558775	0.275528	0.108806	
1.21552e-08	1.21552e-08	1.16597e-07	1.08008e-06	8.84838e-06	6.35344e-05	0.000396024	0.00211932	0.00961412	0.0364403	0.113593	0.286746	0.580184	0.946905	1.29675	1.59435	1.83003	1.94849	1.94423	1.82167	1.58207	1.25181	0.863585	0.451329	0.0477112	-0.325073	-0.632671	-0.876618	-1.04364	-1.13002	-1.14362	-1.08594	-0.953445	-0.740862	-0.455905	-0.104682	0.2849	0.702617	1.09962	1.46108	1.73745	1.9118	1.95958	1.89367	1.69881	1.42111	1.09199	0.723028	0.390673	0.169185	
3.06192e-08	3.06192e-08	2.79175e-07	2.46096e-06	1.9137e-05	0.000130044	0.000764555	0.00384437	0.0163157	0.0575852	0.166373	0.387895	0.725275	1.10449	1.4414	1.71906	1.90853	1.95705	1.87869	1.66267	1.3313	0.918713	0.451329	-0.0243018	-0.471152	-0.859437	-1.17465	-1.39829	-1.54576	-1.62701	-1.64037	-1.58572	-1.46646	-1.27494	-0.993964	-0.6362	-0.208795	0.260443	0.734334	1.17603	1.5407	1.80881	1.94108	1.9455	1.80947	1.55981	1.24612	0.876999	0.511304	0.23991	
6.67861e-08	6.67861e-08	5.8182e-07	4.90665e-06	3.64255e-05	0.000235716	0.00131594	0.00626294	0.0250684	0.0831259	0.224834	0.489753	0.857729	1.23741	1.55858	1.8108	1.94726	1.93055	1.77611	1.47367	1.06438	0.56756	0.0477112	-0.471152	-0.93256	-1.32018	-1.6066	-1.79913	-1.90622	-1.9464	-1.9512	-1.92801	-1.85283	-1.6949	-1.4464	-1.09814	-0.663784	-0.162025	0.360151	0.873894	1.32101	1.67229	1.88558	1.958	1.88324	1.66959	1.3744	1.01315	0.627976	0.315164	
1.26742e-07	1.26742e-07	1.06179e-06	8.62146e-06	6.15156e-05	0.000381807	0.00203955	0.00926311	0.0352778	0.110963	0.28394	0.584645	0.971457	1.34487	1.64982	1.87362	1.95723	1.87952	1.6544	1.27748	0.79799	0.245161	-0.325073	-0.859437	-1.32018	-1.66727	-1.90464	-2.02646	-2.06548	-2.07548	-2.07716	-2.07147	-2.04992	-1.96505	-1.77459	-1.47543	-1.05457	-0.54665	0.0150151	0.582577	1.09569	1.51824	1.80808	1.94441	1.92642	1.75141	1.47682	1.12761	0.733373	0.388729	
2.10537e-07	2.10537e-07	1.70826e-06	1.34482e-05	9.29023e-05	0.000557325	0.00287202	0.0125562	0.0459222	0.13838	0.338583	0.666548	1.06342	1.42845	1.71861	1.91252	1.9473	1.81863	1.53007	1.09152	0.55577	-0.0420951	-0.632671	-1.17465	-1.6066	-1.90464	-2.05947	-2.08595	-2.02894	-1.9512	-1.93411	-1.99608	-2.07043	-2.08386	-1.98349	-1.74401	-1.36107	-0.859168	-0.280868	0.321341	0.886663	1.37111	1.72264	1.91363	1.94723	1.80924	1.5547	1.21877	0.82244	0.455008	
3.07971e-07	3.07971e-07	2.4381e-06	1.87445e-05	0.000126328	0.000738395	0.00370197	0.0157195	0.0557348	0.162518	0.384286	0.731451	1.13311	1.49054	1.76708	1.93238	1.92807	1.75792	1.41933	0.936778	0.355237	-0.268905	-0.876618	-1.39829	-1.79913	-2.02646	-2.08595	-2.0235	-1.85838	-1.69327	-1.65963	-1.78511	-1.96596	-2.0739	-2.06727	-1.91327	-1.57437	-1.09964	-0.516948	0.106223	0.713719	1.24048	1.64316	1.87946	1.95484	1.84799	1.61026	1.28647	0.891994	0.509498	
3.98687e-07	3.98687e-07	3.10297e-06	2.34706e-05	0.000155516	0.000892918	0.00439282	0.0182811	0.0634402	0.180829	0.417672	0.777152	1.18091	1.53219	1.79656	1.94031	1.91185	1.7101	1.33399	0.823255	0.210279	-0.428143	-1.04364	-1.54576	-1.90622	-2.06548	-2.02894	-1.85838	-1.61611	-1.41087	-1.36937	-1.52196	-1.7659	-1.97206	-2.07095	-1.99723	-1.70822	-1.26186	-0.681267	-0.0453078	0.58752	1.14229	1.58299	1.84673	1.95318	1.87294	1.6473	1.33173	0.940211	0.548848	
4.58468e-07	4.58468e-07	3.53507e-06	2.65024e-05	0.00017399	0.000989314	0.004817	0.0198263	0.067997	0.191424	0.436553	0.802448	1.20684	1.55406	1.81149	1.94455	1.90056	1.67901	1.28801	0.755375	0.131309	-0.518267	-1.13002	-1.62701	-1.9464	-2.07548	-1.9512	-1.69327	-1.41087	-1.16194	-1.10792	-1.29916	-1.58198	-1.85397	-2.05435	-2.02721	-1.77316	-1.3517	-0.766975	-0.133382	0.517361	1.08528	1.54505	1.82964	1.95019	1.8845	1.66709	1.35618	0.966582	0.570898	
4.69338e-07	4.69338e-07	3.613e-06	2.70452e-05	0.000177274	0.00100633	0.00489129	0.0200948	0.0687822	0.193234	0.439753	0.806693	1.2111	1.55753	1.81409	1.9459	1.8982	1.67221	1.2805	0.743111	0.118094	-0.533572	-1.14362	-1.64037	-1.9512	-2.07716	-1.93411	-1.65963	-1.36937	-1.10792	-1.05108	-1.25465	-1.54553	-1.8277	-2.05003	-2.03035	-1.78189	-1.36684	-0.779803	-0.149321	0.506431	1.07529	1.53905	1.82822	1.94904	1.88569	1.67042	1.36035	0.970992	0.574598	
4.27867e-07	4.27867e-07	3.31394e-06	2.49515e-05	0.000164547	0.000940099	0.00460083	0.0190408	0.0656886	0.186078	0.427066	0.789772	1.19386	1.54319	1.80418	1.94237	1.9064	1.69522	1.31061	0.789916	0.170628	-0.472376	-1.08594	-1.58572	-1.92801	-2.07147	-1.99608	-1.78511	-1.52196	-1.29916	-1.25465	-1.42265	-1.68247	-1.92031	-2.06493	-2.01366	-1.74162	-1.30539	-0.724032	-0.0885704	0.551899	1.11392	1.56455	1.83779	1.95188	1.87907	1.65729	1.34399	0.953396	0.559808	
3.46825e-07	3.46825e-07	2.72376e-06	2.07815e-05	0.000138952	0.000805498	0.00400341	0.0168435	0.059139	0.170672	0.399283	0.752139	1.15483	1.50954	1.7809	1.93662	1.92117	1.73677	1.38097	0.886023	0.289737	-0.339007	-0.953445	-1.46646	-1.85283	-2.04992	-2.07043	-1.96596	-1.7659	-1.58198	-1.54553	-1.68247	-1.89386	-2.04327	-2.07494	-1.95706	-1.63737	-1.17419	-0.590432	0.0390008	0.657027	1.19611	1.61647	1.86526	1.95489	1.85973	1.62726	1.30719	0.913894	0.527178	
2.49186e-07	2.49186e-07	1.99961e-06	1.55756e-05	0.000106417	0.00063106	0.00321265	0.0138659	0.0500257	0.148591	0.358166	0.694727	1.09396	1.45576	1.7404	1.92235	1.93949	1.79346	1.48383	1.02495	0.471972	-0.140611	-0.740862	-1.27494	-1.6949	-1.96505	-2.08386	-2.0739	-1.97206	-1.85397	-1.8277	-1.92031	-2.04327	-2.09236	-2.02935	-1.82336	-1.45714	-0.966724	-0.384577	0.229947	0.813456	1.31601	1.68858	1.90032	1.95204	1.82673	1.57935	1.24866	0.852754	0.478402	
1.57988e-07	1.57988e-07	1.30517e-06	1.04555e-05	7.35581e-05	0.000449849	0.00236587	0.0105697	0.0395574	0.122151	0.306612	0.619251	1.01098	1.38108	1.67975	1.89156	1.95524	1.85574	1.60359	1.20208	0.69738	0.121477	-0.455905	-0.993964	-1.4464	-1.77459	-1.98349	-2.06727	-2.07095	-2.05435	-2.05003	-2.06493	-2.07494	-2.02935	-1.87432	-1.59282	-1.18834	-0.677955	-0.112725	0.472521	1.01028	1.45871	1.77426	1.93297	1.93678	1.77732	1.51092	1.16695	0.771175	0.416349	
8.79088e-08	8.79088e-08	7.53055e-07	6.24815e-06	4.56023e-05	0.000289873	0.00158807	0.00740879	0.0290337	0.0941396	0.248702	0.528933	0.905724	1.28348	1.59811	1.83899	1.95356	1.9121	1.72987	1.3951	0.954955	0.435082	-0.104682	-0.6362	-1.09814	-1.47543	-1.74401	-1.91327	-1.99723	-2.02721	-2.03035	-2.01366	-1.95706	-1.82336	-1.59282	-1.26276	-0.82886	-0.322984	0.220453	0.752887	1.22998	1.61226	1.85625	1.9552	1.90401	1.70559	1.41844	1.0617	0.671819	0.345073	
4.26754e-08	4.26754e-08	3.81598e-07	3.30092e-06	2.51673e-05	0.000167513	0.000963514	0.00473363	0.0196001	0.0673849	0.18936	0.429028	0.780224	1.16075	1.49141	1.75944	1.92856	1.95036	1.84063	1.58936	1.22617	0.777482	0.2849	-0.208795	-0.663784	-1.05457	-1.36107	-1.57437	-1.70822	-1.77316	-1.78189	-1.74162	-1.63737	-1.45714	-1.18834	-0.82886	-0.397423	0.0870276	0.581524	1.05752	1.45439	1.75778	1.9233	1.95423	1.84295	1.60729	1.30065	0.933926	0.558894	0.269754	
1.79781e-08	1.79781e-08	1.68752e-07	1.53058e-06	1.22653e-05	8.60465e-05	0.000523331	0.00272846	0.0120377	0.0442889	0.133752	0.326598	0.639215	1.01279	1.35801	1.64799	1.86626	1.95733	1.92439	1.76368	1.48463	1.11978	0.702617	0.260443	-0.162025	-0.54665	-0.859168	-1.09964	-1.26186	-1.3517	-1.36684	-1.30539	-1.17419	-0.966724	-0.677955	-0.322984	0.0870276	0.527413	0.956846	1.34793	1.66359	1.87691	1.95715	1.91967	1.74789	1.48016	1.15673	0.786401	0.438807	0.196457	
6.547e-09	6.547e-09	6.47877e-08	6.18895e-07	5.23811e-06	3.89397e-05	0.000251897	0.00140283	0.00664304	0.0263732	0.0864131	0.229973	0.49101	0.841947	1.19627	1.504	1.7616	1.92015	1.96076	1.89321	1.70804	1.44339	1.09962	0.734334	0.360151	0.0150151	-0.280868	-0.516948	-0.681267	-0.766975	-0.779803	-0.724032	-0.590432	-0.384577	-0.112725	0.220453	0.581524	0.956846	1.31121	1.61323	1.83037	1.94857	1.94964	1.84004	1.6139	1.32426	0.987687	0.62508	0.320224	0.13131	
2.05676e-09	2.05676e-09	2.15192e-08	2.17177e-07	1.94802e-06	1.54037e-05	0.000106438	0.000636254	0.00325204	0.0140232	0.0502484	0.147203	0.347351	0.655821	1.00697	1.32767	1.60997	1.82985	1.94106	1.96261	1.87323	1.69852	1.46108	1.17603	0.873894	0.582577	0.321341	0.106223	-0.0453078	-0.133382	-0.149321	-0.0885704	0.0390008	0.229947	0.472521	0.752887	1.05752	1.34793	1.61323	1.809	1.94108	1.96028	1.88597	1.70828	1.44452	1.14071	0.796756	0.460291	0.213254	0.0792063	
5.57326e-10	5.57326e-10	6.17471e-09	6.59522e-08	6.28175e-07	5.2952e-06	3.91823e-05	0.000252135	0.00139579	0.00656501	0.0258643	0.0840156	0.221449	0.467975	0.794789	1.12304	1.41601	1.67726	1.85863	1.94722	1.9629	1.88282	1.73745	1.5407	1.32101	1.09569	0.886663	0.713719	0.58752	0.517361	0.506431	0.551899	0.657027	0.813456	1.01028	1.22998	1.45439	1.66359	1.83037	1.94108	1.96384	1.90177	1.76262	1.52623	1.24409	0.93029	0.593596	0.306991	0.127006	0.042373	
1.30475e-10	1.30475e-10	1.5314e-09	1.73215e-08	1.75307e-07	1.5765e-06	1.25026e-05	8.6694e-05	0.000520439	0.00267431	0.0116108	0.0419714	0.124357	0.29766	0.57152	0.892502	1.19273	1.46553	1.70467	1.86218	1.94395	1.96078	1.9118	1.80881	1.67229	1.51824	1.37111	1.24048	1.14229	1.08528	1.07529	1.11392	1.19611	1.31601	1.45871	1.61226	1.75778	1.87691	1.94857	1.96028	1.90177	1.77979	1.56887	1.30398	1.01713	0.699362	0.396931	0.180929	0.0663009	0.0197841	
2.64724e-11	2.64724e-11	3.29024e-10	3.93979e-09	4.23534e-08	4.06148e-07	3.45038e-06	2.57653e-05	0.000167614	0.000940283	0.00449587	0.0180821	0.0602959	0.164279	0.361538	0.642454	0.945072	1.22082	1.47415	1.69282	1.84454	1.93062	1.95958	1.94108	1.88558	1.80808	1.72264	1.64316	1.58299	1.54505	1.53905	1.56455	1.61647	1.68858	1.77426	1.85625	1.9233	1.95715	1.94964	1.88597	1.76262	1.56887	1.32378	1.05891	0.765445	0.466882	0.231078	0.0921198	0.0298379	0.00796423	
4.67448e-12	4.67448e-12	6.14611e-11	7.78358e-10	8.87806e-09	9.06687e-08	8.23869e-07	6.61352e-06	4.65251e-05	0.000284222	0.0014923	0.00665619	0.0248999	0.0770795	0.195034	0.400602	0.672676	0.953801	1.2091	1.44079	1.64116	1.79387	1.89367	1.9455	1.958	1.94441	1.91363	1.87946	1.84673	1.82964	1.82822	1.83779	1.86526	1.90032	1.93297	1.9552	1.95423	1.91967	1.84004	1.70828	1.52623	1.30398	1.05891	0.787675	0.504835	0.266658	0.114299	0.0398822	0.0114555	0.00274517	
7.219e-13	7.219e-13	1.00271e-11	1.3412e-10	1.62059e-09	1.7594e-08	1.70631e-07	1.46874e-06	1.11398e-05	7.38441e-05	0.000423922	0.00208619	0.00870277	0.0304127	0.0880175	0.209125	0.407397	0.659682	0.919149	1.15662	1.36769	1.55023	1.69881	1.80947	1.88324	1.92642	1.94723	1.95484	1.95318	1.95019	1.94904	1.95188	1.95489	1.95204	1.93678	1.90401	1.84295	1.74789	1.6139	1.44452	1.24409	1.01713	0.765445	0.504835	0.279518	0.127174	0.0474005	0.0145736	0.00373689	0.000808694	
9.80188e-14	9.80188e-14	1.43597e-12	2.0254e-11	2.58786e-10	2.98034e-09	3.07738e-08	2.83222e-07	2.30807e-06	1.65338e-05	0.000103268	0.000557345	0.00257399	0.0100678	0.0330134	0.0899783	0.202972	0.380675	0.604499	0.839582	1.05957	1.25411	1.42111	1.55981	1.66959	1.75141	1.80924	1.84799	1.87294	1.8845	1.88569	1.87907	1.85973	1.82673	1.77732	1.70559	1.60729	1.48016	1.32426	1.14071	0.93029	0.699362	0.466882	0.266658	0.127174	0.0501974	0.0164298	0.00449315	0.00103687	0.000204007	
1.17641e-14	1.17641e-14	1.8147e-13	2.6945e-12	3.63342e-11	4.42904e-10	4.85658e-09	4.7646e-08	4.15718e-07	3.20461e-06	2.16665e-05	0.000127461	0.000646847	0.00280635	0.0103159	0.0318761	0.0823788	0.178156	0.325493	0.512643	0.715995	0.913505	1.09199	1.24612	1.3744	1.47682	1.5547	1.61026	1.6473	1.66709	1.67042	1.65729	1.62726	1.57935	1.51092	1.41844	1.30065	1.15673	0.987687	0.796756	0.593596	0.396931	0.231078	0.114299	0.0474005	0.0164298	0.00477724	0.00117369	0.000245782	4.42668e-05	
1.25462e-15	1.25462e-15	2.03441e-14	3.17451e-13	4.50901e-12	5.80471e-11	6.74211e-10	7.03001e-09	6.54444e-08	5.4066e-07	3.93772e-06	2.51027e-05	0.000139	0.000663213	0.00270503	0.00936366	0.0273671	0.0674484	0.140874	0.252573	0.396634	0.558775	0.723028	0.876999	1.01315	1.12761	1.21877	1.28647	1.33173	1.35618	1.36035	1.34399	1.30719	1.24866	1.16695	1.0617	0.933926	0.786401	0.62508	0.460291	0.306991	0.180929	0.0921198	0.0398822	0.0145736	0.00449315	0.00117369	0.000261504	5.00816e-05	8.31004e-06	
1.19503e-16	1.19503e-16	2.03362e-15	3.32927e-14	4.97166e-13	6.7449e-12	8.27793e-11	9.14784e-10	9.05639e-09	7.98761e-08	6.23849e-07	4.28655e-06	2.57326e-05	0.000133988	0.000600798	0.0023046	0.00752399	0.0208603	0.0492311	0.0997336	0.175966	0.275528	0.390673	0.511304	0.627976	0.733373	0.82244	0.891994	0.940211	0.966582	0.970992	0.953396	0.913894	0.852754	0.771175	0.671819	0.558894	0.438807	0.320224	0.213254	0.127006	0.0663009	0.0298379	0.0114555	0.00373689	0.00103687	0.000245782	5.00816e-05	8.83339e-06	1.35828e-06	
1.02152e-17	1.02152e-17	1.82147e-16	3.12356e-15	4.89522e-14	6.98457e-13	9.03679e-12	1.0556e-10	1.10799e-09	1.03963e-08	8.67151e-08	6.39108e-07	4.13565e-06	2.33413e-05	0.00011414	0.000480611	0.00173384	0.00534378	0.0140803	0.0318891	0.0627368	0.108806	0.169185	0.23991	0.315164	0.388729	0.455008	0.509498	0.548848	0.570898	0.574598	0.559808	0.527178	0.478402	0.416349	0.345073	0.269754	0.196457	0.13131	0.0792063	0.042373	0.0197841	0.00796423	0.00274517	0.000808694	0.000204007	4.42668e-05	8.31004e-06	1.35828e-06	1.94563e-07	
