-0.790797	-0.685413	0.215984	0.396107	0.239517	0.239517	
-0.685413	0.139802	0.481901	0.295677	0.11948	0.11948	
0.215984	0.481901	0.338419	0.133155	0.0403484	0.0403484	
0.396107	0.295677	0.133155	0.0397672	0.00968398	0.00968398	
0.239517	0.11948	0.0403484	0.00968398	0.00194864	0.00194864	
0.239517	0.11948	0.0403484	0.00968398	0.00194864	0.00194864	
