0.585079	0.199869	0.0382946	0.00472311	0.000431634	0.000431634	
0.199869	0.0480235	0.00720143	0.000733909	5.68247e-05	5.68247e-05	
0.0382946	0.00720143	0.000890003	7.71895e-05	5.16537e-06	5.16537e-06	
0.00472311	0.000733909	7.71895e-05	5.81565e-06	3.41411e-07	3.41411e-07	
0.000431634	5.68247e-05	5.16537e-06	3.41411e-07	1.7706e-08	1.7706e-08	
0.000431634	5.68247e-05	5.16537e-06	3.41411e-07	1.7706e-08	1.7706e-08	
