0.95984	0.87029	0.769628	0.67683	0.600187	0.532324	0.45581	0.365769	0.252851	0.122384	0.00617707	-0.0680891	-0.103728	-0.101939	-0.0676171	-0.0318259	-0.0179724	-0.0272924	-0.0700748	-0.137117	-0.212439	-0.278764	-0.33323	-0.375826	-0.396165	-0.393855	-0.364455	-0.301853	-0.19218	-0.0293157	0.159863	0.340537	0.49089	0.600759	0.688955	0.780309	0.887942	1.00876	1.11323	1.16492	1.15597	1.10356	1.02311	0.917921	0.789603	0.666069	0.573366	0.516248	0.492902	0.492902	
0.87029	0.797054	0.715803	0.6584	0.611913	0.564316	0.504431	0.425883	0.317935	0.192466	0.0767457	-0.0114713	-0.0700839	-0.096132	-0.0971599	-0.0920837	-0.100183	-0.135582	-0.198318	-0.273346	-0.341108	-0.394243	-0.425509	-0.434794	-0.423001	-0.393809	-0.345162	-0.266126	-0.140106	0.0316246	0.22323	0.409296	0.565117	0.685496	0.780868	0.866136	0.955451	1.05066	1.1316	1.15703	1.12133	1.04222	0.940779	0.829494	0.706384	0.595034	0.513892	0.464855	0.442429	0.442429	
0.769628	0.715803	0.666367	0.6416	0.627805	0.608421	0.567445	0.498047	0.403702	0.294231	0.182651	0.0794693	-0.00690939	-0.0701427	-0.116318	-0.154568	-0.19992	-0.265682	-0.34929	-0.431092	-0.495563	-0.526877	-0.526828	-0.504829	-0.455688	-0.394315	-0.318874	-0.211715	-0.0654783	0.108654	0.295882	0.476384	0.632844	0.758835	0.850922	0.921545	0.982432	1.0428	1.09029	1.09031	1.03161	0.928089	0.811045	0.689854	0.571281	0.477571	0.411874	0.376006	0.357895	0.357895	
0.67683	0.6584	0.6416	0.647959	0.660903	0.661263	0.630949	0.576065	0.503786	0.416111	0.309248	0.195178	0.0819602	-0.0260049	-0.123502	-0.20785	-0.290612	-0.383105	-0.483339	-0.580541	-0.637004	-0.643708	-0.617543	-0.563331	-0.485288	-0.396092	-0.289638	-0.155279	0.00561125	0.183107	0.361602	0.532985	0.688552	0.810091	0.894134	0.945822	0.974589	0.995203	1.00123	0.96707	0.883038	0.763259	0.630437	0.504464	0.39354	0.314554	0.271092	0.246626	0.235511	0.235511	
0.600187	0.611913	0.627805	0.660903	0.694718	0.706349	0.691055	0.658753	0.614181	0.54791	0.456302	0.335975	0.189728	0.038851	-0.102503	-0.232218	-0.350643	-0.464759	-0.581797	-0.684238	-0.727529	-0.715587	-0.671939	-0.597801	-0.498506	-0.382654	-0.248676	-0.0923859	0.0797597	0.251137	0.417791	0.580985	0.726248	0.836289	0.902675	0.929311	0.923597	0.901999	0.864558	0.794954	0.690079	0.555069	0.413861	0.282074	0.176515	0.116459	0.0914966	0.0852848	0.0819564	0.0819564	
0.532324	0.564316	0.608421	0.661263	0.706349	0.73066	0.742666	0.743508	0.727811	0.691638	0.619855	0.495678	0.323526	0.13858	-0.0417721	-0.219935	-0.3772	-0.512813	-0.639195	-0.734081	-0.767456	-0.742967	-0.680935	-0.589137	-0.471236	-0.328455	-0.170613	-0.00290165	0.167295	0.330431	0.481513	0.623019	0.746106	0.829399	0.87029	0.867008	0.830182	0.769041	0.685255	0.583041	0.45468	0.309126	0.164533	0.0341786	-0.0574021	-0.099329	-0.102874	-0.0912412	-0.0856766	-0.0856766	
0.45581	0.504431	0.567445	0.630949	0.691055	0.742666	0.793712	0.840394	0.860796	0.852611	0.79475	0.665	0.477255	0.263105	0.0406971	-0.177689	-0.372151	-0.534408	-0.666881	-0.752583	-0.774842	-0.739796	-0.660294	-0.544618	-0.400434	-0.234807	-0.064045	0.106923	0.27361	0.42578	0.55876	0.679654	0.76614	0.808482	0.813896	0.772621	0.702012	0.602293	0.483119	0.355283	0.207743	0.0563131	-0.0876763	-0.211898	-0.286251	-0.311298	-0.301557	-0.27586	-0.263566	-0.263566	
0.365769	0.425883	0.498047	0.576065	0.658753	0.743508	0.840394	0.933419	0.996466	1.01002	0.956121	0.822151	0.615654	0.371509	0.117489	-0.137783	-0.367828	-0.551869	-0.684499	-0.757375	-0.775072	-0.726841	-0.624672	-0.482123	-0.305904	-0.116445	0.0631391	0.235829	0.395986	0.539402	0.660592	0.750943	0.798565	0.796346	0.755479	0.675658	0.565843	0.429845	0.280606	0.129049	-0.0293719	-0.186125	-0.324157	-0.428713	-0.482731	-0.493199	-0.477317	-0.447061	-0.431531	-0.431531	
0.252851	0.317935	0.403702	0.503786	0.614181	0.727811	0.860796	0.996466	1.09014	1.11762	1.06599	0.930822	0.716796	0.452722	0.166789	-0.116746	-0.374413	-0.571871	-0.701422	-0.766194	-0.772013	-0.71033	-0.58216	-0.400332	-0.192069	0.0130036	0.200523	0.373472	0.52546	0.656916	0.761435	0.821742	0.828047	0.781808	0.700421	0.583725	0.438678	0.273415	0.100125	-0.0686525	-0.235078	-0.393722	-0.519388	-0.594203	-0.62252	-0.61715	-0.596303	-0.570388	-0.549281	-0.549281	
0.122384	0.192466	0.294231	0.416111	0.54791	0.691638	0.852611	1.01002	1.11762	1.14946	1.09722	0.963207	0.749827	0.477727	0.176481	-0.121237	-0.386825	-0.588806	-0.714496	-0.768417	-0.752408	-0.667647	-0.515172	-0.30722	-0.0793456	0.135361	0.322705	0.488507	0.630616	0.74909	0.833831	0.867419	0.83989	0.756848	0.638245	0.493221	0.324094	0.135899	-0.0481899	-0.222209	-0.391058	-0.539146	-0.643779	-0.686125	-0.67989	-0.659021	-0.634216	-0.605911	-0.5825	-0.5825	
0.00617707	0.0767457	0.182651	0.309248	0.456302	0.619855	0.79475	0.956121	1.06599	1.09722	1.04014	0.904788	0.697263	0.427699	0.132478	-0.159585	-0.41846	-0.61342	-0.729598	-0.760299	-0.719022	-0.610807	-0.434174	-0.208406	0.0234847	0.231974	0.413182	0.56488	0.686322	0.787085	0.853421	0.868398	0.818582	0.712433	0.573487	0.409416	0.226897	0.0323794	-0.153813	-0.320148	-0.472056	-0.597228	-0.670005	-0.678474	-0.643721	-0.611473	-0.588143	-0.558418	-0.535838	-0.535838	
-0.0680891	-0.0114713	0.0794693	0.195178	0.335975	0.495678	0.665	0.822151	0.930822	0.963207	0.904788	0.768428	0.565854	0.306188	0.0228422	-0.254023	-0.491688	-0.667563	-0.763387	-0.766156	-0.693055	-0.555654	-0.361316	-0.129878	0.101173	0.301491	0.466438	0.594899	0.693916	0.772559	0.816694	0.82024	0.763081	0.647332	0.506968	0.345393	0.165523	-0.021532	-0.198968	-0.349216	-0.473467	-0.565043	-0.602395	-0.580352	-0.529351	-0.491348	-0.469936	-0.446729	-0.423215	-0.423215	
-0.103728	-0.0700839	-0.00690939	0.0819602	0.189728	0.323526	0.477255	0.615654	0.716796	0.749827	0.697263	0.565854	0.366575	0.121807	-0.143547	-0.397213	-0.608115	-0.75549	-0.811797	-0.776286	-0.667459	-0.50213	-0.296574	-0.0707367	0.145736	0.330923	0.476761	0.582742	0.657132	0.706589	0.735859	0.731973	0.676653	0.574544	0.444874	0.299304	0.13464	-0.0335583	-0.193072	-0.321614	-0.409627	-0.466498	-0.472958	-0.429185	-0.370246	-0.32486	-0.296185	-0.271205	-0.243927	-0.243927	
-0.101939	-0.096132	-0.0701427	-0.0260049	0.038851	0.13858	0.263105	0.371509	0.452722	0.477727	0.427699	0.306188	0.121807	-0.101967	-0.342572	-0.566248	-0.736496	-0.83603	-0.84261	-0.767236	-0.626862	-0.442602	-0.235723	-0.022508	0.168891	0.321478	0.435345	0.518171	0.570859	0.60013	0.625139	0.619347	0.576739	0.49714	0.383335	0.261418	0.118941	-0.0268751	-0.163291	-0.265072	-0.320906	-0.33857	-0.313628	-0.254505	-0.183022	-0.128606	-0.0869155	-0.0548875	-0.0260088	-0.0260088	
-0.0676171	-0.0971599	-0.116318	-0.123502	-0.102503	-0.0417721	0.0406971	0.117489	0.166789	0.176481	0.132478	0.0228422	-0.143547	-0.342572	-0.545152	-0.713759	-0.826122	-0.868908	-0.825776	-0.721451	-0.555391	-0.360631	-0.161183	0.0257596	0.175828	0.287722	0.370569	0.425134	0.45529	0.473156	0.485146	0.487541	0.464704	0.406857	0.313852	0.209283	0.0922013	-0.0282768	-0.132172	-0.200395	-0.224427	-0.202441	-0.150557	-0.0796932	0.0023936	0.0663848	0.120959	0.161452	0.189238	0.189238	
-0.0318259	-0.0920837	-0.154568	-0.20785	-0.232218	-0.219935	-0.177689	-0.137783	-0.116746	-0.121237	-0.159585	-0.254023	-0.397213	-0.566248	-0.713759	-0.817401	-0.857181	-0.83263	-0.745078	-0.608073	-0.432491	-0.238846	-0.057363	0.0944691	0.198394	0.263687	0.310001	0.338304	0.346104	0.344711	0.341727	0.344007	0.333976	0.290786	0.218833	0.13272	0.0404611	-0.0419345	-0.110475	-0.149446	-0.140267	-0.0924622	-0.0193627	0.0655298	0.151723	0.228021	0.293369	0.340576	0.367286	0.367286	
-0.0179724	-0.100183	-0.19992	-0.290612	-0.350643	-0.3772	-0.372151	-0.367828	-0.374413	-0.386825	-0.41846	-0.491688	-0.608115	-0.736496	-0.826122	-0.857181	-0.822919	-0.732193	-0.599552	-0.432975	-0.245622	-0.0579623	0.0967684	0.203679	0.256757	0.273741	0.277698	0.271232	0.252217	0.226362	0.206916	0.204733	0.198641	0.162634	0.103033	0.0317383	-0.0300269	-0.0717076	-0.103496	-0.112707	-0.0841357	-0.0232749	0.0619027	0.15412	0.239231	0.322536	0.394384	0.441328	0.469405	0.469405	
-0.0272924	-0.135582	-0.265682	-0.383105	-0.464759	-0.512813	-0.534408	-0.551869	-0.571871	-0.588806	-0.61342	-0.667563	-0.75549	-0.83603	-0.868908	-0.83263	-0.732193	-0.583345	-0.409734	-0.211816	-0.00646328	0.176432	0.305192	0.363351	0.363967	0.328913	0.284564	0.239552	0.190205	0.134656	0.0973327	0.0822385	0.0712455	0.0400112	-0.0167988	-0.0734697	-0.109086	-0.120796	-0.120476	-0.105651	-0.0691623	7.13436e-05	0.0889355	0.174775	0.255705	0.329995	0.396999	0.445632	0.470416	0.470416	
-0.0700748	-0.198318	-0.34929	-0.483339	-0.581797	-0.639195	-0.666881	-0.684499	-0.701422	-0.714496	-0.729598	-0.763387	-0.811797	-0.84261	-0.825776	-0.745078	-0.599552	-0.409734	-0.196603	0.0317999	0.252559	0.428701	0.5375	0.566318	0.529717	0.453511	0.359203	0.26579	0.17201	0.0812786	0.0188717	-0.016564	-0.0406427	-0.0768526	-0.133196	-0.179079	-0.196318	-0.186722	-0.165799	-0.140525	-0.0998921	-0.0286544	0.0571613	0.136518	0.203876	0.257853	0.310071	0.349786	0.370093	0.370093	
-0.137117	-0.273346	-0.431092	-0.580541	-0.684238	-0.734081	-0.752583	-0.757375	-0.766194	-0.768417	-0.760299	-0.766156	-0.776286	-0.767236	-0.721451	-0.608073	-0.432975	-0.211816	0.0317999	0.276774	0.506308	0.680451	0.773736	0.780431	0.722051	0.618919	0.486676	0.348981	0.213893	0.0833006	-0.0194991	-0.0821667	-0.130757	-0.179127	-0.238009	-0.282302	-0.290717	-0.276743	-0.245852	-0.21614	-0.173148	-0.103856	-0.0268216	0.0395216	0.0834989	0.117135	0.152623	0.185983	0.206849	0.206849	
-0.212439	-0.341108	-0.495563	-0.637004	-0.727529	-0.767456	-0.774842	-0.775072	-0.772013	-0.752408	-0.719022	-0.693055	-0.667459	-0.626862	-0.555391	-0.432491	-0.245622	-0.00646328	0.252559	0.506308	0.731826	0.899758	0.980749	0.98079	0.914556	0.794496	0.635715	0.465975	0.290838	0.123625	-0.0125703	-0.113558	-0.188688	-0.255944	-0.323593	-0.371638	-0.383503	-0.373102	-0.346619	-0.31903	-0.274725	-0.209927	-0.142826	-0.0919318	-0.0741657	-0.066034	-0.0545327	-0.0343337	-0.0183012	-0.0183012	
-0.278764	-0.394243	-0.526877	-0.643708	-0.715587	-0.742967	-0.739796	-0.726841	-0.71033	-0.667647	-0.610807	-0.555654	-0.50213	-0.442602	-0.360631	-0.238846	-0.0579623	0.176432	0.428701	0.680451	0.899758	1.05877	1.13809	1.14167	1.08135	0.958503	0.79363	0.601527	0.394279	0.196176	0.0255433	-0.107689	-0.207225	-0.29678	-0.378633	-0.44017	-0.46932	-0.47101	-0.455864	-0.428737	-0.38364	-0.320784	-0.266232	-0.239078	-0.248223	-0.273799	-0.289915	-0.291305	-0.284714	-0.284714	
-0.33323	-0.425509	-0.526828	-0.617543	-0.671939	-0.680935	-0.660294	-0.624672	-0.58216	-0.515172	-0.434174	-0.361316	-0.296574	-0.235723	-0.161183	-0.057363	0.0967684	0.305192	0.5375	0.773736	0.980749	1.13809	1.23342	1.25546	1.21711	1.11359	0.953224	0.747082	0.518192	0.293087	0.0897548	-0.071578	-0.196836	-0.310841	-0.411306	-0.48934	-0.538509	-0.556889	-0.556002	-0.534639	-0.49264	-0.4354	-0.39497	-0.390027	-0.422021	-0.475658	-0.517693	-0.543883	-0.549629	-0.549629	
-0.375826	-0.434794	-0.504829	-0.563331	-0.597801	-0.589137	-0.544618	-0.482123	-0.400332	-0.30722	-0.208406	-0.129878	-0.0707367	-0.022508	0.0257596	0.0944691	0.203679	0.363351	0.566318	0.780431	0.98079	1.14167	1.25546	1.31754	1.31218	1.23589	1.09009	0.881516	0.638139	0.385608	0.16204	-0.0222016	-0.178919	-0.30951	-0.426822	-0.519582	-0.580515	-0.612128	-0.626603	-0.619545	-0.58413	-0.542835	-0.517521	-0.527661	-0.577631	-0.646417	-0.71211	-0.761635	-0.782483	-0.782483	
-0.396165	-0.423001	-0.455688	-0.485288	-0.498506	-0.471236	-0.400434	-0.305904	-0.192069	-0.0793456	0.0234847	0.101173	0.145736	0.168891	0.175828	0.198394	0.256757	0.363967	0.529717	0.722051	0.914556	1.08135	1.21711	1.31218	1.33946	1.29285	1.16904	0.968241	0.72348	0.460385	0.22203	0.01682	-0.160278	-0.30593	-0.436284	-0.530675	-0.596121	-0.638252	-0.661224	-0.665716	-0.644733	-0.618064	-0.609657	-0.637555	-0.695298	-0.773691	-0.856431	-0.920087	-0.955406	-0.955406	
-0.393855	-0.393809	-0.394315	-0.396092	-0.382654	-0.328455	-0.234807	-0.116445	0.0130036	0.135361	0.231974	0.301491	0.330923	0.321478	0.287722	0.263687	0.273741	0.328913	0.453511	0.618919	0.794496	0.958503	1.11359	1.23589	1.29285	1.2726	1.17034	0.989703	0.752871	0.497985	0.257052	0.0379956	-0.154734	-0.31827	-0.453573	-0.547332	-0.609291	-0.648473	-0.67329	-0.68072	-0.667347	-0.652832	-0.657868	-0.693072	-0.753945	-0.835123	-0.925404	-1.00338	-1.04683	-1.04683	
-0.364455	-0.345162	-0.318874	-0.289638	-0.248676	-0.170613	-0.064045	0.0631391	0.200523	0.322705	0.413182	0.466438	0.476761	0.435345	0.370569	0.310001	0.277698	0.284564	0.359203	0.486676	0.635715	0.79363	0.953224	1.09009	1.16904	1.17034	1.09387	0.944656	0.731024	0.488512	0.24839	0.0182132	-0.187873	-0.359629	-0.488706	-0.572448	-0.626433	-0.658572	-0.679372	-0.685107	-0.670865	-0.658292	-0.668334	-0.697455	-0.747833	-0.820828	-0.903813	-0.982675	-1.02667	-1.02667	
-0.301853	-0.266126	-0.211715	-0.155279	-0.0923859	-0.00290165	0.106923	0.235829	0.373472	0.488507	0.56488	0.594899	0.582742	0.518171	0.425134	0.338304	0.271232	0.239552	0.26579	0.348981	0.465975	0.601527	0.747082	0.881516	0.968241	0.989703	0.944656	0.826316	0.64285	0.422559	0.190027	-0.0390445	-0.244614	-0.410726	-0.529266	-0.601635	-0.643432	-0.670481	-0.681544	-0.675487	-0.657908	-0.645438	-0.653428	-0.672694	-0.703249	-0.748374	-0.806698	-0.864534	-0.895649	-0.895649	
-0.19218	-0.140106	-0.0654783	0.00561125	0.0797597	0.167295	0.27361	0.395986	0.52546	0.630616	0.686322	0.693916	0.657132	0.570859	0.45529	0.346104	0.252217	0.190205	0.17201	0.213893	0.290838	0.394279	0.518192	0.638139	0.72348	0.752871	0.731024	0.64285	0.491442	0.303006	0.0927341	-0.119125	-0.307618	-0.456679	-0.553193	-0.610729	-0.643989	-0.661347	-0.665125	-0.650671	-0.627053	-0.617194	-0.621783	-0.627485	-0.634782	-0.647516	-0.675066	-0.702585	-0.717961	-0.717961	
-0.0293157	0.0316246	0.108654	0.183107	0.251137	0.330431	0.42578	0.539402	0.656916	0.74909	0.787085	0.772559	0.706589	0.60013	0.473156	0.344711	0.226362	0.134656	0.0812786	0.0833006	0.123625	0.196176	0.293087	0.385608	0.460385	0.497985	0.488512	0.422559	0.303006	0.146315	-0.0340966	-0.212152	-0.3672	-0.483197	-0.552306	-0.593031	-0.617626	-0.630344	-0.624264	-0.601225	-0.575039	-0.566592	-0.572232	-0.572644	-0.563078	-0.55128	-0.550691	-0.547996	-0.547962	-0.547962	
0.159863	0.22323	0.295882	0.361602	0.417791	0.481513	0.55876	0.660592	0.761435	0.833831	0.853421	0.816694	0.735859	0.625139	0.485146	0.341727	0.206916	0.0973327	0.0188717	-0.0194991	-0.0125703	0.0255433	0.0897548	0.16204	0.22203	0.257052	0.24839	0.190027	0.0927341	-0.0340966	-0.174409	-0.307055	-0.421448	-0.495198	-0.534219	-0.561218	-0.571265	-0.576664	-0.562226	-0.529358	-0.506458	-0.503523	-0.513657	-0.516638	-0.499073	-0.470773	-0.44747	-0.421645	-0.408872	-0.408872	
0.340537	0.409296	0.476384	0.532985	0.580985	0.623019	0.679654	0.750943	0.821742	0.867419	0.868398	0.82024	0.731973	0.619347	0.487541	0.344007	0.204733	0.0822385	-0.016564	-0.0821667	-0.113558	-0.107689	-0.071578	-0.0222016	0.01682	0.0379956	0.0182132	-0.0390445	-0.119125	-0.212152	-0.307055	-0.395912	-0.461102	-0.493807	-0.501773	-0.506749	-0.50626	-0.501141	-0.482527	-0.450886	-0.4328	-0.438699	-0.453087	-0.460652	-0.4432	-0.405694	-0.368895	-0.328821	-0.309863	-0.309863	
0.49089	0.565117	0.632844	0.688552	0.726248	0.746106	0.76614	0.798565	0.828047	0.83989	0.818582	0.763081	0.676653	0.576739	0.464704	0.333976	0.198641	0.0712455	-0.0406427	-0.130757	-0.188688	-0.207225	-0.196836	-0.178919	-0.160278	-0.154734	-0.187873	-0.244614	-0.307618	-0.3672	-0.421448	-0.461102	-0.477166	-0.468363	-0.446556	-0.432645	-0.422426	-0.413549	-0.392543	-0.367182	-0.35932	-0.369875	-0.391973	-0.408267	-0.396176	-0.359608	-0.313501	-0.267014	-0.246254	-0.246254	
0.600759	0.685496	0.758835	0.810091	0.836289	0.829399	0.808482	0.796346	0.781808	0.756848	0.712433	0.647332	0.574544	0.49714	0.406857	0.290786	0.162634	0.0400112	-0.0768526	-0.179127	-0.255944	-0.29678	-0.310841	-0.30951	-0.30593	-0.31827	-0.359629	-0.410726	-0.456679	-0.483197	-0.495198	-0.493807	-0.468363	-0.426915	-0.378644	-0.350571	-0.332434	-0.317888	-0.301977	-0.285215	-0.288075	-0.303141	-0.330839	-0.355179	-0.353942	-0.323494	-0.272179	-0.229128	-0.208474	-0.208474	
0.688955	0.780868	0.850922	0.894134	0.902675	0.87029	0.813896	0.755479	0.700421	0.638245	0.573487	0.506968	0.444874	0.383335	0.313852	0.218833	0.103033	-0.0167988	-0.133196	-0.238009	-0.323593	-0.378633	-0.411306	-0.426822	-0.436284	-0.453573	-0.488706	-0.529266	-0.553193	-0.552306	-0.534219	-0.501773	-0.446556	-0.378644	-0.316465	-0.276182	-0.25351	-0.236279	-0.220913	-0.212043	-0.216436	-0.235164	-0.264001	-0.29741	-0.314002	-0.29016	-0.243004	-0.203816	-0.186695	-0.186695	
0.780309	0.866136	0.921545	0.945822	0.929311	0.867008	0.772621	0.675658	0.583725	0.493221	0.409416	0.345393	0.299304	0.261418	0.209283	0.13272	0.0317383	-0.0734697	-0.179079	-0.282302	-0.371638	-0.44017	-0.48934	-0.519582	-0.530675	-0.547332	-0.572448	-0.601635	-0.610729	-0.593031	-0.561218	-0.506749	-0.432645	-0.350571	-0.276182	-0.224764	-0.196467	-0.172171	-0.150571	-0.144017	-0.14768	-0.163906	-0.19669	-0.241086	-0.27293	-0.2621	-0.22107	-0.185679	-0.173389	-0.173389	
0.887942	0.955451	0.982432	0.974589	0.923597	0.830182	0.702012	0.565843	0.438678	0.324094	0.226897	0.165523	0.13464	0.118941	0.0922013	0.0404611	-0.0300269	-0.109086	-0.196318	-0.290717	-0.383503	-0.46932	-0.538509	-0.580515	-0.596121	-0.609291	-0.626433	-0.643432	-0.643989	-0.617626	-0.571265	-0.50626	-0.422426	-0.332434	-0.25351	-0.196467	-0.158545	-0.123169	-0.0941558	-0.0812394	-0.0822186	-0.100666	-0.138814	-0.195163	-0.24381	-0.244154	-0.208235	-0.176296	-0.163526	-0.163526	
1.00876	1.05066	1.0428	0.995203	0.901999	0.769041	0.602293	0.429845	0.273415	0.135899	0.0323794	-0.021532	-0.0335583	-0.0268751	-0.0282768	-0.0419345	-0.0717076	-0.120796	-0.186722	-0.276743	-0.373102	-0.47101	-0.556889	-0.612128	-0.638252	-0.648473	-0.658572	-0.670481	-0.661347	-0.630344	-0.576664	-0.501141	-0.413549	-0.317888	-0.236279	-0.172171	-0.123169	-0.0778666	-0.0391895	-0.0211087	-0.0215954	-0.0456666	-0.0923815	-0.161712	-0.224159	-0.238596	-0.21431	-0.185707	-0.174789	-0.174789	
1.11323	1.1316	1.09029	1.00123	0.864558	0.685255	0.483119	0.280606	0.100125	-0.0481899	-0.153813	-0.198968	-0.193072	-0.163291	-0.132172	-0.110475	-0.103496	-0.120476	-0.165799	-0.245852	-0.346619	-0.455864	-0.556002	-0.626603	-0.661224	-0.67329	-0.679372	-0.681544	-0.665125	-0.624264	-0.562226	-0.482527	-0.392543	-0.301977	-0.220913	-0.150571	-0.0941558	-0.0391895	0.00757697	0.0307546	0.0274321	-0.0030548	-0.0610124	-0.141302	-0.213006	-0.243279	-0.230115	-0.208323	-0.196019	-0.196019	
1.16492	1.15703	1.09031	0.96707	0.794954	0.583041	0.355283	0.129049	-0.0686525	-0.222209	-0.320148	-0.349216	-0.321614	-0.265072	-0.200395	-0.149446	-0.112707	-0.105651	-0.140525	-0.21614	-0.31903	-0.428737	-0.534639	-0.619545	-0.665716	-0.68072	-0.685107	-0.675487	-0.650671	-0.601225	-0.529358	-0.450886	-0.367182	-0.285215	-0.212043	-0.144017	-0.0812394	-0.0211087	0.0307546	0.060652	0.0572662	0.0231862	-0.0401421	-0.121746	-0.196123	-0.240624	-0.242713	-0.231033	-0.220566	-0.220566	
1.15597	1.12133	1.03161	0.883038	0.690079	0.45468	0.207743	-0.0293719	-0.235078	-0.391058	-0.472056	-0.473467	-0.409627	-0.320906	-0.224427	-0.140267	-0.0841357	-0.0691623	-0.0998921	-0.173148	-0.274725	-0.38364	-0.49264	-0.58413	-0.644733	-0.667347	-0.670865	-0.657908	-0.627053	-0.575039	-0.506458	-0.4328	-0.35932	-0.288075	-0.216436	-0.14768	-0.0822186	-0.0215954	0.0274321	0.0572662	0.0537102	0.0210342	-0.0351295	-0.103818	-0.1678	-0.215787	-0.230893	-0.229568	-0.220611	-0.220611	
1.10356	1.04222	0.928089	0.763259	0.555069	0.309126	0.0563131	-0.186125	-0.393722	-0.539146	-0.597228	-0.565043	-0.466498	-0.33857	-0.202441	-0.0924622	-0.0232749	7.13436e-05	-0.0286544	-0.103856	-0.209927	-0.320784	-0.4354	-0.542835	-0.618064	-0.652832	-0.658292	-0.645438	-0.617194	-0.566592	-0.503523	-0.438699	-0.369875	-0.303141	-0.235164	-0.163906	-0.100666	-0.0456666	-0.0030548	0.0231862	0.0210342	-0.00420104	-0.0445549	-0.087933	-0.12771	-0.167139	-0.183585	-0.186817	-0.177012	-0.177012	
1.02311	0.940779	0.811045	0.630437	0.413861	0.164533	-0.0876763	-0.324157	-0.519388	-0.643779	-0.670005	-0.602395	-0.472958	-0.313628	-0.150557	-0.0193627	0.0619027	0.0889355	0.0571613	-0.0268216	-0.142826	-0.266232	-0.39497	-0.517521	-0.609657	-0.657868	-0.668334	-0.653428	-0.621783	-0.572232	-0.513657	-0.453087	-0.391973	-0.330839	-0.264001	-0.19669	-0.138814	-0.0923815	-0.0610124	-0.0401421	-0.0351295	-0.0445549	-0.0542159	-0.0593936	-0.066107	-0.0859792	-0.104201	-0.109938	-0.1045	-0.1045	
0.917921	0.829494	0.689854	0.504464	0.282074	0.0341786	-0.211898	-0.428713	-0.594203	-0.686125	-0.678474	-0.580352	-0.429185	-0.254505	-0.0796932	0.0655298	0.15412	0.174775	0.136518	0.0395216	-0.0919318	-0.239078	-0.390027	-0.527661	-0.637555	-0.693072	-0.697455	-0.672694	-0.627485	-0.572644	-0.516638	-0.460652	-0.408267	-0.355179	-0.29741	-0.241086	-0.195163	-0.161712	-0.141302	-0.121746	-0.103818	-0.087933	-0.0593936	-0.0229581	0.00604642	0.00934416	-0.0047458	-0.012902	-0.0114689	-0.0114689	
0.789603	0.706384	0.571281	0.39354	0.176515	-0.0574021	-0.286251	-0.482731	-0.62252	-0.67989	-0.643721	-0.529351	-0.370246	-0.183022	0.0023936	0.151723	0.239231	0.255705	0.203876	0.0834989	-0.0741657	-0.248223	-0.422021	-0.577631	-0.695298	-0.753945	-0.747833	-0.703249	-0.634782	-0.563078	-0.499073	-0.4432	-0.396176	-0.353942	-0.314002	-0.27293	-0.24381	-0.224159	-0.213006	-0.196123	-0.1678	-0.12771	-0.066107	0.00604642	0.0671297	0.0907917	0.0836641	0.0716553	0.0673133	0.0673133	
0.666069	0.595034	0.477571	0.314554	0.116459	-0.099329	-0.311298	-0.493199	-0.61715	-0.659021	-0.611473	-0.491348	-0.32486	-0.128606	0.0663848	0.228021	0.322536	0.329995	0.257853	0.117135	-0.066034	-0.273799	-0.475658	-0.646417	-0.773691	-0.835123	-0.820828	-0.748374	-0.647516	-0.55128	-0.470773	-0.405694	-0.359608	-0.323494	-0.29016	-0.2621	-0.244154	-0.238596	-0.243279	-0.240624	-0.215787	-0.167139	-0.0859792	0.00934416	0.0907917	0.13504	0.133426	0.120724	0.110149	0.110149	
0.573366	0.513892	0.411874	0.271092	0.0914966	-0.102874	-0.301557	-0.477317	-0.596303	-0.634216	-0.588143	-0.469936	-0.296185	-0.0869155	0.120959	0.293369	0.394384	0.396999	0.310071	0.152623	-0.0545327	-0.289915	-0.517693	-0.71211	-0.856431	-0.925404	-0.903813	-0.806698	-0.675066	-0.550691	-0.44747	-0.368895	-0.313501	-0.272179	-0.243004	-0.22107	-0.208235	-0.21431	-0.230115	-0.242713	-0.230893	-0.183585	-0.104201	-0.0047458	0.0836641	0.133426	0.137787	0.122562	0.105859	0.105859	
0.516248	0.464855	0.376006	0.246626	0.0852848	-0.0912412	-0.27586	-0.447061	-0.570388	-0.605911	-0.558418	-0.446729	-0.271205	-0.0548875	0.161452	0.340576	0.441328	0.445632	0.349786	0.185983	-0.0343337	-0.291305	-0.543883	-0.761635	-0.920087	-1.00338	-0.982675	-0.864534	-0.702585	-0.547996	-0.421645	-0.328821	-0.267014	-0.229128	-0.203816	-0.185679	-0.176296	-0.185707	-0.208323	-0.231033	-0.229568	-0.186817	-0.109938	-0.012902	0.0716553	0.120724	0.122562	0.0956255	0.0737015	0.0737015	
0.492902	0.442429	0.357895	0.235511	0.0819564	-0.0856766	-0.263566	-0.431531	-0.549281	-0.5825	-0.535838	-0.423215	-0.243927	-0.0260088	0.189238	0.367286	0.469405	0.470416	0.370093	0.206849	-0.0183012	-0.284714	-0.549629	-0.782483	-0.955406	-1.04683	-1.02667	-0.895649	-0.717961	-0.547962	-0.408872	-0.309863	-0.246254	-0.208474	-0.186695	-0.173389	-0.163526	-0.174789	-0.196019	-0.220566	-0.220611	-0.177012	-0.1045	-0.0114689	0.0673133	0.110149	0.105859	0.0737015	0.0443959	0.0443959	
0.492902	0.442429	0.357895	0.235511	0.0819564	-0.0856766	-0.263566	-0.431531	-0.549281	-0.5825	-0.535838	-0.423215	-0.243927	-0.0260088	0.189238	0.367286	0.469405	0.470416	0.370093	0.206849	-0.0183012	-0.284714	-0.549629	-0.782483	-0.955406	-1.04683	-1.02667	-0.895649	-0.717961	-0.547962	-0.408872	-0.309863	-0.246254	-0.208474	-0.186695	-0.173389	-0.163526	-0.174789	-0.196019	-0.220566	-0.220611	-0.177012	-0.1045	-0.0114689	0.0673133	0.110149	0.105859	0.0737015	0.0443959	0.0443959	
