0.234698	-0.322385	-1.06962	0.147199	0.18779	0.18779	
-0.322385	-0.836363	0.255352	-0.342955	0.42058	0.42058	
-1.06962	0.255352	1.71083	-0.546234	-1.25418	-1.25418	
0.147199	-0.342955	-0.546234	0.243768	0.086272	0.086272	
0.18779	0.42058	-1.25418	0.086272	-0.260494	-0.260494	
0.18779	0.42058	-1.25418	0.086272	-0.260494	-0.260494	
