0.781273	0.781273	0.735215	-0.0841961	0.562677	0.0048641	
0.781273	0.781273	0.735215	-0.0841961	0.562677	0.0048641	
0.735215	0.735215	0.57331	-0.00194347	0.0434565	0.00744564	
-0.0841961	-0.0841961	-0.00194347	-0.771057	0.203524	-0.366384	
0.562677	0.562677	0.0434565	0.203524	-0.627209	-0.640555	
0.0048641	0.0048641	0.00744564	-0.366384	-0.640555	0.51508	
