-0.344766	-0.344766	-0.315324	-0.271093	-0.211117	-0.148484	-0.114775	-0.12093	-0.164515	-0.238114	-0.313436	-0.348058	-0.307676	-0.176854	0.034116	0.285135	0.520073	0.706151	0.825606	0.869733	0.829726	0.724242	0.577989	0.419691	0.274518	0.177447	0.133357	0.147864	0.216905	0.322131	0.454587	0.600764	0.73487	0.851738	0.950147	1.02858	1.08261	1.11661	1.10591	1.03726	0.932139	0.81484	0.681689	0.533698	0.36773	0.213786	0.116925	0.0773269	0.0813796	0.112515	
-0.344766	-0.344766	-0.315324	-0.271093	-0.211117	-0.148484	-0.114775	-0.12093	-0.164515	-0.238114	-0.313436	-0.348058	-0.307676	-0.176854	0.034116	0.285135	0.520073	0.706151	0.825606	0.869733	0.829726	0.724242	0.577989	0.419691	0.274518	0.177447	0.133357	0.147864	0.216905	0.322131	0.454587	0.600764	0.73487	0.851738	0.950147	1.02858	1.08261	1.11661	1.10591	1.03726	0.932139	0.81484	0.681689	0.533698	0.36773	0.213786	0.116925	0.0773269	0.0813796	0.112515	
-0.315324	-0.315324	-0.285362	-0.240021	-0.183419	-0.125271	-0.0849032	-0.0870124	-0.132156	-0.208496	-0.285296	-0.323478	-0.281151	-0.154125	0.0531899	0.305521	0.540552	0.721469	0.840092	0.87884	0.836767	0.73795	0.602117	0.450557	0.305503	0.196348	0.141437	0.150199	0.211615	0.312359	0.439554	0.570037	0.692171	0.806284	0.901395	0.978213	1.03555	1.05628	1.03665	0.970311	0.864172	0.746475	0.610482	0.462727	0.302885	0.150182	0.0423272	0.000526843	0.00804443	0.050055	
-0.271093	-0.271093	-0.240021	-0.190128	-0.132976	-0.078979	-0.0406627	-0.0400929	-0.0806561	-0.153632	-0.235921	-0.278909	-0.232632	-0.108	0.0859636	0.329842	0.567491	0.749392	0.861919	0.893466	0.856633	0.767883	0.639604	0.492887	0.340651	0.219617	0.158615	0.155284	0.196389	0.282696	0.392	0.500482	0.611184	0.714753	0.799867	0.871422	0.929207	0.944672	0.919416	0.853205	0.744762	0.62232	0.482689	0.33423	0.175482	0.0245746	-0.0844703	-0.131898	-0.122316	-0.06702	
-0.211117	-0.211117	-0.183419	-0.132976	-0.0707053	-0.0127132	0.0215987	0.0179743	-0.0238641	-0.0919684	-0.171337	-0.214963	-0.176357	-0.0583721	0.123424	0.357571	0.590494	0.770178	0.872573	0.906288	0.881133	0.801803	0.677105	0.531858	0.373421	0.24572	0.178624	0.153021	0.166164	0.225096	0.307919	0.398321	0.497723	0.585651	0.655369	0.719671	0.770735	0.790648	0.767908	0.70361	0.597138	0.467958	0.325987	0.179654	0.0201665	-0.134043	-0.243672	-0.288359	-0.266633	-0.198775	
-0.148484	-0.148484	-0.125271	-0.078979	-0.0127132	0.0526814	0.0864461	0.0788374	0.034351	-0.0351667	-0.11129	-0.15423	-0.128563	-0.0248331	0.151324	0.379031	0.598458	0.762432	0.859095	0.90029	0.882046	0.810626	0.69644	0.556742	0.399323	0.266516	0.175362	0.122955	0.109399	0.137716	0.194467	0.266923	0.34469	0.418978	0.482554	0.543428	0.590521	0.610897	0.590513	0.532255	0.434732	0.307346	0.166299	0.0219408	-0.135199	-0.292851	-0.404791	-0.441862	-0.400532	-0.319836	
-0.114775	-0.114775	-0.0849032	-0.0406627	0.0215987	0.0864461	0.122413	0.116683	0.0797803	0.00742645	-0.0768641	-0.129828	-0.112004	-0.013388	0.157784	0.365428	0.562037	0.718265	0.819836	0.862705	0.84625	0.782113	0.680509	0.549447	0.405541	0.266358	0.144106	0.0595304	0.0192443	0.0162084	0.0489575	0.101788	0.155163	0.21936	0.283768	0.346562	0.394785	0.416311	0.40913	0.365558	0.283606	0.171723	0.0298475	-0.124111	-0.28233	-0.430464	-0.533698	-0.559537	-0.517176	-0.42691	
-0.12093	-0.12093	-0.0870124	-0.0400929	0.0179743	0.0788374	0.116683	0.118694	0.085679	0.00897953	-0.0853266	-0.144321	-0.128991	-0.0399436	0.114936	0.299098	0.478377	0.626483	0.732556	0.778469	0.769991	0.714239	0.622083	0.50115	0.36486	0.222741	0.0813152	-0.0303097	-0.101653	-0.135506	-0.129689	-0.0957009	-0.0520701	0.00304285	0.0716094	0.135769	0.190686	0.228066	0.247944	0.22876	0.165974	0.067064	-0.0760937	-0.239235	-0.400962	-0.539195	-0.622376	-0.641942	-0.604501	-0.51682	
-0.164515	-0.164515	-0.132156	-0.0806561	-0.0238641	0.034351	0.0797803	0.085679	0.0367683	-0.0462899	-0.134491	-0.191342	-0.188127	-0.117257	0.0138196	0.181569	0.345002	0.482854	0.587399	0.641645	0.644239	0.60389	0.523593	0.412634	0.281939	0.138829	-0.00669673	-0.138957	-0.242246	-0.308748	-0.327057	-0.303214	-0.255157	-0.199427	-0.13237	-0.0653074	0.00149091	0.070071	0.123679	0.133756	0.0912533	0.000303051	-0.140135	-0.306077	-0.472549	-0.60963	-0.684607	-0.694558	-0.65713	-0.58113	
-0.238114	-0.238114	-0.208496	-0.153632	-0.0919684	-0.0351667	0.00742645	0.00897953	-0.0462899	-0.129299	-0.213147	-0.277975	-0.293855	-0.245892	-0.134714	0.0231176	0.178667	0.304288	0.398206	0.453633	0.466197	0.452212	0.399105	0.307434	0.178051	0.0323536	-0.11557	-0.257918	-0.384486	-0.469876	-0.504182	-0.492436	-0.441352	-0.375209	-0.305453	-0.22606	-0.132294	-0.0308353	0.0485477	0.0815744	0.0556369	-0.0247227	-0.153245	-0.319074	-0.494567	-0.636964	-0.714929	-0.728486	-0.691333	-0.622002	
-0.313436	-0.313436	-0.285296	-0.235921	-0.171337	-0.11129	-0.0768641	-0.0853266	-0.134491	-0.213147	-0.305121	-0.390025	-0.428987	-0.395452	-0.297561	-0.156856	-0.0123708	0.109961	0.194817	0.249736	0.278857	0.286365	0.262429	0.196644	0.0802372	-0.0667361	-0.215134	-0.364686	-0.500861	-0.591441	-0.635781	-0.636224	-0.589556	-0.511296	-0.430363	-0.325562	-0.196556	-0.0641398	0.0397157	0.0929461	0.079483	0.00906362	-0.112154	-0.277305	-0.463024	-0.61743	-0.711619	-0.739199	-0.715795	-0.650454	
-0.348058	-0.348058	-0.323478	-0.278909	-0.214963	-0.15423	-0.129828	-0.144321	-0.191342	-0.277975	-0.390025	-0.48726	-0.538795	-0.526828	-0.45005	-0.330848	-0.200957	-0.0889798	-0.00338745	0.0649996	0.115982	0.136808	0.135099	0.0934694	-0.00682917	-0.14202	-0.284501	-0.432439	-0.563685	-0.653691	-0.706109	-0.714713	-0.670617	-0.586178	-0.480375	-0.344916	-0.181083	-0.023198	0.100657	0.16859	0.1644	0.0941544	-0.0276223	-0.192785	-0.383442	-0.559832	-0.679481	-0.734136	-0.728878	-0.676586	
-0.307676	-0.307676	-0.281151	-0.232632	-0.176357	-0.128563	-0.112004	-0.128991	-0.188127	-0.293855	-0.428987	-0.538795	-0.601402	-0.609146	-0.559946	-0.469081	-0.361065	-0.255394	-0.158803	-0.0755381	-0.00596648	0.0343868	0.05103	0.0287035	-0.0424567	-0.15535	-0.290478	-0.43092	-0.553464	-0.645719	-0.697791	-0.702595	-0.660379	-0.57315	-0.44455	-0.283917	-0.0985463	0.0787822	0.217266	0.293316	0.29668	0.225885	0.0983505	-0.0758214	-0.272828	-0.467877	-0.617817	-0.701067	-0.71694	-0.675481	
-0.176854	-0.176854	-0.154125	-0.108	-0.0583721	-0.0248331	-0.013388	-0.0399436	-0.117257	-0.245892	-0.395452	-0.526828	-0.609146	-0.639834	-0.612961	-0.544031	-0.449558	-0.347762	-0.245807	-0.151545	-0.066259	0.00297221	0.0386477	0.0348004	-0.00800356	-0.0947572	-0.219352	-0.348128	-0.462262	-0.555423	-0.607332	-0.612804	-0.574185	-0.48548	-0.337102	-0.151871	0.0447539	0.227884	0.371714	0.445811	0.447705	0.378355	0.247184	0.0647074	-0.14374	-0.355556	-0.537649	-0.651702	-0.686522	-0.647015	
0.034116	0.034116	0.0531899	0.0859636	0.123424	0.151324	0.157784	0.114936	0.0138196	-0.134714	-0.297561	-0.45005	-0.559946	-0.612961	-0.609902	-0.557466	-0.467198	-0.362782	-0.257388	-0.15117	-0.0484738	0.0413158	0.0955937	0.109957	0.0931815	0.0298403	-0.0763948	-0.190893	-0.298828	-0.39325	-0.448998	-0.459531	-0.427848	-0.339533	-0.182643	0.0173909	0.217719	0.400685	0.539835	0.608819	0.602676	0.527062	0.388038	0.202359	-0.0190892	-0.250826	-0.459678	-0.598096	-0.648949	-0.609894	
0.285135	0.285135	0.305521	0.329842	0.357571	0.379031	0.365428	0.299098	0.181569	0.0231176	-0.156856	-0.330848	-0.469081	-0.544031	-0.557466	-0.511248	-0.425573	-0.320154	-0.205836	-0.0817811	0.0371168	0.145966	0.224251	0.255509	0.250452	0.206087	0.125019	0.0252853	-0.0768214	-0.169517	-0.231957	-0.251471	-0.225133	-0.14124	0.00604196	0.198373	0.393857	0.571289	0.69887	0.758634	0.744622	0.65649	0.504783	0.310201	0.0788148	-0.168768	-0.392713	-0.548591	-0.606415	-0.566	
0.520073	0.520073	0.540552	0.567491	0.590494	0.598458	0.562037	0.478377	0.345002	0.178667	-0.0123708	-0.200957	-0.361065	-0.449558	-0.467198	-0.425573	-0.340846	-0.224835	-0.0913573	0.0475888	0.184166	0.308431	0.406762	0.457469	0.465687	0.435491	0.374172	0.283945	0.180629	0.0884873	0.0216239	-0.00903827	0.0118083	0.0903664	0.217431	0.380777	0.559924	0.72505	0.837949	0.886857	0.86526	0.761175	0.599454	0.390069	0.149825	-0.103157	-0.331985	-0.49725	-0.556207	-0.514403	
0.706151	0.706151	0.721469	0.749392	0.770178	0.762432	0.718265	0.626483	0.482854	0.304288	0.109961	-0.0889798	-0.255394	-0.347762	-0.362782	-0.320154	-0.224835	-0.0916134	0.0595848	0.216013	0.367703	0.500742	0.61082	0.679964	0.701353	0.682658	0.632938	0.548066	0.446996	0.35361	0.277523	0.237388	0.252385	0.319594	0.425317	0.561454	0.715939	0.859278	0.956942	0.991656	0.955868	0.83991	0.669081	0.448389	0.196259	-0.0580588	-0.284178	-0.445119	-0.505887	-0.463988	
0.825606	0.825606	0.840092	0.861919	0.872573	0.859095	0.819836	0.732556	0.587399	0.398206	0.194817	-0.00338745	-0.158803	-0.245807	-0.257388	-0.205836	-0.0913573	0.0595848	0.22624	0.39714	0.560954	0.700908	0.81915	0.898161	0.926857	0.909849	0.861385	0.787508	0.699103	0.604978	0.526492	0.482957	0.486196	0.530319	0.610838	0.723416	0.856832	0.980823	1.06016	1.07845	1.02633	0.900121	0.72014	0.487227	0.224471	-0.0292555	-0.243634	-0.391217	-0.447728	-0.403501	
0.869733	0.869733	0.87884	0.893466	0.906288	0.90029	0.862705	0.778469	0.641645	0.453633	0.249736	0.0649996	-0.0755381	-0.151545	-0.15117	-0.0817811	0.0475888	0.216013	0.39714	0.581267	0.754115	0.902575	1.02054	1.09372	1.12169	1.10528	1.05499	0.9912	0.918027	0.830935	0.753472	0.708281	0.694823	0.717102	0.776755	0.871574	0.980602	1.08302	1.1419	1.13829	1.07248	0.944322	0.757006	0.518124	0.2544	0.00660271	-0.196332	-0.328532	-0.375094	-0.327506	
0.829726	0.829726	0.836767	0.856633	0.881133	0.882046	0.84625	0.769991	0.644239	0.466197	0.278857	0.115982	-0.00596648	-0.066259	-0.0484738	0.0371168	0.184166	0.367703	0.560954	0.754115	0.931952	1.07709	1.18284	1.24436	1.27082	1.25625	1.20388	1.1422	1.07922	1.00524	0.938672	0.887696	0.860228	0.870715	0.922522	0.999231	1.07952	1.15078	1.18445	1.16216	1.08813	0.95593	0.766377	0.527468	0.273302	0.0416834	-0.144903	-0.2625	-0.296183	-0.247738	
0.724242	0.724242	0.73795	0.767883	0.801803	0.810626	0.782113	0.714239	0.60389	0.452212	0.286365	0.136808	0.0343868	0.00297221	0.0413158	0.145966	0.308431	0.500742	0.700908	0.902575	1.07709	1.21087	1.3028	1.34849	1.36529	1.34966	1.30094	1.24361	1.18802	1.12615	1.07001	1.0211	0.986963	0.988713	1.02947	1.08905	1.14122	1.18087	1.18571	1.14794	1.06953	0.933301	0.737205	0.505235	0.266161	0.0562599	-0.104386	-0.201706	-0.223346	-0.171609	
0.577989	0.577989	0.602117	0.639604	0.677105	0.69644	0.680509	0.622083	0.523593	0.399105	0.262429	0.135099	0.05103	0.0386477	0.0955937	0.224251	0.406762	0.61082	0.81915	1.02054	1.18284	1.3028	1.38143	1.41057	1.41311	1.39594	1.35987	1.31449	1.2622	1.2023	1.15442	1.11754	1.09109	1.08721	1.10944	1.14566	1.17159	1.18126	1.15352	1.09629	1.01264	0.872436	0.678349	0.458831	0.237732	0.046416	-0.0883397	-0.163042	-0.170528	-0.1224	
0.419691	0.419691	0.450557	0.492887	0.531858	0.556742	0.549447	0.50115	0.412634	0.307434	0.196644	0.0934694	0.0287035	0.0348004	0.109957	0.255509	0.457469	0.679964	0.898161	1.09372	1.24436	1.34849	1.41057	1.42871	1.42772	1.41545	1.38671	1.34926	1.30178	1.24857	1.20965	1.19181	1.17882	1.17466	1.18129	1.18624	1.17418	1.14976	1.09514	1.01686	0.919783	0.773029	0.586302	0.384128	0.184287	0.0154469	-0.097232	-0.15571	-0.159606	-0.127287	
0.274518	0.274518	0.305503	0.340651	0.373421	0.399323	0.405541	0.36486	0.281939	0.178051	0.0802372	-0.00682917	-0.0424567	-0.00800356	0.0931815	0.250452	0.465687	0.701353	0.926857	1.12169	1.27082	1.36529	1.41311	1.42772	1.43107	1.41973	1.38717	1.35217	1.32115	1.28486	1.26287	1.25925	1.25699	1.2525	1.24791	1.22128	1.16753	1.10593	1.03056	0.935843	0.816197	0.658282	0.478261	0.292426	0.11762	-0.0251213	-0.125363	-0.18408	-0.200673	-0.187295	
0.177447	0.177447	0.196348	0.219617	0.24572	0.266516	0.266358	0.222741	0.138829	0.0323536	-0.0667361	-0.14202	-0.15535	-0.0947572	0.0298403	0.206087	0.435491	0.682658	0.909849	1.10528	1.25625	1.34966	1.39594	1.41545	1.41973	1.40544	1.37409	1.34815	1.33453	1.31909	1.31666	1.32851	1.3366	1.33188	1.30804	1.25389	1.16848	1.07407	0.970779	0.851597	0.708836	0.542783	0.371548	0.204598	0.0494587	-0.079849	-0.1805	-0.249468	-0.282128	-0.28586	
0.133357	0.133357	0.141437	0.158615	0.178624	0.175362	0.144106	0.0813152	-0.00669673	-0.11557	-0.215134	-0.284501	-0.290478	-0.219352	-0.0763948	0.125019	0.374172	0.632938	0.861385	1.05499	1.20388	1.30094	1.35987	1.38671	1.38717	1.37409	1.35487	1.34358	1.34574	1.35381	1.37377	1.40376	1.42273	1.41816	1.37365	1.29352	1.18548	1.06193	0.918639	0.765487	0.605137	0.43724	0.270204	0.115133	-0.0335414	-0.164097	-0.272311	-0.350962	-0.395221	-0.412444	
0.147864	0.147864	0.150199	0.155284	0.153021	0.122955	0.0595304	-0.0303097	-0.138957	-0.257918	-0.364686	-0.432439	-0.43092	-0.348128	-0.190893	0.0252853	0.283945	0.548066	0.787508	0.9912	1.1422	1.24361	1.31449	1.34926	1.35217	1.34815	1.34358	1.34691	1.36816	1.40477	1.4528	1.49272	1.51416	1.5048	1.44418	1.33914	1.20593	1.04552	0.864185	0.683868	0.515571	0.345974	0.174492	0.014747	-0.131279	-0.262015	-0.375845	-0.464055	-0.518737	-0.548986	
0.216905	0.216905	0.211615	0.196389	0.166164	0.109399	0.0192443	-0.101653	-0.242246	-0.384486	-0.500861	-0.563685	-0.553464	-0.462262	-0.298828	-0.0768214	0.180629	0.446996	0.699103	0.918027	1.07922	1.18802	1.2622	1.30178	1.32115	1.33453	1.34574	1.36816	1.41099	1.46901	1.5386	1.59115	1.60904	1.58536	1.50997	1.38457	1.21587	1.01854	0.807214	0.608063	0.432368	0.260858	0.0794296	-0.0890251	-0.238531	-0.371209	-0.484076	-0.576146	-0.638153	-0.671357	
0.322131	0.322131	0.312359	0.282696	0.225096	0.137716	0.0162084	-0.135506	-0.308748	-0.469876	-0.591441	-0.653691	-0.645719	-0.555423	-0.39325	-0.169517	0.0884873	0.35361	0.604978	0.830935	1.00524	1.12615	1.2023	1.24857	1.28486	1.31909	1.35381	1.40477	1.46901	1.53947	1.61887	1.6831	1.69452	1.64799	1.55263	1.41138	1.21747	0.99343	0.760933	0.538389	0.344264	0.16347	-0.0193771	-0.192517	-0.349985	-0.484359	-0.593042	-0.680629	-0.738388	-0.768104	
0.454587	0.454587	0.439554	0.392	0.307919	0.194467	0.0489575	-0.129689	-0.327057	-0.504182	-0.635781	-0.706109	-0.697791	-0.607332	-0.448998	-0.231957	0.0216239	0.277523	0.526492	0.753472	0.938672	1.07001	1.15442	1.20965	1.26287	1.31666	1.37377	1.4528	1.5386	1.61887	1.6996	1.75874	1.75192	1.68026	1.56743	1.40884	1.20221	0.968088	0.720582	0.481414	0.271068	0.0805326	-0.103126	-0.27726	-0.436573	-0.570373	-0.672596	-0.753063	-0.801988	-0.819263	
0.600764	0.600764	0.570037	0.500482	0.398321	0.266923	0.101788	-0.0957009	-0.303214	-0.492436	-0.636224	-0.714713	-0.702595	-0.612804	-0.459531	-0.251471	-0.00903827	0.237388	0.482957	0.708281	0.887696	1.0211	1.11754	1.19181	1.25925	1.32851	1.40376	1.49272	1.59115	1.6831	1.75874	1.79335	1.76581	1.67756	1.54714	1.37401	1.16282	0.929213	0.683514	0.444083	0.232563	0.0376612	-0.152608	-0.33157	-0.488145	-0.618422	-0.714123	-0.780457	-0.818844	-0.822202	
0.73487	0.73487	0.692171	0.611184	0.497723	0.34469	0.155163	-0.0520701	-0.255157	-0.441352	-0.589556	-0.670617	-0.660379	-0.574185	-0.427848	-0.225133	0.0118083	0.252385	0.486196	0.694823	0.860228	0.986963	1.09109	1.17882	1.25699	1.3366	1.42273	1.51416	1.60904	1.69452	1.75192	1.76581	1.72308	1.63	1.49103	1.31153	1.11001	0.896819	0.664953	0.436919	0.231466	0.0342434	-0.158618	-0.338104	-0.498959	-0.628788	-0.716799	-0.768314	-0.793376	-0.787227	
0.851738	0.851738	0.806284	0.714753	0.585651	0.418978	0.21936	0.00304285	-0.199427	-0.375209	-0.511296	-0.586178	-0.57315	-0.48548	-0.339533	-0.14124	0.0903664	0.319594	0.530319	0.717102	0.870715	0.988713	1.08721	1.17466	1.2525	1.33188	1.41816	1.5048	1.58536	1.64799	1.68026	1.67756	1.63	1.53762	1.40284	1.2375	1.06246	0.878016	0.678686	0.473324	0.271858	0.0774882	-0.108721	-0.288183	-0.455799	-0.590612	-0.677772	-0.719273	-0.73446	-0.727578	
0.950147	0.950147	0.901395	0.799867	0.655369	0.482554	0.283768	0.0716094	-0.13237	-0.305453	-0.430363	-0.480375	-0.44455	-0.337102	-0.182643	0.00604196	0.217431	0.425317	0.610838	0.776755	0.922522	1.02947	1.10944	1.18129	1.24791	1.30804	1.37365	1.44418	1.50997	1.55263	1.56743	1.54714	1.49103	1.40284	1.29235	1.16576	1.03074	0.884766	0.730012	0.556785	0.365213	0.172149	-0.0108372	-0.194136	-0.365538	-0.504445	-0.594099	-0.638747	-0.657633	-0.654968	
1.02858	1.02858	0.978213	0.871422	0.719671	0.543428	0.346562	0.135769	-0.0653074	-0.22606	-0.325562	-0.344916	-0.283917	-0.151871	0.0173909	0.198373	0.380777	0.561454	0.723416	0.871574	0.999231	1.08905	1.14566	1.18624	1.22128	1.25389	1.29352	1.33914	1.38457	1.41138	1.40884	1.37401	1.31153	1.2375	1.16576	1.0982	1.01921	0.922787	0.809575	0.665723	0.493116	0.307773	0.122231	-0.063367	-0.237911	-0.380283	-0.478984	-0.53606	-0.565738	-0.56897	
1.08261	1.08261	1.03555	0.929207	0.770735	0.590521	0.394785	0.190686	0.00149091	-0.132294	-0.196556	-0.181083	-0.0985463	0.0447539	0.217719	0.393857	0.559924	0.715939	0.856832	0.980602	1.07952	1.14122	1.17159	1.17418	1.16753	1.16848	1.18548	1.20593	1.21587	1.21747	1.20221	1.16282	1.11001	1.06246	1.03074	1.01921	1.00752	0.963342	0.882953	0.76983	0.628201	0.461699	0.280928	0.092235	-0.0895676	-0.245179	-0.358762	-0.426335	-0.45819	-0.463362	
1.11661	1.11661	1.05628	0.944672	0.790648	0.610897	0.416311	0.228066	0.070071	-0.0308353	-0.0641398	-0.023198	0.0787822	0.227884	0.400685	0.571289	0.72505	0.859278	0.980823	1.08302	1.15078	1.18087	1.18126	1.14976	1.10593	1.07407	1.06193	1.04552	1.01854	0.99343	0.968088	0.929213	0.896819	0.878016	0.884766	0.922787	0.963342	0.967259	0.927974	0.85614	0.757164	0.617452	0.445585	0.25179	0.0606238	-0.111004	-0.236468	-0.310987	-0.344585	-0.342621	
1.10591	1.10591	1.03665	0.919416	0.767908	0.590513	0.40913	0.247944	0.123679	0.0485477	0.0397157	0.100657	0.217266	0.371714	0.539835	0.69887	0.837949	0.956942	1.06016	1.1419	1.18445	1.18571	1.15352	1.09514	1.03056	0.970779	0.918639	0.864185	0.807214	0.760933	0.720582	0.683514	0.664953	0.678686	0.730012	0.809575	0.882953	0.927974	0.932506	0.903217	0.843539	0.733337	0.57572	0.385952	0.188762	0.0124677	-0.121908	-0.205896	-0.241574	-0.229764	
1.03726	1.03726	0.970311	0.853205	0.70361	0.532255	0.365558	0.22876	0.133756	0.0815744	0.0929461	0.16859	0.293316	0.445811	0.608819	0.758634	0.886857	0.991656	1.07845	1.13829	1.16216	1.14794	1.09629	1.01686	0.935843	0.851597	0.765487	0.683868	0.608063	0.538389	0.481414	0.444083	0.436919	0.473324	0.556785	0.665723	0.76983	0.85614	0.903217	0.908984	0.877866	0.796258	0.66358	0.484317	0.290666	0.115073	-0.024209	-0.110208	-0.143185	-0.128136	
0.932139	0.932139	0.864172	0.744762	0.597138	0.434732	0.283606	0.165974	0.0912533	0.0556369	0.079483	0.1644	0.29668	0.447705	0.602676	0.744622	0.86526	0.955868	1.02633	1.07248	1.08813	1.06953	1.01264	0.919783	0.816197	0.708836	0.605137	0.515571	0.432368	0.344264	0.271068	0.232563	0.231466	0.271858	0.365213	0.493116	0.628201	0.757164	0.843539	0.877866	0.870444	0.814868	0.707322	0.550154	0.369706	0.196834	0.0640229	-0.0164316	-0.0496933	-0.0326403	
0.81484	0.81484	0.746475	0.62232	0.467958	0.307346	0.171723	0.067064	0.000303051	-0.0247227	0.00906362	0.0941544	0.225885	0.378355	0.527062	0.65649	0.761175	0.83991	0.900121	0.944322	0.95593	0.933301	0.872436	0.773029	0.658282	0.542783	0.43724	0.345974	0.260858	0.16347	0.0805326	0.0376612	0.0342434	0.0774882	0.172149	0.307773	0.461699	0.617452	0.733337	0.796258	0.814868	0.781507	0.702928	0.577713	0.418087	0.263546	0.141578	0.0652248	0.0319261	0.0500087	
0.681689	0.681689	0.610482	0.482689	0.325987	0.166299	0.0298475	-0.0760937	-0.140135	-0.153245	-0.112154	-0.0276223	0.0983505	0.247184	0.388038	0.504783	0.599454	0.669081	0.72014	0.757006	0.766377	0.737205	0.678349	0.586302	0.478261	0.371548	0.270204	0.174492	0.0794296	-0.0193771	-0.103126	-0.152608	-0.158618	-0.108721	-0.0108372	0.122231	0.280928	0.445585	0.57572	0.66358	0.707322	0.702928	0.656456	0.566144	0.436537	0.304836	0.196883	0.121856	0.0937885	0.114227	
0.533698	0.533698	0.462727	0.33423	0.179654	0.0219408	-0.124111	-0.239235	-0.306077	-0.319074	-0.277305	-0.192785	-0.0758214	0.0647074	0.202359	0.310201	0.390069	0.448389	0.487227	0.518124	0.527468	0.505235	0.458831	0.384128	0.292426	0.204598	0.115133	0.014747	-0.0890251	-0.192517	-0.27726	-0.33157	-0.338104	-0.288183	-0.194136	-0.063367	0.092235	0.25179	0.385952	0.484317	0.550154	0.577713	0.566144	0.512598	0.421249	0.315529	0.221282	0.1567	0.137297	0.159701	
0.36773	0.36773	0.302885	0.175482	0.0201665	-0.135199	-0.28233	-0.400962	-0.472549	-0.494567	-0.463024	-0.383442	-0.272828	-0.14374	-0.0190892	0.0788148	0.149825	0.196259	0.224471	0.2544	0.273302	0.266161	0.237732	0.184287	0.11762	0.0494587	-0.0335414	-0.131279	-0.238531	-0.349985	-0.436573	-0.488145	-0.498959	-0.455799	-0.365538	-0.237911	-0.0895676	0.0606238	0.188762	0.290666	0.369706	0.418087	0.436537	0.421249	0.363227	0.285017	0.211258	0.159157	0.150588	0.178224	
0.213786	0.213786	0.150182	0.0245746	-0.134043	-0.292851	-0.430464	-0.539195	-0.60963	-0.636964	-0.61743	-0.559832	-0.467877	-0.355556	-0.250826	-0.168768	-0.103157	-0.0580588	-0.0292555	0.00660271	0.0416834	0.0562599	0.046416	0.0154469	-0.0251213	-0.079849	-0.164097	-0.262015	-0.371209	-0.484359	-0.570373	-0.618422	-0.628788	-0.590612	-0.504445	-0.380283	-0.245179	-0.111004	0.0124677	0.115073	0.196834	0.263546	0.304836	0.315529	0.285017	0.232957	0.18228	0.14708	0.148423	0.18021	
0.116925	0.116925	0.0423272	-0.0844703	-0.243672	-0.404791	-0.533698	-0.622376	-0.684607	-0.714929	-0.711619	-0.679481	-0.617817	-0.537649	-0.459678	-0.392713	-0.331985	-0.284178	-0.243634	-0.196332	-0.144903	-0.104386	-0.0883397	-0.097232	-0.125363	-0.1805	-0.272311	-0.375845	-0.484076	-0.593042	-0.672596	-0.714123	-0.716799	-0.677772	-0.594099	-0.478984	-0.358762	-0.236468	-0.121908	-0.024209	0.0640229	0.141578	0.196883	0.221282	0.211258	0.18228	0.157185	0.144273	0.160461	0.194739	
0.0773269	0.0773269	0.000526843	-0.131898	-0.288359	-0.441862	-0.559537	-0.641942	-0.694558	-0.728486	-0.739199	-0.734136	-0.701067	-0.651702	-0.598096	-0.548591	-0.49725	-0.445119	-0.391217	-0.328532	-0.2625	-0.201706	-0.163042	-0.15571	-0.18408	-0.249468	-0.350962	-0.464055	-0.576146	-0.680629	-0.753063	-0.780457	-0.768314	-0.719273	-0.638747	-0.53606	-0.426335	-0.310987	-0.205896	-0.110208	-0.0164316	0.0652248	0.121856	0.1567	0.159157	0.14708	0.144273	0.15867	0.188954	0.218689	
0.0813796	0.0813796	0.00804443	-0.122316	-0.266633	-0.400532	-0.517176	-0.604501	-0.65713	-0.691333	-0.715795	-0.728878	-0.71694	-0.686522	-0.648949	-0.606415	-0.556207	-0.505887	-0.447728	-0.375094	-0.296183	-0.223346	-0.170528	-0.159606	-0.200673	-0.282128	-0.395221	-0.518737	-0.638153	-0.738388	-0.801988	-0.818844	-0.793376	-0.73446	-0.657633	-0.565738	-0.45819	-0.344585	-0.241574	-0.143185	-0.0496933	0.0319261	0.0937885	0.137297	0.150588	0.148423	0.160461	0.188954	0.218468	0.232352	
0.112515	0.112515	0.050055	-0.06702	-0.198775	-0.319836	-0.42691	-0.51682	-0.58113	-0.622002	-0.650454	-0.676586	-0.675481	-0.647015	-0.609894	-0.566	-0.514403	-0.463988	-0.403501	-0.327506	-0.247738	-0.171609	-0.1224	-0.127287	-0.187295	-0.28586	-0.412444	-0.548986	-0.671357	-0.768104	-0.819263	-0.822202	-0.787227	-0.727578	-0.654968	-0.56897	-0.463362	-0.342621	-0.229764	-0.128136	-0.0326403	0.0500087	0.114227	0.159701	0.178224	0.18021	0.194739	0.218689	0.232352	0.226018	
