-0.771574	-0.737992	-0.670347	-0.565073	-0.434012	-0.279602	-0.103603	0.0925882	0.281342	0.446177	0.592353	0.720637	0.836676	0.932927	0.994567	1.00938	0.983159	0.929962	0.849018	0.748617	0.65204	0.5597	0.469324	0.377156	0.29417	0.220897	0.15034	0.0979228	0.0505676	0.000798177	-0.0595006	-0.14034	-0.225023	-0.296088	-0.347302	-0.397203	-0.449905	-0.483443	-0.492716	-0.489198	-0.488313	-0.499598	-0.507631	-0.508936	-0.526663	-0.541012	-0.532662	-0.520812	-0.510358	-0.510358	
-0.737992	-0.72188	-0.66573	-0.57298	-0.452593	-0.297303	-0.105172	0.10207	0.289917	0.448001	0.578026	0.689209	0.78352	0.84944	0.879572	0.869511	0.837769	0.79339	0.731689	0.6513	0.560296	0.470297	0.38421	0.306347	0.245736	0.19056	0.13241	0.0691922	0.00114618	-0.059828	-0.124167	-0.196006	-0.277206	-0.358786	-0.413899	-0.447682	-0.472042	-0.485104	-0.481464	-0.467052	-0.456947	-0.451824	-0.437756	-0.420701	-0.420808	-0.415882	-0.398111	-0.389025	-0.381754	-0.381754	
-0.670347	-0.66573	-0.627156	-0.546708	-0.428362	-0.265203	-0.0686496	0.137886	0.321865	0.47002	0.576653	0.65338	0.703686	0.724446	0.714779	0.679394	0.636931	0.587982	0.537618	0.4747	0.397841	0.321105	0.258813	0.215479	0.182116	0.154114	0.116556	0.0574532	-0.0117804	-0.0800994	-0.146004	-0.21351	-0.293119	-0.370895	-0.429426	-0.460252	-0.463774	-0.458419	-0.446605	-0.432626	-0.418998	-0.399502	-0.377032	-0.354378	-0.336396	-0.310143	-0.278636	-0.266958	-0.266582	-0.266582	
-0.565073	-0.57298	-0.546708	-0.473858	-0.355159	-0.194873	-0.00381314	0.195662	0.374125	0.510654	0.58444	0.608715	0.59812	0.567799	0.512093	0.446217	0.385203	0.326257	0.275966	0.224523	0.169604	0.120588	0.099463	0.0961051	0.0995738	0.106968	0.0926197	0.0526336	0.000370146	-0.0582877	-0.122874	-0.192978	-0.266281	-0.33339	-0.38496	-0.408371	-0.407746	-0.397873	-0.383274	-0.379694	-0.372954	-0.346375	-0.320825	-0.295747	-0.263457	-0.227665	-0.197598	-0.19116	-0.200518	-0.200518	
-0.434012	-0.452593	-0.428362	-0.355159	-0.241099	-0.0932964	0.0822156	0.266029	0.432726	0.543534	0.577106	0.545007	0.476413	0.39082	0.28653	0.186925	0.101157	0.0293353	-0.0245093	-0.0630407	-0.0940539	-0.109541	-0.0905528	-0.0538247	-0.00903169	0.0372321	0.0578285	0.0440544	0.0150651	-0.0214852	-0.0724935	-0.135103	-0.197584	-0.246274	-0.280576	-0.297974	-0.304092	-0.304412	-0.296839	-0.299125	-0.299115	-0.279535	-0.26075	-0.241872	-0.212612	-0.184602	-0.169345	-0.170206	-0.178729	-0.178729	
-0.279602	-0.297303	-0.265203	-0.194873	-0.0932964	0.0371964	0.189498	0.348069	0.482165	0.552033	0.540375	0.454437	0.328729	0.190057	0.0494526	-0.0828354	-0.197499	-0.282632	-0.332878	-0.354464	-0.358259	-0.341312	-0.292049	-0.216898	-0.131262	-0.0529397	-0.00221565	0.0184533	0.0193424	0.0058996	-0.0206995	-0.0595569	-0.0971281	-0.1216	-0.136719	-0.146855	-0.159828	-0.174184	-0.184936	-0.195305	-0.202992	-0.204997	-0.199923	-0.194078	-0.186732	-0.176274	-0.180568	-0.189619	-0.184441	-0.184441	
-0.103603	-0.105172	-0.0686496	-0.00381314	0.0822156	0.189498	0.31011	0.431682	0.51709	0.534537	0.469799	0.332423	0.157973	-0.0207988	-0.189961	-0.350037	-0.484674	-0.573286	-0.616283	-0.627237	-0.600386	-0.547242	-0.477586	-0.382127	-0.268682	-0.163942	-0.0867358	-0.0342779	-0.00243351	0.0162634	0.0242627	0.0227333	0.0188076	0.0200357	0.0256737	0.018062	-0.000988084	-0.0241347	-0.0568052	-0.0837689	-0.104282	-0.127826	-0.143	-0.154971	-0.170103	-0.187456	-0.207792	-0.213456	-0.203689	-0.203689	
0.0925882	0.10207	0.137886	0.195662	0.266029	0.348069	0.431682	0.501279	0.523714	0.485222	0.370104	0.193658	-0.01881	-0.230401	-0.420237	-0.588131	-0.72823	-0.815135	-0.851908	-0.851351	-0.796568	-0.715388	-0.628901	-0.529914	-0.413403	-0.298042	-0.195173	-0.108844	-0.0484729	0.00179572	0.0487477	0.0939983	0.131852	0.160522	0.179068	0.170629	0.145359	0.114013	0.0724486	0.0258628	-0.0192717	-0.0562188	-0.0888345	-0.121843	-0.153837	-0.191744	-0.221004	-0.223065	-0.215766	-0.215766	
0.281342	0.289917	0.321865	0.374125	0.432726	0.482165	0.51709	0.523714	0.491731	0.406899	0.253909	0.048937	-0.187605	-0.41643	-0.610059	-0.770456	-0.907805	-0.992579	-1.02259	-1.00317	-0.931948	-0.837463	-0.743039	-0.646914	-0.540646	-0.433641	-0.314626	-0.202824	-0.113968	-0.0301059	0.0509705	0.133175	0.205599	0.263043	0.296242	0.291067	0.257778	0.217108	0.178872	0.125444	0.0618837	0.0102725	-0.0356142	-0.0820791	-0.129492	-0.174254	-0.201812	-0.208999	-0.208366	-0.208366	
0.446177	0.448001	0.47002	0.510654	0.543534	0.552033	0.534537	0.485222	0.406899	0.285509	0.110847	-0.103727	-0.336414	-0.558874	-0.746616	-0.897077	-1.02016	-1.09511	-1.11512	-1.08088	-0.999649	-0.899511	-0.806777	-0.720334	-0.633432	-0.53556	-0.414943	-0.299395	-0.194937	-0.088785	0.0221992	0.13014	0.222575	0.297168	0.343275	0.355147	0.327104	0.283917	0.250933	0.204647	0.141886	0.0803299	0.0250393	-0.0297199	-0.0841037	-0.124641	-0.151774	-0.169901	-0.177172	-0.177172	
0.592353	0.578026	0.576653	0.58444	0.577106	0.540375	0.469799	0.370104	0.253909	0.110847	-0.0670184	-0.26612	-0.467876	-0.662328	-0.831353	-0.965122	-1.06896	-1.1292	-1.13488	-1.08689	-1.00301	-0.907697	-0.819402	-0.743749	-0.673214	-0.587851	-0.481533	-0.377658	-0.278145	-0.16371	-0.0372478	0.0781614	0.177394	0.257198	0.313252	0.345064	0.339181	0.312975	0.2918	0.265718	0.217362	0.155979	0.0959833	0.0339314	-0.0137541	-0.0461579	-0.0781254	-0.102723	-0.119737	-0.119737	
0.720637	0.689209	0.65338	0.608715	0.545007	0.454437	0.332423	0.193658	0.048937	-0.103727	-0.26612	-0.430626	-0.59111	-0.742955	-0.875054	-0.982	-1.06529	-1.10767	-1.09652	-1.04165	-0.961608	-0.874703	-0.792753	-0.721844	-0.661388	-0.597626	-0.51807	-0.432921	-0.345116	-0.238807	-0.117564	-0.00651633	0.080579	0.151477	0.217799	0.271358	0.30114	0.30812	0.303273	0.298877	0.277032	0.231226	0.171836	0.110528	0.0768065	0.0509838	0.014235	-0.0127611	-0.0328154	-0.0328154	
0.836676	0.78352	0.703686	0.59812	0.476413	0.328729	0.157973	-0.01881	-0.187605	-0.336414	-0.467876	-0.59111	-0.706381	-0.80881	-0.896787	-0.967102	-1.01545	-1.02542	-1.00624	-0.961497	-0.888485	-0.804093	-0.731598	-0.677431	-0.63147	-0.590564	-0.539616	-0.474211	-0.398267	-0.309788	-0.21218	-0.116353	-0.0416904	0.0211319	0.0931443	0.164829	0.227278	0.271446	0.290031	0.30094	0.305069	0.288152	0.247696	0.200229	0.176077	0.157758	0.120796	0.0908881	0.080592	0.080592	
0.932927	0.84944	0.724446	0.567799	0.39082	0.190057	-0.0207988	-0.230401	-0.41643	-0.558874	-0.662328	-0.742955	-0.80881	-0.863421	-0.902223	-0.924642	-0.927331	-0.903812	-0.872428	-0.833723	-0.776351	-0.707641	-0.657047	-0.623202	-0.600173	-0.586813	-0.558558	-0.515117	-0.45737	-0.388461	-0.313874	-0.234993	-0.166924	-0.106521	-0.0334667	0.0520561	0.13564	0.207377	0.253502	0.28095	0.308688	0.323355	0.311905	0.291836	0.278814	0.260436	0.230132	0.209107	0.205138	0.205138	
0.994567	0.879572	0.714779	0.512093	0.28653	0.0494526	-0.189961	-0.420237	-0.610059	-0.746616	-0.831353	-0.875054	-0.896787	-0.902223	-0.880199	-0.845525	-0.811957	-0.764004	-0.709457	-0.664973	-0.631636	-0.606941	-0.589436	-0.569131	-0.566402	-0.583792	-0.583205	-0.556374	-0.515887	-0.465804	-0.405746	-0.345917	-0.286927	-0.227142	-0.160759	-0.0731251	0.028262	0.126281	0.202381	0.254736	0.300478	0.341957	0.366681	0.372244	0.36974	0.355744	0.335033	0.329107	0.333302	0.333302	
1.00938	0.869511	0.679394	0.446217	0.186925	-0.0828354	-0.350037	-0.588131	-0.770456	-0.897077	-0.965122	-0.982	-0.967102	-0.924642	-0.845525	-0.758027	-0.680611	-0.605822	-0.541699	-0.501564	-0.490337	-0.495955	-0.50748	-0.513639	-0.532352	-0.57078	-0.592893	-0.583559	-0.561107	-0.530803	-0.489539	-0.448963	-0.401747	-0.34222	-0.272806	-0.184995	-0.0805421	0.0280282	0.127296	0.209361	0.274875	0.338985	0.399936	0.43807	0.452785	0.446994	0.440141	0.447894	0.452877	0.452877	
0.983159	0.837769	0.636931	0.385203	0.101157	-0.197499	-0.484674	-0.72823	-0.907805	-1.02016	-1.06896	-1.06529	-1.01545	-0.927331	-0.811957	-0.680611	-0.551107	-0.454789	-0.397705	-0.372008	-0.374184	-0.390442	-0.416776	-0.454708	-0.500509	-0.538863	-0.566606	-0.581529	-0.581651	-0.575148	-0.560249	-0.533124	-0.4902	-0.432655	-0.361475	-0.277748	-0.181949	-0.0788387	0.0234257	0.12659	0.221913	0.31012	0.400263	0.472909	0.513109	0.533044	0.549733	0.567548	0.579259	0.579259	
0.929962	0.79339	0.587982	0.326257	0.0293353	-0.282632	-0.573286	-0.815135	-0.992579	-1.09511	-1.1292	-1.10767	-1.02542	-0.903812	-0.764004	-0.605822	-0.454789	-0.358714	-0.310634	-0.288053	-0.301693	-0.332383	-0.362305	-0.406191	-0.454416	-0.48076	-0.503834	-0.537528	-0.565839	-0.585025	-0.592141	-0.576457	-0.540212	-0.493409	-0.432909	-0.360404	-0.278571	-0.185204	-0.0828622	0.028234	0.140651	0.24812	0.355169	0.456689	0.539144	0.604797	0.658348	0.6951	0.715166	0.715166	
0.849018	0.731689	0.537618	0.275966	-0.0245093	-0.332878	-0.616283	-0.851908	-1.02259	-1.11512	-1.13488	-1.09652	-1.00624	-0.872428	-0.709457	-0.541699	-0.397705	-0.310634	-0.268107	-0.254751	-0.273513	-0.307886	-0.342716	-0.374599	-0.403204	-0.420988	-0.44006	-0.471167	-0.512491	-0.556433	-0.581888	-0.576619	-0.54938	-0.516126	-0.47465	-0.419669	-0.354785	-0.280293	-0.192282	-0.0835272	0.0427162	0.166021	0.282352	0.408516	0.53734	0.652943	0.746562	0.806493	0.834859	0.834859	
0.748617	0.6513	0.4747	0.224523	-0.0630407	-0.354464	-0.627237	-0.851351	-1.00317	-1.08088	-1.08689	-1.04165	-0.961497	-0.833723	-0.664973	-0.501564	-0.372008	-0.288053	-0.254751	-0.25995	-0.276082	-0.301223	-0.336144	-0.360081	-0.368287	-0.375248	-0.387732	-0.400679	-0.436932	-0.494124	-0.534237	-0.545983	-0.53392	-0.509904	-0.484285	-0.452264	-0.406837	-0.352577	-0.284728	-0.185365	-0.0545689	0.0834451	0.215516	0.359156	0.518137	0.67011	0.789393	0.86371	0.900741	0.900741	
0.65204	0.560296	0.397841	0.169604	-0.0940539	-0.358259	-0.600386	-0.796568	-0.931948	-0.999649	-1.00301	-0.961608	-0.888485	-0.776351	-0.631636	-0.490337	-0.374184	-0.301693	-0.273513	-0.276082	-0.293436	-0.317994	-0.342621	-0.353954	-0.348022	-0.336386	-0.332034	-0.334736	-0.361727	-0.413021	-0.459589	-0.485885	-0.493014	-0.493504	-0.491024	-0.475711	-0.445172	-0.40085	-0.333959	-0.236017	-0.108101	0.0286816	0.164248	0.317645	0.482447	0.639587	0.770178	0.852126	0.890363	0.890363	
0.5597	0.470297	0.321105	0.120588	-0.109541	-0.341312	-0.547242	-0.715388	-0.837463	-0.899511	-0.907697	-0.874703	-0.804093	-0.707641	-0.606941	-0.495955	-0.390442	-0.332383	-0.307886	-0.301223	-0.317994	-0.342353	-0.347389	-0.345447	-0.335567	-0.304118	-0.282778	-0.284788	-0.300008	-0.331846	-0.377204	-0.414944	-0.441151	-0.465473	-0.482414	-0.481913	-0.457675	-0.409568	-0.338025	-0.24061	-0.120964	0.0040795	0.137184	0.285653	0.427471	0.564166	0.687726	0.767602	0.808157	0.808157	
0.469324	0.38421	0.258813	0.099463	-0.0905528	-0.292049	-0.477586	-0.628901	-0.743039	-0.806777	-0.819402	-0.792753	-0.731598	-0.657047	-0.589436	-0.50748	-0.416776	-0.362305	-0.342716	-0.336144	-0.342621	-0.347389	-0.333155	-0.323975	-0.311369	-0.281308	-0.263083	-0.261091	-0.261661	-0.276129	-0.313433	-0.353452	-0.387644	-0.414441	-0.430778	-0.435504	-0.418784	-0.377252	-0.308487	-0.221148	-0.124284	-0.0109817	0.122311	0.258474	0.368988	0.464627	0.55817	0.624016	0.653455	0.653455	
0.377156	0.306347	0.215479	0.0961051	-0.0538247	-0.216898	-0.382127	-0.529914	-0.646914	-0.720334	-0.743749	-0.721844	-0.677431	-0.623202	-0.569131	-0.513639	-0.454708	-0.406191	-0.374599	-0.360081	-0.353954	-0.345447	-0.323975	-0.298233	-0.275437	-0.265202	-0.26723	-0.260598	-0.246179	-0.24232	-0.262508	-0.2951	-0.321479	-0.339202	-0.354647	-0.360262	-0.342344	-0.304505	-0.247538	-0.177699	-0.10319	-0.00991135	0.105939	0.21317	0.284702	0.338391	0.396647	0.44296	0.461645	0.461645	
0.29417	0.245736	0.182116	0.0995738	-0.00903169	-0.131262	-0.268682	-0.413403	-0.540646	-0.633432	-0.673214	-0.661388	-0.63147	-0.600173	-0.566402	-0.532352	-0.500509	-0.454416	-0.403204	-0.368287	-0.348022	-0.335567	-0.311369	-0.275437	-0.253155	-0.26214	-0.277242	-0.270606	-0.250314	-0.229907	-0.223875	-0.234166	-0.244014	-0.250398	-0.261656	-0.26243	-0.239078	-0.199758	-0.154988	-0.114206	-0.0687293	-0.00127829	0.0791984	0.144052	0.179747	0.199275	0.219805	0.238605	0.245291	0.245291	
0.220897	0.19056	0.154114	0.106968	0.0372321	-0.0529397	-0.163942	-0.298042	-0.433641	-0.53556	-0.587851	-0.597626	-0.590564	-0.586813	-0.583792	-0.57078	-0.538863	-0.48076	-0.420988	-0.375248	-0.336386	-0.304118	-0.281308	-0.265202	-0.26214	-0.279999	-0.295342	-0.289369	-0.259736	-0.222633	-0.196078	-0.178223	-0.164754	-0.156542	-0.152362	-0.137224	-0.112425	-0.0836384	-0.057279	-0.0435886	-0.0210037	0.014108	0.04279	0.0602852	0.0614514	0.0510805	0.0378746	0.0247178	0.0171169	0.0171169	
0.15034	0.13241	0.116556	0.0926197	0.0578285	-0.00221565	-0.0867358	-0.195173	-0.314626	-0.414943	-0.481533	-0.51807	-0.539616	-0.558558	-0.583205	-0.592893	-0.566606	-0.503834	-0.44006	-0.387732	-0.332034	-0.282778	-0.263083	-0.26723	-0.277242	-0.295342	-0.308206	-0.301841	-0.26409	-0.21078	-0.166224	-0.128216	-0.102484	-0.0780486	-0.0466859	-0.0158927	0.0166049	0.0424434	0.0482589	0.0435833	0.0416887	0.0304583	0.000847466	-0.0374769	-0.0731447	-0.106043	-0.14545	-0.182171	-0.19967	-0.19967	
0.0979228	0.0691922	0.0574532	0.0526336	0.0440544	0.0184533	-0.0342779	-0.108844	-0.202824	-0.299395	-0.377658	-0.432921	-0.474211	-0.515117	-0.556374	-0.583559	-0.581529	-0.537528	-0.471167	-0.400679	-0.334736	-0.284788	-0.261091	-0.260598	-0.270606	-0.289369	-0.301841	-0.295939	-0.264484	-0.209426	-0.147446	-0.0916047	-0.0503035	-0.00710376	0.0457579	0.0916027	0.129502	0.151935	0.154081	0.142839	0.104374	0.0402761	-0.0431741	-0.136821	-0.205756	-0.261712	-0.32237	-0.369555	-0.400152	-0.400152	
0.0505676	0.00114618	-0.0117804	0.000370146	0.0150651	0.0193424	-0.00243351	-0.0484729	-0.113968	-0.194937	-0.278145	-0.345116	-0.398267	-0.45737	-0.515887	-0.561107	-0.581651	-0.565839	-0.512491	-0.436932	-0.361727	-0.300008	-0.261661	-0.246179	-0.250314	-0.259736	-0.26409	-0.264484	-0.249924	-0.203711	-0.136152	-0.0734376	-0.00951477	0.0596452	0.127842	0.185878	0.219346	0.23215	0.231802	0.212175	0.14695	0.0414777	-0.0812447	-0.214272	-0.323671	-0.408334	-0.482041	-0.533958	-0.569139	-0.569139	
0.000798177	-0.059828	-0.0800994	-0.0582877	-0.0214852	0.0058996	0.0162634	0.00179572	-0.0301059	-0.088785	-0.16371	-0.238807	-0.309788	-0.388461	-0.465804	-0.530803	-0.575148	-0.585025	-0.556433	-0.494124	-0.413021	-0.331846	-0.276129	-0.24232	-0.229907	-0.222633	-0.21078	-0.209426	-0.203711	-0.173466	-0.115365	-0.0489333	0.0282971	0.117979	0.199376	0.258031	0.27965	0.281106	0.272711	0.230558	0.140195	0.0162525	-0.121056	-0.269265	-0.408918	-0.521326	-0.608523	-0.668869	-0.702245	-0.702245	
-0.0595006	-0.124167	-0.146004	-0.122874	-0.0724935	-0.0206995	0.0242627	0.0487477	0.0509705	0.0221992	-0.0372478	-0.117564	-0.21218	-0.313874	-0.405746	-0.489539	-0.560249	-0.592141	-0.581888	-0.534237	-0.459589	-0.377204	-0.313433	-0.262508	-0.223875	-0.196078	-0.166224	-0.147446	-0.136152	-0.115365	-0.0717414	-0.00622962	0.0773627	0.172792	0.254407	0.303702	0.312484	0.297352	0.269637	0.201009	0.0900541	-0.0375934	-0.175801	-0.323265	-0.470166	-0.597953	-0.69437	-0.756507	-0.783044	-0.783044	
-0.14034	-0.196006	-0.21351	-0.192978	-0.135103	-0.0595569	0.0227333	0.0939983	0.133175	0.13014	0.0781614	-0.00651633	-0.116353	-0.234993	-0.345917	-0.448963	-0.533124	-0.576457	-0.576619	-0.545983	-0.485885	-0.414944	-0.353452	-0.2951	-0.234166	-0.178223	-0.128216	-0.0916047	-0.0734376	-0.0489333	-0.00622962	0.0557867	0.133513	0.215449	0.287744	0.322746	0.319974	0.290131	0.225257	0.126561	0.00943853	-0.114566	-0.245938	-0.377766	-0.508454	-0.637093	-0.738853	-0.796508	-0.817514	-0.817514	
-0.225023	-0.277206	-0.293119	-0.266281	-0.197584	-0.0971281	0.0188076	0.131852	0.205599	0.222575	0.177394	0.080579	-0.0416904	-0.166924	-0.286927	-0.401747	-0.4902	-0.540212	-0.54938	-0.53392	-0.493014	-0.441151	-0.387644	-0.321479	-0.244014	-0.164754	-0.102484	-0.0503035	-0.00951477	0.0282971	0.0773627	0.133513	0.192045	0.24665	0.292822	0.305414	0.283366	0.232613	0.140294	0.030268	-0.079361	-0.195366	-0.312507	-0.421122	-0.527585	-0.640986	-0.743151	-0.804203	-0.822393	-0.822393	
-0.296088	-0.358786	-0.370895	-0.33339	-0.246274	-0.1216	0.0200357	0.160522	0.263043	0.297168	0.257198	0.151477	0.0211319	-0.106521	-0.227142	-0.34222	-0.432655	-0.493409	-0.516126	-0.509904	-0.493504	-0.465473	-0.414441	-0.339202	-0.250398	-0.156542	-0.0780486	-0.00710376	0.0596452	0.117979	0.172792	0.215449	0.24665	0.264919	0.267207	0.247186	0.199692	0.124896	0.025359	-0.0734176	-0.165519	-0.268234	-0.367696	-0.455147	-0.542536	-0.628312	-0.713716	-0.776855	-0.792186	-0.792186	
-0.347302	-0.413899	-0.429426	-0.38496	-0.280576	-0.136719	0.0256737	0.179068	0.296242	0.343275	0.313252	0.217799	0.0931443	-0.0334667	-0.160759	-0.272806	-0.361475	-0.432909	-0.47465	-0.484285	-0.491024	-0.482414	-0.430778	-0.354647	-0.261656	-0.152362	-0.0466859	0.0457579	0.127842	0.199376	0.254407	0.287744	0.292822	0.267207	0.220049	0.161368	0.0895995	0.00365854	-0.0893683	-0.181917	-0.264514	-0.343833	-0.425086	-0.494786	-0.55297	-0.605581	-0.658829	-0.705235	-0.724282	-0.724282	
-0.397203	-0.447682	-0.460252	-0.408371	-0.297974	-0.146855	0.018062	0.170629	0.291067	0.355147	0.345064	0.271358	0.164829	0.0520561	-0.0731251	-0.184995	-0.277748	-0.360404	-0.419669	-0.452264	-0.475711	-0.481913	-0.435504	-0.360262	-0.26243	-0.137224	-0.0158927	0.0916027	0.185878	0.258031	0.303702	0.322746	0.305414	0.247186	0.161368	0.0739994	-0.0125769	-0.105367	-0.195682	-0.288799	-0.368232	-0.426397	-0.488435	-0.539483	-0.565489	-0.580055	-0.588565	-0.601463	-0.618098	-0.618098	
-0.449905	-0.472042	-0.463774	-0.407746	-0.304092	-0.159828	-0.000988084	0.145359	0.257778	0.327104	0.339181	0.30114	0.227278	0.13564	0.028262	-0.0805421	-0.181949	-0.278571	-0.354785	-0.406837	-0.445172	-0.457675	-0.418784	-0.342344	-0.239078	-0.112425	0.0166049	0.129502	0.219346	0.27965	0.312484	0.319974	0.283366	0.199692	0.0895995	-0.0125769	-0.101808	-0.199713	-0.298591	-0.387931	-0.456948	-0.504484	-0.543347	-0.565042	-0.566454	-0.549245	-0.516682	-0.497734	-0.501476	-0.501476	
-0.483443	-0.485104	-0.458419	-0.397873	-0.304412	-0.174184	-0.0241347	0.114013	0.217108	0.283917	0.312975	0.30812	0.271446	0.207377	0.126281	0.0280282	-0.0788387	-0.185204	-0.280293	-0.352577	-0.40085	-0.409568	-0.377252	-0.304505	-0.199758	-0.0836384	0.0424434	0.151935	0.23215	0.281106	0.297352	0.290131	0.232613	0.124896	0.00365854	-0.105367	-0.199713	-0.29777	-0.392991	-0.467436	-0.523127	-0.560529	-0.570567	-0.559499	-0.539549	-0.502413	-0.4533	-0.419787	-0.408853	-0.408853	
-0.492716	-0.481464	-0.446605	-0.383274	-0.296839	-0.184936	-0.0568052	0.0724486	0.178872	0.250933	0.2918	0.303273	0.290031	0.253502	0.202381	0.127296	0.0234257	-0.0828622	-0.192282	-0.284728	-0.333959	-0.338025	-0.308487	-0.247538	-0.154988	-0.057279	0.0482589	0.154081	0.231802	0.272711	0.269637	0.225257	0.140294	0.025359	-0.0893683	-0.195682	-0.298591	-0.392991	-0.469497	-0.521766	-0.561091	-0.585491	-0.573056	-0.537948	-0.501039	-0.454628	-0.400869	-0.358469	-0.338628	-0.338628	
-0.489198	-0.467052	-0.432626	-0.379694	-0.299125	-0.195305	-0.0837689	0.0258628	0.125444	0.204647	0.265718	0.298877	0.30094	0.28095	0.254736	0.209361	0.12659	0.028234	-0.0835272	-0.185365	-0.236017	-0.24061	-0.221148	-0.177699	-0.114206	-0.0435886	0.0435833	0.142839	0.212175	0.230558	0.201009	0.126561	0.030268	-0.0734176	-0.181917	-0.288799	-0.387931	-0.467436	-0.521766	-0.550708	-0.568834	-0.57918	-0.559889	-0.517151	-0.469637	-0.418277	-0.357915	-0.304207	-0.281841	-0.281841	
-0.488313	-0.456947	-0.418998	-0.372954	-0.299115	-0.202992	-0.104282	-0.0192717	0.0618837	0.141886	0.217362	0.277032	0.305069	0.308688	0.300478	0.274875	0.221913	0.140651	0.0427162	-0.0545689	-0.108101	-0.120964	-0.124284	-0.10319	-0.0687293	-0.0210037	0.0416887	0.104374	0.14695	0.140195	0.0900541	0.00943853	-0.079361	-0.165519	-0.264514	-0.368232	-0.456948	-0.523127	-0.561091	-0.568834	-0.565932	-0.552824	-0.519813	-0.480708	-0.431933	-0.376009	-0.323334	-0.278048	-0.256744	-0.256744	
-0.499598	-0.451824	-0.399502	-0.346375	-0.279535	-0.204997	-0.127826	-0.0562188	0.0102725	0.0803299	0.155979	0.231226	0.288152	0.323355	0.341957	0.338985	0.31012	0.24812	0.166021	0.0834451	0.0286816	0.0040795	-0.0109817	-0.00991135	-0.00127829	0.014108	0.0304583	0.0402761	0.0414777	0.0162525	-0.0375934	-0.114566	-0.195366	-0.268234	-0.343833	-0.426397	-0.504484	-0.560529	-0.585491	-0.57918	-0.552824	-0.509017	-0.45967	-0.421911	-0.37883	-0.334836	-0.304253	-0.278943	-0.265414	-0.265414	
-0.507631	-0.437756	-0.377032	-0.320825	-0.26075	-0.199923	-0.143	-0.0888345	-0.0356142	0.0250393	0.0959833	0.171836	0.247696	0.311905	0.366681	0.399936	0.400263	0.355169	0.282352	0.215516	0.164248	0.137184	0.122311	0.105939	0.0791984	0.04279	0.000847466	-0.0431741	-0.0812447	-0.121056	-0.175801	-0.245938	-0.312507	-0.367696	-0.425086	-0.488435	-0.543347	-0.570567	-0.573056	-0.559889	-0.519813	-0.45967	-0.407442	-0.365339	-0.327602	-0.305347	-0.297406	-0.290669	-0.284383	-0.284383	
-0.508936	-0.420701	-0.354378	-0.295747	-0.241872	-0.194078	-0.154971	-0.121843	-0.0820791	-0.0297199	0.0339314	0.110528	0.200229	0.291836	0.372244	0.43807	0.472909	0.456689	0.408516	0.359156	0.317645	0.285653	0.258474	0.21317	0.144052	0.0602852	-0.0374769	-0.136821	-0.214272	-0.269265	-0.323265	-0.377766	-0.421122	-0.455147	-0.494786	-0.539483	-0.565042	-0.559499	-0.537948	-0.517151	-0.480708	-0.421911	-0.365339	-0.31906	-0.287535	-0.279011	-0.292869	-0.308784	-0.306654	-0.306654	
-0.526663	-0.420808	-0.336396	-0.263457	-0.212612	-0.186732	-0.170103	-0.153837	-0.129492	-0.0841037	-0.0137541	0.0768065	0.176077	0.278814	0.36974	0.452785	0.513109	0.539144	0.53734	0.518137	0.482447	0.427471	0.368988	0.284702	0.179747	0.0614514	-0.0731447	-0.205756	-0.323671	-0.408918	-0.470166	-0.508454	-0.527585	-0.542536	-0.55297	-0.565489	-0.566454	-0.539549	-0.501039	-0.469637	-0.431933	-0.37883	-0.327602	-0.287535	-0.267097	-0.269508	-0.292948	-0.319735	-0.324339	-0.324339	
-0.541012	-0.415882	-0.310143	-0.227665	-0.184602	-0.176274	-0.187456	-0.191744	-0.174254	-0.124641	-0.0461579	0.0509838	0.157758	0.260436	0.355744	0.446994	0.533044	0.604797	0.652943	0.67011	0.639587	0.564166	0.464627	0.338391	0.199275	0.0510805	-0.106043	-0.261712	-0.408334	-0.521326	-0.597953	-0.637093	-0.640986	-0.628312	-0.605581	-0.580055	-0.549245	-0.502413	-0.454628	-0.418277	-0.376009	-0.334836	-0.305347	-0.279011	-0.269508	-0.275135	-0.293054	-0.320427	-0.330211	-0.330211	
-0.532662	-0.398111	-0.278636	-0.197598	-0.169345	-0.180568	-0.207792	-0.221004	-0.201812	-0.151774	-0.0781254	0.014235	0.120796	0.230132	0.335033	0.440141	0.549733	0.658348	0.746562	0.789393	0.770178	0.687726	0.55817	0.396647	0.219805	0.0378746	-0.14545	-0.32237	-0.482041	-0.608523	-0.69437	-0.738853	-0.743151	-0.713716	-0.658829	-0.588565	-0.516682	-0.4533	-0.400869	-0.357915	-0.323334	-0.304253	-0.297406	-0.292869	-0.292948	-0.293054	-0.296551	-0.308843	-0.316076	-0.316076	
-0.520812	-0.389025	-0.266958	-0.19116	-0.170206	-0.189619	-0.213456	-0.223065	-0.208999	-0.169901	-0.102723	-0.0127611	0.0908881	0.209107	0.329107	0.447894	0.567548	0.6951	0.806493	0.86371	0.852126	0.767602	0.624016	0.44296	0.238605	0.0247178	-0.182171	-0.369555	-0.533958	-0.668869	-0.756507	-0.796508	-0.804203	-0.776855	-0.705235	-0.601463	-0.497734	-0.419787	-0.358469	-0.304207	-0.278048	-0.278943	-0.290669	-0.308784	-0.319735	-0.320427	-0.308843	-0.292392	-0.291553	-0.291553	
-0.510358	-0.381754	-0.266582	-0.200518	-0.178729	-0.184441	-0.203689	-0.215766	-0.208366	-0.177172	-0.119737	-0.0328154	0.080592	0.205138	0.333302	0.452877	0.579259	0.715166	0.834859	0.900741	0.890363	0.808157	0.653455	0.461645	0.245291	0.0171169	-0.19967	-0.400152	-0.569139	-0.702245	-0.783044	-0.817514	-0.822393	-0.792186	-0.724282	-0.618098	-0.501476	-0.408853	-0.338628	-0.281841	-0.256744	-0.265414	-0.284383	-0.306654	-0.324339	-0.330211	-0.316076	-0.291553	-0.285515	-0.285515	
-0.510358	-0.381754	-0.266582	-0.200518	-0.178729	-0.184441	-0.203689	-0.215766	-0.208366	-0.177172	-0.119737	-0.0328154	0.080592	0.205138	0.333302	0.452877	0.579259	0.715166	0.834859	0.900741	0.890363	0.808157	0.653455	0.461645	0.245291	0.0171169	-0.19967	-0.400152	-0.569139	-0.702245	-0.783044	-0.817514	-0.822393	-0.792186	-0.724282	-0.618098	-0.501476	-0.408853	-0.338628	-0.281841	-0.256744	-0.265414	-0.284383	-0.306654	-0.324339	-0.330211	-0.316076	-0.291553	-0.285515	-0.285515	
