-0.8969	-0.8969	0.761956	-0.578819	-0.857603	0.216631	
-0.8969	-0.8969	0.761956	-0.578819	-0.857603	0.216631	
0.761956	0.761956	0.317021	-0.899961	-0.505884	0.0633942	
-0.578819	-0.578819	-0.899961	0.306821	-0.218307	0.654824	
-0.857603	-0.857603	-0.505884	-0.218307	-0.772282	-0.37945	
0.216631	0.216631	0.0633942	0.654824	-0.37945	0.562239	
