0.84933	0.84933	0.907771	1.01532	1.16335	1.32242	1.46893	1.56078	1.56781	1.4675	1.25468	0.959854	0.619483	0.294217	0.026048	-0.160166	-0.255167	-0.275759	-0.226944	-0.12221	0.0267788	0.19289	0.342163	0.432781	0.463306	0.441135	0.404433	0.378317	0.366296	0.37714	0.401111	0.435049	0.46415	0.465048	0.438534	0.414922	0.407924	0.425291	0.437346	0.432322	0.41341	0.399836	0.387033	0.380817	0.380665	0.374713	0.352206	0.331607	0.31883	0.315194	
0.84933	0.84933	0.907771	1.01532	1.16335	1.32242	1.46893	1.56078	1.56781	1.4675	1.25468	0.959854	0.619483	0.294217	0.026048	-0.160166	-0.255167	-0.275759	-0.226944	-0.12221	0.0267788	0.19289	0.342163	0.432781	0.463306	0.441135	0.404433	0.378317	0.366296	0.37714	0.401111	0.435049	0.46415	0.465048	0.438534	0.414922	0.407924	0.425291	0.437346	0.432322	0.41341	0.399836	0.387033	0.380817	0.380665	0.374713	0.352206	0.331607	0.31883	0.315194	
0.907771	0.907771	0.965989	1.07166	1.21875	1.37512	1.51965	1.60972	1.61456	1.51409	1.30072	1.00594	0.666189	0.339573	0.0699864	-0.118729	-0.217173	-0.240685	-0.194247	-0.092054	0.0540036	0.219395	0.364768	0.45519	0.485418	0.462408	0.425438	0.400234	0.386892	0.397491	0.422001	0.454295	0.482035	0.483234	0.45841	0.435931	0.429039	0.444591	0.457919	0.454647	0.435589	0.421283	0.410766	0.405988	0.405107	0.398782	0.378388	0.359039	0.346509	0.342994	
1.01532	1.01532	1.07166	1.1779	1.32027	1.47579	1.6155	1.70195	1.70483	1.60021	1.38747	1.09121	0.751214	0.423902	0.15113	-0.0409668	-0.144586	-0.172248	-0.131925	-0.0351912	0.10546	0.261503	0.403779	0.490913	0.519412	0.499821	0.463902	0.435025	0.422843	0.430459	0.451638	0.483877	0.51108	0.512907	0.490551	0.468546	0.463119	0.479729	0.491096	0.487503	0.473786	0.463182	0.451792	0.446814	0.448024	0.444251	0.42559	0.407323	0.396387	0.393274	
1.16335	1.16335	1.21875	1.32027	1.45935	1.60755	1.74149	1.82194	1.81931	1.71272	1.49867	1.20244	0.86317	0.533129	0.255548	0.0563629	-0.0570904	-0.0935823	-0.0615133	0.0277388	0.158724	0.310369	0.442481	0.527354	0.554385	0.533624	0.496342	0.468303	0.452877	0.459039	0.480024	0.508635	0.532825	0.535087	0.516052	0.497221	0.49321	0.505724	0.519728	0.520367	0.508021	0.496263	0.491065	0.489976	0.490809	0.486948	0.474292	0.460426	0.451372	0.449761	
1.32242	1.32242	1.37512	1.47579	1.60755	1.75251	1.8775	1.95221	1.94388	1.83235	1.61812	1.31998	0.981452	0.648485	0.36567	0.158938	0.0346397	-0.0109733	0.0101425	0.0875376	0.208351	0.344079	0.46703	0.545463	0.56898	0.550788	0.51494	0.482402	0.466802	0.467458	0.484148	0.509832	0.530526	0.533879	0.520819	0.503886	0.500964	0.514013	0.526025	0.528023	0.523172	0.518215	0.513546	0.513961	0.518047	0.519476	0.511928	0.50171	0.497497	0.497869	
1.46893	1.46893	1.51965	1.6155	1.74149	1.8775	1.99474	2.05991	2.04627	1.93033	1.7163	1.41987	1.08241	0.749133	0.460057	0.244189	0.106832	0.0485506	0.0553124	0.121708	0.226459	0.350722	0.46063	0.532664	0.552915	0.535455	0.497626	0.462342	0.442703	0.439292	0.451947	0.472969	0.491265	0.494015	0.482592	0.468939	0.470042	0.478945	0.492616	0.498105	0.498275	0.493528	0.496788	0.501798	0.508236	0.511406	0.512047	0.509577	0.51049	0.514946	
1.56078	1.56078	1.60972	1.70195	1.82194	1.95221	2.05991	2.12059	2.09967	1.98379	1.7713	1.47782	1.14623	0.812116	0.519972	0.296172	0.1461	0.0758047	0.0711238	0.122147	0.214532	0.321951	0.417189	0.480443	0.496772	0.478752	0.441132	0.403948	0.381053	0.370488	0.378886	0.392965	0.401649	0.404214	0.400382	0.391299	0.390739	0.397139	0.408305	0.417452	0.423084	0.425459	0.431131	0.439544	0.448536	0.457604	0.466018	0.469912	0.478538	0.486603	
1.56781	1.56781	1.61456	1.70483	1.81931	1.94388	2.04627	2.09967	2.07864	1.96209	1.75642	1.47243	1.14896	0.822968	0.531748	0.303642	0.145264	0.0653628	0.046729	0.0875423	0.1637	0.254918	0.33793	0.392941	0.406181	0.391724	0.354934	0.311914	0.284349	0.26679	0.266814	0.273266	0.280129	0.280092	0.274434	0.265355	0.268784	0.271324	0.280853	0.289065	0.300191	0.304171	0.315455	0.3262	0.33821	0.349776	0.364581	0.376417	0.391903	0.404201	
1.4675	1.4675	1.51409	1.60021	1.71272	1.83235	1.93033	1.98379	1.96209	1.85499	1.66048	1.39252	1.08662	0.772924	0.489066	0.26201	0.0989559	0.0119867	-0.011812	0.0193829	0.0865979	0.167095	0.237717	0.285317	0.297723	0.283749	0.247144	0.205889	0.174122	0.149661	0.144017	0.140941	0.133226	0.128329	0.126434	0.122842	0.12192	0.116749	0.120003	0.129562	0.141695	0.148451	0.160934	0.172947	0.184268	0.197634	0.21749	0.235079	0.256353	0.270789	
1.25468	1.25468	1.30072	1.38747	1.49867	1.61812	1.7163	1.7713	1.75642	1.66048	1.48331	1.23836	0.955398	0.663912	0.396566	0.178691	0.0205243	-0.0654071	-0.0912032	-0.0634877	-0.00270432	0.0666463	0.130285	0.174059	0.189194	0.182873	0.15356	0.111079	0.0752351	0.0434729	0.0280451	0.0147183	0.00136079	-0.00816499	-0.0147521	-0.0214221	-0.0247577	-0.0348899	-0.0390629	-0.0352267	-0.0242343	-0.0168672	-0.00556532	0.00431535	0.0141606	0.0265556	0.0466667	0.0670213	0.0920108	0.105828	
0.959854	0.959854	1.00594	1.09121	1.20244	1.31998	1.41987	1.47782	1.47243	1.39252	1.23836	1.02298	0.771017	0.508388	0.26466	0.0613812	-0.0861796	-0.166873	-0.187967	-0.156196	-0.0952587	-0.0260868	0.0357763	0.0803041	0.10187	0.104354	0.0827384	0.0464043	0.0106314	-0.0236653	-0.0452063	-0.0692642	-0.0944163	-0.113525	-0.123051	-0.128989	-0.136119	-0.158033	-0.172877	-0.176477	-0.169319	-0.165781	-0.157655	-0.152484	-0.148615	-0.141024	-0.124115	-0.102572	-0.0789961	-0.0679749	
0.619483	0.619483	0.666189	0.751214	0.86317	0.981452	1.08241	1.14623	1.14896	1.08662	0.955398	0.771017	0.55174	0.323042	0.105874	-0.0746843	-0.206343	-0.276585	-0.28527	-0.248409	-0.181178	-0.11024	-0.0462704	0.0034568	0.0382613	0.0560115	0.0500015	0.0255194	-0.00717066	-0.0427168	-0.0703942	-0.0997582	-0.135436	-0.160876	-0.175138	-0.181416	-0.198213	-0.226913	-0.255096	-0.266899	-0.268965	-0.268554	-0.268739	-0.270365	-0.273407	-0.273275	-0.26253	-0.245584	-0.224566	-0.220081	
0.294217	0.294217	0.339573	0.423902	0.533129	0.648485	0.749133	0.812116	0.822968	0.772924	0.663912	0.508388	0.323042	0.1252	-0.0600438	-0.221791	-0.334934	-0.392691	-0.392106	-0.343212	-0.268381	-0.190331	-0.118838	-0.0578807	-0.00795263	0.0299397	0.0461823	0.0376998	0.0145655	-0.0135805	-0.0410941	-0.0781512	-0.115802	-0.146734	-0.165222	-0.176983	-0.194776	-0.232576	-0.271704	-0.297902	-0.308629	-0.315967	-0.323745	-0.333509	-0.347403	-0.35619	-0.35612	-0.342861	-0.330094	-0.33208	
0.026048	0.026048	0.0699864	0.15113	0.255548	0.36567	0.460057	0.519972	0.531748	0.489066	0.396566	0.26466	0.105874	-0.0600438	-0.224031	-0.36335	-0.46371	-0.513267	-0.501109	-0.446047	-0.363088	-0.275753	-0.196725	-0.123563	-0.0537598	0.00737483	0.0482978	0.0641656	0.0590216	0.0429555	0.0196105	-0.0100708	-0.0518447	-0.0883541	-0.106505	-0.111221	-0.134312	-0.178128	-0.229905	-0.265983	-0.287102	-0.30135	-0.319196	-0.339529	-0.362405	-0.383202	-0.392257	-0.3885	-0.383501	-0.393553	
-0.160166	-0.160166	-0.118729	-0.0409668	0.0563629	0.158938	0.244189	0.296172	0.303642	0.26201	0.178691	0.0613812	-0.0746843	-0.221791	-0.36335	-0.491335	-0.581952	-0.626169	-0.611956	-0.552921	-0.466588	-0.376331	-0.291567	-0.207101	-0.120102	-0.0335181	0.0385984	0.0833259	0.100107	0.102864	0.0914629	0.0667076	0.0327854	0.00525689	-0.00777934	-0.014368	-0.0345205	-0.0768134	-0.133874	-0.180241	-0.211231	-0.233838	-0.261168	-0.288356	-0.322705	-0.354259	-0.376243	-0.380369	-0.386397	-0.403094	
-0.255167	-0.255167	-0.217173	-0.144586	-0.0570904	0.0346397	0.106832	0.1461	0.145264	0.0989559	0.0205243	-0.0861796	-0.206343	-0.334934	-0.46371	-0.581952	-0.671544	-0.71937	-0.709974	-0.656359	-0.574529	-0.483453	-0.398913	-0.306101	-0.205474	-0.098467	0.00113545	0.0733347	0.117935	0.14508	0.151463	0.144581	0.123521	0.0996806	0.0964776	0.103863	0.0950604	0.0563232	-0.00181487	-0.0552056	-0.0922762	-0.12033	-0.152983	-0.190221	-0.234935	-0.278291	-0.310018	-0.326194	-0.344067	-0.368373	
-0.275759	-0.275759	-0.240685	-0.172248	-0.0935823	-0.0109733	0.0485506	0.0758047	0.0653628	0.0119867	-0.0654071	-0.166873	-0.276585	-0.392691	-0.513267	-0.626169	-0.71937	-0.7737	-0.776769	-0.73449	-0.665308	-0.585675	-0.508828	-0.419354	-0.31443	-0.190986	-0.0682236	0.0317464	0.104717	0.154188	0.178473	0.189988	0.184249	0.18041	0.195757	0.215354	0.219903	0.19545	0.145159	0.0944187	0.0581478	0.0252532	-0.0122991	-0.0538806	-0.103114	-0.156848	-0.199448	-0.22804	-0.257544	-0.288627	
-0.226944	-0.226944	-0.194247	-0.131925	-0.0615133	0.0101425	0.0553124	0.0711238	0.046729	-0.011812	-0.0912032	-0.187967	-0.28527	-0.392106	-0.501109	-0.611956	-0.709974	-0.776769	-0.797193	-0.776202	-0.725841	-0.664215	-0.603016	-0.523192	-0.421729	-0.295723	-0.159328	-0.0406026	0.053169	0.12376	0.169836	0.199291	0.211744	0.225217	0.257923	0.296721	0.324956	0.32224	0.288915	0.247759	0.213061	0.185084	0.153008	0.113083	0.0567976	-0.00272292	-0.051433	-0.0910966	-0.132952	-0.172668	
-0.12221	-0.12221	-0.092054	-0.0351912	0.0277388	0.0875376	0.121708	0.122147	0.0875423	0.0193829	-0.0634877	-0.156196	-0.248409	-0.343212	-0.446047	-0.552921	-0.656359	-0.73449	-0.776202	-0.775664	-0.752532	-0.714293	-0.676502	-0.61575	-0.529973	-0.407666	-0.268202	-0.139678	-0.029481	0.0551038	0.111579	0.154924	0.183812	0.214428	0.266009	0.325135	0.378829	0.39984	0.390823	0.367313	0.351696	0.333316	0.310829	0.275333	0.227879	0.169874	0.118882	0.070066	0.0199269	-0.02462	
0.0267788	0.0267788	0.0540036	0.10546	0.158724	0.208351	0.226459	0.214532	0.1637	0.0865979	-0.00270432	-0.0952587	-0.181178	-0.268381	-0.363088	-0.466588	-0.574529	-0.665308	-0.725841	-0.752532	-0.753239	-0.745173	-0.730455	-0.69596	-0.629176	-0.522636	-0.390119	-0.26025	-0.142719	-0.0536248	0.0124495	0.0625429	0.0960895	0.139855	0.205708	0.281893	0.355329	0.405693	0.426015	0.430886	0.431208	0.431177	0.428212	0.413329	0.377349	0.327941	0.283924	0.234939	0.183446	0.134023	
0.19289	0.19289	0.219395	0.261503	0.310369	0.344079	0.350722	0.321951	0.254918	0.167095	0.0666463	-0.0260868	-0.11024	-0.190331	-0.275753	-0.376331	-0.483453	-0.585675	-0.664215	-0.714293	-0.745173	-0.763584	-0.777497	-0.769023	-0.724776	-0.636359	-0.517324	-0.389619	-0.275912	-0.185006	-0.120655	-0.0736061	-0.0370171	0.0131423	0.0798665	0.166025	0.25639	0.32914	0.37652	0.408437	0.43298	0.457897	0.478996	0.485964	0.471359	0.444267	0.414741	0.374516	0.326401	0.281254	
0.342163	0.342163	0.364768	0.403779	0.442481	0.46703	0.46063	0.417189	0.33793	0.237717	0.130285	0.0357763	-0.0462704	-0.118838	-0.196725	-0.291567	-0.398913	-0.508828	-0.603016	-0.676502	-0.730455	-0.777497	-0.815566	-0.832304	-0.813144	-0.747161	-0.64282	-0.526809	-0.414411	-0.325616	-0.264582	-0.22447	-0.194502	-0.152816	-0.0874898	-0.000110867	0.0930383	0.179087	0.248519	0.303632	0.350478	0.398181	0.441746	0.476009	0.491151	0.490704	0.483085	0.460459	0.428158	0.390708	
0.432781	0.432781	0.45519	0.490913	0.527354	0.545463	0.532664	0.480443	0.392941	0.285317	0.174059	0.0803041	0.0034568	-0.0578807	-0.123563	-0.207101	-0.306101	-0.419354	-0.523192	-0.61575	-0.69596	-0.769023	-0.832304	-0.877361	-0.879119	-0.834297	-0.749197	-0.639476	-0.534439	-0.450191	-0.394975	-0.364529	-0.344847	-0.310119	-0.257133	-0.178929	-0.0930481	-0.00471222	0.0749832	0.148266	0.208895	0.271468	0.335066	0.396494	0.437446	0.465327	0.484669	0.489607	0.475594	0.453497	
0.463306	0.463306	0.485418	0.519412	0.554385	0.56898	0.552915	0.496772	0.406181	0.297723	0.189194	0.10187	0.0382613	-0.00795263	-0.0537598	-0.120102	-0.205474	-0.31443	-0.421729	-0.529973	-0.629176	-0.724776	-0.813144	-0.879119	-0.904544	-0.884415	-0.816848	-0.721232	-0.625814	-0.541164	-0.490797	-0.469176	-0.458331	-0.439105	-0.400332	-0.336897	-0.266827	-0.184919	-0.104222	-0.0291517	0.0371715	0.111563	0.183945	0.258317	0.320941	0.37851	0.42418	0.456227	0.465657	0.464492	
0.441135	0.441135	0.462408	0.499821	0.533624	0.550788	0.535455	0.478752	0.391724	0.283749	0.182873	0.104354	0.0560115	0.0299397	0.00737483	-0.0335181	-0.098467	-0.190986	-0.295723	-0.407666	-0.522636	-0.636359	-0.747161	-0.834297	-0.884415	-0.886758	-0.839761	-0.760689	-0.67211	-0.591269	-0.546457	-0.531901	-0.530105	-0.52632	-0.499577	-0.454434	-0.400748	-0.335916	-0.264056	-0.190729	-0.120695	-0.0536256	0.0170407	0.0997516	0.179083	0.251291	0.318179	0.378391	0.412839	0.434003	
0.404433	0.404433	0.425438	0.463902	0.496342	0.51494	0.497626	0.441132	0.354934	0.247144	0.15356	0.0827384	0.0500015	0.0461823	0.0482978	0.0385984	0.00113545	-0.0682236	-0.159328	-0.268202	-0.390119	-0.517324	-0.64282	-0.749197	-0.816848	-0.839761	-0.813054	-0.751695	-0.673332	-0.600044	-0.560168	-0.550104	-0.5587	-0.567193	-0.5521	-0.525479	-0.492813	-0.445553	-0.384802	-0.320102	-0.25809	-0.197976	-0.132238	-0.0562197	0.0219293	0.102979	0.187106	0.266395	0.319222	0.362791	
0.378317	0.378317	0.400234	0.435025	0.468303	0.482402	0.462342	0.403948	0.311914	0.205889	0.111079	0.0464043	0.0255194	0.0376998	0.0641656	0.0833259	0.0733347	0.0317464	-0.0406026	-0.139678	-0.26025	-0.389619	-0.526809	-0.639476	-0.721232	-0.760689	-0.751695	-0.705727	-0.641498	-0.571676	-0.535113	-0.528391	-0.547232	-0.565689	-0.566664	-0.558838	-0.544353	-0.514848	-0.471455	-0.417343	-0.360897	-0.311798	-0.260808	-0.198285	-0.123586	-0.0450496	0.0427347	0.130479	0.197914	0.260426	
0.366296	0.366296	0.386892	0.422843	0.452877	0.466802	0.442703	0.381053	0.284349	0.174122	0.0752351	0.0106314	-0.00717066	0.0145655	0.0590216	0.100107	0.117935	0.104717	0.053169	-0.029481	-0.142719	-0.275912	-0.414411	-0.534439	-0.625814	-0.67211	-0.673332	-0.641498	-0.57942	-0.514223	-0.47936	-0.474126	-0.5	-0.529791	-0.543963	-0.551288	-0.553934	-0.547055	-0.524852	-0.481555	-0.433335	-0.394064	-0.3562	-0.307582	-0.247379	-0.179832	-0.093748	-0.00622484	0.0670864	0.137011	
0.37714	0.37714	0.397491	0.430459	0.459039	0.467458	0.439292	0.370488	0.26679	0.149661	0.0434729	-0.0236653	-0.0427168	-0.0135805	0.0429555	0.102864	0.14508	0.154188	0.12376	0.0551038	-0.0536248	-0.185006	-0.325616	-0.450191	-0.541164	-0.591269	-0.600044	-0.571676	-0.514223	-0.451744	-0.408872	-0.398589	-0.42489	-0.45654	-0.481326	-0.504703	-0.528597	-0.54589	-0.541011	-0.510984	-0.476004	-0.447212	-0.420599	-0.388715	-0.346026	-0.289938	-0.213392	-0.134704	-0.0650979	0.00748992	
0.401111	0.401111	0.422001	0.451638	0.480024	0.484148	0.451947	0.378886	0.266814	0.144017	0.0280451	-0.0452063	-0.0703942	-0.0410941	0.0196105	0.0914629	0.151463	0.178473	0.169836	0.111579	0.0124495	-0.120655	-0.264582	-0.394975	-0.490797	-0.546457	-0.560168	-0.535113	-0.47936	-0.408872	-0.353315	-0.330146	-0.348224	-0.375714	-0.40982	-0.440223	-0.47757	-0.509234	-0.529482	-0.521217	-0.501204	-0.476921	-0.463996	-0.44793	-0.421158	-0.378356	-0.315034	-0.247393	-0.181658	-0.114188	
0.435049	0.435049	0.454295	0.483877	0.508635	0.509832	0.472969	0.392965	0.273266	0.140941	0.0147183	-0.0692642	-0.0997582	-0.0781512	-0.0100708	0.0667076	0.144581	0.189988	0.199291	0.154924	0.0625429	-0.0736061	-0.22447	-0.364529	-0.469176	-0.531901	-0.550104	-0.528391	-0.474126	-0.398589	-0.330146	-0.295086	-0.292532	-0.30776	-0.333769	-0.361086	-0.404503	-0.455947	-0.495795	-0.503286	-0.497454	-0.485934	-0.487252	-0.483911	-0.477629	-0.450138	-0.401991	-0.34437	-0.288293	-0.22987	
0.46415	0.46415	0.482035	0.51108	0.532825	0.530526	0.491265	0.401649	0.280129	0.133226	0.00136079	-0.0944163	-0.135436	-0.115802	-0.0518447	0.0327854	0.123521	0.184249	0.211744	0.183812	0.0960895	-0.0370171	-0.194502	-0.344847	-0.458331	-0.530105	-0.5587	-0.547232	-0.5	-0.42489	-0.348224	-0.292532	-0.263614	-0.264631	-0.274995	-0.295144	-0.338048	-0.392701	-0.436838	-0.464475	-0.474721	-0.475521	-0.486756	-0.501315	-0.514287	-0.504408	-0.476227	-0.432614	-0.388278	-0.337918	
0.465048	0.465048	0.483234	0.512907	0.535087	0.533879	0.494015	0.404214	0.280092	0.128329	-0.00816499	-0.113525	-0.160876	-0.146734	-0.0883541	0.00525689	0.0996806	0.18041	0.225217	0.214428	0.139855	0.0131423	-0.152816	-0.310119	-0.439105	-0.52632	-0.567193	-0.565689	-0.529791	-0.45654	-0.375714	-0.30776	-0.264631	-0.245745	-0.234668	-0.241843	-0.271629	-0.317384	-0.366063	-0.407748	-0.423445	-0.433631	-0.451449	-0.48081	-0.510907	-0.527848	-0.521567	-0.494666	-0.466895	-0.431344	
0.438534	0.438534	0.45841	0.490551	0.516052	0.520819	0.482592	0.400382	0.274434	0.126434	-0.0147521	-0.123051	-0.175138	-0.165222	-0.106505	-0.00777934	0.0964776	0.195757	0.257923	0.266009	0.205708	0.0798665	-0.0874898	-0.257133	-0.400332	-0.499577	-0.5521	-0.566664	-0.543963	-0.481326	-0.40982	-0.333769	-0.274995	-0.234668	-0.208522	-0.197021	-0.213015	-0.248164	-0.297041	-0.332931	-0.35013	-0.363122	-0.383702	-0.419483	-0.462356	-0.501281	-0.51506	-0.513847	-0.508445	-0.492783	
0.414922	0.414922	0.435931	0.468546	0.497221	0.503886	0.468939	0.391299	0.265355	0.122842	-0.0214221	-0.128989	-0.181416	-0.176983	-0.111221	-0.014368	0.103863	0.215354	0.296721	0.325135	0.281893	0.166025	-0.000110867	-0.178929	-0.336897	-0.454434	-0.525479	-0.558838	-0.551288	-0.504703	-0.440223	-0.361086	-0.295144	-0.241843	-0.197021	-0.171844	-0.176089	-0.197515	-0.232956	-0.261418	-0.282329	-0.292185	-0.30646	-0.333017	-0.379673	-0.430615	-0.465396	-0.484852	-0.501802	-0.506935	
0.407924	0.407924	0.429039	0.463119	0.49321	0.500964	0.470042	0.390739	0.268784	0.12192	-0.0247577	-0.136119	-0.198213	-0.194776	-0.134312	-0.0345205	0.0950604	0.219903	0.324956	0.378829	0.355329	0.25639	0.0930383	-0.0930481	-0.266827	-0.400748	-0.492813	-0.544353	-0.553934	-0.528597	-0.47757	-0.404503	-0.338048	-0.271629	-0.213015	-0.176089	-0.161707	-0.168699	-0.196611	-0.222827	-0.238161	-0.2399	-0.241286	-0.255689	-0.294356	-0.34593	-0.385305	-0.416853	-0.452485	-0.476805	
0.425291	0.425291	0.444591	0.479729	0.505724	0.514013	0.478945	0.397139	0.271324	0.116749	-0.0348899	-0.158033	-0.226913	-0.232576	-0.178128	-0.0768134	0.0563232	0.19545	0.32224	0.39984	0.405693	0.32914	0.179087	-0.00471222	-0.184919	-0.335916	-0.445553	-0.514848	-0.547055	-0.54589	-0.509234	-0.455947	-0.392701	-0.317384	-0.248164	-0.197515	-0.168699	-0.170932	-0.189154	-0.204681	-0.215326	-0.214872	-0.209632	-0.210136	-0.233025	-0.270621	-0.306081	-0.344551	-0.388189	-0.42244	
0.437346	0.437346	0.457919	0.491096	0.519728	0.526025	0.492616	0.408305	0.280853	0.120003	-0.0390629	-0.172877	-0.255096	-0.271704	-0.229905	-0.133874	-0.00181487	0.145159	0.288915	0.390823	0.426015	0.37652	0.248519	0.0749832	-0.104222	-0.264056	-0.384802	-0.471455	-0.524852	-0.541011	-0.529482	-0.495795	-0.436838	-0.366063	-0.297041	-0.232956	-0.196611	-0.189154	-0.193015	-0.202289	-0.214101	-0.214261	-0.205024	-0.192159	-0.196615	-0.219497	-0.249514	-0.282464	-0.32053	-0.35685	
0.432322	0.432322	0.454647	0.487503	0.520367	0.528023	0.498105	0.417452	0.289065	0.129562	-0.0352267	-0.176477	-0.266899	-0.297902	-0.265983	-0.180241	-0.0552056	0.0944187	0.247759	0.367313	0.430886	0.408437	0.303632	0.148266	-0.0291517	-0.190729	-0.320102	-0.417343	-0.481555	-0.510984	-0.521217	-0.503286	-0.464475	-0.407748	-0.332931	-0.261418	-0.222827	-0.204681	-0.202289	-0.2113	-0.220606	-0.217575	-0.207021	-0.187521	-0.183074	-0.191406	-0.208203	-0.228445	-0.26111	-0.297674	
0.41341	0.41341	0.435589	0.473786	0.508021	0.523172	0.498275	0.423084	0.300191	0.141695	-0.0242343	-0.169319	-0.268965	-0.308629	-0.287102	-0.211231	-0.0922762	0.0581478	0.213061	0.351696	0.431208	0.43298	0.350478	0.208895	0.0371715	-0.120695	-0.25809	-0.360897	-0.433335	-0.476004	-0.501204	-0.497454	-0.474721	-0.423445	-0.35013	-0.282329	-0.238161	-0.215326	-0.214101	-0.220606	-0.221281	-0.222351	-0.216057	-0.199114	-0.180696	-0.172754	-0.175465	-0.18918	-0.213899	-0.242438	
0.399836	0.399836	0.421283	0.463182	0.496263	0.518215	0.493528	0.425459	0.304171	0.148451	-0.0168672	-0.165781	-0.268554	-0.315967	-0.30135	-0.233838	-0.12033	0.0252532	0.185084	0.333316	0.431177	0.457897	0.398181	0.271468	0.111563	-0.0536256	-0.197976	-0.311798	-0.394064	-0.447212	-0.476921	-0.485934	-0.475521	-0.433631	-0.363122	-0.292185	-0.2399	-0.214872	-0.214261	-0.217575	-0.222351	-0.231152	-0.231521	-0.213621	-0.188287	-0.172789	-0.163573	-0.164306	-0.174772	-0.197679	
0.387033	0.387033	0.410766	0.451792	0.491065	0.513546	0.496788	0.431131	0.315455	0.160934	-0.00556532	-0.157655	-0.268739	-0.323745	-0.319196	-0.261168	-0.152983	-0.0122991	0.153008	0.310829	0.428212	0.478996	0.441746	0.335066	0.183945	0.0170407	-0.132238	-0.260808	-0.3562	-0.420599	-0.463996	-0.487252	-0.486756	-0.451449	-0.383702	-0.30646	-0.241286	-0.209632	-0.205024	-0.207021	-0.216057	-0.231521	-0.238834	-0.228886	-0.211687	-0.190711	-0.164455	-0.147014	-0.150277	-0.162	
0.380817	0.380817	0.405988	0.446814	0.489976	0.513961	0.501798	0.439544	0.3262	0.172947	0.00431535	-0.152484	-0.270365	-0.333509	-0.339529	-0.288356	-0.190221	-0.0538806	0.113083	0.275333	0.413329	0.485964	0.476009	0.396494	0.258317	0.0997516	-0.0562197	-0.198285	-0.307582	-0.388715	-0.44793	-0.483911	-0.501315	-0.48081	-0.419483	-0.333017	-0.255689	-0.210136	-0.192159	-0.187521	-0.199114	-0.213621	-0.228886	-0.237111	-0.235341	-0.211201	-0.175841	-0.151609	-0.143224	-0.135541	
0.380665	0.380665	0.405107	0.448024	0.490809	0.518047	0.508236	0.448536	0.33821	0.184268	0.0141606	-0.148615	-0.273407	-0.347403	-0.362405	-0.322705	-0.234935	-0.103114	0.0567976	0.227879	0.377349	0.471359	0.491151	0.437446	0.320941	0.179083	0.0219293	-0.123586	-0.247379	-0.346026	-0.421158	-0.477629	-0.514287	-0.510907	-0.462356	-0.379673	-0.294356	-0.233025	-0.196615	-0.183074	-0.180696	-0.188287	-0.211687	-0.235341	-0.242823	-0.228331	-0.202286	-0.172421	-0.146085	-0.122333	
0.374713	0.374713	0.398782	0.444251	0.486948	0.519476	0.511406	0.457604	0.349776	0.197634	0.0265556	-0.141024	-0.273275	-0.35619	-0.383202	-0.354259	-0.278291	-0.156848	-0.00272292	0.169874	0.327941	0.444267	0.490704	0.465327	0.37851	0.251291	0.102979	-0.0450496	-0.179832	-0.289938	-0.378356	-0.450138	-0.504408	-0.527848	-0.501281	-0.430615	-0.34593	-0.270621	-0.219497	-0.191406	-0.172754	-0.172789	-0.190711	-0.211201	-0.228331	-0.236577	-0.218036	-0.183837	-0.148356	-0.12264	
0.352206	0.352206	0.378388	0.42559	0.474292	0.511928	0.512047	0.466018	0.364581	0.21749	0.0466667	-0.124115	-0.26253	-0.35612	-0.392257	-0.376243	-0.310018	-0.199448	-0.051433	0.118882	0.283924	0.414741	0.483085	0.484669	0.42418	0.318179	0.187106	0.0427347	-0.093748	-0.213392	-0.315034	-0.401991	-0.476227	-0.521567	-0.51506	-0.465396	-0.385305	-0.306081	-0.249514	-0.208203	-0.175465	-0.163573	-0.164455	-0.175841	-0.202286	-0.218036	-0.203871	-0.172912	-0.139397	-0.108874	
0.331607	0.331607	0.359039	0.407323	0.460426	0.50171	0.509577	0.469912	0.376417	0.235079	0.0670213	-0.102572	-0.245584	-0.342861	-0.3885	-0.380369	-0.326194	-0.22804	-0.0910966	0.070066	0.234939	0.374516	0.460459	0.489607	0.456227	0.378391	0.266395	0.130479	-0.00622484	-0.134704	-0.247393	-0.34437	-0.432614	-0.494666	-0.513847	-0.484852	-0.416853	-0.344551	-0.282464	-0.228445	-0.18918	-0.164306	-0.147014	-0.151609	-0.172421	-0.183837	-0.172912	-0.144765	-0.103752	-0.0636257	
0.31883	0.31883	0.346509	0.396387	0.451372	0.497497	0.51049	0.478538	0.391903	0.256353	0.0920108	-0.0789961	-0.224566	-0.330094	-0.383501	-0.386397	-0.344067	-0.257544	-0.132952	0.0199269	0.183446	0.326401	0.428158	0.475594	0.465657	0.412839	0.319222	0.197914	0.0670864	-0.0650979	-0.181658	-0.288293	-0.388278	-0.466895	-0.508445	-0.501802	-0.452485	-0.388189	-0.32053	-0.26111	-0.213899	-0.174772	-0.150277	-0.143224	-0.146085	-0.148356	-0.139397	-0.103752	-0.0478188	0.00700676	
0.315194	0.315194	0.342994	0.393274	0.449761	0.497869	0.514946	0.486603	0.404201	0.270789	0.105828	-0.0679749	-0.220081	-0.33208	-0.393553	-0.403094	-0.368373	-0.288627	-0.172668	-0.02462	0.134023	0.281254	0.390708	0.453497	0.464492	0.434003	0.362791	0.260426	0.137011	0.00748992	-0.114188	-0.22987	-0.337918	-0.431344	-0.492783	-0.506935	-0.476805	-0.42244	-0.35685	-0.297674	-0.242438	-0.197679	-0.162	-0.135541	-0.122333	-0.12264	-0.108874	-0.0636257	0.00700676	0.0815765	
