-0.545449	-0.634485	-0.705242	-0.745237	-0.744435	-0.719554	-0.688172	-0.653341	-0.622069	-0.601448	-0.581138	-0.537879	-0.457323	-0.322774	-0.154492	0.0319273	0.214164	0.372358	0.491509	0.556263	0.556353	0.49855	0.401682	0.281548	0.163354	0.0707728	0.0128293	-0.00591721	0.0110004	0.0437675	0.0671581	0.0556302	-0.000771136	-0.097823	-0.229075	-0.369821	-0.487957	-0.557359	-0.565845	-0.520735	-0.422448	-0.285352	-0.115858	0.0705181	0.24779	0.410153	0.536723	0.618262	0.654002	0.654002	
-0.634485	-0.683187	-0.712989	-0.714562	-0.692611	-0.656488	-0.6128	-0.574565	-0.5519	-0.540933	-0.53215	-0.502286	-0.425604	-0.296043	-0.1248	0.0713727	0.259604	0.422843	0.549707	0.621562	0.632831	0.579251	0.477414	0.357866	0.245727	0.163326	0.117957	0.1104	0.134889	0.168689	0.178542	0.148946	0.0779429	-0.0315515	-0.173382	-0.328644	-0.46909	-0.564494	-0.601918	-0.589701	-0.517931	-0.397281	-0.242045	-0.0692526	0.0976963	0.248891	0.360212	0.426588	0.454719	0.454719	
-0.705242	-0.712989	-0.698633	-0.668122	-0.628823	-0.576896	-0.525623	-0.495313	-0.488238	-0.494964	-0.495952	-0.47045	-0.402969	-0.284441	-0.120482	0.0718351	0.266344	0.431864	0.557127	0.633986	0.652197	0.613502	0.529402	0.419919	0.318273	0.246017	0.202557	0.198279	0.2218	0.252298	0.258949	0.218497	0.135521	0.0201436	-0.123585	-0.289113	-0.446059	-0.564583	-0.627917	-0.635374	-0.583166	-0.472697	-0.324936	-0.162057	-0.0115593	0.116465	0.21043	0.256029	0.274557	0.274557	
-0.745237	-0.714562	-0.668122	-0.614142	-0.554071	-0.488184	-0.438169	-0.415701	-0.417485	-0.431944	-0.436901	-0.420984	-0.36784	-0.272332	-0.128484	0.0539822	0.242578	0.404099	0.522454	0.59445	0.624517	0.607838	0.543899	0.451414	0.362078	0.297658	0.25679	0.247279	0.267932	0.293583	0.288733	0.239198	0.152072	0.0387547	-0.107263	-0.276505	-0.437769	-0.567244	-0.648397	-0.671495	-0.62442	-0.514292	-0.364732	-0.204539	-0.0654576	0.0417753	0.111422	0.137621	0.144966	0.144966	
-0.744435	-0.692611	-0.628823	-0.554071	-0.475345	-0.404642	-0.3538	-0.327389	-0.321274	-0.334344	-0.343936	-0.341301	-0.308224	-0.240716	-0.125799	0.0286259	0.19317	0.337752	0.442746	0.508725	0.546381	0.548357	0.508406	0.44003	0.367638	0.311738	0.276321	0.267432	0.279877	0.295646	0.281771	0.228906	0.138161	0.0193242	-0.128482	-0.297269	-0.457792	-0.584293	-0.658673	-0.681352	-0.636833	-0.52279	-0.368597	-0.211826	-0.0823975	0.00956942	0.0618023	0.0775662	0.0783936	0.0783936	
-0.719554	-0.656488	-0.576896	-0.488184	-0.404642	-0.332471	-0.276986	-0.239004	-0.219023	-0.225978	-0.235613	-0.238131	-0.223687	-0.181306	-0.100422	0.0103537	0.136691	0.250824	0.330603	0.383991	0.422056	0.442308	0.434086	0.396515	0.345578	0.303124	0.271493	0.259245	0.264896	0.272867	0.255161	0.196446	0.10152	-0.021154	-0.172981	-0.338785	-0.48543	-0.595843	-0.659262	-0.670164	-0.618969	-0.502725	-0.349435	-0.196112	-0.0746734	0.00270503	0.043518	0.0509798	0.048124	0.048124	
-0.688172	-0.6128	-0.525623	-0.438169	-0.3538	-0.276986	-0.211842	-0.162996	-0.132256	-0.125585	-0.127563	-0.131652	-0.130528	-0.107733	-0.0568125	0.0168201	0.101379	0.176243	0.225316	0.260227	0.297151	0.330797	0.347465	0.334174	0.299514	0.263972	0.235746	0.222719	0.227385	0.229731	0.204065	0.144302	0.0514118	-0.0702001	-0.220043	-0.375376	-0.504327	-0.588012	-0.628786	-0.630921	-0.577304	-0.464444	-0.314887	-0.168302	-0.0571443	0.00879178	0.0346374	0.032162	0.0252513	0.0252513	
-0.653341	-0.574565	-0.495313	-0.415701	-0.327389	-0.239004	-0.162996	-0.106784	-0.0650657	-0.0429661	-0.0382927	-0.0424763	-0.0467065	-0.0364747	-0.000728736	0.0452753	0.0897131	0.125086	0.146954	0.166667	0.199153	0.235912	0.259386	0.257352	0.229937	0.19598	0.171643	0.162074	0.16365	0.159468	0.132325	0.0784404	-0.00297287	-0.11779	-0.257856	-0.394001	-0.501957	-0.558891	-0.575365	-0.561427	-0.504151	-0.403593	-0.270583	-0.140891	-0.0441053	0.00955391	0.0254748	0.0199841	0.0084859	0.0084859	
-0.622069	-0.5519	-0.488238	-0.417485	-0.321274	-0.219023	-0.132256	-0.0650657	-0.0122728	0.018778	0.0291123	0.0352785	0.0291797	0.0380619	0.0636359	0.0824038	0.0930908	0.0924441	0.0855375	0.0886311	0.110298	0.139595	0.163624	0.162884	0.140396	0.110448	0.084405	0.0736191	0.0698534	0.0633466	0.0443334	0.00104085	-0.0634005	-0.159287	-0.280709	-0.395608	-0.473423	-0.4986	-0.493116	-0.466526	-0.413476	-0.327859	-0.2195	-0.112931	-0.0331556	0.00945836	0.0228277	0.0122178	0.00476635	0.00476635	
-0.601448	-0.540933	-0.494964	-0.431944	-0.334344	-0.225978	-0.125585	-0.0429661	0.018778	0.0619416	0.0871906	0.102046	0.101151	0.102846	0.113203	0.112236	0.0956041	0.0643329	0.0283858	0.00819797	0.0151491	0.0330619	0.0504188	0.0539682	0.0339783	0.0022804	-0.0204122	-0.0310636	-0.0334127	-0.0414907	-0.0618741	-0.0929606	-0.133975	-0.20409	-0.295973	-0.373243	-0.417568	-0.411787	-0.384917	-0.352475	-0.307679	-0.246734	-0.165287	-0.0813311	-0.0149918	0.0214456	0.0300248	0.0182315	0.00757033	0.00757033	
-0.581138	-0.53215	-0.495952	-0.436901	-0.343936	-0.235613	-0.127563	-0.0382927	0.0291123	0.0871906	0.125771	0.149454	0.151273	0.1425	0.135476	0.115047	0.0757645	0.0120468	-0.0529908	-0.0950245	-0.10536	-0.0973143	-0.0818771	-0.0780089	-0.0929905	-0.114243	-0.128614	-0.133474	-0.138903	-0.147508	-0.160011	-0.174187	-0.189803	-0.230957	-0.28479	-0.3238	-0.336427	-0.309299	-0.272973	-0.239071	-0.20328	-0.161896	-0.108815	-0.052748	-0.00364644	0.0273615	0.0414228	0.0398543	0.0353815	0.0353815	
-0.537879	-0.502286	-0.47045	-0.420984	-0.341301	-0.238131	-0.131652	-0.0424763	0.0352785	0.102046	0.149454	0.177282	0.176671	0.156399	0.127269	0.0844623	0.0163954	-0.0745959	-0.16385	-0.227368	-0.257307	-0.257842	-0.242474	-0.232335	-0.230596	-0.233526	-0.233872	-0.226727	-0.219689	-0.221407	-0.223678	-0.218832	-0.213019	-0.222723	-0.244749	-0.256097	-0.238047	-0.194135	-0.152178	-0.121702	-0.103444	-0.0855395	-0.0623939	-0.0310756	0.00288873	0.0291609	0.0474612	0.0479192	0.0494225	0.0494225	
-0.457323	-0.425604	-0.402969	-0.36784	-0.308224	-0.223687	-0.130528	-0.0467065	0.0291797	0.101151	0.151273	0.176671	0.178935	0.146596	0.0958545	0.0232936	-0.0791777	-0.198991	-0.313213	-0.404492	-0.449038	-0.447469	-0.421553	-0.385291	-0.354013	-0.332912	-0.310668	-0.282551	-0.2591	-0.246093	-0.234114	-0.212609	-0.188729	-0.175792	-0.169066	-0.154163	-0.121521	-0.0771565	-0.0466031	-0.0324575	-0.0312059	-0.0353883	-0.0328059	-0.0248277	-0.00611799	0.0163041	0.0344886	0.0466232	0.0504948	0.0504948	
-0.322774	-0.296043	-0.284441	-0.272332	-0.240716	-0.181306	-0.107733	-0.0364747	0.0380619	0.102846	0.1425	0.156399	0.146596	0.101741	0.0252684	-0.079144	-0.212964	-0.360048	-0.501867	-0.611883	-0.664385	-0.656994	-0.609595	-0.540616	-0.470597	-0.412731	-0.352169	-0.289812	-0.241896	-0.20515	-0.172633	-0.137842	-0.103135	-0.0748625	-0.0570244	-0.034378	0.000276663	0.0255433	0.0330534	0.0221302	-0.00262464	-0.0252025	-0.041025	-0.046895	-0.0348264	-0.013113	0.0128769	0.0371243	0.0472155	0.0472155	
-0.154492	-0.1248	-0.120482	-0.128484	-0.125799	-0.100422	-0.0568125	-0.000728736	0.0636359	0.113203	0.135476	0.127269	0.0958545	0.0252684	-0.0823314	-0.219254	-0.386099	-0.559908	-0.718017	-0.83404	-0.888777	-0.87674	-0.807671	-0.698553	-0.583117	-0.473964	-0.366033	-0.266278	-0.176245	-0.104036	-0.0537114	-0.0073336	0.0352221	0.0700305	0.0929612	0.10671	0.121162	0.117469	0.0914652	0.048582	-0.00482748	-0.0470578	-0.0777344	-0.09461	-0.0848188	-0.0571955	-0.0221087	0.0116944	0.03089	0.03089	
0.0319273	0.0713727	0.0718351	0.0539822	0.0286259	0.0103537	0.0168201	0.0452753	0.0824038	0.112236	0.115047	0.0844623	0.0232936	-0.079144	-0.219254	-0.393499	-0.593888	-0.788943	-0.948582	-1.05947	-1.10996	-1.08354	-0.986859	-0.843754	-0.678871	-0.5157	-0.359843	-0.214296	-0.0829983	0.0240778	0.0992549	0.158759	0.204155	0.234656	0.253939	0.260876	0.249138	0.211453	0.145894	0.0622108	-0.0197022	-0.0884703	-0.133543	-0.154861	-0.147346	-0.116688	-0.0752509	-0.0305188	-0.00988539	-0.00988539	
0.214164	0.259604	0.266344	0.242578	0.19317	0.136691	0.101379	0.0897131	0.0930908	0.0956041	0.0757645	0.0163954	-0.0791777	-0.212964	-0.386099	-0.593888	-0.8173	-1.01462	-1.16396	-1.25925	-1.28995	-1.24437	-1.13234	-0.963135	-0.757139	-0.547973	-0.348486	-0.158084	0.0191505	0.162076	0.263073	0.330752	0.374561	0.408273	0.425921	0.414159	0.37494	0.302976	0.198817	0.0818851	-0.0314289	-0.124302	-0.188349	-0.220305	-0.216641	-0.186263	-0.142651	-0.101979	-0.0779044	-0.0779044	
0.372358	0.422843	0.431864	0.404099	0.337752	0.250824	0.176243	0.125086	0.0924441	0.0643329	0.0120468	-0.0745959	-0.198991	-0.360048	-0.559908	-0.788943	-1.01462	-1.20562	-1.34131	-1.4117	-1.41426	-1.35366	-1.22909	-1.03954	-0.802693	-0.558948	-0.324468	-0.0993018	0.106366	0.278235	0.403517	0.47951	0.529064	0.565596	0.577381	0.552808	0.488085	0.384775	0.252816	0.112858	-0.0258901	-0.14298	-0.226139	-0.27465	-0.28216	-0.259806	-0.224362	-0.192429	-0.172979	-0.172979	
0.491509	0.549707	0.557127	0.522454	0.442746	0.330603	0.225316	0.146954	0.0855375	0.0283858	-0.0529908	-0.16385	-0.313213	-0.501867	-0.718017	-0.948582	-1.16396	-1.34131	-1.45533	-1.49927	-1.4822	-1.41096	-1.27629	-1.07232	-0.817652	-0.546498	-0.28138	-0.0392355	0.179779	0.369688	0.507081	0.586605	0.642301	0.678743	0.68845	0.661454	0.577208	0.453161	0.299946	0.138469	-0.0172243	-0.154725	-0.257542	-0.317812	-0.331376	-0.320098	-0.29635	-0.274741	-0.268082	-0.268082	
0.556263	0.621562	0.633986	0.59445	0.508725	0.383991	0.260227	0.166667	0.0886311	0.00819797	-0.0950245	-0.227368	-0.404492	-0.611883	-0.83404	-1.05947	-1.25925	-1.4117	-1.49927	-1.52378	-1.49726	-1.42022	-1.28133	-1.07724	-0.812614	-0.520758	-0.239694	0.0141112	0.245858	0.441713	0.576537	0.656441	0.712025	0.746498	0.758959	0.724048	0.623847	0.484329	0.317425	0.145339	-0.0234141	-0.172701	-0.287356	-0.354408	-0.370796	-0.356457	-0.332278	-0.322468	-0.314186	-0.314186	
0.556353	0.632831	0.652197	0.624517	0.546381	0.422056	0.297151	0.199153	0.110298	0.0151491	-0.10536	-0.257307	-0.449038	-0.664385	-0.888777	-1.10996	-1.28995	-1.41426	-1.4822	-1.49726	-1.46443	-1.38466	-1.25219	-1.05803	-0.795097	-0.498301	-0.210548	0.0529485	0.288485	0.481498	0.617947	0.699979	0.750931	0.778157	0.781183	0.735084	0.621806	0.471359	0.295977	0.118312	-0.0478171	-0.200997	-0.318324	-0.377434	-0.384985	-0.361169	-0.329579	-0.315955	-0.310896	-0.310896	
0.49855	0.579251	0.613502	0.607838	0.548357	0.442308	0.330797	0.235912	0.139595	0.0330619	-0.0973143	-0.257842	-0.447469	-0.656994	-0.87674	-1.08354	-1.24437	-1.35366	-1.41096	-1.42022	-1.38466	-1.30886	-1.18573	-0.998835	-0.749938	-0.468655	-0.188912	0.0721716	0.300802	0.48586	0.624246	0.706634	0.750991	0.771954	0.761189	0.700399	0.579277	0.41806	0.23888	0.0661965	-0.0914867	-0.231864	-0.334155	-0.381378	-0.373549	-0.334129	-0.295036	-0.272123	-0.26558	-0.26558	
0.401682	0.477414	0.529402	0.543899	0.508406	0.434086	0.347465	0.259386	0.163624	0.0504188	-0.0818771	-0.242474	-0.421553	-0.609595	-0.807671	-0.986859	-1.13234	-1.22909	-1.27629	-1.28133	-1.25219	-1.18573	-1.07011	-0.895635	-0.673156	-0.4219	-0.166187	0.0729529	0.287124	0.459773	0.587636	0.668374	0.711019	0.728952	0.7067	0.633113	0.512155	0.34525	0.168811	0.00779806	-0.140701	-0.260741	-0.341578	-0.370744	-0.343968	-0.288261	-0.237943	-0.206701	-0.194184	-0.194184	
0.281548	0.357866	0.419919	0.451414	0.44003	0.396515	0.334174	0.257352	0.162884	0.0539682	-0.0780089	-0.232335	-0.385291	-0.540616	-0.698553	-0.843754	-0.963135	-1.03954	-1.07232	-1.07724	-1.05803	-0.998835	-0.895635	-0.747096	-0.561844	-0.355737	-0.141957	0.0609993	0.240405	0.392229	0.507438	0.588723	0.634872	0.646254	0.623447	0.556212	0.443645	0.286502	0.116505	-0.0382151	-0.171342	-0.274776	-0.337218	-0.350469	-0.31148	-0.245502	-0.185085	-0.135829	-0.117495	-0.117495	
0.163354	0.245727	0.318273	0.362078	0.367638	0.345578	0.299514	0.229937	0.140396	0.0339783	-0.0929905	-0.230596	-0.354013	-0.470597	-0.583117	-0.678871	-0.757139	-0.802693	-0.817652	-0.812614	-0.795097	-0.749938	-0.673156	-0.561844	-0.424604	-0.284111	-0.132416	0.0247269	0.171592	0.298461	0.397756	0.481177	0.535268	0.553733	0.5397	0.487469	0.393292	0.254194	0.100359	-0.0491768	-0.175261	-0.266962	-0.320213	-0.32454	-0.282908	-0.214876	-0.148098	-0.0907869	-0.0625015	-0.0625015	
0.0707728	0.163326	0.246017	0.297658	0.311738	0.303124	0.263972	0.19598	0.110448	0.0022804	-0.114243	-0.233526	-0.332912	-0.412731	-0.473964	-0.5157	-0.547973	-0.558948	-0.546498	-0.520758	-0.498301	-0.468655	-0.4219	-0.355737	-0.284111	-0.211545	-0.125925	-0.0204587	0.0932425	0.200344	0.300088	0.39186	0.451035	0.480438	0.478249	0.439768	0.370259	0.249477	0.106452	-0.0380574	-0.16056	-0.245552	-0.294779	-0.295631	-0.258965	-0.199729	-0.135044	-0.074882	-0.0414493	-0.0414493	
0.0128293	0.117957	0.202557	0.25679	0.276321	0.271493	0.235746	0.171643	0.084405	-0.0204122	-0.128614	-0.233872	-0.310668	-0.352169	-0.366033	-0.359843	-0.348486	-0.324468	-0.28138	-0.239694	-0.210548	-0.188912	-0.166187	-0.141957	-0.132416	-0.125925	-0.102251	-0.0436243	0.0404415	0.133123	0.236471	0.336168	0.404626	0.440878	0.444111	0.419449	0.365578	0.2595	0.122317	-0.0191926	-0.138655	-0.224061	-0.266732	-0.270163	-0.244954	-0.196499	-0.142249	-0.0809347	-0.045426	-0.045426	
-0.00591721	0.1104	0.198279	0.247279	0.267432	0.259245	0.222719	0.162074	0.0736191	-0.0310636	-0.133474	-0.226727	-0.282551	-0.289812	-0.266278	-0.214296	-0.158084	-0.0993018	-0.0392355	0.0141112	0.0529485	0.0721716	0.0729529	0.0609993	0.0247269	-0.0204587	-0.0436243	-0.0264338	0.0371134	0.121138	0.222187	0.326069	0.401263	0.441948	0.452599	0.432945	0.381596	0.281236	0.139848	-0.00477373	-0.132294	-0.222507	-0.263532	-0.266249	-0.243458	-0.19978	-0.146151	-0.091542	-0.0501031	-0.0501031	
0.0110004	0.134889	0.2218	0.267932	0.279877	0.264896	0.227385	0.16365	0.0698534	-0.0334127	-0.138903	-0.219689	-0.2591	-0.241896	-0.176245	-0.0829983	0.0191505	0.106366	0.179779	0.245858	0.288485	0.300802	0.287124	0.240405	0.171592	0.0932425	0.0404415	0.0371134	0.0754484	0.156894	0.263324	0.36702	0.446821	0.484434	0.493916	0.480571	0.428045	0.322624	0.172625	0.0114956	-0.132099	-0.230284	-0.277454	-0.280311	-0.253173	-0.211354	-0.15582	-0.0983486	-0.0566786	-0.0566786	
0.0437675	0.168689	0.252298	0.293583	0.295646	0.272867	0.229731	0.159468	0.0633466	-0.0414907	-0.147508	-0.221407	-0.246093	-0.20515	-0.104036	0.0240778	0.162076	0.278235	0.369688	0.441713	0.481498	0.48586	0.459773	0.392229	0.298461	0.200344	0.133123	0.121138	0.156894	0.238963	0.34565	0.448335	0.526063	0.563723	0.572576	0.560223	0.497773	0.381753	0.226526	0.0475099	-0.109653	-0.22113	-0.282257	-0.289045	-0.26241	-0.223534	-0.171202	-0.113723	-0.079463	-0.079463	
0.0671581	0.178542	0.258949	0.288733	0.281771	0.255161	0.204065	0.132325	0.0443334	-0.0618741	-0.160011	-0.223678	-0.234114	-0.172633	-0.0537114	0.0992549	0.263073	0.403517	0.507081	0.576537	0.617947	0.624246	0.587636	0.507438	0.397756	0.300088	0.236471	0.222187	0.263324	0.34565	0.452809	0.554191	0.624256	0.659959	0.668058	0.647982	0.581075	0.46039	0.29514	0.108756	-0.0568555	-0.184574	-0.255406	-0.268765	-0.253149	-0.216984	-0.175206	-0.136018	-0.107235	-0.107235	
0.0556302	0.148946	0.218497	0.239198	0.228906	0.196446	0.144302	0.0784404	0.00104085	-0.0929606	-0.174187	-0.218832	-0.212609	-0.137842	-0.0073336	0.158759	0.330752	0.47951	0.586605	0.656441	0.699979	0.706634	0.668374	0.588723	0.481177	0.39186	0.336168	0.326069	0.36702	0.448335	0.554191	0.648588	0.717189	0.75353	0.764559	0.743994	0.672147	0.548472	0.379329	0.192341	0.0213068	-0.116625	-0.196692	-0.219407	-0.214005	-0.185982	-0.154603	-0.133706	-0.114236	-0.114236	
-0.000771136	0.0779429	0.135521	0.152072	0.138161	0.10152	0.0514118	-0.00297287	-0.0634005	-0.133975	-0.189803	-0.213019	-0.188729	-0.103135	0.0352221	0.204155	0.374561	0.529064	0.642301	0.712025	0.750931	0.750991	0.711019	0.634872	0.535268	0.451035	0.404626	0.401263	0.446821	0.526063	0.624256	0.717189	0.787168	0.833833	0.857946	0.847958	0.777769	0.654497	0.488079	0.298669	0.120807	-0.0240637	-0.115654	-0.151168	-0.149771	-0.131073	-0.110655	-0.101536	-0.0956096	-0.0956096	
-0.097823	-0.0315515	0.0201436	0.0387547	0.0193242	-0.021154	-0.0702001	-0.11779	-0.159287	-0.20409	-0.230957	-0.222723	-0.175792	-0.0748625	0.0700305	0.234656	0.408273	0.565596	0.678743	0.746498	0.778157	0.771954	0.728952	0.646254	0.553733	0.480438	0.440878	0.441948	0.484434	0.563723	0.659959	0.75353	0.833833	0.906232	0.950376	0.951972	0.895186	0.777212	0.614023	0.424566	0.240686	0.0880797	-0.0165243	-0.0677834	-0.0762817	-0.0685739	-0.0584545	-0.0572424	-0.0610521	-0.0610521	
-0.229075	-0.173382	-0.123585	-0.107263	-0.128482	-0.172981	-0.220043	-0.257856	-0.280709	-0.295973	-0.28479	-0.244749	-0.169066	-0.0570244	0.0929612	0.253939	0.425921	0.577381	0.68845	0.758959	0.781183	0.761189	0.7067	0.623447	0.5397	0.478249	0.444111	0.452599	0.493916	0.572576	0.668058	0.764559	0.857946	0.950376	1.02085	1.04027	1.00082	0.891901	0.737127	0.558095	0.373014	0.215455	0.101935	0.0339522	0.00603325	-0.00144991	-0.00579383	-0.0174275	-0.0290205	-0.0290205	
-0.369821	-0.328644	-0.289113	-0.276505	-0.297269	-0.338785	-0.375376	-0.394001	-0.395608	-0.373243	-0.3238	-0.256097	-0.154163	-0.034378	0.10671	0.260876	0.414159	0.552808	0.661454	0.724048	0.735084	0.700399	0.633113	0.556212	0.487469	0.439768	0.419449	0.432945	0.480571	0.560223	0.647982	0.743994	0.847958	0.951972	1.04027	1.08093	1.05837	0.971554	0.836577	0.669417	0.495519	0.346628	0.230912	0.151394	0.105817	0.0786196	0.0574228	0.0328684	0.0163631	0.0163631	
-0.487957	-0.46909	-0.446059	-0.437769	-0.457792	-0.48543	-0.504327	-0.501957	-0.473423	-0.417568	-0.336427	-0.238047	-0.121521	0.000276663	0.121162	0.249138	0.37494	0.488085	0.577208	0.623847	0.621806	0.579277	0.512155	0.443645	0.393292	0.370259	0.365578	0.381596	0.428045	0.497773	0.581075	0.672147	0.777769	0.895186	1.00082	1.05837	1.0538	0.992565	0.881971	0.742408	0.59629	0.468233	0.358234	0.278253	0.220369	0.174717	0.1504	0.121155	0.105709	0.105709	
-0.557359	-0.564494	-0.564583	-0.567244	-0.584293	-0.595843	-0.588012	-0.558891	-0.4986	-0.411787	-0.309299	-0.194135	-0.0771565	0.0255433	0.117469	0.211453	0.302976	0.384775	0.453161	0.484329	0.471359	0.41806	0.34525	0.286502	0.254194	0.249477	0.2595	0.281236	0.322624	0.381753	0.46039	0.548472	0.654497	0.777212	0.891901	0.971554	0.992565	0.9622	0.882541	0.772974	0.660773	0.557308	0.473831	0.404387	0.343459	0.300696	0.27178	0.24704	0.237062	0.237062	
-0.565845	-0.601918	-0.627917	-0.648397	-0.658673	-0.659262	-0.628786	-0.575365	-0.493116	-0.384917	-0.272973	-0.152178	-0.0466031	0.0330534	0.0914652	0.145894	0.198817	0.252816	0.299946	0.317425	0.295977	0.23888	0.168811	0.116505	0.100359	0.106452	0.122317	0.139848	0.172625	0.226526	0.29514	0.379329	0.488079	0.614023	0.737127	0.836577	0.881971	0.882541	0.838435	0.763619	0.691714	0.621776	0.567811	0.515639	0.461265	0.426138	0.402326	0.394039	0.392151	0.392151	
-0.520735	-0.589701	-0.635374	-0.671495	-0.681352	-0.670164	-0.630921	-0.561427	-0.466526	-0.352475	-0.239071	-0.121702	-0.0324575	0.0221302	0.048582	0.0622108	0.0818851	0.112858	0.138469	0.145339	0.118312	0.0661965	0.00779806	-0.0382151	-0.0491768	-0.0380574	-0.0191926	-0.00477373	0.0114956	0.0475099	0.108756	0.192341	0.298669	0.424566	0.558095	0.669417	0.742408	0.772974	0.763619	0.736422	0.702396	0.671953	0.64373	0.603976	0.560148	0.525254	0.508822	0.513312	0.517739	0.517739	
-0.422448	-0.517931	-0.583166	-0.62442	-0.636833	-0.618969	-0.577304	-0.504151	-0.413476	-0.307679	-0.20328	-0.103444	-0.0312059	-0.00262464	-0.00482748	-0.0197022	-0.0314289	-0.0258901	-0.0172243	-0.0234141	-0.0478171	-0.0914867	-0.140701	-0.171342	-0.175261	-0.16056	-0.138655	-0.132294	-0.132099	-0.109653	-0.0568555	0.0213068	0.120807	0.240686	0.373014	0.495519	0.59629	0.660773	0.691714	0.702396	0.698754	0.700492	0.691781	0.658969	0.621285	0.583009	0.562466	0.571134	0.576731	0.576731	
-0.285352	-0.397281	-0.472697	-0.514292	-0.52279	-0.502725	-0.464444	-0.403593	-0.327859	-0.246734	-0.161896	-0.0855395	-0.0353883	-0.0252025	-0.0470578	-0.0884703	-0.124302	-0.14298	-0.154725	-0.172701	-0.200997	-0.231864	-0.260741	-0.274776	-0.266962	-0.245552	-0.224061	-0.222507	-0.230284	-0.22113	-0.184574	-0.116625	-0.0240637	0.0880797	0.215455	0.346628	0.468233	0.557308	0.621776	0.671953	0.700492	0.717673	0.713681	0.677341	0.627597	0.577353	0.548913	0.553545	0.556597	0.556597	
-0.115858	-0.242045	-0.324936	-0.364732	-0.368597	-0.349435	-0.314887	-0.270583	-0.2195	-0.165287	-0.108815	-0.0623939	-0.0328059	-0.041025	-0.0777344	-0.133543	-0.188349	-0.226139	-0.257542	-0.287356	-0.318324	-0.334155	-0.341578	-0.337218	-0.320213	-0.294779	-0.266732	-0.263532	-0.277454	-0.282257	-0.255406	-0.196692	-0.115654	-0.0165243	0.101935	0.230912	0.358234	0.473831	0.567811	0.64373	0.691781	0.713681	0.70393	0.652143	0.587424	0.524242	0.480211	0.47226	0.471491	0.471491	
0.0705181	-0.0692526	-0.162057	-0.204539	-0.211826	-0.196112	-0.168302	-0.140891	-0.112931	-0.0813311	-0.052748	-0.0310756	-0.0248277	-0.046895	-0.09461	-0.154861	-0.220305	-0.27465	-0.317812	-0.354408	-0.377434	-0.381378	-0.370744	-0.350469	-0.32454	-0.295631	-0.270163	-0.266249	-0.280311	-0.289045	-0.268765	-0.219407	-0.151168	-0.0677834	0.0339522	0.151394	0.278253	0.404387	0.515639	0.603976	0.658969	0.677341	0.652143	0.592892	0.517708	0.442359	0.391319	0.367142	0.359891	0.359891	
0.24779	0.0976963	-0.0115593	-0.0654576	-0.0823975	-0.0746734	-0.0571443	-0.0441053	-0.0331556	-0.0149918	-0.00364644	0.00288873	-0.00611799	-0.0348264	-0.0848188	-0.147346	-0.216641	-0.28216	-0.331376	-0.370796	-0.384985	-0.373549	-0.343968	-0.31148	-0.282908	-0.258965	-0.244954	-0.243458	-0.253173	-0.26241	-0.253149	-0.214005	-0.149771	-0.0762817	0.00603325	0.105817	0.220369	0.343459	0.461265	0.560148	0.621285	0.627597	0.587424	0.517708	0.430065	0.351859	0.297554	0.262154	0.251049	0.251049	
0.410153	0.248891	0.116465	0.0417753	0.00956942	0.00270503	0.00879178	0.00955391	0.00945836	0.0214456	0.0273615	0.0291609	0.0163041	-0.013113	-0.0571955	-0.116688	-0.186263	-0.259806	-0.320098	-0.356457	-0.361169	-0.334129	-0.288261	-0.245502	-0.214876	-0.199729	-0.196499	-0.19978	-0.211354	-0.223534	-0.216984	-0.185982	-0.131073	-0.0685739	-0.00144991	0.0786196	0.174717	0.300696	0.426138	0.525254	0.583009	0.577353	0.524242	0.442359	0.351859	0.276013	0.214775	0.170572	0.153679	0.153679	
0.536723	0.360212	0.21043	0.111422	0.0618023	0.043518	0.0346374	0.0254748	0.0228277	0.0300248	0.0414228	0.0474612	0.0344886	0.0128769	-0.0221087	-0.0752509	-0.142651	-0.224362	-0.29635	-0.332278	-0.329579	-0.295036	-0.237943	-0.185085	-0.148098	-0.135044	-0.142249	-0.146151	-0.15582	-0.171202	-0.175206	-0.154603	-0.110655	-0.0584545	-0.00579383	0.0574228	0.1504	0.27178	0.402326	0.508822	0.562466	0.548913	0.480211	0.391319	0.297554	0.214775	0.148506	0.0924288	0.0643695	0.0643695	
0.618262	0.426588	0.256029	0.137621	0.0775662	0.0509798	0.032162	0.0199841	0.0122178	0.0182315	0.0398543	0.0479192	0.0466232	0.0371243	0.0116944	-0.0305188	-0.101979	-0.192429	-0.274741	-0.322468	-0.315955	-0.272123	-0.206701	-0.135829	-0.0907869	-0.074882	-0.0809347	-0.091542	-0.0983486	-0.113723	-0.136018	-0.133706	-0.101536	-0.0572424	-0.0174275	0.0328684	0.121155	0.24704	0.394039	0.513312	0.571134	0.553545	0.47226	0.367142	0.262154	0.170572	0.0924288	0.0282037	-0.00815965	-0.00815965	
0.654002	0.454719	0.274557	0.144966	0.0783936	0.048124	0.0252513	0.0084859	0.00476635	0.00757033	0.0353815	0.0494225	0.0504948	0.0472155	0.03089	-0.00988539	-0.0779044	-0.172979	-0.268082	-0.314186	-0.310896	-0.26558	-0.194184	-0.117495	-0.0625015	-0.0414493	-0.045426	-0.0501031	-0.0566786	-0.079463	-0.107235	-0.114236	-0.0956096	-0.0610521	-0.0290205	0.0163631	0.105709	0.237062	0.392151	0.517739	0.576731	0.556597	0.471491	0.359891	0.251049	0.153679	0.0643695	-0.00815965	-0.053211	-0.053211	
0.654002	0.454719	0.274557	0.144966	0.0783936	0.048124	0.0252513	0.0084859	0.00476635	0.00757033	0.0353815	0.0494225	0.0504948	0.0472155	0.03089	-0.00988539	-0.0779044	-0.172979	-0.268082	-0.314186	-0.310896	-0.26558	-0.194184	-0.117495	-0.0625015	-0.0414493	-0.045426	-0.0501031	-0.0566786	-0.079463	-0.107235	-0.114236	-0.0956096	-0.0610521	-0.0290205	0.0163631	0.105709	0.237062	0.392151	0.517739	0.576731	0.556597	0.471491	0.359891	0.251049	0.153679	0.0643695	-0.00815965	-0.053211	-0.053211	
