-0.0230366	-0.0230366	0.0437221	0.158587	0.280103	0.384762	0.451541	0.490328	0.516921	0.538261	0.554206	0.541594	0.495463	0.422247	0.350051	0.305382	0.297748	0.317736	0.35583	0.395975	0.432419	0.446659	0.430921	0.398401	0.368055	0.358685	0.354056	0.328623	0.279831	0.218801	0.16206	0.117665	0.0664751	0.0164619	-0.0404698	-0.104584	-0.163295	-0.208628	-0.245153	-0.281877	-0.330195	-0.361915	-0.370242	-0.368287	-0.367409	-0.345046	-0.290653	-0.203944	-0.0908983	0.0520997	
-0.0230366	-0.0230366	0.0437221	0.158587	0.280103	0.384762	0.451541	0.490328	0.516921	0.538261	0.554206	0.541594	0.495463	0.422247	0.350051	0.305382	0.297748	0.317736	0.35583	0.395975	0.432419	0.446659	0.430921	0.398401	0.368055	0.358685	0.354056	0.328623	0.279831	0.218801	0.16206	0.117665	0.0664751	0.0164619	-0.0404698	-0.104584	-0.163295	-0.208628	-0.245153	-0.281877	-0.330195	-0.361915	-0.370242	-0.368287	-0.367409	-0.345046	-0.290653	-0.203944	-0.0908983	0.0520997	
0.0437221	0.0437221	0.109107	0.21911	0.337148	0.435794	0.497552	0.531384	0.550909	0.566996	0.575195	0.556513	0.505076	0.426207	0.350393	0.300994	0.289973	0.307401	0.344621	0.385024	0.423547	0.441455	0.430712	0.404982	0.382166	0.379678	0.383368	0.368541	0.328831	0.280032	0.233234	0.196795	0.154405	0.112808	0.0611087	0.00462755	-0.049026	-0.091251	-0.12663	-0.161708	-0.209417	-0.240482	-0.252055	-0.253414	-0.254377	-0.233235	-0.183985	-0.102544	0.00634082	0.145984	
0.158587	0.158587	0.21911	0.323155	0.430623	0.520168	0.571908	0.594479	0.604742	0.607562	0.60528	0.576088	0.51523	0.43101	0.347592	0.293244	0.275601	0.289169	0.322527	0.363466	0.40292	0.425846	0.424723	0.410423	0.401013	0.41303	0.430918	0.431245	0.412189	0.379384	0.350904	0.331946	0.306259	0.277718	0.242478	0.195855	0.151601	0.116158	0.086735	0.0526332	0.00832345	-0.0258756	-0.0390982	-0.0441199	-0.0497795	-0.0384196	0.00553589	0.0799836	0.179905	0.307818	
0.280103	0.280103	0.337148	0.430623	0.530173	0.607635	0.649809	0.663542	0.660949	0.654159	0.637411	0.597011	0.526981	0.432697	0.343147	0.278913	0.253733	0.260298	0.289811	0.329347	0.370394	0.398631	0.40648	0.404138	0.409348	0.433677	0.467026	0.488892	0.489731	0.483392	0.478265	0.47822	0.474339	0.466642	0.44697	0.420479	0.391262	0.366158	0.343579	0.316185	0.276194	0.245418	0.226788	0.215076	0.205447	0.214126	0.245885	0.30686	0.395303	0.513816	
0.384762	0.384762	0.435794	0.520168	0.607635	0.6739	0.7065	0.709738	0.698681	0.67992	0.652618	0.603475	0.525386	0.428772	0.332786	0.264539	0.230677	0.231321	0.253869	0.290245	0.328723	0.358726	0.373416	0.381948	0.398832	0.435785	0.482383	0.519976	0.543902	0.55872	0.576017	0.598618	0.617971	0.6311	0.636001	0.629191	0.618654	0.609272	0.598492	0.57825	0.549443	0.520621	0.502489	0.488285	0.475321	0.472066	0.496112	0.546298	0.621429	0.721893	
0.451541	0.451541	0.497552	0.571908	0.649809	0.7065	0.732291	0.730806	0.713228	0.688964	0.65364	0.598865	0.518257	0.418661	0.322584	0.247609	0.208138	0.200415	0.21598	0.247609	0.281383	0.310166	0.328744	0.34123	0.365896	0.406266	0.457874	0.507118	0.545721	0.579323	0.616716	0.655971	0.697109	0.730571	0.756568	0.773523	0.784033	0.791628	0.798073	0.793088	0.777529	0.759204	0.743918	0.729594	0.717257	0.715407	0.730499	0.767939	0.830213	0.919545	
0.490328	0.490328	0.531384	0.594479	0.663542	0.709738	0.730806	0.725073	0.703725	0.675711	0.634511	0.57818	0.496351	0.401344	0.305223	0.231345	0.185485	0.172272	0.180995	0.205083	0.232451	0.256413	0.271951	0.286452	0.310765	0.348539	0.398929	0.450611	0.495961	0.541556	0.588735	0.638564	0.69268	0.742564	0.786502	0.824964	0.857692	0.887249	0.908317	0.918853	0.925418	0.923439	0.918427	0.911271	0.907485	0.90594	0.920841	0.953528	1.00906	1.08626	
0.516921	0.516921	0.550909	0.604742	0.660949	0.698681	0.713228	0.703725	0.679832	0.647415	0.60244	0.544128	0.46437	0.372933	0.28249	0.206414	0.158247	0.137189	0.137124	0.154198	0.171868	0.188121	0.201706	0.211942	0.233996	0.264361	0.304615	0.348996	0.394487	0.439378	0.489345	0.541756	0.603752	0.659334	0.717168	0.770201	0.818279	0.86308	0.905817	0.937833	0.965903	0.982979	0.994855	1.00336	1.01386	1.02688	1.04934	1.08426	1.13855	1.21385	
0.538261	0.538261	0.566996	0.607562	0.654159	0.67992	0.688964	0.675711	0.647415	0.611625	0.560255	0.499423	0.419042	0.332151	0.243086	0.168659	0.114715	0.0867663	0.0802279	0.08738	0.0974049	0.106029	0.111977	0.118351	0.133604	0.150723	0.178029	0.212918	0.249645	0.293262	0.338136	0.383318	0.439124	0.495389	0.55379	0.61555	0.676915	0.73755	0.788718	0.83468	0.886721	0.930038	0.962383	0.989328	1.02285	1.05677	1.09618	1.14328	1.20876	1.29132	
0.554206	0.554206	0.575195	0.60528	0.637411	0.652618	0.65364	0.634511	0.60244	0.560255	0.503248	0.438913	0.359081	0.276493	0.193171	0.118587	0.0619486	0.0259404	0.00922051	0.00687168	0.00569093	0.00440152	0.00535477	0.0076045	0.0173572	0.025499	0.0382664	0.0574747	0.0849051	0.117881	0.151529	0.187281	0.235361	0.282111	0.337879	0.397754	0.458035	0.520257	0.580378	0.64005	0.708451	0.76859	0.820446	0.870245	0.927785	0.987408	1.05126	1.11956	1.20261	1.30074	
0.541594	0.541594	0.556513	0.576088	0.597011	0.603475	0.598865	0.57818	0.544128	0.499423	0.438913	0.371723	0.293617	0.215271	0.136747	0.0636589	0.00377472	-0.039799	-0.0635157	-0.0756815	-0.0846646	-0.0943408	-0.0993696	-0.102305	-0.0984303	-0.10272	-0.104743	-0.0984672	-0.0815164	-0.0558824	-0.03109	-0.00910262	0.0228348	0.0566048	0.0999357	0.151864	0.209335	0.270308	0.324899	0.383698	0.459106	0.535051	0.601671	0.667316	0.745465	0.83253	0.921698	1.01404	1.12187	1.24422	
0.495463	0.495463	0.505076	0.51523	0.526981	0.525386	0.518257	0.496351	0.46437	0.419042	0.359081	0.293617	0.221219	0.15419	0.0857538	0.0218892	-0.0365508	-0.0827932	-0.112696	-0.133239	-0.151563	-0.168857	-0.18124	-0.185733	-0.18675	-0.198254	-0.212652	-0.21991	-0.215018	-0.198491	-0.185962	-0.175496	-0.157658	-0.13646	-0.105877	-0.0666947	-0.0214553	0.028255	0.0730184	0.12583	0.200548	0.27762	0.348988	0.422168	0.514624	0.619798	0.731037	0.846495	0.977541	1.12387	
0.422247	0.422247	0.426207	0.43101	0.432697	0.428772	0.418661	0.401344	0.372933	0.332151	0.276493	0.215271	0.15419	0.0981096	0.0471452	-0.00685601	-0.0573034	-0.102148	-0.133848	-0.157812	-0.179132	-0.202974	-0.216392	-0.224194	-0.229256	-0.247645	-0.274849	-0.296475	-0.300201	-0.292824	-0.288636	-0.28919	-0.285315	-0.279625	-0.263633	-0.236726	-0.203143	-0.166776	-0.136092	-0.0939978	-0.0324017	0.0398635	0.107416	0.181361	0.274622	0.390673	0.514562	0.646172	0.796265	0.963518	
0.350051	0.350051	0.350393	0.347592	0.343147	0.332786	0.322584	0.305223	0.28249	0.243086	0.193171	0.136747	0.0857538	0.0471452	0.011907	-0.0222618	-0.0618079	-0.0990305	-0.126927	-0.149762	-0.172995	-0.194679	-0.211286	-0.216093	-0.221238	-0.243569	-0.279925	-0.311257	-0.327187	-0.328399	-0.332262	-0.343352	-0.354382	-0.360186	-0.356704	-0.34535	-0.322961	-0.298311	-0.281109	-0.258318	-0.208627	-0.146601	-0.0867855	-0.0249558	0.0634683	0.178061	0.305424	0.444312	0.603708	0.784916	
0.305382	0.305382	0.300994	0.293244	0.278913	0.264539	0.247609	0.231345	0.206414	0.168659	0.118587	0.0636589	0.0218892	-0.00685601	-0.0222618	-0.040868	-0.0663022	-0.0925416	-0.115683	-0.13409	-0.151678	-0.172762	-0.182069	-0.181523	-0.182969	-0.201354	-0.241367	-0.281753	-0.304167	-0.313405	-0.325274	-0.345438	-0.367168	-0.385241	-0.39654	-0.395006	-0.384856	-0.376578	-0.373778	-0.358857	-0.325462	-0.277864	-0.232103	-0.179484	-0.10369	0.00221649	0.124423	0.261266	0.421722	0.604764	
0.297748	0.297748	0.289973	0.275601	0.253733	0.230677	0.208138	0.185485	0.158247	0.114715	0.0619486	0.00377472	-0.0365508	-0.0573034	-0.0618079	-0.0663022	-0.0800927	-0.0982978	-0.115767	-0.127805	-0.142211	-0.153217	-0.156491	-0.145565	-0.137004	-0.148435	-0.186604	-0.227037	-0.253137	-0.265514	-0.277943	-0.303034	-0.334861	-0.365073	-0.387717	-0.401491	-0.402826	-0.40396	-0.409047	-0.414584	-0.397389	-0.361224	-0.32423	-0.286375	-0.224035	-0.131322	-0.0205546	0.109089	0.262121	0.440584	
0.317736	0.317736	0.307401	0.289169	0.260298	0.231321	0.200415	0.172272	0.137189	0.0867663	0.0259404	-0.039799	-0.0827932	-0.102148	-0.0990305	-0.0925416	-0.0982978	-0.108487	-0.124036	-0.134198	-0.145359	-0.15392	-0.149539	-0.129326	-0.109359	-0.106982	-0.134884	-0.169763	-0.19193	-0.203564	-0.21344	-0.239699	-0.27426	-0.308824	-0.34049	-0.362925	-0.373923	-0.391666	-0.411283	-0.426196	-0.420051	-0.399926	-0.376725	-0.350697	-0.301487	-0.224389	-0.124631	-0.00674747	0.133625	0.297433	
0.35583	0.35583	0.344621	0.322527	0.289811	0.253869	0.21598	0.180995	0.137124	0.0802279	0.00922051	-0.0635157	-0.112696	-0.133848	-0.126927	-0.115683	-0.115767	-0.124036	-0.140895	-0.152524	-0.165141	-0.171225	-0.162726	-0.135274	-0.10549	-0.0922096	-0.109953	-0.136329	-0.153235	-0.156313	-0.15663	-0.173997	-0.202994	-0.238179	-0.275376	-0.302374	-0.323096	-0.347385	-0.372186	-0.400562	-0.413662	-0.40786	-0.396364	-0.380842	-0.34355	-0.281912	-0.197903	-0.0923779	0.0365503	0.185633	
0.395975	0.395975	0.385024	0.363466	0.329347	0.290245	0.247609	0.205083	0.154198	0.08738	0.00687168	-0.0756815	-0.133239	-0.157812	-0.149762	-0.13409	-0.127805	-0.134198	-0.152524	-0.168212	-0.187105	-0.196831	-0.19033	-0.16323	-0.128292	-0.106507	-0.113955	-0.131167	-0.139528	-0.137598	-0.126972	-0.134189	-0.152742	-0.180942	-0.209619	-0.23487	-0.255174	-0.284707	-0.315315	-0.353274	-0.373951	-0.38236	-0.383608	-0.3801	-0.35779	-0.312693	-0.24045	-0.145072	-0.0320467	0.0990975	
0.432419	0.432419	0.423547	0.40292	0.370394	0.328723	0.281383	0.232451	0.171868	0.0974049	0.00569093	-0.0846646	-0.151563	-0.179132	-0.172995	-0.151678	-0.142211	-0.145359	-0.165141	-0.187105	-0.210516	-0.225764	-0.22287	-0.197137	-0.162122	-0.137583	-0.139063	-0.151423	-0.158464	-0.150392	-0.131933	-0.126936	-0.131894	-0.147186	-0.170361	-0.186197	-0.201984	-0.225989	-0.254105	-0.290061	-0.317464	-0.338447	-0.352372	-0.35904	-0.345348	-0.316391	-0.261164	-0.183094	-0.0808114	0.0361266	
0.446659	0.446659	0.441455	0.425846	0.398631	0.358726	0.310166	0.256413	0.188121	0.106029	0.00440152	-0.0943408	-0.168857	-0.202974	-0.194679	-0.172762	-0.153217	-0.15392	-0.171225	-0.196831	-0.225764	-0.247047	-0.248019	-0.228599	-0.194777	-0.170097	-0.167888	-0.176848	-0.18304	-0.175511	-0.155328	-0.142907	-0.137277	-0.14437	-0.155053	-0.158899	-0.167508	-0.182007	-0.200941	-0.229846	-0.257143	-0.280011	-0.299851	-0.30979	-0.310079	-0.296185	-0.257954	-0.191107	-0.105726	-0.00761524	
0.430921	0.430921	0.430712	0.424723	0.40648	0.373416	0.328744	0.271951	0.201706	0.111977	0.00535477	-0.0993696	-0.18124	-0.216392	-0.211286	-0.182069	-0.156491	-0.149539	-0.162726	-0.19033	-0.22287	-0.248019	-0.255529	-0.238748	-0.210667	-0.186873	-0.182349	-0.190246	-0.197368	-0.192669	-0.175266	-0.159019	-0.148534	-0.148749	-0.15163	-0.150024	-0.149055	-0.151768	-0.161969	-0.179379	-0.193609	-0.214224	-0.234585	-0.246281	-0.246982	-0.241453	-0.216856	-0.168762	-0.0998776	-0.018229	
0.398401	0.398401	0.404982	0.410423	0.404138	0.381948	0.34123	0.286452	0.211942	0.118351	0.0076045	-0.102305	-0.185733	-0.224194	-0.216093	-0.181523	-0.145565	-0.129326	-0.135274	-0.16323	-0.197137	-0.228599	-0.238748	-0.229345	-0.204054	-0.183576	-0.178054	-0.183355	-0.192804	-0.193192	-0.180733	-0.166256	-0.153475	-0.148822	-0.149465	-0.142326	-0.137236	-0.134823	-0.136574	-0.13685	-0.142469	-0.154492	-0.168058	-0.170374	-0.167765	-0.161681	-0.146465	-0.108537	-0.051403	0.0136065	
0.368055	0.368055	0.382166	0.401013	0.409348	0.398832	0.365896	0.310765	0.233996	0.133604	0.0173572	-0.0984303	-0.18675	-0.229256	-0.221238	-0.182969	-0.137004	-0.109359	-0.10549	-0.128292	-0.162122	-0.194777	-0.210667	-0.204054	-0.187692	-0.170986	-0.165963	-0.171894	-0.181528	-0.185001	-0.181791	-0.168215	-0.155937	-0.152241	-0.149786	-0.142602	-0.136176	-0.1283	-0.124688	-0.117468	-0.110918	-0.111198	-0.116278	-0.107554	-0.0925948	-0.0771938	-0.0594204	-0.0208556	0.0305331	0.0862443	
0.358685	0.358685	0.379678	0.41303	0.433677	0.435785	0.406266	0.348539	0.264361	0.150723	0.025499	-0.10272	-0.198254	-0.247645	-0.243569	-0.201354	-0.148435	-0.106982	-0.0922096	-0.106507	-0.137583	-0.170097	-0.186873	-0.183576	-0.170986	-0.156622	-0.153294	-0.156747	-0.165509	-0.177128	-0.179689	-0.173235	-0.165523	-0.159225	-0.155465	-0.15153	-0.141643	-0.136806	-0.132614	-0.117937	-0.102005	-0.0955119	-0.0913406	-0.0751121	-0.0468554	-0.0142642	0.014958	0.0572709	0.113198	0.173277	
0.354056	0.354056	0.383368	0.430918	0.467026	0.482383	0.457874	0.398929	0.304615	0.178029	0.0382664	-0.104743	-0.212652	-0.274849	-0.279925	-0.241367	-0.186604	-0.134884	-0.109953	-0.113955	-0.139063	-0.167888	-0.182349	-0.178054	-0.165963	-0.153294	-0.148039	-0.148626	-0.155203	-0.168349	-0.178032	-0.179511	-0.174949	-0.170782	-0.170611	-0.168003	-0.160493	-0.159164	-0.153366	-0.136924	-0.117351	-0.104716	-0.0963151	-0.074222	-0.0317378	0.0124154	0.0519615	0.108019	0.179569	0.248666	
0.328623	0.328623	0.368541	0.431245	0.488892	0.519976	0.507118	0.450611	0.348996	0.212918	0.0574747	-0.0984672	-0.21991	-0.296475	-0.311257	-0.281753	-0.227037	-0.169763	-0.136329	-0.131167	-0.151423	-0.176848	-0.190246	-0.183355	-0.171894	-0.156747	-0.148626	-0.141604	-0.140323	-0.150049	-0.163243	-0.170149	-0.172491	-0.170909	-0.173596	-0.174405	-0.170802	-0.174201	-0.172526	-0.159009	-0.13788	-0.120497	-0.109147	-0.0863429	-0.0413081	0.0139478	0.0684305	0.134684	0.213342	0.296987	
0.279831	0.279831	0.328831	0.412189	0.489731	0.543902	0.545721	0.495961	0.394487	0.249645	0.0849051	-0.0815164	-0.215018	-0.300201	-0.327187	-0.304167	-0.253137	-0.19193	-0.153235	-0.139528	-0.158464	-0.18304	-0.197368	-0.192804	-0.181528	-0.165509	-0.155203	-0.140323	-0.12733	-0.132289	-0.140897	-0.151323	-0.155476	-0.15397	-0.156961	-0.161541	-0.162319	-0.174155	-0.177406	-0.171162	-0.150472	-0.13306	-0.121374	-0.101685	-0.0507215	0.00972357	0.0713922	0.142961	0.235744	0.332794	
0.218801	0.218801	0.280032	0.379384	0.483392	0.55872	0.579323	0.541556	0.439378	0.293262	0.117881	-0.0558824	-0.198491	-0.292824	-0.328399	-0.313405	-0.265514	-0.203564	-0.156313	-0.137598	-0.150392	-0.175511	-0.192669	-0.193192	-0.185001	-0.177128	-0.168349	-0.150049	-0.132289	-0.124958	-0.12658	-0.136676	-0.137738	-0.132109	-0.13591	-0.1361	-0.140373	-0.155547	-0.165676	-0.166189	-0.15185	-0.135302	-0.1268	-0.107778	-0.0596398	0.00326935	0.0742997	0.156965	0.256427	0.362055	
0.16206	0.16206	0.233234	0.350904	0.478265	0.576017	0.616716	0.588735	0.489345	0.338136	0.151529	-0.03109	-0.185962	-0.288636	-0.332262	-0.325274	-0.277943	-0.21344	-0.15663	-0.126972	-0.131933	-0.155328	-0.175266	-0.180733	-0.181791	-0.179689	-0.178032	-0.163243	-0.140897	-0.12658	-0.126971	-0.133259	-0.133757	-0.126978	-0.121759	-0.112903	-0.116284	-0.127341	-0.139761	-0.147078	-0.139248	-0.126401	-0.120131	-0.103739	-0.0618779	0.00130508	0.0801273	0.169881	0.276606	0.395292	
0.117665	0.117665	0.196795	0.331946	0.47822	0.598618	0.655971	0.638564	0.541756	0.383318	0.187281	-0.00910262	-0.175496	-0.28919	-0.343352	-0.345438	-0.303034	-0.239699	-0.173997	-0.134189	-0.126936	-0.142907	-0.159019	-0.166256	-0.168215	-0.173235	-0.179511	-0.170149	-0.151323	-0.136676	-0.133259	-0.142491	-0.145456	-0.136526	-0.125444	-0.110817	-0.106354	-0.110044	-0.122361	-0.128454	-0.120769	-0.107404	-0.104366	-0.0923255	-0.0582904	0.00454368	0.0850947	0.182069	0.298955	0.428635	
0.0664751	0.0664751	0.154405	0.306259	0.474339	0.617971	0.697109	0.69268	0.603752	0.439124	0.235361	0.0228348	-0.157658	-0.285315	-0.354382	-0.367168	-0.334861	-0.27426	-0.202994	-0.152742	-0.131894	-0.137277	-0.148534	-0.153475	-0.155937	-0.165523	-0.174949	-0.172491	-0.155476	-0.137738	-0.133757	-0.145456	-0.152321	-0.152574	-0.141374	-0.124782	-0.113807	-0.110643	-0.113538	-0.113364	-0.1021	-0.0899946	-0.0812832	-0.0635391	-0.0315659	0.0254731	0.1055	0.211056	0.332495	0.469275	
0.0164619	0.0164619	0.112808	0.277718	0.466642	0.6311	0.730571	0.742564	0.659334	0.495389	0.282111	0.0566048	-0.13646	-0.279625	-0.360186	-0.385241	-0.365073	-0.308824	-0.238179	-0.180942	-0.147186	-0.14437	-0.148749	-0.148822	-0.152241	-0.159225	-0.170782	-0.170909	-0.15397	-0.132109	-0.126978	-0.136526	-0.152574	-0.159817	-0.153425	-0.137734	-0.124491	-0.11768	-0.120398	-0.11549	-0.10101	-0.0792173	-0.0564976	-0.0311304	0.00249806	0.0630856	0.147412	0.256036	0.38132	0.52345	
-0.0404698	-0.0404698	0.0611087	0.242478	0.44697	0.636001	0.756568	0.786502	0.717168	0.55379	0.337879	0.0999357	-0.105877	-0.263633	-0.356704	-0.39654	-0.387717	-0.34049	-0.275376	-0.209619	-0.170361	-0.155053	-0.15163	-0.149465	-0.149786	-0.155465	-0.170611	-0.173596	-0.156961	-0.13591	-0.121759	-0.125444	-0.141374	-0.153425	-0.150546	-0.143429	-0.13189	-0.129597	-0.12882	-0.121473	-0.102643	-0.0768434	-0.0453015	-0.00766065	0.0447597	0.116412	0.206428	0.324712	0.458994	0.5998	
-0.104584	-0.104584	0.00462755	0.195855	0.420479	0.629191	0.773523	0.824964	0.770201	0.61555	0.397754	0.151864	-0.0666947	-0.236726	-0.34535	-0.395006	-0.401491	-0.362925	-0.302374	-0.23487	-0.186197	-0.158899	-0.150024	-0.142326	-0.142602	-0.15153	-0.168003	-0.174405	-0.161541	-0.1361	-0.112903	-0.110817	-0.124782	-0.137734	-0.143429	-0.138391	-0.122248	-0.120565	-0.121027	-0.11588	-0.099211	-0.0744136	-0.0343251	0.0188388	0.0900162	0.17277	0.276585	0.408431	0.552004	0.692825	
-0.163295	-0.163295	-0.049026	0.151601	0.391262	0.618654	0.784033	0.857692	0.818279	0.676915	0.458035	0.209335	-0.0214553	-0.203143	-0.322961	-0.384856	-0.402826	-0.373923	-0.323096	-0.255174	-0.201984	-0.167508	-0.149055	-0.137236	-0.136176	-0.141643	-0.160493	-0.170802	-0.162319	-0.140373	-0.116284	-0.106354	-0.113807	-0.124491	-0.13189	-0.122248	-0.10885	-0.108924	-0.104939	-0.0982372	-0.0824321	-0.0543203	-0.00894626	0.0504138	0.13524	0.231824	0.350632	0.492377	0.646408	0.787399	
-0.208628	-0.208628	-0.091251	0.116158	0.366158	0.609272	0.791628	0.887249	0.86308	0.73755	0.520257	0.270308	0.028255	-0.166776	-0.298311	-0.376578	-0.40396	-0.391666	-0.347385	-0.284707	-0.225989	-0.182007	-0.151768	-0.134823	-0.1283	-0.136806	-0.159164	-0.174201	-0.174155	-0.155547	-0.127341	-0.110044	-0.110643	-0.11768	-0.129597	-0.120565	-0.108924	-0.0970409	-0.0889618	-0.0771347	-0.0554429	-0.0188621	0.0217724	0.0897285	0.189168	0.298902	0.42217	0.564425	0.720968	0.856121	
-0.245153	-0.245153	-0.12663	0.086735	0.343579	0.598492	0.798073	0.908317	0.905817	0.788718	0.580378	0.324899	0.0730184	-0.136092	-0.281109	-0.373778	-0.409047	-0.411283	-0.372186	-0.315315	-0.254105	-0.200941	-0.161969	-0.136574	-0.124688	-0.132614	-0.153366	-0.172526	-0.177406	-0.165676	-0.139761	-0.122361	-0.113538	-0.120398	-0.12882	-0.121027	-0.104939	-0.0889618	-0.0737369	-0.0534416	-0.0206751	0.0199762	0.0673329	0.150106	0.254177	0.368709	0.487681	0.623635	0.763918	0.884919	
-0.281877	-0.281877	-0.161708	0.0526332	0.316185	0.57825	0.793088	0.918853	0.937833	0.83468	0.64005	0.383698	0.12583	-0.0939978	-0.258318	-0.358857	-0.414584	-0.426196	-0.400562	-0.353274	-0.290061	-0.229846	-0.179379	-0.13685	-0.117468	-0.117937	-0.136924	-0.159009	-0.171162	-0.166189	-0.147078	-0.128454	-0.113364	-0.11549	-0.121473	-0.11588	-0.0982372	-0.0771347	-0.0534416	-0.0247289	0.0222344	0.0747194	0.135549	0.217536	0.322643	0.440445	0.554084	0.667405	0.777839	0.871259	
-0.330195	-0.330195	-0.209417	0.00832345	0.276194	0.549443	0.777529	0.925418	0.965903	0.886721	0.708451	0.459106	0.200548	-0.0324017	-0.208627	-0.325462	-0.397389	-0.420051	-0.413662	-0.373951	-0.317464	-0.257143	-0.193609	-0.142469	-0.110918	-0.102005	-0.117351	-0.13788	-0.150472	-0.15185	-0.139248	-0.120769	-0.1021	-0.10101	-0.102643	-0.099211	-0.0824321	-0.0554429	-0.0206751	0.0222344	0.0848816	0.149605	0.217781	0.300152	0.40715	0.520951	0.617984	0.700558	0.773869	0.83143	
-0.361915	-0.361915	-0.240482	-0.0258756	0.245418	0.520621	0.759204	0.923439	0.982979	0.930038	0.76859	0.535051	0.27762	0.0398635	-0.146601	-0.277864	-0.361224	-0.399926	-0.40786	-0.38236	-0.338447	-0.280011	-0.214224	-0.154492	-0.111198	-0.0955119	-0.104716	-0.120497	-0.13306	-0.135302	-0.126401	-0.107404	-0.0899946	-0.0792173	-0.0768434	-0.0744136	-0.0543203	-0.0188621	0.0199762	0.0747194	0.149605	0.228362	0.307535	0.391392	0.48905	0.58468	0.658867	0.71036	0.747646	0.771382	
-0.370242	-0.370242	-0.252055	-0.0390982	0.226788	0.502489	0.743918	0.918427	0.994855	0.962383	0.820446	0.601671	0.348988	0.107416	-0.0867855	-0.232103	-0.32423	-0.376725	-0.396364	-0.383608	-0.352372	-0.299851	-0.234585	-0.168058	-0.116278	-0.0913406	-0.0963151	-0.109147	-0.121374	-0.1268	-0.120131	-0.104366	-0.0812832	-0.0564976	-0.0453015	-0.0343251	-0.00894626	0.0217724	0.0673329	0.135549	0.217781	0.307535	0.392665	0.466985	0.543022	0.616797	0.668083	0.691921	0.694077	0.685096	
-0.368287	-0.368287	-0.253414	-0.0441199	0.215076	0.488285	0.729594	0.911271	1.00336	0.989328	0.870245	0.667316	0.422168	0.181361	-0.0249558	-0.179484	-0.286375	-0.350697	-0.380842	-0.3801	-0.35904	-0.30979	-0.246281	-0.170374	-0.107554	-0.0751121	-0.074222	-0.0863429	-0.101685	-0.107778	-0.103739	-0.0923255	-0.0635391	-0.0311304	-0.00766065	0.0188388	0.0504138	0.0897285	0.150106	0.217536	0.300152	0.391392	0.466985	0.520292	0.575517	0.61852	0.640706	0.635278	0.613367	0.586402	
-0.367409	-0.367409	-0.254377	-0.0497795	0.205447	0.475321	0.717257	0.907485	1.01386	1.02285	0.927785	0.745465	0.514624	0.274622	0.0634683	-0.10369	-0.224035	-0.301487	-0.34355	-0.35779	-0.345348	-0.310079	-0.246982	-0.167765	-0.0925948	-0.0468554	-0.0317378	-0.0413081	-0.0507215	-0.0596398	-0.0618779	-0.0582904	-0.0315659	0.00249806	0.0447597	0.0900162	0.13524	0.189168	0.254177	0.322643	0.40715	0.48905	0.543022	0.575517	0.592429	0.591779	0.582306	0.560554	0.530242	0.495516	
-0.345046	-0.345046	-0.233235	-0.0384196	0.214126	0.472066	0.715407	0.90594	1.02688	1.05677	0.987408	0.83253	0.619798	0.390673	0.178061	0.00221649	-0.131322	-0.224389	-0.281912	-0.312693	-0.316391	-0.296185	-0.241453	-0.161681	-0.0771938	-0.0142642	0.0124154	0.0139478	0.00972357	0.00326935	0.00130508	0.00454368	0.0254731	0.0630856	0.116412	0.17277	0.231824	0.298902	0.368709	0.440445	0.520951	0.58468	0.616797	0.61852	0.591779	0.553216	0.514833	0.480199	0.444184	0.412894	
-0.290653	-0.290653	-0.183985	0.00553589	0.245885	0.496112	0.730499	0.920841	1.04934	1.09618	1.05126	0.921698	0.731037	0.514562	0.305424	0.124423	-0.0205546	-0.124631	-0.197903	-0.24045	-0.261164	-0.257954	-0.216856	-0.146465	-0.0594204	0.014958	0.0519615	0.0684305	0.0713922	0.0742997	0.0801273	0.0850947	0.1055	0.147412	0.206428	0.276585	0.350632	0.42217	0.487681	0.554084	0.617984	0.658867	0.668083	0.640706	0.582306	0.514833	0.452837	0.404021	0.3669	0.343242	
-0.203944	-0.203944	-0.102544	0.0799836	0.30686	0.546298	0.767939	0.953528	1.08426	1.14328	1.11956	1.01404	0.846495	0.646172	0.444312	0.261266	0.109089	-0.00674747	-0.0923779	-0.145072	-0.183094	-0.191107	-0.168762	-0.108537	-0.0208556	0.0572709	0.108019	0.134684	0.142961	0.156965	0.169881	0.182069	0.211056	0.256036	0.324712	0.408431	0.492377	0.564425	0.623635	0.667405	0.700558	0.71036	0.691921	0.635278	0.560554	0.480199	0.404021	0.344722	0.311509	0.297268	
-0.0908983	-0.0908983	0.00634082	0.179905	0.395303	0.621429	0.830213	1.00906	1.13855	1.20876	1.20261	1.12187	0.977541	0.796265	0.603708	0.421722	0.262121	0.133625	0.0365503	-0.0320467	-0.0808114	-0.105726	-0.0998776	-0.051403	0.0305331	0.113198	0.179569	0.213342	0.235744	0.256427	0.276606	0.298955	0.332495	0.38132	0.458994	0.552004	0.646408	0.720968	0.763918	0.777839	0.773869	0.747646	0.694077	0.613367	0.530242	0.444184	0.3669	0.311509	0.288292	0.276743	
0.0520997	0.0520997	0.145984	0.307818	0.513816	0.721893	0.919545	1.08626	1.21385	1.29132	1.30074	1.24422	1.12387	0.963518	0.784916	0.604764	0.440584	0.297433	0.185633	0.0990975	0.0361266	-0.00761524	-0.018229	0.0136065	0.0862443	0.173277	0.248666	0.296987	0.332794	0.362055	0.395292	0.428635	0.469275	0.52345	0.5998	0.692825	0.787399	0.856121	0.884919	0.871259	0.83143	0.771382	0.685096	0.586402	0.495516	0.412894	0.343242	0.297268	0.276743	0.281756	
