2.49824	2.49824	2.4802	2.44967	2.3947	2.29216	2.11558	1.88136	1.62393	1.38466	1.19058	1.06826	1.04406	1.1139	1.26362	1.44866	1.6298	1.75901	1.8234	1.82486	1.76129	1.62618	1.41581	1.15262	0.879553	0.654271	0.502957	0.402319	0.323925	0.260019	0.199856	0.136451	0.0778139	0.0513386	0.0680174	0.144809	0.28188	0.435583	0.545107	0.590938	0.573118	0.517013	0.42795	0.309131	0.163353	0.0161837	-0.0891842	-0.115411	-0.0525551	0.105237	
2.49824	2.49824	2.4802	2.44967	2.3947	2.29216	2.11558	1.88136	1.62393	1.38466	1.19058	1.06826	1.04406	1.1139	1.26362	1.44866	1.6298	1.75901	1.8234	1.82486	1.76129	1.62618	1.41581	1.15262	0.879553	0.654271	0.502957	0.402319	0.323925	0.260019	0.199856	0.136451	0.0778139	0.0513386	0.0680174	0.144809	0.28188	0.435583	0.545107	0.590938	0.573118	0.517013	0.42795	0.309131	0.163353	0.0161837	-0.0891842	-0.115411	-0.0525551	0.105237	
2.4802	2.4802	2.46339	2.43511	2.38256	2.28361	2.11122	1.88178	1.62769	1.39037	1.19497	1.06904	1.03619	1.09472	1.22935	1.39836	1.5643	1.68133	1.73978	1.74143	1.68499	1.56301	1.36876	1.12312	0.865338	0.650607	0.505618	0.407836	0.331711	0.271221	0.21418	0.155307	0.0978598	0.0677463	0.0743058	0.135188	0.25138	0.385679	0.479636	0.517412	0.498646	0.446975	0.364676	0.254102	0.116336	-0.0237674	-0.120727	-0.138963	-0.0682142	0.0956482	
2.44967	2.44967	2.43511	2.40925	2.36078	2.26565	2.10019	1.8765	1.62767	1.3906	1.19263	1.05694	1.00934	1.04576	1.15462	1.29639	1.43644	1.5359	1.5854	1.5906	1.54885	1.44993	1.28575	1.0702	0.839461	0.645062	0.510681	0.419694	0.34827	0.290367	0.238357	0.18054	0.122221	0.0826261	0.0719797	0.107364	0.19454	0.298135	0.3704	0.394042	0.371289	0.321989	0.248822	0.149694	0.0262794	-0.0960307	-0.176994	-0.179554	-0.0950836	0.077227	
2.3947	2.3947	2.38256	2.36078	2.31607	2.2268	2.06815	1.85226	1.60684	1.36943	1.1629	1.01391	0.94205	0.950016	1.02421	1.13231	1.24359	1.32358	1.36862	1.38243	1.36248	1.29633	1.16962	0.994172	0.799799	0.632511	0.517464	0.437743	0.373995	0.32118	0.267527	0.207279	0.138914	0.0828694	0.0496668	0.0580173	0.112622	0.18719	0.23426	0.241554	0.210449	0.160468	0.0928913	0.00723339	-0.0969589	-0.198929	-0.257365	-0.242752	-0.145966	0.0320227	
2.29216	2.29216	2.28361	2.26565	2.2268	2.14251	1.99306	1.78348	1.54247	1.30009	1.08375	0.914312	0.815825	0.789093	0.826492	0.90013	0.982361	1.04757	1.09033	1.11663	1.12145	1.08818	1.00328	0.871868	0.721673	0.59493	0.509934	0.455625	0.409663	0.36277	0.307902	0.233323	0.146217	0.0640927	0.00349449	-0.0164324	0.0107344	0.0562901	0.08197	0.070043	0.0266985	-0.030727	-0.0955683	-0.170415	-0.255946	-0.333067	-0.371954	-0.34365	-0.239976	-0.0613186	
2.11558	2.11558	2.11122	2.10019	2.06815	1.99306	1.85341	1.65405	1.41585	1.17011	0.939422	0.750368	0.621413	0.562027	0.563976	0.607291	0.667593	0.722798	0.769504	0.8103	0.838335	0.837317	0.790731	0.704922	0.604941	0.525371	0.484321	0.465182	0.446031	0.413151	0.354725	0.267818	0.158225	0.048956	-0.0387494	-0.0854248	-0.087422	-0.0688508	-0.0686382	-0.100354	-0.158872	-0.225687	-0.292826	-0.362522	-0.435917	-0.500519	-0.526789	-0.491949	-0.384291	-0.205162	
1.88136	1.88136	1.88178	1.8765	1.85226	1.78348	1.65405	1.46052	1.2249	0.970389	0.725936	0.51473	0.360162	0.272593	0.248276	0.272202	0.32034	0.375679	0.43102	0.486721	0.535658	0.559653	0.547786	0.504707	0.454718	0.428408	0.433617	0.456593	0.469202	0.452657	0.398311	0.301635	0.177988	0.0486707	-0.0601615	-0.128654	-0.155741	-0.165058	-0.186903	-0.239491	-0.313127	-0.394179	-0.472107	-0.549065	-0.626225	-0.689105	-0.713005	-0.67369	-0.559088	-0.369593	
1.62393	1.62393	1.62769	1.62767	1.60684	1.54247	1.41585	1.2249	0.983364	0.717083	0.453	0.220892	0.0426795	-0.0655542	-0.106539	-0.0913162	-0.0439172	0.0200285	0.0894914	0.162848	0.230646	0.279114	0.299178	0.297047	0.296432	0.318031	0.36756	0.42634	0.468524	0.471432	0.425541	0.332735	0.2073	0.070752	-0.0484901	-0.13338	-0.18188	-0.214009	-0.255813	-0.321867	-0.408559	-0.505494	-0.60159	-0.700602	-0.796506	-0.872566	-0.901939	-0.860273	-0.733099	-0.528763	
1.38466	1.38466	1.39037	1.3906	1.36943	1.30009	1.17011	0.970389	0.717083	0.430555	0.144659	-0.109145	-0.306634	-0.428664	-0.47849	-0.463749	-0.410532	-0.333953	-0.247374	-0.15695	-0.0690324	0.00327851	0.0561992	0.0945152	0.138858	0.203698	0.287416	0.375724	0.442838	0.466509	0.437907	0.358529	0.244996	0.112588	-0.00939605	-0.101886	-0.165755	-0.214609	-0.267021	-0.343179	-0.438712	-0.551692	-0.671324	-0.796004	-0.915356	-1.00902	-1.04776	-1.0084	-0.878582	-0.665431	
1.19058	1.19058	1.19497	1.19263	1.1629	1.08375	0.939422	0.725936	0.453	0.144659	-0.16337	-0.435363	-0.644984	-0.774614	-0.826193	-0.80795	-0.747087	-0.656595	-0.554794	-0.446826	-0.340294	-0.24427	-0.160718	-0.0877982	-0.00718694	0.0879077	0.194971	0.302529	0.392016	0.439274	0.434983	0.380775	0.289096	0.171862	0.0589221	-0.0327848	-0.100407	-0.156552	-0.216194	-0.29634	-0.401491	-0.531233	-0.670616	-0.818182	-0.956525	-1.06158	-1.1111	-1.08214	-0.960673	-0.758396	
1.06826	1.06826	1.06904	1.05694	1.01391	0.914312	0.750368	0.51473	0.220892	-0.109145	-0.435363	-0.717719	-0.932959	-1.06212	-1.11203	-1.08893	-1.02008	-0.918248	-0.801117	-0.677603	-0.553676	-0.437596	-0.331119	-0.235726	-0.135049	-0.0272087	0.0871355	0.202874	0.306928	0.37708	0.40025	0.377157	0.319803	0.233261	0.146778	0.0770763	0.0202694	-0.0339296	-0.0956984	-0.185216	-0.302088	-0.447697	-0.60464	-0.765928	-0.911503	-1.02446	-1.0825	-1.06793	-0.96834	-0.788618	
1.04406	1.04406	1.03619	1.00934	0.94205	0.815825	0.621413	0.360162	0.0426795	-0.306634	-0.644984	-0.932959	-1.1458	-1.27241	-1.31868	-1.29205	-1.21745	-1.10473	-0.97419	-0.836848	-0.700112	-0.573246	-0.457193	-0.356379	-0.255206	-0.151123	-0.0435574	0.0691939	0.180965	0.267806	0.316009	0.326948	0.310182	0.268814	0.227071	0.195312	0.165549	0.124183	0.0628926	-0.0299029	-0.157242	-0.31672	-0.48675	-0.659039	-0.813122	-0.928198	-0.992836	-0.989635	-0.905622	-0.746102	
1.1139	1.1139	1.09472	1.04576	0.950016	0.789093	0.562027	0.272593	-0.0655542	-0.428664	-0.774614	-1.06212	-1.27241	-1.39682	-1.44451	-1.4198	-1.34361	-1.2237	-1.08279	-0.935316	-0.793847	-0.665545	-0.55264	-0.459857	-0.368829	-0.279327	-0.186139	-0.0848675	0.0231891	0.117578	0.183107	0.224627	0.253002	0.264082	0.275646	0.290297	0.29191	0.266248	0.211908	0.120266	-0.00745013	-0.170056	-0.345712	-0.524882	-0.681218	-0.799917	-0.86752	-0.870145	-0.797312	-0.652282	
1.26362	1.26362	1.22935	1.15462	1.02421	0.826492	0.563976	0.248276	-0.106539	-0.47849	-0.826193	-1.11203	-1.31868	-1.44451	-1.49653	-1.47759	-1.40126	-1.27717	-1.12857	-0.979899	-0.843077	-0.726969	-0.629168	-0.55266	-0.478964	-0.405829	-0.329929	-0.244837	-0.145852	-0.0518944	0.0254375	0.0931058	0.159766	0.216627	0.270868	0.320513	0.346737	0.337793	0.297364	0.22297	0.110779	-0.0400489	-0.211636	-0.389084	-0.545458	-0.659406	-0.72291	-0.723516	-0.654654	-0.516331	
1.44866	1.44866	1.39836	1.29639	1.13231	0.90013	0.607291	0.272202	-0.0913162	-0.463749	-0.80795	-1.08893	-1.29205	-1.4198	-1.47759	-1.46359	-1.38834	-1.25948	-1.10998	-0.96524	-0.843999	-0.746584	-0.668823	-0.610392	-0.553191	-0.497858	-0.442485	-0.379315	-0.299367	-0.213096	-0.13263	-0.0478621	0.0452436	0.131687	0.212116	0.28195	0.324708	0.332548	0.312201	0.264616	0.180284	0.0530682	-0.0995859	-0.263376	-0.405349	-0.505765	-0.558709	-0.555448	-0.488228	-0.35677	
1.6298	1.6298	1.5643	1.43644	1.24359	0.982361	0.667593	0.32034	-0.0439172	-0.410532	-0.747087	-1.02008	-1.21745	-1.34361	-1.40126	-1.38834	-1.30744	-1.17618	-1.02588	-0.893729	-0.791695	-0.717678	-0.660616	-0.61961	-0.579894	-0.544749	-0.513043	-0.47712	-0.418859	-0.346739	-0.268525	-0.180039	-0.0787247	0.0167436	0.102909	0.179628	0.23383	0.25863	0.265467	0.250988	0.201866	0.109253	-0.0178601	-0.158873	-0.280929	-0.364125	-0.40354	-0.38991	-0.320722	-0.187972	
1.75901	1.75901	1.68133	1.5359	1.32358	1.04757	0.722798	0.375679	0.0200285	-0.333953	-0.656595	-0.918248	-1.10473	-1.2237	-1.27717	-1.25948	-1.17618	-1.04291	-0.901586	-0.784653	-0.706171	-0.652929	-0.614068	-0.586715	-0.563985	-0.548032	-0.540969	-0.529818	-0.495871	-0.439428	-0.374658	-0.294651	-0.202831	-0.113843	-0.0316005	0.0455802	0.106918	0.149084	0.177056	0.193676	0.180004	0.120947	0.0251551	-0.0896529	-0.19074	-0.253924	-0.27552	-0.250968	-0.172593	-0.0362201	
1.8234	1.8234	1.73978	1.5854	1.36862	1.09033	0.769504	0.43102	0.0894914	-0.247374	-0.554794	-0.801117	-0.97419	-1.08279	-1.12857	-1.10998	-1.02588	-0.901586	-0.772906	-0.677453	-0.620325	-0.586439	-0.561818	-0.546851	-0.537719	-0.538115	-0.547162	-0.55471	-0.537629	-0.500569	-0.451389	-0.390983	-0.315992	-0.239533	-0.166925	-0.0951186	-0.032464	0.0132664	0.0559393	0.0932749	0.106621	0.0799655	0.0101963	-0.0815747	-0.1593	-0.199777	-0.199287	-0.152731	-0.0628869	0.0775471	
1.82486	1.82486	1.74143	1.5906	1.38243	1.11663	0.8103	0.486721	0.162848	-0.15695	-0.446826	-0.677603	-0.836848	-0.935316	-0.979899	-0.96524	-0.893729	-0.784653	-0.677453	-0.602856	-0.56638	-0.547256	-0.5347	-0.526459	-0.525373	-0.530391	-0.545255	-0.55933	-0.557431	-0.537385	-0.510026	-0.468517	-0.411071	-0.347345	-0.285151	-0.22435	-0.173293	-0.131285	-0.0891568	-0.043274	-0.0121421	-0.0209002	-0.0708985	-0.140152	-0.193413	-0.203569	-0.169331	-0.0998689	0.00457586	0.148581	
1.76129	1.76129	1.68499	1.54885	1.36248	1.12145	0.838335	0.535658	0.230646	-0.0690324	-0.340294	-0.553676	-0.700112	-0.793847	-0.843077	-0.843999	-0.791695	-0.706171	-0.620325	-0.56638	-0.545456	-0.538392	-0.532023	-0.524255	-0.519656	-0.518393	-0.527948	-0.545099	-0.555466	-0.557384	-0.54813	-0.52313	-0.477925	-0.423268	-0.3734	-0.329643	-0.294786	-0.269024	-0.235961	-0.194372	-0.162887	-0.161874	-0.197448	-0.24452	-0.266768	-0.241595	-0.176287	-0.0822485	0.0349459	0.182673	
1.62618	1.62618	1.56301	1.44993	1.29633	1.08818	0.837317	0.559653	0.279114	0.00327851	-0.24427	-0.437596	-0.573246	-0.665545	-0.726969	-0.746584	-0.717678	-0.652929	-0.586439	-0.547256	-0.538392	-0.538296	-0.532999	-0.518044	-0.50162	-0.488005	-0.491457	-0.511602	-0.538102	-0.558345	-0.562965	-0.546371	-0.506601	-0.46119	-0.424303	-0.399618	-0.387166	-0.380911	-0.365194	-0.339914	-0.313463	-0.309923	-0.331573	-0.355718	-0.350851	-0.298494	-0.205369	-0.0908244	0.0438544	0.205058	
1.41581	1.41581	1.36876	1.28575	1.16962	1.00328	0.790731	0.547786	0.299178	0.0561992	-0.160718	-0.331119	-0.457193	-0.55264	-0.629168	-0.668823	-0.660616	-0.614068	-0.561818	-0.5347	-0.532023	-0.532999	-0.52044	-0.489536	-0.456124	-0.429549	-0.430264	-0.458462	-0.500804	-0.53793	-0.552318	-0.539142	-0.50446	-0.465591	-0.439458	-0.430917	-0.438273	-0.453564	-0.461046	-0.455273	-0.440095	-0.434729	-0.44467	-0.451526	-0.428211	-0.355197	-0.23973	-0.102233	0.0554753	0.233956	
1.15262	1.15262	1.12312	1.0702	0.994172	0.871868	0.704922	0.504707	0.297047	0.0945152	-0.0877982	-0.235726	-0.356379	-0.459857	-0.55266	-0.610392	-0.61961	-0.586715	-0.546851	-0.526459	-0.524255	-0.518044	-0.489536	-0.440152	-0.389422	-0.355505	-0.358289	-0.394121	-0.44783	-0.495647	-0.513107	-0.502026	-0.468473	-0.435915	-0.419175	-0.427201	-0.456812	-0.497634	-0.526013	-0.536813	-0.526643	-0.517626	-0.519246	-0.518804	-0.486877	-0.401027	-0.265818	-0.103112	0.0802848	0.275578	
0.879553	0.879553	0.865338	0.839461	0.799799	0.721673	0.604941	0.454718	0.296432	0.138858	-0.00718694	-0.135049	-0.255206	-0.368829	-0.478964	-0.553191	-0.579894	-0.563985	-0.537719	-0.525373	-0.519656	-0.50162	-0.456124	-0.389422	-0.326466	-0.287899	-0.29047	-0.327269	-0.383864	-0.434311	-0.454343	-0.441968	-0.409337	-0.382277	-0.375151	-0.400253	-0.453214	-0.513348	-0.555831	-0.575162	-0.566561	-0.557524	-0.556827	-0.550712	-0.508456	-0.405983	-0.246285	-0.0607598	0.138798	0.340664	
0.654271	0.654271	0.650607	0.645062	0.632511	0.59493	0.525371	0.428408	0.318031	0.203698	0.0879077	-0.0272087	-0.151123	-0.279327	-0.405829	-0.497858	-0.544749	-0.548032	-0.538115	-0.530391	-0.518393	-0.488005	-0.429549	-0.355505	-0.287899	-0.248128	-0.248951	-0.28192	-0.334844	-0.384599	-0.401211	-0.382442	-0.345487	-0.319935	-0.322567	-0.364011	-0.433587	-0.506009	-0.554668	-0.576116	-0.572304	-0.564041	-0.557256	-0.539355	-0.479106	-0.354381	-0.176979	0.0215087	0.228353	0.425842	
0.502957	0.502957	0.505618	0.510681	0.517464	0.509934	0.484321	0.433617	0.36756	0.287416	0.194971	0.0871355	-0.0435574	-0.186139	-0.329929	-0.442485	-0.513043	-0.540969	-0.547162	-0.545255	-0.527948	-0.491457	-0.430264	-0.358289	-0.29047	-0.248951	-0.2442	-0.270204	-0.31763	-0.363175	-0.374626	-0.348449	-0.305529	-0.28352	-0.292729	-0.339462	-0.411353	-0.480639	-0.524439	-0.548203	-0.54747	-0.538799	-0.523049	-0.486737	-0.405844	-0.265328	-0.0766031	0.128834	0.331882	0.519909	
0.402319	0.402319	0.407836	0.419694	0.437743	0.455625	0.465182	0.456593	0.42634	0.375724	0.302529	0.202874	0.0691939	-0.0848675	-0.244837	-0.379315	-0.47712	-0.529818	-0.55471	-0.55933	-0.545099	-0.511602	-0.458462	-0.394121	-0.327269	-0.28192	-0.270204	-0.289314	-0.329508	-0.367778	-0.374016	-0.340046	-0.295763	-0.274895	-0.283652	-0.323786	-0.384475	-0.442759	-0.482265	-0.502714	-0.500984	-0.483793	-0.449168	-0.393751	-0.298223	-0.151108	0.0354815	0.23179	0.422581	0.589731	
0.323925	0.323925	0.331711	0.34827	0.373995	0.409663	0.446031	0.469202	0.468524	0.442838	0.392016	0.306928	0.180965	0.0231891	-0.145852	-0.299367	-0.418859	-0.495871	-0.537629	-0.557431	-0.555466	-0.538102	-0.500804	-0.44783	-0.383864	-0.334844	-0.31763	-0.329508	-0.358491	-0.387186	-0.386485	-0.349624	-0.304175	-0.280435	-0.282638	-0.309213	-0.358228	-0.409571	-0.443611	-0.45665	-0.444344	-0.407745	-0.354127	-0.279464	-0.174437	-0.0272641	0.147649	0.328962	0.493532	0.632016	
0.260019	0.260019	0.271221	0.290367	0.32118	0.36277	0.413151	0.452657	0.471432	0.466509	0.439274	0.37708	0.267806	0.117578	-0.0518944	-0.213096	-0.346739	-0.439428	-0.500569	-0.537385	-0.557384	-0.558345	-0.53793	-0.495647	-0.434311	-0.384599	-0.363175	-0.367778	-0.387186	-0.407192	-0.406065	-0.370758	-0.322717	-0.292871	-0.284263	-0.301341	-0.34397	-0.392358	-0.420516	-0.423009	-0.395889	-0.344829	-0.272032	-0.181187	-0.0622328	0.087129	0.253169	0.413862	0.5493	0.651539	
0.199856	0.199856	0.21418	0.238357	0.267527	0.307902	0.354725	0.398311	0.425541	0.437907	0.434983	0.40025	0.316009	0.183107	0.0254375	-0.13263	-0.268525	-0.374658	-0.451389	-0.510026	-0.54813	-0.562965	-0.552318	-0.513107	-0.454343	-0.401211	-0.374626	-0.374016	-0.386485	-0.406065	-0.411197	-0.379673	-0.333258	-0.298065	-0.289797	-0.307872	-0.35233	-0.398004	-0.419729	-0.408299	-0.370651	-0.304718	-0.217435	-0.106712	0.0252478	0.178194	0.334528	0.476298	0.583584	0.654038	
0.136451	0.136451	0.155307	0.18054	0.207279	0.233323	0.267818	0.301635	0.332735	0.358529	0.380775	0.377157	0.326948	0.224627	0.0931058	-0.0478621	-0.180039	-0.294651	-0.390983	-0.468517	-0.52313	-0.546371	-0.539142	-0.502026	-0.441968	-0.382442	-0.348449	-0.340046	-0.349624	-0.370758	-0.379673	-0.357502	-0.316331	-0.292958	-0.300469	-0.332612	-0.381686	-0.426032	-0.437949	-0.417458	-0.367619	-0.288926	-0.183582	-0.0550174	0.0917396	0.248684	0.395413	0.517959	0.596883	0.633221	
0.0778139	0.0778139	0.0978598	0.122221	0.138914	0.146217	0.158225	0.177988	0.2073	0.244996	0.289096	0.319803	0.310182	0.253002	0.159766	0.0452436	-0.0787247	-0.202831	-0.315992	-0.411071	-0.477925	-0.506601	-0.50446	-0.468473	-0.409337	-0.345487	-0.305529	-0.295763	-0.304175	-0.322717	-0.333258	-0.316331	-0.290437	-0.287164	-0.315859	-0.363089	-0.417159	-0.4602	-0.471012	-0.444732	-0.383975	-0.290066	-0.165551	-0.016038	0.147287	0.307255	0.44431	0.539095	0.582499	0.584514	
0.0513386	0.0513386	0.0677463	0.0826261	0.0828694	0.0640927	0.048956	0.0486707	0.070752	0.112588	0.171862	0.233261	0.268814	0.264082	0.216627	0.131687	0.0167436	-0.113843	-0.239533	-0.347345	-0.423268	-0.46119	-0.465591	-0.435915	-0.382277	-0.319935	-0.28352	-0.274895	-0.280435	-0.292871	-0.298065	-0.292958	-0.287164	-0.305008	-0.350285	-0.403824	-0.457012	-0.498832	-0.505263	-0.472017	-0.399841	-0.292195	-0.153437	0.0113068	0.18532	0.345082	0.462845	0.524241	0.533588	0.505954	
0.0680174	0.0680174	0.0743058	0.0719797	0.0496668	0.00349449	-0.0387494	-0.0601615	-0.0484901	-0.00939605	0.0589221	0.146778	0.227071	0.275646	0.270868	0.212116	0.102909	-0.0316005	-0.166925	-0.285151	-0.3734	-0.424303	-0.439458	-0.419175	-0.375151	-0.322567	-0.292729	-0.283652	-0.282638	-0.284263	-0.289797	-0.300469	-0.315859	-0.350285	-0.398911	-0.450693	-0.497432	-0.528809	-0.523536	-0.477028	-0.388007	-0.26768	-0.116396	0.0568065	0.229716	0.371815	0.458352	0.481105	0.456784	0.404363	
0.144809	0.144809	0.135188	0.107364	0.0580173	-0.0164324	-0.0854248	-0.128654	-0.13338	-0.101886	-0.0327848	0.0770763	0.195312	0.290297	0.320513	0.28195	0.179628	0.0455802	-0.0951186	-0.22435	-0.329643	-0.399618	-0.430917	-0.427201	-0.400253	-0.364011	-0.339462	-0.323786	-0.309213	-0.301341	-0.307872	-0.332612	-0.363089	-0.403824	-0.450693	-0.496678	-0.531122	-0.546019	-0.519559	-0.451981	-0.340954	-0.200721	-0.0354666	0.137449	0.296321	0.408437	0.457858	0.438524	0.379338	0.297027	
0.28188	0.28188	0.25138	0.19454	0.112622	0.0107344	-0.087422	-0.155741	-0.18188	-0.165755	-0.100407	0.0202694	0.165549	0.29191	0.346737	0.324708	0.23383	0.106918	-0.032464	-0.173293	-0.294786	-0.387166	-0.438273	-0.456812	-0.453214	-0.433587	-0.411353	-0.384475	-0.358228	-0.34397	-0.35233	-0.381686	-0.417159	-0.457012	-0.497432	-0.531122	-0.549674	-0.53971	-0.490271	-0.396655	-0.258611	-0.0952265	0.0780841	0.244878	0.379842	0.464279	0.478383	0.418793	0.318819	0.204076	
0.435583	0.435583	0.385679	0.298135	0.18719	0.0562901	-0.0688508	-0.165058	-0.214009	-0.214609	-0.156552	-0.0339296	0.124183	0.266248	0.337793	0.332548	0.25863	0.149084	0.0132664	-0.131285	-0.269024	-0.380911	-0.453564	-0.497634	-0.513348	-0.506009	-0.480639	-0.442759	-0.409571	-0.392358	-0.398004	-0.426032	-0.4602	-0.498832	-0.528809	-0.546019	-0.53971	-0.503705	-0.423578	-0.30007	-0.134534	0.0433024	0.215537	0.3625	0.475227	0.532473	0.511651	0.412302	0.274049	0.133394	
0.545107	0.545107	0.479636	0.3704	0.23426	0.08197	-0.0686382	-0.186903	-0.255813	-0.267021	-0.216194	-0.0956984	0.0628926	0.211908	0.297364	0.312201	0.265467	0.177056	0.0559393	-0.0891568	-0.235961	-0.365194	-0.461046	-0.526013	-0.555831	-0.554668	-0.524439	-0.482265	-0.443611	-0.420516	-0.419729	-0.437949	-0.471012	-0.505263	-0.523536	-0.519559	-0.490271	-0.423578	-0.312223	-0.15661	0.0291375	0.213489	0.374081	0.502099	0.585153	0.605161	0.543328	0.40458	0.238057	0.0871593	
0.590938	0.590938	0.517412	0.394042	0.241554	0.070043	-0.100354	-0.239491	-0.321867	-0.343179	-0.29634	-0.185216	-0.0299029	0.120266	0.22297	0.264616	0.250988	0.193676	0.0932749	-0.043274	-0.194372	-0.339914	-0.455273	-0.536813	-0.575162	-0.576116	-0.548203	-0.502714	-0.45665	-0.423009	-0.408299	-0.417458	-0.444732	-0.472017	-0.477028	-0.451981	-0.396655	-0.30007	-0.15661	0.022606	0.216149	0.396823	0.543887	0.645078	0.687398	0.664503	0.559792	0.395586	0.212557	0.05472	
0.573118	0.573118	0.498646	0.371289	0.210449	0.0266985	-0.158872	-0.313127	-0.408559	-0.438712	-0.401491	-0.302088	-0.157242	-0.00745013	0.110779	0.180284	0.201866	0.180004	0.106621	-0.0121421	-0.162887	-0.313463	-0.440095	-0.526643	-0.566561	-0.572304	-0.54747	-0.500984	-0.444344	-0.395889	-0.370651	-0.367619	-0.383975	-0.399841	-0.388007	-0.340954	-0.258611	-0.134534	0.0291375	0.216149	0.406663	0.577323	0.703302	0.764722	0.75871	0.687898	0.553918	0.374838	0.179566	0.0148354	
0.517013	0.517013	0.446975	0.321989	0.160468	-0.030727	-0.225687	-0.394179	-0.505494	-0.551692	-0.531233	-0.447697	-0.31672	-0.170056	-0.0400489	0.0530682	0.109253	0.120947	0.0799655	-0.0209002	-0.161874	-0.309923	-0.434729	-0.517626	-0.557524	-0.564041	-0.538799	-0.483793	-0.407745	-0.344829	-0.304718	-0.288926	-0.290066	-0.292195	-0.26768	-0.200721	-0.0952265	0.0433024	0.213489	0.396823	0.577323	0.728172	0.816152	0.825959	0.767622	0.659809	0.506531	0.317772	0.116589	-0.0459169	
0.42795	0.42795	0.364676	0.248822	0.0928913	-0.0955683	-0.292826	-0.472107	-0.60159	-0.671324	-0.670616	-0.60464	-0.48675	-0.345712	-0.211636	-0.0995859	-0.0178601	0.0251551	0.0101963	-0.0708985	-0.197448	-0.331573	-0.44467	-0.519246	-0.556827	-0.557256	-0.523049	-0.449168	-0.354127	-0.272032	-0.217435	-0.183582	-0.165551	-0.153437	-0.116396	-0.0354666	0.0780841	0.215537	0.374081	0.543887	0.703302	0.816152	0.855326	0.813516	0.713129	0.576098	0.405539	0.210883	0.0149282	-0.137071	
0.309131	0.309131	0.254102	0.149694	0.00723339	-0.170415	-0.362522	-0.549065	-0.700602	-0.796004	-0.818182	-0.765928	-0.659039	-0.524882	-0.389084	-0.263376	-0.158873	-0.0896529	-0.0815747	-0.140152	-0.24452	-0.355718	-0.451526	-0.518804	-0.550712	-0.539355	-0.486737	-0.393751	-0.279464	-0.181187	-0.106712	-0.0550174	-0.016038	0.0113068	0.0568065	0.137449	0.244878	0.3625	0.502099	0.645078	0.764722	0.825959	0.813516	0.726967	0.594054	0.428966	0.246018	0.0550597	-0.126791	-0.263093	
0.163353	0.163353	0.116336	0.0262794	-0.0969589	-0.255946	-0.435917	-0.626225	-0.796506	-0.915356	-0.956525	-0.911503	-0.813122	-0.681218	-0.545458	-0.405349	-0.280929	-0.19074	-0.1593	-0.193413	-0.266768	-0.350851	-0.428211	-0.486877	-0.508456	-0.479106	-0.405844	-0.298223	-0.174437	-0.0622328	0.0252478	0.0917396	0.147287	0.18532	0.229716	0.296321	0.379842	0.475227	0.585153	0.687398	0.75871	0.767622	0.713129	0.594054	0.429029	0.239518	0.052073	-0.133049	-0.296015	-0.414595	
0.0161837	0.0161837	-0.0237674	-0.0960307	-0.198929	-0.333067	-0.500519	-0.689105	-0.872566	-1.00902	-1.06158	-1.02446	-0.928198	-0.799917	-0.659406	-0.505765	-0.364125	-0.253924	-0.199777	-0.203569	-0.241595	-0.298494	-0.355197	-0.401027	-0.405983	-0.354381	-0.265328	-0.151108	-0.0272641	0.087129	0.178194	0.248684	0.307255	0.345082	0.371815	0.408437	0.464279	0.532473	0.605161	0.664503	0.687898	0.659809	0.576098	0.428966	0.239518	0.0408865	-0.148545	-0.322702	-0.467321	-0.568029	
-0.0891842	-0.0891842	-0.120727	-0.176994	-0.257365	-0.371954	-0.526789	-0.713005	-0.901939	-1.04776	-1.1111	-1.0825	-0.992836	-0.86752	-0.72291	-0.558709	-0.40354	-0.27552	-0.199287	-0.169331	-0.176287	-0.205369	-0.23973	-0.265818	-0.246285	-0.176979	-0.0766031	0.0354815	0.147649	0.253169	0.334528	0.395413	0.44431	0.462845	0.458352	0.457858	0.478383	0.511651	0.543328	0.559792	0.553918	0.506531	0.405539	0.246018	0.052073	-0.148545	-0.334495	-0.498714	-0.624799	-0.700645	
-0.115411	-0.115411	-0.138963	-0.179554	-0.242752	-0.34365	-0.491949	-0.67369	-0.860273	-1.0084	-1.08214	-1.06793	-0.989635	-0.870145	-0.723516	-0.555448	-0.38991	-0.250968	-0.152731	-0.0998689	-0.0822485	-0.0908244	-0.102233	-0.103112	-0.0607598	0.0215087	0.128834	0.23179	0.328962	0.413862	0.476298	0.517959	0.539095	0.524241	0.481105	0.438524	0.418793	0.412302	0.40458	0.395586	0.374838	0.317772	0.210883	0.0550597	-0.133049	-0.322702	-0.498714	-0.643303	-0.740502	-0.782718	
-0.0525551	-0.0525551	-0.0682142	-0.0950836	-0.145966	-0.239976	-0.384291	-0.559088	-0.733099	-0.878582	-0.960673	-0.96834	-0.905622	-0.797312	-0.654654	-0.488228	-0.320722	-0.172593	-0.0628869	0.00457586	0.0349459	0.0438544	0.0554753	0.0802848	0.138798	0.228353	0.331882	0.422581	0.493532	0.5493	0.583584	0.596883	0.582499	0.533588	0.456784	0.379338	0.318819	0.274049	0.238057	0.212557	0.179566	0.116589	0.0149282	-0.126791	-0.296015	-0.467321	-0.624799	-0.740502	-0.805378	-0.808743	
0.105237	0.105237	0.0956482	0.077227	0.0320227	-0.0613186	-0.205162	-0.369593	-0.528763	-0.665431	-0.758396	-0.788618	-0.746102	-0.652282	-0.516331	-0.35677	-0.187972	-0.0362201	0.0775471	0.148581	0.182673	0.205058	0.233956	0.275578	0.340664	0.425842	0.519909	0.589731	0.632016	0.651539	0.654038	0.633221	0.584514	0.505954	0.404363	0.297027	0.204076	0.133394	0.0871593	0.05472	0.0148354	-0.0459169	-0.137071	-0.263093	-0.414595	-0.568029	-0.700645	-0.782718	-0.808743	-0.763213	
