-0.23734	-0.23734	-0.274556	-0.345955	-0.457758	-0.624561	-0.834598	-1.02101	-1.12336	-1.15143	-1.1046	-1.00388	-0.863229	-0.68647	-0.527123	-0.419627	-0.325051	-0.237251	-0.147105	-0.034335	0.0923392	0.215467	0.34121	0.477796	0.619613	0.753635	0.850132	0.88411	0.861342	0.791707	0.680846	0.531369	0.349928	0.159529	-0.0121424	-0.149165	-0.23185	-0.24367	-0.210451	-0.160704	-0.113499	-0.0698805	-0.0170694	0.041125	0.0949276	0.123472	0.101275	0.0332334	-0.0328164	-0.0760508	
-0.23734	-0.23734	-0.274556	-0.345955	-0.457758	-0.624561	-0.834598	-1.02101	-1.12336	-1.15143	-1.1046	-1.00388	-0.863229	-0.68647	-0.527123	-0.419627	-0.325051	-0.237251	-0.147105	-0.034335	0.0923392	0.215467	0.34121	0.477796	0.619613	0.753635	0.850132	0.88411	0.861342	0.791707	0.680846	0.531369	0.349928	0.159529	-0.0121424	-0.149165	-0.23185	-0.24367	-0.210451	-0.160704	-0.113499	-0.0698805	-0.0170694	0.041125	0.0949276	0.123472	0.101275	0.0332334	-0.0328164	-0.0760508	
-0.274556	-0.274556	-0.310113	-0.378569	-0.490254	-0.652575	-0.84703	-1.01639	-1.11301	-1.13386	-1.08686	-0.980661	-0.833707	-0.665911	-0.50612	-0.376423	-0.272681	-0.17609	-0.0695867	0.0418002	0.157929	0.269576	0.378785	0.494937	0.614182	0.720902	0.794767	0.8103	0.774962	0.700824	0.589399	0.442235	0.276074	0.101362	-0.0577989	-0.174656	-0.233015	-0.228555	-0.172342	-0.108222	-0.0502847	-0.00154867	0.0390857	0.0787571	0.116834	0.122272	0.0857353	0.0234215	-0.0396132	-0.0856373	
-0.345955	-0.345955	-0.378569	-0.449049	-0.551846	-0.694926	-0.869411	-1.01452	-1.08946	-1.09062	-1.03655	-0.930482	-0.777204	-0.601416	-0.439408	-0.292809	-0.16704	-0.0500345	0.0636908	0.165558	0.258614	0.349816	0.435007	0.522244	0.605585	0.66728	0.697906	0.682991	0.631743	0.549797	0.435945	0.294379	0.145637	-0.00291649	-0.132722	-0.210143	-0.231782	-0.196796	-0.114124	-0.0251832	0.0469464	0.107023	0.142542	0.156375	0.161085	0.135903	0.0865353	0.0212114	-0.0415637	-0.0842508	
-0.457758	-0.457758	-0.490254	-0.551846	-0.639939	-0.758935	-0.894561	-1.00036	-1.04682	-1.02215	-0.950568	-0.834668	-0.675023	-0.493425	-0.32628	-0.166652	-0.0218855	0.106468	0.213452	0.298486	0.3613	0.417919	0.476333	0.533231	0.5771	0.59516	0.577226	0.519987	0.444254	0.343451	0.224886	0.100834	-0.0203006	-0.131848	-0.216427	-0.255063	-0.23779	-0.169927	-0.0642996	0.051365	0.148044	0.2187	0.255144	0.255888	0.229952	0.178078	0.114177	0.0393331	-0.0279033	-0.0763541	
-0.624561	-0.624561	-0.652575	-0.694926	-0.758935	-0.843189	-0.924824	-0.970711	-0.973866	-0.922158	-0.830428	-0.697837	-0.539731	-0.363398	-0.191152	-0.0230364	0.132671	0.265219	0.355429	0.413347	0.44655	0.468117	0.498362	0.527706	0.535974	0.513574	0.447425	0.346375	0.242191	0.123564	0.00358345	-0.103557	-0.199648	-0.267657	-0.302958	-0.305724	-0.253762	-0.158362	-0.0336459	0.10224	0.224501	0.313905	0.359358	0.355235	0.309363	0.234449	0.152309	0.0643901	-0.0128418	-0.0729122	
-0.834598	-0.834598	-0.84703	-0.869411	-0.894561	-0.924824	-0.944738	-0.925013	-0.868227	-0.786729	-0.677915	-0.544793	-0.393792	-0.227934	-0.0580138	0.110405	0.27	0.399591	0.475338	0.503635	0.511361	0.509376	0.5061	0.507473	0.487832	0.422066	0.311902	0.177595	0.0459133	-0.0870332	-0.204129	-0.295954	-0.368436	-0.40403	-0.394999	-0.356849	-0.279515	-0.161672	-0.0168043	0.135556	0.275623	0.386413	0.444276	0.438393	0.382402	0.29241	0.191389	0.0890243	-0.00223591	-0.0755544	
-1.02101	-1.02101	-1.01639	-1.01452	-1.00036	-0.970711	-0.925013	-0.846425	-0.737934	-0.621886	-0.501642	-0.376148	-0.241262	-0.0965487	0.0556963	0.217344	0.3733	0.494472	0.559848	0.572998	0.560749	0.538518	0.507546	0.474441	0.422882	0.325245	0.179121	0.0125271	-0.144772	-0.281039	-0.386389	-0.462161	-0.50706	-0.507141	-0.468791	-0.402247	-0.308964	-0.174416	-0.0114529	0.156311	0.314296	0.442245	0.508032	0.505525	0.449796	0.351227	0.237214	0.124639	0.0205842	-0.0663926	
-1.12336	-1.12336	-1.11301	-1.08946	-1.04682	-0.973866	-0.868227	-0.737934	-0.587607	-0.446666	-0.327298	-0.220335	-0.109625	0.00687053	0.141984	0.293782	0.442602	0.548438	0.603843	0.612695	0.593644	0.554896	0.503779	0.440994	0.35525	0.228026	0.0575917	-0.132349	-0.305772	-0.435747	-0.525806	-0.583932	-0.600368	-0.579076	-0.522288	-0.437977	-0.33013	-0.190648	-0.0183428	0.161216	0.331189	0.464816	0.541999	0.552168	0.500599	0.403605	0.281843	0.159868	0.0468443	-0.0437074	
-1.15143	-1.15143	-1.13386	-1.09062	-1.02215	-0.922158	-0.786729	-0.621886	-0.446666	-0.304649	-0.195964	-0.108816	-0.0281326	0.0689372	0.187263	0.319495	0.457913	0.55544	0.6035	0.614636	0.596502	0.554306	0.490108	0.403467	0.292149	0.14293	-0.0436489	-0.247052	-0.425233	-0.543397	-0.618819	-0.660027	-0.65732	-0.622425	-0.561858	-0.470893	-0.361848	-0.223223	-0.0498604	0.135213	0.304026	0.44116	0.52889	0.547998	0.506108	0.416716	0.299143	0.170959	0.0551519	-0.0329191	
-1.1046	-1.1046	-1.08686	-1.03655	-0.950568	-0.830428	-0.677915	-0.501642	-0.327298	-0.195964	-0.107899	-0.0546027	-0.0105989	0.0627265	0.166416	0.287122	0.410358	0.502117	0.557155	0.57822	0.564598	0.522581	0.450198	0.349071	0.222299	0.0657189	-0.11892	-0.320122	-0.490433	-0.602711	-0.666672	-0.687328	-0.669803	-0.636083	-0.581655	-0.501589	-0.402565	-0.270061	-0.103042	0.0759067	0.239866	0.371054	0.455105	0.48314	0.452767	0.371597	0.255817	0.130375	0.0284907	-0.0482704	
-1.00388	-1.00388	-0.980661	-0.930482	-0.834668	-0.697837	-0.544793	-0.376148	-0.220335	-0.108816	-0.0546027	-0.0422585	-0.0337265	0.0169443	0.098195	0.198163	0.304759	0.396552	0.454972	0.485876	0.48587	0.44766	0.378623	0.279399	0.147367	-0.00568339	-0.178806	-0.359253	-0.505027	-0.602056	-0.648371	-0.654244	-0.63599	-0.604611	-0.564215	-0.507287	-0.423445	-0.308158	-0.161004	-0.00464611	0.140879	0.259027	0.338665	0.36991	0.347072	0.277956	0.175841	0.0608533	-0.0234862	-0.074993	
-0.863229	-0.863229	-0.833707	-0.777204	-0.675023	-0.539731	-0.393792	-0.241262	-0.109625	-0.0281326	-0.0105989	-0.0337265	-0.0509231	-0.030906	0.0218552	0.0923883	0.165288	0.239318	0.29466	0.332067	0.346157	0.320631	0.262755	0.178339	0.0583905	-0.0826511	-0.2296	-0.372093	-0.485685	-0.562534	-0.587545	-0.576115	-0.553381	-0.531145	-0.506697	-0.475511	-0.415909	-0.324914	-0.211111	-0.0918615	0.0172394	0.109862	0.180651	0.215826	0.213846	0.170863	0.0916918	0.0036741	-0.0579973	-0.085894	
-0.68647	-0.68647	-0.665911	-0.601416	-0.493425	-0.363398	-0.227934	-0.0965487	0.00687053	0.0689372	0.0627265	0.0169443	-0.030906	-0.0500322	-0.0418148	-0.0181789	0.00662313	0.0500795	0.0943757	0.131754	0.148924	0.14064	0.10652	0.0434275	-0.0503624	-0.163506	-0.277557	-0.377061	-0.453621	-0.49599	-0.494847	-0.466991	-0.437139	-0.416244	-0.411483	-0.410001	-0.38427	-0.328938	-0.260672	-0.191061	-0.124484	-0.0587528	-0.00328671	0.037334	0.064725	0.0558858	0.016688	-0.0278571	-0.0579813	-0.0636143	
-0.527123	-0.527123	-0.50612	-0.439408	-0.32628	-0.191152	-0.0580138	0.0556963	0.141984	0.187263	0.166416	0.098195	0.0218552	-0.0418148	-0.0869344	-0.12047	-0.146059	-0.14639	-0.123194	-0.0950373	-0.0761761	-0.06527	-0.0741165	-0.10958	-0.173558	-0.253367	-0.330986	-0.388484	-0.422417	-0.426005	-0.399156	-0.353407	-0.31653	-0.302508	-0.312524	-0.336411	-0.343248	-0.332238	-0.316346	-0.298522	-0.279558	-0.244958	-0.202934	-0.149721	-0.0968611	-0.0639644	-0.051749	-0.0475084	-0.0437868	-0.0259089	
-0.419627	-0.419627	-0.376423	-0.292809	-0.166652	-0.0230364	0.110405	0.217344	0.293782	0.319495	0.287122	0.198163	0.0923883	-0.0181789	-0.12047	-0.212444	-0.282068	-0.323119	-0.322637	-0.309649	-0.288709	-0.266229	-0.260072	-0.276884	-0.309438	-0.353477	-0.394098	-0.41235	-0.402815	-0.370459	-0.320068	-0.258526	-0.218771	-0.21203	-0.237181	-0.279813	-0.318096	-0.348383	-0.373078	-0.398106	-0.418734	-0.416095	-0.383283	-0.323956	-0.25062	-0.178757	-0.113921	-0.0629747	-0.0197371	0.024992	
-0.325051	-0.325051	-0.272681	-0.16704	-0.0218855	0.132671	0.27	0.3733	0.442602	0.457913	0.410358	0.304759	0.165288	0.00662313	-0.146059	-0.282068	-0.388606	-0.457345	-0.48351	-0.488265	-0.472961	-0.450562	-0.4363	-0.43999	-0.450699	-0.463878	-0.470068	-0.457877	-0.416845	-0.354656	-0.279955	-0.208821	-0.166523	-0.162361	-0.194461	-0.247005	-0.309507	-0.369266	-0.42725	-0.482221	-0.522387	-0.538328	-0.50896	-0.443765	-0.355692	-0.254566	-0.155823	-0.0627401	0.0197999	0.0878466	
-0.237251	-0.237251	-0.17609	-0.0500345	0.106468	0.265219	0.399591	0.494472	0.548438	0.55544	0.502117	0.396552	0.239318	0.0500795	-0.14639	-0.323119	-0.457345	-0.550844	-0.612498	-0.635201	-0.625285	-0.604849	-0.585584	-0.57534	-0.570255	-0.562918	-0.552939	-0.523095	-0.470194	-0.389295	-0.294755	-0.2131	-0.161469	-0.148066	-0.175242	-0.22781	-0.302981	-0.386557	-0.465934	-0.53732	-0.585403	-0.600806	-0.566252	-0.489857	-0.392195	-0.271561	-0.147202	-0.0295799	0.068164	0.147486	
-0.147105	-0.147105	-0.0695867	0.0636908	0.213452	0.355429	0.475338	0.559848	0.603843	0.6035	0.557155	0.454972	0.29466	0.0943757	-0.123194	-0.322637	-0.48351	-0.612498	-0.704947	-0.744682	-0.746454	-0.727043	-0.705136	-0.685573	-0.667304	-0.647123	-0.627675	-0.597358	-0.545905	-0.4598	-0.355682	-0.261334	-0.193214	-0.163933	-0.174191	-0.221088	-0.300701	-0.388675	-0.477059	-0.552622	-0.598498	-0.604839	-0.565661	-0.477712	-0.365639	-0.237604	-0.109099	0.0111778	0.110636	0.191367	
-0.034335	-0.034335	0.0418002	0.165558	0.298486	0.413347	0.503635	0.572998	0.612695	0.614636	0.57822	0.485876	0.332067	0.131754	-0.0950373	-0.309649	-0.488265	-0.635201	-0.744682	-0.808756	-0.830398	-0.821209	-0.802176	-0.77882	-0.75364	-0.731962	-0.708224	-0.67957	-0.630781	-0.539963	-0.430231	-0.327427	-0.241424	-0.194221	-0.191358	-0.229446	-0.301791	-0.388525	-0.473956	-0.539591	-0.569993	-0.561286	-0.513313	-0.425843	-0.313464	-0.191058	-0.0689711	0.0403298	0.134713	0.206166	
0.0923392	0.0923392	0.157929	0.258614	0.3613	0.44655	0.511361	0.560749	0.593644	0.596502	0.564598	0.48587	0.346157	0.148924	-0.0761761	-0.288709	-0.472961	-0.625285	-0.746454	-0.830398	-0.874558	-0.885846	-0.882332	-0.863847	-0.836178	-0.809082	-0.781718	-0.750872	-0.696617	-0.602089	-0.48972	-0.382305	-0.285078	-0.22341	-0.213817	-0.246097	-0.31044	-0.391492	-0.462708	-0.505785	-0.51897	-0.49639	-0.443684	-0.363044	-0.261149	-0.155964	-0.0479205	0.0513084	0.134813	0.197073	
0.215467	0.215467	0.269576	0.349816	0.417919	0.468117	0.509376	0.538518	0.554896	0.554306	0.522581	0.44766	0.320631	0.14064	-0.06527	-0.266229	-0.450562	-0.604849	-0.727043	-0.821209	-0.885846	-0.924723	-0.943197	-0.933755	-0.902498	-0.865461	-0.833427	-0.788956	-0.719605	-0.627914	-0.522431	-0.407987	-0.308902	-0.248356	-0.234039	-0.264326	-0.323212	-0.390711	-0.437686	-0.460216	-0.457909	-0.429506	-0.3816	-0.311788	-0.224516	-0.132172	-0.0410467	0.0418427	0.113858	0.177524	
0.34121	0.34121	0.378785	0.435007	0.476333	0.498362	0.5061	0.507546	0.503779	0.490108	0.450198	0.378623	0.262755	0.10652	-0.0741165	-0.260072	-0.4363	-0.585584	-0.705136	-0.802176	-0.882332	-0.943197	-0.968576	-0.958891	-0.926272	-0.888363	-0.853103	-0.79582	-0.714512	-0.618804	-0.514742	-0.404055	-0.315547	-0.255553	-0.233061	-0.256799	-0.310229	-0.362582	-0.398214	-0.410716	-0.40013	-0.37391	-0.328916	-0.271389	-0.200598	-0.11781	-0.0409323	0.0312424	0.0969329	0.153034	
0.477796	0.477796	0.494937	0.522244	0.533231	0.527706	0.507473	0.474441	0.440994	0.403467	0.349071	0.279399	0.178339	0.0434275	-0.10958	-0.276884	-0.43999	-0.57534	-0.685573	-0.77882	-0.863847	-0.933755	-0.958891	-0.942379	-0.909199	-0.867945	-0.821073	-0.755483	-0.677148	-0.582441	-0.476083	-0.371433	-0.282902	-0.218089	-0.192885	-0.209299	-0.253495	-0.298692	-0.333118	-0.3426	-0.34051	-0.328699	-0.297981	-0.254729	-0.196692	-0.117017	-0.043429	0.0246744	0.0881715	0.137566	
0.619613	0.619613	0.614182	0.605585	0.5771	0.535974	0.487832	0.422882	0.35525	0.292149	0.222299	0.147367	0.0583905	-0.0503624	-0.173558	-0.309438	-0.450699	-0.570255	-0.667304	-0.75364	-0.836178	-0.902498	-0.926272	-0.909199	-0.866929	-0.815074	-0.754333	-0.685292	-0.601817	-0.502222	-0.394768	-0.299075	-0.215179	-0.148537	-0.120154	-0.130759	-0.168258	-0.211476	-0.252896	-0.275689	-0.289398	-0.299883	-0.29496	-0.267643	-0.212646	-0.138486	-0.0621644	0.00756702	0.0691226	0.125204	
0.753635	0.753635	0.720902	0.66728	0.59516	0.513574	0.422066	0.325245	0.228026	0.14293	0.0657189	-0.00568339	-0.0826511	-0.163506	-0.253367	-0.353477	-0.463878	-0.562918	-0.647123	-0.731962	-0.809082	-0.865461	-0.888363	-0.867945	-0.815074	-0.752032	-0.674854	-0.583688	-0.482473	-0.373595	-0.268991	-0.176886	-0.101748	-0.0483406	-0.0260917	-0.0326586	-0.0650651	-0.11795	-0.178192	-0.229745	-0.26723	-0.295496	-0.310755	-0.297482	-0.251278	-0.185775	-0.109286	-0.0340836	0.0334652	0.0960231	
0.850132	0.850132	0.794767	0.697906	0.577226	0.447425	0.311902	0.179121	0.0575917	-0.0436489	-0.11892	-0.178806	-0.2296	-0.277557	-0.330986	-0.394098	-0.470068	-0.552939	-0.627675	-0.708224	-0.781718	-0.833427	-0.853103	-0.821073	-0.754333	-0.674854	-0.569077	-0.442952	-0.325871	-0.204965	-0.0962074	-0.0102999	0.0543081	0.0929287	0.0967674	0.0839633	0.0415001	-0.0358253	-0.119609	-0.198339	-0.260244	-0.309369	-0.34117	-0.338357	-0.30793	-0.256217	-0.185669	-0.1102	-0.0367222	0.0340887	
0.88411	0.88411	0.8103	0.682991	0.519987	0.346375	0.177595	0.0125271	-0.132349	-0.247052	-0.320122	-0.359253	-0.372093	-0.377061	-0.388484	-0.41235	-0.457877	-0.523095	-0.597358	-0.67957	-0.750872	-0.788956	-0.79582	-0.755483	-0.685292	-0.583688	-0.442952	-0.284272	-0.145206	-0.010828	0.104993	0.185861	0.232674	0.246734	0.228378	0.195617	0.136211	0.0441575	-0.0634097	-0.170388	-0.259584	-0.323793	-0.369074	-0.379487	-0.367134	-0.32991	-0.274288	-0.209006	-0.139655	-0.0633188	
0.861342	0.861342	0.774962	0.631743	0.444254	0.242191	0.0459133	-0.144772	-0.305772	-0.425233	-0.490433	-0.505027	-0.485685	-0.453621	-0.422417	-0.402815	-0.416845	-0.470194	-0.545905	-0.630781	-0.696617	-0.719605	-0.714512	-0.677148	-0.601817	-0.482473	-0.325871	-0.145206	0.0306841	0.187275	0.308651	0.383191	0.406656	0.390911	0.353262	0.297084	0.219011	0.121392	0.000174184	-0.13069	-0.241086	-0.319149	-0.376402	-0.407518	-0.414305	-0.401444	-0.36839	-0.312405	-0.245198	-0.170197	
0.791707	0.791707	0.700824	0.549797	0.343451	0.123564	-0.0870332	-0.281039	-0.435747	-0.543397	-0.602711	-0.602056	-0.562534	-0.49599	-0.426005	-0.370459	-0.354656	-0.389295	-0.4598	-0.539963	-0.602089	-0.627914	-0.618804	-0.582441	-0.502222	-0.373595	-0.204965	-0.010828	0.187275	0.356949	0.479734	0.547305	0.564101	0.532458	0.466671	0.385608	0.294532	0.194082	0.0661159	-0.0705839	-0.189651	-0.286928	-0.361254	-0.418651	-0.451558	-0.463482	-0.451536	-0.409914	-0.3396	-0.261369	
0.680846	0.680846	0.589399	0.435945	0.224886	0.00358345	-0.204129	-0.386389	-0.525806	-0.618819	-0.666672	-0.648371	-0.587545	-0.494847	-0.399156	-0.320068	-0.279955	-0.294755	-0.355682	-0.430231	-0.48972	-0.522431	-0.514742	-0.476083	-0.394768	-0.268991	-0.0962074	0.104993	0.308651	0.479734	0.600752	0.664527	0.678724	0.638566	0.560139	0.470758	0.373419	0.265907	0.136806	0.00316914	-0.120283	-0.238227	-0.331294	-0.412433	-0.473947	-0.512045	-0.519519	-0.490656	-0.419207	-0.332747	
0.531369	0.531369	0.442235	0.294379	0.100834	-0.103557	-0.295954	-0.462161	-0.583932	-0.660027	-0.687328	-0.654244	-0.576115	-0.466991	-0.353407	-0.258526	-0.208821	-0.2131	-0.261334	-0.327427	-0.382305	-0.407987	-0.404055	-0.371433	-0.299075	-0.176886	-0.0102999	0.185861	0.383191	0.547305	0.664527	0.730867	0.739578	0.697757	0.630456	0.548854	0.452833	0.345662	0.222203	0.0866417	-0.0500433	-0.177885	-0.292503	-0.392086	-0.469348	-0.531366	-0.560936	-0.541716	-0.473918	-0.37348	
0.349928	0.349928	0.276074	0.145637	-0.0203006	-0.199648	-0.368436	-0.50706	-0.600368	-0.65732	-0.669803	-0.63599	-0.553381	-0.437139	-0.31653	-0.218771	-0.166523	-0.161469	-0.193214	-0.241424	-0.285078	-0.308902	-0.315547	-0.282902	-0.215179	-0.101748	0.0543081	0.232674	0.406656	0.564101	0.678724	0.739578	0.753244	0.727575	0.676882	0.610916	0.527116	0.426519	0.312844	0.182678	0.0389908	-0.100685	-0.238539	-0.355539	-0.452792	-0.527764	-0.568528	-0.559023	-0.493309	-0.374604	
0.159529	0.159529	0.101362	-0.00291649	-0.131848	-0.267657	-0.40403	-0.507141	-0.579076	-0.622425	-0.636083	-0.604611	-0.531145	-0.416244	-0.302508	-0.21203	-0.162361	-0.148066	-0.163933	-0.194221	-0.22341	-0.248356	-0.255553	-0.218089	-0.148537	-0.0483406	0.0929287	0.246734	0.390911	0.532458	0.638566	0.697757	0.727575	0.729018	0.69303	0.646333	0.587701	0.503881	0.403738	0.282345	0.140875	-0.0114915	-0.167051	-0.305969	-0.41916	-0.501321	-0.542176	-0.536951	-0.466053	-0.335601	
-0.0121424	-0.0121424	-0.0577989	-0.132722	-0.216427	-0.302958	-0.394999	-0.468791	-0.522288	-0.561858	-0.581655	-0.564215	-0.506697	-0.411483	-0.312524	-0.237181	-0.194461	-0.175242	-0.174191	-0.191358	-0.213817	-0.234039	-0.233061	-0.192885	-0.120154	-0.0260917	0.0967674	0.228378	0.353262	0.466671	0.560139	0.630456	0.676882	0.69303	0.680687	0.658225	0.62118	0.559668	0.477684	0.369925	0.239109	0.0846181	-0.0870943	-0.24742	-0.368629	-0.455144	-0.496052	-0.486679	-0.409982	-0.270586	
-0.149165	-0.149165	-0.174656	-0.210143	-0.255063	-0.305724	-0.356849	-0.402247	-0.437977	-0.470893	-0.501589	-0.507287	-0.475511	-0.410001	-0.336411	-0.279813	-0.247005	-0.22781	-0.221088	-0.229446	-0.246097	-0.264326	-0.256799	-0.209299	-0.130759	-0.0326586	0.0839633	0.195617	0.297084	0.385608	0.470758	0.548854	0.610916	0.646333	0.658225	0.652562	0.62896	0.582471	0.516044	0.431014	0.315881	0.163887	-0.0122725	-0.184143	-0.315978	-0.404579	-0.442225	-0.423171	-0.337129	-0.188832	
-0.23185	-0.23185	-0.233015	-0.231782	-0.23779	-0.253762	-0.279515	-0.308964	-0.33013	-0.361848	-0.402565	-0.423445	-0.415909	-0.38427	-0.343248	-0.318096	-0.309507	-0.302981	-0.300701	-0.301791	-0.31044	-0.323212	-0.310229	-0.253495	-0.168258	-0.0650651	0.0415001	0.136211	0.219011	0.294532	0.373419	0.452833	0.527116	0.587701	0.62118	0.62896	0.610846	0.576954	0.525147	0.458958	0.353207	0.207218	0.0387564	-0.131389	-0.268303	-0.35013	-0.383164	-0.353175	-0.253862	-0.103467	
-0.24367	-0.24367	-0.228555	-0.196796	-0.169927	-0.158362	-0.161672	-0.174416	-0.190648	-0.223223	-0.270061	-0.308158	-0.324914	-0.328938	-0.332238	-0.348383	-0.369266	-0.386557	-0.388675	-0.388525	-0.391492	-0.390711	-0.362582	-0.298692	-0.211476	-0.11795	-0.0358253	0.0441575	0.121392	0.194082	0.265907	0.345662	0.426519	0.503881	0.559668	0.582471	0.576954	0.554655	0.517487	0.453779	0.357529	0.221273	0.0603972	-0.0976611	-0.220874	-0.288954	-0.309455	-0.26893	-0.162479	-0.00673032	
-0.210451	-0.210451	-0.172342	-0.114124	-0.0642996	-0.0336459	-0.0168043	-0.0114529	-0.0183428	-0.0498604	-0.103042	-0.161004	-0.211111	-0.260672	-0.316346	-0.373078	-0.42725	-0.465934	-0.477059	-0.473956	-0.462708	-0.437686	-0.398214	-0.333118	-0.252896	-0.178192	-0.119609	-0.0634097	0.000174184	0.0661159	0.136806	0.222203	0.312844	0.403738	0.477684	0.516044	0.525147	0.517487	0.491516	0.431591	0.337279	0.209385	0.0545144	-0.0864452	-0.178317	-0.221897	-0.221473	-0.164338	-0.0518524	0.108686	
-0.160704	-0.160704	-0.108222	-0.0251832	0.051365	0.10224	0.135556	0.156311	0.161216	0.135213	0.0759067	-0.00464611	-0.0918615	-0.191061	-0.298522	-0.398106	-0.482221	-0.53732	-0.552622	-0.539591	-0.505785	-0.460216	-0.410716	-0.3426	-0.275689	-0.229745	-0.198339	-0.170388	-0.13069	-0.0705839	0.00316914	0.0866417	0.182678	0.282345	0.369925	0.431014	0.458958	0.453779	0.431591	0.380936	0.291863	0.171362	0.0292466	-0.0875771	-0.145699	-0.158059	-0.125693	-0.0501694	0.0735334	0.236366	
-0.113499	-0.113499	-0.0502847	0.0469464	0.148044	0.224501	0.275623	0.314296	0.331189	0.304026	0.239866	0.140879	0.0172394	-0.124484	-0.279558	-0.418734	-0.522387	-0.585403	-0.598498	-0.569993	-0.51897	-0.457909	-0.40013	-0.34051	-0.289398	-0.26723	-0.260244	-0.259584	-0.241086	-0.189651	-0.120283	-0.0500433	0.0389908	0.140875	0.239109	0.315881	0.353207	0.357529	0.337279	0.291863	0.216872	0.112223	-0.00670679	-0.0960995	-0.127317	-0.110248	-0.0465888	0.0537218	0.194251	0.35654	
-0.0698805	-0.0698805	-0.00154867	0.107023	0.2187	0.313905	0.386413	0.442245	0.464816	0.44116	0.371054	0.259027	0.109862	-0.0587528	-0.244958	-0.416095	-0.538328	-0.600806	-0.604839	-0.561286	-0.49639	-0.429506	-0.37391	-0.328699	-0.299883	-0.295496	-0.309369	-0.323793	-0.319149	-0.286928	-0.238227	-0.177885	-0.100685	-0.0114915	0.0846181	0.163887	0.207218	0.221273	0.209385	0.171362	0.112223	0.032567	-0.0566268	-0.117473	-0.124346	-0.0757487	0.012157	0.128945	0.279131	0.444767	
-0.0170694	-0.0170694	0.0390857	0.142542	0.255144	0.359358	0.444276	0.508032	0.541999	0.52889	0.455105	0.338665	0.180651	-0.00328671	-0.202934	-0.383283	-0.50896	-0.566252	-0.565661	-0.513313	-0.443684	-0.3816	-0.328916	-0.297981	-0.29496	-0.310755	-0.34117	-0.369074	-0.376402	-0.361254	-0.331294	-0.292503	-0.238539	-0.167051	-0.0870943	-0.0122725	0.0387564	0.0603972	0.0545144	0.0292466	-0.00670679	-0.0566268	-0.107752	-0.136981	-0.123506	-0.0599105	0.0411628	0.169244	0.318101	0.476179	
0.041125	0.041125	0.0787571	0.156375	0.255888	0.355235	0.438393	0.505525	0.552168	0.547998	0.48314	0.36991	0.215826	0.037334	-0.149721	-0.323956	-0.443765	-0.489857	-0.477712	-0.425843	-0.363044	-0.311788	-0.271389	-0.254729	-0.267643	-0.297482	-0.338357	-0.379487	-0.407518	-0.418651	-0.412433	-0.392086	-0.355539	-0.305969	-0.24742	-0.184143	-0.131389	-0.0976611	-0.0864452	-0.0875771	-0.0960995	-0.117473	-0.136981	-0.143253	-0.116254	-0.0419117	0.0570592	0.176184	0.313897	0.448066	
0.0949276	0.0949276	0.116834	0.161085	0.229952	0.309363	0.382402	0.449796	0.500599	0.506108	0.452767	0.347072	0.213846	0.064725	-0.0968611	-0.25062	-0.355692	-0.392195	-0.365639	-0.313464	-0.261149	-0.224516	-0.200598	-0.196692	-0.212646	-0.251278	-0.30793	-0.367134	-0.414305	-0.451558	-0.473947	-0.469348	-0.452792	-0.41916	-0.368629	-0.315978	-0.268303	-0.220874	-0.178317	-0.145699	-0.127317	-0.124346	-0.123506	-0.116254	-0.0781847	-0.0087345	0.0749057	0.163666	0.260754	0.359976	
0.123472	0.123472	0.122272	0.135903	0.178078	0.234449	0.29241	0.351227	0.403605	0.416716	0.371597	0.277956	0.170863	0.0558858	-0.0639644	-0.178757	-0.254566	-0.271561	-0.237604	-0.191058	-0.155964	-0.132172	-0.11781	-0.117017	-0.138486	-0.185775	-0.256217	-0.32991	-0.401444	-0.463482	-0.512045	-0.531366	-0.527764	-0.501321	-0.455144	-0.404579	-0.35013	-0.288954	-0.221897	-0.158059	-0.110248	-0.0757487	-0.0599105	-0.0419117	-0.0087345	0.0361165	0.0834595	0.1295	0.175152	0.229841	
0.101275	0.101275	0.0857353	0.0865353	0.114177	0.152309	0.191389	0.237214	0.281843	0.299143	0.255817	0.175841	0.0916918	0.016688	-0.051749	-0.113921	-0.155823	-0.147202	-0.109099	-0.0689711	-0.0479205	-0.0410467	-0.0409323	-0.043429	-0.0621644	-0.109286	-0.185669	-0.274288	-0.36839	-0.451536	-0.519519	-0.560936	-0.568528	-0.542176	-0.496052	-0.442225	-0.383164	-0.309455	-0.221473	-0.125693	-0.0465888	0.012157	0.0411628	0.0570592	0.0749057	0.0834595	0.0765774	0.067116	0.0633419	0.0751486	
0.0332334	0.0332334	0.0234215	0.0212114	0.0393331	0.0643901	0.0890243	0.124639	0.159868	0.170959	0.130375	0.0608533	0.0036741	-0.0278571	-0.0475084	-0.0629747	-0.0627401	-0.0295799	0.0111778	0.0403298	0.0513084	0.0418427	0.0312424	0.0246744	0.00756702	-0.0340836	-0.1102	-0.209006	-0.312405	-0.409914	-0.490656	-0.541716	-0.559023	-0.536951	-0.486679	-0.423171	-0.353175	-0.26893	-0.164338	-0.0501694	0.0537218	0.128945	0.169244	0.176184	0.163666	0.1295	0.067116	-0.003021	-0.0583414	-0.0858182	
-0.0328164	-0.0328164	-0.0396132	-0.0415637	-0.0279033	-0.0128418	-0.00223591	0.0205842	0.0468443	0.0551519	0.0284907	-0.0234862	-0.0579973	-0.0579813	-0.0437868	-0.0197371	0.0197999	0.068164	0.110636	0.134713	0.134813	0.113858	0.0969329	0.0881715	0.0691226	0.0334652	-0.0367222	-0.139655	-0.245198	-0.3396	-0.419207	-0.473918	-0.493309	-0.466053	-0.409982	-0.337129	-0.253862	-0.162479	-0.0518524	0.0735334	0.194251	0.279131	0.318101	0.313897	0.260754	0.175152	0.0633419	-0.0583414	-0.157029	-0.216968	
-0.0760508	-0.0760508	-0.0856373	-0.0842508	-0.0763541	-0.0729122	-0.0755544	-0.0663926	-0.0437074	-0.0329191	-0.0482704	-0.074993	-0.085894	-0.0636143	-0.0259089	0.024992	0.0878466	0.147486	0.191367	0.206166	0.197073	0.177524	0.153034	0.137566	0.125204	0.0960231	0.0340887	-0.0633188	-0.170197	-0.261369	-0.332747	-0.37348	-0.374604	-0.335601	-0.270586	-0.188832	-0.103467	-0.00673032	0.108686	0.236366	0.35654	0.444767	0.476179	0.448066	0.359976	0.229841	0.0751486	-0.0858182	-0.216968	-0.306986	
