-0.410151	-0.410151	0.122168	0.150184	-0.289382	-0.104598	
-0.410151	-0.410151	0.122168	0.150184	-0.289382	-0.104598	
0.122168	0.122168	0.766286	0.741733	0.335726	0.417459	
0.150184	0.150184	0.741733	0.774512	0.465026	-0.00658787	
-0.289382	-0.289382	0.335726	0.465026	-0.0769705	0.0892528	
-0.104598	-0.104598	0.417459	-0.00658787	0.0892528	-0.924468	
