-0.258164	-0.258164	-0.254466	-0.226707	-0.180563	-0.14558	-0.131786	-0.120251	-0.0870015	-0.0365558	0.0262793	0.121611	0.251367	0.373031	0.460138	0.511883	0.512269	0.454249	0.340762	0.17732	-0.0379275	-0.291682	-0.569561	-0.830491	-1.0338	-1.15405	-1.19346	-1.16976	-1.07383	-0.904252	-0.701003	-0.507894	-0.324438	-0.152701	3.0585e-05	0.150162	0.307641	0.462994	0.595846	0.69756	0.763089	0.784848	0.774123	0.73355	0.667839	0.589911	0.508995	0.416942	0.312041	0.229667	
-0.258164	-0.258164	-0.254466	-0.226707	-0.180563	-0.14558	-0.131786	-0.120251	-0.0870015	-0.0365558	0.0262793	0.121611	0.251367	0.373031	0.460138	0.511883	0.512269	0.454249	0.340762	0.17732	-0.0379275	-0.291682	-0.569561	-0.830491	-1.0338	-1.15405	-1.19346	-1.16976	-1.07383	-0.904252	-0.701003	-0.507894	-0.324438	-0.152701	3.0585e-05	0.150162	0.307641	0.462994	0.595846	0.69756	0.763089	0.784848	0.774123	0.73355	0.667839	0.589911	0.508995	0.416942	0.312041	0.229667	
-0.254466	-0.254466	-0.250887	-0.229205	-0.191743	-0.15839	-0.140257	-0.126962	-0.0920625	-0.0320372	0.0446787	0.142265	0.260694	0.368168	0.445269	0.484936	0.467927	0.393319	0.270265	0.106853	-0.0976886	-0.325809	-0.567039	-0.793437	-0.974897	-1.08459	-1.11774	-1.09356	-1.00762	-0.855322	-0.664552	-0.474076	-0.290442	-0.123019	0.0233715	0.167817	0.316277	0.452269	0.559908	0.642065	0.700594	0.72346	0.720578	0.694913	0.649051	0.583586	0.505368	0.416204	0.321309	0.247638	
-0.226707	-0.226707	-0.229205	-0.218508	-0.191613	-0.162792	-0.143319	-0.123414	-0.0765356	0.000281736	0.0852841	0.173816	0.267401	0.349327	0.402739	0.415921	0.369077	0.268911	0.133958	-0.0272642	-0.211225	-0.398777	-0.581813	-0.74852	-0.88321	-0.961218	-0.976476	-0.948943	-0.878661	-0.752261	-0.58168	-0.398408	-0.218631	-0.0605496	0.0712149	0.198917	0.322973	0.423075	0.488718	0.537542	0.578383	0.601562	0.610915	0.610119	0.59297	0.554176	0.494941	0.420861	0.341574	0.281217	
-0.180563	-0.180563	-0.191743	-0.191613	-0.174513	-0.154589	-0.134378	-0.0969709	-0.0245851	0.0631857	0.138827	0.201784	0.263641	0.306748	0.318599	0.293444	0.218787	0.102651	-0.0389841	-0.192434	-0.351091	-0.49165	-0.611182	-0.707253	-0.775667	-0.80345	-0.789537	-0.755438	-0.695667	-0.590429	-0.441721	-0.276543	-0.112851	0.0264508	0.135649	0.233662	0.321492	0.377781	0.397357	0.404802	0.420962	0.437958	0.460552	0.483103	0.498834	0.494227	0.46847	0.423807	0.367686	0.321906	
-0.14558	-0.14558	-0.15839	-0.162792	-0.154589	-0.14069	-0.111394	-0.047169	0.0459296	0.132194	0.184427	0.217486	0.238259	0.228683	0.184084	0.119838	0.0315429	-0.0848178	-0.219797	-0.357873	-0.480876	-0.571042	-0.62926	-0.6579	-0.657658	-0.6271	-0.578265	-0.528541	-0.46727	-0.371766	-0.247234	-0.116612	0.00962596	0.116664	0.194338	0.254754	0.298272	0.313146	0.295898	0.270762	0.259998	0.270736	0.301987	0.34251	0.376349	0.402226	0.417436	0.409216	0.375924	0.346993	
-0.131786	-0.131786	-0.140257	-0.143319	-0.134378	-0.111394	-0.0631895	0.0143882	0.107811	0.180875	0.213653	0.210723	0.179309	0.108689	0.0136058	-0.0803442	-0.175616	-0.281934	-0.396577	-0.498545	-0.573447	-0.609972	-0.616265	-0.59081	-0.53176	-0.447455	-0.358899	-0.285451	-0.212005	-0.121467	-0.0233903	0.0625204	0.139613	0.202199	0.239647	0.255659	0.256359	0.236972	0.196252	0.150103	0.122724	0.12073	0.149751	0.193136	0.241326	0.289343	0.335469	0.364091	0.366171	0.360503	
-0.120251	-0.120251	-0.126962	-0.123414	-0.0969709	-0.047169	0.0143882	0.0822222	0.151766	0.207107	0.215408	0.169527	0.0789924	-0.0406911	-0.169974	-0.287785	-0.393013	-0.487755	-0.563535	-0.612784	-0.63103	-0.618798	-0.578525	-0.505661	-0.397581	-0.2667	-0.141505	-0.0416979	0.0427002	0.126731	0.198362	0.243314	0.269233	0.280505	0.270641	0.245088	0.210557	0.16734	0.112302	0.0559907	0.0110841	-0.00928239	0.000552724	0.0382397	0.0920888	0.158994	0.230892	0.289096	0.324207	0.349054	
-0.0870015	-0.0870015	-0.0920625	-0.0765356	-0.0245851	0.0459296	0.107811	0.151766	0.189274	0.206393	0.173073	0.0785895	-0.0535327	-0.203052	-0.353633	-0.490971	-0.604245	-0.679048	-0.709347	-0.701211	-0.668182	-0.608438	-0.519474	-0.398114	-0.24849	-0.085091	0.0663254	0.183559	0.271365	0.340352	0.385566	0.397045	0.382209	0.346599	0.294777	0.237745	0.182398	0.122615	0.0538544	-0.0169755	-0.0774749	-0.123153	-0.137461	-0.113119	-0.0530118	0.0245434	0.105306	0.182078	0.250486	0.309209	
-0.0365558	-0.0365558	-0.0320372	0.000281736	0.0631857	0.132194	0.180875	0.207107	0.206393	0.166951	0.0752722	-0.0554763	-0.208893	-0.3718	-0.532723	-0.674241	-0.779001	-0.830616	-0.821091	-0.766202	-0.681291	-0.569998	-0.428769	-0.264141	-0.0844253	0.0980692	0.262011	0.385512	0.463517	0.506818	0.520113	0.504379	0.460408	0.393833	0.315978	0.241308	0.171572	0.0969608	0.0145374	-0.0653187	-0.138655	-0.19923	-0.235569	-0.229552	-0.184025	-0.113441	-0.0322947	0.0502901	0.134282	0.222946	
0.0262793	0.0262793	0.0446787	0.0852841	0.138827	0.184427	0.213653	0.215408	0.173073	0.0752722	-0.0606838	-0.214683	-0.37675	-0.541176	-0.692724	-0.814995	-0.895195	-0.919042	-0.878612	-0.780942	-0.643515	-0.478888	-0.295333	-0.101577	0.093128	0.278524	0.43618	0.547077	0.603986	0.616854	0.600526	0.562389	0.501665	0.421551	0.334111	0.252331	0.175967	0.0958642	0.00947376	-0.0766362	-0.156395	-0.228502	-0.281579	-0.302185	-0.286337	-0.239876	-0.172611	-0.0907077	0.0023348	0.110334	
0.121611	0.121611	0.142265	0.173816	0.201784	0.217486	0.210723	0.169527	0.0785895	-0.0554763	-0.214683	-0.380814	-0.545625	-0.697485	-0.826713	-0.921685	-0.966969	-0.953345	-0.875898	-0.739138	-0.55537	-0.349521	-0.13486	0.0753596	0.272304	0.441757	0.570758	0.650411	0.679997	0.670963	0.63423	0.5784	0.50277	0.416166	0.33213	0.25628	0.186276	0.112724	0.0325014	-0.0516298	-0.138415	-0.219114	-0.288485	-0.336131	-0.355689	-0.33962	-0.28947	-0.219119	-0.132023	-0.0157712	
0.251367	0.251367	0.260694	0.267401	0.263641	0.238259	0.179309	0.0789924	-0.0535327	-0.208893	-0.37675	-0.545625	-0.698761	-0.827368	-0.931539	-0.997676	-1.00157	-0.939673	-0.82085	-0.648914	-0.432703	-0.197814	0.035033	0.248542	0.428388	0.565205	0.651122	0.690582	0.69211	0.665319	0.613509	0.544263	0.462471	0.383187	0.314572	0.256757	0.202345	0.144088	0.0736194	-0.0117831	-0.104157	-0.190709	-0.270452	-0.339344	-0.388333	-0.400208	-0.376531	-0.324089	-0.244175	-0.128214	
0.373031	0.373031	0.368168	0.349327	0.306748	0.228683	0.108689	-0.0406911	-0.203052	-0.3718	-0.541176	-0.697485	-0.827368	-0.92522	-0.991744	-1.01457	-0.973787	-0.871023	-0.717172	-0.515805	-0.273656	-0.021708	0.214344	0.407835	0.552238	0.644432	0.685017	0.682625	0.651242	0.600617	0.533707	0.46303	0.39297	0.334872	0.295465	0.264904	0.233459	0.190448	0.129256	0.0474024	-0.0472021	-0.139298	-0.229448	-0.313616	-0.381027	-0.418387	-0.424245	-0.39978	-0.337468	-0.231282	
0.460138	0.460138	0.445269	0.402739	0.318599	0.184084	0.0136058	-0.169974	-0.353633	-0.532723	-0.692724	-0.826713	-0.931539	-0.991744	-0.999955	-0.963104	-0.880243	-0.749411	-0.570973	-0.347503	-0.0904456	0.164745	0.385452	0.547813	0.646904	0.689178	0.679672	0.63542	0.569574	0.493298	0.416383	0.35581	0.305823	0.273516	0.260618	0.260543	0.258547	0.242994	0.199493	0.123836	0.028554	-0.0658723	-0.160724	-0.250406	-0.331236	-0.392629	-0.435245	-0.445244	-0.408285	-0.323395	
0.511883	0.511883	0.484936	0.415921	0.293444	0.119838	-0.0803442	-0.287785	-0.490971	-0.674241	-0.814995	-0.921685	-0.997676	-1.01457	-0.963104	-0.869571	-0.745496	-0.585103	-0.388732	-0.158993	0.0920399	0.326425	0.519162	0.648088	0.706685	0.697241	0.640425	0.559896	0.467582	0.374308	0.295048	0.244118	0.207881	0.188778	0.196202	0.221937	0.250657	0.264398	0.251149	0.202608	0.123131	0.0309231	-0.0640904	-0.155666	-0.247061	-0.335978	-0.413817	-0.456595	-0.449021	-0.392203	
0.512269	0.512269	0.467927	0.369077	0.218787	0.0315429	-0.175616	-0.393013	-0.604245	-0.779001	-0.895195	-0.966969	-1.00157	-0.973787	-0.880243	-0.745496	-0.577405	-0.382595	-0.173218	0.0477886	0.268723	0.456128	0.599568	0.690345	0.711974	0.666756	0.579445	0.47753	0.369447	0.26694	0.183583	0.135803	0.106186	0.0976383	0.115216	0.155832	0.202631	0.245485	0.273846	0.271387	0.226918	0.155401	0.0651274	-0.0339208	-0.145181	-0.258899	-0.362367	-0.429199	-0.448233	-0.4225	
0.454249	0.454249	0.393319	0.268911	0.102651	-0.0848178	-0.281934	-0.487755	-0.679048	-0.830616	-0.919042	-0.953345	-0.939673	-0.871023	-0.749411	-0.585103	-0.382595	-0.161231	0.0533417	0.254628	0.427578	0.546658	0.624528	0.666313	0.659941	0.599922	0.504216	0.393691	0.280337	0.172796	0.0833544	0.0316812	0.00373133	-0.00155384	0.0234338	0.0713907	0.126769	0.189651	0.261698	0.315557	0.322046	0.28137	0.203849	0.10173	-0.0213779	-0.1497	-0.270075	-0.36071	-0.4138	-0.424843	
0.340762	0.340762	0.270265	0.133958	-0.0389841	-0.219797	-0.396577	-0.563535	-0.709347	-0.821091	-0.878612	-0.875898	-0.82085	-0.717172	-0.570973	-0.388732	-0.173218	0.0533417	0.255645	0.417052	0.526767	0.576912	0.592437	0.590892	0.564034	0.500918	0.40699	0.30327	0.199508	0.0976869	0.00605989	-0.0509351	-0.087093	-0.0986458	-0.0771465	-0.0305521	0.0279198	0.107888	0.210083	0.306147	0.36294	0.372315	0.328492	0.240275	0.122108	-0.00374224	-0.131715	-0.250724	-0.345633	-0.399826	
0.17732	0.17732	0.106853	-0.0272642	-0.192434	-0.357873	-0.498545	-0.612784	-0.701211	-0.766202	-0.780942	-0.739138	-0.648914	-0.515805	-0.347503	-0.158993	0.0477886	0.254628	0.417052	0.51663	0.561507	0.558553	0.531269	0.496936	0.450667	0.380809	0.295918	0.211236	0.126614	0.037044	-0.0476892	-0.107359	-0.153819	-0.177201	-0.1687	-0.132912	-0.075122	0.0146697	0.13505	0.259269	0.358882	0.417332	0.418879	0.364078	0.267313	0.156508	0.0291744	-0.106466	-0.23291	-0.326428	
-0.0379275	-0.0379275	-0.0976886	-0.211225	-0.351091	-0.480876	-0.573447	-0.63103	-0.668182	-0.681291	-0.643515	-0.55537	-0.432703	-0.273656	-0.0904456	0.0920399	0.268723	0.427578	0.526767	0.561507	0.55472	0.515225	0.457905	0.396491	0.328228	0.254971	0.189697	0.132203	0.0668369	-0.00762595	-0.0821967	-0.140415	-0.189916	-0.225439	-0.238135	-0.219829	-0.164919	-0.0700713	0.0556641	0.191132	0.314429	0.412964	0.464999	0.455473	0.396502	0.308253	0.189397	0.0505869	-0.0883458	-0.20731	
-0.291682	-0.291682	-0.325809	-0.398777	-0.49165	-0.571042	-0.609972	-0.618798	-0.608438	-0.569998	-0.478888	-0.349521	-0.197814	-0.021708	0.164745	0.326425	0.456128	0.546658	0.576912	0.558553	0.515225	0.448253	0.366803	0.282811	0.199697	0.131649	0.0910134	0.0598795	0.0184002	-0.0388998	-0.106733	-0.163728	-0.215397	-0.261075	-0.291102	-0.283863	-0.236658	-0.151014	-0.0340648	0.093479	0.220291	0.345228	0.445977	0.498831	0.492037	0.434454	0.329994	0.202596	0.0679742	-0.0599228	
-0.569561	-0.569561	-0.567039	-0.581813	-0.611182	-0.62926	-0.616265	-0.578525	-0.519474	-0.428769	-0.295333	-0.13486	0.035033	0.214344	0.385452	0.519162	0.599568	0.624528	0.592437	0.531269	0.457905	0.366803	0.266436	0.171742	0.0874531	0.0273446	-0.000645132	-0.00980684	-0.0261786	-0.0675352	-0.12925	-0.184541	-0.236196	-0.287777	-0.319588	-0.319175	-0.29119	-0.230057	-0.136301	-0.0239636	0.101116	0.2404	0.382023	0.492677	0.543143	0.524695	0.450942	0.348184	0.228143	0.100899	
-0.830491	-0.830491	-0.793437	-0.74852	-0.707253	-0.6579	-0.59081	-0.505661	-0.398114	-0.264141	-0.101577	0.0753596	0.248542	0.407835	0.547813	0.648088	0.690345	0.666313	0.590892	0.496936	0.396491	0.282811	0.171742	0.0820599	0.00917392	-0.0486504	-0.0759458	-0.0781606	-0.0840415	-0.117931	-0.169645	-0.21431	-0.259865	-0.301266	-0.328119	-0.33975	-0.337397	-0.306248	-0.235836	-0.132439	-0.00541459	0.141504	0.301487	0.448155	0.53979	0.566014	0.537243	0.470097	0.371908	0.252215	
-1.0338	-1.0338	-0.974897	-0.88321	-0.775667	-0.657658	-0.53176	-0.397581	-0.24849	-0.0844253	0.093128	0.272304	0.428388	0.552238	0.646904	0.706685	0.711974	0.659941	0.564034	0.450667	0.328228	0.199697	0.0874531	0.00917392	-0.0530643	-0.105392	-0.134014	-0.141003	-0.153903	-0.18367	-0.218912	-0.249227	-0.275239	-0.297875	-0.320161	-0.34671	-0.371413	-0.370744	-0.32232	-0.224825	-0.100112	0.0434914	0.21135	0.370776	0.487364	0.554169	0.57242	0.546715	0.480134	0.381832	
-1.15405	-1.15405	-1.08459	-0.961218	-0.80345	-0.6271	-0.447455	-0.2667	-0.085091	0.0980692	0.278524	0.441757	0.565205	0.644432	0.689178	0.697241	0.666756	0.599922	0.500918	0.380809	0.254971	0.131649	0.0273446	-0.0486504	-0.105392	-0.149506	-0.17351	-0.188408	-0.206761	-0.231585	-0.258239	-0.274556	-0.278668	-0.285039	-0.308103	-0.345024	-0.385807	-0.409694	-0.383477	-0.30481	-0.194568	-0.0558156	0.105597	0.262752	0.39571	0.496004	0.557959	0.578754	0.556796	0.497574	
-1.19346	-1.19346	-1.11774	-0.976476	-0.789537	-0.578265	-0.358899	-0.141505	0.0663254	0.262011	0.43618	0.570758	0.651122	0.685017	0.679672	0.640425	0.579445	0.504216	0.40699	0.295918	0.189697	0.0910134	-0.000645132	-0.0759458	-0.134014	-0.17351	-0.196354	-0.209564	-0.22413	-0.246515	-0.271133	-0.2808	-0.2761	-0.2816	-0.307255	-0.348491	-0.397779	-0.426562	-0.411545	-0.358824	-0.274817	-0.156055	-0.0108879	0.138635	0.281353	0.407557	0.508847	0.576723	0.605295	0.595903	
-1.16976	-1.16976	-1.09356	-0.948943	-0.755438	-0.528541	-0.285451	-0.0416979	0.183559	0.385512	0.547077	0.650411	0.690582	0.682625	0.63542	0.559896	0.47753	0.393691	0.30327	0.211236	0.132203	0.0598795	-0.00980684	-0.0781606	-0.141003	-0.188408	-0.209564	-0.213012	-0.219238	-0.237563	-0.257287	-0.265726	-0.270671	-0.289275	-0.322935	-0.36923	-0.409989	-0.428801	-0.424392	-0.397508	-0.338606	-0.247203	-0.13092	0.00652872	0.155289	0.301403	0.437427	0.546012	0.621699	0.657737	
-1.07383	-1.07383	-1.00762	-0.878661	-0.695667	-0.46727	-0.212005	0.0427002	0.271365	0.463517	0.603986	0.679997	0.69211	0.651242	0.569574	0.467582	0.369447	0.280337	0.199508	0.126614	0.0668369	0.0184002	-0.0261786	-0.0840415	-0.153903	-0.206761	-0.22413	-0.219238	-0.216504	-0.222106	-0.232131	-0.248143	-0.270443	-0.302147	-0.345759	-0.394455	-0.42418	-0.43454	-0.439475	-0.431788	-0.399086	-0.338188	-0.244416	-0.120447	0.0246268	0.185621	0.349023	0.492127	0.606984	0.675961	
-0.904252	-0.904252	-0.855322	-0.752261	-0.590429	-0.371766	-0.121467	0.126731	0.340352	0.506818	0.616854	0.670963	0.665319	0.600617	0.493298	0.374308	0.26694	0.172796	0.0976869	0.037044	-0.00762595	-0.0388998	-0.0675352	-0.117931	-0.18367	-0.231585	-0.246515	-0.237563	-0.222106	-0.211655	-0.214751	-0.234957	-0.264996	-0.306679	-0.358743	-0.403938	-0.427568	-0.444985	-0.463304	-0.467945	-0.456465	-0.419697	-0.347163	-0.237896	-0.0965876	0.0727553	0.255978	0.428052	0.567264	0.654159	
-0.701003	-0.701003	-0.664552	-0.58168	-0.441721	-0.247234	-0.0233903	0.198362	0.385566	0.520113	0.600526	0.63423	0.613509	0.533707	0.416383	0.295048	0.183583	0.0833544	0.00605989	-0.0476892	-0.0821967	-0.106733	-0.12925	-0.169645	-0.218912	-0.258239	-0.271133	-0.257287	-0.232131	-0.214751	-0.212633	-0.221986	-0.244101	-0.285949	-0.339106	-0.385839	-0.417441	-0.445031	-0.468501	-0.487827	-0.500084	-0.484428	-0.429864	-0.33613	-0.20406	-0.0388919	0.150925	0.341089	0.497165	0.598431	
-0.507894	-0.507894	-0.474076	-0.398408	-0.276543	-0.116612	0.0625204	0.243314	0.397045	0.504379	0.562389	0.5784	0.544263	0.46303	0.35581	0.244118	0.135803	0.0316812	-0.0509351	-0.107359	-0.140415	-0.163728	-0.184541	-0.21431	-0.249227	-0.274556	-0.2808	-0.265726	-0.248143	-0.234957	-0.221986	-0.205836	-0.207484	-0.235369	-0.281396	-0.33183	-0.378393	-0.417352	-0.448475	-0.481751	-0.514103	-0.520155	-0.489221	-0.412028	-0.297559	-0.147374	0.0400957	0.237471	0.405046	0.522474	
-0.324438	-0.324438	-0.290442	-0.218631	-0.112851	0.00962596	0.139613	0.269233	0.382209	0.460408	0.501665	0.50277	0.462471	0.39297	0.305823	0.207881	0.106186	0.00373133	-0.087093	-0.153819	-0.189916	-0.215397	-0.236196	-0.259865	-0.275239	-0.278668	-0.2761	-0.270671	-0.270443	-0.264996	-0.244101	-0.207484	-0.180875	-0.184651	-0.21685	-0.275326	-0.335589	-0.38589	-0.428667	-0.474358	-0.518103	-0.539278	-0.526031	-0.467933	-0.374853	-0.245163	-0.0722958	0.118297	0.29078	0.417916	
-0.152701	-0.152701	-0.123019	-0.0605496	0.0264508	0.116664	0.202199	0.280505	0.346599	0.393833	0.421551	0.416166	0.383187	0.334872	0.273516	0.188778	0.0976383	-0.00155384	-0.0986458	-0.177201	-0.225439	-0.261075	-0.287777	-0.301266	-0.297875	-0.285039	-0.2816	-0.289275	-0.302147	-0.306679	-0.285949	-0.235369	-0.184651	-0.15936	-0.175114	-0.230708	-0.301825	-0.365456	-0.419675	-0.468898	-0.515198	-0.542687	-0.544142	-0.507889	-0.439135	-0.325459	-0.170423	-0.00112233	0.15811	0.285139	
3.0585e-05	3.0585e-05	0.0233715	0.0712149	0.135649	0.194338	0.239647	0.270641	0.294777	0.315978	0.334111	0.33213	0.314572	0.295465	0.260618	0.196202	0.115216	0.0234338	-0.0771465	-0.1687	-0.238135	-0.291102	-0.319588	-0.328119	-0.320161	-0.308103	-0.307255	-0.322935	-0.345759	-0.358743	-0.339106	-0.281396	-0.21685	-0.175114	-0.175016	-0.218131	-0.283254	-0.347843	-0.404408	-0.451879	-0.493542	-0.523808	-0.537294	-0.52573	-0.479546	-0.385115	-0.258808	-0.11787	0.0203079	0.133363	
0.150162	0.150162	0.167817	0.198917	0.233662	0.254754	0.255659	0.245088	0.237745	0.241308	0.252331	0.25628	0.256757	0.264904	0.260543	0.221937	0.155832	0.0713907	-0.0305521	-0.132912	-0.219829	-0.283863	-0.319175	-0.33975	-0.34671	-0.345024	-0.348491	-0.36923	-0.394455	-0.403938	-0.385839	-0.33183	-0.275326	-0.230708	-0.218131	-0.239483	-0.2811	-0.330089	-0.375177	-0.419585	-0.459802	-0.488573	-0.513925	-0.523961	-0.494852	-0.418968	-0.324517	-0.218215	-0.107249	-0.0113886	
0.307641	0.307641	0.316277	0.322973	0.321492	0.298272	0.256359	0.210557	0.182398	0.171572	0.175967	0.186276	0.202345	0.233459	0.258547	0.250657	0.202631	0.126769	0.0279198	-0.075122	-0.164919	-0.236658	-0.29119	-0.337397	-0.371413	-0.385807	-0.397779	-0.409989	-0.42418	-0.427568	-0.417441	-0.378393	-0.335589	-0.301825	-0.283254	-0.2811	-0.292631	-0.316088	-0.347217	-0.387541	-0.428784	-0.461288	-0.49204	-0.507357	-0.489522	-0.440718	-0.377147	-0.295736	-0.209071	-0.128006	
0.462994	0.462994	0.452269	0.423075	0.377781	0.313146	0.236972	0.16734	0.122615	0.0969608	0.0958642	0.112724	0.144088	0.190448	0.242994	0.264398	0.245485	0.189651	0.107888	0.0146697	-0.0700713	-0.151014	-0.230057	-0.306248	-0.370744	-0.409694	-0.426562	-0.428801	-0.43454	-0.444985	-0.445031	-0.417352	-0.38589	-0.365456	-0.347843	-0.330089	-0.316088	-0.312015	-0.325855	-0.359398	-0.401751	-0.438029	-0.473292	-0.494039	-0.491514	-0.467545	-0.427687	-0.367974	-0.297158	-0.214781	
0.595846	0.595846	0.559908	0.488718	0.397357	0.295898	0.196252	0.112302	0.0538544	0.0145374	0.00947376	0.0325014	0.0736194	0.129256	0.199493	0.251149	0.273846	0.261698	0.210083	0.13505	0.0556641	-0.0340648	-0.136301	-0.235836	-0.32232	-0.383477	-0.411545	-0.424392	-0.439475	-0.463304	-0.468501	-0.448475	-0.428667	-0.419675	-0.404408	-0.375177	-0.347217	-0.325855	-0.319387	-0.337816	-0.374734	-0.418552	-0.458249	-0.494033	-0.520203	-0.51987	-0.490444	-0.437634	-0.369329	-0.28565	
0.69756	0.69756	0.642065	0.537542	0.404802	0.270762	0.150103	0.0559907	-0.0169755	-0.0653187	-0.0766362	-0.0516298	-0.0117831	0.0474024	0.123836	0.202608	0.271387	0.315557	0.306147	0.259269	0.191132	0.093479	-0.0239636	-0.132439	-0.224825	-0.30481	-0.358824	-0.397508	-0.431788	-0.467945	-0.487827	-0.481751	-0.474358	-0.468898	-0.451879	-0.419585	-0.387541	-0.359398	-0.337816	-0.338666	-0.366553	-0.413653	-0.469031	-0.527739	-0.574782	-0.586269	-0.560145	-0.508402	-0.438303	-0.35531	
0.763089	0.763089	0.700594	0.578383	0.420962	0.259998	0.122724	0.0110841	-0.0774749	-0.138655	-0.156395	-0.138415	-0.104157	-0.0472021	0.028554	0.123131	0.226918	0.322046	0.36294	0.358882	0.314429	0.220291	0.101116	-0.00541459	-0.100112	-0.194568	-0.274817	-0.338606	-0.399086	-0.456465	-0.500084	-0.514103	-0.518103	-0.515198	-0.493542	-0.459802	-0.428784	-0.401751	-0.374734	-0.366553	-0.393478	-0.449468	-0.515834	-0.590706	-0.650807	-0.667304	-0.638996	-0.583764	-0.514177	-0.428132	
0.784848	0.784848	0.72346	0.601562	0.437958	0.270736	0.12073	-0.00928239	-0.123153	-0.19923	-0.228502	-0.219114	-0.190709	-0.139298	-0.0658723	0.0309231	0.155401	0.28137	0.372315	0.417332	0.412964	0.345228	0.2404	0.141504	0.0434914	-0.0558156	-0.156055	-0.247203	-0.338188	-0.419697	-0.484428	-0.520155	-0.539278	-0.542687	-0.523808	-0.488573	-0.461288	-0.438029	-0.418552	-0.413653	-0.449468	-0.513046	-0.585043	-0.663732	-0.72756	-0.748134	-0.725615	-0.669757	-0.592647	-0.491587	
0.774123	0.774123	0.720578	0.610915	0.460552	0.301987	0.149751	0.000552724	-0.137461	-0.235569	-0.281579	-0.288485	-0.270452	-0.229448	-0.160724	-0.0640904	0.0651274	0.203849	0.328492	0.418879	0.464999	0.445977	0.382023	0.301487	0.21135	0.105597	-0.0108879	-0.13092	-0.244416	-0.347163	-0.429864	-0.489221	-0.526031	-0.544142	-0.537294	-0.513925	-0.49204	-0.473292	-0.458249	-0.469031	-0.515834	-0.585043	-0.657922	-0.733778	-0.794033	-0.815203	-0.801075	-0.746437	-0.657625	-0.54448	
0.73355	0.73355	0.694913	0.610119	0.483103	0.34251	0.193136	0.0382397	-0.113119	-0.229552	-0.302185	-0.336131	-0.339344	-0.313616	-0.250406	-0.155666	-0.0339208	0.10173	0.240275	0.364078	0.455473	0.498831	0.492677	0.448155	0.370776	0.262752	0.138635	0.00652872	-0.120447	-0.237896	-0.33613	-0.412028	-0.467933	-0.507889	-0.52573	-0.523961	-0.507357	-0.494039	-0.494033	-0.527739	-0.590706	-0.663732	-0.733778	-0.793381	-0.835092	-0.856456	-0.842952	-0.794854	-0.705042	-0.581197	
0.667839	0.667839	0.649051	0.59297	0.498834	0.376349	0.241326	0.0920888	-0.0530118	-0.184025	-0.286337	-0.355689	-0.388333	-0.381027	-0.331236	-0.247061	-0.145181	-0.0213779	0.122108	0.267313	0.396502	0.492037	0.543143	0.53979	0.487364	0.39571	0.281353	0.155289	0.0246268	-0.0965876	-0.20406	-0.297559	-0.374853	-0.439135	-0.479546	-0.494852	-0.489522	-0.491514	-0.520203	-0.574782	-0.650807	-0.72756	-0.794033	-0.835092	-0.861443	-0.877345	-0.866829	-0.82526	-0.741887	-0.607401	
0.589911	0.589911	0.583586	0.554176	0.494227	0.402226	0.289343	0.158994	0.0245434	-0.113441	-0.239876	-0.33962	-0.400208	-0.418387	-0.392629	-0.335978	-0.258899	-0.1497	-0.00374224	0.156508	0.308253	0.434454	0.524695	0.566014	0.554169	0.496004	0.407557	0.301403	0.185621	0.0727553	-0.0388919	-0.147374	-0.245163	-0.325459	-0.385115	-0.418968	-0.440718	-0.467545	-0.51987	-0.586269	-0.667304	-0.748134	-0.815203	-0.856456	-0.877345	-0.882932	-0.872347	-0.83357	-0.754872	-0.616156	
0.508995	0.508995	0.505368	0.494941	0.46847	0.417436	0.335469	0.230892	0.105306	-0.0322947	-0.172611	-0.28947	-0.376531	-0.424245	-0.435245	-0.413817	-0.362367	-0.270075	-0.131715	0.0291744	0.189397	0.329994	0.450942	0.537243	0.57242	0.557959	0.508847	0.437427	0.349023	0.255978	0.150925	0.0400957	-0.0722958	-0.170423	-0.258808	-0.324517	-0.377147	-0.427687	-0.490444	-0.560145	-0.638996	-0.725615	-0.801075	-0.842952	-0.866829	-0.872347	-0.860653	-0.821703	-0.746825	-0.619593	
0.416942	0.416942	0.416204	0.420861	0.423807	0.409216	0.364091	0.289096	0.182078	0.0502901	-0.0907077	-0.219119	-0.324089	-0.39978	-0.445244	-0.456595	-0.429199	-0.36071	-0.250724	-0.106466	0.0505869	0.202596	0.348184	0.470097	0.546715	0.578754	0.576723	0.546012	0.492127	0.428052	0.341089	0.237471	0.118297	-0.00112233	-0.11787	-0.218215	-0.295736	-0.367974	-0.437634	-0.508402	-0.583764	-0.669757	-0.746437	-0.794854	-0.82526	-0.83357	-0.821703	-0.790912	-0.727852	-0.615309	
0.312041	0.312041	0.321309	0.341574	0.367686	0.375924	0.366171	0.324207	0.250486	0.134282	0.0023348	-0.132023	-0.244175	-0.337468	-0.408285	-0.449021	-0.448233	-0.4138	-0.345633	-0.23291	-0.0883458	0.0679742	0.228143	0.371908	0.480134	0.556796	0.605295	0.621699	0.606984	0.567264	0.497165	0.405046	0.29078	0.15811	0.0203079	-0.107249	-0.209071	-0.297158	-0.369329	-0.438303	-0.514177	-0.592647	-0.657625	-0.705042	-0.741887	-0.754872	-0.746825	-0.727852	-0.692078	-0.603829	
0.229667	0.229667	0.247638	0.281217	0.321906	0.346993	0.360503	0.349054	0.309209	0.222946	0.110334	-0.0157712	-0.128214	-0.231282	-0.323395	-0.392203	-0.4225	-0.424843	-0.399826	-0.326428	-0.20731	-0.0599228	0.100899	0.252215	0.381832	0.497574	0.595903	0.657737	0.675961	0.654159	0.598431	0.522474	0.417916	0.285139	0.133363	-0.0113886	-0.128006	-0.214781	-0.28565	-0.35531	-0.428132	-0.491587	-0.54448	-0.581197	-0.607401	-0.616156	-0.619593	-0.615309	-0.603829	-0.545634	
