-0.452261	-0.438087	-0.4234	-0.411878	-0.396309	-0.376072	-0.368106	-0.370879	-0.380148	-0.388375	-0.390485	-0.381389	-0.367841	-0.35366	-0.336115	-0.335704	-0.352291	-0.382493	-0.416184	-0.444422	-0.465419	-0.475845	-0.474892	-0.472889	-0.481897	-0.504523	-0.530457	-0.544356	-0.529381	-0.474118	-0.380298	-0.265416	-0.135298	0.00927618	0.173169	0.346835	0.50835	0.635806	0.713935	0.753121	0.743894	0.70676	0.659185	0.612114	0.573068	0.538164	0.529325	0.533293	0.542994	0.542994	
-0.438087	-0.46284	-0.49605	-0.531489	-0.552188	-0.562114	-0.572682	-0.580636	-0.58617	-0.578043	-0.556529	-0.527262	-0.494265	-0.464617	-0.440047	-0.434547	-0.451267	-0.48828	-0.535983	-0.579612	-0.608564	-0.620232	-0.616466	-0.608967	-0.609845	-0.621726	-0.637501	-0.653368	-0.645339	-0.593429	-0.496129	-0.36534	-0.216311	-0.0504364	0.141621	0.344827	0.530065	0.683395	0.788739	0.84781	0.861043	0.847392	0.818946	0.780996	0.746007	0.71087	0.6902	0.686919	0.69389	0.69389	
-0.4234	-0.49605	-0.571883	-0.643565	-0.699408	-0.742	-0.768585	-0.772758	-0.759389	-0.733491	-0.694251	-0.6434	-0.58841	-0.538286	-0.50376	-0.499507	-0.519863	-0.561597	-0.616877	-0.66636	-0.699191	-0.708293	-0.698903	-0.688642	-0.683559	-0.684695	-0.693621	-0.710661	-0.714282	-0.671545	-0.575512	-0.443577	-0.289078	-0.112146	0.0913312	0.304485	0.50321	0.673455	0.803198	0.887804	0.924741	0.929939	0.920991	0.903258	0.875936	0.83957	0.811635	0.799994	0.796579	0.796579	
-0.411878	-0.531489	-0.643565	-0.746575	-0.835673	-0.908467	-0.942342	-0.936923	-0.908964	-0.866535	-0.807141	-0.72781	-0.641518	-0.564368	-0.518744	-0.516368	-0.543944	-0.591319	-0.653289	-0.705909	-0.737765	-0.736405	-0.714005	-0.693257	-0.681442	-0.678565	-0.688479	-0.713489	-0.725294	-0.694545	-0.612882	-0.493042	-0.345606	-0.17471	0.0247971	0.23649	0.43843	0.617552	0.759404	0.863857	0.927297	0.956138	0.967311	0.965561	0.947728	0.914307	0.87459	0.846458	0.834532	0.834532	
-0.396309	-0.552188	-0.699408	-0.835673	-0.95508	-1.04633	-1.08382	-1.07448	-1.03716	-0.970215	-0.884729	-0.777448	-0.660217	-0.555746	-0.493901	-0.484203	-0.516897	-0.571245	-0.635797	-0.690195	-0.713954	-0.696397	-0.658286	-0.625947	-0.611671	-0.612175	-0.622419	-0.650137	-0.671184	-0.658038	-0.599714	-0.505132	-0.38165	-0.230623	-0.0436261	0.158963	0.344796	0.516601	0.664717	0.781437	0.867022	0.917522	0.950922	0.964678	0.951783	0.91912	0.870773	0.832313	0.808318	0.808318	
-0.376072	-0.562114	-0.742	-0.908467	-1.04633	-1.14395	-1.18555	-1.17628	-1.11726	-1.0215	-0.914219	-0.787236	-0.650574	-0.523185	-0.439332	-0.417101	-0.44716	-0.501274	-0.562006	-0.608126	-0.621249	-0.592743	-0.545023	-0.509904	-0.492699	-0.49257	-0.505328	-0.533214	-0.561521	-0.561962	-0.530197	-0.473346	-0.387103	-0.265722	-0.108397	0.0625782	0.227056	0.382447	0.528091	0.656202	0.75925	0.826909	0.86913	0.892671	0.889128	0.861132	0.809286	0.75951	0.727532	0.727532	
-0.368106	-0.572682	-0.768585	-0.942342	-1.08382	-1.18555	-1.23667	-1.22268	-1.14515	-1.02843	-0.902844	-0.758601	-0.604323	-0.463379	-0.363817	-0.329869	-0.353259	-0.399622	-0.448779	-0.483863	-0.487461	-0.451553	-0.399421	-0.354525	-0.331349	-0.331292	-0.349019	-0.382295	-0.414989	-0.430341	-0.425039	-0.404319	-0.358999	-0.280263	-0.162489	-0.027134	0.107629	0.239793	0.370832	0.500936	0.612647	0.694157	0.747219	0.771848	0.769544	0.742926	0.691908	0.638266	0.602602	0.602602	
-0.370879	-0.580636	-0.772758	-0.936923	-1.07448	-1.17628	-1.22268	-1.20025	-1.11841	-0.994443	-0.854828	-0.69888	-0.539941	-0.399536	-0.29683	-0.249869	-0.259778	-0.292171	-0.325473	-0.349296	-0.341076	-0.297746	-0.239507	-0.187564	-0.160194	-0.163364	-0.183908	-0.216827	-0.25105	-0.273444	-0.291638	-0.307719	-0.307467	-0.272059	-0.192663	-0.0919297	0.0107977	0.115616	0.230318	0.351334	0.459839	0.541366	0.59106	0.613437	0.612506	0.584256	0.530692	0.471114	0.426948	0.426948	
-0.380148	-0.58617	-0.759389	-0.908964	-1.03716	-1.11726	-1.14515	-1.11841	-1.03875	-0.922595	-0.782837	-0.635959	-0.489455	-0.361586	-0.25759	-0.198787	-0.191319	-0.206638	-0.225207	-0.231654	-0.20745	-0.154173	-0.0932769	-0.0386382	-0.00834491	-0.00884675	-0.0280394	-0.0592562	-0.0900562	-0.11389	-0.147221	-0.191834	-0.229693	-0.230005	-0.190667	-0.129125	-0.0530499	0.0251908	0.121403	0.232286	0.331782	0.407147	0.442775	0.443074	0.42554	0.386713	0.326	0.262319	0.215192	0.215192	
-0.388375	-0.578043	-0.733491	-0.866535	-0.970215	-1.0215	-1.02843	-0.994443	-0.922595	-0.822853	-0.709078	-0.588943	-0.46182	-0.343953	-0.242231	-0.174738	-0.151754	-0.153671	-0.157473	-0.147542	-0.109553	-0.0483051	0.0201815	0.0847389	0.124391	0.129711	0.107558	0.0738879	0.043544	0.0168713	-0.0241792	-0.0790177	-0.135328	-0.169209	-0.167006	-0.140117	-0.0901343	-0.0281904	0.0537551	0.153242	0.239044	0.297349	0.310805	0.284614	0.241954	0.181516	0.107093	0.0328979	-0.019847	-0.019847	
-0.390485	-0.556529	-0.694251	-0.807141	-0.884729	-0.914219	-0.902844	-0.854828	-0.782837	-0.709078	-0.630342	-0.54492	-0.442462	-0.341782	-0.251019	-0.176023	-0.134552	-0.114684	-0.0991658	-0.0756842	-0.0317647	0.0343159	0.106654	0.176833	0.224987	0.233323	0.211131	0.17408	0.141617	0.112764	0.0674384	0.000391255	-0.0778818	-0.132873	-0.153709	-0.146315	-0.113485	-0.0635806	0.0115147	0.0979634	0.171244	0.21277	0.204634	0.156556	0.0896483	0.00655959	-0.0873168	-0.176763	-0.240676	-0.240676	
-0.381389	-0.527262	-0.6434	-0.72781	-0.777448	-0.787236	-0.758601	-0.69888	-0.635959	-0.588943	-0.54492	-0.490376	-0.415145	-0.336246	-0.253791	-0.176397	-0.119002	-0.0791227	-0.0470356	-0.0116151	0.0406734	0.107994	0.177344	0.243901	0.288165	0.294737	0.269815	0.232218	0.197042	0.162159	0.107755	0.0313727	-0.0551097	-0.126132	-0.170702	-0.185611	-0.162172	-0.113841	-0.0421395	0.0407589	0.108487	0.140429	0.12261	0.0586973	-0.0255422	-0.118554	-0.222116	-0.314795	-0.376157	-0.376157	
-0.367841	-0.494265	-0.58841	-0.641518	-0.660217	-0.650574	-0.604323	-0.539941	-0.489455	-0.46182	-0.442462	-0.415145	-0.369033	-0.300311	-0.226267	-0.150082	-0.081279	-0.0268659	0.0212286	0.0758049	0.132952	0.191763	0.246985	0.29182	0.319088	0.314383	0.280958	0.23812	0.197478	0.154944	0.0963711	0.0124696	-0.0836483	-0.172413	-0.238595	-0.268876	-0.257141	-0.206018	-0.122962	-0.0318935	0.0428241	0.0783637	0.0619564	0.00389891	-0.0804891	-0.175365	-0.275687	-0.370251	-0.431002	-0.431002	
-0.35366	-0.464617	-0.538286	-0.564368	-0.555746	-0.523185	-0.463379	-0.399536	-0.361586	-0.343953	-0.341782	-0.336246	-0.300311	-0.235317	-0.162051	-0.082629	-0.00610782	0.0606625	0.127178	0.193112	0.250129	0.296538	0.329492	0.347177	0.342794	0.312288	0.258778	0.196764	0.143878	0.0948359	0.0303408	-0.0597829	-0.164749	-0.26959	-0.351616	-0.394321	-0.390391	-0.334087	-0.240687	-0.135848	-0.0393482	0.0190195	0.0277555	-0.00678924	-0.0762982	-0.163231	-0.26016	-0.350093	-0.408056	-0.408056	
-0.336115	-0.440047	-0.50376	-0.518744	-0.493901	-0.439332	-0.363817	-0.29683	-0.25759	-0.242231	-0.251019	-0.253791	-0.226267	-0.162051	-0.0810384	0.0109782	0.106549	0.193643	0.276582	0.350409	0.399873	0.428039	0.43322	0.406837	0.36149	0.295801	0.210784	0.131579	0.0652689	0.000455401	-0.0763832	-0.1764	-0.289883	-0.403767	-0.498647	-0.552296	-0.550315	-0.486846	-0.379132	-0.253573	-0.129393	-0.0357996	0.0138393	0.0137353	-0.0323506	-0.101257	-0.190413	-0.276492	-0.326659	-0.326659	
-0.335704	-0.434547	-0.499507	-0.516368	-0.484203	-0.417101	-0.329869	-0.249869	-0.198787	-0.174738	-0.176023	-0.176397	-0.150082	-0.082629	0.0109782	0.127171	0.25077	0.366166	0.469317	0.546937	0.588091	0.591355	0.550937	0.473714	0.378518	0.27249	0.158684	0.054481	-0.0366006	-0.123734	-0.213898	-0.325382	-0.451864	-0.575278	-0.671192	-0.722188	-0.715065	-0.641306	-0.517357	-0.364596	-0.20442	-0.0699327	0.0195103	0.0595129	0.0391987	-0.0203602	-0.0950115	-0.17055	-0.216108	-0.216108	
-0.352291	-0.451267	-0.519863	-0.543944	-0.516897	-0.44716	-0.353259	-0.259778	-0.191319	-0.151754	-0.134552	-0.119002	-0.081279	-0.00610782	0.106549	0.25077	0.408057	0.557779	0.684284	0.768355	0.799643	0.7699	0.680614	0.549568	0.399396	0.245155	0.0976455	-0.0347126	-0.153907	-0.259273	-0.366005	-0.493261	-0.631075	-0.757588	-0.853221	-0.894885	-0.868438	-0.777565	-0.633248	-0.457209	-0.268749	-0.0929836	0.0439254	0.118382	0.125049	0.0832844	0.0114867	-0.0565294	-0.0955715	-0.0955715	
-0.382493	-0.48828	-0.561597	-0.591319	-0.571245	-0.501274	-0.399622	-0.292171	-0.206638	-0.153671	-0.114684	-0.0791227	-0.0268659	0.0606625	0.193643	0.366166	0.557779	0.74367	0.894337	0.984352	0.999694	0.936143	0.800805	0.612826	0.400419	0.199008	0.0194698	-0.13874	-0.273651	-0.390857	-0.510052	-0.644959	-0.789867	-0.92079	-1.01375	-1.0415	-0.996406	-0.892502	-0.73099	-0.531906	-0.313238	-0.0945838	0.0850996	0.191979	0.217343	0.178337	0.108724	0.0472967	0.0102145	0.0102145	
-0.416184	-0.535983	-0.616877	-0.653289	-0.635797	-0.562006	-0.448779	-0.325473	-0.225207	-0.157473	-0.0991658	-0.0470356	0.0212286	0.127178	0.276582	0.469317	0.684284	0.894337	1.05916	1.14246	1.1391	1.05064	0.878357	0.642555	0.385401	0.151195	-0.0523391	-0.228936	-0.375797	-0.500455	-0.624794	-0.758761	-0.90884	-1.04473	-1.13007	-1.1498	-1.09505	-0.976525	-0.799729	-0.580456	-0.330666	-0.0752602	0.13547	0.266178	0.300228	0.253749	0.178346	0.114166	0.0756561	0.0756561	
-0.444422	-0.579612	-0.66636	-0.705909	-0.690195	-0.608126	-0.483863	-0.349296	-0.231654	-0.147542	-0.0756842	-0.0116151	0.0758049	0.193112	0.350409	0.546937	0.768355	0.984352	1.14246	1.20932	1.18798	1.08006	0.883726	0.629674	0.361107	0.114934	-0.0967979	-0.274837	-0.425629	-0.557958	-0.684967	-0.817549	-0.968854	-1.10329	-1.18989	-1.20763	-1.14235	-1.01687	-0.836271	-0.609882	-0.347203	-0.0704494	0.168924	0.314245	0.350528	0.302528	0.216059	0.145478	0.107265	0.107265	
-0.465419	-0.608564	-0.699191	-0.737765	-0.713954	-0.621249	-0.487461	-0.341076	-0.20745	-0.109553	-0.0317647	0.0406734	0.132952	0.250129	0.399873	0.588091	0.799643	0.999694	1.1391	1.18798	1.14787	1.02028	0.8167	0.568224	0.309983	0.076886	-0.116515	-0.277127	-0.418462	-0.543812	-0.665206	-0.800997	-0.955891	-1.0907	-1.18115	-1.20166	-1.13695	-1.01528	-0.841898	-0.62003	-0.357884	-0.0778125	0.167205	0.319334	0.356883	0.303615	0.215839	0.144485	0.104893	0.104893	
-0.475845	-0.620232	-0.708293	-0.736405	-0.696397	-0.592743	-0.451553	-0.297746	-0.154173	-0.0483051	0.0343159	0.107994	0.191763	0.296538	0.428039	0.591355	0.7699	0.936143	1.05064	1.08006	1.02028	0.884111	0.690163	0.462237	0.23035	0.0318516	-0.123373	-0.251988	-0.365776	-0.469923	-0.58069	-0.712397	-0.860556	-0.999267	-1.10129	-1.13161	-1.08318	-0.976466	-0.813063	-0.603882	-0.3562	-0.0852834	0.148247	0.289948	0.321556	0.262466	0.172028	0.0967257	0.0559962	0.0559962	
-0.474892	-0.616466	-0.698903	-0.714005	-0.658286	-0.545023	-0.399421	-0.239507	-0.0932769	0.0201815	0.106654	0.177344	0.246985	0.329492	0.43322	0.550937	0.680614	0.800805	0.878357	0.883726	0.8167	0.690163	0.520818	0.328676	0.145557	-0.000440552	-0.114204	-0.202723	-0.275513	-0.353111	-0.45162	-0.570608	-0.707222	-0.850113	-0.966184	-1.01803	-0.993196	-0.899679	-0.752734	-0.562432	-0.333612	-0.0875149	0.125279	0.24765	0.263439	0.195725	0.0934613	0.0071025	-0.039498	-0.039498	
-0.472889	-0.608967	-0.688642	-0.693257	-0.625947	-0.509904	-0.354525	-0.187564	-0.0386382	0.0847389	0.176833	0.243901	0.29182	0.347177	0.406837	0.473714	0.549568	0.612826	0.642555	0.629674	0.568224	0.462237	0.328676	0.187859	0.071284	-0.0177401	-0.0835967	-0.126677	-0.162244	-0.214596	-0.293266	-0.402379	-0.536424	-0.681139	-0.802143	-0.870761	-0.875417	-0.799631	-0.66989	-0.499168	-0.287072	-0.0723656	0.102465	0.201078	0.195748	0.11327	0.00417782	-0.099232	-0.154194	-0.154194	
-0.481897	-0.609845	-0.683559	-0.681442	-0.611671	-0.492699	-0.331349	-0.160194	-0.00834491	0.124391	0.224987	0.288165	0.319088	0.342794	0.36149	0.378518	0.399396	0.400419	0.385401	0.361107	0.309983	0.23035	0.145557	0.071284	0.019119	-0.0145633	-0.0347694	-0.0365211	-0.043279	-0.0799308	-0.148397	-0.251039	-0.373617	-0.509226	-0.634913	-0.719257	-0.738205	-0.675921	-0.561656	-0.407154	-0.222587	-0.0467488	0.0878715	0.152535	0.124733	0.0339947	-0.0812521	-0.196225	-0.256634	-0.256634	
-0.504523	-0.621726	-0.684695	-0.678565	-0.612175	-0.49257	-0.331292	-0.163364	-0.00884675	0.129711	0.233323	0.294737	0.314383	0.312288	0.295801	0.27249	0.245155	0.199008	0.151195	0.114934	0.076886	0.0318516	-0.000440552	-0.0177401	-0.0145633	0.00377938	0.0216021	0.0435221	0.0550418	0.031919	-0.0294165	-0.130009	-0.243543	-0.361644	-0.482736	-0.566165	-0.588347	-0.539218	-0.433974	-0.293029	-0.138103	-0.00425188	0.0870739	0.111337	0.0639227	-0.0298303	-0.15214	-0.270934	-0.337855	-0.337855	
-0.530457	-0.637501	-0.693621	-0.688479	-0.622419	-0.505328	-0.349019	-0.183908	-0.0280394	0.107558	0.211131	0.269815	0.280958	0.258778	0.210784	0.158684	0.0976455	0.0194698	-0.0523391	-0.0967979	-0.116515	-0.123373	-0.114204	-0.0835967	-0.0347694	0.0216021	0.068318	0.106191	0.133192	0.117558	0.056202	-0.0370726	-0.140565	-0.249901	-0.356578	-0.429745	-0.452939	-0.406978	-0.306328	-0.178256	-0.0467038	0.0550456	0.103707	0.0952557	0.0337534	-0.068555	-0.190021	-0.309405	-0.383391	-0.383391	
-0.544356	-0.653368	-0.710661	-0.713489	-0.650137	-0.533214	-0.382295	-0.216827	-0.0592562	0.0738879	0.17408	0.232218	0.23812	0.196764	0.131579	0.054481	-0.0347126	-0.13874	-0.228936	-0.274837	-0.277127	-0.251988	-0.202723	-0.126677	-0.0365211	0.0435221	0.106191	0.159035	0.189108	0.172846	0.105672	0.0131788	-0.083583	-0.186738	-0.279662	-0.344755	-0.360099	-0.306261	-0.20508	-0.0778502	0.041225	0.12149	0.147546	0.117043	0.0470731	-0.052872	-0.171565	-0.289039	-0.361683	-0.361683	
-0.529381	-0.645339	-0.714282	-0.725294	-0.671184	-0.561521	-0.414989	-0.25105	-0.0900562	0.043544	0.141617	0.197042	0.197478	0.143878	0.0652689	-0.0366006	-0.153907	-0.273651	-0.375797	-0.425629	-0.418462	-0.365776	-0.275513	-0.162244	-0.043279	0.0550418	0.133192	0.189108	0.210448	0.187827	0.11441	0.0148526	-0.0865828	-0.180835	-0.260415	-0.308902	-0.308881	-0.248497	-0.141064	-0.0122362	0.108293	0.188156	0.206574	0.176579	0.116668	0.0288418	-0.071743	-0.173047	-0.239387	-0.239387	
-0.474118	-0.593429	-0.671545	-0.694545	-0.658038	-0.561962	-0.430341	-0.273444	-0.11389	0.0168713	0.112764	0.162159	0.154944	0.0948359	0.000455401	-0.123734	-0.259273	-0.390857	-0.500455	-0.557958	-0.543812	-0.469923	-0.353111	-0.214596	-0.0799308	0.031919	0.117558	0.172846	0.187827	0.151409	0.0684713	-0.0321465	-0.132531	-0.215978	-0.278568	-0.307225	-0.283779	-0.20926	-0.0931175	0.0422176	0.164017	0.248611	0.281323	0.271862	0.236921	0.177588	0.105626	0.0295566	-0.0234862	-0.0234862	
-0.380298	-0.496129	-0.575512	-0.612882	-0.599714	-0.530197	-0.425039	-0.291638	-0.147221	-0.0241792	0.0674384	0.107755	0.0963711	0.0303408	-0.0763832	-0.213898	-0.366005	-0.510052	-0.624794	-0.684967	-0.665206	-0.58069	-0.45162	-0.293266	-0.148397	-0.0294165	0.056202	0.105672	0.11441	0.0684713	-0.016669	-0.113016	-0.203971	-0.270906	-0.308125	-0.306974	-0.250536	-0.157183	-0.0342843	0.110481	0.237186	0.33249	0.388689	0.40077	0.390376	0.365369	0.322064	0.273659	0.244341	0.244341	
-0.265416	-0.36534	-0.443577	-0.493042	-0.505132	-0.473346	-0.404319	-0.307719	-0.191834	-0.0790177	0.000391255	0.0313727	0.0124696	-0.0597829	-0.1764	-0.325382	-0.493261	-0.644959	-0.758761	-0.817549	-0.800997	-0.712397	-0.570608	-0.402379	-0.251039	-0.130009	-0.0370726	0.0131788	0.0148526	-0.0321465	-0.113016	-0.20172	-0.274466	-0.316791	-0.319085	-0.278687	-0.193472	-0.0742708	0.0639441	0.210353	0.341502	0.447656	0.520072	0.556885	0.57141	0.563916	0.54243	0.520512	0.502478	0.502478	
-0.135298	-0.216311	-0.289078	-0.345606	-0.38165	-0.387103	-0.358999	-0.307467	-0.229693	-0.135328	-0.0778818	-0.0551097	-0.0836483	-0.164749	-0.289883	-0.451864	-0.631075	-0.789867	-0.90884	-0.968854	-0.955891	-0.860556	-0.707222	-0.536424	-0.373617	-0.243543	-0.140565	-0.083583	-0.0865828	-0.132531	-0.203971	-0.274466	-0.316702	-0.331474	-0.297392	-0.212507	-0.0961075	0.0471611	0.198793	0.34555	0.474292	0.585388	0.667905	0.719895	0.750544	0.751832	0.743239	0.738622	0.731358	0.731358	
0.00927618	-0.0504364	-0.112146	-0.17471	-0.230623	-0.265722	-0.280263	-0.272059	-0.230005	-0.169209	-0.132873	-0.126132	-0.172413	-0.26959	-0.403767	-0.575278	-0.757588	-0.92079	-1.04473	-1.10329	-1.0907	-0.999267	-0.850113	-0.681139	-0.509226	-0.361644	-0.249901	-0.186738	-0.180835	-0.215978	-0.270906	-0.316791	-0.331474	-0.305665	-0.229535	-0.109076	0.0439662	0.207644	0.363902	0.504315	0.626482	0.730866	0.814675	0.874955	0.905422	0.910288	0.906018	0.909769	0.913069	0.913069	
0.173169	0.141621	0.0913312	0.0247971	-0.0436261	-0.108397	-0.162489	-0.192663	-0.190667	-0.167006	-0.153709	-0.170702	-0.238595	-0.351616	-0.498647	-0.671192	-0.853221	-1.01375	-1.13007	-1.18989	-1.18115	-1.10129	-0.966184	-0.802143	-0.634913	-0.482736	-0.356578	-0.279662	-0.260415	-0.278568	-0.308125	-0.319085	-0.297392	-0.229535	-0.111633	0.0427692	0.214668	0.385402	0.540919	0.66638	0.772224	0.852836	0.930214	0.99312	1.01857	1.03038	1.02544	1.03229	1.0413	1.0413	
0.346835	0.344827	0.304485	0.23649	0.158963	0.0625782	-0.027134	-0.0919297	-0.129125	-0.140117	-0.146315	-0.185611	-0.268876	-0.394321	-0.552296	-0.722188	-0.894885	-1.0415	-1.1498	-1.20763	-1.20166	-1.13161	-1.01803	-0.870761	-0.719257	-0.566165	-0.429745	-0.344755	-0.308902	-0.307225	-0.306974	-0.278687	-0.212507	-0.109076	0.0427692	0.219607	0.396221	0.563457	0.701431	0.803091	0.883061	0.944633	1.00546	1.05897	1.08266	1.09268	1.09204	1.10189	1.1174	1.1174	
0.50835	0.530065	0.50321	0.43843	0.344796	0.227056	0.107629	0.0107977	-0.0530499	-0.0901343	-0.113485	-0.162172	-0.257141	-0.390391	-0.550315	-0.715065	-0.868438	-0.996406	-1.09505	-1.14235	-1.13695	-1.08318	-0.993196	-0.875417	-0.738205	-0.588347	-0.452939	-0.360099	-0.308881	-0.283779	-0.250536	-0.193472	-0.0961075	0.0439662	0.214668	0.396221	0.568804	0.717228	0.829489	0.905155	0.951456	0.985833	1.02504	1.0689	1.09718	1.10339	1.10632	1.11925	1.12968	1.12968	
0.635806	0.683395	0.673455	0.617552	0.516601	0.382447	0.239793	0.115616	0.0251908	-0.0281904	-0.0635806	-0.113841	-0.206018	-0.334087	-0.486846	-0.641306	-0.777565	-0.892502	-0.976525	-1.01687	-1.01528	-0.976466	-0.899679	-0.799631	-0.675921	-0.539218	-0.406978	-0.306261	-0.248497	-0.20926	-0.157183	-0.0742708	0.0471611	0.207644	0.385402	0.563457	0.717228	0.831871	0.914351	0.960504	0.972837	0.980732	0.998901	1.02346	1.05042	1.06315	1.0704	1.0865	1.0987	1.0987	
0.713935	0.788739	0.803198	0.759404	0.664717	0.528091	0.370832	0.230318	0.121403	0.0537551	0.0115147	-0.0421395	-0.122962	-0.240687	-0.379132	-0.517357	-0.633248	-0.73099	-0.799729	-0.836271	-0.841898	-0.813063	-0.752734	-0.66989	-0.561656	-0.433974	-0.306328	-0.20508	-0.141064	-0.0931175	-0.0342843	0.0639441	0.198793	0.363902	0.540919	0.701431	0.829489	0.914351	0.962396	0.978281	0.961934	0.941658	0.935403	0.941992	0.962155	0.976604	0.988467	1.00587	1.01685	1.01685	
0.753121	0.84781	0.887804	0.863857	0.781437	0.656202	0.500936	0.351334	0.232286	0.153242	0.0979634	0.0407589	-0.0318935	-0.135848	-0.253573	-0.364596	-0.457209	-0.531906	-0.580456	-0.609882	-0.62003	-0.603882	-0.562432	-0.499168	-0.407154	-0.293029	-0.178256	-0.0778502	-0.0122362	0.0422176	0.110481	0.210353	0.34555	0.504315	0.66638	0.803091	0.905155	0.960504	0.978281	0.965818	0.922904	0.876642	0.840266	0.832659	0.848262	0.861574	0.879079	0.891953	0.898415	0.898415	
0.743894	0.861043	0.924741	0.927297	0.867022	0.75925	0.612647	0.459839	0.331782	0.239044	0.171244	0.108487	0.0428241	-0.0393482	-0.129393	-0.20442	-0.268749	-0.313238	-0.330666	-0.347203	-0.357884	-0.3562	-0.333612	-0.287072	-0.222587	-0.138103	-0.0467038	0.041225	0.108293	0.164017	0.237186	0.341502	0.474292	0.626482	0.772224	0.883061	0.951456	0.972837	0.961934	0.922904	0.861613	0.799061	0.740323	0.712398	0.712011	0.726222	0.751339	0.76295	0.776098	0.776098	
0.70676	0.847392	0.929939	0.956138	0.917522	0.826909	0.694157	0.541366	0.407147	0.297349	0.21277	0.140429	0.0783637	0.0190195	-0.0357996	-0.0699327	-0.0929836	-0.0945838	-0.0752602	-0.0704494	-0.0778125	-0.0852834	-0.0875149	-0.0723656	-0.0467488	-0.00425188	0.0550456	0.12149	0.188156	0.248611	0.33249	0.447656	0.585388	0.730866	0.852836	0.944633	0.985833	0.980732	0.941658	0.876642	0.799061	0.704986	0.629684	0.589624	0.57751	0.598364	0.62477	0.638632	0.649385	0.649385	
0.659185	0.818946	0.920991	0.967311	0.950922	0.86913	0.747219	0.59106	0.442775	0.310805	0.204634	0.12261	0.0619564	0.0277555	0.0138393	0.0195103	0.0439254	0.0850996	0.13547	0.168924	0.167205	0.148247	0.125279	0.102465	0.0878715	0.0870739	0.103707	0.147546	0.206574	0.281323	0.388689	0.520072	0.667905	0.814675	0.930214	1.00546	1.02504	0.998901	0.935403	0.840266	0.740323	0.629684	0.534897	0.47705	0.457239	0.479347	0.509546	0.532196	0.545639	0.545639	
0.612114	0.780996	0.903258	0.965561	0.964678	0.892671	0.771848	0.613437	0.443074	0.284614	0.156556	0.0586973	0.00389891	-0.00678924	0.0137353	0.0595129	0.118382	0.191979	0.266178	0.314245	0.319334	0.289948	0.24765	0.201078	0.152535	0.111337	0.0952557	0.117043	0.176579	0.271862	0.40077	0.556885	0.719895	0.874955	0.99312	1.05897	1.0689	1.02346	0.941992	0.832659	0.712398	0.589624	0.47705	0.399219	0.370363	0.386057	0.422328	0.457396	0.474437	0.474437	
0.573068	0.746007	0.875936	0.947728	0.951783	0.889128	0.769544	0.612506	0.42554	0.241954	0.0896483	-0.0255422	-0.0804891	-0.0762982	-0.0323506	0.0391987	0.125049	0.217343	0.300228	0.350528	0.356883	0.321556	0.263439	0.195748	0.124733	0.0639227	0.0337534	0.0470731	0.116668	0.236921	0.390376	0.57141	0.750544	0.905422	1.01857	1.08266	1.09718	1.05042	0.962155	0.848262	0.712011	0.57751	0.457239	0.370363	0.33814	0.349241	0.387347	0.425524	0.443546	0.443546	
0.538164	0.71087	0.83957	0.914307	0.91912	0.861132	0.742926	0.584256	0.386713	0.181516	0.00655959	-0.118554	-0.175365	-0.163231	-0.101257	-0.0203602	0.0832844	0.178337	0.253749	0.302528	0.303615	0.262466	0.195725	0.11327	0.0339947	-0.0298303	-0.068555	-0.052872	0.0288418	0.177588	0.365369	0.563916	0.751832	0.910288	1.03038	1.09268	1.10339	1.06315	0.976604	0.861574	0.726222	0.598364	0.479347	0.386057	0.349241	0.357384	0.39919	0.446613	0.473465	0.473465	
0.529325	0.6902	0.811635	0.87459	0.870773	0.809286	0.691908	0.530692	0.326	0.107093	-0.0873168	-0.222116	-0.275687	-0.26016	-0.190413	-0.0950115	0.0114867	0.108724	0.178346	0.216059	0.215839	0.172028	0.0934613	0.00417782	-0.0812521	-0.15214	-0.190021	-0.171565	-0.071743	0.105626	0.322064	0.54243	0.743239	0.906018	1.02544	1.09204	1.10632	1.0704	0.988467	0.879079	0.751339	0.62477	0.509546	0.422328	0.387347	0.39919	0.448199	0.505758	0.537591	0.537591	
0.533293	0.686919	0.799994	0.846458	0.832313	0.75951	0.638266	0.471114	0.262319	0.0328979	-0.176763	-0.314795	-0.370251	-0.350093	-0.276492	-0.17055	-0.0565294	0.0472967	0.114166	0.145478	0.144485	0.0967257	0.0071025	-0.099232	-0.196225	-0.270934	-0.309405	-0.289039	-0.173047	0.0295566	0.273659	0.520512	0.738622	0.909769	1.03229	1.10189	1.11925	1.0865	1.00587	0.891953	0.76295	0.638632	0.532196	0.457396	0.425524	0.446613	0.505758	0.567587	0.609085	0.609085	
0.542994	0.69389	0.796579	0.834532	0.808318	0.727532	0.602602	0.426948	0.215192	-0.019847	-0.240676	-0.376157	-0.431002	-0.408056	-0.326659	-0.216108	-0.0955715	0.0102145	0.0756561	0.107265	0.104893	0.0559962	-0.039498	-0.154194	-0.256634	-0.337855	-0.383391	-0.361683	-0.239387	-0.0234862	0.244341	0.502478	0.731358	0.913069	1.0413	1.1174	1.12968	1.0987	1.01685	0.898415	0.776098	0.649385	0.545639	0.474437	0.443546	0.473465	0.537591	0.609085	0.656369	0.656369	
0.542994	0.69389	0.796579	0.834532	0.808318	0.727532	0.602602	0.426948	0.215192	-0.019847	-0.240676	-0.376157	-0.431002	-0.408056	-0.326659	-0.216108	-0.0955715	0.0102145	0.0756561	0.107265	0.104893	0.0559962	-0.039498	-0.154194	-0.256634	-0.337855	-0.383391	-0.361683	-0.239387	-0.0234862	0.244341	0.502478	0.731358	0.913069	1.0413	1.1174	1.12968	1.0987	1.01685	0.898415	0.776098	0.649385	0.545639	0.474437	0.443546	0.473465	0.537591	0.609085	0.656369	0.656369	
