-2.30748	-2.30748	-2.16925	-1.93289	-1.63945	-1.31672	-0.990919	-0.67316	-0.379086	-0.107817	0.128196	0.337331	0.508863	0.639395	0.731747	0.795859	0.835057	0.872527	0.914845	0.959615	0.981391	0.939448	0.831038	0.691506	0.544352	0.385645	0.214078	0.0247921	-0.170433	-0.335093	-0.438768	-0.462452	-0.40401	-0.272495	-0.0804033	0.17095	0.462607	0.750894	0.997451	1.1542	1.18814	1.11264	0.969825	0.785823	0.5789	0.340658	0.0833328	-0.157903	-0.376155	-0.568769	
-2.30748	-2.30748	-2.16925	-1.93289	-1.63945	-1.31672	-0.990919	-0.67316	-0.379086	-0.107817	0.128196	0.337331	0.508863	0.639395	0.731747	0.795859	0.835057	0.872527	0.914845	0.959615	0.981391	0.939448	0.831038	0.691506	0.544352	0.385645	0.214078	0.0247921	-0.170433	-0.335093	-0.438768	-0.462452	-0.40401	-0.272495	-0.0804033	0.17095	0.462607	0.750894	0.997451	1.1542	1.18814	1.11264	0.969825	0.785823	0.5789	0.340658	0.0833328	-0.157903	-0.376155	-0.568769	
-2.16925	-2.16925	-2.04735	-1.82613	-1.54749	-1.24315	-0.931211	-0.629399	-0.350545	-0.0869806	0.14406	0.34317	0.503055	0.618478	0.701031	0.763514	0.796214	0.820382	0.847052	0.877654	0.888459	0.851554	0.754261	0.627314	0.488482	0.339565	0.174339	-0.00568277	-0.190821	-0.353888	-0.462446	-0.486053	-0.431454	-0.308071	-0.117968	0.133105	0.421597	0.709997	0.951575	1.10838	1.14724	1.08755	0.961267	0.793505	0.59409	0.368004	0.130898	-0.0930672	-0.29822	-0.472857	
-1.93289	-1.93289	-1.82613	-1.62663	-1.37054	-1.09496	-0.808673	-0.531348	-0.275257	-0.0372027	0.177798	0.355204	0.493321	0.586554	0.654372	0.699378	0.718992	0.718964	0.722678	0.728733	0.719602	0.683242	0.611353	0.505298	0.38757	0.261329	0.108445	-0.0660886	-0.246732	-0.405649	-0.517543	-0.550056	-0.49857	-0.372342	-0.184592	0.0588418	0.343249	0.626637	0.864309	1.01854	1.0753	1.0417	0.940215	0.794086	0.614278	0.419195	0.22122	0.0265402	-0.154467	-0.30176	
-1.63945	-1.63945	-1.54749	-1.37054	-1.14186	-0.895024	-0.634238	-0.384429	-0.157793	0.0532262	0.24192	0.387478	0.491648	0.550418	0.588677	0.610814	0.6116	0.585293	0.558942	0.538027	0.514607	0.479241	0.423555	0.342254	0.250357	0.140463	3.06127e-05	-0.162555	-0.338038	-0.498697	-0.615248	-0.651498	-0.599806	-0.475583	-0.293563	-0.0562563	0.221119	0.499323	0.737016	0.895514	0.972767	0.973104	0.906265	0.792276	0.644364	0.484962	0.327275	0.170229	0.0258166	-0.0896726	
-1.31672	-1.31672	-1.24315	-1.09496	-0.895024	-0.667529	-0.426551	-0.205774	-0.00913261	0.179481	0.336919	0.442463	0.503805	0.522541	0.524722	0.523234	0.502384	0.450694	0.387697	0.335447	0.297075	0.262947	0.220726	0.166925	0.0920812	-0.0139964	-0.150887	-0.306412	-0.475362	-0.634245	-0.752284	-0.787846	-0.736149	-0.613204	-0.433025	-0.199659	0.0717787	0.341691	0.570093	0.735107	0.835304	0.879957	0.86131	0.789557	0.684777	0.564372	0.440809	0.325225	0.224434	0.142653	
-0.990919	-0.990919	-0.931211	-0.808673	-0.634238	-0.426551	-0.211147	-0.0174025	0.153061	0.318131	0.446013	0.517704	0.542235	0.529391	0.493758	0.461018	0.414416	0.334471	0.236121	0.156251	0.0974447	0.0532962	0.0162558	-0.0232553	-0.0877719	-0.19263	-0.330094	-0.490938	-0.662293	-0.817115	-0.929462	-0.964018	-0.90436	-0.771101	-0.589253	-0.359898	-0.0988925	0.160294	0.382432	0.55612	0.68247	0.765441	0.79689	0.777809	0.720788	0.644913	0.565161	0.490649	0.42868	0.377182	
-0.67316	-0.67316	-0.629399	-0.531348	-0.384429	-0.205774	-0.0174025	0.160551	0.313112	0.449506	0.551182	0.605742	0.60829	0.567504	0.504827	0.443961	0.364768	0.251279	0.129464	0.0250173	-0.0596066	-0.124163	-0.169311	-0.216513	-0.281331	-0.385031	-0.529464	-0.700225	-0.876829	-1.03599	-1.14339	-1.16484	-1.09268	-0.949644	-0.763457	-0.543891	-0.293169	-0.042962	0.182495	0.370091	0.526419	0.64318	0.721361	0.758588	0.760408	0.729284	0.688472	0.654621	0.622488	0.587493	
-0.379086	-0.379086	-0.350545	-0.275257	-0.157793	-0.00913261	0.153061	0.313112	0.448368	0.567081	0.653647	0.701402	0.684948	0.625985	0.553428	0.475702	0.360818	0.226165	0.0797816	-0.0585007	-0.170897	-0.250371	-0.315715	-0.375195	-0.45008	-0.565343	-0.725256	-0.908763	-1.09108	-1.25438	-1.36083	-1.37342	-1.29766	-1.15362	-0.960924	-0.737303	-0.495152	-0.24683	-0.0173088	0.188916	0.369658	0.530196	0.662725	0.755518	0.808377	0.819419	0.811169	0.809579	0.803965	0.781769	
-0.107817	-0.107817	-0.0869806	-0.0372027	0.0532262	0.179481	0.318131	0.449506	0.567081	0.668565	0.747701	0.788719	0.770365	0.710838	0.63677	0.533211	0.391873	0.236353	0.0663551	-0.100876	-0.235896	-0.338598	-0.426683	-0.503598	-0.5911	-0.714735	-0.886115	-1.08774	-1.28951	-1.45818	-1.56563	-1.58462	-1.50911	-1.35751	-1.16144	-0.935457	-0.689279	-0.438863	-0.193608	0.037624	0.244244	0.440454	0.618321	0.753013	0.846515	0.902122	0.92446	0.943749	0.952377	0.93777	
0.128196	0.128196	0.14406	0.177798	0.24192	0.336919	0.446013	0.551182	0.653647	0.747701	0.81944	0.857648	0.856993	0.80719	0.719598	0.595119	0.440814	0.261813	0.0712531	-0.10773	-0.253889	-0.382085	-0.495022	-0.588584	-0.684745	-0.816653	-0.991977	-1.20363	-1.42918	-1.61799	-1.7371	-1.763	-1.68828	-1.54054	-1.34932	-1.11933	-0.866908	-0.60861	-0.340943	-0.0832731	0.149784	0.367496	0.572494	0.742153	0.864887	0.952484	1.00909	1.04114	1.05058	1.03777	
0.337331	0.337331	0.34317	0.355204	0.387478	0.442463	0.517704	0.605742	0.701402	0.788719	0.857648	0.902285	0.918559	0.874319	0.781465	0.64991	0.482733	0.279106	0.075625	-0.10801	-0.265481	-0.404204	-0.518771	-0.619873	-0.727531	-0.863433	-1.04595	-1.26788	-1.5041	-1.7089	-1.84125	-1.8751	-1.8159	-1.67999	-1.48859	-1.25912	-1.00103	-0.734738	-0.464314	-0.197465	0.0568718	0.292195	0.505346	0.692357	0.840037	0.945142	1.0196	1.06118	1.07071	1.05582	
0.508863	0.508863	0.503055	0.493321	0.491648	0.503805	0.542235	0.60829	0.684948	0.770365	0.856993	0.918559	0.936771	0.899516	0.805464	0.665166	0.481133	0.266723	0.0567124	-0.124212	-0.279948	-0.410688	-0.520459	-0.625613	-0.735512	-0.869195	-1.04949	-1.27227	-1.50893	-1.72134	-1.8628	-1.9058	-1.86317	-1.74232	-1.5564	-1.32851	-1.07744	-0.808153	-0.542991	-0.283766	-0.0343793	0.193605	0.397454	0.583605	0.736771	0.851688	0.936325	0.983716	1.00002	0.983058	
0.639395	0.639395	0.618478	0.586554	0.550418	0.522541	0.529391	0.567504	0.625985	0.710838	0.80719	0.874319	0.899516	0.870297	0.775233	0.620568	0.42605	0.212026	0.0111225	-0.16069	-0.302226	-0.414511	-0.511018	-0.608288	-0.708641	-0.831976	-0.997416	-1.20588	-1.43546	-1.64369	-1.78283	-1.83266	-1.7962	-1.69067	-1.52407	-1.31367	-1.07575	-0.826994	-0.578467	-0.338427	-0.111506	0.0881131	0.263643	0.428645	0.57563	0.69351	0.779981	0.830037	0.846709	0.827475	
0.731747	0.731747	0.701031	0.654372	0.588677	0.524722	0.493758	0.504827	0.553428	0.63677	0.719598	0.781465	0.805464	0.775233	0.672367	0.514478	0.322087	0.122454	-0.0683772	-0.228207	-0.345319	-0.427918	-0.502715	-0.576378	-0.657132	-0.761831	-0.901027	-1.08153	-1.28268	-1.46278	-1.58989	-1.64576	-1.62064	-1.53262	-1.39231	-1.20567	-0.993345	-0.776557	-0.561644	-0.35624	-0.171213	-0.00729943	0.138832	0.273175	0.399181	0.507125	0.589223	0.635477	0.648876	0.634466	
0.795859	0.795859	0.763514	0.699378	0.610814	0.523234	0.461018	0.443961	0.475702	0.533211	0.595119	0.64991	0.665166	0.620568	0.514478	0.365956	0.181644	-0.0140597	-0.192168	-0.324189	-0.410804	-0.462143	-0.504844	-0.543656	-0.590914	-0.66103	-0.765194	-0.904991	-1.06075	-1.20345	-1.31051	-1.36626	-1.3551	-1.28505	-1.17199	-1.02105	-0.846935	-0.667886	-0.495316	-0.336771	-0.203207	-0.0856519	0.024371	0.13308	0.242584	0.336422	0.401997	0.441614	0.44898	0.43617	
0.835057	0.835057	0.796214	0.718992	0.6116	0.502384	0.414416	0.364768	0.360818	0.391873	0.440814	0.482733	0.481133	0.42605	0.322087	0.181644	0.00872954	-0.173991	-0.326631	-0.42923	-0.486188	-0.504464	-0.501599	-0.495766	-0.498948	-0.524646	-0.583345	-0.671743	-0.777731	-0.886913	-0.974844	-1.02082	-1.02016	-0.975009	-0.892854	-0.784268	-0.656967	-0.520802	-0.397594	-0.299266	-0.21535	-0.141656	-0.0661892	0.0194731	0.110256	0.195358	0.250821	0.278022	0.279066	0.263403	
0.872527	0.872527	0.820382	0.718964	0.585293	0.450694	0.334471	0.251279	0.226165	0.236353	0.261813	0.279106	0.266723	0.212026	0.122454	-0.0140597	-0.173991	-0.33025	-0.451329	-0.523966	-0.546202	-0.529677	-0.483559	-0.430457	-0.389402	-0.36564	-0.378632	-0.421511	-0.480177	-0.550831	-0.615938	-0.65683	-0.668757	-0.644067	-0.588784	-0.520594	-0.439333	-0.351102	-0.278161	-0.231822	-0.200717	-0.17067	-0.128342	-0.0653035	0.0111086	0.0849766	0.127473	0.138764	0.128961	0.111854	
0.914845	0.914845	0.847052	0.722678	0.558942	0.387697	0.236121	0.129464	0.0797816	0.0663551	0.0712531	0.075625	0.0567124	0.0111225	-0.0683772	-0.192168	-0.326631	-0.451329	-0.545992	-0.584301	-0.561588	-0.50903	-0.428764	-0.339592	-0.260039	-0.202239	-0.17452	-0.177363	-0.19898	-0.238512	-0.283703	-0.31821	-0.334956	-0.323684	-0.293125	-0.252283	-0.202203	-0.15505	-0.125311	-0.123011	-0.144384	-0.1627	-0.146926	-0.10415	-0.0449709	0.00880459	0.0376094	0.0370953	0.0200405	-0.00610749	
0.959615	0.959615	0.877654	0.728733	0.538027	0.335447	0.156251	0.0250173	-0.0585007	-0.100876	-0.10773	-0.10801	-0.124212	-0.16069	-0.228207	-0.324189	-0.42923	-0.523966	-0.584301	-0.585032	-0.525108	-0.43553	-0.331602	-0.216843	-0.112295	-0.0361633	0.0170266	0.0391645	0.0382985	0.0223876	-0.00587854	-0.0362318	-0.048986	-0.042789	-0.0266017	-0.00216845	0.030011	0.0544726	0.0524022	0.0197784	-0.0382656	-0.090142	-0.105948	-0.0879867	-0.0560522	-0.029423	-0.0149177	-0.0213361	-0.0459942	-0.0832489	
0.981391	0.981391	0.888459	0.719602	0.514607	0.297075	0.0974447	-0.0596066	-0.170897	-0.235896	-0.253889	-0.265481	-0.279948	-0.302226	-0.345319	-0.410804	-0.486188	-0.546202	-0.561588	-0.525108	-0.440684	-0.324247	-0.202285	-0.0727347	0.0430448	0.129782	0.18815	0.221197	0.22911	0.219281	0.196699	0.172334	0.163545	0.169553	0.186592	0.209312	0.233616	0.248595	0.234465	0.181294	0.10172	0.0332764	-0.0130586	-0.0290411	-0.033224	-0.0328014	-0.0361968	-0.0558484	-0.0897537	-0.132336	
0.939448	0.939448	0.851554	0.683242	0.479241	0.262947	0.0532962	-0.124163	-0.250371	-0.338598	-0.382085	-0.404204	-0.410688	-0.414511	-0.427918	-0.462143	-0.504464	-0.529677	-0.50903	-0.43553	-0.324247	-0.186733	-0.0479294	0.0888542	0.20373	0.290697	0.344069	0.374477	0.37618	0.355616	0.328946	0.310783	0.306688	0.316678	0.338756	0.370147	0.395329	0.409092	0.391955	0.332826	0.244367	0.161507	0.0929353	0.0490816	0.0117006	-0.0168026	-0.0460588	-0.0817613	-0.128367	-0.174033	
0.831038	0.831038	0.754261	0.611353	0.423555	0.220726	0.0162558	-0.169311	-0.315715	-0.426683	-0.495022	-0.518771	-0.520459	-0.511018	-0.502715	-0.504844	-0.501599	-0.483559	-0.428764	-0.331602	-0.202285	-0.0479294	0.114874	0.251243	0.354923	0.432254	0.479848	0.495871	0.480675	0.445671	0.410003	0.388087	0.385805	0.398532	0.428066	0.468199	0.509065	0.526033	0.501945	0.436753	0.357829	0.269127	0.186433	0.114379	0.0455025	-0.0101223	-0.0604199	-0.111331	-0.16008	-0.209634	
0.691506	0.691506	0.627314	0.505298	0.342254	0.166925	-0.0232553	-0.216513	-0.375195	-0.503598	-0.588584	-0.619873	-0.625613	-0.608288	-0.576378	-0.543656	-0.495766	-0.430457	-0.339592	-0.216843	-0.0727347	0.0888542	0.251243	0.381443	0.476704	0.543496	0.578412	0.571801	0.540202	0.492056	0.443953	0.413197	0.403074	0.416286	0.455711	0.505601	0.550672	0.570949	0.548136	0.495281	0.428275	0.33741	0.24189	0.1495	0.063968	-0.00906258	-0.0781005	-0.140665	-0.186234	-0.230462	
0.544352	0.544352	0.488482	0.38757	0.250357	0.0920812	-0.0877719	-0.281331	-0.45008	-0.5911	-0.684745	-0.727531	-0.735512	-0.708641	-0.657132	-0.590914	-0.498948	-0.389402	-0.260039	-0.112295	0.0430448	0.20373	0.354923	0.476704	0.55847	0.60236	0.617067	0.596198	0.54665	0.476254	0.417017	0.385547	0.370674	0.378516	0.417991	0.475533	0.526823	0.546384	0.534404	0.503664	0.447874	0.36417	0.263877	0.162575	0.0677595	-0.0173395	-0.0962007	-0.161179	-0.20652	-0.248496	
0.385645	0.385645	0.339565	0.261329	0.140463	-0.0139964	-0.19263	-0.385031	-0.565343	-0.714735	-0.816653	-0.863433	-0.869195	-0.831976	-0.761831	-0.66103	-0.524646	-0.36564	-0.202239	-0.0361633	0.129782	0.290697	0.432254	0.543496	0.60236	0.623338	0.612294	0.56638	0.493932	0.414114	0.347249	0.307173	0.285147	0.294666	0.336533	0.398057	0.455513	0.48646	0.490688	0.478094	0.435047	0.363423	0.267828	0.165293	0.0546457	-0.0453779	-0.125375	-0.18505	-0.233276	-0.273918	
0.214078	0.214078	0.174339	0.108445	3.06127e-05	-0.150887	-0.330094	-0.529464	-0.725256	-0.886115	-0.991977	-1.04595	-1.04949	-0.997416	-0.901027	-0.765194	-0.583345	-0.378632	-0.17452	0.0170266	0.18815	0.344069	0.479848	0.578412	0.617067	0.612294	0.569384	0.494909	0.396625	0.302212	0.23098	0.188462	0.171655	0.187237	0.236059	0.304494	0.369397	0.415602	0.439943	0.446259	0.42421	0.360298	0.259259	0.145967	0.0192046	-0.0951149	-0.183523	-0.245373	-0.296327	-0.326328	
0.0247921	0.0247921	-0.00568277	-0.0660886	-0.162555	-0.306412	-0.490938	-0.700225	-0.908763	-1.08774	-1.20363	-1.26788	-1.27227	-1.20588	-1.08153	-0.904991	-0.671743	-0.421511	-0.177363	0.0391645	0.221197	0.374477	0.495871	0.571801	0.596198	0.56638	0.494909	0.389664	0.263009	0.151069	0.0755354	0.0414334	0.0431015	0.0749436	0.135051	0.21249	0.287683	0.354503	0.403742	0.425122	0.414092	0.349546	0.241922	0.103653	-0.0471159	-0.179596	-0.282492	-0.35038	-0.399883	-0.413702	
-0.170433	-0.170433	-0.190821	-0.246732	-0.338038	-0.475362	-0.662293	-0.876829	-1.09108	-1.28951	-1.42918	-1.5041	-1.50893	-1.43546	-1.28268	-1.06075	-0.777731	-0.480177	-0.19898	0.0382985	0.22911	0.37618	0.480675	0.540202	0.54665	0.493932	0.396625	0.263009	0.115936	-0.00673029	-0.085487	-0.111532	-0.0916955	-0.038113	0.0429314	0.136323	0.228574	0.311502	0.379093	0.414168	0.402183	0.333004	0.211447	0.0457545	-0.136226	-0.295377	-0.414697	-0.487401	-0.526746	-0.527061	
-0.335093	-0.335093	-0.353888	-0.405649	-0.498697	-0.634245	-0.817115	-1.03599	-1.25438	-1.45818	-1.61799	-1.7089	-1.72134	-1.64369	-1.46278	-1.20345	-0.886913	-0.550831	-0.238512	0.0223876	0.219281	0.355616	0.445671	0.492056	0.476254	0.414114	0.302212	0.151069	-0.00673029	-0.139524	-0.22305	-0.239281	-0.205015	-0.126683	-0.0228351	0.0857378	0.195438	0.295941	0.376557	0.422023	0.403132	0.321532	0.176147	-0.0131521	-0.220548	-0.40602	-0.548091	-0.630962	-0.65812	-0.642614	
-0.438768	-0.438768	-0.462446	-0.517543	-0.615248	-0.752284	-0.929462	-1.14339	-1.36083	-1.56563	-1.7371	-1.84125	-1.8628	-1.78283	-1.58989	-1.31051	-0.974844	-0.615938	-0.283703	-0.00587854	0.196699	0.328946	0.410003	0.443953	0.417017	0.347249	0.23098	0.0755354	-0.085487	-0.22305	-0.306919	-0.317267	-0.268329	-0.167496	-0.0438322	0.0815701	0.205989	0.322348	0.415756	0.464631	0.436651	0.340138	0.174579	-0.0359486	-0.271358	-0.485319	-0.648291	-0.745301	-0.772483	-0.749049	
-0.462452	-0.462452	-0.486053	-0.550056	-0.651498	-0.787846	-0.964018	-1.16484	-1.37342	-1.58462	-1.763	-1.8751	-1.9058	-1.83266	-1.64576	-1.36626	-1.02082	-0.65683	-0.31821	-0.0362318	0.172334	0.310783	0.388087	0.413197	0.385547	0.307173	0.188462	0.0414334	-0.111532	-0.239281	-0.317267	-0.323954	-0.260903	-0.146774	-0.00580115	0.137801	0.276244	0.402516	0.501216	0.544	0.509932	0.400545	0.224778	-0.0105724	-0.276428	-0.516944	-0.697117	-0.807973	-0.847704	-0.825807	
-0.40401	-0.40401	-0.431454	-0.49857	-0.599806	-0.736149	-0.90436	-1.09268	-1.29766	-1.50911	-1.68828	-1.8159	-1.86317	-1.7962	-1.62064	-1.3551	-1.02016	-0.668757	-0.334956	-0.048986	0.163545	0.306688	0.385805	0.403074	0.370674	0.285147	0.171655	0.0431015	-0.0916955	-0.205015	-0.268329	-0.260903	-0.185664	-0.0679862	0.0781806	0.235779	0.387284	0.52061	0.614867	0.648135	0.61327	0.490944	0.296515	0.0403011	-0.245485	-0.505749	-0.707007	-0.838258	-0.895207	-0.866072	
-0.272495	-0.272495	-0.308071	-0.372342	-0.475583	-0.613204	-0.771101	-0.949644	-1.15362	-1.35751	-1.54054	-1.67999	-1.74232	-1.69067	-1.53262	-1.28505	-0.975009	-0.644067	-0.323684	-0.042789	0.169553	0.316678	0.398532	0.416286	0.378516	0.294666	0.187237	0.0749436	-0.038113	-0.126683	-0.167496	-0.146774	-0.0679862	0.0514531	0.201849	0.368825	0.528236	0.656112	0.735206	0.756033	0.713037	0.580273	0.365113	0.0957622	-0.201659	-0.477054	-0.697088	-0.847111	-0.91234	-0.876619	
-0.0804033	-0.0804033	-0.117968	-0.184592	-0.293563	-0.433025	-0.589253	-0.763457	-0.960924	-1.16144	-1.34932	-1.48859	-1.5564	-1.52407	-1.39231	-1.17199	-0.892854	-0.588784	-0.293125	-0.0266017	0.186592	0.338756	0.428066	0.455711	0.417991	0.336533	0.236059	0.135051	0.0429314	-0.0228351	-0.0438322	-0.00580115	0.0781806	0.201849	0.356248	0.530901	0.693679	0.806006	0.860521	0.86163	0.795191	0.649474	0.426312	0.152371	-0.151341	-0.438957	-0.670858	-0.832057	-0.900751	-0.873119	
0.17095	0.17095	0.133105	0.0588418	-0.0562563	-0.199659	-0.359898	-0.543891	-0.737303	-0.935457	-1.11933	-1.25912	-1.32851	-1.31367	-1.20567	-1.02105	-0.784268	-0.520594	-0.252283	-0.00216845	0.209312	0.370147	0.468199	0.505601	0.475533	0.398057	0.304494	0.21249	0.136323	0.0857378	0.0815701	0.137801	0.235779	0.368825	0.530901	0.70797	0.867481	0.967092	0.995611	0.964455	0.862392	0.699357	0.477298	0.208022	-0.0855217	-0.370728	-0.613361	-0.781594	-0.857604	-0.841415	
0.462607	0.462607	0.421597	0.343249	0.221119	0.0717787	-0.0988925	-0.293169	-0.495152	-0.689279	-0.866908	-1.00103	-1.07744	-1.07575	-0.993345	-0.846935	-0.656967	-0.439333	-0.202203	0.030011	0.233616	0.395329	0.509065	0.550672	0.526823	0.455513	0.369397	0.287683	0.228574	0.195438	0.205989	0.276244	0.387284	0.528236	0.693679	0.867481	1.02131	1.11043	1.11486	1.04336	0.913445	0.733312	0.517664	0.265637	-0.00498874	-0.272552	-0.509005	-0.677986	-0.760051	-0.760876	
0.750894	0.750894	0.709997	0.626637	0.499323	0.341691	0.160294	-0.042962	-0.24683	-0.438863	-0.60861	-0.734738	-0.808153	-0.826994	-0.776557	-0.667886	-0.520802	-0.351102	-0.15505	0.0544726	0.248595	0.409092	0.526033	0.570949	0.546384	0.48646	0.415602	0.354503	0.311502	0.295941	0.322348	0.402516	0.52061	0.656112	0.806006	0.967092	1.11043	1.18974	1.17389	1.07614	0.927352	0.740941	0.536856	0.315313	0.0779713	-0.157304	-0.366182	-0.515548	-0.604988	-0.628425	
0.997451	0.997451	0.951575	0.864309	0.737016	0.570093	0.382432	0.182495	-0.0173088	-0.193608	-0.340943	-0.464314	-0.542991	-0.578467	-0.561644	-0.495316	-0.397594	-0.278161	-0.125311	0.0524022	0.234465	0.391955	0.501945	0.548136	0.534404	0.490688	0.439943	0.403742	0.379093	0.376557	0.415756	0.501216	0.614867	0.735206	0.860521	0.995611	1.11486	1.17389	1.15133	1.04726	0.890017	0.711997	0.529294	0.345629	0.155685	-0.0332806	-0.201672	-0.326538	-0.411485	-0.447168	
1.1542	1.1542	1.10838	1.01854	0.895514	0.735107	0.55612	0.370091	0.188916	0.037624	-0.0832731	-0.197465	-0.283766	-0.338427	-0.35624	-0.336771	-0.299266	-0.231822	-0.123011	0.0197784	0.181294	0.332826	0.436753	0.495281	0.503664	0.478094	0.446259	0.425122	0.414168	0.422023	0.464631	0.544	0.648135	0.756033	0.86163	0.964455	1.04336	1.07614	1.04726	0.952514	0.805507	0.650896	0.499056	0.364406	0.234747	0.0983211	-0.0261833	-0.122418	-0.193607	-0.235354	
1.18814	1.18814	1.14724	1.0753	0.972767	0.835304	0.68247	0.526419	0.369658	0.244244	0.149784	0.0568718	-0.0343793	-0.111506	-0.171213	-0.203207	-0.21535	-0.200717	-0.144384	-0.0382656	0.10172	0.244367	0.357829	0.428275	0.447874	0.435047	0.42421	0.414092	0.402183	0.403132	0.436651	0.509932	0.61327	0.713037	0.795191	0.862392	0.913445	0.927352	0.890017	0.805507	0.685264	0.566354	0.471283	0.396916	0.323912	0.239747	0.163829	0.0992283	0.0410433	-0.0157036	
1.11264	1.11264	1.08755	1.0417	0.973104	0.879957	0.765441	0.64318	0.530196	0.440454	0.367496	0.292195	0.193605	0.0881131	-0.00729943	-0.0856519	-0.141656	-0.17067	-0.1627	-0.090142	0.0332764	0.161507	0.269127	0.33741	0.36417	0.363423	0.360298	0.349546	0.333004	0.321532	0.340138	0.400545	0.490944	0.580273	0.649474	0.699357	0.733312	0.740941	0.711997	0.650896	0.566354	0.49425	0.462443	0.449079	0.430486	0.399224	0.368615	0.330552	0.280059	0.211716	
0.969825	0.969825	0.961267	0.940215	0.906265	0.86131	0.79689	0.721361	0.662725	0.618321	0.572494	0.505346	0.397454	0.263643	0.138832	0.024371	-0.0661892	-0.128342	-0.146926	-0.105948	-0.0130586	0.0929353	0.186433	0.24189	0.263877	0.267828	0.259259	0.241922	0.211447	0.176147	0.174579	0.224778	0.296515	0.365113	0.426312	0.477298	0.517664	0.536856	0.529294	0.499056	0.471283	0.462443	0.483946	0.519234	0.550364	0.572621	0.580227	0.561886	0.519166	0.443164	
0.785823	0.785823	0.793505	0.794086	0.792276	0.789557	0.777809	0.758588	0.755518	0.753013	0.742153	0.692357	0.583605	0.428645	0.273175	0.13308	0.0194731	-0.0653035	-0.10415	-0.0879867	-0.0290411	0.0490816	0.114379	0.1495	0.162575	0.165293	0.145967	0.103653	0.0457545	-0.0131521	-0.0359486	-0.0105724	0.0403011	0.0957622	0.152371	0.208022	0.265637	0.315313	0.345629	0.364406	0.396916	0.449079	0.519234	0.602625	0.677523	0.742443	0.78308	0.787319	0.748551	0.663179	
0.5789	0.5789	0.59409	0.614278	0.644364	0.684777	0.720788	0.760408	0.808377	0.846515	0.864887	0.840037	0.736771	0.57563	0.399181	0.242584	0.110256	0.0111086	-0.0449709	-0.0560522	-0.033224	0.0117006	0.0455025	0.063968	0.0677595	0.0546457	0.0192046	-0.0471159	-0.136226	-0.220548	-0.271358	-0.276428	-0.245485	-0.201659	-0.151341	-0.0855217	-0.00498874	0.0779713	0.155685	0.234747	0.323912	0.430486	0.550364	0.677523	0.796737	0.898833	0.962677	0.982475	0.948537	0.852636	
0.340658	0.340658	0.368004	0.419195	0.484962	0.564372	0.644913	0.729284	0.819419	0.902122	0.952484	0.945142	0.851688	0.69351	0.507125	0.336422	0.195358	0.0849766	0.00880459	-0.029423	-0.0328014	-0.0168026	-0.0101223	-0.00906258	-0.0173395	-0.0453779	-0.0951149	-0.179596	-0.295377	-0.40602	-0.485319	-0.516944	-0.505749	-0.477054	-0.438957	-0.370728	-0.272552	-0.157304	-0.0332806	0.0983211	0.239747	0.399224	0.572621	0.742443	0.898833	1.02976	1.11721	1.15111	1.12198	1.02252	
0.0833328	0.0833328	0.130898	0.22122	0.327275	0.440809	0.565161	0.688472	0.811169	0.92446	1.00909	1.0196	0.936325	0.779981	0.589223	0.401997	0.250821	0.127473	0.0376094	-0.0149177	-0.0361968	-0.0460588	-0.0604199	-0.0781005	-0.0962007	-0.125375	-0.183523	-0.282492	-0.414697	-0.548091	-0.648291	-0.697117	-0.707007	-0.697088	-0.670858	-0.613361	-0.509005	-0.366182	-0.201672	-0.0261833	0.163829	0.368615	0.580227	0.78308	0.962677	1.11721	1.22839	1.28285	1.26333	1.15977	
-0.157903	-0.157903	-0.0930672	0.0265402	0.170229	0.325225	0.490649	0.654621	0.809579	0.943749	1.04114	1.06118	0.983716	0.830037	0.635477	0.441614	0.278022	0.138764	0.0370953	-0.0213361	-0.0558484	-0.0817613	-0.111331	-0.140665	-0.161179	-0.18505	-0.245373	-0.35038	-0.487401	-0.630962	-0.745301	-0.807973	-0.838258	-0.847111	-0.832057	-0.781594	-0.677986	-0.515548	-0.326538	-0.122418	0.0992283	0.330552	0.561886	0.787319	0.982475	1.15111	1.28285	1.35655	1.34891	1.24632	
-0.376155	-0.376155	-0.29822	-0.154467	0.0258166	0.224434	0.42868	0.622488	0.803965	0.952377	1.05058	1.07071	1.00002	0.846709	0.648876	0.44898	0.279066	0.128961	0.0200405	-0.0459942	-0.0897537	-0.128367	-0.16008	-0.186234	-0.20652	-0.233276	-0.296327	-0.399883	-0.526746	-0.65812	-0.772483	-0.847704	-0.895207	-0.91234	-0.900751	-0.857604	-0.760051	-0.604988	-0.411485	-0.193607	0.0410433	0.280059	0.519166	0.748551	0.948537	1.12198	1.26333	1.34891	1.34669	1.25258	
-0.568769	-0.568769	-0.472857	-0.30176	-0.0896726	0.142653	0.377182	0.587493	0.781769	0.93777	1.03777	1.05582	0.983058	0.827475	0.634466	0.43617	0.263403	0.111854	-0.00610749	-0.0832489	-0.132336	-0.174033	-0.209634	-0.230462	-0.248496	-0.273918	-0.326328	-0.413702	-0.527061	-0.642614	-0.749049	-0.825807	-0.866072	-0.876619	-0.873119	-0.841415	-0.760876	-0.628425	-0.447168	-0.235354	-0.0157036	0.211716	0.443164	0.663179	0.852636	1.02252	1.15977	1.24632	1.25258	1.18168	
