-1.85079	-1.85079	0.680127	-0.318389	0.0435063	-1.54749	
-1.85079	-1.85079	0.680127	-0.318389	0.0435063	-1.54749	
0.680127	0.680127	1.08914	0.103819	0.49154	1.0354	
-0.318389	-0.318389	0.103819	0.625251	0.24423	0.0972168	
0.0435063	0.0435063	0.49154	0.24423	0.278752	0.924641	
-1.54749	-1.54749	1.0354	0.0972168	0.924641	-0.212306	
