2.06795	2.06795	-0.535615	-0.219052	-1.08771	0.228799	
2.06795	2.06795	-0.535615	-0.219052	-1.08771	0.228799	
-0.535615	-0.535615	0.537789	1.1218	0.638852	-0.839693	
-0.219052	-0.219052	1.1218	-0.483488	0.474025	-0.1439	
-1.08771	-1.08771	0.638852	0.474025	0.734151	-1.10485	
0.228799	0.228799	-0.839693	-0.1439	-1.10485	-0.98888	
