-0.164066	0.00463877	0.212887	0.437053	0.639567	0.79807	0.897771	0.928367	0.908611	0.859071	0.78215	0.686609	0.601472	0.54317	0.511729	0.491924	0.461527	0.405949	0.321709	0.217411	0.101563	-0.0227986	-0.153195	-0.279214	-0.383993	-0.449664	-0.458674	-0.40608	-0.309611	-0.190424	-0.0741299	0.0291148	0.113339	0.161103	0.163977	0.1204	0.0459723	-0.0469625	-0.156809	-0.283631	-0.404332	-0.491322	-0.550112	-0.58409	-0.603229	-0.611787	-0.615079	-0.630589	-0.64399	-0.64399	
0.00463877	0.212393	0.437517	0.652939	0.824602	0.938966	0.984911	0.96708	0.90082	0.80319	0.684099	0.554523	0.443439	0.365866	0.322525	0.303724	0.285024	0.248095	0.183865	0.101168	0.00407881	-0.106394	-0.226112	-0.337332	-0.424266	-0.475154	-0.475793	-0.420503	-0.310908	-0.175037	-0.0345701	0.0961324	0.203155	0.274992	0.291618	0.249707	0.165806	0.0503102	-0.0930867	-0.251919	-0.39701	-0.503192	-0.566848	-0.604651	-0.627231	-0.633678	-0.63998	-0.657034	-0.67591	-0.67591	
0.212887	0.437517	0.653047	0.833971	0.959149	1.01982	1.00792	0.935177	0.821318	0.685763	0.542789	0.400181	0.276632	0.189801	0.138613	0.122119	0.117812	0.102669	0.0639851	0.00465445	-0.0715825	-0.163688	-0.2639	-0.359183	-0.433985	-0.471191	-0.457845	-0.393305	-0.279903	-0.134016	0.0186646	0.157546	0.27107	0.354237	0.386	0.354414	0.27392	0.150407	-0.00998479	-0.196815	-0.369022	-0.494658	-0.573292	-0.622311	-0.653389	-0.666153	-0.686208	-0.716307	-0.74539	-0.74539	
0.437053	0.652939	0.833971	0.964869	1.02829	1.02257	0.947842	0.820134	0.665123	0.509446	0.359134	0.220315	0.110104	0.0350384	-0.009578	-0.0142503	-0.00532475	-0.00219613	-0.0193026	-0.0563026	-0.107619	-0.177523	-0.263052	-0.34774	-0.413603	-0.438852	-0.413918	-0.346077	-0.230153	-0.0889527	0.0538255	0.188019	0.301928	0.389832	0.434437	0.420491	0.35299	0.231985	0.064992	-0.133449	-0.321151	-0.462918	-0.558396	-0.622405	-0.667587	-0.69761	-0.733535	-0.777917	-0.819821	-0.819821	
0.639567	0.824602	0.959149	1.02829	1.01725	0.942737	0.805946	0.633657	0.459293	0.296248	0.148844	0.0326031	-0.0502481	-0.0974086	-0.116562	-0.101659	-0.0698109	-0.043506	-0.0312064	-0.0405375	-0.0783049	-0.14252	-0.223289	-0.30794	-0.371636	-0.393469	-0.368907	-0.300304	-0.193588	-0.0690749	0.0621428	0.183111	0.29028	0.384978	0.438902	0.436765	0.383133	0.275378	0.117993	-0.0748128	-0.261787	-0.41095	-0.518831	-0.59993	-0.66319	-0.7087	-0.761411	-0.820372	-0.867517	-0.867517	
0.79807	0.938966	1.01982	1.02257	0.942737	0.799315	0.610891	0.412275	0.233039	0.0788213	-0.0479716	-0.133028	-0.178983	-0.197527	-0.188938	-0.149242	-0.0960148	-0.0378788	0.00851336	0.0184345	-0.0115018	-0.0791855	-0.169351	-0.257317	-0.323279	-0.347183	-0.323189	-0.25958	-0.167916	-0.0613327	0.0500594	0.156806	0.256376	0.34471	0.403083	0.415456	0.376112	0.28394	0.14398	-0.036084	-0.214386	-0.361955	-0.474216	-0.561928	-0.635336	-0.69242	-0.755573	-0.821667	-0.871644	-0.871644	
0.897771	0.984911	1.00792	0.947842	0.805946	0.610891	0.390651	0.184567	0.0199198	-0.107853	-0.198453	-0.242737	-0.253248	-0.240105	-0.207954	-0.158185	-0.0926015	-0.0147505	0.0504829	0.0780364	0.0559628	-0.0172554	-0.116505	-0.206256	-0.266354	-0.287032	-0.26745	-0.2138	-0.139403	-0.0522746	0.0326287	0.110077	0.192908	0.273947	0.333017	0.356212	0.336425	0.26647	0.148241	-0.0113126	-0.173694	-0.311844	-0.425949	-0.513975	-0.589988	-0.6566	-0.720722	-0.787402	-0.834062	-0.834062	
0.928367	0.96708	0.935177	0.820134	0.633657	0.412275	0.184567	-0.0104917	-0.148015	-0.240337	-0.29299	-0.302487	-0.277438	-0.235207	-0.187328	-0.136497	-0.0688131	0.0127929	0.0859444	0.126494	0.106757	0.026624	-0.0710142	-0.14958	-0.200132	-0.215885	-0.202057	-0.162269	-0.107573	-0.0443153	0.0159297	0.0682168	0.125725	0.186714	0.241244	0.275114	0.269185	0.220369	0.12936	-0.00319951	-0.141156	-0.265133	-0.370561	-0.456824	-0.536649	-0.602748	-0.665126	-0.727652	-0.762971	-0.762971	
0.908611	0.90082	0.821318	0.665123	0.459293	0.233039	0.0199198	-0.148015	-0.251528	-0.308851	-0.331405	-0.315219	-0.262801	-0.203084	-0.148102	-0.0917077	-0.0244685	0.0536525	0.123954	0.160155	0.135084	0.057497	-0.0314942	-0.10038	-0.137425	-0.145292	-0.14079	-0.119675	-0.0831114	-0.0345929	0.00481544	0.0348553	0.067774	0.10444	0.146952	0.181834	0.191856	0.166261	0.102099	0.000607516	-0.105543	-0.207308	-0.302393	-0.381797	-0.463654	-0.540111	-0.608988	-0.672747	-0.707315	-0.707315	
0.859071	0.80319	0.685763	0.509446	0.296248	0.0788213	-0.107853	-0.240337	-0.308851	-0.334055	-0.326165	-0.285459	-0.217379	-0.14797	-0.082491	-0.0203065	0.0388275	0.103801	0.159046	0.180701	0.150109	0.0816274	0.00493948	-0.0489682	-0.0712038	-0.0790055	-0.0864186	-0.0805556	-0.0597997	-0.0288137	-0.00476514	0.00317066	0.00772773	0.0258447	0.0619187	0.101786	0.126104	0.117901	0.0774812	0.0102794	-0.0623859	-0.13611	-0.215612	-0.295351	-0.384727	-0.477011	-0.562122	-0.63433	-0.671553	-0.671553	
0.78215	0.684099	0.542789	0.359134	0.148844	-0.0479716	-0.198453	-0.29299	-0.331405	-0.326165	-0.291152	-0.233203	-0.159248	-0.0786327	-0.00145312	0.0586831	0.109912	0.159405	0.194132	0.199012	0.16943	0.113315	0.0501933	0.00565235	-0.0143507	-0.0264839	-0.0392181	-0.0400088	-0.0335636	-0.0160933	-0.00408599	-0.0119057	-0.0255923	-0.0278509	-0.0073829	0.0318641	0.0656031	0.0690471	0.0476561	0.00953562	-0.0334361	-0.0816284	-0.142083	-0.215486	-0.305458	-0.403271	-0.499419	-0.578854	-0.619121	-0.619121	
0.686609	0.554523	0.400181	0.220315	0.0326031	-0.133028	-0.242737	-0.302487	-0.315219	-0.285459	-0.233203	-0.170656	-0.0866845	0.00463192	0.0834894	0.142655	0.182293	0.212137	0.222408	0.213172	0.187346	0.144624	0.0951751	0.0581069	0.0308658	0.00814203	-0.0061418	-0.0152255	-0.0109775	0.00868276	0.0162037	0.00503909	-0.0187303	-0.0403572	-0.0397847	-0.0195824	0.000353533	0.00347487	-0.0078794	-0.0227795	-0.0312187	-0.0479202	-0.0853831	-0.142659	-0.219636	-0.31242	-0.407623	-0.483445	-0.527356	-0.527356	
0.601472	0.443439	0.276632	0.110104	-0.0502481	-0.178983	-0.253248	-0.277438	-0.262801	-0.217379	-0.159248	-0.0866845	0.0018135	0.0936664	0.169509	0.222356	0.250832	0.251971	0.239487	0.220023	0.192636	0.160763	0.128499	0.0934144	0.0578368	0.030516	0.0117315	0.00779029	0.0219699	0.0441744	0.0583525	0.0519188	0.0230479	-0.0169934	-0.0462825	-0.0576603	-0.0627308	-0.0725906	-0.0833838	-0.07728	-0.0559651	-0.0378489	-0.0387078	-0.067836	-0.120755	-0.195053	-0.281187	-0.355503	-0.398427	-0.398427	
0.54317	0.365866	0.189801	0.0350384	-0.0974086	-0.197527	-0.240105	-0.235207	-0.203084	-0.14797	-0.0786327	0.00463192	0.0936664	0.178922	0.247469	0.293687	0.304171	0.284687	0.256631	0.220881	0.190959	0.172143	0.152554	0.119175	0.080171	0.0518158	0.0401462	0.0492233	0.0756092	0.100144	0.117994	0.119389	0.0875592	0.0312395	-0.0342933	-0.0930931	-0.136026	-0.164794	-0.173692	-0.147201	-0.0970384	-0.0437119	-0.00541857	0.0017707	-0.0133641	-0.0561326	-0.121733	-0.182454	-0.222838	-0.222838	
0.511729	0.322525	0.138613	-0.009578	-0.116562	-0.188938	-0.207954	-0.187328	-0.148102	-0.082491	-0.00145312	0.0834894	0.169509	0.247469	0.310928	0.350434	0.355683	0.329527	0.289912	0.245809	0.216074	0.203321	0.184519	0.153678	0.118372	0.0880212	0.080009	0.102058	0.140209	0.175866	0.202065	0.20132	0.160219	0.0800054	-0.0286553	-0.139515	-0.221751	-0.266712	-0.272979	-0.224789	-0.146181	-0.0571521	0.0226208	0.0714714	0.102964	0.0987922	0.0652897	0.0309108	-0.00192823	-0.00192823	
0.491924	0.303724	0.122119	-0.0142503	-0.101659	-0.149242	-0.158185	-0.136497	-0.0917077	-0.0203065	0.0586831	0.142655	0.222356	0.293687	0.350434	0.39146	0.40915	0.388697	0.346011	0.299547	0.272148	0.25993	0.245162	0.214075	0.171284	0.134811	0.133365	0.167493	0.212931	0.256846	0.285135	0.281847	0.233107	0.12719	-0.0263573	-0.186295	-0.309156	-0.371804	-0.368616	-0.302237	-0.199981	-0.07733	0.0462112	0.147597	0.228988	0.27392	0.28056	0.266982	0.251104	0.251104	
0.461527	0.285024	0.117812	-0.00532475	-0.0698109	-0.0960148	-0.0926015	-0.0688131	-0.0244685	0.0388275	0.109912	0.182293	0.250832	0.304171	0.355683	0.40915	0.443279	0.435112	0.398052	0.3598	0.337717	0.33044	0.317003	0.283851	0.235036	0.198903	0.2007	0.237621	0.292831	0.346973	0.375028	0.364842	0.303534	0.169241	-0.0227717	-0.226291	-0.387585	-0.46329	-0.453809	-0.373267	-0.244104	-0.0902221	0.0742617	0.229238	0.360332	0.453477	0.504585	0.523538	0.526302	0.526302	
0.405949	0.248095	0.102669	-0.00219613	-0.043506	-0.0378788	-0.0147505	0.0127929	0.0536525	0.103801	0.159405	0.212137	0.251971	0.284687	0.329527	0.388697	0.435112	0.441789	0.41739	0.390223	0.379774	0.381926	0.374018	0.3389	0.291057	0.264399	0.274003	0.321528	0.387163	0.446535	0.477386	0.459144	0.377118	0.216708	-0.00934356	-0.249062	-0.440188	-0.530796	-0.518608	-0.432232	-0.287352	-0.103737	0.100658	0.309394	0.496177	0.639349	0.736186	0.791016	0.813238	0.813238	
0.321709	0.183865	0.0639851	-0.0193026	-0.0312064	0.00851336	0.0504829	0.0859444	0.123954	0.159046	0.194132	0.222408	0.239487	0.256631	0.289912	0.346011	0.398052	0.41739	0.403618	0.386481	0.390547	0.405147	0.404686	0.37521	0.334045	0.320442	0.346704	0.407706	0.482997	0.542343	0.56888	0.54451	0.445258	0.264131	0.0156186	-0.250894	-0.462662	-0.570577	-0.566631	-0.473293	-0.318267	-0.110514	0.135066	0.390941	0.627336	0.821038	0.964977	1.05466	1.10182	1.10182	
0.217411	0.101168	0.00465445	-0.0563026	-0.0405375	0.0184345	0.0780364	0.126494	0.160155	0.180701	0.199012	0.213172	0.220023	0.220881	0.245809	0.299547	0.3598	0.390223	0.386481	0.385186	0.397448	0.41616	0.415721	0.385241	0.355724	0.35664	0.400702	0.476118	0.551491	0.616081	0.641873	0.607586	0.494917	0.298065	0.0395466	-0.239808	-0.46398	-0.58215	-0.591922	-0.504303	-0.338139	-0.108022	0.17252	0.474108	0.757323	0.994455	1.17937	1.3046	1.36994	1.36994	
0.101563	0.00407881	-0.0715825	-0.107619	-0.0783049	-0.0115018	0.0559628	0.106757	0.135084	0.150109	0.16943	0.187346	0.192636	0.190959	0.216074	0.272148	0.337717	0.379774	0.390547	0.397448	0.408995	0.423578	0.418152	0.384258	0.357329	0.366905	0.427037	0.51316	0.589248	0.649698	0.669449	0.63109	0.51547	0.314877	0.0519826	-0.224819	-0.453549	-0.586816	-0.605234	-0.520292	-0.344115	-0.0914211	0.220194	0.556423	0.87246	1.14775	1.36657	1.51723	1.60254	1.60254	
-0.0227986	-0.106394	-0.163688	-0.177523	-0.14252	-0.0791855	-0.0172554	0.026624	0.057497	0.0816274	0.113315	0.144624	0.160763	0.172143	0.203321	0.25993	0.33044	0.381926	0.405147	0.41616	0.423578	0.427337	0.410014	0.371768	0.343657	0.360656	0.425598	0.511914	0.585214	0.63748	0.654786	0.614442	0.502893	0.306967	0.048592	-0.216654	-0.441282	-0.581825	-0.608357	-0.527015	-0.342425	-0.0673369	0.265944	0.62635	0.970868	1.26845	1.50962	1.68206	1.77536	1.77536	
-0.153195	-0.226112	-0.2639	-0.263052	-0.223289	-0.169351	-0.116505	-0.0710142	-0.0314942	0.00493948	0.0501933	0.0951751	0.128499	0.152554	0.184519	0.245162	0.317003	0.374018	0.404686	0.415721	0.418152	0.410014	0.383819	0.346719	0.318603	0.334328	0.395856	0.473488	0.546187	0.590284	0.604668	0.570632	0.464573	0.280501	0.0404455	-0.210374	-0.429762	-0.570113	-0.608398	-0.530682	-0.337726	-0.0496832	0.297672	0.668987	1.03045	1.34077	1.59415	1.78182	1.87851	1.87851	
-0.279214	-0.337332	-0.359183	-0.34774	-0.30794	-0.257317	-0.206256	-0.14958	-0.10038	-0.0489682	0.00565235	0.0581069	0.0934144	0.119175	0.153678	0.214075	0.283851	0.3389	0.37521	0.385241	0.384258	0.371768	0.346719	0.310534	0.283034	0.293099	0.34599	0.414319	0.479534	0.51693	0.52666	0.501527	0.409895	0.244604	0.0265729	-0.208613	-0.415883	-0.555981	-0.608045	-0.529522	-0.336588	-0.0523867	0.300596	0.670651	1.03099	1.35009	1.60981	1.79729	1.90194	1.90194	
-0.383993	-0.424266	-0.433985	-0.413603	-0.371636	-0.323279	-0.266354	-0.200132	-0.137425	-0.0712038	-0.0143507	0.0308658	0.0578368	0.080171	0.118372	0.171284	0.235036	0.291057	0.334045	0.355724	0.357329	0.343657	0.318603	0.283034	0.258757	0.256058	0.287601	0.34042	0.391461	0.424428	0.432286	0.40977	0.330322	0.186904	-0.00508142	-0.218402	-0.409725	-0.547164	-0.603584	-0.533246	-0.349933	-0.0763872	0.260619	0.617585	0.972077	1.2859	1.54224	1.73164	1.83389	1.83389	
-0.449664	-0.475154	-0.471191	-0.438852	-0.393469	-0.347183	-0.287032	-0.215885	-0.145292	-0.0790055	-0.0264839	0.00814203	0.030516	0.0518158	0.0880212	0.134811	0.198903	0.264399	0.320442	0.35664	0.366905	0.360656	0.334328	0.293099	0.256058	0.232382	0.233943	0.260423	0.295251	0.318879	0.322133	0.297179	0.227765	0.105075	-0.0632716	-0.248091	-0.420164	-0.554529	-0.607901	-0.546192	-0.379939	-0.12756	0.181843	0.512131	0.849195	1.1494	1.39118	1.58069	1.67635	1.67635	
-0.458674	-0.475793	-0.457845	-0.413918	-0.368907	-0.323189	-0.26745	-0.202057	-0.14079	-0.0864186	-0.0392181	-0.0061418	0.0117315	0.0401462	0.080009	0.133365	0.2007	0.274003	0.346704	0.400702	0.427037	0.425598	0.395856	0.34599	0.287601	0.233943	0.199456	0.19175	0.202996	0.206573	0.1997	0.170521	0.106665	0.0022802	-0.139282	-0.296439	-0.449219	-0.572264	-0.623074	-0.570498	-0.425736	-0.205823	0.0651782	0.363841	0.671941	0.948048	1.17333	1.34768	1.4394	1.4394	
-0.40608	-0.420503	-0.393305	-0.346077	-0.300304	-0.25958	-0.2138	-0.162269	-0.119675	-0.0805556	-0.0400088	-0.0152255	0.00779029	0.0492233	0.102058	0.167493	0.237621	0.321528	0.407706	0.476118	0.51316	0.511914	0.473488	0.414319	0.34042	0.260423	0.19175	0.143159	0.122379	0.106281	0.0867711	0.0477263	-0.0163582	-0.106141	-0.219192	-0.347914	-0.479933	-0.588152	-0.640422	-0.600712	-0.482455	-0.303945	-0.0788921	0.180284	0.451007	0.696456	0.904216	1.06097	1.15072	1.15072	
-0.309611	-0.310908	-0.279903	-0.230153	-0.193588	-0.167916	-0.139403	-0.107573	-0.0831114	-0.0597997	-0.0335636	-0.0109775	0.0219699	0.0756092	0.140209	0.212931	0.292831	0.387163	0.482997	0.551491	0.589248	0.585214	0.546187	0.479534	0.391461	0.295251	0.202996	0.122379	0.0675068	0.0294668	-0.00977283	-0.0548166	-0.114107	-0.189311	-0.278654	-0.375703	-0.487707	-0.589991	-0.644387	-0.632829	-0.55142	-0.423253	-0.247408	-0.0269093	0.206064	0.427953	0.617714	0.762522	0.849262	0.849262	
-0.190424	-0.175037	-0.134016	-0.0889527	-0.0690749	-0.0613327	-0.0522746	-0.0443153	-0.0345929	-0.0288137	-0.0160933	0.00868276	0.0441744	0.100144	0.175866	0.256846	0.346973	0.446535	0.542343	0.616081	0.649698	0.63748	0.590284	0.51693	0.424428	0.318879	0.206573	0.106281	0.0294668	-0.0250859	-0.0715088	-0.116294	-0.170875	-0.231329	-0.293081	-0.366307	-0.460997	-0.560845	-0.627928	-0.648756	-0.612889	-0.53383	-0.409237	-0.23196	-0.0348425	0.16286	0.340055	0.478896	0.564909	0.564909	
-0.0741299	-0.0345701	0.0186646	0.0538255	0.0621428	0.0500594	0.0326287	0.0159297	0.00481544	-0.00476514	-0.00408599	0.0162037	0.0583525	0.117994	0.202065	0.285135	0.375028	0.477386	0.56888	0.641873	0.669449	0.654786	0.604668	0.52666	0.432286	0.322133	0.1997	0.0867711	-0.00977283	-0.0715088	-0.110677	-0.144188	-0.178789	-0.219659	-0.257104	-0.312767	-0.393652	-0.490869	-0.577518	-0.630656	-0.639715	-0.608986	-0.532549	-0.399396	-0.239364	-0.0692085	0.0947938	0.228724	0.310441	0.310441	
0.0291148	0.0961324	0.157546	0.188019	0.183111	0.156806	0.110077	0.0682168	0.0348553	0.00317066	-0.0119057	0.00503909	0.0519188	0.119389	0.20132	0.281847	0.364842	0.459144	0.54451	0.607586	0.63109	0.614442	0.570632	0.501527	0.40977	0.297179	0.170521	0.0477263	-0.0548166	-0.116294	-0.144188	-0.155251	-0.161228	-0.169594	-0.180641	-0.21052	-0.272845	-0.370187	-0.472106	-0.558393	-0.614268	-0.626585	-0.592267	-0.503395	-0.383762	-0.242272	-0.0959351	0.0224458	0.100158	0.100158	
0.113339	0.203155	0.27107	0.301928	0.29028	0.256376	0.192908	0.125725	0.067774	0.00772773	-0.0255923	-0.0187303	0.0230479	0.0875592	0.160219	0.233107	0.303534	0.377118	0.445258	0.494917	0.51547	0.502893	0.464573	0.409895	0.330322	0.227765	0.106665	-0.0163582	-0.114107	-0.170875	-0.178789	-0.161228	-0.131895	-0.0981887	-0.0751327	-0.072746	-0.112472	-0.199615	-0.306704	-0.419301	-0.51147	-0.560242	-0.570205	-0.533094	-0.458235	-0.353365	-0.228651	-0.118735	-0.0504594	-0.0504594	
0.161103	0.274992	0.354237	0.389832	0.384978	0.34471	0.273947	0.186714	0.10444	0.0258447	-0.0278509	-0.0403572	-0.0169934	0.0312395	0.0800054	0.12719	0.169241	0.216708	0.264131	0.298065	0.314877	0.306967	0.280501	0.244604	0.186904	0.105075	0.0022802	-0.106141	-0.189311	-0.231329	-0.219659	-0.169594	-0.0981887	-0.0208957	0.0408015	0.0780394	0.0657285	0.00328478	-0.0975645	-0.228728	-0.342034	-0.42597	-0.474472	-0.480842	-0.453257	-0.382267	-0.28511	-0.188889	-0.135051	-0.135051	
0.163977	0.291618	0.386	0.434437	0.438902	0.403083	0.333017	0.241244	0.146952	0.0619187	-0.0073829	-0.0397847	-0.0462825	-0.0342933	-0.0286553	-0.0263573	-0.0227717	-0.00934356	0.0156186	0.0395466	0.0519826	0.048592	0.0404455	0.0265729	-0.00508142	-0.0632716	-0.139282	-0.219192	-0.278654	-0.293081	-0.257104	-0.180641	-0.0751327	0.0408015	0.141798	0.211449	0.232046	0.196924	0.109485	-0.018404	-0.142089	-0.243871	-0.313857	-0.357036	-0.372005	-0.330565	-0.259026	-0.184966	-0.139175	-0.139175	
0.1204	0.249707	0.354414	0.420491	0.436765	0.415456	0.356212	0.275114	0.181834	0.101786	0.0318641	-0.0195824	-0.0576603	-0.0930931	-0.139515	-0.186295	-0.226291	-0.249062	-0.250894	-0.239808	-0.224819	-0.216654	-0.210374	-0.208613	-0.218402	-0.248091	-0.296439	-0.347914	-0.375703	-0.366307	-0.312767	-0.21052	-0.072746	0.0780394	0.211449	0.303536	0.351	0.344461	0.28167	0.175707	0.0594893	-0.0408701	-0.124201	-0.191982	-0.231402	-0.217484	-0.162588	-0.101875	-0.0667284	-0.0667284	
0.0459723	0.165806	0.27392	0.35299	0.383133	0.376112	0.336425	0.269185	0.191856	0.126104	0.0656031	0.000353533	-0.0627308	-0.136026	-0.221751	-0.309156	-0.387585	-0.440188	-0.462662	-0.46398	-0.453549	-0.441282	-0.429762	-0.415883	-0.409725	-0.420164	-0.449219	-0.479933	-0.487707	-0.460997	-0.393652	-0.272845	-0.112472	0.0657285	0.232046	0.351	0.426012	0.449429	0.41678	0.334865	0.233169	0.14197	0.0585962	-0.0166434	-0.0651525	-0.0644622	-0.0249743	0.0226575	0.0473136	0.0473136	
-0.0469625	0.0503102	0.150407	0.231985	0.275378	0.28394	0.26647	0.220369	0.166261	0.117901	0.0690471	0.00347487	-0.0725906	-0.164794	-0.266712	-0.371804	-0.46329	-0.530796	-0.570577	-0.58215	-0.586816	-0.581825	-0.570113	-0.555981	-0.547164	-0.554529	-0.572264	-0.588152	-0.589991	-0.560845	-0.490869	-0.370187	-0.199615	0.00328478	0.196924	0.344461	0.449429	0.506953	0.508288	0.462495	0.387356	0.304635	0.224381	0.141361	0.0819876	0.0711811	0.0952506	0.131389	0.148539	0.148539	
-0.156809	-0.0930867	-0.00998479	0.064992	0.117993	0.14398	0.148241	0.12936	0.102099	0.0774812	0.0476561	-0.0078794	-0.0833838	-0.173692	-0.272979	-0.368616	-0.453809	-0.518608	-0.566631	-0.591922	-0.605234	-0.608357	-0.608398	-0.608045	-0.603584	-0.607901	-0.623074	-0.640422	-0.644387	-0.627928	-0.577518	-0.472106	-0.306704	-0.0975645	0.109485	0.28167	0.41678	0.508288	0.552971	0.551694	0.503376	0.433824	0.350949	0.257785	0.187411	0.154538	0.157026	0.170691	0.176821	0.176821	
-0.283631	-0.251919	-0.196815	-0.133449	-0.0748128	-0.036084	-0.0113126	-0.00319951	0.000607516	0.0102794	0.00953562	-0.0227795	-0.07728	-0.147201	-0.224789	-0.302237	-0.373267	-0.432232	-0.473293	-0.504303	-0.520292	-0.527015	-0.530682	-0.529522	-0.533246	-0.546192	-0.570498	-0.600712	-0.632829	-0.648756	-0.630656	-0.558393	-0.419301	-0.228728	-0.018404	0.175707	0.334865	0.462495	0.551694	0.5883	0.569988	0.512868	0.423075	0.317575	0.227532	0.161913	0.128762	0.111326	0.10025	0.10025	
-0.404332	-0.39701	-0.369022	-0.321151	-0.261787	-0.214386	-0.173694	-0.141156	-0.105543	-0.0623859	-0.0334361	-0.0312187	-0.0559651	-0.0970384	-0.146181	-0.199981	-0.244104	-0.287352	-0.318267	-0.338139	-0.344115	-0.342425	-0.337726	-0.336588	-0.349933	-0.379939	-0.425736	-0.482455	-0.55142	-0.612889	-0.639715	-0.614268	-0.51147	-0.342034	-0.142089	0.0594893	0.233169	0.387356	0.503376	0.569988	0.5771	0.516698	0.415574	0.292506	0.17463	0.0765065	0.00648689	-0.0431433	-0.0694184	-0.0694184	
-0.491322	-0.503192	-0.494658	-0.462918	-0.41095	-0.361955	-0.311844	-0.265133	-0.207308	-0.13611	-0.0816284	-0.0479202	-0.0378489	-0.0437119	-0.0571521	-0.07733	-0.0902221	-0.103737	-0.110514	-0.108022	-0.0914211	-0.0673369	-0.0496832	-0.0523867	-0.0763872	-0.12756	-0.205823	-0.303945	-0.423253	-0.53383	-0.608986	-0.626585	-0.560242	-0.42597	-0.243871	-0.0408701	0.14197	0.304635	0.433824	0.512868	0.516698	0.447338	0.326323	0.177776	0.0338044	-0.0990086	-0.20478	-0.285811	-0.325969	-0.325969	
-0.550112	-0.566848	-0.573292	-0.558396	-0.518831	-0.474216	-0.425949	-0.370561	-0.302393	-0.215612	-0.142083	-0.0853831	-0.0387078	-0.00541857	0.0226208	0.0462112	0.0742617	0.100658	0.135066	0.17252	0.220194	0.265944	0.297672	0.300596	0.260619	0.181843	0.0651782	-0.0788921	-0.247408	-0.409237	-0.532549	-0.592267	-0.570205	-0.474472	-0.313857	-0.124201	0.0585962	0.224381	0.350949	0.423075	0.415574	0.326323	0.176753	0.00111457	-0.174156	-0.345439	-0.489522	-0.600041	-0.657783	-0.657783	
-0.58409	-0.604651	-0.622311	-0.622405	-0.59993	-0.561928	-0.513975	-0.456824	-0.381797	-0.295351	-0.215486	-0.142659	-0.067836	0.0017707	0.0714714	0.147597	0.229238	0.309394	0.390941	0.474108	0.556423	0.62635	0.668987	0.670651	0.617585	0.512131	0.363841	0.180284	-0.0269093	-0.23196	-0.399396	-0.503395	-0.533094	-0.480842	-0.357036	-0.191982	-0.0166434	0.141361	0.257785	0.317575	0.292506	0.177776	0.00111457	-0.209248	-0.424758	-0.634574	-0.820972	-0.959984	-1.03395	-1.03395	
-0.603229	-0.627231	-0.653389	-0.667587	-0.66319	-0.635336	-0.589988	-0.536649	-0.463654	-0.384727	-0.305458	-0.219636	-0.120755	-0.0133641	0.102964	0.228988	0.360332	0.496177	0.627336	0.757323	0.87246	0.970868	1.03045	1.03099	0.972077	0.849195	0.671941	0.451007	0.206064	-0.0348425	-0.239364	-0.383762	-0.458235	-0.453257	-0.372005	-0.231402	-0.0651525	0.0819876	0.187411	0.227532	0.17463	0.0338044	-0.174156	-0.424758	-0.684477	-0.941763	-1.17577	-1.34655	-1.44111	-1.44111	
-0.611787	-0.633678	-0.666153	-0.69761	-0.7087	-0.69242	-0.6566	-0.602748	-0.540111	-0.477011	-0.403271	-0.31242	-0.195053	-0.0561326	0.0987922	0.27392	0.453477	0.639349	0.821038	0.994455	1.14775	1.26845	1.34077	1.35009	1.2859	1.1494	0.948048	0.696456	0.427953	0.16286	-0.0692085	-0.242272	-0.353365	-0.382267	-0.330565	-0.217484	-0.0644622	0.0711811	0.154538	0.161913	0.0765065	-0.0990086	-0.345439	-0.634574	-0.941763	-1.24562	-1.52162	-1.72542	-1.83741	-1.83741	
-0.615079	-0.63998	-0.686208	-0.733535	-0.761411	-0.755573	-0.720722	-0.665126	-0.608988	-0.562122	-0.499419	-0.407623	-0.281187	-0.121733	0.0652897	0.28056	0.504585	0.736186	0.964977	1.17937	1.36657	1.50962	1.59415	1.60981	1.54224	1.39118	1.17333	0.904216	0.617714	0.340055	0.0947938	-0.0959351	-0.228651	-0.28511	-0.259026	-0.162588	-0.0249743	0.0952506	0.157026	0.128762	0.00648689	-0.20478	-0.489522	-0.820972	-1.17577	-1.52162	-1.83196	-2.06104	-2.18405	-2.18405	
-0.630589	-0.657034	-0.716307	-0.777917	-0.820372	-0.821667	-0.787402	-0.727652	-0.672747	-0.63433	-0.578854	-0.483445	-0.355503	-0.182454	0.0309108	0.266982	0.523538	0.791016	1.05466	1.3046	1.51723	1.68206	1.78182	1.79729	1.73164	1.58069	1.34768	1.06097	0.762522	0.478896	0.228724	0.0224458	-0.118735	-0.188889	-0.184966	-0.101875	0.0226575	0.131389	0.170691	0.111326	-0.0431433	-0.285811	-0.600041	-0.959984	-1.34655	-1.72542	-2.06104	-2.31461	-2.44866	-2.44866	
-0.64399	-0.67591	-0.74539	-0.819821	-0.867517	-0.871644	-0.834062	-0.762971	-0.707315	-0.671553	-0.619121	-0.527356	-0.398427	-0.222838	-0.00192823	0.251104	0.526302	0.813238	1.10182	1.36994	1.60254	1.77536	1.87851	1.90194	1.83389	1.67635	1.4394	1.15072	0.849262	0.564909	0.310441	0.100158	-0.0504594	-0.135051	-0.139175	-0.0667284	0.0473136	0.148539	0.176821	0.10025	-0.0694184	-0.325969	-0.657783	-1.03395	-1.44111	-1.83741	-2.18405	-2.44866	-2.58471	-2.58471	
-0.64399	-0.67591	-0.74539	-0.819821	-0.867517	-0.871644	-0.834062	-0.762971	-0.707315	-0.671553	-0.619121	-0.527356	-0.398427	-0.222838	-0.00192823	0.251104	0.526302	0.813238	1.10182	1.36994	1.60254	1.77536	1.87851	1.90194	1.83389	1.67635	1.4394	1.15072	0.849262	0.564909	0.310441	0.100158	-0.0504594	-0.135051	-0.139175	-0.0667284	0.0473136	0.148539	0.176821	0.10025	-0.0694184	-0.325969	-0.657783	-1.03395	-1.44111	-1.83741	-2.18405	-2.44866	-2.58471	-2.58471	
