0.489041	0.489041	0.251827	0.425147	0.177684	0.0994818	
0.489041	0.489041	0.251827	0.425147	0.177684	0.0994818	
0.251827	0.251827	-0.591735	-0.82382	-0.413915	0.368682	
0.425147	0.425147	-0.82382	-0.959061	-0.162157	0.717735	
0.177684	0.177684	-0.413915	-0.162157	0.787162	0.721782	
0.0994818	0.0994818	0.368682	0.717735	0.721782	-0.222833	
