0.519041	0.519041	0.589926	0.714021	0.848672	0.942735	0.964056	0.907915	0.775643	0.578845	0.343085	0.0976112	-0.144633	-0.380717	-0.589095	-0.750565	-0.838046	-0.844212	-0.773718	-0.66878	-0.561373	-0.455622	-0.349443	-0.239192	-0.132936	-0.0391675	0.0182314	0.0497626	0.0793441	0.103153	0.0998519	0.0746503	0.0474484	0.0313236	0.0210363	0.0162579	0.0108313	0.0156701	0.0336571	0.0430286	0.0138974	-0.0557038	-0.148236	-0.217975	-0.250136	-0.23948	-0.20328	-0.177406	-0.186512	-0.223657	
0.519041	0.519041	0.589926	0.714021	0.848672	0.942735	0.964056	0.907915	0.775643	0.578845	0.343085	0.0976112	-0.144633	-0.380717	-0.589095	-0.750565	-0.838046	-0.844212	-0.773718	-0.66878	-0.561373	-0.455622	-0.349443	-0.239192	-0.132936	-0.0391675	0.0182314	0.0497626	0.0793441	0.103153	0.0998519	0.0746503	0.0474484	0.0313236	0.0210363	0.0162579	0.0108313	0.0156701	0.0336571	0.0430286	0.0138974	-0.0557038	-0.148236	-0.217975	-0.250136	-0.23948	-0.20328	-0.177406	-0.186512	-0.223657	
0.589926	0.589926	0.656993	0.774769	0.9027	0.993093	1.01524	0.964907	0.84182	0.655941	0.429075	0.189025	-0.0537583	-0.293418	-0.50844	-0.675708	-0.768243	-0.778853	-0.714147	-0.618536	-0.524842	-0.436515	-0.349199	-0.254131	-0.156968	-0.0647614	-0.00148577	0.0390412	0.0781473	0.110559	0.11482	0.0992175	0.0814598	0.0752274	0.0722864	0.0693466	0.0600898	0.0575796	0.0674508	0.0745417	0.0513696	-0.00459552	-0.0781695	-0.130193	-0.149406	-0.133287	-0.0973979	-0.0770713	-0.0913259	-0.133269	
0.714021	0.714021	0.774769	0.881279	0.998174	1.08188	1.10611	1.06541	0.958866	0.791523	0.582351	0.352543	0.114008	-0.129005	-0.349665	-0.524181	-0.623698	-0.642033	-0.589936	-0.512338	-0.443586	-0.386654	-0.330916	-0.264557	-0.186513	-0.10292	-0.0383569	0.0119467	0.0627232	0.107646	0.128115	0.128036	0.1289	0.138511	0.147961	0.151478	0.142647	0.135658	0.142642	0.150343	0.13693	0.0992619	0.0481892	0.0182579	0.016754	0.0441844	0.082454	0.103273	0.0856156	0.0406364	
0.848672	0.848672	0.9027	0.998174	1.10371	1.1827	1.21114	1.1842	1.09764	0.954717	0.767459	0.555932	0.326488	0.0892516	-0.132602	-0.309891	-0.416971	-0.447914	-0.415546	-0.364721	-0.328583	-0.307791	-0.290384	-0.258066	-0.208613	-0.145943	-0.0897971	-0.0391972	0.0205763	0.0814924	0.121638	0.146385	0.167352	0.194108	0.216347	0.227646	0.225287	0.22515	0.237361	0.253958	0.252346	0.228519	0.195257	0.181517	0.19607	0.23603	0.285856	0.312688	0.302881	0.263208	
0.942735	0.942735	0.993093	1.08188	1.1827	1.26251	1.30121	1.29101	1.22801	1.11093	0.95178	0.763275	0.554847	0.331641	0.119155	-0.0579902	-0.174902	-0.22629	-0.225472	-0.211309	-0.212778	-0.230815	-0.248723	-0.251578	-0.233298	-0.196833	-0.158293	-0.111022	-0.0452525	0.0302274	0.0938674	0.138517	0.177404	0.213692	0.242444	0.261123	0.269413	0.281922	0.30897	0.336784	0.345927	0.332384	0.309086	0.307061	0.335751	0.393453	0.458826	0.505127	0.511087	0.485249	
0.964056	0.964056	1.01524	1.10611	1.21114	1.30121	1.35525	1.36526	1.32463	1.23473	1.10343	0.945353	0.763623	0.56641	0.369414	0.197315	0.0689768	-0.00802365	-0.0445832	-0.0704146	-0.110072	-0.161279	-0.211522	-0.24462	-0.256445	-0.24909	-0.228782	-0.190652	-0.123497	-0.0387684	0.0370874	0.0968765	0.143423	0.184239	0.217402	0.240884	0.258986	0.283714	0.320206	0.357693	0.375687	0.370769	0.359713	0.368052	0.410863	0.482829	0.56738	0.633252	0.664704	0.661288	
0.907915	0.907915	0.964907	1.06541	1.1842	1.29101	1.36526	1.39484	1.37643	1.31074	1.21008	1.08381	0.937045	0.770703	0.596862	0.433013	0.296316	0.195526	0.124432	0.0614032	-0.0102311	-0.0918257	-0.168367	-0.228981	-0.267131	-0.283772	-0.282503	-0.25499	-0.197222	-0.121072	-0.0485405	0.0074156	0.0545689	0.0971247	0.136317	0.16981	0.198789	0.232713	0.275983	0.316461	0.340014	0.343045	0.341172	0.359642	0.412158	0.497904	0.597772	0.687513	0.745947	0.770539	
0.775643	0.775643	0.84182	0.958866	1.09764	1.22801	1.32463	1.37643	1.37879	1.33903	1.26763	1.17553	1.06276	0.92939	0.779287	0.628152	0.489558	0.37596	0.281307	0.193973	0.0976114	-0.00611154	-0.106294	-0.189557	-0.248407	-0.285923	-0.300544	-0.290813	-0.255108	-0.204326	-0.155246	-0.112888	-0.072745	-0.0280432	0.0208266	0.0650435	0.105843	0.147168	0.191896	0.233093	0.257675	0.264688	0.270415	0.292929	0.352659	0.445357	0.556947	0.663266	0.745779	0.793915	
0.578845	0.578845	0.655941	0.791523	0.954717	1.11093	1.23473	1.31074	1.33903	1.32646	1.28613	1.22456	1.14142	1.03455	0.905126	0.767275	0.634683	0.518552	0.414887	0.312569	0.202082	0.0808187	-0.0361746	-0.136123	-0.209372	-0.261148	-0.291694	-0.302292	-0.296301	-0.280696	-0.261045	-0.239812	-0.209513	-0.167406	-0.114116	-0.0614044	-0.0122133	0.035502	0.0815648	0.118605	0.140792	0.14663	0.154029	0.18114	0.245206	0.344397	0.462513	0.576552	0.66901	0.73072	
0.343085	0.343085	0.429075	0.582351	0.767459	0.95178	1.10343	1.21008	1.26763	1.28613	1.27413	1.23595	1.17178	1.08013	0.964454	0.839099	0.716885	0.609122	0.505248	0.400437	0.283696	0.15621	0.0310154	-0.0777174	-0.160072	-0.225521	-0.272875	-0.305989	-0.329082	-0.344744	-0.351516	-0.348113	-0.332226	-0.300253	-0.252847	-0.202111	-0.149386	-0.0987825	-0.0540434	-0.0201405	-0.00355184	0.00161344	0.0128895	0.04283	0.111894	0.213163	0.329207	0.441919	0.535524	0.598929	
0.0976112	0.0976112	0.189025	0.352543	0.555932	0.763275	0.945353	1.08381	1.17553	1.22456	1.23595	1.21176	1.15343	1.06702	0.957839	0.842931	0.734599	0.63881	0.544465	0.445182	0.336564	0.216546	0.0962379	-0.0134318	-0.103417	-0.185321	-0.252853	-0.308932	-0.356115	-0.395437	-0.42108	-0.43334	-0.432823	-0.418418	-0.385074	-0.343494	-0.295214	-0.246305	-0.204552	-0.176085	-0.15896	-0.14993	-0.131141	-0.0943172	-0.0244832	0.0715874	0.181018	0.284905	0.373451	0.436407	
-0.144633	-0.144633	-0.0537583	0.114008	0.326488	0.554847	0.763623	0.937045	1.06276	1.14142	1.17178	1.15343	1.09568	1.00825	0.904129	0.798822	0.703971	0.623399	0.542133	0.459063	0.370908	0.272684	0.167669	0.0613861	-0.0375018	-0.13713	-0.225764	-0.300371	-0.364913	-0.420935	-0.460873	-0.486182	-0.503172	-0.507925	-0.49499	-0.470015	-0.433028	-0.391592	-0.354747	-0.324025	-0.301194	-0.278938	-0.248382	-0.207764	-0.141954	-0.054022	0.0433975	0.140312	0.224378	0.279108	
-0.380717	-0.380717	-0.293418	-0.129005	0.0892516	0.331641	0.56641	0.770703	0.92939	1.03455	1.08013	1.06702	1.00825	0.922114	0.8227	0.726047	0.643373	0.577103	0.51386	0.455276	0.398604	0.33308	0.249946	0.150441	0.0459629	-0.0682875	-0.171272	-0.25993	-0.338505	-0.40974	-0.464039	-0.501606	-0.531812	-0.555068	-0.561859	-0.557254	-0.537349	-0.50767	-0.475901	-0.444847	-0.411671	-0.376248	-0.332758	-0.284741	-0.21815	-0.136105	-0.0446152	0.0409421	0.109542	0.143693	
-0.589095	-0.589095	-0.50844	-0.349665	-0.132602	0.119155	0.369414	0.596862	0.779287	0.905126	0.964454	0.957839	0.904129	0.8227	0.730767	0.641386	0.569207	0.51633	0.473549	0.441506	0.419365	0.386277	0.326137	0.2374	0.134723	0.0199	-0.0863147	-0.180291	-0.268719	-0.355153	-0.423331	-0.472187	-0.51617	-0.556519	-0.586244	-0.602685	-0.599418	-0.57935	-0.55235	-0.519909	-0.482839	-0.436975	-0.382364	-0.32278	-0.249487	-0.163549	-0.0775914	-0.00561535	0.0395365	0.0407054	
-0.750565	-0.750565	-0.675708	-0.524181	-0.309891	-0.0579902	0.197315	0.433013	0.628152	0.767275	0.839099	0.842931	0.798822	0.726047	0.641386	0.558607	0.494042	0.454523	0.428538	0.420785	0.425044	0.420627	0.383088	0.312515	0.226206	0.12587	0.0295247	-0.0621467	-0.158017	-0.256679	-0.338776	-0.398825	-0.455446	-0.513128	-0.560905	-0.592705	-0.599337	-0.58631	-0.566999	-0.543604	-0.511268	-0.462653	-0.395369	-0.319632	-0.231754	-0.141245	-0.0619225	-0.0103717	0.00432706	-0.0303215	
-0.838046	-0.838046	-0.768243	-0.623698	-0.416971	-0.174902	0.0689768	0.296316	0.489558	0.634683	0.716885	0.734599	0.703971	0.643373	0.569207	0.494042	0.439854	0.408446	0.39403	0.394228	0.411524	0.422529	0.404335	0.356452	0.295484	0.221273	0.145869	0.0652911	-0.0265416	-0.130327	-0.219385	-0.28921	-0.35759	-0.428912	-0.490176	-0.53	-0.542735	-0.537596	-0.529966	-0.520766	-0.496971	-0.445428	-0.368766	-0.278688	-0.184411	-0.0957665	-0.0267741	0.00729998	-0.000241456	-0.0574864	
-0.844212	-0.844212	-0.778853	-0.642033	-0.447914	-0.22629	-0.00802365	0.195526	0.37596	0.518552	0.609122	0.63881	0.623399	0.577103	0.51633	0.454523	0.408446	0.382799	0.364213	0.359437	0.372576	0.390812	0.388437	0.364766	0.331707	0.288818	0.238826	0.179102	0.0975074	-0.00171739	-0.0945504	-0.168608	-0.242486	-0.318235	-0.383393	-0.426968	-0.446207	-0.451478	-0.459219	-0.462222	-0.444809	-0.392464	-0.309201	-0.216833	-0.125872	-0.0451811	0.012025	0.0341654	0.0159039	-0.0541884	
-0.773718	-0.773718	-0.714147	-0.589936	-0.415546	-0.225472	-0.0445832	0.124432	0.281307	0.414887	0.505248	0.544465	0.542133	0.51386	0.473549	0.428538	0.39403	0.364213	0.334013	0.309973	0.311492	0.329165	0.338238	0.333304	0.324985	0.310697	0.29087	0.254442	0.191204	0.0995664	0.0116474	-0.0608084	-0.129635	-0.203309	-0.271507	-0.322583	-0.35265	-0.369637	-0.382693	-0.388924	-0.368887	-0.312261	-0.231496	-0.144733	-0.0667488	-0.00319129	0.0402533	0.0516883	0.023757	-0.0497161	
-0.66878	-0.66878	-0.618536	-0.512338	-0.364721	-0.211309	-0.0704146	0.0614032	0.193973	0.312569	0.400437	0.445182	0.459063	0.455276	0.441506	0.420785	0.394228	0.359437	0.309973	0.265896	0.251778	0.264922	0.277773	0.283983	0.291612	0.303238	0.308524	0.296025	0.247701	0.169673	0.0918116	0.0329462	-0.024551	-0.0938462	-0.168189	-0.231714	-0.273237	-0.29322	-0.304438	-0.302485	-0.274747	-0.216322	-0.13617	-0.0592686	0.00137411	0.0447038	0.064337	0.0536128	0.0115707	-0.0704247	
-0.561373	-0.561373	-0.524842	-0.443586	-0.328583	-0.212778	-0.110072	-0.0102311	0.0976114	0.202082	0.283696	0.336564	0.370908	0.398604	0.419365	0.425044	0.411524	0.372576	0.311492	0.251778	0.224338	0.227339	0.235213	0.240851	0.255377	0.280452	0.302311	0.302387	0.26776	0.20525	0.149727	0.111539	0.0716876	0.00835544	-0.070879	-0.141812	-0.186294	-0.205002	-0.2084	-0.200909	-0.169137	-0.107387	-0.0309377	0.0373661	0.0807511	0.095656	0.0834525	0.0439067	-0.0230504	-0.11718	
-0.455622	-0.455622	-0.436515	-0.386654	-0.307791	-0.230815	-0.161279	-0.0918257	-0.00611154	0.0808187	0.15621	0.216546	0.272684	0.33308	0.386277	0.420627	0.422529	0.390812	0.329165	0.264922	0.227339	0.217351	0.213722	0.211699	0.222544	0.249257	0.273415	0.278978	0.254652	0.214397	0.184919	0.171408	0.150944	0.0985546	0.0268356	-0.0386996	-0.0772765	-0.0897036	-0.090525	-0.0827643	-0.0506005	0.00552454	0.074971	0.126761	0.143755	0.126593	0.0803525	0.0105103	-0.0753384	-0.178053	
-0.349443	-0.349443	-0.349199	-0.330916	-0.290384	-0.248723	-0.211522	-0.168367	-0.106294	-0.0361746	0.0310154	0.0962379	0.167669	0.249946	0.326137	0.383088	0.404335	0.388437	0.338238	0.277773	0.235213	0.213722	0.199802	0.189283	0.192609	0.213762	0.235991	0.245271	0.234276	0.215114	0.209126	0.216191	0.215475	0.185281	0.134499	0.0865849	0.0600678	0.0517692	0.0506214	0.0550985	0.07879	0.122733	0.171806	0.195447	0.180243	0.127674	0.0484343	-0.044753	-0.144423	-0.250927	
-0.239192	-0.239192	-0.254131	-0.264557	-0.258066	-0.251578	-0.24462	-0.228981	-0.189557	-0.136123	-0.0777174	-0.0134318	0.0613861	0.150441	0.2374	0.312515	0.356452	0.364766	0.333304	0.283983	0.240851	0.211699	0.189283	0.168706	0.162549	0.175927	0.198542	0.216307	0.219106	0.218324	0.231535	0.25785	0.284456	0.284242	0.262499	0.233592	0.216481	0.210947	0.2102	0.2103	0.225482	0.250159	0.271754	0.260282	0.206653	0.11583	0.00447892	-0.109217	-0.217141	-0.321586	
-0.132936	-0.132936	-0.156968	-0.186513	-0.208613	-0.233298	-0.256445	-0.267131	-0.248407	-0.209372	-0.160072	-0.103417	-0.0375018	0.0459629	0.134723	0.226206	0.295484	0.331707	0.324985	0.291612	0.255377	0.222544	0.192609	0.162549	0.147063	0.155641	0.181097	0.204158	0.212698	0.219691	0.245274	0.293798	0.350647	0.386548	0.397111	0.390586	0.389268	0.394847	0.399608	0.399646	0.403458	0.404047	0.392776	0.340489	0.24567	0.118232	-0.0210088	-0.151665	-0.266342	-0.375611	
-0.0391675	-0.0391675	-0.0647614	-0.10292	-0.145943	-0.196833	-0.24909	-0.283772	-0.285923	-0.261148	-0.225521	-0.185321	-0.13713	-0.0682875	0.0199	0.12587	0.221273	0.288818	0.310697	0.303238	0.280452	0.249257	0.213762	0.175927	0.155641	0.160349	0.182754	0.199809	0.199682	0.204786	0.241256	0.311233	0.398219	0.468539	0.511585	0.534376	0.558313	0.584334	0.605035	0.612428	0.609741	0.590595	0.543501	0.446006	0.306629	0.139828	-0.0302435	-0.180081	-0.310388	-0.435242	
0.0182314	0.0182314	-0.00148577	-0.0383569	-0.0897971	-0.158293	-0.228782	-0.282503	-0.300544	-0.291694	-0.272875	-0.252853	-0.225764	-0.171272	-0.0863147	0.0295247	0.145869	0.238826	0.29087	0.308524	0.302311	0.273415	0.235991	0.198542	0.181097	0.182754	0.19671	0.197628	0.183904	0.185045	0.229349	0.314838	0.422078	0.518022	0.593817	0.649246	0.704925	0.760536	0.806043	0.829965	0.8306	0.792915	0.711209	0.570326	0.386644	0.181751	-0.0207111	-0.201682	-0.360524	-0.50959	
0.0497626	0.0497626	0.0390412	0.0119467	-0.0391972	-0.111022	-0.190652	-0.25499	-0.290813	-0.302292	-0.305989	-0.308932	-0.300371	-0.25993	-0.180291	-0.0621467	0.0652911	0.179102	0.254442	0.296025	0.302387	0.278978	0.245271	0.216307	0.204158	0.199809	0.197628	0.182221	0.158309	0.15969	0.21068	0.307389	0.427576	0.547692	0.651901	0.737389	0.820426	0.900866	0.968481	1.00959	1.01057	0.960347	0.853821	0.681889	0.468777	0.232663	-0.00572567	-0.223161	-0.415851	-0.594874	
0.0793441	0.0793441	0.0781473	0.0627232	0.0205763	-0.0452525	-0.123497	-0.197222	-0.255108	-0.296301	-0.329082	-0.356115	-0.364913	-0.338505	-0.268719	-0.158017	-0.0265416	0.0975074	0.191204	0.247701	0.26776	0.254652	0.234276	0.219106	0.212698	0.199682	0.183904	0.158309	0.132562	0.134596	0.189644	0.291615	0.422962	0.561032	0.687672	0.795169	0.896035	0.992602	1.07245	1.11803	1.11571	1.05499	0.931502	0.744012	0.510088	0.252559	-0.00847916	-0.2484	-0.462537	-0.656269	
0.103153	0.103153	0.110559	0.107646	0.0814924	0.0302274	-0.0387684	-0.121072	-0.204326	-0.280696	-0.344744	-0.395437	-0.420935	-0.40974	-0.355153	-0.256679	-0.130327	-0.00171739	0.0995664	0.169673	0.20525	0.214397	0.215114	0.218324	0.219691	0.204786	0.185045	0.15969	0.134596	0.135787	0.188738	0.293165	0.429321	0.576482	0.715198	0.833057	0.940821	1.03769	1.1121	1.14992	1.13904	1.06817	0.934694	0.732904	0.487581	0.222646	-0.0410662	-0.282745	-0.49806	-0.69563	
0.0998519	0.0998519	0.11482	0.128115	0.121638	0.0938674	0.0370874	-0.0485405	-0.155246	-0.261045	-0.351516	-0.42108	-0.460873	-0.464039	-0.423331	-0.338776	-0.219385	-0.0945504	0.0116474	0.0918116	0.149727	0.184919	0.209126	0.231535	0.245274	0.241256	0.229349	0.21068	0.189644	0.188738	0.240573	0.34477	0.47808	0.624687	0.760253	0.87453	0.968052	1.04382	1.09522	1.1167	1.09319	1.01376	0.866629	0.657472	0.410164	0.154695	-0.0945698	-0.323075	-0.527358	-0.710283	
0.0746503	0.0746503	0.0992175	0.128036	0.146385	0.138517	0.0968765	0.0074156	-0.112888	-0.239812	-0.348113	-0.43334	-0.486182	-0.501606	-0.472187	-0.398825	-0.28921	-0.168608	-0.0608084	0.0329462	0.111539	0.171408	0.216191	0.25785	0.293798	0.311233	0.314838	0.307389	0.291615	0.293165	0.34477	0.443532	0.570615	0.703978	0.825957	0.917075	0.977103	1.01433	1.03291	1.02659	0.983145	0.88296	0.723402	0.514592	0.28304	0.0536175	-0.16659	-0.366777	-0.541755	-0.687654	
0.0474484	0.0474484	0.0814598	0.1289	0.167352	0.177404	0.143423	0.0545689	-0.072745	-0.209513	-0.332226	-0.432823	-0.503172	-0.531812	-0.51617	-0.455446	-0.35759	-0.242486	-0.129635	-0.024551	0.0716876	0.150944	0.215475	0.284456	0.350647	0.398219	0.422078	0.427576	0.422962	0.429321	0.47808	0.570615	0.68294	0.797148	0.888822	0.939678	0.953083	0.943925	0.918798	0.874569	0.796871	0.674178	0.509706	0.313752	0.107918	-0.0890664	-0.269401	-0.425667	-0.545536	-0.632838	
0.0313236	0.0313236	0.0752274	0.138511	0.194108	0.213692	0.184239	0.0971247	-0.0280432	-0.167406	-0.300253	-0.418418	-0.507925	-0.555068	-0.556519	-0.513128	-0.428912	-0.318235	-0.203309	-0.0938462	0.00835544	0.0985546	0.185281	0.284242	0.386548	0.468539	0.518022	0.547692	0.561032	0.576482	0.624687	0.703978	0.797148	0.874644	0.917641	0.916334	0.877277	0.817697	0.744428	0.653838	0.544992	0.410364	0.250164	0.0718884	-0.108865	-0.269499	-0.400335	-0.491872	-0.543165	-0.563011	
0.0210363	0.0210363	0.0722864	0.147961	0.216347	0.242444	0.217402	0.136317	0.0208266	-0.114116	-0.252847	-0.385074	-0.49499	-0.561859	-0.586244	-0.560905	-0.490176	-0.383393	-0.271507	-0.168189	-0.070879	0.0268356	0.134499	0.262499	0.397111	0.511585	0.593817	0.651901	0.687672	0.715198	0.760253	0.825957	0.888822	0.917641	0.906258	0.848729	0.758382	0.645438	0.519284	0.389078	0.262842	0.126808	-0.0201176	-0.180683	-0.331842	-0.45018	-0.523318	-0.55278	-0.540392	-0.502162	
0.0162579	0.0162579	0.0693466	0.151478	0.227646	0.261123	0.240884	0.16981	0.0650435	-0.0614044	-0.202111	-0.343494	-0.470015	-0.557254	-0.602685	-0.592705	-0.53	-0.426968	-0.322583	-0.231714	-0.141812	-0.0386996	0.0865849	0.233592	0.390586	0.534376	0.649246	0.737389	0.795169	0.833057	0.87453	0.917075	0.939678	0.916334	0.848729	0.739889	0.599046	0.437065	0.27444	0.124969	-0.00439811	-0.132676	-0.26802	-0.408347	-0.526469	-0.60268	-0.627249	-0.605377	-0.543546	-0.461317	
0.0108313	0.0108313	0.0600898	0.142647	0.225287	0.269413	0.258986	0.198789	0.105843	-0.0122133	-0.149386	-0.295214	-0.433028	-0.537349	-0.599418	-0.599337	-0.542735	-0.446207	-0.35265	-0.273237	-0.186294	-0.0772765	0.0600678	0.216481	0.389268	0.558313	0.704925	0.820426	0.896035	0.940821	0.968052	0.977103	0.953083	0.877277	0.758382	0.599046	0.414676	0.224881	0.0495292	-0.0988088	-0.222077	-0.340955	-0.45891	-0.574145	-0.663167	-0.707202	-0.700082	-0.644135	-0.5496	-0.437096	
0.0156701	0.0156701	0.0575796	0.135658	0.22515	0.281922	0.283714	0.232713	0.147168	0.035502	-0.0987825	-0.246305	-0.391592	-0.50767	-0.57935	-0.58631	-0.537596	-0.451478	-0.369637	-0.29322	-0.205002	-0.0897036	0.0517692	0.210947	0.394847	0.584334	0.760536	0.900866	0.992602	1.03769	1.04382	1.01433	0.943925	0.817697	0.645438	0.437065	0.224881	0.0275012	-0.139735	-0.279449	-0.392645	-0.494513	-0.588607	-0.680913	-0.745992	-0.770726	-0.742686	-0.664852	-0.551793	-0.425119	
0.0336571	0.0336571	0.0674508	0.142642	0.237361	0.30897	0.320206	0.275983	0.191896	0.0815648	-0.0540434	-0.204552	-0.354747	-0.475901	-0.55235	-0.566999	-0.529966	-0.459219	-0.382693	-0.304438	-0.2084	-0.090525	0.0506214	0.2102	0.399608	0.605035	0.806043	0.968481	1.07245	1.1121	1.09522	1.03291	0.918798	0.744428	0.519284	0.27444	0.0495292	-0.139735	-0.298352	-0.427727	-0.529291	-0.611169	-0.684646	-0.756494	-0.804925	-0.810721	-0.766489	-0.676003	-0.553008	-0.421065	
0.0430286	0.0430286	0.0745417	0.150343	0.253958	0.336784	0.357693	0.316461	0.233093	0.118605	-0.0201405	-0.176085	-0.324025	-0.444847	-0.519909	-0.543604	-0.520766	-0.462222	-0.388924	-0.302485	-0.200909	-0.0827643	0.0550985	0.2103	0.399646	0.612428	0.829965	1.00959	1.11803	1.14992	1.1167	1.02659	0.874569	0.653838	0.389078	0.124969	-0.0988088	-0.279449	-0.427727	-0.547484	-0.638516	-0.708217	-0.770275	-0.827926	-0.858701	-0.84634	-0.790385	-0.688036	-0.561898	-0.426877	
0.0138974	0.0138974	0.0513696	0.13693	0.252346	0.345927	0.375687	0.340014	0.257675	0.140792	-0.00355184	-0.15896	-0.301194	-0.411671	-0.482839	-0.511268	-0.496971	-0.444809	-0.368887	-0.274747	-0.169137	-0.0506005	0.07879	0.225482	0.403458	0.609741	0.8306	1.01057	1.11571	1.13904	1.09319	0.983145	0.796871	0.544992	0.262842	-0.00439811	-0.222077	-0.392645	-0.529291	-0.638516	-0.724474	-0.79215	-0.84554	-0.888739	-0.903616	-0.880231	-0.815092	-0.713566	-0.588125	-0.454467	
-0.0557038	-0.0557038	-0.00459552	0.0992619	0.228519	0.332384	0.370769	0.343045	0.264688	0.14663	0.00161344	-0.14993	-0.278938	-0.376248	-0.436975	-0.462653	-0.445428	-0.392464	-0.312261	-0.216322	-0.107387	0.00552454	0.122733	0.250159	0.404047	0.590595	0.792915	0.960347	1.05499	1.06817	1.01376	0.88296	0.674178	0.410364	0.126808	-0.132676	-0.340955	-0.494513	-0.611169	-0.708217	-0.79215	-0.855301	-0.900079	-0.928917	-0.934686	-0.903717	-0.841647	-0.747435	-0.63206	-0.50386	
-0.148236	-0.148236	-0.0781695	0.0481892	0.195257	0.309086	0.359713	0.341172	0.270415	0.154029	0.0128895	-0.131141	-0.248382	-0.332758	-0.382364	-0.395369	-0.368766	-0.309201	-0.231496	-0.13617	-0.0309377	0.074971	0.171806	0.271754	0.392776	0.543501	0.711209	0.853821	0.931502	0.934694	0.866629	0.723402	0.509706	0.250164	-0.0201176	-0.26802	-0.45891	-0.588607	-0.684646	-0.770275	-0.84554	-0.900079	-0.929115	-0.944162	-0.939566	-0.910375	-0.86016	-0.786588	-0.68702	-0.56582	
-0.217975	-0.217975	-0.130193	0.0182579	0.181517	0.307061	0.368052	0.359642	0.292929	0.18114	0.04283	-0.0943172	-0.207764	-0.284741	-0.32278	-0.319632	-0.278688	-0.216833	-0.144733	-0.0592686	0.0373661	0.126761	0.195447	0.260282	0.340489	0.446006	0.570326	0.681889	0.744012	0.732904	0.657472	0.514592	0.313752	0.0718884	-0.180683	-0.408347	-0.574145	-0.680913	-0.756494	-0.827926	-0.888739	-0.928917	-0.944162	-0.94549	-0.935748	-0.916361	-0.881682	-0.824616	-0.733141	-0.618985	
-0.250136	-0.250136	-0.149406	0.016754	0.19607	0.335751	0.410863	0.412158	0.352659	0.245206	0.111894	-0.0244832	-0.141954	-0.21815	-0.249487	-0.231754	-0.184411	-0.125872	-0.0667488	0.00137411	0.0807511	0.143755	0.180243	0.206653	0.24567	0.306629	0.386644	0.468777	0.510088	0.487581	0.410164	0.28304	0.107918	-0.108865	-0.331842	-0.526469	-0.663167	-0.745992	-0.804925	-0.858701	-0.903616	-0.934686	-0.939566	-0.935748	-0.932131	-0.924926	-0.899378	-0.84636	-0.755894	-0.643319	
-0.23948	-0.23948	-0.133287	0.0441844	0.23603	0.393453	0.482829	0.497904	0.445357	0.344397	0.213163	0.0715874	-0.054022	-0.136105	-0.163549	-0.141245	-0.0957665	-0.0451811	-0.00319129	0.0447038	0.095656	0.126593	0.127674	0.11583	0.118232	0.139828	0.181751	0.232663	0.252559	0.222646	0.154695	0.0536175	-0.0890664	-0.269499	-0.45018	-0.60268	-0.707202	-0.770726	-0.810721	-0.84634	-0.880231	-0.903717	-0.910375	-0.916361	-0.924926	-0.926816	-0.900264	-0.841473	-0.745284	-0.617042	
-0.20328	-0.20328	-0.0973979	0.082454	0.285856	0.458826	0.56738	0.597772	0.556947	0.462513	0.329207	0.181018	0.0433975	-0.0446152	-0.0775914	-0.0619225	-0.0267741	0.012025	0.0402533	0.064337	0.0834525	0.0803525	0.0484343	0.00447892	-0.0210088	-0.0302435	-0.0207111	-0.00572567	-0.00847916	-0.0410662	-0.0945698	-0.16659	-0.269401	-0.400335	-0.523318	-0.627249	-0.700082	-0.742686	-0.766489	-0.790385	-0.815092	-0.841647	-0.86016	-0.881682	-0.899378	-0.900264	-0.866132	-0.798966	-0.681435	-0.526298	
-0.177406	-0.177406	-0.0770713	0.103273	0.312688	0.505127	0.633252	0.687513	0.663266	0.576552	0.441919	0.284905	0.140312	0.0409421	-0.00561535	-0.0103717	0.00729998	0.0341654	0.0516883	0.0536128	0.0439067	0.0105103	-0.044753	-0.109217	-0.151665	-0.180081	-0.201682	-0.223161	-0.2484	-0.282745	-0.323075	-0.366777	-0.425667	-0.491872	-0.55278	-0.605377	-0.644135	-0.664852	-0.676003	-0.688036	-0.713566	-0.747435	-0.786588	-0.824616	-0.84636	-0.841473	-0.798966	-0.703833	-0.555768	-0.380204	
-0.186512	-0.186512	-0.0913259	0.0856156	0.302881	0.511087	0.664704	0.745947	0.745779	0.66901	0.535524	0.373451	0.224378	0.109542	0.0395365	0.00432706	-0.000241456	0.0159039	0.023757	0.0115707	-0.0230504	-0.0753384	-0.144423	-0.217141	-0.266342	-0.310388	-0.360524	-0.415851	-0.462537	-0.49806	-0.527358	-0.541755	-0.545536	-0.543165	-0.540392	-0.543546	-0.5496	-0.551793	-0.553008	-0.561898	-0.588125	-0.63206	-0.68702	-0.733141	-0.755894	-0.745284	-0.681435	-0.555768	-0.390612	-0.205308	
-0.223657	-0.223657	-0.133269	0.0406364	0.263208	0.485249	0.661288	0.770539	0.793915	0.73072	0.598929	0.436407	0.279108	0.143693	0.0407054	-0.0303215	-0.0574864	-0.0541884	-0.0497161	-0.0704247	-0.11718	-0.178053	-0.250927	-0.321586	-0.375611	-0.435242	-0.50959	-0.594874	-0.656269	-0.69563	-0.710283	-0.687654	-0.632838	-0.563011	-0.502162	-0.461317	-0.437096	-0.425119	-0.421065	-0.426877	-0.454467	-0.50386	-0.56582	-0.618985	-0.643319	-0.617042	-0.526298	-0.380204	-0.205308	-0.0133035	
