-0.307387	-0.364865	-0.385824	-0.360813	-0.286676	-0.193952	-0.102644	-0.0208853	0.0277926	0.0450391	0.0312663	-0.0296017	-0.108282	-0.171371	-0.214549	-0.242166	-0.264375	-0.278178	-0.272696	-0.25472	-0.238568	-0.213333	-0.163779	-0.102588	-0.0393145	0.0281786	0.105437	0.197231	0.305245	0.408081	0.492948	0.577464	0.649388	0.700837	0.732954	0.737788	0.726729	0.703209	0.664105	0.617566	0.567681	0.511354	0.452587	0.395736	0.342895	0.294309	0.249732	0.219582	0.206974	0.206974	
-0.364865	-0.430816	-0.442503	-0.399375	-0.312801	-0.21086	-0.102289	0.00319473	0.0680388	0.0963835	0.0883503	0.0385744	-0.0275368	-0.0807791	-0.112541	-0.137898	-0.160412	-0.177954	-0.173161	-0.148953	-0.119325	-0.0720231	-0.00251099	0.0789346	0.15844	0.236293	0.320031	0.412963	0.508917	0.586235	0.641513	0.686794	0.713838	0.721714	0.719609	0.696227	0.653378	0.609899	0.566082	0.524316	0.48038	0.427335	0.383132	0.345959	0.304136	0.259302	0.218719	0.194676	0.183512	0.183512	
-0.385824	-0.442503	-0.431817	-0.374439	-0.275733	-0.154296	-0.0233332	0.0902147	0.160189	0.187686	0.182011	0.151442	0.102696	0.0592738	0.0274245	-0.00121052	-0.0256245	-0.0406607	-0.0312032	-0.00178875	0.0427233	0.102702	0.178364	0.265428	0.356544	0.448923	0.533565	0.612627	0.678095	0.719497	0.742758	0.749319	0.736344	0.703935	0.658819	0.605014	0.546221	0.487465	0.432179	0.389398	0.352438	0.313103	0.282944	0.259587	0.233177	0.202522	0.176228	0.161603	0.151853	0.151853	
-0.360813	-0.399375	-0.374439	-0.302485	-0.181658	-0.0321389	0.112144	0.223915	0.291558	0.313346	0.308655	0.287815	0.244723	0.198389	0.169012	0.150796	0.13653	0.127243	0.136269	0.170449	0.225917	0.293114	0.36918	0.447871	0.529924	0.614097	0.690466	0.756728	0.791174	0.798437	0.789564	0.756344	0.707597	0.643174	0.562563	0.47717	0.40379	0.345346	0.285475	0.234237	0.202463	0.17755	0.160922	0.14901	0.136852	0.134502	0.13572	0.133027	0.131797	0.131797	
-0.286676	-0.312801	-0.275733	-0.181658	-0.0384421	0.124967	0.271337	0.381177	0.445875	0.456297	0.440025	0.41313	0.366426	0.319707	0.295526	0.286181	0.283389	0.285954	0.304996	0.348062	0.409587	0.475295	0.54047	0.603447	0.671584	0.735622	0.784892	0.823167	0.830911	0.814521	0.776498	0.706616	0.619231	0.529025	0.434161	0.333866	0.253073	0.19224	0.135305	0.0870436	0.0510933	0.0360014	0.0350234	0.0326496	0.0424519	0.0680028	0.0943993	0.113	0.118664	0.118664	
-0.193952	-0.21086	-0.154296	-0.0321389	0.124967	0.292767	0.438775	0.54051	0.583468	0.576223	0.552494	0.522707	0.479763	0.435802	0.403901	0.389889	0.397723	0.415224	0.446021	0.497323	0.560123	0.616873	0.665063	0.708189	0.761968	0.809792	0.827675	0.824833	0.799068	0.753457	0.688819	0.603753	0.499379	0.39139	0.289584	0.192458	0.109328	0.0353951	-0.0190476	-0.0524197	-0.0804634	-0.0873045	-0.0733752	-0.0559418	-0.0268963	0.0139847	0.0541473	0.0844365	0.0969557	0.0969557	
-0.102644	-0.102289	-0.0233332	0.112144	0.271337	0.438775	0.578637	0.660639	0.684103	0.669871	0.642445	0.612087	0.574371	0.529208	0.489768	0.480181	0.493508	0.510921	0.541853	0.593764	0.650856	0.69882	0.743159	0.776067	0.80321	0.818008	0.805874	0.764729	0.703936	0.633369	0.545403	0.451046	0.351029	0.244013	0.141925	0.0583689	-0.0140637	-0.093458	-0.148839	-0.167949	-0.180161	-0.180812	-0.153685	-0.113353	-0.0714502	-0.0266493	0.0144556	0.045275	0.0608582	0.0608582	
-0.0208853	0.00319473	0.0902147	0.223915	0.381177	0.54051	0.660639	0.729216	0.744977	0.729261	0.702398	0.67156	0.634236	0.588872	0.556	0.545361	0.55011	0.56943	0.60279	0.647354	0.69529	0.737322	0.772027	0.796864	0.804623	0.778334	0.726351	0.65367	0.56597	0.472094	0.367205	0.266049	0.173061	0.082943	-0.0017508	-0.0681304	-0.121228	-0.17992	-0.224322	-0.234002	-0.232468	-0.230059	-0.19966	-0.149779	-0.104748	-0.0644889	-0.0284098	0.000434709	0.0132876	0.0132876	
0.0277926	0.0680388	0.160189	0.291558	0.445875	0.583468	0.684103	0.744977	0.759078	0.752361	0.730724	0.701221	0.662631	0.621282	0.588789	0.571787	0.577345	0.604525	0.640704	0.673892	0.708487	0.742022	0.760802	0.762848	0.743605	0.689171	0.609696	0.513162	0.40982	0.298583	0.180278	0.0803415	-0.00204447	-0.0738745	-0.13262	-0.178296	-0.214712	-0.245519	-0.265786	-0.262691	-0.24615	-0.230631	-0.197803	-0.154347	-0.119783	-0.0946666	-0.0742356	-0.0567931	-0.0530697	-0.0530697	
0.0450391	0.0963835	0.187686	0.313346	0.456297	0.576223	0.669871	0.729261	0.752361	0.747866	0.721711	0.688818	0.653421	0.619046	0.587125	0.574548	0.586932	0.615016	0.650994	0.681526	0.699789	0.709876	0.71288	0.691426	0.636655	0.559549	0.464056	0.354119	0.242897	0.130531	0.0220251	-0.0735064	-0.148219	-0.205246	-0.250484	-0.2773	-0.29112	-0.287623	-0.27501	-0.257932	-0.228238	-0.202838	-0.176923	-0.150167	-0.134602	-0.123658	-0.114461	-0.108638	-0.109435	-0.109435	
0.0312663	0.0883503	0.182011	0.308655	0.440025	0.552494	0.642445	0.702398	0.730724	0.721711	0.688197	0.652955	0.615775	0.585534	0.56665	0.565405	0.582215	0.612149	0.642268	0.662358	0.665533	0.653752	0.634224	0.583307	0.501784	0.402139	0.294049	0.189253	0.0798045	-0.021735	-0.109865	-0.193348	-0.253594	-0.29593	-0.328939	-0.342342	-0.335693	-0.302987	-0.266431	-0.236415	-0.200365	-0.173469	-0.158314	-0.152171	-0.151784	-0.148648	-0.145817	-0.143833	-0.143797	-0.143797	
-0.0296017	0.0385744	0.151442	0.287815	0.41313	0.522707	0.612087	0.67156	0.701221	0.688818	0.652955	0.618853	0.580525	0.551978	0.549927	0.561004	0.576612	0.604618	0.621903	0.622005	0.607226	0.575046	0.520556	0.43905	0.342487	0.227456	0.120545	0.0292305	-0.0667857	-0.150328	-0.218405	-0.279362	-0.321147	-0.343735	-0.360838	-0.36324	-0.337968	-0.297905	-0.258342	-0.219334	-0.180967	-0.152249	-0.141408	-0.144557	-0.151028	-0.15909	-0.168817	-0.175928	-0.179388	-0.179388	
-0.108282	-0.0275368	0.102696	0.244723	0.366426	0.479763	0.574371	0.634236	0.662631	0.653421	0.615775	0.580525	0.554028	0.535895	0.54201	0.558774	0.575155	0.593403	0.592931	0.571975	0.536835	0.480458	0.389894	0.283597	0.177431	0.0659243	-0.0322544	-0.119991	-0.199243	-0.257905	-0.304188	-0.342832	-0.361933	-0.363876	-0.365306	-0.350535	-0.311519	-0.271619	-0.235523	-0.198536	-0.163665	-0.139055	-0.13347	-0.137714	-0.145687	-0.163759	-0.185172	-0.201044	-0.209873	-0.209873	
-0.171371	-0.0807791	0.0592738	0.198389	0.319707	0.435802	0.529208	0.588872	0.621282	0.619046	0.585534	0.551978	0.535895	0.53029	0.538394	0.556292	0.567085	0.55975	0.5394	0.50709	0.450015	0.362819	0.252055	0.140275	0.0335854	-0.0645689	-0.152878	-0.236692	-0.297903	-0.335872	-0.365543	-0.390227	-0.391307	-0.36954	-0.350685	-0.319314	-0.26995	-0.230965	-0.20298	-0.172668	-0.149071	-0.139188	-0.136013	-0.139213	-0.149732	-0.16825	-0.192482	-0.212062	-0.221764	-0.221764	
-0.214549	-0.112541	0.0274245	0.169012	0.295526	0.403901	0.489768	0.556	0.588789	0.587125	0.56665	0.549927	0.54201	0.538394	0.536982	0.549207	0.55053	0.513716	0.459396	0.403104	0.32903	0.228204	0.118398	0.008532	-0.0929012	-0.1727	-0.242914	-0.31005	-0.360359	-0.39105	-0.401937	-0.404808	-0.393188	-0.356513	-0.313394	-0.2679	-0.226261	-0.195309	-0.174263	-0.160303	-0.150219	-0.151348	-0.152807	-0.151228	-0.16099	-0.174594	-0.188032	-0.202628	-0.209261	-0.209261	
-0.242166	-0.137898	-0.00121052	0.150796	0.286181	0.389889	0.480181	0.545361	0.571787	0.574548	0.565405	0.561004	0.558774	0.556292	0.549207	0.542366	0.512094	0.450371	0.368006	0.28419	0.194592	0.0902641	-0.016776	-0.113312	-0.191259	-0.259869	-0.318371	-0.36947	-0.405243	-0.420261	-0.414736	-0.390384	-0.356937	-0.314949	-0.262642	-0.210832	-0.185936	-0.171489	-0.153057	-0.15389	-0.161563	-0.169537	-0.178766	-0.179425	-0.184738	-0.18581	-0.177276	-0.174607	-0.171048	-0.171048	
-0.264375	-0.160412	-0.0256245	0.13653	0.283389	0.397723	0.493508	0.55011	0.577345	0.586932	0.582215	0.576612	0.575155	0.567085	0.55053	0.512094	0.447412	0.373124	0.278504	0.172268	0.0719178	-0.0291623	-0.137276	-0.218099	-0.274528	-0.331113	-0.380687	-0.417074	-0.42995	-0.421024	-0.39695	-0.358498	-0.307369	-0.260224	-0.214124	-0.171551	-0.159511	-0.154504	-0.143277	-0.152059	-0.170199	-0.181559	-0.194159	-0.201663	-0.199914	-0.190961	-0.17039	-0.150464	-0.141707	-0.141707	
-0.278178	-0.177954	-0.0406607	0.127243	0.285954	0.415224	0.510921	0.56943	0.604525	0.615016	0.612149	0.604618	0.593403	0.55975	0.513716	0.450371	0.373124	0.288081	0.182935	0.0663948	-0.0400673	-0.134623	-0.226102	-0.297313	-0.356342	-0.400031	-0.422165	-0.427059	-0.419317	-0.393095	-0.350293	-0.306936	-0.258251	-0.21903	-0.185008	-0.160411	-0.154104	-0.148278	-0.147818	-0.155567	-0.171396	-0.181815	-0.188903	-0.199416	-0.192885	-0.180497	-0.167177	-0.14849	-0.141137	-0.141137	
-0.272696	-0.173161	-0.0312032	0.136269	0.304996	0.446021	0.541853	0.60279	0.640704	0.650994	0.642268	0.621903	0.592931	0.5394	0.459396	0.368006	0.278504	0.182935	0.0761942	-0.0365558	-0.142879	-0.228519	-0.297339	-0.356095	-0.410201	-0.437052	-0.434298	-0.416022	-0.385608	-0.344026	-0.293217	-0.251042	-0.217892	-0.188452	-0.170475	-0.164762	-0.156591	-0.149509	-0.156421	-0.166553	-0.172938	-0.177148	-0.182561	-0.183281	-0.174198	-0.164377	-0.159625	-0.156755	-0.150772	-0.150772	
-0.25472	-0.148953	-0.00178875	0.170449	0.348062	0.497323	0.593764	0.647354	0.673892	0.681526	0.662358	0.622005	0.571975	0.50709	0.403104	0.28419	0.172268	0.0663948	-0.0365558	-0.141687	-0.239675	-0.312483	-0.358258	-0.397482	-0.42869	-0.436374	-0.422182	-0.391079	-0.342498	-0.291869	-0.246173	-0.207721	-0.181743	-0.159861	-0.157081	-0.163831	-0.160016	-0.158894	-0.165817	-0.181911	-0.181493	-0.171647	-0.177076	-0.16798	-0.154352	-0.151075	-0.152132	-0.159971	-0.157068	-0.157068	
-0.238568	-0.119325	0.0427233	0.225917	0.409587	0.560123	0.650856	0.69529	0.708487	0.699789	0.665533	0.607226	0.536835	0.450015	0.32903	0.194592	0.0719178	-0.0400673	-0.142879	-0.239675	-0.323503	-0.375538	-0.399204	-0.41763	-0.429242	-0.418427	-0.388935	-0.34804	-0.297797	-0.251947	-0.213455	-0.178504	-0.156326	-0.141087	-0.141066	-0.155481	-0.162149	-0.170522	-0.183631	-0.192429	-0.184648	-0.167364	-0.160825	-0.151726	-0.143176	-0.143426	-0.150268	-0.160758	-0.159173	-0.159173	
-0.213333	-0.0720231	0.102702	0.293114	0.475295	0.616873	0.69882	0.737322	0.742022	0.709876	0.653752	0.575046	0.480458	0.362819	0.228204	0.0902641	-0.0291623	-0.134623	-0.228519	-0.312483	-0.375538	-0.41079	-0.425235	-0.425793	-0.420879	-0.389056	-0.341237	-0.291332	-0.250129	-0.216744	-0.182626	-0.15917	-0.147396	-0.142981	-0.140076	-0.152599	-0.170336	-0.181029	-0.19127	-0.188349	-0.177152	-0.157838	-0.140272	-0.13826	-0.136411	-0.141499	-0.153976	-0.159568	-0.163771	-0.163771	
-0.163779	-0.00251099	0.178364	0.36918	0.54047	0.665063	0.743159	0.772027	0.760802	0.71288	0.634224	0.520556	0.389894	0.252055	0.118398	-0.016776	-0.137276	-0.226102	-0.297339	-0.358258	-0.399204	-0.425235	-0.440522	-0.42461	-0.386829	-0.341638	-0.292547	-0.240338	-0.199783	-0.174812	-0.160647	-0.1522	-0.149464	-0.159524	-0.159439	-0.161781	-0.17934	-0.185244	-0.175819	-0.164847	-0.160231	-0.14719	-0.134107	-0.13809	-0.141672	-0.146337	-0.153141	-0.15448	-0.158962	-0.158962	
-0.102588	0.0789346	0.265428	0.447871	0.603447	0.708189	0.776067	0.796864	0.762848	0.691426	0.583307	0.43905	0.283597	0.140275	0.008532	-0.113312	-0.218099	-0.297313	-0.356095	-0.397482	-0.41763	-0.425793	-0.42461	-0.398496	-0.344798	-0.28955	-0.243966	-0.203838	-0.169243	-0.149578	-0.146384	-0.142126	-0.152822	-0.176399	-0.178634	-0.174048	-0.18177	-0.177287	-0.153722	-0.142685	-0.144862	-0.143707	-0.143664	-0.145192	-0.148034	-0.149606	-0.146601	-0.14624	-0.149677	-0.149677	
-0.0393145	0.15844	0.356544	0.529924	0.671584	0.761968	0.80321	0.804623	0.743605	0.636655	0.501784	0.342487	0.177431	0.0335854	-0.0929012	-0.191259	-0.274528	-0.356342	-0.410201	-0.42869	-0.429242	-0.420879	-0.386829	-0.344798	-0.295085	-0.240549	-0.200093	-0.171573	-0.154437	-0.147099	-0.143686	-0.140109	-0.159175	-0.183799	-0.184723	-0.180895	-0.1771	-0.163083	-0.14184	-0.129111	-0.132189	-0.143628	-0.150466	-0.15224	-0.154933	-0.151048	-0.142937	-0.138662	-0.137168	-0.137168	
0.0281786	0.236293	0.448923	0.614097	0.735622	0.809792	0.818008	0.778334	0.689171	0.559549	0.402139	0.227456	0.0659243	-0.0645689	-0.1727	-0.259869	-0.331113	-0.400031	-0.437052	-0.436374	-0.418427	-0.389056	-0.341638	-0.28955	-0.240549	-0.193994	-0.169049	-0.160866	-0.153124	-0.150019	-0.152301	-0.157636	-0.170691	-0.177118	-0.175726	-0.17268	-0.158841	-0.146917	-0.142123	-0.131675	-0.130695	-0.14482	-0.149075	-0.151425	-0.157222	-0.150908	-0.142422	-0.135038	-0.126598	-0.126598	
0.105437	0.320031	0.533565	0.690466	0.784892	0.827675	0.805874	0.726351	0.609696	0.464056	0.294049	0.120545	-0.0322544	-0.152878	-0.242914	-0.318371	-0.380687	-0.422165	-0.434298	-0.422182	-0.388935	-0.341237	-0.292547	-0.243966	-0.200093	-0.169049	-0.152939	-0.150833	-0.152201	-0.155663	-0.164863	-0.173451	-0.176677	-0.170516	-0.16569	-0.157259	-0.139742	-0.137067	-0.142952	-0.140974	-0.140877	-0.142516	-0.142745	-0.146511	-0.147071	-0.145641	-0.142958	-0.133658	-0.129047	-0.129047	
0.197231	0.412963	0.612627	0.756728	0.823167	0.824833	0.764729	0.65367	0.513162	0.354119	0.189253	0.0292305	-0.119991	-0.236692	-0.31005	-0.36947	-0.417074	-0.427059	-0.416022	-0.391079	-0.34804	-0.291332	-0.240338	-0.203838	-0.171573	-0.160866	-0.150833	-0.137809	-0.145271	-0.161642	-0.178136	-0.184237	-0.179582	-0.166478	-0.152438	-0.14185	-0.130015	-0.132243	-0.14448	-0.14997	-0.150453	-0.144197	-0.13647	-0.135004	-0.132245	-0.131622	-0.136729	-0.140152	-0.143236	-0.143236	
0.305245	0.508917	0.678095	0.791174	0.830911	0.799068	0.703936	0.56597	0.40982	0.242897	0.0798045	-0.0667857	-0.199243	-0.297903	-0.360359	-0.405243	-0.42995	-0.419317	-0.385608	-0.342498	-0.297797	-0.250129	-0.199783	-0.169243	-0.154437	-0.153124	-0.152201	-0.145271	-0.155196	-0.169719	-0.176949	-0.180489	-0.170968	-0.154554	-0.143419	-0.138295	-0.13488	-0.131384	-0.138218	-0.147781	-0.149597	-0.147588	-0.139443	-0.13233	-0.12686	-0.122381	-0.128344	-0.140119	-0.149509	-0.149509	
0.408081	0.586235	0.719497	0.798437	0.814521	0.753457	0.633369	0.472094	0.298583	0.130531	-0.021735	-0.150328	-0.257905	-0.335872	-0.39105	-0.420261	-0.421024	-0.393095	-0.344026	-0.291869	-0.251947	-0.216744	-0.174812	-0.149578	-0.147099	-0.150019	-0.155663	-0.161642	-0.169719	-0.177843	-0.174694	-0.166681	-0.150355	-0.137296	-0.137471	-0.137877	-0.142351	-0.139102	-0.135709	-0.141305	-0.141551	-0.143432	-0.141431	-0.134777	-0.131773	-0.127756	-0.127279	-0.132916	-0.139131	-0.139131	
0.492948	0.641513	0.742758	0.789564	0.776498	0.688819	0.545403	0.367205	0.180278	0.0220251	-0.109865	-0.218405	-0.304188	-0.365543	-0.401937	-0.414736	-0.39695	-0.350293	-0.293217	-0.246173	-0.213455	-0.182626	-0.160647	-0.146384	-0.143686	-0.152301	-0.164863	-0.178136	-0.176949	-0.174694	-0.17002	-0.15472	-0.136515	-0.128697	-0.132493	-0.133985	-0.141304	-0.145871	-0.145773	-0.143701	-0.134817	-0.134819	-0.132703	-0.125873	-0.130838	-0.136169	-0.134149	-0.131253	-0.130557	-0.130557	
0.577464	0.686794	0.749319	0.756344	0.706616	0.603753	0.451046	0.266049	0.0803415	-0.0735064	-0.193348	-0.279362	-0.342832	-0.390227	-0.404808	-0.390384	-0.358498	-0.306936	-0.251042	-0.207721	-0.178504	-0.15917	-0.1522	-0.142126	-0.140109	-0.157636	-0.173451	-0.184237	-0.180489	-0.166681	-0.15472	-0.143894	-0.132471	-0.131334	-0.141461	-0.141034	-0.139311	-0.146032	-0.146584	-0.133907	-0.122144	-0.124972	-0.128203	-0.127704	-0.135723	-0.14514	-0.14043	-0.126683	-0.119503	-0.119503	
0.649388	0.713838	0.736344	0.707597	0.619231	0.499379	0.351029	0.173061	-0.00204447	-0.148219	-0.253594	-0.321147	-0.361933	-0.391307	-0.393188	-0.356937	-0.307369	-0.258251	-0.217892	-0.181743	-0.156326	-0.147396	-0.149464	-0.152822	-0.159175	-0.170691	-0.176677	-0.179582	-0.170968	-0.150355	-0.136515	-0.132471	-0.129986	-0.136458	-0.149686	-0.144493	-0.136746	-0.146483	-0.145562	-0.128324	-0.118956	-0.123876	-0.12944	-0.128673	-0.133818	-0.138125	-0.133544	-0.128733	-0.122051	-0.122051	
0.700837	0.721714	0.703935	0.643174	0.529025	0.39139	0.244013	0.082943	-0.0738745	-0.205246	-0.29593	-0.343735	-0.363876	-0.36954	-0.356513	-0.314949	-0.260224	-0.21903	-0.188452	-0.159861	-0.141087	-0.142981	-0.159524	-0.176399	-0.183799	-0.177118	-0.170516	-0.166478	-0.154554	-0.137296	-0.128697	-0.131334	-0.136458	-0.142503	-0.145839	-0.139845	-0.133573	-0.139733	-0.136437	-0.125427	-0.128674	-0.13161	-0.133105	-0.132981	-0.127462	-0.123469	-0.122765	-0.128262	-0.132154	-0.132154	
0.732954	0.719609	0.658819	0.562563	0.434161	0.289584	0.141925	-0.0017508	-0.13262	-0.250484	-0.328939	-0.360838	-0.365306	-0.350685	-0.313394	-0.262642	-0.214124	-0.185008	-0.170475	-0.157081	-0.141066	-0.140076	-0.159439	-0.178634	-0.184723	-0.175726	-0.16569	-0.152438	-0.143419	-0.137471	-0.132493	-0.141461	-0.149686	-0.145839	-0.139015	-0.138109	-0.132606	-0.122818	-0.116143	-0.122095	-0.137816	-0.136466	-0.135018	-0.138752	-0.129028	-0.1202	-0.118776	-0.123701	-0.131228	-0.131228	
0.737788	0.696227	0.605014	0.47717	0.333866	0.192458	0.0583689	-0.0681304	-0.178296	-0.2773	-0.342342	-0.36324	-0.350535	-0.319314	-0.2679	-0.210832	-0.171551	-0.160411	-0.164762	-0.163831	-0.155481	-0.152599	-0.161781	-0.174048	-0.180895	-0.17268	-0.157259	-0.14185	-0.138295	-0.137877	-0.133985	-0.141034	-0.144493	-0.139845	-0.138109	-0.142543	-0.137067	-0.117756	-0.114935	-0.133212	-0.140845	-0.130691	-0.125451	-0.124799	-0.122735	-0.120691	-0.121904	-0.129713	-0.13244	-0.13244	
0.726729	0.653378	0.546221	0.40379	0.253073	0.109328	-0.0140637	-0.121228	-0.214712	-0.29112	-0.335693	-0.337968	-0.311519	-0.26995	-0.226261	-0.185936	-0.159511	-0.154104	-0.156591	-0.160016	-0.162149	-0.170336	-0.17934	-0.18177	-0.1771	-0.158841	-0.139742	-0.130015	-0.13488	-0.142351	-0.141304	-0.139311	-0.136746	-0.133573	-0.132606	-0.137067	-0.135261	-0.126666	-0.129674	-0.137718	-0.133102	-0.122244	-0.119489	-0.119602	-0.120602	-0.1257	-0.129007	-0.128452	-0.125462	-0.125462	
0.703209	0.609899	0.487465	0.345346	0.19224	0.0353951	-0.093458	-0.17992	-0.245519	-0.287623	-0.302987	-0.297905	-0.271619	-0.230965	-0.195309	-0.171489	-0.154504	-0.148278	-0.149509	-0.158894	-0.170522	-0.181029	-0.185244	-0.177287	-0.163083	-0.146917	-0.137067	-0.132243	-0.131384	-0.139102	-0.145871	-0.146032	-0.146483	-0.139733	-0.122818	-0.117756	-0.126666	-0.131671	-0.132863	-0.131505	-0.124756	-0.121964	-0.126204	-0.1279	-0.125835	-0.129268	-0.130639	-0.121094	-0.11418	-0.11418	
0.664105	0.566082	0.432179	0.285475	0.135305	-0.0190476	-0.148839	-0.224322	-0.265786	-0.27501	-0.266431	-0.258342	-0.235523	-0.20298	-0.174263	-0.153057	-0.143277	-0.147818	-0.156421	-0.165817	-0.183631	-0.19127	-0.175819	-0.153722	-0.14184	-0.142123	-0.142952	-0.14448	-0.138218	-0.135709	-0.145773	-0.146584	-0.145562	-0.136437	-0.116143	-0.114935	-0.129674	-0.132863	-0.130228	-0.129351	-0.122217	-0.121239	-0.12646	-0.1279	-0.12609	-0.125413	-0.127819	-0.122964	-0.114872	-0.114872	
0.617566	0.524316	0.389398	0.234237	0.0870436	-0.0524197	-0.167949	-0.234002	-0.262691	-0.257932	-0.236415	-0.219334	-0.198536	-0.172668	-0.160303	-0.15389	-0.152059	-0.155567	-0.166553	-0.181911	-0.192429	-0.188349	-0.164847	-0.142685	-0.129111	-0.131675	-0.140974	-0.14997	-0.147781	-0.141305	-0.143701	-0.133907	-0.128324	-0.125427	-0.122095	-0.133212	-0.137718	-0.131505	-0.129351	-0.128593	-0.122194	-0.117697	-0.120202	-0.124198	-0.121399	-0.118645	-0.124925	-0.12702	-0.123839	-0.123839	
0.567681	0.48038	0.352438	0.202463	0.0510933	-0.0804634	-0.180161	-0.232468	-0.24615	-0.228238	-0.200365	-0.180967	-0.163665	-0.149071	-0.150219	-0.161563	-0.170199	-0.171396	-0.172938	-0.181493	-0.184648	-0.177152	-0.160231	-0.144862	-0.132189	-0.130695	-0.140877	-0.150453	-0.149597	-0.141551	-0.134817	-0.122144	-0.118956	-0.128674	-0.137816	-0.140845	-0.133102	-0.124756	-0.122217	-0.122194	-0.123004	-0.123138	-0.124946	-0.127619	-0.121152	-0.115088	-0.118267	-0.12227	-0.128846	-0.128846	
0.511354	0.427335	0.313103	0.17755	0.0360014	-0.0873045	-0.180812	-0.230059	-0.230631	-0.202838	-0.173469	-0.152249	-0.139055	-0.139188	-0.151348	-0.169537	-0.181559	-0.181815	-0.177148	-0.171647	-0.167364	-0.157838	-0.14719	-0.143707	-0.143628	-0.14482	-0.142516	-0.144197	-0.147588	-0.143432	-0.134819	-0.124972	-0.123876	-0.13161	-0.136466	-0.130691	-0.122244	-0.121964	-0.121239	-0.117697	-0.123138	-0.13104	-0.128944	-0.12696	-0.127406	-0.120278	-0.112423	-0.115655	-0.125714	-0.125714	
0.452587	0.383132	0.282944	0.160922	0.0350234	-0.0733752	-0.153685	-0.19966	-0.197803	-0.176923	-0.158314	-0.141408	-0.13347	-0.136013	-0.152807	-0.178766	-0.194159	-0.188903	-0.182561	-0.177076	-0.160825	-0.140272	-0.134107	-0.143664	-0.150466	-0.149075	-0.142745	-0.13647	-0.139443	-0.141431	-0.132703	-0.128203	-0.12944	-0.133105	-0.135018	-0.125451	-0.119489	-0.126204	-0.12646	-0.120202	-0.124946	-0.128944	-0.118702	-0.114325	-0.124946	-0.127181	-0.118485	-0.118188	-0.122758	-0.122758	
0.395736	0.345959	0.259587	0.14901	0.0326496	-0.0559418	-0.113353	-0.149779	-0.154347	-0.150167	-0.152171	-0.144557	-0.137714	-0.139213	-0.151228	-0.179425	-0.201663	-0.199416	-0.183281	-0.16798	-0.151726	-0.13826	-0.13809	-0.145192	-0.15224	-0.151425	-0.146511	-0.135004	-0.13233	-0.134777	-0.125873	-0.127704	-0.128673	-0.132981	-0.138752	-0.124799	-0.119602	-0.1279	-0.1279	-0.124198	-0.127619	-0.12696	-0.114325	-0.10684	-0.11569	-0.127678	-0.129023	-0.123314	-0.116976	-0.116976	
0.342895	0.304136	0.233177	0.136852	0.0424519	-0.0268963	-0.0714502	-0.104748	-0.119783	-0.134602	-0.151784	-0.151028	-0.145687	-0.149732	-0.16099	-0.184738	-0.199914	-0.192885	-0.174198	-0.154352	-0.143176	-0.136411	-0.141672	-0.148034	-0.154933	-0.157222	-0.147071	-0.132245	-0.12686	-0.131773	-0.130838	-0.135723	-0.133818	-0.127462	-0.129028	-0.122735	-0.120602	-0.125835	-0.12609	-0.121399	-0.121152	-0.127406	-0.124946	-0.11569	-0.117608	-0.12477	-0.12681	-0.122451	-0.11062	-0.11062	
0.294309	0.259302	0.202522	0.134502	0.0680028	0.0139847	-0.0266493	-0.0644889	-0.0946666	-0.123658	-0.148648	-0.15909	-0.163759	-0.16825	-0.174594	-0.18581	-0.190961	-0.180497	-0.164377	-0.151075	-0.143426	-0.141499	-0.146337	-0.149606	-0.151048	-0.150908	-0.145641	-0.131622	-0.122381	-0.127756	-0.136169	-0.14514	-0.138125	-0.123469	-0.1202	-0.120691	-0.1257	-0.129268	-0.125413	-0.118645	-0.115088	-0.120278	-0.127181	-0.127678	-0.12477	-0.11816	-0.113822	-0.118474	-0.121444	-0.121444	
0.249732	0.218719	0.176228	0.13572	0.0943993	0.0541473	0.0144556	-0.0284098	-0.0742356	-0.114461	-0.145817	-0.168817	-0.185172	-0.192482	-0.188032	-0.177276	-0.17039	-0.167177	-0.159625	-0.152132	-0.150268	-0.153976	-0.153141	-0.146601	-0.142937	-0.142422	-0.142958	-0.136729	-0.128344	-0.127279	-0.134149	-0.14043	-0.133544	-0.122765	-0.118776	-0.121904	-0.129007	-0.130639	-0.127819	-0.124925	-0.118267	-0.112423	-0.118485	-0.129023	-0.12681	-0.113822	-0.106566	-0.116713	-0.134101	-0.134101	
0.219582	0.194676	0.161603	0.133027	0.113	0.0844365	0.045275	0.000434709	-0.0567931	-0.108638	-0.143833	-0.175928	-0.201044	-0.212062	-0.202628	-0.174607	-0.150464	-0.14849	-0.156755	-0.159971	-0.160758	-0.159568	-0.15448	-0.14624	-0.138662	-0.135038	-0.133658	-0.140152	-0.140119	-0.132916	-0.131253	-0.126683	-0.128733	-0.128262	-0.123701	-0.129713	-0.128452	-0.121094	-0.122964	-0.12702	-0.12227	-0.115655	-0.118188	-0.123314	-0.122451	-0.118474	-0.116713	-0.118825	-0.12319	-0.12319	
0.206974	0.183512	0.151853	0.131797	0.118664	0.0969557	0.0608582	0.0132876	-0.0530697	-0.109435	-0.143797	-0.179388	-0.209873	-0.221764	-0.209261	-0.171048	-0.141707	-0.141137	-0.150772	-0.157068	-0.159173	-0.163771	-0.158962	-0.149677	-0.137168	-0.126598	-0.129047	-0.143236	-0.149509	-0.139131	-0.130557	-0.119503	-0.122051	-0.132154	-0.131228	-0.13244	-0.125462	-0.11418	-0.114872	-0.123839	-0.128846	-0.125714	-0.122758	-0.116976	-0.11062	-0.121444	-0.134101	-0.12319	-0.107072	-0.107072	
0.206974	0.183512	0.151853	0.131797	0.118664	0.0969557	0.0608582	0.0132876	-0.0530697	-0.109435	-0.143797	-0.179388	-0.209873	-0.221764	-0.209261	-0.171048	-0.141707	-0.141137	-0.150772	-0.157068	-0.159173	-0.163771	-0.158962	-0.149677	-0.137168	-0.126598	-0.129047	-0.143236	-0.149509	-0.139131	-0.130557	-0.119503	-0.122051	-0.132154	-0.131228	-0.13244	-0.125462	-0.11418	-0.114872	-0.123839	-0.128846	-0.125714	-0.122758	-0.116976	-0.11062	-0.121444	-0.134101	-0.12319	-0.107072	-0.107072	
