-0.0679233	0.385186	0.903897	0.350951	0.083312	0.083312	
0.385186	1.07188	1.32055	0.341802	0.840009	0.840009	
0.903897	1.32055	-0.1948	0.461558	-0.108513	-0.108513	
0.350951	0.341802	0.461558	0.748903	0.0245179	0.0245179	
0.083312	0.840009	-0.108513	0.0245179	-0.398416	-0.398416	
0.083312	0.840009	-0.108513	0.0245179	-0.398416	-0.398416	
