-0.561447	0.128937	-0.473999	0.518236	0.142199	0.142199	
0.128937	0.0954732	0.226011	0.0641993	0.541421	0.541421	
-0.473999	0.226011	1.79224	-0.683165	0.509921	0.509921	
0.518236	0.0641993	-0.683165	0.527537	1.54638	1.54638	
0.142199	0.541421	0.509921	1.54638	-0.0692968	-0.0692968	
0.142199	0.541421	0.509921	1.54638	-0.0692968	-0.0692968	
