-0.151867	-0.226844	-0.268592	-0.237863	-0.13464	0.0276776	0.225947	0.432594	0.612789	0.74188	0.800497	0.791398	0.71192	0.57021	0.394459	0.224911	0.0949674	0.0166207	-0.00706854	0.0179526	0.0685494	0.129299	0.190622	0.219474	0.221486	0.208657	0.187435	0.157339	0.123387	0.0953795	0.0647408	0.0335223	0.00259216	-0.0299964	-0.0651051	-0.0920023	-0.11549	-0.140658	-0.166172	-0.190597	-0.201597	-0.216006	-0.230525	-0.232384	-0.230179	-0.223038	-0.218367	-0.21382	-0.205365	-0.205365	
-0.226844	-0.292442	-0.317365	-0.26153	-0.129077	0.0628269	0.283557	0.487521	0.658447	0.783339	0.835175	0.81269	0.723494	0.586614	0.429374	0.288463	0.193193	0.155015	0.16859	0.224188	0.295605	0.365804	0.423606	0.448031	0.443425	0.419824	0.384442	0.331197	0.267965	0.203144	0.138355	0.0728129	0.00859723	-0.0535114	-0.117341	-0.164813	-0.210484	-0.252505	-0.28009	-0.308275	-0.323138	-0.328828	-0.334177	-0.335195	-0.332305	-0.330832	-0.338691	-0.343268	-0.340629	-0.340629	
-0.268592	-0.317365	-0.316854	-0.236405	-0.0790879	0.137227	0.363134	0.563169	0.726719	0.836219	0.870393	0.832982	0.731944	0.594282	0.461518	0.3597	0.30138	0.292448	0.336544	0.419752	0.50837	0.585137	0.645989	0.67314	0.656014	0.615686	0.566103	0.493533	0.399408	0.301302	0.210296	0.110228	0.00965511	-0.0766187	-0.157658	-0.228576	-0.296202	-0.349454	-0.383882	-0.411153	-0.42511	-0.4294	-0.428982	-0.432153	-0.438976	-0.448755	-0.466365	-0.48078	-0.487739	-0.487739	
-0.237863	-0.26153	-0.236405	-0.142381	0.031036	0.250411	0.466971	0.656021	0.800662	0.883522	0.895632	0.837051	0.72178	0.598509	0.486467	0.405541	0.372656	0.392929	0.46286	0.564764	0.673713	0.765267	0.831879	0.859808	0.845951	0.80063	0.724723	0.622681	0.503384	0.376548	0.257375	0.132799	0.00463671	-0.100185	-0.189431	-0.274731	-0.349597	-0.40295	-0.440767	-0.472394	-0.493449	-0.508057	-0.521173	-0.534791	-0.554562	-0.575143	-0.588704	-0.601295	-0.612841	-0.612841	
-0.13464	-0.129077	-0.0790879	0.031036	0.203862	0.410885	0.607891	0.764116	0.865809	0.910555	0.901315	0.82125	0.69937	0.582982	0.480768	0.411253	0.391606	0.425922	0.512833	0.636525	0.759357	0.865794	0.948585	0.986053	0.978352	0.930007	0.834874	0.709918	0.57441	0.425221	0.281446	0.149716	0.0207668	-0.0926409	-0.191415	-0.282277	-0.359114	-0.417736	-0.464018	-0.503375	-0.534608	-0.565682	-0.597811	-0.622056	-0.650643	-0.678646	-0.688108	-0.695473	-0.706381	-0.706381	
0.0276776	0.0628269	0.137227	0.250411	0.410885	0.595055	0.756436	0.870006	0.926772	0.930688	0.881057	0.774959	0.646467	0.526951	0.424258	0.361422	0.352156	0.394553	0.494315	0.631567	0.770705	0.891347	0.984945	1.03312	1.02422	0.96827	0.868196	0.736471	0.59708	0.451622	0.304621	0.171033	0.0496097	-0.0597624	-0.159477	-0.250438	-0.320484	-0.382735	-0.446534	-0.499411	-0.546872	-0.597897	-0.647299	-0.682185	-0.710131	-0.736293	-0.745533	-0.748378	-0.755226	-0.755226	
0.225947	0.283557	0.363134	0.466971	0.607891	0.756436	0.875151	0.945955	0.960682	0.919927	0.827662	0.693439	0.550419	0.416898	0.3098	0.255504	0.254035	0.317928	0.435976	0.579772	0.734328	0.865111	0.952838	0.995244	0.9823	0.916413	0.819751	0.700047	0.573569	0.446651	0.310659	0.185401	0.077174	-0.0197097	-0.108293	-0.188871	-0.25227	-0.312249	-0.385338	-0.456505	-0.518343	-0.583631	-0.643168	-0.683451	-0.714141	-0.735004	-0.745941	-0.75395	-0.754674	-0.754674	
0.432594	0.487521	0.563169	0.656021	0.764116	0.870006	0.945955	0.979298	0.948514	0.8571	0.727199	0.57584	0.418483	0.270517	0.160417	0.107925	0.116036	0.202388	0.340856	0.496765	0.65582	0.784596	0.859609	0.891142	0.876091	0.80877	0.721755	0.620209	0.510382	0.398282	0.287632	0.189268	0.0955019	0.0137342	-0.0572814	-0.121832	-0.18	-0.242123	-0.309589	-0.376085	-0.44191	-0.506022	-0.558674	-0.602939	-0.638237	-0.662005	-0.683406	-0.697691	-0.700922	-0.700922	
0.612789	0.658447	0.726719	0.800662	0.865809	0.926772	0.960682	0.948514	0.870065	0.739609	0.586274	0.421818	0.252946	0.101664	-0.00792813	-0.0534299	-0.0236863	0.0711758	0.213278	0.380039	0.534422	0.656118	0.732673	0.756115	0.731537	0.671432	0.593129	0.503244	0.411824	0.315285	0.231948	0.164014	0.0965015	0.0415599	-0.0122248	-0.0604367	-0.108054	-0.169692	-0.225003	-0.273705	-0.326323	-0.376279	-0.416875	-0.454991	-0.492386	-0.518417	-0.540751	-0.559782	-0.562939	-0.562939	
0.74188	0.783339	0.836219	0.883522	0.910555	0.930688	0.919927	0.8571	0.739609	0.584986	0.412492	0.238679	0.0686428	-0.0758706	-0.176503	-0.209632	-0.16007	-0.0579604	0.0806529	0.243072	0.389725	0.506466	0.582311	0.598873	0.569825	0.518586	0.447171	0.363889	0.283069	0.211171	0.159873	0.11517	0.0824138	0.0620606	0.0275856	-0.00693286	-0.0408207	-0.0844467	-0.124425	-0.15706	-0.186434	-0.215291	-0.239742	-0.262203	-0.290981	-0.310291	-0.323607	-0.340582	-0.342001	-0.342001	
0.800497	0.835175	0.870393	0.895632	0.901315	0.881057	0.827662	0.727199	0.586274	0.412492	0.229634	0.0523887	-0.11384	-0.24943	-0.335834	-0.351135	-0.293656	-0.182282	-0.0369809	0.122213	0.254864	0.3524	0.413275	0.427749	0.403087	0.358242	0.298202	0.22755	0.160048	0.113123	0.0943123	0.0734615	0.0613392	0.0649921	0.0591041	0.0400593	0.0183879	0.00413207	-0.0117534	-0.023232	-0.0283984	-0.0321844	-0.0323317	-0.0370152	-0.0452045	-0.0544067	-0.0647179	-0.0741342	-0.08024	-0.08024	
0.791398	0.81269	0.832982	0.837051	0.82125	0.774959	0.693439	0.57584	0.421818	0.238679	0.0523887	-0.126514	-0.289905	-0.417731	-0.484544	-0.471883	-0.396583	-0.278281	-0.134002	0.0152338	0.137562	0.224097	0.273597	0.282739	0.250996	0.206465	0.16391	0.115178	0.0724572	0.0502735	0.0516162	0.0496111	0.0456796	0.0564389	0.0718947	0.0770183	0.0854676	0.106103	0.118589	0.132363	0.146531	0.160851	0.177944	0.186663	0.199603	0.205589	0.202178	0.203401	0.198698	0.198698	
0.71192	0.723494	0.731944	0.72178	0.69937	0.646467	0.550419	0.418483	0.252946	0.0686428	-0.11384	-0.289905	-0.445627	-0.546118	-0.583562	-0.556262	-0.475459	-0.349108	-0.203677	-0.0684717	0.0511387	0.133627	0.169098	0.175106	0.15235	0.111685	0.0749559	0.0465605	0.0313283	0.0271451	0.0353211	0.048125	0.0540933	0.0714833	0.0970607	0.120721	0.161292	0.208204	0.248428	0.284146	0.316058	0.348887	0.370813	0.389534	0.413277	0.430428	0.44318	0.452723	0.459256	0.459256	
0.57021	0.586614	0.594282	0.598509	0.582982	0.526951	0.416898	0.270517	0.101664	-0.0758706	-0.24943	-0.417731	-0.546118	-0.618818	-0.6351	-0.596464	-0.512503	-0.39001	-0.247815	-0.113425	0.00312333	0.0814503	0.117079	0.129378	0.116576	0.085805	0.0584555	0.0441476	0.040331	0.0448408	0.052867	0.0679821	0.0869523	0.114491	0.154827	0.195443	0.245671	0.301656	0.358988	0.410344	0.4549	0.500567	0.529673	0.555404	0.581209	0.603736	0.627865	0.642672	0.658138	0.658138	
0.394459	0.429374	0.461518	0.486467	0.480768	0.424258	0.3098	0.160417	-0.00792813	-0.176503	-0.335834	-0.484544	-0.583562	-0.6351	-0.638104	-0.589974	-0.498603	-0.381197	-0.243758	-0.102162	0.0102328	0.0859332	0.128648	0.148681	0.142419	0.121227	0.105072	0.0974004	0.0937691	0.0926299	0.0975795	0.120238	0.149605	0.181447	0.233154	0.285108	0.337644	0.392172	0.445118	0.502804	0.550197	0.593149	0.6317	0.661754	0.689488	0.71665	0.741712	0.759029	0.772918	0.772918	
0.224911	0.288463	0.3597	0.405541	0.411253	0.361422	0.255504	0.107925	-0.0534299	-0.209632	-0.351135	-0.471883	-0.556262	-0.596464	-0.589974	-0.540541	-0.445323	-0.317655	-0.177572	-0.0376619	0.0742521	0.152658	0.193246	0.215323	0.221823	0.210016	0.195142	0.188231	0.183063	0.167022	0.169006	0.195914	0.229942	0.266039	0.309955	0.364743	0.417305	0.461476	0.504861	0.554292	0.595874	0.631224	0.674253	0.710465	0.738646	0.765607	0.782472	0.790839	0.795562	0.795562	
0.0949674	0.193193	0.30138	0.372656	0.391606	0.352156	0.254035	0.116036	-0.0236863	-0.16007	-0.293656	-0.396583	-0.475459	-0.512503	-0.498603	-0.445323	-0.347662	-0.209393	-0.062845	0.0711374	0.185394	0.264077	0.303528	0.327231	0.34094	0.327383	0.30258	0.291344	0.276729	0.259824	0.263661	0.276429	0.30208	0.339653	0.375991	0.421315	0.466022	0.50089	0.534677	0.570527	0.598368	0.624373	0.664505	0.69896	0.724194	0.745693	0.753206	0.754059	0.751486	0.751486	
0.0166207	0.155015	0.292448	0.392929	0.425922	0.394553	0.317928	0.202388	0.0711758	-0.0579604	-0.182282	-0.278281	-0.349108	-0.39001	-0.381197	-0.317655	-0.209393	-0.0728987	0.073494	0.206898	0.319892	0.396876	0.444274	0.467226	0.466872	0.445496	0.413197	0.387432	0.358121	0.344168	0.344777	0.350589	0.370076	0.389526	0.415733	0.448144	0.475845	0.501254	0.526032	0.549614	0.568531	0.590979	0.616256	0.634486	0.65194	0.663286	0.667289	0.672186	0.670859	0.670859	
-0.00706854	0.16859	0.336544	0.46286	0.512833	0.494315	0.435976	0.340856	0.213278	0.0806529	-0.0369809	-0.134002	-0.203677	-0.247815	-0.243758	-0.177572	-0.062845	0.073494	0.214998	0.344781	0.455298	0.536133	0.582521	0.593194	0.57509	0.544266	0.503473	0.460526	0.42257	0.406465	0.399283	0.400159	0.411488	0.416667	0.430782	0.443828	0.451842	0.465032	0.478992	0.49416	0.510574	0.52965	0.539629	0.54017	0.544393	0.548492	0.552345	0.560191	0.566726	0.566726	
0.0179526	0.224188	0.419752	0.564764	0.636525	0.631567	0.579772	0.496765	0.380039	0.243072	0.122213	0.0152338	-0.0684717	-0.113425	-0.102162	-0.0376619	0.0711374	0.206898	0.344781	0.47236	0.578224	0.656879	0.688494	0.684059	0.654212	0.60559	0.551659	0.49923	0.464736	0.442678	0.424817	0.415459	0.408063	0.410853	0.417762	0.410994	0.405286	0.40954	0.41848	0.422527	0.428464	0.438886	0.435345	0.428263	0.427321	0.429113	0.43325	0.438391	0.447055	0.447055	
0.0685494	0.295605	0.50837	0.673713	0.759357	0.770705	0.734328	0.65582	0.534422	0.389725	0.254864	0.137562	0.0511387	0.00312333	0.0102328	0.0742521	0.185394	0.319892	0.455298	0.578224	0.677832	0.743337	0.758939	0.73157	0.681407	0.625716	0.567838	0.509922	0.465868	0.437783	0.413457	0.397243	0.386025	0.375851	0.367857	0.355313	0.345683	0.344054	0.346789	0.342058	0.335642	0.335127	0.325797	0.31788	0.319774	0.32065	0.319381	0.318544	0.319667	0.319667	
0.129299	0.365804	0.585137	0.765267	0.865794	0.891347	0.865111	0.784596	0.656118	0.506466	0.3524	0.224097	0.133627	0.0814503	0.0859332	0.152658	0.264077	0.396876	0.536133	0.656879	0.743337	0.780424	0.777778	0.734534	0.672483	0.610545	0.548848	0.493965	0.441649	0.408692	0.378833	0.354642	0.339228	0.312568	0.294587	0.285553	0.2762	0.272069	0.26755	0.256835	0.245293	0.236609	0.229191	0.225795	0.226564	0.2227	0.215141	0.209532	0.202425	0.202425	
0.190622	0.423606	0.645989	0.831879	0.948585	0.984945	0.952838	0.859609	0.732673	0.582311	0.413275	0.273597	0.169098	0.117079	0.128648	0.193246	0.303528	0.444274	0.582521	0.688494	0.758939	0.777778	0.752456	0.69909	0.639284	0.572432	0.502519	0.450737	0.40452	0.363983	0.328253	0.290491	0.263699	0.24014	0.219283	0.217152	0.210013	0.198077	0.19053	0.175972	0.162116	0.150062	0.146418	0.145248	0.139788	0.133145	0.126435	0.124582	0.11713	0.11713	
0.219474	0.448031	0.67314	0.859808	0.986053	1.03312	0.995244	0.891142	0.756115	0.598873	0.427749	0.282739	0.175106	0.129378	0.148681	0.215323	0.327231	0.467226	0.593194	0.684059	0.73157	0.734534	0.69909	0.642412	0.584176	0.513966	0.441566	0.387863	0.344741	0.296145	0.254814	0.222596	0.197584	0.178268	0.157962	0.154975	0.148384	0.128648	0.111379	0.100194	0.0929804	0.0801808	0.0790059	0.0769989	0.0659629	0.0614259	0.0586496	0.0593293	0.0561139	0.0561139	
0.221486	0.443425	0.656014	0.845951	0.978352	1.02422	0.9823	0.876091	0.731537	0.569825	0.403087	0.250996	0.15235	0.116576	0.142419	0.221823	0.34094	0.466872	0.57509	0.654212	0.681407	0.672483	0.639284	0.584176	0.518788	0.447012	0.376778	0.315069	0.268589	0.220265	0.175185	0.15471	0.14065	0.120158	0.104855	0.0984165	0.0837099	0.0638681	0.0511391	0.045924	0.043314	0.0331736	0.0247972	0.0191672	0.0105778	0.0065087	0.00774879	0.0102045	0.00935027	0.00935027	
0.208657	0.419824	0.615686	0.80063	0.930007	0.96827	0.916413	0.80877	0.671432	0.518586	0.358242	0.206465	0.111685	0.085805	0.121227	0.210016	0.327383	0.445496	0.544266	0.60559	0.625716	0.610545	0.572432	0.513966	0.447012	0.379499	0.312322	0.251053	0.200798	0.158144	0.115226	0.0913888	0.0810151	0.0677165	0.0565483	0.0427217	0.0232615	0.0096928	0.00802442	0.00454021	0.0026385	-0.000246004	-0.0115099	-0.0154646	-0.0219498	-0.0291896	-0.0285693	-0.0318589	-0.0310029	-0.0310029	
0.187435	0.384442	0.566103	0.724723	0.834874	0.868196	0.819751	0.721755	0.593129	0.447171	0.298202	0.16391	0.0749559	0.0584555	0.105072	0.195142	0.30258	0.413197	0.503473	0.551659	0.567838	0.548848	0.502519	0.441566	0.376778	0.312322	0.250869	0.191249	0.141807	0.102868	0.0683442	0.04999	0.0358811	0.0229084	0.00874619	-0.00781635	-0.015842	-0.018365	-0.0198534	-0.0298621	-0.0332784	-0.0320223	-0.042841	-0.0441372	-0.0455174	-0.0523654	-0.0521453	-0.0548064	-0.0541627	-0.0541627	
0.157339	0.331197	0.493533	0.622681	0.709918	0.736471	0.700047	0.620209	0.503244	0.363889	0.22755	0.115178	0.0465605	0.0441476	0.0974004	0.188231	0.291344	0.387432	0.460526	0.49923	0.509922	0.493965	0.450737	0.387863	0.315069	0.251053	0.191249	0.127398	0.0815545	0.0516527	0.0338313	0.0185905	-0.00141083	-0.0143195	-0.0256241	-0.0359705	-0.0365212	-0.0333362	-0.0405848	-0.0522967	-0.0590521	-0.0629185	-0.0678712	-0.0699165	-0.0637513	-0.064883	-0.0673768	-0.0632892	-0.0683336	-0.0683336	
0.123387	0.267965	0.399408	0.503384	0.57441	0.59708	0.573569	0.510382	0.411824	0.283069	0.160048	0.0724572	0.0313283	0.040331	0.0937691	0.183063	0.276729	0.358121	0.42257	0.464736	0.465868	0.441649	0.40452	0.344741	0.268589	0.200798	0.141807	0.0815545	0.0371886	0.0161006	0.00981403	-0.011873	-0.0361243	-0.0431661	-0.046724	-0.0541126	-0.0599402	-0.0560174	-0.0611624	-0.0670594	-0.068852	-0.075745	-0.0759989	-0.0748825	-0.0725008	-0.07297	-0.0765236	-0.0778275	-0.0856827	-0.0856827	
0.0953795	0.203144	0.301302	0.376548	0.425221	0.451622	0.446651	0.398282	0.315285	0.211171	0.113123	0.0502735	0.0271451	0.0448408	0.0926299	0.167022	0.259824	0.344168	0.406465	0.442678	0.437783	0.408692	0.363983	0.296145	0.220265	0.158144	0.102868	0.0516527	0.0161006	-0.00492301	-0.0176614	-0.042301	-0.0569341	-0.0558751	-0.0633531	-0.0693534	-0.0732702	-0.0762734	-0.0776917	-0.0771771	-0.0750739	-0.0767564	-0.0779117	-0.0783153	-0.0835752	-0.0860114	-0.0839385	-0.0858878	-0.0863479	-0.0863479	
0.0647408	0.138355	0.210296	0.257375	0.281446	0.304621	0.310659	0.287632	0.231948	0.159873	0.0943123	0.0516162	0.0353211	0.052867	0.0975795	0.169006	0.263661	0.344777	0.399283	0.424817	0.413457	0.378833	0.328253	0.254814	0.175185	0.115226	0.0683442	0.0338313	0.00981403	-0.0176614	-0.0412125	-0.0615381	-0.0716147	-0.0699516	-0.0747853	-0.0760894	-0.0722673	-0.0813677	-0.0887801	-0.0849288	-0.0852241	-0.0856991	-0.0813363	-0.0829557	-0.091592	-0.0921083	-0.0890373	-0.0887412	-0.0795389	-0.0795389	
0.0335223	0.0728129	0.110228	0.132799	0.149716	0.171033	0.185401	0.189268	0.164014	0.11517	0.0734615	0.0496111	0.048125	0.0679821	0.120238	0.195914	0.276429	0.350589	0.400159	0.415459	0.397243	0.354642	0.290491	0.222596	0.15471	0.0913888	0.04999	0.0185905	-0.011873	-0.042301	-0.0615381	-0.0676044	-0.0754116	-0.0789992	-0.0798192	-0.0803805	-0.0783959	-0.0851547	-0.0902555	-0.0874571	-0.0903051	-0.0913195	-0.086443	-0.0876764	-0.0910067	-0.0885238	-0.0898777	-0.091695	-0.084152	-0.084152	
0.00259216	0.00859723	0.00965511	0.00463671	0.0207668	0.0496097	0.077174	0.0955019	0.0965015	0.0824138	0.0613392	0.0456796	0.0540933	0.0869523	0.149605	0.229942	0.30208	0.370076	0.411488	0.408063	0.386025	0.339228	0.263699	0.197584	0.14065	0.0810151	0.0358811	-0.00141083	-0.0361243	-0.0569341	-0.0716147	-0.0754116	-0.0740578	-0.078516	-0.0840352	-0.0916588	-0.0903923	-0.0875828	-0.089096	-0.08636	-0.0863979	-0.0890931	-0.0923935	-0.0939556	-0.0892637	-0.0833463	-0.086072	-0.0935412	-0.0939742	-0.0939742	
-0.0299964	-0.0535114	-0.0766187	-0.100185	-0.0926409	-0.0597624	-0.0197097	0.0137342	0.0415599	0.0620606	0.0649921	0.0564389	0.0714833	0.114491	0.181447	0.266039	0.339653	0.389526	0.416667	0.410853	0.375851	0.312568	0.24014	0.178268	0.120158	0.0677165	0.0229084	-0.0143195	-0.0431661	-0.0558751	-0.0699516	-0.0789992	-0.078516	-0.0843305	-0.0885246	-0.0982825	-0.0960535	-0.0882645	-0.0917973	-0.0867754	-0.0829213	-0.0884564	-0.0948461	-0.0943743	-0.0894551	-0.0864295	-0.0863158	-0.0913463	-0.0940358	-0.0940358	
-0.0651051	-0.117341	-0.157658	-0.189431	-0.191415	-0.159477	-0.108293	-0.0572814	-0.0122248	0.0275856	0.0591041	0.0718947	0.0970607	0.154827	0.233154	0.309955	0.375991	0.415733	0.430782	0.417762	0.367857	0.294587	0.219283	0.157962	0.104855	0.0565483	0.00874619	-0.0256241	-0.046724	-0.0633531	-0.0747853	-0.0798192	-0.0840352	-0.0885246	-0.086346	-0.0899957	-0.0908498	-0.0904286	-0.0937756	-0.0919826	-0.0938671	-0.0922434	-0.0885481	-0.0869956	-0.086831	-0.0944518	-0.0940153	-0.0867138	-0.0887676	-0.0887676	
-0.0920023	-0.164813	-0.228576	-0.274731	-0.282277	-0.250438	-0.188871	-0.121832	-0.0604367	-0.00693286	0.0400593	0.0770183	0.120721	0.195443	0.285108	0.364743	0.421315	0.448144	0.443828	0.410994	0.355313	0.285553	0.217152	0.154975	0.0984165	0.0427217	-0.00781635	-0.0359705	-0.0541126	-0.0693534	-0.0760894	-0.0803805	-0.0916588	-0.0982825	-0.0899957	-0.0869261	-0.0878343	-0.0847266	-0.0847668	-0.0921599	-0.0992253	-0.0940431	-0.0866508	-0.085669	-0.090858	-0.0975164	-0.0937628	-0.0862501	-0.0854602	-0.0854602	
-0.11549	-0.210484	-0.296202	-0.349597	-0.359114	-0.320484	-0.25227	-0.18	-0.108054	-0.0408207	0.0183879	0.0854676	0.161292	0.245671	0.337644	0.417305	0.466022	0.475845	0.451842	0.405286	0.345683	0.2762	0.210013	0.148384	0.0837099	0.0232615	-0.015842	-0.0365212	-0.0599402	-0.0732702	-0.0722673	-0.0783959	-0.0903923	-0.0960535	-0.0908498	-0.0878343	-0.094531	-0.0934611	-0.0882597	-0.0911033	-0.0919545	-0.0880427	-0.0862528	-0.0906127	-0.0926658	-0.0883617	-0.0877058	-0.0900996	-0.0917569	-0.0917569	
-0.140658	-0.252505	-0.349454	-0.40295	-0.417736	-0.382735	-0.312249	-0.242123	-0.169692	-0.0844467	0.00413207	0.106103	0.208204	0.301656	0.392172	0.461476	0.50089	0.501254	0.465032	0.40954	0.344054	0.272069	0.198077	0.128648	0.0638681	0.0096928	-0.018365	-0.0333362	-0.0560174	-0.0762734	-0.0813677	-0.0851547	-0.0875828	-0.0882645	-0.0904286	-0.0847266	-0.0934611	-0.103144	-0.093463	-0.0888805	-0.0879674	-0.0849914	-0.0884034	-0.0961727	-0.0896326	-0.080321	-0.0869764	-0.0919263	-0.0941885	-0.0941885	
-0.166172	-0.28009	-0.383882	-0.440767	-0.464018	-0.446534	-0.385338	-0.309589	-0.225003	-0.124425	-0.0117534	0.118589	0.248428	0.358988	0.445118	0.504861	0.534677	0.526032	0.478992	0.41848	0.346789	0.26755	0.19053	0.111379	0.0511391	0.00802442	-0.0198534	-0.0405848	-0.0611624	-0.0776917	-0.0887801	-0.0902555	-0.089096	-0.0917973	-0.0937756	-0.0847668	-0.0882597	-0.093463	-0.0850766	-0.0877618	-0.0888303	-0.0893285	-0.0950077	-0.0955893	-0.0903712	-0.0854376	-0.09027	-0.0909956	-0.0836955	-0.0836955	
-0.190597	-0.308275	-0.411153	-0.472394	-0.503375	-0.499411	-0.456505	-0.376085	-0.273705	-0.15706	-0.023232	0.132363	0.284146	0.410344	0.502804	0.554292	0.570527	0.549614	0.49416	0.422527	0.342058	0.256835	0.175972	0.100194	0.045924	0.00454021	-0.0298621	-0.0522967	-0.0670594	-0.0771771	-0.0849288	-0.0874571	-0.08636	-0.0867754	-0.0919826	-0.0921599	-0.0911033	-0.0888805	-0.0877618	-0.0928354	-0.0915078	-0.091618	-0.089927	-0.0846891	-0.0862141	-0.0901073	-0.0936011	-0.0904539	-0.0845203	-0.0845203	
-0.201597	-0.323138	-0.42511	-0.493449	-0.534608	-0.546872	-0.518343	-0.44191	-0.326323	-0.186434	-0.0283984	0.146531	0.316058	0.4549	0.550197	0.595874	0.598368	0.568531	0.510574	0.428464	0.335642	0.245293	0.162116	0.0929804	0.043314	0.0026385	-0.0332784	-0.0590521	-0.068852	-0.0750739	-0.0852241	-0.0903051	-0.0863979	-0.0829213	-0.0938671	-0.0992253	-0.0919545	-0.0879674	-0.0888303	-0.0915078	-0.0910476	-0.0898029	-0.0857571	-0.0823485	-0.0879025	-0.0929022	-0.0893792	-0.086471	-0.0914224	-0.0914224	
-0.216006	-0.328828	-0.4294	-0.508057	-0.565682	-0.597897	-0.583631	-0.506022	-0.376279	-0.215291	-0.0321844	0.160851	0.348887	0.500567	0.593149	0.631224	0.624373	0.590979	0.52965	0.438886	0.335127	0.236609	0.150062	0.0801808	0.0331736	-0.000246004	-0.0320223	-0.0629185	-0.075745	-0.0767564	-0.0856991	-0.0913195	-0.0890931	-0.0884564	-0.0922434	-0.0940431	-0.0880427	-0.0849914	-0.0893285	-0.091618	-0.0898029	-0.0887019	-0.0879761	-0.0878278	-0.0929507	-0.091618	-0.0824885	-0.0845548	-0.0924589	-0.0924589	
-0.230525	-0.334177	-0.428982	-0.521173	-0.597811	-0.647299	-0.643168	-0.558674	-0.416875	-0.239742	-0.0323317	0.177944	0.370813	0.529673	0.6317	0.674253	0.664505	0.616256	0.539629	0.435345	0.325797	0.229191	0.146418	0.0790059	0.0247972	-0.0115099	-0.042841	-0.0678712	-0.0759989	-0.0779117	-0.0813363	-0.086443	-0.0923935	-0.0948461	-0.0885481	-0.0866508	-0.0862528	-0.0884034	-0.0950077	-0.089927	-0.0857571	-0.0879761	-0.091421	-0.093114	-0.0899323	-0.0868589	-0.0852235	-0.0870818	-0.0881672	-0.0881672	
-0.232384	-0.335195	-0.432153	-0.534791	-0.622056	-0.682185	-0.683451	-0.602939	-0.454991	-0.262203	-0.0370152	0.186663	0.389534	0.555404	0.661754	0.710465	0.69896	0.634486	0.54017	0.428263	0.31788	0.225795	0.145248	0.0769989	0.0191672	-0.0154646	-0.0441372	-0.0699165	-0.0748825	-0.0783153	-0.0829557	-0.0876764	-0.0939556	-0.0943743	-0.0869956	-0.085669	-0.0906127	-0.0961727	-0.0955893	-0.0846891	-0.0823485	-0.0878278	-0.093114	-0.0890746	-0.081775	-0.0870788	-0.0918513	-0.0904737	-0.0865216	-0.0865216	
-0.230179	-0.332305	-0.438976	-0.554562	-0.650643	-0.710131	-0.714141	-0.638237	-0.492386	-0.290981	-0.0452045	0.199603	0.413277	0.581209	0.689488	0.738646	0.724194	0.65194	0.544393	0.427321	0.319774	0.226564	0.139788	0.0659629	0.0105778	-0.0219498	-0.0455174	-0.0637513	-0.0725008	-0.0835752	-0.091592	-0.0910067	-0.0892637	-0.0894551	-0.086831	-0.090858	-0.0926658	-0.0896326	-0.0903712	-0.0862141	-0.0879025	-0.0929507	-0.0899323	-0.081775	-0.0824336	-0.0917561	-0.0909505	-0.0876758	-0.0881555	-0.0881555	
-0.223038	-0.330832	-0.448755	-0.575143	-0.678646	-0.736293	-0.735004	-0.662005	-0.518417	-0.310291	-0.0544067	0.205589	0.430428	0.603736	0.71665	0.765607	0.745693	0.663286	0.548492	0.429113	0.32065	0.2227	0.133145	0.0614259	0.0065087	-0.0291896	-0.0523654	-0.064883	-0.07297	-0.0860114	-0.0921083	-0.0885238	-0.0833463	-0.0864295	-0.0944518	-0.0975164	-0.0883617	-0.080321	-0.0854376	-0.0901073	-0.0929022	-0.091618	-0.0868589	-0.0870788	-0.0917561	-0.0930698	-0.0854578	-0.0822949	-0.087451	-0.087451	
-0.218367	-0.338691	-0.466365	-0.588704	-0.688108	-0.745533	-0.745941	-0.683406	-0.540751	-0.323607	-0.0647179	0.202178	0.44318	0.627865	0.741712	0.782472	0.753206	0.667289	0.552345	0.43325	0.319381	0.215141	0.126435	0.0586496	0.00774879	-0.0285693	-0.0521453	-0.0673768	-0.0765236	-0.0839385	-0.0890373	-0.0898777	-0.086072	-0.0863158	-0.0940153	-0.0937628	-0.0877058	-0.0869764	-0.09027	-0.0936011	-0.0893792	-0.0824885	-0.0852235	-0.0918513	-0.0909505	-0.0854578	-0.0843377	-0.0875803	-0.0903973	-0.0903973	
-0.21382	-0.343268	-0.48078	-0.601295	-0.695473	-0.748378	-0.75395	-0.697691	-0.559782	-0.340582	-0.0741342	0.203401	0.452723	0.642672	0.759029	0.790839	0.754059	0.672186	0.560191	0.438391	0.318544	0.209532	0.124582	0.0593293	0.0102045	-0.0318589	-0.0548064	-0.0632892	-0.0778275	-0.0858878	-0.0887412	-0.091695	-0.0935412	-0.0913463	-0.0867138	-0.0862501	-0.0900996	-0.0919263	-0.0909956	-0.0904539	-0.086471	-0.0845548	-0.0870818	-0.0904737	-0.0876758	-0.0822949	-0.0875803	-0.0917269	-0.0886998	-0.0886998	
-0.205365	-0.340629	-0.487739	-0.612841	-0.706381	-0.755226	-0.754674	-0.700922	-0.562939	-0.342001	-0.08024	0.198698	0.459256	0.658138	0.772918	0.795562	0.751486	0.670859	0.566726	0.447055	0.319667	0.202425	0.11713	0.0561139	0.00935027	-0.0310029	-0.0541627	-0.0683336	-0.0856827	-0.0863479	-0.0795389	-0.084152	-0.0939742	-0.0940358	-0.0887676	-0.0854602	-0.0917569	-0.0941885	-0.0836955	-0.0845203	-0.0914224	-0.0924589	-0.0881672	-0.0865216	-0.0881555	-0.087451	-0.0903973	-0.0886998	-0.0830609	-0.0830609	
-0.205365	-0.340629	-0.487739	-0.612841	-0.706381	-0.755226	-0.754674	-0.700922	-0.562939	-0.342001	-0.08024	0.198698	0.459256	0.658138	0.772918	0.795562	0.751486	0.670859	0.566726	0.447055	0.319667	0.202425	0.11713	0.0561139	0.00935027	-0.0310029	-0.0541627	-0.0683336	-0.0856827	-0.0863479	-0.0795389	-0.084152	-0.0939742	-0.0940358	-0.0887676	-0.0854602	-0.0917569	-0.0941885	-0.0836955	-0.0845203	-0.0914224	-0.0924589	-0.0881672	-0.0865216	-0.0881555	-0.087451	-0.0903973	-0.0886998	-0.0830609	-0.0830609	
