-0.321912	-0.269894	-0.234392	-0.20147	-0.147137	-0.0548568	0.0756703	0.232967	0.417841	0.615394	0.804152	0.961559	1.06816	1.1139	1.10347	1.04559	0.968957	0.894097	0.831649	0.777092	0.724427	0.683073	0.658099	0.637588	0.622245	0.601339	0.565277	0.521812	0.460761	0.375122	0.260195	0.138542	0.0292792	-0.0606111	-0.117581	-0.161535	-0.211956	-0.268623	-0.336113	-0.40246	-0.446008	-0.454208	-0.414494	-0.325642	-0.205705	-0.0815082	0.0246454	0.0975109	0.132139	0.132139	
-0.269894	-0.250565	-0.256811	-0.264732	-0.245605	-0.185285	-0.0805194	0.0648071	0.237926	0.430671	0.617153	0.783341	0.903389	0.96088	0.957939	0.901468	0.828816	0.75814	0.694966	0.63658	0.579085	0.539228	0.521243	0.515325	0.511833	0.49715	0.46745	0.431358	0.388014	0.322086	0.232317	0.136379	0.04797	-0.0208707	-0.051818	-0.0662347	-0.089618	-0.112813	-0.15847	-0.216924	-0.252833	-0.260444	-0.218093	-0.124129	-0.00171387	0.121946	0.228718	0.310009	0.349477	0.349477	
-0.234392	-0.256811	-0.302982	-0.352053	-0.367144	-0.338698	-0.25698	-0.125161	0.0404096	0.227571	0.412385	0.584981	0.721956	0.794463	0.804794	0.765649	0.704696	0.643594	0.582061	0.521962	0.464697	0.429164	0.420942	0.425003	0.427659	0.414765	0.395065	0.374	0.348254	0.305932	0.237888	0.159072	0.0886432	0.0402038	0.0252772	0.0301354	0.0309855	0.0292351	0.0115536	-0.0207937	-0.0395987	-0.0335108	0.00797579	0.0897894	0.203915	0.324853	0.43065	0.50756	0.54005	0.54005	
-0.20147	-0.264732	-0.352053	-0.440253	-0.492555	-0.49055	-0.426722	-0.312455	-0.155127	0.0252289	0.209391	0.391495	0.547619	0.641302	0.676473	0.660989	0.618107	0.569681	0.513295	0.457784	0.406807	0.376095	0.374268	0.384538	0.391313	0.384421	0.376053	0.36598	0.346719	0.319079	0.264996	0.20154	0.152161	0.118783	0.110106	0.122169	0.139275	0.151643	0.163623	0.16637	0.168329	0.185994	0.220751	0.294767	0.392418	0.493086	0.590981	0.659368	0.697343	0.697343	
-0.147137	-0.245605	-0.367144	-0.492555	-0.573508	-0.598744	-0.561413	-0.462917	-0.316913	-0.149598	0.0299806	0.220617	0.38952	0.515405	0.584391	0.599999	0.579875	0.544753	0.497698	0.44822	0.405624	0.380501	0.386052	0.403318	0.416728	0.414821	0.406139	0.395396	0.372163	0.34647	0.307069	0.259662	0.224756	0.205086	0.202633	0.216142	0.242906	0.271726	0.30159	0.322407	0.334401	0.357304	0.39207	0.452419	0.533516	0.61746	0.69886	0.757913	0.788511	0.788511	
-0.0548568	-0.185285	-0.338698	-0.49055	-0.598744	-0.646277	-0.629228	-0.549121	-0.421527	-0.266733	-0.0962031	0.0895204	0.26904	0.41575	0.512761	0.560647	0.575542	0.568088	0.54398	0.507063	0.46675	0.440705	0.445634	0.467132	0.479433	0.480003	0.468369	0.445866	0.41957	0.393626	0.359127	0.32202	0.29908	0.285793	0.284601	0.305821	0.341295	0.380828	0.420741	0.449369	0.461633	0.475193	0.500342	0.541257	0.60845	0.682204	0.742242	0.787012	0.807335	0.807335	
0.0756703	-0.0805194	-0.25698	-0.426722	-0.561413	-0.629228	-0.631005	-0.568593	-0.457668	-0.321559	-0.164033	0.00761226	0.179742	0.333799	0.452142	0.533245	0.592687	0.622988	0.625181	0.60287	0.569265	0.547954	0.55438	0.570519	0.57393	0.564176	0.542692	0.513492	0.484406	0.453553	0.414562	0.378202	0.353651	0.344178	0.348279	0.376156	0.417246	0.459808	0.50784	0.539031	0.548717	0.551272	0.559181	0.579752	0.618174	0.666748	0.709935	0.744979	0.762286	0.762286	
0.232967	0.0648071	-0.125161	-0.312455	-0.462917	-0.549121	-0.568593	-0.529722	-0.441167	-0.322878	-0.183129	-0.0321639	0.123819	0.269439	0.400427	0.515769	0.610792	0.675939	0.704393	0.699684	0.685421	0.682341	0.689593	0.697421	0.690709	0.663226	0.632703	0.59324	0.549148	0.504709	0.454824	0.41549	0.390463	0.382958	0.386532	0.408796	0.448069	0.499763	0.552211	0.586219	0.600906	0.591087	0.57999	0.573708	0.579512	0.600042	0.618815	0.640243	0.646813	0.646813	
0.417841	0.237926	0.0404096	-0.155127	-0.316913	-0.421527	-0.457668	-0.441167	-0.375555	-0.269763	-0.149024	-0.0274554	0.0982682	0.225345	0.356356	0.487454	0.606623	0.694941	0.748679	0.773837	0.788882	0.804755	0.817889	0.818459	0.802644	0.769898	0.727173	0.674821	0.613218	0.547217	0.482155	0.435337	0.404513	0.385151	0.382035	0.398134	0.432935	0.492394	0.55622	0.60111	0.6199	0.605988	0.578101	0.544281	0.521187	0.506278	0.486146	0.475999	0.466464	0.466464	
0.615394	0.430671	0.227571	0.0252289	-0.149598	-0.266733	-0.321559	-0.322878	-0.269763	-0.176246	-0.0763867	0.0145086	0.104876	0.202089	0.317277	0.439926	0.563574	0.669668	0.747113	0.805986	0.849214	0.884113	0.908558	0.911557	0.898809	0.865018	0.814386	0.751185	0.672128	0.583749	0.50021	0.432669	0.379624	0.345696	0.332255	0.344305	0.387929	0.458409	0.534561	0.591432	0.615219	0.601845	0.561373	0.50869	0.449345	0.385767	0.327584	0.280254	0.251806	0.251806	
0.804152	0.617153	0.412385	0.209391	0.0299806	-0.0962031	-0.164033	-0.183129	-0.149024	-0.0763867	-0.00737217	0.0582537	0.119944	0.18752	0.276074	0.379662	0.492654	0.604446	0.695202	0.773915	0.843072	0.907429	0.958401	0.979815	0.979144	0.94136	0.882253	0.809734	0.71171	0.603652	0.500743	0.403905	0.32919	0.279399	0.25429	0.268958	0.320038	0.403668	0.494772	0.564831	0.599647	0.589826	0.539024	0.463242	0.365961	0.257194	0.159945	0.0765215	0.0281782	0.0281782	
0.961559	0.783341	0.584981	0.391495	0.220617	0.0895204	0.00761226	-0.0321639	-0.0274554	0.0145086	0.0582537	0.101287	0.133516	0.164764	0.216298	0.294178	0.395928	0.5058	0.601557	0.69459	0.787107	0.876997	0.954661	0.993895	1.00286	0.976149	0.922187	0.849478	0.741005	0.611889	0.482359	0.360449	0.269143	0.207292	0.180587	0.195025	0.249917	0.343204	0.44436	0.528625	0.569892	0.562273	0.500368	0.399881	0.278989	0.135702	-0.00213722	-0.114355	-0.173649	-0.173649	
1.06816	0.903389	0.721956	0.547619	0.38952	0.26904	0.179742	0.123819	0.0982682	0.104876	0.119944	0.133516	0.129693	0.125547	0.147098	0.201425	0.289246	0.38445	0.477419	0.580341	0.692882	0.803705	0.899442	0.955256	0.973505	0.963013	0.922723	0.854193	0.746353	0.609421	0.465146	0.326363	0.218988	0.143995	0.108787	0.125392	0.189425	0.287463	0.396107	0.48713	0.528655	0.521969	0.458882	0.346969	0.197104	0.0205007	-0.144695	-0.285125	-0.364188	-0.364188	
1.1139	0.96088	0.794463	0.641302	0.515405	0.41575	0.333799	0.269439	0.225345	0.202089	0.18752	0.164764	0.125547	0.0896335	0.0812558	0.111773	0.168966	0.244879	0.334391	0.443019	0.566797	0.691862	0.797158	0.870044	0.907378	0.913214	0.894951	0.838349	0.739539	0.607722	0.458802	0.307012	0.18276	0.0929052	0.0452903	0.0605563	0.126248	0.230526	0.346067	0.440846	0.490548	0.486242	0.423496	0.300586	0.132156	-0.0693785	-0.272299	-0.437946	-0.533767	-0.533767	
1.10347	0.957939	0.804794	0.676473	0.584391	0.512761	0.452142	0.400427	0.356356	0.317277	0.276074	0.216298	0.147098	0.0812558	0.0352873	0.0246709	0.0439227	0.0943753	0.177729	0.28433	0.411229	0.542526	0.659329	0.753978	0.811779	0.844354	0.854078	0.818148	0.739644	0.620841	0.46516	0.302718	0.160065	0.0485349	-0.00938379	-0.00106789	0.0630293	0.168411	0.287919	0.390018	0.450509	0.456184	0.397051	0.268357	0.0850339	-0.140117	-0.375387	-0.563535	-0.668436	-0.668436	
1.04559	0.901468	0.765649	0.660989	0.599999	0.560647	0.533245	0.515769	0.487454	0.439926	0.379662	0.294178	0.201425	0.111773	0.0246709	-0.0326111	-0.0548218	-0.0377181	0.0242709	0.115395	0.23966	0.377975	0.510544	0.626908	0.707024	0.76499	0.798365	0.785266	0.729148	0.623467	0.468532	0.301159	0.142284	0.0163928	-0.04932	-0.0486227	0.0148236	0.117366	0.23732	0.345211	0.412022	0.427882	0.378917	0.248928	0.0484139	-0.196156	-0.448471	-0.65658	-0.779778	-0.779778	
0.968957	0.828816	0.704696	0.618107	0.579875	0.575542	0.592687	0.610792	0.606623	0.563574	0.492654	0.395928	0.289246	0.168966	0.0439227	-0.0548218	-0.119844	-0.136641	-0.104192	-0.0316779	0.0820876	0.22177	0.35797	0.487936	0.591127	0.669977	0.728364	0.739883	0.702474	0.608217	0.462395	0.29131	0.126719	-0.00260429	-0.0749283	-0.0750142	-0.0123046	0.0930433	0.2131	0.320994	0.394626	0.412692	0.363976	0.232254	0.0234725	-0.238693	-0.515087	-0.739151	-0.866732	-0.866732	
0.894097	0.75814	0.643594	0.569681	0.544753	0.568088	0.622988	0.675939	0.694941	0.669668	0.604446	0.5058	0.38445	0.244879	0.0943753	-0.0377181	-0.136641	-0.188954	-0.187415	-0.136395	-0.0395646	0.0857655	0.219466	0.351515	0.468094	0.56623	0.641224	0.676138	0.657246	0.574436	0.438958	0.273504	0.10997	-0.0159897	-0.0805637	-0.0744537	-0.00541619	0.102258	0.220882	0.327386	0.399351	0.417215	0.360994	0.219486	-0.00275864	-0.282461	-0.57441	-0.816796	-0.951247	-0.951247	
0.831649	0.694966	0.582061	0.513295	0.497698	0.54398	0.625181	0.704393	0.748679	0.747113	0.695202	0.601557	0.477419	0.334391	0.177729	0.0242709	-0.104192	-0.187415	-0.216709	-0.194432	-0.122557	-0.0167323	0.107115	0.235449	0.359464	0.469234	0.554145	0.606157	0.600138	0.529376	0.410643	0.255755	0.0975101	-0.0218248	-0.0774419	-0.0652919	0.0148446	0.129983	0.248557	0.356812	0.421291	0.432451	0.37195	0.219567	-0.0231973	-0.325293	-0.629703	-0.887173	-1.03297	-1.03297	
0.777092	0.63658	0.521962	0.457784	0.44822	0.507063	0.60287	0.699684	0.773837	0.805986	0.773915	0.69459	0.580341	0.443019	0.28433	0.115395	-0.0316779	-0.136395	-0.194432	-0.199599	-0.159865	-0.0808712	0.0229735	0.13992	0.268069	0.389667	0.487505	0.554283	0.561862	0.501246	0.395834	0.243399	0.0886365	-0.0243646	-0.0781125	-0.0581222	0.0251801	0.144187	0.265459	0.374074	0.44532	0.456821	0.386186	0.222281	-0.0323884	-0.349453	-0.669801	-0.936178	-1.0796	-1.0796	
0.724427	0.579085	0.464697	0.406807	0.405624	0.46675	0.569265	0.685421	0.788882	0.849214	0.843072	0.787107	0.692882	0.566797	0.411229	0.23966	0.0820876	-0.0395646	-0.122557	-0.159865	-0.151118	-0.102094	-0.0236543	0.0807427	0.207788	0.333888	0.440366	0.519823	0.541298	0.492117	0.391894	0.243784	0.0898792	-0.023694	-0.0782842	-0.0635048	0.0159233	0.132537	0.256335	0.372065	0.450039	0.466345	0.397798	0.2314	-0.0284775	-0.349655	-0.672842	-0.940126	-1.086	-1.086	
0.683073	0.539228	0.429164	0.376095	0.380501	0.440705	0.547954	0.682341	0.804755	0.884113	0.907429	0.876997	0.803705	0.691862	0.542526	0.377975	0.22177	0.0857655	-0.0167323	-0.0808712	-0.102094	-0.0850672	-0.0304101	0.058446	0.172025	0.297953	0.412922	0.502344	0.536684	0.499238	0.401469	0.263426	0.111915	-0.0104654	-0.0735793	-0.0735957	-0.00374977	0.106221	0.229467	0.347931	0.428387	0.451856	0.39435	0.237352	-0.017099	-0.327287	-0.637154	-0.896138	-1.04136	-1.04136	
0.658099	0.521243	0.420942	0.374268	0.386052	0.445634	0.55438	0.689593	0.817889	0.908558	0.958401	0.954661	0.899442	0.797158	0.659329	0.510544	0.35797	0.219466	0.107115	0.0229735	-0.0236543	-0.0304101	-0.00377977	0.0631904	0.160102	0.281902	0.408547	0.503451	0.544006	0.516585	0.431087	0.305106	0.160172	0.0341227	-0.0448426	-0.0616391	-0.01482	0.0778622	0.192309	0.304425	0.39209	0.420018	0.368343	0.224746	-0.00515819	-0.288555	-0.582537	-0.815965	-0.943259	-0.943259	
0.637588	0.515325	0.425003	0.384538	0.403318	0.467132	0.570519	0.697421	0.818459	0.911557	0.979815	0.993895	0.955256	0.870044	0.753978	0.626908	0.487936	0.351515	0.235449	0.13992	0.0807427	0.058446	0.0631904	0.10878	0.187375	0.30226	0.4254	0.512044	0.55683	0.54724	0.477973	0.36991	0.234659	0.107464	0.0174401	-0.0210565	-0.000408661	0.0635635	0.158025	0.257847	0.34116	0.375316	0.33775	0.209898	-0.00212593	-0.254389	-0.5095	-0.710852	-0.824347	-0.824347	
0.622245	0.511833	0.427659	0.391313	0.416728	0.479433	0.57393	0.690709	0.802644	0.898809	0.979144	1.00286	0.973505	0.907378	0.811779	0.707024	0.591127	0.468094	0.359464	0.268069	0.207788	0.172025	0.160102	0.187375	0.251878	0.358002	0.470227	0.554188	0.608418	0.610587	0.547689	0.4517	0.326629	0.197844	0.0982147	0.035279	0.0243312	0.0590144	0.131966	0.220811	0.297501	0.331119	0.300295	0.188383	0.00523636	-0.210186	-0.427101	-0.596753	-0.69269	-0.69269	
0.601339	0.49715	0.414765	0.384421	0.414821	0.480003	0.564176	0.663226	0.769898	0.865018	0.94136	0.976149	0.963013	0.913214	0.844354	0.76499	0.669977	0.56623	0.469234	0.389667	0.333888	0.297953	0.281902	0.30226	0.358002	0.445689	0.546482	0.631082	0.681248	0.681168	0.630933	0.546322	0.434782	0.307502	0.186834	0.0970043	0.0551061	0.0670008	0.122312	0.197159	0.266685	0.296519	0.267733	0.172545	0.0230972	-0.156501	-0.339199	-0.477142	-0.551165	-0.551165	
0.565277	0.46745	0.395065	0.376053	0.406139	0.468369	0.542692	0.632703	0.727173	0.814386	0.882253	0.922187	0.922723	0.894951	0.854078	0.798365	0.728364	0.641224	0.554145	0.487505	0.440366	0.412922	0.408547	0.4254	0.470227	0.546482	0.636135	0.712121	0.752897	0.753965	0.72265	0.657798	0.555645	0.426907	0.29236	0.181995	0.115005	0.0973425	0.128701	0.186414	0.246391	0.278721	0.256003	0.175159	0.0424708	-0.108701	-0.243857	-0.348961	-0.404721	-0.404721	
0.521812	0.431358	0.374	0.36598	0.395396	0.445866	0.513492	0.59324	0.674821	0.751185	0.809734	0.849478	0.854193	0.838349	0.818148	0.785266	0.739883	0.676138	0.606157	0.554283	0.519823	0.502344	0.503451	0.512044	0.554188	0.631082	0.712121	0.783695	0.82333	0.836231	0.824671	0.77462	0.684519	0.561761	0.428634	0.300488	0.203932	0.158646	0.163615	0.206687	0.254691	0.279848	0.255717	0.18116	0.0708448	-0.0523908	-0.154988	-0.228836	-0.265007	-0.265007	
0.460761	0.388014	0.348254	0.346719	0.372163	0.41957	0.484406	0.549148	0.613218	0.672128	0.71171	0.741005	0.746353	0.739539	0.739644	0.729148	0.702474	0.657246	0.600138	0.561862	0.541298	0.536684	0.544006	0.55683	0.608418	0.681248	0.752897	0.82333	0.875692	0.913238	0.928051	0.90399	0.841228	0.737217	0.599711	0.453153	0.331156	0.260518	0.239462	0.253942	0.282342	0.289481	0.252111	0.183716	0.0962214	0.0049075	-0.0671039	-0.117856	-0.139244	-0.139244	
0.375122	0.322086	0.305932	0.319079	0.34647	0.393626	0.453553	0.504709	0.547217	0.583749	0.603652	0.611889	0.609421	0.607722	0.620841	0.623467	0.608217	0.574436	0.529376	0.501246	0.492117	0.499238	0.516585	0.54724	0.610587	0.681168	0.753965	0.836231	0.913238	0.977921	1.02749	1.05086	1.02553	0.941279	0.804925	0.648092	0.500689	0.393182	0.336152	0.312113	0.308063	0.291764	0.248125	0.187131	0.110466	0.0437372	0.00826293	-0.00835912	-0.0133135	-0.0133135	
0.260195	0.232317	0.237888	0.264996	0.307069	0.359127	0.414562	0.454824	0.482155	0.50021	0.500743	0.482359	0.465146	0.458802	0.46516	0.468532	0.462395	0.438958	0.410643	0.395834	0.391894	0.401469	0.431087	0.477973	0.547689	0.630933	0.72265	0.824671	0.928051	1.02749	1.12114	1.19434	1.20448	1.14111	1.02045	0.857788	0.684451	0.540632	0.437579	0.372964	0.336412	0.297007	0.243669	0.177224	0.11721	0.0807211	0.0716675	0.0876169	0.0995219	0.0995219	
0.138542	0.136379	0.159072	0.20154	0.259662	0.32202	0.378202	0.41549	0.435337	0.432669	0.403905	0.360449	0.326363	0.307012	0.302718	0.301159	0.29131	0.273504	0.255755	0.243399	0.243784	0.263426	0.305106	0.36991	0.4517	0.546322	0.657798	0.77462	0.90399	1.05086	1.19434	1.30459	1.34851	1.31635	1.20907	1.04525	0.853031	0.677846	0.537142	0.433133	0.363888	0.295176	0.227272	0.163389	0.122121	0.11541	0.131142	0.167451	0.189657	0.189657	
0.0292792	0.04797	0.0886432	0.152161	0.224756	0.29908	0.353651	0.390463	0.404513	0.379624	0.32919	0.269143	0.218988	0.18276	0.160065	0.142284	0.126719	0.10997	0.0975101	0.0886365	0.0898792	0.111915	0.160172	0.234659	0.326629	0.434782	0.555645	0.684519	0.841228	1.02553	1.20448	1.34851	1.43428	1.4397	1.34982	1.19122	0.99379	0.792181	0.62146	0.484114	0.373021	0.279601	0.205226	0.147724	0.118946	0.132304	0.176975	0.234287	0.27151	0.27151	
-0.0606111	-0.0208707	0.0402038	0.118783	0.205086	0.285793	0.344178	0.382958	0.385151	0.345696	0.279399	0.207292	0.143995	0.0929052	0.0485349	0.0163928	-0.00260429	-0.0159897	-0.0218248	-0.0243646	-0.023694	-0.0104654	0.0341227	0.107464	0.197844	0.307502	0.426907	0.561761	0.737217	0.941279	1.14111	1.31635	1.4397	1.47275	1.40681	1.26765	1.07668	0.862725	0.668431	0.508903	0.37542	0.271873	0.190548	0.128717	0.112993	0.144181	0.204415	0.275253	0.32301	0.32301	
-0.117581	-0.051818	0.0252772	0.110106	0.202633	0.284601	0.348279	0.386532	0.382035	0.332255	0.25429	0.180587	0.108787	0.0452903	-0.00938379	-0.04932	-0.0749283	-0.0805637	-0.0774419	-0.0781125	-0.0782842	-0.0735793	-0.0448426	0.0174401	0.0982147	0.186834	0.29236	0.428634	0.599711	0.804925	1.02045	1.20907	1.34982	1.40681	1.37359	1.2628	1.08581	0.877186	0.674301	0.497848	0.350192	0.2401	0.156735	0.105298	0.10527	0.148246	0.225353	0.306679	0.356442	0.356442	
-0.161535	-0.0662347	0.0301354	0.122169	0.216142	0.305821	0.376156	0.408796	0.398134	0.344305	0.268958	0.195025	0.125392	0.0605563	-0.00106789	-0.0486227	-0.0750142	-0.0744537	-0.0652919	-0.0581222	-0.0635048	-0.0735957	-0.0616391	-0.0210565	0.035279	0.0970043	0.181995	0.300488	0.453153	0.648092	0.857788	1.04525	1.19122	1.26765	1.2628	1.17345	1.01649	0.817731	0.616466	0.437514	0.28515	0.174534	0.0945197	0.066771	0.0894781	0.147624	0.245374	0.335641	0.392678	0.392678	
-0.211956	-0.089618	0.0309855	0.139275	0.242906	0.341295	0.417246	0.448069	0.432935	0.387929	0.320038	0.249917	0.189425	0.126248	0.0630293	0.0148236	-0.0123046	-0.00541619	0.0148446	0.0251801	0.0159233	-0.00374977	-0.01482	-0.000408661	0.0243312	0.0551061	0.115005	0.203932	0.331156	0.500689	0.684451	0.853031	0.99379	1.07668	1.08581	1.01649	0.874161	0.688019	0.494124	0.320825	0.17887	0.0813359	0.0244811	0.0164961	0.060974	0.147054	0.260978	0.361135	0.421484	0.421484	
-0.268623	-0.112813	0.0292351	0.151643	0.271726	0.380828	0.459808	0.499763	0.492394	0.458409	0.403668	0.343204	0.287463	0.230526	0.168411	0.117366	0.0930433	0.102258	0.129983	0.144187	0.132537	0.106221	0.0778622	0.0635635	0.0590144	0.0670008	0.0973425	0.158646	0.260518	0.393182	0.540632	0.677846	0.792181	0.862725	0.877186	0.817731	0.688019	0.522631	0.335381	0.163457	0.0326822	-0.0466089	-0.0705406	-0.047695	0.0264044	0.14114	0.270462	0.385317	0.454517	0.454517	
-0.336113	-0.15847	0.0115536	0.163623	0.30159	0.420741	0.50784	0.552211	0.55622	0.534561	0.494772	0.44436	0.396107	0.346067	0.287919	0.23732	0.2131	0.220882	0.248557	0.265459	0.256335	0.229467	0.192309	0.158025	0.131966	0.122312	0.128701	0.163615	0.239462	0.336152	0.437579	0.537142	0.62146	0.668431	0.674301	0.616466	0.494124	0.335381	0.154448	-0.00331249	-0.114494	-0.177932	-0.179984	-0.119935	-0.00923927	0.132081	0.279533	0.403776	0.476601	0.476601	
-0.40246	-0.216924	-0.0207937	0.16637	0.322407	0.449369	0.539031	0.586219	0.60111	0.591432	0.564831	0.528625	0.48713	0.440846	0.390018	0.345211	0.320994	0.327386	0.356812	0.374074	0.372065	0.347931	0.304425	0.257847	0.220811	0.197159	0.186414	0.206687	0.253942	0.312113	0.372964	0.433133	0.484114	0.508903	0.497848	0.437514	0.320825	0.163457	-0.00331249	-0.148755	-0.246924	-0.285836	-0.263019	-0.17561	-0.0392785	0.12402	0.290616	0.421827	0.489984	0.489984	
-0.446008	-0.252833	-0.0395987	0.168329	0.334401	0.461633	0.548717	0.600906	0.6199	0.615219	0.599647	0.569892	0.528655	0.490548	0.450509	0.412022	0.394626	0.399351	0.421291	0.44532	0.450039	0.428387	0.39209	0.34116	0.297501	0.266685	0.246391	0.254691	0.282342	0.308063	0.336412	0.363888	0.373021	0.37542	0.350192	0.28515	0.17887	0.0326822	-0.114494	-0.246924	-0.335339	-0.3534	-0.301783	-0.187748	-0.0330433	0.142614	0.312018	0.44654	0.522042	0.522042	
-0.454208	-0.260444	-0.0335108	0.185994	0.357304	0.475193	0.551272	0.591087	0.605988	0.601845	0.589826	0.562273	0.521969	0.486242	0.456184	0.427882	0.412692	0.417215	0.432451	0.456821	0.466345	0.451856	0.420018	0.375316	0.331119	0.296519	0.278721	0.279848	0.289481	0.291764	0.297007	0.295176	0.279601	0.271873	0.2401	0.174534	0.0813359	-0.0466089	-0.177932	-0.285836	-0.3534	-0.35725	-0.283861	-0.15485	0.0162113	0.211405	0.381851	0.510712	0.5854	0.5854	
-0.414494	-0.218093	0.00797579	0.220751	0.39207	0.500342	0.559181	0.57999	0.578101	0.561373	0.539024	0.500368	0.458882	0.423496	0.397051	0.378917	0.363976	0.360994	0.37195	0.386186	0.397798	0.39435	0.368343	0.33775	0.300295	0.267733	0.256003	0.255717	0.252111	0.248125	0.243669	0.227272	0.205226	0.190548	0.156735	0.0945197	0.0244811	-0.0705406	-0.179984	-0.263019	-0.301783	-0.283861	-0.195853	-0.0517801	0.131071	0.330391	0.499745	0.622406	0.691258	0.691258	
-0.325642	-0.124129	0.0897894	0.294767	0.452419	0.541257	0.579752	0.573708	0.544281	0.50869	0.463242	0.399881	0.346969	0.300586	0.268357	0.248928	0.232254	0.219486	0.219567	0.222281	0.2314	0.237352	0.224746	0.209898	0.188383	0.172545	0.175159	0.18116	0.183716	0.187131	0.177224	0.163389	0.147724	0.128717	0.105298	0.066771	0.0164961	-0.047695	-0.119935	-0.17561	-0.187748	-0.15485	-0.0517801	0.115223	0.30158	0.491243	0.658169	0.780748	0.839952	0.839952	
-0.205705	-0.00171387	0.203915	0.392418	0.533516	0.60845	0.618174	0.579512	0.521187	0.449345	0.365961	0.278989	0.197104	0.132156	0.0850339	0.0484139	0.0234725	-0.00275864	-0.0231973	-0.0323884	-0.0284775	-0.017099	-0.00515819	-0.00212593	0.00523636	0.0230972	0.0424708	0.0708448	0.0962214	0.110466	0.11721	0.122121	0.118946	0.112993	0.10527	0.0894781	0.060974	0.0264044	-0.00923927	-0.0392785	-0.0330433	0.0162113	0.131071	0.30158	0.492768	0.683143	0.841857	0.958591	1.01041	1.01041	
-0.0815082	0.121946	0.324853	0.493086	0.61746	0.682204	0.666748	0.600042	0.506278	0.385767	0.257194	0.135702	0.0205007	-0.0693785	-0.140117	-0.196156	-0.238693	-0.282461	-0.325293	-0.349453	-0.349655	-0.327287	-0.288555	-0.254389	-0.210186	-0.156501	-0.108701	-0.0523908	0.0049075	0.0437372	0.0807211	0.11541	0.132304	0.144181	0.148246	0.147624	0.147054	0.14114	0.132081	0.12402	0.142614	0.211405	0.330391	0.491243	0.683143	0.870757	1.01516	1.11358	1.16647	1.16647	
0.0246454	0.228718	0.43065	0.590981	0.69886	0.742242	0.709935	0.618815	0.486146	0.327584	0.159945	-0.00213722	-0.144695	-0.272299	-0.375387	-0.448471	-0.515087	-0.57441	-0.629703	-0.669801	-0.672842	-0.637154	-0.582537	-0.5095	-0.427101	-0.339199	-0.243857	-0.154988	-0.0671039	0.00826293	0.0716675	0.131142	0.176975	0.204415	0.225353	0.245374	0.260978	0.270462	0.279533	0.290616	0.312018	0.381851	0.499745	0.658169	0.841857	1.01516	1.15597	1.24305	1.28939	1.28939	
0.0975109	0.310009	0.50756	0.659368	0.757913	0.787012	0.744979	0.640243	0.475999	0.280254	0.0765215	-0.114355	-0.285125	-0.437946	-0.563535	-0.65658	-0.739151	-0.816796	-0.887173	-0.936178	-0.940126	-0.896138	-0.815965	-0.710852	-0.596753	-0.477142	-0.348961	-0.228836	-0.117856	-0.00835912	0.0876169	0.167451	0.234287	0.275253	0.306679	0.335641	0.361135	0.385317	0.403776	0.421827	0.44654	0.510712	0.622406	0.780748	0.958591	1.11358	1.24305	1.32789	1.36835	1.36835	
0.132139	0.349477	0.54005	0.697343	0.788511	0.807335	0.762286	0.646813	0.466464	0.251806	0.0281782	-0.173649	-0.364188	-0.533767	-0.668436	-0.779778	-0.866732	-0.951247	-1.03297	-1.0796	-1.086	-1.04136	-0.943259	-0.824347	-0.69269	-0.551165	-0.404721	-0.265007	-0.139244	-0.0133135	0.0995219	0.189657	0.27151	0.32301	0.356442	0.392678	0.421484	0.454517	0.476601	0.489984	0.522042	0.5854	0.691258	0.839952	1.01041	1.16647	1.28939	1.36835	1.40077	1.40077	
0.132139	0.349477	0.54005	0.697343	0.788511	0.807335	0.762286	0.646813	0.466464	0.251806	0.0281782	-0.173649	-0.364188	-0.533767	-0.668436	-0.779778	-0.866732	-0.951247	-1.03297	-1.0796	-1.086	-1.04136	-0.943259	-0.824347	-0.69269	-0.551165	-0.404721	-0.265007	-0.139244	-0.0133135	0.0995219	0.189657	0.27151	0.32301	0.356442	0.392678	0.421484	0.454517	0.476601	0.489984	0.522042	0.5854	0.691258	0.839952	1.01041	1.16647	1.28939	1.36835	1.40077	1.40077	
