-0.203026	-0.157572	-0.103693	-0.045413	0.000559509	0.0299902	0.0332546	0.00957958	-0.0410981	-0.113673	-0.179771	-0.245006	-0.312034	-0.375018	-0.419553	-0.467158	-0.523925	-0.587927	-0.655985	-0.730644	-0.794762	-0.837915	-0.864994	-0.878007	-0.870187	-0.846287	-0.795539	-0.712152	-0.608531	-0.481882	-0.336219	-0.177786	-0.0371496	0.0840843	0.192099	0.275688	0.321881	0.331324	0.336329	0.345086	0.36095	0.393069	0.438806	0.5004	0.567273	0.631179	0.680243	0.711755	0.731721	0.731721	
-0.157572	-0.0964313	-0.031497	0.0282728	0.0735573	0.108431	0.125379	0.114541	0.068624	-0.0112527	-0.102796	-0.1931	-0.276816	-0.346309	-0.394785	-0.438964	-0.488617	-0.544807	-0.609886	-0.68382	-0.75208	-0.811313	-0.864945	-0.908189	-0.930304	-0.934046	-0.904152	-0.839286	-0.745385	-0.616631	-0.462995	-0.295069	-0.14606	-0.0139135	0.116492	0.2275	0.302729	0.339526	0.357588	0.370053	0.384741	0.414606	0.460727	0.523309	0.596734	0.662652	0.707748	0.74393	0.77096	0.77096	
-0.103693	-0.031497	0.0308472	0.0806324	0.122441	0.159734	0.190243	0.193808	0.158718	0.0773715	-0.0351615	-0.147222	-0.24229	-0.315352	-0.361716	-0.397149	-0.431366	-0.474332	-0.529389	-0.594757	-0.664428	-0.73848	-0.818968	-0.891662	-0.945565	-0.975746	-0.972534	-0.930503	-0.856338	-0.738223	-0.584256	-0.419642	-0.266298	-0.123628	0.0195676	0.149034	0.251269	0.321624	0.369654	0.397533	0.418254	0.447305	0.488676	0.544919	0.611856	0.672717	0.71191	0.752187	0.784809	0.784809	
-0.045413	0.0282728	0.0806324	0.122689	0.163994	0.205445	0.239507	0.243929	0.213351	0.138509	0.0239302	-0.0895204	-0.185688	-0.258292	-0.307103	-0.337879	-0.361182	-0.391415	-0.427787	-0.475138	-0.536883	-0.617665	-0.715295	-0.812218	-0.898648	-0.955605	-0.979663	-0.966501	-0.913815	-0.814636	-0.674726	-0.52509	-0.372661	-0.22554	-0.0773335	0.0580997	0.172619	0.275414	0.355452	0.407445	0.438227	0.464205	0.495696	0.53811	0.590574	0.641274	0.679216	0.716986	0.750548	0.750548	
0.000559509	0.0735573	0.122441	0.163994	0.209201	0.250389	0.27995	0.283037	0.258436	0.196018	0.0931754	-0.00963484	-0.105551	-0.179079	-0.226143	-0.255539	-0.276609	-0.295388	-0.318086	-0.349812	-0.398507	-0.468575	-0.562946	-0.667396	-0.769578	-0.850298	-0.902628	-0.92166	-0.897616	-0.82762	-0.716897	-0.590507	-0.446221	-0.297733	-0.152678	-0.0254654	0.0890614	0.203298	0.302937	0.375363	0.412227	0.435057	0.45722	0.482535	0.51949	0.560009	0.593482	0.627904	0.652235	0.652235	
0.0299902	0.108431	0.159734	0.205445	0.250389	0.295269	0.328783	0.335863	0.313406	0.259752	0.169901	0.0762357	-0.0182793	-0.090651	-0.135851	-0.169033	-0.190174	-0.202077	-0.213986	-0.231128	-0.259974	-0.30847	-0.382799	-0.481429	-0.581703	-0.674498	-0.751559	-0.796259	-0.803559	-0.767833	-0.695749	-0.599124	-0.46895	-0.330209	-0.196401	-0.0802774	0.0241888	0.13323	0.231842	0.306581	0.344249	0.360675	0.371632	0.379395	0.393509	0.414925	0.436821	0.458247	0.470131	0.470131	
0.0332546	0.125379	0.190243	0.239507	0.27995	0.328783	0.368993	0.38017	0.361622	0.31475	0.241925	0.158779	0.0644881	-0.00661402	-0.0577556	-0.100142	-0.121324	-0.124977	-0.12327	-0.123654	-0.125447	-0.145886	-0.197045	-0.272383	-0.359076	-0.453624	-0.54429	-0.613247	-0.648738	-0.649762	-0.616398	-0.546772	-0.437839	-0.316931	-0.201762	-0.0975431	-0.00473072	0.0840453	0.162992	0.221042	0.252019	0.261102	0.25661	0.243382	0.222421	0.208774	0.204272	0.200602	0.197842	0.197842	
0.00957958	0.114541	0.193808	0.243929	0.283037	0.335863	0.38017	0.394614	0.380036	0.346212	0.294403	0.224651	0.145519	0.0713522	0.00710581	-0.0478987	-0.070865	-0.0673546	-0.0516463	-0.0272434	-0.0018753	0.0082521	-0.0101613	-0.0549473	-0.117614	-0.204084	-0.304223	-0.392191	-0.460606	-0.49776	-0.500386	-0.455232	-0.367106	-0.267501	-0.166559	-0.0758325	0.00517576	0.065255	0.105946	0.135281	0.146945	0.142842	0.121502	0.0792752	0.0208623	-0.0340497	-0.07676	-0.107478	-0.130199	-0.130199	
-0.0410981	0.068624	0.158718	0.213351	0.258436	0.313406	0.361622	0.380036	0.374786	0.354349	0.321633	0.277044	0.214854	0.141817	0.0627321	-0.00272957	-0.0322265	-0.0279905	0.000612034	0.0475455	0.100323	0.144259	0.163169	0.152988	0.113353	0.0381028	-0.0612735	-0.164955	-0.256761	-0.322576	-0.352088	-0.331908	-0.266143	-0.186259	-0.102408	-0.0233795	0.0394991	0.0707384	0.0714753	0.0631582	0.044644	0.0154126	-0.0324909	-0.106609	-0.198994	-0.289376	-0.361108	-0.41987	-0.460543	-0.460543	
-0.113673	-0.0112527	0.0773715	0.138509	0.196018	0.259752	0.31475	0.346212	0.354349	0.351017	0.341821	0.319803	0.269664	0.193627	0.104829	0.0278625	-0.0133222	-0.0137533	0.0239896	0.0852498	0.163035	0.241427	0.298671	0.323335	0.30573	0.251324	0.162759	0.0577327	-0.0405771	-0.117366	-0.164886	-0.170482	-0.132667	-0.0777211	-0.0170404	0.041162	0.0808297	0.0851141	0.0572562	0.0114351	-0.0406213	-0.103421	-0.183771	-0.287315	-0.412219	-0.526544	-0.622089	-0.705293	-0.764175	-0.764175	
-0.179771	-0.102796	-0.0351615	0.0239302	0.0931754	0.169901	0.241925	0.294403	0.321633	0.341821	0.353005	0.338004	0.292823	0.220687	0.127035	0.0361795	-0.0229499	-0.0372764	-0.00549314	0.0621681	0.163005	0.278959	0.38006	0.442405	0.454625	0.427037	0.35617	0.261857	0.177134	0.105993	0.0526293	0.0249582	0.0289224	0.0528593	0.0837049	0.113094	0.129187	0.114861	0.0667292	-0.00575126	-0.0970162	-0.198156	-0.311775	-0.448498	-0.597321	-0.730351	-0.840327	-0.93583	-1.00608	-1.00608	
-0.245006	-0.1931	-0.147222	-0.0895204	-0.00963484	0.0762357	0.158779	0.224651	0.277044	0.319803	0.338004	0.321427	0.275335	0.203073	0.103696	0.00234693	-0.0676729	-0.0910713	-0.0687965	0.000858484	0.118864	0.260411	0.394648	0.493553	0.54126	0.542006	0.495184	0.42348	0.361054	0.307754	0.260512	0.220748	0.20222	0.198705	0.201861	0.206825	0.197643	0.167654	0.104395	0.00752819	-0.116746	-0.254029	-0.400711	-0.562615	-0.73084	-0.87853	-0.993432	-1.09151	-1.15717	-1.15717	
-0.312034	-0.276816	-0.24229	-0.185688	-0.105551	-0.0182793	0.0644881	0.145519	0.214854	0.269664	0.292823	0.275335	0.227054	0.145534	0.0353396	-0.0759069	-0.153951	-0.1884	-0.173557	-0.0985257	0.0322489	0.185524	0.342778	0.472663	0.556759	0.590762	0.581199	0.547245	0.512152	0.479355	0.438772	0.396918	0.35889	0.33626	0.31675	0.299969	0.27559	0.229304	0.158876	0.0471389	-0.0974432	-0.262935	-0.436958	-0.616264	-0.793868	-0.945072	-1.06177	-1.14353	-1.19391	-1.19391	
-0.375018	-0.346309	-0.315352	-0.258292	-0.179079	-0.090651	-0.00661402	0.0713522	0.141817	0.193627	0.220687	0.203073	0.145534	0.0484556	-0.0711446	-0.188486	-0.275001	-0.317182	-0.303769	-0.220801	-0.0881155	0.0658342	0.233593	0.383835	0.495372	0.569015	0.608106	0.618942	0.614055	0.600056	0.573192	0.538671	0.501759	0.468399	0.434637	0.398309	0.352072	0.291296	0.209126	0.0946845	-0.052609	-0.228959	-0.41605	-0.596046	-0.76811	-0.918701	-1.03118	-1.10337	-1.13402	-1.13402	
-0.419553	-0.394785	-0.361716	-0.307103	-0.226143	-0.135851	-0.0577556	0.00710581	0.0627321	0.104829	0.127035	0.103696	0.0353396	-0.0711446	-0.194775	-0.319155	-0.416365	-0.462717	-0.446195	-0.361904	-0.231485	-0.074962	0.0954091	0.251027	0.383909	0.494164	0.583339	0.641581	0.667808	0.67844	0.672378	0.656797	0.630569	0.599225	0.554031	0.498413	0.434471	0.352009	0.255906	0.138278	-0.00944635	-0.186661	-0.370692	-0.536726	-0.68171	-0.812006	-0.913669	-0.968071	-0.987313	-0.987313	
-0.467158	-0.438964	-0.397149	-0.337879	-0.255539	-0.169033	-0.100142	-0.0478987	-0.00272957	0.0278625	0.0361795	0.00234693	-0.0759069	-0.188486	-0.319155	-0.452179	-0.554603	-0.603271	-0.59284	-0.516317	-0.387171	-0.223067	-0.0483384	0.115124	0.268117	0.411897	0.539753	0.635325	0.693741	0.733757	0.755478	0.763182	0.75443	0.721659	0.664983	0.589488	0.50056	0.395304	0.277718	0.15076	0.00662625	-0.160137	-0.323221	-0.454107	-0.559771	-0.654945	-0.731032	-0.772881	-0.783934	-0.783934	
-0.523925	-0.488617	-0.431366	-0.361182	-0.276609	-0.190174	-0.121324	-0.070865	-0.0322265	-0.0133222	-0.0229499	-0.0676729	-0.153951	-0.275001	-0.416365	-0.554603	-0.663544	-0.72708	-0.734279	-0.669944	-0.53839	-0.363367	-0.176344	0.00797474	0.183324	0.351723	0.501233	0.621045	0.708715	0.77615	0.828043	0.857322	0.860522	0.822171	0.751545	0.654977	0.538525	0.405878	0.263898	0.127124	-0.00988081	-0.152978	-0.279535	-0.368126	-0.431556	-0.487874	-0.536126	-0.562482	-0.570308	-0.570308	
-0.587927	-0.544807	-0.474332	-0.391415	-0.295388	-0.202077	-0.124977	-0.0673546	-0.0279905	-0.0137533	-0.0372764	-0.0910713	-0.1884	-0.317182	-0.462717	-0.603271	-0.72708	-0.81621	-0.838716	-0.781205	-0.649452	-0.46394	-0.257658	-0.0472649	0.150789	0.33223	0.491008	0.624178	0.729793	0.812936	0.885908	0.927423	0.930338	0.885914	0.803135	0.687315	0.544418	0.380925	0.212809	0.068611	-0.0606079	-0.175919	-0.263416	-0.314255	-0.336929	-0.356147	-0.372204	-0.373958	-0.372096	-0.372096	
-0.655985	-0.609886	-0.529389	-0.427787	-0.318086	-0.213986	-0.12327	-0.0516463	0.000612034	0.0239896	-0.00549314	-0.0687965	-0.173557	-0.303769	-0.446195	-0.59284	-0.734279	-0.838716	-0.865083	-0.808029	-0.677547	-0.49032	-0.269471	-0.0405484	0.168174	0.354425	0.516421	0.65239	0.75902	0.847546	0.92461	0.963123	0.962654	0.907218	0.815579	0.684756	0.510751	0.317826	0.126284	-0.0258199	-0.140341	-0.229022	-0.285025	-0.301053	-0.293515	-0.28423	-0.272952	-0.252902	-0.23412	-0.23412	
-0.730644	-0.68382	-0.594757	-0.475138	-0.349812	-0.231128	-0.123654	-0.0272434	0.0475455	0.0852498	0.0621681	0.000858484	-0.0985257	-0.220801	-0.361904	-0.516317	-0.669944	-0.781205	-0.808029	-0.750456	-0.622	-0.435687	-0.209254	0.0232534	0.233224	0.418464	0.575218	0.704027	0.806606	0.887283	0.954099	0.978992	0.956724	0.886254	0.777429	0.625215	0.430236	0.212544	0.00626782	-0.148308	-0.251673	-0.319709	-0.351499	-0.340969	-0.306634	-0.272086	-0.241472	-0.199021	-0.16471	-0.16471	
-0.794762	-0.75208	-0.664428	-0.536883	-0.398507	-0.259974	-0.125447	-0.0018753	0.100323	0.163035	0.163005	0.118864	0.0322489	-0.0881155	-0.231485	-0.387171	-0.53839	-0.649452	-0.677547	-0.622	-0.501338	-0.327166	-0.111064	0.115324	0.325695	0.5078	0.657928	0.779542	0.870153	0.934393	0.975549	0.970158	0.918283	0.820373	0.687414	0.518317	0.312923	0.0909309	-0.11802	-0.273382	-0.373007	-0.429821	-0.446648	-0.419781	-0.364984	-0.314644	-0.271707	-0.220848	-0.180652	-0.180652	
-0.837915	-0.811313	-0.73848	-0.617665	-0.468575	-0.30847	-0.145886	0.0082521	0.144259	0.241427	0.278959	0.260411	0.185524	0.0658342	-0.074962	-0.223067	-0.363367	-0.46394	-0.49032	-0.435687	-0.327166	-0.175856	0.0190839	0.231164	0.431926	0.603121	0.746091	0.858909	0.932804	0.974579	0.98173	0.942613	0.856151	0.724502	0.563904	0.379758	0.175955	-0.0320277	-0.227227	-0.380135	-0.47836	-0.531006	-0.542944	-0.510811	-0.451369	-0.394455	-0.346981	-0.303902	-0.269506	-0.269506	
-0.864994	-0.864945	-0.818968	-0.715295	-0.562946	-0.382799	-0.197045	-0.0101613	0.163169	0.298671	0.38006	0.394648	0.342778	0.233593	0.0954091	-0.0483384	-0.176344	-0.257658	-0.269471	-0.209254	-0.111064	0.0190839	0.186995	0.368272	0.540224	0.692609	0.824594	0.924839	0.976719	0.987316	0.95932	0.888009	0.767732	0.610754	0.430309	0.237379	0.0481918	-0.135366	-0.304836	-0.446862	-0.543548	-0.597239	-0.613513	-0.592307	-0.543019	-0.487401	-0.444688	-0.410948	-0.390416	-0.390416	
-0.878007	-0.908189	-0.891662	-0.812218	-0.667396	-0.481429	-0.272383	-0.0549473	0.152988	0.323335	0.442405	0.493553	0.472663	0.383835	0.251027	0.115124	0.00797474	-0.0472649	-0.0405484	0.0232534	0.115324	0.231164	0.368272	0.509374	0.642439	0.767918	0.881119	0.955913	0.977471	0.955638	0.898259	0.801204	0.665261	0.500719	0.318399	0.13413	-0.0375564	-0.190853	-0.332705	-0.454517	-0.544097	-0.60121	-0.631892	-0.635061	-0.608324	-0.573072	-0.540964	-0.522294	-0.511574	-0.511574	
-0.870187	-0.930304	-0.945565	-0.898648	-0.769578	-0.581703	-0.359076	-0.117614	0.113353	0.30573	0.454625	0.54126	0.556759	0.495372	0.383909	0.268117	0.183324	0.150789	0.168174	0.233224	0.325695	0.431926	0.540224	0.642439	0.735032	0.82392	0.900792	0.939762	0.93104	0.88644	0.808494	0.698381	0.55975	0.404331	0.239866	0.0804851	-0.0602699	-0.182948	-0.292913	-0.389721	-0.467847	-0.533926	-0.588553	-0.621519	-0.629034	-0.624111	-0.613568	-0.606378	-0.600356	-0.600356	
-0.846287	-0.934046	-0.975746	-0.955605	-0.850298	-0.674498	-0.453624	-0.204084	0.0381028	0.251324	0.427037	0.542006	0.590762	0.569015	0.494164	0.411897	0.351723	0.33223	0.354425	0.418464	0.5078	0.603121	0.692609	0.767918	0.82392	0.866318	0.889559	0.881143	0.846316	0.784937	0.69815	0.590309	0.462518	0.332503	0.20158	0.0824487	-0.0181985	-0.10848	-0.188545	-0.260691	-0.329099	-0.406485	-0.483216	-0.544234	-0.586688	-0.617569	-0.636346	-0.642442	-0.642893	-0.642893	
-0.795539	-0.904152	-0.972534	-0.979663	-0.902628	-0.751559	-0.54429	-0.304223	-0.0612735	0.162759	0.35617	0.495184	0.581199	0.608106	0.583339	0.539753	0.501233	0.491008	0.516421	0.575218	0.657928	0.746091	0.824594	0.881119	0.900792	0.889559	0.852121	0.795735	0.735457	0.663762	0.580988	0.487779	0.390699	0.300881	0.216098	0.148153	0.0901431	0.0347044	-0.0205096	-0.0768932	-0.144544	-0.2334	-0.329467	-0.414434	-0.488749	-0.555805	-0.600447	-0.629408	-0.641457	-0.641457	
-0.712152	-0.839286	-0.930503	-0.966501	-0.92166	-0.796259	-0.613247	-0.392191	-0.164955	0.0577327	0.261857	0.42348	0.547245	0.618942	0.641581	0.635325	0.621045	0.624178	0.65239	0.704027	0.779542	0.858909	0.924839	0.955913	0.939762	0.881143	0.795735	0.70232	0.621294	0.54676	0.471663	0.40807	0.353036	0.31805	0.2868	0.267007	0.252801	0.226512	0.192196	0.141095	0.0699317	-0.0275692	-0.136025	-0.243612	-0.349625	-0.445718	-0.519201	-0.571917	-0.605667	-0.605667	
-0.608531	-0.745385	-0.856338	-0.913815	-0.897616	-0.803559	-0.648738	-0.460606	-0.256761	-0.0405771	0.177134	0.361054	0.512152	0.614055	0.667808	0.693741	0.708715	0.729793	0.75902	0.806606	0.870153	0.932804	0.976719	0.977471	0.93104	0.846316	0.735457	0.621294	0.52952	0.452562	0.38916	0.357243	0.353211	0.372579	0.393416	0.416255	0.433828	0.43301	0.410169	0.361126	0.290446	0.193774	0.080347	-0.0434201	-0.17847	-0.302874	-0.399957	-0.480306	-0.531002	-0.531002	
-0.481882	-0.616631	-0.738223	-0.814636	-0.82762	-0.767833	-0.649762	-0.49776	-0.322576	-0.117366	0.105993	0.307754	0.479355	0.600056	0.67844	0.733757	0.77615	0.812936	0.847546	0.887283	0.934393	0.974579	0.987316	0.955638	0.88644	0.784937	0.663762	0.54676	0.452562	0.381985	0.340065	0.344982	0.387726	0.455722	0.516502	0.571488	0.613655	0.62504	0.608902	0.562163	0.492993	0.402665	0.291432	0.156046	0.00248111	-0.144843	-0.263754	-0.355733	-0.414513	-0.414513	
-0.336219	-0.462995	-0.584256	-0.674726	-0.716897	-0.695749	-0.616398	-0.500386	-0.352088	-0.164886	0.0526293	0.260512	0.438772	0.573192	0.672378	0.755478	0.828043	0.885908	0.92461	0.954099	0.975549	0.98173	0.95932	0.898259	0.808494	0.69815	0.580988	0.471663	0.38916	0.340065	0.329691	0.375909	0.459416	0.558032	0.64711	0.720843	0.770718	0.78781	0.772362	0.72626	0.660332	0.574871	0.468401	0.33244	0.169979	0.00840973	-0.122315	-0.219626	-0.273726	-0.273726	
-0.177786	-0.295069	-0.419642	-0.52509	-0.590507	-0.599124	-0.546772	-0.455232	-0.331908	-0.170482	0.0249582	0.220748	0.396918	0.538671	0.656797	0.763182	0.857322	0.927423	0.963123	0.978992	0.970158	0.942613	0.888009	0.801204	0.698381	0.590309	0.487779	0.40807	0.357243	0.344982	0.375909	0.453064	0.559812	0.668728	0.765777	0.838912	0.886584	0.90561	0.892984	0.84913	0.781396	0.69707	0.592633	0.458559	0.300529	0.144426	0.0158056	-0.0761466	-0.124432	-0.124432	
-0.0371496	-0.14606	-0.266298	-0.372661	-0.446221	-0.46895	-0.437839	-0.367106	-0.266143	-0.132667	0.0289224	0.20222	0.35889	0.501759	0.630569	0.75443	0.860522	0.930338	0.962654	0.956724	0.918283	0.856151	0.767732	0.665261	0.55975	0.462518	0.390699	0.353036	0.353211	0.387726	0.459416	0.559812	0.674387	0.782677	0.866761	0.922417	0.95422	0.967727	0.954563	0.908988	0.838048	0.755309	0.654544	0.526196	0.390749	0.264337	0.157883	0.0779029	0.0322461	0.0322461	
0.0840843	-0.0139135	-0.123628	-0.22554	-0.297733	-0.330209	-0.316931	-0.267501	-0.186259	-0.0777211	0.0528593	0.198705	0.33626	0.468399	0.599225	0.721659	0.822171	0.885914	0.907218	0.886254	0.820373	0.724502	0.610754	0.500719	0.404331	0.332503	0.300881	0.31805	0.372579	0.455722	0.558032	0.668728	0.782677	0.873526	0.939866	0.971916	0.982937	0.98789	0.964262	0.908351	0.831285	0.747246	0.648585	0.535575	0.435167	0.360005	0.298015	0.238854	0.203575	0.203575	
0.192099	0.116492	0.0195676	-0.0773335	-0.152678	-0.196401	-0.201762	-0.166559	-0.102408	-0.0170404	0.0837049	0.201861	0.31675	0.434637	0.554031	0.664983	0.751545	0.803135	0.815579	0.777429	0.687414	0.563904	0.430309	0.318399	0.239866	0.20158	0.216098	0.2868	0.393416	0.516502	0.64711	0.765777	0.866761	0.939866	0.982993	0.992278	0.985373	0.969585	0.928881	0.859263	0.773691	0.69212	0.605255	0.515453	0.456971	0.432066	0.409634	0.383874	0.363224	0.363224	
0.275688	0.2275	0.149034	0.0580997	-0.0254654	-0.0802774	-0.0975431	-0.0758325	-0.0233795	0.041162	0.113094	0.206825	0.299969	0.398309	0.498413	0.589488	0.654977	0.687315	0.684756	0.625215	0.518317	0.379758	0.237379	0.13413	0.0804851	0.0824487	0.148153	0.267007	0.416255	0.571488	0.720843	0.838912	0.922417	0.971916	0.992278	0.984745	0.955335	0.916967	0.855611	0.769119	0.678337	0.603689	0.538941	0.487336	0.469508	0.481479	0.495008	0.501102	0.506447	0.506447	
0.321881	0.302729	0.251269	0.172619	0.0890614	0.0241888	-0.00473072	0.00517576	0.0394991	0.0808297	0.129187	0.197643	0.27559	0.352072	0.434471	0.50056	0.538525	0.544418	0.510751	0.430236	0.312923	0.175955	0.0481918	-0.0375564	-0.0602699	-0.0181985	0.0901431	0.252801	0.433828	0.613655	0.770718	0.886584	0.95422	0.982937	0.985373	0.955335	0.903394	0.836993	0.751774	0.650951	0.557257	0.496093	0.463208	0.454306	0.474999	0.517852	0.559294	0.597012	0.625396	0.625396	
0.331324	0.339526	0.321624	0.275414	0.203298	0.13323	0.0840453	0.065255	0.0707384	0.0851141	0.114861	0.167654	0.229304	0.291296	0.352009	0.395304	0.405878	0.380925	0.317826	0.212544	0.0909309	-0.0320277	-0.135366	-0.190853	-0.182948	-0.10848	0.0347044	0.226512	0.43301	0.62504	0.78781	0.90561	0.967727	0.98789	0.969585	0.916967	0.836993	0.737738	0.63055	0.520836	0.435792	0.397153	0.396344	0.424224	0.477643	0.547334	0.610835	0.668754	0.707121	0.707121	
0.336329	0.357588	0.369654	0.355452	0.302937	0.231842	0.162992	0.105946	0.0714753	0.0572562	0.0667292	0.104395	0.158876	0.209126	0.255906	0.277718	0.263898	0.212809	0.126284	0.00626782	-0.11802	-0.227227	-0.304836	-0.332705	-0.292913	-0.188545	-0.0205096	0.192196	0.410169	0.608902	0.772362	0.892984	0.954563	0.964262	0.928881	0.855611	0.751774	0.63055	0.51325	0.412934	0.352243	0.33788	0.358694	0.408559	0.48079	0.56792	0.646476	0.707124	0.745627	0.745627	
0.345086	0.370053	0.397533	0.407445	0.375363	0.306581	0.221042	0.135281	0.0631582	0.0114351	-0.00575126	0.00752819	0.0471389	0.0946845	0.138278	0.15076	0.127124	0.068611	-0.0258199	-0.148308	-0.273382	-0.380135	-0.446862	-0.454517	-0.389721	-0.260691	-0.0768932	0.141095	0.361126	0.562163	0.72626	0.84913	0.908988	0.908351	0.859263	0.769119	0.650951	0.520836	0.412934	0.343247	0.31466	0.324063	0.359382	0.417635	0.495922	0.58265	0.656453	0.712155	0.742708	0.742708	
0.36095	0.384741	0.418254	0.438227	0.412227	0.344249	0.252019	0.146945	0.044644	-0.0406213	-0.0970162	-0.116746	-0.0974432	-0.052609	-0.00944635	0.00662625	-0.00988081	-0.0606079	-0.140341	-0.251673	-0.373007	-0.47836	-0.543548	-0.544097	-0.467847	-0.329099	-0.144544	0.0699317	0.290446	0.492993	0.660332	0.781396	0.838048	0.831285	0.773691	0.678337	0.557257	0.435792	0.352243	0.31466	0.312753	0.334384	0.376609	0.440252	0.512748	0.58564	0.645734	0.693281	0.721247	0.721247	
0.393069	0.414606	0.447305	0.464205	0.435057	0.360675	0.261102	0.142842	0.0154126	-0.103421	-0.198156	-0.254029	-0.262935	-0.228959	-0.186661	-0.160137	-0.152978	-0.175919	-0.229022	-0.319709	-0.429821	-0.531006	-0.597239	-0.60121	-0.533926	-0.406485	-0.2334	-0.0275692	0.193774	0.402665	0.574871	0.69707	0.755309	0.747246	0.69212	0.603689	0.496093	0.397153	0.33788	0.324063	0.334384	0.360871	0.406632	0.468984	0.529831	0.579212	0.619899	0.656306	0.680488	0.680488	
0.438806	0.460727	0.488676	0.495696	0.45722	0.371632	0.25661	0.121502	-0.0324909	-0.183771	-0.311775	-0.400711	-0.436958	-0.41605	-0.370692	-0.323221	-0.279535	-0.263416	-0.285025	-0.351499	-0.446648	-0.542944	-0.613513	-0.631892	-0.588553	-0.483216	-0.329467	-0.136025	0.080347	0.291432	0.468401	0.592633	0.654544	0.648585	0.605255	0.538941	0.463208	0.396344	0.358694	0.359382	0.376609	0.406632	0.452104	0.505067	0.548433	0.574652	0.5921	0.611371	0.622933	0.622933	
0.5004	0.523309	0.544919	0.53811	0.482535	0.379395	0.243382	0.0792752	-0.106609	-0.287315	-0.448498	-0.562615	-0.616264	-0.596046	-0.536726	-0.454107	-0.368126	-0.314255	-0.301053	-0.340969	-0.419781	-0.510811	-0.592307	-0.635061	-0.621519	-0.544234	-0.414434	-0.243612	-0.0434201	0.156046	0.33244	0.458559	0.526196	0.535575	0.515453	0.487336	0.454306	0.424224	0.408559	0.417635	0.440252	0.468984	0.505067	0.542087	0.564183	0.57036	0.567075	0.561849	0.556872	0.556872	
0.567273	0.596734	0.611856	0.590574	0.51949	0.393509	0.222421	0.0208623	-0.198994	-0.412219	-0.597321	-0.73084	-0.793868	-0.76811	-0.68171	-0.559771	-0.431556	-0.336929	-0.293515	-0.306634	-0.364984	-0.451369	-0.543019	-0.608324	-0.629034	-0.586688	-0.488749	-0.349625	-0.17847	0.00248111	0.169979	0.300529	0.390749	0.435167	0.456971	0.469508	0.474999	0.477643	0.48079	0.495922	0.512748	0.529831	0.548433	0.564183	0.569405	0.558136	0.538371	0.515932	0.497592	0.497592	
0.631179	0.662652	0.672717	0.641274	0.560009	0.414925	0.208774	-0.0340497	-0.289376	-0.526544	-0.730351	-0.87853	-0.945072	-0.918701	-0.812006	-0.654945	-0.487874	-0.356147	-0.28423	-0.272086	-0.314644	-0.394455	-0.487401	-0.573072	-0.624111	-0.617569	-0.555805	-0.445718	-0.302874	-0.144843	0.00840973	0.144426	0.264337	0.360005	0.432066	0.481479	0.517852	0.547334	0.56792	0.58265	0.58564	0.579212	0.574652	0.57036	0.558136	0.53474	0.506809	0.479803	0.460493	0.460493	
0.680243	0.707748	0.71191	0.679216	0.593482	0.436821	0.204272	-0.07676	-0.361108	-0.622089	-0.840327	-0.993432	-1.06177	-1.03118	-0.913669	-0.731032	-0.536126	-0.372204	-0.272952	-0.241472	-0.271707	-0.346981	-0.444688	-0.540964	-0.613568	-0.636346	-0.600447	-0.519201	-0.399957	-0.263754	-0.122315	0.0158056	0.157883	0.298015	0.409634	0.495008	0.559294	0.610835	0.646476	0.656453	0.645734	0.619899	0.5921	0.567075	0.538371	0.506809	0.482221	0.463031	0.451251	0.451251	
0.711755	0.74393	0.752187	0.716986	0.627904	0.458247	0.200602	-0.107478	-0.41987	-0.705293	-0.93583	-1.09151	-1.14353	-1.10337	-0.968071	-0.772881	-0.562482	-0.373958	-0.252902	-0.199021	-0.220848	-0.303902	-0.410948	-0.522294	-0.606378	-0.642442	-0.629408	-0.571917	-0.480306	-0.355733	-0.219626	-0.0761466	0.0779029	0.238854	0.383874	0.501102	0.597012	0.668754	0.707124	0.712155	0.693281	0.656306	0.611371	0.561849	0.515932	0.479803	0.463031	0.454702	0.449937	0.449937	
0.731721	0.77096	0.784809	0.750548	0.652235	0.470131	0.197842	-0.130199	-0.460543	-0.764175	-1.00608	-1.15717	-1.19391	-1.13402	-0.987313	-0.783934	-0.570308	-0.372096	-0.23412	-0.16471	-0.180652	-0.269506	-0.390416	-0.511574	-0.600356	-0.642893	-0.641457	-0.605667	-0.531002	-0.414513	-0.273726	-0.124432	0.0322461	0.203575	0.363224	0.506447	0.625396	0.707121	0.745627	0.742708	0.721247	0.680488	0.622933	0.556872	0.497592	0.460493	0.451251	0.449937	0.449154	0.449154	
0.731721	0.77096	0.784809	0.750548	0.652235	0.470131	0.197842	-0.130199	-0.460543	-0.764175	-1.00608	-1.15717	-1.19391	-1.13402	-0.987313	-0.783934	-0.570308	-0.372096	-0.23412	-0.16471	-0.180652	-0.269506	-0.390416	-0.511574	-0.600356	-0.642893	-0.641457	-0.605667	-0.531002	-0.414513	-0.273726	-0.124432	0.0322461	0.203575	0.363224	0.506447	0.625396	0.707121	0.745627	0.742708	0.721247	0.680488	0.622933	0.556872	0.497592	0.460493	0.451251	0.449937	0.449154	0.449154	
