0.420777	0.432793	0.389593	0.300809	0.192483	0.0889492	-0.00999523	-0.0955098	-0.147153	-0.150791	-0.121415	-0.085244	-0.0687094	-0.0806675	-0.134013	-0.234768	-0.373538	-0.5197	-0.63405	-0.691641	-0.682431	-0.611174	-0.4923	-0.348864	-0.201083	-0.0566816	0.0560433	0.131033	0.175635	0.200609	0.235091	0.286075	0.343799	0.395354	0.439308	0.468387	0.475295	0.44687	0.375822	0.276955	0.178784	0.108894	0.0778035	0.0972785	0.153769	0.227941	0.312404	0.382584	0.419289	0.419289	
0.432793	0.44578	0.411395	0.340443	0.235644	0.12862	0.0215982	-0.0740013	-0.12575	-0.132918	-0.106976	-0.0729142	-0.0554297	-0.0682883	-0.128581	-0.253906	-0.423915	-0.601862	-0.744532	-0.816165	-0.81228	-0.739807	-0.621511	-0.47721	-0.322312	-0.167542	-0.0376803	0.0566721	0.120911	0.168857	0.231919	0.307433	0.383226	0.450037	0.496367	0.530651	0.537768	0.505429	0.439352	0.333926	0.228809	0.154508	0.11908	0.137576	0.196095	0.277859	0.366918	0.443474	0.485457	0.485457	
0.389593	0.411395	0.40075	0.350725	0.264713	0.161898	0.0603066	-0.0326474	-0.0841901	-0.096123	-0.0752619	-0.04034	-0.0206449	-0.0308013	-0.101222	-0.245946	-0.435858	-0.633741	-0.796506	-0.883009	-0.8858	-0.815807	-0.692855	-0.541139	-0.376434	-0.211835	-0.0697269	0.0404932	0.117372	0.184634	0.264643	0.352323	0.440234	0.511423	0.558134	0.590266	0.594106	0.55682	0.479281	0.364236	0.249203	0.16296	0.122568	0.132793	0.190261	0.278266	0.368324	0.451443	0.49494	0.49494	
0.300809	0.340443	0.350725	0.324066	0.266527	0.191069	0.113976	0.0391081	-0.00733486	-0.0224839	-0.00766914	0.0232172	0.045934	0.0344029	-0.0332546	-0.176707	-0.369611	-0.573626	-0.751799	-0.85715	-0.868608	-0.79813	-0.674319	-0.51551	-0.35006	-0.192426	-0.0477873	0.0656589	0.148081	0.230036	0.320123	0.41324	0.501137	0.566032	0.605358	0.627874	0.622925	0.573871	0.48204	0.356522	0.23121	0.133231	0.085525	0.0934025	0.14474	0.228636	0.322072	0.406775	0.450745	0.450745	
0.192483	0.235644	0.264713	0.266527	0.250417	0.216048	0.16929	0.122745	0.0936075	0.0942456	0.117656	0.146232	0.165236	0.154681	0.0903111	-0.040955	-0.22129	-0.421367	-0.603508	-0.71697	-0.738817	-0.677868	-0.559979	-0.408878	-0.253066	-0.104172	0.0318995	0.135254	0.212055	0.289415	0.373695	0.460222	0.540237	0.595135	0.622103	0.629864	0.606778	0.542881	0.444315	0.317185	0.188865	0.0871752	0.0277472	0.0189759	0.0608197	0.139206	0.227399	0.306375	0.350768	0.350768	
0.0889492	0.12862	0.161898	0.191069	0.216048	0.219892	0.21198	0.204472	0.215163	0.249213	0.28975	0.324686	0.344377	0.335408	0.277163	0.155742	-0.0151559	-0.203241	-0.379987	-0.493014	-0.520783	-0.471007	-0.361418	-0.221348	-0.0753432	0.0569341	0.171747	0.252361	0.306398	0.366245	0.429147	0.49336	0.551284	0.580162	0.587559	0.579059	0.543131	0.475105	0.373974	0.246359	0.118677	0.0162896	-0.0506863	-0.0714761	-0.0464581	0.015325	0.0940674	0.163084	0.207335	0.207335	
-0.00999523	0.0215982	0.0603066	0.113976	0.16929	0.21198	0.243591	0.288207	0.349227	0.427441	0.495532	0.549425	0.581652	0.574547	0.516247	0.397281	0.234149	0.0556136	-0.105128	-0.215242	-0.246767	-0.202803	-0.101516	0.0312735	0.165862	0.277382	0.36012	0.408456	0.429012	0.457329	0.488611	0.515606	0.53725	0.534992	0.519	0.49343	0.447472	0.370645	0.265602	0.144416	0.0209842	-0.0839804	-0.159601	-0.187399	-0.17298	-0.125653	-0.0531177	0.00894999	0.0481389	0.0481389	
-0.0955098	-0.0740013	-0.0326474	0.0391081	0.122745	0.204472	0.288207	0.386221	0.493413	0.610227	0.71361	0.795188	0.845453	0.84257	0.782083	0.664994	0.507831	0.342614	0.196338	0.0951842	0.0622674	0.102881	0.19904	0.324129	0.445093	0.533623	0.578886	0.584227	0.568152	0.553136	0.543618	0.530231	0.508959	0.472293	0.430426	0.38436	0.321251	0.240092	0.139127	0.0244577	-0.0909863	-0.189468	-0.26573	-0.308221	-0.3057	-0.266141	-0.205316	-0.151324	-0.119195	-0.119195	
-0.147153	-0.12575	-0.0841901	-0.00733486	0.0936075	0.215163	0.349227	0.493413	0.647082	0.798161	0.936643	1.04765	1.10809	1.10946	1.05081	0.932868	0.783198	0.628574	0.493633	0.402924	0.368588	0.405186	0.497229	0.612248	0.722595	0.791774	0.80101	0.76982	0.713639	0.650705	0.596907	0.535724	0.467575	0.400481	0.334883	0.273388	0.205166	0.120205	0.020413	-0.0873208	-0.190893	-0.284438	-0.363301	-0.411249	-0.421572	-0.398913	-0.354305	-0.306626	-0.274747	-0.274747	
-0.150791	-0.132918	-0.096123	-0.0224839	0.0942456	0.249213	0.427441	0.610227	0.798161	0.983156	1.1477	1.27622	1.34922	1.35444	1.29378	1.17728	1.02559	0.874676	0.750727	0.661932	0.629162	0.664114	0.74931	0.862087	0.969121	1.0242	1.01223	0.949829	0.853526	0.750212	0.648165	0.541359	0.430801	0.331143	0.246175	0.172574	0.10377	0.0206884	-0.0676656	-0.157143	-0.249331	-0.340555	-0.421049	-0.479819	-0.507388	-0.499056	-0.469547	-0.434441	-0.417492	-0.417492	
-0.121415	-0.106976	-0.0752619	-0.00766914	0.117656	0.28975	0.495532	0.71361	0.936643	1.1477	1.33217	1.4704	1.54534	1.54811	1.47968	1.354	1.19959	1.05082	0.932056	0.852351	0.822749	0.856014	0.936024	1.04829	1.15514	1.21238	1.19418	1.11617	0.997549	0.855786	0.709477	0.553844	0.397023	0.26467	0.162398	0.0817691	0.0169509	-0.0484472	-0.11604	-0.185391	-0.257787	-0.334986	-0.413813	-0.484969	-0.527765	-0.537372	-0.53112	-0.511741	-0.502419	-0.502419	
-0.085244	-0.0729142	-0.04034	0.0232172	0.146232	0.324686	0.549425	0.795188	1.04765	1.27622	1.4704	1.61248	1.68129	1.67467	1.59313	1.45405	1.29071	1.13988	1.02395	0.956072	0.935374	0.968927	1.05052	1.16379	1.27602	1.33883	1.32525	1.2464	1.11675	0.954811	0.774109	0.576773	0.37792	0.211854	0.0880919	0.00356595	-0.0470168	-0.0911795	-0.128976	-0.163598	-0.207204	-0.266738	-0.335671	-0.403714	-0.456714	-0.485837	-0.501432	-0.500444	-0.499616	-0.499616	
-0.0687094	-0.0554297	-0.0206449	0.045934	0.165236	0.344377	0.581652	0.845453	1.10809	1.34922	1.54534	1.68129	1.74349	1.72322	1.62728	1.47366	1.29724	1.13982	1.02824	0.968825	0.960551	1.00383	1.0936	1.2146	1.332	1.39772	1.39501	1.32294	1.19134	1.02595	0.822265	0.595258	0.369755	0.176606	0.0384486	-0.0443416	-0.0841742	-0.101663	-0.0981519	-0.0915445	-0.0940035	-0.119096	-0.168589	-0.229977	-0.289973	-0.332554	-0.363887	-0.383296	-0.395826	-0.395826	
-0.0806675	-0.0682883	-0.0308013	0.0344029	0.154681	0.335408	0.574547	0.84257	1.10946	1.35444	1.54811	1.67467	1.72322	1.68733	1.57538	1.40434	1.21817	1.05753	0.945153	0.894019	0.901121	0.961644	1.06898	1.19977	1.32217	1.40017	1.41243	1.35504	1.23208	1.06315	0.848016	0.603824	0.365441	0.161695	0.019844	-0.057646	-0.0823719	-0.0651599	-0.0194758	0.0354506	0.0803069	0.0953416	0.0746302	0.0272609	-0.029528	-0.082466	-0.128743	-0.163791	-0.184889	-0.184889	
-0.134013	-0.128581	-0.101222	-0.0332546	0.0903111	0.277163	0.516247	0.782083	1.05081	1.29378	1.47968	1.59313	1.62728	1.57538	1.4513	1.2684	1.07781	0.91035	0.789006	0.744936	0.769568	0.853716	0.984327	1.12958	1.26714	1.36268	1.39432	1.35342	1.24105	1.07567	0.859439	0.612485	0.372762	0.168263	0.027708	-0.0338634	-0.0340908	0.0183996	0.108438	0.207337	0.295616	0.347619	0.358134	0.339159	0.298809	0.246716	0.19128	0.14382	0.119975	0.119975	
-0.234768	-0.253906	-0.245946	-0.176707	-0.040955	0.155742	0.397281	0.664994	0.932868	1.17728	1.354	1.45405	1.47366	1.40434	1.2684	1.08479	0.89162	0.719183	0.601116	0.564211	0.606039	0.70934	0.85986	1.02667	1.18903	1.30723	1.36402	1.34573	1.24688	1.09063	0.874338	0.625515	0.384811	0.181746	0.0477165	0.00219317	0.0281927	0.118796	0.256258	0.401978	0.536454	0.631334	0.678305	0.684579	0.657927	0.614158	0.561775	0.507948	0.472112	0.472112	
-0.373538	-0.423915	-0.435858	-0.369611	-0.22129	-0.0151559	0.234149	0.507831	0.783198	1.02559	1.19959	1.29071	1.29724	1.21817	1.07781	0.89162	0.694856	0.523343	0.40889	0.378051	0.427093	0.548745	0.725335	0.920259	1.10561	1.24972	1.33151	1.33902	1.263	1.11233	0.898604	0.648854	0.405603	0.20419	0.0772627	0.0404717	0.086828	0.212069	0.388948	0.585081	0.768095	0.90671	0.992914	1.02789	1.02154	0.984108	0.929508	0.87605	0.844688	0.844688	
-0.5197	-0.601862	-0.633741	-0.573626	-0.421367	-0.203241	0.0556136	0.342614	0.628574	0.874676	1.05082	1.13988	1.13982	1.05753	0.91035	0.719183	0.523343	0.356628	0.247524	0.212997	0.265176	0.405452	0.603228	0.816893	1.02281	1.19433	1.30625	1.34337	1.28787	1.14214	0.930974	0.683034	0.436266	0.23472	0.104201	0.0640791	0.123862	0.272965	0.486291	0.729871	0.960097	1.14226	1.26606	1.33117	1.34598	1.31901	1.26258	1.20194	1.16469	1.16469	
-0.63405	-0.744532	-0.796506	-0.751799	-0.603508	-0.379987	-0.105128	0.196338	0.493633	0.750727	0.932056	1.02395	1.02824	0.945153	0.789006	0.601116	0.40889	0.247524	0.139138	0.098941	0.156819	0.3065	0.508102	0.730699	0.956432	1.15293	1.29441	1.35345	1.31322	1.17753	0.967814	0.720925	0.46797	0.255625	0.114012	0.0642217	0.127675	0.293652	0.535735	0.81523	1.0823	1.30366	1.46792	1.56105	1.58944	1.569	1.51157	1.44566	1.39817	1.39817	
-0.691641	-0.816165	-0.883009	-0.85715	-0.71697	-0.493014	-0.215242	0.0951842	0.402924	0.661932	0.852351	0.956072	0.968825	0.894019	0.744936	0.564211	0.378051	0.212997	0.098941	0.0577969	0.11263	0.256138	0.453211	0.684282	0.923446	1.13713	1.28828	1.35998	1.33416	1.2013	0.996923	0.749637	0.488858	0.268792	0.118772	0.0542192	0.108964	0.271673	0.515124	0.813708	1.10711	1.35735	1.54685	1.66359	1.7131	1.70283	1.65034	1.58952	1.55189	1.55189	
-0.682431	-0.81228	-0.8858	-0.868608	-0.738817	-0.520783	-0.246767	0.0622674	0.368588	0.629162	0.822749	0.935374	0.960551	0.901121	0.769568	0.606039	0.427093	0.265176	0.156819	0.11263	0.151686	0.273332	0.457854	0.68418	0.918913	1.13006	1.28748	1.36643	1.34557	1.21534	1.00816	0.758992	0.49793	0.274473	0.112197	0.02762	0.0571549	0.197388	0.428125	0.723908	1.02282	1.28584	1.49483	1.62967	1.69832	1.70932	1.67462	1.62691	1.59255	1.59255	
-0.611174	-0.739807	-0.815807	-0.79813	-0.677868	-0.471007	-0.202803	0.102881	0.405186	0.664114	0.856014	0.968927	1.00383	0.961644	0.853716	0.70934	0.548745	0.405452	0.3065	0.256138	0.273332	0.36869	0.528178	0.724952	0.936039	1.13647	1.29479	1.37268	1.3497	1.22087	1.01032	0.758282	0.494878	0.259698	0.0774976	-0.0295124	-0.0329918	0.0758139	0.282872	0.554027	0.840122	1.10218	1.31796	1.47125	1.55949	1.59148	1.58048	1.54656	1.51905	1.51905	
-0.4923	-0.621511	-0.692855	-0.674319	-0.559979	-0.361418	-0.101516	0.19904	0.497229	0.74931	0.936024	1.05052	1.0936	1.06898	0.984327	0.85986	0.725335	0.603228	0.508102	0.453211	0.457854	0.528178	0.652194	0.811958	0.99581	1.18002	1.31956	1.38243	1.3531	1.22138	1.01072	0.750639	0.475117	0.220748	0.0141926	-0.120622	-0.160376	-0.0895414	0.0772478	0.317492	0.585214	0.837767	1.0509	1.21194	1.31862	1.36806	1.37625	1.36243	1.35193	1.35193	
-0.348864	-0.47721	-0.541139	-0.51551	-0.408878	-0.221348	0.0312735	0.324129	0.612248	0.862087	1.04829	1.16379	1.2146	1.19977	1.12958	1.02667	0.920259	0.816893	0.730699	0.684282	0.68418	0.724952	0.811958	0.940416	1.09568	1.24859	1.36081	1.40353	1.36381	1.22841	1.00523	0.729297	0.439929	0.1651	-0.0648443	-0.228889	-0.313936	-0.289931	-0.164226	0.0395126	0.283959	0.525321	0.733245	0.893055	1.00411	1.06861	1.10099	1.10769	1.10733	1.10733	
-0.201083	-0.322312	-0.376434	-0.35006	-0.253066	-0.0753432	0.165862	0.445093	0.722595	0.969121	1.15514	1.27602	1.332	1.32217	1.26714	1.18903	1.10561	1.02281	0.956432	0.923446	0.918913	0.936039	0.99581	1.09568	1.21274	1.32054	1.4009	1.42164	1.36353	1.21878	0.985809	0.69786	0.39739	0.108225	-0.14515	-0.338028	-0.460266	-0.481351	-0.396827	-0.233592	-0.0235995	0.191162	0.381307	0.54085	0.659477	0.740138	0.794314	0.814889	0.822869	0.822869	
-0.0566816	-0.167542	-0.211835	-0.192426	-0.104172	0.0569341	0.277382	0.533623	0.791774	1.0242	1.21238	1.33883	1.39772	1.40017	1.36268	1.30723	1.24972	1.19433	1.15293	1.13713	1.13006	1.13647	1.18002	1.24859	1.32054	1.39075	1.43352	1.42034	1.34317	1.18633	0.950772	0.660386	0.35271	0.0514147	-0.215227	-0.428524	-0.576047	-0.630535	-0.592505	-0.47401	-0.306739	-0.125089	0.0455921	0.195253	0.320012	0.413759	0.483069	0.528156	0.556377	0.556377	
0.0560433	-0.0376803	-0.0697269	-0.0477873	0.0318995	0.171747	0.36012	0.578886	0.80101	1.01223	1.19418	1.32525	1.39501	1.41243	1.39432	1.36402	1.33151	1.30625	1.29441	1.28828	1.28748	1.29479	1.31956	1.36081	1.4009	1.43352	1.43532	1.387	1.29113	1.13223	0.89948	0.615671	0.312291	0.0143901	-0.251063	-0.475716	-0.646511	-0.739159	-0.743653	-0.670519	-0.543856	-0.391635	-0.244293	-0.109771	0.0138571	0.127927	0.229305	0.302334	0.340211	0.340211	
0.131033	0.0566721	0.0404932	0.0656589	0.135254	0.252361	0.408456	0.584227	0.76982	0.949829	1.11617	1.2464	1.32294	1.35504	1.35342	1.34573	1.33902	1.34337	1.35345	1.35998	1.36643	1.37268	1.38243	1.40353	1.42164	1.42034	1.387	1.31924	1.21813	1.0614	0.840224	0.57121	0.279582	-0.0047371	-0.266044	-0.497691	-0.682129	-0.802533	-0.841546	-0.805938	-0.717708	-0.601962	-0.47623	-0.341452	-0.204001	-0.0684044	0.0578438	0.159755	0.214489	0.214489	
0.175635	0.120911	0.117372	0.148081	0.212055	0.306398	0.429012	0.568152	0.713639	0.853526	0.997549	1.11675	1.19134	1.23208	1.24105	1.24688	1.263	1.28787	1.31322	1.33416	1.34557	1.3497	1.3531	1.36381	1.36353	1.34317	1.29113	1.21813	1.12307	0.971354	0.771211	0.52746	0.252397	-0.01711	-0.271349	-0.506646	-0.69478	-0.824738	-0.888007	-0.881878	-0.82294	-0.728567	-0.611665	-0.477626	-0.326223	-0.165074	-0.012302	0.116175	0.18746	0.18746	
0.200609	0.168857	0.184634	0.230036	0.289415	0.366245	0.457329	0.553136	0.650705	0.750212	0.855786	0.954811	1.02595	1.06315	1.07567	1.09063	1.11233	1.14214	1.17753	1.2013	1.21534	1.22087	1.22138	1.22841	1.21878	1.18633	1.13223	1.0614	0.971354	0.844387	0.68002	0.473665	0.23808	-0.00202663	-0.241511	-0.467045	-0.655891	-0.799768	-0.880593	-0.894055	-0.856182	-0.777893	-0.665749	-0.529099	-0.364028	-0.1744	0.0111785	0.167127	0.252271	0.252271	
0.235091	0.231919	0.264643	0.320123	0.373695	0.429147	0.488611	0.543618	0.596907	0.648165	0.709477	0.774109	0.822265	0.848016	0.859439	0.874338	0.898604	0.930974	0.967814	0.996923	1.00816	1.01032	1.01072	1.00523	0.985809	0.950772	0.89948	0.840224	0.771211	0.68002	0.560389	0.406712	0.226131	0.0286868	-0.176438	-0.375856	-0.55655	-0.702834	-0.793054	-0.82733	-0.812399	-0.750462	-0.647968	-0.504743	-0.326058	-0.121928	0.0860401	0.26096	0.361706	0.361706	
0.286075	0.307433	0.352323	0.41324	0.460222	0.49336	0.515606	0.530231	0.535724	0.541359	0.553844	0.576773	0.595258	0.603824	0.612485	0.625515	0.648854	0.683034	0.720925	0.749637	0.758992	0.758282	0.750639	0.729297	0.69786	0.660386	0.615671	0.57121	0.52746	0.473665	0.406712	0.319013	0.20908	0.0756723	-0.0775769	-0.241873	-0.403599	-0.535927	-0.629216	-0.6865	-0.695085	-0.65119	-0.567975	-0.434205	-0.24942	-0.0371499	0.181406	0.3651	0.470022	0.470022	
0.343799	0.383226	0.440234	0.501137	0.540237	0.551284	0.53725	0.508959	0.467575	0.430801	0.397023	0.37792	0.369755	0.365441	0.372762	0.384811	0.405603	0.436266	0.46797	0.488858	0.49793	0.494878	0.475117	0.439929	0.39739	0.35271	0.312291	0.279582	0.252397	0.23808	0.226131	0.20908	0.184546	0.126377	0.0326729	-0.0855262	-0.213021	-0.330422	-0.429259	-0.498428	-0.528998	-0.51335	-0.44915	-0.326374	-0.152846	0.0525627	0.274077	0.46085	0.566962	0.566962	
0.395354	0.450037	0.511423	0.566032	0.595135	0.580162	0.534992	0.472293	0.400481	0.331143	0.26467	0.211854	0.176606	0.161695	0.168263	0.181746	0.20419	0.23472	0.255625	0.268792	0.274473	0.259698	0.220748	0.1651	0.108225	0.0514147	0.0143901	-0.0047371	-0.01711	-0.00202663	0.0286868	0.0756723	0.126377	0.140358	0.113317	0.0537689	-0.0290351	-0.125279	-0.219594	-0.296359	-0.344544	-0.349885	-0.30043	-0.194281	-0.0445658	0.147519	0.356597	0.529147	0.635309	0.635309	
0.439308	0.496367	0.558134	0.605358	0.622103	0.587559	0.519	0.430426	0.334883	0.246175	0.162398	0.0880919	0.0384486	0.019844	0.027708	0.0477165	0.0772627	0.104201	0.114012	0.118772	0.112197	0.0774976	0.0141926	-0.0648443	-0.14515	-0.215227	-0.251063	-0.266044	-0.271349	-0.241511	-0.176438	-0.0775769	0.0326729	0.113317	0.150171	0.14728	0.105238	0.0393201	-0.0326241	-0.106412	-0.1623	-0.179524	-0.144735	-0.0623717	0.0688867	0.24346	0.420415	0.573185	0.67076	0.67076	
0.468387	0.530651	0.590266	0.627874	0.629864	0.579059	0.49343	0.38436	0.273388	0.172574	0.0817691	0.00356595	-0.0443416	-0.057646	-0.0338634	0.00219317	0.0404717	0.0640791	0.0642217	0.0542192	0.02762	-0.0295124	-0.120622	-0.228889	-0.338028	-0.428524	-0.475716	-0.497691	-0.506646	-0.467045	-0.375856	-0.241873	-0.0855262	0.0537689	0.14728	0.19281	0.194106	0.162324	0.108896	0.038699	-0.0160103	-0.0373451	-0.0124707	0.0579245	0.168129	0.311188	0.463222	0.600945	0.677267	0.677267	
0.475295	0.537768	0.594106	0.622925	0.606778	0.543131	0.447472	0.321251	0.205166	0.10377	0.0169509	-0.0470168	-0.0841742	-0.0823719	-0.0340908	0.0281927	0.086828	0.123862	0.127675	0.108964	0.0571549	-0.0329918	-0.160376	-0.313936	-0.460266	-0.576047	-0.646511	-0.682129	-0.69478	-0.655891	-0.55655	-0.403599	-0.213021	-0.0290351	0.105238	0.194106	0.237318	0.234062	0.19405	0.131127	0.0852321	0.0657263	0.0848706	0.144601	0.236336	0.34903	0.469764	0.58691	0.646877	0.646877	
0.44687	0.505429	0.55682	0.573871	0.542881	0.475105	0.370645	0.240092	0.120205	0.0206884	-0.0484472	-0.0911795	-0.101663	-0.0651599	0.0183996	0.118796	0.212069	0.272965	0.293652	0.271673	0.197388	0.0758139	-0.0895414	-0.289931	-0.481351	-0.630535	-0.739159	-0.802533	-0.824738	-0.799768	-0.702834	-0.535927	-0.330422	-0.125279	0.0393201	0.162324	0.234062	0.246068	0.222263	0.175157	0.131363	0.114054	0.1336	0.183805	0.257068	0.346529	0.438714	0.524605	0.573519	0.573519	
0.375822	0.439352	0.479281	0.48204	0.444315	0.373974	0.265602	0.139127	0.020413	-0.0676656	-0.11604	-0.128976	-0.0981519	-0.0194758	0.108438	0.256258	0.388948	0.486291	0.535735	0.515124	0.428125	0.282872	0.0772478	-0.164226	-0.396827	-0.592505	-0.743653	-0.841546	-0.888007	-0.880593	-0.793054	-0.629216	-0.429259	-0.219594	-0.0326241	0.108896	0.19405	0.222263	0.206692	0.162651	0.121809	0.106468	0.125713	0.169478	0.224906	0.293865	0.363049	0.420229	0.456913	0.456913	
0.276955	0.333926	0.364236	0.356522	0.317185	0.246359	0.144416	0.0244577	-0.0873208	-0.157143	-0.185391	-0.163598	-0.0915445	0.0354506	0.207337	0.401978	0.585081	0.729871	0.81523	0.813708	0.723908	0.554027	0.317492	0.0395126	-0.233592	-0.47401	-0.670519	-0.805938	-0.881878	-0.894055	-0.82733	-0.6865	-0.498428	-0.296359	-0.106412	0.038699	0.131127	0.175157	0.162651	0.122872	0.0886	0.0759804	0.0899884	0.117949	0.152225	0.188747	0.223632	0.254142	0.275385	0.275385	
0.178784	0.228809	0.249203	0.23121	0.188865	0.118677	0.0209842	-0.0909863	-0.190893	-0.249331	-0.257787	-0.207204	-0.0940035	0.0803069	0.295616	0.536454	0.768095	0.960097	1.0823	1.10711	1.02282	0.840122	0.585214	0.283959	-0.0235995	-0.306739	-0.543856	-0.717708	-0.82294	-0.856182	-0.812399	-0.695085	-0.528998	-0.344544	-0.1623	-0.0160103	0.0852321	0.131363	0.121809	0.0886	0.0512073	0.0322181	0.0264308	0.032414	0.0368251	0.0304883	0.030572	0.0263177	0.028089	0.028089	
0.108894	0.154508	0.16296	0.133231	0.0871752	0.0162896	-0.0839804	-0.189468	-0.284438	-0.340555	-0.334986	-0.266738	-0.119096	0.0953416	0.347619	0.631334	0.90671	1.14226	1.30366	1.35735	1.28584	1.10218	0.837767	0.525321	0.191162	-0.125089	-0.391635	-0.601962	-0.728567	-0.777893	-0.750462	-0.65119	-0.51335	-0.349885	-0.179524	-0.0373451	0.0657263	0.114054	0.106468	0.0759804	0.0322181	-0.00819915	-0.0445322	-0.0777841	-0.116757	-0.169902	-0.217958	-0.262748	-0.287362	-0.287362	
0.0778035	0.11908	0.122568	0.085525	0.0277472	-0.0506863	-0.159601	-0.26573	-0.363301	-0.421049	-0.413813	-0.335671	-0.168589	0.0746302	0.358134	0.678305	0.992914	1.26606	1.46792	1.54685	1.49483	1.31796	1.0509	0.733245	0.381307	0.0455921	-0.244293	-0.47623	-0.611665	-0.665749	-0.647968	-0.567975	-0.44915	-0.30043	-0.144735	-0.0124707	0.0848706	0.1336	0.125713	0.0899884	0.0264308	-0.0445322	-0.110804	-0.200091	-0.302512	-0.411193	-0.517599	-0.601709	-0.649455	-0.649455	
0.0972785	0.137576	0.132793	0.0934025	0.0189759	-0.0714761	-0.187399	-0.308221	-0.411249	-0.479819	-0.484969	-0.403714	-0.229977	0.0272609	0.339159	0.684579	1.02789	1.33117	1.56105	1.66359	1.62967	1.47125	1.21194	0.893055	0.54085	0.195253	-0.109771	-0.341452	-0.477626	-0.529099	-0.504743	-0.434205	-0.326374	-0.194281	-0.0623717	0.0579245	0.144601	0.183805	0.169478	0.117949	0.032414	-0.0777841	-0.200091	-0.348163	-0.508993	-0.673965	-0.838634	-0.968777	-1.03677	-1.03677	
0.153769	0.196095	0.190261	0.14474	0.0608197	-0.0464581	-0.17298	-0.3057	-0.421572	-0.507388	-0.527765	-0.456714	-0.289973	-0.029528	0.298809	0.657927	1.02154	1.34598	1.58944	1.7131	1.69832	1.55949	1.31862	1.00411	0.659477	0.320012	0.0138571	-0.204001	-0.326223	-0.364028	-0.326058	-0.24942	-0.152846	-0.0445658	0.0688867	0.168129	0.236336	0.257068	0.224906	0.152225	0.0368251	-0.116757	-0.302512	-0.508993	-0.729573	-0.956116	-1.16723	-1.3399	-1.43477	-1.43477	
0.227941	0.277859	0.278266	0.228636	0.139206	0.015325	-0.125653	-0.266141	-0.398913	-0.499056	-0.537372	-0.485837	-0.332554	-0.082466	0.246716	0.614158	0.984108	1.31901	1.569	1.70283	1.70932	1.59148	1.36806	1.06861	0.740138	0.413759	0.127927	-0.0684044	-0.165074	-0.1744	-0.121928	-0.0371499	0.0525627	0.147519	0.24346	0.311188	0.34903	0.346529	0.293865	0.188747	0.0304883	-0.169902	-0.411193	-0.673965	-0.956116	-1.24294	-1.4952	-1.69842	-1.81311	-1.81311	
0.312404	0.366918	0.368324	0.322072	0.227399	0.0940674	-0.0531177	-0.205316	-0.354305	-0.469547	-0.53112	-0.501432	-0.363887	-0.128743	0.19128	0.561775	0.929508	1.26258	1.51157	1.65034	1.67462	1.58048	1.37625	1.10099	0.794314	0.483069	0.229305	0.0578438	-0.012302	0.0111785	0.0860401	0.181406	0.274077	0.356597	0.420415	0.463222	0.469764	0.438714	0.363049	0.223632	0.030572	-0.217958	-0.517599	-0.838634	-1.16723	-1.4952	-1.79378	-2.02714	-2.15825	-2.15825	
0.382584	0.443474	0.451443	0.406775	0.306375	0.163084	0.00894999	-0.151324	-0.306626	-0.434441	-0.511741	-0.500444	-0.383296	-0.163791	0.14382	0.507948	0.87605	1.20194	1.44566	1.58952	1.62691	1.54656	1.36243	1.10769	0.814889	0.528156	0.302334	0.159755	0.116175	0.167127	0.26096	0.3651	0.46085	0.529147	0.573185	0.600945	0.58691	0.524605	0.420229	0.254142	0.0263177	-0.262748	-0.601709	-0.968777	-1.3399	-1.69842	-2.02714	-2.28021	-2.42369	-2.42369	
0.419289	0.485457	0.49494	0.450745	0.350768	0.207335	0.0481389	-0.119195	-0.274747	-0.417492	-0.502419	-0.499616	-0.395826	-0.184889	0.119975	0.472112	0.844688	1.16469	1.39817	1.55189	1.59255	1.51905	1.35193	1.10733	0.822869	0.556377	0.340211	0.214489	0.18746	0.252271	0.361706	0.470022	0.566962	0.635309	0.67076	0.677267	0.646877	0.573519	0.456913	0.275385	0.028089	-0.287362	-0.649455	-1.03677	-1.43477	-1.81311	-2.15825	-2.42369	-2.57311	-2.57311	
0.419289	0.485457	0.49494	0.450745	0.350768	0.207335	0.0481389	-0.119195	-0.274747	-0.417492	-0.502419	-0.499616	-0.395826	-0.184889	0.119975	0.472112	0.844688	1.16469	1.39817	1.55189	1.59255	1.51905	1.35193	1.10733	0.822869	0.556377	0.340211	0.214489	0.18746	0.252271	0.361706	0.470022	0.566962	0.635309	0.67076	0.677267	0.646877	0.573519	0.456913	0.275385	0.028089	-0.287362	-0.649455	-1.03677	-1.43477	-1.81311	-2.15825	-2.42369	-2.57311	-2.57311	
