1.11388	0.989773	0.842777	0.677977	0.499701	0.30775	0.107344	-0.080631	-0.250368	-0.400503	-0.513309	-0.588051	-0.64114	-0.675584	-0.685688	-0.687188	-0.686978	-0.689222	-0.699086	-0.706896	-0.707782	-0.705493	-0.706882	-0.684252	-0.629827	-0.564672	-0.495055	-0.417202	-0.336838	-0.264684	-0.189527	-0.113053	-0.0347244	0.0525072	0.133507	0.200088	0.25439	0.297735	0.327378	0.338745	0.337678	0.33005	0.312478	0.283196	0.247722	0.215356	0.188665	0.172509	0.171759	0.171759	
0.989773	0.809826	0.620319	0.420201	0.220793	0.0266839	-0.156657	-0.316422	-0.447054	-0.552727	-0.627949	-0.663844	-0.66866	-0.658238	-0.636184	-0.61866	-0.612445	-0.617367	-0.627241	-0.635412	-0.637413	-0.63921	-0.646796	-0.627475	-0.582225	-0.530682	-0.484305	-0.44322	-0.397909	-0.350067	-0.297724	-0.246169	-0.183831	-0.101191	-0.015423	0.0636053	0.133675	0.193073	0.248563	0.302855	0.343342	0.36332	0.365723	0.359786	0.355636	0.345652	0.323651	0.309977	0.314904	0.314904	
0.842777	0.620319	0.388636	0.160219	-0.0436479	-0.228993	-0.387815	-0.516361	-0.611442	-0.682138	-0.722791	-0.717579	-0.678263	-0.629379	-0.582969	-0.548001	-0.530968	-0.529402	-0.531561	-0.537886	-0.540589	-0.547416	-0.560099	-0.550534	-0.523509	-0.489533	-0.467142	-0.459094	-0.449801	-0.42621	-0.387286	-0.350997	-0.303593	-0.234293	-0.156246	-0.0790796	-0.00275505	0.0780953	0.158893	0.238774	0.314466	0.367097	0.395218	0.42033	0.448119	0.466964	0.464101	0.455116	0.462905	0.462905	
0.677977	0.420201	0.160219	-0.067044	-0.264624	-0.43307	-0.564211	-0.664693	-0.730802	-0.766943	-0.770647	-0.738838	-0.670488	-0.593338	-0.527237	-0.478247	-0.450882	-0.436947	-0.430827	-0.432444	-0.435632	-0.449257	-0.466336	-0.471511	-0.46612	-0.456219	-0.463039	-0.479403	-0.489879	-0.482177	-0.459613	-0.4321	-0.387828	-0.333459	-0.268185	-0.195476	-0.123385	-0.0338946	0.0669844	0.160996	0.255293	0.341479	0.405058	0.460477	0.514237	0.560923	0.586586	0.593796	0.606175	0.606175	
0.499701	0.220793	-0.0436479	-0.264624	-0.449267	-0.590595	-0.691651	-0.759842	-0.794299	-0.797545	-0.776388	-0.722605	-0.633873	-0.542745	-0.4649	-0.407143	-0.36885	-0.346887	-0.338635	-0.336406	-0.341756	-0.357137	-0.375783	-0.395979	-0.414452	-0.434396	-0.463253	-0.496733	-0.522875	-0.520812	-0.505351	-0.482122	-0.443038	-0.404172	-0.355428	-0.290601	-0.214895	-0.122211	-0.017912	0.082486	0.182826	0.290787	0.392725	0.482642	0.560212	0.628122	0.678761	0.705	0.722239	0.722239	
0.30775	0.0266839	-0.228993	-0.43307	-0.590595	-0.70198	-0.7748	-0.814221	-0.817085	-0.787424	-0.732864	-0.657753	-0.569486	-0.482525	-0.401305	-0.339649	-0.295925	-0.274562	-0.272348	-0.276157	-0.278504	-0.28028	-0.295846	-0.323642	-0.362021	-0.407087	-0.448352	-0.485878	-0.515545	-0.531713	-0.531957	-0.511435	-0.484027	-0.455932	-0.419811	-0.365329	-0.285254	-0.193381	-0.0907545	0.0129711	0.116318	0.237306	0.360455	0.474852	0.576071	0.661102	0.734176	0.785132	0.811287	0.811287	
0.107344	-0.156657	-0.387815	-0.564211	-0.691651	-0.7748	-0.826563	-0.839158	-0.807503	-0.739545	-0.657412	-0.572654	-0.492651	-0.414238	-0.339736	-0.286902	-0.252813	-0.239356	-0.238747	-0.245254	-0.239954	-0.231387	-0.240807	-0.265393	-0.307462	-0.357458	-0.407822	-0.446675	-0.475205	-0.504115	-0.520293	-0.518682	-0.505221	-0.482387	-0.454531	-0.405456	-0.332694	-0.253841	-0.161504	-0.0623349	0.0461436	0.176931	0.312455	0.446328	0.567992	0.669271	0.759507	0.826981	0.860066	0.860066	
-0.080631	-0.316422	-0.516361	-0.664693	-0.759842	-0.814221	-0.839158	-0.820373	-0.75275	-0.661292	-0.569664	-0.482104	-0.41011	-0.347977	-0.294502	-0.258594	-0.244888	-0.241041	-0.238879	-0.240955	-0.227678	-0.215463	-0.218613	-0.231952	-0.259402	-0.300307	-0.344998	-0.38067	-0.413728	-0.442962	-0.463321	-0.480307	-0.488109	-0.479321	-0.458342	-0.42026	-0.364158	-0.300042	-0.221096	-0.126939	-0.0171721	0.112533	0.25129	0.392443	0.526503	0.64669	0.752601	0.829291	0.865925	0.865925	
-0.250368	-0.447054	-0.611442	-0.730802	-0.794299	-0.817085	-0.807503	-0.75275	-0.659382	-0.558932	-0.464052	-0.381661	-0.328581	-0.301927	-0.279989	-0.260023	-0.255052	-0.254377	-0.261592	-0.269216	-0.246504	-0.217601	-0.212583	-0.222163	-0.238074	-0.261035	-0.281476	-0.300814	-0.330802	-0.358334	-0.378866	-0.40653	-0.434593	-0.443849	-0.433611	-0.409115	-0.370587	-0.320978	-0.254918	-0.165191	-0.0588919	0.0581139	0.1914	0.328427	0.456573	0.586183	0.700681	0.774422	0.810767	0.810767	
-0.400503	-0.552727	-0.682138	-0.766943	-0.797545	-0.787424	-0.739545	-0.661292	-0.558932	-0.445858	-0.344692	-0.282086	-0.262736	-0.272771	-0.275404	-0.268078	-0.269589	-0.276504	-0.286146	-0.289209	-0.266714	-0.238002	-0.229411	-0.229752	-0.235079	-0.243365	-0.241614	-0.23691	-0.243682	-0.26174	-0.292645	-0.32798	-0.356287	-0.374294	-0.37568	-0.367365	-0.348695	-0.309691	-0.252497	-0.17138	-0.0713619	0.034496	0.152325	0.272949	0.383207	0.490737	0.586597	0.646574	0.668254	0.668254	
-0.513309	-0.627949	-0.722791	-0.770647	-0.776388	-0.732864	-0.657412	-0.569664	-0.464052	-0.344692	-0.259876	-0.225375	-0.221145	-0.241551	-0.264155	-0.27794	-0.288671	-0.298236	-0.293506	-0.28195	-0.266756	-0.259769	-0.256773	-0.246134	-0.2351	-0.220863	-0.210233	-0.205402	-0.195645	-0.189172	-0.2164	-0.255974	-0.274425	-0.285607	-0.294466	-0.29769	-0.289676	-0.260084	-0.203509	-0.128124	-0.0480286	0.0406302	0.132795	0.217977	0.296764	0.361672	0.415275	0.452584	0.460538	0.460538	
-0.588051	-0.663844	-0.717579	-0.738838	-0.722605	-0.657753	-0.572654	-0.482104	-0.381661	-0.282086	-0.225375	-0.200718	-0.196945	-0.220349	-0.261426	-0.289106	-0.296386	-0.294572	-0.287258	-0.280107	-0.269607	-0.26529	-0.259687	-0.253021	-0.234262	-0.202171	-0.180689	-0.180285	-0.177478	-0.157414	-0.164557	-0.190929	-0.19958	-0.198556	-0.201993	-0.204186	-0.191017	-0.162825	-0.111392	-0.0491149	0.00415309	0.0576684	0.107741	0.152051	0.188432	0.204266	0.213046	0.223354	0.224808	0.224808	
-0.64114	-0.66866	-0.678263	-0.670488	-0.633873	-0.569486	-0.492651	-0.41011	-0.328581	-0.262736	-0.221145	-0.196945	-0.199786	-0.226715	-0.264788	-0.287338	-0.288069	-0.275564	-0.268192	-0.26922	-0.26537	-0.257164	-0.249494	-0.24372	-0.225933	-0.199139	-0.173759	-0.167036	-0.164875	-0.148958	-0.136834	-0.132474	-0.127212	-0.10857	-0.090994	-0.078194	-0.0590516	-0.0366543	-0.00400638	0.0287956	0.0513691	0.063597	0.0690933	0.0736057	0.0646502	0.0388903	0.0089406	-0.0102118	-0.0129279	-0.0129279	
-0.675584	-0.658238	-0.629379	-0.593338	-0.542745	-0.482525	-0.414238	-0.347977	-0.301927	-0.272771	-0.241551	-0.220349	-0.226715	-0.246998	-0.267648	-0.279912	-0.278694	-0.256246	-0.234101	-0.229786	-0.235508	-0.240873	-0.241012	-0.232614	-0.216226	-0.201032	-0.183612	-0.167895	-0.160078	-0.150157	-0.117425	-0.0736156	-0.0411374	-0.00938325	0.0254839	0.0593078	0.0833453	0.0958122	0.100035	0.0963365	0.0832618	0.0520783	0.0141901	-0.0246151	-0.0729824	-0.12955	-0.181377	-0.213123	-0.228211	-0.228211	
-0.685688	-0.636184	-0.582969	-0.527237	-0.4649	-0.401305	-0.339736	-0.294502	-0.279989	-0.275404	-0.264155	-0.261426	-0.264788	-0.267648	-0.276836	-0.285071	-0.271208	-0.234063	-0.202286	-0.195392	-0.205048	-0.214917	-0.222132	-0.22381	-0.213838	-0.199171	-0.186326	-0.172467	-0.154953	-0.130669	-0.0823495	-0.0130891	0.0435042	0.0835774	0.129468	0.174966	0.205044	0.213914	0.193824	0.157091	0.10289	0.0290785	-0.0491972	-0.134216	-0.216142	-0.290607	-0.348008	-0.381576	-0.411091	-0.411091	
-0.687188	-0.61866	-0.548001	-0.478247	-0.407143	-0.339649	-0.286902	-0.258594	-0.260023	-0.268078	-0.27794	-0.289106	-0.287338	-0.279912	-0.285071	-0.281165	-0.251535	-0.213158	-0.187829	-0.183645	-0.191862	-0.198204	-0.199101	-0.209989	-0.215854	-0.199276	-0.176849	-0.159234	-0.132193	-0.0860344	-0.0246555	0.0499294	0.114761	0.161878	0.213236	0.262213	0.293871	0.293543	0.253982	0.194039	0.10727	-0.000884257	-0.108264	-0.226178	-0.341091	-0.428402	-0.485474	-0.527038	-0.565209	-0.565209	
-0.686978	-0.612445	-0.530968	-0.450882	-0.36885	-0.295925	-0.252813	-0.244888	-0.255052	-0.269589	-0.288671	-0.296386	-0.288069	-0.278694	-0.271208	-0.251535	-0.227506	-0.206633	-0.191653	-0.183709	-0.190639	-0.194977	-0.185565	-0.1867	-0.194987	-0.187174	-0.154561	-0.124407	-0.0923361	-0.0354001	0.0316881	0.102721	0.17397	0.234404	0.283314	0.323215	0.343251	0.326873	0.273067	0.192435	0.0877295	-0.0368528	-0.165602	-0.297209	-0.428139	-0.530473	-0.593593	-0.643733	-0.686749	-0.686749	
-0.689222	-0.617367	-0.529402	-0.436947	-0.346887	-0.274562	-0.239356	-0.241041	-0.254377	-0.276504	-0.298236	-0.294572	-0.275564	-0.256246	-0.234063	-0.213158	-0.206633	-0.206837	-0.206336	-0.204189	-0.203463	-0.193603	-0.175477	-0.159941	-0.153678	-0.143249	-0.108989	-0.0726736	-0.0358126	0.0199004	0.0888545	0.153299	0.21778	0.281453	0.323911	0.348954	0.347992	0.313694	0.252933	0.163197	0.0496219	-0.0823225	-0.219926	-0.355009	-0.485866	-0.593159	-0.669133	-0.725379	-0.760457	-0.760457	
-0.699086	-0.627241	-0.531561	-0.430827	-0.338635	-0.272348	-0.238747	-0.238879	-0.261592	-0.286146	-0.293506	-0.287258	-0.268192	-0.234101	-0.202286	-0.187829	-0.191653	-0.206336	-0.223098	-0.225295	-0.214562	-0.188208	-0.155367	-0.129771	-0.106677	-0.0817026	-0.0511274	-0.00944522	0.0424665	0.0924422	0.145127	0.200868	0.254504	0.302137	0.332189	0.337564	0.312331	0.261634	0.188763	0.0949832	-0.0155302	-0.141905	-0.272588	-0.3949	-0.507132	-0.614477	-0.706325	-0.764634	-0.791998	-0.791998	
-0.706896	-0.635412	-0.537886	-0.432444	-0.336406	-0.276157	-0.245254	-0.240955	-0.269216	-0.289209	-0.28195	-0.280107	-0.26922	-0.229786	-0.195392	-0.183645	-0.183709	-0.204189	-0.225295	-0.220346	-0.205232	-0.174221	-0.132115	-0.100234	-0.0697897	-0.031198	0.00590547	0.0588686	0.130419	0.178658	0.211239	0.25315	0.288165	0.310678	0.321623	0.294476	0.235822	0.168625	0.0833601	-0.00939529	-0.106104	-0.21527	-0.323352	-0.42191	-0.510472	-0.603416	-0.698514	-0.757734	-0.773959	-0.773959	
-0.707782	-0.637413	-0.540589	-0.435632	-0.341756	-0.278504	-0.239954	-0.227678	-0.246504	-0.266714	-0.266756	-0.269607	-0.26537	-0.235508	-0.205048	-0.191862	-0.190639	-0.203463	-0.214562	-0.205232	-0.185812	-0.154521	-0.112925	-0.0751708	-0.0359501	0.0125441	0.0633842	0.133267	0.211696	0.26015	0.28845	0.309854	0.314779	0.301668	0.274335	0.217626	0.137403	0.0551118	-0.0340787	-0.122438	-0.207464	-0.296144	-0.380766	-0.454645	-0.516524	-0.582428	-0.652549	-0.694274	-0.702398	-0.702398	
-0.705493	-0.63921	-0.547416	-0.449257	-0.357137	-0.28028	-0.231387	-0.215463	-0.217601	-0.238002	-0.259769	-0.26529	-0.257164	-0.240873	-0.214917	-0.198204	-0.194977	-0.193603	-0.188208	-0.174221	-0.154521	-0.124117	-0.0877807	-0.0436769	0.00392637	0.0547279	0.119497	0.195197	0.26374	0.315907	0.349632	0.349031	0.325234	0.281505	0.208351	0.122023	0.0282299	-0.0643153	-0.149549	-0.234666	-0.308931	-0.373263	-0.436018	-0.484726	-0.520961	-0.553197	-0.580204	-0.597915	-0.601347	-0.601347	
-0.706882	-0.646796	-0.560099	-0.466336	-0.375783	-0.295846	-0.240807	-0.218613	-0.212583	-0.229411	-0.256773	-0.259687	-0.249494	-0.241012	-0.222132	-0.199101	-0.185565	-0.175477	-0.155367	-0.132115	-0.112925	-0.0877807	-0.0467759	0.00794764	0.0554873	0.10639	0.17781	0.2488	0.300346	0.340203	0.364672	0.349909	0.303417	0.231844	0.131474	0.0252731	-0.0792459	-0.179755	-0.264154	-0.33863	-0.395318	-0.434219	-0.468773	-0.494813	-0.514757	-0.514395	-0.500477	-0.499174	-0.496287	-0.496287	
-0.684252	-0.627475	-0.550534	-0.471511	-0.395979	-0.323642	-0.265393	-0.231952	-0.222163	-0.229752	-0.246134	-0.253021	-0.24372	-0.232614	-0.22381	-0.209989	-0.1867	-0.159941	-0.129771	-0.100234	-0.0751708	-0.0436769	0.00794764	0.0675338	0.123559	0.184806	0.248029	0.300242	0.331255	0.345418	0.339124	0.306461	0.242147	0.143518	0.0299193	-0.0805037	-0.179892	-0.272931	-0.355949	-0.420268	-0.461436	-0.478604	-0.486525	-0.489969	-0.48561	-0.461453	-0.425867	-0.409015	-0.404586	-0.404586	
-0.629827	-0.582225	-0.523509	-0.46612	-0.414452	-0.362021	-0.307462	-0.259402	-0.238074	-0.235079	-0.2351	-0.234262	-0.225933	-0.216226	-0.213838	-0.215854	-0.194987	-0.153678	-0.106677	-0.0697897	-0.0359501	0.00392637	0.0554873	0.123559	0.198558	0.268296	0.315095	0.345099	0.349232	0.32412	0.285136	0.231298	0.147205	0.0333568	-0.0772268	-0.178042	-0.267617	-0.34493	-0.418573	-0.47429	-0.504618	-0.510238	-0.499593	-0.482485	-0.450375	-0.402979	-0.358556	-0.329376	-0.314015	-0.314015	
-0.564672	-0.530682	-0.489533	-0.456219	-0.434396	-0.407087	-0.357458	-0.300307	-0.261035	-0.243365	-0.220863	-0.202171	-0.199139	-0.201032	-0.199171	-0.199276	-0.187174	-0.143249	-0.0817026	-0.031198	0.0125441	0.0547279	0.10639	0.184806	0.268296	0.325656	0.35134	0.362619	0.33866	0.272078	0.201962	0.128928	0.0346529	-0.0723725	-0.169335	-0.251228	-0.326883	-0.396605	-0.45999	-0.510966	-0.534513	-0.528371	-0.504376	-0.462771	-0.402328	-0.344085	-0.301636	-0.266848	-0.24236	-0.24236	
-0.495055	-0.484305	-0.467142	-0.463039	-0.463253	-0.448352	-0.407822	-0.344998	-0.281476	-0.241614	-0.210233	-0.180689	-0.173759	-0.183612	-0.186326	-0.176849	-0.154561	-0.108989	-0.0511274	0.00590547	0.0633842	0.119497	0.17781	0.248029	0.315095	0.35134	0.360837	0.343437	0.286948	0.202727	0.11281	0.0162473	-0.0847018	-0.17073	-0.25101	-0.324536	-0.385201	-0.438775	-0.480176	-0.513962	-0.525736	-0.510849	-0.480618	-0.424621	-0.355758	-0.298426	-0.261587	-0.232452	-0.201291	-0.201291	
-0.417202	-0.44322	-0.459094	-0.479403	-0.496733	-0.485878	-0.446675	-0.38067	-0.300814	-0.23691	-0.205402	-0.180285	-0.167036	-0.167895	-0.172467	-0.159234	-0.124407	-0.0726736	-0.00944522	0.0588686	0.133267	0.195197	0.2488	0.300242	0.345099	0.362619	0.343437	0.286454	0.205601	0.122684	0.0203029	-0.0943342	-0.192548	-0.264952	-0.332668	-0.399161	-0.445563	-0.476524	-0.486123	-0.484129	-0.477049	-0.452219	-0.417851	-0.372574	-0.318652	-0.27355	-0.244439	-0.218764	-0.191187	-0.191187	
-0.336838	-0.397909	-0.449801	-0.489879	-0.522875	-0.515545	-0.475205	-0.413728	-0.330802	-0.243682	-0.195645	-0.177478	-0.164875	-0.160078	-0.154953	-0.132193	-0.0923361	-0.0358126	0.0424665	0.130419	0.211696	0.26374	0.300346	0.331255	0.349232	0.33866	0.286948	0.205601	0.121629	0.0402313	-0.0739644	-0.194337	-0.277088	-0.340877	-0.404908	-0.460135	-0.493773	-0.503711	-0.48304	-0.448512	-0.41647	-0.37466	-0.337711	-0.310393	-0.278399	-0.256103	-0.239392	-0.219324	-0.211882	-0.211882	
-0.264684	-0.350067	-0.42621	-0.482177	-0.520812	-0.531713	-0.504115	-0.442962	-0.358334	-0.26174	-0.189172	-0.157414	-0.148958	-0.150157	-0.130669	-0.0860344	-0.0354001	0.0199004	0.0924422	0.178658	0.26015	0.315907	0.340203	0.345418	0.32412	0.272078	0.202727	0.122684	0.0402313	-0.0528182	-0.167476	-0.274946	-0.352774	-0.411731	-0.456659	-0.490404	-0.509441	-0.498625	-0.462714	-0.411598	-0.356374	-0.309168	-0.273102	-0.255408	-0.248564	-0.241732	-0.232945	-0.227873	-0.235066	-0.235066	
-0.189527	-0.297724	-0.387286	-0.459613	-0.505351	-0.531957	-0.520293	-0.463321	-0.378866	-0.292645	-0.2164	-0.164557	-0.136834	-0.117425	-0.0823495	-0.0246555	0.0316881	0.0888545	0.145127	0.211239	0.28845	0.349632	0.364672	0.339124	0.285136	0.201962	0.11281	0.0203029	-0.0739644	-0.167476	-0.258444	-0.338711	-0.411222	-0.463584	-0.487688	-0.495092	-0.48623	-0.458594	-0.419763	-0.36461	-0.309037	-0.270814	-0.236195	-0.220475	-0.22517	-0.225663	-0.226341	-0.236983	-0.252885	-0.252885	
-0.113053	-0.246169	-0.350997	-0.4321	-0.482122	-0.511435	-0.518682	-0.480307	-0.40653	-0.32798	-0.255974	-0.190929	-0.132474	-0.0736156	-0.0130891	0.0499294	0.102721	0.153299	0.200868	0.25315	0.309854	0.349031	0.349909	0.306461	0.231298	0.128928	0.0162473	-0.0943342	-0.194337	-0.274946	-0.338711	-0.397591	-0.450048	-0.481791	-0.492603	-0.481643	-0.45122	-0.411388	-0.367523	-0.316189	-0.271108	-0.241483	-0.212206	-0.197199	-0.203285	-0.213855	-0.227142	-0.246102	-0.266498	-0.266498	
-0.0347244	-0.183831	-0.303593	-0.387828	-0.443038	-0.484027	-0.505221	-0.488109	-0.434593	-0.356287	-0.274425	-0.19958	-0.127212	-0.0411374	0.0435042	0.114761	0.17397	0.21778	0.254504	0.288165	0.314779	0.325234	0.303417	0.242147	0.147205	0.0346529	-0.0847018	-0.192548	-0.277088	-0.352774	-0.411222	-0.450048	-0.476067	-0.485456	-0.478114	-0.448428	-0.405241	-0.360108	-0.316514	-0.277736	-0.245651	-0.219219	-0.195032	-0.181536	-0.187912	-0.211344	-0.233026	-0.249463	-0.270242	-0.270242	
0.0525072	-0.101191	-0.234293	-0.333459	-0.404172	-0.455932	-0.482387	-0.479321	-0.443849	-0.374294	-0.285607	-0.198556	-0.10857	-0.00938325	0.0835774	0.161878	0.234404	0.281453	0.302137	0.310678	0.301668	0.281505	0.231844	0.143518	0.0333568	-0.0723725	-0.17073	-0.264952	-0.340877	-0.411731	-0.463584	-0.481791	-0.485456	-0.477727	-0.455355	-0.410921	-0.352778	-0.303262	-0.264008	-0.236261	-0.221962	-0.208936	-0.195153	-0.189397	-0.199919	-0.222697	-0.233916	-0.236735	-0.247731	-0.247731	
0.133507	-0.015423	-0.156246	-0.268185	-0.355428	-0.419811	-0.454531	-0.458342	-0.433611	-0.37568	-0.294466	-0.201993	-0.090994	0.0254839	0.129468	0.213236	0.283314	0.323911	0.332189	0.321623	0.274335	0.208351	0.131474	0.0299193	-0.0772268	-0.169335	-0.25101	-0.332668	-0.404908	-0.456659	-0.487688	-0.492603	-0.478114	-0.455355	-0.413182	-0.356655	-0.301993	-0.254562	-0.222545	-0.207407	-0.204455	-0.206722	-0.207258	-0.21114	-0.22528	-0.233658	-0.226021	-0.217645	-0.214243	-0.214243	
0.200088	0.0636053	-0.0790796	-0.195476	-0.290601	-0.365329	-0.405456	-0.42026	-0.409115	-0.367365	-0.29769	-0.204186	-0.078194	0.0593078	0.174966	0.262213	0.323215	0.348954	0.337564	0.294476	0.217626	0.122023	0.0252731	-0.0805037	-0.178042	-0.251228	-0.324536	-0.399161	-0.460135	-0.490404	-0.495092	-0.481643	-0.448428	-0.410921	-0.356655	-0.298707	-0.260951	-0.225832	-0.200603	-0.194987	-0.196493	-0.206394	-0.222028	-0.232437	-0.237382	-0.229057	-0.213691	-0.204749	-0.194641	-0.194641	
0.25439	0.133675	-0.00275505	-0.123385	-0.214895	-0.285254	-0.332694	-0.364158	-0.370587	-0.348695	-0.289676	-0.191017	-0.0590516	0.0833453	0.205044	0.293871	0.343251	0.347992	0.312331	0.235822	0.137403	0.0282299	-0.0792459	-0.179892	-0.267617	-0.326883	-0.385201	-0.445563	-0.493773	-0.509441	-0.48623	-0.45122	-0.405241	-0.352778	-0.301993	-0.260951	-0.235636	-0.21258	-0.194282	-0.186281	-0.185428	-0.204473	-0.236596	-0.249052	-0.238608	-0.21851	-0.20395	-0.196998	-0.18402	-0.18402	
0.297735	0.193073	0.0780953	-0.0338946	-0.122211	-0.193381	-0.253841	-0.300042	-0.320978	-0.309691	-0.260084	-0.162825	-0.0366543	0.0958122	0.213914	0.293543	0.326873	0.313694	0.261634	0.168625	0.0551118	-0.0643153	-0.179755	-0.272931	-0.34493	-0.396605	-0.438775	-0.476524	-0.503711	-0.498625	-0.458594	-0.411388	-0.360108	-0.303262	-0.254562	-0.225832	-0.21258	-0.206073	-0.202786	-0.195568	-0.191997	-0.209427	-0.236334	-0.241459	-0.222544	-0.204111	-0.200715	-0.19805	-0.185093	-0.185093	
0.327378	0.248563	0.158893	0.0669844	-0.017912	-0.0907545	-0.161504	-0.221096	-0.254918	-0.252497	-0.203509	-0.111392	-0.00400638	0.100035	0.193824	0.253982	0.273067	0.252933	0.188763	0.0833601	-0.0340787	-0.149549	-0.264154	-0.355949	-0.418573	-0.45999	-0.480176	-0.486123	-0.48304	-0.462714	-0.419763	-0.367523	-0.316514	-0.264008	-0.222545	-0.200603	-0.194282	-0.202786	-0.212384	-0.214447	-0.215121	-0.217585	-0.219706	-0.215469	-0.204257	-0.197662	-0.202007	-0.200552	-0.187733	-0.187733	
0.338745	0.302855	0.238774	0.160996	0.082486	0.0129711	-0.0623349	-0.126939	-0.165191	-0.17138	-0.128124	-0.0491149	0.0287956	0.0963365	0.157091	0.194039	0.192435	0.163197	0.0949832	-0.00939529	-0.122438	-0.234666	-0.33863	-0.420268	-0.47429	-0.510966	-0.513962	-0.484129	-0.448512	-0.411598	-0.36461	-0.316189	-0.277736	-0.236261	-0.207407	-0.194987	-0.186281	-0.195568	-0.214447	-0.23307	-0.240133	-0.222619	-0.201273	-0.190836	-0.189563	-0.196747	-0.201744	-0.197654	-0.19288	-0.19288	
0.337678	0.343342	0.314466	0.255293	0.182826	0.116318	0.0461436	-0.0171721	-0.0588919	-0.0713619	-0.0480286	0.00415309	0.0513691	0.0832618	0.10289	0.10727	0.0877295	0.0496219	-0.0155302	-0.106104	-0.207464	-0.308931	-0.395318	-0.461436	-0.504618	-0.534513	-0.525736	-0.477049	-0.41647	-0.356374	-0.309037	-0.271108	-0.245651	-0.221962	-0.204455	-0.196493	-0.185428	-0.191997	-0.215121	-0.240133	-0.250055	-0.223655	-0.19129	-0.17974	-0.178898	-0.187862	-0.195237	-0.19618	-0.204119	-0.204119	
0.33005	0.36332	0.367097	0.341479	0.290787	0.237306	0.176931	0.112533	0.0581139	0.034496	0.0406302	0.0576684	0.063597	0.0520783	0.0290785	-0.000884257	-0.0368528	-0.0823225	-0.141905	-0.21527	-0.296144	-0.373263	-0.434219	-0.478604	-0.510238	-0.528371	-0.510849	-0.452219	-0.37466	-0.309168	-0.270814	-0.241483	-0.219219	-0.208936	-0.206722	-0.206394	-0.204473	-0.209427	-0.217585	-0.222619	-0.223655	-0.211957	-0.193771	-0.185208	-0.182384	-0.181316	-0.185986	-0.196206	-0.208059	-0.208059	
0.312478	0.365723	0.395218	0.405058	0.392725	0.360455	0.312455	0.25129	0.1914	0.152325	0.132795	0.107741	0.0690933	0.0141901	-0.0491972	-0.108264	-0.165602	-0.219926	-0.272588	-0.323352	-0.380766	-0.436018	-0.468773	-0.486525	-0.499593	-0.504376	-0.480618	-0.417851	-0.337711	-0.273102	-0.236195	-0.212206	-0.195032	-0.195153	-0.207258	-0.222028	-0.236596	-0.236334	-0.219706	-0.201273	-0.19129	-0.193771	-0.197396	-0.193376	-0.186557	-0.181346	-0.182821	-0.193687	-0.205509	-0.205509	
0.283196	0.359786	0.42033	0.460477	0.482642	0.474852	0.446328	0.392443	0.328427	0.272949	0.217977	0.152051	0.0736057	-0.0246151	-0.134216	-0.226178	-0.297209	-0.355009	-0.3949	-0.42191	-0.454645	-0.484726	-0.494813	-0.489969	-0.482485	-0.462771	-0.424621	-0.372574	-0.310393	-0.255408	-0.220475	-0.197199	-0.181536	-0.189397	-0.21114	-0.232437	-0.249052	-0.241459	-0.215469	-0.190836	-0.17974	-0.185208	-0.193376	-0.196874	-0.195105	-0.190026	-0.1865	-0.187041	-0.190981	-0.190981	
0.247722	0.355636	0.448119	0.514237	0.560212	0.576071	0.567992	0.526503	0.456573	0.383207	0.296764	0.188432	0.0646502	-0.0729824	-0.216142	-0.341091	-0.428139	-0.485866	-0.507132	-0.510472	-0.516524	-0.520961	-0.514757	-0.48561	-0.450375	-0.402328	-0.355758	-0.318652	-0.278399	-0.248564	-0.22517	-0.203285	-0.187912	-0.199919	-0.22528	-0.237382	-0.238608	-0.222544	-0.204257	-0.189563	-0.178898	-0.182384	-0.186557	-0.195105	-0.207443	-0.204	-0.191447	-0.180861	-0.172814	-0.172814	
0.215356	0.345652	0.466964	0.560923	0.628122	0.661102	0.669271	0.64669	0.586183	0.490737	0.361672	0.204266	0.0388903	-0.12955	-0.290607	-0.428402	-0.530473	-0.593159	-0.614477	-0.603416	-0.582428	-0.553197	-0.514395	-0.461453	-0.402979	-0.344085	-0.298426	-0.27355	-0.256103	-0.241732	-0.225663	-0.213855	-0.211344	-0.222697	-0.233658	-0.229057	-0.21851	-0.204111	-0.197662	-0.196747	-0.187862	-0.181316	-0.181346	-0.190026	-0.204	-0.205413	-0.193932	-0.180801	-0.170866	-0.170866	
0.188665	0.323651	0.464101	0.586586	0.678761	0.734176	0.759507	0.752601	0.700681	0.586597	0.415275	0.213046	0.0089406	-0.181377	-0.348008	-0.485474	-0.593593	-0.669133	-0.706325	-0.698514	-0.652549	-0.580204	-0.500477	-0.425867	-0.358556	-0.301636	-0.261587	-0.244439	-0.239392	-0.232945	-0.226341	-0.227142	-0.233026	-0.233916	-0.226021	-0.213691	-0.20395	-0.200715	-0.202007	-0.201744	-0.195237	-0.185986	-0.182821	-0.1865	-0.191447	-0.193932	-0.191174	-0.184604	-0.179491	-0.179491	
0.172509	0.309977	0.455116	0.593796	0.705	0.785132	0.826981	0.829291	0.774422	0.646574	0.452584	0.223354	-0.0102118	-0.213123	-0.381576	-0.527038	-0.643733	-0.725379	-0.764634	-0.757734	-0.694274	-0.597915	-0.499174	-0.409015	-0.329376	-0.266848	-0.232452	-0.218764	-0.219324	-0.227873	-0.236983	-0.246102	-0.249463	-0.236735	-0.217645	-0.204749	-0.196998	-0.19805	-0.200552	-0.197654	-0.19618	-0.196206	-0.193687	-0.187041	-0.180861	-0.180801	-0.184604	-0.18781	-0.188949	-0.188949	
0.171759	0.314904	0.462905	0.606175	0.722239	0.811287	0.860066	0.865925	0.810767	0.668254	0.460538	0.224808	-0.0129279	-0.228211	-0.411091	-0.565209	-0.686749	-0.760457	-0.791998	-0.773959	-0.702398	-0.601347	-0.496287	-0.404586	-0.314015	-0.24236	-0.201291	-0.191187	-0.211882	-0.235066	-0.252885	-0.266498	-0.270242	-0.247731	-0.214243	-0.194641	-0.18402	-0.185093	-0.187733	-0.19288	-0.204119	-0.208059	-0.205509	-0.190981	-0.172814	-0.170866	-0.179491	-0.188949	-0.195363	-0.195363	
0.171759	0.314904	0.462905	0.606175	0.722239	0.811287	0.860066	0.865925	0.810767	0.668254	0.460538	0.224808	-0.0129279	-0.228211	-0.411091	-0.565209	-0.686749	-0.760457	-0.791998	-0.773959	-0.702398	-0.601347	-0.496287	-0.404586	-0.314015	-0.24236	-0.201291	-0.191187	-0.211882	-0.235066	-0.252885	-0.266498	-0.270242	-0.247731	-0.214243	-0.194641	-0.18402	-0.185093	-0.187733	-0.19288	-0.204119	-0.208059	-0.205509	-0.190981	-0.172814	-0.170866	-0.179491	-0.188949	-0.195363	-0.195363	
