-0.536752	-0.452634	-0.351332	-0.216305	-0.0673968	0.0801967	0.208958	0.313236	0.394525	0.465819	0.523024	0.558448	0.562969	0.530918	0.484189	0.432016	0.369369	0.315891	0.272293	0.238304	0.216378	0.198981	0.190734	0.18741	0.182459	0.162385	0.137395	0.0995341	0.0315435	-0.0485029	-0.133332	-0.206764	-0.269863	-0.332754	-0.37808	-0.40115	-0.405501	-0.393665	-0.384826	-0.388295	-0.381443	-0.357498	-0.333716	-0.309029	-0.272721	-0.235165	-0.217581	-0.217038	-0.217568	-0.217568	
-0.452634	-0.375116	-0.262856	-0.117295	0.043939	0.19835	0.321985	0.403034	0.453693	0.488055	0.490385	0.464433	0.41071	0.335636	0.259557	0.189633	0.119226	0.0497813	-0.00396841	-0.0300914	-0.0315274	-0.0109319	0.0249774	0.0627583	0.0865648	0.089209	0.0893057	0.0746205	0.0396546	-0.0145468	-0.0945668	-0.167228	-0.218529	-0.256369	-0.28628	-0.30876	-0.319854	-0.322559	-0.317821	-0.314436	-0.309863	-0.292499	-0.272295	-0.249599	-0.212496	-0.181462	-0.173496	-0.169587	-0.162666	-0.162666	
-0.351332	-0.262856	-0.137249	0.0168601	0.180045	0.329345	0.440259	0.501621	0.518033	0.494495	0.432989	0.348549	0.244792	0.132543	0.023981	-0.0704635	-0.157181	-0.235936	-0.28818	-0.305724	-0.28536	-0.235853	-0.166576	-0.0908124	-0.0343342	0.00138321	0.0270531	0.0371265	0.0343868	0.00863651	-0.0395407	-0.0907545	-0.129278	-0.142631	-0.152188	-0.168298	-0.186313	-0.206865	-0.2187	-0.224041	-0.223425	-0.213092	-0.205666	-0.195453	-0.172389	-0.165183	-0.174194	-0.167147	-0.154664	-0.154664	
-0.216305	-0.117295	0.0168601	0.167118	0.323085	0.465903	0.567201	0.599514	0.559945	0.468209	0.346358	0.211396	0.0641916	-0.0822006	-0.219378	-0.332909	-0.429175	-0.502919	-0.549782	-0.56054	-0.519924	-0.445163	-0.352028	-0.257885	-0.175495	-0.110459	-0.0602207	-0.0195895	0.00577023	0.0115397	0.00605783	-0.00135911	-0.00249087	0.000444645	-0.00295596	-0.0125116	-0.0339898	-0.0631793	-0.0894823	-0.112011	-0.124822	-0.129992	-0.140175	-0.15163	-0.154377	-0.169619	-0.191542	-0.187791	-0.175988	-0.175988	
-0.0673968	0.043939	0.180045	0.323085	0.472022	0.604686	0.681988	0.670279	0.576064	0.422838	0.24723	0.0636475	-0.123009	-0.30173	-0.454773	-0.573356	-0.670525	-0.734368	-0.770928	-0.770188	-0.717046	-0.62593	-0.521169	-0.416273	-0.320167	-0.244106	-0.169934	-0.0972332	-0.0404457	0.00212945	0.0382235	0.0769879	0.115798	0.141501	0.147244	0.136118	0.114031	0.0844644	0.0454047	0.00814274	-0.0222768	-0.0516666	-0.0808969	-0.116638	-0.149444	-0.177815	-0.201201	-0.202796	-0.195836	-0.195836	
0.0801967	0.19835	0.329345	0.465903	0.604686	0.713958	0.752145	0.700341	0.562011	0.361571	0.1376	-0.0869438	-0.30159	-0.498718	-0.654769	-0.773872	-0.863564	-0.910576	-0.927256	-0.9139	-0.855369	-0.762749	-0.663006	-0.556448	-0.455862	-0.376751	-0.292909	-0.197932	-0.108742	-0.0265596	0.0542597	0.132494	0.201144	0.249301	0.270774	0.263714	0.239468	0.207881	0.161611	0.115253	0.0689505	0.0154732	-0.0293148	-0.0785051	-0.129019	-0.161666	-0.184672	-0.198388	-0.202764	-0.202764	
0.208958	0.321985	0.440259	0.567201	0.681988	0.752145	0.754475	0.674775	0.505646	0.272281	0.0161111	-0.225519	-0.446367	-0.646379	-0.805373	-0.919092	-0.989213	-1.01395	-1.01096	-0.988763	-0.930696	-0.846536	-0.759381	-0.665657	-0.572511	-0.490424	-0.399771	-0.297793	-0.193052	-0.0785171	0.0407458	0.151524	0.237579	0.294744	0.332863	0.34127	0.322766	0.291555	0.247436	0.20258	0.150822	0.0857953	0.0238136	-0.0331327	-0.0813615	-0.118511	-0.143477	-0.161583	-0.182593	-0.182593	
0.313236	0.403034	0.501621	0.599514	0.670279	0.700341	0.674775	0.569893	0.381876	0.142885	-0.112696	-0.347417	-0.558903	-0.74699	-0.896215	-0.992968	-1.04481	-1.05272	-1.02896	-0.989061	-0.938728	-0.880529	-0.807434	-0.723318	-0.641379	-0.566846	-0.480398	-0.380078	-0.269404	-0.144119	-0.0140521	0.110828	0.210108	0.274308	0.318029	0.347491	0.352079	0.330668	0.301868	0.268271	0.220163	0.160744	0.0921421	0.030072	-0.0109567	-0.0467262	-0.0769996	-0.101031	-0.127021	-0.127021	
0.394525	0.453693	0.518033	0.559945	0.576064	0.562011	0.505646	0.381876	0.201627	-0.019418	-0.254829	-0.470116	-0.651713	-0.804977	-0.931335	-1.01264	-1.04674	-1.03481	-0.991835	-0.934958	-0.895287	-0.860356	-0.804586	-0.731234	-0.655488	-0.589922	-0.520069	-0.440622	-0.336196	-0.212296	-0.0928841	0.0179584	0.114775	0.187033	0.236673	0.285746	0.323603	0.332107	0.324809	0.306693	0.275909	0.230235	0.171675	0.116532	0.0756038	0.0433419	0.0125149	-0.0165692	-0.0367982	-0.0367982	
0.465819	0.488055	0.494495	0.468209	0.422838	0.361571	0.272281	0.142885	-0.019418	-0.212228	-0.409687	-0.586256	-0.724252	-0.83997	-0.939288	-0.9961	-0.9966	-0.96137	-0.910886	-0.85617	-0.821333	-0.790763	-0.750334	-0.699325	-0.644778	-0.586495	-0.529661	-0.471189	-0.38499	-0.284371	-0.186901	-0.099465	-0.0156729	0.059179	0.115575	0.177722	0.24589	0.297585	0.316873	0.314132	0.305171	0.284012	0.252768	0.214317	0.177118	0.147455	0.117124	0.0913804	0.0783021	0.0783021	
0.523024	0.490385	0.432989	0.346358	0.24723	0.1376	0.0161111	-0.112696	-0.254829	-0.409687	-0.55463	-0.680202	-0.781799	-0.865053	-0.922316	-0.937848	-0.908248	-0.85706	-0.800233	-0.747749	-0.717119	-0.69725	-0.674835	-0.648547	-0.619027	-0.582154	-0.541171	-0.486568	-0.419392	-0.353562	-0.288704	-0.225315	-0.152406	-0.0765301	-0.00784296	0.0606213	0.141716	0.224802	0.273333	0.295571	0.308912	0.31795	0.322912	0.307965	0.283023	0.255454	0.229944	0.217408	0.208018	0.208018	
0.558448	0.464433	0.348549	0.211396	0.0636475	-0.0869438	-0.225519	-0.347417	-0.470116	-0.586256	-0.680202	-0.761747	-0.830729	-0.868593	-0.871187	-0.851303	-0.805658	-0.737982	-0.664827	-0.608371	-0.584221	-0.586469	-0.597949	-0.596611	-0.582516	-0.572295	-0.557896	-0.515046	-0.460841	-0.423801	-0.391602	-0.341222	-0.275216	-0.202959	-0.125916	-0.051753	0.0352028	0.131903	0.205219	0.257993	0.299827	0.337071	0.369616	0.383501	0.376576	0.356962	0.34593	0.347568	0.345532	0.345532	
0.562969	0.41071	0.244792	0.0641916	-0.123009	-0.30159	-0.446367	-0.558903	-0.651713	-0.724252	-0.781799	-0.830729	-0.853206	-0.836187	-0.797956	-0.75116	-0.682998	-0.597345	-0.522567	-0.472564	-0.453257	-0.467643	-0.507875	-0.542969	-0.552667	-0.555758	-0.561609	-0.548031	-0.512664	-0.486502	-0.473401	-0.442884	-0.386095	-0.315513	-0.238389	-0.157973	-0.0685796	0.0297355	0.124157	0.207559	0.279093	0.339104	0.394339	0.439314	0.45387	0.454489	0.461684	0.467645	0.473621	0.473621	
0.530918	0.335636	0.132543	-0.0822006	-0.30173	-0.498718	-0.646379	-0.74699	-0.804977	-0.83997	-0.865053	-0.868593	-0.836187	-0.783911	-0.720684	-0.639135	-0.541878	-0.460251	-0.40208	-0.359787	-0.347694	-0.364699	-0.410537	-0.471755	-0.520737	-0.538251	-0.54252	-0.552432	-0.550608	-0.538185	-0.530835	-0.519168	-0.477751	-0.411195	-0.336566	-0.252303	-0.165948	-0.076967	0.0251209	0.133436	0.236667	0.321924	0.397053	0.471278	0.517657	0.543055	0.569802	0.584182	0.587315	0.587315	
0.484189	0.259557	0.023981	-0.219378	-0.454773	-0.654769	-0.805373	-0.896215	-0.931335	-0.939288	-0.922316	-0.871187	-0.797956	-0.720684	-0.631703	-0.526311	-0.42898	-0.369351	-0.323585	-0.283614	-0.27669	-0.299755	-0.337584	-0.394165	-0.458252	-0.489496	-0.50097	-0.521156	-0.54896	-0.567248	-0.568866	-0.566058	-0.537965	-0.477884	-0.40881	-0.334821	-0.258069	-0.177184	-0.0767273	0.0441056	0.164356	0.27086	0.369363	0.463949	0.544968	0.612706	0.669248	0.700936	0.709438	0.709438	
0.432016	0.189633	-0.0704635	-0.332909	-0.573356	-0.773872	-0.919092	-0.992968	-1.01264	-0.9961	-0.937848	-0.851303	-0.75116	-0.639135	-0.526311	-0.43324	-0.363312	-0.320814	-0.28822	-0.259644	-0.25419	-0.271526	-0.300654	-0.34024	-0.378982	-0.40909	-0.443888	-0.477477	-0.513894	-0.549761	-0.566158	-0.56726	-0.552701	-0.51367	-0.456139	-0.396747	-0.33623	-0.265606	-0.172691	-0.0554838	0.0669175	0.186911	0.307479	0.427905	0.544353	0.655398	0.750562	0.80575	0.822641	0.822641	
0.369369	0.119226	-0.157181	-0.429175	-0.670525	-0.863564	-0.989213	-1.04481	-1.04674	-0.9966	-0.908248	-0.805658	-0.682998	-0.541878	-0.42898	-0.363312	-0.317833	-0.292372	-0.283837	-0.281454	-0.276962	-0.277355	-0.291747	-0.313322	-0.325656	-0.338704	-0.380903	-0.426584	-0.454978	-0.483558	-0.512116	-0.52561	-0.526327	-0.513886	-0.481444	-0.441692	-0.395703	-0.332878	-0.251686	-0.152057	-0.0341459	0.0963887	0.237096	0.384377	0.526115	0.66764	0.790859	0.862343	0.893865	0.893865	
0.315891	0.0497813	-0.235936	-0.502919	-0.734368	-0.910576	-1.01395	-1.05272	-1.03481	-0.96137	-0.85706	-0.737982	-0.597345	-0.460251	-0.369351	-0.320814	-0.292372	-0.287505	-0.301143	-0.314115	-0.313216	-0.302717	-0.292289	-0.292944	-0.293531	-0.293064	-0.319055	-0.360792	-0.389828	-0.410289	-0.438253	-0.463961	-0.479175	-0.486346	-0.479945	-0.460903	-0.43022	-0.377424	-0.300078	-0.210998	-0.102938	0.0303012	0.179414	0.338422	0.490876	0.637768	0.768569	0.853344	0.895729	0.895729	
0.272293	-0.00396841	-0.28818	-0.549782	-0.770928	-0.927256	-1.01096	-1.02896	-0.991835	-0.910886	-0.800233	-0.664827	-0.522567	-0.40208	-0.323585	-0.28822	-0.283837	-0.301143	-0.32139	-0.337877	-0.344584	-0.334708	-0.308694	-0.282142	-0.266687	-0.262282	-0.274449	-0.299363	-0.323413	-0.340078	-0.360076	-0.388706	-0.41941	-0.446286	-0.463964	-0.461818	-0.434897	-0.385215	-0.312445	-0.225505	-0.120878	0.00584825	0.146937	0.297996	0.439562	0.566028	0.680842	0.767336	0.814791	0.814791	
0.238304	-0.0300914	-0.305724	-0.56054	-0.770188	-0.9139	-0.988763	-0.989061	-0.934958	-0.85617	-0.747749	-0.608371	-0.472564	-0.359787	-0.283614	-0.259644	-0.281454	-0.314115	-0.337877	-0.358739	-0.368682	-0.361638	-0.32786	-0.280014	-0.244363	-0.236201	-0.246594	-0.257026	-0.270678	-0.280129	-0.286831	-0.313293	-0.357891	-0.396511	-0.423223	-0.430233	-0.402115	-0.350536	-0.284012	-0.202944	-0.109695	0.00267897	0.132018	0.262439	0.377531	0.471157	0.547765	0.61104	0.651779	0.651779	
0.216378	-0.0315274	-0.28536	-0.519924	-0.717046	-0.855369	-0.930696	-0.938728	-0.895287	-0.821333	-0.717119	-0.584221	-0.453257	-0.347694	-0.27669	-0.25419	-0.276962	-0.313216	-0.344584	-0.368682	-0.376195	-0.361856	-0.32256	-0.272618	-0.234924	-0.223367	-0.225201	-0.231401	-0.243972	-0.247753	-0.246521	-0.260881	-0.291365	-0.321648	-0.343264	-0.346469	-0.324325	-0.283181	-0.224904	-0.155003	-0.0759626	0.0156331	0.113978	0.208785	0.28722	0.342664	0.385164	0.423489	0.44861	0.44861	
0.198981	-0.0109319	-0.235853	-0.445163	-0.62593	-0.762749	-0.846536	-0.880529	-0.860356	-0.790763	-0.69725	-0.586469	-0.467643	-0.364699	-0.299755	-0.271526	-0.277355	-0.302717	-0.334708	-0.361638	-0.361856	-0.338257	-0.302754	-0.268289	-0.242427	-0.224567	-0.215611	-0.22338	-0.233043	-0.228798	-0.223617	-0.222617	-0.224894	-0.229891	-0.232495	-0.227395	-0.212813	-0.182844	-0.139159	-0.0921998	-0.0361236	0.0277705	0.0875881	0.136686	0.172382	0.196894	0.20922	0.216692	0.226095	0.226095	
0.190734	0.0249774	-0.166576	-0.352028	-0.521169	-0.663006	-0.759381	-0.807434	-0.804586	-0.750334	-0.674835	-0.597949	-0.507875	-0.410537	-0.337584	-0.300654	-0.291747	-0.292289	-0.308694	-0.32786	-0.32256	-0.302754	-0.289767	-0.280691	-0.260849	-0.242163	-0.232877	-0.231143	-0.222735	-0.20698	-0.191862	-0.170277	-0.153365	-0.139642	-0.117982	-0.0975009	-0.0851298	-0.0684499	-0.0409353	-0.0163929	0.00726385	0.0354131	0.0523785	0.0534156	0.051992	0.0460604	0.0266757	0.00395303	-0.00985853	-0.00985853	
0.18741	0.0627583	-0.0908124	-0.257885	-0.416273	-0.556448	-0.665657	-0.723318	-0.731234	-0.699325	-0.648547	-0.596611	-0.542969	-0.471755	-0.394165	-0.34024	-0.313322	-0.292944	-0.282142	-0.280014	-0.272618	-0.268289	-0.280691	-0.291271	-0.283583	-0.271643	-0.253121	-0.229303	-0.208486	-0.188231	-0.158889	-0.120494	-0.0889755	-0.0547967	-0.0103427	0.0256011	0.0464384	0.0569915	0.0632444	0.0683735	0.0621883	0.0423133	0.00636229	-0.0452487	-0.0854069	-0.117678	-0.159461	-0.196413	-0.219536	-0.219536	
0.182459	0.0865648	-0.0343342	-0.175495	-0.320167	-0.455862	-0.572511	-0.641379	-0.655488	-0.644778	-0.619027	-0.582516	-0.552667	-0.520737	-0.458252	-0.378982	-0.325656	-0.293531	-0.266687	-0.244363	-0.234924	-0.242427	-0.260849	-0.283583	-0.304112	-0.301059	-0.258142	-0.213129	-0.1959	-0.175716	-0.129905	-0.0806424	-0.0343478	0.0246166	0.0891055	0.138913	0.165772	0.170861	0.163375	0.149672	0.109695	0.0413881	-0.0450544	-0.142528	-0.216457	-0.276123	-0.338175	-0.380421	-0.404985	-0.404985	
0.162385	0.089209	0.00138321	-0.110459	-0.244106	-0.376751	-0.490424	-0.566846	-0.589922	-0.586495	-0.582154	-0.572295	-0.555758	-0.538251	-0.489496	-0.40909	-0.338704	-0.293064	-0.262282	-0.236201	-0.223367	-0.224567	-0.242163	-0.271643	-0.301059	-0.295596	-0.244988	-0.201234	-0.178048	-0.144891	-0.0947407	-0.0441698	0.0172216	0.0907298	0.16119	0.225498	0.258671	0.257819	0.24121	0.205335	0.137809	0.0337659	-0.0927199	-0.217835	-0.323803	-0.417553	-0.497051	-0.544835	-0.567536	-0.567536	
0.137395	0.0893057	0.0270531	-0.0602207	-0.169934	-0.292909	-0.399771	-0.480398	-0.520069	-0.529661	-0.541171	-0.557896	-0.561609	-0.54252	-0.50097	-0.443888	-0.380903	-0.319055	-0.274449	-0.246594	-0.225201	-0.215611	-0.232877	-0.253121	-0.258142	-0.244988	-0.212946	-0.180933	-0.14494	-0.104067	-0.0610011	-0.0051595	0.0667185	0.144165	0.216648	0.278162	0.312805	0.315968	0.286637	0.223136	0.129918	0.00396734	-0.138241	-0.275538	-0.407364	-0.526221	-0.619848	-0.676727	-0.695182	-0.695182	
0.0995341	0.0746205	0.0371265	-0.0195895	-0.0972332	-0.197932	-0.297793	-0.380078	-0.440622	-0.471189	-0.486568	-0.515046	-0.548031	-0.552432	-0.521156	-0.477477	-0.426584	-0.360792	-0.299363	-0.257026	-0.231401	-0.22338	-0.231143	-0.229303	-0.213129	-0.201234	-0.180933	-0.136705	-0.0864733	-0.0521457	-0.0161241	0.0491734	0.126873	0.198336	0.262452	0.305609	0.327166	0.323552	0.279045	0.195095	0.0814013	-0.047998	-0.185791	-0.328539	-0.468079	-0.597436	-0.698886	-0.756985	-0.778641	-0.778641	
0.0315435	0.0396546	0.0343868	0.00577023	-0.0404457	-0.108742	-0.193052	-0.269404	-0.336196	-0.38499	-0.419392	-0.460841	-0.512664	-0.550608	-0.54896	-0.513894	-0.454978	-0.389828	-0.323413	-0.270678	-0.243972	-0.233043	-0.222735	-0.208486	-0.1959	-0.178048	-0.14494	-0.0864733	-0.0291105	0.012887	0.0605062	0.122846	0.192025	0.248551	0.289651	0.309525	0.313618	0.295525	0.224316	0.116128	-0.00395001	-0.125373	-0.246761	-0.37648	-0.505429	-0.626869	-0.727372	-0.789304	-0.818089	-0.818089	
-0.0485029	-0.0145468	0.00863651	0.0115397	0.00212945	-0.0265596	-0.0785171	-0.144119	-0.212296	-0.284371	-0.353562	-0.423801	-0.486502	-0.538185	-0.567248	-0.549761	-0.483558	-0.410289	-0.340078	-0.280129	-0.247753	-0.228798	-0.20698	-0.188231	-0.175716	-0.144891	-0.104067	-0.0521457	0.012887	0.0786584	0.146896	0.206631	0.25668	0.287593	0.293398	0.284287	0.26579	0.225481	0.13676	0.0182052	-0.0979253	-0.209557	-0.317661	-0.425345	-0.530764	-0.627539	-0.714052	-0.779869	-0.812673	-0.812673	
-0.133332	-0.0945668	-0.0395407	0.00605783	0.0382235	0.0542597	0.0407458	-0.0140521	-0.0928841	-0.186901	-0.288704	-0.391602	-0.473401	-0.530835	-0.568866	-0.566158	-0.512116	-0.438253	-0.360076	-0.286831	-0.246521	-0.223617	-0.191862	-0.158889	-0.129905	-0.0947407	-0.0610011	-0.0161241	0.0605062	0.146896	0.221655	0.277001	0.310073	0.308524	0.271028	0.230266	0.182768	0.107738	0.0155498	-0.0843099	-0.181231	-0.278149	-0.377385	-0.466345	-0.548825	-0.618283	-0.678334	-0.735895	-0.765665	-0.765665	
-0.206764	-0.167228	-0.0907545	-0.00135911	0.0769879	0.132494	0.151524	0.110828	0.0179584	-0.099465	-0.225315	-0.341222	-0.442884	-0.519168	-0.566058	-0.56726	-0.52561	-0.463961	-0.388706	-0.313293	-0.260881	-0.222617	-0.170277	-0.120494	-0.0806424	-0.0441698	-0.0051595	0.0491734	0.122846	0.206631	0.277001	0.327112	0.341191	0.303203	0.232506	0.156035	0.0704802	-0.029508	-0.118269	-0.194817	-0.268202	-0.344191	-0.425955	-0.492221	-0.548348	-0.595109	-0.627387	-0.664115	-0.692224	-0.692224	
-0.269863	-0.218529	-0.129278	-0.00249087	0.115798	0.201144	0.237579	0.210108	0.114775	-0.0156729	-0.152406	-0.275216	-0.386095	-0.477751	-0.537965	-0.552701	-0.526327	-0.479175	-0.41941	-0.357891	-0.291365	-0.224894	-0.153365	-0.0889755	-0.0343478	0.0172216	0.0667185	0.126873	0.192025	0.25668	0.310073	0.341191	0.328682	0.266939	0.180508	0.0760861	-0.0415409	-0.153305	-0.237391	-0.301182	-0.36073	-0.418867	-0.475342	-0.516298	-0.547012	-0.566407	-0.563286	-0.566535	-0.584018	-0.584018	
-0.332754	-0.256369	-0.142631	0.000444645	0.141501	0.249301	0.294744	0.274308	0.187033	0.059179	-0.0765301	-0.202959	-0.315513	-0.411195	-0.477884	-0.51367	-0.513886	-0.486346	-0.446286	-0.396511	-0.321648	-0.229891	-0.139642	-0.0547967	0.0246166	0.0907298	0.144165	0.198336	0.248551	0.287593	0.308524	0.303203	0.266939	0.202729	0.113606	-0.00198229	-0.125719	-0.238137	-0.331884	-0.401122	-0.45514	-0.501165	-0.524155	-0.531413	-0.540785	-0.527776	-0.490227	-0.46638	-0.461728	-0.461728	
-0.37808	-0.28628	-0.152188	-0.00295596	0.147244	0.270774	0.332863	0.318029	0.236673	0.115575	-0.00784296	-0.125916	-0.238389	-0.336566	-0.40881	-0.456139	-0.481444	-0.479945	-0.463964	-0.423223	-0.343264	-0.232495	-0.117982	-0.0103427	0.0891055	0.16119	0.216648	0.262452	0.289651	0.293398	0.271028	0.232506	0.180508	0.113606	0.0244588	-0.0890137	-0.203487	-0.307171	-0.402538	-0.477528	-0.529981	-0.559466	-0.553474	-0.53291	-0.513489	-0.474956	-0.424098	-0.384315	-0.36212	-0.36212	
-0.40115	-0.30876	-0.168298	-0.0125116	0.136118	0.263714	0.34127	0.347491	0.285746	0.177722	0.0606213	-0.051753	-0.157973	-0.252303	-0.334821	-0.396747	-0.441692	-0.460903	-0.461818	-0.430233	-0.346469	-0.227395	-0.0975009	0.0256011	0.138913	0.225498	0.278162	0.305609	0.309525	0.284287	0.230266	0.156035	0.0760861	-0.00198229	-0.0890137	-0.185099	-0.284169	-0.379001	-0.459333	-0.524376	-0.568345	-0.576747	-0.553426	-0.515221	-0.465658	-0.416585	-0.372344	-0.327041	-0.299638	-0.299638	
-0.405501	-0.319854	-0.186313	-0.0339898	0.114031	0.239468	0.322766	0.352079	0.323603	0.24589	0.141716	0.0352028	-0.0685796	-0.165948	-0.258069	-0.33623	-0.395703	-0.43022	-0.434897	-0.402115	-0.324325	-0.212813	-0.0851298	0.0464384	0.165772	0.258671	0.312805	0.327166	0.313618	0.26579	0.182768	0.0704802	-0.0415409	-0.125719	-0.203487	-0.284169	-0.365445	-0.442538	-0.501424	-0.544873	-0.569871	-0.563505	-0.532565	-0.481886	-0.41458	-0.36453	-0.330123	-0.289091	-0.265217	-0.265217	
-0.393665	-0.322559	-0.206865	-0.0631793	0.0844644	0.207881	0.291555	0.330668	0.332107	0.297585	0.224802	0.131903	0.0297355	-0.076967	-0.177184	-0.265606	-0.332878	-0.377424	-0.385215	-0.350536	-0.283181	-0.182844	-0.0684499	0.0569915	0.170861	0.257819	0.315968	0.323552	0.295525	0.225481	0.107738	-0.029508	-0.153305	-0.238137	-0.307171	-0.379001	-0.442538	-0.49112	-0.519262	-0.534579	-0.542158	-0.526865	-0.492912	-0.447587	-0.383415	-0.328793	-0.296517	-0.263827	-0.240691	-0.240691	
-0.384826	-0.317821	-0.2187	-0.0894823	0.0454047	0.161611	0.247436	0.301868	0.324809	0.316873	0.273333	0.205219	0.124157	0.0251209	-0.0767273	-0.172691	-0.251686	-0.300078	-0.312445	-0.284012	-0.224904	-0.139159	-0.0409353	0.0632444	0.163375	0.24121	0.286637	0.279045	0.224316	0.13676	0.0155498	-0.118269	-0.237391	-0.331884	-0.402538	-0.459333	-0.501424	-0.519262	-0.520866	-0.517237	-0.5047	-0.474317	-0.435903	-0.399621	-0.352234	-0.302952	-0.274022	-0.255547	-0.240006	-0.240006	
-0.388295	-0.314436	-0.224041	-0.112011	0.00814274	0.115253	0.20258	0.268271	0.306693	0.314132	0.295571	0.257993	0.207559	0.133436	0.0441056	-0.0554838	-0.152057	-0.210998	-0.225505	-0.202944	-0.155003	-0.0921998	-0.0163929	0.0683735	0.149672	0.205335	0.223136	0.195095	0.116128	0.0182052	-0.0843099	-0.194817	-0.301182	-0.401122	-0.477528	-0.524376	-0.544873	-0.534579	-0.517237	-0.497734	-0.457468	-0.409243	-0.370471	-0.339118	-0.310839	-0.283257	-0.266284	-0.264069	-0.26262	-0.26262	
-0.381443	-0.309863	-0.223425	-0.124822	-0.0222768	0.0689505	0.150822	0.220163	0.275909	0.305171	0.308912	0.299827	0.279093	0.236667	0.164356	0.0669175	-0.0341459	-0.102938	-0.120878	-0.109695	-0.0759626	-0.0361236	0.00726385	0.0621883	0.109695	0.137809	0.129918	0.0814013	-0.00395001	-0.0979253	-0.181231	-0.268202	-0.36073	-0.45514	-0.529981	-0.568345	-0.569871	-0.542158	-0.5047	-0.457468	-0.39987	-0.348615	-0.310132	-0.286121	-0.276205	-0.268205	-0.269078	-0.282019	-0.285897	-0.285897	
-0.357498	-0.292499	-0.213092	-0.129992	-0.0516666	0.0154732	0.0857953	0.160744	0.230235	0.284012	0.31795	0.337071	0.339104	0.321924	0.27086	0.186911	0.0963887	0.0303012	0.00584825	0.00267897	0.0156331	0.0277705	0.0354131	0.0423133	0.0413881	0.0337659	0.00396734	-0.047998	-0.125373	-0.209557	-0.278149	-0.344191	-0.418867	-0.501165	-0.559466	-0.576747	-0.563505	-0.526865	-0.474317	-0.409243	-0.348615	-0.305956	-0.272775	-0.252207	-0.252194	-0.261271	-0.27524	-0.292326	-0.299079	-0.299079	
-0.333716	-0.272295	-0.205666	-0.140175	-0.0808969	-0.0293148	0.0238136	0.0921421	0.171675	0.252768	0.322912	0.369616	0.394339	0.397053	0.369363	0.307479	0.237096	0.179414	0.146937	0.132018	0.113978	0.0875881	0.0523785	0.00636229	-0.0450544	-0.0927199	-0.138241	-0.185791	-0.246761	-0.317661	-0.377385	-0.425955	-0.475342	-0.524155	-0.553474	-0.553426	-0.532565	-0.492912	-0.435903	-0.370471	-0.310132	-0.272775	-0.252891	-0.23903	-0.244852	-0.265105	-0.280235	-0.290936	-0.297621	-0.297621	
-0.309029	-0.249599	-0.195453	-0.15163	-0.116638	-0.0785051	-0.0331327	0.030072	0.116532	0.214317	0.307965	0.383501	0.439314	0.471278	0.463949	0.427905	0.384377	0.338422	0.297996	0.262439	0.208785	0.136686	0.0534156	-0.0452487	-0.142528	-0.217835	-0.275538	-0.328539	-0.37648	-0.425345	-0.466345	-0.492221	-0.516298	-0.531413	-0.53291	-0.515221	-0.481886	-0.447587	-0.399621	-0.339118	-0.286121	-0.252207	-0.23903	-0.237825	-0.248779	-0.268378	-0.280875	-0.286721	-0.292743	-0.292743	
-0.272721	-0.212496	-0.172389	-0.154377	-0.149444	-0.129019	-0.0813615	-0.0109567	0.0756038	0.177118	0.283023	0.376576	0.45387	0.517657	0.544968	0.544353	0.526115	0.490876	0.439562	0.377531	0.28722	0.172382	0.051992	-0.0854069	-0.216457	-0.323803	-0.407364	-0.468079	-0.505429	-0.530764	-0.548825	-0.548348	-0.547012	-0.540785	-0.513489	-0.465658	-0.41458	-0.383415	-0.352234	-0.310839	-0.276205	-0.252194	-0.244852	-0.248779	-0.254939	-0.268576	-0.276414	-0.27707	-0.286598	-0.286598	
-0.235165	-0.181462	-0.165183	-0.169619	-0.177815	-0.161666	-0.118511	-0.0467262	0.0433419	0.147455	0.255454	0.356962	0.454489	0.543055	0.612706	0.655398	0.66764	0.637768	0.566028	0.471157	0.342664	0.196894	0.0460604	-0.117678	-0.276123	-0.417553	-0.526221	-0.597436	-0.626869	-0.627539	-0.618283	-0.595109	-0.566407	-0.527776	-0.474956	-0.416585	-0.36453	-0.328793	-0.302952	-0.283257	-0.268205	-0.261271	-0.265105	-0.268378	-0.268576	-0.269985	-0.268427	-0.266407	-0.269585	-0.269585	
-0.217581	-0.173496	-0.174194	-0.191542	-0.201201	-0.184672	-0.143477	-0.0769996	0.0125149	0.117124	0.229944	0.34593	0.461684	0.569802	0.669248	0.750562	0.790859	0.768569	0.680842	0.547765	0.385164	0.20922	0.0266757	-0.159461	-0.338175	-0.497051	-0.619848	-0.698886	-0.727372	-0.714052	-0.678334	-0.627387	-0.563286	-0.490227	-0.424098	-0.372344	-0.330123	-0.296517	-0.274022	-0.266284	-0.269078	-0.27524	-0.280235	-0.280875	-0.276414	-0.268427	-0.262228	-0.258728	-0.255566	-0.255566	
-0.217038	-0.169587	-0.167147	-0.187791	-0.202796	-0.198388	-0.161583	-0.101031	-0.0165692	0.0913804	0.217408	0.347568	0.467645	0.584182	0.700936	0.80575	0.862343	0.853344	0.767336	0.61104	0.423489	0.216692	0.00395303	-0.196413	-0.380421	-0.544835	-0.676727	-0.756985	-0.789304	-0.779869	-0.735895	-0.664115	-0.566535	-0.46638	-0.384315	-0.327041	-0.289091	-0.263827	-0.255547	-0.264069	-0.282019	-0.292326	-0.290936	-0.286721	-0.27707	-0.266407	-0.258728	-0.251341	-0.248271	-0.248271	
-0.217568	-0.162666	-0.154664	-0.175988	-0.195836	-0.202764	-0.182593	-0.127021	-0.0367982	0.0783021	0.208018	0.345532	0.473621	0.587315	0.709438	0.822641	0.893865	0.895729	0.814791	0.651779	0.44861	0.226095	-0.00985853	-0.219536	-0.404985	-0.567536	-0.695182	-0.778641	-0.818089	-0.812673	-0.765665	-0.692224	-0.584018	-0.461728	-0.36212	-0.299638	-0.265217	-0.240691	-0.240006	-0.26262	-0.285897	-0.299079	-0.297621	-0.292743	-0.286598	-0.269585	-0.255566	-0.248271	-0.237205	-0.237205	
-0.217568	-0.162666	-0.154664	-0.175988	-0.195836	-0.202764	-0.182593	-0.127021	-0.0367982	0.0783021	0.208018	0.345532	0.473621	0.587315	0.709438	0.822641	0.893865	0.895729	0.814791	0.651779	0.44861	0.226095	-0.00985853	-0.219536	-0.404985	-0.567536	-0.695182	-0.778641	-0.818089	-0.812673	-0.765665	-0.692224	-0.584018	-0.461728	-0.36212	-0.299638	-0.265217	-0.240691	-0.240006	-0.26262	-0.285897	-0.299079	-0.297621	-0.292743	-0.286598	-0.269585	-0.255566	-0.248271	-0.237205	-0.237205	
