-1.2996	-1.2996	-0.487386	0.121439	0.537761	-0.283364	
-1.2996	-1.2996	-0.487386	0.121439	0.537761	-0.283364	
-0.487386	-0.487386	0.407054	0.919167	0.706147	-0.258385	
0.121439	0.121439	0.919167	0.886673	0.53484	-0.299073	
0.537761	0.537761	0.706147	0.53484	-0.110277	0.0835519	
-0.283364	-0.283364	-0.258385	-0.299073	0.0835519	0.412399	
