-0.369651	-0.369651	-0.41343	-0.471579	-0.543063	-0.625504	-0.6923	-0.740727	-0.770656	-0.759966	-0.690357	-0.578424	-0.444494	-0.285199	-0.0915172	0.108982	0.286437	0.439478	0.549949	0.602203	0.605861	0.589562	0.564472	0.544843	0.524003	0.490579	0.445002	0.411998	0.408036	0.427066	0.468661	0.522336	0.564564	0.572092	0.520755	0.391665	0.18684	-0.0587454	-0.317229	-0.553801	-0.723855	-0.802497	-0.804396	-0.745564	-0.649013	-0.561863	-0.509701	-0.494553	-0.509963	-0.558475	
-0.369651	-0.369651	-0.41343	-0.471579	-0.543063	-0.625504	-0.6923	-0.740727	-0.770656	-0.759966	-0.690357	-0.578424	-0.444494	-0.285199	-0.0915172	0.108982	0.286437	0.439478	0.549949	0.602203	0.605861	0.589562	0.564472	0.544843	0.524003	0.490579	0.445002	0.411998	0.408036	0.427066	0.468661	0.522336	0.564564	0.572092	0.520755	0.391665	0.18684	-0.0587454	-0.317229	-0.553801	-0.723855	-0.802497	-0.804396	-0.745564	-0.649013	-0.561863	-0.509701	-0.494553	-0.509963	-0.558475	
-0.41343	-0.41343	-0.436911	-0.482167	-0.548448	-0.618793	-0.672629	-0.714748	-0.733954	-0.713768	-0.650371	-0.550915	-0.419427	-0.261793	-0.0817259	0.0995824	0.258279	0.396022	0.5027	0.566125	0.586199	0.580868	0.560317	0.53861	0.512979	0.476909	0.437977	0.418322	0.424881	0.445812	0.48473	0.534936	0.570509	0.568482	0.512123	0.386388	0.189637	-0.0489534	-0.300992	-0.533097	-0.706492	-0.796879	-0.811912	-0.762195	-0.669731	-0.579124	-0.519803	-0.499193	-0.509686	-0.546916	
-0.471579	-0.471579	-0.482167	-0.509956	-0.555157	-0.599215	-0.632936	-0.660093	-0.664407	-0.632521	-0.571475	-0.483203	-0.366397	-0.23112	-0.0813855	0.0680991	0.199728	0.31691	0.417641	0.492611	0.533501	0.547029	0.535985	0.516784	0.487534	0.451542	0.424452	0.428323	0.454812	0.48323	0.520145	0.561312	0.579126	0.556091	0.488846	0.369098	0.186934	-0.0355861	-0.27274	-0.498388	-0.683512	-0.799932	-0.839514	-0.803759	-0.711404	-0.608893	-0.531252	-0.498489	-0.500844	-0.527746	
-0.543063	-0.543063	-0.548448	-0.555157	-0.568377	-0.585092	-0.589111	-0.583791	-0.565283	-0.527079	-0.464541	-0.384036	-0.293454	-0.195317	-0.0843324	0.0276925	0.125498	0.221413	0.316144	0.40072	0.46274	0.494732	0.494309	0.477715	0.453924	0.428855	0.422337	0.448363	0.491541	0.526852	0.558663	0.58548	0.586325	0.548532	0.472608	0.353738	0.186074	-0.0150924	-0.234101	-0.455091	-0.653296	-0.796622	-0.865217	-0.847036	-0.758829	-0.648579	-0.557754	-0.506145	-0.492014	-0.504806	
-0.625504	-0.625504	-0.618793	-0.599215	-0.585092	-0.574614	-0.541554	-0.490407	-0.445469	-0.400789	-0.341715	-0.276012	-0.216187	-0.154932	-0.0809467	-0.0100978	0.0498601	0.118083	0.201171	0.289787	0.36575	0.415005	0.428	0.425263	0.417489	0.417278	0.434628	0.476377	0.525226	0.559964	0.585767	0.603775	0.598155	0.55772	0.480208	0.359784	0.192942	-3.91944e-05	-0.207655	-0.423313	-0.627054	-0.786078	-0.875507	-0.878121	-0.801693	-0.694969	-0.596587	-0.528022	-0.488849	-0.482494	
-0.6923	-0.6923	-0.672629	-0.632936	-0.589111	-0.541554	-0.469897	-0.390049	-0.323041	-0.266953	-0.212894	-0.170122	-0.142075	-0.11594	-0.0809363	-0.0460902	-0.019513	0.0182386	0.076981	0.150728	0.22588	0.290519	0.334834	0.36265	0.386644	0.414284	0.449957	0.495456	0.544394	0.580913	0.605858	0.621648	0.618298	0.58349	0.506414	0.379552	0.210284	0.0172048	-0.194987	-0.417943	-0.625596	-0.788254	-0.887528	-0.902856	-0.83919	-0.737423	-0.636302	-0.549003	-0.484405	-0.454083	
-0.740727	-0.740727	-0.714748	-0.660093	-0.583791	-0.490407	-0.390049	-0.297098	-0.216556	-0.146858	-0.0976448	-0.0735542	-0.0702108	-0.0775751	-0.0793744	-0.0767512	-0.0767272	-0.067161	-0.0372761	0.00911125	0.0685149	0.145158	0.223121	0.294407	0.355607	0.410857	0.460027	0.511361	0.560951	0.597324	0.62456	0.643806	0.644319	0.613794	0.540677	0.415851	0.242924	0.0386491	-0.187446	-0.420756	-0.633708	-0.798745	-0.900313	-0.925344	-0.871556	-0.772651	-0.660512	-0.559176	-0.4774	-0.429755	
-0.770656	-0.770656	-0.733954	-0.664407	-0.565283	-0.445469	-0.323041	-0.216556	-0.125883	-0.0551348	-0.0125576	0.00175934	-0.0090031	-0.0374688	-0.0693513	-0.0994984	-0.128943	-0.142322	-0.134272	-0.110133	-0.0628813	0.0136637	0.10954	0.21015	0.306726	0.389238	0.45993	0.523694	0.577503	0.616213	0.644879	0.664918	0.668236	0.641807	0.570536	0.448358	0.279106	0.0702975	-0.168538	-0.414276	-0.634901	-0.804929	-0.911726	-0.940916	-0.895183	-0.798115	-0.680436	-0.56577	-0.474701	-0.415471	
-0.759966	-0.759966	-0.713768	-0.632521	-0.527079	-0.400789	-0.266953	-0.146858	-0.0551348	0.00832121	0.0446031	0.0531755	0.0344259	-0.00583436	-0.059639	-0.122436	-0.180236	-0.215475	-0.225734	-0.212303	-0.172716	-0.103826	-0.00888754	0.107608	0.224794	0.330753	0.426305	0.513968	0.587356	0.642105	0.6796	0.699817	0.69745	0.662601	0.589072	0.470929	0.303769	0.0932975	-0.147117	-0.39866	-0.632661	-0.818258	-0.932571	-0.963929	-0.91506	-0.813802	-0.689184	-0.572897	-0.479816	-0.416891	
-0.690357	-0.690357	-0.650371	-0.571475	-0.464541	-0.341715	-0.212894	-0.0976448	-0.0125576	0.0446031	0.0775933	0.0819658	0.056271	0.0072376	-0.0621652	-0.142515	-0.216678	-0.271152	-0.297734	-0.293888	-0.262073	-0.205218	-0.115098	0.000956368	0.126679	0.248702	0.365229	0.476221	0.580559	0.666488	0.721814	0.744846	0.733548	0.688488	0.609764	0.491336	0.326817	0.119821	-0.122066	-0.38225	-0.629336	-0.828369	-0.950027	-0.978273	-0.927052	-0.82439	-0.705111	-0.590349	-0.492563	-0.418762	
-0.578424	-0.578424	-0.550915	-0.483203	-0.384036	-0.276012	-0.170122	-0.0735542	0.00175934	0.0531755	0.0819658	0.0823974	0.0510579	-0.00597459	-0.0790471	-0.158016	-0.235111	-0.299444	-0.337321	-0.34629	-0.332612	-0.290465	-0.211984	-0.10156	0.0287503	0.163523	0.294037	0.427834	0.56083	0.67204	0.746763	0.780931	0.771169	0.724942	0.647929	0.526773	0.353633	0.135676	-0.112381	-0.373786	-0.623075	-0.824514	-0.945404	-0.97848	-0.934039	-0.839606	-0.726859	-0.613756	-0.505147	-0.413081	
-0.444494	-0.444494	-0.419427	-0.366397	-0.293454	-0.216187	-0.142075	-0.0702108	-0.0090031	0.0344259	0.056271	0.0510579	0.0133996	-0.045024	-0.108953	-0.174411	-0.240921	-0.30127	-0.344742	-0.374075	-0.382834	-0.360945	-0.29845	-0.19675	-0.0629216	0.0792098	0.223365	0.374001	0.520225	0.645568	0.740741	0.795486	0.801928	0.767433	0.691144	0.565414	0.383898	0.150703	-0.111571	-0.375797	-0.616508	-0.807948	-0.927329	-0.967463	-0.940619	-0.863983	-0.759973	-0.637615	-0.511634	-0.399966	
-0.285199	-0.285199	-0.261793	-0.23112	-0.195317	-0.154932	-0.11594	-0.0775751	-0.0374688	-0.00583436	0.0072376	-0.00597459	-0.045024	-0.0953553	-0.145674	-0.19376	-0.241106	-0.28885	-0.338149	-0.383155	-0.410964	-0.409896	-0.364997	-0.273454	-0.149238	-0.00928585	0.146128	0.3089	0.459564	0.594412	0.707237	0.788006	0.825701	0.80979	0.735127	0.60389	0.413352	0.167739	-0.103957	-0.368632	-0.601528	-0.785064	-0.906602	-0.960715	-0.951768	-0.891285	-0.79104	-0.658873	-0.515713	-0.384806	
-0.0915172	-0.0915172	-0.0817259	-0.0813855	-0.0843324	-0.0809467	-0.0809363	-0.0793744	-0.0693513	-0.059639	-0.0621652	-0.0790471	-0.108953	-0.145674	-0.18429	-0.219759	-0.250777	-0.291328	-0.340687	-0.386923	-0.419323	-0.430442	-0.400847	-0.334159	-0.234746	-0.0994562	0.0651181	0.227533	0.377348	0.521606	0.653755	0.765761	0.838944	0.847309	0.777489	0.639739	0.441927	0.193763	-0.0823128	-0.353716	-0.58592	-0.770225	-0.898817	-0.962188	-0.967249	-0.915535	-0.814043	-0.673725	-0.515648	-0.367774	
0.108982	0.108982	0.0995824	0.0680991	0.0276925	-0.0100978	-0.0460902	-0.0767512	-0.0994984	-0.122436	-0.142515	-0.158016	-0.174411	-0.19376	-0.219759	-0.247408	-0.275985	-0.313418	-0.355166	-0.388986	-0.412024	-0.421045	-0.406044	-0.37143	-0.298953	-0.175018	-0.0222596	0.131058	0.283297	0.439658	0.58974	0.729704	0.83492	0.872365	0.818598	0.677743	0.473071	0.225511	-0.0525352	-0.332539	-0.580418	-0.778167	-0.910692	-0.976071	-0.980865	-0.919562	-0.809564	-0.664787	-0.502696	-0.348134	
0.286437	0.286437	0.258279	0.199728	0.125498	0.0498601	-0.019513	-0.0767272	-0.128943	-0.180236	-0.216678	-0.235111	-0.240921	-0.241106	-0.250777	-0.275985	-0.304002	-0.335173	-0.365592	-0.38581	-0.390337	-0.387765	-0.382831	-0.37073	-0.319575	-0.224701	-0.104471	0.0304458	0.184101	0.354375	0.527341	0.685352	0.805617	0.868793	0.841884	0.715941	0.51568	0.264617	-0.0182945	-0.309824	-0.577686	-0.792113	-0.926448	-0.985091	-0.978176	-0.901551	-0.77823	-0.628281	-0.46853	-0.317694	
0.439478	0.439478	0.396022	0.31691	0.221413	0.118083	0.0182386	-0.067161	-0.142322	-0.215475	-0.271152	-0.299444	-0.30127	-0.28885	-0.291328	-0.313418	-0.335173	-0.355669	-0.376568	-0.383317	-0.371923	-0.363415	-0.360087	-0.349528	-0.316441	-0.264153	-0.184505	-0.0645683	0.0899724	0.27113	0.456294	0.623279	0.754817	0.835807	0.833481	0.736264	0.549331	0.294996	0.00648048	-0.289749	-0.570547	-0.796537	-0.937467	-0.991899	-0.969932	-0.8746	-0.73679	-0.576753	-0.416813	-0.267919	
0.549949	0.549949	0.5027	0.417641	0.316144	0.201171	0.076981	-0.0372761	-0.134272	-0.225734	-0.297734	-0.337321	-0.344742	-0.338149	-0.340687	-0.355166	-0.365592	-0.376568	-0.387226	-0.382386	-0.367759	-0.361765	-0.355132	-0.341996	-0.326419	-0.305142	-0.247395	-0.140876	0.00842785	0.189608	0.379821	0.55578	0.69704	0.785004	0.800174	0.732248	0.564246	0.312661	0.0214302	-0.279477	-0.561537	-0.793458	-0.941859	-0.993675	-0.958001	-0.846596	-0.691536	-0.522276	-0.357855	-0.206126	
0.602203	0.602203	0.566125	0.492611	0.40072	0.289787	0.150728	0.00911125	-0.110133	-0.212303	-0.293888	-0.34629	-0.374075	-0.383155	-0.386923	-0.388986	-0.38581	-0.383317	-0.382386	-0.373975	-0.364731	-0.362924	-0.355011	-0.345723	-0.340328	-0.326059	-0.275075	-0.177591	-0.0402161	0.126276	0.305296	0.488097	0.639558	0.731204	0.75136	0.698026	0.548058	0.31285	0.027008	-0.272474	-0.54931	-0.77541	-0.917949	-0.960448	-0.915805	-0.792501	-0.629258	-0.455785	-0.288674	-0.138364	
0.605861	0.605861	0.586199	0.533501	0.46274	0.36575	0.22588	0.0685149	-0.0628813	-0.172716	-0.262073	-0.332612	-0.382834	-0.410964	-0.419323	-0.412024	-0.390337	-0.371923	-0.367759	-0.364731	-0.35961	-0.358216	-0.356188	-0.355739	-0.348346	-0.322468	-0.268297	-0.180763	-0.0590029	0.0903121	0.256788	0.431308	0.576847	0.66731	0.688328	0.63356	0.493954	0.279753	0.0131441	-0.272751	-0.534375	-0.741318	-0.860457	-0.885696	-0.831042	-0.702754	-0.536967	-0.36124	-0.196648	-0.0542479	
0.589562	0.589562	0.580868	0.547029	0.494732	0.415005	0.290519	0.145158	0.0136637	-0.103826	-0.205218	-0.290465	-0.360945	-0.409896	-0.430442	-0.421045	-0.387765	-0.363415	-0.361765	-0.362924	-0.358216	-0.360729	-0.368376	-0.373056	-0.357661	-0.318945	-0.260961	-0.177467	-0.0629288	0.0783689	0.22985	0.377287	0.497713	0.577924	0.594952	0.537542	0.408627	0.218018	-0.0196017	-0.275251	-0.510624	-0.690096	-0.785465	-0.792322	-0.726764	-0.592442	-0.42125	-0.244778	-0.0859135	0.0447283	
0.564472	0.564472	0.560317	0.535985	0.494309	0.428	0.334834	0.223121	0.10954	-0.00888754	-0.115098	-0.211984	-0.29845	-0.364997	-0.400847	-0.406044	-0.382831	-0.360087	-0.355132	-0.355011	-0.356188	-0.368376	-0.384895	-0.388815	-0.365557	-0.31894	-0.257517	-0.174097	-0.0584457	0.0808313	0.216596	0.32446	0.406402	0.466088	0.479161	0.431682	0.319832	0.153833	-0.0528606	-0.270062	-0.467995	-0.61591	-0.690082	-0.687036	-0.610643	-0.464048	-0.286875	-0.114303	0.0326963	0.151704	
0.544843	0.544843	0.53861	0.516784	0.477715	0.425263	0.36265	0.294407	0.21015	0.107608	0.000956368	-0.10156	-0.19675	-0.273454	-0.334159	-0.37143	-0.37073	-0.349528	-0.341996	-0.345723	-0.355739	-0.373056	-0.388815	-0.386	-0.354169	-0.302813	-0.235741	-0.150067	-0.0376207	0.0883941	0.197675	0.271619	0.319504	0.35269	0.356251	0.323009	0.234712	0.0920268	-0.0820237	-0.259896	-0.412877	-0.517891	-0.563938	-0.55071	-0.467117	-0.313204	-0.132443	0.0299973	0.163202	0.266319	
0.524003	0.524003	0.512979	0.487534	0.453924	0.417489	0.386644	0.355607	0.306726	0.224794	0.126679	0.0287503	-0.0629216	-0.149238	-0.234746	-0.298953	-0.319575	-0.316441	-0.326419	-0.340328	-0.348346	-0.357661	-0.365557	-0.354169	-0.316148	-0.258926	-0.187845	-0.102419	-0.00654045	0.088452	0.164431	0.218935	0.247277	0.255762	0.245727	0.220189	0.149656	0.0375924	-0.0967399	-0.236364	-0.345199	-0.402936	-0.4129	-0.379197	-0.289032	-0.137658	0.0340532	0.189827	0.309353	0.394925	
0.490579	0.490579	0.476909	0.451542	0.428855	0.417278	0.414284	0.410857	0.389238	0.330753	0.248702	0.163523	0.0792098	-0.00928585	-0.0994562	-0.175018	-0.224701	-0.264153	-0.305142	-0.326059	-0.322468	-0.318945	-0.31894	-0.302813	-0.258926	-0.197331	-0.129987	-0.0580342	0.00949417	0.0673072	0.113746	0.155609	0.17369	0.165788	0.149202	0.120914	0.0683998	-0.00510694	-0.089568	-0.181815	-0.250079	-0.271909	-0.249305	-0.187084	-0.0898684	0.0473816	0.205907	0.344721	0.450672	0.521296	
0.445002	0.445002	0.437977	0.424452	0.422337	0.434628	0.449957	0.460027	0.45993	0.426305	0.365229	0.294037	0.223365	0.146128	0.0651181	-0.0222596	-0.104471	-0.184505	-0.247395	-0.275075	-0.268297	-0.260961	-0.257517	-0.235741	-0.187845	-0.129987	-0.0791845	-0.0320784	0.00521086	0.0271686	0.0513793	0.0805502	0.0940591	0.0848464	0.0693963	0.0454026	0.00969645	-0.0245223	-0.0591808	-0.0946117	-0.121301	-0.117908	-0.0707197	0.0133896	0.117823	0.244914	0.375485	0.486178	0.570656	0.621951	
0.411998	0.411998	0.418322	0.428323	0.448363	0.476377	0.495456	0.511361	0.523694	0.513968	0.476221	0.427834	0.374001	0.3089	0.227533	0.131058	0.0304458	-0.0645683	-0.140876	-0.177591	-0.180763	-0.177467	-0.174097	-0.150067	-0.102419	-0.0580342	-0.0320784	-0.0178989	-0.00827446	-0.0104479	-0.00512456	0.00841528	0.0206491	0.0223632	0.0185733	0.00642555	-0.01009	-0.0175575	-0.00879677	0.0111711	0.0317007	0.0669449	0.135462	0.224467	0.330586	0.444537	0.545341	0.619035	0.672483	0.69995	
0.408036	0.408036	0.424881	0.454812	0.491541	0.525226	0.544394	0.560951	0.577503	0.587356	0.580559	0.56083	0.520225	0.459564	0.377348	0.283297	0.184101	0.0899724	0.00842785	-0.0402161	-0.0590029	-0.0629288	-0.0584457	-0.0376207	-0.00654045	0.00949417	0.00521086	-0.00827446	-0.0230645	-0.0417094	-0.0492015	-0.0409814	-0.0303153	-0.0192125	-0.0114905	-0.0029336	0.00582122	0.027231	0.0730372	0.133547	0.202901	0.2786	0.358549	0.439394	0.530083	0.622133	0.69561	0.743258	0.764397	0.76238	
0.427066	0.427066	0.445812	0.48323	0.526852	0.559964	0.580913	0.597324	0.616213	0.642105	0.666488	0.67204	0.645568	0.594412	0.521606	0.439658	0.354375	0.27113	0.189608	0.126276	0.0903121	0.0783689	0.0808313	0.0883941	0.088452	0.0673072	0.0271686	-0.0104479	-0.0417094	-0.0617178	-0.0751899	-0.0748875	-0.0651596	-0.0453298	-0.0213641	0.00936903	0.0538028	0.11187	0.18894	0.282093	0.387893	0.494137	0.577716	0.640587	0.699744	0.76021	0.812476	0.836489	0.832136	0.809788	
0.468661	0.468661	0.48473	0.520145	0.558663	0.585767	0.605858	0.62456	0.644879	0.6796	0.721814	0.746763	0.740741	0.707237	0.653755	0.58974	0.527341	0.456294	0.379821	0.305296	0.256788	0.22985	0.216596	0.197675	0.164431	0.113746	0.0513793	-0.00512456	-0.0492015	-0.0751899	-0.0925997	-0.0991411	-0.0855863	-0.0551033	-0.0103706	0.0466612	0.122136	0.213034	0.319472	0.440639	0.570968	0.691378	0.772493	0.817066	0.847272	0.876086	0.895653	0.889399	0.862893	0.825342	
0.522336	0.522336	0.534936	0.561312	0.58548	0.603775	0.621648	0.643806	0.664918	0.699817	0.744846	0.780931	0.795486	0.788006	0.765761	0.729704	0.685352	0.623279	0.55578	0.488097	0.431308	0.377287	0.32446	0.271619	0.218935	0.155609	0.0805502	0.00841528	-0.0409814	-0.0748875	-0.0991411	-0.108829	-0.0850266	-0.0366397	0.0332545	0.113345	0.206068	0.318576	0.452627	0.594079	0.734289	0.849797	0.923588	0.955482	0.969792	0.97264	0.951834	0.9069	0.858428	0.813753	
0.564564	0.564564	0.570509	0.579126	0.586325	0.598155	0.618298	0.644319	0.668236	0.69745	0.733548	0.771169	0.801928	0.825701	0.838944	0.83492	0.805617	0.754817	0.69704	0.639558	0.576847	0.497713	0.406402	0.319504	0.247277	0.17369	0.0940591	0.0206491	-0.0303153	-0.0651596	-0.0855863	-0.0850266	-0.053583	0.0105639	0.102841	0.200202	0.307095	0.43364	0.578074	0.7203	0.851078	0.948798	1.00864	1.03807	1.04234	1.02318	0.97002	0.894819	0.828955	0.780247	
0.572092	0.572092	0.568482	0.556091	0.548532	0.55772	0.58349	0.613794	0.641807	0.662601	0.688488	0.724942	0.767433	0.80979	0.847309	0.872365	0.868793	0.835807	0.785004	0.731204	0.66731	0.577924	0.466088	0.35269	0.255762	0.165788	0.0848464	0.0223632	-0.0192125	-0.0453298	-0.0551033	-0.0366397	0.0105639	0.0918261	0.198286	0.309665	0.426339	0.549572	0.67736	0.799151	0.900219	0.976112	1.02582	1.04908	1.04097	1.00865	0.944559	0.862605	0.793934	0.744788	
0.520755	0.520755	0.512123	0.488846	0.472608	0.480208	0.506414	0.540677	0.570536	0.589072	0.609764	0.647929	0.691144	0.735127	0.777489	0.818598	0.841884	0.833481	0.800174	0.75136	0.688328	0.594952	0.479161	0.356251	0.245727	0.149202	0.0693963	0.0185733	-0.0114905	-0.0213641	-0.0103706	0.0332545	0.102841	0.198286	0.312907	0.436602	0.550587	0.649089	0.730786	0.808587	0.872113	0.925948	0.964271	0.976717	0.964788	0.934646	0.879229	0.813613	0.748928	0.70029	
0.391665	0.391665	0.386388	0.369098	0.353738	0.359784	0.379552	0.415851	0.448358	0.470929	0.491336	0.526773	0.565414	0.60389	0.639739	0.677743	0.715941	0.736264	0.732248	0.698026	0.63356	0.537542	0.431682	0.323009	0.220189	0.120914	0.0454026	0.00642555	-0.0029336	0.00936903	0.0466612	0.113345	0.200202	0.309665	0.436602	0.563324	0.66127	0.71627	0.74582	0.765538	0.789653	0.810078	0.824086	0.822762	0.815246	0.800304	0.769553	0.726069	0.675379	0.638641	
0.18684	0.18684	0.189637	0.186934	0.186074	0.192942	0.210284	0.242924	0.279106	0.303769	0.326817	0.353633	0.383898	0.413352	0.441927	0.473071	0.51568	0.549331	0.564246	0.548058	0.493954	0.408627	0.319832	0.234712	0.149656	0.0683998	0.00969645	-0.01009	0.00582122	0.0538028	0.122136	0.206068	0.307095	0.426339	0.550587	0.66127	0.731048	0.741855	0.719484	0.688002	0.665777	0.638901	0.61605	0.604487	0.601501	0.607064	0.60378	0.589507	0.568853	0.559479	
-0.0587454	-0.0587454	-0.0489534	-0.0355861	-0.0150924	-3.91944e-05	0.0172048	0.0386491	0.0702975	0.0932975	0.119821	0.135676	0.150703	0.167739	0.193763	0.225511	0.264617	0.294996	0.312661	0.31285	0.279753	0.218018	0.153833	0.0920268	0.0375924	-0.00510694	-0.0245223	-0.0175575	0.027231	0.11187	0.213034	0.318576	0.43364	0.549572	0.649089	0.71627	0.741855	0.716065	0.658234	0.583172	0.506153	0.432952	0.378094	0.359201	0.361654	0.381471	0.401143	0.417996	0.436687	0.463317	
-0.317229	-0.317229	-0.300992	-0.27274	-0.234101	-0.207655	-0.194987	-0.187446	-0.168538	-0.147117	-0.122066	-0.112381	-0.111571	-0.103957	-0.0823128	-0.0525352	-0.0182945	0.00648048	0.0214302	0.027008	0.0131441	-0.0196017	-0.0528606	-0.0820237	-0.0967399	-0.089568	-0.0591808	-0.00879677	0.0730372	0.18894	0.319472	0.452627	0.578074	0.67736	0.730786	0.74582	0.719484	0.658234	0.55928	0.439373	0.317932	0.212813	0.14304	0.123339	0.12765	0.153475	0.185154	0.229128	0.283866	0.343259	
-0.553801	-0.553801	-0.533097	-0.498388	-0.455091	-0.423313	-0.417943	-0.420756	-0.414276	-0.39866	-0.38225	-0.373786	-0.375797	-0.368632	-0.353716	-0.332539	-0.309824	-0.289749	-0.279477	-0.272474	-0.272751	-0.275251	-0.270062	-0.259896	-0.236364	-0.181815	-0.0946117	0.0111711	0.133547	0.282093	0.440639	0.594079	0.7203	0.799151	0.808587	0.765538	0.688002	0.583172	0.439373	0.277254	0.123841	-0.00395702	-0.0840131	-0.110005	-0.102339	-0.0684458	-0.0224464	0.0363657	0.117878	0.208211	
-0.723855	-0.723855	-0.706492	-0.683512	-0.653296	-0.627054	-0.625596	-0.633708	-0.634901	-0.632661	-0.629336	-0.623075	-0.616508	-0.601528	-0.58592	-0.580418	-0.577686	-0.570547	-0.561537	-0.54931	-0.534375	-0.510624	-0.467995	-0.412877	-0.345199	-0.250079	-0.121301	0.0317007	0.202901	0.387893	0.570968	0.734289	0.851078	0.900219	0.872113	0.789653	0.665777	0.506153	0.317932	0.123841	-0.0530915	-0.199855	-0.293336	-0.331744	-0.322411	-0.276723	-0.216628	-0.142816	-0.0403664	0.079788	
-0.802497	-0.802497	-0.796879	-0.799932	-0.796622	-0.786078	-0.788254	-0.798745	-0.804929	-0.818258	-0.828369	-0.824514	-0.807948	-0.785064	-0.770225	-0.778167	-0.792113	-0.796537	-0.793458	-0.77541	-0.741318	-0.690096	-0.61591	-0.517891	-0.402936	-0.271909	-0.117908	0.0669449	0.2786	0.494137	0.691378	0.849797	0.948798	0.976112	0.925948	0.810078	0.638901	0.432952	0.212813	-0.00395702	-0.199855	-0.360904	-0.46432	-0.512697	-0.504605	-0.456419	-0.388909	-0.301095	-0.183162	-0.0326671	
-0.804396	-0.804396	-0.811912	-0.839514	-0.865217	-0.875507	-0.887528	-0.900313	-0.911726	-0.932571	-0.950027	-0.945404	-0.927329	-0.906602	-0.898817	-0.910692	-0.926448	-0.937467	-0.941859	-0.917949	-0.860457	-0.785465	-0.690082	-0.563938	-0.4129	-0.249305	-0.0707197	0.135462	0.358549	0.577716	0.772493	0.923588	1.00864	1.02582	0.964271	0.824086	0.61605	0.378094	0.14304	-0.0840131	-0.293336	-0.46432	-0.577951	-0.635814	-0.643526	-0.604695	-0.535808	-0.437528	-0.307846	-0.14004	
-0.745564	-0.745564	-0.762195	-0.803759	-0.847036	-0.878121	-0.902856	-0.925344	-0.940916	-0.963929	-0.978273	-0.97848	-0.967463	-0.960715	-0.962188	-0.976071	-0.985091	-0.991899	-0.993675	-0.960448	-0.885696	-0.792322	-0.687036	-0.55071	-0.379197	-0.187084	0.0133896	0.224467	0.439394	0.640587	0.817066	0.955482	1.03807	1.04908	0.976717	0.822762	0.604487	0.359201	0.123339	-0.110005	-0.331744	-0.512697	-0.635814	-0.707922	-0.735588	-0.71604	-0.655168	-0.559973	-0.424985	-0.246545	
-0.649013	-0.649013	-0.669731	-0.711404	-0.758829	-0.801693	-0.83919	-0.871556	-0.895183	-0.91506	-0.927052	-0.934039	-0.940619	-0.951768	-0.967249	-0.980865	-0.978176	-0.969932	-0.958001	-0.915805	-0.831042	-0.726764	-0.610643	-0.467117	-0.289032	-0.0898684	0.117823	0.330586	0.530083	0.699744	0.847272	0.969792	1.04234	1.04097	0.964788	0.815246	0.601501	0.361654	0.12765	-0.102339	-0.322411	-0.504605	-0.643526	-0.735588	-0.786948	-0.790605	-0.744396	-0.658158	-0.524299	-0.345019	
-0.561863	-0.561863	-0.579124	-0.608893	-0.648579	-0.694969	-0.737423	-0.772651	-0.798115	-0.813802	-0.82439	-0.839606	-0.863983	-0.891285	-0.915535	-0.919562	-0.901551	-0.8746	-0.846596	-0.792501	-0.702754	-0.592442	-0.464048	-0.313204	-0.137658	0.0473816	0.244914	0.444537	0.622133	0.76021	0.876086	0.97264	1.02318	1.00865	0.934646	0.800304	0.607064	0.381471	0.153475	-0.0684458	-0.276723	-0.456419	-0.604695	-0.71604	-0.790605	-0.818784	-0.795502	-0.726804	-0.602479	-0.431746	
-0.509701	-0.509701	-0.519803	-0.531252	-0.557754	-0.596587	-0.636302	-0.660512	-0.680436	-0.689184	-0.705111	-0.726859	-0.759973	-0.79104	-0.814043	-0.809564	-0.77823	-0.73679	-0.691536	-0.629258	-0.536967	-0.42125	-0.286875	-0.132443	0.0340532	0.205907	0.375485	0.545341	0.69561	0.812476	0.895653	0.951834	0.97002	0.944559	0.879229	0.769553	0.60378	0.401143	0.185154	-0.0224464	-0.216628	-0.388909	-0.535808	-0.655168	-0.744396	-0.795502	-0.801334	-0.765881	-0.669811	-0.525085	
-0.494553	-0.494553	-0.499193	-0.498489	-0.506145	-0.528022	-0.549003	-0.559176	-0.56577	-0.572897	-0.590349	-0.613756	-0.637615	-0.658873	-0.673725	-0.664787	-0.628281	-0.576753	-0.522276	-0.455785	-0.36124	-0.244778	-0.114303	0.0299973	0.189827	0.344721	0.486178	0.619035	0.743258	0.836489	0.889399	0.9069	0.894819	0.862605	0.813613	0.726069	0.589507	0.417996	0.229128	0.0363657	-0.142816	-0.301095	-0.437528	-0.559973	-0.658158	-0.726804	-0.765881	-0.768415	-0.711936	-0.596413	
-0.509963	-0.509963	-0.509686	-0.500844	-0.492014	-0.488849	-0.484405	-0.4774	-0.474701	-0.479816	-0.492563	-0.505147	-0.511634	-0.515713	-0.515648	-0.502696	-0.46853	-0.416813	-0.357855	-0.288674	-0.196648	-0.0859135	0.0326963	0.163202	0.309353	0.450672	0.570656	0.672483	0.764397	0.832136	0.862893	0.858428	0.828955	0.793934	0.748928	0.675379	0.568853	0.436687	0.283866	0.117878	-0.0403664	-0.183162	-0.307846	-0.424985	-0.524299	-0.602479	-0.669811	-0.711936	-0.702166	-0.6302	
-0.558475	-0.558475	-0.546916	-0.527746	-0.504806	-0.482494	-0.454083	-0.429755	-0.415471	-0.416891	-0.418762	-0.413081	-0.399966	-0.384806	-0.367774	-0.348134	-0.317694	-0.267919	-0.206126	-0.138364	-0.0542479	0.0447283	0.151704	0.266319	0.394925	0.521296	0.621951	0.69995	0.76238	0.809788	0.825342	0.813753	0.780247	0.744788	0.70029	0.638641	0.559479	0.463317	0.343259	0.208211	0.079788	-0.0326671	-0.14004	-0.246545	-0.345019	-0.431746	-0.525085	-0.596413	-0.6302	-0.607904	
