-1.22208	-1.22208	-1.2135	-1.20284	-1.18753	-1.15194	-1.04526	-0.842641	-0.543916	-0.180724	0.205513	0.543837	0.765347	0.857196	0.840508	0.743117	0.579337	0.378172	0.162023	-0.0489301	-0.234123	-0.389806	-0.521514	-0.620829	-0.675886	-0.700456	-0.726181	-0.7587	-0.801194	-0.839849	-0.855155	-0.83963	-0.807439	-0.780473	-0.760197	-0.738912	-0.700851	-0.639133	-0.560477	-0.476205	-0.389804	-0.290553	-0.156031	0.00495968	0.183979	0.390075	0.613906	0.836568	1.02288	1.14312	
-1.22208	-1.22208	-1.2135	-1.20284	-1.18753	-1.15194	-1.04526	-0.842641	-0.543916	-0.180724	0.205513	0.543837	0.765347	0.857196	0.840508	0.743117	0.579337	0.378172	0.162023	-0.0489301	-0.234123	-0.389806	-0.521514	-0.620829	-0.675886	-0.700456	-0.726181	-0.7587	-0.801194	-0.839849	-0.855155	-0.83963	-0.807439	-0.780473	-0.760197	-0.738912	-0.700851	-0.639133	-0.560477	-0.476205	-0.389804	-0.290553	-0.156031	0.00495968	0.183979	0.390075	0.613906	0.836568	1.02288	1.14312	
-1.2135	-1.2135	-1.21005	-1.20758	-1.20444	-1.1812	-1.09053	-0.904097	-0.622674	-0.272939	0.105546	0.444969	0.676497	0.784049	0.783836	0.700153	0.546342	0.352989	0.145262	-0.0561949	-0.232093	-0.382528	-0.514582	-0.61891	-0.680804	-0.707156	-0.727089	-0.746594	-0.773156	-0.798673	-0.806942	-0.790151	-0.761655	-0.737351	-0.720227	-0.69996	-0.66311	-0.602708	-0.525481	-0.440959	-0.355032	-0.256277	-0.127351	0.022411	0.184589	0.369069	0.569419	0.769543	0.936235	1.03899	
-1.20284	-1.20284	-1.20758	-1.22212	-1.23939	-1.24291	-1.18003	-1.02557	-0.772386	-0.445026	-0.0767655	0.266689	0.517105	0.652772	0.683398	0.627287	0.497032	0.323675	0.134118	-0.049584	-0.212541	-0.356245	-0.489078	-0.600575	-0.669464	-0.699091	-0.711292	-0.7154	-0.722767	-0.730243	-0.726491	-0.70592	-0.676933	-0.657428	-0.6424	-0.624952	-0.588624	-0.528066	-0.449883	-0.366917	-0.282939	-0.193694	-0.0806483	0.045748	0.178248	0.327845	0.490789	0.651945	0.779789	0.849334	
-1.18753	-1.18753	-1.20444	-1.23939	-1.28886	-1.32666	-1.30657	-1.1915	-0.974939	-0.67035	-0.311313	0.0402278	0.314557	0.485432	0.556036	0.540659	0.449227	0.310184	0.149539	-0.0137657	-0.164735	-0.305485	-0.440155	-0.554534	-0.627751	-0.657182	-0.665013	-0.660197	-0.654244	-0.647119	-0.629484	-0.597615	-0.565943	-0.544847	-0.535423	-0.521464	-0.48777	-0.427683	-0.350378	-0.269102	-0.195392	-0.120597	-0.0323715	0.0638219	0.162537	0.272295	0.389738	0.500255	0.576995	0.597587	
-1.15194	-1.15194	-1.1812	-1.24291	-1.32666	-1.4095	-1.43479	-1.36626	-1.1839	-0.90091	-0.546911	-0.186513	0.111877	0.317184	0.430376	0.461321	0.417773	0.321673	0.193178	0.0506384	-0.0928083	-0.23192	-0.364625	-0.475676	-0.543163	-0.5701	-0.574794	-0.568427	-0.560138	-0.546176	-0.519337	-0.480021	-0.440513	-0.419533	-0.409667	-0.399782	-0.370009	-0.315081	-0.244506	-0.175103	-0.113302	-0.0572751	0.00939555	0.0801994	0.148251	0.2188	0.287122	0.339948	0.355004	0.323527	
-1.04526	-1.04526	-1.09053	-1.18003	-1.30657	-1.43479	-1.51294	-1.48905	-1.34415	-1.08136	-0.736621	-0.371664	-0.0559812	0.17922	0.3314	0.407892	0.412265	0.358008	0.261431	0.137581	0.0036696	-0.130565	-0.256884	-0.358145	-0.419351	-0.442574	-0.447254	-0.444824	-0.439815	-0.42923	-0.40363	-0.362761	-0.323462	-0.296531	-0.285167	-0.274097	-0.249113	-0.20503	-0.149233	-0.0930164	-0.0448388	0.00299852	0.0559554	0.107501	0.147621	0.175798	0.191501	0.185503	0.146472	0.0700886	
-0.842641	-0.842641	-0.904097	-1.02557	-1.1915	-1.36626	-1.48905	-1.50909	-1.39712	-1.15929	-0.828465	-0.468455	-0.142135	0.115476	0.299851	0.412085	0.452689	0.4298	0.356875	0.251902	0.131584	0.00888223	-0.105727	-0.198588	-0.255393	-0.280577	-0.289028	-0.292899	-0.298385	-0.298756	-0.285035	-0.254508	-0.21638	-0.186192	-0.164543	-0.147005	-0.122183	-0.0855452	-0.0417151	0.00185359	0.0430335	0.0823397	0.123131	0.154292	0.16397	0.152598	0.1218	0.0702572	-0.00887396	-0.110588	
-0.543916	-0.543916	-0.622674	-0.772386	-0.974939	-1.1839	-1.34415	-1.39712	-1.31857	-1.10709	-0.800043	-0.452162	-0.12392	0.149232	0.354837	0.487825	0.548045	0.540699	0.483284	0.394433	0.290332	0.181573	0.0760063	-0.0126684	-0.0738293	-0.107748	-0.124589	-0.139557	-0.155487	-0.168947	-0.167165	-0.144967	-0.111351	-0.0756883	-0.0474459	-0.0219314	0.00785429	0.0453075	0.0883599	0.129715	0.164057	0.193153	0.211738	0.214603	0.193918	0.149098	0.0888045	0.0112564	-0.0848343	-0.194617	
-0.180724	-0.180724	-0.272939	-0.445026	-0.67035	-0.90091	-1.08136	-1.15929	-1.10709	-0.925957	-0.646487	-0.320437	0.00111475	0.276522	0.486891	0.621799	0.682945	0.677985	0.62677	0.549226	0.458177	0.359036	0.25976	0.171138	0.103071	0.0571379	0.0263446	-0.00116385	-0.0293657	-0.0503247	-0.0540391	-0.0364849	-0.00552172	0.0285583	0.0591979	0.0907084	0.129929	0.180134	0.233224	0.278563	0.307623	0.318869	0.310822	0.284164	0.237772	0.175017	0.100725	0.0161489	-0.081352	-0.185405	
0.205513	0.205513	0.105546	-0.0767655	-0.311313	-0.546911	-0.736621	-0.828465	-0.800043	-0.646487	-0.400126	-0.102913	0.19736	0.457446	0.653649	0.77342	0.825514	0.816678	0.767885	0.696935	0.611958	0.518141	0.421778	0.334495	0.261312	0.202611	0.157858	0.115736	0.0795209	0.0549886	0.0504237	0.0637901	0.086669	0.113889	0.141534	0.178502	0.230754	0.296666	0.364939	0.417446	0.44396	0.444754	0.41567	0.367697	0.304682	0.228793	0.149578	0.0657652	-0.0236569	-0.111105	
0.543837	0.543837	0.444969	0.266689	0.0402278	-0.186513	-0.371664	-0.468455	-0.452162	-0.320437	-0.102913	0.15955	0.426695	0.655668	0.822776	0.920283	0.961136	0.950514	0.904716	0.836465	0.75426	0.6612	0.567326	0.48223	0.404834	0.336475	0.278959	0.227764	0.186204	0.159818	0.150625	0.154835	0.166104	0.187054	0.215835	0.261015	0.323526	0.399785	0.474309	0.531751	0.5607	0.560329	0.52624	0.468741	0.395756	0.313206	0.228542	0.146279	0.0685243	-0.000599252	
0.765347	0.765347	0.676497	0.517105	0.314557	0.111877	-0.0559812	-0.142135	-0.12392	0.00111475	0.19736	0.426695	0.655823	0.846395	0.981568	1.05634	1.09012	1.08116	1.03921	0.974334	0.892596	0.799708	0.705297	0.619246	0.538012	0.462583	0.400678	0.34795	0.306102	0.276251	0.259042	0.251069	0.254913	0.276904	0.313712	0.368058	0.434286	0.508078	0.57893	0.632838	0.661539	0.663588	0.627062	0.566987	0.492121	0.408777	0.327003	0.252073	0.184658	0.132919	
0.857196	0.857196	0.784049	0.652772	0.485432	0.317184	0.17922	0.115476	0.149232	0.276522	0.457446	0.655668	0.846395	1.00097	1.10512	1.16035	1.18701	1.17991	1.14374	1.08437	1.00796	0.9167	0.820621	0.732647	0.64811	0.5719	0.51218	0.463499	0.423976	0.392487	0.370394	0.359472	0.364812	0.395981	0.442815	0.50128	0.562492	0.624174	0.679305	0.719553	0.737267	0.730643	0.689792	0.628354	0.559467	0.488459	0.419477	0.355612	0.301126	0.259904	
0.840508	0.840508	0.783836	0.683398	0.556036	0.430376	0.3314	0.299851	0.354837	0.486891	0.653649	0.822776	0.981568	1.10512	1.18271	1.21515	1.22854	1.21683	1.18303	1.13059	1.06256	0.976733	0.884321	0.800514	0.722487	0.653802	0.600746	0.559187	0.525047	0.499486	0.48464	0.479649	0.492316	0.52952	0.579205	0.635746	0.687123	0.733727	0.770065	0.788555	0.784208	0.75952	0.704865	0.640945	0.580362	0.526963	0.476296	0.429576	0.38565	0.353233	
0.743117	0.743117	0.700153	0.627287	0.540659	0.461321	0.407892	0.412085	0.487825	0.621799	0.77342	0.920283	1.05634	1.16035	1.21515	1.22403	1.21721	1.19467	1.15798	1.11024	1.05017	0.975467	0.894716	0.826577	0.762767	0.702719	0.653495	0.61577	0.592187	0.584565	0.5895	0.60129	0.623057	0.664447	0.714352	0.764925	0.804427	0.831375	0.842643	0.83349	0.802597	0.755685	0.688304	0.61969	0.566005	0.525417	0.488459	0.449959	0.412136	0.382105	
0.579337	0.579337	0.546342	0.497032	0.449227	0.417773	0.412265	0.452689	0.548045	0.682945	0.825514	0.961136	1.09012	1.18701	1.22854	1.21721	1.19	1.15081	1.10418	1.05053	0.995162	0.931693	0.871096	0.824167	0.775781	0.720963	0.669415	0.63567	0.626995	0.642923	0.672827	0.701516	0.735007	0.78398	0.838716	0.888291	0.915839	0.922073	0.906385	0.869029	0.812422	0.744284	0.661765	0.585284	0.528713	0.492181	0.456945	0.41908	0.380353	0.350761	
0.378172	0.378172	0.352989	0.323675	0.310184	0.321673	0.358008	0.4298	0.540699	0.677985	0.816678	0.950514	1.08116	1.17991	1.21683	1.19467	1.15081	1.09594	1.03099	0.967591	0.911249	0.86331	0.823972	0.798189	0.762189	0.708976	0.655731	0.626707	0.631207	0.666117	0.712112	0.755534	0.802692	0.866999	0.934921	0.987274	1.00537	0.990008	0.947959	0.884498	0.804449	0.718218	0.623282	0.535788	0.471894	0.424997	0.378544	0.328465	0.281844	0.252255	
0.162023	0.162023	0.145262	0.134118	0.149539	0.193178	0.261431	0.356875	0.483284	0.62677	0.767885	0.904716	1.03921	1.14374	1.18303	1.15798	1.10418	1.03099	0.947527	0.866843	0.809574	0.770224	0.747838	0.737316	0.714509	0.671732	0.627836	0.60914	0.625455	0.668338	0.721607	0.770481	0.82786	0.903067	0.980775	1.03393	1.04198	1.00853	0.944929	0.860863	0.766059	0.66755	0.564848	0.468275	0.388111	0.323461	0.256399	0.188344	0.134496	0.107347	
-0.0489301	-0.0489301	-0.0561949	-0.049584	-0.0137657	0.0506384	0.137581	0.251902	0.394433	0.549226	0.696935	0.836465	0.974334	1.08437	1.13059	1.11024	1.05053	0.967591	0.866843	0.775638	0.710367	0.672196	0.653742	0.653007	0.647546	0.626169	0.600907	0.597231	0.621357	0.669847	0.723042	0.772533	0.828996	0.904641	0.980943	1.02718	1.02198	0.969104	0.885774	0.787621	0.682856	0.580213	0.474058	0.367389	0.274618	0.191938	0.109633	0.0322385	-0.0265063	-0.0537921	
-0.234123	-0.234123	-0.232093	-0.212541	-0.164735	-0.0928083	0.0036696	0.131584	0.290332	0.458177	0.611958	0.75426	0.892596	1.00796	1.06256	1.05017	0.995162	0.911249	0.809574	0.710367	0.636166	0.586414	0.564	0.569724	0.584972	0.588071	0.584478	0.594033	0.629351	0.682361	0.735569	0.775926	0.820664	0.880813	0.942825	0.971062	0.945396	0.871952	0.773644	0.666214	0.559595	0.452678	0.341039	0.227108	0.123502	0.0353445	-0.0459101	-0.12112	-0.174667	-0.197253	
-0.389806	-0.389806	-0.382528	-0.356245	-0.305485	-0.23192	-0.130565	0.00888223	0.181573	0.359036	0.518141	0.6612	0.799708	0.9167	0.976733	0.975467	0.931693	0.86331	0.770224	0.672196	0.586414	0.52536	0.499753	0.515091	0.550555	0.576324	0.59124	0.617191	0.665303	0.726406	0.773425	0.797335	0.81518	0.845085	0.874703	0.869758	0.815742	0.721815	0.613233	0.504972	0.397344	0.28784	0.173268	0.054328	-0.0484622	-0.133202	-0.205507	-0.26765	-0.308855	-0.321338	
-0.521514	-0.521514	-0.514582	-0.489078	-0.440155	-0.364625	-0.256884	-0.105727	0.0760063	0.25976	0.421778	0.567326	0.705297	0.820621	0.884321	0.894716	0.871096	0.823972	0.747838	0.653742	0.564	0.499753	0.48002	0.506955	0.559223	0.602443	0.636808	0.68085	0.745729	0.812428	0.851302	0.850915	0.832938	0.816891	0.796458	0.744417	0.652945	0.5349	0.415212	0.303009	0.197764	0.0938367	-0.0123721	-0.117994	-0.210241	-0.285352	-0.344639	-0.393972	-0.421552	-0.419709	
-0.620829	-0.620829	-0.61891	-0.600575	-0.554534	-0.475676	-0.358145	-0.198588	-0.0126684	0.171138	0.334495	0.48223	0.619246	0.732647	0.800514	0.826577	0.824167	0.798189	0.737316	0.653007	0.569724	0.515091	0.506955	0.544062	0.607698	0.665814	0.7203	0.783129	0.862262	0.932992	0.960245	0.932762	0.871054	0.798967	0.720337	0.614039	0.480459	0.331603	0.192582	0.0741884	-0.0242575	-0.112293	-0.194644	-0.277424	-0.348874	-0.406352	-0.446346	-0.47604	-0.487451	-0.476955	
-0.675886	-0.675886	-0.680804	-0.669464	-0.627751	-0.543163	-0.419351	-0.255393	-0.0738293	0.103071	0.261312	0.404834	0.538012	0.64811	0.722487	0.762767	0.775781	0.762189	0.714509	0.647546	0.584972	0.550555	0.559223	0.607698	0.682726	0.757377	0.829698	0.906485	0.992556	1.05995	1.06988	1.00939	0.89987	0.77481	0.641147	0.486272	0.309077	0.124947	-0.0369436	-0.162058	-0.25333	-0.322134	-0.381999	-0.436773	-0.478403	-0.505874	-0.515145	-0.519655	-0.517995	-0.504026	
-0.700456	-0.700456	-0.707156	-0.699091	-0.657182	-0.5701	-0.442574	-0.280577	-0.107748	0.0571379	0.202611	0.336475	0.462583	0.5719	0.653802	0.702719	0.720963	0.708976	0.671732	0.626169	0.588071	0.576324	0.602443	0.665814	0.757377	0.849419	0.940226	1.02737	1.11663	1.17481	1.16075	1.0624	0.908322	0.733972	0.551774	0.348499	0.128638	-0.0861545	-0.263379	-0.391101	-0.473829	-0.529686	-0.569788	-0.594648	-0.601697	-0.594963	-0.573809	-0.556992	-0.542315	-0.518103	
-0.726181	-0.726181	-0.727089	-0.711292	-0.665013	-0.574794	-0.447254	-0.289028	-0.124589	0.0263446	0.157858	0.278959	0.400678	0.51218	0.600746	0.653495	0.669415	0.655731	0.627836	0.600907	0.584478	0.59124	0.636808	0.7203	0.829698	0.940226	1.04539	1.14024	1.22517	1.26487	1.22062	1.08716	0.893803	0.67916	0.45111	0.206031	-0.0449096	-0.276549	-0.46099	-0.590254	-0.672596	-0.719042	-0.738389	-0.731918	-0.70372	-0.667802	-0.626161	-0.591281	-0.559872	-0.519899	
-0.7587	-0.7587	-0.746594	-0.7154	-0.660197	-0.568427	-0.444824	-0.292899	-0.139557	-0.00116385	0.115736	0.227764	0.34795	0.463499	0.559187	0.61577	0.63567	0.626707	0.60914	0.597231	0.594033	0.617191	0.68085	0.783129	0.906485	1.02737	1.14024	1.2326	1.30101	1.31381	1.23999	1.07715	0.853182	0.602006	0.33655	0.06526	-0.199173	-0.433503	-0.618646	-0.749511	-0.826513	-0.856395	-0.853196	-0.818692	-0.769189	-0.720723	-0.667254	-0.61637	-0.565248	-0.503353	
-0.801194	-0.801194	-0.773156	-0.722767	-0.654244	-0.560138	-0.439815	-0.298385	-0.155487	-0.0293657	0.0795209	0.186204	0.306102	0.423976	0.525047	0.592187	0.626995	0.631207	0.625455	0.621357	0.629351	0.665303	0.745729	0.862262	0.992556	1.11663	1.22517	1.30101	1.34077	1.32134	1.22027	1.03239	0.782066	0.504671	0.22156	-0.0547999	-0.314581	-0.542197	-0.72166	-0.842816	-0.903326	-0.91323	-0.891255	-0.846484	-0.794028	-0.743821	-0.688351	-0.625482	-0.556678	-0.480557	
-0.839849	-0.839849	-0.798673	-0.730243	-0.647119	-0.546176	-0.42923	-0.298756	-0.168947	-0.0503247	0.0549886	0.159818	0.276251	0.392487	0.499486	0.584565	0.642923	0.666117	0.668338	0.669847	0.682361	0.726406	0.812428	0.932992	1.05995	1.17481	1.26487	1.31381	1.32134	1.27474	1.15307	0.950139	0.689837	0.411796	0.135072	-0.129792	-0.379905	-0.597795	-0.763398	-0.866404	-0.90732	-0.900178	-0.871388	-0.827701	-0.779704	-0.738392	-0.688411	-0.625218	-0.551807	-0.470284	
-0.855155	-0.855155	-0.806942	-0.726491	-0.629484	-0.519337	-0.40363	-0.285035	-0.167165	-0.0540391	0.0504237	0.150625	0.259042	0.370394	0.48464	0.5895	0.672827	0.712112	0.721607	0.723042	0.735569	0.773425	0.851302	0.960245	1.06988	1.16075	1.22062	1.23999	1.22027	1.15307	1.0228	0.824541	0.586945	0.33939	0.0914458	-0.152518	-0.387568	-0.588504	-0.736771	-0.824886	-0.856581	-0.84694	-0.821975	-0.786586	-0.752535	-0.723002	-0.686353	-0.628513	-0.553977	-0.470109	
-0.83963	-0.83963	-0.790151	-0.70592	-0.597615	-0.480021	-0.362761	-0.254508	-0.144967	-0.0364849	0.0637901	0.154835	0.251069	0.359472	0.479649	0.60129	0.701516	0.755534	0.770481	0.772533	0.775926	0.797335	0.850915	0.932762	1.00939	1.0624	1.08716	1.07715	1.03239	0.950139	0.824541	0.659786	0.475774	0.282713	0.080663	-0.130154	-0.334175	-0.51096	-0.643398	-0.727824	-0.763565	-0.764575	-0.752118	-0.738135	-0.722762	-0.711541	-0.687109	-0.635616	-0.562435	-0.482847	
-0.807439	-0.807439	-0.761655	-0.676933	-0.565943	-0.440513	-0.323462	-0.21638	-0.111351	-0.00552172	0.086669	0.166104	0.254913	0.364812	0.492316	0.623057	0.735007	0.802692	0.82786	0.828996	0.820664	0.81518	0.832938	0.871054	0.89987	0.908322	0.893803	0.853182	0.782066	0.689837	0.586945	0.475774	0.359705	0.233275	0.0874975	-0.0701689	-0.231119	-0.377219	-0.494682	-0.575326	-0.617903	-0.631724	-0.643554	-0.658401	-0.672502	-0.682967	-0.675596	-0.636513	-0.573202	-0.50527	
-0.780473	-0.780473	-0.737351	-0.657428	-0.544847	-0.419533	-0.296531	-0.186192	-0.0756883	0.0285583	0.113889	0.187054	0.276904	0.395981	0.52952	0.664447	0.78398	0.866999	0.903067	0.904641	0.880813	0.845085	0.816891	0.798967	0.77481	0.733972	0.67916	0.602006	0.504671	0.411796	0.33939	0.282713	0.233275	0.172857	0.099919	0.00620301	-0.0992557	-0.2059	-0.296407	-0.363956	-0.406737	-0.440838	-0.480991	-0.532914	-0.579971	-0.615977	-0.629916	-0.612246	-0.569707	-0.521355	
-0.760197	-0.760197	-0.720227	-0.6424	-0.535423	-0.409667	-0.285167	-0.164543	-0.0474459	0.0591979	0.141534	0.215835	0.313712	0.442815	0.579205	0.714352	0.838716	0.934921	0.980775	0.980943	0.942825	0.874703	0.796458	0.720337	0.641147	0.551774	0.45111	0.33655	0.22156	0.135072	0.0914458	0.080663	0.0874975	0.099919	0.10096	0.077689	0.0339345	-0.0213558	-0.0711099	-0.114872	-0.158392	-0.209541	-0.280432	-0.369698	-0.450544	-0.516861	-0.557833	-0.569667	-0.553747	-0.53065	
-0.738912	-0.738912	-0.69996	-0.624952	-0.521464	-0.399782	-0.274097	-0.147005	-0.0219314	0.0907084	0.178502	0.261015	0.368058	0.50128	0.635746	0.764925	0.888291	0.987274	1.03393	1.02718	0.971062	0.869758	0.744417	0.614039	0.486272	0.348499	0.206031	0.06526	-0.0547999	-0.129792	-0.152518	-0.130154	-0.0701689	0.00620301	0.077689	0.12398	0.14862	0.158211	0.157149	0.13899	0.0990025	0.0289888	-0.0740039	-0.198389	-0.31485	-0.40904	-0.47568	-0.514444	-0.52404	-0.519285	
-0.700851	-0.700851	-0.66311	-0.588624	-0.48777	-0.370009	-0.249113	-0.122183	0.00785429	0.129929	0.230754	0.323526	0.434286	0.562492	0.687123	0.804427	0.915839	1.00537	1.04198	1.02198	0.945396	0.815742	0.652945	0.480459	0.309077	0.128638	-0.0449096	-0.199173	-0.314581	-0.379905	-0.387568	-0.334175	-0.231119	-0.0992557	0.0339345	0.14862	0.246968	0.319299	0.36369	0.370408	0.330548	0.24231	0.112014	-0.0424311	-0.184279	-0.30219	-0.390064	-0.449451	-0.476835	-0.488566	
-0.639133	-0.639133	-0.602708	-0.528066	-0.427683	-0.315081	-0.20503	-0.0855452	0.0453075	0.180134	0.296666	0.399785	0.508078	0.624174	0.733727	0.831375	0.922073	0.990008	1.00853	0.969104	0.871952	0.721815	0.5349	0.331603	0.124947	-0.0861545	-0.276549	-0.433503	-0.542197	-0.597795	-0.588504	-0.51096	-0.377219	-0.2059	-0.0213558	0.158211	0.319299	0.446543	0.531039	0.557888	0.520033	0.420211	0.272733	0.104003	-0.0560938	-0.190776	-0.288934	-0.359135	-0.400383	-0.429669	
-0.560477	-0.560477	-0.525481	-0.449883	-0.350378	-0.244506	-0.149233	-0.0417151	0.0883599	0.233224	0.364939	0.474309	0.57893	0.679305	0.770065	0.842643	0.906385	0.947959	0.944929	0.885774	0.773644	0.613233	0.415212	0.192582	-0.0369436	-0.263379	-0.46099	-0.618646	-0.72166	-0.763398	-0.736771	-0.643398	-0.494682	-0.296407	-0.0711099	0.157149	0.36369	0.531039	0.642662	0.68558	0.652464	0.556539	0.410259	0.240408	0.07537	-0.0591596	-0.157229	-0.23117	-0.291061	-0.346288	
-0.476205	-0.476205	-0.440959	-0.366917	-0.269102	-0.175103	-0.0930164	0.00185359	0.129715	0.278563	0.417446	0.531751	0.632838	0.719553	0.788555	0.83349	0.869029	0.884498	0.860863	0.787621	0.666214	0.504972	0.303009	0.0741884	-0.162058	-0.391101	-0.590254	-0.749511	-0.842816	-0.866404	-0.824886	-0.727824	-0.575326	-0.363956	-0.114872	0.13899	0.370408	0.557888	0.68558	0.739715	0.724149	0.644847	0.511457	0.353268	0.203446	0.083474	-0.00338562	-0.0809081	-0.159125	-0.238498	
-0.389804	-0.389804	-0.355032	-0.282939	-0.195392	-0.113302	-0.0448388	0.0430335	0.164057	0.307623	0.44396	0.5607	0.661539	0.737267	0.784208	0.802597	0.812422	0.804449	0.766059	0.682856	0.559595	0.397344	0.197764	-0.0242575	-0.25333	-0.473829	-0.672596	-0.826513	-0.903326	-0.90732	-0.856581	-0.763565	-0.617903	-0.406737	-0.158392	0.0990025	0.330548	0.520033	0.652464	0.724149	0.731845	0.67755	0.566528	0.437088	0.316439	0.219064	0.14288	0.0689597	-0.0157134	-0.111896	
-0.290553	-0.290553	-0.256277	-0.193694	-0.120597	-0.0572751	0.00299852	0.0823397	0.193153	0.318869	0.444754	0.560329	0.663588	0.730643	0.75952	0.755685	0.744284	0.718218	0.66755	0.580213	0.452678	0.28784	0.0938367	-0.112293	-0.322134	-0.529686	-0.719042	-0.856395	-0.91323	-0.900178	-0.84694	-0.764575	-0.631724	-0.440838	-0.209541	0.0289888	0.24231	0.420211	0.556539	0.644847	0.67755	0.650849	0.576005	0.486889	0.399927	0.328244	0.273739	0.217976	0.133782	0.0289061	
-0.156031	-0.156031	-0.127351	-0.0806483	-0.0323715	0.00939555	0.0559554	0.123131	0.211738	0.310822	0.41567	0.52624	0.627062	0.689792	0.704865	0.688304	0.661765	0.623282	0.564848	0.474058	0.341039	0.173268	-0.0123721	-0.194644	-0.381999	-0.569788	-0.738389	-0.853196	-0.891255	-0.871388	-0.821975	-0.752118	-0.643554	-0.480991	-0.280432	-0.0740039	0.112014	0.272733	0.410259	0.511457	0.566528	0.576005	0.546481	0.494855	0.444645	0.407809	0.386052	0.347125	0.268294	0.15731	
0.00495968	0.00495968	0.022411	0.045748	0.0638219	0.0801994	0.107501	0.154292	0.214603	0.284164	0.367697	0.468741	0.566987	0.628354	0.640945	0.61969	0.585284	0.535788	0.468275	0.367389	0.227108	0.054328	-0.117994	-0.277424	-0.436773	-0.594648	-0.731918	-0.818692	-0.846484	-0.827701	-0.786586	-0.738135	-0.658401	-0.532914	-0.369698	-0.198389	-0.0424311	0.104003	0.240408	0.353268	0.437088	0.486889	0.494855	0.479088	0.468225	0.471791	0.471642	0.44167	0.367302	0.263628	
0.183979	0.183979	0.184589	0.178248	0.162537	0.148251	0.147621	0.16397	0.193918	0.237772	0.304682	0.395756	0.492121	0.559467	0.580362	0.566005	0.528713	0.471894	0.388111	0.274618	0.123502	-0.0484622	-0.210241	-0.348874	-0.478403	-0.601697	-0.70372	-0.769189	-0.794028	-0.779704	-0.752535	-0.722762	-0.672502	-0.579971	-0.450544	-0.31485	-0.184279	-0.0560938	0.07537	0.203446	0.316439	0.399927	0.444645	0.468225	0.500458	0.526068	0.52685	0.494752	0.426887	0.330287	
0.390075	0.390075	0.369069	0.327845	0.272295	0.2188	0.175798	0.152598	0.149098	0.175017	0.228793	0.313206	0.408777	0.488459	0.526963	0.525417	0.492181	0.424997	0.323461	0.191938	0.0353445	-0.133202	-0.285352	-0.406352	-0.505874	-0.594963	-0.667802	-0.720723	-0.743821	-0.738392	-0.723002	-0.711541	-0.682967	-0.615977	-0.516861	-0.40904	-0.30219	-0.190776	-0.0591596	0.083474	0.219064	0.328244	0.407809	0.471791	0.526068	0.552539	0.548144	0.513765	0.449239	0.354629	
0.613906	0.613906	0.569419	0.490789	0.389738	0.287122	0.191501	0.1218	0.0888045	0.100725	0.149578	0.228542	0.327003	0.419477	0.476296	0.488459	0.456945	0.378544	0.256399	0.109633	-0.0459101	-0.205507	-0.344639	-0.446346	-0.515145	-0.573809	-0.626161	-0.667254	-0.688351	-0.688411	-0.686353	-0.687109	-0.675596	-0.629916	-0.557833	-0.47568	-0.390064	-0.288934	-0.157229	-0.00338562	0.14288	0.273739	0.386052	0.471642	0.52685	0.548144	0.536405	0.494973	0.426057	0.337181	
0.836568	0.836568	0.769543	0.651945	0.500255	0.339948	0.185503	0.0702572	0.0112564	0.0161489	0.0657652	0.146279	0.252073	0.355612	0.429576	0.449959	0.41908	0.328465	0.188344	0.0322385	-0.12112	-0.26765	-0.393972	-0.47604	-0.519655	-0.556992	-0.591281	-0.61637	-0.625482	-0.625218	-0.628513	-0.635616	-0.636513	-0.612246	-0.569667	-0.514444	-0.449451	-0.359135	-0.23117	-0.0809081	0.0689597	0.217976	0.347125	0.44167	0.494752	0.513765	0.494973	0.442755	0.374065	0.299714	
1.02288	1.02288	0.936235	0.779789	0.576995	0.355004	0.146472	-0.00887396	-0.0848343	-0.081352	-0.0236569	0.0685243	0.184658	0.301126	0.38565	0.412136	0.380353	0.281844	0.134496	-0.0265063	-0.174667	-0.308855	-0.421552	-0.487451	-0.517995	-0.542315	-0.559872	-0.565248	-0.556678	-0.551807	-0.553977	-0.562435	-0.573202	-0.569707	-0.553747	-0.52404	-0.476835	-0.400383	-0.291061	-0.159125	-0.0157134	0.133782	0.268294	0.367302	0.426887	0.449239	0.426057	0.374065	0.315833	0.243482	
1.14312	1.14312	1.03899	0.849334	0.597587	0.323527	0.0700886	-0.110588	-0.194617	-0.185405	-0.111105	-0.000599252	0.132919	0.259904	0.353233	0.382105	0.350761	0.252255	0.107347	-0.0537921	-0.197253	-0.321338	-0.419709	-0.476955	-0.504026	-0.518103	-0.519899	-0.503353	-0.480557	-0.470284	-0.470109	-0.482847	-0.50527	-0.521355	-0.53065	-0.519285	-0.488566	-0.429669	-0.346288	-0.238498	-0.111896	0.0289061	0.15731	0.263628	0.330287	0.354629	0.337181	0.299714	0.243482	0.166503	
