-0.699789	-0.699789	-0.613306	-0.477147	-0.325833	-0.196125	-0.118679	-0.127157	-0.215693	-0.371907	-0.585174	-0.839554	-1.09407	-1.29359	-1.40808	-1.42583	-1.37156	-1.28085	-1.17933	-1.06997	-0.956906	-0.853359	-0.759972	-0.67589	-0.603727	-0.528659	-0.450394	-0.38983	-0.368907	-0.354939	-0.307963	-0.227767	-0.137056	-0.0670432	-0.0268729	-0.00172876	0.0233893	0.0441799	0.0526849	0.0521556	0.0578333	0.0660036	0.0634835	0.0364142	-0.00962593	-0.0552635	-0.0829936	-0.065991	-0.0150866	0.0304065	
-0.699789	-0.699789	-0.613306	-0.477147	-0.325833	-0.196125	-0.118679	-0.127157	-0.215693	-0.371907	-0.585174	-0.839554	-1.09407	-1.29359	-1.40808	-1.42583	-1.37156	-1.28085	-1.17933	-1.06997	-0.956906	-0.853359	-0.759972	-0.67589	-0.603727	-0.528659	-0.450394	-0.38983	-0.368907	-0.354939	-0.307963	-0.227767	-0.137056	-0.0670432	-0.0268729	-0.00172876	0.0233893	0.0441799	0.0526849	0.0521556	0.0578333	0.0660036	0.0634835	0.0364142	-0.00962593	-0.0552635	-0.0829936	-0.065991	-0.0150866	0.0304065	
-0.613306	-0.613306	-0.517842	-0.364871	-0.191432	-0.0387738	0.0591055	0.0653516	-0.0156032	-0.171261	-0.389242	-0.649376	-0.910001	-1.11397	-1.23454	-1.26117	-1.22156	-1.15086	-1.07288	-0.987215	-0.894414	-0.804549	-0.71996	-0.641232	-0.574099	-0.505896	-0.434922	-0.381274	-0.363516	-0.350297	-0.305611	-0.229977	-0.149068	-0.0911858	-0.0611953	-0.0412046	-0.0126808	0.0193399	0.0429268	0.0572549	0.0731919	0.0849005	0.0827487	0.0544557	0.0099265	-0.0308454	-0.0482475	-0.0195967	0.0459766	0.106963	
-0.477147	-0.477147	-0.364871	-0.179394	0.0355114	0.233125	0.370307	0.407719	0.344973	0.19514	-0.0255907	-0.294176	-0.56295	-0.778627	-0.912625	-0.961234	-0.951587	-0.919021	-0.88361	-0.840228	-0.783463	-0.720992	-0.653583	-0.586758	-0.527365	-0.465705	-0.402331	-0.353361	-0.337803	-0.326883	-0.286904	-0.223719	-0.159505	-0.120813	-0.107935	-0.0965834	-0.0679506	-0.0265936	0.0136439	0.0459158	0.0763856	0.099938	0.104403	0.0836563	0.0477294	0.020222	0.0184945	0.0682078	0.154424	0.238597	
-0.325833	-0.325833	-0.191432	0.0355114	0.305216	0.560482	0.751228	0.831834	0.79879	0.664533	0.446687	0.174965	-0.104788	-0.335633	-0.494665	-0.576176	-0.609082	-0.624404	-0.639331	-0.644924	-0.633244	-0.606212	-0.567027	-0.518603	-0.469064	-0.412262	-0.348728	-0.300218	-0.283885	-0.276137	-0.248965	-0.202124	-0.159349	-0.14076	-0.143048	-0.144093	-0.121815	-0.0807863	-0.0352059	0.009308	0.0560195	0.0956086	0.118962	0.114903	0.0970993	0.0868653	0.107988	0.178502	0.289693	0.398663	
-0.196125	-0.196125	-0.0387738	0.233125	0.560482	0.87994	1.13021	1.26473	1.27341	1.16755	0.966204	0.697753	0.412247	0.159788	-0.030196	-0.155099	-0.235474	-0.299825	-0.361339	-0.412667	-0.443286	-0.455768	-0.447817	-0.423181	-0.385296	-0.330321	-0.266708	-0.216872	-0.203175	-0.206196	-0.195599	-0.171058	-0.146451	-0.140895	-0.15296	-0.16027	-0.146736	-0.114052	-0.0720259	-0.0254153	0.0287383	0.0840632	0.124616	0.143599	0.148318	0.16283	0.20602	0.300068	0.429424	0.557625	
-0.118679	-0.118679	0.0591055	0.370307	0.751228	1.13021	1.44152	1.63501	1.69643	1.63345	1.46099	1.20877	0.920693	0.649853	0.424788	0.256912	0.130246	0.0240436	-0.075776	-0.162751	-0.231374	-0.278204	-0.302998	-0.302548	-0.27822	-0.230557	-0.169612	-0.125585	-0.117768	-0.129944	-0.135547	-0.12443	-0.112184	-0.114002	-0.129175	-0.142843	-0.137295	-0.11449	-0.0817775	-0.0398773	0.013445	0.0710159	0.122734	0.156969	0.184473	0.221719	0.290836	0.402347	0.546563	0.686248	
-0.127157	-0.127157	0.0653516	0.407719	0.831834	1.26473	1.63501	1.89347	2.01844	2.01131	1.88253	1.65579	1.37514	1.08861	0.834204	0.625541	0.458484	0.314362	0.183361	0.0648632	-0.032831	-0.108774	-0.157182	-0.177057	-0.167285	-0.130753	-0.0831429	-0.050121	-0.0485218	-0.0647706	-0.0722164	-0.0652117	-0.0551369	-0.0586188	-0.0773979	-0.0948059	-0.0985792	-0.0873802	-0.0666046	-0.0374742	0.00304515	0.0534899	0.103006	0.148767	0.193535	0.253913	0.342764	0.468634	0.61683	0.759378	
-0.215693	-0.215693	-0.0156032	0.344973	0.79879	1.27341	1.69643	2.01844	2.20957	2.26378	2.18353	1.99012	1.72317	1.4317	1.15686	0.918854	0.717867	0.542808	0.382609	0.239737	0.117589	0.0242742	-0.0403552	-0.0750585	-0.0807166	-0.0634073	-0.0350847	-0.0175149	-0.018691	-0.0271015	-0.0264843	-0.0105543	0.00304191	0.000260432	-0.0200114	-0.0442846	-0.0579513	-0.0601409	-0.0543645	-0.0389166	-0.0128505	0.0255101	0.0705659	0.117237	0.171703	0.242707	0.344281	0.476749	0.627061	0.767318	
-0.371907	-0.371907	-0.171261	0.19514	0.664533	1.16755	1.63345	2.01131	2.26378	2.37539	2.34355	2.18667	1.94287	1.659	1.37985	1.12528	0.90255	0.701447	0.520404	0.357317	0.221813	0.117939	0.0451169	-0.00230876	-0.0260245	-0.0312371	-0.0268547	-0.0258861	-0.0283779	-0.0287554	-0.0162142	0.00844547	0.0298115	0.0328452	0.0153123	-0.00960986	-0.0316954	-0.0456975	-0.0512384	-0.0464369	-0.0288669	0.00195613	0.0386176	0.0819046	0.131759	0.201068	0.30325	0.434698	0.579964	0.714521	
-0.585174	-0.585174	-0.389242	-0.0255907	0.446687	0.966204	1.46099	1.88253	2.18353	2.34355	2.35658	2.24005	2.03135	1.77188	1.50686	1.25432	1.02305	0.810718	0.61746	0.446813	0.302844	0.193054	0.110193	0.0474393	0.0032955	-0.0245419	-0.0422274	-0.0562496	-0.0630262	-0.0593865	-0.0434099	-0.0133209	0.0139769	0.0271669	0.019296	-8.02723e-05	-0.0222352	-0.0397611	-0.0485334	-0.0429177	-0.0282927	-0.00276595	0.0244433	0.0546799	0.09308	0.151927	0.245105	0.36698	0.497576	0.611277	
-0.839554	-0.839554	-0.649376	-0.294176	0.174965	0.697753	1.20877	1.65579	1.99012	2.18667	2.24005	2.16921	2.00587	1.7869	1.5526	1.31832	1.09696	0.887628	0.69937	0.529312	0.382148	0.262405	0.164173	0.0817139	0.017555	-0.0292385	-0.0631517	-0.0910979	-0.104099	-0.104076	-0.0908287	-0.063008	-0.031471	-0.00931492	-0.00397901	-0.010796	-0.024016	-0.0342191	-0.0347729	-0.0248287	-0.00861889	0.0103418	0.0262783	0.0471715	0.0751983	0.122371	0.202614	0.300615	0.397624	0.475767	
-1.09407	-1.09407	-0.910001	-0.56295	-0.104788	0.412247	0.920693	1.37514	1.72317	1.94287	2.03135	2.00587	1.89466	1.72329	1.53017	1.32755	1.13004	0.941167	0.768992	0.607922	0.456888	0.323578	0.206595	0.105949	0.026034	-0.0314075	-0.0770478	-0.114681	-0.135233	-0.141019	-0.13655	-0.117306	-0.0921408	-0.0662429	-0.0507944	-0.0401691	-0.0344662	-0.0262475	-0.0130092	0.00692003	0.0216545	0.0358698	0.0452622	0.0621694	0.0870241	0.127232	0.187543	0.25361	0.306084	0.334404	
-1.29359	-1.29359	-1.11397	-0.778627	-0.335633	0.159788	0.649853	1.08861	1.4317	1.659	1.77188	1.7869	1.72329	1.60048	1.45204	1.28988	1.129	0.971585	0.824579	0.676114	0.522196	0.3766	0.244364	0.130527	0.0407763	-0.026133	-0.0806743	-0.127554	-0.153376	-0.163686	-0.168409	-0.163985	-0.150346	-0.129399	-0.105516	-0.0783416	-0.052658	-0.0263977	0.00249787	0.0313079	0.0542586	0.0729812	0.0878271	0.110409	0.135435	0.163035	0.199847	0.227504	0.232898	0.216785	
-1.40808	-1.40808	-1.23454	-0.912625	-0.494665	-0.030196	0.424788	0.834204	1.15686	1.37985	1.50686	1.5526	1.53017	1.45204	1.3499	1.23316	1.1143	0.991147	0.869793	0.733058	0.579873	0.42751	0.288454	0.168802	0.0705872	-0.00505106	-0.0706204	-0.125755	-0.155674	-0.170758	-0.186323	-0.198656	-0.200978	-0.184319	-0.155262	-0.114176	-0.0741389	-0.0339743	0.00839765	0.0544333	0.093959	0.130249	0.157855	0.187993	0.21033	0.225958	0.238568	0.23487	0.203745	0.149647	
-1.42583	-1.42583	-1.26117	-0.961234	-0.576176	-0.155099	0.256912	0.625541	0.918854	1.12528	1.25432	1.31832	1.32755	1.28988	1.23316	1.16352	1.08505	0.994939	0.895607	0.775017	0.629393	0.482086	0.345267	0.223495	0.116555	0.0271155	-0.0536373	-0.120464	-0.159762	-0.181823	-0.208495	-0.234069	-0.244493	-0.229877	-0.195957	-0.150176	-0.106048	-0.0597352	-0.00340246	0.0641413	0.131033	0.190682	0.236034	0.273448	0.294508	0.298212	0.291321	0.262394	0.202212	0.120455	
-1.37156	-1.37156	-1.22156	-0.951587	-0.609082	-0.235474	0.130246	0.458484	0.717867	0.90255	1.02305	1.09696	1.13004	1.129	1.1143	1.08505	1.04056	0.973545	0.895141	0.791858	0.664194	0.53066	0.403929	0.285258	0.172304	0.0701558	-0.0257375	-0.109518	-0.162677	-0.198471	-0.236	-0.272231	-0.289384	-0.27791	-0.246491	-0.202512	-0.157766	-0.104071	-0.0300267	0.0616908	0.154068	0.235431	0.294623	0.341254	0.364372	0.362679	0.342646	0.29389	0.210844	0.10818	
-1.28085	-1.28085	-1.15086	-0.919021	-0.624404	-0.299825	0.0240436	0.314362	0.542808	0.701447	0.810718	0.887628	0.941167	0.971585	0.991147	0.994939	0.973545	0.928432	0.869669	0.792221	0.688994	0.57654	0.465286	0.355022	0.240688	0.129511	0.0160629	-0.0854594	-0.158238	-0.206335	-0.254246	-0.299175	-0.32592	-0.324276	-0.300297	-0.260651	-0.214298	-0.152104	-0.0660185	0.04135	0.149495	0.244309	0.319275	0.377023	0.40772	0.405736	0.373413	0.307463	0.207432	0.0905568	
-1.17933	-1.17933	-1.07288	-0.88361	-0.639331	-0.361339	-0.075776	0.183361	0.382609	0.520404	0.61746	0.69937	0.768992	0.824579	0.869793	0.895607	0.895141	0.869669	0.836587	0.787053	0.711865	0.622283	0.529886	0.432519	0.323227	0.204577	0.0788976	-0.0393042	-0.124028	-0.182734	-0.238739	-0.298567	-0.342062	-0.356021	-0.339665	-0.299846	-0.247805	-0.181366	-0.0911168	0.0162089	0.125941	0.225707	0.30645	0.372295	0.409661	0.407554	0.372207	0.301445	0.197169	0.0808671	
-1.06997	-1.06997	-0.987215	-0.840228	-0.644924	-0.412667	-0.162751	0.0648632	0.239737	0.357317	0.446813	0.529312	0.607922	0.676114	0.733058	0.775017	0.791858	0.792221	0.787053	0.769044	0.723997	0.660759	0.592208	0.513426	0.412598	0.293598	0.161383	0.0403425	-0.0488799	-0.111858	-0.180759	-0.259666	-0.324698	-0.353262	-0.339955	-0.297673	-0.243382	-0.178781	-0.0984732	-0.00202488	0.0974443	0.186261	0.262568	0.32284	0.357605	0.357895	0.325354	0.26239	0.173766	0.0731753	
-0.956906	-0.956906	-0.894414	-0.783463	-0.633244	-0.443286	-0.231374	-0.032831	0.117589	0.221813	0.302844	0.382148	0.456888	0.522196	0.579873	0.629393	0.664194	0.688994	0.711865	0.723997	0.709878	0.676687	0.635581	0.578109	0.492845	0.382271	0.261871	0.152856	0.0730024	0.00751991	-0.0727234	-0.170729	-0.253282	-0.293113	-0.285088	-0.247104	-0.199174	-0.147322	-0.0813086	-0.00278704	0.0767699	0.147245	0.203394	0.246324	0.270886	0.265329	0.236586	0.188167	0.121087	0.0466842	
-0.853359	-0.853359	-0.804549	-0.720992	-0.606212	-0.455768	-0.278204	-0.108774	0.0242742	0.117939	0.193054	0.262405	0.323578	0.3766	0.42751	0.482086	0.53066	0.57654	0.622283	0.660759	0.676687	0.672319	0.65672	0.619959	0.554304	0.464579	0.369064	0.285416	0.220802	0.159948	0.0762152	-0.0272835	-0.115958	-0.164279	-0.164988	-0.139842	-0.106433	-0.0699926	-0.0235995	0.0318521	0.0867428	0.127824	0.158411	0.17635	0.180416	0.163985	0.132743	0.0912036	0.0424662	-0.0112652	
-0.759972	-0.759972	-0.71996	-0.653583	-0.567027	-0.447817	-0.302998	-0.157182	-0.0403552	0.0451169	0.110193	0.164173	0.206595	0.244364	0.288454	0.345267	0.403929	0.465286	0.529886	0.592208	0.635581	0.65672	0.66171	0.643379	0.599355	0.533351	0.463886	0.402271	0.353938	0.304223	0.233017	0.143538	0.0625061	0.0157071	0.00922157	0.0249545	0.0470989	0.0666714	0.0895786	0.116064	0.136158	0.144391	0.142426	0.129047	0.107959	0.0716007	0.0279227	-0.0181898	-0.0662705	-0.117906	
-0.67589	-0.67589	-0.641232	-0.586758	-0.518603	-0.423181	-0.302548	-0.177057	-0.0750585	-0.00230876	0.0474393	0.0817139	0.105949	0.130527	0.168802	0.223495	0.285258	0.355022	0.432519	0.513426	0.578109	0.619959	0.643379	0.643528	0.621877	0.576006	0.524548	0.479475	0.448299	0.419713	0.374696	0.310531	0.248586	0.211235	0.209899	0.227191	0.245401	0.252732	0.253079	0.246821	0.229484	0.196955	0.154153	0.102614	0.0471421	-0.016838	-0.0830615	-0.148852	-0.213141	-0.275012	
-0.603727	-0.603727	-0.574099	-0.527365	-0.469064	-0.385296	-0.27822	-0.167285	-0.0807166	-0.0260245	0.0032955	0.017555	0.026034	0.0407763	0.0705872	0.116555	0.172304	0.240688	0.323227	0.412598	0.492845	0.554304	0.599355	0.621877	0.620205	0.58793	0.547935	0.516787	0.508465	0.507891	0.494189	0.462914	0.427684	0.412763	0.428701	0.455598	0.474396	0.46978	0.443655	0.400445	0.338264	0.259547	0.175401	0.0868277	-0.00178347	-0.0975474	-0.196925	-0.298167	-0.391595	-0.472698	
-0.528659	-0.528659	-0.505896	-0.465705	-0.412262	-0.330321	-0.230557	-0.130753	-0.0634073	-0.0312371	-0.0245419	-0.0292385	-0.0314075	-0.026133	-0.00505106	0.0271155	0.0701558	0.129511	0.204577	0.293598	0.382271	0.464579	0.533351	0.576006	0.58793	0.564754	0.535008	0.524014	0.542771	0.572574	0.59166	0.596107	0.595647	0.611491	0.647578	0.68641	0.704055	0.684538	0.628365	0.542503	0.431057	0.309678	0.188457	0.0698538	-0.0486042	-0.177074	-0.311472	-0.444409	-0.563599	-0.659063	
-0.450394	-0.450394	-0.434922	-0.402331	-0.348728	-0.266708	-0.169612	-0.0831429	-0.0350847	-0.0268547	-0.0422274	-0.0631517	-0.0770478	-0.0806743	-0.0706204	-0.0536373	-0.0257375	0.0160629	0.0788976	0.161383	0.261871	0.369064	0.463886	0.524548	0.547935	0.535008	0.521242	0.528871	0.569812	0.620213	0.665067	0.703135	0.739809	0.786362	0.845934	0.897039	0.914611	0.878931	0.788493	0.655902	0.49904	0.337414	0.185104	0.0405287	-0.106495	-0.26169	-0.418146	-0.571103	-0.704274	-0.80647	
-0.38983	-0.38983	-0.381274	-0.353361	-0.300218	-0.216872	-0.125585	-0.050121	-0.0175149	-0.0258861	-0.0562496	-0.0910979	-0.114681	-0.127554	-0.125755	-0.120464	-0.109518	-0.0854594	-0.0393042	0.0403425	0.152856	0.285416	0.402271	0.479475	0.516787	0.524014	0.528871	0.553672	0.606256	0.669073	0.731586	0.796838	0.860905	0.932685	1.00749	1.06689	1.07985	1.02523	0.903909	0.737445	0.546344	0.35673	0.177612	0.00565024	-0.166533	-0.343409	-0.516814	-0.680796	-0.820709	-0.925245	
-0.368907	-0.368907	-0.363516	-0.337803	-0.283885	-0.203175	-0.117768	-0.0485218	-0.018691	-0.0283779	-0.0630262	-0.104099	-0.135233	-0.153376	-0.155674	-0.159762	-0.162677	-0.158238	-0.124028	-0.0488799	0.0730024	0.220802	0.353938	0.448299	0.508465	0.542771	0.569812	0.606256	0.666493	0.735727	0.810166	0.890224	0.972432	1.05715	1.13792	1.19433	1.19343	1.11966	0.977452	0.788828	0.577661	0.367557	0.1671	-0.02	-0.20868	-0.400183	-0.586285	-0.762144	-0.909472	-1.00897	
-0.354939	-0.354939	-0.350297	-0.326883	-0.276137	-0.206196	-0.129944	-0.0647706	-0.0271015	-0.0287554	-0.0593865	-0.104076	-0.141019	-0.163686	-0.170758	-0.181823	-0.198471	-0.206335	-0.182734	-0.111858	0.00751991	0.159948	0.304223	0.419713	0.507891	0.572574	0.620213	0.669073	0.735727	0.811726	0.891656	0.979442	1.07018	1.15685	1.2295	1.26686	1.24465	1.15161	0.993457	0.789631	0.565102	0.344575	0.143453	-0.0430635	-0.232073	-0.430438	-0.626589	-0.808672	-0.953738	-1.04463	
-0.307963	-0.307963	-0.305611	-0.286904	-0.248965	-0.195599	-0.135547	-0.0722164	-0.0264843	-0.0162142	-0.0434099	-0.0908287	-0.13655	-0.168409	-0.186323	-0.208495	-0.236	-0.254246	-0.238739	-0.180759	-0.0727234	0.0762152	0.233017	0.374696	0.494189	0.59166	0.665067	0.731586	0.810166	0.891656	0.973595	1.06086	1.14637	1.21858	1.26289	1.26954	1.21987	1.10684	0.933027	0.718442	0.491224	0.281617	0.0962253	-0.0742223	-0.25575	-0.452404	-0.643366	-0.813922	-0.943862	-1.02292	
-0.227767	-0.227767	-0.229977	-0.223719	-0.202124	-0.171058	-0.12443	-0.0652117	-0.0105543	0.00844547	-0.0133209	-0.063008	-0.117306	-0.163985	-0.198656	-0.234069	-0.272231	-0.299175	-0.298567	-0.259666	-0.170729	-0.0272835	0.143538	0.310531	0.462914	0.596107	0.703135	0.796838	0.890224	0.979442	1.06086	1.1361	1.20195	1.23794	1.24207	1.20797	1.12393	0.982882	0.791969	0.573969	0.364501	0.182177	0.0275624	-0.118362	-0.27954	-0.455389	-0.623655	-0.769886	-0.884535	-0.958495	
-0.137056	-0.137056	-0.149068	-0.159505	-0.159349	-0.146451	-0.112184	-0.0551369	0.00304191	0.0298115	0.0139769	-0.031471	-0.0921408	-0.150346	-0.200978	-0.244493	-0.289384	-0.32592	-0.342062	-0.324698	-0.253282	-0.115958	0.0625061	0.248586	0.427684	0.595647	0.739809	0.860905	0.972432	1.07018	1.14637	1.20195	1.23052	1.22259	1.17924	1.09585	0.96697	0.791263	0.58736	0.383599	0.205389	0.0602722	-0.056922	-0.169299	-0.292943	-0.432966	-0.56715	-0.689829	-0.789861	-0.863174	
-0.0670432	-0.0670432	-0.0911858	-0.120813	-0.14076	-0.140895	-0.114002	-0.0586188	0.000260432	0.0328452	0.0271669	-0.00931492	-0.0662429	-0.129399	-0.184319	-0.229877	-0.27791	-0.324276	-0.356021	-0.353262	-0.293113	-0.164279	0.0157071	0.211235	0.412763	0.611491	0.786362	0.932685	1.05715	1.15685	1.21858	1.23794	1.22259	1.16678	1.0724	0.936891	0.76076	0.559684	0.359918	0.180729	0.0363955	-0.0711093	-0.150177	-0.217924	-0.295127	-0.390745	-0.490585	-0.585387	-0.671216	-0.739482	
-0.0268729	-0.0268729	-0.0611953	-0.107935	-0.143048	-0.15296	-0.129175	-0.0773979	-0.0200114	0.0153123	0.019296	-0.00397901	-0.0507944	-0.105516	-0.155262	-0.195957	-0.246491	-0.300297	-0.339665	-0.339955	-0.285088	-0.164988	0.00922157	0.209899	0.428701	0.647578	0.845934	1.00749	1.13792	1.2295	1.26289	1.24207	1.17924	1.0724	0.925272	0.734323	0.522132	0.310929	0.124397	-0.0267168	-0.135401	-0.203789	-0.235075	-0.25717	-0.288885	-0.344798	-0.409661	-0.477461	-0.541979	-0.598019	
-0.00172876	-0.00172876	-0.0412046	-0.0965834	-0.144093	-0.16027	-0.142843	-0.0948059	-0.0442846	-0.00960986	-8.02723e-05	-0.010796	-0.0401691	-0.0783416	-0.114176	-0.150176	-0.202512	-0.260651	-0.299846	-0.297673	-0.247104	-0.139842	0.0249545	0.227191	0.455598	0.68641	0.897039	1.06689	1.19433	1.26686	1.26954	1.20797	1.09585	0.936891	0.734323	0.502722	0.26996	0.0582197	-0.112263	-0.235104	-0.307096	-0.329259	-0.31714	-0.297131	-0.287087	-0.301827	-0.329032	-0.36385	-0.40371	-0.443533	
0.0233893	0.0233893	-0.0126808	-0.0679506	-0.121815	-0.146736	-0.137295	-0.0985792	-0.0579513	-0.0316954	-0.0222352	-0.024016	-0.0344662	-0.052658	-0.0741389	-0.106048	-0.157766	-0.214298	-0.247805	-0.243382	-0.199174	-0.106433	0.0470989	0.245401	0.474396	0.704055	0.914611	1.07985	1.19343	1.24465	1.21987	1.12393	0.96697	0.76076	0.522132	0.26996	0.0286096	-0.180511	-0.338318	-0.431804	-0.465196	-0.448747	-0.400445	-0.343176	-0.294896	-0.26763	-0.258103	-0.262251	-0.277238	-0.294077	
0.0441799	0.0441799	0.0193399	-0.0265936	-0.0807863	-0.114052	-0.11449	-0.0873802	-0.0601409	-0.0456975	-0.0397611	-0.0342191	-0.0262475	-0.0263977	-0.0339743	-0.0597352	-0.104071	-0.152104	-0.181366	-0.178781	-0.147322	-0.0699926	0.0666714	0.252732	0.46978	0.684538	0.878931	1.02523	1.11966	1.15161	1.10684	0.982882	0.791263	0.559684	0.310929	0.0582197	-0.180511	-0.383846	-0.521123	-0.584167	-0.586365	-0.541685	-0.467074	-0.381723	-0.301904	-0.245043	-0.208764	-0.189688	-0.183796	-0.178451	
0.0526849	0.0526849	0.0429268	0.0136439	-0.0352059	-0.0720259	-0.0817775	-0.0666046	-0.0543645	-0.0512384	-0.0485334	-0.0347729	-0.0130092	0.00249787	0.00839765	-0.00340246	-0.0300267	-0.0660185	-0.0911168	-0.0984732	-0.0813086	-0.0235995	0.0895786	0.253079	0.443655	0.628365	0.788493	0.903909	0.977452	0.993457	0.933027	0.791969	0.58736	0.359918	0.124397	-0.112263	-0.338318	-0.521123	-0.632923	-0.66766	-0.645776	-0.580006	-0.487066	-0.384081	-0.293181	-0.226013	-0.181572	-0.15788	-0.142567	-0.123923	
0.0521556	0.0521556	0.0572549	0.0459158	0.009308	-0.0254153	-0.0398773	-0.0374742	-0.0389166	-0.0464369	-0.0429177	-0.0248287	0.00692003	0.0313079	0.0544333	0.0641413	0.0616908	0.04135	0.0162089	-0.00202488	-0.00278704	0.0318521	0.116064	0.246821	0.400445	0.542503	0.655902	0.737445	0.788828	0.789631	0.718442	0.573969	0.383599	0.180729	-0.0267168	-0.235104	-0.431804	-0.584167	-0.66766	-0.678727	-0.63538	-0.551199	-0.449139	-0.344578	-0.260443	-0.204159	-0.176216	-0.164796	-0.159267	-0.138669	
0.0578333	0.0578333	0.0731919	0.0763856	0.0560195	0.0287383	0.013445	0.00304515	-0.0128505	-0.0288669	-0.0282927	-0.00861889	0.0216545	0.0542586	0.093959	0.131033	0.154068	0.149495	0.125941	0.0974443	0.0767699	0.0867428	0.136158	0.229484	0.338264	0.431057	0.49904	0.546344	0.577661	0.565102	0.491224	0.364501	0.205389	0.0363955	-0.135401	-0.307096	-0.465196	-0.586365	-0.645776	-0.63538	-0.569312	-0.474027	-0.370674	-0.278563	-0.217171	-0.194833	-0.196696	-0.213753	-0.223107	-0.210224	
0.0660036	0.0660036	0.0849005	0.099938	0.0956086	0.0840632	0.0710159	0.0534899	0.0255101	0.00195613	-0.00276595	0.0103418	0.0358698	0.0729812	0.130249	0.190682	0.235431	0.244309	0.225707	0.186261	0.147245	0.127824	0.144391	0.196955	0.259547	0.309678	0.337414	0.35673	0.367557	0.344575	0.281617	0.182177	0.0602722	-0.0711093	-0.203789	-0.329259	-0.448747	-0.541685	-0.580006	-0.551199	-0.474027	-0.376954	-0.287461	-0.220206	-0.197573	-0.214798	-0.250929	-0.290233	-0.317507	-0.317065	
0.0634835	0.0634835	0.0827487	0.104403	0.118962	0.124616	0.122734	0.103006	0.0705659	0.0386176	0.0244433	0.0262783	0.0452622	0.0878271	0.157855	0.236034	0.294623	0.319275	0.30645	0.262568	0.203394	0.158411	0.142426	0.154153	0.175401	0.188457	0.185104	0.177612	0.1671	0.143453	0.0962253	0.0275624	-0.056922	-0.150177	-0.235075	-0.31714	-0.400445	-0.467074	-0.487066	-0.449139	-0.370674	-0.287461	-0.223405	-0.198936	-0.222138	-0.280297	-0.343459	-0.402972	-0.443296	-0.442744	
0.0364142	0.0364142	0.0544557	0.0836563	0.114903	0.143599	0.156969	0.148767	0.117237	0.0819046	0.0546799	0.0471715	0.0621694	0.110409	0.187993	0.273448	0.341254	0.377023	0.372295	0.32284	0.246324	0.17635	0.129047	0.102614	0.0868277	0.0698538	0.0405287	0.00565024	-0.02	-0.0430635	-0.0742223	-0.118362	-0.169299	-0.217924	-0.25717	-0.297131	-0.343176	-0.381723	-0.384081	-0.344578	-0.278563	-0.220206	-0.198936	-0.224125	-0.289438	-0.38065	-0.467427	-0.541416	-0.580111	-0.568205	
-0.00962593	-0.00962593	0.0099265	0.0477294	0.0970993	0.148318	0.184473	0.193535	0.171703	0.131759	0.09308	0.0751983	0.0870241	0.135435	0.21033	0.294508	0.364372	0.40772	0.409661	0.357605	0.270886	0.180416	0.107959	0.0471421	-0.00178347	-0.0486042	-0.106495	-0.166533	-0.20868	-0.232073	-0.25575	-0.27954	-0.292943	-0.295127	-0.288885	-0.287087	-0.294896	-0.301904	-0.293181	-0.260443	-0.217171	-0.197573	-0.222138	-0.289438	-0.388476	-0.50646	-0.613407	-0.688211	-0.714538	-0.688391	
-0.0552635	-0.0552635	-0.0308454	0.020222	0.0868653	0.16283	0.221719	0.253913	0.242707	0.201068	0.151927	0.122371	0.127232	0.163035	0.225958	0.298212	0.362679	0.405736	0.407554	0.357895	0.265329	0.163985	0.0716007	-0.016838	-0.0975474	-0.177074	-0.26169	-0.343409	-0.400183	-0.430438	-0.452404	-0.455389	-0.432966	-0.390745	-0.344798	-0.301827	-0.26763	-0.245043	-0.226013	-0.204159	-0.194833	-0.214798	-0.280297	-0.38065	-0.50646	-0.64467	-0.755929	-0.817367	-0.831472	-0.792087	
-0.0829936	-0.0829936	-0.0482475	0.0184945	0.107988	0.20602	0.290836	0.342764	0.344281	0.30325	0.245105	0.202614	0.187543	0.199847	0.238568	0.291321	0.342646	0.373413	0.372207	0.325354	0.236586	0.132743	0.0279227	-0.0830615	-0.196925	-0.311472	-0.418146	-0.516814	-0.586285	-0.626589	-0.643366	-0.623655	-0.56715	-0.490585	-0.409661	-0.329032	-0.258103	-0.208764	-0.181572	-0.176216	-0.196696	-0.250929	-0.343459	-0.467427	-0.613407	-0.755929	-0.859093	-0.912596	-0.913428	-0.850627	
-0.065991	-0.065991	-0.0195967	0.0682078	0.178502	0.300068	0.402347	0.468634	0.476749	0.434698	0.36698	0.300615	0.25361	0.227504	0.23487	0.262394	0.29389	0.307463	0.301445	0.26239	0.188167	0.0912036	-0.0181898	-0.148852	-0.298167	-0.444409	-0.571103	-0.680796	-0.762144	-0.808672	-0.813922	-0.769886	-0.689829	-0.585387	-0.477461	-0.36385	-0.262251	-0.189688	-0.15788	-0.164796	-0.213753	-0.290233	-0.402972	-0.541416	-0.688211	-0.817367	-0.912596	-0.952833	-0.929193	-0.833235	
-0.0150866	-0.0150866	0.0459766	0.154424	0.289693	0.429424	0.546563	0.61683	0.627061	0.579964	0.497576	0.397624	0.306084	0.232898	0.203745	0.202212	0.210844	0.207432	0.197169	0.173766	0.121087	0.0424662	-0.0662705	-0.213141	-0.391595	-0.563599	-0.704274	-0.820709	-0.909472	-0.953738	-0.943862	-0.884535	-0.789861	-0.671216	-0.541979	-0.40371	-0.277238	-0.183796	-0.142567	-0.159267	-0.223107	-0.317507	-0.443296	-0.580111	-0.714538	-0.831472	-0.913428	-0.929193	-0.868966	-0.738271	
0.0304065	0.0304065	0.106963	0.238597	0.398663	0.557625	0.686248	0.759378	0.767318	0.714521	0.611277	0.475767	0.334404	0.216785	0.149647	0.120455	0.10818	0.0905568	0.0808671	0.0731753	0.0466842	-0.0112652	-0.117906	-0.275012	-0.472698	-0.659063	-0.80647	-0.925245	-1.00897	-1.04463	-1.02292	-0.958495	-0.863174	-0.739482	-0.598019	-0.443533	-0.294077	-0.178451	-0.123923	-0.138669	-0.210224	-0.317065	-0.442744	-0.568205	-0.688391	-0.792087	-0.850627	-0.833235	-0.738271	-0.590893	
