-0.11939	-0.042775	0.0461371	0.166265	0.316694	0.481429	0.6308	0.74472	0.801691	0.781042	0.702909	0.597089	0.480794	0.369152	0.270281	0.207363	0.180623	0.176486	0.186524	0.196064	0.206763	0.208623	0.196019	0.178558	0.168485	0.185645	0.227775	0.286903	0.352074	0.396911	0.419269	0.418117	0.399749	0.369521	0.329922	0.291764	0.270142	0.271227	0.276044	0.265807	0.216719	0.136105	0.0352654	-0.0802418	-0.195049	-0.311759	-0.41408	-0.487775	-0.529291	-0.529291	
-0.042775	0.0277196	0.107919	0.209817	0.331634	0.459578	0.572287	0.662649	0.708083	0.691164	0.628206	0.538046	0.440047	0.349565	0.275712	0.237629	0.228429	0.241536	0.264632	0.285355	0.30448	0.307157	0.283035	0.249969	0.215263	0.200175	0.216442	0.250948	0.297163	0.32409	0.329773	0.318959	0.296446	0.27053	0.240867	0.219537	0.225071	0.257292	0.298519	0.325981	0.311879	0.263238	0.184917	0.0877007	-0.0170394	-0.13085	-0.230444	-0.305907	-0.348136	-0.348136	
0.0461371	0.107919	0.181324	0.26132	0.348107	0.434533	0.511444	0.579243	0.610633	0.593987	0.543444	0.474029	0.392932	0.327137	0.279409	0.265889	0.281443	0.314331	0.34906	0.377966	0.399962	0.395423	0.363833	0.316505	0.260587	0.218617	0.205551	0.216336	0.241442	0.254725	0.24966	0.22844	0.201672	0.175994	0.156328	0.152502	0.179693	0.240045	0.313274	0.374459	0.396897	0.388002	0.347342	0.27964	0.192916	0.0882484	-0.00840226	-0.0838974	-0.124031	-0.124031	
0.166265	0.209817	0.26132	0.31618	0.367926	0.418895	0.466528	0.501818	0.508949	0.487788	0.448924	0.402543	0.346975	0.301868	0.280993	0.292586	0.33052	0.381913	0.425861	0.456363	0.475519	0.462833	0.421144	0.364925	0.295577	0.23106	0.195171	0.182888	0.183322	0.18548	0.168696	0.138485	0.114668	0.0924534	0.0811139	0.0934037	0.141396	0.227191	0.332762	0.428185	0.489703	0.52047	0.513518	0.47864	0.417902	0.335044	0.252425	0.180069	0.145271	0.145271	
0.316694	0.331634	0.348107	0.367926	0.385867	0.407799	0.425038	0.429352	0.407775	0.376039	0.344964	0.313912	0.281784	0.260151	0.26598	0.303454	0.366522	0.432936	0.485007	0.517174	0.528233	0.505387	0.452041	0.385972	0.303329	0.224853	0.169658	0.136828	0.121972	0.110342	0.0886762	0.0567104	0.0342705	0.0171673	0.0139975	0.0473499	0.119436	0.231369	0.364549	0.487311	0.584488	0.653725	0.689376	0.69269	0.659129	0.59839	0.538194	0.489806	0.464558	0.464558	
0.481429	0.459578	0.434533	0.418895	0.407799	0.399497	0.39024	0.359256	0.313852	0.262275	0.222467	0.199292	0.181599	0.180173	0.213331	0.279523	0.368123	0.45776	0.520339	0.556647	0.558725	0.518983	0.449992	0.36533	0.27204	0.182878	0.114543	0.0700874	0.0445637	0.0292416	0.0129833	-0.0100928	-0.0248383	-0.030973	-0.0222423	0.0278252	0.116255	0.247392	0.405476	0.553156	0.686371	0.794023	0.869003	0.909873	0.91066	0.884543	0.850204	0.824459	0.812096	0.812096	
0.6308	0.572287	0.511444	0.466528	0.425038	0.39024	0.355647	0.296829	0.223007	0.142133	0.0809875	0.0513442	0.0431332	0.0615964	0.122757	0.218404	0.336253	0.444043	0.521699	0.563276	0.554389	0.498911	0.410335	0.304674	0.199282	0.101522	0.0212855	-0.0299539	-0.0583218	-0.0648058	-0.0592576	-0.0546021	-0.0430395	-0.029136	-0.00993977	0.0496569	0.151462	0.293377	0.46644	0.632927	0.794604	0.940113	1.05372	1.13022	1.16252	1.16647	1.15627	1.14918	1.14718	1.14718	
0.74472	0.662649	0.579243	0.501818	0.429352	0.359256	0.296829	0.218259	0.121216	0.0203787	-0.0616066	-0.10702	-0.116588	-0.0900652	-0.0129853	0.108654	0.247143	0.379358	0.48146	0.530098	0.515658	0.443318	0.328564	0.203561	0.0881905	-0.010572	-0.0857324	-0.131274	-0.148584	-0.138512	-0.106445	-0.0674222	-0.0280437	0.00649578	0.046912	0.119159	0.230528	0.379511	0.552122	0.72956	0.908629	1.07886	1.22725	1.33386	1.39114	1.41184	1.41881	1.43318	1.44073	1.44073	
0.801691	0.708083	0.610633	0.508949	0.407775	0.313852	0.223007	0.121216	0.00887774	-0.112471	-0.214506	-0.273012	-0.285642	-0.24951	-0.158646	-0.0235258	0.130041	0.280716	0.399291	0.457927	0.441153	0.361932	0.235114	0.0961403	-0.0230536	-0.119056	-0.187044	-0.219367	-0.21831	-0.185732	-0.118123	-0.0436727	0.0237059	0.0839513	0.14037	0.220931	0.338793	0.486281	0.651342	0.825559	1.00579	1.18729	1.35213	1.47779	1.55799	1.60409	1.63528	1.66136	1.67714	1.67714	
0.781042	0.691164	0.593987	0.487788	0.376039	0.262275	0.142133	0.0203787	-0.112471	-0.247013	-0.363775	-0.433136	-0.444188	-0.397481	-0.295886	-0.14437	0.0266525	0.192002	0.325882	0.39118	0.380344	0.29879	0.162856	0.0109999	-0.116046	-0.211279	-0.268342	-0.28411	-0.263882	-0.204655	-0.11039	-0.0011582	0.0980399	0.179988	0.253485	0.336753	0.45092	0.58541	0.730382	0.888696	1.0569	1.24032	1.41378	1.55097	1.64994	1.71841	1.77468	1.82337	1.85717	1.85717	
0.702909	0.628206	0.543444	0.448924	0.344964	0.222467	0.0809875	-0.0616066	-0.214506	-0.363775	-0.49188	-0.5686	-0.57689	-0.519269	-0.395868	-0.217995	-0.025238	0.157053	0.303618	0.378553	0.373572	0.288942	0.137419	-0.0299155	-0.172539	-0.274206	-0.326303	-0.332491	-0.296831	-0.216528	-0.0929297	0.0467389	0.17372	0.272043	0.354885	0.436432	0.537284	0.652044	0.767094	0.901631	1.05012	1.21875	1.39093	1.54224	1.66172	1.75071	1.83387	1.90197	1.94515	1.94515	
0.597089	0.538046	0.474029	0.402543	0.313912	0.199292	0.0513442	-0.10702	-0.273012	-0.433136	-0.5686	-0.650045	-0.657334	-0.581716	-0.427619	-0.219907	-0.00074106	0.202879	0.364398	0.448685	0.441492	0.343441	0.174019	-0.01554	-0.181555	-0.300907	-0.362816	-0.368869	-0.322815	-0.223412	-0.0755644	0.0851246	0.22906	0.338521	0.421231	0.49586	0.580547	0.66849	0.752585	0.851531	0.969022	1.12149	1.28854	1.44257	1.57649	1.69079	1.79573	1.87597	1.92663	1.92663	
0.480794	0.440047	0.392932	0.346975	0.281784	0.181599	0.0431332	-0.116588	-0.285642	-0.444188	-0.57689	-0.657334	-0.656714	-0.559841	-0.380108	-0.148525	0.103402	0.337558	0.516167	0.608109	0.59267	0.477397	0.290072	0.0718374	-0.127435	-0.276389	-0.358442	-0.372937	-0.324073	-0.215077	-0.0627303	0.103329	0.250237	0.357272	0.43261	0.494861	0.554349	0.611287	0.666338	0.730413	0.824218	0.954349	1.10342	1.2556	1.39681	1.5251	1.64267	1.73989	1.80004	1.80004	
0.369152	0.349565	0.327137	0.301868	0.260151	0.180173	0.0615964	-0.0900652	-0.24951	-0.397481	-0.519269	-0.581716	-0.559841	-0.444683	-0.246921	0.00827857	0.291707	0.553567	0.745484	0.84138	0.824064	0.699124	0.490628	0.241906	0.00133789	-0.186231	-0.300482	-0.335068	-0.298553	-0.19725	-0.0504348	0.105652	0.244422	0.33897	0.395461	0.434096	0.462187	0.482891	0.503939	0.536069	0.598087	0.69731	0.82727	0.974716	1.12043	1.26272	1.39829	1.51019	1.57204	1.57204	
0.270281	0.275712	0.279409	0.280993	0.26598	0.213331	0.122757	-0.0129853	-0.158646	-0.295886	-0.395868	-0.427619	-0.380108	-0.246921	-0.0297242	0.250576	0.559873	0.840489	1.04329	1.15212	1.13555	0.997276	0.764032	0.479053	0.195254	-0.0403945	-0.201078	-0.273772	-0.262523	-0.176648	-0.0409269	0.103984	0.227953	0.304064	0.332029	0.33662	0.325251	0.305608	0.290029	0.27891	0.303815	0.372938	0.478577	0.612407	0.762398	0.922348	1.06626	1.18293	1.24668	1.24668	
0.207363	0.237629	0.265889	0.292586	0.303454	0.279523	0.218404	0.108654	-0.0235258	-0.14437	-0.217995	-0.219907	-0.148525	0.00827857	0.250576	0.551575	0.876773	1.16901	1.38811	1.50896	1.48756	1.33193	1.07861	0.761263	0.434782	0.146897	-0.0703678	-0.188336	-0.207683	-0.142599	-0.0259319	0.1013	0.202506	0.255859	0.258628	0.231003	0.179416	0.113097	0.0538192	0.00109832	-0.0125186	0.0154056	0.0890814	0.207674	0.349941	0.507223	0.652823	0.777019	0.841922	0.841922	
0.180623	0.228429	0.281443	0.33052	0.366522	0.368123	0.336253	0.247143	0.130041	0.0266525	-0.025238	-0.00074106	0.103402	0.291707	0.559873	0.876773	1.205	1.50727	1.73549	1.85088	1.82142	1.65997	1.39379	1.05629	0.695615	0.35938	0.0916196	-0.0722586	-0.131048	-0.0976837	-0.00813331	0.0957314	0.180486	0.217468	0.200004	0.13738	0.0430568	-0.0672411	-0.172338	-0.262069	-0.316562	-0.329987	-0.295095	-0.210618	-0.0865416	0.0652374	0.210987	0.329893	0.392271	0.392271	
0.176486	0.241536	0.314331	0.381913	0.432936	0.45776	0.444043	0.379358	0.280716	0.192002	0.157053	0.202879	0.337558	0.553567	0.840489	1.16901	1.50727	1.81201	2.036	2.1407	2.10629	1.94289	1.66525	1.31061	0.930395	0.566181	0.263342	0.062264	-0.0345505	-0.0384483	0.0212731	0.102472	0.168157	0.190829	0.153942	0.0602792	-0.0678683	-0.213071	-0.35601	-0.482405	-0.578603	-0.633365	-0.636025	-0.583007	-0.479618	-0.341312	-0.204918	-0.0978286	-0.0397234	-0.0397234	
0.186524	0.264632	0.34906	0.425861	0.485007	0.520339	0.521699	0.48146	0.399291	0.325882	0.303618	0.364398	0.516167	0.745484	1.04329	1.38811	1.73549	2.036	2.2528	2.35448	2.31862	2.14365	1.85417	1.48922	1.10249	0.725972	0.405193	0.180061	0.0579233	0.028774	0.0601906	0.119243	0.161944	0.164558	0.114248	0.00446123	-0.143995	-0.312258	-0.481277	-0.62853	-0.749706	-0.839139	-0.874809	-0.850282	-0.771071	-0.656597	-0.540254	-0.44672	-0.395103	-0.395103	
0.196064	0.285355	0.377966	0.456363	0.517174	0.556647	0.563276	0.530098	0.457927	0.39118	0.378553	0.448685	0.608109	0.84138	1.15212	1.50896	1.85088	2.1407	2.35448	2.45222	2.40886	2.22993	1.93796	1.57819	1.19194	0.809033	0.480091	0.245575	0.110266	0.0657792	0.0830923	0.12561	0.159991	0.159687	0.106513	-0.012476	-0.171212	-0.348292	-0.527518	-0.67955	-0.809979	-0.909571	-0.966156	-0.973716	-0.926874	-0.838949	-0.739564	-0.667839	-0.625598	-0.625598	
0.206763	0.30448	0.399962	0.475519	0.528233	0.558725	0.554389	0.515658	0.441153	0.380344	0.373572	0.441492	0.59267	0.824064	1.13555	1.48756	1.82142	2.10629	2.31862	2.40886	2.36114	2.18653	1.90582	1.55313	1.17172	0.799002	0.481334	0.252352	0.117341	0.0677043	0.0770111	0.120623	0.162033	0.172926	0.132914	0.0233618	-0.131289	-0.304816	-0.476987	-0.620859	-0.745888	-0.849027	-0.915744	-0.940358	-0.915324	-0.855091	-0.785971	-0.733012	-0.702284	-0.702284	
0.208623	0.307157	0.395423	0.462833	0.505387	0.518983	0.498911	0.443318	0.361932	0.29879	0.288942	0.343441	0.477397	0.699124	0.997276	1.33193	1.65997	1.94289	2.14365	2.22993	2.18653	2.02348	1.75794	1.41688	1.0544	0.707814	0.412194	0.19828	0.0744751	0.0308356	0.0487255	0.108406	0.16758	0.200618	0.186059	0.107089	-0.0202024	-0.170687	-0.322631	-0.455367	-0.566118	-0.661989	-0.730734	-0.762178	-0.755194	-0.719102	-0.675964	-0.642682	-0.625895	-0.625895	
0.196019	0.283035	0.363833	0.421144	0.452041	0.449992	0.410335	0.328564	0.235114	0.162856	0.137419	0.174019	0.290072	0.490628	0.764032	1.07861	1.39379	1.66525	1.85417	1.93796	1.90582	1.75794	1.51119	1.20494	0.878018	0.565102	0.299992	0.110094	0.00235629	-0.0255385	0.0109939	0.0864059	0.171848	0.241053	0.265656	0.230944	0.146736	0.0299952	-0.0930271	-0.202078	-0.293051	-0.370588	-0.431704	-0.472181	-0.484476	-0.46801	-0.443291	-0.423541	-0.413633	-0.413633	
0.178558	0.249969	0.316505	0.364925	0.385972	0.36533	0.304674	0.203561	0.0961403	0.0109999	-0.0299155	-0.01554	0.0718374	0.241906	0.479053	0.761263	1.05629	1.31061	1.48922	1.57819	1.55313	1.41688	1.20494	0.941857	0.65609	0.390499	0.171582	0.0168093	-0.0625511	-0.0702743	-0.0209843	0.0744778	0.187925	0.291476	0.361213	0.38012	0.342414	0.267197	0.184204	0.106171	0.0432838	-0.0175466	-0.0713605	-0.113148	-0.136852	-0.139381	-0.13757	-0.129444	-0.12947	-0.12947	
0.168485	0.215263	0.260587	0.295577	0.303329	0.27204	0.199282	0.0881905	-0.0230536	-0.116046	-0.172539	-0.181555	-0.127435	0.00133789	0.195254	0.434782	0.695615	0.930395	1.10249	1.19194	1.17172	1.0544	0.878018	0.65609	0.418547	0.210663	0.0483889	-0.0613942	-0.107362	-0.0926451	-0.0252632	0.0882793	0.221613	0.350563	0.45218	0.51984	0.537781	0.515584	0.481692	0.436686	0.402111	0.366438	0.322593	0.278806	0.237556	0.20626	0.179771	0.16509	0.154105	0.154105	
0.185645	0.200175	0.218617	0.23106	0.224853	0.182878	0.101522	-0.010572	-0.119056	-0.211279	-0.274206	-0.300907	-0.276389	-0.186231	-0.0403945	0.146897	0.35938	0.566181	0.725972	0.809033	0.799002	0.707814	0.565102	0.390499	0.210663	0.0647074	-0.0416556	-0.108234	-0.121854	-0.084692	0.00131527	0.125382	0.265897	0.406142	0.535501	0.642729	0.709305	0.741963	0.752495	0.749534	0.747283	0.734754	0.699684	0.643573	0.579911	0.517948	0.462779	0.422663	0.396602	0.396602	
0.227775	0.216442	0.205551	0.195171	0.169658	0.114543	0.0212855	-0.0857324	-0.187044	-0.268342	-0.326303	-0.362816	-0.358442	-0.300482	-0.201078	-0.0703678	0.0916196	0.263342	0.405193	0.480091	0.481334	0.412194	0.299992	0.171582	0.0483889	-0.0416556	-0.0971301	-0.122814	-0.108099	-0.0521389	0.0429785	0.170518	0.311509	0.458963	0.609164	0.744195	0.849191	0.922962	0.969395	1.00418	1.03	1.03314	1.00321	0.942022	0.85592	0.75922	0.677101	0.616451	0.583742	0.583742	
0.286903	0.250948	0.216336	0.182888	0.136828	0.0700874	-0.0299539	-0.131274	-0.219367	-0.28411	-0.332491	-0.368869	-0.372937	-0.335068	-0.273772	-0.188336	-0.0722586	0.062264	0.180061	0.245575	0.252352	0.19828	0.110094	0.0168093	-0.0613942	-0.108234	-0.122814	-0.116858	-0.0813807	-0.0142201	0.0842758	0.209607	0.349702	0.500072	0.654616	0.805369	0.940666	1.04615	1.1201	1.18055	1.2204	1.23367	1.207	1.13487	1.03343	0.921101	0.819687	0.736172	0.696448	0.696448	
0.352074	0.297163	0.241442	0.183322	0.121972	0.0445637	-0.0583218	-0.148584	-0.21831	-0.263882	-0.296831	-0.322815	-0.324073	-0.298553	-0.262523	-0.207683	-0.131048	-0.0345505	0.0579233	0.110266	0.117341	0.0744751	0.00235629	-0.0625511	-0.107362	-0.121854	-0.108099	-0.0813807	-0.035477	0.0305363	0.123111	0.23815	0.364569	0.500475	0.653947	0.81127	0.960553	1.08812	1.18226	1.26284	1.31023	1.32725	1.30103	1.22242	1.1139	0.989553	0.879536	0.788894	0.74391	0.74391	
0.396911	0.32409	0.254725	0.18548	0.110342	0.0292416	-0.0648058	-0.138512	-0.185732	-0.204655	-0.216528	-0.223412	-0.215077	-0.19725	-0.176648	-0.142599	-0.0976837	-0.0384483	0.028774	0.0657792	0.0677043	0.0308356	-0.0255385	-0.0702743	-0.0926451	-0.084692	-0.0521389	-0.0142201	0.0305363	0.0864134	0.15917	0.250898	0.351675	0.466064	0.607585	0.758944	0.906387	1.03864	1.14656	1.23846	1.29837	1.32512	1.29845	1.21877	1.10719	0.973019	0.857264	0.771658	0.726961	0.726961	
0.419269	0.329773	0.24966	0.168696	0.0886762	0.0129833	-0.0592576	-0.106445	-0.118123	-0.11039	-0.0929297	-0.0755644	-0.0627303	-0.0504348	-0.0409269	-0.0259319	-0.00813331	0.0212731	0.0601906	0.0830923	0.0770111	0.0487255	0.0109939	-0.0209843	-0.0252632	0.00131527	0.0429785	0.0842758	0.123111	0.15917	0.20429	0.257333	0.319342	0.408654	0.52274	0.649226	0.785207	0.918731	1.03584	1.13625	1.20796	1.23778	1.20911	1.12913	1.01849	0.890393	0.773178	0.681197	0.629564	0.629564	
0.418117	0.318959	0.22844	0.138485	0.0567104	-0.0100928	-0.0546021	-0.0674222	-0.0436727	-0.0011582	0.0467389	0.0851246	0.103329	0.105652	0.103984	0.1013	0.0957314	0.102472	0.119243	0.12561	0.120623	0.108406	0.0864059	0.0744778	0.0882793	0.125382	0.170518	0.209607	0.23815	0.250898	0.257333	0.263985	0.286879	0.341553	0.420059	0.521062	0.640542	0.76378	0.881797	0.989631	1.06538	1.08831	1.06047	0.981399	0.86273	0.730443	0.606719	0.513728	0.46283	0.46283	
0.399749	0.296446	0.201672	0.114668	0.0342705	-0.0248383	-0.0430395	-0.0280437	0.0237059	0.0980399	0.17372	0.22906	0.250237	0.244422	0.227953	0.202506	0.180486	0.168157	0.161944	0.159991	0.162033	0.16758	0.171848	0.187925	0.221613	0.265897	0.311509	0.349702	0.364569	0.351675	0.319342	0.286879	0.281382	0.301709	0.348322	0.428045	0.51677	0.612376	0.720855	0.817723	0.884181	0.899978	0.861944	0.769522	0.640874	0.507979	0.380976	0.285903	0.234689	0.234689	
0.369521	0.27053	0.175994	0.0924534	0.0171673	-0.030973	-0.029136	0.00649578	0.0839513	0.179988	0.272043	0.338521	0.357272	0.33897	0.304064	0.255859	0.217468	0.190829	0.164558	0.159687	0.172926	0.200618	0.241053	0.291476	0.350563	0.406142	0.458963	0.500072	0.500475	0.466064	0.408654	0.341553	0.301709	0.296945	0.319018	0.366874	0.418252	0.484976	0.575555	0.646315	0.690576	0.687865	0.621864	0.517188	0.387751	0.249895	0.118386	0.0171172	-0.0372091	-0.0372091	
0.329922	0.240867	0.156328	0.0811139	0.0139975	-0.0222423	-0.00993977	0.046912	0.14037	0.253485	0.354885	0.421231	0.43261	0.395461	0.332029	0.258628	0.200004	0.153942	0.114248	0.106513	0.132914	0.186059	0.265656	0.361213	0.45218	0.535501	0.609164	0.654616	0.653947	0.607585	0.52274	0.420059	0.348322	0.319018	0.313504	0.324875	0.342614	0.377369	0.431312	0.47196	0.488977	0.461126	0.377749	0.262965	0.125506	-0.0220083	-0.152684	-0.249419	-0.308809	-0.308809	
0.291764	0.219537	0.152502	0.0934037	0.0473499	0.0278252	0.0496569	0.119159	0.220931	0.336753	0.436432	0.49586	0.494861	0.434096	0.33662	0.231003	0.13738	0.0602792	0.00446123	-0.012476	0.0233618	0.107089	0.230944	0.38012	0.51984	0.642729	0.744195	0.805369	0.81127	0.758944	0.649226	0.521062	0.428045	0.366874	0.324875	0.294829	0.273955	0.26669	0.278048	0.292436	0.28254	0.22919	0.13387	0.0141894	-0.124393	-0.264203	-0.389404	-0.488833	-0.54308	-0.54308	
0.270142	0.225071	0.179693	0.141396	0.119436	0.116255	0.151462	0.230528	0.338793	0.45092	0.537284	0.580547	0.554349	0.462187	0.325251	0.179416	0.0430568	-0.0678683	-0.143995	-0.171212	-0.131289	-0.0202024	0.146736	0.342414	0.537781	0.709305	0.849191	0.940666	0.960553	0.906387	0.785207	0.640542	0.51677	0.418252	0.342614	0.273955	0.209575	0.160387	0.134339	0.115387	0.0763016	0.00451331	-0.0950738	-0.21342	-0.3446	-0.470431	-0.590788	-0.689742	-0.737448	-0.737448	
0.271227	0.257292	0.240045	0.227191	0.231369	0.247392	0.293377	0.379511	0.486281	0.58541	0.652044	0.66849	0.611287	0.482891	0.305608	0.113097	-0.0672411	-0.213071	-0.312258	-0.348292	-0.304816	-0.170687	0.0299952	0.267197	0.515584	0.741963	0.922962	1.04615	1.08812	1.03864	0.918731	0.76378	0.612376	0.484976	0.377369	0.26669	0.160387	0.0721014	0.00487619	-0.0517793	-0.121533	-0.206105	-0.305593	-0.420487	-0.5398	-0.655345	-0.763848	-0.850002	-0.897776	-0.897776	
0.276044	0.298519	0.313274	0.332762	0.364549	0.405476	0.46644	0.552122	0.651342	0.730382	0.767094	0.752585	0.666338	0.503939	0.290029	0.0538192	-0.172338	-0.35601	-0.481277	-0.527518	-0.476987	-0.322631	-0.0930271	0.184204	0.481692	0.752495	0.969395	1.1201	1.18226	1.14656	1.03584	0.881797	0.720855	0.575555	0.431312	0.278048	0.134339	0.00487619	-0.107559	-0.203821	-0.302353	-0.407214	-0.514438	-0.617782	-0.715181	-0.815211	-0.908948	-0.979944	-1.02273	-1.02273	
0.265807	0.325981	0.374459	0.428185	0.487311	0.553156	0.632927	0.72956	0.825559	0.888696	0.901631	0.851531	0.730413	0.536069	0.27891	0.00109832	-0.262069	-0.482405	-0.62853	-0.67955	-0.620859	-0.455367	-0.202078	0.106171	0.436686	0.749534	1.00418	1.18055	1.26284	1.23846	1.13625	0.989631	0.817723	0.646315	0.47196	0.292436	0.115387	-0.0517793	-0.203821	-0.343289	-0.471742	-0.590344	-0.696253	-0.789665	-0.869667	-0.948218	-1.02203	-1.07578	-1.11264	-1.11264	
0.216719	0.311879	0.396897	0.489703	0.584488	0.686371	0.794604	0.908629	1.00579	1.0569	1.05012	0.969022	0.824218	0.598087	0.303815	-0.0125186	-0.316562	-0.578603	-0.749706	-0.809979	-0.745888	-0.566118	-0.293051	0.0432838	0.402111	0.747283	1.03	1.2204	1.31023	1.29837	1.20796	1.06538	0.884181	0.690576	0.488977	0.28254	0.0763016	-0.121533	-0.302353	-0.471742	-0.621899	-0.748815	-0.849438	-0.924967	-0.984691	-1.03896	-1.08794	-1.1249	-1.14881	-1.14881	
0.136105	0.263238	0.388002	0.52047	0.653725	0.794023	0.940113	1.07886	1.18729	1.24032	1.21875	1.12149	0.954349	0.69731	0.372938	0.0154056	-0.329987	-0.633365	-0.839139	-0.909571	-0.849027	-0.661989	-0.370588	-0.0175466	0.366438	0.734754	1.03314	1.23367	1.32725	1.32512	1.23778	1.08831	0.899978	0.687865	0.461126	0.22919	0.00451331	-0.206105	-0.407214	-0.590344	-0.748815	-0.879371	-0.963649	-1.01565	-1.0512	-1.07316	-1.09381	-1.11232	-1.12088	-1.12088	
0.0352654	0.184917	0.347342	0.513518	0.689376	0.869003	1.05372	1.22725	1.35213	1.41378	1.39093	1.28854	1.10342	0.82727	0.478577	0.0890814	-0.295095	-0.636025	-0.874809	-0.966156	-0.915744	-0.730734	-0.431704	-0.0713605	0.322593	0.699684	1.00321	1.207	1.30103	1.29845	1.20911	1.06047	0.861944	0.621864	0.377749	0.13387	-0.0950738	-0.305593	-0.514438	-0.696253	-0.849438	-0.963649	-1.026	-1.05614	-1.06242	-1.05228	-1.045	-1.04727	-1.03742	-1.03742	
-0.0802418	0.0877007	0.27964	0.47864	0.69269	0.909873	1.13022	1.33386	1.47779	1.55097	1.54224	1.44257	1.2556	0.974716	0.612407	0.207674	-0.210618	-0.583007	-0.850282	-0.973716	-0.940358	-0.762178	-0.472181	-0.113148	0.278806	0.643573	0.942022	1.13487	1.22242	1.21877	1.12913	0.981399	0.769522	0.517188	0.262965	0.0141894	-0.21342	-0.420487	-0.617782	-0.789665	-0.924967	-1.01565	-1.05614	-1.05216	-1.02905	-0.995098	-0.952358	-0.926562	-0.906755	-0.906755	
-0.195049	-0.0170394	0.192916	0.417902	0.659129	0.91066	1.16252	1.39114	1.55799	1.64994	1.66172	1.57649	1.39681	1.12043	0.762398	0.349941	-0.0865416	-0.479618	-0.771071	-0.926874	-0.915324	-0.755194	-0.484476	-0.136852	0.237556	0.579911	0.85592	1.03343	1.1139	1.10719	1.01849	0.86273	0.640874	0.387751	0.125506	-0.124393	-0.3446	-0.5398	-0.715181	-0.869667	-0.984691	-1.0512	-1.06242	-1.02905	-0.969742	-0.899556	-0.83005	-0.771603	-0.744853	-0.744853	
-0.311759	-0.13085	0.0882484	0.335044	0.59839	0.884543	1.16647	1.41184	1.60409	1.71841	1.75071	1.69079	1.5251	1.26272	0.922348	0.507223	0.0652374	-0.341312	-0.656597	-0.838949	-0.855091	-0.719102	-0.46801	-0.139381	0.20626	0.517948	0.75922	0.921101	0.989553	0.973019	0.890393	0.730443	0.507979	0.249895	-0.0220083	-0.264203	-0.470431	-0.655345	-0.815211	-0.948218	-1.03896	-1.07316	-1.05228	-0.995098	-0.899556	-0.789163	-0.695029	-0.60921	-0.563979	-0.563979	
-0.41408	-0.230444	-0.00840226	0.252425	0.538194	0.850204	1.15627	1.41881	1.63528	1.77468	1.83387	1.79573	1.64267	1.39829	1.06626	0.652823	0.210987	-0.204918	-0.540254	-0.739564	-0.785971	-0.675964	-0.443291	-0.13757	0.179771	0.462779	0.677101	0.819687	0.879536	0.857264	0.773178	0.606719	0.380976	0.118386	-0.152684	-0.389404	-0.590788	-0.763848	-0.908948	-1.02203	-1.08794	-1.09381	-1.045	-0.952358	-0.83005	-0.695029	-0.559646	-0.447584	-0.390318	-0.390318	
-0.487775	-0.305907	-0.0838974	0.180069	0.489806	0.824459	1.14918	1.43318	1.66136	1.82337	1.90197	1.87597	1.73989	1.51019	1.18293	0.777019	0.329893	-0.0978286	-0.44672	-0.667839	-0.733012	-0.642682	-0.423541	-0.129444	0.16509	0.422663	0.616451	0.736172	0.788894	0.771658	0.681197	0.513728	0.285903	0.0171172	-0.249419	-0.488833	-0.689742	-0.850002	-0.979944	-1.07578	-1.1249	-1.11232	-1.04727	-0.926562	-0.771603	-0.60921	-0.447584	-0.322914	-0.253872	-0.253872	
-0.529291	-0.348136	-0.124031	0.145271	0.464558	0.812096	1.14718	1.44073	1.67714	1.85717	1.94515	1.92663	1.80004	1.57204	1.24668	0.841922	0.392271	-0.0397234	-0.395103	-0.625598	-0.702284	-0.625895	-0.413633	-0.12947	0.154105	0.396602	0.583742	0.696448	0.74391	0.726961	0.629564	0.46283	0.234689	-0.0372091	-0.308809	-0.54308	-0.737448	-0.897776	-1.02273	-1.11264	-1.14881	-1.12088	-1.03742	-0.906755	-0.744853	-0.563979	-0.390318	-0.253872	-0.173448	-0.173448	
-0.529291	-0.348136	-0.124031	0.145271	0.464558	0.812096	1.14718	1.44073	1.67714	1.85717	1.94515	1.92663	1.80004	1.57204	1.24668	0.841922	0.392271	-0.0397234	-0.395103	-0.625598	-0.702284	-0.625895	-0.413633	-0.12947	0.154105	0.396602	0.583742	0.696448	0.74391	0.726961	0.629564	0.46283	0.234689	-0.0372091	-0.308809	-0.54308	-0.737448	-0.897776	-1.02273	-1.11264	-1.14881	-1.12088	-1.03742	-0.906755	-0.744853	-0.563979	-0.390318	-0.253872	-0.173448	-0.173448	
