0.284651	0.366036	0.436073	0.495339	0.543098	0.565787	0.539745	0.456271	0.329633	0.174063	0.00224653	-0.170143	-0.31334	-0.420523	-0.48426	-0.497861	-0.473655	-0.419099	-0.365502	-0.320107	-0.276741	-0.215812	-0.138447	-0.0585862	0.0112787	0.065755	0.112038	0.145843	0.186942	0.262968	0.362714	0.460399	0.542541	0.607956	0.654349	0.682162	0.695755	0.695938	0.681231	0.647034	0.581021	0.479357	0.354995	0.221904	0.0934935	-0.0282515	-0.134993	-0.21341	-0.251547	-0.251547	
0.366036	0.428018	0.470592	0.492924	0.50238	0.483063	0.421245	0.311772	0.177813	0.0369265	-0.115981	-0.254717	-0.361599	-0.428317	-0.446574	-0.421626	-0.360161	-0.279048	-0.209149	-0.15205	-0.101116	-0.0424976	0.027439	0.0969017	0.156552	0.200109	0.23227	0.250818	0.268024	0.323099	0.407308	0.498691	0.589968	0.666385	0.716363	0.744444	0.762523	0.77008	0.766039	0.744107	0.688783	0.59637	0.476267	0.334314	0.17983	0.0271184	-0.101669	-0.189656	-0.230888	-0.230888	
0.436073	0.470592	0.476763	0.460259	0.420588	0.351011	0.256264	0.137725	0.00840041	-0.113326	-0.230429	-0.318962	-0.375174	-0.396766	-0.370972	-0.3078	-0.214503	-0.114651	-0.0300172	0.0374372	0.0924714	0.144448	0.20231	0.260399	0.307161	0.340337	0.35527	0.352878	0.348795	0.377587	0.443842	0.524501	0.613279	0.693326	0.749261	0.789228	0.820167	0.840821	0.851576	0.847045	0.809325	0.731002	0.617937	0.470035	0.298239	0.128937	-0.0144526	-0.114043	-0.164357	-0.164357	
0.495339	0.492924	0.460259	0.393489	0.297896	0.180953	0.0676967	-0.0487605	-0.161228	-0.251134	-0.31979	-0.3512	-0.351945	-0.324242	-0.254522	-0.155255	-0.0411359	0.0736431	0.173384	0.24473	0.298208	0.342167	0.383733	0.425037	0.457614	0.472184	0.464569	0.441685	0.416453	0.42352	0.469181	0.534766	0.612925	0.685975	0.748024	0.806868	0.856797	0.899536	0.929846	0.944098	0.923747	0.85953	0.753948	0.604246	0.432046	0.261893	0.11446	-5.53137e-05	-0.063991	-0.063991	
0.543098	0.50238	0.420588	0.297896	0.148021	-0.00338867	-0.126338	-0.22641	-0.302882	-0.348	-0.363586	-0.340524	-0.288391	-0.208186	-0.0968661	0.0289391	0.162743	0.287042	0.394847	0.463876	0.513379	0.548743	0.571034	0.590438	0.601875	0.592988	0.55766	0.514102	0.474382	0.460321	0.48031	0.527114	0.585143	0.647926	0.71314	0.785973	0.858252	0.928845	0.985152	1.01512	1.00904	0.957852	0.864867	0.724399	0.562299	0.401622	0.254272	0.134637	0.0633779	0.0633779	
0.565787	0.483063	0.351011	0.180953	-0.00338867	-0.175573	-0.301387	-0.376614	-0.404698	-0.393968	-0.348287	-0.270845	-0.170711	-0.0520393	0.0887381	0.231166	0.370521	0.496545	0.595575	0.661183	0.707485	0.73711	0.745979	0.746027	0.739516	0.704796	0.641589	0.581314	0.530006	0.498478	0.490291	0.508524	0.542679	0.590735	0.653509	0.729563	0.816112	0.911864	0.993969	1.04034	1.05068	1.01897	0.946465	0.825256	0.676597	0.522898	0.375928	0.261939	0.194493	0.194493	
0.539745	0.421245	0.256264	0.0676967	-0.126338	-0.301387	-0.417012	-0.467143	-0.450642	-0.379382	-0.267088	-0.141279	-0.00883	0.131018	0.281555	0.427088	0.559962	0.673335	0.757936	0.810456	0.849827	0.8742	0.876897	0.868366	0.84731	0.793979	0.711737	0.640045	0.581805	0.534987	0.499902	0.484525	0.490931	0.525426	0.580432	0.653655	0.742946	0.85028	0.950092	1.01355	1.04459	1.03586	0.984321	0.885793	0.756751	0.613573	0.478269	0.376435	0.321141	0.321141	
0.456271	0.311772	0.137725	-0.0487605	-0.22641	-0.376614	-0.467143	-0.484187	-0.423014	-0.294931	-0.128846	0.0354113	0.185718	0.329157	0.471276	0.600369	0.714717	0.811905	0.870305	0.902255	0.928312	0.944742	0.946519	0.937508	0.909361	0.851911	0.771022	0.693685	0.629225	0.568385	0.505071	0.458214	0.436697	0.449667	0.491711	0.553148	0.636302	0.743455	0.854251	0.93967	0.997661	1.01397	0.982418	0.907873	0.801999	0.679559	0.560651	0.47065	0.422898	0.422898	
0.329633	0.177813	0.00840041	-0.161228	-0.302882	-0.404698	-0.450642	-0.423014	-0.322492	-0.160891	0.0359754	0.224901	0.389041	0.526885	0.644547	0.745568	0.832971	0.901887	0.93386	0.948104	0.957537	0.961155	0.958271	0.945309	0.91762	0.869514	0.799822	0.72693	0.656723	0.583634	0.504685	0.438237	0.393798	0.376573	0.392765	0.435786	0.510984	0.614759	0.73401	0.842382	0.922196	0.962995	0.952647	0.898307	0.814602	0.710278	0.604164	0.521545	0.474657	0.474657	
0.174063	0.0369265	-0.113326	-0.251134	-0.348	-0.393968	-0.379382	-0.294931	-0.160891	0.0146869	0.220153	0.423285	0.5862	0.708136	0.797471	0.862061	0.909033	0.941316	0.950935	0.946338	0.934806	0.917137	0.904051	0.895929	0.882122	0.853154	0.804272	0.738676	0.665636	0.583297	0.499318	0.424282	0.360768	0.308346	0.291652	0.322954	0.390501	0.493299	0.616875	0.730573	0.820765	0.87787	0.887647	0.855709	0.787482	0.697747	0.605971	0.52946	0.488557	0.488557	
0.00224653	-0.115981	-0.230429	-0.31979	-0.363586	-0.348287	-0.267088	-0.128846	0.0359754	0.220153	0.425208	0.623005	0.769264	0.867826	0.927449	0.945064	0.939922	0.931658	0.914303	0.886276	0.855181	0.822744	0.808581	0.815486	0.820023	0.812309	0.780649	0.727931	0.662493	0.582635	0.501631	0.423468	0.338181	0.248333	0.203478	0.216048	0.273294	0.368946	0.486337	0.603046	0.697578	0.77082	0.803882	0.788952	0.735778	0.657009	0.572998	0.503891	0.465511	0.465511	
-0.170143	-0.254717	-0.318962	-0.3512	-0.340524	-0.270845	-0.141279	0.0354113	0.224901	0.423285	0.623005	0.798902	0.916348	0.989159	1.01554	0.989657	0.941807	0.892731	0.842131	0.788496	0.747096	0.71689	0.710549	0.726306	0.743863	0.745506	0.726395	0.693452	0.644252	0.573948	0.49645	0.410635	0.308112	0.201004	0.137661	0.133732	0.171134	0.247061	0.354802	0.468559	0.569997	0.654611	0.69932	0.699512	0.661308	0.597491	0.521961	0.453637	0.413841	0.413841	
-0.31334	-0.361599	-0.375174	-0.351945	-0.288391	-0.170711	-0.00883	0.185718	0.389041	0.5862	0.769264	0.916348	1.01056	1.06047	1.06357	1.01097	0.928012	0.839149	0.749327	0.671819	0.635039	0.624509	0.632384	0.654994	0.670666	0.671529	0.661378	0.643337	0.608382	0.544882	0.464209	0.370324	0.265539	0.160828	0.0934495	0.0720136	0.0845231	0.139304	0.231331	0.34158	0.448496	0.536299	0.586684	0.597594	0.574606	0.525348	0.454491	0.383761	0.338164	0.338164	
-0.420523	-0.428317	-0.396766	-0.324242	-0.208186	-0.0520393	0.131018	0.329157	0.526885	0.708136	0.867826	0.989159	1.06047	1.09177	1.07466	0.999935	0.890467	0.767987	0.648992	0.555667	0.525894	0.538159	0.565846	0.593318	0.606122	0.610362	0.607554	0.596807	0.56706	0.506322	0.420825	0.32239	0.218534	0.121809	0.0503411	0.0127397	0.0098639	0.0487532	0.126298	0.227102	0.330855	0.419136	0.475842	0.497184	0.484094	0.437824	0.36909	0.298364	0.252478	0.252478	
-0.48426	-0.446574	-0.370972	-0.254522	-0.0968661	0.0887381	0.281555	0.471276	0.644547	0.797471	0.927449	1.01554	1.06357	1.07466	1.03617	0.94348	0.817269	0.683167	0.553623	0.45895	0.429526	0.453163	0.493424	0.522809	0.541234	0.554036	0.555784	0.545584	0.519398	0.469722	0.393305	0.297728	0.1957	0.0991893	0.0220889	-0.0252188	-0.0341145	-0.0055119	0.0557843	0.135475	0.222657	0.304839	0.365144	0.393168	0.377598	0.325807	0.256016	0.193991	0.155605	0.155605	
-0.497861	-0.421626	-0.3078	-0.155255	0.0289391	0.231166	0.427088	0.600369	0.745568	0.862061	0.945064	0.989657	1.01097	0.999935	0.94348	0.842519	0.713211	0.582652	0.466408	0.382836	0.35376	0.371913	0.408262	0.440296	0.466152	0.48754	0.494883	0.488768	0.476252	0.450458	0.395327	0.312098	0.210028	0.108352	0.0268306	-0.0257725	-0.0423693	-0.0235002	0.0211604	0.0771211	0.14256	0.208787	0.261116	0.281682	0.254238	0.191825	0.118935	0.0617445	0.0308141	0.0308141	
-0.473655	-0.360161	-0.214503	-0.0411359	0.162743	0.370521	0.559962	0.714717	0.832971	0.909033	0.939922	0.941807	0.928012	0.890467	0.817269	0.713211	0.587916	0.46715	0.374651	0.316527	0.290118	0.293511	0.317867	0.34356	0.367586	0.394278	0.41455	0.433104	0.448834	0.449815	0.421791	0.350182	0.246014	0.139976	0.0554867	-0.00256666	-0.0287667	-0.0181695	0.0167141	0.0607509	0.105412	0.149303	0.176142	0.171103	0.129324	0.0550725	-0.0237585	-0.0865235	-0.118581	-0.118581	
-0.419099	-0.279048	-0.114651	0.0736431	0.287042	0.496545	0.673335	0.811905	0.901887	0.941316	0.931658	0.892731	0.839149	0.767987	0.683167	0.582652	0.46715	0.356408	0.280274	0.242795	0.221894	0.218596	0.235783	0.25375	0.265924	0.28877	0.328547	0.378216	0.422483	0.452449	0.447712	0.391478	0.292319	0.186886	0.102437	0.0355681	0.000271993	0.00399312	0.0355184	0.0722003	0.106478	0.127685	0.121842	0.0875721	0.0216245	-0.0662226	-0.164714	-0.244957	-0.288468	-0.288468	
-0.365502	-0.209149	-0.0300172	0.173384	0.394847	0.595575	0.757936	0.870305	0.93386	0.950935	0.914303	0.842131	0.749327	0.648992	0.553623	0.466408	0.374651	0.280274	0.21991	0.193324	0.177355	0.173284	0.187656	0.193538	0.186193	0.19944	0.250857	0.325481	0.395383	0.451349	0.472731	0.431636	0.346117	0.249339	0.160887	0.0888351	0.0468626	0.0462348	0.0659656	0.0932403	0.114689	0.116469	0.0855447	0.0216465	-0.0651778	-0.175926	-0.295064	-0.396174	-0.452344	-0.452344	
-0.320107	-0.15205	0.0374372	0.24473	0.463876	0.661183	0.810456	0.902255	0.948104	0.946338	0.886276	0.788496	0.671819	0.555667	0.45895	0.382836	0.316527	0.242795	0.193324	0.170081	0.155307	0.151645	0.165233	0.164498	0.141035	0.148773	0.205231	0.290046	0.379145	0.459259	0.500399	0.478641	0.410327	0.322116	0.228618	0.147755	0.0998374	0.0868187	0.0897376	0.101863	0.11415	0.103701	0.0587671	-0.0222162	-0.13262	-0.265615	-0.408439	-0.529856	-0.599578	-0.599578	
-0.276741	-0.101116	0.0924714	0.298208	0.513379	0.707485	0.849827	0.928312	0.957537	0.934806	0.855181	0.747096	0.635039	0.525894	0.429526	0.35376	0.290118	0.221894	0.177355	0.155307	0.140037	0.140395	0.154695	0.150948	0.132207	0.144461	0.202998	0.290362	0.384814	0.476584	0.528396	0.519574	0.465532	0.38417	0.288092	0.20224	0.145964	0.115547	0.100672	0.0986036	0.0997373	0.0808047	0.0290459	-0.0614533	-0.185341	-0.331547	-0.486713	-0.619799	-0.699194	-0.699194	
-0.215812	-0.0424976	0.144448	0.342167	0.548743	0.73711	0.8742	0.944742	0.961155	0.917137	0.822744	0.71689	0.624509	0.538159	0.453163	0.371913	0.293511	0.218596	0.173284	0.151645	0.140395	0.14239	0.156127	0.160716	0.157259	0.178643	0.234781	0.314438	0.404968	0.494804	0.551917	0.553295	0.506761	0.429798	0.336454	0.250514	0.183976	0.138728	0.108212	0.0923712	0.0805986	0.0526975	-0.00176118	-0.0976869	-0.227878	-0.37912	-0.536274	-0.669733	-0.749689	-0.749689	
-0.138447	0.027439	0.20231	0.383733	0.571034	0.745979	0.876897	0.946519	0.958271	0.904051	0.808581	0.710549	0.632384	0.565846	0.493424	0.408262	0.317867	0.235783	0.187656	0.165233	0.154695	0.156127	0.17329	0.194131	0.205566	0.229776	0.280959	0.352756	0.435152	0.519203	0.578843	0.588909	0.543607	0.467283	0.377086	0.290908	0.218485	0.160891	0.118004	0.0828053	0.0549351	0.019357	-0.0367024	-0.128769	-0.259105	-0.408227	-0.55712	-0.677485	-0.744099	-0.744099	
-0.0585862	0.0969017	0.260399	0.425037	0.590438	0.746027	0.868366	0.937508	0.945309	0.895929	0.815486	0.726306	0.654994	0.593318	0.522809	0.440296	0.34356	0.25375	0.193538	0.164498	0.150948	0.160716	0.194131	0.228912	0.251639	0.277476	0.329257	0.403776	0.483394	0.562339	0.623238	0.637466	0.596294	0.519678	0.428893	0.335877	0.255478	0.184624	0.122955	0.0702789	0.0238632	-0.0183101	-0.071953	-0.153636	-0.269509	-0.408281	-0.542255	-0.640094	-0.689607	-0.689607	
0.0112787	0.156552	0.307161	0.457614	0.601875	0.739516	0.84731	0.909361	0.91762	0.882122	0.820023	0.743863	0.670666	0.606122	0.541234	0.466152	0.367586	0.265924	0.186193	0.141035	0.132207	0.157259	0.205566	0.251639	0.283016	0.319563	0.384791	0.468798	0.558105	0.633672	0.68494	0.698349	0.665004	0.592966	0.497821	0.395025	0.295396	0.20214	0.119932	0.0515548	-0.00360617	-0.0534118	-0.10556	-0.16647	-0.256332	-0.369118	-0.479567	-0.56077	-0.598781	-0.598781	
0.065755	0.200109	0.340337	0.472184	0.592988	0.704796	0.793979	0.851911	0.869514	0.853154	0.812309	0.745506	0.671529	0.610362	0.554036	0.48754	0.394278	0.28877	0.19944	0.148773	0.144461	0.178643	0.229776	0.277476	0.319563	0.372186	0.446568	0.545565	0.650555	0.723848	0.762555	0.768933	0.738896	0.667667	0.568395	0.45072	0.327598	0.2045	0.101471	0.0288411	-0.0301241	-0.0793809	-0.12556	-0.165216	-0.218623	-0.295299	-0.376701	-0.445591	-0.483367	-0.483367	
0.112038	0.23227	0.35527	0.464569	0.55766	0.641589	0.711737	0.771022	0.799822	0.804272	0.780649	0.726395	0.661378	0.607554	0.555784	0.494883	0.41455	0.328547	0.250857	0.205231	0.202998	0.234781	0.280959	0.329257	0.384791	0.446568	0.525578	0.629165	0.74144	0.819802	0.857947	0.861277	0.8255	0.742082	0.631402	0.497005	0.34699	0.198074	0.0779401	-0.00210366	-0.0586863	-0.0966846	-0.127348	-0.14457	-0.169548	-0.211976	-0.266064	-0.323964	-0.361721	-0.361721	
0.145843	0.250818	0.352878	0.441685	0.514102	0.581314	0.640045	0.693685	0.72693	0.738676	0.727931	0.693452	0.643337	0.596807	0.545584	0.488768	0.433104	0.378216	0.325481	0.290046	0.290362	0.314438	0.352756	0.403776	0.468798	0.545565	0.629165	0.724634	0.833291	0.918377	0.969752	0.974336	0.922967	0.817749	0.683617	0.526201	0.353762	0.190392	0.0541808	-0.0418317	-0.100703	-0.123725	-0.130862	-0.127452	-0.128039	-0.1404	-0.164382	-0.198614	-0.223976	-0.223976	
0.186942	0.268024	0.348795	0.416453	0.474382	0.530006	0.581805	0.629225	0.656723	0.665636	0.662493	0.644252	0.608382	0.56706	0.519398	0.476252	0.448834	0.422483	0.395383	0.379145	0.384814	0.404968	0.435152	0.483394	0.558105	0.650555	0.74144	0.833291	0.935245	1.02683	1.08521	1.08623	1.0194	0.889419	0.72144	0.531003	0.340384	0.16678	0.0200908	-0.0882123	-0.147663	-0.155053	-0.141613	-0.117821	-0.0950565	-0.0813893	-0.0765191	-0.0821242	-0.0881692	-0.0881692	
0.262968	0.323099	0.377587	0.42352	0.460321	0.498478	0.534987	0.568385	0.583634	0.583297	0.582635	0.573948	0.544882	0.506322	0.469722	0.450458	0.449815	0.452449	0.451349	0.459259	0.476584	0.494804	0.519203	0.562339	0.633672	0.723848	0.819802	0.918377	1.02683	1.11894	1.16898	1.1622	1.08852	0.942116	0.746191	0.529851	0.320139	0.135068	-0.0198708	-0.128793	-0.180716	-0.181639	-0.155514	-0.11402	-0.0692661	-0.030542	-0.0026954	0.0148962	0.0234758	0.0234758	
0.362714	0.407308	0.443842	0.469181	0.48031	0.490291	0.499902	0.505071	0.504685	0.499318	0.501631	0.49645	0.464209	0.420825	0.393305	0.395327	0.421791	0.447712	0.472731	0.500399	0.528396	0.551917	0.578843	0.623238	0.68494	0.762555	0.857947	0.969752	1.08521	1.16898	1.20051	1.18143	1.10015	0.951085	0.748858	0.526928	0.307386	0.106741	-0.053211	-0.158524	-0.205098	-0.204787	-0.169049	-0.110465	-0.0440867	0.0162312	0.0638016	0.0981466	0.115123	0.115123	
0.460399	0.498691	0.524501	0.534766	0.527114	0.508524	0.484525	0.458214	0.438237	0.424282	0.423468	0.410635	0.370324	0.32239	0.297728	0.312098	0.350182	0.391478	0.431636	0.478641	0.519574	0.553295	0.588909	0.637466	0.698349	0.768933	0.861277	0.974336	1.08623	1.1622	1.18143	1.14774	1.05944	0.916596	0.727062	0.51349	0.293531	0.0886527	-0.0732906	-0.179167	-0.227208	-0.222858	-0.17191	-0.0946994	-0.0127494	0.0598477	0.120196	0.163466	0.186256	0.186256	
0.542541	0.589968	0.613279	0.612925	0.585143	0.542679	0.490931	0.436697	0.393798	0.360768	0.338181	0.308112	0.265539	0.218534	0.1957	0.210028	0.246014	0.292319	0.346117	0.410327	0.465532	0.506761	0.543607	0.596294	0.665004	0.738896	0.8255	0.922967	1.0194	1.08852	1.10015	1.05944	0.974157	0.850489	0.681966	0.48168	0.27526	0.0818842	-0.0778612	-0.191757	-0.245351	-0.237681	-0.172105	-0.0802734	0.012815	0.0967098	0.16327	0.213716	0.23972	0.23972	
0.607956	0.666385	0.693326	0.685975	0.647926	0.590735	0.525426	0.449667	0.376573	0.308346	0.248333	0.201004	0.160828	0.121809	0.0991893	0.108352	0.139976	0.186886	0.249339	0.322116	0.38417	0.429798	0.467283	0.519678	0.592966	0.667667	0.742082	0.817749	0.889419	0.942116	0.951085	0.916596	0.850489	0.753832	0.604993	0.425274	0.241502	0.0657214	-0.0880744	-0.201957	-0.254199	-0.243688	-0.176841	-0.0815674	0.0221794	0.116619	0.192052	0.242543	0.26879	0.26879	
0.654349	0.716363	0.749261	0.748024	0.71314	0.653509	0.580432	0.491711	0.392765	0.291652	0.203478	0.137661	0.0934495	0.0503411	0.0220889	0.0268306	0.0554867	0.102437	0.160887	0.228618	0.288092	0.336454	0.377086	0.428893	0.497821	0.568395	0.631402	0.683617	0.72144	0.746191	0.748858	0.727062	0.681966	0.604993	0.484363	0.335216	0.179712	0.0208271	-0.123306	-0.221386	-0.262687	-0.254306	-0.198231	-0.109174	-0.00070497	0.108198	0.195766	0.2511	0.27656	0.27656	
0.682162	0.744444	0.789228	0.806868	0.785973	0.729563	0.653655	0.553148	0.435786	0.322954	0.216048	0.133732	0.0720136	0.0127397	-0.0252188	-0.0257725	-0.00256666	0.0355681	0.0888351	0.147755	0.20224	0.250514	0.290908	0.335877	0.395025	0.45072	0.497005	0.526201	0.531003	0.529851	0.526928	0.51349	0.48168	0.425274	0.335216	0.223027	0.0940778	-0.0483625	-0.174591	-0.254681	-0.287863	-0.28599	-0.243693	-0.166945	-0.064884	0.0475055	0.146807	0.213808	0.244515	0.244515	
0.695755	0.762523	0.820167	0.856797	0.858252	0.816112	0.742946	0.636302	0.510984	0.390501	0.273294	0.171134	0.0845231	0.0098639	-0.0341145	-0.0423693	-0.0287667	0.000271993	0.0468626	0.0998374	0.145964	0.183976	0.218485	0.255478	0.295396	0.327598	0.34699	0.353762	0.340384	0.320139	0.307386	0.293531	0.27526	0.241502	0.179712	0.0940778	-0.0117261	-0.129564	-0.238752	-0.310763	-0.349338	-0.356932	-0.324067	-0.258961	-0.169276	-0.064923	0.0405331	0.121244	0.164347	0.164347	
0.695938	0.77008	0.840821	0.899536	0.928845	0.911864	0.85028	0.743455	0.614759	0.493299	0.368946	0.247061	0.139304	0.0487532	-0.0055119	-0.0235002	-0.0181695	0.00399312	0.0462348	0.0868187	0.115547	0.138728	0.160891	0.184624	0.20214	0.2045	0.198074	0.190392	0.16678	0.135068	0.106741	0.0886527	0.0818842	0.0657214	0.0208271	-0.0483625	-0.129564	-0.223165	-0.319116	-0.396181	-0.447312	-0.466763	-0.444216	-0.386182	-0.304265	-0.20513	-0.100639	-0.0109115	0.0415075	0.0415075	
0.681231	0.766039	0.851576	0.929846	0.985152	0.993969	0.950092	0.854251	0.73401	0.616875	0.486337	0.354802	0.231331	0.126298	0.0557843	0.0211604	0.0167141	0.0355184	0.0659656	0.0897376	0.100672	0.108212	0.118004	0.122955	0.119932	0.101471	0.0779401	0.0541808	0.0200908	-0.0198708	-0.053211	-0.0732906	-0.0778612	-0.0880744	-0.123306	-0.174591	-0.238752	-0.319116	-0.413908	-0.498687	-0.562258	-0.597002	-0.587902	-0.538062	-0.456473	-0.359946	-0.261438	-0.176853	-0.126559	-0.126559	
0.647034	0.744107	0.847045	0.944098	1.01512	1.04034	1.01355	0.93967	0.842382	0.730573	0.603046	0.468559	0.34158	0.227102	0.135475	0.0771211	0.0607509	0.0722003	0.0932403	0.101863	0.0986036	0.0923712	0.0828053	0.0702789	0.0515548	0.0288411	-0.00210366	-0.0418317	-0.0882123	-0.128793	-0.158524	-0.179167	-0.191757	-0.201957	-0.221386	-0.254681	-0.310763	-0.396181	-0.498687	-0.596077	-0.676657	-0.731198	-0.739769	-0.699076	-0.620767	-0.526563	-0.434189	-0.359354	-0.316183	-0.316183	
0.581021	0.688783	0.809325	0.923747	1.00904	1.05068	1.04459	0.997661	0.922196	0.820765	0.697578	0.569997	0.448496	0.330855	0.222657	0.14256	0.105412	0.106478	0.114689	0.11415	0.0997373	0.0805986	0.0549351	0.0238632	-0.00360617	-0.0301241	-0.0586863	-0.100703	-0.147663	-0.180716	-0.205098	-0.227208	-0.245351	-0.254199	-0.262687	-0.287863	-0.349338	-0.447312	-0.562258	-0.676657	-0.777006	-0.849448	-0.871774	-0.842483	-0.774095	-0.687036	-0.599313	-0.527014	-0.486507	-0.486507	
0.479357	0.59637	0.731002	0.85953	0.957852	1.01897	1.03586	1.01397	0.962995	0.87787	0.77082	0.654611	0.536299	0.419136	0.304839	0.208787	0.149303	0.127685	0.116469	0.103701	0.0808047	0.0526975	0.019357	-0.0183101	-0.0534118	-0.0793809	-0.0966846	-0.123725	-0.155053	-0.181639	-0.204787	-0.222858	-0.237681	-0.243688	-0.254306	-0.28599	-0.356932	-0.466763	-0.597002	-0.731198	-0.849448	-0.935146	-0.96893	-0.952993	-0.894993	-0.812598	-0.722294	-0.642827	-0.596604	-0.596604	
0.354995	0.476267	0.617937	0.753948	0.864867	0.946465	0.984321	0.982418	0.952647	0.887647	0.803882	0.69932	0.586684	0.475842	0.365144	0.261116	0.176142	0.121842	0.0855447	0.0587671	0.0290459	-0.00176118	-0.0367024	-0.071953	-0.10556	-0.12556	-0.127348	-0.130862	-0.141613	-0.155514	-0.169049	-0.17191	-0.172105	-0.176841	-0.198231	-0.243693	-0.324067	-0.444216	-0.587902	-0.739769	-0.871774	-0.96893	-1.01998	-1.01952	-0.969605	-0.884825	-0.785379	-0.697231	-0.643975	-0.643975	
0.221904	0.334314	0.470035	0.604246	0.724399	0.825256	0.885793	0.907873	0.898307	0.855709	0.788952	0.699512	0.597594	0.497184	0.393168	0.281682	0.171103	0.0875721	0.0216465	-0.0222162	-0.0614533	-0.0976869	-0.128769	-0.153636	-0.16647	-0.165216	-0.14457	-0.127452	-0.117821	-0.11402	-0.110465	-0.0946994	-0.0802734	-0.0815674	-0.109174	-0.166945	-0.258961	-0.386182	-0.538062	-0.699076	-0.842483	-0.952993	-1.01952	-1.03205	-0.983281	-0.888518	-0.777422	-0.67966	-0.623442	-0.623442	
0.0934935	0.17983	0.298239	0.432046	0.562299	0.676597	0.756751	0.801999	0.814602	0.787482	0.735778	0.661308	0.574606	0.484094	0.377598	0.254238	0.129324	0.0216245	-0.0651778	-0.13262	-0.185341	-0.227878	-0.259105	-0.269509	-0.256332	-0.218623	-0.169548	-0.128039	-0.0950565	-0.0692661	-0.0440867	-0.0127494	0.012815	0.0221794	-0.00070497	-0.064884	-0.169276	-0.304265	-0.456473	-0.620767	-0.774095	-0.894993	-0.969605	-0.983281	-0.930028	-0.826026	-0.702843	-0.597346	-0.536914	-0.536914	
-0.0282515	0.0271184	0.128937	0.261893	0.401622	0.522898	0.613573	0.679559	0.710278	0.697747	0.657009	0.597491	0.525348	0.437824	0.325807	0.191825	0.0550725	-0.0662226	-0.175926	-0.265615	-0.331547	-0.37912	-0.408227	-0.408281	-0.369118	-0.295299	-0.211976	-0.1404	-0.0813893	-0.030542	0.0162312	0.0598477	0.0967098	0.116619	0.108198	0.0475055	-0.064923	-0.20513	-0.359946	-0.526563	-0.687036	-0.812598	-0.884825	-0.888518	-0.826026	-0.713102	-0.580847	-0.46558	-0.398159	-0.398159	
-0.134993	-0.101669	-0.0144526	0.11446	0.254272	0.375928	0.478269	0.560651	0.604164	0.605971	0.572998	0.521961	0.454491	0.36909	0.256016	0.118935	-0.0237585	-0.164714	-0.295064	-0.408439	-0.486713	-0.536274	-0.55712	-0.542255	-0.479567	-0.376701	-0.266064	-0.164382	-0.0765191	-0.0026954	0.0638016	0.120196	0.16327	0.192052	0.195766	0.146807	0.0405331	-0.100639	-0.261438	-0.434189	-0.599313	-0.722294	-0.785379	-0.777422	-0.702843	-0.580847	-0.441547	-0.317783	-0.245798	-0.245798	
-0.21341	-0.189656	-0.114043	-5.53137e-05	0.134637	0.261939	0.376435	0.47065	0.521545	0.52946	0.503891	0.453637	0.383761	0.298364	0.193991	0.0617445	-0.0865235	-0.244957	-0.396174	-0.529856	-0.619799	-0.669733	-0.677485	-0.640094	-0.56077	-0.445591	-0.323964	-0.198614	-0.0821242	0.0148962	0.0981466	0.163466	0.213716	0.242543	0.2511	0.213808	0.121244	-0.0109115	-0.176853	-0.359354	-0.527014	-0.642827	-0.697231	-0.67966	-0.597346	-0.46558	-0.317783	-0.19271	-0.120726	-0.120726	
-0.251547	-0.230888	-0.164357	-0.063991	0.0633779	0.194493	0.321141	0.422898	0.474657	0.488557	0.465511	0.413841	0.338164	0.252478	0.155605	0.0308141	-0.118581	-0.288468	-0.452344	-0.599578	-0.699194	-0.749689	-0.744099	-0.689607	-0.598781	-0.483367	-0.361721	-0.223976	-0.0881692	0.0234758	0.115123	0.186256	0.23972	0.26879	0.27656	0.244515	0.164347	0.0415075	-0.126559	-0.316183	-0.486507	-0.596604	-0.643975	-0.623442	-0.536914	-0.398159	-0.245798	-0.120726	-0.0532315	-0.0532315	
-0.251547	-0.230888	-0.164357	-0.063991	0.0633779	0.194493	0.321141	0.422898	0.474657	0.488557	0.465511	0.413841	0.338164	0.252478	0.155605	0.0308141	-0.118581	-0.288468	-0.452344	-0.599578	-0.699194	-0.749689	-0.744099	-0.689607	-0.598781	-0.483367	-0.361721	-0.223976	-0.0881692	0.0234758	0.115123	0.186256	0.23972	0.26879	0.27656	0.244515	0.164347	0.0415075	-0.126559	-0.316183	-0.486507	-0.596604	-0.643975	-0.623442	-0.536914	-0.398159	-0.245798	-0.120726	-0.0532315	-0.0532315	
