0.0720453	0.0720453	0.102822	0.154332	0.220888	0.299308	0.407434	0.54534	0.696091	0.826675	0.913419	0.941829	0.895405	0.771568	0.57997	0.336455	0.0637804	-0.193994	-0.372165	-0.430323	-0.370264	-0.216702	-0.0071312	0.22947	0.456422	0.653556	0.796808	0.882568	0.91926	0.905585	0.833298	0.708316	0.546793	0.350334	0.113412	-0.15009	-0.423616	-0.704947	-0.958977	-1.14937	-1.24991	-1.23512	-1.08983	-0.829708	-0.510958	-0.192353	0.0941578	0.323931	0.492484	0.591124	
0.0720453	0.0720453	0.102822	0.154332	0.220888	0.299308	0.407434	0.54534	0.696091	0.826675	0.913419	0.941829	0.895405	0.771568	0.57997	0.336455	0.0637804	-0.193994	-0.372165	-0.430323	-0.370264	-0.216702	-0.0071312	0.22947	0.456422	0.653556	0.796808	0.882568	0.91926	0.905585	0.833298	0.708316	0.546793	0.350334	0.113412	-0.15009	-0.423616	-0.704947	-0.958977	-1.14937	-1.24991	-1.23512	-1.08983	-0.829708	-0.510958	-0.192353	0.0941578	0.323931	0.492484	0.591124	
0.102822	0.102822	0.132743	0.184167	0.249161	0.327672	0.433972	0.570884	0.719713	0.849127	0.934883	0.962893	0.916853	0.794371	0.604636	0.363131	0.0938411	-0.161322	-0.336302	-0.39437	-0.335513	-0.185777	0.016793	0.244208	0.458882	0.642256	0.772436	0.846667	0.87562	0.859914	0.790788	0.676245	0.528308	0.34842	0.12785	-0.121092	-0.385548	-0.659941	-0.911488	-1.10018	-1.19932	-1.18048	-1.03217	-0.767731	-0.447369	-0.130835	0.148398	0.366706	0.518354	0.59934	
0.154332	0.154332	0.184167	0.2338	0.299521	0.376509	0.48316	0.617781	0.765516	0.893565	0.979022	1.00715	0.96288	0.843301	0.656889	0.419995	0.154536	-0.0938059	-0.266609	-0.323458	-0.268825	-0.127805	0.0627016	0.270913	0.463797	0.622278	0.727699	0.782228	0.797335	0.776082	0.714679	0.615547	0.49272	0.34109	0.150936	-0.0722557	-0.315027	-0.575564	-0.815915	-0.998079	-1.08937	-1.06506	-0.908735	-0.643449	-0.326084	-0.0191194	0.242025	0.433812	0.558024	0.610432	
0.220888	0.220888	0.249161	0.299521	0.363162	0.442531	0.547294	0.682208	0.827962	0.956413	1.04265	1.07328	1.03325	0.920088	0.741076	0.510975	0.255133	0.013215	-0.153187	-0.212963	-0.165895	-0.0397039	0.128312	0.309184	0.469156	0.592847	0.667742	0.696893	0.696437	0.672177	0.618482	0.541957	0.447208	0.330532	0.177235	-0.0089958	-0.221804	-0.452227	-0.67014	-0.832889	-0.911482	-0.87688	-0.722378	-0.464027	-0.162922	0.121386	0.35359	0.515045	0.603444	0.62242	
0.299308	0.299308	0.327672	0.376509	0.442531	0.522289	0.63023	0.764758	0.912399	1.04271	1.13366	1.16957	1.13787	1.03463	0.865434	0.646256	0.398241	0.16667	0.00056412	-0.0638842	-0.0323694	0.069945	0.208744	0.351679	0.472381	0.556663	0.596081	0.60086	0.585149	0.557178	0.515879	0.460031	0.397163	0.316868	0.206602	0.0635181	-0.105598	-0.296507	-0.47708	-0.613113	-0.671673	-0.632438	-0.482023	-0.245239	0.0272989	0.279328	0.477568	0.604016	0.664048	0.657324	
0.407434	0.407434	0.433972	0.48316	0.547294	0.63023	0.736923	0.87247	1.01839	1.15114	1.24537	1.2876	1.26452	1.17218	1.0151	0.805294	0.56857	0.341805	0.176659	0.0988154	0.108411	0.179379	0.27973	0.380969	0.459548	0.504178	0.514678	0.498929	0.474526	0.448241	0.417246	0.383299	0.345499	0.298022	0.22759	0.130454	0.00797941	-0.131991	-0.268954	-0.369166	-0.408771	-0.363504	-0.227959	-0.0175235	0.221095	0.440015	0.606803	0.709243	0.745161	0.717313	
0.54534	0.54534	0.570884	0.617781	0.682208	0.764758	0.87247	1.00509	1.14997	1.28174	1.37924	1.42505	1.40874	1.3247	1.17468	0.971988	0.737333	0.512493	0.336962	0.240298	0.219677	0.253998	0.315778	0.377106	0.420454	0.437053	0.427314	0.403925	0.376574	0.353662	0.332708	0.311781	0.292725	0.268319	0.230636	0.174047	0.096177	0.00344213	-0.0880509	-0.155044	-0.171352	-0.119892	0.00931003	0.198671	0.411565	0.60466	0.748262	0.828952	0.847737	0.805352	
0.696091	0.696091	0.719713	0.765516	0.827962	0.912399	1.01839	1.14997	1.29054	1.42243	1.52106	1.57033	1.55911	1.48003	1.33556	1.13298	0.89792	0.665061	0.474638	0.350108	0.294575	0.289898	0.314306	0.342335	0.361425	0.36096	0.346639	0.323597	0.30202	0.283755	0.268743	0.256404	0.245556	0.234695	0.219773	0.192132	0.149014	0.0949305	0.0391931	0.00451922	0.00979509	0.0759815	0.209415	0.39317	0.594825	0.776385	0.903958	0.969206	0.969692	0.909255	
0.826675	0.826675	0.849127	0.893565	0.956413	1.04271	1.15114	1.28174	1.42243	1.55534	1.65942	1.71439	1.70947	1.63683	1.49508	1.29238	1.05066	0.806691	0.594212	0.43826	0.344156	0.301017	0.291081	0.292774	0.294782	0.287363	0.27268	0.256879	0.239678	0.226608	0.215219	0.208209	0.204083	0.202458	0.201975	0.195931	0.17303	0.144276	0.11516	0.103963	0.132991	0.220863	0.369381	0.560884	0.764958	0.943063	1.06422	1.11977	1.10703	1.03351	
0.913419	0.913419	0.934883	0.979022	1.04265	1.13366	1.24537	1.37924	1.52106	1.65942	1.77185	1.83543	1.83979	1.77242	1.63485	1.42868	1.17924	0.920242	0.683941	0.495256	0.364469	0.285904	0.248103	0.229295	0.221239	0.209798	0.198142	0.18565	0.173393	0.160713	0.152936	0.152208	0.155164	0.16201	0.17445	0.179129	0.169751	0.154416	0.140486	0.148721	0.197441	0.305829	0.474688	0.678631	0.889704	1.07515	1.19845	1.2539	1.23787	1.1584	
0.941829	0.941829	0.962893	1.00715	1.07328	1.16957	1.2876	1.42505	1.57033	1.71439	1.83543	1.90797	1.91749	1.85326	1.71363	1.50061	1.2393	0.962634	0.702982	0.484949	0.323024	0.218452	0.160403	0.130307	0.117739	0.106802	0.0984358	0.0921498	0.0830743	0.0762684	0.0740789	0.0830959	0.0942573	0.106268	0.119895	0.127307	0.115566	0.104029	0.09997	0.122047	0.188094	0.317302	0.500634	0.71452	0.93487	1.12872	1.26422	1.33441	1.32786	1.25184	
0.895405	0.895405	0.916853	0.96288	1.03325	1.13787	1.26452	1.40874	1.55911	1.70947	1.83979	1.91749	1.92922	1.85947	1.71134	1.48408	1.20472	0.90787	0.624484	0.381611	0.197066	0.0755001	0.00903965	-0.0221255	-0.029863	-0.0314394	-0.0285018	-0.0231045	-0.0191959	-0.0165181	-0.00740769	0.0113968	0.0265099	0.0343723	0.0397783	0.0336784	0.0118521	-0.00626804	-0.00979976	0.0197077	0.0962688	0.236559	0.433304	0.658788	0.891121	1.10438	1.26123	1.35066	1.35717	1.28841	
0.771568	0.771568	0.794371	0.843301	0.920088	1.03463	1.17218	1.3247	1.48003	1.63683	1.77242	1.85326	1.85947	1.77911	1.61642	1.372	1.076	0.76196	0.463239	0.206337	0.0100765	-0.116574	-0.183525	-0.209222	-0.206048	-0.193671	-0.172343	-0.146124	-0.121438	-0.0983694	-0.0735857	-0.0439453	-0.0290603	-0.0337021	-0.0501771	-0.0790105	-0.12314	-0.156294	-0.166197	-0.136682	-0.057334	0.0912182	0.296791	0.532709	0.781666	1.01549	1.19686	1.31046	1.33368	1.27185	
0.57997	0.57997	0.604636	0.656889	0.741076	0.865434	1.0151	1.17468	1.33556	1.49508	1.63485	1.71363	1.71134	1.61642	1.43801	1.18004	0.873001	0.552078	0.249995	-0.00836687	-0.203216	-0.326011	-0.386264	-0.400296	-0.382756	-0.348958	-0.30432	-0.251963	-0.20249	-0.160577	-0.123205	-0.0897177	-0.0812189	-0.102385	-0.141123	-0.192249	-0.255308	-0.304214	-0.324185	-0.302468	-0.227214	-0.0789837	0.131578	0.377993	0.641056	0.893717	1.0967	1.22988	1.26741	1.22016	
0.336455	0.336455	0.363131	0.419995	0.510975	0.646256	0.805294	0.971988	1.13298	1.29238	1.42868	1.50061	1.48408	1.372	1.18004	0.915349	0.609653	0.297201	0.00778789	-0.234923	-0.415804	-0.524624	-0.57176	-0.570936	-0.533783	-0.476769	-0.404746	-0.326989	-0.255485	-0.199801	-0.157519	-0.125915	-0.126712	-0.163953	-0.221256	-0.29121	-0.369309	-0.430325	-0.459403	-0.441514	-0.368481	-0.220562	-0.00862147	0.237194	0.498614	0.752388	0.962627	1.10841	1.1662	1.14091	
0.0637804	0.0637804	0.0938411	0.154536	0.255133	0.398241	0.56857	0.737333	0.89792	1.05066	1.17924	1.2393	1.20472	1.076	0.873001	0.609653	0.315675	0.0215091	-0.244219	-0.464877	-0.625205	-0.716897	-0.747644	-0.726253	-0.664495	-0.575776	-0.473694	-0.369317	-0.281145	-0.219701	-0.179237	-0.156332	-0.166934	-0.216358	-0.289172	-0.371026	-0.458091	-0.526674	-0.554737	-0.535398	-0.458561	-0.308572	-0.101393	0.133159	0.380135	0.618942	0.823528	0.975641	1.04802	1.0471	
-0.193994	-0.193994	-0.161322	-0.0938059	0.013215	0.16667	0.341805	0.512493	0.665061	0.806691	0.920242	0.962634	0.90787	0.76196	0.552078	0.297201	0.0215091	-0.246214	-0.485859	-0.681138	-0.82159	-0.896206	-0.909913	-0.866689	-0.776903	-0.656527	-0.524362	-0.39957	-0.300235	-0.236527	-0.200045	-0.180598	-0.195126	-0.251066	-0.331893	-0.42425	-0.517233	-0.584127	-0.607115	-0.575476	-0.487094	-0.335708	-0.13604	0.0819823	0.303652	0.521008	0.715928	0.8663	0.950041	0.964052	
-0.372165	-0.372165	-0.336302	-0.266609	-0.153187	0.00056412	0.176659	0.336962	0.474638	0.594212	0.683941	0.702982	0.624484	0.463239	0.249995	0.00778789	-0.244219	-0.485859	-0.699078	-0.873666	-0.99654	-1.05783	-1.05573	-0.992554	-0.877877	-0.730483	-0.577851	-0.441011	-0.338146	-0.276552	-0.238948	-0.219748	-0.229872	-0.283092	-0.367019	-0.460629	-0.547402	-0.605113	-0.607822	-0.559023	-0.459034	-0.307028	-0.11936	0.0773373	0.278088	0.476794	0.661026	0.810723	0.897615	0.916242	
-0.430323	-0.430323	-0.39437	-0.323458	-0.212963	-0.0638842	0.0988154	0.240298	0.350108	0.43826	0.495256	0.484949	0.381611	0.206337	-0.00836687	-0.234923	-0.464877	-0.681138	-0.873666	-1.03034	-1.13963	-1.18881	-1.17386	-1.09494	-0.962977	-0.800868	-0.639652	-0.503159	-0.405867	-0.347022	-0.310597	-0.286204	-0.28806	-0.333312	-0.408234	-0.490107	-0.558357	-0.587426	-0.564757	-0.494977	-0.382743	-0.235111	-0.0610548	0.119918	0.301523	0.4837	0.659675	0.801522	0.886193	0.900665	
-0.370264	-0.370264	-0.335513	-0.268825	-0.165895	-0.0323694	0.108411	0.219677	0.294575	0.344156	0.364469	0.323024	0.197066	0.0100765	-0.203216	-0.415804	-0.625205	-0.82159	-0.99654	-1.13963	-1.23582	-1.27619	-1.25189	-1.16622	-1.02964	-0.86649	-0.710696	-0.584422	-0.496873	-0.445228	-0.406817	-0.377972	-0.369026	-0.398596	-0.45622	-0.516218	-0.553509	-0.551992	-0.499844	-0.409448	-0.286682	-0.138703	0.0276595	0.195118	0.360044	0.524808	0.683554	0.814127	0.892076	0.901466	
-0.216702	-0.216702	-0.185777	-0.127805	-0.0397039	0.069945	0.179379	0.253998	0.289898	0.301017	0.285904	0.218452	0.0755001	-0.116574	-0.326011	-0.524624	-0.716897	-0.896206	-1.05783	-1.18881	-1.27619	-1.31219	-1.28778	-1.20815	-1.07923	-0.928189	-0.784977	-0.672456	-0.59825	-0.55307	-0.516395	-0.48405	-0.462883	-0.473997	-0.507225	-0.539858	-0.548473	-0.517608	-0.442754	-0.337525	-0.203662	-0.0540633	0.107783	0.266006	0.417617	0.565481	0.709975	0.828257	0.898986	0.898804	
-0.0071312	-0.0071312	0.016793	0.0627016	0.128312	0.208744	0.27973	0.315778	0.314306	0.291081	0.248103	0.160403	0.00903965	-0.183525	-0.386264	-0.57176	-0.747644	-0.909913	-1.05573	-1.17386	-1.25189	-1.28778	-1.27192	-1.20766	-1.0987	-0.967239	-0.843163	-0.749301	-0.691974	-0.658029	-0.625709	-0.587715	-0.552781	-0.540075	-0.548633	-0.560599	-0.553024	-0.507377	-0.423149	-0.308287	-0.166088	-0.0117197	0.147865	0.300439	0.440573	0.576136	0.708712	0.819076	0.884641	0.881974	
0.22947	0.22947	0.244208	0.270913	0.309184	0.351679	0.380969	0.377106	0.342335	0.292774	0.229295	0.130307	-0.0221255	-0.209222	-0.400296	-0.570936	-0.726253	-0.866689	-0.992554	-1.09494	-1.16622	-1.20815	-1.20766	-1.16822	-1.08244	-0.974809	-0.870838	-0.79775	-0.760423	-0.742569	-0.715248	-0.675227	-0.627822	-0.598736	-0.593212	-0.599877	-0.58973	-0.542453	-0.453559	-0.333521	-0.18665	-0.0323442	0.12291	0.267103	0.400639	0.532448	0.660804	0.771108	0.841031	0.84357	
0.456422	0.456422	0.458882	0.463797	0.469156	0.472381	0.459548	0.420454	0.361425	0.294782	0.221239	0.117739	-0.029863	-0.206048	-0.382756	-0.533783	-0.664495	-0.776903	-0.877877	-0.962977	-1.02964	-1.07923	-1.0987	-1.08244	-1.02176	-0.937884	-0.858226	-0.81065	-0.800757	-0.800586	-0.783326	-0.740368	-0.687291	-0.651748	-0.646048	-0.659396	-0.66163	-0.618842	-0.533112	-0.414517	-0.268254	-0.116143	0.0331405	0.173814	0.305336	0.433478	0.560054	0.674081	0.753579	0.775956	
0.653556	0.653556	0.642256	0.622278	0.592847	0.556663	0.504178	0.437053	0.36096	0.287363	0.209798	0.106802	-0.0314394	-0.193671	-0.348958	-0.476769	-0.575776	-0.656527	-0.730483	-0.800868	-0.86649	-0.928189	-0.967239	-0.974809	-0.937884	-0.880383	-0.827476	-0.809533	-0.824531	-0.843845	-0.833654	-0.793284	-0.745142	-0.71704	-0.723226	-0.753509	-0.768829	-0.7347	-0.654433	-0.538384	-0.398448	-0.251797	-0.109005	0.0239151	0.147502	0.273226	0.398685	0.522781	0.624801	0.678435	
0.796808	0.796808	0.772436	0.727699	0.667742	0.596081	0.514678	0.427314	0.346639	0.27268	0.198142	0.0984358	-0.0285018	-0.172343	-0.30432	-0.404746	-0.473694	-0.524362	-0.577851	-0.639652	-0.710696	-0.784977	-0.843163	-0.870838	-0.858226	-0.827476	-0.80444	-0.812865	-0.851478	-0.885336	-0.884663	-0.853221	-0.817451	-0.804718	-0.824756	-0.866603	-0.893688	-0.868013	-0.793291	-0.68688	-0.554848	-0.416599	-0.28531	-0.165918	-0.0517922	0.0668087	0.194139	0.333272	0.457357	0.541414	
0.882568	0.882568	0.846667	0.782228	0.696893	0.60086	0.498929	0.403925	0.323597	0.256879	0.18565	0.0921498	-0.0231045	-0.146124	-0.251963	-0.326989	-0.369317	-0.39957	-0.441011	-0.503159	-0.584422	-0.672456	-0.749301	-0.79775	-0.81065	-0.809533	-0.812865	-0.843872	-0.896909	-0.941871	-0.951683	-0.930344	-0.909742	-0.908853	-0.935795	-0.983282	-1.01723	-0.998596	-0.932627	-0.832523	-0.711488	-0.585446	-0.470705	-0.37027	-0.2705	-0.156524	-0.0240378	0.127448	0.271103	0.378935	
0.91926	0.91926	0.87562	0.797335	0.696437	0.585149	0.474526	0.376574	0.30202	0.239678	0.173393	0.0830743	-0.0191959	-0.121438	-0.20249	-0.255485	-0.281145	-0.300235	-0.338146	-0.405867	-0.496873	-0.59825	-0.691974	-0.760423	-0.800757	-0.824531	-0.851478	-0.896909	-0.959691	-1.01635	-1.03641	-1.02658	-1.01386	-1.01556	-1.03924	-1.08209	-1.11511	-1.10089	-1.03791	-0.947073	-0.840882	-0.734476	-0.642685	-0.5604	-0.469423	-0.353811	-0.215178	-0.0548832	0.0965236	0.222497	
0.905585	0.905585	0.859914	0.776082	0.672177	0.557178	0.448241	0.353662	0.283755	0.226608	0.160713	0.0762684	-0.0165181	-0.0983694	-0.160577	-0.199801	-0.219701	-0.236527	-0.276552	-0.347022	-0.445228	-0.55307	-0.658029	-0.742569	-0.800586	-0.843845	-0.885336	-0.941871	-1.01635	-1.08623	-1.11984	-1.11778	-1.10378	-1.09913	-1.10948	-1.13859	-1.1621	-1.14513	-1.08353	-1.00345	-0.91584	-0.83249	-0.757382	-0.688229	-0.598761	-0.483788	-0.343466	-0.184195	-0.0249491	0.115698	
0.833298	0.833298	0.790788	0.714679	0.618482	0.515879	0.417246	0.332708	0.268743	0.215219	0.152936	0.0740789	-0.00740769	-0.0735857	-0.123205	-0.157519	-0.179237	-0.200045	-0.238948	-0.310597	-0.406817	-0.516395	-0.625709	-0.715248	-0.783326	-0.833654	-0.884663	-0.951683	-1.03641	-1.11984	-1.16274	-1.16081	-1.14114	-1.12417	-1.11894	-1.12878	-1.13643	-1.11128	-1.05108	-0.980281	-0.908939	-0.838834	-0.774133	-0.70744	-0.623096	-0.513149	-0.376277	-0.218188	-0.0548444	0.102604	
0.708316	0.708316	0.676245	0.615547	0.541957	0.460031	0.383299	0.311781	0.256404	0.208209	0.152208	0.0830959	0.0113968	-0.0439453	-0.0897177	-0.125915	-0.156332	-0.180598	-0.219748	-0.286204	-0.377972	-0.48405	-0.587715	-0.675227	-0.740368	-0.793284	-0.853221	-0.930344	-1.02658	-1.11778	-1.16081	-1.15495	-1.1203	-1.08718	-1.05962	-1.04382	-1.03029	-0.999677	-0.942183	-0.881812	-0.81741	-0.75151	-0.683054	-0.617076	-0.535291	-0.429309	-0.294483	-0.137728	0.0322249	0.194719	
0.546793	0.546793	0.528308	0.49272	0.447208	0.397163	0.345499	0.292725	0.245556	0.204083	0.155164	0.0942573	0.0265099	-0.0290603	-0.0812189	-0.126712	-0.166934	-0.195126	-0.229872	-0.28806	-0.369026	-0.462883	-0.552781	-0.627822	-0.687291	-0.745142	-0.817451	-0.909742	-1.01386	-1.10378	-1.14114	-1.1203	-1.06561	-1.00637	-0.947928	-0.9013	-0.866617	-0.828517	-0.775146	-0.717699	-0.653247	-0.586132	-0.518442	-0.453838	-0.374263	-0.268112	-0.126381	0.0356987	0.20621	0.36448	
0.350334	0.350334	0.34842	0.34109	0.330532	0.316868	0.298022	0.268319	0.234695	0.202458	0.16201	0.106268	0.0343723	-0.0337021	-0.102385	-0.163953	-0.216358	-0.251066	-0.283092	-0.333312	-0.398596	-0.473997	-0.540075	-0.598736	-0.651748	-0.71704	-0.804718	-0.908853	-1.01556	-1.09913	-1.12417	-1.08718	-1.00637	-0.912873	-0.819445	-0.738408	-0.679039	-0.628019	-0.568739	-0.506425	-0.441131	-0.378518	-0.3193	-0.259962	-0.183002	-0.0705195	0.0781396	0.242851	0.412526	0.563649	
0.113412	0.113412	0.12785	0.150936	0.177235	0.206602	0.22759	0.230636	0.219773	0.201975	0.17445	0.119895	0.0397783	-0.0501771	-0.141123	-0.221256	-0.289172	-0.331893	-0.367019	-0.408234	-0.45622	-0.507225	-0.548633	-0.593212	-0.646048	-0.723226	-0.824756	-0.935795	-1.03924	-1.10948	-1.11894	-1.05962	-0.947928	-0.819445	-0.690547	-0.579476	-0.493101	-0.419459	-0.346736	-0.277905	-0.214039	-0.162595	-0.113246	-0.0581356	0.0183424	0.133348	0.281513	0.444318	0.606558	0.745222	
-0.15009	-0.15009	-0.121092	-0.0722557	-0.0089958	0.0635181	0.130454	0.174047	0.192132	0.195931	0.179129	0.127307	0.0336784	-0.0790105	-0.192249	-0.29121	-0.371026	-0.42425	-0.460629	-0.490107	-0.516218	-0.539858	-0.560599	-0.599877	-0.659396	-0.753509	-0.866603	-0.983282	-1.08209	-1.13859	-1.12878	-1.04382	-0.9013	-0.738408	-0.579476	-0.438112	-0.32092	-0.222095	-0.138088	-0.0710498	-0.018994	0.0221093	0.0659763	0.12085	0.200265	0.314782	0.459616	0.617066	0.769437	0.891718	
-0.423616	-0.423616	-0.385548	-0.315027	-0.221804	-0.105598	0.00797941	0.096177	0.149014	0.17303	0.169751	0.115566	0.0118521	-0.12314	-0.255308	-0.369309	-0.458091	-0.517233	-0.547402	-0.558357	-0.553509	-0.548473	-0.553024	-0.58973	-0.66163	-0.768829	-0.893688	-1.01723	-1.11511	-1.1621	-1.13643	-1.03029	-0.866617	-0.679039	-0.493101	-0.32092	-0.172914	-0.050079	0.0350157	0.0896162	0.125633	0.155394	0.191676	0.248541	0.327365	0.446373	0.592362	0.750521	0.891825	1.00011	
-0.704947	-0.704947	-0.659941	-0.575564	-0.452227	-0.296507	-0.131991	0.00344213	0.0949305	0.144276	0.154416	0.104029	-0.00626804	-0.156294	-0.304214	-0.430325	-0.526674	-0.584127	-0.605113	-0.587426	-0.551992	-0.517608	-0.507377	-0.542453	-0.618842	-0.7347	-0.868013	-0.998596	-1.10089	-1.14513	-1.11128	-0.999677	-0.828517	-0.628019	-0.419459	-0.222095	-0.050079	0.0802063	0.158439	0.19518	0.215317	0.233433	0.266567	0.317996	0.401995	0.525983	0.675327	0.835849	0.976506	1.07602	
-0.958977	-0.958977	-0.911488	-0.815915	-0.67014	-0.47708	-0.268954	-0.0880509	0.0391931	0.11516	0.140486	0.09997	-0.00979976	-0.166197	-0.324185	-0.459403	-0.554737	-0.607115	-0.607822	-0.564757	-0.499844	-0.442754	-0.423149	-0.453559	-0.533112	-0.654433	-0.793291	-0.932627	-1.03791	-1.08353	-1.05108	-0.942183	-0.775146	-0.568739	-0.346736	-0.138088	0.0350157	0.158439	0.22181	0.241021	0.245199	0.254488	0.279584	0.332816	0.424383	0.555394	0.714106	0.885047	1.02853	1.12645	
-1.14937	-1.14937	-1.10018	-0.998079	-0.832889	-0.613113	-0.369166	-0.155044	0.00451922	0.103963	0.148721	0.122047	0.0197077	-0.136682	-0.302468	-0.441514	-0.535398	-0.575476	-0.559023	-0.494977	-0.409448	-0.337525	-0.308287	-0.333521	-0.414517	-0.538384	-0.68688	-0.832523	-0.947073	-1.00345	-0.980281	-0.881812	-0.717699	-0.506425	-0.277905	-0.0710498	0.0896162	0.19518	0.241021	0.237827	0.221291	0.215025	0.237744	0.295963	0.399709	0.546311	0.722444	0.907834	1.06144	1.1564	
-1.24991	-1.24991	-1.19932	-1.08937	-0.911482	-0.671673	-0.408771	-0.171352	0.00979509	0.132991	0.197441	0.188094	0.0962688	-0.057334	-0.227214	-0.368481	-0.458561	-0.487094	-0.459034	-0.382743	-0.286682	-0.203662	-0.166088	-0.18665	-0.268254	-0.398448	-0.554848	-0.711488	-0.840882	-0.91584	-0.908939	-0.81741	-0.653247	-0.441131	-0.214039	-0.018994	0.125633	0.215317	0.245199	0.221291	0.1812	0.159436	0.177214	0.236849	0.353027	0.516891	0.7157	0.919309	1.07888	1.16201	
-1.23512	-1.23512	-1.18048	-1.06506	-0.87688	-0.632438	-0.363504	-0.119892	0.0759815	0.220863	0.305829	0.317302	0.236559	0.0912182	-0.0789837	-0.220562	-0.308572	-0.335708	-0.307028	-0.235111	-0.138703	-0.0540633	-0.0117197	-0.0323442	-0.116143	-0.251797	-0.416599	-0.585446	-0.734476	-0.83249	-0.838834	-0.75151	-0.586132	-0.378518	-0.162595	0.0221093	0.155394	0.233433	0.254488	0.215025	0.159436	0.128137	0.142143	0.205736	0.33421	0.513756	0.729113	0.93588	1.09063	1.16462	
-1.08983	-1.08983	-1.03217	-0.908735	-0.722378	-0.482023	-0.227959	0.00931003	0.209415	0.369381	0.474688	0.500634	0.433304	0.296791	0.131578	-0.00862147	-0.101393	-0.13604	-0.11936	-0.0610548	0.0276595	0.107783	0.147865	0.12291	0.0331405	-0.109005	-0.28531	-0.470705	-0.642685	-0.757382	-0.774133	-0.683054	-0.518442	-0.3193	-0.113246	0.0659763	0.191676	0.266567	0.279584	0.237744	0.177214	0.142143	0.158152	0.234944	0.37575	0.569326	0.785432	0.980861	1.12266	1.1781	
-0.829708	-0.829708	-0.767731	-0.643449	-0.464027	-0.245239	-0.0175235	0.198671	0.39317	0.560884	0.678631	0.71452	0.658788	0.532709	0.377993	0.237194	0.133159	0.0819823	0.0773373	0.119918	0.195118	0.266006	0.300439	0.267103	0.173814	0.0239151	-0.165918	-0.37027	-0.5604	-0.688229	-0.70744	-0.617076	-0.453838	-0.259962	-0.0581356	0.12085	0.248541	0.317996	0.332816	0.295963	0.236849	0.205736	0.234944	0.327946	0.482471	0.677464	0.879371	1.05712	1.17756	1.20283	
-0.510958	-0.510958	-0.447369	-0.326084	-0.162922	0.0272989	0.221095	0.411565	0.594825	0.764958	0.889704	0.93487	0.891121	0.781666	0.641056	0.498614	0.380135	0.303652	0.278088	0.301523	0.360044	0.417617	0.440573	0.400639	0.305336	0.147502	-0.0517922	-0.2705	-0.469423	-0.598761	-0.623096	-0.535291	-0.374263	-0.183002	0.0183424	0.200265	0.327365	0.401995	0.424383	0.399709	0.353027	0.33421	0.37575	0.482471	0.635174	0.81819	1.00394	1.16128	1.24864	1.22964	
-0.192353	-0.192353	-0.130835	-0.0191194	0.121386	0.279328	0.440015	0.60466	0.776385	0.943063	1.07515	1.12872	1.10438	1.01549	0.893717	0.752388	0.618942	0.521008	0.476794	0.4837	0.524808	0.565481	0.576136	0.532448	0.433478	0.273226	0.0668087	-0.156524	-0.353811	-0.483788	-0.513149	-0.429309	-0.268112	-0.0705195	0.133348	0.314782	0.446373	0.525983	0.555394	0.546311	0.516891	0.513756	0.569326	0.677464	0.81819	0.986456	1.14498	1.26467	1.30164	1.23416	
0.0941578	0.0941578	0.148398	0.242025	0.35359	0.477568	0.606803	0.748262	0.903958	1.06422	1.19845	1.26422	1.26123	1.19686	1.0967	0.962627	0.823528	0.715928	0.661026	0.659675	0.683554	0.709975	0.708712	0.660804	0.560054	0.398685	0.194139	-0.0240378	-0.215178	-0.343466	-0.376277	-0.294483	-0.126381	0.0781396	0.281513	0.459616	0.592362	0.675327	0.714106	0.722444	0.7157	0.729113	0.785432	0.879371	1.00394	1.14498	1.26341	1.33418	1.31961	1.21081	
0.323931	0.323931	0.366706	0.433812	0.515045	0.604016	0.709243	0.828952	0.969206	1.11977	1.2539	1.33441	1.35066	1.31046	1.22988	1.10841	0.975641	0.8663	0.810723	0.801522	0.814127	0.828257	0.819076	0.771108	0.674081	0.522781	0.333272	0.127448	-0.0548832	-0.184195	-0.218188	-0.137728	0.0356987	0.242851	0.444318	0.617066	0.750521	0.835849	0.885047	0.907834	0.919309	0.93588	0.980861	1.05712	1.16128	1.26467	1.33418	1.35168	1.29085	1.15555	
0.492484	0.492484	0.518354	0.558024	0.603444	0.664048	0.745161	0.847737	0.969692	1.10703	1.23787	1.32786	1.35717	1.33368	1.26741	1.1662	1.04802	0.950041	0.897615	0.886193	0.892076	0.898986	0.884641	0.841031	0.753579	0.624801	0.457357	0.271103	0.0965236	-0.0249491	-0.0548444	0.0322249	0.20621	0.412526	0.606558	0.769437	0.891825	0.976506	1.02853	1.06144	1.07888	1.09063	1.12266	1.17756	1.24864	1.30164	1.31961	1.29085	1.20373	1.05264	
0.591124	0.591124	0.59934	0.610432	0.62242	0.657324	0.717313	0.805352	0.909255	1.03351	1.1584	1.25184	1.28841	1.27185	1.22016	1.14091	1.0471	0.964052	0.916242	0.900665	0.901466	0.898804	0.881974	0.84357	0.775956	0.678435	0.541414	0.378935	0.222497	0.115698	0.102604	0.194719	0.36448	0.563649	0.745222	0.891718	1.00011	1.07602	1.12645	1.1564	1.16201	1.16462	1.1781	1.20283	1.22964	1.23416	1.21081	1.15555	1.05264	0.898134	
