-0.0415179	-0.0437159	-0.0442454	-0.0444459	-0.0438236	-0.0510138	-0.0520414	-0.0481046	-0.0497873	-0.0548986	-0.0566328	-0.0534851	-0.0593385	-0.0639874	-0.059521	-0.0627111	-0.0703866	-0.0736583	-0.0722996	-0.0708079	-0.0816738	-0.0954428	-0.0932491	-0.0868773	-0.0928605	-0.11037	-0.134199	-0.148897	-0.140044	-0.123931	-0.129551	-0.167141	-0.237918	-0.340819	-0.454093	-0.540788	-0.57825	-0.561123	-0.481689	-0.331332	-0.120472	0.121019	0.366587	0.606719	0.838658	1.05111	1.2244	1.34263	1.40096	1.40096	
-0.0437159	-0.0413452	-0.043702	-0.049283	-0.0483937	-0.0515099	-0.048765	-0.048425	-0.0547487	-0.0575628	-0.0540818	-0.0542481	-0.064048	-0.0639175	-0.0586796	-0.0658728	-0.0736494	-0.0743644	-0.0715056	-0.0736685	-0.0881911	-0.0975161	-0.0908682	-0.087755	-0.0992622	-0.119986	-0.14209	-0.148849	-0.134342	-0.123295	-0.140918	-0.191323	-0.274096	-0.383315	-0.490713	-0.561068	-0.578632	-0.540276	-0.437659	-0.266385	-0.0440808	0.197096	0.434057	0.659941	0.870254	1.05148	1.187	1.27017	1.30729	1.30729	
-0.0442454	-0.043702	-0.0534033	-0.0492816	-0.0453777	-0.0506297	-0.0493699	-0.0533255	-0.0564054	-0.0553728	-0.0549049	-0.0593552	-0.0651701	-0.0608293	-0.0613444	-0.0714574	-0.0749733	-0.0730237	-0.0719678	-0.0793218	-0.0942759	-0.0969901	-0.0885879	-0.0912355	-0.107924	-0.13002	-0.147696	-0.145777	-0.12897	-0.12706	-0.158385	-0.221862	-0.315501	-0.427224	-0.523842	-0.574697	-0.570793	-0.509686	-0.383061	-0.192357	0.0381216	0.276068	0.502745	0.712903	0.89926	1.04649	1.1422	1.18957	1.2055	1.2055	
-0.0444459	-0.049283	-0.0492816	-0.0409933	-0.049455	-0.054989	-0.052527	-0.0544188	-0.0556685	-0.0568758	-0.0560892	-0.0611647	-0.0660209	-0.0617215	-0.0654035	-0.0738348	-0.0746437	-0.0732823	-0.0749433	-0.0858687	-0.0980965	-0.0946179	-0.088117	-0.097766	-0.118201	-0.139273	-0.150071	-0.140358	-0.1259	-0.136844	-0.18275	-0.25892	-0.361173	-0.47045	-0.551313	-0.580091	-0.553388	-0.468138	-0.317419	-0.109843	0.124979	0.356842	0.571625	0.764294	0.924097	1.03484	1.08969	1.1017	1.09724	1.09724	
-0.0438236	-0.0483937	-0.0453777	-0.049455	-0.0589521	-0.0541098	-0.0493081	-0.0542831	-0.0582468	-0.0566074	-0.0580604	-0.0671681	-0.0655447	-0.0601126	-0.0695031	-0.0771316	-0.075117	-0.0737831	-0.0789795	-0.0927087	-0.0996461	-0.0915878	-0.0905563	-0.107221	-0.129132	-0.146399	-0.148743	-0.134148	-0.127473	-0.154052	-0.214494	-0.302171	-0.409434	-0.510409	-0.570925	-0.575741	-0.525067	-0.414574	-0.240705	-0.0199045	0.215105	0.438239	0.639494	0.812513	0.942967	1.01529	1.02941	1.00781	0.984589	0.984589	
-0.0510138	-0.0515099	-0.0506297	-0.054989	-0.0541098	-0.0458688	-0.0518595	-0.0618816	-0.0593133	-0.0570071	-0.0634916	-0.0668133	-0.0609803	-0.0649275	-0.0770193	-0.0774771	-0.0733362	-0.0757014	-0.0860307	-0.0988253	-0.0978865	-0.0893791	-0.0971713	-0.119008	-0.139199	-0.150071	-0.144157	-0.129637	-0.136083	-0.179666	-0.253664	-0.350619	-0.457825	-0.54419	-0.580594	-0.560227	-0.484511	-0.348254	-0.15347	0.0759464	0.306962	0.519002	0.704924	0.855652	0.953926	0.986703	0.961608	0.909496	0.869915	0.869915	
-0.0520414	-0.048765	-0.0493699	-0.052527	-0.0493081	-0.0518595	-0.0644898	-0.0618737	-0.0543956	-0.0589905	-0.065894	-0.0661167	-0.0643292	-0.0717542	-0.0783414	-0.0751255	-0.0743555	-0.0815366	-0.0939337	-0.100985	-0.093866	-0.0911171	-0.108277	-0.131259	-0.146612	-0.149679	-0.138026	-0.129962	-0.153764	-0.21408	-0.299734	-0.402412	-0.50315	-0.5688	-0.578479	-0.53221	-0.430525	-0.268941	-0.0569227	0.175826	0.398944	0.597779	0.766203	0.891528	0.955012	0.948225	0.886934	0.808654	0.755796	0.755796	
-0.0481046	-0.048425	-0.0533255	-0.0544188	-0.0542831	-0.0618816	-0.0618737	-0.0524021	-0.0563766	-0.0668114	-0.0701965	-0.0658534	-0.0650952	-0.0757904	-0.0798395	-0.0748604	-0.0777587	-0.0890157	-0.0996662	-0.0990951	-0.0913435	-0.0986908	-0.121974	-0.141687	-0.150214	-0.145751	-0.133263	-0.13843	-0.181822	-0.256996	-0.351425	-0.454714	-0.541682	-0.58145	-0.56304	-0.490427	-0.362199	-0.1771	0.0470566	0.277609	0.489442	0.673065	0.821288	0.917759	0.944429	0.899438	0.806459	0.707412	0.644844	0.644844	
-0.0497873	-0.0547487	-0.0564054	-0.0556685	-0.0582468	-0.0593133	-0.0543956	-0.0563766	-0.0680299	-0.0715726	-0.0655896	-0.0619567	-0.0724026	-0.0836189	-0.077628	-0.073852	-0.084957	-0.0972294	-0.101214	-0.0953812	-0.093743	-0.111442	-0.135496	-0.148635	-0.149634	-0.1401	-0.133802	-0.157933	-0.220527	-0.307315	-0.406512	-0.503718	-0.569517	-0.579815	-0.533019	-0.433723	-0.279141	-0.0740702	0.156006	0.379093	0.576855	0.743105	0.867798	0.931915	0.92076	0.8405	0.721687	0.608011	0.539548	0.539548	
-0.0548986	-0.0575628	-0.0553728	-0.0568758	-0.0566074	-0.0570071	-0.0589905	-0.0668114	-0.0715726	-0.0647617	-0.0619902	-0.0713944	-0.0831914	-0.0804673	-0.0724787	-0.0810302	-0.095337	-0.100884	-0.0987732	-0.094148	-0.102623	-0.12693	-0.146277	-0.151025	-0.145526	-0.136229	-0.144058	-0.190174	-0.268908	-0.363068	-0.46167	-0.544869	-0.583031	-0.562183	-0.487362	-0.361183	-0.181771	0.0378743	0.267075	0.478143	0.65954	0.805798	0.903069	0.93175	0.883202	0.772247	0.634507	0.512668	0.442098	0.442098	
-0.0566328	-0.0540818	-0.0549049	-0.0560892	-0.0580604	-0.0634916	-0.065894	-0.0701965	-0.0655896	-0.0619902	-0.0716486	-0.0808105	-0.0812582	-0.0751967	-0.0780585	-0.0921824	-0.100338	-0.100317	-0.0968722	-0.0982192	-0.117121	-0.141985	-0.152011	-0.14865	-0.140495	-0.139191	-0.167732	-0.235023	-0.32483	-0.421337	-0.512448	-0.573326	-0.579331	-0.527441	-0.425159	-0.2724	-0.0715936	0.155611	0.377299	0.572781	0.735683	0.858631	0.92432	0.915484	0.831777	0.696239	0.547105	0.423434	0.35424	0.35424	
-0.0534851	-0.0542481	-0.0593552	-0.0611647	-0.0671681	-0.0668133	-0.0661167	-0.0658534	-0.0619567	-0.0713944	-0.0808105	-0.081069	-0.0787902	-0.0770167	-0.0868691	-0.10003	-0.102213	-0.0987866	-0.097346	-0.109182	-0.13517	-0.152409	-0.151211	-0.143595	-0.139418	-0.154248	-0.206514	-0.29044	-0.38519	-0.47811	-0.553482	-0.584623	-0.556547	-0.474912	-0.345703	-0.167862	0.0486512	0.275437	0.483872	0.661145	0.803126	0.898698	0.928931	0.882124	0.767489	0.614705	0.461805	0.342041	0.277165	0.277165	
-0.0593385	-0.064048	-0.0651701	-0.0660209	-0.0655447	-0.0609803	-0.0643292	-0.0650952	-0.0724026	-0.0831914	-0.0812582	-0.0787902	-0.0769872	-0.08233	-0.0994993	-0.105725	-0.0993368	-0.096801	-0.105047	-0.127793	-0.150682	-0.154176	-0.145824	-0.140709	-0.148057	-0.185191	-0.259508	-0.352815	-0.445978	-0.528214	-0.579072	-0.57536	-0.513838	-0.404151	-0.248763	-0.0493569	0.175065	0.393492	0.584335	0.741324	0.859223	0.92288	0.914819	0.831757	0.692366	0.530402	0.380891	0.269791	0.211451	0.211451	
-0.0639874	-0.0639175	-0.0608293	-0.0617215	-0.0601126	-0.0649275	-0.0717542	-0.0757904	-0.0836189	-0.0804673	-0.0751967	-0.0770167	-0.08233	-0.0991561	-0.108867	-0.0994156	-0.0949007	-0.103999	-0.122716	-0.146501	-0.156509	-0.148697	-0.141428	-0.145628	-0.17152	-0.233311	-0.323181	-0.41734	-0.502246	-0.565572	-0.584068	-0.54366	-0.451111	-0.314881	-0.135071	0.0797602	0.302962	0.506205	0.676569	0.811093	0.900818	0.928184	0.880874	0.765755	0.60937	0.446379	0.306404	0.207461	0.157066	0.157066	
-0.059521	-0.0586796	-0.0613444	-0.0654035	-0.0695031	-0.0770193	-0.0783414	-0.0798395	-0.077628	-0.0724787	-0.0780585	-0.0868691	-0.0994993	-0.108867	-0.0994529	-0.0929327	-0.104164	-0.120902	-0.141443	-0.156819	-0.15263	-0.14221	-0.143936	-0.163762	-0.213418	-0.296419	-0.39163	-0.478508	-0.548195	-0.58386	-0.564781	-0.48919	-0.368621	-0.207259	-0.00690673	0.21464	0.427485	0.610615	0.75857	0.867659	0.924435	0.91226	0.827358	0.686814	0.522157	0.365688	0.239967	0.155279	0.113432	0.113432	
-0.0627111	-0.0658728	-0.0714574	-0.0738348	-0.0771316	-0.0774771	-0.0751255	-0.0748604	-0.073852	-0.0810302	-0.0921824	-0.10003	-0.105725	-0.0994156	-0.0929327	-0.104324	-0.120898	-0.137584	-0.155294	-0.15663	-0.143987	-0.141876	-0.159129	-0.200127	-0.273832	-0.368196	-0.457788	-0.530637	-0.577333	-0.577482	-0.519633	-0.41274	-0.266745	-0.0824902	0.131518	0.349462	0.544295	0.704398	0.828044	0.907583	0.92673	0.873986	0.756169	0.5988	0.434721	0.291066	0.182638	0.112947	0.0795345	0.0795345	
-0.0703866	-0.0736494	-0.0749733	-0.0746437	-0.075117	-0.0733362	-0.0743555	-0.0777587	-0.084957	-0.095337	-0.100338	-0.102213	-0.0993368	-0.0949007	-0.104164	-0.120898	-0.136184	-0.1537	-0.15945	-0.146476	-0.139821	-0.155569	-0.192204	-0.256709	-0.347331	-0.439698	-0.515112	-0.567754	-0.582874	-0.542792	-0.449255	-0.315544	-0.146214	0.0563808	0.274151	0.478338	0.650043	0.785516	0.882016	0.927012	0.905189	0.814001	0.670859	0.506376	0.350954	0.224671	0.134854	0.0797176	0.0540705	0.0540705	
-0.0736583	-0.0743644	-0.0730237	-0.0732823	-0.0737831	-0.0757014	-0.0815366	-0.0890157	-0.0972294	-0.100884	-0.100317	-0.0987866	-0.096801	-0.103999	-0.120902	-0.137584	-0.1537	-0.160438	-0.14832	-0.138418	-0.152581	-0.187831	-0.245317	-0.330076	-0.423913	-0.502326	-0.557958	-0.583009	-0.558986	-0.479172	-0.355795	-0.198769	-0.00892339	0.203924	0.413883	0.596302	0.742365	0.851608	0.916693	0.922319	0.85892	0.735008	0.576362	0.41448	0.27422	0.167884	0.0964396	0.0545142	0.0355948	0.0355948	
-0.0722996	-0.0715056	-0.0719678	-0.0749433	-0.0789795	-0.0860307	-0.0939337	-0.0996662	-0.101214	-0.0987732	-0.0968722	-0.097346	-0.105047	-0.122716	-0.141443	-0.155294	-0.15945	-0.14832	-0.13794	-0.150757	-0.18562	-0.238833	-0.317433	-0.410792	-0.492204	-0.549682	-0.580297	-0.569085	-0.502859	-0.389059	-0.241636	-0.0637648	0.140927	0.352542	0.543887	0.699916	0.8193	0.899417	0.927833	0.89106	0.789316	0.641716	0.478431	0.327725	0.207004	0.121244	0.0666939	0.036069	0.0226625	0.0226625	
-0.0708079	-0.0736685	-0.0793218	-0.0858687	-0.0927087	-0.0988253	-0.100985	-0.0990951	-0.0953812	-0.094148	-0.0982192	-0.109182	-0.127793	-0.146501	-0.156819	-0.15663	-0.146476	-0.138418	-0.150757	-0.184933	-0.236018	-0.309861	-0.401229	-0.484659	-0.543585	-0.57679	-0.574524	-0.520616	-0.41617	-0.276353	-0.108529	0.0866151	0.296132	0.49376	0.658977	0.787076	0.878355	0.924679	0.911688	0.833013	0.700334	0.540346	0.382889	0.249853	0.15072	0.084496	0.0445381	0.0230601	0.0139391	0.0139391	
-0.0816738	-0.0881911	-0.0942759	-0.0980965	-0.0996461	-0.0978865	-0.093866	-0.0913435	-0.093743	-0.102623	-0.117121	-0.13517	-0.150682	-0.156509	-0.15263	-0.143987	-0.139821	-0.152581	-0.18562	-0.236018	-0.307359	-0.396163	-0.479897	-0.539683	-0.573793	-0.576938	-0.533015	-0.437474	-0.304067	-0.144145	0.0416097	0.246291	0.447167	0.620244	0.756182	0.855962	0.915778	0.922794	0.866332	0.75091	0.598222	0.437783	0.294852	0.183354	0.105684	0.056745	0.0286828	0.014229	0.00827415	0.00827415	
-0.0954428	-0.0975161	-0.0969901	-0.0946179	-0.0915878	-0.0893791	-0.0911171	-0.0986908	-0.111442	-0.12693	-0.141985	-0.152409	-0.154176	-0.148697	-0.14221	-0.141876	-0.155569	-0.187831	-0.238833	-0.309861	-0.396163	-0.478255	-0.537797	-0.571897	-0.577748	-0.540906	-0.453146	-0.325413	-0.171617	0.00584024	0.204203	0.405469	0.584517	0.727439	0.833969	0.903684	0.926682	0.890282	0.792923	0.650542	0.490663	0.340555	0.218096	0.129321	0.0712714	0.0366771	0.017793	0.00846459	0.00473565	0.00473565	
-0.0932491	-0.0908682	-0.0885879	-0.088117	-0.0905563	-0.0971713	-0.108277	-0.121974	-0.135496	-0.146277	-0.152011	-0.151211	-0.145824	-0.141428	-0.143936	-0.159129	-0.192204	-0.245317	-0.317433	-0.401229	-0.479897	-0.537797	-0.57126	-0.57792	-0.545187	-0.463389	-0.340639	-0.191728	-0.021159	0.170511	0.369916	0.552739	0.701503	0.813535	0.890418	0.925621	0.906365	0.826545	0.696332	0.540037	0.385544	0.253899	0.154717	0.0875468	0.0461709	0.0227913	0.0106212	0.00485012	0.00261132	0.00261132	
-0.0868773	-0.087755	-0.0912355	-0.097766	-0.107221	-0.119008	-0.131259	-0.141687	-0.148635	-0.151025	-0.14865	-0.143595	-0.140709	-0.145628	-0.163762	-0.200127	-0.256709	-0.330076	-0.410792	-0.484659	-0.539683	-0.571897	-0.57792	-0.546533	-0.468431	-0.349789	-0.204955	-0.039958	0.145411	0.341487	0.525899	0.679012	0.79544	0.87746	0.921611	0.916294	0.85248	0.735162	0.584741	0.428486	0.289663	0.181138	0.105127	0.0568225	0.0287036	0.0136035	0.00609565	0.00267464	0.00138636	0.00138636	
-0.0928605	-0.0992622	-0.107924	-0.118201	-0.129132	-0.139199	-0.146612	-0.150214	-0.149634	-0.145526	-0.140495	-0.139418	-0.148057	-0.17152	-0.213418	-0.273832	-0.347331	-0.423913	-0.492204	-0.543585	-0.573793	-0.577748	-0.545187	-0.468431	-0.352843	-0.211528	-0.0510368	0.128826	0.320834	0.504909	0.660621	0.780249	0.865834	0.916268	0.921756	0.871769	0.767071	0.623985	0.468219	0.324281	0.207761	0.123505	0.0683473	0.0353274	0.0171107	0.00779331	0.00336113	0.00141861	0.000708253	0.000708253	
-0.11037	-0.119986	-0.13002	-0.139273	-0.146399	-0.150071	-0.149679	-0.145751	-0.1401	-0.136229	-0.139191	-0.154248	-0.185191	-0.233311	-0.296419	-0.368196	-0.439698	-0.502326	-0.549682	-0.57679	-0.576938	-0.540906	-0.463389	-0.349789	-0.211528	-0.0546962	0.120592	0.308329	0.490501	0.646952	0.768411	0.856223	0.910806	0.924247	0.885589	0.792454	0.657342	0.503807	0.356712	0.23372	0.142091	0.0804033	0.0424819	0.0210236	0.00977427	0.0042828	0.00177963	0.000723297	0.000348031	0.000348031	
-0.134199	-0.14209	-0.147696	-0.150071	-0.148743	-0.144157	-0.138026	-0.133263	-0.133802	-0.144058	-0.167732	-0.206514	-0.259508	-0.323181	-0.39163	-0.457788	-0.515112	-0.557958	-0.580297	-0.574524	-0.533015	-0.453146	-0.340639	-0.204955	-0.0510368	0.120592	0.304145	0.483172	0.638523	0.760292	0.849077	0.906081	0.924989	0.895093	0.811917	0.68469	0.534563	0.386035	0.258155	0.160239	0.0925822	0.0499429	0.0252296	0.0119698	0.00534801	0.00225677	0.000904449	0.000354376	0.00016445	0.00016445	
-0.148897	-0.148849	-0.145777	-0.140358	-0.134148	-0.129637	-0.129962	-0.13843	-0.157933	-0.190174	-0.235023	-0.29044	-0.352815	-0.41734	-0.478508	-0.530637	-0.567754	-0.583009	-0.569085	-0.520616	-0.437474	-0.325413	-0.191728	-0.039958	0.128826	0.308329	0.483172	0.635673	0.75616	0.844682	0.902654	0.924899	0.90129	0.826144	0.706127	0.560034	0.411483	0.280262	0.177289	0.104429	0.0574398	0.0295867	0.0143113	0.00651789	0.00280198	0.00113995	0.000441098	0.0001668	7.47048e-05	7.47048e-05	
-0.140044	-0.134342	-0.12897	-0.1259	-0.127473	-0.136083	-0.153764	-0.181822	-0.220527	-0.268908	-0.32483	-0.38519	-0.445978	-0.502246	-0.548195	-0.577333	-0.582874	-0.558986	-0.502859	-0.41617	-0.304067	-0.171617	-0.021159	0.145411	0.320834	0.490501	0.638523	0.75616	0.8432	0.900863	0.924606	0.904971	0.835779	0.721875	0.579958	0.432459	0.299331	0.192605	0.115472	0.0646694	0.033924	0.0167129	0.00775242	0.00339395	0.00140554	0.000551914	0.000206408	7.54136e-05	3.26232e-05	3.26232e-05	
-0.123931	-0.123295	-0.12706	-0.136844	-0.154052	-0.179666	-0.21408	-0.256996	-0.307315	-0.363068	-0.421337	-0.47811	-0.528214	-0.565572	-0.58386	-0.577482	-0.542792	-0.479172	-0.389059	-0.276353	-0.144145	0.00584024	0.170511	0.341487	0.504909	0.646952	0.760292	0.844682	0.900863	0.924469	0.906676	0.841338	0.732191	0.594216	0.448525	0.314771	0.20561	0.125248	0.0713153	0.0380509	0.0190721	0.00900197	0.00401036	0.00168998	0.000675035	0.000256117	9.26734e-05	3.27504e-05	1.36953e-05	1.36953e-05	
-0.129551	-0.140918	-0.158385	-0.18275	-0.214494	-0.253664	-0.299734	-0.351425	-0.406512	-0.46167	-0.512448	-0.553482	-0.579072	-0.584068	-0.564781	-0.519633	-0.449255	-0.355795	-0.241636	-0.108529	0.0416097	0.204203	0.369916	0.525899	0.660621	0.768411	0.849077	0.902654	0.924606	0.906676	0.843152	0.737289	0.602771	0.459384	0.326124	0.215814	0.133337	0.0770703	0.0417702	0.0212763	0.0102086	0.00462407	0.00198145	0.000804811	0.000310433	0.00011393	3.99264e-05	1.36624e-05	5.52737e-06	5.52737e-06	
-0.167141	-0.191323	-0.221862	-0.25892	-0.302171	-0.350619	-0.402412	-0.454714	-0.503718	-0.544869	-0.573326	-0.584623	-0.57536	-0.54366	-0.48919	-0.41274	-0.315544	-0.198769	-0.0637648	0.0866151	0.246291	0.405469	0.552739	0.679012	0.780249	0.856223	0.906081	0.924899	0.904971	0.841338	0.737289	0.605621	0.464855	0.333064	0.222835	0.139386	0.0816574	0.0448936	0.0232113	0.0113099	0.0052042	0.00226594	0.00093531	0.000366649	0.000136731	4.85909e-05	1.6509e-05	5.4758e-06	2.14507e-06	2.14507e-06	
-0.237918	-0.274096	-0.315501	-0.361173	-0.409434	-0.457825	-0.50315	-0.541682	-0.569517	-0.583031	-0.579331	-0.556547	-0.513838	-0.451111	-0.368621	-0.266745	-0.146214	-0.00892339	0.140927	0.296132	0.447167	0.584517	0.701503	0.79544	0.865834	0.910806	0.924989	0.90129	0.835779	0.732191	0.602771	0.464855	0.335399	0.226411	0.143126	0.0848502	0.0472555	0.0247705	0.0122443	0.00571848	0.00252799	0.00105973	0.000421958	0.000159846	5.76977e-05	1.98756e-05	6.55319e-06	2.109e-06	8.00648e-07	8.00648e-07	
-0.340819	-0.383315	-0.427224	-0.47045	-0.510409	-0.54419	-0.5688	-0.58145	-0.579815	-0.562183	-0.527441	-0.474912	-0.404151	-0.314881	-0.207259	-0.0824902	0.0563808	0.203924	0.352542	0.49376	0.620244	0.727439	0.813535	0.87746	0.916268	0.924247	0.895093	0.826144	0.721875	0.594216	0.459384	0.333064	0.226411	0.144392	0.0864881	0.0487274	0.0258644	0.0129567	0.00613614	0.00275202	0.00117081	0.000473249	0.000182024	6.67167e-05	2.33353e-05	7.79986e-06	2.49803e-06	7.80807e-07	2.87503e-07	2.87503e-07	
-0.454093	-0.490713	-0.523842	-0.551313	-0.570925	-0.580594	-0.578479	-0.56304	-0.533019	-0.487362	-0.425159	-0.345703	-0.248763	-0.135071	-0.00690673	0.131518	0.274151	0.413883	0.543887	0.658977	0.756182	0.833969	0.890418	0.921611	0.921756	0.885589	0.811917	0.706127	0.579958	0.448525	0.326124	0.222835	0.143126	0.0864881	0.0492273	0.0264284	0.0134029	0.00643082	0.00292377	0.00126153	0.000517336	0.000201928	7.51221e-05	2.66724e-05	9.04961e-06	2.9379e-06	9.14788e-07	2.77969e-07	9.93544e-08	9.93544e-08	
-0.540788	-0.561068	-0.574697	-0.580091	-0.575741	-0.560227	-0.53221	-0.490427	-0.433723	-0.361183	-0.2724	-0.167862	-0.0493569	0.0797602	0.21464	0.349462	0.478338	0.596302	0.699916	0.787076	0.855962	0.903684	0.925621	0.916294	0.871769	0.792454	0.68469	0.560034	0.432459	0.314771	0.215814	0.139386	0.0848502	0.0487274	0.0264284	0.0135549	0.00658324	0.00303179	0.0013258	0.000551275	0.00021825	8.23758e-05	2.96788e-05	1.02193e-05	3.36684e-06	1.0626e-06	3.21965e-07	9.51932e-08	3.30552e-08	3.30552e-08	
-0.57825	-0.578632	-0.570793	-0.553388	-0.525067	-0.484511	-0.430525	-0.362199	-0.279141	-0.181771	-0.0715936	0.0486512	0.175065	0.302962	0.427485	0.544295	0.650043	0.742365	0.8193	0.878355	0.915778	0.926682	0.906365	0.85248	0.767071	0.657342	0.534563	0.411483	0.299331	0.20561	0.133337	0.0816574	0.0472555	0.0258644	0.0134029	0.00658324	0.00306865	0.00135912	0.00057268	0.000229848	8.79766e-05	3.21516e-05	1.12316e-05	3.75459e-06	1.20234e-06	3.69239e-07	1.08959e-07	3.1373e-08	1.0592e-08	1.0592e-08	
-0.561123	-0.540276	-0.509686	-0.468138	-0.414574	-0.348254	-0.268941	-0.1771	-0.0740702	0.0378743	0.155611	0.275437	0.393492	0.506205	0.610615	0.704398	0.785516	0.851608	0.899417	0.924679	0.922794	0.890282	0.826545	0.735162	0.623985	0.503807	0.386035	0.280262	0.192605	0.125248	0.0770703	0.0448936	0.0247705	0.0129567	0.00643082	0.00303179	0.00135912	0.000579994	0.000235872	9.15161e-05	3.39124e-05	1.2015e-05	4.07421e-06	1.3236e-06	4.12372e-07	1.23332e-07	3.54734e-08	9.95507e-09	3.27028e-09	3.27028e-09	
-0.481689	-0.437659	-0.383061	-0.317419	-0.240705	-0.15347	-0.0569227	0.0470566	0.156006	0.267075	0.377299	0.483872	0.584335	0.676569	0.75857	0.828044	0.882016	0.916693	0.927833	0.911688	0.866332	0.792923	0.696332	0.584741	0.468219	0.356712	0.258155	0.177289	0.115472	0.0713153	0.0417702	0.0232113	0.0122443	0.00613614	0.00292377	0.0013258	0.00057268	0.000235872	9.27269e-05	3.48282e-05	1.25108e-05	4.30215e-06	1.41758e-06	4.48e-07	1.35915e-07	3.962e-08	1.11159e-08	3.04283e-09	9.73333e-10	9.73333e-10	
-0.331332	-0.266385	-0.192357	-0.109843	-0.0199045	0.0759464	0.175826	0.277609	0.379093	0.478143	0.572781	0.661145	0.741324	0.811093	0.867659	0.907583	0.927012	0.922319	0.89106	0.833013	0.75091	0.650542	0.540037	0.428486	0.324281	0.23372	0.160239	0.104429	0.0646694	0.0380509	0.0212763	0.0113099	0.00571848	0.00275202	0.00126153	0.000551275	0.000229848	9.15161e-05	3.48282e-05	1.26805e-05	4.42081e-06	1.47712e-06	4.73436e-07	1.45682e-07	4.30744e-08	1.22481e-08	3.35446e-09	8.96336e-10	2.79389e-10	2.79389e-10	
-0.120472	-0.0440808	0.0381216	0.124979	0.215105	0.306962	0.398944	0.489442	0.576855	0.65954	0.735683	0.803126	0.859223	0.900818	0.924435	0.92673	0.905189	0.85892	0.789316	0.700334	0.598222	0.490663	0.385544	0.289663	0.207761	0.142091	0.0925822	0.0574398	0.033924	0.0190721	0.0102086	0.0052042	0.00252799	0.00117081	0.000517336	0.00021825	8.79766e-05	3.39124e-05	1.25108e-05	4.42081e-06	1.49752e-06	4.86687e-07	1.51875e-07	4.55437e-08	1.31345e-08	3.64579e-09	9.75372e-10	2.54591e-10	7.73813e-11	7.73813e-11	
0.121019	0.197096	0.276068	0.356842	0.438239	0.519002	0.597779	0.673065	0.743105	0.805798	0.858631	0.898698	0.92288	0.928184	0.91226	0.873986	0.814001	0.735008	0.641716	0.540346	0.437783	0.340555	0.253899	0.181138	0.123505	0.0804033	0.0499429	0.0295867	0.0167129	0.00900197	0.00462407	0.00226594	0.00105973	0.000473249	0.000201928	8.23758e-05	3.21516e-05	1.2015e-05	4.30215e-06	1.47712e-06	4.86687e-07	1.53997e-07	4.68308e-08	1.36971e-08	3.85585e-09	1.04552e-09	2.73417e-10	6.97615e-11	2.06896e-11	2.06896e-11	
0.366587	0.434057	0.502745	0.571625	0.639494	0.704924	0.766203	0.821288	0.867798	0.903069	0.92432	0.928931	0.914819	0.880874	0.827358	0.756169	0.670859	0.576362	0.478431	0.382889	0.294852	0.218096	0.154717	0.105127	0.0683473	0.0424819	0.0252296	0.0143113	0.00775242	0.00401036	0.00198145	0.00093531	0.000421958	0.000182024	7.51221e-05	2.96788e-05	1.12316e-05	4.07421e-06	1.41758e-06	4.73436e-07	1.51875e-07	4.68308e-08	1.38899e-08	3.96543e-09	1.09044e-09	2.89029e-10	7.39313e-11	1.84508e-11	5.34286e-12	5.34286e-12	
0.606719	0.659941	0.712903	0.764294	0.812513	0.855652	0.891528	0.917759	0.931915	0.93175	0.915484	0.882124	0.831757	0.765755	0.686814	0.5988	0.506376	0.41448	0.327725	0.249853	0.183354	0.129321	0.0875468	0.0568225	0.0353274	0.0210236	0.0119698	0.00651789	0.00339395	0.00168998	0.000804811	0.000366649	0.000159846	6.67167e-05	2.66724e-05	1.02193e-05	3.75459e-06	1.3236e-06	4.48e-07	1.45682e-07	4.55437e-08	1.36971e-08	3.96543e-09	1.10586e-09	2.97256e-10	7.7068e-11	1.92937e-11	4.71263e-12	1.33325e-12	1.33325e-12	
0.838658	0.870254	0.89926	0.924097	0.942967	0.953926	0.955012	0.944429	0.92076	0.883202	0.831777	0.767489	0.692366	0.60937	0.522157	0.434721	0.350954	0.27422	0.207004	0.15072	0.105684	0.0712714	0.0461709	0.0287036	0.0171107	0.00977427	0.00534801	0.00280198	0.00140554	0.000675035	0.000310433	0.000136731	5.76977e-05	2.33353e-05	9.04961e-06	3.36684e-06	1.20234e-06	4.12372e-07	1.35915e-07	4.30744e-08	1.31345e-08	3.85585e-09	1.09044e-09	2.97256e-10	7.81566e-11	1.98326e-11	4.86213e-12	1.16302e-12	3.21648e-13	3.21648e-13	
1.05111	1.05148	1.04649	1.03484	1.01529	0.986703	0.948225	0.899438	0.8405	0.772247	0.696239	0.614705	0.530402	0.446379	0.365688	0.291066	0.224671	0.167884	0.121244	0.084496	0.056745	0.0366771	0.0227913	0.0136035	0.00779331	0.0042828	0.00225677	0.00113995	0.000551914	0.000256117	0.00011393	4.85909e-05	1.98756e-05	7.79986e-06	2.9379e-06	1.0626e-06	3.69239e-07	1.23332e-07	3.962e-08	1.22481e-08	3.64579e-09	1.04552e-09	2.89029e-10	7.7068e-11	1.98326e-11	4.92848e-12	1.18386e-12	2.7747e-13	7.50582e-14	7.50582e-14	
1.2244	1.187	1.1422	1.08969	1.02941	0.961608	0.886934	0.806459	0.721687	0.634507	0.547105	0.461805	0.380891	0.306404	0.239967	0.182638	0.134854	0.0964396	0.0666939	0.0445381	0.0286828	0.017793	0.0106212	0.00609565	0.00336113	0.00177963	0.000904449	0.000441098	0.000206408	9.26734e-05	3.99264e-05	1.6509e-05	6.55319e-06	2.49803e-06	9.14788e-07	3.21965e-07	1.08959e-07	3.54734e-08	1.11159e-08	3.35446e-09	9.75372e-10	2.73417e-10	7.39313e-11	1.92937e-11	4.86213e-12	1.18386e-12	2.78768e-13	6.40506e-14	1.69557e-14	1.69557e-14	
1.34263	1.27017	1.18957	1.1017	1.00781	0.909496	0.808654	0.707412	0.608011	0.512668	0.423434	0.342041	0.269791	0.207461	0.155279	0.112947	0.0797176	0.0545142	0.036069	0.0230601	0.014229	0.00846459	0.00485012	0.00267464	0.00141861	0.000723297	0.000354376	0.0001668	7.54136e-05	3.27504e-05	1.36624e-05	5.4758e-06	2.109e-06	7.80807e-07	2.77969e-07	9.51932e-08	3.1373e-08	9.95507e-09	3.04283e-09	8.96336e-10	2.54591e-10	6.97615e-11	1.84508e-11	4.71263e-12	1.16302e-12	2.7747e-13	6.40506e-14	1.44276e-14	3.73785e-15	3.73785e-15	
1.40096	1.30729	1.2055	1.09724	0.984589	0.869915	0.755796	0.644844	0.539548	0.442098	0.35424	0.277165	0.211451	0.157066	0.113432	0.0795345	0.0540705	0.0355948	0.0226625	0.0139391	0.00827415	0.00473565	0.00261132	0.00138636	0.000708253	0.000348031	0.00016445	7.47048e-05	3.26232e-05	1.36953e-05	5.52737e-06	2.14507e-06	8.00648e-07	2.87503e-07	9.93544e-08	3.30552e-08	1.0592e-08	3.27028e-09	9.73333e-10	2.79389e-10	7.73813e-11	2.06896e-11	5.34286e-12	1.33325e-12	3.21648e-13	7.50582e-14	1.69557e-14	3.73785e-15	9.45905e-16	9.45905e-16	
1.40096	1.30729	1.2055	1.09724	0.984589	0.869915	0.755796	0.644844	0.539548	0.442098	0.35424	0.277165	0.211451	0.157066	0.113432	0.0795345	0.0540705	0.0355948	0.0226625	0.0139391	0.00827415	0.00473565	0.00261132	0.00138636	0.000708253	0.000348031	0.00016445	7.47048e-05	3.26232e-05	1.36953e-05	5.52737e-06	2.14507e-06	8.00648e-07	2.87503e-07	9.93544e-08	3.30552e-08	1.0592e-08	3.27028e-09	9.73333e-10	2.79389e-10	7.73813e-11	2.06896e-11	5.34286e-12	1.33325e-12	3.21648e-13	7.50582e-14	1.69557e-14	3.73785e-15	9.45905e-16	9.45905e-16	
