-0.879756	-0.879756	-0.811174	-0.680426	-0.51368	-0.325238	-0.129488	0.055679	0.219509	0.359742	0.447779	0.481301	0.474864	0.436283	0.370754	0.285491	0.182758	0.0665387	-0.0487322	-0.14357	-0.186681	-0.196868	-0.20542	-0.208904	-0.198136	-0.196154	-0.213306	-0.232772	-0.247955	-0.258069	-0.247617	-0.204649	-0.134404	-0.0455495	0.0579121	0.141168	0.19398	0.223004	0.226672	0.184328	0.1046	0.0135814	-0.0962497	-0.241478	-0.413666	-0.592954	-0.744502	-0.835841	-0.846165	-0.786349	
-0.879756	-0.879756	-0.811174	-0.680426	-0.51368	-0.325238	-0.129488	0.055679	0.219509	0.359742	0.447779	0.481301	0.474864	0.436283	0.370754	0.285491	0.182758	0.0665387	-0.0487322	-0.14357	-0.186681	-0.196868	-0.20542	-0.208904	-0.198136	-0.196154	-0.213306	-0.232772	-0.247955	-0.258069	-0.247617	-0.204649	-0.134404	-0.0455495	0.0579121	0.141168	0.19398	0.223004	0.226672	0.184328	0.1046	0.0135814	-0.0962497	-0.241478	-0.413666	-0.592954	-0.744502	-0.835841	-0.846165	-0.786349	
-0.811174	-0.811174	-0.767405	-0.652187	-0.488249	-0.31546	-0.146772	0.0231238	0.184499	0.320822	0.405428	0.441797	0.441519	0.406238	0.344022	0.265389	0.17592	0.0784275	-0.0197684	-0.107086	-0.154628	-0.174242	-0.193231	-0.208118	-0.209219	-0.212354	-0.223899	-0.234299	-0.244391	-0.253737	-0.241515	-0.195755	-0.126825	-0.0476845	0.042126	0.118352	0.174109	0.209462	0.220677	0.191389	0.129755	0.0496154	-0.0631298	-0.222116	-0.410196	-0.602654	-0.760106	-0.853676	-0.867075	-0.807464	
-0.680426	-0.680426	-0.652187	-0.565164	-0.438033	-0.302936	-0.16105	-0.00741273	0.135149	0.247529	0.316989	0.358234	0.372086	0.347958	0.290513	0.222788	0.157716	0.093949	0.0241766	-0.0540134	-0.112252	-0.151616	-0.185283	-0.210458	-0.219587	-0.225415	-0.232472	-0.235702	-0.242278	-0.248047	-0.229828	-0.178617	-0.114729	-0.053779	0.0141305	0.079131	0.136904	0.183053	0.209253	0.200183	0.158033	0.0894056	-0.0260789	-0.19747	-0.402643	-0.606284	-0.769503	-0.866469	-0.886462	-0.831307	
-0.51368	-0.51368	-0.488249	-0.438033	-0.374204	-0.287005	-0.168169	-0.039143	0.0670037	0.143534	0.19448	0.236296	0.267624	0.263683	0.225853	0.180629	0.146515	0.1151	0.0689199	0.000617084	-0.0651919	-0.11953	-0.168013	-0.202482	-0.217815	-0.227492	-0.235639	-0.237271	-0.23628	-0.233192	-0.209399	-0.161645	-0.110098	-0.0667863	-0.0148822	0.0437141	0.107243	0.165127	0.204403	0.207365	0.17783	0.116963	0.00483804	-0.169636	-0.379439	-0.590567	-0.760724	-0.867294	-0.898509	-0.853671	
-0.325238	-0.325238	-0.31546	-0.302936	-0.287005	-0.244011	-0.170593	-0.0929542	-0.0324657	0.0163879	0.0535165	0.0943508	0.137115	0.161283	0.158382	0.147946	0.140394	0.128165	0.0985836	0.0454527	-0.00898277	-0.0643064	-0.123653	-0.174445	-0.203896	-0.224812	-0.240598	-0.239452	-0.227292	-0.21155	-0.186854	-0.152397	-0.122553	-0.0952552	-0.0481178	0.0143068	0.0838862	0.153776	0.208344	0.222802	0.194137	0.135383	0.0312674	-0.131799	-0.339072	-0.553154	-0.737091	-0.862598	-0.911488	-0.878891	
-0.129488	-0.129488	-0.146772	-0.16105	-0.168169	-0.170593	-0.167993	-0.160375	-0.146657	-0.123711	-0.0927206	-0.0484238	0.00839663	0.0564347	0.0866233	0.102433	0.111609	0.114172	0.103665	0.0765276	0.0429549	-0.00426946	-0.0736595	-0.1409	-0.186713	-0.221878	-0.246934	-0.246966	-0.223718	-0.195311	-0.167965	-0.147282	-0.13673	-0.124321	-0.0861715	-0.0262749	0.0502873	0.133902	0.204432	0.230287	0.20872	0.150792	0.0517332	-0.101215	-0.294316	-0.505181	-0.697108	-0.840604	-0.91246	-0.904158	
0.055679	0.055679	0.0231238	-0.00741273	-0.039143	-0.0929542	-0.160375	-0.215682	-0.249595	-0.253864	-0.229515	-0.176442	-0.109478	-0.0451121	0.00313125	0.0357511	0.0598057	0.0810789	0.0957939	0.0952052	0.0827274	0.0427925	-0.0275186	-0.103887	-0.163257	-0.209798	-0.241592	-0.244811	-0.223585	-0.19247	-0.164644	-0.147737	-0.145391	-0.142196	-0.114743	-0.061243	0.0148921	0.107264	0.190834	0.230125	0.2146	0.160348	0.0665721	-0.0706012	-0.247679	-0.446868	-0.643712	-0.804391	-0.900792	-0.919678	
0.219509	0.219509	0.184499	0.135149	0.0670037	-0.0324657	-0.146657	-0.249595	-0.319985	-0.347084	-0.332149	-0.288283	-0.224386	-0.155319	-0.0907852	-0.0363688	0.0099171	0.0499119	0.0810311	0.0993931	0.100646	0.0746414	0.0148654	-0.0601502	-0.126997	-0.17656	-0.207221	-0.217334	-0.208311	-0.19073	-0.172254	-0.158523	-0.150672	-0.143149	-0.120925	-0.0773236	-0.00704269	0.0803054	0.158636	0.201352	0.205395	0.171346	0.0951189	-0.0264582	-0.184816	-0.375235	-0.574219	-0.747527	-0.866273	-0.91221	
0.359742	0.359742	0.320822	0.247529	0.143534	0.0163879	-0.123711	-0.253864	-0.347084	-0.390734	-0.401031	-0.384698	-0.341213	-0.274156	-0.194685	-0.111648	-0.0380287	0.0176939	0.0566509	0.0791696	0.0889031	0.0795225	0.0417243	-0.0201834	-0.0807367	-0.124222	-0.152887	-0.171258	-0.182907	-0.188998	-0.187243	-0.175192	-0.160474	-0.145491	-0.124887	-0.0907841	-0.0355898	0.0378756	0.108825	0.158667	0.182944	0.180676	0.135479	0.0378634	-0.111255	-0.296268	-0.496426	-0.679515	-0.813404	-0.876845	
0.447779	0.447779	0.405428	0.316989	0.19448	0.0535165	-0.0927206	-0.229515	-0.332149	-0.401031	-0.442817	-0.456782	-0.433139	-0.376321	-0.290851	-0.18856	-0.0916124	-0.0188156	0.0225336	0.0424849	0.0539802	0.0588234	0.0409683	0.00296008	-0.038235	-0.0736159	-0.10493	-0.132696	-0.157985	-0.180039	-0.189809	-0.185731	-0.173663	-0.1587	-0.140635	-0.114095	-0.0712696	-0.0117965	0.0529036	0.113703	0.166366	0.19754	0.185086	0.10671	-0.0354931	-0.221567	-0.42129	-0.605372	-0.750512	-0.829265	
0.481301	0.481301	0.441797	0.358234	0.236296	0.0943508	-0.0484238	-0.176442	-0.288283	-0.384698	-0.456782	-0.491265	-0.486761	-0.444896	-0.368014	-0.265461	-0.158536	-0.0748334	-0.0284601	-0.00498253	0.0137753	0.0258949	0.0241281	0.0116771	-0.00970545	-0.0404046	-0.0713708	-0.0979689	-0.12559	-0.154675	-0.176504	-0.186893	-0.189642	-0.185165	-0.172463	-0.148011	-0.112988	-0.0630685	0.00543171	0.0857954	0.163681	0.224192	0.240096	0.183199	0.0465612	-0.141074	-0.343574	-0.53328	-0.684886	-0.772077	
0.474864	0.474864	0.441519	0.372086	0.267624	0.137115	0.00839663	-0.109478	-0.224386	-0.341213	-0.433139	-0.486761	-0.500379	-0.47689	-0.419312	-0.335595	-0.240918	-0.158221	-0.101892	-0.0592408	-0.029192	-0.0118414	-0.00131497	0.00671568	-6.62228e-05	-0.0187108	-0.0388373	-0.0580484	-0.0816141	-0.112103	-0.145209	-0.175007	-0.197596	-0.210811	-0.210162	-0.191586	-0.162219	-0.113707	-0.0371886	0.0656607	0.17413	0.258143	0.291256	0.251656	0.134137	-0.0413142	-0.241186	-0.433232	-0.59473	-0.694689	
0.436283	0.436283	0.406238	0.347958	0.263683	0.161283	0.0564347	-0.0451121	-0.155319	-0.274156	-0.376321	-0.444896	-0.47689	-0.474215	-0.443377	-0.392377	-0.326202	-0.252794	-0.181418	-0.118185	-0.0777288	-0.051838	-0.0263916	-0.00589065	0.000774131	-0.000119047	-0.00539503	-0.0193375	-0.0409527	-0.0750532	-0.117852	-0.160267	-0.199565	-0.232526	-0.250493	-0.243398	-0.210728	-0.148632	-0.0547988	0.0659141	0.19227	0.290614	0.335936	0.315171	0.223736	0.0725606	-0.116177	-0.314112	-0.484092	-0.596023	
0.370754	0.370754	0.344022	0.290513	0.225853	0.158382	0.0866233	0.00313125	-0.0907852	-0.194685	-0.290851	-0.368014	-0.419312	-0.443377	-0.445647	-0.4315	-0.396447	-0.334593	-0.259633	-0.189127	-0.137834	-0.0931436	-0.0530569	-0.0227557	-0.00267003	0.0147452	0.0174165	0.00211073	-0.0252869	-0.0631863	-0.11089	-0.166507	-0.22039	-0.261005	-0.287378	-0.285705	-0.244396	-0.16008	-0.0488737	0.0844206	0.221929	0.331585	0.390539	0.386572	0.314654	0.181435	0.00174555	-0.193047	-0.368931	-0.492243	
0.285491	0.285491	0.265389	0.222788	0.180629	0.147946	0.102433	0.0357511	-0.0363688	-0.111648	-0.18856	-0.265461	-0.335595	-0.392377	-0.4315	-0.450673	-0.440035	-0.397163	-0.339263	-0.273573	-0.208987	-0.145628	-0.0899699	-0.0437343	-0.00683061	0.0199657	0.026438	0.00332069	-0.0371695	-0.0837196	-0.13648	-0.20012	-0.255148	-0.290298	-0.312782	-0.306495	-0.25088	-0.150923	-0.0238782	0.119262	0.263253	0.384774	0.461715	0.471718	0.40605	0.272568	0.0980329	-0.0885908	-0.257823	-0.386336	
0.182758	0.182758	0.17592	0.157716	0.146515	0.140394	0.111609	0.0598057	0.0099171	-0.0380287	-0.0916124	-0.158536	-0.240918	-0.326202	-0.396447	-0.440035	-0.45252	-0.439191	-0.407306	-0.348748	-0.278636	-0.207027	-0.133904	-0.0611998	-0.00870174	0.0238949	0.0251896	-0.013605	-0.0715321	-0.124962	-0.18171	-0.246772	-0.29405	-0.314032	-0.317775	-0.290631	-0.224178	-0.116024	0.0206835	0.174642	0.326968	0.456597	0.541384	0.559577	0.493904	0.355679	0.183094	0.00710575	-0.155528	-0.288777	
0.0665387	0.0665387	0.0784275	0.093949	0.1151	0.128165	0.114172	0.0810789	0.0499119	0.0176939	-0.0188156	-0.0748334	-0.158221	-0.252794	-0.334593	-0.397163	-0.439191	-0.456406	-0.444182	-0.394845	-0.332867	-0.260635	-0.168988	-0.0757233	-0.0138939	0.0150782	0.00648147	-0.04542	-0.112991	-0.179857	-0.243637	-0.298698	-0.329688	-0.336032	-0.313208	-0.2531	-0.162982	-0.0469767	0.0937342	0.254255	0.414619	0.543904	0.625794	0.64354	0.579469	0.442665	0.272086	0.092053	-0.0755431	-0.216458	
-0.0487322	-0.0487322	-0.0197684	0.0241766	0.0689199	0.0985836	0.103665	0.0957939	0.0810311	0.0566509	0.0225336	-0.0284601	-0.101892	-0.181418	-0.259633	-0.339263	-0.407306	-0.444182	-0.44568	-0.411896	-0.361444	-0.290111	-0.19596	-0.102495	-0.0453065	-0.0252244	-0.0444907	-0.0971664	-0.168795	-0.24868	-0.316514	-0.359194	-0.375217	-0.359995	-0.305417	-0.21001	-0.0899643	0.046394	0.195669	0.363027	0.523964	0.643425	0.710972	0.719018	0.654663	0.525668	0.354897	0.158965	-0.0304305	-0.190148	
-0.14357	-0.14357	-0.107086	-0.0540134	0.000617084	0.0454527	0.0765276	0.0952052	0.0993931	0.0791696	0.0424849	-0.00498253	-0.0592408	-0.118185	-0.189127	-0.273573	-0.348748	-0.394845	-0.411896	-0.392813	-0.34933	-0.287737	-0.213924	-0.144484	-0.107461	-0.104033	-0.125428	-0.171297	-0.24284	-0.326685	-0.387296	-0.415642	-0.411034	-0.369832	-0.287325	-0.15966	-0.00048218	0.165881	0.333159	0.504336	0.653117	0.75217	0.800438	0.792116	0.722459	0.592828	0.41336	0.199008	-0.0169581	-0.197994	
-0.186681	-0.186681	-0.154628	-0.112252	-0.0651919	-0.00898277	0.0429549	0.0827274	0.100646	0.0889031	0.0539802	0.0137753	-0.029192	-0.0777288	-0.137834	-0.208987	-0.278636	-0.332867	-0.361444	-0.34933	-0.313646	-0.27208	-0.230849	-0.198233	-0.194486	-0.206934	-0.227474	-0.267329	-0.328884	-0.391611	-0.436086	-0.456297	-0.433001	-0.362639	-0.251368	-0.0951513	0.0957499	0.294784	0.487076	0.65962	0.787896	0.863735	0.888968	0.862729	0.780452	0.633026	0.436823	0.206885	-0.0233258	-0.215662	
-0.196868	-0.196868	-0.174242	-0.151616	-0.11953	-0.0643064	-0.00426946	0.0427925	0.0746414	0.0795225	0.0588234	0.0258949	-0.0118414	-0.051838	-0.0931436	-0.145628	-0.207027	-0.260635	-0.290111	-0.287737	-0.27208	-0.256897	-0.248301	-0.256895	-0.288289	-0.315732	-0.33746	-0.371631	-0.408326	-0.437524	-0.460563	-0.4686	-0.426973	-0.331608	-0.191085	-0.00640253	0.207454	0.431196	0.641264	0.811938	0.923268	0.971725	0.966268	0.916704	0.812407	0.644021	0.432124	0.195173	-0.0370177	-0.229716	
-0.20542	-0.20542	-0.193231	-0.185283	-0.168013	-0.123653	-0.0736595	-0.0275186	0.0148654	0.0417243	0.0409683	0.0241281	-0.00131497	-0.0263916	-0.0530569	-0.0899699	-0.133904	-0.168988	-0.19596	-0.213924	-0.230849	-0.248301	-0.273456	-0.315601	-0.370198	-0.409258	-0.435005	-0.459301	-0.470974	-0.472376	-0.471955	-0.45628	-0.391972	-0.271656	-0.101719	0.103396	0.332245	0.569678	0.785586	0.952889	1.05171	1.07427	1.035	0.950277	0.817679	0.62979	0.408761	0.167067	-0.0619618	-0.254663	
-0.208904	-0.208904	-0.208118	-0.210458	-0.202482	-0.174445	-0.1409	-0.103887	-0.0601502	-0.0201834	0.00296008	0.0116771	0.00671568	-0.00589065	-0.0227557	-0.0437343	-0.0611998	-0.0757233	-0.102495	-0.144484	-0.198233	-0.256895	-0.315601	-0.377	-0.439789	-0.484211	-0.507373	-0.518056	-0.513648	-0.498251	-0.469618	-0.417134	-0.322024	-0.173643	0.0157591	0.231536	0.463892	0.696905	0.90286	1.06095	1.14954	1.15326	1.08741	0.970545	0.805612	0.60135	0.372774	0.131549	-0.0958859	-0.28813	
-0.198136	-0.198136	-0.209219	-0.219587	-0.217815	-0.203896	-0.186713	-0.163257	-0.126997	-0.0807367	-0.038235	-0.00970545	-6.62228e-05	0.000774131	-0.00267003	-0.00683061	-0.00870174	-0.0138939	-0.0453065	-0.107461	-0.194486	-0.288289	-0.370198	-0.439789	-0.504721	-0.54942	-0.564816	-0.556346	-0.535145	-0.497771	-0.434428	-0.339908	-0.208666	-0.0401298	0.158208	0.371015	0.592313	0.801306	0.983737	1.12481	1.19559	1.18458	1.10377	0.964054	0.778048	0.558127	0.325955	0.0909412	-0.128004	-0.314384	
-0.196154	-0.196154	-0.212354	-0.225415	-0.227492	-0.224812	-0.221878	-0.209798	-0.17656	-0.124222	-0.0736159	-0.0404046	-0.0187108	-0.000119047	0.0147452	0.0199657	0.0238949	0.0150782	-0.0252244	-0.104033	-0.206934	-0.315732	-0.409258	-0.484211	-0.54942	-0.595211	-0.605817	-0.580677	-0.529407	-0.455377	-0.350846	-0.217032	-0.0549746	0.128666	0.325852	0.528284	0.723326	0.896539	1.04808	1.16211	1.20432	1.17112	1.0745	0.925504	0.730189	0.506546	0.276123	0.0500702	-0.154293	-0.326979	
-0.213306	-0.213306	-0.223899	-0.232472	-0.235639	-0.240598	-0.246934	-0.241592	-0.207221	-0.152887	-0.10493	-0.0713708	-0.0388373	-0.00539503	0.0174165	0.026438	0.0251896	0.00648147	-0.0444907	-0.125428	-0.227474	-0.33746	-0.435005	-0.507373	-0.564816	-0.605817	-0.611736	-0.570483	-0.487469	-0.372062	-0.224042	-0.0530552	0.131858	0.319362	0.512058	0.69838	0.853655	0.980502	1.0912	1.1689	1.17774	1.11999	1.00927	0.854822	0.667502	0.451576	0.225693	0.0106976	-0.178379	-0.333686	
-0.232772	-0.232772	-0.234299	-0.235702	-0.237271	-0.239452	-0.246966	-0.244811	-0.217334	-0.171258	-0.132696	-0.0979689	-0.0580484	-0.0193375	0.00211073	0.00332069	-0.013605	-0.04542	-0.0971664	-0.171297	-0.267329	-0.371631	-0.459301	-0.518056	-0.556346	-0.580677	-0.570483	-0.511295	-0.398107	-0.245974	-0.0647219	0.135511	0.335125	0.525896	0.704172	0.858261	0.966919	1.04469	1.10753	1.13719	1.11518	1.03787	0.91626	0.766183	0.589784	0.387517	0.175204	-0.0278932	-0.201894	-0.336197	
-0.247955	-0.247955	-0.244391	-0.242278	-0.23628	-0.227292	-0.223718	-0.223585	-0.208311	-0.182907	-0.157985	-0.12559	-0.0816141	-0.0409527	-0.0252869	-0.0371695	-0.0715321	-0.112991	-0.168795	-0.24284	-0.328884	-0.408326	-0.470974	-0.513648	-0.535145	-0.529407	-0.487469	-0.398107	-0.261375	-0.0820123	0.123812	0.343063	0.545434	0.725444	0.877912	0.98969	1.05559	1.09335	1.10894	1.09299	1.04044	0.945533	0.818136	0.671391	0.500163	0.309644	0.11372	-0.0698869	-0.223863	-0.336939	
-0.258069	-0.258069	-0.253737	-0.248047	-0.233192	-0.21155	-0.195311	-0.19247	-0.19073	-0.188998	-0.180039	-0.154675	-0.112103	-0.0750532	-0.0631863	-0.0837196	-0.124962	-0.179857	-0.24868	-0.326685	-0.391611	-0.437524	-0.472376	-0.498251	-0.497771	-0.455377	-0.372062	-0.245974	-0.0820123	0.116897	0.33495	0.55623	0.752909	0.910423	1.02019	1.08227	1.11523	1.12516	1.10567	1.05577	0.972548	0.861518	0.732031	0.585365	0.412008	0.229082	0.0467824	-0.119699	-0.250474	-0.345889	
-0.247617	-0.247617	-0.241515	-0.229828	-0.209399	-0.186854	-0.167965	-0.164644	-0.172254	-0.187243	-0.189809	-0.176504	-0.145209	-0.117852	-0.11089	-0.13648	-0.18171	-0.243637	-0.316514	-0.387296	-0.436086	-0.460563	-0.471955	-0.469618	-0.434428	-0.350846	-0.224042	-0.0647219	0.123812	0.33495	0.558094	0.766602	0.941914	1.06948	1.14036	1.16289	1.15731	1.1357	1.08903	1.01559	0.912976	0.794792	0.667344	0.520232	0.351944	0.17235	-0.010217	-0.164643	-0.281031	-0.36327	
-0.204649	-0.204649	-0.195755	-0.178617	-0.161645	-0.152397	-0.147282	-0.147737	-0.158523	-0.175192	-0.185731	-0.186893	-0.175007	-0.160267	-0.166507	-0.20012	-0.246772	-0.298698	-0.359194	-0.415642	-0.456297	-0.4686	-0.45628	-0.417134	-0.339908	-0.217032	-0.0530552	0.135511	0.343063	0.55623	0.766602	0.953454	1.10371	1.2071	1.24798	1.23852	1.1931	1.13426	1.06284	0.973109	0.864308	0.745163	0.620898	0.482007	0.323085	0.144918	-0.0399462	-0.195785	-0.30916	-0.377921	
-0.134404	-0.134404	-0.126825	-0.114729	-0.110098	-0.122553	-0.13673	-0.145391	-0.150672	-0.160474	-0.173663	-0.189642	-0.197596	-0.199565	-0.22039	-0.255148	-0.29405	-0.329688	-0.375217	-0.411034	-0.433001	-0.426973	-0.391972	-0.322024	-0.208666	-0.0549746	0.131858	0.335125	0.545434	0.752909	0.941914	1.10371	1.22637	1.3095	1.3338	1.30533	1.23557	1.14962	1.06175	0.962765	0.84903	0.723071	0.594152	0.461014	0.307353	0.129986	-0.0530477	-0.210099	-0.319591	-0.377255	
-0.0455495	-0.0455495	-0.0476845	-0.053779	-0.0667863	-0.0952552	-0.124321	-0.142196	-0.143149	-0.145491	-0.1587	-0.185165	-0.210811	-0.232526	-0.261005	-0.290298	-0.314032	-0.336032	-0.359995	-0.369832	-0.362639	-0.331608	-0.271656	-0.173643	-0.0401298	0.128666	0.319362	0.525896	0.725444	0.910423	1.06948	1.2071	1.3095	1.37152	1.38354	1.35364	1.28068	1.19244	1.09964	0.994627	0.867042	0.730707	0.59646	0.461065	0.30409	0.128343	-0.0506588	-0.202407	-0.305581	-0.361003	
0.0579121	0.0579121	0.042126	0.0141305	-0.0148822	-0.0481178	-0.0861715	-0.114743	-0.120925	-0.124887	-0.140635	-0.172463	-0.210162	-0.250493	-0.287378	-0.312782	-0.317775	-0.313208	-0.305417	-0.287325	-0.251368	-0.191085	-0.101719	0.0157591	0.158208	0.325852	0.512058	0.704172	0.877912	1.02019	1.14036	1.24798	1.3338	1.38354	1.39732	1.37615	1.31848	1.24437	1.15664	1.04957	0.921598	0.781061	0.641705	0.497101	0.332882	0.151474	-0.024841	-0.168875	-0.271687	-0.336018	
0.141168	0.141168	0.118352	0.079131	0.0437141	0.0143068	-0.0262749	-0.061243	-0.0773236	-0.0907841	-0.114095	-0.148011	-0.191586	-0.243398	-0.285705	-0.306495	-0.290631	-0.2531	-0.21001	-0.15966	-0.0951513	-0.00640253	0.103396	0.231536	0.371015	0.528284	0.69838	0.858261	0.98969	1.08227	1.16289	1.23852	1.30533	1.35364	1.37615	1.37401	1.34645	1.30213	1.23344	1.13499	1.01638	0.876276	0.73232	0.57903	0.403144	0.216213	0.0368607	-0.116571	-0.230978	-0.311705	
0.19398	0.19398	0.174109	0.136904	0.107243	0.0838862	0.0502873	0.0148921	-0.00704269	-0.0355898	-0.0712696	-0.112988	-0.162219	-0.210728	-0.244396	-0.25088	-0.224178	-0.162982	-0.0899643	-0.00048218	0.0957499	0.207454	0.332245	0.463892	0.592313	0.723326	0.853655	0.966919	1.05559	1.11523	1.15731	1.1931	1.23557	1.28068	1.31848	1.34645	1.36528	1.35956	1.3212	1.25119	1.1465	1.00976	0.859744	0.697958	0.515435	0.319262	0.126421	-0.0476541	-0.182689	-0.281791	
0.223004	0.223004	0.209462	0.183053	0.165127	0.153776	0.133902	0.107264	0.0803054	0.0378756	-0.0117965	-0.0630685	-0.113707	-0.148632	-0.16008	-0.150923	-0.116024	-0.0469767	0.046394	0.165881	0.294784	0.431196	0.569678	0.696905	0.801306	0.896539	0.980502	1.04469	1.09335	1.12516	1.1357	1.13426	1.14962	1.19244	1.24437	1.30213	1.35956	1.40152	1.40386	1.36457	1.27643	1.15439	1.00748	0.844865	0.661728	0.453202	0.240457	0.0478771	-0.107326	-0.222015	
0.226672	0.226672	0.220677	0.209253	0.204403	0.208344	0.204432	0.190834	0.158636	0.108825	0.0529036	0.00543171	-0.0371886	-0.0547988	-0.0488737	-0.0238782	0.0206835	0.0937342	0.195669	0.333159	0.487076	0.641264	0.785586	0.90286	0.983737	1.04808	1.0912	1.10753	1.10894	1.10567	1.08903	1.06284	1.06175	1.09964	1.15664	1.23344	1.3212	1.40386	1.4462	1.44402	1.38866	1.28829	1.15829	1.00502	0.825241	0.607098	0.38183	0.176035	-0.000907805	-0.135127	
0.184328	0.184328	0.191389	0.200183	0.207365	0.222802	0.230287	0.230125	0.201352	0.158667	0.113703	0.0857954	0.0656607	0.0659141	0.0844206	0.119262	0.174642	0.254255	0.363027	0.504336	0.65962	0.811938	0.952889	1.06095	1.12481	1.16211	1.1689	1.13719	1.09299	1.05577	1.01559	0.973109	0.962765	0.994627	1.04957	1.13499	1.25119	1.36457	1.44402	1.47615	1.46473	1.40314	1.30102	1.16152	0.982408	0.763339	0.5381	0.320456	0.129264	-0.0261319	
0.1046	0.1046	0.129755	0.158033	0.17783	0.194137	0.20872	0.2146	0.205395	0.182944	0.166366	0.163681	0.17413	0.19227	0.221929	0.263253	0.326968	0.414619	0.523964	0.653117	0.787896	0.923268	1.05171	1.14954	1.19559	1.20432	1.17774	1.11518	1.04044	0.972548	0.912976	0.864308	0.84903	0.867042	0.921598	1.01638	1.1465	1.27643	1.38866	1.46473	1.50072	1.48254	1.40852	1.28251	1.11058	0.90324	0.688891	0.473603	0.274418	0.101152	
0.0135814	0.0135814	0.0496154	0.0894056	0.116963	0.135383	0.150792	0.160348	0.171346	0.180676	0.19754	0.224192	0.258143	0.290614	0.331585	0.384774	0.456597	0.543904	0.643425	0.75217	0.863735	0.971725	1.07427	1.15326	1.18458	1.17112	1.11999	1.03787	0.945533	0.861518	0.794792	0.745163	0.723071	0.730707	0.781061	0.876276	1.00976	1.15439	1.28829	1.40314	1.48254	1.50934	1.46797	1.36742	1.20855	1.01483	0.816058	0.617084	0.424361	0.243685	
-0.0962497	-0.0962497	-0.0631298	-0.0260789	0.00483804	0.0312674	0.0517332	0.0665721	0.0951189	0.135479	0.185086	0.240096	0.291256	0.335936	0.390539	0.461715	0.541384	0.625794	0.710972	0.800438	0.888968	0.966268	1.035	1.08741	1.10377	1.0745	1.00927	0.91626	0.818136	0.732031	0.667344	0.620898	0.594152	0.59646	0.641705	0.73232	0.859744	1.00748	1.15829	1.30102	1.40852	1.46797	1.46996	1.40733	1.27203	1.0954	0.91201	0.734736	0.560162	0.379752	
-0.241478	-0.241478	-0.222116	-0.19747	-0.169636	-0.131799	-0.101215	-0.0706012	-0.0264582	0.0378634	0.10671	0.183199	0.251656	0.315171	0.386572	0.471718	0.559577	0.64354	0.719018	0.792116	0.862729	0.916704	0.950277	0.970545	0.964054	0.925504	0.854822	0.766183	0.671391	0.585365	0.520232	0.482007	0.461014	0.461065	0.497101	0.57903	0.697958	0.844865	1.00502	1.16152	1.28251	1.36742	1.40733	1.38063	1.27966	1.13176	0.975881	0.821662	0.666012	0.489601	
-0.413666	-0.413666	-0.410196	-0.402643	-0.379439	-0.339072	-0.294316	-0.247679	-0.184816	-0.111255	-0.0354931	0.0465612	0.134137	0.223736	0.314654	0.40605	0.493904	0.579469	0.654663	0.722459	0.780452	0.812407	0.817679	0.805612	0.778048	0.730189	0.667502	0.589784	0.500163	0.412008	0.351944	0.323085	0.307353	0.30409	0.332882	0.403144	0.515435	0.661728	0.825241	0.982408	1.11058	1.20855	1.27203	1.27966	1.22784	1.12676	1.00423	0.873797	0.727535	0.566609	
-0.592954	-0.592954	-0.602654	-0.606284	-0.590567	-0.553154	-0.505181	-0.446868	-0.375235	-0.296268	-0.221567	-0.141074	-0.0413142	0.0725606	0.181435	0.272568	0.355679	0.442665	0.525668	0.592828	0.633026	0.644021	0.62979	0.60135	0.558127	0.506546	0.451576	0.387517	0.309644	0.229082	0.17235	0.144918	0.129986	0.128343	0.151474	0.216213	0.319262	0.453202	0.607098	0.763339	0.90324	1.01483	1.0954	1.13176	1.12676	1.07966	0.997368	0.890074	0.760495	0.620996	
-0.744502	-0.744502	-0.760106	-0.769503	-0.760724	-0.737091	-0.697108	-0.643712	-0.574219	-0.496426	-0.42129	-0.343574	-0.241186	-0.116177	0.00174555	0.0980329	0.183094	0.272086	0.354897	0.41336	0.436823	0.432124	0.408761	0.372774	0.325955	0.276123	0.225693	0.175204	0.11372	0.0467824	-0.010217	-0.0399462	-0.0530477	-0.0506588	-0.024841	0.0368607	0.126421	0.240457	0.38183	0.5381	0.688891	0.816058	0.91201	0.975881	1.00423	0.997368	0.94973	0.874488	0.773921	0.661293	
-0.835841	-0.835841	-0.853676	-0.866469	-0.867294	-0.862598	-0.840604	-0.804391	-0.747527	-0.679515	-0.605372	-0.53328	-0.433232	-0.314112	-0.193047	-0.0885908	0.00710575	0.092053	0.158965	0.199008	0.206885	0.195173	0.167067	0.131549	0.0909412	0.0500702	0.0106976	-0.0278932	-0.0698869	-0.119699	-0.164643	-0.195785	-0.210099	-0.202407	-0.168875	-0.116571	-0.0476541	0.0478771	0.176035	0.320456	0.473603	0.617084	0.734736	0.821662	0.873797	0.890074	0.874488	0.832008	0.767682	0.686574	
-0.846165	-0.846165	-0.867075	-0.886462	-0.898509	-0.911488	-0.91246	-0.900792	-0.866273	-0.813404	-0.750512	-0.684886	-0.59473	-0.484092	-0.368931	-0.257823	-0.155528	-0.0755431	-0.0304305	-0.0169581	-0.0233258	-0.0370177	-0.0619618	-0.0958859	-0.128004	-0.154293	-0.178379	-0.201894	-0.223863	-0.250474	-0.281031	-0.30916	-0.319591	-0.305581	-0.271687	-0.230978	-0.182689	-0.107326	-0.000907805	0.129264	0.274418	0.424361	0.560162	0.666012	0.727535	0.760495	0.773921	0.767682	0.744139	0.702697	
-0.786349	-0.786349	-0.807464	-0.831307	-0.853671	-0.878891	-0.904158	-0.919678	-0.91221	-0.876845	-0.829265	-0.772077	-0.694689	-0.596023	-0.492243	-0.386336	-0.288777	-0.216458	-0.190148	-0.197994	-0.215662	-0.229716	-0.254663	-0.28813	-0.314384	-0.326979	-0.333686	-0.336197	-0.336939	-0.345889	-0.36327	-0.377921	-0.377255	-0.361003	-0.336018	-0.311705	-0.281791	-0.222015	-0.135127	-0.0261319	0.101152	0.243685	0.379752	0.489601	0.566609	0.620996	0.661293	0.686574	0.702697	0.702703	
