0.0154214	0.0154214	-0.221762	0.498023	0.410068	0.693655	
0.0154214	0.0154214	-0.221762	0.498023	0.410068	0.693655	
-0.221762	-0.221762	-0.391875	0.20415	0.138054	0.847253	
0.498023	0.498023	0.20415	0.601238	0.636055	0.470173	
0.410068	0.410068	0.138054	0.636055	0.258696	1.40227	
0.693655	0.693655	0.847253	0.470173	1.40227	0.81048	
