1.51964	1.39295	1.23756	1.04698	0.823857	0.592312	0.364802	0.180187	0.0504701	-0.0360393	-0.0884561	-0.111615	-0.111311	-0.10431	-0.102225	-0.0993153	-0.0839027	-0.063507	-0.0616571	-0.0708799	-0.0971824	-0.133509	-0.170602	-0.204805	-0.221628	-0.229968	-0.240825	-0.237015	-0.194198	-0.118807	-0.0278042	0.0755832	0.191003	0.303815	0.40458	0.476311	0.51176	0.514519	0.50795	0.490292	0.451291	0.393157	0.332766	0.293424	0.27017	0.277821	0.304885	0.334898	0.351387	0.351387	
1.39295	1.26523	1.11467	0.937659	0.731714	0.516455	0.309207	0.152801	0.053921	-0.00779922	-0.056012	-0.0933638	-0.120152	-0.139317	-0.160701	-0.175977	-0.174398	-0.160058	-0.147476	-0.144418	-0.156684	-0.172031	-0.184637	-0.19596	-0.187769	-0.179858	-0.174187	-0.155727	-0.105225	-0.0322405	0.049282	0.135441	0.227824	0.322652	0.405398	0.468708	0.501363	0.497289	0.478203	0.450333	0.395989	0.318397	0.235613	0.162934	0.105628	0.0747352	0.0678696	0.0766031	0.0810387	0.0810387	
1.23756	1.11467	0.977237	0.816088	0.631501	0.438651	0.268879	0.153843	0.0856557	0.0479483	0.00963189	-0.0375122	-0.0918878	-0.144929	-0.19034	-0.225938	-0.237957	-0.230843	-0.216763	-0.206766	-0.205798	-0.201737	-0.186481	-0.173054	-0.146214	-0.123503	-0.103357	-0.0767494	-0.0300252	0.0415686	0.109844	0.175884	0.249288	0.318873	0.38484	0.443068	0.469149	0.463671	0.43667	0.39716	0.333647	0.24498	0.147552	0.049299	-0.0405261	-0.111248	-0.153713	-0.175565	-0.187805	-0.187805	
1.04698	0.937659	0.816088	0.677129	0.521696	0.367091	0.242824	0.167822	0.132219	0.114605	0.0920285	0.0386674	-0.0352065	-0.115116	-0.186155	-0.240787	-0.269372	-0.276598	-0.265913	-0.251222	-0.234581	-0.20784	-0.169442	-0.129299	-0.0870493	-0.0469278	-0.0183791	0.00791495	0.0449651	0.0995306	0.149066	0.1992	0.253463	0.305068	0.357456	0.401011	0.422447	0.41188	0.378751	0.3291	0.259375	0.168624	0.0657425	-0.0481513	-0.169219	-0.273569	-0.350766	-0.401806	-0.430982	-0.430982	
0.823857	0.731714	0.631501	0.521696	0.408287	0.306385	0.23714	0.199666	0.185073	0.184161	0.171	0.119754	0.0367298	-0.0614242	-0.153565	-0.223226	-0.273308	-0.298254	-0.298263	-0.279404	-0.246294	-0.197412	-0.134413	-0.0686745	-0.00794011	0.0419515	0.0728085	0.0924443	0.115821	0.144714	0.175069	0.211439	0.250994	0.286816	0.315884	0.34035	0.351166	0.336312	0.301659	0.245645	0.174737	0.0874462	-0.0119618	-0.132158	-0.273851	-0.401527	-0.504679	-0.575603	-0.616625	-0.616625	
0.592312	0.516455	0.438651	0.367091	0.306385	0.264881	0.243158	0.236089	0.241486	0.248666	0.243246	0.202762	0.122058	0.0149077	-0.0925611	-0.182145	-0.256443	-0.304825	-0.315099	-0.295736	-0.249212	-0.183406	-0.100181	-0.00215528	0.0789612	0.140391	0.17429	0.183514	0.185726	0.179342	0.184321	0.206475	0.234077	0.251505	0.254157	0.256493	0.254782	0.235497	0.201774	0.147897	0.0766333	0.000169628	-0.0912235	-0.206932	-0.347027	-0.485646	-0.595935	-0.6747	-0.71812	-0.71812	
0.364802	0.309207	0.268879	0.242824	0.23714	0.243158	0.258858	0.277074	0.294491	0.30727	0.307648	0.276988	0.199262	0.0864395	-0.0264763	-0.130733	-0.222594	-0.283731	-0.303181	-0.282139	-0.231078	-0.157237	-0.0553769	0.0604193	0.157361	0.225687	0.26191	0.266463	0.249291	0.214509	0.193827	0.19948	0.205658	0.195237	0.170538	0.151779	0.137204	0.116372	0.0826212	0.0334612	-0.0319167	-0.101726	-0.177921	-0.274931	-0.394357	-0.520186	-0.622949	-0.699259	-0.736895	-0.736895	
0.180187	0.152801	0.153843	0.167822	0.199666	0.236089	0.277074	0.311594	0.333485	0.351474	0.357506	0.329616	0.257918	0.149015	0.0351843	-0.0789232	-0.177688	-0.24149	-0.265679	-0.241442	-0.191261	-0.11521	-0.00482304	0.114739	0.218649	0.291913	0.330353	0.334609	0.302914	0.251792	0.212327	0.195905	0.174325	0.131097	0.0828603	0.0459785	0.0211369	-0.00272261	-0.0352602	-0.0767841	-0.136388	-0.199428	-0.264721	-0.341943	-0.429752	-0.53103	-0.618801	-0.684177	-0.715649	-0.715649	
0.0504701	0.053921	0.0856557	0.132219	0.185073	0.241486	0.294491	0.333485	0.363981	0.381879	0.383518	0.356917	0.287868	0.187998	0.0781228	-0.0296309	-0.125683	-0.192309	-0.211975	-0.187501	-0.13643	-0.0566122	0.0508627	0.161882	0.261207	0.335859	0.375509	0.386088	0.356475	0.303411	0.254125	0.208185	0.151193	0.0784935	0.00733312	-0.0413718	-0.0763507	-0.108817	-0.140285	-0.183813	-0.235082	-0.292812	-0.351085	-0.406281	-0.466055	-0.533793	-0.605808	-0.660934	-0.687602	-0.687602	
-0.0360393	-0.00779922	0.0479483	0.114605	0.184161	0.248666	0.30727	0.351474	0.381879	0.396251	0.393869	0.365382	0.297889	0.211111	0.113431	0.0195267	-0.0658292	-0.127337	-0.13996	-0.116255	-0.0618493	0.0139892	0.10392	0.206261	0.296295	0.366088	0.410408	0.425328	0.408243	0.359344	0.300326	0.227178	0.137688	0.0413049	-0.0472153	-0.110564	-0.160131	-0.201282	-0.241386	-0.287892	-0.332467	-0.382359	-0.432374	-0.47248	-0.504978	-0.539933	-0.588538	-0.63036	-0.64994	-0.64994	
-0.0884561	-0.056012	0.00963189	0.0920285	0.171	0.243246	0.307648	0.357506	0.383518	0.393869	0.386962	0.354262	0.29184	0.217466	0.147175	0.0781761	0.0138454	-0.036403	-0.0428275	-0.012753	0.0375164	0.0988965	0.174289	0.259708	0.33536	0.393453	0.433382	0.457455	0.450399	0.409716	0.339343	0.244084	0.133513	0.0142321	-0.0910149	-0.17643	-0.244278	-0.299121	-0.350408	-0.399387	-0.437119	-0.468971	-0.504891	-0.530089	-0.536475	-0.54107	-0.562823	-0.584514	-0.594642	-0.594642	
-0.111615	-0.0933638	-0.0375122	0.0386674	0.119754	0.202762	0.276988	0.329616	0.356917	0.365382	0.354262	0.316585	0.266063	0.2128	0.176822	0.148671	0.11447	0.0916753	0.101292	0.140484	0.180035	0.222359	0.276371	0.336719	0.388068	0.420179	0.449554	0.475821	0.475202	0.434514	0.356647	0.250762	0.123028	-0.0150697	-0.140608	-0.252603	-0.339162	-0.404663	-0.463271	-0.508913	-0.533714	-0.545285	-0.561224	-0.568705	-0.556663	-0.535607	-0.529602	-0.529567	-0.523867	-0.523867	
-0.111311	-0.120152	-0.0918878	-0.0352065	0.0367298	0.122058	0.199262	0.257918	0.287868	0.297889	0.29184	0.266063	0.228857	0.20514	0.208597	0.222217	0.226795	0.24431	0.278596	0.322335	0.353815	0.375905	0.406414	0.43732	0.45937	0.461316	0.473334	0.488529	0.478653	0.428915	0.345368	0.235696	0.0982906	-0.0522653	-0.198619	-0.331347	-0.437232	-0.516108	-0.573557	-0.612016	-0.621523	-0.607848	-0.599077	-0.585313	-0.555289	-0.518288	-0.492471	-0.470042	-0.451962	-0.451962	
-0.10431	-0.139317	-0.144929	-0.115116	-0.0614242	0.0149077	0.0864395	0.149015	0.187998	0.211111	0.217466	0.2128	0.20514	0.214212	0.251214	0.299621	0.34721	0.397451	0.452352	0.50559	0.535737	0.542654	0.553723	0.554463	0.545376	0.519988	0.5056	0.49691	0.465141	0.403614	0.311632	0.19601	0.0473618	-0.116706	-0.275423	-0.419702	-0.535862	-0.618274	-0.667736	-0.693401	-0.687145	-0.658116	-0.625982	-0.58923	-0.54398	-0.489648	-0.445637	-0.403417	-0.372939	-0.372939	
-0.102225	-0.160701	-0.19034	-0.186155	-0.153565	-0.0925611	-0.0264763	0.0351843	0.0781228	0.113431	0.147175	0.176822	0.208597	0.251214	0.315982	0.387439	0.461318	0.534986	0.609828	0.674727	0.707534	0.706814	0.692457	0.664826	0.6329	0.587258	0.542789	0.503539	0.444263	0.361903	0.255438	0.125761	-0.0344757	-0.205222	-0.362134	-0.504398	-0.620698	-0.702292	-0.743941	-0.754697	-0.737141	-0.694275	-0.64168	-0.582651	-0.517048	-0.448669	-0.389715	-0.335421	-0.301223	-0.301223	
-0.0993153	-0.175977	-0.225938	-0.240787	-0.223226	-0.182145	-0.130733	-0.0789232	-0.0296309	0.0195267	0.0781761	0.148671	0.222217	0.299621	0.387439	0.478979	0.572941	0.665571	0.759057	0.834733	0.865839	0.853006	0.813616	0.763872	0.711893	0.646536	0.571818	0.496321	0.40696	0.302711	0.181002	0.0361347	-0.127308	-0.29415	-0.441352	-0.567314	-0.67702	-0.755103	-0.789097	-0.790293	-0.76105	-0.711601	-0.647532	-0.570669	-0.492053	-0.4103	-0.340789	-0.285556	-0.252569	-0.252569	
-0.0839027	-0.174398	-0.237957	-0.269372	-0.273308	-0.256443	-0.222594	-0.177688	-0.125683	-0.0658292	0.0138454	0.11447	0.226795	0.34721	0.461318	0.572941	0.684669	0.794276	0.901027	0.973755	0.99993	0.975127	0.913857	0.846002	0.768242	0.682432	0.580444	0.470775	0.356414	0.229831	0.0952041	-0.0562437	-0.216536	-0.367209	-0.492557	-0.594222	-0.68522	-0.758331	-0.79053	-0.786358	-0.754956	-0.705428	-0.641644	-0.561842	-0.47787	-0.393699	-0.323152	-0.273707	-0.248196	-0.248196	
-0.063507	-0.160058	-0.230843	-0.276598	-0.298254	-0.304825	-0.283731	-0.24149	-0.192309	-0.127337	-0.036403	0.0916753	0.24431	0.397451	0.534986	0.665571	0.794276	0.91883	1.02263	1.07947	1.08718	1.05169	0.980282	0.896788	0.802386	0.702924	0.583095	0.442425	0.29954	0.152865	0.00755541	-0.140055	-0.285096	-0.412321	-0.507384	-0.582805	-0.656085	-0.724825	-0.763006	-0.75932	-0.731407	-0.686319	-0.628293	-0.555171	-0.474047	-0.398669	-0.335115	-0.294409	-0.275947	-0.275947	
-0.0616571	-0.147476	-0.216763	-0.265913	-0.298263	-0.315099	-0.303181	-0.265679	-0.211975	-0.13996	-0.0428275	0.101292	0.278596	0.452352	0.609828	0.759057	0.901027	1.02263	1.09879	1.12552	1.11618	1.07846	1.01032	0.921168	0.818611	0.713525	0.5812	0.419587	0.252387	0.0936416	-0.0535571	-0.196183	-0.325406	-0.429441	-0.498355	-0.552099	-0.61069	-0.677133	-0.720871	-0.724465	-0.704027	-0.667222	-0.618952	-0.552311	-0.481188	-0.417196	-0.36112	-0.32743	-0.308374	-0.308374	
-0.0708799	-0.144418	-0.206766	-0.251222	-0.279404	-0.295736	-0.282139	-0.241442	-0.187501	-0.116255	-0.012753	0.140484	0.322335	0.50559	0.674727	0.834733	0.973755	1.07947	1.12552	1.12407	1.10636	1.07134	1.00873	0.920938	0.817168	0.710314	0.572095	0.397803	0.224287	0.0633201	-0.0776699	-0.211093	-0.33006	-0.411228	-0.463451	-0.504559	-0.556178	-0.623199	-0.671509	-0.685659	-0.676282	-0.65027	-0.611823	-0.555705	-0.495577	-0.444974	-0.398976	-0.3675	-0.347506	-0.347506	
-0.0971824	-0.156684	-0.205798	-0.234581	-0.246294	-0.249212	-0.231078	-0.191261	-0.13643	-0.0618493	0.0375164	0.180035	0.353815	0.535737	0.707534	0.865839	0.99993	1.08718	1.11618	1.10636	1.0866	1.05186	0.992545	0.906254	0.797562	0.684491	0.541447	0.369383	0.204889	0.0604476	-0.0660434	-0.186258	-0.290138	-0.356362	-0.398448	-0.438537	-0.493629	-0.56489	-0.619522	-0.645009	-0.648273	-0.633096	-0.60586	-0.563089	-0.514293	-0.47595	-0.441713	-0.415078	-0.398683	-0.398683	
-0.133509	-0.172031	-0.201737	-0.20784	-0.197412	-0.183406	-0.157237	-0.11521	-0.0566122	0.0139892	0.0988965	0.222359	0.375905	0.542654	0.706814	0.853006	0.975127	1.05169	1.07846	1.07134	1.05186	1.01945	0.963418	0.875065	0.760735	0.636101	0.487648	0.333336	0.191294	0.0736242	-0.027652	-0.130566	-0.218807	-0.278394	-0.3198	-0.365459	-0.429463	-0.502107	-0.561159	-0.596786	-0.609614	-0.61149	-0.601872	-0.57532	-0.540818	-0.506599	-0.47845	-0.461449	-0.449694	-0.449694	
-0.170602	-0.184637	-0.186481	-0.169442	-0.134413	-0.100181	-0.0553769	-0.00482304	0.0508627	0.10392	0.174289	0.276371	0.406414	0.553723	0.692457	0.813616	0.913857	0.980282	1.01032	1.00873	0.992545	0.963418	0.903877	0.818928	0.702326	0.57371	0.435428	0.301231	0.188249	0.0939287	0.017997	-0.062407	-0.136569	-0.191718	-0.238287	-0.292804	-0.365482	-0.440519	-0.501229	-0.540146	-0.563449	-0.579172	-0.590366	-0.586253	-0.561637	-0.532931	-0.509858	-0.502893	-0.501329	-0.501329	
-0.204805	-0.19596	-0.173054	-0.129299	-0.0686745	-0.00215528	0.0604193	0.114739	0.161882	0.206261	0.259708	0.336719	0.43732	0.554463	0.664826	0.763872	0.846002	0.896788	0.921168	0.920938	0.906254	0.875065	0.818928	0.739361	0.633629	0.513654	0.391737	0.283097	0.19267	0.125824	0.074383	0.0192491	-0.0393766	-0.0962415	-0.152072	-0.218991	-0.299633	-0.376586	-0.435599	-0.478236	-0.510267	-0.542981	-0.575393	-0.592764	-0.584071	-0.560409	-0.546348	-0.547175	-0.554058	-0.554058	
-0.221628	-0.187769	-0.146214	-0.0870493	-0.00794011	0.0789612	0.157361	0.218649	0.261207	0.296295	0.33536	0.388068	0.45937	0.545376	0.6329	0.711893	0.768242	0.802386	0.818611	0.817168	0.797562	0.760735	0.702326	0.633629	0.553956	0.458421	0.364367	0.280684	0.212912	0.166163	0.136018	0.108224	0.0686596	0.0147273	-0.0439837	-0.120392	-0.206345	-0.280952	-0.343946	-0.39499	-0.444808	-0.499975	-0.556794	-0.600726	-0.61591	-0.611468	-0.610159	-0.617662	-0.626866	-0.626866	
-0.229968	-0.179858	-0.123503	-0.0469278	0.0419515	0.140391	0.225687	0.291913	0.335859	0.366088	0.393453	0.420179	0.461316	0.519988	0.587258	0.646536	0.682432	0.702924	0.713525	0.710314	0.684491	0.636101	0.57371	0.513654	0.458421	0.391275	0.332017	0.28371	0.245665	0.223364	0.213109	0.207977	0.183743	0.137312	0.0768761	-0.00249975	-0.0840861	-0.157149	-0.226046	-0.295565	-0.372076	-0.451836	-0.533357	-0.604275	-0.650804	-0.676887	-0.695807	-0.710588	-0.718433	-0.718433	
-0.240825	-0.174187	-0.103357	-0.0183791	0.0728085	0.17429	0.26191	0.330353	0.375509	0.410408	0.433382	0.449554	0.473334	0.5056	0.542789	0.571818	0.580444	0.583095	0.5812	0.572095	0.541447	0.487648	0.435428	0.391737	0.364367	0.332017	0.312802	0.303572	0.294184	0.291832	0.293092	0.299692	0.286155	0.247297	0.188708	0.1158	0.0437848	-0.0247754	-0.101163	-0.193387	-0.294136	-0.396331	-0.497601	-0.594197	-0.673501	-0.733312	-0.77924	-0.801409	-0.810126	-0.810126	
-0.237015	-0.155727	-0.0767494	0.00791495	0.0924443	0.183514	0.266463	0.334609	0.386088	0.425328	0.457455	0.475821	0.488529	0.49691	0.503539	0.496321	0.470775	0.442425	0.419587	0.397803	0.369383	0.333336	0.301231	0.283097	0.280684	0.28371	0.303572	0.329888	0.347752	0.35633	0.360154	0.36647	0.353124	0.320626	0.27443	0.219036	0.168063	0.111098	0.0277926	-0.0840686	-0.207168	-0.3296	-0.451173	-0.570937	-0.678036	-0.769069	-0.839879	-0.875829	-0.888487	-0.888487	
-0.194198	-0.105225	-0.0300252	0.0449651	0.115821	0.185726	0.249291	0.302914	0.356475	0.408243	0.450399	0.475202	0.478653	0.465141	0.444263	0.40696	0.356414	0.29954	0.252387	0.224287	0.204889	0.191294	0.188249	0.19267	0.212912	0.245665	0.294184	0.347752	0.381515	0.39913	0.407199	0.407943	0.396885	0.374329	0.344242	0.314892	0.285659	0.243166	0.157202	0.0310046	-0.107761	-0.250733	-0.392988	-0.534419	-0.667224	-0.785727	-0.881372	-0.940324	-0.961011	-0.961011	
-0.118807	-0.0322405	0.0415686	0.0995306	0.144714	0.179342	0.214509	0.251792	0.303411	0.359344	0.409716	0.434514	0.428915	0.403614	0.361903	0.302711	0.229831	0.152865	0.0936416	0.0633201	0.0604476	0.0736242	0.0939287	0.125824	0.166163	0.223364	0.291832	0.35633	0.39913	0.422741	0.439112	0.44225	0.437665	0.428144	0.411123	0.398961	0.386317	0.35428	0.272796	0.144529	-0.00479917	-0.15999	-0.320089	-0.485369	-0.64004	-0.78914	-0.914465	-0.995165	-1.03142	-1.03142	
-0.0278042	0.049282	0.109844	0.149066	0.175069	0.184321	0.193827	0.212327	0.254125	0.300326	0.339343	0.356647	0.345368	0.311632	0.255438	0.181002	0.0952041	0.00755541	-0.0535571	-0.0776699	-0.0660434	-0.027652	0.017997	0.074383	0.136018	0.213109	0.293092	0.360154	0.407199	0.439112	0.465875	0.482337	0.488786	0.486378	0.475144	0.464783	0.456163	0.433582	0.359012	0.233893	0.0864741	-0.0752276	-0.243347	-0.420578	-0.599757	-0.774288	-0.923608	-1.0252	-1.07054	-1.07054	
0.0755832	0.135441	0.175884	0.1992	0.211439	0.206475	0.19948	0.195905	0.208185	0.227178	0.244084	0.250762	0.235696	0.19601	0.125761	0.0361347	-0.0562437	-0.140055	-0.196183	-0.211093	-0.186258	-0.130566	-0.062407	0.0192491	0.108224	0.207977	0.299692	0.36647	0.407943	0.44225	0.482337	0.516011	0.545125	0.554183	0.542924	0.527414	0.512537	0.48803	0.414817	0.296418	0.151935	-0.00270489	-0.165987	-0.348884	-0.54332	-0.740231	-0.903364	-1.01444	-1.06407	-1.06407	
0.191003	0.227824	0.249288	0.253463	0.250994	0.234077	0.205658	0.174325	0.151193	0.137688	0.133513	0.123028	0.0982906	0.0473618	-0.0344757	-0.127308	-0.216536	-0.285096	-0.325406	-0.33006	-0.290138	-0.218807	-0.136569	-0.0393766	0.0686596	0.183743	0.286155	0.353124	0.396885	0.437665	0.488786	0.545125	0.589128	0.609222	0.599074	0.577975	0.560817	0.53151	0.461074	0.350499	0.213329	0.0681236	-0.0872222	-0.272669	-0.478914	-0.687741	-0.855551	-0.96398	-1.01545	-1.01545	
0.303815	0.322652	0.318873	0.305068	0.286816	0.251505	0.195237	0.131097	0.0784935	0.0413049	0.0142321	-0.0150697	-0.0522653	-0.116706	-0.205222	-0.29415	-0.367209	-0.412321	-0.429441	-0.411228	-0.356362	-0.278394	-0.191718	-0.0962415	0.0147273	0.137312	0.247297	0.320626	0.374329	0.428144	0.486378	0.554183	0.609222	0.634349	0.628232	0.607847	0.585438	0.550094	0.483558	0.384167	0.264744	0.13475	-0.00744657	-0.183993	-0.39344	-0.600453	-0.764306	-0.871381	-0.925161	-0.925161	
0.40458	0.405398	0.38484	0.357456	0.315884	0.254157	0.170538	0.0828603	0.00733312	-0.0472153	-0.0910149	-0.140608	-0.198619	-0.275423	-0.362134	-0.441352	-0.492557	-0.507384	-0.498355	-0.463451	-0.398448	-0.3198	-0.238287	-0.152072	-0.0439837	0.0768761	0.188708	0.27443	0.344242	0.411123	0.475144	0.542924	0.599074	0.628232	0.626554	0.607607	0.582174	0.540889	0.478266	0.397257	0.293851	0.179799	0.0541935	-0.104672	-0.292861	-0.476562	-0.617781	-0.714918	-0.76903	-0.76903	
0.476311	0.468708	0.443068	0.401011	0.34035	0.256493	0.151779	0.0459785	-0.0413718	-0.110564	-0.17643	-0.252603	-0.331347	-0.419702	-0.504398	-0.567314	-0.594222	-0.582805	-0.552099	-0.504559	-0.438537	-0.365459	-0.292804	-0.218991	-0.120392	-0.00249975	0.1158	0.219036	0.314892	0.398961	0.464783	0.527414	0.577975	0.607847	0.607607	0.590984	0.561671	0.514076	0.456337	0.384838	0.292912	0.188671	0.0813548	-0.0443987	-0.18894	-0.322163	-0.422336	-0.494701	-0.543148	-0.543148	
0.51176	0.501363	0.469149	0.422447	0.351166	0.254782	0.137204	0.0211369	-0.0763507	-0.160131	-0.244278	-0.339162	-0.437232	-0.535862	-0.620698	-0.67702	-0.68522	-0.656085	-0.61069	-0.556178	-0.493629	-0.429463	-0.365482	-0.299633	-0.206345	-0.0840861	0.0437848	0.168063	0.285659	0.386317	0.456163	0.512537	0.560817	0.585438	0.582174	0.561671	0.524893	0.471373	0.415839	0.349897	0.266859	0.175183	0.0906514	0.00964517	-0.0788919	-0.149134	-0.195285	-0.233678	-0.266427	-0.266427	
0.514519	0.497289	0.463671	0.41188	0.336312	0.235497	0.116372	-0.00272261	-0.108817	-0.201282	-0.299121	-0.404663	-0.516108	-0.618274	-0.702292	-0.755103	-0.758331	-0.724825	-0.677133	-0.623199	-0.56489	-0.502107	-0.440519	-0.376586	-0.280952	-0.157149	-0.0247754	0.111098	0.243166	0.35428	0.433582	0.48803	0.53151	0.550094	0.540889	0.514076	0.471373	0.416942	0.360612	0.30223	0.231674	0.159223	0.107224	0.0736777	0.0452022	0.0383781	0.0481519	0.0495264	0.0390049	0.0390049	
0.50795	0.478203	0.43667	0.378751	0.301659	0.201774	0.0826212	-0.0352602	-0.140285	-0.241386	-0.350408	-0.463271	-0.573557	-0.667736	-0.743941	-0.789097	-0.79053	-0.763006	-0.720871	-0.671509	-0.619522	-0.561159	-0.501229	-0.435599	-0.343946	-0.226046	-0.101163	0.0277926	0.157202	0.272796	0.359012	0.414817	0.461074	0.483558	0.478266	0.456337	0.415839	0.360612	0.308999	0.258045	0.205669	0.162968	0.145629	0.158713	0.186458	0.237185	0.29632	0.338129	0.350361	0.350361	
0.490292	0.450333	0.39716	0.3291	0.245645	0.147897	0.0334612	-0.0767841	-0.183813	-0.287892	-0.399387	-0.508913	-0.612016	-0.693401	-0.754697	-0.790293	-0.786358	-0.75932	-0.724465	-0.685659	-0.645009	-0.596786	-0.540146	-0.478236	-0.39499	-0.295565	-0.193387	-0.0840686	0.0310046	0.144529	0.233893	0.296418	0.350499	0.384167	0.397257	0.384838	0.349897	0.30223	0.258045	0.222848	0.199111	0.191354	0.210522	0.268102	0.345689	0.445588	0.545575	0.616885	0.649423	0.649423	
0.451291	0.395989	0.333647	0.259375	0.174737	0.0766333	-0.0319167	-0.136388	-0.235082	-0.332467	-0.437119	-0.533714	-0.621523	-0.687145	-0.737141	-0.76105	-0.754956	-0.731407	-0.704027	-0.676282	-0.648273	-0.609614	-0.563449	-0.510267	-0.444808	-0.372076	-0.294136	-0.207168	-0.107761	-0.00479917	0.0864741	0.151935	0.213329	0.264744	0.293851	0.292912	0.266859	0.231674	0.205669	0.199111	0.21218	0.244518	0.304043	0.401009	0.523214	0.662106	0.785296	0.873221	0.915745	0.915745	
0.393157	0.318397	0.24498	0.168624	0.0874462	0.000169628	-0.101726	-0.199428	-0.292812	-0.382359	-0.468971	-0.545285	-0.607848	-0.658116	-0.694275	-0.711601	-0.705428	-0.686319	-0.667222	-0.65027	-0.633096	-0.61149	-0.579172	-0.542981	-0.499975	-0.451836	-0.396331	-0.3296	-0.250733	-0.15999	-0.0752276	-0.00270489	0.0681236	0.13475	0.179799	0.188671	0.175183	0.159223	0.162968	0.191354	0.244518	0.320462	0.416765	0.549307	0.708753	0.870962	1.00515	1.0965	1.14143	1.14143	
0.332766	0.235613	0.147552	0.0657425	-0.0119618	-0.0912235	-0.177921	-0.264721	-0.351085	-0.432374	-0.504891	-0.561224	-0.599077	-0.625982	-0.64168	-0.647532	-0.641644	-0.628293	-0.618952	-0.611823	-0.60586	-0.601872	-0.590366	-0.575393	-0.556794	-0.533357	-0.497601	-0.451173	-0.392988	-0.320089	-0.243347	-0.165987	-0.0872222	-0.00744657	0.0541935	0.0813548	0.0906514	0.107224	0.145629	0.210522	0.304043	0.416765	0.547345	0.706854	0.886382	1.05839	1.19051	1.2773	1.32182	1.32182	
0.293424	0.162934	0.049299	-0.0481513	-0.132158	-0.206932	-0.274931	-0.341943	-0.406281	-0.47248	-0.530089	-0.568705	-0.585313	-0.58923	-0.582651	-0.570669	-0.561842	-0.555171	-0.552311	-0.555705	-0.563089	-0.57532	-0.586253	-0.592764	-0.600726	-0.604275	-0.594197	-0.570937	-0.534419	-0.485369	-0.420578	-0.348884	-0.272669	-0.183993	-0.104672	-0.0443987	0.00964517	0.0736777	0.158713	0.268102	0.401009	0.549307	0.706854	0.876046	1.05515	1.216	1.33365	1.41248	1.45426	1.45426	
0.27017	0.105628	-0.0405261	-0.169219	-0.273851	-0.347027	-0.394357	-0.429752	-0.466055	-0.504978	-0.536475	-0.556663	-0.555289	-0.54398	-0.517048	-0.492053	-0.47787	-0.474047	-0.481188	-0.495577	-0.514293	-0.540818	-0.561637	-0.584071	-0.61591	-0.650804	-0.673501	-0.678036	-0.667224	-0.64004	-0.599757	-0.54332	-0.478914	-0.39344	-0.292861	-0.18894	-0.0788919	0.0452022	0.186458	0.345689	0.523214	0.708753	0.886382	1.05515	1.21707	1.34812	1.44348	1.50744	1.54427	1.54427	
0.277821	0.0747352	-0.111248	-0.273569	-0.401527	-0.485646	-0.520186	-0.53103	-0.533793	-0.539933	-0.54107	-0.535607	-0.518288	-0.489648	-0.448669	-0.4103	-0.393699	-0.398669	-0.417196	-0.444974	-0.47595	-0.506599	-0.532931	-0.560409	-0.611468	-0.676887	-0.733312	-0.769069	-0.785727	-0.78914	-0.774288	-0.740231	-0.687741	-0.600453	-0.476562	-0.322163	-0.149134	0.0383781	0.237185	0.445588	0.662106	0.870962	1.05839	1.216	1.34812	1.44841	1.51679	1.56548	1.59615	1.59615	
0.304885	0.0678696	-0.153713	-0.350766	-0.504679	-0.595935	-0.622949	-0.618801	-0.605808	-0.588538	-0.562823	-0.529602	-0.492471	-0.445637	-0.389715	-0.340789	-0.323152	-0.335115	-0.36112	-0.398976	-0.441713	-0.47845	-0.509858	-0.546348	-0.610159	-0.695807	-0.77924	-0.839879	-0.881372	-0.914465	-0.923608	-0.903364	-0.855551	-0.764306	-0.617781	-0.422336	-0.195285	0.0481519	0.29632	0.545575	0.785296	1.00515	1.19051	1.33365	1.44348	1.51679	1.56545	1.6004	1.62308	1.62308	
0.334898	0.0766031	-0.175565	-0.401806	-0.575603	-0.6747	-0.699259	-0.684177	-0.660934	-0.63036	-0.584514	-0.529567	-0.470042	-0.403417	-0.335421	-0.285556	-0.273707	-0.294409	-0.32743	-0.3675	-0.415078	-0.461449	-0.502893	-0.547175	-0.617662	-0.710588	-0.801409	-0.875829	-0.940324	-0.995165	-1.0252	-1.01444	-0.96398	-0.871381	-0.714918	-0.494701	-0.233678	0.0495264	0.338129	0.616885	0.873221	1.0965	1.2773	1.41248	1.50744	1.56548	1.6004	1.62227	1.63752	1.63752	
0.351387	0.0810387	-0.187805	-0.430982	-0.616625	-0.71812	-0.736895	-0.715649	-0.687602	-0.64994	-0.594642	-0.523867	-0.451962	-0.372939	-0.301223	-0.252569	-0.248196	-0.275947	-0.308374	-0.347506	-0.398683	-0.449694	-0.501329	-0.554058	-0.626866	-0.718433	-0.810126	-0.888487	-0.961011	-1.03142	-1.07054	-1.06407	-1.01545	-0.925161	-0.76903	-0.543148	-0.266427	0.0390049	0.350361	0.649423	0.915745	1.14143	1.32182	1.45426	1.54427	1.59615	1.62308	1.63752	1.64683	1.64683	
0.351387	0.0810387	-0.187805	-0.430982	-0.616625	-0.71812	-0.736895	-0.715649	-0.687602	-0.64994	-0.594642	-0.523867	-0.451962	-0.372939	-0.301223	-0.252569	-0.248196	-0.275947	-0.308374	-0.347506	-0.398683	-0.449694	-0.501329	-0.554058	-0.626866	-0.718433	-0.810126	-0.888487	-0.961011	-1.03142	-1.07054	-1.06407	-1.01545	-0.925161	-0.76903	-0.543148	-0.266427	0.0390049	0.350361	0.649423	0.915745	1.14143	1.32182	1.45426	1.54427	1.59615	1.62308	1.63752	1.64683	1.64683	
