0.126891	0.0917368	0.0925557	0.119067	0.151434	0.176777	0.189214	0.180957	0.139787	0.0475368	-0.0762169	-0.199563	-0.306014	-0.384019	-0.420396	-0.420765	-0.393228	-0.326597	-0.22193	-0.0848276	0.0734949	0.224359	0.334692	0.388802	0.374018	0.292606	0.164323	0.000469408	-0.184342	-0.364942	-0.524368	-0.673743	-0.802461	-0.882534	-0.902519	-0.850534	-0.745208	-0.607114	-0.445136	-0.283777	-0.127711	0.026026	0.177268	0.32627	0.463518	0.587833	0.698685	0.797788	0.871298	0.871298	
0.0917368	0.0590972	0.0721929	0.124478	0.190445	0.251099	0.291849	0.297676	0.256718	0.16187	0.0375443	-0.0936776	-0.218318	-0.317865	-0.374352	-0.39372	-0.385004	-0.333799	-0.234211	-0.0967717	0.0536112	0.195262	0.312508	0.388525	0.403094	0.351127	0.251732	0.115762	-0.055992	-0.238929	-0.404908	-0.55935	-0.700629	-0.812613	-0.878321	-0.881654	-0.826798	-0.717845	-0.566129	-0.395203	-0.225922	-0.0668881	0.105624	0.290704	0.456724	0.60435	0.736946	0.84854	0.924191	0.924191	
0.0925557	0.0721929	0.0970417	0.166737	0.262034	0.354534	0.418105	0.432838	0.392623	0.296206	0.162645	0.0116327	-0.136588	-0.2614	-0.339052	-0.367338	-0.362822	-0.316641	-0.21944	-0.0833838	0.0584575	0.189082	0.305124	0.386854	0.412205	0.383349	0.316169	0.211083	0.0643717	-0.105009	-0.271752	-0.431661	-0.582127	-0.718017	-0.825763	-0.880111	-0.869479	-0.789974	-0.653586	-0.488672	-0.316324	-0.143571	0.0397698	0.236441	0.428089	0.598575	0.745827	0.866162	0.937772	0.937772	
0.119067	0.124478	0.166737	0.2504	0.359409	0.469219	0.546582	0.568017	0.535271	0.442066	0.295615	0.121007	-0.0503992	-0.200362	-0.296141	-0.32847	-0.31726	-0.270621	-0.182498	-0.0558	0.0750128	0.199992	0.312383	0.386	0.410809	0.40086	0.367604	0.297487	0.183067	0.0383181	-0.124836	-0.297121	-0.461129	-0.615743	-0.754006	-0.842853	-0.864116	-0.812723	-0.700877	-0.558944	-0.397062	-0.213403	-0.0154973	0.189762	0.390716	0.5679	0.718941	0.839511	0.905135	0.905135	
0.151434	0.190445	0.262034	0.359409	0.474911	0.593008	0.672562	0.696826	0.673062	0.582641	0.424316	0.234248	0.0487673	-0.117237	-0.230387	-0.270585	-0.255621	-0.209286	-0.130934	-0.021048	0.100139	0.222828	0.32768	0.393142	0.418515	0.427354	0.423873	0.380993	0.293411	0.173513	0.0194514	-0.162717	-0.33795	-0.499578	-0.653228	-0.763933	-0.807458	-0.788694	-0.717395	-0.605324	-0.459679	-0.276764	-0.0622642	0.155551	0.35712	0.532468	0.667745	0.759068	0.80623	0.80623	
0.176777	0.251099	0.354534	0.469219	0.593008	0.71129	0.788178	0.817019	0.795094	0.695502	0.527984	0.336648	0.153473	-0.0152834	-0.137766	-0.192228	-0.186146	-0.14186	-0.0715669	0.0258842	0.138999	0.254937	0.352007	0.414237	0.44898	0.474792	0.485489	0.45683	0.385352	0.285397	0.154047	-0.0164666	-0.195672	-0.362501	-0.51926	-0.645398	-0.715437	-0.73154	-0.70486	-0.625293	-0.490397	-0.309074	-0.0907479	0.128095	0.31876	0.47404	0.580164	0.638436	0.664527	0.664527	
0.189214	0.291849	0.418105	0.546582	0.672562	0.788178	0.871283	0.908194	0.876733	0.76421	0.598994	0.419617	0.246555	0.0909602	-0.0253023	-0.0910207	-0.10111	-0.0699117	-0.0079062	0.0793073	0.181435	0.288923	0.380808	0.450014	0.500076	0.534013	0.546708	0.52771	0.471885	0.388916	0.284254	0.142945	-0.0288875	-0.206785	-0.372195	-0.506515	-0.593787	-0.639247	-0.648394	-0.597009	-0.478488	-0.307933	-0.102829	0.096292	0.260367	0.382171	0.457218	0.493758	0.506147	0.506147	
0.180957	0.297676	0.432838	0.568017	0.696826	0.817019	0.908194	0.944412	0.905767	0.79967	0.651397	0.48014	0.31388	0.17413	0.0722987	0.00644573	-0.0195026	-0.0067335	0.0417366	0.120014	0.216277	0.321559	0.422731	0.507219	0.566328	0.598859	0.606498	0.596108	0.563507	0.500082	0.409353	0.291857	0.142411	-0.0340054	-0.206157	-0.345923	-0.444712	-0.505869	-0.533133	-0.510846	-0.428314	-0.287937	-0.111604	0.0556226	0.187218	0.273941	0.317772	0.333056	0.332279	0.332279	
0.139787	0.256718	0.392623	0.535271	0.673062	0.795094	0.876733	0.905767	0.87946	0.801621	0.670985	0.506274	0.345508	0.214557	0.122595	0.0625711	0.0353435	0.0342163	0.070489	0.144736	0.23933	0.351314	0.468205	0.564682	0.624911	0.654734	0.66444	0.666082	0.657772	0.619555	0.540946	0.430833	0.299798	0.149018	-0.0109379	-0.158156	-0.269188	-0.341476	-0.379853	-0.374185	-0.327733	-0.238938	-0.112613	0.00971075	0.0984847	0.147596	0.164857	0.167411	0.164002	0.164002	
0.0475368	0.16187	0.296206	0.442066	0.582641	0.695502	0.76421	0.79967	0.801621	0.751303	0.641131	0.495412	0.347302	0.217583	0.120696	0.0649763	0.042515	0.0398063	0.0740076	0.146647	0.2435	0.359604	0.483849	0.586444	0.648788	0.688458	0.71775	0.738108	0.748181	0.735508	0.679138	0.578992	0.458535	0.329687	0.190952	0.0478951	-0.0712665	-0.150314	-0.192727	-0.200454	-0.187291	-0.150303	-0.0886892	-0.0364517	-0.00827156	0.00501255	0.0108411	0.0130781	0.0110982	0.0110982	
-0.0762169	0.0375443	0.162645	0.295615	0.424316	0.527984	0.598994	0.651397	0.670985	0.641131	0.558379	0.440047	0.305155	0.172525	0.0676991	0.00586104	-0.0118828	-0.00129082	0.0420513	0.118965	0.218562	0.33417	0.454447	0.556159	0.630549	0.692715	0.747102	0.791765	0.82246	0.828511	0.798164	0.728045	0.626253	0.511807	0.391058	0.260199	0.150312	0.0783147	0.0280647	-0.00577356	-0.0323352	-0.0491494	-0.0533019	-0.0664076	-0.0927376	-0.117879	-0.131015	-0.132008	-0.131199	-0.131199	
-0.199563	-0.0936776	0.0116327	0.121007	0.234248	0.336648	0.419617	0.48014	0.506274	0.495412	0.440047	0.339209	0.206933	0.0754221	-0.0383568	-0.112108	-0.126784	-0.098243	-0.0395237	0.0414155	0.148076	0.269415	0.384609	0.48544	0.5768	0.661423	0.733074	0.797707	0.852469	0.880741	0.876714	0.846798	0.789063	0.703118	0.596564	0.480904	0.386328	0.320616	0.263567	0.201935	0.129906	0.0601018	-0.00443275	-0.0783606	-0.153284	-0.20857	-0.236815	-0.250349	-0.261423	-0.261423	
-0.306014	-0.218318	-0.136588	-0.0503992	0.0487673	0.153473	0.246555	0.31388	0.345508	0.347302	0.305155	0.206933	0.0752069	-0.0576096	-0.178805	-0.261017	-0.276369	-0.237645	-0.173811	-0.0917069	0.0216128	0.150477	0.269813	0.374495	0.477642	0.578745	0.664283	0.744717	0.826808	0.888352	0.918829	0.934392	0.924086	0.871677	0.787619	0.690003	0.611333	0.557913	0.500585	0.418996	0.310358	0.186159	0.053373	-0.0805632	-0.193604	-0.26899	-0.308304	-0.32999	-0.345484	-0.345484	
-0.384019	-0.317865	-0.2614	-0.200362	-0.117237	-0.0152834	0.0909602	0.17413	0.214557	0.217583	0.172525	0.0754221	-0.0576096	-0.193034	-0.315994	-0.401337	-0.42631	-0.401693	-0.345046	-0.264259	-0.154076	-0.0254485	0.104022	0.223648	0.336744	0.442956	0.537619	0.634816	0.740706	0.838225	0.91856	0.983892	1.01426	0.996232	0.940788	0.871624	0.818105	0.77639	0.719149	0.623655	0.482629	0.310418	0.123035	-0.0565652	-0.198074	-0.287687	-0.335963	-0.367458	-0.389734	-0.389734	
-0.420396	-0.374352	-0.339052	-0.296141	-0.230387	-0.137766	-0.0253023	0.0722987	0.122595	0.120696	0.0676991	-0.0383568	-0.178805	-0.315994	-0.434801	-0.52044	-0.567376	-0.567531	-0.521575	-0.443301	-0.340519	-0.221384	-0.0859645	0.0509289	0.169816	0.265444	0.354584	0.461241	0.590565	0.728006	0.858769	0.975187	1.05033	1.07119	1.05729	1.02718	0.993504	0.956328	0.895512	0.783027	0.615921	0.413058	0.196717	0.0019916	-0.146133	-0.246168	-0.313259	-0.3699	-0.41089	-0.41089	
-0.420765	-0.39372	-0.367338	-0.32847	-0.270585	-0.192228	-0.0910207	0.00644573	0.0625711	0.0649763	0.00586104	-0.112108	-0.261017	-0.401337	-0.52044	-0.616829	-0.683724	-0.703774	-0.676699	-0.612635	-0.51984	-0.405999	-0.271387	-0.132039	-0.0127159	0.0746582	0.152197	0.257913	0.404162	0.56909	0.733791	0.88873	1.00988	1.09122	1.13859	1.14989	1.12921	1.08291	1.00593	0.878978	0.701764	0.492387	0.274374	0.0848287	-0.0593543	-0.168428	-0.258986	-0.338409	-0.388383	-0.388383	
-0.393228	-0.385004	-0.362822	-0.31726	-0.255621	-0.186146	-0.10111	-0.0195026	0.0353435	0.042515	-0.0118828	-0.126784	-0.276369	-0.42631	-0.567376	-0.683724	-0.761351	-0.793182	-0.792494	-0.757964	-0.67592	-0.559356	-0.432271	-0.309941	-0.198598	-0.109901	-0.0319497	0.0682649	0.208803	0.379802	0.56201	0.745307	0.917941	1.06462	1.16873	1.21577	1.19847	1.13662	1.0494	0.920847	0.75067	0.554078	0.348439	0.167215	0.0219712	-0.0935299	-0.187499	-0.269217	-0.322345	-0.322345	
-0.326597	-0.333799	-0.316641	-0.270621	-0.209286	-0.14186	-0.0699117	-0.0067335	0.0342163	0.0398063	-0.00129082	-0.098243	-0.237645	-0.401693	-0.567531	-0.703774	-0.793182	-0.835963	-0.857057	-0.846653	-0.781772	-0.677347	-0.567459	-0.464721	-0.363961	-0.271128	-0.184452	-0.0902166	0.0327142	0.190778	0.377844	0.588955	0.805281	0.999449	1.14345	1.21374	1.20192	1.13424	1.0369	0.907454	0.754316	0.582644	0.398918	0.232086	0.0931255	-0.0224466	-0.119915	-0.198118	-0.240613	-0.240613	
-0.22193	-0.234211	-0.21944	-0.182498	-0.130934	-0.0715669	-0.0079062	0.0417366	0.070489	0.0740076	0.0420513	-0.0395237	-0.173811	-0.345046	-0.521575	-0.676699	-0.792494	-0.857057	-0.882968	-0.874199	-0.830877	-0.759111	-0.669776	-0.570028	-0.469003	-0.380858	-0.300851	-0.215526	-0.110945	0.0287359	0.216145	0.443557	0.687584	0.912745	1.08059	1.17126	1.17005	1.09375	0.979177	0.842765	0.703658	0.56508	0.418853	0.274992	0.140472	0.0216389	-0.0760834	-0.148577	-0.185211	-0.185211	
-0.0848276	-0.0967717	-0.0833838	-0.0558	-0.021048	0.0258842	0.0793073	0.120014	0.144736	0.146647	0.118965	0.0414155	-0.0917069	-0.264259	-0.443301	-0.612635	-0.757964	-0.846653	-0.874199	-0.862879	-0.8395	-0.800275	-0.729102	-0.625681	-0.521007	-0.442135	-0.372701	-0.29635	-0.20373	-0.0745822	0.106196	0.333206	0.584324	0.817839	0.998188	1.10526	1.11328	1.03272	0.902788	0.757772	0.628436	0.510987	0.389942	0.266633	0.141815	0.0239622	-0.0756828	-0.147453	-0.181789	-0.181789	
0.0734949	0.0536112	0.0584575	0.0750128	0.100139	0.138999	0.181435	0.216277	0.23933	0.2435	0.218562	0.148076	0.0216128	-0.154076	-0.340519	-0.51984	-0.67592	-0.781772	-0.830877	-0.8395	-0.830736	-0.800867	-0.738153	-0.64368	-0.546582	-0.466127	-0.39259	-0.318583	-0.233404	-0.114108	0.0584004	0.275356	0.514865	0.742747	0.920675	1.02445	1.0332	0.954508	0.825	0.68436	0.55795	0.440806	0.321467	0.197724	0.0742853	-0.0409965	-0.14155	-0.209617	-0.235966	-0.235966	
0.224359	0.195262	0.189082	0.199992	0.222828	0.254937	0.288923	0.321559	0.351314	0.359604	0.33417	0.269415	0.150477	-0.0254485	-0.221384	-0.405999	-0.559356	-0.677347	-0.759111	-0.800275	-0.800867	-0.762508	-0.700827	-0.624463	-0.540083	-0.453673	-0.36873	-0.290178	-0.207614	-0.0892353	0.0776853	0.273377	0.487036	0.693837	0.85463	0.943802	0.944729	0.870925	0.757826	0.633876	0.503947	0.360983	0.213949	0.0734176	-0.0569063	-0.17348	-0.269701	-0.333102	-0.361096	-0.361096	
0.334692	0.312508	0.305124	0.312383	0.32768	0.352007	0.380808	0.422731	0.468205	0.483849	0.454447	0.384609	0.269813	0.104022	-0.0859645	-0.271387	-0.432271	-0.567459	-0.669776	-0.729102	-0.738153	-0.700827	-0.640004	-0.564886	-0.481657	-0.392758	-0.303792	-0.221471	-0.129595	-0.0030111	0.153752	0.31834	0.489335	0.65955	0.799281	0.875039	0.873567	0.808066	0.703263	0.581638	0.436166	0.261214	0.0813059	-0.0834517	-0.222999	-0.342095	-0.446102	-0.516993	-0.54694	-0.54694	
0.388802	0.388525	0.386854	0.386	0.393142	0.414237	0.450014	0.507219	0.564682	0.586444	0.556159	0.48544	0.374495	0.223648	0.0509289	-0.132039	-0.309941	-0.464721	-0.570028	-0.625681	-0.64368	-0.624463	-0.564886	-0.475891	-0.38219	-0.290192	-0.200766	-0.108894	-0.00299093	0.127853	0.274499	0.409776	0.532233	0.650876	0.750841	0.805244	0.803523	0.745785	0.643561	0.514129	0.346418	0.143058	-0.0625311	-0.248183	-0.403457	-0.535779	-0.648226	-0.72352	-0.758351	-0.758351	
0.374018	0.403094	0.412205	0.410809	0.418515	0.44898	0.500076	0.566328	0.624911	0.648788	0.630549	0.5768	0.477642	0.336744	0.169816	-0.0127159	-0.198598	-0.363961	-0.469003	-0.521007	-0.546582	-0.540083	-0.481657	-0.38219	-0.272676	-0.162266	-0.0498124	0.0629067	0.174823	0.297147	0.424561	0.531147	0.607749	0.663449	0.703702	0.721796	0.712966	0.660957	0.559184	0.42242	0.240494	0.0163398	-0.21338	-0.420395	-0.59093	-0.729906	-0.838949	-0.909874	-0.945661	-0.945661	
0.292606	0.351127	0.383349	0.40086	0.427354	0.474792	0.534013	0.598859	0.654734	0.688458	0.692715	0.661423	0.578745	0.442956	0.265444	0.0746582	-0.109901	-0.271128	-0.380858	-0.442135	-0.466127	-0.453673	-0.392758	-0.290192	-0.162266	-0.0127122	0.139253	0.273117	0.386755	0.488899	0.579974	0.648677	0.681776	0.684082	0.668334	0.639469	0.602904	0.538857	0.431262	0.287435	0.100845	-0.120776	-0.353704	-0.5762	-0.761544	-0.901495	-0.995995	-1.04477	-1.06327	-1.06327	
0.164323	0.251732	0.316169	0.367604	0.423873	0.485489	0.546708	0.606498	0.66444	0.71775	0.747102	0.733074	0.664283	0.537619	0.354584	0.152197	-0.0319497	-0.184452	-0.300851	-0.372701	-0.39259	-0.36873	-0.303792	-0.200766	-0.0498124	0.139253	0.322188	0.475123	0.593823	0.675273	0.723047	0.74482	0.735656	0.6958	0.632952	0.555565	0.476064	0.381013	0.255734	0.1038	-0.0752513	-0.275086	-0.484917	-0.689552	-0.86866	-1.00553	-1.08446	-1.11425	-1.1237	-1.1237	
0.000469408	0.115762	0.211083	0.297487	0.380993	0.45683	0.52771	0.596108	0.666082	0.738108	0.791765	0.797707	0.744717	0.634816	0.461241	0.257913	0.0682649	-0.0902166	-0.215526	-0.29635	-0.318583	-0.290178	-0.221471	-0.108894	0.0629067	0.273117	0.475123	0.642175	0.76229	0.824385	0.83254	0.807588	0.752284	0.667146	0.56106	0.443323	0.324507	0.197927	0.053305	-0.108257	-0.273804	-0.431568	-0.588481	-0.74796	-0.898964	-1.01954	-1.08964	-1.11801	-1.1272	-1.1272	
-0.184342	-0.055992	0.0643717	0.183067	0.293411	0.385352	0.471885	0.563507	0.657772	0.748181	0.82246	0.852469	0.826808	0.740706	0.590565	0.404162	0.208803	0.0327142	-0.110945	-0.20373	-0.233404	-0.207614	-0.129595	-0.00299093	0.174823	0.386755	0.593823	0.76229	0.873043	0.913247	0.886821	0.81366	0.702868	0.569325	0.428689	0.28245	0.132598	-0.0145086	-0.161124	-0.312296	-0.447594	-0.555037	-0.652995	-0.755779	-0.867061	-0.96612	-1.02415	-1.04462	-1.04753	-1.04753	
-0.364942	-0.238929	-0.105009	0.0383181	0.173513	0.285397	0.388916	0.500082	0.619555	0.735508	0.828511	0.880741	0.888352	0.838225	0.728006	0.56909	0.379802	0.190778	0.0287359	-0.0745822	-0.114108	-0.0892353	-0.0030111	0.127853	0.297147	0.488899	0.675273	0.824385	0.913247	0.925997	0.859909	0.73416	0.575701	0.408015	0.239582	0.0712404	-0.0954266	-0.24887	-0.382294	-0.499209	-0.585558	-0.639254	-0.677877	-0.719127	-0.779938	-0.841973	-0.878473	-0.894701	-0.899962	-0.899962	
-0.524368	-0.404908	-0.271752	-0.124836	0.0194514	0.154047	0.284254	0.409353	0.540946	0.679138	0.798164	0.876714	0.918829	0.91856	0.858769	0.733791	0.56201	0.377844	0.216145	0.106196	0.0584004	0.0776853	0.153752	0.274499	0.424561	0.579974	0.723047	0.83254	0.886821	0.859909	0.745794	0.578321	0.39316	0.197194	-0.00033839	-0.179787	-0.344717	-0.486965	-0.594543	-0.676411	-0.717411	-0.706305	-0.667065	-0.63474	-0.631273	-0.644844	-0.662895	-0.683791	-0.696009	-0.696009	
-0.673743	-0.55935	-0.431661	-0.297121	-0.162717	-0.0164666	0.142945	0.291857	0.430833	0.578992	0.728045	0.846798	0.934392	0.983892	0.975187	0.88873	0.745307	0.588955	0.443557	0.333206	0.275356	0.273377	0.31834	0.409776	0.531147	0.648677	0.74482	0.807588	0.81366	0.73416	0.578321	0.386678	0.174735	-0.0578345	-0.277113	-0.453462	-0.599283	-0.714827	-0.796499	-0.843396	-0.829212	-0.749766	-0.636743	-0.527463	-0.449895	-0.4096	-0.402477	-0.416231	-0.428549	-0.428549	
-0.802461	-0.700629	-0.582127	-0.461129	-0.33795	-0.195672	-0.0288875	0.142411	0.299798	0.458535	0.626253	0.789063	0.924086	1.01426	1.05033	1.00988	0.917941	0.805281	0.687584	0.584324	0.514865	0.487036	0.489335	0.532233	0.607749	0.681776	0.735656	0.752284	0.702868	0.575701	0.39316	0.174735	-0.0710834	-0.324177	-0.547404	-0.718232	-0.842977	-0.930279	-0.982144	-0.980177	-0.903557	-0.762941	-0.589541	-0.421438	-0.281272	-0.176108	-0.118675	-0.106588	-0.112473	-0.112473	
-0.882534	-0.812613	-0.718017	-0.615743	-0.499578	-0.362501	-0.206785	-0.0340054	0.149018	0.329687	0.511807	0.703118	0.871677	0.996232	1.07119	1.09122	1.06462	0.999449	0.912745	0.817839	0.742747	0.693837	0.65955	0.650876	0.663449	0.684082	0.6958	0.667146	0.569325	0.408015	0.197194	-0.0578345	-0.324177	-0.570692	-0.782689	-0.946458	-1.05523	-1.11178	-1.11866	-1.06218	-0.937548	-0.756791	-0.539969	-0.32178	-0.122314	0.044678	0.15229	0.198074	0.209293	0.209293	
-0.902519	-0.878321	-0.825763	-0.754006	-0.653228	-0.51926	-0.372195	-0.206157	-0.0109379	0.190952	0.391058	0.596564	0.787619	0.940788	1.05729	1.13859	1.16873	1.14345	1.08059	0.998188	0.920675	0.85463	0.799281	0.750841	0.703702	0.668334	0.632952	0.56106	0.428689	0.239582	-0.00033839	-0.277113	-0.547404	-0.782689	-0.983728	-1.13861	-1.22076	-1.23273	-1.18646	-1.077	-0.915719	-0.713523	-0.477581	-0.229577	0.0158914	0.230673	0.378215	0.457767	0.489979	0.489979	
-0.850534	-0.881654	-0.880111	-0.842853	-0.763933	-0.645398	-0.506515	-0.345923	-0.158156	0.0478951	0.260199	0.480904	0.690003	0.871624	1.02718	1.14989	1.21577	1.21374	1.17126	1.10526	1.02445	0.943802	0.875039	0.805244	0.721796	0.639469	0.555565	0.443323	0.28245	0.0712404	-0.179787	-0.453462	-0.718232	-0.946458	-1.13861	-1.27793	-1.32902	-1.29529	-1.18699	-1.02112	-0.830866	-0.616951	-0.382214	-0.13608	0.121537	0.355898	0.533943	0.64794	0.696092	0.696092	
-0.745208	-0.826798	-0.869479	-0.864116	-0.807458	-0.715437	-0.593787	-0.444712	-0.269188	-0.0712665	0.150312	0.386328	0.611333	0.818105	0.993504	1.12921	1.19847	1.20192	1.17005	1.11328	1.0332	0.944729	0.873567	0.803523	0.712966	0.602904	0.476064	0.324507	0.132598	-0.0954266	-0.344717	-0.599283	-0.842977	-1.05523	-1.22076	-1.32902	-1.35451	-1.28294	-1.12475	-0.915765	-0.697852	-0.484534	-0.27132	-0.0375967	0.213113	0.434971	0.613248	0.744053	0.806104	0.806104	
-0.607114	-0.717845	-0.789974	-0.812723	-0.788694	-0.73154	-0.639247	-0.505869	-0.341476	-0.150314	0.0783147	0.320616	0.557913	0.77639	0.956328	1.08291	1.13662	1.13424	1.09375	1.03272	0.954508	0.870925	0.808066	0.745785	0.660957	0.538857	0.381013	0.197927	-0.0145086	-0.24887	-0.486965	-0.714827	-0.930279	-1.11178	-1.23273	-1.29529	-1.28294	-1.17593	-0.992718	-0.766158	-0.540199	-0.345731	-0.157298	0.0564882	0.277239	0.4744	0.635274	0.754407	0.822094	0.822094	
-0.445136	-0.566129	-0.653586	-0.700877	-0.717395	-0.70486	-0.648394	-0.533133	-0.379853	-0.192727	0.0280647	0.263567	0.500585	0.719149	0.895512	1.00593	1.0494	1.0369	0.979177	0.902788	0.825	0.757826	0.703263	0.643561	0.559184	0.431262	0.255734	0.053305	-0.161124	-0.382294	-0.594543	-0.796499	-0.982144	-1.11866	-1.18646	-1.18699	-1.12475	-0.992718	-0.796928	-0.577174	-0.375647	-0.207828	-0.0449276	0.132605	0.304824	0.46591	0.605304	0.708659	0.773533	0.773533	
-0.283777	-0.395203	-0.488672	-0.558944	-0.605324	-0.625293	-0.597009	-0.510846	-0.374185	-0.200454	-0.00577356	0.201935	0.418996	0.623655	0.783027	0.878978	0.920847	0.907454	0.842765	0.757772	0.68436	0.633876	0.581638	0.514129	0.42242	0.287435	0.1038	-0.108257	-0.312296	-0.499209	-0.676411	-0.843396	-0.980177	-1.06218	-1.077	-1.02112	-0.915765	-0.766158	-0.577174	-0.387602	-0.212598	-0.0613609	0.0634409	0.187538	0.310991	0.423838	0.529013	0.622056	0.684403	0.684403	
-0.127711	-0.225922	-0.316324	-0.397062	-0.459679	-0.490397	-0.478488	-0.428314	-0.327733	-0.187291	-0.0323352	0.129906	0.310358	0.482629	0.615921	0.701764	0.75067	0.754316	0.703658	0.628436	0.55795	0.503947	0.436166	0.346418	0.240494	0.100845	-0.0752513	-0.273804	-0.447594	-0.585558	-0.717411	-0.829212	-0.903557	-0.937548	-0.915719	-0.830866	-0.697852	-0.540199	-0.375647	-0.212598	-0.0566226	0.0740064	0.166107	0.238623	0.308218	0.372444	0.438888	0.507028	0.550984	0.550984	
0.026026	-0.0668881	-0.143571	-0.213403	-0.276764	-0.309074	-0.307933	-0.287937	-0.238938	-0.150303	-0.0491494	0.0601018	0.186159	0.310418	0.413058	0.492387	0.554078	0.582644	0.56508	0.510987	0.440806	0.360983	0.261214	0.143058	0.0163398	-0.120776	-0.275086	-0.431568	-0.555037	-0.639254	-0.706305	-0.749766	-0.762941	-0.756791	-0.713523	-0.616951	-0.484534	-0.345731	-0.207828	-0.0613609	0.0740064	0.179932	0.256486	0.294568	0.305584	0.319105	0.347851	0.379097	0.393813	0.393813	
0.177268	0.105624	0.0397698	-0.0154973	-0.0622642	-0.0907479	-0.102829	-0.111604	-0.112613	-0.0886892	-0.0533019	-0.00443275	0.053373	0.123035	0.196717	0.274374	0.348439	0.398918	0.418853	0.389942	0.321467	0.213949	0.0813059	-0.0625311	-0.21338	-0.353704	-0.484917	-0.588481	-0.652995	-0.677877	-0.667065	-0.636743	-0.589541	-0.539969	-0.477581	-0.382214	-0.27132	-0.157298	-0.0449276	0.0634409	0.166107	0.256486	0.317776	0.321863	0.286444	0.261068	0.255627	0.257751	0.261373	0.261373	
0.32627	0.290704	0.236441	0.189762	0.155551	0.128095	0.096292	0.0556226	0.00971075	-0.0364517	-0.0664076	-0.0783606	-0.0805632	-0.0565652	0.0019916	0.0848287	0.167215	0.232086	0.274992	0.266633	0.197724	0.0734176	-0.0834517	-0.248183	-0.420395	-0.5762	-0.689552	-0.74796	-0.755779	-0.719127	-0.63474	-0.527463	-0.421438	-0.32178	-0.229577	-0.13608	-0.0375967	0.0564882	0.132605	0.187538	0.238623	0.294568	0.321863	0.291646	0.238421	0.202911	0.179281	0.162354	0.158192	0.158192	
0.463518	0.456724	0.428089	0.390716	0.35712	0.31876	0.260367	0.187218	0.0984847	-0.00827156	-0.0927376	-0.153284	-0.193604	-0.198074	-0.146133	-0.0593543	0.0219712	0.0931255	0.140472	0.141815	0.0742853	-0.0569063	-0.222999	-0.403457	-0.59093	-0.761544	-0.86866	-0.898964	-0.867061	-0.779938	-0.631273	-0.449895	-0.281272	-0.122314	0.0158914	0.121537	0.213113	0.277239	0.304824	0.310991	0.308218	0.305584	0.286444	0.238421	0.183083	0.139997	0.110318	0.0860584	0.0673657	0.0673657	
0.587833	0.60435	0.598575	0.5679	0.532468	0.47404	0.382171	0.273941	0.147596	0.00501255	-0.117879	-0.20857	-0.26899	-0.287687	-0.246168	-0.168428	-0.0935299	-0.0224466	0.0216389	0.0239622	-0.0409965	-0.17348	-0.342095	-0.535779	-0.729906	-0.901495	-1.00553	-1.01954	-0.96612	-0.841973	-0.644844	-0.4096	-0.176108	0.044678	0.230673	0.355898	0.434971	0.4744	0.46591	0.423838	0.372444	0.319105	0.261068	0.202911	0.139997	0.0760799	0.0331866	0.00429011	-0.0211263	-0.0211263	
0.698685	0.736946	0.745827	0.718941	0.667745	0.580164	0.457218	0.317772	0.164857	0.0108411	-0.131015	-0.236815	-0.308304	-0.335963	-0.313259	-0.258986	-0.187499	-0.119915	-0.0760834	-0.0756828	-0.14155	-0.269701	-0.446102	-0.648226	-0.838949	-0.995995	-1.08446	-1.08964	-1.02415	-0.878473	-0.662895	-0.402477	-0.118675	0.15229	0.378215	0.533943	0.613248	0.635274	0.605304	0.529013	0.438888	0.347851	0.255627	0.179281	0.110318	0.0331866	-0.0343494	-0.0850074	-0.119979	-0.119979	
0.797788	0.84854	0.866162	0.839511	0.759068	0.638436	0.493758	0.333056	0.167411	0.0130781	-0.132008	-0.250349	-0.32999	-0.367458	-0.3699	-0.338409	-0.269217	-0.198118	-0.148577	-0.147453	-0.209617	-0.333102	-0.516993	-0.72352	-0.909874	-1.04477	-1.11425	-1.11801	-1.04462	-0.894701	-0.683791	-0.416231	-0.106588	0.198074	0.457767	0.64794	0.744053	0.754407	0.708659	0.622056	0.507028	0.379097	0.257751	0.162354	0.0860584	0.00429011	-0.0850074	-0.160095	-0.201826	-0.201826	
0.871298	0.924191	0.937772	0.905135	0.80623	0.664527	0.506147	0.332279	0.164002	0.0110982	-0.131199	-0.261423	-0.345484	-0.389734	-0.41089	-0.388383	-0.322345	-0.240613	-0.185211	-0.181789	-0.235966	-0.361096	-0.54694	-0.758351	-0.945661	-1.06327	-1.1237	-1.1272	-1.04753	-0.899962	-0.696009	-0.428549	-0.112473	0.209293	0.489979	0.696092	0.806104	0.822094	0.773533	0.684403	0.550984	0.393813	0.261373	0.158192	0.0673657	-0.0211263	-0.119979	-0.201826	-0.234147	-0.234147	
0.871298	0.924191	0.937772	0.905135	0.80623	0.664527	0.506147	0.332279	0.164002	0.0110982	-0.131199	-0.261423	-0.345484	-0.389734	-0.41089	-0.388383	-0.322345	-0.240613	-0.185211	-0.181789	-0.235966	-0.361096	-0.54694	-0.758351	-0.945661	-1.06327	-1.1237	-1.1272	-1.04753	-0.899962	-0.696009	-0.428549	-0.112473	0.209293	0.489979	0.696092	0.806104	0.822094	0.773533	0.684403	0.550984	0.393813	0.261373	0.158192	0.0673657	-0.0211263	-0.119979	-0.201826	-0.234147	-0.234147	
