0.310144	0.215918	0.111391	0.015747	-0.0776748	-0.168288	-0.260085	-0.33174	-0.384564	-0.429688	-0.456241	-0.456499	-0.449392	-0.436054	-0.411565	-0.3871	-0.371928	-0.374824	-0.384688	-0.423512	-0.483955	-0.560609	-0.637194	-0.701442	-0.736125	-0.733252	-0.690353	-0.616201	-0.521352	-0.415795	-0.310404	-0.20872	-0.117847	-0.0291261	0.0427844	0.0888678	0.124381	0.172842	0.231826	0.274576	0.303939	0.336737	0.376866	0.422033	0.467414	0.517376	0.562809	0.597554	0.619484	0.619484	
0.215918	0.152045	0.0951108	0.0438114	-0.018131	-0.0895591	-0.166979	-0.235878	-0.285204	-0.318489	-0.328283	-0.324043	-0.314077	-0.312991	-0.307891	-0.299306	-0.293506	-0.296166	-0.308021	-0.342803	-0.400199	-0.470222	-0.546404	-0.614723	-0.659202	-0.678008	-0.662804	-0.617355	-0.555175	-0.474396	-0.386505	-0.293791	-0.204173	-0.11586	-0.0412896	0.00553914	0.043291	0.0864109	0.142724	0.195595	0.24593	0.30097	0.350315	0.4033	0.464767	0.532326	0.591739	0.639922	0.672677	0.672677	
0.111391	0.0951108	0.090099	0.0771923	0.0431142	-0.00706851	-0.0674255	-0.129677	-0.176441	-0.202236	-0.211767	-0.205302	-0.192513	-0.193536	-0.198395	-0.197549	-0.193772	-0.195306	-0.206308	-0.233702	-0.28072	-0.341226	-0.408135	-0.473214	-0.522963	-0.559867	-0.573703	-0.564495	-0.539397	-0.489366	-0.424083	-0.345811	-0.266379	-0.189434	-0.119204	-0.0724505	-0.0348907	0.00159467	0.040224	0.090159	0.154221	0.226767	0.291155	0.350846	0.421456	0.495956	0.558347	0.612615	0.650365	0.650365	
0.015747	0.0438114	0.0771923	0.0964062	0.0928025	0.0675504	0.0287838	-0.0244919	-0.0697432	-0.0985921	-0.115505	-0.11146	-0.10109	-0.101339	-0.110143	-0.114063	-0.10813	-0.101663	-0.097892	-0.105376	-0.13139	-0.174884	-0.232505	-0.291892	-0.351613	-0.40504	-0.446024	-0.469196	-0.473669	-0.451337	-0.406325	-0.353085	-0.294298	-0.237552	-0.183302	-0.13785	-0.101221	-0.0744494	-0.0528569	-0.0185632	0.0446594	0.125782	0.201415	0.2686	0.339591	0.4117	0.46735	0.515778	0.546441	0.546441	
-0.0776748	-0.018131	0.0431142	0.0928025	0.117096	0.111963	0.086509	0.0427655	0.00273998	-0.0275216	-0.0529562	-0.0581995	-0.0581685	-0.0618412	-0.0648334	-0.0589392	-0.0396289	-0.0120462	0.0188152	0.0362048	0.0327611	0.0109544	-0.0315546	-0.0866109	-0.153058	-0.221808	-0.290747	-0.343057	-0.372498	-0.375408	-0.354254	-0.329005	-0.294019	-0.261109	-0.224196	-0.187885	-0.159425	-0.140188	-0.133301	-0.113381	-0.0620437	0.0151351	0.0965728	0.168696	0.235302	0.298215	0.343821	0.370745	0.384344	0.384344	
-0.168288	-0.0895591	-0.00706851	0.0675504	0.111963	0.119772	0.104235	0.0697467	0.0314735	-0.00205108	-0.0349831	-0.0527663	-0.0697262	-0.0702074	-0.0552777	-0.0292662	0.0131797	0.0720649	0.131361	0.174842	0.196208	0.196883	0.16816	0.116315	0.0463043	-0.0369251	-0.124897	-0.199021	-0.245765	-0.272536	-0.28244	-0.287512	-0.280859	-0.272071	-0.254728	-0.233727	-0.214572	-0.199762	-0.194992	-0.17933	-0.145563	-0.0828794	-0.00582427	0.061189	0.122592	0.177009	0.212185	0.222869	0.216156	0.216156	
-0.260085	-0.166979	-0.0674255	0.0287838	0.086509	0.104235	0.0910478	0.0565251	0.0194639	-0.011934	-0.0477028	-0.0798227	-0.110839	-0.111547	-0.0801373	-0.0333302	0.0356231	0.125864	0.214303	0.284485	0.33155	0.351397	0.334066	0.28472	0.219247	0.131736	0.0357508	-0.0407896	-0.0995737	-0.146673	-0.187992	-0.226105	-0.249285	-0.270865	-0.280523	-0.279388	-0.274033	-0.260671	-0.244909	-0.224558	-0.197095	-0.149384	-0.0859235	-0.0278626	0.0211289	0.0667732	0.0965919	0.0989703	0.0854881	0.0854881	
-0.33174	-0.235878	-0.129677	-0.0244919	0.0427655	0.0697467	0.0565251	0.0218663	-0.0142301	-0.0486013	-0.0900691	-0.135084	-0.175548	-0.17504	-0.138831	-0.0783933	0.0117218	0.12187	0.23564	0.334023	0.410132	0.449433	0.445368	0.409315	0.353238	0.2733	0.18753	0.116179	0.0562309	-0.0072455	-0.0751151	-0.136861	-0.192258	-0.24532	-0.285306	-0.30863	-0.318172	-0.309256	-0.283299	-0.252605	-0.222333	-0.182396	-0.13295	-0.0876305	-0.0524474	-0.0175593	0.00995512	0.0160616	0.0105969	0.0105969	
-0.384564	-0.285204	-0.176441	-0.0697432	0.00273998	0.0314735	0.0194639	-0.0142301	-0.0574625	-0.10979	-0.167872	-0.227287	-0.270433	-0.276929	-0.238267	-0.166739	-0.0646972	0.0577288	0.188963	0.313731	0.414666	0.477466	0.494688	0.478126	0.437521	0.375137	0.30762	0.251066	0.192116	0.12306	0.0445684	-0.0306277	-0.105775	-0.186224	-0.249848	-0.295769	-0.318997	-0.317455	-0.290185	-0.25201	-0.22016	-0.185897	-0.149572	-0.118868	-0.0929116	-0.0636063	-0.0357787	-0.0146765	-0.00585069	-0.00585069	
-0.429688	-0.318489	-0.202236	-0.0985921	-0.0275216	-0.00205108	-0.011934	-0.0486013	-0.10979	-0.18718	-0.267068	-0.341186	-0.398692	-0.416796	-0.382969	-0.305453	-0.19681	-0.0640316	0.0826386	0.223924	0.343258	0.428172	0.469607	0.474979	0.457715	0.425142	0.388571	0.349932	0.298361	0.231106	0.154027	0.0763148	-0.00763652	-0.0999164	-0.179012	-0.236944	-0.27136	-0.276234	-0.25063	-0.211914	-0.180742	-0.15193	-0.125554	-0.105214	-0.0830959	-0.0570717	-0.0296436	-0.00305745	0.0138047	0.0138047	
-0.456241	-0.328283	-0.211767	-0.115505	-0.0529562	-0.0349831	-0.0477028	-0.0900691	-0.167872	-0.267068	-0.369508	-0.468247	-0.548707	-0.578697	-0.552334	-0.481358	-0.372227	-0.234056	-0.0829165	0.061579	0.196953	0.305668	0.373618	0.40899	0.420683	0.427344	0.422968	0.401387	0.363416	0.306724	0.241866	0.173012	0.0940207	0.00366016	-0.0778014	-0.139418	-0.180213	-0.188253	-0.163572	-0.130363	-0.10208	-0.0790043	-0.0596249	-0.0419092	-0.0241387	0.000869919	0.0232284	0.0405729	0.0541317	0.0541317	
-0.456499	-0.324043	-0.205302	-0.11146	-0.0581995	-0.0527663	-0.0798227	-0.135084	-0.227287	-0.341186	-0.468247	-0.59745	-0.696225	-0.742432	-0.73433	-0.67663	-0.568074	-0.424186	-0.272507	-0.1258	0.0209463	0.144966	0.231747	0.290739	0.334435	0.374878	0.396338	0.395094	0.37645	0.341206	0.300493	0.254084	0.196218	0.128996	0.0637288	0.00901468	-0.0323371	-0.0501148	-0.0385555	-0.0196243	-0.00541155	0.012369	0.0317941	0.0465791	0.0636884	0.0841412	0.0944852	0.100804	0.101412	0.101412	
-0.449392	-0.314077	-0.192513	-0.10109	-0.0581685	-0.0697262	-0.110839	-0.175548	-0.270433	-0.398692	-0.548707	-0.696225	-0.814034	-0.880978	-0.895536	-0.856094	-0.758159	-0.621012	-0.475262	-0.323538	-0.166608	-0.0320137	0.0723098	0.155845	0.228906	0.292745	0.33704	0.360956	0.373286	0.370707	0.360646	0.340141	0.308294	0.269267	0.22934	0.191273	0.148541	0.117531	0.102806	0.09555	0.0907825	0.0984939	0.113468	0.12578	0.137074	0.148056	0.154954	0.152031	0.151672	0.151672	
-0.436054	-0.312991	-0.193536	-0.101339	-0.0618412	-0.0702074	-0.111547	-0.17504	-0.276929	-0.416796	-0.578697	-0.742432	-0.880978	-0.973046	-1.008	-0.990969	-0.917286	-0.799503	-0.660526	-0.506231	-0.344936	-0.205161	-0.0825314	0.026291	0.124491	0.206798	0.273555	0.329032	0.376046	0.415193	0.437076	0.445105	0.438397	0.426913	0.40862	0.381629	0.335705	0.278837	0.234248	0.195636	0.173405	0.168787	0.174054	0.177479	0.172408	0.167289	0.158485	0.155052	0.153918	0.153918	
-0.411565	-0.307891	-0.198395	-0.110143	-0.0648334	-0.0552777	-0.0801373	-0.138831	-0.238267	-0.382969	-0.552334	-0.73433	-0.895536	-1.008	-1.06216	-1.07118	-1.02772	-0.929827	-0.797015	-0.643611	-0.487532	-0.34278	-0.204664	-0.077621	0.0400784	0.141829	0.229914	0.314401	0.397921	0.473825	0.528782	0.564523	0.582426	0.590683	0.585498	0.560162	0.507499	0.432219	0.355954	0.289933	0.240366	0.207384	0.185165	0.164327	0.136001	0.107201	0.0870283	0.0784704	0.0803562	0.0803562	
-0.3871	-0.299306	-0.197549	-0.114063	-0.0589392	-0.0292662	-0.0333302	-0.0783933	-0.166739	-0.305453	-0.481358	-0.67663	-0.856094	-0.990969	-1.07118	-1.10457	-1.07547	-0.980215	-0.846116	-0.697253	-0.54954	-0.407374	-0.270869	-0.139107	-0.00822801	0.109545	0.216469	0.323061	0.431443	0.537602	0.621245	0.684708	0.729812	0.751652	0.74648	0.71256	0.649921	0.561084	0.462225	0.366953	0.279553	0.20293	0.138208	0.0791863	0.0210151	-0.0321389	-0.0688354	-0.0869079	-0.0941161	-0.0941161	
-0.371928	-0.293506	-0.193772	-0.10813	-0.0396289	0.0131797	0.0356231	0.0117218	-0.0646972	-0.19681	-0.372227	-0.568074	-0.758159	-0.917286	-1.02772	-1.07547	-1.04513	-0.944594	-0.8073	-0.660359	-0.519714	-0.38866	-0.268086	-0.145733	-0.0157053	0.109393	0.228045	0.350737	0.477897	0.604198	0.711097	0.797393	0.862259	0.889075	0.873932	0.822694	0.746818	0.648317	0.53167	0.404554	0.274213	0.149153	0.0377128	-0.0639787	-0.157884	-0.234182	-0.288061	-0.325202	-0.35017	-0.35017	
-0.374824	-0.296166	-0.195306	-0.101663	-0.0120462	0.0720649	0.125864	0.12187	0.0577288	-0.0640316	-0.234056	-0.424186	-0.621012	-0.799503	-0.929827	-0.980215	-0.944594	-0.842789	-0.703471	-0.556438	-0.423699	-0.307123	-0.204024	-0.0983558	0.0146651	0.137945	0.264805	0.402355	0.54754	0.685719	0.806713	0.900457	0.96973	0.990273	0.963787	0.894747	0.801378	0.691923	0.550721	0.387089	0.212152	0.04223	-0.111409	-0.253362	-0.3807	-0.475964	-0.540875	-0.595698	-0.635773	-0.635773	
-0.384688	-0.308021	-0.206308	-0.097892	0.0188152	0.131361	0.214303	0.23564	0.188963	0.0826386	-0.0829165	-0.272507	-0.475262	-0.660526	-0.797015	-0.846116	-0.8073	-0.703471	-0.559905	-0.415987	-0.291835	-0.185542	-0.0981795	-0.0150575	0.073302	0.184571	0.319015	0.47203	0.632109	0.780263	0.908212	0.99563	1.05344	1.06639	1.02851	0.944711	0.833602	0.700476	0.52921	0.329417	0.113904	-0.0902874	-0.277817	-0.457369	-0.611976	-0.728707	-0.811188	-0.876593	-0.928592	-0.928592	
-0.423512	-0.342803	-0.233702	-0.105376	0.0362048	0.174842	0.284485	0.334023	0.313731	0.223924	0.061579	-0.1258	-0.323538	-0.506231	-0.643611	-0.697253	-0.660359	-0.556438	-0.415987	-0.275041	-0.152167	-0.0478516	0.0356443	0.101388	0.168064	0.266719	0.398409	0.554604	0.720124	0.876859	1.00484	1.08059	1.1234	1.11972	1.06948	0.968941	0.831031	0.672289	0.472261	0.243483	0.00498048	-0.226276	-0.442105	-0.642367	-0.817245	-0.950738	-1.04554	-1.12049	-1.16914	-1.16914	
-0.483955	-0.400199	-0.28072	-0.13139	0.0327611	0.196208	0.33155	0.410132	0.414666	0.343258	0.196953	0.0209463	-0.166608	-0.344936	-0.487532	-0.54954	-0.519714	-0.423699	-0.291835	-0.152167	-0.0261678	0.0802337	0.166632	0.23263	0.298418	0.391335	0.511131	0.6516	0.806027	0.95392	1.07272	1.13809	1.16399	1.1494	1.08469	0.964502	0.805567	0.620881	0.403487	0.162445	-0.0897047	-0.33847	-0.572094	-0.7825	-0.961415	-1.10235	-1.20794	-1.28117	-1.32408	-1.32408	
-0.560609	-0.470222	-0.341226	-0.174884	0.0109544	0.196883	0.351397	0.449433	0.477466	0.428172	0.305668	0.144966	-0.0320137	-0.205161	-0.34278	-0.407374	-0.38866	-0.307123	-0.185542	-0.0478516	0.0802337	0.190796	0.28795	0.371548	0.452798	0.54154	0.641454	0.755439	0.880544	1.0078	1.11179	1.16773	1.18595	1.16234	1.08305	0.945405	0.766421	0.564663	0.340887	0.099834	-0.152993	-0.405666	-0.642906	-0.851809	-1.02527	-1.16631	-1.27234	-1.3408	-1.37655	-1.37655	
-0.637194	-0.546404	-0.408135	-0.232505	-0.0315546	0.16816	0.334066	0.445368	0.494688	0.469607	0.373618	0.231747	0.0723098	-0.0825314	-0.204664	-0.270869	-0.268086	-0.204024	-0.0981795	0.0356443	0.166632	0.28795	0.406354	0.512037	0.607317	0.692833	0.778078	0.867002	0.962221	1.0633	1.14162	1.18298	1.18814	1.15225	1.06231	0.913604	0.724194	0.517106	0.294519	0.0600446	-0.179506	-0.41865	-0.642293	-0.838134	-1.00385	-1.13811	-1.23295	-1.2946	-1.32146	-1.32146	
-0.701442	-0.614723	-0.473214	-0.291892	-0.0866109	0.116315	0.28472	0.409315	0.478126	0.474979	0.40899	0.290739	0.155845	0.026291	-0.077621	-0.139107	-0.145733	-0.0983558	-0.0150575	0.101388	0.23263	0.371548	0.512037	0.637649	0.743648	0.833792	0.914228	0.988095	1.05874	1.12744	1.17354	1.18831	1.17065	1.12115	1.02258	0.871284	0.685513	0.47703	0.260015	0.0393311	-0.174828	-0.379025	-0.56844	-0.740275	-0.891913	-1.0153	-1.10208	-1.15163	-1.17488	-1.17488	
-0.736125	-0.659202	-0.522963	-0.351613	-0.153058	0.0463043	0.219247	0.353238	0.437521	0.457715	0.420683	0.334435	0.228906	0.124491	0.0400784	-0.00822801	-0.0157053	0.0146651	0.073302	0.168064	0.298418	0.452798	0.607317	0.743648	0.8597	0.958636	1.04345	1.11079	1.1632	1.1997	1.20903	1.18878	1.14073	1.0681	0.958364	0.813823	0.639174	0.442509	0.238087	0.0414982	-0.137862	-0.301211	-0.448112	-0.583513	-0.707876	-0.816643	-0.890262	-0.931246	-0.947127	-0.947127	
-0.733252	-0.678008	-0.559867	-0.40504	-0.221808	-0.0369251	0.131736	0.2733	0.375137	0.425142	0.427344	0.374878	0.292745	0.206798	0.141829	0.109545	0.109393	0.137945	0.184571	0.266719	0.391335	0.54154	0.692833	0.833792	0.958636	1.07049	1.16332	1.2259	1.25985	1.26385	1.23608	1.18325	1.10426	1.0024	0.878682	0.739654	0.581211	0.404965	0.228567	0.0689516	-0.0706263	-0.195822	-0.302054	-0.39133	-0.47839	-0.565996	-0.629948	-0.667352	-0.678822	-0.678822	
-0.690353	-0.662804	-0.573703	-0.446024	-0.290747	-0.124897	0.0357508	0.18753	0.30762	0.388571	0.422968	0.396338	0.33704	0.273555	0.229914	0.216469	0.228045	0.264805	0.319015	0.398409	0.511131	0.641454	0.778078	0.914228	1.04345	1.16332	1.25753	1.31258	1.32803	1.30231	1.24626	1.16897	1.06098	0.932945	0.791301	0.652893	0.512515	0.364105	0.232007	0.120144	0.0214567	-0.071679	-0.143123	-0.191533	-0.240104	-0.300422	-0.357294	-0.389985	-0.404095	-0.404095	
-0.616201	-0.617355	-0.564495	-0.469196	-0.343057	-0.199021	-0.0407896	0.116179	0.251066	0.349932	0.401387	0.395094	0.360956	0.329032	0.314401	0.323061	0.350737	0.402355	0.47203	0.554604	0.6516	0.755439	0.867002	0.988095	1.11079	1.2259	1.31258	1.35428	1.35446	1.30697	1.23051	1.13124	1.00074	0.851067	0.695273	0.558662	0.433873	0.322052	0.236674	0.17403	0.11647	0.0571887	0.0143976	-0.00385044	-0.0211903	-0.0545687	-0.0889245	-0.118677	-0.131214	-0.131214	
-0.521352	-0.555175	-0.539397	-0.473669	-0.372498	-0.245765	-0.0995737	0.0562309	0.192116	0.298361	0.363416	0.37645	0.373286	0.376046	0.397921	0.431443	0.477897	0.54754	0.632109	0.720124	0.806027	0.880544	0.962221	1.05874	1.1632	1.25985	1.32803	1.35446	1.33782	1.27768	1.18029	1.0606	0.91218	0.750152	0.591382	0.461596	0.358735	0.278244	0.232605	0.208038	0.190739	0.170058	0.155967	0.156182	0.159618	0.156979	0.148518	0.137602	0.127805	0.127805	
-0.415795	-0.474396	-0.489366	-0.451337	-0.375408	-0.272536	-0.146673	-0.0072455	0.12306	0.231106	0.306724	0.341206	0.370707	0.415193	0.473825	0.537602	0.604198	0.685719	0.780263	0.876859	0.95392	1.0078	1.0633	1.12744	1.1997	1.26385	1.30231	1.30697	1.27768	1.20427	1.09388	0.961537	0.802445	0.639656	0.490058	0.376616	0.297201	0.243187	0.220903	0.222103	0.238289	0.252155	0.262869	0.277381	0.295736	0.319275	0.340808	0.35138	0.354526	0.354526	
-0.310404	-0.386505	-0.424083	-0.406325	-0.354254	-0.28244	-0.187992	-0.0751151	0.0445684	0.154027	0.241866	0.300493	0.360646	0.437076	0.528782	0.621245	0.711097	0.806713	0.908212	1.00484	1.07272	1.11179	1.14162	1.17354	1.20903	1.23608	1.24626	1.23051	1.18029	1.09388	0.97549	0.835889	0.680014	0.527343	0.397887	0.308826	0.250784	0.214573	0.206317	0.223525	0.25998	0.299048	0.330678	0.361552	0.398593	0.439137	0.478493	0.506532	0.521738	0.521738	
-0.20872	-0.293791	-0.345811	-0.353085	-0.329005	-0.287512	-0.226105	-0.136861	-0.0306277	0.0763148	0.173012	0.254084	0.340141	0.445105	0.564523	0.684708	0.797393	0.900457	0.99563	1.08059	1.13809	1.16773	1.18298	1.18831	1.18878	1.18325	1.16897	1.13124	1.0606	0.961537	0.835889	0.696989	0.548787	0.412726	0.309194	0.242376	0.203483	0.185558	0.189892	0.218008	0.264441	0.314178	0.363475	0.414347	0.471451	0.525074	0.570644	0.607244	0.629981	0.629981	
-0.117847	-0.204173	-0.266379	-0.294298	-0.294019	-0.280859	-0.249285	-0.192258	-0.105775	-0.00763652	0.0940207	0.196218	0.308294	0.438397	0.582426	0.729812	0.862259	0.96973	1.05344	1.1234	1.16399	1.18595	1.18814	1.17065	1.14073	1.10426	1.06098	1.00074	0.91218	0.802445	0.680014	0.548787	0.420692	0.30958	0.23087	0.180608	0.155686	0.151543	0.163894	0.196543	0.247116	0.307796	0.37422	0.446932	0.520866	0.582872	0.629172	0.662944	0.686145	0.686145	
-0.0291261	-0.11586	-0.189434	-0.237552	-0.261109	-0.272071	-0.270865	-0.24532	-0.186224	-0.0999164	0.00366016	0.128996	0.269267	0.426913	0.590683	0.751652	0.889075	0.990273	1.06639	1.11972	1.1494	1.16234	1.15225	1.12115	1.0681	1.0024	0.932945	0.851067	0.750152	0.639656	0.527343	0.412726	0.30958	0.223841	0.163314	0.127069	0.113901	0.119783	0.134147	0.166918	0.221051	0.2931	0.37339	0.454615	0.537973	0.604567	0.651155	0.684992	0.703958	0.703958	
0.0427844	-0.0412896	-0.119204	-0.183302	-0.224196	-0.254728	-0.280523	-0.285306	-0.249848	-0.179012	-0.0778014	0.0637288	0.22934	0.40862	0.585498	0.74648	0.873932	0.963787	1.02851	1.06948	1.08469	1.08305	1.06231	1.02258	0.958364	0.878682	0.791301	0.695273	0.591382	0.490058	0.397887	0.309194	0.23087	0.163314	0.116127	0.086059	0.0771359	0.0856813	0.0985277	0.135161	0.20141	0.285017	0.370449	0.45223	0.530234	0.594218	0.640114	0.669657	0.688082	0.688082	
0.0888678	0.00553914	-0.0724505	-0.13785	-0.187885	-0.233727	-0.279388	-0.30863	-0.295769	-0.236944	-0.139418	0.00901468	0.191273	0.381629	0.560162	0.71256	0.822694	0.894747	0.944711	0.968941	0.964502	0.945405	0.913604	0.871284	0.813823	0.739654	0.652893	0.558662	0.461596	0.376616	0.308826	0.242376	0.180608	0.127069	0.086059	0.0562905	0.0449097	0.0473391	0.0646736	0.112701	0.189037	0.275895	0.356191	0.431954	0.50451	0.564718	0.606659	0.639998	0.659456	0.659456	
0.124381	0.043291	-0.0348907	-0.101221	-0.159425	-0.214572	-0.274033	-0.318172	-0.318997	-0.27136	-0.180213	-0.0323371	0.148541	0.335705	0.507499	0.649921	0.746818	0.801378	0.833602	0.831031	0.805567	0.766421	0.724194	0.685513	0.639174	0.581211	0.512515	0.433873	0.358735	0.297201	0.250784	0.203483	0.155686	0.113901	0.0771359	0.0449097	0.0234271	0.0230341	0.0481851	0.106347	0.183658	0.258468	0.325732	0.396624	0.467698	0.524837	0.566327	0.601455	0.625911	0.625911	
0.172842	0.0864109	0.00159467	-0.0744494	-0.140188	-0.199762	-0.260671	-0.309256	-0.317455	-0.276234	-0.188253	-0.0501148	0.117531	0.278837	0.432219	0.561084	0.648317	0.691923	0.700476	0.672289	0.620881	0.564663	0.517106	0.47703	0.442509	0.404965	0.364105	0.322052	0.278244	0.243187	0.214573	0.185558	0.151543	0.119783	0.0856813	0.0473391	0.0230341	0.0214663	0.0524519	0.109791	0.175658	0.234286	0.289872	0.359686	0.430188	0.486945	0.525206	0.559089	0.584173	0.584173	
0.231826	0.142724	0.040224	-0.0528569	-0.133301	-0.194992	-0.244909	-0.283299	-0.290185	-0.25063	-0.163572	-0.0385555	0.102806	0.234248	0.355954	0.462225	0.53167	0.550721	0.52921	0.472261	0.403487	0.340887	0.294519	0.260015	0.238087	0.228567	0.232007	0.236674	0.232605	0.220903	0.206317	0.189892	0.163894	0.134147	0.0985277	0.0646736	0.0481851	0.0524519	0.0806929	0.122307	0.16742	0.21025	0.257071	0.322019	0.389912	0.444722	0.480376	0.51257	0.535019	0.535019	
0.274576	0.195595	0.090159	-0.0185632	-0.113381	-0.17933	-0.224558	-0.252605	-0.25201	-0.211914	-0.130363	-0.0196243	0.09555	0.195636	0.289933	0.366953	0.404554	0.387089	0.329417	0.243483	0.162445	0.099834	0.0600446	0.0393311	0.0414982	0.0689516	0.120144	0.17403	0.208038	0.222103	0.223525	0.218008	0.196543	0.166918	0.135161	0.112701	0.106347	0.109791	0.122307	0.138577	0.161172	0.191231	0.23104	0.288028	0.346635	0.394509	0.426691	0.454146	0.475114	0.475114	
0.303939	0.24593	0.154221	0.0446594	-0.0620437	-0.145563	-0.197095	-0.222333	-0.22016	-0.180742	-0.10208	-0.00541155	0.0907825	0.173405	0.240366	0.279553	0.274213	0.212152	0.113904	0.00498048	-0.0897047	-0.152993	-0.179506	-0.174828	-0.137862	-0.0706263	0.0214567	0.11647	0.190739	0.238289	0.25998	0.264441	0.247116	0.221051	0.20141	0.189037	0.183658	0.175658	0.16742	0.161172	0.163468	0.180433	0.210583	0.254779	0.300911	0.339883	0.367035	0.394329	0.415301	0.415301	
0.336737	0.30097	0.226767	0.125782	0.0151351	-0.0828794	-0.149384	-0.182396	-0.185897	-0.15193	-0.0790043	0.012369	0.0984939	0.168787	0.207384	0.20293	0.149153	0.04223	-0.0902874	-0.226276	-0.33847	-0.405666	-0.41865	-0.379025	-0.301211	-0.195822	-0.071679	0.0571887	0.170058	0.252155	0.299048	0.314178	0.307796	0.2931	0.285017	0.275895	0.258468	0.234286	0.21025	0.191231	0.180433	0.185194	0.202832	0.231246	0.262415	0.289679	0.310611	0.335028	0.355349	0.355349	
0.376866	0.350315	0.291155	0.201415	0.0965728	-0.00582427	-0.0859235	-0.13295	-0.149572	-0.125554	-0.0596249	0.0317941	0.113468	0.174054	0.185165	0.138208	0.0377128	-0.111409	-0.277817	-0.442105	-0.572094	-0.642906	-0.642293	-0.56844	-0.448112	-0.302054	-0.143123	0.0143976	0.155967	0.262869	0.330678	0.363475	0.37422	0.37339	0.370449	0.356191	0.325732	0.289872	0.257071	0.23104	0.210583	0.202832	0.205558	0.214366	0.228438	0.243704	0.25753	0.27501	0.29001	0.29001	
0.422033	0.4033	0.350846	0.2686	0.168696	0.061189	-0.0278626	-0.0876305	-0.118868	-0.105214	-0.0419092	0.0465791	0.12578	0.177479	0.164327	0.0791863	-0.0639787	-0.253362	-0.457369	-0.642367	-0.7825	-0.851809	-0.838134	-0.740275	-0.583513	-0.39133	-0.191533	-0.00385044	0.156182	0.277381	0.361552	0.414347	0.446932	0.454615	0.45223	0.431954	0.396624	0.359686	0.322019	0.288028	0.254779	0.231246	0.214366	0.199247	0.192	0.192976	0.19688	0.202402	0.206557	0.206557	
0.467414	0.464767	0.421456	0.339591	0.235302	0.122592	0.0211289	-0.0524474	-0.0929116	-0.0830959	-0.0241387	0.0636884	0.137074	0.172408	0.136001	0.0210151	-0.157884	-0.3807	-0.611976	-0.817245	-0.961415	-1.02527	-1.00385	-0.891913	-0.707876	-0.47839	-0.240104	-0.0211903	0.159618	0.295736	0.398593	0.471451	0.520866	0.537973	0.530234	0.50451	0.467698	0.430188	0.389912	0.346635	0.300911	0.262415	0.228438	0.192	0.162871	0.146127	0.13559	0.124764	0.115393	0.115393	
0.517376	0.532326	0.495956	0.4117	0.298215	0.177009	0.0667732	-0.0175593	-0.0636063	-0.0570717	0.000869919	0.0841412	0.148056	0.167289	0.107201	-0.0321389	-0.234182	-0.475964	-0.728707	-0.950738	-1.10235	-1.16631	-1.13811	-1.0153	-0.816643	-0.565996	-0.300422	-0.0545687	0.156979	0.319275	0.439137	0.525074	0.582872	0.604567	0.594218	0.564718	0.524837	0.486945	0.444722	0.394509	0.339883	0.289679	0.243704	0.192976	0.146127	0.111813	0.0879362	0.0627657	0.0426484	0.0426484	
0.562809	0.591739	0.558347	0.46735	0.343821	0.212185	0.0965919	0.00995512	-0.0357787	-0.0296436	0.0232284	0.0944852	0.154954	0.158485	0.0870283	-0.0688354	-0.288061	-0.540875	-0.811188	-1.04554	-1.20794	-1.27234	-1.23295	-1.10208	-0.890262	-0.629948	-0.357294	-0.0889245	0.148518	0.340808	0.478493	0.570644	0.629172	0.651155	0.640114	0.606659	0.566327	0.525206	0.480376	0.426691	0.367035	0.310611	0.25753	0.19688	0.13559	0.0879362	0.0547188	0.021544	-0.00513314	-0.00513314	
0.597554	0.639922	0.612615	0.515778	0.370745	0.222869	0.0989703	0.0160616	-0.0146765	-0.00305745	0.0405729	0.100804	0.152031	0.155052	0.0784704	-0.0869079	-0.325202	-0.595698	-0.876593	-1.12049	-1.28117	-1.3408	-1.2946	-1.15163	-0.931246	-0.667352	-0.389985	-0.118677	0.137602	0.35138	0.506532	0.607244	0.662944	0.684992	0.669657	0.639998	0.601455	0.559089	0.51257	0.454146	0.394329	0.335028	0.27501	0.202402	0.124764	0.0627657	0.021544	-0.018827	-0.0508854	-0.0508854	
0.619484	0.672677	0.650365	0.546441	0.384344	0.216156	0.0854881	0.0105969	-0.00585069	0.0138047	0.0541317	0.101412	0.151672	0.153918	0.0803562	-0.0941161	-0.35017	-0.635773	-0.928592	-1.16914	-1.32408	-1.37655	-1.32146	-1.17488	-0.947127	-0.678822	-0.404095	-0.131214	0.127805	0.354526	0.521738	0.629981	0.686145	0.703958	0.688082	0.659456	0.625911	0.584173	0.535019	0.475114	0.415301	0.355349	0.29001	0.206557	0.115393	0.0426484	-0.00513314	-0.0508854	-0.0870681	-0.0870681	
0.619484	0.672677	0.650365	0.546441	0.384344	0.216156	0.0854881	0.0105969	-0.00585069	0.0138047	0.0541317	0.101412	0.151672	0.153918	0.0803562	-0.0941161	-0.35017	-0.635773	-0.928592	-1.16914	-1.32408	-1.37655	-1.32146	-1.17488	-0.947127	-0.678822	-0.404095	-0.131214	0.127805	0.354526	0.521738	0.629981	0.686145	0.703958	0.688082	0.659456	0.625911	0.584173	0.535019	0.475114	0.415301	0.355349	0.29001	0.206557	0.115393	0.0426484	-0.00513314	-0.0508854	-0.0870681	-0.0870681	
