-0.160716	-0.10569	-0.0252367	0.0516364	0.134397	0.223497	0.296488	0.335046	0.349252	0.346307	0.329768	0.297806	0.243709	0.175739	0.121279	0.102643	0.0967888	0.0850147	0.0675207	0.0326934	-0.0453128	-0.15537	-0.26077	-0.352814	-0.41442	-0.411199	-0.338711	-0.23187	-0.114978	0.00991028	0.148321	0.299151	0.437841	0.536895	0.577793	0.573491	0.543921	0.473196	0.368775	0.263392	0.15396	0.0257121	-0.119134	-0.281067	-0.455318	-0.620797	-0.764483	-0.870506	-0.919979	-0.919979	
-0.10569	-0.049527	0.0233923	0.105207	0.209576	0.314012	0.387624	0.419608	0.418032	0.383863	0.328788	0.261473	0.182226	0.0988388	0.0272677	-0.0156894	-0.0480888	-0.0775807	-0.0973026	-0.125728	-0.192987	-0.287559	-0.37304	-0.438453	-0.476237	-0.461943	-0.38689	-0.275487	-0.144423	0.0026537	0.164131	0.327473	0.467629	0.567156	0.603283	0.5853	0.553048	0.507513	0.437689	0.355122	0.262675	0.142311	-0.01424	-0.197578	-0.398816	-0.596529	-0.761803	-0.877428	-0.93469	-0.93469	
-0.0252367	0.0233923	0.0843389	0.16776	0.272454	0.366391	0.430355	0.456342	0.441416	0.382951	0.297579	0.20233	0.112612	0.0306543	-0.0426494	-0.10088	-0.151731	-0.191074	-0.217744	-0.246256	-0.303117	-0.38221	-0.451463	-0.499667	-0.520867	-0.501304	-0.436248	-0.332871	-0.193104	-0.0278346	0.147469	0.3147	0.451955	0.548963	0.592416	0.587433	0.564654	0.542947	0.516229	0.464158	0.376436	0.247545	0.077827	-0.11931	-0.336247	-0.554994	-0.741365	-0.868698	-0.928091	-0.928091	
0.0516364	0.105207	0.16776	0.239111	0.31318	0.377755	0.42472	0.436411	0.406541	0.335761	0.238282	0.13288	0.0420341	-0.0323192	-0.102245	-0.163538	-0.214267	-0.253074	-0.280657	-0.308407	-0.35751	-0.423795	-0.48732	-0.535676	-0.557315	-0.543052	-0.492751	-0.403329	-0.265674	-0.0972194	0.0805919	0.252023	0.395546	0.501802	0.565977	0.593564	0.599107	0.594945	0.58328	0.547701	0.471164	0.342021	0.164738	-0.0439978	-0.274915	-0.503759	-0.696433	-0.829163	-0.89114	-0.89114	
0.134397	0.209576	0.272454	0.31318	0.342929	0.369622	0.3821	0.360926	0.309389	0.233013	0.140829	0.0420959	-0.0398329	-0.108433	-0.169366	-0.212971	-0.243848	-0.264382	-0.279631	-0.298318	-0.33968	-0.403955	-0.474078	-0.539989	-0.586555	-0.594018	-0.559783	-0.486103	-0.365085	-0.209073	-0.0373879	0.138761	0.305565	0.441739	0.533746	0.598165	0.642371	0.65726	0.645245	0.608422	0.537977	0.415025	0.239251	0.0267653	-0.212309	-0.446371	-0.634062	-0.753916	-0.805087	-0.805087	
0.223497	0.314012	0.366391	0.377755	0.369622	0.351569	0.316026	0.25561	0.180487	0.0990602	0.0169908	-0.0626336	-0.133393	-0.197213	-0.240022	-0.252511	-0.248939	-0.243005	-0.235777	-0.235268	-0.270335	-0.338234	-0.420174	-0.511703	-0.596951	-0.640081	-0.627324	-0.570783	-0.475459	-0.347758	-0.19043	-0.00935066	0.179453	0.352573	0.489448	0.594301	0.671038	0.712002	0.70824	0.661656	0.584023	0.46338	0.292158	0.0853712	-0.14595	-0.369533	-0.540853	-0.643237	-0.685295	-0.685295	
0.296488	0.387624	0.430355	0.42472	0.3821	0.316026	0.237073	0.147908	0.0539263	-0.0364965	-0.109076	-0.173149	-0.233464	-0.284949	-0.300517	-0.273254	-0.234215	-0.199935	-0.167476	-0.149412	-0.176821	-0.247895	-0.343375	-0.459455	-0.583763	-0.671031	-0.689937	-0.654454	-0.587479	-0.489974	-0.348101	-0.167947	0.0342958	0.237637	0.41915	0.569409	0.6753	0.731659	0.738334	0.697421	0.621674	0.502051	0.335026	0.142362	-0.0646409	-0.263666	-0.417073	-0.509034	-0.547665	-0.547665	
0.335046	0.419608	0.456342	0.436411	0.360926	0.25561	0.147908	0.0432513	-0.0626302	-0.155983	-0.226585	-0.285075	-0.332876	-0.360327	-0.338838	-0.276314	-0.202648	-0.136095	-0.0813798	-0.0492112	-0.0681906	-0.140217	-0.25166	-0.396401	-0.558447	-0.689919	-0.752318	-0.748957	-0.700589	-0.616786	-0.486435	-0.308664	-0.101218	0.113614	0.324244	0.511112	0.637365	0.701846	0.719619	0.695082	0.63664	0.534685	0.388778	0.221495	0.0420343	-0.132776	-0.270911	-0.358207	-0.398699	-0.398699	
0.349252	0.418032	0.441416	0.406541	0.309389	0.180487	0.0539263	-0.0626302	-0.170251	-0.263956	-0.338691	-0.394919	-0.422765	-0.413255	-0.358762	-0.268848	-0.16122	-0.0590579	0.020898	0.0636101	0.0513457	-0.0219469	-0.155764	-0.334604	-0.527746	-0.693933	-0.801485	-0.837013	-0.808599	-0.729343	-0.601772	-0.433329	-0.229988	-0.00650661	0.218899	0.420347	0.557617	0.628469	0.654528	0.649644	0.621289	0.5542	0.444596	0.314088	0.172095	0.0266126	-0.100028	-0.189841	-0.236057	-0.236057	
0.346307	0.383863	0.382951	0.335761	0.233013	0.0990602	-0.0364965	-0.155983	-0.263956	-0.359006	-0.435028	-0.479289	-0.476392	-0.436176	-0.361377	-0.257353	-0.12691	0.00814707	0.114594	0.171783	0.167347	0.0901641	-0.0635882	-0.267396	-0.481524	-0.670704	-0.8132	-0.893789	-0.900431	-0.833377	-0.711105	-0.54982	-0.349783	-0.12636	0.101885	0.304281	0.439572	0.516405	0.561424	0.583224	0.583314	0.549348	0.482891	0.402532	0.30896	0.199431	0.0918415	0.00727902	-0.0410319	-0.0410319	
0.329768	0.328788	0.297579	0.238282	0.140829	0.0169908	-0.109076	-0.226585	-0.338691	-0.435028	-0.500946	-0.518386	-0.490504	-0.431554	-0.346191	-0.237346	-0.0971833	0.0548674	0.185041	0.261107	0.262856	0.180379	0.0170238	-0.19515	-0.417229	-0.62027	-0.788669	-0.903958	-0.950357	-0.918151	-0.812794	-0.657041	-0.465437	-0.252275	-0.0336827	0.158007	0.291889	0.383055	0.451722	0.499292	0.524809	0.524485	0.503821	0.474601	0.435313	0.376226	0.302964	0.234598	0.190818	0.190818	
0.297806	0.261473	0.20233	0.13288	0.0420959	-0.0626336	-0.173149	-0.285075	-0.394919	-0.479289	-0.518386	-0.511487	-0.470206	-0.401832	-0.30776	-0.195149	-0.0609718	0.0880167	0.22572	0.311899	0.321465	0.24426	0.0886851	-0.11214	-0.331089	-0.549097	-0.739016	-0.877796	-0.959031	-0.966671	-0.895001	-0.758193	-0.574911	-0.376572	-0.180118	-0.00499071	0.125989	0.227605	0.317565	0.392404	0.445715	0.479886	0.507575	0.538476	0.563954	0.560425	0.524621	0.478242	0.444444	0.444444	
0.243709	0.182226	0.112612	0.0420341	-0.0398329	-0.133393	-0.233464	-0.332876	-0.422765	-0.476392	-0.490504	-0.470206	-0.426294	-0.353108	-0.250338	-0.136782	-0.0114938	0.122049	0.244132	0.324364	0.345806	0.292717	0.163252	-0.019686	-0.236702	-0.467053	-0.676693	-0.834098	-0.932939	-0.970968	-0.940872	-0.839406	-0.683864	-0.506514	-0.325299	-0.165338	-0.043135	0.0586713	0.156801	0.251432	0.33608	0.418776	0.511277	0.607239	0.691772	0.74288	0.750735	0.729867	0.705504	0.705504	
0.175739	0.0988388	0.0306543	-0.0323192	-0.108433	-0.197213	-0.284949	-0.360327	-0.413255	-0.436176	-0.431554	-0.401832	-0.353108	-0.274552	-0.173429	-0.0638605	0.0517463	0.162493	0.251517	0.309223	0.342016	0.327241	0.234783	0.0704168	-0.139445	-0.371965	-0.592901	-0.765444	-0.884209	-0.947067	-0.951567	-0.897292	-0.786161	-0.635221	-0.46797	-0.317741	-0.20408	-0.114934	-0.0238417	0.0856556	0.210479	0.353725	0.512116	0.668208	0.81068	0.915875	0.967243	0.980306	0.977838	0.977838	
0.121279	0.0272677	-0.0426494	-0.102245	-0.169366	-0.240022	-0.300517	-0.338838	-0.358762	-0.361377	-0.346191	-0.30776	-0.250338	-0.173429	-0.0853167	0.00822627	0.106213	0.194784	0.256062	0.296782	0.340915	0.358932	0.300052	0.158979	-0.0375814	-0.263674	-0.488025	-0.680796	-0.824354	-0.908861	-0.940987	-0.923269	-0.857922	-0.750033	-0.610053	-0.47423	-0.367118	-0.282345	-0.191819	-0.0696724	0.0843525	0.27454	0.494713	0.714674	0.914493	1.0745	1.1776	1.22755	1.24162	1.24162	
0.102643	-0.0156894	-0.10088	-0.163538	-0.212971	-0.252511	-0.273254	-0.276314	-0.268848	-0.257353	-0.237346	-0.195149	-0.136782	-0.0638605	0.00822627	0.0764599	0.147421	0.217687	0.273665	0.318507	0.367943	0.393376	0.35358	0.238797	0.067325	-0.144447	-0.374016	-0.584069	-0.747884	-0.855496	-0.911268	-0.925221	-0.904276	-0.840117	-0.738762	-0.630268	-0.529726	-0.439654	-0.338825	-0.201213	-0.0251579	0.199433	0.464699	0.735299	0.992974	1.21454	1.36997	1.45751	1.49409	1.49409	
0.0967888	-0.0480888	-0.151731	-0.214267	-0.243848	-0.248939	-0.234215	-0.202648	-0.16122	-0.12691	-0.0971833	-0.0609718	-0.0114938	0.0517463	0.106213	0.147421	0.188052	0.245181	0.311653	0.372706	0.421117	0.436162	0.399388	0.308714	0.167514	-0.0291635	-0.258079	-0.474878	-0.64816	-0.769762	-0.853685	-0.908635	-0.931886	-0.911485	-0.852554	-0.775176	-0.684684	-0.584223	-0.460165	-0.296308	-0.0964628	0.14627	0.429533	0.731327	1.03582	1.31535	1.53163	1.66748	1.72949	1.72949	
0.0850147	-0.0775807	-0.191074	-0.253074	-0.264382	-0.243005	-0.199935	-0.136095	-0.0590579	0.00814707	0.0548674	0.0880167	0.122049	0.162493	0.194784	0.217687	0.245181	0.299679	0.373442	0.443372	0.489643	0.494266	0.455179	0.37483	0.249087	0.0724986	-0.137713	-0.344036	-0.515116	-0.654596	-0.776678	-0.879011	-0.951433	-0.972435	-0.946965	-0.892064	-0.804163	-0.689348	-0.544176	-0.361148	-0.147518	0.105346	0.401666	0.724001	1.05821	1.38283	1.65437	1.83744	1.92636	1.92636	
0.0675207	-0.0973026	-0.217744	-0.280657	-0.279631	-0.235777	-0.167476	-0.0813798	0.020898	0.114594	0.185041	0.22572	0.244132	0.251517	0.256062	0.273665	0.311653	0.373442	0.445607	0.515937	0.565755	0.578518	0.545717	0.460994	0.33362	0.172388	-0.011382	-0.199285	-0.377737	-0.547253	-0.705578	-0.843848	-0.946929	-0.995218	-0.997817	-0.960417	-0.873669	-0.748222	-0.591679	-0.405226	-0.187083	0.074373	0.380624	0.722786	1.08734	1.44337	1.7415	1.94553	2.04821	2.04821	
0.0326934	-0.125728	-0.246256	-0.308407	-0.298318	-0.235268	-0.149412	-0.0492112	0.0636101	0.171783	0.261107	0.311899	0.324364	0.309223	0.296782	0.318507	0.372706	0.443372	0.515937	0.588059	0.647014	0.676426	0.654748	0.569939	0.437342	0.282269	0.11733	-0.062796	-0.254499	-0.449884	-0.634671	-0.79205	-0.909863	-0.977784	-1.00252	-0.978633	-0.8927	-0.75851	-0.597124	-0.415122	-0.20122	0.0590011	0.373424	0.735586	1.11627	1.4813	1.78792	1.99466	2.09392	2.09392	
-0.0453128	-0.192987	-0.303117	-0.35751	-0.33968	-0.270335	-0.176821	-0.0681906	0.0513457	0.167347	0.262856	0.321465	0.345806	0.342016	0.340915	0.367943	0.421117	0.489643	0.565755	0.647014	0.711989	0.746878	0.741459	0.67889	0.562162	0.415625	0.248906	0.0599991	-0.142408	-0.350735	-0.548279	-0.71958	-0.851065	-0.931855	-0.966572	-0.945451	-0.859409	-0.723265	-0.560395	-0.38073	-0.167336	0.0922975	0.399207	0.74878	1.11672	1.4724	1.77648	1.99015	2.09951	2.09951	
-0.15537	-0.287559	-0.38221	-0.423795	-0.403955	-0.338234	-0.247895	-0.140217	-0.0219469	0.0901641	0.180379	0.24426	0.292717	0.327241	0.358932	0.393376	0.436162	0.494266	0.578518	0.676426	0.746878	0.786891	0.803365	0.779342	0.695859	0.554599	0.369765	0.160215	-0.0531502	-0.259753	-0.453271	-0.627192	-0.763224	-0.849458	-0.88547	-0.861635	-0.776203	-0.639598	-0.47684	-0.298561	-0.0830921	0.169242	0.45065	0.76638	1.10021	1.42853	1.72153	1.93699	2.04905	2.04905	
-0.26077	-0.37304	-0.451463	-0.48732	-0.474078	-0.420174	-0.343375	-0.25166	-0.155764	-0.0635882	0.0170238	0.0886851	0.163252	0.234783	0.300052	0.35358	0.399388	0.455179	0.545717	0.654748	0.741459	0.803365	0.850024	0.862975	0.803635	0.664826	0.466189	0.236498	0.00989104	-0.194597	-0.374632	-0.529872	-0.648239	-0.724852	-0.752952	-0.719809	-0.630613	-0.498189	-0.346139	-0.17982	0.0233765	0.260591	0.523523	0.810987	1.10232	1.3815	1.63358	1.82569	1.92867	1.92867	
-0.352814	-0.438453	-0.499667	-0.535676	-0.539989	-0.511703	-0.459455	-0.396401	-0.334604	-0.267396	-0.19515	-0.11214	-0.019686	0.0704168	0.158979	0.238797	0.308714	0.37483	0.460994	0.569939	0.67889	0.779342	0.862975	0.897156	0.847557	0.716528	0.522048	0.29029	0.0562703	-0.149305	-0.313585	-0.438004	-0.523938	-0.576867	-0.582568	-0.52915	-0.432175	-0.305517	-0.170308	-0.0268287	0.155634	0.377284	0.619095	0.870258	1.11395	1.33554	1.527	1.67351	1.75408	1.75408	
-0.41442	-0.476237	-0.520867	-0.557315	-0.586555	-0.596951	-0.583763	-0.558447	-0.527746	-0.481524	-0.417229	-0.331089	-0.236702	-0.139445	-0.0375814	0.067325	0.167514	0.249087	0.33362	0.437342	0.562162	0.695859	0.803635	0.847557	0.806829	0.691258	0.519505	0.309736	0.0879245	-0.10802	-0.256415	-0.355897	-0.411205	-0.430814	-0.401694	-0.320097	-0.206855	-0.0797923	0.0433258	0.172266	0.334229	0.526589	0.731827	0.934429	1.11704	1.27145	1.40342	1.50955	1.56933	1.56933	
-0.411199	-0.461943	-0.501304	-0.543052	-0.594018	-0.640081	-0.671031	-0.689919	-0.693933	-0.670704	-0.62027	-0.549097	-0.467053	-0.371965	-0.263674	-0.144447	-0.0291635	0.0724986	0.172388	0.282269	0.415625	0.554599	0.664826	0.716528	0.691258	0.597082	0.452718	0.274209	0.0821588	-0.0902145	-0.220012	-0.292786	-0.310282	-0.289749	-0.224911	-0.115933	0.0150648	0.150069	0.279981	0.410705	0.551027	0.70301	0.856991	0.994999	1.10927	1.19978	1.27745	1.34997	1.39732	1.39732	
-0.338711	-0.38689	-0.436248	-0.492751	-0.559783	-0.627324	-0.689937	-0.752318	-0.801485	-0.8132	-0.788669	-0.739016	-0.676693	-0.592901	-0.488025	-0.374016	-0.258079	-0.137713	-0.011382	0.11733	0.248906	0.369765	0.466189	0.522048	0.519505	0.452718	0.334416	0.186296	0.0261655	-0.120776	-0.222078	-0.252407	-0.224816	-0.164322	-0.0695948	0.0579853	0.20934	0.369901	0.52404	0.663073	0.780623	0.884858	0.977071	1.04792	1.10253	1.14315	1.17559	1.21001	1.2347	1.2347	
-0.23187	-0.275487	-0.332871	-0.403329	-0.486103	-0.570783	-0.654454	-0.748957	-0.837013	-0.893789	-0.903958	-0.877796	-0.834098	-0.765444	-0.680796	-0.584069	-0.474878	-0.344036	-0.199285	-0.062796	0.0599991	0.160215	0.236498	0.29029	0.309736	0.274209	0.186296	0.0660889	-0.0694204	-0.18801	-0.24956	-0.237868	-0.173861	-0.0796869	0.0403472	0.191191	0.372869	0.561347	0.739836	0.89239	0.99234	1.05041	1.08694	1.10378	1.10785	1.1007	1.09071	1.09468	1.10528	1.10528	
-0.114978	-0.144423	-0.193104	-0.265674	-0.365085	-0.475459	-0.587479	-0.700589	-0.808599	-0.900431	-0.950357	-0.959031	-0.932939	-0.884209	-0.824354	-0.747884	-0.64816	-0.515116	-0.377737	-0.254499	-0.142408	-0.0531502	0.00989104	0.0562703	0.0879245	0.0821588	0.0261655	-0.0694204	-0.175969	-0.255858	-0.282161	-0.247851	-0.167486	-0.0496747	0.103623	0.288632	0.493947	0.697312	0.892266	1.05669	1.15379	1.19206	1.1922	1.16123	1.1155	1.06783	1.02833	1.00908	1.00598	1.00598	
0.00991028	0.0026537	-0.0278346	-0.0972194	-0.209073	-0.347758	-0.489974	-0.616786	-0.729343	-0.833377	-0.918151	-0.966671	-0.970968	-0.947067	-0.908861	-0.855496	-0.769762	-0.654596	-0.547253	-0.449884	-0.350735	-0.259753	-0.194597	-0.149305	-0.10802	-0.0902145	-0.120776	-0.18801	-0.255858	-0.30072	-0.307735	-0.27289	-0.195201	-0.0581887	0.127813	0.338039	0.55768	0.769574	0.970666	1.14312	1.25076	1.28777	1.26792	1.20588	1.12391	1.04468	0.982163	0.943415	0.927908	0.927908	
0.148321	0.164131	0.147469	0.0805919	-0.0373879	-0.19043	-0.348101	-0.486435	-0.601772	-0.711105	-0.812794	-0.895001	-0.940872	-0.951567	-0.940987	-0.911268	-0.853685	-0.776678	-0.705578	-0.634671	-0.548279	-0.453271	-0.374632	-0.313585	-0.256415	-0.220012	-0.222078	-0.24956	-0.282161	-0.307735	-0.314127	-0.294038	-0.224095	-0.0828606	0.110287	0.333308	0.564542	0.782818	0.988852	1.16726	1.2835	1.32069	1.28907	1.21182	1.11074	1.01169	0.934779	0.886893	0.867564	0.867564	
0.299151	0.327473	0.3147	0.252023	0.138761	-0.00935066	-0.167947	-0.308664	-0.433329	-0.54982	-0.657041	-0.758193	-0.839406	-0.897292	-0.923269	-0.925221	-0.908635	-0.879011	-0.843848	-0.79205	-0.71958	-0.627192	-0.529872	-0.438004	-0.355897	-0.292786	-0.252407	-0.237868	-0.247851	-0.27289	-0.294038	-0.287424	-0.227918	-0.102854	0.0807207	0.300246	0.525769	0.748318	0.96069	1.13755	1.25532	1.2924	1.25198	1.16163	1.04715	0.943816	0.871983	0.824067	0.798455	0.798455	
0.437841	0.467629	0.451955	0.395546	0.305565	0.179453	0.0342958	-0.101218	-0.229988	-0.349783	-0.465437	-0.574911	-0.683864	-0.786161	-0.857922	-0.904276	-0.931886	-0.951433	-0.946929	-0.909863	-0.851065	-0.763224	-0.648239	-0.523938	-0.411205	-0.310282	-0.224816	-0.173861	-0.167486	-0.195201	-0.224095	-0.227918	-0.186885	-0.083731	0.0743909	0.260368	0.461527	0.68054	0.891019	1.06094	1.17492	1.20726	1.15886	1.06264	0.945695	0.838905	0.761529	0.710502	0.684825	0.684825	
0.536895	0.567156	0.548963	0.501802	0.441739	0.352573	0.237637	0.113614	-0.00650661	-0.12636	-0.252275	-0.376572	-0.506514	-0.635221	-0.750033	-0.840117	-0.911485	-0.972435	-0.995218	-0.977784	-0.931855	-0.849458	-0.724852	-0.576867	-0.430814	-0.289749	-0.164322	-0.0796869	-0.0496747	-0.0581887	-0.0828606	-0.102854	-0.083731	-0.0144856	0.0929354	0.22884	0.395947	0.595806	0.790637	0.945845	1.05144	1.08307	1.03568	0.93605	0.809182	0.684432	0.587177	0.520907	0.484947	0.484947	
0.577793	0.603283	0.592416	0.565977	0.533746	0.489448	0.41915	0.324244	0.218899	0.101885	-0.0336827	-0.180118	-0.325299	-0.46797	-0.610053	-0.738762	-0.852554	-0.946965	-0.997817	-1.00252	-0.966572	-0.88547	-0.752952	-0.582568	-0.401694	-0.224911	-0.0695948	0.0403472	0.103623	0.127813	0.110287	0.0807207	0.0743909	0.0929354	0.14185	0.224174	0.345304	0.507126	0.673376	0.813188	0.911293	0.941366	0.892204	0.777321	0.625854	0.475263	0.349328	0.252215	0.193267	0.193267	
0.573491	0.5853	0.587433	0.593564	0.598165	0.594301	0.569409	0.511112	0.420347	0.304281	0.158007	-0.00499071	-0.165338	-0.317741	-0.47423	-0.630268	-0.775176	-0.892064	-0.960417	-0.978633	-0.945451	-0.861635	-0.719809	-0.52915	-0.320097	-0.115933	0.0579853	0.191191	0.288632	0.338039	0.333308	0.300246	0.260368	0.22884	0.224174	0.252531	0.32248	0.435105	0.569597	0.69287	0.76683	0.771159	0.700029	0.564569	0.401587	0.231293	0.060744	-0.0804413	-0.159313	-0.159313	
0.543921	0.553048	0.564654	0.599107	0.642371	0.671038	0.6753	0.637365	0.557617	0.439572	0.291889	0.125989	-0.043135	-0.20408	-0.367118	-0.529726	-0.684684	-0.804163	-0.873669	-0.8927	-0.859409	-0.776203	-0.630613	-0.432175	-0.206855	0.0150648	0.20934	0.372869	0.493947	0.55768	0.564542	0.525769	0.461527	0.395947	0.345304	0.32248	0.339507	0.39911	0.489928	0.567944	0.590936	0.557077	0.463049	0.313936	0.138838	-0.0550415	-0.257427	-0.42762	-0.525842	-0.525842	
0.473196	0.507513	0.542947	0.594945	0.65726	0.712002	0.731659	0.701846	0.628469	0.516405	0.383055	0.227605	0.0586713	-0.114934	-0.282345	-0.439654	-0.584223	-0.689348	-0.748222	-0.75851	-0.723265	-0.639598	-0.498189	-0.305517	-0.0797923	0.150069	0.369901	0.561347	0.697312	0.769574	0.782818	0.748318	0.68054	0.595806	0.507126	0.435105	0.39911	0.393476	0.404405	0.406927	0.376292	0.309527	0.197508	0.0369649	-0.155182	-0.366596	-0.577241	-0.753967	-0.860111	-0.860111	
0.368775	0.437689	0.516229	0.58328	0.645245	0.70824	0.738334	0.719619	0.654528	0.561424	0.451722	0.317565	0.156801	-0.0238417	-0.191819	-0.338825	-0.460165	-0.544176	-0.591679	-0.597124	-0.560395	-0.47684	-0.346139	-0.170308	0.0433258	0.279981	0.52404	0.739836	0.892266	0.970666	0.988852	0.96069	0.891019	0.790637	0.673376	0.569597	0.489928	0.404405	0.311446	0.226846	0.138884	0.0321123	-0.102172	-0.266116	-0.451892	-0.654167	-0.86311	-1.04268	-1.14551	-1.14551	
0.263392	0.355122	0.464158	0.547701	0.608422	0.661656	0.697421	0.695082	0.649644	0.583224	0.499292	0.392404	0.251432	0.0856556	-0.0696724	-0.201213	-0.296308	-0.361148	-0.405226	-0.415122	-0.38073	-0.298561	-0.17982	-0.0268287	0.172266	0.410705	0.663073	0.89239	1.05669	1.14312	1.16726	1.13755	1.06094	0.945845	0.813188	0.69287	0.567944	0.406927	0.226846	0.0576601	-0.0997134	-0.256063	-0.408028	-0.560087	-0.730202	-0.91771	-1.10852	-1.27194	-1.36357	-1.36357	
0.15396	0.262675	0.376436	0.471164	0.537977	0.584023	0.621674	0.63664	0.621289	0.583314	0.524809	0.445715	0.33608	0.210479	0.0843525	-0.0251579	-0.0964628	-0.147518	-0.187083	-0.20122	-0.167336	-0.0830921	0.0233765	0.155634	0.334229	0.551027	0.780623	0.99234	1.15379	1.25076	1.2835	1.25532	1.17492	1.05144	0.911293	0.76683	0.590936	0.376292	0.138884	-0.0997134	-0.315751	-0.506191	-0.668814	-0.814289	-0.975506	-1.15039	-1.31194	-1.43939	-1.5095	-1.5095	
0.0257121	0.142311	0.247545	0.342021	0.415025	0.46338	0.502051	0.534685	0.5542	0.549348	0.524485	0.479886	0.418776	0.353725	0.27454	0.199433	0.14627	0.105346	0.074373	0.0590011	0.0922975	0.169242	0.260591	0.377284	0.526589	0.70301	0.884858	1.05041	1.19206	1.28777	1.32069	1.2924	1.20726	1.08307	0.941366	0.771159	0.557077	0.309527	0.0321123	-0.256063	-0.506191	-0.70372	-0.866058	-1.00948	-1.1586	-1.31784	-1.45579	-1.55183	-1.60369	-1.60369	
-0.119134	-0.01424	0.077827	0.164738	0.239251	0.292158	0.335026	0.388778	0.444596	0.482891	0.503821	0.507575	0.511277	0.512116	0.494713	0.464699	0.429533	0.401666	0.380624	0.373424	0.399207	0.45065	0.523523	0.619095	0.731827	0.856991	0.977071	1.08694	1.1922	1.26792	1.28907	1.25198	1.15886	1.03568	0.892204	0.700029	0.463049	0.197508	-0.102172	-0.408028	-0.668814	-0.866058	-1.01528	-1.14346	-1.2758	-1.41473	-1.52869	-1.59784	-1.63157	-1.63157	
-0.281067	-0.197578	-0.11931	-0.0439978	0.0267653	0.0853712	0.142362	0.221495	0.314088	0.402532	0.474601	0.538476	0.607239	0.668208	0.714674	0.735299	0.731327	0.724001	0.722786	0.735586	0.74878	0.76638	0.810987	0.870258	0.934429	0.994999	1.04792	1.10378	1.16123	1.20588	1.21182	1.16163	1.06264	0.93605	0.777321	0.564569	0.313936	0.0369649	-0.266116	-0.560087	-0.814289	-1.00948	-1.14346	-1.25313	-1.35678	-1.44589	-1.51729	-1.55678	-1.56302	-1.56302	
-0.455318	-0.398816	-0.336247	-0.274915	-0.212309	-0.14595	-0.0646409	0.0420343	0.172095	0.30896	0.435313	0.563954	0.691772	0.81068	0.914493	0.992974	1.03582	1.05821	1.08734	1.11627	1.11672	1.10021	1.10232	1.11395	1.11704	1.10927	1.10253	1.10785	1.1155	1.12391	1.11074	1.04715	0.945695	0.809182	0.625854	0.401587	0.138838	-0.155182	-0.451892	-0.730202	-0.975506	-1.1586	-1.2758	-1.35678	-1.40757	-1.42614	-1.43008	-1.4185	-1.39482	-1.39482	
-0.620797	-0.596529	-0.554994	-0.503759	-0.446371	-0.369533	-0.263666	-0.132776	0.0266126	0.199431	0.376226	0.560425	0.74288	0.915875	1.0745	1.21454	1.31535	1.38283	1.44337	1.4813	1.4724	1.42853	1.3815	1.33554	1.27145	1.19978	1.14315	1.1007	1.06783	1.04468	1.01169	0.943816	0.838905	0.684432	0.475263	0.231293	-0.0550415	-0.366596	-0.654167	-0.91771	-1.15039	-1.31784	-1.41473	-1.44589	-1.42614	-1.37528	-1.29495	-1.20936	-1.16045	-1.16045	
-0.764483	-0.761803	-0.741365	-0.696433	-0.634062	-0.540853	-0.417073	-0.270911	-0.100028	0.0918415	0.302964	0.524621	0.750735	0.967243	1.1776	1.36997	1.53163	1.65437	1.7415	1.78792	1.77648	1.72153	1.63358	1.527	1.40342	1.27745	1.17559	1.09071	1.02833	0.982163	0.934779	0.871983	0.761529	0.587177	0.349328	0.060744	-0.257427	-0.577241	-0.86311	-1.10852	-1.31194	-1.45579	-1.52869	-1.51729	-1.43008	-1.29495	-1.13247	-0.994241	-0.929295	-0.929295	
-0.870506	-0.877428	-0.868698	-0.829163	-0.753916	-0.643237	-0.509034	-0.358207	-0.189841	0.00727902	0.234598	0.478242	0.729867	0.980306	1.22755	1.45751	1.66748	1.83744	1.94553	1.99466	1.99015	1.93699	1.82569	1.67351	1.50955	1.34997	1.21001	1.09468	1.00908	0.943415	0.886893	0.824067	0.710502	0.520907	0.252215	-0.0804413	-0.42762	-0.753967	-1.04268	-1.27194	-1.43939	-1.55183	-1.59784	-1.55678	-1.4185	-1.20936	-0.994241	-0.833172	-0.751244	-0.751244	
-0.919979	-0.93469	-0.928091	-0.89114	-0.805087	-0.685295	-0.547665	-0.398699	-0.236057	-0.0410319	0.190818	0.444444	0.705504	0.977838	1.24162	1.49409	1.72949	1.92636	2.04821	2.09392	2.09951	2.04905	1.92867	1.75408	1.56933	1.39732	1.2347	1.10528	1.00598	0.927908	0.867564	0.798455	0.684825	0.484947	0.193267	-0.159313	-0.525842	-0.860111	-1.14551	-1.36357	-1.5095	-1.60369	-1.63157	-1.56302	-1.39482	-1.16045	-0.929295	-0.751244	-0.648092	-0.648092	
-0.919979	-0.93469	-0.928091	-0.89114	-0.805087	-0.685295	-0.547665	-0.398699	-0.236057	-0.0410319	0.190818	0.444444	0.705504	0.977838	1.24162	1.49409	1.72949	1.92636	2.04821	2.09392	2.09951	2.04905	1.92867	1.75408	1.56933	1.39732	1.2347	1.10528	1.00598	0.927908	0.867564	0.798455	0.684825	0.484947	0.193267	-0.159313	-0.525842	-0.860111	-1.14551	-1.36357	-1.5095	-1.60369	-1.63157	-1.56302	-1.39482	-1.16045	-0.929295	-0.751244	-0.648092	-0.648092	
