-0.0151046	-0.0151046	0.000370686	0.0342909	0.0822809	0.140772	0.221533	0.340792	0.489135	0.62792	0.735047	0.819189	0.880104	0.881804	0.775	0.565192	0.289134	0.00193495	-0.253903	-0.434427	-0.508728	-0.479519	-0.362331	-0.195394	-0.00350601	0.198087	0.412875	0.630666	0.824109	0.955706	0.987698	0.895244	0.708026	0.474128	0.221569	-0.0454905	-0.316971	-0.573306	-0.79666	-0.950271	-0.989023	-0.91723	-0.747301	-0.503773	-0.235127	0.00240917	0.166762	0.25154	0.282705	0.27916	
-0.0151046	-0.0151046	0.000370686	0.0342909	0.0822809	0.140772	0.221533	0.340792	0.489135	0.62792	0.735047	0.819189	0.880104	0.881804	0.775	0.565192	0.289134	0.00193495	-0.253903	-0.434427	-0.508728	-0.479519	-0.362331	-0.195394	-0.00350601	0.198087	0.412875	0.630666	0.824109	0.955706	0.987698	0.895244	0.708026	0.474128	0.221569	-0.0454905	-0.316971	-0.573306	-0.79666	-0.950271	-0.989023	-0.91723	-0.747301	-0.503773	-0.235127	0.00240917	0.166762	0.25154	0.282705	0.27916	
0.000370686	0.000370686	0.016095	0.0491072	0.0976255	0.155427	0.236967	0.355409	0.503146	0.64164	0.749339	0.834347	0.895739	0.898113	0.793262	0.586687	0.313849	0.031129	-0.221607	-0.398174	-0.470701	-0.440964	-0.324812	-0.162071	0.0237387	0.216024	0.418222	0.621765	0.800011	0.917437	0.939998	0.843188	0.659273	0.434134	0.195638	-0.0547002	-0.307592	-0.548457	-0.758048	-0.901921	-0.933851	-0.858064	-0.682521	-0.435625	-0.163428	0.0756821	0.237821	0.313702	0.331184	0.308283	
0.0342909	0.0342909	0.0491072	0.0826022	0.128948	0.188079	0.268166	0.386178	0.5312	0.66855	0.776865	0.862615	0.924597	0.927795	0.827154	0.62601	0.361864	0.0855787	-0.157816	-0.329063	-0.397572	-0.367385	-0.256623	-0.101972	0.0688449	0.241618	0.419914	0.595368	0.746115	0.840301	0.845288	0.745214	0.567798	0.360511	0.147261	-0.0709433	-0.292134	-0.501097	-0.684981	-0.807143	-0.826076	-0.738948	-0.559296	-0.307809	-0.0355518	0.200086	0.353694	0.41669	0.409298	0.356753	
0.0822809	0.0822809	0.0976255	0.128948	0.176395	0.234011	0.316001	0.431829	0.575081	0.711385	0.82143	0.909391	0.972627	0.977521	0.882013	0.689662	0.433819	0.168543	-0.068218	-0.231908	-0.299729	-0.273289	-0.171391	-0.033415	0.116247	0.261734	0.406545	0.547388	0.663863	0.72896	0.717593	0.613895	0.45	0.266754	0.0877086	-0.0910645	-0.268376	-0.438804	-0.585639	-0.67852	-0.675229	-0.575747	-0.385526	-0.134967	0.131457	0.355282	0.492489	0.531697	0.500049	0.42023	
0.140772	0.140772	0.155427	0.188079	0.234011	0.295258	0.377565	0.494802	0.635732	0.772726	0.886013	0.977757	1.04339	1.05059	0.962813	0.779453	0.537033	0.279796	0.0536833	-0.107587	-0.177462	-0.160364	-0.0773274	0.0379415	0.157312	0.26897	0.378337	0.481931	0.566933	0.609171	0.584541	0.4866	0.33861	0.181991	0.0350826	-0.104453	-0.24137	-0.368212	-0.474426	-0.527529	-0.496356	-0.373889	-0.176747	0.0727212	0.325568	0.52912	0.64259	0.661124	0.60305	0.499269	
0.221533	0.221533	0.236967	0.268166	0.316001	0.377565	0.46382	0.580211	0.72065	0.857963	0.976292	1.073	1.14191	1.15255	1.07217	0.901108	0.668703	0.422562	0.199898	0.039795	-0.0399219	-0.0400113	0.0184781	0.102735	0.188656	0.266326	0.340016	0.413065	0.471771	0.496488	0.466595	0.374508	0.244675	0.110074	-0.00996439	-0.117647	-0.216324	-0.303474	-0.364241	-0.37445	-0.305588	-0.158038	0.0557565	0.303897	0.543959	0.726102	0.817035	0.810581	0.73231	0.610122	
0.340792	0.340792	0.355409	0.386178	0.431829	0.494802	0.580211	0.695503	0.830743	0.967071	1.08754	1.18816	1.25888	1.27139	1.20009	1.03976	0.822043	0.583096	0.366926	0.202537	0.110275	0.0879281	0.115079	0.165444	0.215773	0.259605	0.304171	0.350132	0.390771	0.403723	0.369506	0.284946	0.166536	0.0470302	-0.0556472	-0.139305	-0.205142	-0.251491	-0.265865	-0.225337	-0.116508	0.0637675	0.293992	0.545423	0.775283	0.941198	1.01313	0.991013	0.892744	0.750546	
0.489135	0.489135	0.503146	0.5312	0.575081	0.635732	0.72065	0.830743	0.960672	1.09281	1.21539	1.31866	1.39016	1.40483	1.34016	1.19296	0.985507	0.754889	0.538339	0.367223	0.255879	0.20635	0.199143	0.214423	0.231399	0.248508	0.26874	0.297665	0.323563	0.328166	0.289639	0.207027	0.0961844	-0.0151868	-0.106928	-0.169686	-0.206095	-0.214035	-0.181652	-0.0950983	0.0546297	0.26497	0.514551	0.772824	0.99977	1.155	1.21663	1.18094	1.06776	0.909142	
0.62792	0.62792	0.64164	0.66855	0.711385	0.772726	0.857963	0.967071	1.09281	1.22523	1.3519	1.46104	1.53583	1.55261	1.49669	1.35936	1.16193	0.932334	0.710551	0.523262	0.385962	0.301909	0.256797	0.236556	0.225168	0.221726	0.229261	0.247183	0.268305	0.267118	0.22678	0.147001	0.0418845	-0.0621315	-0.143134	-0.190522	-0.199804	-0.177402	-0.110432	0.0125104	0.189807	0.421375	0.687275	0.95444	1.18376	1.33971	1.3989	1.35864	1.23593	1.06423	
0.735047	0.735047	0.749339	0.776865	0.82143	0.886013	0.976292	1.08754	1.21539	1.3519	1.48789	1.60713	1.68696	1.7088	1.65879	1.53064	1.33653	1.10179	0.864994	0.653023	0.480879	0.35733	0.270947	0.217549	0.182015	0.166695	0.167799	0.185058	0.204719	0.206553	0.169339	0.098895	0.0073599	-0.0832596	-0.153705	-0.185452	-0.181047	-0.142756	-0.0589309	0.0784087	0.267708	0.510644	0.78485	1.06099	1.29829	1.45889	1.52644	1.49466	1.37761	1.20812	
0.819189	0.819189	0.834347	0.862615	0.909391	0.977757	1.073	1.18816	1.31866	1.46104	1.60713	1.7358	1.8213	1.84431	1.7979	1.67256	1.47538	1.2279	0.968132	0.725058	0.515355	0.350805	0.228078	0.147071	0.0966358	0.0775876	0.0809461	0.100444	0.125471	0.130483	0.10259	0.0462523	-0.0261627	-0.0992599	-0.155242	-0.179923	-0.167497	-0.128616	-0.0459951	0.0901413	0.276607	0.515399	0.792508	1.07378	1.31802	1.49273	1.58004	1.5708	1.47804	1.32982	
0.880104	0.880104	0.895739	0.924597	0.972627	1.04339	1.14191	1.25888	1.39016	1.53583	1.68696	1.8213	1.90457	1.92351	1.87167	1.74184	1.5354	1.26972	0.986188	0.714332	0.473292	0.279103	0.131286	0.0356735	-0.0187633	-0.0341859	-0.0248819	-0.000105781	0.0278401	0.0402179	0.0226573	-0.0158687	-0.0669291	-0.122889	-0.173061	-0.197309	-0.193207	-0.164525	-0.0915624	0.0361576	0.215046	0.449385	0.72148	1.00145	1.24985	1.43446	1.5452	1.57168	1.51983	1.40782	
0.881804	0.881804	0.898113	0.927795	0.977521	1.05059	1.15255	1.27139	1.40483	1.55261	1.7088	1.84431	1.92351	1.9326	1.87009	1.7307	1.50955	1.22519	0.918467	0.623523	0.361566	0.149034	-0.00922806	-0.106375	-0.154182	-0.15638	-0.135475	-0.102089	-0.0667314	-0.0472585	-0.0526551	-0.0767127	-0.112824	-0.161735	-0.21526	-0.252768	-0.262797	-0.249037	-0.187842	-0.06962	0.101471	0.324376	0.588328	0.86415	1.11335	1.31068	1.44776	1.50911	1.49682	1.42281	
0.775	0.775	0.793262	0.827154	0.882013	0.962813	1.07217	1.20009	1.34016	1.49669	1.65879	1.7979	1.87167	1.87009	1.79529	1.64409	1.41057	1.11098	0.789635	0.483027	0.212824	-0.00428706	-0.161908	-0.253647	-0.288861	-0.277745	-0.2427	-0.198976	-0.153543	-0.121417	-0.11196	-0.120616	-0.145442	-0.193903	-0.260132	-0.318701	-0.351125	-0.35594	-0.309552	-0.201604	-0.0409125	0.171224	0.425409	0.695009	0.944699	1.15119	1.30749	1.39688	1.4178	1.3715	
0.565192	0.565192	0.586687	0.62601	0.689662	0.779453	0.901108	1.03976	1.19296	1.35936	1.53064	1.67256	1.74184	1.7307	1.64409	1.48484	1.24357	0.937855	0.612711	0.305587	0.0388808	-0.174377	-0.325852	-0.408388	-0.431458	-0.403935	-0.354039	-0.294804	-0.235886	-0.188787	-0.164301	-0.162036	-0.181237	-0.233455	-0.31442	-0.391507	-0.442642	-0.462894	-0.428843	-0.335537	-0.189055	0.00730259	0.247921	0.51087	0.761183	0.974146	1.14354	1.25085	1.29036	1.26375	
0.289134	0.289134	0.313849	0.361864	0.433819	0.537033	0.668703	0.822043	0.985507	1.16193	1.33653	1.47538	1.5354	1.50955	1.41057	1.24357	1.00086	0.699593	0.382975	0.0899306	-0.161314	-0.360643	-0.498685	-0.56913	-0.575779	-0.531938	-0.462883	-0.388623	-0.315628	-0.256574	-0.222722	-0.213557	-0.230951	-0.287088	-0.375682	-0.466464	-0.529964	-0.55894	-0.537337	-0.45407	-0.318828	-0.135564	0.0945737	0.349126	0.590048	0.797147	0.963266	1.07247	1.12347	1.11067	
0.00193495	0.00193495	0.031129	0.0855787	0.168543	0.279796	0.422562	0.583096	0.754889	0.932334	1.10179	1.2279	1.26972	1.22519	1.11098	0.937855	0.699593	0.410478	0.113192	-0.157895	-0.38608	-0.566072	-0.686408	-0.739223	-0.724838	-0.656658	-0.56485	-0.470199	-0.385334	-0.319143	-0.281179	-0.272785	-0.291198	-0.348596	-0.442574	-0.538091	-0.606855	-0.639917	-0.617892	-0.536741	-0.403385	-0.223151	-0.00208736	0.236884	0.46025	0.645647	0.791172	0.891159	0.940718	0.934883	
-0.253903	-0.253903	-0.221607	-0.157816	-0.068218	0.0536833	0.199898	0.366926	0.538339	0.710551	0.864994	0.968132	0.986188	0.918467	0.789635	0.612711	0.382975	0.113192	-0.160687	-0.40546	-0.60969	-0.768448	-0.869215	-0.900895	-0.86042	-0.765571	-0.647226	-0.535151	-0.441509	-0.371733	-0.334858	-0.324063	-0.340403	-0.394477	-0.483616	-0.579114	-0.648925	-0.674554	-0.647437	-0.555938	-0.41375	-0.232869	-0.021074	0.199947	0.394226	0.549253	0.667062	0.745651	0.784026	0.772013	
-0.434427	-0.434427	-0.398174	-0.329063	-0.231908	-0.107587	0.039795	0.202537	0.367223	0.523262	0.653023	0.725058	0.714332	0.623523	0.483027	0.305587	0.0899306	-0.157895	-0.40546	-0.62533	-0.806565	-0.945622	-1.02618	-1.03605	-0.970484	-0.850858	-0.713657	-0.590487	-0.494456	-0.426244	-0.38555	-0.368002	-0.373001	-0.412538	-0.490091	-0.576485	-0.63648	-0.650783	-0.605798	-0.498975	-0.348795	-0.168534	0.0288709	0.222501	0.387078	0.512053	0.599375	0.657372	0.678535	0.653981	
-0.508728	-0.508728	-0.470701	-0.397572	-0.299729	-0.177462	-0.0399219	0.110275	0.255879	0.385962	0.480879	0.515355	0.473292	0.361566	0.212824	0.0388808	-0.161314	-0.38608	-0.60969	-0.806565	-0.968538	-1.08776	-1.14924	-1.13816	-1.05145	-0.916403	-0.769512	-0.645244	-0.553963	-0.486616	-0.442667	-0.411842	-0.400635	-0.42205	-0.479042	-0.545547	-0.586791	-0.574763	-0.507792	-0.385878	-0.233024	-0.0644311	0.108996	0.273995	0.410247	0.509972	0.576272	0.616648	0.623068	0.584479	
-0.479519	-0.479519	-0.440964	-0.367385	-0.273289	-0.160364	-0.0400113	0.0879281	0.20635	0.301909	0.35733	0.350805	0.279103	0.149034	-0.00428706	-0.174377	-0.360643	-0.566072	-0.768448	-0.945622	-1.08776	-1.18638	-1.22763	-1.19715	-1.09801	-0.957527	-0.814671	-0.699762	-0.617816	-0.556144	-0.507843	-0.464249	-0.437304	-0.43701	-0.468632	-0.508108	-0.52148	-0.483648	-0.397007	-0.266425	-0.119834	0.0349772	0.187802	0.329956	0.445017	0.526926	0.574731	0.602265	0.598277	0.556486	
-0.362331	-0.362331	-0.324812	-0.256623	-0.171391	-0.0773274	0.0184781	0.115079	0.199143	0.256797	0.270947	0.228078	0.131286	-0.00922806	-0.161908	-0.325852	-0.498685	-0.686408	-0.869215	-1.02618	-1.14924	-1.22763	-1.25224	-1.21213	-1.11162	-0.980747	-0.852499	-0.75317	-0.684104	-0.629775	-0.580912	-0.531354	-0.492765	-0.47576	-0.482323	-0.493589	-0.48092	-0.423265	-0.323484	-0.191825	-0.052704	0.0908473	0.231264	0.358616	0.463322	0.536765	0.577884	0.602438	0.598884	0.558118	
-0.195394	-0.195394	-0.162071	-0.101972	-0.033415	0.0379415	0.102735	0.165444	0.214423	0.236556	0.217549	0.147071	0.0356735	-0.106375	-0.253647	-0.408388	-0.56913	-0.739223	-0.900895	-1.03605	-1.13816	-1.19715	-1.21213	-1.17039	-1.08371	-0.973843	-0.871943	-0.796945	-0.749049	-0.710385	-0.672786	-0.623144	-0.578494	-0.544763	-0.526618	-0.511661	-0.482629	-0.416023	-0.316482	-0.189647	-0.0572747	0.0830041	0.220557	0.347911	0.454273	0.530268	0.576568	0.606451	0.606536	0.572777	
-0.00350601	-0.00350601	0.0237387	0.0688449	0.116247	0.157312	0.188656	0.215773	0.231399	0.225168	0.182015	0.0966358	-0.0187633	-0.154182	-0.288861	-0.431458	-0.575779	-0.724838	-0.86042	-0.970484	-1.05145	-1.09801	-1.11162	-1.08371	-1.02239	-0.946089	-0.879182	-0.837158	-0.816258	-0.803924	-0.781427	-0.739135	-0.689813	-0.643605	-0.607589	-0.578881	-0.54204	-0.479395	-0.382898	-0.258814	-0.129031	0.0115624	0.152916	0.283098	0.396528	0.485974	0.546072	0.588775	0.602361	0.582543	
0.198087	0.198087	0.216024	0.241618	0.261734	0.26897	0.266326	0.259605	0.248508	0.221726	0.166695	0.0775876	-0.0341859	-0.15638	-0.277745	-0.403935	-0.531938	-0.656658	-0.765571	-0.850858	-0.916403	-0.957527	-0.980747	-0.973843	-0.946089	-0.908188	-0.883413	-0.879719	-0.895676	-0.912311	-0.91123	-0.876325	-0.823325	-0.769254	-0.72385	-0.687274	-0.652194	-0.595002	-0.502589	-0.384096	-0.256388	-0.116218	0.0282861	0.166514	0.295154	0.399338	0.477927	0.536113	0.565665	0.567579	
0.412875	0.412875	0.418222	0.419914	0.406545	0.378337	0.340016	0.304171	0.26874	0.229261	0.167799	0.0809461	-0.0248819	-0.135475	-0.2427	-0.354039	-0.462883	-0.56485	-0.647226	-0.713657	-0.769512	-0.814671	-0.852499	-0.871943	-0.879182	-0.883413	-0.902551	-0.94232	-0.992528	-1.03705	-1.05102	-1.02026	-0.965656	-0.908866	-0.861921	-0.825781	-0.792187	-0.740843	-0.655403	-0.541139	-0.419911	-0.282584	-0.135002	0.0108454	0.147885	0.26561	0.360274	0.43644	0.494098	0.532218	
0.630666	0.630666	0.621765	0.595368	0.547388	0.481931	0.413065	0.350132	0.297665	0.247183	0.185058	0.100444	-0.000105781	-0.102089	-0.198976	-0.294804	-0.388623	-0.470199	-0.535151	-0.590487	-0.645244	-0.699762	-0.75317	-0.796945	-0.837158	-0.879719	-0.94232	-1.01845	-1.09665	-1.15815	-1.17966	-1.15364	-1.09951	-1.04661	-1.00227	-0.964445	-0.929216	-0.882212	-0.802125	-0.69917	-0.586036	-0.45611	-0.310761	-0.1642	-0.0230806	0.103028	0.215553	0.317533	0.408715	0.486124	
0.824109	0.824109	0.800011	0.746115	0.663863	0.566933	0.471771	0.390771	0.323563	0.268305	0.204719	0.125471	0.0278401	-0.0667314	-0.153543	-0.235886	-0.315628	-0.385334	-0.441509	-0.494456	-0.553963	-0.617816	-0.684104	-0.749049	-0.816258	-0.895676	-0.992528	-1.09665	-1.19037	-1.25672	-1.28242	-1.25945	-1.20917	-1.15907	-1.11345	-1.06926	-1.02939	-0.984342	-0.915699	-0.824123	-0.722595	-0.60284	-0.464139	-0.322405	-0.181614	-0.0474132	0.0851963	0.212496	0.336198	0.443101	
0.955706	0.955706	0.917437	0.840301	0.72896	0.609171	0.496488	0.403723	0.328166	0.267118	0.206553	0.130483	0.0402179	-0.0472585	-0.121417	-0.188787	-0.256574	-0.319143	-0.371733	-0.426244	-0.486616	-0.556144	-0.629775	-0.710385	-0.803924	-0.912311	-1.03705	-1.15815	-1.25672	-1.32375	-1.35067	-1.33171	-1.2833	-1.22882	-1.1748	-1.11874	-1.07007	-1.02519	-0.965569	-0.885836	-0.797752	-0.693182	-0.570369	-0.434916	-0.295316	-0.1481	0.00446601	0.153891	0.294112	0.419365	
0.987698	0.987698	0.939998	0.845288	0.717593	0.584541	0.466595	0.369506	0.289639	0.22678	0.169339	0.10259	0.0226573	-0.0526551	-0.11196	-0.164301	-0.222722	-0.281179	-0.334858	-0.38555	-0.442667	-0.507843	-0.580912	-0.672786	-0.781427	-0.91123	-1.05102	-1.17966	-1.28242	-1.35067	-1.38318	-1.37026	-1.31808	-1.25247	-1.18104	-1.10613	-1.04144	-0.989512	-0.933789	-0.866983	-0.796913	-0.715174	-0.607379	-0.47962	-0.334688	-0.176334	-0.0137053	0.141609	0.287607	0.41456	
0.895244	0.895244	0.843188	0.745214	0.613895	0.4866	0.374508	0.284946	0.207027	0.147001	0.098895	0.0462523	-0.0158687	-0.0767127	-0.120616	-0.162036	-0.213557	-0.272785	-0.324063	-0.368002	-0.411842	-0.464249	-0.531354	-0.623144	-0.739135	-0.876325	-1.02026	-1.15364	-1.25945	-1.33171	-1.37026	-1.35567	-1.29653	-1.21248	-1.12023	-1.02349	-0.93906	-0.872424	-0.819442	-0.76445	-0.71407	-0.649566	-0.555489	-0.428714	-0.28425	-0.128062	0.0285285	0.178437	0.315098	0.438617	
0.708026	0.708026	0.659273	0.567798	0.45	0.33861	0.244675	0.166536	0.0961844	0.0418845	0.0073599	-0.0261627	-0.0669291	-0.112824	-0.145442	-0.181237	-0.230951	-0.291198	-0.340403	-0.373001	-0.400635	-0.437304	-0.492765	-0.578494	-0.689813	-0.823325	-0.965656	-1.09951	-1.20917	-1.2833	-1.31808	-1.29653	-1.22194	-1.11605	-0.999582	-0.877464	-0.769602	-0.690458	-0.641025	-0.602108	-0.568984	-0.516151	-0.42624	-0.302051	-0.163968	-0.0175805	0.122947	0.258941	0.383011	0.493126	
0.474128	0.474128	0.434134	0.360511	0.266754	0.181991	0.110074	0.0470302	-0.0151868	-0.0621315	-0.0832596	-0.0992599	-0.122889	-0.161735	-0.193903	-0.233455	-0.287088	-0.348596	-0.394477	-0.412538	-0.42205	-0.43701	-0.47576	-0.544763	-0.643605	-0.769254	-0.908866	-1.04661	-1.15907	-1.22882	-1.25247	-1.21248	-1.11605	-0.982504	-0.833603	-0.683963	-0.555045	-0.468124	-0.42779	-0.40605	-0.38663	-0.342815	-0.259954	-0.146062	-0.0184133	0.114083	0.242248	0.368632	0.476097	0.564139	
0.221569	0.221569	0.195638	0.147261	0.0877086	0.0350826	-0.00996439	-0.0556472	-0.106928	-0.143134	-0.153705	-0.155242	-0.173061	-0.21526	-0.260132	-0.31442	-0.375682	-0.442574	-0.483616	-0.490091	-0.479042	-0.468632	-0.482323	-0.526618	-0.607589	-0.72385	-0.861921	-1.00227	-1.11345	-1.1748	-1.18104	-1.12023	-0.999582	-0.833603	-0.652176	-0.47473	-0.330213	-0.240041	-0.205891	-0.196239	-0.191601	-0.161172	-0.097545	-0.00351045	0.109236	0.230449	0.350568	0.468065	0.561746	0.632063	
-0.0454905	-0.0454905	-0.0547002	-0.0709433	-0.0910645	-0.104453	-0.117647	-0.139305	-0.169686	-0.190522	-0.185452	-0.179923	-0.197309	-0.252768	-0.318701	-0.391507	-0.466464	-0.538091	-0.579114	-0.576485	-0.545547	-0.508108	-0.493589	-0.511661	-0.578881	-0.687274	-0.825781	-0.964445	-1.06926	-1.11874	-1.10613	-1.02349	-0.877464	-0.683963	-0.47473	-0.281203	-0.129147	-0.0357953	-0.00154032	1.36024e-05	-0.00939271	-0.00169549	0.03735	0.110546	0.208722	0.320557	0.432287	0.540814	0.622508	0.68039	
-0.316971	-0.316971	-0.307592	-0.292134	-0.268376	-0.24137	-0.216324	-0.205142	-0.206095	-0.199804	-0.181047	-0.167497	-0.193207	-0.262797	-0.351125	-0.442642	-0.529964	-0.606855	-0.648925	-0.63648	-0.586791	-0.52148	-0.48092	-0.482629	-0.54204	-0.652194	-0.792187	-0.929216	-1.02939	-1.07007	-1.04144	-0.93906	-0.769602	-0.555045	-0.330213	-0.129147	0.0269894	0.121529	0.157422	0.147482	0.115532	0.09928	0.121613	0.180287	0.275513	0.380006	0.485637	0.584828	0.660833	0.707456	
-0.573306	-0.573306	-0.548457	-0.501097	-0.438804	-0.368212	-0.303474	-0.251491	-0.214035	-0.177402	-0.142756	-0.128616	-0.164525	-0.249037	-0.35594	-0.462894	-0.55894	-0.639917	-0.674554	-0.650783	-0.574763	-0.483648	-0.423265	-0.416023	-0.479395	-0.595002	-0.740843	-0.882212	-0.984342	-1.02519	-0.989512	-0.872424	-0.690458	-0.468124	-0.240041	-0.0357953	0.121529	0.219142	0.250328	0.223855	0.168071	0.133056	0.141011	0.19798	0.290893	0.396553	0.506966	0.608829	0.683095	0.727086	
-0.79666	-0.79666	-0.758048	-0.684981	-0.585639	-0.474426	-0.364241	-0.265865	-0.181652	-0.110432	-0.0589309	-0.0459951	-0.0915624	-0.187842	-0.309552	-0.428843	-0.537337	-0.617892	-0.647437	-0.605798	-0.507792	-0.397007	-0.323484	-0.316482	-0.382898	-0.502589	-0.655403	-0.802125	-0.915699	-0.965569	-0.933789	-0.819442	-0.641025	-0.42779	-0.205891	-0.00154032	0.157422	0.250328	0.271612	0.228833	0.156486	0.108156	0.114341	0.171198	0.269596	0.387064	0.510139	0.619995	0.706748	0.756543	
-0.950271	-0.950271	-0.901921	-0.807143	-0.67852	-0.527529	-0.37445	-0.225337	-0.0950983	0.0125104	0.0784087	0.0901413	0.0361576	-0.06962	-0.201604	-0.335537	-0.45407	-0.536741	-0.555938	-0.498975	-0.385878	-0.266425	-0.191825	-0.189647	-0.258814	-0.384096	-0.541139	-0.69917	-0.824123	-0.885836	-0.866983	-0.76445	-0.602108	-0.40605	-0.196239	1.36024e-05	0.147482	0.223855	0.228833	0.177164	0.0989832	0.0508013	0.0593685	0.126285	0.238875	0.373393	0.514393	0.643586	0.748906	0.81268	
-0.989023	-0.989023	-0.933851	-0.826076	-0.675229	-0.496356	-0.305588	-0.116508	0.0546297	0.189807	0.267708	0.276607	0.215046	0.101471	-0.0409125	-0.189055	-0.318828	-0.403385	-0.41375	-0.348795	-0.233024	-0.119834	-0.052704	-0.0572747	-0.129031	-0.256388	-0.419911	-0.586036	-0.722595	-0.797752	-0.796913	-0.71407	-0.568984	-0.38663	-0.191601	-0.00939271	0.115532	0.168071	0.156486	0.0989832	0.0205215	-0.0258368	-0.00880856	0.0780942	0.211654	0.372233	0.539483	0.694422	0.824513	0.906173	
-0.91723	-0.91723	-0.858064	-0.738948	-0.575747	-0.373889	-0.158038	0.0637675	0.26497	0.421375	0.510644	0.515399	0.449385	0.324376	0.171224	0.00730259	-0.135564	-0.223151	-0.232869	-0.168534	-0.0644311	0.0349772	0.0908473	0.0830041	0.0115624	-0.116218	-0.282584	-0.45611	-0.60284	-0.693182	-0.715174	-0.649566	-0.516151	-0.342815	-0.161172	-0.00169549	0.09928	0.133056	0.108156	0.0508013	-0.0258368	-0.0695719	-0.0422477	0.062351	0.215952	0.405835	0.602839	0.790475	0.943009	1.03027	
-0.747301	-0.747301	-0.682521	-0.559296	-0.385526	-0.176747	0.0557565	0.293992	0.514551	0.687275	0.78485	0.792508	0.72148	0.588328	0.425409	0.247921	0.0945737	-0.00208736	-0.021074	0.0288709	0.108996	0.187802	0.231264	0.220557	0.152916	0.0282861	-0.135002	-0.310761	-0.464139	-0.570369	-0.607379	-0.555489	-0.42624	-0.259954	-0.097545	0.03735	0.121613	0.141011	0.114341	0.0593685	-0.00880856	-0.0422477	-0.00248379	0.114666	0.289906	0.502622	0.723526	0.930036	1.08722	1.17363	
-0.503773	-0.503773	-0.435625	-0.307809	-0.134967	0.0727212	0.303897	0.545423	0.772824	0.95444	1.06099	1.07378	1.00145	0.86415	0.695009	0.51087	0.349126	0.236884	0.199947	0.222501	0.273995	0.329956	0.358616	0.347911	0.283098	0.166514	0.0108454	-0.1642	-0.322405	-0.434916	-0.47962	-0.428714	-0.302051	-0.146062	-0.00351045	0.110546	0.180287	0.19798	0.171198	0.126285	0.0780942	0.062351	0.114666	0.248952	0.442405	0.672147	0.903351	1.10777	1.25394	1.32995	
-0.235127	-0.235127	-0.163428	-0.0355518	0.131457	0.325568	0.543959	0.775283	0.99977	1.18376	1.29829	1.31802	1.24985	1.11335	0.944699	0.761183	0.590048	0.46025	0.394226	0.387078	0.410247	0.445017	0.463322	0.454273	0.396528	0.295154	0.147885	-0.0230806	-0.181614	-0.295316	-0.334688	-0.28425	-0.163968	-0.0184133	0.109236	0.208722	0.275513	0.290893	0.269596	0.238875	0.211654	0.215952	0.289906	0.442405	0.656743	0.89392	1.11536	1.29891	1.4212	1.47026	
0.00240917	0.00240917	0.0756821	0.200086	0.355282	0.52912	0.726102	0.941198	1.155	1.33971	1.45889	1.49273	1.43446	1.31068	1.15119	0.974146	0.797147	0.645647	0.549253	0.512053	0.509972	0.526926	0.536765	0.530268	0.485974	0.399338	0.26561	0.103028	-0.0474132	-0.1481	-0.176334	-0.128062	-0.0175805	0.114083	0.230449	0.320557	0.380006	0.396553	0.387064	0.373393	0.372233	0.405835	0.502622	0.672147	0.89392	1.11592	1.31648	1.47329	1.56253	1.56664	
0.166762	0.166762	0.237821	0.353694	0.492489	0.64259	0.817035	1.01313	1.21663	1.3989	1.52644	1.58004	1.5452	1.44776	1.30749	1.14354	0.963266	0.791172	0.667062	0.599375	0.576272	0.574731	0.577884	0.576568	0.546072	0.477927	0.360274	0.215553	0.0851963	0.00446601	-0.0137053	0.0285285	0.122947	0.242248	0.350568	0.432287	0.485637	0.506966	0.510139	0.514393	0.539483	0.602839	0.723526	0.903351	1.11536	1.31648	1.49132	1.60723	1.64339	1.58941	
0.25154	0.25154	0.313702	0.41669	0.531697	0.661124	0.810581	0.991013	1.18094	1.35864	1.49466	1.5708	1.57168	1.50911	1.39688	1.25085	1.07247	0.891159	0.745651	0.657372	0.616648	0.602265	0.602438	0.606451	0.588775	0.536113	0.43644	0.317533	0.212496	0.153891	0.141609	0.178437	0.258941	0.368632	0.468065	0.540814	0.584828	0.608829	0.619995	0.643586	0.694422	0.790475	0.930036	1.10777	1.29891	1.47329	1.60723	1.66535	1.64062	1.52751	
0.282705	0.282705	0.331184	0.409298	0.500049	0.60305	0.73231	0.892744	1.06776	1.23593	1.37761	1.47804	1.51983	1.49682	1.4178	1.29036	1.12347	0.940718	0.784026	0.678535	0.623068	0.598277	0.598884	0.606536	0.602361	0.565665	0.494098	0.408715	0.336198	0.294112	0.287607	0.315098	0.383011	0.476097	0.561746	0.622508	0.660833	0.683095	0.706748	0.748906	0.824513	0.943009	1.08722	1.25394	1.4212	1.56253	1.64339	1.64062	1.55519	1.39714	
0.27916	0.27916	0.308283	0.356753	0.42023	0.499269	0.610122	0.750546	0.909142	1.06423	1.20812	1.32982	1.40782	1.42281	1.3715	1.26375	1.11067	0.934883	0.772013	0.653981	0.584479	0.556486	0.558118	0.572777	0.582543	0.567579	0.532218	0.486124	0.443101	0.419365	0.41456	0.438617	0.493126	0.564139	0.632063	0.68039	0.707456	0.727086	0.756543	0.81268	0.906173	1.03027	1.17363	1.32995	1.47026	1.56664	1.58941	1.52751	1.39714	1.20809	
