-2.07257	-2.07257	-2.00064	-1.86545	-1.66831	-1.41482	-1.13213	-0.829831	-0.508168	-0.168895	0.170572	0.482742	0.739862	0.942188	1.10337	1.21	1.23719	1.18922	1.10402	1.00261	0.873653	0.7272	0.591365	0.473359	0.366354	0.277011	0.200519	0.128078	0.0744351	0.036849	0.0190921	0.0199712	0.0423224	0.0824358	0.148075	0.232045	0.325115	0.416079	0.49467	0.55724	0.590634	0.575285	0.539017	0.500637	0.447631	0.351551	0.22195	0.0736828	-0.0947225	-0.286543	
-2.07257	-2.07257	-2.00064	-1.86545	-1.66831	-1.41482	-1.13213	-0.829831	-0.508168	-0.168895	0.170572	0.482742	0.739862	0.942188	1.10337	1.21	1.23719	1.18922	1.10402	1.00261	0.873653	0.7272	0.591365	0.473359	0.366354	0.277011	0.200519	0.128078	0.0744351	0.036849	0.0190921	0.0199712	0.0423224	0.0824358	0.148075	0.232045	0.325115	0.416079	0.49467	0.55724	0.590634	0.575285	0.539017	0.500637	0.447631	0.351551	0.22195	0.0736828	-0.0947225	-0.286543	
-2.00064	-2.00064	-1.92922	-1.80062	-1.61839	-1.37834	-1.10359	-0.806745	-0.498495	-0.17634	0.150106	0.457723	0.710146	0.901171	1.04951	1.15182	1.18602	1.14645	1.06352	0.962231	0.841388	0.713085	0.593998	0.482118	0.370383	0.275549	0.19964	0.134047	0.0877744	0.0569465	0.0446779	0.0494149	0.069167	0.10095	0.157532	0.239253	0.334083	0.42131	0.481229	0.516887	0.527975	0.506909	0.477098	0.448041	0.404153	0.320506	0.208028	0.0777126	-0.0775663	-0.26172	
-1.86545	-1.86545	-1.80062	-1.68633	-1.52257	-1.30543	-1.04996	-0.773224	-0.48359	-0.184118	0.120673	0.406452	0.639013	0.812495	0.948516	1.04857	1.08788	1.05621	0.980009	0.88982	0.791979	0.692398	0.595389	0.488321	0.371989	0.274399	0.206707	0.155721	0.123042	0.101184	0.0965137	0.105056	0.122188	0.141844	0.184183	0.256302	0.34652	0.420726	0.453366	0.449217	0.427582	0.391026	0.362179	0.342395	0.311859	0.24979	0.168574	0.0731775	-0.05138	-0.216384	
-1.66831	-1.66831	-1.61839	-1.52257	-1.38022	-1.18824	-0.968463	-0.723831	-0.461805	-0.184846	0.0865368	0.330882	0.524775	0.675516	0.804792	0.904225	0.945811	0.91998	0.859416	0.796563	0.733494	0.667255	0.589887	0.490842	0.376465	0.28578	0.232623	0.202918	0.188483	0.179599	0.178484	0.184436	0.190987	0.1968	0.22247	0.279335	0.351958	0.405106	0.406672	0.368196	0.311895	0.253654	0.216797	0.201446	0.187195	0.151805	0.104976	0.0499438	-0.0344218	-0.166488	
-1.41482	-1.41482	-1.37834	-1.30543	-1.18824	-1.03158	-0.849297	-0.647862	-0.423177	-0.187974	0.0379991	0.230019	0.378943	0.501215	0.617209	0.713358	0.757309	0.746174	0.713912	0.688109	0.663204	0.626738	0.57326	0.493531	0.398798	0.323129	0.284366	0.27122	0.276151	0.280908	0.281412	0.273253	0.260429	0.248233	0.259451	0.298185	0.347636	0.371346	0.346586	0.278875	0.193611	0.107439	0.0536851	0.0415494	0.0474237	0.0424276	0.0293246	0.010516	-0.0334229	-0.127779	
-1.13213	-1.13213	-1.10359	-1.04996	-0.968463	-0.849297	-0.706638	-0.544867	-0.375703	-0.200859	-0.0351804	0.108778	0.21943	0.311945	0.405752	0.489021	0.537513	0.550044	0.555807	0.569523	0.575804	0.564409	0.535848	0.491077	0.432943	0.384308	0.357233	0.352233	0.366125	0.381542	0.38147	0.361227	0.32905	0.301054	0.295456	0.311209	0.327229	0.319294	0.26754	0.180392	0.0702224	-0.0401495	-0.110277	-0.12161	-0.0934656	-0.0635485	-0.0418078	-0.030238	-0.0468934	-0.112456	
-0.829831	-0.829831	-0.806745	-0.773224	-0.723831	-0.647862	-0.544867	-0.434743	-0.327825	-0.22798	-0.126837	-0.0318192	0.0467657	0.112843	0.180837	0.247362	0.298152	0.336791	0.380776	0.430675	0.466715	0.47995	0.481963	0.476978	0.46524	0.451295	0.441244	0.437808	0.447466	0.45734	0.452623	0.425679	0.386389	0.348276	0.324017	0.307629	0.285106	0.239331	0.164553	0.0617618	-0.058368	-0.178349	-0.256977	-0.266649	-0.223478	-0.163511	-0.108197	-0.0713417	-0.0717976	-0.123215	
-0.508168	-0.508168	-0.498495	-0.48359	-0.461805	-0.423177	-0.375703	-0.327825	-0.291005	-0.257597	-0.219859	-0.173927	-0.130432	-0.0893841	-0.0419763	0.0133905	0.0711283	0.131776	0.202425	0.278344	0.34292	0.390481	0.427835	0.460572	0.486954	0.508433	0.521769	0.526834	0.526777	0.521344	0.504512	0.474591	0.434407	0.388516	0.340636	0.288291	0.224025	0.144122	0.0446245	-0.0667535	-0.184103	-0.290485	-0.355505	-0.360358	-0.312636	-0.240284	-0.166988	-0.115721	-0.109723	-0.156271	
-0.168895	-0.168895	-0.17634	-0.184118	-0.184846	-0.187974	-0.200859	-0.22798	-0.257597	-0.28441	-0.299076	-0.303901	-0.301571	-0.290438	-0.258447	-0.201309	-0.128237	-0.048859	0.0353016	0.124729	0.21515	0.299984	0.375631	0.439314	0.494922	0.545166	0.586193	0.60697	0.605054	0.586673	0.559167	0.525383	0.47947	0.417374	0.339596	0.252082	0.157704	0.0515857	-0.0648132	-0.183892	-0.29176	-0.373833	-0.417104	-0.410826	-0.364423	-0.293707	-0.219687	-0.165821	-0.155056	-0.193587	
0.170572	0.170572	0.150106	0.120673	0.0865368	0.0379991	-0.0351804	-0.126837	-0.219859	-0.299076	-0.362577	-0.414893	-0.457643	-0.476443	-0.454441	-0.388848	-0.299877	-0.206026	-0.113	-0.0154999	0.0901189	0.199358	0.302287	0.392892	0.474732	0.552072	0.618397	0.660868	0.66948	0.653827	0.625138	0.585079	0.523221	0.432531	0.319309	0.200564	0.0835078	-0.0359225	-0.161494	-0.282041	-0.380789	-0.44171	-0.459637	-0.439682	-0.392813	-0.330581	-0.266054	-0.215644	-0.199367	-0.227978	
0.482742	0.482742	0.457723	0.406452	0.330882	0.230019	0.108778	-0.0318192	-0.173927	-0.303901	-0.414893	-0.514504	-0.593711	-0.632151	-0.612784	-0.542929	-0.446557	-0.342165	-0.237346	-0.130979	-0.0196184	0.0975169	0.213934	0.324056	0.428995	0.526219	0.61192	0.675194	0.703593	0.701329	0.673066	0.620906	0.534266	0.416932	0.27847	0.140041	0.00996049	-0.118341	-0.244531	-0.358361	-0.4442	-0.485919	-0.487814	-0.456584	-0.409134	-0.355226	-0.305587	-0.265581	-0.246746	-0.262241	
0.739862	0.739862	0.710146	0.639013	0.524775	0.378943	0.21943	0.0467657	-0.130432	-0.301571	-0.457643	-0.593711	-0.692456	-0.733478	-0.714702	-0.6462	-0.549979	-0.439221	-0.325751	-0.212574	-0.0963459	0.0244398	0.144728	0.260328	0.37149	0.473816	0.56556	0.643425	0.690913	0.701454	0.67143	0.600654	0.493426	0.364374	0.22462	0.0870368	-0.0453455	-0.174174	-0.293485	-0.394526	-0.465924	-0.495296	-0.485387	-0.449479	-0.406493	-0.36531	-0.332432	-0.308016	-0.297755	-0.312144	
0.942188	0.942188	0.901171	0.812495	0.675516	0.501215	0.311945	0.112843	-0.0893841	-0.290438	-0.476443	-0.632151	-0.733478	-0.774296	-0.760511	-0.701017	-0.610436	-0.503375	-0.391567	-0.273354	-0.147768	-0.0196546	0.0986584	0.206357	0.308589	0.39939	0.481181	0.557032	0.611971	0.632948	0.60309	0.523875	0.407122	0.283884	0.161333	0.0434793	-0.0724508	-0.187968	-0.293787	-0.382441	-0.447763	-0.47448	-0.466517	-0.433687	-0.394502	-0.359547	-0.341927	-0.34078	-0.351333	-0.374256	
1.10337	1.10337	1.04951	0.948516	0.804792	0.617209	0.405752	0.180837	-0.0419763	-0.258447	-0.454441	-0.612784	-0.714702	-0.760511	-0.762161	-0.721021	-0.649384	-0.556416	-0.449144	-0.325294	-0.190599	-0.0595256	0.0534428	0.149886	0.236858	0.307056	0.363832	0.420233	0.468798	0.493677	0.472945	0.40043	0.294325	0.189749	0.0938374	0.00609262	-0.0798008	-0.168446	-0.25358	-0.334172	-0.401941	-0.437358	-0.438502	-0.416058	-0.387605	-0.36003	-0.350418	-0.364733	-0.396768	-0.436191	
1.21	1.21	1.15182	1.04857	0.904225	0.713358	0.489021	0.247362	0.0133905	-0.201309	-0.388848	-0.542929	-0.6462	-0.701017	-0.721021	-0.708803	-0.664436	-0.584073	-0.475678	-0.347253	-0.213975	-0.0865759	0.0187064	0.100462	0.165361	0.207569	0.234673	0.263456	0.289669	0.303111	0.285811	0.235152	0.16121	0.0935075	0.033119	-0.0196018	-0.0696872	-0.125086	-0.185915	-0.25366	-0.32117	-0.367232	-0.388288	-0.390749	-0.38135	-0.3656	-0.366913	-0.394615	-0.437344	-0.485138	
1.23719	1.23719	1.18602	1.08788	0.945811	0.757309	0.537513	0.298152	0.0711283	-0.128237	-0.299877	-0.446557	-0.549979	-0.610436	-0.649384	-0.664436	-0.639502	-0.562891	-0.453101	-0.329788	-0.20441	-0.0844269	0.00844479	0.0661147	0.100705	0.115019	0.116777	0.11538	0.104258	0.0840915	0.0600372	0.0353747	0.00778226	-0.0119427	-0.031649	-0.0478153	-0.0597235	-0.0773562	-0.105843	-0.152939	-0.2133	-0.266422	-0.308777	-0.340793	-0.362707	-0.371139	-0.38954	-0.430351	-0.484663	-0.538412	
1.18922	1.18922	1.14645	1.05621	0.91998	0.746174	0.550044	0.336791	0.131776	-0.048859	-0.206026	-0.342165	-0.439221	-0.503375	-0.556416	-0.584073	-0.562891	-0.48811	-0.387853	-0.276581	-0.16419	-0.0597005	0.0093259	0.0383048	0.0445318	0.0339153	0.00910579	-0.0275458	-0.0819494	-0.137866	-0.170137	-0.172078	-0.159253	-0.136354	-0.117122	-0.0952434	-0.0675838	-0.0467965	-0.0431578	-0.0658201	-0.110794	-0.164677	-0.220331	-0.275793	-0.321658	-0.354264	-0.395983	-0.456793	-0.522005	-0.580367	
1.10402	1.10402	1.06352	0.980009	0.859416	0.713912	0.555807	0.380776	0.202425	0.0353016	-0.113	-0.237346	-0.325751	-0.391567	-0.449144	-0.475678	-0.453101	-0.387853	-0.302044	-0.206604	-0.115818	-0.0408379	0.00250059	0.011453	-0.00277004	-0.0420929	-0.10207	-0.176607	-0.263451	-0.340832	-0.380223	-0.374249	-0.341124	-0.288162	-0.232719	-0.17254	-0.107022	-0.0528829	-0.0196529	-0.0143261	-0.0381969	-0.0806929	-0.139437	-0.209263	-0.277248	-0.330001	-0.384597	-0.452878	-0.525527	-0.585767	
1.00261	1.00261	0.962231	0.88982	0.796563	0.688109	0.569523	0.430675	0.278344	0.124729	-0.0154999	-0.130979	-0.212574	-0.273354	-0.325294	-0.347253	-0.329788	-0.276581	-0.206604	-0.133896	-0.0775134	-0.0331391	-0.00865751	-0.013009	-0.0514175	-0.123998	-0.221216	-0.325463	-0.428466	-0.51554	-0.562928	-0.562781	-0.523146	-0.448519	-0.360334	-0.264784	-0.170051	-0.0905996	-0.0309738	0.000967388	0.00152914	-0.0287855	-0.0845565	-0.161982	-0.240718	-0.301128	-0.355521	-0.4194	-0.486747	-0.544276	
0.873653	0.873653	0.841388	0.791979	0.733494	0.663204	0.575804	0.466715	0.34292	0.21515	0.0901189	-0.0196184	-0.0963459	-0.147768	-0.190599	-0.213975	-0.20441	-0.16419	-0.115818	-0.0775134	-0.0530244	-0.0297416	-0.0179642	-0.0415779	-0.102424	-0.200912	-0.322653	-0.445596	-0.556163	-0.645772	-0.699943	-0.708269	-0.671371	-0.587108	-0.475304	-0.355086	-0.239129	-0.141246	-0.0651402	-0.0169492	-0.00418321	-0.0228706	-0.0693446	-0.139221	-0.211789	-0.266725	-0.31374	-0.368729	-0.427343	-0.474405	
0.7272	0.7272	0.713085	0.692398	0.667255	0.626738	0.564409	0.47995	0.390481	0.299984	0.199358	0.0975169	0.0244398	-0.0196546	-0.0595256	-0.0865759	-0.0844269	-0.0597005	-0.0408379	-0.0331391	-0.0297416	-0.0200449	-0.0265064	-0.064172	-0.136706	-0.244426	-0.379908	-0.513886	-0.626922	-0.715471	-0.77089	-0.789025	-0.763707	-0.681367	-0.562444	-0.4308	-0.306504	-0.202471	-0.123506	-0.0751765	-0.0564394	-0.0632556	-0.0890508	-0.133309	-0.182941	-0.221397	-0.25697	-0.30108	-0.343932	-0.373046	
0.591365	0.591365	0.593998	0.595389	0.589887	0.57326	0.535848	0.481963	0.427835	0.375631	0.302287	0.213934	0.144728	0.0986584	0.0534428	0.0187064	0.00844479	0.0093259	0.00250059	-0.00865751	-0.0179642	-0.0265064	-0.0422909	-0.0799977	-0.146209	-0.251709	-0.383281	-0.513187	-0.623703	-0.711613	-0.773296	-0.805582	-0.795236	-0.72948	-0.624796	-0.508837	-0.395774	-0.299766	-0.226514	-0.174005	-0.143363	-0.132006	-0.133014	-0.146391	-0.162652	-0.176644	-0.195918	-0.223424	-0.243847	-0.251753	
0.473359	0.473359	0.482118	0.488321	0.490842	0.493531	0.491077	0.476978	0.460572	0.439314	0.392892	0.324056	0.260328	0.206357	0.149886	0.100462	0.0661147	0.0383048	0.011453	-0.013009	-0.0415779	-0.064172	-0.0799977	-0.105046	-0.161002	-0.246032	-0.348553	-0.45452	-0.555709	-0.647203	-0.718885	-0.761058	-0.765885	-0.728499	-0.667801	-0.592739	-0.511231	-0.43414	-0.365679	-0.306178	-0.260278	-0.228975	-0.206398	-0.188571	-0.170291	-0.150259	-0.140906	-0.143968	-0.142833	-0.133366	
0.366354	0.366354	0.370383	0.371989	0.376465	0.398798	0.432943	0.46524	0.486954	0.494922	0.474732	0.428995	0.37149	0.308589	0.236858	0.165361	0.100705	0.0445318	-0.00277004	-0.0514175	-0.102424	-0.136706	-0.146209	-0.161002	-0.194252	-0.239163	-0.292987	-0.361648	-0.445912	-0.536209	-0.612235	-0.660609	-0.682655	-0.690646	-0.686503	-0.665863	-0.626819	-0.576893	-0.520565	-0.458164	-0.399151	-0.349268	-0.303278	-0.25487	-0.198406	-0.143528	-0.101648	-0.072043	-0.0451566	-0.0245203	
0.277011	0.277011	0.275549	0.274399	0.28578	0.323129	0.384308	0.451295	0.508433	0.545166	0.552072	0.526219	0.473816	0.39939	0.307056	0.207569	0.115019	0.0339153	-0.0420929	-0.123998	-0.200912	-0.244426	-0.251709	-0.246032	-0.239163	-0.230042	-0.229692	-0.25268	-0.307943	-0.386276	-0.461956	-0.518452	-0.569069	-0.623537	-0.677659	-0.715716	-0.728692	-0.716306	-0.681346	-0.622848	-0.549189	-0.47258	-0.399453	-0.320747	-0.232706	-0.141532	-0.0606097	0.000391524	0.0421742	0.0650352	
0.200519	0.200519	0.19964	0.206707	0.232623	0.284366	0.357233	0.441244	0.521769	0.586193	0.618397	0.61192	0.56556	0.481181	0.363832	0.234673	0.116777	0.00910579	-0.10207	-0.221216	-0.322653	-0.379908	-0.383281	-0.348553	-0.292987	-0.229692	-0.173125	-0.142065	-0.157213	-0.211204	-0.27868	-0.346575	-0.423641	-0.519242	-0.627749	-0.729436	-0.80166	-0.834889	-0.82813	-0.774353	-0.687812	-0.588929	-0.485352	-0.370272	-0.245975	-0.121292	-0.00929246	0.0741417	0.120721	0.132329	
0.128078	0.128078	0.134047	0.155721	0.202918	0.27122	0.352233	0.437808	0.526834	0.60697	0.660868	0.675194	0.643425	0.557032	0.420233	0.263456	0.11538	-0.0275458	-0.176607	-0.325463	-0.445596	-0.513886	-0.513187	-0.45452	-0.361648	-0.25268	-0.142065	-0.0556586	-0.020798	-0.0328112	-0.0799099	-0.151987	-0.250578	-0.382001	-0.540971	-0.697398	-0.820146	-0.896485	-0.916981	-0.875181	-0.78897	-0.675444	-0.545496	-0.398212	-0.240704	-0.0838825	0.0479028	0.133992	0.173514	0.174779	
0.0744351	0.0744351	0.0877744	0.123042	0.188483	0.276151	0.366125	0.447466	0.526777	0.605054	0.66948	0.703593	0.690913	0.611971	0.468798	0.289669	0.104258	-0.0819494	-0.263451	-0.428466	-0.556163	-0.626922	-0.623703	-0.555709	-0.445912	-0.307943	-0.157213	-0.020798	0.0729025	0.117866	0.103265	0.0352169	-0.0817318	-0.243411	-0.435256	-0.622554	-0.778867	-0.8842	-0.923983	-0.898382	-0.826998	-0.715078	-0.574474	-0.40739	-0.226572	-0.0533834	0.0830867	0.168502	0.200868	0.189373	
0.036849	0.036849	0.0569465	0.101184	0.179599	0.280908	0.381542	0.45734	0.521344	0.586673	0.653827	0.701329	0.701454	0.632948	0.493677	0.303111	0.0840915	-0.137866	-0.340832	-0.51554	-0.645772	-0.715471	-0.711613	-0.647203	-0.536209	-0.386276	-0.211204	-0.0328112	0.117866	0.22024	0.246358	0.192562	0.0696236	-0.104393	-0.305765	-0.506657	-0.680477	-0.799761	-0.851409	-0.843737	-0.788434	-0.689991	-0.561621	-0.395554	-0.207253	-0.030648	0.100016	0.173175	0.191608	0.166022	
0.0190921	0.0190921	0.0446779	0.0965137	0.178484	0.281412	0.38147	0.452623	0.504512	0.559167	0.625138	0.673066	0.67143	0.60309	0.472945	0.285811	0.0600372	-0.170137	-0.380223	-0.562928	-0.699943	-0.77089	-0.773296	-0.718885	-0.612235	-0.461956	-0.27868	-0.0799099	0.103265	0.246358	0.310845	0.288228	0.186774	0.0332279	-0.156079	-0.355289	-0.529387	-0.651055	-0.712637	-0.718042	-0.680291	-0.605907	-0.500555	-0.351806	-0.18251	-0.0269102	0.0854058	0.144469	0.152214	0.116358	
0.0199712	0.0199712	0.0494149	0.105056	0.184436	0.273253	0.361227	0.425679	0.474591	0.525383	0.585079	0.620906	0.600654	0.523875	0.40043	0.235152	0.0353747	-0.172078	-0.374249	-0.562781	-0.708269	-0.789025	-0.805582	-0.761058	-0.660609	-0.518452	-0.346575	-0.151987	0.0352169	0.192562	0.288228	0.309868	0.259581	0.150227	-0.0107192	-0.187949	-0.346981	-0.468618	-0.536201	-0.547562	-0.521668	-0.46865	-0.389949	-0.276699	-0.151412	-0.0356315	0.0452849	0.0862902	0.0893385	0.050746	
0.0423224	0.0423224	0.069167	0.122188	0.190987	0.260429	0.32905	0.386389	0.434407	0.47947	0.523221	0.534266	0.493426	0.407122	0.294325	0.16121	0.00778226	-0.159253	-0.341124	-0.523146	-0.671371	-0.763707	-0.795236	-0.765885	-0.682655	-0.569069	-0.423641	-0.250578	-0.0817318	0.0696236	0.186774	0.259581	0.269507	0.212484	0.0976101	-0.039469	-0.170929	-0.279707	-0.338607	-0.349839	-0.336134	-0.30157	-0.253067	-0.191892	-0.122274	-0.0527375	-0.00512608	0.0203867	0.0200147	-0.0202731	
0.0824358	0.0824358	0.10095	0.141844	0.1968	0.248233	0.301054	0.348276	0.388516	0.417374	0.432531	0.416932	0.364374	0.283884	0.189749	0.0935075	-0.0119427	-0.136354	-0.288162	-0.448519	-0.587108	-0.681367	-0.72948	-0.728499	-0.690646	-0.623537	-0.519242	-0.382001	-0.243411	-0.104393	0.0332279	0.150227	0.212484	0.21297	0.155235	0.070644	-0.0185049	-0.0899556	-0.123769	-0.133575	-0.132684	-0.12188	-0.114574	-0.103516	-0.0833226	-0.0581261	-0.0398734	-0.0300031	-0.0413613	-0.0788267	
0.148075	0.148075	0.157532	0.184183	0.22247	0.259451	0.295456	0.324017	0.340636	0.339596	0.319309	0.27847	0.22462	0.161333	0.0938374	0.033119	-0.031649	-0.117122	-0.232719	-0.360334	-0.475304	-0.562444	-0.624796	-0.667801	-0.686503	-0.677659	-0.627749	-0.540971	-0.435256	-0.305765	-0.156079	-0.0107192	0.0976101	0.155235	0.157476	0.129318	0.1016	0.0870518	0.0850167	0.0818843	0.0732292	0.0568429	0.0276559	-0.00296809	-0.0272723	-0.0423232	-0.0530508	-0.0675313	-0.0904577	-0.115435	
0.232045	0.232045	0.239253	0.256302	0.279335	0.298185	0.311209	0.307629	0.288291	0.252082	0.200564	0.140041	0.0870368	0.0434793	0.00609262	-0.0196018	-0.0478153	-0.0952434	-0.17254	-0.264784	-0.355086	-0.4308	-0.508837	-0.592739	-0.665863	-0.715716	-0.729436	-0.697398	-0.622554	-0.506657	-0.355289	-0.187949	-0.039469	0.070644	0.129318	0.165626	0.204327	0.242913	0.274575	0.285001	0.268183	0.228595	0.177503	0.118658	0.0565155	0.00840812	-0.0316619	-0.0775478	-0.11653	-0.131526	
0.325115	0.325115	0.334083	0.34652	0.351958	0.347636	0.327229	0.285106	0.224025	0.157704	0.0835078	0.00996049	-0.0453455	-0.0724508	-0.0798008	-0.0696872	-0.0597235	-0.0675838	-0.107022	-0.170051	-0.239129	-0.306504	-0.395774	-0.511231	-0.626819	-0.728692	-0.80166	-0.820146	-0.778867	-0.680477	-0.529387	-0.346981	-0.170929	-0.0185049	0.1016	0.204327	0.299646	0.383413	0.446841	0.470049	0.444007	0.39005	0.324877	0.242575	0.15629	0.0840835	0.0103401	-0.0664718	-0.117639	-0.132584	
0.416079	0.416079	0.42131	0.420726	0.405106	0.371346	0.319294	0.239331	0.144122	0.0515857	-0.0359225	-0.118341	-0.174174	-0.187968	-0.168446	-0.125086	-0.0773562	-0.0467965	-0.0528829	-0.0905996	-0.141246	-0.202471	-0.299766	-0.43414	-0.576893	-0.716306	-0.834889	-0.896485	-0.8842	-0.799761	-0.651055	-0.468618	-0.279707	-0.0899556	0.0870518	0.242913	0.383413	0.50654	0.597894	0.626454	0.593106	0.527286	0.444158	0.34028	0.234223	0.137412	0.0374038	-0.0585867	-0.120333	-0.135189	
0.49467	0.49467	0.481229	0.453366	0.406672	0.346586	0.26754	0.164553	0.0446245	-0.0648132	-0.161494	-0.244531	-0.293485	-0.293787	-0.25358	-0.185915	-0.105843	-0.0431578	-0.0196529	-0.0309738	-0.0651402	-0.123506	-0.226514	-0.365679	-0.520565	-0.681346	-0.82813	-0.916981	-0.923983	-0.851409	-0.712637	-0.536201	-0.338607	-0.123769	0.0850167	0.274575	0.446841	0.597894	0.70094	0.735303	0.700632	0.621089	0.514639	0.389259	0.26438	0.143924	0.0294694	-0.0693322	-0.134576	-0.149502	
0.55724	0.55724	0.516887	0.449217	0.368196	0.278875	0.180392	0.0617618	-0.0667535	-0.183892	-0.282041	-0.358361	-0.394526	-0.382441	-0.334172	-0.25366	-0.152939	-0.0658201	-0.0143261	0.000967388	-0.0169492	-0.0751765	-0.174005	-0.306178	-0.458164	-0.622848	-0.774353	-0.875181	-0.898382	-0.843737	-0.718042	-0.547562	-0.349839	-0.133575	0.0818843	0.285001	0.470049	0.626454	0.735303	0.778661	0.747613	0.657286	0.530526	0.387046	0.240039	0.104478	-0.013084	-0.111075	-0.17719	-0.183847	
0.590634	0.590634	0.527975	0.427582	0.311895	0.193611	0.0702224	-0.058368	-0.184103	-0.29176	-0.380789	-0.4442	-0.465924	-0.447763	-0.401941	-0.32117	-0.2133	-0.110794	-0.0381969	0.00152914	-0.00418321	-0.0564394	-0.143363	-0.260278	-0.399151	-0.549189	-0.687812	-0.78897	-0.826998	-0.788434	-0.680291	-0.521668	-0.336134	-0.132684	0.0732292	0.268183	0.444007	0.593106	0.700632	0.747613	0.717217	0.618936	0.483526	0.328842	0.171862	0.0319146	-0.085939	-0.185721	-0.249995	-0.255132	
0.575285	0.575285	0.506909	0.391026	0.253654	0.107439	-0.0401495	-0.178349	-0.290485	-0.373833	-0.44171	-0.485919	-0.495296	-0.47448	-0.437358	-0.367232	-0.266422	-0.164677	-0.0806929	-0.0287855	-0.0228706	-0.0632556	-0.132006	-0.228975	-0.349268	-0.47258	-0.588929	-0.675444	-0.715078	-0.689991	-0.605907	-0.46865	-0.30157	-0.12188	0.0568429	0.228595	0.39005	0.527286	0.621089	0.657286	0.618936	0.521231	0.382314	0.226756	0.0683658	-0.0706214	-0.189143	-0.290902	-0.35378	-0.356473	
0.539017	0.539017	0.477098	0.362179	0.216797	0.0536851	-0.110277	-0.256977	-0.355505	-0.417104	-0.459637	-0.487814	-0.485387	-0.466517	-0.438502	-0.388288	-0.308777	-0.220331	-0.139437	-0.0845565	-0.0693446	-0.0890508	-0.133014	-0.206398	-0.303278	-0.399453	-0.485352	-0.545496	-0.574474	-0.561621	-0.500555	-0.389949	-0.253067	-0.114574	0.0276559	0.177503	0.324877	0.444158	0.514639	0.530526	0.483526	0.382314	0.243702	0.0879173	-0.0660584	-0.198192	-0.311306	-0.405468	-0.459464	-0.458594	
0.500637	0.500637	0.448041	0.342395	0.201446	0.0415494	-0.12161	-0.266649	-0.360358	-0.410826	-0.439682	-0.456584	-0.449479	-0.433687	-0.416058	-0.390749	-0.340793	-0.275793	-0.209263	-0.161982	-0.139221	-0.133309	-0.146391	-0.188571	-0.25487	-0.320747	-0.370272	-0.398212	-0.40739	-0.395554	-0.351806	-0.276699	-0.191892	-0.103516	-0.00296809	0.118658	0.242575	0.34028	0.389259	0.387046	0.328842	0.226756	0.0879173	-0.0629404	-0.206734	-0.327822	-0.427821	-0.50478	-0.551079	-0.544323	
0.447631	0.447631	0.404153	0.311859	0.187195	0.0474237	-0.0934656	-0.223478	-0.312636	-0.364423	-0.392813	-0.409134	-0.406493	-0.394502	-0.387605	-0.38135	-0.362707	-0.321658	-0.277248	-0.240718	-0.211789	-0.182941	-0.162652	-0.170291	-0.198406	-0.232706	-0.245975	-0.240704	-0.226572	-0.207253	-0.18251	-0.151412	-0.122274	-0.0833226	-0.0272723	0.0565155	0.15629	0.234223	0.26438	0.240039	0.171862	0.0683658	-0.0660584	-0.206734	-0.337758	-0.445023	-0.532601	-0.596549	-0.625739	-0.606772	
0.351551	0.351551	0.320506	0.24979	0.151805	0.0424276	-0.0635485	-0.163511	-0.240284	-0.293707	-0.330581	-0.355226	-0.36531	-0.359547	-0.36003	-0.3656	-0.371139	-0.354264	-0.330001	-0.301128	-0.266725	-0.221397	-0.176644	-0.150259	-0.143528	-0.141532	-0.121292	-0.0838825	-0.0533834	-0.030648	-0.0269102	-0.0356315	-0.0527375	-0.0581261	-0.0423232	0.00840812	0.0840835	0.137412	0.143924	0.104478	0.0319146	-0.0706214	-0.198192	-0.327822	-0.445023	-0.544206	-0.626166	-0.680717	-0.694231	-0.659653	
0.22195	0.22195	0.208028	0.168574	0.104976	0.0293246	-0.0418078	-0.108197	-0.166988	-0.219687	-0.266054	-0.305587	-0.332432	-0.341927	-0.350418	-0.366913	-0.38954	-0.395983	-0.384597	-0.355521	-0.31374	-0.25697	-0.195918	-0.140906	-0.101648	-0.0606097	-0.00929246	0.0479028	0.0830867	0.100016	0.0854058	0.0452849	-0.00512608	-0.0398734	-0.0530508	-0.0316619	0.0103401	0.0374038	0.0294694	-0.013084	-0.085939	-0.189143	-0.311306	-0.427821	-0.532601	-0.626166	-0.706828	-0.750702	-0.740854	-0.686074	
0.0736828	0.0736828	0.0777126	0.0731775	0.0499438	0.010516	-0.030238	-0.0713417	-0.115721	-0.165821	-0.215644	-0.265581	-0.308016	-0.34078	-0.364733	-0.394615	-0.430351	-0.456793	-0.452878	-0.4194	-0.368729	-0.30108	-0.223424	-0.143968	-0.072043	0.000391524	0.0741417	0.133992	0.168502	0.173175	0.144469	0.0862902	0.0203867	-0.0300031	-0.0675313	-0.0775478	-0.0664718	-0.0585867	-0.0693322	-0.111075	-0.185721	-0.290902	-0.405468	-0.50478	-0.596549	-0.680717	-0.750702	-0.7762	-0.743065	-0.665253	
-0.0947225	-0.0947225	-0.0775663	-0.05138	-0.0344218	-0.0334229	-0.0468934	-0.0717976	-0.109723	-0.155056	-0.199367	-0.246746	-0.297755	-0.351333	-0.396768	-0.437344	-0.484663	-0.522005	-0.525527	-0.486747	-0.427343	-0.343932	-0.243847	-0.142833	-0.0451566	0.0421742	0.120721	0.173514	0.200868	0.191608	0.152214	0.0893385	0.0200147	-0.0413613	-0.0904577	-0.11653	-0.117639	-0.120333	-0.134576	-0.17719	-0.249995	-0.35378	-0.459464	-0.551079	-0.625739	-0.694231	-0.740854	-0.743065	-0.687455	-0.60291	
-0.286543	-0.286543	-0.26172	-0.216384	-0.166488	-0.127779	-0.112456	-0.123215	-0.156271	-0.193587	-0.227978	-0.262241	-0.312144	-0.374256	-0.436191	-0.485138	-0.538412	-0.580367	-0.585767	-0.544276	-0.474405	-0.373046	-0.251753	-0.133366	-0.0245203	0.0650352	0.132329	0.174779	0.189373	0.166022	0.116358	0.050746	-0.0202731	-0.0788267	-0.115435	-0.131526	-0.132584	-0.135189	-0.149502	-0.183847	-0.255132	-0.356473	-0.458594	-0.544323	-0.606772	-0.659653	-0.686074	-0.665253	-0.60291	-0.515759	
