4.0543e-07	4.0543e-07	0.000139143	0.00968112	0.00321533	4.48088e-05	
4.0543e-07	4.0543e-07	0.000139143	0.00968112	0.00321533	4.48088e-05	
0.000139143	0.000139143	0.0192395	0.606484	0.210407	0.00626339	
0.00968112	0.00968112	0.606484	4.63418	1.9837	0.201178	
0.00321533	0.00321533	0.210407	1.9837	0.555001	0.0309696	
4.48088e-05	4.48088e-05	0.00626339	0.201178	0.0309696	0.00078322	
