-0.257107	-0.257107	-0.328217	0.769909	-1.27503	0.274005	
-0.257107	-0.257107	-0.328217	0.769909	-1.27503	0.274005	
-0.328217	-0.328217	0.736862	-0.683409	-0.979175	-0.486646	
0.769909	0.769909	-0.683409	0.190639	-0.0624392	0.532965	
-1.27503	-1.27503	-0.979175	-0.0624392	-0.586247	-0.402293	
0.274005	0.274005	-0.486646	0.532965	-0.402293	0.014359	
