1.65106e-62	1.65106e-62	4.73909e-60	1.19434e-57	2.64159e-55	5.13625e-53	8.78744e-51	1.32311e-48	1.75236e-46	2.03904e-44	2.08058e-42	1.85681e-40	1.44445e-38	9.7534e-37	5.68698e-35	2.84563e-33	1.2129e-31	4.36534e-30	1.31315e-28	3.26291e-27	6.6097e-26	1.07633e-24	1.38933e-23	1.40239e-22	1.0886e-21	6.27625e-21	2.48718e-20	6.19625e-20	1.24048e-19	2.13184e-19	2.34863e-19	1.62378e-19	8.4757e-20	3.76611e-20	1.14883e-20	2.41164e-21	3.57871e-22	3.87105e-23	3.15014e-24	1.98496e-25	9.92612e-27	4.02035e-28	1.34112e-29	3.73543e-31	8.78561e-33	1.76113e-34	3.03194e-36	4.51128e-38	5.83139e-40	6.57589e-42	
1.65106e-62	1.65106e-62	4.73909e-60	1.19434e-57	2.64159e-55	5.13625e-53	8.78744e-51	1.32311e-48	1.75236e-46	2.03904e-44	2.08058e-42	1.85681e-40	1.44445e-38	9.7534e-37	5.68698e-35	2.84563e-33	1.2129e-31	4.36534e-30	1.31315e-28	3.26291e-27	6.6097e-26	1.07633e-24	1.38933e-23	1.40239e-22	1.0886e-21	6.27625e-21	2.48718e-20	6.19625e-20	1.24048e-19	2.13184e-19	2.34863e-19	1.62378e-19	8.4757e-20	3.76611e-20	1.14883e-20	2.41164e-21	3.57871e-22	3.87105e-23	3.15014e-24	1.98496e-25	9.92612e-27	4.02035e-28	1.34112e-29	3.73543e-31	8.78561e-33	1.76113e-34	3.03194e-36	4.51128e-38	5.83139e-40	6.57589e-42	
4.73909e-60	4.73909e-60	1.2437e-57	2.87968e-55	5.87434e-53	1.05692e-50	1.67796e-48	2.35004e-46	2.90097e-44	3.15159e-42	3.00671e-40	2.51181e-38	1.83081e-36	1.15914e-34	6.34066e-33	2.97757e-31	1.19133e-29	4.02517e-28	1.13669e-26	2.6515e-25	5.04249e-24	7.71056e-23	9.35064e-22	8.87481e-21	6.48513e-20	3.52855e-19	1.3316e-18	3.24226e-18	6.30809e-18	1.04203e-17	1.14067e-17	8.09531e-18	4.38449e-18	1.99479e-18	6.31496e-19	1.39311e-19	2.19182e-20	2.52604e-21	2.19494e-22	1.47786e-23	7.89688e-25	3.41681e-26	1.21722e-27	3.61974e-29	9.08844e-31	1.94493e-32	3.57538e-34	5.68288e-36	7.85196e-38	9.4725e-40	
1.19434e-57	1.19434e-57	2.87968e-55	6.15161e-53	1.16158e-50	1.94e-48	2.86582e-46	3.74225e-44	4.31459e-42	4.38418e-40	3.91674e-38	3.06693e-36	2.09682e-34	1.2459e-32	6.39826e-31	2.82128e-29	1.05995e-27	3.36252e-26	8.914e-25	1.95156e-23	3.48291e-22	4.99817e-21	5.69052e-20	5.0742e-19	3.48765e-18	1.78982e-17	6.43142e-17	1.52896e-16	2.89217e-16	4.59978e-16	5.00318e-16	3.64258e-16	2.04399e-16	9.5267e-17	3.13249e-17	7.26684e-18	1.21292e-18	1.49034e-19	1.38369e-20	9.96069e-22	5.68982e-23	2.63067e-24	1.00093e-25	3.17771e-27	8.51519e-29	1.94451e-30	3.81453e-32	6.47133e-34	9.5475e-36	1.23066e-37	
2.64159e-55	2.64159e-55	5.87434e-53	1.16158e-50	2.03599e-48	3.16397e-46	4.35779e-44	5.31475e-42	5.73112e-40	5.45313e-38	4.56608e-36	3.35346e-34	2.1515e-32	1.20002e-30	5.78558e-29	2.39494e-27	8.44522e-26	2.5138e-24	6.2503e-23	1.28287e-21	2.14563e-20	2.88512e-19	3.07833e-18	2.57393e-17	1.66085e-16	8.02572e-16	2.74309e-15	6.35731e-15	1.16904e-14	1.7921e-14	1.93675e-14	1.44605e-14	8.39965e-15	4.01471e-15	1.37329e-15	3.35556e-16	5.95205e-17	7.81144e-18	7.76306e-19	5.98484e-20	3.66008e-21	1.81053e-22	7.36503e-24	2.4982e-25	7.14847e-27	1.74249e-28	3.64802e-30	6.60484e-32	1.04015e-33	1.4317e-35	
5.13625e-53	5.13625e-53	1.05692e-50	1.94e-48	3.16397e-46	4.58432e-44	5.89707e-42	6.72661e-40	6.79204e-38	6.05694e-36	4.75665e-34	3.27801e-32	1.97398e-30	1.03351e-28	4.67692e-27	1.81667e-25	6.00869e-24	1.67665e-22	3.90543e-21	7.50426e-20	1.17427e-18	1.47666e-17	1.47339e-16	1.15259e-15	6.9662e-15	3.16356e-14	1.02713e-13	2.31656e-13	4.14041e-13	6.12567e-13	6.57752e-13	5.03381e-13	3.0242e-13	1.48405e-13	5.29047e-14	1.36419e-14	2.57681e-15	3.61994e-16	3.85919e-17	3.19275e-18	2.09421e-19	1.1101e-20	4.83426e-22	1.7538e-23	5.36318e-25	1.39627e-26	3.12072e-28	6.03057e-30	1.01362e-31	1.48934e-33	
8.78744e-51	8.78744e-51	1.67796e-48	2.86582e-46	4.35779e-44	5.89707e-42	7.09479e-40	7.57777e-38	7.17107e-36	5.99754e-34	4.41938e-32	2.85843e-30	1.61564e-28	7.93864e-27	3.37041e-25	1.22765e-23	3.80506e-22	9.94148e-21	2.16621e-19	3.8899e-18	5.68332e-17	6.66842e-16	6.20646e-15	4.53019e-14	2.5578e-13	1.08912e-12	3.35382e-12	7.34635e-12	1.27578e-11	1.82431e-11	1.9464e-11	1.52573e-11	9.47252e-12	4.77921e-12	1.77916e-12	4.85241e-13	9.78413e-14	1.47509e-14	1.69134e-15	1.50525e-16	1.0613e-17	6.03999e-19	2.8204e-20	1.09583e-21	3.58518e-23	9.977e-25	2.38198e-26	4.91459e-28	8.81734e-30	1.38282e-31	
1.32311e-48	1.32311e-48	2.35004e-46	3.74225e-44	5.31475e-42	6.72661e-40	7.57777e-38	7.58541e-36	6.73211e-34	5.28287e-32	3.6534e-30	2.21779e-28	1.17633e-26	5.42208e-25	2.15823e-23	7.36474e-22	2.13651e-20	5.21885e-19	1.06186e-17	1.77823e-16	2.41991e-15	2.642e-14	2.28682e-13	1.55254e-12	8.16333e-12	3.25041e-11	9.47542e-11	2.01114e-10	3.39197e-10	4.69568e-10	4.97865e-10	3.99361e-10	2.56026e-10	1.33027e-10	5.1834e-11	1.49923e-11	3.23622e-12	5.25226e-13	6.49701e-14	6.23829e-15	4.74035e-16	2.90319e-17	1.45654e-18	6.07108e-20	2.12792e-21	6.3367e-23	1.61738e-24	3.56502e-26	6.82955e-28	1.14335e-29	
1.75236e-46	1.75236e-46	2.90097e-44	4.31459e-42	5.73112e-40	6.79204e-38	7.17107e-36	6.73211e-34	5.60595e-32	4.12855e-30	2.67958e-28	1.52636e-26	7.59387e-25	3.28125e-23	1.22337e-21	3.90626e-20	1.05905e-18	2.41419e-17	4.57684e-16	7.12959e-15	9.0106e-14	9.12386e-13	7.31819e-12	4.60389e-11	2.2461e-10	8.33667e-10	2.29546e-09	4.70827e-09	7.70726e-09	1.03478e-08	1.09053e-08	8.94119e-09	5.9147e-09	3.17107e-09	1.2967e-09	3.98984e-10	9.25144e-11	1.62222e-11	2.17283e-12	2.25872e-13	1.85565e-14	1.22642e-15	6.62676e-17	2.96924e-18	1.11686e-19	3.56395e-21	9.73583e-23	2.29448e-24	4.69623e-26	8.39538e-28	
2.03904e-44	2.03904e-44	3.15159e-42	4.38418e-40	5.45313e-38	6.05694e-36	5.99754e-34	5.28287e-32	4.12855e-30	2.85354e-28	1.73783e-26	9.28484e-25	4.32997e-23	1.75224e-21	6.11187e-20	1.82331e-18	4.61126e-17	9.78819e-16	1.72449e-14	2.49125e-13	2.91388e-12	2.72577e-11	2.01739e-10	1.17081e-09	5.27691e-09	1.81898e-08	4.71786e-08	9.32245e-08	1.47984e-07	1.93064e-07	2.02297e-07	1.69302e-07	1.15495e-07	6.40433e-08	2.75669e-08	9.05643e-09	2.26491e-09	4.30947e-10	6.27757e-11	7.09446e-12	6.32534e-13	4.52637e-14	2.64171e-15	1.27556e-16	5.15965e-18	1.76738e-19	5.17457e-21	1.30536e-22	2.85688e-24	5.45683e-26	
2.08058e-42	2.08058e-42	3.00671e-40	3.91674e-38	4.56608e-36	4.75665e-34	4.41938e-32	3.6534e-30	2.67958e-28	1.73783e-26	9.92661e-25	4.97114e-23	2.17105e-21	8.21843e-20	2.67776e-18	7.4497e-17	1.7536e-15	3.45688e-14	5.64219e-13	7.53145e-12	8.11867e-11	6.98327e-10	4.74477e-09	2.52683e-08	1.04668e-07	3.33616e-07	8.12442e-07	1.5409e-06	2.36911e-06	3.00929e-06	3.13629e-06	2.67511e-06	1.88121e-06	1.08198e-06	4.91978e-07	1.73322e-07	4.69761e-08	9.7493e-09	1.55264e-09	1.91716e-10	1.86346e-11	1.44959e-12	9.16973e-14	4.78553e-15	2.08692e-16	7.68962e-18	2.41715e-19	6.53603e-21	1.53128e-22	3.12767e-24	
1.85681e-40	1.85681e-40	2.51181e-38	3.06693e-36	3.35346e-34	3.27801e-32	2.85843e-30	2.21779e-28	1.52636e-26	9.28484e-25	4.97114e-23	2.33133e-21	9.52362e-20	3.36728e-18	1.02297e-16	2.64812e-15	5.78627e-14	1.05595e-12	1.59068e-11	1.95341e-10	1.93094e-09	1.5186e-08	9.41403e-08	4.57096e-07	1.72944e-06	5.07079e-06	1.15488e-05	2.09332e-05	3.11212e-05	3.85613e-05	3.99907e-05	3.47089e-05	2.51598e-05	1.50614e-05	7.26433e-06	2.75852e-06	8.14971e-07	1.85639e-07	3.25274e-08	4.41478e-09	4.70366e-10	3.99673e-11	2.75163e-12	1.55761e-13	7.34506e-15	2.91864e-16	9.87076e-18	2.86594e-19	7.19768e-21	1.57381e-22	
1.44445e-38	1.44445e-38	1.83081e-36	2.09682e-34	2.1515e-32	1.97398e-30	1.61564e-28	1.17633e-26	7.59387e-25	4.32997e-23	2.17105e-21	9.52362e-20	3.63365e-18	1.1978e-16	3.38535e-15	8.13247e-14	1.64424e-12	2.76723e-11	3.83015e-10	4.30445e-09	3.87813e-08	2.76953e-07	1.5547e-06	6.82899e-06	2.34247e-05	6.27926e-05	0.000133109	0.000229399	0.000329037	0.00039835	0.000411269	0.000362667	0.000271109	0.000169635	8.72083e-05	3.5915e-05	1.1647e-05	2.93398e-06	5.69987e-07	8.56601e-08	1.00703e-08	9.40078e-10	7.07919e-11	4.36503e-12	2.23377e-13	9.60107e-15	3.50232e-16	1.09418e-17	2.95084e-19	6.91666e-21	
9.7534e-37	9.7534e-37	1.15914e-34	1.2459e-32	1.20002e-30	1.03351e-28	7.93864e-27	5.42208e-25	3.28125e-23	1.75224e-21	8.21843e-20	3.36728e-18	1.1978e-16	3.67314e-15	9.63255e-14	2.14053e-12	3.98924e-11	6.1636e-10	7.7963e-09	7.96737e-08	6.49415e-07	4.17583e-06	2.1031e-05	8.27702e-05	0.000255085	0.000620585	0.00121731	0.0019826	0.00273521	0.00323879	0.0033303	0.00298027	0.0023004	0.00151225	0.000833437	0.000374974	0.000134614	3.78495e-05	8.23013e-06	1.38192e-06	1.80714e-07	1.86645e-08	1.54657e-09	1.04402e-10	5.82279e-12	2.71684e-13	1.07219e-14	3.61332e-16	1.04855e-17	2.63916e-19	
5.68698e-35	5.68698e-35	6.34066e-33	6.39826e-31	5.78558e-29	4.67692e-27	3.37041e-25	2.15823e-23	1.22337e-21	6.11187e-20	2.67776e-18	1.02297e-16	3.38535e-15	9.63255e-14	2.33652e-12	4.78491e-11	8.18274e-10	1.15436e-08	1.3257e-07	1.2224e-06	8.93193e-06	5.1172e-05	0.000228558	0.000796419	0.0021811	0.00477431	0.00860465	0.0131515	0.0173805	0.020128	0.0206183	0.0187173	0.0149532	0.0103913	0.00618089	0.00306428	0.00123038	0.000390541	9.61717e-05	1.82447e-05	2.68057e-06	3.08946e-07	2.83742e-08	2.10979e-09	1.28896e-10	6.55647e-12	2.80923e-13	1.02426e-14	3.20616e-16	8.68289e-18	
2.84563e-33	2.84563e-33	2.97757e-31	2.82128e-29	2.39494e-27	1.81667e-25	1.22765e-23	7.36474e-22	3.90626e-20	1.82331e-18	7.4497e-17	2.64812e-15	8.13247e-14	2.14053e-12	4.78491e-11	8.99018e-10	1.40316e-08	1.7956e-07	1.85743e-06	1.53061e-05	9.91189e-05	0.000499296	0.00194908	0.00592468	0.0142297	0.0277484	0.0455709	0.0648704	0.0817072	0.0923783	0.0942638	0.0868902	0.0721207	0.0533376	0.0345035	0.0190338	0.00865352	0.00314437	0.000889832	0.000193418	3.23278e-05	4.20211e-06	4.31555e-07	3.56051e-08	2.39732e-09	1.3361e-10	6.2414e-12	2.47058e-13	8.36599e-15	2.44361e-16	
1.2129e-31	1.2129e-31	1.19133e-29	1.05995e-27	8.44522e-26	6.00869e-24	3.80506e-22	2.13651e-20	1.05905e-18	4.61126e-17	1.7536e-15	5.78627e-14	1.64424e-12	3.98924e-11	8.18274e-10	1.40316e-08	1.986e-07	2.28729e-06	2.11065e-05	0.000153599	0.00086894	0.0037844	0.0126752	0.0330055	0.0684867	0.117758	0.174748	0.230164	0.274935	0.302333	0.307137	0.288269	0.249753	0.197698	0.140123	0.0868482	0.0453283	0.0191714	0.00634907	0.00160944	0.00031085	4.6175e-05	5.36062e-06	4.95104e-07	3.70056e-08	2.27322e-09	1.16341e-10	5.01993e-12	1.84507e-13	5.8286e-15	
4.36534e-30	4.36534e-30	4.02517e-28	3.36252e-26	2.5138e-24	1.67665e-22	9.94148e-21	5.21885e-19	2.41419e-17	9.78819e-16	3.45688e-14	1.05595e-12	2.76723e-11	6.1636e-10	1.15436e-08	1.7956e-07	2.28729e-06	2.34854e-05	0.000191048	0.00120976	0.005871	0.0216398	0.0607816	0.132803	0.234782	0.35355	0.472134	0.574996	0.651217	0.694354	0.701701	0.672621	0.609211	0.515969	0.401883	0.281297	0.170577	0.0854849	0.0338542	0.0102314	0.0023291	0.00040194	5.34557e-05	5.58633e-06	4.67513e-07	3.18752e-08	1.79746e-09	8.49366e-11	3.40151e-12	1.16582e-13	
1.31315e-28	1.31315e-28	1.13669e-26	8.914e-25	6.2503e-23	3.90543e-21	2.16621e-19	1.06186e-17	4.57684e-16	1.72449e-14	5.64219e-13	1.59068e-11	3.83015e-10	7.7963e-09	1.3257e-07	1.85743e-06	2.11065e-05	0.000191048	0.00135049	0.00730605	0.0297339	0.0903589	0.207478	0.373921	0.561978	0.74703	0.909182	1.03906	1.13093	1.17791	1.18531	1.15521	1.08118	0.96506	0.815493	0.637385	0.448408	0.269319	0.130321	0.0481882	0.0132479	0.00271067	0.000419746	5.02727e-05	4.75874e-06	3.63032e-07	2.27033e-08	1.1811e-09	5.176e-11	1.93152e-12	
3.26291e-27	3.26291e-27	2.6515e-25	1.95156e-23	1.28287e-21	7.50426e-20	3.8899e-18	1.77823e-16	7.12959e-15	2.49125e-13	7.53145e-12	1.95341e-10	4.30445e-09	7.96737e-08	1.2224e-06	1.53061e-05	0.000153599	0.00120976	0.00730605	0.0330391	0.109797	0.267611	0.493714	0.740055	0.977746	1.19248	1.37544	1.51812	1.62052	1.67801	1.68747	1.64956	1.56398	1.43685	1.27062	1.06636	0.837701	0.592095	0.352292	0.163164	0.0556747	0.0138346	0.00254261	0.000354251	3.83706e-05	3.30518e-06	2.30894e-07	1.33011e-08	6.40859e-10	2.61379e-11	
6.6097e-26	6.6097e-26	5.04249e-24	3.48291e-22	2.14563e-20	1.17427e-18	5.68332e-17	2.41991e-15	9.0106e-14	2.91388e-12	8.11867e-11	1.93094e-09	3.87813e-08	6.49415e-07	8.93193e-06	9.91189e-05	0.00086894	0.005871	0.0297339	0.109797	0.290565	0.560456	0.851437	1.13549	1.408	1.64609	1.84157	1.98622	2.07795	2.12721	2.13564	2.10268	2.02813	1.90648	1.72949	1.50893	1.24629	0.966741	0.676348	0.391536	0.169339	0.0523584	0.0116585	0.00192029	0.000240978	2.36647e-05	1.86065e-06	1.19402e-07	6.35523e-09	2.84391e-10	
1.07633e-24	1.07633e-24	7.71056e-23	4.99817e-21	2.88512e-19	1.47666e-17	6.66842e-16	2.642e-14	9.12386e-13	2.72577e-11	6.98327e-10	1.5186e-08	2.76953e-07	4.17583e-06	5.1172e-05	0.000499296	0.0037844	0.0216398	0.0903589	0.267611	0.560456	0.888414	1.21904	1.54872	1.83079	2.06153	2.22915	2.34895	2.42605	2.46399	2.46983	2.44566	2.38473	2.28218	2.13592	1.92993	1.66728	1.35432	1.01899	0.69038	0.374275	0.145901	0.0400251	0.0079069	0.00116275	0.00013133	1.17018e-05	8.41015e-07	4.96604e-08	2.44643e-09	
1.38933e-23	1.38933e-23	9.35064e-22	5.69052e-20	3.07833e-18	1.47339e-16	6.20646e-15	2.28682e-13	7.31819e-12	2.01739e-10	4.74477e-09	9.41403e-08	1.5547e-06	2.1031e-05	0.000228558	0.00194908	0.0126752	0.0607816	0.207478	0.493714	0.851437	1.21904	1.59715	1.91575	2.1823	2.37532	2.50387	2.57013	2.59246	2.59658	2.59689	2.59544	2.58219	2.53789	2.43396	2.26793	2.03016	1.73157	1.37319	0.996456	0.633686	0.306037	0.103688	0.0247335	0.00429006	0.000560308	5.68157e-05	4.58812e-06	3.01309e-07	1.63719e-08	
1.40239e-22	1.40239e-22	8.87481e-21	5.0742e-19	2.57393e-17	1.15259e-15	4.53019e-14	1.55254e-12	4.60389e-11	1.17081e-09	2.52683e-08	4.57096e-07	6.82899e-06	8.27702e-05	0.000796419	0.00592468	0.0330055	0.132803	0.373921	0.740055	1.13549	1.54872	1.91575	2.2272	2.43577	2.56414	2.60385	2.59226	2.56707	2.54567	2.54147	2.55751	2.58226	2.60256	2.58979	2.49742	2.32179	2.04767	1.70454	1.29901	0.898766	0.511143	0.209709	0.0599869	0.0122387	0.00184564	0.00021275	1.92849e-05	1.40709e-06	8.42378e-08	
1.0886e-21	1.0886e-21	6.48513e-20	3.48765e-18	1.66085e-16	6.9662e-15	2.5578e-13	8.16333e-12	2.2461e-10	5.27691e-09	1.04668e-07	1.72944e-06	2.34247e-05	0.000255085	0.0021811	0.0142297	0.0684867	0.234782	0.561978	0.977746	1.408	1.83079	2.1823	2.43577	2.58321	2.59841	2.53225	2.41891	2.28779	2.19093	2.17284	2.24202	2.36602	2.49091	2.58007	2.60145	2.50783	2.30034	1.98155	1.58372	1.14766	0.725548	0.347993	0.117089	0.027754	0.00478812	0.000622691	6.29445e-05	5.07298e-06	3.32858e-07	
6.27625e-21	6.27625e-21	3.52855e-19	1.78982e-17	8.02572e-16	3.16356e-14	1.08912e-12	3.25041e-11	8.33667e-10	1.81898e-08	3.33616e-07	5.07079e-06	6.27926e-05	0.000620585	0.00477431	0.0277484	0.117758	0.35355	0.74703	1.19248	1.64609	2.06153	2.37532	2.56414	2.59841	2.49938	2.28804	1.99379	1.70658	1.52001	1.48697	1.616	1.8724	2.17578	2.42718	2.57336	2.59864	2.4691	2.19751	1.8225	1.37367	0.924467	0.497111	0.191436	0.0517408	0.0100666	0.00145956	0.000162843	1.4364e-05	1.02432e-06	
2.48718e-20	2.48718e-20	1.3316e-18	6.43142e-17	2.74309e-15	1.02713e-13	3.35382e-12	9.47542e-11	2.29546e-09	4.71786e-08	8.12442e-07	1.15488e-05	0.000133109	0.00121731	0.00860465	0.0455709	0.174748	0.472134	0.909182	1.37544	1.84157	2.22915	2.50387	2.60385	2.53225	2.28804	1.87038	1.38731	0.977461	0.731136	0.688704	0.8562	1.20842	1.67673	2.1372	2.45686	2.59605	2.56638	2.35359	2.01239	1.5624	1.0942	0.636664	0.271959	0.0818129	0.0176199	0.00280679	0.000341561	3.26503e-05	2.50931e-06	
6.19625e-20	6.19625e-20	3.24226e-18	1.52896e-16	6.35731e-15	2.31656e-13	7.34635e-12	2.01114e-10	4.70827e-09	9.32245e-08	1.5409e-06	2.09332e-05	0.000229399	0.0019826	0.0131515	0.0648704	0.230164	0.574996	1.03906	1.51812	1.98622	2.34895	2.57013	2.59226	2.41891	1.99379	1.38731	0.77516	0.293864	0.0142555	-0.0334071	0.155472	0.561843	1.13396	1.76355	2.27973	2.55082	2.59939	2.45936	2.14462	1.71049	1.23146	0.752892	0.345835	0.112741	0.026289	0.00451787	0.000590748	6.04517e-05	4.95705e-06	
1.24048e-19	1.24048e-19	6.30809e-18	2.89217e-16	1.16904e-14	4.14041e-13	1.27578e-11	3.39197e-10	7.70726e-09	1.47984e-07	2.36911e-06	3.11212e-05	0.000329037	0.00273521	0.0173805	0.0817072	0.274935	0.651217	1.13093	1.62052	2.07795	2.42605	2.59246	2.56707	2.28779	1.70658	0.977461	0.293864	-0.226353	-0.525035	-0.575789	-0.374433	0.061973	0.690177	1.42075	2.08734	2.49334	2.60214	2.51902	2.23352	1.81394	1.32544	0.837529	0.403257	0.13856	0.0341124	0.00618863	0.000853179	9.18705e-05	7.90873e-06	
2.13184e-19	2.13184e-19	1.04203e-17	4.59978e-16	1.7921e-14	6.12567e-13	1.82431e-11	4.69568e-10	1.03478e-08	1.93064e-07	3.00929e-06	3.85613e-05	0.00039835	0.00323879	0.020128	0.0923783	0.302333	0.694354	1.17791	1.67801	2.12721	2.46399	2.59658	2.54567	2.19093	1.52001	0.731136	0.0142555	-0.525035	-0.833579	-0.885964	-0.678072	-0.226565	0.428104	1.20603	1.95238	2.4483	2.60026	2.54118	2.28327	1.86515	1.3788	0.887447	0.43655	0.154063	0.0391069	0.00732214	0.00104059	0.000115242	1.01757e-05	
2.34863e-19	2.34863e-19	1.14067e-17	5.00318e-16	1.93675e-14	6.57752e-13	1.9464e-11	4.97865e-10	1.09053e-08	2.02297e-07	3.13629e-06	3.99907e-05	0.000411269	0.0033303	0.0206183	0.0942638	0.307137	0.701701	1.18531	1.68747	2.13564	2.46983	2.59689	2.54147	2.17284	1.48697	0.688704	-0.0334071	-0.575789	-0.885964	-0.938622	-0.729644	-0.275666	0.383195	1.16843	1.92758	2.4395	2.6001	2.5441	2.29165	1.87326	1.38842	0.896129	0.44213	0.15671	0.0399898	0.00752857	0.00107545	0.000119655	1.0608e-05	
1.62378e-19	1.62378e-19	8.09531e-18	3.64258e-16	1.44605e-14	5.03381e-13	1.52573e-11	3.99361e-10	8.94119e-09	1.69302e-07	2.67511e-06	3.47089e-05	0.000362667	0.00298027	0.0187173	0.0868902	0.288269	0.672621	1.15521	1.64956	2.10268	2.44566	2.59544	2.55751	2.24202	1.616	0.8562	0.155472	-0.374433	-0.678072	-0.729644	-0.525015	-0.081003	0.560666	1.31547	2.02233	2.47217	2.60125	2.53089	2.25823	1.83986	1.3516	0.862156	0.419753	0.14616	0.0365264	0.00673012	0.000941947	0.000102875	8.97175e-06	
8.4757e-20	8.4757e-20	4.38449e-18	2.04399e-16	8.39965e-15	3.0242e-13	9.47252e-12	2.56026e-10	5.9147e-09	1.15495e-07	1.88121e-06	2.51598e-05	0.000271109	0.0023004	0.0149532	0.0721207	0.249753	0.609211	1.08118	1.56398	2.02813	2.38473	2.58219	2.58226	2.36602	1.8724	1.20842	0.561843	0.061973	-0.226565	-0.275666	-0.081003	0.339467	0.938293	1.61576	2.20039	2.52831	2.6022	2.48893	2.18497	1.7583	1.27379	0.790484	0.371248	0.123985	0.0296187	0.0052125	0.000697586	7.30159e-05	6.11999e-06	
3.76611e-20	3.76611e-20	1.99479e-18	9.5267e-17	4.01471e-15	1.48405e-13	4.77921e-12	1.33027e-10	3.17107e-09	6.40433e-08	1.08198e-06	1.50614e-05	0.000169635	0.00151225	0.0103913	0.0533376	0.197698	0.515969	0.96506	1.43685	1.90648	2.28218	2.53789	2.60256	2.49091	2.17578	1.67673	1.13396	0.690177	0.428104	0.383195	0.560666	0.938293	1.45504	1.9916	2.39263	2.58139	2.58564	2.40175	2.07132	1.62657	1.15413	0.686565	0.302784	0.0943386	0.0210251	0.00345808	0.000433402	4.25677e-05	3.35424e-06	
1.14883e-20	1.14883e-20	6.31496e-19	3.13249e-17	1.37329e-15	5.29047e-14	1.77916e-12	5.1834e-11	1.2967e-09	2.75669e-08	4.91978e-07	7.26433e-06	8.72083e-05	0.000833437	0.00618089	0.0345035	0.140123	0.401883	0.815493	1.27062	1.72949	2.13592	2.43396	2.58979	2.58007	2.42718	2.1372	1.76355	1.42075	1.20603	1.16843	1.31547	1.61576	1.9916	2.32754	2.53558	2.60534	2.51696	2.26648	1.90522	1.45403	0.995711	0.554913	0.223596	0.0632181	0.012819	0.00192903	0.000222519	2.02263e-05	1.48218e-06	
2.41164e-21	2.41164e-21	1.39311e-19	7.26684e-18	3.35556e-16	1.36419e-14	4.85241e-13	1.49923e-11	3.98984e-10	9.05643e-09	1.73322e-07	2.75852e-06	3.5915e-05	0.000374974	0.00306428	0.0190338	0.0868482	0.281297	0.637385	1.06636	1.50893	1.92993	2.26793	2.49742	2.60145	2.57336	2.45686	2.27973	2.08734	1.95238	1.92758	2.02233	2.20039	2.39263	2.53558	2.6012	2.55845	2.37644	2.07629	1.68469	1.24135	0.808242	0.407723	0.145169	0.0362816	0.00655978	0.000888792	9.31312e-05	7.74804e-06	5.2298e-07	
3.57871e-22	3.57871e-22	2.19182e-20	1.21292e-18	5.95205e-17	2.57681e-15	9.78413e-14	3.23622e-12	9.25144e-11	2.26491e-09	4.69761e-08	8.14971e-07	1.1647e-05	0.000134614	0.00123038	0.00865352	0.0453283	0.170577	0.448408	0.837701	1.24629	1.66728	2.03016	2.32179	2.50783	2.59864	2.59605	2.55082	2.49334	2.4483	2.4395	2.47217	2.52831	2.58139	2.60534	2.55845	2.40372	2.1602	1.8214	1.41829	1.00071	0.597351	0.262194	0.0801283	0.0173233	0.00274495	0.00033011	3.10407e-05	2.33883e-06	1.44073e-07	
3.87105e-23	3.87105e-23	2.52604e-21	1.49034e-19	7.81144e-18	3.61994e-16	1.47509e-14	5.25226e-13	1.62222e-11	4.30947e-10	9.7493e-09	1.85639e-07	2.93398e-06	3.78495e-05	0.000390541	0.00314437	0.0191714	0.0854849	0.269319	0.592095	0.966741	1.35432	1.73157	2.04767	2.30034	2.4691	2.56638	2.59939	2.60214	2.60026	2.6001	2.60125	2.6022	2.58564	2.51696	2.37644	2.1602	1.86113	1.51302	1.1175	0.740427	0.385063	0.141112	0.0360823	0.00663814	0.000911352	9.64554e-05	8.08526e-06	5.48772e-07	3.07123e-08	
3.15014e-24	3.15014e-24	2.19494e-22	1.38369e-20	7.76306e-19	3.85919e-17	1.69134e-15	6.49701e-14	2.17283e-12	6.27757e-11	1.55264e-09	3.25274e-08	5.69987e-07	8.23013e-06	9.61717e-05	0.000889832	0.00634907	0.0338542	0.130321	0.352292	0.676348	1.01899	1.37319	1.70454	1.98155	2.19751	2.35359	2.45936	2.51902	2.54118	2.5441	2.53089	2.48893	2.40175	2.26648	2.07629	1.8214	1.51302	1.15775	0.813597	0.475799	0.202417	0.0601462	0.0127238	0.00198341	0.000235541	2.19255e-05	1.63801e-06	1.00141e-07	5.09153e-09	
1.98496e-25	1.98496e-25	1.47786e-23	9.96069e-22	5.98484e-20	3.19275e-18	1.50525e-16	6.23829e-15	2.25872e-13	7.09446e-12	1.91716e-10	4.41478e-09	8.56601e-08	1.38192e-06	1.82447e-05	0.000193418	0.00160944	0.0102314	0.0481882	0.163164	0.391536	0.69038	0.996456	1.29901	1.58372	1.8225	2.01239	2.14462	2.23352	2.28327	2.29165	2.25823	2.18497	2.07132	1.90522	1.68469	1.41829	1.1175	0.813597	0.508668	0.241009	0.0812482	0.0195233	0.00343541	0.00045667	4.7179e-05	3.8809e-06	2.59396e-07	1.43286e-08	6.63491e-10	
9.92612e-27	9.92612e-27	7.89688e-25	5.68982e-23	3.66008e-21	2.09421e-19	1.0613e-17	4.74035e-16	1.85565e-14	6.32534e-13	1.86346e-11	4.70366e-10	1.00703e-08	1.80714e-07	2.68057e-06	3.23278e-05	0.00031085	0.0023291	0.0132479	0.0556747	0.169339	0.374275	0.633686	0.898766	1.14766	1.37367	1.5624	1.71049	1.81394	1.86515	1.87326	1.83986	1.7583	1.62657	1.45403	1.24135	1.00071	0.740427	0.475799	0.241009	0.0897209	0.0241427	0.00476564	0.000707763	8.1179e-05	7.36338e-06	5.39122e-07	3.24227e-08	1.62552e-09	6.88003e-11	
4.02035e-28	4.02035e-28	3.41681e-26	2.63067e-24	1.81053e-22	1.1101e-20	6.03999e-19	2.90319e-17	1.22642e-15	4.52637e-14	1.44959e-12	3.99673e-11	9.40078e-10	1.86645e-08	3.08946e-07	4.20211e-06	4.6175e-05	0.00040194	0.00271067	0.0138346	0.0523584	0.145901	0.306037	0.511143	0.725548	0.924467	1.0942	1.23146	1.32544	1.3788	1.38842	1.3516	1.27379	1.15413	0.995711	0.808242	0.597351	0.385063	0.202417	0.0812482	0.0241427	0.00531306	0.000880318	0.000112231	1.12526e-05	9.05159e-07	5.94496e-08	3.23679e-09	1.48011e-10	5.74865e-12	
1.34112e-29	1.34112e-29	1.21722e-27	1.00093e-25	7.36503e-24	4.83426e-22	2.8204e-20	1.45654e-18	6.62676e-17	2.64171e-15	9.16973e-14	2.75163e-12	7.07919e-11	1.54657e-09	2.83742e-08	4.31555e-07	5.36062e-06	5.34557e-05	0.000419746	0.00254261	0.0116585	0.0400251	0.103688	0.209709	0.347993	0.497111	0.636664	0.752892	0.837529	0.887447	0.896129	0.862156	0.790484	0.686565	0.554913	0.407723	0.262194	0.141112	0.0601462	0.0195233	0.00476564	0.000880318	0.000124992	1.38988e-05	1.23313e-06	8.8805e-08	5.27122e-09	2.61368e-10	1.09529e-11	3.91874e-13	
3.73543e-31	3.73543e-31	3.61974e-29	3.17771e-27	2.4982e-25	1.7538e-23	1.09583e-21	6.07108e-20	2.96924e-18	1.27556e-16	4.78553e-15	1.55761e-13	4.36503e-12	1.04402e-10	2.10979e-09	3.56051e-08	4.95104e-07	5.58633e-06	5.02727e-05	0.000354251	0.00192029	0.0079069	0.0247335	0.0599869	0.117089	0.191436	0.271959	0.345835	0.403257	0.43655	0.44213	0.419753	0.371248	0.302784	0.223596	0.145169	0.0801283	0.0360823	0.0127238	0.00343541	0.000707763	0.000112231	1.38988e-05	1.36662e-06	1.08446e-07	7.05104e-09	3.80788e-10	1.72877e-11	6.66812e-13	2.20547e-14	
8.78561e-33	8.78561e-33	9.08844e-31	8.51519e-29	7.14847e-27	5.36318e-25	3.58518e-23	2.12792e-21	1.11686e-19	5.15965e-18	2.08692e-16	7.34506e-15	2.23377e-13	5.82279e-12	1.28896e-10	2.39732e-09	3.70056e-08	4.67513e-07	4.75874e-06	3.83706e-05	0.000240978	0.00116275	0.00429006	0.0122387	0.027754	0.0517408	0.0818129	0.112741	0.13856	0.154063	0.15671	0.14616	0.123985	0.0943386	0.0632181	0.0362816	0.0173233	0.00663814	0.00198341	0.00045667	8.1179e-05	1.12526e-05	1.23313e-06	1.08446e-07	7.76686e-09	4.59239e-10	2.26964e-11	9.4793e-13	3.37837e-14	1.03623e-15	
1.76113e-34	1.76113e-34	1.94493e-32	1.94451e-30	1.74249e-28	1.39627e-26	9.977e-25	6.3367e-23	3.56395e-21	1.76738e-19	7.68962e-18	2.91864e-16	9.60107e-15	2.71684e-13	6.55647e-12	1.3361e-10	2.27322e-09	3.18752e-08	3.63032e-07	3.30518e-06	2.36647e-05	0.00013133	0.000560308	0.00184564	0.00478812	0.0100666	0.0176199	0.026289	0.0341124	0.0391069	0.0399898	0.0365264	0.0296187	0.0210251	0.012819	0.00655978	0.00274495	0.000911352	0.000235541	4.7179e-05	7.36338e-06	9.05159e-07	8.8805e-08	7.05104e-09	4.59239e-10	2.48455e-11	1.12934e-12	4.35697e-14	1.43958e-15	4.1061e-17	
3.03194e-36	3.03194e-36	3.57538e-34	3.81453e-32	3.64802e-30	3.12072e-28	2.38198e-26	1.61738e-24	9.73583e-23	5.17457e-21	2.41715e-19	9.87076e-18	3.50232e-16	1.07219e-14	2.80923e-13	6.2414e-12	1.16341e-10	1.79746e-09	2.27033e-08	2.30894e-07	1.86065e-06	1.17018e-05	5.68157e-05	0.00021275	0.000622691	0.00145956	0.00280679	0.00451787	0.00618863	0.00732214	0.00752857	0.00673012	0.0052125	0.00345808	0.00192903	0.000888792	0.00033011	9.64554e-05	2.19255e-05	3.8809e-06	5.39122e-07	5.94496e-08	5.27122e-09	3.80788e-10	2.26964e-11	1.12934e-12	4.74136e-14	1.69559e-15	5.20889e-17	1.38487e-18	
4.51128e-38	4.51128e-38	5.68288e-36	6.47133e-34	6.60484e-32	6.03057e-30	4.91459e-28	3.56502e-26	2.29448e-24	1.30536e-22	6.53603e-21	2.86594e-19	1.09418e-17	3.61332e-16	1.02426e-14	2.47058e-13	5.01993e-12	8.49366e-11	1.1811e-09	1.33011e-08	1.19402e-07	8.41015e-07	4.58812e-06	1.92849e-05	6.29445e-05	0.000162843	0.000341561	0.000590748	0.000853179	0.00104059	0.00107545	0.000941947	0.000697586	0.000433402	0.000222519	9.31312e-05	3.10407e-05	8.08526e-06	1.63801e-06	2.59396e-07	3.24227e-08	3.23679e-09	2.61368e-10	1.72877e-11	9.4793e-13	4.35697e-14	1.69559e-15	5.63751e-17	1.61415e-18	4.00817e-20	
5.83139e-40	5.83139e-40	7.85196e-38	9.5475e-36	1.04015e-33	1.01362e-31	8.81734e-30	6.82955e-28	4.69623e-26	2.85688e-24	1.53128e-22	7.19768e-21	2.95084e-19	1.04855e-17	3.20616e-16	8.36599e-15	1.84507e-13	3.40151e-12	5.176e-11	6.40859e-10	6.35523e-09	4.96604e-08	3.01309e-07	1.40709e-06	5.07298e-06	1.4364e-05	3.26503e-05	6.04517e-05	9.18705e-05	0.000115242	0.000119655	0.000102875	7.30159e-05	4.25677e-05	2.02263e-05	7.74804e-06	2.33883e-06	5.48772e-07	1.00141e-07	1.43286e-08	1.62552e-09	1.48011e-10	1.09529e-11	6.66812e-13	3.37837e-14	1.43958e-15	5.20889e-17	1.61415e-18	4.31642e-20	1.00275e-21	
6.57589e-42	6.57589e-42	9.4725e-40	1.23066e-37	1.4317e-35	1.48934e-33	1.38282e-31	1.14335e-29	8.39538e-28	5.45683e-26	3.12767e-24	1.57381e-22	6.91666e-21	2.63916e-19	8.68289e-18	2.44361e-16	5.8286e-15	1.16582e-13	1.93152e-12	2.61379e-11	2.84391e-10	2.44643e-09	1.63719e-08	8.42378e-08	3.32858e-07	1.02432e-06	2.50931e-06	4.95705e-06	7.90873e-06	1.01757e-05	1.0608e-05	8.97175e-06	6.11999e-06	3.35424e-06	1.48218e-06	5.2298e-07	1.44073e-07	3.07123e-08	5.09153e-09	6.63491e-10	6.88003e-11	5.74865e-12	3.91874e-13	2.20547e-14	1.03623e-15	4.1061e-17	1.38487e-18	4.00817e-20	1.00275e-21	2.1823e-23	
