0.752171	0.779289	0.771916	0.75245	0.744236	0.757253	0.776866	0.784777	0.754426	0.662057	0.511529	0.326627	0.133298	-0.0542178	-0.23486	-0.412388	-0.572183	-0.712707	-0.821999	-0.870887	-0.855412	-0.777544	-0.656674	-0.514925	-0.356064	-0.189041	-0.0194087	0.156193	0.338429	0.506342	0.628064	0.693184	0.705295	0.685342	0.664392	0.650509	0.642543	0.630206	0.581309	0.484501	0.360982	0.226505	0.083844	-0.0649571	-0.210772	-0.339489	-0.447031	-0.534153	-0.587177	-0.587177	
0.779289	0.758409	0.707895	0.663132	0.642409	0.655799	0.685722	0.710558	0.702217	0.636525	0.512852	0.351494	0.174854	-0.0101573	-0.197181	-0.38116	-0.553494	-0.710488	-0.831962	-0.893434	-0.886074	-0.805799	-0.675883	-0.52092	-0.350283	-0.173019	0.00698226	0.184327	0.353802	0.49995	0.598895	0.639626	0.62431	0.579529	0.537052	0.504675	0.4895	0.487167	0.464582	0.406172	0.327201	0.239116	0.140084	0.0289957	-0.081445	-0.174617	-0.248559	-0.304721	-0.335807	-0.335807	
0.771916	0.707895	0.631683	0.574554	0.555428	0.579493	0.622726	0.666798	0.68009	0.637744	0.539303	0.401508	0.235039	0.0503381	-0.144139	-0.3447	-0.534443	-0.711031	-0.854444	-0.93161	-0.92565	-0.834517	-0.690864	-0.522765	-0.336746	-0.142349	0.0477222	0.223719	0.381764	0.506482	0.578925	0.591316	0.545177	0.468952	0.394206	0.332322	0.3011	0.303547	0.308622	0.296495	0.272896	0.242198	0.197141	0.133518	0.0672079	0.0165267	-0.0184108	-0.0392481	-0.0457661	-0.0457661	
0.75245	0.663132	0.574554	0.518186	0.509353	0.544026	0.600576	0.660291	0.689642	0.667908	0.592738	0.470971	0.311054	0.120504	-0.0939554	-0.313134	-0.522602	-0.721847	-0.87865	-0.96265	-0.955765	-0.85653	-0.701152	-0.514174	-0.308967	-0.10141	0.0984101	0.275946	0.417795	0.513194	0.555325	0.535539	0.453483	0.343198	0.23707	0.149039	0.104672	0.11183	0.142092	0.172654	0.20165	0.229964	0.247634	0.245952	0.237463	0.235229	0.236107	0.24226	0.253339	0.253339	
0.744236	0.642409	0.555428	0.509353	0.512282	0.557331	0.622445	0.689784	0.728261	0.720236	0.658667	0.549003	0.390747	0.188474	-0.0405741	-0.27643	-0.505663	-0.71992	-0.889658	-0.984628	-0.97711	-0.867098	-0.693952	-0.488791	-0.270212	-0.0488799	0.158884	0.328019	0.446478	0.508772	0.512665	0.454188	0.340157	0.2065	0.0806959	-0.0216398	-0.0715778	-0.0609347	-0.0135738	0.0493459	0.122575	0.207147	0.292287	0.362626	0.420495	0.467744	0.497955	0.5209	0.541523	0.541523	
0.757253	0.655799	0.579493	0.544026	0.557331	0.605558	0.671066	0.739084	0.781542	0.782674	0.736864	0.639791	0.48259	0.274122	0.02847	-0.226675	-0.473507	-0.704923	-0.886157	-0.984616	-0.971224	-0.851135	-0.668343	-0.451414	-0.219737	0.00830975	0.21219	0.367221	0.455377	0.474152	0.437731	0.349667	0.216925	0.0733963	-0.0576895	-0.161488	-0.211645	-0.200237	-0.142155	-0.0540896	0.0560885	0.189796	0.336288	0.474207	0.594333	0.686954	0.743864	0.781735	0.810005	0.810005	
0.776866	0.685722	0.622726	0.600576	0.622445	0.671066	0.736432	0.804222	0.849537	0.862697	0.832344	0.74563	0.592384	0.375008	0.11449	-0.153263	-0.416149	-0.658098	-0.844924	-0.948041	-0.934826	-0.815081	-0.627162	-0.401134	-0.169132	0.0526155	0.245523	0.376957	0.429234	0.412278	0.346586	0.237019	0.0972409	-0.041945	-0.167128	-0.264595	-0.30988	-0.294938	-0.225474	-0.11472	0.0248932	0.193297	0.381579	0.567615	0.735019	0.866229	0.952379	1.01147	1.05108	1.05108	
0.784777	0.710558	0.666798	0.660291	0.689784	0.739084	0.804222	0.870095	0.921444	0.948431	0.935741	0.867061	0.721633	0.502865	0.237388	-0.0416064	-0.318113	-0.57002	-0.76705	-0.877909	-0.870491	-0.756995	-0.574202	-0.358163	-0.137953	0.0729613	0.249084	0.359287	0.387391	0.342267	0.25128	0.130435	-0.00420041	-0.132716	-0.246224	-0.327463	-0.357867	-0.332186	-0.248046	-0.117538	0.0400688	0.222402	0.426056	0.6349	0.830619	0.991684	1.10872	1.19439	1.24819	1.24819	
0.754426	0.702217	0.68009	0.689642	0.728261	0.781542	0.849537	0.921444	0.986747	1.03522	1.05146	1.00615	0.875318	0.662865	0.394171	0.105873	-0.183267	-0.446411	-0.655318	-0.778672	-0.786626	-0.695485	-0.534387	-0.332626	-0.122279	0.0771395	0.240747	0.336094	0.342464	0.275721	0.170119	0.0439108	-0.0835094	-0.195612	-0.286255	-0.339868	-0.346898	-0.304935	-0.206512	-0.0645871	0.0963279	0.27293	0.469577	0.679567	0.885133	1.06326	1.20435	1.31205	1.37637	1.37637	
0.662057	0.636525	0.637744	0.667908	0.720236	0.782674	0.862697	0.948431	1.03522	1.11544	1.1649	1.14804	1.039	0.836227	0.569233	0.273689	-0.029392	-0.307409	-0.533689	-0.674124	-0.705833	-0.641379	-0.496298	-0.306103	-0.107058	0.0835263	0.236867	0.318764	0.311966	0.232004	0.111796	-0.0176356	-0.128398	-0.21465	-0.275271	-0.295389	-0.275673	-0.218734	-0.113776	0.0279333	0.180662	0.340158	0.516939	0.712749	0.910309	1.08703	1.23468	1.34855	1.41287	1.41287	
0.511529	0.512852	0.539303	0.592738	0.658667	0.736864	0.832344	0.935741	1.05146	1.1649	1.24916	1.2639	1.17626	0.985706	0.723548	0.419869	0.103327	-0.186373	-0.423579	-0.575427	-0.624002	-0.576533	-0.447137	-0.271191	-0.0779081	0.108665	0.253902	0.326541	0.308742	0.216706	0.090193	-0.030655	-0.12006	-0.179787	-0.207968	-0.195682	-0.155891	-0.0922917	0.0100781	0.143054	0.282422	0.421681	0.573014	0.742775	0.914064	1.06758	1.19889	1.29816	1.34968	1.34968	
0.326627	0.351494	0.401508	0.470971	0.549003	0.639791	0.74563	0.867061	1.00615	1.14804	1.2639	1.30418	1.23698	1.06403	0.810853	0.506021	0.19009	-0.0985044	-0.334704	-0.483481	-0.537895	-0.504	-0.386117	-0.213661	-0.0188382	0.164887	0.302633	0.367228	0.345811	0.255149	0.131092	0.0192467	-0.0511643	-0.0864979	-0.0886922	-0.0563963	-0.00735976	0.0566367	0.150622	0.269876	0.394421	0.51338	0.635114	0.767185	0.895132	1.00649	1.10201	1.16993	1.19934	1.19934	
0.133298	0.174854	0.235039	0.311054	0.390747	0.48259	0.592384	0.721633	0.875318	1.039	1.17626	1.23698	1.19313	1.04227	0.806263	0.516596	0.214816	-0.0610716	-0.277344	-0.409481	-0.461748	-0.426901	-0.306166	-0.130771	0.068622	0.25522	0.394604	0.462867	0.447915	0.361653	0.240741	0.138349	0.0799701	0.0556808	0.0659361	0.106869	0.157897	0.218232	0.299953	0.401689	0.508399	0.603872	0.689853	0.773725	0.846864	0.906146	0.956569	0.986283	0.991205	0.991205	
-0.0542178	-0.0101573	0.0503381	0.120504	0.188474	0.274122	0.375008	0.502865	0.662865	0.836227	0.985706	1.06403	1.04227	0.91748	0.70971	0.443112	0.164191	-0.0822405	-0.266021	-0.37224	-0.403241	-0.350482	-0.219719	-0.0315746	0.187635	0.392506	0.544161	0.619851	0.612775	0.534947	0.420006	0.319067	0.257329	0.233221	0.247872	0.287719	0.334093	0.38785	0.453091	0.52986	0.610008	0.674741	0.718864	0.748941	0.765172	0.774	0.781566	0.776603	0.761453	0.761453	
-0.23486	-0.197181	-0.144139	-0.0939554	-0.0405741	0.02847	0.11449	0.237388	0.394171	0.569233	0.723548	0.810853	0.806263	0.70971	0.52797	0.288037	0.0448414	-0.16502	-0.307283	-0.370981	-0.367343	-0.287636	-0.131982	0.0880159	0.339915	0.56785	0.733899	0.82229	0.828778	0.759252	0.645932	0.541242	0.471653	0.442441	0.452398	0.482596	0.519656	0.560952	0.599926	0.639959	0.6822	0.708714	0.708527	0.687087	0.654329	0.623691	0.598627	0.569261	0.542608	0.542608	
-0.412388	-0.38116	-0.3447	-0.313134	-0.27643	-0.226675	-0.153263	-0.0416064	0.105873	0.273689	0.419869	0.506021	0.516596	0.443112	0.288037	0.0866683	-0.11908	-0.286941	-0.376453	-0.395902	-0.35171	-0.23099	-0.0381689	0.217678	0.498713	0.750045	0.937473	1.04172	1.05857	0.999184	0.896673	0.792854	0.713184	0.675153	0.675322	0.689168	0.707677	0.724327	0.725517	0.71867	0.713823	0.698035	0.657179	0.594521	0.527516	0.472314	0.42733	0.385692	0.356829	0.356829	
-0.572183	-0.553494	-0.534443	-0.522602	-0.505663	-0.473507	-0.416149	-0.318113	-0.183267	-0.029392	0.103327	0.19009	0.214816	0.164191	0.0448414	-0.11908	-0.285839	-0.402305	-0.444405	-0.42108	-0.32903	-0.170187	0.0507517	0.331751	0.635626	0.910288	1.11496	1.23132	1.26591	1.23034	1.14763	1.04933	0.965918	0.921347	0.904502	0.891643	0.881271	0.86277	0.818702	0.760347	0.705507	0.649357	0.576843	0.487684	0.402642	0.336204	0.281994	0.238192	0.214309	0.214309	
-0.712707	-0.710488	-0.711031	-0.721847	-0.71992	-0.704923	-0.658098	-0.57002	-0.446411	-0.307409	-0.186373	-0.0985044	-0.0610716	-0.0822405	-0.16502	-0.286941	-0.402305	-0.470706	-0.472507	-0.41018	-0.287179	-0.109878	0.126518	0.421602	0.736007	1.01809	1.23175	1.36628	1.42522	1.41788	1.36485	1.28522	1.20545	1.15074	1.1099	1.06723	1.02368	0.964453	0.875469	0.770989	0.671885	0.581936	0.488312	0.387158	0.297191	0.227835	0.170879	0.131056	0.115666	0.115666	
-0.821999	-0.831962	-0.854444	-0.87865	-0.889658	-0.886157	-0.844924	-0.76705	-0.655318	-0.533689	-0.423579	-0.334704	-0.277344	-0.266021	-0.307283	-0.376453	-0.444405	-0.472507	-0.442852	-0.360445	-0.223444	-0.037158	0.203838	0.492714	0.791372	1.06493	1.28429	1.43093	1.50882	1.53533	1.51839	1.45929	1.38578	1.32321	1.26115	1.19258	1.11813	1.02361	0.902494	0.766761	0.63498	0.519763	0.414297	0.31202	0.22446	0.154765	0.0975036	0.0636288	0.0562224	0.0562224	
-0.870887	-0.893434	-0.93161	-0.96265	-0.984628	-0.984616	-0.948041	-0.877909	-0.778672	-0.674124	-0.575427	-0.483481	-0.409481	-0.37224	-0.370981	-0.395902	-0.42108	-0.41018	-0.360445	-0.264618	-0.119692	0.0635344	0.290575	0.548735	0.815849	1.07027	1.27585	1.41747	1.50818	1.55932	1.56634	1.5293	1.47114	1.40476	1.32764	1.24589	1.15543	1.04336	0.910699	0.763457	0.614751	0.484139	0.373424	0.275562	0.191978	0.120631	0.0629924	0.0336027	0.0302988	0.0302988	
-0.855412	-0.886074	-0.92565	-0.955765	-0.97711	-0.971224	-0.934826	-0.870491	-0.786626	-0.705833	-0.624002	-0.537895	-0.461748	-0.403241	-0.367343	-0.35171	-0.32903	-0.287179	-0.223444	-0.119692	0.01883	0.18792	0.390004	0.609246	0.83377	1.04169	1.20763	1.32959	1.4148	1.47035	1.49354	1.47956	1.43584	1.36988	1.29476	1.22042	1.13334	1.0261	0.905743	0.769324	0.622063	0.486784	0.375399	0.283404	0.202048	0.126823	0.0679629	0.0394305	0.0344854	0.0344854	
-0.777544	-0.805799	-0.834517	-0.85653	-0.867098	-0.851135	-0.815081	-0.756995	-0.695485	-0.641379	-0.576533	-0.504	-0.426901	-0.350482	-0.287636	-0.23099	-0.170187	-0.109878	-0.037158	0.0635344	0.18792	0.339424	0.509186	0.675482	0.83118	0.969633	1.08376	1.16999	1.23233	1.27965	1.3067	1.30716	1.28009	1.22796	1.17074	1.11709	1.05113	0.97227	0.886186	0.780432	0.653099	0.525954	0.419405	0.333441	0.25252	0.173324	0.11324	0.0814443	0.0693425	0.0693425	
-0.656674	-0.675883	-0.690864	-0.701152	-0.693952	-0.668343	-0.627162	-0.574202	-0.534387	-0.496298	-0.447137	-0.386117	-0.306166	-0.219719	-0.131982	-0.0381689	0.0507517	0.126518	0.203838	0.290575	0.390004	0.509186	0.624561	0.71554	0.791218	0.85544	0.905255	0.942886	0.974471	1.00275	1.02736	1.04532	1.03918	1.00612	0.973598	0.948486	0.916855	0.88167	0.842206	0.780997	0.691141	0.587674	0.494183	0.415902	0.33708	0.25841	0.19918	0.161492	0.13927	0.13927	
-0.514925	-0.52092	-0.522765	-0.514174	-0.488791	-0.451414	-0.401134	-0.358163	-0.332626	-0.306103	-0.271191	-0.213661	-0.130771	-0.0315746	0.0880159	0.217678	0.331751	0.421602	0.492714	0.548735	0.609246	0.675482	0.71554	0.726637	0.719046	0.693367	0.667314	0.656082	0.657745	0.671679	0.701548	0.73499	0.746729	0.740283	0.737894	0.739795	0.743427	0.754326	0.763052	0.752693	0.713557	0.649289	0.579696	0.514685	0.445508	0.377143	0.323699	0.281213	0.250486	0.250486	
-0.356064	-0.350283	-0.336746	-0.308967	-0.270212	-0.219737	-0.169132	-0.137953	-0.122279	-0.107058	-0.0779081	-0.0188382	0.068622	0.187635	0.339915	0.498713	0.635626	0.736007	0.791372	0.815849	0.83377	0.83118	0.791218	0.719046	0.610574	0.48772	0.393888	0.339202	0.315743	0.322137	0.356338	0.403174	0.442443	0.471169	0.49351	0.514569	0.54896	0.597992	0.646049	0.683558	0.700063	0.686367	0.652362	0.610571	0.564025	0.519516	0.480055	0.439392	0.407124	0.407124	
-0.189041	-0.173019	-0.142349	-0.10141	-0.0488799	0.00830975	0.0526155	0.0729613	0.0771395	0.0835263	0.108665	0.164887	0.25522	0.392506	0.56785	0.750045	0.910288	1.01809	1.06493	1.07027	1.04169	0.969633	0.85544	0.693367	0.48772	0.287579	0.13264	0.0290736	-0.0218071	-0.0225486	0.0186927	0.0843196	0.153098	0.212666	0.25662	0.296466	0.353646	0.425184	0.498807	0.57416	0.64126	0.681631	0.692367	0.685776	0.676878	0.670182	0.655587	0.628911	0.60613	0.60613	
-0.0194087	0.00698226	0.0477222	0.0984101	0.158884	0.21219	0.245523	0.249084	0.240747	0.236867	0.253902	0.302633	0.394604	0.544161	0.733899	0.937473	1.11496	1.23175	1.28429	1.27585	1.20763	1.08376	0.905255	0.667314	0.393888	0.13264	-0.0864098	-0.240559	-0.315489	-0.321128	-0.278532	-0.206918	-0.11768	-0.0285733	0.0390797	0.0964443	0.16733	0.249198	0.33701	0.436994	0.542196	0.631281	0.690348	0.729363	0.769975	0.810778	0.832218	0.834414	0.83275	0.83275	
0.156193	0.184327	0.223719	0.275946	0.328019	0.367221	0.376957	0.359287	0.336094	0.318764	0.326541	0.367228	0.462867	0.619851	0.82229	1.04172	1.23132	1.36628	1.43093	1.41747	1.32959	1.16999	0.942886	0.656082	0.339202	0.0290736	-0.240559	-0.429009	-0.523507	-0.547374	-0.522842	-0.45509	-0.351527	-0.245331	-0.162118	-0.087218	-0.00570145	0.0795005	0.174741	0.289599	0.418969	0.545096	0.650667	0.741185	0.834854	0.924287	0.989243	1.03227	1.05904	1.05904	
0.338429	0.353802	0.381764	0.417795	0.446478	0.455377	0.429234	0.387391	0.342464	0.311966	0.308742	0.345811	0.447915	0.612775	0.828778	1.05857	1.26591	1.42522	1.50882	1.50818	1.4148	1.23233	0.974471	0.657745	0.315743	-0.0218071	-0.315489	-0.523507	-0.645657	-0.699478	-0.691973	-0.630747	-0.536366	-0.436888	-0.342126	-0.250186	-0.166296	-0.0820909	0.0215674	0.1471	0.289007	0.44073	0.589014	0.730375	0.870092	0.999757	1.10781	1.19382	1.24763	1.24763	
0.506342	0.49995	0.506482	0.513194	0.508772	0.474152	0.412278	0.342267	0.275721	0.232004	0.216706	0.255149	0.361653	0.534947	0.759252	0.999184	1.23034	1.41788	1.53533	1.55932	1.47035	1.27965	1.00275	0.671679	0.322137	-0.0225486	-0.321128	-0.547374	-0.699478	-0.771716	-0.775555	-0.736738	-0.670539	-0.582936	-0.482223	-0.38962	-0.313226	-0.22741	-0.114964	0.0158374	0.164712	0.337034	0.523127	0.707355	0.879087	1.03445	1.17463	1.29162	1.36128	1.36128	
0.628064	0.598895	0.578925	0.555325	0.512665	0.437731	0.346586	0.25128	0.170119	0.111796	0.090193	0.131092	0.240741	0.420006	0.645932	0.896673	1.14763	1.36485	1.51839	1.56634	1.49354	1.3067	1.02736	0.701548	0.356338	0.0186927	-0.278532	-0.522842	-0.691973	-0.775555	-0.800796	-0.788785	-0.74362	-0.668847	-0.578662	-0.497989	-0.42695	-0.340052	-0.229292	-0.0993295	0.0571947	0.247252	0.461723	0.675603	0.864916	1.03046	1.18264	1.30691	1.37543	1.37543	
0.693184	0.639626	0.591316	0.535539	0.454188	0.349667	0.237019	0.130435	0.0439108	-0.0176356	-0.030655	0.0192467	0.138349	0.319067	0.541242	0.792854	1.04933	1.28522	1.45929	1.5293	1.47956	1.30716	1.04532	0.73499	0.403174	0.0843196	-0.206918	-0.45509	-0.630747	-0.736738	-0.788785	-0.794112	-0.765013	-0.707491	-0.632443	-0.560069	-0.489341	-0.407212	-0.308131	-0.182806	-0.0216191	0.176556	0.403183	0.629563	0.824289	0.987389	1.12921	1.235	1.2871	1.2871	
0.705295	0.62431	0.545177	0.453483	0.340157	0.216925	0.0972409	-0.00420041	-0.0835094	-0.128398	-0.12006	-0.0511643	0.0799701	0.257329	0.471653	0.713184	0.965918	1.20545	1.38578	1.47114	1.43584	1.28009	1.03918	0.746729	0.442443	0.153098	-0.11768	-0.351527	-0.536366	-0.670539	-0.74362	-0.765013	-0.752215	-0.709075	-0.647539	-0.577715	-0.49951	-0.419509	-0.332368	-0.215421	-0.0601191	0.128858	0.343515	0.559057	0.746724	0.898552	1.01388	1.08529	1.11466	1.11466	
0.685342	0.579529	0.468952	0.343198	0.2065	0.0733963	-0.041945	-0.132716	-0.195612	-0.21465	-0.179787	-0.0864979	0.0556808	0.233221	0.442441	0.675153	0.921347	1.15074	1.32321	1.40476	1.36988	1.22796	1.00612	0.740283	0.471169	0.212666	-0.0285733	-0.245331	-0.436888	-0.582936	-0.668847	-0.707491	-0.709075	-0.682941	-0.635028	-0.55759	-0.463934	-0.380334	-0.296624	-0.18697	-0.0491418	0.109246	0.282463	0.459198	0.623365	0.755055	0.837854	0.875519	0.887387	0.887387	
0.664392	0.537052	0.394206	0.23707	0.0806959	-0.0576895	-0.167128	-0.246224	-0.286255	-0.275271	-0.207968	-0.0886922	0.0659361	0.247872	0.452398	0.675322	0.904502	1.1099	1.26115	1.32764	1.29476	1.17074	0.973598	0.737894	0.49351	0.25662	0.0390797	-0.162118	-0.342126	-0.482223	-0.578662	-0.632443	-0.647539	-0.635028	-0.586959	-0.498702	-0.398897	-0.306064	-0.20914	-0.103139	0.0062349	0.115882	0.224825	0.338828	0.457844	0.555585	0.607414	0.624756	0.630593	0.630593	
0.650509	0.504675	0.332322	0.149039	-0.0216398	-0.161488	-0.264595	-0.327463	-0.339868	-0.295389	-0.195682	-0.0563963	0.106869	0.287719	0.482596	0.689168	0.891643	1.06723	1.19258	1.24589	1.22042	1.11709	0.948486	0.739795	0.514569	0.296466	0.0964443	-0.087218	-0.250186	-0.38962	-0.497989	-0.560069	-0.577715	-0.55759	-0.498702	-0.413792	-0.315139	-0.201165	-0.0856131	0.00932386	0.0822062	0.137097	0.17591	0.215712	0.268143	0.315028	0.339012	0.34932	0.356517	0.356517	
0.642543	0.4895	0.3011	0.104672	-0.0715778	-0.211645	-0.30988	-0.357867	-0.346898	-0.275673	-0.155891	-0.00735976	0.157897	0.334093	0.519656	0.707677	0.881271	1.02368	1.11813	1.15543	1.13334	1.05113	0.916855	0.743427	0.54896	0.353646	0.16733	-0.00570145	-0.166296	-0.313226	-0.42695	-0.489341	-0.49951	-0.463934	-0.398897	-0.315139	-0.202374	-0.0684656	0.0463322	0.11866	0.153954	0.156627	0.133265	0.102539	0.0782647	0.0632752	0.058832	0.0630394	0.0683051	0.0683051	
0.630206	0.487167	0.303547	0.11183	-0.0609347	-0.200237	-0.294938	-0.332186	-0.304935	-0.218734	-0.0922917	0.0566367	0.218232	0.38785	0.560952	0.724327	0.86277	0.964453	1.02361	1.04336	1.0261	0.97227	0.88167	0.754326	0.597992	0.425184	0.249198	0.0795005	-0.0820909	-0.22741	-0.340052	-0.407212	-0.419509	-0.380334	-0.306064	-0.201165	-0.0684656	0.0632043	0.160334	0.209356	0.20726	0.161058	0.0883876	0.00022391	-0.0936822	-0.168257	-0.206138	-0.22	-0.226698	-0.226698	
0.581309	0.464582	0.308622	0.142092	-0.0135738	-0.142155	-0.225474	-0.248046	-0.206512	-0.113776	0.0100781	0.150622	0.299953	0.453091	0.599926	0.725517	0.818702	0.875469	0.902494	0.910699	0.905743	0.886186	0.842206	0.763052	0.646049	0.498807	0.33701	0.174741	0.0215674	-0.114964	-0.229292	-0.308131	-0.332368	-0.296624	-0.20914	-0.0856131	0.0463322	0.160334	0.240954	0.269387	0.233079	0.148194	0.0369276	-0.0968285	-0.24101	-0.361379	-0.438351	-0.483589	-0.508289	-0.508289	
0.484501	0.406172	0.296495	0.172654	0.0493459	-0.0540896	-0.11472	-0.117538	-0.0645871	0.0279333	0.143054	0.269876	0.401689	0.52986	0.639959	0.71867	0.760347	0.770989	0.766761	0.763457	0.769324	0.780432	0.780997	0.752693	0.683558	0.57416	0.436994	0.289599	0.1471	0.0158374	-0.0993295	-0.182806	-0.215421	-0.18697	-0.103139	0.00932386	0.11866	0.209356	0.269387	0.277625	0.224592	0.120805	-0.0216871	-0.19063	-0.36286	-0.513977	-0.631305	-0.710281	-0.749376	-0.749376	
0.360982	0.327201	0.272896	0.20165	0.122575	0.0560885	0.0248932	0.0400688	0.0963279	0.180662	0.282422	0.394421	0.508399	0.610008	0.6822	0.713823	0.705507	0.671885	0.63498	0.614751	0.622063	0.653099	0.691141	0.713557	0.700063	0.64126	0.542196	0.418969	0.289007	0.164712	0.0571947	-0.0216191	-0.0601191	-0.0491418	0.0062349	0.0822062	0.153954	0.20726	0.233079	0.224592	0.173351	0.0671663	-0.0917108	-0.27589	-0.458628	-0.63113	-0.78098	-0.883981	-0.930745	-0.930745	
0.226505	0.239116	0.242198	0.229964	0.207147	0.189796	0.193297	0.222402	0.27293	0.340158	0.421681	0.51338	0.603872	0.674741	0.708714	0.698035	0.649357	0.581936	0.519763	0.484139	0.486784	0.525954	0.587674	0.649289	0.686367	0.681631	0.631281	0.545096	0.44073	0.337034	0.247252	0.176556	0.128858	0.109246	0.115882	0.137097	0.156627	0.161058	0.148194	0.120805	0.0671663	-0.0331865	-0.179967	-0.351557	-0.532514	-0.715239	-0.87863	-0.99334	-1.04782	-1.04782	
0.083844	0.140084	0.197141	0.247634	0.292287	0.336288	0.381579	0.426056	0.469577	0.516939	0.573014	0.635114	0.689853	0.718864	0.708527	0.657179	0.576843	0.488312	0.414297	0.373424	0.375399	0.419405	0.494183	0.579696	0.652362	0.692367	0.690348	0.650667	0.589014	0.523127	0.461723	0.403183	0.343515	0.282463	0.224825	0.17591	0.133265	0.0883876	0.0369276	-0.0216871	-0.0917108	-0.179967	-0.292274	-0.432638	-0.5965	-0.76575	-0.918047	-1.03556	-1.10143	-1.10143	
-0.0649571	0.0289957	0.133518	0.245952	0.362626	0.474207	0.567615	0.6349	0.679567	0.712749	0.742775	0.767185	0.773725	0.748941	0.687087	0.594521	0.487684	0.387158	0.31202	0.275562	0.283404	0.333441	0.415902	0.514685	0.610571	0.685776	0.729363	0.741185	0.730375	0.707355	0.675603	0.629563	0.559057	0.459198	0.338828	0.215712	0.102539	0.00022391	-0.0968285	-0.19063	-0.27589	-0.351557	-0.432638	-0.536818	-0.661344	-0.788885	-0.90996	-1.01767	-1.0868	-1.0868	
-0.210772	-0.081445	0.0672079	0.237463	0.420495	0.594333	0.735019	0.830619	0.885133	0.910309	0.914064	0.895132	0.846864	0.765172	0.654329	0.527516	0.402642	0.297191	0.22446	0.191978	0.202048	0.25252	0.33708	0.445508	0.564025	0.676878	0.769975	0.834854	0.870092	0.879087	0.864916	0.824289	0.746724	0.623365	0.457844	0.268143	0.0782647	-0.0936822	-0.24101	-0.36286	-0.458628	-0.532514	-0.5965	-0.661344	-0.729751	-0.802104	-0.879365	-0.953151	-1.00081	-1.00081	
-0.339489	-0.174617	0.0165267	0.235229	0.467744	0.686954	0.866229	0.991684	1.06326	1.08703	1.06758	1.00649	0.906146	0.774	0.623691	0.472314	0.336204	0.227835	0.154765	0.120631	0.126823	0.173324	0.25841	0.377143	0.519516	0.670182	0.810778	0.924287	0.999757	1.03445	1.03046	0.987389	0.898552	0.755055	0.555585	0.315028	0.0632752	-0.168257	-0.361379	-0.513977	-0.63113	-0.715239	-0.76575	-0.788885	-0.802104	-0.820833	-0.843329	-0.857945	-0.862062	-0.862062	
-0.447031	-0.248559	-0.0184108	0.236107	0.497955	0.743864	0.952379	1.10872	1.20435	1.23468	1.19889	1.10201	0.956569	0.781566	0.598627	0.42733	0.281994	0.170879	0.0975036	0.0629924	0.0679629	0.11324	0.19918	0.323699	0.480055	0.655587	0.832218	0.989243	1.10781	1.17463	1.18264	1.12921	1.01388	0.837854	0.607414	0.339012	0.058832	-0.206138	-0.438351	-0.631305	-0.78098	-0.87863	-0.918047	-0.90996	-0.879365	-0.843329	-0.800684	-0.751184	-0.714252	-0.714252	
-0.534153	-0.304721	-0.0392481	0.24226	0.5209	0.781735	1.01147	1.19439	1.31205	1.34855	1.29816	1.16993	0.986283	0.776603	0.569261	0.385692	0.238192	0.131056	0.0636288	0.0336027	0.0394305	0.0814443	0.161492	0.281213	0.439392	0.628911	0.834414	1.03227	1.19382	1.29162	1.30691	1.235	1.08529	0.875519	0.624756	0.34932	0.0630394	-0.22	-0.483589	-0.710281	-0.883981	-0.99334	-1.03556	-1.01767	-0.953151	-0.857945	-0.751184	-0.657216	-0.601712	-0.601712	
-0.587177	-0.335807	-0.0457661	0.253339	0.541523	0.810005	1.05108	1.24819	1.37637	1.41287	1.34968	1.19934	0.991205	0.761453	0.542608	0.356829	0.214309	0.115666	0.0562224	0.0302988	0.0344854	0.0693425	0.13927	0.250486	0.407124	0.60613	0.83275	1.05904	1.24763	1.36128	1.37543	1.2871	1.11466	0.887387	0.630593	0.356517	0.0683051	-0.226698	-0.508289	-0.749376	-0.930745	-1.04782	-1.10143	-1.0868	-1.00081	-0.862062	-0.714252	-0.601712	-0.545005	-0.545005	
-0.587177	-0.335807	-0.0457661	0.253339	0.541523	0.810005	1.05108	1.24819	1.37637	1.41287	1.34968	1.19934	0.991205	0.761453	0.542608	0.356829	0.214309	0.115666	0.0562224	0.0302988	0.0344854	0.0693425	0.13927	0.250486	0.407124	0.60613	0.83275	1.05904	1.24763	1.36128	1.37543	1.2871	1.11466	0.887387	0.630593	0.356517	0.0683051	-0.226698	-0.508289	-0.749376	-0.930745	-1.04782	-1.10143	-1.0868	-1.00081	-0.862062	-0.714252	-0.601712	-0.545005	-0.545005	
