-0.899244	-0.899244	-0.855548	-0.767088	-0.633846	-0.467323	-0.293509	-0.14685	-0.0368458	0.0235241	0.0357212	0.00552315	-0.054925	-0.135341	-0.221794	-0.299507	-0.345482	-0.364257	-0.366109	-0.334614	-0.27446	-0.209216	-0.149469	-0.0999711	-0.0611872	-0.0111007	0.0700312	0.172943	0.289047	0.417013	0.53461	0.615411	0.656118	0.656846	0.615351	0.543349	0.432138	0.277717	0.0930753	-0.091091	-0.253881	-0.363861	-0.409681	-0.394633	-0.300707	-0.132717	0.0706859	0.274377	0.451676	0.607384	
-0.899244	-0.899244	-0.855548	-0.767088	-0.633846	-0.467323	-0.293509	-0.14685	-0.0368458	0.0235241	0.0357212	0.00552315	-0.054925	-0.135341	-0.221794	-0.299507	-0.345482	-0.364257	-0.366109	-0.334614	-0.27446	-0.209216	-0.149469	-0.0999711	-0.0611872	-0.0111007	0.0700312	0.172943	0.289047	0.417013	0.53461	0.615411	0.656118	0.656846	0.615351	0.543349	0.432138	0.277717	0.0930753	-0.091091	-0.253881	-0.363861	-0.409681	-0.394633	-0.300707	-0.132717	0.0706859	0.274377	0.451676	0.607384	
-0.855548	-0.855548	-0.799015	-0.70783	-0.584775	-0.422195	-0.248562	-0.106285	0.00690721	0.0776446	0.084368	0.0412463	-0.0263023	-0.109435	-0.190066	-0.257004	-0.308688	-0.336115	-0.339238	-0.317644	-0.268118	-0.19998	-0.13539	-0.0792185	-0.0333374	0.00961601	0.074822	0.167088	0.281738	0.4154	0.535037	0.614882	0.653868	0.650041	0.608397	0.537255	0.422263	0.272065	0.0911061	-0.0932915	-0.248631	-0.349083	-0.389249	-0.366769	-0.272377	-0.114455	0.0718053	0.262942	0.441162	0.59891	
-0.767088	-0.767088	-0.70783	-0.608481	-0.484618	-0.334946	-0.172542	-0.0297734	0.0909787	0.164141	0.164769	0.115423	0.0454151	-0.0453536	-0.129078	-0.191813	-0.244962	-0.276572	-0.278596	-0.26337	-0.226371	-0.163468	-0.100147	-0.0391054	0.0159968	0.0556163	0.104074	0.181643	0.290945	0.420758	0.537211	0.612534	0.64642	0.636573	0.591709	0.515962	0.398693	0.257969	0.0898003	-0.0855238	-0.22828	-0.316199	-0.346226	-0.317523	-0.22284	-0.0787949	0.0884832	0.266159	0.432673	0.579614	
-0.633846	-0.633846	-0.584775	-0.484618	-0.35353	-0.208944	-0.0571604	0.0850164	0.203336	0.27112	0.27274	0.226942	0.150921	0.0548118	-0.0354683	-0.105602	-0.160906	-0.190545	-0.195156	-0.183819	-0.152306	-0.0992583	-0.0431227	0.0147341	0.0715593	0.111866	0.150674	0.21663	0.313853	0.429419	0.532953	0.604123	0.633244	0.620549	0.566131	0.47898	0.362097	0.233522	0.0880917	-0.0633132	-0.19144	-0.267466	-0.28956	-0.259699	-0.170007	-0.0390774	0.108906	0.269186	0.41507	0.54635	
-0.467323	-0.467323	-0.422195	-0.334946	-0.208944	-0.0568923	0.100228	0.234559	0.341018	0.399533	0.404997	0.35805	0.274925	0.175261	0.0857081	0.00636767	-0.0533201	-0.0896586	-0.106552	-0.0988427	-0.066706	-0.0226151	0.0285354	0.0857417	0.134537	0.168301	0.202971	0.256152	0.337755	0.437265	0.52918	0.59173	0.618856	0.601051	0.535022	0.436205	0.320849	0.203699	0.0831897	-0.0410816	-0.149819	-0.213866	-0.227753	-0.197588	-0.117607	-0.00582068	0.117988	0.248362	0.37109	0.497175	
-0.293509	-0.293509	-0.248562	-0.172542	-0.0571604	0.100228	0.261624	0.391239	0.489027	0.543491	0.540162	0.4868	0.40266	0.308346	0.215066	0.129112	0.0644474	0.0204074	-0.00940515	-0.00789413	0.0259072	0.070689	0.122155	0.173627	0.208874	0.233135	0.263022	0.308553	0.376765	0.462986	0.534778	0.57825	0.592011	0.565509	0.493617	0.393244	0.281276	0.173659	0.0710637	-0.0240454	-0.105843	-0.15123	-0.155435	-0.125372	-0.0676035	0.0196246	0.116772	0.212413	0.314923	0.436719	
-0.14685	-0.14685	-0.106285	-0.0297734	0.0850164	0.234559	0.391239	0.520993	0.619114	0.67008	0.660891	0.604812	0.528667	0.434763	0.333238	0.243698	0.177005	0.126545	0.0961558	0.099348	0.128218	0.172073	0.221736	0.265258	0.288173	0.300645	0.325317	0.366816	0.428132	0.499514	0.553265	0.564894	0.549612	0.507053	0.435052	0.345732	0.250065	0.158211	0.071922	0.00334316	-0.0486399	-0.0785543	-0.0796464	-0.0637995	-0.0300696	0.0282626	0.0993367	0.170212	0.254033	0.364625	
-0.0368458	-0.0368458	0.00690721	0.0909787	0.203336	0.341018	0.489027	0.619114	0.71195	0.763214	0.757346	0.705768	0.626217	0.5301	0.423825	0.331077	0.257603	0.209152	0.185665	0.1868	0.211358	0.257989	0.303391	0.33431	0.350555	0.359638	0.381456	0.423545	0.473609	0.527103	0.558986	0.548246	0.505131	0.445803	0.369474	0.293024	0.216469	0.144225	0.0812128	0.0392697	0.0144271	0.00212261	-0.00573448	-0.0156642	-0.00919471	0.0198898	0.0614468	0.116898	0.189551	0.285706	
0.0235241	0.0235241	0.0776446	0.164141	0.27112	0.399533	0.543491	0.67008	0.763214	0.809115	0.808364	0.762352	0.684017	0.581976	0.479206	0.385364	0.308696	0.261032	0.242504	0.245195	0.272474	0.318707	0.359262	0.385446	0.400711	0.412086	0.436406	0.470446	0.504309	0.53688	0.551302	0.528331	0.469982	0.390234	0.308088	0.242113	0.186518	0.142148	0.111403	0.0890743	0.0828577	0.0823473	0.0660779	0.0349177	0.0152158	0.0113454	0.0238021	0.0621323	0.118735	0.20036	
0.0357212	0.0357212	0.084368	0.164769	0.27274	0.404997	0.540162	0.660891	0.757346	0.808364	0.806471	0.764247	0.687517	0.587574	0.490134	0.40135	0.328343	0.282842	0.266386	0.27223	0.308462	0.355538	0.392925	0.417292	0.43829	0.459606	0.481622	0.50534	0.52637	0.539148	0.531931	0.500619	0.429839	0.333038	0.252909	0.198872	0.165883	0.155376	0.158887	0.160478	0.165923	0.165746	0.138121	0.0933437	0.0470982	0.014907	0.00337113	0.0197958	0.0609695	0.124046	
0.00552315	0.00552315	0.0412463	0.115423	0.226942	0.35805	0.4868	0.604812	0.705768	0.762352	0.764247	0.721926	0.645657	0.547177	0.454542	0.375803	0.313315	0.272581	0.260023	0.273577	0.307891	0.348984	0.390377	0.42986	0.464238	0.488782	0.502253	0.512819	0.526607	0.52727	0.509831	0.461631	0.376909	0.275568	0.202726	0.164423	0.162132	0.185395	0.216632	0.24603	0.259906	0.24825	0.208296	0.14932	0.0862112	0.0342033	0.00291415	-0.0048669	0.0163527	0.0645083	
-0.054925	-0.054925	-0.0263023	0.0454151	0.150921	0.274925	0.40266	0.528667	0.626217	0.684017	0.687517	0.645657	0.568622	0.480451	0.391269	0.318538	0.266381	0.234676	0.223145	0.239266	0.271965	0.315475	0.368371	0.42481	0.468079	0.491682	0.498465	0.501838	0.506203	0.499085	0.470279	0.406775	0.317415	0.229145	0.164658	0.143652	0.169205	0.219692	0.274823	0.324547	0.346721	0.3312	0.284474	0.21298	0.137712	0.0705956	0.0209977	-0.0100675	-0.0135907	0.0210067	
-0.135341	-0.135341	-0.109435	-0.0453536	0.0548118	0.175261	0.308346	0.434763	0.5301	0.581976	0.587574	0.547177	0.480451	0.403527	0.319221	0.250918	0.208186	0.180809	0.168312	0.185856	0.22213	0.276566	0.349071	0.416692	0.45735	0.475431	0.481121	0.477814	0.470694	0.457481	0.416279	0.343334	0.260698	0.191604	0.138395	0.133512	0.183737	0.259732	0.334377	0.389683	0.413734	0.401473	0.356727	0.284763	0.198954	0.116857	0.0500577	0.000298789	-0.0234113	0.00600146	
-0.221794	-0.221794	-0.190066	-0.129078	-0.0354683	0.0857081	0.215066	0.333238	0.423825	0.479206	0.490134	0.454542	0.391269	0.319221	0.246041	0.185586	0.14614	0.118739	0.111306	0.128177	0.173791	0.243931	0.328651	0.396798	0.43906	0.457283	0.458538	0.448792	0.431026	0.401857	0.347265	0.276646	0.208408	0.156398	0.123887	0.129078	0.189022	0.279979	0.370365	0.428983	0.457198	0.450967	0.410142	0.341227	0.25	0.157411	0.0792498	0.0199421	-0.00307872	0.0256311	
-0.299507	-0.299507	-0.257004	-0.191813	-0.105602	0.00636767	0.129112	0.243698	0.331077	0.385364	0.40135	0.375803	0.318538	0.250918	0.185586	0.124824	0.0806323	0.0605685	0.0688005	0.0922064	0.14526	0.220146	0.302009	0.371367	0.421816	0.440422	0.434122	0.415444	0.384979	0.337555	0.274359	0.207583	0.153369	0.117671	0.109779	0.128175	0.187412	0.274814	0.369318	0.438068	0.470738	0.469395	0.433658	0.364975	0.277698	0.186515	0.103412	0.0391113	0.0186962	0.0489374	
-0.345482	-0.345482	-0.308688	-0.244962	-0.160906	-0.0533201	0.0644474	0.177005	0.257603	0.308696	0.328343	0.313315	0.266381	0.208186	0.14614	0.0806323	0.0300167	0.0156974	0.0365776	0.0784342	0.142709	0.216578	0.286213	0.352861	0.404442	0.421835	0.409855	0.380618	0.338253	0.273835	0.205761	0.147966	0.104168	0.0781895	0.0894073	0.121762	0.172909	0.245456	0.335547	0.407916	0.447656	0.448461	0.415711	0.351848	0.27504	0.190552	0.110755	0.0493747	0.0283994	0.0638636	
-0.364257	-0.364257	-0.336115	-0.276572	-0.190545	-0.0896586	0.0204074	0.126545	0.209152	0.261032	0.282842	0.272581	0.234676	0.180809	0.118739	0.0605685	0.0156974	0.00190719	0.0246753	0.0795448	0.151943	0.230256	0.302983	0.362881	0.399703	0.409092	0.389117	0.347801	0.293884	0.225738	0.158681	0.109766	0.0655697	0.040271	0.0534467	0.0915486	0.140883	0.201867	0.273272	0.338581	0.377526	0.380906	0.354185	0.308647	0.246021	0.171444	0.0992194	0.0500088	0.0384521	0.087617	
-0.366109	-0.366109	-0.339238	-0.278596	-0.195156	-0.106552	-0.00940515	0.0961558	0.185665	0.242504	0.266386	0.260023	0.223145	0.168312	0.111306	0.0688005	0.0365776	0.0246753	0.0481547	0.104796	0.180673	0.266958	0.346398	0.392487	0.411408	0.409368	0.380608	0.325331	0.260435	0.190379	0.128032	0.0777688	0.0256951	-0.00219569	0.0058071	0.0377196	0.0887468	0.143133	0.190889	0.234448	0.268361	0.277866	0.26499	0.242671	0.200477	0.139115	0.0842793	0.0531639	0.0598321	0.123131	
-0.334614	-0.334614	-0.317644	-0.26337	-0.183819	-0.0988427	-0.00789413	0.099348	0.1868	0.245195	0.27223	0.273577	0.239266	0.185856	0.128177	0.0922064	0.0784342	0.0795448	0.104796	0.153639	0.227903	0.313391	0.389095	0.42241	0.428013	0.414981	0.373771	0.304654	0.228285	0.158931	0.0957375	0.0345573	-0.0239752	-0.0548551	-0.0550051	-0.0330965	0.0116078	0.0551166	0.0873392	0.112179	0.134657	0.149807	0.156419	0.151126	0.132959	0.0951035	0.0695138	0.0668387	0.0996975	0.176356	
-0.27446	-0.27446	-0.268118	-0.226371	-0.152306	-0.066706	0.0259072	0.128218	0.211358	0.272474	0.308462	0.307891	0.271965	0.22213	0.173791	0.14526	0.142709	0.151943	0.180673	0.227903	0.293216	0.363817	0.424476	0.452663	0.454016	0.425738	0.365844	0.283	0.198917	0.120017	0.0490038	-0.0175628	-0.0787786	-0.119961	-0.130447	-0.121068	-0.094717	-0.0674685	-0.0377442	-0.0175091	0.00191811	0.0162797	0.0356745	0.050524	0.0588384	0.0557497	0.068293	0.1054	0.171226	0.266594	
-0.209216	-0.209216	-0.19998	-0.163468	-0.0992583	-0.0226151	0.070689	0.172073	0.257989	0.318707	0.355538	0.348984	0.315475	0.276566	0.243931	0.220146	0.216578	0.230256	0.266958	0.313391	0.363817	0.413328	0.456258	0.481943	0.477269	0.428743	0.349853	0.260647	0.166471	0.0681233	-0.020332	-0.0911848	-0.153884	-0.206375	-0.229469	-0.230714	-0.220678	-0.21011	-0.186228	-0.158734	-0.133314	-0.112811	-0.0824025	-0.0411259	0.00318272	0.0481882	0.101901	0.17613	0.272035	0.380591	
-0.149469	-0.149469	-0.13539	-0.100147	-0.0431227	0.0285354	0.122155	0.221736	0.303391	0.359262	0.392925	0.390377	0.368371	0.349071	0.328651	0.302009	0.286213	0.302983	0.346398	0.389095	0.424476	0.456258	0.483531	0.495352	0.473159	0.403945	0.314175	0.214953	0.107774	-0.00743809	-0.114634	-0.198251	-0.265895	-0.321279	-0.352914	-0.361718	-0.357717	-0.348688	-0.331789	-0.302846	-0.268555	-0.230243	-0.181405	-0.112968	-0.0289887	0.0679356	0.168396	0.276191	0.388955	0.49968	
-0.0999711	-0.0999711	-0.0792185	-0.0391054	0.0147341	0.0857417	0.173627	0.265258	0.33431	0.385446	0.417292	0.42986	0.42481	0.416692	0.396798	0.371367	0.352861	0.362881	0.392487	0.42241	0.452663	0.481943	0.495352	0.479726	0.430774	0.349082	0.24812	0.132142	0.0122062	-0.1098	-0.230773	-0.329403	-0.404938	-0.457353	-0.487858	-0.503188	-0.500225	-0.479838	-0.455798	-0.428589	-0.388395	-0.328843	-0.249416	-0.15211	-0.0305971	0.108325	0.25794	0.403644	0.529004	0.627154	
-0.0611872	-0.0611872	-0.0333374	0.0159968	0.0715593	0.134537	0.208874	0.288173	0.350555	0.400711	0.43829	0.464238	0.468079	0.45735	0.43906	0.421816	0.404442	0.399703	0.411408	0.428013	0.454016	0.477269	0.473159	0.430774	0.365444	0.27589	0.160501	0.0263457	-0.108323	-0.243916	-0.372874	-0.473556	-0.548349	-0.592921	-0.611655	-0.623581	-0.621199	-0.594507	-0.555481	-0.514423	-0.459547	-0.377698	-0.264892	-0.134222	0.0179265	0.183998	0.366992	0.544777	0.679029	0.766156	
-0.0111007	-0.0111007	0.00961601	0.0556163	0.111866	0.168301	0.233135	0.300645	0.359638	0.412086	0.459606	0.488782	0.491682	0.475431	0.457283	0.440422	0.421835	0.409092	0.409368	0.414981	0.425738	0.428743	0.403945	0.349082	0.27589	0.175141	0.0463598	-0.0990455	-0.25075	-0.40439	-0.531886	-0.616676	-0.675377	-0.706864	-0.709298	-0.706546	-0.698108	-0.671375	-0.618647	-0.547985	-0.461644	-0.355656	-0.222794	-0.0675281	0.107834	0.292325	0.493161	0.683009	0.821787	0.906995	
0.0700312	0.0700312	0.074822	0.104074	0.150674	0.202971	0.263022	0.325317	0.381456	0.436406	0.481622	0.502253	0.498465	0.481121	0.458538	0.434122	0.409855	0.389117	0.380608	0.373771	0.365844	0.349853	0.314175	0.24812	0.160501	0.0463598	-0.0931367	-0.248086	-0.407731	-0.560278	-0.675834	-0.741625	-0.777654	-0.788137	-0.772995	-0.748893	-0.725823	-0.687616	-0.619021	-0.52167	-0.403663	-0.271258	-0.121163	0.047354	0.23677	0.431885	0.632752	0.819767	0.956369	1.04268	
0.172943	0.172943	0.167088	0.181643	0.21663	0.256152	0.308553	0.366816	0.423545	0.470446	0.50534	0.512819	0.501838	0.477814	0.448792	0.415444	0.380618	0.347801	0.325331	0.304654	0.283	0.260647	0.214953	0.132142	0.0263457	-0.0990455	-0.248086	-0.41043	-0.567967	-0.698403	-0.78959	-0.838534	-0.85158	-0.830468	-0.790672	-0.750209	-0.706087	-0.643446	-0.553946	-0.44124	-0.305801	-0.151817	0.0195502	0.204482	0.395466	0.585006	0.77282	0.946803	1.07895	1.16411	
0.289047	0.289047	0.281738	0.290945	0.313853	0.337755	0.376765	0.428132	0.473609	0.504309	0.52637	0.526607	0.506203	0.470694	0.431026	0.384979	0.338253	0.293884	0.260435	0.228285	0.198917	0.166471	0.107774	0.0122062	-0.108323	-0.25075	-0.407731	-0.567967	-0.707821	-0.808981	-0.871074	-0.90075	-0.889152	-0.843337	-0.777974	-0.711206	-0.642149	-0.553659	-0.440613	-0.314867	-0.173912	-0.0126856	0.170394	0.36357	0.550644	0.72607	0.895117	1.05613	1.18174	1.2581	
0.417013	0.417013	0.4154	0.420758	0.429419	0.437265	0.462986	0.499514	0.527103	0.53688	0.539148	0.52727	0.499085	0.457481	0.401857	0.337555	0.273835	0.225738	0.190379	0.158931	0.120017	0.0681233	-0.00743809	-0.1098	-0.243916	-0.40439	-0.560278	-0.698403	-0.808981	-0.880228	-0.916192	-0.920364	-0.890442	-0.829697	-0.743597	-0.644948	-0.546944	-0.438734	-0.312977	-0.172622	-0.0305202	0.122106	0.296059	0.483707	0.661101	0.828304	0.986941	1.13513	1.25191	1.31601	
0.53461	0.53461	0.535037	0.537211	0.532953	0.52918	0.534778	0.553265	0.558986	0.551302	0.531931	0.509831	0.470279	0.416279	0.347265	0.274359	0.205761	0.158681	0.128032	0.0957375	0.0490038	-0.020332	-0.114634	-0.230773	-0.372874	-0.531886	-0.675834	-0.78959	-0.871074	-0.916192	-0.928565	-0.906113	-0.854722	-0.778113	-0.6739	-0.555	-0.440651	-0.322069	-0.187747	-0.0443285	0.0955431	0.238343	0.396846	0.562766	0.726801	0.882062	1.02858	1.16453	1.27024	1.32303	
0.615411	0.615411	0.614882	0.612534	0.604123	0.59173	0.57825	0.564894	0.548246	0.528331	0.500619	0.461631	0.406775	0.343334	0.276646	0.207583	0.147966	0.109766	0.0777688	0.0345573	-0.0175628	-0.0911848	-0.198251	-0.329403	-0.473556	-0.616676	-0.741625	-0.838534	-0.90075	-0.920364	-0.906113	-0.861693	-0.787404	-0.687594	-0.569175	-0.447694	-0.327098	-0.202205	-0.0685708	0.066459	0.195314	0.329815	0.472932	0.615436	0.760609	0.900561	1.03099	1.14605	1.23551	1.28344	
0.656118	0.656118	0.653868	0.64642	0.633244	0.618856	0.592011	0.549612	0.505131	0.469982	0.429839	0.376909	0.317415	0.260698	0.208408	0.153369	0.104168	0.0655697	0.0256951	-0.0239752	-0.0787786	-0.153884	-0.265895	-0.404938	-0.548349	-0.675377	-0.777654	-0.85158	-0.889152	-0.890442	-0.854722	-0.787404	-0.692724	-0.577023	-0.446173	-0.317766	-0.19454	-0.0732944	0.0472677	0.160963	0.275518	0.395292	0.51603	0.635473	0.766149	0.895486	1.01132	1.10214	1.16652	1.20463	
0.656846	0.656846	0.650041	0.636573	0.620549	0.601051	0.565509	0.507053	0.445803	0.390234	0.333038	0.275568	0.229145	0.191604	0.156398	0.117671	0.0781895	0.040271	-0.00219569	-0.0548551	-0.119961	-0.206375	-0.321279	-0.457353	-0.592921	-0.706864	-0.788137	-0.830468	-0.843337	-0.829697	-0.778113	-0.687594	-0.577023	-0.450172	-0.311959	-0.172665	-0.0470608	0.0597207	0.160066	0.258911	0.356714	0.454882	0.548935	0.645846	0.758569	0.877368	0.978949	1.04931	1.08703	1.11103	
0.615351	0.615351	0.608397	0.591709	0.566131	0.535022	0.493617	0.435052	0.369474	0.308088	0.252909	0.202726	0.164658	0.138395	0.123887	0.109779	0.0894073	0.0534467	0.0058071	-0.0550051	-0.130447	-0.229469	-0.352914	-0.487858	-0.611655	-0.709298	-0.772995	-0.790672	-0.777974	-0.743597	-0.6739	-0.569175	-0.446173	-0.311959	-0.168502	-0.0315222	0.0863038	0.182895	0.274416	0.357372	0.435944	0.513542	0.588317	0.670143	0.761942	0.85785	0.946634	1.00358	1.02188	1.02938	
0.543349	0.543349	0.537255	0.515962	0.47898	0.436205	0.393244	0.345732	0.293024	0.242113	0.198872	0.164423	0.143652	0.133512	0.129078	0.128175	0.121762	0.0915486	0.0377196	-0.0330965	-0.121068	-0.230714	-0.361718	-0.503188	-0.623581	-0.706546	-0.748893	-0.750209	-0.711206	-0.644948	-0.555	-0.447694	-0.317766	-0.172665	-0.0315222	0.0883831	0.192779	0.285615	0.36918	0.433084	0.493051	0.557006	0.625202	0.696967	0.7662	0.840799	0.916414	0.963507	0.97197	0.966631	
0.432138	0.432138	0.422263	0.398693	0.362097	0.320849	0.281276	0.250065	0.216469	0.186518	0.165883	0.162132	0.169205	0.183737	0.189022	0.187412	0.172909	0.140883	0.0887468	0.0116078	-0.094717	-0.220678	-0.357717	-0.500225	-0.621199	-0.698108	-0.725823	-0.706087	-0.642149	-0.546944	-0.440651	-0.327098	-0.19454	-0.0470608	0.0863038	0.192779	0.288407	0.373113	0.43898	0.485007	0.531104	0.585787	0.646039	0.708174	0.766032	0.829395	0.887923	0.916907	0.91601	0.903467	
0.277717	0.277717	0.272065	0.257969	0.233522	0.203699	0.173659	0.158211	0.144225	0.142148	0.155376	0.185395	0.219692	0.259732	0.279979	0.274814	0.245456	0.201867	0.143133	0.0551166	-0.0674685	-0.21011	-0.348688	-0.479838	-0.594507	-0.671375	-0.687616	-0.643446	-0.553659	-0.438734	-0.322069	-0.202205	-0.0732944	0.0597207	0.182895	0.285615	0.373113	0.436265	0.480967	0.513602	0.549302	0.59409	0.649161	0.711356	0.770593	0.822014	0.855603	0.857339	0.845071	0.833221	
0.0930753	0.0930753	0.0911061	0.0898003	0.0880917	0.0831897	0.0710637	0.071922	0.0812128	0.111403	0.158887	0.216632	0.274823	0.334377	0.370365	0.369318	0.335547	0.273272	0.190889	0.0873392	-0.0377442	-0.186228	-0.331789	-0.455798	-0.555481	-0.618647	-0.619021	-0.553946	-0.440613	-0.312977	-0.187747	-0.0685708	0.0472677	0.160066	0.274416	0.36918	0.43898	0.480967	0.509346	0.530975	0.554937	0.591811	0.653984	0.719452	0.773121	0.800478	0.80195	0.77834	0.757939	0.747509	
-0.091091	-0.091091	-0.0932915	-0.0855238	-0.0633132	-0.0410816	-0.0240454	0.00334316	0.0392697	0.0890743	0.160478	0.24603	0.324547	0.389683	0.428983	0.438068	0.407916	0.338581	0.234448	0.112179	-0.0175091	-0.158734	-0.302846	-0.428589	-0.514423	-0.547985	-0.52167	-0.44124	-0.314867	-0.172622	-0.0443285	0.066459	0.160963	0.258911	0.357372	0.433084	0.485007	0.513602	0.530975	0.542194	0.558997	0.601452	0.671215	0.73322	0.766143	0.765267	0.735085	0.68961	0.652671	0.633015	
-0.253881	-0.253881	-0.248631	-0.22828	-0.19144	-0.149819	-0.105843	-0.0486399	0.0144271	0.0828577	0.165923	0.259906	0.346721	0.413734	0.457198	0.470738	0.447656	0.377526	0.268361	0.134657	0.00191811	-0.133314	-0.268555	-0.388395	-0.459547	-0.461644	-0.403663	-0.305801	-0.173912	-0.0305202	0.0955431	0.195314	0.275518	0.356714	0.435944	0.493051	0.531104	0.549302	0.554937	0.558997	0.582444	0.636015	0.701476	0.743712	0.753844	0.719664	0.657121	0.586849	0.523655	0.489995	
-0.363861	-0.363861	-0.349083	-0.316199	-0.267466	-0.213866	-0.15123	-0.0785543	0.00212261	0.0823473	0.165746	0.24825	0.3312	0.401473	0.450967	0.469395	0.448461	0.380906	0.277866	0.149807	0.0162797	-0.112811	-0.230243	-0.328843	-0.377698	-0.355656	-0.271258	-0.151817	-0.0126856	0.122106	0.238343	0.329815	0.395292	0.454882	0.513542	0.557006	0.585787	0.59409	0.591811	0.601452	0.636015	0.683084	0.723214	0.736525	0.713458	0.646821	0.556113	0.461233	0.380726	0.343654	
-0.409681	-0.409681	-0.389249	-0.346226	-0.28956	-0.227753	-0.155435	-0.0796464	-0.00573448	0.0660779	0.138121	0.208296	0.284474	0.356727	0.410142	0.433658	0.415711	0.354185	0.26499	0.156419	0.0356745	-0.0824025	-0.181405	-0.249416	-0.264892	-0.222794	-0.121163	0.0195502	0.170394	0.296059	0.396846	0.472932	0.51603	0.548935	0.588317	0.625202	0.646039	0.649161	0.653984	0.671215	0.701476	0.723214	0.724053	0.696073	0.637081	0.543439	0.429599	0.321252	0.233433	0.193669	
-0.394633	-0.394633	-0.366769	-0.317523	-0.259699	-0.197588	-0.125372	-0.0637995	-0.0156642	0.0349177	0.0933437	0.14932	0.21298	0.284763	0.341227	0.364975	0.351848	0.308647	0.242671	0.151126	0.050524	-0.0411259	-0.112968	-0.15211	-0.134222	-0.0675281	0.047354	0.204482	0.36357	0.483707	0.562766	0.615436	0.635473	0.645846	0.670143	0.696967	0.708174	0.711356	0.719452	0.73322	0.743712	0.736525	0.696073	0.626571	0.532482	0.414875	0.286102	0.168238	0.079643	0.0433678	
-0.300707	-0.300707	-0.272377	-0.22284	-0.170007	-0.117607	-0.0676035	-0.0300696	-0.00919471	0.0152158	0.0470982	0.0862112	0.137712	0.198954	0.25	0.277698	0.27504	0.246021	0.200477	0.132959	0.0588384	0.00318272	-0.0289887	-0.0305971	0.0179265	0.107834	0.23677	0.395466	0.550644	0.661101	0.726801	0.760609	0.766149	0.758569	0.761942	0.7662	0.766032	0.770593	0.773121	0.766143	0.753844	0.713458	0.637081	0.532482	0.410519	0.27336	0.138952	0.0229069	-0.0569862	-0.0854606	
-0.132717	-0.132717	-0.114455	-0.0787949	-0.0390774	-0.00582068	0.0196246	0.0282626	0.0198898	0.0113454	0.014907	0.0342033	0.0705956	0.116857	0.157411	0.186515	0.190552	0.171444	0.139115	0.0951035	0.0557497	0.0481882	0.0679356	0.108325	0.183998	0.292325	0.431885	0.585006	0.72607	0.828304	0.882062	0.900561	0.895486	0.877368	0.85785	0.840799	0.829395	0.822014	0.800478	0.765267	0.719664	0.646821	0.543439	0.414875	0.27336	0.129872	-0.000511262	-0.101031	-0.165179	-0.180907	
0.0706859	0.0706859	0.0718053	0.0884832	0.108906	0.117988	0.116772	0.0993367	0.0614468	0.0238021	0.00337113	0.00291415	0.0209977	0.0500577	0.0792498	0.103412	0.110755	0.0992194	0.0842793	0.0695138	0.068293	0.101901	0.168396	0.25794	0.366992	0.493161	0.632752	0.77282	0.895117	0.986941	1.02858	1.03099	1.01132	0.978949	0.946634	0.916414	0.887923	0.855603	0.80195	0.735085	0.657121	0.556113	0.429599	0.286102	0.138952	-0.000511262	-0.111472	-0.190515	-0.236165	-0.234198	
0.274377	0.274377	0.262942	0.266159	0.269186	0.248362	0.212413	0.170212	0.116898	0.0621323	0.0197958	-0.0048669	-0.0100675	0.000298789	0.0199421	0.0391113	0.0493747	0.0500088	0.0531639	0.0668387	0.1054	0.17613	0.276191	0.403644	0.544777	0.683009	0.819767	0.946803	1.05613	1.13513	1.16453	1.14605	1.10214	1.04931	1.00358	0.963507	0.916907	0.857339	0.77834	0.68961	0.586849	0.461233	0.321252	0.168238	0.0229069	-0.101031	-0.190515	-0.241112	-0.25731	-0.233002	
0.451676	0.451676	0.441162	0.432673	0.41507	0.37109	0.314923	0.254033	0.189551	0.118735	0.0609695	0.0163527	-0.0135907	-0.0234113	-0.00307872	0.0186962	0.0283994	0.0384521	0.0598321	0.0996975	0.171226	0.272035	0.388955	0.529004	0.679029	0.821787	0.956369	1.07895	1.18174	1.25191	1.27024	1.23551	1.16652	1.08703	1.02188	0.97197	0.91601	0.845071	0.757939	0.652671	0.523655	0.380726	0.233433	0.079643	-0.0569862	-0.165179	-0.236165	-0.25731	-0.241753	-0.198441	
0.607384	0.607384	0.59891	0.579614	0.54635	0.497175	0.436719	0.364625	0.285706	0.20036	0.124046	0.0645083	0.0210067	0.00600146	0.0256311	0.0489374	0.0638636	0.087617	0.123131	0.176356	0.266594	0.380591	0.49968	0.627154	0.766156	0.906995	1.04268	1.16411	1.2581	1.31601	1.32303	1.28344	1.20463	1.11103	1.02938	0.966631	0.903467	0.833221	0.747509	0.633015	0.489995	0.343654	0.193669	0.0433678	-0.0854606	-0.180907	-0.234198	-0.233002	-0.198441	-0.140511	
