1.19062e-05	1.19062e-05	3.97434e-05	0.000146133	0.000497272	0.00154673	0.00438606	0.0113209	0.0265767	0.0567659	0.110512	0.196771	0.322117	0.48811	0.690105	0.91806	1.15884	1.39899	1.62696	1.8344	2.01643	2.1712	2.29907	2.40191	2.48246	2.54376	2.58885	2.62043	2.6407	2.65125	2.65297	2.64601	2.62978	2.60295	2.56356	2.50908	2.43659	2.34302	2.22544	2.08159	1.91041	1.71274	1.49219	1.2557	1.01363	0.778909	0.565108	0.383827	0.242068	0.140721	
1.19062e-05	1.19062e-05	3.97434e-05	0.000146133	0.000497272	0.00154673	0.00438606	0.0113209	0.0265767	0.0567659	0.110512	0.196771	0.322117	0.48811	0.690105	0.91806	1.15884	1.39899	1.62696	1.8344	2.01643	2.1712	2.29907	2.40191	2.48246	2.54376	2.58885	2.62043	2.6407	2.65125	2.65297	2.64601	2.62978	2.60295	2.56356	2.50908	2.43659	2.34302	2.22544	2.08159	1.91041	1.71274	1.49219	1.2557	1.01363	0.778909	0.565108	0.383827	0.242068	0.140721	
3.97434e-05	3.97434e-05	0.000123828	0.000426191	0.00135441	0.00391806	0.0102872	0.0244769	0.0527574	0.103133	0.183441	0.298532	0.448008	0.625949	0.822726	1.02761	1.23093	1.4251	1.60489	1.767	1.90962	2.03204	2.13449	2.218	2.28422	2.33516	2.37292	2.39951	2.41664	2.42557	2.42702	2.42112	2.40738	2.38475	2.35168	2.30627	2.24641	2.17003	2.07532	1.96096	1.8264	1.67195	1.49895	1.31002	1.10959	0.904285	0.703013	0.51628	0.35446	0.225249	
0.000146133	0.000146133	0.000426191	0.00137582	0.0040901	0.0110149	0.0267776	0.0586569	0.115736	0.206051	0.332488	0.490011	0.666692	0.848207	1.02267	1.18301	1.32671	1.45407	1.56637	1.66469	1.74953	1.82107	1.87976	1.92652	1.96253	1.98927	2.00832	2.02118	2.02915	2.03317	2.03381	2.03116	2.02485	2.01408	1.99768	1.97423	1.94213	1.89985	1.84606	1.77972	1.70021	1.60732	1.50072	1.37954	1.2425	1.08869	0.919306	0.739444	0.559177	0.392334	
0.000497272	0.000497272	0.00135441	0.0040901	0.0113459	0.0283704	0.0636861	0.128103	0.230917	0.374139	0.548564	0.735877	0.916319	1.07611	1.2097	1.31757	1.40288	1.4691	1.51885	1.55397	1.57602	1.58698	1.58936	1.58555	1.57773	1.56793	1.55787	1.54891	1.54212	1.5382	1.53754	1.54021	1.54593	1.55413	1.5639	1.574	1.58286	1.58857	1.58897	1.58174	1.56436	1.53464	1.49092	1.43156	1.35426	1.25582	1.13275	0.983153	0.809776	0.623063	
0.00154673	0.00154673	0.00391806	0.0110149	0.0283704	0.0655105	0.134995	0.247861	0.406059	0.596949	0.796333	0.979896	1.13355	1.25426	1.34418	1.40602	1.44174	1.45291	1.44177	1.41174	1.3676	1.31503	1.25903	1.20334	1.15106	1.10462	1.06557	1.03504	1.01375	1.00204	1.00014	1.00804	1.02561	1.05253	1.08827	1.13188	1.182	1.23667	1.29299	1.3475	1.39568	1.43195	1.45111	1.44919	1.42352	1.37233	1.29388	1.18578	1.04532	0.87268	
0.00438606	0.00438606	0.0102872	0.0267776	0.0636861	0.134995	0.253777	0.422897	0.627352	0.837582	1.02503	1.17632	1.29181	1.37419	1.42293	1.43667	1.4159	1.36411	1.28754	1.19402	1.09193	0.988379	0.887869	0.794057	0.710192	0.63817	0.579102	0.533851	0.502644	0.48561	0.482843	0.494229	0.519893	0.559579	0.613197	0.68012	0.759317	0.849337	0.947573	1.0504	1.15386	1.25177	1.33608	1.39866	1.43245	1.43282	1.39802	1.32889	1.22678	1.09017	
0.0113209	0.0113209	0.0244769	0.0586569	0.128103	0.247861	0.422897	0.637642	0.858101	1.05099	1.20303	1.31792	1.39766	1.43621	1.42908	1.37844	1.29104	1.17646	1.04457	0.904396	0.763632	0.6268	0.497567	0.380385	0.277945	0.191204	0.121218	0.068195	0.0318312	0.0121039	0.00880216	0.0218432	0.0515184	0.0978818	0.161116	0.241258	0.337601	0.44892	0.573708	0.707914	0.847617	0.98887	1.12506	1.24773	1.34718	1.41361	1.43888	1.41848	1.35441	1.25338	
0.0265767	0.0265767	0.0527574	0.115736	0.230917	0.406059	0.627352	0.858101	1.0594	1.21574	1.33326	1.41306	1.44253	1.41485	1.33742	1.22133	1.07733	0.915486	0.743888	0.570533	0.401322	0.240629	0.0945247	-0.0330972	-0.142024	-0.23186	-0.302308	-0.354986	-0.390459	-0.409505	-0.412913	-0.400228	-0.371748	-0.325962	-0.262729	-0.180668	-0.0791148	0.0411612	0.179965	0.33547	0.501733	0.67419	0.84732	1.01398	1.16621	1.29461	1.3889	1.43792	1.43139	1.37024	
0.0567659	0.0567659	0.103133	0.206051	0.374139	0.596949	0.837582	1.05099	1.21574	1.33834	1.4206	1.44408	1.39937	1.30113	1.1642	0.99612	0.806431	0.603971	0.398448	0.199666	0.0135926	-0.153191	-0.296272	-0.416844	-0.516241	-0.594201	-0.653568	-0.696764	-0.724866	-0.739868	-0.742558	-0.732471	-0.710104	-0.673175	-0.620488	-0.550093	-0.459535	-0.346934	-0.213238	-0.0556048	0.12326	0.31768	0.521626	0.726361	0.922317	1.10007	1.25019	1.36523	1.43357	1.43763	
0.110512	0.110512	0.183441	0.332488	0.548564	0.796333	1.02503	1.20303	1.33326	1.4206	1.44412	1.38956	1.27716	1.1256	0.93545	0.716791	0.48466	0.250834	0.02912	-0.173396	-0.351745	-0.502022	-0.625977	-0.726182	-0.802816	-0.858954	-0.900187	-0.927592	-0.944852	-0.95377	-0.954765	-0.949377	-0.935064	-0.912652	-0.877319	-0.827385	-0.759684	-0.668879	-0.554274	-0.415042	-0.247568	-0.0545785	0.160479	0.390663	0.624981	0.850782	1.05391	1.22106	1.35012	1.43081	
0.196771	0.196771	0.298532	0.490011	0.735877	0.979896	1.17632	1.31792	1.41306	1.44408	1.38956	1.26893	1.10657	0.896923	0.650381	0.394082	0.139316	-0.100101	-0.314986	-0.502556	-0.657785	-0.781645	-0.875866	-0.942654	-0.986019	-1.01404	-1.03018	-1.0377	-1.04138	-1.04239	-1.04193	-1.04197	-1.0386	-1.03334	-1.02135	-0.999287	-0.962146	-0.906342	-0.822429	-0.711187	-0.568191	-0.393716	-0.189201	0.0412727	0.291233	0.548348	0.801317	1.02851	1.20924	1.3477	
0.322117	0.322117	0.448008	0.666692	0.916319	1.13355	1.29181	1.39766	1.44253	1.39937	1.27716	1.10657	0.883508	0.614516	0.339542	0.0688676	-0.190042	-0.419175	-0.616823	-0.774331	-0.892322	-0.972273	-1.0194	-1.0412	-1.04629	-1.0409	-1.02847	-1.01592	-1.00463	-0.998246	-0.997549	-1.00119	-1.01174	-1.02257	-1.03569	-1.04537	-1.04508	-1.03133	-0.995066	-0.92877	-0.82644	-0.684629	-0.502986	-0.285361	-0.0374315	0.230601	0.504031	0.779189	1.02414	1.21451	
0.48811	0.48811	0.625949	0.848207	1.07611	1.25426	1.37419	1.43621	1.41485	1.30113	1.1256	0.896923	0.614516	0.321762	0.035789	-0.246004	-0.491138	-0.695127	-0.85201	-0.958161	-1.02208	-1.04593	-1.04427	-1.02264	-0.990527	-0.953528	-0.918555	-0.889266	-0.867772	-0.856613	-0.85472	-0.861988	-0.880883	-0.90642	-0.93922	-0.974427	-1.01127	-1.0371	-1.04908	-1.03522	-0.989397	-0.8996	-0.764572	-0.577783	-0.349449	-0.0793742	0.207147	0.496357	0.788465	1.04103	
0.690105	0.690105	0.822726	1.02267	1.2097	1.34418	1.42293	1.42908	1.33742	1.1642	0.93545	0.650381	0.339542	0.035789	-0.265731	-0.528307	-0.73533	-0.895992	-0.993668	-1.04588	-1.04952	-1.02245	-0.971607	-0.910117	-0.84631	-0.790193	-0.741091	-0.704458	-0.680556	-0.665421	-0.66329	-0.673308	-0.691857	-0.726202	-0.769844	-0.822192	-0.883471	-0.947009	-1.00489	-1.04158	-1.05258	-1.0197	-0.941691	-0.806453	-0.616415	-0.378	-0.0861997	0.217101	0.526065	0.827622	
0.91806	0.91806	1.02761	1.18301	1.31757	1.40602	1.43667	1.37844	1.22133	0.99612	0.716791	0.394082	0.0688676	-0.246004	-0.528307	-0.746295	-0.916474	-1.01656	-1.05515	-1.04305	-0.985312	-0.908064	-0.816935	-0.734162	-0.659852	-0.599603	-0.553272	-0.521124	-0.499713	-0.486153	-0.486455	-0.493176	-0.510121	-0.538697	-0.57892	-0.635786	-0.701398	-0.78279	-0.871043	-0.95752	-1.02309	-1.05733	-1.03722	-0.966132	-0.819907	-0.622538	-0.365399	-0.0581557	0.262144	0.590652	
1.15884	1.15884	1.23093	1.32671	1.40288	1.44174	1.4159	1.29104	1.07733	0.806431	0.48466	0.139316	-0.190042	-0.491138	-0.73533	-0.916474	-1.02608	-1.05396	-1.03031	-0.950502	-0.851762	-0.739343	-0.642227	-0.555992	-0.494204	-0.445537	-0.418601	-0.395497	-0.382724	-0.378961	-0.376388	-0.380378	-0.391866	-0.406603	-0.43326	-0.473421	-0.528555	-0.605784	-0.697228	-0.80799	-0.911993	-1.00417	-1.05049	-1.04538	-0.970678	-0.814461	-0.597425	-0.314482	0.0052004	0.346187	
1.39899	1.39899	1.4251	1.45407	1.4691	1.45291	1.36411	1.17646	0.915486	0.603971	0.250834	-0.100101	-0.419175	-0.695127	-0.895992	-1.01656	-1.05396	-1.02341	-0.936497	-0.815027	-0.687812	-0.570642	-0.484154	-0.42268	-0.389162	-0.368476	-0.354971	-0.349609	-0.344947	-0.34576	-0.343182	-0.344393	-0.348466	-0.351607	-0.362958	-0.37878	-0.408628	-0.454954	-0.53298	-0.637365	-0.765077	-0.889407	-0.995693	-1.04818	-1.04193	-0.953487	-0.785511	-0.537079	-0.231458	0.107685	
1.62696	1.62696	1.60489	1.56637	1.51885	1.44177	1.28754	1.04457	0.743888	0.398448	0.02912	-0.314986	-0.616823	-0.85201	-0.993668	-1.05515	-1.03031	-0.936497	-0.801569	-0.6563	-0.528549	-0.441083	-0.391544	-0.372111	-0.360208	-0.356208	-0.352537	-0.35301	-0.350817	-0.349459	-0.351016	-0.350785	-0.351497	-0.353819	-0.354173	-0.357694	-0.368215	-0.380773	-0.417309	-0.487289	-0.602196	-0.742526	-0.886162	-0.999383	-1.05528	-1.02819	-0.919198	-0.721312	-0.441749	-0.113542	
1.8344	1.8344	1.767	1.66469	1.55397	1.41174	1.19402	0.904396	0.570533	0.199666	-0.173396	-0.502556	-0.774331	-0.958161	-1.04588	-1.04305	-0.950502	-0.815027	-0.6563	-0.518437	-0.424201	-0.380843	-0.370412	-0.36853	-0.364842	-0.36034	-0.354408	-0.348279	-0.34387	-0.341391	-0.340453	-0.342209	-0.345795	-0.352628	-0.357093	-0.362513	-0.367539	-0.369918	-0.373939	-0.400681	-0.474597	-0.596454	-0.752104	-0.899821	-1.0143	-1.05587	-1.00409	-0.85982	-0.619316	-0.311469	
2.01643	2.01643	1.90962	1.74953	1.57602	1.3676	1.09193	0.763632	0.401322	0.0135926	-0.351745	-0.657785	-0.892322	-1.02208	-1.04952	-0.985312	-0.851762	-0.687812	-0.528549	-0.424201	-0.373331	-0.375485	-0.378688	-0.374095	-0.350913	-0.337121	-0.323357	-0.313633	-0.306136	-0.300919	-0.302578	-0.303727	-0.308294	-0.320436	-0.331714	-0.343929	-0.365973	-0.379482	-0.378527	-0.370374	-0.397285	-0.479851	-0.620503	-0.788539	-0.937999	-1.03431	-1.04432	-0.957284	-0.761976	-0.482028	
2.1712	2.1712	2.03204	1.82107	1.58698	1.31503	0.988379	0.6268	0.240629	-0.153191	-0.502022	-0.781645	-0.972273	-1.04593	-1.02245	-0.908064	-0.739343	-0.570642	-0.441083	-0.380843	-0.375485	-0.386618	-0.370882	-0.334218	-0.307785	-0.297376	-0.288744	-0.27343	-0.275573	-0.271076	-0.269114	-0.276225	-0.27318	-0.282429	-0.294643	-0.302459	-0.320001	-0.35763	-0.383797	-0.38113	-0.37326	-0.408649	-0.511571	-0.669457	-0.844128	-0.986314	-1.04815	-1.01591	-0.86992	-0.623949	
2.29907	2.29907	2.13449	1.87976	1.58936	1.25903	0.887869	0.497567	0.0945247	-0.296272	-0.625977	-0.875866	-1.0194	-1.04427	-0.971607	-0.816935	-0.642227	-0.484154	-0.391544	-0.370412	-0.378688	-0.370882	-0.328188	-0.290661	-0.28386	-0.28175	-0.273059	-0.26783	-0.272864	-0.268594	-0.265514	-0.271978	-0.26838	-0.269537	-0.279287	-0.283751	-0.284817	-0.309759	-0.356892	-0.379378	-0.373419	-0.375895	-0.437799	-0.57403	-0.746442	-0.917004	-1.02454	-1.04392	-0.947032	-0.736739	
2.40191	2.40191	2.218	1.92652	1.58555	1.20334	0.794057	0.380385	-0.0330972	-0.416844	-0.726182	-0.942654	-1.0412	-1.02264	-0.910117	-0.734162	-0.555992	-0.42268	-0.372111	-0.36853	-0.374095	-0.334218	-0.290661	-0.272859	-0.294259	-0.28527	-0.273212	-0.273721	-0.271951	-0.267314	-0.266471	-0.271043	-0.273916	-0.272916	-0.277589	-0.296659	-0.279391	-0.279655	-0.313995	-0.363678	-0.37266	-0.368388	-0.392242	-0.496421	-0.658457	-0.846258	-0.986686	-1.04682	-0.997705	-0.823452	
2.48246	2.48246	2.28422	1.96253	1.57773	1.15106	0.710192	0.277945	-0.142024	-0.516241	-0.802816	-0.986019	-1.04629	-0.990527	-0.84631	-0.659852	-0.494204	-0.389162	-0.360208	-0.364842	-0.350913	-0.307785	-0.28386	-0.294259	-0.295447	-0.266801	-0.251538	-0.265266	-0.243967	-0.246601	-0.253525	-0.23873	-0.259977	-0.258288	-0.254961	-0.286866	-0.296471	-0.28792	-0.291376	-0.336931	-0.360868	-0.36363	-0.367379	-0.44519	-0.586545	-0.773636	-0.941587	-1.03535	-1.02775	-0.88926	
2.54376	2.54376	2.33516	1.98927	1.56793	1.10462	0.63817	0.191204	-0.23186	-0.594201	-0.858954	-1.01404	-1.0409	-0.953528	-0.790193	-0.599603	-0.445537	-0.368476	-0.356208	-0.36034	-0.337121	-0.297376	-0.28175	-0.28527	-0.266801	-0.246039	-0.24627	-0.251347	-0.234338	-0.239639	-0.245941	-0.231893	-0.246578	-0.248934	-0.24445	-0.257313	-0.279015	-0.285429	-0.285383	-0.32292	-0.352789	-0.360893	-0.356903	-0.406094	-0.530767	-0.712447	-0.896657	-1.01617	-1.04067	-0.935705	
2.58885	2.58885	2.37292	2.00832	1.55787	1.06557	0.579102	0.121218	-0.302308	-0.653568	-0.900187	-1.03018	-1.02847	-0.918555	-0.741091	-0.553272	-0.418601	-0.354971	-0.352537	-0.354408	-0.323357	-0.288744	-0.273059	-0.273212	-0.251538	-0.24627	-0.252364	-0.246771	-0.2406	-0.243858	-0.244807	-0.240677	-0.244485	-0.24941	-0.251027	-0.245337	-0.26654	-0.273498	-0.279606	-0.308428	-0.344878	-0.355907	-0.349523	-0.38406	-0.491561	-0.662737	-0.853119	-0.994605	-1.04667	-0.967248	
2.62043	2.62043	2.39951	2.02118	1.54891	1.03504	0.533851	0.068195	-0.354986	-0.696764	-0.927592	-1.0377	-1.01592	-0.889266	-0.704458	-0.521124	-0.395497	-0.349609	-0.35301	-0.348279	-0.313633	-0.27343	-0.26783	-0.273721	-0.265266	-0.251347	-0.246771	-0.240217	-0.233997	-0.234034	-0.233366	-0.233283	-0.238886	-0.243735	-0.249047	-0.258768	-0.272157	-0.271145	-0.266425	-0.296213	-0.336402	-0.355221	-0.347439	-0.36911	-0.461948	-0.62628	-0.821437	-0.973407	-1.04498	-0.988393	
2.6407	2.6407	2.41664	2.02915	1.54212	1.01375	0.502644	0.0318312	-0.390459	-0.724866	-0.944852	-1.04138	-1.00463	-0.867772	-0.680556	-0.499713	-0.382724	-0.344947	-0.350817	-0.34387	-0.306136	-0.275573	-0.272864	-0.271951	-0.243967	-0.234338	-0.2406	-0.233997	-0.229436	-0.230506	-0.233055	-0.228284	-0.231002	-0.238191	-0.238784	-0.235458	-0.262509	-0.275138	-0.271868	-0.291307	-0.33084	-0.351658	-0.345899	-0.358421	-0.444386	-0.60217	-0.797245	-0.958057	-1.04243	-1.00051	
2.65125	2.65125	2.42557	2.03317	1.5382	1.00204	0.48561	0.0121039	-0.409505	-0.739868	-0.95377	-1.04239	-0.998246	-0.856613	-0.665421	-0.486153	-0.378961	-0.34576	-0.349459	-0.341391	-0.300919	-0.271076	-0.268594	-0.267314	-0.246601	-0.239639	-0.243858	-0.234034	-0.230506	-0.232844	-0.231301	-0.23167	-0.233903	-0.238344	-0.244157	-0.239144	-0.261327	-0.268728	-0.26834	-0.285093	-0.327371	-0.349545	-0.346076	-0.357642	-0.434703	-0.587042	-0.784375	-0.950172	-1.04024	-1.00586	
2.65297	2.65297	2.42702	2.03381	1.53754	1.00014	0.482843	0.00880216	-0.412913	-0.742558	-0.954765	-1.04193	-0.997549	-0.85472	-0.66329	-0.486455	-0.376388	-0.343182	-0.351016	-0.340453	-0.302578	-0.269114	-0.265514	-0.266471	-0.253525	-0.245941	-0.244807	-0.233366	-0.233055	-0.231301	-0.228275	-0.233151	-0.23161	-0.239623	-0.247164	-0.248393	-0.262603	-0.267275	-0.264856	-0.286968	-0.326889	-0.351245	-0.344894	-0.354967	-0.433198	-0.585962	-0.782303	-0.947477	-1.03971	-1.00744	
2.64601	2.64601	2.42112	2.03116	1.54021	1.00804	0.494229	0.0218432	-0.400228	-0.732471	-0.949377	-1.04197	-1.00119	-0.861988	-0.673308	-0.493176	-0.380378	-0.344393	-0.350785	-0.342209	-0.303727	-0.276225	-0.271978	-0.271043	-0.23873	-0.231893	-0.240677	-0.233283	-0.228284	-0.23167	-0.233151	-0.229263	-0.231059	-0.23791	-0.237674	-0.230415	-0.259601	-0.274118	-0.27211	-0.28942	-0.328624	-0.350316	-0.346557	-0.355978	-0.440105	-0.595345	-0.790371	-0.954961	-1.04149	-1.0023	
2.62978	2.62978	2.40738	2.02485	1.54593	1.02561	0.519893	0.0515184	-0.371748	-0.710104	-0.935064	-1.0386	-1.01174	-0.880883	-0.691857	-0.510121	-0.391866	-0.348466	-0.351497	-0.345795	-0.308294	-0.27318	-0.26838	-0.273916	-0.259977	-0.246578	-0.244485	-0.238886	-0.231002	-0.233903	-0.23161	-0.231059	-0.236822	-0.241065	-0.246484	-0.252631	-0.270543	-0.271934	-0.267659	-0.292364	-0.332523	-0.354186	-0.346311	-0.366833	-0.454151	-0.613106	-0.810796	-0.967307	-1.04341	-0.993548	
2.60295	2.60295	2.38475	2.01408	1.55413	1.05253	0.559579	0.0978818	-0.325962	-0.673175	-0.912652	-1.03334	-1.02257	-0.90642	-0.726202	-0.538697	-0.406603	-0.351607	-0.353819	-0.352628	-0.320436	-0.282429	-0.269537	-0.272916	-0.258288	-0.248934	-0.24941	-0.243735	-0.238191	-0.238344	-0.239623	-0.23791	-0.241065	-0.246551	-0.250498	-0.252136	-0.268266	-0.271937	-0.27316	-0.303987	-0.342334	-0.356631	-0.3486	-0.374965	-0.477244	-0.647686	-0.840219	-0.986046	-1.04592	-0.976108	
2.56356	2.56356	2.35168	1.99768	1.5639	1.08827	0.613197	0.161116	-0.262729	-0.620488	-0.877319	-1.02135	-1.03569	-0.93922	-0.769844	-0.57892	-0.43326	-0.362958	-0.354173	-0.357093	-0.331714	-0.294643	-0.279287	-0.277589	-0.254961	-0.24445	-0.251027	-0.249047	-0.238784	-0.244157	-0.247164	-0.237674	-0.246484	-0.250498	-0.248193	-0.246442	-0.270407	-0.279979	-0.284737	-0.316472	-0.350111	-0.357526	-0.35407	-0.396203	-0.512981	-0.691846	-0.878884	-1.00723	-1.04319	-0.949578	
2.50908	2.50908	2.30627	1.97423	1.574	1.13188	0.68012	0.241258	-0.180668	-0.550093	-0.827385	-0.999287	-1.04537	-0.974427	-0.822192	-0.635786	-0.473421	-0.37878	-0.357694	-0.362513	-0.343929	-0.302459	-0.283751	-0.296659	-0.286866	-0.257313	-0.245337	-0.258768	-0.235458	-0.239144	-0.248393	-0.230415	-0.252631	-0.252136	-0.246442	-0.277821	-0.294538	-0.290819	-0.286974	-0.331057	-0.356186	-0.36259	-0.36108	-0.427318	-0.564566	-0.747898	-0.9223	-1.02776	-1.03441	-0.910246	
2.43659	2.43659	2.24641	1.94213	1.58286	1.182	0.759317	0.337601	-0.0791148	-0.459535	-0.759684	-0.962146	-1.04508	-1.01127	-0.883471	-0.701398	-0.528555	-0.408628	-0.368215	-0.367539	-0.365973	-0.320001	-0.284817	-0.279391	-0.296471	-0.279015	-0.26654	-0.272157	-0.262509	-0.261327	-0.262603	-0.259601	-0.270543	-0.268266	-0.270407	-0.294538	-0.28554	-0.279172	-0.301694	-0.351932	-0.369363	-0.366574	-0.382048	-0.474444	-0.62556	-0.816011	-0.969079	-1.04361	-1.01288	-0.852405	
2.34302	2.34302	2.17003	1.89985	1.58857	1.23667	0.849337	0.44892	0.0411612	-0.346934	-0.668879	-0.906342	-1.03133	-1.0371	-0.947009	-0.78279	-0.605784	-0.454954	-0.380773	-0.369918	-0.379482	-0.35763	-0.309759	-0.279655	-0.28792	-0.285429	-0.273498	-0.271145	-0.275138	-0.268728	-0.267275	-0.274118	-0.271934	-0.271937	-0.279979	-0.290819	-0.279172	-0.293949	-0.339398	-0.376162	-0.374023	-0.371164	-0.41525	-0.539703	-0.710675	-0.888622	-1.01026	-1.04842	-0.970589	-0.773575	
2.22544	2.22544	2.07532	1.84606	1.58897	1.29299	0.947573	0.573708	0.179965	-0.213238	-0.554274	-0.822429	-0.995066	-1.04908	-1.00489	-0.871043	-0.697228	-0.53298	-0.417309	-0.373939	-0.378527	-0.383797	-0.356892	-0.313995	-0.291376	-0.285383	-0.279606	-0.266425	-0.271868	-0.26834	-0.264856	-0.27211	-0.267659	-0.27316	-0.284737	-0.286974	-0.301694	-0.339398	-0.377855	-0.382146	-0.372816	-0.391081	-0.479102	-0.628293	-0.802725	-0.960489	-1.04217	-1.03048	-0.904198	-0.672361	
2.08159	2.08159	1.96096	1.77972	1.58174	1.3475	1.0504	0.707914	0.33547	-0.0556048	-0.415042	-0.711187	-0.92877	-1.03522	-1.04158	-0.95752	-0.80799	-0.637365	-0.487289	-0.400681	-0.370374	-0.38113	-0.379378	-0.363678	-0.336931	-0.32292	-0.308428	-0.296213	-0.291307	-0.285093	-0.286968	-0.28942	-0.292364	-0.303987	-0.316472	-0.331057	-0.351932	-0.376162	-0.382146	-0.372928	-0.381296	-0.445184	-0.571936	-0.739958	-0.903654	-1.01813	-1.04921	-0.985499	-0.80956	-0.541879	
1.91041	1.91041	1.8264	1.70021	1.56436	1.39568	1.15386	0.847617	0.501733	0.12326	-0.247568	-0.568191	-0.82644	-0.989397	-1.05258	-1.02309	-0.911993	-0.765077	-0.602196	-0.474597	-0.397285	-0.37326	-0.373419	-0.37266	-0.360868	-0.352789	-0.344878	-0.336402	-0.33084	-0.327371	-0.326889	-0.328624	-0.332523	-0.342334	-0.350111	-0.356186	-0.369363	-0.374023	-0.372816	-0.381296	-0.437831	-0.545377	-0.699315	-0.85719	-0.985344	-1.0523	-1.02604	-0.903447	-0.680376	-0.382869	
1.71274	1.71274	1.67195	1.60732	1.53464	1.43195	1.25177	0.98887	0.67419	0.31768	-0.0545785	-0.393716	-0.684629	-0.8996	-1.0197	-1.05733	-1.00417	-0.889407	-0.742526	-0.596454	-0.479851	-0.408649	-0.375895	-0.368388	-0.36363	-0.360893	-0.355907	-0.355221	-0.351658	-0.349545	-0.351245	-0.350316	-0.354186	-0.356631	-0.357526	-0.36259	-0.366574	-0.371164	-0.391081	-0.445184	-0.545377	-0.68164	-0.833421	-0.962983	-1.0461	-1.04545	-0.957635	-0.782228	-0.517447	-0.195443	
1.49219	1.49219	1.49895	1.50072	1.49092	1.45111	1.33608	1.12506	0.84732	0.521626	0.160479	-0.189201	-0.502986	-0.764572	-0.941691	-1.03722	-1.05049	-0.995693	-0.886162	-0.752104	-0.620503	-0.511571	-0.437799	-0.392242	-0.367379	-0.356903	-0.349523	-0.347439	-0.345899	-0.346076	-0.344894	-0.346557	-0.346311	-0.3486	-0.35407	-0.36108	-0.382048	-0.41525	-0.479102	-0.571936	-0.699315	-0.833421	-0.957725	-1.03603	-1.05252	-0.989507	-0.846347	-0.616295	-0.318755	0.0170892	
1.2557	1.2557	1.31002	1.37954	1.43156	1.44919	1.39866	1.24773	1.01398	0.726361	0.390663	0.0412727	-0.285361	-0.577783	-0.806453	-0.966132	-1.04538	-1.04818	-0.999383	-0.899821	-0.788539	-0.669457	-0.57403	-0.496421	-0.44519	-0.406094	-0.38406	-0.36911	-0.358421	-0.357642	-0.354967	-0.355978	-0.366833	-0.374965	-0.396203	-0.427318	-0.474444	-0.539703	-0.628293	-0.739958	-0.85719	-0.962983	-1.03603	-1.05304	-1.00849	-0.878664	-0.677669	-0.407522	-0.0927584	0.249437	
1.01363	1.01363	1.10959	1.2425	1.35426	1.42352	1.43245	1.34718	1.16621	0.922317	0.624981	0.291233	-0.0374315	-0.349449	-0.616415	-0.819907	-0.970678	-1.04193	-1.05528	-1.0143	-0.937999	-0.844128	-0.746442	-0.658457	-0.586545	-0.530767	-0.491561	-0.461948	-0.444386	-0.434703	-0.433198	-0.440105	-0.454151	-0.477244	-0.512981	-0.564566	-0.62556	-0.710675	-0.802725	-0.903654	-0.985344	-1.0461	-1.05252	-1.00849	-0.888359	-0.703926	-0.46409	-0.165148	0.157938	0.493645	
0.778909	0.778909	0.904285	1.08869	1.25582	1.37233	1.43282	1.41361	1.29461	1.10007	0.850782	0.548348	0.230601	-0.0793742	-0.378	-0.622538	-0.814461	-0.953487	-1.02819	-1.05587	-1.03431	-0.986314	-0.917004	-0.846258	-0.773636	-0.712447	-0.662737	-0.62628	-0.60217	-0.587042	-0.585962	-0.595345	-0.613106	-0.647686	-0.691846	-0.747898	-0.816011	-0.888622	-0.960489	-1.01813	-1.0523	-1.04545	-0.989507	-0.878664	-0.703926	-0.483873	-0.202483	0.106603	0.420628	0.734727	
0.565108	0.565108	0.703013	0.919306	1.13275	1.29388	1.39802	1.43888	1.3889	1.25019	1.05391	0.801317	0.504031	0.207147	-0.0861997	-0.365399	-0.597425	-0.785511	-0.919198	-1.00409	-1.04432	-1.04815	-1.02454	-0.986686	-0.941587	-0.896657	-0.853119	-0.821437	-0.797245	-0.784375	-0.782303	-0.790371	-0.810796	-0.840219	-0.878884	-0.9223	-0.969079	-1.01026	-1.04217	-1.04921	-1.02604	-0.957635	-0.846347	-0.677669	-0.46409	-0.202483	0.0905238	0.383671	0.684538	0.960135	
0.383827	0.383827	0.51628	0.739444	0.983153	1.18578	1.32889	1.41848	1.43792	1.36523	1.22106	1.02851	0.779189	0.496357	0.217101	-0.0581557	-0.314482	-0.537079	-0.721312	-0.85982	-0.957284	-1.01591	-1.04392	-1.04682	-1.03535	-1.01617	-0.994605	-0.973407	-0.958057	-0.950172	-0.947477	-0.954961	-0.967307	-0.986046	-1.00723	-1.02776	-1.04361	-1.04842	-1.03048	-0.985499	-0.903447	-0.782228	-0.616295	-0.407522	-0.165148	0.106603	0.383671	0.666672	0.935962	1.15074	
0.242068	0.242068	0.35446	0.559177	0.809776	1.04532	1.22678	1.35441	1.43139	1.43357	1.35012	1.20924	1.02414	0.788465	0.526065	0.262144	0.0052004	-0.231458	-0.441749	-0.619316	-0.761976	-0.86992	-0.947032	-0.997705	-1.02775	-1.04067	-1.04667	-1.04498	-1.04243	-1.04024	-1.03971	-1.04149	-1.04341	-1.04592	-1.04319	-1.03441	-1.01288	-0.970589	-0.904198	-0.80956	-0.680376	-0.517447	-0.318755	-0.0927584	0.157938	0.420628	0.684538	0.935962	1.14197	1.29896	
0.140721	0.140721	0.225249	0.392334	0.623063	0.87268	1.09017	1.25338	1.37024	1.43763	1.43081	1.3477	1.21451	1.04103	0.827622	0.590652	0.346187	0.107685	-0.113542	-0.311469	-0.482028	-0.623949	-0.736739	-0.823452	-0.88926	-0.935705	-0.967248	-0.988393	-1.00051	-1.00586	-1.00744	-1.0023	-0.993548	-0.976108	-0.949578	-0.910246	-0.852405	-0.773575	-0.672361	-0.541879	-0.382869	-0.195443	0.0170892	0.249437	0.493645	0.734727	0.960135	1.15074	1.29896	1.40487	
