-1.1515	-1.1515	-1.07856	-0.93997	-0.748868	-0.532704	-0.307102	-0.0681766	0.172541	0.373507	0.516947	0.599762	0.620477	0.582448	0.497568	0.386649	0.279749	0.18447	0.0827472	-0.0149175	-0.0933314	-0.135174	-0.144942	-0.140763	-0.141353	-0.142679	-0.153695	-0.182146	-0.210081	-0.223132	-0.216079	-0.181895	-0.10081	0.0234313	0.156816	0.274351	0.360773	0.409574	0.407118	0.345517	0.221548	0.0417223	-0.177187	-0.423076	-0.682972	-0.926355	-1.10658	-1.18906	-1.14962	-0.99037	
-1.1515	-1.1515	-1.07856	-0.93997	-0.748868	-0.532704	-0.307102	-0.0681766	0.172541	0.373507	0.516947	0.599762	0.620477	0.582448	0.497568	0.386649	0.279749	0.18447	0.0827472	-0.0149175	-0.0933314	-0.135174	-0.144942	-0.140763	-0.141353	-0.142679	-0.153695	-0.182146	-0.210081	-0.223132	-0.216079	-0.181895	-0.10081	0.0234313	0.156816	0.274351	0.360773	0.409574	0.407118	0.345517	0.221548	0.0417223	-0.177187	-0.423076	-0.682972	-0.926355	-1.10658	-1.18906	-1.14962	-0.99037	
-1.07856	-1.07856	-1.00563	-0.885755	-0.724134	-0.52345	-0.303259	-0.0778724	0.143466	0.330553	0.462117	0.536508	0.560146	0.537566	0.470695	0.375856	0.280369	0.193179	0.102831	0.0185808	-0.0556099	-0.108786	-0.134764	-0.142993	-0.152485	-0.157963	-0.162037	-0.173522	-0.189035	-0.199591	-0.193198	-0.160176	-0.0908627	0.0111424	0.128042	0.244569	0.337992	0.395979	0.406016	0.357831	0.238775	0.0566001	-0.164502	-0.408932	-0.669148	-0.915054	-1.09888	-1.18286	-1.14273	-0.984974	
-0.93997	-0.93997	-0.885755	-0.79797	-0.666737	-0.487408	-0.292148	-0.105311	0.0774766	0.238863	0.357044	0.424285	0.453471	0.45135	0.418607	0.358537	0.286764	0.211244	0.130855	0.0588582	-0.010517	-0.0713656	-0.114517	-0.14222	-0.170984	-0.189868	-0.18936	-0.179895	-0.172394	-0.170503	-0.157869	-0.125681	-0.0723663	-0.000228704	0.0918819	0.201434	0.302572	0.372215	0.396813	0.363131	0.254937	0.0764314	-0.141808	-0.384096	-0.644863	-0.898879	-1.0918	-1.18238	-1.14694	-0.996934	
-0.748868	-0.748868	-0.724134	-0.666737	-0.560213	-0.416965	-0.274141	-0.142957	-0.0131388	0.107416	0.203781	0.271755	0.314251	0.341098	0.349036	0.330168	0.286582	0.228386	0.161111	0.0975191	0.0340951	-0.0287499	-0.0837995	-0.13173	-0.179897	-0.210437	-0.211668	-0.192758	-0.172121	-0.154831	-0.129663	-0.0920922	-0.0475372	0.00353761	0.0705128	0.160844	0.253696	0.329397	0.370051	0.357403	0.267274	0.104619	-0.104565	-0.343935	-0.61062	-0.87314	-1.0769	-1.17727	-1.15389	-1.01955	
-0.532704	-0.532704	-0.52345	-0.487408	-0.416965	-0.334061	-0.25737	-0.184869	-0.111414	-0.0457775	0.0199679	0.0878032	0.15625	0.219254	0.265866	0.278858	0.264303	0.234639	0.189352	0.138065	0.0791428	0.015737	-0.0506324	-0.113859	-0.169379	-0.199929	-0.203607	-0.195021	-0.177041	-0.150379	-0.112623	-0.0700098	-0.0237357	0.0222908	0.0685369	0.126442	0.199334	0.275354	0.329734	0.33522	0.272048	0.13461	-0.0608779	-0.301225	-0.569494	-0.834601	-1.04068	-1.14846	-1.14181	-1.032	
-0.307102	-0.307102	-0.303259	-0.292148	-0.274141	-0.25737	-0.246868	-0.234844	-0.219003	-0.19824	-0.162652	-0.0987216	-0.0112302	0.0851172	0.161465	0.205226	0.226431	0.231757	0.213028	0.175054	0.12347	0.0605879	-0.00988297	-0.0808665	-0.139431	-0.169155	-0.180872	-0.186921	-0.179293	-0.149115	-0.106827	-0.0626836	-0.0151251	0.0333627	0.072763	0.111181	0.163255	0.233846	0.295654	0.314408	0.264469	0.144739	-0.0369719	-0.266515	-0.52655	-0.779291	-0.981954	-1.10146	-1.11775	-1.03298	
-0.0681766	-0.0681766	-0.0778724	-0.105311	-0.142957	-0.184869	-0.234844	-0.28727	-0.319741	-0.329577	-0.314313	-0.265138	-0.173776	-0.063673	0.0353922	0.111006	0.169125	0.206347	0.212151	0.193677	0.15466	0.102185	0.0378717	-0.0314207	-0.0926661	-0.132155	-0.157888	-0.177662	-0.175482	-0.148281	-0.108394	-0.0677154	-0.0204196	0.029994	0.070582	0.10332	0.146741	0.207338	0.264159	0.28435	0.246035	0.139988	-0.0249042	-0.237802	-0.477099	-0.715162	-0.913658	-1.04484	-1.08459	-1.02418	
0.172541	0.172541	0.143466	0.0774766	-0.0131388	-0.111414	-0.219003	-0.319741	-0.389608	-0.423636	-0.431014	-0.397515	-0.318672	-0.210954	-0.102311	-0.00443518	0.0785726	0.141122	0.176821	0.184926	0.168904	0.13383	0.0863122	0.0287068	-0.0345974	-0.092877	-0.139048	-0.165852	-0.170472	-0.152989	-0.118187	-0.0727519	-0.0247697	0.0215402	0.0622941	0.0995239	0.137251	0.182695	0.229338	0.252205	0.218439	0.122074	-0.025772	-0.211976	-0.428206	-0.648631	-0.842355	-0.981211	-1.03567	-0.994702	
0.373507	0.373507	0.330553	0.238863	0.107416	-0.0457775	-0.19824	-0.329577	-0.423636	-0.483617	-0.506779	-0.489829	-0.431732	-0.3441	-0.240764	-0.13683	-0.0388904	0.0479189	0.112429	0.150798	0.162938	0.15455	0.130549	0.0902982	0.0258052	-0.0524414	-0.114725	-0.146726	-0.155514	-0.147461	-0.117028	-0.070889	-0.0241334	0.0147519	0.0527944	0.0952379	0.135414	0.167679	0.195076	0.207013	0.178682	0.0953386	-0.0315552	-0.192389	-0.380502	-0.583332	-0.768316	-0.901933	-0.96174	-0.940814	
0.516947	0.516947	0.462117	0.357044	0.203781	0.0199679	-0.162652	-0.314313	-0.431014	-0.506779	-0.542344	-0.542537	-0.516297	-0.459567	-0.376506	-0.274756	-0.162103	-0.0535046	0.0358964	0.100983	0.14504	0.167316	0.170588	0.144627	0.0797039	-0.00494441	-0.0710327	-0.105233	-0.121014	-0.12337	-0.106814	-0.0710174	-0.03229	0.00122885	0.038623	0.085185	0.127121	0.15424	0.170046	0.170138	0.138945	0.0712776	-0.0307418	-0.1634	-0.328254	-0.511264	-0.683267	-0.811252	-0.871939	-0.867123	
0.599762	0.599762	0.536508	0.424285	0.271755	0.0878032	-0.0987216	-0.265138	-0.397515	-0.489829	-0.542537	-0.569771	-0.574899	-0.552864	-0.497069	-0.404591	-0.285333	-0.162738	-0.0545239	0.0344128	0.103992	0.153489	0.175987	0.158899	0.107284	0.0449103	-0.00896057	-0.048868	-0.0746339	-0.0872295	-0.0873805	-0.0732515	-0.0483869	-0.0178618	0.0174763	0.0561506	0.0941369	0.125144	0.140279	0.134935	0.110155	0.0620654	-0.0150523	-0.127795	-0.274598	-0.440302	-0.597504	-0.71444	-0.778677	-0.789055	
0.620477	0.620477	0.560146	0.453471	0.314251	0.15625	-0.0112302	-0.173776	-0.318672	-0.431732	-0.516297	-0.574899	-0.608933	-0.614485	-0.583989	-0.509161	-0.399568	-0.276417	-0.155375	-0.0517159	0.0342314	0.100132	0.134067	0.129157	0.108632	0.0828038	0.0478253	0.00773795	-0.024497	-0.0450986	-0.0603854	-0.0675564	-0.06057	-0.0364638	-0.00786404	0.0164658	0.046811	0.0826625	0.108601	0.111028	0.093274	0.061408	0.00680456	-0.0852584	-0.217403	-0.369675	-0.516259	-0.631638	-0.698705	-0.71403	
0.582448	0.582448	0.537566	0.45135	0.341098	0.219254	0.0851172	-0.063673	-0.210954	-0.3441	-0.459567	-0.552864	-0.614485	-0.641011	-0.630372	-0.579386	-0.492819	-0.381638	-0.261583	-0.1528	-0.058255	0.0163178	0.0609299	0.0820537	0.0992676	0.107206	0.0938262	0.0652132	0.0337108	0.00912918	-0.0177836	-0.0486547	-0.0659578	-0.056336	-0.0378667	-0.0212582	0.00232464	0.035869	0.0667618	0.0854233	0.0902805	0.080583	0.0464383	-0.0268583	-0.143437	-0.286989	-0.433733	-0.54911	-0.619269	-0.633006	
0.497568	0.497568	0.470695	0.418607	0.349036	0.265866	0.161465	0.0353922	-0.102311	-0.240764	-0.376506	-0.497069	-0.583989	-0.630372	-0.641555	-0.618691	-0.560717	-0.472714	-0.365068	-0.257602	-0.162585	-0.0878961	-0.0248513	0.0329961	0.085755	0.118806	0.132237	0.123891	0.0976546	0.0644506	0.0213491	-0.0259992	-0.061025	-0.0747039	-0.0737025	-0.0618687	-0.0396777	-0.012426	0.0239743	0.0647076	0.100553	0.118234	0.103023	0.0457981	-0.0552018	-0.189305	-0.333978	-0.454028	-0.523553	-0.533106	
0.386649	0.386649	0.375856	0.358537	0.330168	0.278858	0.205226	0.111006	-0.00443518	-0.13683	-0.274756	-0.404591	-0.509161	-0.579386	-0.618691	-0.626723	-0.602348	-0.546555	-0.458953	-0.361009	-0.274889	-0.199915	-0.115232	-0.0244196	0.0564981	0.117638	0.155619	0.164331	0.141687	0.0998904	0.0443255	-0.0100235	-0.0586881	-0.095157	-0.110773	-0.100387	-0.0776651	-0.0458189	0.000130077	0.0628739	0.128751	0.169966	0.167501	0.121329	0.0316609	-0.0885381	-0.224747	-0.341126	-0.41247	-0.426937	
0.279749	0.279749	0.280369	0.286764	0.286582	0.264303	0.226431	0.169125	0.0785726	-0.0388904	-0.162103	-0.285333	-0.399568	-0.492819	-0.560717	-0.602348	-0.618074	-0.602062	-0.546637	-0.470626	-0.392746	-0.308198	-0.205382	-0.0978908	0.00703307	0.0927503	0.150479	0.172612	0.154579	0.102517	0.0385133	-0.015279	-0.0675853	-0.115574	-0.140982	-0.134588	-0.100993	-0.0508035	0.0144859	0.0934626	0.172492	0.223698	0.233947	0.198283	0.117368	0.00736057	-0.119377	-0.232027	-0.305045	-0.330334	
0.18447	0.18447	0.193179	0.211244	0.228386	0.234639	0.231757	0.206347	0.141122	0.0479189	-0.0535046	-0.162738	-0.276417	-0.381638	-0.472714	-0.546555	-0.602062	-0.633258	-0.624615	-0.578456	-0.501116	-0.402057	-0.291723	-0.176839	-0.056363	0.048223	0.118629	0.149226	0.129759	0.0757495	0.0127003	-0.0430346	-0.0957459	-0.133835	-0.154331	-0.145867	-0.101135	-0.0266942	0.06204	0.154462	0.233283	0.284519	0.302399	0.277878	0.205421	0.100877	-0.0237098	-0.132638	-0.210319	-0.251342	
0.0827472	0.0827472	0.102831	0.130855	0.161111	0.189352	0.213028	0.212151	0.176821	0.112429	0.0358964	-0.0545239	-0.155375	-0.261583	-0.365068	-0.458953	-0.546637	-0.624615	-0.664593	-0.647148	-0.576433	-0.474491	-0.35775	-0.2368	-0.113615	-0.00870397	0.0665639	0.0968142	0.0772627	0.0315259	-0.0252273	-0.082343	-0.125841	-0.147028	-0.153726	-0.130134	-0.0631611	0.0335312	0.141391	0.240822	0.317713	0.36652	0.384931	0.365609	0.302191	0.200638	0.073503	-0.0403293	-0.13055	-0.188197	
-0.0149175	-0.0149175	0.0185808	0.0588582	0.0975191	0.138065	0.175054	0.193677	0.184926	0.150798	0.100983	0.0344128	-0.0517159	-0.1528	-0.257602	-0.361009	-0.470626	-0.578456	-0.647148	-0.657467	-0.613972	-0.524248	-0.402415	-0.279626	-0.171508	-0.0814621	-0.0180902	0.00409342	-0.00683711	-0.0299174	-0.0755148	-0.131624	-0.167816	-0.170974	-0.150781	-0.0947638	-0.000364626	0.119422	0.241016	0.347723	0.43278	0.483852	0.490932	0.460259	0.391865	0.289693	0.162884	0.0386895	-0.0691673	-0.145737	
-0.0933314	-0.0933314	-0.0556099	-0.010517	0.0340951	0.0791428	0.12347	0.15466	0.168904	0.162938	0.14504	0.103992	0.0342314	-0.058255	-0.162585	-0.274889	-0.392746	-0.501116	-0.576433	-0.613972	-0.609774	-0.548359	-0.441372	-0.338022	-0.256236	-0.192686	-0.148835	-0.129852	-0.12158	-0.122016	-0.149666	-0.189234	-0.21015	-0.192862	-0.139951	-0.045556	0.0822066	0.225285	0.357735	0.475343	0.574541	0.622874	0.608324	0.547829	0.454225	0.345949	0.22032	0.0902854	-0.0338959	-0.131821	
-0.135174	-0.135174	-0.108786	-0.0713656	-0.0287499	0.015737	0.0605879	0.102185	0.13383	0.15455	0.167316	0.153489	0.100132	0.0163178	-0.0878961	-0.199915	-0.308198	-0.402057	-0.474491	-0.524248	-0.548359	-0.529512	-0.472709	-0.412504	-0.364098	-0.327682	-0.300611	-0.277968	-0.25605	-0.238956	-0.24149	-0.251982	-0.245682	-0.19552	-0.105405	0.0217086	0.180205	0.347486	0.498497	0.632484	0.735502	0.769574	0.729304	0.633536	0.508212	0.378862	0.242665	0.104296	-0.0293677	-0.144492	
-0.144942	-0.144942	-0.134764	-0.114517	-0.0837995	-0.0506324	-0.00988297	0.0378717	0.0863122	0.130549	0.170588	0.175987	0.134067	0.0609299	-0.0248513	-0.115232	-0.205382	-0.291723	-0.35775	-0.402415	-0.441372	-0.472709	-0.481722	-0.476101	-0.466314	-0.456075	-0.438869	-0.414698	-0.388681	-0.358799	-0.331123	-0.302848	-0.255592	-0.166234	-0.0456166	0.109291	0.293386	0.48227	0.656422	0.806105	0.902225	0.913582	0.847622	0.727431	0.572972	0.411469	0.245569	0.0915998	-0.0494689	-0.168047	
-0.140763	-0.140763	-0.142993	-0.14222	-0.13173	-0.113859	-0.0808665	-0.0314207	0.0287068	0.0902982	0.144627	0.158899	0.129157	0.0820537	0.0329961	-0.0244196	-0.0978908	-0.176839	-0.2368	-0.279626	-0.338022	-0.412504	-0.476101	-0.520657	-0.552483	-0.569232	-0.5651	-0.544858	-0.516415	-0.470336	-0.410619	-0.339235	-0.242946	-0.117401	0.0310488	0.21047	0.41552	0.621727	0.813437	0.971149	1.05474	1.04348	0.952587	0.806875	0.626127	0.426769	0.22686	0.0511703	-0.0929966	-0.201975	
-0.141353	-0.141353	-0.152485	-0.170984	-0.179897	-0.169379	-0.139431	-0.0926661	-0.0345974	0.0258052	0.0797039	0.107284	0.108632	0.0992676	0.085755	0.0564981	0.00703307	-0.056363	-0.113615	-0.171508	-0.256236	-0.364098	-0.466314	-0.552483	-0.622369	-0.668122	-0.680391	-0.667864	-0.630538	-0.564071	-0.472407	-0.359177	-0.218564	-0.0551528	0.124202	0.33364	0.556514	0.770526	0.960458	1.10704	1.17762	1.14952	1.03439	0.861677	0.649453	0.419704	0.193553	-0.00216402	-0.153993	-0.25696	
-0.142679	-0.142679	-0.157963	-0.189868	-0.210437	-0.199929	-0.169155	-0.132155	-0.092877	-0.0524414	-0.00494441	0.0449103	0.0828038	0.107206	0.118806	0.117638	0.0927503	0.048223	-0.00870397	-0.0814621	-0.192686	-0.327682	-0.456075	-0.569232	-0.668122	-0.737925	-0.766883	-0.758667	-0.711697	-0.62245	-0.501529	-0.353666	-0.178378	0.0195568	0.236903	0.475743	0.710841	0.918142	1.08283	1.20048	1.25648	1.22065	1.09278	0.896875	0.661737	0.409471	0.16536	-0.0455654	-0.211731	-0.321248	
-0.153695	-0.153695	-0.162037	-0.18936	-0.211668	-0.203607	-0.180872	-0.157888	-0.139048	-0.114725	-0.0710327	-0.00896057	0.0478253	0.0938262	0.132237	0.155619	0.150479	0.118629	0.0665639	-0.0180902	-0.148835	-0.300611	-0.438869	-0.5651	-0.680391	-0.766883	-0.810673	-0.809966	-0.752541	-0.635783	-0.484208	-0.307557	-0.102993	0.132924	0.382022	0.631176	0.863187	1.04951	1.17829	1.25946	1.29521	1.2481	1.11062	0.907845	0.659974	0.397472	0.14827	-0.0727732	-0.248776	-0.365512	
-0.182146	-0.182146	-0.173522	-0.179895	-0.192758	-0.195021	-0.186921	-0.177662	-0.165852	-0.146726	-0.105233	-0.048868	0.00773795	0.0652132	0.123891	0.164331	0.172612	0.149226	0.0968142	0.00409342	-0.129852	-0.277968	-0.414698	-0.544858	-0.667864	-0.758667	-0.809966	-0.812621	-0.751215	-0.613605	-0.427985	-0.217108	0.0231266	0.288028	0.551237	0.79057	1.00074	1.15638	1.24808	1.29821	1.30127	1.22862	1.07913	0.872198	0.626808	0.369638	0.122909	-0.0954884	-0.267427	-0.382621	
-0.210081	-0.210081	-0.189035	-0.172394	-0.172121	-0.177041	-0.179293	-0.175482	-0.170472	-0.155514	-0.121014	-0.0746339	-0.024497	0.0337108	0.0976546	0.141687	0.154579	0.129759	0.0772627	-0.00683711	-0.12158	-0.25605	-0.388681	-0.516415	-0.630538	-0.711697	-0.752541	-0.751215	-0.685088	-0.540892	-0.334909	-0.0950648	0.181018	0.466819	0.723837	0.938274	1.11585	1.23671	1.29879	1.31735	1.27884	1.17253	1.00757	0.80026	0.570115	0.331193	0.0971948	-0.113256	-0.276502	-0.387178	
-0.223132	-0.223132	-0.199591	-0.170503	-0.154831	-0.150379	-0.149115	-0.148281	-0.152989	-0.147461	-0.12337	-0.0872295	-0.0450986	0.00912918	0.0644506	0.0998904	0.102517	0.0757495	0.0315259	-0.0299174	-0.122016	-0.238956	-0.358799	-0.470336	-0.564071	-0.62245	-0.635783	-0.613605	-0.540892	-0.400238	-0.190418	0.0652357	0.353289	0.637439	0.879371	1.07141	1.2118	1.29684	1.33092	1.31455	1.239	1.10379	0.924798	0.721585	0.513757	0.295668	0.0763581	-0.12071	-0.280027	-0.38682	
-0.216079	-0.216079	-0.193198	-0.157869	-0.129663	-0.112623	-0.106827	-0.108394	-0.118187	-0.117028	-0.106814	-0.0873805	-0.0603854	-0.0177836	0.0213491	0.0443255	0.0385133	0.0127003	-0.0252273	-0.0755148	-0.149666	-0.24149	-0.331123	-0.410619	-0.472407	-0.501529	-0.484208	-0.427985	-0.334909	-0.190418	0.00872872	0.25795	0.531977	0.794006	1.00981	1.17134	1.27738	1.32811	1.3353	1.29233	1.19341	1.03929	0.85058	0.65476	0.457018	0.251249	0.0494224	-0.1377	-0.287345	-0.38019	
-0.181895	-0.181895	-0.160176	-0.125681	-0.0920922	-0.0700098	-0.0626836	-0.0677154	-0.0727519	-0.070889	-0.0710174	-0.0732515	-0.0675564	-0.0486547	-0.0259992	-0.0100235	-0.015279	-0.0430346	-0.082343	-0.131624	-0.189234	-0.251982	-0.302848	-0.339235	-0.359177	-0.353666	-0.307557	-0.217108	-0.0950648	0.0652357	0.25795	0.482803	0.716064	0.932723	1.11535	1.24588	1.31867	1.33573	1.31603	1.25753	1.14795	0.987963	0.79814	0.605097	0.408396	0.208757	0.0158838	-0.159676	-0.292443	-0.368651	
-0.10081	-0.10081	-0.0908627	-0.0723663	-0.0475372	-0.0237357	-0.0151251	-0.0204196	-0.0247697	-0.0241334	-0.03229	-0.0483869	-0.06057	-0.0659578	-0.061025	-0.0586881	-0.0675853	-0.0957459	-0.125841	-0.167816	-0.21015	-0.245682	-0.255592	-0.242946	-0.218564	-0.178378	-0.102993	0.0231266	0.181018	0.353289	0.531977	0.716064	0.896259	1.05808	1.20143	1.30333	1.34597	1.33455	1.28867	1.21591	1.1027	0.949979	0.772539	0.585037	0.39223	0.199381	0.00908182	-0.161093	-0.287414	-0.35998	
0.0234313	0.0234313	0.0111424	-0.000228704	0.00353761	0.0222908	0.0333627	0.029994	0.0215402	0.0147519	0.00122885	-0.0178618	-0.0364638	-0.056336	-0.0747039	-0.095157	-0.115574	-0.133835	-0.147028	-0.170974	-0.192862	-0.19552	-0.166234	-0.117401	-0.0551528	0.0195568	0.132924	0.288028	0.466819	0.637439	0.794006	0.932723	1.05808	1.17327	1.28063	1.35118	1.37129	1.33887	1.27281	1.1847	1.07439	0.930558	0.763643	0.584612	0.401951	0.217493	0.0321352	-0.135343	-0.264588	-0.342419	
0.156816	0.156816	0.128042	0.0918819	0.0705128	0.0685369	0.072763	0.070582	0.0622941	0.0527944	0.038623	0.0174763	-0.00786404	-0.0378667	-0.0737025	-0.110773	-0.140982	-0.154331	-0.153726	-0.150781	-0.139951	-0.105405	-0.0456166	0.0310488	0.124202	0.236903	0.382022	0.551237	0.723837	0.879371	1.00981	1.11535	1.20143	1.28063	1.34418	1.379	1.38094	1.344	1.27734	1.1874	1.07184	0.925775	0.759622	0.58746	0.41377	0.242684	0.0653728	-0.101041	-0.229377	-0.306853	
0.274351	0.274351	0.244569	0.201434	0.160844	0.126442	0.111181	0.10332	0.0995239	0.0952379	0.085185	0.0561506	0.0164658	-0.0212582	-0.0618687	-0.100387	-0.134588	-0.145867	-0.130134	-0.0947638	-0.045556	0.0217086	0.109291	0.21047	0.33364	0.475743	0.631176	0.79057	0.938274	1.07141	1.17134	1.24588	1.30333	1.35118	1.379	1.38599	1.3786	1.35075	1.29997	1.22339	1.10432	0.953163	0.781879	0.61074	0.446405	0.281036	0.105593	-0.0541813	-0.177447	-0.250931	
0.360773	0.360773	0.337992	0.302572	0.253696	0.199334	0.163255	0.146741	0.137251	0.135414	0.127121	0.0941369	0.046811	0.00232464	-0.0396777	-0.0776651	-0.100993	-0.101135	-0.0631611	-0.000364626	0.0822066	0.180205	0.293386	0.41552	0.556514	0.710841	0.863187	1.00074	1.11585	1.2118	1.27738	1.31867	1.34597	1.37129	1.38094	1.3786	1.36829	1.35948	1.33498	1.27302	1.16306	1.01541	0.845612	0.675616	0.513055	0.3465	0.17012	0.0138557	-0.111268	-0.193895	
0.409574	0.409574	0.395979	0.372215	0.329397	0.275354	0.233846	0.207338	0.182695	0.167679	0.15424	0.125144	0.0826625	0.035869	-0.012426	-0.0458189	-0.0508035	-0.0266942	0.0335312	0.119422	0.225285	0.347486	0.48227	0.621727	0.770526	0.918142	1.04951	1.15638	1.23671	1.29684	1.32811	1.33573	1.33455	1.33887	1.344	1.35075	1.35948	1.3688	1.36462	1.32347	1.2399	1.10502	0.941632	0.76889	0.595983	0.425223	0.252242	0.0945034	-0.0416928	-0.148009	
0.407118	0.407118	0.406016	0.396813	0.370051	0.329734	0.295654	0.264159	0.229338	0.195076	0.170046	0.140279	0.108601	0.0667618	0.0239743	0.000130077	0.0144859	0.06204	0.141391	0.241016	0.357735	0.498497	0.656422	0.813437	0.960458	1.08283	1.17829	1.24808	1.29879	1.33092	1.3353	1.31603	1.28867	1.27281	1.27734	1.29997	1.33498	1.36462	1.38079	1.36078	1.30403	1.19655	1.04705	0.873852	0.689023	0.513887	0.340648	0.174047	0.0274065	-0.0983597	
0.345517	0.345517	0.357831	0.363131	0.357403	0.33522	0.314408	0.28435	0.252205	0.207013	0.170138	0.134935	0.111028	0.0854233	0.0647076	0.0628739	0.0934626	0.154462	0.240822	0.347723	0.475343	0.632484	0.806105	0.971149	1.10704	1.20048	1.25946	1.29821	1.31735	1.31455	1.29233	1.25753	1.21591	1.1847	1.1874	1.22339	1.27302	1.32347	1.36078	1.37291	1.34412	1.26487	1.13714	0.97742	0.797429	0.61932	0.436552	0.262658	0.104558	-0.0315488	
0.221548	0.221548	0.238775	0.254937	0.267274	0.272048	0.264469	0.246035	0.218439	0.178682	0.138945	0.110155	0.093274	0.0902805	0.100553	0.128751	0.172492	0.233283	0.317713	0.43278	0.574541	0.735502	0.902225	1.05474	1.17762	1.25648	1.29521	1.30127	1.27884	1.239	1.19341	1.14795	1.1027	1.07439	1.07184	1.10432	1.16306	1.2399	1.30403	1.34412	1.34002	1.28723	1.19391	1.0692	0.90938	0.727698	0.532116	0.348402	0.186555	0.0466609	
0.0417223	0.0417223	0.0566001	0.0764314	0.104619	0.13461	0.144739	0.139988	0.122074	0.0953386	0.0712776	0.0620654	0.061408	0.080583	0.118234	0.169966	0.223698	0.284519	0.36652	0.483852	0.622874	0.769574	0.913582	1.04348	1.14952	1.22065	1.2481	1.22862	1.17253	1.10379	1.03929	0.987963	0.949979	0.930558	0.925775	0.953163	1.01541	1.10502	1.19655	1.26487	1.28723	1.26138	1.20799	1.11932	0.985533	0.809501	0.612384	0.428837	0.27002	0.125645	
-0.177187	-0.177187	-0.164502	-0.141808	-0.104565	-0.0608779	-0.0369719	-0.0249042	-0.025772	-0.0315552	-0.0307418	-0.0150523	0.00680456	0.0464383	0.103023	0.167501	0.233947	0.302399	0.384931	0.490932	0.608324	0.729304	0.847622	0.952587	1.03439	1.09278	1.11062	1.07913	1.00757	0.924798	0.85058	0.79814	0.772539	0.763643	0.759622	0.781879	0.845612	0.941632	1.04705	1.13714	1.19391	1.20799	1.18706	1.12296	1.01216	0.852333	0.674759	0.507483	0.357299	0.213104	
-0.423076	-0.423076	-0.408932	-0.384096	-0.343935	-0.301225	-0.266515	-0.237802	-0.211976	-0.192389	-0.1634	-0.127795	-0.0852584	-0.0268583	0.0457981	0.121329	0.198283	0.277878	0.365609	0.460259	0.547829	0.633536	0.727431	0.806875	0.861677	0.896875	0.907845	0.872198	0.80026	0.721585	0.65476	0.605097	0.585037	0.584612	0.58746	0.61074	0.675616	0.76889	0.873852	0.97742	1.0692	1.11932	1.12296	1.08385	1.00166	0.874803	0.725912	0.581122	0.439087	0.300603	
-0.682972	-0.682972	-0.669148	-0.644863	-0.61062	-0.569494	-0.52655	-0.477099	-0.428206	-0.380502	-0.328254	-0.274598	-0.217403	-0.143437	-0.0552018	0.0316609	0.117368	0.205421	0.302191	0.391865	0.454225	0.508212	0.572972	0.626127	0.649453	0.661737	0.659974	0.626808	0.570115	0.513757	0.457018	0.408396	0.39223	0.401951	0.41377	0.446405	0.513055	0.595983	0.689023	0.797429	0.90938	0.985533	1.01216	1.00166	0.951596	0.863992	0.752762	0.632842	0.512551	0.383961	
-0.926355	-0.926355	-0.915054	-0.898879	-0.87314	-0.834601	-0.779291	-0.715162	-0.648631	-0.583332	-0.511264	-0.440302	-0.369675	-0.286989	-0.189305	-0.0885381	0.00736057	0.100877	0.200638	0.289693	0.345949	0.378862	0.411469	0.426769	0.419704	0.409471	0.397472	0.369638	0.331193	0.295668	0.251249	0.208757	0.199381	0.217493	0.242684	0.281036	0.3465	0.425223	0.513887	0.61932	0.727698	0.809501	0.852333	0.874803	0.863992	0.819673	0.75147	0.669037	0.576696	0.463722	
-1.10658	-1.10658	-1.09888	-1.0918	-1.0769	-1.04068	-0.981954	-0.913658	-0.842355	-0.768316	-0.683267	-0.597504	-0.516259	-0.433733	-0.333978	-0.224747	-0.119377	-0.0237098	0.073503	0.162884	0.22032	0.242665	0.245569	0.22686	0.193553	0.16536	0.14827	0.122909	0.0971948	0.0763581	0.0494224	0.0158838	0.00908182	0.0321352	0.0653728	0.105593	0.17012	0.252242	0.340648	0.436552	0.532116	0.612384	0.674759	0.725912	0.752762	0.75147	0.732622	0.691738	0.630465	0.538184	
-1.18906	-1.18906	-1.18286	-1.18238	-1.17727	-1.14846	-1.10146	-1.04484	-0.981211	-0.901933	-0.811252	-0.71444	-0.631638	-0.54911	-0.454028	-0.341126	-0.232027	-0.132638	-0.0403293	0.0386895	0.0902854	0.104296	0.0915998	0.0511703	-0.00216402	-0.0455654	-0.0727732	-0.0954884	-0.113256	-0.12071	-0.1377	-0.159676	-0.161093	-0.135343	-0.101041	-0.0541813	0.0138557	0.0945034	0.174047	0.262658	0.348402	0.428837	0.507483	0.581122	0.632842	0.669037	0.691738	0.696212	0.672892	0.612554	
-1.14962	-1.14962	-1.14273	-1.14694	-1.15389	-1.14181	-1.11775	-1.08459	-1.03567	-0.96174	-0.871939	-0.778677	-0.698705	-0.619269	-0.523553	-0.41247	-0.305045	-0.210319	-0.13055	-0.0691673	-0.0338959	-0.0293677	-0.0494689	-0.0929966	-0.153993	-0.211731	-0.248776	-0.267427	-0.276502	-0.280027	-0.287345	-0.292443	-0.287414	-0.264588	-0.229377	-0.177447	-0.111268	-0.0416928	0.0274065	0.104558	0.186555	0.27002	0.357299	0.439087	0.512551	0.576696	0.630465	0.672892	0.691524	0.673901	
-0.99037	-0.99037	-0.984974	-0.996934	-1.01955	-1.032	-1.03298	-1.02418	-0.994702	-0.940814	-0.867123	-0.789055	-0.71403	-0.633006	-0.533106	-0.426937	-0.330334	-0.251342	-0.188197	-0.145737	-0.131821	-0.144492	-0.168047	-0.201975	-0.25696	-0.321248	-0.365512	-0.382621	-0.387178	-0.38682	-0.38019	-0.368651	-0.35998	-0.342419	-0.306853	-0.250931	-0.193895	-0.148009	-0.0983597	-0.0315488	0.0466609	0.125645	0.213104	0.300603	0.383961	0.463722	0.538184	0.612554	0.673901	0.710283	
