-0.205135	-0.205135	-0.221198	-0.259961	-0.347849	-0.482991	-0.64481	-0.805543	-0.932277	-1.00748	-1.04789	-1.02586	-0.938195	-0.81881	-0.680744	-0.531635	-0.398971	-0.252767	-0.0958954	0.0362972	0.137455	0.223225	0.309375	0.415706	0.533867	0.6338	0.699619	0.736686	0.736448	0.680067	0.552129	0.362215	0.14548	-0.0635281	-0.245336	-0.38505	-0.46825	-0.488253	-0.432601	-0.312255	-0.162014	-0.0176979	0.100614	0.202939	0.288641	0.333616	0.334108	0.300012	0.231252	0.138246	
-0.205135	-0.205135	-0.221198	-0.259961	-0.347849	-0.482991	-0.64481	-0.805543	-0.932277	-1.00748	-1.04789	-1.02586	-0.938195	-0.81881	-0.680744	-0.531635	-0.398971	-0.252767	-0.0958954	0.0362972	0.137455	0.223225	0.309375	0.415706	0.533867	0.6338	0.699619	0.736686	0.736448	0.680067	0.552129	0.362215	0.14548	-0.0635281	-0.245336	-0.38505	-0.46825	-0.488253	-0.432601	-0.312255	-0.162014	-0.0176979	0.100614	0.202939	0.288641	0.333616	0.334108	0.300012	0.231252	0.138246	
-0.221198	-0.221198	-0.242562	-0.285714	-0.36964	-0.501902	-0.662722	-0.813937	-0.927586	-1.00073	-1.03016	-1.00168	-0.912538	-0.778992	-0.63542	-0.496433	-0.353289	-0.197117	-0.0462682	0.0860503	0.18868	0.269864	0.349778	0.446235	0.545826	0.624387	0.67166	0.692168	0.674648	0.611129	0.488978	0.31288	0.110418	-0.0823672	-0.250769	-0.381299	-0.460971	-0.475857	-0.422817	-0.300141	-0.149332	-0.00667695	0.112672	0.20878	0.283215	0.329879	0.33094	0.289008	0.22517	0.144797	
-0.259961	-0.259961	-0.285714	-0.329333	-0.417242	-0.54636	-0.688062	-0.819562	-0.918756	-0.98201	-0.995467	-0.948533	-0.849716	-0.712382	-0.559999	-0.415151	-0.264146	-0.107676	0.0406178	0.169196	0.268609	0.338312	0.406229	0.483836	0.553559	0.600878	0.621847	0.61226	0.56227	0.481688	0.363041	0.207036	0.0335189	-0.131883	-0.277495	-0.391449	-0.456627	-0.462577	-0.404514	-0.281284	-0.125309	0.0142971	0.128314	0.221136	0.288102	0.328646	0.322608	0.279266	0.217881	0.143677	
-0.347849	-0.347849	-0.36964	-0.417242	-0.505067	-0.616559	-0.731323	-0.835467	-0.907466	-0.948711	-0.942991	-0.880899	-0.769292	-0.624581	-0.464233	-0.308237	-0.148812	0.00854036	0.156647	0.273777	0.358746	0.416	0.464435	0.514169	0.552157	0.565056	0.553905	0.512633	0.429693	0.329318	0.208108	0.0658074	-0.0813308	-0.217992	-0.337219	-0.421273	-0.465593	-0.454855	-0.382752	-0.25785	-0.0990906	0.0468871	0.15816	0.244269	0.306154	0.336059	0.319877	0.269795	0.200498	0.12986	
-0.482991	-0.482991	-0.501902	-0.54636	-0.616559	-0.699547	-0.78053	-0.846847	-0.881607	-0.893736	-0.869123	-0.799067	-0.674561	-0.520546	-0.357077	-0.1896	-0.0213127	0.134956	0.279993	0.383922	0.445235	0.482906	0.504494	0.521346	0.530955	0.51537	0.473673	0.401994	0.289382	0.163714	0.0342098	-0.0916513	-0.205827	-0.313837	-0.401489	-0.448735	-0.468752	-0.43601	-0.346009	-0.215284	-0.0591927	0.0860583	0.192823	0.270953	0.323896	0.343827	0.317531	0.25568	0.176944	0.107344	
-0.64481	-0.64481	-0.662722	-0.688062	-0.731323	-0.78053	-0.81657	-0.834939	-0.833763	-0.811807	-0.766647	-0.683215	-0.55671	-0.401929	-0.234576	-0.0582179	0.109737	0.257889	0.387683	0.478172	0.518341	0.530764	0.531374	0.519565	0.498276	0.458755	0.386728	0.28027	0.141368	-0.00189029	-0.134508	-0.24196	-0.319708	-0.38612	-0.439435	-0.457121	-0.447191	-0.39555	-0.295902	-0.164192	-0.0149187	0.12131	0.224333	0.296897	0.338989	0.346877	0.309911	0.237133	0.155576	0.0877861	
-0.805543	-0.805543	-0.813937	-0.819562	-0.835467	-0.846847	-0.834939	-0.803729	-0.757572	-0.698034	-0.626663	-0.531779	-0.411305	-0.261557	-0.0913007	0.0788801	0.230692	0.361622	0.46833	0.540715	0.569143	0.562514	0.53888	0.507331	0.461252	0.389403	0.286865	0.152166	-0.00737532	-0.162843	-0.291746	-0.375906	-0.418712	-0.449176	-0.466622	-0.45996	-0.425211	-0.360053	-0.255903	-0.124314	0.0132092	0.141056	0.245212	0.313474	0.346176	0.344298	0.294142	0.210732	0.130752	0.0686194	
-0.932277	-0.932277	-0.927586	-0.918756	-0.907466	-0.881607	-0.833763	-0.757572	-0.659721	-0.558145	-0.460533	-0.356753	-0.24389	-0.105318	0.0489675	0.197851	0.324207	0.433172	0.514577	0.567235	0.582997	0.564304	0.521638	0.473517	0.409998	0.314808	0.185656	0.0262267	-0.149681	-0.31098	-0.428349	-0.487628	-0.501634	-0.494023	-0.484514	-0.466261	-0.422933	-0.346725	-0.24132	-0.111899	0.0205644	0.148701	0.250569	0.313975	0.342315	0.3258	0.264776	0.178286	0.102904	0.044045	
-1.00748	-1.00748	-1.00073	-0.98201	-0.948711	-0.893736	-0.811807	-0.698034	-0.558145	-0.41437	-0.2972	-0.19644	-0.0936853	0.0219539	0.152076	0.281161	0.379328	0.458563	0.518735	0.557935	0.566365	0.535202	0.480151	0.419769	0.339481	0.23181	0.0915191	-0.077351	-0.254206	-0.411641	-0.512252	-0.548449	-0.54159	-0.513426	-0.487411	-0.468552	-0.421407	-0.342163	-0.241029	-0.117199	0.0160248	0.137797	0.2347	0.302061	0.324268	0.291324	0.21422	0.126171	0.054872	0.00262393	
-1.04789	-1.04789	-1.03016	-0.995467	-0.942991	-0.869123	-0.766647	-0.626663	-0.460533	-0.2972	-0.171717	-0.0791202	0.00614351	0.101015	0.208	0.307496	0.383356	0.44295	0.482981	0.506893	0.508441	0.469651	0.409382	0.340543	0.253495	0.144912	0.00681472	-0.151563	-0.313241	-0.447572	-0.525502	-0.549197	-0.535287	-0.496598	-0.467195	-0.448132	-0.403321	-0.332172	-0.242407	-0.129738	-0.00612574	0.105915	0.200515	0.263037	0.277679	0.236947	0.154352	0.0627737	-0.0101695	-0.0523688	
-1.02586	-1.02586	-1.00168	-0.948533	-0.880899	-0.799067	-0.683215	-0.531779	-0.356753	-0.19644	-0.0791202	0.00154359	0.0671869	0.133431	0.213402	0.285147	0.336117	0.374727	0.402031	0.410431	0.398637	0.360145	0.297838	0.226383	0.150624	0.0560972	-0.0591927	-0.190587	-0.32949	-0.438219	-0.495763	-0.50516	-0.479989	-0.445249	-0.42055	-0.400534	-0.369282	-0.315384	-0.242535	-0.147165	-0.0450136	0.0481975	0.128293	0.184178	0.200856	0.163101	0.0829035	0.000548803	-0.0674553	-0.108463	
-0.938195	-0.938195	-0.912538	-0.849716	-0.769292	-0.674561	-0.55671	-0.411305	-0.24389	-0.0936853	0.00614351	0.0671869	0.10959	0.148498	0.187282	0.216602	0.236901	0.250743	0.262567	0.256167	0.234776	0.206446	0.161934	0.106033	0.0519051	-0.0172213	-0.105079	-0.206435	-0.314264	-0.389832	-0.426675	-0.42719	-0.399767	-0.367985	-0.34935	-0.33147	-0.316863	-0.292515	-0.247519	-0.185373	-0.112677	-0.0412819	0.018144	0.0678393	0.0906656	0.0682258	0.0107787	-0.0554416	-0.113876	-0.150745	
-0.81881	-0.81881	-0.778992	-0.712382	-0.624581	-0.520546	-0.401929	-0.261557	-0.105318	0.0219539	0.101015	0.133431	0.148498	0.150359	0.134227	0.107976	0.0879862	0.0702601	0.0645338	0.0503123	0.0339632	0.0228313	0.00473985	-0.0181582	-0.0433677	-0.0837404	-0.138899	-0.207707	-0.277954	-0.327203	-0.346107	-0.33491	-0.308423	-0.286136	-0.267862	-0.253907	-0.257029	-0.262989	-0.251495	-0.228705	-0.196226	-0.159184	-0.123936	-0.084451	-0.0561814	-0.0501253	-0.0732755	-0.11688	-0.157686	-0.182853	
-0.680744	-0.680744	-0.63542	-0.559999	-0.464233	-0.357077	-0.234576	-0.0913007	0.0489675	0.152076	0.208	0.213402	0.187282	0.134227	0.0498542	-0.0387145	-0.103359	-0.143976	-0.161298	-0.172048	-0.177175	-0.171546	-0.156557	-0.142896	-0.136501	-0.144967	-0.169121	-0.206876	-0.239879	-0.258213	-0.2552	-0.235886	-0.209592	-0.186347	-0.170846	-0.16772	-0.192791	-0.228685	-0.254155	-0.271643	-0.274013	-0.272869	-0.265554	-0.246614	-0.215809	-0.185841	-0.174265	-0.184428	-0.194686	-0.201726	
-0.531635	-0.531635	-0.496433	-0.415151	-0.308237	-0.1896	-0.0582179	0.0788801	0.197851	0.281161	0.307496	0.285147	0.216602	0.107976	-0.0387145	-0.185538	-0.299005	-0.360748	-0.38909	-0.388783	-0.380595	-0.359813	-0.315475	-0.265616	-0.233672	-0.214978	-0.213481	-0.223107	-0.223383	-0.208252	-0.18209	-0.155099	-0.12381	-0.095084	-0.0787827	-0.0877334	-0.129333	-0.191326	-0.25586	-0.30668	-0.340867	-0.37033	-0.390213	-0.386777	-0.355541	-0.306986	-0.269244	-0.245935	-0.230728	-0.217673	
-0.398971	-0.398971	-0.353289	-0.264146	-0.148812	-0.0213127	0.109737	0.230692	0.324207	0.379328	0.383356	0.336117	0.236901	0.0879862	-0.103359	-0.299005	-0.451104	-0.540334	-0.580367	-0.578404	-0.561381	-0.526375	-0.464023	-0.388954	-0.33083	-0.293678	-0.281181	-0.268902	-0.240293	-0.196105	-0.152592	-0.114561	-0.0766127	-0.041599	-0.0196215	-0.0343839	-0.0871755	-0.170122	-0.259017	-0.332425	-0.391748	-0.437882	-0.472426	-0.477635	-0.445038	-0.384897	-0.323615	-0.279406	-0.250519	-0.220038	
-0.252767	-0.252767	-0.197117	-0.107676	0.00854036	0.134956	0.257889	0.361622	0.433172	0.458563	0.44295	0.374727	0.250743	0.0702601	-0.143976	-0.360748	-0.540334	-0.656697	-0.706141	-0.712702	-0.698055	-0.659315	-0.594738	-0.513481	-0.436943	-0.389715	-0.366765	-0.342802	-0.294392	-0.233117	-0.175587	-0.122595	-0.0735633	-0.0309713	-0.00179405	-0.0173127	-0.0769334	-0.164755	-0.262383	-0.343492	-0.410411	-0.463007	-0.499767	-0.506573	-0.468162	-0.404407	-0.333774	-0.275747	-0.231173	-0.191107	
-0.0958954	-0.0958954	-0.0462682	0.0406178	0.156647	0.279993	0.387683	0.46833	0.514577	0.518735	0.482981	0.402031	0.262567	0.0645338	-0.161298	-0.38909	-0.580367	-0.706141	-0.768183	-0.789209	-0.780072	-0.753384	-0.701451	-0.623631	-0.544276	-0.498197	-0.473123	-0.442105	-0.38685	-0.314831	-0.241232	-0.174762	-0.112202	-0.0548192	-0.0191998	-0.027886	-0.0821128	-0.171172	-0.263652	-0.339483	-0.401956	-0.451899	-0.481656	-0.487735	-0.450603	-0.379786	-0.295199	-0.224073	-0.168554	-0.123098	
0.0362972	0.0362972	0.0860503	0.169196	0.273777	0.383922	0.478172	0.540715	0.567235	0.557935	0.506893	0.410431	0.256167	0.0503123	-0.172048	-0.388783	-0.578404	-0.712702	-0.789209	-0.817861	-0.816531	-0.805698	-0.77507	-0.717528	-0.653627	-0.611359	-0.585289	-0.550817	-0.494007	-0.422147	-0.337921	-0.254686	-0.17939	-0.11052	-0.0666384	-0.0661022	-0.109363	-0.182938	-0.259039	-0.326621	-0.383575	-0.425906	-0.447458	-0.443436	-0.401883	-0.326091	-0.234536	-0.147482	-0.0783238	-0.0203226	
0.137455	0.137455	0.18868	0.268609	0.358746	0.445235	0.518341	0.569143	0.582997	0.566365	0.508441	0.398637	0.234776	0.0339632	-0.177175	-0.380595	-0.561381	-0.698055	-0.780072	-0.816531	-0.830446	-0.835399	-0.821452	-0.790043	-0.751286	-0.717654	-0.692146	-0.658049	-0.606043	-0.538031	-0.449366	-0.349045	-0.257428	-0.180087	-0.128595	-0.119448	-0.149031	-0.201762	-0.26152	-0.319462	-0.361616	-0.391398	-0.402169	-0.384489	-0.337524	-0.2566	-0.162502	-0.0667758	0.0180951	0.0865719	
0.223225	0.223225	0.269864	0.338312	0.416	0.482906	0.530764	0.562514	0.564304	0.535202	0.469651	0.360145	0.206446	0.0228313	-0.171546	-0.359813	-0.526375	-0.659315	-0.753384	-0.805698	-0.835399	-0.851218	-0.849308	-0.839969	-0.825339	-0.801	-0.773996	-0.747778	-0.709973	-0.646349	-0.553372	-0.443881	-0.332661	-0.239082	-0.184411	-0.167386	-0.179672	-0.213719	-0.262	-0.304451	-0.335046	-0.353161	-0.34759	-0.316412	-0.264088	-0.18363	-0.0897943	0.00872382	0.0976194	0.162042	
0.309375	0.309375	0.349778	0.406229	0.464435	0.504494	0.531374	0.53888	0.521638	0.480151	0.409382	0.297838	0.161934	0.00473985	-0.156557	-0.315475	-0.464023	-0.594738	-0.701451	-0.77507	-0.821452	-0.849308	-0.868016	-0.879993	-0.882161	-0.864215	-0.835667	-0.810379	-0.778092	-0.723028	-0.632184	-0.511882	-0.382227	-0.281671	-0.225385	-0.200317	-0.194064	-0.211157	-0.240802	-0.268076	-0.294706	-0.303796	-0.288892	-0.24788	-0.190925	-0.119427	-0.0350793	0.0556461	0.139601	0.207636	
0.415706	0.415706	0.446235	0.483836	0.514169	0.521346	0.519565	0.507331	0.473517	0.419769	0.340543	0.226383	0.106033	-0.0181582	-0.142896	-0.265616	-0.388954	-0.513481	-0.623631	-0.717528	-0.790043	-0.839969	-0.879993	-0.914259	-0.925775	-0.912851	-0.88364	-0.852345	-0.81399	-0.760617	-0.67092	-0.540331	-0.405474	-0.30024	-0.232776	-0.200979	-0.18567	-0.186414	-0.199632	-0.224516	-0.247099	-0.253436	-0.237547	-0.197714	-0.141864	-0.0851432	-0.0134137	0.0718801	0.153771	0.230618	
0.533867	0.533867	0.545826	0.553559	0.552157	0.530955	0.498276	0.461252	0.409998	0.339481	0.253495	0.150624	0.0519051	-0.0433677	-0.136501	-0.233672	-0.33083	-0.436943	-0.544276	-0.653627	-0.751286	-0.825339	-0.882161	-0.925775	-0.944712	-0.932232	-0.897622	-0.852921	-0.813565	-0.759443	-0.66512	-0.527263	-0.387304	-0.273381	-0.195025	-0.155626	-0.138242	-0.136941	-0.149415	-0.179392	-0.209261	-0.222652	-0.213931	-0.184177	-0.142814	-0.0912511	-0.023786	0.062467	0.154021	0.238382	
0.6338	0.6338	0.624387	0.600878	0.565056	0.51537	0.458755	0.389403	0.314808	0.23181	0.144912	0.0560972	-0.0172213	-0.0837404	-0.144967	-0.214978	-0.293678	-0.389715	-0.498197	-0.611359	-0.717654	-0.801	-0.864215	-0.912851	-0.932232	-0.91306	-0.870743	-0.819786	-0.772612	-0.705369	-0.598609	-0.464611	-0.324223	-0.200486	-0.11433	-0.0723674	-0.0608367	-0.0676078	-0.0951731	-0.141947	-0.189349	-0.222161	-0.22672	-0.2046	-0.171338	-0.122098	-0.0583251	0.0278799	0.128915	0.227265	
0.699619	0.699619	0.67166	0.621847	0.553905	0.473673	0.386728	0.286865	0.185656	0.0915191	0.00681472	-0.0591927	-0.105079	-0.138899	-0.169121	-0.213481	-0.281181	-0.366765	-0.473123	-0.585289	-0.692146	-0.773996	-0.835667	-0.88364	-0.897622	-0.870743	-0.824982	-0.764757	-0.68691	-0.594326	-0.474081	-0.337196	-0.201383	-0.0863718	-0.0022554	0.0338564	0.0344217	0.0126132	-0.0430233	-0.11398	-0.180275	-0.229962	-0.251875	-0.243457	-0.214523	-0.165228	-0.102004	-0.0152865	0.0859853	0.186644	
0.736686	0.736686	0.692168	0.61226	0.512633	0.401994	0.28027	0.152166	0.0262267	-0.077351	-0.151563	-0.190587	-0.206435	-0.207707	-0.206876	-0.223107	-0.268902	-0.342802	-0.442105	-0.550817	-0.658049	-0.747778	-0.810379	-0.852345	-0.852921	-0.819786	-0.764757	-0.679081	-0.560543	-0.431846	-0.290758	-0.147511	-0.0206626	0.0727926	0.134566	0.153021	0.131614	0.0795084	0.000101586	-0.0865286	-0.164484	-0.231809	-0.269536	-0.278805	-0.262648	-0.222637	-0.159085	-0.0730207	0.0240355	0.117175	
0.736448	0.736448	0.674648	0.56227	0.429693	0.289382	0.141368	-0.00737532	-0.149681	-0.254206	-0.313241	-0.32949	-0.314264	-0.277954	-0.239879	-0.223383	-0.240293	-0.294392	-0.38685	-0.494007	-0.606043	-0.709973	-0.778092	-0.81399	-0.813565	-0.772612	-0.68691	-0.560543	-0.405351	-0.237914	-0.0721257	0.072609	0.181618	0.245034	0.267458	0.258491	0.214588	0.133984	0.036331	-0.0564393	-0.143699	-0.223375	-0.274776	-0.301584	-0.308149	-0.283196	-0.229444	-0.160344	-0.0787494	0.0104006	
0.680067	0.680067	0.611129	0.481688	0.329318	0.163714	-0.00189029	-0.162843	-0.31098	-0.411641	-0.447572	-0.438219	-0.389832	-0.327203	-0.258213	-0.208252	-0.196105	-0.233117	-0.314831	-0.422147	-0.538031	-0.646349	-0.723028	-0.760617	-0.759443	-0.705369	-0.594326	-0.431846	-0.237914	-0.0329811	0.147125	0.284124	0.364032	0.395556	0.392444	0.357858	0.29385	0.195768	0.0871288	-0.0164041	-0.114893	-0.199238	-0.264846	-0.313279	-0.345778	-0.346513	-0.314928	-0.261931	-0.202741	-0.119596	
0.552129	0.552129	0.488978	0.363041	0.208108	0.0342098	-0.134508	-0.291746	-0.428349	-0.512252	-0.525502	-0.495763	-0.426675	-0.346107	-0.2552	-0.18209	-0.152592	-0.175587	-0.241232	-0.337921	-0.449366	-0.553372	-0.632184	-0.67092	-0.66512	-0.598609	-0.474081	-0.290758	-0.0721257	0.147125	0.322639	0.445504	0.506264	0.52008	0.499495	0.448481	0.377699	0.279235	0.164939	0.0487168	-0.0637378	-0.156894	-0.243035	-0.316235	-0.373202	-0.402486	-0.399437	-0.365195	-0.319602	-0.237676	
0.362215	0.362215	0.31288	0.207036	0.0658074	-0.0916513	-0.24196	-0.375906	-0.487628	-0.548449	-0.549197	-0.50516	-0.42719	-0.33491	-0.235886	-0.155099	-0.114561	-0.122595	-0.174762	-0.254686	-0.349045	-0.443881	-0.511882	-0.540331	-0.527263	-0.464611	-0.337196	-0.147511	0.072609	0.284124	0.445504	0.545373	0.59449	0.601511	0.571112	0.523712	0.464707	0.376799	0.264682	0.145919	0.0242951	-0.0958263	-0.204613	-0.300964	-0.388085	-0.442996	-0.463878	-0.452268	-0.408649	-0.322947	
0.14548	0.14548	0.110418	0.0335189	-0.0813308	-0.205827	-0.319708	-0.418712	-0.501634	-0.54159	-0.535287	-0.479989	-0.399767	-0.308423	-0.209592	-0.12381	-0.0766127	-0.0735633	-0.112202	-0.17939	-0.257428	-0.332661	-0.382227	-0.405474	-0.387304	-0.324223	-0.201383	-0.0206626	0.181618	0.364032	0.506264	0.59449	0.63187	0.634261	0.611517	0.579283	0.53749	0.472986	0.380073	0.267237	0.139083	-0.00549774	-0.140443	-0.264013	-0.373322	-0.453493	-0.495775	-0.495233	-0.449428	-0.363557	
-0.0635281	-0.0635281	-0.0823672	-0.131883	-0.217992	-0.313837	-0.38612	-0.449176	-0.494023	-0.513426	-0.496598	-0.445249	-0.367985	-0.286136	-0.186347	-0.095084	-0.041599	-0.0309713	-0.0548192	-0.11052	-0.180087	-0.239082	-0.281671	-0.30024	-0.273381	-0.200486	-0.0863718	0.0727926	0.245034	0.395556	0.52008	0.601511	0.634261	0.639034	0.635515	0.616423	0.582664	0.541272	0.476437	0.383932	0.262371	0.113498	-0.0421942	-0.187371	-0.319173	-0.422591	-0.488861	-0.495713	-0.451391	-0.362643	
-0.245336	-0.245336	-0.250769	-0.277495	-0.337219	-0.401489	-0.439435	-0.466622	-0.484514	-0.487411	-0.467195	-0.42055	-0.34935	-0.267862	-0.170846	-0.0787827	-0.0196215	-0.00179405	-0.0191998	-0.0666384	-0.128595	-0.184411	-0.225385	-0.232776	-0.195025	-0.11433	-0.0022554	0.134566	0.267458	0.392444	0.499495	0.571112	0.611517	0.635515	0.641461	0.628698	0.607903	0.58335	0.541522	0.475837	0.37543	0.237709	0.0817757	-0.0736925	-0.226779	-0.349715	-0.434381	-0.457531	-0.420759	-0.335215	
-0.38505	-0.38505	-0.381299	-0.391449	-0.421273	-0.448735	-0.457121	-0.45996	-0.466261	-0.468552	-0.448132	-0.400534	-0.33147	-0.253907	-0.16772	-0.0877334	-0.0343839	-0.0173127	-0.027886	-0.0661022	-0.119448	-0.167386	-0.200317	-0.200979	-0.155626	-0.0723674	0.0338564	0.153021	0.258491	0.357858	0.448481	0.523712	0.579283	0.616423	0.628698	0.626173	0.61926	0.609553	0.587292	0.542775	0.467094	0.349921	0.202202	0.045502	-0.109444	-0.243174	-0.341301	-0.383283	-0.364615	-0.296394	
-0.46825	-0.46825	-0.460971	-0.456627	-0.465593	-0.468752	-0.447191	-0.425211	-0.422933	-0.421407	-0.403321	-0.369282	-0.316863	-0.257029	-0.192791	-0.129333	-0.0871755	-0.0769334	-0.0821128	-0.109363	-0.149031	-0.179672	-0.194064	-0.18567	-0.138242	-0.0608367	0.0344217	0.131614	0.214588	0.29385	0.377699	0.464707	0.53749	0.582664	0.607903	0.61926	0.627508	0.626697	0.615968	0.585352	0.530493	0.432759	0.296422	0.148189	0.0037998	-0.134872	-0.238433	-0.292607	-0.293834	-0.240337	
-0.488253	-0.488253	-0.475857	-0.462577	-0.454855	-0.43601	-0.39555	-0.360053	-0.346725	-0.342163	-0.332172	-0.315384	-0.292515	-0.262989	-0.228685	-0.191326	-0.170122	-0.164755	-0.171172	-0.182938	-0.201762	-0.213719	-0.211157	-0.186414	-0.136941	-0.0676078	0.0126132	0.0795084	0.133984	0.195768	0.279235	0.376799	0.472986	0.541272	0.58335	0.609553	0.626697	0.634922	0.630514	0.61412	0.564603	0.476144	0.354238	0.215931	0.077439	-0.0532674	-0.150461	-0.203634	-0.209866	-0.170264	
-0.432601	-0.432601	-0.422817	-0.404514	-0.382752	-0.346009	-0.295902	-0.255903	-0.24132	-0.241029	-0.242407	-0.242535	-0.247519	-0.251495	-0.254155	-0.25586	-0.259017	-0.262383	-0.263652	-0.259039	-0.26152	-0.262	-0.240802	-0.199632	-0.149415	-0.0951731	-0.0430233	0.000101586	0.036331	0.0871288	0.164939	0.264682	0.380073	0.476437	0.541522	0.587292	0.615968	0.630514	0.632851	0.622327	0.580477	0.497575	0.385665	0.257007	0.120119	0.00334848	-0.0781062	-0.124022	-0.126433	-0.0952091	
-0.312255	-0.312255	-0.300141	-0.281284	-0.25785	-0.215284	-0.164192	-0.124314	-0.111899	-0.117199	-0.129738	-0.147165	-0.185373	-0.228705	-0.271643	-0.30668	-0.332425	-0.343492	-0.339483	-0.326621	-0.319462	-0.304451	-0.268076	-0.224516	-0.179392	-0.141947	-0.11398	-0.0865286	-0.0564393	-0.0164041	0.0487168	0.145919	0.267237	0.383932	0.475837	0.542775	0.585352	0.61412	0.622327	0.611441	0.583205	0.51545	0.412934	0.288259	0.154988	0.0449549	-0.0288984	-0.0597331	-0.0516871	-0.016869	
-0.162014	-0.162014	-0.149332	-0.125309	-0.0990906	-0.0591927	-0.0149187	0.0132092	0.0205644	0.0160248	-0.00612574	-0.0450136	-0.112677	-0.196226	-0.274013	-0.340867	-0.391748	-0.410411	-0.401956	-0.383575	-0.361616	-0.335046	-0.294706	-0.247099	-0.209261	-0.189349	-0.180275	-0.164484	-0.143699	-0.114893	-0.0637378	0.0242951	0.139083	0.262371	0.37543	0.467094	0.530493	0.564603	0.580477	0.583205	0.569519	0.518283	0.424897	0.304018	0.17893	0.0767393	0.010121	-0.0100012	0.00673419	0.0523599	
-0.0176979	-0.0176979	-0.00667695	0.0142971	0.0468871	0.0860583	0.12131	0.141056	0.148701	0.137797	0.105915	0.0481975	-0.0412819	-0.159184	-0.272869	-0.37033	-0.437882	-0.463007	-0.451899	-0.425906	-0.391398	-0.353161	-0.303796	-0.253436	-0.222652	-0.222161	-0.229962	-0.231809	-0.223375	-0.199238	-0.156894	-0.0958263	-0.00549774	0.113498	0.237709	0.349921	0.432759	0.476144	0.497575	0.51545	0.518283	0.48124	0.401237	0.291046	0.179911	0.0874372	0.0336016	0.022994	0.0423419	0.0870142	
0.100614	0.100614	0.112672	0.128314	0.15816	0.192823	0.224333	0.245212	0.250569	0.2347	0.200515	0.128293	0.018144	-0.123936	-0.265554	-0.390213	-0.472426	-0.499767	-0.481656	-0.447458	-0.402169	-0.34759	-0.288892	-0.237547	-0.213931	-0.22672	-0.251875	-0.269536	-0.274776	-0.264846	-0.243035	-0.204613	-0.140443	-0.0421942	0.0817757	0.202202	0.296422	0.354238	0.385665	0.412934	0.424897	0.401237	0.331383	0.234286	0.143525	0.0754435	0.0367209	0.0298117	0.0492148	0.0902404	
0.202939	0.202939	0.20878	0.221136	0.244269	0.270953	0.296897	0.313474	0.313975	0.302061	0.263037	0.184178	0.0678393	-0.084451	-0.246614	-0.386777	-0.477635	-0.506573	-0.487735	-0.443436	-0.384489	-0.316412	-0.24788	-0.197714	-0.184177	-0.2046	-0.243457	-0.278805	-0.301584	-0.313279	-0.316235	-0.300964	-0.264013	-0.187371	-0.0736925	0.045502	0.148189	0.215931	0.257007	0.288259	0.304018	0.291046	0.234286	0.154872	0.0875881	0.0412428	0.0192006	0.0166609	0.0245774	0.0574187	
0.288641	0.288641	0.283215	0.288102	0.306154	0.323896	0.338989	0.346176	0.342315	0.324268	0.277679	0.200856	0.0906656	-0.0561814	-0.215809	-0.355541	-0.445038	-0.468162	-0.450603	-0.401883	-0.337524	-0.264088	-0.190925	-0.141864	-0.142814	-0.171338	-0.214523	-0.262648	-0.308149	-0.345778	-0.373202	-0.388085	-0.373322	-0.319173	-0.226779	-0.109444	0.0037998	0.077439	0.120119	0.154988	0.17893	0.179911	0.143525	0.0875881	0.033398	0.00038205	-0.0188065	-0.0264727	-0.0272648	-0.0115187	
0.333616	0.333616	0.329879	0.328646	0.336059	0.343827	0.346877	0.344298	0.3258	0.291324	0.236947	0.163101	0.0682258	-0.0501253	-0.185841	-0.306986	-0.384897	-0.404407	-0.379786	-0.326091	-0.2566	-0.18363	-0.119427	-0.0851432	-0.0912511	-0.122098	-0.165228	-0.222637	-0.283196	-0.346513	-0.402486	-0.442996	-0.453493	-0.422591	-0.349715	-0.243174	-0.134872	-0.0532674	0.00334848	0.0449549	0.0767393	0.0874372	0.0754435	0.0412428	0.00038205	-0.034823	-0.0698764	-0.101659	-0.116417	-0.112946	
0.334108	0.334108	0.33094	0.322608	0.319877	0.317531	0.309911	0.294142	0.264776	0.21422	0.154352	0.0829035	0.0107787	-0.0732755	-0.174265	-0.269244	-0.323615	-0.333774	-0.295199	-0.234536	-0.162502	-0.0897943	-0.0350793	-0.0134137	-0.023786	-0.0583251	-0.102004	-0.159085	-0.229444	-0.314928	-0.399437	-0.463878	-0.495775	-0.488861	-0.434381	-0.341301	-0.238433	-0.150461	-0.0781062	-0.0288984	0.010121	0.0336016	0.0367209	0.0192006	-0.0188065	-0.0698764	-0.130659	-0.193014	-0.232067	-0.238898	
0.300012	0.300012	0.289008	0.279266	0.269795	0.25568	0.237133	0.210732	0.178286	0.126171	0.0627737	0.000548803	-0.0554416	-0.11688	-0.184428	-0.245935	-0.279406	-0.275747	-0.224073	-0.147482	-0.0667758	0.00872382	0.0556461	0.0718801	0.062467	0.0278799	-0.0152865	-0.0730207	-0.160344	-0.261931	-0.365195	-0.452268	-0.495233	-0.495713	-0.457531	-0.383283	-0.292607	-0.203634	-0.124022	-0.0597331	-0.0100012	0.022994	0.0298117	0.0166609	-0.0264727	-0.101659	-0.193014	-0.278879	-0.336166	-0.352758	
0.231252	0.231252	0.22517	0.217881	0.200498	0.176944	0.155576	0.130752	0.102904	0.054872	-0.0101695	-0.0674553	-0.113876	-0.157686	-0.194686	-0.230728	-0.250519	-0.231173	-0.168554	-0.0783238	0.0180951	0.0976194	0.139601	0.153771	0.154021	0.128915	0.0859853	0.0240355	-0.0787494	-0.202741	-0.319602	-0.408649	-0.449428	-0.451391	-0.420759	-0.364615	-0.293834	-0.209866	-0.126433	-0.0516871	0.00673419	0.0423419	0.0492148	0.0245774	-0.0272648	-0.116417	-0.232067	-0.336166	-0.405517	-0.430887	
0.138246	0.138246	0.144797	0.143677	0.12986	0.107344	0.0877861	0.0686194	0.044045	0.00262393	-0.0523688	-0.108463	-0.150745	-0.182853	-0.201726	-0.217673	-0.220038	-0.191107	-0.123098	-0.0203226	0.0865719	0.162042	0.207636	0.230618	0.238382	0.227265	0.186644	0.117175	0.0104006	-0.119596	-0.237676	-0.322947	-0.363557	-0.362643	-0.335215	-0.296394	-0.240337	-0.170264	-0.0952091	-0.016869	0.0523599	0.0870142	0.0902404	0.0574187	-0.0115187	-0.112946	-0.238898	-0.352758	-0.430887	-0.460902	
