-0.202956	-0.372195	-0.516058	-0.61842	-0.682911	-0.707103	-0.691745	-0.652935	-0.597745	-0.528384	-0.446804	-0.345684	-0.21388	-0.063369	0.0791537	0.203989	0.330293	0.463289	0.596265	0.711612	0.787299	0.812359	0.790504	0.730319	0.636317	0.507979	0.351532	0.191805	0.0458914	-0.0927521	-0.234221	-0.388204	-0.547992	-0.691742	-0.803356	-0.861328	-0.852842	-0.781217	-0.667833	-0.525813	-0.361764	-0.185895	-0.0162661	0.114884	0.198451	0.234813	0.229228	0.198782	0.169247	0.169247	
-0.372195	-0.519561	-0.633341	-0.710946	-0.745527	-0.734489	-0.688166	-0.622709	-0.538652	-0.443103	-0.340995	-0.216371	-0.064045	0.0955612	0.244125	0.373955	0.500466	0.630659	0.757153	0.86227	0.921024	0.924262	0.87819	0.798032	0.689479	0.544505	0.369516	0.196399	0.0314144	-0.12256	-0.27971	-0.4482	-0.609924	-0.750526	-0.851034	-0.900813	-0.891644	-0.824729	-0.712758	-0.569484	-0.396843	-0.199819	-0.0109953	0.137233	0.22941	0.268067	0.261676	0.223171	0.190764	0.190764	
-0.516058	-0.633341	-0.712236	-0.757345	-0.759436	-0.717288	-0.642143	-0.545757	-0.432893	-0.310277	-0.17949	-0.0336405	0.12577	0.279013	0.416491	0.537716	0.65224	0.776316	0.891897	0.978206	1.0154	0.995909	0.928409	0.83156	0.710316	0.559224	0.38671	0.204725	0.0254633	-0.141985	-0.313449	-0.488348	-0.64799	-0.776518	-0.862818	-0.903571	-0.892585	-0.831557	-0.729952	-0.595867	-0.420472	-0.213022	-0.011789	0.151593	0.252671	0.291176	0.280385	0.233577	0.192844	0.192844	
-0.61842	-0.710946	-0.757345	-0.769314	-0.743211	-0.671415	-0.566646	-0.440488	-0.296166	-0.142623	0.0201453	0.186172	0.340759	0.474817	0.586574	0.681492	0.782975	0.887828	0.975564	1.04299	1.06462	1.03119	0.953269	0.845838	0.718657	0.56987	0.40142	0.222661	0.0363289	-0.144081	-0.321093	-0.496597	-0.653046	-0.775197	-0.852745	-0.883123	-0.868783	-0.813511	-0.722568	-0.600873	-0.434078	-0.229429	-0.0225504	0.147672	0.25639	0.305982	0.298426	0.25143	0.211849	0.211849	
-0.682911	-0.745527	-0.759436	-0.743211	-0.687451	-0.59229	-0.460409	-0.302435	-0.12578	0.063648	0.248598	0.412706	0.553153	0.659346	0.735761	0.808612	0.883744	0.955203	1.01325	1.05873	1.06945	1.03183	0.954536	0.84738	0.717669	0.572915	0.415384	0.242744	0.0633143	-0.113628	-0.293272	-0.463609	-0.617199	-0.739985	-0.814291	-0.843401	-0.82848	-0.780363	-0.708626	-0.606736	-0.455283	-0.259764	-0.0504696	0.132939	0.260196	0.326772	0.3319	0.294213	0.25698	0.25698	
-0.707103	-0.734489	-0.717288	-0.671415	-0.59229	-0.476973	-0.327568	-0.141484	0.0736543	0.291255	0.482183	0.639983	0.759747	0.835035	0.878676	0.919701	0.961965	0.993291	1.01837	1.03887	1.03651	1.00581	0.942023	0.84262	0.720864	0.585547	0.440347	0.28208	0.107951	-0.0726778	-0.24836	-0.415243	-0.569103	-0.688796	-0.762128	-0.791445	-0.778738	-0.739393	-0.684646	-0.600386	-0.468354	-0.2823	-0.0718013	0.120379	0.269811	0.354386	0.374817	0.351736	0.321626	0.321626	
-0.691745	-0.688166	-0.642143	-0.566646	-0.460409	-0.327568	-0.158298	0.0541407	0.294328	0.522535	0.710398	0.854711	0.947223	0.985407	0.994034	0.999143	1.00774	1.00824	1.00469	1.00128	0.996622	0.975268	0.921314	0.83743	0.730996	0.608205	0.476882	0.335233	0.175361	-0.00038081	-0.180159	-0.35235	-0.507967	-0.630684	-0.708891	-0.737417	-0.72499	-0.691514	-0.648626	-0.57817	-0.465966	-0.300511	-0.0942208	0.105898	0.275496	0.385847	0.430101	0.431457	0.416934	0.416934	
-0.652935	-0.622709	-0.545757	-0.440488	-0.302435	-0.141484	0.0541407	0.281756	0.519167	0.739134	0.914901	1.03344	1.0916	1.09789	1.07339	1.04266	1.02134	0.997714	0.973739	0.958736	0.957872	0.950261	0.917232	0.852916	0.753148	0.63662	0.520854	0.395008	0.249508	0.0849557	-0.0938109	-0.271589	-0.432525	-0.55877	-0.635379	-0.665867	-0.659991	-0.630505	-0.597892	-0.542357	-0.451111	-0.308074	-0.115843	0.0889143	0.280293	0.415202	0.490442	0.523186	0.530269	0.530269	
-0.597745	-0.538652	-0.432893	-0.296166	-0.12578	0.0736543	0.294328	0.519167	0.739356	0.936519	1.08184	1.16296	1.18391	1.15765	1.10147	1.04396	1.00641	0.965875	0.928878	0.913423	0.925556	0.939394	0.929597	0.877288	0.780445	0.668939	0.557808	0.441105	0.311215	0.154875	-0.0176873	-0.185555	-0.334717	-0.450088	-0.522178	-0.554097	-0.559181	-0.543868	-0.52334	-0.481424	-0.414576	-0.300568	-0.127813	0.0751237	0.281385	0.438194	0.542132	0.604779	0.634829	0.634829	
-0.528384	-0.443103	-0.310277	-0.142623	0.063648	0.291255	0.522535	0.739134	0.936519	1.09948	1.20424	1.24334	1.2228	1.15664	1.07525	1.00274	0.952969	0.903785	0.869434	0.863549	0.887706	0.922766	0.934225	0.892908	0.804273	0.700081	0.58782	0.47214	0.348304	0.203988	0.0509747	-0.0961981	-0.222624	-0.314491	-0.372214	-0.40468	-0.419606	-0.420381	-0.417123	-0.391786	-0.351012	-0.271633	-0.126462	0.065724	0.277549	0.450775	0.578279	0.669681	0.720973	0.720973	
-0.446804	-0.340995	-0.17949	0.0201453	0.248598	0.482183	0.710398	0.914901	1.08184	1.20424	1.27329	1.27798	1.2202	1.12195	1.02111	0.936869	0.870831	0.819967	0.792312	0.794298	0.832846	0.889811	0.919393	0.893134	0.819895	0.719322	0.61006	0.494466	0.367094	0.230337	0.0988042	-0.0155322	-0.10984	-0.175555	-0.213736	-0.238288	-0.25805	-0.272334	-0.282216	-0.278424	-0.268009	-0.222943	-0.111608	0.0652727	0.278332	0.461579	0.606868	0.719721	0.786156	0.786156	
-0.345684	-0.216371	-0.0336405	0.186172	0.412706	0.639983	0.854711	1.03344	1.16296	1.24334	1.27798	1.25715	1.17895	1.0704	0.965002	0.8684	0.793351	0.741257	0.714944	0.725131	0.777197	0.847115	0.88815	0.876964	0.817178	0.722671	0.610098	0.484802	0.350361	0.22527	0.122577	0.0407714	-0.0145589	-0.0485616	-0.0683795	-0.0784218	-0.0953077	-0.118185	-0.140111	-0.155631	-0.166792	-0.153651	-0.0752327	0.083194	0.283003	0.469805	0.627221	0.750698	0.82984	0.82984	
-0.21388	-0.064045	0.12577	0.340759	0.553153	0.759747	0.947223	1.0916	1.18391	1.2228	1.2202	1.17895	1.10019	1.00142	0.900554	0.808363	0.730383	0.678581	0.6564	0.674422	0.73058	0.79722	0.84439	0.847873	0.796313	0.70092	0.579093	0.435144	0.293505	0.18403	0.114813	0.079037	0.0636426	0.0562284	0.0577812	0.0654475	0.0566378	0.0317966	0.000888692	-0.0360422	-0.0651086	-0.0740676	-0.0230011	0.115301	0.294784	0.47373	0.627823	0.748037	0.827978	0.827978	
-0.063369	0.0955612	0.279013	0.474817	0.659346	0.835035	0.985407	1.09789	1.15765	1.15664	1.12195	1.0704	1.00142	0.917019	0.825469	0.7401	0.664246	0.616344	0.59902	0.619793	0.671414	0.736554	0.791437	0.804419	0.759251	0.661813	0.526001	0.366675	0.224876	0.127878	0.0893121	0.0950556	0.117458	0.142073	0.167092	0.191795	0.193657	0.166794	0.124422	0.0718457	0.0271887	0.00400707	0.0318	0.138838	0.291335	0.449922	0.591123	0.705131	0.777427	0.777427	
0.0791537	0.244125	0.416491	0.586574	0.735761	0.878676	0.994034	1.07339	1.10147	1.07525	1.02111	0.965002	0.900554	0.825469	0.7419	0.655265	0.576695	0.52884	0.519599	0.547442	0.601668	0.664244	0.7212	0.743219	0.710137	0.613385	0.464699	0.295607	0.154764	0.0742286	0.0602288	0.0962052	0.146486	0.198133	0.249166	0.293424	0.313021	0.286909	0.229172	0.156762	0.0924658	0.0530801	0.0591552	0.134762	0.254675	0.390066	0.516431	0.618405	0.681973	0.681973	
0.203989	0.373955	0.537716	0.681492	0.808612	0.919701	0.999143	1.04266	1.04396	1.00274	0.936869	0.8684	0.808363	0.7401	0.655265	0.559674	0.472413	0.425792	0.42287	0.462755	0.522177	0.590486	0.651552	0.6798	0.653264	0.550087	0.394519	0.222969	0.0848371	0.0147602	0.0150833	0.0709816	0.145956	0.224893	0.303555	0.365999	0.395556	0.373619	0.305759	0.217497	0.139485	0.0811281	0.061543	0.0971805	0.174407	0.282162	0.389686	0.479533	0.534921	0.534921	
0.330293	0.500466	0.65224	0.782975	0.883744	0.961965	1.00774	1.02134	1.00641	0.952969	0.870831	0.793351	0.730383	0.664246	0.576695	0.472413	0.380502	0.331643	0.340766	0.395244	0.464058	0.530958	0.586984	0.616291	0.590646	0.484627	0.320026	0.145696	0.00822076	-0.0570707	-0.0478923	0.0116161	0.104151	0.210287	0.31131	0.396971	0.440185	0.4238	0.358717	0.263885	0.174661	0.0996639	0.0467158	0.0335385	0.0571833	0.12117	0.200658	0.269824	0.313916	0.313916	
0.463289	0.630659	0.776316	0.887828	0.955203	0.993291	1.00824	0.997714	0.965875	0.903785	0.819967	0.741257	0.678581	0.616344	0.52884	0.425792	0.331643	0.287021	0.310565	0.374794	0.448794	0.507391	0.551794	0.578165	0.547423	0.440214	0.269311	0.0789668	-0.0679771	-0.144797	-0.146367	-0.0928173	0.00790555	0.138114	0.265151	0.376121	0.440285	0.442088	0.390328	0.301778	0.202031	0.105627	0.0135699	-0.0583675	-0.0924606	-0.0845029	-0.0457244	-0.00422181	0.0215334	0.0215334	
0.596265	0.757153	0.891897	0.975564	1.01325	1.01837	1.00469	0.973739	0.928878	0.869434	0.792312	0.714944	0.6564	0.59902	0.519599	0.42287	0.340766	0.310565	0.347797	0.419804	0.487391	0.529672	0.558354	0.570151	0.528774	0.412561	0.230163	0.0285593	-0.133466	-0.231228	-0.25732	-0.218543	-0.120476	0.0208667	0.17727	0.313518	0.397479	0.426624	0.396539	0.322054	0.216695	0.0950402	-0.0425746	-0.179885	-0.275423	-0.326469	-0.331542	-0.315814	-0.307317	-0.307317	
0.711612	0.86227	0.978206	1.04299	1.05873	1.03887	1.00128	0.958736	0.913423	0.863549	0.794298	0.725131	0.674422	0.619793	0.547442	0.462755	0.395244	0.374794	0.419804	0.492341	0.551326	0.574638	0.582206	0.576182	0.52593	0.403638	0.211136	-0.00670994	-0.188902	-0.305584	-0.355837	-0.332381	-0.244152	-0.0974637	0.0767526	0.228352	0.338231	0.393383	0.381855	0.321796	0.21094	0.0556868	-0.125182	-0.314575	-0.472201	-0.574757	-0.62419	-0.646689	-0.652733	-0.652733	
0.787299	0.921024	1.0154	1.06462	1.06945	1.03651	0.996622	0.957872	0.925556	0.887706	0.832846	0.777197	0.73058	0.671414	0.601668	0.522177	0.464058	0.448794	0.487391	0.551326	0.590711	0.603415	0.602692	0.587273	0.529729	0.399597	0.200743	-0.0184122	-0.213979	-0.349596	-0.415622	-0.413297	-0.336792	-0.192885	-0.0129068	0.152023	0.277262	0.348175	0.355212	0.303717	0.186033	0.00713972	-0.213613	-0.449369	-0.656112	-0.806962	-0.902562	-0.956671	-0.981486	-0.981486	
0.812359	0.924262	0.995909	1.03119	1.03183	1.00581	0.975268	0.950261	0.939394	0.922766	0.889811	0.847115	0.79722	0.736554	0.664244	0.590486	0.530958	0.507391	0.529672	0.574638	0.603415	0.611478	0.607705	0.58896	0.527658	0.398389	0.204072	-0.0135426	-0.211719	-0.361624	-0.442345	-0.457616	-0.393693	-0.257383	-0.0845678	0.0908435	0.22734	0.305152	0.32587	0.276617	0.15051	-0.044012	-0.292621	-0.559038	-0.797278	-0.986759	-1.12347	-1.20656	-1.25123	-1.25123	
0.790504	0.87819	0.928409	0.953269	0.954536	0.942023	0.921314	0.917232	0.929597	0.934225	0.919393	0.88815	0.84439	0.791437	0.7212	0.651552	0.586984	0.551794	0.558354	0.582206	0.602692	0.607705	0.601614	0.578924	0.511393	0.38317	0.197804	-0.0151073	-0.212049	-0.368766	-0.460143	-0.485481	-0.431601	-0.304154	-0.135715	0.0432484	0.189685	0.279074	0.30581	0.260121	0.133746	-0.0688666	-0.332056	-0.610996	-0.869604	-1.08936	-1.25588	-1.3701	-1.42907	-1.42907	
0.730319	0.798032	0.83156	0.845838	0.84738	0.84262	0.83743	0.852916	0.877288	0.892908	0.893134	0.876964	0.847873	0.804419	0.743219	0.6798	0.616291	0.578165	0.570151	0.576182	0.587273	0.58896	0.578924	0.545062	0.46783	0.333227	0.153893	-0.0461529	-0.237476	-0.393536	-0.491288	-0.515039	-0.463453	-0.343621	-0.174648	0.0107099	0.167902	0.271809	0.31236	0.273304	0.158367	-0.0400942	-0.302561	-0.58059	-0.853774	-1.09341	-1.28876	-1.43124	-1.50194	-1.50194	
0.636317	0.689479	0.710316	0.718657	0.717669	0.720864	0.730996	0.753148	0.780445	0.804273	0.819895	0.817178	0.796313	0.759251	0.710137	0.653264	0.590646	0.547423	0.528774	0.52593	0.529729	0.527658	0.511393	0.46783	0.380271	0.24578	0.0778079	-0.110486	-0.293619	-0.43941	-0.532736	-0.551078	-0.493852	-0.371108	-0.202679	-0.0121547	0.163686	0.283628	0.343095	0.321744	0.226855	0.0437927	-0.201746	-0.466308	-0.744004	-0.994212	-1.21485	-1.37831	-1.46041	-1.46041	
0.507979	0.544505	0.559224	0.56987	0.572915	0.585547	0.608205	0.63662	0.668939	0.700081	0.719322	0.722671	0.70092	0.661813	0.613385	0.550087	0.484627	0.440214	0.412561	0.403638	0.399597	0.398389	0.38317	0.333227	0.24578	0.121095	-0.033649	-0.201527	-0.364357	-0.493	-0.570621	-0.575178	-0.506591	-0.385087	-0.215096	-0.0211414	0.16502	0.30426	0.386758	0.390385	0.319061	0.16669	-0.052943	-0.29508	-0.556671	-0.809503	-1.03778	-1.20659	-1.29441	-1.29441	
0.351532	0.369516	0.38671	0.40142	0.415384	0.440347	0.476882	0.520854	0.557808	0.58782	0.61006	0.610098	0.579093	0.526001	0.464699	0.394519	0.320026	0.269311	0.230163	0.211136	0.200743	0.204072	0.197804	0.153893	0.0778079	-0.033649	-0.167938	-0.308841	-0.441592	-0.544943	-0.595999	-0.579833	-0.501674	-0.377633	-0.21012	-0.0198633	0.170458	0.325982	0.427252	0.459401	0.414198	0.293488	0.112763	-0.0952322	-0.325696	-0.561774	-0.779319	-0.942041	-1.02514	-1.02514	
0.191805	0.196399	0.204725	0.222661	0.242744	0.28208	0.335233	0.395008	0.441105	0.47214	0.494466	0.484802	0.435144	0.366675	0.295607	0.222969	0.145696	0.0789668	0.0285593	-0.00670994	-0.0184122	-0.0135426	-0.0151073	-0.0461529	-0.110486	-0.201527	-0.308841	-0.418572	-0.515764	-0.582401	-0.600817	-0.567318	-0.484376	-0.356574	-0.198951	-0.0160761	0.17394	0.334524	0.450004	0.503803	0.484399	0.39548	0.259861	0.099506	-0.0864259	-0.286282	-0.474813	-0.616792	-0.687246	-0.687246	
0.0458914	0.0314144	0.0254633	0.0363289	0.0633143	0.107951	0.175361	0.249508	0.311215	0.348304	0.367094	0.350361	0.293505	0.224876	0.154764	0.0848371	0.00822076	-0.0679771	-0.133466	-0.188902	-0.213979	-0.211719	-0.212049	-0.237476	-0.293619	-0.364357	-0.441592	-0.515764	-0.571989	-0.603978	-0.596373	-0.548187	-0.462984	-0.34322	-0.200439	-0.0293541	0.148402	0.309612	0.442592	0.518428	0.523879	0.470486	0.378253	0.263706	0.131636	-0.0223513	-0.170987	-0.277761	-0.332706	-0.332706	
-0.0927521	-0.12256	-0.141985	-0.144081	-0.113628	-0.0726778	-0.00038081	0.0849557	0.154875	0.203988	0.230337	0.22527	0.18403	0.127878	0.0742286	0.0147602	-0.0570707	-0.144797	-0.231228	-0.305584	-0.349596	-0.361624	-0.368766	-0.393536	-0.43941	-0.493	-0.544943	-0.582401	-0.603978	-0.603036	-0.578547	-0.530233	-0.454315	-0.354768	-0.225999	-0.0716843	0.0908714	0.254947	0.394161	0.486684	0.519422	0.497228	0.451373	0.388767	0.310649	0.208588	0.102575	0.0286608	-0.0119817	-0.0119817	
-0.234221	-0.27971	-0.313449	-0.321093	-0.293272	-0.24836	-0.180159	-0.0938109	-0.0176873	0.0509747	0.0988042	0.122577	0.114813	0.0893121	0.0602288	0.0150833	-0.0478923	-0.146367	-0.25732	-0.355837	-0.415622	-0.442345	-0.460143	-0.491288	-0.532736	-0.570621	-0.595999	-0.600817	-0.596373	-0.578547	-0.552742	-0.514305	-0.456953	-0.378246	-0.268423	-0.139056	0.00769734	0.164504	0.303375	0.414233	0.468697	0.478775	0.474388	0.456229	0.425604	0.372612	0.314281	0.266397	0.244162	0.244162	
-0.388204	-0.4482	-0.488348	-0.496597	-0.463609	-0.415243	-0.35235	-0.271589	-0.185555	-0.0961981	-0.0155322	0.0407714	0.079037	0.0950556	0.0962052	0.0709816	0.0116161	-0.0928173	-0.218543	-0.332381	-0.413297	-0.457616	-0.485481	-0.515039	-0.551078	-0.575178	-0.579833	-0.567318	-0.548187	-0.530233	-0.514305	-0.491176	-0.453596	-0.396249	-0.309933	-0.207498	-0.084204	0.0554938	0.187823	0.303987	0.370603	0.409136	0.436173	0.450373	0.463899	0.453836	0.435805	0.417103	0.403402	0.403402	
-0.547992	-0.609924	-0.64799	-0.653046	-0.617199	-0.569103	-0.507967	-0.432525	-0.334717	-0.222624	-0.10984	-0.0145589	0.0636426	0.117458	0.146486	0.145956	0.104151	0.00790555	-0.120476	-0.244152	-0.336792	-0.393693	-0.431601	-0.463453	-0.493852	-0.506591	-0.501674	-0.484376	-0.462984	-0.454315	-0.456953	-0.453596	-0.437652	-0.399926	-0.337291	-0.260568	-0.164551	-0.0504733	0.0607669	0.160875	0.232419	0.284239	0.33594	0.376624	0.417928	0.449036	0.461077	0.464294	0.455729	0.455729	
-0.691742	-0.750526	-0.776518	-0.775197	-0.739985	-0.688796	-0.630684	-0.55877	-0.450088	-0.314491	-0.175555	-0.0485616	0.0562284	0.142073	0.198133	0.224893	0.210287	0.138114	0.0208667	-0.0974637	-0.192885	-0.257383	-0.304154	-0.343621	-0.371108	-0.385087	-0.377633	-0.356574	-0.34322	-0.354768	-0.378246	-0.396249	-0.399926	-0.380121	-0.347186	-0.30574	-0.244666	-0.164245	-0.0789587	0.00416654	0.0732206	0.135787	0.197885	0.248249	0.303734	0.357572	0.394796	0.411684	0.406671	0.406671	
-0.803356	-0.851034	-0.862818	-0.852745	-0.814291	-0.762128	-0.708891	-0.635379	-0.522178	-0.372214	-0.213736	-0.0683795	0.0577812	0.167092	0.249166	0.303555	0.31131	0.265151	0.17727	0.0767526	-0.0129068	-0.0845678	-0.135715	-0.174648	-0.202679	-0.215096	-0.21012	-0.198951	-0.200439	-0.225999	-0.268423	-0.309933	-0.337291	-0.347186	-0.353825	-0.353584	-0.330717	-0.284984	-0.225787	-0.164275	-0.099211	-0.0274191	0.0399339	0.0948928	0.152869	0.214452	0.261729	0.280016	0.272509	0.272509	
-0.861328	-0.900813	-0.903571	-0.883123	-0.843401	-0.791445	-0.737417	-0.665867	-0.554097	-0.40468	-0.238288	-0.0784218	0.0654475	0.191795	0.293424	0.365999	0.396971	0.376121	0.313518	0.228352	0.152023	0.0908435	0.0432484	0.0107099	-0.0121547	-0.0211414	-0.0198633	-0.0160761	-0.0293541	-0.0716843	-0.139056	-0.207498	-0.260568	-0.30574	-0.353584	-0.394028	-0.412136	-0.402551	-0.370031	-0.328776	-0.267798	-0.191433	-0.121054	-0.0672082	-0.0192794	0.0410908	0.0895537	0.101121	0.093594	0.093594	
-0.852842	-0.891644	-0.892585	-0.868783	-0.82848	-0.778738	-0.72499	-0.659991	-0.559181	-0.419606	-0.25805	-0.0953077	0.0566378	0.193657	0.313021	0.395556	0.440185	0.440285	0.397479	0.338231	0.277262	0.22734	0.189685	0.167902	0.163686	0.16502	0.170458	0.17394	0.148402	0.0908714	0.00769734	-0.084204	-0.164551	-0.244666	-0.330717	-0.412136	-0.472495	-0.493342	-0.488931	-0.470499	-0.418543	-0.34566	-0.282201	-0.235277	-0.196176	-0.145737	-0.0977804	-0.0868428	-0.0952878	-0.0952878	
-0.781217	-0.824729	-0.831557	-0.813511	-0.780363	-0.739393	-0.691514	-0.630505	-0.543868	-0.420381	-0.272334	-0.118185	0.0317966	0.166794	0.286909	0.373619	0.4238	0.442088	0.426624	0.393383	0.348175	0.305152	0.279074	0.271809	0.283628	0.30426	0.325982	0.334524	0.309612	0.254947	0.164504	0.0554938	-0.0504733	-0.164245	-0.284984	-0.402551	-0.493342	-0.54588	-0.570069	-0.571459	-0.539146	-0.477856	-0.424223	-0.387256	-0.36032	-0.32135	-0.277686	-0.270106	-0.273911	-0.273911	
-0.667833	-0.712758	-0.729952	-0.722568	-0.708626	-0.684646	-0.648626	-0.597892	-0.52334	-0.417123	-0.282216	-0.140111	0.000888692	0.124422	0.229172	0.305759	0.358717	0.390328	0.396539	0.381855	0.355212	0.32587	0.30581	0.31236	0.343095	0.386758	0.427252	0.450004	0.442592	0.394161	0.303375	0.187823	0.0607669	-0.0789587	-0.225787	-0.370031	-0.488931	-0.570069	-0.618289	-0.636561	-0.620288	-0.573788	-0.528984	-0.502439	-0.487424	-0.461184	-0.429341	-0.421459	-0.422069	-0.422069	
-0.525813	-0.569484	-0.595867	-0.600873	-0.606736	-0.600386	-0.57817	-0.542357	-0.481424	-0.391786	-0.278424	-0.155631	-0.0360422	0.0718457	0.156762	0.217497	0.263885	0.301778	0.322054	0.321796	0.303717	0.276617	0.260121	0.273304	0.321744	0.390385	0.459401	0.503803	0.518428	0.486684	0.414233	0.303987	0.160875	0.00416654	-0.164275	-0.328776	-0.470499	-0.571459	-0.636561	-0.668587	-0.663044	-0.631713	-0.596445	-0.577592	-0.568764	-0.554344	-0.53433	-0.519898	-0.517707	-0.517707	
-0.361764	-0.396843	-0.420472	-0.434078	-0.455283	-0.468354	-0.465966	-0.451111	-0.414576	-0.351012	-0.268009	-0.166792	-0.0651086	0.0271887	0.0924658	0.139485	0.174661	0.202031	0.216695	0.21094	0.186033	0.15051	0.133746	0.158367	0.226855	0.319061	0.414198	0.484399	0.523879	0.519422	0.468697	0.370603	0.232419	0.0732206	-0.099211	-0.267798	-0.418543	-0.539146	-0.620288	-0.663044	-0.674529	-0.658392	-0.632995	-0.617782	-0.610458	-0.603164	-0.5894	-0.569798	-0.56104	-0.56104	
-0.185895	-0.199819	-0.213022	-0.229429	-0.259764	-0.2823	-0.300511	-0.308074	-0.300568	-0.271633	-0.222943	-0.153651	-0.0740676	0.00400707	0.0530801	0.0811281	0.0996639	0.105627	0.0950402	0.0556868	0.00713972	-0.044012	-0.0688666	-0.0400942	0.0437927	0.16669	0.293488	0.39548	0.470486	0.497228	0.478775	0.409136	0.284239	0.135787	-0.0274191	-0.191433	-0.34566	-0.477856	-0.573788	-0.631713	-0.658392	-0.663285	-0.647689	-0.633599	-0.626591	-0.616555	-0.604886	-0.578937	-0.560427	-0.560427	
-0.0162661	-0.0109953	-0.011789	-0.0225504	-0.0504696	-0.0718013	-0.0942208	-0.115843	-0.127813	-0.126462	-0.111608	-0.0752327	-0.0230011	0.0318	0.0591552	0.061543	0.0467158	0.0135699	-0.0425746	-0.125182	-0.213613	-0.292621	-0.332056	-0.302561	-0.201746	-0.052943	0.112763	0.259861	0.378253	0.451373	0.474388	0.436173	0.33594	0.197885	0.0399339	-0.121054	-0.282201	-0.424223	-0.528984	-0.596445	-0.632995	-0.647689	-0.643912	-0.628505	-0.614789	-0.604486	-0.585366	-0.551846	-0.525335	-0.525335	
0.114884	0.137233	0.151593	0.147672	0.132939	0.120379	0.105898	0.0889143	0.0751237	0.065724	0.0652727	0.083194	0.115301	0.138838	0.134762	0.0971805	0.0335385	-0.0583675	-0.179885	-0.314575	-0.449369	-0.559038	-0.610996	-0.58059	-0.466308	-0.29508	-0.0952322	0.099506	0.263706	0.388767	0.456229	0.450373	0.376624	0.248249	0.0948928	-0.0672082	-0.235277	-0.387256	-0.502439	-0.577592	-0.617782	-0.633599	-0.628505	-0.602176	-0.576857	-0.558059	-0.531933	-0.496626	-0.465487	-0.465487	
0.198451	0.22941	0.252671	0.25639	0.260196	0.269811	0.275496	0.280293	0.281385	0.277549	0.278332	0.283003	0.294784	0.291335	0.254675	0.174407	0.0571833	-0.0924606	-0.275423	-0.472201	-0.656112	-0.797278	-0.869604	-0.853774	-0.744004	-0.556671	-0.325696	-0.0864259	0.131636	0.310649	0.425604	0.463899	0.417928	0.303734	0.152869	-0.0192794	-0.196176	-0.36032	-0.487424	-0.568764	-0.610458	-0.626591	-0.614789	-0.576857	-0.538361	-0.498611	-0.457612	-0.41586	-0.376317	-0.376317	
0.234813	0.268067	0.291176	0.305982	0.326772	0.354386	0.385847	0.415202	0.438194	0.450775	0.461579	0.469805	0.47373	0.449922	0.390066	0.282162	0.12117	-0.0845029	-0.326469	-0.574757	-0.806962	-0.986759	-1.08936	-1.09341	-0.994212	-0.809503	-0.561774	-0.286282	-0.0223513	0.208588	0.372612	0.453836	0.449036	0.357572	0.214452	0.0410908	-0.145737	-0.32135	-0.461184	-0.554344	-0.603164	-0.616555	-0.604486	-0.558059	-0.498611	-0.442491	-0.380735	-0.325644	-0.284227	-0.284227	
0.229228	0.261676	0.280385	0.298426	0.3319	0.374817	0.430101	0.490442	0.542132	0.578279	0.606868	0.627221	0.627823	0.591123	0.516431	0.389686	0.200658	-0.0457244	-0.331542	-0.62419	-0.902562	-1.12347	-1.25588	-1.28876	-1.21485	-1.03778	-0.779319	-0.474813	-0.170987	0.102575	0.314281	0.435805	0.461077	0.394796	0.261729	0.0895537	-0.0977804	-0.277686	-0.429341	-0.53433	-0.5894	-0.604886	-0.585366	-0.531933	-0.457612	-0.380735	-0.308035	-0.244832	-0.20372	-0.20372	
0.198782	0.223171	0.233577	0.25143	0.294213	0.351736	0.431457	0.523186	0.604779	0.669681	0.719721	0.750698	0.748037	0.705131	0.618405	0.479533	0.269824	-0.00422181	-0.315814	-0.646689	-0.956671	-1.20656	-1.3701	-1.43124	-1.37831	-1.20659	-0.942041	-0.616792	-0.277761	0.0286608	0.266397	0.417103	0.464294	0.411684	0.280016	0.101121	-0.0868428	-0.270106	-0.421459	-0.519898	-0.569798	-0.578937	-0.551846	-0.496626	-0.41586	-0.325644	-0.244832	-0.174135	-0.133052	-0.133052	
0.169247	0.190764	0.192844	0.211849	0.25698	0.321626	0.416934	0.530269	0.634829	0.720973	0.786156	0.82984	0.827978	0.777427	0.681973	0.534921	0.313916	0.0215334	-0.307317	-0.652733	-0.981486	-1.25123	-1.42907	-1.50194	-1.46041	-1.29441	-1.02514	-0.687246	-0.332706	-0.0119817	0.244162	0.403402	0.455729	0.406671	0.272509	0.093594	-0.0952878	-0.273911	-0.422069	-0.517707	-0.56104	-0.560427	-0.525335	-0.465487	-0.376317	-0.284227	-0.20372	-0.133052	-0.0979579	-0.0979579	
0.169247	0.190764	0.192844	0.211849	0.25698	0.321626	0.416934	0.530269	0.634829	0.720973	0.786156	0.82984	0.827978	0.777427	0.681973	0.534921	0.313916	0.0215334	-0.307317	-0.652733	-0.981486	-1.25123	-1.42907	-1.50194	-1.46041	-1.29441	-1.02514	-0.687246	-0.332706	-0.0119817	0.244162	0.403402	0.455729	0.406671	0.272509	0.093594	-0.0952878	-0.273911	-0.422069	-0.517707	-0.56104	-0.560427	-0.525335	-0.465487	-0.376317	-0.284227	-0.20372	-0.133052	-0.0979579	-0.0979579	
