-0.550711	-0.550711	-0.612322	-0.7312	-0.885592	-1.01689	-1.09677	-1.14528	-1.15174	-1.08363	-0.951827	-0.772564	-0.586356	-0.435066	-0.299954	-0.164474	-0.0681685	-0.00281652	0.0541293	0.120256	0.216272	0.351285	0.493301	0.609369	0.689713	0.735184	0.743613	0.72501	0.677108	0.601315	0.524518	0.467839	0.42019	0.376182	0.342031	0.326885	0.332492	0.331419	0.298646	0.239279	0.160366	0.0743311	-0.0128788	-0.107273	-0.214708	-0.321052	-0.389283	-0.414314	-0.414608	-0.381199	
-0.550711	-0.550711	-0.612322	-0.7312	-0.885592	-1.01689	-1.09677	-1.14528	-1.15174	-1.08363	-0.951827	-0.772564	-0.586356	-0.435066	-0.299954	-0.164474	-0.0681685	-0.00281652	0.0541293	0.120256	0.216272	0.351285	0.493301	0.609369	0.689713	0.735184	0.743613	0.72501	0.677108	0.601315	0.524518	0.467839	0.42019	0.376182	0.342031	0.326885	0.332492	0.331419	0.298646	0.239279	0.160366	0.0743311	-0.0128788	-0.107273	-0.214708	-0.321052	-0.389283	-0.414314	-0.414608	-0.381199	
-0.612322	-0.612322	-0.674099	-0.77831	-0.908855	-1.02698	-1.10018	-1.1312	-1.12391	-1.05324	-0.912352	-0.729261	-0.549827	-0.390764	-0.245962	-0.11829	-0.0224871	0.0430369	0.0874744	0.141578	0.228705	0.347781	0.47278	0.579132	0.65229	0.691509	0.696455	0.676491	0.620336	0.543084	0.467356	0.404183	0.354445	0.31777	0.296373	0.297022	0.319072	0.335072	0.320354	0.275559	0.207785	0.13066	0.0487933	-0.0451626	-0.156157	-0.259314	-0.339865	-0.384558	-0.393677	-0.371046	
-0.7312	-0.7312	-0.77831	-0.858949	-0.958163	-1.04369	-1.0903	-1.098	-1.0667	-0.982143	-0.831533	-0.647657	-0.472757	-0.312848	-0.163433	-0.0368617	0.0587011	0.114904	0.145572	0.185072	0.257758	0.350288	0.444885	0.527861	0.583815	0.604294	0.600944	0.570796	0.501279	0.422021	0.347338	0.281873	0.235621	0.213954	0.212705	0.24267	0.29316	0.340652	0.35939	0.343797	0.296886	0.228308	0.153005	0.0598171	-0.0566151	-0.17244	-0.269837	-0.334877	-0.365004	-0.365217	
-0.885592	-0.885592	-0.908855	-0.958163	-1.02335	-1.06244	-1.06513	-1.04524	-0.985429	-0.87405	-0.714406	-0.535259	-0.366757	-0.211289	-0.0621775	0.0638819	0.153448	0.199987	0.226989	0.2569	0.30898	0.374785	0.437181	0.481188	0.500434	0.491436	0.464916	0.416339	0.340271	0.26401	0.192778	0.129643	0.0869185	0.0765847	0.101308	0.164437	0.249615	0.339777	0.401019	0.420738	0.406342	0.356845	0.283168	0.187265	0.0633884	-0.0700728	-0.190305	-0.276097	-0.329377	-0.351027	
-1.01689	-1.01689	-1.02698	-1.04369	-1.06244	-1.05645	-1.02226	-0.965952	-0.872942	-0.738173	-0.572401	-0.39829	-0.236223	-0.0876886	0.0492165	0.165585	0.248131	0.289424	0.31525	0.339296	0.369495	0.407438	0.433748	0.430715	0.404772	0.361431	0.300424	0.231066	0.149993	0.0758958	0.0101813	-0.0437625	-0.0761737	-0.0743331	-0.0285991	0.0663039	0.185165	0.315291	0.425894	0.490276	0.512655	0.488293	0.420238	0.322748	0.19042	0.04435	-0.0915113	-0.196064	-0.270535	-0.314871	
-1.09677	-1.09677	-1.10018	-1.0903	-1.06513	-1.02226	-0.954365	-0.86303	-0.745517	-0.597698	-0.428589	-0.262814	-0.10952	0.02638	0.148352	0.255822	0.329558	0.367102	0.392943	0.409221	0.419914	0.430361	0.424842	0.383637	0.311715	0.225761	0.135799	0.0439434	-0.0429236	-0.1124	-0.171957	-0.218405	-0.236548	-0.223536	-0.16422	-0.0458268	0.105371	0.265885	0.413672	0.524732	0.586249	0.590501	0.544494	0.454176	0.320803	0.169757	0.0260119	-0.0938376	-0.187688	-0.26026	
-1.14528	-1.14528	-1.1312	-1.098	-1.04524	-0.965952	-0.86303	-0.74934	-0.62725	-0.481714	-0.320961	-0.168267	-0.0351213	0.0895497	0.204622	0.3023	0.370649	0.417686	0.447111	0.458871	0.455817	0.443722	0.408926	0.33606	0.229833	0.106247	-0.0116333	-0.112563	-0.200112	-0.269053	-0.32644	-0.370415	-0.386892	-0.369718	-0.302301	-0.167541	0.00664956	0.191656	0.369134	0.516422	0.611344	0.647253	0.628318	0.549916	0.425991	0.281054	0.135281	0.00217505	-0.108843	-0.207296	
-1.15174	-1.15174	-1.12391	-1.0667	-0.985429	-0.872942	-0.745517	-0.62725	-0.511182	-0.386539	-0.260334	-0.133341	-0.0198976	0.0856149	0.189842	0.283415	0.359456	0.428812	0.471269	0.483652	0.469164	0.438648	0.382823	0.291651	0.158756	0.0104761	-0.125437	-0.232413	-0.321241	-0.393384	-0.451479	-0.496359	-0.516439	-0.497492	-0.421167	-0.284497	-0.0961384	0.107427	0.299559	0.4697	0.591801	0.657389	0.655114	0.590248	0.480037	0.348295	0.209982	0.0814109	-0.0400097	-0.160432	
-1.08363	-1.08363	-1.05324	-0.982143	-0.87405	-0.738173	-0.597698	-0.481714	-0.386539	-0.300226	-0.217815	-0.13101	-0.0432798	0.0358825	0.118847	0.211621	0.303922	0.390138	0.45073	0.473731	0.462786	0.423014	0.354264	0.250028	0.102043	-0.064934	-0.21385	-0.32493	-0.410845	-0.4851	-0.544088	-0.585827	-0.610565	-0.590385	-0.511082	-0.37578	-0.185878	0.0229903	0.219921	0.396745	0.533521	0.612202	0.62516	0.578331	0.486791	0.369461	0.254287	0.142918	0.0238464	-0.100906	
-0.951827	-0.951827	-0.912352	-0.831533	-0.714406	-0.572401	-0.428589	-0.320961	-0.260334	-0.217815	-0.174336	-0.128732	-0.0789485	-0.0273321	0.0364974	0.120148	0.214363	0.310543	0.386297	0.422163	0.421476	0.387505	0.323623	0.214931	0.0568053	-0.121276	-0.281948	-0.402387	-0.484539	-0.551906	-0.604969	-0.645164	-0.6718	-0.650337	-0.569441	-0.441327	-0.261726	-0.06026	0.123174	0.290026	0.430202	0.515779	0.542518	0.514011	0.446505	0.362624	0.27906	0.192359	0.093868	-0.0139795	
-0.772564	-0.772564	-0.729261	-0.647657	-0.535259	-0.39829	-0.262814	-0.168267	-0.133341	-0.13101	-0.128732	-0.114477	-0.10124	-0.0877141	-0.0505864	0.0177777	0.10909	0.208062	0.288866	0.336248	0.351527	0.331552	0.269859	0.157725	0.00330008	-0.17409	-0.342655	-0.463915	-0.547777	-0.606916	-0.648704	-0.681706	-0.697709	-0.674838	-0.607927	-0.491644	-0.337264	-0.164523	0.00400516	0.159056	0.289035	0.37526	0.414995	0.408157	0.366081	0.316101	0.270284	0.22443	0.159463	0.0767069	
-0.586356	-0.586356	-0.549827	-0.472757	-0.366757	-0.236223	-0.10952	-0.0351213	-0.0198976	-0.0432798	-0.0789485	-0.10124	-0.121679	-0.144958	-0.13417	-0.0758498	0.00894176	0.100799	0.183424	0.236913	0.261878	0.253691	0.194527	0.0820761	-0.0674996	-0.240958	-0.401257	-0.521531	-0.598772	-0.6359	-0.66015	-0.684571	-0.690331	-0.672403	-0.624396	-0.532178	-0.412296	-0.278591	-0.137383	0.000514292	0.121113	0.212343	0.265276	0.279943	0.265858	0.242952	0.229745	0.225856	0.200908	0.157107	
-0.435066	-0.435066	-0.390764	-0.312848	-0.211289	-0.0876886	0.02638	0.0895497	0.0856149	0.0358825	-0.0273321	-0.0877141	-0.144958	-0.185008	-0.189302	-0.142115	-0.0615453	0.0158809	0.0869084	0.136725	0.162597	0.154484	0.0865707	-0.0334853	-0.174881	-0.333821	-0.476001	-0.577144	-0.634355	-0.652411	-0.659257	-0.663817	-0.664552	-0.660676	-0.634014	-0.571209	-0.492749	-0.395227	-0.276329	-0.160944	-0.0524375	0.0418432	0.110625	0.149639	0.163206	0.169071	0.187689	0.210931	0.228207	0.233757	
-0.299954	-0.299954	-0.245962	-0.163433	-0.0621775	0.0492165	0.148352	0.204622	0.189842	0.118847	0.0364974	-0.0505864	-0.13417	-0.189302	-0.203836	-0.163605	-0.0922723	-0.0343248	0.00808438	0.0411221	0.0504482	0.0248629	-0.0527501	-0.17317	-0.313841	-0.448104	-0.559166	-0.636202	-0.668148	-0.664219	-0.647842	-0.635702	-0.632764	-0.636529	-0.632761	-0.608678	-0.567375	-0.502115	-0.415964	-0.319492	-0.21775	-0.115689	-0.0279786	0.0434395	0.0875434	0.124669	0.171186	0.224702	0.283645	0.328367	
-0.164474	-0.164474	-0.11829	-0.0368617	0.0638819	0.165585	0.255822	0.3023	0.283415	0.211621	0.120148	0.0177777	-0.0758498	-0.142115	-0.163605	-0.140925	-0.0991598	-0.0740998	-0.0703406	-0.0684024	-0.0781263	-0.126264	-0.212153	-0.326545	-0.458492	-0.568947	-0.646437	-0.693965	-0.7043	-0.683615	-0.646997	-0.61627	-0.601269	-0.606912	-0.625339	-0.636002	-0.624884	-0.593418	-0.53796	-0.463875	-0.371186	-0.266364	-0.153612	-0.0470739	0.0384103	0.114842	0.191347	0.273713	0.361067	0.433103	
-0.0681685	-0.0681685	-0.0224871	0.0587011	0.153448	0.248131	0.329558	0.370649	0.359456	0.303922	0.214363	0.10909	0.00894176	-0.0615453	-0.0922723	-0.0991598	-0.104246	-0.121942	-0.157561	-0.190316	-0.227349	-0.287543	-0.368245	-0.472061	-0.586014	-0.672932	-0.723482	-0.743794	-0.732686	-0.695874	-0.645593	-0.599639	-0.574455	-0.580701	-0.610963	-0.648495	-0.664323	-0.657294	-0.633162	-0.585081	-0.506717	-0.399957	-0.268855	-0.135546	-0.00577452	0.111485	0.21701	0.325611	0.43051	0.521875	
-0.00281652	-0.00281652	0.0430369	0.114904	0.199987	0.289424	0.367102	0.417686	0.428812	0.390138	0.310543	0.208062	0.100799	0.0158809	-0.0343248	-0.0740998	-0.121942	-0.181746	-0.248251	-0.312096	-0.376565	-0.440844	-0.518722	-0.613712	-0.703976	-0.764474	-0.789721	-0.774857	-0.739764	-0.69174	-0.634155	-0.574272	-0.540109	-0.552609	-0.596517	-0.650876	-0.688584	-0.70032	-0.695161	-0.665754	-0.605121	-0.500774	-0.363726	-0.20979	-0.0547301	0.0841999	0.21057	0.337978	0.459829	0.562957	
0.0541293	0.0541293	0.0874744	0.145572	0.226989	0.31525	0.392943	0.447111	0.471269	0.45073	0.386297	0.288866	0.183424	0.0869084	0.00808438	-0.0703406	-0.157561	-0.248251	-0.338505	-0.429395	-0.513897	-0.588993	-0.662439	-0.737008	-0.801052	-0.839666	-0.834886	-0.793769	-0.732986	-0.66774	-0.598871	-0.536587	-0.503923	-0.51709	-0.569066	-0.635822	-0.687933	-0.718483	-0.729992	-0.709327	-0.655696	-0.556994	-0.420798	-0.265232	-0.106343	0.0404676	0.178196	0.307366	0.429752	0.535852	
0.120256	0.120256	0.141578	0.185072	0.2569	0.339296	0.409221	0.458871	0.483652	0.473731	0.422163	0.336248	0.236913	0.136725	0.0411221	-0.0684024	-0.190316	-0.312096	-0.429395	-0.543976	-0.636431	-0.715482	-0.781241	-0.833478	-0.868532	-0.881822	-0.84865	-0.779559	-0.696696	-0.62072	-0.545066	-0.481389	-0.454907	-0.474626	-0.528624	-0.599434	-0.66007	-0.702134	-0.717409	-0.708448	-0.664833	-0.57487	-0.441308	-0.293996	-0.142646	-0.00152732	0.125127	0.238069	0.347443	0.446774	
0.216272	0.216272	0.228705	0.257758	0.30898	0.369495	0.419914	0.455817	0.469164	0.462786	0.421476	0.351527	0.261878	0.162597	0.0504482	-0.0781263	-0.227349	-0.376565	-0.513897	-0.636431	-0.741938	-0.818518	-0.861914	-0.888739	-0.898909	-0.883432	-0.828725	-0.741971	-0.641636	-0.549711	-0.466259	-0.409227	-0.394162	-0.416088	-0.46693	-0.532815	-0.597236	-0.646128	-0.671481	-0.673139	-0.633252	-0.552393	-0.436174	-0.301485	-0.165486	-0.0444258	0.0594289	0.151258	0.237858	0.320811	
0.351285	0.351285	0.347781	0.350288	0.374785	0.407438	0.430361	0.443722	0.438648	0.423014	0.387505	0.331552	0.253691	0.154484	0.0248629	-0.126264	-0.287543	-0.440844	-0.588993	-0.715482	-0.818518	-0.880954	-0.903283	-0.903643	-0.891669	-0.845154	-0.770135	-0.673927	-0.565157	-0.457691	-0.368516	-0.316904	-0.306235	-0.327035	-0.37522	-0.438011	-0.501504	-0.558969	-0.599515	-0.609948	-0.580277	-0.514045	-0.422408	-0.308689	-0.20107	-0.0957685	-0.00715131	0.0643676	0.126596	0.189703	
0.493301	0.493301	0.47278	0.444885	0.437181	0.433748	0.424842	0.408926	0.382823	0.354264	0.323623	0.269859	0.194527	0.0865707	-0.0527501	-0.212153	-0.368245	-0.518722	-0.662439	-0.781241	-0.861914	-0.903283	-0.910017	-0.888635	-0.845979	-0.773506	-0.679701	-0.569493	-0.445814	-0.324116	-0.234618	-0.188921	-0.186509	-0.216275	-0.267228	-0.329662	-0.394671	-0.464178	-0.519094	-0.539108	-0.526341	-0.482148	-0.414754	-0.331072	-0.245423	-0.158995	-0.0845808	-0.022507	0.0257866	0.0776399	
0.609369	0.609369	0.579132	0.527861	0.481188	0.430715	0.383637	0.33606	0.291651	0.250028	0.214931	0.157725	0.0820761	-0.0334853	-0.17317	-0.326545	-0.472061	-0.613712	-0.737008	-0.833478	-0.888739	-0.903643	-0.888635	-0.846985	-0.774863	-0.678028	-0.562607	-0.429581	-0.284375	-0.152852	-0.0651493	-0.0277797	-0.0398135	-0.0896448	-0.152628	-0.223378	-0.300022	-0.378904	-0.445813	-0.483121	-0.488351	-0.460779	-0.416148	-0.358849	-0.288676	-0.222358	-0.161313	-0.10535	-0.0650405	-0.0231653	
0.689713	0.689713	0.65229	0.583815	0.500434	0.404772	0.311715	0.229833	0.158756	0.102043	0.0568053	0.00330008	-0.0674996	-0.174881	-0.313841	-0.458492	-0.586014	-0.703976	-0.801052	-0.868532	-0.898909	-0.891669	-0.845979	-0.774863	-0.673628	-0.552971	-0.411125	-0.254424	-0.0934044	0.0423865	0.12935	0.156777	0.124983	0.0560919	-0.0244382	-0.113169	-0.208916	-0.303971	-0.381635	-0.433481	-0.450618	-0.44116	-0.414409	-0.379127	-0.332226	-0.281432	-0.225236	-0.180055	-0.151826	-0.124293	
0.735184	0.735184	0.691509	0.604294	0.491436	0.361431	0.225761	0.106247	0.0104761	-0.064934	-0.121276	-0.17409	-0.240958	-0.333821	-0.448104	-0.568947	-0.672932	-0.764474	-0.839666	-0.881822	-0.883432	-0.845154	-0.773506	-0.678028	-0.552971	-0.398265	-0.232834	-0.0589767	0.110203	0.24657	0.326055	0.339479	0.289554	0.204382	0.10426	-0.00969244	-0.124995	-0.226302	-0.307801	-0.371889	-0.409768	-0.41825	-0.409612	-0.391595	-0.366045	-0.328673	-0.292535	-0.263515	-0.241537	-0.223423	
0.743613	0.743613	0.696455	0.600944	0.464916	0.300424	0.135799	-0.0116333	-0.125437	-0.21385	-0.281948	-0.342655	-0.401257	-0.476001	-0.559166	-0.646437	-0.723482	-0.789721	-0.834886	-0.84865	-0.828725	-0.770135	-0.679701	-0.562607	-0.411125	-0.232834	-0.0540737	0.127782	0.301227	0.433112	0.496736	0.489252	0.42706	0.327156	0.211623	0.0839183	-0.0404059	-0.143406	-0.229134	-0.301968	-0.353335	-0.387693	-0.405372	-0.408787	-0.402656	-0.380091	-0.362432	-0.344577	-0.328422	-0.316032	
0.72501	0.72501	0.676491	0.570796	0.416339	0.231066	0.0439434	-0.112563	-0.232413	-0.32493	-0.402387	-0.463915	-0.521531	-0.577144	-0.636202	-0.693965	-0.743794	-0.774857	-0.793769	-0.779559	-0.741971	-0.673927	-0.569493	-0.429581	-0.254424	-0.0589767	0.127782	0.305876	0.468145	0.576727	0.618431	0.597044	0.531421	0.431328	0.311645	0.17946	0.0514334	-0.0553156	-0.147409	-0.225757	-0.295267	-0.356745	-0.402014	-0.430519	-0.447338	-0.44441	-0.4353	-0.419367	-0.395888	-0.37681	
0.677108	0.677108	0.620336	0.501279	0.340271	0.149993	-0.0429236	-0.200112	-0.321241	-0.410845	-0.484539	-0.547777	-0.598772	-0.634355	-0.668148	-0.7043	-0.732686	-0.739764	-0.732986	-0.696696	-0.641636	-0.565157	-0.445814	-0.284375	-0.0934044	0.110203	0.301227	0.468145	0.598695	0.669754	0.688581	0.66487	0.601822	0.508894	0.400569	0.278143	0.151883	0.0335518	-0.0655512	-0.152225	-0.244329	-0.333574	-0.404297	-0.453405	-0.485627	-0.498081	-0.495043	-0.48085	-0.446116	-0.401618	
0.601315	0.601315	0.543084	0.422021	0.26401	0.0758958	-0.1124	-0.269053	-0.393384	-0.4851	-0.551906	-0.606916	-0.6359	-0.652411	-0.664219	-0.683615	-0.695874	-0.69174	-0.66774	-0.62072	-0.549711	-0.457691	-0.324116	-0.152852	0.0423865	0.24657	0.433112	0.576727	0.669754	0.720752	0.728022	0.700268	0.641584	0.567899	0.479272	0.369588	0.248528	0.125752	0.01435	-0.0898537	-0.202493	-0.310773	-0.399102	-0.464783	-0.506123	-0.525291	-0.523788	-0.50172	-0.461021	-0.399216	
0.524518	0.524518	0.467356	0.347338	0.192778	0.0101813	-0.171957	-0.32644	-0.451479	-0.544088	-0.604969	-0.648704	-0.66015	-0.659257	-0.647842	-0.646997	-0.645593	-0.634155	-0.598871	-0.545066	-0.466259	-0.368516	-0.234618	-0.0651493	0.12935	0.326055	0.496736	0.618431	0.688581	0.728022	0.733153	0.715466	0.675374	0.620382	0.545514	0.442842	0.326458	0.202099	0.0814151	-0.0367345	-0.160178	-0.278825	-0.377742	-0.455792	-0.504061	-0.522958	-0.518148	-0.483893	-0.431697	-0.359062	
0.467839	0.467839	0.404183	0.281873	0.129643	-0.0437625	-0.218405	-0.370415	-0.496359	-0.585827	-0.645164	-0.681706	-0.684571	-0.663817	-0.635702	-0.61627	-0.599639	-0.574272	-0.536587	-0.481389	-0.409227	-0.316904	-0.188921	-0.0277797	0.156777	0.339479	0.489252	0.597044	0.66487	0.700268	0.715466	0.717993	0.702006	0.665225	0.597005	0.496851	0.381637	0.2551	0.127525	0.00208289	-0.122705	-0.240832	-0.346306	-0.430093	-0.484966	-0.50378	-0.488018	-0.444891	-0.376323	-0.288948	
0.42019	0.42019	0.354445	0.235621	0.0869185	-0.0761737	-0.236548	-0.386892	-0.516439	-0.610565	-0.6718	-0.697709	-0.690331	-0.664552	-0.632764	-0.601269	-0.574455	-0.540109	-0.503923	-0.454907	-0.394162	-0.306235	-0.186509	-0.0398135	0.124983	0.289554	0.42706	0.531421	0.601822	0.641584	0.675374	0.702006	0.708768	0.686312	0.628689	0.537681	0.422586	0.29526	0.159137	0.0276933	-0.0983581	-0.217405	-0.323989	-0.406865	-0.466103	-0.479141	-0.451783	-0.390669	-0.305399	-0.213054	
0.376182	0.376182	0.31777	0.213954	0.0765847	-0.0743331	-0.223536	-0.369718	-0.497492	-0.590385	-0.650337	-0.674838	-0.672403	-0.660676	-0.636529	-0.606912	-0.580701	-0.552609	-0.51709	-0.474626	-0.416088	-0.327035	-0.216275	-0.0896448	0.0560919	0.204382	0.327156	0.431328	0.508894	0.567899	0.620382	0.665225	0.686312	0.682174	0.645937	0.569068	0.455101	0.325468	0.18501	0.040922	-0.0951468	-0.21971	-0.323761	-0.40354	-0.459176	-0.46541	-0.429271	-0.345157	-0.236584	-0.127644	
0.342031	0.342031	0.296373	0.212705	0.101308	-0.0285991	-0.16422	-0.302301	-0.421167	-0.511082	-0.569441	-0.607927	-0.624396	-0.634014	-0.632761	-0.625339	-0.610963	-0.596517	-0.569066	-0.528624	-0.46693	-0.37522	-0.267228	-0.152628	-0.0244382	0.10426	0.211623	0.311645	0.400569	0.479272	0.545514	0.597005	0.628689	0.645937	0.635532	0.578888	0.479577	0.356018	0.210334	0.0484378	-0.107032	-0.24408	-0.351894	-0.428738	-0.478619	-0.474397	-0.417595	-0.30764	-0.170417	-0.0260005	
0.326885	0.326885	0.297022	0.24267	0.164437	0.0663039	-0.0458268	-0.167541	-0.284497	-0.37578	-0.441327	-0.491644	-0.532178	-0.571209	-0.608678	-0.636002	-0.648495	-0.650876	-0.635822	-0.599434	-0.532815	-0.438011	-0.329662	-0.223378	-0.113169	-0.00969244	0.0839183	0.17946	0.278143	0.369588	0.442842	0.496851	0.537681	0.569068	0.578888	0.549339	0.480725	0.373371	0.228819	0.0550758	-0.120573	-0.276816	-0.396969	-0.476607	-0.512487	-0.491703	-0.402769	-0.262672	-0.0926293	0.0868634	
0.332492	0.332492	0.319072	0.29316	0.249615	0.185165	0.105371	0.00664956	-0.0961384	-0.185878	-0.261726	-0.337264	-0.412296	-0.492749	-0.567375	-0.624884	-0.664323	-0.688584	-0.687933	-0.66007	-0.597236	-0.501504	-0.394671	-0.300022	-0.208916	-0.124995	-0.0404059	0.0514334	0.151883	0.248528	0.326458	0.381637	0.422586	0.455101	0.479577	0.480725	0.442267	0.356471	0.218427	0.0457856	-0.138404	-0.30704	-0.436537	-0.517307	-0.534063	-0.493307	-0.377956	-0.202296	0.00244905	0.217319	
0.331419	0.331419	0.335072	0.340652	0.339777	0.315291	0.265885	0.191656	0.107427	0.0229903	-0.06026	-0.164523	-0.278591	-0.395227	-0.502115	-0.593418	-0.657294	-0.70032	-0.718483	-0.702134	-0.646128	-0.558969	-0.464178	-0.378904	-0.303971	-0.226302	-0.143406	-0.0553156	0.0335518	0.125752	0.202099	0.2551	0.29526	0.325468	0.356018	0.373371	0.356471	0.286879	0.162272	0.00162121	-0.177131	-0.343904	-0.4683	-0.536383	-0.543849	-0.475574	-0.330171	-0.122861	0.117202	0.365945	
0.298646	0.298646	0.320354	0.35939	0.401019	0.425894	0.413672	0.369134	0.299559	0.219921	0.123174	0.00400516	-0.137383	-0.276329	-0.415964	-0.53796	-0.633162	-0.695161	-0.729992	-0.717409	-0.671481	-0.599515	-0.519094	-0.445813	-0.381635	-0.307801	-0.229134	-0.147409	-0.0655512	0.01435	0.0814151	0.127525	0.159137	0.18501	0.210334	0.228819	0.218427	0.162272	0.0546109	-0.0898792	-0.254396	-0.40508	-0.508323	-0.549518	-0.534596	-0.436247	-0.257371	-0.0232631	0.241454	0.507581	
0.239279	0.239279	0.275559	0.343797	0.420738	0.490276	0.524732	0.516422	0.4697	0.396745	0.290026	0.159056	0.000514292	-0.160944	-0.319492	-0.463875	-0.585081	-0.665754	-0.709327	-0.708448	-0.673139	-0.609948	-0.539108	-0.483121	-0.433481	-0.371889	-0.301968	-0.225757	-0.152225	-0.0898537	-0.0367345	0.00208289	0.0276933	0.040922	0.0484378	0.0550758	0.0457856	0.00162121	-0.0898792	-0.226128	-0.372544	-0.495865	-0.565192	-0.569652	-0.514463	-0.383115	-0.175796	0.0807857	0.363298	0.63615	
0.160366	0.160366	0.207785	0.296886	0.406342	0.512655	0.586249	0.611344	0.591801	0.533521	0.430202	0.289035	0.121113	-0.0524375	-0.21775	-0.371186	-0.506717	-0.605121	-0.655696	-0.664833	-0.633252	-0.580277	-0.526341	-0.488351	-0.450618	-0.409768	-0.353335	-0.295267	-0.244329	-0.202493	-0.160178	-0.122705	-0.0983581	-0.0951468	-0.107032	-0.120573	-0.138404	-0.177131	-0.254396	-0.372544	-0.500167	-0.602089	-0.633012	-0.595514	-0.490558	-0.321083	-0.0891542	0.185539	0.47463	0.744715	
0.0743311	0.0743311	0.13066	0.228308	0.356845	0.488293	0.590501	0.647253	0.657389	0.612202	0.515779	0.37526	0.212343	0.0418432	-0.115689	-0.266364	-0.399957	-0.500774	-0.556994	-0.57487	-0.552393	-0.514045	-0.482148	-0.460779	-0.44116	-0.41825	-0.387693	-0.356745	-0.333574	-0.310773	-0.278825	-0.240832	-0.217405	-0.21971	-0.24408	-0.276816	-0.30704	-0.343904	-0.40508	-0.495865	-0.602089	-0.673613	-0.671104	-0.592408	-0.448531	-0.247193	0.00252165	0.282331	0.563245	0.817087	
-0.0128788	-0.0128788	0.0487933	0.153005	0.283168	0.420238	0.544494	0.628318	0.655114	0.62516	0.542518	0.414995	0.265276	0.110625	-0.0279786	-0.153612	-0.268855	-0.363726	-0.420798	-0.441308	-0.436174	-0.422408	-0.414754	-0.416148	-0.414409	-0.409612	-0.405372	-0.402014	-0.404297	-0.399102	-0.377742	-0.346306	-0.323989	-0.323761	-0.351894	-0.396969	-0.436537	-0.4683	-0.508323	-0.565192	-0.633012	-0.671104	-0.641908	-0.533516	-0.365146	-0.157147	0.0901738	0.360563	0.620614	0.84817	
-0.107273	-0.107273	-0.0451626	0.0598171	0.187265	0.322748	0.454176	0.549916	0.590248	0.578331	0.514011	0.408157	0.279943	0.149639	0.0434395	-0.0470739	-0.135546	-0.20979	-0.265232	-0.293996	-0.301485	-0.308689	-0.331072	-0.358849	-0.379127	-0.391595	-0.408787	-0.430519	-0.453405	-0.464783	-0.455792	-0.430093	-0.406865	-0.40354	-0.428738	-0.476607	-0.517307	-0.536383	-0.549518	-0.569652	-0.595514	-0.592408	-0.533516	-0.414186	-0.244816	-0.0466291	0.171276	0.411849	0.64025	0.831167	
-0.214708	-0.214708	-0.156157	-0.0566151	0.0633884	0.19042	0.320803	0.425991	0.480037	0.486791	0.446505	0.366081	0.265858	0.163206	0.0875434	0.0384103	-0.00577452	-0.0547301	-0.106343	-0.142646	-0.165486	-0.20107	-0.245423	-0.288676	-0.332226	-0.366045	-0.402656	-0.447338	-0.485627	-0.506123	-0.504061	-0.484966	-0.466103	-0.459176	-0.478619	-0.512487	-0.534063	-0.543849	-0.534596	-0.514463	-0.490558	-0.448531	-0.365146	-0.244816	-0.101404	0.061517	0.243039	0.44042	0.623632	0.767758	
-0.321052	-0.321052	-0.259314	-0.17244	-0.0700728	0.04435	0.169757	0.281054	0.348295	0.369461	0.362624	0.316101	0.242952	0.169071	0.124669	0.114842	0.111485	0.0841999	0.0404676	-0.00152732	-0.0444258	-0.0957685	-0.158995	-0.222358	-0.281432	-0.328673	-0.380091	-0.44441	-0.498081	-0.525291	-0.522958	-0.50378	-0.479141	-0.46541	-0.474397	-0.491703	-0.493307	-0.475574	-0.436247	-0.383115	-0.321083	-0.247193	-0.157147	-0.0466291	0.061517	0.179467	0.314551	0.457808	0.590118	0.674437	
-0.389283	-0.389283	-0.339865	-0.269837	-0.190305	-0.0915113	0.0260119	0.135281	0.209982	0.254287	0.27906	0.270284	0.229745	0.187689	0.171186	0.191347	0.21701	0.21057	0.178196	0.125127	0.0594289	-0.00715131	-0.0845808	-0.161313	-0.225236	-0.292535	-0.362432	-0.4353	-0.495043	-0.523788	-0.518148	-0.488018	-0.451783	-0.429271	-0.417595	-0.402769	-0.377956	-0.330171	-0.257371	-0.175796	-0.0891542	0.00252165	0.0901738	0.171276	0.243039	0.314551	0.400194	0.482803	0.545705	0.562592	
-0.414314	-0.414314	-0.384558	-0.334877	-0.276097	-0.196064	-0.0938376	0.00217505	0.0814109	0.142918	0.192359	0.22443	0.225856	0.210931	0.224702	0.273713	0.325611	0.337978	0.307366	0.238069	0.151258	0.0643676	-0.022507	-0.10535	-0.180055	-0.263515	-0.344577	-0.419367	-0.48085	-0.50172	-0.483893	-0.444891	-0.390669	-0.345157	-0.30764	-0.262672	-0.202296	-0.122861	-0.0232631	0.0807857	0.185539	0.282331	0.360563	0.411849	0.44042	0.457808	0.482803	0.507449	0.496422	0.438817	
-0.414608	-0.414608	-0.393677	-0.365004	-0.329377	-0.270535	-0.187688	-0.108843	-0.0400097	0.0238464	0.093868	0.159463	0.200908	0.228207	0.283645	0.361067	0.43051	0.459829	0.429752	0.347443	0.237858	0.126596	0.0257866	-0.0650405	-0.151826	-0.241537	-0.328422	-0.395888	-0.446116	-0.461021	-0.431697	-0.376323	-0.305399	-0.236584	-0.170417	-0.0926293	0.00244905	0.117202	0.241454	0.363298	0.47463	0.563245	0.620614	0.64025	0.623632	0.590118	0.545705	0.496422	0.415522	0.291143	
-0.381199	-0.381199	-0.371046	-0.365217	-0.351027	-0.314871	-0.26026	-0.207296	-0.160432	-0.100906	-0.0139795	0.0767069	0.157107	0.233757	0.328367	0.433103	0.521875	0.562957	0.535852	0.446774	0.320811	0.189703	0.0776399	-0.0231653	-0.124293	-0.223423	-0.316032	-0.37681	-0.401618	-0.399216	-0.359062	-0.288948	-0.213054	-0.127644	-0.0260005	0.0868634	0.217319	0.365945	0.507581	0.63615	0.744715	0.817087	0.84817	0.831167	0.767758	0.674437	0.562592	0.438817	0.291143	0.111445	
