-0.834634	-0.894755	-0.898789	-0.837649	-0.730264	-0.595537	-0.450819	-0.32049	-0.22536	-0.166566	-0.151017	-0.179945	-0.243051	-0.322964	-0.393676	-0.430375	-0.429954	-0.384197	-0.291156	-0.183347	-0.0860522	-0.00440289	0.057422	0.0669201	0.0232902	-0.0506453	-0.142651	-0.24018	-0.308924	-0.329082	-0.304305	-0.229118	-0.122746	-0.0112914	0.0917708	0.179486	0.237312	0.269404	0.289769	0.299834	0.307311	0.310347	0.319345	0.339498	0.35627	0.372392	0.398539	0.421147	0.422601	0.422601	
-0.894755	-0.968698	-0.975151	-0.920685	-0.818695	-0.669849	-0.509059	-0.359004	-0.239909	-0.167538	-0.146624	-0.169165	-0.234056	-0.323436	-0.398532	-0.437628	-0.439294	-0.388117	-0.293569	-0.188415	-0.0886003	-0.0024343	0.0540454	0.0575249	0.00364126	-0.0898311	-0.196017	-0.310996	-0.394231	-0.415582	-0.38182	-0.304098	-0.197874	-0.0758392	0.026889	0.113185	0.179763	0.217427	0.248861	0.277509	0.309684	0.345622	0.386785	0.44076	0.493299	0.535497	0.576249	0.6086	0.618415	0.618415	
-0.898789	-0.975151	-0.989657	-0.947834	-0.846175	-0.690959	-0.527101	-0.369283	-0.239116	-0.166267	-0.143619	-0.168784	-0.246582	-0.346805	-0.433334	-0.480833	-0.478725	-0.425601	-0.329782	-0.217997	-0.116255	-0.0316527	0.0194755	0.0134296	-0.0496826	-0.146575	-0.260989	-0.375104	-0.447662	-0.464096	-0.418008	-0.332847	-0.223581	-0.0930035	0.0141878	0.0970857	0.165314	0.213582	0.249695	0.282114	0.326093	0.384667	0.449034	0.517357	0.587967	0.650009	0.694843	0.724057	0.740997	0.740997	
-0.837649	-0.920685	-0.947834	-0.912326	-0.817889	-0.672109	-0.505225	-0.344233	-0.224564	-0.159539	-0.145177	-0.18998	-0.2862	-0.397424	-0.491898	-0.538597	-0.529049	-0.471776	-0.376093	-0.26205	-0.157357	-0.0757162	-0.0379644	-0.06077	-0.133923	-0.236193	-0.347688	-0.440796	-0.483793	-0.475666	-0.414721	-0.314299	-0.194005	-0.0687852	0.044485	0.137455	0.204979	0.258873	0.303057	0.34025	0.380563	0.43559	0.499885	0.5603	0.624848	0.687617	0.732773	0.76304	0.783986	0.783986	
-0.730264	-0.818695	-0.846175	-0.817889	-0.731674	-0.602058	-0.450173	-0.311159	-0.214489	-0.164343	-0.172619	-0.235531	-0.335404	-0.452387	-0.555517	-0.594966	-0.580128	-0.518982	-0.417303	-0.300209	-0.197486	-0.133413	-0.119866	-0.153382	-0.232132	-0.334946	-0.427484	-0.498063	-0.515328	-0.47476	-0.3894	-0.268106	-0.129633	0.00458511	0.123831	0.222845	0.294256	0.346531	0.389371	0.430606	0.463608	0.497351	0.538632	0.574555	0.617179	0.661316	0.69583	0.726497	0.745679	0.745679	
-0.595537	-0.669849	-0.690959	-0.672109	-0.602058	-0.492808	-0.379601	-0.284058	-0.220814	-0.191906	-0.213679	-0.288881	-0.391128	-0.508504	-0.606405	-0.639798	-0.616847	-0.546524	-0.443185	-0.334183	-0.240676	-0.193561	-0.201818	-0.241416	-0.319198	-0.415938	-0.491894	-0.539009	-0.531326	-0.466723	-0.360232	-0.213596	-0.0494922	0.102525	0.231781	0.333533	0.412646	0.466073	0.494963	0.520572	0.537828	0.547609	0.556668	0.565111	0.581631	0.600156	0.619423	0.638503	0.648092	0.648092	
-0.450819	-0.509059	-0.527101	-0.505225	-0.450173	-0.379601	-0.315364	-0.260333	-0.225462	-0.218749	-0.254208	-0.32897	-0.429707	-0.54401	-0.628448	-0.649729	-0.617806	-0.54537	-0.445002	-0.349391	-0.277161	-0.252491	-0.273253	-0.316721	-0.390873	-0.47787	-0.538965	-0.560881	-0.53564	-0.450309	-0.315142	-0.143992	0.0357725	0.200447	0.34418	0.450416	0.52492	0.567697	0.586271	0.588199	0.575342	0.565062	0.55006	0.542825	0.538807	0.530368	0.53433	0.533225	0.529603	0.529603	
-0.32049	-0.359004	-0.369283	-0.344233	-0.311159	-0.284058	-0.260333	-0.244628	-0.226112	-0.229899	-0.271313	-0.346257	-0.442662	-0.545973	-0.61243	-0.621926	-0.583069	-0.504827	-0.418553	-0.342659	-0.296543	-0.289936	-0.319106	-0.369907	-0.438615	-0.515846	-0.562428	-0.564132	-0.520678	-0.414527	-0.258937	-0.0802789	0.10828	0.282982	0.430745	0.541655	0.607345	0.633823	0.636262	0.616115	0.582156	0.552934	0.523977	0.506874	0.490567	0.465642	0.452215	0.438199	0.42569	0.42569	
-0.22536	-0.239909	-0.239116	-0.224564	-0.214489	-0.220814	-0.225462	-0.226112	-0.2243	-0.233527	-0.269479	-0.337576	-0.425064	-0.503218	-0.54663	-0.547501	-0.501285	-0.428262	-0.360368	-0.305174	-0.28598	-0.29531	-0.329667	-0.390425	-0.460839	-0.525947	-0.563129	-0.554974	-0.490383	-0.370694	-0.206039	-0.0175772	0.175573	0.347038	0.485946	0.589146	0.643233	0.657443	0.638749	0.60343	0.56488	0.523534	0.485284	0.451509	0.425777	0.398907	0.37631	0.365859	0.353353	0.353353	
-0.166566	-0.167538	-0.166267	-0.159539	-0.164343	-0.191906	-0.218749	-0.229899	-0.233527	-0.23694	-0.262572	-0.312019	-0.375124	-0.420223	-0.439716	-0.424249	-0.372264	-0.31465	-0.266512	-0.230892	-0.232528	-0.258123	-0.295435	-0.368854	-0.449212	-0.506943	-0.537313	-0.523789	-0.448095	-0.319004	-0.150769	0.0396409	0.228645	0.395076	0.520148	0.598489	0.628799	0.630225	0.607463	0.564116	0.521789	0.477424	0.431482	0.387859	0.351711	0.324016	0.304316	0.297234	0.291037	0.291037	
-0.151017	-0.146624	-0.143619	-0.145177	-0.172619	-0.213679	-0.254208	-0.271313	-0.269479	-0.262572	-0.270284	-0.285798	-0.305573	-0.313884	-0.299419	-0.265685	-0.210775	-0.157102	-0.118905	-0.101659	-0.117227	-0.155955	-0.212887	-0.298831	-0.385875	-0.446953	-0.4779	-0.464529	-0.391539	-0.260806	-0.0912791	0.0912619	0.267766	0.419556	0.523751	0.57828	0.593374	0.579731	0.549572	0.505452	0.454324	0.404504	0.351901	0.304685	0.271477	0.242572	0.224441	0.219963	0.214087	0.214087	
-0.179945	-0.169165	-0.168784	-0.18998	-0.235531	-0.288881	-0.32897	-0.346257	-0.337576	-0.312019	-0.285798	-0.26037	-0.228947	-0.192239	-0.135233	-0.0701541	-0.00591353	0.0554981	0.0937261	0.0937278	0.0658757	0.0133575	-0.0742266	-0.170696	-0.268391	-0.347354	-0.388174	-0.381787	-0.313715	-0.187227	-0.0268315	0.139091	0.299237	0.421888	0.500054	0.540487	0.544402	0.520953	0.473798	0.417464	0.359145	0.300714	0.243839	0.201858	0.174245	0.147712	0.132365	0.124092	0.116551	0.116551	
-0.243051	-0.234056	-0.246582	-0.2862	-0.335404	-0.391128	-0.429707	-0.442662	-0.425064	-0.375124	-0.305573	-0.228947	-0.1414	-0.0526647	0.0456944	0.156028	0.252206	0.32712	0.367731	0.361004	0.318132	0.241393	0.127208	0.0110372	-0.109071	-0.211277	-0.264961	-0.269152	-0.21467	-0.105052	0.0349828	0.17908	0.314074	0.40896	0.467822	0.488585	0.472073	0.439357	0.377699	0.304324	0.239136	0.177622	0.124465	0.0889769	0.0599992	0.0328875	0.0181254	0.00534927	-0.00365741	-0.00365741	
-0.322964	-0.323436	-0.346805	-0.397424	-0.452387	-0.508504	-0.54401	-0.545973	-0.503218	-0.420223	-0.313884	-0.192239	-0.0526647	0.0968173	0.244659	0.40542	0.547278	0.643171	0.688148	0.683905	0.622786	0.511046	0.375302	0.229873	0.0820592	-0.0427401	-0.116687	-0.137957	-0.10201	-0.0136109	0.0952454	0.207033	0.305317	0.376507	0.421057	0.421225	0.388086	0.333961	0.258719	0.182159	0.110833	0.0489064	-0.00253135	-0.0406891	-0.0708946	-0.0994019	-0.11659	-0.12794	-0.135937	-0.135937	
-0.393676	-0.398532	-0.433334	-0.491898	-0.555517	-0.606405	-0.628448	-0.61243	-0.54663	-0.439716	-0.299419	-0.135233	0.0456944	0.244659	0.460616	0.671958	0.852318	0.9722	1.01671	1.00066	0.925188	0.790983	0.626859	0.453977	0.284348	0.133101	0.0348264	0.00578335	0.0179966	0.0705805	0.150107	0.234183	0.303545	0.345683	0.363822	0.341408	0.290868	0.218368	0.1326	0.055895	-0.0196407	-0.0842541	-0.136361	-0.18265	-0.21452	-0.238737	-0.256301	-0.264434	-0.269895	-0.269895	
-0.430375	-0.437628	-0.480833	-0.538597	-0.594966	-0.639798	-0.649729	-0.621926	-0.547501	-0.424249	-0.265685	-0.0701541	0.156028	0.40542	0.671958	0.92157	1.13098	1.25969	1.30213	1.2771	1.18215	1.02459	0.838343	0.646074	0.460424	0.300835	0.187481	0.13616	0.11968	0.141678	0.20043	0.263814	0.315123	0.334591	0.32117	0.273523	0.196204	0.109241	0.0214979	-0.0664457	-0.147926	-0.21523	-0.270219	-0.318159	-0.35388	-0.374954	-0.391108	-0.40119	-0.403767	-0.403767	
-0.429954	-0.439294	-0.478725	-0.529049	-0.580128	-0.616847	-0.617806	-0.583069	-0.501285	-0.372264	-0.210775	-0.00591353	0.252206	0.547278	0.852318	1.13098	1.35768	1.4853	1.51623	1.47892	1.36105	1.18495	0.989668	0.785285	0.587355	0.420402	0.293923	0.221018	0.195231	0.210388	0.258877	0.305259	0.336139	0.337964	0.298836	0.233537	0.138963	0.0344293	-0.0629856	-0.163838	-0.251804	-0.3283	-0.391574	-0.439505	-0.479278	-0.500427	-0.516468	-0.528731	-0.527641	-0.527641	
-0.384197	-0.388117	-0.425601	-0.471776	-0.518982	-0.546524	-0.54537	-0.504827	-0.428262	-0.31465	-0.157102	0.0554981	0.32712	0.643171	0.9722	1.25969	1.4853	1.61828	1.64277	1.58227	1.44943	1.26705	1.05852	0.844257	0.648765	0.478645	0.349449	0.277801	0.256661	0.275126	0.317247	0.356986	0.368513	0.349093	0.297638	0.21696	0.116181	0.00218417	-0.111776	-0.221463	-0.318774	-0.40187	-0.470573	-0.525159	-0.569186	-0.59872	-0.621313	-0.636846	-0.641151	-0.641151	
-0.291156	-0.293569	-0.329782	-0.376093	-0.417303	-0.443185	-0.445002	-0.418553	-0.360368	-0.266512	-0.118905	0.0937261	0.367731	0.688148	1.01671	1.30213	1.51623	1.64277	1.66257	1.58317	1.44166	1.25736	1.04432	0.83055	0.638428	0.47585	0.359273	0.303989	0.297875	0.326059	0.366775	0.399246	0.405335	0.378483	0.320239	0.230663	0.124646	0.00761791	-0.11638	-0.235188	-0.341317	-0.432139	-0.507054	-0.566135	-0.613833	-0.651624	-0.679923	-0.700549	-0.712243	-0.712243	
-0.183347	-0.188415	-0.217997	-0.26205	-0.300209	-0.334183	-0.349391	-0.342659	-0.305174	-0.230892	-0.101659	0.0937278	0.361004	0.683905	1.00066	1.2771	1.47892	1.58227	1.58317	1.48865	1.3439	1.16604	0.964632	0.754395	0.562286	0.417071	0.3168	0.278116	0.296658	0.346045	0.397113	0.431806	0.443677	0.419239	0.363217	0.273995	0.162581	0.0440541	-0.0852113	-0.206118	-0.312756	-0.413843	-0.496583	-0.557873	-0.606731	-0.646049	-0.67409	-0.69214	-0.703845	-0.703845	
-0.0860522	-0.0886003	-0.116255	-0.157357	-0.197486	-0.240676	-0.277161	-0.296543	-0.28598	-0.232528	-0.117227	0.0658757	0.318132	0.622786	0.925188	1.18215	1.36105	1.44943	1.44166	1.3439	1.20055	1.02492	0.821741	0.617341	0.441314	0.314844	0.240605	0.224401	0.259805	0.322142	0.386499	0.440843	0.469403	0.458234	0.408499	0.322103	0.214987	0.0988015	-0.0245967	-0.139298	-0.240189	-0.3322	-0.410498	-0.474825	-0.527924	-0.568937	-0.595705	-0.610121	-0.618298	-0.618298	
-0.00440289	-0.0024343	-0.0316527	-0.0757162	-0.133413	-0.193561	-0.252491	-0.289936	-0.29531	-0.258123	-0.155955	0.0133575	0.241393	0.511046	0.790983	1.02459	1.18495	1.26705	1.25736	1.16604	1.02492	0.846771	0.640307	0.443053	0.289083	0.184125	0.138918	0.151328	0.203217	0.276262	0.358972	0.43303	0.470767	0.473514	0.436686	0.364572	0.273559	0.167893	0.0608594	-0.0378289	-0.124573	-0.200037	-0.264221	-0.322868	-0.374904	-0.41099	-0.43713	-0.453283	-0.457887	-0.457887	
0.057422	0.0540454	0.0194755	-0.0379644	-0.119866	-0.201818	-0.273253	-0.319106	-0.329667	-0.295435	-0.212887	-0.0742266	0.127208	0.375302	0.626859	0.838343	0.989668	1.05852	1.04432	0.964632	0.821741	0.640307	0.450901	0.270397	0.132372	0.0483986	0.0195816	0.0477792	0.12725	0.228034	0.330035	0.414611	0.46123	0.478681	0.45601	0.409096	0.340328	0.252184	0.173819	0.0951149	0.0220699	-0.0414759	-0.0942621	-0.135242	-0.169416	-0.188211	-0.206473	-0.222992	-0.224431	-0.224431	
0.0669201	0.0575249	0.0134296	-0.06077	-0.153382	-0.241416	-0.316721	-0.369907	-0.390425	-0.368854	-0.298831	-0.170696	0.0110372	0.229873	0.453977	0.646074	0.785285	0.844257	0.83055	0.754395	0.617341	0.443053	0.270397	0.116202	-0.00432281	-0.0742441	-0.0876107	-0.0377064	0.0562504	0.169665	0.29308	0.396046	0.463564	0.497663	0.488165	0.457362	0.407588	0.346819	0.295214	0.23756	0.181799	0.137258	0.10758	0.0858248	0.068778	0.0661324	0.0561481	0.0415031	0.0410454	0.0410454	
0.0232902	0.00364126	-0.0496826	-0.133923	-0.232132	-0.319198	-0.390873	-0.438615	-0.460839	-0.449212	-0.385875	-0.268391	-0.109071	0.0820592	0.284348	0.460424	0.587355	0.648765	0.638428	0.562286	0.441314	0.289083	0.132372	-0.00432281	-0.105385	-0.163441	-0.161276	-0.0911964	0.0164747	0.14339	0.278277	0.39817	0.478815	0.520177	0.529894	0.514193	0.48537	0.447682	0.410916	0.379502	0.347638	0.3275	0.321084	0.310668	0.304941	0.307872	0.305779	0.304885	0.308249	0.308249	
-0.0506453	-0.0898311	-0.146575	-0.236193	-0.334946	-0.415938	-0.47787	-0.515846	-0.525947	-0.506943	-0.446953	-0.347354	-0.211277	-0.0427401	0.133101	0.300835	0.420402	0.478645	0.47585	0.417071	0.314844	0.184125	0.0483986	-0.0742441	-0.163441	-0.205087	-0.179416	-0.0959266	0.0296788	0.172517	0.308927	0.42786	0.508416	0.559082	0.582985	0.583553	0.573907	0.546732	0.519579	0.508439	0.498694	0.497775	0.504897	0.506181	0.509555	0.514631	0.521006	0.531885	0.539229	0.539229	
-0.142651	-0.196017	-0.260989	-0.347688	-0.427484	-0.491894	-0.538965	-0.562428	-0.563129	-0.537313	-0.4779	-0.388174	-0.264961	-0.116687	0.0348264	0.187481	0.293923	0.349449	0.359273	0.3168	0.240605	0.138918	0.0195816	-0.0876107	-0.161276	-0.179416	-0.13219	-0.0416923	0.0903785	0.239249	0.374096	0.487325	0.570982	0.624705	0.654129	0.658902	0.649279	0.637079	0.621146	0.614204	0.616876	0.623071	0.634449	0.648756	0.660629	0.672452	0.686823	0.693943	0.697964	0.697964	
-0.24018	-0.310996	-0.375104	-0.440796	-0.498063	-0.539009	-0.560881	-0.564132	-0.554974	-0.523789	-0.464529	-0.381787	-0.269152	-0.137957	0.00578335	0.13616	0.221018	0.277801	0.303989	0.278116	0.224401	0.151328	0.0477792	-0.0377064	-0.0911964	-0.0959266	-0.0416923	0.0515784	0.186125	0.333129	0.464803	0.574367	0.660419	0.70888	0.727012	0.727438	0.714543	0.704488	0.69542	0.692265	0.695914	0.700338	0.706757	0.723673	0.745614	0.762133	0.776996	0.781861	0.781364	0.781364	
-0.308924	-0.394231	-0.447662	-0.483793	-0.515328	-0.531326	-0.53564	-0.520678	-0.490383	-0.448095	-0.391539	-0.313715	-0.21467	-0.10201	0.0179966	0.11968	0.195231	0.256661	0.297875	0.296658	0.259805	0.203217	0.12725	0.0562504	0.0164747	0.0296788	0.0903785	0.186125	0.316339	0.452967	0.574987	0.670843	0.741048	0.782179	0.786924	0.77551	0.761295	0.744257	0.732628	0.728406	0.725667	0.728386	0.734754	0.747717	0.76631	0.776533	0.784557	0.792708	0.794839	0.794839	
-0.329082	-0.415582	-0.464096	-0.475666	-0.47476	-0.466723	-0.450309	-0.414527	-0.370694	-0.319004	-0.260806	-0.187227	-0.105052	-0.0136109	0.0705805	0.141678	0.210388	0.275126	0.326059	0.346045	0.322142	0.276262	0.228034	0.169665	0.14339	0.172517	0.239249	0.333129	0.452967	0.577846	0.683618	0.765334	0.815232	0.834958	0.826442	0.803396	0.77852	0.754274	0.734229	0.714083	0.703127	0.708118	0.71554	0.720391	0.726733	0.729384	0.73427	0.745815	0.749595	0.749595	
-0.304305	-0.38182	-0.418008	-0.414721	-0.3894	-0.360232	-0.315142	-0.258937	-0.206039	-0.150769	-0.0912791	-0.0268315	0.0349828	0.0952454	0.150107	0.20043	0.258877	0.317247	0.366775	0.397113	0.386499	0.358972	0.330035	0.29308	0.278277	0.308927	0.374096	0.464803	0.574987	0.683618	0.775232	0.837567	0.86474	0.858313	0.836399	0.809623	0.771441	0.73424	0.697188	0.666641	0.653523	0.647524	0.644979	0.641753	0.644024	0.647636	0.650178	0.658256	0.657148	0.657148	
-0.229118	-0.304098	-0.332847	-0.314299	-0.268106	-0.213596	-0.143992	-0.0802789	-0.0175772	0.0396409	0.0912619	0.139091	0.17908	0.207033	0.234183	0.263814	0.305259	0.356986	0.399246	0.431806	0.440843	0.43303	0.414611	0.396046	0.39817	0.42786	0.487325	0.574367	0.670843	0.765334	0.837567	0.871387	0.878703	0.858175	0.824111	0.781798	0.726861	0.675679	0.634009	0.603731	0.58281	0.563002	0.545444	0.541146	0.54319	0.541137	0.543065	0.543862	0.538275	0.538275	
-0.122746	-0.197874	-0.223581	-0.194005	-0.129633	-0.0494922	0.0357725	0.10828	0.175573	0.228645	0.267766	0.299237	0.314074	0.305317	0.303545	0.315123	0.336139	0.368513	0.405335	0.443677	0.469403	0.470767	0.46123	0.463564	0.478815	0.508416	0.570982	0.660419	0.741048	0.815232	0.86474	0.878703	0.87008	0.836352	0.787329	0.722185	0.654487	0.595587	0.554545	0.520102	0.48587	0.465556	0.44533	0.439554	0.435702	0.422761	0.424734	0.422965	0.416309	0.416309	
-0.0112914	-0.0758392	-0.0930035	-0.0687852	0.00458511	0.102525	0.200447	0.282982	0.347038	0.395076	0.419556	0.421888	0.40896	0.376507	0.345683	0.334591	0.337964	0.349093	0.378483	0.419239	0.458234	0.473514	0.478681	0.497663	0.520177	0.559082	0.624705	0.70888	0.782179	0.834958	0.858313	0.858175	0.836352	0.783977	0.720438	0.645468	0.579502	0.524531	0.468394	0.422945	0.388267	0.363753	0.344394	0.333357	0.322688	0.311972	0.31176	0.310352	0.308754	0.308754	
0.0917708	0.026889	0.0141878	0.044485	0.123831	0.231781	0.34418	0.430745	0.485946	0.520148	0.523751	0.500054	0.467822	0.421057	0.363822	0.32117	0.298836	0.297638	0.320239	0.363217	0.408499	0.436686	0.45601	0.488165	0.529894	0.582985	0.654129	0.727012	0.786924	0.826442	0.836399	0.824111	0.787329	0.720438	0.643682	0.568468	0.500601	0.437261	0.3753	0.329849	0.297788	0.270698	0.251975	0.236526	0.225907	0.219742	0.212106	0.209795	0.211746	0.211746	
0.179486	0.113185	0.0970857	0.137455	0.222845	0.333533	0.450416	0.541655	0.589146	0.598489	0.57828	0.540487	0.488585	0.421225	0.341408	0.273523	0.233537	0.21696	0.230663	0.273995	0.322103	0.364572	0.409096	0.457362	0.514193	0.583553	0.658902	0.727438	0.77551	0.803396	0.809623	0.781798	0.722185	0.645468	0.568468	0.493565	0.416003	0.34784	0.2946	0.252059	0.21568	0.189127	0.173865	0.155584	0.144295	0.142115	0.132527	0.127414	0.130512	0.130512	
0.237312	0.179763	0.165314	0.204979	0.294256	0.412646	0.52492	0.607345	0.643233	0.628799	0.593374	0.544402	0.472073	0.388086	0.290868	0.196204	0.138963	0.116181	0.124646	0.162581	0.214987	0.273559	0.340328	0.407588	0.48537	0.573907	0.649279	0.714543	0.761295	0.77852	0.771441	0.726861	0.654487	0.579502	0.500601	0.416003	0.336106	0.275995	0.226486	0.180484	0.148123	0.12505	0.108632	0.0908791	0.0783275	0.0795236	0.0730328	0.0638989	0.066691	0.066691	
0.269404	0.217427	0.213582	0.258873	0.346531	0.466073	0.567697	0.633823	0.657443	0.630225	0.579731	0.520953	0.439357	0.333961	0.218368	0.109241	0.0344293	0.00218417	0.00761791	0.0440541	0.0988015	0.167893	0.252184	0.346819	0.447682	0.546732	0.637079	0.704488	0.744257	0.754274	0.73424	0.675679	0.595587	0.524531	0.437261	0.34784	0.275995	0.213281	0.163241	0.121944	0.0947334	0.072622	0.0536255	0.0414977	0.0336799	0.0310064	0.0254546	0.0211014	0.0201501	0.0201501	
0.289769	0.248861	0.249695	0.303057	0.389371	0.494963	0.586271	0.636262	0.638749	0.607463	0.549572	0.473798	0.377699	0.258719	0.1326	0.0214979	-0.0629856	-0.111776	-0.11638	-0.0852113	-0.0245967	0.0608594	0.173819	0.295214	0.410916	0.519579	0.621146	0.69542	0.732628	0.734229	0.697188	0.634009	0.554545	0.468394	0.3753	0.2946	0.226486	0.163241	0.115922	0.0798907	0.0543753	0.0287791	0.0125636	0.00922391	0.000124293	-0.00906436	-0.010333	-0.00752248	-0.00986906	-0.00986906	
0.299834	0.277509	0.282114	0.34025	0.430606	0.520572	0.588199	0.616115	0.60343	0.564116	0.505452	0.417464	0.304324	0.182159	0.055895	-0.0664457	-0.163838	-0.221463	-0.235188	-0.206118	-0.139298	-0.0378289	0.0951149	0.23756	0.379502	0.508439	0.614204	0.692265	0.728406	0.714083	0.666641	0.603731	0.520102	0.422945	0.329849	0.252059	0.180484	0.121944	0.0798907	0.0440427	0.0207401	0.000874639	-0.00884447	-0.0106434	-0.0222354	-0.0322888	-0.0332773	-0.032354	-0.0365498	-0.0365498	
0.307311	0.309684	0.326093	0.380563	0.463608	0.537828	0.575342	0.582156	0.56488	0.521789	0.454324	0.359145	0.239136	0.110833	-0.0196407	-0.147926	-0.251804	-0.318774	-0.341317	-0.312756	-0.240189	-0.124573	0.0220699	0.181799	0.347638	0.498694	0.616876	0.695914	0.725667	0.703127	0.653523	0.58281	0.48587	0.388267	0.297788	0.21568	0.148123	0.0947334	0.0543753	0.0207401	-0.00325828	-0.0169826	-0.0287086	-0.0388496	-0.0429388	-0.0436641	-0.0446713	-0.046234	-0.0494922	-0.0494922	
0.310347	0.345622	0.384667	0.43559	0.497351	0.547609	0.565062	0.552934	0.523534	0.477424	0.404504	0.300714	0.177622	0.0489064	-0.0842541	-0.21523	-0.3283	-0.40187	-0.432139	-0.413843	-0.3322	-0.200037	-0.0414759	0.137258	0.3275	0.497775	0.623071	0.700338	0.728386	0.708118	0.647524	0.563002	0.465556	0.363753	0.270698	0.189127	0.12505	0.072622	0.0287791	0.000874639	-0.0169826	-0.027691	-0.0412479	-0.0540783	-0.054452	-0.0508323	-0.0534051	-0.0588978	-0.056411	-0.056411	
0.319345	0.386785	0.449034	0.499885	0.538632	0.556668	0.55006	0.523977	0.485284	0.431482	0.351901	0.243839	0.124465	-0.00253135	-0.136361	-0.270219	-0.391574	-0.470573	-0.507054	-0.496583	-0.410498	-0.264221	-0.0942621	0.10758	0.321084	0.504897	0.634449	0.706757	0.734754	0.71554	0.644979	0.545444	0.44533	0.344394	0.251975	0.173865	0.108632	0.0536255	0.0125636	-0.00884447	-0.0287086	-0.0412479	-0.0473864	-0.0549142	-0.0562805	-0.0582159	-0.0648596	-0.0681798	-0.0609568	-0.0609568	
0.339498	0.44076	0.517357	0.5603	0.574555	0.565111	0.542825	0.506874	0.451509	0.387859	0.304685	0.201858	0.0889769	-0.0406891	-0.18265	-0.318159	-0.439505	-0.525159	-0.566135	-0.557873	-0.474825	-0.322868	-0.135242	0.0858248	0.310668	0.506181	0.648756	0.723673	0.747717	0.720391	0.641753	0.541146	0.439554	0.333357	0.236526	0.155584	0.0908791	0.0414977	0.00922391	-0.0106434	-0.0388496	-0.0540783	-0.0549142	-0.0576434	-0.0607164	-0.0672788	-0.0686338	-0.0663125	-0.0635765	-0.0635765	
0.35627	0.493299	0.587967	0.624848	0.617179	0.581631	0.538807	0.490567	0.425777	0.351711	0.271477	0.174245	0.0599992	-0.0708946	-0.21452	-0.35388	-0.479278	-0.569186	-0.613833	-0.606731	-0.527924	-0.374904	-0.169416	0.068778	0.304941	0.509555	0.660629	0.745614	0.76631	0.726733	0.644024	0.54319	0.435702	0.322688	0.225907	0.144295	0.0783275	0.0336799	0.000124293	-0.0222354	-0.0429388	-0.054452	-0.0562805	-0.0607164	-0.0679976	-0.0709232	-0.0629517	-0.0633684	-0.0733823	-0.0733823	
0.372392	0.535497	0.650009	0.687617	0.661316	0.600156	0.530368	0.465642	0.398907	0.324016	0.242572	0.147712	0.0328875	-0.0994019	-0.238737	-0.374954	-0.500427	-0.59872	-0.651624	-0.646049	-0.568937	-0.41099	-0.188211	0.0661324	0.307872	0.514631	0.672452	0.762133	0.776533	0.729384	0.647636	0.541137	0.422761	0.311972	0.219742	0.142115	0.0795236	0.0310064	-0.00906436	-0.0322888	-0.0436641	-0.0508323	-0.0582159	-0.0672788	-0.0709232	-0.0685599	-0.0644312	-0.0670421	-0.0741937	-0.0741937	
0.398539	0.576249	0.694843	0.732773	0.69583	0.619423	0.53433	0.452215	0.37631	0.304316	0.224441	0.132365	0.0181254	-0.11659	-0.256301	-0.391108	-0.516468	-0.621313	-0.679923	-0.67409	-0.595705	-0.43713	-0.206473	0.0561481	0.305779	0.521006	0.686823	0.776996	0.784557	0.73427	0.650178	0.543065	0.424734	0.31176	0.212106	0.132527	0.0730328	0.0254546	-0.010333	-0.0332773	-0.0446713	-0.0534051	-0.0648596	-0.0686338	-0.0629517	-0.0644312	-0.0758942	-0.0762141	-0.0643416	-0.0643416	
0.421147	0.6086	0.724057	0.76304	0.726497	0.638503	0.533225	0.438199	0.365859	0.297234	0.219963	0.124092	0.00534927	-0.12794	-0.264434	-0.40119	-0.528731	-0.636846	-0.700549	-0.69214	-0.610121	-0.453283	-0.222992	0.0415031	0.304885	0.531885	0.693943	0.781861	0.792708	0.745815	0.658256	0.543862	0.422965	0.310352	0.209795	0.127414	0.0638989	0.0211014	-0.00752248	-0.032354	-0.046234	-0.0588978	-0.0681798	-0.0663125	-0.0633684	-0.0670421	-0.0762141	-0.0739733	-0.063921	-0.063921	
0.422601	0.618415	0.740997	0.783986	0.745679	0.648092	0.529603	0.42569	0.353353	0.291037	0.214087	0.116551	-0.00365741	-0.135937	-0.269895	-0.403767	-0.527641	-0.641151	-0.712243	-0.703845	-0.618298	-0.457887	-0.224431	0.0410454	0.308249	0.539229	0.697964	0.781364	0.794839	0.749595	0.657148	0.538275	0.416309	0.308754	0.211746	0.130512	0.066691	0.0201501	-0.00986906	-0.0365498	-0.0494922	-0.056411	-0.0609568	-0.0635765	-0.0733823	-0.0741937	-0.0643416	-0.063921	-0.0783358	-0.0783358	
0.422601	0.618415	0.740997	0.783986	0.745679	0.648092	0.529603	0.42569	0.353353	0.291037	0.214087	0.116551	-0.00365741	-0.135937	-0.269895	-0.403767	-0.527641	-0.641151	-0.712243	-0.703845	-0.618298	-0.457887	-0.224431	0.0410454	0.308249	0.539229	0.697964	0.781364	0.794839	0.749595	0.657148	0.538275	0.416309	0.308754	0.211746	0.130512	0.066691	0.0201501	-0.00986906	-0.0365498	-0.0494922	-0.056411	-0.0609568	-0.0635765	-0.0733823	-0.0741937	-0.0643416	-0.063921	-0.0783358	-0.0783358	
