0.465926	0.704051	0.729689	0.289667	-1.43149	-1.43149	
0.704051	-0.412638	-0.809592	-0.0525188	0.793841	0.793841	
0.729689	-0.809592	-0.663002	0.448275	1.2323	1.2323	
0.289667	-0.0525188	0.448275	-0.130341	-0.30185	-0.30185	
-1.43149	0.793841	1.2323	-0.30185	-1.01955	-1.01955	
-1.43149	0.793841	1.2323	-0.30185	-1.01955	-1.01955	
