0.999384	0.946956	0.82208	0.666048	0.512252	0.358699	0.188979	0.0166034	-0.131658	-0.251531	-0.328437	-0.350868	-0.334357	-0.317651	-0.310438	-0.29853	-0.278991	-0.269602	-0.279874	-0.28999	-0.280135	-0.256516	-0.244466	-0.249315	-0.25793	-0.254302	-0.245967	-0.243744	-0.21307	-0.119718	0.0386141	0.244485	0.479391	0.718606	0.914583	1.04808	1.12776	1.13527	1.04124	0.843938	0.580009	0.298312	0.0299263	-0.207955	-0.401622	-0.538614	-0.615705	-0.644625	-0.647851	-0.647851	
0.946956	0.94262	0.868837	0.763073	0.645316	0.512935	0.354347	0.186844	0.0264771	-0.119654	-0.223515	-0.273051	-0.28415	-0.297137	-0.31333	-0.310166	-0.286795	-0.265035	-0.262979	-0.269514	-0.265904	-0.257461	-0.265375	-0.286216	-0.296511	-0.277732	-0.243545	-0.208619	-0.146983	-0.0255262	0.166527	0.401492	0.648388	0.890126	1.08782	1.21551	1.27228	1.24441	1.11108	0.868845	0.549346	0.207314	-0.111599	-0.384412	-0.600648	-0.752905	-0.846305	-0.892978	-0.906634	-0.906634	
0.82208	0.868837	0.853235	0.794939	0.709954	0.604169	0.474552	0.33099	0.178712	0.028855	-0.0923175	-0.168877	-0.214396	-0.256408	-0.287592	-0.294315	-0.273581	-0.244772	-0.230655	-0.230599	-0.235367	-0.248639	-0.277531	-0.307467	-0.317748	-0.290762	-0.23486	-0.166071	-0.0694618	0.080327	0.290799	0.532116	0.775916	1.00801	1.19538	1.31459	1.35394	1.29261	1.11813	0.839196	0.489453	0.119419	-0.224021	-0.5159	-0.745964	-0.907816	-1.01144	-1.06907	-1.08866	-1.08866	
0.666048	0.763073	0.794939	0.772073	0.714669	0.640127	0.544089	0.432426	0.305425	0.166963	0.0387291	-0.0662006	-0.145101	-0.206201	-0.245946	-0.259546	-0.244972	-0.214483	-0.188613	-0.180054	-0.190799	-0.220141	-0.261222	-0.294353	-0.301355	-0.270626	-0.208973	-0.116579	0.0146876	0.185895	0.399034	0.63061	0.856539	1.06593	1.23373	1.34151	1.36968	1.28516	1.07435	0.762512	0.398095	0.0269233	-0.316236	-0.612005	-0.846373	-1.00777	-1.10805	-1.16105	-1.17559	-1.17559	
0.512252	0.645316	0.709954	0.714669	0.68568	0.638683	0.571727	0.494809	0.398564	0.281228	0.149518	0.0233462	-0.0778383	-0.152194	-0.1962	-0.216864	-0.210154	-0.180322	-0.148835	-0.134838	-0.143189	-0.173838	-0.21617	-0.244194	-0.244537	-0.213776	-0.150358	-0.0446702	0.104455	0.286932	0.491466	0.691905	0.881881	1.06339	1.21168	1.30409	1.3188	1.22357	0.999127	0.667475	0.287118	-0.0843466	-0.412419	-0.688141	-0.903376	-1.04621	-1.13084	-1.17268	-1.18034	-1.18034	
0.358699	0.512935	0.604169	0.640127	0.638683	0.61372	0.572953	0.525907	0.459131	0.359888	0.234035	0.106477	-0.00191547	-0.0804822	-0.130191	-0.159524	-0.161472	-0.142169	-0.120993	-0.111412	-0.114944	-0.133451	-0.158414	-0.171339	-0.15923	-0.116946	-0.0494031	0.0561126	0.203223	0.374268	0.553271	0.718037	0.86904	1.01555	1.14078	1.21979	1.22382	1.12007	0.888453	0.550076	0.165659	-0.201353	-0.508721	-0.74725	-0.918237	-1.0233	-1.08707	-1.12425	-1.13376	-1.13376	
0.188979	0.354347	0.474552	0.544089	0.571727	0.572953	0.558293	0.537656	0.488419	0.406634	0.301936	0.192741	0.0942789	0.0142802	-0.043599	-0.08372	-0.1014	-0.103376	-0.103431	-0.105986	-0.102807	-0.0965665	-0.0941193	-0.0854003	-0.0553247	-0.00369726	0.066541	0.167524	0.292343	0.432219	0.582915	0.719964	0.839881	0.953964	1.05528	1.11702	1.09918	0.97377	0.734231	0.40466	0.0396661	-0.300656	-0.573232	-0.770367	-0.898759	-0.968556	-1.01135	-1.04193	-1.05239	-1.05239	
0.0166034	0.186844	0.33099	0.432426	0.494809	0.525907	0.537656	0.528431	0.485124	0.419681	0.342762	0.264907	0.184073	0.111691	0.0543611	0.00676798	-0.0260534	-0.0489733	-0.06971	-0.083252	-0.0753736	-0.0534858	-0.0279844	0.00218987	0.0433696	0.0994151	0.168113	0.254827	0.3527	0.459444	0.58014	0.702117	0.813726	0.907154	0.975477	1.0003	0.949785	0.803839	0.56002	0.248678	-0.0750014	-0.365149	-0.594183	-0.757418	-0.858404	-0.906588	-0.931975	-0.949538	-0.954141	-0.954141	
-0.131658	0.0264771	0.178712	0.305425	0.398564	0.459131	0.488419	0.485124	0.448937	0.402171	0.357568	0.310715	0.255388	0.204802	0.158717	0.109631	0.0629861	0.0226065	-0.00873101	-0.026054	-0.021339	0.0032274	0.039619	0.0816514	0.132496	0.184654	0.236879	0.306211	0.382056	0.461309	0.55861	0.668964	0.773244	0.848651	0.888014	0.881199	0.803089	0.642564	0.406823	0.126044	-0.15583	-0.402632	-0.592296	-0.724327	-0.804475	-0.840644	-0.856731	-0.867327	-0.870557	-0.870557	
-0.251531	-0.119654	0.028855	0.166963	0.281228	0.359888	0.406634	0.419681	0.402171	0.380456	0.359816	0.336802	0.307345	0.282899	0.253938	0.206437	0.149751	0.102714	0.0740771	0.0589003	0.0587224	0.0730354	0.104161	0.153845	0.210961	0.255083	0.2907	0.336735	0.389144	0.448192	0.519699	0.605301	0.69273	0.755887	0.78598	0.767202	0.677742	0.520343	0.304917	0.0540725	-0.193674	-0.40728	-0.570828	-0.682333	-0.746128	-0.775611	-0.793824	-0.811592	-0.823367	-0.823367	
-0.328437	-0.223515	-0.0923175	0.0387291	0.149518	0.234035	0.301936	0.342762	0.357568	0.359816	0.357195	0.350185	0.339498	0.336847	0.322044	0.279545	0.223606	0.181618	0.163202	0.157673	0.154294	0.155693	0.179251	0.225854	0.280318	0.315575	0.329377	0.348415	0.379681	0.419826	0.468392	0.529055	0.590522	0.632603	0.655664	0.64583	0.576067	0.440497	0.250704	0.0342392	-0.179358	-0.369847	-0.520746	-0.624427	-0.687446	-0.7273	-0.759843	-0.791241	-0.814762	-0.814762	
-0.350868	-0.273051	-0.168877	-0.0662006	0.0233462	0.106477	0.192741	0.264907	0.310715	0.336802	0.350185	0.351528	0.349088	0.354446	0.349012	0.321752	0.283421	0.259124	0.25868	0.264619	0.261092	0.254899	0.262453	0.290733	0.327831	0.344173	0.344935	0.352448	0.370029	0.395919	0.422316	0.452048	0.478411	0.49181	0.508513	0.517265	0.480586	0.384821	0.238413	0.061136	-0.122866	-0.29329	-0.437931	-0.549737	-0.630979	-0.696225	-0.754113	-0.806552	-0.844945	-0.844945	
-0.334357	-0.28415	-0.214396	-0.145101	-0.0778383	-0.00191547	0.0942789	0.184073	0.255388	0.307345	0.339498	0.349088	0.347156	0.351838	0.355857	0.351735	0.339226	0.33566	0.345754	0.355889	0.35341	0.340929	0.33606	0.34477	0.355525	0.35578	0.353962	0.358822	0.370474	0.378923	0.374344	0.371019	0.367447	0.360198	0.369422	0.388771	0.388587	0.345206	0.250299	0.117024	-0.035529	-0.193758	-0.344165	-0.470191	-0.573449	-0.67241	-0.766527	-0.847672	-0.903525	-0.903525	
-0.317651	-0.297137	-0.256408	-0.206201	-0.152194	-0.0804822	0.0142802	0.111691	0.204802	0.282899	0.336847	0.354446	0.351838	0.354073	0.36496	0.37905	0.386708	0.393543	0.405061	0.416477	0.414028	0.403248	0.395591	0.388998	0.379296	0.364632	0.358712	0.365136	0.372705	0.362841	0.327904	0.291481	0.263278	0.245606	0.255332	0.288797	0.317272	0.311997	0.265262	0.180359	0.0586373	-0.0899111	-0.247644	-0.394887	-0.529236	-0.66248	-0.786955	-0.89217	-0.963198	-0.963198	
-0.310438	-0.31333	-0.287592	-0.245946	-0.1962	-0.130191	-0.043599	0.0543611	0.158717	0.253938	0.322044	0.349012	0.355857	0.36496	0.385	0.41239	0.429695	0.438751	0.448444	0.455824	0.452211	0.4424	0.43235	0.421058	0.399989	0.374557	0.363924	0.362953	0.360459	0.335713	0.279562	0.221487	0.179945	0.164678	0.184156	0.225183	0.26523	0.284617	0.274963	0.230361	0.14188	0.00752573	-0.161819	-0.337122	-0.502509	-0.663666	-0.809504	-0.926151	-1.00003	-1.00003	
-0.29853	-0.310166	-0.294315	-0.259546	-0.216864	-0.159524	-0.08372	0.00676798	0.109631	0.206437	0.279545	0.321752	0.351735	0.37905	0.41239	0.446348	0.466301	0.475688	0.481782	0.487364	0.482802	0.470703	0.460867	0.447747	0.419749	0.386837	0.361725	0.34017	0.320664	0.286648	0.230507	0.172437	0.131216	0.12219	0.144422	0.188134	0.239677	0.274375	0.28366	0.263065	0.194556	0.0686318	-0.102622	-0.290232	-0.477605	-0.661157	-0.822532	-0.946446	-1.02092	-1.02092	
-0.278991	-0.286795	-0.273581	-0.244972	-0.210154	-0.161472	-0.1014	-0.0260534	0.0629861	0.149751	0.223606	0.283421	0.339226	0.386708	0.429695	0.466301	0.489612	0.499492	0.506414	0.513309	0.508744	0.498305	0.487901	0.471587	0.439806	0.399928	0.358923	0.313264	0.269871	0.224477	0.173575	0.126569	0.097851	0.101829	0.133618	0.184463	0.240101	0.278469	0.293844	0.277158	0.211687	0.0932952	-0.0695118	-0.255721	-0.448369	-0.640496	-0.817004	-0.957155	-1.03833	-1.03833	
-0.269602	-0.265035	-0.244772	-0.214483	-0.180322	-0.142169	-0.103376	-0.0489733	0.0226065	0.102714	0.181618	0.259124	0.33566	0.393543	0.438751	0.475688	0.499492	0.509619	0.514667	0.518643	0.518221	0.51426	0.507522	0.492621	0.459632	0.417633	0.367241	0.301742	0.231755	0.165992	0.113099	0.0750841	0.0630598	0.0903988	0.137989	0.191391	0.246304	0.287449	0.304552	0.286802	0.220945	0.103855	-0.0535697	-0.232735	-0.423065	-0.619333	-0.806831	-0.956907	-1.03925	-1.03925	
-0.279874	-0.262979	-0.230655	-0.188613	-0.148835	-0.120993	-0.103431	-0.06971	-0.00873101	0.0740771	0.163202	0.25868	0.345754	0.405061	0.448444	0.481782	0.506414	0.514667	0.51136	0.509439	0.510889	0.513691	0.513446	0.499259	0.466869	0.429302	0.380437	0.30928	0.222606	0.1377	0.0718435	0.0276838	0.023683	0.0674194	0.12765	0.188841	0.246555	0.289303	0.311609	0.300936	0.240499	0.127131	-0.0292562	-0.216566	-0.419124	-0.617916	-0.800356	-0.943204	-1.01741	-1.01741	
-0.28999	-0.269514	-0.230599	-0.180054	-0.134838	-0.111412	-0.105986	-0.083252	-0.026054	0.0589003	0.157673	0.264619	0.355889	0.416477	0.455824	0.487364	0.513309	0.518643	0.509439	0.499749	0.499403	0.507239	0.509291	0.493524	0.464502	0.433502	0.389778	0.321621	0.228037	0.128828	0.0500577	-0.00186393	-0.00741575	0.039393	0.10705	0.171454	0.225892	0.273277	0.310176	0.316161	0.270634	0.164784	0.00438319	-0.196561	-0.413096	-0.617657	-0.798026	-0.931184	-0.993178	-0.993178	
-0.280135	-0.265904	-0.235367	-0.190799	-0.143189	-0.114944	-0.102807	-0.0753736	-0.021339	0.0587224	0.154294	0.261092	0.35341	0.414028	0.452211	0.482802	0.508744	0.518221	0.510889	0.499403	0.501146	0.510733	0.510179	0.491965	0.463832	0.431983	0.387039	0.317519	0.218872	0.119458	0.0449801	-0.0052053	-0.0133596	0.0244032	0.0798183	0.133445	0.186199	0.245638	0.299722	0.321768	0.29078	0.197866	0.0479253	-0.151921	-0.379544	-0.599205	-0.791188	-0.930988	-0.995734	-0.995734	
-0.256516	-0.257461	-0.248639	-0.220141	-0.173838	-0.133451	-0.0965665	-0.0534858	0.0032274	0.0730354	0.155693	0.254899	0.340929	0.403248	0.4424	0.470703	0.498305	0.51426	0.513691	0.507239	0.510733	0.517599	0.512369	0.489527	0.459281	0.424819	0.374563	0.3007	0.206599	0.119867	0.0562946	0.0143929	0.00116746	0.012827	0.0415667	0.0817154	0.133654	0.204127	0.275479	0.316771	0.307083	0.235935	0.102072	-0.093298	-0.328761	-0.566154	-0.779656	-0.93883	-1.01653	-1.01653	
-0.244466	-0.265375	-0.277531	-0.261222	-0.21617	-0.158414	-0.0941193	-0.0279844	0.039619	0.104161	0.179251	0.262453	0.33606	0.395591	0.43235	0.460867	0.487901	0.507522	0.513446	0.509291	0.510179	0.512369	0.499862	0.471632	0.443469	0.409621	0.360368	0.296743	0.218975	0.145884	0.0897053	0.0473783	0.0147773	-0.00709627	-0.00665215	0.0154993	0.0634572	0.147975	0.245587	0.317541	0.335996	0.284844	0.160023	-0.0370067	-0.285729	-0.544644	-0.773559	-0.938429	-1.02014	-1.02014	
-0.249315	-0.286216	-0.307467	-0.294353	-0.244194	-0.171339	-0.0854003	0.00218987	0.0816514	0.153845	0.225854	0.290733	0.34477	0.388998	0.421058	0.447747	0.471587	0.492621	0.499259	0.493524	0.491965	0.489527	0.471632	0.444906	0.420411	0.390814	0.356347	0.312639	0.256055	0.196753	0.135246	0.0766389	0.0209896	-0.0305489	-0.0581974	-0.0532028	-0.00499575	0.0939832	0.21488	0.316146	0.364477	0.334654	0.213243	0.00396915	-0.262807	-0.535356	-0.762876	-0.918986	-0.998817	-0.998817	
-0.25793	-0.296511	-0.317748	-0.301355	-0.244537	-0.15923	-0.0553247	0.0433696	0.132496	0.210961	0.280318	0.327831	0.355525	0.379296	0.399989	0.419749	0.439806	0.459632	0.466869	0.464502	0.463832	0.459281	0.443469	0.420411	0.397948	0.377455	0.35676	0.330981	0.298481	0.246514	0.173671	0.103133	0.0308903	-0.0430059	-0.0901179	-0.0953139	-0.0479915	0.0528378	0.181323	0.300304	0.369156	0.352418	0.23425	0.0267022	-0.237898	-0.511418	-0.735899	-0.885119	-0.962975	-0.962975	
-0.254302	-0.277732	-0.290762	-0.270626	-0.213776	-0.116946	-0.00369726	0.0994151	0.184654	0.255083	0.315575	0.344173	0.35578	0.364632	0.374557	0.386837	0.399928	0.417633	0.429302	0.433502	0.431983	0.424819	0.409621	0.390814	0.377455	0.365224	0.35226	0.340559	0.321469	0.275375	0.20796	0.138844	0.0605578	-0.0226331	-0.084423	-0.102577	-0.0620561	0.0311176	0.151844	0.263895	0.328554	0.318096	0.217679	0.0339423	-0.209252	-0.469313	-0.686059	-0.833511	-0.914698	-0.914698	
-0.245967	-0.243545	-0.23486	-0.208973	-0.150358	-0.0494031	0.066541	0.168113	0.236879	0.2907	0.329377	0.344935	0.353962	0.358712	0.363924	0.361725	0.358923	0.367241	0.380437	0.389778	0.387039	0.374563	0.360368	0.356347	0.35676	0.35226	0.343544	0.330624	0.316761	0.28945	0.244606	0.191514	0.121893	0.0358077	-0.0420651	-0.0748266	-0.0449921	0.0284051	0.118777	0.202175	0.255235	0.252967	0.172266	0.0162121	-0.193901	-0.423998	-0.622123	-0.761408	-0.839018	-0.839018	
-0.243744	-0.208619	-0.166071	-0.116579	-0.0446702	0.0561126	0.167524	0.254827	0.306211	0.336735	0.348415	0.352448	0.358822	0.365136	0.362953	0.34017	0.313264	0.301742	0.30928	0.321621	0.317519	0.3007	0.296743	0.312639	0.330981	0.340559	0.330624	0.313409	0.3078	0.299127	0.281428	0.251689	0.196743	0.119053	0.0396561	-0.00336139	0.00192238	0.0322339	0.0774399	0.131734	0.173314	0.172779	0.107934	-0.0202311	-0.19572	-0.389148	-0.557577	-0.675407	-0.737493	-0.737493	
-0.21307	-0.146983	-0.0694618	0.0146876	0.104455	0.203223	0.292343	0.3527	0.382056	0.389144	0.379681	0.370029	0.370474	0.372705	0.360459	0.320664	0.269871	0.231755	0.222606	0.228037	0.218872	0.206599	0.218975	0.256055	0.298481	0.321469	0.316761	0.3078	0.30651	0.310875	0.31675	0.30464	0.271599	0.219762	0.151463	0.0952813	0.0622573	0.0452903	0.0508843	0.0742448	0.0956759	0.0924265	0.0407193	-0.0663371	-0.209624	-0.359692	-0.493744	-0.59265	-0.642395	-0.642395	
-0.119718	-0.0255262	0.080327	0.185895	0.286932	0.374268	0.432219	0.459444	0.461309	0.448192	0.419826	0.395919	0.378923	0.362841	0.335713	0.286648	0.224477	0.165992	0.1377	0.128828	0.119458	0.119867	0.145884	0.196753	0.246514	0.275375	0.28945	0.299127	0.310875	0.333909	0.355789	0.358562	0.348667	0.318282	0.259279	0.192183	0.132108	0.0853943	0.057252	0.0464625	0.0449137	0.0307794	-0.0193291	-0.109727	-0.221935	-0.336549	-0.447162	-0.532827	-0.571498	-0.571498	
0.0386141	0.166527	0.290799	0.399034	0.491466	0.553271	0.582915	0.58014	0.55861	0.519699	0.468392	0.422316	0.374344	0.327904	0.279562	0.230507	0.173575	0.113099	0.0718435	0.0500577	0.0449801	0.0562946	0.0897053	0.135246	0.173671	0.20796	0.244606	0.281428	0.31675	0.355789	0.390462	0.408364	0.411663	0.39372	0.349739	0.289479	0.222572	0.15779	0.103159	0.0647083	0.0357828	-0.000839393	-0.056955	-0.139442	-0.237569	-0.333185	-0.425209	-0.498281	-0.530541	-0.530541	
0.244485	0.401492	0.532116	0.63061	0.691905	0.718037	0.719964	0.702117	0.668964	0.605301	0.529055	0.452048	0.371019	0.291481	0.221487	0.172437	0.126569	0.0750841	0.0276838	-0.00186393	-0.0052053	0.0143929	0.0473783	0.0766389	0.103133	0.138844	0.191514	0.251689	0.30464	0.358562	0.408364	0.437869	0.446968	0.440805	0.425211	0.392799	0.337614	0.271929	0.203405	0.134188	0.0660925	-0.00263804	-0.0776292	-0.165518	-0.255963	-0.337492	-0.417409	-0.486541	-0.521984	-0.521984	
0.479391	0.648388	0.775916	0.856539	0.881881	0.86904	0.839881	0.813726	0.773244	0.69273	0.590522	0.478411	0.367447	0.263278	0.179945	0.131216	0.097851	0.0630598	0.023683	-0.00741575	-0.0133596	0.00116746	0.0147773	0.0209896	0.0308903	0.0605578	0.121893	0.196743	0.271599	0.348667	0.411663	0.446968	0.456945	0.465642	0.489272	0.498941	0.475877	0.426023	0.345898	0.242248	0.130011	0.0157233	-0.0915728	-0.183661	-0.262969	-0.339282	-0.417647	-0.488322	-0.531569	-0.531569	
0.718606	0.890126	1.00801	1.06593	1.06339	1.01555	0.953964	0.907154	0.848651	0.755887	0.632603	0.49181	0.360198	0.245606	0.164678	0.12219	0.101829	0.0903988	0.0674194	0.039393	0.0244032	0.012827	-0.00709627	-0.0305489	-0.0430059	-0.0226331	0.0358077	0.119053	0.219762	0.318282	0.39372	0.440805	0.465642	0.502328	0.561794	0.606391	0.61219	0.573027	0.48703	0.364697	0.216199	0.0590403	-0.076699	-0.177513	-0.259644	-0.339645	-0.415264	-0.48443	-0.53485	-0.53485	
0.914583	1.08782	1.19538	1.23373	1.21168	1.14078	1.05528	0.975477	0.888014	0.78598	0.655664	0.508513	0.369422	0.255332	0.184156	0.144422	0.133618	0.137989	0.12765	0.10705	0.0798183	0.0415667	-0.00665215	-0.0581974	-0.0901179	-0.084423	-0.0420651	0.0396561	0.151463	0.259279	0.349739	0.425211	0.489272	0.561794	0.642253	0.702148	0.719409	0.685016	0.600435	0.468731	0.301703	0.129178	-0.0207446	-0.137401	-0.233443	-0.322839	-0.398461	-0.459558	-0.503414	-0.503414	
1.04808	1.21551	1.31459	1.34151	1.30409	1.21979	1.11702	1.0003	0.881199	0.767202	0.64583	0.517265	0.388771	0.288797	0.225183	0.188134	0.184463	0.191391	0.188841	0.171454	0.133445	0.0817154	0.0154993	-0.0532028	-0.0953139	-0.102577	-0.0748266	-0.00336139	0.0952813	0.192183	0.289479	0.392799	0.498941	0.606391	0.702148	0.771608	0.798699	0.766698	0.676008	0.538754	0.375541	0.209365	0.0573242	-0.0675406	-0.170746	-0.263137	-0.336588	-0.389069	-0.422727	-0.422727	
1.12776	1.27228	1.35394	1.36968	1.3188	1.22382	1.09918	0.949785	0.803089	0.677742	0.576067	0.480586	0.388587	0.317272	0.26523	0.239677	0.240101	0.246304	0.246555	0.225892	0.186199	0.133654	0.0634572	-0.00499575	-0.0479915	-0.0620561	-0.0449921	0.00192238	0.0622573	0.132108	0.222572	0.337614	0.475877	0.61219	0.719409	0.798699	0.834175	0.803329	0.718299	0.595569	0.444147	0.282571	0.134263	0.0164502	-0.070423	-0.139223	-0.199146	-0.248087	-0.276585	-0.276585	
1.13527	1.24441	1.29261	1.28516	1.22357	1.12007	0.97377	0.803839	0.642564	0.520343	0.440497	0.384821	0.345206	0.311997	0.284617	0.274375	0.278469	0.287449	0.289303	0.273277	0.245638	0.204127	0.147975	0.0939832	0.0528378	0.0311176	0.0284051	0.0322339	0.0452903	0.0853943	0.15779	0.271929	0.426023	0.573027	0.685016	0.766698	0.803329	0.790533	0.738119	0.637764	0.495579	0.346528	0.220346	0.130162	0.0774022	0.0433336	0.00552221	-0.0258881	-0.0354631	-0.0354631	
1.04124	1.11108	1.11813	1.07435	0.999127	0.888453	0.734231	0.56002	0.406823	0.304917	0.250704	0.238413	0.250299	0.265262	0.274963	0.28366	0.293844	0.304552	0.311609	0.310176	0.299722	0.275479	0.245587	0.21488	0.181323	0.151844	0.118777	0.0774399	0.0508843	0.057252	0.103159	0.203405	0.345898	0.48703	0.600435	0.676008	0.718299	0.738119	0.715343	0.634458	0.524895	0.424505	0.348453	0.297745	0.27499	0.273868	0.275586	0.28067	0.293048	0.293048	
0.843938	0.868845	0.839196	0.762512	0.667475	0.550076	0.40466	0.248678	0.126044	0.0540725	0.0342392	0.061136	0.117024	0.180359	0.230361	0.263065	0.277158	0.286802	0.300936	0.316161	0.321768	0.316771	0.317541	0.316146	0.300304	0.263895	0.202175	0.131734	0.0742448	0.0464625	0.0647083	0.134188	0.242248	0.364697	0.468731	0.538754	0.595569	0.637764	0.634458	0.596646	0.558947	0.532624	0.518354	0.515872	0.530348	0.567099	0.613459	0.654035	0.680035	0.680035	
0.580009	0.549346	0.489453	0.398095	0.287118	0.165659	0.0396661	-0.0750014	-0.15583	-0.193674	-0.179358	-0.122866	-0.035529	0.0586373	0.14188	0.194556	0.211687	0.220945	0.240499	0.270634	0.29078	0.307083	0.335996	0.364477	0.369156	0.328554	0.255235	0.173314	0.0956759	0.0449137	0.0357828	0.0660925	0.130011	0.216199	0.301703	0.375541	0.444147	0.495579	0.524895	0.558947	0.606583	0.657452	0.715652	0.782681	0.850123	0.920646	0.999991	1.07302	1.11494	1.11494	
0.298312	0.207314	0.119419	0.0269233	-0.0843466	-0.201353	-0.300656	-0.365149	-0.402632	-0.40728	-0.369847	-0.29329	-0.193758	-0.0899111	0.00752573	0.0686318	0.0932952	0.103855	0.127131	0.164784	0.197866	0.235935	0.284844	0.334654	0.352418	0.318096	0.252967	0.172779	0.0924265	0.0307794	-0.000839393	-0.00263804	0.0157233	0.0590403	0.129178	0.209365	0.282571	0.346528	0.424505	0.532624	0.657452	0.791701	0.93719	1.07906	1.20101	1.3143	1.43374	1.53328	1.58099	1.58099	
0.0299263	-0.111599	-0.224021	-0.316236	-0.412419	-0.508721	-0.573232	-0.594183	-0.592296	-0.570828	-0.520746	-0.437931	-0.344165	-0.247644	-0.161819	-0.102622	-0.0695118	-0.0535697	-0.0292562	0.00438319	0.0479253	0.102072	0.160023	0.213243	0.23425	0.217679	0.172266	0.107934	0.0407193	-0.0193291	-0.056955	-0.0776292	-0.0915728	-0.076699	-0.0207446	0.0573242	0.134263	0.220346	0.348453	0.518354	0.715652	0.93719	1.1613	1.36604	1.55579	1.73761	1.90062	2.01755	2.07205	2.07205	
-0.207955	-0.384412	-0.5159	-0.612005	-0.688141	-0.74725	-0.770367	-0.757418	-0.724327	-0.682333	-0.624427	-0.549737	-0.470191	-0.394887	-0.337122	-0.290232	-0.255721	-0.232735	-0.216566	-0.196561	-0.151921	-0.093298	-0.0370067	0.00396915	0.0267022	0.0339423	0.0162121	-0.0202311	-0.0663371	-0.109727	-0.139442	-0.165518	-0.183661	-0.177513	-0.137401	-0.0675406	0.0164502	0.130162	0.297745	0.515872	0.782681	1.07906	1.36604	1.64143	1.91473	2.15987	2.35414	2.50095	2.58904	2.58904	
-0.401622	-0.600648	-0.745964	-0.846373	-0.903376	-0.918237	-0.898759	-0.858404	-0.804475	-0.746128	-0.687446	-0.630979	-0.573449	-0.529236	-0.502509	-0.477605	-0.448369	-0.423065	-0.419124	-0.413096	-0.379544	-0.328761	-0.285729	-0.262807	-0.237898	-0.209252	-0.193901	-0.19572	-0.209624	-0.221935	-0.237569	-0.255963	-0.262969	-0.259644	-0.233443	-0.170746	-0.070423	0.0774022	0.27499	0.530348	0.850123	1.20101	1.55579	1.91473	2.25554	2.54598	2.78269	2.96979	3.08234	3.08234	
-0.538614	-0.752905	-0.907816	-1.00777	-1.04621	-1.0233	-0.968556	-0.906588	-0.840644	-0.775611	-0.7273	-0.696225	-0.67241	-0.66248	-0.663666	-0.661157	-0.640496	-0.619333	-0.617916	-0.617657	-0.599205	-0.566154	-0.544644	-0.535356	-0.511418	-0.469313	-0.423998	-0.389148	-0.359692	-0.336549	-0.333185	-0.337492	-0.339282	-0.339645	-0.322839	-0.263137	-0.139223	0.0433336	0.273868	0.567099	0.920646	1.3143	1.73761	2.15987	2.54598	2.89152	3.18458	3.39197	3.49551	3.49551	
-0.615705	-0.846305	-1.01144	-1.10805	-1.13084	-1.08707	-1.01135	-0.931975	-0.856731	-0.793824	-0.759843	-0.754113	-0.766527	-0.786955	-0.809504	-0.822532	-0.817004	-0.806831	-0.800356	-0.798026	-0.791188	-0.779656	-0.773559	-0.762876	-0.735899	-0.686059	-0.622123	-0.557577	-0.493744	-0.447162	-0.425209	-0.417409	-0.417647	-0.415264	-0.398461	-0.336588	-0.199146	0.00552221	0.275586	0.613459	0.999991	1.43374	1.90062	2.35414	2.78269	3.18458	3.51143	3.72258	3.82214	3.82214	
-0.644625	-0.892978	-1.06907	-1.16105	-1.17268	-1.12425	-1.04193	-0.949538	-0.867327	-0.811592	-0.791241	-0.806552	-0.847672	-0.89217	-0.926151	-0.946446	-0.957155	-0.956907	-0.943204	-0.931184	-0.930988	-0.93883	-0.938429	-0.918986	-0.885119	-0.833511	-0.761408	-0.675407	-0.59265	-0.532827	-0.498281	-0.486541	-0.488322	-0.48443	-0.459558	-0.389069	-0.248087	-0.0258881	0.28067	0.654035	1.07302	1.53328	2.01755	2.50095	2.96979	3.39197	3.72258	3.94394	4.05651	4.05651	
-0.647851	-0.906634	-1.08866	-1.17559	-1.18034	-1.13376	-1.05239	-0.954141	-0.870557	-0.823367	-0.814762	-0.844945	-0.903525	-0.963198	-1.00003	-1.02092	-1.03833	-1.03925	-1.01741	-0.993178	-0.995734	-1.01653	-1.02014	-0.998817	-0.962975	-0.914698	-0.839018	-0.737493	-0.642395	-0.571498	-0.530541	-0.521984	-0.531569	-0.53485	-0.503414	-0.422727	-0.276585	-0.0354631	0.293048	0.680035	1.11494	1.58099	2.07205	2.58904	3.08234	3.49551	3.82214	4.05651	4.17649	4.17649	
-0.647851	-0.906634	-1.08866	-1.17559	-1.18034	-1.13376	-1.05239	-0.954141	-0.870557	-0.823367	-0.814762	-0.844945	-0.903525	-0.963198	-1.00003	-1.02092	-1.03833	-1.03925	-1.01741	-0.993178	-0.995734	-1.01653	-1.02014	-0.998817	-0.962975	-0.914698	-0.839018	-0.737493	-0.642395	-0.571498	-0.530541	-0.521984	-0.531569	-0.53485	-0.503414	-0.422727	-0.276585	-0.0354631	0.293048	0.680035	1.11494	1.58099	2.07205	2.58904	3.08234	3.49551	3.82214	4.05651	4.17649	4.17649	
