-3.29952	-3.29952	-3.17026	-2.92765	-2.56117	-2.10518	-1.6129	-1.09612	-0.580034	-0.101826	0.312623	0.629656	0.835091	0.941121	0.99346	1.02155	1.02389	1.00342	0.964564	0.887084	0.76663	0.589143	0.348517	0.0579712	-0.263707	-0.599828	-0.950798	-1.3011	-1.60815	-1.80807	-1.85749	-1.74916	-1.52118	-1.22678	-0.920431	-0.631614	-0.373375	-0.14109	0.051134	0.185623	0.275111	0.333034	0.359923	0.367442	0.374231	0.388345	0.396583	0.404957	0.41172	0.391951	
-3.29952	-3.29952	-3.17026	-2.92765	-2.56117	-2.10518	-1.6129	-1.09612	-0.580034	-0.101826	0.312623	0.629656	0.835091	0.941121	0.99346	1.02155	1.02389	1.00342	0.964564	0.887084	0.76663	0.589143	0.348517	0.0579712	-0.263707	-0.599828	-0.950798	-1.3011	-1.60815	-1.80807	-1.85749	-1.74916	-1.52118	-1.22678	-0.920431	-0.631614	-0.373375	-0.14109	0.051134	0.185623	0.275111	0.333034	0.359923	0.367442	0.374231	0.388345	0.396583	0.404957	0.41172	0.391951	
-3.17026	-3.17026	-3.05306	-2.82793	-2.49056	-2.0661	-1.59053	-1.09364	-0.598403	-0.136175	0.267701	0.5759	0.786444	0.905943	0.969327	0.996634	1.00173	0.985448	0.944598	0.868767	0.750963	0.5724	0.340518	0.0736679	-0.225304	-0.545184	-0.884339	-1.2169	-1.50209	-1.69252	-1.74263	-1.64072	-1.42419	-1.14891	-0.85816	-0.582873	-0.335937	-0.123777	0.0539507	0.190811	0.284904	0.344572	0.372464	0.376548	0.379501	0.39595	0.401184	0.399005	0.389267	0.359657	
-2.92765	-2.92765	-2.82793	-2.63181	-2.33721	-1.9581	-1.52928	-1.08059	-0.628729	-0.193243	0.193734	0.500729	0.710124	0.838524	0.914783	0.955172	0.966233	0.957743	0.912259	0.833917	0.715552	0.551542	0.348317	0.113968	-0.156133	-0.445925	-0.755016	-1.05687	-1.31556	-1.49356	-1.54382	-1.45094	-1.24907	-0.997658	-0.74057	-0.489195	-0.259848	-0.0690378	0.0850951	0.215714	0.315687	0.384723	0.414775	0.415149	0.408345	0.411296	0.405681	0.393616	0.371314	0.321274	
-2.56117	-2.56117	-2.49056	-2.33721	-2.09487	-1.77359	-1.40671	-1.0206	-0.626276	-0.235031	0.120427	0.414557	0.620753	0.755366	0.843259	0.897977	0.920789	0.919948	0.873246	0.794651	0.684099	0.540324	0.370901	0.177515	-0.0506397	-0.300256	-0.572959	-0.842476	-1.07332	-1.23169	-1.27985	-1.19837	-1.01586	-0.790064	-0.562612	-0.338538	-0.136277	0.0289578	0.164277	0.287257	0.388072	0.458688	0.489506	0.485386	0.462177	0.446319	0.42706	0.398062	0.357346	0.285382	
-2.10518	-2.10518	-2.0661	-1.9581	-1.77359	-1.52691	-1.23053	-0.907846	-0.577992	-0.250513	0.0616977	0.330162	0.532837	0.672805	0.769745	0.83218	0.867784	0.875181	0.837555	0.766509	0.669652	0.546472	0.40931	0.258097	0.0766981	-0.131741	-0.369872	-0.607683	-0.80644	-0.939979	-0.981356	-0.913827	-0.758477	-0.556908	-0.348644	-0.149518	0.0245793	0.164284	0.285919	0.402738	0.494543	0.555873	0.581308	0.563136	0.520299	0.485144	0.444248	0.394731	0.325833	0.238887	
-1.6129	-1.6129	-1.59053	-1.52928	-1.40671	-1.23053	-1.01465	-0.769143	-0.50752	-0.244524	0.021646	0.262781	0.459617	0.600861	0.70605	0.777935	0.82818	0.844074	0.81909	0.751423	0.664677	0.566725	0.46613	0.350458	0.206164	0.0371555	-0.162685	-0.368546	-0.540396	-0.651291	-0.685505	-0.62935	-0.494261	-0.316213	-0.129194	0.0403979	0.188903	0.312644	0.422611	0.519537	0.598114	0.648941	0.661753	0.625726	0.559756	0.498688	0.436908	0.366977	0.280698	0.18455	
-1.09612	-1.09612	-1.09364	-1.08059	-1.0206	-0.907846	-0.769143	-0.604224	-0.420557	-0.214216	0.0111725	0.231364	0.417593	0.56285	0.673774	0.76146	0.817112	0.835512	0.81681	0.75556	0.673412	0.588738	0.507522	0.421628	0.31854	0.187367	0.0295033	-0.136607	-0.280932	-0.375327	-0.403917	-0.353875	-0.236549	-0.0822902	0.0717905	0.212251	0.330125	0.435766	0.532055	0.611428	0.672628	0.706288	0.701564	0.652615	0.575326	0.490558	0.404561	0.313949	0.218485	0.123079	
-0.580034	-0.580034	-0.598403	-0.628729	-0.626276	-0.577992	-0.50752	-0.420557	-0.302645	-0.14226	0.0513697	0.24798	0.43323	0.586709	0.703862	0.793948	0.849924	0.862185	0.835125	0.768807	0.685744	0.600291	0.523423	0.458792	0.389499	0.296399	0.183788	0.066679	-0.0373829	-0.110416	-0.132316	-0.0896455	0.00208937	0.114635	0.227793	0.329818	0.418316	0.505566	0.591251	0.659303	0.708611	0.730978	0.715456	0.659844	0.575139	0.478011	0.370328	0.254497	0.149191	0.0664544	
-0.101826	-0.101826	-0.136175	-0.193243	-0.235031	-0.250513	-0.244524	-0.214216	-0.14226	-0.0228924	0.145522	0.337676	0.527191	0.683858	0.80306	0.888158	0.92845	0.924269	0.876973	0.792118	0.684043	0.584376	0.505811	0.45185	0.404304	0.354726	0.295519	0.233557	0.171364	0.119069	0.105034	0.135757	0.193694	0.260299	0.32156	0.381373	0.444628	0.515082	0.584651	0.649513	0.700465	0.730317	0.713116	0.660816	0.586574	0.488611	0.361398	0.22985	0.111349	0.0334554	
0.312623	0.312623	0.267701	0.193734	0.120427	0.0616977	0.021646	0.0111725	0.0513697	0.145522	0.298246	0.492913	0.687779	0.844257	0.962258	1.03293	1.04697	1.01228	0.929109	0.809498	0.672431	0.547644	0.451462	0.396461	0.36711	0.360893	0.355564	0.343704	0.318349	0.291402	0.284738	0.301746	0.328251	0.346208	0.355925	0.369444	0.401382	0.455481	0.522003	0.594113	0.660194	0.705491	0.704865	0.670745	0.611246	0.521525	0.389983	0.244285	0.11973	0.0396148	
0.629656	0.629656	0.5759	0.500729	0.414557	0.330162	0.262781	0.231364	0.24798	0.337676	0.492913	0.692939	0.882032	1.03777	1.14764	1.19858	1.18295	1.11295	0.985437	0.824502	0.659067	0.498886	0.369917	0.294758	0.275533	0.299723	0.340945	0.371549	0.383512	0.386834	0.387701	0.388138	0.381412	0.360796	0.327468	0.302936	0.309095	0.351611	0.42701	0.514255	0.595954	0.65921	0.691794	0.680628	0.637345	0.556309	0.424756	0.274899	0.153277	0.0746635	
0.835091	0.835091	0.786444	0.710124	0.620753	0.532837	0.459617	0.417593	0.43323	0.527191	0.687779	0.882032	1.06988	1.22579	1.32888	1.35949	1.32226	1.21576	1.0464	0.842658	0.636128	0.436002	0.276269	0.17352	0.145043	0.181353	0.249812	0.310677	0.357166	0.386469	0.39727	0.386855	0.359954	0.312962	0.252581	0.202537	0.19724	0.23609	0.31644	0.416547	0.519109	0.607793	0.6726	0.685044	0.653275	0.580691	0.460725	0.319275	0.203269	0.127254	
0.941121	0.941121	0.905943	0.838524	0.755366	0.672805	0.600861	0.56285	0.586709	0.683858	0.844257	1.03777	1.22579	1.38135	1.47716	1.49802	1.44025	1.30386	1.1042	0.869423	0.616351	0.370969	0.170589	0.0389532	-0.00809096	0.0198179	0.0928541	0.175101	0.245798	0.291639	0.310929	0.30688	0.276934	0.220305	0.147897	0.0960109	0.0838656	0.123208	0.208563	0.329419	0.45837	0.573389	0.658285	0.69129	0.669823	0.600905	0.495253	0.371784	0.261367	0.185942	
0.99346	0.99346	0.969327	0.914783	0.843259	0.769745	0.70605	0.673774	0.703862	0.80306	0.962258	1.14764	1.32888	1.47716	1.56956	1.58744	1.52173	1.37056	1.14948	0.882405	0.594145	0.316078	0.0726772	-0.0967138	-0.172732	-0.163471	-0.0974917	-0.00594689	0.0783025	0.136136	0.165125	0.173589	0.149476	0.0915694	0.0259078	-0.0194958	-0.0283658	0.0242376	0.129832	0.273423	0.428022	0.569925	0.674826	0.722602	0.700486	0.63062	0.536486	0.430349	0.334572	0.266189	
1.02155	1.02155	0.996634	0.955172	0.897977	0.83218	0.777935	0.76146	0.793948	0.888158	1.03293	1.19858	1.35949	1.49802	1.58744	1.61007	1.5488	1.3931	1.16192	0.873448	0.557337	0.251989	-0.0149076	-0.214789	-0.320205	-0.333785	-0.280086	-0.192365	-0.109759	-0.050602	-0.0127878	0.00548417	-0.00851036	-0.0565417	-0.107562	-0.137482	-0.124227	-0.0585568	0.067234	0.236912	0.423558	0.593745	0.715027	0.77347	0.757737	0.684148	0.592173	0.497502	0.412855	0.353016	
1.02389	1.02389	1.00173	0.966233	0.920789	0.867784	0.82818	0.817112	0.849924	0.92845	1.04697	1.18295	1.32226	1.44025	1.52173	1.5488	1.49544	1.3442	1.11376	0.824036	0.500349	0.184384	-0.0906899	-0.298479	-0.417376	-0.451218	-0.417297	-0.346817	-0.272955	-0.215127	-0.172579	-0.153059	-0.159334	-0.191641	-0.22812	-0.24113	-0.211429	-0.133682	0.0100565	0.211522	0.431509	0.62512	0.760819	0.826844	0.816086	0.744665	0.655478	0.569711	0.491354	0.441771	
1.00342	1.00342	0.985448	0.957743	0.919948	0.875181	0.844074	0.835512	0.862185	0.924269	1.01228	1.11295	1.21576	1.30386	1.37056	1.3931	1.3442	1.2103	0.994061	0.715113	0.407747	0.102664	-0.161572	-0.35725	-0.467594	-0.500821	-0.477657	-0.43032	-0.368808	-0.310949	-0.273866	-0.259794	-0.26301	-0.276801	-0.297778	-0.310597	-0.283378	-0.191142	-0.0327573	0.181573	0.418687	0.628279	0.778306	0.847252	0.845109	0.786296	0.705381	0.625603	0.55784	0.519318	
0.964564	0.964564	0.944598	0.912259	0.873246	0.837555	0.81909	0.81681	0.835125	0.876973	0.929109	0.985437	1.0464	1.1042	1.14948	1.16192	1.11376	0.994061	0.798344	0.543172	0.262119	-0.00680082	-0.230768	-0.388103	-0.468371	-0.4848	-0.458667	-0.415644	-0.364536	-0.318857	-0.288694	-0.276344	-0.275066	-0.282632	-0.30354	-0.329201	-0.314805	-0.223353	-0.0700229	0.134332	0.367136	0.581579	0.738527	0.816672	0.828555	0.788418	0.724146	0.655551	0.602792	0.574699	
0.887084	0.887084	0.868767	0.833917	0.794651	0.766509	0.751423	0.75556	0.768807	0.792118	0.809498	0.824502	0.842658	0.869423	0.882405	0.873448	0.824036	0.715113	0.543172	0.327939	0.0862115	-0.136632	-0.298571	-0.388236	-0.41383	-0.397947	-0.354269	-0.297114	-0.247658	-0.212571	-0.187098	-0.177548	-0.177749	-0.197721	-0.235791	-0.279376	-0.290788	-0.234938	-0.110981	0.0713778	0.28579	0.487073	0.6411	0.733742	0.764872	0.748507	0.710379	0.660759	0.628064	0.60983	
0.76663	0.76663	0.750963	0.715552	0.684099	0.669652	0.664677	0.673412	0.685744	0.684043	0.672431	0.659067	0.636128	0.616351	0.594145	0.557337	0.500349	0.407747	0.262119	0.0862115	-0.100004	-0.257732	-0.346213	-0.362165	-0.321898	-0.249679	-0.164602	-0.0914491	-0.040065	-0.000490796	0.0237389	0.0226688	0.00597254	-0.0306431	-0.0985539	-0.174416	-0.224517	-0.217208	-0.13912	0.00254409	0.179143	0.355626	0.502786	0.603944	0.652634	0.664094	0.654302	0.637114	0.628186	0.619113	
0.589143	0.589143	0.5724	0.551542	0.540324	0.546472	0.566725	0.588738	0.600291	0.584376	0.547644	0.498886	0.436002	0.370969	0.316078	0.251989	0.184384	0.102664	-0.00680082	-0.136632	-0.257732	-0.339536	-0.346856	-0.289248	-0.180398	-0.0445668	0.0865147	0.18074	0.239636	0.276452	0.294984	0.288197	0.252979	0.18353	0.0827687	-0.0329573	-0.122122	-0.167466	-0.149406	-0.0645633	0.0643617	0.206844	0.335432	0.43315	0.502511	0.540383	0.560572	0.57487	0.589955	0.596157	
0.348517	0.348517	0.340518	0.348317	0.370901	0.40931	0.46613	0.507522	0.523423	0.505811	0.451462	0.369917	0.276269	0.170589	0.0726772	-0.0149076	-0.0906899	-0.161572	-0.230768	-0.298571	-0.346213	-0.346856	-0.28503	-0.154096	0.0305817	0.21633	0.372307	0.489163	0.560287	0.590639	0.597213	0.58308	0.525726	0.419241	0.290222	0.148305	0.0075807	-0.0967076	-0.1418	-0.118096	-0.0492518	0.044349	0.145945	0.240082	0.320356	0.380752	0.439101	0.491657	0.52823	0.553957	
0.0579712	0.0579712	0.0736679	0.113968	0.177515	0.258097	0.350458	0.421628	0.458792	0.45185	0.396461	0.294758	0.17352	0.0389532	-0.0967138	-0.214789	-0.298479	-0.35725	-0.388103	-0.388236	-0.362165	-0.289248	-0.154096	0.0406093	0.276127	0.498125	0.669565	0.791822	0.868601	0.897785	0.893308	0.860633	0.783155	0.656242	0.505748	0.332316	0.147629	-0.00876883	-0.121535	-0.167888	-0.163269	-0.128303	-0.0600571	0.0280486	0.11394	0.201644	0.297691	0.382723	0.448254	0.498469	
-0.263707	-0.263707	-0.225304	-0.156133	-0.0506397	0.0766981	0.206164	0.31854	0.389499	0.404304	0.36711	0.275533	0.145043	-0.00809096	-0.172732	-0.320205	-0.417376	-0.467594	-0.468371	-0.41383	-0.321898	-0.180398	0.0305817	0.276127	0.528038	0.765245	0.953393	1.07609	1.14353	1.16607	1.1519	1.09949	1.00932	0.87633	0.700532	0.49676	0.290508	0.0894346	-0.0922525	-0.214161	-0.276024	-0.297403	-0.266071	-0.187716	-0.0931276	0.0221795	0.152959	0.265495	0.360961	0.434616	
-0.599828	-0.599828	-0.545184	-0.445925	-0.300256	-0.131741	0.0371555	0.187367	0.296399	0.354726	0.360893	0.299723	0.181353	0.0198179	-0.163471	-0.333785	-0.451218	-0.500821	-0.4848	-0.397947	-0.249679	-0.0445668	0.21633	0.498125	0.765245	1.00783	1.20116	1.32252	1.38256	1.3942	1.37147	1.30821	1.2073	1.06402	0.876528	0.656043	0.423155	0.17946	-0.056389	-0.242151	-0.371326	-0.443697	-0.448608	-0.388418	-0.283469	-0.142776	0.014751	0.152729	0.27388	0.368097	
-0.950798	-0.950798	-0.884339	-0.755016	-0.572959	-0.369872	-0.162685	0.0295033	0.183788	0.295519	0.355564	0.340945	0.249812	0.0928541	-0.0974917	-0.280086	-0.417297	-0.477657	-0.458667	-0.354269	-0.164602	0.0865147	0.372307	0.669565	0.953393	1.20116	1.3914	1.51142	1.57093	1.57936	1.54854	1.48151	1.36999	1.21632	1.02838	0.80018	0.536527	0.262354	-0.00462099	-0.23918	-0.424287	-0.54369	-0.583525	-0.545358	-0.440815	-0.29269	-0.123202	0.0374018	0.172271	0.272551	
-1.3011	-1.3011	-1.2169	-1.05687	-0.842476	-0.607683	-0.368546	-0.136607	0.066679	0.233557	0.343704	0.371549	0.310677	0.175101	-0.00594689	-0.192365	-0.346817	-0.43032	-0.415644	-0.297114	-0.0914491	0.18074	0.489163	0.791822	1.07609	1.32252	1.51142	1.6373	1.70387	1.71701	1.68644	1.61285	1.49828	1.34285	1.15229	0.918466	0.646699	0.355849	0.0602843	-0.209022	-0.431656	-0.595252	-0.674904	-0.658061	-0.562151	-0.422283	-0.255865	-0.0868459	0.056263	0.157849	
-1.60815	-1.60815	-1.50209	-1.31556	-1.07332	-0.80644	-0.540396	-0.280932	-0.0373829	0.171364	0.318349	0.383512	0.357166	0.245798	0.0783025	-0.109759	-0.272955	-0.368808	-0.364536	-0.247658	-0.040065	0.239636	0.560287	0.868601	1.14353	1.38256	1.57093	1.70387	1.7786	1.80346	1.77874	1.70254	1.59447	1.44967	1.26098	1.02842	0.756928	0.454219	0.135554	-0.15907	-0.411288	-0.613022	-0.727619	-0.735089	-0.66158	-0.537343	-0.376941	-0.210203	-0.0672032	0.0337395	
-1.80807	-1.80807	-1.69252	-1.49356	-1.23169	-0.939979	-0.651291	-0.375327	-0.110416	0.119069	0.291402	0.386834	0.386469	0.291639	0.136136	-0.050602	-0.215127	-0.310949	-0.318857	-0.212571	-0.000490796	0.276452	0.590639	0.897785	1.16607	1.3942	1.57936	1.71701	1.80346	1.83555	1.81605	1.75465	1.65929	1.52708	1.34914	1.12503	0.852031	0.537186	0.206996	-0.0995094	-0.379224	-0.614775	-0.75964	-0.796252	-0.751261	-0.641079	-0.489488	-0.327498	-0.186419	-0.08871	
-1.85749	-1.85749	-1.74263	-1.54382	-1.27985	-0.981356	-0.685505	-0.403917	-0.132316	0.105034	0.284738	0.387701	0.39727	0.310929	0.165125	-0.0127878	-0.172579	-0.273866	-0.288694	-0.187098	0.0237389	0.294984	0.597213	0.893308	1.1519	1.37147	1.54854	1.68644	1.77874	1.81605	1.80843	1.76705	1.68996	1.57263	1.41039	1.1946	0.923693	0.60015	0.261138	-0.056341	-0.357128	-0.61669	-0.782876	-0.841652	-0.815614	-0.720087	-0.581794	-0.431934	-0.295817	-0.194897	
-1.74916	-1.74916	-1.64072	-1.45094	-1.19837	-0.913827	-0.62935	-0.353875	-0.0896455	0.135757	0.301746	0.388138	0.386855	0.30688	0.173589	0.00548417	-0.153059	-0.259794	-0.276344	-0.177548	0.0226688	0.288197	0.58308	0.860633	1.09949	1.30821	1.48151	1.61285	1.70254	1.75465	1.76705	1.74134	1.68141	1.58059	1.43038	1.224	0.961573	0.645832	0.296388	-0.0424063	-0.354435	-0.618451	-0.79547	-0.8682	-0.85398	-0.772777	-0.653315	-0.519402	-0.387014	-0.273196	
-1.52118	-1.52118	-1.42419	-1.24907	-1.01586	-0.758477	-0.494261	-0.236549	0.00208937	0.193694	0.328251	0.381412	0.359954	0.276934	0.149476	-0.00851036	-0.159334	-0.26301	-0.275066	-0.177749	0.00597254	0.252979	0.525726	0.783155	1.00932	1.2073	1.36999	1.49828	1.59447	1.65929	1.68996	1.68141	1.63006	1.53645	1.39957	1.2082	0.9569	0.654472	0.308737	-0.0375245	-0.352499	-0.611203	-0.788339	-0.871347	-0.872067	-0.808764	-0.709127	-0.584662	-0.451826	-0.324156	
-1.22678	-1.22678	-1.14891	-0.997658	-0.790064	-0.556908	-0.316213	-0.0822902	0.114635	0.260299	0.346208	0.360796	0.312962	0.220305	0.0915694	-0.0565417	-0.191641	-0.276801	-0.282632	-0.197721	-0.0306431	0.18353	0.419241	0.656242	0.87633	1.06402	1.21632	1.34285	1.44967	1.52708	1.57263	1.58059	1.53645	1.44727	1.32488	1.1503	0.913122	0.623008	0.298131	-0.0362571	-0.345352	-0.590265	-0.755932	-0.849349	-0.87031	-0.827284	-0.740613	-0.628418	-0.494855	-0.358738	
-0.920431	-0.920431	-0.85816	-0.74057	-0.562612	-0.348644	-0.129194	0.0717905	0.227793	0.32156	0.355925	0.327468	0.252581	0.147897	0.0259078	-0.107562	-0.22812	-0.297778	-0.30354	-0.235791	-0.0985539	0.0827687	0.290222	0.505748	0.700532	0.876528	1.02838	1.15229	1.26098	1.34914	1.41039	1.43038	1.39957	1.32488	1.20962	1.05449	0.850517	0.586528	0.277734	-0.0374388	-0.32383	-0.549298	-0.704219	-0.80034	-0.835544	-0.806671	-0.736847	-0.642851	-0.51811	-0.374605	
-0.631614	-0.631614	-0.582873	-0.489195	-0.338538	-0.149518	0.0403979	0.212251	0.329818	0.381373	0.369444	0.302936	0.202537	0.0960109	-0.0194958	-0.137482	-0.24113	-0.310597	-0.329201	-0.279376	-0.174416	-0.0329573	0.148305	0.332316	0.49676	0.656043	0.80018	0.918466	1.02842	1.12503	1.1946	1.224	1.2082	1.1503	1.05449	0.930733	0.771489	0.54388	0.260428	-0.0280441	-0.283575	-0.495641	-0.642715	-0.730558	-0.770088	-0.752689	-0.696586	-0.621129	-0.509618	-0.369724	
-0.373375	-0.373375	-0.335937	-0.259848	-0.136277	0.0245793	0.188903	0.330125	0.418316	0.444628	0.401382	0.309095	0.19724	0.0838656	-0.0283658	-0.124227	-0.211429	-0.283378	-0.314805	-0.290788	-0.224517	-0.122122	0.0075807	0.147629	0.290508	0.423155	0.536527	0.646699	0.756928	0.852031	0.923693	0.961573	0.9569	0.913122	0.850517	0.771489	0.646636	0.459247	0.225678	-0.0155375	-0.24021	-0.433656	-0.567477	-0.642965	-0.680298	-0.676322	-0.631532	-0.559033	-0.457834	-0.328149	
-0.14109	-0.14109	-0.123777	-0.0690378	0.0289578	0.164284	0.312644	0.435766	0.505566	0.515082	0.455481	0.351611	0.23609	0.123208	0.0242376	-0.0585568	-0.133682	-0.191142	-0.223353	-0.234938	-0.217208	-0.167466	-0.0967076	-0.00876883	0.0894346	0.17946	0.262354	0.355849	0.454219	0.537186	0.60015	0.645832	0.654472	0.623008	0.586528	0.54388	0.459247	0.323505	0.151457	-0.0315199	-0.206912	-0.36201	-0.478444	-0.551949	-0.58145	-0.579861	-0.544072	-0.47558	-0.380373	-0.258211	
0.051134	0.051134	0.0539507	0.0850951	0.164277	0.285919	0.422611	0.532055	0.591251	0.584651	0.522003	0.42701	0.31644	0.208563	0.129832	0.067234	0.0100565	-0.0327573	-0.0700229	-0.110981	-0.13912	-0.149406	-0.1418	-0.121535	-0.0922525	-0.056389	-0.00462099	0.0602843	0.135554	0.206996	0.261138	0.296388	0.308737	0.298131	0.277734	0.260428	0.225678	0.151457	0.0497433	-0.0639317	-0.18376	-0.296381	-0.389349	-0.453555	-0.481001	-0.485858	-0.464069	-0.401544	-0.305159	-0.189798	
0.185623	0.185623	0.190811	0.215714	0.287257	0.402738	0.519537	0.611428	0.659303	0.649513	0.594113	0.514255	0.416547	0.329419	0.273423	0.236912	0.211522	0.181573	0.134332	0.0713778	0.00254409	-0.0645633	-0.118096	-0.167888	-0.214161	-0.242151	-0.23918	-0.209022	-0.15907	-0.0995094	-0.056341	-0.0424063	-0.0375245	-0.0362571	-0.0374388	-0.0280441	-0.0155375	-0.0315199	-0.0639317	-0.108158	-0.16406	-0.227353	-0.292807	-0.349814	-0.387708	-0.406503	-0.396041	-0.342883	-0.246355	-0.137075	
0.275111	0.275111	0.284904	0.315687	0.388072	0.494543	0.598114	0.672628	0.708611	0.700465	0.660194	0.595954	0.519109	0.45837	0.428022	0.423558	0.431509	0.418687	0.367136	0.28579	0.179143	0.0643617	-0.0492518	-0.163269	-0.276024	-0.371326	-0.424287	-0.431656	-0.411288	-0.379224	-0.357128	-0.354435	-0.352499	-0.345352	-0.32383	-0.283575	-0.24021	-0.206912	-0.18376	-0.16406	-0.15347	-0.165354	-0.205593	-0.259344	-0.313442	-0.346484	-0.347451	-0.305986	-0.218766	-0.117754	
0.333034	0.333034	0.344572	0.384723	0.458688	0.555873	0.648941	0.706288	0.730978	0.730317	0.705491	0.65921	0.607793	0.573389	0.569925	0.593745	0.62512	0.628279	0.581579	0.487073	0.355626	0.206844	0.044349	-0.128303	-0.297403	-0.443697	-0.54369	-0.595252	-0.613022	-0.614775	-0.61669	-0.618451	-0.611203	-0.590265	-0.549298	-0.495641	-0.433656	-0.36201	-0.296381	-0.227353	-0.165354	-0.13504	-0.154084	-0.21015	-0.271804	-0.314873	-0.330642	-0.307652	-0.23424	-0.140374	
0.359923	0.359923	0.372464	0.414775	0.489506	0.581308	0.661753	0.701564	0.715456	0.713116	0.704865	0.691794	0.6726	0.658285	0.674826	0.715027	0.760819	0.778306	0.738527	0.6411	0.502786	0.335432	0.145945	-0.0600571	-0.266071	-0.448608	-0.583525	-0.674904	-0.727619	-0.75964	-0.782876	-0.79547	-0.788339	-0.755932	-0.704219	-0.642715	-0.567477	-0.478444	-0.389349	-0.292807	-0.205593	-0.154084	-0.156102	-0.211537	-0.273626	-0.324882	-0.352417	-0.34334	-0.289185	-0.206749	
0.367442	0.367442	0.376548	0.415149	0.485386	0.563136	0.625726	0.652615	0.659844	0.660816	0.670745	0.680628	0.685044	0.69129	0.722602	0.77347	0.826844	0.847252	0.816672	0.733742	0.603944	0.43315	0.240082	0.0280486	-0.187716	-0.388418	-0.545358	-0.658061	-0.735089	-0.796252	-0.841652	-0.8682	-0.871347	-0.849349	-0.80034	-0.730558	-0.642965	-0.551949	-0.453555	-0.349814	-0.259344	-0.21015	-0.211537	-0.255655	-0.314715	-0.374962	-0.415786	-0.419921	-0.379714	-0.304944	
0.374231	0.374231	0.379501	0.408345	0.462177	0.520299	0.559756	0.575326	0.575139	0.586574	0.611246	0.637345	0.653275	0.669823	0.700486	0.757737	0.816086	0.845109	0.828555	0.764872	0.652634	0.502511	0.320356	0.11394	-0.0931276	-0.283469	-0.440815	-0.562151	-0.66158	-0.751261	-0.815614	-0.85398	-0.872067	-0.87031	-0.835544	-0.770088	-0.680298	-0.58145	-0.481001	-0.387708	-0.313442	-0.271804	-0.273626	-0.314715	-0.383633	-0.459116	-0.510301	-0.523693	-0.490868	-0.423096	
0.388345	0.388345	0.39595	0.411296	0.446319	0.485144	0.498688	0.490558	0.478011	0.488611	0.521525	0.556309	0.580691	0.600905	0.63062	0.684148	0.744665	0.786296	0.788418	0.748507	0.664094	0.540383	0.380752	0.201644	0.0221795	-0.142776	-0.29269	-0.422283	-0.537343	-0.641079	-0.720087	-0.772777	-0.808764	-0.827284	-0.806671	-0.752689	-0.676322	-0.579861	-0.485858	-0.406503	-0.346484	-0.314873	-0.324882	-0.374962	-0.459116	-0.54735	-0.602468	-0.621455	-0.594556	-0.534416	
0.396583	0.396583	0.401184	0.405681	0.42706	0.444248	0.436908	0.404561	0.370328	0.361398	0.389983	0.424756	0.460725	0.495253	0.536486	0.592173	0.655478	0.705381	0.724146	0.710379	0.654302	0.560572	0.439101	0.297691	0.152959	0.014751	-0.123202	-0.255865	-0.376941	-0.489488	-0.581794	-0.653315	-0.709127	-0.740613	-0.736847	-0.696586	-0.631532	-0.544072	-0.464069	-0.396041	-0.347451	-0.330642	-0.352417	-0.415786	-0.510301	-0.602468	-0.667261	-0.695468	-0.682854	-0.632648	
0.404957	0.404957	0.399005	0.393616	0.398062	0.394731	0.366977	0.313949	0.254497	0.22985	0.244285	0.274899	0.319275	0.371784	0.430349	0.497502	0.569711	0.625603	0.655551	0.660759	0.637114	0.57487	0.491657	0.382723	0.265495	0.152729	0.0374018	-0.0868459	-0.210203	-0.327498	-0.431934	-0.519402	-0.584662	-0.628418	-0.642851	-0.621129	-0.559033	-0.47558	-0.401544	-0.342883	-0.305986	-0.307652	-0.34334	-0.419921	-0.523693	-0.621455	-0.695468	-0.74285	-0.748704	-0.712831	
0.41172	0.41172	0.389267	0.371314	0.357346	0.325833	0.280698	0.218485	0.149191	0.111349	0.11973	0.153277	0.203269	0.261367	0.334572	0.412855	0.491354	0.55784	0.602792	0.628064	0.628186	0.589955	0.52823	0.448254	0.360961	0.27388	0.172271	0.056263	-0.0672032	-0.186419	-0.295817	-0.387014	-0.451826	-0.494855	-0.51811	-0.509618	-0.457834	-0.380373	-0.305159	-0.246355	-0.218766	-0.23424	-0.289185	-0.379714	-0.490868	-0.594556	-0.682854	-0.748704	-0.777329	-0.761877	
0.391951	0.391951	0.359657	0.321274	0.285382	0.238887	0.18455	0.123079	0.0664544	0.0334554	0.0396148	0.0746635	0.127254	0.185942	0.266189	0.353016	0.441771	0.519318	0.574699	0.60983	0.619113	0.596157	0.553957	0.498469	0.434616	0.368097	0.272551	0.157849	0.0337395	-0.08871	-0.194897	-0.273196	-0.324156	-0.358738	-0.374605	-0.369724	-0.328149	-0.258211	-0.189798	-0.137075	-0.117754	-0.140374	-0.206749	-0.304944	-0.423096	-0.534416	-0.632648	-0.712831	-0.761877	-0.773069	
