-0.137114	-0.137114	-0.17439	-0.211544	-0.214921	-0.189679	-0.166131	-0.164441	-0.182513	-0.210052	-0.243428	-0.277134	-0.293204	-0.280573	-0.236764	-0.181861	-0.132525	-0.114284	-0.141355	-0.197925	-0.249051	-0.258681	-0.233546	-0.171344	-0.0601021	0.116458	0.339814	0.569788	0.766707	0.896037	0.919579	0.830153	0.649475	0.41932	0.193321	0.00199676	-0.135627	-0.219335	-0.247775	-0.220597	-0.161608	-0.0843627	0.00454631	0.0716294	0.10664	0.129866	0.172992	0.255911	0.373236	0.520887	
-0.137114	-0.137114	-0.17439	-0.211544	-0.214921	-0.189679	-0.166131	-0.164441	-0.182513	-0.210052	-0.243428	-0.277134	-0.293204	-0.280573	-0.236764	-0.181861	-0.132525	-0.114284	-0.141355	-0.197925	-0.249051	-0.258681	-0.233546	-0.171344	-0.0601021	0.116458	0.339814	0.569788	0.766707	0.896037	0.919579	0.830153	0.649475	0.41932	0.193321	0.00199676	-0.135627	-0.219335	-0.247775	-0.220597	-0.161608	-0.0843627	0.00454631	0.0716294	0.10664	0.129866	0.172992	0.255911	0.373236	0.520887	
-0.17439	-0.17439	-0.209862	-0.244598	-0.24543	-0.21766	-0.190849	-0.184486	-0.198223	-0.219937	-0.249066	-0.276632	-0.288205	-0.27106	-0.223524	-0.166954	-0.11576	-0.0978034	-0.124716	-0.181745	-0.234654	-0.24737	-0.225379	-0.166985	-0.0583247	0.114777	0.335053	0.563559	0.759084	0.888348	0.912539	0.825417	0.646779	0.420833	0.197675	0.0102138	-0.123644	-0.202463	-0.227896	-0.195796	-0.13358	-0.0531719	0.0383503	0.10795	0.142399	0.163756	0.200638	0.270585	0.371233	0.498189	
-0.211544	-0.211544	-0.244598	-0.276016	-0.274782	-0.245272	-0.215449	-0.205512	-0.213052	-0.231067	-0.253203	-0.276263	-0.281625	-0.259684	-0.210099	-0.150253	-0.100523	-0.0820756	-0.109396	-0.166819	-0.220103	-0.236189	-0.217903	-0.161488	-0.0568344	0.112479	0.328303	0.551859	0.744935	0.870861	0.894963	0.808795	0.6353	0.413649	0.197387	0.0164366	-0.109681	-0.181307	-0.195009	-0.156217	-0.0835615	0.00623825	0.102588	0.17345	0.208892	0.222138	0.24363	0.292533	0.362818	0.450348	
-0.214921	-0.214921	-0.24543	-0.274782	-0.27385	-0.246434	-0.218839	-0.208376	-0.217198	-0.233344	-0.25724	-0.277337	-0.282403	-0.259344	-0.208814	-0.151024	-0.1009	-0.0845031	-0.110346	-0.165345	-0.217458	-0.234771	-0.216904	-0.162477	-0.0571638	0.108838	0.320838	0.54191	0.731094	0.854283	0.876132	0.790953	0.618432	0.40279	0.191132	0.0184761	-0.0979689	-0.155197	-0.15762	-0.103385	-0.0191566	0.0803331	0.182287	0.256191	0.285173	0.287167	0.286741	0.29912	0.327838	0.369112	
-0.189679	-0.189679	-0.21766	-0.245272	-0.246434	-0.224306	-0.200893	-0.195087	-0.205127	-0.226737	-0.251873	-0.275938	-0.282778	-0.262397	-0.217894	-0.163039	-0.120547	-0.107135	-0.134194	-0.187693	-0.236381	-0.253122	-0.233893	-0.174235	-0.0662968	0.102521	0.314213	0.534062	0.723245	0.843575	0.865659	0.781286	0.613661	0.40262	0.197265	0.0310668	-0.0767172	-0.125526	-0.113259	-0.0507671	0.0452354	0.154003	0.257053	0.325137	0.346739	0.32884	0.298641	0.275679	0.260489	0.251391	
-0.166131	-0.166131	-0.190849	-0.215449	-0.218839	-0.200893	-0.183495	-0.179501	-0.193877	-0.217049	-0.247136	-0.272528	-0.282611	-0.266395	-0.226406	-0.17926	-0.142204	-0.135269	-0.163575	-0.215324	-0.261688	-0.278332	-0.256128	-0.193191	-0.0769802	0.0954413	0.31161	0.536294	0.729701	0.854618	0.881079	0.803133	0.642049	0.438321	0.237659	0.0764457	-0.0283827	-0.0707139	-0.0562684	0.00902538	0.104466	0.210045	0.303928	0.361226	0.36423	0.324964	0.26516	0.201858	0.147516	0.100084	
-0.164441	-0.164441	-0.184486	-0.205512	-0.208376	-0.195087	-0.179501	-0.177699	-0.190193	-0.214754	-0.243658	-0.268779	-0.278752	-0.263573	-0.229155	-0.186381	-0.15765	-0.155885	-0.186742	-0.237463	-0.281264	-0.298112	-0.27449	-0.205124	-0.0829108	0.0972702	0.317464	0.548642	0.749648	0.880556	0.916116	0.848413	0.69781	0.504912	0.310277	0.15172	0.0475284	0.001848	0.0128319	0.0677242	0.151478	0.241733	0.31433	0.346728	0.327603	0.262819	0.174995	0.0844888	0.00204182	-0.072914	
-0.182513	-0.182513	-0.198223	-0.213052	-0.217198	-0.205127	-0.193877	-0.190193	-0.201842	-0.223843	-0.250272	-0.272274	-0.278526	-0.263097	-0.229473	-0.190269	-0.164838	-0.166413	-0.196117	-0.24282	-0.281829	-0.297126	-0.270428	-0.196512	-0.0655379	0.117901	0.34249	0.576695	0.781745	0.917964	0.959799	0.900741	0.762531	0.578748	0.391194	0.23641	0.128946	0.0791211	0.0804635	0.118613	0.181623	0.248334	0.290165	0.292715	0.243972	0.154349	0.0419259	-0.0717408	-0.167448	-0.249529	
-0.210052	-0.210052	-0.219937	-0.231067	-0.233344	-0.226737	-0.217049	-0.214754	-0.223843	-0.243521	-0.267027	-0.283812	-0.286349	-0.267971	-0.234542	-0.195636	-0.171416	-0.171864	-0.197522	-0.235864	-0.266525	-0.277481	-0.246155	-0.165948	-0.029258	0.158885	0.381347	0.615257	0.81962	0.954119	0.997401	0.943477	0.809648	0.634422	0.450334	0.295748	0.186789	0.132245	0.123544	0.146114	0.187724	0.225925	0.235497	0.204873	0.128103	0.0163071	-0.112662	-0.237639	-0.339409	-0.421657	
-0.243428	-0.243428	-0.249066	-0.253203	-0.25724	-0.251873	-0.247136	-0.243658	-0.250272	-0.267027	-0.284523	-0.296801	-0.292625	-0.271994	-0.237657	-0.199228	-0.175145	-0.174763	-0.194961	-0.224995	-0.24645	-0.250981	-0.214912	-0.127932	0.0162688	0.205128	0.425712	0.653473	0.850813	0.979657	1.01831	0.962938	0.834618	0.662389	0.481064	0.327248	0.211963	0.149273	0.130045	0.133889	0.153301	0.1697	0.151721	0.0949873	-0.00278368	-0.127256	-0.267177	-0.396707	-0.493002	-0.564046	
-0.277134	-0.277134	-0.276632	-0.276263	-0.277337	-0.275938	-0.272528	-0.268779	-0.272274	-0.283812	-0.296801	-0.302159	-0.293268	-0.270596	-0.236589	-0.199822	-0.176909	-0.175389	-0.19271	-0.215072	-0.229538	-0.230965	-0.192123	-0.102808	0.0443476	0.233338	0.447649	0.669229	0.860915	0.984399	1.02095	0.968086	0.841788	0.673971	0.492782	0.333239	0.209231	0.135889	0.100014	0.0847681	0.0826244	0.0733667	0.0327189	-0.0411946	-0.147286	-0.269962	-0.400834	-0.520823	-0.607661	-0.668623	
-0.293204	-0.293204	-0.288205	-0.281625	-0.282403	-0.282778	-0.282611	-0.278752	-0.278526	-0.286349	-0.292625	-0.293268	-0.27991	-0.257958	-0.227692	-0.19678	-0.178865	-0.182603	-0.201336	-0.222972	-0.235913	-0.23655	-0.199702	-0.108535	0.0408244	0.228968	0.438992	0.654181	0.840011	0.961255	0.998436	0.950685	0.834224	0.674214	0.496056	0.33278	0.195333	0.101605	0.0425604	3.99136e-05	-0.0296578	-0.0587945	-0.113603	-0.193934	-0.294464	-0.399252	-0.510959	-0.60832	-0.671329	-0.7095	
-0.280573	-0.280573	-0.27106	-0.259684	-0.259344	-0.262397	-0.266395	-0.263573	-0.263097	-0.267971	-0.271994	-0.270596	-0.257958	-0.241664	-0.220113	-0.198982	-0.190281	-0.200146	-0.224242	-0.246342	-0.259817	-0.261973	-0.2272	-0.137515	0.0130061	0.200213	0.406669	0.61823	0.803195	0.927966	0.972613	0.936405	0.832292	0.680739	0.504295	0.332424	0.176947	0.0609839	-0.0247068	-0.0942937	-0.148299	-0.197304	-0.262313	-0.340662	-0.425242	-0.501853	-0.57773	-0.641941	-0.676217	-0.690279	
-0.236764	-0.236764	-0.223524	-0.210099	-0.208814	-0.217894	-0.226406	-0.229155	-0.229473	-0.234542	-0.237657	-0.236589	-0.227692	-0.220113	-0.210474	-0.203188	-0.205316	-0.225639	-0.25628	-0.2825	-0.29749	-0.299603	-0.265692	-0.172509	-0.0178426	0.174208	0.382012	0.592812	0.779893	0.908865	0.961586	0.937305	0.844412	0.701165	0.525989	0.342612	0.168666	0.0261187	-0.0869728	-0.180951	-0.253728	-0.312542	-0.373923	-0.439831	-0.501007	-0.544796	-0.586446	-0.614979	-0.617213	-0.600088	
-0.181861	-0.181861	-0.166954	-0.150253	-0.151024	-0.163039	-0.17926	-0.186381	-0.190269	-0.195636	-0.199228	-0.199822	-0.19678	-0.198982	-0.203188	-0.20829	-0.22114	-0.247638	-0.282985	-0.308851	-0.322425	-0.319622	-0.281635	-0.182755	-0.0199003	0.178363	0.389926	0.603312	0.791974	0.928207	0.989663	0.974656	0.891358	0.750996	0.569131	0.372392	0.17549	0.0088479	-0.124198	-0.231339	-0.311399	-0.366647	-0.416407	-0.463779	-0.498156	-0.509945	-0.515716	-0.513353	-0.487816	-0.446132	
-0.132525	-0.132525	-0.11576	-0.100523	-0.1009	-0.120547	-0.142204	-0.15765	-0.164838	-0.171416	-0.175145	-0.176909	-0.178865	-0.190281	-0.205316	-0.22114	-0.23963	-0.269233	-0.303271	-0.326371	-0.33233	-0.320077	-0.271945	-0.160698	0.0129721	0.222427	0.441449	0.65516	0.847716	0.985107	1.05055	1.04105	0.959447	0.816081	0.62889	0.413932	0.200457	0.0154635	-0.130083	-0.241398	-0.315124	-0.360319	-0.390726	-0.415017	-0.422637	-0.406293	-0.383319	-0.351665	-0.305396	-0.247072	
-0.114284	-0.114284	-0.0978034	-0.0820756	-0.0845031	-0.107135	-0.135269	-0.155885	-0.166413	-0.171864	-0.174763	-0.175389	-0.182603	-0.200146	-0.225639	-0.247638	-0.269233	-0.295717	-0.324679	-0.337897	-0.332256	-0.302735	-0.237114	-0.108951	0.0816104	0.304654	0.53087	0.748235	0.937012	1.07329	1.13753	1.12495	1.04061	0.892815	0.693655	0.468427	0.241876	0.0456106	-0.102626	-0.207234	-0.271793	-0.301098	-0.312434	-0.317907	-0.303971	-0.266012	-0.21675	-0.166112	-0.105851	-0.0395878	
-0.141355	-0.141355	-0.124716	-0.109396	-0.110346	-0.134194	-0.163575	-0.186742	-0.196117	-0.197522	-0.194961	-0.19271	-0.201336	-0.224242	-0.25628	-0.282985	-0.303271	-0.324679	-0.342572	-0.344696	-0.321255	-0.270873	-0.182623	-0.0315421	0.177339	0.415648	0.652482	0.868321	1.05503	1.18423	1.24196	1.22404	1.13283	0.975665	0.770774	0.534585	0.302491	0.103282	-0.0417997	-0.138087	-0.189336	-0.207274	-0.207815	-0.200572	-0.171904	-0.118376	-0.0520077	0.0164692	0.0817971	0.139354	
-0.197925	-0.197925	-0.181745	-0.166819	-0.165345	-0.187693	-0.215324	-0.237463	-0.24282	-0.235864	-0.224995	-0.215072	-0.222972	-0.246342	-0.2825	-0.308851	-0.326371	-0.337897	-0.344696	-0.332336	-0.29133	-0.218848	-0.104447	0.0693392	0.298231	0.551989	0.79553	1.01107	1.18841	1.30558	1.35342	1.32486	1.22616	1.06566	0.857072	0.62089	0.390528	0.190897	0.0482424	-0.0437231	-0.0908727	-0.105489	-0.0999461	-0.0840757	-0.0434523	0.01945	0.100024	0.172545	0.230038	0.271046	
-0.249051	-0.249051	-0.234654	-0.220103	-0.217458	-0.236381	-0.261688	-0.281264	-0.281829	-0.266525	-0.24645	-0.229538	-0.235913	-0.259817	-0.29749	-0.322425	-0.33233	-0.332256	-0.321255	-0.29133	-0.228183	-0.129684	0.0118572	0.209255	0.453629	0.714615	0.957563	1.16159	1.32079	1.41965	1.45199	1.41489	1.31267	1.1542	0.950409	0.720209	0.493971	0.295798	0.151586	0.0587758	0.00931205	-0.0066648	-0.00319336	0.0156126	0.0619604	0.131965	0.218189	0.292429	0.34073	0.356867	
-0.258681	-0.258681	-0.24737	-0.236189	-0.234771	-0.253122	-0.278332	-0.298112	-0.297126	-0.277481	-0.250981	-0.230965	-0.23655	-0.261973	-0.299603	-0.319622	-0.320077	-0.302735	-0.270873	-0.218848	-0.129684	-0.00454789	0.166925	0.386227	0.642545	0.904357	1.1378	1.32018	1.45164	1.51987	1.52982	1.47809	1.37263	1.21891	1.02708	0.809056	0.592857	0.396927	0.249109	0.146883	0.0899798	0.0663627	0.0636687	0.0845487	0.135271	0.20449	0.289277	0.357115	0.388365	0.382817	
-0.233546	-0.233546	-0.225379	-0.217903	-0.216904	-0.233893	-0.256128	-0.27449	-0.270428	-0.246155	-0.214912	-0.192123	-0.199702	-0.2272	-0.265692	-0.281635	-0.271945	-0.237114	-0.182623	-0.104447	0.0118572	0.166925	0.367905	0.607205	0.869483	1.12264	1.33282	1.48393	1.57412	1.60509	1.58698	1.52089	1.41227	1.26793	1.08604	0.879468	0.668927	0.471654	0.316076	0.207884	0.146427	0.119578	0.114625	0.132639	0.176466	0.235697	0.309708	0.365453	0.386365	0.367604	
-0.171344	-0.171344	-0.166985	-0.161488	-0.162477	-0.174235	-0.193191	-0.205124	-0.196512	-0.165948	-0.127932	-0.102808	-0.108535	-0.137515	-0.172509	-0.182755	-0.160698	-0.108951	-0.0315421	0.0693392	0.209255	0.386227	0.607205	0.855703	1.11243	1.34234	1.52109	1.63033	1.67683	1.66865	1.62217	1.5424	1.43331	1.29396	1.12148	0.92268	0.712898	0.513959	0.352214	0.237616	0.173917	0.148727	0.138618	0.153462	0.18985	0.237588	0.295231	0.339553	0.350098	0.318496	
-0.0601021	-0.0601021	-0.0583247	-0.0568344	-0.0571638	-0.0662968	-0.0769802	-0.0829108	-0.0655379	-0.029258	0.0162688	0.0443476	0.0408244	0.0130061	-0.0178426	-0.0199003	0.0129721	0.0816104	0.177339	0.298231	0.453629	0.642545	0.869483	1.11243	1.34488	1.53713	1.66605	1.72561	1.72325	1.67525	1.60562	1.51858	1.41336	1.28595	1.12406	0.931107	0.723892	0.521413	0.353889	0.23472	0.172261	0.145959	0.134279	0.143601	0.170395	0.206985	0.255068	0.29488	0.302599	0.2695	
0.116458	0.116458	0.114777	0.112479	0.108838	0.102521	0.0954413	0.0972702	0.117901	0.158885	0.205128	0.233338	0.228968	0.200213	0.174208	0.178363	0.222427	0.304654	0.415648	0.551989	0.714615	0.904357	1.12264	1.34234	1.53713	1.67354	1.74375	1.74617	1.69341	1.6101	1.51959	1.42918	1.3329	1.21839	1.07064	0.891122	0.69102	0.496403	0.330537	0.210667	0.144824	0.113252	0.0906031	0.0876552	0.105086	0.139053	0.186813	0.230058	0.248066	0.218754	
0.339814	0.339814	0.335053	0.328303	0.320838	0.314213	0.31161	0.317464	0.34249	0.381347	0.425712	0.447649	0.438992	0.406669	0.382012	0.389926	0.441449	0.53087	0.652482	0.79553	0.957563	1.1378	1.33282	1.52109	1.66605	1.74375	1.75183	1.69848	1.60165	1.48606	1.37828	1.28567	1.19691	1.09743	0.968868	0.808501	0.6292	0.450858	0.294904	0.175878	0.103297	0.0605002	0.0230653	0.00513705	0.0128286	0.0449332	0.0907961	0.14422	0.174211	0.160598	
0.569788	0.569788	0.563559	0.551859	0.54191	0.534062	0.536294	0.548642	0.576695	0.615257	0.653473	0.669229	0.654181	0.61823	0.592812	0.603312	0.65516	0.748235	0.868321	1.01107	1.16159	1.32018	1.48393	1.63033	1.72561	1.74617	1.69848	1.59931	1.46851	1.3299	1.21134	1.11822	1.04053	0.957278	0.852931	0.717715	0.563398	0.405887	0.261517	0.140462	0.0614975	0.00417535	-0.0452739	-0.0774191	-0.0783905	-0.0527706	-0.00554065	0.0506366	0.0955783	0.10529	
0.766707	0.766707	0.759084	0.744935	0.731094	0.723245	0.729701	0.749648	0.781745	0.81962	0.850813	0.860915	0.840011	0.803195	0.779893	0.791974	0.847716	0.937012	1.05503	1.18841	1.32079	1.45164	1.57412	1.67683	1.72325	1.69341	1.60165	1.46851	1.31666	1.16774	1.04559	0.959953	0.897374	0.838773	0.76348	0.658922	0.531608	0.391494	0.251197	0.12538	0.0290002	-0.0416629	-0.100994	-0.144746	-0.153626	-0.129491	-0.0869641	-0.0263923	0.0347644	0.0674936	
0.896037	0.896037	0.888348	0.870861	0.854283	0.843575	0.854618	0.880556	0.917964	0.954119	0.979657	0.984399	0.961255	0.927966	0.908865	0.928207	0.985107	1.07329	1.18423	1.30558	1.41965	1.51987	1.60509	1.66865	1.67525	1.6101	1.48606	1.3299	1.16774	1.01381	0.896669	0.8242	0.78704	0.761323	0.725183	0.654512	0.552509	0.422571	0.280879	0.138292	0.0234827	-0.065221	-0.138656	-0.194608	-0.210635	-0.19417	-0.148364	-0.0768226	0.000141159	0.0571311	
0.919579	0.919579	0.912539	0.894963	0.876132	0.865659	0.881079	0.916116	0.959799	0.997401	1.01831	1.02095	0.998436	0.972613	0.961586	0.989663	1.05055	1.13753	1.24196	1.35342	1.45199	1.52982	1.58698	1.62217	1.60562	1.51959	1.37828	1.21134	1.04559	0.896669	0.791079	0.739417	0.733859	0.747087	0.750301	0.712481	0.63159	0.507646	0.359566	0.202828	0.0652708	-0.0472918	-0.138977	-0.215005	-0.247207	-0.23662	-0.184716	-0.103787	-0.00813808	0.0683354	
0.830153	0.830153	0.825417	0.808795	0.790953	0.781286	0.803133	0.848413	0.900741	0.943477	0.962938	0.968086	0.950685	0.936405	0.937305	0.974656	1.04105	1.12495	1.22404	1.32486	1.41489	1.47809	1.52089	1.5424	1.51858	1.42918	1.28567	1.11822	0.959953	0.8242	0.739417	0.716927	0.745825	0.79843	0.836016	0.82459	0.757919	0.637203	0.483539	0.314473	0.153932	0.0178469	-0.10077	-0.198918	-0.246488	-0.243918	-0.190188	-0.101803	-0.00119145	0.0786235	
0.649475	0.649475	0.646779	0.6353	0.618432	0.613661	0.642049	0.69781	0.762531	0.809648	0.834618	0.841788	0.834224	0.832292	0.844412	0.891358	0.959447	1.04061	1.13283	1.22616	1.31267	1.37263	1.41227	1.43331	1.41336	1.3329	1.19691	1.04053	0.897374	0.78704	0.733859	0.745825	0.812445	0.899551	0.964118	0.973712	0.91765	0.798968	0.642358	0.460528	0.278571	0.117053	-0.0264188	-0.13982	-0.200109	-0.205281	-0.154838	-0.0731488	0.0162566	0.0921091	
0.41932	0.41932	0.420833	0.413649	0.40279	0.40262	0.438321	0.504912	0.578748	0.634422	0.662389	0.673971	0.674214	0.680739	0.701165	0.750996	0.816081	0.892815	0.975665	1.06566	1.1542	1.21891	1.26793	1.29396	1.28595	1.21839	1.09743	0.957278	0.838773	0.761323	0.747087	0.79843	0.899551	1.0155	1.10354	1.12921	1.0846	0.972527	0.813054	0.621327	0.422656	0.237509	0.0757657	-0.0469613	-0.115255	-0.129711	-0.0883958	-0.0233798	0.049616	0.109215	
0.193321	0.193321	0.197675	0.197387	0.191132	0.197265	0.237659	0.310277	0.391194	0.450334	0.481064	0.492782	0.496056	0.504295	0.525989	0.569131	0.62889	0.693655	0.770774	0.857072	0.950409	1.02708	1.08604	1.12148	1.12406	1.07064	0.968868	0.852931	0.76348	0.725183	0.750301	0.836016	0.964118	1.10354	1.20857	1.25541	1.22766	1.12609	0.969351	0.773682	0.560708	0.364886	0.192387	0.0666764	-0.00957837	-0.0341195	-0.0133333	0.0342212	0.0889016	0.136695	
0.00199676	0.00199676	0.0102138	0.0164366	0.0184761	0.0310668	0.0764457	0.15172	0.23641	0.295748	0.327248	0.333239	0.33278	0.332424	0.342612	0.372392	0.413932	0.468427	0.534585	0.62089	0.720209	0.809056	0.879468	0.92268	0.931107	0.891122	0.808501	0.717715	0.658922	0.654512	0.712481	0.82459	0.973712	1.12921	1.25541	1.32294	1.3143	1.22851	1.08094	0.886394	0.681379	0.485181	0.310945	0.183195	0.0981405	0.0551612	0.0592525	0.0923787	0.134783	0.172067	
-0.135627	-0.135627	-0.123644	-0.109681	-0.0979689	-0.0767172	-0.0283827	0.0475284	0.128946	0.186789	0.211963	0.209231	0.195333	0.176947	0.168666	0.17549	0.200457	0.241876	0.302491	0.390528	0.493971	0.592857	0.668927	0.712898	0.723892	0.69102	0.6292	0.563398	0.531608	0.552509	0.63159	0.757919	0.91765	1.0846	1.22766	1.3143	1.32856	1.26305	1.1325	0.958172	0.770761	0.584178	0.414826	0.28065	0.182971	0.129076	0.117932	0.138947	0.176186	0.207843	
-0.219335	-0.219335	-0.202463	-0.181307	-0.155197	-0.125526	-0.0707139	0.001848	0.0791211	0.132245	0.149273	0.135889	0.101605	0.0609839	0.0261187	0.0088479	0.0154635	0.0456106	0.103282	0.190897	0.295798	0.396927	0.471654	0.513959	0.521413	0.496403	0.450858	0.405887	0.391494	0.422571	0.507646	0.637203	0.798968	0.972527	1.12609	1.22851	1.26305	1.22215	1.12192	0.977699	0.819062	0.650778	0.484887	0.342379	0.240654	0.179027	0.159277	0.178141	0.214013	0.244148	
-0.247775	-0.247775	-0.227896	-0.195009	-0.15762	-0.113259	-0.0562684	0.0128319	0.0804635	0.123544	0.130045	0.100014	0.0425604	-0.0247068	-0.0869728	-0.124198	-0.130083	-0.102626	-0.0417997	0.0482424	0.151586	0.249109	0.316076	0.352214	0.353889	0.330537	0.294904	0.261517	0.251197	0.280879	0.359566	0.483539	0.642358	0.813054	0.969351	1.08094	1.1325	1.12192	1.05669	0.947782	0.818393	0.667441	0.50741	0.364045	0.261776	0.200324	0.17943	0.196595	0.238049	0.279647	
-0.220597	-0.220597	-0.195796	-0.156217	-0.103385	-0.0507671	0.00902538	0.0677242	0.118613	0.146114	0.133889	0.0847681	3.99136e-05	-0.0942937	-0.180951	-0.231339	-0.241398	-0.207234	-0.138087	-0.0437231	0.0587758	0.146883	0.207884	0.237616	0.23472	0.210667	0.175878	0.140462	0.12538	0.138292	0.202828	0.314473	0.460528	0.621327	0.773682	0.886394	0.958172	0.977699	0.947782	0.870662	0.763437	0.624685	0.472092	0.327065	0.229575	0.174059	0.160833	0.188657	0.245763	0.300798	
-0.161608	-0.161608	-0.13358	-0.0835615	-0.0191566	0.0452354	0.104466	0.151478	0.181623	0.187724	0.153301	0.0826244	-0.0296578	-0.148299	-0.253728	-0.311399	-0.315124	-0.271793	-0.189336	-0.0908727	0.00931205	0.0899798	0.146427	0.173917	0.172261	0.144824	0.103297	0.0614975	0.0290002	0.0234827	0.0652708	0.153932	0.278571	0.422656	0.560708	0.681379	0.770761	0.819062	0.818393	0.763437	0.663558	0.537028	0.38819	0.245501	0.150836	0.103253	0.101756	0.143621	0.216991	0.290711	
-0.0843627	-0.0843627	-0.0531719	0.00623825	0.0803331	0.154003	0.210045	0.241733	0.248334	0.225925	0.1697	0.0733667	-0.0587945	-0.197304	-0.312542	-0.366647	-0.360319	-0.301098	-0.207274	-0.105489	-0.0066648	0.0663627	0.119578	0.148727	0.145959	0.113252	0.0605002	0.00417535	-0.0416629	-0.065221	-0.0472918	0.0178469	0.117053	0.237509	0.364886	0.485181	0.584178	0.650778	0.667441	0.624685	0.537028	0.421076	0.27473	0.131364	0.0309105	-0.0151774	-0.00418542	0.0540786	0.141629	0.229676	
0.00454631	0.00454631	0.0383503	0.102588	0.182287	0.257053	0.303928	0.31433	0.290165	0.235497	0.151721	0.0327189	-0.113603	-0.262313	-0.373923	-0.416407	-0.390726	-0.312434	-0.207815	-0.0999461	-0.00319336	0.0636687	0.114625	0.138618	0.134279	0.0906031	0.0230653	-0.0452739	-0.100994	-0.138656	-0.138977	-0.10077	-0.0264188	0.0757657	0.192387	0.310945	0.414826	0.484887	0.50741	0.472092	0.38819	0.27473	0.130127	-0.013781	-0.120514	-0.162444	-0.144112	-0.0867703	-0.00154522	0.0961822	
0.0716294	0.0716294	0.10795	0.17345	0.256191	0.325137	0.361226	0.346728	0.292715	0.204873	0.0949873	-0.0411946	-0.193934	-0.340662	-0.439831	-0.463779	-0.415017	-0.317907	-0.200572	-0.0840757	0.0156126	0.0845487	0.132639	0.153462	0.143601	0.0876552	0.00513705	-0.0774191	-0.144746	-0.194608	-0.215005	-0.198918	-0.13982	-0.0469613	0.0666764	0.183195	0.28065	0.342379	0.364045	0.327065	0.245501	0.131364	-0.013781	-0.161467	-0.275154	-0.325531	-0.318702	-0.272055	-0.191348	-0.0874218	
0.10664	0.10664	0.142399	0.208892	0.285173	0.346739	0.36423	0.327603	0.243972	0.128103	-0.00278368	-0.147286	-0.294464	-0.425242	-0.501007	-0.498156	-0.422637	-0.303971	-0.171904	-0.0434523	0.0619604	0.135271	0.176466	0.18985	0.170395	0.105086	0.0128286	-0.0783905	-0.153626	-0.210635	-0.247207	-0.246488	-0.200109	-0.115255	-0.00957837	0.0981405	0.182971	0.240654	0.261776	0.229575	0.150836	0.0309105	-0.120514	-0.275154	-0.406574	-0.481631	-0.496647	-0.467718	-0.395207	-0.2927	
0.129866	0.129866	0.163756	0.222138	0.287167	0.32884	0.324964	0.262819	0.154349	0.0163071	-0.127256	-0.269962	-0.399252	-0.501853	-0.544796	-0.509945	-0.406293	-0.266012	-0.118376	0.01945	0.131965	0.20449	0.235697	0.237588	0.206985	0.139053	0.0449332	-0.0527706	-0.129491	-0.19417	-0.23662	-0.243918	-0.205281	-0.129711	-0.0341195	0.0551612	0.129076	0.179027	0.200324	0.174059	0.103253	-0.0151774	-0.162444	-0.325531	-0.481631	-0.591709	-0.643371	-0.636646	-0.575416	-0.480563	
0.172992	0.172992	0.200638	0.24363	0.286741	0.298641	0.26516	0.174995	0.0419259	-0.112662	-0.267177	-0.400834	-0.510959	-0.57773	-0.586446	-0.515716	-0.383319	-0.21675	-0.0520077	0.100024	0.218189	0.289277	0.309708	0.295231	0.255068	0.186813	0.0907961	-0.00554065	-0.0869641	-0.148364	-0.184716	-0.190188	-0.154838	-0.0883958	-0.0133333	0.0592525	0.117932	0.159277	0.17943	0.160833	0.101756	-0.00418542	-0.144112	-0.318702	-0.496647	-0.643371	-0.728434	-0.747028	-0.706198	-0.636603	
0.255911	0.255911	0.270585	0.292533	0.29912	0.275679	0.201858	0.0844888	-0.0717408	-0.237639	-0.396707	-0.520823	-0.60832	-0.641941	-0.614979	-0.513353	-0.351665	-0.166112	0.0164692	0.172545	0.292429	0.357115	0.365453	0.339553	0.29488	0.230058	0.14422	0.0506366	-0.0263923	-0.0768226	-0.103787	-0.101803	-0.0731488	-0.0233798	0.0342212	0.0923787	0.138947	0.178141	0.196595	0.188657	0.143621	0.0540786	-0.0867703	-0.272055	-0.467718	-0.636646	-0.747028	-0.787938	-0.77454	-0.73799	
0.373236	0.373236	0.371233	0.362818	0.327838	0.260489	0.147516	0.00204182	-0.167448	-0.339409	-0.493002	-0.607661	-0.671329	-0.676217	-0.617213	-0.487816	-0.305396	-0.105851	0.0817971	0.230038	0.34073	0.388365	0.386365	0.350098	0.302599	0.248066	0.174211	0.0955783	0.0347644	0.000141159	-0.00813808	-0.00119145	0.0162566	0.049616	0.0889016	0.134783	0.176186	0.214013	0.238049	0.245763	0.216991	0.141629	-0.00154522	-0.191348	-0.395207	-0.575416	-0.706198	-0.77454	-0.795134	-0.782867	
0.520887	0.520887	0.498189	0.450348	0.369112	0.251391	0.100084	-0.072914	-0.249529	-0.421657	-0.564046	-0.668623	-0.7095	-0.690279	-0.600088	-0.446132	-0.247072	-0.0395878	0.139354	0.271046	0.356867	0.382817	0.367604	0.318496	0.2695	0.218754	0.160598	0.10529	0.0674936	0.0571311	0.0683354	0.0786235	0.0921091	0.109215	0.136695	0.172067	0.207843	0.244148	0.279647	0.300798	0.290711	0.229676	0.0961822	-0.0874218	-0.2927	-0.480563	-0.636603	-0.73799	-0.782867	-0.783482	
