0.259966	0.202969	0.169489	0.154859	0.13434	0.108444	0.0978595	0.113913	0.136776	0.160265	0.174308	0.16369	0.128985	0.0909103	0.0566133	0.00271501	-0.0675978	-0.134093	-0.179473	-0.200628	-0.200426	-0.176573	-0.123454	-0.0458815	0.0360033	0.113119	0.196438	0.303697	0.418367	0.5159	0.598611	0.659341	0.687795	0.680392	0.631419	0.529169	0.370249	0.1933	0.0474605	-0.0525103	-0.121424	-0.18047	-0.238809	-0.300397	-0.354939	-0.386313	-0.407907	-0.428006	-0.435142	-0.435142	
0.202969	0.14656	0.114772	0.0964945	0.0719017	0.0524421	0.0551003	0.0817056	0.113816	0.15367	0.189964	0.197567	0.181008	0.165409	0.15047	0.105079	0.0265505	-0.0543821	-0.108282	-0.133039	-0.133413	-0.105867	-0.0428417	0.0441593	0.124633	0.183202	0.238227	0.322289	0.417715	0.494236	0.56041	0.617143	0.649062	0.643974	0.601136	0.513378	0.369899	0.20118	0.0578413	-0.0389505	-0.108093	-0.180562	-0.262674	-0.347665	-0.422439	-0.470243	-0.496725	-0.510213	-0.510858	-0.510858	
0.169489	0.114772	0.0714797	0.0374001	0.00969794	-0.00330454	0.00277678	0.0242851	0.0545753	0.107795	0.163621	0.196642	0.206925	0.215522	0.219069	0.184094	0.113531	0.0376065	-0.0151372	-0.03792	-0.0337968	-0.00131136	0.0642288	0.148569	0.219759	0.26104	0.290547	0.340285	0.399535	0.447214	0.490334	0.537343	0.578734	0.585231	0.545725	0.4643	0.341024	0.198186	0.0679902	-0.0331231	-0.115016	-0.202264	-0.299593	-0.395933	-0.474223	-0.516903	-0.527751	-0.520776	-0.508811	-0.508811	
0.154859	0.0964945	0.0374001	-0.0066614	-0.0340957	-0.0479304	-0.0522001	-0.0461341	-0.0223558	0.033956	0.106673	0.169212	0.212068	0.245935	0.261857	0.24334	0.196486	0.139718	0.0968004	0.0776819	0.0857822	0.121289	0.180183	0.24517	0.297786	0.326106	0.334797	0.349536	0.368422	0.382244	0.404494	0.446709	0.495428	0.514085	0.486549	0.413782	0.302725	0.18094	0.0682732	-0.0334157	-0.132513	-0.24023	-0.349449	-0.442852	-0.505105	-0.52638	-0.51393	-0.486272	-0.463761	-0.463761	
0.13434	0.0719017	0.00969794	-0.0340957	-0.0628324	-0.0867887	-0.105794	-0.113077	-0.101902	-0.0498903	0.0320468	0.121358	0.196443	0.251095	0.283628	0.291686	0.280714	0.256614	0.231711	0.21832	0.226137	0.253002	0.288607	0.320128	0.342278	0.350244	0.344591	0.332992	0.313861	0.302049	0.316172	0.360446	0.419634	0.455256	0.445971	0.384381	0.277276	0.160787	0.0557014	-0.046576	-0.159311	-0.282701	-0.396213	-0.477564	-0.516497	-0.512871	-0.477769	-0.433787	-0.40544	-0.40544	
0.108444	0.0524421	-0.00330454	-0.0479304	-0.0867887	-0.12434	-0.152431	-0.172907	-0.174846	-0.134313	-0.0522616	0.0522154	0.146419	0.223814	0.283318	0.330106	0.365597	0.382536	0.387062	0.387944	0.390364	0.39328	0.392727	0.378151	0.353774	0.327616	0.297297	0.262279	0.225354	0.206324	0.225809	0.289559	0.370273	0.421248	0.427799	0.383225	0.285129	0.162369	0.0421431	-0.0709463	-0.187346	-0.312015	-0.425287	-0.49963	-0.524061	-0.50303	-0.446915	-0.382108	-0.342794	-0.342794	
0.0978595	0.0551003	0.00277678	-0.0522001	-0.105794	-0.152431	-0.189158	-0.219836	-0.234345	-0.207537	-0.138142	-0.0434243	0.0563079	0.155974	0.253379	0.351045	0.439147	0.507152	0.55538	0.579051	0.573447	0.541992	0.490046	0.418248	0.338459	0.260442	0.194711	0.145947	0.111105	0.107186	0.147225	0.231175	0.331885	0.403142	0.4294	0.403239	0.319573	0.199306	0.0666131	-0.0672874	-0.201512	-0.333064	-0.445875	-0.517912	-0.538383	-0.508759	-0.433714	-0.344274	-0.289275	-0.289275	
0.113913	0.0817056	0.0242851	-0.0461341	-0.113077	-0.172907	-0.219836	-0.260394	-0.280781	-0.266594	-0.223149	-0.150648	-0.0542313	0.0680948	0.207453	0.356049	0.4979	0.618021	0.708106	0.75281	0.738539	0.669394	0.565879	0.439964	0.304207	0.177515	0.07876	0.0151841	-0.0062493	0.0196316	0.0810861	0.178569	0.29459	0.386451	0.435966	0.434441	0.379044	0.278852	0.141356	-0.0205815	-0.189003	-0.346088	-0.471387	-0.542732	-0.55445	-0.51613	-0.432453	-0.334033	-0.274176	-0.274176	
0.136776	0.113816	0.0545753	-0.0223558	-0.101902	-0.174846	-0.234345	-0.280781	-0.303149	-0.305912	-0.289256	-0.241892	-0.151541	-0.0162865	0.148588	0.336715	0.52447	0.687334	0.808899	0.86902	0.849935	0.75908	0.618486	0.444433	0.263778	0.100635	-0.0237793	-0.0954539	-0.105594	-0.0563067	0.0281104	0.137434	0.260272	0.371946	0.454932	0.488908	0.461514	0.373703	0.231903	0.0487302	-0.154569	-0.343773	-0.485103	-0.557679	-0.56528	-0.526218	-0.447419	-0.357683	-0.30553	-0.30553	
0.160265	0.15367	0.107795	0.033956	-0.0498903	-0.134313	-0.207537	-0.266594	-0.305912	-0.331007	-0.338558	-0.306946	-0.222139	-0.089623	0.0827204	0.293858	0.513451	0.704469	0.840536	0.904722	0.888184	0.794225	0.635413	0.43354	0.22235	0.0386361	-0.0912726	-0.168108	-0.179364	-0.117759	-0.0142647	0.114269	0.256842	0.393272	0.502377	0.556724	0.542762	0.458792	0.308194	0.107037	-0.113648	-0.315137	-0.468513	-0.55434	-0.574397	-0.548822	-0.485207	-0.40812	-0.362294	-0.362294	
0.174308	0.189964	0.163621	0.106673	0.0320468	-0.0522616	-0.138142	-0.223149	-0.289256	-0.338558	-0.357576	-0.328941	-0.249521	-0.128766	0.0328859	0.242842	0.467698	0.659901	0.788519	0.848433	0.837289	0.754597	0.604383	0.399236	0.181077	0.000411802	-0.123014	-0.196927	-0.207917	-0.146457	-0.0304263	0.123434	0.291568	0.449206	0.569682	0.628504	0.616919	0.526369	0.362543	0.151125	-0.0762083	-0.283297	-0.443351	-0.542113	-0.583316	-0.580394	-0.534271	-0.467103	-0.424207	-0.424207	
0.16369	0.197567	0.196642	0.169212	0.121358	0.0522154	-0.0434243	-0.150648	-0.241892	-0.306946	-0.328941	-0.30012	-0.223476	-0.118015	0.0199992	0.201269	0.394163	0.553895	0.65529	0.699226	0.689272	0.626434	0.503288	0.330182	0.14556	-0.00716426	-0.107678	-0.169379	-0.182675	-0.127396	-0.00894241	0.157464	0.346922	0.527432	0.657131	0.708465	0.681423	0.577034	0.403473	0.180593	-0.0578368	-0.269454	-0.432984	-0.541932	-0.596721	-0.605808	-0.573057	-0.518401	-0.48052	-0.48052	
0.128985	0.181008	0.206925	0.212068	0.196443	0.146419	0.0563079	-0.0542313	-0.151541	-0.222139	-0.249521	-0.223476	-0.152303	-0.0642618	0.0387555	0.16332	0.289828	0.391465	0.451149	0.474293	0.467441	0.427829	0.350352	0.240624	0.117734	0.0148175	-0.0580521	-0.111362	-0.120882	-0.0638824	0.0588052	0.232606	0.430037	0.618547	0.74648	0.784223	0.740625	0.618564	0.425595	0.187042	-0.0605195	-0.278384	-0.445452	-0.555195	-0.611351	-0.624078	-0.599655	-0.554205	-0.519408	-0.519408	
0.0909103	0.165409	0.215522	0.245935	0.251095	0.223814	0.155974	0.0680948	-0.0162865	-0.089623	-0.128766	-0.118015	-0.0642618	-0.00360979	0.0521854	0.105781	0.155493	0.192591	0.210648	0.217142	0.213577	0.200501	0.173224	0.131226	0.0832176	0.0400796	0.00101177	-0.0305949	-0.0242373	0.0455266	0.179828	0.351441	0.533706	0.705304	0.819201	0.847463	0.790215	0.646482	0.432355	0.176165	-0.0846101	-0.305611	-0.466773	-0.572547	-0.628364	-0.638143	-0.614059	-0.574712	-0.543254	-0.543254	
0.0566133	0.15047	0.219069	0.261857	0.283628	0.283318	0.253379	0.207453	0.148588	0.0827204	0.0328859	0.0199992	0.0387555	0.0521854	0.0472254	0.026586	0.000758391	-0.0246596	-0.0470381	-0.0601672	-0.0577182	-0.0407685	-0.0184523	0.00962444	0.0378376	0.0618722	0.0752758	0.0818045	0.114066	0.19883	0.335926	0.492643	0.643768	0.778682	0.863814	0.876143	0.811583	0.663636	0.437977	0.162354	-0.112447	-0.337374	-0.495065	-0.59242	-0.638224	-0.641653	-0.621306	-0.590235	-0.561507	-0.561507	
0.00271501	0.105079	0.184094	0.24334	0.291686	0.330106	0.351045	0.356049	0.336715	0.293858	0.242842	0.201269	0.16332	0.105781	0.026586	-0.0705555	-0.166528	-0.248561	-0.311701	-0.342968	-0.33264	-0.285768	-0.212636	-0.121139	-0.0216489	0.0770204	0.158615	0.226239	0.299489	0.393903	0.51544	0.636257	0.739793	0.825632	0.872223	0.867889	0.803469	0.659278	0.434483	0.157124	-0.122586	-0.353212	-0.509825	-0.602275	-0.645623	-0.647075	-0.628133	-0.60435	-0.581754	-0.581754	
-0.0675978	0.0265505	0.113531	0.196486	0.280714	0.365597	0.439147	0.4979	0.52447	0.513451	0.467698	0.394163	0.289828	0.155493	0.000758391	-0.166528	-0.32216	-0.453777	-0.5502	-0.59796	-0.585841	-0.515582	-0.403215	-0.258757	-0.0918058	0.0800189	0.238228	0.38047	0.502092	0.605471	0.7	0.773023	0.823506	0.856203	0.862195	0.833984	0.756126	0.615673	0.41112	0.156952	-0.104907	-0.328136	-0.490292	-0.595979	-0.650165	-0.656813	-0.643293	-0.626449	-0.607931	-0.607931	
-0.134093	-0.0543821	0.0376065	0.139718	0.256614	0.382536	0.507152	0.618021	0.687334	0.704469	0.659901	0.553895	0.391465	0.192591	-0.0246596	-0.248561	-0.453777	-0.620029	-0.735348	-0.792934	-0.779667	-0.699535	-0.564318	-0.379702	-0.160254	0.0706113	0.29278	0.499285	0.669533	0.79111	0.870007	0.90407	0.903227	0.880537	0.840453	0.78113	0.690322	0.557344	0.374005	0.151251	-0.0773262	-0.28162	-0.442038	-0.55686	-0.629116	-0.659114	-0.666244	-0.664572	-0.65581	-0.65581	
-0.179473	-0.108282	-0.0151372	0.0968004	0.231711	0.387062	0.55538	0.708106	0.808899	0.840536	0.788519	0.65529	0.451149	0.210648	-0.0470381	-0.311701	-0.5502	-0.735348	-0.856356	-0.912089	-0.89912	-0.819431	-0.673416	-0.465008	-0.20995	0.0600369	0.321341	0.568418	0.774029	0.915648	0.989441	0.998988	0.961467	0.892859	0.815995	0.739584	0.643214	0.511545	0.339916	0.140664	-0.059123	-0.237306	-0.380999	-0.493991	-0.580678	-0.638874	-0.681565	-0.716696	-0.735172	-0.735172	
-0.200628	-0.133039	-0.03792	0.0776819	0.21832	0.387944	0.579051	0.75281	0.86902	0.904722	0.848433	0.699226	0.474293	0.217142	-0.0601672	-0.342968	-0.59796	-0.792934	-0.912089	-0.964054	-0.951485	-0.872246	-0.722446	-0.502135	-0.229022	0.0561534	0.331121	0.59259	0.812128	0.96177	1.03213	1.0328	0.978453	0.88697	0.79611	0.713991	0.617145	0.492914	0.333195	0.148846	-0.032685	-0.194608	-0.328485	-0.436258	-0.528454	-0.613517	-0.695634	-0.767651	-0.811133	-0.811133	
-0.200426	-0.133413	-0.0337968	0.0857822	0.226137	0.390364	0.573447	0.738539	0.849935	0.888184	0.837289	0.689272	0.467441	0.213577	-0.0577182	-0.33264	-0.585841	-0.779667	-0.89912	-0.951485	-0.938679	-0.86105	-0.712139	-0.492557	-0.225081	0.0516953	0.322208	0.579212	0.794085	0.938436	0.999167	0.993528	0.940215	0.854738	0.771435	0.698058	0.615072	0.505496	0.359658	0.191882	0.0232188	-0.137194	-0.280665	-0.403383	-0.513154	-0.61718	-0.71281	-0.795343	-0.850144	-0.850144	
-0.176573	-0.105867	-0.00131136	0.121289	0.253002	0.39328	0.541992	0.669394	0.75908	0.794225	0.754597	0.626434	0.427829	0.200501	-0.0407685	-0.285768	-0.515582	-0.699535	-0.819431	-0.872246	-0.86105	-0.785396	-0.640552	-0.436479	-0.196702	0.0512976	0.29582	0.525902	0.718416	0.842252	0.886211	0.883329	0.851609	0.797102	0.74634	0.700081	0.63682	0.542432	0.415016	0.266342	0.104463	-0.0684925	-0.24129	-0.394611	-0.523157	-0.635884	-0.731187	-0.807691	-0.859257	-0.859257	
-0.123454	-0.0428417	0.0642288	0.180183	0.288607	0.392727	0.490046	0.565879	0.618486	0.635413	0.604383	0.503288	0.350352	0.173224	-0.0184523	-0.212636	-0.403215	-0.564318	-0.673416	-0.722446	-0.712139	-0.640552	-0.509662	-0.335298	-0.139575	0.0565078	0.247374	0.425196	0.572879	0.667287	0.707578	0.72462	0.729345	0.726166	0.724583	0.713856	0.678631	0.606024	0.492934	0.348466	0.178188	-0.0118857	-0.204898	-0.375206	-0.516427	-0.640786	-0.744116	-0.823837	-0.877096	-0.877096	
-0.0458815	0.0441593	0.148569	0.24517	0.320128	0.378151	0.418248	0.439964	0.444433	0.43354	0.399236	0.330182	0.240624	0.131226	0.00962444	-0.121139	-0.258757	-0.379702	-0.465008	-0.502135	-0.492557	-0.436479	-0.335298	-0.204426	-0.0700164	0.0559029	0.174605	0.2782	0.36891	0.442191	0.494669	0.544043	0.596499	0.649552	0.696525	0.726769	0.726103	0.672595	0.564969	0.418238	0.242579	0.0485947	-0.149312	-0.328877	-0.482932	-0.624365	-0.750758	-0.853806	-0.92055	-0.92055	
0.0360033	0.124633	0.219759	0.297786	0.342278	0.353774	0.338459	0.304207	0.263778	0.22235	0.181077	0.14556	0.117734	0.0832176	0.0378376	-0.0216489	-0.0918058	-0.160254	-0.20995	-0.229022	-0.225081	-0.196702	-0.139575	-0.0700164	-0.00913162	0.042772	0.0829517	0.112807	0.153853	0.208523	0.276965	0.362923	0.459674	0.5629	0.656044	0.721495	0.743492	0.705007	0.614673	0.4864	0.323847	0.135568	-0.0647976	-0.257197	-0.43433	-0.605864	-0.765658	-0.893477	-0.96808	-0.96808	
0.113119	0.183202	0.26104	0.326106	0.350244	0.327616	0.260442	0.177515	0.100635	0.0386361	0.000411802	-0.00716426	0.0148175	0.0400796	0.0618722	0.0770204	0.0800189	0.0706113	0.0600369	0.0561534	0.0516953	0.0512976	0.0565078	0.0559029	0.042772	0.0216473	-0.0046266	-0.0279987	-0.0320996	-0.000607527	0.0753796	0.18109	0.311271	0.460952	0.591871	0.679843	0.718472	0.704688	0.65077	0.558507	0.422421	0.248507	0.0452616	-0.172963	-0.388911	-0.594355	-0.781488	-0.928666	-1.00905	-1.00905	
0.196438	0.238227	0.290547	0.334797	0.344591	0.297297	0.194711	0.07876	-0.0237793	-0.0912726	-0.123014	-0.107678	-0.0580521	0.00101177	0.0752758	0.158615	0.238228	0.29278	0.321341	0.331121	0.322208	0.29582	0.247374	0.174605	0.0829517	-0.0046266	-0.0755221	-0.134177	-0.170994	-0.161598	-0.0975181	0.00936435	0.160122	0.336847	0.49194	0.602715	0.666443	0.688734	0.678959	0.628512	0.524286	0.363459	0.15233	-0.0910173	-0.340045	-0.57586	-0.789553	-0.953764	-1.03677	-1.03677	
0.303697	0.322289	0.340285	0.349536	0.332992	0.262279	0.145947	0.0151841	-0.0954539	-0.168108	-0.196927	-0.169379	-0.111362	-0.0305949	0.0818045	0.226239	0.38047	0.499285	0.568418	0.59259	0.579212	0.525902	0.425196	0.2782	0.112807	-0.0279987	-0.134177	-0.212835	-0.266017	-0.276545	-0.226189	-0.123507	0.0254358	0.202507	0.369012	0.501431	0.595289	0.660052	0.697449	0.686608	0.606144	0.453631	0.242637	-0.0125962	-0.287824	-0.550958	-0.783755	-0.95732	-1.04161	-1.04161	
0.418367	0.417715	0.399535	0.368422	0.313861	0.225354	0.111105	-0.0062493	-0.105594	-0.179364	-0.207917	-0.182675	-0.120882	-0.0242373	0.114066	0.299489	0.502092	0.669533	0.774029	0.812128	0.794085	0.718416	0.572879	0.36891	0.153853	-0.0320996	-0.170994	-0.266017	-0.331627	-0.346547	-0.298329	-0.20668	-0.0770491	0.0793822	0.240692	0.388463	0.513867	0.621986	0.698985	0.714573	0.653073	0.515776	0.311343	0.0489849	-0.24178	-0.517952	-0.75637	-0.931474	-1.01712	-1.01712	
0.5159	0.494236	0.447214	0.382244	0.302049	0.206324	0.107186	0.0196316	-0.0563067	-0.117759	-0.146457	-0.127396	-0.0638824	0.0455266	0.19883	0.393903	0.605471	0.79111	0.915648	0.96177	0.938436	0.842252	0.667287	0.442191	0.208523	-0.000607527	-0.161598	-0.276545	-0.346547	-0.358208	-0.322207	-0.251711	-0.151669	-0.0274132	0.123243	0.283063	0.4349	0.574418	0.675641	0.712242	0.671086	0.544826	0.344594	0.0891836	-0.196383	-0.474395	-0.711091	-0.879354	-0.962782	-0.962782	
0.598611	0.56041	0.490334	0.404494	0.316172	0.225809	0.147225	0.0810861	0.0281104	-0.0142647	-0.0304263	-0.00894241	0.0588052	0.179828	0.335926	0.51544	0.7	0.870007	0.989441	1.03213	0.999167	0.886211	0.707578	0.494669	0.276965	0.0753796	-0.0975181	-0.226189	-0.298329	-0.322207	-0.3102	-0.263845	-0.193861	-0.0982042	0.0346285	0.18826	0.34923	0.507538	0.631935	0.69199	0.66541	0.547926	0.359705	0.118941	-0.156561	-0.428225	-0.65241	-0.80932	-0.893063	-0.893063	
0.659341	0.617143	0.537343	0.446709	0.360446	0.289559	0.231175	0.178569	0.137434	0.114269	0.123434	0.157464	0.232606	0.351441	0.492643	0.636257	0.773023	0.90407	0.998988	1.0328	0.993528	0.883329	0.72462	0.544043	0.362923	0.18109	0.00936435	-0.123507	-0.20668	-0.251711	-0.263845	-0.239001	-0.189867	-0.121262	-0.023559	0.103476	0.259533	0.428409	0.569657	0.647488	0.643939	0.555062	0.385909	0.15256	-0.118598	-0.38671	-0.601232	-0.74325	-0.818744	-0.818744	
0.687795	0.649062	0.578734	0.495428	0.419634	0.370273	0.331885	0.29459	0.260272	0.256842	0.291568	0.346922	0.430037	0.533706	0.643768	0.739793	0.823506	0.903227	0.961467	0.978453	0.940215	0.851609	0.729345	0.596499	0.459674	0.311271	0.160122	0.0254358	-0.0770491	-0.151669	-0.193861	-0.189867	-0.158072	-0.114365	-0.0503665	0.0500158	0.193544	0.353525	0.493211	0.591427	0.627718	0.575958	0.425154	0.196426	-0.0767035	-0.349462	-0.562182	-0.694531	-0.762029	-0.762029	
0.680392	0.643974	0.585231	0.514085	0.455256	0.421248	0.403142	0.386451	0.371946	0.393272	0.449206	0.527432	0.618547	0.705304	0.778682	0.825632	0.856203	0.880537	0.892859	0.88697	0.854738	0.797102	0.726166	0.649552	0.5629	0.460952	0.336847	0.202507	0.0793822	-0.0274132	-0.0982042	-0.121262	-0.114365	-0.0916913	-0.0509642	0.0309593	0.159041	0.304686	0.44911	0.570084	0.628349	0.593839	0.456182	0.233355	-0.0355589	-0.302772	-0.519247	-0.664141	-0.739421	-0.739421	
0.631419	0.601136	0.545725	0.486549	0.445971	0.427799	0.4294	0.435966	0.454932	0.502377	0.569682	0.657131	0.74648	0.819201	0.863814	0.872223	0.862195	0.840453	0.815995	0.79611	0.771435	0.74634	0.724583	0.696525	0.656044	0.591871	0.49194	0.369012	0.240692	0.123243	0.0346285	-0.023559	-0.0503665	-0.0509642	-0.0277615	0.041963	0.160812	0.308962	0.465001	0.586957	0.63899	0.605931	0.475344	0.260562	0.00429602	-0.254094	-0.481638	-0.644196	-0.723878	-0.723878	
0.529169	0.513378	0.4643	0.413782	0.384381	0.383225	0.403239	0.434441	0.488908	0.556724	0.628504	0.708465	0.784223	0.847463	0.876143	0.867889	0.833984	0.78113	0.739584	0.713991	0.698058	0.700081	0.713856	0.726769	0.721495	0.679843	0.602715	0.501431	0.388463	0.283063	0.18826	0.103476	0.0500158	0.0309593	0.041963	0.100787	0.211947	0.356793	0.50171	0.608768	0.656169	0.626312	0.502185	0.293373	0.0404045	-0.215103	-0.444828	-0.613495	-0.694893	-0.694893	
0.370249	0.369899	0.341024	0.302725	0.277276	0.285129	0.319573	0.379044	0.461514	0.542762	0.616919	0.681423	0.740625	0.790215	0.811583	0.803469	0.756126	0.690322	0.643214	0.617145	0.615072	0.63682	0.678631	0.726103	0.743492	0.718472	0.666443	0.595289	0.513867	0.4349	0.34923	0.259533	0.193544	0.159041	0.160812	0.211947	0.305721	0.421322	0.535306	0.626316	0.672511	0.648331	0.536285	0.338913	0.0917861	-0.158427	-0.385634	-0.558613	-0.645334	-0.645334	
0.1933	0.20118	0.198186	0.18094	0.160787	0.162369	0.199306	0.278852	0.373703	0.458792	0.526369	0.577034	0.618564	0.646482	0.663636	0.659278	0.615673	0.557344	0.511545	0.492914	0.505496	0.542432	0.606024	0.672595	0.705007	0.704688	0.688734	0.660052	0.621986	0.574418	0.507538	0.428409	0.353525	0.304686	0.308962	0.356793	0.421322	0.495577	0.572267	0.639516	0.678217	0.660155	0.567993	0.400489	0.178381	-0.0609583	-0.284817	-0.458427	-0.549815	-0.549815	
0.0474605	0.0578413	0.0679902	0.0682732	0.0557014	0.0421431	0.0666131	0.141356	0.231903	0.308194	0.362543	0.403473	0.425595	0.432355	0.437977	0.434483	0.41112	0.374005	0.339916	0.333195	0.359658	0.415016	0.492934	0.564969	0.614673	0.65077	0.678959	0.697449	0.698985	0.675641	0.631935	0.569657	0.493211	0.44911	0.465001	0.50171	0.535306	0.572267	0.611316	0.652706	0.680528	0.66473	0.595254	0.470531	0.292384	0.0861771	-0.112663	-0.27783	-0.377671	-0.377671	
-0.0525103	-0.0389505	-0.0331231	-0.0334157	-0.046576	-0.0709463	-0.0672874	-0.0205815	0.0487302	0.107037	0.151125	0.180593	0.187042	0.176165	0.162354	0.157124	0.156952	0.151251	0.140664	0.148846	0.191882	0.266342	0.348466	0.418238	0.4864	0.558507	0.628512	0.686608	0.714573	0.712242	0.69199	0.647488	0.591427	0.570084	0.586957	0.608768	0.626316	0.639516	0.652706	0.672384	0.6815	0.663108	0.619521	0.548863	0.44034	0.297045	0.141758	-0.000187528	-0.0930493	-0.0930493	
-0.121424	-0.108093	-0.115016	-0.132513	-0.159311	-0.187346	-0.201512	-0.189003	-0.154569	-0.113648	-0.0762083	-0.0578368	-0.0605195	-0.0846101	-0.112447	-0.122586	-0.104907	-0.0773262	-0.059123	-0.032685	0.0232188	0.104463	0.178188	0.242579	0.323847	0.422421	0.524286	0.606144	0.653073	0.671086	0.66541	0.643939	0.627718	0.628349	0.63899	0.656169	0.672511	0.678217	0.680528	0.6815	0.675618	0.668359	0.664698	0.660745	0.636108	0.569484	0.474398	0.381914	0.320957	0.320957	
-0.18047	-0.180562	-0.202264	-0.24023	-0.282701	-0.312015	-0.333064	-0.346088	-0.343773	-0.315137	-0.283297	-0.269454	-0.278384	-0.305611	-0.337374	-0.353212	-0.328136	-0.28162	-0.237306	-0.194608	-0.137194	-0.0684925	-0.0118857	0.0485947	0.135568	0.248507	0.363459	0.453631	0.515776	0.544826	0.547926	0.555062	0.575958	0.593839	0.605931	0.626312	0.648331	0.660155	0.66473	0.663108	0.668359	0.699517	0.755877	0.825759	0.883888	0.904007	0.891353	0.865436	0.84303	0.84303	
-0.238809	-0.262674	-0.299593	-0.349449	-0.396213	-0.425287	-0.445875	-0.471387	-0.485103	-0.468513	-0.443351	-0.432984	-0.445452	-0.466773	-0.495065	-0.509825	-0.490292	-0.442038	-0.380999	-0.328485	-0.280665	-0.24129	-0.204898	-0.149312	-0.0647976	0.0452616	0.15233	0.242637	0.311343	0.344594	0.359705	0.385909	0.425154	0.456182	0.475344	0.502185	0.536285	0.567993	0.595254	0.619521	0.664698	0.755877	0.886862	1.03861	1.19034	1.31274	1.38744	1.42613	1.4458	1.4458	
-0.300397	-0.347665	-0.395933	-0.442852	-0.477564	-0.49963	-0.517912	-0.542732	-0.557679	-0.55434	-0.542113	-0.541932	-0.555195	-0.572547	-0.59242	-0.602275	-0.595979	-0.55686	-0.493991	-0.436258	-0.403383	-0.394611	-0.375206	-0.328877	-0.257197	-0.172963	-0.0910173	-0.0125962	0.0489849	0.0891836	0.118941	0.15256	0.196426	0.233355	0.260562	0.293373	0.338913	0.400489	0.470531	0.548863	0.660745	0.825759	1.03861	1.28218	1.53892	1.77387	1.94335	2.0482	2.10727	2.10727	
-0.354939	-0.422439	-0.474223	-0.505105	-0.516497	-0.524061	-0.538383	-0.55445	-0.56528	-0.574397	-0.583316	-0.596721	-0.611351	-0.628364	-0.638224	-0.645623	-0.650165	-0.629116	-0.580678	-0.528454	-0.513154	-0.523157	-0.516427	-0.482932	-0.43433	-0.388911	-0.340045	-0.287824	-0.24178	-0.196383	-0.156561	-0.118598	-0.0767035	-0.0355589	0.00429602	0.0404045	0.0917861	0.178381	0.292384	0.44034	0.636108	0.883888	1.19034	1.53892	1.89765	2.23889	2.52115	2.71266	2.8096	2.8096	
-0.386313	-0.470243	-0.516903	-0.52638	-0.512871	-0.50303	-0.508759	-0.51613	-0.526218	-0.548822	-0.580394	-0.605808	-0.624078	-0.638143	-0.641653	-0.647075	-0.656813	-0.659114	-0.638874	-0.613517	-0.61718	-0.635884	-0.640786	-0.624365	-0.605864	-0.594355	-0.57586	-0.550958	-0.517952	-0.474395	-0.428225	-0.38671	-0.349462	-0.302772	-0.254094	-0.215103	-0.158427	-0.0609583	0.0861771	0.297045	0.569484	0.904007	1.31274	1.77387	2.23889	2.67983	3.07377	3.36836	3.51827	3.51827	
-0.407907	-0.496725	-0.527751	-0.51393	-0.477769	-0.446915	-0.433714	-0.432453	-0.447419	-0.485207	-0.534271	-0.573057	-0.599655	-0.614059	-0.621306	-0.628133	-0.643293	-0.666244	-0.681565	-0.695634	-0.71281	-0.731187	-0.744116	-0.750758	-0.765658	-0.781488	-0.789553	-0.783755	-0.75637	-0.711091	-0.65241	-0.601232	-0.562182	-0.519247	-0.481638	-0.444828	-0.385634	-0.284817	-0.112663	0.141758	0.474398	0.891353	1.38744	1.94335	2.52115	3.07377	3.56901	3.95222	4.15534	4.15534	
-0.428006	-0.510213	-0.520776	-0.486272	-0.433787	-0.382108	-0.344274	-0.334033	-0.357683	-0.40812	-0.467103	-0.518401	-0.554205	-0.574712	-0.590235	-0.60435	-0.626449	-0.664572	-0.716696	-0.767651	-0.795343	-0.807691	-0.823837	-0.853806	-0.893477	-0.928666	-0.953764	-0.95732	-0.931474	-0.879354	-0.80932	-0.74325	-0.694531	-0.664141	-0.644196	-0.613495	-0.558613	-0.458427	-0.27783	-0.000187528	0.381914	0.865436	1.42613	2.0482	2.71266	3.36836	3.95222	4.39824	4.64053	4.64053	
-0.435142	-0.510858	-0.508811	-0.463761	-0.40544	-0.342794	-0.289275	-0.274176	-0.30553	-0.362294	-0.424207	-0.48052	-0.519408	-0.543254	-0.561507	-0.581754	-0.607931	-0.65581	-0.735172	-0.811133	-0.850144	-0.859257	-0.877096	-0.92055	-0.96808	-1.00905	-1.03677	-1.04161	-1.01712	-0.962782	-0.893063	-0.818744	-0.762029	-0.739421	-0.723878	-0.694893	-0.645334	-0.549815	-0.377671	-0.0930493	0.320957	0.84303	1.4458	2.10727	2.8096	3.51827	4.15534	4.64053	4.91105	4.91105	
-0.435142	-0.510858	-0.508811	-0.463761	-0.40544	-0.342794	-0.289275	-0.274176	-0.30553	-0.362294	-0.424207	-0.48052	-0.519408	-0.543254	-0.561507	-0.581754	-0.607931	-0.65581	-0.735172	-0.811133	-0.850144	-0.859257	-0.877096	-0.92055	-0.96808	-1.00905	-1.03677	-1.04161	-1.01712	-0.962782	-0.893063	-0.818744	-0.762029	-0.739421	-0.723878	-0.694893	-0.645334	-0.549815	-0.377671	-0.0930493	0.320957	0.84303	1.4458	2.10727	2.8096	3.51827	4.15534	4.64053	4.91105	4.91105	
