0.213597	0.0281701	-0.170237	-0.362971	-0.534183	-0.668926	-0.759323	-0.801049	-0.792935	-0.753692	-0.68274	-0.595412	-0.497993	-0.398016	-0.321572	-0.260116	-0.199776	-0.146691	-0.0955671	-0.0465066	0.0144391	0.0816529	0.12704	0.127258	0.0858811	0.0107336	-0.0989974	-0.224851	-0.347647	-0.461008	-0.569018	-0.672716	-0.747797	-0.754064	-0.673068	-0.521294	-0.330756	-0.113294	0.111126	0.324693	0.508571	0.657421	0.784472	0.888851	0.969953	1.02551	1.0592	1.07409	1.07544	1.07544	
0.0281701	-0.138493	-0.306336	-0.463916	-0.591793	-0.679449	-0.728134	-0.734065	-0.702206	-0.642118	-0.558782	-0.465018	-0.368591	-0.280931	-0.211302	-0.152591	-0.0951038	-0.0442765	-0.00528378	0.0338132	0.0880883	0.147692	0.179704	0.167275	0.125847	0.0593249	-0.0438587	-0.165353	-0.286075	-0.405811	-0.525654	-0.632771	-0.711777	-0.730738	-0.671773	-0.554299	-0.396389	-0.212295	-0.0100018	0.186812	0.371029	0.531796	0.66696	0.787148	0.886081	0.969465	1.02851	1.06651	1.08228	1.08228	
-0.170237	-0.306336	-0.439741	-0.556225	-0.63227	-0.665827	-0.667576	-0.640594	-0.592437	-0.521689	-0.4288	-0.341139	-0.255959	-0.176594	-0.112587	-0.0558917	-0.00576094	0.0389701	0.0753666	0.112032	0.160688	0.209531	0.232305	0.218554	0.184154	0.132667	0.0447735	-0.0621916	-0.172105	-0.296877	-0.422598	-0.533158	-0.615749	-0.651099	-0.627422	-0.557098	-0.439713	-0.287523	-0.118756	0.0507569	0.216197	0.380551	0.528746	0.667449	0.791071	0.894324	0.976214	1.0342	1.06486	1.06486	
-0.362971	-0.463916	-0.556225	-0.628032	-0.652369	-0.631251	-0.5897	-0.531982	-0.468513	-0.392574	-0.310623	-0.237314	-0.164607	-0.0888416	-0.0275044	0.0254256	0.0705031	0.111593	0.150413	0.189216	0.236334	0.278971	0.300075	0.295637	0.274759	0.235041	0.167318	0.0781379	-0.0200641	-0.137326	-0.263229	-0.380817	-0.475901	-0.537687	-0.5546	-0.529082	-0.452622	-0.336236	-0.205791	-0.0727021	0.0702216	0.230994	0.391184	0.554235	0.702004	0.82708	0.930014	1.00383	1.04629	1.04629	
-0.534183	-0.591793	-0.63227	-0.652369	-0.632569	-0.574093	-0.500216	-0.416948	-0.340369	-0.272162	-0.211143	-0.15315	-0.093601	-0.029172	0.0284475	0.0822108	0.13221	0.169963	0.209264	0.25544	0.307488	0.35295	0.385833	0.399995	0.390906	0.360673	0.309338	0.241152	0.161152	0.0616224	-0.0559124	-0.182536	-0.29843	-0.392074	-0.444411	-0.456205	-0.417465	-0.345473	-0.261936	-0.161186	-0.0396607	0.114	0.280344	0.456876	0.625486	0.773496	0.895034	0.979405	1.02321	1.02321	
-0.668926	-0.679449	-0.665827	-0.631251	-0.574093	-0.493258	-0.401575	-0.303966	-0.224351	-0.166633	-0.122297	-0.0780166	-0.0392838	0.00697567	0.0618538	0.120463	0.174965	0.210266	0.250036	0.304867	0.36737	0.425548	0.48464	0.522688	0.52448	0.501781	0.466644	0.421693	0.364419	0.281769	0.173668	0.0400091	-0.092495	-0.208733	-0.290783	-0.330582	-0.332767	-0.312346	-0.277433	-0.210972	-0.110736	0.0286945	0.193408	0.377201	0.563198	0.738578	0.882947	0.977463	1.02115	1.02115	
-0.759323	-0.728134	-0.667576	-0.5897	-0.500216	-0.401575	-0.29979	-0.2086	-0.138807	-0.0874777	-0.050812	-0.0206499	0.00602296	0.0403168	0.0915406	0.152522	0.206172	0.242178	0.290383	0.353342	0.430524	0.513825	0.597594	0.656627	0.669286	0.652752	0.629968	0.60533	0.565191	0.49691	0.396294	0.265843	0.132387	0.00557538	-0.100263	-0.172161	-0.218575	-0.249163	-0.256173	-0.222493	-0.147431	-0.0243031	0.138931	0.330612	0.530898	0.726008	0.889887	0.996186	1.04575	1.04575	
-0.801049	-0.734065	-0.640594	-0.531982	-0.416948	-0.303966	-0.2086	-0.139142	-0.0885477	-0.0519093	-0.0215292	0.00743907	0.0362026	0.0746251	0.128691	0.191906	0.251772	0.300617	0.361956	0.435751	0.527903	0.626341	0.719504	0.789463	0.813566	0.805721	0.78796	0.768718	0.739202	0.679329	0.586056	0.470557	0.347061	0.223262	0.105678	0.00600089	-0.0766128	-0.14579	-0.187808	-0.187023	-0.1435	-0.0444085	0.114075	0.309484	0.517473	0.722345	0.898356	1.02206	1.08518	1.08518	
-0.792935	-0.702206	-0.592437	-0.468513	-0.340369	-0.224351	-0.138807	-0.0885477	-0.0602787	-0.0404711	-0.0151738	0.015102	0.0571706	0.111646	0.180564	0.258701	0.33274	0.404398	0.481689	0.565916	0.657145	0.755501	0.844061	0.913542	0.956236	0.957382	0.937589	0.91598	0.882346	0.826121	0.742651	0.641133	0.53077	0.416064	0.297188	0.182955	0.0791446	-0.0179576	-0.0875518	-0.116884	-0.103014	-0.0299809	0.11217	0.301435	0.50866	0.715691	0.89721	1.03654	1.11182	1.11182	
-0.753692	-0.642118	-0.521689	-0.392574	-0.272162	-0.166633	-0.0874777	-0.0519093	-0.0404711	-0.0303799	-0.00639189	0.0265867	0.0818073	0.158765	0.248943	0.346143	0.444906	0.549237	0.652351	0.742171	0.82762	0.913104	0.978635	1.03305	1.07439	1.08098	1.06351	1.03692	0.999374	0.946134	0.874608	0.786633	0.686138	0.579578	0.461326	0.341837	0.224536	0.10886	0.0153395	-0.0389037	-0.0456636	0.000392055	0.11599	0.289	0.489199	0.695364	0.883658	1.02924	1.11207	1.11207	
-0.68274	-0.558782	-0.4288	-0.310623	-0.211143	-0.122297	-0.050812	-0.0215292	-0.0151738	-0.00639189	0.0123603	0.0480539	0.117132	0.216197	0.329855	0.454904	0.58781	0.730287	0.851422	0.946802	1.02318	1.086	1.11963	1.13995	1.16275	1.16906	1.1575	1.1315	1.09118	1.03843	0.975303	0.899422	0.81048	0.712644	0.599373	0.47606	0.352997	0.221912	0.103496	0.0281343	-0.00171903	0.0191969	0.107931	0.259297	0.451274	0.656201	0.849615	1.00179	1.08591	1.08591	
-0.595412	-0.465018	-0.341139	-0.237314	-0.15315	-0.0780166	-0.0206499	0.00743907	0.015102	0.0265867	0.0480539	0.0908678	0.175015	0.290131	0.426417	0.58332	0.74934	0.911359	1.04397	1.14323	1.20661	1.24484	1.24632	1.23048	1.22656	1.22167	1.21483	1.19721	1.1603	1.11028	1.04966	0.979366	0.898267	0.80693	0.696922	0.574717	0.448119	0.304347	0.169995	0.0733992	0.0251019	0.0277751	0.0953182	0.228916	0.402814	0.597899	0.787184	0.937041	1.01946	1.01946	
-0.497993	-0.368591	-0.255959	-0.164607	-0.093601	-0.0392838	0.00602296	0.0362026	0.0571706	0.0818073	0.117132	0.175015	0.263599	0.387148	0.543334	0.725656	0.90802	1.07443	1.20913	1.30081	1.34671	1.36045	1.34042	1.30247	1.27082	1.24914	1.23986	1.22683	1.19895	1.15075	1.09078	1.02019	0.943347	0.858384	0.757876	0.644376	0.511349	0.359732	0.209532	0.0968822	0.0316668	0.0213258	0.0779005	0.192143	0.348822	0.52562	0.701039	0.837103	0.911904	0.911904	
-0.398016	-0.280931	-0.176594	-0.0888416	-0.029172	0.00697567	0.0403168	0.0746251	0.111646	0.158765	0.216197	0.290131	0.387148	0.51914	0.687333	0.873035	1.05369	1.2124	1.33589	1.41237	1.43916	1.43477	1.4003	1.3474	1.29731	1.25956	1.23853	1.22222	1.19458	1.14948	1.09083	1.02627	0.95802	0.887358	0.806396	0.700099	0.561401	0.394743	0.229306	0.094675	0.00825775	-0.0152697	0.0290217	0.130123	0.275346	0.443529	0.6026	0.722397	0.785511	0.785511	
-0.321572	-0.211302	-0.112587	-0.0275044	0.0284475	0.0618538	0.0915406	0.128691	0.180564	0.248943	0.329855	0.426417	0.543334	0.687333	0.850627	1.01795	1.17795	1.31393	1.41462	1.47153	1.48299	1.46216	1.41305	1.35089	1.29786	1.25548	1.2286	1.20568	1.17245	1.12583	1.07263	1.01751	0.963292	0.910645	0.842356	0.739556	0.590765	0.412549	0.231277	0.0702975	-0.0401806	-0.080433	-0.0487617	0.042822	0.183014	0.34678	0.495413	0.602608	0.658989	0.658989	
-0.260116	-0.152591	-0.0558917	0.0254256	0.0822108	0.120463	0.152522	0.191906	0.258701	0.346143	0.454904	0.58332	0.725656	0.873035	1.01795	1.15296	1.27483	1.37651	1.44567	1.47601	1.47141	1.43535	1.37506	1.31461	1.26683	1.23436	1.21389	1.18821	1.1487	1.09892	1.04809	1.0002	0.957762	0.917405	0.857084	0.753608	0.60199	0.420775	0.223773	0.0375777	-0.0995311	-0.159475	-0.139004	-0.0574432	0.0769676	0.235863	0.382258	0.494642	0.556047	0.556047	
-0.199776	-0.0951038	-0.00576094	0.0705031	0.13221	0.174965	0.206172	0.251772	0.33274	0.444906	0.58781	0.74934	0.90802	1.05369	1.17795	1.27483	1.3535	1.41537	1.44914	1.45118	1.43088	1.39068	1.33197	1.2743	1.23154	1.2043	1.18638	1.15736	1.11209	1.06304	1.01307	0.967548	0.930624	0.899305	0.842696	0.740435	0.591541	0.405209	0.199003	-0.00795532	-0.165465	-0.240273	-0.231836	-0.154798	-0.0276497	0.129775	0.287872	0.419254	0.496966	0.496966	
-0.146691	-0.0442765	0.0389701	0.111593	0.169963	0.210266	0.242178	0.300617	0.404398	0.549237	0.730287	0.911359	1.07443	1.2124	1.31393	1.37651	1.41537	1.44637	1.4516	1.43407	1.40414	1.36189	1.30635	1.2512	1.21036	1.18486	1.1638	1.1282	1.08066	1.02669	0.969962	0.918236	0.881035	0.850513	0.799099	0.698357	0.546573	0.354918	0.140032	-0.071185	-0.240283	-0.327852	-0.32695	-0.251746	-0.117513	0.0558139	0.238311	0.39616	0.488043	0.488043	
-0.0955671	-0.00528378	0.0753666	0.150413	0.209264	0.250036	0.290383	0.361956	0.481689	0.652351	0.851422	1.04397	1.20913	1.33589	1.41462	1.44567	1.44914	1.4516	1.44507	1.42091	1.38827	1.3438	1.28641	1.23315	1.19737	1.17215	1.15	1.1163	1.06659	1.00461	0.938648	0.882542	0.841361	0.804866	0.7491	0.643697	0.477798	0.272567	0.0588646	-0.146877	-0.313484	-0.405412	-0.411487	-0.331166	-0.180542	0.0178787	0.224971	0.393892	0.489541	0.489541	
-0.0465066	0.0338132	0.112032	0.189216	0.25544	0.304867	0.353342	0.435751	0.565916	0.742171	0.946802	1.14323	1.30081	1.41237	1.47153	1.47601	1.45118	1.43407	1.42091	1.39795	1.36525	1.31691	1.26072	1.21458	1.18602	1.17094	1.15648	1.13084	1.08192	1.00558	0.931634	0.872667	0.822152	0.770703	0.706439	0.588885	0.405242	0.186316	-0.0320453	-0.230443	-0.391305	-0.476867	-0.478316	-0.387615	-0.213434	0.0103882	0.235621	0.409263	0.503769	0.503769	
0.0144391	0.0880883	0.160688	0.236334	0.307488	0.36737	0.430524	0.527903	0.657145	0.82762	1.02318	1.20661	1.34671	1.43916	1.48299	1.47141	1.43088	1.40414	1.38827	1.36525	1.33367	1.29004	1.23994	1.19898	1.17844	1.16772	1.162	1.14729	1.09954	1.02087	0.945098	0.882444	0.819097	0.747511	0.667394	0.536996	0.341312	0.112399	-0.113733	-0.31523	-0.465596	-0.532065	-0.514601	-0.404999	-0.214129	0.0248684	0.259096	0.440336	0.538768	0.538768	
0.0816529	0.147692	0.209531	0.278971	0.35295	0.425548	0.513825	0.626341	0.755501	0.913104	1.086	1.24484	1.36045	1.43477	1.46216	1.43535	1.39068	1.36189	1.3438	1.31691	1.29004	1.25682	1.21889	1.18737	1.17157	1.16842	1.16995	1.16109	1.11825	1.04192	0.966484	0.896112	0.818236	0.728114	0.626919	0.487026	0.290373	0.0638444	-0.168487	-0.373295	-0.512655	-0.557249	-0.514039	-0.387031	-0.187067	0.0512138	0.288898	0.478034	0.584521	0.584521	
0.12704	0.179704	0.232305	0.300075	0.385833	0.48464	0.597594	0.719504	0.844061	0.978635	1.11963	1.24632	1.34042	1.4003	1.41305	1.37506	1.33197	1.30635	1.28641	1.26072	1.23994	1.21889	1.1922	1.16823	1.15842	1.16905	1.18109	1.1753	1.13696	1.06652	0.987792	0.909976	0.822361	0.718348	0.600398	0.45168	0.262513	0.0456138	-0.180338	-0.379969	-0.510191	-0.544365	-0.487654	-0.350646	-0.151169	0.0819157	0.314978	0.505427	0.612752	0.612752	
0.127258	0.167275	0.218554	0.295637	0.399995	0.522688	0.656627	0.789463	0.913542	1.03305	1.13995	1.23048	1.30247	1.3474	1.35089	1.31461	1.2743	1.2512	1.23315	1.21458	1.19898	1.18737	1.16823	1.14662	1.15014	1.17229	1.19315	1.19145	1.15478	1.08802	1.00137	0.910372	0.814203	0.704229	0.57766	0.427314	0.242985	0.0370456	-0.170931	-0.354374	-0.475409	-0.509359	-0.450255	-0.310516	-0.109104	0.123161	0.35107	0.535076	0.635406	0.635406	
0.0858811	0.125847	0.184154	0.274759	0.390906	0.52448	0.669286	0.813566	0.956236	1.07439	1.16275	1.22656	1.27082	1.29731	1.29786	1.26683	1.23154	1.21036	1.19737	1.18602	1.17844	1.17157	1.15842	1.15014	1.15745	1.1808	1.20155	1.19855	1.164	1.09155	0.98935	0.880195	0.769367	0.659808	0.539697	0.397375	0.219683	0.0272147	-0.158899	-0.321394	-0.429519	-0.463333	-0.403984	-0.265394	-0.0626071	0.169565	0.391444	0.565713	0.660383	0.660383	
0.0107336	0.0593249	0.132667	0.235041	0.360673	0.501781	0.652752	0.805721	0.957382	1.08098	1.16906	1.22167	1.24914	1.25956	1.25548	1.23436	1.2043	1.18486	1.17215	1.17094	1.16772	1.16842	1.16905	1.17229	1.1808	1.19071	1.203	1.19583	1.14764	1.06063	0.941277	0.812338	0.689265	0.584482	0.479968	0.353757	0.196293	0.0239527	-0.137606	-0.279034	-0.372829	-0.399951	-0.344319	-0.215046	-0.0240573	0.193678	0.398483	0.562207	0.65441	0.65441	
-0.0989974	-0.0438587	0.0447735	0.167318	0.309338	0.466644	0.629968	0.78796	0.937589	1.06351	1.1575	1.21483	1.23986	1.23853	1.2286	1.21389	1.18638	1.1638	1.15	1.15648	1.162	1.16995	1.18109	1.19315	1.20155	1.203	1.20788	1.18157	1.10499	0.99348	0.855122	0.712024	0.583526	0.484404	0.390721	0.284205	0.157	0.0173853	-0.11811	-0.237258	-0.312718	-0.335201	-0.287509	-0.176084	-0.00779376	0.186131	0.369764	0.523122	0.614281	0.614281	
-0.224851	-0.165353	-0.0621916	0.0781379	0.241152	0.421693	0.60533	0.768718	0.91598	1.03692	1.1315	1.19721	1.22683	1.22222	1.20568	1.18821	1.15736	1.1282	1.1163	1.13084	1.14729	1.16109	1.1753	1.19145	1.19855	1.19583	1.18157	1.12498	1.02022	0.887597	0.74096	0.597527	0.475438	0.38098	0.288252	0.196248	0.100153	-0.00634492	-0.113565	-0.203698	-0.25915	-0.278767	-0.245193	-0.158418	-0.0179767	0.14842	0.312838	0.450999	0.53451	0.53451	
-0.347647	-0.286075	-0.172105	-0.0200641	0.161152	0.364419	0.565191	0.739202	0.882346	0.999374	1.09118	1.1603	1.19895	1.19458	1.17245	1.1487	1.11209	1.08066	1.06659	1.08192	1.09954	1.11825	1.13696	1.15478	1.164	1.14764	1.10499	1.02022	0.89384	0.753036	0.607092	0.472426	0.361599	0.268762	0.180781	0.10451	0.0378694	-0.0388121	-0.115118	-0.176634	-0.216981	-0.23806	-0.223845	-0.164616	-0.0581336	0.082322	0.22789	0.348755	0.418043	0.418043	
-0.461008	-0.405811	-0.296877	-0.137326	0.0616224	0.281769	0.49691	0.679329	0.826121	0.946134	1.03843	1.11028	1.15075	1.14948	1.12583	1.09892	1.06304	1.02669	1.00461	1.00558	1.02087	1.04192	1.06652	1.08802	1.09155	1.06063	0.99348	0.887597	0.753036	0.609763	0.470024	0.340792	0.230545	0.139789	0.0621194	0.0062962	-0.0353912	-0.0768233	-0.120027	-0.155848	-0.18595	-0.209379	-0.209236	-0.180839	-0.113099	-0.0106238	0.105158	0.200597	0.253326	0.253326	
-0.569018	-0.525654	-0.422598	-0.263229	-0.0559124	0.173668	0.396294	0.586056	0.742651	0.874608	0.975303	1.04966	1.09078	1.09083	1.07263	1.04809	1.01307	0.969962	0.938648	0.931634	0.945098	0.966484	0.987792	1.00137	0.98935	0.941277	0.855122	0.74096	0.607092	0.470024	0.336022	0.205514	0.095333	0.0105355	-0.052548	-0.0930036	-0.112204	-0.121259	-0.134241	-0.153866	-0.178573	-0.201193	-0.213082	-0.209492	-0.180624	-0.123945	-0.052389	0.0104916	0.046763	0.046763	
-0.672716	-0.632771	-0.533158	-0.380817	-0.182536	0.0400091	0.265843	0.470557	0.641133	0.786633	0.899422	0.979366	1.02019	1.02627	1.01751	1.0002	0.967548	0.918236	0.882542	0.872667	0.882444	0.896112	0.909976	0.910372	0.880195	0.812338	0.712024	0.597527	0.472426	0.340792	0.205514	0.0773533	-0.0243605	-0.0974085	-0.148397	-0.176722	-0.180384	-0.172106	-0.172295	-0.184944	-0.204574	-0.227997	-0.251715	-0.26627	-0.266564	-0.251808	-0.227073	-0.200371	-0.181815	-0.181815	
-0.747797	-0.711777	-0.615749	-0.475901	-0.29843	-0.092495	0.132387	0.347061	0.53077	0.686138	0.81048	0.898267	0.943347	0.95802	0.963292	0.957762	0.930624	0.881035	0.841361	0.822152	0.819097	0.818236	0.822361	0.814203	0.769367	0.689265	0.583526	0.475438	0.361599	0.230545	0.095333	-0.0243605	-0.115667	-0.185932	-0.230706	-0.246984	-0.243577	-0.233699	-0.234424	-0.237561	-0.248817	-0.274395	-0.309228	-0.342242	-0.367573	-0.391448	-0.410824	-0.420088	-0.423859	-0.423859	
-0.754064	-0.730738	-0.651099	-0.537687	-0.392074	-0.208733	0.00557538	0.223262	0.416064	0.579578	0.712644	0.80693	0.858384	0.887358	0.910645	0.917405	0.899305	0.850513	0.804866	0.770703	0.747511	0.728114	0.718348	0.704229	0.659808	0.584482	0.484404	0.38098	0.268762	0.139789	0.0105355	-0.0974085	-0.185932	-0.259365	-0.301892	-0.310576	-0.306426	-0.30214	-0.295683	-0.290474	-0.293949	-0.320114	-0.365641	-0.41412	-0.471613	-0.533953	-0.590975	-0.633006	-0.656283	-0.656283	
-0.673068	-0.671773	-0.627422	-0.5546	-0.444411	-0.290783	-0.100263	0.105678	0.297188	0.461326	0.599373	0.696922	0.757876	0.806396	0.842356	0.857084	0.842696	0.799099	0.7491	0.706439	0.667394	0.626919	0.600398	0.57766	0.539697	0.479968	0.390721	0.288252	0.180781	0.0621194	-0.052548	-0.148397	-0.230706	-0.301892	-0.342912	-0.358746	-0.360345	-0.348715	-0.331885	-0.318523	-0.325239	-0.354294	-0.405807	-0.47525	-0.562236	-0.659842	-0.745908	-0.807359	-0.842062	-0.842062	
-0.521294	-0.554299	-0.557098	-0.529082	-0.456205	-0.330582	-0.172161	0.00600089	0.182955	0.341837	0.47606	0.574717	0.644376	0.700099	0.739556	0.753608	0.740435	0.698357	0.643697	0.588885	0.536996	0.487026	0.45168	0.427314	0.397375	0.353757	0.284205	0.196248	0.10451	0.0062962	-0.0930036	-0.176722	-0.246984	-0.310576	-0.358746	-0.388476	-0.392714	-0.368196	-0.333938	-0.316729	-0.321024	-0.351447	-0.415437	-0.504635	-0.617326	-0.736449	-0.841078	-0.913374	-0.951105	-0.951105	
-0.330756	-0.396389	-0.439713	-0.452622	-0.417465	-0.332767	-0.218575	-0.0766128	0.0791446	0.224536	0.352997	0.448119	0.511349	0.561401	0.590765	0.60199	0.591541	0.546573	0.477798	0.405242	0.341312	0.290373	0.262513	0.242985	0.219683	0.196293	0.157	0.100153	0.0378694	-0.0353912	-0.112204	-0.180384	-0.243577	-0.306426	-0.360345	-0.392714	-0.389272	-0.352401	-0.304583	-0.270075	-0.260132	-0.288449	-0.369987	-0.484078	-0.614382	-0.746875	-0.860751	-0.941862	-0.982098	-0.982098	
-0.113294	-0.212295	-0.287523	-0.336236	-0.345473	-0.312346	-0.249163	-0.14579	-0.0179576	0.10886	0.221912	0.304347	0.359732	0.394743	0.412549	0.420775	0.405209	0.354918	0.272567	0.186316	0.112399	0.0638444	0.0456138	0.0370456	0.0272147	0.0239527	0.0173853	-0.00634492	-0.0388121	-0.0768233	-0.121259	-0.172106	-0.233699	-0.30214	-0.348715	-0.368196	-0.352401	-0.306352	-0.244391	-0.182721	-0.150401	-0.173046	-0.265607	-0.398562	-0.545069	-0.688019	-0.812228	-0.902173	-0.95016	-0.95016	
0.111126	-0.0100018	-0.118756	-0.205791	-0.261936	-0.277433	-0.256173	-0.187808	-0.0875518	0.0153395	0.103496	0.169995	0.209532	0.229306	0.231277	0.223773	0.199003	0.140032	0.0588646	-0.0320453	-0.113733	-0.168487	-0.180338	-0.170931	-0.158899	-0.137606	-0.11811	-0.113565	-0.115118	-0.120027	-0.134241	-0.172295	-0.234424	-0.295683	-0.331885	-0.333938	-0.304583	-0.244391	-0.159988	-0.0779387	-0.0276092	-0.0397883	-0.126133	-0.259076	-0.416119	-0.572672	-0.709716	-0.814594	-0.871242	-0.871242	
0.324693	0.186812	0.0507569	-0.0727021	-0.161186	-0.210972	-0.222493	-0.187023	-0.116884	-0.0389037	0.0281343	0.0733992	0.0968822	0.094675	0.0702975	0.0375777	-0.00795532	-0.071185	-0.146877	-0.230443	-0.31523	-0.373295	-0.379969	-0.354374	-0.321394	-0.279034	-0.237258	-0.203698	-0.176634	-0.155848	-0.153866	-0.184944	-0.237561	-0.290474	-0.318523	-0.316729	-0.270075	-0.182721	-0.0779387	0.0202657	0.0797314	0.0848264	0.0213978	-0.0989948	-0.257779	-0.432528	-0.595165	-0.721587	-0.791048	-0.791048	
0.508571	0.371029	0.216197	0.0702216	-0.0396607	-0.110736	-0.147431	-0.1435	-0.103014	-0.0456636	-0.00171903	0.0251019	0.0316668	0.00825775	-0.0401806	-0.0995311	-0.165465	-0.240283	-0.313484	-0.391305	-0.465596	-0.512655	-0.510191	-0.475409	-0.429519	-0.372829	-0.312718	-0.25915	-0.216981	-0.18595	-0.178573	-0.204574	-0.248817	-0.293949	-0.325239	-0.321024	-0.260132	-0.150401	-0.0276092	0.0797314	0.15476	0.179927	0.140842	0.0374928	-0.124112	-0.320218	-0.516984	-0.672592	-0.756335	-0.756335	
0.657421	0.531796	0.380551	0.230994	0.114	0.0286945	-0.0243031	-0.0444085	-0.0299809	0.000392055	0.0191969	0.0277751	0.0213258	-0.0152697	-0.080433	-0.159475	-0.240273	-0.327852	-0.405412	-0.476867	-0.532065	-0.557249	-0.544365	-0.509359	-0.463333	-0.399951	-0.335201	-0.278767	-0.23806	-0.209379	-0.201193	-0.227997	-0.274395	-0.320114	-0.354294	-0.351447	-0.288449	-0.173046	-0.0397883	0.0848264	0.179927	0.224436	0.202075	0.103224	-0.0681412	-0.28907	-0.51581	-0.695266	-0.791407	-0.791407	
0.784472	0.66696	0.528746	0.391184	0.280344	0.193408	0.138931	0.114075	0.11217	0.11599	0.107931	0.0953182	0.0779005	0.0290217	-0.0487617	-0.139004	-0.231836	-0.32695	-0.411487	-0.478316	-0.514601	-0.514039	-0.487654	-0.450255	-0.403984	-0.344319	-0.287509	-0.245193	-0.223845	-0.209236	-0.213082	-0.251715	-0.309228	-0.365641	-0.405807	-0.415437	-0.369987	-0.265607	-0.126133	0.0213978	0.140842	0.202075	0.185442	0.0762664	-0.118476	-0.365179	-0.614023	-0.809579	-0.915678	-0.915678	
0.888851	0.787148	0.667449	0.554235	0.456876	0.377201	0.330612	0.309484	0.301435	0.289	0.259297	0.228916	0.192143	0.130123	0.042822	-0.0574432	-0.154798	-0.251746	-0.331166	-0.387615	-0.404999	-0.387031	-0.350646	-0.310516	-0.265394	-0.215046	-0.176084	-0.158418	-0.164616	-0.180839	-0.209492	-0.26627	-0.342242	-0.41412	-0.47525	-0.504635	-0.484078	-0.398562	-0.259076	-0.0989948	0.0374928	0.103224	0.0762664	-0.0581258	-0.282474	-0.552165	-0.817289	-1.02703	-1.14343	-1.14343	
0.969953	0.886081	0.791071	0.702004	0.625486	0.563198	0.530898	0.517473	0.50866	0.489199	0.451274	0.402814	0.348822	0.275346	0.183014	0.0769676	-0.0276497	-0.117513	-0.180542	-0.213434	-0.214129	-0.187067	-0.151169	-0.109104	-0.0626071	-0.0240573	-0.00779376	-0.0179767	-0.0581336	-0.113099	-0.180624	-0.266564	-0.367573	-0.471613	-0.562236	-0.617326	-0.614382	-0.545069	-0.416119	-0.257779	-0.124112	-0.0681412	-0.118476	-0.282474	-0.531582	-0.820072	-1.10285	-1.33141	-1.46192	-1.46192	
1.02551	0.969465	0.894324	0.82708	0.773496	0.738578	0.726008	0.722345	0.715691	0.695364	0.656201	0.597899	0.52562	0.443529	0.34678	0.235863	0.129775	0.0558139	0.0178787	0.0103882	0.0248684	0.0512138	0.0819157	0.123161	0.169565	0.193678	0.186131	0.14842	0.082322	-0.0106238	-0.123945	-0.251808	-0.391448	-0.533953	-0.659842	-0.736449	-0.746875	-0.688019	-0.572672	-0.432528	-0.320218	-0.28907	-0.365179	-0.552165	-0.820072	-1.12684	-1.42905	-1.67922	-1.82259	-1.82259	
1.0592	1.02851	0.976214	0.930014	0.895034	0.882947	0.889887	0.898356	0.89721	0.883658	0.849615	0.787184	0.701039	0.6026	0.495413	0.382258	0.287872	0.238311	0.224971	0.235621	0.259096	0.288898	0.314978	0.35107	0.391444	0.398483	0.369764	0.312838	0.22789	0.105158	-0.052389	-0.227073	-0.410824	-0.590975	-0.745908	-0.841078	-0.860751	-0.812228	-0.709716	-0.595165	-0.516984	-0.51581	-0.614023	-0.817289	-1.10285	-1.42905	-1.74934	-2.01037	-2.15955	-2.15955	
1.07409	1.06651	1.0342	1.00383	0.979405	0.977463	0.996186	1.02206	1.03654	1.02924	1.00179	0.937041	0.837103	0.722397	0.602608	0.494642	0.419254	0.39616	0.393892	0.409263	0.440336	0.478034	0.505427	0.535076	0.565713	0.562207	0.523122	0.450999	0.348755	0.200597	0.0104916	-0.200371	-0.420088	-0.633006	-0.807359	-0.913374	-0.941862	-0.902173	-0.814594	-0.721587	-0.672592	-0.695266	-0.809579	-1.02703	-1.33141	-1.67922	-2.01037	-2.27401	-2.41912	-2.41912	
1.07544	1.08228	1.06486	1.04629	1.02321	1.02115	1.04575	1.08518	1.11182	1.11207	1.08591	1.01946	0.911904	0.785511	0.658989	0.556047	0.496966	0.488043	0.489541	0.503769	0.538768	0.584521	0.612752	0.635406	0.660383	0.65441	0.614281	0.53451	0.418043	0.253326	0.046763	-0.181815	-0.423859	-0.656283	-0.842062	-0.951105	-0.982098	-0.95016	-0.871242	-0.791048	-0.756335	-0.791407	-0.915678	-1.14343	-1.46192	-1.82259	-2.15955	-2.41912	-2.55907	-2.55907	
1.07544	1.08228	1.06486	1.04629	1.02321	1.02115	1.04575	1.08518	1.11182	1.11207	1.08591	1.01946	0.911904	0.785511	0.658989	0.556047	0.496966	0.488043	0.489541	0.503769	0.538768	0.584521	0.612752	0.635406	0.660383	0.65441	0.614281	0.53451	0.418043	0.253326	0.046763	-0.181815	-0.423859	-0.656283	-0.842062	-0.951105	-0.982098	-0.95016	-0.871242	-0.791048	-0.756335	-0.791407	-0.915678	-1.14343	-1.46192	-1.82259	-2.15955	-2.41912	-2.55907	-2.55907	
