3.81746e-56	3.81746e-56	6.24101e-54	9.22371e-52	1.22504e-49	1.46086e-47	1.56218e-45	1.49553e-43	1.27905e-41	9.74744e-40	6.59903e-38	3.95446e-36	2.08871e-34	9.67668e-33	3.9099e-31	1.36886e-29	4.12142e-28	1.05809e-26	2.29398e-25	4.15532e-24	6.21632e-23	7.58775e-22	7.4636e-21	5.83628e-20	3.55999e-19	1.63869e-18	5.40481e-18	1.24399e-17	2.29548e-17	3.50995e-17	3.79157e-17	2.83805e-17	1.64722e-17	7.87707e-18	2.75974e-18	7.00973e-19	1.31254e-19	1.84973e-20	2.00691e-21	1.71447e-22	1.17721e-23	6.61497e-25	3.08928e-26	1.21487e-27	4.06783e-29	1.17069e-30	2.91902e-32	6.3491e-34	1.2117e-35	2.0391e-37	
3.81746e-56	3.81746e-56	6.24101e-54	9.22371e-52	1.22504e-49	1.46086e-47	1.56218e-45	1.49553e-43	1.27905e-41	9.74744e-40	6.59903e-38	3.95446e-36	2.08871e-34	9.67668e-33	3.9099e-31	1.36886e-29	4.12142e-28	1.05809e-26	2.29398e-25	4.15532e-24	6.21632e-23	7.58775e-22	7.4636e-21	5.83628e-20	3.55999e-19	1.63869e-18	5.40481e-18	1.24399e-17	2.29548e-17	3.50995e-17	3.79157e-17	2.83805e-17	1.64722e-17	7.87707e-18	2.75974e-18	7.00973e-19	1.31254e-19	1.84973e-20	2.00691e-21	1.71447e-22	1.17721e-23	6.61497e-25	3.08928e-26	1.21487e-27	4.06783e-29	1.17069e-30	2.91902e-32	6.3491e-34	1.2117e-35	2.0391e-37	
6.24101e-54	6.24101e-54	9.57916e-52	1.33159e-49	1.66553e-47	1.87249e-45	1.88947e-43	1.70812e-41	1.38031e-39	9.94341e-38	6.36513e-36	3.60716e-34	1.80186e-32	7.89387e-31	3.01549e-29	9.97793e-28	2.83817e-26	6.8803e-25	1.40781e-23	2.40548e-22	3.39309e-21	3.90431e-20	3.62063e-19	2.67056e-18	1.5386e-17	6.71375e-17	2.12015e-16	4.76107e-16	8.55808e-16	1.2687e-15	1.36282e-15	1.04219e-15	6.23385e-16	3.05456e-16	1.10904e-16	2.9506e-17	5.83198e-18	8.71632e-19	1.00519e-19	9.1338e-21	6.66983e-22	3.98373e-23	1.97612e-24	8.24823e-26	2.92939e-27	8.93693e-29	2.36111e-30	5.43974e-32	1.09941e-33	1.95918e-35	
9.22371e-52	9.22371e-52	1.33159e-49	1.74389e-47	2.05722e-45	2.18334e-43	2.08133e-41	1.77858e-39	1.35919e-37	9.26233e-36	5.60979e-34	3.00798e-32	1.42154e-30	5.89068e-29	2.12777e-27	6.65428e-26	1.78795e-24	4.09176e-23	7.89845e-22	1.27238e-20	1.69117e-19	1.83302e-18	1.60118e-17	1.11303e-16	6.05215e-16	2.50226e-15	7.56449e-15	1.65593e-14	2.90073e-14	4.17657e-14	4.46206e-14	3.48261e-14	2.14399e-14	1.0769e-14	4.0545e-15	1.13058e-15	2.36039e-16	3.74409e-17	4.59307e-18	4.44265e-19	3.4526e-20	2.19318e-21	1.15608e-22	5.12332e-24	1.93034e-25	6.24313e-27	1.74756e-28	4.26379e-30	9.12296e-32	1.7208e-33	
1.22504e-49	1.22504e-49	1.66553e-47	2.05722e-45	2.29096e-43	2.29695e-41	2.06976e-39	1.67261e-37	1.20912e-35	7.79552e-34	4.46701e-32	2.26591e-30	1.01279e-28	3.96781e-27	1.35431e-25	3.99976e-24	1.01417e-22	2.18841e-21	3.9797e-20	6.03452e-19	7.54408e-18	7.68691e-17	6.31143e-16	4.12565e-15	2.1128e-14	8.26237e-14	2.38814e-13	5.08833e-13	8.6843e-13	1.21586e-12	1.29203e-12	1.02854e-12	6.51302e-13	3.35704e-13	1.31261e-13	3.84298e-14	8.4913e-15	1.43249e-15	1.87334e-16	1.93283e-17	1.60167e-18	1.08395e-19	6.08097e-21	2.86502e-22	1.14647e-23	3.93454e-25	1.16775e-26	3.01903e-28	6.84143e-30	1.36625e-31	
1.46086e-47	1.46086e-47	1.87249e-45	2.18334e-43	2.29695e-41	2.17688e-39	1.85498e-37	1.41799e-35	9.69778e-34	5.91531e-32	3.20644e-30	1.53817e-28	6.49925e-27	2.4057e-25	7.75284e-24	2.1601e-22	5.16227e-21	1.04883e-19	1.79388e-18	2.55554e-17	2.99859e-16	2.86561e-15	2.20606e-14	1.35261e-13	6.50802e-13	2.40237e-12	6.62927e-12	1.37241e-11	2.28136e-11	3.10975e-11	3.28736e-11	2.66705e-11	1.73615e-11	9.19427e-12	3.73987e-12	1.15196e-12	2.6999e-13	4.856e-14	6.78673e-15	7.4873e-16	6.63073e-17	4.79057e-18	2.86544e-19	1.43754e-20	6.11782e-22	2.23041e-23	7.02555e-25	1.92609e-26	4.6254e-28	9.78366e-30	
1.56218e-45	1.56218e-45	1.88947e-43	2.08133e-41	2.06976e-39	1.85498e-37	1.49521e-35	1.08132e-33	6.99639e-32	4.0368e-30	2.06927e-28	9.38318e-27	3.74549e-25	1.3088e-23	3.97831e-22	1.04442e-20	2.34911e-19	4.48614e-18	7.20249e-17	9.61843e-16	1.05665e-14	9.44507e-14	6.79787e-13	3.89794e-12	1.75711e-11	6.10836e-11	1.60646e-10	3.22501e-10	5.21918e-10	6.93589e-10	7.2952e-10	6.02646e-10	4.03075e-10	2.19628e-10	9.31161e-11	3.02465e-11	7.53924e-12	1.44979e-12	2.17176e-13	2.56919e-14	2.43801e-15	1.88492e-16	1.20465e-17	6.44719e-19	2.92271e-20	1.13352e-21	3.79371e-23	1.10397e-24	2.81159e-26	6.30269e-28	
1.49553e-43	1.49553e-43	1.70812e-41	1.77858e-39	1.67261e-37	1.41799e-35	1.08132e-33	7.3982e-32	4.52788e-30	2.47048e-28	1.19699e-26	5.12735e-25	1.93193e-23	6.36647e-22	1.82303e-20	4.50295e-19	9.51563e-18	1.7047e-16	2.56319e-15	3.2004e-14	3.28218e-13	2.73543e-12	1.83438e-11	9.80302e-11	4.12666e-10	1.34736e-09	3.37027e-09	6.54624e-09	1.03079e-08	1.33735e-08	1.3999e-08	1.1763e-08	8.08012e-09	4.53748e-09	2.00958e-09	6.90238e-10	1.83537e-10	3.78608e-11	6.09958e-12	7.76333e-13	7.91839e-14	6.5697e-15	4.49737e-16	2.57338e-17	1.24504e-18	5.14509e-20	1.83218e-21	5.6658e-23	1.53177e-24	3.64185e-26	
1.27905e-41	1.27905e-41	1.38031e-39	1.35919e-37	1.20912e-35	9.69778e-34	6.99639e-32	4.52788e-30	2.62049e-28	1.35141e-26	6.18513e-25	2.50071e-23	8.88508e-22	2.75787e-20	7.42846e-19	1.72335e-17	3.41466e-16	5.72502e-15	8.04019e-14	9.35763e-13	8.9283e-12	6.91188e-11	4.30156e-10	2.13378e-09	8.35627e-09	2.55444e-08	6.06269e-08	1.13642e-07	1.73975e-07	2.20673e-07	2.2995e-07	1.96325e-07	1.38458e-07	8.029e-08	3.72392e-08	1.35675e-08	3.8623e-09	8.58007e-10	1.49262e-10	2.05192e-11	2.25778e-12	2.01685e-13	1.48322e-14	9.09705e-16	4.70778e-17	2.07695e-18	7.88241e-20	2.59393e-21	7.45307e-23	1.88118e-24	
9.74744e-40	9.74744e-40	9.94341e-38	9.26233e-36	7.79552e-34	5.91531e-32	4.0368e-30	2.47048e-28	1.35141e-26	6.58324e-25	2.8438e-23	1.08414e-21	3.62784e-20	1.05907e-18	2.67871e-17	5.82488e-16	1.07959e-14	1.68934e-13	2.20896e-12	2.38782e-11	2.11104e-10	1.51135e-09	8.68789e-09	3.98125e-08	1.44402e-07	4.11784e-07	9.24656e-07	1.66766e-06	2.47957e-06	3.07898e-06	3.19495e-06	2.76844e-06	2.00436e-06	1.20302e-06	5.86036e-07	2.27308e-07	6.95677e-08	1.67194e-08	3.15565e-09	4.70727e-10	5.61169e-11	5.41825e-12	4.29541e-13	2.83243e-14	1.57199e-15	7.42064e-17	3.00728e-18	1.05486e-19	3.22569e-21	8.6535e-23	
6.59903e-38	6.59903e-38	6.36513e-36	5.60979e-34	4.46701e-32	3.20644e-30	2.06927e-28	1.19699e-26	6.18513e-25	2.8438e-23	1.15831e-21	4.15868e-20	1.30872e-18	3.58704e-17	8.50206e-16	1.72875e-14	2.9888e-13	4.35087e-12	5.27731e-11	5.27581e-10	4.30127e-09	2.83276e-08	1.49569e-07	6.29603e-07	2.10393e-06	5.57291e-06	1.1799e-05	2.04045e-05	2.94252e-05	3.58119e-05	3.70166e-05	3.2519e-05	2.41744e-05	1.50592e-05	7.73117e-06	3.20611e-06	1.06016e-06	2.77153e-07	5.70751e-08	9.28948e-09	1.20599e-09	1.26439e-10	1.08494e-11	7.71894e-13	4.60842e-14	2.33387e-15	1.01227e-16	3.79215e-18	1.23617e-19	3.52956e-21	
3.95446e-36	3.95446e-36	3.60716e-34	3.00798e-32	2.26591e-30	1.53817e-28	9.38318e-27	5.12735e-25	2.50071e-23	1.08414e-21	4.15868e-20	1.40412e-18	4.14837e-17	1.06537e-15	2.36069e-14	4.47591e-13	7.19478e-12	9.70659e-11	1.08731e-09	1.00021e-08	7.47684e-08	4.50114e-07	2.16821e-06	8.3271e-06	2.54779e-05	6.23712e-05	0.000123997	0.000204786	0.000285908	0.000341328	0.000351546	0.000312837	0.00023894	0.000154995	8.41935e-05	3.7517e-05	1.34828e-05	3.85912e-06	8.73007e-07	1.56063e-07	2.21994e-08	2.54117e-09	2.37153e-10	1.82807e-11	1.17831e-12	6.42185e-14	2.98895e-15	1.19856e-16	4.17307e-18	1.27023e-19	
2.08871e-34	2.08871e-34	1.80186e-32	1.42154e-30	1.01279e-28	6.49925e-27	3.74549e-25	1.93193e-23	8.88508e-22	3.62784e-20	1.30872e-18	4.14837e-17	1.14832e-15	2.75671e-14	5.69474e-13	1.00353e-11	1.49408e-10	1.85969e-09	1.9138e-08	1.61012e-07	1.09595e-06	5.98464e-06	2.60851e-05	9.06536e-05	0.000252079	0.000566959	0.00105314	0.00165334	0.00222931	0.00261133	0.00268047	0.00241513	0.00189761	0.00128682	0.000743089	0.000357894	0.000140774	4.44621e-05	1.114e-05	2.20491e-06	3.46209e-07	4.35564e-08	4.4464e-09	3.73193e-10	2.60799e-11	1.53517e-12	7.69128e-14	3.31006e-15	1.23371e-16	4.01099e-18	
9.67668e-33	9.67668e-33	7.89387e-31	5.89068e-29	3.96781e-27	2.4057e-25	1.3088e-23	6.36647e-22	2.75787e-20	1.05907e-18	3.58704e-17	1.06537e-15	2.75671e-14	6.16925e-13	1.18428e-11	1.93226e-10	2.65248e-09	3.02983e-08	2.8465e-07	2.17421e-06	1.33616e-05	6.55596e-05	0.000255965	0.000796945	0.00199628	0.00409641	0.00706755	0.0104912	0.013619	0.0156424	0.0160035	0.0146028	0.0118282	0.00842351	0.00519966	0.00272533	0.00118315	0.000416277	0.000116679	2.58221e-05	4.51627e-06	6.29482e-07	7.07777e-08	6.5063e-09	4.95435e-10	3.16321e-11	1.71205e-12	7.93196e-14	3.17298e-15	1.10428e-16	
3.9099e-31	3.9099e-31	3.01549e-29	2.12777e-27	1.35431e-25	7.75284e-24	3.97831e-22	1.82303e-20	7.42846e-19	2.67871e-17	8.50206e-16	2.36069e-14	5.69474e-13	1.18428e-11	2.10465e-10	3.16521e-09	3.98489e-08	4.15064e-07	3.53302e-06	2.42805e-05	0.000133321	0.000580892	0.00200628	0.00552844	0.0123456	0.0229293	0.0364925	0.0509248	0.063399	0.0712662	0.0726565	0.0672239	0.0563095	0.0423251	0.0281041	0.0161543	0.00781691	0.00309897	0.000983742	0.000246405	4.85433e-05	7.56957e-06	9.45289e-07	9.58452e-08	7.99963e-09	5.56753e-10	3.26902e-11	1.63625e-12	7.04609e-14	2.63169e-15	
1.36886e-29	1.36886e-29	9.97793e-28	6.65428e-26	3.99976e-24	2.1601e-22	1.04442e-20	4.50295e-19	1.72335e-17	5.82488e-16	1.72875e-14	4.47591e-13	1.00353e-11	1.93226e-10	3.16521e-09	4.36479e-08	5.00799e-07	4.7204e-06	3.60693e-05	0.000220575	0.00106811	0.00407216	0.0122498	0.0294412	0.0579303	0.096558	0.140753	0.183662	0.218415	0.239536	0.243224	0.22873	0.198877	0.158504	0.11394	0.072393	0.039473	0.0178716	0.00652209	0.00187708	0.000422369	7.4579e-05	1.04498e-05	1.17857e-06	1.0858e-07	8.28569e-09	5.30356e-10	2.87965e-11	1.33951e-12	5.3848e-14	
4.12142e-28	4.12142e-28	2.83817e-26	1.78795e-24	1.01417e-22	5.16227e-21	2.34911e-19	9.51563e-18	3.41466e-16	1.07959e-14	2.9888e-13	7.19478e-12	1.49408e-10	2.65248e-09	3.98489e-08	5.00799e-07	5.19768e-06	4.39299e-05	0.000297955	0.0015992	0.00671856	0.0220034	0.0565735	0.11667	0.200037	0.297205	0.394989	0.480871	0.545394	0.582049	0.588259	0.563614	0.509732	0.431393	0.336997	0.237983	0.147668	0.0774617	0.0330751	0.0111425	0.00291376	0.000591382	9.41378e-05	1.19312e-05	1.22347e-06	1.03069e-07	7.23271e-09	4.28007e-10	2.15906e-11	9.37245e-13	
1.05809e-26	1.05809e-26	6.8803e-25	4.09176e-23	2.18841e-21	1.04883e-19	4.48614e-18	1.7047e-16	5.72502e-15	1.68934e-13	4.35087e-12	9.70659e-11	1.85969e-09	3.02983e-08	4.15064e-07	4.7204e-06	4.39299e-05	0.000329293	0.00195544	0.00905628	0.032346	0.0889906	0.191538	0.334245	0.497275	0.659808	0.804081	0.920113	1.00196	1.04474	1.05157	1.02392	0.957501	0.854102	0.72053	0.563298	0.398426	0.244691	0.124431	0.0501368	0.0155632	0.00369854	0.0006791	9.79143e-05	1.12862e-05	1.05801e-06	8.19239e-08	5.31187e-09	2.91866e-10	1.37318e-11	
2.29398e-25	2.29398e-25	1.40781e-23	7.89845e-22	3.9797e-20	1.79388e-18	7.20249e-17	2.56319e-15	8.04019e-14	2.20896e-12	5.27731e-11	1.08731e-09	1.9138e-08	2.8465e-07	3.53302e-06	3.60693e-05	0.000297955	0.00195544	0.0100011	0.0391576	0.116091	0.262032	0.465055	0.688439	0.905181	1.09854	1.26059	1.38619	1.47405	1.52306	1.5312	1.49879	1.42578	1.31511	1.16766	0.985711	0.777232	0.554057	0.338182	0.16628	0.0627548	0.01785	0.00384979	0.000640648	8.39601e-05	8.83832e-06	7.60684e-07	5.43623e-08	3.26932e-09	1.67378e-10	
4.15532e-24	4.15532e-24	2.40548e-22	1.27238e-20	6.03452e-19	2.55554e-17	9.61843e-16	3.2004e-14	9.35763e-13	2.38782e-11	5.27581e-10	1.00021e-08	1.61012e-07	2.17421e-06	2.42805e-05	0.000220575	0.0015992	0.00905628	0.0391576	0.126714	0.304629	0.556727	0.82668	1.08563	1.32628	1.53555	1.70815	1.83817	1.92309	1.97244	1.98138	1.94706	1.87641	1.76623	1.6088	1.41502	1.18406	0.932776	0.664709	0.39957	0.186986	0.0651466	0.0168411	0.00328749	0.000496119	5.92322e-05	5.71121e-06	4.52706e-07	2.99515e-08	1.67559e-09	
6.21632e-23	6.21632e-23	3.39309e-21	1.69117e-19	7.54408e-18	2.99859e-16	1.05665e-14	3.28218e-13	8.9283e-12	2.11104e-10	4.30127e-09	7.47684e-08	1.09595e-06	1.33616e-05	0.000133321	0.00106811	0.00671856	0.032346	0.116091	0.304629	0.589028	0.896111	1.19592	1.48837	1.74335	1.95138	2.10278	2.21083	2.2763	2.30592	2.31044	2.29152	2.24212	2.15129	2.01807	1.83328	1.5952	1.3153	1.01647	0.711473	0.410482	0.177838	0.0561278	0.0130592	0.00229842	0.00031434	3.42211e-05	3.02737e-06	2.21443e-07	1.35913e-08	
7.58775e-22	7.58775e-22	3.90431e-20	1.83302e-18	7.68691e-17	2.86561e-15	9.44507e-14	2.73543e-12	6.91188e-11	1.51135e-09	2.83276e-08	4.50114e-07	5.98464e-06	6.55596e-05	0.000580892	0.00407216	0.0220034	0.0889906	0.262032	0.556727	0.896111	1.23426	1.57509	1.86349	2.0939	2.26222	2.3759	2.43819	2.4699	2.48727	2.49045	2.47816	2.4531	2.40636	2.31403	2.16771	1.96335	1.69707	1.37379	1.03006	0.691236	0.367798	0.142724	0.04001	0.00829348	0.00130971	0.000162012	1.60757e-05	1.30523e-06	8.81681e-08	
7.4636e-21	7.4636e-21	3.62063e-19	1.60118e-17	6.31143e-16	2.20606e-14	6.79787e-13	1.83438e-11	4.30156e-10	8.68789e-09	1.49569e-07	2.16821e-06	2.60851e-05	0.000255965	0.00200628	0.0122498	0.0565735	0.191538	0.465055	0.82668	1.19592	1.57509	1.89911	2.16265	2.34892	2.4557	2.49123	2.48968	2.46445	2.4385	2.4332	2.4524	2.48159	2.49432	2.47598	2.40216	2.2466	2.01094	1.71434	1.34828	0.974851	0.605092	0.284067	0.0957911	0.0234411	0.00428713	0.000604153	6.73811e-05	6.08248e-06	4.52757e-07	
5.83628e-20	5.83628e-20	2.67056e-18	1.11303e-16	4.12565e-15	1.35261e-13	3.89794e-12	9.80302e-11	2.13378e-09	3.98125e-08	6.29603e-07	8.3271e-06	9.06536e-05	0.000796945	0.00552844	0.0294412	0.11667	0.334245	0.688439	1.08563	1.48837	1.86349	2.16265	2.37181	2.47712	2.489	2.43267	2.32768	2.22093	2.15333	2.14168	2.18777	2.28191	2.39495	2.4735	2.49139	2.42311	2.26188	1.99226	1.64669	1.24523	0.848402	0.463976	0.185021	0.0530189	0.0111774	0.00178864	0.000223649	2.23962e-05	1.83337e-06	
3.55999e-19	3.55999e-19	1.5386e-17	6.05215e-16	2.1128e-14	6.50802e-13	1.75711e-11	4.12666e-10	8.35627e-09	1.44402e-07	2.10393e-06	2.54779e-05	0.000252079	0.00199628	0.0123456	0.0579303	0.200037	0.497275	0.905181	1.32628	1.74335	2.0939	2.34892	2.47712	2.47989	2.37566	2.17886	1.96071	1.77564	1.65806	1.63708	1.71876	1.88021	2.09067	2.30391	2.44946	2.49647	2.41816	2.20686	1.89693	1.49553	1.07413	0.654477	0.300219	0.0990594	0.0237935	0.00428463	0.000596141	6.57973e-05	5.88959e-06	
1.63869e-18	1.63869e-18	6.71375e-17	2.50226e-15	8.26237e-14	2.40237e-12	6.10836e-11	1.34736e-09	2.55444e-08	4.11784e-07	5.57291e-06	6.23712e-05	0.000566959	0.00409641	0.0229293	0.096558	0.297205	0.659808	1.09854	1.53555	1.95138	2.26222	2.4557	2.489	2.37566	2.11615	1.77645	1.41007	1.07281	0.849791	0.809683	0.965262	1.26696	1.63007	1.98691	2.2874	2.46325	2.48398	2.35718	2.08775	1.70817	1.27355	0.832928	0.425452	0.157984	0.0425169	0.00850343	0.00130229	0.000156953	1.52362e-05	
5.40481e-18	5.40481e-18	2.12015e-16	7.56449e-15	2.38814e-13	6.62927e-12	1.60646e-10	3.37027e-09	6.06269e-08	9.24656e-07	1.1799e-05	0.000123997	0.00105314	0.00706755	0.0364925	0.140753	0.394989	0.804081	1.26059	1.70815	2.10278	2.3759	2.49123	2.43267	2.17886	1.77645	1.25818	0.672204	0.146477	-0.184384	-0.242427	-0.0149649	0.446378	1.02546	1.58166	2.0345	2.35413	2.48827	2.44439	2.22718	1.87979	1.44011	0.985845	0.544201	0.221627	0.0654532	0.0142981	0.00237767	0.000309397	3.22647e-05	
1.24399e-17	1.24399e-17	4.76107e-16	1.65593e-14	5.08833e-13	1.37241e-11	3.22501e-10	6.54624e-09	1.13642e-07	1.66766e-06	2.04045e-05	0.000204786	0.00165334	0.0104912	0.0509248	0.183662	0.480871	0.920113	1.38619	1.83817	2.21083	2.43819	2.48968	2.32768	1.96071	1.41007	0.672204	-0.126647	-0.795713	-1.1974	-1.26662	-0.993474	-0.419172	0.349046	1.13349	1.76495	2.20147	2.45042	2.48229	2.32046	2.00056	1.56913	1.10824	0.644485	0.280418	0.0888096	0.0207783	0.00369008	0.000511182	5.65788e-05	
2.29548e-17	2.29548e-17	8.55808e-16	2.90073e-14	8.6843e-13	2.28136e-11	5.21918e-10	1.03079e-08	1.73975e-07	2.47957e-06	2.94252e-05	0.000285908	0.00222931	0.013619	0.063399	0.218415	0.545394	1.00196	1.47405	1.92309	2.2763	2.4699	2.46445	2.22093	1.77564	1.07281	0.146477	-0.795713	-1.54768	-1.98814	-2.06343	-1.76543	-1.12796	-0.241582	0.720096	1.52904	2.06676	2.39249	2.49927	2.37127	2.08422	1.65937	1.1935	0.717916	0.326228	0.108253	0.0265507	0.0049399	0.000716048	8.27984e-05	
3.50995e-17	3.50995e-17	1.2687e-15	4.17657e-14	1.21586e-12	3.10975e-11	6.93589e-10	1.33735e-08	2.20673e-07	3.07898e-06	3.58119e-05	0.000341328	0.00261133	0.0156424	0.0712662	0.239536	0.582049	1.04474	1.52306	1.97244	2.30592	2.48727	2.4385	2.15333	1.65806	0.849791	-0.184384	-1.1974	-1.98814	-2.44696	-2.52518	-2.21529	-1.54831	-0.605637	0.450664	1.37468	1.98584	2.34582	2.50388	2.39355	2.12981	1.70346	1.24133	0.7608	0.353071	0.119996	0.030207	0.00577204	0.000858742	0.000101775	
3.79157e-17	3.79157e-17	1.36282e-15	4.46206e-14	1.29203e-12	3.28736e-11	7.2952e-10	1.3999e-08	2.2995e-07	3.19495e-06	3.70166e-05	0.000351546	0.00268047	0.0160035	0.0726565	0.243224	0.588259	1.05157	1.5312	1.98138	2.31044	2.49045	2.4332	2.14168	1.63708	0.809683	-0.242427	-1.26662	-2.06343	-2.52518	-2.60386	-2.29208	-1.62047	-0.669072	0.402437	1.34667	1.97205	2.33695	2.50369	2.39689	2.13675	1.71015	1.24981	0.768273	0.357629	0.122008	0.0308494	0.00592198	0.000884987	0.00010532	
2.83805e-17	2.83805e-17	1.04219e-15	3.48261e-14	1.02854e-12	2.66705e-11	6.02646e-10	1.1763e-08	1.96325e-07	2.76844e-06	3.2519e-05	0.000312837	0.00241513	0.0146028	0.0672239	0.22873	0.563614	1.02392	1.49879	1.94706	2.29152	2.47816	2.4524	2.18777	1.71876	0.965262	-0.0149649	-0.993474	-1.76543	-2.21529	-2.29208	-1.98804	-1.33551	-0.420358	0.589084	1.45446	2.02703	2.37048	2.50241	2.38283	2.10732	1.68179	1.21705	0.739068	0.339478	0.114001	0.0283206	0.00533866	0.000783877	9.17635e-05	
1.64722e-17	1.64722e-17	6.23385e-16	2.14399e-14	6.51302e-13	1.73615e-11	4.03075e-10	8.08012e-09	1.38458e-07	2.00436e-06	2.41744e-05	0.00023894	0.00189761	0.0118282	0.0563095	0.198877	0.509732	0.957501	1.42578	1.87641	2.24212	2.4531	2.48159	2.28191	1.88021	1.26696	0.446378	-0.419172	-1.12796	-1.54831	-1.62047	-1.33551	-0.731129	0.0927362	0.957659	1.66468	2.14309	2.4283	2.49128	2.34519	2.03866	1.6109	1.14671	0.677161	0.30063	0.0972626	0.0232412	0.00421312	0.000595378	6.71822e-05	
7.87707e-18	7.87707e-18	3.05456e-16	1.0769e-14	3.35704e-13	9.19427e-12	2.19628e-10	4.53748e-09	8.029e-08	1.20302e-06	1.50592e-05	0.000154995	0.00128682	0.00842351	0.0423251	0.158504	0.431393	0.854102	1.31511	1.76623	2.15129	2.40636	2.49432	2.39495	2.09067	1.63007	1.02546	0.349046	-0.241582	-0.605637	-0.669072	-0.420358	0.0927362	0.755283	1.40527	1.9257	2.29436	2.47725	2.4633	2.27003	1.93306	1.49601	1.03908	0.587112	0.246133	0.074927	0.0168565	0.00288209	0.000384905	4.11232e-05	
2.75974e-18	2.75974e-18	1.10904e-16	4.0545e-15	1.31261e-13	3.73987e-12	9.31161e-11	2.00958e-09	3.72392e-08	5.86036e-07	7.73117e-06	8.41935e-05	0.000743089	0.00519966	0.0281041	0.11394	0.336997	0.72053	1.16766	1.6088	2.01807	2.31403	2.47598	2.4735	2.30391	1.98691	1.58166	1.13349	0.720096	0.450664	0.402437	0.589084	0.957659	1.40527	1.83289	2.19105	2.42832	2.49185	2.40002	2.14925	1.78286	1.34467	0.897377	0.474402	0.183333	0.0513071	0.0106396	0.00168398	0.000209116	2.08608e-05	
7.00973e-19	7.00973e-19	2.9506e-17	1.13058e-15	3.84298e-14	1.15196e-12	3.02465e-11	6.90238e-10	1.35675e-08	2.27308e-07	3.20611e-06	3.7517e-05	0.000357894	0.00272533	0.0161543	0.072393	0.237983	0.563298	0.985711	1.41502	1.83328	2.16771	2.40216	2.49139	2.44946	2.2874	2.0345	1.76495	1.52904	1.37468	1.34667	1.45446	1.66468	1.9257	2.19105	2.40095	2.49187	2.45423	2.27438	1.98083	1.58501	1.15705	0.72837	0.350139	0.121372	0.0305246	0.00572811	0.000826726	9.42755e-05	8.68924e-06	
1.31254e-19	1.31254e-19	5.83198e-18	2.36039e-16	8.4913e-15	2.6999e-13	7.53924e-12	1.83537e-10	3.8623e-09	6.95677e-08	1.06016e-06	1.34828e-05	0.000140774	0.00118315	0.00781691	0.039473	0.147668	0.398426	0.777232	1.18406	1.5952	1.96335	2.2466	2.42311	2.49647	2.46325	2.35413	2.20147	2.06676	1.98584	1.97205	2.02703	2.14309	2.29436	2.42832	2.49187	2.46628	2.33431	2.08627	1.7531	1.34955	0.941629	0.540413	0.228695	0.0693949	0.0153929	0.00257466	0.000334583	3.46586e-05	2.92363e-06	
1.84973e-20	1.84973e-20	8.71632e-19	3.74409e-17	1.43249e-15	4.856e-14	1.44979e-12	3.78608e-11	8.58007e-10	1.67194e-08	2.77153e-07	3.85912e-06	4.44621e-05	0.000416277	0.00309897	0.0178716	0.0774617	0.244691	0.554057	0.932776	1.3153	1.69707	2.01094	2.26188	2.41816	2.48398	2.48827	2.45042	2.39249	2.34582	2.33695	2.37048	2.4283	2.47725	2.49185	2.45423	2.33431	2.12144	1.83123	1.4736	1.08444	0.703246	0.353043	0.127501	0.0331665	0.00639302	0.000942504	0.000109312	1.02123e-05	7.83723e-07	
2.00691e-21	2.00691e-21	1.00519e-19	4.59307e-18	1.87334e-16	6.78673e-15	2.17176e-13	6.09958e-12	1.49262e-10	3.15565e-09	5.70751e-08	8.73007e-07	1.114e-05	0.000116679	0.000983742	0.00652209	0.0330751	0.124431	0.338182	0.664709	1.01647	1.37379	1.71434	1.99226	2.20686	2.35718	2.44439	2.48229	2.49927	2.50388	2.50369	2.50241	2.49128	2.4633	2.40002	2.27438	2.08627	1.83123	1.51693	1.15604	0.805987	0.460226	0.193059	0.0580919	0.0127992	0.00212971	0.000275618	2.84513e-05	2.39247e-06	1.6678e-07	
1.71447e-22	1.71447e-22	9.1338e-21	4.44265e-19	1.93283e-17	7.4873e-16	2.56919e-14	7.76333e-13	2.05192e-11	4.70727e-10	9.28948e-09	1.56063e-07	2.20491e-06	2.58221e-05	0.000246405	0.00187708	0.0111425	0.0501368	0.16628	0.39957	0.711473	1.03006	1.34828	1.64669	1.89693	2.08775	2.22718	2.32046	2.37127	2.39355	2.39689	2.38283	2.34519	2.27003	2.14925	1.98083	1.7531	1.4736	1.15604	0.840229	0.520907	0.245332	0.0837262	0.02086	0.00389507	0.000560816	6.38778e-05	5.88287e-06	4.46178e-07	2.83014e-08	
1.17721e-23	1.17721e-23	6.66983e-22	3.4526e-20	1.60167e-18	6.63073e-17	2.43801e-15	7.91839e-14	2.25778e-12	5.61169e-11	1.20599e-09	2.21994e-08	3.46209e-07	4.51627e-06	4.85433e-05	0.000422369	0.00291376	0.0155632	0.0627548	0.186986	0.410482	0.691236	0.974851	1.24523	1.49553	1.70817	1.87979	2.00056	2.08422	2.12981	2.13675	2.10732	2.03866	1.93306	1.78286	1.58501	1.34955	1.08444	0.805987	0.520907	0.265267	0.100248	0.0278789	0.0058046	0.000927336	0.000116473	1.17531e-05	9.70804e-07	6.6693e-08	3.86268e-09	
6.61497e-25	6.61497e-25	3.98373e-23	2.19318e-21	1.08395e-19	4.79057e-18	1.88492e-16	6.5697e-15	2.01685e-13	5.41825e-12	1.26439e-10	2.54117e-09	4.35564e-08	6.29482e-07	7.56957e-06	7.4579e-05	0.000591382	0.00369854	0.01785	0.0651466	0.177838	0.367798	0.605092	0.848402	1.07413	1.27355	1.44011	1.56913	1.65937	1.70346	1.71015	1.68179	1.6109	1.49601	1.34467	1.15705	0.941629	0.703246	0.460226	0.245332	0.100248	0.0306929	0.00707866	0.00125184	0.00017338	1.91937e-05	1.72986e-06	1.28982e-07	8.06773e-09	4.28438e-10	
3.08928e-26	3.08928e-26	1.97612e-24	1.15608e-22	6.08097e-21	2.86544e-19	1.20465e-17	4.49737e-16	1.48322e-14	4.29541e-13	1.08494e-11	2.37153e-10	4.4464e-09	7.07777e-08	9.45289e-07	1.04498e-05	9.41378e-05	0.0006791	0.00384979	0.0168411	0.0561278	0.142724	0.284067	0.463976	0.654477	0.832928	0.985845	1.10824	1.1935	1.24133	1.24981	1.21705	1.14671	1.03908	0.897377	0.72837	0.540413	0.353043	0.193059	0.0837262	0.0278789	0.00707866	0.00138315	0.000211377	2.5723e-05	2.53628e-06	2.05846e-07	1.39458e-08	7.98415e-10	3.90445e-11	
1.21487e-27	1.21487e-27	8.24823e-26	5.12332e-24	2.86502e-22	1.43754e-20	6.44719e-19	2.57338e-17	9.09705e-16	2.83243e-14	7.71894e-13	1.82807e-11	3.73193e-10	6.5063e-09	9.58452e-08	1.17857e-06	1.19312e-05	9.79143e-05	0.000640648	0.00328749	0.0130592	0.04001	0.0957911	0.185021	0.300219	0.425452	0.544201	0.644485	0.717916	0.7608	0.768273	0.739068	0.677161	0.587112	0.474402	0.350139	0.228695	0.127501	0.0580919	0.02086	0.0058046	0.00125184	0.000211377	2.83534e-05	3.06887e-06	2.72101e-07	2.00391e-08	1.24113e-09	6.5363e-11	2.95551e-12	
4.06783e-29	4.06783e-29	2.92939e-27	1.93034e-25	1.14647e-23	6.11782e-22	2.92271e-20	1.24504e-18	4.70778e-17	1.57199e-15	4.60842e-14	1.17831e-12	2.60799e-11	4.95435e-10	7.99963e-09	1.0858e-07	1.22347e-06	1.12862e-05	8.39601e-05	0.000496119	0.00229842	0.00829348	0.0234411	0.0530189	0.0990594	0.157984	0.221627	0.280418	0.326228	0.353071	0.357629	0.339478	0.30063	0.246133	0.183333	0.121372	0.0693949	0.0331665	0.0127992	0.00389507	0.000927336	0.00017338	2.5723e-05	3.06887e-06	2.98554e-07	2.40045e-08	1.61501e-09	9.19488e-11	4.47454e-12	1.87775e-13	
1.17069e-30	1.17069e-30	8.93693e-29	6.24313e-27	3.93454e-25	2.23041e-23	1.13352e-21	5.14509e-20	2.07695e-18	7.42064e-17	2.33387e-15	6.42185e-14	1.53517e-12	3.16321e-11	5.56753e-10	8.28569e-09	1.03069e-07	1.05801e-06	8.83832e-06	5.92322e-05	0.00031434	0.00130971	0.00428713	0.0111774	0.0237935	0.0425169	0.0654532	0.0888096	0.108253	0.119996	0.122008	0.114001	0.0972626	0.074927	0.0513071	0.0305246	0.0153929	0.00639302	0.00212971	0.000560816	0.000116473	1.91937e-05	2.53628e-06	2.72101e-07	2.40045e-08	1.76278e-09	1.08985e-10	5.73141e-12	2.58755e-13	1.01115e-14	
2.91902e-32	2.91902e-32	2.36111e-30	1.74756e-28	1.16775e-26	7.02555e-25	3.79371e-23	1.83218e-21	7.88241e-20	3.00728e-18	1.01227e-16	2.98895e-15	7.69128e-14	1.71205e-12	3.26902e-11	5.30356e-10	7.23271e-09	8.19239e-08	7.60684e-07	5.71121e-06	3.42211e-05	0.000162012	0.000604153	0.00178864	0.00428463	0.00850343	0.0142981	0.0207783	0.0265507	0.030207	0.0308494	0.0283206	0.0232412	0.0168565	0.0106396	0.00572811	0.00257466	0.000942504	0.000275618	6.38778e-05	1.17531e-05	1.72986e-06	2.05846e-07	2.00391e-08	1.61501e-09	1.08985e-10	6.22311e-12	3.03563e-13	1.27591e-14	4.65649e-16	
6.3491e-34	6.3491e-34	5.43974e-32	4.26379e-30	3.01903e-28	1.92609e-26	1.10397e-24	5.6658e-23	2.59393e-21	1.05486e-19	3.79215e-18	1.19856e-16	3.31006e-15	7.93196e-14	1.63625e-12	2.87965e-11	4.28007e-10	5.31187e-09	5.43623e-08	4.52706e-07	3.02737e-06	1.60757e-05	6.73811e-05	0.000223649	0.000596141	0.00130229	0.00237767	0.00369008	0.0049399	0.00577204	0.00592198	0.00533866	0.00421312	0.00288209	0.00168398	0.000826726	0.000334583	0.000109312	2.84513e-05	5.88287e-06	9.70804e-07	1.28982e-07	1.39458e-08	1.24113e-09	9.19488e-11	5.73141e-12	3.03563e-13	1.37849e-14	5.41051e-16	1.84883e-17	
1.2117e-35	1.2117e-35	1.09941e-33	9.12296e-32	6.84143e-30	4.6254e-28	2.81159e-26	1.53177e-24	7.45307e-23	3.22569e-21	1.23617e-19	4.17307e-18	1.23371e-16	3.17298e-15	7.04609e-14	1.33951e-12	2.15906e-11	2.91866e-10	3.26932e-09	2.99515e-08	2.21443e-07	1.30523e-06	6.08248e-06	2.23962e-05	6.57973e-05	0.000156953	0.000309397	0.000511182	0.000716048	0.000858742	0.000884987	0.000783877	0.000595378	0.000384905	0.000209116	9.42755e-05	3.46586e-05	1.02123e-05	2.39247e-06	4.46178e-07	6.6693e-08	8.06773e-09	7.98415e-10	6.5363e-11	4.47454e-12	2.58755e-13	1.27591e-14	5.41051e-16	1.98827e-17	6.37551e-19	
2.0391e-37	2.0391e-37	1.95918e-35	1.7208e-33	1.36625e-31	9.78366e-30	6.30269e-28	3.64185e-26	1.88118e-24	8.6535e-23	3.52956e-21	1.27023e-19	4.01099e-18	1.10428e-16	2.63169e-15	5.3848e-14	9.37245e-13	1.37318e-11	1.67378e-10	1.67559e-09	1.35913e-08	8.81681e-08	4.52757e-07	1.83337e-06	5.88959e-06	1.52362e-05	3.22647e-05	5.65788e-05	8.27984e-05	0.000101775	0.00010532	9.17635e-05	6.71822e-05	4.11232e-05	2.08608e-05	8.68924e-06	2.92363e-06	7.83723e-07	1.6678e-07	2.83014e-08	3.86268e-09	4.28438e-10	3.90445e-11	2.95551e-12	1.87775e-13	1.01115e-14	4.65649e-16	1.84883e-17	6.37551e-19	1.92204e-20	
