0.655474	0.740109	0.766335	0.754806	0.736306	0.717315	0.701659	0.698848	0.705641	0.702211	0.671675	0.603089	0.504118	0.370463	0.22561	0.0915481	-0.0210921	-0.0981841	-0.13787	-0.142524	-0.109903	-0.0375355	0.0637699	0.179016	0.289833	0.386864	0.46017	0.490204	0.472576	0.406795	0.308583	0.211425	0.130185	0.0704626	0.0309948	0.0102429	0.00826833	0.00990004	-0.0132405	-0.0748025	-0.179418	-0.327259	-0.508111	-0.71031	-0.906295	-1.07548	-1.21048	-1.3051	-1.35735	-1.35735	
0.740109	0.798302	0.798819	0.7633	0.725793	0.70081	0.684963	0.680761	0.689627	0.686597	0.65408	0.586436	0.476125	0.336369	0.190414	0.0561624	-0.0528718	-0.12961	-0.173457	-0.184581	-0.165352	-0.110794	-0.0255538	0.0763631	0.179643	0.263617	0.321564	0.351554	0.341618	0.286355	0.199863	0.111278	0.0474326	0.0120632	-0.000578267	0.0123422	0.0492039	0.0767628	0.0647943	0.00436316	-0.105627	-0.249978	-0.428256	-0.627286	-0.820537	-0.998524	-1.14687	-1.2571	-1.32007	-1.32007	
0.766335	0.798819	0.775521	0.729648	0.688373	0.661006	0.64764	0.650447	0.660654	0.658845	0.623348	0.547447	0.429672	0.289527	0.151238	0.0267728	-0.0819674	-0.165314	-0.216942	-0.236186	-0.223106	-0.181129	-0.111294	-0.0216602	0.0651505	0.133009	0.182571	0.205884	0.20179	0.157067	0.0867559	0.0191278	-0.024977	-0.0349244	-0.0163762	0.0311379	0.094033	0.140762	0.136293	0.0750521	-0.0349677	-0.176172	-0.34141	-0.531207	-0.719718	-0.899566	-1.0656	-1.19529	-1.27205	-1.27205	
0.754806	0.7633	0.729648	0.683327	0.643102	0.614845	0.606382	0.61631	0.624883	0.614383	0.566585	0.48024	0.358703	0.22551	0.0979634	-0.0174511	-0.11802	-0.201881	-0.255226	-0.277232	-0.270559	-0.241013	-0.191969	-0.127805	-0.0574357	0.000970208	0.0379636	0.0542987	0.0537157	0.0265752	-0.0201676	-0.061311	-0.0720324	-0.0523476	-0.00878349	0.0605979	0.140339	0.196585	0.192275	0.132379	0.0309498	-0.102415	-0.258572	-0.434945	-0.616028	-0.798704	-0.974678	-1.11812	-1.20745	-1.20745	
0.736306	0.725793	0.688373	0.643102	0.602242	0.577542	0.573796	0.581743	0.578429	0.549363	0.484146	0.391441	0.272539	0.14481	0.0245914	-0.0828912	-0.177159	-0.254395	-0.303128	-0.324245	-0.320657	-0.30166	-0.271225	-0.226533	-0.173031	-0.128624	-0.100423	-0.0841606	-0.0757899	-0.0822126	-0.0963548	-0.10316	-0.0838555	-0.0398478	0.0250118	0.107222	0.189156	0.241878	0.236092	0.175179	0.0722213	-0.0524018	-0.198704	-0.362355	-0.528493	-0.702486	-0.877436	-1.02975	-1.1217	-1.1217	
0.717315	0.70081	0.661006	0.614845	0.577542	0.557219	0.551388	0.552866	0.531657	0.476562	0.39364	0.292065	0.171822	0.0502597	-0.06393	-0.169776	-0.259047	-0.328399	-0.370171	-0.385283	-0.379379	-0.362552	-0.340784	-0.313126	-0.276857	-0.242484	-0.216119	-0.19415	-0.17065	-0.150536	-0.127586	-0.0964355	-0.0491061	0.0131193	0.0862129	0.169814	0.244943	0.28115	0.256544	0.184952	0.080796	-0.0437151	-0.179678	-0.323212	-0.470052	-0.623488	-0.781263	-0.923063	-1.0089	-1.0089	
0.701659	0.684963	0.64764	0.606382	0.573796	0.551388	0.539778	0.52999	0.484822	0.399113	0.291857	0.170021	0.0471294	-0.067988	-0.177495	-0.280379	-0.362854	-0.418395	-0.446619	-0.45089	-0.438645	-0.420461	-0.402508	-0.380428	-0.352828	-0.323976	-0.298039	-0.271488	-0.231193	-0.175706	-0.112231	-0.0432843	0.0318799	0.106171	0.178571	0.246035	0.294109	0.302731	0.257118	0.167792	0.0570604	-0.0667714	-0.196738	-0.321808	-0.442569	-0.565312	-0.693236	-0.807023	-0.87614	-0.87614	
0.698848	0.680761	0.650447	0.61631	0.581743	0.552866	0.52999	0.500527	0.429654	0.311415	0.173301	0.0299591	-0.100412	-0.211456	-0.317023	-0.408767	-0.47439	-0.509335	-0.518891	-0.508423	-0.494034	-0.477293	-0.45351	-0.42713	-0.401538	-0.378399	-0.355753	-0.320564	-0.257845	-0.16942	-0.065866	0.0423053	0.136891	0.213285	0.278533	0.328587	0.352794	0.326565	0.255319	0.150267	0.0260039	-0.101644	-0.228314	-0.338192	-0.438341	-0.533555	-0.62657	-0.709583	-0.755783	-0.755783	
0.705641	0.689627	0.660654	0.624883	0.578429	0.531657	0.484822	0.429654	0.332386	0.185741	0.0234174	-0.136163	-0.26821	-0.372545	-0.460561	-0.525206	-0.5653	-0.576384	-0.564876	-0.541934	-0.522924	-0.497958	-0.466358	-0.438278	-0.416889	-0.398437	-0.378991	-0.341993	-0.263574	-0.15138	-0.0197528	0.110008	0.212077	0.292672	0.35658	0.398382	0.409264	0.367291	0.275994	0.150082	0.0124434	-0.129429	-0.25795	-0.359024	-0.444633	-0.515774	-0.583194	-0.634236	-0.660216	-0.660216	
0.702211	0.686597	0.658845	0.614383	0.549363	0.476562	0.399113	0.311415	0.185741	0.0140564	-0.168127	-0.334496	-0.461105	-0.5419	-0.590181	-0.611986	-0.616845	-0.597202	-0.559957	-0.519517	-0.486604	-0.455002	-0.425367	-0.401297	-0.386223	-0.383799	-0.381289	-0.3483	-0.267843	-0.144714	-0.000105365	0.137273	0.243308	0.327605	0.397501	0.442306	0.448368	0.39205	0.290691	0.154974	0.00428408	-0.147105	-0.281534	-0.378827	-0.450461	-0.499003	-0.534334	-0.548762	-0.551318	-0.551318	
0.671675	0.65408	0.623348	0.566585	0.484146	0.39364	0.291857	0.173301	0.0234174	-0.168127	-0.365338	-0.534139	-0.645341	-0.690885	-0.691652	-0.663598	-0.623204	-0.562832	-0.499761	-0.440917	-0.392937	-0.360105	-0.339579	-0.32751	-0.334385	-0.357134	-0.370676	-0.353931	-0.28408	-0.162652	-0.0148295	0.125301	0.231371	0.316839	0.389347	0.441055	0.4528	0.395683	0.292028	0.152959	-0.00577844	-0.162199	-0.294542	-0.381115	-0.43252	-0.456097	-0.460896	-0.444882	-0.427303	-0.427303	
0.603089	0.586436	0.547447	0.48024	0.391441	0.292065	0.170021	0.0299591	-0.136163	-0.334496	-0.534139	-0.688733	-0.773453	-0.784568	-0.745159	-0.677794	-0.59321	-0.507027	-0.427254	-0.351848	-0.292277	-0.257097	-0.239541	-0.241902	-0.269637	-0.30855	-0.342001	-0.346356	-0.297467	-0.193169	-0.0596212	0.0679323	0.173173	0.263454	0.348715	0.414743	0.428503	0.376107	0.273212	0.133693	-0.0206111	-0.174822	-0.296588	-0.363929	-0.389834	-0.384061	-0.36045	-0.320277	-0.288137	-0.288137	
0.504118	0.476125	0.429672	0.358703	0.272539	0.171822	0.0471294	-0.100412	-0.26821	-0.461105	-0.645341	-0.773453	-0.830732	-0.821054	-0.758734	-0.661974	-0.557643	-0.458015	-0.366669	-0.283383	-0.215734	-0.174144	-0.15785	-0.169619	-0.205641	-0.249865	-0.291225	-0.312345	-0.288061	-0.215022	-0.110901	0.000668796	0.0997016	0.19119	0.285544	0.362753	0.384709	0.338742	0.241969	0.108558	-0.0393392	-0.183244	-0.292617	-0.338811	-0.336133	-0.300762	-0.245396	-0.183742	-0.138526	-0.138526	
0.370463	0.336369	0.289527	0.22551	0.14481	0.0502597	-0.067988	-0.211456	-0.372545	-0.5419	-0.690885	-0.784568	-0.821054	-0.801003	-0.726942	-0.626204	-0.516761	-0.410281	-0.314617	-0.234676	-0.166722	-0.118178	-0.0994821	-0.113723	-0.149665	-0.190365	-0.23243	-0.260169	-0.263498	-0.232829	-0.159209	-0.0665898	0.0279514	0.124366	0.223252	0.305354	0.336113	0.302703	0.215144	0.0946701	-0.0453557	-0.182561	-0.277738	-0.306357	-0.278299	-0.216342	-0.139512	-0.0678273	-0.0184773	-0.0184773	
0.22561	0.190414	0.151238	0.0979634	0.0245914	-0.06393	-0.177495	-0.317023	-0.460561	-0.590181	-0.691652	-0.745159	-0.758734	-0.726942	-0.654036	-0.561263	-0.452208	-0.346084	-0.25822	-0.187788	-0.120169	-0.0699015	-0.0497372	-0.0595921	-0.0893897	-0.129665	-0.174192	-0.214199	-0.249351	-0.254715	-0.214084	-0.14443	-0.0499835	0.0580783	0.166889	0.261529	0.30492	0.287365	0.216559	0.107293	-0.0213826	-0.147548	-0.237038	-0.260567	-0.223165	-0.153188	-0.0708276	0.0015686	0.047658	0.047658	
0.0915481	0.0561624	0.0267728	-0.0174511	-0.0828912	-0.169776	-0.280379	-0.408767	-0.525206	-0.611986	-0.663598	-0.677794	-0.661974	-0.626204	-0.561263	-0.471035	-0.364448	-0.261193	-0.180879	-0.116911	-0.0563441	-0.0115441	0.00732389	-0.00114838	-0.0401685	-0.0878572	-0.131516	-0.184532	-0.24718	-0.289449	-0.287006	-0.229196	-0.123455	-0.00227541	0.120939	0.230448	0.295375	0.303083	0.255712	0.163677	0.0407183	-0.0836771	-0.17503	-0.204172	-0.173674	-0.110608	-0.0371826	0.0211295	0.0571575	0.0571575	
-0.0210921	-0.0528718	-0.0819674	-0.11802	-0.177159	-0.259047	-0.362854	-0.47439	-0.5653	-0.616845	-0.623204	-0.59321	-0.557643	-0.516761	-0.452208	-0.364448	-0.26312	-0.170209	-0.0954494	-0.0354143	0.0150208	0.0529783	0.0714814	0.0532457	0.00546774	-0.0488352	-0.109162	-0.181767	-0.267414	-0.339747	-0.364439	-0.314615	-0.196777	-0.0529083	0.0918702	0.221074	0.31011	0.349539	0.329885	0.251052	0.13867	0.0123573	-0.0913656	-0.137383	-0.132091	-0.089538	-0.0351309	0.00617963	0.0325349	0.0325349	
-0.0981841	-0.12961	-0.165314	-0.201881	-0.254395	-0.328399	-0.418395	-0.509335	-0.576384	-0.597202	-0.562832	-0.507027	-0.458015	-0.410281	-0.346084	-0.261193	-0.170209	-0.0824238	-0.01075	0.0415357	0.0845498	0.118276	0.125883	0.0980306	0.0406896	-0.0267658	-0.104748	-0.194681	-0.295758	-0.394116	-0.438409	-0.389899	-0.261743	-0.093079	0.0797544	0.233791	0.355122	0.428082	0.435674	0.369943	0.257917	0.125215	0.00696564	-0.0643731	-0.0902592	-0.0774694	-0.0513607	-0.0294939	-0.0153763	-0.0153763	
-0.13787	-0.173457	-0.216942	-0.255226	-0.303128	-0.370171	-0.446619	-0.518891	-0.564876	-0.559957	-0.499761	-0.427254	-0.366669	-0.314617	-0.25822	-0.180879	-0.0954494	-0.01075	0.0555498	0.104602	0.145855	0.172783	0.169376	0.132347	0.0672604	-0.0123423	-0.101074	-0.199501	-0.314993	-0.430934	-0.488952	-0.44424	-0.305636	-0.11069	0.0868671	0.264633	0.422521	0.523623	0.552649	0.501619	0.386395	0.243815	0.108869	0.00822845	-0.0509195	-0.0717434	-0.0734118	-0.0647696	-0.061607	-0.061607	
-0.142524	-0.184581	-0.236186	-0.277232	-0.324245	-0.385283	-0.45089	-0.508423	-0.541934	-0.519517	-0.440917	-0.351848	-0.283383	-0.234676	-0.187788	-0.116911	-0.0354143	0.0415357	0.104602	0.158112	0.200595	0.221118	0.208157	0.16349	0.095665	0.0127802	-0.0787534	-0.18556	-0.309881	-0.429479	-0.495571	-0.458827	-0.320572	-0.115536	0.102812	0.305852	0.488939	0.618152	0.668158	0.625045	0.510144	0.359885	0.209651	0.0819197	-0.0106856	-0.0622474	-0.0889651	-0.0934529	-0.0939177	-0.0939177	
-0.109903	-0.165352	-0.223106	-0.270559	-0.320657	-0.379379	-0.438645	-0.494034	-0.522924	-0.486604	-0.392937	-0.292277	-0.215734	-0.166722	-0.120169	-0.0563441	0.0150208	0.0845498	0.145855	0.200595	0.242096	0.265282	0.25406	0.2086	0.143633	0.0643987	-0.0247875	-0.13388	-0.265364	-0.388679	-0.465709	-0.440352	-0.305721	-0.103612	0.123381	0.345382	0.547514	0.694429	0.760218	0.72842	0.617867	0.464737	0.304133	0.158821	0.0389652	-0.0404326	-0.0861546	-0.103207	-0.106529	-0.106529	
-0.0375355	-0.110794	-0.181129	-0.241013	-0.30166	-0.362552	-0.420461	-0.477293	-0.497958	-0.455002	-0.360105	-0.257097	-0.174144	-0.118178	-0.0699015	-0.0115441	0.0529783	0.118276	0.172783	0.221118	0.265282	0.295079	0.293129	0.259578	0.207409	0.142729	0.060648	-0.0486543	-0.181879	-0.310937	-0.392374	-0.378064	-0.261896	-0.0718712	0.153119	0.384903	0.595732	0.752129	0.829239	0.803187	0.700913	0.55295	0.387775	0.234331	0.10025	0.00044043	-0.059734	-0.0838325	-0.0909072	-0.0909072	
0.0637699	-0.0255538	-0.111294	-0.191969	-0.271225	-0.340784	-0.402508	-0.45351	-0.466358	-0.425367	-0.339579	-0.239541	-0.15785	-0.0994821	-0.0497372	0.00732389	0.0714814	0.125883	0.169376	0.208157	0.25406	0.293129	0.308755	0.299867	0.269839	0.22733	0.15722	0.0552003	-0.0729769	-0.203299	-0.284201	-0.282272	-0.187603	-0.0157786	0.202455	0.435447	0.644385	0.802365	0.880215	0.863244	0.769977	0.627327	0.465526	0.306776	0.166798	0.0575774	-0.0104016	-0.0392085	-0.0467062	-0.0467062	
0.179016	0.0763631	-0.0216602	-0.127805	-0.226533	-0.313126	-0.380428	-0.42713	-0.438278	-0.401297	-0.32751	-0.241902	-0.169619	-0.113723	-0.0595921	-0.00114838	0.0532457	0.0980306	0.132347	0.16349	0.2086	0.259578	0.299867	0.317364	0.310048	0.287137	0.240728	0.155086	0.0365114	-0.0841635	-0.158311	-0.159542	-0.0815964	0.0690806	0.273512	0.496636	0.701951	0.8569	0.926712	0.91917	0.831933	0.691797	0.53594	0.379477	0.241233	0.128397	0.0586768	0.0222165	0.0133978	0.0133978	
0.289833	0.179643	0.0651505	-0.0574357	-0.173031	-0.276857	-0.352828	-0.401538	-0.416889	-0.386223	-0.334385	-0.269637	-0.205641	-0.149665	-0.0893897	-0.0401685	0.00546774	0.0406896	0.0672604	0.095665	0.143633	0.207409	0.269839	0.310048	0.327865	0.318744	0.285417	0.222381	0.124967	0.0338498	-0.0210587	-0.0206191	0.046896	0.17552	0.361656	0.573407	0.762858	0.90568	0.972327	0.967953	0.887918	0.755284	0.6066	0.454541	0.32086	0.209099	0.133325	0.0882523	0.0752584	0.0752584	
0.386864	0.263617	0.133009	0.000970208	-0.128624	-0.242484	-0.323976	-0.378399	-0.398437	-0.383799	-0.357134	-0.30855	-0.249865	-0.190365	-0.129665	-0.0878572	-0.0488352	-0.0267658	-0.0123423	0.0127802	0.0643987	0.142729	0.22733	0.287137	0.318744	0.320254	0.300717	0.260944	0.191831	0.134433	0.107946	0.117235	0.179431	0.291146	0.453408	0.648541	0.818964	0.944909	1.01245	1.01077	0.9408	0.82149	0.676912	0.531347	0.402784	0.284736	0.197876	0.143449	0.117841	0.117841	
0.46017	0.321564	0.182571	0.0379636	-0.100423	-0.216119	-0.298039	-0.355753	-0.378991	-0.381289	-0.370676	-0.342001	-0.291225	-0.23243	-0.174192	-0.131516	-0.109162	-0.104748	-0.101074	-0.0787534	-0.0247875	0.060648	0.15722	0.240728	0.285417	0.300717	0.298464	0.281383	0.25154	0.22572	0.225776	0.248884	0.303408	0.398417	0.539056	0.708349	0.860576	0.973105	1.03647	1.0398	0.975969	0.865202	0.730128	0.594134	0.470455	0.349578	0.249317	0.179334	0.141169	0.141169	
0.490204	0.351554	0.205884	0.0542987	-0.0841606	-0.19415	-0.271488	-0.320564	-0.341993	-0.3483	-0.353931	-0.346356	-0.312345	-0.260169	-0.214199	-0.184532	-0.181767	-0.194681	-0.199501	-0.18556	-0.13388	-0.0486543	0.0552003	0.155086	0.222381	0.260944	0.281383	0.292845	0.304653	0.319845	0.344824	0.371814	0.411523	0.483931	0.602016	0.744981	0.872426	0.974448	1.03152	1.03631	0.983936	0.880019	0.75746	0.632842	0.509945	0.389007	0.278553	0.193628	0.14854	0.14854	
0.472576	0.341618	0.20179	0.0537157	-0.0757899	-0.17065	-0.231193	-0.257845	-0.263574	-0.267843	-0.28408	-0.297467	-0.288061	-0.263498	-0.249351	-0.24718	-0.267414	-0.295758	-0.314993	-0.309881	-0.265364	-0.181879	-0.0729769	0.0365114	0.124967	0.191831	0.25154	0.304653	0.362705	0.416718	0.459678	0.486781	0.50527	0.547321	0.627918	0.731447	0.834632	0.921297	0.971826	0.98313	0.938864	0.849552	0.747832	0.64077	0.527267	0.407802	0.291388	0.192146	0.141186	0.141186	
0.406795	0.286355	0.157067	0.0265752	-0.0822126	-0.150536	-0.175706	-0.16942	-0.15138	-0.144714	-0.162652	-0.193169	-0.215022	-0.232829	-0.254715	-0.289449	-0.339747	-0.394116	-0.430934	-0.429479	-0.388679	-0.310937	-0.203299	-0.0841635	0.0338498	0.134433	0.22572	0.319845	0.416718	0.504744	0.557661	0.572603	0.558726	0.558158	0.592179	0.650698	0.721534	0.785011	0.836149	0.854103	0.827176	0.770593	0.699954	0.617889	0.523344	0.410706	0.28915	0.190775	0.131024	0.131024	
0.308583	0.199863	0.0867559	-0.0201676	-0.0963548	-0.127586	-0.112231	-0.065866	-0.0197528	-0.000105365	-0.0148295	-0.0596212	-0.110901	-0.159209	-0.214084	-0.287006	-0.364439	-0.438409	-0.488952	-0.495571	-0.465709	-0.392374	-0.284201	-0.158311	-0.0210587	0.107946	0.225776	0.344824	0.459678	0.557661	0.606969	0.598218	0.546088	0.49977	0.484745	0.495021	0.532924	0.578753	0.62396	0.647752	0.646958	0.629276	0.600744	0.558615	0.491419	0.39522	0.280639	0.187089	0.124755	0.124755	
0.211425	0.111278	0.0191278	-0.061311	-0.10316	-0.0964355	-0.0432843	0.0423053	0.110008	0.137273	0.125301	0.0679323	0.000668796	-0.0665898	-0.14443	-0.229196	-0.314615	-0.389899	-0.44424	-0.458827	-0.440352	-0.378064	-0.282272	-0.159542	-0.0206191	0.117235	0.248884	0.371814	0.486781	0.572603	0.598218	0.553216	0.463164	0.37334	0.312641	0.283708	0.296729	0.327661	0.363271	0.39934	0.418799	0.438665	0.457328	0.453118	0.414514	0.341952	0.245979	0.155543	0.102048	0.102048	
0.130185	0.0474326	-0.024977	-0.0720324	-0.0838555	-0.0491061	0.0318799	0.136891	0.212077	0.243308	0.231371	0.173173	0.0997016	0.0279514	-0.0499835	-0.123455	-0.196777	-0.261743	-0.305636	-0.320572	-0.305721	-0.261896	-0.187603	-0.0815964	0.046896	0.179431	0.303408	0.411523	0.50527	0.558726	0.546088	0.463164	0.336394	0.20541	0.104978	0.0500324	0.0380789	0.0580516	0.0940388	0.132585	0.175803	0.234066	0.283643	0.307821	0.291442	0.230992	0.150811	0.0698925	0.0195269	0.0195269	
0.0704626	0.0120632	-0.0349244	-0.0523476	-0.0398478	0.0131193	0.106171	0.213285	0.292672	0.327605	0.316839	0.263454	0.19119	0.124366	0.0580783	-0.00227541	-0.0529083	-0.093079	-0.11069	-0.115536	-0.103612	-0.0718712	-0.0157786	0.0690806	0.17552	0.291146	0.398417	0.483931	0.547321	0.558158	0.49977	0.37334	0.20541	0.0366315	-0.103688	-0.188997	-0.221114	-0.207435	-0.176189	-0.135433	-0.0685452	0.0143793	0.0921211	0.136081	0.128957	0.0777242	-0.000312612	-0.0799944	-0.132215	-0.132215	
0.0309948	-0.000578267	-0.0163762	-0.00878349	0.0250118	0.0862129	0.178571	0.278533	0.35658	0.397501	0.389347	0.348715	0.285544	0.223252	0.166889	0.120939	0.0918702	0.0797544	0.0868671	0.102812	0.123381	0.153119	0.202455	0.273512	0.361656	0.453408	0.539056	0.602016	0.627918	0.592179	0.484745	0.312641	0.104978	-0.103688	-0.282037	-0.401987	-0.459858	-0.46445	-0.44619	-0.400442	-0.316142	-0.212277	-0.111058	-0.0567603	-0.0610342	-0.104066	-0.177799	-0.255495	-0.305739	-0.305739	
0.0102429	0.0123422	0.0311379	0.0605979	0.107222	0.169814	0.246035	0.328587	0.398382	0.442306	0.441055	0.414743	0.362753	0.305354	0.261529	0.230448	0.221074	0.233791	0.264633	0.305852	0.345382	0.384903	0.435447	0.496636	0.573407	0.648541	0.708349	0.744981	0.731447	0.650698	0.495021	0.283708	0.0500324	-0.188997	-0.401987	-0.562499	-0.652374	-0.686749	-0.686765	-0.645427	-0.559969	-0.438578	-0.326934	-0.26313	-0.251089	-0.282274	-0.341635	-0.409834	-0.457596	-0.457596	
0.00826833	0.0492039	0.094033	0.140339	0.189156	0.244943	0.294109	0.352794	0.409264	0.448368	0.4528	0.428503	0.384709	0.336113	0.30492	0.295375	0.31011	0.355122	0.422521	0.488939	0.547514	0.595732	0.644385	0.701951	0.762858	0.818964	0.860576	0.872426	0.834632	0.721534	0.532924	0.296729	0.0380789	-0.221114	-0.459858	-0.652374	-0.776566	-0.846055	-0.872028	-0.846998	-0.767406	-0.643183	-0.523771	-0.448977	-0.417185	-0.425967	-0.465476	-0.515471	-0.55817	-0.55817	
0.00990004	0.0767628	0.140762	0.196585	0.241878	0.28115	0.302731	0.326565	0.367291	0.39205	0.395683	0.376107	0.338742	0.302703	0.287365	0.303083	0.349539	0.428082	0.523623	0.618152	0.694429	0.752129	0.802365	0.8569	0.90568	0.944909	0.973105	0.974448	0.921297	0.785011	0.578753	0.327661	0.0580516	-0.207435	-0.46445	-0.686749	-0.846055	-0.948362	-0.993537	-0.977542	-0.899044	-0.775152	-0.654749	-0.571606	-0.525196	-0.511983	-0.52879	-0.561124	-0.593508	-0.593508	
-0.0132405	0.0647943	0.136293	0.192275	0.236092	0.256544	0.257118	0.255319	0.275994	0.290691	0.292028	0.273212	0.241969	0.215144	0.216559	0.255712	0.329885	0.435674	0.552649	0.668158	0.760218	0.829239	0.880215	0.926712	0.972327	1.01245	1.03647	1.03152	0.971826	0.836149	0.62396	0.363271	0.0940388	-0.176189	-0.44619	-0.686765	-0.872028	-0.993537	-1.04226	-1.0241	-0.940202	-0.816553	-0.694707	-0.60221	-0.543775	-0.513344	-0.516448	-0.539381	-0.565414	-0.565414	
-0.0748025	0.00436316	0.0750521	0.132379	0.175179	0.184952	0.167792	0.150267	0.150082	0.154974	0.152959	0.133693	0.108558	0.0946701	0.107293	0.163677	0.251052	0.369943	0.501619	0.625045	0.72842	0.803187	0.863244	0.91917	0.967953	1.01077	1.0398	1.03631	0.98313	0.854103	0.647752	0.39934	0.132585	-0.135433	-0.400442	-0.645427	-0.846998	-0.977542	-1.0241	-1.00007	-0.905734	-0.780005	-0.656665	-0.552959	-0.484431	-0.440423	-0.426396	-0.439825	-0.454899	-0.454899	
-0.179418	-0.105627	-0.0349677	0.0309498	0.0722213	0.080796	0.0570604	0.0260039	0.0124434	0.00428408	-0.00577844	-0.0206111	-0.0393392	-0.0453557	-0.0213826	0.0407183	0.13867	0.257917	0.386395	0.510144	0.617867	0.700913	0.769977	0.831933	0.887918	0.9408	0.975969	0.983936	0.938864	0.827176	0.646958	0.418799	0.175803	-0.0685452	-0.316142	-0.559969	-0.767406	-0.899044	-0.940202	-0.905734	-0.80856	-0.685472	-0.567588	-0.457948	-0.376651	-0.318522	-0.283992	-0.28586	-0.286803	-0.286803	
-0.327259	-0.249978	-0.176172	-0.102415	-0.0524018	-0.0437151	-0.0667714	-0.101644	-0.129429	-0.147105	-0.162199	-0.174822	-0.183244	-0.182561	-0.147548	-0.0836771	0.0123573	0.125215	0.243815	0.359885	0.464737	0.55295	0.627327	0.691797	0.755284	0.82149	0.865202	0.880019	0.849552	0.770593	0.629276	0.438665	0.234066	0.0143793	-0.212277	-0.438578	-0.643183	-0.775152	-0.816553	-0.780005	-0.685472	-0.572664	-0.457326	-0.341714	-0.248449	-0.173342	-0.118258	-0.0982552	-0.0861144	-0.0861144	
-0.508111	-0.428256	-0.34141	-0.258572	-0.198704	-0.179678	-0.196738	-0.228314	-0.25795	-0.281534	-0.294542	-0.296588	-0.292617	-0.277738	-0.237038	-0.17503	-0.0913656	0.00696564	0.108869	0.209651	0.304133	0.387775	0.465526	0.53594	0.6066	0.676912	0.730128	0.75746	0.747832	0.699954	0.600744	0.457328	0.283643	0.0921211	-0.111058	-0.326934	-0.523771	-0.654749	-0.694707	-0.656665	-0.567588	-0.457326	-0.3413	-0.220283	-0.11137	-0.0173425	0.0570965	0.0991664	0.126585	0.126585	
-0.71031	-0.627286	-0.531207	-0.434945	-0.362355	-0.323212	-0.321808	-0.338192	-0.359024	-0.378827	-0.381115	-0.363929	-0.338811	-0.306357	-0.260567	-0.204172	-0.137383	-0.0643731	0.00822845	0.0819197	0.158821	0.234331	0.306776	0.379477	0.454541	0.531347	0.594134	0.632842	0.64077	0.617889	0.558615	0.453118	0.307821	0.136081	-0.0567603	-0.26313	-0.448977	-0.571606	-0.60221	-0.552959	-0.457948	-0.341714	-0.220283	-0.093777	0.0286446	0.136127	0.227489	0.294378	0.332812	0.332812	
-0.906295	-0.820537	-0.719718	-0.616028	-0.528493	-0.470052	-0.442569	-0.438341	-0.444633	-0.450461	-0.43252	-0.389834	-0.336133	-0.278299	-0.223165	-0.173674	-0.132091	-0.0902592	-0.0509195	-0.0106856	0.0389652	0.10025	0.166798	0.241233	0.32086	0.402784	0.470455	0.509945	0.527267	0.523344	0.491419	0.414514	0.291442	0.128957	-0.0610342	-0.251089	-0.417185	-0.525196	-0.543775	-0.484431	-0.376651	-0.248449	-0.11137	0.0286446	0.164728	0.288423	0.395561	0.487327	0.535797	0.535797	
-1.07548	-0.998524	-0.899566	-0.798704	-0.702486	-0.623488	-0.565312	-0.533555	-0.515774	-0.499003	-0.456097	-0.384061	-0.300762	-0.216342	-0.153188	-0.110608	-0.089538	-0.0774694	-0.0717434	-0.0622474	-0.0404326	0.00044043	0.0575774	0.128397	0.209099	0.284736	0.349578	0.389007	0.407802	0.410706	0.39522	0.341952	0.230992	0.0777242	-0.104066	-0.282274	-0.425967	-0.511983	-0.513344	-0.440423	-0.318522	-0.173342	-0.0173425	0.136127	0.288423	0.433124	0.556745	0.66861	0.730243	0.730243	
-1.21048	-1.14687	-1.0656	-0.974678	-0.877436	-0.781263	-0.693236	-0.62657	-0.583194	-0.534334	-0.460896	-0.36045	-0.245396	-0.139512	-0.0708276	-0.0371826	-0.0351309	-0.0513607	-0.0734118	-0.0889651	-0.0861546	-0.059734	-0.0104016	0.0586768	0.133325	0.197876	0.249317	0.278553	0.291388	0.28915	0.280639	0.245979	0.150811	-0.000312612	-0.177799	-0.341635	-0.465476	-0.52879	-0.516448	-0.426396	-0.283992	-0.118258	0.0570965	0.227489	0.395561	0.556745	0.70695	0.842033	0.918748	0.918748	
-1.3051	-1.2571	-1.19529	-1.11812	-1.02975	-0.923063	-0.807023	-0.709583	-0.634236	-0.548762	-0.444882	-0.320277	-0.183742	-0.0678273	0.0015686	0.0211295	0.00617963	-0.0294939	-0.0647696	-0.0934529	-0.103207	-0.0838325	-0.0392085	0.0222165	0.0882523	0.143449	0.179334	0.193628	0.192146	0.190775	0.187089	0.155543	0.0698925	-0.0799944	-0.255495	-0.409834	-0.515471	-0.561124	-0.539381	-0.439825	-0.28586	-0.0982552	0.0991664	0.294378	0.487327	0.66861	0.842033	0.989543	1.0777	1.0777	
-1.35735	-1.32007	-1.27205	-1.20745	-1.1217	-1.0089	-0.87614	-0.755783	-0.660216	-0.551318	-0.427303	-0.288137	-0.138526	-0.0184773	0.047658	0.0571575	0.0325349	-0.0153763	-0.061607	-0.0939177	-0.106529	-0.0909072	-0.0467062	0.0133978	0.0752584	0.117841	0.141169	0.14854	0.141186	0.131024	0.124755	0.102048	0.0195269	-0.132215	-0.305739	-0.457596	-0.55817	-0.593508	-0.565414	-0.454899	-0.286803	-0.0861144	0.126585	0.332812	0.535797	0.730243	0.918748	1.0777	1.17568	1.17568	
-1.35735	-1.32007	-1.27205	-1.20745	-1.1217	-1.0089	-0.87614	-0.755783	-0.660216	-0.551318	-0.427303	-0.288137	-0.138526	-0.0184773	0.047658	0.0571575	0.0325349	-0.0153763	-0.061607	-0.0939177	-0.106529	-0.0909072	-0.0467062	0.0133978	0.0752584	0.117841	0.141169	0.14854	0.141186	0.131024	0.124755	0.102048	0.0195269	-0.132215	-0.305739	-0.457596	-0.55817	-0.593508	-0.565414	-0.454899	-0.286803	-0.0861144	0.126585	0.332812	0.535797	0.730243	0.918748	1.0777	1.17568	1.17568	
