-2.89529	-2.89529	-2.76023	-2.49339	-2.10178	-1.6362	-1.15969	-0.757666	-0.481199	-0.341703	-0.315549	-0.353292	-0.427809	-0.506931	-0.581757	-0.635775	-0.668156	-0.685732	-0.691936	-0.676465	-0.623648	-0.529365	-0.417747	-0.317617	-0.229536	-0.145936	-0.0468751	0.0567832	0.154324	0.241031	0.312825	0.369893	0.42135	0.465369	0.506485	0.520373	0.511751	0.502093	0.494747	0.478943	0.452523	0.426587	0.429056	0.449638	0.485123	0.541454	0.622051	0.702832	0.764421	0.774762	
-2.89529	-2.89529	-2.76023	-2.49339	-2.10178	-1.6362	-1.15969	-0.757666	-0.481199	-0.341703	-0.315549	-0.353292	-0.427809	-0.506931	-0.581757	-0.635775	-0.668156	-0.685732	-0.691936	-0.676465	-0.623648	-0.529365	-0.417747	-0.317617	-0.229536	-0.145936	-0.0468751	0.0567832	0.154324	0.241031	0.312825	0.369893	0.42135	0.465369	0.506485	0.520373	0.511751	0.502093	0.494747	0.478943	0.452523	0.426587	0.429056	0.449638	0.485123	0.541454	0.622051	0.702832	0.764421	0.774762	
-2.76023	-2.76023	-2.62487	-2.3588	-1.96783	-1.50453	-1.03022	-0.629692	-0.355008	-0.21517	-0.19036	-0.229225	-0.30557	-0.388824	-0.466604	-0.527173	-0.56576	-0.591665	-0.606801	-0.601777	-0.560571	-0.479921	-0.38263	-0.295746	-0.221931	-0.151774	-0.0666707	0.023326	0.107892	0.185447	0.247762	0.299659	0.348392	0.391272	0.432519	0.452096	0.449121	0.44798	0.450958	0.447323	0.432347	0.420257	0.434204	0.468004	0.515003	0.581013	0.668496	0.758123	0.825779	0.839885	
-2.49339	-2.49339	-2.3588	-2.09183	-1.70485	-1.24404	-0.775357	-0.379576	-0.106892	0.0281912	0.0515945	0.0063009	-0.0770208	-0.167889	-0.257779	-0.328575	-0.382315	-0.42286	-0.454291	-0.467316	-0.447173	-0.39072	-0.318817	-0.25799	-0.208661	-0.162864	-0.103132	-0.0362485	0.0291147	0.08627	0.136257	0.176939	0.216763	0.2575	0.300809	0.324718	0.336064	0.349307	0.368156	0.383642	0.393412	0.404976	0.443039	0.497245	0.566189	0.653693	0.760708	0.862046	0.940608	0.965837	
-2.10178	-2.10178	-1.96783	-1.70485	-1.32371	-0.873322	-0.416424	-0.031053	0.23088	0.359511	0.373557	0.318305	0.224076	0.117038	0.0142037	-0.0768796	-0.149269	-0.212309	-0.266107	-0.303754	-0.31045	-0.284467	-0.243963	-0.211501	-0.19103	-0.172796	-0.141927	-0.103348	-0.0656063	-0.028671	0.000696657	0.0282616	0.0599799	0.0954271	0.135597	0.168111	0.189175	0.217871	0.256688	0.296384	0.331219	0.374772	0.440226	0.526376	0.625484	0.740384	0.868445	0.996005	1.09511	1.13593	
-1.6362	-1.6362	-1.50453	-1.24404	-0.873322	-0.434269	0.00622673	0.376137	0.626035	0.740765	0.744079	0.672252	0.559976	0.434037	0.307426	0.195398	0.0964129	0.00957481	-0.0690202	-0.131811	-0.166076	-0.17172	-0.163138	-0.160666	-0.168737	-0.176694	-0.174818	-0.163371	-0.148071	-0.134954	-0.121998	-0.108695	-0.0905972	-0.0619646	-0.0256954	0.00718711	0.0397177	0.0806343	0.133623	0.194051	0.257283	0.329721	0.426102	0.541808	0.674096	0.822875	0.984574	1.13667	1.25932	1.32444	
-1.15969	-1.15969	-1.03022	-0.775357	-0.416424	0.00622673	0.426275	0.777656	1.0109	1.11224	1.10236	1.01387	0.885025	0.736844	0.591333	0.454234	0.332725	0.220628	0.119103	0.0331965	-0.0270556	-0.0608212	-0.080607	-0.103061	-0.132007	-0.160649	-0.180947	-0.190766	-0.196905	-0.201349	-0.204089	-0.204459	-0.196488	-0.177314	-0.149564	-0.117567	-0.0822644	-0.0360051	0.0259639	0.097304	0.177496	0.276047	0.395219	0.538094	0.700295	0.880243	1.06766	1.25206	1.40404	1.49585	
-0.757666	-0.757666	-0.629692	-0.379576	-0.031053	0.376137	0.777656	1.11258	1.33307	1.42549	1.40733	1.30813	1.16578	1.00263	0.839186	0.685664	0.542916	0.413618	0.294357	0.191558	0.113656	0.0573511	0.0151974	-0.0240328	-0.0699587	-0.110949	-0.147483	-0.174023	-0.194368	-0.211354	-0.226021	-0.234624	-0.236623	-0.22562	-0.209489	-0.183324	-0.150317	-0.106246	-0.0464923	0.029921	0.11921	0.227819	0.359002	0.517873	0.701129	0.903653	1.11726	1.32446	1.49986	1.61746	
-0.481199	-0.481199	-0.355008	-0.106892	0.23088	0.626035	1.0109	1.33307	1.54745	1.63655	1.62031	1.51809	1.3732	1.20321	1.03438	0.871642	0.721639	0.583123	0.457079	0.34895	0.260036	0.190884	0.134283	0.0814975	0.0291673	-0.019297	-0.0656684	-0.101055	-0.129876	-0.15734	-0.17704	-0.194489	-0.204632	-0.203663	-0.196394	-0.179867	-0.150986	-0.113264	-0.0609399	0.00312293	0.0887767	0.201162	0.333792	0.49365	0.682862	0.897036	1.12048	1.34244	1.53495	1.6731	
-0.341703	-0.341703	-0.21517	0.0281912	0.359511	0.740765	1.11224	1.42549	1.63655	1.7327	1.72408	1.6312	1.493	1.32806	1.16326	1.00468	0.854976	0.719837	0.596711	0.491378	0.404442	0.330803	0.26781	0.213996	0.159615	0.111507	0.0616159	0.0188364	-0.0188255	-0.0505393	-0.0780235	-0.0996184	-0.114044	-0.119219	-0.125816	-0.11718	-0.0983118	-0.0720835	-0.0332382	0.0222305	0.098689	0.199556	0.31919	0.4709	0.65601	0.865674	1.08833	1.31181	1.50856	1.65499	
-0.315549	-0.315549	-0.19036	0.0515945	0.373557	0.744079	1.10236	1.40733	1.62031	1.72408	1.73012	1.65022	1.52388	1.36954	1.21513	1.06606	0.927401	0.80331	0.693294	0.603838	0.526273	0.458915	0.398108	0.345291	0.296561	0.253187	0.203633	0.159869	0.121328	0.0841285	0.054905	0.0277247	0.00557349	-0.0102952	-0.0253797	-0.0284316	-0.0162915	0.00164401	0.0275633	0.0616552	0.123131	0.213259	0.320432	0.453756	0.62171	0.81866	1.02946	1.24116	1.43021	1.576	
-0.353292	-0.353292	-0.229225	0.0063009	0.318305	0.672252	1.01387	1.30813	1.51809	1.6312	1.65022	1.5862	1.47431	1.33289	1.19202	1.056	0.930241	0.820341	0.72684	0.65437	0.593186	0.53701	0.485143	0.443018	0.407687	0.375981	0.335243	0.293873	0.253266	0.215146	0.18278	0.151732	0.127331	0.105446	0.0782663	0.0646059	0.0652002	0.0702144	0.081661	0.103063	0.151587	0.225672	0.312608	0.426916	0.576973	0.754527	0.944845	1.138	1.31085	1.44378	
-0.427809	-0.427809	-0.30557	-0.0770208	0.224076	0.559976	0.885025	1.16578	1.3732	1.493	1.52388	1.47431	1.37224	1.24168	1.10822	0.982345	0.866109	0.7691	0.691397	0.638075	0.594325	0.552974	0.511221	0.481323	0.459373	0.442848	0.414598	0.381905	0.348076	0.31542	0.285205	0.25517	0.227194	0.197733	0.16134	0.137321	0.12898	0.125766	0.123935	0.127178	0.160271	0.21968	0.29362	0.389112	0.518853	0.674786	0.845428	1.01497	1.16568	1.28111	
-0.506931	-0.506931	-0.388824	-0.167889	0.117038	0.434037	0.736844	1.00263	1.20321	1.32806	1.36954	1.33289	1.24168	1.11841	0.993246	0.871537	0.763633	0.672781	0.60588	0.565283	0.534417	0.5028	0.47185	0.450486	0.445508	0.445456	0.433472	0.412821	0.389151	0.362777	0.340415	0.315345	0.291819	0.261791	0.222747	0.190588	0.172646	0.160152	0.146441	0.135818	0.153739	0.200757	0.258716	0.336703	0.446129	0.584397	0.733385	0.880058	1.00827	1.1021	
-0.581757	-0.581757	-0.466604	-0.257779	0.0142037	0.307426	0.591333	0.839186	1.03438	1.16326	1.21513	1.19202	1.10822	0.993246	0.867894	0.750644	0.642281	0.554375	0.49339	0.459134	0.436877	0.412726	0.38328	0.369429	0.372118	0.383512	0.3863	0.37735	0.363068	0.350693	0.337821	0.323797	0.309014	0.28546	0.247381	0.213953	0.194392	0.178066	0.155148	0.13404	0.142008	0.172758	0.217614	0.279873	0.374291	0.492242	0.622577	0.748082	0.854759	0.928586	
-0.635775	-0.635775	-0.527173	-0.328575	-0.0768796	0.195398	0.454234	0.685664	0.871642	1.00468	1.06606	1.056	0.982345	0.871537	0.750644	0.630646	0.524089	0.434578	0.375151	0.344051	0.326126	0.301405	0.274489	0.257011	0.263322	0.281619	0.292491	0.29138	0.287377	0.282354	0.28013	0.279206	0.27551	0.261268	0.233481	0.206565	0.188648	0.176872	0.154773	0.130074	0.123931	0.147743	0.18405	0.234165	0.308022	0.410224	0.522518	0.627844	0.714895	0.769039	
-0.668156	-0.668156	-0.56576	-0.382315	-0.149269	0.0964129	0.332725	0.542916	0.721639	0.854976	0.927401	0.930241	0.866109	0.763633	0.642281	0.524089	0.415281	0.323644	0.265223	0.233297	0.216356	0.193142	0.160468	0.14136	0.145484	0.164142	0.180652	0.18336	0.180839	0.181328	0.184235	0.191807	0.198522	0.197669	0.182399	0.163844	0.156681	0.152898	0.134768	0.114408	0.113517	0.132268	0.160348	0.200048	0.263657	0.349625	0.443025	0.530013	0.596983	0.632649	
-0.685732	-0.685732	-0.591665	-0.42286	-0.212309	0.00957481	0.220628	0.413618	0.583123	0.719837	0.80331	0.820341	0.7691	0.672781	0.554375	0.434578	0.323644	0.230375	0.170838	0.139118	0.125465	0.100798	0.068473	0.043328	0.0422756	0.0590607	0.0747329	0.0772883	0.0760499	0.0766861	0.0816705	0.0952089	0.106724	0.112926	0.105558	0.0975484	0.0995876	0.107975	0.104567	0.0979813	0.0962768	0.117372	0.151014	0.191637	0.245314	0.318917	0.396903	0.464884	0.513067	0.529627	
-0.691936	-0.691936	-0.606801	-0.454291	-0.266107	-0.0690202	0.119103	0.294357	0.457079	0.596711	0.693294	0.72684	0.691397	0.60588	0.49339	0.375151	0.265223	0.170838	0.111308	0.0790677	0.0652057	0.0411769	0.00569585	-0.0230586	-0.0293565	-0.0150223	0.00117611	0.00424088	0.00098312	-0.00107122	-0.000284044	0.0129725	0.0245981	0.0353956	0.0358937	0.0346462	0.0428977	0.0597821	0.0650453	0.0708031	0.0830767	0.116724	0.155352	0.199942	0.254184	0.32298	0.389692	0.445628	0.475514	0.471291	
-0.676465	-0.676465	-0.601777	-0.467316	-0.303754	-0.131811	0.0331965	0.191558	0.34895	0.491378	0.603838	0.65437	0.638075	0.565283	0.459134	0.344051	0.233297	0.139118	0.0790677	0.0473932	0.0351658	0.0136154	-0.0214022	-0.0532373	-0.0653712	-0.0565555	-0.0437521	-0.0421136	-0.0469943	-0.0530119	-0.0527237	-0.041511	-0.0313662	-0.0204508	-0.0194538	-0.0211329	-0.00779768	0.0118989	0.028557	0.0480759	0.069609	0.108637	0.159818	0.217792	0.281621	0.353698	0.41719	0.465182	0.48388	0.468153	
-0.623648	-0.623648	-0.560571	-0.447173	-0.31045	-0.166076	-0.0270556	0.113656	0.260036	0.404442	0.526273	0.593186	0.594325	0.534417	0.436877	0.326126	0.216356	0.125465	0.0652057	0.0351658	0.0247168	0.00433098	-0.0291429	-0.0627129	-0.0809962	-0.075879	-0.0654757	-0.0641366	-0.07047	-0.0793268	-0.0856201	-0.0780015	-0.0716763	-0.061876	-0.0610353	-0.057644	-0.0458448	-0.0269112	-0.00712799	0.0199716	0.0485898	0.0989238	0.160672	0.230821	0.306379	0.384643	0.454556	0.50775	0.526938	0.502824	
-0.529365	-0.529365	-0.479921	-0.39072	-0.284467	-0.17172	-0.0608212	0.0573511	0.190884	0.330803	0.458915	0.53701	0.552974	0.5028	0.412726	0.301405	0.193142	0.100798	0.0411769	0.0136154	0.00433098	-0.00921218	-0.0378229	-0.0695566	-0.0886112	-0.0883054	-0.0808783	-0.079559	-0.086917	-0.100014	-0.108018	-0.105332	-0.102244	-0.0959525	-0.0951802	-0.0952965	-0.084001	-0.0675581	-0.0450666	-0.0145473	0.0216191	0.0755868	0.140557	0.220521	0.308888	0.400876	0.479043	0.539722	0.563469	0.548158	
-0.417747	-0.417747	-0.38263	-0.318817	-0.243963	-0.163138	-0.080607	0.0151974	0.134283	0.26781	0.398108	0.485143	0.511221	0.47185	0.38328	0.274489	0.160468	0.068473	0.00569585	-0.0214022	-0.0291429	-0.0378229	-0.0601414	-0.0851707	-0.103896	-0.10325	-0.0953752	-0.0916323	-0.0959312	-0.109395	-0.120145	-0.122329	-0.123402	-0.121128	-0.124048	-0.124088	-0.114088	-0.104372	-0.0836789	-0.0513838	-0.0111517	0.0408288	0.110232	0.196033	0.29441	0.388866	0.476	0.546109	0.583899	0.578414	
-0.317617	-0.317617	-0.295746	-0.25799	-0.211501	-0.160666	-0.103061	-0.0240328	0.0814975	0.213996	0.345291	0.443018	0.481323	0.450486	0.369429	0.257011	0.14136	0.043328	-0.0230586	-0.0532373	-0.0627129	-0.0695566	-0.0851707	-0.106516	-0.120074	-0.120711	-0.110739	-0.10117	-0.100496	-0.108772	-0.117893	-0.122206	-0.124423	-0.126614	-0.133225	-0.133395	-0.129698	-0.124514	-0.107822	-0.0788094	-0.0387697	0.0162423	0.0822868	0.16827	0.269527	0.370967	0.462893	0.538468	0.583056	0.58892	
-0.229536	-0.229536	-0.221931	-0.208661	-0.19103	-0.168737	-0.132007	-0.0699587	0.0291673	0.159615	0.296561	0.407687	0.459373	0.445508	0.372118	0.263322	0.145484	0.0422756	-0.0293565	-0.0653712	-0.0809962	-0.0886112	-0.103896	-0.120074	-0.133571	-0.13441	-0.124762	-0.112501	-0.103948	-0.106167	-0.111172	-0.11142	-0.112281	-0.115223	-0.119683	-0.122047	-0.120327	-0.12023	-0.112515	-0.0884035	-0.0453944	0.0033517	0.0648577	0.150466	0.254545	0.356745	0.451716	0.529171	0.579847	0.596623	
-0.145936	-0.145936	-0.151774	-0.162864	-0.172796	-0.176694	-0.160649	-0.110949	-0.019297	0.111507	0.253187	0.375981	0.442848	0.445456	0.383512	0.281619	0.164142	0.0590607	-0.0150223	-0.0565555	-0.075879	-0.0883054	-0.10325	-0.120711	-0.13441	-0.142457	-0.137891	-0.126195	-0.115402	-0.111048	-0.109439	-0.107175	-0.102675	-0.101683	-0.10504	-0.101813	-0.0974019	-0.0989404	-0.0956972	-0.0750337	-0.0368409	0.00919077	0.0678845	0.148826	0.25202	0.356903	0.453523	0.533208	0.591931	0.61552	
-0.0468751	-0.0468751	-0.0666707	-0.103132	-0.141927	-0.174818	-0.180947	-0.147483	-0.0656684	0.0616159	0.203633	0.335243	0.414598	0.433472	0.3863	0.292491	0.180652	0.0747329	0.00117611	-0.0437521	-0.0654757	-0.0808783	-0.0953752	-0.110739	-0.124762	-0.137891	-0.140066	-0.135517	-0.126128	-0.119621	-0.119763	-0.113715	-0.107221	-0.104452	-0.100381	-0.0894757	-0.0810005	-0.0749212	-0.07445	-0.0555123	-0.0161531	0.030949	0.0837642	0.160443	0.259322	0.365718	0.466161	0.549513	0.609796	0.639921	
0.0567832	0.0567832	0.023326	-0.0362485	-0.103348	-0.163371	-0.190766	-0.174023	-0.101055	0.0188364	0.159869	0.293873	0.381905	0.412821	0.37735	0.29138	0.18336	0.0772883	0.00424088	-0.0421136	-0.0641366	-0.079559	-0.0916323	-0.10117	-0.112501	-0.126195	-0.135517	-0.137591	-0.132366	-0.127853	-0.12943	-0.124778	-0.121433	-0.117905	-0.112358	-0.0994501	-0.0815263	-0.0676522	-0.0638784	-0.0384016	0.00508265	0.0556883	0.110625	0.185771	0.283038	0.393637	0.49233	0.575581	0.641277	0.679789	
0.154324	0.154324	0.107892	0.0291147	-0.0656063	-0.148071	-0.196905	-0.194368	-0.129876	-0.0188255	0.121328	0.253266	0.348076	0.389151	0.363068	0.287377	0.180839	0.0760499	0.00098312	-0.0469943	-0.07047	-0.086917	-0.0959312	-0.100496	-0.103948	-0.115402	-0.126128	-0.132366	-0.128653	-0.125147	-0.126277	-0.125793	-0.126942	-0.128864	-0.126734	-0.115292	-0.0922822	-0.0736688	-0.0638034	-0.0339243	0.0160162	0.0778606	0.144085	0.223183	0.323744	0.436498	0.539987	0.627662	0.692104	0.724083	
0.241031	0.241031	0.185447	0.08627	-0.028671	-0.134954	-0.201349	-0.211354	-0.15734	-0.0505393	0.0841285	0.215146	0.31542	0.362777	0.350693	0.282354	0.181328	0.0766861	-0.00107122	-0.0530119	-0.0793268	-0.100014	-0.109395	-0.108772	-0.106167	-0.111048	-0.119621	-0.127853	-0.125147	-0.118053	-0.119843	-0.11797	-0.122037	-0.12755	-0.130723	-0.122781	-0.102518	-0.0830822	-0.0717355	-0.0385016	0.0157593	0.0910563	0.170191	0.26175	0.372221	0.498407	0.60953	0.700038	0.759854	0.787991	
0.312825	0.312825	0.247762	0.136257	0.000696657	-0.121998	-0.204089	-0.226021	-0.17704	-0.0780235	0.054905	0.18278	0.285205	0.340415	0.337821	0.28013	0.184235	0.0816705	-0.000284044	-0.0527237	-0.0856201	-0.108018	-0.120145	-0.117893	-0.111172	-0.109439	-0.119763	-0.12943	-0.126277	-0.119843	-0.113695	-0.107099	-0.111551	-0.116821	-0.1216	-0.121401	-0.101141	-0.0834699	-0.0703243	-0.0398633	0.0167588	0.0989531	0.192975	0.297243	0.423912	0.563261	0.688502	0.787973	0.848574	0.863816	
0.369893	0.369893	0.299659	0.176939	0.0282616	-0.108695	-0.204459	-0.234624	-0.194489	-0.0996184	0.0277247	0.151732	0.25517	0.315345	0.323797	0.279206	0.191807	0.0952089	0.0129725	-0.041511	-0.0780015	-0.105332	-0.122329	-0.122206	-0.11142	-0.107175	-0.113715	-0.124778	-0.125793	-0.11797	-0.107099	-0.10031	-0.0990206	-0.101733	-0.108763	-0.105698	-0.0839893	-0.0676055	-0.0497801	-0.0198875	0.0346024	0.119954	0.22354	0.340885	0.480753	0.629436	0.767314	0.875204	0.93309	0.932747	
0.42135	0.42135	0.348392	0.216763	0.0599799	-0.0905972	-0.196488	-0.236623	-0.204632	-0.114044	0.00557349	0.127331	0.227194	0.291819	0.309014	0.27551	0.198522	0.106724	0.0245981	-0.0313662	-0.0716763	-0.102244	-0.123402	-0.124423	-0.112281	-0.102675	-0.107221	-0.121433	-0.126942	-0.122037	-0.111551	-0.0990206	-0.0944255	-0.094945	-0.0977232	-0.0914607	-0.0706193	-0.047591	-0.0217433	0.010025	0.0690922	0.159918	0.272219	0.397472	0.542402	0.694455	0.839247	0.945409	0.994377	0.979065	
0.465369	0.465369	0.391272	0.2575	0.0954271	-0.0619646	-0.177314	-0.22562	-0.203663	-0.119219	-0.0102952	0.105446	0.197733	0.261791	0.28546	0.261268	0.197669	0.112926	0.0353956	-0.0204508	-0.061876	-0.0959525	-0.121128	-0.126614	-0.115223	-0.101683	-0.104452	-0.117905	-0.128864	-0.12755	-0.116821	-0.101733	-0.094945	-0.091004	-0.0941242	-0.084343	-0.0615063	-0.0288966	0.00645735	0.0525551	0.11972	0.216147	0.333152	0.469525	0.61959	0.768009	0.901259	0.992407	1.02577	0.984024	
0.506485	0.506485	0.432519	0.300809	0.135597	-0.0256954	-0.149564	-0.209489	-0.196394	-0.125816	-0.0253797	0.0782663	0.16134	0.222747	0.247381	0.233481	0.182399	0.105558	0.0358937	-0.0194538	-0.0610353	-0.0951802	-0.124048	-0.133225	-0.119683	-0.10504	-0.100381	-0.112358	-0.126734	-0.130723	-0.1216	-0.108763	-0.0977232	-0.0941242	-0.0922157	-0.0788515	-0.0508845	-0.0106853	0.0354049	0.0919688	0.170723	0.275101	0.402946	0.54889	0.694812	0.829894	0.944494	1.0125	1.01376	0.938757	
0.520373	0.520373	0.452096	0.324718	0.168111	0.00718711	-0.117567	-0.183324	-0.179867	-0.11718	-0.0284316	0.0646059	0.137321	0.190588	0.213953	0.206565	0.163844	0.0975484	0.0346462	-0.0211329	-0.057644	-0.0952965	-0.124088	-0.133395	-0.122047	-0.101813	-0.0894757	-0.0994501	-0.115292	-0.122781	-0.121401	-0.105698	-0.0914607	-0.084343	-0.0788515	-0.0612903	-0.0324467	0.0146385	0.0699183	0.145887	0.238101	0.349861	0.48028	0.625419	0.763901	0.886798	0.97389	1.00656	0.972902	0.866153	
0.511751	0.511751	0.449121	0.336064	0.189175	0.0397177	-0.0822644	-0.150317	-0.150986	-0.0983118	-0.0162915	0.0652002	0.12898	0.172646	0.194392	0.188648	0.156681	0.0995876	0.0428977	-0.00779768	-0.0458448	-0.084001	-0.114088	-0.129698	-0.120327	-0.0974019	-0.0810005	-0.0815263	-0.0922822	-0.102518	-0.101141	-0.0839893	-0.0706193	-0.0615063	-0.0508845	-0.0324467	0.00453137	0.0622722	0.127881	0.215527	0.317269	0.433436	0.561262	0.69964	0.827375	0.928193	0.978645	0.97768	0.912955	0.777467	
0.502093	0.502093	0.44798	0.349307	0.217871	0.0806343	-0.0360051	-0.106246	-0.113264	-0.0720835	0.00164401	0.0702144	0.125766	0.160152	0.178066	0.176872	0.152898	0.107975	0.0597821	0.0118989	-0.0269112	-0.0675581	-0.104372	-0.124514	-0.12023	-0.0989404	-0.0749212	-0.0676522	-0.0736688	-0.0830822	-0.0834699	-0.0676055	-0.047591	-0.0288966	-0.0106853	0.0146385	0.0622722	0.120518	0.190441	0.28981	0.400493	0.516229	0.635725	0.757816	0.862895	0.934962	0.954608	0.926276	0.835955	0.683146	
0.494747	0.494747	0.450958	0.368156	0.256688	0.133623	0.0259639	-0.0464923	-0.0609399	-0.0332382	0.0275633	0.081661	0.123935	0.146441	0.155148	0.154773	0.134768	0.104567	0.0650453	0.028557	-0.00712799	-0.0450666	-0.0836789	-0.107822	-0.112515	-0.0956972	-0.07445	-0.0638784	-0.0638034	-0.0717355	-0.0703243	-0.0497801	-0.0217433	0.00645735	0.0354049	0.0699183	0.127881	0.190441	0.271818	0.370693	0.47925	0.586826	0.689103	0.777331	0.85692	0.90536	0.900897	0.847898	0.741646	0.586099	
0.478943	0.478943	0.447323	0.383642	0.296384	0.194051	0.097304	0.029921	0.00312293	0.0222305	0.0616552	0.103063	0.127178	0.135818	0.13404	0.130074	0.114408	0.0979813	0.0708031	0.0480759	0.0199716	-0.0145473	-0.0513838	-0.0788094	-0.0884035	-0.0750337	-0.0555123	-0.0384016	-0.0339243	-0.0385016	-0.0398633	-0.0198875	0.010025	0.0525551	0.0919688	0.145887	0.215527	0.28981	0.370693	0.463116	0.561501	0.652271	0.720389	0.773123	0.825241	0.841727	0.816633	0.749667	0.644232	0.49005	
0.452523	0.452523	0.432347	0.393412	0.331219	0.257283	0.177496	0.11921	0.0887767	0.098689	0.123131	0.151587	0.160271	0.153739	0.142008	0.123931	0.113517	0.0962768	0.0830767	0.069609	0.0485898	0.0216191	-0.0111517	-0.0387697	-0.0453944	-0.0368409	-0.0161531	0.00508265	0.0160162	0.0157593	0.0167588	0.0346024	0.0690922	0.11972	0.170723	0.238101	0.317269	0.400493	0.47925	0.561501	0.641761	0.710645	0.744297	0.762196	0.770424	0.760994	0.727028	0.659054	0.554592	0.407593	
0.426587	0.426587	0.420257	0.404976	0.374772	0.329721	0.276047	0.227819	0.201162	0.199556	0.213259	0.225672	0.21968	0.200757	0.172758	0.147743	0.132268	0.117372	0.116724	0.108637	0.0989238	0.0755868	0.0408288	0.0162423	0.0033517	0.00919077	0.030949	0.0556883	0.0778606	0.0910563	0.0989531	0.119954	0.159918	0.216147	0.275101	0.349861	0.433436	0.516229	0.586826	0.652271	0.710645	0.752314	0.755825	0.740117	0.71755	0.6959	0.656709	0.586921	0.484892	0.348713	
0.429056	0.429056	0.434204	0.443039	0.440226	0.426102	0.395219	0.359002	0.333792	0.31919	0.320432	0.312608	0.29362	0.258716	0.217614	0.18405	0.160348	0.151014	0.155352	0.159818	0.160672	0.140557	0.110232	0.0822868	0.0648577	0.0678845	0.0837642	0.110625	0.144085	0.170191	0.192975	0.22354	0.272219	0.333152	0.402946	0.48028	0.561262	0.635725	0.689103	0.720389	0.744297	0.755825	0.739028	0.704957	0.66878	0.64039	0.59918	0.534772	0.440427	0.313955	
0.449638	0.449638	0.468004	0.497245	0.526376	0.541808	0.538094	0.517873	0.49365	0.4709	0.453756	0.426916	0.389112	0.336703	0.279873	0.234165	0.200048	0.191637	0.199942	0.217792	0.230821	0.220521	0.196033	0.16827	0.150466	0.148826	0.160443	0.185771	0.223183	0.26175	0.297243	0.340885	0.397472	0.469525	0.54889	0.625419	0.69964	0.757816	0.777331	0.773123	0.762196	0.740117	0.704957	0.660492	0.618712	0.589505	0.560552	0.512478	0.430086	0.311559	
0.485123	0.485123	0.515003	0.566189	0.625484	0.674096	0.700295	0.701129	0.682862	0.65601	0.62171	0.576973	0.518853	0.446129	0.374291	0.308022	0.263657	0.245314	0.254184	0.281621	0.306379	0.308888	0.29441	0.269527	0.254545	0.25202	0.259322	0.283038	0.323744	0.372221	0.423912	0.480753	0.542402	0.61959	0.694812	0.763901	0.827375	0.862895	0.85692	0.825241	0.770424	0.71755	0.66878	0.618712	0.576184	0.557502	0.539968	0.507767	0.443016	0.346947	
0.541454	0.541454	0.581013	0.653693	0.740384	0.822875	0.880243	0.903653	0.897036	0.865674	0.81866	0.754527	0.674786	0.584397	0.492242	0.410224	0.349625	0.318917	0.32298	0.353698	0.384643	0.400876	0.388866	0.370967	0.356745	0.356903	0.365718	0.393637	0.436498	0.498407	0.563261	0.629436	0.694455	0.768009	0.829894	0.886798	0.928193	0.934962	0.90536	0.841727	0.760994	0.6959	0.64039	0.589505	0.557502	0.53914	0.525319	0.513756	0.481364	0.419985	
0.622051	0.622051	0.668496	0.760708	0.868445	0.984574	1.06766	1.11726	1.12048	1.08833	1.02946	0.944845	0.845428	0.733385	0.622577	0.522518	0.443025	0.396903	0.389692	0.41719	0.454556	0.479043	0.476	0.462893	0.451716	0.453523	0.466161	0.49233	0.539987	0.60953	0.688502	0.767314	0.839247	0.901259	0.944494	0.97389	0.978645	0.954608	0.900897	0.816633	0.727028	0.656709	0.59918	0.560552	0.539968	0.525319	0.526601	0.536514	0.534977	0.504282	
0.702832	0.702832	0.758123	0.862046	0.996005	1.13667	1.25206	1.32446	1.34244	1.31181	1.24116	1.138	1.01497	0.880058	0.748082	0.627844	0.530013	0.464884	0.445628	0.465182	0.50775	0.539722	0.546109	0.538468	0.529171	0.533208	0.549513	0.575581	0.627662	0.700038	0.787973	0.875204	0.945409	0.992407	1.0125	1.00656	0.97768	0.926276	0.847898	0.749667	0.659054	0.586921	0.534772	0.512478	0.507767	0.513756	0.536514	0.569961	0.596031	0.595517	
0.764421	0.764421	0.825779	0.940608	1.09511	1.25932	1.40404	1.49986	1.53495	1.50856	1.43021	1.31085	1.16568	1.00827	0.854759	0.714895	0.596983	0.513067	0.475514	0.48388	0.526938	0.563469	0.583899	0.583056	0.579847	0.591931	0.609796	0.641277	0.692104	0.759854	0.848574	0.93309	0.994377	1.02577	1.01376	0.972902	0.912955	0.835955	0.741646	0.644232	0.554592	0.484892	0.440427	0.430086	0.443016	0.481364	0.534977	0.596031	0.649806	0.675633	
0.774762	0.774762	0.839885	0.965837	1.13593	1.32444	1.49585	1.61746	1.6731	1.65499	1.576	1.44378	1.28111	1.1021	0.928586	0.769039	0.632649	0.529627	0.471291	0.468153	0.502824	0.548158	0.578414	0.58892	0.596623	0.61552	0.639921	0.679789	0.724083	0.787991	0.863816	0.932747	0.979065	0.984024	0.938757	0.866153	0.777467	0.683146	0.586099	0.49005	0.407593	0.348713	0.313955	0.311559	0.346947	0.419985	0.504282	0.595517	0.675633	0.721121	
