-2.37108	-2.37108	-2.27016	-2.05744	-1.73976	-1.33794	-0.862197	-0.353205	0.131851	0.545247	0.871784	1.10683	1.25309	1.31446	1.29473	1.21099	1.09249	0.963373	0.822928	0.67277	0.529143	0.38722	0.244594	0.126298	0.0507237	0.000488492	-0.0364986	-0.0616921	-0.0874343	-0.10698	-0.124549	-0.134338	-0.128109	-0.0939276	-0.0392805	0.0276365	0.0936285	0.155956	0.21854	0.278958	0.346921	0.439747	0.527627	0.585434	0.605543	0.595288	0.539875	0.425871	0.250892	0.0249471	
-2.37108	-2.37108	-2.27016	-2.05744	-1.73976	-1.33794	-0.862197	-0.353205	0.131851	0.545247	0.871784	1.10683	1.25309	1.31446	1.29473	1.21099	1.09249	0.963373	0.822928	0.67277	0.529143	0.38722	0.244594	0.126298	0.0507237	0.000488492	-0.0364986	-0.0616921	-0.0874343	-0.10698	-0.124549	-0.134338	-0.128109	-0.0939276	-0.0392805	0.0276365	0.0936285	0.155956	0.21854	0.278958	0.346921	0.439747	0.527627	0.585434	0.605543	0.595288	0.539875	0.425871	0.250892	0.0249471	
-2.27016	-2.27016	-2.16474	-1.94837	-1.63722	-1.25898	-0.821252	-0.352344	0.101551	0.491232	0.795308	1.00877	1.14587	1.21804	1.22366	1.16422	1.05849	0.935554	0.804377	0.670964	0.54296	0.408488	0.264822	0.142671	0.0647211	0.0130124	-0.026125	-0.0539377	-0.0805787	-0.0997592	-0.116914	-0.126282	-0.116621	-0.0752946	-0.0121481	0.0596248	0.125085	0.182789	0.237597	0.284728	0.33449	0.405932	0.478527	0.528467	0.545938	0.534158	0.480948	0.376624	0.218712	0.00765502	
-2.05744	-2.05744	-1.94837	-1.73568	-1.44746	-1.11562	-0.743001	-0.345192	0.0427553	0.379709	0.643338	0.83126	0.959575	1.04408	1.07889	1.05434	0.979093	0.878049	0.768058	0.657446	0.552855	0.436211	0.303057	0.183811	0.101458	0.0410214	-0.0077407	-0.040587	-0.0649999	-0.0791631	-0.0940604	-0.104482	-0.0947115	-0.0466493	0.027693	0.108101	0.173546	0.220902	0.25552	0.276385	0.294829	0.339536	0.393441	0.435671	0.449089	0.43412	0.381539	0.287501	0.146972	-0.0404593	
-1.73976	-1.73976	-1.63722	-1.44746	-1.20523	-0.9397	-0.648584	-0.342788	-0.0461945	0.213925	0.430288	0.598712	0.72761	0.821944	0.876549	0.884822	0.850558	0.791129	0.714126	0.632074	0.553148	0.464219	0.355761	0.249641	0.164723	0.090432	0.0268178	-0.0143795	-0.0373233	-0.0456692	-0.0553378	-0.064648	-0.0544819	-0.00452852	0.0755297	0.160658	0.223201	0.254355	0.260386	0.245052	0.232373	0.249915	0.287926	0.319552	0.328429	0.312283	0.263069	0.175676	0.0491925	-0.121754	
-1.33794	-1.33794	-1.25898	-1.11562	-0.9397	-0.755991	-0.561302	-0.35858	-0.161747	0.0202769	0.187678	0.340245	0.47281	0.579283	0.649586	0.682264	0.686671	0.671304	0.637878	0.590948	0.544114	0.486533	0.407657	0.320426	0.239412	0.160572	0.0897304	0.0418911	0.0146222	0.00499245	-0.00127848	-0.00351393	0.0109323	0.0595201	0.132845	0.208081	0.256733	0.266392	0.24173	0.196595	0.157093	0.156606	0.177069	0.195055	0.195613	0.181102	0.140101	0.0611708	-0.0628828	-0.223414	
-0.862197	-0.862197	-0.821252	-0.743001	-0.648584	-0.561302	-0.475517	-0.383358	-0.280089	-0.170025	-0.0499049	0.0767123	0.206143	0.322685	0.408873	0.462006	0.492856	0.513868	0.519907	0.514819	0.505076	0.483211	0.435745	0.37224	0.307092	0.240659	0.179334	0.132556	0.0981114	0.0768909	0.0653992	0.0648418	0.0826581	0.125583	0.184089	0.238649	0.264528	0.249108	0.199293	0.130287	0.0766944	0.0595541	0.0652569	0.0670114	0.0591903	0.0451876	0.0115239	-0.0612902	-0.177768	-0.333545	
-0.353205	-0.353205	-0.352344	-0.345192	-0.342788	-0.35858	-0.383358	-0.394023	-0.378052	-0.332339	-0.261349	-0.165691	-0.0508243	0.0686992	0.169769	0.242154	0.294824	0.337198	0.372178	0.399926	0.425845	0.437465	0.423607	0.391862	0.356508	0.318827	0.280463	0.244834	0.208907	0.177629	0.154545	0.146179	0.156283	0.187051	0.226621	0.256279	0.255569	0.21572	0.143346	0.0587427	-0.0117674	-0.0432037	-0.051888	-0.0575548	-0.0690647	-0.0855702	-0.120393	-0.189448	-0.300647	-0.442142	
0.131851	0.131851	0.101551	0.0427553	-0.0461945	-0.161747	-0.280089	-0.378052	-0.439343	-0.460707	-0.439553	-0.379634	-0.284797	-0.170281	-0.059111	0.0318225	0.100349	0.157414	0.209124	0.261845	0.312036	0.349885	0.36756	0.376456	0.384847	0.387412	0.378114	0.357737	0.328629	0.295563	0.265456	0.243968	0.238211	0.248965	0.264427	0.265875	0.236493	0.172302	0.0828466	-0.0191697	-0.106163	-0.160866	-0.18317	-0.191231	-0.197244	-0.211479	-0.247719	-0.316568	-0.415394	-0.539953	
0.545247	0.545247	0.491232	0.379709	0.213925	0.0202769	-0.170025	-0.332339	-0.460707	-0.545018	-0.579632	-0.558788	-0.487432	-0.380118	-0.263531	-0.162591	-0.0827367	-0.015549	0.0526526	0.123027	0.189829	0.24296	0.287371	0.335643	0.390996	0.43735	0.461047	0.462235	0.448151	0.424082	0.393127	0.360836	0.335759	0.319862	0.303228	0.266221	0.199168	0.107016	-0.000644143	-0.111584	-0.211587	-0.279377	-0.309494	-0.313265	-0.310133	-0.319988	-0.355449	-0.420044	-0.510353	-0.615884	
0.871784	0.871784	0.795308	0.643338	0.430288	0.187678	-0.0499049	-0.261349	-0.439553	-0.579632	-0.669349	-0.694307	-0.650707	-0.556758	-0.444654	-0.340893	-0.251676	-0.169078	-0.0847312	0.00234063	0.0820558	0.151008	0.215632	0.291287	0.376574	0.457438	0.515683	0.54673	0.55699	0.546244	0.517505	0.475139	0.429931	0.384911	0.331025	0.253011	0.146657	0.0238579	-0.100711	-0.217967	-0.313356	-0.377798	-0.404318	-0.405144	-0.398532	-0.404367	-0.435492	-0.496199	-0.577009	-0.667351	
1.10683	1.10683	1.00877	0.83126	0.598712	0.340245	0.0767123	-0.165691	-0.379634	-0.558788	-0.694307	-0.762586	-0.756424	-0.692493	-0.599082	-0.497131	-0.393285	-0.292572	-0.192926	-0.0957917	-0.00452062	0.0762933	0.154675	0.238191	0.331857	0.430089	0.518952	0.585648	0.627496	0.637869	0.616894	0.568523	0.504544	0.427146	0.337756	0.225626	0.0918708	-0.0517448	-0.191973	-0.311896	-0.399309	-0.45091	-0.468326	-0.468034	-0.464742	-0.473996	-0.501475	-0.552512	-0.623378	-0.701451	
1.25309	1.25309	1.14587	0.959575	0.72761	0.47281	0.206143	-0.0508243	-0.284797	-0.487432	-0.650707	-0.756424	-0.798379	-0.783509	-0.722063	-0.626762	-0.510701	-0.392811	-0.280518	-0.176874	-0.0854238	-0.00278839	0.077133	0.161147	0.250919	0.354874	0.463779	0.560772	0.635258	0.671476	0.665804	0.619669	0.540895	0.436544	0.317652	0.187283	0.045195	-0.10444	-0.252568	-0.377269	-0.459756	-0.504121	-0.521523	-0.528692	-0.534862	-0.546488	-0.567169	-0.604927	-0.660043	-0.724386	
1.31446	1.31446	1.21804	1.04408	0.821944	0.579283	0.322685	0.0686992	-0.170281	-0.380118	-0.556758	-0.692493	-0.783509	-0.820219	-0.794491	-0.713783	-0.596117	-0.467064	-0.342296	-0.236502	-0.152373	-0.0804559	-0.00316133	0.0777215	0.163112	0.265043	0.382688	0.496804	0.591065	0.643824	0.650066	0.608744	0.528255	0.411502	0.282105	0.147268	0.00882327	-0.135013	-0.279123	-0.399636	-0.478612	-0.526664	-0.553613	-0.575313	-0.595596	-0.617489	-0.63358	-0.651399	-0.683232	-0.734554	
1.29473	1.29473	1.22366	1.07889	0.876549	0.649586	0.408873	0.169769	-0.059111	-0.263531	-0.444654	-0.599082	-0.722063	-0.794491	-0.798048	-0.737761	-0.628614	-0.499186	-0.37007	-0.262567	-0.182423	-0.11524	-0.0438915	0.0319889	0.108686	0.204649	0.318586	0.429408	0.518668	0.566596	0.570641	0.53504	0.463579	0.358272	0.238135	0.113528	-0.0144677	-0.14447	-0.273212	-0.378838	-0.452387	-0.506851	-0.550809	-0.588003	-0.620061	-0.649234	-0.667167	-0.677091	-0.694477	-0.731127	
1.21099	1.21099	1.16422	1.05434	0.884822	0.682264	0.462006	0.242154	0.0318225	-0.162591	-0.340893	-0.497131	-0.626762	-0.713783	-0.737761	-0.697492	-0.607873	-0.496153	-0.376775	-0.266292	-0.1756	-0.105663	-0.0387623	0.0276957	0.0952887	0.177491	0.270268	0.352589	0.414901	0.444213	0.441455	0.408557	0.353002	0.269994	0.176482	0.0741341	-0.0345397	-0.145333	-0.253036	-0.344054	-0.41441	-0.478782	-0.531135	-0.569549	-0.600589	-0.634772	-0.658969	-0.671855	-0.688141	-0.72079	
1.09249	1.09249	1.05849	0.979093	0.850558	0.686671	0.492856	0.294824	0.100349	-0.0827367	-0.251676	-0.393285	-0.510701	-0.596117	-0.628614	-0.607873	-0.548436	-0.469702	-0.366659	-0.250872	-0.148099	-0.0732339	-0.00976874	0.050738	0.103169	0.155776	0.203705	0.23831	0.263658	0.274687	0.264898	0.236299	0.19688	0.144395	0.0872372	0.0197524	-0.0621157	-0.151329	-0.244233	-0.325476	-0.395813	-0.462317	-0.513816	-0.541455	-0.557607	-0.583175	-0.611711	-0.636941	-0.664434	-0.698037	
0.963373	0.963373	0.935554	0.878049	0.791129	0.671304	0.513868	0.337198	0.157414	-0.015549	-0.169078	-0.292572	-0.392811	-0.467064	-0.499186	-0.496153	-0.469702	-0.420109	-0.329843	-0.214846	-0.108241	-0.0277547	0.0409576	0.0941939	0.118636	0.123329	0.114652	0.0948871	0.078685	0.0633242	0.0422886	0.0179574	0.00121839	-0.0156258	-0.0310159	-0.0592689	-0.108526	-0.174534	-0.250055	-0.321946	-0.385906	-0.446471	-0.487816	-0.500022	-0.502047	-0.520313	-0.550533	-0.585685	-0.626854	-0.670038	
0.822928	0.822928	0.804377	0.768058	0.714126	0.637878	0.519907	0.372178	0.209124	0.0526526	-0.0847312	-0.192926	-0.280518	-0.342296	-0.37007	-0.376775	-0.366659	-0.329843	-0.250941	-0.147837	-0.0433369	0.0462359	0.118787	0.153783	0.137789	0.0916718	0.0296534	-0.0418469	-0.107624	-0.159552	-0.195508	-0.209008	-0.197242	-0.179422	-0.158613	-0.14972	-0.164777	-0.20213	-0.259697	-0.318742	-0.371403	-0.417959	-0.444317	-0.441575	-0.429787	-0.442351	-0.478547	-0.526448	-0.579407	-0.629852	
0.67277	0.67277	0.670964	0.657446	0.632074	0.590948	0.514819	0.399926	0.261845	0.123027	0.00234063	-0.0957917	-0.176874	-0.236502	-0.262567	-0.266292	-0.250872	-0.214846	-0.147837	-0.0566377	0.0467021	0.139249	0.203148	0.214835	0.165431	0.0789245	-0.026339	-0.145433	-0.259526	-0.348069	-0.397472	-0.400672	-0.369197	-0.328708	-0.284014	-0.244995	-0.225006	-0.233118	-0.269923	-0.315199	-0.353288	-0.38174	-0.392743	-0.37677	-0.359177	-0.372035	-0.412187	-0.461985	-0.514597	-0.562375	
0.529143	0.529143	0.54296	0.552855	0.553148	0.544114	0.505076	0.425845	0.312036	0.189829	0.0820558	-0.00452062	-0.0854238	-0.152373	-0.182423	-0.1756	-0.148099	-0.108241	-0.0433369	0.0467021	0.145763	0.224279	0.271087	0.266966	0.19694	0.081861	-0.0565369	-0.208563	-0.35703	-0.474041	-0.538777	-0.546445	-0.509976	-0.462147	-0.406003	-0.347628	-0.302083	-0.282942	-0.295035	-0.316622	-0.33284	-0.346765	-0.349728	-0.332696	-0.315171	-0.325958	-0.356958	-0.390493	-0.425671	-0.463702	
0.38722	0.38722	0.408488	0.436211	0.464219	0.486533	0.483211	0.437465	0.349885	0.24296	0.151008	0.0762933	-0.00278839	-0.0804559	-0.11524	-0.105663	-0.0732339	-0.0277547	0.0462359	0.139249	0.224279	0.282376	0.314014	0.298908	0.216639	0.0868793	-0.0624526	-0.226732	-0.3923	-0.529873	-0.617894	-0.642323	-0.618872	-0.578191	-0.526769	-0.465158	-0.404661	-0.360975	-0.338049	-0.323221	-0.314964	-0.317836	-0.324988	-0.31566	-0.30208	-0.304345	-0.315618	-0.323683	-0.339224	-0.367036	
0.244594	0.244594	0.264822	0.303057	0.355761	0.407657	0.435745	0.423607	0.36756	0.287371	0.215632	0.154675	0.077133	-0.00316133	-0.0438915	-0.0387623	-0.00976874	0.0409576	0.118787	0.203148	0.271087	0.314014	0.330722	0.302583	0.216122	0.0934058	-0.0503139	-0.212755	-0.380956	-0.528314	-0.632412	-0.68188	-0.684799	-0.66872	-0.633972	-0.578214	-0.512983	-0.448282	-0.390521	-0.342644	-0.311778	-0.306668	-0.312704	-0.307537	-0.295117	-0.288634	-0.27993	-0.265642	-0.265728	-0.288261	
0.126298	0.126298	0.142671	0.183811	0.249641	0.320426	0.37224	0.391862	0.376456	0.335643	0.291287	0.238191	0.161147	0.0777215	0.0319889	0.0276957	0.050738	0.0941939	0.153783	0.214835	0.266966	0.298908	0.302583	0.270283	0.201553	0.0993012	-0.0303715	-0.181461	-0.335596	-0.472829	-0.584676	-0.661395	-0.706458	-0.726129	-0.714821	-0.675151	-0.61545	-0.542616	-0.463491	-0.389124	-0.335129	-0.310013	-0.303885	-0.29166	-0.274248	-0.261096	-0.24319	-0.216497	-0.203599	-0.217079	
0.0507237	0.0507237	0.0647211	0.101458	0.164723	0.239412	0.307092	0.356508	0.384847	0.390996	0.376574	0.331857	0.250919	0.163112	0.108686	0.0952887	0.103169	0.118636	0.137789	0.165431	0.19694	0.216639	0.216122	0.201553	0.162099	0.0879201	-0.0176789	-0.13891	-0.261055	-0.377064	-0.487325	-0.590882	-0.67659	-0.733729	-0.756433	-0.746288	-0.707327	-0.640139	-0.552493	-0.461345	-0.383375	-0.33267	-0.29895	-0.26577	-0.236463	-0.215193	-0.190996	-0.160902	-0.144492	-0.155184	
0.000488492	0.000488492	0.0130124	0.0410214	0.090432	0.160572	0.240659	0.318827	0.387412	0.43735	0.457438	0.430089	0.354874	0.265043	0.204649	0.177491	0.155776	0.123329	0.0916718	0.0789245	0.081861	0.0868793	0.0934058	0.0993012	0.0879201	0.0471253	-0.0137842	-0.0888031	-0.172006	-0.261546	-0.36394	-0.479208	-0.591031	-0.683463	-0.745344	-0.770338	-0.753929	-0.701077	-0.619325	-0.524938	-0.436762	-0.364877	-0.299268	-0.232219	-0.17468	-0.139934	-0.118785	-0.0967731	-0.0829884	-0.0955873	
-0.0364986	-0.0364986	-0.026125	-0.0077407	0.0268178	0.0897304	0.179334	0.280463	0.378114	0.461047	0.515683	0.518952	0.463779	0.382688	0.318586	0.270268	0.203705	0.114652	0.0296534	-0.026339	-0.0565369	-0.0624526	-0.0503139	-0.0303715	-0.0176789	-0.0137842	-0.0199044	-0.0443932	-0.086936	-0.149993	-0.237729	-0.349873	-0.473911	-0.593453	-0.687327	-0.735911	-0.738247	-0.702753	-0.63712	-0.557357	-0.471499	-0.38248	-0.283377	-0.181944	-0.0972791	-0.0479867	-0.0288185	-0.0217749	-0.0264272	-0.0558137	
-0.0616921	-0.0616921	-0.0539377	-0.040587	-0.0143795	0.0418911	0.132556	0.244834	0.357737	0.462235	0.54673	0.585648	0.560772	0.496804	0.429408	0.352589	0.23831	0.0948871	-0.0418469	-0.145433	-0.208563	-0.226732	-0.212755	-0.181461	-0.13891	-0.0888031	-0.0443932	-0.0214355	-0.0248694	-0.0630134	-0.130831	-0.226162	-0.345442	-0.474434	-0.582826	-0.650124	-0.673653	-0.659228	-0.614963	-0.551996	-0.469626	-0.369068	-0.248102	-0.11957	-0.00999908	0.0504828	0.0659287	0.0560799	0.021745	-0.0417299	
-0.0874343	-0.0874343	-0.0805787	-0.0649999	-0.0373233	0.0146222	0.0981114	0.208907	0.328629	0.448151	0.55699	0.627496	0.635258	0.591065	0.518668	0.414901	0.263658	0.078685	-0.107624	-0.259526	-0.35703	-0.3923	-0.380956	-0.335596	-0.261055	-0.172006	-0.086936	-0.0248694	0.00326849	-0.0107191	-0.0492852	-0.112275	-0.206127	-0.323514	-0.437617	-0.5264	-0.573355	-0.579127	-0.554022	-0.503472	-0.421288	-0.315849	-0.184085	-0.0446166	0.073414	0.140469	0.154551	0.120897	0.0467306	-0.0558294	
-0.10698	-0.10698	-0.0997592	-0.0791631	-0.0456692	0.00499245	0.0768909	0.177629	0.295563	0.424082	0.546244	0.637869	0.671476	0.643824	0.566596	0.444213	0.274687	0.0633242	-0.159552	-0.348069	-0.474041	-0.529873	-0.528314	-0.472829	-0.377064	-0.261546	-0.149993	-0.0630134	-0.0107191	0.00333326	0.000118632	-0.0247516	-0.0847632	-0.179946	-0.291995	-0.390168	-0.449719	-0.469164	-0.455888	-0.409293	-0.331923	-0.230608	-0.0999109	0.0352734	0.143341	0.201638	0.205644	0.153605	0.052038	-0.0752416	
-0.124549	-0.124549	-0.116914	-0.0940604	-0.0553378	-0.00127848	0.0653992	0.154545	0.265456	0.393127	0.517505	0.616894	0.665804	0.650066	0.570641	0.441455	0.264898	0.0422886	-0.195508	-0.397472	-0.538777	-0.617894	-0.632412	-0.584676	-0.487325	-0.36394	-0.237729	-0.130831	-0.0492852	0.000118632	0.030434	0.0315269	-0.00442883	-0.0832257	-0.17971	-0.266905	-0.323573	-0.345179	-0.331501	-0.287593	-0.217238	-0.12481	-0.00523561	0.10849	0.196542	0.241047	0.231404	0.161394	0.0439856	-0.0952891	
-0.134338	-0.134338	-0.126282	-0.104482	-0.064648	-0.00351393	0.0648418	0.146179	0.243968	0.360836	0.475139	0.568523	0.619669	0.608744	0.53504	0.408557	0.236299	0.0179574	-0.209008	-0.400672	-0.546445	-0.642323	-0.68188	-0.661395	-0.590882	-0.479208	-0.349873	-0.226162	-0.112275	-0.0247516	0.0315269	0.0459899	0.0155292	-0.0474411	-0.11641	-0.175793	-0.213372	-0.215751	-0.189532	-0.147475	-0.0913373	-0.0156428	0.0789177	0.167818	0.235512	0.26146	0.23766	0.160969	0.0398865	-0.0940368	
-0.128109	-0.128109	-0.116621	-0.0947115	-0.0544819	0.0109323	0.0826581	0.156283	0.238211	0.335759	0.429931	0.504544	0.540895	0.528255	0.463579	0.353002	0.19688	0.00121839	-0.197242	-0.369197	-0.509976	-0.618872	-0.684799	-0.706458	-0.67659	-0.591031	-0.473911	-0.345442	-0.206127	-0.0847632	-0.00442883	0.0155292	-0.00896661	-0.0555475	-0.0943992	-0.122104	-0.125119	-0.0940316	-0.0504208	-0.00696025	0.0425191	0.0956561	0.159649	0.222631	0.265863	0.268147	0.232374	0.156459	0.051468	-0.0566232	
-0.0939276	-0.0939276	-0.0752946	-0.0466493	-0.00452852	0.0595201	0.125583	0.187051	0.248965	0.319862	0.384911	0.427146	0.436544	0.411502	0.358272	0.269994	0.144395	-0.0156258	-0.179422	-0.328708	-0.462147	-0.578191	-0.66872	-0.726129	-0.733729	-0.683463	-0.593453	-0.474434	-0.323514	-0.179946	-0.0832257	-0.0474411	-0.0555475	-0.081481	-0.0969491	-0.0925585	-0.0568248	0.00463822	0.0657384	0.122561	0.170472	0.205691	0.242598	0.274229	0.2824	0.260688	0.218018	0.154635	0.0813721	0.0119099	
-0.0392805	-0.0392805	-0.0121481	0.027693	0.0755297	0.132845	0.184089	0.226621	0.264427	0.303228	0.331025	0.337756	0.317652	0.282105	0.238135	0.176482	0.0872372	-0.0310159	-0.158613	-0.284014	-0.406003	-0.526769	-0.633972	-0.714821	-0.756433	-0.745344	-0.687327	-0.582826	-0.437617	-0.291995	-0.17971	-0.11641	-0.0943992	-0.0969491	-0.0864999	-0.0475966	0.0178266	0.098716	0.17653	0.24456	0.289117	0.307377	0.316788	0.313845	0.292507	0.25569	0.212948	0.170202	0.131637	0.0921644	
0.0276365	0.0276365	0.0596248	0.108101	0.160658	0.208081	0.238649	0.256279	0.265875	0.266221	0.253011	0.225626	0.187283	0.147268	0.113528	0.0741341	0.0197524	-0.0592689	-0.14972	-0.244995	-0.347628	-0.465158	-0.578214	-0.675151	-0.746288	-0.770338	-0.735911	-0.650124	-0.5264	-0.390168	-0.266905	-0.175793	-0.122104	-0.0925585	-0.0475966	0.021876	0.110817	0.208169	0.293993	0.356337	0.386387	0.386514	0.363595	0.328297	0.288259	0.243114	0.203056	0.181456	0.170449	0.159332	
0.0936285	0.0936285	0.125085	0.173546	0.223201	0.256733	0.264528	0.255569	0.236493	0.199168	0.146657	0.0918708	0.045195	0.00882327	-0.0144677	-0.0345397	-0.0621157	-0.108526	-0.164777	-0.225006	-0.302083	-0.404661	-0.512983	-0.61545	-0.707327	-0.753929	-0.738247	-0.673653	-0.573355	-0.449719	-0.323573	-0.213372	-0.125119	-0.0568248	0.0178266	0.110817	0.218962	0.324556	0.398906	0.437212	0.445072	0.417475	0.363196	0.306824	0.253485	0.199105	0.166628	0.162734	0.170918	0.188059	
0.155956	0.155956	0.182789	0.220902	0.254355	0.266392	0.249108	0.21572	0.172302	0.107016	0.0238579	-0.0517448	-0.10444	-0.135013	-0.14447	-0.145333	-0.151329	-0.174534	-0.20213	-0.233118	-0.282942	-0.360975	-0.448282	-0.542616	-0.640139	-0.701077	-0.702753	-0.659228	-0.579127	-0.469164	-0.345179	-0.215751	-0.0940316	0.00463822	0.098716	0.208169	0.324556	0.416578	0.459038	0.464447	0.440245	0.383862	0.307616	0.240596	0.178039	0.12166	0.0934646	0.0976321	0.122687	0.17306	
0.21854	0.21854	0.237597	0.25552	0.260386	0.24173	0.199293	0.143346	0.0828466	-0.000644143	-0.100711	-0.191973	-0.252568	-0.279123	-0.273212	-0.253036	-0.244233	-0.250055	-0.259697	-0.269923	-0.295035	-0.338049	-0.390521	-0.463491	-0.552493	-0.619325	-0.63712	-0.614963	-0.554022	-0.455888	-0.331501	-0.189532	-0.0504208	0.0657384	0.17653	0.293993	0.398906	0.459038	0.465741	0.430253	0.369829	0.287402	0.203764	0.131804	0.0650586	0.00873785	-0.0229706	-0.0217401	0.019848	0.0976493	
0.278958	0.278958	0.284728	0.276385	0.245052	0.196595	0.130287	0.0587427	-0.0191697	-0.111584	-0.217967	-0.311896	-0.377269	-0.399636	-0.378838	-0.344054	-0.325476	-0.321946	-0.318742	-0.315199	-0.316622	-0.323221	-0.342644	-0.389124	-0.461345	-0.524938	-0.557357	-0.551996	-0.503472	-0.409293	-0.287593	-0.147475	-0.00696025	0.122561	0.24456	0.356337	0.437212	0.464447	0.430253	0.351136	0.252069	0.151979	0.0606361	-0.0132085	-0.0753136	-0.131979	-0.174148	-0.175283	-0.122886	-0.0309161	
0.346921	0.346921	0.33449	0.294829	0.232373	0.157093	0.0766944	-0.0117674	-0.106163	-0.211587	-0.313356	-0.399309	-0.459756	-0.478612	-0.452387	-0.41441	-0.395813	-0.385906	-0.371403	-0.353288	-0.33284	-0.314964	-0.311778	-0.335129	-0.383375	-0.436762	-0.471499	-0.469626	-0.421288	-0.331923	-0.217238	-0.0913373	0.0425191	0.170472	0.289117	0.386387	0.445072	0.440245	0.369829	0.252069	0.125538	0.00313847	-0.103226	-0.183023	-0.243314	-0.301388	-0.344951	-0.342288	-0.282076	-0.184305	
0.439747	0.439747	0.405932	0.339536	0.249915	0.156606	0.0595541	-0.0432037	-0.160866	-0.279377	-0.377798	-0.45091	-0.504121	-0.526664	-0.506851	-0.478782	-0.462317	-0.446471	-0.417959	-0.38174	-0.346765	-0.317836	-0.306668	-0.310013	-0.33267	-0.364877	-0.38248	-0.369068	-0.315849	-0.230608	-0.12481	-0.0156428	0.0956561	0.205691	0.307377	0.386514	0.417475	0.383862	0.287402	0.151979	0.00313847	-0.147531	-0.27778	-0.371383	-0.432036	-0.486053	-0.518385	-0.498961	-0.43141	-0.329833	
0.527627	0.527627	0.478527	0.393441	0.287926	0.177069	0.0652569	-0.051888	-0.18317	-0.309494	-0.404318	-0.468326	-0.521523	-0.553613	-0.550809	-0.531135	-0.513816	-0.487816	-0.444317	-0.392743	-0.349728	-0.324988	-0.312704	-0.303885	-0.29895	-0.299268	-0.283377	-0.248102	-0.184085	-0.0999109	-0.00523561	0.0789177	0.159649	0.242598	0.316788	0.363595	0.363196	0.307616	0.203764	0.0606361	-0.103226	-0.27778	-0.431881	-0.540278	-0.609129	-0.659841	-0.678329	-0.642744	-0.56317	-0.454803	
0.585434	0.585434	0.528467	0.435671	0.319552	0.195055	0.0670114	-0.0575548	-0.191231	-0.313265	-0.405144	-0.468034	-0.528692	-0.575313	-0.588003	-0.569549	-0.541455	-0.500022	-0.441575	-0.37677	-0.332696	-0.31566	-0.307537	-0.29166	-0.26577	-0.232219	-0.181944	-0.11957	-0.0446166	0.0352734	0.10849	0.167818	0.222631	0.274229	0.313845	0.328297	0.306824	0.240596	0.131804	-0.0132085	-0.183023	-0.371383	-0.540278	-0.667927	-0.75213	-0.807213	-0.81895	-0.771673	-0.674806	-0.557197	
0.605543	0.605543	0.545938	0.449089	0.328429	0.195613	0.0591903	-0.0690647	-0.197244	-0.310133	-0.398532	-0.464742	-0.534862	-0.595596	-0.620061	-0.600589	-0.557607	-0.502047	-0.429787	-0.359177	-0.315171	-0.30208	-0.295117	-0.274248	-0.236463	-0.17468	-0.0972791	-0.00999908	0.073414	0.143341	0.196542	0.235512	0.265863	0.2824	0.292507	0.288259	0.253485	0.178039	0.0650586	-0.0753136	-0.243314	-0.432036	-0.609129	-0.75213	-0.853642	-0.918819	-0.927787	-0.871471	-0.763853	-0.640425	
0.595288	0.595288	0.534158	0.43412	0.312283	0.181102	0.0451876	-0.0855702	-0.211479	-0.319988	-0.404367	-0.473996	-0.546488	-0.617489	-0.649234	-0.634772	-0.583175	-0.520313	-0.442351	-0.372035	-0.325958	-0.304345	-0.288634	-0.261096	-0.215193	-0.139934	-0.0479867	0.0504828	0.140469	0.201638	0.241047	0.26146	0.268147	0.260688	0.25569	0.243114	0.199105	0.12166	0.00873785	-0.131979	-0.301388	-0.486053	-0.659841	-0.807213	-0.918819	-0.986348	-0.992284	-0.929048	-0.816809	-0.68731	
0.539875	0.539875	0.480948	0.381539	0.263069	0.140101	0.0115239	-0.120393	-0.247719	-0.355449	-0.435492	-0.501475	-0.567169	-0.63358	-0.667167	-0.658969	-0.611711	-0.550533	-0.478547	-0.412187	-0.356958	-0.315618	-0.27993	-0.24319	-0.190996	-0.118785	-0.0288185	0.0659287	0.154551	0.205644	0.231404	0.23766	0.232374	0.218018	0.212948	0.203056	0.166628	0.0934646	-0.0229706	-0.174148	-0.344951	-0.518385	-0.678329	-0.81895	-0.927787	-0.992284	-0.991752	-0.927527	-0.820473	-0.690161	
0.425871	0.425871	0.376624	0.287501	0.175676	0.0611708	-0.0612902	-0.189448	-0.316568	-0.420044	-0.496199	-0.552512	-0.604927	-0.651399	-0.677091	-0.671855	-0.636941	-0.585685	-0.526448	-0.461985	-0.390493	-0.323683	-0.265642	-0.216497	-0.160902	-0.0967731	-0.0217749	0.0560799	0.120897	0.153605	0.161394	0.160969	0.156459	0.154635	0.170202	0.181456	0.162734	0.0976321	-0.0217401	-0.175283	-0.342288	-0.498961	-0.642744	-0.771673	-0.871471	-0.929048	-0.927527	-0.870663	-0.772818	-0.648789	
0.250892	0.250892	0.218712	0.146972	0.0491925	-0.0628828	-0.177768	-0.300647	-0.415394	-0.510353	-0.577009	-0.623378	-0.660043	-0.683232	-0.694477	-0.688141	-0.664434	-0.626854	-0.579407	-0.514597	-0.425671	-0.339224	-0.265728	-0.203599	-0.144492	-0.0829884	-0.0264272	0.021745	0.0467306	0.052038	0.0439856	0.0398865	0.051468	0.0813721	0.131637	0.170449	0.170918	0.122687	0.019848	-0.122886	-0.282076	-0.43141	-0.56317	-0.674806	-0.763853	-0.816809	-0.820473	-0.772818	-0.688925	-0.574499	
0.0249471	0.0249471	0.00765502	-0.0404593	-0.121754	-0.223414	-0.333545	-0.442142	-0.539953	-0.615884	-0.667351	-0.701451	-0.724386	-0.734554	-0.731127	-0.72079	-0.698037	-0.670038	-0.629852	-0.562375	-0.463702	-0.367036	-0.288261	-0.217079	-0.155184	-0.0955873	-0.0558137	-0.0417299	-0.0558294	-0.0752416	-0.0952891	-0.0940368	-0.0566232	0.0119099	0.0921644	0.159332	0.188059	0.17306	0.0976493	-0.0309161	-0.184305	-0.329833	-0.454803	-0.557197	-0.640425	-0.68731	-0.690161	-0.648789	-0.574499	-0.480953	
