-0.45989	-0.45989	-0.53663	-0.65702	-0.780744	-0.875886	-0.911552	-0.862555	-0.734897	-0.554216	-0.342861	-0.119581	0.0849628	0.244778	0.362431	0.433333	0.446403	0.419275	0.384958	0.366363	0.378282	0.401439	0.400621	0.364192	0.289284	0.174519	0.0152421	-0.168764	-0.370512	-0.584785	-0.774484	-0.916226	-1.01774	-1.06071	-1.02801	-0.937869	-0.795055	-0.616257	-0.422824	-0.248271	-0.101641	0.0254313	0.129702	0.232219	0.314335	0.33664	0.301205	0.235069	0.1619	0.0926509	
-0.45989	-0.45989	-0.53663	-0.65702	-0.780744	-0.875886	-0.911552	-0.862555	-0.734897	-0.554216	-0.342861	-0.119581	0.0849628	0.244778	0.362431	0.433333	0.446403	0.419275	0.384958	0.366363	0.378282	0.401439	0.400621	0.364192	0.289284	0.174519	0.0152421	-0.168764	-0.370512	-0.584785	-0.774484	-0.916226	-1.01774	-1.06071	-1.02801	-0.937869	-0.795055	-0.616257	-0.422824	-0.248271	-0.101641	0.0254313	0.129702	0.232219	0.314335	0.33664	0.301205	0.235069	0.1619	0.0926509	
-0.53663	-0.53663	-0.605301	-0.722083	-0.848028	-0.941323	-0.973293	-0.926336	-0.803562	-0.616546	-0.399568	-0.180066	0.0288388	0.204169	0.319305	0.38004	0.396317	0.37977	0.35113	0.334922	0.341167	0.361621	0.369762	0.344792	0.270617	0.149732	-0.00980263	-0.187961	-0.372365	-0.562636	-0.742101	-0.889347	-0.990946	-1.02804	-0.987531	-0.887992	-0.74666	-0.578044	-0.401657	-0.233646	-0.0753124	0.0656142	0.178947	0.275104	0.340193	0.357663	0.326166	0.256145	0.180478	0.103932	
-0.65702	-0.65702	-0.722083	-0.837599	-0.967826	-1.06185	-1.08378	-1.02575	-0.905388	-0.720706	-0.4995	-0.277163	-0.0627777	0.124951	0.243991	0.304691	0.326302	0.314975	0.29404	0.287348	0.293506	0.311191	0.322619	0.302698	0.232706	0.118802	-0.0297261	-0.190997	-0.356494	-0.52417	-0.689221	-0.832248	-0.924471	-0.946972	-0.90313	-0.804031	-0.663791	-0.505048	-0.343956	-0.183332	-0.0237327	0.124275	0.249288	0.345338	0.399744	0.411056	0.380818	0.311353	0.229021	0.129758	
-0.780744	-0.780744	-0.848028	-0.967826	-1.09727	-1.1862	-1.1999	-1.13643	-1.00991	-0.824309	-0.600446	-0.376093	-0.157781	0.0370282	0.170388	0.240193	0.26361	0.253188	0.238405	0.242109	0.258832	0.277324	0.281422	0.254742	0.190185	0.0921836	-0.0304782	-0.167189	-0.315927	-0.470789	-0.618629	-0.741924	-0.81196	-0.816967	-0.777679	-0.693125	-0.559939	-0.40863	-0.252061	-0.0984945	0.0523064	0.200551	0.331673	0.433067	0.490562	0.49819	0.459588	0.386604	0.288077	0.168231	
-0.875886	-0.875886	-0.941323	-1.06185	-1.1862	-1.26179	-1.27469	-1.22077	-1.09076	-0.892449	-0.662387	-0.433796	-0.214004	-0.0171353	0.130192	0.207577	0.229239	0.223312	0.216331	0.220091	0.242596	0.262778	0.260297	0.229658	0.166671	0.080909	-0.0224756	-0.136506	-0.261965	-0.391907	-0.51591	-0.610289	-0.657181	-0.657726	-0.622945	-0.554533	-0.438548	-0.297463	-0.146078	-0.000219968	0.143765	0.292423	0.422045	0.524758	0.585169	0.591798	0.547739	0.461534	0.34711	0.211241	
-0.911552	-0.911552	-0.973293	-1.08378	-1.1999	-1.27469	-1.29176	-1.23958	-1.10358	-0.897968	-0.664806	-0.426361	-0.199013	-0.0069912	0.136599	0.225527	0.260245	0.263055	0.252531	0.247184	0.263394	0.283082	0.281614	0.253622	0.19283	0.10704	0.0104457	-0.0865893	-0.17696	-0.274119	-0.367911	-0.434719	-0.470546	-0.477441	-0.444356	-0.38546	-0.295429	-0.172412	-0.0368344	0.0968355	0.238853	0.386361	0.512076	0.612591	0.670781	0.675393	0.632238	0.542722	0.415698	0.260008	
-0.862555	-0.862555	-0.926336	-1.02575	-1.13643	-1.22077	-1.23958	-1.16987	-1.02695	-0.825256	-0.593125	-0.346383	-0.115821	0.0729978	0.213824	0.314122	0.362201	0.369427	0.356657	0.341748	0.339351	0.352557	0.351664	0.323509	0.265388	0.184423	0.0880558	0.00777392	-0.0553253	-0.123422	-0.184468	-0.223868	-0.25594	-0.27217	-0.253038	-0.211162	-0.145005	-0.0440913	0.0720853	0.193534	0.324392	0.459022	0.579355	0.677035	0.740671	0.752653	0.714362	0.624024	0.490174	0.314094	
-0.734897	-0.734897	-0.803562	-0.905388	-1.00991	-1.09076	-1.10358	-1.02695	-0.879123	-0.680654	-0.445974	-0.20048	0.031175	0.227489	0.372649	0.472352	0.523438	0.529701	0.510294	0.490823	0.479774	0.479345	0.465972	0.4245	0.362457	0.283183	0.199923	0.137044	0.0897122	0.0446147	0.0149015	-0.00356899	-0.0306146	-0.0511129	-0.0582244	-0.04267	0.000200151	0.0759384	0.176407	0.283902	0.394858	0.508545	0.616312	0.711554	0.783191	0.806099	0.767637	0.676419	0.536527	0.360817	
-0.554216	-0.554216	-0.616546	-0.720706	-0.824309	-0.892449	-0.897968	-0.825256	-0.680654	-0.481404	-0.24236	0.00371212	0.236424	0.438137	0.588751	0.680479	0.725192	0.723936	0.700348	0.676786	0.658836	0.636807	0.60465	0.551296	0.479695	0.401892	0.32927	0.275704	0.240896	0.228474	0.226931	0.219932	0.198056	0.167037	0.134047	0.117441	0.132092	0.176314	0.256222	0.349194	0.440318	0.529922	0.620593	0.714009	0.789614	0.820933	0.79245	0.705434	0.572127	0.400125	
-0.342861	-0.342861	-0.399568	-0.4995	-0.600446	-0.662387	-0.664806	-0.593125	-0.445974	-0.24236	-0.00745059	0.237288	0.474881	0.679545	0.829287	0.920706	0.960253	0.949919	0.918441	0.887779	0.857025	0.812074	0.762185	0.699986	0.61976	0.53582	0.470019	0.422985	0.405734	0.419938	0.435704	0.426975	0.40181	0.361769	0.315056	0.273745	0.255541	0.261865	0.303394	0.375503	0.455615	0.529454	0.606711	0.697374	0.77585	0.816297	0.802685	0.729107	0.606368	0.438552	
-0.119581	-0.119581	-0.180066	-0.277163	-0.376093	-0.433796	-0.426361	-0.346383	-0.20048	0.00371212	0.237288	0.480716	0.717394	0.923821	1.07696	1.16691	1.19428	1.17914	1.14364	1.09707	1.0417	0.98086	0.910423	0.832235	0.740507	0.653719	0.590871	0.557181	0.55757	0.584416	0.604748	0.593279	0.562156	0.513861	0.456741	0.398918	0.354297	0.32814	0.329014	0.368993	0.431382	0.496269	0.56927	0.655232	0.743141	0.801145	0.803682	0.743387	0.633511	0.468978	
0.0849628	0.0849628	0.0288388	-0.0627777	-0.157781	-0.214004	-0.199013	-0.115821	0.031175	0.236424	0.474881	0.717394	0.948331	1.15156	1.30279	1.3894	1.41111	1.39031	1.33541	1.26663	1.19649	1.12265	1.02852	0.923438	0.81658	0.725464	0.671312	0.655266	0.668652	0.694987	0.711224	0.704829	0.673418	0.621546	0.551101	0.478015	0.408291	0.358479	0.331397	0.337032	0.373961	0.437043	0.516909	0.606889	0.69982	0.770744	0.787444	0.748021	0.650147	0.494754	
0.244778	0.244778	0.204169	0.124951	0.0370282	-0.0171353	-0.0069912	0.0729978	0.227489	0.438137	0.679545	0.923821	1.15156	1.34497	1.48823	1.56926	1.58938	1.55907	1.48472	1.39307	1.3037	1.2098	1.09584	0.969266	0.852819	0.761666	0.707307	0.69908	0.72184	0.744056	0.755783	0.760823	0.735348	0.677668	0.598471	0.509717	0.418344	0.349003	0.304098	0.281916	0.296737	0.359164	0.452637	0.559806	0.663118	0.742851	0.777569	0.757111	0.671319	0.518551	
0.362431	0.362431	0.319305	0.243991	0.170388	0.130192	0.136599	0.213824	0.372649	0.588751	0.829287	1.07696	1.30279	1.48823	1.62305	1.69739	1.71028	1.66631	1.5804	1.46922	1.35206	1.22664	1.09579	0.958444	0.838928	0.745731	0.690396	0.684682	0.707753	0.725117	0.737449	0.745742	0.726896	0.674641	0.596631	0.500399	0.400122	0.314344	0.248476	0.209474	0.215321	0.277832	0.386609	0.513453	0.635869	0.728358	0.776442	0.764524	0.684662	0.532078	
0.433333	0.433333	0.38004	0.304691	0.240193	0.207577	0.225527	0.314122	0.472352	0.680479	0.920706	1.16691	1.3894	1.56926	1.69739	1.75888	1.75863	1.70346	1.60484	1.47125	1.31745	1.16331	1.01845	0.880488	0.759017	0.664554	0.608135	0.598139	0.617292	0.641986	0.665778	0.675351	0.663299	0.620115	0.545745	0.451484	0.354761	0.264217	0.187403	0.138745	0.143708	0.207923	0.326513	0.469707	0.6109	0.719428	0.775361	0.76288	0.67775	0.52209	
0.446403	0.446403	0.396317	0.326302	0.26361	0.229239	0.260245	0.362201	0.523438	0.725192	0.960253	1.19428	1.41111	1.58938	1.71028	1.75863	1.74357	1.66748	1.54576	1.39357	1.21685	1.04084	0.884327	0.744223	0.619017	0.526139	0.474863	0.460179	0.476259	0.517565	0.55826	0.572768	0.569465	0.539346	0.473136	0.389477	0.301913	0.216894	0.139904	0.0951341	0.103566	0.17205	0.298493	0.455771	0.605099	0.722256	0.775146	0.750484	0.647602	0.483504	
0.419275	0.419275	0.37977	0.314975	0.253188	0.223312	0.263055	0.369427	0.529701	0.723936	0.949919	1.17914	1.39031	1.55907	1.66631	1.70346	1.66748	1.56686	1.41947	1.25032	1.06046	0.874547	0.707712	0.561326	0.438251	0.351485	0.305737	0.293967	0.318561	0.374792	0.430527	0.460405	0.46669	0.449477	0.402931	0.341382	0.266431	0.192649	0.124198	0.0905628	0.105879	0.179824	0.310268	0.477528	0.627395	0.738182	0.777559	0.732817	0.611038	0.430062	
0.384958	0.384958	0.35113	0.29404	0.238405	0.216331	0.252531	0.356657	0.510294	0.700348	0.918441	1.14364	1.33541	1.48472	1.5804	1.60484	1.54576	1.41947	1.24576	1.05391	0.860064	0.671773	0.498027	0.348949	0.232564	0.154183	0.119325	0.123073	0.162077	0.22936	0.299616	0.34824	0.370382	0.368968	0.347147	0.312731	0.256393	0.195938	0.145723	0.131891	0.157545	0.234348	0.367769	0.524134	0.661156	0.750305	0.769226	0.709353	0.580423	0.379334	
0.366363	0.366363	0.334922	0.287348	0.242109	0.220091	0.247184	0.341748	0.490823	0.676786	0.887779	1.09707	1.26663	1.39307	1.46922	1.47125	1.39357	1.25032	1.05391	0.842252	0.641679	0.450766	0.275265	0.130787	0.0258916	-0.0365909	-0.0548039	-0.0310036	0.0256082	0.101405	0.180359	0.247761	0.288476	0.30766	0.313692	0.305288	0.269032	0.228106	0.205782	0.215412	0.257145	0.33693	0.459396	0.590329	0.697613	0.757456	0.752325	0.678192	0.53869	0.325749	
0.378282	0.378282	0.341167	0.293506	0.258832	0.242596	0.263394	0.339351	0.479774	0.658836	0.857025	1.0417	1.19649	1.3037	1.35206	1.31745	1.21685	1.06046	0.860064	0.641679	0.428996	0.229918	0.0576479	-0.0776196	-0.165674	-0.201041	-0.194959	-0.151975	-0.0802091	0.00176435	0.0872199	0.164182	0.226367	0.272659	0.303483	0.312298	0.29744	0.281237	0.286258	0.320948	0.379691	0.458775	0.5565	0.649643	0.719732	0.750027	0.721792	0.629092	0.472878	0.254672	
0.401439	0.401439	0.361621	0.311191	0.277324	0.262778	0.283082	0.352557	0.479345	0.636807	0.812074	0.98086	1.12265	1.2098	1.22664	1.16331	1.04084	0.874547	0.671773	0.450766	0.229918	0.034919	-0.122153	-0.242586	-0.311593	-0.32191	-0.293393	-0.232009	-0.14813	-0.0597783	0.0290134	0.111611	0.186511	0.253934	0.297512	0.318452	0.327795	0.347429	0.378317	0.429351	0.49689	0.569487	0.634928	0.689588	0.716805	0.714251	0.666715	0.559152	0.38867	0.170709	
0.400621	0.400621	0.369762	0.322619	0.281422	0.260297	0.281614	0.351664	0.465972	0.60465	0.762185	0.910423	1.02852	1.09584	1.09579	1.01845	0.884327	0.707712	0.498027	0.275265	0.0576479	-0.122153	-0.256359	-0.352846	-0.400121	-0.390699	-0.34516	-0.268287	-0.176365	-0.0885649	-0.00147862	0.0829593	0.16342	0.234987	0.286315	0.326103	0.365414	0.417934	0.471089	0.526937	0.589283	0.64764	0.689034	0.708963	0.694216	0.652211	0.578224	0.456752	0.282992	0.0705748	
0.364192	0.364192	0.344792	0.302698	0.254742	0.229658	0.253622	0.323509	0.4245	0.551296	0.699986	0.832235	0.923438	0.969266	0.958444	0.880488	0.744223	0.561326	0.348949	0.130787	-0.0776196	-0.242586	-0.352846	-0.417149	-0.433946	-0.40726	-0.352913	-0.268232	-0.17479	-0.0941446	-0.0131382	0.0719268	0.149696	0.216225	0.278644	0.345604	0.412112	0.484077	0.550953	0.611462	0.665967	0.705401	0.720425	0.706637	0.649855	0.568558	0.463782	0.325569	0.155533	-0.0424169	
0.289284	0.289284	0.270617	0.232706	0.190185	0.166671	0.19283	0.265388	0.362457	0.479695	0.61976	0.740507	0.81658	0.852819	0.838928	0.759017	0.619017	0.438251	0.232564	0.0258916	-0.165674	-0.311593	-0.400121	-0.433946	-0.420467	-0.377034	-0.317847	-0.239225	-0.153123	-0.0762196	0.00199463	0.0800187	0.149811	0.213591	0.286888	0.374471	0.460993	0.547707	0.624921	0.692931	0.741756	0.760705	0.742638	0.688119	0.591489	0.479084	0.353754	0.201319	0.0329968	-0.149822	
0.174519	0.174519	0.149732	0.118802	0.0921836	0.080909	0.10704	0.184423	0.283183	0.401892	0.53582	0.653719	0.725464	0.761666	0.745731	0.664554	0.526139	0.351485	0.154183	-0.0365909	-0.201041	-0.32191	-0.390699	-0.40726	-0.377034	-0.312982	-0.245247	-0.182747	-0.11737	-0.0454455	0.0255405	0.092167	0.157561	0.230947	0.313151	0.407577	0.507196	0.610542	0.699351	0.770035	0.813026	0.815716	0.774298	0.683899	0.552479	0.414034	0.272014	0.108551	-0.0605449	-0.233176	
0.0152421	0.0152421	-0.00980263	-0.0297261	-0.0304782	-0.0224756	0.0104457	0.0880558	0.199923	0.32927	0.470019	0.590871	0.671312	0.707307	0.690396	0.608135	0.474863	0.305737	0.119325	-0.0548039	-0.194959	-0.293393	-0.34516	-0.352913	-0.317847	-0.245247	-0.175924	-0.126313	-0.0808571	-0.0244803	0.0366973	0.0984623	0.16652	0.251007	0.344633	0.44462	0.557331	0.674301	0.770654	0.839586	0.872271	0.86212	0.805028	0.693672	0.539021	0.376632	0.216089	0.0444657	-0.126898	-0.288169	
-0.168764	-0.168764	-0.187961	-0.190997	-0.167189	-0.136506	-0.0865893	0.00777392	0.137044	0.275704	0.422985	0.557181	0.655266	0.69908	0.684682	0.598139	0.460179	0.293967	0.123073	-0.0310036	-0.151975	-0.232009	-0.268287	-0.268232	-0.239225	-0.182747	-0.126313	-0.0813341	-0.0402752	-0.000644115	0.0494901	0.108903	0.178529	0.262183	0.362935	0.477985	0.603676	0.725675	0.828557	0.897156	0.922536	0.900756	0.829432	0.705728	0.543213	0.369341	0.197768	0.0222553	-0.151492	-0.304138	
-0.370512	-0.370512	-0.372365	-0.356494	-0.315927	-0.261965	-0.17696	-0.0553253	0.0897122	0.240896	0.405734	0.55757	0.668652	0.72184	0.707753	0.617292	0.476259	0.318561	0.162077	0.0256082	-0.0802091	-0.14813	-0.176365	-0.17479	-0.153123	-0.11737	-0.0808571	-0.0402752	-0.00095747	0.028344	0.0669073	0.123423	0.189849	0.275609	0.381535	0.502653	0.629593	0.755567	0.860912	0.930237	0.950878	0.923226	0.843868	0.719034	0.553653	0.377877	0.204799	0.031383	-0.136201	-0.274624	
-0.584785	-0.584785	-0.562636	-0.52417	-0.470789	-0.391907	-0.274119	-0.123422	0.0446147	0.228474	0.419938	0.584416	0.694987	0.744056	0.725117	0.641986	0.517565	0.374792	0.22936	0.101405	0.00176435	-0.0597783	-0.0885649	-0.0941446	-0.0762196	-0.0454455	-0.0244803	-0.000644115	0.028344	0.0504388	0.0810799	0.133647	0.204969	0.299231	0.406847	0.517035	0.632964	0.758494	0.871435	0.937333	0.953404	0.925681	0.84979	0.727628	0.562791	0.38419	0.212441	0.0515101	-0.0961288	-0.221736	
-0.774484	-0.774484	-0.742101	-0.689221	-0.618629	-0.51591	-0.367911	-0.184468	0.0149015	0.226931	0.435704	0.604748	0.711224	0.755783	0.737449	0.665778	0.55826	0.430527	0.299616	0.180359	0.0872199	0.0290134	-0.00147862	-0.0131382	0.00199463	0.0255405	0.0366973	0.0494901	0.0669073	0.0810799	0.10977	0.160842	0.233985	0.327252	0.42962	0.527657	0.632142	0.751836	0.861086	0.926708	0.944151	0.918903	0.847238	0.731184	0.572523	0.398384	0.236618	0.087741	-0.045343	-0.160237	
-0.916226	-0.916226	-0.889347	-0.832248	-0.741924	-0.610289	-0.434719	-0.223868	-0.00356899	0.219932	0.426975	0.593279	0.704829	0.760823	0.745742	0.675351	0.572768	0.460405	0.34824	0.247761	0.164182	0.111611	0.0829593	0.0719268	0.0800187	0.092167	0.0984623	0.108903	0.123423	0.133647	0.160842	0.21496	0.281732	0.356713	0.447404	0.545789	0.644941	0.750594	0.845208	0.905623	0.929544	0.906443	0.835643	0.727896	0.58516	0.428926	0.281352	0.13842	0.00813243	-0.104362	
-1.01774	-1.01774	-0.990946	-0.924471	-0.81196	-0.657181	-0.470546	-0.25594	-0.0306146	0.198056	0.40181	0.562156	0.673418	0.735348	0.726896	0.663299	0.569465	0.46669	0.370382	0.288476	0.226367	0.186511	0.16342	0.149696	0.149811	0.157561	0.16652	0.178529	0.189849	0.204969	0.233985	0.281732	0.332806	0.392672	0.47301	0.570536	0.673905	0.771288	0.844712	0.891824	0.907214	0.880465	0.818151	0.724603	0.603026	0.46885	0.332422	0.192358	0.0611482	-0.0587079	
-1.06071	-1.06071	-1.02804	-0.946972	-0.816967	-0.657726	-0.477441	-0.27217	-0.0511129	0.167037	0.361769	0.513861	0.621546	0.677668	0.674641	0.620115	0.539346	0.449477	0.368968	0.30766	0.272659	0.253934	0.234987	0.216225	0.213591	0.230947	0.251007	0.262183	0.275609	0.299231	0.327252	0.356713	0.392672	0.442748	0.516563	0.608022	0.708956	0.799056	0.855577	0.877662	0.873922	0.845584	0.796553	0.721859	0.624431	0.507849	0.382652	0.249431	0.116501	-0.0135343	
-1.02801	-1.02801	-0.987531	-0.90313	-0.777679	-0.622945	-0.444356	-0.253038	-0.0582244	0.134047	0.315056	0.456741	0.551101	0.598471	0.596631	0.545745	0.473136	0.402931	0.347147	0.313692	0.303483	0.297512	0.286315	0.278644	0.286888	0.313151	0.344633	0.362935	0.381535	0.406847	0.42962	0.447404	0.47301	0.516563	0.57984	0.6594	0.74396	0.812535	0.845651	0.848907	0.833142	0.804076	0.766184	0.706661	0.629304	0.5369	0.427651	0.305282	0.174621	0.0357191	
-0.937869	-0.937869	-0.887992	-0.804031	-0.693125	-0.554533	-0.38546	-0.211162	-0.04267	0.117441	0.273745	0.398918	0.478015	0.509717	0.500399	0.451484	0.389477	0.341382	0.312731	0.305288	0.312298	0.318452	0.326103	0.345604	0.374471	0.407577	0.44462	0.477985	0.502653	0.517035	0.527657	0.545789	0.570536	0.608022	0.6594	0.723861	0.781004	0.813029	0.814893	0.799311	0.773708	0.748531	0.722879	0.681946	0.627022	0.560179	0.468151	0.358145	0.231039	0.0823314	
-0.795055	-0.795055	-0.74666	-0.663791	-0.559939	-0.438548	-0.295429	-0.145005	0.000200151	0.132092	0.255541	0.354297	0.408291	0.418344	0.400122	0.354761	0.301913	0.266431	0.256393	0.269032	0.29744	0.327795	0.365414	0.412112	0.460993	0.507196	0.557331	0.603676	0.629593	0.632964	0.632142	0.644941	0.673905	0.708956	0.74396	0.781004	0.803946	0.798806	0.769047	0.72553	0.68539	0.668493	0.664656	0.65148	0.625834	0.58216	0.51197	0.419688	0.298698	0.143998	
-0.616257	-0.616257	-0.578044	-0.505048	-0.40863	-0.297463	-0.172412	-0.0440913	0.0759384	0.176314	0.261865	0.32814	0.358479	0.349003	0.314344	0.264217	0.216894	0.192649	0.195938	0.228106	0.281237	0.347429	0.417934	0.484077	0.547707	0.610542	0.674301	0.725675	0.755567	0.758494	0.751836	0.750594	0.771288	0.799056	0.812535	0.813029	0.798806	0.768923	0.714696	0.646914	0.600366	0.59108	0.607175	0.622351	0.62546	0.610863	0.571618	0.502097	0.391461	0.238178	
-0.422824	-0.422824	-0.401657	-0.343956	-0.252061	-0.146078	-0.0368344	0.0720853	0.176407	0.256222	0.303394	0.329014	0.331397	0.304098	0.248476	0.187403	0.139904	0.124198	0.145723	0.205782	0.286258	0.378317	0.471089	0.550953	0.624921	0.699351	0.770654	0.828557	0.860912	0.871435	0.861086	0.845208	0.844712	0.855577	0.845651	0.814893	0.769047	0.714696	0.643088	0.57091	0.528529	0.529834	0.561202	0.604084	0.638263	0.661165	0.655488	0.606011	0.505644	0.354964	
-0.248271	-0.248271	-0.233646	-0.183332	-0.0984945	-0.000219968	0.0968355	0.193534	0.283902	0.349194	0.375503	0.368993	0.337032	0.281916	0.209474	0.138745	0.0951341	0.0905628	0.131891	0.215412	0.320948	0.429351	0.526937	0.611462	0.692931	0.770035	0.839586	0.897156	0.930237	0.937333	0.926708	0.905623	0.891824	0.877662	0.848907	0.799311	0.72553	0.646914	0.57091	0.509295	0.483308	0.501617	0.555536	0.622857	0.687631	0.736233	0.752921	0.720577	0.634243	0.490222	
-0.101641	-0.101641	-0.0753124	-0.0237327	0.0523064	0.143765	0.238853	0.324392	0.394858	0.440318	0.455615	0.431382	0.373961	0.296737	0.215321	0.143708	0.103566	0.105879	0.157545	0.257145	0.379691	0.49689	0.589283	0.665967	0.741756	0.813026	0.872271	0.922536	0.950878	0.953404	0.944151	0.929544	0.907214	0.873922	0.833142	0.773708	0.68539	0.600366	0.528529	0.483308	0.477045	0.514069	0.590581	0.684726	0.769235	0.832806	0.863211	0.844631	0.773609	0.63813	
0.0254313	0.0254313	0.0656142	0.124275	0.200551	0.292423	0.386361	0.459022	0.508545	0.529922	0.529454	0.496269	0.437043	0.359164	0.277832	0.207923	0.17205	0.179824	0.234348	0.33693	0.458775	0.569487	0.64764	0.705401	0.760705	0.815716	0.86212	0.900756	0.923226	0.925681	0.918903	0.906443	0.880465	0.845584	0.804076	0.748531	0.668493	0.59108	0.529834	0.501617	0.514069	0.569858	0.66639	0.780472	0.879495	0.952494	0.984882	0.972265	0.905934	0.774444	
0.129702	0.129702	0.178947	0.249288	0.331673	0.422045	0.512076	0.579355	0.616312	0.620593	0.606711	0.56927	0.516909	0.452637	0.386609	0.326513	0.298493	0.310268	0.367769	0.459396	0.5565	0.634928	0.689034	0.720425	0.742638	0.774298	0.805028	0.829432	0.843868	0.84979	0.847238	0.835643	0.818151	0.796553	0.766184	0.722879	0.664656	0.607175	0.561202	0.555536	0.590581	0.66639	0.778005	0.903415	1.0085	1.07915	1.10778	1.0874	1.01984	0.902236	
0.232219	0.232219	0.275104	0.345338	0.433067	0.524758	0.612591	0.677035	0.711554	0.714009	0.697374	0.655232	0.606889	0.559806	0.513453	0.469707	0.455771	0.477528	0.524134	0.590329	0.649643	0.689588	0.708963	0.706637	0.688119	0.683899	0.693672	0.705728	0.719034	0.727628	0.731184	0.727896	0.724603	0.721859	0.706661	0.681946	0.65148	0.622351	0.604084	0.622857	0.684726	0.780472	0.903415	1.03352	1.13502	1.1985	1.21728	1.19118	1.13	1.02916	
0.314335	0.314335	0.340193	0.399744	0.490562	0.585169	0.670781	0.740671	0.783191	0.789614	0.77585	0.743141	0.69982	0.663118	0.635869	0.6109	0.605099	0.627395	0.661156	0.697613	0.719732	0.716805	0.694216	0.649855	0.591489	0.552479	0.539021	0.543213	0.553653	0.562791	0.572523	0.58516	0.603026	0.624431	0.629304	0.627022	0.625834	0.62546	0.638263	0.687631	0.769235	0.879495	1.0085	1.13502	1.22647	1.2808	1.29084	1.26826	1.22482	1.13652	
0.33664	0.33664	0.357663	0.411056	0.49819	0.591798	0.675393	0.752653	0.806099	0.820933	0.816297	0.801145	0.770744	0.742851	0.728358	0.719428	0.722256	0.738182	0.750305	0.757456	0.750027	0.714251	0.652211	0.568558	0.479084	0.414034	0.376632	0.369341	0.377877	0.38419	0.398384	0.428926	0.46885	0.507849	0.5369	0.560179	0.58216	0.610863	0.661165	0.736233	0.832806	0.952494	1.07915	1.1985	1.2808	1.32155	1.33191	1.31993	1.28871	1.20941	
0.301205	0.301205	0.326166	0.380818	0.459588	0.547739	0.632238	0.714362	0.767637	0.79245	0.802685	0.803682	0.787444	0.777569	0.776442	0.775361	0.775146	0.777559	0.769226	0.752325	0.721792	0.666715	0.578224	0.463782	0.353754	0.272014	0.216089	0.197768	0.204799	0.212441	0.236618	0.281352	0.332422	0.382652	0.427651	0.468151	0.51197	0.571618	0.655488	0.752921	0.863211	0.984882	1.10778	1.21728	1.29084	1.33191	1.35048	1.34594	1.31903	1.24233	
0.235069	0.235069	0.256145	0.311353	0.386604	0.461534	0.542722	0.624024	0.676419	0.705434	0.729107	0.743387	0.748021	0.757111	0.764524	0.76288	0.750484	0.732817	0.709353	0.678192	0.629092	0.559152	0.456752	0.325569	0.201319	0.108551	0.0444657	0.0222553	0.031383	0.0515101	0.087741	0.13842	0.192358	0.249431	0.305282	0.358145	0.419688	0.502097	0.606011	0.720577	0.844631	0.972265	1.0874	1.19118	1.26826	1.31993	1.34594	1.3386	1.30465	1.226	
0.1619	0.1619	0.180478	0.229021	0.288077	0.34711	0.415698	0.490174	0.536527	0.572127	0.606368	0.633511	0.650147	0.671319	0.684662	0.67775	0.647602	0.611038	0.580423	0.53869	0.472878	0.38867	0.282992	0.155533	0.0329968	-0.0605449	-0.126898	-0.151492	-0.136201	-0.0961288	-0.045343	0.00813243	0.0611482	0.116501	0.174621	0.231039	0.298698	0.391461	0.505644	0.634243	0.773609	0.905934	1.01984	1.13	1.22482	1.28871	1.31903	1.30465	1.25771	1.17323	
0.0926509	0.0926509	0.103932	0.129758	0.168231	0.211241	0.260008	0.314094	0.360817	0.400125	0.438552	0.468978	0.494754	0.518551	0.532078	0.52209	0.483504	0.430062	0.379334	0.325749	0.254672	0.170709	0.0705748	-0.0424169	-0.149822	-0.233176	-0.288169	-0.304138	-0.274624	-0.221736	-0.160237	-0.104362	-0.0587079	-0.0135343	0.0357191	0.0823314	0.143998	0.238178	0.354964	0.490222	0.63813	0.774444	0.902236	1.02916	1.13652	1.20941	1.24233	1.226	1.17323	1.09488	
