-0.485366	-0.485366	-0.446122	-0.397304	-0.367443	-0.373736	-0.416464	-0.497189	-0.615331	-0.767123	-0.924248	-1.05457	-1.1437	-1.19244	-1.18791	-1.10855	-0.959161	-0.750477	-0.47964	-0.164071	0.165947	0.505202	0.847935	1.15494	1.40307	1.58654	1.70916	1.79558	1.85352	1.8633	1.79026	1.63704	1.42999	1.20823	0.969209	0.711237	0.446743	0.184517	-0.0631929	-0.278167	-0.455875	-0.586604	-0.659519	-0.671067	-0.660023	-0.651984	-0.647699	-0.637862	-0.621303	-0.577666	
-0.485366	-0.485366	-0.446122	-0.397304	-0.367443	-0.373736	-0.416464	-0.497189	-0.615331	-0.767123	-0.924248	-1.05457	-1.1437	-1.19244	-1.18791	-1.10855	-0.959161	-0.750477	-0.47964	-0.164071	0.165947	0.505202	0.847935	1.15494	1.40307	1.58654	1.70916	1.79558	1.85352	1.8633	1.79026	1.63704	1.42999	1.20823	0.969209	0.711237	0.446743	0.184517	-0.0631929	-0.278167	-0.455875	-0.586604	-0.659519	-0.671067	-0.660023	-0.651984	-0.647699	-0.637862	-0.621303	-0.577666	
-0.446122	-0.446122	-0.429479	-0.406629	-0.391568	-0.407302	-0.457794	-0.540923	-0.647795	-0.781534	-0.921236	-1.03794	-1.11411	-1.15192	-1.14101	-1.05634	-0.898449	-0.680074	-0.40737	-0.100596	0.215602	0.539106	0.863132	1.14653	1.37336	1.54465	1.66411	1.74549	1.79074	1.78585	1.70934	1.56651	1.37585	1.16523	0.934233	0.689721	0.449212	0.213874	-0.0134431	-0.219034	-0.392602	-0.523284	-0.60169	-0.623943	-0.621975	-0.616231	-0.612984	-0.60925	-0.602221	-0.568009	
-0.397304	-0.397304	-0.406629	-0.418753	-0.435168	-0.470947	-0.532881	-0.611617	-0.702202	-0.808943	-0.919964	-1.006	-1.05323	-1.06809	-1.04253	-0.948682	-0.780268	-0.553878	-0.284339	0.00507418	0.294534	0.587797	0.874999	1.11901	1.30925	1.4568	1.56158	1.62646	1.64675	1.61991	1.54042	1.41944	1.26116	1.07977	0.872807	0.658626	0.457919	0.26587	0.0712361	-0.114841	-0.281651	-0.413879	-0.502865	-0.5416	-0.552925	-0.55478	-0.555916	-0.56136	-0.572385	-0.562476	
-0.367443	-0.367443	-0.391568	-0.435168	-0.487838	-0.551817	-0.619632	-0.691985	-0.764756	-0.845947	-0.917328	-0.959224	-0.965263	-0.946579	-0.895859	-0.785644	-0.612474	-0.391182	-0.137308	0.126885	0.383564	0.634337	0.874338	1.06991	1.2184	1.32949	1.40256	1.43389	1.4218	1.37195	1.29311	1.19716	1.08286	0.949644	0.791856	0.625597	0.473741	0.327541	0.173623	0.0138535	-0.13944	-0.273101	-0.373688	-0.429594	-0.457859	-0.471555	-0.484589	-0.506625	-0.540812	-0.562443	
-0.373736	-0.373736	-0.407302	-0.470947	-0.551817	-0.631806	-0.703929	-0.767134	-0.826337	-0.875572	-0.90109	-0.890387	-0.850119	-0.790435	-0.703506	-0.571947	-0.397589	-0.193909	0.0322365	0.263297	0.478416	0.680305	0.866367	1.01517	1.11859	1.1831	1.20581	1.19246	1.14873	1.08566	1.01	0.935564	0.860831	0.78557	0.694786	0.594134	0.495864	0.396174	0.282788	0.158703	0.0251925	-0.103995	-0.21069	-0.278682	-0.321646	-0.356929	-0.392453	-0.437437	-0.50174	-0.563256	
-0.416464	-0.416464	-0.457794	-0.532881	-0.619632	-0.703929	-0.77194	-0.826765	-0.861944	-0.876926	-0.856105	-0.79726	-0.708972	-0.605537	-0.484369	-0.333579	-0.159541	0.0267475	0.219507	0.404464	0.566851	0.711572	0.846344	0.950048	1.01012	1.02112	0.988314	0.930459	0.866802	0.802112	0.734234	0.670678	0.62299	0.597201	0.576744	0.547854	0.511139	0.460781	0.393336	0.305474	0.198724	0.0825076	-0.0217024	-0.0965173	-0.156533	-0.215092	-0.281953	-0.362196	-0.45821	-0.546258	
-0.497189	-0.497189	-0.540923	-0.611617	-0.691985	-0.767134	-0.826765	-0.855275	-0.854521	-0.82754	-0.770509	-0.671616	-0.540752	-0.398715	-0.251469	-0.0901445	0.0820959	0.249637	0.401575	0.528463	0.626078	0.710501	0.788847	0.844947	0.858346	0.824468	0.751615	0.669582	0.599985	0.542803	0.483918	0.429668	0.399424	0.409282	0.442374	0.476028	0.497022	0.499023	0.476128	0.429449	0.355894	0.264649	0.174007	0.0959384	0.0212888	-0.0650139	-0.165215	-0.279964	-0.405489	-0.51436	
-0.615331	-0.615331	-0.647795	-0.702202	-0.764756	-0.826337	-0.861944	-0.854521	-0.804067	-0.732142	-0.637616	-0.510502	-0.352285	-0.183531	-0.0153571	0.152968	0.313216	0.448815	0.549679	0.613777	0.649401	0.672249	0.689921	0.687673	0.655326	0.591238	0.507133	0.42406	0.359198	0.307338	0.257067	0.213876	0.200432	0.232249	0.297196	0.372518	0.443306	0.495744	0.522039	0.516594	0.482571	0.426686	0.358605	0.284128	0.193567	0.0818409	-0.0524733	-0.201893	-0.348174	-0.462178	
-0.767123	-0.767123	-0.781534	-0.808943	-0.845947	-0.875572	-0.876926	-0.82754	-0.732142	-0.606513	-0.467174	-0.312209	-0.140073	0.0449371	0.229308	0.396528	0.529847	0.618546	0.661106	0.663954	0.63929	0.603432	0.559718	0.502862	0.429647	0.348914	0.269688	0.202379	0.14977	0.106552	0.0674744	0.0393536	0.0400919	0.0798886	0.155586	0.255378	0.36404	0.462254	0.530795	0.565705	0.571344	0.553578	0.517137	0.456517	0.364987	0.233501	0.0703636	-0.106102	-0.269505	-0.394615	
-0.924248	-0.924248	-0.921236	-0.919964	-0.917328	-0.90109	-0.856105	-0.770509	-0.637616	-0.467174	-0.280012	-0.0918928	0.0979502	0.289049	0.468065	0.611022	0.703596	0.740854	0.725769	0.666515	0.582164	0.490805	0.399362	0.304639	0.207591	0.11915	0.0526307	0.00711744	-0.0248394	-0.0522286	-0.074845	-0.0868158	-0.0769863	-0.0380219	0.0354575	0.143009	0.272964	0.400323	0.503063	0.570589	0.608487	0.624196	0.618768	0.584195	0.505498	0.375314	0.204016	0.0176457	-0.152177	-0.284462	
-1.05457	-1.05457	-1.03794	-1.006	-0.959224	-0.890387	-0.79726	-0.671616	-0.510502	-0.312209	-0.0918928	0.135179	0.349729	0.536542	0.681702	0.777221	0.81883	0.803935	0.732915	0.616934	0.478991	0.340105	0.210303	0.0935681	-0.0100335	-0.0894315	-0.135619	-0.155471	-0.16515	-0.173375	-0.175786	-0.16983	-0.147029	-0.10825	-0.0418761	0.0579635	0.183626	0.315949	0.434156	0.52702	0.593383	0.633516	0.651954	0.639771	0.588682	0.485438	0.338703	0.17001	0.00629921	-0.134711	
-1.1437	-1.1437	-1.11411	-1.05323	-0.965263	-0.850119	-0.708972	-0.540752	-0.352285	-0.140073	0.0979502	0.349729	0.578235	0.747455	0.850024	0.890309	0.875057	0.803841	0.683274	0.525137	0.349718	0.173575	0.0123389	-0.11773	-0.212092	-0.269684	-0.289954	-0.287398	-0.277005	-0.265187	-0.247395	-0.221668	-0.184535	-0.139373	-0.0782178	0.00541505	0.10933	0.225192	0.342715	0.446867	0.528329	0.587048	0.625118	0.636546	0.614306	0.550438	0.447883	0.313394	0.167347	0.0325886	
-1.19244	-1.19244	-1.15192	-1.06809	-0.946579	-0.790435	-0.605537	-0.398715	-0.183531	0.0449371	0.289049	0.536542	0.747455	0.890358	0.955096	0.946301	0.874885	0.754064	0.594905	0.405838	0.204523	0.00544787	-0.171526	-0.301728	-0.381667	-0.419145	-0.421455	-0.399196	-0.364931	-0.326652	-0.28399	-0.242558	-0.194397	-0.14593	-0.0889406	-0.021827	0.0538511	0.139951	0.235564	0.331046	0.418948	0.493747	0.554474	0.590817	0.602292	0.58105	0.522039	0.422667	0.302183	0.186123	
-1.18791	-1.18791	-1.14101	-1.04253	-0.895859	-0.703506	-0.484369	-0.251469	-0.0153571	0.229308	0.468065	0.681702	0.850024	0.955096	0.983718	0.931386	0.81994	0.667442	0.481301	0.267696	0.0517381	-0.149177	-0.32013	-0.439768	-0.508125	-0.53732	-0.528837	-0.48866	-0.428273	-0.359738	-0.29233	-0.235749	-0.182479	-0.134435	-0.0868169	-0.0416421	0.00232599	0.0545968	0.122887	0.201544	0.28454	0.371264	0.455709	0.520771	0.56355	0.57845	0.561162	0.502689	0.420292	0.334556	
-1.10855	-1.10855	-1.05634	-0.948682	-0.785644	-0.571947	-0.333579	-0.0901445	0.152968	0.396528	0.611022	0.777221	0.890309	0.946301	0.931386	0.845319	0.709057	0.536234	0.333692	0.11364	-0.0937378	-0.279306	-0.434904	-0.542469	-0.602531	-0.623406	-0.603535	-0.547339	-0.46859	-0.379186	-0.290292	-0.219838	-0.160868	-0.119312	-0.0891616	-0.0685698	-0.0528056	-0.0285873	0.0161454	0.0796578	0.156918	0.245026	0.338849	0.425536	0.500169	0.551032	0.568517	0.550194	0.513521	0.463056	
-0.959161	-0.959161	-0.898449	-0.780268	-0.612474	-0.397589	-0.159541	0.0820959	0.313216	0.529847	0.703596	0.81883	0.875057	0.874885	0.81994	0.709057	0.550835	0.35768	0.153091	-0.0465424	-0.227667	-0.392526	-0.533245	-0.628491	-0.677231	-0.686815	-0.653531	-0.583379	-0.490908	-0.386577	-0.283841	-0.20309	-0.142562	-0.109658	-0.0938516	-0.0884939	-0.0895257	-0.0869081	-0.0656426	-0.0241223	0.0335367	0.109883	0.207071	0.311091	0.41217	0.49062	0.539654	0.55853	0.562336	0.542852	
-0.750477	-0.750477	-0.680074	-0.553878	-0.391182	-0.193909	0.0267475	0.249637	0.448815	0.618546	0.740854	0.803935	0.803841	0.754064	0.667442	0.536234	0.35768	0.153951	-0.0364618	-0.208283	-0.361426	-0.501566	-0.617222	-0.691853	-0.726924	-0.727788	-0.684603	-0.598617	-0.489554	-0.373884	-0.265288	-0.183022	-0.127252	-0.102982	-0.0929975	-0.089221	-0.0979419	-0.116867	-0.126388	-0.114384	-0.0811028	-0.0212917	0.0676987	0.180219	0.300237	0.403182	0.478295	0.526941	0.559832	0.563978	
-0.47964	-0.47964	-0.40737	-0.284339	-0.137308	0.0322365	0.219507	0.401575	0.549679	0.661106	0.725769	0.732915	0.683274	0.594905	0.481301	0.333692	0.153091	-0.0364618	-0.207323	-0.359149	-0.486855	-0.591024	-0.670723	-0.718289	-0.738423	-0.732235	-0.68186	-0.584227	-0.466784	-0.349045	-0.239594	-0.15737	-0.105499	-0.0880766	-0.0842487	-0.0863018	-0.104197	-0.139566	-0.171934	-0.18454	-0.171973	-0.128696	-0.0484665	0.0589993	0.181189	0.299043	0.402333	0.478172	0.527802	0.54318	
-0.164071	-0.164071	-0.100596	0.00507418	0.126885	0.263297	0.404464	0.528463	0.613777	0.663954	0.666515	0.616934	0.525137	0.405838	0.267696	0.11364	-0.0465424	-0.208283	-0.359149	-0.492231	-0.589044	-0.658207	-0.706034	-0.728652	-0.727759	-0.70743	-0.64877	-0.551679	-0.442567	-0.330271	-0.219536	-0.132581	-0.0802871	-0.0680522	-0.0770977	-0.0947956	-0.124134	-0.169598	-0.213429	-0.236791	-0.236479	-0.20317	-0.135914	-0.0416404	0.0687433	0.186682	0.302594	0.394983	0.458074	0.488818	
0.165947	0.165947	0.215602	0.294534	0.383564	0.478416	0.566851	0.626078	0.649401	0.63929	0.582164	0.478991	0.349718	0.204523	0.0517381	-0.0937378	-0.227667	-0.361426	-0.486855	-0.589044	-0.65841	-0.70774	-0.740861	-0.745503	-0.726291	-0.6883	-0.624525	-0.537063	-0.442034	-0.33673	-0.224897	-0.132319	-0.0703765	-0.0510098	-0.0638509	-0.0908213	-0.130621	-0.185079	-0.237275	-0.271679	-0.281884	-0.259909	-0.205243	-0.130869	-0.043465	0.0595229	0.172301	0.272992	0.353447	0.407849	
0.505202	0.505202	0.539106	0.587797	0.634337	0.680305	0.711572	0.710501	0.672249	0.603432	0.490805	0.340105	0.173575	0.00544787	-0.149177	-0.279306	-0.392526	-0.501566	-0.591024	-0.658207	-0.70774	-0.75025	-0.775134	-0.772435	-0.74002	-0.689972	-0.624149	-0.548066	-0.467047	-0.372513	-0.267984	-0.169899	-0.0902899	-0.049315	-0.0452162	-0.0688635	-0.114062	-0.176216	-0.234889	-0.276883	-0.30125	-0.296875	-0.265507	-0.21554	-0.151067	-0.0698944	0.0272806	0.124769	0.216657	0.29195	
0.847935	0.847935	0.863132	0.874999	0.874338	0.866367	0.846344	0.788847	0.689921	0.559718	0.399362	0.210303	0.0123389	-0.171526	-0.32013	-0.434904	-0.533245	-0.617222	-0.670723	-0.706034	-0.740861	-0.775134	-0.796781	-0.788051	-0.748517	-0.692314	-0.634168	-0.574618	-0.512571	-0.435542	-0.337124	-0.229589	-0.130009	-0.0588372	-0.0275926	-0.0344147	-0.0759351	-0.137804	-0.197833	-0.246135	-0.283504	-0.306855	-0.309226	-0.284394	-0.240649	-0.18163	-0.109279	-0.0277879	0.0601607	0.141327	
1.15494	1.15494	1.14653	1.11901	1.06991	1.01517	0.950048	0.844947	0.687673	0.502862	0.304639	0.0935681	-0.11773	-0.301728	-0.439768	-0.542469	-0.628491	-0.691853	-0.718289	-0.728652	-0.745503	-0.772435	-0.788051	-0.774045	-0.729951	-0.683663	-0.645643	-0.610636	-0.570817	-0.505599	-0.406664	-0.291351	-0.175503	-0.0775647	-0.0127776	0.00626305	-0.0153676	-0.0679075	-0.128211	-0.180278	-0.231405	-0.282667	-0.317993	-0.325391	-0.311127	-0.283224	-0.239531	-0.180637	-0.106215	-0.0281774	
1.40307	1.40307	1.37336	1.30925	1.2184	1.11859	1.01012	0.858346	0.655326	0.429647	0.207591	-0.0100335	-0.212092	-0.381667	-0.508125	-0.602531	-0.677231	-0.726924	-0.738423	-0.727759	-0.726291	-0.74002	-0.748517	-0.729951	-0.698578	-0.677377	-0.668286	-0.658061	-0.632969	-0.573301	-0.478151	-0.364976	-0.243912	-0.124908	-0.0307466	0.028445	0.0410907	0.00599717	-0.0472279	-0.0975233	-0.157259	-0.232312	-0.30111	-0.343581	-0.368287	-0.378057	-0.366485	-0.327744	-0.268462	-0.199039	
1.58654	1.58654	1.54465	1.4568	1.32949	1.1831	1.02112	0.824468	0.591238	0.348914	0.11915	-0.0894315	-0.269684	-0.419145	-0.53732	-0.623406	-0.686815	-0.727788	-0.732235	-0.70743	-0.6883	-0.689972	-0.692314	-0.683663	-0.677377	-0.687034	-0.703033	-0.709114	-0.691481	-0.640664	-0.560198	-0.459381	-0.340656	-0.217794	-0.100215	-0.000928906	0.0548625	0.0544074	0.0227039	-0.0223136	-0.0880569	-0.175376	-0.265165	-0.343402	-0.40591	-0.450713	-0.466976	-0.452573	-0.417266	-0.363468	
1.70916	1.70916	1.66411	1.56158	1.40256	1.20581	0.988314	0.751615	0.507133	0.269688	0.0526307	-0.135619	-0.289954	-0.421455	-0.528837	-0.603535	-0.653531	-0.684603	-0.68186	-0.64877	-0.624525	-0.624149	-0.634168	-0.645643	-0.668286	-0.703033	-0.736266	-0.754319	-0.748097	-0.715518	-0.653932	-0.565149	-0.458542	-0.3384	-0.205043	-0.072408	0.0252164	0.0696276	0.0710825	0.0393187	-0.0222104	-0.112545	-0.216376	-0.316373	-0.410861	-0.491234	-0.537246	-0.548199	-0.537592	-0.499831	
1.79558	1.79558	1.74549	1.62646	1.43389	1.19246	0.930459	0.669582	0.42406	0.202379	0.00711744	-0.155471	-0.287398	-0.399196	-0.48866	-0.547339	-0.583379	-0.598617	-0.584227	-0.551679	-0.537063	-0.548066	-0.574618	-0.610636	-0.658061	-0.709114	-0.754319	-0.788853	-0.805694	-0.79651	-0.75155	-0.677364	-0.58021	-0.459393	-0.316573	-0.168295	-0.0379238	0.0515595	0.0885753	0.0821803	0.0416999	-0.0396737	-0.150288	-0.276197	-0.402981	-0.509773	-0.577253	-0.610608	-0.617023	-0.590365	
1.85352	1.85352	1.79074	1.64675	1.4218	1.14873	0.866802	0.599985	0.359198	0.14977	-0.0248394	-0.16515	-0.277005	-0.364931	-0.428273	-0.46859	-0.490908	-0.489554	-0.466784	-0.442567	-0.442034	-0.467047	-0.512571	-0.570817	-0.632969	-0.691481	-0.748097	-0.805694	-0.847673	-0.858097	-0.830444	-0.772068	-0.679704	-0.558453	-0.420363	-0.273963	-0.128945	-0.0106931	0.0661253	0.101233	0.0888335	0.0175972	-0.095869	-0.23837	-0.386183	-0.508611	-0.589554	-0.635292	-0.651382	-0.637278	
1.8633	1.8633	1.78585	1.61991	1.37195	1.08566	0.802112	0.542803	0.307338	0.106552	-0.0522286	-0.173375	-0.265187	-0.326652	-0.359738	-0.379186	-0.386577	-0.373884	-0.349045	-0.330271	-0.33673	-0.372513	-0.435542	-0.505599	-0.573301	-0.640664	-0.715518	-0.79651	-0.858097	-0.887129	-0.879689	-0.835852	-0.751048	-0.641217	-0.517418	-0.377754	-0.230895	-0.0951023	0.0164572	0.0876135	0.10008	0.0438488	-0.0690592	-0.221232	-0.37056	-0.492928	-0.578542	-0.626223	-0.644835	-0.640612	
1.79026	1.79026	1.70934	1.54042	1.29311	1.01	0.734234	0.483918	0.257067	0.0674744	-0.074845	-0.175786	-0.247395	-0.28399	-0.29233	-0.290292	-0.283841	-0.265288	-0.239594	-0.219536	-0.224897	-0.267984	-0.337124	-0.406664	-0.478151	-0.560198	-0.653932	-0.75155	-0.830444	-0.879689	-0.891026	-0.867363	-0.80549	-0.718826	-0.606636	-0.474544	-0.334318	-0.188491	-0.0528715	0.0393375	0.0696759	0.0276242	-0.0763008	-0.216883	-0.354695	-0.474452	-0.557902	-0.60056	-0.61798	-0.615454	
1.63704	1.63704	1.56651	1.41944	1.19716	0.935564	0.670678	0.429668	0.213876	0.0393536	-0.0868158	-0.16983	-0.221668	-0.242558	-0.235749	-0.219838	-0.20309	-0.183022	-0.15737	-0.132581	-0.132319	-0.169899	-0.229589	-0.291351	-0.364976	-0.459381	-0.565149	-0.677364	-0.772068	-0.835852	-0.867363	-0.875733	-0.852578	-0.793694	-0.69571	-0.574542	-0.438996	-0.290722	-0.151122	-0.0495027	-0.00434422	-0.0340627	-0.121614	-0.236444	-0.351661	-0.459774	-0.533772	-0.571184	-0.586479	-0.583249	
1.42999	1.42999	1.37585	1.26116	1.08286	0.860831	0.62299	0.399424	0.200432	0.0400919	-0.0769863	-0.147029	-0.184535	-0.194397	-0.182479	-0.160868	-0.142562	-0.127252	-0.105499	-0.0802871	-0.0703765	-0.0902899	-0.130009	-0.175503	-0.243912	-0.340656	-0.458542	-0.58021	-0.679704	-0.751048	-0.80549	-0.852578	-0.868065	-0.842782	-0.772907	-0.668613	-0.542127	-0.403093	-0.271468	-0.168934	-0.119025	-0.136175	-0.193936	-0.271823	-0.357906	-0.439098	-0.49616	-0.529803	-0.540502	-0.532784	
1.20823	1.20823	1.16523	1.07977	0.949644	0.78557	0.597201	0.409282	0.232249	0.0798886	-0.0380219	-0.10825	-0.139373	-0.14593	-0.134435	-0.119312	-0.109658	-0.102982	-0.0880766	-0.0680522	-0.0510098	-0.049315	-0.0588372	-0.0775647	-0.124908	-0.217794	-0.3384	-0.459393	-0.558453	-0.641217	-0.718826	-0.793694	-0.842782	-0.861682	-0.829961	-0.752515	-0.647643	-0.531998	-0.412635	-0.310343	-0.256069	-0.252867	-0.276512	-0.322525	-0.373844	-0.418956	-0.450147	-0.471639	-0.477567	-0.468588	
0.969209	0.969209	0.934233	0.872807	0.791856	0.694786	0.576744	0.442374	0.297196	0.155586	0.0354575	-0.0418761	-0.0782178	-0.0889406	-0.0868169	-0.0891616	-0.0938516	-0.0929975	-0.0842487	-0.0770977	-0.0638509	-0.0452162	-0.0275926	-0.0127776	-0.0307466	-0.100215	-0.205043	-0.316573	-0.420363	-0.517418	-0.606636	-0.69571	-0.772907	-0.829961	-0.841715	-0.805775	-0.743686	-0.658463	-0.554467	-0.457125	-0.391587	-0.357796	-0.353151	-0.371939	-0.387089	-0.391351	-0.392512	-0.395913	-0.393607	-0.379278	
0.711237	0.711237	0.689721	0.658626	0.625597	0.594134	0.547854	0.476028	0.372518	0.255378	0.143009	0.0579635	0.00541505	-0.021827	-0.0416421	-0.0685698	-0.0884939	-0.089221	-0.0863018	-0.0947956	-0.0908213	-0.0688635	-0.0344147	0.00626305	0.028445	-0.000928906	-0.072408	-0.168295	-0.273963	-0.377754	-0.474544	-0.574542	-0.668613	-0.752515	-0.805775	-0.824581	-0.811345	-0.759041	-0.673466	-0.580147	-0.499937	-0.440652	-0.410979	-0.402346	-0.383272	-0.34965	-0.31612	-0.29994	-0.292916	-0.276623	
0.446743	0.446743	0.449212	0.457919	0.473741	0.495864	0.511139	0.497022	0.443306	0.36404	0.272964	0.183626	0.10933	0.0538511	0.00232599	-0.0528056	-0.0895257	-0.0979419	-0.104197	-0.124134	-0.130621	-0.114062	-0.0759351	-0.0153676	0.0410907	0.0548625	0.0252164	-0.0379238	-0.128945	-0.230895	-0.334318	-0.438996	-0.542127	-0.647643	-0.743686	-0.811345	-0.836724	-0.814308	-0.749276	-0.663796	-0.575009	-0.498949	-0.448149	-0.407937	-0.356365	-0.290745	-0.229547	-0.194511	-0.175636	-0.161908	
0.184517	0.184517	0.213874	0.26587	0.327541	0.396174	0.460781	0.499023	0.495744	0.462254	0.400323	0.315949	0.225192	0.139951	0.0545968	-0.0285873	-0.0869081	-0.116867	-0.139566	-0.169598	-0.185079	-0.176216	-0.137804	-0.0679075	0.00599717	0.0544074	0.0696276	0.0515595	-0.0106931	-0.0951023	-0.188491	-0.290722	-0.403093	-0.531998	-0.658463	-0.759041	-0.814308	-0.81785	-0.774197	-0.699493	-0.615033	-0.531568	-0.459087	-0.391927	-0.315956	-0.224888	-0.140204	-0.0918522	-0.0666221	-0.0615914	
-0.0631929	-0.0631929	-0.0134431	0.0712361	0.173623	0.282788	0.393336	0.476128	0.522039	0.530795	0.503063	0.434156	0.342715	0.235564	0.122887	0.0161454	-0.0656426	-0.126388	-0.171934	-0.213429	-0.237275	-0.234889	-0.197833	-0.128211	-0.0472279	0.0227039	0.0710825	0.0885753	0.0661253	0.0164572	-0.0528715	-0.151122	-0.271468	-0.412635	-0.554467	-0.673466	-0.749276	-0.774197	-0.74749	-0.683284	-0.604964	-0.521172	-0.436666	-0.34935	-0.25584	-0.150628	-0.0560845	0.00374022	0.0298418	0.0146742	
-0.278167	-0.278167	-0.219034	-0.114841	0.0138535	0.158703	0.305474	0.429449	0.516594	0.565705	0.570589	0.52702	0.446867	0.331046	0.201544	0.0796578	-0.0241223	-0.114384	-0.18454	-0.236791	-0.271679	-0.276883	-0.246135	-0.180278	-0.0975233	-0.0223136	0.0393187	0.0821803	0.101233	0.0876135	0.0393375	-0.0495027	-0.168934	-0.310343	-0.457125	-0.580147	-0.663796	-0.699493	-0.683284	-0.628477	-0.558265	-0.477961	-0.384183	-0.281336	-0.168708	-0.0523701	0.0448943	0.103205	0.112831	0.0664671	
-0.455875	-0.455875	-0.392602	-0.281651	-0.13944	0.0251925	0.198724	0.355894	0.482571	0.571344	0.608487	0.593383	0.528329	0.418948	0.28454	0.156918	0.0335367	-0.0811028	-0.171973	-0.236479	-0.281884	-0.30125	-0.283504	-0.231405	-0.157259	-0.0880569	-0.0222104	0.0416999	0.0888335	0.10008	0.0696759	-0.00434422	-0.119025	-0.256069	-0.391587	-0.499937	-0.575009	-0.615033	-0.604964	-0.558265	-0.495836	-0.419337	-0.318635	-0.191959	-0.0581229	0.0666974	0.163377	0.21031	0.188778	0.106772	
-0.586604	-0.586604	-0.523284	-0.413879	-0.273101	-0.103995	0.0825076	0.264649	0.426686	0.553578	0.624196	0.633516	0.587048	0.493747	0.371264	0.245026	0.109883	-0.0212917	-0.128696	-0.20317	-0.259909	-0.296875	-0.306855	-0.282667	-0.232312	-0.175376	-0.112545	-0.0396737	0.0175972	0.0438488	0.0276242	-0.0340627	-0.136175	-0.252867	-0.357796	-0.440652	-0.498949	-0.531568	-0.521172	-0.477961	-0.419337	-0.345887	-0.234428	-0.0887558	0.0657117	0.19691	0.288967	0.317672	0.272332	0.168552	
-0.659519	-0.659519	-0.60169	-0.502865	-0.373688	-0.21069	-0.0217024	0.174007	0.358605	0.517137	0.618768	0.651954	0.625118	0.554474	0.455709	0.338849	0.207071	0.0676987	-0.0484665	-0.135914	-0.205243	-0.265507	-0.309226	-0.317993	-0.30111	-0.265165	-0.216376	-0.150288	-0.095869	-0.0690592	-0.0763008	-0.121614	-0.193936	-0.276512	-0.353151	-0.410979	-0.448149	-0.459087	-0.436666	-0.384183	-0.318635	-0.234428	-0.111103	0.0504054	0.213258	0.343812	0.422362	0.431702	0.373387	0.263956	
-0.671067	-0.671067	-0.623943	-0.5416	-0.429594	-0.278682	-0.0965173	0.0959384	0.284128	0.456517	0.584195	0.639771	0.636546	0.590817	0.520771	0.425536	0.311091	0.180219	0.0589993	-0.0416404	-0.130869	-0.21554	-0.284394	-0.325391	-0.343581	-0.343402	-0.316373	-0.276197	-0.23837	-0.221232	-0.216883	-0.236444	-0.271823	-0.322525	-0.371939	-0.402346	-0.407937	-0.391927	-0.34935	-0.281336	-0.191959	-0.0887558	0.0504054	0.217841	0.379687	0.500772	0.565202	0.563392	0.499888	0.380698	
-0.660023	-0.660023	-0.621975	-0.552925	-0.457859	-0.321646	-0.156533	0.0212888	0.193567	0.364987	0.505498	0.588682	0.614306	0.602292	0.56355	0.500169	0.41217	0.300237	0.181189	0.0687433	-0.043465	-0.151067	-0.240649	-0.311127	-0.368287	-0.40591	-0.410861	-0.402981	-0.386183	-0.37056	-0.354695	-0.351661	-0.357906	-0.373844	-0.387089	-0.383272	-0.356365	-0.315956	-0.25584	-0.168708	-0.0581229	0.0657117	0.213258	0.379687	0.540512	0.654883	0.711152	0.695743	0.620485	0.489651	
-0.651984	-0.651984	-0.616231	-0.55478	-0.471555	-0.356929	-0.215092	-0.0650139	0.0818409	0.233501	0.375314	0.485438	0.550438	0.58105	0.57845	0.551032	0.49062	0.403182	0.299043	0.186682	0.0595229	-0.0698944	-0.18163	-0.283224	-0.378057	-0.450713	-0.491234	-0.509773	-0.508611	-0.492928	-0.474452	-0.459774	-0.439098	-0.418956	-0.391351	-0.34965	-0.290745	-0.224888	-0.150628	-0.0523701	0.0666974	0.19691	0.343812	0.500772	0.654883	0.767844	0.819364	0.796737	0.707517	0.566041	
-0.647699	-0.647699	-0.612984	-0.555916	-0.484589	-0.392453	-0.281953	-0.165215	-0.0524733	0.0703636	0.204016	0.338703	0.447883	0.522039	0.561162	0.568517	0.539654	0.478295	0.402333	0.302594	0.172301	0.0272806	-0.109279	-0.239531	-0.366485	-0.466976	-0.537246	-0.577253	-0.589554	-0.578542	-0.557902	-0.533772	-0.49616	-0.450147	-0.392512	-0.31612	-0.229547	-0.140204	-0.0560845	0.0448943	0.163377	0.288967	0.422362	0.565202	0.711152	0.819364	0.864107	0.848384	0.761536	0.617302	
-0.637862	-0.637862	-0.60925	-0.56136	-0.506625	-0.437437	-0.362196	-0.279964	-0.201893	-0.106102	0.0176457	0.17001	0.313394	0.422667	0.502689	0.550194	0.55853	0.526941	0.478172	0.394983	0.272992	0.124769	-0.0277879	-0.180637	-0.327744	-0.452573	-0.548199	-0.610608	-0.635292	-0.626223	-0.60056	-0.571184	-0.529803	-0.471639	-0.395913	-0.29994	-0.194511	-0.0918522	0.00374022	0.103205	0.21031	0.317672	0.431702	0.563392	0.695743	0.796737	0.848384	0.839569	0.76075	0.62284	
-0.621303	-0.621303	-0.602221	-0.572385	-0.540812	-0.50174	-0.45821	-0.405489	-0.348174	-0.269505	-0.152177	0.00629921	0.167347	0.302183	0.420292	0.513521	0.562336	0.559832	0.527802	0.458074	0.353447	0.216657	0.0601607	-0.106215	-0.268462	-0.417266	-0.537592	-0.617023	-0.651382	-0.644835	-0.61798	-0.586479	-0.540502	-0.477567	-0.393607	-0.292916	-0.175636	-0.0666221	0.0298418	0.112831	0.188778	0.272332	0.373387	0.499888	0.620485	0.707517	0.761536	0.76075	0.696627	0.573159	
-0.577666	-0.577666	-0.568009	-0.562476	-0.562443	-0.563256	-0.546258	-0.51436	-0.462178	-0.394615	-0.284462	-0.134711	0.0325886	0.186123	0.334556	0.463056	0.542852	0.563978	0.54318	0.488818	0.407849	0.29195	0.141327	-0.0281774	-0.199039	-0.363468	-0.499831	-0.590365	-0.637278	-0.640612	-0.615454	-0.583249	-0.532784	-0.468588	-0.379278	-0.276623	-0.161908	-0.0615914	0.0146742	0.0664671	0.106772	0.168552	0.263956	0.380698	0.489651	0.566041	0.617302	0.62284	0.573159	0.475432	
