1.09222	1.09222	1.116	1.18585	1.30407	1.44277	1.54978	1.59979	1.58322	1.50637	1.36561	1.16549	0.910758	0.611144	0.292678	-0.0213953	-0.311713	-0.570296	-0.776026	-0.91535	-0.982144	-1.00479	-1.02668	-1.05809	-1.0785	-1.07051	-1.03546	-0.979101	-0.902584	-0.814791	-0.735864	-0.691446	-0.668278	-0.673429	-0.737995	-0.862079	-1.01531	-1.16941	-1.30164	-1.38137	-1.37308	-1.24765	-1.00981	-0.696945	-0.338439	0.0310933	0.381021	0.687971	0.927794	1.08852	
1.09222	1.09222	1.116	1.18585	1.30407	1.44277	1.54978	1.59979	1.58322	1.50637	1.36561	1.16549	0.910758	0.611144	0.292678	-0.0213953	-0.311713	-0.570296	-0.776026	-0.91535	-0.982144	-1.00479	-1.02668	-1.05809	-1.0785	-1.07051	-1.03546	-0.979101	-0.902584	-0.814791	-0.735864	-0.691446	-0.668278	-0.673429	-0.737995	-0.862079	-1.01531	-1.16941	-1.30164	-1.38137	-1.37308	-1.24765	-1.00981	-0.696945	-0.338439	0.0310933	0.381021	0.687971	0.927794	1.08852	
1.116	1.116	1.1326	1.18945	1.29145	1.4119	1.50065	1.53359	1.50321	1.41833	1.27697	1.08469	0.844467	0.563807	0.266279	-0.0260928	-0.292783	-0.527745	-0.712701	-0.839839	-0.903875	-0.930278	-0.95679	-0.991418	-1.01551	-1.01469	-0.990268	-0.945257	-0.877286	-0.794627	-0.720118	-0.681945	-0.669141	-0.686864	-0.762183	-0.893912	-1.05086	-1.20479	-1.33261	-1.40195	-1.38111	-1.24305	-0.996412	-0.677123	-0.312382	0.0645733	0.41868	0.723991	0.952525	1.09869	
1.18585	1.18585	1.18945	1.22171	1.29038	1.37381	1.42635	1.42609	1.36825	1.26461	1.11959	0.938879	0.723023	0.473589	0.210192	-0.0441643	-0.271162	-0.466583	-0.622532	-0.733792	-0.794915	-0.823163	-0.851222	-0.888477	-0.920789	-0.934331	-0.92579	-0.891245	-0.82793	-0.749378	-0.685034	-0.665724	-0.677254	-0.717594	-0.808403	-0.948033	-1.11071	-1.26892	-1.39471	-1.45355	-1.40977	-1.24576	-0.975453	-0.639374	-0.265013	0.114781	0.467061	0.760243	0.972997	1.10064	
1.30407	1.30407	1.29145	1.29038	1.3123	1.3417	1.3422	1.29609	1.20115	1.0738	0.922549	0.755651	0.568939	0.359389	0.142522	-0.0629223	-0.240923	-0.396362	-0.523922	-0.620889	-0.674809	-0.699056	-0.724757	-0.765942	-0.810735	-0.841292	-0.845405	-0.815613	-0.753413	-0.681677	-0.637072	-0.646525	-0.690441	-0.757417	-0.86235	-1.008	-1.17278	-1.33125	-1.45361	-1.49666	-1.42927	-1.23469	-0.938052	-0.584624	-0.206598	0.165293	0.498673	0.77339	0.96647	1.08096	
1.44277	1.44277	1.4119	1.37381	1.3417	1.30643	1.24264	1.1412	1.00792	0.859387	0.706529	0.554228	0.400083	0.240008	0.0822908	-0.0635051	-0.194859	-0.314873	-0.418683	-0.494579	-0.533327	-0.549503	-0.576955	-0.627781	-0.685579	-0.726465	-0.737429	-0.71379	-0.663345	-0.611941	-0.593	-0.629162	-0.698849	-0.788535	-0.9099	-1.06136	-1.22261	-1.36855	-1.46953	-1.49166	-1.40137	-1.19037	-0.880967	-0.520692	-0.1459	0.208917	0.518596	0.762709	0.934	1.03215	
1.54978	1.54978	1.50065	1.42635	1.3422	1.24264	1.11258	0.956264	0.789015	0.630075	0.483994	0.353539	0.237127	0.132479	0.0393594	-0.0500411	-0.139678	-0.231912	-0.308865	-0.359208	-0.378112	-0.389448	-0.423009	-0.483203	-0.545049	-0.585641	-0.598446	-0.587639	-0.562697	-0.541733	-0.550575	-0.605475	-0.693105	-0.80456	-0.944832	-1.10577	-1.25868	-1.37853	-1.44754	-1.43859	-1.33256	-1.11503	-0.806926	-0.450209	-0.0858858	0.249417	0.526621	0.738324	0.875794	0.949843	
1.59979	1.59979	1.53359	1.42609	1.29609	1.1412	0.956264	0.753341	0.559608	0.394869	0.265524	0.167906	0.0978027	0.0472391	0.00610757	-0.0371765	-0.0906286	-0.147542	-0.193937	-0.218001	-0.225071	-0.235737	-0.274236	-0.336361	-0.397421	-0.437514	-0.457402	-0.464912	-0.467434	-0.476651	-0.508865	-0.578447	-0.678994	-0.80543	-0.959453	-1.12351	-1.26627	-1.3645	-1.40372	-1.3723	-1.24939	-1.02789	-0.722538	-0.373629	-0.0240531	0.286111	0.532919	0.703612	0.804075	0.846358	
1.58322	1.58322	1.50321	1.36825	1.20115	1.00792	0.789015	0.559608	0.347914	0.182308	0.0749378	0.0207329	0.00105631	-0.00565451	-0.0120805	-0.023617	-0.0384392	-0.055257	-0.0679386	-0.0753756	-0.0785697	-0.0926034	-0.131334	-0.193831	-0.257949	-0.307661	-0.341313	-0.365935	-0.389242	-0.419553	-0.470963	-0.551342	-0.657653	-0.78756	-0.938454	-1.09528	-1.22754	-1.31122	-1.33525	-1.28442	-1.14826	-0.920776	-0.622923	-0.291804	0.0317859	0.313292	0.526754	0.665475	0.730214	0.744298	
1.50637	1.50637	1.41833	1.26461	1.0738	0.859387	0.630075	0.394869	0.182308	0.0226884	-0.0612436	-0.0784402	-0.0590325	-0.0343681	-0.016664	0.000379502	0.0194549	0.0392157	0.0508122	0.0556296	0.0512238	0.033078	-0.0121102	-0.0819909	-0.160155	-0.226907	-0.276657	-0.31443	-0.347837	-0.387913	-0.445547	-0.524427	-0.623618	-0.740664	-0.875701	-1.01609	-1.13718	-1.21536	-1.23067	-1.17168	-1.02614	-0.801238	-0.520768	-0.217721	0.0740616	0.325234	0.513758	0.623429	0.662414	0.655631	
1.36561	1.36561	1.27697	1.11959	0.922549	0.706529	0.483994	0.265524	0.0749378	-0.0612436	-0.125022	-0.125728	-0.0903862	-0.0450476	-0.000582977	0.0445153	0.0883819	0.126295	0.151071	0.161312	0.155126	0.124916	0.0661518	-0.0203716	-0.115557	-0.201097	-0.26577	-0.310859	-0.343885	-0.376762	-0.423725	-0.487878	-0.569309	-0.667723	-0.778861	-0.896682	-1.0031	-1.07402	-1.08748	-1.02615	-0.883221	-0.670195	-0.414123	-0.143417	0.113695	0.333071	0.493761	0.5835	0.607243	0.591008	
1.16549	1.16549	1.08469	0.938879	0.755651	0.554228	0.353539	0.167906	0.0207329	-0.0784402	-0.125728	-0.129171	-0.096368	-0.0370186	0.0350052	0.107347	0.16717	0.213519	0.240698	0.250485	0.232899	0.186792	0.10951	0.00833258	-0.104969	-0.210626	-0.291646	-0.342269	-0.365801	-0.379428	-0.404362	-0.44516	-0.505743	-0.579688	-0.661639	-0.74799	-0.830822	-0.891166	-0.902173	-0.846491	-0.7137	-0.518054	-0.287362	-0.0469908	0.175	0.358183	0.488747	0.55763	0.574872	0.558012	
0.910758	0.910758	0.844467	0.723023	0.568939	0.400083	0.237127	0.0978027	0.00105631	-0.0590325	-0.0903862	-0.096368	-0.0675716	-0.00105771	0.087306	0.177985	0.250837	0.302707	0.32674	0.323869	0.289556	0.224298	0.134256	0.0202292	-0.107693	-0.2317	-0.326533	-0.380455	-0.394938	-0.390821	-0.392837	-0.409089	-0.441767	-0.486931	-0.533886	-0.584308	-0.637744	-0.679563	-0.683209	-0.631858	-0.51221	-0.337549	-0.131564	0.0799307	0.267921	0.412725	0.510858	0.560994	0.571703	0.549104	
0.611144	0.611144	0.563807	0.473589	0.359389	0.240008	0.132479	0.0472391	-0.00565451	-0.0343681	-0.0450476	-0.0370186	-0.00105771	0.0656087	0.153117	0.246849	0.325369	0.377562	0.39125	0.37394	0.322811	0.24446	0.140665	0.0160807	-0.122162	-0.25301	-0.350668	-0.405372	-0.41807	-0.406033	-0.391852	-0.378822	-0.377686	-0.387426	-0.401538	-0.420095	-0.445986	-0.465943	-0.456951	-0.405363	-0.298473	-0.143339	0.0394215	0.227118	0.387122	0.501918	0.570801	0.595934	0.585682	0.541769	
0.292678	0.292678	0.266279	0.210192	0.142522	0.0822908	0.0393594	0.00610757	-0.0120805	-0.016664	-0.000582977	0.0350052	0.087306	0.153117	0.228161	0.3096	0.376013	0.415656	0.417827	0.393177	0.338126	0.250913	0.136468	0.00226541	-0.137661	-0.263911	-0.354825	-0.408911	-0.425941	-0.417107	-0.39197	-0.353522	-0.316187	-0.293042	-0.279069	-0.27347	-0.276121	-0.275982	-0.250839	-0.196444	-0.0964505	0.0433541	0.209692	0.380267	0.522876	0.616211	0.662386	0.658823	0.613293	0.529994	
-0.0213953	-0.0213953	-0.0260928	-0.0441643	-0.0629223	-0.0635051	-0.0500411	-0.0371765	-0.023617	0.000379502	0.0445153	0.107347	0.177985	0.246849	0.3096	0.365475	0.402878	0.419905	0.412957	0.390667	0.338687	0.251463	0.133971	0.000589797	-0.134361	-0.251998	-0.335124	-0.387714	-0.410628	-0.406136	-0.377182	-0.320968	-0.259912	-0.214058	-0.1825	-0.159766	-0.145897	-0.127226	-0.0870487	-0.0220694	0.0793561	0.214823	0.372161	0.533184	0.666275	0.750062	0.777704	0.742175	0.653274	0.52556	
-0.311713	-0.311713	-0.292783	-0.271162	-0.240923	-0.194859	-0.139678	-0.0906286	-0.0384392	0.0194549	0.0883819	0.16717	0.250837	0.325369	0.376013	0.402878	0.407482	0.403855	0.390654	0.370146	0.322676	0.242434	0.136367	0.0170471	-0.105283	-0.215151	-0.29502	-0.350687	-0.378242	-0.37781	-0.347019	-0.28558	-0.216361	-0.162915	-0.12326	-0.0909244	-0.0644021	-0.0331048	0.0239649	0.102819	0.214429	0.352079	0.506276	0.663008	0.795621	0.87779	0.897703	0.839663	0.71541	0.549062	
-0.570296	-0.570296	-0.527745	-0.466583	-0.396362	-0.314873	-0.231912	-0.147542	-0.055257	0.0392157	0.126295	0.213519	0.302707	0.377562	0.415656	0.419905	0.403855	0.386479	0.365914	0.340628	0.293969	0.222065	0.134237	0.0392488	-0.061244	-0.159634	-0.239972	-0.301029	-0.333091	-0.333456	-0.303992	-0.248	-0.184481	-0.13429	-0.0943892	-0.0586384	-0.0300621	0.00748585	0.075175	0.17082	0.297441	0.444264	0.602776	0.763042	0.901747	0.990387	1.00892	0.939871	0.797377	0.606947	
-0.776026	-0.776026	-0.712701	-0.622532	-0.523922	-0.418683	-0.308865	-0.193937	-0.0679386	0.0508122	0.151071	0.240698	0.32674	0.39125	0.417827	0.412957	0.390654	0.365914	0.337094	0.307102	0.259987	0.195985	0.126169	0.0598618	-0.0127892	-0.0960725	-0.17359	-0.237657	-0.271561	-0.274521	-0.254304	-0.213037	-0.163629	-0.119523	-0.081013	-0.0476785	-0.0231237	0.00990857	0.0807417	0.186123	0.324879	0.48459	0.655768	0.829884	0.982245	1.08038	1.10379	1.03591	0.889167	0.68781	
-0.91535	-0.91535	-0.839839	-0.733792	-0.620889	-0.494579	-0.359208	-0.218001	-0.0753756	0.0556296	0.161312	0.250485	0.323869	0.37394	0.393177	0.390667	0.370146	0.340628	0.307102	0.274426	0.231447	0.176223	0.124542	0.0823037	0.0328413	-0.032028	-0.0970988	-0.151382	-0.179589	-0.184963	-0.174775	-0.153691	-0.122052	-0.0908394	-0.0611039	-0.0352304	-0.0206494	0.00344939	0.0669696	0.169634	0.312163	0.483621	0.676679	0.874682	1.04617	1.15491	1.18341	1.1203	0.977262	0.771037	
-0.982144	-0.982144	-0.903875	-0.794915	-0.674809	-0.533327	-0.378112	-0.225071	-0.0785697	0.0512238	0.155126	0.232899	0.289556	0.322811	0.338126	0.338687	0.322676	0.293969	0.259987	0.231447	0.19961	0.163906	0.132078	0.106977	0.0756204	0.0319647	-0.00965233	-0.043208	-0.0571923	-0.0534821	-0.0477839	-0.0432307	-0.0388071	-0.0338377	-0.0256993	-0.0156776	-0.0113779	0.00253321	0.0528059	0.143595	0.278376	0.456463	0.666564	0.883956	1.06842	1.18536	1.22205	1.17083	1.03759	0.837801	
-1.00479	-1.00479	-0.930278	-0.823163	-0.699056	-0.549503	-0.389448	-0.235737	-0.0926034	0.033078	0.124916	0.186792	0.224298	0.24446	0.250913	0.251463	0.242434	0.222065	0.195985	0.176223	0.163906	0.151807	0.139449	0.13033	0.117992	0.101161	0.0869891	0.0813422	0.0958081	0.120535	0.134645	0.123365	0.097114	0.0644348	0.0361179	0.0175388	0.00226077	0.00331952	0.0417255	0.119443	0.244028	0.416656	0.626068	0.840051	1.02007	1.13847	1.18761	1.15705	1.04448	0.860206	
-1.02668	-1.02668	-0.95679	-0.851222	-0.724757	-0.576955	-0.423009	-0.274236	-0.131334	-0.0121102	0.0661518	0.10951	0.134256	0.140665	0.136468	0.133971	0.136367	0.134237	0.126169	0.124542	0.132078	0.139449	0.146248	0.157783	0.172607	0.184564	0.201648	0.231566	0.277507	0.325123	0.343554	0.322103	0.270173	0.200861	0.128918	0.0673005	0.0222236	0.00813553	0.0360508	0.103977	0.211633	0.363217	0.545143	0.730001	0.887878	1.00114	1.06164	1.05468	0.971459	0.82324	
-1.05809	-1.05809	-0.991418	-0.888477	-0.765942	-0.627781	-0.483203	-0.336361	-0.193831	-0.0819909	-0.0203716	0.00833258	0.0202292	0.0160807	0.00226541	0.000589797	0.0170471	0.0392488	0.0598618	0.0823037	0.106977	0.13033	0.157783	0.197833	0.24317	0.291424	0.347397	0.412291	0.478711	0.530252	0.546703	0.516935	0.447197	0.347324	0.232448	0.127386	0.0501882	0.0168922	0.0298217	0.0793193	0.16122	0.277604	0.418336	0.562811	0.690561	0.791513	0.857339	0.87172	0.823914	0.721699	
-1.0785	-1.0785	-1.01551	-0.920789	-0.810735	-0.685579	-0.545049	-0.397421	-0.257949	-0.160155	-0.115557	-0.104969	-0.107693	-0.122162	-0.137661	-0.134361	-0.105283	-0.061244	-0.0127892	0.0328413	0.0756204	0.117992	0.172607	0.24317	0.328028	0.422464	0.519203	0.606026	0.67313	0.718666	0.726477	0.684796	0.595693	0.46971	0.324893	0.186023	0.0776118	0.0157066	-0.000181787	0.0217496	0.0708805	0.148451	0.246797	0.353768	0.455016	0.542778	0.608149	0.638768	0.625824	0.574598	
-1.07051	-1.07051	-1.01469	-0.934331	-0.841292	-0.726465	-0.585641	-0.437514	-0.307661	-0.226907	-0.201097	-0.210626	-0.2317	-0.25301	-0.263911	-0.251998	-0.215151	-0.159634	-0.0960725	-0.032028	0.0319647	0.101161	0.184564	0.291424	0.422464	0.562383	0.682508	0.771523	0.833472	0.872716	0.868191	0.808814	0.701559	0.562707	0.402878	0.239649	0.0970743	-0.00168879	-0.0521075	-0.0632185	-0.0513543	-0.0170573	0.0390067	0.113571	0.194476	0.274775	0.343394	0.388835	0.405231	0.392876	
-1.03546	-1.03546	-0.990268	-0.92579	-0.845405	-0.737429	-0.598446	-0.457402	-0.341313	-0.276657	-0.26577	-0.291646	-0.326533	-0.350668	-0.354825	-0.335124	-0.29502	-0.239972	-0.17359	-0.0970988	-0.00965233	0.0869891	0.201648	0.347397	0.519203	0.682508	0.802753	0.884922	0.94261	0.974582	0.956909	0.88732	0.776248	0.636406	0.470137	0.285253	0.111199	-0.0208673	-0.104497	-0.152161	-0.184	-0.195007	-0.178028	-0.129728	-0.0636575	0.00886729	0.0761163	0.133695	0.175454	0.198834	
-0.979101	-0.979101	-0.945257	-0.891245	-0.815613	-0.71379	-0.587639	-0.464912	-0.365935	-0.31443	-0.310859	-0.342269	-0.380455	-0.405372	-0.408911	-0.387714	-0.350687	-0.301029	-0.237657	-0.151382	-0.043208	0.0813422	0.231566	0.412291	0.606026	0.771523	0.884922	0.960615	1.00898	1.02942	1.00546	0.937356	0.827921	0.686508	0.514842	0.317131	0.123816	-0.0331033	-0.149473	-0.238282	-0.309533	-0.355044	-0.364798	-0.336766	-0.289444	-0.232715	-0.170817	-0.107941	-0.0474024	0.00470392	
-0.902584	-0.902584	-0.877286	-0.82793	-0.753413	-0.663345	-0.562697	-0.467434	-0.389242	-0.347837	-0.343885	-0.365801	-0.394938	-0.41807	-0.425941	-0.410628	-0.378242	-0.333091	-0.271561	-0.179589	-0.0571923	0.0958081	0.277507	0.478711	0.67313	0.833472	0.94261	1.00898	1.04468	1.05958	1.03712	0.970842	0.856145	0.711708	0.540357	0.340798	0.137508	-0.0424089	-0.194573	-0.319576	-0.41835	-0.479989	-0.500114	-0.482109	-0.448684	-0.403916	-0.347949	-0.282736	-0.216821	-0.154311	
-0.814791	-0.814791	-0.794627	-0.749378	-0.681677	-0.611941	-0.541733	-0.476651	-0.419553	-0.387913	-0.376762	-0.379428	-0.390821	-0.406033	-0.417107	-0.406136	-0.37781	-0.333456	-0.274521	-0.184963	-0.0534821	0.120535	0.325123	0.530252	0.718666	0.872716	0.974582	1.02942	1.05958	1.07403	1.04828	0.97165	0.85134	0.705773	0.538514	0.343274	0.138941	-0.0546146	-0.227729	-0.377136	-0.490547	-0.559591	-0.582194	-0.568126	-0.539684	-0.497936	-0.441112	-0.380995	-0.319782	-0.255166	
-0.735864	-0.735864	-0.720118	-0.685034	-0.637072	-0.593	-0.550575	-0.508865	-0.470963	-0.445547	-0.423725	-0.404362	-0.392837	-0.391852	-0.39197	-0.377182	-0.347019	-0.303992	-0.254304	-0.174775	-0.0477839	0.134645	0.343554	0.546703	0.726477	0.868191	0.956909	1.00546	1.03712	1.04828	1.00924	0.928166	0.80785	0.662089	0.495994	0.311422	0.119916	-0.0661591	-0.242699	-0.402176	-0.524798	-0.595804	-0.618698	-0.60689	-0.579925	-0.53572	-0.477948	-0.41716	-0.354605	-0.288296	
-0.691446	-0.691446	-0.681945	-0.665724	-0.646525	-0.629162	-0.605475	-0.578447	-0.551342	-0.524427	-0.487878	-0.44516	-0.409089	-0.378822	-0.353522	-0.320968	-0.28558	-0.248	-0.213037	-0.153691	-0.0432307	0.123365	0.322103	0.516935	0.684796	0.808814	0.88732	0.937356	0.970842	0.97165	0.928166	0.849847	0.731752	0.580489	0.41877	0.254317	0.0890292	-0.0755269	-0.238018	-0.393525	-0.509647	-0.576496	-0.6026	-0.596668	-0.569734	-0.523165	-0.459203	-0.390992	-0.320915	-0.250852	
-0.668278	-0.668278	-0.669141	-0.677254	-0.690441	-0.698849	-0.693105	-0.678994	-0.657653	-0.623618	-0.569309	-0.505743	-0.441767	-0.377686	-0.316187	-0.259912	-0.216361	-0.184481	-0.163629	-0.122052	-0.0388071	0.097114	0.270173	0.447197	0.595693	0.701559	0.776248	0.827921	0.856145	0.85134	0.80785	0.731752	0.610554	0.46173	0.315748	0.178518	0.0451001	-0.0867641	-0.219682	-0.347965	-0.443342	-0.503934	-0.533311	-0.527557	-0.494562	-0.438567	-0.364352	-0.288029	-0.215246	-0.151028	
-0.673429	-0.673429	-0.686864	-0.717594	-0.757417	-0.788535	-0.80456	-0.80543	-0.78756	-0.740664	-0.667723	-0.579688	-0.486931	-0.387426	-0.293042	-0.214058	-0.162915	-0.13429	-0.119523	-0.0908394	-0.0338377	0.0644348	0.200861	0.347324	0.46971	0.562707	0.636406	0.686508	0.711708	0.705773	0.662089	0.580489	0.46173	0.325915	0.198409	0.0884673	-0.0100638	-0.100311	-0.186097	-0.2697	-0.335522	-0.3835	-0.403014	-0.383723	-0.33658	-0.272345	-0.197683	-0.128557	-0.0661757	-0.0182806	
-0.737995	-0.737995	-0.762183	-0.808403	-0.86235	-0.9099	-0.944832	-0.959453	-0.938454	-0.875701	-0.778861	-0.661639	-0.533886	-0.401538	-0.279069	-0.1825	-0.12326	-0.0943892	-0.081013	-0.0611039	-0.0256993	0.0361179	0.128918	0.232448	0.324893	0.402878	0.470137	0.514842	0.540357	0.538514	0.495994	0.41877	0.315748	0.198409	0.0913676	0.0103278	-0.050309	-0.0958986	-0.129227	-0.163856	-0.196964	-0.220371	-0.218137	-0.182349	-0.124777	-0.0588797	0.00474222	0.0569029	0.0978394	0.120263	
-0.862079	-0.862079	-0.893912	-0.948033	-1.008	-1.06136	-1.10577	-1.12351	-1.09528	-1.01609	-0.896682	-0.74799	-0.584308	-0.420095	-0.27347	-0.159766	-0.0909244	-0.0586384	-0.0476785	-0.0352304	-0.0156776	0.0175388	0.0673005	0.127386	0.186023	0.239649	0.285253	0.317131	0.340798	0.343274	0.311422	0.254317	0.178518	0.0884673	0.0103278	-0.0348909	-0.0591697	-0.0621053	-0.0472685	-0.0383337	-0.0359277	-0.032282	-0.0125108	0.0323579	0.0958993	0.158163	0.209421	0.243098	0.258151	0.243702	
-1.01531	-1.01531	-1.05086	-1.11071	-1.17278	-1.22261	-1.25868	-1.26627	-1.22754	-1.13718	-1.0031	-0.830822	-0.637744	-0.445986	-0.276121	-0.145897	-0.0644021	-0.0300621	-0.0231237	-0.0206494	-0.0113779	0.00226077	0.0222236	0.0501882	0.0776118	0.0970743	0.111199	0.123816	0.137508	0.138941	0.119916	0.0890292	0.0451001	-0.0100638	-0.050309	-0.0591697	-0.0468942	-0.0107302	0.041104	0.0881749	0.121233	0.149022	0.182084	0.23681	0.303463	0.360444	0.397729	0.410898	0.389175	0.340129	
-1.16941	-1.16941	-1.20479	-1.26892	-1.33125	-1.36855	-1.37853	-1.3645	-1.31122	-1.21536	-1.07402	-0.891166	-0.679563	-0.465943	-0.275982	-0.127226	-0.0331048	0.00748585	0.00990857	0.00344939	0.00253321	0.00331952	0.00813553	0.0168922	0.0157066	-0.00168879	-0.0208673	-0.0331033	-0.0424089	-0.0546146	-0.0661591	-0.0755269	-0.0867641	-0.100311	-0.0958986	-0.0621053	-0.0107302	0.0541836	0.128809	0.19545	0.249631	0.295173	0.34812	0.416997	0.485995	0.53858	0.568634	0.5562	0.501214	0.417286	
-1.30164	-1.30164	-1.33261	-1.39471	-1.45361	-1.46953	-1.44754	-1.40372	-1.33525	-1.23067	-1.08748	-0.902173	-0.683209	-0.456951	-0.250839	-0.0870487	0.0239649	0.075175	0.0807417	0.0669696	0.0528059	0.0417255	0.0360508	0.0298217	-0.000181787	-0.0521075	-0.104497	-0.149473	-0.194573	-0.227729	-0.242699	-0.238018	-0.219682	-0.186097	-0.129227	-0.0472685	0.041104	0.128809	0.209807	0.285457	0.348225	0.413469	0.485357	0.559431	0.625691	0.679103	0.698621	0.668191	0.589285	0.477387	
-1.38137	-1.38137	-1.40195	-1.45355	-1.49666	-1.49166	-1.43859	-1.3723	-1.28442	-1.17168	-1.02615	-0.846491	-0.631858	-0.405363	-0.196444	-0.0220694	0.102819	0.17082	0.186123	0.169634	0.143595	0.119443	0.103977	0.0793193	0.0217496	-0.0632185	-0.152161	-0.238282	-0.319576	-0.377136	-0.402176	-0.393525	-0.347965	-0.2697	-0.163856	-0.0383337	0.0881749	0.19545	0.285457	0.363173	0.436136	0.51366	0.585664	0.649754	0.707958	0.752488	0.764022	0.728062	0.643079	0.521878	
-1.37308	-1.37308	-1.38111	-1.40977	-1.42927	-1.40137	-1.33256	-1.24939	-1.14826	-1.02614	-0.883221	-0.7137	-0.51221	-0.298473	-0.0964505	0.0793561	0.214429	0.297441	0.324879	0.312163	0.278376	0.244028	0.211633	0.16122	0.0708805	-0.0513543	-0.184	-0.309533	-0.41835	-0.490547	-0.524798	-0.509647	-0.443342	-0.335522	-0.196964	-0.0359277	0.121233	0.249631	0.348225	0.436136	0.518535	0.593422	0.653437	0.704902	0.749921	0.782188	0.789167	0.761388	0.686009	0.570903	
-1.24765	-1.24765	-1.24305	-1.24576	-1.23469	-1.19037	-1.11503	-1.02789	-0.920776	-0.801238	-0.670195	-0.518054	-0.337549	-0.143339	0.0433541	0.214823	0.352079	0.444264	0.48459	0.483621	0.456463	0.416656	0.363217	0.277604	0.148451	-0.0170573	-0.195007	-0.355044	-0.479989	-0.559591	-0.595804	-0.576496	-0.503934	-0.3835	-0.220371	-0.032282	0.149022	0.295173	0.413469	0.51366	0.593422	0.654745	0.700914	0.74266	0.774009	0.797385	0.813349	0.799836	0.741109	0.649272	
-1.00981	-1.00981	-0.996412	-0.975453	-0.938052	-0.880967	-0.806926	-0.722538	-0.622923	-0.520768	-0.414123	-0.287362	-0.131564	0.0394215	0.209692	0.372161	0.506276	0.602776	0.655768	0.676679	0.666564	0.626068	0.545143	0.418336	0.246797	0.0390067	-0.178028	-0.364798	-0.500114	-0.582194	-0.618698	-0.6026	-0.533311	-0.403014	-0.218137	-0.0125108	0.182084	0.34812	0.485357	0.585664	0.653437	0.700914	0.741853	0.779716	0.808044	0.83642	0.860769	0.855995	0.818849	0.748823	
-0.696945	-0.696945	-0.677123	-0.639374	-0.584624	-0.520692	-0.450209	-0.373629	-0.291804	-0.217721	-0.143417	-0.0469908	0.0799307	0.227118	0.380267	0.533184	0.663008	0.763042	0.829884	0.874682	0.883956	0.840051	0.730001	0.562811	0.353768	0.113571	-0.129728	-0.336766	-0.482109	-0.568126	-0.60689	-0.596668	-0.527557	-0.383723	-0.182349	0.0323579	0.23681	0.416997	0.559431	0.649754	0.704902	0.74266	0.779716	0.820766	0.862539	0.899225	0.926532	0.931504	0.91286	0.863729	
-0.338439	-0.338439	-0.312382	-0.265013	-0.206598	-0.1459	-0.0858858	-0.0240531	0.0317859	0.0740616	0.113695	0.175	0.267921	0.387122	0.522876	0.666275	0.795621	0.901747	0.982245	1.04617	1.06842	1.02007	0.887878	0.690561	0.455016	0.194476	-0.0636575	-0.289444	-0.448684	-0.539684	-0.579925	-0.569734	-0.494562	-0.33658	-0.124777	0.0958993	0.303463	0.485995	0.625691	0.707958	0.749921	0.774009	0.808044	0.862539	0.91697	0.960336	0.993963	1.0165	1.01578	0.98761	
0.0310933	0.0310933	0.0645733	0.114781	0.165293	0.208917	0.249417	0.286111	0.313292	0.325234	0.333071	0.358183	0.412725	0.501918	0.616211	0.750062	0.87779	0.990387	1.08038	1.15491	1.18536	1.13847	1.00114	0.791513	0.542778	0.274775	0.00886729	-0.232715	-0.403916	-0.497936	-0.53572	-0.523165	-0.438567	-0.272345	-0.0588797	0.158163	0.360444	0.53858	0.679103	0.752488	0.782188	0.797385	0.83642	0.899225	0.960336	1.01018	1.05756	1.09297	1.11014	1.10361	
0.381021	0.381021	0.41868	0.467061	0.498673	0.518596	0.526621	0.532919	0.526754	0.513758	0.493761	0.488747	0.510858	0.570801	0.662386	0.777704	0.897703	1.00892	1.10379	1.18341	1.22205	1.18761	1.06164	0.857339	0.608149	0.343394	0.0761163	-0.170817	-0.347949	-0.441112	-0.477948	-0.459203	-0.364352	-0.197683	0.00474222	0.209421	0.397729	0.568634	0.698621	0.764022	0.789167	0.813349	0.860769	0.926532	0.993963	1.05756	1.11743	1.15867	1.18464	1.18978	
0.687971	0.687971	0.723991	0.760243	0.77339	0.762709	0.738324	0.703612	0.665475	0.623429	0.5835	0.55763	0.560994	0.595934	0.658823	0.742175	0.839663	0.939871	1.03591	1.1203	1.17083	1.15705	1.05468	0.87172	0.638768	0.388835	0.133695	-0.107941	-0.282736	-0.380995	-0.41716	-0.390992	-0.288029	-0.128557	0.0569029	0.243098	0.410898	0.5562	0.668191	0.728062	0.761388	0.799836	0.855995	0.931504	1.0165	1.09297	1.15867	1.20507	1.23137	1.2386	
0.927794	0.927794	0.952525	0.972997	0.96647	0.934	0.875794	0.804075	0.730214	0.662414	0.607243	0.574872	0.571703	0.585682	0.613293	0.653274	0.71541	0.797377	0.889167	0.977262	1.03759	1.04448	0.971459	0.823914	0.625824	0.405231	0.175454	-0.0474024	-0.216821	-0.319782	-0.354605	-0.320915	-0.215246	-0.0661757	0.0978394	0.258151	0.389175	0.501214	0.589285	0.643079	0.686009	0.741109	0.818849	0.91286	1.01578	1.11014	1.18464	1.23137	1.24757	1.23948	
1.08852	1.08852	1.09869	1.10064	1.08096	1.03215	0.949843	0.846358	0.744298	0.655631	0.591008	0.558012	0.549104	0.541769	0.529994	0.52556	0.549062	0.606947	0.68781	0.771037	0.837801	0.860206	0.82324	0.721699	0.574598	0.392876	0.198834	0.00470392	-0.154311	-0.255166	-0.288296	-0.250852	-0.151028	-0.0182806	0.120263	0.243702	0.340129	0.417286	0.477387	0.521878	0.570903	0.649272	0.748823	0.863729	0.98761	1.10361	1.18978	1.2386	1.23948	1.21147	
