-0.231159	-0.23177	-0.211416	-0.19467	-0.203685	-0.244321	-0.308906	-0.387343	-0.470335	-0.533897	-0.550329	-0.497189	-0.37145	-0.179379	0.0614194	0.345472	0.654602	0.938299	1.14705	1.22802	1.15309	0.933622	0.610849	0.246455	-0.107636	-0.414353	-0.658459	-0.830411	-0.907709	-0.889396	-0.791933	-0.633578	-0.448789	-0.264933	-0.0921317	0.0563145	0.171552	0.2602	0.344893	0.447386	0.555098	0.639451	0.697218	0.730406	0.729658	0.705783	0.684319	0.670223	0.659771	0.659771	
-0.23177	-0.223549	-0.195451	-0.180021	-0.19256	-0.237528	-0.306904	-0.391275	-0.476838	-0.544052	-0.560942	-0.506346	-0.386898	-0.203835	0.0276118	0.299901	0.594271	0.865199	1.06909	1.15186	1.08167	0.871986	0.566073	0.218334	-0.11924	-0.403965	-0.624526	-0.774018	-0.831203	-0.796211	-0.680999	-0.504541	-0.306273	-0.113775	0.0638362	0.214026	0.326417	0.404119	0.470891	0.549722	0.625603	0.671756	0.688967	0.678592	0.631057	0.562055	0.504613	0.469609	0.451933	0.451933	
-0.211416	-0.195451	-0.168457	-0.161358	-0.185443	-0.244626	-0.326822	-0.420893	-0.515722	-0.585715	-0.598282	-0.54574	-0.428248	-0.250511	-0.0310866	0.233652	0.522341	0.791944	0.997026	1.07983	1.01967	0.830018	0.544956	0.220789	-0.086476	-0.34162	-0.537451	-0.662148	-0.70015	-0.656904	-0.537023	-0.357063	-0.158497	0.0328296	0.208961	0.357485	0.46483	0.528704	0.571847	0.617411	0.651624	0.654749	0.633091	0.587561	0.508798	0.414313	0.339254	0.297221	0.280097	0.280097	
-0.19467	-0.180021	-0.161358	-0.168271	-0.209365	-0.284723	-0.37844	-0.484385	-0.585318	-0.653652	-0.664342	-0.607828	-0.486799	-0.311883	-0.0920118	0.174978	0.461137	0.727373	0.929644	1.02005	0.980036	0.815672	0.563532	0.275886	0.000949761	-0.225444	-0.394234	-0.498031	-0.529873	-0.491985	-0.379297	-0.207736	-0.0177933	0.167689	0.339027	0.481552	0.577955	0.621175	0.632729	0.636414	0.624208	0.587231	0.536059	0.469453	0.377722	0.276916	0.199669	0.160587	0.148942	0.148942	
-0.203685	-0.19256	-0.185443	-0.209365	-0.268694	-0.358483	-0.465008	-0.578964	-0.679706	-0.742815	-0.740582	-0.672029	-0.543014	-0.362956	-0.140192	0.126909	0.409871	0.677111	0.887904	0.99307	0.976447	0.847324	0.634833	0.383188	0.143049	-0.0551895	-0.208261	-0.30542	-0.341338	-0.316925	-0.220602	-0.0656012	0.11102	0.286591	0.446633	0.574324	0.650486	0.665804	0.641077	0.601013	0.546447	0.480276	0.413792	0.341387	0.252845	0.160431	0.091053	0.0598252	0.0552559	0.0552559	
-0.244321	-0.237528	-0.244626	-0.284723	-0.358483	-0.459914	-0.572429	-0.686103	-0.781816	-0.829825	-0.810611	-0.729268	-0.588174	-0.401408	-0.170554	0.104126	0.393374	0.670354	0.887979	1.00691	1.02051	0.929007	0.755444	0.541683	0.329184	0.142968	-0.00392145	-0.0989271	-0.146435	-0.142448	-0.0672216	0.0656536	0.221802	0.378657	0.517098	0.619345	0.667292	0.652589	0.594801	0.518114	0.433091	0.352866	0.285317	0.219323	0.144993	0.0697811	0.0130181	-0.00975518	-0.00839233	-0.00839233	
-0.308906	-0.306904	-0.326822	-0.37844	-0.465008	-0.572429	-0.685742	-0.797344	-0.880511	-0.908264	-0.869095	-0.76619	-0.605774	-0.403418	-0.155376	0.131917	0.429443	0.710539	0.933684	1.07178	1.11254	1.05245	0.912962	0.726169	0.530809	0.354438	0.211001	0.109334	0.0447295	0.0275875	0.0760209	0.175593	0.300122	0.427618	0.534282	0.603747	0.622257	0.583927	0.504444	0.404904	0.304932	0.225042	0.166694	0.114022	0.0591281	0.00463385	-0.0385747	-0.0549282	-0.0504738	-0.0504738	
-0.387343	-0.391275	-0.420893	-0.484385	-0.578964	-0.686103	-0.797344	-0.896866	-0.957833	-0.958245	-0.888779	-0.755964	-0.572163	-0.349488	-0.0808994	0.21735	0.519265	0.803826	1.03043	1.17552	1.23039	1.19389	1.0815	0.920104	0.742446	0.569815	0.422656	0.312078	0.228708	0.183321	0.193008	0.247593	0.330159	0.419098	0.488952	0.526656	0.523171	0.474337	0.388802	0.282284	0.181869	0.112255	0.0676558	0.0300087	-0.00492672	-0.0388958	-0.0696018	-0.082518	-0.0784427	-0.0784427	
-0.470335	-0.476838	-0.515722	-0.585318	-0.679706	-0.781816	-0.880511	-0.957833	-0.989473	-0.953366	-0.847533	-0.684283	-0.475822	-0.229409	0.0555121	0.358173	0.661391	0.937652	1.14968	1.291	1.356	1.3404	1.25425	1.11552	0.948823	0.778017	0.627721	0.500605	0.387348	0.305221	0.267212	0.267272	0.300868	0.349269	0.386385	0.401209	0.388489	0.344389	0.267924	0.168275	0.077931	0.0228087	-0.00863586	-0.0331574	-0.0505373	-0.0662756	-0.0861347	-0.0982923	-0.0978059	-0.0978059	
-0.533897	-0.544052	-0.585715	-0.653652	-0.742815	-0.829825	-0.908264	-0.958245	-0.953366	-0.877739	-0.739139	-0.546944	-0.315082	-0.0531262	0.239176	0.540531	0.830893	1.08251	1.27624	1.41305	1.48269	1.48198	1.41706	1.29884	1.14408	0.972258	0.806871	0.650965	0.502772	0.378578	0.285296	0.228408	0.216096	0.229988	0.243998	0.248638	0.240488	0.213727	0.157087	0.0740025	-0.000373734	-0.0416626	-0.0637893	-0.0786928	-0.0822365	-0.0830161	-0.0935742	-0.106634	-0.112003	-0.112003	
-0.550329	-0.560942	-0.598282	-0.664342	-0.740582	-0.810611	-0.869095	-0.888779	-0.847533	-0.739139	-0.570651	-0.353564	-0.110337	0.161006	0.45445	0.740779	1.00844	1.23455	1.4075	1.52992	1.59551	1.60667	1.56278	1.46134	1.30841	1.12556	0.938628	0.7492	0.561745	0.392765	0.247887	0.143089	0.0933615	0.0817325	0.0846839	0.0917642	0.0983451	0.0955849	0.064091	0.00327484	-0.0529687	-0.0840872	-0.101789	-0.110586	-0.104283	-0.0937813	-0.0963392	-0.11068	-0.122735	-0.122735	
-0.497189	-0.506346	-0.54574	-0.607828	-0.672029	-0.729268	-0.76619	-0.755964	-0.684283	-0.546944	-0.353564	-0.126681	0.123347	0.40043	0.681114	0.949461	1.19396	1.38553	1.52704	1.62756	1.68684	1.70561	1.67066	1.57322	1.41786	1.22377	1.01012	0.783596	0.562005	0.357614	0.17235	0.0317493	-0.0445795	-0.0713468	-0.0695212	-0.0522185	-0.0264888	-0.0043518	-0.00982383	-0.0457206	-0.0840389	-0.109537	-0.12697	-0.132329	-0.119971	-0.102054	-0.0978589	-0.112631	-0.130493	-0.130493	
-0.37145	-0.386898	-0.428248	-0.486799	-0.543014	-0.588174	-0.605774	-0.572163	-0.475822	-0.315082	-0.110337	0.123347	0.380859	0.651667	0.917663	1.1654	1.36936	1.51543	1.62157	1.69551	1.73902	1.7496	1.71403	1.62034	1.462	1.25392	1.0163	0.764801	0.521616	0.291417	0.0797846	-0.0808053	-0.173494	-0.209569	-0.204534	-0.174159	-0.129706	-0.0863133	-0.0678417	-0.0780629	-0.0997187	-0.123308	-0.14285	-0.146459	-0.131519	-0.110131	-0.100646	-0.114047	-0.135114	-0.135114	
-0.179379	-0.203835	-0.250511	-0.311883	-0.362956	-0.401408	-0.403418	-0.349488	-0.229409	-0.0531262	0.161006	0.40043	0.651667	0.909139	1.15189	1.35896	1.51255	1.61211	1.67564	1.70975	1.72416	1.72254	1.68716	1.59355	1.43445	1.22494	0.977325	0.712873	0.458912	0.216917	-0.00390081	-0.173218	-0.278471	-0.322008	-0.313071	-0.271294	-0.21279	-0.154164	-0.114792	-0.0998371	-0.106477	-0.129906	-0.151777	-0.154626	-0.140276	-0.119267	-0.106323	-0.116032	-0.136331	-0.136331	
0.0614194	0.0276118	-0.0310866	-0.0920118	-0.140192	-0.170554	-0.155376	-0.0808994	0.0555121	0.239176	0.45445	0.681114	0.917663	1.15189	1.35459	1.51468	1.61309	1.65509	1.66253	1.64938	1.63857	1.62728	1.58789	1.50046	1.35753	1.15774	0.910374	0.649919	0.40001	0.157085	-0.0634182	-0.236025	-0.351654	-0.402953	-0.393987	-0.346442	-0.280199	-0.212176	-0.155135	-0.117017	-0.110242	-0.132633	-0.155099	-0.157961	-0.147038	-0.129844	-0.11558	-0.119301	-0.134234	-0.134234	
0.345472	0.299901	0.233652	0.174978	0.126909	0.104126	0.131917	0.21735	0.358173	0.540531	0.740779	0.949461	1.1654	1.35896	1.51468	1.61622	1.64441	1.62344	1.57664	1.52739	1.49664	1.47187	1.43572	1.36914	1.25003	1.07014	0.843576	0.601804	0.35905	0.120615	-0.0913341	-0.264136	-0.390995	-0.45355	-0.450624	-0.403845	-0.336185	-0.263741	-0.19247	-0.134776	-0.115759	-0.133679	-0.153715	-0.157472	-0.152297	-0.141529	-0.128117	-0.124182	-0.129607	-0.129607	
0.654602	0.594271	0.522341	0.461137	0.409871	0.393374	0.429443	0.519265	0.661391	0.830893	1.00844	1.19396	1.36936	1.51255	1.61309	1.64441	1.60819	1.53515	1.4445	1.3642	1.31149	1.28236	1.26245	1.22189	1.13574	0.990744	0.794227	0.572936	0.341868	0.11624	-0.0853026	-0.261563	-0.400894	-0.476896	-0.486028	-0.447414	-0.38441	-0.310955	-0.229097	-0.157009	-0.126387	-0.134557	-0.148668	-0.154304	-0.156381	-0.153433	-0.142677	-0.130604	-0.12407	-0.12407	
0.938299	0.865199	0.791944	0.727373	0.677111	0.670354	0.710539	0.803826	0.937652	1.08251	1.23455	1.38553	1.51543	1.61211	1.65509	1.62344	1.53515	1.4153	1.28407	1.17848	1.11876	1.09778	1.09511	1.08393	1.03515	0.925995	0.764877	0.571237	0.355369	0.141647	-0.0536818	-0.234457	-0.384195	-0.475809	-0.503839	-0.480602	-0.426646	-0.354167	-0.2664	-0.186316	-0.143981	-0.136525	-0.141614	-0.149849	-0.159494	-0.164296	-0.157246	-0.138155	-0.119936	-0.119936	
1.14705	1.06909	0.997026	0.929644	0.887904	0.887979	0.933684	1.03043	1.14968	1.27624	1.4075	1.52704	1.62157	1.67564	1.66253	1.57664	1.4445	1.28407	1.12725	1.01724	0.957969	0.938995	0.95157	0.968617	0.953138	0.885011	0.765086	0.594589	0.391134	0.190301	-0.000613771	-0.186219	-0.345215	-0.454792	-0.506818	-0.504252	-0.462475	-0.393203	-0.30546	-0.223563	-0.168771	-0.141072	-0.135107	-0.145672	-0.161675	-0.172712	-0.169486	-0.146218	-0.119782	-0.119782	
1.22802	1.15186	1.07983	1.02005	0.99307	1.00691	1.07178	1.17552	1.291	1.41305	1.52992	1.62756	1.69551	1.70975	1.64938	1.52739	1.3642	1.17848	1.01724	0.904382	0.834593	0.818666	0.848519	0.887346	0.902427	0.872483	0.783209	0.63329	0.44993	0.26115	0.0679413	-0.122349	-0.288179	-0.416563	-0.495459	-0.517411	-0.490716	-0.428017	-0.34663	-0.267523	-0.199782	-0.150297	-0.132432	-0.1433	-0.162807	-0.177434	-0.177348	-0.154193	-0.125758	-0.125758	
1.15309	1.08167	1.01967	0.980036	0.976447	1.02051	1.11254	1.23039	1.356	1.48269	1.59551	1.68684	1.73902	1.72416	1.63857	1.49664	1.31149	1.11876	0.957969	0.834593	0.763597	0.759409	0.796471	0.844268	0.879746	0.877885	0.817579	0.694247	0.529759	0.344708	0.147865	-0.0431348	-0.21524	-0.363185	-0.469551	-0.518149	-0.50953	-0.45841	-0.389229	-0.315256	-0.235493	-0.166751	-0.137012	-0.144056	-0.162754	-0.177722	-0.179731	-0.161713	-0.138823	-0.138823	
0.933622	0.871986	0.830018	0.815672	0.847324	0.929007	1.05245	1.19389	1.3404	1.48198	1.60667	1.70561	1.7496	1.72254	1.62728	1.47187	1.28236	1.09778	0.938995	0.818666	0.759409	0.755668	0.784053	0.833798	0.886116	0.909401	0.872924	0.770358	0.621962	0.441492	0.243229	0.050902	-0.129237	-0.295617	-0.427762	-0.503463	-0.516694	-0.484065	-0.431366	-0.362674	-0.274378	-0.192861	-0.151624	-0.149006	-0.161631	-0.173686	-0.176987	-0.168781	-0.158135	-0.158135	
0.610849	0.566073	0.544956	0.563532	0.634833	0.755444	0.912962	1.0815	1.25425	1.41706	1.56278	1.67066	1.71403	1.68716	1.58789	1.43572	1.26245	1.09511	0.95157	0.848519	0.796471	0.784053	0.807008	0.863922	0.927709	0.960691	0.938625	0.861525	0.732871	0.554198	0.353742	0.160024	-0.0295651	-0.213343	-0.367929	-0.469812	-0.510389	-0.503968	-0.469335	-0.405437	-0.315482	-0.230037	-0.177527	-0.159003	-0.160195	-0.166591	-0.171063	-0.175709	-0.180882	-0.180882	
0.246455	0.218334	0.220789	0.275886	0.383188	0.541683	0.726169	0.920104	1.11552	1.29884	1.46134	1.57322	1.62034	1.59355	1.50046	1.36914	1.22189	1.08393	0.968617	0.887346	0.844268	0.833798	0.863922	0.92466	0.984209	1.0216	1.02403	0.975015	0.856716	0.680307	0.485623	0.288487	0.0840573	-0.114515	-0.286098	-0.414541	-0.48937	-0.514623	-0.497594	-0.440474	-0.358443	-0.277438	-0.213857	-0.174884	-0.160234	-0.158986	-0.165128	-0.182863	-0.202755	-0.202755	
-0.107636	-0.11924	-0.086476	0.000949761	0.143049	0.329184	0.530809	0.742446	0.948823	1.14408	1.30841	1.41786	1.462	1.43445	1.35753	1.25003	1.13574	1.03515	0.953138	0.902427	0.879746	0.886116	0.927709	0.984209	1.04339	1.09976	1.12686	1.09372	0.98825	0.829995	0.643401	0.433844	0.214682	0.00770323	-0.1793	-0.337444	-0.450467	-0.508888	-0.510574	-0.466809	-0.402225	-0.331118	-0.257799	-0.197617	-0.164641	-0.15454	-0.162744	-0.190296	-0.219048	-0.219048	
-0.414353	-0.403965	-0.34162	-0.225444	-0.0551895	0.142968	0.354438	0.569815	0.778017	0.972258	1.12556	1.22377	1.25392	1.22494	1.15774	1.07014	0.990744	0.925995	0.885011	0.872483	0.877885	0.909401	0.960691	1.0216	1.09976	1.17689	1.22017	1.2089	1.13346	1.00019	0.817187	0.597824	0.372364	0.157546	-0.0485825	-0.236768	-0.386612	-0.478439	-0.504368	-0.483936	-0.443455	-0.384546	-0.305342	-0.228011	-0.177026	-0.157546	-0.166813	-0.197485	-0.226149	-0.226149	
-0.658459	-0.624526	-0.537451	-0.394234	-0.208261	-0.00392145	0.211001	0.422656	0.627721	0.806871	0.938628	1.01012	1.0163	0.977325	0.910374	0.843576	0.794227	0.764877	0.765086	0.783209	0.817579	0.872924	0.938625	1.02403	1.12686	1.22017	1.28848	1.31303	1.27563	1.17201	1.00148	0.78541	0.558921	0.332955	0.107135	-0.107353	-0.290459	-0.416474	-0.475625	-0.489283	-0.476026	-0.43009	-0.351933	-0.266056	-0.200861	-0.171994	-0.178658	-0.203417	-0.222937	-0.222937	
-0.830411	-0.774018	-0.662148	-0.498031	-0.30542	-0.0989271	0.109334	0.312078	0.500605	0.650965	0.7492	0.783596	0.764801	0.712873	0.649919	0.601804	0.572936	0.571237	0.594589	0.63329	0.694247	0.770358	0.861525	0.975015	1.09372	1.2089	1.31303	1.37999	1.39138	1.32896	1.18439	0.987175	0.767501	0.532156	0.289711	0.0540129	-0.156762	-0.317621	-0.420375	-0.477024	-0.491507	-0.460346	-0.392934	-0.310269	-0.238151	-0.200217	-0.197648	-0.207195	-0.211534	-0.211534	
-0.907709	-0.831203	-0.70015	-0.529873	-0.341338	-0.146435	0.0447295	0.228708	0.387348	0.502772	0.561745	0.562005	0.521616	0.458912	0.40001	0.35905	0.341868	0.355369	0.391134	0.44993	0.529759	0.621962	0.732871	0.856716	0.98825	1.13346	1.27563	1.39138	1.45701	1.44068	1.34276	1.18826	0.985588	0.746338	0.495449	0.248028	0.0171003	-0.179984	-0.334256	-0.437433	-0.479946	-0.469301	-0.423928	-0.357033	-0.287709	-0.241452	-0.221642	-0.209027	-0.197003	-0.197003	
-0.889396	-0.796211	-0.656904	-0.491985	-0.316925	-0.142448	0.0275875	0.183321	0.305221	0.378578	0.392765	0.357614	0.291417	0.216917	0.157085	0.120615	0.11624	0.141647	0.190301	0.26115	0.344708	0.441492	0.554198	0.680307	0.829995	1.00019	1.17201	1.32896	1.44068	1.48435	1.46136	1.36268	1.18463	0.959265	0.717958	0.470501	0.225473	-0.00717732	-0.2115	-0.358038	-0.432391	-0.452964	-0.440247	-0.400001	-0.343761	-0.290955	-0.248025	-0.211047	-0.186007	-0.186007	
-0.791933	-0.680999	-0.537023	-0.379297	-0.220602	-0.0672216	0.0760209	0.193008	0.267212	0.285296	0.247887	0.17235	0.0797846	-0.00390081	-0.0634182	-0.0913341	-0.0853026	-0.0536818	-0.000613771	0.0679413	0.147865	0.243229	0.353742	0.485623	0.643401	0.817187	1.00148	1.18439	1.34276	1.46136	1.51362	1.46857	1.33783	1.15657	0.941949	0.704158	0.452866	0.194212	-0.0462998	-0.229413	-0.343993	-0.408243	-0.435943	-0.430163	-0.395707	-0.340143	-0.274666	-0.217291	-0.184896	-0.184896	
-0.633578	-0.504541	-0.357063	-0.207736	-0.0656012	0.0656536	0.175593	0.247593	0.267272	0.228408	0.143089	0.0317493	-0.0808053	-0.173218	-0.236025	-0.264136	-0.261563	-0.234457	-0.186219	-0.122349	-0.0431348	0.050902	0.160024	0.288487	0.433844	0.597824	0.78541	0.987175	1.18826	1.36268	1.46857	1.48833	1.43451	1.31464	1.13764	0.923131	0.679539	0.414765	0.16029	-0.0520821	-0.214942	-0.331297	-0.403728	-0.436804	-0.429388	-0.377996	-0.300098	-0.232312	-0.197899	-0.197899	
-0.448789	-0.306273	-0.158497	-0.0177933	0.11102	0.221802	0.300122	0.330159	0.300868	0.216096	0.0933615	-0.0445795	-0.173494	-0.278471	-0.351654	-0.390995	-0.400894	-0.384195	-0.345215	-0.288179	-0.21524	-0.129237	-0.0295651	0.0840573	0.214682	0.372364	0.558921	0.767501	0.985588	1.18463	1.33783	1.43451	1.45998	1.40309	1.27804	1.10253	0.883653	0.639297	0.394234	0.16058	-0.0500356	-0.218175	-0.336361	-0.408889	-0.430001	-0.393658	-0.322551	-0.258507	-0.225928	-0.225928	
-0.264933	-0.113775	0.0328296	0.167689	0.286591	0.378657	0.427618	0.419098	0.349269	0.229988	0.0817325	-0.0713468	-0.209569	-0.322008	-0.402953	-0.45355	-0.476896	-0.475809	-0.454792	-0.416563	-0.363185	-0.295617	-0.213343	-0.114515	0.00770323	0.157546	0.332955	0.532156	0.746338	0.959265	1.15657	1.31464	1.40309	1.41196	1.34855	1.22065	1.04603	0.847349	0.627605	0.384485	0.141259	-0.0681728	-0.228767	-0.337055	-0.386511	-0.37937	-0.338093	-0.293135	-0.266085	-0.266085	
-0.0921317	0.0638362	0.208961	0.339027	0.446633	0.517098	0.534282	0.488952	0.386385	0.243998	0.0846839	-0.0695212	-0.204534	-0.313071	-0.393987	-0.450624	-0.486028	-0.503839	-0.506818	-0.495459	-0.469551	-0.427762	-0.367929	-0.286098	-0.1793	-0.0485825	0.107135	0.289711	0.495449	0.717958	0.941949	1.13764	1.27804	1.34855	1.34228	1.27001	1.15775	1.01395	0.825063	0.592365	0.344147	0.112136	-0.0803401	-0.21695	-0.296178	-0.332196	-0.33917	-0.326771	-0.311387	-0.311387	
0.0563145	0.214026	0.357485	0.481552	0.574324	0.619345	0.603747	0.526656	0.401209	0.248638	0.0917642	-0.0522185	-0.174159	-0.271294	-0.346442	-0.403845	-0.447414	-0.480602	-0.504252	-0.517411	-0.518149	-0.503463	-0.469812	-0.414541	-0.337444	-0.236768	-0.107353	0.0540129	0.248028	0.470501	0.704158	0.923131	1.10253	1.22065	1.27001	1.26396	1.21418	1.11454	0.96034	0.762658	0.53811	0.307656	0.102627	-0.0536553	-0.166612	-0.253548	-0.315436	-0.344713	-0.350152	-0.350152	
0.171552	0.326417	0.46483	0.577955	0.650486	0.667292	0.622257	0.523171	0.388489	0.240488	0.0983451	-0.0264888	-0.129706	-0.21279	-0.280199	-0.336185	-0.38441	-0.426646	-0.462475	-0.490716	-0.50953	-0.516694	-0.510389	-0.48937	-0.450467	-0.386612	-0.290459	-0.156762	0.0171003	0.225473	0.452866	0.679539	0.883653	1.04603	1.15775	1.21418	1.20814	1.14158	1.02968	0.882431	0.700864	0.498636	0.304479	0.135493	-0.0132618	-0.147414	-0.257714	-0.331167	-0.365511	-0.365511	
0.2602	0.404119	0.528704	0.621175	0.665804	0.652589	0.583927	0.474337	0.344389	0.213727	0.0955849	-0.0043518	-0.0863133	-0.154164	-0.212176	-0.263741	-0.310955	-0.354167	-0.393203	-0.428017	-0.45841	-0.484065	-0.503968	-0.514623	-0.508888	-0.478439	-0.416474	-0.317621	-0.179984	-0.00717732	0.194212	0.414765	0.639297	0.847349	1.01395	1.11454	1.14158	1.11173	1.04536	0.947757	0.81875	0.666115	0.499523	0.323974	0.146728	-0.0194509	-0.163074	-0.27403	-0.336986	-0.336986	
0.344893	0.470891	0.571847	0.632729	0.641077	0.594801	0.504444	0.388802	0.267924	0.157087	0.064091	-0.00982383	-0.0678417	-0.114792	-0.155135	-0.19247	-0.229097	-0.2664	-0.30546	-0.34663	-0.389229	-0.431366	-0.469335	-0.497594	-0.510574	-0.504368	-0.475625	-0.420375	-0.334256	-0.2115	-0.0462998	0.16029	0.394234	0.627605	0.825063	0.96034	1.02968	1.04536	1.02087	0.967419	0.892922	0.793811	0.658103	0.486261	0.299798	0.122184	-0.0367258	-0.167715	-0.246208	-0.246208	
0.447386	0.549722	0.617411	0.636414	0.601013	0.518114	0.404904	0.282284	0.168275	0.0740025	0.00327484	-0.0457206	-0.0780629	-0.0998371	-0.117017	-0.134776	-0.157009	-0.186316	-0.223563	-0.267523	-0.315256	-0.362674	-0.405437	-0.440474	-0.466809	-0.483936	-0.489283	-0.477024	-0.437433	-0.358038	-0.229413	-0.0520821	0.16058	0.384485	0.592365	0.762658	0.882431	0.947757	0.967419	0.959034	0.930527	0.869517	0.760515	0.608457	0.436698	0.266915	0.111891	-0.0134616	-0.0859363	-0.0859363	
0.555098	0.625603	0.651624	0.624208	0.546447	0.433091	0.304932	0.181869	0.077931	-0.000373734	-0.0529687	-0.0840389	-0.0997187	-0.106477	-0.110242	-0.115759	-0.126387	-0.143981	-0.168771	-0.199782	-0.235493	-0.274378	-0.315482	-0.358443	-0.402225	-0.443455	-0.476026	-0.491507	-0.479946	-0.432391	-0.343993	-0.214942	-0.0500356	0.141259	0.344147	0.53811	0.700864	0.81875	0.892922	0.930527	0.931725	0.890891	0.807669	0.690312	0.551115	0.405874	0.275696	0.181101	0.132937	0.132937	
0.639451	0.671756	0.654749	0.587231	0.480276	0.352866	0.225042	0.112255	0.0228087	-0.0416626	-0.0840872	-0.109537	-0.123308	-0.129906	-0.132633	-0.133679	-0.134557	-0.136525	-0.141072	-0.150297	-0.166751	-0.192861	-0.230037	-0.277438	-0.331118	-0.384546	-0.43009	-0.460346	-0.469301	-0.452964	-0.408243	-0.331297	-0.218175	-0.0681728	0.112136	0.307656	0.498636	0.666115	0.793811	0.869517	0.890891	0.868281	0.815547	0.738962	0.64165	0.537757	0.452259	0.401963	0.382953	0.382953	
0.697218	0.688967	0.633091	0.536059	0.413792	0.285317	0.166694	0.0676558	-0.00863586	-0.0637893	-0.101789	-0.12697	-0.14285	-0.151777	-0.155099	-0.153715	-0.148668	-0.141614	-0.135107	-0.132432	-0.137012	-0.151624	-0.177527	-0.213857	-0.257799	-0.305342	-0.351933	-0.392934	-0.423928	-0.440247	-0.435943	-0.403728	-0.336361	-0.228767	-0.0803401	0.102627	0.304479	0.499523	0.658103	0.760515	0.807669	0.815547	0.798859	0.763667	0.715731	0.668894	0.638901	0.629873	0.631472	0.631472	
0.730406	0.678592	0.587561	0.469453	0.341387	0.219323	0.114022	0.0300087	-0.0331574	-0.0786928	-0.110586	-0.132329	-0.146459	-0.154626	-0.157961	-0.157472	-0.154304	-0.149849	-0.145672	-0.1433	-0.144056	-0.149006	-0.159003	-0.174884	-0.197617	-0.228011	-0.266056	-0.310269	-0.357033	-0.400001	-0.430163	-0.436804	-0.408889	-0.337055	-0.21695	-0.0536553	0.135493	0.323974	0.486261	0.608457	0.690312	0.738962	0.763667	0.775643	0.786923	0.80449	0.82621	0.84477	0.854793	0.854793	
0.729658	0.631057	0.508798	0.377722	0.252845	0.144993	0.0591281	-0.00492672	-0.0505373	-0.0822365	-0.104283	-0.119971	-0.131519	-0.140276	-0.147038	-0.152297	-0.156381	-0.159494	-0.161675	-0.162807	-0.162754	-0.161631	-0.160195	-0.160234	-0.164641	-0.177026	-0.200861	-0.238151	-0.287709	-0.343761	-0.395707	-0.429388	-0.430001	-0.386511	-0.296178	-0.166612	-0.0132618	0.146728	0.299798	0.436698	0.551115	0.64165	0.715731	0.786923	0.863366	0.938802	0.998051	1.03201	1.04478	1.04478	
0.705783	0.562055	0.414313	0.276916	0.160431	0.0697811	0.00463385	-0.0388958	-0.0662756	-0.0830161	-0.0937813	-0.102054	-0.110131	-0.119267	-0.129844	-0.141529	-0.153433	-0.164296	-0.172712	-0.177434	-0.177722	-0.173686	-0.166591	-0.158986	-0.15454	-0.157546	-0.171994	-0.200217	-0.241452	-0.290955	-0.340143	-0.377996	-0.393658	-0.37937	-0.332196	-0.253548	-0.147414	-0.0194509	0.122184	0.266915	0.405874	0.537757	0.668894	0.80449	0.938802	1.05545	1.13883	1.18545	1.20392	1.20392	
0.684319	0.504613	0.339254	0.199669	0.091053	0.0130181	-0.0385747	-0.0696018	-0.0861347	-0.0935742	-0.0963392	-0.0978589	-0.100646	-0.106323	-0.11558	-0.128117	-0.142677	-0.157246	-0.169486	-0.177348	-0.179731	-0.176987	-0.171063	-0.165128	-0.162744	-0.166813	-0.178658	-0.197648	-0.221642	-0.248025	-0.274666	-0.300098	-0.322551	-0.338093	-0.33917	-0.315436	-0.257714	-0.163074	-0.0367258	0.111891	0.275696	0.452259	0.638901	0.82621	0.998051	1.13883	1.24071	1.30441	1.33451	1.33451	
0.670223	0.469609	0.297221	0.160587	0.0598252	-0.00975518	-0.0549282	-0.082518	-0.0982923	-0.106634	-0.11068	-0.112631	-0.114047	-0.116032	-0.119301	-0.124182	-0.130604	-0.138155	-0.146218	-0.154193	-0.161713	-0.168781	-0.175709	-0.182863	-0.190296	-0.197485	-0.203417	-0.207195	-0.209027	-0.211047	-0.217291	-0.232312	-0.258507	-0.293135	-0.326771	-0.344713	-0.331167	-0.27403	-0.167715	-0.0134616	0.181101	0.401963	0.629873	0.84477	1.03201	1.18545	1.30441	1.38779	1.43153	1.43153	
0.659771	0.451933	0.280097	0.148942	0.0552559	-0.00839233	-0.0504738	-0.0784427	-0.0978059	-0.112003	-0.122735	-0.130493	-0.135114	-0.136331	-0.134234	-0.129607	-0.12407	-0.119936	-0.119782	-0.125758	-0.138823	-0.158135	-0.180882	-0.202755	-0.219048	-0.226149	-0.222937	-0.211534	-0.197003	-0.186007	-0.184896	-0.197899	-0.225928	-0.266085	-0.311387	-0.350152	-0.365511	-0.336986	-0.246208	-0.0859363	0.132937	0.382953	0.631472	0.854793	1.04478	1.20392	1.33451	1.43153	1.48434	1.48434	
0.659771	0.451933	0.280097	0.148942	0.0552559	-0.00839233	-0.0504738	-0.0784427	-0.0978059	-0.112003	-0.122735	-0.130493	-0.135114	-0.136331	-0.134234	-0.129607	-0.12407	-0.119936	-0.119782	-0.125758	-0.138823	-0.158135	-0.180882	-0.202755	-0.219048	-0.226149	-0.222937	-0.211534	-0.197003	-0.186007	-0.184896	-0.197899	-0.225928	-0.266085	-0.311387	-0.350152	-0.365511	-0.336986	-0.246208	-0.0859363	0.132937	0.382953	0.631472	0.854793	1.04478	1.20392	1.33451	1.43153	1.48434	1.48434	
