0.576864	-0.72966	-0.379922	0.300291	0.436972	0.436972	
-0.72966	-0.640657	0.181604	0.4271	0.304962	0.304962	
-0.379922	0.181604	0.452533	0.305097	0.142364	0.142364	
0.300291	0.4271	0.305097	0.132547	0.0463039	0.0463039	
0.436972	0.304962	0.142364	0.0463039	0.0127741	0.0127741	
0.436972	0.304962	0.142364	0.0463039	0.0127741	0.0127741	
