3.28031	3.28031	3.2045	3.06422	2.86767	2.60891	2.31451	2.02039	1.77088	1.59221	1.51242	1.54042	1.64512	1.78387	1.91068	2.0138	2.07368	2.07836	1.99798	1.8248	1.58554	1.32389	1.0764	0.860971	0.69493	0.572598	0.475566	0.400392	0.350101	0.319699	0.312573	0.336273	0.386413	0.43427	0.4813	0.531233	0.579454	0.625874	0.682607	0.737625	0.776065	0.76459	0.695349	0.572304	0.426757	0.28564	0.160903	0.060709	0.010672	0.036214	
3.28031	3.28031	3.2045	3.06422	2.86767	2.60891	2.31451	2.02039	1.77088	1.59221	1.51242	1.54042	1.64512	1.78387	1.91068	2.0138	2.07368	2.07836	1.99798	1.8248	1.58554	1.32389	1.0764	0.860971	0.69493	0.572598	0.475566	0.400392	0.350101	0.319699	0.312573	0.336273	0.386413	0.43427	0.4813	0.531233	0.579454	0.625874	0.682607	0.737625	0.776065	0.76459	0.695349	0.572304	0.426757	0.28564	0.160903	0.060709	0.010672	0.036214	
3.2045	3.2045	3.12974	2.99243	2.79819	2.5439	2.25217	1.96075	1.71114	1.53	1.44507	1.46396	1.55878	1.68665	1.80577	1.90456	1.96603	1.97792	1.91131	1.75555	1.53586	1.29073	1.0553	0.846572	0.681382	0.558215	0.45974	0.384752	0.336262	0.306988	0.299037	0.317363	0.356013	0.390453	0.422916	0.461423	0.503737	0.550168	0.609694	0.669853	0.711075	0.701873	0.633454	0.513072	0.370405	0.235625	0.116634	0.0211863	-0.0276793	-0.00458389	
3.06422	3.06422	2.99243	2.8584	2.67051	2.42096	2.13518	1.84515	1.59333	1.40481	1.3055	1.30553	1.37667	1.48285	1.58425	1.67372	1.73609	1.76078	1.7174	1.59519	1.41058	1.1995	0.990439	0.799163	0.644828	0.525433	0.431031	0.359569	0.31286	0.284318	0.270621	0.274869	0.2925	0.299999	0.306647	0.322948	0.351076	0.392141	0.453884	0.51864	0.568076	0.567052	0.508431	0.396788	0.265415	0.13699	0.0240277	-0.068828	-0.119325	-0.102705	
2.86767	2.86767	2.79819	2.67051	2.48658	2.2452	1.96202	1.67306	1.41401	1.21161	1.09143	1.06148	1.10187	1.17692	1.25687	1.33396	1.3987	1.43815	1.4253	1.34243	1.20483	1.03763	0.867683	0.709042	0.57745	0.477091	0.396238	0.334114	0.291494	0.258061	0.232027	0.21482	0.200932	0.177144	0.150906	0.138847	0.145874	0.174806	0.229921	0.298061	0.354059	0.368233	0.326561	0.235505	0.117702	0.000686787	-0.110051	-0.204811	-0.261061	-0.249316	
2.60891	2.60891	2.5439	2.42096	2.2452	2.00917	1.73173	1.44061	1.17288	0.953915	0.808046	0.747187	0.752961	0.799266	0.859108	0.928981	0.999245	1.05867	1.07702	1.03949	0.950376	0.835038	0.713064	0.597349	0.503957	0.431597	0.373296	0.323639	0.280385	0.238573	0.194304	0.15209	0.110727	0.0573202	0.00413507	-0.0353713	-0.0531972	-0.0446634	-0.0034326	0.0569001	0.117425	0.144409	0.123827	0.0522648	-0.0472024	-0.158746	-0.268317	-0.365466	-0.423901	-0.414621	
2.31451	2.31451	2.25217	2.13518	1.96202	1.73173	1.45339	1.15814	0.876658	0.63792	0.466614	0.374574	0.352383	0.375519	0.426039	0.495905	0.579712	0.659601	0.711775	0.714462	0.675466	0.611084	0.54161	0.47822	0.429655	0.395806	0.36422	0.327341	0.283651	0.228002	0.164723	0.099946	0.0327965	-0.0402238	-0.114235	-0.173958	-0.21153	-0.220583	-0.195979	-0.144951	-0.0907908	-0.0592955	-0.0732272	-0.132311	-0.224583	-0.328733	-0.434942	-0.526748	-0.580114	-0.563043	
2.02039	2.02039	1.96075	1.84515	1.67306	1.44061	1.15814	0.851041	0.551461	0.289393	0.0911351	-0.0286779	-0.0753305	-0.0668365	-0.0197517	0.0575936	0.155399	0.257659	0.337373	0.380507	0.386975	0.376201	0.362405	0.35516	0.358458	0.36482	0.362177	0.340216	0.294856	0.23027	0.151062	0.0682238	-0.016929	-0.106601	-0.193594	-0.267115	-0.317114	-0.335951	-0.321449	-0.281604	-0.237079	-0.21573	-0.235499	-0.299713	-0.392149	-0.4963	-0.596442	-0.678077	-0.717339	-0.689281	
1.77088	1.77088	1.71114	1.59333	1.41401	1.17288	0.876658	0.551461	0.227308	-0.060527	-0.28503	-0.429334	-0.494053	-0.495086	-0.445193	-0.360589	-0.248379	-0.132026	-0.0281438	0.0457561	0.0951757	0.132682	0.171921	0.219315	0.271223	0.317912	0.346092	0.343329	0.308145	0.243513	0.160769	0.0681428	-0.0317792	-0.133052	-0.231129	-0.312243	-0.36583	-0.386818	-0.376529	-0.346609	-0.320711	-0.317714	-0.358068	-0.434742	-0.534019	-0.63747	-0.731133	-0.799315	-0.82561	-0.784221	
1.59221	1.59221	1.53	1.40481	1.21161	0.953915	0.63792	0.289393	-0.060527	-0.373454	-0.619132	-0.781875	-0.858276	-0.863086	-0.80959	-0.716903	-0.597379	-0.470199	-0.352029	-0.251691	-0.168967	-0.0913077	-0.011119	0.0778868	0.166361	0.244807	0.300698	0.324268	0.309128	0.262403	0.189897	0.101606	-0.00207642	-0.108021	-0.208514	-0.290999	-0.344977	-0.364864	-0.362241	-0.347522	-0.343995	-0.367015	-0.428205	-0.518425	-0.624203	-0.727082	-0.813668	-0.871465	-0.882533	-0.827954	
1.51242	1.51242	1.44507	1.3055	1.09143	0.808046	0.466614	0.0911351	-0.28503	-0.619132	-0.881547	-1.05566	-1.13928	-1.14563	-1.08769	-0.99148	-0.866338	-0.735286	-0.605379	-0.486681	-0.378796	-0.275689	-0.1717	-0.0611893	0.0468434	0.143335	0.221998	0.271696	0.285694	0.264757	0.216907	0.144439	0.0516681	-0.0443032	-0.135453	-0.211047	-0.261462	-0.286668	-0.295273	-0.302218	-0.324663	-0.368811	-0.44659	-0.544825	-0.651089	-0.753119	-0.835659	-0.882954	-0.882142	-0.81395	
1.54042	1.54042	1.46396	1.30553	1.06148	0.747187	0.374574	-0.0286779	-0.429334	-0.781875	-1.05566	-1.23875	-1.32807	-1.3368	-1.27852	-1.18018	-1.0541	-0.919408	-0.781812	-0.649822	-0.52783	-0.414369	-0.306487	-0.19253	-0.0829937	0.0205882	0.112736	0.185829	0.22671	0.235965	0.215691	0.17078	0.0997414	0.0258645	-0.0465559	-0.110908	-0.16113	-0.191018	-0.214734	-0.237812	-0.276021	-0.332509	-0.416865	-0.515644	-0.624338	-0.726511	-0.806654	-0.849693	-0.83763	-0.756206	
1.64512	1.64512	1.55878	1.37667	1.10187	0.752961	0.352383	-0.0753305	-0.494053	-0.858276	-1.13928	-1.32807	-1.42379	-1.43756	-1.38118	-1.28411	-1.15755	-1.02112	-0.879173	-0.740961	-0.616564	-0.50765	-0.409825	-0.307578	-0.205989	-0.106556	-0.0102426	0.0754526	0.135629	0.167711	0.177511	0.162453	0.123481	0.0786764	0.0298123	-0.0228179	-0.0711397	-0.109176	-0.140044	-0.172637	-0.21658	-0.273838	-0.355585	-0.451753	-0.556485	-0.660099	-0.744054	-0.787942	-0.774861	-0.69027	
1.78387	1.78387	1.68665	1.48285	1.17692	0.799266	0.375519	-0.0668365	-0.495086	-0.863086	-1.14563	-1.3368	-1.43756	-1.4546	-1.39926	-1.30049	-1.17179	-1.0345	-0.892108	-0.758478	-0.644435	-0.554184	-0.480348	-0.399371	-0.316849	-0.231088	-0.142459	-0.055578	0.0152145	0.0676335	0.105308	0.125144	0.118483	0.103137	0.075738	0.0348569	-0.0114525	-0.0480791	-0.0799518	-0.111546	-0.154665	-0.210908	-0.291534	-0.383489	-0.487485	-0.591475	-0.676533	-0.723777	-0.710908	-0.623282	
1.91068	1.91068	1.80577	1.58425	1.25687	0.859108	0.426039	-0.0197517	-0.445193	-0.80959	-1.08769	-1.27852	-1.38118	-1.39926	-1.34218	-1.23913	-1.10943	-0.973164	-0.839034	-0.718157	-0.624447	-0.560148	-0.513819	-0.459035	-0.399965	-0.335924	-0.266465	-0.188184	-0.115358	-0.0488431	0.0139632	0.0623373	0.0855535	0.0956453	0.0905359	0.0659662	0.0312075	0.00140072	-0.0250723	-0.0575527	-0.10408	-0.166356	-0.24942	-0.341902	-0.443092	-0.545084	-0.629853	-0.675484	-0.657299	-0.561888	
2.0138	2.0138	1.90456	1.67372	1.33396	0.928981	0.495905	0.0575936	-0.360589	-0.716903	-0.99148	-1.18018	-1.28411	-1.30049	-1.23913	-1.13234	-1.00226	-0.873694	-0.752477	-0.651468	-0.581071	-0.543132	-0.523604	-0.494561	-0.459959	-0.421635	-0.372836	-0.307202	-0.232885	-0.156247	-0.0770725	-0.0108238	0.028955	0.0555845	0.0687497	0.0625017	0.0439846	0.0262718	0.0070223	-0.0245642	-0.0771151	-0.147922	-0.240183	-0.338973	-0.442916	-0.544493	-0.62314	-0.655945	-0.618716	-0.503013	
2.07368	2.07368	1.96603	1.73609	1.3987	0.999245	0.579712	0.155399	-0.248379	-0.597379	-0.866338	-1.0541	-1.15755	-1.17179	-1.10943	-1.00226	-0.881214	-0.765691	-0.663728	-0.582868	-0.532571	-0.514758	-0.514373	-0.504193	-0.48927	-0.469413	-0.438892	-0.38185	-0.31095	-0.232722	-0.153413	-0.0870601	-0.0439969	-0.00965631	0.0191195	0.0324348	0.0299251	0.0249915	0.0128118	-0.0182287	-0.0728979	-0.152757	-0.253256	-0.358372	-0.465342	-0.563259	-0.630541	-0.64684	-0.588256	-0.451751	
2.07836	2.07836	1.97792	1.76078	1.43815	1.05867	0.659601	0.257659	-0.132026	-0.470199	-0.735286	-0.919408	-1.02112	-1.0345	-0.973164	-0.873694	-0.765691	-0.667732	-0.583421	-0.518282	-0.481974	-0.477275	-0.48916	-0.492739	-0.488511	-0.481266	-0.460055	-0.412756	-0.348191	-0.28122	-0.214809	-0.161132	-0.124074	-0.0873419	-0.0480605	-0.0219605	-0.0107619	-0.0068368	-0.00974714	-0.0319103	-0.0843191	-0.165134	-0.269653	-0.380385	-0.486067	-0.577153	-0.634471	-0.635982	-0.562948	-0.418263	
1.99798	1.99798	1.91131	1.7174	1.4253	1.07702	0.711775	0.337373	-0.0281438	-0.352029	-0.605379	-0.781812	-0.879173	-0.892108	-0.839034	-0.752477	-0.663728	-0.583421	-0.513646	-0.460118	-0.432634	-0.436747	-0.455786	-0.464864	-0.463948	-0.45921	-0.44569	-0.409221	-0.362252	-0.314835	-0.271078	-0.234614	-0.204448	-0.167857	-0.121894	-0.085067	-0.0656027	-0.050843	-0.0421531	-0.0548605	-0.0974987	-0.176436	-0.280019	-0.386373	-0.485589	-0.569252	-0.61865	-0.618129	-0.547577	-0.404351	
1.8248	1.8248	1.75555	1.59519	1.34243	1.03949	0.714462	0.380507	0.0457561	-0.251691	-0.486681	-0.649822	-0.740961	-0.758478	-0.718157	-0.651468	-0.582868	-0.518282	-0.460118	-0.414612	-0.395297	-0.405776	-0.426992	-0.435505	-0.42983	-0.425193	-0.418813	-0.400944	-0.37537	-0.351203	-0.327317	-0.303144	-0.27803	-0.239865	-0.189285	-0.146971	-0.118965	-0.0975087	-0.0818225	-0.0828789	-0.118388	-0.188363	-0.280542	-0.37713	-0.465355	-0.54128	-0.593228	-0.59891	-0.535982	-0.403829	
1.58554	1.58554	1.53586	1.41058	1.20483	0.950376	0.675466	0.386975	0.0951757	-0.168967	-0.378796	-0.52783	-0.616564	-0.644435	-0.624447	-0.581071	-0.532571	-0.481974	-0.432634	-0.395297	-0.382715	-0.396418	-0.413435	-0.414234	-0.400505	-0.395509	-0.400637	-0.402783	-0.399072	-0.39119	-0.378924	-0.361899	-0.336644	-0.297352	-0.24427	-0.197659	-0.168208	-0.146702	-0.128726	-0.125349	-0.148059	-0.202732	-0.279019	-0.360007	-0.436906	-0.508424	-0.558763	-0.56539	-0.508647	-0.382827	
1.32389	1.32389	1.29073	1.1995	1.03763	0.835038	0.611084	0.376201	0.132682	-0.0913077	-0.275689	-0.414369	-0.50765	-0.554184	-0.560148	-0.543132	-0.514758	-0.477275	-0.436747	-0.405776	-0.396418	-0.404885	-0.408853	-0.394517	-0.370309	-0.365888	-0.381223	-0.401533	-0.412937	-0.414414	-0.40991	-0.39585	-0.372023	-0.330443	-0.275797	-0.230702	-0.205731	-0.191249	-0.17956	-0.169351	-0.179123	-0.216051	-0.274012	-0.341042	-0.404785	-0.461486	-0.498383	-0.494029	-0.432785	-0.31623	
1.0764	1.0764	1.0553	0.990439	0.867683	0.713064	0.54161	0.362405	0.171921	-0.011119	-0.1717	-0.306487	-0.409825	-0.480348	-0.513819	-0.523604	-0.514373	-0.48916	-0.455786	-0.426992	-0.413435	-0.408853	-0.393423	-0.362501	-0.329752	-0.325255	-0.347602	-0.377218	-0.395698	-0.400771	-0.398124	-0.386332	-0.361709	-0.318946	-0.269444	-0.234711	-0.224319	-0.22429	-0.217697	-0.200319	-0.194906	-0.213874	-0.257687	-0.310131	-0.354896	-0.3866	-0.397287	-0.369768	-0.30034	-0.190105	
0.860971	0.860971	0.846572	0.799163	0.709042	0.597349	0.47822	0.35516	0.219315	0.0778868	-0.0611893	-0.19253	-0.307578	-0.399371	-0.459035	-0.494561	-0.504193	-0.492739	-0.464864	-0.435505	-0.414234	-0.394517	-0.362501	-0.318872	-0.279517	-0.273431	-0.293951	-0.325575	-0.345933	-0.351162	-0.349236	-0.336695	-0.310099	-0.268564	-0.227404	-0.20783	-0.213194	-0.224276	-0.221996	-0.201301	-0.188016	-0.198681	-0.231238	-0.264612	-0.278832	-0.273196	-0.245824	-0.190204	-0.109683	-0.00483037	
0.69493	0.69493	0.681382	0.644828	0.57745	0.503957	0.429655	0.358458	0.271223	0.166361	0.0468434	-0.0829937	-0.205989	-0.316849	-0.399965	-0.459959	-0.48927	-0.488511	-0.463948	-0.42983	-0.400505	-0.370309	-0.329752	-0.279517	-0.238611	-0.227974	-0.245934	-0.277008	-0.299413	-0.304245	-0.298745	-0.279733	-0.249933	-0.206876	-0.174219	-0.166423	-0.182174	-0.2012	-0.207532	-0.190425	-0.179575	-0.18492	-0.203513	-0.212064	-0.193297	-0.147465	-0.0829492	0.00234848	0.101767	0.21196	
0.572598	0.572598	0.558215	0.525433	0.477091	0.431597	0.395806	0.36482	0.317912	0.244807	0.143335	0.0205882	-0.106556	-0.231088	-0.335924	-0.421635	-0.469413	-0.481266	-0.45921	-0.425193	-0.395509	-0.365888	-0.325255	-0.273431	-0.227974	-0.211938	-0.22352	-0.254396	-0.278877	-0.284367	-0.27414	-0.253343	-0.221074	-0.179314	-0.149	-0.143481	-0.160582	-0.185035	-0.198402	-0.19117	-0.181887	-0.178862	-0.182244	-0.167676	-0.118712	-0.0396579	0.0610282	0.181105	0.303528	0.424596	
0.475566	0.475566	0.45974	0.431031	0.396238	0.373296	0.36422	0.362177	0.346092	0.300698	0.221998	0.112736	-0.0102426	-0.142459	-0.266465	-0.372836	-0.438892	-0.460055	-0.44569	-0.418813	-0.400637	-0.381223	-0.347602	-0.293951	-0.245934	-0.22352	-0.232559	-0.263337	-0.291942	-0.298464	-0.288688	-0.266525	-0.234871	-0.189007	-0.153621	-0.145781	-0.165337	-0.196283	-0.220758	-0.216912	-0.199271	-0.180005	-0.160483	-0.12229	-0.0493752	0.0580566	0.189674	0.333371	0.473755	0.601456	
0.400392	0.400392	0.384752	0.359569	0.334114	0.323639	0.327341	0.340216	0.343329	0.324268	0.271696	0.185829	0.0754526	-0.055578	-0.188184	-0.307202	-0.38185	-0.412756	-0.409221	-0.400944	-0.402783	-0.401533	-0.377218	-0.325575	-0.277008	-0.254396	-0.263337	-0.296943	-0.330615	-0.345294	-0.338738	-0.31912	-0.283395	-0.228114	-0.185037	-0.176219	-0.201459	-0.240871	-0.266946	-0.256395	-0.222487	-0.178464	-0.135893	-0.0740076	0.0237876	0.157039	0.312016	0.473825	0.620308	0.74116	
0.350101	0.350101	0.336262	0.31286	0.291494	0.280385	0.283651	0.294856	0.308145	0.309128	0.285694	0.22671	0.135629	0.0152145	-0.115358	-0.232885	-0.31095	-0.348191	-0.362252	-0.37537	-0.399072	-0.412937	-0.395698	-0.345933	-0.299413	-0.278877	-0.291942	-0.330615	-0.378156	-0.408013	-0.411092	-0.392067	-0.346765	-0.281359	-0.230821	-0.224633	-0.254993	-0.29422	-0.312489	-0.290674	-0.236897	-0.173965	-0.107429	-0.0218017	0.0989784	0.253075	0.425469	0.592133	0.732592	0.835932	
0.319699	0.319699	0.306988	0.284318	0.258061	0.238573	0.228002	0.23027	0.243513	0.262403	0.264757	0.235965	0.167711	0.0676335	-0.0488431	-0.156247	-0.232722	-0.28122	-0.314835	-0.351203	-0.39119	-0.414414	-0.400771	-0.351162	-0.304245	-0.284367	-0.298464	-0.345294	-0.408013	-0.455003	-0.465633	-0.440994	-0.387869	-0.317166	-0.268533	-0.26772	-0.299687	-0.331846	-0.338834	-0.303156	-0.234935	-0.152388	-0.0649725	0.0392273	0.174	0.335531	0.51019	0.669145	0.793814	0.869506	
0.312573	0.312573	0.299037	0.270621	0.232027	0.194304	0.164723	0.151062	0.160769	0.189897	0.216907	0.215691	0.177511	0.105308	0.0139632	-0.0770725	-0.153413	-0.214809	-0.271078	-0.327317	-0.378924	-0.40991	-0.398124	-0.349236	-0.298745	-0.27414	-0.288688	-0.338738	-0.411092	-0.465633	-0.471921	-0.439763	-0.380698	-0.314319	-0.272595	-0.276486	-0.307765	-0.334977	-0.333869	-0.292141	-0.213442	-0.117248	-0.0143489	0.10201	0.240944	0.401466	0.564836	0.703503	0.798046	0.840155	
0.336273	0.336273	0.317363	0.274869	0.21482	0.15209	0.099946	0.0682238	0.0681428	0.101606	0.144439	0.17078	0.162453	0.125144	0.0623373	-0.0108238	-0.0870601	-0.161132	-0.234614	-0.303144	-0.361899	-0.39585	-0.386332	-0.336695	-0.279733	-0.253343	-0.266525	-0.31912	-0.392067	-0.440994	-0.439763	-0.397551	-0.335901	-0.27382	-0.233057	-0.237573	-0.26983	-0.298019	-0.299143	-0.259151	-0.178143	-0.077334	0.0344869	0.155819	0.295313	0.442485	0.584151	0.689842	0.748766	0.756624	
0.386413	0.386413	0.356013	0.2925	0.200932	0.110727	0.0327965	-0.016929	-0.0317792	-0.00207642	0.0516681	0.0997414	0.123481	0.118483	0.0855535	0.028955	-0.0439969	-0.124074	-0.204448	-0.27803	-0.336644	-0.372023	-0.361709	-0.310099	-0.249933	-0.221074	-0.234871	-0.283395	-0.346765	-0.387869	-0.380698	-0.335901	-0.276069	-0.213273	-0.172562	-0.175379	-0.2091	-0.239708	-0.2429	-0.203433	-0.127662	-0.0281881	0.0821263	0.200828	0.325759	0.449734	0.556307	0.626724	0.653165	0.63306	
0.43427	0.43427	0.390453	0.299999	0.177144	0.0573202	-0.0402238	-0.106601	-0.133052	-0.108021	-0.0443032	0.0258645	0.0786764	0.103137	0.0956453	0.0555845	-0.00965631	-0.0873419	-0.167857	-0.239865	-0.297352	-0.330443	-0.318946	-0.268564	-0.206876	-0.179314	-0.189007	-0.228114	-0.281359	-0.317166	-0.314319	-0.27382	-0.213273	-0.151334	-0.109358	-0.112332	-0.147243	-0.176494	-0.176877	-0.138007	-0.0634072	0.0341865	0.142612	0.250997	0.35279	0.43885	0.502737	0.535069	0.524517	0.471014	
0.4813	0.4813	0.422916	0.306647	0.150906	0.00413507	-0.114235	-0.193594	-0.231129	-0.208514	-0.135453	-0.0465559	0.0298123	0.075738	0.0905359	0.0687497	0.0191195	-0.0480605	-0.121894	-0.189285	-0.24427	-0.275797	-0.269444	-0.227404	-0.174219	-0.149	-0.153621	-0.185037	-0.230821	-0.268533	-0.272595	-0.233057	-0.172562	-0.109358	-0.0707315	-0.0754301	-0.107369	-0.132322	-0.127951	-0.0823296	-0.00518733	0.0946186	0.198911	0.291466	0.365057	0.414124	0.436405	0.425611	0.371331	0.278551	
0.531233	0.531233	0.461423	0.322948	0.138847	-0.0353713	-0.173958	-0.267115	-0.312243	-0.290999	-0.211047	-0.110908	-0.0228179	0.0348569	0.0659662	0.0625017	0.0324348	-0.0219605	-0.085067	-0.146971	-0.197659	-0.230702	-0.234711	-0.20783	-0.166423	-0.143481	-0.145781	-0.176219	-0.224633	-0.26772	-0.276486	-0.237573	-0.175379	-0.112332	-0.0754301	-0.0742638	-0.0989557	-0.114397	-0.100841	-0.0462891	0.0347336	0.13169	0.221794	0.296743	0.346097	0.364646	0.346701	0.292544	0.194371	0.0674732	
0.579454	0.579454	0.503737	0.351076	0.145874	-0.0531972	-0.21153	-0.317114	-0.36583	-0.344977	-0.261462	-0.16113	-0.0711397	-0.0114525	0.0312075	0.0439846	0.0299251	-0.0107619	-0.0656027	-0.118965	-0.168208	-0.205731	-0.224319	-0.213194	-0.182174	-0.160582	-0.165337	-0.201459	-0.254993	-0.299687	-0.307765	-0.26983	-0.2091	-0.147243	-0.107369	-0.0989557	-0.109824	-0.112482	-0.084489	-0.019499	0.0600523	0.142258	0.213722	0.268073	0.295342	0.282642	0.223453	0.130671	0.00286221	-0.13924	
0.625874	0.625874	0.550168	0.392141	0.174806	-0.0446634	-0.220583	-0.335951	-0.386818	-0.364864	-0.286668	-0.191018	-0.109176	-0.0480791	0.00140072	0.0262718	0.0249915	-0.0068368	-0.050843	-0.0975087	-0.146702	-0.191249	-0.22429	-0.224276	-0.2012	-0.185035	-0.196283	-0.240871	-0.29422	-0.331846	-0.334977	-0.298019	-0.239708	-0.176494	-0.132322	-0.114397	-0.112482	-0.0998527	-0.0592128	0.00717301	0.0767101	0.141163	0.193113	0.22855	0.231474	0.182354	0.0901719	-0.0289901	-0.167401	-0.31068	
0.682607	0.682607	0.609694	0.453884	0.229921	-0.0034326	-0.195979	-0.321449	-0.376529	-0.362241	-0.295273	-0.214734	-0.140044	-0.0799518	-0.0250723	0.0070223	0.0128118	-0.00974714	-0.0421531	-0.0818225	-0.128726	-0.17956	-0.217697	-0.221996	-0.207532	-0.198402	-0.220758	-0.266946	-0.312489	-0.338834	-0.333869	-0.299143	-0.2429	-0.176877	-0.127951	-0.100841	-0.084489	-0.0592128	-0.0165453	0.0410972	0.0937175	0.139126	0.170293	0.182391	0.156958	0.0876603	-0.0202989	-0.145602	-0.282612	-0.41975	
0.737625	0.737625	0.669853	0.51864	0.298061	0.0569001	-0.144951	-0.281604	-0.346609	-0.347522	-0.302218	-0.237812	-0.172637	-0.111546	-0.0575527	-0.0245642	-0.0182287	-0.0319103	-0.0548605	-0.0828789	-0.125349	-0.169351	-0.200319	-0.201301	-0.190425	-0.19117	-0.216912	-0.256395	-0.290674	-0.303156	-0.292141	-0.259151	-0.203433	-0.138007	-0.0823296	-0.0462891	-0.019499	0.00717301	0.0410972	0.0800393	0.11704	0.140744	0.146417	0.129926	0.0904546	0.0144978	-0.0887381	-0.210675	-0.339315	-0.461967	
0.776065	0.776065	0.711075	0.568076	0.354059	0.117425	-0.0907908	-0.237079	-0.320711	-0.343995	-0.324663	-0.276021	-0.21658	-0.154665	-0.10408	-0.0771151	-0.0728979	-0.0843191	-0.0974987	-0.118388	-0.148059	-0.179123	-0.194906	-0.188016	-0.179575	-0.181887	-0.199271	-0.222487	-0.236897	-0.234935	-0.213442	-0.178143	-0.127662	-0.0634072	-0.00518733	0.0347336	0.0600523	0.0767101	0.0937175	0.11704	0.134907	0.132679	0.107646	0.0731817	0.0303803	-0.0341754	-0.124328	-0.237358	-0.348039	-0.444344	
0.76459	0.76459	0.701873	0.567052	0.368233	0.144409	-0.0592955	-0.21573	-0.317714	-0.367015	-0.368811	-0.332509	-0.273838	-0.210908	-0.166356	-0.147922	-0.152757	-0.165134	-0.176436	-0.188363	-0.202732	-0.216051	-0.213874	-0.198681	-0.18492	-0.178862	-0.180005	-0.178464	-0.173965	-0.152388	-0.117248	-0.077334	-0.0281881	0.0341865	0.0946186	0.13169	0.142258	0.141163	0.139126	0.140744	0.132679	0.100658	0.0555199	0.0169161	-0.0164515	-0.0652201	-0.14136	-0.23813	-0.327424	-0.399426	
0.695349	0.695349	0.633454	0.508431	0.326561	0.123827	-0.0732272	-0.235499	-0.358068	-0.428205	-0.44659	-0.416865	-0.355585	-0.291534	-0.24942	-0.240183	-0.253256	-0.269653	-0.280019	-0.280542	-0.279019	-0.274012	-0.257687	-0.231238	-0.203513	-0.182244	-0.160483	-0.135893	-0.107429	-0.0649725	-0.0143489	0.0344869	0.0821263	0.142612	0.198911	0.221794	0.213722	0.193113	0.170293	0.146417	0.107646	0.0555199	0.00278894	-0.0335679	-0.0582102	-0.0928614	-0.150505	-0.228326	-0.302406	-0.357665	
0.572304	0.572304	0.513072	0.396788	0.235505	0.0522648	-0.132311	-0.299713	-0.434742	-0.518425	-0.544825	-0.515644	-0.451753	-0.383489	-0.341902	-0.338973	-0.358372	-0.380385	-0.386373	-0.37713	-0.360007	-0.341042	-0.310131	-0.264612	-0.212064	-0.167676	-0.12229	-0.0740076	-0.0218017	0.0392273	0.10201	0.155819	0.200828	0.250997	0.291466	0.296743	0.268073	0.22855	0.182391	0.129926	0.0731817	0.0169161	-0.0335679	-0.0645523	-0.0827628	-0.103434	-0.144839	-0.212887	-0.282462	-0.328749	
0.426757	0.426757	0.370405	0.265415	0.117702	-0.0472024	-0.224583	-0.392149	-0.534019	-0.624203	-0.651089	-0.624338	-0.556485	-0.487485	-0.443092	-0.442916	-0.465342	-0.486067	-0.485589	-0.465355	-0.436906	-0.404785	-0.354896	-0.278832	-0.193297	-0.118712	-0.0493752	0.0237876	0.0989784	0.174	0.240944	0.295313	0.325759	0.35279	0.365057	0.346097	0.295342	0.231474	0.156958	0.0904546	0.0303803	-0.0164515	-0.0582102	-0.0827628	-0.0924399	-0.0981797	-0.133484	-0.19694	-0.267921	-0.313072	
0.28564	0.28564	0.235625	0.13699	0.000686787	-0.158746	-0.328733	-0.4963	-0.63747	-0.727082	-0.753119	-0.726511	-0.660099	-0.591475	-0.545084	-0.544493	-0.563259	-0.577153	-0.569252	-0.54128	-0.508424	-0.461486	-0.3866	-0.273196	-0.147465	-0.0396579	0.0580566	0.157039	0.253075	0.335531	0.401466	0.442485	0.449734	0.43885	0.414124	0.364646	0.282642	0.182354	0.0876603	0.0144978	-0.0341754	-0.0652201	-0.0928614	-0.103434	-0.0981797	-0.099852	-0.131594	-0.192204	-0.266536	-0.310104	
0.160903	0.160903	0.116634	0.0240277	-0.110051	-0.268317	-0.434942	-0.596442	-0.731133	-0.813668	-0.835659	-0.806654	-0.744054	-0.676533	-0.629853	-0.62314	-0.630541	-0.634471	-0.61865	-0.593228	-0.558763	-0.498383	-0.397287	-0.245824	-0.0829492	0.0610282	0.189674	0.312016	0.425469	0.51019	0.564836	0.584151	0.556307	0.502737	0.436405	0.346701	0.223453	0.0901719	-0.0202989	-0.0887381	-0.124328	-0.14136	-0.150505	-0.144839	-0.133484	-0.131594	-0.15569	-0.210079	-0.277347	-0.315911	
0.060709	0.060709	0.0211863	-0.068828	-0.204811	-0.365466	-0.526748	-0.678077	-0.799315	-0.871465	-0.882954	-0.849693	-0.787942	-0.723777	-0.675484	-0.655945	-0.64684	-0.635982	-0.618129	-0.59891	-0.56539	-0.494029	-0.369768	-0.190204	0.00234848	0.181105	0.333371	0.473825	0.592133	0.669145	0.703503	0.689842	0.626724	0.535069	0.425611	0.292544	0.130671	-0.0289901	-0.145602	-0.210675	-0.237358	-0.23813	-0.228326	-0.212887	-0.19694	-0.192204	-0.210079	-0.253065	-0.307902	-0.337587	
0.010672	0.010672	-0.0276793	-0.119325	-0.261061	-0.423901	-0.580114	-0.717339	-0.82561	-0.882533	-0.882142	-0.83763	-0.774861	-0.710908	-0.657299	-0.618716	-0.588256	-0.562948	-0.547577	-0.535982	-0.508647	-0.432785	-0.30034	-0.109683	0.101767	0.303528	0.473755	0.620308	0.732592	0.793814	0.798046	0.748766	0.653165	0.524517	0.371331	0.194371	0.00286221	-0.167401	-0.282612	-0.339315	-0.348039	-0.327424	-0.302406	-0.282462	-0.267921	-0.266536	-0.277347	-0.307902	-0.342709	-0.363295	
0.036214	0.036214	-0.00458389	-0.102705	-0.249316	-0.414621	-0.563043	-0.689281	-0.784221	-0.827954	-0.81395	-0.756206	-0.69027	-0.623282	-0.561888	-0.503013	-0.451751	-0.418263	-0.404351	-0.403829	-0.382827	-0.31623	-0.190105	-0.00483037	0.21196	0.424596	0.601456	0.74116	0.835932	0.869506	0.840155	0.756624	0.63306	0.471014	0.278551	0.0674732	-0.13924	-0.31068	-0.41975	-0.461967	-0.444344	-0.399426	-0.357665	-0.328749	-0.313072	-0.310104	-0.315911	-0.337587	-0.363295	-0.390554	
