-0.51938	-0.625066	-0.717795	-0.783716	-0.804	-0.788141	-0.753887	-0.710923	-0.669221	-0.646319	-0.620783	-0.569227	-0.47912	-0.339994	-0.172074	0.00773603	0.180981	0.33374	0.445502	0.502903	0.497269	0.439303	0.345518	0.230729	0.116528	0.0241458	-0.0361421	-0.060253	-0.0517801	-0.0292534	-0.0167159	-0.0381348	-0.101193	-0.196618	-0.318106	-0.433942	-0.510601	-0.539511	-0.517632	-0.452023	-0.336777	-0.178129	0.00941634	0.203694	0.381043	0.534424	0.650496	0.724823	0.756661	0.756661	
-0.625066	-0.682647	-0.734263	-0.757456	-0.74636	-0.719633	-0.679852	-0.636463	-0.605849	-0.587898	-0.57018	-0.531447	-0.44678	-0.309778	-0.13588	0.0572642	0.241945	0.404558	0.53123	0.601722	0.609665	0.552153	0.448208	0.328305	0.214027	0.126281	0.0724193	0.0529932	0.066462	0.0859935	0.0809187	0.0438902	-0.0255619	-0.127191	-0.255371	-0.38516	-0.49058	-0.54649	-0.554927	-0.523947	-0.434723	-0.29692	-0.125177	0.0537127	0.217763	0.360872	0.461819	0.519464	0.542417	0.542417	
-0.717795	-0.734263	-0.735641	-0.716324	-0.68271	-0.640902	-0.592163	-0.554812	-0.536094	-0.531195	-0.522987	-0.491444	-0.420964	-0.296991	-0.12839	0.0648891	0.261765	0.433076	0.567497	0.650992	0.668189	0.618638	0.523481	0.407275	0.300362	0.216872	0.159482	0.143792	0.155557	0.171658	0.164391	0.120576	0.0470356	-0.0582604	-0.191862	-0.334259	-0.460816	-0.546546	-0.585356	-0.576695	-0.507231	-0.383513	-0.226786	-0.0605168	0.0864074	0.206613	0.292544	0.33029	0.342919	0.342919	
-0.783716	-0.757456	-0.716324	-0.667627	-0.614889	-0.557707	-0.504331	-0.472312	-0.461334	-0.458344	-0.451796	-0.428785	-0.376401	-0.280869	-0.133641	0.050604	0.246553	0.418295	0.549572	0.63231	0.660822	0.630493	0.55291	0.449834	0.351045	0.273697	0.218378	0.198801	0.210447	0.225625	0.212408	0.160366	0.083733	-0.0172208	-0.148864	-0.298162	-0.437005	-0.538608	-0.602364	-0.614685	-0.558653	-0.439334	-0.286096	-0.129899	0.0038034	0.103921	0.167221	0.181783	0.186209	0.186209	
-0.804	-0.74636	-0.68271	-0.614889	-0.54563	-0.481184	-0.427589	-0.392007	-0.372256	-0.362355	-0.355879	-0.345695	-0.315377	-0.251833	-0.13424	0.0262938	0.203365	0.359179	0.477614	0.555205	0.593991	0.583808	0.526487	0.44198	0.358138	0.28868	0.240126	0.226126	0.238915	0.249256	0.226651	0.170498	0.0922063	-0.0106174	-0.141128	-0.286674	-0.428263	-0.536152	-0.606112	-0.625806	-0.577364	-0.465954	-0.315847	-0.16485	-0.0419514	0.0419178	0.0891593	0.0937333	0.0881971	0.0881971	
-0.788141	-0.719633	-0.640902	-0.557707	-0.481184	-0.416733	-0.360977	-0.315942	-0.281589	-0.265546	-0.261921	-0.259034	-0.245193	-0.2062	-0.118308	0.0063921	0.15084	0.282792	0.382017	0.449368	0.490843	0.496351	0.462538	0.400706	0.331983	0.272586	0.231396	0.221291	0.230922	0.239378	0.217502	0.159753	0.0795863	-0.0250053	-0.155828	-0.299928	-0.431956	-0.53279	-0.599622	-0.616752	-0.570876	-0.459862	-0.316586	-0.176269	-0.0624446	0.00820112	0.0448891	0.0448849	0.0391898	0.0391898	
-0.753887	-0.679852	-0.592163	-0.504331	-0.427589	-0.360977	-0.299461	-0.246873	-0.204878	-0.183838	-0.177022	-0.174978	-0.169915	-0.145149	-0.0825336	0.00982778	0.120836	0.225502	0.300439	0.352231	0.388672	0.40303	0.387171	0.341698	0.281882	0.225846	0.188455	0.177811	0.190101	0.198211	0.175512	0.120615	0.0433334	-0.055327	-0.179096	-0.312724	-0.430486	-0.515637	-0.569652	-0.582219	-0.542505	-0.441567	-0.303676	-0.169459	-0.0626201	-0.000723681	0.0227391	0.0144194	0.00386632	0.00386632	
-0.710923	-0.636463	-0.554812	-0.472312	-0.392007	-0.315942	-0.246873	-0.191128	-0.147169	-0.115351	-0.103482	-0.101444	-0.0979964	-0.0807576	-0.0317051	0.0388823	0.117719	0.190429	0.243609	0.279349	0.308799	0.323248	0.310357	0.271097	0.212862	0.155096	0.119758	0.111524	0.123212	0.127283	0.102789	0.0556356	-0.00748623	-0.0954025	-0.204611	-0.316749	-0.415244	-0.480612	-0.52106	-0.528228	-0.488545	-0.402365	-0.280346	-0.158673	-0.0610301	-0.00677209	0.00851791	0.00341469	-0.0108534	-0.0108534	
-0.669221	-0.605849	-0.536094	-0.461334	-0.372256	-0.281589	-0.204878	-0.147169	-0.0938385	-0.0556352	-0.0408117	-0.0336045	-0.0325147	-0.015554	0.0258838	0.0752848	0.12124	0.162806	0.192087	0.21261	0.229053	0.235409	0.221631	0.182327	0.127757	0.0721393	0.0383734	0.0301263	0.033742	0.0331855	0.0170981	-0.015468	-0.0622593	-0.130079	-0.219703	-0.313189	-0.386656	-0.430442	-0.451292	-0.450503	-0.422457	-0.354251	-0.255051	-0.150957	-0.0615878	-0.00741516	0.0107569	0.0086634	0.00105968	0.00105968	
-0.646319	-0.587898	-0.531195	-0.458344	-0.362355	-0.265546	-0.183838	-0.115351	-0.0556352	-0.00735373	0.017808	0.031508	0.0344004	0.045139	0.0738244	0.101305	0.11838	0.130002	0.132531	0.130308	0.130702	0.12564	0.106737	0.0753644	0.0282771	-0.0230042	-0.054485	-0.0661967	-0.0632921	-0.0645045	-0.0767306	-0.0966815	-0.120369	-0.16228	-0.223597	-0.28614	-0.334365	-0.355346	-0.36381	-0.359675	-0.341113	-0.299594	-0.225377	-0.137978	-0.0540799	0.00278219	0.0241074	0.0268649	0.0202385	0.0202385	
-0.620783	-0.57018	-0.522987	-0.451796	-0.355879	-0.261921	-0.177022	-0.103482	-0.0408117	0.017808	0.0567584	0.0800725	0.083732	0.0881306	0.0991965	0.105055	0.0968283	0.0720575	0.0409533	0.0148929	-0.000649407	-0.0126593	-0.0255883	-0.0484401	-0.084449	-0.125355	-0.148421	-0.15463	-0.157057	-0.160098	-0.164263	-0.165466	-0.163605	-0.179519	-0.210192	-0.238645	-0.260371	-0.264625	-0.26414	-0.263504	-0.256765	-0.23713	-0.190986	-0.123175	-0.0485821	0.00931897	0.0411161	0.0564134	0.0567869	0.0567869	
-0.569227	-0.531447	-0.491444	-0.428785	-0.345695	-0.259034	-0.174978	-0.101444	-0.0336045	0.031508	0.0800725	0.106219	0.112533	0.106544	0.0988387	0.0832457	0.0429562	-0.0183731	-0.0819145	-0.131337	-0.163017	-0.178373	-0.185287	-0.194529	-0.212506	-0.231477	-0.238163	-0.236569	-0.230158	-0.224663	-0.21711	-0.199492	-0.177323	-0.166747	-0.168475	-0.174739	-0.176232	-0.169909	-0.165546	-0.166832	-0.176478	-0.179312	-0.160357	-0.114197	-0.0473011	0.0158205	0.059427	0.082198	0.0925723	0.0925723	
-0.47912	-0.44678	-0.420964	-0.376401	-0.315377	-0.245193	-0.169915	-0.0979964	-0.0325147	0.0344004	0.083732	0.112533	0.122307	0.111783	0.0863778	0.0401548	-0.0372043	-0.140065	-0.238195	-0.316819	-0.364599	-0.37486	-0.361396	-0.344333	-0.328643	-0.318741	-0.309294	-0.290545	-0.270145	-0.251785	-0.225965	-0.189102	-0.150271	-0.123036	-0.105061	-0.0927937	-0.083977	-0.0767986	-0.0831374	-0.0976898	-0.119676	-0.141632	-0.141836	-0.110808	-0.0528269	0.0128725	0.0698977	0.107529	0.126595	0.126595	
-0.339994	-0.309778	-0.296991	-0.280869	-0.251833	-0.2062	-0.145149	-0.0807576	-0.015554	0.045139	0.0881306	0.106544	0.111783	0.0903221	0.0398766	-0.0403473	-0.157018	-0.294193	-0.426123	-0.532823	-0.590136	-0.5895	-0.552663	-0.497567	-0.441357	-0.397836	-0.353175	-0.302872	-0.25868	-0.218959	-0.174172	-0.123606	-0.0766491	-0.03913	-0.0141966	0.00304117	0.0129262	0.00497527	-0.0222503	-0.06053	-0.104619	-0.140924	-0.154314	-0.130348	-0.0701015	0.00414058	0.0770022	0.131067	0.159451	0.159451	
-0.172074	-0.13588	-0.12839	-0.133641	-0.13424	-0.118308	-0.0825336	-0.0317051	0.0258838	0.0738244	0.0991965	0.0988387	0.0863778	0.0398766	-0.0454683	-0.168261	-0.323781	-0.494298	-0.653028	-0.771882	-0.829711	-0.820845	-0.758812	-0.662467	-0.559616	-0.46565	-0.374717	-0.285351	-0.203359	-0.126815	-0.0594072	-0.000103191	0.0499211	0.0896903	0.115267	0.123879	0.116896	0.0794858	0.020118	-0.0460255	-0.116822	-0.167582	-0.189408	-0.175007	-0.11425	-0.0265406	0.0655579	0.139697	0.183663	0.183663	
0.00773603	0.0572642	0.0648891	0.050604	0.0262938	0.0063921	0.00982778	0.0388823	0.0752848	0.101305	0.105055	0.0832457	0.0401548	-0.0403473	-0.168261	-0.337377	-0.535234	-0.736415	-0.905189	-1.02008	-1.07268	-1.04949	-0.955544	-0.818173	-0.665606	-0.518192	-0.376832	-0.241457	-0.112859	0.00115945	0.0912891	0.163125	0.215943	0.247072	0.261105	0.259947	0.231912	0.167946	0.0730133	-0.0338387	-0.131639	-0.204946	-0.242546	-0.231308	-0.170787	-0.080468	0.0239737	0.113611	0.161861	0.161861	
0.180981	0.241945	0.261765	0.246553	0.203365	0.15084	0.120836	0.117719	0.12124	0.11838	0.0968283	0.0429562	-0.0372043	-0.157018	-0.323781	-0.535234	-0.770199	-0.985921	-1.14982	-1.25338	-1.28921	-1.24234	-1.12271	-0.949245	-0.748565	-0.549783	-0.363422	-0.184287	-0.0088841	0.14375	0.257755	0.338402	0.387235	0.414065	0.426696	0.410155	0.357668	0.262884	0.130232	-0.0128479	-0.142841	-0.238421	-0.290109	-0.292365	-0.241231	-0.151036	-0.0465185	0.0443404	0.098001	0.098001	
0.33374	0.404558	0.433076	0.418295	0.359179	0.282792	0.225502	0.190429	0.162806	0.130002	0.0720575	-0.0183731	-0.140065	-0.294193	-0.494298	-0.736415	-0.985921	-1.20002	-1.35536	-1.44003	-1.45007	-1.38292	-1.2439	-1.0416	-0.797212	-0.556063	-0.332323	-0.114933	0.0935419	0.272215	0.407217	0.492626	0.540473	0.56903	0.574437	0.5456	0.474823	0.353006	0.19183	0.0218439	-0.134606	-0.255585	-0.32689	-0.34612	-0.31095	-0.231825	-0.135824	-0.0496986	0.000182506	0.000182506	
0.445502	0.53123	0.567497	0.549572	0.477614	0.382017	0.300439	0.243609	0.192087	0.132531	0.0409533	-0.0819145	-0.238195	-0.426123	-0.653028	-0.905189	-1.14982	-1.35536	-1.49475	-1.5564	-1.5437	-1.46467	-1.31379	-1.08549	-0.811609	-0.537607	-0.279165	-0.0392138	0.182915	0.374404	0.517469	0.601333	0.650544	0.678609	0.681258	0.649138	0.565812	0.428329	0.246807	0.0532802	-0.124672	-0.266351	-0.35752	-0.391803	-0.36566	-0.298875	-0.215262	-0.136571	-0.0967043	-0.0967043	
0.502903	0.601722	0.650992	0.63231	0.555205	0.449368	0.352231	0.279349	0.21261	0.130308	0.0148929	-0.131337	-0.316819	-0.532823	-0.771882	-1.02008	-1.25338	-1.44003	-1.5564	-1.59521	-1.56973	-1.48483	-1.32761	-1.09236	-0.803682	-0.505362	-0.225669	0.0236433	0.253454	0.452403	0.590481	0.66706	0.712644	0.737376	0.740867	0.707063	0.614006	0.461	0.268727	0.0648574	-0.129691	-0.284464	-0.384854	-0.427537	-0.404946	-0.336272	-0.256501	-0.185533	-0.147331	-0.147331	
0.497269	0.609665	0.668189	0.660822	0.593991	0.490843	0.388672	0.308799	0.229053	0.130702	-0.000649407	-0.163017	-0.364599	-0.590136	-0.829711	-1.07268	-1.28921	-1.45007	-1.5437	-1.56973	-1.53673	-1.44646	-1.29128	-1.06553	-0.779693	-0.474456	-0.188243	0.0662157	0.298203	0.491562	0.62397	0.70044	0.741614	0.757632	0.754997	0.711354	0.604064	0.444588	0.246108	0.0369155	-0.152201	-0.308826	-0.412166	-0.445333	-0.413819	-0.337909	-0.251906	-0.181231	-0.146073	-0.146073	
0.439303	0.552153	0.618638	0.630493	0.583808	0.496351	0.40303	0.323248	0.235409	0.12564	-0.0126593	-0.178373	-0.37486	-0.5895	-0.820845	-1.04949	-1.24234	-1.38292	-1.46467	-1.48483	-1.44646	-1.3557	-1.20922	-0.996336	-0.723561	-0.432548	-0.158641	0.0903947	0.309382	0.487076	0.615507	0.691182	0.72622	0.735294	0.722027	0.666215	0.549753	0.382777	0.185061	-0.0163226	-0.192962	-0.335909	-0.42465	-0.44094	-0.393732	-0.303482	-0.209456	-0.137605	-0.101271	-0.101271	
0.345518	0.448208	0.523481	0.55291	0.526487	0.462538	0.387171	0.310357	0.221631	0.106737	-0.0255883	-0.185287	-0.361396	-0.552663	-0.758812	-0.955544	-1.12271	-1.2439	-1.31379	-1.32761	-1.29128	-1.20922	-1.07417	-0.876471	-0.634215	-0.372979	-0.12446	0.0984142	0.292772	0.447849	0.563949	0.633166	0.66184	0.672881	0.653598	0.587881	0.471758	0.298216	0.10471	-0.0797353	-0.242677	-0.365125	-0.431077	-0.426782	-0.356858	-0.247485	-0.141881	-0.0633902	-0.0234333	-0.0234333	
0.230729	0.328305	0.407275	0.449834	0.44198	0.400706	0.341698	0.271097	0.182327	0.0753644	-0.0484401	-0.194529	-0.344333	-0.497567	-0.662467	-0.818173	-0.949245	-1.0416	-1.08549	-1.09236	-1.06553	-0.996336	-0.876471	-0.711395	-0.516527	-0.304502	-0.0967306	0.0911228	0.247426	0.372779	0.47142	0.538771	0.571366	0.579566	0.558515	0.498367	0.389848	0.226209	0.0427588	-0.130021	-0.275873	-0.380772	-0.428452	-0.406201	-0.318981	-0.197095	-0.080169	0.0109883	0.0560889	0.0560889	
0.116528	0.214027	0.300362	0.351045	0.358138	0.331983	0.281882	0.212862	0.127757	0.0282771	-0.084449	-0.212506	-0.328643	-0.441357	-0.559616	-0.665606	-0.748565	-0.797212	-0.811609	-0.803682	-0.779693	-0.723561	-0.634215	-0.516527	-0.378297	-0.231972	-0.0839212	0.0563547	0.178593	0.28168	0.363751	0.430781	0.472204	0.485491	0.474728	0.42675	0.330132	0.18163	0.01396	-0.144295	-0.278243	-0.370365	-0.40888	-0.379118	-0.289919	-0.169167	-0.04787	0.0443859	0.0968448	0.0968448	
0.0241458	0.126281	0.216872	0.273697	0.28868	0.272586	0.225846	0.155096	0.0721393	-0.0230042	-0.125355	-0.231477	-0.318741	-0.397836	-0.46565	-0.518192	-0.549783	-0.556063	-0.537607	-0.505362	-0.474456	-0.432548	-0.372979	-0.304502	-0.231972	-0.156285	-0.0708093	0.0248429	0.11145	0.194045	0.274321	0.350464	0.400842	0.423094	0.421879	0.385334	0.303477	0.169391	0.0158122	-0.135108	-0.260248	-0.344031	-0.379939	-0.350947	-0.271919	-0.16533	-0.054914	0.0336581	0.0871637	0.0871637	
-0.0361421	0.0724193	0.159482	0.218378	0.240126	0.231396	0.188455	0.119758	0.0383734	-0.054485	-0.148421	-0.238163	-0.309294	-0.353175	-0.374717	-0.376832	-0.363422	-0.332323	-0.279165	-0.225669	-0.188243	-0.158641	-0.12446	-0.0967306	-0.0839212	-0.0708093	-0.0420869	0.0114936	0.0743849	0.143047	0.226107	0.311431	0.371544	0.40345	0.405779	0.378018	0.305495	0.182203	0.0367676	-0.113892	-0.234578	-0.318338	-0.356248	-0.331428	-0.268208	-0.182658	-0.0882646	-0.00378315	0.0461532	0.0461532	
-0.060253	0.0529932	0.143792	0.198801	0.226126	0.221291	0.177811	0.111524	0.0301263	-0.0661967	-0.15463	-0.236569	-0.290545	-0.302872	-0.285351	-0.241457	-0.184287	-0.114933	-0.0392138	0.0236433	0.0662157	0.0903947	0.0984142	0.0911228	0.0563547	0.0248429	0.0114936	0.0270381	0.0752833	0.138417	0.224863	0.31633	0.382624	0.423371	0.435621	0.408344	0.338149	0.214984	0.060226	-0.0901545	-0.220149	-0.313351	-0.349678	-0.33355	-0.284316	-0.207222	-0.122359	-0.0451138	0.0101596	0.0101596	
-0.0517801	0.066462	0.155557	0.210447	0.238915	0.230922	0.190101	0.123212	0.033742	-0.0632921	-0.157057	-0.230158	-0.270145	-0.25868	-0.203359	-0.112859	-0.0088841	0.0935419	0.182915	0.253454	0.298203	0.309382	0.292772	0.247426	0.178593	0.11145	0.0743849	0.0752833	0.108769	0.174314	0.267951	0.365178	0.4412	0.483019	0.493492	0.468172	0.393324	0.266746	0.104287	-0.0622129	-0.208063	-0.312471	-0.35601	-0.346702	-0.302426	-0.233881	-0.15646	-0.0799303	-0.0264896	-0.0264896	
-0.0292534	0.0859935	0.171658	0.225625	0.249256	0.239378	0.198211	0.127283	0.0331855	-0.0645045	-0.160098	-0.224663	-0.251785	-0.218959	-0.126815	0.00115945	0.14375	0.272215	0.374404	0.452403	0.491562	0.487076	0.447849	0.372779	0.28168	0.194045	0.143047	0.138417	0.174314	0.252386	0.35288	0.451859	0.52977	0.570436	0.578795	0.552363	0.467032	0.330365	0.162238	-0.0176059	-0.175506	-0.288489	-0.345831	-0.346756	-0.309154	-0.256473	-0.189064	-0.115887	-0.0728604	-0.0728604	
-0.0167159	0.0809187	0.164391	0.212408	0.226651	0.217502	0.175512	0.102789	0.0170981	-0.0767306	-0.164263	-0.21711	-0.225965	-0.174172	-0.0594072	0.0912891	0.257755	0.407217	0.517469	0.590481	0.62397	0.615507	0.563949	0.47142	0.363751	0.274321	0.226107	0.224863	0.267951	0.35288	0.458324	0.558019	0.632083	0.673357	0.678381	0.642617	0.552949	0.410051	0.237453	0.0521059	-0.114819	-0.23676	-0.302545	-0.316837	-0.294429	-0.253907	-0.206318	-0.151986	-0.118995	-0.118995	
-0.0381348	0.0438902	0.120576	0.160366	0.170498	0.159753	0.120615	0.0556356	-0.015468	-0.0966815	-0.165466	-0.199492	-0.189102	-0.123606	-0.000103191	0.163125	0.338402	0.492626	0.601333	0.66706	0.70044	0.691182	0.633166	0.538771	0.430781	0.350464	0.311431	0.31633	0.365178	0.451859	0.558019	0.65682	0.730313	0.773435	0.781194	0.743511	0.651647	0.510301	0.336183	0.14822	-0.0201502	-0.152866	-0.231585	-0.257299	-0.253715	-0.22914	-0.197672	-0.164743	-0.14447	-0.14447	
-0.101193	-0.0255619	0.0470356	0.083733	0.0922063	0.0795863	0.0433334	-0.00748623	-0.0622593	-0.120369	-0.163605	-0.177323	-0.150271	-0.0766491	0.0499211	0.215943	0.387235	0.540473	0.650544	0.712644	0.741614	0.72622	0.66184	0.571366	0.472204	0.400842	0.371544	0.382624	0.4412	0.52977	0.632083	0.730313	0.811976	0.864628	0.884838	0.858999	0.771403	0.636681	0.460782	0.272226	0.0967867	-0.0465534	-0.135753	-0.178511	-0.189696	-0.178932	-0.161452	-0.151681	-0.141713	-0.141713	
-0.196618	-0.127191	-0.0582604	-0.0172208	-0.0106174	-0.0250053	-0.055327	-0.0954025	-0.130079	-0.16228	-0.179519	-0.166747	-0.123036	-0.03913	0.0896903	0.247072	0.414065	0.56903	0.678609	0.737376	0.757632	0.735294	0.672881	0.579566	0.485491	0.423094	0.40345	0.423371	0.483019	0.570436	0.673357	0.773435	0.864628	0.939848	0.979056	0.966934	0.892904	0.770705	0.603747	0.416702	0.235698	0.0885937	-0.0168428	-0.0792468	-0.103791	-0.11313	-0.109244	-0.116856	-0.119367	-0.119367	
-0.318106	-0.255371	-0.191862	-0.148864	-0.141128	-0.155828	-0.179096	-0.204611	-0.219703	-0.223597	-0.210192	-0.168475	-0.105061	-0.0141966	0.115267	0.261105	0.426696	0.574437	0.681258	0.740867	0.754997	0.722027	0.653598	0.558515	0.474728	0.421879	0.405779	0.435621	0.493492	0.578795	0.678381	0.781194	0.884838	0.979056	1.03769	1.04568	0.994848	0.888621	0.736483	0.561914	0.389156	0.241373	0.128375	0.0490176	0.00258395	-0.0268542	-0.0433768	-0.0646469	-0.0811722	-0.0811722	
-0.433942	-0.38516	-0.334259	-0.298162	-0.286674	-0.299928	-0.312724	-0.316749	-0.313189	-0.28614	-0.238645	-0.174739	-0.0927937	0.00304117	0.123879	0.259947	0.410155	0.5456	0.649138	0.707063	0.711354	0.666215	0.587881	0.498367	0.42675	0.385334	0.378018	0.408344	0.468172	0.552363	0.642617	0.743511	0.858999	0.966934	1.04568	1.07637	1.05049	0.973989	0.847259	0.692561	0.534103	0.396225	0.287919	0.199483	0.134965	0.0891413	0.0514941	0.0110036	-0.0130707	-0.0130707	
-0.510601	-0.49058	-0.460816	-0.437005	-0.428263	-0.431956	-0.430486	-0.415244	-0.386656	-0.334365	-0.260371	-0.176232	-0.083977	0.0129262	0.116896	0.231912	0.357668	0.474823	0.565812	0.614006	0.604064	0.549753	0.471758	0.389848	0.330132	0.303477	0.305495	0.338149	0.393324	0.467032	0.552949	0.651647	0.771403	0.892904	0.994848	1.05049	1.05582	1.01277	0.920691	0.799186	0.669984	0.559098	0.455939	0.364939	0.287134	0.219979	0.173676	0.126799	0.100815	0.100815	
-0.539511	-0.54649	-0.546546	-0.538608	-0.536152	-0.53279	-0.515637	-0.480612	-0.430442	-0.355346	-0.264625	-0.169909	-0.0767986	0.00497527	0.0794858	0.167946	0.262884	0.353006	0.428329	0.461	0.444588	0.382777	0.298216	0.226209	0.18163	0.169391	0.182203	0.214984	0.266746	0.330365	0.410051	0.510301	0.636681	0.770705	0.888621	0.973989	1.01277	1.00851	0.957323	0.868975	0.776052	0.692416	0.611761	0.5315	0.450249	0.378785	0.32416	0.279556	0.253735	0.253735	
-0.517632	-0.554927	-0.585356	-0.602364	-0.606112	-0.599622	-0.569652	-0.52106	-0.451292	-0.36381	-0.26414	-0.165546	-0.0831374	-0.0222503	0.020118	0.0730133	0.130232	0.19183	0.246807	0.268727	0.246108	0.185061	0.10471	0.0427588	0.01396	0.0158122	0.0367676	0.060226	0.104287	0.162238	0.237453	0.336183	0.460782	0.603747	0.736483	0.847259	0.920691	0.957323	0.947723	0.900232	0.850647	0.796594	0.746599	0.684137	0.604613	0.538159	0.4818	0.445397	0.425782	0.425782	
-0.452023	-0.523947	-0.576695	-0.614685	-0.625806	-0.616752	-0.582219	-0.528228	-0.450503	-0.359675	-0.263504	-0.166832	-0.0976898	-0.06053	-0.0460255	-0.0338387	-0.0128479	0.0218439	0.0532802	0.0648574	0.0369155	-0.0163226	-0.0797353	-0.130021	-0.144295	-0.135108	-0.113892	-0.0901545	-0.0622129	-0.0176059	0.0521059	0.14822	0.272226	0.416702	0.561914	0.692561	0.799186	0.868975	0.900232	0.902437	0.893474	0.878383	0.855441	0.802558	0.727756	0.660653	0.605276	0.581991	0.570405	0.570405	
-0.336777	-0.434723	-0.507231	-0.558653	-0.577364	-0.570876	-0.542505	-0.488545	-0.422457	-0.341113	-0.256765	-0.176478	-0.119676	-0.104619	-0.116822	-0.131639	-0.142841	-0.134606	-0.124672	-0.129691	-0.152201	-0.192962	-0.242677	-0.275873	-0.278243	-0.260248	-0.234578	-0.220149	-0.208063	-0.175506	-0.114819	-0.0201502	0.0967867	0.235698	0.389156	0.534103	0.669984	0.776052	0.850647	0.893474	0.91064	0.924209	0.915514	0.869734	0.802302	0.726023	0.665416	0.642456	0.628819	0.628819	
-0.178129	-0.29692	-0.383513	-0.439334	-0.465954	-0.459862	-0.441567	-0.402365	-0.354251	-0.299594	-0.23713	-0.179312	-0.141632	-0.140924	-0.167582	-0.204946	-0.238421	-0.255585	-0.266351	-0.284464	-0.308826	-0.335909	-0.365125	-0.380772	-0.370365	-0.344031	-0.318338	-0.313351	-0.312471	-0.288489	-0.23676	-0.152866	-0.0465534	0.0885937	0.241373	0.396225	0.559098	0.692416	0.796594	0.878383	0.924209	0.949327	0.939649	0.883453	0.799521	0.703872	0.630968	0.601748	0.586442	0.586442	
0.00941634	-0.125177	-0.226786	-0.286096	-0.315847	-0.316586	-0.303676	-0.280346	-0.255051	-0.225377	-0.190986	-0.160357	-0.141836	-0.154314	-0.189408	-0.242546	-0.290109	-0.32689	-0.35752	-0.384854	-0.412166	-0.42465	-0.431077	-0.428452	-0.40888	-0.379939	-0.356248	-0.349678	-0.35601	-0.345831	-0.302545	-0.231585	-0.135753	-0.0168428	0.128375	0.287919	0.455939	0.611761	0.746599	0.855441	0.915514	0.939649	0.917564	0.838038	0.730908	0.615652	0.521878	0.474483	0.454539	0.454539	
0.203694	0.0537127	-0.0605168	-0.129899	-0.16485	-0.176269	-0.169459	-0.158673	-0.150957	-0.137978	-0.123175	-0.114197	-0.110808	-0.130348	-0.175007	-0.231308	-0.292365	-0.34612	-0.391803	-0.427537	-0.445333	-0.44094	-0.426782	-0.406201	-0.379118	-0.350947	-0.331428	-0.33355	-0.346702	-0.346756	-0.316837	-0.257299	-0.178511	-0.0792468	0.0490176	0.199483	0.364939	0.5315	0.684137	0.802558	0.869734	0.883453	0.838038	0.74405	0.619934	0.487346	0.378109	0.310894	0.279441	0.279441	
0.381043	0.217763	0.0864074	0.0038034	-0.0419514	-0.0624446	-0.0626201	-0.0610301	-0.0615878	-0.0540799	-0.0485821	-0.0473011	-0.0528269	-0.0701015	-0.11425	-0.170787	-0.241231	-0.31095	-0.36566	-0.404946	-0.413819	-0.393732	-0.356858	-0.318981	-0.289919	-0.271919	-0.268208	-0.284316	-0.302426	-0.309154	-0.294429	-0.253715	-0.189696	-0.103791	0.00258395	0.134965	0.287134	0.450249	0.604613	0.727756	0.802302	0.799521	0.730908	0.619934	0.477042	0.337	0.221881	0.143283	0.107052	0.107052	
0.534424	0.360872	0.206613	0.103921	0.0419178	0.00820112	-0.000723681	-0.00677209	-0.00741516	0.00278219	0.00931897	0.0158205	0.0128725	0.00414058	-0.0265406	-0.080468	-0.151036	-0.231825	-0.298875	-0.336272	-0.337909	-0.303482	-0.247485	-0.197095	-0.169167	-0.16533	-0.182658	-0.207222	-0.233881	-0.256473	-0.253907	-0.22914	-0.178932	-0.11313	-0.0268542	0.0891413	0.219979	0.378785	0.538159	0.660653	0.726023	0.703872	0.615652	0.487346	0.337	0.199066	0.0772064	-0.0166741	-0.0596133	-0.0596133	
0.650496	0.461819	0.292544	0.167221	0.0891593	0.0448891	0.0227391	0.00851791	0.0107569	0.0241074	0.0411161	0.059427	0.0698977	0.0770022	0.0655579	0.0239737	-0.0465185	-0.135824	-0.215262	-0.256501	-0.251906	-0.209456	-0.141881	-0.080169	-0.04787	-0.054914	-0.0882646	-0.122359	-0.15646	-0.189064	-0.206318	-0.197672	-0.161452	-0.109244	-0.0433768	0.0514941	0.173676	0.32416	0.4818	0.605276	0.665416	0.630968	0.521878	0.378109	0.221881	0.0772064	-0.0521098	-0.156052	-0.210826	-0.210826	
0.724823	0.519464	0.33029	0.181783	0.0937333	0.0448849	0.0144194	0.00341469	0.0086634	0.0268649	0.0564134	0.082198	0.107529	0.131067	0.139697	0.113611	0.0443404	-0.0496986	-0.136571	-0.185533	-0.181231	-0.137605	-0.0633902	0.0109883	0.0443859	0.0336581	-0.00378315	-0.0451138	-0.0799303	-0.115887	-0.151986	-0.164743	-0.151681	-0.116856	-0.0646469	0.0110036	0.126799	0.279556	0.445397	0.581991	0.642456	0.601748	0.474483	0.310894	0.143283	-0.0166741	-0.156052	-0.272928	-0.339137	-0.339137	
0.756661	0.542417	0.342919	0.186209	0.0881971	0.0391898	0.00386632	-0.0108534	0.00105968	0.0202385	0.0567869	0.0925723	0.126595	0.159451	0.183663	0.161861	0.098001	0.000182506	-0.0967043	-0.147331	-0.146073	-0.101271	-0.0234333	0.0560889	0.0968448	0.0871637	0.0461532	0.0101596	-0.0264896	-0.0728604	-0.118995	-0.14447	-0.141713	-0.119367	-0.0811722	-0.0130707	0.100815	0.253735	0.425782	0.570405	0.628819	0.586442	0.454539	0.279441	0.107052	-0.0596133	-0.210826	-0.339137	-0.41294	-0.41294	
0.756661	0.542417	0.342919	0.186209	0.0881971	0.0391898	0.00386632	-0.0108534	0.00105968	0.0202385	0.0567869	0.0925723	0.126595	0.159451	0.183663	0.161861	0.098001	0.000182506	-0.0967043	-0.147331	-0.146073	-0.101271	-0.0234333	0.0560889	0.0968448	0.0871637	0.0461532	0.0101596	-0.0264896	-0.0728604	-0.118995	-0.14447	-0.141713	-0.119367	-0.0811722	-0.0130707	0.100815	0.253735	0.425782	0.570405	0.628819	0.586442	0.454539	0.279441	0.107052	-0.0596133	-0.210826	-0.339137	-0.41294	-0.41294	
