-0.946851	-0.946851	-0.953102	-0.954881	-0.93969	-0.900973	-0.832369	-0.71515	-0.548281	-0.328949	-0.0891557	0.160509	0.39746	0.591052	0.718192	0.771787	0.738942	0.624078	0.423949	0.177041	-0.0412157	-0.177288	-0.204212	-0.123491	0.0226317	0.18758	0.349844	0.477746	0.536559	0.512489	0.3924	0.188274	-0.0544831	-0.285424	-0.471262	-0.593134	-0.64341	-0.612218	-0.476107	-0.235806	0.0668636	0.368396	0.597669	0.719435	0.752831	0.697235	0.555853	0.36863	0.162834	-0.0358004	
-0.946851	-0.946851	-0.953102	-0.954881	-0.93969	-0.900973	-0.832369	-0.71515	-0.548281	-0.328949	-0.0891557	0.160509	0.39746	0.591052	0.718192	0.771787	0.738942	0.624078	0.423949	0.177041	-0.0412157	-0.177288	-0.204212	-0.123491	0.0226317	0.18758	0.349844	0.477746	0.536559	0.512489	0.3924	0.188274	-0.0544831	-0.285424	-0.471262	-0.593134	-0.64341	-0.612218	-0.476107	-0.235806	0.0668636	0.368396	0.597669	0.719435	0.752831	0.697235	0.555853	0.36863	0.162834	-0.0358004	
-0.953102	-0.953102	-0.95666	-0.952308	-0.928871	-0.88077	-0.799043	-0.674465	-0.502716	-0.279807	-0.0360529	0.213852	0.448943	0.635326	0.755485	0.802304	0.764118	0.647732	0.455043	0.218424	0.000641167	-0.139911	-0.175517	-0.118803	0.000189951	0.146988	0.287631	0.397527	0.4523	0.428214	0.310027	0.115898	-0.117642	-0.335081	-0.509796	-0.621507	-0.660283	-0.616283	-0.47642	-0.23906	0.0588812	0.35522	0.58479	0.715366	0.754038	0.700986	0.572672	0.396101	0.196623	0.00562491	
-0.954881	-0.954881	-0.952308	-0.935692	-0.898474	-0.84142	-0.745779	-0.604585	-0.421749	-0.197851	0.0461316	0.292878	0.529132	0.713107	0.823758	0.85552	0.807699	0.690585	0.511441	0.2853	0.06462	-0.0862464	-0.149238	-0.13035	-0.0424418	0.0753683	0.181033	0.262827	0.301241	0.273577	0.1611	-0.0203032	-0.231381	-0.426179	-0.57444	-0.666586	-0.690744	-0.629339	-0.473654	-0.236662	0.0513191	0.338486	0.564283	0.702501	0.748448	0.714035	0.61175	0.457168	0.274891	0.0949963	
-0.93969	-0.93969	-0.928871	-0.898474	-0.849174	-0.785113	-0.679018	-0.52568	-0.334507	-0.110822	0.132551	0.378644	0.615094	0.793247	0.893428	0.908058	0.847643	0.728615	0.560874	0.34815	0.131092	-0.0375713	-0.139316	-0.165728	-0.12056	-0.041068	0.0308749	0.0847399	0.103057	0.0717945	-0.0333961	-0.199508	-0.385576	-0.551749	-0.672182	-0.73894	-0.736931	-0.648431	-0.469481	-0.22771	0.0488943	0.321347	0.541284	0.68662	0.748632	0.738672	0.664625	0.541591	0.388794	0.226118	
-0.900973	-0.900973	-0.88077	-0.84142	-0.785113	-0.709109	-0.593534	-0.439762	-0.250275	-0.0277024	0.206679	0.443317	0.673388	0.843892	0.929087	0.930813	0.86207	0.740231	0.576926	0.37937	0.169441	-0.0149509	-0.145265	-0.209664	-0.212802	-0.181526	-0.144497	-0.118313	-0.118797	-0.15595	-0.25331	-0.40623	-0.572158	-0.707743	-0.797153	-0.823536	-0.780832	-0.661591	-0.463924	-0.215518	0.0507654	0.307893	0.519919	0.671882	0.754522	0.767473	0.727875	0.643749	0.527364	0.393742	
-0.832369	-0.832369	-0.799043	-0.745779	-0.679018	-0.593534	-0.479231	-0.330839	-0.151372	0.059092	0.271179	0.484167	0.693638	0.848593	0.909725	0.893669	0.818627	0.698733	0.545487	0.365974	0.170675	-0.0167063	-0.167829	-0.264997	-0.304573	-0.310743	-0.309283	-0.317279	-0.342219	-0.390778	-0.488517	-0.631113	-0.778637	-0.882185	-0.924518	-0.904644	-0.820145	-0.663692	-0.44167	-0.187212	0.0675996	0.300913	0.498272	0.64581	0.742402	0.788666	0.79237	0.755075	0.680897	0.586507	
-0.71515	-0.71515	-0.674465	-0.604585	-0.52568	-0.439762	-0.330839	-0.186896	-0.0228199	0.158435	0.334559	0.512883	0.683098	0.800534	0.831513	0.796626	0.706465	0.585847	0.452849	0.305057	0.134854	-0.0383	-0.194552	-0.314839	-0.387693	-0.42855	-0.461395	-0.501975	-0.555681	-0.628714	-0.732337	-0.862975	-0.984865	-1.05713	-1.05615	-0.988686	-0.857343	-0.661981	-0.420106	-0.159934	0.0844416	0.290029	0.458267	0.602376	0.718824	0.797976	0.842989	0.852567	0.82286	0.774113	
-0.548281	-0.548281	-0.502716	-0.421749	-0.334507	-0.250275	-0.151372	-0.0228199	0.118787	0.264464	0.403163	0.537923	0.64488	0.705818	0.708712	0.649307	0.54371	0.434508	0.321404	0.195609	0.0631947	-0.0737004	-0.21244	-0.342337	-0.443709	-0.519638	-0.592655	-0.669452	-0.746303	-0.835678	-0.948144	-1.07382	-1.18304	-1.22352	-1.18019	-1.06454	-0.88743	-0.661853	-0.411464	-0.161489	0.0650185	0.254034	0.408457	0.540396	0.673646	0.787761	0.868731	0.922001	0.942345	0.942172	
-0.328949	-0.328949	-0.279807	-0.197851	-0.110822	-0.0277024	0.059092	0.158435	0.264464	0.372842	0.465296	0.539965	0.584239	0.594161	0.558412	0.471605	0.357732	0.260981	0.166264	0.0673811	-0.0233143	-0.122541	-0.244607	-0.368142	-0.481044	-0.590802	-0.695622	-0.795691	-0.895585	-1.00044	-1.11832	-1.24173	-1.33293	-1.3503	-1.27836	-1.12327	-0.915484	-0.677942	-0.423957	-0.18235	0.0199024	0.189644	0.329104	0.450501	0.591326	0.737577	0.854326	0.943111	1.00959	1.05859	
-0.0891557	-0.0891557	-0.0360529	0.0461316	0.132551	0.206679	0.271179	0.334559	0.403163	0.465296	0.502927	0.514184	0.507065	0.466419	0.390322	0.285773	0.17986	0.093206	0.0205928	-0.042857	-0.0983579	-0.17069	-0.271841	-0.385583	-0.510759	-0.63816	-0.759027	-0.874505	-0.992158	-1.1061	-1.22964	-1.34997	-1.42566	-1.42672	-1.3419	-1.17591	-0.952407	-0.707003	-0.459156	-0.23166	-0.0457356	0.104625	0.229577	0.348928	0.491852	0.656561	0.801148	0.920276	1.02259	1.11176	
0.160509	0.160509	0.213852	0.292878	0.378644	0.443317	0.484167	0.512883	0.537923	0.539965	0.514184	0.46496	0.408409	0.324278	0.223284	0.12195	0.0327937	-0.0442066	-0.0952846	-0.127241	-0.162759	-0.212643	-0.279849	-0.379814	-0.512175	-0.653685	-0.79114	-0.916028	-1.03482	-1.15478	-1.27981	-1.39599	-1.46999	-1.4673	-1.37789	-1.20799	-0.983444	-0.741119	-0.511194	-0.306288	-0.130043	0.013545	0.131407	0.25887	0.404567	0.564164	0.72335	0.86562	0.99456	1.11095	
0.39746	0.39746	0.448943	0.529132	0.615094	0.673388	0.693638	0.683098	0.64488	0.584239	0.507065	0.408409	0.299982	0.185152	0.0769138	-0.0187215	-0.0924749	-0.144075	-0.166377	-0.179243	-0.197376	-0.22631	-0.272461	-0.361561	-0.485053	-0.627915	-0.775969	-0.908475	-1.02892	-1.15657	-1.28936	-1.40546	-1.48438	-1.48581	-1.39287	-1.22832	-1.01456	-0.780395	-0.559887	-0.373704	-0.210942	-0.0722972	0.05038	0.177248	0.321115	0.476255	0.638325	0.796391	0.948111	1.07442	
0.591052	0.591052	0.635326	0.713107	0.793247	0.843892	0.848593	0.800534	0.705818	0.594161	0.466419	0.324278	0.185152	0.0636784	-0.0450428	-0.131865	-0.187964	-0.204506	-0.198036	-0.189983	-0.19097	-0.201719	-0.23682	-0.30802	-0.418711	-0.56131	-0.708936	-0.851528	-0.991991	-1.13564	-1.28006	-1.40463	-1.47772	-1.48186	-1.40327	-1.24904	-1.04653	-0.82587	-0.618063	-0.435597	-0.280679	-0.145866	-0.0204501	0.109464	0.246553	0.394404	0.556033	0.716619	0.870396	0.996392	
0.718192	0.718192	0.755485	0.823758	0.893428	0.929087	0.909725	0.831513	0.708712	0.558412	0.390322	0.223284	0.0769138	-0.0450428	-0.147511	-0.216402	-0.23975	-0.220973	-0.187695	-0.160821	-0.144877	-0.138491	-0.160632	-0.219502	-0.32026	-0.459109	-0.614912	-0.775388	-0.934576	-1.09066	-1.24713	-1.38749	-1.46755	-1.47257	-1.40227	-1.25712	-1.06216	-0.855509	-0.660274	-0.486097	-0.335287	-0.1978	-0.0695003	0.0519084	0.173975	0.306783	0.457303	0.612511	0.754525	0.874732	
0.771787	0.771787	0.802304	0.85552	0.908058	0.930813	0.893669	0.796626	0.649307	0.471605	0.285773	0.12195	-0.0187215	-0.131865	-0.216402	-0.251532	-0.243116	-0.200056	-0.14123	-0.0891049	-0.0566659	-0.0446271	-0.0644355	-0.118624	-0.210026	-0.349186	-0.515884	-0.689216	-0.863522	-1.04106	-1.20997	-1.35143	-1.43693	-1.4481	-1.37894	-1.23702	-1.05289	-0.856492	-0.664525	-0.493047	-0.343064	-0.212161	-0.0975623	0.00451741	0.10522	0.213195	0.339834	0.47758	0.605834	0.71622	
0.738942	0.738942	0.764118	0.807699	0.847643	0.86207	0.818627	0.706465	0.54371	0.357732	0.17986	0.0327937	-0.0924749	-0.187964	-0.23975	-0.243116	-0.205088	-0.131788	-0.0466878	0.0196345	0.0518464	0.0589366	0.038463	-0.0161167	-0.112402	-0.244639	-0.411904	-0.599033	-0.792244	-0.985516	-1.16148	-1.29918	-1.38352	-1.39462	-1.32369	-1.19122	-1.01665	-0.822279	-0.634184	-0.458968	-0.300113	-0.170838	-0.0761915	-0.00768806	0.0566559	0.138267	0.234268	0.3455	0.454899	0.54744	
0.624078	0.624078	0.647732	0.690585	0.728615	0.740231	0.698733	0.585847	0.434508	0.260981	0.093206	-0.0442066	-0.144075	-0.204506	-0.220973	-0.200056	-0.131788	-0.0350994	0.0569206	0.123375	0.150162	0.14486	0.119619	0.060569	-0.0367954	-0.159744	-0.320835	-0.514665	-0.716502	-0.911913	-1.08494	-1.21918	-1.30268	-1.31033	-1.23922	-1.11031	-0.946593	-0.760149	-0.569327	-0.379821	-0.209534	-0.0832294	-0.00453582	0.0370343	0.061639	0.103004	0.159863	0.232355	0.307446	0.376902	
0.423949	0.423949	0.455043	0.511441	0.560874	0.576926	0.545487	0.452849	0.321404	0.166264	0.0205928	-0.0952846	-0.166377	-0.198036	-0.187695	-0.14123	-0.0466878	0.0569206	0.142129	0.193469	0.211598	0.195456	0.160415	0.103448	0.0219291	-0.084823	-0.228142	-0.407846	-0.604621	-0.794837	-0.961259	-1.09109	-1.17179	-1.17994	-1.11207	-0.991011	-0.836879	-0.663397	-0.468392	-0.265724	-0.0875801	0.0387915	0.107578	0.127437	0.122735	0.120036	0.131075	0.160665	0.194712	0.223291	
0.177041	0.177041	0.218424	0.2853	0.34815	0.37937	0.365974	0.305057	0.195609	0.0673811	-0.042857	-0.127241	-0.179243	-0.189983	-0.160821	-0.0891049	0.0196345	0.123375	0.193469	0.223705	0.228028	0.201432	0.159361	0.115587	0.0618556	-0.0141891	-0.119744	-0.270513	-0.446146	-0.617425	-0.772725	-0.89852	-0.97565	-0.986745	-0.935006	-0.836789	-0.700875	-0.538715	-0.345124	-0.135928	0.0488617	0.181109	0.248723	0.253842	0.22178	0.178958	0.14963	0.131726	0.119338	0.0954838	
-0.0412157	-0.0412157	0.000641167	0.06462	0.131092	0.169441	0.170675	0.134854	0.0631947	-0.0233143	-0.0983579	-0.162759	-0.197376	-0.19097	-0.144877	-0.0566659	0.0518464	0.150162	0.211598	0.228028	0.208096	0.168483	0.124966	0.102691	0.0848914	0.0507986	-0.0103874	-0.112663	-0.245212	-0.387027	-0.524	-0.64517	-0.725152	-0.750828	-0.724143	-0.652278	-0.546928	-0.401377	-0.213254	-0.00146968	0.188995	0.329842	0.395658	0.394879	0.345657	0.2755	0.205796	0.13781	0.0700709	-0.00626516	
-0.177288	-0.177288	-0.139911	-0.0862464	-0.0375713	-0.0149509	-0.0167063	-0.0383	-0.0737004	-0.122541	-0.17069	-0.212643	-0.22631	-0.201719	-0.138491	-0.0446271	0.0589366	0.14486	0.195456	0.201432	0.168483	0.126492	0.0948954	0.0913755	0.108237	0.120807	0.107948	0.0631712	-0.0191845	-0.128699	-0.246206	-0.356927	-0.441207	-0.491349	-0.498884	-0.462409	-0.386463	-0.257798	-0.0761517	0.129146	0.321657	0.466127	0.535937	0.541063	0.486509	0.395485	0.285657	0.167652	0.0463277	-0.0794178	
-0.204212	-0.204212	-0.175517	-0.149238	-0.139316	-0.145265	-0.167829	-0.194552	-0.21244	-0.244607	-0.271841	-0.279849	-0.272461	-0.23682	-0.160632	-0.0644355	0.038463	0.119619	0.160415	0.159361	0.124966	0.0948954	0.0858431	0.109693	0.159517	0.217569	0.250266	0.249905	0.210495	0.137539	0.0370248	-0.0700565	-0.1638	-0.23675	-0.277394	-0.278326	-0.225807	-0.109609	0.0558357	0.252645	0.446535	0.594987	0.672862	0.680066	0.617192	0.507941	0.362115	0.20095	0.0338474	-0.139616	
-0.123491	-0.123491	-0.118803	-0.13035	-0.165728	-0.209664	-0.264997	-0.314839	-0.342337	-0.368142	-0.385583	-0.379814	-0.361561	-0.30802	-0.219502	-0.118624	-0.0161167	0.060569	0.103448	0.115587	0.102691	0.0913755	0.109693	0.165652	0.255732	0.351236	0.420977	0.451044	0.445914	0.39557	0.303331	0.198183	0.094006	0.00216849	-0.0660543	-0.0987775	-0.0648018	0.0352451	0.189011	0.376501	0.565317	0.707345	0.78825	0.792243	0.721039	0.594532	0.41561	0.209125	0.00090996	-0.208564	
0.0226317	0.0226317	0.000189951	-0.0424418	-0.12056	-0.212802	-0.304573	-0.387693	-0.443709	-0.481044	-0.510759	-0.512175	-0.485053	-0.418711	-0.32026	-0.210026	-0.112402	-0.0367954	0.0219291	0.0618556	0.0848914	0.108237	0.159517	0.255732	0.381729	0.503251	0.602065	0.66087	0.677159	0.632945	0.542273	0.43798	0.325244	0.214473	0.121366	0.0708047	0.0881349	0.172565	0.312005	0.480573	0.647385	0.778301	0.851751	0.851213	0.771073	0.626038	0.42384	0.183693	-0.0589261	-0.293258	
0.18758	0.18758	0.146988	0.0753683	-0.041068	-0.181526	-0.310743	-0.42855	-0.519638	-0.590802	-0.63816	-0.653685	-0.627915	-0.56131	-0.459109	-0.349186	-0.244639	-0.159744	-0.084823	-0.0141891	0.0507986	0.120807	0.217569	0.351236	0.503251	0.653687	0.77809	0.861552	0.892214	0.854034	0.761185	0.641018	0.508707	0.379631	0.266508	0.201439	0.206888	0.277204	0.391698	0.527687	0.661041	0.776235	0.841307	0.835664	0.745031	0.587418	0.377655	0.12732	-0.132329	-0.372047	
0.349844	0.349844	0.287631	0.181033	0.0308749	-0.144497	-0.309283	-0.461395	-0.592655	-0.695622	-0.759027	-0.79114	-0.775969	-0.708936	-0.614912	-0.515884	-0.411904	-0.320835	-0.228142	-0.119744	-0.0103874	0.107948	0.250266	0.420977	0.602065	0.77809	0.929165	1.03787	1.07815	1.04481	0.944894	0.804733	0.648238	0.493924	0.359982	0.281447	0.269516	0.31751	0.398896	0.503659	0.61053	0.699294	0.748627	0.739838	0.653556	0.503105	0.295147	0.0454914	-0.217092	-0.441974	
0.477746	0.477746	0.397527	0.262827	0.0847399	-0.118313	-0.317279	-0.501975	-0.669452	-0.795691	-0.874505	-0.916028	-0.908475	-0.851528	-0.775388	-0.689216	-0.599033	-0.514665	-0.407846	-0.270513	-0.112663	0.0631712	0.249905	0.451044	0.66087	0.861552	1.03787	1.16649	1.21749	1.18941	1.0813	0.923616	0.745226	0.563043	0.410338	0.313783	0.285234	0.307248	0.36014	0.42959	0.50671	0.569714	0.605716	0.598487	0.527847	0.392676	0.191462	-0.0455368	-0.291907	-0.500086	
0.536559	0.536559	0.4523	0.301241	0.103057	-0.118797	-0.342219	-0.555681	-0.746303	-0.895585	-0.992158	-1.03482	-1.02892	-0.991991	-0.934576	-0.863522	-0.792244	-0.716502	-0.604621	-0.446146	-0.245212	-0.0191845	0.210495	0.445914	0.677159	0.892214	1.07815	1.21749	1.28749	1.27142	1.1619	0.992312	0.788653	0.58494	0.422787	0.319454	0.274127	0.269424	0.29522	0.338429	0.385273	0.425069	0.449999	0.44744	0.391259	0.266079	0.0763089	-0.134758	-0.350061	-0.543711	
0.512489	0.512489	0.428214	0.273577	0.0717945	-0.15595	-0.390778	-0.628714	-0.835678	-1.00044	-1.1061	-1.15478	-1.15657	-1.13564	-1.09066	-1.04106	-0.985516	-0.911913	-0.794837	-0.617425	-0.387027	-0.128699	0.137539	0.39557	0.632945	0.854034	1.04481	1.18941	1.27142	1.2631	1.16269	0.992605	0.779194	0.570878	0.401402	0.292307	0.238128	0.216112	0.219169	0.243461	0.26502	0.283613	0.292462	0.289216	0.243511	0.130503	-0.0407203	-0.227566	-0.407211	-0.571303	
0.3924	0.3924	0.310027	0.1611	-0.0333961	-0.25331	-0.488517	-0.732337	-0.948144	-1.11832	-1.22964	-1.27981	-1.28936	-1.28006	-1.24713	-1.20997	-1.16148	-1.08494	-0.961259	-0.772725	-0.524	-0.246206	0.0370248	0.303331	0.542273	0.761185	0.944894	1.0813	1.1619	1.16269	1.07388	0.911883	0.706887	0.509924	0.349605	0.242518	0.183425	0.152953	0.143743	0.148472	0.146684	0.143067	0.138325	0.126613	0.0805295	-0.0212762	-0.168426	-0.330727	-0.476534	-0.608007	
0.188274	0.188274	0.115898	-0.0203032	-0.199508	-0.40623	-0.631113	-0.862975	-1.07382	-1.24173	-1.34997	-1.39599	-1.40546	-1.40463	-1.38749	-1.35143	-1.29918	-1.21918	-1.09109	-0.89852	-0.64517	-0.356927	-0.0700565	0.198183	0.43798	0.641018	0.804733	0.923616	0.992312	0.992605	0.911883	0.767022	0.58802	0.414541	0.279969	0.192384	0.140783	0.107636	0.0852203	0.0644328	0.0409184	0.0193714	-0.000140784	-0.0266763	-0.0792463	-0.170683	-0.29546	-0.427193	-0.550711	-0.654875	
-0.0544831	-0.0544831	-0.117642	-0.231381	-0.385576	-0.572158	-0.778637	-0.984865	-1.18304	-1.33293	-1.42566	-1.46999	-1.48438	-1.47772	-1.46755	-1.43693	-1.38352	-1.30268	-1.17179	-0.97565	-0.725152	-0.441207	-0.1638	0.094006	0.325244	0.508707	0.648238	0.745226	0.788653	0.779194	0.706887	0.58802	0.448922	0.313509	0.213099	0.150654	0.117528	0.0927392	0.0651616	0.0254115	-0.0169505	-0.0601043	-0.0990947	-0.141908	-0.200839	-0.279922	-0.385912	-0.504127	-0.614588	-0.688474	
-0.285424	-0.285424	-0.335081	-0.426179	-0.551749	-0.707743	-0.882185	-1.05713	-1.22352	-1.3503	-1.42672	-1.4673	-1.48581	-1.48186	-1.47257	-1.4481	-1.39462	-1.31033	-1.17994	-0.986745	-0.750828	-0.491349	-0.23675	0.00216849	0.214473	0.379631	0.493924	0.563043	0.58494	0.570878	0.509924	0.414541	0.313509	0.225142	0.1612	0.126811	0.111588	0.10158	0.0785635	0.0382242	-0.0146996	-0.0753318	-0.134731	-0.191021	-0.256406	-0.329659	-0.418829	-0.525017	-0.621753	-0.676305	
-0.471262	-0.471262	-0.509796	-0.57444	-0.672182	-0.797153	-0.924518	-1.05615	-1.18019	-1.27836	-1.3419	-1.37789	-1.39287	-1.40327	-1.40227	-1.37894	-1.32369	-1.23922	-1.11207	-0.935006	-0.724143	-0.498884	-0.277394	-0.0660543	0.121366	0.266508	0.359982	0.410338	0.422787	0.401402	0.349605	0.279969	0.213099	0.1612	0.122959	0.106953	0.108743	0.115217	0.109977	0.0826893	0.0304969	-0.0322352	-0.100404	-0.171137	-0.247149	-0.321789	-0.396439	-0.48029	-0.560497	-0.615224	
-0.593134	-0.593134	-0.621507	-0.666586	-0.73894	-0.823536	-0.904644	-0.988686	-1.06454	-1.12327	-1.17591	-1.20799	-1.22832	-1.24904	-1.25712	-1.23702	-1.19122	-1.11031	-0.991011	-0.836789	-0.652278	-0.462409	-0.278326	-0.0987775	0.0708047	0.201439	0.281447	0.313783	0.319454	0.292307	0.242518	0.192384	0.150654	0.126811	0.106953	0.0955405	0.102788	0.123509	0.143669	0.137574	0.0999694	0.0457823	-0.0224873	-0.104956	-0.189203	-0.264219	-0.330835	-0.400415	-0.465692	-0.518389	
-0.64341	-0.64341	-0.660283	-0.690744	-0.736931	-0.780832	-0.820145	-0.857343	-0.88743	-0.915484	-0.952407	-0.983444	-1.01456	-1.04653	-1.06216	-1.05289	-1.01665	-0.946593	-0.836879	-0.700875	-0.546928	-0.386463	-0.225807	-0.0648018	0.0881349	0.206888	0.269516	0.285234	0.274127	0.238128	0.183425	0.140783	0.117528	0.111588	0.108743	0.102788	0.114249	0.140572	0.16976	0.187303	0.180952	0.144249	0.079631	-0.0096685	-0.0994298	-0.173875	-0.24405	-0.308962	-0.364056	-0.406359	
-0.612218	-0.612218	-0.616283	-0.629339	-0.648431	-0.661591	-0.663692	-0.661981	-0.661853	-0.677942	-0.707003	-0.741119	-0.780395	-0.82587	-0.855509	-0.856492	-0.822279	-0.760149	-0.663397	-0.538715	-0.401377	-0.257798	-0.109609	0.0352451	0.172565	0.277204	0.31751	0.307248	0.269424	0.216112	0.152953	0.107636	0.0927392	0.10158	0.115217	0.123509	0.140572	0.1695	0.203913	0.241928	0.265891	0.249138	0.19205	0.105055	0.0128124	-0.0696899	-0.147829	-0.210065	-0.263819	-0.29712	
-0.476107	-0.476107	-0.47642	-0.473654	-0.469481	-0.463924	-0.44167	-0.420106	-0.411464	-0.423957	-0.459156	-0.511194	-0.559887	-0.618063	-0.660274	-0.664525	-0.634184	-0.569327	-0.468392	-0.345124	-0.213254	-0.0761517	0.0558357	0.189011	0.312005	0.391698	0.398896	0.36014	0.29522	0.219169	0.143743	0.0852203	0.0651616	0.0785635	0.109977	0.143669	0.16976	0.203913	0.255586	0.317463	0.36152	0.362623	0.30711	0.223508	0.133287	0.0417961	-0.0472024	-0.114173	-0.163632	-0.186337	
-0.235806	-0.235806	-0.23906	-0.236662	-0.22771	-0.215518	-0.187212	-0.159934	-0.161489	-0.18235	-0.23166	-0.306288	-0.373704	-0.435597	-0.486097	-0.493047	-0.458968	-0.379821	-0.265724	-0.135928	-0.00146968	0.129146	0.252645	0.376501	0.480573	0.527687	0.503659	0.42959	0.338429	0.243461	0.148472	0.0644328	0.0254115	0.0382242	0.0826893	0.137574	0.187303	0.241928	0.317463	0.40199	0.46302	0.47268	0.419105	0.334848	0.243713	0.144905	0.052122	-0.0209062	-0.0618946	-0.0739055	
0.0668636	0.0668636	0.0588812	0.0513191	0.0488943	0.0507654	0.0675996	0.0844416	0.0650185	0.0199024	-0.0457356	-0.130043	-0.210942	-0.280679	-0.335287	-0.343064	-0.300113	-0.209534	-0.0875801	0.0488617	0.188995	0.321657	0.446535	0.565317	0.647385	0.661041	0.61053	0.50671	0.385273	0.26502	0.146684	0.0409184	-0.0169505	-0.0146996	0.0304969	0.0999694	0.180952	0.265891	0.36152	0.46302	0.533505	0.552916	0.510465	0.425833	0.330127	0.228185	0.139202	0.0720622	0.0380182	0.0288907	
0.368396	0.368396	0.35522	0.338486	0.321347	0.307893	0.300913	0.290029	0.254034	0.189644	0.104625	0.013545	-0.0722972	-0.145866	-0.1978	-0.212161	-0.170838	-0.0832294	0.0387915	0.181109	0.329842	0.466127	0.594987	0.707345	0.778301	0.776235	0.699294	0.569714	0.425069	0.283613	0.143067	0.0193714	-0.0601043	-0.0753318	-0.0322352	0.0457823	0.144249	0.249138	0.362623	0.47268	0.552916	0.580673	0.551209	0.474627	0.384285	0.293196	0.215507	0.155711	0.127368	0.123003	
0.597669	0.597669	0.58479	0.564283	0.541284	0.519919	0.498272	0.458267	0.408457	0.329104	0.229577	0.131407	0.05038	-0.0204501	-0.0695003	-0.0975623	-0.0761915	-0.00453582	0.107578	0.248723	0.395658	0.535937	0.672862	0.78825	0.851751	0.841307	0.748627	0.605716	0.449999	0.292462	0.138325	-0.000140784	-0.0990947	-0.134731	-0.100404	-0.0224873	0.079631	0.19205	0.30711	0.419105	0.510465	0.551209	0.534163	0.478354	0.407752	0.344123	0.28481	0.237601	0.214884	0.218264	
0.719435	0.719435	0.715366	0.702501	0.68662	0.671882	0.64581	0.602376	0.540396	0.450501	0.348928	0.25887	0.177248	0.109464	0.0519084	0.00451741	-0.00768806	0.0370343	0.127437	0.253842	0.394879	0.541063	0.680066	0.792243	0.851213	0.835664	0.739838	0.598487	0.44744	0.289216	0.126613	-0.0266763	-0.141908	-0.191021	-0.171137	-0.104956	-0.0096685	0.105055	0.223508	0.334848	0.425833	0.474627	0.478354	0.454338	0.416841	0.38628	0.354091	0.326937	0.319918	0.327522	
0.752831	0.752831	0.754038	0.748448	0.748632	0.754522	0.742402	0.718824	0.673646	0.591326	0.491852	0.404567	0.321115	0.246553	0.173975	0.10522	0.0566559	0.061639	0.122735	0.22178	0.345657	0.486509	0.617192	0.721039	0.771073	0.745031	0.653556	0.527847	0.391259	0.243511	0.0805295	-0.0792463	-0.200839	-0.256406	-0.247149	-0.189203	-0.0994298	0.0128124	0.133287	0.243713	0.330127	0.384285	0.407752	0.416841	0.42336	0.425095	0.421031	0.420542	0.428525	0.439122	
0.697235	0.697235	0.700986	0.714035	0.738672	0.767473	0.788666	0.797976	0.787761	0.737577	0.656561	0.564164	0.476255	0.394404	0.306783	0.213195	0.138267	0.103004	0.120036	0.178958	0.2755	0.395485	0.507941	0.594532	0.626038	0.587418	0.503105	0.392676	0.266079	0.130503	-0.0212762	-0.170683	-0.279922	-0.329659	-0.321789	-0.264219	-0.173875	-0.0696899	0.0417961	0.144905	0.228185	0.293196	0.344123	0.38628	0.425095	0.461253	0.488788	0.513616	0.53361	0.553459	
0.555853	0.555853	0.572672	0.61175	0.664625	0.727875	0.79237	0.842989	0.868731	0.854326	0.801148	0.72335	0.638325	0.556033	0.457303	0.339834	0.234268	0.159863	0.131075	0.14963	0.205796	0.285657	0.362115	0.41561	0.42384	0.377655	0.295147	0.191462	0.0763089	-0.0407203	-0.168426	-0.29546	-0.385912	-0.418829	-0.396439	-0.330835	-0.24405	-0.147829	-0.0472024	0.052122	0.139202	0.215507	0.28481	0.354091	0.421031	0.488788	0.544799	0.586648	0.620392	0.64718	
0.36863	0.36863	0.396101	0.457168	0.541591	0.643749	0.755075	0.852567	0.922001	0.943111	0.920276	0.86562	0.796391	0.716619	0.612511	0.47758	0.3455	0.232355	0.160665	0.131726	0.13781	0.167652	0.20095	0.209125	0.183693	0.12732	0.0454914	-0.0455368	-0.134758	-0.227566	-0.330727	-0.427193	-0.504127	-0.525017	-0.48029	-0.400415	-0.308962	-0.210065	-0.114173	-0.0209062	0.0720622	0.155711	0.237601	0.326937	0.420542	0.513616	0.586648	0.641615	0.688564	0.725054	
0.162834	0.162834	0.196623	0.274891	0.388794	0.527364	0.680897	0.82286	0.942345	1.00959	1.02259	0.99456	0.948111	0.870396	0.754525	0.605834	0.454899	0.307446	0.194712	0.119338	0.0700709	0.0463277	0.0338474	0.00090996	-0.0589261	-0.132329	-0.217092	-0.291907	-0.350061	-0.407211	-0.476534	-0.550711	-0.614588	-0.621753	-0.560497	-0.465692	-0.364056	-0.263819	-0.163632	-0.0618946	0.0380182	0.127368	0.214884	0.319918	0.428525	0.53361	0.620392	0.688564	0.74428	0.794543	
-0.0358004	-0.0358004	0.00562491	0.0949963	0.226118	0.393742	0.586507	0.774113	0.942172	1.05859	1.11176	1.11095	1.07442	0.996392	0.874732	0.71622	0.54744	0.376902	0.223291	0.0954838	-0.00626516	-0.0794178	-0.139616	-0.208564	-0.293258	-0.372047	-0.441974	-0.500086	-0.543711	-0.571303	-0.608007	-0.654875	-0.688474	-0.676305	-0.615224	-0.518389	-0.406359	-0.29712	-0.186337	-0.0739055	0.0288907	0.123003	0.218264	0.327522	0.439122	0.553459	0.64718	0.725054	0.794543	0.85432	
