0.377628	0.35458	0.345056	0.359325	0.38667	0.411102	0.439424	0.461973	0.469444	0.464954	0.45342	0.442002	0.434207	0.425688	0.402481	0.368778	0.32382	0.279082	0.233753	0.183127	0.130615	0.0730778	0.013553	-0.0252594	-0.0464883	-0.0303873	0.00246446	0.0448915	0.108016	0.178327	0.242873	0.293683	0.351221	0.426101	0.511163	0.587529	0.652864	0.700595	0.732152	0.744892	0.735394	0.696933	0.628676	0.546191	0.449708	0.354183	0.273094	0.209439	0.173996	0.173996	
0.35458	0.375568	0.412671	0.465018	0.514867	0.550092	0.572679	0.575883	0.566215	0.551686	0.530505	0.51204	0.499225	0.497995	0.49075	0.473262	0.43869	0.400409	0.361547	0.308789	0.241237	0.156944	0.0662514	0.00345338	-0.0351873	-0.0368422	-0.0109835	0.0352136	0.107472	0.177629	0.243334	0.296902	0.363039	0.456707	0.549154	0.623891	0.681043	0.71123	0.717333	0.705045	0.67489	0.632071	0.574867	0.507016	0.426975	0.344238	0.273132	0.215206	0.180804	0.180804	
0.345056	0.412671	0.499863	0.588156	0.660744	0.705206	0.713728	0.692454	0.659599	0.62824	0.593119	0.568313	0.554136	0.553692	0.557595	0.547904	0.523596	0.493199	0.456364	0.400697	0.318189	0.2078	0.0972824	0.0150238	-0.0365853	-0.0538369	-0.0367394	0.0114401	0.0829867	0.158334	0.229177	0.295329	0.374806	0.469396	0.557358	0.624266	0.663336	0.672149	0.653208	0.620846	0.578983	0.536089	0.490221	0.440646	0.38317	0.315704	0.259708	0.208284	0.176933	0.176933	
0.359325	0.465018	0.588156	0.703037	0.799074	0.84916	0.843679	0.801347	0.747283	0.689195	0.635346	0.599985	0.582575	0.582706	0.590532	0.587367	0.571723	0.544756	0.502525	0.441053	0.346779	0.226378	0.107152	0.0145747	-0.0470517	-0.0751413	-0.0629489	-0.0154357	0.0524565	0.132155	0.21559	0.301381	0.391107	0.478222	0.554386	0.60399	0.622119	0.605163	0.560749	0.51453	0.466891	0.423247	0.387374	0.351541	0.309547	0.257302	0.211111	0.169862	0.142139	0.142139	
0.38667	0.514867	0.660744	0.799074	0.901838	0.954554	0.948473	0.89717	0.819577	0.736228	0.665782	0.621449	0.597841	0.592278	0.59391	0.590713	0.57969	0.551544	0.503393	0.434418	0.334597	0.215571	0.101201	0.00332442	-0.0593341	-0.0869862	-0.0770695	-0.0318394	0.0264399	0.10759	0.20441	0.306991	0.404201	0.482069	0.538568	0.566855	0.562352	0.521501	0.461	0.40113	0.350171	0.302133	0.267118	0.238636	0.202886	0.167571	0.135221	0.113478	0.0957631	0.0957631	
0.411102	0.550092	0.705206	0.84916	0.954554	1.01841	1.02273	0.965975	0.872857	0.768992	0.686009	0.631355	0.599869	0.587603	0.576595	0.570742	0.558519	0.526105	0.47934	0.407155	0.31341	0.207067	0.0941145	-0.0024232	-0.0677128	-0.0926671	-0.0790731	-0.0434203	0.00991716	0.0881649	0.191756	0.302212	0.402529	0.471927	0.503727	0.506401	0.477515	0.419505	0.346594	0.276309	0.220308	0.172586	0.139813	0.117918	0.0921473	0.0718357	0.0605613	0.0588499	0.0552802	0.0552802	
0.439424	0.572679	0.713728	0.843679	0.948473	1.02273	1.03624	0.982892	0.886125	0.779225	0.694072	0.634713	0.595658	0.570002	0.551381	0.538871	0.523847	0.494293	0.451604	0.383319	0.301071	0.207686	0.102574	0.011172	-0.0496356	-0.07372	-0.0644845	-0.0398144	0.0034593	0.0748462	0.16893	0.273791	0.367085	0.421692	0.428921	0.404924	0.364243	0.305425	0.231434	0.159376	0.0976904	0.0493932	0.0182631	-0.000272843	-0.0129143	-0.015101	-0.00178808	0.0190493	0.0306554	0.0306554	
0.461973	0.575883	0.692454	0.801347	0.89717	0.965975	0.982892	0.941888	0.856284	0.765957	0.689702	0.623425	0.578603	0.54191	0.518282	0.499856	0.483785	0.464947	0.426706	0.376845	0.308732	0.223393	0.131957	0.0475592	-0.00591081	-0.0320303	-0.0288091	-0.0133704	0.0164916	0.0710734	0.134865	0.215941	0.289511	0.323165	0.313594	0.275473	0.235607	0.188112	0.120182	0.0510181	-0.0112627	-0.0587417	-0.0851759	-0.0961689	-0.0937632	-0.0780058	-0.0462437	-0.0120558	0.008857	0.008857	
0.469444	0.566215	0.659599	0.747283	0.819577	0.872857	0.886125	0.856284	0.801232	0.736654	0.674129	0.610033	0.555035	0.509489	0.479176	0.462237	0.446495	0.431336	0.406824	0.372845	0.31816	0.248758	0.176815	0.108899	0.0603262	0.0292156	0.0185534	0.0221505	0.0382479	0.0642256	0.0955141	0.139775	0.179587	0.190433	0.166175	0.129572	0.103391	0.0709776	0.0221133	-0.0344956	-0.0921934	-0.135491	-0.16147	-0.167362	-0.151936	-0.122233	-0.0784619	-0.036728	-0.0132286	-0.0132286	
0.464954	0.551686	0.62824	0.689195	0.736228	0.768992	0.779225	0.765957	0.736654	0.699408	0.650342	0.593451	0.532509	0.486684	0.458017	0.436042	0.412355	0.391725	0.37478	0.352896	0.321127	0.27618	0.230786	0.184303	0.14045	0.100432	0.0749768	0.0620095	0.0561314	0.0509387	0.0455612	0.0500192	0.0522974	0.0425114	0.0141161	-0.0089814	-0.0220833	-0.038839	-0.0665988	-0.105702	-0.145221	-0.184839	-0.206596	-0.207554	-0.188801	-0.148351	-0.101216	-0.0605389	-0.0395114	-0.0395114	
0.45342	0.530505	0.593119	0.635346	0.665782	0.686009	0.694072	0.689702	0.674129	0.650342	0.615482	0.563923	0.506454	0.467805	0.447938	0.424823	0.399061	0.371767	0.356923	0.346122	0.33298	0.313522	0.29097	0.26367	0.219648	0.173198	0.126005	0.088491	0.0555156	0.0196086	-0.0173009	-0.0480015	-0.0706706	-0.0959923	-0.118123	-0.128553	-0.131714	-0.138466	-0.148007	-0.161015	-0.18342	-0.207238	-0.223138	-0.224314	-0.203859	-0.166583	-0.120587	-0.0862817	-0.0736103	-0.0736103	
0.442002	0.51204	0.568313	0.599985	0.621449	0.631355	0.634713	0.623425	0.610033	0.593451	0.563923	0.520998	0.477266	0.454194	0.444871	0.433099	0.409265	0.377149	0.359642	0.355165	0.352063	0.351162	0.343981	0.330199	0.29216	0.237968	0.167705	0.100849	0.0392139	-0.0268419	-0.0881878	-0.140802	-0.175035	-0.203193	-0.219498	-0.221327	-0.218501	-0.214649	-0.206059	-0.194738	-0.193723	-0.203525	-0.212797	-0.217813	-0.213134	-0.188676	-0.154927	-0.135615	-0.132145	-0.132145	
0.434207	0.499225	0.554136	0.582575	0.597841	0.599869	0.595658	0.578603	0.555035	0.532509	0.506454	0.477266	0.447863	0.441659	0.446237	0.448114	0.426909	0.397125	0.382473	0.380078	0.385433	0.391025	0.387042	0.380287	0.343872	0.280388	0.194027	0.103431	0.021542	-0.0682438	-0.148911	-0.211644	-0.249113	-0.276315	-0.292261	-0.289364	-0.279571	-0.264623	-0.239157	-0.209005	-0.189701	-0.183195	-0.186426	-0.197316	-0.211785	-0.21523	-0.206476	-0.210262	-0.220416	-0.220416	
0.425688	0.497995	0.553692	0.582706	0.592278	0.587603	0.570002	0.54191	0.509489	0.486684	0.467805	0.454194	0.441659	0.444529	0.454081	0.460464	0.444544	0.420643	0.411924	0.414539	0.421221	0.423487	0.422983	0.419461	0.383063	0.315297	0.219148	0.111885	0.00832319	-0.101094	-0.195701	-0.260248	-0.295251	-0.321663	-0.338507	-0.335043	-0.317399	-0.295099	-0.26162	-0.220032	-0.190569	-0.171568	-0.166232	-0.178176	-0.205733	-0.236395	-0.258018	-0.285248	-0.307219	-0.307219	
0.402481	0.49075	0.557595	0.590532	0.59391	0.576595	0.551381	0.518282	0.479176	0.458017	0.447938	0.444871	0.446237	0.454081	0.465885	0.468961	0.455272	0.444047	0.444344	0.455788	0.46638	0.470763	0.47152	0.459978	0.418232	0.344025	0.243705	0.126586	0.00614438	-0.113821	-0.215585	-0.281021	-0.32193	-0.354008	-0.370284	-0.36496	-0.341658	-0.315388	-0.283893	-0.242451	-0.210965	-0.188416	-0.174317	-0.177668	-0.202301	-0.245446	-0.288701	-0.329696	-0.357149	-0.357149	
0.368778	0.473262	0.547904	0.587367	0.590713	0.570742	0.538871	0.499856	0.462237	0.436042	0.424823	0.433099	0.448114	0.460464	0.468961	0.468838	0.462699	0.465974	0.482424	0.508412	0.526772	0.531661	0.525852	0.49713	0.445016	0.3701	0.269256	0.147018	0.0149514	-0.108304	-0.210003	-0.285273	-0.339661	-0.378401	-0.393419	-0.379875	-0.354563	-0.330135	-0.302335	-0.268378	-0.237583	-0.216554	-0.199325	-0.190559	-0.205818	-0.248911	-0.302682	-0.350963	-0.377332	-0.377332	
0.32382	0.43869	0.523596	0.571723	0.57969	0.558519	0.523847	0.483785	0.446495	0.412355	0.399061	0.409265	0.426909	0.444544	0.455272	0.462699	0.475073	0.495335	0.527479	0.56263	0.587694	0.590829	0.571135	0.530811	0.471043	0.394876	0.292387	0.16399	0.0287463	-0.0907349	-0.187884	-0.27395	-0.347422	-0.393113	-0.406499	-0.389108	-0.363958	-0.342586	-0.318853	-0.287467	-0.257243	-0.238604	-0.222844	-0.212486	-0.218094	-0.254615	-0.309374	-0.354375	-0.377504	-0.377504	
0.279082	0.400409	0.493199	0.544756	0.551544	0.526105	0.494293	0.464947	0.431336	0.391725	0.371767	0.377149	0.397125	0.420643	0.444047	0.465974	0.495335	0.528055	0.570055	0.613721	0.639299	0.638307	0.610665	0.561857	0.499116	0.417494	0.310568	0.180959	0.0456839	-0.0656974	-0.162683	-0.258831	-0.346419	-0.402329	-0.414101	-0.395533	-0.373711	-0.352963	-0.332841	-0.303909	-0.271535	-0.255428	-0.245366	-0.240809	-0.241453	-0.264623	-0.307388	-0.338421	-0.353597	-0.353597	
0.233753	0.361547	0.456364	0.502525	0.503393	0.47934	0.451604	0.426706	0.406824	0.37478	0.356923	0.359642	0.382473	0.411924	0.444344	0.482424	0.527479	0.570055	0.615101	0.657626	0.674327	0.670062	0.641987	0.595072	0.530653	0.441082	0.330493	0.201806	0.0681031	-0.0416814	-0.137497	-0.23855	-0.332395	-0.397372	-0.413492	-0.398732	-0.382723	-0.365044	-0.351337	-0.325276	-0.293299	-0.27691	-0.273258	-0.275289	-0.272397	-0.279347	-0.295823	-0.306658	-0.306231	-0.306231	
0.183127	0.308789	0.400697	0.441053	0.434418	0.407155	0.383319	0.376845	0.372845	0.352896	0.346122	0.355165	0.380078	0.414539	0.455788	0.508412	0.56263	0.613721	0.657626	0.687546	0.69745	0.69224	0.667184	0.620844	0.554592	0.45911	0.353559	0.233576	0.10713	-0.000302958	-0.0954789	-0.192489	-0.293964	-0.368159	-0.396733	-0.393895	-0.38668	-0.379882	-0.374062	-0.35447	-0.324874	-0.30818	-0.305089	-0.310127	-0.304109	-0.295619	-0.289888	-0.276177	-0.26246	-0.26246	
0.130615	0.241237	0.318189	0.346779	0.334597	0.31341	0.301071	0.308732	0.31816	0.321127	0.33298	0.352063	0.385433	0.421221	0.46638	0.526772	0.587694	0.639299	0.674327	0.69745	0.704327	0.697076	0.673386	0.624309	0.557474	0.468092	0.380459	0.28087	0.171773	0.0757157	-0.0188417	-0.115585	-0.225881	-0.317143	-0.362481	-0.376061	-0.382377	-0.387049	-0.388135	-0.374077	-0.35019	-0.335278	-0.331555	-0.336998	-0.33104	-0.318141	-0.302266	-0.274892	-0.254317	-0.254317	
0.0730778	0.156944	0.2078	0.226378	0.215571	0.207067	0.207686	0.223393	0.248758	0.27618	0.313522	0.351162	0.391025	0.423487	0.470763	0.531661	0.590829	0.638307	0.670062	0.69224	0.697076	0.68476	0.656866	0.607878	0.550927	0.480642	0.412682	0.339632	0.253453	0.169937	0.0784324	-0.0231552	-0.141745	-0.248446	-0.313441	-0.349787	-0.37601	-0.395534	-0.403125	-0.391327	-0.372331	-0.35749	-0.350461	-0.350071	-0.343668	-0.333066	-0.316176	-0.291965	-0.271748	-0.271748	
0.013553	0.0662514	0.0972824	0.107152	0.101201	0.0941145	0.102574	0.131957	0.176815	0.230786	0.29097	0.343981	0.387042	0.422983	0.47152	0.525852	0.571135	0.610665	0.641987	0.667184	0.673386	0.656866	0.62981	0.591683	0.552477	0.503145	0.454826	0.402502	0.340054	0.265344	0.172653	0.0664084	-0.0596375	-0.174671	-0.261708	-0.322815	-0.374548	-0.41287	-0.42762	-0.420929	-0.401951	-0.387086	-0.371663	-0.358598	-0.343519	-0.325737	-0.309191	-0.290826	-0.277847	-0.277847	
-0.0252594	0.00345338	0.0150238	0.0145747	0.00332442	-0.0024232	0.011172	0.0475592	0.108899	0.184303	0.26367	0.330199	0.380287	0.419461	0.459978	0.49713	0.530811	0.561857	0.595072	0.620844	0.624309	0.607878	0.591683	0.579626	0.562868	0.540273	0.507328	0.46984	0.418274	0.344707	0.251639	0.141115	0.0186823	-0.102061	-0.209358	-0.296308	-0.371062	-0.428896	-0.450756	-0.445582	-0.429379	-0.410724	-0.392405	-0.370623	-0.341543	-0.312343	-0.28974	-0.274701	-0.269238	-0.269238	
-0.0464883	-0.0351873	-0.0365853	-0.0470517	-0.0593341	-0.0677128	-0.0496356	-0.00591081	0.0603262	0.14045	0.219648	0.29216	0.343872	0.383063	0.418232	0.445016	0.471043	0.499116	0.530653	0.554592	0.557474	0.550927	0.552477	0.562868	0.572526	0.577635	0.565792	0.541741	0.496535	0.422503	0.330577	0.223624	0.108065	-0.0186735	-0.143635	-0.256489	-0.359574	-0.435634	-0.472839	-0.47485	-0.456119	-0.434612	-0.410133	-0.378078	-0.33982	-0.300301	-0.273518	-0.26528	-0.264173	-0.264173	
-0.0303873	-0.0368422	-0.0538369	-0.0751413	-0.0869862	-0.0926671	-0.07372	-0.0320303	0.0292156	0.100432	0.173198	0.237968	0.280388	0.315297	0.344025	0.3701	0.394876	0.417494	0.441082	0.45911	0.468092	0.480642	0.503145	0.540273	0.577635	0.614099	0.627436	0.615175	0.576533	0.504151	0.419917	0.319212	0.207661	0.077861	-0.0633318	-0.197352	-0.319746	-0.413985	-0.467029	-0.483086	-0.475652	-0.457082	-0.433556	-0.398849	-0.355298	-0.310898	-0.278527	-0.266525	-0.261831	-0.261831	
0.00246446	-0.0109835	-0.0367394	-0.0629489	-0.0770695	-0.0790731	-0.0644845	-0.0288091	0.0185534	0.0749768	0.126005	0.167705	0.194027	0.219148	0.243705	0.269256	0.292387	0.310568	0.330493	0.353559	0.380459	0.412682	0.454826	0.507328	0.565792	0.627436	0.665839	0.673498	0.647075	0.588658	0.513183	0.419647	0.313414	0.184471	0.0385186	-0.108241	-0.244092	-0.357326	-0.434162	-0.480069	-0.499504	-0.491413	-0.468023	-0.427745	-0.378307	-0.330538	-0.293612	-0.2706	-0.257347	-0.257347	
0.0448915	0.0352136	0.0114401	-0.0154357	-0.0318394	-0.0434203	-0.0398144	-0.0133704	0.0221505	0.0620095	0.088491	0.100849	0.103431	0.111885	0.126586	0.147018	0.16399	0.180959	0.201806	0.233576	0.28087	0.339632	0.402502	0.46984	0.541741	0.615175	0.673498	0.700098	0.696736	0.658579	0.595456	0.514719	0.415689	0.292473	0.150624	-0.0012365	-0.146577	-0.271992	-0.375865	-0.459426	-0.51198	-0.523814	-0.501823	-0.455527	-0.402515	-0.350627	-0.308599	-0.274423	-0.250595	-0.250595	
0.108016	0.107472	0.0829867	0.0524565	0.0264399	0.00991716	0.0034593	0.0164916	0.0382479	0.0561314	0.0555156	0.0392139	0.021542	0.00832319	0.00614438	0.0149514	0.0287463	0.0456839	0.0681031	0.10713	0.171773	0.253453	0.340054	0.418274	0.496535	0.576533	0.647075	0.696736	0.715901	0.699106	0.653714	0.588755	0.502552	0.393075	0.259961	0.111505	-0.0325958	-0.166154	-0.289248	-0.404622	-0.492392	-0.526569	-0.515719	-0.473696	-0.422156	-0.371602	-0.327198	-0.289778	-0.261196	-0.261196	
0.178327	0.177629	0.158334	0.132155	0.10759	0.0881649	0.0748462	0.0710734	0.0642256	0.0509387	0.0196086	-0.0268419	-0.0682438	-0.101094	-0.113821	-0.108304	-0.0907349	-0.0656974	-0.0416814	-0.000302958	0.0757157	0.169937	0.265344	0.344707	0.422503	0.504151	0.588658	0.658579	0.699106	0.706639	0.684545	0.646336	0.582875	0.492894	0.372957	0.232238	0.0892733	-0.0504439	-0.187082	-0.325394	-0.438984	-0.496311	-0.503408	-0.477834	-0.435582	-0.391902	-0.354986	-0.321161	-0.299552	-0.299552	
0.242873	0.243334	0.229177	0.21559	0.20441	0.191756	0.16893	0.134865	0.0955141	0.0455612	-0.0173009	-0.0881878	-0.148911	-0.195701	-0.215585	-0.210003	-0.187884	-0.162683	-0.137497	-0.0954789	-0.0188417	0.0784324	0.172653	0.251639	0.330577	0.419917	0.513183	0.595456	0.653714	0.684545	0.696388	0.696383	0.665585	0.598318	0.491622	0.354884	0.209299	0.0660011	-0.0772217	-0.226891	-0.353768	-0.436021	-0.470788	-0.470948	-0.453288	-0.421025	-0.392325	-0.366482	-0.34981	-0.34981	
0.293683	0.296902	0.295329	0.301381	0.306991	0.302212	0.273791	0.215941	0.139775	0.0500192	-0.0480015	-0.140802	-0.211644	-0.260248	-0.281021	-0.285273	-0.27395	-0.258831	-0.23855	-0.192489	-0.115585	-0.0231552	0.0664084	0.141115	0.223624	0.319212	0.419647	0.514719	0.588755	0.646336	0.696383	0.734752	0.742481	0.701157	0.60736	0.476032	0.32834	0.182394	0.0350405	-0.117333	-0.255395	-0.35454	-0.415613	-0.44789	-0.457948	-0.451617	-0.435246	-0.418535	-0.406383	-0.406383	
0.351221	0.363039	0.374806	0.391107	0.404201	0.402529	0.367085	0.289511	0.179587	0.0522974	-0.0706706	-0.175035	-0.249113	-0.295251	-0.32193	-0.339661	-0.347422	-0.346419	-0.332395	-0.293964	-0.225881	-0.141745	-0.0596375	0.0186823	0.108065	0.207661	0.313414	0.415689	0.502552	0.582875	0.665585	0.742481	0.78809	0.779221	0.707086	0.589851	0.454305	0.315598	0.171896	0.0176358	-0.127109	-0.244529	-0.332239	-0.400124	-0.452527	-0.481078	-0.489851	-0.481691	-0.474015	-0.474015	
0.426101	0.456707	0.469396	0.478222	0.482069	0.471927	0.421692	0.323165	0.190433	0.0425114	-0.0959923	-0.203193	-0.276315	-0.321663	-0.354008	-0.378401	-0.393113	-0.402329	-0.397372	-0.368159	-0.317143	-0.248446	-0.174671	-0.102061	-0.0186735	0.077861	0.184471	0.292473	0.393075	0.492894	0.598318	0.701157	0.779221	0.802495	0.766065	0.685987	0.585578	0.475516	0.34622	0.193239	0.0406635	-0.0969468	-0.218038	-0.327174	-0.430658	-0.507258	-0.55069	-0.563106	-0.563176	-0.563176	
0.511163	0.549154	0.557358	0.554386	0.538568	0.503727	0.428921	0.313594	0.166175	0.0141161	-0.118123	-0.219498	-0.292261	-0.338507	-0.370284	-0.393419	-0.406499	-0.414101	-0.413492	-0.396733	-0.362481	-0.313441	-0.261708	-0.209358	-0.143635	-0.0633318	0.0385186	0.150624	0.259961	0.372957	0.491622	0.60736	0.707086	0.766065	0.777979	0.751286	0.705408	0.637217	0.529867	0.388964	0.230995	0.0753376	-0.0782051	-0.231254	-0.381993	-0.510534	-0.597464	-0.64441	-0.662258	-0.662258	
0.587529	0.623891	0.624266	0.60399	0.566855	0.506401	0.404924	0.275473	0.129572	-0.0089814	-0.128553	-0.221327	-0.289364	-0.335043	-0.36496	-0.379875	-0.389108	-0.395533	-0.398732	-0.393895	-0.376061	-0.349787	-0.322815	-0.296308	-0.256489	-0.197352	-0.108241	-0.0012365	0.111505	0.232238	0.354884	0.476032	0.589851	0.685987	0.751286	0.784967	0.797043	0.772626	0.697084	0.572645	0.418236	0.245509	0.0610466	-0.127815	-0.315205	-0.479887	-0.608019	-0.68929	-0.730486	-0.730486	
0.652864	0.681043	0.663336	0.622119	0.562352	0.477515	0.364243	0.235607	0.103391	-0.0220833	-0.131714	-0.218501	-0.279571	-0.317399	-0.341658	-0.354563	-0.363958	-0.373711	-0.382723	-0.38668	-0.382377	-0.37601	-0.374548	-0.371062	-0.359574	-0.319746	-0.244092	-0.146577	-0.0325958	0.0892733	0.209299	0.32834	0.454305	0.585578	0.705408	0.797043	0.860131	0.877058	0.833426	0.731209	0.582858	0.399809	0.190201	-0.0245951	-0.233336	-0.423794	-0.580331	-0.693483	-0.754507	-0.754507	
0.700595	0.71123	0.672149	0.605163	0.521501	0.419505	0.305425	0.188112	0.0709776	-0.038839	-0.138466	-0.214649	-0.264623	-0.295099	-0.315388	-0.330135	-0.342586	-0.352963	-0.365044	-0.379882	-0.387049	-0.395534	-0.41287	-0.428896	-0.435634	-0.413985	-0.357326	-0.271992	-0.166154	-0.0504439	0.0660011	0.182394	0.315598	0.475516	0.637217	0.772626	0.877058	0.933974	0.924975	0.854852	0.724692	0.541373	0.322303	0.089814	-0.136044	-0.345957	-0.52375	-0.659412	-0.732147	-0.732147	
0.732152	0.717333	0.653208	0.560749	0.461	0.346594	0.231434	0.120182	0.0221133	-0.0665988	-0.148007	-0.206059	-0.239157	-0.26162	-0.283893	-0.302335	-0.318853	-0.332841	-0.351337	-0.374062	-0.388135	-0.403125	-0.42762	-0.450756	-0.472839	-0.467029	-0.434162	-0.375865	-0.289248	-0.187082	-0.0772217	0.0350405	0.171896	0.34622	0.529867	0.697084	0.833426	0.924975	0.959215	0.928866	0.830802	0.671404	0.461794	0.224862	-0.010619	-0.238072	-0.432403	-0.577321	-0.657076	-0.657076	
0.744892	0.705045	0.620846	0.51453	0.40113	0.276309	0.159376	0.0510181	-0.0344956	-0.105702	-0.161015	-0.194738	-0.209005	-0.220032	-0.242451	-0.268378	-0.287467	-0.303909	-0.325276	-0.35447	-0.374077	-0.391327	-0.420929	-0.445582	-0.47485	-0.483086	-0.480069	-0.459426	-0.404622	-0.325394	-0.226891	-0.117333	0.0176358	0.193239	0.388964	0.572645	0.731209	0.854852	0.928866	0.943686	0.892156	0.771399	0.591146	0.371307	0.136445	-0.0928542	-0.287654	-0.434441	-0.510393	-0.510393	
0.735394	0.67489	0.578983	0.466891	0.350171	0.220308	0.0976904	-0.0112627	-0.0921934	-0.145221	-0.18342	-0.193723	-0.189701	-0.190569	-0.210965	-0.237583	-0.257243	-0.271535	-0.293299	-0.324874	-0.35019	-0.372331	-0.401951	-0.429379	-0.456119	-0.475652	-0.499504	-0.51198	-0.492392	-0.438984	-0.353768	-0.255395	-0.127109	0.0406635	0.230995	0.418236	0.582858	0.724692	0.830802	0.892156	0.889082	0.818363	0.685685	0.500985	0.297051	0.0907701	-0.0855861	-0.21807	-0.288192	-0.288192	
0.696933	0.632071	0.536089	0.423247	0.302133	0.172586	0.0493932	-0.0587417	-0.135491	-0.184839	-0.207238	-0.203525	-0.183195	-0.171568	-0.188416	-0.216554	-0.238604	-0.255428	-0.27691	-0.30818	-0.335278	-0.35749	-0.387086	-0.410724	-0.434612	-0.457082	-0.491413	-0.523814	-0.526569	-0.496311	-0.436021	-0.35454	-0.244529	-0.0969468	0.0753376	0.245509	0.399809	0.541373	0.671404	0.771399	0.818363	0.804574	0.730152	0.607536	0.460396	0.30628	0.168007	0.0594003	-0.00162008	-0.00162008	
0.628676	0.574867	0.490221	0.387374	0.267118	0.139813	0.0182631	-0.0851759	-0.16147	-0.206596	-0.223138	-0.212797	-0.186426	-0.166232	-0.174317	-0.199325	-0.222844	-0.245366	-0.273258	-0.305089	-0.331555	-0.350461	-0.371663	-0.392405	-0.410133	-0.433556	-0.468023	-0.501823	-0.515719	-0.503408	-0.470788	-0.415613	-0.332239	-0.218038	-0.0782051	0.0610466	0.190201	0.322303	0.461794	0.591146	0.685685	0.730152	0.728018	0.688281	0.620933	0.543009	0.46169	0.387854	0.343499	0.343499	
0.546191	0.507016	0.440646	0.351541	0.238636	0.117918	-0.000272843	-0.0961689	-0.167362	-0.207554	-0.224314	-0.217813	-0.197316	-0.178176	-0.177668	-0.190559	-0.212486	-0.240809	-0.275289	-0.310127	-0.336998	-0.350071	-0.358598	-0.370623	-0.378078	-0.398849	-0.427745	-0.455527	-0.473696	-0.477834	-0.470948	-0.44789	-0.400124	-0.327174	-0.231254	-0.127815	-0.0245951	0.089814	0.224862	0.371307	0.500985	0.607536	0.688281	0.741346	0.773113	0.783606	0.774038	0.75314	0.733282	0.733282	
0.449708	0.426975	0.38317	0.309547	0.202886	0.0921473	-0.0129143	-0.0937632	-0.151936	-0.188801	-0.203859	-0.213134	-0.211785	-0.205733	-0.202301	-0.205818	-0.218094	-0.241453	-0.272397	-0.304109	-0.33104	-0.343668	-0.343519	-0.341543	-0.33982	-0.355298	-0.378307	-0.402515	-0.422156	-0.435582	-0.453288	-0.457948	-0.452527	-0.430658	-0.381993	-0.315205	-0.233336	-0.136044	-0.010619	0.136445	0.297051	0.460396	0.620933	0.773113	0.901548	1.0089	1.0836	1.12783	1.1456	1.1456	
0.354183	0.344238	0.315704	0.257302	0.167571	0.0718357	-0.015101	-0.0780058	-0.122233	-0.148351	-0.166583	-0.188676	-0.21523	-0.236395	-0.245446	-0.248911	-0.254615	-0.264623	-0.279347	-0.295619	-0.318141	-0.333066	-0.325737	-0.312343	-0.300301	-0.310898	-0.330538	-0.350627	-0.371602	-0.391902	-0.421025	-0.451617	-0.481078	-0.507258	-0.510534	-0.479887	-0.423794	-0.345957	-0.238072	-0.0928542	0.0907701	0.30628	0.543009	0.783606	1.0089	1.20929	1.36961	1.48361	1.54081	1.54081	
0.273094	0.273132	0.259708	0.211111	0.135221	0.0605613	-0.00178808	-0.0462437	-0.0784619	-0.101216	-0.120587	-0.154927	-0.206476	-0.258018	-0.288701	-0.302682	-0.309374	-0.307388	-0.295823	-0.289888	-0.302266	-0.316176	-0.309191	-0.28974	-0.273518	-0.278527	-0.293612	-0.308599	-0.327198	-0.354986	-0.392325	-0.435246	-0.489851	-0.55069	-0.597464	-0.608019	-0.580331	-0.52375	-0.432403	-0.287654	-0.0855861	0.168007	0.46169	0.774038	1.0836	1.36961	1.61046	1.78762	1.88131	1.88131	
0.209439	0.215206	0.208284	0.169862	0.113478	0.0588499	0.0190493	-0.0120558	-0.036728	-0.0605389	-0.0862817	-0.135615	-0.210262	-0.285248	-0.329696	-0.350963	-0.354375	-0.338421	-0.306658	-0.276177	-0.274892	-0.291965	-0.290826	-0.274701	-0.26528	-0.266525	-0.2706	-0.274423	-0.289778	-0.321161	-0.366482	-0.418535	-0.481691	-0.563106	-0.64441	-0.68929	-0.693483	-0.659412	-0.577321	-0.434441	-0.21807	0.0594003	0.387854	0.75314	1.12783	1.48361	1.78762	2.01197	2.13159	2.13159	
0.173996	0.180804	0.176933	0.142139	0.0957631	0.0552802	0.0306554	0.008857	-0.0132286	-0.0395114	-0.0736103	-0.132145	-0.220416	-0.307219	-0.357149	-0.377332	-0.377504	-0.353597	-0.306231	-0.26246	-0.254317	-0.271748	-0.277847	-0.269238	-0.264173	-0.261831	-0.257347	-0.250595	-0.261196	-0.299552	-0.34981	-0.406383	-0.474015	-0.563176	-0.662258	-0.730486	-0.754507	-0.732147	-0.657076	-0.510393	-0.288192	-0.00162008	0.343499	0.733282	1.1456	1.54081	1.88131	2.13159	2.26507	2.26507	
0.173996	0.180804	0.176933	0.142139	0.0957631	0.0552802	0.0306554	0.008857	-0.0132286	-0.0395114	-0.0736103	-0.132145	-0.220416	-0.307219	-0.357149	-0.377332	-0.377504	-0.353597	-0.306231	-0.26246	-0.254317	-0.271748	-0.277847	-0.269238	-0.264173	-0.261831	-0.257347	-0.250595	-0.261196	-0.299552	-0.34981	-0.406383	-0.474015	-0.563176	-0.662258	-0.730486	-0.754507	-0.732147	-0.657076	-0.510393	-0.288192	-0.00162008	0.343499	0.733282	1.1456	1.54081	1.88131	2.13159	2.26507	2.26507	
