2.36466	2.36466	2.30055	2.15675	1.92827	1.62535	1.28263	0.928608	0.585657	0.277103	0.0271157	-0.152104	-0.25009	-0.283215	-0.269083	-0.217455	-0.151061	-0.0831737	-0.0436258	-0.0480587	-0.0923959	-0.183103	-0.318398	-0.442063	-0.536287	-0.603783	-0.619183	-0.566637	-0.455629	-0.311869	-0.164953	-0.0435048	0.0414897	0.118311	0.211342	0.322209	0.397482	0.4255	0.395728	0.3078	0.177986	0.0272435	-0.138612	-0.287082	-0.377407	-0.40118	-0.355147	-0.263694	-0.151073	-0.0263687	
2.36466	2.36466	2.30055	2.15675	1.92827	1.62535	1.28263	0.928608	0.585657	0.277103	0.0271157	-0.152104	-0.25009	-0.283215	-0.269083	-0.217455	-0.151061	-0.0831737	-0.0436258	-0.0480587	-0.0923959	-0.183103	-0.318398	-0.442063	-0.536287	-0.603783	-0.619183	-0.566637	-0.455629	-0.311869	-0.164953	-0.0435048	0.0414897	0.118311	0.211342	0.322209	0.397482	0.4255	0.395728	0.3078	0.177986	0.0272435	-0.138612	-0.287082	-0.377407	-0.40118	-0.355147	-0.263694	-0.151073	-0.0263687	
2.30055	2.30055	2.22711	2.08204	1.86501	1.57915	1.24738	0.896324	0.561431	0.270669	0.0345335	-0.139729	-0.234761	-0.261433	-0.237738	-0.181019	-0.108061	-0.0352291	0.014122	0.0182538	-0.0190034	-0.107159	-0.232821	-0.358402	-0.457921	-0.525519	-0.539478	-0.49149	-0.392984	-0.269247	-0.138475	-0.0322028	0.0453097	0.11656	0.195547	0.282132	0.353008	0.377162	0.352479	0.272691	0.144182	-0.00422249	-0.164343	-0.308452	-0.397012	-0.417119	-0.378449	-0.296078	-0.18596	-0.0593088	
2.15675	2.15675	2.08204	1.94382	1.74293	1.47869	1.1663	0.832034	0.516056	0.248727	0.0396097	-0.113199	-0.204186	-0.229805	-0.190015	-0.117289	-0.0300832	0.0547133	0.114558	0.132765	0.110912	0.0280197	-0.0872571	-0.201636	-0.304676	-0.375939	-0.391874	-0.357278	-0.282432	-0.182785	-0.0797001	-2.35021e-05	0.0627993	0.118704	0.175002	0.232968	0.285194	0.299669	0.281671	0.21683	0.0985851	-0.045951	-0.196841	-0.328632	-0.414362	-0.443513	-0.419875	-0.347916	-0.240405	-0.113672	
1.92827	1.92827	1.86501	1.74293	1.55716	1.31122	1.03123	0.736782	0.455847	0.213018	0.0290042	-0.0974078	-0.169478	-0.182656	-0.131003	-0.0444706	0.0573945	0.164785	0.241552	0.276543	0.266658	0.198219	0.0971723	-0.0013141	-0.102991	-0.177899	-0.197711	-0.181045	-0.133849	-0.0601404	0.0123701	0.0605887	0.0976615	0.131184	0.159994	0.197898	0.226592	0.2317	0.213579	0.162095	0.0650815	-0.0639767	-0.203859	-0.329174	-0.416741	-0.455838	-0.449229	-0.396671	-0.305465	-0.184161	
1.62535	1.62535	1.57915	1.47869	1.31122	1.08799	0.84977	0.608062	0.373946	0.167281	0.00990449	-0.0945075	-0.138866	-0.128862	-0.0697696	0.0253744	0.141976	0.271085	0.374327	0.427048	0.42605	0.377391	0.291651	0.201047	0.111751	0.044557	0.0162696	0.0151828	0.0337736	0.077115	0.123287	0.145603	0.152617	0.159704	0.164304	0.184422	0.19701	0.19613	0.181268	0.143489	0.0690358	-0.0348527	-0.165657	-0.292537	-0.385158	-0.437933	-0.452105	-0.433094	-0.370923	-0.263488	
1.28263	1.28263	1.24738	1.1663	1.03123	0.84977	0.650625	0.454475	0.272404	0.117951	-0.00457282	-0.0860415	-0.111568	-0.0845786	-0.0183687	0.0902381	0.219525	0.356835	0.478456	0.554669	0.574328	0.542438	0.467479	0.382355	0.314837	0.2608	0.22678	0.209532	0.20662	0.218628	0.241116	0.245461	0.226013	0.207511	0.195287	0.198378	0.200136	0.197014	0.191147	0.172272	0.119023	0.0357815	-0.0802559	-0.203268	-0.304134	-0.381379	-0.430666	-0.445	-0.410848	-0.330309	
0.928608	0.928608	0.896324	0.832034	0.736782	0.608062	0.454475	0.30458	0.169482	0.0616885	-0.0167725	-0.067108	-0.0809758	-0.0493057	0.0263692	0.139538	0.277756	0.42402	0.559437	0.649338	0.689552	0.673064	0.614016	0.548247	0.498553	0.454457	0.415552	0.386922	0.368384	0.357964	0.355447	0.34478	0.309207	0.265265	0.242945	0.234768	0.233181	0.235227	0.241065	0.235257	0.208183	0.149102	0.0495142	-0.0720142	-0.185499	-0.291989	-0.374914	-0.420624	-0.416948	-0.373748	
0.585657	0.585657	0.561431	0.516056	0.455847	0.373946	0.272404	0.169482	0.0847105	0.0202575	-0.0236718	-0.0524859	-0.0533232	-0.0198598	0.0562109	0.168072	0.310354	0.465672	0.607349	0.705732	0.758833	0.760678	0.724523	0.68341	0.648282	0.609858	0.570609	0.53709	0.510847	0.483915	0.456706	0.424638	0.374748	0.321026	0.292719	0.28435	0.285877	0.297968	0.312771	0.31817	0.314934	0.281866	0.202771	0.0832843	-0.0491679	-0.17577	-0.289364	-0.367372	-0.403334	-0.400909	
0.277103	0.277103	0.270669	0.248727	0.213018	0.167281	0.117951	0.0616885	0.0202575	-0.00908974	-0.0269059	-0.0385961	-0.030233	-0.00316509	0.0649131	0.172997	0.315783	0.472587	0.614993	0.724277	0.794152	0.814636	0.798609	0.7826	0.763782	0.733215	0.694813	0.661427	0.628719	0.589438	0.544235	0.489932	0.42962	0.374947	0.341043	0.332416	0.341478	0.365195	0.400661	0.430698	0.442174	0.42357	0.356031	0.242865	0.0975297	-0.0515505	-0.187243	-0.294441	-0.370303	-0.411371	
0.0271157	0.0271157	0.0345335	0.0396097	0.0290042	0.00990449	-0.00457282	-0.0167725	-0.0236718	-0.0269059	-0.03405	-0.0337938	-0.0231305	0.00284163	0.056657	0.153439	0.284651	0.437998	0.581512	0.70938	0.801368	0.840342	0.847662	0.851088	0.843845	0.825335	0.803839	0.77341	0.731177	0.677148	0.615807	0.547769	0.483535	0.432699	0.391292	0.382611	0.403843	0.442861	0.496717	0.552062	0.57443	0.561817	0.500364	0.390741	0.243673	0.0826541	-0.0710787	-0.205857	-0.321044	-0.407841	
-0.152104	-0.152104	-0.139729	-0.113199	-0.0974078	-0.0945075	-0.0860415	-0.067108	-0.0524859	-0.0385961	-0.0337938	-0.0339661	-0.0339375	-0.0147889	0.0294954	0.110452	0.231833	0.382069	0.529237	0.663622	0.772028	0.838762	0.876502	0.900087	0.9058	0.904425	0.897833	0.867268	0.812579	0.749513	0.679671	0.604509	0.538569	0.485494	0.445297	0.440827	0.4779	0.535727	0.604606	0.668696	0.700407	0.692673	0.636303	0.525656	0.3791	0.212123	0.0468092	-0.1141	-0.261495	-0.385786	
-0.25009	-0.25009	-0.234761	-0.204186	-0.169478	-0.138866	-0.111568	-0.0809758	-0.0533232	-0.030233	-0.0231305	-0.0339375	-0.0482113	-0.0436701	-0.0127562	0.0570797	0.168874	0.306669	0.454342	0.595495	0.719197	0.814632	0.881374	0.923898	0.952044	0.965495	0.962324	0.931279	0.878034	0.819824	0.74912	0.664196	0.584135	0.524046	0.496367	0.510393	0.559946	0.630421	0.708955	0.774755	0.809714	0.801032	0.747859	0.639276	0.488089	0.318951	0.146157	-0.0270653	-0.194454	-0.345977	
-0.283215	-0.283215	-0.261433	-0.229805	-0.182656	-0.128862	-0.0845786	-0.0493057	-0.0198598	-0.00316509	0.00284163	-0.0147889	-0.0436701	-0.0588083	-0.042736	0.00598606	0.0967514	0.224159	0.379745	0.531664	0.662806	0.775424	0.864977	0.932069	0.984299	1.00893	1.00287	0.976428	0.933542	0.881014	0.813678	0.723836	0.628986	0.5587	0.542471	0.574828	0.635679	0.711991	0.792367	0.858841	0.896865	0.882204	0.814448	0.70305	0.559249	0.399201	0.22906	0.051267	-0.127942	-0.294869	
-0.269083	-0.269083	-0.237738	-0.190015	-0.131003	-0.0697696	-0.0183687	0.0263692	0.0562109	0.0649131	0.056657	0.0294954	-0.0127562	-0.042736	-0.0457605	-0.0211993	0.0413113	0.154801	0.311864	0.4696	0.605671	0.731038	0.843398	0.92744	0.991909	1.03104	1.03458	1.01496	0.978338	0.923297	0.852574	0.76756	0.671319	0.597979	0.581345	0.615191	0.679906	0.760748	0.835201	0.891501	0.925287	0.906854	0.826443	0.712887	0.589251	0.449747	0.289435	0.115333	-0.0600752	-0.218817	
-0.217455	-0.217455	-0.181019	-0.117289	-0.0444706	0.0253744	0.0902381	0.139538	0.168072	0.172997	0.153439	0.110452	0.0570797	0.00598606	-0.0211993	-0.0134556	0.0357516	0.129764	0.259578	0.402731	0.548956	0.694316	0.819344	0.912136	0.980637	1.02667	1.03895	1.02635	0.995924	0.94228	0.869178	0.78302	0.687052	0.612199	0.588916	0.611585	0.675134	0.760394	0.832172	0.872858	0.887753	0.862474	0.790571	0.688017	0.574185	0.450993	0.312458	0.165329	0.0202047	-0.105961	
-0.151061	-0.151061	-0.108061	-0.0300832	0.0573945	0.141976	0.219525	0.277756	0.310354	0.315783	0.284651	0.231833	0.168874	0.0967514	0.0413113	0.0357516	0.0749501	0.14205	0.237816	0.366339	0.515152	0.659143	0.783818	0.881	0.949784	0.991002	1.00581	1.00034	0.979937	0.932695	0.855124	0.757787	0.657612	0.579195	0.551577	0.570976	0.630417	0.707006	0.770611	0.804559	0.80621	0.774258	0.718818	0.637892	0.533736	0.423076	0.31493	0.212228	0.114146	0.0300324	
-0.0831737	-0.0831737	-0.0352291	0.0547133	0.164785	0.271085	0.356835	0.42402	0.465672	0.472587	0.437998	0.382069	0.306669	0.224159	0.154801	0.129764	0.14205	0.182694	0.255177	0.37236	0.503454	0.625652	0.73919	0.834039	0.895689	0.925172	0.937703	0.936682	0.916079	0.869758	0.792692	0.691186	0.590033	0.512409	0.473643	0.488485	0.542602	0.605918	0.661986	0.702326	0.709147	0.677816	0.629742	0.568847	0.491161	0.408325	0.334194	0.278258	0.230873	0.189507	
-0.0436258	-0.0436258	0.014122	0.114558	0.241552	0.374327	0.478456	0.559437	0.607349	0.614993	0.581512	0.529237	0.454342	0.379745	0.311864	0.259578	0.237816	0.255177	0.312521	0.405241	0.508085	0.603263	0.693297	0.75859	0.798082	0.818192	0.82499	0.817219	0.785428	0.732846	0.657886	0.565558	0.477806	0.405498	0.360664	0.364604	0.411607	0.476879	0.544719	0.59334	0.613774	0.597035	0.560604	0.511864	0.462164	0.41681	0.384603	0.365879	0.363066	0.36336	
-0.0480587	-0.0480587	0.0182538	0.132765	0.276543	0.427048	0.554669	0.649338	0.705732	0.724277	0.70938	0.663622	0.595495	0.531664	0.4696	0.402731	0.366339	0.37236	0.405241	0.455954	0.519248	0.578885	0.625284	0.64813	0.659937	0.660163	0.647423	0.62465	0.584435	0.528871	0.459391	0.381009	0.309266	0.250018	0.216189	0.223399	0.27158	0.348997	0.43857	0.504725	0.54088	0.54644	0.531715	0.494814	0.459899	0.449285	0.454063	0.466636	0.496246	0.531612	
-0.0923959	-0.0923959	-0.0190034	0.110912	0.266658	0.42605	0.574328	0.689552	0.758833	0.794152	0.801368	0.772028	0.719197	0.662806	0.605671	0.548956	0.515152	0.503454	0.508085	0.519248	0.531413	0.537516	0.531068	0.50859	0.485189	0.452454	0.408855	0.369924	0.334032	0.287656	0.230667	0.168244	0.113322	0.0708864	0.0634374	0.0933789	0.153779	0.243647	0.35126	0.444764	0.507167	0.529339	0.530004	0.512738	0.497614	0.505808	0.537882	0.57991	0.629822	0.686758	
-0.183103	-0.183103	-0.107159	0.0280197	0.198219	0.377391	0.542438	0.673064	0.760678	0.814636	0.840342	0.838762	0.814632	0.775424	0.731038	0.694316	0.659143	0.625652	0.603263	0.578885	0.537516	0.487286	0.426484	0.349591	0.274773	0.202226	0.135201	0.0862949	0.0526456	0.0242855	-0.0121076	-0.0502796	-0.0793121	-0.091364	-0.0754409	-0.0209943	0.0624329	0.171252	0.294543	0.412579	0.504645	0.544004	0.551885	0.555656	0.565762	0.589392	0.63323	0.693534	0.752096	0.814039	
-0.318398	-0.318398	-0.232821	-0.0872571	0.0971723	0.291651	0.467479	0.614016	0.724523	0.798609	0.847662	0.876502	0.881374	0.864977	0.843398	0.819344	0.783818	0.73919	0.693297	0.625284	0.531068	0.426484	0.310589	0.17262	0.0438067	-0.0572413	-0.133783	-0.18982	-0.222281	-0.239255	-0.251686	-0.257955	-0.246225	-0.222951	-0.181708	-0.112131	-0.00372408	0.13145	0.270327	0.400609	0.516318	0.578533	0.60224	0.620702	0.648514	0.684948	0.733624	0.796387	0.863152	0.924345	
-0.442063	-0.442063	-0.358402	-0.201636	-0.0013141	0.201047	0.382355	0.548247	0.68341	0.7826	0.851088	0.900087	0.923898	0.932069	0.92744	0.912136	0.881	0.834039	0.75859	0.64813	0.50859	0.349591	0.17262	-0.0177465	-0.181355	-0.299165	-0.380445	-0.43236	-0.452799	-0.454474	-0.443594	-0.420089	-0.376685	-0.31957	-0.252192	-0.163152	-0.0392013	0.109858	0.261771	0.400439	0.520367	0.601879	0.653875	0.689091	0.724907	0.768747	0.821976	0.889799	0.964997	1.02762	
-0.536287	-0.536287	-0.457921	-0.304676	-0.102991	0.111751	0.314837	0.498553	0.648282	0.763782	0.843845	0.9058	0.952044	0.984299	0.991909	0.980637	0.949784	0.895689	0.798082	0.659937	0.485189	0.274773	0.0438067	-0.181355	-0.36221	-0.493083	-0.579458	-0.618141	-0.615385	-0.594826	-0.561507	-0.515483	-0.454793	-0.378563	-0.289013	-0.180374	-0.0557577	0.0889891	0.248494	0.394046	0.51381	0.60876	0.691457	0.754422	0.799563	0.843993	0.900416	0.967641	1.0405	1.10327	
-0.603783	-0.603783	-0.525519	-0.375939	-0.177899	0.044557	0.2608	0.454457	0.609858	0.733215	0.825335	0.904425	0.965495	1.00893	1.03104	1.02667	0.991002	0.925172	0.818192	0.660163	0.452454	0.202226	-0.0572413	-0.299165	-0.493083	-0.631975	-0.713205	-0.731323	-0.70739	-0.667158	-0.614436	-0.548344	-0.473193	-0.391	-0.295064	-0.182606	-0.0648682	0.0657198	0.217865	0.361122	0.487035	0.596521	0.703102	0.792623	0.854486	0.899909	0.95249	1.01634	1.08782	1.143	
-0.619183	-0.619183	-0.539478	-0.391874	-0.197711	0.0162696	0.22678	0.415552	0.570609	0.694813	0.803839	0.897833	0.962324	1.00287	1.03458	1.03895	1.00581	0.937703	0.82499	0.647423	0.408855	0.135201	-0.133783	-0.380445	-0.579458	-0.713205	-0.771768	-0.765414	-0.723299	-0.666653	-0.597297	-0.523331	-0.439006	-0.35401	-0.267274	-0.166919	-0.0591657	0.055237	0.184858	0.315442	0.441912	0.563124	0.682341	0.785946	0.865916	0.921621	0.974932	1.04339	1.1148	1.15753	
-0.566637	-0.566637	-0.49149	-0.357278	-0.181045	0.0151828	0.209532	0.386922	0.53709	0.661427	0.77341	0.867268	0.931279	0.976428	1.01496	1.02635	1.00034	0.936682	0.817219	0.62465	0.369924	0.0862949	-0.18982	-0.43236	-0.618141	-0.731323	-0.765414	-0.738779	-0.678807	-0.597214	-0.513204	-0.440217	-0.35653	-0.270352	-0.198431	-0.120016	-0.0370889	0.0522771	0.158683	0.274455	0.397379	0.521059	0.64171	0.748775	0.841255	0.912879	0.971838	1.03672	1.09848	1.13604	
-0.455629	-0.455629	-0.392984	-0.282432	-0.133849	0.0337736	0.20662	0.368384	0.510847	0.628719	0.731177	0.812579	0.878034	0.933542	0.978338	0.995924	0.979937	0.916079	0.785428	0.584435	0.334032	0.0526456	-0.222281	-0.452799	-0.615385	-0.70739	-0.723299	-0.678807	-0.595409	-0.487816	-0.390353	-0.313074	-0.234803	-0.164009	-0.110962	-0.0566015	-0.0047247	0.0539971	0.138121	0.240622	0.352657	0.468546	0.583678	0.693223	0.793293	0.87896	0.944773	0.998453	1.04611	1.08168	
-0.311869	-0.311869	-0.269247	-0.182785	-0.0601404	0.077115	0.218628	0.357964	0.483915	0.589438	0.677148	0.749513	0.819824	0.881014	0.923297	0.94228	0.932695	0.869758	0.732846	0.528871	0.287656	0.0242855	-0.239255	-0.454474	-0.594826	-0.667158	-0.666653	-0.597214	-0.487816	-0.373542	-0.268125	-0.18054	-0.109136	-0.0636769	-0.03066	0.00501336	0.0370042	0.0696893	0.125649	0.203834	0.294153	0.392214	0.503142	0.612705	0.717228	0.813057	0.889606	0.941536	0.976545	1.00609	
-0.164953	-0.164953	-0.138475	-0.0797001	0.0123701	0.123287	0.241116	0.355447	0.456706	0.544235	0.615807	0.679671	0.74912	0.813678	0.852574	0.869178	0.855124	0.792692	0.657886	0.459391	0.230667	-0.0121076	-0.251686	-0.443594	-0.561507	-0.614436	-0.597297	-0.513204	-0.390353	-0.268125	-0.162405	-0.0744784	-0.01206	0.0181147	0.0330599	0.0542479	0.0675845	0.0786254	0.109559	0.160025	0.223894	0.305536	0.402692	0.507812	0.615397	0.716628	0.798896	0.85113	0.879575	0.91012	
-0.0435048	-0.0435048	-0.0322028	-2.35021e-05	0.0605887	0.145603	0.245461	0.34478	0.424638	0.489932	0.547769	0.604509	0.664196	0.723836	0.76756	0.78302	0.757787	0.691186	0.565558	0.381009	0.168244	-0.0502796	-0.257955	-0.420089	-0.515483	-0.548344	-0.523331	-0.440217	-0.313074	-0.18054	-0.0744784	0.000170527	0.0474475	0.0742779	0.0841541	0.0842843	0.0766188	0.070367	0.0816355	0.110532	0.156002	0.215849	0.292459	0.388014	0.491963	0.590352	0.666993	0.718129	0.755448	0.789552	
0.0414897	0.0414897	0.0453097	0.0627993	0.0976615	0.152617	0.226013	0.309207	0.374748	0.42962	0.483535	0.538569	0.584135	0.628986	0.671319	0.687052	0.657612	0.590033	0.477806	0.309266	0.113322	-0.0793121	-0.246225	-0.376685	-0.454793	-0.473193	-0.439006	-0.35653	-0.234803	-0.109136	-0.01206	0.0474475	0.0849493	0.109362	0.116468	0.101648	0.07787	0.0558943	0.0491962	0.0600301	0.0896043	0.135321	0.196762	0.278405	0.37317	0.456339	0.525275	0.582248	0.629899	0.661358	
0.118311	0.118311	0.11656	0.118704	0.131184	0.159704	0.207511	0.265265	0.321026	0.374947	0.432699	0.485494	0.524046	0.5587	0.597979	0.612199	0.579195	0.512409	0.405498	0.250018	0.0708864	-0.091364	-0.222951	-0.31957	-0.378563	-0.391	-0.35401	-0.270352	-0.164009	-0.0636769	0.0181147	0.0742779	0.109362	0.130226	0.128521	0.106	0.0692238	0.0342844	0.0189873	0.0240511	0.0464991	0.0846078	0.134894	0.201965	0.277294	0.343318	0.401404	0.460636	0.505593	0.528199	
0.211342	0.211342	0.195547	0.175002	0.159994	0.164304	0.195287	0.242945	0.292719	0.341043	0.391292	0.445297	0.496367	0.542471	0.581345	0.588916	0.551577	0.473643	0.360664	0.216189	0.0634374	-0.0754409	-0.181708	-0.252192	-0.289013	-0.295064	-0.267274	-0.198431	-0.110962	-0.03066	0.0330599	0.0841541	0.116468	0.128521	0.123175	0.0954629	0.045552	0.00504704	0.000712855	0.0192136	0.0448626	0.0751852	0.113971	0.166412	0.220239	0.268351	0.31439	0.354839	0.380338	0.386514	
0.322209	0.322209	0.282132	0.232968	0.197898	0.184422	0.198378	0.234768	0.28435	0.332416	0.382611	0.440827	0.510393	0.574828	0.615191	0.611585	0.570976	0.488485	0.364604	0.223399	0.0933789	-0.0209943	-0.112131	-0.163152	-0.180374	-0.182606	-0.166919	-0.120016	-0.0566015	0.00501336	0.0542479	0.0842843	0.101648	0.106	0.0954629	0.063412	0.0145381	-0.0194863	-0.00850952	0.0303032	0.0641591	0.0950624	0.132511	0.168598	0.203502	0.23935	0.264993	0.27359	0.268625	0.255719	
0.397482	0.397482	0.353008	0.285194	0.226592	0.19701	0.200136	0.233181	0.285877	0.341478	0.403843	0.4779	0.559946	0.635679	0.679906	0.675134	0.630417	0.542602	0.411607	0.27158	0.153779	0.0624329	-0.00372408	-0.0392013	-0.0557577	-0.0648682	-0.0591657	-0.0370889	-0.0047247	0.0370042	0.0675845	0.0766188	0.07787	0.0692238	0.045552	0.0145381	-0.0174634	-0.0298697	-0.00381983	0.0467632	0.0977497	0.140472	0.173054	0.191976	0.210166	0.225754	0.218267	0.193762	0.162987	0.132796	
0.4255	0.4255	0.377162	0.299669	0.2317	0.19613	0.197014	0.235227	0.297968	0.365195	0.442861	0.535727	0.630421	0.711991	0.760748	0.760394	0.707006	0.605918	0.476879	0.348997	0.243647	0.171252	0.13145	0.109858	0.0889891	0.0657198	0.055237	0.0522771	0.0539971	0.0696893	0.0786254	0.070367	0.0558943	0.0342844	0.00504704	-0.0194863	-0.0298697	-0.0195013	0.0187782	0.082477	0.151958	0.199061	0.218237	0.22417	0.22683	0.212939	0.167903	0.112085	0.0577932	0.00873309	
0.395728	0.395728	0.352479	0.281671	0.213579	0.181268	0.191147	0.241065	0.312771	0.400661	0.496717	0.604606	0.708955	0.792367	0.835201	0.832172	0.770611	0.661986	0.544719	0.43857	0.35126	0.294543	0.270327	0.261771	0.248494	0.217865	0.184858	0.158683	0.138121	0.125649	0.109559	0.0816355	0.0491962	0.0189873	0.000712855	-0.00850952	-0.00381983	0.0187782	0.0703434	0.146355	0.21923	0.255474	0.262811	0.25673	0.242143	0.201404	0.133314	0.0561078	-0.0199418	-0.0840123	
0.3078	0.3078	0.272691	0.21683	0.162095	0.143489	0.172272	0.235257	0.31817	0.430698	0.552062	0.668696	0.774755	0.858841	0.891501	0.872858	0.804559	0.702326	0.59334	0.504725	0.444764	0.412579	0.400609	0.400439	0.394046	0.361122	0.315442	0.274455	0.240622	0.203834	0.160025	0.110532	0.0600301	0.0240511	0.0192136	0.0303032	0.0467632	0.082477	0.146355	0.217171	0.274419	0.299987	0.305339	0.29138	0.257672	0.201278	0.12329	0.0307854	-0.0624069	-0.135954	
0.177986	0.177986	0.144182	0.0985851	0.0650815	0.0690358	0.119023	0.208183	0.314934	0.442174	0.57443	0.700407	0.809714	0.896865	0.925287	0.887753	0.80621	0.709147	0.613774	0.54088	0.507167	0.504645	0.516318	0.520367	0.51381	0.487035	0.441912	0.397379	0.352657	0.294153	0.223894	0.156002	0.0896043	0.0464991	0.0448626	0.0641591	0.0977497	0.151958	0.21923	0.274419	0.314519	0.337978	0.346723	0.332826	0.292424	0.231101	0.143612	0.0336092	-0.0714456	-0.162229	
0.0272435	0.0272435	-0.00422249	-0.045951	-0.0639767	-0.0348527	0.0357815	0.149102	0.281866	0.42357	0.561817	0.692673	0.801032	0.882204	0.906854	0.862474	0.774258	0.677816	0.597035	0.54644	0.529339	0.544004	0.578533	0.601879	0.60876	0.596521	0.563124	0.521059	0.468546	0.392214	0.305536	0.215849	0.135321	0.0846078	0.0751852	0.0950624	0.140472	0.199061	0.255474	0.299987	0.337978	0.358275	0.370018	0.364947	0.335662	0.272708	0.176659	0.059735	-0.0557026	-0.167779	
-0.138612	-0.138612	-0.164343	-0.196841	-0.203859	-0.165657	-0.0802559	0.0495142	0.202771	0.356031	0.500364	0.636303	0.747859	0.814448	0.826443	0.790571	0.718818	0.629742	0.560604	0.531715	0.530004	0.551885	0.60224	0.653875	0.691457	0.703102	0.682341	0.64171	0.583678	0.503142	0.402692	0.292459	0.196762	0.134894	0.113971	0.132511	0.173054	0.218237	0.262811	0.305339	0.346723	0.370018	0.386486	0.396638	0.3739	0.30589	0.210115	0.0962328	-0.036337	-0.177282	
-0.287082	-0.287082	-0.308452	-0.328632	-0.329174	-0.292537	-0.203268	-0.0720142	0.0832843	0.242865	0.390741	0.525656	0.639276	0.70305	0.712887	0.688017	0.637892	0.568847	0.511864	0.494814	0.512738	0.555656	0.620702	0.689091	0.754422	0.792623	0.785946	0.748775	0.693223	0.612705	0.507812	0.388014	0.278405	0.201965	0.166412	0.168598	0.191976	0.22417	0.25673	0.29138	0.332826	0.364947	0.396638	0.414368	0.388769	0.324799	0.233458	0.111945	-0.0401038	-0.205359	
-0.377407	-0.377407	-0.397012	-0.414362	-0.416741	-0.385158	-0.304134	-0.185499	-0.0491679	0.0975297	0.243673	0.3791	0.488089	0.559249	0.589251	0.574185	0.533736	0.491161	0.462164	0.459899	0.497614	0.565762	0.648514	0.724907	0.799563	0.854486	0.865916	0.841255	0.793293	0.717228	0.615397	0.491963	0.37317	0.277294	0.220239	0.203502	0.210166	0.22683	0.242143	0.257672	0.292424	0.335662	0.3739	0.388769	0.377384	0.329674	0.240588	0.103369	-0.0688597	-0.252215	
-0.40118	-0.40118	-0.417119	-0.443513	-0.455838	-0.437933	-0.381379	-0.291989	-0.17577	-0.0515505	0.0826541	0.212123	0.318951	0.399201	0.449747	0.450993	0.423076	0.408325	0.41681	0.449285	0.505808	0.589392	0.684948	0.768747	0.843993	0.899909	0.921621	0.912879	0.87896	0.813057	0.716628	0.590352	0.456339	0.343318	0.268351	0.23935	0.225754	0.212939	0.201404	0.201278	0.231101	0.272708	0.30589	0.324799	0.329674	0.300575	0.209776	0.0625816	-0.124325	-0.32376	
-0.355147	-0.355147	-0.378449	-0.419875	-0.449229	-0.452105	-0.430666	-0.374914	-0.289364	-0.187243	-0.0710787	0.0468092	0.146157	0.22906	0.289435	0.312458	0.31493	0.334194	0.384603	0.454063	0.537882	0.63323	0.733624	0.821976	0.900416	0.95249	0.974932	0.971838	0.944773	0.889606	0.798896	0.666993	0.525275	0.401404	0.31439	0.264993	0.218267	0.167903	0.133314	0.12329	0.143612	0.176659	0.210115	0.233458	0.240588	0.209776	0.121341	-0.0282693	-0.217013	-0.415913	
-0.263694	-0.263694	-0.296078	-0.347916	-0.396671	-0.433094	-0.445	-0.420624	-0.367372	-0.294441	-0.205857	-0.1141	-0.0270653	0.051267	0.115333	0.165329	0.212228	0.278258	0.365879	0.466636	0.57991	0.693534	0.796387	0.889799	0.967641	1.01634	1.04339	1.03672	0.998453	0.941536	0.85113	0.718129	0.582248	0.460636	0.354839	0.27359	0.193762	0.112085	0.0561078	0.0307854	0.0336092	0.059735	0.0962328	0.111945	0.103369	0.0625816	-0.0282693	-0.171182	-0.350235	-0.533999	
-0.151073	-0.151073	-0.18596	-0.240405	-0.305465	-0.370923	-0.410848	-0.416948	-0.403334	-0.370303	-0.321044	-0.261495	-0.194454	-0.127942	-0.0600752	0.0202047	0.114146	0.230873	0.363066	0.496246	0.629822	0.752096	0.863152	0.964997	1.0405	1.08782	1.1148	1.09848	1.04611	0.976545	0.879575	0.755448	0.629899	0.505593	0.380338	0.268625	0.162987	0.0577932	-0.0199418	-0.0624069	-0.0714456	-0.0557026	-0.036337	-0.0401038	-0.0688597	-0.124325	-0.217013	-0.350235	-0.510405	-0.668751	
-0.0263687	-0.0263687	-0.0593088	-0.113672	-0.184161	-0.263488	-0.330309	-0.373748	-0.400909	-0.411371	-0.407841	-0.385786	-0.345977	-0.294869	-0.218817	-0.105961	0.0300324	0.189507	0.36336	0.531612	0.686758	0.814039	0.924345	1.02762	1.10327	1.143	1.15753	1.13604	1.08168	1.00609	0.91012	0.789552	0.661358	0.528199	0.386514	0.255719	0.132796	0.00873309	-0.0840123	-0.135954	-0.162229	-0.167779	-0.177282	-0.205359	-0.252215	-0.32376	-0.415913	-0.533999	-0.668751	-0.797652	
