4.58411	4.58411	4.41262	4.0539	3.5216	2.88318	2.22693	1.61396	1.06599	0.581294	0.15078	-0.232068	-0.568359	-0.856005	-1.09188	-1.27588	-1.41227	-1.50594	-1.56218	-1.58814	-1.59074	-1.57607	-1.5502	-1.51817	-1.48397	-1.4511	-1.42189	-1.39821	-1.3813	-1.37185	-1.37036	-1.37673	-1.39086	-1.41193	-1.43909	-1.47059	-1.50444	-1.53764	-1.56642	-1.58633	-1.59168	-1.57608	-1.5331	-1.4552	-1.3364	-1.17201	-0.957715	-0.692953	-0.382337	-0.0342249	
4.58411	4.58411	4.41262	4.0539	3.5216	2.88318	2.22693	1.61396	1.06599	0.581294	0.15078	-0.232068	-0.568359	-0.856005	-1.09188	-1.27588	-1.41227	-1.50594	-1.56218	-1.58814	-1.59074	-1.57607	-1.5502	-1.51817	-1.48397	-1.4511	-1.42189	-1.39821	-1.3813	-1.37185	-1.37036	-1.37673	-1.39086	-1.41193	-1.43909	-1.47059	-1.50444	-1.53764	-1.56642	-1.58633	-1.59168	-1.57608	-1.5331	-1.4552	-1.3364	-1.17201	-0.957715	-0.692953	-0.382337	-0.0342249	
4.41262	4.41262	4.22631	3.87002	3.38239	2.81458	2.21451	1.62484	1.08055	0.599059	0.181935	-0.175479	-0.47966	-0.735431	-0.945915	-1.11416	-1.24152	-1.33039	-1.38664	-1.41631	-1.42483	-1.4183	-1.40203	-1.38002	-1.35604	-1.33259	-1.31158	-1.29455	-1.28224	-1.27537	-1.27417	-1.27869	-1.28882	-1.30401	-1.32356	-1.34628	-1.37034	-1.39353	-1.4126	-1.42343	-1.42166	-1.40126	-1.35637	-1.28147	-1.17012	-1.01888	-0.82683	-0.593245	-0.318635	-0.0058197	
4.0539	4.0539	3.87002	3.5528	3.15052	2.67856	2.15087	1.60973	1.10218	0.653244	0.270631	-0.048773	-0.312787	-0.527264	-0.698915	-0.832995	-0.932448	-1.00356	-1.05308	-1.08495	-1.10348	-1.11339	-1.11697	-1.11659	-1.11422	-1.11047	-1.10669	-1.10321	-1.10047	-1.09897	-1.09849	-1.09955	-1.10151	-1.10482	-1.10841	-1.11249	-1.11569	-1.11719	-1.11562	-1.10846	-1.09329	-1.06729	-1.02515	-0.963613	-0.876871	-0.758273	-0.604855	-0.414929	-0.187838	0.0730651	
3.5216	3.5216	3.38239	3.15052	2.84964	2.47176	2.03094	1.56894	1.1236	0.725586	0.393938	0.12754	-0.0806532	-0.239889	-0.36174	-0.453457	-0.523681	-0.58058	-0.627413	-0.666628	-0.701865	-0.73398	-0.762543	-0.788515	-0.810894	-0.829723	-0.845165	-0.856605	-0.864658	-0.868974	-0.869601	-0.866919	-0.860184	-0.850268	-0.836281	-0.818837	-0.797922	-0.773489	-0.745909	-0.715776	-0.681342	-0.643627	-0.60008	-0.547609	-0.484463	-0.404386	-0.300714	-0.169751	-0.00969946	0.177404	
2.88318	2.88318	2.81458	2.67856	2.47176	2.20119	1.88012	1.51467	1.13406	0.79349	0.523681	0.326844	0.193358	0.101016	0.0331781	-0.0215352	-0.0733833	-0.124867	-0.177126	-0.231831	-0.288902	-0.344635	-0.398208	-0.447793	-0.491385	-0.529243	-0.559744	-0.583255	-0.599584	-0.608247	-0.610091	-0.604008	-0.591291	-0.570358	-0.543094	-0.507705	-0.466342	-0.418944	-0.366377	-0.311515	-0.255507	-0.199105	-0.146069	-0.0942258	-0.0441102	0.00504733	0.0571469	0.116999	0.188119	0.27671	
2.22693	2.22693	2.21451	2.15087	2.03094	1.88012	1.68586	1.42678	1.13984	0.877521	0.669038	0.533846	0.46099	0.424429	0.405722	0.384589	0.353053	0.307714	0.247979	0.177108	0.101368	0.0260282	-0.0467024	-0.112501	-0.17092	-0.22031	-0.259837	-0.290475	-0.310854	-0.322184	-0.324287	-0.316344	-0.300237	-0.27314	-0.237865	-0.192096	-0.137326	-0.0741258	-0.0041279	0.0719273	0.146857	0.220079	0.284411	0.335394	0.370394	0.388585	0.391184	0.384319	0.374803	0.370573	
1.61396	1.61396	1.62484	1.60973	1.56894	1.51467	1.42678	1.29945	1.14441	0.970662	0.821645	0.733194	0.695923	0.696508	0.70738	0.706337	0.685879	0.640264	0.57749	0.50298	0.425879	0.348756	0.276788	0.211355	0.154396	0.107043	0.0683464	0.0394555	0.0197627	0.00867802	0.00736609	0.0141053	0.0309571	0.0556234	0.0911651	0.134264	0.187769	0.249928	0.318575	0.394558	0.473245	0.548481	0.616187	0.667471	0.695135	0.692315	0.66028	0.601266	0.529204	0.450341	
1.06599	1.06599	1.08055	1.10218	1.1236	1.13406	1.13984	1.14441	1.10929	1.03107	0.959036	0.909756	0.892551	0.90195	0.907985	0.904036	0.878153	0.836696	0.78537	0.728185	0.671391	0.615377	0.563718	0.516429	0.476017	0.440454	0.411345	0.389836	0.373348	0.365572	0.363963	0.369147	0.383045	0.401194	0.428982	0.460858	0.500078	0.544446	0.595139	0.647153	0.705719	0.762653	0.81663	0.858412	0.885123	0.880665	0.840797	0.758978	0.640752	0.50119	
0.581294	0.581294	0.599059	0.653244	0.725586	0.79349	0.877521	0.970662	1.03107	1.05723	1.04972	1.02065	1.00656	0.996411	0.988281	0.97751	0.95573	0.934739	0.906179	0.880895	0.852936	0.826603	0.798891	0.775145	0.74951	0.727391	0.708309	0.692359	0.681031	0.675278	0.673595	0.67838	0.687127	0.701684	0.718792	0.740884	0.764342	0.788818	0.816676	0.842452	0.868832	0.895094	0.921731	0.941204	0.950258	0.941347	0.895517	0.810001	0.667963	0.488549	
0.15078	0.15078	0.181935	0.270631	0.393938	0.523681	0.669038	0.821645	0.959036	1.04972	1.06527	1.042	1.00591	0.967022	0.949379	0.937827	0.942645	0.952054	0.963288	0.973929	0.97595	0.974451	0.967486	0.957067	0.942019	0.929839	0.916751	0.904664	0.89904	0.892151	0.89309	0.895598	0.901375	0.912988	0.922917	0.938238	0.950814	0.963611	0.970994	0.977563	0.974296	0.967163	0.951616	0.936431	0.908746	0.877792	0.819381	0.727452	0.587161	0.391601	
-0.232068	-0.232068	-0.175479	-0.048773	0.12754	0.326844	0.533846	0.733194	0.909756	1.02065	1.042	0.995127	0.906499	0.834221	0.799597	0.805117	0.848504	0.897416	0.950001	0.983918	1.01169	1.02501	1.03372	1.03049	1.03091	1.02428	1.01965	1.0145	1.01148	1.00829	1.00889	1.00979	1.0129	1.01746	1.0227	1.02758	1.03143	1.03379	1.02803	1.0186	0.99549	0.963299	0.912565	0.85092	0.778034	0.70148	0.62755	0.533311	0.417697	0.252285	
-0.568359	-0.568359	-0.47966	-0.312787	-0.0806532	0.193358	0.46099	0.695923	0.892551	1.00656	1.00591	0.906499	0.766778	0.659388	0.613078	0.637058	0.694559	0.76171	0.821361	0.871223	0.914203	0.944066	0.968783	0.98687	1.00235	1.01091	1.01886	1.02521	1.02579	1.03067	1.02833	1.02867	1.02644	1.02032	1.01654	1.0048	0.993989	0.976363	0.955338	0.925801	0.889705	0.837672	0.777519	0.694976	0.598749	0.485901	0.38509	0.293196	0.202974	0.0963223	
-0.856005	-0.856005	-0.735431	-0.527264	-0.239889	0.101016	0.424429	0.696508	0.90195	0.996411	0.967022	0.834221	0.659388	0.523192	0.45994	0.461827	0.49515	0.544441	0.599235	0.660119	0.712558	0.763508	0.806837	0.846613	0.875524	0.903363	0.921462	0.93713	0.945523	0.951716	0.951695	0.948374	0.941124	0.927774	0.911168	0.887637	0.858942	0.822993	0.781885	0.731672	0.680797	0.617857	0.550367	0.47628	0.38955	0.284556	0.175043	0.0845731	0.0168402	-0.0445754	
-1.09188	-1.09188	-0.945915	-0.698915	-0.36174	0.0331781	0.405722	0.70738	0.907985	0.988281	0.949379	0.799597	0.613078	0.45994	0.358446	0.309662	0.293829	0.315053	0.36271	0.421947	0.481169	0.539761	0.591832	0.636845	0.675111	0.706394	0.730147	0.748371	0.760638	0.766825	0.768255	0.76382	0.7537	0.738519	0.715926	0.688767	0.652235	0.611409	0.561506	0.503891	0.442738	0.378803	0.310159	0.246775	0.188349	0.116428	0.0288952	-0.0559624	-0.114827	-0.142532	
-1.27588	-1.27588	-1.11416	-0.832995	-0.453457	-0.0215352	0.384589	0.706337	0.904036	0.97751	0.937827	0.805117	0.637058	0.461827	0.309662	0.19509	0.133912	0.139816	0.176105	0.225484	0.270264	0.321617	0.362935	0.402351	0.433994	0.463587	0.48473	0.503906	0.515052	0.522088	0.523847	0.518131	0.509911	0.493331	0.472623	0.447849	0.414858	0.378432	0.339461	0.289462	0.238691	0.184767	0.123178	0.0615318	0.0196717	-0.0107324	-0.0595091	-0.121562	-0.180774	-0.206852	
-1.41227	-1.41227	-1.24152	-0.932448	-0.523681	-0.0733833	0.353053	0.685879	0.878153	0.95573	0.942645	0.848504	0.694559	0.49515	0.293829	0.133912	0.0604316	0.0486493	0.0571965	0.070887	0.0988269	0.133836	0.159527	0.18931	0.218185	0.240182	0.262029	0.276404	0.289012	0.293014	0.295896	0.290548	0.2808	0.269478	0.247148	0.227937	0.202097	0.170202	0.143561	0.111806	0.0731803	0.0459479	0.0122687	-0.0368932	-0.0847462	-0.10379	-0.117754	-0.150683	-0.197386	-0.228363	
-1.50594	-1.50594	-1.33039	-1.00356	-0.58058	-0.124867	0.307714	0.640264	0.836696	0.934739	0.952054	0.897416	0.76171	0.544441	0.315053	0.139816	0.0486493	-0.00278448	-0.0337339	-0.0365379	-0.0120308	0.00382704	0.0240887	0.0497214	0.0711435	0.0838925	0.105313	0.11136	0.122711	0.12671	0.125559	0.126822	0.114841	0.109594	0.0932635	0.0750948	0.0597177	0.0340662	0.0101425	-0.00654485	-0.035805	-0.0604536	-0.0677116	-0.0845753	-0.121582	-0.146796	-0.152409	-0.160209	-0.195836	-0.231483	
-1.56218	-1.56218	-1.38664	-1.05308	-0.627413	-0.177126	0.247979	0.57749	0.78537	0.906179	0.963288	0.950001	0.821361	0.599235	0.36271	0.176105	0.0571965	-0.0337339	-0.0766857	-0.0784121	-0.0652842	-0.0639199	-0.0450377	-0.030968	-0.0238043	-0.0125656	-0.00152538	0.000154615	0.0086717	0.0100406	0.00820805	0.0110465	0.0023579	-0.000100859	-0.00756107	-0.0192778	-0.0281895	-0.0382498	-0.0607222	-0.0677865	-0.0834757	-0.107849	-0.121631	-0.116318	-0.135378	-0.158417	-0.168958	-0.167076	-0.181989	-0.219344	
-1.58814	-1.58814	-1.41631	-1.08495	-0.666628	-0.231831	0.177108	0.50298	0.728185	0.880895	0.973929	0.983918	0.871223	0.660119	0.421947	0.225484	0.070887	-0.0365379	-0.0784121	-0.0852478	-0.0936243	-0.100068	-0.0848249	-0.084704	-0.081714	-0.0695558	-0.0707138	-0.0640447	-0.0612028	-0.0607052	-0.059404	-0.0615942	-0.0619588	-0.0693164	-0.0695893	-0.0763935	-0.0865903	-0.0810276	-0.0979996	-0.102122	-0.102815	-0.115271	-0.139106	-0.138458	-0.139873	-0.157693	-0.169366	-0.170225	-0.175465	-0.206282	
-1.59074	-1.59074	-1.42483	-1.10348	-0.701865	-0.288902	0.101368	0.425879	0.671391	0.852936	0.97595	1.01169	0.914203	0.712558	0.481169	0.270264	0.0988269	-0.0120308	-0.0652842	-0.0936243	-0.119326	-0.113065	-0.107363	-0.108626	-0.102709	-0.0917986	-0.0989884	-0.085082	-0.0898848	-0.0875608	-0.0826239	-0.0926527	-0.0826475	-0.0958076	-0.0935161	-0.0968992	-0.108003	-0.109162	-0.111211	-0.125425	-0.123083	-0.119209	-0.130827	-0.140342	-0.141808	-0.156358	-0.168383	-0.170832	-0.166552	-0.191454	
-1.57607	-1.57607	-1.4183	-1.11339	-0.73398	-0.344635	0.0260282	0.348756	0.615377	0.826603	0.974451	1.02501	0.944066	0.763508	0.539761	0.321617	0.133836	0.00382704	-0.0639199	-0.100068	-0.113065	-0.108645	-0.110447	-0.110759	-0.102874	-0.104739	-0.103546	-0.0994941	-0.102152	-0.100406	-0.0991515	-0.102603	-0.0998795	-0.102608	-0.10409	-0.104678	-0.105968	-0.113338	-0.111086	-0.120696	-0.127456	-0.131944	-0.136337	-0.140526	-0.135268	-0.1487	-0.163643	-0.170788	-0.166201	-0.179735	
-1.5502	-1.5502	-1.40203	-1.11697	-0.762543	-0.398208	-0.0467024	0.276788	0.563718	0.798891	0.967486	1.03372	0.968783	0.806837	0.591832	0.362935	0.159527	0.0240887	-0.0450377	-0.0848249	-0.107363	-0.110447	-0.114324	-0.114485	-0.111815	-0.112379	-0.110837	-0.108474	-0.109865	-0.107445	-0.108208	-0.108852	-0.108295	-0.110552	-0.110841	-0.112774	-0.113206	-0.116809	-0.11382	-0.120399	-0.119684	-0.121408	-0.132006	-0.143383	-0.13802	-0.143062	-0.158718	-0.169835	-0.162864	-0.170511	
-1.51817	-1.51817	-1.38002	-1.11659	-0.788515	-0.447793	-0.112501	0.211355	0.516429	0.775145	0.957067	1.03049	0.98687	0.846613	0.636845	0.402351	0.18931	0.0497214	-0.030968	-0.084704	-0.108626	-0.110759	-0.114485	-0.115527	-0.109362	-0.110577	-0.107735	-0.106243	-0.106187	-0.10548	-0.104918	-0.106248	-0.106034	-0.107089	-0.109674	-0.110147	-0.112491	-0.11822	-0.11503	-0.122428	-0.125396	-0.122166	-0.124495	-0.140037	-0.136317	-0.139814	-0.151709	-0.167006	-0.16575	-0.165498	
-1.48397	-1.48397	-1.35604	-1.11422	-0.810894	-0.491385	-0.17092	0.154396	0.476017	0.74951	0.942019	1.03091	1.00235	0.875524	0.675111	0.433994	0.218185	0.0711435	-0.0238043	-0.081714	-0.102709	-0.102874	-0.111815	-0.109362	-0.104523	-0.109229	-0.105201	-0.104932	-0.106525	-0.104162	-0.105499	-0.105085	-0.105777	-0.105011	-0.106961	-0.108114	-0.104869	-0.116056	-0.109037	-0.117376	-0.124221	-0.126323	-0.122275	-0.135011	-0.136532	-0.136794	-0.149431	-0.163922	-0.163167	-0.161356	
-1.4511	-1.4511	-1.33259	-1.11047	-0.829723	-0.529243	-0.22031	0.107043	0.440454	0.727391	0.929839	1.02428	1.01091	0.903363	0.706394	0.463587	0.240182	0.0838925	-0.0125656	-0.0695558	-0.0917986	-0.104739	-0.112379	-0.110577	-0.109229	-0.113356	-0.105613	-0.110183	-0.107338	-0.105496	-0.110096	-0.103575	-0.11158	-0.106198	-0.110326	-0.112532	-0.109361	-0.114168	-0.113762	-0.112141	-0.1162	-0.120393	-0.12453	-0.135719	-0.136122	-0.134231	-0.143631	-0.161665	-0.164855	-0.159257	
-1.42189	-1.42189	-1.31158	-1.10669	-0.845165	-0.559744	-0.259837	0.0683464	0.411345	0.708309	0.916751	1.01965	1.01886	0.921462	0.730147	0.48473	0.262029	0.105313	-0.00152538	-0.0707138	-0.0989884	-0.103546	-0.110837	-0.107735	-0.105201	-0.105613	-0.10306	-0.10229	-0.102656	-0.101022	-0.102177	-0.101436	-0.102617	-0.10225	-0.104564	-0.105481	-0.106193	-0.113877	-0.111588	-0.117645	-0.123888	-0.121214	-0.11583	-0.130015	-0.135798	-0.134492	-0.141734	-0.158911	-0.164674	-0.15721	
-1.39821	-1.39821	-1.29455	-1.10321	-0.856605	-0.583255	-0.290475	0.0394555	0.389836	0.692359	0.904664	1.0145	1.02521	0.93713	0.748371	0.503906	0.276404	0.11136	0.000154615	-0.0640447	-0.085082	-0.0994941	-0.108474	-0.106243	-0.104932	-0.110183	-0.10229	-0.107644	-0.104755	-0.10347	-0.107726	-0.101414	-0.109123	-0.103425	-0.106907	-0.109515	-0.10428	-0.110656	-0.110273	-0.108441	-0.115276	-0.123144	-0.121601	-0.130939	-0.135414	-0.132394	-0.139721	-0.155414	-0.163667	-0.158223	
-1.3813	-1.3813	-1.28224	-1.10047	-0.864658	-0.599584	-0.310854	0.0197627	0.373348	0.681031	0.89904	1.01148	1.02579	0.945523	0.760638	0.515052	0.289012	0.122711	0.0086717	-0.0612028	-0.0898848	-0.102152	-0.109865	-0.106187	-0.106525	-0.107338	-0.102656	-0.104755	-0.103027	-0.101468	-0.104376	-0.100532	-0.105162	-0.102358	-0.105533	-0.106792	-0.106858	-0.111684	-0.112638	-0.112806	-0.118621	-0.119205	-0.117185	-0.12712	-0.13483	-0.132625	-0.138028	-0.156319	-0.164379	-0.155487	
-1.37185	-1.37185	-1.27537	-1.09897	-0.868974	-0.608247	-0.322184	0.00867802	0.365572	0.675278	0.892151	1.00829	1.03067	0.951716	0.766825	0.522088	0.293014	0.12671	0.0100406	-0.0607052	-0.0875608	-0.100406	-0.107445	-0.10548	-0.104162	-0.105496	-0.101022	-0.10347	-0.101468	-0.10093	-0.103122	-0.0998293	-0.104158	-0.101665	-0.103726	-0.106338	-0.104298	-0.109626	-0.11073	-0.112041	-0.117559	-0.121195	-0.116965	-0.128649	-0.135349	-0.132538	-0.137722	-0.152582	-0.163567	-0.157725	
-1.37036	-1.37036	-1.27417	-1.09849	-0.869601	-0.610091	-0.324287	0.00736609	0.363963	0.673595	0.89309	1.00889	1.02833	0.951695	0.768255	0.523847	0.295896	0.125559	0.00820805	-0.059404	-0.0826239	-0.0991515	-0.108208	-0.104918	-0.105499	-0.110096	-0.102177	-0.107726	-0.104376	-0.103122	-0.107228	-0.100985	-0.108532	-0.102714	-0.106895	-0.10826	-0.104966	-0.110337	-0.11087	-0.107429	-0.114949	-0.121773	-0.120301	-0.126888	-0.134324	-0.131388	-0.137595	-0.154643	-0.163524	-0.15634	
-1.37673	-1.37673	-1.27869	-1.09955	-0.866919	-0.604008	-0.316344	0.0141053	0.369147	0.67838	0.895598	1.00979	1.02867	0.948374	0.76382	0.518131	0.290548	0.126822	0.0110465	-0.0615942	-0.0926527	-0.102603	-0.108852	-0.106248	-0.105085	-0.103575	-0.101436	-0.101414	-0.100532	-0.0998293	-0.100985	-0.0996611	-0.101635	-0.101398	-0.102947	-0.10504	-0.105917	-0.110738	-0.112045	-0.115961	-0.120343	-0.119232	-0.114559	-0.127703	-0.135493	-0.133175	-0.137931	-0.154389	-0.164244	-0.15645	
-1.39086	-1.39086	-1.28882	-1.10151	-0.860184	-0.591291	-0.300237	0.0309571	0.383045	0.687127	0.901375	1.0129	1.02644	0.941124	0.7537	0.509911	0.2808	0.114841	0.0023579	-0.0619588	-0.0826475	-0.0998795	-0.108295	-0.106034	-0.105777	-0.11158	-0.102617	-0.109123	-0.105162	-0.104158	-0.108532	-0.101635	-0.110035	-0.103735	-0.107543	-0.110052	-0.104949	-0.110874	-0.110758	-0.107287	-0.113689	-0.122455	-0.121833	-0.130249	-0.135475	-0.131515	-0.139344	-0.154924	-0.162945	-0.158292	
-1.41193	-1.41193	-1.30401	-1.10482	-0.850268	-0.570358	-0.27314	0.0556234	0.401194	0.701684	0.912988	1.01746	1.02032	0.927774	0.738519	0.493331	0.269478	0.109594	-0.000100859	-0.0693164	-0.0958076	-0.102608	-0.110552	-0.107089	-0.105011	-0.106198	-0.10225	-0.103425	-0.102358	-0.101665	-0.102714	-0.101398	-0.103735	-0.101972	-0.105354	-0.105586	-0.105813	-0.112889	-0.111415	-0.115712	-0.122631	-0.121921	-0.116852	-0.128985	-0.134739	-0.133835	-0.140783	-0.158634	-0.165629	-0.156488	
-1.43909	-1.43909	-1.32356	-1.10841	-0.836281	-0.543094	-0.237865	0.0911651	0.428982	0.718792	0.922917	1.0227	1.01654	0.911168	0.715926	0.472623	0.247148	0.0932635	-0.00756107	-0.0695893	-0.0935161	-0.10409	-0.110841	-0.109674	-0.106961	-0.110326	-0.104564	-0.106907	-0.105533	-0.103726	-0.106895	-0.102947	-0.107543	-0.105354	-0.107017	-0.110341	-0.107713	-0.113704	-0.112043	-0.114483	-0.117982	-0.120782	-0.120552	-0.134476	-0.137563	-0.134224	-0.143503	-0.159018	-0.162875	-0.159645	
-1.47059	-1.47059	-1.34628	-1.11249	-0.818837	-0.507705	-0.192096	0.134264	0.460858	0.740884	0.938238	1.02758	1.0048	0.887637	0.688767	0.447849	0.227937	0.0750948	-0.0192778	-0.0763935	-0.0968992	-0.104678	-0.112774	-0.110147	-0.108114	-0.112532	-0.105481	-0.109515	-0.106792	-0.106338	-0.10826	-0.10504	-0.110052	-0.105586	-0.110341	-0.110627	-0.107727	-0.115619	-0.112619	-0.114227	-0.120016	-0.123695	-0.124336	-0.135478	-0.134905	-0.135058	-0.146517	-0.163683	-0.16551	-0.160163	
-1.50444	-1.50444	-1.37034	-1.11569	-0.797922	-0.466342	-0.137326	0.187769	0.500078	0.764342	0.950814	1.03143	0.993989	0.858942	0.652235	0.414858	0.202097	0.0597177	-0.0281895	-0.0865903	-0.108003	-0.105968	-0.113206	-0.112491	-0.104869	-0.109361	-0.106193	-0.10428	-0.106858	-0.104298	-0.104966	-0.105917	-0.104949	-0.105813	-0.107713	-0.107727	-0.10831	-0.117268	-0.110548	-0.121145	-0.127864	-0.125728	-0.122383	-0.137006	-0.136633	-0.139522	-0.151149	-0.165253	-0.164367	-0.163512	
-1.53764	-1.53764	-1.39353	-1.11719	-0.773489	-0.418944	-0.0741258	0.249928	0.544446	0.788818	0.963611	1.03379	0.976363	0.822993	0.611409	0.378432	0.170202	0.0340662	-0.0382498	-0.0810276	-0.109162	-0.113338	-0.116809	-0.11822	-0.116056	-0.114168	-0.113877	-0.110656	-0.111684	-0.109626	-0.110337	-0.110738	-0.110874	-0.112889	-0.113704	-0.115619	-0.117268	-0.119237	-0.118246	-0.123042	-0.120204	-0.118425	-0.129678	-0.142853	-0.138665	-0.141626	-0.154977	-0.169991	-0.163253	-0.167486	
-1.56642	-1.56642	-1.4126	-1.11562	-0.745909	-0.366377	-0.0041279	0.318575	0.595139	0.816676	0.970994	1.02803	0.955338	0.781885	0.561506	0.339461	0.143561	0.0101425	-0.0607222	-0.0979996	-0.111211	-0.111086	-0.11382	-0.11503	-0.109037	-0.113762	-0.111588	-0.110273	-0.112638	-0.11073	-0.11087	-0.112045	-0.110758	-0.111415	-0.112043	-0.112619	-0.110548	-0.118246	-0.112879	-0.121233	-0.126541	-0.132999	-0.137089	-0.142617	-0.136497	-0.145063	-0.162272	-0.169658	-0.164995	-0.17783	
-1.58633	-1.58633	-1.42343	-1.10846	-0.715776	-0.311515	0.0719273	0.394558	0.647153	0.842452	0.977563	1.0186	0.925801	0.731672	0.503891	0.289462	0.111806	-0.00654485	-0.0677865	-0.102122	-0.125425	-0.120696	-0.120399	-0.122428	-0.117376	-0.112141	-0.117645	-0.108441	-0.112806	-0.112041	-0.107429	-0.115961	-0.107287	-0.115712	-0.114483	-0.114227	-0.121145	-0.123042	-0.121233	-0.132942	-0.132407	-0.127985	-0.1345	-0.141924	-0.140183	-0.155364	-0.168025	-0.172877	-0.166643	-0.184395	
-1.59168	-1.59168	-1.42166	-1.09329	-0.681342	-0.255507	0.146857	0.473245	0.705719	0.868832	0.974296	0.99549	0.889705	0.680797	0.442738	0.238691	0.0731803	-0.035805	-0.0834757	-0.102815	-0.123083	-0.127456	-0.119684	-0.125396	-0.124221	-0.1162	-0.123888	-0.115276	-0.118621	-0.117559	-0.114949	-0.120343	-0.113689	-0.122631	-0.117982	-0.120016	-0.127864	-0.120204	-0.126541	-0.132407	-0.126655	-0.128091	-0.145551	-0.148088	-0.147112	-0.160807	-0.171125	-0.170662	-0.171113	-0.201845	
-1.57608	-1.57608	-1.40126	-1.06729	-0.643627	-0.199105	0.220079	0.548481	0.762653	0.895094	0.967163	0.963299	0.837672	0.617857	0.378803	0.184767	0.0459479	-0.0604536	-0.107849	-0.115271	-0.119209	-0.131944	-0.121408	-0.122166	-0.126323	-0.120393	-0.121214	-0.123144	-0.119205	-0.121195	-0.121773	-0.119232	-0.122455	-0.121921	-0.120782	-0.123695	-0.125728	-0.118425	-0.132999	-0.127985	-0.128091	-0.142363	-0.157101	-0.144767	-0.150023	-0.16769	-0.176212	-0.17398	-0.182326	-0.215524	
-1.5331	-1.5331	-1.35637	-1.02515	-0.60008	-0.146069	0.284411	0.616187	0.81663	0.921731	0.951616	0.912565	0.777519	0.550367	0.310159	0.123178	0.0122687	-0.0677116	-0.121631	-0.139106	-0.130827	-0.136337	-0.132006	-0.124495	-0.122275	-0.12453	-0.11583	-0.121601	-0.117185	-0.116965	-0.120301	-0.114559	-0.121833	-0.116852	-0.120552	-0.124336	-0.122383	-0.129678	-0.137089	-0.1345	-0.145551	-0.157101	-0.14865	-0.140697	-0.162146	-0.178142	-0.178875	-0.174494	-0.197565	-0.233562	
-1.4552	-1.4552	-1.28147	-0.963613	-0.547609	-0.0942258	0.335394	0.667471	0.858412	0.941204	0.936431	0.85092	0.694976	0.47628	0.246775	0.0615318	-0.0368932	-0.0845753	-0.116318	-0.138458	-0.140342	-0.140526	-0.143383	-0.140037	-0.135011	-0.135719	-0.130015	-0.130939	-0.12712	-0.128649	-0.126888	-0.127703	-0.130249	-0.128985	-0.134476	-0.135478	-0.137006	-0.142853	-0.142617	-0.141924	-0.148088	-0.144767	-0.140697	-0.156446	-0.180852	-0.184147	-0.176375	-0.186073	-0.219512	-0.243721	
-1.3364	-1.3364	-1.17012	-0.876871	-0.484463	-0.0441102	0.370394	0.695135	0.885123	0.950258	0.908746	0.778034	0.598749	0.38955	0.188349	0.0196717	-0.0847462	-0.121582	-0.135378	-0.139873	-0.141808	-0.135268	-0.13802	-0.136317	-0.136532	-0.136122	-0.135798	-0.135414	-0.13483	-0.135349	-0.134324	-0.135493	-0.135475	-0.134739	-0.137563	-0.134905	-0.136633	-0.138665	-0.136497	-0.140183	-0.147112	-0.150023	-0.162146	-0.180852	-0.18852	-0.176172	-0.179442	-0.205075	-0.239076	-0.25333	
-1.17201	-1.17201	-1.01888	-0.758273	-0.404386	0.00504733	0.388585	0.692315	0.880665	0.941347	0.877792	0.70148	0.485901	0.284556	0.116428	-0.0107324	-0.10379	-0.146796	-0.158417	-0.157693	-0.156358	-0.1487	-0.143062	-0.139814	-0.136794	-0.134231	-0.134492	-0.132394	-0.132625	-0.132538	-0.131388	-0.133175	-0.131515	-0.133835	-0.134224	-0.135058	-0.139522	-0.141626	-0.145063	-0.155364	-0.160807	-0.16769	-0.178142	-0.184147	-0.176172	-0.176027	-0.200698	-0.234283	-0.257114	-0.249796	
-0.957715	-0.957715	-0.82683	-0.604855	-0.300714	0.0571469	0.391184	0.66028	0.840797	0.895517	0.819381	0.62755	0.38509	0.175043	0.0288952	-0.0595091	-0.117754	-0.152409	-0.168958	-0.169366	-0.168383	-0.163643	-0.158718	-0.151709	-0.149431	-0.143631	-0.141734	-0.139721	-0.138028	-0.137722	-0.137595	-0.137931	-0.139344	-0.140783	-0.143503	-0.146517	-0.151149	-0.154977	-0.162272	-0.168025	-0.171125	-0.176212	-0.178875	-0.176375	-0.179442	-0.200698	-0.232738	-0.254456	-0.254001	-0.245428	
-0.692953	-0.692953	-0.593245	-0.414929	-0.169751	0.116999	0.384319	0.601266	0.758978	0.810001	0.727452	0.533311	0.293196	0.0845731	-0.0559624	-0.121562	-0.150683	-0.160209	-0.167076	-0.170225	-0.170832	-0.170788	-0.169835	-0.167006	-0.163922	-0.161665	-0.158911	-0.155414	-0.156319	-0.152582	-0.154643	-0.154389	-0.154924	-0.158634	-0.159018	-0.163683	-0.165253	-0.169991	-0.169658	-0.172877	-0.170662	-0.17398	-0.174494	-0.186073	-0.205075	-0.234283	-0.254456	-0.256046	-0.249983	-0.256437	
-0.382337	-0.382337	-0.318635	-0.187838	-0.00969946	0.188119	0.374803	0.529204	0.640752	0.667963	0.587161	0.417697	0.202974	0.0168402	-0.114827	-0.180774	-0.197386	-0.195836	-0.181989	-0.175465	-0.166552	-0.166201	-0.162864	-0.16575	-0.163167	-0.164855	-0.164674	-0.163667	-0.164379	-0.163567	-0.163524	-0.164244	-0.162945	-0.165629	-0.162875	-0.16551	-0.164367	-0.163253	-0.164995	-0.166643	-0.171113	-0.182326	-0.197565	-0.219512	-0.239076	-0.257114	-0.254001	-0.249983	-0.253221	-0.291561	
-0.0342249	-0.0342249	-0.0058197	0.0730651	0.177404	0.27671	0.370573	0.450341	0.50119	0.488549	0.391601	0.252285	0.0963223	-0.0445754	-0.142532	-0.206852	-0.228363	-0.231483	-0.219344	-0.206282	-0.191454	-0.179735	-0.170511	-0.165498	-0.161356	-0.159257	-0.15721	-0.158223	-0.155487	-0.157725	-0.15634	-0.15645	-0.158292	-0.156488	-0.159645	-0.160163	-0.163512	-0.167486	-0.17783	-0.184395	-0.201845	-0.215524	-0.233562	-0.243721	-0.25333	-0.249796	-0.245428	-0.256437	-0.291561	-0.372873	
