0.311384	0.311384	0.24689	0.0624393	-0.176867	0.184151	
0.311384	0.311384	0.24689	0.0624393	-0.176867	0.184151	
0.24689	0.24689	0.134864	0.124655	0.000618542	0.280968	
0.0624393	0.0624393	0.124655	0.198823	0.360053	0.221743	
-0.176867	-0.176867	0.000618542	0.360053	0.49763	-0.162664	
0.184151	0.184151	0.280968	0.221743	-0.162664	-0.496634	
