-0.0424984	0.0154953	0.0643688	0.107433	0.159725	0.214214	0.273564	0.336119	0.389419	0.434027	0.480807	0.530218	0.567629	0.583356	0.578436	0.559049	0.522781	0.471366	0.401822	0.302869	0.182104	0.0503471	-0.0725067	-0.168617	-0.229125	-0.249006	-0.240473	-0.225285	-0.209464	-0.190241	-0.169177	-0.14434	-0.118933	-0.0885186	-0.0476294	-0.0119322	-0.0106384	-0.0570213	-0.143059	-0.253475	-0.374662	-0.491457	-0.572078	-0.597603	-0.573237	-0.52036	-0.45663	-0.38935	-0.345511	-0.345511	
0.0154953	0.0786897	0.136107	0.186706	0.23501	0.281934	0.326421	0.368116	0.402671	0.429032	0.452955	0.476608	0.485851	0.478057	0.458311	0.425429	0.389336	0.345859	0.288606	0.208164	0.101637	-0.0111208	-0.114079	-0.193731	-0.229894	-0.218923	-0.182295	-0.139086	-0.109674	-0.0904828	-0.0737269	-0.0617164	-0.0463811	-0.0269039	0.00216062	0.0281575	0.0202629	-0.0369212	-0.138221	-0.263582	-0.400957	-0.526907	-0.608521	-0.62139	-0.581091	-0.524317	-0.460736	-0.403098	-0.363091	-0.363091	
0.0643688	0.136107	0.20341	0.252817	0.286083	0.309794	0.333184	0.358352	0.381186	0.391433	0.39531	0.397878	0.391893	0.374593	0.353458	0.323363	0.290865	0.260274	0.221437	0.159431	0.0707734	-0.0299627	-0.119362	-0.17746	-0.191811	-0.168025	-0.122075	-0.071344	-0.0418632	-0.0287021	-0.0204107	-0.0104022	0.00078021	0.0134222	0.0337891	0.0506226	0.0304866	-0.0411742	-0.151144	-0.286543	-0.430281	-0.556257	-0.626631	-0.622398	-0.57015	-0.506787	-0.449292	-0.402296	-0.366669	-0.366669	
0.107433	0.186706	0.252817	0.287741	0.300916	0.296408	0.298612	0.313449	0.325434	0.325897	0.324114	0.316183	0.304421	0.288468	0.273466	0.250321	0.22811	0.215529	0.193303	0.144832	0.0658041	-0.0224687	-0.0959126	-0.13436	-0.134392	-0.105637	-0.0622774	-0.02047	0.00222375	0.0126108	0.0131316	0.0131206	0.0168365	0.0204008	0.0321089	0.0387015	0.0122205	-0.0614715	-0.177093	-0.314401	-0.452476	-0.568241	-0.621633	-0.597617	-0.533834	-0.472382	-0.424014	-0.387247	-0.360764	-0.360764	
0.159725	0.23501	0.286083	0.300916	0.286071	0.258842	0.244635	0.245212	0.249225	0.251306	0.254529	0.251558	0.244008	0.239916	0.233654	0.216028	0.200403	0.189934	0.167514	0.126215	0.0603309	-0.0129401	-0.0679923	-0.088565	-0.0744756	-0.0419524	-0.0038991	0.0313389	0.0499778	0.0548112	0.0442937	0.0255729	0.00631202	-0.00773642	-0.00457114	0.000456884	-0.0248841	-0.0978735	-0.208018	-0.338194	-0.467327	-0.560722	-0.591644	-0.552653	-0.481856	-0.426144	-0.389903	-0.367928	-0.349594	-0.349594	
0.214214	0.281934	0.309794	0.296408	0.258842	0.213125	0.185612	0.175006	0.171822	0.179148	0.191788	0.19857	0.210482	0.22668	0.234091	0.225533	0.207624	0.183557	0.151913	0.110071	0.0532949	-0.0027578	-0.0365101	-0.0396208	-0.0167092	0.0175089	0.0498715	0.0778488	0.0975936	0.0959296	0.0685219	0.0288203	-0.0168068	-0.0511557	-0.0622068	-0.0640826	-0.0857961	-0.147943	-0.245924	-0.354477	-0.455726	-0.526681	-0.534961	-0.489443	-0.425491	-0.379277	-0.358407	-0.346894	-0.338521	-0.338521	
0.273564	0.326421	0.333184	0.298612	0.244635	0.185612	0.148627	0.130215	0.123276	0.131674	0.147994	0.165264	0.190693	0.221902	0.246045	0.251842	0.235032	0.201995	0.161529	0.11058	0.0545765	0.0147981	-0.00453703	-0.0033931	0.0199384	0.0510729	0.0815341	0.10962	0.128985	0.128307	0.0985515	0.0418634	-0.0295828	-0.0870346	-0.115031	-0.129656	-0.154106	-0.204912	-0.282586	-0.362741	-0.432781	-0.471237	-0.46202	-0.420026	-0.365692	-0.335766	-0.331111	-0.331429	-0.334611	-0.334611	
0.336119	0.368116	0.358352	0.313449	0.245212	0.175006	0.130215	0.108791	0.100467	0.112366	0.135717	0.163479	0.193327	0.232397	0.27132	0.286528	0.270569	0.229529	0.176782	0.115681	0.0657138	0.0348174	0.0183228	0.0208909	0.0421951	0.0690214	0.0992731	0.132486	0.157861	0.156154	0.120059	0.0503298	-0.0371898	-0.113247	-0.16153	-0.185401	-0.206087	-0.243998	-0.298225	-0.34453	-0.384816	-0.397398	-0.377133	-0.346304	-0.311362	-0.303331	-0.316534	-0.334903	-0.351423	-0.351423	
0.389419	0.402671	0.381186	0.325434	0.249225	0.171822	0.123276	0.100467	0.0949855	0.114302	0.147622	0.181048	0.215761	0.263428	0.307897	0.320304	0.300156	0.250855	0.189416	0.126751	0.0803654	0.0524989	0.0419818	0.0466537	0.0610575	0.0853513	0.123632	0.162508	0.18888	0.185047	0.139477	0.0562887	-0.0440902	-0.132608	-0.194013	-0.227722	-0.247764	-0.263758	-0.287343	-0.302676	-0.312135	-0.309484	-0.291507	-0.280738	-0.271796	-0.282246	-0.311164	-0.342803	-0.369853	-0.369853	
0.434027	0.429032	0.391433	0.325897	0.251306	0.179148	0.131674	0.112366	0.114302	0.137916	0.169795	0.203199	0.244878	0.294805	0.335677	0.346938	0.326741	0.271832	0.206376	0.145917	0.0989629	0.0708534	0.0624146	0.0666909	0.0789782	0.106655	0.148217	0.190398	0.221005	0.216109	0.166947	0.0791866	-0.0298041	-0.137724	-0.218462	-0.264068	-0.281622	-0.272606	-0.260486	-0.242113	-0.227303	-0.213057	-0.202613	-0.212947	-0.22948	-0.261746	-0.305091	-0.35277	-0.39031	-0.39031	
0.480807	0.452955	0.39531	0.324114	0.254529	0.191788	0.147994	0.135717	0.147622	0.169795	0.196227	0.234209	0.277738	0.324782	0.363552	0.377636	0.356211	0.29805	0.232018	0.166705	0.112088	0.079986	0.0752848	0.0840266	0.103087	0.133922	0.173126	0.21902	0.255041	0.249673	0.196641	0.103148	-0.0143717	-0.130497	-0.228507	-0.291383	-0.305204	-0.275589	-0.227894	-0.173177	-0.132654	-0.105134	-0.0994839	-0.125995	-0.16862	-0.227212	-0.293141	-0.365516	-0.416653	-0.416653	
0.530218	0.476608	0.397878	0.316183	0.251558	0.19857	0.165264	0.163479	0.181048	0.203199	0.234209	0.271299	0.312455	0.354954	0.395693	0.41015	0.387809	0.334607	0.266841	0.194663	0.130502	0.0934741	0.0849792	0.100041	0.130796	0.16722	0.212122	0.263389	0.299708	0.293115	0.236721	0.132996	0.00195443	-0.129434	-0.243137	-0.31732	-0.331955	-0.283056	-0.202884	-0.117389	-0.0489974	-0.00566447	0.00617396	-0.027123	-0.0876106	-0.165091	-0.254967	-0.344991	-0.408192	-0.408192	
0.567629	0.485851	0.391893	0.304421	0.244008	0.210482	0.190693	0.193327	0.215761	0.244878	0.277738	0.312455	0.349468	0.393901	0.432144	0.443011	0.424009	0.377239	0.307386	0.232765	0.167489	0.122	0.107059	0.126226	0.167114	0.211919	0.264828	0.320307	0.356152	0.354059	0.292079	0.174395	0.0297239	-0.12182	-0.258223	-0.350452	-0.371389	-0.316141	-0.210977	-0.0990824	-0.0048049	0.0645535	0.0920317	0.0753231	0.0185993	-0.0646199	-0.160639	-0.262128	-0.32933	-0.32933	
0.583356	0.478057	0.374593	0.288468	0.239916	0.22668	0.221902	0.232397	0.263428	0.294805	0.324782	0.354954	0.393901	0.438273	0.469936	0.478397	0.457414	0.412558	0.346226	0.279021	0.214708	0.161783	0.144845	0.168685	0.212666	0.264586	0.324289	0.37904	0.422719	0.427066	0.361099	0.234435	0.0705327	-0.103318	-0.260511	-0.373181	-0.412524	-0.365329	-0.252309	-0.120534	0.00825389	0.111041	0.172329	0.186525	0.142724	0.0680717	-0.0263595	-0.128461	-0.191463	-0.191463	
0.578436	0.458311	0.353458	0.273466	0.233654	0.234091	0.246045	0.27132	0.307897	0.335677	0.363552	0.395693	0.432144	0.469936	0.495185	0.494515	0.469633	0.42658	0.371374	0.317169	0.257603	0.208299	0.190193	0.206978	0.255695	0.324954	0.393717	0.454096	0.499225	0.502793	0.441265	0.311683	0.134347	-0.0598886	-0.238186	-0.372254	-0.435404	-0.405282	-0.296355	-0.153736	0.00362711	0.14451	0.246609	0.297432	0.280417	0.219002	0.127203	0.030554	-0.030543	-0.030543	
0.559049	0.425429	0.323363	0.250321	0.216028	0.225533	0.251842	0.286528	0.320304	0.346938	0.377636	0.41015	0.443011	0.478397	0.494515	0.484938	0.450492	0.417975	0.385144	0.346112	0.299236	0.251802	0.228151	0.246336	0.305901	0.385964	0.465149	0.530383	0.5803	0.585866	0.526381	0.399093	0.210306	0.00320177	-0.191419	-0.348003	-0.430884	-0.427614	-0.333552	-0.177991	0.00420391	0.183437	0.32301	0.403947	0.412569	0.36433	0.285531	0.202359	0.149644	0.149644	
0.522781	0.389336	0.290865	0.22811	0.200403	0.207624	0.235032	0.270569	0.300156	0.326741	0.356211	0.387809	0.424009	0.457414	0.469633	0.450492	0.425894	0.414244	0.406708	0.390314	0.352	0.302867	0.269744	0.279527	0.340634	0.427401	0.515806	0.589709	0.637811	0.64826	0.600144	0.47762	0.287983	0.0697002	-0.13872	-0.309939	-0.41238	-0.429381	-0.353731	-0.195238	0.00902352	0.217884	0.39442	0.505948	0.54229	0.518139	0.456674	0.391851	0.350367	0.350367	
0.471366	0.345859	0.260274	0.215529	0.189934	0.183557	0.201995	0.229529	0.250855	0.271832	0.29805	0.334607	0.377239	0.412558	0.42658	0.417975	0.414244	0.429853	0.452533	0.455738	0.421402	0.363337	0.315465	0.311627	0.362108	0.442181	0.531748	0.607451	0.656007	0.673055	0.636115	0.525912	0.345657	0.123459	-0.0956801	-0.275525	-0.397356	-0.435405	-0.371901	-0.21333	0.0110923	0.250251	0.458244	0.602653	0.671475	0.679673	0.64929	0.609349	0.584407	0.584407	
0.401822	0.288606	0.221437	0.193303	0.167514	0.151913	0.161529	0.176782	0.189416	0.206376	0.232018	0.266841	0.307386	0.346226	0.371374	0.385144	0.406708	0.452533	0.505215	0.521594	0.487336	0.416147	0.349509	0.329846	0.361202	0.430087	0.5122	0.586421	0.647096	0.675862	0.652579	0.552975	0.37943	0.157366	-0.0722431	-0.263271	-0.396894	-0.452122	-0.401815	-0.240817	-0.00173595	0.265219	0.504347	0.683975	0.794901	0.843483	0.855709	0.849914	0.843082	0.843082	
0.302869	0.208164	0.159431	0.144832	0.126215	0.110071	0.11058	0.115681	0.126751	0.145917	0.166705	0.194663	0.232765	0.279021	0.317169	0.346112	0.390314	0.455738	0.521594	0.542541	0.509225	0.433846	0.360021	0.327777	0.344847	0.405938	0.483731	0.563731	0.634538	0.668868	0.655288	0.566107	0.397433	0.173255	-0.0623765	-0.264323	-0.41549	-0.481047	-0.438618	-0.281017	-0.0338094	0.252094	0.519722	0.733916	0.893562	0.993004	1.05062	1.08416	1.09473	1.09473	
0.182104	0.101637	0.0707734	0.0658041	0.0603309	0.0532949	0.0545765	0.0657138	0.0803654	0.0989629	0.112088	0.130502	0.167489	0.214708	0.257603	0.299236	0.352	0.421402	0.487336	0.509225	0.478156	0.405492	0.333932	0.3034	0.321042	0.377133	0.455667	0.542821	0.628019	0.674791	0.661927	0.573261	0.401784	0.175806	-0.0630184	-0.279818	-0.439632	-0.514093	-0.48666	-0.332544	-0.0871762	0.20386	0.495062	0.744412	0.948065	1.10006	1.20813	1.27482	1.30662	1.30662	
0.0503471	-0.0111208	-0.0299627	-0.0224687	-0.0129401	-0.0027578	0.0147981	0.0348174	0.0524989	0.0708534	0.079986	0.0934741	0.122	0.161783	0.208299	0.251802	0.302867	0.363337	0.416147	0.433846	0.405492	0.3443	0.286332	0.261141	0.284755	0.343478	0.428073	0.530328	0.621968	0.676756	0.661754	0.564696	0.390269	0.164524	-0.0779791	-0.306613	-0.477534	-0.563621	-0.543225	-0.402335	-0.16618	0.123874	0.427081	0.709206	0.952949	1.15498	1.30762	1.40499	1.45366	1.45366	
-0.0725067	-0.114079	-0.119362	-0.0959126	-0.0679923	-0.0365101	-0.00453703	0.0183228	0.0419818	0.0624146	0.0752848	0.0849792	0.107059	0.144845	0.190193	0.228151	0.269744	0.315465	0.349509	0.360021	0.333932	0.286332	0.238533	0.220714	0.248194	0.311526	0.400044	0.505995	0.599094	0.650693	0.63075	0.522749	0.346111	0.120817	-0.12757	-0.35828	-0.539714	-0.637407	-0.617931	-0.494337	-0.274104	0.0119736	0.323127	0.631699	0.913222	1.15904	1.34579	1.47104	1.52959	1.52959	
-0.168617	-0.193731	-0.17746	-0.13436	-0.088565	-0.0396208	-0.0033931	0.0208909	0.0466537	0.0666909	0.0840266	0.100041	0.126226	0.168685	0.206978	0.246336	0.279527	0.311627	0.329846	0.327777	0.3034	0.261141	0.220714	0.208939	0.228841	0.283357	0.36363	0.456312	0.542888	0.584885	0.554379	0.437335	0.257024	0.0365095	-0.209225	-0.443224	-0.627894	-0.729373	-0.716252	-0.60675	-0.40262	-0.123789	0.189659	0.520729	0.832667	1.10747	1.32379	1.46583	1.53043	1.53043	
-0.229125	-0.229894	-0.191811	-0.134392	-0.0744756	-0.0167092	0.0199384	0.0421951	0.0610575	0.0789782	0.103087	0.130796	0.167114	0.212666	0.255695	0.305901	0.340634	0.362108	0.361202	0.344847	0.321042	0.284755	0.248194	0.228841	0.232346	0.266169	0.324596	0.39184	0.454287	0.477325	0.433887	0.317675	0.140989	-0.0743356	-0.308104	-0.538173	-0.723292	-0.82021	-0.813441	-0.718573	-0.530639	-0.268085	0.042825	0.382346	0.704292	0.996025	1.22593	1.36813	1.43749	1.43749	
-0.249006	-0.218923	-0.168025	-0.105637	-0.0419524	0.0175089	0.0510729	0.0690214	0.0853513	0.106655	0.133922	0.16722	0.211919	0.264586	0.324954	0.385964	0.427401	0.442181	0.430087	0.405938	0.377133	0.343478	0.311526	0.283357	0.266169	0.269073	0.294226	0.327767	0.352947	0.354137	0.299082	0.183762	0.0172095	-0.184422	-0.405	-0.622261	-0.793728	-0.883058	-0.881091	-0.803486	-0.638246	-0.401956	-0.107312	0.220502	0.531747	0.819717	1.0423	1.17527	1.23924	1.23924	
-0.240473	-0.182295	-0.122075	-0.0622774	-0.0038991	0.0498715	0.0815341	0.0992731	0.123632	0.148217	0.173126	0.212122	0.264828	0.324289	0.393717	0.465149	0.515806	0.531748	0.5122	0.483731	0.455667	0.428073	0.400044	0.36363	0.324596	0.294226	0.278568	0.272998	0.264672	0.241353	0.173523	0.0613301	-0.0947128	-0.280367	-0.482843	-0.680778	-0.828682	-0.909052	-0.909384	-0.849662	-0.71603	-0.508364	-0.247086	0.0473426	0.33235	0.593654	0.79379	0.912131	0.962672	0.962672	
-0.225285	-0.139086	-0.071344	-0.02047	0.0313389	0.0778488	0.10962	0.132486	0.162508	0.190398	0.21902	0.263389	0.320307	0.37904	0.454096	0.530383	0.589709	0.607451	0.586421	0.563731	0.542821	0.530328	0.505995	0.456312	0.39184	0.327767	0.272998	0.235603	0.194589	0.144656	0.0713321	-0.0383385	-0.180229	-0.354004	-0.537879	-0.711001	-0.837138	-0.900876	-0.906882	-0.867384	-0.76678	-0.592827	-0.366919	-0.113968	0.138724	0.366022	0.535495	0.634955	0.669507	0.669507	
-0.209464	-0.109674	-0.0418632	0.00222375	0.0499778	0.0975936	0.128985	0.157861	0.18888	0.221005	0.255041	0.299708	0.356152	0.422719	0.499225	0.5803	0.637811	0.656007	0.647096	0.634538	0.628019	0.621968	0.599094	0.542888	0.454287	0.352947	0.264672	0.194589	0.131654	0.0639805	-0.0150042	-0.120933	-0.252318	-0.404649	-0.57058	-0.720122	-0.820572	-0.868089	-0.87993	-0.852729	-0.776121	-0.635418	-0.443741	-0.231678	-0.0178451	0.173705	0.317376	0.394026	0.420426	0.420426	
-0.190241	-0.0904828	-0.0287021	0.0126108	0.0548112	0.0959296	0.128307	0.156154	0.185047	0.216109	0.249673	0.293115	0.354059	0.427066	0.502793	0.585866	0.64826	0.673055	0.675862	0.668868	0.674791	0.676756	0.650693	0.584885	0.477325	0.354137	0.241353	0.144656	0.0639805	-0.0153609	-0.0988769	-0.196599	-0.31008	-0.439408	-0.579279	-0.693009	-0.763579	-0.796435	-0.807451	-0.794514	-0.743962	-0.630211	-0.469509	-0.291959	-0.107258	0.0528115	0.170422	0.229181	0.24642	0.24642	
-0.169177	-0.0737269	-0.0204107	0.0131316	0.0442937	0.0685219	0.0985515	0.120059	0.139477	0.166947	0.196641	0.236721	0.292079	0.361099	0.441265	0.526381	0.600144	0.636115	0.652579	0.655288	0.661927	0.661754	0.63075	0.554379	0.433887	0.299082	0.173523	0.0713321	-0.0150042	-0.0988769	-0.182863	-0.269703	-0.358989	-0.455505	-0.551035	-0.618298	-0.657074	-0.666548	-0.672227	-0.67389	-0.639188	-0.556724	-0.429395	-0.284048	-0.130279	0.00215593	0.0922615	0.142656	0.151078	0.151078	
-0.14434	-0.0617164	-0.0104022	0.0131206	0.0255729	0.0288203	0.0418634	0.0503298	0.0562887	0.0791866	0.103148	0.132996	0.174395	0.234435	0.311683	0.399093	0.47762	0.525912	0.552975	0.566107	0.573261	0.564696	0.522749	0.437335	0.317675	0.183762	0.0613301	-0.0383385	-0.120933	-0.196599	-0.269703	-0.333846	-0.391246	-0.441361	-0.479566	-0.499081	-0.493399	-0.476984	-0.477605	-0.476713	-0.459022	-0.410226	-0.31696	-0.207221	-0.091075	0.0101626	0.0746542	0.106248	0.114212	0.114212	
-0.118933	-0.0463811	0.00078021	0.0168365	0.00631202	-0.0168068	-0.0295828	-0.0371898	-0.0440902	-0.0298041	-0.0143717	0.00195443	0.0297239	0.0705327	0.134347	0.210306	0.287983	0.345657	0.37943	0.397433	0.401784	0.390269	0.346111	0.257024	0.140989	0.0172095	-0.0947128	-0.180229	-0.252318	-0.31008	-0.358989	-0.391246	-0.401751	-0.398147	-0.371213	-0.331651	-0.281332	-0.242189	-0.232959	-0.232806	-0.237374	-0.215303	-0.159378	-0.0828748	0.00459061	0.0668761	0.101576	0.113659	0.114364	0.114364	
-0.0885186	-0.0269039	0.0134222	0.0204008	-0.00773642	-0.0511557	-0.0870346	-0.113247	-0.132608	-0.137724	-0.130497	-0.129434	-0.12182	-0.103318	-0.0598886	0.00320177	0.0697002	0.123459	0.157366	0.173255	0.175806	0.164524	0.120817	0.0365095	-0.0743356	-0.184422	-0.280367	-0.354004	-0.404649	-0.439408	-0.455505	-0.441361	-0.398147	-0.324093	-0.227532	-0.128315	-0.0404959	0.0128778	0.029513	0.0251055	0.00513941	-0.00373424	0.0154567	0.0580277	0.112413	0.14356	0.150257	0.150659	0.148856	0.148856	
-0.0476294	0.00216062	0.0337891	0.0321089	-0.00457114	-0.0622068	-0.115031	-0.16153	-0.194013	-0.218462	-0.228507	-0.243137	-0.258223	-0.260511	-0.238186	-0.191419	-0.13872	-0.0956801	-0.0722431	-0.0623765	-0.0630184	-0.0779791	-0.12757	-0.209225	-0.308104	-0.405	-0.482843	-0.537879	-0.57058	-0.579279	-0.551035	-0.479566	-0.371213	-0.227532	-0.0655187	0.0896025	0.208269	0.272274	0.289023	0.272268	0.230886	0.185593	0.168235	0.182524	0.209187	0.215556	0.200908	0.191067	0.187489	0.187489	
-0.0119322	0.0281575	0.0506226	0.0387015	0.000456884	-0.0640826	-0.129656	-0.185401	-0.227722	-0.264068	-0.291383	-0.31732	-0.350452	-0.373181	-0.372254	-0.348003	-0.309939	-0.275525	-0.263271	-0.264323	-0.279818	-0.306613	-0.35828	-0.443224	-0.538173	-0.622261	-0.680778	-0.711001	-0.720122	-0.693009	-0.618298	-0.499081	-0.331651	-0.128315	0.0896025	0.291	0.432304	0.501619	0.512439	0.479685	0.415762	0.34086	0.287861	0.27496	0.275913	0.256026	0.224961	0.203707	0.199776	0.199776	
-0.0106384	0.0202629	0.0304866	0.0122205	-0.0248841	-0.0857961	-0.154106	-0.206087	-0.247764	-0.281622	-0.305204	-0.331955	-0.371389	-0.412524	-0.435404	-0.430884	-0.41238	-0.397356	-0.396894	-0.41549	-0.439632	-0.477534	-0.539714	-0.627894	-0.723292	-0.793728	-0.828682	-0.837138	-0.820572	-0.763579	-0.657074	-0.493399	-0.281332	-0.0404959	0.208269	0.432304	0.584155	0.654413	0.663949	0.625062	0.549431	0.452179	0.37172	0.329891	0.29858	0.255031	0.206565	0.173254	0.169366	0.169366	
-0.0570213	-0.0369212	-0.0411742	-0.0614715	-0.0978735	-0.147943	-0.204912	-0.243998	-0.263758	-0.272606	-0.275589	-0.283056	-0.316141	-0.365329	-0.405282	-0.427614	-0.429381	-0.435405	-0.452122	-0.481047	-0.514093	-0.563621	-0.637407	-0.729373	-0.82021	-0.883058	-0.909052	-0.900876	-0.868089	-0.796435	-0.666548	-0.476984	-0.242189	0.0128778	0.272274	0.501619	0.654413	0.728359	0.735159	0.689332	0.606312	0.498089	0.398579	0.335083	0.280496	0.213507	0.150314	0.105993	0.0962822	0.0962822	
-0.143059	-0.138221	-0.151144	-0.177093	-0.208018	-0.245924	-0.282586	-0.298225	-0.287343	-0.260486	-0.227894	-0.202884	-0.210977	-0.252309	-0.296355	-0.333552	-0.353731	-0.371901	-0.401815	-0.438618	-0.48666	-0.543225	-0.617931	-0.716252	-0.813441	-0.881091	-0.909384	-0.906882	-0.87993	-0.807451	-0.672227	-0.477605	-0.232959	0.029513	0.289023	0.512439	0.663949	0.735159	0.732751	0.68091	0.58933	0.473931	0.362906	0.277952	0.203275	0.122936	0.053345	0.00773487	-0.00416619	-0.00416619	
-0.253475	-0.263582	-0.286543	-0.314401	-0.338194	-0.354477	-0.362741	-0.34453	-0.302676	-0.242113	-0.173177	-0.117389	-0.0990824	-0.120534	-0.153736	-0.177991	-0.195238	-0.21333	-0.240817	-0.281017	-0.332544	-0.402335	-0.494337	-0.60675	-0.718573	-0.803486	-0.849662	-0.867384	-0.852729	-0.794514	-0.67389	-0.476713	-0.232806	0.0251055	0.272268	0.479685	0.625062	0.689332	0.68091	0.619546	0.516234	0.389628	0.266132	0.158817	0.0641017	-0.0207516	-0.0922026	-0.132186	-0.145404	-0.145404	
-0.374662	-0.400957	-0.430281	-0.452476	-0.467327	-0.455726	-0.432781	-0.384816	-0.312135	-0.227303	-0.132654	-0.0489974	-0.0048049	0.00825389	0.00362711	0.00420391	0.00902352	0.0110923	-0.00173595	-0.0338094	-0.0871762	-0.16618	-0.274104	-0.40262	-0.530639	-0.638246	-0.71603	-0.76678	-0.776121	-0.743962	-0.639188	-0.459022	-0.237374	0.00513941	0.230886	0.415762	0.549431	0.606312	0.58933	0.516234	0.40059	0.267216	0.128686	-0.00438904	-0.120566	-0.218371	-0.293393	-0.332313	-0.348532	-0.348532	
-0.491457	-0.526907	-0.556257	-0.568241	-0.560722	-0.526681	-0.471237	-0.397398	-0.309484	-0.213057	-0.105134	-0.00566447	0.0645535	0.111041	0.14451	0.183437	0.217884	0.250251	0.265219	0.252094	0.20386	0.123874	0.0119736	-0.123789	-0.268085	-0.401956	-0.508364	-0.592827	-0.635418	-0.630211	-0.556724	-0.410226	-0.215303	-0.00373424	0.185593	0.34086	0.452179	0.498089	0.473931	0.389628	0.267216	0.120612	-0.0380899	-0.200463	-0.348084	-0.465828	-0.552787	-0.59428	-0.619241	-0.619241	
-0.572078	-0.608521	-0.626631	-0.621633	-0.591644	-0.534961	-0.46202	-0.377133	-0.291507	-0.202613	-0.0994839	0.00617396	0.0920317	0.172329	0.246609	0.32301	0.39442	0.458244	0.504347	0.519722	0.495062	0.427081	0.323127	0.189659	0.042825	-0.107312	-0.247086	-0.366919	-0.443741	-0.469509	-0.429395	-0.31696	-0.159378	0.0154567	0.168235	0.287861	0.37172	0.398579	0.362906	0.266132	0.128686	-0.0380899	-0.226077	-0.427305	-0.615561	-0.757257	-0.857085	-0.910577	-0.936655	-0.936655	
-0.597603	-0.62139	-0.622398	-0.597617	-0.552653	-0.489443	-0.420026	-0.346304	-0.280738	-0.212947	-0.125995	-0.027123	0.0753231	0.186525	0.297432	0.403947	0.505948	0.602653	0.683975	0.733916	0.744412	0.709206	0.631699	0.520729	0.382346	0.220502	0.0473426	-0.113968	-0.231678	-0.291959	-0.284048	-0.207221	-0.0828748	0.0580277	0.182524	0.27496	0.329891	0.335083	0.277952	0.158817	-0.00438904	-0.200463	-0.427305	-0.668295	-0.892875	-1.06445	-1.17616	-1.24302	-1.27271	-1.27271	
-0.573237	-0.581091	-0.57015	-0.533834	-0.481856	-0.425491	-0.365692	-0.311362	-0.271796	-0.22948	-0.16862	-0.0876106	0.0185993	0.142724	0.280417	0.412569	0.54229	0.671475	0.794901	0.893562	0.948065	0.952949	0.913222	0.832667	0.704292	0.531747	0.33235	0.138724	-0.0178451	-0.107258	-0.130279	-0.091075	0.00459061	0.112413	0.209187	0.275913	0.29858	0.280496	0.203275	0.0641017	-0.120566	-0.348084	-0.615561	-0.892875	-1.14892	-1.34555	-1.46516	-1.53805	-1.57007	-1.57007	
-0.52036	-0.524317	-0.506787	-0.472382	-0.426144	-0.379277	-0.335766	-0.303331	-0.282246	-0.261746	-0.227212	-0.165091	-0.0646199	0.0680717	0.219002	0.36433	0.518139	0.679673	0.843483	0.993004	1.10006	1.15498	1.15904	1.10747	0.996025	0.819717	0.593654	0.366022	0.173705	0.0528115	0.00215593	0.0101626	0.0668761	0.14356	0.215556	0.256026	0.255031	0.213507	0.122936	-0.0207516	-0.218371	-0.465828	-0.757257	-1.06445	-1.34555	-1.55573	-1.68363	-1.76189	-1.79007	-1.79007	
-0.45663	-0.460736	-0.449292	-0.424014	-0.389903	-0.358407	-0.331111	-0.316534	-0.311164	-0.305091	-0.293141	-0.254967	-0.160639	-0.0263595	0.127203	0.285531	0.456674	0.64929	0.855709	1.05062	1.20813	1.30762	1.34579	1.32379	1.22593	1.0423	0.79379	0.535495	0.317376	0.170422	0.0922615	0.0746542	0.101576	0.150257	0.200908	0.224961	0.206565	0.150314	0.053345	-0.0922026	-0.293393	-0.552787	-0.857085	-1.17616	-1.46516	-1.68363	-1.82022	-1.89839	-1.93248	-1.93248	
-0.38935	-0.403098	-0.402296	-0.387247	-0.367928	-0.346894	-0.331429	-0.334903	-0.342803	-0.35277	-0.365516	-0.344991	-0.262128	-0.128461	0.030554	0.202359	0.391851	0.609349	0.849914	1.08416	1.27482	1.40499	1.47104	1.46583	1.36813	1.17527	0.912131	0.634955	0.394026	0.229181	0.142656	0.106248	0.113659	0.150659	0.191067	0.203707	0.173254	0.105993	0.00773487	-0.132186	-0.332313	-0.59428	-0.910577	-1.24302	-1.53805	-1.76189	-1.89839	-1.96971	-2.00137	-2.00137	
-0.345511	-0.363091	-0.366669	-0.360764	-0.349594	-0.338521	-0.334611	-0.351423	-0.369853	-0.39031	-0.416653	-0.408192	-0.32933	-0.191463	-0.030543	0.149644	0.350367	0.584407	0.843082	1.09473	1.30662	1.45366	1.52959	1.53043	1.43749	1.23924	0.962672	0.669507	0.420426	0.24642	0.151078	0.114212	0.114364	0.148856	0.187489	0.199776	0.169366	0.0962822	-0.00416619	-0.145404	-0.348532	-0.619241	-0.936655	-1.27271	-1.57007	-1.79007	-1.93248	-2.00137	-2.03519	-2.03519	
-0.345511	-0.363091	-0.366669	-0.360764	-0.349594	-0.338521	-0.334611	-0.351423	-0.369853	-0.39031	-0.416653	-0.408192	-0.32933	-0.191463	-0.030543	0.149644	0.350367	0.584407	0.843082	1.09473	1.30662	1.45366	1.52959	1.53043	1.43749	1.23924	0.962672	0.669507	0.420426	0.24642	0.151078	0.114212	0.114364	0.148856	0.187489	0.199776	0.169366	0.0962822	-0.00416619	-0.145404	-0.348532	-0.619241	-0.936655	-1.27271	-1.57007	-1.79007	-1.93248	-2.00137	-2.03519	-2.03519	
