-0.164439	-0.164439	-0.161584	-0.167368	-0.167919	-0.163614	-0.16428	-0.171094	-0.168797	-0.163851	-0.187819	-0.181883	-0.172741	-0.186794	-0.195298	-0.200772	-0.193016	-0.191006	-0.2129	-0.236618	-0.229168	-0.221108	-0.22474	-0.255565	-0.295311	-0.332161	-0.32307	-0.293971	-0.28622	-0.328155	-0.427079	-0.586636	-0.792394	-0.976715	-1.10081	-1.13208	-1.073	-0.890089	-0.586581	-0.196199	0.228256	0.636332	1.01853	1.34459	1.57388	1.66919	1.59599	1.38937	1.10139	0.786178	
-0.164439	-0.164439	-0.161584	-0.167368	-0.167919	-0.163614	-0.16428	-0.171094	-0.168797	-0.163851	-0.187819	-0.181883	-0.172741	-0.186794	-0.195298	-0.200772	-0.193016	-0.191006	-0.2129	-0.236618	-0.229168	-0.221108	-0.22474	-0.255565	-0.295311	-0.332161	-0.32307	-0.293971	-0.28622	-0.328155	-0.427079	-0.586636	-0.792394	-0.976715	-1.10081	-1.13208	-1.073	-0.890089	-0.586581	-0.196199	0.228256	0.636332	1.01853	1.34459	1.57388	1.66919	1.59599	1.38937	1.10139	0.786178	
-0.161584	-0.161584	-0.166594	-0.164123	-0.161814	-0.165483	-0.172943	-0.176161	-0.169806	-0.172725	-0.175918	-0.173468	-0.17718	-0.180655	-0.190704	-0.19672	-0.196305	-0.198196	-0.217614	-0.232167	-0.234244	-0.226551	-0.238508	-0.260963	-0.299538	-0.325107	-0.322638	-0.30061	-0.301929	-0.345719	-0.445378	-0.601009	-0.793305	-0.970516	-1.08429	-1.11777	-1.04926	-0.870749	-0.569558	-0.189028	0.226337	0.63397	1.00871	1.33087	1.55654	1.64412	1.58145	1.37828	1.09756	0.795365	
-0.167368	-0.167368	-0.164123	-0.16449	-0.163525	-0.167685	-0.170973	-0.164931	-0.167846	-0.179085	-0.173819	-0.180356	-0.187954	-0.184948	-0.192004	-0.19432	-0.197246	-0.208111	-0.213002	-0.22025	-0.226848	-0.230243	-0.246279	-0.263125	-0.291421	-0.306123	-0.310406	-0.30851	-0.321304	-0.374252	-0.471036	-0.620292	-0.786864	-0.946818	-1.04604	-1.07307	-0.996767	-0.815299	-0.527453	-0.160565	0.236633	0.636629	0.99995	1.30562	1.51802	1.59343	1.53483	1.34424	1.07793	0.793504	
-0.167919	-0.167919	-0.161814	-0.163525	-0.173131	-0.171168	-0.160719	-0.162501	-0.180094	-0.183337	-0.166088	-0.181095	-0.191531	-0.189782	-0.187586	-0.188729	-0.204422	-0.215773	-0.211622	-0.21019	-0.223757	-0.243392	-0.258027	-0.272051	-0.283439	-0.288217	-0.303894	-0.324452	-0.357112	-0.416372	-0.514309	-0.645632	-0.783254	-0.913205	-0.996645	-1.00975	-0.925621	-0.742112	-0.471624	-0.128456	0.248912	0.632061	0.982828	1.26633	1.45914	1.5279	1.47067	1.30483	1.05829	0.794407	
-0.163614	-0.163614	-0.165483	-0.167685	-0.171168	-0.170759	-0.16762	-0.173198	-0.180056	-0.173284	-0.165192	-0.18173	-0.190337	-0.188278	-0.184022	-0.191202	-0.215996	-0.223455	-0.214233	-0.208093	-0.230944	-0.260672	-0.272753	-0.281233	-0.274439	-0.273817	-0.302873	-0.347471	-0.402372	-0.467776	-0.565915	-0.670459	-0.776168	-0.86825	-0.932649	-0.927325	-0.834589	-0.654284	-0.404107	-0.0929732	0.259968	0.620645	0.950453	1.21009	1.37757	1.44182	1.39254	1.25494	1.03995	0.79996	
-0.16428	-0.16428	-0.172943	-0.170973	-0.160719	-0.16762	-0.175163	-0.176847	-0.177066	-0.172767	-0.179692	-0.18715	-0.190326	-0.186444	-0.186882	-0.19613	-0.214342	-0.220759	-0.206457	-0.207072	-0.234849	-0.267579	-0.280102	-0.28013	-0.262219	-0.265533	-0.307684	-0.380182	-0.451726	-0.529516	-0.616855	-0.69402	-0.759901	-0.81325	-0.850259	-0.823116	-0.721069	-0.546978	-0.320124	-0.0427197	0.280879	0.614046	0.915288	1.1447	1.28543	1.33865	1.30359	1.18883	1.01285	0.796619	
-0.171094	-0.171094	-0.176161	-0.164931	-0.162501	-0.173198	-0.176847	-0.168467	-0.172953	-0.182398	-0.188375	-0.188258	-0.187462	-0.192673	-0.194766	-0.20494	-0.212524	-0.214613	-0.207862	-0.215696	-0.243338	-0.271613	-0.283016	-0.27361	-0.255042	-0.267099	-0.32495	-0.417318	-0.505592	-0.591046	-0.661229	-0.707748	-0.73096	-0.746788	-0.748645	-0.700675	-0.591082	-0.429285	-0.230344	0.0123093	0.299235	0.598458	0.864364	1.05921	1.17526	1.22179	1.20164	1.12051	0.980637	0.796048	
-0.168797	-0.168797	-0.169806	-0.167846	-0.180094	-0.180056	-0.177066	-0.172953	-0.16915	-0.180131	-0.190614	-0.181594	-0.180512	-0.19831	-0.204684	-0.214623	-0.212368	-0.213791	-0.224278	-0.236823	-0.256733	-0.277493	-0.281565	-0.270124	-0.258221	-0.286059	-0.356214	-0.460745	-0.563614	-0.647387	-0.697512	-0.707792	-0.693807	-0.667968	-0.635441	-0.564184	-0.455612	-0.30929	-0.142708	0.0646495	0.308873	0.567879	0.791531	0.954209	1.04655	1.09636	1.09476	1.05306	0.954453	0.803468	
-0.163851	-0.163851	-0.172725	-0.179085	-0.183337	-0.173284	-0.172767	-0.182398	-0.180131	-0.191875	-0.192837	-0.174705	-0.185489	-0.203238	-0.21078	-0.208482	-0.200907	-0.210149	-0.23679	-0.250575	-0.261673	-0.271364	-0.274994	-0.267668	-0.278013	-0.322256	-0.403049	-0.513566	-0.624252	-0.698762	-0.722572	-0.698209	-0.647024	-0.581019	-0.508912	-0.420522	-0.311833	-0.189251	-0.0479559	0.120024	0.321922	0.534229	0.713479	0.844036	0.920717	0.969276	0.995061	0.981602	0.923051	0.805059	
-0.187819	-0.187819	-0.175918	-0.173819	-0.166088	-0.165192	-0.179692	-0.188375	-0.190614	-0.192837	-0.187726	-0.187114	-0.20359	-0.210839	-0.211936	-0.204611	-0.198642	-0.21988	-0.249966	-0.261357	-0.259071	-0.25896	-0.264745	-0.271072	-0.309042	-0.366695	-0.453196	-0.563584	-0.670231	-0.728775	-0.720311	-0.667577	-0.577244	-0.475772	-0.363849	-0.265726	-0.162901	-0.065657	0.0467524	0.175056	0.327251	0.485566	0.620546	0.717289	0.78648	0.83834	0.889422	0.909992	0.886483	0.80147	
-0.181883	-0.181883	-0.173468	-0.180356	-0.181095	-0.18173	-0.18715	-0.188258	-0.181594	-0.174705	-0.187114	-0.202561	-0.21042	-0.209959	-0.213058	-0.211987	-0.215759	-0.24231	-0.267964	-0.271228	-0.257589	-0.253031	-0.263363	-0.295495	-0.354206	-0.424333	-0.508552	-0.612127	-0.702382	-0.735634	-0.698648	-0.615879	-0.494251	-0.35375	-0.2163	-0.108991	-0.0236377	0.0509502	0.130069	0.215329	0.313562	0.413152	0.504795	0.576518	0.640834	0.70865	0.785106	0.841985	0.85903	0.805149	
-0.172741	-0.172741	-0.17718	-0.187954	-0.191531	-0.190337	-0.190326	-0.187462	-0.180512	-0.185489	-0.20359	-0.21042	-0.203261	-0.202178	-0.209906	-0.215264	-0.231046	-0.255012	-0.270812	-0.268173	-0.255393	-0.252064	-0.281694	-0.339315	-0.41761	-0.492676	-0.573458	-0.658486	-0.722792	-0.725537	-0.663315	-0.55252	-0.400157	-0.228198	-0.0710018	0.0355747	0.10603	0.155812	0.203435	0.24441	0.285946	0.333022	0.385027	0.441841	0.510535	0.594034	0.697092	0.784238	0.829545	0.805779	
-0.186794	-0.186794	-0.180655	-0.184948	-0.189782	-0.188278	-0.186444	-0.192673	-0.19831	-0.203238	-0.210839	-0.209959	-0.202178	-0.202086	-0.21263	-0.228834	-0.251121	-0.260469	-0.261261	-0.262907	-0.253103	-0.263569	-0.314256	-0.39449	-0.482062	-0.55832	-0.628023	-0.685164	-0.713598	-0.687868	-0.601052	-0.465365	-0.28434	-0.091238	0.0745826	0.175923	0.228353	0.254906	0.265076	0.259009	0.243295	0.238712	0.260781	0.306137	0.385583	0.487297	0.612435	0.728855	0.799291	0.800622	
-0.195298	-0.195298	-0.190704	-0.192004	-0.187586	-0.184022	-0.186882	-0.194766	-0.204684	-0.21078	-0.211936	-0.213058	-0.209906	-0.21263	-0.232016	-0.255801	-0.266716	-0.254554	-0.252355	-0.259157	-0.2617	-0.291694	-0.362749	-0.454736	-0.543087	-0.614573	-0.664688	-0.683481	-0.675015	-0.620603	-0.513395	-0.351174	-0.151377	0.053191	0.215658	0.308529	0.343088	0.341647	0.312405	0.253159	0.18418	0.133732	0.13107	0.174441	0.263141	0.385166	0.52969	0.669967	0.765888	0.79345	
-0.200772	-0.200772	-0.19672	-0.19432	-0.188729	-0.191202	-0.19613	-0.20494	-0.214623	-0.208482	-0.204611	-0.211987	-0.215264	-0.228834	-0.255801	-0.27125	-0.26436	-0.249903	-0.252955	-0.270646	-0.294698	-0.348493	-0.431691	-0.523941	-0.605863	-0.665553	-0.684242	-0.6622	-0.616717	-0.537762	-0.408364	-0.22555	-0.016082	0.18573	0.337958	0.419735	0.434448	0.402461	0.327454	0.219098	0.101121	0.018781	0.00121448	0.0505428	0.155058	0.297063	0.461567	0.622771	0.740585	0.788837	
-0.193016	-0.193016	-0.196305	-0.197246	-0.204422	-0.215996	-0.214342	-0.212524	-0.212368	-0.200907	-0.198642	-0.215759	-0.231046	-0.251121	-0.266716	-0.26436	-0.258598	-0.252088	-0.263465	-0.298509	-0.350998	-0.423617	-0.505886	-0.589899	-0.660143	-0.696048	-0.677625	-0.615719	-0.538214	-0.434832	-0.284391	-0.0893786	0.117561	0.30584	0.444181	0.512321	0.505227	0.436512	0.316013	0.160497	0.00707562	-0.0985188	-0.118803	-0.0606845	0.0616825	0.22269	0.403538	0.583293	0.718993	0.786046	
-0.191006	-0.191006	-0.198196	-0.208111	-0.215773	-0.223455	-0.220759	-0.214613	-0.213791	-0.210149	-0.21988	-0.24231	-0.255012	-0.260469	-0.254554	-0.249903	-0.252088	-0.254467	-0.279773	-0.34053	-0.418627	-0.496386	-0.56812	-0.641495	-0.689756	-0.693828	-0.637491	-0.542871	-0.437247	-0.308653	-0.143651	0.0533578	0.24449	0.415371	0.536185	0.590169	0.555278	0.448861	0.283708	0.0926396	-0.0855583	-0.199466	-0.218932	-0.146946	-0.0128525	0.163959	0.353438	0.543807	0.691724	0.771342	
-0.2129	-0.2129	-0.217614	-0.213002	-0.211622	-0.214233	-0.206457	-0.207862	-0.224278	-0.23679	-0.249966	-0.267964	-0.270812	-0.261261	-0.252355	-0.252955	-0.263465	-0.279773	-0.327248	-0.409085	-0.494699	-0.561208	-0.619814	-0.670592	-0.685831	-0.651174	-0.56212	-0.440834	-0.306439	-0.156936	0.0145355	0.198249	0.367632	0.515468	0.617969	0.648481	0.581573	0.432331	0.228986	0.0101424	-0.180825	-0.296674	-0.310723	-0.229008	-0.082429	0.102365	0.302301	0.499712	0.660087	0.754636	
-0.236618	-0.236618	-0.232167	-0.22025	-0.21019	-0.208093	-0.207072	-0.215696	-0.236823	-0.250575	-0.261357	-0.271228	-0.268173	-0.262907	-0.259157	-0.270646	-0.298509	-0.34053	-0.409085	-0.495161	-0.570469	-0.624866	-0.661481	-0.679039	-0.651982	-0.582222	-0.467981	-0.321291	-0.161176	0.00182857	0.165677	0.326438	0.470084	0.593577	0.671677	0.672292	0.567206	0.379988	0.146261	-0.0864394	-0.279256	-0.390007	-0.395436	-0.303874	-0.148342	0.0477436	0.253506	0.463112	0.63619	0.746351	
-0.229168	-0.229168	-0.234244	-0.226848	-0.223757	-0.230944	-0.234849	-0.243338	-0.256733	-0.261673	-0.259071	-0.257589	-0.255393	-0.253103	-0.2617	-0.294698	-0.350998	-0.418627	-0.494699	-0.570469	-0.63799	-0.675328	-0.682946	-0.658245	-0.593181	-0.498124	-0.361791	-0.192653	-0.0139014	0.148881	0.292577	0.427077	0.543093	0.641171	0.687382	0.652973	0.51194	0.295299	0.0478334	-0.184977	-0.367338	-0.464296	-0.459324	-0.355049	-0.190727	0.0128598	0.227564	0.440101	0.623094	0.741731	
-0.221108	-0.221108	-0.226551	-0.230243	-0.243392	-0.260672	-0.267579	-0.271613	-0.277493	-0.271364	-0.25896	-0.253031	-0.252064	-0.263569	-0.291694	-0.348493	-0.423617	-0.496386	-0.561208	-0.624866	-0.675328	-0.685323	-0.652134	-0.586963	-0.494943	-0.37783	-0.222245	-0.0358297	0.147114	0.294484	0.413681	0.518485	0.60951	0.673061	0.683998	0.610444	0.440906	0.207832	-0.041275	-0.262491	-0.430297	-0.514249	-0.499562	-0.391672	-0.221838	-0.0163528	0.19892	0.415711	0.601075	0.726626	
-0.22474	-0.22474	-0.238508	-0.246279	-0.258027	-0.272753	-0.280102	-0.283016	-0.281565	-0.274994	-0.264745	-0.263363	-0.281694	-0.314256	-0.362749	-0.431691	-0.505886	-0.56812	-0.619814	-0.661481	-0.682946	-0.652134	-0.578548	-0.484115	-0.368253	-0.231334	-0.0582396	0.131642	0.302783	0.427736	0.518634	0.59759	0.654472	0.681014	0.647869	0.541967	0.35213	0.116056	-0.122704	-0.328463	-0.478776	-0.551916	-0.53324	-0.422122	-0.254877	-0.0490817	0.165723	0.380086	0.571213	0.702774	
-0.255565	-0.255565	-0.260963	-0.263125	-0.272051	-0.281233	-0.28013	-0.27361	-0.270124	-0.267668	-0.271072	-0.295495	-0.339315	-0.39449	-0.454736	-0.523941	-0.589899	-0.641495	-0.670592	-0.679039	-0.658245	-0.586963	-0.484115	-0.363275	-0.226026	-0.0683931	0.108869	0.287254	0.436327	0.535269	0.601308	0.647136	0.667286	0.646214	0.575377	0.441663	0.246959	0.0184798	-0.203746	-0.389479	-0.526071	-0.589384	-0.568012	-0.458306	-0.288892	-0.0844151	0.133057	0.352106	0.54788	0.689383	
-0.295311	-0.295311	-0.299538	-0.291421	-0.283439	-0.274439	-0.262219	-0.255042	-0.258221	-0.278013	-0.309042	-0.354206	-0.41761	-0.482062	-0.543087	-0.605863	-0.660143	-0.689756	-0.685831	-0.651982	-0.593181	-0.494943	-0.368253	-0.226026	-0.0677658	0.0953761	0.261541	0.415125	0.538545	0.613181	0.649899	0.659309	0.633229	0.570352	0.466592	0.323417	0.134918	-0.0744511	-0.274053	-0.441066	-0.561348	-0.618658	-0.594558	-0.484626	-0.317073	-0.110504	0.107987	0.328772	0.531829	0.680376	
-0.332161	-0.332161	-0.325107	-0.306123	-0.288217	-0.273817	-0.265533	-0.267099	-0.286059	-0.322256	-0.366695	-0.424333	-0.492676	-0.55832	-0.614573	-0.665553	-0.696048	-0.693828	-0.651174	-0.582222	-0.498124	-0.37783	-0.231334	-0.0683931	0.0953761	0.248903	0.389251	0.515437	0.613247	0.661255	0.663317	0.627987	0.558325	0.458767	0.340036	0.198562	0.0297701	-0.155905	-0.33236	-0.479329	-0.588774	-0.637565	-0.612512	-0.501893	-0.332093	-0.124989	0.0971851	0.321407	0.527107	0.680699	
-0.32307	-0.32307	-0.322638	-0.310406	-0.303894	-0.302873	-0.307684	-0.32495	-0.356214	-0.403049	-0.453196	-0.508552	-0.573458	-0.628023	-0.664688	-0.684242	-0.677625	-0.637491	-0.56212	-0.467981	-0.361791	-0.222245	-0.0582396	0.108869	0.261541	0.389251	0.500998	0.598783	0.669967	0.684039	0.644205	0.563901	0.457065	0.337856	0.217714	0.0931265	-0.0511354	-0.210466	-0.364428	-0.496608	-0.594282	-0.640556	-0.613421	-0.504725	-0.336456	-0.130143	0.0904134	0.312371	0.518146	0.670923	
-0.293971	-0.293971	-0.30061	-0.30851	-0.324452	-0.347471	-0.380182	-0.417318	-0.460745	-0.513566	-0.563584	-0.612127	-0.658486	-0.685164	-0.683481	-0.6622	-0.615719	-0.542871	-0.440834	-0.321291	-0.192653	-0.0358297	0.131642	0.287254	0.415125	0.515437	0.598783	0.669073	0.7058	0.679434	0.594623	0.476363	0.3468	0.223103	0.115847	0.0133488	-0.104501	-0.240984	-0.378332	-0.498528	-0.592332	-0.635967	-0.61272	-0.507089	-0.343329	-0.141505	0.0745979	0.29262	0.494016	0.644772	
-0.28622	-0.28622	-0.301929	-0.321304	-0.357112	-0.402372	-0.451726	-0.505592	-0.563614	-0.624252	-0.670231	-0.702382	-0.722792	-0.713598	-0.675015	-0.616717	-0.538214	-0.437247	-0.306439	-0.161176	-0.0139014	0.147114	0.302783	0.436327	0.538545	0.613247	0.669967	0.7058	0.702545	0.631434	0.509287	0.366091	0.230687	0.116195	0.0288086	-0.0502709	-0.146088	-0.266348	-0.392557	-0.508863	-0.600612	-0.648223	-0.628239	-0.528906	-0.369124	-0.171871	0.0424214	0.258435	0.461656	0.616315	
-0.328155	-0.328155	-0.345719	-0.374252	-0.416372	-0.467776	-0.529516	-0.591046	-0.647387	-0.698762	-0.728775	-0.735634	-0.725537	-0.687868	-0.620603	-0.537762	-0.434832	-0.308653	-0.156936	0.00182857	0.148881	0.294484	0.427736	0.535269	0.613181	0.661255	0.684039	0.679434	0.631434	0.523367	0.376133	0.226764	0.0995343	0.00452864	-0.0603648	-0.117224	-0.195915	-0.303264	-0.422994	-0.53479	-0.626501	-0.673633	-0.655781	-0.556559	-0.397841	-0.198377	0.0170333	0.237723	0.445633	0.606171	
-0.427079	-0.427079	-0.445378	-0.471036	-0.514309	-0.565915	-0.616855	-0.661229	-0.697512	-0.722572	-0.720311	-0.698648	-0.663315	-0.601052	-0.513395	-0.408364	-0.284391	-0.143651	0.0145355	0.165677	0.292577	0.413681	0.518634	0.601308	0.649899	0.663317	0.644205	0.594623	0.509287	0.376133	0.22309	0.0817913	-0.0251259	-0.0974149	-0.138778	-0.177973	-0.24185	-0.341	-0.453728	-0.562588	-0.650829	-0.696057	-0.675117	-0.573492	-0.409851	-0.207618	0.014313	0.238632	0.451335	0.616598	
-0.586636	-0.586636	-0.601009	-0.620292	-0.645632	-0.670459	-0.69402	-0.707748	-0.707792	-0.698209	-0.667577	-0.615879	-0.55252	-0.465365	-0.351174	-0.22555	-0.0893786	0.0533578	0.198249	0.326438	0.427077	0.518485	0.59759	0.647136	0.659309	0.627987	0.563901	0.476363	0.366091	0.226764	0.0817913	-0.0387425	-0.122381	-0.169753	-0.192463	-0.215229	-0.270076	-0.360486	-0.46893	-0.572658	-0.657304	-0.698682	-0.673972	-0.568232	-0.4028	-0.196082	0.0256053	0.252348	0.465349	0.628411	
-0.792394	-0.792394	-0.793305	-0.786864	-0.783254	-0.776168	-0.759901	-0.73096	-0.693807	-0.647024	-0.577244	-0.494251	-0.400157	-0.28434	-0.151377	-0.016082	0.117561	0.24449	0.367632	0.470084	0.543093	0.60951	0.654472	0.667286	0.633229	0.558325	0.457065	0.3468	0.230687	0.0995343	-0.0251259	-0.122381	-0.181093	-0.209788	-0.215909	-0.230582	-0.277657	-0.365767	-0.470006	-0.571507	-0.653378	-0.690994	-0.66303	-0.55419	-0.38492	-0.178818	0.0451631	0.269449	0.478307	0.636525	
-0.976715	-0.976715	-0.970516	-0.946818	-0.913205	-0.86825	-0.81325	-0.746788	-0.667968	-0.581019	-0.475772	-0.35375	-0.228198	-0.091238	0.053191	0.18573	0.30584	0.415371	0.515468	0.593577	0.641171	0.673061	0.681014	0.646214	0.570352	0.458767	0.337856	0.223103	0.116195	0.00452864	-0.0974149	-0.169753	-0.209788	-0.221091	-0.218874	-0.225349	-0.27169	-0.356284	-0.459878	-0.559401	-0.638823	-0.675218	-0.644683	-0.534746	-0.368379	-0.163342	0.0528156	0.270556	0.470564	0.615258	
-1.10081	-1.10081	-1.08429	-1.04604	-0.996645	-0.932649	-0.850259	-0.748645	-0.635441	-0.508912	-0.363849	-0.2163	-0.0710018	0.0745826	0.215658	0.337958	0.444181	0.536185	0.617969	0.671677	0.687382	0.683998	0.647869	0.575377	0.466592	0.340036	0.217714	0.115847	0.0288086	-0.0603648	-0.138778	-0.192463	-0.215909	-0.218874	-0.209082	-0.216478	-0.262329	-0.350418	-0.455164	-0.555893	-0.637564	-0.673424	-0.644354	-0.53654	-0.372705	-0.176018	0.0335404	0.2409	0.426954	0.558292	
-1.13208	-1.13208	-1.11777	-1.07307	-1.00975	-0.927325	-0.823116	-0.700675	-0.564184	-0.420522	-0.265726	-0.108991	0.0355747	0.175923	0.308529	0.419735	0.512321	0.590169	0.648481	0.672292	0.652973	0.610444	0.541967	0.441663	0.323417	0.198562	0.0931265	0.0133488	-0.0502709	-0.117224	-0.177973	-0.215229	-0.230582	-0.225349	-0.216478	-0.223754	-0.276243	-0.36793	-0.476969	-0.582192	-0.665688	-0.705699	-0.678537	-0.574159	-0.418542	-0.227918	-0.0295394	0.167753	0.344541	0.464067	
-1.073	-1.073	-1.04926	-0.996767	-0.925621	-0.834589	-0.721069	-0.591082	-0.455612	-0.311833	-0.162901	-0.0236377	0.10603	0.228353	0.343088	0.434448	0.505227	0.555278	0.581573	0.567206	0.51194	0.440906	0.35213	0.246959	0.134918	0.0297701	-0.0511354	-0.104501	-0.146088	-0.195915	-0.24185	-0.270076	-0.277657	-0.27169	-0.262329	-0.276243	-0.334833	-0.433341	-0.548355	-0.656297	-0.744426	-0.784134	-0.757292	-0.653813	-0.498097	-0.311259	-0.114938	0.0809613	0.253086	0.369766	
-0.890089	-0.890089	-0.870749	-0.815299	-0.742112	-0.654284	-0.546978	-0.429285	-0.30929	-0.189251	-0.065657	0.0509502	0.155812	0.254906	0.341647	0.402461	0.436512	0.448861	0.432331	0.379988	0.295299	0.207832	0.116056	0.0184798	-0.0744511	-0.155905	-0.210466	-0.240984	-0.266348	-0.303264	-0.341	-0.360486	-0.365767	-0.356284	-0.350418	-0.36793	-0.433341	-0.536863	-0.653144	-0.763435	-0.848231	-0.885227	-0.852635	-0.743053	-0.585363	-0.394799	-0.196743	0.000457145	0.174699	0.292321	
-0.586581	-0.586581	-0.569558	-0.527453	-0.471624	-0.404107	-0.320124	-0.230344	-0.142708	-0.0479559	0.0467524	0.130069	0.203435	0.265076	0.312405	0.327454	0.316013	0.283708	0.228986	0.146261	0.0478334	-0.041275	-0.122704	-0.203746	-0.274053	-0.33236	-0.364428	-0.378332	-0.392557	-0.422994	-0.453728	-0.46893	-0.470006	-0.459878	-0.455164	-0.476969	-0.548355	-0.653144	-0.771235	-0.876896	-0.957893	-0.98583	-0.942412	-0.82389	-0.656768	-0.459019	-0.254849	-0.0495562	0.129204	0.250152	
-0.196199	-0.196199	-0.189028	-0.160565	-0.128456	-0.0929732	-0.0427197	0.0123093	0.0646495	0.120024	0.175056	0.215329	0.24441	0.259009	0.253159	0.219098	0.160497	0.0926396	0.0101424	-0.0864394	-0.184977	-0.262491	-0.328463	-0.389479	-0.441066	-0.479329	-0.496608	-0.498528	-0.508863	-0.53479	-0.562588	-0.572658	-0.571507	-0.559401	-0.555893	-0.582192	-0.656297	-0.763435	-0.876896	-0.978458	-1.04945	-1.06526	-1.00782	-0.875076	-0.696579	-0.488667	-0.273864	-0.0591382	0.126878	0.256663	
0.228256	0.228256	0.226337	0.236633	0.248912	0.259968	0.280879	0.299235	0.308873	0.321922	0.327251	0.313562	0.285946	0.243295	0.18418	0.101121	0.00707562	-0.0855583	-0.180825	-0.279256	-0.367338	-0.430297	-0.478776	-0.526071	-0.561348	-0.588774	-0.594282	-0.592332	-0.600612	-0.626501	-0.650829	-0.657304	-0.653378	-0.638823	-0.637564	-0.665688	-0.744426	-0.848231	-0.957893	-1.04945	-1.10785	-1.10731	-1.0301	-0.879887	-0.685517	-0.462049	-0.233773	-0.00551356	0.192679	0.330328	
0.636332	0.636332	0.63397	0.636629	0.632061	0.620645	0.614046	0.598458	0.567879	0.534229	0.485566	0.413152	0.333022	0.238712	0.133732	0.018781	-0.0985188	-0.199466	-0.296674	-0.390007	-0.464296	-0.514249	-0.551916	-0.589384	-0.618658	-0.637565	-0.640556	-0.635967	-0.648223	-0.673633	-0.696057	-0.698682	-0.690994	-0.675218	-0.673424	-0.705699	-0.784134	-0.885227	-0.98583	-1.06526	-1.10731	-1.08576	-0.985864	-0.815555	-0.601591	-0.362502	-0.118858	0.124453	0.329961	0.475651	
1.01853	1.01853	1.00871	0.99995	0.982828	0.950453	0.915288	0.864364	0.791531	0.713479	0.620546	0.504795	0.385027	0.260781	0.13107	0.00121448	-0.118803	-0.218932	-0.310723	-0.395436	-0.459324	-0.499562	-0.53324	-0.568012	-0.594558	-0.612512	-0.613421	-0.61272	-0.628239	-0.655781	-0.675117	-0.673972	-0.66303	-0.644683	-0.644354	-0.678537	-0.757292	-0.852635	-0.942412	-1.00782	-1.0301	-0.985864	-0.862069	-0.670309	-0.439411	-0.186447	0.070146	0.318981	0.528221	0.671322	
1.34459	1.34459	1.33087	1.30562	1.26633	1.21009	1.1447	1.05921	0.954209	0.844036	0.717289	0.576518	0.441841	0.306137	0.174441	0.0505428	-0.0606845	-0.146946	-0.229008	-0.303874	-0.355049	-0.391672	-0.422122	-0.458306	-0.484626	-0.501893	-0.504725	-0.507089	-0.528906	-0.556559	-0.573492	-0.568232	-0.55419	-0.534746	-0.53654	-0.574159	-0.653813	-0.743053	-0.82389	-0.875076	-0.879887	-0.815555	-0.670309	-0.464155	-0.221042	0.04022	0.299998	0.551867	0.754953	0.888706	
1.57388	1.57388	1.55654	1.51802	1.45914	1.37757	1.28543	1.17526	1.04655	0.920717	0.78648	0.640834	0.510535	0.385583	0.263141	0.155058	0.0616825	-0.0128525	-0.082429	-0.148342	-0.190727	-0.221838	-0.254877	-0.288892	-0.317073	-0.332093	-0.336456	-0.343329	-0.369124	-0.397841	-0.409851	-0.4028	-0.38492	-0.368379	-0.372705	-0.418542	-0.498097	-0.585363	-0.656768	-0.696579	-0.685517	-0.601591	-0.439411	-0.221042	0.0314945	0.293462	0.556827	0.801118	0.992374	1.11135	
1.66919	1.66919	1.64412	1.59343	1.5279	1.44182	1.33865	1.22179	1.09636	0.969276	0.83834	0.70865	0.594034	0.487297	0.385166	0.297063	0.22269	0.163959	0.102365	0.0477436	0.0128598	-0.0163528	-0.0490817	-0.0844151	-0.110504	-0.124989	-0.130143	-0.141505	-0.171871	-0.198377	-0.207618	-0.196082	-0.178818	-0.163342	-0.176018	-0.227918	-0.311259	-0.394799	-0.459019	-0.488667	-0.462049	-0.362502	-0.186447	0.04022	0.293462	0.555724	0.812692	1.04612	1.22271	1.32041	
1.59599	1.59599	1.58145	1.53483	1.47067	1.39254	1.30359	1.20164	1.09476	0.995061	0.889422	0.785106	0.697092	0.612435	0.52969	0.461567	0.403538	0.353438	0.302301	0.253506	0.227564	0.19892	0.165723	0.133057	0.107987	0.0971851	0.0904134	0.0745979	0.0424214	0.0170333	0.014313	0.0256053	0.0451631	0.0528156	0.0335404	-0.0295394	-0.114938	-0.196743	-0.254849	-0.273864	-0.233773	-0.118858	0.070146	0.299998	0.556827	0.812692	1.06338	1.28199	1.43542	1.50661	
1.38937	1.38937	1.37828	1.34424	1.30483	1.25494	1.18883	1.12051	1.05306	0.981602	0.909992	0.841985	0.784238	0.728855	0.669967	0.622771	0.583293	0.543807	0.499712	0.463112	0.440101	0.415711	0.380086	0.352106	0.328772	0.321407	0.312371	0.29262	0.258435	0.237723	0.238632	0.252348	0.269449	0.270556	0.2409	0.167753	0.0809613	0.000457145	-0.0495562	-0.0591382	-0.00551356	0.124453	0.318981	0.551867	0.801118	1.04612	1.28199	1.47331	1.59725	1.63322	
1.10139	1.10139	1.09756	1.07793	1.05829	1.03995	1.01285	0.980637	0.954453	0.923051	0.886483	0.85903	0.829545	0.799291	0.765888	0.740585	0.718993	0.691724	0.660087	0.63619	0.623094	0.601075	0.571213	0.54788	0.531829	0.527107	0.518146	0.494016	0.461656	0.445633	0.451335	0.465349	0.478307	0.470564	0.426954	0.344541	0.253086	0.174699	0.129204	0.126878	0.192679	0.329961	0.528221	0.754953	0.992374	1.22271	1.43542	1.59725	1.68607	1.68129	
0.786178	0.786178	0.795365	0.793504	0.794407	0.79996	0.796619	0.796048	0.803468	0.805059	0.80147	0.805149	0.805779	0.800622	0.79345	0.788837	0.786046	0.771342	0.754636	0.746351	0.741731	0.726626	0.702774	0.689383	0.680376	0.680699	0.670923	0.644772	0.616315	0.606171	0.616598	0.628411	0.636525	0.615258	0.558292	0.464067	0.369766	0.292321	0.250152	0.256663	0.330328	0.475651	0.671322	0.888706	1.11135	1.32041	1.50661	1.63322	1.68129	1.63496	
