1.37591	1.37591	0.63739	0.296281	0.275517	0.665496	
1.37591	1.37591	0.63739	0.296281	0.275517	0.665496	
0.63739	0.63739	-0.0864336	-0.404428	-0.332077	0.167737	
0.296281	0.296281	-0.404428	-0.715717	-0.918959	0.256369	
0.275517	0.275517	-0.332077	-0.918959	-0.657837	-0.00785846	
0.665496	0.665496	0.167737	0.256369	-0.00785846	1.17813	
