-0.32274	-0.214058	-0.071716	0.0757458	0.194018	0.267823	0.293042	0.284327	0.254492	0.200281	0.117131	0.0201313	-0.0667587	-0.124283	-0.141551	-0.122656	-0.076699	-0.0239683	0.0175989	0.0528345	0.0847279	0.115679	0.140155	0.16356	0.191385	0.215381	0.233251	0.239548	0.212963	0.154632	0.0772808	2.02293e-05	-0.0549956	-0.0947681	-0.128327	-0.168684	-0.215922	-0.253272	-0.265888	-0.254022	-0.224719	-0.179764	-0.124458	-0.0477791	0.0531792	0.171968	0.299964	0.40998	0.476966	0.476966	
-0.214058	-0.0945285	0.0399767	0.17096	0.269869	0.324217	0.327999	0.298232	0.246262	0.170638	0.0788723	-0.0125164	-0.0806937	-0.10337	-0.079099	-0.0159584	0.0716972	0.168125	0.24518	0.297641	0.332918	0.349277	0.35054	0.341108	0.320656	0.290224	0.259363	0.220698	0.168875	0.105097	0.0325014	-0.027175	-0.0623705	-0.0793225	-0.0996726	-0.136646	-0.181584	-0.215292	-0.223255	-0.217445	-0.200156	-0.179398	-0.144608	-0.0743575	0.0281866	0.162124	0.305685	0.432128	0.5079	0.5079	
-0.071716	0.0399767	0.155454	0.257267	0.326974	0.360862	0.350449	0.306126	0.235962	0.148377	0.0590923	-0.019323	-0.0650234	-0.0566718	0.00039227	0.101878	0.236091	0.370005	0.471631	0.544328	0.581152	0.582717	0.559574	0.515121	0.451388	0.371493	0.287392	0.203289	0.121866	0.0457195	-0.0185427	-0.0615909	-0.0798719	-0.0836968	-0.092506	-0.119357	-0.153839	-0.173126	-0.169855	-0.159867	-0.151979	-0.150708	-0.132092	-0.0738473	0.0268171	0.170735	0.323095	0.458411	0.54143	0.54143	
0.0757458	0.17096	0.257267	0.327406	0.367121	0.380973	0.355397	0.292705	0.205563	0.116266	0.0329217	-0.026177	-0.03951	0.00355054	0.0961091	0.241306	0.408465	0.564656	0.693258	0.782654	0.822675	0.812205	0.7665	0.689809	0.58462	0.458534	0.324937	0.192556	0.0787923	-0.00692359	-0.0655661	-0.0934529	-0.0999918	-0.0956827	-0.0932028	-0.104412	-0.115981	-0.115081	-0.0978212	-0.0835645	-0.0834177	-0.0947268	-0.0966122	-0.0524362	0.0441706	0.184636	0.341718	0.482408	0.565846	0.565846	
0.194018	0.269869	0.326974	0.367121	0.385886	0.382104	0.339772	0.264892	0.173841	0.0775316	-0.00496253	-0.0409414	-0.0142132	0.0727442	0.21234	0.395202	0.58865	0.76299	0.908916	1.01064	1.05015	1.02886	0.958612	0.848061	0.704921	0.535085	0.355316	0.185174	0.04291	-0.0552867	-0.101069	-0.112863	-0.11011	-0.0945102	-0.0800823	-0.0714698	-0.0600079	-0.0411656	-0.0146106	0.00596244	0.00847116	-0.0100436	-0.0230366	-0.00204815	0.0734206	0.200739	0.34549	0.483384	0.564957	0.564957	
0.267823	0.324217	0.360862	0.380973	0.382104	0.355247	0.300403	0.225024	0.133523	0.0349015	-0.0406373	-0.0488774	0.0207213	0.156156	0.340891	0.554158	0.767252	0.958048	1.11354	1.21736	1.25191	1.20911	1.10609	0.968159	0.797926	0.595833	0.379498	0.175269	0.00812966	-0.0944688	-0.13388	-0.131018	-0.106586	-0.0783791	-0.0468359	-0.0143952	0.0171381	0.0467286	0.077027	0.103498	0.112528	0.0986941	0.0772581	0.076379	0.122962	0.219865	0.342919	0.464186	0.538968	0.538968	
0.293042	0.327999	0.350449	0.355397	0.339772	0.300403	0.24572	0.176536	0.0902016	0.0048121	-0.0477258	-0.0274216	0.0819724	0.260284	0.473607	0.701092	0.925962	1.12734	1.28792	1.38742	1.40229	1.32709	1.19649	1.03604	0.839554	0.616379	0.382283	0.160468	-0.016843	-0.12077	-0.152435	-0.135066	-0.0972726	-0.0521618	0.000575999	0.0510522	0.096856	0.135085	0.167753	0.200888	0.223557	0.220925	0.194275	0.17189	0.187202	0.246436	0.34103	0.443281	0.50853	0.50853	
0.284327	0.298232	0.306126	0.292705	0.264892	0.225024	0.176536	0.112552	0.0457113	-0.00816755	-0.025735	0.0328662	0.182417	0.38881	0.61209	0.836836	1.0619	1.25853	1.40852	1.4955	1.48623	1.38656	1.23322	1.04797	0.836213	0.604815	0.35968	0.1379	-0.0344771	-0.137459	-0.16645	-0.14032	-0.08573	-0.0206145	0.050258	0.116304	0.171065	0.209268	0.243255	0.287374	0.323401	0.332246	0.310625	0.273843	0.261985	0.288618	0.349883	0.429116	0.483601	0.483601	
0.254492	0.246262	0.235962	0.205563	0.173841	0.133523	0.0902016	0.0457113	0.0104767	0.00114937	0.0316278	0.130891	0.309124	0.526173	0.751433	0.970863	1.17548	1.35216	1.4848	1.54793	1.51104	1.39163	1.22011	1.01866	0.800096	0.566737	0.324185	0.10729	-0.0609384	-0.157298	-0.180799	-0.147084	-0.0785047	0.00495429	0.0929937	0.165695	0.223111	0.263019	0.301757	0.359072	0.41037	0.433577	0.416694	0.373367	0.341609	0.331639	0.355809	0.406595	0.445172	0.445172	
0.200281	0.170638	0.148377	0.116266	0.0775316	0.0349015	0.0048121	-0.00816755	0.00114937	0.0439234	0.127333	0.261853	0.445469	0.657511	0.875069	1.07606	1.25436	1.40549	1.50978	1.5388	1.47683	1.34196	1.15864	0.953388	0.738797	0.510663	0.282593	0.0846763	-0.0718485	-0.162578	-0.18475	-0.148608	-0.0727785	0.0207194	0.116478	0.193096	0.248193	0.289541	0.340951	0.412412	0.478391	0.512142	0.499049	0.454225	0.40395	0.358781	0.341168	0.354698	0.374981	0.374981	
0.117131	0.0788723	0.0590923	0.0329217	-0.00496253	-0.0406373	-0.0477258	-0.025735	0.0316278	0.127333	0.25772	0.411455	0.585347	0.777019	0.970624	1.13959	1.2841	1.401	1.46832	1.46857	1.38895	1.24349	1.05562	0.854585	0.651195	0.447277	0.250001	0.0760088	-0.0597114	-0.138114	-0.160922	-0.136605	-0.0675043	0.0230609	0.115291	0.193835	0.247942	0.294099	0.354045	0.435491	0.511568	0.544671	0.535494	0.492824	0.426985	0.354469	0.296475	0.271547	0.273389	0.273389	
0.0201313	-0.0125164	-0.019323	-0.026177	-0.0409414	-0.0488774	-0.0274216	0.0328662	0.130891	0.261853	0.411455	0.565163	0.716972	0.875023	1.02847	1.16152	1.26692	1.34418	1.38281	1.36206	1.27127	1.11703	0.930831	0.737374	0.543814	0.362596	0.200756	0.0615482	-0.0422876	-0.102524	-0.123199	-0.103282	-0.0506751	0.0216479	0.103249	0.17235	0.220643	0.266857	0.331826	0.41665	0.489669	0.522384	0.510485	0.468252	0.400585	0.306674	0.219646	0.16621	0.149328	0.149328	
-0.0667587	-0.0806937	-0.0650234	-0.03951	-0.0142132	0.0207213	0.0819724	0.182417	0.309124	0.445469	0.585347	0.716972	0.831845	0.9413	1.04909	1.14313	1.21762	1.26829	1.28546	1.24868	1.14805	0.993234	0.809394	0.614164	0.424574	0.258954	0.125371	0.0233527	-0.0383361	-0.0704675	-0.0809421	-0.0641692	-0.0298519	0.0230431	0.0849122	0.136115	0.172604	0.208525	0.263384	0.344221	0.41155	0.438309	0.428129	0.384885	0.316354	0.213785	0.106406	0.035127	0.0032023	0.0032023	
-0.124283	-0.10337	-0.0566718	0.00355054	0.0727442	0.156156	0.260284	0.38881	0.526173	0.657511	0.777019	0.875023	0.9413	0.994775	1.05614	1.1124	1.16287	1.19238	1.19297	1.14804	1.04302	0.888943	0.702949	0.503859	0.317634	0.163662	0.054315	-0.0124278	-0.0444043	-0.0539359	-0.0533458	-0.0397181	-0.0173401	0.0135422	0.0536103	0.0854722	0.105688	0.129012	0.166635	0.230167	0.285127	0.302207	0.289063	0.247125	0.177586	0.0734062	-0.0435103	-0.131802	-0.174776	-0.174776	
-0.141551	-0.079099	0.00039227	0.0961091	0.21234	0.340891	0.473607	0.61209	0.751433	0.875069	0.970624	1.02847	1.04909	1.05614	1.06775	1.09343	1.12332	1.14174	1.13446	1.08006	0.973681	0.819952	0.631095	0.429345	0.239982	0.0880012	-0.00139807	-0.0393158	-0.0440296	-0.0404779	-0.0381954	-0.0312446	-0.0235534	-0.00929309	0.00954524	0.0231508	0.0279565	0.0359909	0.0559197	0.0961467	0.133772	0.13787	0.112088	0.0612788	-0.0158159	-0.120835	-0.238164	-0.334389	-0.383296	-0.383296	
-0.122656	-0.0159584	0.101878	0.241306	0.395202	0.554158	0.701092	0.836836	0.970863	1.07606	1.13959	1.16152	1.14313	1.1124	1.09343	1.09487	1.11221	1.1187	1.10385	1.04817	0.943448	0.787316	0.590777	0.381665	0.185718	0.0391144	-0.0393704	-0.0589633	-0.0473572	-0.0334505	-0.0207841	-0.019586	-0.0170228	-0.0162719	-0.0264646	-0.0322246	-0.0446371	-0.0546792	-0.0550845	-0.0425754	-0.0319186	-0.045125	-0.0854489	-0.151813	-0.237825	-0.347209	-0.467289	-0.570529	-0.628431	-0.628431	
-0.076699	0.0716972	0.236091	0.408465	0.58865	0.767252	0.925962	1.0619	1.17548	1.25436	1.2841	1.26692	1.21762	1.16287	1.12332	1.11221	1.11472	1.11312	1.09218	1.0293	0.92214	0.759337	0.558832	0.347136	0.147722	0.00236381	-0.067363	-0.0787271	-0.0524831	-0.0210858	0.000274018	0.0150964	0.0200662	0.00780029	-0.0236209	-0.0611493	-0.100002	-0.132512	-0.158405	-0.175324	-0.193353	-0.223033	-0.280056	-0.364021	-0.461426	-0.581535	-0.706381	-0.817082	-0.884715	-0.884715	
-0.0239683	0.168125	0.370005	0.564656	0.76299	0.958048	1.12734	1.25853	1.35216	1.40549	1.401	1.34418	1.26829	1.19238	1.14174	1.1187	1.11312	1.10499	1.07451	1.00804	0.890443	0.720895	0.519845	0.30851	0.115014	-0.0274793	-0.0959585	-0.0963257	-0.0543908	-0.000422369	0.041141	0.0746803	0.0845271	0.0621975	0.0147649	-0.055159	-0.125164	-0.18644	-0.249017	-0.305264	-0.354549	-0.404599	-0.46882	-0.555224	-0.657048	-0.774934	-0.899337	-1.01444	-1.08592	-1.08592	
0.0175989	0.24518	0.471631	0.693258	0.908916	1.11354	1.28792	1.40852	1.4848	1.50978	1.46832	1.38281	1.28546	1.19297	1.13446	1.10385	1.09218	1.07451	1.03485	0.96547	0.842247	0.671545	0.470159	0.259285	0.0704991	-0.0672516	-0.134984	-0.126738	-0.0700935	0.0105939	0.0851669	0.140986	0.166276	0.146698	0.0817791	-0.0169608	-0.117818	-0.214503	-0.312859	-0.406818	-0.486315	-0.556821	-0.623744	-0.701245	-0.798817	-0.902114	-1.01576	-1.12766	-1.19463	-1.19463	
0.0528345	0.297641	0.544328	0.782654	1.01064	1.21736	1.38742	1.4955	1.54793	1.5388	1.46857	1.36206	1.24868	1.14804	1.08006	1.04817	1.0293	1.00804	0.96547	0.893673	0.766948	0.597397	0.401213	0.1966	0.00774475	-0.137922	-0.208857	-0.191784	-0.110733	0.000730318	0.115436	0.198716	0.242247	0.235239	0.168069	0.0599582	-0.0635012	-0.191014	-0.317358	-0.442929	-0.552784	-0.632754	-0.702333	-0.77511	-0.85817	-0.9564	-1.06314	-1.16565	-1.23239	-1.23239	
0.0847279	0.332918	0.581152	0.822675	1.05015	1.25191	1.40229	1.48623	1.51104	1.47683	1.38895	1.27127	1.14805	1.04302	0.973681	0.943448	0.92214	0.890443	0.842247	0.766948	0.651354	0.493527	0.307897	0.10809	-0.0824315	-0.228988	-0.300666	-0.278165	-0.179117	-0.0396738	0.106563	0.220299	0.294506	0.313093	0.261773	0.163911	0.0348095	-0.106205	-0.246516	-0.387842	-0.513485	-0.604914	-0.680533	-0.754905	-0.838198	-0.941387	-1.05069	-1.15459	-1.22078	-1.22078	
0.115679	0.349277	0.582717	0.812205	1.02886	1.20911	1.32709	1.38656	1.39163	1.34196	1.24349	1.11703	0.993234	0.888943	0.819952	0.787316	0.759337	0.720895	0.671545	0.597397	0.493527	0.3514	0.178054	-0.0132264	-0.200414	-0.345535	-0.409498	-0.378904	-0.26651	-0.107392	0.0596957	0.204531	0.309982	0.364223	0.350712	0.27788	0.16223	0.0279549	-0.113897	-0.256903	-0.383991	-0.487694	-0.574757	-0.656874	-0.752306	-0.863388	-0.975968	-1.0826	-1.14392	-1.14392	
0.140155	0.35054	0.559574	0.7665	0.958612	1.10609	1.19649	1.23322	1.22011	1.15864	1.05562	0.930831	0.809394	0.702949	0.631095	0.590777	0.558832	0.519845	0.470159	0.401213	0.307897	0.178054	0.013476	-0.169986	-0.349855	-0.487549	-0.540862	-0.497298	-0.374209	-0.201461	-0.0172212	0.158261	0.301211	0.394843	0.425587	0.388954	0.298977	0.179359	0.0487799	-0.0879051	-0.212721	-0.3238	-0.423064	-0.514964	-0.618102	-0.72788	-0.837993	-0.934677	-0.988926	-0.988926	
0.16356	0.341108	0.515121	0.689809	0.848061	0.968159	1.03604	1.04797	1.01866	0.953388	0.854585	0.737374	0.614164	0.503859	0.429345	0.381665	0.347136	0.30851	0.259285	0.1966	0.10809	-0.0132264	-0.169986	-0.349537	-0.523253	-0.644847	-0.679573	-0.625859	-0.493435	-0.308967	-0.10575	0.0970373	0.281602	0.418397	0.487877	0.486784	0.425267	0.324159	0.204938	0.0822612	-0.0366366	-0.15225	-0.258316	-0.358637	-0.462363	-0.561931	-0.658126	-0.735813	-0.778613	-0.778613	
0.191385	0.320656	0.451388	0.58462	0.704921	0.797926	0.839554	0.836213	0.800096	0.738797	0.651195	0.543814	0.424574	0.317634	0.239982	0.185718	0.147722	0.115014	0.0704991	0.00774475	-0.0824315	-0.200414	-0.349855	-0.523253	-0.679892	-0.782365	-0.801325	-0.735259	-0.592557	-0.405323	-0.188703	0.0416556	0.258002	0.427335	0.5327	0.563835	0.526459	0.447673	0.341393	0.229599	0.115111	0.00145782	-0.112017	-0.218922	-0.314856	-0.404664	-0.478084	-0.533115	-0.563428	-0.563428	
0.215381	0.290224	0.371493	0.458534	0.535085	0.595833	0.616379	0.604815	0.566737	0.510663	0.447277	0.362596	0.258954	0.163662	0.0880012	0.0391144	0.00236381	-0.0274793	-0.0672516	-0.137922	-0.228988	-0.345535	-0.487549	-0.644847	-0.782365	-0.864909	-0.869093	-0.799345	-0.658908	-0.47618	-0.255852	-0.0113519	0.221869	0.419031	0.546706	0.603379	0.59634	0.538448	0.448788	0.3479	0.238809	0.121257	0.00200047	-0.11151	-0.210471	-0.287827	-0.343214	-0.380719	-0.39721	-0.39721	
0.233251	0.259363	0.287392	0.324937	0.355316	0.379498	0.382283	0.35968	0.324185	0.282593	0.250001	0.200756	0.125371	0.054315	-0.00139807	-0.0393704	-0.067363	-0.0959585	-0.134984	-0.208857	-0.300666	-0.409498	-0.540862	-0.679573	-0.801325	-0.869093	-0.869203	-0.808166	-0.686891	-0.521686	-0.312199	-0.0756606	0.163871	0.376557	0.521724	0.608867	0.631733	0.595682	0.523189	0.424452	0.316206	0.194822	0.069647	-0.0499129	-0.15412	-0.227895	-0.277303	-0.302201	-0.314112	-0.314112	
0.239548	0.220698	0.203289	0.192556	0.185174	0.175269	0.160468	0.1379	0.10729	0.0846763	0.0760088	0.0615482	0.0233527	-0.0124278	-0.0393158	-0.0589633	-0.0787271	-0.0963257	-0.126738	-0.191784	-0.278165	-0.378904	-0.497298	-0.625859	-0.735259	-0.799345	-0.808166	-0.765842	-0.673249	-0.536605	-0.355959	-0.135164	0.0992502	0.310658	0.472154	0.579246	0.621026	0.603183	0.54251	0.444833	0.333886	0.211981	0.0806869	-0.0452732	-0.154809	-0.231385	-0.275256	-0.2915	-0.297886	-0.297886	
0.212963	0.168875	0.121866	0.0787923	0.04291	0.00812966	-0.016843	-0.0344771	-0.0609384	-0.0718485	-0.0597114	-0.0422876	-0.0383361	-0.0444043	-0.0440296	-0.0473572	-0.0524831	-0.0543908	-0.0700935	-0.110733	-0.179117	-0.26651	-0.374209	-0.493435	-0.592557	-0.658908	-0.686891	-0.673249	-0.623469	-0.520166	-0.369352	-0.17589	0.0431119	0.243449	0.409823	0.521512	0.572445	0.56263	0.497356	0.395466	0.278328	0.153934	0.0261028	-0.0942245	-0.204167	-0.280543	-0.318673	-0.334016	-0.33454	-0.33454	
0.154632	0.105097	0.0457195	-0.00692359	-0.0552867	-0.0944688	-0.12077	-0.137459	-0.157298	-0.162578	-0.138114	-0.102524	-0.0704675	-0.0539359	-0.0404779	-0.0334505	-0.0210858	-0.000422369	0.0105939	0.000730318	-0.0396738	-0.107392	-0.201461	-0.308967	-0.405323	-0.47618	-0.521686	-0.536605	-0.520166	-0.454747	-0.337516	-0.174746	0.0149133	0.198421	0.353397	0.455574	0.498323	0.473702	0.394551	0.280571	0.153373	0.0312739	-0.086553	-0.197109	-0.298718	-0.369908	-0.402065	-0.411089	-0.406397	-0.406397	
0.0772808	0.0325014	-0.0185427	-0.0655661	-0.101069	-0.13388	-0.152435	-0.16645	-0.180799	-0.18475	-0.160922	-0.123199	-0.0809421	-0.0533458	-0.0381954	-0.0207841	0.000274018	0.041141	0.0851669	0.115436	0.106563	0.0596957	-0.0172212	-0.10575	-0.188703	-0.255852	-0.312199	-0.355959	-0.369352	-0.337516	-0.252743	-0.121262	0.0327521	0.184004	0.309539	0.383587	0.399378	0.34973	0.251163	0.123125	-0.012971	-0.132564	-0.24023	-0.341084	-0.42942	-0.49233	-0.517926	-0.514246	-0.50677	-0.50677	
2.02293e-05	-0.027175	-0.0615909	-0.0934529	-0.112863	-0.131018	-0.135066	-0.14032	-0.147084	-0.148608	-0.136605	-0.103282	-0.0641692	-0.0397181	-0.0312446	-0.019586	0.0150964	0.0746803	0.140986	0.198716	0.220299	0.204531	0.158261	0.0970373	0.0416556	-0.0113519	-0.0756606	-0.135164	-0.17589	-0.174746	-0.121262	-0.0308864	0.0791603	0.185374	0.268641	0.307071	0.28907	0.212848	0.0914858	-0.0536791	-0.196295	-0.31712	-0.413306	-0.500219	-0.576155	-0.626495	-0.646195	-0.635651	-0.625695	-0.625695	
-0.0549956	-0.0623705	-0.0798719	-0.0999918	-0.11011	-0.106586	-0.0972726	-0.08573	-0.0785047	-0.0727785	-0.0675043	-0.0506751	-0.0298519	-0.0173401	-0.0235534	-0.0170228	0.0200662	0.0845271	0.166276	0.242247	0.294506	0.309982	0.301211	0.281602	0.258002	0.221869	0.163871	0.0992502	0.0431119	0.0149133	0.0327521	0.0791603	0.133599	0.191983	0.226283	0.221016	0.17049	0.0653154	-0.0743497	-0.229178	-0.377475	-0.494406	-0.583073	-0.659086	-0.718657	-0.754012	-0.758058	-0.73666	-0.720475	-0.720475	
-0.0947681	-0.0793225	-0.0836968	-0.0956827	-0.0945102	-0.0783791	-0.0521618	-0.0206145	0.00495429	0.0207194	0.0230609	0.0216479	0.0230431	0.0135422	-0.00929309	-0.0162719	0.00780029	0.0621975	0.146698	0.235239	0.313093	0.364223	0.394843	0.418397	0.427335	0.419031	0.376557	0.310658	0.243449	0.198421	0.184004	0.185374	0.191983	0.191205	0.171879	0.124013	0.0403919	-0.0829975	-0.233057	-0.394243	-0.542276	-0.653254	-0.732524	-0.79039	-0.826423	-0.83696	-0.818795	-0.783729	-0.761188	-0.761188	
-0.128327	-0.0996726	-0.092506	-0.0932028	-0.0800823	-0.0468359	0.000575999	0.050258	0.0929937	0.116478	0.115291	0.103249	0.0849122	0.0536103	0.00954524	-0.0264646	-0.0236209	0.0147649	0.0817791	0.168069	0.261773	0.350712	0.425587	0.487877	0.5327	0.546706	0.521724	0.472154	0.409823	0.353397	0.309539	0.268641	0.226283	0.171879	0.10436	0.0194974	-0.0918308	-0.22743	-0.382483	-0.543637	-0.6812	-0.780524	-0.839589	-0.870444	-0.878126	-0.852994	-0.807725	-0.758159	-0.726387	-0.726387	
-0.168684	-0.136646	-0.119357	-0.104412	-0.0714698	-0.0143952	0.0510522	0.116304	0.165695	0.193096	0.193835	0.17235	0.136115	0.0854722	0.0231508	-0.0322246	-0.0611493	-0.055159	-0.0169608	0.0599582	0.163911	0.27788	0.388954	0.486784	0.563835	0.603379	0.608867	0.579246	0.521512	0.455574	0.383587	0.307071	0.221016	0.124013	0.0194974	-0.0987293	-0.226439	-0.364208	-0.514587	-0.664982	-0.785716	-0.862653	-0.898547	-0.896267	-0.864345	-0.801928	-0.722226	-0.651832	-0.612129	-0.612129	
-0.215922	-0.181584	-0.153839	-0.115981	-0.0600079	0.0171381	0.096856	0.171065	0.223111	0.248193	0.247942	0.220643	0.172604	0.105688	0.0279565	-0.0446371	-0.100002	-0.125164	-0.117818	-0.0635012	0.0348095	0.16223	0.298977	0.425267	0.526459	0.59634	0.631733	0.621026	0.572445	0.498323	0.399378	0.28907	0.17049	0.0403919	-0.0918308	-0.226439	-0.356075	-0.486014	-0.619744	-0.74797	-0.847645	-0.898544	-0.902499	-0.864033	-0.792748	-0.689565	-0.578952	-0.493025	-0.443645	-0.443645	
-0.253272	-0.215292	-0.173126	-0.115081	-0.0411656	0.0467286	0.135085	0.209268	0.263019	0.289541	0.294099	0.266857	0.208525	0.129012	0.0359909	-0.0546792	-0.132512	-0.18644	-0.214503	-0.191014	-0.106205	0.0279549	0.179359	0.324159	0.447673	0.538448	0.595682	0.603183	0.56263	0.473702	0.34973	0.212848	0.0653154	-0.0829975	-0.22743	-0.364208	-0.486014	-0.593441	-0.696919	-0.792748	-0.855891	-0.876082	-0.845066	-0.773465	-0.66982	-0.537239	-0.409811	-0.310695	-0.259223	-0.259223	
-0.265888	-0.223255	-0.169855	-0.0978212	-0.0146106	0.077027	0.167753	0.243255	0.301757	0.340951	0.354045	0.331826	0.263384	0.166635	0.0559197	-0.0550845	-0.158405	-0.249017	-0.312859	-0.317358	-0.246516	-0.113897	0.0487799	0.204938	0.341393	0.448788	0.523189	0.54251	0.497356	0.394551	0.251163	0.0914858	-0.0743497	-0.233057	-0.382483	-0.514587	-0.619744	-0.696919	-0.759517	-0.810299	-0.831312	-0.810863	-0.744297	-0.640432	-0.506268	-0.359164	-0.223211	-0.120221	-0.0709036	-0.0709036	
-0.254022	-0.217445	-0.159867	-0.0835645	0.00596244	0.103498	0.200888	0.287374	0.359072	0.412412	0.435491	0.41665	0.344221	0.230167	0.0961467	-0.0425754	-0.175324	-0.305264	-0.406818	-0.442929	-0.387842	-0.256903	-0.0879051	0.0822612	0.229599	0.3479	0.424452	0.444833	0.395466	0.280571	0.123125	-0.0536791	-0.229178	-0.394243	-0.543637	-0.664982	-0.74797	-0.792748	-0.810299	-0.803804	-0.779026	-0.715226	-0.610664	-0.480001	-0.32647	-0.174595	-0.0393139	0.0554498	0.104435	0.104435	
-0.224719	-0.200156	-0.151979	-0.0834177	0.00847116	0.112528	0.223557	0.323401	0.41037	0.478391	0.511568	0.489669	0.41155	0.285127	0.133772	-0.0319186	-0.193353	-0.354549	-0.486315	-0.552784	-0.513485	-0.383991	-0.212721	-0.0366366	0.115111	0.238809	0.316206	0.333886	0.278328	0.153373	-0.012971	-0.196295	-0.377475	-0.542276	-0.6812	-0.785716	-0.847645	-0.855891	-0.831312	-0.779026	-0.707326	-0.609368	-0.474272	-0.320497	-0.155147	-0.00437657	0.120998	0.207607	0.251161	0.251161	
-0.179764	-0.179398	-0.150708	-0.0947268	-0.0100436	0.0986941	0.220925	0.332246	0.433577	0.512142	0.544671	0.522384	0.438309	0.302207	0.13787	-0.045125	-0.223033	-0.404599	-0.556821	-0.632754	-0.604914	-0.487694	-0.3238	-0.15225	0.00145782	0.121257	0.194822	0.211981	0.153934	0.0312739	-0.132564	-0.31712	-0.494406	-0.653254	-0.780524	-0.862653	-0.898544	-0.876082	-0.810863	-0.715226	-0.609368	-0.48254	-0.333727	-0.173696	-0.00852241	0.12529	0.235819	0.308892	0.345715	0.345715	
-0.124458	-0.144608	-0.132092	-0.0966122	-0.0230366	0.0772581	0.194275	0.310625	0.416694	0.499049	0.535494	0.510485	0.428129	0.289063	0.112088	-0.0854489	-0.280056	-0.46882	-0.623744	-0.702333	-0.680533	-0.574757	-0.423064	-0.258316	-0.112017	0.00200047	0.069647	0.0806869	0.0261028	-0.086553	-0.24023	-0.413306	-0.583073	-0.732524	-0.839589	-0.898547	-0.902499	-0.845066	-0.744297	-0.610664	-0.474272	-0.333727	-0.181196	-0.0293778	0.112463	0.220218	0.29784	0.345122	0.370368	0.370368	
-0.0477791	-0.0743575	-0.0738473	-0.0524362	-0.00204815	0.076379	0.17189	0.273843	0.373367	0.454225	0.492824	0.468252	0.384885	0.247125	0.0612788	-0.151813	-0.364021	-0.555224	-0.701245	-0.77511	-0.754905	-0.656874	-0.514964	-0.358637	-0.218922	-0.11151	-0.0499129	-0.0452732	-0.0942245	-0.197109	-0.341084	-0.500219	-0.659086	-0.79039	-0.870444	-0.896267	-0.864033	-0.773465	-0.640432	-0.480001	-0.320497	-0.173696	-0.0293778	0.102624	0.210548	0.283385	0.321412	0.339643	0.348746	0.348746	
0.0531792	0.0281866	0.0268171	0.0441706	0.0734206	0.122962	0.187202	0.261985	0.341609	0.40395	0.426985	0.400585	0.316354	0.177586	-0.0158159	-0.237825	-0.461426	-0.657048	-0.798817	-0.85817	-0.838198	-0.752306	-0.618102	-0.462363	-0.314856	-0.210471	-0.15412	-0.154809	-0.204167	-0.298718	-0.42942	-0.576155	-0.718657	-0.826423	-0.878126	-0.864345	-0.792748	-0.66982	-0.506268	-0.32647	-0.155147	-0.00852241	0.112463	0.210548	0.279549	0.308705	0.30748	0.298606	0.288428	0.288428	
0.171968	0.162124	0.170735	0.184636	0.200739	0.219865	0.246436	0.288618	0.331639	0.358781	0.354469	0.306674	0.213785	0.0734062	-0.120835	-0.347209	-0.581535	-0.774934	-0.902114	-0.9564	-0.941387	-0.863388	-0.72788	-0.561931	-0.404664	-0.287827	-0.227895	-0.231385	-0.280543	-0.369908	-0.49233	-0.626495	-0.754012	-0.83696	-0.852994	-0.801928	-0.689565	-0.537239	-0.359164	-0.174595	-0.00437657	0.12529	0.220218	0.283385	0.308705	0.304669	0.266542	0.227851	0.202827	0.202827	
0.299964	0.305685	0.323095	0.341718	0.34549	0.342919	0.34103	0.349883	0.355809	0.341168	0.296475	0.219646	0.106406	-0.0435103	-0.238164	-0.467289	-0.706381	-0.899337	-1.01576	-1.06314	-1.05069	-0.975968	-0.837993	-0.658126	-0.478084	-0.343214	-0.277303	-0.275256	-0.318673	-0.402065	-0.517926	-0.646195	-0.758058	-0.818795	-0.807725	-0.722226	-0.578952	-0.409811	-0.223211	-0.0393139	0.120998	0.235819	0.29784	0.321412	0.30748	0.266542	0.202459	0.139697	0.103208	0.103208	
0.40998	0.432128	0.458411	0.482408	0.483384	0.464186	0.443281	0.429116	0.406595	0.354698	0.271547	0.16621	0.035127	-0.131802	-0.334389	-0.570529	-0.817082	-1.01444	-1.12766	-1.16565	-1.15459	-1.0826	-0.934677	-0.735813	-0.533115	-0.380719	-0.302201	-0.2915	-0.334016	-0.411089	-0.514246	-0.635651	-0.73666	-0.783729	-0.758159	-0.651832	-0.493025	-0.310695	-0.120221	0.0554498	0.207607	0.308892	0.345122	0.339643	0.298606	0.227851	0.139697	0.0573148	0.00629206	0.00629206	
0.476966	0.5079	0.54143	0.565846	0.564957	0.538968	0.50853	0.483601	0.445172	0.374981	0.273389	0.149328	0.0032023	-0.174776	-0.383296	-0.628431	-0.884715	-1.08592	-1.19463	-1.23239	-1.22078	-1.14392	-0.988926	-0.778613	-0.563428	-0.39721	-0.314112	-0.297886	-0.33454	-0.406397	-0.50677	-0.625695	-0.720475	-0.761188	-0.726387	-0.612129	-0.443645	-0.259223	-0.0709036	0.104435	0.251161	0.345715	0.370368	0.348746	0.288428	0.202827	0.103208	0.00629206	-0.0478635	-0.0478635	
0.476966	0.5079	0.54143	0.565846	0.564957	0.538968	0.50853	0.483601	0.445172	0.374981	0.273389	0.149328	0.0032023	-0.174776	-0.383296	-0.628431	-0.884715	-1.08592	-1.19463	-1.23239	-1.22078	-1.14392	-0.988926	-0.778613	-0.563428	-0.39721	-0.314112	-0.297886	-0.33454	-0.406397	-0.50677	-0.625695	-0.720475	-0.761188	-0.726387	-0.612129	-0.443645	-0.259223	-0.0709036	0.104435	0.251161	0.345715	0.370368	0.348746	0.288428	0.202827	0.103208	0.00629206	-0.0478635	-0.0478635	
