-0.151875	0.0670251	0.316027	0.563518	0.78802	0.95834	1.05594	1.08182	1.04639	0.965777	0.849615	0.719307	0.607884	0.524878	0.469267	0.434578	0.400538	0.348542	0.275854	0.182778	0.0784506	-0.0328531	-0.144206	-0.252573	-0.357449	-0.434151	-0.455425	-0.412006	-0.311304	-0.178017	-0.0388389	0.0888176	0.185245	0.228707	0.211191	0.143477	0.0456151	-0.0612371	-0.174968	-0.287295	-0.379162	-0.451217	-0.505831	-0.556611	-0.609237	-0.65967	-0.715991	-0.772005	-0.810626	-0.810626	
0.0670251	0.297277	0.546356	0.780141	0.970954	1.09411	1.1336	1.09915	1.01061	0.881306	0.726839	0.572896	0.44285	0.350918	0.296314	0.265898	0.241897	0.201417	0.1418	0.0676886	-0.0219054	-0.119176	-0.220911	-0.327189	-0.425703	-0.497416	-0.520207	-0.468359	-0.353191	-0.19524	-0.0287903	0.121925	0.248691	0.322579	0.329127	0.272706	0.175928	0.0545848	-0.0832742	-0.222908	-0.33825	-0.421349	-0.492875	-0.558534	-0.624687	-0.68696	-0.742434	-0.798592	-0.832918	-0.832918	
0.316027	0.546356	0.772954	0.968884	1.11093	1.17597	1.15142	1.05541	0.912267	0.738944	0.560574	0.396763	0.264915	0.170708	0.118393	0.0979293	0.0821648	0.0564386	0.0139472	-0.0391717	-0.104169	-0.184153	-0.276333	-0.371496	-0.459346	-0.522847	-0.53462	-0.473379	-0.34405	-0.174068	0.00311735	0.171177	0.312214	0.403486	0.426955	0.384808	0.293978	0.167108	0.0183282	-0.139356	-0.274852	-0.383137	-0.479651	-0.572406	-0.663165	-0.736073	-0.797127	-0.852877	-0.8854	-0.8854	
0.563518	0.780141	0.968884	1.11125	1.19467	1.19201	1.099	0.943545	0.751953	0.546752	0.359038	0.196181	0.0688486	-0.0151307	-0.052454	-0.0548469	-0.0477152	-0.050177	-0.0712383	-0.102066	-0.146842	-0.208163	-0.288709	-0.381635	-0.46725	-0.520216	-0.519734	-0.450992	-0.319315	-0.143713	0.0389808	0.211463	0.36185	0.46629	0.502943	0.469957	0.387897	0.264978	0.110146	-0.0586948	-0.207017	-0.337353	-0.460946	-0.580106	-0.694169	-0.783522	-0.856396	-0.916575	-0.952946	-0.952946	
0.78802	0.970954	1.11093	1.19467	1.20504	1.12618	0.969391	0.764089	0.542768	0.330245	0.146369	-0.0044039	-0.114312	-0.179071	-0.197258	-0.172959	-0.13638	-0.106455	-0.0963821	-0.101202	-0.126883	-0.182065	-0.268034	-0.368781	-0.455875	-0.501055	-0.489981	-0.420016	-0.295897	-0.131817	0.04315	0.217744	0.374678	0.488961	0.542272	0.527783	0.458744	0.341373	0.191536	0.0215629	-0.139563	-0.285042	-0.431915	-0.576253	-0.708556	-0.814851	-0.900032	-0.968445	-1.00913	-1.00913	
0.95834	1.09411	1.17597	1.19201	1.12618	0.976593	0.766949	0.530684	0.300269	0.0966774	-0.0676912	-0.186189	-0.2623	-0.301357	-0.300072	-0.255389	-0.190269	-0.126749	-0.0776802	-0.0539616	-0.0700515	-0.127	-0.218229	-0.325898	-0.413383	-0.452802	-0.439987	-0.376602	-0.269861	-0.133418	0.0219193	0.188446	0.345255	0.468509	0.53217	0.533661	0.486307	0.389201	0.250318	0.0881294	-0.0764903	-0.241223	-0.405348	-0.565372	-0.707421	-0.818571	-0.907374	-0.974671	-1.01501	-1.01501	
1.05594	1.1336	1.15142	1.099	0.969391	0.766949	0.528829	0.285105	0.0633594	-0.11845	-0.249961	-0.325743	-0.362478	-0.377246	-0.356636	-0.294732	-0.2092	-0.115858	-0.0344395	0.00495329	-0.00645332	-0.0616778	-0.155097	-0.263336	-0.349358	-0.388598	-0.378043	-0.326227	-0.245835	-0.136577	-0.00224881	0.145197	0.288821	0.406814	0.478056	0.497068	0.46859	0.395092	0.276811	0.126708	-0.0368355	-0.206444	-0.375744	-0.539508	-0.67715	-0.786248	-0.874803	-0.936972	-0.974103	-0.974103	
1.08182	1.09915	1.05541	0.943545	0.764089	0.530684	0.285105	0.0523617	-0.145975	-0.292488	-0.383094	-0.414762	-0.416616	-0.403051	-0.360319	-0.285721	-0.186115	-0.0771316	0.0156479	0.0605078	0.0543788	-0.00139156	-0.0941641	-0.19282	-0.269202	-0.30955	-0.310133	-0.276378	-0.222647	-0.144166	-0.0402116	0.0822886	0.211986	0.321269	0.393652	0.428679	0.422955	0.369881	0.271093	0.142438	-0.0109061	-0.171205	-0.331754	-0.484872	-0.613284	-0.726728	-0.81593	-0.878982	-0.914088	-0.914088	
1.04639	1.01061	0.912267	0.751953	0.542768	0.300269	0.0633594	-0.145975	-0.307941	-0.411149	-0.459607	-0.457371	-0.427603	-0.386844	-0.327359	-0.246543	-0.137954	-0.0247792	0.0680805	0.113905	0.104188	0.0447961	-0.0396787	-0.124599	-0.194194	-0.233892	-0.241239	-0.226982	-0.19909	-0.14908	-0.0733732	0.0219643	0.129768	0.22843	0.30277	0.348718	0.35383	0.320669	0.242843	0.135757	0.00528991	-0.138526	-0.279332	-0.41584	-0.5352	-0.647587	-0.741674	-0.805333	-0.835902	-0.835902	
0.965777	0.881306	0.738944	0.546752	0.330245	0.0966774	-0.11845	-0.292488	-0.411149	-0.470062	-0.481968	-0.449824	-0.391294	-0.33185	-0.264491	-0.180059	-0.0722659	0.0296987	0.112348	0.153491	0.141377	0.0865308	0.0110042	-0.0665334	-0.128124	-0.163319	-0.181251	-0.18345	-0.173527	-0.143231	-0.0901417	-0.0193534	0.0633459	0.139477	0.209667	0.263519	0.278604	0.257267	0.194094	0.107496	0.000134222	-0.118069	-0.232505	-0.343495	-0.447647	-0.557647	-0.650392	-0.711013	-0.735891	-0.735891	
0.849615	0.726839	0.560574	0.359038	0.146369	-0.0676912	-0.249961	-0.383094	-0.459607	-0.481968	-0.459551	-0.398224	-0.318604	-0.244371	-0.170405	-0.0869208	0.00184486	0.0829287	0.149112	0.180494	0.171179	0.12888	0.0638764	-0.00783383	-0.0649677	-0.105184	-0.133317	-0.147375	-0.148721	-0.133908	-0.0978777	-0.0452083	0.0149692	0.0785412	0.141242	0.188899	0.20386	0.179841	0.121857	0.0533044	-0.0295984	-0.116438	-0.198113	-0.276526	-0.356346	-0.454106	-0.538283	-0.591217	-0.609606	-0.609606	
0.719307	0.572896	0.396763	0.196181	-0.0044039	-0.186189	-0.325743	-0.414762	-0.457371	-0.449824	-0.398224	-0.320143	-0.231246	-0.146076	-0.0661183	0.00365695	0.0733867	0.133721	0.178968	0.200532	0.195332	0.165475	0.107881	0.0391823	-0.0191223	-0.0652659	-0.0998066	-0.119906	-0.13063	-0.120618	-0.0832909	-0.0373747	0.00865696	0.0544946	0.10001	0.133395	0.132512	0.0964202	0.038232	-0.0151544	-0.0691129	-0.122897	-0.167478	-0.215348	-0.27145	-0.346817	-0.417364	-0.454731	-0.463411	-0.463411	
0.607884	0.44285	0.264915	0.0688486	-0.114312	-0.2623	-0.362478	-0.416616	-0.427603	-0.391294	-0.318604	-0.231246	-0.136099	-0.0445382	0.0265128	0.083934	0.136005	0.176888	0.198292	0.207209	0.205637	0.183306	0.134758	0.0727395	0.0130528	-0.0372491	-0.0691574	-0.0931515	-0.105202	-0.0877641	-0.0490514	-0.00120465	0.0385228	0.0643933	0.0848769	0.0926801	0.071511	0.0199025	-0.0381565	-0.0812273	-0.11117	-0.13158	-0.145888	-0.158609	-0.184492	-0.235394	-0.28604	-0.311016	-0.314928	-0.314928	
0.524878	0.350918	0.170708	-0.0151307	-0.179071	-0.301357	-0.377246	-0.403051	-0.386844	-0.33185	-0.244371	-0.146076	-0.0445382	0.044686	0.108637	0.1605	0.200427	0.220266	0.22158	0.220117	0.212555	0.195577	0.162967	0.110117	0.0465887	-0.00621203	-0.0387005	-0.0610399	-0.0617511	-0.0393268	0.00104407	0.0504561	0.0807706	0.0870109	0.0801947	0.0563683	0.00929946	-0.0566296	-0.11706	-0.147036	-0.150144	-0.142233	-0.12489	-0.105867	-0.101757	-0.116337	-0.137355	-0.142707	-0.13667	-0.13667	
0.469267	0.296314	0.118393	-0.052454	-0.197258	-0.300072	-0.356636	-0.360319	-0.327359	-0.264491	-0.170405	-0.0661183	0.0265128	0.108637	0.175075	0.231495	0.27107	0.281644	0.272673	0.258086	0.243192	0.232429	0.208111	0.150132	0.0801462	0.0247365	-0.00985215	-0.0230057	-0.0124926	0.0165104	0.0655599	0.116758	0.134036	0.113716	0.0673428	0.00355132	-0.070968	-0.146871	-0.202207	-0.220602	-0.202416	-0.164829	-0.112827	-0.0546385	-0.00439789	0.0307033	0.0486806	0.0690809	0.0846107	0.0846107	
0.434578	0.265898	0.0979293	-0.0548469	-0.172959	-0.255389	-0.294732	-0.285721	-0.246543	-0.180059	-0.0869208	0.00365695	0.083934	0.1605	0.231495	0.298168	0.337982	0.348391	0.331514	0.304571	0.287377	0.281471	0.260277	0.208375	0.135669	0.0658529	0.0272163	0.0227713	0.0498326	0.0892178	0.138247	0.183156	0.184825	0.138698	0.0505349	-0.0614357	-0.165011	-0.253415	-0.305908	-0.304154	-0.262931	-0.191215	-0.0985388	0.00449185	0.11106	0.200829	0.268141	0.321568	0.347517	0.347517	
0.400538	0.241897	0.0821648	-0.0477152	-0.13638	-0.190269	-0.2092	-0.186115	-0.137954	-0.0722659	0.00184486	0.0733867	0.136005	0.200427	0.27107	0.337982	0.385992	0.392747	0.366863	0.337606	0.324387	0.325779	0.316089	0.270466	0.198691	0.126483	0.0913416	0.101464	0.137312	0.185394	0.23143	0.256733	0.237759	0.15997	0.0281881	-0.125057	-0.258602	-0.354118	-0.40014	-0.385988	-0.323209	-0.21965	-0.0824965	0.0729109	0.238152	0.388676	0.50576	0.588453	0.628686	0.628686	
0.348542	0.201417	0.0564386	-0.050177	-0.106455	-0.126749	-0.115858	-0.0771316	-0.0247792	0.0296987	0.0829287	0.133721	0.176888	0.220266	0.281644	0.348391	0.392747	0.392672	0.364224	0.33976	0.337206	0.35337	0.359924	0.330816	0.269978	0.208594	0.18714	0.208888	0.256074	0.307262	0.338985	0.342467	0.301967	0.192323	0.0230049	-0.16489	-0.329387	-0.434182	-0.474719	-0.453046	-0.373024	-0.241096	-0.0636318	0.144881	0.366504	0.573942	0.74096	0.851228	0.907329	0.907329	
0.275854	0.1418	0.0139472	-0.0712383	-0.0963821	-0.0776802	-0.0344395	0.0156479	0.0680805	0.112348	0.149112	0.178968	0.198292	0.22158	0.272673	0.331514	0.366863	0.364224	0.341155	0.325189	0.335604	0.365605	0.387146	0.375518	0.333155	0.293428	0.285502	0.319961	0.379484	0.430941	0.451111	0.431274	0.367481	0.235913	0.0389287	-0.177388	-0.362898	-0.477423	-0.518325	-0.490411	-0.396396	-0.238207	-0.0266799	0.226212	0.496109	0.744807	0.951616	1.08971	1.1572	1.1572	
0.182778	0.0676886	-0.0391717	-0.102066	-0.101202	-0.0539616	0.00495329	0.0605078	0.113905	0.153491	0.180494	0.200532	0.207209	0.220117	0.258086	0.304571	0.337606	0.33976	0.325189	0.317177	0.339653	0.377963	0.406206	0.404042	0.377745	0.360947	0.369793	0.41313	0.47473	0.517251	0.529617	0.499478	0.418539	0.272578	0.0629844	-0.16712	-0.367597	-0.489006	-0.530759	-0.498757	-0.39449	-0.214177	0.032061	0.321101	0.629126	0.911723	1.14359	1.2996	1.37753	1.37753	
0.0784506	-0.0219054	-0.104169	-0.146842	-0.126883	-0.0700515	-0.00645332	0.0543788	0.104188	0.141377	0.171179	0.195332	0.205637	0.212555	0.243192	0.287377	0.324387	0.337206	0.335604	0.339653	0.364259	0.39901	0.422159	0.42096	0.405125	0.397621	0.41472	0.459834	0.51675	0.55767	0.564914	0.52824	0.440599	0.289596	0.0801892	-0.15539	-0.357692	-0.483451	-0.532457	-0.490656	-0.37087	-0.16862	0.108851	0.428714	0.762718	1.06698	1.31942	1.49086	1.57958	1.57958	
-0.0328531	-0.119176	-0.184153	-0.208163	-0.182065	-0.127	-0.0616778	-0.00139156	0.0447961	0.0865308	0.12888	0.165475	0.183306	0.195577	0.232429	0.281471	0.325779	0.35337	0.365605	0.377963	0.39901	0.424035	0.436689	0.425089	0.408432	0.400932	0.419168	0.459846	0.503461	0.540379	0.548777	0.516959	0.43385	0.288365	0.0865216	-0.140286	-0.338709	-0.468906	-0.515385	-0.468414	-0.330968	-0.106029	0.193563	0.536776	0.884733	1.20235	1.46435	1.64668	1.74357	1.74357	
-0.144206	-0.220911	-0.276333	-0.288709	-0.268034	-0.218229	-0.155097	-0.0941641	-0.0396787	0.0110042	0.0638764	0.107881	0.134758	0.162967	0.208111	0.260277	0.316089	0.359924	0.387146	0.406206	0.422159	0.436689	0.434756	0.413959	0.391018	0.382306	0.3942	0.422674	0.454245	0.484027	0.499641	0.47861	0.408593	0.274848	0.0868012	-0.115791	-0.302128	-0.434788	-0.476715	-0.427572	-0.279376	-0.037961	0.272722	0.623438	0.972843	1.29127	1.55093	1.73979	1.84011	1.84011	
-0.252573	-0.327189	-0.371496	-0.381635	-0.368781	-0.325898	-0.263336	-0.19282	-0.124599	-0.0665334	-0.00783383	0.0391823	0.0727395	0.110117	0.150132	0.208375	0.270466	0.330816	0.375518	0.404042	0.42096	0.425089	0.413959	0.39184	0.36125	0.345459	0.351264	0.367436	0.395093	0.418598	0.437145	0.428925	0.369987	0.254897	0.0921234	-0.0876658	-0.25585	-0.382944	-0.426931	-0.376929	-0.223025	0.021633	0.325223	0.668056	1.00605	1.30938	1.56281	1.75441	1.85438	1.85438	
-0.357449	-0.425703	-0.459346	-0.46725	-0.455875	-0.413383	-0.349358	-0.269202	-0.194194	-0.128124	-0.0649677	-0.0191223	0.0130528	0.0465887	0.0801462	0.135669	0.198691	0.269978	0.333155	0.377745	0.405125	0.408432	0.391018	0.36125	0.325469	0.304525	0.303706	0.309758	0.329769	0.347873	0.365981	0.369835	0.321269	0.220224	0.0848621	-0.0702995	-0.220652	-0.337851	-0.384837	-0.334431	-0.181869	0.0492588	0.339801	0.661789	0.9733	1.26219	1.50415	1.68789	1.79277	1.79277	
-0.434151	-0.497416	-0.522847	-0.520216	-0.501055	-0.452802	-0.388598	-0.30955	-0.233892	-0.163319	-0.105184	-0.0652659	-0.0372491	-0.00621203	0.0247365	0.0658529	0.126483	0.208594	0.293428	0.360947	0.397621	0.400932	0.382306	0.345459	0.304525	0.270704	0.255864	0.252638	0.258364	0.271568	0.286184	0.290849	0.250234	0.164594	0.0506933	-0.0822397	-0.214724	-0.325602	-0.373021	-0.3264	-0.181997	0.0319771	0.300753	0.598834	0.885668	1.15651	1.38719	1.56562	1.6711	1.6711	
-0.455425	-0.520207	-0.53462	-0.519734	-0.489981	-0.439987	-0.378043	-0.310133	-0.241239	-0.181251	-0.133317	-0.0998066	-0.0691574	-0.0387005	-0.00985215	0.0272163	0.0913416	0.18714	0.285502	0.369793	0.41472	0.419168	0.3942	0.351264	0.303706	0.255864	0.21961	0.197336	0.187261	0.187288	0.189582	0.187554	0.151663	0.0836381	-0.00796791	-0.120239	-0.237308	-0.347781	-0.394023	-0.353772	-0.226998	-0.0316355	0.208196	0.477239	0.744042	0.995929	1.21603	1.39586	1.49801	1.49801	
-0.412006	-0.468359	-0.473379	-0.450992	-0.420016	-0.376602	-0.326227	-0.276378	-0.226982	-0.18345	-0.147375	-0.119906	-0.0931515	-0.0610399	-0.0230057	0.0227713	0.101464	0.208888	0.319961	0.41313	0.459834	0.459846	0.422674	0.367436	0.309758	0.252638	0.197336	0.155793	0.121786	0.101096	0.0923475	0.0801034	0.0498698	-0.00420437	-0.0737112	-0.162624	-0.270954	-0.376381	-0.42612	-0.403165	-0.3031	-0.141041	0.0637061	0.300961	0.545525	0.781578	0.993101	1.17224	1.27292	1.27292	
-0.311304	-0.353191	-0.34405	-0.319315	-0.295897	-0.269861	-0.245835	-0.222647	-0.19909	-0.173527	-0.148721	-0.13063	-0.105202	-0.0617511	-0.0124926	0.0498326	0.137312	0.256074	0.379484	0.47473	0.51675	0.503461	0.454245	0.395093	0.329769	0.258364	0.187261	0.121786	0.069474	0.0310136	0.0100299	-0.0115757	-0.0375084	-0.0698955	-0.117109	-0.189671	-0.289848	-0.391068	-0.453539	-0.448569	-0.3834	-0.267454	-0.107919	0.0881858	0.300297	0.513295	0.719258	0.887483	0.991079	0.991079	
-0.178017	-0.19524	-0.174068	-0.143713	-0.131817	-0.133418	-0.136577	-0.144166	-0.14908	-0.143231	-0.133908	-0.120618	-0.0877641	-0.0393268	0.0165104	0.0892178	0.185394	0.307262	0.430941	0.517251	0.55767	0.540379	0.484027	0.418598	0.347873	0.271568	0.187288	0.101096	0.0310136	-0.0149688	-0.0422938	-0.0638742	-0.078812	-0.0958624	-0.126626	-0.181979	-0.278475	-0.383656	-0.458426	-0.484486	-0.462886	-0.396145	-0.286745	-0.137107	0.038718	0.224009	0.412915	0.569586	0.666942	0.666942	
-0.0388389	-0.0287903	0.00311735	0.0389808	0.04315	0.0219193	-0.00224881	-0.0402116	-0.0733732	-0.0901417	-0.0978777	-0.0832909	-0.0490514	0.00104407	0.0655599	0.138247	0.23143	0.338985	0.451111	0.529617	0.564914	0.548777	0.499641	0.437145	0.365981	0.286184	0.189582	0.0923475	0.0100299	-0.0422938	-0.06812	-0.079392	-0.0794992	-0.0788386	-0.0936201	-0.14108	-0.240551	-0.351112	-0.44168	-0.504154	-0.522471	-0.506148	-0.448585	-0.347607	-0.212888	-0.0544807	0.113954	0.262391	0.350931	0.350931	
0.0888176	0.121925	0.171177	0.211463	0.217744	0.188446	0.145197	0.0822886	0.0219643	-0.0193534	-0.0452083	-0.0373747	-0.00120465	0.0504561	0.116758	0.183156	0.256733	0.342467	0.431274	0.499478	0.52824	0.516959	0.47861	0.428925	0.369835	0.290849	0.187554	0.0801034	-0.0115757	-0.0638742	-0.079392	-0.0738758	-0.0532714	-0.0303443	-0.0269158	-0.0714243	-0.164147	-0.279734	-0.39607	-0.487639	-0.551091	-0.583551	-0.570842	-0.516919	-0.420921	-0.286352	-0.133601	0.00209898	0.0843231	0.0843231	
0.185245	0.248691	0.312214	0.36185	0.374678	0.345255	0.288821	0.211986	0.129768	0.0633459	0.0149692	0.00865696	0.0385228	0.0807706	0.134036	0.184825	0.237759	0.301967	0.367481	0.418539	0.440599	0.43385	0.408593	0.369987	0.321269	0.250234	0.151663	0.0498698	-0.0375084	-0.078812	-0.0794992	-0.0532714	-0.00715761	0.0344739	0.05323	0.0214012	-0.0589265	-0.174569	-0.303782	-0.424578	-0.529067	-0.597264	-0.628196	-0.617639	-0.555177	-0.446979	-0.30941	-0.185102	-0.112586	-0.112586	
0.228707	0.322579	0.403486	0.46629	0.488961	0.468509	0.406814	0.321269	0.22843	0.139477	0.0785412	0.0544946	0.0643933	0.0870109	0.113716	0.138698	0.15997	0.192323	0.235913	0.272578	0.289596	0.288365	0.274848	0.254897	0.220224	0.164594	0.0836381	-0.00420437	-0.0698955	-0.0958624	-0.0788386	-0.0303443	0.0344739	0.0982409	0.128728	0.109893	0.0470793	-0.0569833	-0.181543	-0.312596	-0.433952	-0.524526	-0.58869	-0.620874	-0.59779	-0.517351	-0.401665	-0.292116	-0.23035	-0.23035	
0.211191	0.329127	0.426955	0.502943	0.542272	0.53217	0.478056	0.393652	0.30277	0.209667	0.141242	0.10001	0.0848769	0.0801947	0.0673428	0.0505349	0.0281881	0.0230049	0.0389287	0.0629844	0.0801892	0.0865216	0.0868012	0.0921234	0.0848621	0.0506933	-0.00796791	-0.0737112	-0.117109	-0.126626	-0.0936201	-0.0269158	0.05323	0.128728	0.16856	0.169144	0.132678	0.0584692	-0.0453673	-0.170744	-0.286447	-0.384152	-0.465102	-0.522917	-0.533783	-0.481586	-0.392745	-0.304954	-0.260279	-0.260279	
0.143477	0.272706	0.384808	0.469957	0.527783	0.533661	0.497068	0.428679	0.348718	0.263519	0.188899	0.133395	0.0926801	0.0563683	0.00355132	-0.0614357	-0.125057	-0.16489	-0.177388	-0.16712	-0.15539	-0.140286	-0.115791	-0.0876658	-0.0702995	-0.0822397	-0.120239	-0.162624	-0.189671	-0.181979	-0.14108	-0.0714243	0.0214012	0.109893	0.169144	0.196372	0.193038	0.156657	0.0843368	-0.0180018	-0.114157	-0.200795	-0.285763	-0.357626	-0.391666	-0.359993	-0.288194	-0.220785	-0.184591	-0.184591	
0.0456151	0.175928	0.293978	0.387897	0.458744	0.486307	0.46859	0.422955	0.35383	0.278604	0.20386	0.132512	0.071511	0.00929946	-0.070968	-0.165011	-0.258602	-0.329387	-0.362898	-0.367597	-0.357692	-0.338709	-0.302128	-0.25585	-0.220652	-0.214724	-0.237308	-0.270954	-0.289848	-0.278475	-0.240551	-0.164147	-0.0589265	0.0470793	0.132678	0.193038	0.230217	0.238111	0.204984	0.137741	0.0669718	-0.00600396	-0.0856278	-0.162501	-0.208048	-0.187899	-0.127685	-0.0757888	-0.0459516	-0.0459516	
-0.0612371	0.0545848	0.167108	0.264978	0.341373	0.389201	0.395092	0.369881	0.320669	0.257267	0.179841	0.0964202	0.0199025	-0.0566296	-0.146871	-0.253415	-0.354118	-0.434182	-0.477423	-0.489006	-0.483451	-0.468906	-0.434788	-0.382944	-0.337851	-0.325602	-0.347781	-0.376381	-0.391068	-0.383656	-0.351112	-0.279734	-0.174569	-0.0569833	0.0584692	0.156657	0.238111	0.295897	0.308322	0.281671	0.238354	0.18541	0.111691	0.033917	-0.016433	-0.0144741	0.0296062	0.0637623	0.0831775	0.0831775	
-0.174968	-0.0832742	0.0183282	0.110146	0.191536	0.250318	0.276811	0.271093	0.242843	0.194094	0.121857	0.038232	-0.0381565	-0.11706	-0.202207	-0.305908	-0.40014	-0.474719	-0.518325	-0.530759	-0.532457	-0.515385	-0.476715	-0.426931	-0.384837	-0.373021	-0.394023	-0.42612	-0.453539	-0.458426	-0.44168	-0.39607	-0.303782	-0.181543	-0.0453673	0.0843368	0.204984	0.308322	0.367771	0.3913	0.383314	0.349894	0.285885	0.202919	0.140324	0.118546	0.132154	0.145311	0.15037	0.15037	
-0.287295	-0.222908	-0.139356	-0.0586948	0.0215629	0.0881294	0.126708	0.142438	0.135757	0.107496	0.0533044	-0.0151544	-0.0812273	-0.147036	-0.220602	-0.304154	-0.385988	-0.453046	-0.490411	-0.498757	-0.490656	-0.468414	-0.427572	-0.376929	-0.334431	-0.3264	-0.353772	-0.403165	-0.448569	-0.484486	-0.504154	-0.487639	-0.424578	-0.312596	-0.170744	-0.0180018	0.137741	0.281671	0.3913	0.464463	0.487931	0.466381	0.407305	0.314793	0.232094	0.177795	0.146967	0.128754	0.113913	0.113913	
-0.379162	-0.33825	-0.274852	-0.207017	-0.139563	-0.0764903	-0.0368355	-0.0109061	0.00528991	0.000134222	-0.0295984	-0.0691129	-0.11117	-0.150144	-0.202416	-0.262931	-0.323209	-0.373024	-0.396396	-0.39449	-0.37087	-0.330968	-0.279376	-0.223025	-0.181869	-0.181997	-0.226998	-0.3031	-0.3834	-0.462886	-0.522471	-0.551091	-0.529067	-0.433952	-0.286447	-0.114157	0.0669718	0.238354	0.383314	0.487931	0.526187	0.511749	0.445179	0.337759	0.234505	0.140435	0.0656833	0.0151071	-0.0182677	-0.0182677	
-0.451217	-0.421349	-0.383137	-0.337353	-0.285042	-0.241223	-0.206444	-0.171205	-0.138526	-0.118069	-0.116438	-0.122897	-0.13158	-0.142233	-0.164829	-0.191215	-0.21965	-0.241096	-0.238207	-0.214177	-0.16862	-0.106029	-0.037961	0.021633	0.0492588	0.0319771	-0.0316355	-0.141041	-0.267454	-0.396145	-0.506148	-0.583551	-0.597264	-0.524526	-0.384152	-0.200795	-0.00600396	0.18541	0.349894	0.466381	0.511749	0.481672	0.398853	0.275858	0.144578	0.0134792	-0.106358	-0.186847	-0.2408	-0.2408	
-0.505831	-0.492875	-0.479651	-0.460946	-0.431915	-0.405348	-0.375744	-0.331754	-0.279332	-0.232505	-0.198113	-0.167478	-0.145888	-0.12489	-0.112827	-0.0985388	-0.0824965	-0.0636318	-0.0266799	0.032061	0.108851	0.193563	0.272722	0.325223	0.339801	0.300753	0.208196	0.0637061	-0.107919	-0.286745	-0.448585	-0.570842	-0.628196	-0.58869	-0.465102	-0.285763	-0.0856278	0.111691	0.285885	0.407305	0.445179	0.398853	0.296805	0.150837	-0.0136125	-0.182834	-0.346177	-0.465392	-0.532305	-0.532305	
-0.556611	-0.558534	-0.572406	-0.580106	-0.576253	-0.565372	-0.539508	-0.484872	-0.41584	-0.343495	-0.276526	-0.215348	-0.158609	-0.105867	-0.0546385	0.00449185	0.0729109	0.144881	0.226212	0.321101	0.428714	0.536776	0.623438	0.668056	0.661789	0.598834	0.477239	0.300961	0.0881858	-0.137107	-0.347607	-0.516919	-0.617639	-0.620874	-0.522917	-0.357626	-0.162501	0.033917	0.202919	0.314793	0.337759	0.275858	0.150837	-0.0163196	-0.211459	-0.426838	-0.632174	-0.791544	-0.876571	-0.876571	
-0.609237	-0.624687	-0.663165	-0.694169	-0.708556	-0.707421	-0.67715	-0.613284	-0.5352	-0.447647	-0.356346	-0.27145	-0.184492	-0.101757	-0.00439789	0.11106	0.238152	0.366504	0.496109	0.629126	0.762718	0.884733	0.972843	1.00605	0.9733	0.885668	0.744042	0.545525	0.300297	0.038718	-0.212888	-0.420921	-0.555177	-0.59779	-0.533783	-0.391666	-0.208048	-0.016433	0.140324	0.232094	0.234505	0.144578	-0.0136125	-0.211459	-0.449015	-0.714491	-0.965429	-1.16539	-1.27081	-1.27081	
-0.65967	-0.68696	-0.736073	-0.783522	-0.814851	-0.818571	-0.786248	-0.726728	-0.647587	-0.557647	-0.454106	-0.346817	-0.235394	-0.116337	0.0307033	0.200829	0.388676	0.573942	0.744807	0.911723	1.06698	1.20235	1.29127	1.30938	1.26219	1.15651	0.995929	0.781578	0.513295	0.224009	-0.0544807	-0.286352	-0.446979	-0.517351	-0.481586	-0.359993	-0.187899	-0.0144741	0.118546	0.177795	0.140435	0.0134792	-0.182834	-0.426838	-0.714491	-1.02771	-1.3266	-1.56555	-1.68712	-1.68712	
-0.715991	-0.742434	-0.797127	-0.856396	-0.900032	-0.907374	-0.874803	-0.81593	-0.741674	-0.650392	-0.538283	-0.417364	-0.28604	-0.137355	0.0486806	0.268141	0.50576	0.74096	0.951616	1.14359	1.31942	1.46435	1.55093	1.56281	1.50415	1.38719	1.21603	0.993101	0.719258	0.412915	0.113954	-0.133601	-0.30941	-0.401665	-0.392745	-0.288194	-0.127685	0.0296062	0.132154	0.146967	0.0656833	-0.106358	-0.346177	-0.632174	-0.965429	-1.3266	-1.67063	-1.94253	-2.08699	-2.08699	
-0.772005	-0.798592	-0.852877	-0.916575	-0.968445	-0.974671	-0.936972	-0.878982	-0.805333	-0.711013	-0.591217	-0.454731	-0.311016	-0.142707	0.0690809	0.321568	0.588453	0.851228	1.08971	1.2996	1.49086	1.64668	1.73979	1.75441	1.68789	1.56562	1.39586	1.17224	0.887483	0.569586	0.262391	0.00209898	-0.185102	-0.292116	-0.304954	-0.220785	-0.0757888	0.0637623	0.145311	0.128754	0.0151071	-0.186847	-0.465392	-0.791544	-1.16539	-1.56555	-1.94253	-2.23693	-2.39482	-2.39482	
-0.810626	-0.832918	-0.8854	-0.952946	-1.00913	-1.01501	-0.974103	-0.914088	-0.835902	-0.735891	-0.609606	-0.463411	-0.314928	-0.13667	0.0846107	0.347517	0.628686	0.907329	1.1572	1.37753	1.57958	1.74357	1.84011	1.85438	1.79277	1.6711	1.49801	1.27292	0.991079	0.666942	0.350931	0.0843231	-0.112586	-0.23035	-0.260279	-0.184591	-0.0459516	0.0831775	0.15037	0.113913	-0.0182677	-0.2408	-0.532305	-0.876571	-1.27081	-1.68712	-2.08699	-2.39482	-2.56317	-2.56317	
-0.810626	-0.832918	-0.8854	-0.952946	-1.00913	-1.01501	-0.974103	-0.914088	-0.835902	-0.735891	-0.609606	-0.463411	-0.314928	-0.13667	0.0846107	0.347517	0.628686	0.907329	1.1572	1.37753	1.57958	1.74357	1.84011	1.85438	1.79277	1.6711	1.49801	1.27292	0.991079	0.666942	0.350931	0.0843231	-0.112586	-0.23035	-0.260279	-0.184591	-0.0459516	0.0831775	0.15037	0.113913	-0.0182677	-0.2408	-0.532305	-0.876571	-1.27081	-1.68712	-2.08699	-2.39482	-2.56317	-2.56317	
