-0.00192046	0.0339892	0.0754591	0.131368	0.196417	0.269148	0.35754	0.47845	0.623087	0.760495	0.880268	0.980538	1.06258	1.13978	1.20938	1.25512	1.25949	1.21571	1.13333	1.03567	0.940004	0.867668	0.818061	0.775058	0.741577	0.720331	0.709952	0.703133	0.70086	0.706482	0.715214	0.714045	0.697369	0.682221	0.670522	0.643201	0.602073	0.564	0.537274	0.508066	0.468958	0.429548	0.395883	0.3724	0.356513	0.342548	0.338859	0.349869	0.362619	0.362619	
0.0339892	0.104662	0.183367	0.273575	0.369444	0.467618	0.56803	0.684248	0.811828	0.921908	1.00964	1.07516	1.11686	1.14955	1.18234	1.19734	1.17249	1.09576	0.976188	0.846492	0.725195	0.642205	0.593763	0.565292	0.550474	0.551187	0.570943	0.599677	0.632642	0.668933	0.703491	0.723794	0.721595	0.715135	0.712814	0.690326	0.642864	0.590636	0.546972	0.498444	0.449969	0.40467	0.361225	0.328939	0.3033	0.287949	0.284474	0.288252	0.295526	0.295526	
0.0754591	0.183367	0.296635	0.416553	0.53572	0.654464	0.769858	0.885398	0.992983	1.06815	1.11831	1.14589	1.14503	1.13435	1.11929	1.09301	1.03029	0.915737	0.762814	0.605491	0.470783	0.384503	0.344144	0.337608	0.350162	0.381547	0.435889	0.500842	0.573311	0.64198	0.703988	0.744201	0.75348	0.748663	0.738887	0.709147	0.654717	0.594957	0.532884	0.471539	0.413205	0.364383	0.319663	0.278267	0.251713	0.232367	0.223742	0.215277	0.209497	0.209497	
0.131368	0.273575	0.416553	0.554686	0.686576	0.82091	0.950147	1.06552	1.14883	1.19147	1.20519	1.18934	1.14408	1.09255	1.02688	0.943454	0.834366	0.68411	0.508216	0.341729	0.204134	0.119632	0.0921745	0.110723	0.159386	0.22881	0.317884	0.412396	0.517464	0.620787	0.706277	0.766679	0.785947	0.776801	0.745498	0.696962	0.637286	0.57317	0.502722	0.425646	0.359486	0.306881	0.26591	0.230966	0.205316	0.186097	0.168904	0.149973	0.134538	0.134538	
0.196417	0.369444	0.53572	0.686576	0.82384	0.967224	1.09656	1.1972	1.26052	1.27482	1.25319	1.19046	1.10822	1.0162	0.8977	0.755791	0.59919	0.422832	0.24117	0.0773951	-0.052192	-0.124742	-0.13591	-0.0884999	-0.000868755	0.107547	0.223652	0.33813	0.466325	0.597637	0.703535	0.777616	0.807863	0.795682	0.743598	0.676088	0.606882	0.534907	0.454039	0.365102	0.289862	0.234852	0.200266	0.17434	0.157248	0.142568	0.126784	0.108144	0.0920605	0.0920605	
0.269148	0.467618	0.654464	0.82091	0.967224	1.10002	1.20686	1.28176	1.32216	1.30842	1.25076	1.14791	1.02464	0.888394	0.721419	0.536413	0.347371	0.159915	-0.021717	-0.173699	-0.286246	-0.340359	-0.329921	-0.259104	-0.141254	-0.00203249	0.138586	0.273753	0.426403	0.577107	0.692882	0.774709	0.813251	0.80673	0.749902	0.672315	0.587832	0.498302	0.403416	0.305386	0.224776	0.165155	0.128955	0.105072	0.0940464	0.0906375	0.0897958	0.0821774	0.0753752	0.0753752	
0.35754	0.56803	0.769858	0.950147	1.09656	1.20686	1.28308	1.3303	1.34218	1.29965	1.21066	1.07047	0.902664	0.716843	0.516208	0.305352	0.0950291	-0.10182	-0.282696	-0.421046	-0.50885	-0.532964	-0.496762	-0.406828	-0.270397	-0.111346	0.0551068	0.22386	0.399568	0.561112	0.675976	0.760863	0.806366	0.810377	0.764731	0.683049	0.584511	0.47274	0.364487	0.260158	0.172669	0.106072	0.0613722	0.0320655	0.0243354	0.0354608	0.0539208	0.0677342	0.0743367	0.0743367	
0.47845	0.684248	0.885398	1.06552	1.1972	1.28176	1.3303	1.3452	1.32091	1.24829	1.12838	0.95237	0.743195	0.521271	0.296976	0.0739867	-0.147537	-0.349559	-0.523906	-0.643445	-0.70335	-0.695644	-0.636538	-0.535491	-0.393434	-0.22732	-0.0406562	0.159338	0.355284	0.51992	0.643821	0.739073	0.797999	0.817715	0.787023	0.710999	0.603901	0.479428	0.358545	0.241158	0.137909	0.0572575	0.00122306	-0.0322483	-0.0377709	-0.0165143	0.0189121	0.052242	0.0744948	0.0744948	
0.623087	0.811828	0.992983	1.14883	1.26052	1.32216	1.34218	1.32091	1.25803	1.14998	0.995117	0.792656	0.55953	0.317597	0.0840782	-0.140952	-0.360542	-0.554612	-0.712221	-0.808152	-0.842159	-0.816198	-0.746914	-0.640823	-0.502242	-0.34117	-0.149024	0.0653108	0.270258	0.445539	0.590968	0.708018	0.785875	0.818176	0.804398	0.742186	0.641836	0.519543	0.386683	0.248989	0.120636	0.0189425	-0.0492007	-0.0832456	-0.0830893	-0.0542689	-0.00686154	0.040551	0.0751472	0.0751472	
0.760495	0.921908	1.06815	1.19147	1.27482	1.30842	1.29965	1.24829	1.14998	1.01059	0.82541	0.608043	0.367261	0.125218	-0.104513	-0.319627	-0.522916	-0.705368	-0.83932	-0.912967	-0.933981	-0.903914	-0.829755	-0.720117	-0.58515	-0.431381	-0.249148	-0.0418508	0.164364	0.351284	0.521555	0.661322	0.753239	0.798668	0.801771	0.759764	0.679708	0.567372	0.426515	0.274096	0.12731	0.00876065	-0.0691722	-0.104607	-0.0996108	-0.0677167	-0.0206585	0.0277498	0.0620329	0.0620329	
0.880268	1.00964	1.11831	1.20519	1.25319	1.25076	1.21066	1.12838	0.995117	0.82541	0.618538	0.393757	0.165248	-0.0548376	-0.259668	-0.447735	-0.625931	-0.785844	-0.894624	-0.950584	-0.967394	-0.938501	-0.867152	-0.769065	-0.649166	-0.512468	-0.353112	-0.163602	0.0363845	0.234981	0.427227	0.583863	0.696618	0.761553	0.787467	0.773083	0.715222	0.613961	0.470465	0.312077	0.15851	0.0299614	-0.0592057	-0.100451	-0.0962977	-0.0645645	-0.0237337	0.0160808	0.0412088	0.0412088	
0.980538	1.07516	1.14589	1.18934	1.19046	1.14791	1.07047	0.95237	0.792656	0.608043	0.393757	0.175853	-0.0273988	-0.212046	-0.376678	-0.522879	-0.657365	-0.781308	-0.862554	-0.911735	-0.927096	-0.904472	-0.850129	-0.778437	-0.688417	-0.575452	-0.440868	-0.280064	-0.096427	0.0986882	0.292135	0.463002	0.59887	0.695231	0.753788	0.770527	0.733491	0.642851	0.503121	0.34428	0.192414	0.0596392	-0.0353247	-0.0803491	-0.0786782	-0.0452687	-0.00585374	0.0259928	0.0443195	0.0443195	
1.06258	1.11686	1.14503	1.14408	1.10822	1.02464	0.902664	0.743195	0.55953	0.367261	0.165248	-0.0273988	-0.19172	-0.33062	-0.449562	-0.545678	-0.627037	-0.707702	-0.76634	-0.806735	-0.823596	-0.812163	-0.783353	-0.752419	-0.703299	-0.622816	-0.521068	-0.389011	-0.228995	-0.0522872	0.13518	0.314107	0.472833	0.602581	0.69533	0.738875	0.720937	0.644285	0.516575	0.369417	0.221395	0.0933799	0.00246018	-0.0459814	-0.0454794	-0.0147488	0.0229664	0.0530674	0.0671175	0.0671175	
1.13978	1.14955	1.13435	1.09255	1.0162	0.888394	0.716843	0.521271	0.317597	0.125218	-0.0548376	-0.212046	-0.33062	-0.424621	-0.494032	-0.537974	-0.567867	-0.603737	-0.639936	-0.673226	-0.696316	-0.704678	-0.707333	-0.715223	-0.706285	-0.666394	-0.594783	-0.488779	-0.357531	-0.198975	-0.0235544	0.160563	0.337796	0.498669	0.626642	0.697654	0.700544	0.639938	0.533351	0.395343	0.253336	0.128723	0.0401413	-0.00614272	-0.0130693	0.0143405	0.0496362	0.0802521	0.0953747	0.0953747	
1.20938	1.18234	1.11929	1.02688	0.8977	0.721419	0.516208	0.296976	0.0840782	-0.104513	-0.259668	-0.376678	-0.449562	-0.494032	-0.516623	-0.517931	-0.510239	-0.511051	-0.523969	-0.5452	-0.572135	-0.602286	-0.634762	-0.673447	-0.704268	-0.703887	-0.662417	-0.585046	-0.476754	-0.334078	-0.162979	0.0229634	0.213456	0.399624	0.555882	0.653459	0.676026	0.634701	0.543378	0.416541	0.277945	0.155558	0.0716346	0.0282226	0.0217779	0.0453476	0.0840642	0.118576	0.139371	0.139371	
1.25512	1.19734	1.09301	0.943454	0.755791	0.536413	0.305352	0.0739867	-0.140952	-0.319627	-0.447735	-0.522879	-0.545678	-0.537974	-0.517931	-0.493796	-0.468475	-0.448288	-0.437275	-0.43489	-0.45891	-0.505683	-0.563001	-0.631493	-0.697843	-0.733999	-0.729042	-0.683938	-0.597055	-0.459762	-0.285714	-0.0923557	0.109797	0.31225	0.48578	0.599417	0.643861	0.617907	0.53836	0.423159	0.291322	0.176423	0.102806	0.0686046	0.0680289	0.0925143	0.134044	0.177173	0.203177	0.203177	
1.25949	1.17249	1.03029	0.834366	0.59919	0.347371	0.0950291	-0.147537	-0.360542	-0.522916	-0.625931	-0.657365	-0.627037	-0.567867	-0.510239	-0.468475	-0.438613	-0.404711	-0.370311	-0.348241	-0.366677	-0.420765	-0.499376	-0.593368	-0.683366	-0.750755	-0.777119	-0.763657	-0.697804	-0.56478	-0.390862	-0.193846	0.0192949	0.229769	0.409888	0.539646	0.604563	0.596734	0.530695	0.423285	0.301667	0.196025	0.131757	0.111675	0.118115	0.147808	0.19728	0.246403	0.279063	0.279063	
1.21571	1.09576	0.915737	0.68411	0.422832	0.159915	-0.10182	-0.349559	-0.554612	-0.705368	-0.785844	-0.781308	-0.707702	-0.603737	-0.511051	-0.448288	-0.404711	-0.358492	-0.312738	-0.283793	-0.292424	-0.341552	-0.429772	-0.542789	-0.658312	-0.74934	-0.80211	-0.810139	-0.753333	-0.630087	-0.459753	-0.26396	-0.0506148	0.16001	0.339335	0.472875	0.549866	0.559769	0.507425	0.417531	0.30998	0.21737	0.166317	0.151962	0.167178	0.202637	0.254074	0.304777	0.334212	0.334212	
1.13333	0.976188	0.762814	0.508216	0.24117	-0.021717	-0.282696	-0.523906	-0.712221	-0.83932	-0.894624	-0.862554	-0.76634	-0.639936	-0.523969	-0.437275	-0.370311	-0.312738	-0.265552	-0.233545	-0.226831	-0.259769	-0.346943	-0.474344	-0.612548	-0.727744	-0.791601	-0.802161	-0.75124	-0.63639	-0.480327	-0.298824	-0.100123	0.10129	0.273905	0.401905	0.477006	0.495393	0.46009	0.38437	0.295138	0.218245	0.175891	0.170768	0.198113	0.249275	0.311817	0.360294	0.386389	0.386389	
1.03567	0.846492	0.605491	0.341729	0.0773951	-0.173699	-0.421046	-0.643445	-0.808152	-0.912967	-0.950584	-0.911735	-0.806735	-0.673226	-0.5452	-0.43489	-0.348241	-0.283793	-0.233545	-0.193097	-0.173379	-0.190434	-0.267029	-0.39852	-0.554851	-0.686362	-0.75323	-0.760895	-0.714293	-0.608961	-0.463127	-0.299781	-0.12381	0.0618832	0.222636	0.335093	0.399579	0.41786	0.390433	0.327546	0.254689	0.19426	0.163397	0.166511	0.209523	0.280284	0.353018	0.405578	0.427638	0.427638	
0.940004	0.725195	0.470783	0.204134	-0.052192	-0.286246	-0.50885	-0.70335	-0.842159	-0.933981	-0.967394	-0.927096	-0.823596	-0.696316	-0.572135	-0.45891	-0.366677	-0.292424	-0.226831	-0.173379	-0.146213	-0.15797	-0.222003	-0.343596	-0.499219	-0.625996	-0.683504	-0.691843	-0.653796	-0.558048	-0.425117	-0.281107	-0.132946	0.0273392	0.16764	0.267306	0.324509	0.342611	0.319276	0.264683	0.209181	0.163978	0.144632	0.157845	0.20982	0.288722	0.367395	0.422863	0.447329	0.447329	
0.867668	0.642205	0.384503	0.119632	-0.124742	-0.340359	-0.532964	-0.695644	-0.816198	-0.903914	-0.938501	-0.904472	-0.812163	-0.704678	-0.602286	-0.505683	-0.420765	-0.341552	-0.259769	-0.190434	-0.15797	-0.164364	-0.215011	-0.318458	-0.452498	-0.560668	-0.613842	-0.628308	-0.602784	-0.519803	-0.399518	-0.269175	-0.139947	-0.0037381	0.116576	0.208326	0.265192	0.278848	0.254459	0.208039	0.166347	0.136697	0.130888	0.156077	0.212942	0.287731	0.363895	0.422137	0.451541	0.451541	
0.818061	0.593763	0.344144	0.0921745	-0.13591	-0.329921	-0.496762	-0.636538	-0.746914	-0.829755	-0.867152	-0.850129	-0.783353	-0.707333	-0.634762	-0.563001	-0.499376	-0.429772	-0.346943	-0.267029	-0.222003	-0.215011	-0.243788	-0.315131	-0.415706	-0.506775	-0.562582	-0.5862	-0.573629	-0.50939	-0.405636	-0.280962	-0.153085	-0.0245932	0.0913712	0.182637	0.236518	0.238588	0.205585	0.161146	0.125633	0.105108	0.113387	0.15458	0.218387	0.292357	0.365136	0.428213	0.462773	0.462773	
0.775058	0.565292	0.337608	0.110723	-0.0884999	-0.259104	-0.406828	-0.535491	-0.640823	-0.720117	-0.769065	-0.778437	-0.752419	-0.715223	-0.673447	-0.631493	-0.593368	-0.542789	-0.474344	-0.39852	-0.343596	-0.318458	-0.315131	-0.345432	-0.412714	-0.488047	-0.540367	-0.565137	-0.562688	-0.518385	-0.43096	-0.310872	-0.173067	-0.0339314	0.0928873	0.190535	0.237264	0.22971	0.18925	0.141318	0.103486	0.0852238	0.10222	0.156447	0.228113	0.303652	0.377344	0.440664	0.479117	0.479117	
0.741577	0.550474	0.350162	0.159386	-0.000868755	-0.141254	-0.270397	-0.393434	-0.502242	-0.58515	-0.649166	-0.688417	-0.703299	-0.706285	-0.704268	-0.697843	-0.683366	-0.658312	-0.612548	-0.554851	-0.499219	-0.452498	-0.415706	-0.412714	-0.452238	-0.503018	-0.543926	-0.566436	-0.571791	-0.543224	-0.466903	-0.352028	-0.206245	-0.0485122	0.0954073	0.198901	0.248253	0.244101	0.206432	0.159346	0.115889	0.0977705	0.118169	0.174522	0.248203	0.323182	0.39366	0.454083	0.49049	0.49049	
0.720331	0.551187	0.381547	0.22881	0.107547	-0.00203249	-0.111346	-0.22732	-0.34117	-0.431381	-0.512468	-0.575452	-0.622816	-0.666394	-0.703887	-0.733999	-0.750755	-0.74934	-0.727744	-0.686362	-0.625996	-0.560668	-0.506775	-0.488047	-0.503018	-0.531572	-0.564677	-0.592242	-0.608419	-0.585873	-0.516148	-0.407764	-0.251794	-0.0811607	0.0782498	0.195611	0.260191	0.275269	0.249154	0.20507	0.158258	0.135539	0.149389	0.199629	0.267186	0.340969	0.408925	0.465631	0.498782	0.498782	
0.709952	0.570943	0.435889	0.317884	0.223652	0.138586	0.0551068	-0.0406562	-0.149024	-0.249148	-0.353112	-0.440868	-0.521068	-0.594783	-0.662417	-0.729042	-0.777119	-0.80211	-0.791601	-0.75323	-0.683504	-0.613842	-0.562582	-0.540367	-0.543926	-0.564677	-0.604821	-0.641929	-0.657749	-0.636088	-0.5661	-0.453747	-0.294002	-0.119156	0.0471032	0.184203	0.273858	0.311403	0.300052	0.264923	0.218792	0.185752	0.184229	0.217594	0.272254	0.339583	0.40287	0.45325	0.480787	0.480787	
0.703133	0.599677	0.500842	0.412396	0.33813	0.273753	0.22386	0.159338	0.0653108	-0.0418508	-0.163602	-0.280064	-0.389011	-0.488779	-0.585046	-0.683938	-0.763657	-0.810139	-0.802161	-0.760895	-0.691843	-0.628308	-0.5862	-0.565137	-0.566436	-0.592242	-0.641929	-0.675127	-0.683877	-0.659357	-0.583581	-0.467738	-0.313852	-0.152695	0.0110388	0.16416	0.277073	0.334111	0.34034	0.322999	0.282174	0.241249	0.220323	0.228362	0.260675	0.307605	0.354103	0.388991	0.405195	0.405195	
0.70086	0.632642	0.573311	0.517464	0.466325	0.426403	0.399568	0.355284	0.270258	0.164364	0.0363845	-0.096427	-0.228995	-0.357531	-0.476754	-0.597055	-0.697804	-0.753333	-0.75124	-0.714293	-0.653796	-0.602784	-0.573629	-0.562688	-0.571791	-0.608419	-0.657749	-0.683877	-0.685313	-0.65224	-0.573219	-0.454856	-0.311609	-0.166657	-0.00932455	0.147073	0.270575	0.342476	0.368074	0.364667	0.334864	0.290721	0.252846	0.234032	0.228751	0.240541	0.251711	0.259827	0.260843	0.260843	
0.706482	0.668933	0.64198	0.620787	0.597637	0.577107	0.561112	0.51992	0.445539	0.351284	0.234981	0.0986882	-0.0522872	-0.198975	-0.334078	-0.459762	-0.56478	-0.630087	-0.63639	-0.608961	-0.558048	-0.519803	-0.50939	-0.518385	-0.543224	-0.585873	-0.636088	-0.659357	-0.65224	-0.620095	-0.546092	-0.436815	-0.302845	-0.158546	-0.0109175	0.13486	0.255717	0.337526	0.375721	0.382329	0.360274	0.319643	0.27086	0.220269	0.175209	0.138059	0.106847	0.0834973	0.0700184	0.0700184	
0.715214	0.703491	0.703988	0.706277	0.703535	0.692882	0.675976	0.643821	0.590968	0.521555	0.427227	0.292135	0.13518	-0.0235544	-0.162979	-0.285714	-0.390862	-0.459753	-0.480327	-0.463127	-0.425117	-0.399518	-0.405636	-0.43096	-0.466903	-0.516148	-0.5661	-0.583581	-0.573219	-0.546092	-0.496615	-0.406786	-0.277211	-0.131868	0.00894073	0.134413	0.244227	0.325779	0.371711	0.384682	0.372791	0.336423	0.27249	0.18833	0.0937838	0.00245017	-0.0789632	-0.137486	-0.167464	-0.167464	
0.714045	0.723794	0.744201	0.766679	0.777616	0.774709	0.760863	0.739073	0.708018	0.661322	0.583863	0.463002	0.314107	0.160563	0.0229634	-0.0923557	-0.193846	-0.26396	-0.298824	-0.299781	-0.281107	-0.269175	-0.280962	-0.310872	-0.352028	-0.407764	-0.453747	-0.467738	-0.454856	-0.436815	-0.406786	-0.333661	-0.216794	-0.0783395	0.0500901	0.159232	0.252091	0.32415	0.371414	0.389789	0.383204	0.340575	0.253568	0.130665	-0.0137197	-0.159605	-0.288811	-0.383405	-0.431546	-0.431546	
0.697369	0.721595	0.75348	0.785947	0.807863	0.813251	0.806366	0.797999	0.785875	0.753239	0.696618	0.59887	0.472833	0.337796	0.213456	0.109797	0.0192949	-0.0506148	-0.100123	-0.12381	-0.132946	-0.139947	-0.153085	-0.173067	-0.206245	-0.251794	-0.294002	-0.313852	-0.311609	-0.302845	-0.277211	-0.216794	-0.123465	-0.00982939	0.101225	0.196878	0.276204	0.337821	0.380931	0.398524	0.381975	0.322005	0.210653	0.0546691	-0.126636	-0.315712	-0.482641	-0.606373	-0.671333	-0.671333	
0.682221	0.715135	0.748663	0.776801	0.795682	0.80673	0.810377	0.817715	0.818176	0.798668	0.761553	0.695231	0.602581	0.498669	0.399624	0.31225	0.229769	0.16001	0.10129	0.0618832	0.0273392	-0.0037381	-0.0245932	-0.0339314	-0.0485122	-0.0811607	-0.119156	-0.152695	-0.166657	-0.158546	-0.131868	-0.0783395	-0.00982939	0.0698862	0.154363	0.235298	0.309071	0.368378	0.40901	0.412512	0.378055	0.297049	0.164387	-0.00929019	-0.215459	-0.431674	-0.626066	-0.773538	-0.85023	-0.85023	
0.670522	0.712814	0.738887	0.745498	0.743598	0.749902	0.764731	0.787023	0.804398	0.801771	0.787467	0.753788	0.69533	0.626642	0.555882	0.48578	0.409888	0.339335	0.273905	0.222636	0.16764	0.116576	0.0913712	0.0928873	0.0954073	0.0782498	0.0471032	0.0110388	-0.00932455	-0.0109175	0.00894073	0.0500901	0.101225	0.154363	0.21245	0.281483	0.357647	0.422154	0.454184	0.444828	0.392459	0.296837	0.151583	-0.0372696	-0.253661	-0.486836	-0.702452	-0.867372	-0.956071	-0.956071	
0.643201	0.690326	0.709147	0.696962	0.676088	0.672315	0.683049	0.710999	0.742186	0.759764	0.773083	0.770527	0.738875	0.697654	0.653459	0.599417	0.539646	0.472875	0.401905	0.335093	0.267306	0.208326	0.182637	0.190535	0.198901	0.195611	0.184203	0.16416	0.147073	0.13486	0.134413	0.159232	0.196878	0.235298	0.281483	0.348698	0.426673	0.487857	0.512008	0.493598	0.439998	0.34009	0.18576	-0.00983154	-0.231972	-0.467471	-0.689841	-0.865881	-0.96164	-0.96164	
0.602073	0.642864	0.654717	0.637286	0.606882	0.587832	0.584511	0.603901	0.641836	0.679708	0.715222	0.733491	0.720937	0.700544	0.676026	0.643861	0.604563	0.549866	0.477006	0.399579	0.324509	0.265192	0.236518	0.237264	0.248253	0.260191	0.273858	0.277073	0.270575	0.255717	0.244227	0.252091	0.276204	0.309071	0.357647	0.426673	0.497079	0.547513	0.568433	0.559746	0.51781	0.427301	0.278132	0.0841811	-0.133596	-0.362145	-0.577256	-0.749298	-0.845871	-0.845871	
0.564	0.590636	0.594957	0.57317	0.534907	0.498302	0.47274	0.479428	0.519543	0.567372	0.613961	0.642851	0.644285	0.639938	0.634701	0.617907	0.596734	0.559769	0.495393	0.41786	0.342611	0.278848	0.238588	0.22971	0.244101	0.275269	0.311403	0.334111	0.342476	0.337526	0.325779	0.32415	0.337821	0.368378	0.422154	0.487857	0.547513	0.59598	0.631798	0.647798	0.62673	0.553922	0.425327	0.248283	0.0419128	-0.17523	-0.376545	-0.531181	-0.618241	-0.618241	
0.537274	0.546972	0.532884	0.502722	0.454039	0.403416	0.364487	0.358545	0.386683	0.426515	0.470465	0.503121	0.516575	0.533351	0.543378	0.53836	0.530695	0.507425	0.46009	0.390433	0.319276	0.254459	0.205585	0.18925	0.206432	0.249154	0.300052	0.34034	0.368074	0.375721	0.371711	0.371414	0.380931	0.40901	0.454184	0.512008	0.568433	0.631798	0.702404	0.752989	0.762118	0.714951	0.613719	0.464571	0.274101	0.0668253	-0.120107	-0.257633	-0.328125	-0.328125	
0.508066	0.498444	0.471539	0.425646	0.365102	0.305386	0.260158	0.241158	0.248989	0.274096	0.312077	0.34428	0.369417	0.395343	0.416541	0.423159	0.423285	0.417531	0.38437	0.327546	0.264683	0.208039	0.161146	0.141318	0.159346	0.20507	0.264923	0.322999	0.364667	0.382329	0.384682	0.389789	0.398524	0.412512	0.444828	0.493598	0.559746	0.647798	0.752989	0.847818	0.896088	0.885249	0.815963	0.691981	0.52329	0.330172	0.153435	0.029728	-0.0325969	-0.0325969	
0.468958	0.449969	0.413205	0.359486	0.289862	0.224776	0.172669	0.137909	0.120636	0.12731	0.15851	0.192414	0.221395	0.253336	0.277945	0.291322	0.301667	0.30998	0.295138	0.254689	0.209181	0.166347	0.125633	0.103486	0.115889	0.158258	0.218792	0.282174	0.334864	0.360274	0.372791	0.383204	0.381975	0.378055	0.392459	0.439998	0.51781	0.62673	0.762118	0.896088	0.995112	1.03043	0.994183	0.894672	0.744759	0.570125	0.406278	0.282849	0.219355	0.219355	
0.429548	0.40467	0.364383	0.306881	0.234852	0.165155	0.106072	0.0572575	0.0189425	0.00876065	0.0299614	0.0596392	0.0933799	0.128723	0.155558	0.176423	0.196025	0.21737	0.218245	0.19426	0.163978	0.136697	0.105108	0.0852238	0.0977705	0.135539	0.185752	0.241249	0.290721	0.319643	0.336423	0.340575	0.322005	0.297049	0.296837	0.34009	0.427301	0.553922	0.714951	0.885249	1.03043	1.11659	1.12011	1.04491	0.910818	0.747468	0.587919	0.456447	0.382533	0.382533	
0.395883	0.361225	0.319663	0.26591	0.200266	0.128955	0.0613722	0.00122306	-0.0492007	-0.0691722	-0.0592057	-0.0353247	0.00246018	0.0401413	0.0716346	0.102806	0.131757	0.166317	0.175891	0.163397	0.144632	0.130888	0.113387	0.10222	0.118169	0.149389	0.184229	0.220323	0.252846	0.27086	0.27249	0.253568	0.210653	0.164387	0.151583	0.18576	0.278132	0.425327	0.613719	0.815963	0.994183	1.12011	1.16395	1.11736	0.996209	0.831705	0.662409	0.519072	0.436059	0.436059	
0.3724	0.328939	0.278267	0.230966	0.17434	0.105072	0.0320655	-0.0322483	-0.0832456	-0.104607	-0.100451	-0.0803491	-0.0459814	-0.00614272	0.0282226	0.0686046	0.111675	0.151962	0.170768	0.166511	0.157845	0.156077	0.15458	0.156447	0.174522	0.199629	0.217594	0.228362	0.234032	0.220269	0.18833	0.130665	0.0546691	-0.00929019	-0.0372696	-0.00983154	0.0841811	0.248283	0.464571	0.691981	0.894672	1.04491	1.11736	1.09751	0.984584	0.808841	0.619414	0.458666	0.369998	0.369998	
0.356513	0.3033	0.251713	0.205316	0.157248	0.0940464	0.0243354	-0.0377709	-0.0830893	-0.0996108	-0.0962977	-0.0786782	-0.0454794	-0.0130693	0.0217779	0.0680289	0.118115	0.167178	0.198113	0.209523	0.20982	0.212942	0.218387	0.228113	0.248203	0.267186	0.272254	0.260675	0.228751	0.175209	0.0937838	-0.0137197	-0.126636	-0.215459	-0.253661	-0.231972	-0.133596	0.0419128	0.274101	0.52329	0.744759	0.910818	0.996209	0.984584	0.874433	0.690154	0.483067	0.308138	0.210548	0.210548	
0.342548	0.287949	0.232367	0.186097	0.142568	0.0906375	0.0354608	-0.0165143	-0.0542689	-0.0677167	-0.0645645	-0.0452687	-0.0147488	0.0143405	0.0453476	0.0925143	0.147808	0.202637	0.249275	0.280284	0.288722	0.287731	0.292357	0.303652	0.323182	0.340969	0.339583	0.307605	0.240541	0.138059	0.00245017	-0.159605	-0.315712	-0.431674	-0.486836	-0.467471	-0.362145	-0.17523	0.0668253	0.330172	0.570125	0.747468	0.831705	0.808841	0.690154	0.504777	0.295316	0.11277	0.00709127	0.00709127	
0.338859	0.284474	0.223742	0.168904	0.126784	0.0897958	0.0539208	0.0189121	-0.00686154	-0.0206585	-0.0237337	-0.00585374	0.0229664	0.0496362	0.0840642	0.134044	0.19728	0.254074	0.311817	0.353018	0.367395	0.363895	0.365136	0.377344	0.39366	0.408925	0.40287	0.354103	0.251711	0.106847	-0.0789632	-0.288811	-0.482641	-0.626066	-0.702452	-0.689841	-0.577256	-0.376545	-0.120107	0.153435	0.406278	0.587919	0.662409	0.619414	0.483067	0.295316	0.0898267	-0.0896768	-0.196547	-0.196547	
0.349869	0.288252	0.215277	0.149973	0.108144	0.0821774	0.0677342	0.052242	0.040551	0.0277498	0.0160808	0.0259928	0.0530674	0.0802521	0.118576	0.177173	0.246403	0.304777	0.360294	0.405578	0.422863	0.422137	0.428213	0.440664	0.454083	0.465631	0.45325	0.388991	0.259827	0.0834973	-0.137486	-0.383405	-0.606373	-0.773538	-0.867372	-0.865881	-0.749298	-0.531181	-0.257633	0.029728	0.282849	0.456447	0.519072	0.458666	0.308138	0.11277	-0.0896768	-0.255488	-0.351944	-0.351944	
0.362619	0.295526	0.209497	0.134538	0.0920605	0.0753752	0.0743367	0.0744948	0.0751472	0.0620329	0.0412088	0.0443195	0.0671175	0.0953747	0.139371	0.203177	0.279063	0.334212	0.386389	0.427638	0.447329	0.451541	0.462773	0.479117	0.49049	0.498782	0.480787	0.405195	0.260843	0.0700184	-0.167464	-0.431546	-0.671333	-0.85023	-0.956071	-0.96164	-0.845871	-0.618241	-0.328125	-0.0325969	0.219355	0.382533	0.436059	0.369998	0.210548	0.00709127	-0.196547	-0.351944	-0.43632	-0.43632	
0.362619	0.295526	0.209497	0.134538	0.0920605	0.0753752	0.0743367	0.0744948	0.0751472	0.0620329	0.0412088	0.0443195	0.0671175	0.0953747	0.139371	0.203177	0.279063	0.334212	0.386389	0.427638	0.447329	0.451541	0.462773	0.479117	0.49049	0.498782	0.480787	0.405195	0.260843	0.0700184	-0.167464	-0.431546	-0.671333	-0.85023	-0.956071	-0.96164	-0.845871	-0.618241	-0.328125	-0.0325969	0.219355	0.382533	0.436059	0.369998	0.210548	0.00709127	-0.196547	-0.351944	-0.43632	-0.43632	
