0.993585	0.993585	-1.54515	-0.272392	0.246149	0.348166	
0.993585	0.993585	-1.54515	-0.272392	0.246149	0.348166	
-1.54515	-1.54515	-0.264279	-0.242304	0.752571	0.2661	
-0.272392	-0.272392	-0.242304	-0.901014	-0.201666	-0.63003	
0.246149	0.246149	0.752571	-0.201666	0.694635	0.433501	
0.348166	0.348166	0.2661	-0.63003	0.433501	-0.345077	
