0.345467	0.264136	0.129515	-0.0318712	-0.194376	-0.348721	-0.474423	-0.562915	-0.609639	-0.615119	-0.584905	-0.509894	-0.415591	-0.308422	-0.191747	-0.0844641	0.00602759	0.0843312	0.157291	0.225051	0.291393	0.356622	0.406736	0.438143	0.435542	0.394727	0.32027	0.234396	0.144604	0.0593748	-0.014476	-0.0908245	-0.148355	-0.189285	-0.204081	-0.208599	-0.195019	-0.156187	-0.118146	-0.0929406	-0.0867805	-0.0804561	-0.0827267	-0.10576	-0.13903	-0.174938	-0.21817	-0.258921	-0.28597	-0.28597	
0.264136	0.192305	0.0696666	-0.0828984	-0.239832	-0.376634	-0.490076	-0.572972	-0.611942	-0.614406	-0.589074	-0.517369	-0.429155	-0.318689	-0.198172	-0.0776121	0.0269386	0.111492	0.186232	0.257369	0.334699	0.412967	0.484074	0.53688	0.553229	0.531584	0.483025	0.415043	0.333985	0.235372	0.133172	0.0250205	-0.0701616	-0.148246	-0.207925	-0.248503	-0.262991	-0.240065	-0.206798	-0.179676	-0.161983	-0.153694	-0.162827	-0.187969	-0.213583	-0.243013	-0.290103	-0.336566	-0.364062	-0.364062	
0.129515	0.0696666	-0.0381516	-0.177346	-0.321081	-0.43511	-0.52577	-0.587434	-0.61066	-0.603687	-0.57348	-0.508002	-0.421505	-0.322063	-0.20739	-0.0873026	0.0223553	0.108237	0.182678	0.254134	0.330916	0.412267	0.495927	0.565331	0.610321	0.626457	0.61876	0.587174	0.516944	0.412507	0.286469	0.149721	0.0214732	-0.0909906	-0.187193	-0.257508	-0.292732	-0.292896	-0.275277	-0.255479	-0.232475	-0.218218	-0.228382	-0.250819	-0.268894	-0.289716	-0.328982	-0.36979	-0.389424	-0.389424	
-0.0318712	-0.0828984	-0.177346	-0.302328	-0.427374	-0.517061	-0.578536	-0.612413	-0.615698	-0.600317	-0.565955	-0.503662	-0.418746	-0.329048	-0.224604	-0.110159	-0.00782165	0.0773624	0.149792	0.217976	0.287262	0.366576	0.454046	0.533615	0.603825	0.657675	0.692825	0.694877	0.645375	0.549173	0.415588	0.265796	0.115037	-0.0274784	-0.151131	-0.246103	-0.301452	-0.322101	-0.323374	-0.308805	-0.280534	-0.254909	-0.253083	-0.267451	-0.276572	-0.285062	-0.303962	-0.326211	-0.334043	-0.334043	
-0.194376	-0.239832	-0.321081	-0.427374	-0.530534	-0.603995	-0.640924	-0.653504	-0.648371	-0.629347	-0.587347	-0.521395	-0.436951	-0.349828	-0.250059	-0.150406	-0.0605753	0.0247205	0.0915801	0.150896	0.210526	0.281793	0.364578	0.449675	0.541366	0.627451	0.696546	0.727893	0.700256	0.620697	0.49408	0.345012	0.187318	0.0323463	-0.10599	-0.215381	-0.286499	-0.326256	-0.33888	-0.328046	-0.296438	-0.259356	-0.237543	-0.233912	-0.225656	-0.209157	-0.196543	-0.188615	-0.184678	-0.184678	
-0.348721	-0.376634	-0.43511	-0.517061	-0.603995	-0.66891	-0.695362	-0.702559	-0.697618	-0.675459	-0.633565	-0.571842	-0.489463	-0.396999	-0.297284	-0.207255	-0.127403	-0.0526291	0.00062246	0.0425863	0.0893706	0.151549	0.230726	0.324208	0.434623	0.545287	0.632997	0.685549	0.681757	0.623367	0.519096	0.386385	0.240456	0.0895816	-0.050695	-0.164767	-0.250426	-0.301397	-0.317941	-0.307356	-0.27233	-0.22794	-0.183684	-0.150377	-0.113299	-0.0622157	-0.0108245	0.027137	0.0450115	0.0450115	
-0.474423	-0.490076	-0.52577	-0.578536	-0.640924	-0.695362	-0.722356	-0.739304	-0.741055	-0.729058	-0.698886	-0.645705	-0.566252	-0.46806	-0.369556	-0.290016	-0.225798	-0.169893	-0.135997	-0.107747	-0.0692979	-0.0132374	0.0629284	0.169071	0.291451	0.414546	0.513939	0.582817	0.607974	0.578053	0.507813	0.404313	0.281116	0.14473	0.0127062	-0.0993252	-0.191785	-0.24936	-0.266822	-0.252007	-0.21399	-0.158916	-0.0884753	-0.0155554	0.0606525	0.144602	0.227256	0.287673	0.319124	0.319124	
-0.562915	-0.572972	-0.587434	-0.612413	-0.653504	-0.702559	-0.739304	-0.76335	-0.77759	-0.784183	-0.777144	-0.73724	-0.664549	-0.571619	-0.474065	-0.399541	-0.350664	-0.314998	-0.297191	-0.2756	-0.24326	-0.190538	-0.10846	0.00398863	0.134298	0.256263	0.357764	0.441156	0.489924	0.495452	0.464033	0.398419	0.30574	0.193055	0.0824761	-0.0154278	-0.102521	-0.16324	-0.185042	-0.168917	-0.129097	-0.0622174	0.038543	0.152349	0.271066	0.382544	0.48148	0.56189	0.604594	0.604594	
-0.609639	-0.611942	-0.61066	-0.615698	-0.648371	-0.697618	-0.741055	-0.77759	-0.813709	-0.85251	-0.869528	-0.845154	-0.790957	-0.704004	-0.605362	-0.526795	-0.47916	-0.448822	-0.431093	-0.411189	-0.384504	-0.336475	-0.256199	-0.14841	-0.0273349	0.0842096	0.182776	0.271071	0.339803	0.377029	0.38659	0.363455	0.310535	0.233794	0.155988	0.0861449	0.0102405	-0.0511306	-0.0795033	-0.0690045	-0.0257966	0.0551455	0.181181	0.333698	0.484232	0.612126	0.720757	0.806776	0.861419	0.861419	
-0.615119	-0.614406	-0.603687	-0.600317	-0.629347	-0.675459	-0.729058	-0.784183	-0.85251	-0.919035	-0.951812	-0.944178	-0.902091	-0.821239	-0.723717	-0.644217	-0.589379	-0.54897	-0.517899	-0.49532	-0.469345	-0.427556	-0.36085	-0.274063	-0.173049	-0.0724942	0.0240406	0.116561	0.196776	0.257674	0.294653	0.308793	0.290806	0.250152	0.207528	0.164218	0.10779	0.0524244	0.0276865	0.0377377	0.0864319	0.17889	0.320736	0.494099	0.661096	0.80111	0.911537	1.00076	1.05807	1.05807	
-0.584905	-0.589074	-0.57348	-0.565955	-0.587347	-0.633565	-0.698886	-0.777144	-0.869528	-0.951812	-0.995502	-1.00036	-0.963447	-0.891288	-0.80711	-0.729766	-0.658291	-0.594836	-0.546936	-0.51669	-0.492895	-0.461333	-0.41866	-0.358532	-0.274033	-0.178583	-0.0806178	0.0127179	0.0938797	0.160368	0.212547	0.252105	0.263979	0.252179	0.234324	0.204589	0.161369	0.118078	0.102499	0.12425	0.177975	0.280191	0.428162	0.600668	0.773865	0.918539	1.02997	1.11558	1.16639	1.16639	
-0.509894	-0.517369	-0.508002	-0.503662	-0.521395	-0.571842	-0.645705	-0.73724	-0.845154	-0.944178	-1.00036	-1.00659	-0.971746	-0.910262	-0.841799	-0.765466	-0.676183	-0.589699	-0.522665	-0.479719	-0.451016	-0.433241	-0.417768	-0.382043	-0.317714	-0.229294	-0.131177	-0.0381051	0.0412816	0.107963	0.166398	0.217316	0.248223	0.250079	0.242029	0.220436	0.185022	0.159371	0.159754	0.187265	0.243656	0.33879	0.469512	0.624025	0.782942	0.927172	1.03947	1.11623	1.16006	1.16006	
-0.415591	-0.429155	-0.421505	-0.418746	-0.436951	-0.489463	-0.566252	-0.664549	-0.790957	-0.902091	-0.963447	-0.971746	-0.943537	-0.890627	-0.827556	-0.743017	-0.637336	-0.534833	-0.448711	-0.392236	-0.358937	-0.350167	-0.349491	-0.329497	-0.286067	-0.213739	-0.125979	-0.0392129	0.0407235	0.106788	0.167412	0.2201	0.248455	0.25149	0.238455	0.215149	0.18932	0.174263	0.185545	0.216064	0.265949	0.343726	0.444806	0.563696	0.696444	0.827246	0.92882	0.999117	1.03388	1.03388	
-0.308422	-0.318689	-0.322063	-0.329048	-0.349828	-0.396999	-0.46806	-0.571619	-0.704004	-0.821239	-0.891288	-0.910262	-0.890627	-0.834672	-0.755251	-0.657901	-0.547262	-0.439721	-0.347847	-0.286313	-0.250516	-0.237186	-0.232039	-0.215304	-0.189266	-0.137575	-0.0713737	0.00445686	0.0832757	0.147274	0.201744	0.235449	0.249097	0.23669	0.217636	0.198593	0.183007	0.182755	0.196231	0.225068	0.263045	0.313737	0.374537	0.4486	0.538949	0.635211	0.715351	0.769311	0.79817	0.79817	
-0.191747	-0.198172	-0.20739	-0.224604	-0.250059	-0.297284	-0.369556	-0.474065	-0.605362	-0.723717	-0.80711	-0.841799	-0.827556	-0.755251	-0.650543	-0.535802	-0.418591	-0.308459	-0.222424	-0.167363	-0.129554	-0.106526	-0.0894205	-0.0710541	-0.0532371	-0.0273906	0.0118012	0.0673543	0.136771	0.195638	0.235777	0.250059	0.245425	0.226202	0.202998	0.192121	0.18977	0.194765	0.2079	0.227081	0.246315	0.265647	0.283397	0.305405	0.342343	0.388817	0.432808	0.466661	0.482986	0.482986	
-0.0844641	-0.0776121	-0.0873026	-0.110159	-0.150406	-0.207255	-0.290016	-0.399541	-0.526795	-0.644217	-0.729766	-0.765466	-0.743017	-0.657901	-0.535802	-0.406287	-0.279664	-0.169864	-0.092456	-0.0405212	0.000140096	0.0297424	0.0553173	0.0753839	0.0901768	0.100151	0.113284	0.146631	0.19804	0.241694	0.262317	0.261425	0.250053	0.232409	0.215609	0.212036	0.217129	0.22574	0.232381	0.23377	0.229559	0.21425	0.189712	0.160823	0.134548	0.125821	0.130588	0.132965	0.132156	0.132156	
0.00602759	0.0269386	0.0223553	-0.00782165	-0.0605753	-0.127403	-0.225798	-0.350664	-0.47916	-0.589379	-0.658291	-0.676183	-0.637336	-0.547262	-0.418591	-0.279664	-0.15284	-0.0510356	0.016218	0.0656954	0.107112	0.142105	0.176326	0.204924	0.226965	0.23333	0.233354	0.246021	0.270399	0.289855	0.291126	0.28357	0.277543	0.273601	0.266767	0.265805	0.27193	0.277519	0.273075	0.252218	0.219291	0.174692	0.115367	0.0353104	-0.0507279	-0.114507	-0.15142	-0.18282	-0.209603	-0.209603	
0.0843312	0.111492	0.108237	0.0773624	0.0247205	-0.0526291	-0.169893	-0.314998	-0.448822	-0.54897	-0.594836	-0.589699	-0.534833	-0.439721	-0.308459	-0.169864	-0.0510356	0.0396144	0.0950958	0.137531	0.175102	0.218491	0.265527	0.305597	0.34039	0.354195	0.356111	0.355905	0.352624	0.348174	0.335605	0.329223	0.33639	0.353248	0.359729	0.360523	0.36393	0.362153	0.34065	0.293399	0.231061	0.160828	0.0720298	-0.0536366	-0.191745	-0.306093	-0.382679	-0.449563	-0.50107	-0.50107	
0.157291	0.186232	0.182678	0.149792	0.0915801	0.00062246	-0.135997	-0.297191	-0.431093	-0.517899	-0.546936	-0.522665	-0.448711	-0.347847	-0.222424	-0.092456	0.016218	0.0950958	0.135825	0.167454	0.204242	0.260194	0.324158	0.377503	0.424064	0.4576	0.473664	0.470503	0.450289	0.429771	0.407523	0.402327	0.422796	0.455658	0.479524	0.48994	0.494082	0.490252	0.453963	0.38025	0.292453	0.191852	0.0690666	-0.0957444	-0.280753	-0.439936	-0.55714	-0.657492	-0.72619	-0.72619	
0.225051	0.257369	0.254134	0.217976	0.150896	0.0425863	-0.107747	-0.2756	-0.411189	-0.49532	-0.51669	-0.479719	-0.392236	-0.286313	-0.167363	-0.0405212	0.0656954	0.137531	0.167454	0.19115	0.229952	0.295964	0.367496	0.429359	0.486502	0.538432	0.568028	0.567289	0.544041	0.516637	0.498819	0.501359	0.531995	0.582082	0.619835	0.638901	0.648068	0.639344	0.592706	0.505157	0.39375	0.265046	0.110484	-0.0872463	-0.303631	-0.503276	-0.66363	-0.792408	-0.874471	-0.874471	
0.291393	0.334699	0.330916	0.287262	0.210526	0.0893706	-0.0692979	-0.24326	-0.384504	-0.469345	-0.492895	-0.451016	-0.358937	-0.250516	-0.129554	0.000140096	0.107112	0.175102	0.204242	0.229952	0.270667	0.333355	0.40081	0.466104	0.533076	0.598203	0.641845	0.651154	0.635687	0.617127	0.609893	0.61995	0.65876	0.715486	0.762105	0.790653	0.80199	0.794721	0.745287	0.648602	0.515962	0.355053	0.168757	-0.0509493	-0.282783	-0.50501	-0.691297	-0.836668	-0.922915	-0.922915	
0.356622	0.412967	0.412267	0.366576	0.281793	0.151549	-0.0132374	-0.190538	-0.336475	-0.427556	-0.461333	-0.433241	-0.350167	-0.237186	-0.106526	0.0297424	0.142105	0.218491	0.260194	0.295964	0.333355	0.377145	0.43057	0.492314	0.561787	0.637373	0.695465	0.723031	0.73118	0.735074	0.745449	0.764456	0.804411	0.858774	0.905017	0.932619	0.941064	0.932889	0.881789	0.776053	0.625493	0.439019	0.229313	0.00096131	-0.234719	-0.459265	-0.650249	-0.801503	-0.885882	-0.885882	
0.406736	0.484074	0.495927	0.454046	0.364578	0.230726	0.0629284	-0.10846	-0.256199	-0.36085	-0.41866	-0.417768	-0.349491	-0.232039	-0.0894205	0.0553173	0.176326	0.265527	0.324158	0.367496	0.40081	0.43057	0.470408	0.521731	0.588022	0.66473	0.734214	0.787117	0.831183	0.870787	0.905825	0.933991	0.964484	1.00705	1.03609	1.04777	1.04835	1.0287	0.971453	0.856564	0.69353	0.497318	0.280653	0.0520135	-0.174505	-0.382461	-0.561148	-0.697648	-0.778001	-0.778001	
0.438143	0.53688	0.565331	0.533615	0.449675	0.324208	0.169071	0.00398863	-0.14841	-0.274063	-0.358532	-0.382043	-0.329497	-0.215304	-0.0710541	0.0753839	0.204924	0.305597	0.377503	0.429359	0.466104	0.492314	0.521731	0.561819	0.620577	0.695466	0.777875	0.857753	0.939129	1.01397	1.0673	1.096	1.11392	1.13033	1.13436	1.12749	1.11026	1.07539	1.00029	0.874526	0.708408	0.515772	0.305802	0.0916775	-0.112773	-0.292496	-0.436289	-0.547805	-0.610813	-0.610813	
0.435542	0.553229	0.610321	0.603825	0.541366	0.434623	0.291451	0.134298	-0.0273349	-0.173049	-0.274033	-0.317714	-0.286067	-0.189266	-0.0532371	0.0901768	0.226965	0.34039	0.424064	0.486502	0.533076	0.561787	0.588022	0.620577	0.673297	0.745499	0.834667	0.933095	1.03558	1.13114	1.19374	1.2268	1.2324	1.2228	1.19767	1.16251	1.1195	1.05199	0.953692	0.819975	0.662078	0.48576	0.298933	0.117838	-0.0508643	-0.19015	-0.294239	-0.367004	-0.406175	-0.406175	
0.394727	0.531584	0.626457	0.657675	0.627451	0.545287	0.414546	0.256263	0.0842096	-0.0724942	-0.178583	-0.229294	-0.213739	-0.137575	-0.0273906	0.100151	0.23333	0.354195	0.4576	0.538432	0.598203	0.637373	0.66473	0.695466	0.745499	0.817536	0.911617	1.01507	1.1209	1.21207	1.27333	1.30661	1.30156	1.27033	1.21621	1.14841	1.06923	0.961972	0.838523	0.703528	0.557963	0.405159	0.254958	0.121957	0.00572381	-0.0848461	-0.143561	-0.171063	-0.183013	-0.183013	
0.32027	0.483025	0.61876	0.692825	0.696546	0.632997	0.513939	0.357764	0.182776	0.0240406	-0.0806178	-0.131177	-0.125979	-0.0713737	0.0118012	0.113284	0.233354	0.356111	0.473664	0.568028	0.641845	0.695465	0.734214	0.777875	0.834667	0.911617	1.00523	1.10135	1.19007	1.2615	1.30827	1.33045	1.31871	1.26668	1.18619	1.08297	0.957259	0.812065	0.665488	0.531776	0.404397	0.284552	0.183027	0.111388	0.0564773	0.0193023	0.0109268	0.0211507	0.0341133	0.0341133	
0.234396	0.415043	0.587174	0.694877	0.727893	0.685549	0.582817	0.441156	0.271071	0.116561	0.0127179	-0.0381051	-0.0392129	0.00445686	0.0673543	0.146631	0.246021	0.355905	0.470503	0.567289	0.651154	0.723031	0.787117	0.857753	0.933095	1.01507	1.10135	1.17955	1.24676	1.29079	1.30977	1.31003	1.27554	1.20289	1.09372	0.953399	0.791172	0.613859	0.452667	0.323179	0.219502	0.143472	0.101402	0.092879	0.101435	0.122413	0.158348	0.201577	0.22703	0.22703	
0.144604	0.333985	0.516944	0.645375	0.700256	0.681757	0.607974	0.489924	0.339803	0.196776	0.0938797	0.0412816	0.0407235	0.0832757	0.136771	0.19804	0.270399	0.352624	0.450289	0.544041	0.635687	0.73118	0.831183	0.939129	1.03558	1.1209	1.19007	1.24676	1.2918	1.30536	1.29095	1.25001	1.17899	1.06939	0.929405	0.762136	0.576578	0.387765	0.221645	0.102043	0.0286813	0.000855965	0.0162164	0.0697593	0.138602	0.216363	0.295771	0.359989	0.394548	0.394548	
0.0593748	0.235372	0.412507	0.549173	0.620697	0.623367	0.578053	0.495452	0.377029	0.257674	0.160368	0.107963	0.106788	0.147274	0.195638	0.241694	0.289855	0.348174	0.429771	0.516637	0.617127	0.735074	0.870787	1.01397	1.13114	1.21207	1.2615	1.29079	1.30536	1.28937	1.24157	1.15919	1.04149	0.891363	0.717701	0.531439	0.337496	0.149008	-0.00474746	-0.101229	-0.139692	-0.121809	-0.0558947	0.0489873	0.173448	0.296476	0.403716	0.482467	0.520242	0.520242	
-0.014476	0.133172	0.286469	0.415588	0.49408	0.519096	0.507813	0.464033	0.38659	0.294653	0.212547	0.166398	0.167412	0.201744	0.235777	0.262317	0.291126	0.335605	0.407523	0.498819	0.609893	0.745449	0.905825	1.0673	1.19374	1.27333	1.30827	1.30977	1.29095	1.24157	1.15721	1.0333	0.867434	0.675536	0.476028	0.278106	0.0872224	-0.0798875	-0.199376	-0.257445	-0.257035	-0.206256	-0.106485	0.038943	0.20223	0.354764	0.477236	0.561443	0.605679	0.605679	
-0.0908245	0.0250205	0.149721	0.265796	0.345012	0.386385	0.404313	0.398419	0.363455	0.308793	0.252105	0.217316	0.2201	0.235449	0.250059	0.261425	0.28357	0.329223	0.402327	0.501359	0.61995	0.764456	0.933991	1.096	1.2268	1.30661	1.33045	1.31003	1.25001	1.15919	1.0333	0.866418	0.662249	0.442309	0.225272	0.0212513	-0.156627	-0.289732	-0.358694	-0.367175	-0.327246	-0.247309	-0.122714	0.0467182	0.230487	0.393421	0.516791	0.604168	0.653003	0.653003	
-0.148355	-0.0701616	0.0214732	0.115037	0.187318	0.240456	0.281116	0.30574	0.310535	0.290806	0.263979	0.248223	0.248455	0.249097	0.245425	0.250053	0.277543	0.33639	0.422796	0.531995	0.65876	0.804411	0.964484	1.11392	1.2324	1.30156	1.31871	1.27554	1.17899	1.04149	0.867434	0.662249	0.432628	0.205113	-0.0134483	-0.205413	-0.354993	-0.443974	-0.462536	-0.427379	-0.352147	-0.245661	-0.104815	0.068322	0.249745	0.403436	0.519346	0.605458	0.656482	0.656482	
-0.189285	-0.148246	-0.0909906	-0.0274784	0.0323463	0.0895816	0.14473	0.193055	0.233794	0.250152	0.252179	0.250079	0.25149	0.23669	0.226202	0.232409	0.273601	0.353248	0.455658	0.582082	0.715486	0.858774	1.00705	1.13033	1.2228	1.27033	1.26668	1.20289	1.06939	0.891363	0.675536	0.442309	0.205113	-0.0182851	-0.215237	-0.377099	-0.485763	-0.52982	-0.513992	-0.449541	-0.344364	-0.21551	-0.0666247	0.0969356	0.255597	0.388956	0.492556	0.571029	0.622833	0.622833	
-0.204081	-0.207925	-0.187193	-0.151131	-0.10599	-0.050695	0.0127062	0.0824761	0.155988	0.207528	0.234324	0.242029	0.238455	0.217636	0.202998	0.215609	0.266767	0.359729	0.479524	0.619835	0.762105	0.905017	1.03609	1.13436	1.19767	1.21621	1.18619	1.09372	0.929405	0.717701	0.476028	0.225272	-0.0134483	-0.215237	-0.375489	-0.487793	-0.544246	-0.551013	-0.509486	-0.423865	-0.30127	-0.159743	-0.0145551	0.125152	0.25412	0.35777	0.43725	0.505103	0.548981	0.548981	
-0.208599	-0.248503	-0.257508	-0.246103	-0.215381	-0.164767	-0.0993252	-0.0154278	0.0861449	0.164218	0.204589	0.220436	0.215149	0.198593	0.192121	0.212036	0.265805	0.360523	0.48994	0.638901	0.790653	0.932619	1.04777	1.12749	1.16251	1.14841	1.08297	0.953399	0.762136	0.531439	0.278106	0.0212513	-0.205413	-0.377099	-0.487793	-0.543019	-0.552804	-0.521726	-0.455793	-0.354055	-0.22426	-0.090782	0.0339177	0.146812	0.243523	0.315794	0.369831	0.417296	0.452513	0.452513	
-0.195019	-0.262991	-0.292732	-0.301452	-0.286499	-0.250426	-0.191785	-0.102521	0.0102405	0.10779	0.161369	0.185022	0.18932	0.183007	0.18977	0.217129	0.27193	0.36393	0.494082	0.648068	0.80199	0.941064	1.04835	1.11026	1.1195	1.06923	0.957259	0.791172	0.576578	0.337496	0.0872224	-0.156627	-0.354993	-0.485763	-0.544246	-0.552804	-0.519138	-0.451494	-0.360341	-0.244241	-0.123523	-0.015677	0.0762018	0.154908	0.219862	0.262161	0.288263	0.313742	0.335802	0.335802	
-0.156187	-0.240065	-0.292896	-0.322101	-0.326256	-0.301397	-0.24936	-0.16324	-0.0511306	0.0524244	0.118078	0.159371	0.174263	0.182755	0.194765	0.22574	0.277519	0.362153	0.490252	0.639344	0.794721	0.932889	1.0287	1.07539	1.05199	0.961972	0.812065	0.613859	0.387765	0.149008	-0.0798875	-0.289732	-0.443974	-0.52982	-0.551013	-0.521726	-0.451494	-0.351853	-0.237631	-0.120113	-0.0178149	0.0599152	0.114052	0.155202	0.185126	0.198123	0.195779	0.199595	0.204528	0.204528	
-0.118146	-0.206798	-0.275277	-0.323374	-0.33888	-0.317941	-0.266822	-0.185042	-0.0795033	0.0276865	0.102499	0.159754	0.185545	0.196231	0.2079	0.232381	0.273075	0.34065	0.453963	0.592706	0.745287	0.881789	0.971453	1.00029	0.953692	0.838523	0.665488	0.452667	0.221645	-0.00474746	-0.199376	-0.358694	-0.462536	-0.513992	-0.509486	-0.455793	-0.360341	-0.237631	-0.119449	-0.0141647	0.0661567	0.116819	0.140553	0.14754	0.143194	0.129646	0.107893	0.0901317	0.0832027	0.0832027	
-0.0929406	-0.179676	-0.255479	-0.308805	-0.328046	-0.307356	-0.252007	-0.168917	-0.0690045	0.0377377	0.12425	0.187265	0.216064	0.225068	0.227081	0.23377	0.252218	0.293399	0.38025	0.505157	0.648602	0.776053	0.856564	0.874526	0.819975	0.703528	0.531776	0.323179	0.102043	-0.101229	-0.257445	-0.367175	-0.427379	-0.449541	-0.423865	-0.354055	-0.244241	-0.120113	-0.0141647	0.0676997	0.120647	0.14994	0.150842	0.129504	0.0982614	0.0625223	0.0223484	-0.00841427	-0.0265414	-0.0265414	
-0.0867805	-0.161983	-0.232475	-0.280534	-0.296438	-0.27233	-0.21399	-0.129097	-0.0257966	0.0864319	0.177975	0.243656	0.265949	0.263045	0.246315	0.229559	0.219291	0.231061	0.292453	0.39375	0.515962	0.625493	0.69353	0.708408	0.662078	0.557963	0.404397	0.219502	0.0286813	-0.139692	-0.257035	-0.327246	-0.352147	-0.344364	-0.30127	-0.22426	-0.123523	-0.0178149	0.0661567	0.120647	0.150898	0.160469	0.144754	0.106365	0.0553414	0.00279432	-0.0525237	-0.0963279	-0.121547	-0.121547	
-0.0804561	-0.153694	-0.218218	-0.254909	-0.259356	-0.22794	-0.158916	-0.0622174	0.0551455	0.17889	0.280191	0.33879	0.343726	0.313737	0.265647	0.21425	0.174692	0.160828	0.191852	0.265046	0.355053	0.439019	0.497318	0.515772	0.48576	0.405159	0.284552	0.143472	0.000855965	-0.121809	-0.206256	-0.247309	-0.245661	-0.21551	-0.159743	-0.090782	-0.015677	0.0599152	0.116819	0.14994	0.160469	0.153809	0.125173	0.0746267	0.0143629	-0.0488548	-0.111651	-0.165156	-0.194814	-0.194814	
-0.0827267	-0.162827	-0.228382	-0.253083	-0.237543	-0.183684	-0.0884753	0.038543	0.181181	0.320736	0.428162	0.469512	0.444806	0.374537	0.283397	0.189712	0.115367	0.0720298	0.0690666	0.110484	0.168757	0.229313	0.280653	0.305802	0.298933	0.254958	0.183027	0.101402	0.0162164	-0.0558947	-0.106485	-0.122714	-0.104815	-0.0666247	-0.0145551	0.0339177	0.0762018	0.114052	0.140553	0.150842	0.144754	0.125173	0.0871139	0.0286033	-0.0336889	-0.0943297	-0.153755	-0.203692	-0.23407	-0.23407	
-0.10576	-0.187969	-0.250819	-0.267451	-0.233912	-0.150377	-0.0155554	0.152349	0.333698	0.494099	0.600668	0.624025	0.563696	0.4486	0.305405	0.160823	0.0353104	-0.0536366	-0.0957444	-0.0872463	-0.0509493	0.00096131	0.0520135	0.0916775	0.117838	0.121957	0.111388	0.092879	0.0697593	0.0489873	0.038943	0.0467182	0.068322	0.0969356	0.125152	0.146812	0.154908	0.155202	0.14754	0.129504	0.106365	0.0746267	0.0286033	-0.0329856	-0.0933235	-0.142142	-0.181679	-0.216301	-0.236312	-0.236312	
-0.13903	-0.213583	-0.268894	-0.276572	-0.225656	-0.113299	0.0606525	0.271066	0.484232	0.661096	0.773865	0.782942	0.696444	0.538949	0.342343	0.134548	-0.0507279	-0.191745	-0.280753	-0.303631	-0.282783	-0.234719	-0.174505	-0.112773	-0.0508643	0.00572381	0.0564773	0.101435	0.138602	0.173448	0.20223	0.230487	0.249745	0.255597	0.25412	0.243523	0.219862	0.185126	0.143194	0.0982614	0.0553414	0.0143629	-0.0336889	-0.0933235	-0.146349	-0.183707	-0.203006	-0.215689	-0.223063	-0.223063	
-0.174938	-0.243013	-0.289716	-0.285062	-0.209157	-0.0622157	0.144602	0.382544	0.612126	0.80111	0.918539	0.927172	0.827246	0.635211	0.388817	0.125821	-0.114507	-0.306093	-0.439936	-0.503276	-0.50501	-0.459265	-0.382461	-0.292496	-0.19015	-0.0848461	0.0193023	0.122413	0.216363	0.296476	0.354764	0.393421	0.403436	0.388956	0.35777	0.315794	0.262161	0.198123	0.129646	0.0625223	0.00279432	-0.0488548	-0.0943297	-0.142142	-0.183707	-0.207868	-0.211131	-0.206674	-0.20252	-0.20252	
-0.21817	-0.290103	-0.328982	-0.303962	-0.196543	-0.0108245	0.227256	0.48148	0.720757	0.911537	1.02997	1.03947	0.92882	0.715351	0.432808	0.130588	-0.15142	-0.382679	-0.55714	-0.66363	-0.691297	-0.650249	-0.561148	-0.436289	-0.294239	-0.143561	0.0109268	0.158348	0.295771	0.403716	0.477236	0.516791	0.519346	0.492556	0.43725	0.369831	0.288263	0.195779	0.107893	0.0223484	-0.0525237	-0.111651	-0.153755	-0.181679	-0.203006	-0.211131	-0.202884	-0.191193	-0.184322	-0.184322	
-0.258921	-0.336566	-0.36979	-0.326211	-0.188615	0.027137	0.287673	0.56189	0.806776	1.00076	1.11558	1.11623	0.999117	0.769311	0.466661	0.132965	-0.18282	-0.449563	-0.657492	-0.792408	-0.836668	-0.801503	-0.697648	-0.547805	-0.367004	-0.171063	0.0211507	0.201577	0.359989	0.482467	0.561443	0.604168	0.605458	0.571029	0.505103	0.417296	0.313742	0.199595	0.0901317	-0.00841427	-0.0963279	-0.165156	-0.203692	-0.216301	-0.215689	-0.206674	-0.191193	-0.181748	-0.180201	-0.180201	
-0.28597	-0.364062	-0.389424	-0.334043	-0.184678	0.0450115	0.319124	0.604594	0.861419	1.05807	1.16639	1.16006	1.03388	0.79817	0.482986	0.132156	-0.209603	-0.50107	-0.72619	-0.874471	-0.922915	-0.885882	-0.778001	-0.610813	-0.406175	-0.183013	0.0341133	0.22703	0.394548	0.520242	0.605679	0.653003	0.656482	0.622833	0.548981	0.452513	0.335802	0.204528	0.0832027	-0.0265414	-0.121547	-0.194814	-0.23407	-0.236312	-0.223063	-0.20252	-0.184322	-0.180201	-0.185565	-0.185565	
-0.28597	-0.364062	-0.389424	-0.334043	-0.184678	0.0450115	0.319124	0.604594	0.861419	1.05807	1.16639	1.16006	1.03388	0.79817	0.482986	0.132156	-0.209603	-0.50107	-0.72619	-0.874471	-0.922915	-0.885882	-0.778001	-0.610813	-0.406175	-0.183013	0.0341133	0.22703	0.394548	0.520242	0.605679	0.653003	0.656482	0.622833	0.548981	0.452513	0.335802	0.204528	0.0832027	-0.0265414	-0.121547	-0.194814	-0.23407	-0.236312	-0.223063	-0.20252	-0.184322	-0.180201	-0.185565	-0.185565	
