-2.27325	-2.27325	-2.19425	-2.02196	-1.75516	-1.41071	-1.01692	-0.59437	-0.176921	0.212131	0.557657	0.842756	1.04363	1.16872	1.23897	1.24653	1.19159	1.09266	0.976779	0.847628	0.708429	0.553196	0.403793	0.285318	0.198387	0.133357	0.0786669	0.0287306	-0.0135184	-0.0409747	-0.0612497	-0.070589	-0.0569066	-0.0207176	0.0437491	0.123804	0.201784	0.278571	0.353994	0.425707	0.486717	0.532041	0.557528	0.568978	0.556999	0.502885	0.405741	0.269747	0.0916437	-0.127025	
-2.27325	-2.27325	-2.19425	-2.02196	-1.75516	-1.41071	-1.01692	-0.59437	-0.176921	0.212131	0.557657	0.842756	1.04363	1.16872	1.23897	1.24653	1.19159	1.09266	0.976779	0.847628	0.708429	0.553196	0.403793	0.285318	0.198387	0.133357	0.0786669	0.0287306	-0.0135184	-0.0409747	-0.0612497	-0.070589	-0.0569066	-0.0207176	0.0437491	0.123804	0.201784	0.278571	0.353994	0.425707	0.486717	0.532041	0.557528	0.568978	0.556999	0.502885	0.405741	0.269747	0.0916437	-0.127025	
-2.19425	-2.19425	-2.10195	-1.92343	-1.67029	-1.35344	-0.983876	-0.580532	-0.183028	0.180675	0.502851	0.77363	0.970226	1.09826	1.17629	1.19581	1.15236	1.06027	0.948638	0.826789	0.701484	0.560733	0.419664	0.300275	0.208476	0.139573	0.0839905	0.0345766	-0.00618032	-0.03103	-0.0462312	-0.050743	-0.0352769	-0.0011001	0.0613345	0.143607	0.228015	0.305961	0.368963	0.413597	0.445004	0.4726	0.495117	0.511442	0.50273	0.452476	0.366499	0.249682	0.0902967	-0.116394	
-2.02196	-2.02196	-1.92343	-1.74618	-1.51572	-1.23778	-0.915659	-0.558443	-0.206105	0.117584	0.40597	0.650975	0.831721	0.956255	1.04633	1.08859	1.06723	0.988195	0.883541	0.77699	0.678292	0.568864	0.445895	0.326439	0.223218	0.145249	0.0896084	0.0481192	0.0166263	-0.00041834	-0.0106995	-0.0120809	0.00276281	0.0346566	0.0953198	0.179878	0.26606	0.336127	0.371084	0.37293	0.362971	0.366162	0.385251	0.405546	0.401626	0.358392	0.289085	0.200321	0.0735901	-0.109634	
-1.75516	-1.75516	-1.67029	-1.51572	-1.31301	-1.07969	-0.81923	-0.536069	-0.247872	0.0270502	0.278908	0.491398	0.646875	0.762315	0.86132	0.926925	0.932189	0.875589	0.791677	0.710128	0.64704	0.575079	0.480095	0.367605	0.256433	0.167706	0.1113	0.0804763	0.0653283	0.0599372	0.0544041	0.0496884	0.0573006	0.0824539	0.139739	0.22183	0.301781	0.351194	0.352095	0.311662	0.263881	0.243522	0.251564	0.271877	0.272031	0.239339	0.188437	0.125756	0.0284716	-0.122908	
-1.41071	-1.41071	-1.35344	-1.23778	-1.07969	-0.899656	-0.712551	-0.509903	-0.29634	-0.0792408	0.126227	0.302979	0.437761	0.546001	0.646918	0.722018	0.748679	0.727584	0.684543	0.643886	0.614075	0.574552	0.507514	0.416352	0.314063	0.225054	0.166437	0.14035	0.135909	0.142144	0.141166	0.13249	0.128812	0.142685	0.189603	0.260775	0.322391	0.346055	0.314597	0.242948	0.167331	0.12041	0.109596	0.1203	0.129234	0.117875	0.0896289	0.0458888	-0.0292004	-0.15631	
-1.01692	-1.01692	-0.983876	-0.915659	-0.81923	-0.712551	-0.59901	-0.473231	-0.333629	-0.188197	-0.0411943	0.0982984	0.218443	0.322898	0.417183	0.487835	0.526331	0.54056	0.548852	0.554843	0.558888	0.542681	0.502994	0.444115	0.374782	0.307199	0.256896	0.23075	0.226356	0.232501	0.231035	0.217405	0.20452	0.206729	0.237659	0.284299	0.315918	0.306852	0.251245	0.162664	0.0693751	0.000161594	-0.0362168	-0.0362814	-0.0192966	-0.0061184	-0.00767919	-0.032055	-0.0958003	-0.205901	
-0.59437	-0.59437	-0.580532	-0.558443	-0.536069	-0.509903	-0.473231	-0.419848	-0.358691	-0.28983	-0.205432	-0.105009	-0.00292976	0.0925755	0.179512	0.247057	0.293409	0.333181	0.378863	0.427463	0.463714	0.474487	0.461964	0.441491	0.416842	0.388817	0.359907	0.337402	0.32449	0.31826	0.305925	0.285472	0.268001	0.264089	0.277823	0.293651	0.285181	0.241549	0.163131	0.062735	-0.0395474	-0.124207	-0.173327	-0.181528	-0.157404	-0.125212	-0.105276	-0.114415	-0.166862	-0.269745	
-0.176921	-0.176921	-0.183028	-0.206105	-0.247872	-0.29634	-0.333629	-0.358691	-0.374789	-0.376627	-0.348012	-0.289389	-0.215475	-0.135536	-0.0528365	0.020676	0.0795308	0.133884	0.199127	0.271759	0.337326	0.378612	0.401644	0.421278	0.443619	0.458755	0.459892	0.447451	0.428765	0.407317	0.380636	0.351557	0.328276	0.315522	0.308415	0.289278	0.243274	0.167126	0.0688445	-0.0424745	-0.153125	-0.241058	-0.291314	-0.294845	-0.267013	-0.230069	-0.203782	-0.205159	-0.251968	-0.342989	
0.212131	0.212131	0.180675	0.117584	0.0270502	-0.0792408	-0.188197	-0.28983	-0.376627	-0.437572	-0.461806	-0.449788	-0.410096	-0.348253	-0.269275	-0.185321	-0.109705	-0.039414	0.0345176	0.118679	0.2022	0.274586	0.333457	0.39196	0.453243	0.508007	0.541014	0.54746	0.53282	0.505432	0.47257	0.438209	0.405925	0.373494	0.33242	0.273023	0.19002	0.0880314	-0.0277085	-0.150941	-0.264348	-0.348434	-0.384992	-0.379212	-0.34743	-0.310514	-0.284904	-0.286075	-0.32571	-0.405323	
0.557657	0.557657	0.502851	0.40597	0.278908	0.126227	-0.0411943	-0.205432	-0.348012	-0.461806	-0.540796	-0.580868	-0.578285	-0.53724	-0.464857	-0.374342	-0.281345	-0.194374	-0.109248	-0.0173167	0.0796382	0.173511	0.260528	0.345878	0.437219	0.525277	0.593936	0.628864	0.631464	0.610964	0.579352	0.541177	0.491344	0.425434	0.339546	0.234719	0.118318	-0.00630958	-0.134829	-0.259804	-0.365533	-0.43233	-0.452524	-0.435055	-0.400828	-0.367696	-0.347811	-0.350022	-0.382441	-0.443463	
0.842756	0.842756	0.77363	0.650975	0.491398	0.302979	0.0982984	-0.105009	-0.289389	-0.449788	-0.580868	-0.671711	-0.709832	-0.693208	-0.631209	-0.536654	-0.431272	-0.327163	-0.227054	-0.12269	-0.0185972	0.0851705	0.18375	0.282778	0.387451	0.496462	0.593729	0.662561	0.696299	0.694735	0.669521	0.621154	0.545492	0.443124	0.318655	0.183361	0.0447206	-0.0961814	-0.235005	-0.359271	-0.447367	-0.491298	-0.491281	-0.467778	-0.437599	-0.411215	-0.397255	-0.40245	-0.428246	-0.474519	
1.04363	1.04363	0.970226	0.831721	0.646875	0.437761	0.218443	-0.00292976	-0.215475	-0.410096	-0.578285	-0.709832	-0.785636	-0.797498	-0.74987	-0.658073	-0.544512	-0.425466	-0.309742	-0.197938	-0.0953121	0.00614674	0.10859	0.209152	0.312348	0.420113	0.530008	0.627686	0.698177	0.724419	0.705966	0.64411	0.541817	0.413898	0.27539	0.135104	-0.00500014	-0.151755	-0.296776	-0.417097	-0.492123	-0.521129	-0.513421	-0.491262	-0.468833	-0.453948	-0.449312	-0.45617	-0.475646	-0.511119	
1.16872	1.16872	1.09826	0.956255	0.762315	0.546001	0.322898	0.0925755	-0.135536	-0.348253	-0.53724	-0.693208	-0.797498	-0.836985	-0.813737	-0.73432	-0.619254	-0.490461	-0.367581	-0.255357	-0.157926	-0.0589366	0.0419564	0.138539	0.228911	0.324314	0.429868	0.538685	0.632027	0.677611	0.667061	0.598882	0.48547	0.353774	0.221349	0.0943833	-0.0331823	-0.169966	-0.306479	-0.4195	-0.489234	-0.520098	-0.520039	-0.50994	-0.500855	-0.493869	-0.490649	-0.496573	-0.51692	-0.553592	
1.23897	1.23897	1.17629	1.04633	0.86132	0.646918	0.417183	0.179512	-0.0528365	-0.269275	-0.464857	-0.631209	-0.74987	-0.813737	-0.819298	-0.761973	-0.657973	-0.535346	-0.41544	-0.299465	-0.196001	-0.096859	-0.00188339	0.0835037	0.163589	0.246248	0.337032	0.43071	0.515823	0.56159	0.556099	0.495319	0.39303	0.276936	0.164675	0.0567219	-0.0500085	-0.16321	-0.276037	-0.372685	-0.441687	-0.488232	-0.506859	-0.511686	-0.511266	-0.511979	-0.513649	-0.521287	-0.54185	-0.582171	
1.24653	1.24653	1.19581	1.08859	0.926925	0.722018	0.487835	0.247057	0.020676	-0.185321	-0.374342	-0.536654	-0.658073	-0.73432	-0.761973	-0.731484	-0.655968	-0.55694	-0.442225	-0.313834	-0.197941	-0.0992444	-0.0158246	0.0577366	0.125689	0.193216	0.256961	0.315219	0.369356	0.397569	0.39168	0.346326	0.271495	0.189841	0.109284	0.0291067	-0.0511951	-0.135161	-0.221281	-0.301925	-0.372249	-0.432204	-0.468599	-0.487242	-0.497356	-0.504955	-0.514083	-0.531481	-0.561102	-0.600697	
1.19159	1.19159	1.15236	1.06723	0.932189	0.748679	0.526331	0.293409	0.0795308	-0.109705	-0.281345	-0.431272	-0.544512	-0.619254	-0.657973	-0.655968	-0.617118	-0.541994	-0.430133	-0.293528	-0.173606	-0.0775192	-0.0004404	0.0587488	0.103716	0.14037	0.166899	0.182034	0.194724	0.191899	0.176425	0.147425	0.111567	0.0761524	0.0400474	-0.00308994	-0.0504992	-0.104815	-0.166253	-0.232537	-0.299891	-0.370936	-0.420791	-0.450299	-0.465834	-0.481573	-0.503943	-0.536856	-0.575162	-0.616354	
1.09266	1.09266	1.06027	0.988195	0.875589	0.727584	0.54056	0.333181	0.133884	-0.039414	-0.194374	-0.327163	-0.425466	-0.490461	-0.535346	-0.55694	-0.541994	-0.480734	-0.376059	-0.249427	-0.136585	-0.0414056	0.0325961	0.0732318	0.0836382	0.0805379	0.0660273	0.0363856	0.000984811	-0.0410351	-0.070809	-0.0812266	-0.0775461	-0.0681575	-0.062611	-0.0667053	-0.0771651	-0.09816	-0.135584	-0.183864	-0.241398	-0.308539	-0.362951	-0.397875	-0.416928	-0.436974	-0.471733	-0.525508	-0.586157	-0.637614	
0.976779	0.976779	0.948638	0.883541	0.791677	0.684543	0.548852	0.378863	0.199127	0.0345176	-0.109248	-0.227054	-0.309742	-0.367581	-0.41544	-0.442225	-0.430133	-0.376059	-0.289382	-0.181881	-0.0803328	0.00987283	0.074545	0.0950822	0.0718726	0.0272407	-0.0329763	-0.11229	-0.196412	-0.274775	-0.314706	-0.31024	-0.277092	-0.234753	-0.193787	-0.157926	-0.127552	-0.115305	-0.128666	-0.15861	-0.19626	-0.24908	-0.295251	-0.327656	-0.349518	-0.378998	-0.426858	-0.494214	-0.566867	-0.629204	
0.847628	0.847628	0.826789	0.77699	0.710128	0.643886	0.554843	0.427463	0.271759	0.118679	-0.0173167	-0.12269	-0.197938	-0.255357	-0.299465	-0.313834	-0.293528	-0.249427	-0.181881	-0.093251	-0.00794191	0.0637473	0.115397	0.120941	0.0703051	-0.0171987	-0.124889	-0.247329	-0.366388	-0.46609	-0.515254	-0.508239	-0.461403	-0.397547	-0.32508	-0.251602	-0.184874	-0.144826	-0.140129	-0.149273	-0.164023	-0.194876	-0.228488	-0.25924	-0.28765	-0.326747	-0.378896	-0.443008	-0.51141	-0.571086	
0.708429	0.708429	0.701484	0.678292	0.64704	0.614075	0.558888	0.463714	0.337326	0.2022	0.0796382	-0.0185972	-0.0953121	-0.157926	-0.196001	-0.197941	-0.173606	-0.136585	-0.0803328	-0.00794191	0.0524517	0.103647	0.143717	0.138831	0.0626075	-0.0593134	-0.200313	-0.348788	-0.485076	-0.597881	-0.660668	-0.663066	-0.616814	-0.540896	-0.448353	-0.348278	-0.256385	-0.195184	-0.168865	-0.157431	-0.153754	-0.171367	-0.198643	-0.226746	-0.25685	-0.294447	-0.335888	-0.380667	-0.430323	-0.477764	
0.553196	0.553196	0.560733	0.568864	0.575079	0.574552	0.542681	0.474487	0.378612	0.274586	0.173511	0.0851705	0.00614674	-0.0589366	-0.096859	-0.0992444	-0.0775192	-0.0414056	0.00987283	0.0637473	0.103647	0.137252	0.164044	0.141309	0.0507253	-0.0819506	-0.233386	-0.39209	-0.537735	-0.659169	-0.734579	-0.753057	-0.718217	-0.649721	-0.554116	-0.446566	-0.343867	-0.264863	-0.216808	-0.185138	-0.169829	-0.181867	-0.203179	-0.222315	-0.239101	-0.26263	-0.28642	-0.310172	-0.340201	-0.374054	
0.403793	0.403793	0.419664	0.445895	0.480095	0.507514	0.502994	0.461964	0.401644	0.333457	0.260528	0.18375	0.10859	0.0419564	-0.00188339	-0.0158246	-0.0004404	0.0325961	0.074545	0.115397	0.143717	0.164044	0.168656	0.134093	0.0485814	-0.0726478	-0.21919	-0.378858	-0.526605	-0.650955	-0.738237	-0.777099	-0.770529	-0.722655	-0.6424	-0.544611	-0.444982	-0.357733	-0.291275	-0.240212	-0.209663	-0.208378	-0.220388	-0.225248	-0.225617	-0.230079	-0.235776	-0.241262	-0.252158	-0.267271	
0.285318	0.285318	0.300275	0.326439	0.367605	0.416352	0.444115	0.441491	0.421278	0.39196	0.345878	0.282778	0.209152	0.138539	0.0835037	0.0577366	0.0587488	0.0732318	0.0950822	0.120941	0.138831	0.141309	0.134093	0.10555	0.040828	-0.0590224	-0.186058	-0.326776	-0.46203	-0.582062	-0.677717	-0.742861	-0.76756	-0.753726	-0.707085	-0.642124	-0.565252	-0.48363	-0.406416	-0.3328	-0.277064	-0.256179	-0.250375	-0.237429	-0.218456	-0.205068	-0.192743	-0.177795	-0.167469	-0.168928	
0.198387	0.198387	0.208476	0.223218	0.256433	0.314063	0.374782	0.416842	0.443619	0.453243	0.437219	0.387451	0.312348	0.228911	0.163589	0.125689	0.103716	0.0836382	0.0718726	0.0703051	0.0626075	0.0507253	0.0485814	0.040828	0.00157396	-0.0662161	-0.150882	-0.251847	-0.361077	-0.467975	-0.567425	-0.647669	-0.70272	-0.732327	-0.741749	-0.727326	-0.684966	-0.62167	-0.544008	-0.455148	-0.37831	-0.331656	-0.3029	-0.264993	-0.219681	-0.180379	-0.149176	-0.117882	-0.0903656	-0.0792866	
0.133357	0.133357	0.139573	0.145249	0.167706	0.225054	0.307199	0.388817	0.458755	0.508007	0.525277	0.496462	0.420113	0.324314	0.246248	0.193216	0.14037	0.0805379	0.0272407	-0.0171987	-0.0593134	-0.0819506	-0.0726478	-0.0590224	-0.0662161	-0.0847911	-0.112895	-0.163519	-0.238219	-0.326932	-0.42046	-0.50824	-0.589326	-0.669214	-0.737293	-0.772382	-0.768299	-0.731321	-0.667046	-0.580681	-0.492691	-0.421114	-0.357412	-0.283504	-0.207165	-0.1455	-0.0967403	-0.0480273	-0.00911054	0.00129387	
0.0786669	0.0786669	0.0839905	0.0896084	0.1113	0.166437	0.256896	0.359907	0.459892	0.541014	0.593936	0.593729	0.530008	0.429868	0.337032	0.256961	0.166899	0.0660273	-0.0329763	-0.124889	-0.200313	-0.233386	-0.21919	-0.186058	-0.150882	-0.112895	-0.080171	-0.0737614	-0.105755	-0.17073	-0.25535	-0.345754	-0.450546	-0.569914	-0.683033	-0.76259	-0.798569	-0.796579	-0.759481	-0.687829	-0.593522	-0.494652	-0.395205	-0.281452	-0.168691	-0.0807613	-0.0184742	0.0324768	0.0639728	0.0605888	
0.0287306	0.0287306	0.0345766	0.0481192	0.0804763	0.14035	0.23075	0.337402	0.447451	0.54746	0.628864	0.662561	0.627686	0.538685	0.43071	0.315219	0.182034	0.0363856	-0.11229	-0.247329	-0.348788	-0.39209	-0.378858	-0.326776	-0.251847	-0.163519	-0.0737614	-0.0075281	0.00825839	-0.0260134	-0.0921312	-0.177915	-0.293187	-0.433327	-0.580154	-0.701517	-0.777742	-0.810156	-0.801695	-0.74792	-0.655823	-0.543172	-0.412482	-0.260847	-0.115884	-0.00326377	0.0721074	0.115055	0.118248	0.0817244	
-0.0135184	-0.0135184	-0.00618032	0.0166263	0.0653283	0.135909	0.226356	0.32449	0.428765	0.53282	0.631464	0.696299	0.698177	0.632027	0.515823	0.369356	0.194724	0.000984811	-0.196412	-0.366388	-0.485076	-0.537735	-0.526605	-0.46203	-0.361077	-0.238219	-0.105755	0.00825839	0.0713509	0.0811215	0.0506066	-0.015702	-0.125258	-0.273423	-0.444628	-0.597327	-0.702893	-0.763159	-0.775382	-0.735851	-0.654755	-0.543648	-0.400363	-0.228683	-0.0617696	0.0699239	0.148193	0.173047	0.14645	0.0806348	
-0.0409747	-0.0409747	-0.03103	-0.00041834	0.0599372	0.142144	0.232501	0.31826	0.407317	0.505432	0.610964	0.694735	0.724419	0.677611	0.56159	0.397569	0.191899	-0.0410351	-0.274775	-0.46609	-0.597881	-0.659169	-0.650955	-0.582062	-0.467975	-0.326932	-0.17073	-0.0260134	0.0811215	0.142456	0.155613	0.117767	0.0216648	-0.12509	-0.302428	-0.467117	-0.590412	-0.666139	-0.685059	-0.654459	-0.58715	-0.485746	-0.346781	-0.183553	-0.0214685	0.109913	0.182876	0.191726	0.141849	0.0517708	
-0.0612497	-0.0612497	-0.0462312	-0.0106995	0.0544041	0.141166	0.231035	0.305925	0.380636	0.47257	0.579352	0.669521	0.705966	0.667061	0.556099	0.39168	0.176425	-0.070809	-0.314706	-0.515254	-0.660668	-0.734579	-0.738237	-0.677717	-0.567425	-0.42046	-0.25535	-0.0921312	0.0506066	0.155613	0.210229	0.202299	0.125676	-0.000995703	-0.159432	-0.316713	-0.445698	-0.524926	-0.544969	-0.522834	-0.468738	-0.383662	-0.267861	-0.12661	0.0177719	0.130983	0.186067	0.179262	0.113591	0.0117697	
-0.070589	-0.070589	-0.050743	-0.0120809	0.0496884	0.13249	0.217405	0.285472	0.351557	0.438209	0.541177	0.621154	0.64411	0.598882	0.495319	0.346326	0.147425	-0.0812266	-0.31024	-0.508239	-0.663066	-0.753057	-0.777099	-0.742861	-0.647669	-0.50824	-0.345754	-0.177915	-0.015702	0.117767	0.202299	0.219399	0.170414	0.0782823	-0.0437305	-0.177744	-0.288904	-0.35548	-0.375432	-0.361571	-0.318311	-0.255364	-0.165778	-0.0552901	0.0543618	0.13327	0.163467	0.140338	0.0718796	-0.0256247	
-0.0569066	-0.0569066	-0.0352769	0.00276281	0.0573006	0.128812	0.20452	0.268001	0.328276	0.405925	0.491344	0.545492	0.541817	0.48547	0.39303	0.271495	0.111567	-0.0775461	-0.277092	-0.461403	-0.616814	-0.718217	-0.770529	-0.76756	-0.70272	-0.589326	-0.450546	-0.293187	-0.125258	0.0216648	0.125676	0.170414	0.154967	0.102432	0.0176211	-0.0754573	-0.14822	-0.190992	-0.201891	-0.184626	-0.151635	-0.111787	-0.0513182	0.0206346	0.0816019	0.11858	0.123025	0.0935642	0.0364734	-0.0414123	
-0.0207176	-0.0207176	-0.0011001	0.0346566	0.0824539	0.142685	0.206729	0.264089	0.315522	0.373494	0.425434	0.443124	0.413898	0.353774	0.276936	0.189841	0.0761524	-0.0681575	-0.234753	-0.397547	-0.540896	-0.649721	-0.722655	-0.753726	-0.732327	-0.669214	-0.569914	-0.433327	-0.273423	-0.12509	-0.000995703	0.0782823	0.102432	0.0816439	0.0358526	-0.0101308	-0.038205	-0.0471745	-0.0329094	-0.00393011	0.0225532	0.04081	0.0676512	0.0885369	0.100462	0.101982	0.0868059	0.0587649	0.0211198	-0.0363652	
0.0437491	0.0437491	0.0613345	0.0953198	0.139739	0.189603	0.237659	0.277823	0.308415	0.33242	0.339546	0.318655	0.27539	0.221349	0.164675	0.109284	0.0400474	-0.062611	-0.193787	-0.32508	-0.448353	-0.554116	-0.6424	-0.707085	-0.741749	-0.737293	-0.683033	-0.580154	-0.444628	-0.302428	-0.159432	-0.0437305	0.0176211	0.0358526	0.0341679	0.035189	0.052698	0.0884261	0.13536	0.174019	0.191952	0.190392	0.17925	0.154855	0.12782	0.0997211	0.0717553	0.0473276	0.0199869	-0.0122913	
0.123804	0.123804	0.143607	0.179878	0.22183	0.260775	0.284299	0.293651	0.289278	0.273023	0.234719	0.183361	0.135104	0.0943833	0.0567219	0.0291067	-0.00308994	-0.0667053	-0.157926	-0.251602	-0.348278	-0.446566	-0.544611	-0.642124	-0.727326	-0.772382	-0.76259	-0.701517	-0.597327	-0.467117	-0.316713	-0.177744	-0.0754573	-0.0101308	0.035189	0.0822112	0.148695	0.229473	0.296868	0.337118	0.347265	0.323596	0.280906	0.227827	0.173681	0.120806	0.081434	0.051865	0.025193	0.0125652	
0.201784	0.201784	0.228015	0.26606	0.301781	0.322391	0.315918	0.285181	0.243274	0.19002	0.118318	0.0447206	-0.00500014	-0.0331823	-0.0500085	-0.0511951	-0.0504992	-0.0771651	-0.127552	-0.184874	-0.256385	-0.343867	-0.444982	-0.565252	-0.684966	-0.768299	-0.798569	-0.777742	-0.702893	-0.590412	-0.445698	-0.288904	-0.14822	-0.038205	0.052698	0.148695	0.262473	0.37168	0.445709	0.479744	0.472373	0.424927	0.361204	0.289967	0.21367	0.146507	0.0968734	0.0528212	0.0217341	0.0287762	
0.278571	0.278571	0.305961	0.336127	0.351194	0.346055	0.306852	0.241549	0.167126	0.0880314	-0.00630958	-0.0961814	-0.151755	-0.169966	-0.16321	-0.135161	-0.104815	-0.09816	-0.115305	-0.144826	-0.195184	-0.264863	-0.357733	-0.48363	-0.62167	-0.731321	-0.796579	-0.810156	-0.763159	-0.666139	-0.524926	-0.35548	-0.190992	-0.0471745	0.0884261	0.229473	0.37168	0.491847	0.563303	0.582218	0.54845	0.475802	0.394985	0.306768	0.216538	0.13994	0.0775999	0.024173	-0.000287017	0.0202779	
0.353994	0.353994	0.368963	0.371084	0.352095	0.314597	0.251245	0.163131	0.0688445	-0.0277085	-0.134829	-0.235005	-0.296776	-0.306479	-0.276037	-0.221281	-0.166253	-0.135584	-0.128666	-0.140129	-0.168865	-0.216808	-0.291275	-0.406416	-0.544008	-0.667046	-0.759481	-0.801695	-0.775382	-0.685059	-0.544969	-0.375432	-0.201891	-0.0329094	0.13536	0.296868	0.445709	0.563303	0.623042	0.619409	0.561073	0.473812	0.375218	0.273174	0.173876	0.0859044	0.00768733	-0.0491016	-0.0626714	-0.0243168	
0.425707	0.425707	0.413597	0.37293	0.311662	0.242948	0.162664	0.062735	-0.0424745	-0.150941	-0.259804	-0.359271	-0.417097	-0.4195	-0.372685	-0.301925	-0.232537	-0.183864	-0.15861	-0.149273	-0.157431	-0.185138	-0.240212	-0.3328	-0.455148	-0.580681	-0.687829	-0.74792	-0.735851	-0.654459	-0.522834	-0.361571	-0.184626	-0.00393011	0.174019	0.337118	0.479744	0.582218	0.619409	0.594128	0.52366	0.422071	0.309015	0.197603	0.0924942	-0.00974982	-0.0982312	-0.15299	-0.158709	-0.111313	
0.486717	0.486717	0.445004	0.362971	0.263881	0.167331	0.0693751	-0.0395474	-0.153125	-0.264348	-0.365533	-0.447367	-0.492123	-0.489234	-0.441687	-0.372249	-0.299891	-0.241398	-0.19626	-0.164023	-0.153754	-0.169829	-0.209663	-0.277064	-0.37831	-0.492691	-0.593522	-0.655823	-0.654755	-0.58715	-0.468738	-0.318311	-0.151635	0.0225532	0.191952	0.347265	0.472373	0.54845	0.561073	0.52366	0.442511	0.328223	0.19896	0.0831408	-0.0243751	-0.131062	-0.221488	-0.272726	-0.280888	-0.230546	
0.532041	0.532041	0.4726	0.366162	0.243522	0.12041	0.000161594	-0.124207	-0.241058	-0.348434	-0.43233	-0.491298	-0.521129	-0.520098	-0.488232	-0.432204	-0.370936	-0.308539	-0.24908	-0.194876	-0.171367	-0.181867	-0.208378	-0.256179	-0.331656	-0.421114	-0.494652	-0.543172	-0.543648	-0.485746	-0.383662	-0.255364	-0.111787	0.04081	0.190392	0.323596	0.424927	0.475802	0.473812	0.422071	0.328223	0.192665	0.0483533	-0.0736272	-0.181251	-0.281643	-0.36423	-0.410677	-0.413149	-0.363383	
0.557528	0.557528	0.495117	0.385251	0.251564	0.109596	-0.0362168	-0.173327	-0.291314	-0.384992	-0.452524	-0.491281	-0.513421	-0.520039	-0.506859	-0.468599	-0.420791	-0.362951	-0.295251	-0.228488	-0.198643	-0.203179	-0.220388	-0.250375	-0.3029	-0.357412	-0.395205	-0.412482	-0.400363	-0.346781	-0.267861	-0.165778	-0.0513182	0.0676512	0.17925	0.280906	0.361204	0.394985	0.375218	0.309015	0.19896	0.0483533	-0.1101	-0.24126	-0.348152	-0.440426	-0.510162	-0.542474	-0.531532	-0.478809	
0.568978	0.568978	0.511442	0.405546	0.271877	0.1203	-0.0362814	-0.181528	-0.294845	-0.379212	-0.435055	-0.467778	-0.491262	-0.50994	-0.511686	-0.487242	-0.450299	-0.397875	-0.327656	-0.25924	-0.226746	-0.222315	-0.225248	-0.237429	-0.264993	-0.283504	-0.281452	-0.260847	-0.228683	-0.183553	-0.12661	-0.0552901	0.0206346	0.0885369	0.154855	0.227827	0.289967	0.306768	0.273174	0.197603	0.0831408	-0.0736272	-0.24126	-0.383513	-0.496967	-0.586562	-0.645864	-0.660237	-0.627643	-0.566171	
0.556999	0.556999	0.50273	0.401626	0.272031	0.129234	-0.0192966	-0.157404	-0.267013	-0.34743	-0.400828	-0.437599	-0.468833	-0.500855	-0.511266	-0.497356	-0.465834	-0.416928	-0.349518	-0.28765	-0.25685	-0.239101	-0.225617	-0.218456	-0.219681	-0.207165	-0.168691	-0.115884	-0.0617696	-0.0214685	0.0177719	0.0543618	0.0816019	0.100462	0.12782	0.173681	0.21367	0.216538	0.173876	0.0924942	-0.0243751	-0.181251	-0.348152	-0.496967	-0.614122	-0.702774	-0.754694	-0.753685	-0.70921	-0.636422	
0.502885	0.502885	0.452476	0.358392	0.239339	0.117875	-0.0061184	-0.125212	-0.230069	-0.310514	-0.367696	-0.411215	-0.453948	-0.493869	-0.511979	-0.504955	-0.481573	-0.436974	-0.378998	-0.326747	-0.294447	-0.26263	-0.230079	-0.205068	-0.180379	-0.1455	-0.0807613	-0.00326377	0.0699239	0.109913	0.130983	0.13327	0.11858	0.101982	0.0997211	0.120806	0.146507	0.13994	0.0859044	-0.00974982	-0.131062	-0.281643	-0.440426	-0.586562	-0.702774	-0.791518	-0.838898	-0.830677	-0.775628	-0.691357	
0.405741	0.405741	0.366499	0.289085	0.188437	0.0896289	-0.00767919	-0.105276	-0.203782	-0.284904	-0.347811	-0.397255	-0.449312	-0.490649	-0.513649	-0.514083	-0.503943	-0.471733	-0.426858	-0.378896	-0.335888	-0.28642	-0.235776	-0.192743	-0.149176	-0.0967403	-0.0184742	0.0721074	0.148193	0.182876	0.186067	0.163467	0.123025	0.0868059	0.0717553	0.081434	0.0968734	0.0775999	0.00768733	-0.0982312	-0.221488	-0.36423	-0.510162	-0.645864	-0.754694	-0.838898	-0.884871	-0.874162	-0.809691	-0.709218	
0.269747	0.269747	0.249682	0.200321	0.125756	0.0458888	-0.032055	-0.114415	-0.205159	-0.286075	-0.350022	-0.40245	-0.45617	-0.496573	-0.521287	-0.531481	-0.536856	-0.525508	-0.494214	-0.443008	-0.380667	-0.310172	-0.241262	-0.177795	-0.117882	-0.0480273	0.0324768	0.115055	0.173047	0.191726	0.179262	0.140338	0.0935642	0.0587649	0.0473276	0.051865	0.0528212	0.024173	-0.0491016	-0.15299	-0.272726	-0.410677	-0.542474	-0.660237	-0.753685	-0.830677	-0.874162	-0.859552	-0.787148	-0.677925	
0.0916437	0.0916437	0.0902967	0.0735901	0.0284716	-0.0292004	-0.0958003	-0.166862	-0.251968	-0.32571	-0.382441	-0.428246	-0.475646	-0.51692	-0.54185	-0.561102	-0.575162	-0.586157	-0.566867	-0.51141	-0.430323	-0.340201	-0.252158	-0.167469	-0.0903656	-0.00911054	0.0639728	0.118248	0.14645	0.141849	0.113591	0.0718796	0.0364734	0.0211198	0.0199869	0.025193	0.0217341	-0.000287017	-0.0626714	-0.158709	-0.280888	-0.413149	-0.531532	-0.627643	-0.70921	-0.775628	-0.809691	-0.787148	-0.70848	-0.597664	
-0.127025	-0.127025	-0.116394	-0.109634	-0.122908	-0.15631	-0.205901	-0.269745	-0.342989	-0.405323	-0.443463	-0.474519	-0.511119	-0.553592	-0.582171	-0.600697	-0.616354	-0.637614	-0.629204	-0.571086	-0.477764	-0.374054	-0.267271	-0.168928	-0.0792866	0.00129387	0.0605888	0.0817244	0.0806348	0.0517708	0.0117697	-0.0256247	-0.0414123	-0.0363652	-0.0122913	0.0125652	0.0287762	0.0202779	-0.0243168	-0.111313	-0.230546	-0.363383	-0.478809	-0.566171	-0.636422	-0.691357	-0.709218	-0.677925	-0.597664	-0.500152	
