0.116233	-0.0454927	-0.225002	-0.395175	-0.540601	-0.643555	-0.681528	-0.647691	-0.540433	-0.364513	-0.152596	0.0579971	0.241558	0.397478	0.515105	0.585448	0.611261	0.600753	0.566338	0.522187	0.485333	0.454577	0.427212	0.396552	0.350073	0.277377	0.174124	0.0463777	-0.0947834	-0.233619	-0.354821	-0.438837	-0.478236	-0.485005	-0.474227	-0.457222	-0.430941	-0.392745	-0.351662	-0.320283	-0.299861	-0.280823	-0.271232	-0.272587	-0.267648	-0.244362	-0.204075	-0.168731	-0.152969	-0.152969	
-0.0454927	-0.225593	-0.411696	-0.577711	-0.702502	-0.763038	-0.746292	-0.658269	-0.499466	-0.282256	-0.0468259	0.172952	0.361666	0.511855	0.61514	0.661921	0.658361	0.612523	0.545238	0.483178	0.445901	0.434196	0.433504	0.427811	0.405426	0.353498	0.261224	0.136889	-0.00210284	-0.145296	-0.279919	-0.396499	-0.483912	-0.538916	-0.57154	-0.58212	-0.565858	-0.519884	-0.461283	-0.400994	-0.345486	-0.296157	-0.261281	-0.248453	-0.233211	-0.196053	-0.136383	-0.0843292	-0.0595474	-0.0595474	
-0.225002	-0.411696	-0.581305	-0.722101	-0.805735	-0.81176	-0.738185	-0.600091	-0.398793	-0.157265	0.087248	0.311438	0.497268	0.632021	0.714547	0.733031	0.696831	0.61456	0.516265	0.436621	0.396067	0.395097	0.414966	0.43416	0.437051	0.406395	0.332561	0.228028	0.0915398	-0.058463	-0.208333	-0.354514	-0.480592	-0.579387	-0.649058	-0.687748	-0.689624	-0.646651	-0.572026	-0.483745	-0.394639	-0.311008	-0.251485	-0.224783	-0.198862	-0.144773	-0.0652734	0.00157518	0.038304	0.038304	
-0.395175	-0.577711	-0.722101	-0.818249	-0.837686	-0.778442	-0.645793	-0.462071	-0.239227	0.00663432	0.249195	0.464407	0.63663	0.746563	0.796398	0.781878	0.711262	0.605351	0.485466	0.387299	0.341893	0.348562	0.382333	0.42134	0.443384	0.43453	0.390398	0.306057	0.181018	0.0320104	-0.135129	-0.305471	-0.461457	-0.598296	-0.705668	-0.776328	-0.796711	-0.754522	-0.666081	-0.552189	-0.432807	-0.324459	-0.25118	-0.212298	-0.173264	-0.104517	-0.00142341	0.0859626	0.132339	0.132339	
-0.540601	-0.702502	-0.805735	-0.837686	-0.784848	-0.653395	-0.468939	-0.257828	-0.0297079	0.202449	0.423871	0.612619	0.749949	0.828013	0.844611	0.796982	0.708439	0.583987	0.444853	0.340979	0.295096	0.304891	0.348888	0.399058	0.435308	0.445461	0.423499	0.362592	0.252966	0.108214	-0.058907	-0.238927	-0.414436	-0.576896	-0.717828	-0.822205	-0.868246	-0.836658	-0.742739	-0.613882	-0.477283	-0.352383	-0.263539	-0.210573	-0.154687	-0.0650898	0.0560559	0.157069	0.213906	0.213906	
-0.643555	-0.763038	-0.81176	-0.778442	-0.653395	-0.464964	-0.244868	-0.0197238	0.202851	0.416002	0.601765	0.741964	0.83931	0.881684	0.863533	0.795519	0.691215	0.554463	0.411248	0.307818	0.26184	0.269328	0.316013	0.375605	0.422751	0.44684	0.440578	0.392274	0.297757	0.160256	-0.00658638	-0.178211	-0.350202	-0.522043	-0.683198	-0.816298	-0.888769	-0.873477	-0.784244	-0.649811	-0.503159	-0.371485	-0.270628	-0.203953	-0.137201	-0.0372786	0.0869968	0.19235	0.250508	0.250508	
-0.681528	-0.746292	-0.738185	-0.645793	-0.468939	-0.244868	-0.0120663	0.212984	0.424355	0.610159	0.752451	0.848465	0.904088	0.909508	0.858701	0.769987	0.653994	0.516171	0.382543	0.283109	0.232935	0.238306	0.284334	0.346815	0.40962	0.452594	0.460428	0.419454	0.330189	0.199396	0.0449721	-0.116089	-0.282279	-0.449893	-0.618013	-0.771008	-0.861848	-0.860733	-0.782445	-0.653334	-0.511657	-0.379549	-0.275486	-0.200218	-0.121445	-0.0215334	0.0979791	0.200952	0.255633	0.255633	
-0.647691	-0.658269	-0.600091	-0.462071	-0.257828	-0.0197238	0.212984	0.426005	0.611387	0.758716	0.862032	0.924214	0.943411	0.916681	0.843179	0.735648	0.610504	0.476038	0.351382	0.256106	0.208801	0.209871	0.249598	0.320622	0.402785	0.461748	0.480551	0.449004	0.370467	0.249225	0.10742	-0.0436271	-0.205513	-0.374043	-0.550051	-0.707822	-0.806416	-0.818545	-0.75218	-0.633279	-0.503413	-0.378914	-0.269863	-0.187519	-0.103286	-0.00401135	0.103383	0.197239	0.248117	0.248117	
-0.540433	-0.499466	-0.398793	-0.239227	-0.0297079	0.202851	0.424355	0.611387	0.754233	0.860217	0.930497	0.961773	0.955071	0.913692	0.828911	0.709605	0.580728	0.452227	0.334192	0.241444	0.194145	0.19025	0.229091	0.306845	0.396319	0.466929	0.499642	0.475489	0.406596	0.303027	0.172851	0.0262306	-0.132963	-0.301445	-0.475541	-0.633703	-0.73859	-0.761559	-0.711981	-0.608322	-0.483957	-0.360271	-0.247259	-0.155314	-0.0675063	0.0237888	0.116568	0.198698	0.242927	0.242927	
-0.364513	-0.282256	-0.157265	0.00663432	0.202449	0.416002	0.610159	0.758716	0.860217	0.927465	0.963581	0.967772	0.944038	0.892829	0.801584	0.686345	0.56824	0.450029	0.340522	0.254556	0.205751	0.194054	0.226994	0.30014	0.390083	0.471755	0.517007	0.50137	0.444408	0.3521	0.233948	0.0962432	-0.0636026	-0.235611	-0.406965	-0.558116	-0.663517	-0.696857	-0.663816	-0.575446	-0.456699	-0.328672	-0.207898	-0.106909	-0.0162742	0.0669373	0.146697	0.215756	0.254768	0.254768	
-0.152596	-0.0468259	0.087248	0.249195	0.423871	0.601765	0.752451	0.862032	0.930497	0.963581	0.970917	0.960769	0.924125	0.858774	0.766687	0.659997	0.555136	0.449631	0.357324	0.282477	0.232922	0.218444	0.247744	0.311961	0.399534	0.489575	0.541729	0.541547	0.498015	0.410634	0.295169	0.154361	-0.00788713	-0.177466	-0.343159	-0.483652	-0.580622	-0.621361	-0.603824	-0.526732	-0.412084	-0.282231	-0.156542	-0.0515076	0.0378509	0.117262	0.190138	0.251363	0.288834	0.288834	
0.0579971	0.172952	0.311438	0.464407	0.612619	0.741964	0.848465	0.924214	0.961773	0.967772	0.960769	0.94002	0.892808	0.816372	0.724867	0.628016	0.528929	0.442574	0.370853	0.309936	0.270911	0.264416	0.289818	0.345936	0.430467	0.520783	0.587211	0.603253	0.563472	0.474355	0.351797	0.203309	0.0345811	-0.133428	-0.284411	-0.405028	-0.485553	-0.522755	-0.512501	-0.449359	-0.341853	-0.213636	-0.0935677	0.00693402	0.0920382	0.165877	0.234779	0.29531	0.330627	0.330627	
0.241558	0.361666	0.497268	0.63663	0.749949	0.83931	0.904088	0.943411	0.955071	0.944038	0.924125	0.892808	0.836777	0.757825	0.671379	0.580056	0.497111	0.431419	0.376082	0.334787	0.314216	0.316704	0.340344	0.392426	0.473998	0.564778	0.639189	0.666361	0.624385	0.527243	0.39392	0.235177	0.071874	-0.085547	-0.222235	-0.318622	-0.375771	-0.399374	-0.383788	-0.325848	-0.227097	-0.110893	-0.00806229	0.0773563	0.145228	0.207895	0.270661	0.321968	0.356146	0.356146	
0.397478	0.511855	0.632021	0.746563	0.828013	0.881684	0.909508	0.916681	0.913692	0.892829	0.858774	0.816372	0.757825	0.681459	0.600194	0.525613	0.463816	0.419627	0.382553	0.357986	0.348637	0.35294	0.381289	0.438311	0.516109	0.604925	0.682834	0.711691	0.669511	0.566724	0.418331	0.251885	0.0936056	-0.0494903	-0.161799	-0.226933	-0.254484	-0.252931	-0.219428	-0.161646	-0.0687819	0.0296828	0.106063	0.166921	0.204029	0.245482	0.292627	0.32887	0.358772	0.358772	
0.515105	0.61514	0.714547	0.796398	0.844611	0.863533	0.858701	0.843179	0.828911	0.801584	0.766687	0.724867	0.671379	0.600194	0.531403	0.482017	0.445715	0.421016	0.39412	0.3761	0.36933	0.380412	0.414047	0.469914	0.545377	0.636467	0.714449	0.740356	0.693662	0.575984	0.414247	0.242919	0.0904941	-0.0329691	-0.115704	-0.147847	-0.139621	-0.101532	-0.0437651	0.0187686	0.0988756	0.174895	0.225536	0.261425	0.278629	0.298624	0.324989	0.347568	0.365018	0.365018	
0.585448	0.661921	0.733031	0.781878	0.796982	0.795519	0.769987	0.735648	0.709605	0.686345	0.659997	0.628016	0.580056	0.525613	0.482017	0.460116	0.448996	0.438361	0.417394	0.395285	0.38805	0.400134	0.436824	0.492559	0.565055	0.647001	0.712688	0.734206	0.685749	0.561008	0.38917	0.213133	0.0644581	-0.0378335	-0.0911281	-0.0931187	-0.048261	0.0214186	0.104585	0.180526	0.248902	0.305808	0.337402	0.354507	0.358544	0.36513	0.379654	0.392804	0.404625	0.404625	
0.611261	0.658361	0.696831	0.711262	0.708439	0.691215	0.653994	0.610504	0.580728	0.56824	0.555136	0.528929	0.497111	0.463816	0.445715	0.448996	0.458075	0.453894	0.424116	0.393581	0.383643	0.40219	0.440994	0.493535	0.559592	0.62866	0.68658	0.70251	0.650388	0.5268	0.354754	0.180378	0.0379503	-0.0490384	-0.0768968	-0.05581	0.0148815	0.114106	0.215053	0.299451	0.360646	0.400339	0.424692	0.437832	0.439305	0.440405	0.442149	0.445117	0.449039	0.449039	
0.600753	0.612523	0.61456	0.605351	0.583987	0.554463	0.516171	0.476038	0.452227	0.450029	0.449631	0.442574	0.431419	0.419627	0.421016	0.438361	0.453894	0.437296	0.390421	0.34864	0.338426	0.36715	0.417406	0.474848	0.539212	0.601426	0.653555	0.667103	0.608903	0.484194	0.316462	0.144027	0.0109234	-0.061038	-0.0717844	-0.0296317	0.0561406	0.171081	0.288903	0.378131	0.4354	0.46683	0.485846	0.498728	0.498433	0.492138	0.480131	0.470942	0.467126	0.467126	
0.566338	0.545238	0.516265	0.485466	0.444853	0.411248	0.382543	0.351382	0.334192	0.340522	0.357324	0.370853	0.376082	0.382553	0.39412	0.417394	0.424116	0.390421	0.331292	0.279478	0.274176	0.3121	0.372404	0.441322	0.505743	0.569278	0.619827	0.625296	0.568846	0.444346	0.279751	0.110114	-0.0187348	-0.081482	-0.0842145	-0.0266034	0.072746	0.193519	0.316536	0.408477	0.459654	0.486914	0.506036	0.520406	0.521525	0.508048	0.485083	0.465147	0.454744	0.454744	
0.522187	0.483178	0.436621	0.387299	0.340979	0.307818	0.283109	0.256106	0.241444	0.254556	0.282477	0.309936	0.334787	0.357986	0.3761	0.395285	0.393581	0.34864	0.279478	0.22445	0.223359	0.269219	0.336785	0.406557	0.467441	0.530291	0.577876	0.576495	0.511435	0.380239	0.220282	0.0617766	-0.0604057	-0.12198	-0.118344	-0.0577129	0.0402174	0.165695	0.288314	0.380198	0.432179	0.462023	0.48298	0.497475	0.504699	0.485904	0.455452	0.434523	0.417018	0.417018	
0.485333	0.445901	0.396067	0.341893	0.295096	0.26184	0.232935	0.208801	0.194145	0.205751	0.232922	0.270911	0.314216	0.348637	0.36933	0.38805	0.383643	0.338426	0.274176	0.223359	0.222145	0.260694	0.322046	0.384873	0.439658	0.489687	0.521468	0.503589	0.427808	0.295168	0.137141	-0.00848806	-0.12808	-0.193482	-0.192556	-0.137788	-0.0387602	0.0844374	0.198885	0.293277	0.352235	0.386233	0.417863	0.439146	0.445392	0.43025	0.40024	0.374213	0.360368	0.360368	
0.454577	0.434196	0.395097	0.348562	0.304891	0.269328	0.238306	0.209871	0.19025	0.194054	0.218444	0.264416	0.316704	0.35294	0.380412	0.400134	0.40219	0.36715	0.3121	0.269219	0.260694	0.289779	0.339004	0.386198	0.427424	0.458704	0.468056	0.434779	0.340047	0.20287	0.049113	-0.0938941	-0.211816	-0.28517	-0.297687	-0.255722	-0.162302	-0.0478296	0.0606093	0.155036	0.223356	0.269404	0.309187	0.338095	0.346547	0.337299	0.313173	0.291158	0.281872	0.281872	
0.427212	0.433504	0.414966	0.382333	0.348888	0.316013	0.284334	0.249598	0.229091	0.226994	0.247744	0.289818	0.340344	0.381289	0.414047	0.436824	0.440994	0.417406	0.372404	0.336785	0.322046	0.339004	0.372162	0.405753	0.434567	0.449517	0.437936	0.386252	0.277176	0.13171	-0.0210474	-0.166844	-0.290001	-0.378541	-0.415076	-0.386398	-0.306936	-0.2074	-0.100869	-0.0118239	0.0623891	0.122637	0.165681	0.196325	0.209558	0.20556	0.187809	0.179562	0.173244	0.173244	
0.396552	0.427811	0.43416	0.42134	0.399058	0.375605	0.346815	0.320622	0.306845	0.30014	0.311961	0.345936	0.392426	0.438311	0.469914	0.492559	0.493535	0.474848	0.441322	0.406557	0.384873	0.386198	0.405753	0.434682	0.455874	0.460881	0.434017	0.365621	0.251541	0.102852	-0.0551288	-0.212554	-0.349522	-0.457047	-0.518843	-0.510251	-0.447023	-0.362828	-0.269076	-0.184345	-0.107656	-0.0423928	0.00165791	0.0331166	0.0470784	0.0468499	0.0412364	0.040939	0.0434394	0.0434394	
0.350073	0.405426	0.437051	0.443384	0.435308	0.422751	0.40962	0.402785	0.396319	0.390083	0.399534	0.430467	0.473998	0.516109	0.545377	0.565055	0.559592	0.539212	0.505743	0.467441	0.439658	0.427424	0.434567	0.455874	0.476071	0.478026	0.446935	0.375115	0.258003	0.107115	-0.060605	-0.230703	-0.387206	-0.518096	-0.59841	-0.613095	-0.575142	-0.506938	-0.428212	-0.351622	-0.271661	-0.204018	-0.160507	-0.125866	-0.109624	-0.103827	-0.0950735	-0.0874365	-0.0735447	-0.0735447	
0.277377	0.353498	0.406395	0.43453	0.445461	0.44684	0.452594	0.461748	0.466929	0.471755	0.489575	0.520783	0.564778	0.604925	0.636467	0.647001	0.62866	0.601426	0.569278	0.530291	0.489687	0.458704	0.449517	0.460881	0.478026	0.481799	0.454826	0.385473	0.269715	0.122838	-0.0542638	-0.239857	-0.414178	-0.561994	-0.66143	-0.697593	-0.681082	-0.634766	-0.568801	-0.495606	-0.410996	-0.341201	-0.289867	-0.246963	-0.223591	-0.20264	-0.182664	-0.162331	-0.138701	-0.138701	
0.174124	0.261224	0.332561	0.390398	0.423499	0.440578	0.460428	0.480551	0.499642	0.517007	0.541729	0.587211	0.639189	0.682834	0.714449	0.712688	0.68658	0.653555	0.619827	0.577876	0.521468	0.468056	0.437936	0.434017	0.446935	0.454826	0.429312	0.366183	0.259073	0.118921	-0.0599965	-0.253778	-0.437362	-0.594805	-0.702903	-0.754642	-0.757028	-0.729158	-0.66908	-0.58954	-0.495513	-0.413293	-0.351981	-0.298995	-0.26234	-0.231414	-0.202511	-0.169253	-0.140781	-0.140781	
0.0463777	0.136889	0.228028	0.306057	0.362592	0.392274	0.419454	0.449004	0.475489	0.50137	0.541547	0.603253	0.666361	0.711691	0.740356	0.734206	0.70251	0.667103	0.625296	0.576495	0.503589	0.434779	0.386252	0.365621	0.375115	0.385473	0.366183	0.310921	0.211682	0.0745603	-0.0949138	-0.282461	-0.462231	-0.614985	-0.71503	-0.769993	-0.782041	-0.758297	-0.699991	-0.60558	-0.499748	-0.402393	-0.327206	-0.266096	-0.216015	-0.184141	-0.155773	-0.121196	-0.0945848	-0.0945848	
-0.0947834	-0.00210284	0.0915398	0.181018	0.252966	0.297757	0.330189	0.370467	0.406596	0.444408	0.498015	0.563472	0.624385	0.669511	0.693662	0.685749	0.650388	0.608903	0.568846	0.511435	0.427808	0.340047	0.277176	0.251541	0.258003	0.269715	0.259073	0.211682	0.123709	-0.000822736	-0.154306	-0.325736	-0.487864	-0.615455	-0.699455	-0.742178	-0.747014	-0.717501	-0.647448	-0.529641	-0.403127	-0.295071	-0.210659	-0.150092	-0.105188	-0.0809683	-0.0626574	-0.036674	-0.0137104	-0.0137104	
-0.233619	-0.145296	-0.058463	0.0320104	0.108214	0.160256	0.199396	0.249225	0.303027	0.3521	0.410634	0.474355	0.527243	0.566724	0.575984	0.561008	0.5268	0.484194	0.444346	0.380239	0.295168	0.20287	0.13171	0.102852	0.107115	0.122838	0.118921	0.0745603	-0.000822736	-0.110143	-0.238473	-0.376721	-0.508339	-0.604108	-0.663797	-0.680641	-0.665545	-0.618533	-0.52284	-0.381656	-0.23782	-0.11663	-0.0282704	0.0258155	0.0613655	0.0691089	0.0681036	0.0781189	0.0897577	0.0897577	
-0.354821	-0.279919	-0.208333	-0.135129	-0.058907	-0.00658638	0.0449721	0.10742	0.172851	0.233948	0.295169	0.351797	0.39392	0.418331	0.414247	0.38917	0.354754	0.316462	0.279751	0.220282	0.137141	0.049113	-0.0210474	-0.0551288	-0.060605	-0.0542638	-0.0599965	-0.0949138	-0.154306	-0.238473	-0.334748	-0.434384	-0.525791	-0.589731	-0.616221	-0.604016	-0.566555	-0.489224	-0.366854	-0.205184	-0.0378717	0.0951722	0.187512	0.236181	0.257944	0.247813	0.224248	0.219798	0.214798	0.214798	
-0.438837	-0.396499	-0.354514	-0.305471	-0.238927	-0.178211	-0.116089	-0.0436271	0.0262306	0.0962432	0.154361	0.203309	0.235177	0.251885	0.242919	0.213133	0.180378	0.144027	0.110114	0.0617766	-0.00848806	-0.0938941	-0.166844	-0.212554	-0.230703	-0.239857	-0.253778	-0.282461	-0.325736	-0.376721	-0.434384	-0.488468	-0.537413	-0.568805	-0.567174	-0.535172	-0.471542	-0.365114	-0.21826	-0.0304521	0.157574	0.302407	0.40202	0.446494	0.450194	0.428112	0.392589	0.367983	0.35702	0.35702	
-0.478236	-0.483912	-0.480592	-0.461457	-0.414436	-0.350202	-0.282279	-0.205513	-0.132963	-0.0636026	-0.00788713	0.0345811	0.071874	0.0936056	0.0904941	0.0644581	0.0379503	0.0109234	-0.0187348	-0.0604057	-0.12808	-0.211816	-0.290001	-0.349522	-0.387206	-0.414178	-0.437362	-0.462231	-0.487864	-0.508339	-0.525791	-0.537413	-0.54766	-0.549932	-0.52469	-0.473106	-0.382323	-0.250035	-0.0827863	0.120189	0.311867	0.470012	0.574926	0.617043	0.617169	0.582852	0.540095	0.500329	0.478442	0.478442	
-0.485005	-0.538916	-0.579387	-0.598296	-0.576896	-0.522043	-0.449893	-0.374043	-0.301445	-0.235611	-0.177466	-0.133428	-0.085547	-0.0494903	-0.0329691	-0.0378335	-0.0490384	-0.061038	-0.081482	-0.12198	-0.193482	-0.28517	-0.378541	-0.457047	-0.518096	-0.561994	-0.594805	-0.614985	-0.615455	-0.604108	-0.589731	-0.568805	-0.549932	-0.526836	-0.481367	-0.410373	-0.300316	-0.148257	0.0337144	0.236324	0.428663	0.587023	0.689111	0.723715	0.712466	0.670945	0.621705	0.577696	0.547124	0.547124	
-0.474227	-0.57154	-0.649058	-0.705668	-0.717828	-0.683198	-0.618013	-0.550051	-0.475541	-0.406965	-0.343159	-0.284411	-0.222235	-0.161799	-0.115704	-0.0911281	-0.0768968	-0.0717844	-0.0842145	-0.118344	-0.192556	-0.297687	-0.415076	-0.518843	-0.59841	-0.66143	-0.702903	-0.71503	-0.699455	-0.663797	-0.616221	-0.567174	-0.52469	-0.481367	-0.425518	-0.343716	-0.221339	-0.0582688	0.127621	0.320806	0.49738	0.639696	0.729591	0.749015	0.721017	0.671462	0.615507	0.562421	0.526565	0.526565	
-0.457222	-0.58212	-0.687748	-0.776328	-0.822205	-0.816298	-0.771008	-0.707822	-0.633703	-0.558116	-0.483652	-0.405028	-0.318622	-0.226933	-0.147847	-0.0931187	-0.05581	-0.0296317	-0.0266034	-0.0577129	-0.137788	-0.255722	-0.386398	-0.510251	-0.613095	-0.697593	-0.754642	-0.769993	-0.742178	-0.680641	-0.604016	-0.535172	-0.473106	-0.410373	-0.343716	-0.253495	-0.128433	0.0297106	0.200037	0.363522	0.506944	0.622221	0.686564	0.686278	0.642216	0.576178	0.511341	0.448546	0.404355	0.404355	
-0.430941	-0.565858	-0.689624	-0.796711	-0.868246	-0.888769	-0.861848	-0.806416	-0.73859	-0.663517	-0.580622	-0.485553	-0.375771	-0.254484	-0.139621	-0.048261	0.0148815	0.0561406	0.072746	0.0402174	-0.0387602	-0.162302	-0.306936	-0.447023	-0.575142	-0.681082	-0.757028	-0.782041	-0.747014	-0.665545	-0.566555	-0.471542	-0.382323	-0.300316	-0.221339	-0.128433	-0.0171508	0.114025	0.251177	0.368218	0.462393	0.533479	0.559583	0.531987	0.466006	0.38936	0.31931	0.250425	0.206472	0.206472	
-0.392745	-0.519884	-0.646651	-0.754522	-0.836658	-0.873477	-0.860733	-0.818545	-0.761559	-0.696857	-0.621361	-0.522755	-0.399374	-0.252931	-0.101532	0.0214186	0.114106	0.171081	0.193519	0.165695	0.0844374	-0.0478296	-0.2074	-0.362828	-0.506938	-0.634766	-0.729158	-0.758297	-0.717501	-0.618533	-0.489224	-0.365114	-0.250035	-0.148257	-0.0582688	0.0297106	0.114025	0.205955	0.286755	0.336985	0.367556	0.376215	0.355398	0.300043	0.217277	0.133765	0.0597821	-0.0103219	-0.0551443	-0.0551443	
-0.351662	-0.461283	-0.572026	-0.666081	-0.742739	-0.784244	-0.782445	-0.75218	-0.711981	-0.663816	-0.603824	-0.512501	-0.383788	-0.219428	-0.0437651	0.104585	0.215053	0.288903	0.316536	0.288314	0.198885	0.0606093	-0.100869	-0.269076	-0.428212	-0.568801	-0.66908	-0.699991	-0.647448	-0.52284	-0.366854	-0.21826	-0.0827863	0.0337144	0.127621	0.200037	0.251177	0.286755	0.298699	0.279611	0.239128	0.184561	0.11276	0.0257923	-0.0739167	-0.166975	-0.244921	-0.316463	-0.359798	-0.359798	
-0.320283	-0.400994	-0.483745	-0.552189	-0.613882	-0.649811	-0.653334	-0.633279	-0.608322	-0.575446	-0.526732	-0.449359	-0.325848	-0.161646	0.0187686	0.180526	0.299451	0.378131	0.408477	0.380198	0.293277	0.155036	-0.0118239	-0.184345	-0.351622	-0.495606	-0.58954	-0.60558	-0.529641	-0.381656	-0.205184	-0.0304521	0.120189	0.236324	0.320806	0.363522	0.368218	0.336985	0.279611	0.192725	0.0844064	-0.0291289	-0.147482	-0.262055	-0.374777	-0.471081	-0.553113	-0.62367	-0.664496	-0.664496	
-0.299861	-0.345486	-0.394639	-0.432807	-0.477283	-0.503159	-0.511657	-0.503413	-0.483957	-0.456699	-0.412084	-0.341853	-0.227097	-0.0687819	0.0988756	0.248902	0.360646	0.4354	0.459654	0.432179	0.352235	0.223356	0.0623891	-0.107656	-0.271661	-0.410996	-0.495513	-0.499748	-0.403127	-0.23782	-0.0378717	0.157574	0.311867	0.428663	0.49738	0.506944	0.462393	0.367556	0.239128	0.0844064	-0.0790485	-0.245346	-0.399093	-0.531226	-0.649312	-0.742937	-0.826886	-0.891465	-0.930303	-0.930303	
-0.280823	-0.296157	-0.311008	-0.324459	-0.352383	-0.371485	-0.379549	-0.378914	-0.360271	-0.328672	-0.282231	-0.213636	-0.110893	0.0296828	0.174895	0.305808	0.400339	0.46683	0.486914	0.462023	0.386233	0.269404	0.122637	-0.0423928	-0.204018	-0.341201	-0.413293	-0.402393	-0.295071	-0.11663	0.0951722	0.302407	0.470012	0.587023	0.639696	0.622221	0.533479	0.376215	0.184561	-0.0291289	-0.245346	-0.449824	-0.628674	-0.766543	-0.874298	-0.956465	-1.02849	-1.0804	-1.11317	-1.11317	
-0.271232	-0.261281	-0.251485	-0.25118	-0.263539	-0.270628	-0.275486	-0.269863	-0.247259	-0.207898	-0.156542	-0.0935677	-0.00806229	0.106063	0.225536	0.337402	0.424692	0.485846	0.506036	0.48298	0.417863	0.309187	0.165681	0.00165791	-0.160507	-0.289867	-0.351981	-0.327206	-0.210659	-0.0282704	0.187512	0.40202	0.574926	0.689111	0.729591	0.686564	0.559583	0.355398	0.11276	-0.147482	-0.399093	-0.628674	-0.816615	-0.947254	-1.03737	-1.09466	-1.14353	-1.17736	-1.19567	-1.19567	
-0.272587	-0.248453	-0.224783	-0.212298	-0.210573	-0.203953	-0.200218	-0.187519	-0.155314	-0.106909	-0.0515076	0.00693402	0.0773563	0.166921	0.261425	0.354507	0.437832	0.498728	0.520406	0.497475	0.439146	0.338095	0.196325	0.0331166	-0.125866	-0.246963	-0.298995	-0.266096	-0.150092	0.0258155	0.236181	0.446494	0.617043	0.723715	0.749015	0.686278	0.531987	0.300043	0.0257923	-0.262055	-0.531226	-0.766543	-0.947254	-1.05927	-1.124	-1.15768	-1.18173	-1.20029	-1.20652	-1.20652	
-0.267648	-0.233211	-0.198862	-0.173264	-0.154687	-0.137201	-0.121445	-0.103286	-0.0675063	-0.0162742	0.0378509	0.0920382	0.145228	0.204029	0.278629	0.358544	0.439305	0.498433	0.521525	0.504699	0.445392	0.346547	0.209558	0.0470784	-0.109624	-0.223591	-0.26234	-0.216015	-0.105188	0.0613655	0.257944	0.450194	0.617169	0.712466	0.721017	0.642216	0.466006	0.217277	-0.0739167	-0.374777	-0.649312	-0.874298	-1.03737	-1.124	-1.15639	-1.1669	-1.1632	-1.16239	-1.15889	-1.15889	
-0.244362	-0.196053	-0.144773	-0.104517	-0.0650898	-0.0372786	-0.0215334	-0.00401135	0.0237888	0.0669373	0.117262	0.165877	0.207895	0.245482	0.298624	0.36513	0.440405	0.492138	0.508048	0.485904	0.43025	0.337299	0.20556	0.0468499	-0.103827	-0.20264	-0.231414	-0.184141	-0.0809683	0.0691089	0.247813	0.428112	0.582852	0.670945	0.671462	0.576178	0.38936	0.133765	-0.166975	-0.471081	-0.742937	-0.956465	-1.09466	-1.15768	-1.1669	-1.14972	-1.12263	-1.10421	-1.08695	-1.08695	
-0.204075	-0.136383	-0.0652734	-0.00142341	0.0560559	0.0869968	0.0979791	0.103383	0.116568	0.146697	0.190138	0.234779	0.270661	0.292627	0.324989	0.379654	0.442149	0.480131	0.485083	0.455452	0.40024	0.313173	0.187809	0.0412364	-0.0950735	-0.182664	-0.202511	-0.155773	-0.0626574	0.0681036	0.224248	0.392589	0.540095	0.621705	0.615507	0.511341	0.31931	0.0597821	-0.244921	-0.553113	-0.826886	-1.02849	-1.14353	-1.18173	-1.1632	-1.12263	-1.07662	-1.04106	-1.01895	-1.01895	
-0.168731	-0.0843292	0.00157518	0.0859626	0.157069	0.19235	0.200952	0.197239	0.198698	0.215756	0.251363	0.29531	0.321968	0.32887	0.347568	0.392804	0.445117	0.470942	0.465147	0.434523	0.374213	0.291158	0.179562	0.040939	-0.0874365	-0.162331	-0.169253	-0.121196	-0.036674	0.0781189	0.219798	0.367983	0.500329	0.577696	0.562421	0.448546	0.250425	-0.0103219	-0.316463	-0.62367	-0.891465	-1.0804	-1.17736	-1.20029	-1.16239	-1.10421	-1.04106	-0.984341	-0.955964	-0.955964	
-0.152969	-0.0595474	0.038304	0.132339	0.213906	0.250508	0.255633	0.248117	0.242927	0.254768	0.288834	0.330627	0.356146	0.358772	0.365018	0.404625	0.449039	0.467126	0.454744	0.417018	0.360368	0.281872	0.173244	0.0434394	-0.0735447	-0.138701	-0.140781	-0.0945848	-0.0137104	0.0897577	0.214798	0.35702	0.478442	0.547124	0.526565	0.404355	0.206472	-0.0551443	-0.359798	-0.664496	-0.930303	-1.11317	-1.19567	-1.20652	-1.15889	-1.08695	-1.01895	-0.955964	-0.925375	-0.925375	
-0.152969	-0.0595474	0.038304	0.132339	0.213906	0.250508	0.255633	0.248117	0.242927	0.254768	0.288834	0.330627	0.356146	0.358772	0.365018	0.404625	0.449039	0.467126	0.454744	0.417018	0.360368	0.281872	0.173244	0.0434394	-0.0735447	-0.138701	-0.140781	-0.0945848	-0.0137104	0.0897577	0.214798	0.35702	0.478442	0.547124	0.526565	0.404355	0.206472	-0.0551443	-0.359798	-0.664496	-0.930303	-1.11317	-1.19567	-1.20652	-1.15889	-1.08695	-1.01895	-0.955964	-0.925375	-0.925375	
