0.355245	0.250961	0.139431	0.0318455	-0.0819616	-0.197068	-0.303551	-0.383881	-0.437365	-0.469441	-0.480309	-0.464007	-0.456021	-0.436434	-0.406553	-0.377185	-0.351133	-0.33506	-0.329724	-0.356598	-0.402984	-0.470743	-0.547388	-0.61089	-0.648871	-0.651489	-0.614664	-0.549304	-0.468205	-0.387768	-0.302544	-0.218888	-0.138154	-0.0612166	0.00733646	0.0584755	0.0929888	0.138002	0.196548	0.249194	0.287398	0.323423	0.363136	0.402967	0.440235	0.47656	0.503094	0.527876	0.543985	0.543985	
0.250961	0.177224	0.109285	0.0446807	-0.0366554	-0.125921	-0.21495	-0.285314	-0.331155	-0.355347	-0.355248	-0.335729	-0.318983	-0.309073	-0.2959	-0.283901	-0.267868	-0.257941	-0.257434	-0.279887	-0.321163	-0.381402	-0.451322	-0.515157	-0.556297	-0.572871	-0.56131	-0.522781	-0.476156	-0.418635	-0.349195	-0.276742	-0.207435	-0.139986	-0.075634	-0.0274504	0.00726121	0.0459755	0.0997315	0.156917	0.213591	0.272347	0.324229	0.374671	0.426359	0.477085	0.51736	0.554327	0.585231	0.585231	
0.139431	0.109285	0.089827	0.0622776	0.0113743	-0.0501913	-0.119829	-0.182347	-0.222028	-0.2427	-0.243648	-0.222546	-0.196627	-0.186057	-0.182599	-0.17613	-0.166894	-0.159957	-0.16113	-0.176456	-0.210286	-0.26137	-0.320224	-0.37618	-0.416848	-0.445041	-0.45539	-0.452701	-0.441244	-0.408628	-0.359762	-0.303995	-0.253006	-0.204106	-0.150985	-0.109597	-0.0777487	-0.0451463	-0.00547937	0.0460565	0.111571	0.187942	0.255147	0.313275	0.373523	0.430462	0.476262	0.520391	0.557847	0.557847	
0.0318455	0.0446807	0.0622776	0.0672907	0.0537993	0.0198798	-0.0303187	-0.0834658	-0.121717	-0.146955	-0.155319	-0.136025	-0.106585	-0.0938627	-0.0880056	-0.0848456	-0.0806454	-0.0714752	-0.0652074	-0.065363	-0.0817133	-0.113362	-0.155019	-0.201831	-0.244697	-0.286318	-0.32259	-0.349673	-0.365861	-0.352292	-0.321708	-0.289558	-0.262472	-0.236081	-0.203597	-0.175133	-0.149705	-0.127093	-0.101086	-0.063948	-0.00281169	0.079267	0.157945	0.222667	0.285758	0.344776	0.387237	0.427022	0.455968	0.455968	
-0.0819616	-0.0366554	0.0113743	0.0537993	0.0751825	0.0636501	0.0287511	-0.017939	-0.0567196	-0.0834403	-0.0966648	-0.0862936	-0.0666526	-0.0521434	-0.0392828	-0.0282064	-0.0137857	0.0101991	0.0362683	0.0549737	0.059736	0.0508758	0.0275417	-0.00881458	-0.0552607	-0.107632	-0.168408	-0.221176	-0.255865	-0.26427	-0.257359	-0.254149	-0.248773	-0.243256	-0.230818	-0.216212	-0.205069	-0.191512	-0.179592	-0.160473	-0.114273	-0.0410009	0.0412553	0.113351	0.179418	0.239779	0.279735	0.302245	0.314196	0.314196	
-0.197068	-0.125921	-0.0501913	0.0198798	0.0636501	0.0677964	0.048028	0.00813859	-0.0298874	-0.0581097	-0.0783003	-0.0861476	-0.0864016	-0.0697208	-0.0388449	-0.0063714	0.0325981	0.0866681	0.135778	0.175108	0.202121	0.21411	0.201873	0.173029	0.124703	0.0616395	-0.0146447	-0.0822809	-0.127554	-0.158533	-0.180969	-0.207732	-0.22565	-0.240413	-0.248439	-0.250559	-0.250187	-0.243125	-0.236922	-0.226001	-0.197298	-0.139466	-0.0633512	0.00825937	0.0751473	0.135022	0.172457	0.181425	0.176613	0.176613	
-0.303551	-0.21495	-0.119829	-0.0303187	0.0287511	0.048028	0.0338231	-0.0069036	-0.0478559	-0.0728274	-0.0997469	-0.12494	-0.140747	-0.126437	-0.0829696	-0.0281975	0.0426603	0.130944	0.208418	0.275223	0.323818	0.34748	0.342184	0.312647	0.268059	0.201676	0.122332	0.0574083	0.00575441	-0.0436934	-0.0955685	-0.149638	-0.191246	-0.231213	-0.263443	-0.284408	-0.294279	-0.289697	-0.280961	-0.264669	-0.239725	-0.192854	-0.12564	-0.0633897	-0.00371538	0.0496462	0.0837353	0.0909166	0.0793799	0.0793799	
-0.383881	-0.285314	-0.182347	-0.0834658	-0.017939	0.00813859	-0.0069036	-0.0506768	-0.0908687	-0.122652	-0.157703	-0.191667	-0.219598	-0.209014	-0.163301	-0.0924874	0.00462602	0.119413	0.226562	0.321269	0.39262	0.427817	0.428361	0.40535	0.366535	0.30795	0.242371	0.186338	0.13423	0.0691947	-0.00515995	-0.079994	-0.143464	-0.207401	-0.265259	-0.301945	-0.322434	-0.321611	-0.306638	-0.282271	-0.249541	-0.205933	-0.151241	-0.0980093	-0.0512155	-0.00415294	0.0381374	0.0543715	0.0540135	0.0540135	
-0.437365	-0.331155	-0.222028	-0.121717	-0.0567196	-0.0298874	-0.0478559	-0.0908687	-0.143427	-0.196549	-0.246438	-0.294034	-0.329799	-0.33022	-0.283442	-0.200101	-0.0847961	0.0482646	0.180102	0.297643	0.387465	0.438974	0.45406	0.440389	0.412567	0.372174	0.327611	0.287029	0.237178	0.169942	0.0862309	0.00558795	-0.0718721	-0.154123	-0.2302	-0.286026	-0.315667	-0.322712	-0.304893	-0.271426	-0.23147	-0.188419	-0.141915	-0.0988419	-0.0599698	-0.0110204	0.0418196	0.0787009	0.0905798	0.0905798	
-0.469441	-0.355347	-0.2427	-0.146955	-0.0834403	-0.0581097	-0.0728274	-0.122652	-0.196549	-0.277767	-0.350778	-0.419891	-0.472575	-0.483038	-0.439988	-0.352671	-0.229705	-0.0842453	0.0625999	0.195046	0.300376	0.374863	0.409312	0.409756	0.400325	0.387723	0.373007	0.351971	0.315127	0.2569	0.179698	0.0998302	0.0165548	-0.077173	-0.165178	-0.233799	-0.272163	-0.280581	-0.260239	-0.218205	-0.177008	-0.134552	-0.0921096	-0.0560287	-0.017495	0.0333068	0.0947582	0.139416	0.155306	0.155306	
-0.480309	-0.355248	-0.243648	-0.155319	-0.0966648	-0.0783003	-0.0997469	-0.157703	-0.246438	-0.350778	-0.458121	-0.562921	-0.640791	-0.661437	-0.623997	-0.537935	-0.409868	-0.259098	-0.110365	0.0218495	0.142548	0.241121	0.300374	0.328641	0.346571	0.365736	0.376945	0.372934	0.352744	0.314871	0.257361	0.190085	0.113574	0.0214722	-0.0678344	-0.138928	-0.183415	-0.192606	-0.168044	-0.12935	-0.0895624	-0.0496427	-0.0081677	0.0314519	0.0689524	0.121429	0.179504	0.215699	0.225662	0.225662	
-0.464007	-0.335729	-0.222546	-0.136025	-0.0862936	-0.0861476	-0.12494	-0.191667	-0.294034	-0.419891	-0.562921	-0.704973	-0.805031	-0.839183	-0.816306	-0.735343	-0.602331	-0.451132	-0.303613	-0.168234	-0.0352086	0.0780556	0.156928	0.212335	0.256333	0.300896	0.331024	0.343272	0.347294	0.335498	0.307853	0.265963	0.207115	0.137634	0.0678603	0.00728495	-0.0339771	-0.0496573	-0.0359432	-0.0109156	0.0149044	0.0498156	0.0935934	0.134994	0.172768	0.218022	0.259696	0.283368	0.283968	0.283968	
-0.456021	-0.318983	-0.196627	-0.106585	-0.0666526	-0.0864016	-0.140747	-0.219598	-0.329799	-0.472575	-0.640791	-0.805031	-0.926422	-0.983178	-0.977154	-0.905932	-0.782121	-0.639146	-0.493681	-0.350038	-0.207884	-0.0862136	0.0103114	0.0917978	0.157557	0.21961	0.265878	0.298885	0.330193	0.349799	0.35639	0.339727	0.309385	0.267655	0.226586	0.185108	0.141555	0.112421	0.0992293	0.100658	0.110865	0.138916	0.180609	0.222274	0.255415	0.284581	0.310421	0.323582	0.326629	0.326629	
-0.436434	-0.309073	-0.186057	-0.0938627	-0.0521434	-0.0697208	-0.126437	-0.209014	-0.33022	-0.483038	-0.661437	-0.839183	-0.983178	-1.06158	-1.07386	-1.02642	-0.92973	-0.802517	-0.656868	-0.506578	-0.359797	-0.234432	-0.122982	-0.0231535	0.0641586	0.143391	0.213301	0.273221	0.332258	0.383166	0.416947	0.42785	0.422619	0.414494	0.397715	0.369776	0.323439	0.267475	0.223608	0.196659	0.189978	0.205259	0.235128	0.265411	0.283239	0.288451	0.289219	0.297121	0.30303	0.30303	
-0.406553	-0.2959	-0.182599	-0.0880056	-0.0392828	-0.0388449	-0.0829696	-0.163301	-0.283442	-0.439988	-0.623997	-0.816306	-0.977154	-1.07386	-1.10772	-1.0924	-1.02374	-0.908548	-0.764869	-0.612328	-0.465817	-0.338233	-0.218481	-0.108563	-0.00601085	0.094347	0.186192	0.271228	0.356267	0.435105	0.495388	0.534358	0.559732	0.57417	0.57203	0.546153	0.489586	0.413818	0.339699	0.282673	0.249379	0.232047	0.228049	0.231792	0.221711	0.200037	0.181067	0.177296	0.185308	0.185308	
-0.377185	-0.283901	-0.17613	-0.0848456	-0.0282064	-0.0063714	-0.0281975	-0.0924874	-0.200101	-0.352671	-0.537935	-0.735343	-0.905932	-1.02642	-1.0924	-1.10489	-1.05132	-0.937552	-0.793763	-0.641687	-0.497726	-0.372177	-0.257019	-0.146988	-0.0312456	0.0841892	0.193259	0.297397	0.400459	0.500376	0.584266	0.651248	0.700885	0.72947	0.725063	0.689506	0.62557	0.536646	0.442062	0.354967	0.278547	0.211971	0.158812	0.116835	0.073704	0.0249659	-0.0152342	-0.0339169	-0.0390157	-0.0390157	
-0.351133	-0.267868	-0.166894	-0.0806454	-0.0137857	0.0325981	0.0426603	0.00462602	-0.0847961	-0.229705	-0.409868	-0.602331	-0.782121	-0.92973	-1.02374	-1.05132	-1.00202	-0.88892	-0.747183	-0.596163	-0.4587	-0.340776	-0.235496	-0.130324	-0.0114141	0.108199	0.226014	0.343495	0.458427	0.573659	0.675896	0.762496	0.826082	0.854236	0.839556	0.790842	0.719568	0.627273	0.517662	0.398377	0.273894	0.150503	0.0406869	-0.0543295	-0.139158	-0.216277	-0.276055	-0.319241	-0.343477	-0.343477	
-0.33506	-0.257941	-0.159957	-0.0714752	0.0101991	0.0866681	0.130944	0.119413	0.0482646	-0.0842453	-0.259098	-0.451132	-0.639146	-0.802517	-0.908548	-0.937552	-0.88892	-0.776233	-0.634373	-0.485991	-0.358366	-0.252726	-0.159432	-0.0660206	0.0361582	0.148795	0.270646	0.399927	0.528392	0.656712	0.77115	0.862774	0.926723	0.94551	0.921493	0.862938	0.782107	0.682801	0.553861	0.398196	0.228076	0.051451	-0.1131	-0.259966	-0.388474	-0.492419	-0.571111	-0.633826	-0.673379	-0.673379	
-0.329724	-0.257434	-0.16113	-0.0652074	0.0362683	0.135778	0.208418	0.226562	0.180102	0.0625999	-0.110365	-0.303613	-0.493681	-0.656868	-0.764869	-0.793763	-0.747183	-0.634373	-0.489352	-0.344654	-0.226853	-0.128343	-0.0477467	0.0248871	0.102831	0.203205	0.327885	0.470419	0.616817	0.754082	0.873772	0.955944	1.0031	1.01316	0.982787	0.916763	0.826532	0.70904	0.552682	0.36554	0.154816	-0.0644022	-0.27501	-0.47078	-0.636426	-0.770129	-0.869983	-0.943836	-0.990063	-0.990063	
-0.356598	-0.279887	-0.176456	-0.065363	0.0549737	0.175108	0.275223	0.321269	0.297643	0.195046	0.0218495	-0.168234	-0.350038	-0.506578	-0.612328	-0.641687	-0.596163	-0.485991	-0.344654	-0.204458	-0.0890239	0.00607362	0.0791344	0.1377	0.197465	0.283547	0.402566	0.547627	0.702283	0.849876	0.970573	1.04047	1.07549	1.07246	1.03367	0.95691	0.842542	0.699706	0.515205	0.302116	0.0680627	-0.179684	-0.422847	-0.648882	-0.840954	-0.999748	-1.11785	-1.19957	-1.24319	-1.24319	
-0.402984	-0.321163	-0.210286	-0.0817133	0.059736	0.202121	0.323818	0.39262	0.387465	0.300376	0.142548	-0.0352086	-0.207884	-0.359797	-0.465817	-0.497726	-0.4587	-0.358366	-0.226853	-0.0890239	0.0268509	0.118492	0.19375	0.257345	0.318544	0.399412	0.506198	0.638968	0.787841	0.93033	1.04488	1.10698	1.12989	1.11831	1.06885	0.97538	0.839821	0.673282	0.470935	0.241809	-0.00676722	-0.272019	-0.534168	-0.773243	-0.977778	-1.1474	-1.27554	-1.35946	-1.39794	-1.39794	
-0.470743	-0.381402	-0.26137	-0.113362	0.0508758	0.21411	0.34748	0.427817	0.438974	0.374863	0.241121	0.0780556	-0.0862136	-0.234432	-0.338233	-0.372177	-0.340776	-0.252726	-0.128343	0.00607362	0.118492	0.210259	0.298523	0.381487	0.459189	0.53975	0.632028	0.74227	0.866537	0.989607	1.09316	1.15206	1.1702	1.15534	1.09319	0.979724	0.824571	0.640019	0.429193	0.194851	-0.057558	-0.322171	-0.582515	-0.82122	-1.02437	-1.19418	-1.32554	-1.40794	-1.44669	-1.44669	
-0.547388	-0.451322	-0.320224	-0.155019	0.0275417	0.201873	0.342184	0.428361	0.45406	0.409312	0.300374	0.156928	0.0103114	-0.122982	-0.218481	-0.257019	-0.235496	-0.159432	-0.0477467	0.0791344	0.19375	0.298523	0.408613	0.512558	0.603185	0.684163	0.767552	0.854601	0.947284	1.04538	1.12976	1.18019	1.19593	1.17508	1.10232	0.974177	0.801891	0.608288	0.393303	0.16031	-0.0808183	-0.325667	-0.5662	-0.788336	-0.980738	-1.14268	-1.26294	-1.34306	-1.378	-1.378	
-0.61089	-0.515157	-0.37618	-0.201831	-0.00881458	0.173029	0.312647	0.40535	0.440389	0.409756	0.328641	0.212335	0.0917978	-0.0231535	-0.108563	-0.146988	-0.130324	-0.0660206	0.0248871	0.1377	0.257345	0.381487	0.512558	0.629458	0.730938	0.820743	0.905396	0.980136	1.04635	1.11405	1.16666	1.19819	1.19827	1.17015	1.09123	0.955723	0.781177	0.578543	0.362643	0.137589	-0.0792233	-0.289141	-0.492576	-0.682374	-0.854062	-0.998522	-1.10788	-1.17589	-1.20576	-1.20576	
-0.648871	-0.556297	-0.416848	-0.244697	-0.0552607	0.124703	0.268059	0.366535	0.412567	0.400325	0.346571	0.256333	0.157557	0.0641586	-0.00601085	-0.0312456	-0.0114141	0.0361582	0.102831	0.197465	0.318544	0.459189	0.603185	0.730938	0.842921	0.944317	1.03636	1.10625	1.15762	1.19594	1.21543	1.21587	1.189	1.13925	1.04807	0.912778	0.74167	0.540937	0.330968	0.128521	-0.05482	-0.223401	-0.380604	-0.524857	-0.659478	-0.782835	-0.876969	-0.931525	-0.952189	-0.952189	
-0.651489	-0.572871	-0.445041	-0.286318	-0.107632	0.0616395	0.201676	0.30795	0.372174	0.387723	0.365736	0.300896	0.21961	0.143391	0.094347	0.0841892	0.108199	0.148795	0.203205	0.283547	0.399412	0.53975	0.684163	0.820743	0.944317	1.05787	1.15759	1.22756	1.26621	1.28021	1.26663	1.23056	1.1682	1.08221	0.970555	0.835181	0.673994	0.489231	0.303311	0.136051	-0.00981883	-0.140802	-0.252771	-0.342165	-0.429068	-0.522535	-0.597771	-0.641948	-0.655433	-0.655433	
-0.614664	-0.56131	-0.45539	-0.32259	-0.168408	-0.0146447	0.122332	0.242371	0.327611	0.373007	0.376945	0.331024	0.265878	0.213301	0.186192	0.193259	0.226014	0.270646	0.327885	0.402566	0.506198	0.632028	0.767552	0.905396	1.03636	1.15759	1.25883	1.322	1.35041	1.34291	1.30151	1.2358	1.13444	1.01147	0.872633	0.729202	0.582778	0.425494	0.281027	0.158564	0.0505048	-0.0481108	-0.120159	-0.160922	-0.200169	-0.25394	-0.307182	-0.339686	-0.354273	-0.354273	
-0.549304	-0.522781	-0.452701	-0.349673	-0.221176	-0.0822809	0.0574083	0.186338	0.287029	0.351971	0.372934	0.343272	0.298885	0.273221	0.271228	0.297397	0.343495	0.399927	0.470419	0.547627	0.638968	0.74227	0.854601	0.980136	1.10625	1.22756	1.322	1.37635	1.39518	1.36942	1.30677	1.21076	1.08085	0.924186	0.759427	0.608357	0.473858	0.353458	0.25494	0.180584	0.113882	0.0513326	0.0120525	0.00610438	0.00386569	-0.0109785	-0.03091	-0.0524403	-0.0669995	-0.0669995	
-0.468205	-0.476156	-0.441244	-0.365861	-0.255865	-0.127554	0.00575441	0.13423	0.237178	0.315127	0.352744	0.347294	0.330193	0.332258	0.356267	0.400459	0.458427	0.528392	0.616817	0.702283	0.787841	0.866537	0.947284	1.04635	1.15762	1.26621	1.35041	1.39518	1.40169	1.35748	1.26786	1.14473	0.987485	0.810934	0.630452	0.478692	0.362507	0.271774	0.213424	0.181699	0.159319	0.139263	0.132608	0.147782	0.171615	0.193073	0.208805	0.212454	0.204026	0.204026	
-0.387768	-0.418635	-0.408628	-0.352292	-0.26427	-0.158533	-0.0436934	0.0691947	0.169942	0.2569	0.314871	0.335498	0.349799	0.383166	0.435105	0.500376	0.573659	0.656712	0.754082	0.849876	0.93033	0.989607	1.04538	1.11405	1.19594	1.28021	1.34291	1.36942	1.35748	1.29174	1.17847	1.03558	0.864632	0.6788	0.502799	0.363187	0.26344	0.195255	0.16069	0.159502	0.178899	0.200379	0.224524	0.260166	0.30026	0.348462	0.398109	0.429561	0.440683	0.440683	
-0.302544	-0.349195	-0.359762	-0.321708	-0.257359	-0.180969	-0.0955685	-0.00515995	0.0862309	0.179698	0.257361	0.307853	0.35639	0.416947	0.495388	0.584266	0.675896	0.77115	0.873772	0.970573	1.04488	1.09316	1.12976	1.16666	1.21543	1.26663	1.30151	1.30677	1.26786	1.17847	1.04834	0.892666	0.71685	0.539903	0.38285	0.266764	0.188426	0.135238	0.116501	0.133848	0.177782	0.230658	0.283531	0.338299	0.395542	0.459681	0.526753	0.582601	0.610744	0.610744	
-0.218888	-0.276742	-0.303995	-0.289558	-0.254149	-0.207732	-0.149638	-0.079994	0.00558795	0.0998302	0.190085	0.265963	0.339727	0.42785	0.534358	0.651248	0.762496	0.862774	0.955944	1.04047	1.10698	1.15206	1.18019	1.19819	1.21587	1.23056	1.2358	1.21076	1.14473	1.03558	0.892666	0.733145	0.561944	0.401728	0.268706	0.176751	0.117772	0.0847961	0.081761	0.109103	0.165275	0.23683	0.312738	0.387935	0.463197	0.537988	0.612204	0.673584	0.709682	0.709682	
-0.138154	-0.207435	-0.253006	-0.262472	-0.248773	-0.22565	-0.191246	-0.143464	-0.0718721	0.0165548	0.113574	0.207115	0.309385	0.422619	0.559732	0.700885	0.826082	0.926723	1.0031	1.07549	1.12989	1.1702	1.19593	1.19827	1.189	1.1682	1.13444	1.08085	0.987485	0.864632	0.71685	0.561944	0.409517	0.271039	0.165397	0.0923608	0.0526972	0.0419749	0.0521584	0.0847539	0.146867	0.231193	0.324264	0.416254	0.506781	0.592542	0.665103	0.716108	0.746134	0.746134	
-0.0612166	-0.139986	-0.204106	-0.236081	-0.243256	-0.240413	-0.231213	-0.207401	-0.154123	-0.077173	0.0214722	0.137634	0.267655	0.414494	0.57417	0.72947	0.854236	0.94551	1.01316	1.07246	1.11831	1.15534	1.17508	1.17015	1.13925	1.08221	1.01147	0.924186	0.810934	0.6788	0.539903	0.401728	0.271039	0.160811	0.0750427	0.0201834	-0.000807146	0.00375746	0.0246186	0.0620977	0.128706	0.223179	0.324606	0.420286	0.521754	0.616076	0.684976	0.727167	0.746418	0.746418	
0.00733646	-0.075634	-0.150985	-0.203597	-0.230818	-0.248439	-0.263443	-0.265259	-0.2302	-0.165178	-0.0678344	0.0678603	0.226586	0.397715	0.57203	0.725063	0.839556	0.921493	0.982787	1.03367	1.06885	1.09319	1.10232	1.09123	1.04807	0.970555	0.872633	0.759427	0.630452	0.502799	0.38285	0.268706	0.165397	0.0750427	0.0105655	-0.0281083	-0.0405075	-0.0247903	0.00335255	0.0504749	0.129083	0.229676	0.329223	0.420495	0.515627	0.602705	0.662592	0.691904	0.708153	0.708153	
0.0584755	-0.0274504	-0.109597	-0.175133	-0.216212	-0.250559	-0.284408	-0.301945	-0.286026	-0.233799	-0.138928	0.00728495	0.185108	0.369776	0.546153	0.689506	0.790842	0.862938	0.916763	0.95691	0.97538	0.979724	0.974177	0.955723	0.912778	0.835181	0.729202	0.608357	0.478692	0.363187	0.266764	0.176751	0.0923608	0.0201834	-0.0281083	-0.0598945	-0.0677079	-0.049783	-0.01167	0.0518999	0.139067	0.239694	0.332688	0.413688	0.495943	0.566291	0.608461	0.634842	0.6523	0.6523	
0.0929888	0.00726121	-0.0777487	-0.149705	-0.205069	-0.250187	-0.294279	-0.322434	-0.315667	-0.272163	-0.183415	-0.0339771	0.141555	0.323439	0.489586	0.62557	0.719568	0.782107	0.826532	0.842542	0.839821	0.824571	0.801891	0.781177	0.74167	0.673994	0.582778	0.473858	0.362507	0.26344	0.188426	0.117772	0.0526972	-0.000807146	-0.0405075	-0.0677079	-0.0785522	-0.0603049	-0.0118634	0.0602572	0.147869	0.239595	0.321254	0.3957	0.466266	0.520652	0.549201	0.573722	0.594884	0.594884	
0.138002	0.0459755	-0.0451463	-0.127093	-0.191512	-0.243125	-0.289697	-0.321611	-0.322712	-0.280581	-0.192606	-0.0496573	0.112421	0.267475	0.413818	0.536646	0.627273	0.682801	0.70904	0.699706	0.673282	0.640019	0.608288	0.578543	0.540937	0.489231	0.425494	0.353458	0.271774	0.195255	0.135238	0.0847961	0.0419749	0.00375746	-0.0247903	-0.049783	-0.0603049	-0.0409138	0.00618265	0.0753977	0.15233	0.228719	0.29902	0.368034	0.431241	0.475899	0.496199	0.513699	0.533599	0.533599	
0.196548	0.0997315	-0.00547937	-0.101086	-0.179592	-0.236922	-0.280961	-0.306638	-0.304893	-0.260239	-0.168044	-0.0359432	0.0992293	0.223608	0.339699	0.442062	0.517662	0.553861	0.552682	0.515205	0.470935	0.429193	0.393303	0.362643	0.330968	0.303311	0.281027	0.25494	0.213424	0.16069	0.116501	0.081761	0.0521584	0.0246186	0.00335255	-0.01167	-0.0118634	0.00618265	0.0464195	0.101667	0.159536	0.217965	0.272894	0.331628	0.387728	0.427493	0.441106	0.455462	0.468391	0.468391	
0.249194	0.156917	0.0460565	-0.063948	-0.160473	-0.226001	-0.264669	-0.282271	-0.271426	-0.218205	-0.12935	-0.0109156	0.100658	0.196659	0.282673	0.354967	0.398377	0.398196	0.36554	0.302116	0.241809	0.194851	0.16031	0.137589	0.128521	0.136051	0.158564	0.180584	0.181699	0.159502	0.133848	0.109103	0.0847539	0.0620977	0.0504749	0.0518999	0.0602572	0.0753977	0.101667	0.136462	0.174012	0.210444	0.247657	0.294048	0.336929	0.367456	0.377888	0.38865	0.401093	0.401093	
0.287398	0.213591	0.111571	-0.00281169	-0.114273	-0.197298	-0.239725	-0.249541	-0.23147	-0.177008	-0.0895624	0.0149044	0.110865	0.189978	0.249379	0.278547	0.273894	0.228076	0.154816	0.0680627	-0.00676722	-0.057558	-0.0808183	-0.0792233	-0.05482	-0.00981883	0.0505048	0.113882	0.159319	0.178899	0.177782	0.165275	0.146867	0.128706	0.129083	0.139067	0.147869	0.15233	0.159536	0.174012	0.185465	0.198175	0.217626	0.248514	0.279514	0.299956	0.312059	0.331583	0.350605	0.350605	
0.323423	0.272347	0.187942	0.079267	-0.0410009	-0.139466	-0.192854	-0.205933	-0.188419	-0.134552	-0.0496427	0.0498156	0.138916	0.205259	0.232047	0.211971	0.150503	0.051451	-0.0644022	-0.179684	-0.272019	-0.322171	-0.325667	-0.289141	-0.223401	-0.140802	-0.0481108	0.0513326	0.139263	0.200379	0.230658	0.23683	0.231193	0.223179	0.229676	0.239694	0.239595	0.228719	0.217965	0.210444	0.198175	0.187245	0.18876	0.204339	0.221953	0.236744	0.253244	0.284175	0.310129	0.310129	
0.363136	0.324229	0.255147	0.157945	0.0412553	-0.0633512	-0.12564	-0.151241	-0.141915	-0.0921096	-0.0081677	0.0935934	0.180609	0.235128	0.228049	0.158812	0.0406869	-0.1131	-0.27501	-0.422847	-0.534168	-0.582515	-0.5662	-0.492576	-0.380604	-0.252771	-0.120159	0.0120525	0.132608	0.224524	0.283531	0.312738	0.324264	0.324606	0.329223	0.332688	0.321254	0.29902	0.272894	0.247657	0.217626	0.18876	0.172758	0.170681	0.175121	0.184339	0.204403	0.233432	0.257285	0.257285	
0.402967	0.374671	0.313275	0.222667	0.113351	0.00825937	-0.0633897	-0.0980093	-0.0988419	-0.0560287	0.0314519	0.134994	0.222274	0.265411	0.231792	0.116835	-0.0543295	-0.259966	-0.47078	-0.648882	-0.773243	-0.82122	-0.788336	-0.682374	-0.524857	-0.342165	-0.160922	0.00610438	0.147782	0.260166	0.338299	0.387935	0.416254	0.420286	0.420495	0.413688	0.3957	0.368034	0.331628	0.294048	0.248514	0.204339	0.170681	0.146891	0.137716	0.138972	0.151935	0.167735	0.175952	0.175952	
0.440235	0.426359	0.373523	0.285758	0.179418	0.0751473	-0.00371538	-0.0512155	-0.0599698	-0.017495	0.0689524	0.172768	0.255415	0.283239	0.221711	0.073704	-0.139158	-0.388474	-0.636426	-0.840954	-0.977778	-1.02437	-0.980738	-0.854062	-0.659478	-0.429068	-0.200169	0.00386569	0.171615	0.30026	0.395542	0.463197	0.506781	0.521754	0.515627	0.495943	0.466266	0.431241	0.387728	0.336929	0.279514	0.221953	0.175121	0.137716	0.112728	0.10128	0.0983821	0.0906434	0.08091	0.08091	
0.47656	0.477085	0.430462	0.344776	0.239779	0.135022	0.0496462	-0.00415294	-0.0110204	0.0333068	0.121429	0.218022	0.284581	0.288451	0.200037	0.0249659	-0.216277	-0.492419	-0.770129	-0.999748	-1.1474	-1.19418	-1.14268	-0.998522	-0.782835	-0.522535	-0.25394	-0.0109785	0.193073	0.348462	0.459681	0.537988	0.592542	0.616076	0.602705	0.566291	0.520652	0.475899	0.427493	0.367456	0.299956	0.236744	0.184339	0.138972	0.10128	0.0728832	0.0533847	0.0281224	0.00533192	0.00533192	
0.503094	0.51736	0.476262	0.387237	0.279735	0.172457	0.0837353	0.0381374	0.0418196	0.0947582	0.179504	0.259696	0.310421	0.289219	0.181067	-0.0152342	-0.276055	-0.571111	-0.869983	-1.11785	-1.27554	-1.32554	-1.26294	-1.10788	-0.876969	-0.597771	-0.307182	-0.03091	0.208805	0.398109	0.526753	0.612204	0.665103	0.684976	0.662592	0.608461	0.549201	0.496199	0.441106	0.377888	0.312059	0.253244	0.204403	0.151935	0.0983821	0.0533847	0.0206948	-0.0146312	-0.0438645	-0.0438645	
0.527876	0.554327	0.520391	0.427022	0.302245	0.181425	0.0909166	0.0543715	0.0787009	0.139416	0.215699	0.283368	0.323582	0.297121	0.177296	-0.0339169	-0.319241	-0.633826	-0.943836	-1.19957	-1.35946	-1.40794	-1.34306	-1.17589	-0.931525	-0.641948	-0.339686	-0.0524403	0.212454	0.429561	0.582601	0.673584	0.716108	0.727167	0.691904	0.634842	0.573722	0.513699	0.455462	0.38865	0.331583	0.284175	0.233432	0.167735	0.0906434	0.0281224	-0.0146312	-0.0568625	-0.0906805	-0.0906805	
0.543985	0.585231	0.557847	0.455968	0.314196	0.176613	0.0793799	0.0540135	0.0905798	0.155306	0.225662	0.283968	0.326629	0.30303	0.185308	-0.0390157	-0.343477	-0.673379	-0.990063	-1.24319	-1.39794	-1.44669	-1.378	-1.20576	-0.952189	-0.655433	-0.354273	-0.0669995	0.204026	0.440683	0.610744	0.709682	0.746134	0.746418	0.708153	0.6523	0.594884	0.533599	0.468391	0.401093	0.350605	0.310129	0.257285	0.175952	0.08091	0.00533192	-0.0438645	-0.0906805	-0.128246	-0.128246	
0.543985	0.585231	0.557847	0.455968	0.314196	0.176613	0.0793799	0.0540135	0.0905798	0.155306	0.225662	0.283968	0.326629	0.30303	0.185308	-0.0390157	-0.343477	-0.673379	-0.990063	-1.24319	-1.39794	-1.44669	-1.378	-1.20576	-0.952189	-0.655433	-0.354273	-0.0669995	0.204026	0.440683	0.610744	0.709682	0.746134	0.746418	0.708153	0.6523	0.594884	0.533599	0.468391	0.401093	0.350605	0.310129	0.257285	0.175952	0.08091	0.00533192	-0.0438645	-0.0906805	-0.128246	-0.128246	
