-0.430804	-0.438633	-0.480374	-0.336744	0.790157	0.790157	
-0.438633	0.270729	0.692928	-0.00734045	-0.3456	-0.3456	
-0.480374	0.692928	0.41612	-0.158772	-0.224065	-0.224065	
-0.336744	-0.00734045	-0.158772	0.599279	0.53746	0.53746	
0.790157	-0.3456	-0.224065	0.53746	0.521966	0.521966	
0.790157	-0.3456	-0.224065	0.53746	0.521966	0.521966	
