-0.0163807	0.0576878	0.130257	0.21318	0.328223	0.454836	0.571402	0.678143	0.752697	0.780378	0.755419	0.688321	0.612727	0.532637	0.447163	0.362263	0.284936	0.227761	0.192623	0.179289	0.200179	0.246753	0.29669	0.33747	0.360961	0.370083	0.37868	0.385811	0.390658	0.379382	0.342271	0.292217	0.236913	0.20278	0.196816	0.208045	0.241937	0.284501	0.310705	0.312685	0.269658	0.181088	0.0726458	-0.0449062	-0.163613	-0.284456	-0.400697	-0.494803	-0.548188	-0.548188	
0.0576878	0.131169	0.205603	0.281281	0.369043	0.459973	0.542002	0.621359	0.677305	0.696523	0.677292	0.627577	0.571849	0.515537	0.450966	0.388824	0.336082	0.29927	0.27742	0.273092	0.297339	0.335192	0.377057	0.403665	0.407887	0.39549	0.380552	0.366556	0.355064	0.334225	0.287067	0.228683	0.169872	0.136092	0.140657	0.170303	0.223884	0.290055	0.347338	0.380501	0.363394	0.298737	0.20469	0.0955042	-0.0190889	-0.133255	-0.236523	-0.327484	-0.376983	-0.376983	
0.130257	0.205603	0.273146	0.337073	0.395796	0.457533	0.511181	0.561825	0.589522	0.593773	0.57757	0.545423	0.515733	0.485297	0.448329	0.414841	0.394016	0.377621	0.367816	0.368841	0.390549	0.421126	0.453258	0.468204	0.452398	0.417021	0.375244	0.335508	0.309785	0.284688	0.2385	0.181858	0.128188	0.0969223	0.101831	0.135853	0.195998	0.280065	0.364508	0.426249	0.442549	0.411377	0.34376	0.257587	0.166603	0.0707952	-0.0225476	-0.104894	-0.145796	-0.145796	
0.21318	0.281281	0.337073	0.381272	0.417058	0.44993	0.473768	0.492346	0.493139	0.48263	0.469371	0.453423	0.446065	0.440189	0.430674	0.431587	0.44494	0.455834	0.462001	0.467419	0.483379	0.499101	0.512361	0.510579	0.474231	0.421794	0.360087	0.300014	0.263446	0.230695	0.186972	0.138371	0.0945409	0.0703945	0.0781618	0.114524	0.178299	0.272213	0.373514	0.465158	0.519827	0.528113	0.501409	0.449227	0.38089	0.299375	0.225229	0.166059	0.131949	0.131949	
0.328223	0.369043	0.395796	0.417058	0.425039	0.429765	0.426345	0.410827	0.390731	0.361205	0.34368	0.342346	0.355709	0.376433	0.397416	0.431098	0.476686	0.514451	0.53475	0.547542	0.554569	0.553398	0.546926	0.522935	0.472442	0.407332	0.332213	0.258363	0.209801	0.17016	0.130819	0.0920557	0.0578376	0.0445021	0.0553387	0.0985809	0.17019	0.273768	0.400414	0.517097	0.605759	0.655833	0.665443	0.647987	0.611734	0.562351	0.514317	0.474403	0.451449	0.451449	
0.454836	0.459973	0.457533	0.44993	0.429765	0.401256	0.36687	0.32694	0.279291	0.227209	0.197724	0.203049	0.232793	0.282363	0.335533	0.401963	0.478936	0.538338	0.57504	0.592774	0.592921	0.574044	0.544638	0.497882	0.431354	0.358056	0.273228	0.192669	0.137598	0.0964271	0.0645695	0.0410868	0.0257351	0.027127	0.0489239	0.0974396	0.177875	0.295571	0.438253	0.57576	0.691124	0.777392	0.829779	0.851744	0.856218	0.845725	0.831047	0.827553	0.825095	0.825095	
0.571402	0.542002	0.511181	0.473768	0.426345	0.36687	0.307136	0.239471	0.163419	0.0835237	0.0312426	0.027867	0.0656637	0.13391	0.220438	0.325339	0.431426	0.523677	0.58492	0.609569	0.60428	0.56569	0.500735	0.425702	0.339004	0.251329	0.165839	0.087149	0.0334172	0.00270265	-0.00908285	-0.00555289	0.00854443	0.0297279	0.0633572	0.117776	0.206207	0.331836	0.482947	0.642074	0.786177	0.906337	0.99829	1.06557	1.11192	1.1384	1.16335	1.19045	1.20473	1.20473	
0.678143	0.621359	0.561825	0.492346	0.410827	0.32694	0.239471	0.1491	0.0481661	-0.0607356	-0.141998	-0.169086	-0.140393	-0.0597006	0.0547921	0.19248	0.334805	0.460337	0.546837	0.582223	0.570489	0.511556	0.415167	0.305177	0.19343	0.0913099	0.00545646	-0.0607885	-0.0961763	-0.101354	-0.0772747	-0.0360487	0.0114327	0.0608137	0.109095	0.173473	0.268783	0.39789	0.556578	0.721858	0.878882	1.03016	1.16353	1.2703	1.35197	1.4153	1.47341	1.52337	1.55287	1.55287	
0.752697	0.677305	0.589522	0.493139	0.390731	0.279291	0.163419	0.0481661	-0.0774982	-0.208432	-0.315896	-0.366869	-0.353865	-0.274898	-0.144934	0.0178284	0.190674	0.348347	0.457143	0.503199	0.492591	0.417475	0.294478	0.152838	0.0174737	-0.0962097	-0.173845	-0.217734	-0.227275	-0.196731	-0.134934	-0.0500652	0.040986	0.121449	0.189997	0.261494	0.356881	0.487574	0.642929	0.80925	0.979297	1.14629	1.30156	1.43586	1.54721	1.63805	1.71728	1.78801	1.83446	1.83446	
0.780378	0.696523	0.593773	0.48263	0.361205	0.227209	0.0835237	-0.0607356	-0.208432	-0.356433	-0.480082	-0.551927	-0.553453	-0.484898	-0.345599	-0.162727	0.0319568	0.209932	0.338931	0.398779	0.394423	0.314982	0.170069	0.00597704	-0.149461	-0.271211	-0.337675	-0.356689	-0.337253	-0.270574	-0.166377	-0.0411553	0.0906389	0.199135	0.281774	0.362636	0.460661	0.584	0.726711	0.881834	1.04255	1.21	1.37784	1.53445	1.66527	1.77707	1.88567	1.97255	2.02728	2.02728	
0.755419	0.677292	0.57757	0.469371	0.34368	0.197724	0.0312426	-0.141998	-0.315896	-0.480082	-0.615666	-0.703831	-0.720176	-0.654332	-0.50523	-0.306106	-0.0945209	0.102363	0.250694	0.327234	0.32769	0.240471	0.0816485	-0.10389	-0.278444	-0.410865	-0.473604	-0.476232	-0.42582	-0.321308	-0.176064	-0.0102346	0.151694	0.282478	0.37587	0.459798	0.548519	0.657564	0.780259	0.903617	1.03893	1.19419	1.36571	1.53423	1.68745	1.82704	1.95423	2.05874	2.12457	2.12457	
0.688321	0.627577	0.545423	0.453423	0.342346	0.203049	0.027867	-0.169086	-0.366869	-0.551927	-0.703831	-0.804227	-0.826644	-0.751431	-0.587311	-0.372437	-0.135065	0.0868477	0.253529	0.342071	0.337845	0.238913	0.0668314	-0.144672	-0.34784	-0.501437	-0.577526	-0.57269	-0.496285	-0.359884	-0.17811	0.0202002	0.205626	0.351256	0.447967	0.526083	0.600586	0.685257	0.773164	0.862107	0.972232	1.10598	1.26608	1.439	1.6054	1.76035	1.90291	2.02157	2.09322	2.09322	
0.612727	0.571849	0.515733	0.446065	0.355709	0.232793	0.0656637	-0.140393	-0.353865	-0.553453	-0.720176	-0.826644	-0.839779	-0.754535	-0.579299	-0.336207	-0.0680103	0.180995	0.367215	0.456709	0.447396	0.336707	0.139568	-0.100539	-0.339084	-0.523263	-0.617125	-0.616858	-0.531503	-0.376581	-0.176396	0.0387342	0.237151	0.384502	0.478038	0.542139	0.595382	0.647932	0.701078	0.756854	0.828109	0.937793	1.08241	1.24722	1.41449	1.57363	1.72661	1.85057	1.92411	1.92411	
0.532637	0.515537	0.485297	0.440189	0.376433	0.282363	0.13391	-0.0597006	-0.274898	-0.484898	-0.654332	-0.751431	-0.754535	-0.654161	-0.460384	-0.187867	0.112899	0.382769	0.581586	0.681171	0.665188	0.535475	0.312229	0.0369985	-0.237142	-0.453384	-0.579234	-0.602488	-0.52217	-0.36884	-0.16113	0.0594849	0.250302	0.386525	0.462042	0.50104	0.524485	0.545287	0.560382	0.57334	0.604737	0.681207	0.803418	0.956314	1.1243	1.28645	1.43709	1.56023	1.62927	1.62927	
0.447163	0.450966	0.448329	0.430674	0.397416	0.335533	0.220438	0.0547921	-0.144934	-0.345599	-0.50523	-0.587311	-0.579299	-0.460384	-0.242477	0.0575226	0.38375	0.678532	0.902948	1.01688	0.993671	0.837933	0.583226	0.27027	-0.0445768	-0.302157	-0.471193	-0.526793	-0.464834	-0.321732	-0.123662	0.0813286	0.247348	0.35432	0.402053	0.409885	0.402185	0.382566	0.351092	0.325021	0.319787	0.36377	0.45817	0.592346	0.751553	0.906341	1.04983	1.16704	1.23192	1.23192	
0.362263	0.388824	0.414841	0.431587	0.431098	0.401963	0.325339	0.19248	0.0178284	-0.162727	-0.306106	-0.372437	-0.336207	-0.187867	0.0575226	0.380205	0.724521	1.04444	1.29269	1.4107	1.38096	1.21296	0.930217	0.584355	0.225231	-0.0870159	-0.306778	-0.406041	-0.378671	-0.255551	-0.0779975	0.101973	0.243168	0.319466	0.336265	0.306084	0.253933	0.18651	0.111804	0.0444602	-0.00380151	0.00780937	0.0720706	0.181699	0.320427	0.460488	0.598217	0.704456	0.763948	0.763948	
0.284936	0.336082	0.394016	0.44494	0.476686	0.478936	0.431426	0.334805	0.190674	0.0319568	-0.0945209	-0.135065	-0.0680103	0.112899	0.38375	0.724521	1.09425	1.43559	1.69071	1.81219	1.78313	1.60554	1.30134	0.919982	0.520958	0.163598	-0.106373	-0.25304	-0.267571	-0.180471	-0.0290448	0.127023	0.243054	0.29589	0.281692	0.215374	0.119011	0.00436536	-0.118967	-0.231364	-0.316156	-0.345903	-0.315816	-0.235296	-0.119747	0.00257763	0.117097	0.208023	0.256233	0.256233	
0.227761	0.29927	0.377621	0.455834	0.514451	0.538338	0.523677	0.460337	0.348347	0.209932	0.102363	0.0868477	0.180995	0.382769	0.678532	1.04444	1.43559	1.78727	2.04144	2.16895	2.14105	1.95115	1.6258	1.22051	0.797806	0.407313	0.098554	-0.089429	-0.146707	-0.0919521	0.0304898	0.158256	0.249139	0.276596	0.236732	0.146161	0.0182949	-0.135321	-0.300337	-0.456538	-0.577791	-0.644731	-0.651794	-0.603368	-0.51834	-0.421409	-0.334088	-0.268733	-0.233009	-0.233009	
0.192623	0.27742	0.367816	0.462001	0.53475	0.57504	0.58492	0.546837	0.457143	0.338931	0.250694	0.253529	0.367215	0.581586	0.902948	1.29269	1.69071	2.04144	2.29873	2.42243	2.38741	2.18951	1.85399	1.44609	1.01515	0.603902	0.272462	0.0586825	-0.0327163	-0.00384313	0.0885838	0.182987	0.251077	0.260994	0.207923	0.104736	-0.0446901	-0.227221	-0.416303	-0.600082	-0.751827	-0.847381	-0.88407	-0.8674	-0.82232	-0.759926	-0.696044	-0.65112	-0.625681	-0.625681	
0.179289	0.273092	0.368841	0.467419	0.547542	0.592774	0.609569	0.582223	0.503199	0.398779	0.327234	0.342071	0.456709	0.681171	1.01688	1.4107	1.81219	2.16895	2.42243	2.53982	2.49333	2.28997	1.96036	1.54967	1.11778	0.708028	0.374221	0.153614	0.0500224	0.0545275	0.121018	0.195793	0.248984	0.253506	0.197169	0.0911908	-0.0671484	-0.257052	-0.457405	-0.650395	-0.802028	-0.914887	-0.976909	-0.992405	-0.977406	-0.942263	-0.914798	-0.893367	-0.883477	-0.883477	
0.200179	0.297339	0.390549	0.483379	0.554569	0.592921	0.60428	0.570489	0.492591	0.394423	0.32769	0.337845	0.447396	0.665188	0.993671	1.38096	1.78313	2.14105	2.38741	2.49333	2.44236	2.24269	1.9127	1.50484	1.08382	0.689756	0.371331	0.163306	0.0630082	0.0642811	0.126713	0.196884	0.248596	0.257018	0.20802	0.111833	-0.0317347	-0.209088	-0.397219	-0.582695	-0.733971	-0.84668	-0.916274	-0.946945	-0.960742	-0.961177	-0.964085	-0.971203	-0.975052	-0.975052	
0.246753	0.335192	0.421126	0.499101	0.553398	0.574044	0.56569	0.511556	0.417475	0.314982	0.240471	0.238913	0.336707	0.535475	0.837933	1.21296	1.60554	1.95115	2.18951	2.28997	2.24269	2.04579	1.72198	1.33384	0.936364	0.566408	0.273998	0.0883012	0.00572193	0.024076	0.0965673	0.177782	0.244002	0.268807	0.246977	0.179114	0.0660211	-0.0835898	-0.245722	-0.40219	-0.534738	-0.634869	-0.703917	-0.751439	-0.791976	-0.824219	-0.855563	-0.885514	-0.903	-0.903	
0.29669	0.377057	0.453258	0.512361	0.546926	0.544638	0.500735	0.415167	0.294478	0.170069	0.0816485	0.0668314	0.139568	0.312229	0.583226	0.930217	1.30134	1.6258	1.85399	1.96036	1.9127	1.72198	1.4274	1.07008	0.704168	0.372994	0.114242	-0.0396547	-0.0885643	-0.0536595	0.0374637	0.145846	0.240558	0.304279	0.324233	0.295156	0.222368	0.113266	-0.0161225	-0.139257	-0.240232	-0.323151	-0.390249	-0.449372	-0.505547	-0.559472	-0.614838	-0.657719	-0.682655	-0.682655	
0.33747	0.403665	0.468204	0.510579	0.522935	0.497882	0.425702	0.305177	0.152838	0.00597704	-0.10389	-0.144672	-0.100539	0.0369985	0.27027	0.584355	0.919982	1.22051	1.44609	1.54967	1.50484	1.33384	1.07008	0.750497	0.424213	0.141127	-0.0686144	-0.182284	-0.198276	-0.137657	-0.0222444	0.119409	0.253336	0.357819	0.423148	0.440097	0.417701	0.357299	0.274846	0.187799	0.103868	0.0382814	-0.020418	-0.0825275	-0.148676	-0.219461	-0.286656	-0.339303	-0.3697	-0.3697	
0.360961	0.407887	0.452398	0.474231	0.472442	0.431354	0.339004	0.19343	0.0174737	-0.149461	-0.278444	-0.34784	-0.339084	-0.237142	-0.0445768	0.225231	0.520958	0.797806	1.01515	1.11778	1.08382	0.936364	0.704168	0.424213	0.149367	-0.0760479	-0.233158	-0.302728	-0.285145	-0.19862	-0.0586448	0.112805	0.27583	0.410691	0.518351	0.582984	0.615281	0.612401	0.577886	0.532434	0.481218	0.432749	0.376389	0.30656	0.226255	0.139013	0.0608783	0.00145698	-0.034974	-0.034974	
0.370083	0.39549	0.417021	0.421794	0.407332	0.358056	0.251329	0.0913099	-0.0962097	-0.271211	-0.410865	-0.501437	-0.523263	-0.453384	-0.302157	-0.0870159	0.163598	0.407313	0.603902	0.708028	0.689756	0.566408	0.372994	0.141127	-0.0760479	-0.242361	-0.348537	-0.376551	-0.327477	-0.222424	-0.0641872	0.126147	0.307699	0.47302	0.610083	0.710181	0.787294	0.83459	0.84952	0.848688	0.836821	0.805578	0.752023	0.671569	0.572831	0.468915	0.374362	0.312075	0.278927	0.278927	
0.37868	0.380552	0.375244	0.360087	0.332213	0.273228	0.165839	0.00545646	-0.173845	-0.337675	-0.473604	-0.577526	-0.617125	-0.579234	-0.471193	-0.306778	-0.106373	0.098554	0.272462	0.374221	0.371331	0.273998	0.114242	-0.0686144	-0.233158	-0.348537	-0.402066	-0.391706	-0.322332	-0.202856	-0.0396733	0.15389	0.348093	0.524551	0.673979	0.799787	0.911024	1.00153	1.06788	1.11048	1.12511	1.10951	1.0617	0.971149	0.852859	0.735565	0.632304	0.557439	0.518495	0.518495	
0.385811	0.366556	0.335508	0.300014	0.258363	0.192669	0.087149	-0.0607885	-0.217734	-0.356689	-0.476232	-0.57269	-0.616858	-0.602488	-0.526793	-0.406041	-0.25304	-0.089429	0.0586825	0.153614	0.163306	0.0883012	-0.0396547	-0.182284	-0.302728	-0.376551	-0.391706	-0.355169	-0.279497	-0.159194	-0.00234663	0.186552	0.379741	0.55051	0.70169	0.843641	0.978203	1.10106	1.20505	1.28233	1.32668	1.32342	1.27158	1.17283	1.0416	0.908937	0.796333	0.719209	0.682445	0.682445	
0.390658	0.355064	0.309785	0.263446	0.209801	0.137598	0.0334172	-0.0961763	-0.227275	-0.337253	-0.42582	-0.496285	-0.531503	-0.52217	-0.464834	-0.378671	-0.267571	-0.146707	-0.0327163	0.0500224	0.0630082	0.00572193	-0.0885643	-0.198276	-0.285145	-0.327477	-0.322332	-0.279497	-0.207795	-0.102299	0.040481	0.217534	0.396548	0.561476	0.711448	0.853758	0.989529	1.12692	1.25174	1.34508	1.40766	1.41393	1.35818	1.24866	1.11161	0.979614	0.872026	0.805603	0.774882	0.774882	
0.379382	0.334225	0.284688	0.230695	0.17016	0.0964271	0.00270265	-0.101354	-0.196731	-0.270574	-0.321308	-0.359884	-0.376581	-0.36884	-0.321732	-0.255551	-0.180471	-0.0919521	-0.00384313	0.0545275	0.0642811	0.024076	-0.0536595	-0.137657	-0.19862	-0.222424	-0.202856	-0.159194	-0.102299	-0.0156386	0.10319	0.247592	0.400964	0.550097	0.687023	0.815074	0.945731	1.08176	1.2084	1.31336	1.38059	1.38516	1.32616	1.21672	1.0786	0.951919	0.860499	0.799885	0.774177	0.774177	
0.342271	0.287067	0.2385	0.186972	0.130819	0.0645695	-0.00908285	-0.0772747	-0.134934	-0.166377	-0.176064	-0.17811	-0.176396	-0.16113	-0.123662	-0.0779975	-0.0290448	0.0304898	0.0885838	0.121018	0.126713	0.0965673	0.0374637	-0.0222444	-0.0586448	-0.0641872	-0.0396733	-0.00234663	0.040481	0.10319	0.183202	0.287856	0.409416	0.527094	0.63661	0.741606	0.854799	0.974521	1.08946	1.19803	1.26676	1.26498	1.20264	1.09001	0.954244	0.837294	0.754254	0.704231	0.687435	0.687435	
0.292217	0.228683	0.181858	0.138371	0.0920557	0.0410868	-0.00555289	-0.0360487	-0.0500652	-0.0411553	-0.0102346	0.0202002	0.0387342	0.0594849	0.0813286	0.101973	0.127023	0.158256	0.182987	0.195793	0.196884	0.177782	0.145846	0.119409	0.112805	0.126147	0.15389	0.186552	0.217534	0.247592	0.287856	0.35044	0.426443	0.504404	0.581907	0.659242	0.739799	0.830178	0.932104	1.02699	1.08359	1.08193	1.01297	0.890394	0.756851	0.648128	0.572148	0.528962	0.516636	0.516636	
0.236913	0.169872	0.128188	0.0945409	0.0578376	0.0257351	0.00854443	0.0114327	0.040986	0.0906389	0.151694	0.205626	0.237151	0.250302	0.247348	0.243168	0.243054	0.249139	0.251077	0.248984	0.248596	0.244002	0.240558	0.253336	0.27583	0.307699	0.348093	0.379741	0.396548	0.400964	0.409416	0.426443	0.454209	0.4967	0.545999	0.594605	0.640161	0.693651	0.767468	0.839726	0.878483	0.863722	0.777551	0.647661	0.515386	0.400686	0.325544	0.285849	0.26455	0.26455	
0.20278	0.136092	0.0969223	0.0703945	0.0445021	0.027127	0.0297279	0.0608137	0.121449	0.199135	0.282478	0.351256	0.384502	0.386525	0.35432	0.319466	0.29589	0.276596	0.260994	0.253506	0.257018	0.268807	0.304279	0.357819	0.410691	0.47302	0.524551	0.55051	0.561476	0.550097	0.527094	0.504404	0.4967	0.512631	0.53845	0.55618	0.567259	0.587699	0.62218	0.659669	0.671979	0.630762	0.523695	0.381187	0.244322	0.123045	0.0406652	-1.77652e-05	-0.0279488	-0.0279488	
0.196816	0.140657	0.101831	0.0781618	0.0553387	0.0489239	0.0633572	0.109095	0.189997	0.281774	0.37587	0.447967	0.478038	0.462042	0.402053	0.336265	0.281692	0.236732	0.207923	0.197169	0.20802	0.246977	0.324233	0.423148	0.518351	0.610083	0.673979	0.70169	0.711448	0.687023	0.63661	0.581907	0.545999	0.53845	0.538548	0.53547	0.519821	0.499355	0.492485	0.488997	0.464337	0.393047	0.265876	0.113579	-0.0300882	-0.148946	-0.234991	-0.290688	-0.31833	-0.31833	
0.208045	0.170303	0.135853	0.114524	0.0985809	0.0974396	0.117776	0.173473	0.261494	0.362636	0.459798	0.526083	0.542139	0.50104	0.409885	0.306084	0.215374	0.146161	0.104736	0.0911908	0.111833	0.179114	0.295156	0.440097	0.582984	0.710181	0.799787	0.843641	0.853758	0.815074	0.741606	0.659242	0.594605	0.55618	0.53547	0.513454	0.463823	0.403676	0.354768	0.31525	0.256135	0.157424	0.0233079	-0.129979	-0.275233	-0.392046	-0.477298	-0.540249	-0.574017	-0.574017	
0.241937	0.223884	0.195998	0.178299	0.17019	0.177875	0.206207	0.268783	0.356881	0.460661	0.548519	0.600586	0.595382	0.524485	0.402185	0.253933	0.119011	0.0182949	-0.0446901	-0.0671484	-0.0317347	0.0660211	0.222368	0.417701	0.615281	0.787294	0.911024	0.978203	0.989529	0.945731	0.854799	0.739799	0.640161	0.567259	0.519821	0.463823	0.379699	0.290537	0.206866	0.131277	0.0424099	-0.0677984	-0.205553	-0.349889	-0.474774	-0.582873	-0.66917	-0.737375	-0.769913	-0.769913	
0.284501	0.290055	0.280065	0.272213	0.273768	0.295571	0.331836	0.39789	0.487574	0.584	0.657564	0.685257	0.647932	0.545287	0.382566	0.18651	0.00436536	-0.135321	-0.227221	-0.257052	-0.209088	-0.0835898	0.113266	0.357299	0.612401	0.83459	1.00153	1.10106	1.12692	1.08176	0.974521	0.830178	0.693651	0.587699	0.499355	0.403676	0.290537	0.167019	0.0484588	-0.059311	-0.169778	-0.286438	-0.41929	-0.541882	-0.642454	-0.732686	-0.806795	-0.876871	-0.91566	-0.91566	
0.310705	0.347338	0.364508	0.373514	0.400414	0.438253	0.482947	0.556578	0.642929	0.726711	0.780259	0.773164	0.701078	0.560382	0.351092	0.111804	-0.118967	-0.300337	-0.416303	-0.457405	-0.397219	-0.245722	-0.0161225	0.274846	0.577886	0.84952	1.06788	1.20505	1.25174	1.2084	1.08946	0.932104	0.767468	0.62218	0.492485	0.354768	0.206866	0.0484588	-0.106293	-0.241478	-0.369915	-0.494227	-0.608663	-0.702966	-0.781728	-0.854896	-0.91775	-0.976112	-1.01534	-1.01534	
0.312685	0.380501	0.426249	0.465158	0.517097	0.57576	0.642074	0.721858	0.80925	0.881834	0.903617	0.862107	0.756854	0.57334	0.325021	0.0444602	-0.231364	-0.456538	-0.600082	-0.650395	-0.582695	-0.40219	-0.139257	0.187799	0.532434	0.848688	1.11048	1.28233	1.34508	1.31336	1.19803	1.02699	0.839726	0.659669	0.488997	0.31525	0.131277	-0.059311	-0.241478	-0.405756	-0.553023	-0.682954	-0.78071	-0.850295	-0.897238	-0.934922	-0.987108	-1.03633	-1.06908	-1.06908	
0.269658	0.363394	0.442549	0.519827	0.605759	0.691124	0.786177	0.878882	0.979297	1.04255	1.03893	0.972232	0.828109	0.604737	0.319787	-0.00380151	-0.316156	-0.577791	-0.751827	-0.802028	-0.733971	-0.534738	-0.240232	0.103868	0.481218	0.836821	1.12511	1.32668	1.40766	1.38059	1.26676	1.08359	0.878483	0.671979	0.464337	0.256135	0.0424099	-0.169778	-0.369915	-0.553023	-0.709184	-0.834208	-0.91055	-0.952235	-0.97143	-0.978622	-1.00898	-1.04496	-1.07133	-1.07133	
0.181088	0.298737	0.411377	0.528113	0.655833	0.777392	0.906337	1.03016	1.14629	1.21	1.19419	1.10598	0.937793	0.681207	0.36377	0.00780937	-0.345903	-0.644731	-0.847381	-0.914887	-0.84668	-0.634869	-0.323151	0.0382814	0.432749	0.805578	1.10951	1.32342	1.41393	1.38516	1.26498	1.08193	0.863722	0.630762	0.393047	0.157424	-0.0677984	-0.286438	-0.494227	-0.682954	-0.834208	-0.940821	-0.994077	-0.999944	-0.988033	-0.974973	-0.979089	-0.99394	-1.00529	-1.00529	
0.0726458	0.20469	0.34376	0.501409	0.665443	0.829779	0.99829	1.16353	1.30156	1.37784	1.36571	1.26608	1.08241	0.803418	0.45817	0.0720706	-0.315816	-0.651794	-0.88407	-0.976909	-0.916274	-0.703917	-0.390249	-0.020418	0.376389	0.752023	1.0617	1.27158	1.35818	1.32616	1.20264	1.01297	0.777551	0.523695	0.265876	0.0233079	-0.205553	-0.41929	-0.608663	-0.78071	-0.91055	-0.994077	-1.02117	-0.996265	-0.955473	-0.916471	-0.896387	-0.89259	-0.89969	-0.89969	
-0.0449062	0.0955042	0.257587	0.449227	0.647987	0.851744	1.06557	1.2703	1.43586	1.53445	1.53423	1.439	1.24722	0.956314	0.592346	0.181699	-0.235296	-0.603368	-0.8674	-0.992405	-0.946945	-0.751439	-0.449372	-0.0825275	0.30656	0.671569	0.971149	1.17283	1.24866	1.21672	1.09001	0.890394	0.647661	0.381187	0.113579	-0.129979	-0.349889	-0.541882	-0.702966	-0.850295	-0.952235	-0.999944	-0.996265	-0.949142	-0.88673	-0.829023	-0.794003	-0.771615	-0.764447	-0.764447	
-0.163613	-0.0190889	0.166603	0.38089	0.611734	0.856218	1.11192	1.35197	1.54721	1.66527	1.68745	1.6054	1.41449	1.1243	0.751553	0.320427	-0.119747	-0.51834	-0.82232	-0.977406	-0.960742	-0.791976	-0.505547	-0.148676	0.226255	0.572831	0.852859	1.0416	1.11161	1.0786	0.954244	0.756851	0.515386	0.244322	-0.0300882	-0.275233	-0.474774	-0.642454	-0.781728	-0.897238	-0.97143	-0.988033	-0.955473	-0.88673	-0.809978	-0.738371	-0.681419	-0.642242	-0.619088	-0.619088	
-0.284456	-0.133255	0.0707952	0.299375	0.562351	0.845725	1.1384	1.4153	1.63805	1.77707	1.82704	1.76035	1.57363	1.28645	0.906341	0.460488	0.00257763	-0.421409	-0.759926	-0.942263	-0.961177	-0.824219	-0.559472	-0.219461	0.139013	0.468915	0.735565	0.908937	0.979614	0.951919	0.837294	0.648128	0.400686	0.123045	-0.148946	-0.392046	-0.582873	-0.732686	-0.854896	-0.934922	-0.978622	-0.974973	-0.916471	-0.829023	-0.738371	-0.650538	-0.572609	-0.517773	-0.485097	-0.485097	
-0.400697	-0.236523	-0.0225476	0.225229	0.514317	0.831047	1.16335	1.47341	1.71728	1.88567	1.95423	1.90291	1.72661	1.43709	1.04983	0.598217	0.117097	-0.334088	-0.696044	-0.914798	-0.964085	-0.855563	-0.614838	-0.286656	0.0608783	0.374362	0.632304	0.796333	0.872026	0.860499	0.754254	0.572148	0.325544	0.0406652	-0.234991	-0.477298	-0.66917	-0.806795	-0.91775	-0.987108	-1.00898	-0.979089	-0.896387	-0.794003	-0.681419	-0.572609	-0.477909	-0.398119	-0.349203	-0.349203	
-0.494803	-0.327484	-0.104894	0.166059	0.474403	0.827553	1.19045	1.52337	1.78801	1.97255	2.05874	2.02157	1.85057	1.56023	1.16704	0.704456	0.208023	-0.268733	-0.65112	-0.893367	-0.971203	-0.885514	-0.657719	-0.339303	0.00145698	0.312075	0.557439	0.719209	0.805603	0.799885	0.704231	0.528962	0.285849	-1.77652e-05	-0.290688	-0.540249	-0.737375	-0.876871	-0.976112	-1.03633	-1.04496	-0.99394	-0.89259	-0.771615	-0.642242	-0.517773	-0.398119	-0.295158	-0.238776	-0.238776	
-0.548188	-0.376983	-0.145796	0.131949	0.451449	0.825095	1.20473	1.55287	1.83446	2.02728	2.12457	2.09322	1.92411	1.62927	1.23192	0.763948	0.256233	-0.233009	-0.625681	-0.883477	-0.975052	-0.903	-0.682655	-0.3697	-0.034974	0.278927	0.518495	0.682445	0.774882	0.774177	0.687435	0.516636	0.26455	-0.0279488	-0.31833	-0.574017	-0.769913	-0.91566	-1.01534	-1.06908	-1.07133	-1.00529	-0.89969	-0.764447	-0.619088	-0.485097	-0.349203	-0.238776	-0.172735	-0.172735	
-0.548188	-0.376983	-0.145796	0.131949	0.451449	0.825095	1.20473	1.55287	1.83446	2.02728	2.12457	2.09322	1.92411	1.62927	1.23192	0.763948	0.256233	-0.233009	-0.625681	-0.883477	-0.975052	-0.903	-0.682655	-0.3697	-0.034974	0.278927	0.518495	0.682445	0.774882	0.774177	0.687435	0.516636	0.26455	-0.0279488	-0.31833	-0.574017	-0.769913	-0.91566	-1.01534	-1.06908	-1.07133	-1.00529	-0.89969	-0.764447	-0.619088	-0.485097	-0.349203	-0.238776	-0.172735	-0.172735	
