0.400813	0.316576	0.175308	0.00316344	-0.172098	-0.334563	-0.472968	-0.571396	-0.618498	-0.625364	-0.598667	-0.526557	-0.435568	-0.33308	-0.223693	-0.119124	-0.0314777	0.0439607	0.116648	0.178177	0.232576	0.281453	0.31641	0.332131	0.320606	0.278348	0.211435	0.130805	0.0531499	-0.0149096	-0.0727864	-0.132683	-0.178349	-0.203256	-0.208342	-0.200158	-0.172544	-0.127807	-0.0860854	-0.0557437	-0.0336177	-0.00893464	1.04704e-05	-0.0156324	-0.0478981	-0.083446	-0.124028	-0.163017	-0.191346	-0.191346	
0.316576	0.239496	0.10831	-0.0482131	-0.209899	-0.349267	-0.467854	-0.552989	-0.594222	-0.594902	-0.567598	-0.503664	-0.420639	-0.317069	-0.206107	-0.098217	-0.00354657	0.0702121	0.142232	0.206773	0.27276	0.336781	0.395034	0.43233	0.44228	0.420407	0.375695	0.316284	0.247333	0.166235	0.0749924	-0.0205431	-0.105773	-0.17083	-0.220603	-0.250942	-0.250033	-0.217799	-0.178881	-0.146125	-0.116167	-0.0927706	-0.0874711	-0.0993909	-0.122445	-0.153656	-0.20124	-0.253559	-0.287091	-0.287091	
0.175308	0.10831	-0.0021524	-0.140623	-0.283883	-0.396204	-0.483442	-0.547659	-0.572937	-0.56131	-0.527065	-0.472964	-0.392932	-0.298564	-0.193372	-0.0855341	0.0104904	0.0821418	0.14622	0.209643	0.276483	0.348782	0.42095	0.480338	0.517759	0.527904	0.519016	0.491654	0.431943	0.341636	0.223613	0.098147	-0.0173207	-0.118654	-0.205924	-0.269755	-0.291875	-0.282398	-0.25737	-0.229369	-0.19871	-0.175215	-0.17297	-0.178658	-0.188336	-0.209306	-0.251561	-0.299701	-0.328648	-0.328648	
0.00316344	-0.0482131	-0.140623	-0.262048	-0.379131	-0.462444	-0.518379	-0.555402	-0.56301	-0.54366	-0.509065	-0.45403	-0.374044	-0.286992	-0.187411	-0.0823413	0.00752962	0.076716	0.134933	0.194669	0.256633	0.32809	0.40552	0.474911	0.535479	0.578239	0.607268	0.611807	0.567712	0.479118	0.350604	0.209253	0.0701537	-0.0644891	-0.182329	-0.272699	-0.316403	-0.326139	-0.319024	-0.293479	-0.260068	-0.234019	-0.224673	-0.223676	-0.220693	-0.225878	-0.246389	-0.270141	-0.283524	-0.283524	
-0.172098	-0.209899	-0.283883	-0.379131	-0.468582	-0.534097	-0.566438	-0.583122	-0.58243	-0.562354	-0.522955	-0.458029	-0.377671	-0.29112	-0.19659	-0.101992	-0.0190253	0.0491249	0.10368	0.154567	0.206053	0.269915	0.343878	0.42183	0.501112	0.577521	0.639423	0.667245	0.639397	0.558177	0.435478	0.291554	0.142489	-0.00993961	-0.148256	-0.254719	-0.319518	-0.350121	-0.353959	-0.330646	-0.291308	-0.255853	-0.231273	-0.216403	-0.200352	-0.18317	-0.171881	-0.160537	-0.155995	-0.155995	
-0.334563	-0.349267	-0.396204	-0.462444	-0.534097	-0.588753	-0.608529	-0.617141	-0.618422	-0.60477	-0.567878	-0.500375	-0.41752	-0.326415	-0.230149	-0.144045	-0.0712951	-0.00973918	0.036198	0.0715975	0.111857	0.171072	0.243467	0.329333	0.42707	0.529249	0.609495	0.654397	0.642032	0.575799	0.473192	0.341338	0.19943	0.046315	-0.0955762	-0.209266	-0.293194	-0.339671	-0.350841	-0.329274	-0.287654	-0.2444	-0.201399	-0.162978	-0.124292	-0.0753541	-0.0224875	0.0219779	0.0463344	0.0463344	
-0.472968	-0.467854	-0.483442	-0.518379	-0.566438	-0.608529	-0.628736	-0.646458	-0.659457	-0.658228	-0.633535	-0.573399	-0.493621	-0.397144	-0.302966	-0.225604	-0.162117	-0.108778	-0.074708	-0.0487563	-0.0157367	0.0386051	0.109326	0.2031	0.31505	0.429846	0.522595	0.579109	0.588758	0.546549	0.472119	0.366958	0.242039	0.102803	-0.0282014	-0.142105	-0.236307	-0.294088	-0.311825	-0.290317	-0.252065	-0.199476	-0.131378	-0.0609416	0.0166608	0.100543	0.186162	0.256946	0.294724	0.294724	
-0.571396	-0.552989	-0.547659	-0.555402	-0.583122	-0.617141	-0.646458	-0.673181	-0.696184	-0.71482	-0.716781	-0.676473	-0.605495	-0.514168	-0.419984	-0.343725	-0.285243	-0.240437	-0.214931	-0.191978	-0.162232	-0.112971	-0.0399338	0.0591189	0.179425	0.29327	0.38741	0.458312	0.48817	0.479548	0.439988	0.366107	0.267585	0.149731	0.0400491	-0.0594165	-0.151857	-0.213947	-0.235176	-0.219052	-0.180407	-0.115687	-0.0200672	0.0919552	0.210685	0.324481	0.425467	0.508453	0.556654	0.556654	
-0.618498	-0.594222	-0.572937	-0.56301	-0.58243	-0.618422	-0.659457	-0.696184	-0.737642	-0.788084	-0.819444	-0.803286	-0.7519	-0.668385	-0.572456	-0.484047	-0.417409	-0.372991	-0.342074	-0.317755	-0.292293	-0.251336	-0.180733	-0.0825033	0.0300369	0.131503	0.221348	0.297355	0.349791	0.374211	0.372118	0.338568	0.271291	0.187086	0.108324	0.0348676	-0.043474	-0.105563	-0.131638	-0.122479	-0.0806486	-0.000251481	0.121289	0.271384	0.425039	0.556998	0.662099	0.747308	0.806077	0.806077	
-0.625364	-0.594902	-0.56131	-0.54366	-0.562354	-0.60477	-0.658228	-0.71482	-0.788084	-0.867769	-0.916012	-0.921164	-0.887511	-0.817594	-0.719707	-0.623279	-0.544808	-0.484709	-0.435835	-0.403035	-0.380793	-0.349552	-0.292351	-0.209848	-0.116948	-0.0273933	0.059373	0.143245	0.212572	0.263412	0.289716	0.289636	0.25577	0.204401	0.161322	0.115171	0.0581577	0.00299018	-0.024103	-0.0153858	0.0325413	0.128009	0.267882	0.439709	0.614121	0.758088	0.862594	0.951641	1.01684	1.01684	
-0.598667	-0.567598	-0.527065	-0.509065	-0.522955	-0.567878	-0.633535	-0.716781	-0.819444	-0.916012	-0.976389	-0.997664	-0.978565	-0.920155	-0.830561	-0.734099	-0.643698	-0.56013	-0.492336	-0.451529	-0.428422	-0.403802	-0.364144	-0.303264	-0.225822	-0.142499	-0.0530319	0.037127	0.115126	0.178208	0.222843	0.247452	0.243227	0.2192	0.195638	0.164344	0.119167	0.0735473	0.0546979	0.0734539	0.132093	0.240952	0.388958	0.561847	0.742242	0.891611	0.998618	1.08922	1.15324	1.15324	
-0.526557	-0.503664	-0.472964	-0.45403	-0.458029	-0.500375	-0.573399	-0.676473	-0.803286	-0.921164	-0.997664	-1.02699	-1.01636	-0.966533	-0.892781	-0.802975	-0.697357	-0.590774	-0.504428	-0.451649	-0.419159	-0.402136	-0.385264	-0.346604	-0.287616	-0.20587	-0.111623	-0.0167133	0.0687667	0.134561	0.189049	0.23057	0.247886	0.239767	0.222023	0.194142	0.153524	0.121748	0.117238	0.14392	0.209144	0.315644	0.451065	0.60802	0.772476	0.921093	1.03193	1.1136	1.17046	1.17046	
-0.435568	-0.420639	-0.392932	-0.374044	-0.377671	-0.41752	-0.493621	-0.605495	-0.7519	-0.887511	-0.978565	-1.01636	-1.01151	-0.974612	-0.909812	-0.814824	-0.693188	-0.570373	-0.469983	-0.404891	-0.362758	-0.348862	-0.343764	-0.319639	-0.275451	-0.203114	-0.113845	-0.0187083	0.0685694	0.136573	0.196912	0.24657	0.270592	0.265199	0.240901	0.208374	0.175192	0.155328	0.164373	0.194501	0.250699	0.338135	0.44453	0.5649	0.701372	0.838338	0.940667	1.0144	1.05416	1.05416	
-0.33308	-0.317069	-0.298564	-0.286992	-0.29112	-0.326415	-0.397144	-0.514168	-0.668385	-0.817594	-0.920155	-0.966533	-0.974612	-0.941761	-0.866839	-0.758759	-0.629092	-0.499281	-0.39317	-0.320246	-0.273889	-0.2549	-0.246005	-0.227475	-0.19577	-0.142056	-0.0691975	0.0167608	0.102123	0.16919	0.229368	0.272233	0.289948	0.276265	0.245474	0.214684	0.190234	0.184763	0.196676	0.223871	0.262476	0.320255	0.387292	0.463313	0.557855	0.65883	0.740263	0.787878	0.812203	0.812203	
-0.223693	-0.206107	-0.193372	-0.187411	-0.19659	-0.230149	-0.302966	-0.419984	-0.572456	-0.719707	-0.830561	-0.892781	-0.909812	-0.866839	-0.770134	-0.648311	-0.515169	-0.386146	-0.28379	-0.214689	-0.165839	-0.136977	-0.114509	-0.0945686	-0.0720678	-0.040893	0.00839926	0.0761359	0.150639	0.215864	0.263721	0.292738	0.297481	0.278199	0.247839	0.226845	0.2152	0.21389	0.224183	0.235761	0.25216	0.272539	0.294341	0.321803	0.361795	0.414895	0.457675	0.481459	0.48875	0.48875	
-0.119124	-0.098217	-0.0855341	-0.0823413	-0.101992	-0.144045	-0.225604	-0.343725	-0.484047	-0.623279	-0.734099	-0.802975	-0.814824	-0.758759	-0.648311	-0.517783	-0.382916	-0.257804	-0.162633	-0.0964876	-0.0461046	-0.00785757	0.0223104	0.0422411	0.0613135	0.0796404	0.106989	0.155825	0.215984	0.267586	0.297754	0.310327	0.307134	0.292514	0.274362	0.264522	0.261384	0.257559	0.253849	0.245511	0.232096	0.213189	0.189481	0.163414	0.141456	0.134814	0.134664	0.128877	0.120561	0.120561	
-0.0314777	-0.00354657	0.0104904	0.00752962	-0.0190253	-0.0712951	-0.162117	-0.285243	-0.417409	-0.544808	-0.643698	-0.697357	-0.693188	-0.629092	-0.515169	-0.382916	-0.254115	-0.142959	-0.0598636	0.00554838	0.0595424	0.105649	0.14115	0.166833	0.191644	0.207112	0.222871	0.254494	0.294271	0.326966	0.338758	0.340362	0.34079	0.338036	0.334909	0.332107	0.327638	0.317371	0.296105	0.263803	0.218466	0.162941	0.0971013	0.0141998	-0.0726869	-0.141644	-0.186063	-0.223116	-0.251034	-0.251034	
0.0439607	0.0702121	0.0821418	0.076716	0.0491249	-0.00973918	-0.108778	-0.240437	-0.372991	-0.484709	-0.56013	-0.590774	-0.570373	-0.499281	-0.386146	-0.257804	-0.142959	-0.052363	0.0145837	0.0743865	0.129161	0.183403	0.230879	0.272574	0.310765	0.334067	0.349268	0.366432	0.381784	0.393369	0.392238	0.391402	0.402125	0.416338	0.42577	0.426215	0.418756	0.401131	0.364299	0.303888	0.225455	0.135871	0.0306318	-0.106256	-0.253501	-0.376261	-0.461314	-0.52759	-0.576474	-0.576474	
0.116648	0.142232	0.14622	0.134933	0.10368	0.036198	-0.074708	-0.214931	-0.342074	-0.435835	-0.492336	-0.504428	-0.469983	-0.39317	-0.28379	-0.162633	-0.0598636	0.0145837	0.0650699	0.11234	0.162102	0.225338	0.290603	0.349786	0.401946	0.444984	0.468135	0.476586	0.47372	0.466517	0.460057	0.461896	0.485382	0.51416	0.538401	0.546265	0.541912	0.527678	0.478023	0.39209	0.282603	0.156377	0.00931093	-0.176908	-0.379423	-0.551102	-0.675653	-0.775782	-0.84175	-0.84175	
0.178177	0.206773	0.209643	0.194669	0.154567	0.0715975	-0.0487563	-0.191978	-0.317755	-0.403035	-0.451529	-0.451649	-0.404891	-0.320246	-0.214689	-0.0964876	0.00554838	0.0743865	0.11234	0.145399	0.192045	0.263787	0.338165	0.407185	0.470216	0.528879	0.563816	0.5695	0.5585	0.544641	0.544237	0.555385	0.590799	0.63398	0.666518	0.682154	0.685142	0.670995	0.613834	0.512821	0.376453	0.219068	0.0348002	-0.192994	-0.431885	-0.645882	-0.812659	-0.939466	-1.02139	-1.02139	
0.232576	0.27276	0.276483	0.256633	0.206053	0.111857	-0.0157367	-0.162232	-0.292293	-0.380793	-0.428422	-0.419159	-0.362758	-0.273889	-0.165839	-0.0461046	0.0595424	0.129161	0.162102	0.192045	0.239668	0.307728	0.378262	0.445736	0.516061	0.588675	0.638076	0.654275	0.648369	0.641389	0.648123	0.666922	0.711475	0.760352	0.800682	0.826251	0.832404	0.818592	0.755701	0.64235	0.487658	0.2991	0.082273	-0.166768	-0.425766	-0.664632	-0.858155	-1.00564	-1.09124	-1.09124	
0.281453	0.336781	0.348782	0.32809	0.269915	0.171072	0.0386051	-0.112971	-0.251336	-0.349552	-0.403802	-0.402136	-0.348862	-0.2549	-0.136977	-0.00785757	0.105649	0.183403	0.225338	0.263787	0.307728	0.357911	0.412896	0.471769	0.54436	0.626514	0.691481	0.727782	0.745746	0.75764	0.777373	0.80642	0.851464	0.902376	0.943826	0.968428	0.971312	0.946784	0.875025	0.751795	0.581671	0.372588	0.138514	-0.115121	-0.375041	-0.61861	-0.822151	-0.976282	-1.06197	-1.06197	
0.31641	0.395034	0.42095	0.40552	0.343878	0.243467	0.109326	-0.0399338	-0.180733	-0.292351	-0.364144	-0.385264	-0.343764	-0.246005	-0.114509	0.0223104	0.14115	0.230879	0.290603	0.338165	0.378262	0.412896	0.452221	0.50289	0.574051	0.656948	0.73466	0.798583	0.850662	0.896306	0.935753	0.969721	1.00684	1.04652	1.07315	1.08452	1.07532	1.03496	0.953362	0.819869	0.639094	0.423919	0.189317	-0.0565508	-0.301069	-0.527827	-0.719436	-0.862799	-0.946218	-0.946218	
0.332131	0.43233	0.480338	0.474911	0.42183	0.329333	0.2031	0.0591189	-0.0825033	-0.209848	-0.303264	-0.346604	-0.319639	-0.227475	-0.0945686	0.0422411	0.166833	0.272574	0.349786	0.407185	0.445736	0.471769	0.50289	0.547521	0.618005	0.700566	0.788327	0.87481	0.959593	1.03788	1.09227	1.12846	1.15249	1.16944	1.17128	1.15936	1.12896	1.07218	0.974882	0.830751	0.649394	0.442341	0.223235	0.000395611	-0.216055	-0.40947	-0.565807	-0.691457	-0.763703	-0.763703	
0.320606	0.44228	0.517759	0.535479	0.501112	0.42707	0.31505	0.179425	0.0300369	-0.116948	-0.225822	-0.287616	-0.275451	-0.19577	-0.0720678	0.0613135	0.191644	0.310765	0.401946	0.470216	0.516061	0.54436	0.574051	0.618005	0.685251	0.766091	0.85553	0.953173	1.05679	1.15311	1.21794	1.25801	1.26999	1.26196	1.23118	1.1851	1.12771	1.04298	0.928361	0.777996	0.604789	0.418598	0.227547	0.0407364	-0.132865	-0.275741	-0.386765	-0.474454	-0.528655	-0.528655	
0.278348	0.420407	0.527904	0.578239	0.577521	0.529249	0.429846	0.29327	0.131503	-0.0273933	-0.142499	-0.20587	-0.203114	-0.142056	-0.040893	0.0796404	0.207112	0.334067	0.444984	0.528879	0.588675	0.626514	0.656948	0.700566	0.766091	0.846473	0.940016	1.04233	1.14781	1.23929	1.3022	1.33922	1.33937	1.3082	1.24426	1.16341	1.06828	0.948816	0.813944	0.664202	0.507564	0.350562	0.199644	0.0617602	-0.0547606	-0.141263	-0.199472	-0.239621	-0.265461	-0.265461	
0.211435	0.375695	0.519016	0.607268	0.639423	0.609495	0.522595	0.38741	0.221348	0.059373	-0.0530319	-0.111623	-0.113845	-0.0691975	0.00839926	0.106989	0.222871	0.349268	0.468135	0.563816	0.638076	0.691481	0.73466	0.788327	0.85553	0.940016	1.03825	1.13797	1.23191	1.30346	1.34894	1.37042	1.35369	1.29641	1.20408	1.0871	0.947288	0.792477	0.638593	0.495167	0.363268	0.246076	0.147112	0.0722188	0.0187003	-0.0113615	-0.0138497	-0.00907909	-0.000839587	-0.000839587	
0.130805	0.316284	0.491654	0.611807	0.667245	0.654397	0.579109	0.458312	0.297355	0.143245	0.037127	-0.0167133	-0.0187083	0.0167608	0.0761359	0.155825	0.254494	0.366432	0.476586	0.5695	0.654275	0.727782	0.798583	0.87481	0.953173	1.04233	1.13797	1.22838	1.30389	1.34918	1.36444	1.35437	1.30468	1.21914	1.09764	0.946177	0.771821	0.587152	0.423979	0.288289	0.18525	0.117064	0.0820549	0.0749797	0.0865223	0.116617	0.159566	0.209315	0.240153	0.240153	
0.0531499	0.247333	0.431943	0.567712	0.639397	0.642032	0.588758	0.48817	0.349791	0.212572	0.115126	0.0687667	0.0685694	0.102123	0.150639	0.215984	0.294271	0.381784	0.47372	0.5585	0.648369	0.745746	0.850662	0.959593	1.05679	1.14781	1.23191	1.30389	1.35954	1.3731	1.35179	1.29451	1.1997	1.07654	0.923322	0.74653	0.551833	0.360196	0.196746	0.0740687	0.00155247	-0.0153045	0.0120015	0.0710451	0.146371	0.231295	0.318888	0.392444	0.438383	0.438383	
-0.0149096	0.166235	0.341636	0.479118	0.558177	0.575799	0.546549	0.479548	0.374211	0.263412	0.178208	0.134561	0.136573	0.16919	0.215864	0.267586	0.326966	0.393369	0.466517	0.544641	0.641389	0.75764	0.896306	1.03788	1.15311	1.23929	1.30346	1.34918	1.3731	1.35917	1.3	1.19862	1.05844	0.891345	0.704587	0.507082	0.306816	0.123609	-0.0211681	-0.118513	-0.15436	-0.125462	-0.0472995	0.0659677	0.19754	0.329541	0.444647	0.530558	0.578031	0.578031	
-0.0727864	0.0749924	0.223613	0.350604	0.435478	0.473192	0.472119	0.439988	0.372118	0.289716	0.222843	0.189049	0.196912	0.229368	0.263721	0.297754	0.338758	0.392238	0.460057	0.544237	0.648123	0.777373	0.935753	1.09227	1.21794	1.3022	1.34894	1.36444	1.35179	1.3	1.20312	1.062	0.876732	0.671742	0.458197	0.247608	0.0535718	-0.106539	-0.214638	-0.268038	-0.261383	-0.198555	-0.0859837	0.0674476	0.24058	0.40467	0.533441	0.622511	0.670182	0.670182	
-0.132683	-0.0205431	0.098147	0.209253	0.291554	0.341338	0.366958	0.366107	0.338568	0.289636	0.247452	0.23057	0.24657	0.272233	0.292738	0.310327	0.340362	0.391402	0.461896	0.555385	0.666922	0.80642	0.969721	1.12846	1.25801	1.33922	1.37042	1.35437	1.29451	1.19862	1.062	0.880513	0.662829	0.432454	0.204483	-0.00750666	-0.187856	-0.314576	-0.372439	-0.370661	-0.320615	-0.230116	-0.0972367	0.0795824	0.274393	0.448408	0.582063	0.67459	0.727292	0.727292	
-0.178349	-0.105773	-0.0173207	0.0701537	0.142489	0.19943	0.242039	0.267585	0.271291	0.25577	0.243227	0.247886	0.270592	0.289948	0.297481	0.307134	0.34079	0.402125	0.485382	0.590799	0.711475	0.851464	1.00684	1.15249	1.26999	1.33937	1.35369	1.30468	1.1997	1.05844	0.876732	0.662829	0.427227	0.192271	-0.0289705	-0.225462	-0.377978	-0.462677	-0.473463	-0.423874	-0.33598	-0.223174	-0.0752268	0.105396	0.295443	0.456532	0.582034	0.67771	0.734559	0.734559	
-0.203256	-0.17083	-0.118654	-0.0644891	-0.00993961	0.046315	0.102803	0.149731	0.187086	0.204401	0.2192	0.239767	0.265199	0.276265	0.278199	0.292514	0.338036	0.416338	0.51416	0.63398	0.760352	0.902376	1.04652	1.16944	1.26196	1.3082	1.29641	1.21914	1.07654	0.891345	0.671742	0.432454	0.192271	-0.0320035	-0.229976	-0.392832	-0.498741	-0.537617	-0.512051	-0.431941	-0.317908	-0.186574	-0.0329926	0.137685	0.300638	0.435062	0.546151	0.636591	0.693981	0.693981	
-0.208342	-0.220603	-0.205924	-0.182329	-0.148256	-0.0955762	-0.0282014	0.0400491	0.108324	0.161322	0.195638	0.222023	0.240901	0.245474	0.247839	0.274362	0.334909	0.42577	0.538401	0.666518	0.800682	0.943826	1.07315	1.17128	1.23118	1.24426	1.20408	1.09764	0.923322	0.704587	0.458197	0.204483	-0.0289705	-0.229976	-0.391405	-0.502284	-0.552843	-0.548357	-0.496881	-0.398872	-0.269875	-0.127894	0.0226764	0.17133	0.302257	0.40327	0.488537	0.562702	0.606535	0.606535	
-0.200158	-0.250942	-0.269755	-0.272699	-0.254719	-0.209266	-0.142105	-0.0594165	0.0348676	0.115171	0.164344	0.194142	0.208374	0.214684	0.226845	0.264522	0.332107	0.426215	0.546265	0.682154	0.826251	0.968428	1.08452	1.15936	1.1851	1.16341	1.0871	0.946177	0.74653	0.507082	0.247608	-0.00750666	-0.225462	-0.392832	-0.502284	-0.554806	-0.553018	-0.509346	-0.437767	-0.327832	-0.194513	-0.0602714	0.0718943	0.195191	0.294861	0.365767	0.42361	0.469292	0.495388	0.495388	
-0.172544	-0.250033	-0.291875	-0.316403	-0.319518	-0.293194	-0.236307	-0.151857	-0.043474	0.0581577	0.119167	0.153524	0.175192	0.190234	0.2152	0.261384	0.327638	0.418756	0.541912	0.685142	0.832404	0.971312	1.07532	1.12896	1.12771	1.06828	0.947288	0.771821	0.551833	0.306816	0.0535718	-0.187856	-0.377978	-0.498741	-0.552843	-0.553018	-0.505207	-0.431133	-0.336562	-0.217765	-0.0933618	0.0184252	0.117245	0.20686	0.272446	0.31253	0.336833	0.354101	0.359589	0.359589	
-0.127807	-0.217799	-0.282398	-0.326139	-0.350121	-0.339671	-0.294088	-0.213947	-0.105563	0.00299018	0.0735473	0.121748	0.155328	0.184763	0.21389	0.257559	0.317371	0.401131	0.527678	0.670995	0.818592	0.946784	1.03496	1.07218	1.04298	0.948816	0.792477	0.587152	0.360196	0.123609	-0.106539	-0.314576	-0.462677	-0.537617	-0.548357	-0.509346	-0.431133	-0.328732	-0.216516	-0.0967154	0.0131368	0.0990092	0.163202	0.213527	0.239213	0.242912	0.234857	0.225038	0.21442	0.21442	
-0.0860854	-0.178881	-0.25737	-0.319024	-0.353959	-0.350841	-0.311825	-0.235176	-0.131638	-0.024103	0.0546979	0.117238	0.164373	0.196676	0.224183	0.253849	0.296105	0.364299	0.478023	0.613834	0.755701	0.875025	0.953362	0.974882	0.928361	0.813944	0.638593	0.423979	0.196746	-0.0211681	-0.214638	-0.372439	-0.473463	-0.512051	-0.496881	-0.437767	-0.336562	-0.216516	-0.0992634	0.00775625	0.0959731	0.159103	0.193096	0.204946	0.191278	0.166072	0.137163	0.112011	0.0939397	0.0939397	
-0.0557437	-0.146125	-0.229369	-0.293479	-0.330646	-0.329274	-0.290317	-0.219052	-0.122479	-0.0153858	0.0734539	0.14392	0.194501	0.223871	0.235761	0.245511	0.263803	0.303888	0.39209	0.512821	0.64235	0.751795	0.819869	0.830751	0.777996	0.664202	0.495167	0.288289	0.0740687	-0.118513	-0.268038	-0.370661	-0.423874	-0.431941	-0.398872	-0.327832	-0.217765	-0.0967154	0.00775625	0.0877565	0.14825	0.189295	0.197272	0.176517	0.134148	0.0918986	0.0512981	0.0190967	-0.00370587	-0.00370587	
-0.0336177	-0.116167	-0.19871	-0.260068	-0.291308	-0.287654	-0.252065	-0.180407	-0.0806486	0.0325413	0.132093	0.209144	0.250699	0.262476	0.25216	0.232096	0.218466	0.225455	0.282603	0.376453	0.487658	0.581671	0.639094	0.649394	0.604789	0.507564	0.363268	0.18525	0.00155247	-0.15436	-0.261383	-0.320615	-0.33598	-0.317908	-0.269875	-0.194513	-0.0933618	0.0131368	0.0959731	0.14825	0.180413	0.19586	0.178889	0.133303	0.0760026	0.0261936	-0.0199867	-0.0601856	-0.0864837	-0.0864837	
-0.00893464	-0.0927706	-0.175215	-0.234019	-0.255853	-0.2444	-0.199476	-0.115687	-0.000251481	0.128009	0.240952	0.315644	0.338135	0.320255	0.272539	0.213189	0.162941	0.135871	0.156377	0.219068	0.2991	0.372588	0.423919	0.442341	0.418598	0.350562	0.246076	0.117064	-0.0153045	-0.125462	-0.198555	-0.230116	-0.223174	-0.186574	-0.127894	-0.0602714	0.0184252	0.0990092	0.159103	0.189295	0.19586	0.185191	0.146224	0.084451	0.0225613	-0.0286564	-0.0794356	-0.126122	-0.155797	-0.155797	
1.04704e-05	-0.0874711	-0.17297	-0.224673	-0.231273	-0.201399	-0.131378	-0.0200672	0.121289	0.267882	0.388958	0.451065	0.44453	0.387292	0.294341	0.189481	0.0971013	0.0306318	0.00931093	0.0348002	0.082273	0.138514	0.189317	0.223235	0.227547	0.199644	0.147112	0.0820549	0.0120015	-0.0472995	-0.0859837	-0.0972367	-0.0752268	-0.0329926	0.0226764	0.0718943	0.117245	0.163202	0.193096	0.197272	0.178889	0.146224	0.0932081	0.0261194	-0.032024	-0.0771965	-0.122499	-0.164589	-0.189965	-0.189965	
-0.0156324	-0.0993909	-0.178658	-0.223676	-0.216403	-0.162978	-0.0609416	0.0919552	0.271384	0.439709	0.561847	0.60802	0.5649	0.463313	0.321803	0.163414	0.0141998	-0.106256	-0.176908	-0.192994	-0.166768	-0.115121	-0.0565508	0.000395611	0.0407364	0.0617602	0.0722188	0.0749797	0.0710451	0.0659677	0.0674476	0.0795824	0.105396	0.137685	0.17133	0.195191	0.20686	0.213527	0.204946	0.176517	0.133303	0.084451	0.0261194	-0.0406721	-0.0914191	-0.12576	-0.153323	-0.175704	-0.18672	-0.18672	
-0.0478981	-0.122445	-0.188336	-0.220693	-0.200352	-0.124292	0.0166608	0.210685	0.425039	0.614121	0.742242	0.772476	0.701372	0.557855	0.361795	0.141456	-0.0726869	-0.253501	-0.379423	-0.431885	-0.425766	-0.375041	-0.301069	-0.216055	-0.132865	-0.0547606	0.0187003	0.0865223	0.146371	0.19754	0.24058	0.274393	0.295443	0.300638	0.302257	0.294861	0.272446	0.239213	0.191278	0.134148	0.0760026	0.0225613	-0.032024	-0.0914191	-0.136447	-0.16312	-0.174967	-0.177462	-0.173685	-0.173685	
-0.083446	-0.153656	-0.209306	-0.225878	-0.18317	-0.0753541	0.100543	0.324481	0.556998	0.758088	0.891611	0.921093	0.838338	0.65883	0.414895	0.134814	-0.141644	-0.376261	-0.551102	-0.645882	-0.664632	-0.61861	-0.527827	-0.40947	-0.275741	-0.141263	-0.0113615	0.116617	0.231295	0.329541	0.40467	0.448408	0.456532	0.435062	0.40327	0.365767	0.31253	0.242912	0.166072	0.0918986	0.0261936	-0.0286564	-0.0771965	-0.12576	-0.16312	-0.185216	-0.189644	-0.181429	-0.170057	-0.170057	
-0.124028	-0.20124	-0.251561	-0.246389	-0.171881	-0.0224875	0.186162	0.425467	0.662099	0.862594	0.998618	1.03193	0.940667	0.740263	0.457675	0.134664	-0.186063	-0.461314	-0.675653	-0.812659	-0.858155	-0.822151	-0.719436	-0.565807	-0.386765	-0.199472	-0.0138497	0.159566	0.318888	0.444647	0.533441	0.582063	0.582034	0.546151	0.488537	0.42361	0.336833	0.234857	0.137163	0.0512981	-0.0199867	-0.0794356	-0.122499	-0.153323	-0.174967	-0.189644	-0.192028	-0.185017	-0.175215	-0.175215	
-0.163017	-0.253559	-0.299701	-0.270141	-0.160537	0.0219779	0.256946	0.508453	0.747308	0.951641	1.08922	1.1136	1.0144	0.787878	0.481459	0.128877	-0.223116	-0.52759	-0.775782	-0.939466	-1.00564	-0.976282	-0.862799	-0.691457	-0.474454	-0.239621	-0.00907909	0.209315	0.392444	0.530558	0.622511	0.67459	0.67771	0.636591	0.562702	0.469292	0.354101	0.225038	0.112011	0.0190967	-0.0601856	-0.126122	-0.164589	-0.175704	-0.177462	-0.181429	-0.185017	-0.186213	-0.184086	-0.184086	
-0.191346	-0.287091	-0.328648	-0.283524	-0.155995	0.0463344	0.294724	0.556654	0.806077	1.01684	1.15324	1.17046	1.05416	0.812203	0.48875	0.120561	-0.251034	-0.576474	-0.84175	-1.02139	-1.09124	-1.06197	-0.946218	-0.763703	-0.528655	-0.265461	-0.000839587	0.240153	0.438383	0.578031	0.670182	0.727292	0.734559	0.693981	0.606535	0.495388	0.359589	0.21442	0.0939397	-0.00370587	-0.0864837	-0.155797	-0.189965	-0.18672	-0.173685	-0.170057	-0.175215	-0.184086	-0.189088	-0.189088	
-0.191346	-0.287091	-0.328648	-0.283524	-0.155995	0.0463344	0.294724	0.556654	0.806077	1.01684	1.15324	1.17046	1.05416	0.812203	0.48875	0.120561	-0.251034	-0.576474	-0.84175	-1.02139	-1.09124	-1.06197	-0.946218	-0.763703	-0.528655	-0.265461	-0.000839587	0.240153	0.438383	0.578031	0.670182	0.727292	0.734559	0.693981	0.606535	0.495388	0.359589	0.21442	0.0939397	-0.00370587	-0.0864837	-0.155797	-0.189965	-0.18672	-0.173685	-0.170057	-0.175215	-0.184086	-0.189088	-0.189088	
