-0.102938	-0.102938	-0.201179	-0.441933	-0.104409	0.184379	
-0.102938	-0.102938	-0.201179	-0.441933	-0.104409	0.184379	
-0.201179	-0.201179	-0.276072	-0.200674	0.325886	0.670856	
-0.441933	-0.441933	-0.200674	0.0509462	0.0862155	0.66153	
-0.104409	-0.104409	0.325886	0.0862155	-0.355776	0.523937	
0.184379	0.184379	0.670856	0.66153	0.523937	-0.173526	
