-0.0707974	-0.0707974	-0.073614	-0.0710966	-0.0735423	-0.0758248	-0.0709221	-0.0761163	-0.0735178	-0.0705182	-0.0756349	-0.0763041	-0.0729068	-0.0750312	-0.0763624	-0.0743748	-0.0770814	-0.0811822	-0.075036	-0.0787572	-0.0828591	-0.0827137	-0.0769832	-0.0877768	-0.0864857	-0.0817127	-0.0875699	-0.0917585	-0.0910276	-0.0876463	-0.0929914	-0.0999835	-0.100082	-0.0906206	-0.101553	-0.112153	-0.11005	-0.0992295	-0.110764	-0.120352	-0.128905	-0.123407	-0.117648	-0.1216	-0.146383	-0.16548	-0.156766	-0.137645	-0.143211	-0.167574	
-0.0707974	-0.0707974	-0.073614	-0.0710966	-0.0735423	-0.0758248	-0.0709221	-0.0761163	-0.0735178	-0.0705182	-0.0756349	-0.0763041	-0.0729068	-0.0750312	-0.0763624	-0.0743748	-0.0770814	-0.0811822	-0.075036	-0.0787572	-0.0828591	-0.0827137	-0.0769832	-0.0877768	-0.0864857	-0.0817127	-0.0875699	-0.0917585	-0.0910276	-0.0876463	-0.0929914	-0.0999835	-0.100082	-0.0906206	-0.101553	-0.112153	-0.11005	-0.0992295	-0.110764	-0.120352	-0.128905	-0.123407	-0.117648	-0.1216	-0.146383	-0.16548	-0.156766	-0.137645	-0.143211	-0.167574	
-0.073614	-0.073614	-0.0764216	-0.0710271	-0.0703143	-0.0732096	-0.0683134	-0.0732621	-0.0741872	-0.0763836	-0.074972	-0.0721549	-0.0754507	-0.0784055	-0.0793912	-0.0771466	-0.0754679	-0.0797079	-0.0794555	-0.0783065	-0.0822633	-0.0792964	-0.0794085	-0.0844689	-0.0855355	-0.0807206	-0.0863847	-0.0894926	-0.0888729	-0.0877737	-0.0909196	-0.0985867	-0.0965298	-0.0927233	-0.0988371	-0.111365	-0.106119	-0.102357	-0.108822	-0.121033	-0.126245	-0.124065	-0.119456	-0.124763	-0.147162	-0.164781	-0.156222	-0.143074	-0.14585	-0.171621	
-0.0710966	-0.0710966	-0.0710271	-0.0734762	-0.0737985	-0.075056	-0.0748569	-0.0742724	-0.0735541	-0.0702709	-0.0753542	-0.0765144	-0.0735474	-0.0740515	-0.0733658	-0.0752089	-0.0786246	-0.0796024	-0.0768028	-0.078543	-0.0821908	-0.0832443	-0.0815004	-0.0859047	-0.085297	-0.0862175	-0.0882062	-0.0909953	-0.0907709	-0.0916293	-0.0943576	-0.0981943	-0.0987541	-0.0968663	-0.103091	-0.108579	-0.108495	-0.105626	-0.112706	-0.119689	-0.124941	-0.123396	-0.121843	-0.127643	-0.144927	-0.156873	-0.15319	-0.143574	-0.150178	-0.173529	
-0.0735423	-0.0735423	-0.0703143	-0.0737985	-0.0738223	-0.0711188	-0.0753804	-0.0733842	-0.0740112	-0.0755496	-0.0721589	-0.0746614	-0.0770767	-0.0756775	-0.0767215	-0.0781863	-0.0774701	-0.0739287	-0.0809573	-0.0806312	-0.0793294	-0.0794411	-0.0834373	-0.0821654	-0.0836641	-0.0860336	-0.0871389	-0.0869451	-0.0897912	-0.0914935	-0.0939616	-0.0937521	-0.0967331	-0.0994424	-0.102169	-0.103811	-0.105734	-0.109852	-0.112056	-0.118533	-0.120188	-0.123884	-0.125472	-0.133084	-0.144301	-0.150392	-0.152943	-0.150615	-0.159126	-0.179411	
-0.0758248	-0.0758248	-0.0732096	-0.075056	-0.0711188	-0.0685045	-0.0747511	-0.0684492	-0.0727148	-0.0794975	-0.0754524	-0.074167	-0.0763348	-0.0760016	-0.0769364	-0.0792264	-0.0778269	-0.078254	-0.0829038	-0.0786224	-0.0788073	-0.0821757	-0.0869324	-0.0796479	-0.0835598	-0.089253	-0.0864092	-0.0865434	-0.0891517	-0.0947363	-0.0929625	-0.0926673	-0.0953137	-0.104749	-0.101258	-0.100893	-0.105203	-0.115022	-0.113655	-0.116861	-0.11802	-0.124752	-0.131339	-0.139509	-0.141845	-0.145095	-0.150873	-0.160247	-0.167805	-0.184457	
-0.0709221	-0.0709221	-0.0683134	-0.0748569	-0.0753804	-0.0747511	-0.0814615	-0.0737001	-0.0761185	-0.0723632	-0.0680681	-0.0758537	-0.0769387	-0.073477	-0.0740136	-0.0770536	-0.0781547	-0.073907	-0.0815321	-0.0812113	-0.0786617	-0.0838662	-0.0865901	-0.0816089	-0.0847377	-0.0931057	-0.0870858	-0.0882138	-0.0921414	-0.0976492	-0.0957482	-0.0920577	-0.0994799	-0.108395	-0.104206	-0.0980438	-0.109331	-0.118903	-0.116642	-0.114723	-0.116248	-0.125643	-0.135787	-0.142345	-0.13674	-0.134927	-0.1492	-0.164799	-0.175915	-0.186786	
-0.0761163	-0.0761163	-0.0732621	-0.0742724	-0.0733842	-0.0684492	-0.0737001	-0.0693211	-0.0744325	-0.0788868	-0.0751398	-0.0798675	-0.0770884	-0.0753559	-0.0787399	-0.0793539	-0.0790762	-0.0764371	-0.0820688	-0.0809809	-0.0757047	-0.0839374	-0.0841939	-0.0789543	-0.0834519	-0.0901888	-0.0844159	-0.0848478	-0.090862	-0.0945902	-0.092978	-0.0883359	-0.0984952	-0.106814	-0.100675	-0.0940796	-0.109025	-0.119071	-0.115352	-0.111228	-0.114713	-0.12713	-0.141661	-0.145774	-0.134991	-0.132405	-0.154255	-0.177178	-0.189028	-0.192343	
-0.0735178	-0.0735178	-0.0741872	-0.0735541	-0.0740112	-0.0727148	-0.0761185	-0.0744325	-0.0734479	-0.0759352	-0.0751058	-0.0735818	-0.0738219	-0.0764425	-0.0784959	-0.0787807	-0.075617	-0.0817201	-0.0802459	-0.0823124	-0.0787724	-0.0869953	-0.085269	-0.0821299	-0.0876485	-0.0913525	-0.0866243	-0.0894517	-0.0931309	-0.097768	-0.0934247	-0.0937422	-0.100883	-0.110185	-0.100768	-0.0983001	-0.11313	-0.121652	-0.117665	-0.111036	-0.117718	-0.130373	-0.146122	-0.146835	-0.129184	-0.131182	-0.154083	-0.185209	-0.194	-0.191133	
-0.0705182	-0.0705182	-0.0763836	-0.0702709	-0.0755496	-0.0794975	-0.0723632	-0.0788868	-0.0759352	-0.0722202	-0.0734973	-0.0744943	-0.0779324	-0.079567	-0.0735143	-0.0776468	-0.0790407	-0.0789104	-0.0786848	-0.0816661	-0.0832905	-0.0818704	-0.0847157	-0.0834998	-0.0892294	-0.0872801	-0.0886032	-0.0904585	-0.0936198	-0.0957941	-0.0937496	-0.0965483	-0.101254	-0.108585	-0.0992805	-0.103045	-0.112814	-0.122057	-0.115225	-0.112351	-0.119032	-0.132975	-0.148403	-0.14297	-0.128147	-0.130878	-0.159928	-0.192884	-0.198748	-0.193097	
-0.0756349	-0.0756349	-0.074972	-0.0753542	-0.0721589	-0.0754524	-0.0680681	-0.0751398	-0.0751058	-0.0734973	-0.0844777	-0.0792073	-0.076263	-0.0782707	-0.0775132	-0.078532	-0.0810336	-0.0806543	-0.0804073	-0.0786654	-0.0839855	-0.0800549	-0.0842631	-0.084474	-0.0864286	-0.0842861	-0.0893569	-0.0899489	-0.0915135	-0.0921557	-0.0940382	-0.0972858	-0.100023	-0.102779	-0.0997111	-0.10582	-0.111428	-0.118407	-0.11289	-0.114355	-0.120723	-0.136215	-0.147023	-0.140219	-0.129855	-0.136971	-0.169073	-0.200387	-0.203724	-0.194714	
-0.0763041	-0.0763041	-0.0721549	-0.0765144	-0.0746614	-0.074167	-0.0758537	-0.0798675	-0.0735818	-0.0744943	-0.0792073	-0.0677902	-0.0746975	-0.0797329	-0.0790909	-0.0792627	-0.0816484	-0.0791724	-0.078743	-0.0860999	-0.088152	-0.0804286	-0.08608	-0.0917008	-0.0877962	-0.0867182	-0.0944389	-0.0941177	-0.0937417	-0.0939612	-0.0996539	-0.102554	-0.102301	-0.101673	-0.107619	-0.112268	-0.114501	-0.117167	-0.117473	-0.120688	-0.127275	-0.140835	-0.14399	-0.139236	-0.132692	-0.144918	-0.174535	-0.198973	-0.202991	-0.186177	
-0.0729068	-0.0729068	-0.0754507	-0.0735474	-0.0770767	-0.0763348	-0.0769387	-0.0770884	-0.0738219	-0.0779324	-0.076263	-0.0746975	-0.0843066	-0.0810443	-0.0749015	-0.0762039	-0.0808529	-0.0821356	-0.0789577	-0.0850005	-0.0820804	-0.0792633	-0.0871619	-0.0908586	-0.0823797	-0.0862089	-0.0952759	-0.0921076	-0.0909678	-0.0923307	-0.101073	-0.102321	-0.0983496	-0.098326	-0.111341	-0.113134	-0.110731	-0.11167	-0.119	-0.122527	-0.130843	-0.13767	-0.138273	-0.13612	-0.139745	-0.155418	-0.180248	-0.199772	-0.202957	-0.183231	
-0.0750312	-0.0750312	-0.0784055	-0.0740515	-0.0756775	-0.0760016	-0.073477	-0.0753559	-0.0764425	-0.079567	-0.0782707	-0.0797329	-0.0810443	-0.0726386	-0.0791425	-0.0835031	-0.0814354	-0.0811932	-0.0792772	-0.0848437	-0.0836652	-0.0821903	-0.0895616	-0.0878514	-0.0837118	-0.0902179	-0.0961618	-0.0913777	-0.0912879	-0.0952585	-0.103238	-0.103234	-0.0959377	-0.101088	-0.115967	-0.115432	-0.107254	-0.112195	-0.122474	-0.129228	-0.13379	-0.136188	-0.133111	-0.138935	-0.15035	-0.167658	-0.182266	-0.1981	-0.197306	-0.179603	
-0.0763624	-0.0763624	-0.0793912	-0.0733658	-0.0767215	-0.0769364	-0.0740136	-0.0787399	-0.0784959	-0.0735143	-0.0775132	-0.0790909	-0.0749015	-0.0791425	-0.0845277	-0.0823933	-0.0799932	-0.0832539	-0.0822625	-0.0882289	-0.0851832	-0.0857632	-0.0884887	-0.0893973	-0.0875455	-0.09356	-0.0940405	-0.0928608	-0.0935536	-0.0984088	-0.104226	-0.102556	-0.0966738	-0.105442	-0.120469	-0.114414	-0.107363	-0.114066	-0.129774	-0.13464	-0.137636	-0.132896	-0.132333	-0.145558	-0.16496	-0.176921	-0.183206	-0.191448	-0.190849	-0.176689	
-0.0743748	-0.0743748	-0.0771466	-0.0752089	-0.0781863	-0.0792264	-0.0770536	-0.0793539	-0.0787807	-0.0776468	-0.078532	-0.0792627	-0.0762039	-0.0835031	-0.0823933	-0.0755746	-0.0779769	-0.0847401	-0.0858337	-0.081728	-0.0821863	-0.0884788	-0.0874381	-0.0886341	-0.0891096	-0.0937501	-0.0927265	-0.0946894	-0.0960294	-0.100066	-0.104224	-0.101284	-0.100045	-0.109921	-0.12078	-0.111713	-0.107642	-0.117062	-0.13354	-0.136414	-0.135193	-0.126248	-0.13162	-0.152055	-0.176377	-0.180162	-0.179672	-0.183231	-0.185376	-0.180943	
-0.0770814	-0.0770814	-0.0754679	-0.0786246	-0.0774701	-0.0778269	-0.0781547	-0.0790762	-0.075617	-0.0790407	-0.0810336	-0.0816484	-0.0808529	-0.0814354	-0.0799932	-0.0779769	-0.0870854	-0.0880458	-0.0800695	-0.0805371	-0.0901947	-0.0911099	-0.0831962	-0.0882331	-0.0947514	-0.091304	-0.0924969	-0.0945737	-0.0989702	-0.0994743	-0.102118	-0.100184	-0.104584	-0.11259	-0.116635	-0.110238	-0.110278	-0.122336	-0.13636	-0.137981	-0.132476	-0.125041	-0.138048	-0.165166	-0.187679	-0.183422	-0.176401	-0.176142	-0.184453	-0.189815	
-0.0811822	-0.0811822	-0.0797079	-0.0796024	-0.0739287	-0.078254	-0.073907	-0.0764371	-0.0817201	-0.0789104	-0.0806543	-0.0791724	-0.0821356	-0.0811932	-0.0832539	-0.0847401	-0.0880458	-0.0831653	-0.0823279	-0.0882534	-0.0936786	-0.0860686	-0.0830794	-0.095484	-0.0966508	-0.0886912	-0.0931137	-0.0986956	-0.101639	-0.0990556	-0.100617	-0.10316	-0.111924	-0.112389	-0.113372	-0.112	-0.11764	-0.128012	-0.138237	-0.138806	-0.129643	-0.130035	-0.148287	-0.179256	-0.193776	-0.183045	-0.17109	-0.170953	-0.185877	-0.209745	
-0.075036	-0.075036	-0.0794555	-0.0768028	-0.0809573	-0.0829038	-0.0815321	-0.0820688	-0.0802459	-0.0786848	-0.0804073	-0.078743	-0.0789577	-0.0792772	-0.0822625	-0.0858337	-0.0800695	-0.0823279	-0.0878554	-0.0891995	-0.0889599	-0.086272	-0.090691	-0.0997525	-0.0937905	-0.0907529	-0.0983935	-0.105044	-0.102577	-0.100769	-0.101878	-0.11255	-0.116983	-0.11192	-0.111564	-0.119742	-0.125809	-0.131995	-0.138164	-0.135944	-0.129389	-0.13625	-0.159919	-0.185805	-0.191031	-0.176695	-0.161734	-0.166833	-0.193109	-0.23739	
-0.0787572	-0.0787572	-0.0783065	-0.078543	-0.0806312	-0.0786224	-0.0812113	-0.0809809	-0.0823124	-0.0816661	-0.0786654	-0.0860999	-0.0850005	-0.0848437	-0.0882289	-0.081728	-0.0805371	-0.0882534	-0.0891995	-0.0847146	-0.0861391	-0.0892832	-0.0895347	-0.0947918	-0.0884908	-0.0921965	-0.0982484	-0.101631	-0.0981344	-0.0967283	-0.103043	-0.113946	-0.114232	-0.103004	-0.111108	-0.123044	-0.129531	-0.12809	-0.133917	-0.130719	-0.132434	-0.147114	-0.172173	-0.189228	-0.188784	-0.17314	-0.162831	-0.173536	-0.21732	-0.279489	
-0.0828591	-0.0828591	-0.0822633	-0.0821908	-0.0793294	-0.0788073	-0.0786617	-0.0757047	-0.0787724	-0.0832905	-0.0839855	-0.088152	-0.0820804	-0.0836652	-0.0851832	-0.0821863	-0.0901947	-0.0936786	-0.0889599	-0.0861391	-0.0914331	-0.094404	-0.0949813	-0.0944044	-0.0937247	-0.0984101	-0.102752	-0.101997	-0.100494	-0.101608	-0.110832	-0.118581	-0.112278	-0.105063	-0.118937	-0.134162	-0.133581	-0.130131	-0.133152	-0.134981	-0.145147	-0.163943	-0.183676	-0.187935	-0.18449	-0.17032	-0.164917	-0.186988	-0.246653	-0.324978	
-0.0827137	-0.0827137	-0.0792964	-0.0832443	-0.0794411	-0.0821757	-0.0838662	-0.0839374	-0.0869953	-0.0818704	-0.0800549	-0.0804286	-0.0792633	-0.0821903	-0.0857632	-0.0884788	-0.0911099	-0.0860686	-0.086272	-0.0892832	-0.094404	-0.0989621	-0.0933348	-0.0924206	-0.099232	-0.104488	-0.102313	-0.101717	-0.104002	-0.108741	-0.116265	-0.117523	-0.110901	-0.110748	-0.128962	-0.139021	-0.134352	-0.128035	-0.132605	-0.141316	-0.158449	-0.176746	-0.183365	-0.180386	-0.175743	-0.168527	-0.172496	-0.208493	-0.286745	-0.374814	
-0.0769832	-0.0769832	-0.0794085	-0.0815004	-0.0834373	-0.0869324	-0.0865901	-0.0841939	-0.085269	-0.0847157	-0.0842631	-0.08608	-0.0871619	-0.0895616	-0.0884887	-0.0874381	-0.0831962	-0.0830794	-0.090691	-0.0895347	-0.0949813	-0.0933348	-0.0854517	-0.0927799	-0.104973	-0.100688	-0.0949101	-0.100354	-0.106839	-0.111107	-0.112445	-0.110557	-0.109232	-0.117255	-0.131248	-0.136327	-0.127859	-0.124111	-0.131491	-0.150082	-0.170046	-0.180884	-0.176855	-0.170211	-0.17253	-0.175241	-0.193469	-0.248193	-0.339332	-0.431974	
-0.0877768	-0.0877768	-0.0844689	-0.0859047	-0.0821654	-0.0796479	-0.0816089	-0.0789543	-0.0821299	-0.0834998	-0.084474	-0.0917008	-0.0908586	-0.0878514	-0.0893973	-0.0886341	-0.0882331	-0.095484	-0.0997525	-0.0947918	-0.0944044	-0.0924206	-0.0927799	-0.107182	-0.106205	-0.09581	-0.0969676	-0.109412	-0.112905	-0.113216	-0.109637	-0.11081	-0.118606	-0.127795	-0.13488	-0.134844	-0.129724	-0.128452	-0.144322	-0.168238	-0.185582	-0.184653	-0.172527	-0.169495	-0.178605	-0.1945	-0.227355	-0.296466	-0.393427	-0.477519	
-0.0864857	-0.0864857	-0.0855355	-0.085297	-0.0836641	-0.0835598	-0.0847377	-0.0834519	-0.0876485	-0.0892294	-0.0864286	-0.0877962	-0.0823797	-0.0837118	-0.0875455	-0.0891096	-0.0947514	-0.0966508	-0.0937905	-0.0884908	-0.0937247	-0.099232	-0.104973	-0.106205	-0.0989462	-0.098156	-0.108914	-0.115878	-0.115801	-0.112646	-0.110212	-0.117874	-0.13137	-0.13434	-0.133035	-0.133693	-0.132144	-0.136992	-0.157705	-0.182023	-0.18839	-0.176039	-0.163649	-0.16623	-0.187864	-0.217312	-0.268529	-0.348394	-0.442987	-0.51599	
-0.0817127	-0.0817127	-0.0807206	-0.0862175	-0.0860336	-0.089253	-0.0931057	-0.0901888	-0.0913525	-0.0872801	-0.0842861	-0.0867182	-0.0862089	-0.0902179	-0.09356	-0.0937501	-0.091304	-0.0886912	-0.0907529	-0.0921965	-0.0984101	-0.104488	-0.100688	-0.09581	-0.098156	-0.10772	-0.111592	-0.113509	-0.112265	-0.110129	-0.111	-0.126574	-0.136993	-0.130864	-0.126597	-0.1322	-0.137095	-0.147084	-0.170685	-0.187208	-0.181824	-0.16541	-0.158996	-0.173731	-0.20787	-0.256632	-0.322157	-0.405826	-0.490048	-0.546192	
-0.0875699	-0.0875699	-0.0863847	-0.0882062	-0.0871389	-0.0864092	-0.0870858	-0.0844159	-0.0866243	-0.0886032	-0.0893569	-0.0944389	-0.0952759	-0.0961618	-0.0940405	-0.0927265	-0.0924969	-0.0931137	-0.0983935	-0.0982484	-0.102752	-0.102313	-0.0949101	-0.0969676	-0.108914	-0.111592	-0.109281	-0.111141	-0.11131	-0.110042	-0.118884	-0.134893	-0.136034	-0.12426	-0.12444	-0.137695	-0.147669	-0.162185	-0.180821	-0.186552	-0.173119	-0.161492	-0.167047	-0.194061	-0.24536	-0.309983	-0.384782	-0.460543	-0.527294	-0.563171	
-0.0917585	-0.0917585	-0.0894926	-0.0909953	-0.0869451	-0.0865434	-0.0882138	-0.0848478	-0.0894517	-0.0904585	-0.0899489	-0.0941177	-0.0921076	-0.0913777	-0.0928608	-0.0946894	-0.0945737	-0.0986956	-0.105044	-0.101631	-0.101997	-0.101717	-0.100354	-0.109412	-0.115878	-0.113509	-0.111141	-0.114945	-0.114189	-0.120923	-0.132836	-0.14039	-0.132428	-0.12472	-0.133166	-0.151436	-0.165131	-0.177328	-0.185662	-0.179887	-0.167102	-0.166156	-0.183943	-0.225329	-0.291327	-0.368638	-0.439909	-0.500501	-0.54553	-0.560072	
-0.0910276	-0.0910276	-0.0888729	-0.0907709	-0.0897912	-0.0891517	-0.0921414	-0.090862	-0.0931309	-0.0936198	-0.0915135	-0.0937417	-0.0909678	-0.0912879	-0.0935536	-0.0960294	-0.0989702	-0.101639	-0.102577	-0.0981344	-0.100494	-0.104002	-0.106839	-0.112905	-0.115801	-0.112265	-0.11131	-0.114189	-0.121216	-0.132858	-0.137245	-0.133029	-0.127597	-0.129914	-0.143782	-0.164439	-0.177548	-0.181964	-0.177448	-0.168728	-0.165553	-0.178732	-0.210825	-0.267	-0.347971	-0.427711	-0.488046	-0.52741	-0.551205	-0.541624	
-0.0876463	-0.0876463	-0.0877737	-0.0916293	-0.0914935	-0.0947363	-0.0976492	-0.0945902	-0.097768	-0.0957941	-0.0921557	-0.0939612	-0.0923307	-0.0952585	-0.0984088	-0.100066	-0.0994743	-0.0990556	-0.100769	-0.0967283	-0.101608	-0.108741	-0.111107	-0.113216	-0.112646	-0.110129	-0.110042	-0.120923	-0.132858	-0.137615	-0.12898	-0.125832	-0.131653	-0.140869	-0.155886	-0.176242	-0.184032	-0.175966	-0.164903	-0.163528	-0.175401	-0.203379	-0.249722	-0.321305	-0.408877	-0.481571	-0.522079	-0.539854	-0.539964	-0.504596	
-0.0929914	-0.0929914	-0.0909196	-0.0943576	-0.0939616	-0.0929625	-0.0957482	-0.092978	-0.0934247	-0.0937496	-0.0940382	-0.0996539	-0.101073	-0.103238	-0.104226	-0.104224	-0.102118	-0.100617	-0.101878	-0.103043	-0.110832	-0.116265	-0.112445	-0.109637	-0.110212	-0.111	-0.118884	-0.132836	-0.137245	-0.12898	-0.120746	-0.129492	-0.1433	-0.153357	-0.167795	-0.184993	-0.181755	-0.165147	-0.159183	-0.173581	-0.201917	-0.244086	-0.305891	-0.387133	-0.471159	-0.525524	-0.542844	-0.536116	-0.51044	-0.442871	
-0.0999835	-0.0999835	-0.0985867	-0.0981943	-0.0937521	-0.0926673	-0.0920577	-0.0883359	-0.0937422	-0.0965483	-0.0972858	-0.102554	-0.102321	-0.103234	-0.102556	-0.101284	-0.100184	-0.10316	-0.11255	-0.113946	-0.118581	-0.117523	-0.110557	-0.11081	-0.117874	-0.126574	-0.134893	-0.14039	-0.133029	-0.125832	-0.129492	-0.1466	-0.160735	-0.169494	-0.181653	-0.188684	-0.174689	-0.159938	-0.168584	-0.200046	-0.241398	-0.297396	-0.369479	-0.449939	-0.51739	-0.547249	-0.53964	-0.507972	-0.452108	-0.354971	
-0.100082	-0.100082	-0.0965298	-0.0987541	-0.0967331	-0.0953137	-0.0994799	-0.0984952	-0.100883	-0.101254	-0.100023	-0.102301	-0.0983496	-0.0959377	-0.0966738	-0.100045	-0.104584	-0.111924	-0.116983	-0.114232	-0.112278	-0.110901	-0.109232	-0.118606	-0.13137	-0.136993	-0.136034	-0.132428	-0.127597	-0.131653	-0.1433	-0.160735	-0.173172	-0.179999	-0.183034	-0.178416	-0.163851	-0.162934	-0.190203	-0.235125	-0.289863	-0.356854	-0.431816	-0.499039	-0.542619	-0.547265	-0.515074	-0.455788	-0.370618	-0.246313	
-0.0906206	-0.0906206	-0.0927233	-0.0968663	-0.0994424	-0.104749	-0.108395	-0.106814	-0.110185	-0.108585	-0.102779	-0.101673	-0.098326	-0.101088	-0.105442	-0.109921	-0.11259	-0.112389	-0.11192	-0.103004	-0.105063	-0.110748	-0.117255	-0.127795	-0.13434	-0.130864	-0.12426	-0.12472	-0.129914	-0.140869	-0.153357	-0.169494	-0.179999	-0.177959	-0.169548	-0.163066	-0.161588	-0.180493	-0.222457	-0.280805	-0.346788	-0.419813	-0.485035	-0.530442	-0.549299	-0.529628	-0.472576	-0.38491	-0.272022	-0.132258	
-0.101553	-0.101553	-0.0988371	-0.103091	-0.102169	-0.101258	-0.104206	-0.100675	-0.100768	-0.0992805	-0.0997111	-0.107619	-0.111341	-0.115967	-0.120469	-0.12078	-0.116635	-0.113372	-0.111564	-0.111108	-0.118937	-0.128962	-0.131248	-0.13488	-0.133035	-0.126597	-0.12444	-0.133166	-0.143782	-0.155886	-0.167795	-0.181653	-0.183034	-0.169548	-0.159693	-0.166288	-0.185472	-0.220118	-0.276252	-0.345739	-0.419713	-0.48499	-0.529459	-0.548758	-0.541507	-0.495851	-0.40801	-0.289557	-0.155368	-0.00489886	
-0.112153	-0.112153	-0.111365	-0.108579	-0.103811	-0.100893	-0.0980438	-0.0940796	-0.0983001	-0.103045	-0.10582	-0.112268	-0.113134	-0.115432	-0.114414	-0.111713	-0.110238	-0.112	-0.119742	-0.123044	-0.134162	-0.139021	-0.136327	-0.134844	-0.133693	-0.1322	-0.137695	-0.151436	-0.164439	-0.176242	-0.184993	-0.188684	-0.178416	-0.163066	-0.166288	-0.192785	-0.226683	-0.274058	-0.340012	-0.417071	-0.483244	-0.527543	-0.543832	-0.535631	-0.502566	-0.425783	-0.307459	-0.165787	-0.0209716	0.125158	
-0.11005	-0.11005	-0.106119	-0.108495	-0.105734	-0.105203	-0.109331	-0.109025	-0.11313	-0.112814	-0.111428	-0.114501	-0.110731	-0.107254	-0.107363	-0.107642	-0.110278	-0.11764	-0.125809	-0.129531	-0.133581	-0.134352	-0.127859	-0.129724	-0.132144	-0.137095	-0.147669	-0.165131	-0.177548	-0.184032	-0.181755	-0.174689	-0.163851	-0.161588	-0.185472	-0.226683	-0.273143	-0.330285	-0.405625	-0.476579	-0.523847	-0.540208	-0.529829	-0.497666	-0.435791	-0.329497	-0.18615	-0.0330315	0.10793	0.245631	
-0.0992295	-0.0992295	-0.102357	-0.105626	-0.109852	-0.115022	-0.118903	-0.119071	-0.121652	-0.122057	-0.118407	-0.117167	-0.11167	-0.112195	-0.114066	-0.117062	-0.122336	-0.128012	-0.131995	-0.12809	-0.130131	-0.128035	-0.124111	-0.128452	-0.136992	-0.147084	-0.162185	-0.177328	-0.181964	-0.175966	-0.165147	-0.159938	-0.162934	-0.180493	-0.220118	-0.274058	-0.330285	-0.39736	-0.468502	-0.521883	-0.541297	-0.531006	-0.497218	-0.438094	-0.348066	-0.214435	-0.0578335	0.0935211	0.225435	0.349676	
-0.110764	-0.110764	-0.108822	-0.112706	-0.112056	-0.113655	-0.116642	-0.115352	-0.117665	-0.115225	-0.11289	-0.117473	-0.119	-0.122474	-0.129774	-0.13354	-0.13636	-0.138237	-0.138164	-0.133917	-0.133152	-0.132605	-0.131491	-0.144322	-0.157705	-0.170685	-0.180821	-0.185662	-0.177448	-0.164903	-0.159183	-0.168584	-0.190203	-0.222457	-0.276252	-0.340012	-0.405625	-0.468502	-0.523348	-0.54836	-0.540461	-0.505615	-0.444803	-0.357386	-0.237575	-0.0863696	0.0734985	0.217813	0.337318	0.451544	
-0.120352	-0.120352	-0.121033	-0.119689	-0.118533	-0.116861	-0.114723	-0.111228	-0.111036	-0.112351	-0.114355	-0.120688	-0.122527	-0.129228	-0.13464	-0.136414	-0.137981	-0.138806	-0.135944	-0.130719	-0.134981	-0.141316	-0.150082	-0.168238	-0.182023	-0.187208	-0.186552	-0.179887	-0.168728	-0.163528	-0.173581	-0.200046	-0.235125	-0.280805	-0.345739	-0.417071	-0.476579	-0.521883	-0.54836	-0.544548	-0.510552	-0.447633	-0.35808	-0.240277	-0.101714	0.055827	0.208594	0.338895	0.445209	0.541791	
-0.128905	-0.128905	-0.126245	-0.124941	-0.120188	-0.11802	-0.116248	-0.114713	-0.117718	-0.119032	-0.120723	-0.127275	-0.130843	-0.13379	-0.137636	-0.135193	-0.132476	-0.129643	-0.129389	-0.132434	-0.145147	-0.158449	-0.170046	-0.185582	-0.18839	-0.181824	-0.173119	-0.167102	-0.165553	-0.175401	-0.201917	-0.241398	-0.289863	-0.346788	-0.419713	-0.483244	-0.523847	-0.541297	-0.540461	-0.510552	-0.448944	-0.357736	-0.238574	-0.103003	0.0424427	0.193573	0.332477	0.447877	0.535374	0.608816	
-0.123407	-0.123407	-0.124065	-0.123396	-0.123884	-0.124752	-0.125643	-0.12713	-0.130373	-0.132975	-0.136215	-0.140835	-0.13767	-0.136188	-0.132896	-0.126248	-0.125041	-0.130035	-0.13625	-0.147114	-0.163943	-0.176746	-0.180884	-0.184653	-0.176039	-0.16541	-0.161492	-0.166156	-0.178732	-0.203379	-0.244086	-0.297396	-0.356854	-0.419813	-0.48499	-0.527543	-0.540208	-0.531006	-0.505615	-0.447633	-0.357736	-0.236794	-0.100241	0.0417547	0.18062	0.319177	0.44268	0.538063	0.601691	0.642719	
-0.117648	-0.117648	-0.119456	-0.121843	-0.125472	-0.131339	-0.135787	-0.141661	-0.146122	-0.148403	-0.147023	-0.14399	-0.138273	-0.133111	-0.132333	-0.13162	-0.138048	-0.148287	-0.159919	-0.172173	-0.183676	-0.183365	-0.176855	-0.172527	-0.163649	-0.158996	-0.167047	-0.183943	-0.210825	-0.249722	-0.305891	-0.369479	-0.431816	-0.485035	-0.529459	-0.543832	-0.529829	-0.497218	-0.444803	-0.35808	-0.238574	-0.100241	0.0423283	0.176712	0.303686	0.428301	0.533013	0.604554	0.636342	0.639753	
-0.1216	-0.1216	-0.124763	-0.127643	-0.133084	-0.139509	-0.142345	-0.145774	-0.146835	-0.14297	-0.140219	-0.139236	-0.13612	-0.138935	-0.145558	-0.152055	-0.165166	-0.179256	-0.185805	-0.189228	-0.187935	-0.180386	-0.170211	-0.169495	-0.16623	-0.173731	-0.194061	-0.225329	-0.267	-0.321305	-0.387133	-0.449939	-0.499039	-0.530442	-0.548758	-0.535631	-0.497666	-0.438094	-0.357386	-0.240277	-0.103003	0.0417547	0.176712	0.298883	0.413184	0.52159	0.603963	0.643378	0.637953	0.603786	
-0.146383	-0.146383	-0.147162	-0.144927	-0.144301	-0.141845	-0.13674	-0.134991	-0.129184	-0.128147	-0.129855	-0.132692	-0.139745	-0.15035	-0.16496	-0.176377	-0.187679	-0.193776	-0.191031	-0.188784	-0.18449	-0.175743	-0.17253	-0.178605	-0.187864	-0.20787	-0.24536	-0.291327	-0.347971	-0.408877	-0.471159	-0.51739	-0.542619	-0.549299	-0.541507	-0.502566	-0.435791	-0.348066	-0.237575	-0.101714	0.0424427	0.18062	0.303686	0.413184	0.513432	0.602074	0.653489	0.654271	0.610405	0.54284	
-0.16548	-0.16548	-0.164781	-0.156873	-0.150392	-0.145095	-0.134927	-0.132405	-0.131182	-0.130878	-0.136971	-0.144918	-0.155418	-0.167658	-0.176921	-0.180162	-0.183422	-0.183045	-0.176695	-0.17314	-0.17032	-0.168527	-0.175241	-0.1945	-0.217312	-0.256632	-0.309983	-0.368638	-0.427711	-0.481571	-0.525524	-0.547249	-0.547265	-0.529628	-0.495851	-0.425783	-0.329497	-0.214435	-0.0863696	0.055827	0.193573	0.319177	0.428301	0.52159	0.602074	0.65947	0.670135	0.627498	0.547092	0.453657	
-0.156766	-0.156766	-0.156222	-0.15319	-0.152943	-0.150873	-0.1492	-0.154255	-0.154083	-0.159928	-0.169073	-0.174535	-0.180248	-0.182266	-0.183206	-0.179672	-0.176401	-0.17109	-0.161734	-0.162831	-0.164917	-0.172496	-0.193469	-0.227355	-0.268529	-0.322157	-0.384782	-0.439909	-0.488046	-0.522079	-0.542844	-0.53964	-0.515074	-0.472576	-0.40801	-0.307459	-0.18615	-0.0578335	0.0734985	0.208594	0.332477	0.44268	0.533013	0.603963	0.653489	0.670135	0.635983	0.553203	0.446674	0.341617	
-0.137645	-0.137645	-0.143074	-0.143574	-0.150615	-0.160247	-0.164799	-0.177178	-0.185209	-0.192884	-0.200387	-0.198973	-0.199772	-0.1981	-0.191448	-0.183231	-0.176142	-0.170953	-0.166833	-0.173536	-0.186988	-0.208493	-0.248193	-0.296466	-0.348394	-0.405826	-0.460543	-0.500501	-0.52741	-0.539854	-0.536116	-0.507972	-0.455788	-0.38491	-0.289557	-0.165787	-0.0330315	0.0935211	0.217813	0.338895	0.447877	0.538063	0.604554	0.643378	0.654271	0.627498	0.553203	0.442484	0.326865	0.223162	
-0.143211	-0.143211	-0.14585	-0.150178	-0.159126	-0.167805	-0.175915	-0.189028	-0.194	-0.198748	-0.203724	-0.202991	-0.202957	-0.197306	-0.190849	-0.185376	-0.184453	-0.185877	-0.193109	-0.21732	-0.246653	-0.286745	-0.339332	-0.393427	-0.442987	-0.490048	-0.527294	-0.54553	-0.551205	-0.539964	-0.51044	-0.452108	-0.370618	-0.272022	-0.155368	-0.0209716	0.10793	0.225435	0.337318	0.445209	0.535374	0.601691	0.636342	0.637953	0.610405	0.547092	0.446674	0.326865	0.216819	0.129802	
-0.167574	-0.167574	-0.171621	-0.173529	-0.179411	-0.184457	-0.186786	-0.192343	-0.191133	-0.193097	-0.194714	-0.186177	-0.183231	-0.179603	-0.176689	-0.180943	-0.189815	-0.209745	-0.23739	-0.279489	-0.324978	-0.374814	-0.431974	-0.477519	-0.51599	-0.546192	-0.563171	-0.560072	-0.541624	-0.504596	-0.442871	-0.354971	-0.246313	-0.132258	-0.00489886	0.125158	0.245631	0.349676	0.451544	0.541791	0.608816	0.642719	0.639753	0.603786	0.54284	0.453657	0.341617	0.223162	0.129802	0.0588508	
