-0.609825	-0.722787	-0.81574	-0.876301	-0.886744	-0.840155	-0.753832	-0.647279	-0.53769	-0.413181	-0.265264	-0.0936325	0.105355	0.345197	0.628631	0.936664	1.23735	1.49684	1.68777	1.79565	1.81996	1.75284	1.60454	1.39403	1.14272	0.893015	0.670383	0.48274	0.322986	0.175529	0.0436916	-0.0743369	-0.193037	-0.312083	-0.40579	-0.448318	-0.436469	-0.376083	-0.285877	-0.180287	-0.0418697	0.12661	0.288611	0.429039	0.544098	0.621387	0.664357	0.687284	0.697085	0.697085	
-0.722787	-0.870386	-0.992898	-1.07335	-1.08896	-1.04356	-0.950454	-0.830443	-0.699476	-0.546765	-0.378536	-0.197766	-0.00134438	0.225034	0.489491	0.781891	1.07447	1.33406	1.53173	1.64832	1.68433	1.63665	1.51235	1.33085	1.12292	0.923276	0.74267	0.585904	0.443128	0.296323	0.149697	0.00917506	-0.127086	-0.255132	-0.354349	-0.402161	-0.391022	-0.321899	-0.217468	-0.0999283	0.0424791	0.207745	0.364154	0.493242	0.586383	0.636682	0.654674	0.658879	0.659443	0.659443	
-0.81574	-0.992898	-1.13463	-1.22017	-1.23737	-1.19026	-1.08918	-0.952954	-0.793603	-0.616197	-0.435019	-0.255503	-0.0734448	0.130783	0.365922	0.623904	0.884439	1.12004	1.29847	1.40931	1.45822	1.43471	1.34621	1.20952	1.04922	0.895868	0.758177	0.639307	0.523432	0.387526	0.236472	0.0843361	-0.0615746	-0.193899	-0.29303	-0.34153	-0.333553	-0.264771	-0.152681	-0.02061	0.133226	0.300861	0.455042	0.576994	0.654077	0.680162	0.666155	0.635961	0.614045	0.614045	
-0.876301	-1.07335	-1.22017	-1.30711	-1.32303	-1.27376	-1.16219	-1.0034	-0.818785	-0.623483	-0.440463	-0.273715	-0.111101	0.066867	0.263897	0.476309	0.690709	0.882496	1.02888	1.12588	1.17682	1.17717	1.12861	1.03549	0.92515	0.821355	0.723235	0.635718	0.546376	0.433869	0.295208	0.139163	-0.0152142	-0.147682	-0.239894	-0.283099	-0.274528	-0.207536	-0.0930299	0.0522499	0.224034	0.404994	0.565315	0.680961	0.737716	0.736796	0.692556	0.632255	0.591075	0.591075	
-0.886744	-1.08896	-1.23737	-1.32303	-1.33901	-1.28703	-1.16142	-0.986086	-0.783963	-0.583555	-0.409515	-0.25769	-0.113495	0.0375882	0.194344	0.353482	0.507527	0.64588	0.749598	0.820141	0.870107	0.891182	0.878079	0.833397	0.775643	0.714237	0.647022	0.585356	0.522296	0.435175	0.311767	0.160484	0.00615747	-0.127285	-0.216142	-0.250022	-0.231523	-0.159325	-0.0390275	0.121535	0.313685	0.512227	0.682834	0.791929	0.824962	0.79801	0.734805	0.662751	0.616408	0.616408	
-0.840155	-1.04356	-1.19026	-1.27376	-1.28703	-1.22529	-1.08833	-0.900711	-0.6915	-0.495963	-0.33348	-0.19792	-0.074313	0.0456539	0.152794	0.24701	0.336524	0.416825	0.475514	0.523872	0.567148	0.599939	0.618803	0.615828	0.605829	0.589853	0.557241	0.517544	0.468231	0.396714	0.290425	0.147784	-0.00780121	-0.142766	-0.228126	-0.253894	-0.220738	-0.129776	0.00996979	0.190076	0.396588	0.603529	0.780042	0.887317	0.909565	0.872966	0.806797	0.73628	0.69245	0.69245	
-0.753832	-0.950454	-1.08918	-1.16219	-1.16142	-1.08833	-0.942259	-0.752419	-0.546839	-0.361023	-0.213079	-0.095624	0.00465173	0.0859729	0.13565	0.163913	0.186518	0.209444	0.228473	0.249117	0.279143	0.319234	0.35931	0.394749	0.436858	0.467831	0.468235	0.444669	0.403193	0.341026	0.239414	0.0968289	-0.0562462	-0.187877	-0.270594	-0.287068	-0.234209	-0.12075	0.0406423	0.240118	0.454959	0.66115	0.840469	0.956618	0.990611	0.967721	0.913869	0.850863	0.810133	0.810133	
-0.647279	-0.830443	-0.952954	-1.0034	-0.986086	-0.900711	-0.752419	-0.566263	-0.364651	-0.18724	-0.05048	0.0497017	0.120942	0.155002	0.143244	0.101455	0.0596322	0.0331647	0.0152111	0.0141417	0.0333703	0.0712778	0.124449	0.189849	0.271439	0.343388	0.378998	0.375998	0.339454	0.272443	0.165502	0.0234176	-0.125225	-0.247396	-0.31625	-0.321132	-0.260565	-0.139696	0.0337809	0.248066	0.471636	0.682206	0.871003	1.00479	1.06338	1.06852	1.03971	0.993674	0.960801	0.960801	
-0.53769	-0.699476	-0.793603	-0.818785	-0.783963	-0.6915	-0.546839	-0.364651	-0.167859	0.00230621	0.12729	0.205102	0.241297	0.227184	0.156832	0.057955	-0.0303184	-0.0939509	-0.133845	-0.150235	-0.148345	-0.120239	-0.0688185	0.00788539	0.11525	0.218244	0.283124	0.295738	0.261863	0.196751	0.091861	-0.0485484	-0.187945	-0.292796	-0.349019	-0.350927	-0.293239	-0.180111	-0.0112817	0.210161	0.448851	0.676362	0.882466	1.03591	1.11964	1.15501	1.15853	1.14122	1.12518	1.12518	
-0.413181	-0.546765	-0.616197	-0.623483	-0.583555	-0.495963	-0.361023	-0.18724	0.00230621	0.163788	0.274479	0.329524	0.335489	0.281236	0.170695	0.0379567	-0.0786826	-0.159564	-0.209087	-0.237578	-0.249792	-0.239831	-0.206215	-0.135675	-0.0271972	0.0846507	0.166706	0.19731	0.182383	0.131453	0.0334165	-0.0990256	-0.229198	-0.326208	-0.374894	-0.373044	-0.322652	-0.225311	-0.0664855	0.157428	0.407618	0.651873	0.875771	1.0481	1.15464	1.21615	1.24903	1.26071	1.2628	1.2628	
-0.265264	-0.378536	-0.435019	-0.440463	-0.409515	-0.33348	-0.213079	-0.05048	0.12729	0.274479	0.367297	0.401841	0.382459	0.302718	0.173876	0.0284023	-0.0924537	-0.173964	-0.223479	-0.255454	-0.283373	-0.299074	-0.291789	-0.241758	-0.146642	-0.0357826	0.0594382	0.109551	0.111867	0.0742715	-0.0100754	-0.132808	-0.259579	-0.351578	-0.394534	-0.390583	-0.340105	-0.244522	-0.090901	0.125894	0.374093	0.623715	0.855366	1.04007	1.16523	1.24421	1.29174	1.31693	1.32727	1.32727	
-0.0936325	-0.197766	-0.255503	-0.273715	-0.25769	-0.19792	-0.095624	0.0497017	0.205102	0.329524	0.401841	0.417108	0.381259	0.29064	0.158257	0.0184934	-0.095509	-0.172293	-0.215241	-0.248502	-0.286279	-0.318073	-0.329058	-0.29314	-0.212248	-0.109889	-0.0143065	0.039365	0.0506769	0.0253518	-0.0489166	-0.163455	-0.283069	-0.37041	-0.407951	-0.391771	-0.327251	-0.223574	-0.0690184	0.141291	0.379483	0.618085	0.837484	1.01658	1.14405	1.22207	1.26375	1.28404	1.2915	1.2915	
0.105355	-0.00134438	-0.0734448	-0.111101	-0.113495	-0.074313	0.00465173	0.120942	0.241297	0.335489	0.382459	0.381259	0.334644	0.238484	0.113214	-0.0137555	-0.116822	-0.181512	-0.213184	-0.238274	-0.270781	-0.305071	-0.321108	-0.293147	-0.227387	-0.140009	-0.0565066	-0.00723905	0.00476783	-0.0230881	-0.0929682	-0.192354	-0.296726	-0.370463	-0.393013	-0.362787	-0.285058	-0.163878	0.00553107	0.215357	0.440806	0.656975	0.841308	0.983581	1.08134	1.13198	1.14932	1.15354	1.15314	1.15314	
0.345197	0.225034	0.130783	0.066867	0.0375882	0.0456539	0.0859729	0.155002	0.227184	0.281236	0.302718	0.29064	0.238484	0.148901	0.0410667	-0.0650721	-0.147814	-0.196558	-0.214513	-0.226042	-0.24811	-0.27816	-0.291395	-0.265837	-0.21352	-0.144506	-0.0778365	-0.0414426	-0.0413445	-0.0746195	-0.133305	-0.209596	-0.287073	-0.336755	-0.342109	-0.296614	-0.199962	-0.0568221	0.128134	0.339468	0.553474	0.738239	0.865835	0.941763	0.978796	0.976775	0.953843	0.934289	0.923707	0.923707	
0.628631	0.489491	0.365922	0.263897	0.194344	0.152794	0.13565	0.143244	0.156832	0.170695	0.173876	0.158257	0.113214	0.0410667	-0.041482	-0.118153	-0.178301	-0.211875	-0.217049	-0.216973	-0.228952	-0.250938	-0.256887	-0.234704	-0.197242	-0.147021	-0.102009	-0.0812022	-0.0873965	-0.121062	-0.16837	-0.216717	-0.256458	-0.269626	-0.24262	-0.171162	-0.0571666	0.100598	0.294439	0.498738	0.688694	0.82955	0.891193	0.889823	0.850505	0.780407	0.704416	0.650619	0.623848	0.623848	
0.936664	0.781891	0.623904	0.476309	0.353482	0.24701	0.163913	0.101455	0.057955	0.0379567	0.0284023	0.0184934	-0.0137555	-0.0650721	-0.118153	-0.166791	-0.207652	-0.228324	-0.226874	-0.220872	-0.223443	-0.235824	-0.235687	-0.216349	-0.189492	-0.158727	-0.134436	-0.123054	-0.136179	-0.174531	-0.207833	-0.219054	-0.206932	-0.166165	-0.0936281	0.00966518	0.144021	0.312196	0.496781	0.669722	0.815823	0.902068	0.896979	0.821739	0.708107	0.569791	0.436283	0.339748	0.290322	0.290322	
1.23735	1.07447	0.884439	0.690709	0.507527	0.336524	0.186518	0.0596322	-0.0303184	-0.0786826	-0.0924537	-0.095509	-0.116822	-0.147814	-0.178301	-0.207652	-0.235	-0.251576	-0.253414	-0.245443	-0.241472	-0.244955	-0.233848	-0.21277	-0.195146	-0.180211	-0.171525	-0.171707	-0.193329	-0.228442	-0.240622	-0.212378	-0.145628	-0.0465347	0.0794651	0.225122	0.383702	0.553414	0.714558	0.842933	0.929087	0.946424	0.872933	0.731827	0.554256	0.359614	0.179163	0.0456365	-0.0243963	-0.0243963	
1.49684	1.33406	1.12004	0.882496	0.64588	0.416825	0.209444	0.0331647	-0.0939509	-0.159564	-0.173964	-0.172293	-0.181512	-0.196558	-0.211875	-0.228324	-0.251576	-0.275514	-0.28793	-0.287468	-0.285252	-0.277005	-0.254727	-0.233868	-0.218413	-0.211932	-0.215387	-0.220071	-0.238057	-0.262879	-0.257951	-0.1988	-0.0843404	0.0692793	0.245314	0.428973	0.611683	0.788057	0.930457	1.01286	1.03036	0.970433	0.826978	0.623388	0.391473	0.159861	-0.0432847	-0.193384	-0.272631	-0.272631	
1.68777	1.53173	1.29847	1.02888	0.749598	0.475514	0.228473	0.0152111	-0.133845	-0.209087	-0.223479	-0.215241	-0.213184	-0.214513	-0.217049	-0.226874	-0.253414	-0.28793	-0.318014	-0.334962	-0.335792	-0.320159	-0.29433	-0.269845	-0.252776	-0.252226	-0.256144	-0.255122	-0.266503	-0.280703	-0.260491	-0.176571	-0.0281577	0.160023	0.368485	0.584205	0.794857	0.982131	1.11186	1.15935	1.11716	0.983904	0.774157	0.515249	0.24202	-0.00727364	-0.210675	-0.357058	-0.433362	-0.433362	
1.79565	1.64832	1.40931	1.12588	0.820141	0.523872	0.249117	0.0141417	-0.150235	-0.237578	-0.255454	-0.248502	-0.238274	-0.226042	-0.216973	-0.220872	-0.245443	-0.287468	-0.334962	-0.36476	-0.370604	-0.352376	-0.320376	-0.293948	-0.280085	-0.281485	-0.285547	-0.287622	-0.295253	-0.294207	-0.257134	-0.157695	0.00758152	0.216679	0.448427	0.685226	0.911482	1.10385	1.22766	1.25464	1.16927	0.983434	0.73158	0.440045	0.143803	-0.110525	-0.305734	-0.442381	-0.512708	-0.512708	
1.81996	1.68433	1.45822	1.17682	0.870107	0.567148	0.279143	0.0333703	-0.148345	-0.249792	-0.283373	-0.286279	-0.270781	-0.24811	-0.228952	-0.223443	-0.241472	-0.285252	-0.335792	-0.370604	-0.375329	-0.343993	-0.307288	-0.284741	-0.277031	-0.290251	-0.309493	-0.324324	-0.330906	-0.317088	-0.268335	-0.157827	0.0230716	0.248032	0.488131	0.728891	0.957633	1.14461	1.2575	1.27158	1.16837	0.967476	0.710615	0.418332	0.12278	-0.127692	-0.318334	-0.452447	-0.522017	-0.522017	
1.75284	1.63665	1.43471	1.17717	0.891182	0.599939	0.319234	0.0712778	-0.120239	-0.239831	-0.299074	-0.318073	-0.305071	-0.27816	-0.250938	-0.235824	-0.244955	-0.277005	-0.320159	-0.352376	-0.343993	-0.30364	-0.268163	-0.248215	-0.254617	-0.286081	-0.321867	-0.354935	-0.369306	-0.351075	-0.291124	-0.166533	0.0220234	0.246524	0.483489	0.719399	0.935354	1.10272	1.20334	1.21703	1.12106	0.937354	0.707045	0.444269	0.173605	-0.0637081	-0.251491	-0.386518	-0.457583	-0.457583	
1.60454	1.51235	1.34621	1.12861	0.878079	0.618803	0.35931	0.124449	-0.0688185	-0.206215	-0.291789	-0.329058	-0.321108	-0.291395	-0.256887	-0.235687	-0.233848	-0.254727	-0.29433	-0.320376	-0.307288	-0.268163	-0.230484	-0.215818	-0.235197	-0.274619	-0.325023	-0.376994	-0.397778	-0.371962	-0.298236	-0.171372	0.00406858	0.214059	0.436138	0.651923	0.846383	0.999008	1.09605	1.11721	1.04407	0.897645	0.709263	0.490763	0.262187	0.0531825	-0.118403	-0.241993	-0.30708	-0.30708	
1.39403	1.33085	1.20952	1.03549	0.833397	0.615828	0.394749	0.189849	0.00788539	-0.135675	-0.241758	-0.29314	-0.293147	-0.265837	-0.234704	-0.216349	-0.21277	-0.233868	-0.269845	-0.293948	-0.284741	-0.248215	-0.215818	-0.210456	-0.234298	-0.276203	-0.332936	-0.386622	-0.400493	-0.363697	-0.284483	-0.167843	-0.0151649	0.16485	0.354557	0.544775	0.722007	0.864836	0.961398	0.995515	0.954101	0.848482	0.699433	0.528431	0.355648	0.194959	0.0625982	-0.0278665	-0.0735907	-0.0735907	
1.14272	1.12292	1.04922	0.92515	0.775643	0.605829	0.436858	0.271439	0.11525	-0.0271972	-0.146642	-0.212248	-0.227387	-0.21352	-0.197242	-0.189492	-0.195146	-0.218413	-0.252776	-0.280085	-0.277031	-0.254617	-0.235197	-0.234298	-0.257096	-0.293069	-0.341496	-0.384312	-0.388787	-0.345899	-0.260875	-0.148823	-0.0227218	0.118693	0.276871	0.443097	0.599148	0.731188	0.826628	0.867256	0.848444	0.776307	0.665176	0.547421	0.441604	0.345437	0.270475	0.227828	0.209651	0.209651	
0.893015	0.923276	0.895868	0.821355	0.714237	0.589853	0.467831	0.343388	0.218244	0.0846507	-0.0357826	-0.109889	-0.140009	-0.144506	-0.147021	-0.158727	-0.180211	-0.211932	-0.252226	-0.281485	-0.290251	-0.286081	-0.274619	-0.276203	-0.293069	-0.318229	-0.355797	-0.38438	-0.378545	-0.324243	-0.22599	-0.119009	-0.0168324	0.0996107	0.236219	0.379879	0.517029	0.634372	0.709516	0.734069	0.722973	0.678652	0.60899	0.551254	0.518503	0.494175	0.480797	0.483567	0.489444	0.489444	
0.670383	0.74267	0.758177	0.723235	0.647022	0.557241	0.468235	0.378998	0.283124	0.166706	0.0594382	-0.0143065	-0.0565066	-0.0778365	-0.102009	-0.134436	-0.171525	-0.215387	-0.256144	-0.285547	-0.309493	-0.321867	-0.325023	-0.332936	-0.341496	-0.355797	-0.375245	-0.380097	-0.356249	-0.288217	-0.186868	-0.0859349	0.0110983	0.118995	0.242409	0.37256	0.491695	0.579347	0.617382	0.615172	0.59896	0.572238	0.54457	0.547286	0.581453	0.622014	0.661124	0.69684	0.718139	0.718139	
0.48274	0.585904	0.639307	0.635718	0.585356	0.517544	0.444669	0.375998	0.295738	0.19731	0.109551	0.039365	-0.00723905	-0.0414426	-0.0812022	-0.123054	-0.171707	-0.220071	-0.255122	-0.287622	-0.324324	-0.354935	-0.376994	-0.386622	-0.384312	-0.38438	-0.380097	-0.359496	-0.318616	-0.244974	-0.143439	-0.0350687	0.0690899	0.174105	0.290445	0.408	0.503923	0.559725	0.563956	0.534427	0.504464	0.488323	0.496693	0.541909	0.616442	0.700462	0.777401	0.835308	0.866419	0.866419	
0.322986	0.443128	0.523432	0.546376	0.522296	0.468231	0.403193	0.339454	0.261863	0.182383	0.111867	0.0506769	0.00476783	-0.0413445	-0.0873965	-0.136179	-0.193329	-0.238057	-0.266503	-0.295253	-0.330906	-0.369306	-0.397778	-0.400493	-0.388787	-0.378545	-0.356249	-0.318616	-0.267465	-0.188554	-0.0833638	0.0308346	0.142378	0.252941	0.36627	0.470089	0.544177	0.570344	0.546936	0.501125	0.463568	0.452888	0.478323	0.534245	0.614252	0.713517	0.809939	0.880539	0.917832	0.917832	
0.175529	0.296323	0.387526	0.433869	0.435175	0.396714	0.341026	0.272443	0.196751	0.131453	0.0742715	0.0253518	-0.0230881	-0.0746195	-0.121062	-0.174531	-0.228442	-0.262879	-0.280703	-0.294207	-0.317088	-0.351075	-0.371962	-0.363697	-0.345899	-0.324243	-0.288217	-0.244974	-0.188554	-0.110744	-0.0180334	0.0935963	0.220796	0.346005	0.459095	0.550228	0.60106	0.601653	0.567485	0.520042	0.474303	0.456308	0.478069	0.52062	0.581315	0.669287	0.761725	0.82989	0.86588	0.86588	
0.0436916	0.149697	0.236472	0.295208	0.311767	0.290425	0.239414	0.165502	0.091861	0.0334165	-0.0100754	-0.0489166	-0.0929682	-0.133305	-0.16837	-0.207833	-0.240622	-0.257951	-0.260491	-0.257134	-0.268335	-0.291124	-0.298236	-0.284483	-0.260875	-0.22599	-0.186868	-0.143439	-0.0833638	-0.0180334	0.0583125	0.172572	0.310942	0.441177	0.550082	0.628325	0.663819	0.657222	0.623361	0.569763	0.5087	0.474212	0.476698	0.494559	0.528187	0.587457	0.652256	0.69908	0.723071	0.723071	
-0.0743369	0.00917506	0.0843361	0.139163	0.160484	0.147784	0.0968289	0.0234176	-0.0485484	-0.0990256	-0.132808	-0.163455	-0.192354	-0.209596	-0.216717	-0.219054	-0.212378	-0.1988	-0.176571	-0.157695	-0.157827	-0.166533	-0.171372	-0.167843	-0.148823	-0.119009	-0.0859349	-0.0350687	0.0308346	0.0935963	0.172572	0.28456	0.411494	0.533466	0.634249	0.700756	0.727462	0.71645	0.677438	0.616008	0.543875	0.487988	0.460139	0.452213	0.460316	0.481	0.503489	0.519222	0.526469	0.526469	
-0.193037	-0.127086	-0.0615746	-0.0152142	0.00615747	-0.00780121	-0.0562462	-0.125225	-0.187945	-0.229198	-0.259579	-0.283069	-0.296726	-0.287073	-0.256458	-0.206932	-0.145628	-0.0843404	-0.0281577	0.00758152	0.0230716	0.0220234	0.00406858	-0.0151649	-0.0227218	-0.0168324	0.0110983	0.0690899	0.142378	0.220796	0.310942	0.411494	0.522754	0.636616	0.724	0.768095	0.772335	0.746049	0.69756	0.62998	0.552641	0.481851	0.429193	0.39832	0.378369	0.356204	0.336753	0.32655	0.321968	0.321968	
-0.312083	-0.255132	-0.193899	-0.147682	-0.127285	-0.142766	-0.187877	-0.247396	-0.292796	-0.326208	-0.351578	-0.37041	-0.370463	-0.336755	-0.269626	-0.166165	-0.0465347	0.0692793	0.160023	0.216679	0.248032	0.246524	0.214059	0.16485	0.118693	0.0996107	0.118995	0.174105	0.252941	0.346005	0.441177	0.533466	0.636616	0.739237	0.804098	0.818582	0.794994	0.743984	0.670437	0.588772	0.516136	0.448562	0.383253	0.331892	0.285295	0.228611	0.178298	0.150968	0.140465	0.140465	
-0.40579	-0.354349	-0.29303	-0.239894	-0.216142	-0.228126	-0.270594	-0.31625	-0.349019	-0.374894	-0.394534	-0.407951	-0.393013	-0.342109	-0.24262	-0.0936281	0.0794651	0.245314	0.368485	0.448427	0.488131	0.483489	0.436138	0.354557	0.276871	0.236219	0.242409	0.290445	0.36627	0.459095	0.550082	0.634249	0.724	0.804098	0.846977	0.843775	0.795193	0.707465	0.601394	0.510814	0.445701	0.380508	0.308662	0.247233	0.187997	0.117531	0.0529737	0.0124892	-0.00557387	-0.00557387	
-0.448318	-0.402161	-0.34153	-0.283099	-0.250022	-0.253894	-0.287068	-0.321132	-0.350927	-0.373044	-0.390583	-0.391771	-0.362787	-0.296614	-0.171162	0.00966518	0.225122	0.428973	0.584205	0.685226	0.728891	0.719399	0.651923	0.544775	0.443097	0.379879	0.37256	0.408	0.470089	0.550228	0.628325	0.700756	0.768095	0.818582	0.843775	0.82485	0.748364	0.63569	0.522443	0.430239	0.354673	0.28093	0.210195	0.147519	0.0871575	0.0261705	-0.0314407	-0.0791923	-0.107199	-0.107199	
-0.436469	-0.391022	-0.333553	-0.274528	-0.231523	-0.220738	-0.234209	-0.260565	-0.293239	-0.322652	-0.340105	-0.327251	-0.285058	-0.199962	-0.0571666	0.144021	0.383702	0.611683	0.794857	0.911482	0.957633	0.935354	0.846383	0.722007	0.599148	0.517029	0.491695	0.503923	0.544177	0.60106	0.663819	0.727462	0.772335	0.794994	0.795193	0.748364	0.655488	0.548609	0.44532	0.346469	0.254713	0.177418	0.111107	0.0446632	-0.0136409	-0.0535041	-0.0892821	-0.128599	-0.155078	-0.155078	
-0.376083	-0.321899	-0.264771	-0.207536	-0.159325	-0.129776	-0.12075	-0.139696	-0.180111	-0.225311	-0.244522	-0.223574	-0.163878	-0.0568221	0.100598	0.312196	0.553414	0.788057	0.982131	1.10385	1.14461	1.10272	0.999008	0.864836	0.731188	0.634372	0.579347	0.559725	0.570344	0.601653	0.657222	0.71645	0.746049	0.743984	0.707465	0.63569	0.548609	0.456363	0.357783	0.255812	0.160799	0.0861402	0.0233027	-0.043194	-0.0969998	-0.122549	-0.136466	-0.150192	-0.157541	-0.157541	
-0.285877	-0.217468	-0.152681	-0.0930299	-0.0390275	0.00996979	0.0406423	0.0337809	-0.0112817	-0.0664855	-0.090901	-0.0690184	0.00553107	0.128134	0.294439	0.496781	0.714558	0.930457	1.11186	1.22766	1.2575	1.20334	1.09605	0.961398	0.826628	0.709516	0.617382	0.563956	0.546936	0.567485	0.623361	0.677438	0.69756	0.670437	0.601394	0.522443	0.44532	0.357783	0.262806	0.166565	0.076496	0.00624173	-0.0506692	-0.106656	-0.150457	-0.169477	-0.168639	-0.157631	-0.146835	-0.146835	
-0.180287	-0.0999283	-0.02061	0.0522499	0.121535	0.190076	0.240118	0.248066	0.210161	0.157428	0.125894	0.141291	0.215357	0.339468	0.498738	0.669722	0.842933	1.01286	1.15935	1.25464	1.27158	1.21703	1.11721	0.995515	0.867256	0.734069	0.615172	0.534427	0.501125	0.520042	0.569763	0.616008	0.62998	0.588772	0.510814	0.430239	0.346469	0.255812	0.166565	0.0812255	0.00510018	-0.0585544	-0.111878	-0.150417	-0.173431	-0.18411	-0.178454	-0.161395	-0.149014	-0.149014	
-0.0418697	0.0424791	0.133226	0.224034	0.313685	0.396588	0.454959	0.471636	0.448851	0.407618	0.374093	0.379483	0.440806	0.553474	0.688694	0.815823	0.929087	1.03036	1.11716	1.16927	1.16837	1.12106	1.04407	0.954101	0.848444	0.722973	0.59896	0.504464	0.463568	0.474303	0.5087	0.543875	0.552641	0.516136	0.445701	0.354673	0.254713	0.160799	0.076496	0.00510018	-0.0546584	-0.113768	-0.158894	-0.17104	-0.170253	-0.176216	-0.176509	-0.167587	-0.162008	-0.162008	
0.12661	0.207745	0.300861	0.404994	0.512227	0.603529	0.66115	0.682206	0.676362	0.651873	0.623715	0.618085	0.656975	0.738239	0.82955	0.902068	0.946424	0.970433	0.983904	0.983434	0.967476	0.937354	0.897645	0.848482	0.776307	0.678652	0.572238	0.488323	0.452888	0.456308	0.474212	0.487988	0.481851	0.448562	0.380508	0.28093	0.177418	0.0861402	0.00624173	-0.0585544	-0.113768	-0.161361	-0.180347	-0.16923	-0.159192	-0.164084	-0.171315	-0.174289	-0.175712	-0.175712	
0.288611	0.364154	0.455042	0.565315	0.682834	0.780042	0.840469	0.871003	0.882466	0.875771	0.855366	0.837484	0.841308	0.865835	0.891193	0.896979	0.872933	0.826978	0.774157	0.73158	0.710615	0.707045	0.709263	0.699433	0.665176	0.60899	0.54457	0.496693	0.478323	0.478069	0.476698	0.460139	0.429193	0.383253	0.308662	0.210195	0.111107	0.0233027	-0.0506692	-0.111878	-0.158894	-0.180347	-0.177837	-0.169433	-0.160832	-0.153991	-0.160292	-0.176525	-0.187034	-0.187034	
0.429039	0.493242	0.576994	0.680961	0.791929	0.887317	0.956618	1.00479	1.03591	1.0481	1.04007	1.01658	0.983581	0.941763	0.889823	0.821739	0.731827	0.623388	0.515249	0.440045	0.418332	0.444269	0.490763	0.528431	0.547421	0.551254	0.547286	0.541909	0.534245	0.52062	0.494559	0.452213	0.39832	0.331892	0.247233	0.147519	0.0446632	-0.043194	-0.106656	-0.150417	-0.17104	-0.16923	-0.169433	-0.177928	-0.171078	-0.152924	-0.153739	-0.17319	-0.18771	-0.18771	
0.544098	0.586383	0.654077	0.737716	0.824962	0.909565	0.990611	1.06338	1.11964	1.15464	1.16523	1.14405	1.08134	0.978796	0.850505	0.708107	0.554256	0.391473	0.24202	0.143803	0.12278	0.173605	0.262187	0.355648	0.441604	0.518503	0.581453	0.616442	0.614252	0.581315	0.528187	0.460316	0.378369	0.285295	0.187997	0.0871575	-0.0136409	-0.0969998	-0.150457	-0.173431	-0.170253	-0.159192	-0.160832	-0.171078	-0.174441	-0.170055	-0.166297	-0.167278	-0.170359	-0.170359	
0.621387	0.636682	0.680162	0.736796	0.79801	0.872966	0.967721	1.06852	1.15501	1.21615	1.24421	1.22207	1.13198	0.976775	0.780407	0.569791	0.359614	0.159861	-0.00727364	-0.110525	-0.127692	-0.0637081	0.0531825	0.194959	0.345437	0.494175	0.622014	0.700462	0.713517	0.669287	0.587457	0.481	0.356204	0.228611	0.117531	0.0261705	-0.0535041	-0.122549	-0.169477	-0.18411	-0.176216	-0.164084	-0.153991	-0.152924	-0.170055	-0.189261	-0.185027	-0.163883	-0.149214	-0.149214	
0.664357	0.654674	0.666155	0.692556	0.734805	0.806797	0.913869	1.03971	1.15853	1.24903	1.29174	1.26375	1.14932	0.953843	0.704416	0.436283	0.179163	-0.0432847	-0.210675	-0.305734	-0.318334	-0.251491	-0.118403	0.0625982	0.270475	0.480797	0.661124	0.777401	0.809939	0.761725	0.652256	0.503489	0.336753	0.178298	0.0529737	-0.0314407	-0.0892821	-0.136466	-0.168639	-0.178454	-0.176509	-0.171315	-0.160292	-0.153739	-0.166297	-0.185027	-0.184588	-0.164713	-0.146683	-0.146683	
0.687284	0.658879	0.635961	0.632255	0.662751	0.73628	0.850863	0.993674	1.14122	1.26071	1.31693	1.28404	1.15354	0.934289	0.650619	0.339748	0.0456365	-0.193384	-0.357058	-0.442381	-0.452447	-0.386518	-0.241993	-0.0278665	0.227828	0.483567	0.69684	0.835308	0.880539	0.82989	0.69908	0.519222	0.32655	0.150968	0.0124892	-0.0791923	-0.128599	-0.150192	-0.157631	-0.161395	-0.167587	-0.174289	-0.176525	-0.17319	-0.167278	-0.163883	-0.164713	-0.16515	-0.16325	-0.16325	
0.697085	0.659443	0.614045	0.591075	0.616408	0.69245	0.810133	0.960801	1.12518	1.2628	1.32727	1.2915	1.15314	0.923707	0.623848	0.290322	-0.0243963	-0.272631	-0.433362	-0.512708	-0.522017	-0.457583	-0.30708	-0.0735907	0.209651	0.489444	0.718139	0.866419	0.917832	0.86588	0.723071	0.526469	0.321968	0.140465	-0.00557387	-0.107199	-0.155078	-0.157541	-0.146835	-0.149014	-0.162008	-0.175712	-0.187034	-0.18771	-0.170359	-0.149214	-0.146683	-0.16325	-0.179507	-0.179507	
0.697085	0.659443	0.614045	0.591075	0.616408	0.69245	0.810133	0.960801	1.12518	1.2628	1.32727	1.2915	1.15314	0.923707	0.623848	0.290322	-0.0243963	-0.272631	-0.433362	-0.512708	-0.522017	-0.457583	-0.30708	-0.0735907	0.209651	0.489444	0.718139	0.866419	0.917832	0.86588	0.723071	0.526469	0.321968	0.140465	-0.00557387	-0.107199	-0.155078	-0.157541	-0.146835	-0.149014	-0.162008	-0.175712	-0.187034	-0.18771	-0.170359	-0.149214	-0.146683	-0.16325	-0.179507	-0.179507	
