-1.98084	-1.98084	-1.95175	-1.89681	-1.79799	-1.64749	-1.44666	-1.15956	-0.776584	-0.340294	0.133683	0.627688	1.0849	1.44584	1.68884	1.82424	1.84429	1.72849	1.47101	1.11447	0.732289	0.392812	0.135775	-0.0351732	-0.135677	-0.188117	-0.213447	-0.223303	-0.227539	-0.228567	-0.229097	-0.229994	-0.230401	-0.232339	-0.233222	-0.235492	-0.236904	-0.238405	-0.239628	-0.240219	-0.239815	-0.240764	-0.239995	-0.242618	-0.248147	-0.256934	-0.273521	-0.296174	-0.323826	-0.351545	
-1.98084	-1.98084	-1.95175	-1.89681	-1.79799	-1.64749	-1.44666	-1.15956	-0.776584	-0.340294	0.133683	0.627688	1.0849	1.44584	1.68884	1.82424	1.84429	1.72849	1.47101	1.11447	0.732289	0.392812	0.135775	-0.0351732	-0.135677	-0.188117	-0.213447	-0.223303	-0.227539	-0.228567	-0.229097	-0.229994	-0.230401	-0.232339	-0.233222	-0.235492	-0.236904	-0.238405	-0.239628	-0.240219	-0.239815	-0.240764	-0.239995	-0.242618	-0.248147	-0.256934	-0.273521	-0.296174	-0.323826	-0.351545	
-1.95175	-1.95175	-1.92854	-1.88018	-1.78726	-1.63586	-1.40769	-1.09436	-0.715318	-0.284608	0.170921	0.62057	1.03633	1.37372	1.61249	1.74455	1.76243	1.65434	1.42241	1.10142	0.750169	0.431184	0.179145	0.006205	-0.0999636	-0.158979	-0.187625	-0.201317	-0.206508	-0.208595	-0.209654	-0.209614	-0.210816	-0.210621	-0.212695	-0.213188	-0.216234	-0.218701	-0.222985	-0.228379	-0.235475	-0.243048	-0.254338	-0.264146	-0.27645	-0.289278	-0.301101	-0.310696	-0.321832	-0.331208	
-1.89681	-1.89681	-1.88018	-1.82955	-1.73905	-1.58144	-1.32497	-1.00287	-0.635704	-0.216489	0.209383	0.606898	0.962936	1.26741	1.49757	1.61849	1.62758	1.52545	1.32898	1.05997	0.759427	0.469214	0.226706	0.0485946	-0.0681429	-0.136635	-0.17194	-0.190161	-0.196568	-0.200519	-0.201227	-0.20207	-0.203271	-0.203729	-0.206403	-0.208273	-0.212498	-0.217629	-0.224692	-0.233522	-0.245983	-0.257924	-0.274392	-0.289071	-0.302183	-0.312447	-0.316733	-0.315233	-0.307789	-0.306005	
-1.79799	-1.79799	-1.78726	-1.73905	-1.64304	-1.46436	-1.20058	-0.897717	-0.555401	-0.179864	0.197859	0.550048	0.86249	1.14883	1.36755	1.47877	1.47578	1.37882	1.21754	1.00476	0.757526	0.497525	0.264016	0.0745753	-0.0575991	-0.140056	-0.186867	-0.209254	-0.220007	-0.224186	-0.225961	-0.227678	-0.228635	-0.231637	-0.23322	-0.238184	-0.240883	-0.247006	-0.251848	-0.258067	-0.264496	-0.27209	-0.277626	-0.286539	-0.292089	-0.298475	-0.301243	-0.3076	-0.30815	-0.314722	
-1.64749	-1.64749	-1.63586	-1.58144	-1.46436	-1.28378	-1.06054	-0.7985	-0.503277	-0.192611	0.136564	0.451797	0.742141	1.00429	1.1992	1.30029	1.29134	1.21532	1.09842	0.950342	0.758966	0.54022	0.315187	0.117395	-0.0333062	-0.134097	-0.195239	-0.224945	-0.24224	-0.246602	-0.251251	-0.252362	-0.254293	-0.257851	-0.259457	-0.264875	-0.26737	-0.272312	-0.275132	-0.278671	-0.278415	-0.28039	-0.276351	-0.27521	-0.272321	-0.274224	-0.279931	-0.293837	-0.320518	-0.352011	
-1.44666	-1.44666	-1.40769	-1.32497	-1.20058	-1.06054	-0.905318	-0.707399	-0.483291	-0.236294	0.0379677	0.311384	0.570362	0.78833	0.958034	1.05292	1.0703	1.04313	0.989445	0.911518	0.785852	0.613114	0.40234	0.200794	0.028983	-0.0939264	-0.17196	-0.21684	-0.239146	-0.249898	-0.254528	-0.256834	-0.258323	-0.259529	-0.261699	-0.262365	-0.26569	-0.266056	-0.268688	-0.26964	-0.270378	-0.270573	-0.271498	-0.270625	-0.274521	-0.278478	-0.295523	-0.31731	-0.359107	-0.413438	
-1.15956	-1.15956	-1.09436	-1.00287	-0.897717	-0.7985	-0.707399	-0.595234	-0.457645	-0.294534	-0.106946	0.102917	0.309266	0.487106	0.638453	0.750134	0.82874	0.869585	0.890585	0.881161	0.822845	0.69154	0.506694	0.300126	0.111826	-0.0350833	-0.132837	-0.195022	-0.224434	-0.243221	-0.24782	-0.251914	-0.252257	-0.250954	-0.251989	-0.248414	-0.24953	-0.246436	-0.247195	-0.246351	-0.249943	-0.252981	-0.26426	-0.275782	-0.298881	-0.324417	-0.359451	-0.404864	-0.457267	-0.51986	
-0.776584	-0.776584	-0.715318	-0.635704	-0.555401	-0.503277	-0.483291	-0.457645	-0.412256	-0.350787	-0.267543	-0.146981	-0.00798909	0.125692	0.258861	0.40365	0.545452	0.662234	0.756197	0.813989	0.816067	0.736528	0.585959	0.387863	0.193815	0.0301244	-0.0860947	-0.159892	-0.201138	-0.222553	-0.232213	-0.236435	-0.238296	-0.238724	-0.239312	-0.240094	-0.240806	-0.243792	-0.246963	-0.253973	-0.26376	-0.278495	-0.300078	-0.328385	-0.364716	-0.413557	-0.463714	-0.522446	-0.583353	-0.640492	
-0.340294	-0.340294	-0.284608	-0.216489	-0.179864	-0.192611	-0.236294	-0.294534	-0.350787	-0.395581	-0.422364	-0.397285	-0.333313	-0.250999	-0.132061	0.0351288	0.228129	0.411522	0.568399	0.68487	0.743926	0.721826	0.611307	0.438345	0.246414	0.0742225	-0.0560277	-0.141247	-0.192193	-0.217771	-0.231794	-0.237967	-0.242682	-0.24705	-0.251838	-0.259527	-0.267484	-0.280606	-0.29398	-0.313811	-0.335976	-0.363017	-0.395984	-0.434153	-0.474973	-0.525361	-0.579111	-0.632162	-0.688605	-0.740306	
0.133683	0.133683	0.170921	0.209383	0.197859	0.136564	0.0379677	-0.106946	-0.267543	-0.422364	-0.548473	-0.616714	-0.640298	-0.605827	-0.500516	-0.317011	-0.0865922	0.148917	0.358248	0.519951	0.627708	0.652039	0.583569	0.435783	0.251107	0.0714273	-0.0713494	-0.170746	-0.23086	-0.263474	-0.28164	-0.290057	-0.298635	-0.304938	-0.314817	-0.326938	-0.341082	-0.361195	-0.383461	-0.409979	-0.443736	-0.477336	-0.516867	-0.561148	-0.601046	-0.644079	-0.686633	-0.721408	-0.749343	-0.783221	
0.627688	0.627688	0.62057	0.606898	0.550048	0.451797	0.311384	0.102917	-0.146981	-0.397285	-0.616714	-0.796896	-0.905725	-0.903991	-0.801745	-0.610104	-0.361678	-0.0865025	0.150898	0.343868	0.481472	0.542669	0.507094	0.387354	0.208402	0.0265884	-0.132348	-0.243648	-0.317593	-0.356924	-0.380812	-0.393168	-0.402766	-0.414392	-0.423658	-0.441386	-0.456625	-0.478345	-0.504188	-0.529461	-0.562227	-0.598005	-0.629484	-0.671747	-0.706864	-0.735531	-0.764724	-0.781219	-0.771172	-0.752101	
1.0849	1.0849	1.03633	0.962936	0.86249	0.742141	0.570362	0.309266	-0.00798909	-0.333313	-0.640298	-0.905725	-1.05831	-1.07339	-0.987675	-0.817661	-0.568445	-0.290071	-0.0463161	0.166308	0.321849	0.408802	0.406066	0.311473	0.143206	-0.0391113	-0.212001	-0.337118	-0.423436	-0.473986	-0.500391	-0.520243	-0.528355	-0.544387	-0.554734	-0.571985	-0.591826	-0.609883	-0.635839	-0.659257	-0.680711	-0.709765	-0.727252	-0.74436	-0.763578	-0.764549	-0.758207	-0.753041	-0.722321	-0.661656	
1.44584	1.44584	1.37372	1.26741	1.14883	1.00429	0.78833	0.487106	0.125692	-0.250999	-0.605827	-0.903991	-1.07339	-1.11775	-1.0674	-0.920308	-0.688678	-0.429757	-0.179502	0.0412127	0.202296	0.30697	0.329773	0.249236	0.0975485	-0.0939916	-0.276845	-0.42109	-0.521938	-0.583955	-0.617522	-0.639259	-0.650333	-0.661567	-0.673313	-0.683025	-0.699055	-0.71197	-0.725047	-0.743671	-0.749344	-0.761493	-0.765279	-0.755427	-0.744809	-0.725054	-0.679866	-0.632921	-0.583085	-0.502766	
1.68884	1.68884	1.61249	1.49757	1.36755	1.1992	0.958034	0.638453	0.258861	-0.132061	-0.500516	-0.801745	-0.987675	-1.0674	-1.03825	-0.912094	-0.709024	-0.470231	-0.218053	-0.00569376	0.156302	0.271513	0.303568	0.238525	0.0970141	-0.104453	-0.296324	-0.463127	-0.57994	-0.653549	-0.698197	-0.71791	-0.733984	-0.736358	-0.746006	-0.745832	-0.750149	-0.752885	-0.747686	-0.748755	-0.738949	-0.723557	-0.711263	-0.680314	-0.643043	-0.601282	-0.543262	-0.4617	-0.385487	-0.290331	
1.82424	1.82424	1.74455	1.61849	1.47877	1.30029	1.05292	0.750134	0.40365	0.0351288	-0.317011	-0.610104	-0.817661	-0.920308	-0.912094	-0.814138	-0.648454	-0.429358	-0.185823	0.0159333	0.185423	0.302812	0.345793	0.299825	0.165406	-0.0361081	-0.237114	-0.424025	-0.554289	-0.642712	-0.695413	-0.71647	-0.734715	-0.730994	-0.736156	-0.728187	-0.722192	-0.712654	-0.697981	-0.675629	-0.65726	-0.616084	-0.582109	-0.533843	-0.474217	-0.407697	-0.336794	-0.24292	-0.141694	-0.0329475	
1.84429	1.84429	1.76243	1.62758	1.47578	1.29134	1.0703	0.82874	0.545452	0.228129	-0.0865922	-0.361678	-0.568445	-0.688678	-0.709024	-0.648454	-0.517428	-0.313919	-0.0887396	0.115223	0.28752	0.408951	0.463562	0.437031	0.307357	0.116592	-0.100759	-0.297083	-0.446582	-0.548261	-0.606834	-0.636537	-0.647408	-0.648186	-0.639233	-0.629399	-0.610838	-0.589314	-0.565749	-0.528445	-0.494069	-0.445335	-0.388297	-0.325097	-0.249402	-0.162208	-0.071433	0.0294858	0.133127	0.240043	
1.72849	1.72849	1.65434	1.52545	1.37882	1.21532	1.04313	0.869585	0.662234	0.411522	0.148917	-0.0865025	-0.290071	-0.429757	-0.470231	-0.429358	-0.313919	-0.131943	0.0850475	0.289583	0.461931	0.585712	0.652023	0.634945	0.519521	0.332048	0.108253	-0.0997119	-0.264935	-0.379517	-0.445256	-0.480773	-0.489572	-0.488014	-0.473715	-0.454167	-0.427914	-0.394359	-0.356264	-0.30922	-0.257479	-0.196112	-0.130558	-0.0563329	0.0257445	0.11324	0.205412	0.309171	0.412474	0.499638	
1.47101	1.47101	1.42241	1.32898	1.21754	1.09842	0.989445	0.890585	0.756197	0.568399	0.358248	0.150898	-0.0463161	-0.179502	-0.218053	-0.185823	-0.0887396	0.0850475	0.297544	0.503852	0.68382	0.81671	0.894378	0.894918	0.795422	0.616723	0.392607	0.175573	-0.00258849	-0.12762	-0.203498	-0.241436	-0.253	-0.248817	-0.230746	-0.207977	-0.1739	-0.135956	-0.0917479	-0.0362199	0.0188523	0.085968	0.159643	0.23127	0.312832	0.397157	0.472443	0.550201	0.638034	0.710627	
1.11447	1.11447	1.10142	1.05997	1.00476	0.950342	0.911518	0.881161	0.813989	0.68487	0.519951	0.343868	0.166308	0.0412127	-0.00569376	0.0159333	0.115223	0.289583	0.503852	0.726959	0.923883	1.07062	1.16814	1.1889	1.10748	0.944696	0.721628	0.501094	0.312892	0.176387	0.0951693	0.0485677	0.039064	0.0391461	0.0607875	0.0844679	0.118223	0.159789	0.201424	0.254004	0.308866	0.36383	0.430168	0.493328	0.557952	0.628564	0.697439	0.754186	0.816534	0.863752	
0.732289	0.732289	0.750169	0.759427	0.757526	0.758966	0.785852	0.822845	0.816067	0.743926	0.627708	0.481472	0.321849	0.202296	0.156302	0.185423	0.28752	0.461931	0.68382	0.923883	1.13482	1.30038	1.4195	1.45925	1.40404	1.2569	1.04301	0.822389	0.627118	0.483083	0.393919	0.3421	0.328072	0.326181	0.344254	0.366022	0.397133	0.432423	0.47348	0.515093	0.566358	0.610932	0.665478	0.714129	0.76452	0.811577	0.858321	0.896198	0.935484	0.960444	
0.392812	0.392812	0.431184	0.469214	0.497525	0.54022	0.613114	0.69154	0.736528	0.721826	0.652039	0.542669	0.408802	0.30697	0.271513	0.302812	0.408951	0.585712	0.81671	1.07062	1.30038	1.48836	1.62769	1.69168	1.66228	1.53315	1.33256	1.11373	0.914143	0.76495	0.666622	0.611625	0.5899	0.586195	0.597516	0.61547	0.639659	0.667559	0.699829	0.731989	0.770492	0.80461	0.843669	0.879296	0.910606	0.941063	0.963553	0.9718	0.981353	0.974812	
0.135775	0.135775	0.179145	0.226706	0.264016	0.315187	0.40234	0.506694	0.585959	0.611307	0.583569	0.507094	0.406066	0.329773	0.303568	0.345793	0.463562	0.652023	0.894378	1.16814	1.4195	1.62769	1.78875	1.8759	1.86854	1.76008	1.57118	1.35611	1.15457	0.999059	0.89502	0.833893	0.807609	0.798825	0.805806	0.817719	0.835361	0.855535	0.877364	0.897862	0.923096	0.938507	0.960063	0.973543	0.981555	0.984433	0.984842	0.961387	0.933942	0.897245	
-0.0351732	-0.0351732	0.006205	0.0485946	0.0745753	0.117395	0.200794	0.300126	0.387863	0.438345	0.435783	0.387354	0.311473	0.249236	0.238525	0.299825	0.437031	0.634945	0.894918	1.1889	1.45925	1.69168	1.8759	1.98384	2.00368	1.91379	1.7401	1.53152	1.32889	1.17023	1.0601	0.99369	0.961196	0.947314	0.945956	0.951447	0.958762	0.966946	0.979146	0.981303	0.992803	0.990934	0.98759	0.980116	0.961214	0.9324	0.900536	0.855415	0.802008	0.740448	
-0.135677	-0.135677	-0.0999636	-0.0681429	-0.0575991	-0.0333062	0.028983	0.111826	0.193815	0.246414	0.251107	0.208402	0.143206	0.0975485	0.0970141	0.165406	0.307357	0.519521	0.795422	1.10748	1.40404	1.66228	1.86854	2.00368	2.04723	1.9781	1.82179	1.61909	1.4188	1.25799	1.14094	1.07237	1.03014	1.01241	1.00143	0.996978	0.993731	0.987366	0.981791	0.969593	0.955884	0.935097	0.911025	0.879869	0.841414	0.796491	0.745478	0.676532	0.607468	0.540596	
-0.188117	-0.188117	-0.158979	-0.136635	-0.140056	-0.134097	-0.0939264	-0.0350833	0.0301244	0.0742225	0.0714273	0.0265884	-0.0391113	-0.0939916	-0.104453	-0.0361081	0.116592	0.332048	0.616723	0.944696	1.2569	1.53315	1.76008	1.91379	1.9781	1.9288	1.785	1.59132	1.39283	1.22927	1.11055	1.03392	0.989265	0.962282	0.944788	0.931912	0.916648	0.900495	0.882894	0.854594	0.831094	0.793485	0.752185	0.708875	0.65491	0.594163	0.540359	0.477116	0.408859	0.346089	
-0.213447	-0.213447	-0.187625	-0.17194	-0.186867	-0.195239	-0.17196	-0.132837	-0.0860947	-0.0560277	-0.0713494	-0.132348	-0.212001	-0.276845	-0.296324	-0.237114	-0.100759	0.108253	0.392607	0.721628	1.04301	1.33256	1.57118	1.7401	1.82179	1.785	1.65538	1.46627	1.27015	1.10625	0.981702	0.904757	0.85131	0.822745	0.79715	0.777382	0.756477	0.729268	0.70429	0.669027	0.633918	0.593967	0.549503	0.503119	0.453823	0.399901	0.34613	0.287897	0.231084	0.185786	
-0.223303	-0.223303	-0.201317	-0.190161	-0.209254	-0.224945	-0.21684	-0.195022	-0.159892	-0.141247	-0.170746	-0.243648	-0.337118	-0.42109	-0.463127	-0.424025	-0.297083	-0.0997119	0.175573	0.501094	0.822389	1.11373	1.35611	1.53152	1.61909	1.59132	1.46627	1.28059	1.08459	0.918014	0.792449	0.710837	0.657258	0.624662	0.597981	0.577103	0.552566	0.527326	0.499778	0.4655	0.433027	0.39416	0.351778	0.312617	0.268324	0.222954	0.186948	0.145952	0.104641	0.0735264	
-0.227539	-0.227539	-0.206508	-0.196568	-0.220007	-0.24224	-0.239146	-0.224434	-0.201138	-0.192193	-0.23086	-0.317593	-0.423436	-0.521938	-0.57994	-0.554289	-0.446582	-0.264935	-0.00258849	0.312892	0.627118	0.914143	1.15457	1.32889	1.4188	1.39283	1.27015	1.08459	0.887587	0.719413	0.59137	0.50928	0.454002	0.42225	0.396261	0.375867	0.355622	0.330868	0.309578	0.279775	0.253845	0.223926	0.193041	0.163604	0.133558	0.100893	0.0748767	0.0482433	0.0188154	0.00280462	
-0.228567	-0.228567	-0.208595	-0.200519	-0.224186	-0.246602	-0.249898	-0.243221	-0.222553	-0.217771	-0.263474	-0.356924	-0.473986	-0.583955	-0.653549	-0.642712	-0.548261	-0.379517	-0.12762	0.176387	0.483083	0.76495	0.999059	1.17023	1.25799	1.22927	1.10625	0.918014	0.719413	0.549606	0.419879	0.338323	0.282781	0.253921	0.22911	0.213952	0.196225	0.178653	0.161989	0.140694	0.121295	0.101928	0.0783258	0.0605956	0.0412969	0.0209897	0.00594846	-0.0112721	-0.0280421	-0.0356598	
-0.229097	-0.229097	-0.209654	-0.201227	-0.225961	-0.251251	-0.254528	-0.24782	-0.232213	-0.231794	-0.28164	-0.380812	-0.500391	-0.617522	-0.698197	-0.695413	-0.606834	-0.445256	-0.203498	0.0951693	0.393919	0.666622	0.89502	1.0601	1.14094	1.11055	0.981702	0.792449	0.59137	0.419879	0.291186	0.20818	0.156531	0.127508	0.108564	0.0956269	0.0845459	0.0722337	0.0628736	0.0479019	0.0384572	0.023977	0.0108612	-0.000102551	-0.0132389	-0.0276323	-0.0322109	-0.0397409	-0.0538332	-0.0561124	
-0.229994	-0.229994	-0.209614	-0.20207	-0.227678	-0.252362	-0.256834	-0.251914	-0.236435	-0.237967	-0.290057	-0.393168	-0.520243	-0.639259	-0.71791	-0.71647	-0.636537	-0.480773	-0.241436	0.0485677	0.3421	0.611625	0.833893	0.99369	1.07237	1.03392	0.904757	0.710837	0.50928	0.338323	0.20818	0.129214	0.0755347	0.0521585	0.0323075	0.0243452	0.0155655	0.0064418	0.00149741	-0.00844282	-0.0157056	-0.0208918	-0.0304239	-0.034893	-0.0391775	-0.0462218	-0.0520058	-0.0593211	-0.0664156	-0.0646458	
-0.230401	-0.230401	-0.210816	-0.203271	-0.228635	-0.254293	-0.258323	-0.252257	-0.238296	-0.242682	-0.298635	-0.402766	-0.528355	-0.650333	-0.733984	-0.734715	-0.647408	-0.489572	-0.253	0.039064	0.328072	0.5899	0.807609	0.961196	1.03014	0.989265	0.85131	0.657258	0.454002	0.282781	0.156531	0.0755347	0.0282067	0.00261137	-0.0112495	-0.0180678	-0.0235896	-0.0275002	-0.0295785	-0.036383	-0.0363234	-0.0430105	-0.0480469	-0.050181	-0.0567608	-0.0643887	-0.060829	-0.0621478	-0.0700251	-0.0686636	
-0.232339	-0.232339	-0.210621	-0.203729	-0.231637	-0.257851	-0.259529	-0.250954	-0.238724	-0.24705	-0.304938	-0.414392	-0.544387	-0.661567	-0.736358	-0.730994	-0.648186	-0.488014	-0.248817	0.0391461	0.326181	0.586195	0.798825	0.947314	1.01241	0.962282	0.822745	0.624662	0.42225	0.253921	0.127508	0.0521585	0.00261137	-0.017992	-0.0332483	-0.0385565	-0.0420566	-0.0474865	-0.0473469	-0.0525515	-0.0543429	-0.0559134	-0.0588678	-0.0595905	-0.0597722	-0.061856	-0.0636727	-0.0694334	-0.0749943	-0.0709207	
-0.233222	-0.233222	-0.212695	-0.206403	-0.23322	-0.259457	-0.261699	-0.251989	-0.239312	-0.251838	-0.314817	-0.423658	-0.554734	-0.673313	-0.746006	-0.736156	-0.639233	-0.473715	-0.230746	0.0607875	0.344254	0.597516	0.805806	0.945956	1.00143	0.944788	0.79715	0.597981	0.396261	0.22911	0.108564	0.0323075	-0.0112495	-0.0332483	-0.0455951	-0.048883	-0.0531332	-0.0542845	-0.0534031	-0.0584814	-0.0550645	-0.0587883	-0.0616492	-0.0611555	-0.0649663	-0.0711977	-0.0674181	-0.0690372	-0.0728452	-0.0699853	
-0.235492	-0.235492	-0.213188	-0.208273	-0.238184	-0.264875	-0.262365	-0.248414	-0.240094	-0.259527	-0.326938	-0.441386	-0.571985	-0.683025	-0.745832	-0.728187	-0.629399	-0.454167	-0.207977	0.0844679	0.366022	0.61547	0.817719	0.951447	0.996978	0.931912	0.777382	0.577103	0.375867	0.213952	0.0956269	0.0243452	-0.0180678	-0.0385565	-0.048883	-0.0542361	-0.05552	-0.058768	-0.0578744	-0.0617595	-0.0601804	-0.0640886	-0.0640033	-0.0641983	-0.0660408	-0.0672031	-0.0651104	-0.0706431	-0.0757386	-0.0729177	
-0.236904	-0.236904	-0.216234	-0.212498	-0.240883	-0.26737	-0.26569	-0.24953	-0.240806	-0.267484	-0.341082	-0.456625	-0.591826	-0.699055	-0.750149	-0.722192	-0.610838	-0.427914	-0.1739	0.118223	0.397133	0.639659	0.835361	0.958762	0.993731	0.916648	0.756477	0.552566	0.355622	0.196225	0.0845459	0.0155655	-0.0235896	-0.0420566	-0.0531332	-0.05552	-0.0587812	-0.0604283	-0.0589615	-0.0635603	-0.0608483	-0.0636128	-0.0644143	-0.0649131	-0.0664289	-0.0696114	-0.0679699	-0.0740868	-0.0748194	-0.0708816	
-0.238405	-0.238405	-0.218701	-0.217629	-0.247006	-0.272312	-0.266056	-0.246436	-0.243792	-0.280606	-0.361195	-0.478345	-0.609883	-0.71197	-0.752885	-0.712654	-0.589314	-0.394359	-0.135956	0.159789	0.432423	0.667559	0.855535	0.966946	0.987366	0.900495	0.729268	0.527326	0.330868	0.178653	0.0722337	0.0064418	-0.0275002	-0.0474865	-0.0542845	-0.058768	-0.0604283	-0.0613171	-0.0603968	-0.0645951	-0.0594609	-0.0654812	-0.0645543	-0.0642848	-0.0678152	-0.0714816	-0.0685255	-0.0725711	-0.0736739	-0.07348	
-0.239628	-0.239628	-0.222985	-0.224692	-0.251848	-0.275132	-0.268688	-0.247195	-0.246963	-0.29398	-0.383461	-0.504188	-0.635839	-0.725047	-0.747686	-0.697981	-0.565749	-0.356264	-0.0917479	0.201424	0.47348	0.699829	0.877364	0.979146	0.981791	0.882894	0.70429	0.499778	0.309578	0.161989	0.0628736	0.00149741	-0.0295785	-0.0473469	-0.0534031	-0.0578744	-0.0589615	-0.0603968	-0.061484	-0.0634181	-0.0630612	-0.0680718	-0.0653872	-0.0684291	-0.0707454	-0.0685974	-0.0657765	-0.0763053	-0.0758659	-0.0748149	
-0.240219	-0.240219	-0.228379	-0.233522	-0.258067	-0.278671	-0.26964	-0.246351	-0.253973	-0.313811	-0.409979	-0.529461	-0.659257	-0.743671	-0.748755	-0.675629	-0.528445	-0.30922	-0.0362199	0.254004	0.515093	0.731989	0.897862	0.981303	0.969593	0.854594	0.669027	0.4655	0.279775	0.140694	0.0479019	-0.00844282	-0.036383	-0.0525515	-0.0584814	-0.0617595	-0.0635603	-0.0645951	-0.0634181	-0.0668658	-0.0627626	-0.0659494	-0.0646805	-0.0657017	-0.0666664	-0.0702156	-0.0739122	-0.078349	-0.0733132	-0.0747899	
-0.239815	-0.239815	-0.235475	-0.245983	-0.264496	-0.278415	-0.270378	-0.249943	-0.26376	-0.335976	-0.443736	-0.562227	-0.680711	-0.749344	-0.738949	-0.65726	-0.494069	-0.257479	0.0188523	0.308866	0.566358	0.770492	0.923096	0.992803	0.955884	0.831094	0.633918	0.433027	0.253845	0.121295	0.0384572	-0.0157056	-0.0363234	-0.0543429	-0.0550645	-0.0601804	-0.0608483	-0.0594609	-0.0630612	-0.0627626	-0.0621637	-0.0695488	-0.0663602	-0.0702332	-0.074789	-0.0735531	-0.0689355	-0.0754119	-0.0732844	-0.0793867	
-0.240764	-0.240764	-0.243048	-0.257924	-0.27209	-0.28039	-0.270573	-0.252981	-0.278495	-0.363017	-0.477336	-0.598005	-0.709765	-0.761493	-0.723557	-0.616084	-0.445335	-0.196112	0.085968	0.36383	0.610932	0.80461	0.938507	0.990934	0.935097	0.793485	0.593967	0.39416	0.223926	0.101928	0.023977	-0.0208918	-0.0430105	-0.0559134	-0.0587883	-0.0640886	-0.0636128	-0.0654812	-0.0680718	-0.0659494	-0.0695488	-0.0694264	-0.0665736	-0.0703849	-0.0697742	-0.0661142	-0.0741939	-0.0814072	-0.076656	-0.0818041	
-0.239995	-0.239995	-0.254338	-0.274392	-0.277626	-0.276351	-0.271498	-0.26426	-0.300078	-0.395984	-0.516867	-0.629484	-0.727252	-0.765279	-0.711263	-0.582109	-0.388297	-0.130558	0.159643	0.430168	0.665478	0.843669	0.960063	0.98759	0.911025	0.752185	0.549503	0.351778	0.193041	0.0783258	0.0108612	-0.0304239	-0.0480469	-0.0588678	-0.0616492	-0.0640033	-0.0644143	-0.0645543	-0.0653872	-0.0646805	-0.0663602	-0.0665736	-0.0674881	-0.0717418	-0.0721486	-0.0752172	-0.0802653	-0.0781523	-0.0736204	-0.081777	
-0.242618	-0.242618	-0.264146	-0.289071	-0.286539	-0.27521	-0.270625	-0.275782	-0.328385	-0.434153	-0.561148	-0.671747	-0.74436	-0.755427	-0.680314	-0.533843	-0.325097	-0.0563329	0.23127	0.493328	0.714129	0.879296	0.973543	0.980116	0.879869	0.708875	0.503119	0.312617	0.163604	0.0605956	-0.000102551	-0.034893	-0.050181	-0.0595905	-0.0611555	-0.0641983	-0.0649131	-0.0642848	-0.0684291	-0.0657017	-0.0702332	-0.0703849	-0.0717418	-0.073805	-0.07459	-0.0741103	-0.0765328	-0.0756792	-0.0784451	-0.0893794	
-0.248147	-0.248147	-0.27645	-0.302183	-0.292089	-0.272321	-0.274521	-0.298881	-0.364716	-0.474973	-0.601046	-0.706864	-0.763578	-0.744809	-0.643043	-0.474217	-0.249402	0.0257445	0.312832	0.557952	0.76452	0.910606	0.981555	0.961214	0.841414	0.65491	0.453823	0.268324	0.133558	0.0412969	-0.0132389	-0.0391775	-0.0567608	-0.0597722	-0.0649663	-0.0660408	-0.0664289	-0.0678152	-0.0707454	-0.0666664	-0.074789	-0.0697742	-0.0721486	-0.07459	-0.0739703	-0.0730821	-0.0800513	-0.0808546	-0.0842025	-0.0883687	
-0.256934	-0.256934	-0.289278	-0.312447	-0.298475	-0.274224	-0.278478	-0.324417	-0.413557	-0.525361	-0.644079	-0.735531	-0.764549	-0.725054	-0.601282	-0.407697	-0.162208	0.11324	0.397157	0.628564	0.811577	0.941063	0.984433	0.9324	0.796491	0.594163	0.399901	0.222954	0.100893	0.0209897	-0.0276323	-0.0462218	-0.0643887	-0.061856	-0.0711977	-0.0672031	-0.0696114	-0.0714816	-0.0685974	-0.0702156	-0.0735531	-0.0661142	-0.0752172	-0.0741103	-0.0730821	-0.0789487	-0.0875873	-0.0795821	-0.0836219	-0.0882393	
-0.273521	-0.273521	-0.301101	-0.316733	-0.301243	-0.279931	-0.295523	-0.359451	-0.463714	-0.579111	-0.686633	-0.764724	-0.758207	-0.679866	-0.543262	-0.336794	-0.071433	0.205412	0.472443	0.697439	0.858321	0.963553	0.984842	0.900536	0.745478	0.540359	0.34613	0.186948	0.0748767	0.00594846	-0.0322109	-0.0520058	-0.060829	-0.0636727	-0.0674181	-0.0651104	-0.0679699	-0.0685255	-0.0657765	-0.0739122	-0.0689355	-0.0741939	-0.0802653	-0.0765328	-0.0800513	-0.0875873	-0.0805149	-0.0749919	-0.090456	-0.0912951	
-0.296174	-0.296174	-0.310696	-0.315233	-0.3076	-0.293837	-0.31731	-0.404864	-0.522446	-0.632162	-0.721408	-0.781219	-0.753041	-0.632921	-0.4617	-0.24292	0.0294858	0.309171	0.550201	0.754186	0.896198	0.9718	0.961387	0.855415	0.676532	0.477116	0.287897	0.145952	0.0482433	-0.0112721	-0.0397409	-0.0593211	-0.0621478	-0.0694334	-0.0690372	-0.0706431	-0.0740868	-0.0725711	-0.0763053	-0.078349	-0.0754119	-0.0814072	-0.0781523	-0.0756792	-0.0808546	-0.0795821	-0.0749919	-0.089036	-0.0986543	-0.0905252	
-0.323826	-0.323826	-0.321832	-0.307789	-0.30815	-0.320518	-0.359107	-0.457267	-0.583353	-0.688605	-0.749343	-0.771172	-0.722321	-0.583085	-0.385487	-0.141694	0.133127	0.412474	0.638034	0.816534	0.935484	0.981353	0.933942	0.802008	0.607468	0.408859	0.231084	0.104641	0.0188154	-0.0280421	-0.0538332	-0.0664156	-0.0700251	-0.0749943	-0.0728452	-0.0757386	-0.0748194	-0.0736739	-0.0758659	-0.0733132	-0.0732844	-0.076656	-0.0736204	-0.0784451	-0.0842025	-0.0836219	-0.090456	-0.0986543	-0.0922937	-0.0849317	
-0.351545	-0.351545	-0.331208	-0.306005	-0.314722	-0.352011	-0.413438	-0.51986	-0.640492	-0.740306	-0.783221	-0.752101	-0.661656	-0.502766	-0.290331	-0.0329475	0.240043	0.499638	0.710627	0.863752	0.960444	0.974812	0.897245	0.740448	0.540596	0.346089	0.185786	0.0735264	0.00280462	-0.0356598	-0.0561124	-0.0646458	-0.0686636	-0.0709207	-0.0699853	-0.0729177	-0.0708816	-0.07348	-0.0748149	-0.0747899	-0.0793867	-0.0818041	-0.081777	-0.0893794	-0.0883687	-0.0882393	-0.0912951	-0.0905252	-0.0849317	-0.0942501	
