-0.273917	-0.226117	-0.191715	-0.178231	-0.204822	-0.276908	-0.362113	-0.437816	-0.474304	-0.470263	-0.446793	-0.408335	-0.347352	-0.265	-0.169314	-0.0621224	0.0415613	0.112732	0.148114	0.157583	0.156157	0.155993	0.149397	0.135898	0.113825	0.0785205	0.0268085	-0.0347555	-0.0975343	-0.145408	-0.17427	-0.182452	-0.145595	-0.0738224	0.00934834	0.0749738	0.102729	0.113648	0.113775	0.101853	0.0764064	0.0319396	-0.00805836	-0.020905	-0.00383675	0.0352638	0.0763517	0.104779	0.118975	0.118975	
-0.226117	-0.218533	-0.22245	-0.247478	-0.308813	-0.412397	-0.527481	-0.612822	-0.651496	-0.655959	-0.647727	-0.622333	-0.568942	-0.492554	-0.399127	-0.290434	-0.179754	-0.0874744	-0.021248	0.00706485	0.0155836	0.016879	0.00658105	-0.00928592	-0.0331123	-0.0644353	-0.109233	-0.165721	-0.216431	-0.241738	-0.250273	-0.23587	-0.179083	-0.0803807	0.0371688	0.127924	0.183048	0.211992	0.221327	0.223419	0.210509	0.181562	0.155404	0.150633	0.178216	0.233252	0.296572	0.346106	0.373949	0.373949	
-0.191715	-0.22245	-0.265933	-0.330109	-0.424812	-0.550283	-0.667698	-0.749178	-0.783605	-0.791229	-0.789008	-0.770938	-0.729579	-0.667155	-0.581658	-0.478032	-0.361344	-0.245795	-0.1547	-0.102897	-0.0875925	-0.086953	-0.0967464	-0.111368	-0.134079	-0.161719	-0.200498	-0.256033	-0.302119	-0.314814	-0.307344	-0.281252	-0.211114	-0.0970424	0.0335889	0.141453	0.21351	0.255813	0.278323	0.294064	0.298109	0.293409	0.289543	0.295836	0.333559	0.394776	0.462666	0.522894	0.550942	0.550942	
-0.178231	-0.247478	-0.330109	-0.432075	-0.551425	-0.678079	-0.779079	-0.840172	-0.865166	-0.871324	-0.870379	-0.853535	-0.822605	-0.775302	-0.704872	-0.606454	-0.48513	-0.354827	-0.237812	-0.160082	-0.13197	-0.132907	-0.143149	-0.157036	-0.178752	-0.202726	-0.242555	-0.302627	-0.350194	-0.360187	-0.34194	-0.299197	-0.218092	-0.105162	0.0202304	0.122383	0.196908	0.251784	0.286249	0.314822	0.336686	0.352471	0.366945	0.384913	0.423364	0.483561	0.552049	0.611113	0.640433	0.640433	
-0.204822	-0.308813	-0.424812	-0.551425	-0.677111	-0.781066	-0.853471	-0.892478	-0.904775	-0.904657	-0.893916	-0.869645	-0.841466	-0.804988	-0.749359	-0.657108	-0.535602	-0.402156	-0.269628	-0.168936	-0.126793	-0.126394	-0.131285	-0.141817	-0.16142	-0.187847	-0.232521	-0.297102	-0.352135	-0.36837	-0.343688	-0.288823	-0.203534	-0.0988274	0.00115524	0.0849734	0.151665	0.206261	0.245318	0.275417	0.308714	0.340571	0.371191	0.403144	0.442239	0.500037	0.56711	0.62205	0.652181	0.652181	
-0.276908	-0.412397	-0.550283	-0.678079	-0.781066	-0.84743	-0.883335	-0.896575	-0.895205	-0.880695	-0.855585	-0.82605	-0.792826	-0.760843	-0.711892	-0.627828	-0.518043	-0.390895	-0.254424	-0.145883	-0.0961058	-0.0904539	-0.0934341	-0.0991203	-0.113017	-0.135856	-0.180505	-0.244139	-0.301433	-0.324116	-0.298079	-0.234815	-0.155347	-0.0791332	-0.0206698	0.0247969	0.0710573	0.112122	0.145851	0.178164	0.2179	0.265704	0.311862	0.35589	0.400716	0.45953	0.526429	0.58103	0.612682	0.612682	
-0.362113	-0.527481	-0.667698	-0.779079	-0.853471	-0.883335	-0.886777	-0.870006	-0.84627	-0.81275	-0.771801	-0.726549	-0.680771	-0.647432	-0.604626	-0.534407	-0.44245	-0.328147	-0.206639	-0.10532	-0.059187	-0.054346	-0.0546573	-0.0574805	-0.05856	-0.0741298	-0.105789	-0.155561	-0.211402	-0.235906	-0.215074	-0.157888	-0.0987644	-0.0597576	-0.0486759	-0.0454688	-0.02659	-0.00977098	0.0129394	0.0468292	0.0945566	0.155857	0.214145	0.265652	0.318412	0.379517	0.442731	0.503832	0.532964	0.532964	
-0.437816	-0.612822	-0.749178	-0.840172	-0.892478	-0.896575	-0.870006	-0.828888	-0.783242	-0.725912	-0.658644	-0.590491	-0.531084	-0.493938	-0.456653	-0.401588	-0.325825	-0.230963	-0.137653	-0.0623577	-0.0262177	-0.0238203	-0.0276082	-0.0240221	-0.0171585	-0.0227203	-0.0358307	-0.0700079	-0.111477	-0.130715	-0.117588	-0.0762135	-0.0424317	-0.0453307	-0.0751779	-0.105438	-0.121429	-0.129137	-0.120627	-0.0876581	-0.0312005	0.0361491	0.0990334	0.157647	0.214597	0.276727	0.338791	0.396474	0.427477	0.427477	
-0.474304	-0.651496	-0.783605	-0.865166	-0.904775	-0.895205	-0.84627	-0.783242	-0.713017	-0.629491	-0.533556	-0.439487	-0.371883	-0.328355	-0.291772	-0.24749	-0.19208	-0.128177	-0.0669786	-0.0209042	-0.00209071	-0.00588148	-0.00648446	-0.00316234	0.00413384	0.0114754	0.0111096	-0.00643202	-0.026794	-0.04175	-0.0379235	-0.0162939	-0.00841519	-0.0380338	-0.0927754	-0.145889	-0.192699	-0.224643	-0.232166	-0.202741	-0.141302	-0.0768329	-0.0132057	0.0507611	0.110492	0.173925	0.234637	0.288767	0.322303	0.322303	
-0.470263	-0.655959	-0.791229	-0.871324	-0.904657	-0.880695	-0.81275	-0.725912	-0.629491	-0.517186	-0.39289	-0.279797	-0.206144	-0.161841	-0.127907	-0.0956003	-0.0611631	-0.0324551	-0.0104592	0.000658703	-0.000479749	-0.010369	-0.00971134	-0.0043883	0.00882592	0.0207064	0.024632	0.0267463	0.0201359	0.00563424	0.00105139	0.00363192	-0.00928621	-0.0496034	-0.113004	-0.178188	-0.240618	-0.290084	-0.307598	-0.281532	-0.223963	-0.162529	-0.0979085	-0.0278771	0.038285	0.0995851	0.155775	0.204689	0.236966	0.236966	
-0.446793	-0.647727	-0.789008	-0.870379	-0.893916	-0.855585	-0.771801	-0.658644	-0.533556	-0.39289	-0.243636	-0.129185	-0.0611144	-0.0221611	0.00960872	0.0330066	0.0406165	0.0359888	0.0274721	0.00528372	-0.0205448	-0.0377351	-0.0415536	-0.0355676	-0.0270226	-0.0153377	-0.00360457	0.0129123	0.0187074	0.00928198	-0.00602725	-0.0188762	-0.0418824	-0.0864053	-0.1485	-0.21402	-0.273069	-0.328515	-0.345618	-0.319994	-0.271773	-0.20987	-0.1396	-0.0608502	0.014366	0.0762615	0.125948	0.171853	0.199661	0.199661	
-0.408335	-0.622333	-0.770938	-0.853535	-0.869645	-0.82605	-0.726549	-0.590491	-0.439487	-0.279797	-0.129185	-0.0170076	0.0471869	0.0824652	0.108417	0.119746	0.107273	0.0783718	0.0432857	0.00401326	-0.0438024	-0.0783811	-0.100744	-0.109264	-0.11265	-0.112795	-0.0968936	-0.0692405	-0.0540131	-0.0562362	-0.071538	-0.0866583	-0.105928	-0.149219	-0.1983	-0.247291	-0.292416	-0.329344	-0.337176	-0.312314	-0.264286	-0.201318	-0.123292	-0.0327215	0.0476916	0.108932	0.150832	0.18832	0.207634	0.207634	
-0.347352	-0.568942	-0.729579	-0.822605	-0.841466	-0.792826	-0.680771	-0.531084	-0.371883	-0.206144	-0.0611144	0.0471869	0.107642	0.139257	0.157864	0.161187	0.138203	0.0999306	0.0552882	0.000781469	-0.0661667	-0.125405	-0.17744	-0.217043	-0.245869	-0.266591	-0.260151	-0.232588	-0.20742	-0.196614	-0.19946	-0.200613	-0.206448	-0.237265	-0.262932	-0.282185	-0.296548	-0.300737	-0.292518	-0.256614	-0.201609	-0.132657	-0.0425121	0.0554278	0.138031	0.197264	0.231362	0.251062	0.260421	0.260421	
-0.265	-0.492554	-0.667155	-0.775302	-0.804988	-0.760843	-0.647432	-0.493938	-0.328355	-0.161841	-0.0221611	0.0824652	0.139257	0.162824	0.176261	0.173463	0.144111	0.100472	0.0539162	-0.00674574	-0.090205	-0.18273	-0.273747	-0.348569	-0.408682	-0.453237	-0.465559	-0.447331	-0.42136	-0.399209	-0.385222	-0.370693	-0.357851	-0.363017	-0.354357	-0.329977	-0.297317	-0.259893	-0.222298	-0.162271	-0.0916821	-0.00927914	0.089663	0.187896	0.274042	0.33172	0.360521	0.366033	0.362449	0.362449	
-0.169314	-0.399127	-0.581658	-0.704872	-0.749359	-0.711892	-0.604626	-0.456653	-0.291772	-0.127907	0.00960872	0.108417	0.157864	0.176261	0.176821	0.159743	0.126325	0.0858609	0.0375429	-0.031243	-0.128153	-0.25334	-0.384914	-0.497821	-0.589807	-0.660212	-0.6968	-0.690564	-0.663979	-0.633088	-0.608508	-0.579757	-0.54854	-0.518015	-0.463347	-0.385277	-0.297589	-0.214643	-0.134399	-0.0446806	0.0526681	0.150877	0.251684	0.347464	0.431613	0.491402	0.515693	0.51259	0.497312	0.497312	
-0.0621224	-0.290434	-0.478032	-0.606454	-0.657108	-0.627828	-0.534407	-0.401588	-0.24749	-0.0956003	0.0330066	0.119746	0.161187	0.173463	0.159743	0.131847	0.0932021	0.0491477	0.00216344	-0.0722581	-0.188725	-0.343147	-0.50854	-0.6528	-0.780781	-0.873994	-0.931313	-0.941939	-0.911887	-0.873012	-0.83582	-0.792296	-0.735774	-0.661276	-0.557231	-0.425965	-0.284396	-0.154937	-0.0287954	0.0979081	0.223232	0.334038	0.427749	0.510821	0.581267	0.63473	0.651698	0.638029	0.615823	0.615823	
0.0415613	-0.179754	-0.361344	-0.48513	-0.535602	-0.518043	-0.44245	-0.325825	-0.19208	-0.0611631	0.0406165	0.107273	0.138203	0.144111	0.126325	0.0932021	0.0513284	0.00359127	-0.0506702	-0.137203	-0.271534	-0.442654	-0.630541	-0.806676	-0.957955	-1.07038	-1.14312	-1.15986	-1.12898	-1.0835	-1.03191	-0.969107	-0.881143	-0.760719	-0.606678	-0.431357	-0.246694	-0.0742493	0.0893321	0.250957	0.396973	0.512701	0.591443	0.649334	0.696997	0.730797	0.736492	0.713715	0.688526	0.688526	
0.112732	-0.0874744	-0.245795	-0.354827	-0.402156	-0.390895	-0.328147	-0.230963	-0.128177	-0.0324551	0.0359888	0.0783718	0.0999306	0.100472	0.0858609	0.0491477	0.00359127	-0.0460457	-0.116623	-0.217027	-0.367263	-0.54937	-0.745163	-0.940876	-1.10008	-1.22349	-1.2993	-1.31586	-1.28929	-1.23186	-1.16265	-1.08151	-0.961414	-0.80213	-0.612391	-0.40045	-0.187198	0.0147484	0.204115	0.38241	0.536081	0.648406	0.710836	0.745202	0.770814	0.782613	0.776256	0.74683	0.721651	0.721651	
0.148114	-0.021248	-0.1547	-0.237812	-0.269628	-0.254424	-0.206639	-0.137653	-0.0669786	-0.0104592	0.0274721	0.0432857	0.0552882	0.0539162	0.0375429	0.00216344	-0.0506702	-0.116623	-0.197936	-0.309238	-0.463263	-0.648898	-0.847445	-1.04204	-1.20558	-1.32071	-1.38645	-1.40553	-1.37709	-1.30855	-1.22225	-1.11667	-0.97153	-0.784995	-0.572265	-0.343951	-0.116818	0.0974968	0.298523	0.479839	0.629498	0.730909	0.774943	0.791232	0.797055	0.794736	0.784664	0.755116	0.737042	0.737042	
0.157583	0.00706485	-0.102897	-0.160082	-0.168936	-0.145883	-0.10532	-0.0623577	-0.0209042	0.000658703	0.00528372	0.00401326	0.000781469	-0.00674574	-0.031243	-0.0722581	-0.137203	-0.217027	-0.309238	-0.426917	-0.577314	-0.75021	-0.929999	-1.10821	-1.25669	-1.36075	-1.41988	-1.43467	-1.39314	-1.30781	-1.1949	-1.06524	-0.908342	-0.709465	-0.493693	-0.264334	-0.0425465	0.169555	0.368136	0.536744	0.676103	0.760717	0.793383	0.800033	0.795218	0.786031	0.767632	0.739721	0.721067	0.721067	
0.156157	0.0155836	-0.0875925	-0.13197	-0.126793	-0.0961058	-0.059187	-0.0262177	-0.00209071	-0.000479749	-0.0205448	-0.0438024	-0.0661667	-0.090205	-0.128153	-0.188725	-0.271534	-0.367263	-0.463263	-0.577314	-0.708146	-0.855864	-1.00466	-1.14473	-1.26536	-1.34659	-1.3897	-1.38963	-1.33276	-1.22931	-1.09602	-0.950558	-0.785712	-0.586472	-0.378781	-0.168365	0.0329791	0.224997	0.405176	0.55831	0.677501	0.746148	0.772346	0.775177	0.769923	0.760161	0.73916	0.709676	0.690128	0.690128	
0.155993	0.016879	-0.086953	-0.132907	-0.126394	-0.0904539	-0.054346	-0.0238203	-0.00588148	-0.010369	-0.0377351	-0.0783811	-0.125405	-0.18273	-0.25334	-0.343147	-0.442654	-0.54937	-0.648898	-0.75021	-0.855864	-0.967031	-1.06828	-1.16007	-1.24238	-1.29368	-1.31229	-1.28633	-1.20848	-1.0883	-0.946124	-0.794755	-0.628291	-0.439898	-0.249804	-0.0689778	0.101247	0.262372	0.415875	0.545891	0.637998	0.691686	0.711307	0.717956	0.724119	0.722283	0.710708	0.684501	0.666069	0.666069	
0.149397	0.00658105	-0.0967464	-0.143149	-0.131285	-0.0934341	-0.0546573	-0.0276082	-0.00648446	-0.00971134	-0.0415536	-0.100744	-0.17744	-0.273747	-0.384914	-0.50854	-0.630541	-0.745163	-0.847445	-0.929999	-1.00466	-1.06828	-1.12152	-1.16723	-1.20492	-1.22031	-1.20604	-1.14226	-1.03314	-0.900745	-0.752602	-0.601759	-0.443127	-0.27754	-0.121759	0.018665	0.145057	0.268914	0.390189	0.49055	0.560164	0.600297	0.619831	0.638633	0.661146	0.678203	0.683511	0.669143	0.655998	0.655998	
0.135898	-0.00928592	-0.111368	-0.157036	-0.141817	-0.0991203	-0.0574805	-0.0240221	-0.00316234	-0.0043883	-0.0355676	-0.109264	-0.217043	-0.348569	-0.497821	-0.6528	-0.806676	-0.940876	-1.04204	-1.10821	-1.14473	-1.16007	-1.16723	-1.16434	-1.15154	-1.11775	-1.05342	-0.948933	-0.814193	-0.676089	-0.536953	-0.393693	-0.24977	-0.112591	0.00280181	0.0940898	0.174338	0.250566	0.33041	0.401659	0.4496	0.484294	0.510833	0.541439	0.580917	0.617003	0.642536	0.647552	0.644651	0.644651	
0.113825	-0.0331123	-0.134079	-0.178752	-0.16142	-0.113017	-0.05856	-0.0171585	0.00413384	0.00882592	-0.0270226	-0.11265	-0.245869	-0.408682	-0.589807	-0.780781	-0.957955	-1.10008	-1.20558	-1.25669	-1.26536	-1.24238	-1.20492	-1.15154	-1.07183	-0.983131	-0.868882	-0.722774	-0.571865	-0.429143	-0.299201	-0.172639	-0.0499002	0.0452939	0.114561	0.1611	0.194226	0.229573	0.265744	0.302302	0.330919	0.355562	0.384835	0.423162	0.472002	0.525001	0.574155	0.602455	0.616794	0.616794	
0.0785205	-0.0644353	-0.161719	-0.202726	-0.187847	-0.135856	-0.0741298	-0.0227203	0.0114754	0.0207064	-0.0153377	-0.112795	-0.266591	-0.453237	-0.660212	-0.873994	-1.07038	-1.22349	-1.32071	-1.36075	-1.34659	-1.29368	-1.22031	-1.11775	-0.983131	-0.832276	-0.66706	-0.487724	-0.318161	-0.177655	-0.065639	0.0381001	0.127585	0.181765	0.209582	0.221464	0.219855	0.21517	0.212555	0.212351	0.219429	0.233515	0.258324	0.295614	0.345881	0.407549	0.47256	0.526225	0.555834	0.555834	
0.0268085	-0.109233	-0.200498	-0.242555	-0.232521	-0.180505	-0.105789	-0.0358307	0.0111096	0.024632	-0.00360457	-0.0968936	-0.260151	-0.465559	-0.6968	-0.931313	-1.14312	-1.2993	-1.38645	-1.41988	-1.3897	-1.31229	-1.20604	-1.05342	-0.868882	-0.66706	-0.460843	-0.260057	-0.0798702	0.0526623	0.146517	0.221028	0.267952	0.279066	0.268252	0.249694	0.225071	0.194655	0.161393	0.138909	0.128622	0.13204	0.152505	0.182376	0.22758	0.287635	0.358152	0.425071	0.466468	0.466468	
-0.0347555	-0.165721	-0.256033	-0.302627	-0.297102	-0.244139	-0.155561	-0.0700079	-0.00643202	0.0267463	0.0129123	-0.0692405	-0.232588	-0.447331	-0.690564	-0.941939	-1.15986	-1.31586	-1.40553	-1.43467	-1.38963	-1.28633	-1.14226	-0.948933	-0.722774	-0.487724	-0.260057	-0.0476812	0.126527	0.242942	0.31239	0.349952	0.351685	0.317904	0.273967	0.234541	0.195216	0.154876	0.108043	0.071847	0.0538237	0.0503021	0.0681327	0.0954832	0.13524	0.189656	0.256073	0.326737	0.37269	0.37269	
-0.0975343	-0.216431	-0.302119	-0.350194	-0.352135	-0.301433	-0.211402	-0.111477	-0.026794	0.0201359	0.0187074	-0.0540131	-0.20742	-0.42136	-0.663979	-0.911887	-1.12898	-1.28929	-1.37709	-1.39314	-1.33276	-1.20848	-1.03314	-0.814193	-0.571865	-0.318161	-0.0798702	0.126527	0.283816	0.377266	0.418373	0.420822	0.384541	0.317857	0.249094	0.196727	0.153487	0.106715	0.0565575	0.0140988	-0.013673	-0.0167723	0.00150114	0.0304573	0.0693057	0.113446	0.170083	0.234841	0.279621	0.279621	
-0.145408	-0.241738	-0.314814	-0.360187	-0.36837	-0.324116	-0.235906	-0.130715	-0.04175	0.00563424	0.00928198	-0.0562362	-0.196614	-0.399209	-0.633088	-0.873012	-1.0835	-1.23186	-1.30855	-1.30781	-1.22931	-1.0883	-0.900745	-0.676089	-0.429143	-0.177655	0.0526623	0.242942	0.377266	0.445245	0.46998	0.453386	0.391211	0.306452	0.224953	0.164024	0.120427	0.0762121	0.0261149	-0.0197217	-0.0537319	-0.0585165	-0.0410055	-0.0131141	0.0151062	0.038656	0.0754362	0.121965	0.160392	0.160392	
-0.17427	-0.250273	-0.307344	-0.34194	-0.343688	-0.298079	-0.215074	-0.117588	-0.0379235	0.00105139	-0.00602725	-0.071538	-0.19946	-0.385222	-0.608508	-0.83582	-1.03191	-1.16265	-1.22225	-1.1949	-1.09602	-0.946124	-0.752602	-0.536953	-0.299201	-0.065639	0.146517	0.31239	0.418373	0.46998	0.48416	0.45915	0.388235	0.298691	0.211495	0.148513	0.10232	0.0586472	0.0128696	-0.0372479	-0.0705922	-0.0755291	-0.059084	-0.0396197	-0.035973	-0.042645	-0.040373	-0.0160087	0.00882294	0.00882294	
-0.182452	-0.23587	-0.281252	-0.299197	-0.288823	-0.234815	-0.157888	-0.0762135	-0.0162939	0.00363192	-0.0188762	-0.0866583	-0.200613	-0.370693	-0.579757	-0.792296	-0.969107	-1.08151	-1.11667	-1.06524	-0.950558	-0.794755	-0.601759	-0.393693	-0.172639	0.0381001	0.221028	0.349952	0.420822	0.453386	0.45915	0.433823	0.371687	0.294804	0.217214	0.155691	0.107713	0.0601234	0.0118066	-0.0408718	-0.0758469	-0.0795592	-0.0668359	-0.0630847	-0.0922796	-0.136687	-0.169732	-0.173811	-0.161747	-0.161747	
-0.145595	-0.179083	-0.211114	-0.218092	-0.203534	-0.155347	-0.0987644	-0.0424317	-0.00841519	-0.00928621	-0.0418824	-0.105928	-0.206448	-0.357851	-0.54854	-0.735774	-0.881143	-0.961414	-0.97153	-0.908342	-0.785712	-0.628291	-0.443127	-0.24977	-0.0499002	0.127585	0.267952	0.351685	0.384541	0.391211	0.388235	0.371687	0.332931	0.290188	0.242064	0.195341	0.148666	0.0987005	0.0442995	-0.018695	-0.0626943	-0.0755787	-0.0803307	-0.105123	-0.169672	-0.252307	-0.315075	-0.338642	-0.339496	-0.339496	
-0.0738224	-0.0803807	-0.0970424	-0.105162	-0.0988274	-0.0791332	-0.0597576	-0.0453307	-0.0380338	-0.0496034	-0.0864053	-0.149219	-0.237265	-0.363017	-0.518015	-0.661276	-0.760719	-0.80213	-0.784995	-0.709465	-0.586472	-0.439898	-0.27754	-0.112591	0.0452939	0.181765	0.279066	0.317904	0.317857	0.306452	0.298691	0.294804	0.290188	0.289906	0.278107	0.249242	0.207948	0.158583	0.0953336	0.0219102	-0.0364435	-0.0732744	-0.102625	-0.163104	-0.265246	-0.375232	-0.462118	-0.500898	-0.511538	-0.511538	
0.00934834	0.0371688	0.0335889	0.0202304	0.00115524	-0.0206698	-0.0486759	-0.0751779	-0.0927754	-0.113004	-0.1485	-0.1983	-0.262932	-0.354357	-0.463347	-0.557231	-0.606678	-0.612391	-0.572265	-0.493693	-0.378781	-0.249804	-0.121759	0.00280181	0.114561	0.209582	0.268252	0.273967	0.249094	0.224953	0.211495	0.217214	0.242064	0.278107	0.299168	0.286998	0.254047	0.206552	0.139623	0.0576673	-0.0182222	-0.0759311	-0.133206	-0.223687	-0.350571	-0.482009	-0.584521	-0.639547	-0.66082	-0.66082	
0.0749738	0.127924	0.141453	0.122383	0.0849734	0.0247969	-0.0454688	-0.105438	-0.145889	-0.178188	-0.21402	-0.247291	-0.282185	-0.329977	-0.385277	-0.425965	-0.431357	-0.40045	-0.343951	-0.264334	-0.168365	-0.0689778	0.018665	0.0940898	0.1611	0.221464	0.249694	0.234541	0.196727	0.164024	0.148513	0.155691	0.195341	0.249242	0.286998	0.284025	0.257458	0.217342	0.150643	0.0650327	-0.0270113	-0.106279	-0.187402	-0.296727	-0.426647	-0.556625	-0.654737	-0.710311	-0.735916	-0.735916	
0.102729	0.183048	0.21351	0.196908	0.151665	0.0710573	-0.02659	-0.121429	-0.192699	-0.240618	-0.273069	-0.292416	-0.296548	-0.297317	-0.297589	-0.284396	-0.246694	-0.187198	-0.116818	-0.0425465	0.0329791	0.101247	0.145057	0.174338	0.194226	0.219855	0.225071	0.195216	0.153487	0.120427	0.10232	0.107713	0.148666	0.207948	0.254047	0.257458	0.237701	0.201643	0.133154	0.0396184	-0.0673261	-0.167398	-0.263526	-0.373401	-0.489785	-0.596813	-0.677103	-0.725829	-0.749473	-0.749473	
0.113648	0.211992	0.255813	0.251784	0.206261	0.112122	-0.00977098	-0.129137	-0.224643	-0.290084	-0.328515	-0.329344	-0.300737	-0.259893	-0.214643	-0.154937	-0.0742493	0.0147484	0.0974968	0.169555	0.224997	0.262372	0.268914	0.250566	0.229573	0.21517	0.194655	0.154876	0.106715	0.0762121	0.0586472	0.0601234	0.0987005	0.158583	0.206552	0.217342	0.201643	0.164912	0.0976836	-0.00144269	-0.117496	-0.231287	-0.33916	-0.443775	-0.540631	-0.619731	-0.675811	-0.711665	-0.728844	-0.728844	
0.113775	0.221327	0.278323	0.286249	0.245318	0.145851	0.0129394	-0.120627	-0.232166	-0.307598	-0.345618	-0.337176	-0.292518	-0.222298	-0.134399	-0.0287954	0.0893321	0.204115	0.298523	0.368136	0.405176	0.415875	0.390189	0.33041	0.265744	0.212555	0.161393	0.108043	0.0565575	0.0261149	0.0128696	0.0118066	0.0442995	0.0953336	0.139623	0.150643	0.133154	0.0976836	0.0353677	-0.0547287	-0.164221	-0.27877	-0.389291	-0.486907	-0.565994	-0.623757	-0.662013	-0.686393	-0.699118	-0.699118	
0.101853	0.223419	0.294064	0.314822	0.275417	0.178164	0.0468292	-0.0876581	-0.202741	-0.281532	-0.319994	-0.312314	-0.256614	-0.162271	-0.0446806	0.0979081	0.250957	0.38241	0.479839	0.536744	0.55831	0.545891	0.49055	0.401659	0.302302	0.212351	0.138909	0.071847	0.0140988	-0.0197217	-0.0372479	-0.0408718	-0.018695	0.0219102	0.0576673	0.0650327	0.0396184	-0.00144269	-0.0547287	-0.127596	-0.213782	-0.312416	-0.412125	-0.496394	-0.561835	-0.606224	-0.637079	-0.65889	-0.669795	-0.669795	
0.0764064	0.210509	0.298109	0.336686	0.308714	0.2179	0.0945566	-0.0312005	-0.141302	-0.223963	-0.271773	-0.264286	-0.201609	-0.0916821	0.0526681	0.223232	0.396973	0.536081	0.629498	0.676103	0.677501	0.637998	0.560164	0.4496	0.330919	0.219429	0.128622	0.0538237	-0.013673	-0.0537319	-0.0705922	-0.0758469	-0.0626943	-0.0364435	-0.0182222	-0.0270113	-0.0673261	-0.117496	-0.164221	-0.213782	-0.270554	-0.348253	-0.429382	-0.497361	-0.54962	-0.580103	-0.604838	-0.622972	-0.631435	-0.631435	
0.0319396	0.181562	0.293409	0.352471	0.340571	0.265704	0.155857	0.0361491	-0.0768329	-0.162529	-0.20987	-0.201318	-0.132657	-0.00927914	0.150877	0.334038	0.512701	0.648406	0.730909	0.760717	0.746148	0.691686	0.600297	0.484294	0.355562	0.233515	0.13204	0.0503021	-0.0167723	-0.0585165	-0.0755291	-0.0795592	-0.0755787	-0.0732744	-0.0759311	-0.106279	-0.167398	-0.231287	-0.27877	-0.312416	-0.348253	-0.398448	-0.455965	-0.501438	-0.529852	-0.548867	-0.567464	-0.582643	-0.592997	-0.592997	
-0.00805836	0.155404	0.289543	0.366945	0.371191	0.311862	0.214145	0.0990334	-0.0132057	-0.0979085	-0.1396	-0.123292	-0.0425121	0.089663	0.251684	0.427749	0.591443	0.710836	0.774943	0.793383	0.772346	0.711307	0.619831	0.510833	0.384835	0.258324	0.152505	0.0681327	0.00150114	-0.0410055	-0.059084	-0.0668359	-0.0803307	-0.102625	-0.133206	-0.187402	-0.263526	-0.33916	-0.389291	-0.412125	-0.429382	-0.455965	-0.484142	-0.502167	-0.507658	-0.510978	-0.524371	-0.539397	-0.551181	-0.551181	
-0.020905	0.150633	0.295836	0.384913	0.403144	0.35589	0.265652	0.157647	0.0507611	-0.0278771	-0.0608502	-0.0327215	0.0554278	0.187896	0.347464	0.510821	0.649334	0.745202	0.791232	0.800033	0.775177	0.717956	0.638633	0.541439	0.423162	0.295614	0.182376	0.0954832	0.0304573	-0.0131141	-0.0396197	-0.0630847	-0.105123	-0.163104	-0.223687	-0.296727	-0.373401	-0.443775	-0.486907	-0.496394	-0.497361	-0.501438	-0.502167	-0.493084	-0.476626	-0.464841	-0.471079	-0.486542	-0.499184	-0.499184	
-0.00383675	0.178216	0.333559	0.423364	0.442239	0.400716	0.318412	0.214597	0.110492	0.038285	0.014366	0.0476916	0.138031	0.274042	0.431613	0.581267	0.696997	0.770814	0.797055	0.795218	0.769923	0.724119	0.661146	0.580917	0.472002	0.345881	0.22758	0.13524	0.0693057	0.0151062	-0.035973	-0.0922796	-0.169672	-0.265246	-0.350571	-0.426647	-0.489785	-0.540631	-0.565994	-0.561835	-0.54962	-0.529852	-0.507658	-0.476626	-0.437686	-0.413968	-0.41117	-0.421467	-0.435783	-0.435783	
0.0352638	0.233252	0.394776	0.483561	0.500037	0.45953	0.379517	0.276727	0.173925	0.0995851	0.0762615	0.108932	0.197264	0.33172	0.491402	0.63473	0.730797	0.782613	0.794736	0.786031	0.760161	0.722283	0.678203	0.617003	0.525001	0.407549	0.287635	0.189656	0.113446	0.038656	-0.042645	-0.136687	-0.252307	-0.375232	-0.482009	-0.556625	-0.596813	-0.619731	-0.623757	-0.606224	-0.580103	-0.548867	-0.510978	-0.464841	-0.413968	-0.373584	-0.355081	-0.355362	-0.363174	-0.363174	
0.0763517	0.296572	0.462666	0.552049	0.56711	0.526429	0.442731	0.338791	0.234637	0.155775	0.125948	0.150832	0.231362	0.360521	0.515693	0.651698	0.736492	0.776256	0.784664	0.767632	0.73916	0.710708	0.683511	0.642536	0.574155	0.47256	0.358152	0.256073	0.170083	0.0754362	-0.040373	-0.169732	-0.315075	-0.462118	-0.584521	-0.654737	-0.677103	-0.675811	-0.662013	-0.637079	-0.604838	-0.567464	-0.524371	-0.471079	-0.41117	-0.355081	-0.313243	-0.29862	-0.293948	-0.293948	
0.104779	0.346106	0.522894	0.611113	0.62205	0.58103	0.503832	0.396474	0.288767	0.204689	0.171853	0.18832	0.251062	0.366033	0.51259	0.638029	0.713715	0.74683	0.755116	0.739721	0.709676	0.684501	0.669143	0.647552	0.602455	0.526225	0.425071	0.326737	0.234841	0.121965	-0.0160087	-0.173811	-0.338642	-0.500898	-0.639547	-0.710311	-0.725829	-0.711665	-0.686393	-0.65889	-0.622972	-0.582643	-0.539397	-0.486542	-0.421467	-0.355362	-0.29862	-0.265038	-0.254254	-0.254254	
0.118975	0.373949	0.550942	0.640433	0.652181	0.612682	0.532964	0.427477	0.322303	0.236966	0.199661	0.207634	0.260421	0.362449	0.497312	0.615823	0.688526	0.721651	0.737042	0.721067	0.690128	0.666069	0.655998	0.644651	0.616794	0.555834	0.466468	0.37269	0.279621	0.160392	0.00882294	-0.161747	-0.339496	-0.511538	-0.66082	-0.735916	-0.749473	-0.728844	-0.699118	-0.669795	-0.631435	-0.592997	-0.551181	-0.499184	-0.435783	-0.363174	-0.293948	-0.254254	-0.234109	-0.234109	
0.118975	0.373949	0.550942	0.640433	0.652181	0.612682	0.532964	0.427477	0.322303	0.236966	0.199661	0.207634	0.260421	0.362449	0.497312	0.615823	0.688526	0.721651	0.737042	0.721067	0.690128	0.666069	0.655998	0.644651	0.616794	0.555834	0.466468	0.37269	0.279621	0.160392	0.00882294	-0.161747	-0.339496	-0.511538	-0.66082	-0.735916	-0.749473	-0.728844	-0.699118	-0.669795	-0.631435	-0.592997	-0.551181	-0.499184	-0.435783	-0.363174	-0.293948	-0.254254	-0.234109	-0.234109	
