-0.0388284	-0.0388284	-0.0375627	-0.039497	-0.0370743	-0.0387027	-0.0376129	-0.0375401	-0.0379687	-0.0380146	-0.037853	-0.0390915	-0.0394217	-0.0380488	-0.0413461	-0.0380492	-0.0387662	-0.0412231	-0.0366752	-0.041391	-0.0389947	-0.0385234	-0.0371367	-0.0316964	-0.0229541	-0.0116896	0.0158911	0.0584527	0.12147	0.219117	0.353039	0.521767	0.717915	0.928665	1.10375	1.21977	1.23268	1.11373	0.870661	0.547576	0.175791	-0.175137	-0.46446	-0.680825	-0.823449	-0.880475	-0.851492	-0.740738	-0.578645	-0.40078	
-0.0388284	-0.0388284	-0.0375627	-0.039497	-0.0370743	-0.0387027	-0.0376129	-0.0375401	-0.0379687	-0.0380146	-0.037853	-0.0390915	-0.0394217	-0.0380488	-0.0413461	-0.0380492	-0.0387662	-0.0412231	-0.0366752	-0.041391	-0.0389947	-0.0385234	-0.0371367	-0.0316964	-0.0229541	-0.0116896	0.0158911	0.0584527	0.12147	0.219117	0.353039	0.521767	0.717915	0.928665	1.10375	1.21977	1.23268	1.11373	0.870661	0.547576	0.175791	-0.175137	-0.46446	-0.680825	-0.823449	-0.880475	-0.851492	-0.740738	-0.578645	-0.40078	
-0.0375627	-0.0375627	-0.0359745	-0.0389916	-0.0371742	-0.0389554	-0.0395828	-0.0395292	-0.0400327	-0.0397515	-0.0394719	-0.0375239	-0.038573	-0.0367264	-0.0375262	-0.0385788	-0.0388606	-0.0406735	-0.0374358	-0.0413445	-0.0362545	-0.0353355	-0.0361887	-0.0332004	-0.0230618	-0.00937508	0.0174596	0.0581796	0.123691	0.220866	0.353656	0.520865	0.718406	0.926338	1.10039	1.2146	1.22763	1.11021	0.86959	0.548786	0.179986	-0.168307	-0.457856	-0.674527	-0.816783	-0.87508	-0.846447	-0.739314	-0.578389	-0.404207	
-0.039497	-0.039497	-0.0389916	-0.0393499	-0.0375518	-0.0383014	-0.0364924	-0.0363579	-0.0365273	-0.0368407	-0.0368672	-0.040095	-0.0396024	-0.040017	-0.0427401	-0.0387176	-0.0390819	-0.0401519	-0.0378984	-0.0400074	-0.0409455	-0.0407508	-0.037849	-0.0299692	-0.0228255	-0.010765	0.0163325	0.0602187	0.123437	0.220751	0.354329	0.521777	0.714376	0.918267	1.09208	1.20372	1.2147	1.0989	0.865215	0.547102	0.185842	-0.159678	-0.447952	-0.665412	-0.807793	-0.86579	-0.841021	-0.735664	-0.580506	-0.409457	
-0.0370743	-0.0370743	-0.0371742	-0.0375518	-0.0381275	-0.0387258	-0.0392911	-0.0403572	-0.0400066	-0.0400134	-0.0401354	-0.0374225	-0.03829	-0.036989	-0.0365066	-0.0385178	-0.039125	-0.039684	-0.0396289	-0.0396512	-0.0373954	-0.0351559	-0.0339482	-0.0325872	-0.02373	-0.00693659	0.0194399	0.0612389	0.128904	0.224576	0.354827	0.520688	0.713907	0.911307	1.08079	1.18866	1.19847	1.08758	0.860362	0.549314	0.197182	-0.141547	-0.429215	-0.647725	-0.789065	-0.850288	-0.827394	-0.730441	-0.580411	-0.41851	
-0.0387027	-0.0387027	-0.0389554	-0.0383014	-0.0387258	-0.0378393	-0.0378638	-0.0374508	-0.0371099	-0.0377239	-0.0374993	-0.0391713	-0.0388229	-0.040768	-0.039608	-0.0403911	-0.0396465	-0.0380798	-0.0400115	-0.0383183	-0.0395604	-0.0392646	-0.0380287	-0.0301877	-0.0218138	-0.00578812	0.0198352	0.0630105	0.129529	0.226197	0.358282	0.520685	0.707908	0.897529	1.06619	1.16727	1.17516	1.06734	0.851579	0.547794	0.209123	-0.122676	-0.408473	-0.627083	-0.769151	-0.831227	-0.813943	-0.722902	-0.582259	-0.429092	
-0.0376129	-0.0376129	-0.0395828	-0.0364924	-0.0392911	-0.0378638	-0.0379071	-0.0392026	-0.0381942	-0.0390879	-0.0391352	-0.0388811	-0.0390561	-0.0388611	-0.0386931	-0.039091	-0.0392915	-0.0386195	-0.0422812	-0.0370507	-0.041009	-0.0380031	-0.0323037	-0.0300197	-0.0228158	-0.00487341	0.0218367	0.0671488	0.136842	0.230183	0.357847	0.520671	0.704498	0.885862	1.04659	1.14248	1.14766	1.04625	0.840433	0.548096	0.224997	-0.0978733	-0.380027	-0.599843	-0.741098	-0.807085	-0.7943	-0.712726	-0.582768	-0.442079	
-0.0375401	-0.0375401	-0.0395292	-0.0363579	-0.0403572	-0.0374508	-0.0392026	-0.0396304	-0.0381466	-0.0393732	-0.0388823	-0.0376834	-0.038191	-0.0391945	-0.0365613	-0.0401053	-0.0397077	-0.0374758	-0.0412788	-0.0371907	-0.0384933	-0.036463	-0.0353581	-0.0317636	-0.0203861	-0.000527492	0.0254328	0.0689039	0.1382	0.234032	0.36326	0.520335	0.696656	0.86987	1.0253	1.11284	1.11507	1.01968	0.825298	0.547823	0.241488	-0.0692683	-0.347925	-0.566306	-0.708705	-0.777897	-0.770741	-0.699412	-0.582146	-0.455692	
-0.0379687	-0.0379687	-0.0400327	-0.0365273	-0.0400066	-0.0371099	-0.0381942	-0.0381466	-0.0372851	-0.038706	-0.0382738	-0.0396594	-0.0398402	-0.0408624	-0.0398805	-0.0410596	-0.0394536	-0.0383032	-0.0425234	-0.0365983	-0.0414393	-0.0390401	-0.033216	-0.0282748	-0.0187842	-0.000930627	0.0265303	0.0746724	0.145908	0.239188	0.364805	0.520083	0.690712	0.854614	1.00005	1.0791	1.07879	0.98861	0.806468	0.545493	0.258583	-0.0398383	-0.312106	-0.529057	-0.673052	-0.74563	-0.745364	-0.68396	-0.581878	-0.471055	
-0.0380146	-0.0380146	-0.0397515	-0.0368407	-0.0400134	-0.0377239	-0.0390879	-0.0393732	-0.038706	-0.0394227	-0.0391112	-0.037951	-0.0386399	-0.0378032	-0.0374553	-0.0391552	-0.0389362	-0.0384378	-0.0419572	-0.036364	-0.0399897	-0.0367896	-0.0319827	-0.0305045	-0.0181093	0.00200534	0.0313192	0.078165	0.149338	0.243646	0.368534	0.520035	0.682054	0.837599	0.971231	1.04261	1.0384	0.954382	0.78361	0.543193	0.276461	-0.00671347	-0.269977	-0.484851	-0.629482	-0.707127	-0.712428	-0.663424	-0.577567	-0.484652	
-0.037853	-0.037853	-0.0394719	-0.0368672	-0.0401354	-0.0374993	-0.0391352	-0.0388823	-0.0382738	-0.0391112	-0.0390123	-0.0391094	-0.0393934	-0.0404148	-0.0389617	-0.0407288	-0.0393405	-0.0401033	-0.0391857	-0.0396129	-0.038732	-0.0361762	-0.0336705	-0.0288725	-0.0145536	0.00436946	0.0347345	0.0841225	0.154113	0.250751	0.374375	0.520129	0.673121	0.820836	0.942005	1.00396	0.994785	0.915809	0.756228	0.539308	0.291024	0.0273356	-0.227684	-0.43634	-0.585253	-0.665292	-0.678862	-0.641106	-0.573716	-0.498275	
-0.0390915	-0.0390915	-0.0375239	-0.040095	-0.0374225	-0.0391713	-0.0388811	-0.0376834	-0.0396594	-0.037951	-0.0391094	-0.0391508	-0.0393405	-0.0398542	-0.0396021	-0.0407741	-0.0391474	-0.0393946	-0.0408291	-0.0376597	-0.0395332	-0.0386509	-0.0326872	-0.0252897	-0.0141479	0.00525679	0.0378147	0.0885998	0.161817	0.257352	0.376217	0.518241	0.666839	0.803163	0.909085	0.961301	0.949824	0.871997	0.726542	0.53069	0.305851	0.0599018	-0.179623	-0.384794	-0.534022	-0.618812	-0.638961	-0.61448	-0.565343	-0.509436	
-0.0394217	-0.0394217	-0.038573	-0.0396024	-0.03829	-0.0388229	-0.0390561	-0.038191	-0.0398402	-0.0386399	-0.0393934	-0.0393405	-0.0381039	-0.0389245	-0.0378422	-0.0386205	-0.0386504	-0.0411751	-0.0382137	-0.0416887	-0.0376381	-0.0348092	-0.0326044	-0.0273691	-0.0132527	0.00825721	0.043873	0.0943727	0.164445	0.261913	0.383174	0.519527	0.656871	0.783156	0.87639	0.919727	0.900919	0.825309	0.69219	0.52095	0.315848	0.0941658	-0.131232	-0.327953	-0.479484	-0.566406	-0.59496	-0.583529	-0.553775	-0.516392	
-0.0380488	-0.0380488	-0.0367264	-0.040017	-0.036989	-0.040768	-0.0388611	-0.0391945	-0.0408624	-0.0378032	-0.0404148	-0.0398542	-0.0389245	-0.0420632	-0.0405919	-0.0407841	-0.041205	-0.0402207	-0.0375445	-0.040751	-0.0363735	-0.0375401	-0.0331029	-0.021341	-0.0105643	0.0120173	0.0472024	0.0994316	0.173222	0.273608	0.387432	0.517705	0.650949	0.767554	0.843942	0.876389	0.851755	0.776075	0.656265	0.505749	0.323271	0.125155	-0.0817349	-0.270974	-0.421795	-0.51168	-0.548944	-0.551043	-0.540871	-0.52086	
-0.0413461	-0.0413461	-0.0375262	-0.0427401	-0.0365066	-0.039608	-0.0386931	-0.0365613	-0.0398805	-0.0374553	-0.0389617	-0.0396021	-0.0378422	-0.0405919	-0.0373078	-0.0401317	-0.039903	-0.0389464	-0.0411741	-0.0413375	-0.0369205	-0.0370677	-0.0341394	-0.022318	-0.012257	0.0137423	0.0505579	0.103717	0.178657	0.27518	0.390533	0.517359	0.644601	0.744014	0.809848	0.830745	0.800738	0.720931	0.616702	0.483755	0.32637	0.153072	-0.0321986	-0.211713	-0.358706	-0.450651	-0.495845	-0.512571	-0.519273	-0.51824	
-0.0380492	-0.0380492	-0.0385788	-0.0387176	-0.0385178	-0.0403911	-0.039091	-0.0401053	-0.0410596	-0.0391552	-0.0407288	-0.0407741	-0.0386205	-0.0407841	-0.0401317	-0.037936	-0.0410851	-0.0390944	-0.0389178	-0.0400757	-0.0371197	-0.0363036	-0.0287391	-0.019414	-0.00909125	0.0178984	0.056725	0.110528	0.185809	0.285389	0.398846	0.519585	0.636457	0.728199	0.780318	0.790379	0.748168	0.669528	0.575333	0.460219	0.325497	0.179356	0.0156861	-0.152041	-0.292801	-0.38699	-0.441259	-0.472111	-0.496904	-0.511962	
-0.0387662	-0.0387662	-0.0388606	-0.0390819	-0.039125	-0.0396465	-0.0392915	-0.0397077	-0.0394536	-0.0389362	-0.0393405	-0.0391474	-0.0386504	-0.041205	-0.039903	-0.0410851	-0.0436994	-0.0385821	-0.0415619	-0.0395953	-0.0351063	-0.0366407	-0.0332738	-0.0213142	-0.0078235	0.0225101	0.0584511	0.114529	0.192435	0.291823	0.400322	0.518814	0.6311	0.71006	0.74791	0.745656	0.695466	0.614592	0.529284	0.428144	0.318575	0.198849	0.058515	-0.0937134	-0.225275	-0.319876	-0.382805	-0.426854	-0.467433	-0.498665	
-0.0412231	-0.0412231	-0.0406735	-0.0401519	-0.039684	-0.0380798	-0.0386195	-0.0374758	-0.0383032	-0.0384378	-0.0401033	-0.0393946	-0.0411751	-0.0402207	-0.0389464	-0.0390944	-0.0385821	-0.0374014	-0.0412704	-0.0399597	-0.039685	-0.037836	-0.0275788	-0.0183926	-0.00489493	0.0224406	0.061301	0.120834	0.199403	0.296041	0.406516	0.521981	0.623346	0.691365	0.719364	0.705651	0.642582	0.56139	0.480414	0.394264	0.306859	0.214344	0.0976619	-0.0355689	-0.154284	-0.249787	-0.31843	-0.377135	-0.430595	-0.479717	
-0.0366752	-0.0366752	-0.0374358	-0.0378984	-0.0396289	-0.0400115	-0.0422812	-0.0412788	-0.0425234	-0.0419572	-0.0391857	-0.0408291	-0.0382137	-0.0375445	-0.0411741	-0.0389178	-0.0415619	-0.0412704	-0.0403263	-0.0362302	-0.0349682	-0.0327415	-0.0269882	-0.01983	-0.00149173	0.026777	0.0692516	0.128847	0.206046	0.304529	0.414175	0.524077	0.618232	0.679399	0.694816	0.665871	0.59401	0.510776	0.43139	0.356547	0.291576	0.223563	0.130844	0.020855	-0.0852891	-0.177094	-0.254064	-0.322993	-0.39166	-0.457672	
-0.041391	-0.041391	-0.0413445	-0.0400074	-0.0396512	-0.0383183	-0.0370507	-0.0371907	-0.0365983	-0.036364	-0.0396129	-0.0376597	-0.0416887	-0.040751	-0.0413375	-0.0400757	-0.0395953	-0.0399597	-0.0362302	-0.0416556	-0.0383012	-0.035404	-0.0281364	-0.0201386	0.00242178	0.0293444	0.0707509	0.130907	0.211049	0.311115	0.417222	0.524998	0.611989	0.665331	0.666504	0.627372	0.544896	0.459027	0.375689	0.315251	0.267231	0.223384	0.155355	0.0718825	-0.0177173	-0.104899	-0.184101	-0.263341	-0.344372	-0.426551	
-0.0389947	-0.0389947	-0.0362545	-0.0409455	-0.0373954	-0.0395604	-0.041009	-0.0384933	-0.0414393	-0.0399897	-0.038732	-0.0395332	-0.0376381	-0.0363735	-0.0369205	-0.0371197	-0.0351063	-0.039685	-0.0349682	-0.0383012	-0.0321966	-0.0302661	-0.0254225	-0.011398	0.00768669	0.0306238	0.0771704	0.142114	0.220684	0.318211	0.426546	0.529912	0.610324	0.654891	0.647936	0.594296	0.504776	0.410703	0.326738	0.275149	0.242643	0.219218	0.177363	0.121857	0.0484667	-0.0290056	-0.110527	-0.197771	-0.29265	-0.392748	
-0.0385234	-0.0385234	-0.0353355	-0.0407508	-0.0351559	-0.0392646	-0.0380031	-0.036463	-0.0390401	-0.0367896	-0.0361762	-0.0386509	-0.0348092	-0.0375401	-0.0370677	-0.0363036	-0.0366407	-0.037836	-0.0327415	-0.035404	-0.0302661	-0.0260654	-0.0214483	-0.00903247	0.00735324	0.0385095	0.0890265	0.1481	0.228108	0.32834	0.435803	0.532084	0.61166	0.64812	0.630024	0.562317	0.468771	0.363172	0.277779	0.231361	0.211589	0.205345	0.190548	0.16212	0.108112	0.0440989	-0.0356924	-0.128615	-0.236554	-0.35198	
-0.0371367	-0.0371367	-0.0361887	-0.037849	-0.0339482	-0.0380287	-0.0323037	-0.0353581	-0.033216	-0.0319827	-0.0336705	-0.0326872	-0.0326044	-0.0331029	-0.0341394	-0.0287391	-0.0332738	-0.0275788	-0.0269882	-0.0281364	-0.0254225	-0.0214483	-0.0184921	-7.97777e-05	0.0184776	0.0509946	0.0948559	0.15725	0.239586	0.341333	0.445596	0.542855	0.614638	0.643795	0.615435	0.541775	0.43799	0.320186	0.234558	0.190316	0.179913	0.18666	0.201389	0.195801	0.166332	0.117903	0.0438194	-0.0518665	-0.174727	-0.300383	
-0.0316964	-0.0316964	-0.0332004	-0.0299692	-0.0325872	-0.0301877	-0.0300197	-0.0317636	-0.0282748	-0.0305045	-0.0288725	-0.0252897	-0.0273691	-0.021341	-0.022318	-0.019414	-0.0213142	-0.0183926	-0.01983	-0.0201386	-0.011398	-0.00903247	-7.97777e-05	0.01449	0.0313811	0.0613796	0.109755	0.175897	0.260815	0.359725	0.461426	0.555759	0.624795	0.650346	0.611054	0.529628	0.41306	0.290001	0.199081	0.15564	0.146353	0.170668	0.207251	0.224941	0.221369	0.190982	0.128746	0.0277273	-0.103557	-0.24138	
-0.0229541	-0.0229541	-0.0230618	-0.0228255	-0.02373	-0.0218138	-0.0228158	-0.0203861	-0.0187842	-0.0181093	-0.0145536	-0.0141479	-0.0132527	-0.0105643	-0.012257	-0.00909125	-0.0078235	-0.00489493	-0.00149173	0.00242178	0.00768669	0.00735324	0.0184776	0.0313811	0.049959	0.0873273	0.137442	0.201813	0.282465	0.382218	0.486561	0.581688	0.645593	0.661721	0.615409	0.52872	0.401713	0.269555	0.172808	0.125247	0.117697	0.155029	0.207576	0.248338	0.27057	0.263437	0.212673	0.11267	-0.0256404	-0.171669	
-0.0116896	-0.0116896	-0.00937508	-0.010765	-0.00693659	-0.00578812	-0.00487341	-0.000527492	-0.000930627	0.00200534	0.00436946	0.00525679	0.00825721	0.0120173	0.0137423	0.0178984	0.0225101	0.0224406	0.026777	0.0293444	0.0306238	0.0385095	0.0509946	0.0613796	0.0873273	0.122868	0.166024	0.23221	0.320307	0.42076	0.523592	0.613602	0.674052	0.685365	0.637893	0.540978	0.402552	0.263706	0.162098	0.106642	0.0996651	0.145274	0.210581	0.273141	0.322407	0.338962	0.304077	0.20791	0.0682982	-0.0868144	
0.0158911	0.0158911	0.0174596	0.0163325	0.0194399	0.0198352	0.0218367	0.0254328	0.0265303	0.0313192	0.0347345	0.0378147	0.043873	0.0472024	0.0505579	0.056725	0.0584511	0.061301	0.0692516	0.0707509	0.0771704	0.0890265	0.0948559	0.109755	0.137442	0.166024	0.216844	0.289717	0.37398	0.470699	0.57476	0.663458	0.722204	0.730952	0.677712	0.569135	0.424692	0.28185	0.16944	0.103604	0.0973575	0.145657	0.21922	0.30064	0.375286	0.415844	0.398382	0.312202	0.1732	0.0123821	
0.0584527	0.0584527	0.0581796	0.0602187	0.0612389	0.0630105	0.0671488	0.0689039	0.0746724	0.078165	0.0841225	0.0885998	0.0943727	0.0994316	0.103717	0.110528	0.114529	0.120834	0.128847	0.130907	0.142114	0.1481	0.15725	0.175897	0.201813	0.23221	0.289717	0.357291	0.439961	0.539202	0.643921	0.732758	0.7889	0.792696	0.7329	0.619924	0.471721	0.32032	0.193251	0.12325	0.113988	0.159777	0.236418	0.337118	0.432778	0.49781	0.50025	0.429462	0.295749	0.129951	
0.12147	0.12147	0.123691	0.123437	0.128904	0.129529	0.136842	0.1382	0.145908	0.149338	0.154113	0.161817	0.164445	0.173222	0.178657	0.185809	0.192435	0.199403	0.206046	0.211049	0.220684	0.228108	0.239586	0.260815	0.282465	0.320307	0.37398	0.439961	0.523036	0.628612	0.73208	0.817586	0.867713	0.87304	0.811679	0.692328	0.537699	0.376005	0.241865	0.166013	0.149177	0.186131	0.268915	0.382945	0.496244	0.584502	0.610365	0.56088	0.434998	0.268185	
0.219117	0.219117	0.220866	0.220751	0.224576	0.226197	0.230183	0.234032	0.239188	0.243646	0.250751	0.257352	0.261913	0.273608	0.27518	0.285389	0.291823	0.296041	0.304529	0.311115	0.318211	0.32834	0.341333	0.359725	0.382218	0.42076	0.470699	0.539202	0.628612	0.731206	0.827953	0.912883	0.969055	0.974168	0.90345	0.780088	0.6245	0.455329	0.313482	0.229619	0.202511	0.232484	0.319973	0.439094	0.568029	0.677028	0.731175	0.702454	0.590698	0.423042	
0.353039	0.353039	0.353656	0.354329	0.354827	0.358282	0.357847	0.36326	0.364805	0.368534	0.374375	0.376217	0.383174	0.387432	0.390533	0.398846	0.400322	0.406516	0.414175	0.417222	0.426546	0.435803	0.445596	0.461426	0.486561	0.523592	0.57476	0.643921	0.73208	0.827953	0.929107	1.01853	1.07397	1.06942	0.998805	0.879779	0.719354	0.539261	0.393194	0.302416	0.263693	0.287952	0.374241	0.495314	0.636754	0.767495	0.84941	0.845501	0.752434	0.591847	
0.521767	0.521767	0.520865	0.521777	0.520688	0.520685	0.520671	0.520335	0.520083	0.520035	0.520129	0.518241	0.519527	0.517705	0.517359	0.519585	0.518814	0.521981	0.524077	0.524998	0.529912	0.532084	0.542855	0.555759	0.581688	0.613602	0.663458	0.732758	0.817586	0.912883	1.01853	1.10685	1.15555	1.15316	1.08881	0.968599	0.797487	0.617491	0.470599	0.370833	0.320065	0.342157	0.423423	0.545774	0.697049	0.849485	0.957754	0.982527	0.912185	0.768539	
0.717915	0.717915	0.718406	0.714376	0.713907	0.707908	0.704498	0.696656	0.690712	0.682054	0.673121	0.666839	0.656871	0.650949	0.644601	0.636457	0.6311	0.623346	0.618232	0.611989	0.610324	0.61166	0.614638	0.624795	0.645593	0.674052	0.722204	0.7889	0.867713	0.969055	1.07397	1.15555	1.2061	1.21156	1.14698	1.01996	0.850483	0.675382	0.523076	0.411468	0.357158	0.376706	0.449993	0.571984	0.731836	0.904142	1.03701	1.09267	1.05031	0.934275	
0.928665	0.928665	0.926338	0.918267	0.911307	0.897529	0.885862	0.86987	0.854614	0.837599	0.820836	0.803163	0.783156	0.767554	0.744014	0.728199	0.71006	0.691365	0.679399	0.665331	0.654891	0.64812	0.643795	0.650346	0.661721	0.685365	0.730952	0.792696	0.87304	0.974168	1.06942	1.15316	1.21156	1.21654	1.14787	1.02494	0.861588	0.684767	0.524335	0.409271	0.355977	0.366574	0.432005	0.552834	0.721698	0.907764	1.06461	1.15072	1.1443	1.06284	
1.10375	1.10375	1.10039	1.09208	1.08079	1.06619	1.04659	1.0253	1.00005	0.971231	0.942005	0.909085	0.87639	0.843942	0.809848	0.780318	0.74791	0.719364	0.694816	0.666504	0.647936	0.630024	0.615435	0.611054	0.615409	0.637893	0.677712	0.7329	0.811679	0.90345	0.998805	1.08881	1.14698	1.14787	1.08508	0.966511	0.804866	0.624943	0.463341	0.349524	0.292452	0.29339	0.353908	0.476323	0.649645	0.846512	1.02573	1.14411	1.18017	1.13604	
1.21977	1.21977	1.2146	1.20372	1.18866	1.16727	1.14248	1.11284	1.0791	1.04261	1.00396	0.961301	0.919727	0.876389	0.830745	0.790379	0.745656	0.705651	0.665871	0.627372	0.594296	0.562317	0.541775	0.529628	0.52872	0.540978	0.569135	0.619924	0.692328	0.780088	0.879779	0.968599	1.01996	1.02494	0.966511	0.851435	0.691046	0.510562	0.348345	0.234805	0.171157	0.163823	0.221847	0.341474	0.513379	0.715893	0.913023	1.06248	1.13743	1.12916	
1.23268	1.23268	1.22763	1.2147	1.19847	1.17516	1.14766	1.11507	1.07879	1.0384	0.994785	0.949824	0.900919	0.851755	0.800738	0.748168	0.695466	0.642582	0.59401	0.544896	0.504776	0.468771	0.43799	0.41306	0.401713	0.402552	0.424692	0.471721	0.537699	0.6245	0.719354	0.797487	0.850483	0.861588	0.804866	0.691046	0.529027	0.345898	0.185358	0.0699147	-0.00556348	-0.0185367	0.0345221	0.147194	0.310979	0.516201	0.727244	0.903058	1.01134	1.03724	
1.11373	1.11373	1.11021	1.0989	1.08758	1.06734	1.04625	1.01968	0.98861	0.954382	0.915809	0.871997	0.825309	0.776075	0.720931	0.669528	0.614592	0.56139	0.510776	0.459027	0.410703	0.363172	0.320186	0.290001	0.269555	0.263706	0.28185	0.32032	0.376005	0.455329	0.539261	0.617491	0.675382	0.684767	0.624943	0.510562	0.345898	0.165236	0.00634486	-0.121763	-0.20711	-0.223183	-0.176848	-0.079754	0.0745327	0.278894	0.497388	0.69047	0.821274	0.880638	
0.870661	0.870661	0.86959	0.865215	0.860362	0.851579	0.840433	0.825298	0.806468	0.78361	0.756228	0.726542	0.69219	0.656265	0.616702	0.575333	0.529284	0.480414	0.43139	0.375689	0.326738	0.277779	0.234558	0.199081	0.172808	0.162098	0.16944	0.193251	0.241865	0.313482	0.393194	0.470599	0.523076	0.524335	0.463341	0.348345	0.185358	0.00634486	-0.16507	-0.306792	-0.394755	-0.414476	-0.387286	-0.307426	-0.162781	0.0350381	0.251604	0.448228	0.594981	0.683791	
0.547576	0.547576	0.548786	0.547102	0.549314	0.547794	0.548096	0.547823	0.545493	0.543193	0.539308	0.53069	0.52095	0.505749	0.483755	0.460219	0.428144	0.394264	0.356547	0.315251	0.275149	0.231361	0.190316	0.15564	0.125247	0.106642	0.103604	0.12325	0.166013	0.229619	0.302416	0.370833	0.411468	0.409271	0.349524	0.234805	0.0699147	-0.121763	-0.306792	-0.451652	-0.541151	-0.581113	-0.575104	-0.507784	-0.374724	-0.192068	0.0116074	0.205261	0.361394	0.475535	
0.175791	0.175791	0.179986	0.185842	0.197182	0.209123	0.224997	0.241488	0.258583	0.276461	0.291024	0.305851	0.315848	0.323271	0.32637	0.325497	0.318575	0.306859	0.291576	0.267231	0.242643	0.211589	0.179913	0.146353	0.117697	0.0996651	0.0973575	0.113988	0.149177	0.202511	0.263693	0.320065	0.357158	0.355977	0.292452	0.171157	-0.00556348	-0.20711	-0.394755	-0.541151	-0.650874	-0.712272	-0.717243	-0.659201	-0.544981	-0.383251	-0.193254	-0.00673987	0.157414	0.287285	
-0.175137	-0.175137	-0.168307	-0.159678	-0.141547	-0.122676	-0.0978733	-0.0692683	-0.0398383	-0.00671347	0.0273356	0.0599018	0.0941658	0.125155	0.153072	0.179356	0.198849	0.214344	0.223563	0.223384	0.219218	0.205345	0.18666	0.170668	0.155029	0.145274	0.145657	0.159777	0.186131	0.232484	0.287952	0.342157	0.376706	0.366574	0.29339	0.163823	-0.0185367	-0.223183	-0.414476	-0.581113	-0.712272	-0.783248	-0.795137	-0.756103	-0.666116	-0.522792	-0.350002	-0.171487	-0.00772402	0.125204	
-0.46446	-0.46446	-0.457856	-0.447952	-0.429215	-0.408473	-0.380027	-0.347925	-0.312106	-0.269977	-0.227684	-0.179623	-0.131232	-0.0817349	-0.0321986	0.0156861	0.058515	0.0976619	0.130844	0.155355	0.177363	0.190548	0.201389	0.207251	0.207576	0.210581	0.21922	0.236418	0.268915	0.319973	0.374241	0.423423	0.449993	0.432005	0.353908	0.221847	0.0345221	-0.176848	-0.387286	-0.575104	-0.717243	-0.795137	-0.826016	-0.811795	-0.740361	-0.616621	-0.459986	-0.292769	-0.135662	-0.00994562	
-0.680825	-0.680825	-0.674527	-0.665412	-0.647725	-0.627083	-0.599843	-0.566306	-0.529057	-0.484851	-0.43634	-0.384794	-0.327953	-0.270974	-0.211713	-0.152041	-0.0937134	-0.0355689	0.020855	0.0718825	0.121857	0.16212	0.195801	0.224941	0.248338	0.273141	0.30064	0.337118	0.382945	0.439094	0.495314	0.545774	0.571984	0.552834	0.476323	0.341474	0.147194	-0.079754	-0.307426	-0.507784	-0.659201	-0.756103	-0.811795	-0.815491	-0.762863	-0.658229	-0.518965	-0.364498	-0.224056	-0.110176	
-0.823449	-0.823449	-0.816783	-0.807793	-0.789065	-0.769151	-0.741098	-0.708705	-0.673052	-0.629482	-0.585253	-0.534022	-0.479484	-0.421795	-0.358706	-0.292801	-0.225275	-0.154284	-0.0852891	-0.0177173	0.0484667	0.108112	0.166332	0.221369	0.27057	0.322407	0.375286	0.432778	0.496244	0.568029	0.636754	0.697049	0.731836	0.721698	0.649645	0.513379	0.310979	0.0745327	-0.162781	-0.374724	-0.544981	-0.666116	-0.740361	-0.762863	-0.729778	-0.645305	-0.521741	-0.389004	-0.269894	-0.163979	
-0.880475	-0.880475	-0.87508	-0.86579	-0.850288	-0.831227	-0.807085	-0.777897	-0.74563	-0.707127	-0.665292	-0.618812	-0.566406	-0.51168	-0.450651	-0.38699	-0.319876	-0.249787	-0.177094	-0.104899	-0.0290056	0.0440989	0.117903	0.190982	0.263437	0.338962	0.415844	0.49781	0.584502	0.677028	0.767495	0.849485	0.904142	0.907764	0.846512	0.715893	0.516201	0.278894	0.0350381	-0.192068	-0.383251	-0.522792	-0.616621	-0.658229	-0.645305	-0.577847	-0.478241	-0.371727	-0.26792	-0.167758	
-0.851492	-0.851492	-0.846447	-0.841021	-0.827394	-0.813943	-0.7943	-0.770741	-0.745364	-0.712428	-0.678862	-0.638961	-0.59496	-0.548944	-0.495845	-0.441259	-0.382805	-0.31843	-0.254064	-0.184101	-0.110527	-0.0356924	0.0438194	0.128746	0.212673	0.304077	0.398382	0.50025	0.610365	0.731175	0.84941	0.957754	1.03701	1.06461	1.02573	0.913023	0.727244	0.497388	0.251604	0.0116074	-0.193254	-0.350002	-0.459986	-0.518965	-0.521741	-0.478241	-0.405789	-0.316682	-0.219437	-0.127736	
-0.740738	-0.740738	-0.739314	-0.735664	-0.730441	-0.722902	-0.712726	-0.699412	-0.68396	-0.663424	-0.641106	-0.61448	-0.583529	-0.551043	-0.512571	-0.472111	-0.426854	-0.377135	-0.322993	-0.263341	-0.197771	-0.128615	-0.0518665	0.0277273	0.11267	0.20791	0.312202	0.429462	0.56088	0.702454	0.845501	0.982527	1.09267	1.15072	1.14411	1.06248	0.903058	0.69047	0.448228	0.205261	-0.00673987	-0.171487	-0.292769	-0.364498	-0.389004	-0.371727	-0.316682	-0.233805	-0.142842	-0.0707625	
-0.578645	-0.578645	-0.578389	-0.580506	-0.580411	-0.582259	-0.582768	-0.582146	-0.581878	-0.577567	-0.573716	-0.565343	-0.553775	-0.540871	-0.519273	-0.496904	-0.467433	-0.430595	-0.39166	-0.344372	-0.29265	-0.236554	-0.174727	-0.103557	-0.0256404	0.0682982	0.1732	0.295749	0.434998	0.590698	0.752434	0.912185	1.05031	1.1443	1.18017	1.13743	1.01134	0.821274	0.594981	0.361394	0.157414	-0.00772402	-0.135662	-0.224056	-0.269894	-0.26792	-0.219437	-0.142842	-0.0697501	-0.0184897	
-0.40078	-0.40078	-0.404207	-0.409457	-0.41851	-0.429092	-0.442079	-0.455692	-0.471055	-0.484652	-0.498275	-0.509436	-0.516392	-0.52086	-0.51824	-0.511962	-0.498665	-0.479717	-0.457672	-0.426551	-0.392748	-0.35198	-0.300383	-0.24138	-0.171669	-0.0868144	0.0123821	0.129951	0.268185	0.423042	0.591847	0.768539	0.934275	1.06284	1.13604	1.12916	1.03724	0.880638	0.683791	0.475535	0.287285	0.125204	-0.00994562	-0.110176	-0.163979	-0.167758	-0.127736	-0.0707625	-0.0184897	0.0170703	
