-0.0522362	-0.0522362	-0.0503831	-0.052889	-0.0505415	-0.0516747	-0.050469	-0.0523141	-0.0498069	-0.0527992	-0.0530655	-0.0513351	-0.0555156	-0.0522679	-0.0529435	-0.0542509	-0.0506053	-0.056643	-0.0548215	-0.0533368	-0.0545499	-0.0563867	-0.0545018	-0.055338	-0.0588252	-0.0553231	-0.0561325	-0.0606256	-0.0583137	-0.0557581	-0.0638225	-0.0604696	-0.0582361	-0.0634743	-0.0654706	-0.0612572	-0.0632921	-0.06566	-0.0668759	-0.0587956	-0.0536676	-0.0479227	-0.0270114	0.0221572	0.0803811	0.167269	0.307727	0.495787	0.706116	0.925642	
-0.0522362	-0.0522362	-0.0503831	-0.052889	-0.0505415	-0.0516747	-0.050469	-0.0523141	-0.0498069	-0.0527992	-0.0530655	-0.0513351	-0.0555156	-0.0522679	-0.0529435	-0.0542509	-0.0506053	-0.056643	-0.0548215	-0.0533368	-0.0545499	-0.0563867	-0.0545018	-0.055338	-0.0588252	-0.0553231	-0.0561325	-0.0606256	-0.0583137	-0.0557581	-0.0638225	-0.0604696	-0.0582361	-0.0634743	-0.0654706	-0.0612572	-0.0632921	-0.06566	-0.0668759	-0.0587956	-0.0536676	-0.0479227	-0.0270114	0.0221572	0.0803811	0.167269	0.307727	0.495787	0.706116	0.925642	
-0.0503831	-0.0503831	-0.0510614	-0.0511907	-0.0509376	-0.0536553	-0.0519609	-0.0540057	-0.0529178	-0.052747	-0.0510898	-0.049087	-0.0532294	-0.0480178	-0.0528761	-0.057729	-0.051589	-0.0532198	-0.0518133	-0.0552916	-0.0552582	-0.0573392	-0.0544879	-0.0562493	-0.0585782	-0.0566454	-0.0574723	-0.0610868	-0.0590654	-0.0570678	-0.0643231	-0.0610822	-0.0601495	-0.0634438	-0.0664116	-0.0615563	-0.0650419	-0.0650033	-0.0674668	-0.0585404	-0.0544023	-0.0465915	-0.0249391	0.0224042	0.0825301	0.170142	0.310764	0.496601	0.704936	0.924569	
-0.052889	-0.052889	-0.0511907	-0.0527316	-0.0512248	-0.05015	-0.0502532	-0.0505332	-0.0491212	-0.0524847	-0.0534821	-0.0543486	-0.0551433	-0.0554977	-0.0536122	-0.0506941	-0.0517351	-0.0571042	-0.0566802	-0.0530643	-0.0547393	-0.0542045	-0.0552292	-0.0554846	-0.0579709	-0.0555242	-0.0561548	-0.0586509	-0.0581607	-0.0577899	-0.0608686	-0.060271	-0.0590972	-0.0633139	-0.0628641	-0.0629964	-0.0626823	-0.065904	-0.0640561	-0.060478	-0.0537452	-0.0458063	-0.0229792	0.0218501	0.081763	0.173726	0.31141	0.493395	0.7007	0.915809	
-0.0505415	-0.0505415	-0.0509376	-0.0512248	-0.0513981	-0.0529348	-0.0528505	-0.0528363	-0.0542612	-0.0513636	-0.0518515	-0.0509404	-0.0503857	-0.0515366	-0.0528782	-0.0547348	-0.0560431	-0.0516013	-0.0526301	-0.0548889	-0.0552588	-0.0562201	-0.0572788	-0.0562659	-0.0550994	-0.0584575	-0.0588108	-0.0591568	-0.0584002	-0.0603057	-0.0606926	-0.0615033	-0.0619907	-0.0630549	-0.0635526	-0.0641249	-0.0648705	-0.0650886	-0.0638769	-0.0609885	-0.0542758	-0.0430864	-0.0182503	0.0222343	0.0864202	0.180683	0.317695	0.493451	0.697476	0.908897	
-0.0516747	-0.0516747	-0.0536553	-0.05015	-0.0529348	-0.0503546	-0.0516981	-0.0508373	-0.0514325	-0.0528208	-0.0514244	-0.0541452	-0.0524933	-0.0531332	-0.0533364	-0.0515659	-0.0543998	-0.0530746	-0.055208	-0.0558732	-0.0556883	-0.0541104	-0.0550045	-0.0570808	-0.0578009	-0.0583556	-0.057333	-0.0569374	-0.0604601	-0.0613743	-0.0586674	-0.0611069	-0.0635723	-0.062134	-0.0625394	-0.0651746	-0.0651447	-0.0644638	-0.0625923	-0.0619838	-0.0546952	-0.0399788	-0.0150522	0.0229366	0.0890672	0.188481	0.321193	0.492073	0.690649	0.8981	
-0.050469	-0.050469	-0.0519609	-0.0502532	-0.0528505	-0.0516981	-0.0522746	-0.0520064	-0.0532055	-0.0505091	-0.0536323	-0.0546395	-0.0504511	-0.0574938	-0.0539844	-0.0508776	-0.0571144	-0.0522282	-0.0553597	-0.0542861	-0.0534302	-0.0541555	-0.0590122	-0.0557771	-0.0521302	-0.0584229	-0.0586523	-0.0560272	-0.0583591	-0.0615214	-0.0560427	-0.0614709	-0.0630021	-0.0609287	-0.0605054	-0.0659954	-0.0638367	-0.0635272	-0.0602328	-0.0625675	-0.0532355	-0.0362217	-0.0106053	0.0245333	0.0944858	0.196575	0.326609	0.489286	0.684834	0.882516	
-0.0523141	-0.0523141	-0.0540057	-0.0505332	-0.0528363	-0.0508373	-0.0520064	-0.051246	-0.0531739	-0.0516887	-0.0522069	-0.0522532	-0.0497994	-0.0528847	-0.0510456	-0.0526848	-0.0583094	-0.0510247	-0.054944	-0.0569629	-0.0560961	-0.0564943	-0.0567222	-0.0578005	-0.056762	-0.0621764	-0.0587047	-0.0569571	-0.0623674	-0.063726	-0.0577367	-0.0634936	-0.0666161	-0.0612284	-0.0637132	-0.067534	-0.0669362	-0.0634067	-0.062377	-0.0634818	-0.0538204	-0.0330849	-0.00743838	0.0272653	0.101929	0.206532	0.333268	0.491078	0.679573	0.869832	
-0.0498069	-0.0498069	-0.0529178	-0.0491212	-0.0542612	-0.0514325	-0.0532055	-0.0531739	-0.0520479	-0.0532945	-0.0526084	-0.0541522	-0.0533722	-0.0559443	-0.0538851	-0.0535383	-0.0542641	-0.0520884	-0.0549338	-0.0554315	-0.0528098	-0.0551415	-0.055538	-0.056272	-0.0543788	-0.0582237	-0.0569963	-0.0550669	-0.0610062	-0.0601772	-0.055882	-0.0616139	-0.0642788	-0.0585149	-0.0622017	-0.0653861	-0.0647038	-0.0605328	-0.0609953	-0.0607417	-0.0513445	-0.027541	-0.0043771	0.0331803	0.109098	0.215438	0.33741	0.490191	0.670962	0.850104	
-0.0527992	-0.0527992	-0.052747	-0.0524847	-0.0513636	-0.0528208	-0.0505091	-0.0516887	-0.0532945	-0.0498396	-0.0543763	-0.0532747	-0.0513576	-0.0555243	-0.052365	-0.0535045	-0.0552853	-0.054791	-0.0563487	-0.0561001	-0.0550722	-0.0561055	-0.0591841	-0.0575038	-0.055454	-0.0600441	-0.0597508	-0.0581673	-0.0611397	-0.0619176	-0.0580996	-0.0648094	-0.0640861	-0.0616326	-0.0637738	-0.0678482	-0.065098	-0.0631568	-0.0621609	-0.0619384	-0.0497187	-0.0266342	-0.00157107	0.0383759	0.118612	0.223092	0.345175	0.491858	0.667201	0.831008	
-0.0530655	-0.0530655	-0.0510898	-0.0534821	-0.0518515	-0.0514244	-0.0536323	-0.0522069	-0.0526084	-0.0543763	-0.0525678	-0.0518871	-0.0529671	-0.0524745	-0.051385	-0.0562482	-0.0540011	-0.054835	-0.0542653	-0.0544049	-0.0570508	-0.0578642	-0.054608	-0.0565247	-0.0594621	-0.059992	-0.0574241	-0.0583559	-0.0619494	-0.0613073	-0.0596835	-0.0639376	-0.0632854	-0.0624191	-0.064611	-0.0665828	-0.0647537	-0.0630855	-0.06254	-0.0591979	-0.0472786	-0.0235588	0.00159722	0.0481268	0.127438	0.232386	0.351442	0.496428	0.660608	0.809875	
-0.0513351	-0.0513351	-0.049087	-0.0543486	-0.0509404	-0.0541452	-0.0546395	-0.0522532	-0.0541522	-0.0532747	-0.0518871	-0.0548159	-0.0553252	-0.0543301	-0.056315	-0.054847	-0.0518497	-0.0554288	-0.0541059	-0.0550504	-0.0557342	-0.0534559	-0.0567725	-0.0579304	-0.0561255	-0.0543839	-0.0593873	-0.059499	-0.0585714	-0.0586447	-0.0610947	-0.0617601	-0.060975	-0.0628691	-0.0636028	-0.0644725	-0.0630321	-0.0633985	-0.0608629	-0.0563747	-0.0432929	-0.022436	0.00704538	0.057443	0.136663	0.238886	0.358564	0.49994	0.652729	0.785625	
-0.0555156	-0.0555156	-0.0532294	-0.0551433	-0.0503857	-0.0524933	-0.0504511	-0.0497994	-0.0533722	-0.0513576	-0.0529671	-0.0553252	-0.0522785	-0.0523382	-0.0552295	-0.0542664	-0.0526736	-0.0598544	-0.0566043	-0.0559395	-0.060073	-0.0563543	-0.0590166	-0.0575212	-0.0614458	-0.0584973	-0.0622146	-0.060931	-0.0595538	-0.063232	-0.0642991	-0.0630548	-0.0623384	-0.0683095	-0.064605	-0.0667911	-0.0649901	-0.0678288	-0.061986	-0.056549	-0.0432668	-0.0239986	0.0111925	0.0660731	0.144299	0.245268	0.368534	0.506047	0.647849	0.76419	
-0.0522679	-0.0522679	-0.0480178	-0.0554977	-0.0515366	-0.0531332	-0.0574938	-0.0528847	-0.0559443	-0.0555243	-0.0524745	-0.0543301	-0.0523382	-0.0533112	-0.0548838	-0.0521468	-0.0576316	-0.055613	-0.0516925	-0.0521956	-0.0581518	-0.0541608	-0.0567859	-0.0575411	-0.0581645	-0.0548029	-0.0603129	-0.0605393	-0.0571746	-0.0618031	-0.0636175	-0.059256	-0.0622099	-0.0668784	-0.0627141	-0.0634665	-0.0642532	-0.0660068	-0.0585949	-0.0518132	-0.0394928	-0.0209053	0.0205591	0.0777987	0.152869	0.254422	0.37868	0.5123	0.639121	0.738742	
-0.0529435	-0.0529435	-0.0528761	-0.0536122	-0.0528782	-0.0533364	-0.0539844	-0.0510456	-0.0538851	-0.052365	-0.051385	-0.056315	-0.0552295	-0.0548838	-0.0602586	-0.0532166	-0.0550537	-0.0535873	-0.0561328	-0.0602291	-0.0592445	-0.0545787	-0.0576457	-0.0595376	-0.0586353	-0.0567439	-0.0634384	-0.06025	-0.0575363	-0.0636091	-0.0652205	-0.0582821	-0.0652469	-0.0674611	-0.0637437	-0.0637008	-0.0672192	-0.0668398	-0.059045	-0.0513046	-0.0406198	-0.0207722	0.0269427	0.0841179	0.158277	0.261222	0.388647	0.517122	0.629856	0.71705	
-0.0542509	-0.0542509	-0.057729	-0.0506941	-0.0547348	-0.0515659	-0.0508776	-0.0526848	-0.0535383	-0.0535045	-0.0562482	-0.054847	-0.0542664	-0.0521468	-0.0532166	-0.0534754	-0.0568342	-0.0602375	-0.0561233	-0.0580843	-0.0529694	-0.0597772	-0.0583455	-0.0604596	-0.0584476	-0.0596848	-0.0621678	-0.0600834	-0.059949	-0.065669	-0.0640549	-0.0590229	-0.0683763	-0.0666589	-0.0648542	-0.0635614	-0.0705542	-0.0645231	-0.0603963	-0.048461	-0.0424401	-0.015748	0.0337371	0.0913948	0.16569	0.270937	0.401562	0.521548	0.622771	0.696999	
-0.0506053	-0.0506053	-0.051589	-0.0517351	-0.0560431	-0.0543998	-0.0571144	-0.0583094	-0.0542641	-0.0552853	-0.0540011	-0.0518497	-0.0526736	-0.0576316	-0.0550537	-0.0568342	-0.0544779	-0.0554297	-0.0521646	-0.0557663	-0.0571122	-0.0591668	-0.0565814	-0.0579821	-0.0581753	-0.0584187	-0.0615119	-0.0605343	-0.0598636	-0.064326	-0.0616207	-0.0621402	-0.0664239	-0.0659679	-0.0626924	-0.0661821	-0.067624	-0.0639256	-0.0572743	-0.0479645	-0.0400667	-0.0088392	0.0402955	0.099344	0.172674	0.28388	0.412038	0.523562	0.615859	0.674335	
-0.056643	-0.056643	-0.0532198	-0.0571042	-0.0516013	-0.0530746	-0.0522282	-0.0510247	-0.0520884	-0.054791	-0.054835	-0.0554288	-0.0598544	-0.055613	-0.0535873	-0.0602375	-0.0554297	-0.0553998	-0.0593398	-0.0607176	-0.0585443	-0.0583038	-0.057533	-0.0588293	-0.061206	-0.0608041	-0.0608675	-0.0600219	-0.0623503	-0.0638871	-0.0623396	-0.0639947	-0.0662061	-0.0655869	-0.0651043	-0.0678489	-0.0675252	-0.0644612	-0.0584772	-0.0504451	-0.0390945	-0.00578566	0.0428926	0.101479	0.17913	0.294053	0.418164	0.52479	0.60809	0.657198	
-0.0548215	-0.0548215	-0.0518133	-0.0566802	-0.0526301	-0.055208	-0.0553597	-0.054944	-0.0549338	-0.0563487	-0.0542653	-0.0541059	-0.0566043	-0.0516925	-0.0561328	-0.0561233	-0.0521646	-0.0593398	-0.0617513	-0.0530809	-0.0561681	-0.0594406	-0.0591403	-0.060341	-0.0622701	-0.0595161	-0.0595595	-0.0639322	-0.0650925	-0.0614215	-0.0643551	-0.0666578	-0.0662481	-0.0654046	-0.0680001	-0.0682367	-0.0668225	-0.0643792	-0.05875	-0.0509258	-0.0340129	-0.000930171	0.0471752	0.107133	0.191075	0.307099	0.425297	0.528376	0.603493	0.642988	
-0.0533368	-0.0533368	-0.0552916	-0.0530643	-0.0548889	-0.0558732	-0.0542861	-0.0569629	-0.0554315	-0.0561001	-0.0544049	-0.0550504	-0.0559395	-0.0521956	-0.0602291	-0.0580843	-0.0557663	-0.0607176	-0.0530809	-0.0548585	-0.061393	-0.0618249	-0.0574776	-0.059453	-0.0603004	-0.0592184	-0.0617995	-0.0655739	-0.0616159	-0.0592938	-0.0680799	-0.066751	-0.0631524	-0.0658379	-0.0702998	-0.0667758	-0.066177	-0.0637069	-0.0610159	-0.0491407	-0.0307313	0.00272384	0.047455	0.112752	0.20202	0.31492	0.429306	0.52919	0.598951	0.630786	
-0.0545499	-0.0545499	-0.0552582	-0.0547393	-0.0552588	-0.0556883	-0.0534302	-0.0560961	-0.0528098	-0.0550722	-0.0570508	-0.0557342	-0.060073	-0.0581518	-0.0592445	-0.0529694	-0.0571122	-0.0585443	-0.0561681	-0.061393	-0.062001	-0.0564354	-0.0568608	-0.0595651	-0.0643648	-0.0599901	-0.0615852	-0.0628222	-0.0618921	-0.0617833	-0.070442	-0.0629046	-0.0628873	-0.0688792	-0.0708751	-0.0649975	-0.0655579	-0.0657489	-0.0611768	-0.048252	-0.0259037	0.00210283	0.0489302	0.11917	0.212151	0.320095	0.431402	0.531005	0.5963	0.618815	
-0.0563867	-0.0563867	-0.0573392	-0.0542045	-0.0562201	-0.0541104	-0.0541555	-0.0564943	-0.0551415	-0.0561055	-0.0578642	-0.0534559	-0.0563543	-0.0541608	-0.0545787	-0.0597772	-0.0591668	-0.0583038	-0.0594406	-0.0618249	-0.0564354	-0.0587647	-0.0633494	-0.064934	-0.0623104	-0.0591006	-0.0633664	-0.0683684	-0.0626799	-0.0650526	-0.0696596	-0.0648046	-0.0664539	-0.0728547	-0.0702769	-0.0662694	-0.0687797	-0.0683391	-0.0629262	-0.046234	-0.0255673	0.000923051	0.0507175	0.127653	0.22124	0.323226	0.43711	0.534896	0.598574	0.609356	
-0.0545018	-0.0545018	-0.0544879	-0.0552292	-0.0572788	-0.0550045	-0.0590122	-0.0567222	-0.055538	-0.0591841	-0.054608	-0.0567725	-0.0590166	-0.0567859	-0.0576457	-0.0583455	-0.0565814	-0.057533	-0.0591403	-0.0574776	-0.0568608	-0.0633494	-0.0610166	-0.0590876	-0.0584505	-0.063274	-0.0651032	-0.0641066	-0.0598991	-0.0664496	-0.0686038	-0.0635233	-0.0673708	-0.0707255	-0.0683346	-0.065759	-0.0692221	-0.0668641	-0.0607275	-0.0423203	-0.0246947	0.00178501	0.0560487	0.137362	0.225755	0.326289	0.440183	0.539642	0.596173	0.597507	
-0.055338	-0.055338	-0.0562493	-0.0554846	-0.0562659	-0.0570808	-0.0557771	-0.0578005	-0.056272	-0.0575038	-0.0565247	-0.0579304	-0.0575212	-0.0575411	-0.0595376	-0.0604596	-0.0579821	-0.0588293	-0.060341	-0.059453	-0.0595651	-0.064934	-0.0590876	-0.058983	-0.063843	-0.0664319	-0.0617336	-0.061515	-0.0659119	-0.0683664	-0.0658717	-0.0646099	-0.0701388	-0.0703672	-0.068477	-0.0680582	-0.0706965	-0.0674392	-0.0603793	-0.0420843	-0.0282388	0.00245091	0.0600688	0.143045	0.225287	0.328446	0.444671	0.544034	0.594434	0.586705	
-0.0588252	-0.0588252	-0.0585782	-0.0579709	-0.0550994	-0.0578009	-0.0521302	-0.056762	-0.0543788	-0.055454	-0.0594621	-0.0561255	-0.0614458	-0.0581645	-0.0586353	-0.0584476	-0.0581753	-0.061206	-0.0622701	-0.0603004	-0.0643648	-0.0623104	-0.0584505	-0.063843	-0.0698651	-0.0622226	-0.0609855	-0.0674238	-0.0717993	-0.0640638	-0.0663542	-0.0704201	-0.0728555	-0.0689942	-0.0708456	-0.0717856	-0.0724104	-0.0686751	-0.0596717	-0.0460876	-0.0301796	0.00312437	0.066205	0.143066	0.225308	0.332154	0.450777	0.54871	0.591367	0.5767	
-0.0553231	-0.0553231	-0.0566454	-0.0555242	-0.0584575	-0.0583556	-0.0584229	-0.0621764	-0.0582237	-0.0600441	-0.059992	-0.0543839	-0.0584973	-0.0548029	-0.0567439	-0.0596848	-0.0584187	-0.0608041	-0.0595161	-0.0592184	-0.0599901	-0.0591006	-0.063274	-0.0664319	-0.0622226	-0.0605405	-0.0655691	-0.0705573	-0.0658704	-0.0620703	-0.0706544	-0.0735276	-0.0680405	-0.0678854	-0.0731375	-0.0728381	-0.0703778	-0.0659981	-0.0586817	-0.047355	-0.0283513	0.010455	0.0716373	0.143386	0.228832	0.339315	0.459051	0.550253	0.588128	0.56429	
-0.0561325	-0.0561325	-0.0574723	-0.0561548	-0.0588108	-0.057333	-0.0586523	-0.0587047	-0.0569963	-0.0597508	-0.0574241	-0.0593873	-0.0622146	-0.0603129	-0.0634384	-0.0621678	-0.0615119	-0.0608675	-0.0595595	-0.0617995	-0.0615852	-0.0633664	-0.0651032	-0.0617336	-0.0609855	-0.0655691	-0.0653114	-0.0669553	-0.063971	-0.0650386	-0.0723689	-0.0699185	-0.0650326	-0.0704022	-0.0755736	-0.0715561	-0.0689086	-0.0660938	-0.0621148	-0.0508981	-0.0267169	0.0127731	0.0681991	0.137546	0.229319	0.342415	0.459235	0.546063	0.579293	0.552854	
-0.0606256	-0.0606256	-0.0610868	-0.0586509	-0.0591568	-0.0569374	-0.0560272	-0.0569571	-0.0550669	-0.0581673	-0.0583559	-0.059499	-0.060931	-0.0605393	-0.06025	-0.0600834	-0.0605343	-0.0600219	-0.0639322	-0.0655739	-0.0628222	-0.0683684	-0.0641066	-0.061515	-0.0674238	-0.0705573	-0.0669553	-0.0692315	-0.0678461	-0.0695259	-0.0756851	-0.0704647	-0.0695733	-0.0764268	-0.0787478	-0.0721161	-0.0716712	-0.0700952	-0.0681856	-0.0516457	-0.0246953	0.0132244	0.0620278	0.137557	0.234712	0.348793	0.460756	0.544643	0.575777	0.548915	
-0.0583137	-0.0583137	-0.0590654	-0.0581607	-0.0584002	-0.0604601	-0.0583591	-0.0623674	-0.0610062	-0.0611397	-0.0619494	-0.0585714	-0.0595538	-0.0571746	-0.0575363	-0.059949	-0.0598636	-0.0623503	-0.0650925	-0.0616159	-0.0618921	-0.0626799	-0.0598991	-0.0659119	-0.0717993	-0.0658704	-0.063971	-0.0678461	-0.0691616	-0.0715928	-0.0733668	-0.0677462	-0.0717535	-0.0779753	-0.0755367	-0.0702332	-0.0717965	-0.0725112	-0.0674536	-0.0475777	-0.0201509	0.0102456	0.0597115	0.141603	0.241724	0.351154	0.458366	0.540743	0.57074	0.546872	
-0.0557581	-0.0557581	-0.0570678	-0.0577899	-0.0603057	-0.0613743	-0.0615214	-0.063726	-0.0601772	-0.0619176	-0.0613073	-0.0586447	-0.063232	-0.0618031	-0.0636091	-0.065669	-0.064326	-0.0638871	-0.0614215	-0.0592938	-0.0617833	-0.0650526	-0.0664496	-0.0683664	-0.0640638	-0.0620703	-0.0650386	-0.0695259	-0.0715928	-0.06935	-0.0672771	-0.0686302	-0.0761732	-0.075461	-0.0715059	-0.0705567	-0.0749641	-0.0737452	-0.0655875	-0.0443446	-0.0230895	0.00345669	0.0576376	0.144957	0.241939	0.345557	0.450711	0.533349	0.566203	0.546217	
-0.0638225	-0.0638225	-0.0643231	-0.0608686	-0.0606926	-0.0586674	-0.0560427	-0.0577367	-0.055882	-0.0580996	-0.0596835	-0.0610947	-0.0642991	-0.0636175	-0.0652205	-0.0640549	-0.0616207	-0.0623396	-0.0643551	-0.0680799	-0.070442	-0.0696596	-0.0686038	-0.0658717	-0.0663542	-0.0706544	-0.0723689	-0.0756851	-0.0733668	-0.0672771	-0.0722261	-0.0812198	-0.0795419	-0.0737847	-0.0754958	-0.0800666	-0.0809153	-0.0769026	-0.0660863	-0.0492699	-0.0323941	-0.00403272	0.0586395	0.146117	0.238182	0.338927	0.44625	0.532101	0.570402	0.553038	
-0.0604696	-0.0604696	-0.0610822	-0.060271	-0.0615033	-0.0611069	-0.0614709	-0.0634936	-0.0616139	-0.0648094	-0.0639376	-0.0617601	-0.0630548	-0.059256	-0.0582821	-0.0590229	-0.0621402	-0.0639947	-0.0666578	-0.066751	-0.0629046	-0.0648046	-0.0635233	-0.0646099	-0.0704201	-0.0735276	-0.0699185	-0.0704647	-0.0677462	-0.0686302	-0.0812198	-0.0799463	-0.07042	-0.071353	-0.0817044	-0.0807241	-0.0777119	-0.0714056	-0.0640124	-0.0509532	-0.0356816	0.000490424	0.0660686	0.148129	0.234043	0.334809	0.444266	0.533414	0.574396	0.553852	
-0.0582361	-0.0582361	-0.0601495	-0.0590972	-0.0619907	-0.0635723	-0.0630021	-0.0666161	-0.0642788	-0.0640861	-0.0632854	-0.060975	-0.0623384	-0.0622099	-0.0652469	-0.0683763	-0.0664239	-0.0662061	-0.0662481	-0.0631524	-0.0628873	-0.0664539	-0.0673708	-0.0701388	-0.0728555	-0.0680405	-0.0650326	-0.0695733	-0.0717535	-0.0761732	-0.0795419	-0.07042	-0.0685143	-0.0803416	-0.0845689	-0.0780743	-0.074783	-0.0725179	-0.0679762	-0.0586332	-0.0384613	0.00292377	0.06473	0.138796	0.222593	0.326655	0.439845	0.532741	0.574951	0.547589	
-0.0634743	-0.0634743	-0.0634438	-0.0633139	-0.0630549	-0.062134	-0.0609287	-0.0612284	-0.0585149	-0.0616326	-0.0624191	-0.0628691	-0.0683095	-0.0668784	-0.0674611	-0.0666589	-0.0659679	-0.0655869	-0.0654046	-0.0658379	-0.0688792	-0.0728547	-0.0707255	-0.0703672	-0.0689942	-0.0678854	-0.0704022	-0.0764268	-0.0779753	-0.075461	-0.0737847	-0.071353	-0.0803416	-0.0856845	-0.0827203	-0.0765487	-0.0782671	-0.0766743	-0.0757094	-0.0635527	-0.036999	0.00420332	0.0577606	0.127241	0.214415	0.322826	0.439492	0.534867	0.572701	0.538123	
-0.0654706	-0.0654706	-0.0664116	-0.0628641	-0.0635526	-0.0625394	-0.0605054	-0.0637132	-0.0622017	-0.0637738	-0.064611	-0.0636028	-0.064605	-0.0627141	-0.0637437	-0.0648542	-0.0626924	-0.0651043	-0.0680001	-0.0702998	-0.0708751	-0.0702769	-0.0683346	-0.068477	-0.0708456	-0.0731375	-0.0755736	-0.0787478	-0.0755367	-0.0715059	-0.0754958	-0.0817044	-0.0845689	-0.0827203	-0.080141	-0.0799265	-0.0809043	-0.0821817	-0.0803163	-0.0621027	-0.0324554	0.00114341	0.0475905	0.11964	0.211636	0.323398	0.442103	0.534666	0.565737	0.525928	
-0.0612572	-0.0612572	-0.0615563	-0.0629964	-0.0641249	-0.0651746	-0.0659954	-0.067534	-0.0653861	-0.0678482	-0.0665828	-0.0644725	-0.0667911	-0.0634665	-0.0637008	-0.0635614	-0.0661821	-0.0678489	-0.0682367	-0.0667758	-0.0649975	-0.0662694	-0.065759	-0.0680582	-0.0717856	-0.0728381	-0.0715561	-0.0721161	-0.0702332	-0.0705567	-0.0800666	-0.0807241	-0.0780743	-0.0765487	-0.0799265	-0.0784648	-0.0819588	-0.0839918	-0.0774748	-0.0538848	-0.0310755	-0.0077552	0.0391897	0.115864	0.210496	0.321967	0.438224	0.524222	0.547526	0.511851	
-0.0632921	-0.0632921	-0.0650419	-0.0626823	-0.0648705	-0.0651447	-0.0638367	-0.0669362	-0.0647038	-0.065098	-0.0647537	-0.0630321	-0.0649901	-0.0642532	-0.0672192	-0.0705542	-0.067624	-0.0675252	-0.0668225	-0.066177	-0.0655579	-0.0687797	-0.0692221	-0.0706965	-0.0724104	-0.0703778	-0.0689086	-0.0716712	-0.0717965	-0.0749641	-0.0809153	-0.0777119	-0.074783	-0.0782671	-0.0809043	-0.0819588	-0.0870644	-0.0853818	-0.0719543	-0.053201	-0.0424747	-0.0203923	0.0326643	0.113824	0.207041	0.317058	0.428916	0.506848	0.531914	0.50827	
-0.06566	-0.06566	-0.0650033	-0.065904	-0.0650886	-0.0644638	-0.0635272	-0.0634067	-0.0605328	-0.0631568	-0.0630855	-0.0633985	-0.0678288	-0.0660068	-0.0668398	-0.0645231	-0.0639256	-0.0644612	-0.0643792	-0.0637069	-0.0657489	-0.0683391	-0.0668641	-0.0674392	-0.0686751	-0.0659981	-0.0660938	-0.0700952	-0.0725112	-0.0737452	-0.0769026	-0.0714056	-0.0725179	-0.0766743	-0.0821817	-0.0839918	-0.0853818	-0.0760436	-0.0660138	-0.0596364	-0.0522342	-0.0235797	0.0360379	0.114543	0.204689	0.310289	0.413695	0.488937	0.522149	0.515217	
-0.0668759	-0.0668759	-0.0674668	-0.0640561	-0.0638769	-0.0625923	-0.0602328	-0.062377	-0.0609953	-0.0621609	-0.06254	-0.0608629	-0.061986	-0.0585949	-0.059045	-0.0603963	-0.0572743	-0.0584772	-0.05875	-0.0610159	-0.0611768	-0.0629262	-0.0607275	-0.0603793	-0.0596717	-0.0586817	-0.0621148	-0.0681856	-0.0674536	-0.0655875	-0.0660863	-0.0640124	-0.0679762	-0.0757094	-0.0803163	-0.0774748	-0.0719543	-0.0660138	-0.0683588	-0.0660939	-0.052453	-0.0156433	0.0416426	0.116067	0.201123	0.299089	0.397389	0.476446	0.525945	0.531196	
-0.0587956	-0.0587956	-0.0585404	-0.060478	-0.0609885	-0.0619838	-0.0625675	-0.0634818	-0.0607417	-0.0619384	-0.0591979	-0.0563747	-0.056549	-0.0518132	-0.0513046	-0.048461	-0.0479645	-0.0504451	-0.0509258	-0.0491407	-0.048252	-0.046234	-0.0423203	-0.0420843	-0.0460876	-0.047355	-0.0508981	-0.0516457	-0.0475777	-0.0443446	-0.0492699	-0.0509532	-0.0586332	-0.0635527	-0.0621027	-0.0538848	-0.053201	-0.0596364	-0.0660939	-0.05773	-0.0360733	-0.0020548	0.0503597	0.118107	0.194601	0.284638	0.382366	0.474172	0.535735	0.546291	
-0.0536676	-0.0536676	-0.0544023	-0.0537452	-0.0542758	-0.0546952	-0.0532355	-0.0538204	-0.0513445	-0.0497187	-0.0472786	-0.0432929	-0.0432668	-0.0394928	-0.0406198	-0.0424401	-0.0400667	-0.0390945	-0.0340129	-0.0307313	-0.0259037	-0.0255673	-0.0246947	-0.0282388	-0.0301796	-0.0283513	-0.0267169	-0.0246953	-0.0201509	-0.0230895	-0.0323941	-0.0356816	-0.0384613	-0.036999	-0.0324554	-0.0310755	-0.0424747	-0.0522342	-0.052453	-0.0360733	-0.0177854	0.0112479	0.0575706	0.117311	0.184534	0.272117	0.381252	0.484907	0.553865	0.563541	
-0.0479227	-0.0479227	-0.0465915	-0.0458063	-0.0430864	-0.0399788	-0.0362217	-0.0330849	-0.027541	-0.0266342	-0.0235588	-0.022436	-0.0239986	-0.0209053	-0.0207722	-0.015748	-0.0088392	-0.00578566	-0.000930171	0.00272384	0.00210283	0.000923051	0.00178501	0.00245091	0.00312437	0.010455	0.0127731	0.0132244	0.0102456	0.00345669	-0.00403272	0.000490424	0.00292377	0.00420332	0.00114341	-0.0077552	-0.0203923	-0.0235797	-0.0156433	-0.0020548	0.0112479	0.0348857	0.0747887	0.124331	0.186543	0.283393	0.403361	0.51278	0.578578	0.583454	
-0.0270114	-0.0270114	-0.0249391	-0.0229792	-0.0182503	-0.0150522	-0.0106053	-0.00743838	-0.0043771	-0.00157107	0.00159722	0.00704538	0.0111925	0.0205591	0.0269427	0.0337371	0.0402955	0.0428926	0.0471752	0.047455	0.0489302	0.0507175	0.0560487	0.0600688	0.066205	0.0716373	0.0681991	0.0620278	0.0597115	0.0576376	0.0586395	0.0660686	0.06473	0.0577606	0.0475905	0.0391897	0.0326643	0.0360379	0.0416426	0.0503597	0.0575706	0.0747887	0.104591	0.14664	0.214981	0.321274	0.445662	0.547592	0.605627	0.603246	
0.0221572	0.0221572	0.0224042	0.0218501	0.0222343	0.0229366	0.0245333	0.0272653	0.0331803	0.0383759	0.0481268	0.057443	0.0660731	0.0777987	0.0841179	0.0913948	0.099344	0.101479	0.107133	0.112752	0.11917	0.127653	0.137362	0.143045	0.143066	0.143386	0.137546	0.137557	0.141603	0.144957	0.146117	0.148129	0.138796	0.127241	0.11964	0.115864	0.113824	0.114543	0.116067	0.118107	0.117311	0.124331	0.14664	0.1924	0.268351	0.378528	0.493258	0.583258	0.632008	0.61934	
0.0803811	0.0803811	0.0825301	0.081763	0.0864202	0.0890672	0.0944858	0.101929	0.109098	0.118612	0.127438	0.136663	0.144299	0.152869	0.158277	0.16569	0.172674	0.17913	0.191075	0.20202	0.212151	0.22124	0.225755	0.225287	0.225308	0.228832	0.229319	0.234712	0.241724	0.241939	0.238182	0.234043	0.222593	0.214415	0.211636	0.210496	0.207041	0.204689	0.201123	0.194601	0.184534	0.186543	0.214981	0.268351	0.349001	0.450651	0.552784	0.630675	0.669484	0.645484	
0.167269	0.167269	0.170142	0.173726	0.180683	0.188481	0.196575	0.206532	0.215438	0.223092	0.232386	0.238886	0.245268	0.254422	0.261222	0.270937	0.28388	0.294053	0.307099	0.31492	0.320095	0.323226	0.326289	0.328446	0.332154	0.339315	0.342415	0.348793	0.351154	0.345557	0.338927	0.334809	0.326655	0.322826	0.323398	0.321967	0.317058	0.310289	0.299089	0.284638	0.272117	0.283393	0.321274	0.378528	0.450651	0.539482	0.626848	0.690587	0.715801	0.679711	
0.307727	0.307727	0.310764	0.31141	0.317695	0.321193	0.326609	0.333268	0.33741	0.345175	0.351442	0.358564	0.368534	0.37868	0.388647	0.401562	0.412038	0.418164	0.425297	0.429306	0.431402	0.43711	0.440183	0.444671	0.450777	0.459051	0.459235	0.460756	0.458366	0.450711	0.44625	0.444266	0.439845	0.439492	0.442103	0.438224	0.428916	0.413695	0.397389	0.382366	0.381252	0.403361	0.445662	0.493258	0.552784	0.626848	0.697912	0.744346	0.756088	0.717707	
0.495787	0.495787	0.496601	0.493395	0.493451	0.492073	0.489286	0.491078	0.490191	0.491858	0.496428	0.49994	0.506047	0.5123	0.517122	0.521548	0.523562	0.52479	0.528376	0.52919	0.531005	0.534896	0.539642	0.544034	0.54871	0.550253	0.546063	0.544643	0.540743	0.533349	0.532101	0.533414	0.532741	0.534867	0.534666	0.524222	0.506848	0.488937	0.476446	0.474172	0.484907	0.51278	0.547592	0.583258	0.630675	0.690587	0.744346	0.776311	0.787216	0.763603	
0.706116	0.706116	0.704936	0.7007	0.697476	0.690649	0.684834	0.679573	0.670962	0.667201	0.660608	0.652729	0.647849	0.639121	0.629856	0.622771	0.615859	0.60809	0.603493	0.598951	0.5963	0.598574	0.596173	0.594434	0.591367	0.588128	0.579293	0.575777	0.57074	0.566203	0.570402	0.574396	0.574951	0.572701	0.565737	0.547526	0.531914	0.522149	0.525945	0.535735	0.553865	0.578578	0.605627	0.632008	0.669484	0.715801	0.756088	0.787216	0.814799	0.819679	
0.925642	0.925642	0.924569	0.915809	0.908897	0.8981	0.882516	0.869832	0.850104	0.831008	0.809875	0.785625	0.76419	0.738742	0.71705	0.696999	0.674335	0.657198	0.642988	0.630786	0.618815	0.609356	0.597507	0.586705	0.5767	0.56429	0.552854	0.548915	0.546872	0.546217	0.553038	0.553852	0.547589	0.538123	0.525928	0.511851	0.50827	0.515217	0.531196	0.546291	0.563541	0.583454	0.603246	0.61934	0.645484	0.679711	0.717707	0.763603	0.819679	0.859179	
