0.181512	0.0918188	-0.00215832	-0.0785844	-0.119751	-0.128385	-0.121421	-0.112865	-0.116952	-0.135279	-0.171184	-0.228458	-0.285607	-0.320669	-0.314797	-0.26843	-0.178857	-0.0643754	0.0575983	0.178792	0.283023	0.359742	0.405608	0.418755	0.410977	0.400219	0.402109	0.401656	0.382216	0.33863	0.26826	0.181685	0.0937966	0.021367	-0.0187886	-0.00541987	0.0609503	0.164412	0.274617	0.368814	0.428386	0.439997	0.403687	0.305179	0.153803	-0.0374971	-0.242957	-0.410645	-0.507855	-0.507855	
0.0918188	0.00901477	-0.0700548	-0.123128	-0.133402	-0.106387	-0.0604118	-0.0151708	0.0155866	0.0289266	0.0139546	-0.0348322	-0.0934353	-0.137189	-0.138041	-0.0900591	-0.0061206	0.0995492	0.212098	0.322619	0.425519	0.509989	0.558627	0.572732	0.56657	0.55797	0.568015	0.57185	0.550031	0.498802	0.412454	0.307206	0.19863	0.0953939	0.0165114	-0.0114728	0.0135898	0.0810058	0.166542	0.238995	0.279281	0.279	0.229825	0.120346	-0.0443813	-0.242478	-0.443059	-0.606446	-0.693312	-0.693312	
-0.00215832	-0.0700548	-0.125082	-0.154763	-0.134251	-0.0834341	-0.00739062	0.0735845	0.139429	0.185987	0.193361	0.1596	0.111724	0.0805604	0.0850547	0.136078	0.209849	0.29951	0.396539	0.492488	0.589396	0.673133	0.725063	0.740369	0.738555	0.735411	0.742068	0.739982	0.706421	0.640831	0.541582	0.425066	0.298693	0.16432	0.0517242	-0.0229844	-0.0434699	-0.0165469	0.0270914	0.076021	0.0986438	0.08291	0.0228707	-0.0943112	-0.258405	-0.450502	-0.638036	-0.789819	-0.872776	-0.872776	
-0.0785844	-0.123128	-0.154763	-0.152671	-0.109649	-0.0355725	0.0614816	0.17153	0.265144	0.333334	0.357586	0.342231	0.312482	0.293175	0.306965	0.35708	0.428233	0.514689	0.603924	0.682193	0.758503	0.825719	0.864697	0.878681	0.882834	0.886249	0.891706	0.885148	0.845216	0.767287	0.662914	0.539322	0.394126	0.238375	0.0946709	-0.024124	-0.0924586	-0.112543	-0.109739	-0.0967	-0.0986867	-0.127656	-0.19743	-0.311614	-0.46768	-0.648925	-0.819396	-0.960229	-1.03567	-1.03567	
-0.119751	-0.133402	-0.134251	-0.109649	-0.0535828	0.0386991	0.155555	0.284138	0.395736	0.473756	0.508085	0.506048	0.48746	0.478084	0.494981	0.549553	0.62805	0.715242	0.793841	0.850513	0.896915	0.937243	0.959898	0.963667	0.96679	0.974624	0.982735	0.983589	0.952877	0.878435	0.77759	0.647231	0.487011	0.315594	0.143554	-0.00551524	-0.109693	-0.176981	-0.21917	-0.246009	-0.276416	-0.319154	-0.392391	-0.507029	-0.657492	-0.828817	-0.988847	-1.11036	-1.17029	-1.17029	
-0.128385	-0.106387	-0.0834341	-0.0355725	0.0386991	0.143645	0.269719	0.395837	0.509783	0.590706	0.63431	0.643008	0.62868	0.619331	0.638006	0.692993	0.774527	0.859833	0.925178	0.962187	0.981959	0.992662	0.989837	0.977614	0.977687	0.993261	1.01616	1.03559	1.02093	0.960589	0.870784	0.745908	0.583916	0.402939	0.212699	0.0362236	-0.105194	-0.213072	-0.293436	-0.350443	-0.400773	-0.462181	-0.545189	-0.664193	-0.812734	-0.966831	-1.10559	-1.21075	-1.26812	-1.26812	
-0.121421	-0.0604118	-0.00739062	0.0614816	0.155555	0.269719	0.385031	0.497986	0.602324	0.678264	0.720179	0.726834	0.711083	0.701722	0.719823	0.770656	0.845722	0.920195	0.978888	1.00401	1.00564	0.989047	0.957034	0.928346	0.92395	0.94899	0.990229	1.03069	1.04014	1.00808	0.944461	0.838029	0.682105	0.49934	0.295535	0.0939023	-0.0762583	-0.217819	-0.331871	-0.415954	-0.483353	-0.55468	-0.638107	-0.751292	-0.889168	-1.03022	-1.15586	-1.24054	-1.28557	-1.28557	
-0.112865	-0.0151708	0.0735845	0.17153	0.284138	0.395837	0.497986	0.591386	0.677956	0.736737	0.762731	0.754427	0.736329	0.72705	0.739651	0.780195	0.842762	0.910307	0.964152	0.987452	0.972164	0.92786	0.86884	0.822462	0.809903	0.840163	0.897648	0.955518	1.00007	1.01059	0.985052	0.912311	0.779388	0.60258	0.39493	0.185375	-0.00936173	-0.181871	-0.326372	-0.439301	-0.523253	-0.596114	-0.669062	-0.768739	-0.885478	-0.999931	-1.10526	-1.17225	-1.20528	-1.20528	
-0.116952	0.0155866	0.139429	0.265144	0.395736	0.509783	0.602324	0.677956	0.735578	0.756988	0.75084	0.72713	0.703967	0.696288	0.704514	0.734555	0.788122	0.848606	0.897022	0.916641	0.888714	0.822507	0.745865	0.681728	0.658891	0.686313	0.747957	0.823428	0.900114	0.959613	0.985386	0.95979	0.865213	0.710913	0.516197	0.305503	0.0960894	-0.0988091	-0.269441	-0.403844	-0.497966	-0.56984	-0.634341	-0.710257	-0.800243	-0.887796	-0.961225	-1.01147	-1.03707	-1.03707	
-0.135279	0.0289266	0.185987	0.333334	0.473756	0.590706	0.678264	0.736737	0.756988	0.744387	0.705224	0.661227	0.630958	0.614338	0.617144	0.647801	0.69378	0.748778	0.79638	0.808663	0.774326	0.694818	0.599068	0.520812	0.48829	0.510402	0.581063	0.673227	0.778892	0.885773	0.958089	0.981625	0.936082	0.817616	0.652865	0.457159	0.244905	0.0357611	-0.156395	-0.309773	-0.41728	-0.488705	-0.541334	-0.59287	-0.651798	-0.709444	-0.749964	-0.774974	-0.783787	-0.783787	
-0.171184	0.0139546	0.193361	0.357586	0.508085	0.63431	0.720179	0.762731	0.75084	0.705224	0.638586	0.572378	0.526304	0.507496	0.51584	0.548165	0.593323	0.641061	0.681099	0.692329	0.652812	0.565422	0.461395	0.372703	0.330467	0.352515	0.423153	0.527135	0.663069	0.807122	0.931392	1.00652	1.0103	0.932069	0.799352	0.62676	0.419603	0.207171	-0.000247317	-0.17483	-0.297495	-0.367958	-0.411174	-0.441116	-0.461735	-0.480505	-0.487099	-0.489859	-0.482699	-0.482699	
-0.228458	-0.0348322	0.1596	0.342231	0.506048	0.643008	0.726834	0.754427	0.72713	0.661227	0.572378	0.485577	0.424728	0.405307	0.421067	0.459003	0.506194	0.556026	0.595598	0.607114	0.565706	0.472947	0.360835	0.26077	0.212448	0.23001	0.3018	0.419203	0.578958	0.75747	0.926132	1.04604	1.0908	1.05229	0.949262	0.795333	0.598593	0.38284	0.165602	-0.0168852	-0.147895	-0.22279	-0.255263	-0.25831	-0.249134	-0.23586	-0.208079	-0.190721	-0.178452	-0.178452	
-0.285607	-0.0934353	0.111724	0.312482	0.48746	0.62868	0.711083	0.736329	0.703967	0.630958	0.526304	0.424728	0.359133	0.340819	0.362693	0.411317	0.465555	0.51983	0.565103	0.571973	0.531183	0.438336	0.316039	0.209341	0.153163	0.159802	0.229662	0.356171	0.534062	0.743849	0.949378	1.10582	1.18371	1.17538	1.09515	0.95596	0.768699	0.55383	0.332399	0.140415	0.00271791	-0.0700622	-0.0902385	-0.0725107	-0.0360451	0.00439607	0.048103	0.0794044	0.101498	0.101498	
-0.320669	-0.137189	0.0805604	0.293175	0.478084	0.619331	0.701722	0.72705	0.696288	0.614338	0.507496	0.405307	0.340819	0.330984	0.363055	0.424219	0.490808	0.551218	0.594433	0.599114	0.555726	0.462027	0.337867	0.227642	0.158924	0.153286	0.210111	0.335004	0.527262	0.75445	0.989841	1.17784	1.2822	1.30144	1.24194	1.11287	0.932967	0.716778	0.485274	0.286086	0.14131	0.0658825	0.0549147	0.0854383	0.144485	0.210257	0.267328	0.308264	0.330722	0.330722	
-0.314797	-0.138041	0.0850547	0.306965	0.494981	0.638006	0.719823	0.739651	0.704514	0.617144	0.51584	0.421067	0.362693	0.363055	0.409224	0.486425	0.571514	0.644261	0.690906	0.693356	0.644226	0.548622	0.422622	0.306414	0.223307	0.199055	0.241679	0.359721	0.553027	0.78745	1.03774	1.24793	1.37587	1.42272	1.38237	1.26221	1.085	0.860656	0.621696	0.412433	0.25518	0.168469	0.159226	0.204304	0.277529	0.36154	0.434396	0.485023	0.509422	0.509422	
-0.26843	-0.0900591	0.136078	0.35708	0.549553	0.692993	0.770656	0.780195	0.734555	0.647801	0.548165	0.459003	0.411317	0.424219	0.486425	0.590997	0.698029	0.789634	0.84617	0.840392	0.787643	0.690644	0.557844	0.429444	0.326854	0.276347	0.302286	0.406962	0.589323	0.826728	1.08216	1.30809	1.45926	1.53009	1.50984	1.40115	1.22819	0.997028	0.742098	0.507952	0.328281	0.226076	0.210769	0.262948	0.357242	0.46617	0.55291	0.615172	0.645447	0.645447	
-0.178857	-0.0061206	0.209849	0.428233	0.62805	0.774527	0.845722	0.842762	0.788122	0.69378	0.593323	0.506194	0.465555	0.490808	0.571514	0.698029	0.838884	0.956757	1.023	1.02605	0.971484	0.867168	0.724592	0.57725	0.448597	0.37837	0.379386	0.461967	0.633563	0.862566	1.11812	1.35261	1.51984	1.60478	1.60093	1.50461	1.3341	1.10192	0.836739	0.584504	0.38087	0.25927	0.234688	0.291258	0.400233	0.525346	0.628387	0.697073	0.728793	0.728793	
-0.0643754	0.0995492	0.29951	0.514689	0.715242	0.859833	0.920195	0.910307	0.848606	0.748778	0.641061	0.556026	0.51983	0.551218	0.644261	0.789634	0.956757	1.09749	1.18275	1.2013	1.15103	1.04111	0.892083	0.729842	0.582115	0.485958	0.459496	0.521185	0.676228	0.893875	1.13963	1.36935	1.54169	1.63701	1.64608	1.56382	1.39835	1.16578	0.897765	0.635183	0.420291	0.287887	0.253548	0.310974	0.424256	0.553454	0.666107	0.741215	0.776498	0.776498	
0.0575983	0.212098	0.396539	0.603924	0.793841	0.925178	0.978888	0.964152	0.897022	0.79638	0.681099	0.595598	0.565103	0.594433	0.690906	0.84617	1.023	1.18275	1.29013	1.32517	1.28397	1.17944	1.03527	0.867976	0.703819	0.580054	0.533749	0.575841	0.708333	0.910053	1.13396	1.34938	1.52419	1.624	1.64258	1.5749	1.41638	1.1927	0.932642	0.668748	0.452773	0.317745	0.27534	0.328754	0.444841	0.577239	0.690397	0.761702	0.795051	0.795051	
0.178792	0.322619	0.492488	0.682193	0.850513	0.962187	1.00401	0.987452	0.916641	0.808663	0.692329	0.607114	0.571973	0.599114	0.693356	0.840392	1.02605	1.2013	1.32517	1.38203	1.35722	1.26947	1.13975	0.967654	0.788105	0.655538	0.590674	0.612735	0.723009	0.894751	1.09623	1.2947	1.46102	1.55906	1.58588	1.53263	1.39157	1.19121	0.952145	0.702463	0.490059	0.354623	0.309492	0.362836	0.476019	0.598147	0.704999	0.767537	0.796164	0.796164	
0.283023	0.425519	0.589396	0.758503	0.896915	0.981959	1.00564	0.972164	0.888714	0.774326	0.652812	0.565706	0.531183	0.555726	0.644226	0.787643	0.971484	1.15103	1.28397	1.35722	1.35979	1.29752	1.17965	1.01208	0.835628	0.69572	0.614911	0.612322	0.6945	0.843796	1.02338	1.20301	1.35905	1.45816	1.49604	1.46448	1.35048	1.17496	0.957421	0.725521	0.526153	0.395593	0.349988	0.395304	0.500505	0.618212	0.718725	0.778768	0.803022	0.803022	
0.359742	0.509989	0.673133	0.825719	0.937243	0.992662	0.989047	0.92786	0.822507	0.694818	0.565422	0.472947	0.438336	0.462027	0.548622	0.690644	0.867168	1.04111	1.17944	1.26947	1.29752	1.25454	1.14818	0.997981	0.834406	0.687137	0.59212	0.572042	0.633632	0.764578	0.921809	1.08366	1.23037	1.33464	1.38697	1.37623	1.28825	1.13581	0.944222	0.733343	0.552223	0.432355	0.387508	0.428914	0.524907	0.635687	0.729487	0.788971	0.817208	0.817208	
0.405608	0.558627	0.725063	0.864697	0.959898	0.989837	0.957034	0.86884	0.745865	0.599068	0.461395	0.360835	0.316039	0.337867	0.422622	0.557844	0.724592	0.892083	1.03527	1.13975	1.17965	1.14818	1.05853	0.928271	0.77368	0.63052	0.533956	0.511877	0.563959	0.67108	0.809681	0.954391	1.08553	1.18893	1.24811	1.2473	1.18292	1.05849	0.896483	0.720802	0.562936	0.454922	0.420429	0.459681	0.548571	0.654058	0.740396	0.795361	0.815053	0.815053	
0.418755	0.572732	0.740369	0.878681	0.963667	0.977614	0.928346	0.822462	0.681728	0.520812	0.372703	0.26077	0.209341	0.227642	0.306414	0.429444	0.57725	0.729842	0.867976	0.967654	1.01208	0.997981	0.928271	0.817363	0.678808	0.549823	0.464462	0.439555	0.477906	0.572228	0.696816	0.82496	0.936313	1.02469	1.07525	1.07816	1.03431	0.936547	0.805768	0.66273	0.535104	0.450485	0.431491	0.473822	0.560532	0.662397	0.738126	0.790424	0.811392	0.811392	
0.410977	0.56657	0.738555	0.882834	0.96679	0.977687	0.92395	0.809903	0.658891	0.48829	0.330467	0.212448	0.153163	0.158924	0.223307	0.326854	0.448597	0.582115	0.703819	0.788105	0.835628	0.834406	0.77368	0.678808	0.570291	0.462492	0.386979	0.359653	0.388031	0.47503	0.586113	0.691632	0.778126	0.848948	0.886286	0.886846	0.850773	0.767372	0.663629	0.555078	0.467146	0.416566	0.417389	0.464768	0.542249	0.633694	0.706022	0.759653	0.783029	0.783029	
0.400219	0.55797	0.735411	0.886249	0.974624	0.993261	0.94899	0.840163	0.686313	0.510402	0.352515	0.23001	0.159802	0.153286	0.199055	0.276347	0.37837	0.485958	0.580054	0.655538	0.69572	0.687137	0.63052	0.549823	0.462492	0.372794	0.295376	0.265831	0.294882	0.367632	0.462338	0.550018	0.619732	0.674092	0.700557	0.693711	0.654157	0.582668	0.501094	0.427396	0.371266	0.344608	0.358652	0.406079	0.479223	0.560474	0.625676	0.671529	0.688435	0.688435	
0.402109	0.568015	0.742068	0.891706	0.982735	1.01616	0.990229	0.897648	0.747957	0.581063	0.423153	0.3018	0.229662	0.210111	0.241679	0.302286	0.379386	0.459496	0.533749	0.590674	0.614911	0.59212	0.533956	0.464462	0.386979	0.295376	0.218202	0.186036	0.199046	0.255659	0.334537	0.407857	0.466236	0.504421	0.516641	0.503595	0.464538	0.406636	0.344126	0.288324	0.25126	0.240798	0.257515	0.299165	0.360188	0.421775	0.4711	0.50634	0.523449	0.523449	
0.401656	0.57185	0.739982	0.885148	0.983589	1.03559	1.03069	0.955518	0.823428	0.673227	0.527135	0.419203	0.356171	0.335004	0.359721	0.406962	0.461967	0.521185	0.575841	0.612735	0.612322	0.572042	0.511877	0.439555	0.359653	0.265831	0.186036	0.135835	0.11836	0.154345	0.214675	0.270155	0.317687	0.342674	0.34379	0.325539	0.282945	0.228332	0.176725	0.138179	0.118745	0.118469	0.130276	0.15511	0.186742	0.218587	0.253356	0.276298	0.289611	0.289611	
0.382216	0.550031	0.706421	0.845216	0.952877	1.02093	1.04014	1.00007	0.900114	0.778892	0.663069	0.578958	0.534062	0.527262	0.553027	0.589323	0.633563	0.676228	0.708333	0.723009	0.6945	0.633632	0.563959	0.477906	0.388031	0.294882	0.199046	0.11836	0.0770312	0.0844955	0.11307	0.144976	0.174548	0.182405	0.174032	0.148764	0.0977901	0.0444843	0.00388763	-0.0187954	-0.0255334	-0.0200874	-0.0169172	-0.0145051	-0.01062	-0.00709652	0.00439343	0.00835411	0.0131855	0.0131855	
0.33863	0.498802	0.640831	0.767287	0.878435	0.960589	1.00808	1.01059	0.959613	0.885773	0.807122	0.75747	0.743849	0.75445	0.78745	0.826728	0.862566	0.893875	0.910053	0.894751	0.843796	0.764578	0.67108	0.572228	0.47503	0.367632	0.255659	0.154345	0.0844955	0.055541	0.0405916	0.0347123	0.0359875	0.0210678	-0.00647548	-0.0461729	-0.101608	-0.145582	-0.170831	-0.178165	-0.169959	-0.159352	-0.162072	-0.17761	-0.197233	-0.222709	-0.244005	-0.257203	-0.26078	-0.26078	
0.26826	0.412454	0.541582	0.662914	0.77759	0.870784	0.944461	0.985052	0.985386	0.958089	0.931392	0.926132	0.949378	0.989841	1.03774	1.08216	1.11812	1.13963	1.13396	1.09623	1.02338	0.921809	0.809681	0.696816	0.586113	0.462338	0.334537	0.214675	0.11307	0.0405916	-0.015437	-0.0519566	-0.0805291	-0.11934	-0.168701	-0.228731	-0.289902	-0.330576	-0.343626	-0.332091	-0.306299	-0.289751	-0.293803	-0.31763	-0.360341	-0.408593	-0.445458	-0.471266	-0.485366	-0.485366	
0.181685	0.307206	0.425066	0.539322	0.647231	0.745908	0.838029	0.912311	0.95979	0.981625	1.00652	1.04604	1.10582	1.17784	1.24793	1.30809	1.35261	1.36935	1.34938	1.2947	1.20301	1.08366	0.954391	0.82496	0.691632	0.550018	0.407857	0.270155	0.144976	0.0347123	-0.0519566	-0.118946	-0.180124	-0.237944	-0.307109	-0.380236	-0.444647	-0.485842	-0.49147	-0.464691	-0.423255	-0.395411	-0.390373	-0.421499	-0.475992	-0.530953	-0.581773	-0.615295	-0.633628	-0.633628	
0.0937966	0.19863	0.298693	0.394126	0.487011	0.583916	0.682105	0.779388	0.865213	0.936082	1.0103	1.0908	1.18371	1.2822	1.37587	1.45926	1.51984	1.54169	1.52419	1.46102	1.35905	1.23037	1.08553	0.936313	0.778126	0.619732	0.466236	0.317687	0.174548	0.0359875	-0.0805291	-0.180124	-0.267958	-0.340626	-0.422151	-0.505826	-0.569704	-0.604186	-0.59838	-0.55383	-0.500844	-0.465277	-0.450147	-0.474306	-0.522564	-0.576916	-0.636279	-0.672583	-0.687509	-0.687509	
0.021367	0.0953939	0.16432	0.238375	0.315594	0.402939	0.49934	0.60258	0.710913	0.817616	0.932069	1.05229	1.17538	1.30144	1.42272	1.53009	1.60478	1.63701	1.624	1.55906	1.45816	1.33464	1.18893	1.02469	0.848948	0.674092	0.504421	0.342674	0.182405	0.0210678	-0.11934	-0.237944	-0.340626	-0.426788	-0.515446	-0.604917	-0.667671	-0.688668	-0.664706	-0.604933	-0.538014	-0.486701	-0.460148	-0.469031	-0.504711	-0.548227	-0.59146	-0.62624	-0.646934	-0.646934	
-0.0187886	0.0165114	0.0517242	0.0946709	0.143554	0.212699	0.295535	0.39493	0.516197	0.652865	0.799352	0.949262	1.09515	1.24194	1.38237	1.50984	1.60093	1.64608	1.64258	1.58588	1.49604	1.38697	1.24811	1.07525	0.886286	0.700557	0.516641	0.34379	0.174032	-0.00647548	-0.168701	-0.307109	-0.422151	-0.515446	-0.604106	-0.684115	-0.729543	-0.730099	-0.688459	-0.613703	-0.529749	-0.455255	-0.412642	-0.401402	-0.414261	-0.44797	-0.480188	-0.503411	-0.516019	-0.516019	
-0.00541987	-0.0114728	-0.0229844	-0.024124	-0.00551524	0.0362236	0.0939023	0.185375	0.305503	0.457159	0.62676	0.795333	0.95596	1.11287	1.26221	1.40115	1.50461	1.56382	1.5749	1.53263	1.46448	1.37623	1.2473	1.07816	0.886846	0.693711	0.503595	0.325539	0.148764	-0.0461729	-0.228731	-0.380236	-0.505826	-0.604917	-0.684115	-0.747241	-0.764453	-0.73388	-0.664284	-0.56204	-0.459065	-0.370522	-0.313113	-0.280169	-0.275403	-0.296533	-0.31674	-0.338302	-0.348452	-0.348452	
0.0609503	0.0135898	-0.0434699	-0.0924586	-0.109693	-0.105194	-0.0762583	-0.00936173	0.0960894	0.244905	0.419603	0.598593	0.768699	0.932967	1.085	1.22819	1.3341	1.39835	1.41638	1.39157	1.35048	1.28825	1.18292	1.03431	0.850773	0.654157	0.464538	0.282945	0.0977901	-0.101608	-0.289902	-0.444647	-0.569704	-0.667671	-0.729543	-0.764453	-0.752582	-0.687766	-0.588692	-0.461616	-0.345245	-0.251369	-0.179455	-0.138187	-0.124805	-0.126522	-0.138637	-0.162217	-0.173008	-0.173008	
0.164412	0.0810058	-0.0165469	-0.112543	-0.176981	-0.213072	-0.217819	-0.181871	-0.0988091	0.0357611	0.207171	0.38284	0.55383	0.716778	0.860656	0.997028	1.10192	1.16578	1.1927	1.19121	1.17496	1.13581	1.05849	0.936547	0.767372	0.582668	0.406636	0.228332	0.0444843	-0.145582	-0.330576	-0.485842	-0.604186	-0.688668	-0.730099	-0.73388	-0.687766	-0.590562	-0.464934	-0.329671	-0.212653	-0.114623	-0.0380019	0.00627942	0.0225853	0.0231265	0.00942647	-0.0101983	-0.0123295	-0.0123295	
0.274617	0.166542	0.0270914	-0.109739	-0.21917	-0.293436	-0.331871	-0.326372	-0.269441	-0.156395	-0.000247317	0.165602	0.332399	0.485274	0.621696	0.742098	0.836739	0.897765	0.932642	0.952145	0.957421	0.944222	0.896483	0.805768	0.663629	0.501094	0.344126	0.176725	0.00388763	-0.170831	-0.343626	-0.49147	-0.59838	-0.664706	-0.688459	-0.664284	-0.588692	-0.464934	-0.32231	-0.188965	-0.0693442	0.0241879	0.0857142	0.125052	0.142995	0.140448	0.125347	0.108615	0.0975347	0.0975347	
0.368814	0.238995	0.076021	-0.0967	-0.246009	-0.350443	-0.415954	-0.439301	-0.403844	-0.309773	-0.17483	-0.0168852	0.140415	0.286086	0.412433	0.507952	0.584504	0.635183	0.668748	0.702463	0.725521	0.733343	0.720802	0.66273	0.555078	0.427396	0.288324	0.138179	-0.0187954	-0.178165	-0.332091	-0.464691	-0.55383	-0.604933	-0.613703	-0.56204	-0.461616	-0.329671	-0.188965	-0.0577277	0.0491905	0.120531	0.169104	0.201448	0.220295	0.217939	0.204739	0.196891	0.179724	0.179724	
0.428386	0.279281	0.0986438	-0.0986867	-0.276416	-0.400773	-0.483353	-0.523253	-0.497966	-0.41728	-0.297495	-0.147895	0.00271791	0.14131	0.25518	0.328281	0.38087	0.420291	0.452773	0.490059	0.526153	0.552223	0.562936	0.535104	0.467146	0.371266	0.25126	0.118745	-0.0255334	-0.169959	-0.306299	-0.423255	-0.500844	-0.538014	-0.529749	-0.459065	-0.345245	-0.212653	-0.0693442	0.0491905	0.129286	0.187347	0.228049	0.250175	0.256766	0.253921	0.246362	0.236917	0.22842	0.22842	
0.439997	0.279	0.08291	-0.127656	-0.319154	-0.462181	-0.55468	-0.596114	-0.56984	-0.488705	-0.367958	-0.22279	-0.0700622	0.0658825	0.168469	0.226076	0.25927	0.287887	0.317745	0.354623	0.395593	0.432355	0.454922	0.450485	0.416566	0.344608	0.240798	0.118469	-0.0200874	-0.159352	-0.289751	-0.395411	-0.465277	-0.486701	-0.455255	-0.370522	-0.251369	-0.114623	0.0241879	0.120531	0.187347	0.234312	0.251965	0.2599	0.261925	0.260033	0.251244	0.240881	0.242529	0.242529	
0.403687	0.229825	0.0228707	-0.19743	-0.392391	-0.545189	-0.638107	-0.669062	-0.634341	-0.541334	-0.411174	-0.255263	-0.0902385	0.0549147	0.159226	0.210769	0.234688	0.253548	0.27534	0.309492	0.349988	0.387508	0.420429	0.431491	0.417389	0.358652	0.257515	0.130276	-0.0169172	-0.162072	-0.293803	-0.390373	-0.450147	-0.460148	-0.412642	-0.313113	-0.179455	-0.0380019	0.0857142	0.169104	0.228049	0.251965	0.251496	0.250457	0.243779	0.235684	0.228589	0.226401	0.220616	0.220616	
0.305179	0.120346	-0.0943112	-0.311614	-0.507029	-0.664193	-0.751292	-0.768739	-0.710257	-0.59287	-0.441116	-0.25831	-0.0725107	0.0854383	0.204304	0.262948	0.291258	0.310974	0.328754	0.362836	0.395304	0.428914	0.459681	0.473822	0.464768	0.406079	0.299165	0.15511	-0.0145051	-0.17761	-0.31763	-0.421499	-0.474306	-0.469031	-0.401402	-0.280169	-0.138187	0.00627942	0.125052	0.201448	0.250175	0.2599	0.250457	0.234863	0.212078	0.194869	0.186191	0.188045	0.182107	0.182107	
0.153803	-0.0443813	-0.258405	-0.46768	-0.657492	-0.812734	-0.889168	-0.885478	-0.800243	-0.651798	-0.461735	-0.249134	-0.0360451	0.144485	0.277529	0.357242	0.400233	0.424256	0.444841	0.476019	0.500505	0.524907	0.548571	0.560532	0.542249	0.479223	0.360188	0.186742	-0.01062	-0.197233	-0.360341	-0.475992	-0.522564	-0.504711	-0.414261	-0.275403	-0.124805	0.0225853	0.142995	0.220295	0.256766	0.261925	0.243779	0.212078	0.181504	0.157719	0.144792	0.145422	0.147974	0.147974	
-0.0374971	-0.242478	-0.450502	-0.648925	-0.828817	-0.966831	-1.03022	-0.999931	-0.887796	-0.709444	-0.480505	-0.23586	0.00439607	0.210257	0.36154	0.46617	0.525346	0.553454	0.577239	0.598147	0.618212	0.635687	0.654058	0.662397	0.633694	0.560474	0.421775	0.218587	-0.00709652	-0.222709	-0.408593	-0.530953	-0.576916	-0.548227	-0.44797	-0.296533	-0.126522	0.0231265	0.140448	0.217939	0.253921	0.260033	0.235684	0.194869	0.157719	0.132872	0.122357	0.121244	0.124047	0.124047	
-0.242957	-0.443059	-0.638036	-0.819396	-0.988847	-1.10559	-1.15586	-1.10526	-0.961225	-0.749964	-0.487099	-0.208079	0.048103	0.267328	0.434396	0.55291	0.628387	0.666107	0.690397	0.704999	0.718725	0.729487	0.740396	0.738126	0.706022	0.625676	0.4711	0.253356	0.00439343	-0.244005	-0.445458	-0.581773	-0.636279	-0.59146	-0.480188	-0.31674	-0.138637	0.00942647	0.125347	0.204739	0.246362	0.251244	0.228589	0.186191	0.144792	0.122357	0.113012	0.118136	0.127749	0.127749	
-0.410645	-0.606446	-0.789819	-0.960229	-1.11036	-1.21075	-1.24054	-1.17225	-1.01147	-0.774974	-0.489859	-0.190721	0.0794044	0.308264	0.485023	0.615172	0.697073	0.741215	0.761702	0.767537	0.778768	0.788971	0.795361	0.790424	0.759653	0.671529	0.50634	0.276298	0.00835411	-0.257203	-0.471266	-0.615295	-0.672583	-0.62624	-0.503411	-0.338302	-0.162217	-0.0101983	0.108615	0.196891	0.236917	0.240881	0.226401	0.188045	0.145422	0.121244	0.118136	0.127191	0.137331	0.137331	
-0.507855	-0.693312	-0.872776	-1.03567	-1.17029	-1.26812	-1.28557	-1.20528	-1.03707	-0.783787	-0.482699	-0.178452	0.101498	0.330722	0.509422	0.645447	0.728793	0.776498	0.795051	0.796164	0.803022	0.817208	0.815053	0.811392	0.783029	0.688435	0.523449	0.289611	0.0131855	-0.26078	-0.485366	-0.633628	-0.687509	-0.646934	-0.516019	-0.348452	-0.173008	-0.0123295	0.0975347	0.179724	0.22842	0.242529	0.220616	0.182107	0.147974	0.124047	0.127749	0.137331	0.150849	0.150849	
-0.507855	-0.693312	-0.872776	-1.03567	-1.17029	-1.26812	-1.28557	-1.20528	-1.03707	-0.783787	-0.482699	-0.178452	0.101498	0.330722	0.509422	0.645447	0.728793	0.776498	0.795051	0.796164	0.803022	0.817208	0.815053	0.811392	0.783029	0.688435	0.523449	0.289611	0.0131855	-0.26078	-0.485366	-0.633628	-0.687509	-0.646934	-0.516019	-0.348452	-0.173008	-0.0123295	0.0975347	0.179724	0.22842	0.242529	0.220616	0.182107	0.147974	0.124047	0.127749	0.137331	0.150849	0.150849	
