0.498214	0.614979	0.695785	0.734998	0.741396	0.709478	0.636323	0.524192	0.380358	0.208119	0.018666	-0.167745	-0.346979	-0.508661	-0.631881	-0.717346	-0.772626	-0.792879	-0.77401	-0.733607	-0.668381	-0.597735	-0.529291	-0.446422	-0.37001	-0.307538	-0.246076	-0.170414	-0.0903221	-0.0151834	0.0570654	0.120319	0.176853	0.215349	0.220602	0.203112	0.182698	0.162742	0.136219	0.0992488	0.0565601	0.0141963	-0.0306873	-0.0768064	-0.114726	-0.137792	-0.157102	-0.175778	-0.180396	-0.180396	
0.614979	0.750313	0.831117	0.86155	0.833862	0.750146	0.627465	0.474011	0.294656	0.0912334	-0.117808	-0.315174	-0.497186	-0.661785	-0.788613	-0.865692	-0.905257	-0.907319	-0.878802	-0.837955	-0.780197	-0.722951	-0.661733	-0.586704	-0.511553	-0.44128	-0.368088	-0.273248	-0.163844	-0.0452332	0.0659267	0.153075	0.224026	0.276191	0.307115	0.310197	0.291794	0.27217	0.245065	0.200423	0.147606	0.0848966	0.0171064	-0.033363	-0.068433	-0.0989383	-0.134817	-0.166332	-0.171171	-0.171171	
0.695785	0.831117	0.911464	0.924707	0.854056	0.729179	0.569668	0.381992	0.173682	-0.0364019	-0.242765	-0.435956	-0.607197	-0.762	-0.879321	-0.945449	-0.967438	-0.954535	-0.922025	-0.881322	-0.838314	-0.79924	-0.749791	-0.68724	-0.616421	-0.544885	-0.465024	-0.360387	-0.23339	-0.0915083	0.030493	0.129641	0.217697	0.281497	0.327697	0.353742	0.352274	0.336466	0.313239	0.273522	0.220729	0.157197	0.0835277	0.0260494	-0.00888047	-0.0426636	-0.0857837	-0.11727	-0.118728	-0.118728	
0.734998	0.86155	0.924707	0.898794	0.788157	0.627618	0.438226	0.231795	0.0235122	-0.176462	-0.369828	-0.539343	-0.682474	-0.808082	-0.903146	-0.955107	-0.962338	-0.941363	-0.905205	-0.86799	-0.840976	-0.818086	-0.784173	-0.731531	-0.668315	-0.602351	-0.521909	-0.423646	-0.300165	-0.159904	-0.0418088	0.0557382	0.14277	0.219379	0.281494	0.324876	0.354186	0.359909	0.344579	0.311868	0.268294	0.223018	0.167014	0.113784	0.0757139	0.0367395	-0.00671373	-0.0343971	-0.0380376	-0.0380376	
0.741396	0.833862	0.854056	0.788157	0.642517	0.451521	0.241526	0.0353525	-0.160353	-0.340477	-0.500652	-0.628172	-0.731075	-0.815625	-0.877738	-0.908837	-0.902262	-0.874052	-0.839625	-0.816712	-0.798222	-0.782465	-0.762894	-0.724522	-0.673501	-0.61158	-0.538912	-0.452738	-0.349146	-0.242688	-0.143197	-0.0541525	0.0236606	0.102531	0.173468	0.235364	0.290552	0.32526	0.340717	0.328729	0.303476	0.285414	0.254279	0.212037	0.173508	0.132785	0.0973038	0.0784059	0.0712013	0.0712013	
0.709478	0.750146	0.729179	0.627618	0.451521	0.233633	0.0127009	-0.186125	-0.359936	-0.508285	-0.627324	-0.709765	-0.771056	-0.810589	-0.830551	-0.828102	-0.808654	-0.776999	-0.747855	-0.735004	-0.719245	-0.707882	-0.697324	-0.675034	-0.638017	-0.589455	-0.530211	-0.457838	-0.387014	-0.321926	-0.254939	-0.185997	-0.116309	-0.0426149	0.0351759	0.116981	0.191505	0.249337	0.293165	0.315042	0.322861	0.330628	0.326942	0.305379	0.27475	0.24256	0.220826	0.211695	0.204142	0.204142	
0.636323	0.627465	0.569668	0.438226	0.241526	0.0127009	-0.209172	-0.396824	-0.543162	-0.657933	-0.738656	-0.784604	-0.802919	-0.794805	-0.76538	-0.72895	-0.701789	-0.667505	-0.637081	-0.622683	-0.611532	-0.612368	-0.619689	-0.611053	-0.585062	-0.557693	-0.518326	-0.466875	-0.42533	-0.393206	-0.356231	-0.305765	-0.24531	-0.176662	-0.0980914	-0.00991826	0.0769336	0.149017	0.21035	0.268423	0.316345	0.350624	0.376113	0.383021	0.373483	0.363713	0.355758	0.348944	0.343544	0.343544	
0.524192	0.474011	0.381992	0.231795	0.0353525	-0.186125	-0.396824	-0.563819	-0.683224	-0.770822	-0.827743	-0.842101	-0.811347	-0.755132	-0.687401	-0.629543	-0.589933	-0.548299	-0.51412	-0.499	-0.493139	-0.505743	-0.536304	-0.550286	-0.539246	-0.524276	-0.505272	-0.487129	-0.477281	-0.463175	-0.438719	-0.400852	-0.347991	-0.284424	-0.210241	-0.128518	-0.0418538	0.0424831	0.118258	0.203997	0.289566	0.349861	0.39892	0.434363	0.453685	0.472474	0.484677	0.485706	0.482364	0.482364	
0.380358	0.294656	0.173682	0.0235122	-0.160353	-0.359936	-0.543162	-0.683224	-0.780005	-0.842652	-0.876066	-0.859285	-0.790691	-0.701091	-0.605923	-0.52435	-0.470283	-0.431909	-0.400028	-0.384364	-0.383584	-0.407492	-0.448733	-0.47801	-0.491142	-0.496184	-0.497058	-0.506819	-0.521749	-0.520624	-0.506264	-0.475739	-0.427792	-0.37143	-0.304754	-0.232963	-0.151545	-0.0582499	0.0362451	0.137422	0.240295	0.329615	0.401098	0.459084	0.51435	0.559729	0.592521	0.611651	0.60843	0.60843	
0.208119	0.0912334	-0.0364019	-0.176462	-0.340477	-0.508285	-0.657933	-0.770822	-0.842652	-0.874568	-0.879212	-0.834001	-0.744366	-0.633727	-0.52026	-0.42118	-0.361929	-0.3329	-0.312155	-0.299208	-0.300417	-0.328927	-0.365868	-0.399614	-0.429037	-0.457158	-0.481888	-0.510324	-0.538536	-0.547469	-0.547948	-0.53107	-0.489671	-0.438874	-0.383927	-0.320371	-0.242707	-0.151098	-0.0439935	0.0655731	0.170874	0.282354	0.384838	0.47109	0.554602	0.625261	0.678339	0.711702	0.716999	0.716999	
0.018666	-0.117808	-0.242765	-0.369828	-0.500652	-0.627324	-0.738656	-0.827743	-0.876066	-0.879212	-0.847424	-0.777647	-0.674565	-0.550687	-0.43476	-0.341819	-0.287791	-0.264836	-0.259255	-0.254263	-0.256016	-0.273794	-0.301297	-0.332506	-0.360408	-0.397648	-0.439644	-0.485431	-0.519372	-0.539424	-0.558537	-0.553918	-0.52	-0.475603	-0.437642	-0.390434	-0.320183	-0.231957	-0.125955	-0.0181526	0.0902183	0.211322	0.339355	0.461188	0.568981	0.66249	0.739072	0.790498	0.813011	0.813011	
-0.167745	-0.315174	-0.435956	-0.539343	-0.628172	-0.709765	-0.784604	-0.842101	-0.859285	-0.834001	-0.777647	-0.699436	-0.591485	-0.467188	-0.364173	-0.293513	-0.256168	-0.246158	-0.250569	-0.250077	-0.25047	-0.255328	-0.265524	-0.279017	-0.294391	-0.324637	-0.3775	-0.436316	-0.46879	-0.49117	-0.518628	-0.534339	-0.520339	-0.487216	-0.46307	-0.432721	-0.377584	-0.296557	-0.200134	-0.0990923	0.00817842	0.127445	0.269998	0.417248	0.549622	0.667877	0.767013	0.843684	0.886414	0.886414	
-0.346979	-0.497186	-0.607197	-0.682474	-0.731075	-0.771056	-0.802919	-0.811347	-0.790691	-0.744366	-0.674565	-0.591485	-0.494805	-0.397774	-0.320747	-0.270479	-0.248171	-0.251954	-0.268595	-0.277111	-0.275784	-0.263802	-0.25132	-0.248792	-0.255369	-0.27739	-0.320476	-0.366723	-0.395249	-0.414306	-0.437307	-0.465684	-0.482413	-0.479217	-0.464569	-0.443228	-0.403493	-0.337692	-0.261203	-0.168203	-0.0612678	0.0568799	0.202119	0.359493	0.511707	0.640342	0.749561	0.845621	0.892813	0.892813	
-0.508661	-0.661785	-0.762	-0.808082	-0.815625	-0.810589	-0.794805	-0.755132	-0.701091	-0.633727	-0.550687	-0.467188	-0.397774	-0.34203	-0.298203	-0.268548	-0.255016	-0.261704	-0.288287	-0.311938	-0.305832	-0.275217	-0.250807	-0.244383	-0.247043	-0.258262	-0.277636	-0.297289	-0.314178	-0.330866	-0.350649	-0.379525	-0.416812	-0.44058	-0.436817	-0.423746	-0.398395	-0.352439	-0.293012	-0.205229	-0.0973282	0.0210906	0.160505	0.309069	0.453747	0.578223	0.681758	0.766492	0.808198	0.808198	
-0.631881	-0.788613	-0.879321	-0.903146	-0.877738	-0.830551	-0.76538	-0.687401	-0.605923	-0.52026	-0.43476	-0.364173	-0.320747	-0.298203	-0.284264	-0.275284	-0.27575	-0.284964	-0.308042	-0.325367	-0.317841	-0.289164	-0.261989	-0.248738	-0.242311	-0.242068	-0.240998	-0.243782	-0.251997	-0.260012	-0.274084	-0.301257	-0.343866	-0.382648	-0.392862	-0.381109	-0.361315	-0.329257	-0.274734	-0.189369	-0.0833975	0.0255647	0.140734	0.260309	0.369452	0.46977	0.559855	0.619775	0.644273	0.644273	
-0.717346	-0.865692	-0.945449	-0.955107	-0.908837	-0.828102	-0.72895	-0.629543	-0.52435	-0.42118	-0.341819	-0.293513	-0.270479	-0.268548	-0.275284	-0.281179	-0.29066	-0.308512	-0.323422	-0.323077	-0.31839	-0.29986	-0.270834	-0.247069	-0.236386	-0.226883	-0.212519	-0.21116	-0.21151	-0.208246	-0.216026	-0.242321	-0.277489	-0.308731	-0.323167	-0.310247	-0.288018	-0.259219	-0.208498	-0.135451	-0.0459601	0.0440132	0.129026	0.207965	0.27174	0.334198	0.394603	0.423114	0.423852	0.423852	
-0.772626	-0.905257	-0.967438	-0.962338	-0.902262	-0.808654	-0.701789	-0.589933	-0.470283	-0.361929	-0.287791	-0.256168	-0.248171	-0.255016	-0.27575	-0.29066	-0.293219	-0.304172	-0.316046	-0.312322	-0.30568	-0.287252	-0.260297	-0.248515	-0.243352	-0.220802	-0.201857	-0.198489	-0.19272	-0.184944	-0.18183	-0.193557	-0.208708	-0.215742	-0.213742	-0.197958	-0.179171	-0.158128	-0.120841	-0.0661318	-0.00721029	0.0521597	0.109264	0.146851	0.166157	0.185711	0.204176	0.201587	0.183125	0.183125	
-0.792879	-0.907319	-0.954535	-0.941363	-0.874052	-0.776999	-0.667505	-0.548299	-0.431909	-0.3329	-0.264836	-0.246158	-0.251954	-0.261704	-0.284964	-0.308512	-0.304172	-0.295821	-0.2934	-0.28325	-0.273875	-0.258514	-0.247992	-0.25384	-0.246964	-0.216429	-0.200064	-0.196337	-0.186208	-0.177957	-0.166302	-0.149559	-0.13208	-0.11329	-0.0918862	-0.07221	-0.0527417	-0.0314409	-0.0100315	0.0162339	0.0372499	0.0507211	0.0618278	0.0590671	0.0410539	0.0203709	0.00415758	-0.0146939	-0.034758	-0.034758	
-0.77401	-0.878802	-0.922025	-0.905205	-0.839625	-0.747855	-0.637081	-0.51412	-0.400028	-0.312155	-0.259255	-0.250569	-0.268595	-0.288287	-0.308042	-0.323422	-0.316046	-0.2934	-0.263798	-0.237446	-0.227006	-0.230214	-0.241838	-0.252996	-0.248985	-0.226319	-0.209007	-0.196355	-0.182014	-0.167345	-0.139408	-0.0993106	-0.0555101	-0.0124813	0.0258536	0.0514787	0.0716785	0.0939953	0.104546	0.0987988	0.0773984	0.0406192	0.000361823	-0.0402131	-0.0902883	-0.142705	-0.188639	-0.221586	-0.231268	-0.231268	
-0.733607	-0.837955	-0.881322	-0.86799	-0.816712	-0.735004	-0.622683	-0.499	-0.384364	-0.299208	-0.254263	-0.250077	-0.277111	-0.311938	-0.325367	-0.323077	-0.312322	-0.28325	-0.237446	-0.200049	-0.193062	-0.212298	-0.237092	-0.250303	-0.254731	-0.247263	-0.221854	-0.189294	-0.165447	-0.139547	-0.0971133	-0.0428147	0.0190822	0.0775934	0.125791	0.16322	0.186546	0.200156	0.196683	0.160639	0.103492	0.0288555	-0.0587758	-0.134215	-0.210507	-0.294942	-0.364959	-0.405919	-0.413351	-0.413351	
-0.668381	-0.780197	-0.838314	-0.840976	-0.798222	-0.719245	-0.611532	-0.493139	-0.383584	-0.300417	-0.256016	-0.25047	-0.275784	-0.305832	-0.317841	-0.31839	-0.30568	-0.273875	-0.227006	-0.193062	-0.186286	-0.202482	-0.227234	-0.241141	-0.24477	-0.23491	-0.20916	-0.174557	-0.142597	-0.107897	-0.0564318	0.00972085	0.0820867	0.151149	0.207709	0.247632	0.273094	0.283492	0.26563	0.20645	0.118303	0.00869767	-0.114688	-0.225701	-0.329281	-0.428399	-0.508972	-0.557518	-0.565419	-0.565419	
-0.597735	-0.722951	-0.79924	-0.818086	-0.782465	-0.707882	-0.612368	-0.505743	-0.407492	-0.328927	-0.273794	-0.255328	-0.263802	-0.275217	-0.289164	-0.29986	-0.287252	-0.258514	-0.230214	-0.212298	-0.202482	-0.202046	-0.209399	-0.22074	-0.217261	-0.194494	-0.172759	-0.144145	-0.110149	-0.0722439	-0.0147368	0.0606518	0.135617	0.205411	0.266931	0.306358	0.326963	0.324176	0.289434	0.219478	0.112084	-0.0182074	-0.160245	-0.302031	-0.428696	-0.534389	-0.616544	-0.669065	-0.688424	-0.688424	
-0.529291	-0.661733	-0.749791	-0.784173	-0.762894	-0.697324	-0.619689	-0.536304	-0.448733	-0.365868	-0.301297	-0.265524	-0.25132	-0.250807	-0.261989	-0.270834	-0.260297	-0.247992	-0.241838	-0.237092	-0.227234	-0.209399	-0.190361	-0.183671	-0.176028	-0.151606	-0.124892	-0.0956951	-0.0612538	-0.0160596	0.0438949	0.110966	0.180047	0.24616	0.301857	0.338336	0.347542	0.320052	0.260018	0.173555	0.0622018	-0.0628227	-0.200394	-0.347214	-0.481969	-0.591997	-0.680322	-0.747982	-0.786268	-0.786268	
-0.446422	-0.586704	-0.68724	-0.731531	-0.724522	-0.675034	-0.611053	-0.550286	-0.47801	-0.399614	-0.332506	-0.279017	-0.248792	-0.244383	-0.248738	-0.247069	-0.248515	-0.25384	-0.252996	-0.250303	-0.241141	-0.22074	-0.183671	-0.147407	-0.129328	-0.109898	-0.0735547	-0.0317065	0.00776729	0.0593398	0.120869	0.176396	0.226734	0.272223	0.30855	0.332558	0.321228	0.267555	0.191638	0.0955154	-0.0123246	-0.124899	-0.252401	-0.388945	-0.515263	-0.617017	-0.702701	-0.777663	-0.821087	-0.821087	
-0.37001	-0.511553	-0.616421	-0.668315	-0.673501	-0.638017	-0.585062	-0.539246	-0.491142	-0.429037	-0.360408	-0.294391	-0.255369	-0.247043	-0.242311	-0.236386	-0.243352	-0.246964	-0.248985	-0.254731	-0.24477	-0.217261	-0.176028	-0.129328	-0.0955886	-0.073184	-0.0275877	0.031961	0.0848732	0.141766	0.199887	0.250109	0.280142	0.291853	0.296297	0.294447	0.260178	0.183665	0.0929664	-0.00723039	-0.106796	-0.20564	-0.320473	-0.43361	-0.533531	-0.619138	-0.692457	-0.754676	-0.787978	-0.787978	
-0.307538	-0.44128	-0.544885	-0.602351	-0.61158	-0.589455	-0.557693	-0.524276	-0.496184	-0.457158	-0.397648	-0.324637	-0.27739	-0.258262	-0.242068	-0.226883	-0.220802	-0.216429	-0.226319	-0.247263	-0.23491	-0.194494	-0.151606	-0.109898	-0.073184	-0.0442358	0.00900147	0.0836367	0.150713	0.215205	0.274768	0.31736	0.322658	0.30317	0.277779	0.23252	0.165485	0.0763615	-0.026777	-0.124613	-0.212886	-0.297749	-0.384197	-0.464636	-0.531325	-0.594279	-0.657624	-0.702029	-0.717867	-0.717867	
-0.246076	-0.368088	-0.465024	-0.521909	-0.538912	-0.530211	-0.518326	-0.505272	-0.497058	-0.481888	-0.439644	-0.3775	-0.320476	-0.277636	-0.240998	-0.212519	-0.201857	-0.200064	-0.209007	-0.221854	-0.20916	-0.172759	-0.124892	-0.0735547	-0.0275877	0.00900147	0.0583563	0.132813	0.210544	0.279267	0.330766	0.351821	0.3334	0.287513	0.225869	0.140745	0.0468364	-0.0464445	-0.142686	-0.227187	-0.303586	-0.372968	-0.433406	-0.48881	-0.526041	-0.566643	-0.610028	-0.621789	-0.620767	-0.620767	
-0.170414	-0.273248	-0.360387	-0.423646	-0.452738	-0.457838	-0.466875	-0.487129	-0.506819	-0.510324	-0.485431	-0.436316	-0.366723	-0.297289	-0.243782	-0.21116	-0.198489	-0.196337	-0.196355	-0.189294	-0.174557	-0.144145	-0.0956951	-0.0317065	0.031961	0.0836367	0.132813	0.192506	0.265101	0.323477	0.349892	0.342858	0.311095	0.250831	0.150094	0.0313386	-0.0772538	-0.166097	-0.246928	-0.321064	-0.38359	-0.436079	-0.473022	-0.49982	-0.515349	-0.529498	-0.542017	-0.531372	-0.516836	-0.516836	
-0.0903221	-0.163844	-0.23339	-0.300165	-0.349146	-0.387014	-0.42533	-0.477281	-0.521749	-0.538536	-0.519372	-0.46879	-0.395249	-0.314178	-0.251997	-0.21151	-0.19272	-0.186208	-0.182014	-0.165447	-0.142597	-0.110149	-0.0612538	0.00776729	0.0848732	0.150713	0.210544	0.265101	0.318618	0.344639	0.331785	0.300276	0.254564	0.181732	0.0655425	-0.0650917	-0.178782	-0.269421	-0.341954	-0.406936	-0.460167	-0.49348	-0.504736	-0.505459	-0.498041	-0.479278	-0.45894	-0.436276	-0.416531	-0.416531	
-0.0151834	-0.0452332	-0.0915083	-0.159904	-0.242688	-0.321926	-0.393206	-0.463175	-0.520624	-0.547469	-0.539424	-0.49117	-0.414306	-0.330866	-0.260012	-0.208246	-0.184944	-0.177957	-0.167345	-0.139547	-0.107897	-0.0722439	-0.0160596	0.0593398	0.141766	0.215205	0.279267	0.323477	0.344639	0.334666	0.286825	0.226593	0.162541	0.0776284	-0.0325913	-0.144007	-0.245046	-0.337195	-0.410876	-0.474351	-0.52497	-0.541066	-0.532086	-0.51013	-0.470119	-0.421439	-0.376393	-0.343919	-0.331448	-0.331448	
0.0570654	0.0659267	0.030493	-0.0418088	-0.143197	-0.254939	-0.356231	-0.438719	-0.506264	-0.547948	-0.558537	-0.518628	-0.437307	-0.350649	-0.274084	-0.216026	-0.18183	-0.166302	-0.139408	-0.0971133	-0.0564318	-0.0147368	0.0438949	0.120869	0.199887	0.274768	0.330766	0.349892	0.331785	0.286825	0.217602	0.135713	0.0544683	-0.0366031	-0.131182	-0.223422	-0.312783	-0.389282	-0.457137	-0.513372	-0.546895	-0.553539	-0.536659	-0.497051	-0.435877	-0.370027	-0.311484	-0.275378	-0.269976	-0.269976	
0.120319	0.153075	0.129641	0.0557382	-0.0541525	-0.185997	-0.305765	-0.400852	-0.475739	-0.53107	-0.553918	-0.534339	-0.465684	-0.379525	-0.301257	-0.242321	-0.193557	-0.149559	-0.0993106	-0.0428147	0.00972085	0.0606518	0.110966	0.176396	0.250109	0.31736	0.351821	0.342858	0.300276	0.226593	0.135713	0.0395949	-0.0555417	-0.149391	-0.233028	-0.310318	-0.382978	-0.442828	-0.496882	-0.526556	-0.52934	-0.524054	-0.497739	-0.4491	-0.39341	-0.332052	-0.274313	-0.242554	-0.23711	-0.23711	
0.176853	0.224026	0.217697	0.14277	0.0236606	-0.116309	-0.24531	-0.347991	-0.427792	-0.489671	-0.52	-0.520339	-0.482413	-0.416812	-0.343866	-0.277489	-0.208708	-0.13208	-0.0555101	0.0190822	0.0820867	0.135617	0.180047	0.226734	0.280142	0.322658	0.3334	0.311095	0.254564	0.162541	0.0544683	-0.0555417	-0.158951	-0.254221	-0.334305	-0.395882	-0.445305	-0.486826	-0.518435	-0.517538	-0.49447	-0.473005	-0.431941	-0.380646	-0.346077	-0.304638	-0.258023	-0.234675	-0.226333	-0.226333	
0.215349	0.276191	0.281497	0.219379	0.102531	-0.0426149	-0.176662	-0.284424	-0.37143	-0.438874	-0.475603	-0.487216	-0.479217	-0.44058	-0.382648	-0.308731	-0.215742	-0.11329	-0.0124813	0.0775934	0.151149	0.205411	0.24616	0.272223	0.291853	0.30317	0.287513	0.250831	0.181732	0.0776284	-0.0366031	-0.149391	-0.254221	-0.34624	-0.413808	-0.458137	-0.491976	-0.510965	-0.50871	-0.486233	-0.451204	-0.411291	-0.365271	-0.326285	-0.310019	-0.29123	-0.255732	-0.229088	-0.218978	-0.218978	
0.220602	0.307115	0.327697	0.281494	0.173468	0.0351759	-0.0980914	-0.210241	-0.304754	-0.383927	-0.437642	-0.46307	-0.464569	-0.436817	-0.392862	-0.323167	-0.213742	-0.0918862	0.0258536	0.125791	0.207709	0.266931	0.301857	0.30855	0.296297	0.277779	0.225869	0.150094	0.0655425	-0.0325913	-0.131182	-0.233028	-0.334305	-0.413808	-0.468424	-0.499151	-0.511959	-0.508521	-0.480683	-0.446486	-0.40764	-0.354656	-0.309002	-0.280351	-0.271415	-0.270652	-0.254429	-0.236411	-0.231939	-0.231939	
0.203112	0.310197	0.353742	0.324876	0.235364	0.116981	-0.00991826	-0.128518	-0.232963	-0.320371	-0.390434	-0.432721	-0.443228	-0.423746	-0.381109	-0.310247	-0.197958	-0.07221	0.0514787	0.16322	0.247632	0.306358	0.338336	0.332558	0.294447	0.23252	0.140745	0.0313386	-0.0650917	-0.144007	-0.223422	-0.310318	-0.395882	-0.458137	-0.499151	-0.521004	-0.514486	-0.489613	-0.448242	-0.402291	-0.355768	-0.304921	-0.266922	-0.241068	-0.230663	-0.238803	-0.249881	-0.259167	-0.264043	-0.264043	
0.182698	0.291794	0.352274	0.354186	0.290552	0.191505	0.0769336	-0.0418538	-0.151545	-0.242707	-0.320183	-0.377584	-0.403493	-0.398395	-0.361315	-0.288018	-0.179171	-0.0527417	0.0716785	0.186546	0.273094	0.326963	0.347542	0.321228	0.260178	0.165485	0.0468364	-0.0772538	-0.178782	-0.245046	-0.312783	-0.382978	-0.445305	-0.491976	-0.511959	-0.514486	-0.498626	-0.462253	-0.407593	-0.349336	-0.300218	-0.262951	-0.24124	-0.22237	-0.207393	-0.215189	-0.24651	-0.276746	-0.285512	-0.285512	
0.162742	0.27217	0.336466	0.359909	0.32526	0.249337	0.149017	0.0424831	-0.0582499	-0.151098	-0.231957	-0.296557	-0.337692	-0.352439	-0.329257	-0.259219	-0.158128	-0.0314409	0.0939953	0.200156	0.283492	0.324176	0.320052	0.267555	0.183665	0.0763615	-0.0464445	-0.166097	-0.269421	-0.337195	-0.389282	-0.442828	-0.486826	-0.510965	-0.508521	-0.489613	-0.462253	-0.417206	-0.355984	-0.298946	-0.258111	-0.237877	-0.230925	-0.218272	-0.204112	-0.210693	-0.244245	-0.277292	-0.286387	-0.286387	
0.136219	0.245065	0.313239	0.344579	0.340717	0.293165	0.21035	0.118258	0.0362451	-0.0439935	-0.125955	-0.200134	-0.261203	-0.293012	-0.274734	-0.208498	-0.120841	-0.0100315	0.104546	0.196683	0.26563	0.289434	0.260018	0.191638	0.0929664	-0.026777	-0.142686	-0.246928	-0.341954	-0.410876	-0.457137	-0.496882	-0.518435	-0.50871	-0.480683	-0.448242	-0.407593	-0.355984	-0.305598	-0.26546	-0.23823	-0.225955	-0.223358	-0.222827	-0.220217	-0.226103	-0.245491	-0.260571	-0.264813	-0.264813	
0.0992488	0.200423	0.273522	0.311868	0.328729	0.315042	0.268423	0.203997	0.137422	0.0655731	-0.0181526	-0.0990923	-0.168203	-0.205229	-0.189369	-0.135451	-0.0661318	0.0162339	0.0987988	0.160639	0.20645	0.219478	0.173555	0.0955154	-0.00723039	-0.124613	-0.227187	-0.321064	-0.406936	-0.474351	-0.513372	-0.526556	-0.517538	-0.486233	-0.446486	-0.402291	-0.349336	-0.298946	-0.26546	-0.243104	-0.22948	-0.21994	-0.215581	-0.232555	-0.247572	-0.248052	-0.24727	-0.239232	-0.231596	-0.231596	
0.0565601	0.147606	0.220729	0.268294	0.303476	0.322861	0.316345	0.289566	0.240295	0.170874	0.0902183	0.00817842	-0.0612678	-0.0973282	-0.0833975	-0.0459601	-0.00721029	0.0372499	0.0773984	0.103492	0.118303	0.112084	0.0622018	-0.0123246	-0.106796	-0.212886	-0.303586	-0.38359	-0.460167	-0.52497	-0.546895	-0.52934	-0.49447	-0.451204	-0.40764	-0.355768	-0.300218	-0.258111	-0.23823	-0.22948	-0.222984	-0.218801	-0.220679	-0.241477	-0.259857	-0.258112	-0.244321	-0.223338	-0.211743	-0.211743	
0.0141963	0.0848966	0.157197	0.223018	0.285414	0.330628	0.350624	0.349861	0.329615	0.282354	0.211322	0.127445	0.0568799	0.0210906	0.0255647	0.0440132	0.0521597	0.0507211	0.0406192	0.0288555	0.00869767	-0.0182074	-0.0628227	-0.124899	-0.20564	-0.297749	-0.372968	-0.436079	-0.49348	-0.541066	-0.553539	-0.524054	-0.473005	-0.411291	-0.354656	-0.304921	-0.262951	-0.237877	-0.225955	-0.21994	-0.218801	-0.222873	-0.234741	-0.250927	-0.257577	-0.253987	-0.237685	-0.213584	-0.204021	-0.204021	
-0.0306873	0.0171064	0.0835277	0.167014	0.254279	0.326942	0.376113	0.39892	0.401098	0.384838	0.339355	0.269998	0.202119	0.160505	0.140734	0.129026	0.109264	0.0618278	0.000361823	-0.0587758	-0.114688	-0.160245	-0.200394	-0.252401	-0.320473	-0.384197	-0.433406	-0.473022	-0.504736	-0.532086	-0.536659	-0.497739	-0.431941	-0.365271	-0.309002	-0.266922	-0.24124	-0.230925	-0.223358	-0.215581	-0.220679	-0.234741	-0.246987	-0.252998	-0.249537	-0.240435	-0.226373	-0.21106	-0.204232	-0.204232	
-0.0768064	-0.033363	0.0260494	0.113784	0.212037	0.305379	0.383021	0.434363	0.459084	0.47109	0.461188	0.417248	0.359493	0.309069	0.260309	0.207965	0.146851	0.0590671	-0.0402131	-0.134215	-0.225701	-0.302031	-0.347214	-0.388945	-0.43361	-0.464636	-0.48881	-0.49982	-0.505459	-0.51013	-0.497051	-0.4491	-0.380646	-0.326285	-0.280351	-0.241068	-0.22237	-0.218272	-0.222827	-0.232555	-0.241477	-0.250927	-0.252998	-0.23936	-0.227264	-0.219418	-0.212538	-0.215851	-0.219805	-0.219805	
-0.114726	-0.068433	-0.00888047	0.0757139	0.173508	0.27475	0.373483	0.453685	0.51435	0.554602	0.568981	0.549622	0.511707	0.453747	0.369452	0.27174	0.166157	0.0410539	-0.0902883	-0.210507	-0.329281	-0.428696	-0.481969	-0.515263	-0.533531	-0.531325	-0.526041	-0.515349	-0.498041	-0.470119	-0.435877	-0.39341	-0.346077	-0.310019	-0.271415	-0.230663	-0.207393	-0.204112	-0.220217	-0.247572	-0.259857	-0.257577	-0.249537	-0.227264	-0.211785	-0.206159	-0.205367	-0.220386	-0.230529	-0.230529	
-0.137792	-0.0989383	-0.0426636	0.0367395	0.132785	0.24256	0.363713	0.472474	0.559729	0.625261	0.66249	0.667877	0.640342	0.578223	0.46977	0.334198	0.185711	0.0203709	-0.142705	-0.294942	-0.428399	-0.534389	-0.591997	-0.617017	-0.619138	-0.594279	-0.566643	-0.529498	-0.479278	-0.421439	-0.370027	-0.332052	-0.304638	-0.29123	-0.270652	-0.238803	-0.215189	-0.210693	-0.226103	-0.248052	-0.258112	-0.253987	-0.240435	-0.219418	-0.206159	-0.201738	-0.205675	-0.222626	-0.233227	-0.233227	
-0.157102	-0.134817	-0.0857837	-0.00671373	0.0973038	0.220826	0.355758	0.484677	0.592521	0.678339	0.739072	0.767013	0.749561	0.681758	0.559855	0.394603	0.204176	0.00415758	-0.188639	-0.364959	-0.508972	-0.616544	-0.680322	-0.702701	-0.692457	-0.657624	-0.610028	-0.542017	-0.45894	-0.376393	-0.311484	-0.274313	-0.258023	-0.255732	-0.254429	-0.249881	-0.24651	-0.244245	-0.245491	-0.24727	-0.244321	-0.237685	-0.226373	-0.212538	-0.205367	-0.205675	-0.211989	-0.222688	-0.229043	-0.229043	
-0.175778	-0.166332	-0.11727	-0.0343971	0.0784059	0.211695	0.348944	0.485706	0.611651	0.711702	0.790498	0.843684	0.845621	0.766492	0.619775	0.423114	0.201587	-0.0146939	-0.221586	-0.405919	-0.557518	-0.669065	-0.747982	-0.777663	-0.754676	-0.702029	-0.621789	-0.531372	-0.436276	-0.343919	-0.275378	-0.242554	-0.234675	-0.229088	-0.236411	-0.259167	-0.276746	-0.277292	-0.260571	-0.239232	-0.223338	-0.213584	-0.21106	-0.215851	-0.220386	-0.222626	-0.222688	-0.216438	-0.210337	-0.210337	
-0.180396	-0.171171	-0.118728	-0.0380376	0.0712013	0.204142	0.343544	0.482364	0.60843	0.716999	0.813011	0.886414	0.892813	0.808198	0.644273	0.423852	0.183125	-0.034758	-0.231268	-0.413351	-0.565419	-0.688424	-0.786268	-0.821087	-0.787978	-0.717867	-0.620767	-0.516836	-0.416531	-0.331448	-0.269976	-0.23711	-0.226333	-0.218978	-0.231939	-0.264043	-0.285512	-0.286387	-0.264813	-0.231596	-0.211743	-0.204021	-0.204232	-0.219805	-0.230529	-0.233227	-0.229043	-0.210337	-0.20003	-0.20003	
-0.180396	-0.171171	-0.118728	-0.0380376	0.0712013	0.204142	0.343544	0.482364	0.60843	0.716999	0.813011	0.886414	0.892813	0.808198	0.644273	0.423852	0.183125	-0.034758	-0.231268	-0.413351	-0.565419	-0.688424	-0.786268	-0.821087	-0.787978	-0.717867	-0.620767	-0.516836	-0.416531	-0.331448	-0.269976	-0.23711	-0.226333	-0.218978	-0.231939	-0.264043	-0.285512	-0.286387	-0.264813	-0.231596	-0.211743	-0.204021	-0.204232	-0.219805	-0.230529	-0.233227	-0.229043	-0.210337	-0.20003	-0.20003	
