-1.20073	-1.20073	-1.14854	-1.02441	-0.838628	-0.62582	-0.413926	-0.237468	-0.119116	-0.0662907	-0.068908	-0.115699	-0.186974	-0.270501	-0.359272	-0.43662	-0.482785	-0.500548	-0.494186	-0.458913	-0.396058	-0.323602	-0.261353	-0.215435	-0.173204	-0.122273	-0.0365006	0.0841503	0.21781	0.34676	0.456549	0.528544	0.55172	0.528411	0.468114	0.380043	0.254321	0.0957874	-0.0777955	-0.248753	-0.389209	-0.464043	-0.472106	-0.425423	-0.311417	-0.139475	0.0637637	0.268496	0.448828	0.612074	
-1.20073	-1.20073	-1.14854	-1.02441	-0.838628	-0.62582	-0.413926	-0.237468	-0.119116	-0.0662907	-0.068908	-0.115699	-0.186974	-0.270501	-0.359272	-0.43662	-0.482785	-0.500548	-0.494186	-0.458913	-0.396058	-0.323602	-0.261353	-0.215435	-0.173204	-0.122273	-0.0365006	0.0841503	0.21781	0.34676	0.456549	0.528544	0.55172	0.528411	0.468114	0.380043	0.254321	0.0957874	-0.0777955	-0.248753	-0.389209	-0.464043	-0.472106	-0.425423	-0.311417	-0.139475	0.0637637	0.268496	0.448828	0.612074	
-1.14854	-1.14854	-1.07321	-0.938552	-0.763403	-0.559253	-0.352436	-0.181072	-0.0591701	0.00245441	-0.00173809	-0.0530611	-0.132201	-0.224707	-0.309299	-0.377596	-0.429391	-0.453001	-0.44816	-0.421527	-0.366921	-0.2956	-0.230566	-0.177504	-0.133467	-0.0895734	-0.0164686	0.0901034	0.220783	0.357922	0.468711	0.535975	0.553804	0.527999	0.471471	0.384181	0.25684	0.10195	-0.0729222	-0.240919	-0.370155	-0.439145	-0.443607	-0.393938	-0.281823	-0.11909	0.0699833	0.26683	0.447592	0.608229	
-1.02441	-1.02441	-0.938552	-0.796424	-0.62526	-0.43134	-0.234079	-0.0693138	0.0581013	0.128164	0.120848	0.0598891	-0.0262522	-0.127105	-0.213774	-0.278601	-0.333411	-0.360126	-0.355204	-0.33567	-0.293479	-0.229819	-0.1674	-0.11179	-0.0617969	-0.0180015	0.0453175	0.133132	0.251018	0.383182	0.489086	0.548482	0.561452	0.535643	0.478197	0.385995	0.257554	0.109889	-0.056606	-0.215985	-0.333911	-0.396765	-0.396657	-0.341815	-0.228362	-0.0738038	0.101484	0.285868	0.452249	0.604203	
-0.838628	-0.838628	-0.763403	-0.62526	-0.452636	-0.261106	-0.0673637	0.0955406	0.217013	0.284956	0.279035	0.213272	0.119507	0.0158463	-0.0765768	-0.148278	-0.202993	-0.232274	-0.232601	-0.216013	-0.178248	-0.125085	-0.074561	-0.0262489	0.0260733	0.0763226	0.133722	0.208261	0.304247	0.415301	0.506972	0.560051	0.572302	0.547537	0.482628	0.380538	0.252005	0.115084	-0.0284646	-0.168783	-0.280113	-0.338561	-0.337243	-0.279082	-0.163693	-0.0171605	0.143894	0.309287	0.453807	0.588739	
-0.62582	-0.62582	-0.559253	-0.43134	-0.261106	-0.0678097	0.13132	0.293642	0.401327	0.454015	0.453428	0.390746	0.289708	0.182371	0.0879049	0.00745581	-0.052111	-0.0887013	-0.10025	-0.0859257	-0.0506796	-0.00651783	0.0389439	0.082066	0.127503	0.170387	0.218481	0.278244	0.359596	0.451339	0.528097	0.57118	0.578833	0.548855	0.477803	0.371673	0.244709	0.118405	-0.000766041	-0.117489	-0.215261	-0.26662	-0.263381	-0.206657	-0.101829	0.0283875	0.16709	0.305432	0.42996	0.553371	
-0.413926	-0.413926	-0.352436	-0.234079	-0.0673637	0.13132	0.32756	0.485642	0.586992	0.631615	0.621353	0.55928	0.46123	0.355739	0.253485	0.161845	0.097209	0.0574735	0.0362556	0.041899	0.0746055	0.117899	0.16219	0.204591	0.240352	0.268229	0.299367	0.350527	0.423219	0.501417	0.559591	0.584669	0.575115	0.533394	0.462561	0.36178	0.239612	0.121464	0.0171025	-0.0732481	-0.147901	-0.184052	-0.174933	-0.130706	-0.0501614	0.0589068	0.175343	0.284914	0.392277	0.504552	
-0.237468	-0.237468	-0.181072	-0.0693138	0.0955406	0.293642	0.485642	0.638866	0.744016	0.786792	0.764624	0.699378	0.611127	0.506686	0.397371	0.302547	0.232448	0.191046	0.17067	0.172257	0.198392	0.242955	0.288665	0.327336	0.352749	0.362333	0.384466	0.430629	0.496234	0.559677	0.596893	0.592065	0.555127	0.500012	0.42978	0.345405	0.243204	0.140059	0.0489611	-0.0210382	-0.0720256	-0.0946465	-0.0830034	-0.0560239	-0.00310802	0.0791143	0.17058	0.257854	0.341634	0.443206	
-0.119116	-0.119116	-0.0591701	0.0581013	0.217013	0.401327	0.586992	0.744016	0.852322	0.896305	0.869774	0.801381	0.713886	0.609178	0.50096	0.408392	0.334471	0.286166	0.265124	0.266956	0.297635	0.346918	0.387854	0.416153	0.429252	0.432582	0.454772	0.501381	0.550846	0.595733	0.611805	0.587221	0.531481	0.460853	0.383358	0.310044	0.234016	0.159053	0.093928	0.0429639	0.010664	-0.00172828	-0.000225372	0.00583963	0.0321356	0.0785577	0.139056	0.208966	0.279084	0.367513	
-0.0662907	-0.0662907	0.00245441	0.128164	0.284956	0.454015	0.631615	0.786792	0.896305	0.940281	0.92236	0.856225	0.764589	0.656709	0.555358	0.466458	0.389462	0.33564	0.31683	0.32543	0.361424	0.412233	0.45566	0.475187	0.478283	0.482992	0.509731	0.546253	0.581544	0.6087	0.607946	0.572573	0.505739	0.418278	0.334346	0.26943	0.220456	0.182883	0.149918	0.117751	0.102717	0.0977873	0.0855273	0.0723086	0.0662912	0.0726598	0.0970334	0.14469	0.204302	0.286998	
-0.068908	-0.068908	-0.00173809	0.120848	0.279035	0.453428	0.621353	0.764624	0.869774	0.92236	0.914319	0.855328	0.762497	0.65545	0.556138	0.46756	0.395479	0.348722	0.336135	0.351832	0.392483	0.442788	0.483742	0.503807	0.512669	0.528091	0.549229	0.574291	0.597884	0.606376	0.591455	0.547567	0.46854	0.370047	0.291652	0.238167	0.214915	0.213343	0.212336	0.208056	0.208111	0.20308	0.176777	0.139126	0.102327	0.0776072	0.0753801	0.0977748	0.147044	0.215715	
-0.115699	-0.115699	-0.0530611	0.0598891	0.213272	0.390746	0.55928	0.699378	0.801381	0.856225	0.855328	0.804051	0.712125	0.606622	0.507699	0.424224	0.361648	0.329824	0.32568	0.345719	0.38178	0.427466	0.471321	0.505361	0.531106	0.550048	0.561818	0.574083	0.588702	0.585612	0.5606	0.502142	0.411966	0.316226	0.247315	0.216838	0.22296	0.251034	0.281412	0.309246	0.319143	0.30505	0.264094	0.201065	0.140072	0.0949605	0.0706978	0.0710146	0.0992058	0.152992	
-0.186974	-0.186974	-0.132201	-0.0262522	0.119507	0.289708	0.46123	0.611127	0.713886	0.764589	0.762497	0.712125	0.626325	0.530034	0.432766	0.352409	0.302295	0.281663	0.279015	0.301739	0.339757	0.385637	0.433071	0.483043	0.521297	0.541529	0.548545	0.553809	0.553231	0.539508	0.503707	0.437314	0.349573	0.266986	0.207747	0.197015	0.230014	0.286604	0.351007	0.402116	0.419133	0.398021	0.344537	0.265195	0.185647	0.121696	0.0781386	0.0546805	0.0577766	0.0977819	
-0.270501	-0.270501	-0.224707	-0.127105	0.0158463	0.182371	0.355739	0.506686	0.609178	0.656709	0.65545	0.606622	0.530034	0.441766	0.34969	0.276877	0.237956	0.218679	0.216564	0.240301	0.28542	0.340685	0.404082	0.46012	0.49716	0.514996	0.52133	0.518767	0.506554	0.484795	0.435165	0.361516	0.283295	0.218678	0.176869	0.184623	0.24234	0.326559	0.414713	0.474439	0.492418	0.470988	0.416693	0.337228	0.241304	0.155521	0.0891096	0.0431956	0.0288985	0.0648952	
-0.359272	-0.359272	-0.309299	-0.213774	-0.0765768	0.0879049	0.253485	0.397371	0.50096	0.555358	0.556138	0.507699	0.432766	0.34969	0.272585	0.212161	0.174701	0.151108	0.151482	0.177737	0.231831	0.30075	0.374383	0.434413	0.472421	0.487431	0.485462	0.473449	0.452806	0.420252	0.362665	0.284294	0.214237	0.168881	0.155702	0.177873	0.250685	0.350686	0.448801	0.512022	0.532953	0.512441	0.459519	0.38237	0.280229	0.17763	0.0955674	0.0372341	0.0233002	0.0590545	
-0.43662	-0.43662	-0.377596	-0.278601	-0.148278	0.00745581	0.161845	0.302547	0.408392	0.466458	0.46756	0.424224	0.352409	0.276877	0.212161	0.156254	0.112944	0.0932436	0.104808	0.137558	0.195307	0.269396	0.346159	0.411275	0.452327	0.4644	0.451143	0.425526	0.395179	0.349749	0.28327	0.203826	0.144249	0.118419	0.133594	0.1761	0.250565	0.345298	0.440328	0.507772	0.535422	0.521531	0.469719	0.387796	0.289917	0.185409	0.0927411	0.0284321	0.0134052	0.0529988	
-0.482785	-0.482785	-0.429391	-0.333411	-0.202993	-0.052111	0.097209	0.232448	0.334471	0.389462	0.395479	0.361648	0.302295	0.237956	0.174701	0.112944	0.0646316	0.054709	0.0784379	0.126689	0.188903	0.262181	0.332807	0.395295	0.434131	0.444179	0.423322	0.385924	0.340204	0.274319	0.199848	0.135035	0.0877776	0.074945	0.106915	0.162621	0.232083	0.314191	0.399636	0.464863	0.498691	0.490711	0.438434	0.35782	0.263836	0.167268	0.0773551	0.0113774	-0.00693896	0.0393675	
-0.500548	-0.500548	-0.453001	-0.360126	-0.232274	-0.0887013	0.0574735	0.191046	0.286166	0.33564	0.348722	0.329824	0.281663	0.218679	0.151108	0.0932436	0.054709	0.0462841	0.0711954	0.127774	0.201703	0.28109	0.352947	0.402077	0.425341	0.425892	0.397364	0.351843	0.292073	0.211914	0.136534	0.087181	0.0481992	0.0366724	0.0680162	0.126719	0.195107	0.265179	0.333513	0.388259	0.415024	0.407289	0.363465	0.297816	0.213205	0.124036	0.0447604	-0.010317	-0.0184979	0.0372655	
-0.494186	-0.494186	-0.44816	-0.355204	-0.232601	-0.10025	0.0362556	0.17067	0.265124	0.31683	0.336135	0.32568	0.279015	0.216564	0.151482	0.104808	0.0784379	0.0711954	0.095008	0.15505	0.236555	0.320444	0.394309	0.43164	0.436914	0.420615	0.3819	0.323738	0.248443	0.164837	0.0969358	0.0498997	0.0102035	-0.00305783	0.0185843	0.0684511	0.137509	0.195648	0.241086	0.277275	0.294696	0.285481	0.256888	0.217883	0.15533	0.0771905	0.0139022	-0.024098	-0.0109285	0.0610508	
-0.458913	-0.458913	-0.421527	-0.33567	-0.216013	-0.0859257	0.041899	0.172257	0.266956	0.32543	0.351832	0.345719	0.301739	0.240301	0.177737	0.137558	0.126689	0.127774	0.15505	0.211808	0.288883	0.368379	0.438445	0.466231	0.454068	0.422202	0.368027	0.290002	0.20302	0.123969	0.0595959	0.00299777	-0.0386456	-0.0558328	-0.0440063	-0.00643402	0.0538775	0.0984	0.126873	0.142493	0.153066	0.147536	0.135132	0.116732	0.0857072	0.0334208	-0.00602704	-0.0181855	0.0204175	0.111505	
-0.396058	-0.396058	-0.366921	-0.293479	-0.178248	-0.0506796	0.0746055	0.198392	0.297635	0.361424	0.392483	0.38178	0.339757	0.28542	0.231831	0.195307	0.188903	0.201703	0.236555	0.288883	0.352058	0.419276	0.474675	0.492093	0.470815	0.422789	0.346408	0.250159	0.156277	0.0761331	0.00778412	-0.0532448	-0.10016	-0.124775	-0.123698	-0.103225	-0.062448	-0.029956	-0.00829663	-8.83705e-05	0.00780461	0.00851906	0.00816943	0.010903	0.00631925	-0.00232471	-0.00115246	0.0250521	0.0946539	0.204342	
-0.323602	-0.323602	-0.2956	-0.229819	-0.125085	-0.00651783	0.117899	0.242955	0.346918	0.412233	0.442788	0.427466	0.385637	0.340685	0.30075	0.269396	0.262181	0.28109	0.320444	0.368379	0.419276	0.465132	0.495204	0.502815	0.477637	0.411879	0.314582	0.207549	0.106249	0.0110617	-0.0687793	-0.129597	-0.177326	-0.211987	-0.222743	-0.218512	-0.202339	-0.186131	-0.166835	-0.150106	-0.137143	-0.125168	-0.109306	-0.0825689	-0.0534626	-0.0129515	0.03927	0.109902	0.212157	0.333457	
-0.261353	-0.261353	-0.230566	-0.1674	-0.074561	0.0389439	0.16219	0.288665	0.387854	0.45566	0.483742	0.471321	0.433071	0.404082	0.374383	0.346159	0.332807	0.352947	0.394309	0.438445	0.474675	0.495204	0.503188	0.496523	0.45796	0.37413	0.26287	0.147056	0.035717	-0.0756993	-0.171962	-0.23562	-0.285679	-0.325487	-0.345455	-0.351109	-0.349161	-0.342025	-0.32471	-0.298043	-0.271546	-0.24221	-0.203533	-0.147608	-0.0769974	0.0121653	0.115946	0.228706	0.355085	0.477291	
-0.215435	-0.215435	-0.177504	-0.11179	-0.0262489	0.082066	0.204591	0.327336	0.416153	0.475187	0.503807	0.505361	0.483043	0.46012	0.434413	0.411275	0.395295	0.402077	0.43164	0.466231	0.492093	0.502815	0.496523	0.46196	0.39446	0.296731	0.177318	0.0533022	-0.0637774	-0.182802	-0.290182	-0.364381	-0.420634	-0.460287	-0.479747	-0.491179	-0.488415	-0.475429	-0.454175	-0.426384	-0.386948	-0.335869	-0.266207	-0.175405	-0.0609747	0.0702271	0.223363	0.378506	0.518886	0.627607	
-0.173204	-0.173204	-0.133467	-0.0617969	0.0260733	0.127503	0.240352	0.352749	0.429252	0.478283	0.512669	0.531106	0.521297	0.49716	0.472421	0.452327	0.434131	0.425341	0.436914	0.454068	0.470815	0.477637	0.45796	0.39446	0.304436	0.197802	0.0707097	-0.0629881	-0.18719	-0.310561	-0.420521	-0.501078	-0.55936	-0.590011	-0.599629	-0.609592	-0.603835	-0.582359	-0.549468	-0.511609	-0.4553	-0.377837	-0.273501	-0.143992	0.00623859	0.16893	0.357469	0.546025	0.695291	0.788321	
-0.122273	-0.122273	-0.0895734	-0.0180015	0.0763226	0.170387	0.268229	0.362333	0.432582	0.482992	0.528091	0.550048	0.541529	0.514996	0.487431	0.4644	0.444179	0.425892	0.420615	0.422202	0.422789	0.411879	0.37413	0.296731	0.197802	0.083879	-0.0499772	-0.192227	-0.32748	-0.455325	-0.559613	-0.631267	-0.677778	-0.693427	-0.687702	-0.684187	-0.673426	-0.64732	-0.599346	-0.533517	-0.450768	-0.348997	-0.219526	-0.0588014	0.120268	0.307972	0.515386	0.714901	0.864346	0.949981	
-0.0365006	-0.0365006	-0.0164686	0.0453175	0.133722	0.218481	0.299367	0.384466	0.454772	0.509731	0.549229	0.561818	0.548545	0.52133	0.485462	0.451143	0.423322	0.397364	0.3819	0.368027	0.346408	0.314582	0.26287	0.177318	0.0707097	-0.0499772	-0.186838	-0.330378	-0.470221	-0.598693	-0.692498	-0.742535	-0.765806	-0.763673	-0.740483	-0.715588	-0.692041	-0.657578	-0.592828	-0.500818	-0.386391	-0.259381	-0.108562	0.0722114	0.271236	0.47591	0.686311	0.878467	1.01875	1.09706	
0.0841503	0.0841503	0.0901034	0.133132	0.208261	0.278244	0.350527	0.430629	0.501381	0.546253	0.574291	0.574083	0.553809	0.518767	0.473449	0.425526	0.385924	0.351843	0.323738	0.290002	0.250159	0.207549	0.147056	0.0533022	-0.0629881	-0.192227	-0.330378	-0.472946	-0.61164	-0.72688	-0.798255	-0.822892	-0.817128	-0.792108	-0.753135	-0.711553	-0.667504	-0.613709	-0.533023	-0.421393	-0.286131	-0.133051	0.0418189	0.23887	0.442544	0.647912	0.8478	1.02416	1.15303	1.22455	
0.21781	0.21781	0.220783	0.251018	0.304247	0.359596	0.423219	0.496234	0.550846	0.581544	0.597884	0.588702	0.553231	0.506554	0.452806	0.395179	0.340204	0.292073	0.248443	0.20302	0.156277	0.106249	0.035717	-0.0637774	-0.18719	-0.32748	-0.470221	-0.61164	-0.734065	-0.821621	-0.864215	-0.866917	-0.839758	-0.795502	-0.736939	-0.675541	-0.611394	-0.5333	-0.431003	-0.306059	-0.160151	0.00433306	0.193781	0.403079	0.608841	0.802985	0.983787	1.14181	1.26051	1.31926	
0.34676	0.34676	0.357922	0.383182	0.415301	0.451339	0.501417	0.559677	0.595733	0.6087	0.606376	0.585612	0.539508	0.484795	0.420252	0.349749	0.274319	0.211914	0.164837	0.123969	0.0761331	0.0110617	-0.0756993	-0.182802	-0.310561	-0.455325	-0.598693	-0.72688	-0.821621	-0.872849	-0.891101	-0.878145	-0.840934	-0.780264	-0.700219	-0.61359	-0.52916	-0.432758	-0.315	-0.17487	-0.0304058	0.126628	0.312628	0.521672	0.728581	0.914742	1.07553	1.21569	1.32257	1.36889	
0.456549	0.456549	0.468711	0.489086	0.506972	0.528097	0.559591	0.596893	0.611805	0.607946	0.591455	0.5606	0.503707	0.435165	0.362665	0.28327	0.199848	0.136534	0.0969358	0.0595959	0.00778412	-0.0687793	-0.171962	-0.290182	-0.420521	-0.559613	-0.692498	-0.798255	-0.864215	-0.891101	-0.887552	-0.855689	-0.804893	-0.732323	-0.636234	-0.53561	-0.436394	-0.327276	-0.1972	-0.0539927	0.0898087	0.23825	0.408841	0.599733	0.794516	0.965816	1.11318	1.2389	1.33172	1.36865	
0.528544	0.528544	0.535975	0.548482	0.560051	0.57118	0.584669	0.592065	0.587221	0.572573	0.547567	0.502142	0.437314	0.361516	0.284294	0.203826	0.135035	0.087181	0.0498997	0.00299777	-0.0532448	-0.129597	-0.23562	-0.364381	-0.501078	-0.631267	-0.742535	-0.822892	-0.866917	-0.878145	-0.855689	-0.802963	-0.731178	-0.647388	-0.548274	-0.44288	-0.333437	-0.215061	-0.0843388	0.0526802	0.190556	0.336753	0.493983	0.657062	0.824931	0.978003	1.11253	1.22309	1.29626	1.32427	
0.55172	0.55172	0.553804	0.561452	0.572302	0.578833	0.575115	0.555127	0.531481	0.505739	0.46854	0.411966	0.349573	0.283295	0.214237	0.144249	0.0877776	0.0481992	0.0102035	-0.0386456	-0.10016	-0.177326	-0.285679	-0.420634	-0.55936	-0.677778	-0.765806	-0.817128	-0.839758	-0.840934	-0.804893	-0.731178	-0.641828	-0.54366	-0.435172	-0.321773	-0.207555	-0.090951	0.0283001	0.149683	0.278332	0.41502	0.553536	0.693523	0.835007	0.970725	1.08994	1.17753	1.22481	1.24156	
0.528411	0.528411	0.527999	0.535643	0.547537	0.548855	0.533394	0.500012	0.460853	0.418278	0.370047	0.316226	0.266986	0.218678	0.168881	0.118419	0.074945	0.0366724	-0.00305783	-0.0558328	-0.124775	-0.211987	-0.325487	-0.460287	-0.590011	-0.693427	-0.763673	-0.792108	-0.795502	-0.780264	-0.732323	-0.647388	-0.54366	-0.428662	-0.305415	-0.180512	-0.0665138	0.0383101	0.146337	0.256792	0.369542	0.487221	0.603086	0.721926	0.842414	0.958526	1.0562	1.12112	1.14507	1.14863	
0.468114	0.468114	0.471471	0.478197	0.482628	0.477803	0.462561	0.42978	0.383358	0.334346	0.291652	0.247315	0.207747	0.176869	0.155702	0.133594	0.106915	0.0680162	0.0185843	-0.0440063	-0.123698	-0.222743	-0.345455	-0.479747	-0.599629	-0.687702	-0.740483	-0.753135	-0.736939	-0.700219	-0.636234	-0.548274	-0.435172	-0.305415	-0.169383	-0.0442496	0.0652629	0.166017	0.266825	0.362945	0.459121	0.557152	0.655541	0.759018	0.854777	0.942629	1.02094	1.06968	1.08167	1.07239	
0.380043	0.380043	0.384181	0.385995	0.380538	0.371673	0.36178	0.345405	0.310044	0.26943	0.238167	0.216838	0.197015	0.184623	0.177873	0.1761	0.162621	0.126719	0.0684511	-0.00643402	-0.103225	-0.218512	-0.351109	-0.491179	-0.609592	-0.684187	-0.715588	-0.711553	-0.675541	-0.61359	-0.53561	-0.44288	-0.321773	-0.180512	-0.0442496	0.0727195	0.176833	0.27481	0.366315	0.447099	0.527374	0.611939	0.699306	0.785879	0.854706	0.918698	0.97953	1.01918	1.02786	1.00863	
0.254321	0.254321	0.25684	0.257554	0.252005	0.244709	0.239612	0.243204	0.234016	0.220456	0.214915	0.22296	0.230014	0.24234	0.250685	0.250565	0.232083	0.195107	0.137509	0.0538775	-0.062448	-0.202339	-0.349161	-0.488415	-0.603835	-0.673426	-0.692041	-0.667504	-0.611394	-0.52916	-0.436394	-0.333437	-0.207555	-0.0665138	0.0652629	0.176833	0.275709	0.362667	0.440561	0.510496	0.577574	0.648759	0.723905	0.794803	0.849486	0.897549	0.939051	0.960234	0.96093	0.940484	
0.0957874	0.0957874	0.10195	0.109889	0.115084	0.118405	0.121464	0.140059	0.159053	0.182883	0.213343	0.251034	0.286604	0.326559	0.350686	0.345298	0.314191	0.265179	0.195648	0.0984	-0.029956	-0.186131	-0.342025	-0.475429	-0.582359	-0.64732	-0.657578	-0.613709	-0.5333	-0.432758	-0.327276	-0.215061	-0.090951	0.0383101	0.166017	0.27481	0.362667	0.429727	0.492619	0.551302	0.60334	0.659411	0.72521	0.790216	0.840441	0.874503	0.892766	0.886168	0.875438	0.862	
-0.0777955	-0.0777955	-0.0729222	-0.056606	-0.0284646	-0.000766041	0.0171025	0.0489611	0.093928	0.149918	0.212336	0.281412	0.351007	0.414713	0.448801	0.440328	0.399636	0.333513	0.241086	0.126873	-0.00829663	-0.166835	-0.32471	-0.454175	-0.549468	-0.599346	-0.592828	-0.533023	-0.431003	-0.315	-0.1972	-0.0843388	0.0283001	0.146337	0.266825	0.366315	0.440561	0.492619	0.541361	0.583047	0.619191	0.663406	0.726519	0.784974	0.824435	0.838058	0.826091	0.794856	0.772558	0.761706	
-0.248753	-0.248753	-0.240919	-0.215985	-0.168783	-0.117489	-0.0732481	-0.0210382	0.0429639	0.117751	0.208056	0.309246	0.402116	0.474439	0.512022	0.507772	0.464863	0.388259	0.277275	0.142493	-8.83705e-05	-0.150106	-0.298043	-0.426384	-0.511609	-0.533517	-0.500818	-0.421393	-0.306059	-0.17487	-0.0539927	0.0526802	0.149683	0.256792	0.362945	0.447099	0.510496	0.551302	0.583047	0.608452	0.632812	0.677145	0.734827	0.7841	0.806001	0.792552	0.747798	0.691395	0.649402	0.629713	
-0.389209	-0.389209	-0.370155	-0.333911	-0.280113	-0.215261	-0.147901	-0.0720256	0.010664	0.102717	0.208111	0.319143	0.419133	0.492418	0.532953	0.535422	0.498691	0.415024	0.294696	0.153066	0.00780461	-0.137143	-0.271546	-0.386948	-0.4553	-0.450768	-0.386391	-0.286131	-0.160151	-0.0304058	0.0898087	0.190556	0.278332	0.369542	0.459121	0.527374	0.577574	0.60334	0.619191	0.632812	0.662356	0.7076	0.755051	0.787832	0.784983	0.732485	0.653582	0.570261	0.504327	0.473831	
-0.464043	-0.464043	-0.439145	-0.396765	-0.338561	-0.26662	-0.184052	-0.0946465	-0.00172828	0.0977873	0.20308	0.30505	0.398021	0.470988	0.512441	0.521531	0.490711	0.407289	0.285481	0.147536	0.00851906	-0.125168	-0.24221	-0.335869	-0.377837	-0.348997	-0.259381	-0.133051	0.00433306	0.126628	0.23825	0.336753	0.41502	0.487221	0.557152	0.611939	0.648759	0.659411	0.663406	0.677145	0.7076	0.742799	0.769137	0.770495	0.726493	0.639094	0.532787	0.428885	0.350035	0.314894	
-0.472106	-0.472106	-0.443607	-0.396657	-0.337243	-0.263381	-0.174933	-0.0830034	-0.000225372	0.0855273	0.176777	0.264094	0.344537	0.416693	0.459519	0.469719	0.438434	0.363465	0.256888	0.135132	0.00816943	-0.109306	-0.203533	-0.266207	-0.273501	-0.219526	-0.108562	0.0418189	0.193781	0.312628	0.408841	0.493983	0.553536	0.603086	0.655541	0.699306	0.723905	0.72521	0.726519	0.734827	0.755051	0.769137	0.75633	0.711508	0.625851	0.512868	0.391769	0.276413	0.191308	0.158005	
-0.425423	-0.425423	-0.393938	-0.341815	-0.279082	-0.206657	-0.130706	-0.0560239	0.00583963	0.0723086	0.139126	0.201065	0.265195	0.337228	0.38237	0.387796	0.35782	0.297816	0.217883	0.116732	0.010903	-0.0825689	-0.147608	-0.175405	-0.143992	-0.0588014	0.0722114	0.23887	0.403079	0.521672	0.599733	0.657062	0.693523	0.721926	0.759018	0.785879	0.794803	0.790216	0.784974	0.7841	0.787832	0.770495	0.711508	0.61585	0.496403	0.364054	0.234321	0.11536	0.0365162	0.0159592	
-0.311417	-0.311417	-0.281823	-0.228362	-0.163693	-0.101829	-0.0501614	-0.00310802	0.0321356	0.0662912	0.102327	0.140072	0.185647	0.241304	0.280229	0.289917	0.263836	0.213205	0.15533	0.0857072	0.00631925	-0.0534626	-0.0769974	-0.0609747	0.00623859	0.120268	0.271236	0.442544	0.608841	0.728581	0.794516	0.824931	0.835007	0.842414	0.854777	0.854706	0.849486	0.840441	0.824435	0.806001	0.784983	0.726493	0.625851	0.496403	0.352115	0.206884	0.0777329	-0.0290668	-0.088956	-0.0925488	
-0.139475	-0.139475	-0.11909	-0.0738038	-0.0171605	0.0283875	0.0589068	0.0791143	0.0785577	0.0726598	0.0776072	0.0949605	0.121696	0.155521	0.17763	0.185409	0.167268	0.124036	0.0771905	0.0334208	-0.00232471	-0.0129515	0.0121653	0.0702271	0.16893	0.307972	0.47591	0.647912	0.802985	0.914742	0.965816	0.978003	0.970725	0.958526	0.942629	0.918698	0.897549	0.874503	0.838058	0.792552	0.732485	0.639094	0.512868	0.364054	0.206884	0.0581971	-0.0605772	-0.140696	-0.17855	-0.166275	
0.0637637	0.0637637	0.0699833	0.101484	0.143894	0.16709	0.175343	0.17058	0.139056	0.0970334	0.0753801	0.0706978	0.0781386	0.0891096	0.0955674	0.0927411	0.0773551	0.0447604	0.0139022	-0.00602704	-0.00115246	0.03927	0.115946	0.223363	0.357469	0.515386	0.686311	0.8478	0.983787	1.07553	1.11318	1.11253	1.08994	1.0562	1.02094	0.97953	0.939051	0.892766	0.826091	0.747798	0.653582	0.532787	0.391769	0.234321	0.0777329	-0.0605772	-0.15608	-0.211556	-0.228372	-0.196574	
0.268496	0.268496	0.26683	0.285868	0.309287	0.305432	0.284914	0.257854	0.208966	0.14469	0.0977748	0.0710146	0.0546805	0.0431956	0.0372341	0.0284321	0.0113774	-0.010317	-0.024098	-0.0181855	0.0250521	0.109902	0.228706	0.378506	0.546025	0.714901	0.878467	1.02416	1.14181	1.21569	1.2389	1.22309	1.17753	1.12112	1.06968	1.01918	0.960234	0.886168	0.794856	0.691395	0.570261	0.428885	0.276413	0.11536	-0.0290668	-0.140696	-0.211556	-0.237412	-0.226179	-0.175809	
0.448828	0.448828	0.447592	0.452249	0.453807	0.42996	0.392277	0.341634	0.279084	0.204302	0.147044	0.0992058	0.0577766	0.0288985	0.0233002	0.0134052	-0.00693896	-0.0184979	-0.0109285	0.0204175	0.0946539	0.212157	0.355085	0.518886	0.695291	0.864346	1.01875	1.15303	1.26051	1.32257	1.33172	1.29626	1.22481	1.14507	1.08167	1.02786	0.96093	0.875438	0.772558	0.649402	0.504327	0.350035	0.191308	0.0365162	-0.088956	-0.17855	-0.228372	-0.226179	-0.189001	-0.120974	
0.612074	0.612074	0.608229	0.604203	0.588739	0.553371	0.504552	0.443206	0.367513	0.286998	0.215715	0.152992	0.0977819	0.0648952	0.0590545	0.0529988	0.0393675	0.0372655	0.0610508	0.111505	0.204342	0.333457	0.477291	0.627607	0.788321	0.949981	1.09706	1.22455	1.31926	1.36889	1.36865	1.32427	1.24156	1.14863	1.07239	1.00863	0.940484	0.862	0.761706	0.629713	0.473831	0.314894	0.158005	0.0159592	-0.0925488	-0.166275	-0.196574	-0.175809	-0.120974	-0.0441334	
