-0.478397	-0.478397	-0.449935	-0.386681	-0.294641	-0.218171	-0.179719	-0.1805	-0.209548	-0.257802	-0.311292	-0.382401	-0.463501	-0.549683	-0.620667	-0.677558	-0.715864	-0.743901	-0.763481	-0.777089	-0.785307	-0.79985	-0.812575	-0.803601	-0.749936	-0.642536	-0.488316	-0.319887	-0.181663	-0.100554	-0.0818272	-0.115138	-0.184947	-0.280676	-0.371249	-0.421382	-0.422002	-0.400427	-0.391889	-0.398893	-0.417629	-0.442505	-0.465106	-0.47306	-0.461931	-0.435227	-0.394214	-0.332742	-0.246211	-0.136993	
-0.478397	-0.478397	-0.449935	-0.386681	-0.294641	-0.218171	-0.179719	-0.1805	-0.209548	-0.257802	-0.311292	-0.382401	-0.463501	-0.549683	-0.620667	-0.677558	-0.715864	-0.743901	-0.763481	-0.777089	-0.785307	-0.79985	-0.812575	-0.803601	-0.749936	-0.642536	-0.488316	-0.319887	-0.181663	-0.100554	-0.0818272	-0.115138	-0.184947	-0.280676	-0.371249	-0.421382	-0.422002	-0.400427	-0.391889	-0.398893	-0.417629	-0.442505	-0.465106	-0.47306	-0.461931	-0.435227	-0.394214	-0.332742	-0.246211	-0.136993	
-0.449935	-0.449935	-0.411684	-0.341347	-0.255056	-0.17219	-0.109696	-0.0934692	-0.124618	-0.172512	-0.224626	-0.29263	-0.373332	-0.457603	-0.531534	-0.585283	-0.617803	-0.646665	-0.67615	-0.695813	-0.706889	-0.71932	-0.730881	-0.727367	-0.683604	-0.590458	-0.45546	-0.303394	-0.171857	-0.0885184	-0.0670651	-0.104253	-0.181371	-0.274491	-0.353544	-0.399426	-0.40475	-0.384462	-0.374785	-0.381393	-0.397494	-0.41686	-0.42901	-0.433434	-0.426505	-0.402243	-0.352464	-0.281815	-0.190369	-0.0830054	
-0.386681	-0.386681	-0.341347	-0.259376	-0.158522	-0.0527084	0.0347366	0.0683441	0.0516435	0.0125701	-0.0384125	-0.103494	-0.185431	-0.273385	-0.351274	-0.407999	-0.446406	-0.477314	-0.509588	-0.53234	-0.550569	-0.562125	-0.575425	-0.586283	-0.56357	-0.492574	-0.384071	-0.255761	-0.13817	-0.0592165	-0.0352777	-0.0759655	-0.158146	-0.246585	-0.314224	-0.35804	-0.366729	-0.34377	-0.329732	-0.334103	-0.344193	-0.350929	-0.358048	-0.356285	-0.343862	-0.313254	-0.252057	-0.169963	-0.0719077	0.0341956	
-0.294641	-0.294641	-0.255056	-0.158522	-0.0205839	0.123737	0.243408	0.307514	0.322901	0.299392	0.242303	0.167688	0.082714	-0.00776146	-0.0922651	-0.15654	-0.209541	-0.254942	-0.296278	-0.319468	-0.341864	-0.355499	-0.374436	-0.39696	-0.397292	-0.361186	-0.290545	-0.190834	-0.0920162	-0.0226947	0.00177823	-0.0378091	-0.118306	-0.198043	-0.257328	-0.295241	-0.30463	-0.278668	-0.259099	-0.255223	-0.257316	-0.250574	-0.250306	-0.237619	-0.21312	-0.170132	-0.0964877	-0.00211646	0.0982154	0.206984	
-0.218171	-0.218171	-0.17219	-0.0527084	0.123737	0.314611	0.486249	0.59828	0.645091	0.637843	0.585947	0.502429	0.408312	0.305481	0.207966	0.128517	0.0665185	0.00493926	-0.0486839	-0.0827251	-0.109064	-0.130288	-0.150191	-0.175286	-0.198767	-0.206134	-0.181489	-0.114132	-0.0349703	0.0240302	0.0415338	0.00553284	-0.0689068	-0.141007	-0.185183	-0.21104	-0.212662	-0.188331	-0.170782	-0.163328	-0.150865	-0.1305	-0.110692	-0.0865874	-0.0526473	0.00627324	0.0973944	0.20579	0.315619	0.419028	
-0.179719	-0.179719	-0.109696	0.0347366	0.243408	0.486249	0.716154	0.882892	0.962702	0.972664	0.931903	0.851521	0.74436	0.621818	0.507163	0.410939	0.334628	0.263194	0.201444	0.152614	0.121453	0.0974683	0.078173	0.0452089	-0.00321703	-0.0507786	-0.0630197	-0.028125	0.0287137	0.07507	0.0873579	0.0572501	-0.00439052	-0.0657435	-0.102313	-0.117452	-0.107937	-0.0849405	-0.0708481	-0.0631111	-0.0406051	-0.00702969	0.0299108	0.0639294	0.113284	0.188402	0.295879	0.420617	0.538706	0.629896	
-0.1805	-0.1805	-0.0934692	0.0683441	0.307514	0.59828	0.882892	1.09999	1.21888	1.25113	1.22234	1.13888	1.02235	0.892571	0.771926	0.661705	0.567341	0.485342	0.419685	0.366903	0.336078	0.31179	0.284646	0.237355	0.169182	0.0961743	0.0547306	0.0553315	0.0843315	0.115573	0.125557	0.103877	0.0628696	0.0178963	-0.0106049	-0.0185333	-0.00335126	0.0187232	0.033586	0.0458138	0.0715601	0.107324	0.150396	0.201842	0.272738	0.365557	0.477579	0.595932	0.711047	0.79337	
-0.209548	-0.209548	-0.124618	0.0516435	0.322901	0.645091	0.962702	1.21888	1.37698	1.43491	1.41435	1.32815	1.20997	1.08084	0.951176	0.836748	0.742135	0.663345	0.592101	0.540863	0.512804	0.49414	0.45973	0.403663	0.325478	0.236101	0.164701	0.130139	0.132988	0.153852	0.161506	0.143267	0.115717	0.0945008	0.082238	0.090519	0.106164	0.127905	0.142481	0.158622	0.178644	0.214221	0.265476	0.332389	0.415214	0.518389	0.632628	0.744804	0.840352	0.908424	
-0.257802	-0.257802	-0.172512	0.0125701	0.299392	0.637843	0.972664	1.25113	1.43491	1.5073	1.49739	1.42037	1.30015	1.15907	1.02643	0.913322	0.829655	0.765685	0.707766	0.665902	0.644537	0.633766	0.605104	0.546778	0.458731	0.361429	0.266938	0.20283	0.179351	0.181614	0.181518	0.170501	0.160902	0.16169	0.174997	0.196037	0.221618	0.246651	0.259094	0.269952	0.287012	0.323351	0.380347	0.456596	0.545029	0.647793	0.754267	0.853968	0.930327	0.96849	
-0.311292	-0.311292	-0.224626	-0.0384125	0.242303	0.585947	0.931903	1.22234	1.41435	1.49739	1.48506	1.40842	1.27913	1.13079	0.998098	0.895796	0.820128	0.769108	0.73574	0.726466	0.73102	0.736266	0.718231	0.661469	0.571667	0.466495	0.359253	0.275298	0.22242	0.194313	0.183424	0.182921	0.196546	0.219818	0.251255	0.287376	0.327706	0.361054	0.379685	0.385704	0.391594	0.417665	0.469863	0.552626	0.647022	0.739059	0.830505	0.911526	0.964024	0.977585	
-0.382401	-0.382401	-0.29263	-0.103494	0.167688	0.502429	0.851521	1.13888	1.32815	1.42037	1.40842	1.31333	1.16792	1.0118	0.875004	0.775032	0.713862	0.687007	0.691596	0.722867	0.761471	0.789766	0.792608	0.752786	0.67576	0.569101	0.453338	0.351433	0.270122	0.211473	0.184885	0.188244	0.217594	0.263179	0.320869	0.378695	0.431855	0.467891	0.481257	0.474251	0.46637	0.474359	0.516715	0.593842	0.683737	0.770792	0.850722	0.909868	0.942281	0.939039	
-0.463501	-0.463501	-0.373332	-0.185431	0.082714	0.408312	0.74436	1.02235	1.20997	1.30015	1.27913	1.16792	1.00785	0.836629	0.68313	0.578428	0.532809	0.533975	0.573911	0.643399	0.722005	0.788873	0.830316	0.817351	0.755293	0.656952	0.544877	0.432751	0.331014	0.250548	0.210817	0.218933	0.256416	0.319575	0.394241	0.468537	0.529478	0.562339	0.553793	0.520398	0.491279	0.480123	0.504954	0.558993	0.632561	0.710154	0.785021	0.841523	0.860879	0.841193	
-0.549683	-0.549683	-0.457603	-0.273385	-0.00776146	0.305481	0.621818	0.892571	1.08084	1.15907	1.13079	1.0118	0.836629	0.639747	0.47052	0.359699	0.318442	0.333489	0.401752	0.508792	0.632189	0.743842	0.818976	0.836823	0.798929	0.727362	0.636013	0.530184	0.419609	0.325466	0.278547	0.287646	0.333184	0.402001	0.482309	0.556521	0.61542	0.63741	0.603	0.537519	0.475495	0.435071	0.429254	0.457592	0.511765	0.576978	0.644878	0.699381	0.719718	0.686852	
-0.620667	-0.620667	-0.531534	-0.351274	-0.0922651	0.207966	0.507163	0.771926	0.951176	1.02643	0.998098	0.875004	0.68313	0.47052	0.283047	0.163222	0.114354	0.131271	0.210813	0.34185	0.502071	0.653763	0.756538	0.809983	0.815608	0.781965	0.717528	0.626884	0.5257	0.445045	0.398673	0.393763	0.43251	0.502763	0.583105	0.650029	0.687298	0.686341	0.629404	0.529733	0.427257	0.354371	0.315688	0.314565	0.344332	0.399163	0.46355	0.514883	0.537571	0.498489	
-0.677558	-0.677558	-0.585283	-0.407999	-0.15654	0.128517	0.410939	0.661705	0.836748	0.913322	0.895796	0.775032	0.578428	0.359699	0.163222	0.0214825	-0.0476066	-0.0389976	0.0432432	0.181309	0.355845	0.53112	0.668492	0.761939	0.808496	0.810172	0.776445	0.71229	0.636276	0.575835	0.53493	0.519544	0.546679	0.608979	0.676521	0.725501	0.73991	0.708016	0.625775	0.499058	0.369855	0.270409	0.200476	0.163351	0.167102	0.211876	0.26579	0.309399	0.3249	0.279554	
-0.715864	-0.715864	-0.617803	-0.446406	-0.209541	0.0665185	0.334628	0.567341	0.742135	0.829655	0.820128	0.713862	0.532809	0.318442	0.114354	-0.0476066	-0.139794	-0.15246	-0.0812289	0.0547019	0.231616	0.413259	0.576696	0.697458	0.770387	0.800475	0.800396	0.773551	0.729253	0.680469	0.644128	0.63111	0.649973	0.692528	0.735238	0.762803	0.760805	0.704465	0.606894	0.468784	0.31855	0.187634	0.086826	0.0206792	0.00429782	0.0262149	0.0673542	0.103658	0.104294	0.0487085	
-0.743901	-0.743901	-0.646665	-0.477314	-0.254942	0.00493926	0.263194	0.485342	0.663345	0.765685	0.769108	0.687007	0.533975	0.333489	0.131271	-0.0389976	-0.15246	-0.18204	-0.132162	-0.0175404	0.146051	0.328026	0.492805	0.625253	0.716416	0.766875	0.788234	0.784157	0.763918	0.733513	0.707194	0.696729	0.707065	0.733488	0.761856	0.775712	0.75201	0.684733	0.580636	0.439622	0.274288	0.11782	-0.00826445	-0.0959948	-0.132097	-0.13267	-0.109608	-0.0870815	-0.102207	-0.168461	
-0.763481	-0.763481	-0.67615	-0.509588	-0.296278	-0.0486839	0.201444	0.419685	0.592101	0.707766	0.73574	0.691596	0.573911	0.401752	0.210813	0.0432432	-0.0812289	-0.132162	-0.109209	-0.0227823	0.116639	0.283707	0.438227	0.56182	0.651527	0.703024	0.727332	0.734633	0.733623	0.72485	0.714353	0.714628	0.721458	0.734477	0.755743	0.764404	0.733482	0.663428	0.557579	0.418928	0.25495	0.0843702	-0.060007	-0.165338	-0.22161	-0.242981	-0.239377	-0.231848	-0.256264	-0.337003	
-0.777089	-0.777089	-0.695813	-0.53234	-0.319468	-0.0827251	0.152614	0.366903	0.540863	0.665902	0.726466	0.722867	0.643399	0.508792	0.34185	0.181309	0.0547019	-0.0175404	-0.0227823	0.0382166	0.143196	0.268161	0.389275	0.488736	0.561117	0.596941	0.613692	0.627983	0.639002	0.644936	0.653895	0.67085	0.688965	0.701351	0.715471	0.729394	0.712266	0.646632	0.55206	0.430031	0.276493	0.102418	-0.0537102	-0.170593	-0.245956	-0.2824	-0.293342	-0.304186	-0.342799	-0.434479	
-0.785307	-0.785307	-0.706889	-0.550569	-0.341864	-0.109064	0.121453	0.336078	0.512804	0.644537	0.73102	0.761471	0.722005	0.632189	0.502071	0.355845	0.231616	0.146051	0.116639	0.143196	0.203529	0.273841	0.343472	0.402119	0.443889	0.461268	0.464229	0.466551	0.482086	0.509799	0.539823	0.566715	0.599189	0.630384	0.655351	0.676072	0.679029	0.639938	0.575947	0.479393	0.342379	0.181611	0.030098	-0.095329	-0.186018	-0.237564	-0.263686	-0.299103	-0.355945	-0.454075	
-0.79985	-0.79985	-0.71932	-0.562125	-0.355499	-0.130288	0.0974683	0.31179	0.49414	0.633766	0.736266	0.789766	0.788873	0.743842	0.653763	0.53112	0.413259	0.328026	0.283707	0.268161	0.273841	0.29091	0.306917	0.316707	0.314201	0.299124	0.284334	0.273845	0.292097	0.33834	0.383469	0.42733	0.473096	0.524467	0.570026	0.610293	0.6402	0.647429	0.622303	0.554624	0.449519	0.323017	0.185969	0.0537132	-0.0475871	-0.116742	-0.170208	-0.232384	-0.312524	-0.41208	
-0.812575	-0.812575	-0.730881	-0.575425	-0.374436	-0.150191	0.078173	0.284646	0.45973	0.605104	0.718231	0.792608	0.830316	0.818976	0.756538	0.668492	0.576696	0.492805	0.438227	0.389275	0.343472	0.306917	0.267219	0.220929	0.173698	0.119315	0.0798814	0.0679607	0.0894833	0.134225	0.192364	0.260463	0.325807	0.389043	0.46365	0.538667	0.607786	0.659583	0.680115	0.652597	0.586334	0.493407	0.376021	0.247812	0.138337	0.0396007	-0.0474292	-0.136408	-0.23888	-0.349642	
-0.803601	-0.803601	-0.727367	-0.586283	-0.39696	-0.175286	0.0452089	0.237355	0.403663	0.546778	0.661469	0.752786	0.817351	0.836823	0.809983	0.761939	0.697458	0.625253	0.56182	0.488736	0.402119	0.316707	0.220929	0.121756	0.0318549	-0.0516388	-0.107081	-0.128274	-0.11562	-0.0676113	0.00381786	0.0838987	0.169527	0.257505	0.357667	0.469527	0.577255	0.673526	0.739976	0.753815	0.726648	0.66556	0.567154	0.448815	0.331939	0.209604	0.0888343	-0.0315597	-0.154803	-0.276899	
-0.749936	-0.749936	-0.683604	-0.56357	-0.397292	-0.198767	-0.00321703	0.169182	0.325478	0.458731	0.571667	0.67576	0.755293	0.798929	0.815608	0.808496	0.770387	0.716416	0.651527	0.561117	0.443889	0.314201	0.173698	0.0318549	-0.0955696	-0.196673	-0.257155	-0.28824	-0.28183	-0.22977	-0.150721	-0.0670105	0.0323737	0.145905	0.265143	0.401713	0.547839	0.680696	0.781033	0.832902	0.842962	0.814673	0.741554	0.636188	0.518618	0.380394	0.227714	0.0812373	-0.0550977	-0.189845	
-0.642536	-0.642536	-0.590458	-0.492574	-0.361186	-0.206134	-0.0507786	0.0961743	0.236101	0.361429	0.466495	0.569101	0.656952	0.727362	0.781965	0.810172	0.800475	0.766875	0.703024	0.596941	0.461268	0.299124	0.119315	-0.0516388	-0.196673	-0.315059	-0.384126	-0.407708	-0.39234	-0.34289	-0.267604	-0.17709	-0.0732523	0.0422663	0.174464	0.334889	0.506064	0.658717	0.790914	0.878249	0.919575	0.925461	0.885165	0.796698	0.683699	0.536209	0.364258	0.194688	0.0451067	-0.097535	
-0.488316	-0.488316	-0.45546	-0.384071	-0.290545	-0.181489	-0.0630197	0.0547306	0.164701	0.266938	0.359253	0.453338	0.544877	0.636013	0.717528	0.776445	0.800396	0.788234	0.727332	0.613692	0.464229	0.284334	0.0798814	-0.107081	-0.257155	-0.384126	-0.456537	-0.466229	-0.437443	-0.393109	-0.328727	-0.242424	-0.145047	-0.0426724	0.0944992	0.269223	0.447085	0.612909	0.770477	0.891891	0.965569	1.00389	0.995251	0.928909	0.825717	0.67962	0.504564	0.323468	0.160037	0.0113989	
-0.319887	-0.319887	-0.303394	-0.255761	-0.190834	-0.114132	-0.028125	0.0553315	0.130139	0.20283	0.275298	0.351433	0.432751	0.530184	0.626884	0.71229	0.773551	0.784157	0.734633	0.627983	0.466551	0.273845	0.0679607	-0.128274	-0.28824	-0.407708	-0.466229	-0.467153	-0.435129	-0.389678	-0.338059	-0.271459	-0.189207	-0.0933495	0.0357326	0.201266	0.378707	0.556642	0.727941	0.877279	0.99142	1.05639	1.06545	1.01736	0.926668	0.794499	0.630308	0.448527	0.278412	0.132587	
-0.181663	-0.181663	-0.171857	-0.13817	-0.0920162	-0.0349703	0.0287137	0.0843315	0.132988	0.179351	0.22242	0.270122	0.331014	0.419609	0.5257	0.636276	0.729253	0.763918	0.733623	0.639002	0.482086	0.292097	0.0894833	-0.11562	-0.28183	-0.39234	-0.437443	-0.435129	-0.407212	-0.363759	-0.319349	-0.27389	-0.209032	-0.120767	-0.00661548	0.136691	0.304543	0.485813	0.671259	0.842935	0.983335	1.07262	1.09577	1.05977	0.98286	0.867641	0.717766	0.542895	0.37937	0.244353	
-0.100554	-0.100554	-0.0885184	-0.0592165	-0.0226947	0.0240302	0.07507	0.115573	0.153852	0.181614	0.194313	0.211473	0.250548	0.325466	0.445045	0.575835	0.680469	0.733513	0.72485	0.644936	0.509799	0.33834	0.134225	-0.0676113	-0.22977	-0.34289	-0.393109	-0.389678	-0.363759	-0.330782	-0.296123	-0.25947	-0.210523	-0.142197	-0.040274	0.0902326	0.239229	0.410868	0.602376	0.780851	0.925008	1.02797	1.06606	1.04356	0.988818	0.89412	0.756374	0.597256	0.454533	0.337914	
-0.0818272	-0.0818272	-0.0670651	-0.0352777	0.00177823	0.0415338	0.0873579	0.125557	0.161506	0.181518	0.183424	0.184885	0.210817	0.278547	0.398673	0.53493	0.644128	0.707194	0.714353	0.653895	0.539823	0.383469	0.192364	0.00381786	-0.150721	-0.267604	-0.328727	-0.338059	-0.319349	-0.296123	-0.272997	-0.241571	-0.205324	-0.152512	-0.0649028	0.0501185	0.179288	0.334382	0.512619	0.683434	0.823738	0.929436	0.977623	0.971376	0.933032	0.854351	0.733828	0.602671	0.486997	0.388489	
-0.115138	-0.115138	-0.104253	-0.0759655	-0.0378091	0.00553284	0.0572501	0.103877	0.143267	0.170501	0.182921	0.188244	0.218933	0.287646	0.393763	0.519544	0.63111	0.696729	0.714628	0.67085	0.566715	0.42733	0.260463	0.0838987	-0.0670105	-0.17709	-0.242424	-0.271459	-0.27389	-0.25947	-0.241571	-0.224532	-0.196452	-0.152148	-0.0886113	-0.00359244	0.109958	0.24917	0.401588	0.553509	0.692197	0.799082	0.851482	0.853633	0.818344	0.747319	0.653852	0.551916	0.458084	0.377129	
-0.184947	-0.184947	-0.181371	-0.158146	-0.118306	-0.0689068	-0.00439052	0.0628696	0.115717	0.160902	0.196546	0.217594	0.256416	0.333184	0.43251	0.546679	0.649973	0.707065	0.721458	0.688965	0.599189	0.473096	0.325807	0.169527	0.0323737	-0.0732523	-0.145047	-0.189207	-0.209032	-0.210523	-0.205324	-0.196452	-0.179313	-0.158012	-0.120444	-0.0564959	0.0356104	0.150176	0.273237	0.404861	0.538687	0.641582	0.693937	0.704367	0.674533	0.608232	0.531941	0.450038	0.374172	0.307457	
-0.280676	-0.280676	-0.274491	-0.246585	-0.198043	-0.141007	-0.0657435	0.0178963	0.0945008	0.16169	0.219818	0.263179	0.319575	0.402001	0.502763	0.608979	0.692528	0.733488	0.734477	0.701351	0.630384	0.524467	0.389043	0.257505	0.145905	0.0422663	-0.0426724	-0.0933495	-0.120767	-0.142197	-0.152512	-0.152148	-0.158012	-0.168315	-0.153139	-0.101589	-0.0336873	0.0492194	0.147645	0.258936	0.371953	0.465778	0.520193	0.533599	0.506731	0.445487	0.374403	0.308921	0.248059	0.19124	
-0.371249	-0.371249	-0.353544	-0.314224	-0.257328	-0.185183	-0.102313	-0.0106049	0.082238	0.174997	0.251255	0.320869	0.394241	0.482309	0.583105	0.676521	0.735238	0.761856	0.755743	0.715471	0.655351	0.570026	0.46365	0.357667	0.265143	0.174464	0.0944992	0.0357326	-0.00661548	-0.040274	-0.0649028	-0.0886113	-0.120444	-0.153139	-0.162979	-0.13985	-0.0927951	-0.0353501	0.0349553	0.113445	0.202554	0.287441	0.336214	0.340136	0.316583	0.265115	0.202622	0.148485	0.107864	0.0612753	
-0.421382	-0.421382	-0.399426	-0.35804	-0.295241	-0.21104	-0.117452	-0.0185333	0.090519	0.196037	0.287376	0.378695	0.468537	0.556521	0.650029	0.725501	0.762803	0.775712	0.764404	0.729394	0.676072	0.610293	0.538667	0.469527	0.401713	0.334889	0.269223	0.201266	0.136691	0.0902326	0.0501185	-0.00359244	-0.0564959	-0.101589	-0.13985	-0.153061	-0.137429	-0.106315	-0.0712297	-0.0296201	0.0326004	0.0987449	0.134734	0.137024	0.120557	0.0841685	0.0344485	-0.00577959	-0.0366342	-0.0721315	
-0.422002	-0.422002	-0.40475	-0.366729	-0.30463	-0.212662	-0.107937	-0.00335126	0.106164	0.221618	0.327706	0.431855	0.529478	0.61542	0.687298	0.73991	0.760805	0.75201	0.733482	0.712266	0.679029	0.6402	0.607786	0.577255	0.547839	0.506064	0.447085	0.378707	0.304543	0.239229	0.179288	0.109958	0.0356104	-0.0336873	-0.0927951	-0.137429	-0.160687	-0.16578	-0.167108	-0.165921	-0.141768	-0.104911	-0.0785305	-0.0689959	-0.0730416	-0.0938608	-0.128077	-0.1572	-0.18278	-0.2135	
-0.400427	-0.400427	-0.384462	-0.34377	-0.278668	-0.188331	-0.0849405	0.0187232	0.127905	0.246651	0.361054	0.467891	0.562339	0.63741	0.686341	0.708016	0.704465	0.684733	0.663428	0.646632	0.639938	0.647429	0.659583	0.673526	0.680696	0.658717	0.612909	0.556642	0.485813	0.410868	0.334382	0.24917	0.150176	0.0492194	-0.0353501	-0.106315	-0.16578	-0.20944	-0.255507	-0.3033	-0.321931	-0.304954	-0.286657	-0.280178	-0.273816	-0.271468	-0.283438	-0.306037	-0.331925	-0.356822	
-0.391889	-0.391889	-0.374785	-0.329732	-0.259099	-0.170782	-0.0708481	0.033586	0.142481	0.259094	0.379685	0.481257	0.553793	0.603	0.629404	0.625775	0.606894	0.580636	0.557579	0.55206	0.575947	0.622303	0.680115	0.739976	0.781033	0.790914	0.770477	0.727941	0.671259	0.602376	0.512619	0.401588	0.273237	0.147645	0.0349553	-0.0712297	-0.167108	-0.255507	-0.34691	-0.43078	-0.479483	-0.484987	-0.476315	-0.472332	-0.457776	-0.437192	-0.4302	-0.44396	-0.46493	-0.489454	
-0.398893	-0.398893	-0.381393	-0.334103	-0.255223	-0.163328	-0.0631111	0.0458138	0.158622	0.269952	0.385704	0.474251	0.520398	0.537519	0.529733	0.499058	0.468784	0.439622	0.418928	0.430031	0.479393	0.554624	0.652597	0.753815	0.832902	0.878249	0.891891	0.877279	0.842935	0.780851	0.683434	0.553509	0.404861	0.258936	0.113445	-0.0296201	-0.165921	-0.3033	-0.43078	-0.531991	-0.595476	-0.621707	-0.62739	-0.625994	-0.609407	-0.571588	-0.544158	-0.547532	-0.568578	-0.605982	
-0.417629	-0.417629	-0.397494	-0.344193	-0.257316	-0.150865	-0.0406051	0.0715601	0.178644	0.287012	0.391594	0.46637	0.491279	0.475495	0.427257	0.369855	0.31855	0.274288	0.25495	0.276493	0.342379	0.449519	0.586334	0.726648	0.842962	0.919575	0.965569	0.99142	0.983335	0.925008	0.823738	0.692197	0.538687	0.371953	0.202554	0.0326004	-0.141768	-0.321931	-0.479483	-0.595476	-0.66617	-0.707485	-0.724774	-0.716573	-0.685888	-0.635379	-0.592693	-0.586846	-0.614198	-0.672602	
-0.442505	-0.442505	-0.41686	-0.350929	-0.250574	-0.1305	-0.00702969	0.107324	0.214221	0.323351	0.417665	0.474359	0.480123	0.435071	0.354371	0.270409	0.187634	0.11782	0.0843702	0.102418	0.181611	0.323017	0.493407	0.66556	0.814673	0.925461	1.00389	1.05639	1.07262	1.02797	0.929436	0.799082	0.641582	0.465778	0.287441	0.0987449	-0.104911	-0.304954	-0.484987	-0.621707	-0.707485	-0.755265	-0.765159	-0.736213	-0.677092	-0.607063	-0.550354	-0.533736	-0.568298	-0.641601	
-0.465106	-0.465106	-0.42901	-0.358048	-0.250306	-0.110692	0.0299108	0.150396	0.265476	0.380347	0.469863	0.516715	0.504954	0.429254	0.315688	0.200476	0.086826	-0.00826445	-0.060007	-0.0537102	0.030098	0.185969	0.376021	0.567154	0.741554	0.885165	0.995251	1.06545	1.09577	1.06606	0.977623	0.851482	0.693937	0.520193	0.336214	0.134734	-0.0785305	-0.286657	-0.476315	-0.62739	-0.724774	-0.765159	-0.75024	-0.690744	-0.597652	-0.503172	-0.425148	-0.394503	-0.431272	-0.518193	
-0.47306	-0.47306	-0.433434	-0.356285	-0.237619	-0.0865874	0.0639294	0.201842	0.332389	0.456596	0.552626	0.593842	0.558993	0.457592	0.314565	0.163351	0.0206792	-0.0959948	-0.165338	-0.170593	-0.095329	0.0537132	0.247812	0.448815	0.636188	0.796698	0.928909	1.01736	1.05977	1.04356	0.971376	0.853633	0.704367	0.533599	0.340136	0.137024	-0.0689959	-0.280178	-0.472332	-0.625994	-0.716573	-0.736213	-0.690744	-0.599749	-0.471554	-0.348933	-0.249217	-0.204011	-0.23421	-0.324304	
-0.461931	-0.461931	-0.426505	-0.343862	-0.21312	-0.0526473	0.113284	0.272738	0.415214	0.545029	0.647022	0.683737	0.632561	0.511765	0.344332	0.167102	0.00429782	-0.132097	-0.22161	-0.245956	-0.186018	-0.0475871	0.138337	0.331939	0.518618	0.683699	0.825717	0.926668	0.98286	0.988818	0.933032	0.818344	0.674533	0.506731	0.316583	0.120557	-0.0730416	-0.273816	-0.457776	-0.609407	-0.685888	-0.677092	-0.597652	-0.471554	-0.319673	-0.170591	-0.0509446	0.0056244	-0.0110461	-0.101629	
-0.435227	-0.435227	-0.402243	-0.313254	-0.170132	0.00627324	0.188402	0.365557	0.518389	0.647793	0.739059	0.770792	0.710154	0.576978	0.399163	0.211876	0.0262149	-0.13267	-0.242981	-0.2824	-0.237564	-0.116742	0.0396007	0.209604	0.380394	0.536209	0.67962	0.794499	0.867641	0.89412	0.854351	0.747319	0.608232	0.445487	0.265115	0.0841685	-0.0938608	-0.271468	-0.437192	-0.571588	-0.635379	-0.607063	-0.503172	-0.348933	-0.170591	-0.00197384	0.12565	0.189818	0.184336	0.0989927	
-0.394214	-0.394214	-0.352464	-0.252057	-0.0964877	0.0973944	0.295879	0.477579	0.632628	0.754267	0.830505	0.850722	0.785021	0.644878	0.46355	0.26579	0.0673542	-0.109608	-0.239377	-0.293342	-0.263686	-0.170208	-0.0474292	0.0888343	0.227714	0.364258	0.504564	0.630308	0.717766	0.756374	0.733828	0.653852	0.531941	0.374403	0.202622	0.0344485	-0.128077	-0.283438	-0.4302	-0.544158	-0.592693	-0.550354	-0.425148	-0.249217	-0.0509446	0.12565	0.2587	0.329934	0.332779	0.259872	
-0.332742	-0.332742	-0.281815	-0.169963	-0.00211646	0.20579	0.420617	0.595932	0.744804	0.853968	0.911526	0.909868	0.841523	0.699381	0.514883	0.309399	0.103658	-0.0870815	-0.231848	-0.304186	-0.299103	-0.232384	-0.136408	-0.0315597	0.0812373	0.194688	0.323468	0.448527	0.542895	0.597256	0.602671	0.551916	0.450038	0.308921	0.148485	-0.00577959	-0.1572	-0.306037	-0.44396	-0.547532	-0.586846	-0.533736	-0.394503	-0.204011	0.0056244	0.189818	0.329934	0.414354	0.423604	0.370678	
-0.246211	-0.246211	-0.190369	-0.0719077	0.0982154	0.315619	0.538706	0.711047	0.840352	0.930327	0.964024	0.942281	0.860879	0.719718	0.537571	0.3249	0.104294	-0.102207	-0.256264	-0.342799	-0.355945	-0.312524	-0.23888	-0.154803	-0.0550977	0.0451067	0.160037	0.278412	0.37937	0.454533	0.486997	0.458084	0.374172	0.248059	0.107864	-0.0366342	-0.18278	-0.331925	-0.46493	-0.568578	-0.614198	-0.568298	-0.431272	-0.23421	-0.0110461	0.184336	0.332779	0.423604	0.452605	0.425672	
-0.136993	-0.136993	-0.0830054	0.0341956	0.206984	0.419028	0.629896	0.79337	0.908424	0.96849	0.977585	0.939039	0.841193	0.686852	0.498489	0.279554	0.0487085	-0.168461	-0.337003	-0.434479	-0.454075	-0.41208	-0.349642	-0.276899	-0.189845	-0.097535	0.0113989	0.132587	0.244353	0.337914	0.388489	0.377129	0.307457	0.19124	0.0612753	-0.0721315	-0.2135	-0.356822	-0.489454	-0.605982	-0.672602	-0.641601	-0.518193	-0.324304	-0.101629	0.0989927	0.259872	0.370678	0.425672	0.425235	
