-0.148588	-0.180531	-0.176628	-0.147444	-0.107292	-0.072219	-0.0508918	-0.0380608	-0.0456214	-0.0626622	-0.0862671	-0.104086	-0.100053	-0.0829089	-0.0699055	-0.050803	-0.00729786	0.0618388	0.157769	0.272023	0.394639	0.487169	0.530019	0.522931	0.446824	0.301322	0.111122	-0.0915766	-0.279481	-0.426429	-0.517682	-0.548232	-0.531085	-0.476478	-0.391819	-0.300876	-0.216258	-0.153611	-0.123692	-0.117311	-0.114285	-0.094065	-0.0437374	0.0521077	0.192228	0.352588	0.511896	0.639779	0.703603	0.703603	
-0.180531	-0.214031	-0.206145	-0.177048	-0.144263	-0.116092	-0.0950494	-0.0799153	-0.0812911	-0.0978972	-0.114306	-0.133376	-0.136971	-0.131306	-0.132507	-0.123366	-0.0838163	-0.016853	0.0834965	0.219543	0.361695	0.479952	0.55789	0.577478	0.517272	0.390396	0.211275	0.0109533	-0.172293	-0.323004	-0.424151	-0.466003	-0.463383	-0.423541	-0.351618	-0.2748	-0.211228	-0.176149	-0.164025	-0.173669	-0.189628	-0.170821	-0.110988	0.00118966	0.155901	0.328036	0.500133	0.632241	0.70359	0.70359	
-0.176628	-0.206145	-0.200721	-0.182982	-0.170577	-0.159653	-0.137872	-0.123173	-0.118855	-0.126222	-0.139306	-0.161049	-0.177172	-0.186221	-0.196137	-0.196592	-0.168333	-0.102121	0.00490758	0.148939	0.305396	0.445158	0.545742	0.589821	0.557147	0.457256	0.300503	0.119935	-0.054972	-0.205771	-0.31169	-0.364753	-0.365354	-0.334307	-0.277286	-0.215321	-0.177136	-0.166156	-0.177033	-0.207198	-0.232234	-0.217981	-0.161811	-0.0509049	0.107342	0.281575	0.448857	0.57984	0.656582	0.656582	
-0.147444	-0.177048	-0.182982	-0.187075	-0.20299	-0.20938	-0.189252	-0.16886	-0.152804	-0.151296	-0.167515	-0.188614	-0.216145	-0.240961	-0.255904	-0.261845	-0.24811	-0.182214	-0.0715771	0.0674532	0.228588	0.379859	0.495876	0.562736	0.566161	0.496279	0.374984	0.223429	0.0575298	-0.0800287	-0.176942	-0.230845	-0.234996	-0.209563	-0.171554	-0.131986	-0.118386	-0.134025	-0.165997	-0.214856	-0.248555	-0.243155	-0.197896	-0.101296	0.0445073	0.212767	0.371056	0.497033	0.566446	0.566446	
-0.107292	-0.144263	-0.170577	-0.20299	-0.240795	-0.260176	-0.244913	-0.21141	-0.187964	-0.181183	-0.189416	-0.213523	-0.251617	-0.282033	-0.303012	-0.320791	-0.308768	-0.245507	-0.138166	-0.00871333	0.141277	0.290978	0.418515	0.507555	0.544816	0.515867	0.42565	0.299654	0.162509	0.0463556	-0.0339391	-0.0723966	-0.0799161	-0.0640045	-0.0431631	-0.0324803	-0.0425318	-0.0791373	-0.131719	-0.198943	-0.251489	-0.267706	-0.234454	-0.148585	-0.0212029	0.131893	0.280065	0.401013	0.463132	0.463132	
-0.072219	-0.116092	-0.159653	-0.20938	-0.260176	-0.285988	-0.275449	-0.241504	-0.213777	-0.206047	-0.206932	-0.233375	-0.27478	-0.309127	-0.335741	-0.359144	-0.346129	-0.292061	-0.202952	-0.0925903	0.0388617	0.183066	0.323413	0.432822	0.494651	0.499247	0.437162	0.344294	0.245417	0.162863	0.112016	0.0932613	0.0915999	0.102135	0.107225	0.0910127	0.0573786	-0.00610407	-0.0893251	-0.178624	-0.251781	-0.288769	-0.275935	-0.202304	-0.0842028	0.0547025	0.192935	0.307272	0.367506	0.367506	
-0.0508918	-0.0950494	-0.137872	-0.189252	-0.244913	-0.275449	-0.271558	-0.244594	-0.219583	-0.210395	-0.212125	-0.240077	-0.281118	-0.319823	-0.353475	-0.377957	-0.372001	-0.332517	-0.267464	-0.18328	-0.0729441	0.0618624	0.201648	0.322619	0.402419	0.430723	0.404006	0.348534	0.297509	0.260462	0.247149	0.255454	0.269668	0.286917	0.282182	0.250955	0.192992	0.0906646	-0.032886	-0.154931	-0.255428	-0.31392	-0.317598	-0.258594	-0.149721	-0.0158106	0.118691	0.227939	0.284382	0.284382	
-0.0380608	-0.0799153	-0.123173	-0.16886	-0.21141	-0.241504	-0.244594	-0.220615	-0.196706	-0.189122	-0.197487	-0.229643	-0.273518	-0.321563	-0.364974	-0.385544	-0.394056	-0.374781	-0.333561	-0.280288	-0.189626	-0.0699201	0.0533204	0.17591	0.265808	0.309027	0.32788	0.322257	0.324581	0.342193	0.372396	0.414873	0.451512	0.476887	0.468159	0.42281	0.331583	0.200083	0.0472805	-0.114429	-0.246928	-0.330349	-0.347071	-0.298573	-0.20412	-0.0774273	0.0512997	0.153857	0.20846	0.20846	
-0.0456214	-0.0812911	-0.118855	-0.152804	-0.187964	-0.213777	-0.219583	-0.196706	-0.176649	-0.166804	-0.176874	-0.212955	-0.257639	-0.313771	-0.371141	-0.402559	-0.423326	-0.425981	-0.402001	-0.368922	-0.300951	-0.207704	-0.105876	0.00939667	0.108544	0.18001	0.242879	0.287831	0.33984	0.408074	0.47622	0.552931	0.615028	0.644006	0.632963	0.574157	0.46206	0.306618	0.126805	-0.0575911	-0.212306	-0.315254	-0.352244	-0.319449	-0.233554	-0.119489	-0.0041612	0.0893496	0.14237	0.14237	
-0.0626622	-0.0978972	-0.126222	-0.151296	-0.181183	-0.206047	-0.210395	-0.189122	-0.166804	-0.15859	-0.169663	-0.19735	-0.242384	-0.300749	-0.364033	-0.408866	-0.443488	-0.466473	-0.466666	-0.453922	-0.412366	-0.346747	-0.254307	-0.141914	-0.0331637	0.0642434	0.155555	0.242759	0.340265	0.451453	0.559464	0.66488	0.74184	0.772177	0.75962	0.690283	0.561715	0.388469	0.192591	-0.00111335	-0.168117	-0.280313	-0.328894	-0.313524	-0.239011	-0.135466	-0.0268456	0.064786	0.11349	0.11349	
-0.0862671	-0.114306	-0.139306	-0.167515	-0.189416	-0.206932	-0.212125	-0.197487	-0.176874	-0.169663	-0.175437	-0.18919	-0.223389	-0.282311	-0.346637	-0.400296	-0.443368	-0.478837	-0.501913	-0.510405	-0.500964	-0.459632	-0.379128	-0.270517	-0.157369	-0.0445281	0.0683076	0.185483	0.317189	0.459929	0.604306	0.730001	0.81866	0.855761	0.836557	0.754645	0.613344	0.43788	0.238345	0.0396336	-0.125366	-0.232856	-0.278307	-0.268867	-0.200036	-0.104355	-0.00374386	0.0886719	0.132114	0.132114	
-0.104086	-0.133376	-0.161049	-0.188614	-0.213523	-0.233375	-0.240077	-0.229643	-0.212955	-0.19735	-0.18919	-0.188854	-0.217378	-0.270865	-0.323478	-0.37378	-0.412984	-0.447761	-0.485017	-0.517644	-0.535272	-0.518514	-0.462151	-0.376858	-0.272682	-0.159951	-0.037077	0.107487	0.267055	0.432615	0.597043	0.734604	0.828183	0.869079	0.848043	0.767241	0.627953	0.4519	0.263296	0.0741919	-0.0773576	-0.173398	-0.215706	-0.188887	-0.111824	-0.0175926	0.0813327	0.162468	0.205665	0.205665	
-0.100053	-0.136971	-0.177172	-0.216145	-0.251617	-0.27478	-0.281118	-0.273518	-0.257639	-0.242384	-0.223389	-0.217378	-0.237	-0.267628	-0.296061	-0.328083	-0.356069	-0.391439	-0.445392	-0.49317	-0.533063	-0.541043	-0.505561	-0.454975	-0.374849	-0.272242	-0.150005	0.00631376	0.187559	0.37552	0.551218	0.697678	0.78732	0.820847	0.796653	0.71672	0.592438	0.429867	0.259688	0.0946181	-0.0365443	-0.1075	-0.123811	-0.0755036	0.0142689	0.118248	0.223602	0.30078	0.341184	0.341184	
-0.0829089	-0.131306	-0.186221	-0.240961	-0.282033	-0.309127	-0.319823	-0.321563	-0.313771	-0.300749	-0.282311	-0.270865	-0.267628	-0.264918	-0.263081	-0.273233	-0.297882	-0.338027	-0.400511	-0.464812	-0.518028	-0.545098	-0.540617	-0.517641	-0.463199	-0.378914	-0.259976	-0.101042	0.0897441	0.29425	0.479771	0.626494	0.714988	0.744753	0.716827	0.634899	0.518236	0.372748	0.21885	0.0841994	-0.0111989	-0.0477889	-0.0234815	0.0528162	0.164973	0.292552	0.413294	0.504773	0.555463	0.555463	
-0.0699055	-0.132507	-0.196137	-0.255904	-0.303012	-0.335741	-0.353475	-0.364974	-0.371141	-0.364033	-0.346637	-0.323478	-0.296061	-0.263081	-0.23608	-0.232654	-0.258077	-0.300125	-0.361114	-0.440155	-0.505316	-0.550383	-0.581352	-0.584902	-0.553082	-0.484296	-0.366756	-0.200873	-0.00126925	0.208469	0.396612	0.53968	0.631434	0.661672	0.627911	0.546647	0.426634	0.285825	0.151269	0.0508975	-0.0013761	0.00222905	0.0711279	0.187171	0.332756	0.494229	0.639457	0.748975	0.814584	0.814584	
-0.050803	-0.123366	-0.196592	-0.261845	-0.320791	-0.359144	-0.377957	-0.385544	-0.402559	-0.408866	-0.400296	-0.37378	-0.328083	-0.273233	-0.232654	-0.221662	-0.243907	-0.289427	-0.353594	-0.440131	-0.518588	-0.580646	-0.633782	-0.658564	-0.645888	-0.586688	-0.46495	-0.29097	-0.0749016	0.146818	0.337014	0.47927	0.561449	0.576111	0.530932	0.445843	0.326434	0.195278	0.0832762	0.0177221	0.00273941	0.047899	0.16694	0.324878	0.507917	0.70525	0.873182	0.993961	1.06236	1.06236	
-0.00729786	-0.0838163	-0.168333	-0.24811	-0.308768	-0.346129	-0.372001	-0.394056	-0.423326	-0.443488	-0.443368	-0.412984	-0.356069	-0.297882	-0.258077	-0.243907	-0.267759	-0.317467	-0.388424	-0.478831	-0.566989	-0.642098	-0.708896	-0.746541	-0.742796	-0.682999	-0.546614	-0.358807	-0.129933	0.103229	0.299513	0.440661	0.515607	0.520228	0.46143	0.363625	0.247751	0.137302	0.043891	0.000333237	0.0147526	0.0910196	0.248121	0.445923	0.666794	0.892135	1.07507	1.2067	1.27946	1.27946	
0.0618388	-0.016853	-0.102121	-0.182214	-0.245507	-0.292061	-0.332517	-0.374781	-0.425981	-0.466473	-0.478837	-0.447761	-0.391439	-0.338027	-0.300125	-0.289427	-0.317467	-0.38019	-0.462993	-0.556863	-0.651381	-0.73547	-0.804681	-0.846217	-0.841429	-0.771042	-0.627126	-0.422455	-0.178249	0.0697161	0.283385	0.432014	0.505853	0.502815	0.440187	0.342488	0.227998	0.120175	0.0363037	0.00697681	0.0423435	0.14741	0.32439	0.544174	0.785284	1.02059	1.2177	1.36101	1.43912	1.43912	
0.157769	0.0834965	0.00490758	-0.0715771	-0.138166	-0.202952	-0.267464	-0.333561	-0.402001	-0.466666	-0.501913	-0.485017	-0.445392	-0.400511	-0.361114	-0.353594	-0.388424	-0.462993	-0.559516	-0.656061	-0.754277	-0.841202	-0.904859	-0.946213	-0.937238	-0.860722	-0.712496	-0.484902	-0.214827	0.0546434	0.28735	0.444209	0.518281	0.519479	0.466186	0.371538	0.254897	0.143716	0.0669828	0.0472952	0.0970385	0.222785	0.405167	0.628073	0.864928	1.09168	1.2922	1.43423	1.51064	1.51064	
0.272023	0.219543	0.148939	0.0674532	-0.00871333	-0.0925903	-0.18328	-0.280288	-0.368922	-0.453922	-0.510405	-0.517644	-0.49317	-0.464812	-0.440155	-0.440131	-0.478831	-0.556863	-0.656061	-0.74305	-0.845032	-0.938979	-1.0014	-1.04523	-1.03682	-0.94938	-0.777998	-0.527139	-0.238022	0.0464689	0.286623	0.453317	0.543686	0.561175	0.519387	0.425879	0.314437	0.213494	0.139	0.121337	0.173661	0.293948	0.465512	0.681545	0.912835	1.12631	1.31161	1.4431	1.51208	1.51208	
0.394639	0.361695	0.305396	0.228588	0.141277	0.0388617	-0.0729441	-0.189626	-0.300951	-0.412366	-0.500964	-0.535272	-0.533063	-0.518028	-0.505316	-0.518588	-0.566989	-0.651381	-0.754277	-0.845032	-0.942886	-1.03009	-1.08837	-1.12881	-1.11371	-1.01537	-0.829747	-0.561058	-0.25737	0.0385453	0.294205	0.478117	0.582187	0.610875	0.575211	0.488198	0.384226	0.288586	0.221591	0.20323	0.246439	0.3561	0.514831	0.718045	0.934092	1.13136	1.29974	1.41377	1.47293	1.47293	
0.487169	0.479952	0.445158	0.379859	0.290978	0.183066	0.0618624	-0.0699201	-0.207704	-0.346747	-0.459632	-0.518514	-0.541043	-0.545098	-0.550383	-0.580646	-0.642098	-0.73547	-0.841202	-0.938979	-1.03009	-1.10745	-1.16416	-1.1951	-1.16859	-1.05648	-0.860733	-0.585121	-0.274746	0.0293028	0.301884	0.502164	0.620305	0.655942	0.625916	0.55142	0.452725	0.358223	0.289773	0.268234	0.304951	0.404316	0.556441	0.740835	0.933011	1.11305	1.2642	1.36868	1.42311	1.42311	
0.530019	0.55789	0.545742	0.495876	0.418515	0.323413	0.201648	0.0533204	-0.105876	-0.254307	-0.379128	-0.462151	-0.505561	-0.540617	-0.581352	-0.633782	-0.708896	-0.804681	-0.904859	-1.0014	-1.08837	-1.16416	-1.22542	-1.2422	-1.19817	-1.07188	-0.858552	-0.584541	-0.274987	0.03824	0.312293	0.512943	0.639972	0.688277	0.668258	0.601332	0.507547	0.413227	0.335758	0.311849	0.346993	0.435091	0.579507	0.745483	0.917795	1.08256	1.2139	1.31102	1.36397	1.36397	
0.522931	0.577478	0.589821	0.562736	0.507555	0.432822	0.322619	0.17591	0.00939667	-0.141914	-0.270517	-0.376858	-0.454975	-0.517641	-0.584902	-0.658564	-0.746541	-0.846217	-0.946213	-1.04523	-1.12881	-1.1951	-1.2422	-1.23984	-1.17905	-1.04576	-0.83218	-0.557883	-0.241095	0.0705633	0.334636	0.531701	0.655641	0.707221	0.691586	0.627751	0.535044	0.437395	0.360275	0.334693	0.365248	0.444973	0.578538	0.730412	0.884097	1.03722	1.15652	1.23754	1.28313	1.28313	
0.446824	0.517272	0.557147	0.566161	0.544816	0.494651	0.402419	0.265808	0.108544	-0.0331637	-0.157369	-0.272682	-0.374849	-0.463199	-0.553082	-0.645888	-0.742796	-0.841429	-0.937238	-1.03682	-1.11371	-1.16859	-1.19817	-1.17905	-1.10753	-0.96905	-0.757041	-0.483712	-0.182889	0.108388	0.357341	0.545501	0.668221	0.717945	0.701678	0.637062	0.540705	0.437569	0.361985	0.334285	0.35414	0.423368	0.542731	0.684982	0.829313	0.967832	1.07574	1.14662	1.18567	1.18567	
0.301322	0.390396	0.457256	0.496279	0.515867	0.499247	0.430723	0.309027	0.18001	0.0642434	-0.0445281	-0.159951	-0.272242	-0.378914	-0.484296	-0.586688	-0.682999	-0.771042	-0.860722	-0.94938	-1.01537	-1.05648	-1.07188	-1.04576	-0.96905	-0.828022	-0.620471	-0.366019	-0.0997633	0.156887	0.379848	0.550026	0.663112	0.709463	0.686295	0.611928	0.516322	0.416712	0.336119	0.298692	0.313283	0.37714	0.484031	0.616059	0.748828	0.869648	0.965221	1.03094	1.06629	1.06629	
0.111122	0.211275	0.300503	0.374984	0.42565	0.437162	0.404006	0.32788	0.242879	0.155555	0.0683076	-0.037077	-0.150005	-0.259976	-0.366756	-0.46495	-0.546614	-0.627126	-0.712496	-0.777998	-0.829747	-0.860733	-0.858552	-0.83218	-0.757041	-0.620471	-0.438888	-0.223748	0.00175477	0.21811	0.406852	0.553096	0.636344	0.661069	0.632699	0.555756	0.457473	0.35345	0.272855	0.230885	0.243712	0.31015	0.405828	0.525739	0.644075	0.748074	0.836399	0.894357	0.921914	0.921914	
-0.0915766	0.0109533	0.119935	0.223429	0.299654	0.344294	0.348534	0.322257	0.287831	0.242759	0.185483	0.107487	0.00631376	-0.101042	-0.200873	-0.29097	-0.358807	-0.422455	-0.484902	-0.527139	-0.561058	-0.585121	-0.584541	-0.557883	-0.483712	-0.366019	-0.223748	-0.0548062	0.117506	0.277668	0.418061	0.521318	0.573796	0.584766	0.549412	0.47077	0.368401	0.259538	0.183229	0.141576	0.151973	0.215942	0.299698	0.411284	0.524292	0.614718	0.692094	0.744494	0.767285	0.767285	
-0.279481	-0.172293	-0.054972	0.0575298	0.162509	0.245417	0.297509	0.324581	0.33984	0.340265	0.317189	0.267055	0.187559	0.0897441	-0.00126925	-0.0749016	-0.129933	-0.178249	-0.214827	-0.238022	-0.25737	-0.274746	-0.274987	-0.241095	-0.182889	-0.0997633	0.00175477	0.117506	0.231484	0.330353	0.415601	0.472843	0.499887	0.49037	0.440219	0.356034	0.24876	0.150937	0.0763343	0.0337237	0.047295	0.105619	0.187264	0.288042	0.392482	0.474849	0.538376	0.587936	0.605329	0.605329	
-0.426429	-0.323004	-0.205771	-0.0800287	0.0463556	0.162863	0.260462	0.342193	0.408074	0.451453	0.459929	0.432615	0.37552	0.29425	0.208469	0.146818	0.103229	0.0697161	0.0546434	0.0464689	0.0385453	0.0293028	0.03824	0.0705633	0.108388	0.156887	0.21811	0.277668	0.330353	0.373672	0.402681	0.420485	0.416366	0.382332	0.324483	0.237395	0.130583	0.0347191	-0.0349615	-0.0689379	-0.0573632	-0.00171408	0.0783056	0.165816	0.258349	0.33252	0.386381	0.427095	0.437274	0.437274	
-0.517682	-0.424151	-0.31169	-0.176942	-0.0339391	0.112016	0.247149	0.372396	0.47622	0.559464	0.604306	0.597043	0.551218	0.479771	0.396612	0.337014	0.299513	0.283385	0.28735	0.286623	0.294205	0.301884	0.312293	0.334636	0.357341	0.379848	0.406852	0.418061	0.415601	0.402681	0.378327	0.361705	0.3335	0.284291	0.21903	0.132191	0.031323	-0.0615362	-0.125353	-0.152623	-0.140411	-0.0923112	-0.0227468	0.0563814	0.135045	0.195828	0.238003	0.267283	0.279365	0.279365	
-0.548232	-0.466003	-0.364753	-0.230845	-0.0723966	0.0932613	0.255454	0.414873	0.552931	0.66488	0.730001	0.734604	0.697678	0.626494	0.53968	0.47927	0.440661	0.432014	0.444209	0.453317	0.478117	0.502164	0.512943	0.531701	0.545501	0.550026	0.553096	0.521318	0.472843	0.420485	0.361705	0.311782	0.263216	0.20629	0.133494	0.048745	-0.0449324	-0.123913	-0.179691	-0.209078	-0.195313	-0.151826	-0.0886881	-0.0210011	0.0348352	0.078035	0.108293	0.127968	0.137752	0.137752	
-0.531085	-0.463383	-0.365354	-0.234996	-0.0799161	0.0915999	0.269668	0.451512	0.615028	0.74184	0.81866	0.828183	0.78732	0.714988	0.631434	0.561449	0.515607	0.505853	0.518281	0.543686	0.582187	0.620305	0.639972	0.655641	0.668221	0.663112	0.636344	0.573796	0.499887	0.416366	0.3335	0.263216	0.197957	0.140731	0.0704296	-0.00326222	-0.075176	-0.146343	-0.197381	-0.217471	-0.203445	-0.166289	-0.11616	-0.0664862	-0.0270006	0.00363241	0.0238006	0.0317924	0.031778	0.031778	
-0.476478	-0.423541	-0.334307	-0.209563	-0.0640045	0.102135	0.286917	0.476887	0.644006	0.772177	0.855761	0.869079	0.820847	0.744753	0.661672	0.576111	0.520228	0.502815	0.519479	0.561175	0.610875	0.655942	0.688277	0.707221	0.717945	0.709463	0.661069	0.584766	0.49037	0.382332	0.284291	0.20629	0.140731	0.0849907	0.0283754	-0.0311972	-0.0869213	-0.14152	-0.175915	-0.175129	-0.154625	-0.124578	-0.088259	-0.0509694	-0.0208534	-0.00651204	-0.00460419	-0.00851962	-0.0135921	-0.0135921	
-0.391819	-0.351618	-0.277286	-0.171554	-0.0431631	0.107225	0.282182	0.468159	0.632963	0.75962	0.836557	0.848043	0.796653	0.716827	0.627911	0.530932	0.46143	0.440187	0.466186	0.519387	0.575211	0.625916	0.668258	0.691586	0.701678	0.686295	0.632699	0.549412	0.440219	0.324483	0.21903	0.133494	0.0704296	0.0283754	-0.00616687	-0.0459746	-0.0808233	-0.101439	-0.104107	-0.0889517	-0.0627669	-0.029149	0.00977256	0.0390151	0.0519763	0.0514398	0.0416793	0.0337214	0.0279366	0.0279366	
-0.300876	-0.2748	-0.215321	-0.131986	-0.0324803	0.0910127	0.250955	0.42281	0.574157	0.690283	0.754645	0.767241	0.71672	0.634899	0.546647	0.445843	0.363625	0.342488	0.371538	0.425879	0.488198	0.55142	0.601332	0.627751	0.637062	0.611928	0.555756	0.47077	0.356034	0.237395	0.132191	0.048745	-0.00326222	-0.0311972	-0.0459746	-0.0501795	-0.047683	-0.0314767	-0.00400579	0.0308888	0.0758848	0.125644	0.171094	0.192482	0.193984	0.189945	0.175772	0.160371	0.153195	0.153195	
-0.216258	-0.211228	-0.177136	-0.118386	-0.0425318	0.0573786	0.192992	0.331583	0.46206	0.561715	0.613344	0.627953	0.592438	0.518236	0.426634	0.326434	0.247751	0.227998	0.254897	0.314437	0.384226	0.452725	0.507547	0.535044	0.540705	0.516322	0.457473	0.368401	0.24876	0.130583	0.031323	-0.0449324	-0.075176	-0.0869213	-0.0808233	-0.047683	-0.00346028	0.0529157	0.117648	0.189084	0.261368	0.330133	0.377381	0.39851	0.40625	0.400477	0.379363	0.353321	0.346257	0.346257	
-0.153611	-0.176149	-0.166156	-0.134025	-0.0791373	-0.00610407	0.0906646	0.200083	0.306618	0.388469	0.43788	0.4519	0.429867	0.372748	0.285825	0.195278	0.137302	0.120175	0.143716	0.213494	0.288586	0.358223	0.413227	0.437395	0.437569	0.416712	0.35345	0.259538	0.150937	0.0347191	-0.0615362	-0.123913	-0.146343	-0.14152	-0.101439	-0.0314767	0.0529157	0.146888	0.256065	0.376152	0.475455	0.556945	0.613742	0.644863	0.654201	0.643933	0.623167	0.594804	0.588424	0.588424	
-0.123692	-0.164025	-0.177033	-0.165997	-0.131719	-0.0893251	-0.032886	0.0472805	0.126805	0.192591	0.238345	0.263296	0.259688	0.21885	0.151269	0.0832762	0.043891	0.0363037	0.0669828	0.139	0.221591	0.289773	0.335758	0.360275	0.361985	0.336119	0.272855	0.183229	0.0763343	-0.0349615	-0.125353	-0.179691	-0.197381	-0.175915	-0.104107	-0.00400579	0.117648	0.256065	0.406789	0.560471	0.685182	0.788267	0.865858	0.904668	0.907117	0.892208	0.874091	0.848726	0.83776	0.83776	
-0.117311	-0.173669	-0.207198	-0.214856	-0.198943	-0.178624	-0.154931	-0.114429	-0.0575911	-0.00111335	0.0396336	0.0741919	0.0946181	0.0841994	0.0508975	0.0177221	0.000333237	0.00697681	0.0472952	0.121337	0.20323	0.268234	0.311849	0.334693	0.334285	0.298692	0.230885	0.141576	0.0337237	-0.0689379	-0.152623	-0.209078	-0.217471	-0.175129	-0.0889517	0.0308888	0.189084	0.376152	0.560471	0.733446	0.885227	1.00646	1.09121	1.13147	1.1381	1.12252	1.09759	1.07629	1.06042	1.06042	
-0.114285	-0.189628	-0.232234	-0.248555	-0.251489	-0.251781	-0.255428	-0.246928	-0.212306	-0.168117	-0.125366	-0.0773576	-0.0365443	-0.0111989	-0.0013761	0.00273941	0.0147526	0.0423435	0.0970385	0.173661	0.246439	0.304951	0.346993	0.365248	0.35414	0.313283	0.243712	0.151973	0.047295	-0.0573632	-0.140411	-0.195313	-0.203445	-0.154625	-0.0627669	0.0758848	0.261368	0.475455	0.685182	0.885227	1.0684	1.19629	1.27342	1.31592	1.32417	1.30344	1.27129	1.24548	1.22451	1.22451	
-0.094065	-0.170821	-0.217981	-0.243155	-0.267706	-0.288769	-0.31392	-0.330349	-0.315254	-0.280313	-0.232856	-0.173398	-0.1075	-0.0477889	0.00222905	0.047899	0.0910196	0.14741	0.222785	0.293948	0.3561	0.404316	0.435091	0.444973	0.423368	0.37714	0.31015	0.215942	0.105619	-0.00171408	-0.0923112	-0.151826	-0.166289	-0.124578	-0.029149	0.125644	0.330133	0.556945	0.788267	1.00646	1.19629	1.33098	1.40819	1.44572	1.44358	1.4135	1.37976	1.35028	1.32601	1.32601	
-0.0437374	-0.110988	-0.161811	-0.197896	-0.234454	-0.275935	-0.317598	-0.347071	-0.352244	-0.328894	-0.278307	-0.215706	-0.123811	-0.0234815	0.0711279	0.16694	0.248121	0.32439	0.405167	0.465512	0.514831	0.556441	0.579507	0.578538	0.542731	0.484031	0.405828	0.299698	0.187264	0.0783056	-0.0227468	-0.0886881	-0.11616	-0.088259	0.00977256	0.171094	0.377381	0.613742	0.865858	1.09121	1.27342	1.40819	1.48804	1.51486	1.50043	1.46279	1.41663	1.38191	1.36226	1.36226	
0.0521077	0.00118966	-0.0509049	-0.101296	-0.148585	-0.202304	-0.258594	-0.298573	-0.319449	-0.313524	-0.268867	-0.188887	-0.0755036	0.0528162	0.187171	0.324878	0.445923	0.544174	0.628073	0.681545	0.718045	0.740835	0.745483	0.730412	0.684982	0.616059	0.525739	0.411284	0.288042	0.165816	0.0563814	-0.0210011	-0.0664862	-0.0509694	0.0390151	0.192482	0.39851	0.644863	0.904668	1.13147	1.31592	1.44572	1.51486	1.52886	1.50226	1.45908	1.40144	1.35399	1.33389	1.33389	
0.192228	0.155901	0.107342	0.0445073	-0.0212029	-0.0842028	-0.149721	-0.20412	-0.233554	-0.239011	-0.200036	-0.111824	0.0142689	0.164973	0.332756	0.507917	0.666794	0.785284	0.864928	0.912835	0.934092	0.933011	0.917795	0.884097	0.829313	0.748828	0.644075	0.524292	0.392482	0.258349	0.135045	0.0348352	-0.0270006	-0.0208534	0.0519763	0.193984	0.40625	0.654201	0.907117	1.1381	1.32417	1.44358	1.50043	1.50226	1.46294	1.40815	1.34785	1.29753	1.26528	1.26528	
0.352588	0.328036	0.281575	0.212767	0.131893	0.0547025	-0.0158106	-0.0774273	-0.119489	-0.135466	-0.104355	-0.0175926	0.118248	0.292552	0.494229	0.70525	0.892135	1.02059	1.09168	1.12631	1.13136	1.11305	1.08256	1.03722	0.967832	0.869648	0.748074	0.614718	0.474849	0.33252	0.195828	0.078035	0.00363241	-0.00651204	0.0514398	0.189945	0.400477	0.643933	0.892208	1.12252	1.30344	1.4135	1.46279	1.45908	1.40815	1.33599	1.26921	1.21738	1.18177	1.18177	
0.511896	0.500133	0.448857	0.371056	0.280065	0.192935	0.118691	0.0512997	-0.0041612	-0.0268456	-0.00374386	0.0813327	0.223602	0.413294	0.639457	0.873182	1.07507	1.2177	1.2922	1.31161	1.29974	1.2642	1.2139	1.15652	1.07574	0.965221	0.836399	0.692094	0.538376	0.386381	0.238003	0.108293	0.0238006	-0.00460419	0.0416793	0.175772	0.379363	0.623167	0.874091	1.09759	1.27129	1.37976	1.41663	1.40144	1.34785	1.26921	1.19234	1.13298	1.10321	1.10321	
0.639779	0.632241	0.57984	0.497033	0.401013	0.307272	0.227939	0.153857	0.0893496	0.064786	0.0886719	0.162468	0.30078	0.504773	0.748975	0.993961	1.2067	1.36101	1.43423	1.4431	1.41377	1.36868	1.31102	1.23754	1.14662	1.03094	0.894357	0.744494	0.587936	0.427095	0.267283	0.127968	0.0317924	-0.00851962	0.0337214	0.160371	0.353321	0.594804	0.848726	1.07629	1.24548	1.35028	1.38191	1.35399	1.29753	1.21738	1.13298	1.06873	1.03687	1.03687	
0.703603	0.70359	0.656582	0.566446	0.463132	0.367506	0.284382	0.20846	0.14237	0.11349	0.132114	0.205665	0.341184	0.555463	0.814584	1.06236	1.27946	1.43912	1.51064	1.51208	1.47293	1.42311	1.36397	1.28313	1.18567	1.06629	0.921914	0.767285	0.605329	0.437274	0.279365	0.137752	0.031778	-0.0135921	0.0279366	0.153195	0.346257	0.588424	0.83776	1.06042	1.22451	1.32601	1.36226	1.33389	1.26528	1.18177	1.10321	1.03687	1.00201	1.00201	
0.703603	0.70359	0.656582	0.566446	0.463132	0.367506	0.284382	0.20846	0.14237	0.11349	0.132114	0.205665	0.341184	0.555463	0.814584	1.06236	1.27946	1.43912	1.51064	1.51208	1.47293	1.42311	1.36397	1.28313	1.18567	1.06629	0.921914	0.767285	0.605329	0.437274	0.279365	0.137752	0.031778	-0.0135921	0.0279366	0.153195	0.346257	0.588424	0.83776	1.06042	1.22451	1.32601	1.36226	1.33389	1.26528	1.18177	1.10321	1.03687	1.00201	1.00201	
