-0.0374871	-0.0374871	-0.0357667	-0.0384796	-0.0348021	-0.0377505	-0.0358738	-0.0358169	-0.0378014	-0.0354808	-0.0375408	-0.0376474	-0.0358622	-0.0382868	-0.0363739	-0.0364917	-0.0375076	-0.0366291	-0.0362676	-0.0367938	-0.0311583	-0.0282208	-0.0159098	0.00467714	0.0322653	0.0862944	0.163593	0.274479	0.421708	0.605355	0.804785	1.00235	1.15767	1.22825	1.18432	1.01842	0.731564	0.380521	0.0207201	-0.308467	-0.569763	-0.743025	-0.846539	-0.867483	-0.801198	-0.661904	-0.489217	-0.323117	-0.20585	-0.149277	
-0.0374871	-0.0374871	-0.0357667	-0.0384796	-0.0348021	-0.0377505	-0.0358738	-0.0358169	-0.0378014	-0.0354808	-0.0375408	-0.0376474	-0.0358622	-0.0382868	-0.0363739	-0.0364917	-0.0375076	-0.0366291	-0.0362676	-0.0367938	-0.0311583	-0.0282208	-0.0159098	0.00467714	0.0322653	0.0862944	0.163593	0.274479	0.421708	0.605355	0.804785	1.00235	1.15767	1.22825	1.18432	1.01842	0.731564	0.380521	0.0207201	-0.308467	-0.569763	-0.743025	-0.846539	-0.867483	-0.801198	-0.661904	-0.489217	-0.323117	-0.20585	-0.149277	
-0.0357667	-0.0357667	-0.0340039	-0.0379007	-0.0351158	-0.038134	-0.0375959	-0.0371484	-0.0384823	-0.035998	-0.03792	-0.0359933	-0.0368242	-0.0387974	-0.0366131	-0.0397256	-0.0389531	-0.0365532	-0.0362704	-0.0357252	-0.0288255	-0.0269699	-0.0170683	0.00334402	0.0344173	0.089134	0.164977	0.274675	0.423718	0.605625	0.803191	0.999166	1.15486	1.22397	1.17965	1.01475	0.73175	0.383592	0.0246697	-0.302661	-0.563547	-0.737968	-0.841891	-0.863487	-0.798344	-0.662605	-0.491189	-0.328144	-0.210471	-0.153809	
-0.0384796	-0.0384796	-0.0379007	-0.0377518	-0.0359046	-0.0364762	-0.035058	-0.0351592	-0.0363499	-0.0361045	-0.0366542	-0.0387456	-0.0360447	-0.037268	-0.0367782	-0.0344582	-0.0361618	-0.0365886	-0.0366175	-0.0364378	-0.0335409	-0.0280313	-0.0145095	0.00626031	0.0342451	0.08624	0.16505	0.276628	0.421678	0.602231	0.800408	0.992438	1.14217	1.21154	1.17023	1.00608	0.728797	0.386037	0.0324601	-0.292774	-0.551422	-0.728754	-0.832003	-0.853753	-0.792108	-0.659695	-0.494065	-0.332582	-0.217383	-0.158551	
-0.0348021	-0.0348021	-0.0351158	-0.0359046	-0.0367534	-0.0375262	-0.0379198	-0.0384711	-0.0377191	-0.037277	-0.0375695	-0.0355414	-0.0376273	-0.0372911	-0.0378603	-0.0393325	-0.0392706	-0.0372666	-0.0365493	-0.0340613	-0.0298582	-0.0246571	-0.0148564	0.00306152	0.0377289	0.0920133	0.16914	0.278536	0.425459	0.601576	0.795039	0.983931	1.13182	1.1981	1.15538	0.995358	0.727763	0.393796	0.0438545	-0.275971	-0.533168	-0.713807	-0.817466	-0.841521	-0.783178	-0.659973	-0.499203	-0.345333	-0.230564	-0.170534	
-0.0377505	-0.0377505	-0.038134	-0.0364762	-0.0375262	-0.0353576	-0.0363187	-0.0357775	-0.035475	-0.0374326	-0.0361119	-0.0380917	-0.0376051	-0.0369235	-0.0374691	-0.0361687	-0.0360346	-0.0364228	-0.0362602	-0.0352381	-0.0329154	-0.0261015	-0.0145513	0.00760325	0.0412815	0.090971	0.169819	0.28049	0.424182	0.598406	0.790382	0.970183	1.11054	1.17595	1.13699	0.979002	0.722655	0.399243	0.0585612	-0.255302	-0.510267	-0.694075	-0.798395	-0.822871	-0.77135	-0.655245	-0.504451	-0.356438	-0.245019	-0.181965	
-0.0358738	-0.0358738	-0.0375959	-0.035058	-0.0379198	-0.0363187	-0.0369222	-0.0379194	-0.0362313	-0.0380705	-0.0364979	-0.0367335	-0.0378615	-0.0352852	-0.0390121	-0.0365908	-0.0377815	-0.0383697	-0.0369891	-0.0332541	-0.0329437	-0.0230652	-0.0108779	0.00577586	0.041866	0.0942994	0.175277	0.285225	0.426887	0.594406	0.780477	0.956729	1.09077	1.15174	1.11128	0.960596	0.717744	0.407632	0.0762933	-0.229497	-0.481447	-0.669556	-0.773628	-0.80206	-0.756135	-0.65161	-0.510864	-0.372832	-0.264633	-0.198825	
-0.0358169	-0.0358169	-0.0371484	-0.0351592	-0.0384711	-0.0357775	-0.0379194	-0.0378664	-0.0360716	-0.0386068	-0.0366323	-0.0366912	-0.0388218	-0.0363808	-0.0385609	-0.037913	-0.0370228	-0.0371513	-0.0346352	-0.0339405	-0.0306169	-0.0223683	-0.0129688	0.00902166	0.0494903	0.0994226	0.178673	0.287159	0.427371	0.594018	0.774355	0.93868	1.06399	1.12312	1.08376	0.939006	0.709831	0.416035	0.0966821	-0.198037	-0.44884	-0.638128	-0.744867	-0.775545	-0.738266	-0.644752	-0.517104	-0.390546	-0.286852	-0.217771	
-0.0378014	-0.0378014	-0.0384823	-0.0363499	-0.0377191	-0.035475	-0.0362313	-0.0360716	-0.0352905	-0.037647	-0.035886	-0.0377176	-0.0381168	-0.0356306	-0.038769	-0.0363044	-0.0361084	-0.0388815	-0.0362887	-0.0346302	-0.0330737	-0.0224417	-0.00930788	0.0115117	0.0487651	0.0994764	0.182841	0.292711	0.429026	0.588019	0.760983	0.918818	1.03607	1.08843	1.04851	0.912016	0.698925	0.421744	0.118509	-0.165223	-0.41233	-0.603218	-0.711425	-0.746121	-0.717406	-0.635268	-0.522883	-0.408576	-0.310671	-0.238647	
-0.0354808	-0.0354808	-0.035998	-0.0361045	-0.037277	-0.0374326	-0.0380705	-0.0386068	-0.037647	-0.0384587	-0.0372828	-0.0367614	-0.038247	-0.0358987	-0.0388646	-0.037476	-0.0372018	-0.0378668	-0.0344727	-0.032389	-0.0297881	-0.0196083	-0.00808642	0.0136978	0.0546129	0.108193	0.190001	0.296547	0.431236	0.587353	0.752084	0.899296	1.00619	1.05271	1.01217	0.884976	0.687049	0.429016	0.143697	-0.127203	-0.369936	-0.561201	-0.671614	-0.712582	-0.691941	-0.623823	-0.527547	-0.428871	-0.337899	-0.263874	
-0.0375408	-0.0375408	-0.03792	-0.0366542	-0.0375695	-0.0361119	-0.0364979	-0.0366323	-0.035886	-0.0372828	-0.0369161	-0.0373298	-0.0381172	-0.0374262	-0.0379117	-0.0378599	-0.0366075	-0.0388064	-0.0340146	-0.0360604	-0.0292205	-0.0201821	-0.00832328	0.0170475	0.0577149	0.111015	0.193333	0.300863	0.432167	0.583741	0.739107	0.875175	0.971633	1.01177	0.970333	0.851687	0.668266	0.432293	0.166755	-0.0885555	-0.327547	-0.514619	-0.630415	-0.674874	-0.664899	-0.608421	-0.530953	-0.447391	-0.364836	-0.289229	
-0.0376474	-0.0376474	-0.0359933	-0.0387456	-0.0355414	-0.0380917	-0.0367335	-0.0366912	-0.0377176	-0.0367614	-0.0373298	-0.0377262	-0.0373	-0.0377214	-0.0374817	-0.0378378	-0.036654	-0.0368023	-0.0365849	-0.0320867	-0.0297107	-0.0199798	-0.00385523	0.0224163	0.0585912	0.117029	0.200125	0.306553	0.43668	0.579878	0.72525	0.852565	0.940677	0.967823	0.926171	0.8155	0.650367	0.433068	0.193001	-0.0502068	-0.277578	-0.46431	-0.581252	-0.634389	-0.631721	-0.590405	-0.531458	-0.465296	-0.392323	-0.31816	
-0.0358622	-0.0358622	-0.0368242	-0.0360447	-0.0376273	-0.0376051	-0.0378615	-0.0388218	-0.0381168	-0.038247	-0.0381172	-0.0373	-0.0370604	-0.0377686	-0.036622	-0.038211	-0.0374498	-0.0373608	-0.0345743	-0.0326799	-0.0262966	-0.0164715	-0.00306409	0.0225505	0.0651397	0.125766	0.206719	0.311089	0.437866	0.577486	0.716074	0.82979	0.902896	0.922634	0.881469	0.777966	0.625094	0.432658	0.216017	-0.00943644	-0.227448	-0.40778	-0.530004	-0.588556	-0.595578	-0.568736	-0.529368	-0.481075	-0.41943	-0.348375	
-0.0382868	-0.0382868	-0.0387974	-0.037268	-0.0372911	-0.0369235	-0.0352852	-0.0363808	-0.0356306	-0.0358987	-0.0374262	-0.0377214	-0.0377686	-0.0401408	-0.0375815	-0.0388513	-0.0381624	-0.0357213	-0.0373773	-0.0327478	-0.0288247	-0.0194961	-0.000544589	0.0285212	0.0664439	0.128967	0.210054	0.316648	0.442303	0.574524	0.69935	0.803556	0.86809	0.876472	0.831011	0.733213	0.59665	0.427057	0.235697	0.0268858	-0.175223	-0.350735	-0.475164	-0.5406	-0.555887	-0.544496	-0.524269	-0.493113	-0.444659	-0.378359	
-0.0363739	-0.0363739	-0.0366131	-0.0367782	-0.0378603	-0.0374691	-0.0390121	-0.0385609	-0.038769	-0.0388646	-0.0379117	-0.0374817	-0.036622	-0.0375815	-0.0345528	-0.0386578	-0.0362451	-0.034335	-0.0378238	-0.028038	-0.0256686	-0.0148809	0.00285944	0.0304616	0.0724844	0.138207	0.218242	0.323408	0.445774	0.569802	0.690406	0.78308	0.832906	0.827264	0.783352	0.689542	0.567239	0.419037	0.254378	0.0646162	-0.118931	-0.288206	-0.413934	-0.485519	-0.509763	-0.515138	-0.513012	-0.501129	-0.466504	-0.410494	
-0.0364917	-0.0364917	-0.0397256	-0.0344582	-0.0393325	-0.0361687	-0.0365908	-0.037913	-0.0363044	-0.037476	-0.0378599	-0.0378378	-0.038211	-0.0388513	-0.0386578	-0.038108	-0.0387939	-0.0363811	-0.0372228	-0.0298163	-0.0280019	-0.0143242	0.00669993	0.0316952	0.0770617	0.142286	0.224176	0.329376	0.448398	0.569302	0.678863	0.758339	0.793912	0.783298	0.732248	0.641293	0.529349	0.407325	0.264581	0.0983304	-0.0666775	-0.226736	-0.352569	-0.42903	-0.462674	-0.484558	-0.499552	-0.505085	-0.4868	-0.440757	
-0.0375076	-0.0375076	-0.0389531	-0.0361618	-0.0392706	-0.0360346	-0.0377815	-0.0370228	-0.0361084	-0.0372018	-0.0366075	-0.036654	-0.0374498	-0.0381624	-0.0362451	-0.0387939	-0.0363009	-0.0337874	-0.0354619	-0.0280955	-0.0243874	-0.0136665	0.00579819	0.0364305	0.0845426	0.149048	0.229536	0.335854	0.45228	0.566815	0.666082	0.737041	0.761276	0.7371	0.67895	0.591493	0.493081	0.390876	0.270551	0.130237	-0.0136138	-0.162229	-0.286246	-0.364819	-0.410134	-0.446709	-0.478731	-0.501643	-0.500866	-0.468585	
-0.0366291	-0.0366291	-0.0365532	-0.0365886	-0.0372666	-0.0364228	-0.0383697	-0.0371513	-0.0388815	-0.0378668	-0.0388064	-0.0368023	-0.0373608	-0.0357213	-0.034335	-0.0363811	-0.0337874	-0.0354358	-0.0348309	-0.027867	-0.0235292	-0.00805903	0.0145002	0.0413658	0.0888325	0.153853	0.239641	0.345091	0.457084	0.566448	0.660006	0.71825	0.726784	0.693976	0.630612	0.543686	0.4527	0.370357	0.272131	0.159826	0.0364207	-0.0981528	-0.216362	-0.297597	-0.353455	-0.405789	-0.45211	-0.49402	-0.510452	-0.494511	
-0.0362676	-0.0362676	-0.0362704	-0.0366175	-0.0365493	-0.0362602	-0.0369891	-0.0346352	-0.0362887	-0.0344727	-0.0340146	-0.0365849	-0.0345743	-0.0373773	-0.0378238	-0.0372228	-0.0354619	-0.0348309	-0.0292126	-0.0250418	-0.0192901	-0.00699387	0.0127532	0.0449284	0.0972642	0.162611	0.249624	0.351296	0.461351	0.568256	0.652675	0.69816	0.697777	0.654471	0.580957	0.492016	0.412103	0.344284	0.267829	0.182293	0.081443	-0.0360366	-0.146202	-0.227142	-0.295649	-0.358742	-0.422146	-0.479298	-0.514959	-0.514962	
-0.0367938	-0.0367938	-0.0357252	-0.0364378	-0.0340613	-0.0352381	-0.0332541	-0.0339405	-0.0346302	-0.032389	-0.0360604	-0.0320867	-0.0326799	-0.0327478	-0.028038	-0.0298163	-0.0280955	-0.027867	-0.0250418	-0.0255336	-0.0134372	-0.000314733	0.0221188	0.0562457	0.105552	0.172004	0.2584	0.360798	0.471036	0.573524	0.646807	0.684962	0.672919	0.617772	0.534225	0.447453	0.371629	0.316295	0.260615	0.203642	0.124188	0.027629	-0.0699292	-0.150932	-0.227858	-0.303271	-0.380679	-0.455184	-0.509441	-0.525665	
-0.0311583	-0.0311583	-0.0288255	-0.0335409	-0.0298582	-0.0329154	-0.0329437	-0.0306169	-0.0330737	-0.0297881	-0.0292205	-0.0297107	-0.0262966	-0.0288247	-0.0256686	-0.0280019	-0.0243874	-0.0235292	-0.0192901	-0.0134372	-0.00231782	0.00874771	0.0314707	0.0699957	0.115886	0.186043	0.276381	0.378875	0.48438	0.580774	0.651005	0.678259	0.655294	0.587562	0.498735	0.406017	0.334245	0.286477	0.254025	0.218311	0.162825	0.0889826	0.00623281	-0.073402	-0.157769	-0.242728	-0.336222	-0.426687	-0.498171	-0.531896	
-0.0282208	-0.0282208	-0.0269699	-0.0280313	-0.0246571	-0.0261015	-0.0230652	-0.0223683	-0.0224417	-0.0196083	-0.0201821	-0.0199798	-0.0164715	-0.0194961	-0.0148809	-0.0143242	-0.0136665	-0.00805903	-0.00699387	-0.000314733	0.00874771	0.0224089	0.0470952	0.0835905	0.132259	0.209632	0.296326	0.393393	0.501544	0.596384	0.657972	0.675108	0.645536	0.565908	0.466704	0.369798	0.30046	0.258969	0.245339	0.229141	0.199724	0.15054	0.0856669	0.00952882	-0.0762468	-0.171105	-0.278966	-0.384694	-0.472191	-0.522364	
-0.0159098	-0.0159098	-0.0170683	-0.0145095	-0.0148564	-0.0145513	-0.0108779	-0.0129688	-0.00930788	-0.00808642	-0.00832328	-0.00385523	-0.00306409	-0.000544589	0.00285944	0.00669993	0.00579819	0.0145002	0.0127532	0.0221188	0.0314707	0.0470952	0.0739768	0.113611	0.163977	0.238243	0.321358	0.426666	0.5329	0.622434	0.676869	0.690612	0.646534	0.557572	0.450323	0.350952	0.275002	0.239999	0.241785	0.242719	0.238426	0.214247	0.169336	0.0993998	0.0159474	-0.0890997	-0.211195	-0.330888	-0.435003	-0.500407	
0.00467714	0.00467714	0.00334402	0.00626031	0.00306152	0.00760325	0.00577586	0.00902166	0.0115117	0.0136978	0.0170475	0.0224163	0.0225505	0.0285212	0.0304616	0.0316952	0.0364305	0.0413658	0.0449284	0.0562457	0.0699957	0.0835905	0.113611	0.148122	0.202026	0.277301	0.367807	0.472379	0.57414	0.65889	0.710153	0.716557	0.664656	0.568281	0.44941	0.342944	0.261315	0.235524	0.242199	0.260332	0.277924	0.283032	0.254828	0.198324	0.119502	0.0048087	-0.127658	-0.264065	-0.379268	-0.464145	
0.0322653	0.0322653	0.0344173	0.0342451	0.0377289	0.0412815	0.041866	0.0494903	0.0487651	0.0546129	0.0577149	0.0585912	0.0651397	0.0664439	0.0724844	0.0770617	0.0845426	0.0888325	0.0972642	0.105552	0.115886	0.132259	0.163977	0.202026	0.260316	0.33724	0.425576	0.526412	0.626538	0.713604	0.763173	0.760995	0.699516	0.592447	0.467891	0.353582	0.267861	0.241106	0.252539	0.285296	0.325845	0.355129	0.346137	0.310492	0.23605	0.118122	-0.0268702	-0.17376	-0.302971	-0.405886	
0.0862944	0.0862944	0.089134	0.08624	0.0920133	0.090971	0.0942994	0.0994226	0.0994764	0.108193	0.111015	0.117029	0.125766	0.128967	0.138207	0.142286	0.149048	0.153853	0.162611	0.172004	0.186043	0.209632	0.238243	0.277301	0.33724	0.409957	0.498923	0.604852	0.70882	0.790356	0.832363	0.823212	0.758603	0.645006	0.512866	0.385866	0.296187	0.267429	0.282	0.324645	0.385037	0.43462	0.450709	0.435835	0.369665	0.249395	0.0967182	-0.0619328	-0.205301	-0.327219	
0.163593	0.163593	0.164977	0.16505	0.16914	0.169819	0.175277	0.178673	0.182841	0.190001	0.193333	0.200125	0.206719	0.210054	0.218242	0.224176	0.229536	0.239641	0.249624	0.2584	0.276381	0.296326	0.321358	0.367807	0.425576	0.498923	0.596665	0.700348	0.79581	0.876479	0.918917	0.906987	0.835757	0.714754	0.571592	0.437147	0.344585	0.309854	0.321769	0.373649	0.450242	0.518842	0.56144	0.56898	0.514779	0.398739	0.241459	0.0740987	-0.0844741	-0.221156	
0.274479	0.274479	0.274675	0.276628	0.278536	0.28049	0.285225	0.287159	0.292711	0.296547	0.300863	0.306553	0.311089	0.316648	0.323408	0.329376	0.335854	0.345091	0.351296	0.360798	0.378875	0.393393	0.426666	0.472379	0.526412	0.604852	0.700348	0.796539	0.896781	0.980145	1.01725	1.00117	0.924411	0.796639	0.646214	0.508836	0.407814	0.36305	0.373924	0.435544	0.52042	0.607698	0.677323	0.709405	0.671165	0.564943	0.407826	0.232203	0.0607807	-0.0901032	
0.421708	0.421708	0.423718	0.421678	0.425459	0.424182	0.426887	0.427371	0.429026	0.431236	0.432167	0.43668	0.437866	0.442303	0.445774	0.448398	0.45228	0.457084	0.461351	0.471036	0.48438	0.501544	0.5329	0.57414	0.626538	0.70882	0.79581	0.896781	0.998368	1.07913	1.11055	1.09217	1.01112	0.881998	0.726143	0.580254	0.46939	0.418797	0.431911	0.492966	0.583414	0.690439	0.788289	0.842973	0.826716	0.737302	0.584912	0.405061	0.222625	0.0617384	
0.605355	0.605355	0.605625	0.602231	0.601576	0.598406	0.594406	0.594018	0.588019	0.587353	0.583741	0.579878	0.577486	0.574524	0.569802	0.569302	0.566815	0.566448	0.568256	0.573524	0.580774	0.596384	0.622434	0.65889	0.713604	0.790356	0.876479	0.980145	1.07913	1.15162	1.18345	1.16667	1.08616	0.948941	0.785319	0.636088	0.520536	0.463717	0.472102	0.529417	0.628121	0.753969	0.874424	0.951383	0.966146	0.896974	0.756859	0.574823	0.389681	0.219774	
0.804785	0.804785	0.803191	0.800408	0.795039	0.790382	0.780477	0.774355	0.760983	0.752084	0.739107	0.72525	0.716074	0.69935	0.690406	0.678863	0.666082	0.660006	0.652675	0.646807	0.651005	0.657972	0.676869	0.710153	0.763173	0.832363	0.918917	1.01725	1.11055	1.18345	1.2211	1.19996	1.11216	0.970733	0.810849	0.65827	0.531737	0.46928	0.474198	0.530036	0.634238	0.775554	0.913316	1.02066	1.06842	1.02654	0.902929	0.729517	0.546329	0.372782	
1.00235	1.00235	0.999166	0.992438	0.983931	0.970183	0.956729	0.93868	0.918818	0.899296	0.875175	0.852565	0.82979	0.803556	0.78308	0.758339	0.737041	0.71825	0.69816	0.684962	0.678259	0.675108	0.690612	0.716557	0.760995	0.823212	0.906987	1.00117	1.09217	1.16667	1.19996	1.17331	1.08521	0.949264	0.78634	0.623338	0.49138	0.430185	0.427612	0.478076	0.586705	0.739039	0.893025	1.03143	1.11153	1.1005	1.00006	0.844007	0.66692	0.494222	
1.15767	1.15767	1.15486	1.14217	1.13182	1.11054	1.09077	1.06399	1.03607	1.00619	0.971633	0.940677	0.902896	0.86809	0.832906	0.793912	0.761276	0.726784	0.697777	0.672919	0.655294	0.645536	0.646534	0.664656	0.699516	0.758603	0.835757	0.924411	1.01112	1.08616	1.11216	1.08521	1.00157	0.864257	0.692189	0.52582	0.397029	0.328694	0.313479	0.361567	0.474742	0.630439	0.798814	0.965923	1.07753	1.10044	1.0303	0.89856	0.733414	0.565922	
1.22825	1.22825	1.22397	1.21154	1.1981	1.17595	1.15174	1.12312	1.08843	1.05271	1.01177	0.967823	0.922634	0.876472	0.827264	0.783298	0.7371	0.693976	0.654471	0.617772	0.587562	0.565908	0.557572	0.568281	0.592447	0.645006	0.714754	0.796639	0.881998	0.948941	0.970733	0.949264	0.864257	0.717807	0.544809	0.38165	0.247079	0.163988	0.143686	0.191218	0.30021	0.451353	0.635599	0.824551	0.965846	1.02133	0.987979	0.883764	0.737136	0.576116	
1.18432	1.18432	1.17965	1.17023	1.15538	1.13699	1.11128	1.08376	1.04851	1.01217	0.970333	0.926171	0.881469	0.831011	0.783352	0.732248	0.67895	0.630612	0.580957	0.534225	0.498735	0.466704	0.450323	0.44941	0.467891	0.512866	0.571592	0.646214	0.726143	0.785319	0.810849	0.78634	0.692189	0.544809	0.375579	0.205357	0.0590027	-0.0302619	-0.0538903	-0.015411	0.0795836	0.230337	0.424053	0.626771	0.78984	0.878619	0.881854	0.80667	0.680481	0.527075	
1.01842	1.01842	1.01475	1.00608	0.995358	0.979002	0.960596	0.939006	0.912016	0.884976	0.851687	0.8155	0.777966	0.733213	0.689542	0.641293	0.591493	0.543686	0.492016	0.447453	0.406017	0.369798	0.350952	0.342944	0.353582	0.385866	0.437147	0.508836	0.580254	0.636088	0.65827	0.623338	0.52582	0.38165	0.205357	0.0251181	-0.128206	-0.224533	-0.259635	-0.237348	-0.154116	-0.00729709	0.184635	0.390036	0.570657	0.689433	0.724415	0.678648	0.572936	0.432746	
0.731564	0.731564	0.73175	0.728797	0.727763	0.722655	0.717744	0.709831	0.698925	0.687049	0.668266	0.650367	0.625094	0.59665	0.567239	0.529349	0.493081	0.4527	0.412103	0.371629	0.334245	0.30046	0.275002	0.261315	0.267861	0.296187	0.344585	0.407814	0.46939	0.520536	0.531737	0.49138	0.397029	0.247079	0.0590027	-0.128206	-0.290402	-0.396866	-0.446187	-0.4392	-0.369456	-0.231208	-0.0509371	0.154112	0.34803	0.490498	0.55234	0.534225	0.451917	0.329141	
0.380521	0.380521	0.383592	0.386037	0.393796	0.399243	0.407632	0.416035	0.421744	0.429016	0.432293	0.433068	0.432658	0.427057	0.419037	0.407325	0.390876	0.370357	0.344284	0.316295	0.286477	0.258969	0.239999	0.235524	0.241106	0.267429	0.309854	0.36305	0.418797	0.463717	0.46928	0.430185	0.328694	0.163988	-0.0302619	-0.224533	-0.396866	-0.516475	-0.582284	-0.594841	-0.536073	-0.415027	-0.251066	-0.0520153	0.149371	0.305163	0.386742	0.394515	0.336711	0.233513	
0.0207201	0.0207201	0.0246697	0.0324601	0.0438545	0.0585612	0.0762933	0.0966821	0.118509	0.143697	0.166755	0.193001	0.216017	0.235697	0.254378	0.264581	0.270551	0.272131	0.267829	0.260615	0.254025	0.245339	0.241785	0.242199	0.252539	0.282	0.321769	0.373924	0.431911	0.472102	0.474198	0.427612	0.313479	0.143686	-0.0538903	-0.259635	-0.446187	-0.582284	-0.669363	-0.693985	-0.650316	-0.553595	-0.409666	-0.216203	-0.0154286	0.143995	0.242734	0.274827	0.245182	0.161359	
-0.308467	-0.308467	-0.302661	-0.292774	-0.275971	-0.255302	-0.229497	-0.198037	-0.165223	-0.127203	-0.0885555	-0.0502068	-0.00943644	0.0268858	0.0646162	0.0983304	0.130237	0.159826	0.182293	0.203642	0.218311	0.229141	0.242719	0.260332	0.285296	0.324645	0.373649	0.435544	0.492966	0.529417	0.530036	0.478076	0.361567	0.191218	-0.015411	-0.237348	-0.4392	-0.594841	-0.693985	-0.732142	-0.713711	-0.645178	-0.513583	-0.329784	-0.14137	0.0179054	0.131123	0.188021	0.183623	0.119452	
-0.569763	-0.569763	-0.563547	-0.551422	-0.533168	-0.510267	-0.481447	-0.44884	-0.41233	-0.369936	-0.327547	-0.277578	-0.227448	-0.175223	-0.118931	-0.0666775	-0.0136138	0.0364207	0.081443	0.124188	0.162825	0.199724	0.238426	0.277924	0.325845	0.385037	0.450242	0.52042	0.583414	0.628121	0.634238	0.586705	0.474742	0.30021	0.0795836	-0.154116	-0.369456	-0.536073	-0.650316	-0.713711	-0.725351	-0.671824	-0.553719	-0.393772	-0.223297	-0.0651757	0.0599319	0.132455	0.1485	0.103652	
-0.743025	-0.743025	-0.737968	-0.728754	-0.713807	-0.694075	-0.669556	-0.638128	-0.603218	-0.561201	-0.514619	-0.46431	-0.40778	-0.350735	-0.288206	-0.226736	-0.162229	-0.0981528	-0.0360366	0.027629	0.0889826	0.15054	0.214247	0.283032	0.355129	0.43462	0.518842	0.607698	0.690439	0.753969	0.775554	0.739039	0.630439	0.451353	0.230337	-0.00729709	-0.231208	-0.415027	-0.553595	-0.645178	-0.671824	-0.633682	-0.545819	-0.416234	-0.260617	-0.104928	0.0190615	0.099886	0.13123	0.108283	
-0.846539	-0.846539	-0.841891	-0.832003	-0.817466	-0.798395	-0.773628	-0.744867	-0.711425	-0.671614	-0.630415	-0.581252	-0.530004	-0.475164	-0.413934	-0.352569	-0.286246	-0.216362	-0.146202	-0.0699292	0.00623281	0.0856669	0.169336	0.254828	0.346137	0.450709	0.56144	0.677323	0.788289	0.874424	0.913316	0.893025	0.798814	0.635599	0.424053	0.184635	-0.0509371	-0.251066	-0.409666	-0.513583	-0.553719	-0.545819	-0.491621	-0.382998	-0.238413	-0.0980432	0.0184057	0.101475	0.145643	0.146514	
-0.867483	-0.867483	-0.863487	-0.853753	-0.841521	-0.822871	-0.80206	-0.775545	-0.746121	-0.712582	-0.674874	-0.634389	-0.588556	-0.5406	-0.485519	-0.42903	-0.364819	-0.297597	-0.227142	-0.150932	-0.073402	0.00952882	0.0993998	0.198324	0.310492	0.435835	0.56898	0.709405	0.842973	0.951383	1.02066	1.03143	0.965923	0.824551	0.626771	0.390036	0.154112	-0.0520153	-0.216203	-0.329784	-0.393772	-0.416234	-0.382998	-0.288778	-0.168028	-0.0485218	0.0562391	0.137246	0.189549	0.210604	
-0.801198	-0.801198	-0.798344	-0.792108	-0.783178	-0.77135	-0.756135	-0.738266	-0.717406	-0.691941	-0.664899	-0.631721	-0.595578	-0.555887	-0.509763	-0.462674	-0.410134	-0.353455	-0.295649	-0.227858	-0.157769	-0.0762468	0.0159474	0.119502	0.23605	0.369665	0.514779	0.671165	0.826716	0.966146	1.06842	1.11153	1.07753	0.965846	0.78984	0.570657	0.34803	0.149371	-0.0154286	-0.14137	-0.223297	-0.260617	-0.238413	-0.168028	-0.0727772	0.0274448	0.120507	0.194624	0.252	0.289153	
-0.661904	-0.661904	-0.662605	-0.659695	-0.659973	-0.655245	-0.65161	-0.644752	-0.635268	-0.623823	-0.608421	-0.590405	-0.568736	-0.544496	-0.515138	-0.484558	-0.446709	-0.405789	-0.358742	-0.303271	-0.242728	-0.171105	-0.0890997	0.0048087	0.118122	0.249395	0.398739	0.564943	0.737302	0.896974	1.02654	1.1005	1.10044	1.02133	0.878619	0.689433	0.490498	0.305163	0.143995	0.0179054	-0.0651757	-0.104928	-0.0980432	-0.0485218	0.0274448	0.112862	0.191536	0.258429	0.318622	0.359569	
-0.489217	-0.489217	-0.491189	-0.494065	-0.499203	-0.504451	-0.510864	-0.517104	-0.522883	-0.527547	-0.530953	-0.531458	-0.529368	-0.524269	-0.513012	-0.499552	-0.478731	-0.45211	-0.422146	-0.380679	-0.336222	-0.278966	-0.211195	-0.127658	-0.0268702	0.0967182	0.241459	0.407826	0.584912	0.756859	0.902929	1.00006	1.0303	0.987979	0.881854	0.724415	0.55234	0.386742	0.242734	0.131123	0.0599319	0.0190615	0.0184057	0.0562391	0.120507	0.191536	0.258793	0.319431	0.3698	0.405894	
-0.323117	-0.323117	-0.328144	-0.332582	-0.345333	-0.356438	-0.372832	-0.390546	-0.408576	-0.428871	-0.447391	-0.465296	-0.481075	-0.493113	-0.501129	-0.505085	-0.501643	-0.49402	-0.479298	-0.455184	-0.426687	-0.384694	-0.330888	-0.264065	-0.17376	-0.0619328	0.0740987	0.232203	0.405061	0.574823	0.729517	0.844007	0.89856	0.883764	0.80667	0.678648	0.534225	0.394515	0.274827	0.188021	0.132455	0.099886	0.101475	0.137246	0.194624	0.258429	0.319431	0.364405	0.396073	0.424736	
-0.20585	-0.20585	-0.210471	-0.217383	-0.230564	-0.245019	-0.264633	-0.286852	-0.310671	-0.337899	-0.364836	-0.392323	-0.41943	-0.444659	-0.466504	-0.4868	-0.500866	-0.510452	-0.514959	-0.509441	-0.498171	-0.472191	-0.435003	-0.379268	-0.302971	-0.205301	-0.0844741	0.0607807	0.222625	0.389681	0.546329	0.66692	0.733414	0.737136	0.680481	0.572936	0.451917	0.336711	0.245182	0.183623	0.1485	0.13123	0.145643	0.189549	0.252	0.318622	0.3698	0.396073	0.411163	0.438367	
-0.149277	-0.149277	-0.153809	-0.158551	-0.170534	-0.181965	-0.198825	-0.217771	-0.238647	-0.263874	-0.289229	-0.31816	-0.348375	-0.378359	-0.410494	-0.440757	-0.468585	-0.494511	-0.514962	-0.525665	-0.531896	-0.522364	-0.500407	-0.464145	-0.405886	-0.327219	-0.221156	-0.0901032	0.0617384	0.219774	0.372782	0.494222	0.565922	0.576116	0.527075	0.432746	0.329141	0.233513	0.161359	0.119452	0.103652	0.108283	0.146514	0.210604	0.289153	0.359569	0.405894	0.424736	0.438367	0.461134	
