0.0767718	-0.546046	-0.497652	0.6328	0.193217	0.193217	
-0.546046	0.379938	0.762107	0.48528	-0.182524	-0.182524	
-0.497652	0.762107	0.367153	0.593093	1.0399	1.0399	
0.6328	0.48528	0.593093	-0.00269542	-0.00813679	-0.00813679	
0.193217	-0.182524	1.0399	-0.00813679	1.00759	1.00759	
0.193217	-0.182524	1.0399	-0.00813679	1.00759	1.00759	
