-0.0536746	-0.0536746	-0.0497409	-0.0550665	-0.0496165	-0.0517257	-0.0519062	-0.0505792	-0.0516794	-0.0533206	-0.0525126	-0.052881	-0.0550699	-0.0518107	-0.053812	-0.0537826	-0.05292	-0.057745	-0.0542495	-0.05348	-0.0569252	-0.0557719	-0.0557053	-0.0565253	-0.0596129	-0.0543628	-0.0591205	-0.0610136	-0.0570519	-0.0587782	-0.0647901	-0.059126	-0.0600637	-0.0661523	-0.0641832	-0.0623626	-0.064945	-0.0685321	-0.0666672	-0.060878	-0.0597217	-0.0574283	-0.0351482	0.00277659	0.0453823	0.121362	0.249398	0.416479	0.611797	0.831386	
-0.0536746	-0.0536746	-0.0497409	-0.0550665	-0.0496165	-0.0517257	-0.0519062	-0.0505792	-0.0516794	-0.0533206	-0.0525126	-0.052881	-0.0550699	-0.0518107	-0.053812	-0.0537826	-0.05292	-0.057745	-0.0542495	-0.05348	-0.0569252	-0.0557719	-0.0557053	-0.0565253	-0.0596129	-0.0543628	-0.0591205	-0.0610136	-0.0570519	-0.0587782	-0.0647901	-0.059126	-0.0600637	-0.0661523	-0.0641832	-0.0623626	-0.064945	-0.0685321	-0.0666672	-0.060878	-0.0597217	-0.0574283	-0.0351482	0.00277659	0.0453823	0.121362	0.249398	0.416479	0.611797	0.831386	
-0.0497409	-0.0497409	-0.0503266	-0.0516673	-0.0518938	-0.0547743	-0.0535644	-0.0544231	-0.0542704	-0.0518227	-0.0511905	-0.0516209	-0.0522837	-0.0507629	-0.0557205	-0.0566163	-0.0487731	-0.0537166	-0.0528653	-0.0554778	-0.0561416	-0.0553246	-0.0549286	-0.0563639	-0.0589301	-0.0555183	-0.0590401	-0.0608686	-0.0570372	-0.0598003	-0.0638272	-0.0602397	-0.0600834	-0.0660479	-0.063767	-0.0628478	-0.0649295	-0.0673896	-0.0663935	-0.0600775	-0.0596864	-0.0545628	-0.0337932	0.00376895	0.048002	0.124484	0.252183	0.416534	0.611799	0.830134	
-0.0550665	-0.0550665	-0.0516673	-0.0545902	-0.0499963	-0.0497645	-0.0504779	-0.0490607	-0.0504421	-0.053683	-0.0536368	-0.0543895	-0.0553335	-0.0536783	-0.0526531	-0.0509673	-0.0569249	-0.0582582	-0.0558386	-0.0533972	-0.0563424	-0.0553008	-0.0569254	-0.0572512	-0.0584043	-0.0556404	-0.0584564	-0.0597539	-0.0586897	-0.0593113	-0.0624291	-0.0599728	-0.0616555	-0.0644691	-0.0638594	-0.0638106	-0.0652033	-0.0678938	-0.065615	-0.0634662	-0.059493	-0.0551124	-0.033121	0.000937079	0.0484864	0.128044	0.251699	0.415795	0.609351	0.826028	
-0.0496165	-0.0496165	-0.0518938	-0.0499963	-0.053846	-0.0531911	-0.0538084	-0.0545648	-0.0532742	-0.0519722	-0.0519675	-0.0514257	-0.0517208	-0.0532554	-0.054421	-0.0554794	-0.0533549	-0.0511093	-0.0538201	-0.0561418	-0.0549321	-0.0573956	-0.0559097	-0.0557603	-0.0561189	-0.0597464	-0.0584742	-0.0586905	-0.0590468	-0.060751	-0.0611172	-0.061441	-0.062675	-0.0630161	-0.0641823	-0.0642095	-0.0659425	-0.0653053	-0.0656339	-0.0626384	-0.0594282	-0.049687	-0.0306894	0.00243727	0.053974	0.135714	0.256626	0.416219	0.60852	0.821189	
-0.0517257	-0.0517257	-0.0547743	-0.0497645	-0.0531911	-0.0516926	-0.0508693	-0.0527584	-0.0522361	-0.0529298	-0.053048	-0.0537294	-0.0527091	-0.0530637	-0.0531233	-0.0524082	-0.0551632	-0.0540292	-0.0556483	-0.0562133	-0.0544298	-0.0544046	-0.0564584	-0.0585139	-0.0574103	-0.0581671	-0.0571785	-0.0585761	-0.0617336	-0.0604003	-0.0592175	-0.0627649	-0.0638235	-0.0618777	-0.0642114	-0.0658104	-0.0659652	-0.0649319	-0.0651702	-0.0649332	-0.0588269	-0.0471569	-0.0289725	0.00173752	0.0587818	0.142985	0.259894	0.416474	0.606161	0.814921	
-0.0519062	-0.0519062	-0.0535644	-0.0504779	-0.0538084	-0.0508693	-0.0513265	-0.0526978	-0.0506495	-0.0520211	-0.0546986	-0.0529553	-0.0537076	-0.057549	-0.052711	-0.0531573	-0.058193	-0.0527296	-0.0566013	-0.0553746	-0.053836	-0.0586852	-0.057976	-0.055064	-0.0539655	-0.0619746	-0.0575028	-0.0567001	-0.06127	-0.0601126	-0.0580145	-0.0631307	-0.0639402	-0.0597985	-0.0644654	-0.0659732	-0.0658007	-0.0634662	-0.0650175	-0.0658865	-0.0579075	-0.0437541	-0.0276567	0.00268532	0.0641658	0.150958	0.263246	0.416471	0.603939	0.804392	
-0.0505792	-0.0505792	-0.0544231	-0.0490607	-0.0545648	-0.0527584	-0.0526978	-0.055341	-0.05321	-0.0530196	-0.0530413	-0.0507944	-0.0512426	-0.0523564	-0.0513046	-0.0551927	-0.0549182	-0.0508207	-0.0552096	-0.0573967	-0.0536697	-0.0571535	-0.0557357	-0.0584707	-0.0571609	-0.0621684	-0.0564885	-0.0585987	-0.0642952	-0.0608985	-0.0587822	-0.0655316	-0.065381	-0.0600931	-0.0665115	-0.0670337	-0.066993	-0.0625455	-0.0664136	-0.065408	-0.0569418	-0.0391543	-0.0251486	0.00701604	0.0735044	0.161144	0.27092	0.420528	0.603776	0.795874	
-0.0516794	-0.0516794	-0.0542704	-0.0504421	-0.0532742	-0.0522361	-0.0506495	-0.05321	-0.0510014	-0.0530804	-0.0541459	-0.0540658	-0.0557956	-0.0562317	-0.0540546	-0.0552488	-0.0544092	-0.0547411	-0.0565418	-0.0558318	-0.0542481	-0.0567039	-0.0569688	-0.0561893	-0.0560399	-0.0592712	-0.0566158	-0.0571672	-0.0627883	-0.0583276	-0.0576303	-0.0645505	-0.0628376	-0.0592894	-0.0649815	-0.0665815	-0.0646993	-0.0624193	-0.0654099	-0.0653866	-0.0547981	-0.037329	-0.0239629	0.0105791	0.0795134	0.167801	0.274607	0.4219	0.599993	0.781478	
-0.0533206	-0.0533206	-0.0518227	-0.053683	-0.0519722	-0.0529298	-0.0520211	-0.0530196	-0.0530804	-0.0513783	-0.0551553	-0.0520629	-0.0521695	-0.0554518	-0.0511674	-0.054797	-0.0555269	-0.0546636	-0.0568616	-0.055254	-0.055305	-0.0582623	-0.0587213	-0.0567021	-0.0566325	-0.0624202	-0.0582787	-0.0596005	-0.0622835	-0.0611374	-0.059846	-0.0666217	-0.0628732	-0.0624401	-0.0661678	-0.0681309	-0.0651218	-0.0644827	-0.0660371	-0.0652261	-0.0530198	-0.0360747	-0.0207719	0.0174035	0.0887611	0.176462	0.284067	0.427521	0.601393	0.767055	
-0.0525126	-0.0525126	-0.0511905	-0.0536368	-0.0519675	-0.053048	-0.0546986	-0.0530413	-0.0541459	-0.0551553	-0.0515225	-0.0532919	-0.0533184	-0.0520879	-0.054151	-0.0562076	-0.0535969	-0.0545748	-0.0543446	-0.055074	-0.058451	-0.0553249	-0.0552964	-0.0581842	-0.0603392	-0.0581227	-0.0574957	-0.0601368	-0.0624942	-0.060214	-0.060914	-0.0649259	-0.0623304	-0.0636401	-0.0655287	-0.0672376	-0.064372	-0.0654161	-0.0649937	-0.0632664	-0.0506991	-0.0350419	-0.0164724	0.0257711	0.0963332	0.184774	0.29205	0.434863	0.598188	0.751958	
-0.052881	-0.052881	-0.0516209	-0.0543895	-0.0514257	-0.0537294	-0.0529553	-0.0507944	-0.0540658	-0.0520629	-0.0532919	-0.0570572	-0.0554055	-0.056169	-0.0570447	-0.054044	-0.0544219	-0.056706	-0.0560466	-0.0559127	-0.056837	-0.0547119	-0.059589	-0.0568746	-0.0560425	-0.0568054	-0.0611935	-0.0591595	-0.058488	-0.0604137	-0.061895	-0.062173	-0.0614575	-0.0646143	-0.0641398	-0.0656772	-0.0641576	-0.0662661	-0.063686	-0.0611883	-0.0493795	-0.0355022	-0.0112193	0.0328461	0.10269	0.190387	0.301215	0.440332	0.594517	0.733668	
-0.0550699	-0.0550699	-0.0522837	-0.0553335	-0.0517208	-0.0527091	-0.0537076	-0.0512426	-0.0557956	-0.0521695	-0.0533184	-0.0554055	-0.0488155	-0.053847	-0.0545156	-0.0512669	-0.0566228	-0.0574843	-0.0564418	-0.0550787	-0.0605933	-0.0550359	-0.0596296	-0.0590806	-0.0613284	-0.0595519	-0.0622505	-0.0614024	-0.060336	-0.0658101	-0.063586	-0.0636326	-0.0643331	-0.069337	-0.0643461	-0.0683577	-0.0662905	-0.0700562	-0.063123	-0.0612376	-0.0495372	-0.0360125	-0.00444605	0.0413403	0.10983	0.199568	0.315126	0.449815	0.59452	0.718169	
-0.0518107	-0.0518107	-0.0507629	-0.0536783	-0.0532554	-0.0530637	-0.057549	-0.0523564	-0.0562317	-0.0554518	-0.0520879	-0.056169	-0.053847	-0.0551912	-0.0570811	-0.0539769	-0.0599664	-0.0528534	-0.0521851	-0.0560182	-0.0581665	-0.0549552	-0.0571805	-0.0583767	-0.056256	-0.0562222	-0.0617646	-0.0587752	-0.0577282	-0.063326	-0.0621671	-0.058666	-0.0650777	-0.0655805	-0.0627308	-0.0642207	-0.0668676	-0.0665877	-0.0608096	-0.0567504	-0.0489406	-0.0327515	0.00365408	0.0492576	0.115001	0.20834	0.325498	0.456649	0.587032	0.699898	
-0.053812	-0.053812	-0.0557205	-0.0526531	-0.054421	-0.0531233	-0.052711	-0.0513046	-0.0540546	-0.0511674	-0.054151	-0.0570447	-0.0545156	-0.0570811	-0.057627	-0.051813	-0.0553753	-0.0557256	-0.0587885	-0.0616068	-0.0561581	-0.0563092	-0.0592073	-0.0610201	-0.0578081	-0.0602067	-0.0642002	-0.0590165	-0.0599268	-0.0668261	-0.0631626	-0.0600098	-0.0688698	-0.0667063	-0.0644285	-0.065987	-0.0705234	-0.0673304	-0.0619859	-0.0571396	-0.0515057	-0.0312398	0.00969315	0.0536229	0.12048	0.217272	0.338962	0.462908	0.583906	0.685091	
-0.0537826	-0.0537826	-0.0566163	-0.0509673	-0.0554794	-0.0524082	-0.0531573	-0.0551927	-0.0552488	-0.054797	-0.0562076	-0.054044	-0.0512669	-0.0539769	-0.051813	-0.0576737	-0.0570851	-0.0599424	-0.054276	-0.0565485	-0.0550578	-0.0609497	-0.0587712	-0.0600944	-0.058746	-0.0606888	-0.0622105	-0.0599934	-0.0618581	-0.06724	-0.0606901	-0.0630248	-0.0689947	-0.0666449	-0.0637032	-0.0678513	-0.070872	-0.0659697	-0.0619498	-0.055591	-0.0527872	-0.0246238	0.0146175	0.0603678	0.126993	0.229627	0.352428	0.468251	0.581602	0.670514	
-0.05292	-0.05292	-0.0487731	-0.0569249	-0.0533549	-0.0551632	-0.058193	-0.0549182	-0.0544092	-0.0555269	-0.0535969	-0.0544219	-0.0566228	-0.0599664	-0.0553753	-0.0570851	-0.0553385	-0.0539916	-0.0549178	-0.056944	-0.0595349	-0.0572063	-0.0572837	-0.0576248	-0.0586106	-0.059227	-0.0620872	-0.0591345	-0.0612642	-0.0642384	-0.0606036	-0.0640637	-0.066486	-0.0649945	-0.0632027	-0.0689274	-0.0675175	-0.0656414	-0.0590657	-0.056858	-0.0488031	-0.0199294	0.0198384	0.0651008	0.133939	0.242463	0.360677	0.471901	0.576962	0.654185	
-0.057745	-0.057745	-0.0537166	-0.0582582	-0.0511093	-0.0540292	-0.0527296	-0.0508207	-0.0547411	-0.0546636	-0.0545748	-0.056706	-0.0574843	-0.0528534	-0.0557256	-0.0599424	-0.0539916	-0.0577798	-0.0624816	-0.0592128	-0.0593185	-0.0581152	-0.0597975	-0.0606896	-0.0631979	-0.0612526	-0.0615783	-0.0618557	-0.0647425	-0.0645721	-0.0632696	-0.0666886	-0.0670333	-0.0668505	-0.0669816	-0.070709	-0.0685724	-0.0674855	-0.0619823	-0.0595509	-0.0476242	-0.0181847	0.0207053	0.0673396	0.142508	0.252919	0.368407	0.476601	0.575339	0.645372	
-0.0542495	-0.0542495	-0.0528653	-0.0558386	-0.0538201	-0.0556483	-0.0566013	-0.0552096	-0.0565418	-0.0568616	-0.0543446	-0.0560466	-0.0564418	-0.0521851	-0.0587885	-0.054276	-0.0549178	-0.0624816	-0.0569058	-0.052312	-0.0584247	-0.0601432	-0.0588876	-0.060935	-0.0610616	-0.0582209	-0.0614784	-0.0650121	-0.0635003	-0.0608418	-0.0664085	-0.066307	-0.0658566	-0.0658116	-0.0694402	-0.068118	-0.0681178	-0.0658271	-0.062985	-0.0572927	-0.0424411	-0.0143454	0.0237277	0.0738192	0.154955	0.263469	0.375102	0.481786	0.573411	0.636488	
-0.05348	-0.05348	-0.0554778	-0.0533972	-0.0561418	-0.0562133	-0.0553746	-0.0573967	-0.0558318	-0.055254	-0.055074	-0.0559127	-0.0550787	-0.0560182	-0.0616068	-0.0565485	-0.056944	-0.0592128	-0.052312	-0.0595242	-0.0637253	-0.0593666	-0.0582463	-0.0596213	-0.0617374	-0.0596684	-0.0648389	-0.0643204	-0.0602604	-0.0626351	-0.0701434	-0.0647891	-0.0636121	-0.0692016	-0.0701946	-0.0675916	-0.0673714	-0.0677218	-0.0645292	-0.0557683	-0.0395881	-0.0137784	0.023424	0.0809638	0.16452	0.269495	0.380101	0.485207	0.574291	0.628245	
-0.0569252	-0.0569252	-0.0561416	-0.0563424	-0.0549321	-0.0544298	-0.053836	-0.0536697	-0.0542481	-0.055305	-0.058451	-0.056837	-0.0605933	-0.0581665	-0.0561581	-0.0550578	-0.0595349	-0.0593185	-0.0584247	-0.0637253	-0.0595026	-0.0561124	-0.0593471	-0.063007	-0.0645127	-0.0592967	-0.0629447	-0.0639203	-0.0618844	-0.065924	-0.069507	-0.0617421	-0.0661597	-0.0718751	-0.0698196	-0.0659916	-0.0691429	-0.0696214	-0.0653893	-0.0538875	-0.0375835	-0.0165916	0.0255814	0.0875348	0.172874	0.272116	0.384438	0.489962	0.575468	0.620503	
-0.0557719	-0.0557719	-0.0553246	-0.0553008	-0.0573956	-0.0544046	-0.0586852	-0.0571535	-0.0567039	-0.0582623	-0.0553249	-0.0547119	-0.0550359	-0.0549552	-0.0563092	-0.0609497	-0.0572063	-0.0581152	-0.0601432	-0.0593666	-0.0561124	-0.0620525	-0.0644457	-0.0638287	-0.0598757	-0.0606787	-0.0668217	-0.0675126	-0.0614296	-0.0682421	-0.0687305	-0.0647653	-0.0694525	-0.0735522	-0.0685908	-0.0682139	-0.0716502	-0.0711971	-0.0653107	-0.0510751	-0.0385623	-0.016494	0.0292753	0.0981797	0.178724	0.276968	0.391829	0.497644	0.579736	0.612944	
-0.0557053	-0.0557053	-0.0549286	-0.0569254	-0.0559097	-0.0564584	-0.057976	-0.0557357	-0.0569688	-0.0587213	-0.0552964	-0.059589	-0.0596296	-0.0571805	-0.0592073	-0.0587712	-0.0572837	-0.0597975	-0.0588876	-0.0582463	-0.0593471	-0.0644457	-0.0590301	-0.058905	-0.0608447	-0.0650977	-0.0649267	-0.0614782	-0.0620872	-0.0688697	-0.0669464	-0.0634719	-0.0700787	-0.0703905	-0.067931	-0.067926	-0.0721373	-0.0693829	-0.0635411	-0.0487001	-0.0401883	-0.0156726	0.0348836	0.104635	0.179841	0.279353	0.396286	0.503622	0.577659	0.603617	
-0.0565253	-0.0565253	-0.0563639	-0.0572512	-0.0557603	-0.0585139	-0.055064	-0.0584707	-0.0561893	-0.0567021	-0.0581842	-0.0568746	-0.0590806	-0.0583767	-0.0610201	-0.0600944	-0.0576248	-0.0606896	-0.060935	-0.0596213	-0.063007	-0.0638287	-0.058905	-0.0609321	-0.0680694	-0.0639977	-0.0621079	-0.0632632	-0.0697561	-0.0671406	-0.0658689	-0.0669025	-0.0725975	-0.070076	-0.0693661	-0.0711688	-0.0731568	-0.0708345	-0.062715	-0.0515047	-0.0430542	-0.0145118	0.03966	0.107077	0.178861	0.283733	0.402791	0.509616	0.577067	0.594338	
-0.0596129	-0.0596129	-0.0589301	-0.0584043	-0.0561189	-0.0574103	-0.0539655	-0.0571609	-0.0560399	-0.0566325	-0.0603392	-0.0560425	-0.0613284	-0.056256	-0.0578081	-0.058746	-0.0586106	-0.0631979	-0.0610616	-0.0617374	-0.0645127	-0.0598757	-0.0608447	-0.0680694	-0.0680702	-0.0600406	-0.0645302	-0.0714613	-0.0694621	-0.0636264	-0.0695406	-0.0731352	-0.0719765	-0.0697799	-0.0729803	-0.0742406	-0.074381	-0.0709049	-0.063439	-0.0557392	-0.0436826	-0.0116375	0.0446931	0.10486	0.181556	0.288959	0.411685	0.513785	0.575667	0.585624	
-0.0543628	-0.0543628	-0.0555183	-0.0556404	-0.0597464	-0.0581671	-0.0619746	-0.0621684	-0.0592712	-0.0624202	-0.0581227	-0.0568054	-0.0595519	-0.0562222	-0.0602067	-0.0606888	-0.059227	-0.0612526	-0.0582209	-0.0596684	-0.0592967	-0.0606787	-0.0650977	-0.0639977	-0.0600406	-0.0621519	-0.0677713	-0.0685606	-0.0625576	-0.0642808	-0.0732526	-0.070647	-0.0661366	-0.0698456	-0.0743697	-0.0724832	-0.0708917	-0.0678427	-0.0635403	-0.0560988	-0.039729	-0.00427705	0.0459415	0.104576	0.185247	0.296693	0.416849	0.513737	0.570376	0.573885	
-0.0591205	-0.0591205	-0.0590401	-0.0584564	-0.0584742	-0.0571785	-0.0575028	-0.0564885	-0.0566158	-0.0582787	-0.0574957	-0.0611935	-0.0622505	-0.0617646	-0.0642002	-0.0622105	-0.0620872	-0.0615783	-0.0614784	-0.0648389	-0.0629447	-0.0668217	-0.0649267	-0.0621079	-0.0645302	-0.0677713	-0.0668032	-0.0679358	-0.065106	-0.0691534	-0.0744159	-0.0683483	-0.0680276	-0.0751245	-0.0772349	-0.0722331	-0.0724312	-0.0710633	-0.0700931	-0.0591559	-0.0388817	-0.00548202	0.0386216	0.0999521	0.187542	0.299472	0.416678	0.510195	0.564158	0.567614	
-0.0610136	-0.0610136	-0.0608686	-0.0597539	-0.0586905	-0.0585761	-0.0567001	-0.0585987	-0.0571672	-0.0596005	-0.0601368	-0.0591595	-0.0614024	-0.0587752	-0.0590165	-0.0599934	-0.0591345	-0.0618557	-0.0650121	-0.0643204	-0.0639203	-0.0675126	-0.0614782	-0.0632632	-0.0714613	-0.0685606	-0.0679358	-0.0688046	-0.0686853	-0.0720855	-0.0759508	-0.0684337	-0.0729584	-0.0789059	-0.0775269	-0.0721671	-0.0744791	-0.074937	-0.0728922	-0.0566293	-0.03544	-0.00704469	0.0345091	0.104435	0.194717	0.305463	0.417099	0.509735	0.561585	0.567193	
-0.0570519	-0.0570519	-0.0570372	-0.0586897	-0.0590468	-0.0617336	-0.06127	-0.0642952	-0.0627883	-0.0622835	-0.0624942	-0.058488	-0.060336	-0.0577282	-0.0599268	-0.0618581	-0.0612642	-0.0647425	-0.0635003	-0.0602604	-0.0618844	-0.0614296	-0.0620872	-0.0697561	-0.0694621	-0.0625576	-0.065106	-0.0686853	-0.0700507	-0.0723986	-0.0707926	-0.0673834	-0.0752826	-0.0779448	-0.0732482	-0.0711782	-0.075482	-0.0765749	-0.0702167	-0.0520872	-0.0341155	-0.0123517	0.0343805	0.109336	0.199709	0.30374	0.41341	0.504654	0.558201	0.566794	
-0.0587782	-0.0587782	-0.0598003	-0.0593113	-0.060751	-0.0604003	-0.0601126	-0.0608985	-0.0583276	-0.0611374	-0.060214	-0.0604137	-0.0658101	-0.063326	-0.0668261	-0.06724	-0.0642384	-0.0645721	-0.0608418	-0.0626351	-0.065924	-0.0682421	-0.0688697	-0.0671406	-0.0636264	-0.0642808	-0.0691534	-0.0720855	-0.0723986	-0.0681165	-0.0684833	-0.0733014	-0.0788288	-0.0743781	-0.0723984	-0.075132	-0.0798553	-0.0777736	-0.0688154	-0.052567	-0.0415632	-0.0193738	0.0338985	0.111349	0.195925	0.296307	0.405683	0.499398	0.557035	0.569239	
-0.0647901	-0.0647901	-0.0638272	-0.0624291	-0.0611172	-0.0592175	-0.0580145	-0.0587822	-0.0576303	-0.059846	-0.060914	-0.061895	-0.063586	-0.0621671	-0.0631626	-0.0606901	-0.0606036	-0.0632696	-0.0664085	-0.0701434	-0.069507	-0.0687305	-0.0669464	-0.0658689	-0.0695406	-0.0732526	-0.0744159	-0.0759508	-0.0707926	-0.0684833	-0.0789045	-0.0830328	-0.0771506	-0.0739368	-0.0799703	-0.0832373	-0.0831308	-0.0783016	-0.0693983	-0.0586246	-0.0493454	-0.0212205	0.0386538	0.112352	0.192395	0.292007	0.404735	0.501872	0.564546	0.574811	
-0.059126	-0.059126	-0.0602397	-0.0599728	-0.061441	-0.0627649	-0.0631307	-0.0655316	-0.0645505	-0.0666217	-0.0649259	-0.062173	-0.0636326	-0.058666	-0.0600098	-0.0630248	-0.0640637	-0.0666886	-0.066307	-0.0647891	-0.0617421	-0.0647653	-0.0634719	-0.0669025	-0.0731352	-0.070647	-0.0683483	-0.0684337	-0.0673834	-0.0733014	-0.0830328	-0.073665	-0.068322	-0.0759394	-0.0839077	-0.0796048	-0.0776056	-0.0731512	-0.0690898	-0.0614183	-0.0501846	-0.0142315	0.0432099	0.109875	0.185548	0.287173	0.401951	0.502709	0.565684	0.569785	
-0.0600637	-0.0600637	-0.0600834	-0.0616555	-0.062675	-0.0638235	-0.0639402	-0.065381	-0.0628376	-0.0628732	-0.0623304	-0.0614575	-0.0643331	-0.0650777	-0.0688698	-0.0689947	-0.066486	-0.0670333	-0.0658566	-0.0636121	-0.0661597	-0.0694525	-0.0700787	-0.0725975	-0.0719765	-0.0661366	-0.0680276	-0.0729584	-0.0752826	-0.0788288	-0.0771506	-0.068322	-0.0752463	-0.0857727	-0.0841226	-0.0778452	-0.078129	-0.0776265	-0.0760983	-0.0693015	-0.0503807	-0.0132293	0.0377895	0.098044	0.175523	0.281117	0.399747	0.503317	0.564287	0.559452	
-0.0661523	-0.0661523	-0.0660479	-0.0644691	-0.0630161	-0.0618777	-0.0597985	-0.0600931	-0.0592894	-0.0624401	-0.0636401	-0.0646143	-0.069337	-0.0655805	-0.0667063	-0.0666449	-0.0649945	-0.0668505	-0.0658116	-0.0692016	-0.0718751	-0.0735522	-0.0703905	-0.070076	-0.0697799	-0.0698456	-0.0751245	-0.0789059	-0.0779448	-0.0743781	-0.0739368	-0.0759394	-0.0857727	-0.0858002	-0.0812581	-0.0787895	-0.0823829	-0.0825469	-0.0832993	-0.0701456	-0.0471742	-0.0142947	0.0281726	0.0883781	0.170567	0.279769	0.401092	0.503962	0.557629	0.547225	
-0.0641832	-0.0641832	-0.063767	-0.0638594	-0.0641823	-0.0642114	-0.0644654	-0.0665115	-0.0649815	-0.0661678	-0.0655287	-0.0641398	-0.0643461	-0.0627308	-0.0644285	-0.0637032	-0.0632027	-0.0669816	-0.0694402	-0.0701946	-0.0698196	-0.0685908	-0.067931	-0.0693661	-0.0729803	-0.0743697	-0.0772349	-0.0775269	-0.0732482	-0.0723984	-0.0799703	-0.0839077	-0.0841226	-0.0812581	-0.0809777	-0.0819223	-0.0844711	-0.0877653	-0.0838959	-0.0651889	-0.0435887	-0.0208739	0.019431	0.0843637	0.170499	0.281589	0.402093	0.498832	0.544766	0.533046	
-0.0623626	-0.0623626	-0.0628478	-0.0638106	-0.0642095	-0.0658104	-0.0659732	-0.0670337	-0.0665815	-0.0681309	-0.0672376	-0.0656772	-0.0683577	-0.0642207	-0.065987	-0.0678513	-0.0689274	-0.070709	-0.068118	-0.0675916	-0.0659916	-0.0682139	-0.067926	-0.0711688	-0.0742406	-0.0724832	-0.0722331	-0.0721671	-0.0711782	-0.075132	-0.0832373	-0.0796048	-0.0778452	-0.0787895	-0.0819223	-0.0814237	-0.0878203	-0.0885864	-0.079015	-0.0593112	-0.0494242	-0.0320553	0.0122863	0.0815741	0.168381	0.277534	0.393568	0.481632	0.523927	0.522319	
-0.064945	-0.064945	-0.0649295	-0.0652033	-0.0659425	-0.0659652	-0.0658007	-0.066993	-0.0646993	-0.0651218	-0.064372	-0.0641576	-0.0662905	-0.0668676	-0.0705234	-0.070872	-0.0675175	-0.0685724	-0.0681178	-0.0673714	-0.0691429	-0.0716502	-0.0721373	-0.0731568	-0.074381	-0.0708917	-0.0724312	-0.0744791	-0.075482	-0.0798553	-0.0831308	-0.0776056	-0.078129	-0.0823829	-0.0844711	-0.0878203	-0.0922817	-0.087086	-0.073898	-0.0653642	-0.0628338	-0.0413912	0.0101911	0.080841	0.16504	0.271745	0.380027	0.462205	0.511189	0.523519	
-0.0685321	-0.0685321	-0.0673896	-0.0678938	-0.0653053	-0.0649319	-0.0634662	-0.0625455	-0.0624193	-0.0644827	-0.0654161	-0.0662661	-0.0700562	-0.0665877	-0.0673304	-0.0659697	-0.0656414	-0.0674855	-0.0658271	-0.0677218	-0.0696214	-0.0711971	-0.0693829	-0.0708345	-0.0709049	-0.0678427	-0.0710633	-0.074937	-0.0765749	-0.0777736	-0.0783016	-0.0731512	-0.0776265	-0.0825469	-0.0877653	-0.0885864	-0.087086	-0.0775556	-0.0749357	-0.0753098	-0.0701633	-0.0398798	0.0138882	0.079902	0.160956	0.260169	0.360858	0.444205	0.505725	0.533387	
-0.0666672	-0.0666672	-0.0663935	-0.065615	-0.0656339	-0.0651702	-0.0650175	-0.0664136	-0.0654099	-0.0660371	-0.0649937	-0.063686	-0.063123	-0.0608096	-0.0619859	-0.0619498	-0.0590657	-0.0619823	-0.062985	-0.0645292	-0.0653893	-0.0653107	-0.0635411	-0.062715	-0.063439	-0.0635403	-0.0700931	-0.0728922	-0.0702167	-0.0688154	-0.0693983	-0.0690898	-0.0760983	-0.0832993	-0.0838959	-0.079015	-0.073898	-0.0749357	-0.0812046	-0.0796523	-0.0648361	-0.0311046	0.0178943	0.0798639	0.15376	0.245338	0.343063	0.43544	0.512402	0.546252	
-0.060878	-0.060878	-0.0600775	-0.0634662	-0.0626384	-0.0649332	-0.0658865	-0.065408	-0.0653866	-0.0652261	-0.0632664	-0.0611883	-0.0612376	-0.0567504	-0.0571396	-0.055591	-0.056858	-0.0595509	-0.0572927	-0.0557683	-0.0538875	-0.0510751	-0.0487001	-0.0515047	-0.0557392	-0.0560988	-0.0591559	-0.0566293	-0.0520872	-0.052567	-0.0586246	-0.0614183	-0.0693015	-0.0701456	-0.0651889	-0.0593112	-0.0653642	-0.0753098	-0.0796523	-0.0688582	-0.0510502	-0.0228234	0.0213598	0.0751239	0.140562	0.225832	0.329327	0.435018	0.519802	0.555215	
-0.0597217	-0.0597217	-0.0596864	-0.059493	-0.0594282	-0.0588269	-0.0579075	-0.0569418	-0.0547981	-0.0530198	-0.0506991	-0.0493795	-0.0495372	-0.0489406	-0.0515057	-0.0527872	-0.0488031	-0.0476242	-0.0424411	-0.0395881	-0.0375835	-0.0385623	-0.0401883	-0.0430542	-0.0436826	-0.039729	-0.0388817	-0.03544	-0.0341155	-0.0415632	-0.0493454	-0.0501846	-0.0503807	-0.0471742	-0.0435887	-0.0494242	-0.0628338	-0.0701633	-0.0648361	-0.0510502	-0.0387196	-0.0145694	0.0230004	0.0687547	0.126653	0.216741	0.332872	0.446779	0.533711	0.564469	
-0.0574283	-0.0574283	-0.0545628	-0.0551124	-0.049687	-0.0471569	-0.0437541	-0.0391543	-0.037329	-0.0360747	-0.0350419	-0.0355022	-0.0360125	-0.0327515	-0.0312398	-0.0246238	-0.0199294	-0.0181847	-0.0143454	-0.0137784	-0.0165916	-0.016494	-0.0156726	-0.0145118	-0.0116375	-0.00427705	-0.00548202	-0.00704469	-0.0123517	-0.0193738	-0.0212205	-0.0142315	-0.0132293	-0.0142947	-0.0208739	-0.0320553	-0.0413912	-0.0398798	-0.0311046	-0.0228234	-0.0145694	0.00378899	0.0341857	0.0701867	0.130648	0.231768	0.355258	0.468217	0.547736	0.572846	
-0.0351482	-0.0351482	-0.0337932	-0.033121	-0.0306894	-0.0289725	-0.0276567	-0.0251486	-0.0239629	-0.0207719	-0.0164724	-0.0112193	-0.00444605	0.00365408	0.00969315	0.0146175	0.0198384	0.0207053	0.0237277	0.023424	0.0255814	0.0292753	0.0348836	0.03966	0.0446931	0.0459415	0.0386216	0.0345091	0.0343805	0.0338985	0.0386538	0.0432099	0.0377895	0.0281726	0.019431	0.0122863	0.0101911	0.0138882	0.0178943	0.0213598	0.0230004	0.0341857	0.0542225	0.0899059	0.159396	0.267468	0.387624	0.48856	0.559611	0.574383	
0.00277659	0.00277659	0.00376895	0.000937079	0.00243727	0.00173752	0.00268532	0.00701604	0.0105791	0.0174035	0.0257711	0.0328461	0.0413403	0.0492576	0.0536229	0.0603678	0.0651008	0.0673396	0.0738192	0.0809638	0.0875348	0.0981797	0.104635	0.107077	0.10486	0.104576	0.0999521	0.104435	0.109336	0.111349	0.112352	0.109875	0.098044	0.0883781	0.0843637	0.0815741	0.080841	0.079902	0.0798639	0.0751239	0.0687547	0.0701867	0.0899059	0.132742	0.209261	0.314065	0.420089	0.509103	0.569241	0.572452	
0.0453823	0.0453823	0.048002	0.0484864	0.053974	0.0587818	0.0641658	0.0735044	0.0795134	0.0887611	0.0963332	0.10269	0.10983	0.115001	0.12048	0.126993	0.133939	0.142508	0.154955	0.16452	0.172874	0.178724	0.179841	0.178861	0.181556	0.185247	0.187542	0.194717	0.199709	0.195925	0.192395	0.185548	0.175523	0.170567	0.170499	0.168381	0.16504	0.160956	0.15376	0.140562	0.126653	0.130648	0.159396	0.209261	0.283982	0.375445	0.467588	0.542749	0.590639	0.580448	
0.121362	0.121362	0.124484	0.128044	0.135714	0.142985	0.150958	0.161144	0.167801	0.176462	0.184774	0.190387	0.199568	0.20834	0.217272	0.229627	0.242463	0.252919	0.263469	0.269495	0.272116	0.276968	0.279353	0.283733	0.288959	0.296693	0.299472	0.305463	0.30374	0.296307	0.292007	0.287173	0.281117	0.279769	0.281589	0.277534	0.271745	0.260169	0.245338	0.225832	0.216741	0.231768	0.267468	0.314065	0.375445	0.45189	0.526392	0.584901	0.616101	0.596404	
0.249398	0.249398	0.252183	0.251699	0.256626	0.259894	0.263246	0.27092	0.274607	0.284067	0.29205	0.301215	0.315126	0.325498	0.338962	0.352428	0.360677	0.368407	0.375102	0.380101	0.384438	0.391829	0.396286	0.402791	0.411685	0.416849	0.416678	0.417099	0.41341	0.405683	0.404735	0.401951	0.399747	0.401092	0.402093	0.393568	0.380027	0.360858	0.343063	0.329327	0.332872	0.355258	0.387624	0.420089	0.467588	0.526392	0.581754	0.620629	0.640764	0.624481	
0.416479	0.416479	0.416534	0.415795	0.416219	0.416474	0.416471	0.420528	0.4219	0.427521	0.434863	0.440332	0.449815	0.456649	0.462908	0.468251	0.471901	0.476601	0.481786	0.485207	0.489962	0.497644	0.503622	0.509616	0.513785	0.513737	0.510195	0.509735	0.504654	0.499398	0.501872	0.502709	0.503317	0.503962	0.498832	0.481632	0.462205	0.444205	0.43544	0.435018	0.446779	0.468217	0.48856	0.509103	0.542749	0.584901	0.620629	0.648523	0.673155	0.676396	
0.611797	0.611797	0.611799	0.609351	0.60852	0.606161	0.603939	0.603776	0.599993	0.601393	0.598188	0.594517	0.59452	0.587032	0.583906	0.581602	0.576962	0.575339	0.573411	0.574291	0.575468	0.579736	0.577659	0.577067	0.575667	0.570376	0.564158	0.561585	0.558201	0.557035	0.564546	0.565684	0.564287	0.557629	0.544766	0.523927	0.511189	0.505725	0.512402	0.519802	0.533711	0.547736	0.559611	0.569241	0.590639	0.616101	0.640764	0.673155	0.717538	0.748643	
0.831386	0.831386	0.830134	0.826028	0.821189	0.814921	0.804392	0.795874	0.781478	0.767055	0.751958	0.733668	0.718169	0.699898	0.685091	0.670514	0.654185	0.645372	0.636488	0.628245	0.620503	0.612944	0.603617	0.594338	0.585624	0.573885	0.567614	0.567193	0.566794	0.569239	0.574811	0.569785	0.559452	0.547225	0.533046	0.522319	0.523519	0.533387	0.546252	0.555215	0.564469	0.572846	0.574383	0.572452	0.580448	0.596404	0.624481	0.676396	0.748643	0.812143	
