2.11031	2.11031	1.98819	1.78459	1.52079	1.21477	0.915932	0.660673	0.451525	0.289345	0.151828	0.031326	-0.060665	-0.131783	-0.1986	-0.289238	-0.44491	-0.654738	-0.877346	-1.06921	-1.19019	-1.22033	-1.14987	-0.979651	-0.714091	-0.382476	-0.0455367	0.233841	0.425412	0.523009	0.532551	0.452771	0.299858	0.087855	-0.151796	-0.365541	-0.517604	-0.597692	-0.612203	-0.570506	-0.487445	-0.372262	-0.249479	-0.150469	-0.0982477	-0.0855785	-0.0752311	-0.0558269	-0.00812299	0.083927	
2.11031	2.11031	1.98819	1.78459	1.52079	1.21477	0.915932	0.660673	0.451525	0.289345	0.151828	0.031326	-0.060665	-0.131783	-0.1986	-0.289238	-0.44491	-0.654738	-0.877346	-1.06921	-1.19019	-1.22033	-1.14987	-0.979651	-0.714091	-0.382476	-0.0455367	0.233841	0.425412	0.523009	0.532551	0.452771	0.299858	0.087855	-0.151796	-0.365541	-0.517604	-0.597692	-0.612203	-0.570506	-0.487445	-0.372262	-0.249479	-0.150469	-0.0982477	-0.0855785	-0.0752311	-0.0558269	-0.00812299	0.083927	
1.98819	1.98819	1.88613	1.69238	1.43138	1.13862	0.856048	0.603662	0.392554	0.22871	0.0942483	-0.0253108	-0.112987	-0.178376	-0.243105	-0.335491	-0.483536	-0.682791	-0.895579	-1.07961	-1.18754	-1.2037	-1.12502	-0.948916	-0.677319	-0.34885	-0.0141441	0.27502	0.478289	0.585756	0.606137	0.536501	0.388407	0.17886	-0.0558212	-0.269792	-0.437294	-0.536557	-0.565797	-0.546911	-0.487577	-0.393585	-0.284549	-0.197182	-0.152184	-0.138556	-0.125185	-0.101375	-0.0497675	0.0415797	
1.78459	1.78459	1.69238	1.51562	1.27801	1.01305	0.751552	0.503062	0.295368	0.138074	0.00833669	-0.11131	-0.198144	-0.265004	-0.331132	-0.418615	-0.551689	-0.730148	-0.924477	-1.09235	-1.18365	-1.17731	-1.07811	-0.886992	-0.612	-0.27813	0.0636743	0.360673	0.580113	0.712104	0.750172	0.684755	0.540772	0.343794	0.119474	-0.100838	-0.283437	-0.406117	-0.467273	-0.483398	-0.463353	-0.403832	-0.325783	-0.263618	-0.235698	-0.228698	-0.214425	-0.177444	-0.114262	-0.0171205	
1.52079	1.52079	1.43138	1.27801	1.08183	0.85237	0.611645	0.378539	0.184123	0.0311727	-0.0942855	-0.206429	-0.294595	-0.36904	-0.436159	-0.513329	-0.63074	-0.789314	-0.964063	-1.10565	-1.16715	-1.12685	-0.995434	-0.777977	-0.494259	-0.158421	0.187187	0.493398	0.730405	0.881986	0.935549	0.880998	0.746084	0.560289	0.346583	0.127601	-0.0698571	-0.220672	-0.322121	-0.379231	-0.405947	-0.390106	-0.348788	-0.313765	-0.304318	-0.308506	-0.302266	-0.256455	-0.177223	-0.0756156	
1.21477	1.21477	1.13862	1.01305	0.85237	0.656058	0.446287	0.241564	0.0607267	-0.0908898	-0.207894	-0.304632	-0.38266	-0.458222	-0.527807	-0.603566	-0.707762	-0.847542	-0.990635	-1.09716	-1.11749	-1.03722	-0.868003	-0.625879	-0.326408	0.00761875	0.348393	0.660547	0.907451	1.0704	1.13672	1.09604	0.974067	0.799894	0.597751	0.387436	0.181651	0.00186846	-0.13197	-0.232994	-0.304345	-0.339142	-0.343165	-0.34367	-0.35509	-0.371335	-0.370599	-0.326894	-0.243109	-0.144395	
0.915932	0.915932	0.856048	0.751552	0.611645	0.446287	0.268346	0.0892085	-0.0781184	-0.211314	-0.313506	-0.39283	-0.461413	-0.531865	-0.5992	-0.663738	-0.754703	-0.869138	-0.975438	-1.0418	-1.02744	-0.91168	-0.703234	-0.437021	-0.130149	0.205509	0.543091	0.843871	1.08779	1.25537	1.32868	1.29889	1.19274	1.03943	0.856254	0.657901	0.455362	0.261361	0.0891071	-0.0535461	-0.166923	-0.256667	-0.318094	-0.359045	-0.396142	-0.435445	-0.44414	-0.401123	-0.315612	-0.220308	
0.660673	0.660673	0.603662	0.503062	0.378539	0.241564	0.0892085	-0.073081	-0.223099	-0.33135	-0.412342	-0.477868	-0.531383	-0.581424	-0.630612	-0.677472	-0.745886	-0.831542	-0.909637	-0.941055	-0.885302	-0.730395	-0.496938	-0.217813	0.0923572	0.420448	0.737715	1.0188	1.24853	1.4068	1.48356	1.46949	1.38271	1.25238	1.09481	0.915985	0.721312	0.520199	0.324377	0.143394	-0.0215282	-0.161186	-0.271662	-0.354064	-0.425703	-0.49434	-0.520092	-0.485344	-0.404733	-0.309345	
0.451525	0.451525	0.392554	0.295368	0.184123	0.0607267	-0.0781184	-0.223099	-0.353909	-0.44478	-0.505275	-0.55044	-0.579495	-0.601007	-0.627458	-0.656785	-0.698501	-0.748231	-0.790624	-0.784839	-0.691561	-0.510169	-0.268266	0.0122468	0.316302	0.622345	0.912446	1.16773	1.36912	1.50662	1.5805	1.58312	1.52114	1.41447	1.2829	1.13292	0.953624	0.758324	0.552563	0.341206	0.133013	-0.0524343	-0.206949	-0.335758	-0.449759	-0.542043	-0.586403	-0.572899	-0.51031	-0.424094	
0.289345	0.289345	0.22871	0.138074	0.0311727	-0.0908898	-0.211314	-0.33135	-0.44478	-0.527881	-0.578322	-0.611389	-0.616047	-0.611801	-0.612423	-0.617722	-0.625767	-0.641189	-0.641403	-0.596183	-0.472398	-0.277365	-0.0337573	0.239749	0.527862	0.810446	1.06855	1.28251	1.44313	1.56183	1.6295	1.63411	1.59534	1.52263	1.42231	1.29668	1.14346	0.961567	0.759899	0.531411	0.292722	0.0705997	-0.123658	-0.299382	-0.460029	-0.58078	-0.641213	-0.65517	-0.624181	-0.547188	
0.151828	0.151828	0.0942483	0.00833669	-0.0942855	-0.207894	-0.313506	-0.412342	-0.505275	-0.578322	-0.623434	-0.648401	-0.652408	-0.639462	-0.612607	-0.578647	-0.55512	-0.539063	-0.501787	-0.412745	-0.263793	-0.056678	0.188584	0.45217	0.714733	0.967096	1.18601	1.35606	1.47755	1.56138	1.61179	1.62802	1.61402	1.57191	1.50228	1.40661	1.28087	1.12166	0.921762	0.686488	0.427238	0.178705	-0.0458922	-0.253573	-0.449605	-0.604834	-0.69693	-0.733347	-0.723794	-0.660183	
0.031326	0.031326	-0.0253108	-0.11131	-0.206429	-0.304632	-0.39283	-0.477868	-0.55044	-0.611389	-0.648401	-0.674407	-0.679822	-0.661164	-0.614335	-0.564667	-0.519501	-0.470411	-0.38934	-0.264849	-0.0886555	0.136869	0.38155	0.625797	0.862876	1.07832	1.25049	1.37768	1.45964	1.50874	1.54331	1.56823	1.57647	1.56164	1.52305	1.45684	1.3553	1.21482	1.0253	0.783238	0.513955	0.251546	0.00540638	-0.227085	-0.442249	-0.613818	-0.731526	-0.791183	-0.798604	-0.751378	
-0.060665	-0.060665	-0.112987	-0.198144	-0.294595	-0.38266	-0.461413	-0.531383	-0.579495	-0.616047	-0.652408	-0.679822	-0.687011	-0.66725	-0.620015	-0.564869	-0.505806	-0.430519	-0.321608	-0.173816	0.0228661	0.255462	0.50153	0.737033	0.949728	1.12597	1.25773	1.33847	1.38021	1.40371	1.42507	1.45161	1.47978	1.49636	1.48888	1.44954	1.36939	1.23565	1.04569	0.805135	0.537898	0.265922	0.0114109	-0.227877	-0.443804	-0.619528	-0.747099	-0.816519	-0.827897	-0.798881	
-0.131783	-0.131783	-0.178376	-0.265004	-0.36904	-0.458222	-0.531865	-0.581424	-0.601007	-0.611801	-0.639462	-0.661164	-0.66725	-0.650453	-0.612613	-0.558685	-0.493233	-0.410509	-0.301663	-0.143556	0.0667591	0.30004	0.538615	0.76445	0.954141	1.09707	1.19276	1.23561	1.24388	1.24302	1.25341	1.27912	1.32277	1.36541	1.38206	1.36358	1.30015	1.17133	0.988728	0.760654	0.497492	0.231571	-0.0128898	-0.240017	-0.441486	-0.6125	-0.735008	-0.801252	-0.812971	-0.795437	
-0.1986	-0.1986	-0.243105	-0.331132	-0.436159	-0.527807	-0.5992	-0.630612	-0.627458	-0.612423	-0.612607	-0.614335	-0.620015	-0.612613	-0.586982	-0.536161	-0.481249	-0.409858	-0.310789	-0.159392	0.0388593	0.265118	0.494977	0.704012	0.871045	0.987923	1.05576	1.07178	1.05689	1.0371	1.03596	1.06172	1.11096	1.16928	1.20413	1.20211	1.15094	1.04241	0.872511	0.65866	0.417412	0.1774	-0.0436134	-0.244294	-0.420875	-0.575233	-0.687697	-0.741907	-0.753059	-0.75099	
-0.289238	-0.289238	-0.335491	-0.418615	-0.513329	-0.603566	-0.663738	-0.677472	-0.656785	-0.617722	-0.578647	-0.564667	-0.564869	-0.558685	-0.536161	-0.5033	-0.470056	-0.423019	-0.341432	-0.217369	-0.0501099	0.155894	0.369603	0.560937	0.71022	0.809412	0.850623	0.846398	0.820017	0.793718	0.784108	0.803914	0.850506	0.913892	0.970999	0.984881	0.947815	0.864379	0.721471	0.533133	0.331511	0.130978	-0.0623791	-0.233023	-0.384645	-0.51414	-0.608864	-0.657605	-0.67263	-0.673768	
-0.44491	-0.44491	-0.483536	-0.551689	-0.63074	-0.707762	-0.754703	-0.745886	-0.698501	-0.625767	-0.55512	-0.519501	-0.505806	-0.493233	-0.481249	-0.470056	-0.455196	-0.434145	-0.387203	-0.303586	-0.174801	-0.00324265	0.182825	0.350095	0.482737	0.568493	0.594115	0.581258	0.544168	0.503131	0.484598	0.507825	0.557519	0.623256	0.690706	0.723036	0.711038	0.656394	0.55087	0.404228	0.246419	0.0872415	-0.068513	-0.20876	-0.335033	-0.439398	-0.512651	-0.556659	-0.577552	-0.586526	
-0.654738	-0.654738	-0.682791	-0.730148	-0.789314	-0.847542	-0.869138	-0.831542	-0.748231	-0.641189	-0.539063	-0.470411	-0.430519	-0.410509	-0.409858	-0.423019	-0.434145	-0.445586	-0.442501	-0.402543	-0.312353	-0.181404	-0.0320669	0.105191	0.216411	0.285345	0.305554	0.283309	0.233476	0.188121	0.171625	0.194424	0.249988	0.322674	0.392605	0.443702	0.459495	0.432853	0.36896	0.27357	0.161959	0.0434238	-0.0694932	-0.17456	-0.267201	-0.341413	-0.397028	-0.43848	-0.467013	-0.489708	
-0.877346	-0.877346	-0.895579	-0.924477	-0.964063	-0.990635	-0.975438	-0.909637	-0.790624	-0.641403	-0.501787	-0.38934	-0.321608	-0.301663	-0.310789	-0.341432	-0.387203	-0.442501	-0.486334	-0.494298	-0.450544	-0.369715	-0.259568	-0.149164	-0.0612309	-0.0150339	-0.0011636	-0.0307327	-0.0860466	-0.127006	-0.136422	-0.110866	-0.0497156	0.0274585	0.10462	0.174919	0.217266	0.214991	0.188983	0.14686	0.0877898	0.0111506	-0.0588658	-0.120665	-0.173394	-0.221493	-0.26223	-0.295628	-0.324766	-0.371717	
-1.06921	-1.06921	-1.07961	-1.09235	-1.10565	-1.09716	-1.0418	-0.941055	-0.784839	-0.596183	-0.412745	-0.264849	-0.173816	-0.143556	-0.159392	-0.217369	-0.303586	-0.402543	-0.494298	-0.548232	-0.560423	-0.530919	-0.470975	-0.397241	-0.332209	-0.29198	-0.285872	-0.315847	-0.365135	-0.404848	-0.408829	-0.371985	-0.307744	-0.229146	-0.144146	-0.0662426	-0.0136072	0.0171587	0.0363207	0.0478703	0.0372505	0.0130698	-0.0135981	-0.0308298	-0.0410207	-0.0579035	-0.0803729	-0.106895	-0.14377	-0.213082	
-1.19019	-1.19019	-1.18754	-1.18365	-1.16715	-1.11749	-1.02744	-0.885302	-0.691561	-0.472398	-0.263793	-0.0886555	0.0228661	0.0667591	0.0388593	-0.0501099	-0.174801	-0.312353	-0.450544	-0.560423	-0.631098	-0.652919	-0.641862	-0.610514	-0.566643	-0.528687	-0.52234	-0.544295	-0.579411	-0.607315	-0.60418	-0.561548	-0.497569	-0.420341	-0.338327	-0.269485	-0.210392	-0.147605	-0.0831058	-0.0249468	0.0191304	0.0566478	0.0853092	0.109728	0.133897	0.148797	0.147251	0.124691	0.0741232	-0.0222915	
-1.22033	-1.22033	-1.2037	-1.17731	-1.12685	-1.03722	-0.91168	-0.730395	-0.510169	-0.277365	-0.056678	0.136869	0.255462	0.30004	0.265118	0.155894	-0.00324265	-0.181404	-0.369715	-0.530919	-0.652919	-0.737244	-0.772963	-0.767603	-0.74161	-0.711729	-0.69582	-0.701215	-0.712603	-0.7208	-0.712941	-0.675261	-0.619916	-0.554403	-0.485277	-0.423544	-0.353087	-0.270379	-0.175545	-0.0703943	0.0328281	0.123246	0.207627	0.275798	0.331304	0.371949	0.382639	0.362673	0.304349	0.187348	
-1.14987	-1.14987	-1.12502	-1.07811	-0.995434	-0.868003	-0.703234	-0.496938	-0.268266	-0.0337573	0.188584	0.38155	0.50153	0.538615	0.494977	0.369603	0.182825	-0.0320669	-0.259568	-0.470975	-0.641862	-0.772963	-0.845423	-0.862945	-0.844942	-0.813418	-0.780908	-0.764293	-0.755874	-0.749055	-0.738131	-0.713697	-0.670727	-0.620952	-0.571385	-0.521032	-0.445836	-0.348071	-0.231879	-0.0975055	0.0516419	0.192133	0.322052	0.424774	0.509333	0.569935	0.595289	0.579845	0.51351	0.382657	
-0.979651	-0.979651	-0.948916	-0.886992	-0.777977	-0.625879	-0.437021	-0.217813	0.0122468	0.239749	0.45217	0.625797	0.737033	0.76445	0.704012	0.560937	0.350095	0.105191	-0.149164	-0.397241	-0.610514	-0.767603	-0.862945	-0.898032	-0.876962	-0.834013	-0.785939	-0.745987	-0.717186	-0.696281	-0.68297	-0.672438	-0.653297	-0.62346	-0.592404	-0.549936	-0.483891	-0.381201	-0.254276	-0.105177	0.0678594	0.244414	0.404105	0.531198	0.63757	0.711034	0.748618	0.740486	0.668468	0.535825	
-0.714091	-0.714091	-0.677319	-0.612	-0.494259	-0.326408	-0.130149	0.0923572	0.316302	0.527862	0.714733	0.862876	0.949728	0.954141	0.871045	0.71022	0.482737	0.216411	-0.0612309	-0.332209	-0.566643	-0.74161	-0.844942	-0.876962	-0.849399	-0.795668	-0.729052	-0.659145	-0.602158	-0.567096	-0.555112	-0.559589	-0.567259	-0.570183	-0.55889	-0.525614	-0.463935	-0.370286	-0.246308	-0.0956206	0.0821924	0.272054	0.447324	0.595019	0.711202	0.787126	0.835901	0.838412	0.776263	0.649909	
-0.382476	-0.382476	-0.34885	-0.27813	-0.158421	0.00761875	0.205509	0.420448	0.622345	0.810446	0.967096	1.07832	1.12597	1.09707	0.987923	0.809412	0.568493	0.285345	-0.0150339	-0.29198	-0.528687	-0.711729	-0.813418	-0.834013	-0.795668	-0.717082	-0.623632	-0.524527	-0.433398	-0.376535	-0.365124	-0.389446	-0.430799	-0.464043	-0.480669	-0.473682	-0.426116	-0.341981	-0.226348	-0.0816285	0.0858711	0.271261	0.454922	0.617979	0.738452	0.814307	0.867951	0.883823	0.840832	0.736658	
-0.0455367	-0.0455367	-0.0141441	0.0636743	0.187187	0.348393	0.543091	0.737715	0.912446	1.06855	1.18601	1.25049	1.25773	1.19276	1.05576	0.850623	0.594115	0.305554	-0.0011636	-0.285872	-0.52234	-0.69582	-0.780908	-0.785939	-0.729052	-0.623632	-0.491464	-0.352626	-0.224749	-0.144661	-0.13367	-0.179358	-0.253534	-0.331029	-0.392761	-0.423237	-0.397612	-0.323219	-0.223084	-0.0952995	0.0671211	0.253751	0.44004	0.60006	0.72079	0.808042	0.868185	0.890961	0.867609	0.800375	
0.233841	0.233841	0.27502	0.360673	0.493398	0.660547	0.843871	1.0188	1.16773	1.28251	1.35606	1.37768	1.33847	1.23561	1.07178	0.846398	0.581258	0.283309	-0.0307327	-0.315847	-0.544295	-0.701215	-0.764293	-0.745987	-0.659145	-0.524527	-0.352626	-0.166283	-0.00507755	0.0909256	0.102021	0.0410374	-0.0675083	-0.199147	-0.311553	-0.37879	-0.383274	-0.332993	-0.253049	-0.135907	0.0246577	0.209088	0.397845	0.555302	0.683741	0.781223	0.842629	0.869519	0.868591	0.839047	
0.425412	0.425412	0.478289	0.580113	0.730405	0.907451	1.08779	1.24853	1.36912	1.44313	1.47755	1.45964	1.38021	1.24388	1.05689	0.820017	0.544168	0.233476	-0.0860466	-0.365135	-0.579411	-0.712603	-0.755874	-0.717186	-0.602158	-0.433398	-0.224749	-0.00507755	0.179577	0.289518	0.305358	0.228007	0.088099	-0.0830829	-0.238736	-0.344948	-0.386024	-0.364333	-0.300467	-0.188457	-0.0304557	0.151431	0.335707	0.499598	0.645081	0.751746	0.812367	0.84087	0.857784	0.863313	
0.523009	0.523009	0.585756	0.712104	0.881986	1.0704	1.25537	1.4068	1.50662	1.56183	1.56138	1.50874	1.40371	1.24302	1.0371	0.793718	0.503131	0.188121	-0.127006	-0.404848	-0.607315	-0.7208	-0.749055	-0.696281	-0.567096	-0.376535	-0.144661	0.0909256	0.289518	0.408641	0.427755	0.342516	0.182581	-0.0091449	-0.191171	-0.326498	-0.393873	-0.397318	-0.34394	-0.239969	-0.0833146	0.102895	0.281693	0.450587	0.611909	0.729134	0.795784	0.826591	0.851117	0.883274	
0.532551	0.532551	0.606137	0.750172	0.935549	1.13672	1.32868	1.48356	1.5805	1.6295	1.61179	1.54331	1.42507	1.25341	1.03596	0.784108	0.484598	0.171625	-0.136422	-0.408829	-0.60418	-0.712941	-0.738131	-0.68297	-0.555112	-0.365124	-0.13367	0.102021	0.305358	0.427755	0.446359	0.359157	0.196085	0.00333829	-0.183366	-0.330127	-0.409813	-0.424014	-0.374232	-0.271292	-0.115877	0.072084	0.250874	0.423642	0.59205	0.719391	0.796848	0.83602	0.868707	0.911174	
0.452771	0.452771	0.536501	0.684755	0.880998	1.09604	1.29889	1.46949	1.58312	1.63411	1.62802	1.56823	1.45161	1.27912	1.06172	0.803914	0.507825	0.194424	-0.110866	-0.371985	-0.561548	-0.675261	-0.713697	-0.672438	-0.559589	-0.389446	-0.179358	0.0410374	0.228007	0.342516	0.359157	0.276713	0.131137	-0.0449452	-0.220016	-0.358648	-0.435341	-0.442433	-0.384825	-0.269627	-0.114223	0.0664346	0.25322	0.429352	0.594191	0.722158	0.807026	0.862949	0.902475	0.941011	
0.299858	0.299858	0.388407	0.540772	0.746084	0.974067	1.19274	1.38271	1.52114	1.59534	1.61402	1.57647	1.47978	1.32277	1.11096	0.850506	0.557519	0.249988	-0.0497156	-0.307744	-0.497569	-0.619916	-0.670727	-0.653297	-0.567259	-0.430799	-0.253534	-0.0675083	0.088099	0.182581	0.196085	0.131137	0.0128792	-0.137693	-0.28666	-0.397068	-0.450227	-0.437602	-0.369225	-0.245236	-0.0813639	0.100158	0.29157	0.460505	0.611302	0.737944	0.830654	0.897508	0.940369	0.970291	
0.087855	0.087855	0.17886	0.343794	0.560289	0.799894	1.03943	1.25238	1.41447	1.52263	1.57191	1.56164	1.49636	1.36541	1.16928	0.913892	0.623256	0.322674	0.0274585	-0.229146	-0.420341	-0.554403	-0.620952	-0.62346	-0.570183	-0.464043	-0.331029	-0.199147	-0.0830829	-0.0091449	0.00333829	-0.0449452	-0.137693	-0.251873	-0.357565	-0.432875	-0.453575	-0.418354	-0.333917	-0.199852	-0.0284529	0.15816	0.346267	0.508395	0.64468	0.762793	0.862466	0.935466	0.97645	1.0011	
-0.151796	-0.151796	-0.0558212	0.119474	0.346583	0.597751	0.856254	1.09481	1.2829	1.42231	1.50228	1.52305	1.48888	1.38206	1.20413	0.970999	0.690706	0.392605	0.10462	-0.144146	-0.338327	-0.485277	-0.571385	-0.592404	-0.55889	-0.480669	-0.392761	-0.311553	-0.238736	-0.191171	-0.183366	-0.220016	-0.28666	-0.357565	-0.422726	-0.463297	-0.453792	-0.397714	-0.291905	-0.144989	0.0246718	0.208437	0.391497	0.558419	0.68859	0.792493	0.892363	0.974761	1.02134	1.04021	
-0.365541	-0.365541	-0.269792	-0.100838	0.127601	0.387436	0.657901	0.915985	1.13292	1.29668	1.40661	1.45684	1.44954	1.36358	1.20211	0.984881	0.723036	0.443702	0.174919	-0.0662426	-0.269485	-0.423544	-0.521032	-0.549936	-0.525614	-0.473682	-0.423237	-0.37879	-0.344948	-0.326498	-0.330127	-0.358648	-0.397068	-0.432875	-0.463297	-0.471495	-0.442723	-0.367287	-0.249094	-0.0989368	0.066755	0.248892	0.424798	0.587167	0.71404	0.814753	0.916727	1.00496	1.05325	1.06925	
-0.517604	-0.517604	-0.437294	-0.283437	-0.0698571	0.181651	0.455362	0.721312	0.953624	1.14346	1.28087	1.3553	1.36939	1.30015	1.15094	0.947815	0.711038	0.459495	0.217266	-0.0136072	-0.210392	-0.353087	-0.445836	-0.483891	-0.463935	-0.426116	-0.397612	-0.383274	-0.386024	-0.393873	-0.409813	-0.435341	-0.450227	-0.453575	-0.453792	-0.442723	-0.40067	-0.307547	-0.184096	-0.0497403	0.102482	0.272442	0.439116	0.58634	0.711132	0.817229	0.920935	1.00517	1.05152	1.06377	
-0.597692	-0.597692	-0.536557	-0.406117	-0.220672	0.00186846	0.261361	0.520199	0.758324	0.961567	1.12166	1.21482	1.23565	1.17133	1.04241	0.864379	0.656394	0.432853	0.214991	0.0171587	-0.147605	-0.270379	-0.348071	-0.381201	-0.370286	-0.341981	-0.323219	-0.332993	-0.364333	-0.397318	-0.424014	-0.442433	-0.437602	-0.418354	-0.397714	-0.367287	-0.307547	-0.21078	-0.101522	0.0118313	0.139692	0.277437	0.420393	0.553474	0.673175	0.780855	0.876723	0.954829	0.999769	1.01209	
-0.612203	-0.612203	-0.565797	-0.467273	-0.322121	-0.13197	0.0891071	0.324377	0.552563	0.759899	0.921762	1.0253	1.04569	0.988728	0.872511	0.721471	0.55087	0.36896	0.188983	0.0363207	-0.0831058	-0.175545	-0.231879	-0.254276	-0.246308	-0.226348	-0.223084	-0.253049	-0.300467	-0.34394	-0.374232	-0.384825	-0.369225	-0.333917	-0.291905	-0.249094	-0.184096	-0.101522	-0.0137847	0.0731839	0.169792	0.270875	0.377929	0.482485	0.582676	0.683849	0.777053	0.850119	0.895945	0.902595	
-0.570506	-0.570506	-0.546911	-0.483398	-0.379231	-0.232994	-0.0535461	0.143394	0.341206	0.531411	0.686488	0.783238	0.805135	0.760654	0.65866	0.533133	0.404228	0.27357	0.14686	0.0478703	-0.0249468	-0.0703943	-0.0975055	-0.105177	-0.0956206	-0.0816285	-0.0952995	-0.135907	-0.188457	-0.239969	-0.271292	-0.269627	-0.245236	-0.199852	-0.144989	-0.0989368	-0.0497403	0.0118313	0.0731839	0.129602	0.185255	0.249026	0.312255	0.37743	0.454005	0.545246	0.635669	0.704735	0.745645	0.753329	
-0.487445	-0.487445	-0.487577	-0.463353	-0.405947	-0.304345	-0.166923	-0.0215282	0.133013	0.292722	0.427238	0.513955	0.537898	0.497492	0.417412	0.331511	0.246419	0.161959	0.0877898	0.0372505	0.0191304	0.0328281	0.0516419	0.0678594	0.0821924	0.0858711	0.0671211	0.0246577	-0.0304557	-0.0833146	-0.115877	-0.114223	-0.0813639	-0.0284529	0.0246718	0.066755	0.102482	0.139692	0.169792	0.185255	0.195921	0.216998	0.2416	0.27317	0.324351	0.393053	0.471272	0.538622	0.57656	0.584728	
-0.372262	-0.372262	-0.393585	-0.403832	-0.390106	-0.339142	-0.256667	-0.161186	-0.0524343	0.0705997	0.178705	0.251546	0.265922	0.231571	0.1774	0.130978	0.0872415	0.0434238	0.0111506	0.0130698	0.0566478	0.123246	0.192133	0.244414	0.272054	0.271261	0.253751	0.209088	0.151431	0.102895	0.072084	0.0664346	0.100158	0.15816	0.208437	0.248892	0.272442	0.277437	0.270875	0.249026	0.216998	0.192577	0.189384	0.197494	0.220854	0.2625	0.31996	0.37512	0.408885	0.416099	
-0.249479	-0.249479	-0.284549	-0.325783	-0.348788	-0.343165	-0.318094	-0.271662	-0.206949	-0.123658	-0.0458922	0.00540638	0.0114109	-0.0128898	-0.0436134	-0.0623791	-0.068513	-0.0694932	-0.0588658	-0.0135981	0.0853092	0.207627	0.322052	0.404105	0.447324	0.454922	0.44004	0.397845	0.335707	0.281693	0.250874	0.25322	0.29157	0.346267	0.391497	0.424798	0.439116	0.420393	0.377929	0.312255	0.2416	0.189384	0.170062	0.155032	0.14854	0.164116	0.198266	0.234263	0.254974	0.260579	
-0.150469	-0.150469	-0.197182	-0.263618	-0.313765	-0.34367	-0.359045	-0.354064	-0.335758	-0.299382	-0.253573	-0.227085	-0.227877	-0.240017	-0.244294	-0.233023	-0.20876	-0.17456	-0.120665	-0.0308298	0.109728	0.275798	0.424774	0.531198	0.595019	0.617979	0.60006	0.555302	0.499598	0.450587	0.423642	0.429352	0.460505	0.508395	0.558419	0.587167	0.58634	0.553474	0.482485	0.37743	0.27317	0.197494	0.155032	0.12505	0.0984786	0.0833805	0.0851288	0.0966138	0.106046	0.111631	
-0.0982477	-0.0982477	-0.152184	-0.235698	-0.304318	-0.35509	-0.396142	-0.425703	-0.449759	-0.460029	-0.449605	-0.442249	-0.443804	-0.441486	-0.420875	-0.384645	-0.335033	-0.267201	-0.173394	-0.0410207	0.133897	0.331304	0.509333	0.63757	0.711202	0.738452	0.72079	0.683741	0.645081	0.611909	0.59205	0.594191	0.611302	0.64468	0.68859	0.71404	0.711132	0.673175	0.582676	0.454005	0.324351	0.220854	0.14854	0.0984786	0.0511738	0.00525192	-0.0293584	-0.0453795	-0.0481749	-0.0477835	
-0.0855785	-0.0855785	-0.138556	-0.228698	-0.308506	-0.371335	-0.435445	-0.49434	-0.542043	-0.58078	-0.604834	-0.613818	-0.619528	-0.6125	-0.575233	-0.51414	-0.439398	-0.341413	-0.221493	-0.0579035	0.148797	0.371949	0.569935	0.711034	0.787126	0.814307	0.808042	0.781223	0.751746	0.729134	0.719391	0.722158	0.737944	0.762793	0.792493	0.814753	0.817229	0.780855	0.683849	0.545246	0.393053	0.2625	0.164116	0.0833805	0.00525192	-0.0756665	-0.147072	-0.189986	-0.205221	-0.214463	
-0.0752311	-0.0752311	-0.125185	-0.214425	-0.302266	-0.370599	-0.44414	-0.520092	-0.586403	-0.641213	-0.69693	-0.731526	-0.747099	-0.735008	-0.687697	-0.608864	-0.512651	-0.397028	-0.26223	-0.0803729	0.147251	0.382639	0.595289	0.748618	0.835901	0.867951	0.868185	0.842629	0.812367	0.795784	0.796848	0.807026	0.830654	0.862466	0.892363	0.916727	0.920935	0.876723	0.777053	0.635669	0.471272	0.31996	0.198266	0.0851288	-0.0293584	-0.147072	-0.245257	-0.314789	-0.345004	-0.356516	
-0.0558269	-0.0558269	-0.101375	-0.177444	-0.256455	-0.326894	-0.401123	-0.485344	-0.572899	-0.65517	-0.733347	-0.791183	-0.816519	-0.801252	-0.741907	-0.657605	-0.556659	-0.43848	-0.295628	-0.106895	0.124691	0.362673	0.579845	0.740486	0.838412	0.883823	0.890961	0.869519	0.84087	0.826591	0.83602	0.862949	0.897508	0.935466	0.974761	1.00496	1.00517	0.954829	0.850119	0.704735	0.538622	0.37512	0.234263	0.0966138	-0.0453795	-0.189986	-0.314789	-0.408994	-0.451748	-0.454898	
-0.00812299	-0.00812299	-0.0497675	-0.114262	-0.177223	-0.243109	-0.315612	-0.404733	-0.51031	-0.624181	-0.723794	-0.798604	-0.827897	-0.812971	-0.753059	-0.67263	-0.577552	-0.467013	-0.324766	-0.14377	0.0741232	0.304349	0.51351	0.668468	0.776263	0.840832	0.867609	0.868591	0.857784	0.851117	0.868707	0.902475	0.940369	0.97645	1.02134	1.05325	1.05152	0.999769	0.895945	0.745645	0.57656	0.408885	0.254974	0.106046	-0.0481749	-0.205221	-0.345004	-0.451748	-0.503254	-0.498514	
0.083927	0.083927	0.0415797	-0.0171205	-0.0756156	-0.144395	-0.220308	-0.309345	-0.424094	-0.547188	-0.660183	-0.751378	-0.798881	-0.795437	-0.75099	-0.673768	-0.586526	-0.489708	-0.371717	-0.213082	-0.0222915	0.187348	0.382657	0.535825	0.649909	0.736658	0.800375	0.839047	0.863313	0.883274	0.911174	0.941011	0.970291	1.0011	1.04021	1.06925	1.06377	1.01209	0.902595	0.753329	0.584728	0.416099	0.260579	0.111631	-0.0477835	-0.214463	-0.356516	-0.454898	-0.498514	-0.479774	
