-1.37234	-1.37234	-0.0823994	1.14407	0.296	-0.343477	
-1.37234	-1.37234	-0.0823994	1.14407	0.296	-0.343477	
-0.0823994	-0.0823994	-0.523329	-0.192959	-0.0855239	0.0799652	
1.14407	1.14407	-0.192959	-0.28886	-0.024485	0.691186	
0.296	0.296	-0.0855239	-0.024485	-0.668732	-0.204489	
-0.343477	-0.343477	0.0799652	0.691186	-0.204489	0.158781	
