-0.256973	0.2365	0.913496	0.280856	-0.106081	-0.106081	
0.2365	1.1736	0.551606	-0.216981	0.0155659	0.0155659	
0.913496	0.551606	-0.401721	-0.232193	0.444215	0.444215	
0.280856	-0.216981	-0.232193	0.299015	0.659789	0.659789	
-0.106081	0.0155659	0.444215	0.659789	0.613198	0.613198	
-0.106081	0.0155659	0.444215	0.659789	0.613198	0.613198	
