-0.0627635	0.498302	0.136073	0.332037	0.355269	0.355269	
0.498302	0.106397	0.258096	0.820779	0.203344	0.203344	
0.136073	0.258096	1.34353	1.04985	-0.278469	-0.278469	
0.332037	0.820779	1.04985	0.380294	-0.101727	-0.101727	
0.355269	0.203344	-0.278469	-0.101727	0.610762	0.610762	
0.355269	0.203344	-0.278469	-0.101727	0.610762	0.610762	
