-0.035086	-0.035086	-0.0334707	-0.0359336	-0.0330589	-0.0349646	-0.0338182	-0.0336199	-0.0343959	-0.0334773	-0.0345892	-0.0341954	-0.0349527	-0.0341095	-0.0348028	-0.0314421	-0.0299665	-0.0237465	-0.0109811	0.00316286	0.0390911	0.0864973	0.162156	0.272511	0.41585	0.591818	0.790768	0.980897	1.13534	1.21193	1.17301	1.012	0.739529	0.394532	0.0290232	-0.292704	-0.553483	-0.732641	-0.828085	-0.846828	-0.791542	-0.654428	-0.482784	-0.319094	-0.195775	-0.137301	-0.134585	-0.154803	-0.183604	-0.210472	
-0.035086	-0.035086	-0.0334707	-0.0359336	-0.0330589	-0.0349646	-0.0338182	-0.0336199	-0.0343959	-0.0334773	-0.0345892	-0.0341954	-0.0349527	-0.0341095	-0.0348028	-0.0314421	-0.0299665	-0.0237465	-0.0109811	0.00316286	0.0390911	0.0864973	0.162156	0.272511	0.41585	0.591818	0.790768	0.980897	1.13534	1.21193	1.17301	1.012	0.739529	0.394532	0.0290232	-0.292704	-0.553483	-0.732641	-0.828085	-0.846828	-0.791542	-0.654428	-0.482784	-0.319094	-0.195775	-0.137301	-0.134585	-0.154803	-0.183604	-0.210472	
-0.0334707	-0.0334707	-0.0326142	-0.0346571	-0.0333586	-0.0350497	-0.035599	-0.0350187	-0.0366147	-0.0358317	-0.0347372	-0.0357113	-0.0334906	-0.0324612	-0.0337651	-0.0300535	-0.0286922	-0.0249277	-0.0112406	0.00485069	0.0395385	0.0888446	0.166079	0.273985	0.415611	0.5904	0.790571	0.979806	1.13187	1.20636	1.1706	1.00954	0.738457	0.396004	0.035691	-0.28703	-0.547466	-0.727148	-0.822219	-0.842308	-0.787488	-0.652988	-0.483807	-0.321059	-0.199276	-0.139859	-0.135741	-0.155111	-0.183041	-0.210405	
-0.0359336	-0.0359336	-0.0346571	-0.036107	-0.0334523	-0.0347722	-0.032513	-0.0330646	-0.0325303	-0.0320736	-0.0343264	-0.0332061	-0.0357132	-0.0356702	-0.034986	-0.0329491	-0.0304402	-0.022125	-0.0111134	0.00500567	0.0392638	0.0876038	0.162271	0.272825	0.416253	0.59185	0.7843	0.971291	1.12239	1.19681	1.15776	1.0017	0.736509	0.399086	0.0403185	-0.278831	-0.537427	-0.717381	-0.816089	-0.83697	-0.782287	-0.653453	-0.488356	-0.329019	-0.207616	-0.147542	-0.139084	-0.155732	-0.182808	-0.206703	
-0.0330589	-0.0330589	-0.0333586	-0.0334523	-0.0343617	-0.0344192	-0.0358487	-0.0356995	-0.0364058	-0.0367433	-0.0350683	-0.035691	-0.0336404	-0.0324236	-0.032305	-0.0304708	-0.0273217	-0.0238765	-0.0114261	0.00756335	0.040893	0.0923311	0.169872	0.277182	0.417253	0.587923	0.780859	0.966329	1.11186	1.18167	1.148	0.992968	0.732563	0.4039	0.0569278	-0.262551	-0.520654	-0.700905	-0.800631	-0.82369	-0.771641	-0.649428	-0.491799	-0.335588	-0.218275	-0.155812	-0.142857	-0.156913	-0.181462	-0.205213	
-0.0349646	-0.0349646	-0.0350497	-0.0347722	-0.0344192	-0.0346178	-0.0333524	-0.0339863	-0.0330203	-0.0332779	-0.0337835	-0.0340138	-0.0346044	-0.0354414	-0.034226	-0.032998	-0.0294909	-0.0213871	-0.0113781	0.0107732	0.040638	0.093228	0.168719	0.275521	0.416344	0.589255	0.773905	0.952801	1.09412	1.16121	1.12674	0.978913	0.729067	0.408406	0.0691896	-0.245493	-0.498827	-0.681817	-0.784886	-0.811519	-0.759593	-0.648642	-0.497954	-0.349215	-0.233862	-0.169675	-0.149702	-0.158899	-0.180924	-0.200166	
-0.0338182	-0.0338182	-0.035599	-0.032513	-0.0358487	-0.0333524	-0.0344496	-0.0354162	-0.0337721	-0.0358319	-0.0350813	-0.0344668	-0.035279	-0.0338845	-0.0322649	-0.0318564	-0.0270937	-0.0211639	-0.0105334	0.0108872	0.0430018	0.0969456	0.173169	0.280784	0.42085	0.584757	0.763848	0.940637	1.07583	1.13936	1.10613	0.961841	0.720583	0.416356	0.08965	-0.220396	-0.473406	-0.655121	-0.762847	-0.790666	-0.744662	-0.642882	-0.50363	-0.361747	-0.251752	-0.184758	-0.1574	-0.161853	-0.179889	-0.195616	
-0.0336199	-0.0336199	-0.0350187	-0.0330646	-0.0356995	-0.0339863	-0.0354162	-0.0352398	-0.0346119	-0.0357681	-0.0336949	-0.035054	-0.0334751	-0.0336269	-0.0324467	-0.0318686	-0.027029	-0.0207115	-0.0104386	0.0165679	0.0448826	0.10129	0.178441	0.281757	0.418267	0.582896	0.758619	0.925818	1.0522	1.1087	1.07862	0.942303	0.714953	0.421331	0.10946	-0.193803	-0.440085	-0.626037	-0.735872	-0.768897	-0.725822	-0.637503	-0.508613	-0.377645	-0.272742	-0.202996	-0.167773	-0.166108	-0.178957	-0.190623	
-0.0343959	-0.0343959	-0.0366147	-0.0325303	-0.0364058	-0.0330203	-0.0337721	-0.0346119	-0.0323682	-0.0347235	-0.0343121	-0.0343153	-0.0358597	-0.0352166	-0.0336748	-0.032528	-0.0274457	-0.0190376	-0.00839478	0.016245	0.0465896	0.103884	0.179556	0.285276	0.423808	0.580463	0.745379	0.905908	1.02612	1.08042	1.04823	0.917127	0.701951	0.42897	0.131279	-0.162014	-0.405775	-0.591289	-0.706208	-0.742014	-0.706417	-0.630016	-0.514316	-0.395735	-0.296905	-0.224811	-0.181374	-0.172377	-0.179403	-0.184362	
-0.0334773	-0.0334773	-0.0358317	-0.0320736	-0.0367433	-0.0332779	-0.0358319	-0.0357681	-0.0347235	-0.0365078	-0.0345292	-0.0345063	-0.0341563	-0.0322602	-0.0315466	-0.0303099	-0.0251296	-0.0190921	-0.00648848	0.0192383	0.0519582	0.109622	0.187155	0.289851	0.423894	0.575011	0.737553	0.889393	0.998245	1.04428	1.01294	0.890864	0.690374	0.434979	0.153711	-0.126607	-0.365407	-0.550953	-0.670096	-0.709333	-0.682999	-0.617656	-0.517057	-0.411936	-0.321159	-0.246973	-0.196026	-0.179744	-0.178955	-0.178847	
-0.0345892	-0.0345892	-0.0347372	-0.0343264	-0.0350683	-0.0337835	-0.0350813	-0.0336949	-0.0343121	-0.0345292	-0.0338601	-0.0353156	-0.0344631	-0.0351039	-0.033203	-0.0319694	-0.0259056	-0.0177874	-0.00507821	0.021954	0.0543782	0.112503	0.190495	0.294316	0.425013	0.573629	0.727248	0.866728	0.967096	1.00808	0.975246	0.85985	0.675323	0.437857	0.176294	-0.0898791	-0.321041	-0.508951	-0.629969	-0.675699	-0.657417	-0.605143	-0.51993	-0.430993	-0.348735	-0.273147	-0.216262	-0.19033	-0.18127	-0.173797	
-0.0341954	-0.0341954	-0.0357113	-0.0332061	-0.035691	-0.0340138	-0.0344668	-0.035054	-0.0343153	-0.0345063	-0.0353156	-0.0335473	-0.0349916	-0.0330401	-0.0324883	-0.0296583	-0.0248921	-0.0169439	-0.000764618	0.0222977	0.0601976	0.118216	0.195772	0.298177	0.430124	0.570053	0.714862	0.845182	0.935605	0.970119	0.934012	0.826163	0.654415	0.441959	0.198515	-0.0492939	-0.276939	-0.459405	-0.58522	-0.634836	-0.629292	-0.586722	-0.519405	-0.447162	-0.374093	-0.300033	-0.237132	-0.202416	-0.18344	-0.168969	
-0.0349527	-0.0349527	-0.0334906	-0.0357132	-0.0336404	-0.0346044	-0.035279	-0.0334751	-0.0358597	-0.0341563	-0.0344631	-0.0349916	-0.0327335	-0.0336345	-0.0302071	-0.0292023	-0.0227558	-0.015085	0.000497025	0.0254943	0.0660932	0.122095	0.203391	0.307423	0.428331	0.566135	0.706426	0.824944	0.903446	0.928398	0.888903	0.789963	0.636575	0.440532	0.218496	-0.00992873	-0.225735	-0.407727	-0.534981	-0.59208	-0.59649	-0.565	-0.517073	-0.461053	-0.400183	-0.327458	-0.26241	-0.216611	-0.187891	-0.16587	
-0.0341095	-0.0341095	-0.0324612	-0.0356702	-0.0324236	-0.0354414	-0.0338845	-0.0336269	-0.0352166	-0.0322602	-0.0351039	-0.0330401	-0.0336345	-0.0342957	-0.0311396	-0.0301583	-0.0230991	-0.0133697	0.00429519	0.029741	0.0713977	0.12824	0.208563	0.310878	0.434235	0.568951	0.69522	0.801191	0.870814	0.888346	0.84682	0.752433	0.609894	0.436656	0.240477	0.0319769	-0.175937	-0.352116	-0.479708	-0.544701	-0.559991	-0.540579	-0.511269	-0.473748	-0.423925	-0.357839	-0.290018	-0.234859	-0.194968	-0.165177	
-0.0348028	-0.0348028	-0.0337651	-0.034986	-0.032305	-0.034226	-0.0322649	-0.0324467	-0.0336748	-0.0315466	-0.033203	-0.0324883	-0.0302071	-0.0311396	-0.027196	-0.0242405	-0.0192533	-0.00901585	0.00792912	0.0332272	0.0776065	0.1352	0.218514	0.320685	0.436779	0.565106	0.685727	0.782596	0.840277	0.846503	0.798975	0.710013	0.584754	0.432389	0.257437	0.0694047	-0.12282	-0.2912	-0.419456	-0.493212	-0.517408	-0.510316	-0.500181	-0.479558	-0.4432	-0.384804	-0.317398	-0.252153	-0.202386	-0.164342	
-0.0314421	-0.0314421	-0.0300535	-0.0329491	-0.0304708	-0.032998	-0.0318564	-0.0318686	-0.032528	-0.0303099	-0.0319694	-0.0296583	-0.0292023	-0.0301583	-0.0242405	-0.0246214	-0.0158788	-0.00374475	0.0130968	0.0417139	0.0883191	0.144044	0.228369	0.331351	0.445398	0.571591	0.680254	0.766122	0.812325	0.808154	0.757472	0.674003	0.558938	0.423262	0.275052	0.11165	-0.065795	-0.226577	-0.354277	-0.434476	-0.468629	-0.475221	-0.484886	-0.480699	-0.459765	-0.41258	-0.346954	-0.27428	-0.214722	-0.1678	
-0.0299665	-0.0299665	-0.0286922	-0.0304402	-0.0273217	-0.0294909	-0.0270937	-0.027029	-0.0274457	-0.0251296	-0.0259056	-0.0248921	-0.0227558	-0.0230991	-0.0192533	-0.0158788	-0.00963099	0.00375254	0.0201474	0.0536852	0.0958355	0.158185	0.243187	0.341863	0.453776	0.576777	0.677377	0.753016	0.786824	0.772149	0.717729	0.632769	0.529131	0.415527	0.293292	0.147955	-0.00999337	-0.158802	-0.281576	-0.371427	-0.411968	-0.435828	-0.460236	-0.474666	-0.46805	-0.435264	-0.37233	-0.294602	-0.226078	-0.170287	
-0.0237465	-0.0237465	-0.0249277	-0.022125	-0.0238765	-0.0213871	-0.0211639	-0.0207115	-0.0190376	-0.0190921	-0.0177874	-0.0169439	-0.015085	-0.0133697	-0.00901585	-0.00374475	0.00375254	0.0186424	0.0365435	0.0679303	0.114038	0.17577	0.261589	0.362877	0.476888	0.588987	0.681287	0.747914	0.771054	0.745382	0.683671	0.600648	0.508414	0.410668	0.307978	0.189307	0.0537236	-0.0815914	-0.203996	-0.295658	-0.345939	-0.38444	-0.426832	-0.45658	-0.468301	-0.450333	-0.393408	-0.314368	-0.238418	-0.173744	
-0.0109811	-0.0109811	-0.0112406	-0.0111134	-0.0114261	-0.0113781	-0.0105334	-0.0104386	-0.00839478	-0.00648848	-0.00507821	-0.000764618	0.000497025	0.00429519	0.00792912	0.0130968	0.0201474	0.0365435	0.0555056	0.0921052	0.14009	0.205488	0.291411	0.389856	0.49879	0.610099	0.697778	0.755666	0.763368	0.728913	0.659901	0.577799	0.489347	0.409481	0.329481	0.235967	0.119408	0.000112491	-0.115318	-0.208234	-0.268651	-0.32394	-0.380089	-0.427763	-0.457401	-0.456113	-0.407798	-0.330881	-0.250587	-0.175403	
0.00316286	0.00316286	0.00485069	0.00500567	0.00756335	0.0107732	0.0108872	0.0165679	0.016245	0.0192383	0.021954	0.0222977	0.0254943	0.029741	0.0332272	0.0417139	0.0536852	0.0679303	0.0921052	0.126702	0.173325	0.23987	0.326985	0.428111	0.540554	0.643253	0.725085	0.770451	0.76845	0.724412	0.650193	0.562247	0.481668	0.415893	0.355162	0.28334	0.192525	0.0916421	-0.0161923	-0.107637	-0.178525	-0.246557	-0.318281	-0.381836	-0.430776	-0.444999	-0.408004	-0.338622	-0.2529	-0.171648	
0.0390911	0.0390911	0.0395385	0.0392638	0.040893	0.040638	0.0430018	0.0448826	0.0465896	0.0519582	0.0543782	0.0601976	0.0660932	0.0713977	0.0776065	0.0883191	0.0958355	0.114038	0.14009	0.173325	0.228533	0.298561	0.38523	0.486107	0.595166	0.693461	0.771127	0.807161	0.797265	0.744358	0.656709	0.567466	0.492339	0.437243	0.3911	0.346171	0.279293	0.196302	0.0999127	0.013203	-0.0672633	-0.148694	-0.23446	-0.316019	-0.383814	-0.414132	-0.394277	-0.334148	-0.250221	-0.161358	
0.0864973	0.0864973	0.0888446	0.0876038	0.0923311	0.093228	0.0969456	0.10129	0.103884	0.109622	0.112503	0.118216	0.122095	0.12824	0.1352	0.144044	0.158185	0.17577	0.205488	0.23987	0.298561	0.364322	0.453371	0.557809	0.663654	0.759148	0.834106	0.862543	0.840319	0.775182	0.682228	0.590962	0.51403	0.466734	0.439131	0.416343	0.37038	0.309027	0.229714	0.14891	0.0589624	-0.0309595	-0.131937	-0.230214	-0.31579	-0.361279	-0.360264	-0.312933	-0.231122	-0.138396	
0.162156	0.162156	0.166079	0.162271	0.169872	0.168719	0.173169	0.178441	0.179556	0.187155	0.190495	0.195772	0.203391	0.208563	0.218514	0.228369	0.243187	0.261589	0.291411	0.326985	0.38523	0.453371	0.544347	0.648757	0.751494	0.849517	0.916311	0.931538	0.90381	0.832408	0.73001	0.629846	0.55609	0.514929	0.499266	0.494708	0.475764	0.436631	0.376316	0.301497	0.20985	0.111933	-0.00355927	-0.119378	-0.2192	-0.281835	-0.301651	-0.26968	-0.194428	-0.10169	
0.272511	0.272511	0.273985	0.272825	0.277182	0.275521	0.280784	0.281757	0.285276	0.289851	0.294316	0.298177	0.307423	0.310878	0.320685	0.331351	0.341863	0.362877	0.389856	0.428111	0.486107	0.557809	0.648757	0.752461	0.852877	0.946192	1.00455	1.01861	0.98628	0.900367	0.789199	0.684287	0.608664	0.567794	0.567316	0.580261	0.5837	0.564936	0.530725	0.464546	0.375883	0.270446	0.142206	0.0115593	-0.101977	-0.181007	-0.22292	-0.205498	-0.141504	-0.0517326	
0.41585	0.41585	0.415611	0.416253	0.417253	0.416344	0.42085	0.418267	0.423808	0.423894	0.425013	0.430124	0.428331	0.434235	0.436779	0.445398	0.453776	0.476888	0.49879	0.540554	0.595166	0.663654	0.751494	0.852877	0.952172	1.04497	1.09941	1.10916	1.06209	0.966717	0.848954	0.740586	0.659123	0.62271	0.627212	0.65551	0.679741	0.690383	0.678621	0.624498	0.545417	0.435995	0.298736	0.152708	0.031411	-0.0671239	-0.12515	-0.124691	-0.0742012	0.0113596	
0.591818	0.591818	0.5904	0.59185	0.587923	0.589255	0.584757	0.582896	0.580463	0.575011	0.573629	0.570053	0.566135	0.568951	0.565106	0.571591	0.576777	0.588987	0.610099	0.643253	0.693461	0.759148	0.849517	0.946192	1.04497	1.12957	1.17746	1.17752	1.12283	1.02513	0.901305	0.781391	0.692063	0.657513	0.667932	0.712125	0.754396	0.792526	0.801886	0.772069	0.704424	0.596998	0.449622	0.298301	0.166234	0.0522128	-0.0196768	-0.0365905	0.000356713	0.0753311	
0.790768	0.790768	0.790571	0.7843	0.780859	0.773905	0.763848	0.758619	0.745379	0.737553	0.727248	0.714862	0.706426	0.69522	0.685727	0.680254	0.677377	0.681287	0.697778	0.725085	0.771127	0.834106	0.916311	1.00455	1.09941	1.17746	1.22013	1.21717	1.15853	1.04876	0.911426	0.784072	0.695118	0.658146	0.670947	0.722771	0.784306	0.848216	0.884182	0.879315	0.827599	0.725151	0.576166	0.421755	0.278183	0.153303	0.0708434	0.0390657	0.0607885	0.125657	
0.980897	0.980897	0.979806	0.971291	0.966329	0.952801	0.940637	0.925818	0.905908	0.889393	0.866728	0.845182	0.824944	0.801191	0.782596	0.766122	0.753016	0.747914	0.755666	0.770451	0.807161	0.862543	0.931538	1.01861	1.10916	1.17752	1.21717	1.20646	1.13283	1.01534	0.875906	0.741929	0.644387	0.601171	0.615153	0.6738	0.755096	0.841137	0.903209	0.926196	0.897235	0.805478	0.661406	0.505314	0.352973	0.223235	0.132327	0.0879582	0.0948084	0.150061	
1.13534	1.13534	1.13187	1.12239	1.11186	1.09412	1.07583	1.0522	1.02612	0.998245	0.967096	0.935605	0.903446	0.870814	0.840277	0.812325	0.786824	0.771054	0.763368	0.76845	0.797265	0.840319	0.90381	0.98628	1.06209	1.12283	1.15853	1.13283	1.05591	0.935527	0.785033	0.638918	0.535107	0.485263	0.498069	0.563218	0.657432	0.758884	0.849067	0.904536	0.89923	0.821318	0.68884	0.531971	0.375233	0.241396	0.144297	0.0881736	0.0824891	0.128404	
1.21193	1.21193	1.20636	1.19681	1.18167	1.16121	1.13936	1.1087	1.08042	1.04428	1.00808	0.970119	0.928398	0.888346	0.846503	0.808154	0.772149	0.745382	0.728913	0.724412	0.744358	0.775182	0.832408	0.900367	0.966717	1.02513	1.04876	1.01534	0.935527	0.804054	0.639578	0.487335	0.374367	0.319385	0.327062	0.391435	0.489589	0.610306	0.728305	0.811719	0.826849	0.774071	0.655346	0.500018	0.338649	0.204542	0.0991475	0.0341505	0.0162675	0.0523753	
1.17301	1.17301	1.1706	1.15776	1.148	1.12674	1.10613	1.07862	1.04823	1.01294	0.975246	0.934012	0.888903	0.84682	0.798975	0.757472	0.717729	0.683671	0.659901	0.650193	0.656709	0.682228	0.73001	0.789199	0.848954	0.901305	0.911426	0.875906	0.785033	0.639578	0.468079	0.311215	0.187005	0.118483	0.115077	0.176929	0.281888	0.413162	0.55055	0.655152	0.700709	0.673924	0.56916	0.414199	0.256043	0.118346	0.00409133	-0.0699565	-0.0982661	-0.0742532	
1.012	1.012	1.00954	1.0017	0.992968	0.978913	0.961841	0.942303	0.917127	0.890864	0.85985	0.826163	0.789963	0.752433	0.710013	0.674003	0.632769	0.600648	0.577799	0.562247	0.567466	0.590962	0.629846	0.684287	0.740586	0.781391	0.784072	0.741929	0.638918	0.487335	0.311215	0.138946	-0.00320498	-0.083271	-0.0934752	-0.0375885	0.0596973	0.195387	0.348931	0.476272	0.54879	0.545414	0.454532	0.307411	0.153493	0.00564972	-0.118277	-0.202965	-0.242079	-0.236969	
0.739529	0.739529	0.738457	0.736509	0.732563	0.729067	0.720583	0.714953	0.701951	0.690374	0.675323	0.654415	0.636575	0.609894	0.584754	0.558938	0.529131	0.508414	0.489347	0.481668	0.492339	0.51403	0.55609	0.608664	0.659123	0.692063	0.695118	0.644387	0.535107	0.374367	0.187005	-0.00320498	-0.154784	-0.246878	-0.271294	-0.235067	-0.145843	-0.00580105	0.156206	0.296245	0.392698	0.41288	0.338788	0.203783	0.0498387	-0.108933	-0.242665	-0.338502	-0.392549	-0.409262	
0.394532	0.394532	0.396004	0.399086	0.4039	0.408406	0.416356	0.421331	0.42897	0.434979	0.437857	0.441959	0.440532	0.436656	0.432389	0.423262	0.415527	0.410668	0.409481	0.415893	0.437243	0.466734	0.514929	0.567794	0.62271	0.657513	0.658146	0.601171	0.485263	0.319385	0.118483	-0.083271	-0.246878	-0.355238	-0.404235	-0.382964	-0.301271	-0.166075	-0.0110887	0.143094	0.261773	0.303875	0.246111	0.127699	-0.027494	-0.193146	-0.338091	-0.44676	-0.520729	-0.558182	
0.0290232	0.0290232	0.035691	0.0403185	0.0569278	0.0691896	0.08965	0.10946	0.131279	0.153711	0.176294	0.198515	0.218496	0.240477	0.257437	0.275052	0.293292	0.307978	0.329481	0.355162	0.3911	0.439131	0.499266	0.567316	0.627212	0.667932	0.670947	0.615153	0.498069	0.327062	0.115077	-0.0934752	-0.271294	-0.404235	-0.470644	-0.462053	-0.397037	-0.282809	-0.129668	0.036413	0.169116	0.225242	0.191988	0.0914676	-0.0621586	-0.231761	-0.387096	-0.510661	-0.60513	-0.662829	
-0.292704	-0.292704	-0.28703	-0.278831	-0.262551	-0.245493	-0.220396	-0.193803	-0.162014	-0.126607	-0.0898791	-0.0492939	-0.00992873	0.0319769	0.0694047	0.11165	0.147955	0.189307	0.235967	0.28334	0.346171	0.416343	0.494708	0.580261	0.65551	0.712125	0.722771	0.6738	0.563218	0.391435	0.176929	-0.0375885	-0.235067	-0.382964	-0.462053	-0.475427	-0.4377	-0.336939	-0.187236	-0.0234857	0.111997	0.187373	0.181491	0.0939833	-0.0532818	-0.222987	-0.38566	-0.52745	-0.640423	-0.718146	
-0.553483	-0.553483	-0.547466	-0.537427	-0.520654	-0.498827	-0.473406	-0.440085	-0.405775	-0.365407	-0.321041	-0.276939	-0.225735	-0.175937	-0.12282	-0.065795	-0.00999337	0.0537236	0.119408	0.192525	0.279293	0.37038	0.475764	0.5837	0.679741	0.754396	0.784306	0.755096	0.657432	0.489589	0.281888	0.0596973	-0.145843	-0.301271	-0.397037	-0.4377	-0.417181	-0.332096	-0.197946	-0.0460015	0.0955006	0.189942	0.202184	0.128418	-0.00409617	-0.166645	-0.336857	-0.494283	-0.621954	-0.717925	
-0.732641	-0.732641	-0.727148	-0.717381	-0.700905	-0.681817	-0.655121	-0.626037	-0.591289	-0.550953	-0.508951	-0.459405	-0.407727	-0.352116	-0.2912	-0.226577	-0.158802	-0.0815914	0.000112491	0.0916421	0.196302	0.309027	0.436631	0.564936	0.690383	0.792526	0.848216	0.841137	0.758884	0.610306	0.413162	0.195387	-0.00580105	-0.166075	-0.282809	-0.336939	-0.332096	-0.266662	-0.153458	-0.0107268	0.131811	0.23626	0.260575	0.20544	0.0927615	-0.0635387	-0.240391	-0.409604	-0.552065	-0.665481	
-0.828085	-0.828085	-0.822219	-0.816089	-0.800631	-0.784886	-0.762847	-0.735872	-0.706208	-0.670096	-0.629969	-0.58522	-0.534981	-0.479708	-0.419456	-0.354277	-0.281576	-0.203996	-0.115318	-0.0161923	0.0999127	0.229714	0.376316	0.530725	0.678621	0.801886	0.884182	0.903209	0.849067	0.728305	0.55055	0.348931	0.156206	-0.0110887	-0.129668	-0.187236	-0.197946	-0.153458	-0.0571455	0.0725749	0.211138	0.31928	0.352535	0.318493	0.223215	0.0747799	-0.10423	-0.279438	-0.435587	-0.567384	
-0.846828	-0.846828	-0.842308	-0.83697	-0.82369	-0.811519	-0.790666	-0.768897	-0.742014	-0.709333	-0.675699	-0.634836	-0.59208	-0.544701	-0.493212	-0.434476	-0.371427	-0.295658	-0.208234	-0.107637	0.013203	0.14891	0.301497	0.464546	0.624498	0.772069	0.879315	0.926196	0.904536	0.811719	0.655152	0.476272	0.296245	0.143094	0.036413	-0.0234857	-0.0460015	-0.0107268	0.0725749	0.192035	0.327174	0.43261	0.476051	0.46248	0.385628	0.24644	0.0747554	-0.101586	-0.271003	-0.419887	
-0.791542	-0.791542	-0.787488	-0.782287	-0.771641	-0.759593	-0.744662	-0.725822	-0.706417	-0.682999	-0.657417	-0.629292	-0.59649	-0.559991	-0.517408	-0.468629	-0.411968	-0.345939	-0.268651	-0.178525	-0.0672633	0.0589624	0.20985	0.375883	0.545417	0.704424	0.827599	0.897235	0.89923	0.826849	0.700709	0.54879	0.392698	0.261773	0.169116	0.111997	0.0955006	0.131811	0.211138	0.327174	0.454941	0.559269	0.618018	0.625639	0.561974	0.439432	0.284165	0.10983	-0.0695791	-0.235124	
-0.654428	-0.654428	-0.652988	-0.653453	-0.649428	-0.648642	-0.642882	-0.637503	-0.630016	-0.617656	-0.605143	-0.586722	-0.565	-0.540579	-0.510316	-0.475221	-0.435828	-0.38444	-0.32394	-0.246557	-0.148694	-0.0309595	0.111933	0.270446	0.435995	0.596998	0.725151	0.805478	0.821318	0.774071	0.673924	0.545414	0.41288	0.303875	0.225242	0.187373	0.189942	0.23626	0.31928	0.43261	0.559269	0.674864	0.752729	0.770337	0.723254	0.628284	0.494115	0.324521	0.139329	-0.0338552	
-0.482784	-0.482784	-0.483807	-0.488356	-0.491799	-0.497954	-0.50363	-0.508613	-0.514316	-0.517057	-0.51993	-0.519405	-0.517073	-0.511269	-0.500181	-0.484886	-0.460236	-0.426832	-0.380089	-0.318281	-0.23446	-0.131937	-0.00355927	0.142206	0.298736	0.449622	0.576166	0.661406	0.68884	0.655346	0.56916	0.454532	0.338788	0.246111	0.191988	0.181491	0.202184	0.260575	0.352535	0.476051	0.618018	0.752729	0.838278	0.869853	0.853745	0.792408	0.678316	0.519766	0.34359	0.169568	
-0.319094	-0.319094	-0.321059	-0.329019	-0.335588	-0.349215	-0.361747	-0.377645	-0.395735	-0.411936	-0.430993	-0.447162	-0.461053	-0.473748	-0.479558	-0.480699	-0.474666	-0.45658	-0.427763	-0.381836	-0.316019	-0.230214	-0.119378	0.0115593	0.152708	0.298301	0.421755	0.505314	0.531971	0.500018	0.414199	0.307411	0.203783	0.127699	0.0914676	0.0939833	0.128418	0.20544	0.318493	0.46248	0.625639	0.770337	0.869853	0.932498	0.952671	0.916648	0.823934	0.69171	0.53118	0.360729	
-0.195775	-0.195775	-0.199276	-0.207616	-0.218275	-0.233862	-0.251752	-0.272742	-0.296905	-0.321159	-0.348735	-0.374093	-0.400183	-0.423925	-0.4432	-0.459765	-0.46805	-0.468301	-0.457401	-0.430776	-0.383814	-0.31579	-0.2192	-0.101977	0.031411	0.166234	0.278183	0.352973	0.375233	0.338649	0.256043	0.153493	0.0498387	-0.027494	-0.0621586	-0.0532818	-0.00409617	0.0927615	0.223215	0.385628	0.561974	0.723254	0.853745	0.952671	0.998014	0.98594	0.931031	0.832916	0.693695	0.52948	
-0.137301	-0.137301	-0.139859	-0.147542	-0.155812	-0.169675	-0.184758	-0.202996	-0.224811	-0.246973	-0.273147	-0.300033	-0.327458	-0.357839	-0.384804	-0.41258	-0.435264	-0.450333	-0.456113	-0.444999	-0.414132	-0.361279	-0.281835	-0.181007	-0.0671239	0.0522128	0.153303	0.223235	0.241396	0.204542	0.118346	0.00564972	-0.108933	-0.193146	-0.231761	-0.222987	-0.166645	-0.0635387	0.0747799	0.24644	0.439432	0.628284	0.792408	0.916648	0.98594	1.01521	1.0061	0.946192	0.833308	0.687109	
-0.134585	-0.134585	-0.135741	-0.139084	-0.142857	-0.149702	-0.1574	-0.167773	-0.181374	-0.196026	-0.216262	-0.237132	-0.26241	-0.290018	-0.317398	-0.346954	-0.37233	-0.393408	-0.407798	-0.408004	-0.394277	-0.360264	-0.301651	-0.22292	-0.12515	-0.0196768	0.0708434	0.132327	0.144297	0.0991475	0.00409133	-0.118277	-0.242665	-0.338091	-0.387096	-0.38566	-0.336857	-0.240391	-0.10423	0.0747554	0.284165	0.494115	0.678316	0.823934	0.931031	1.0061	1.04225	1.02281	0.950672	0.833521	
-0.154803	-0.154803	-0.155111	-0.155732	-0.156913	-0.158899	-0.161853	-0.166108	-0.172377	-0.179744	-0.19033	-0.202416	-0.216611	-0.234859	-0.252153	-0.27428	-0.294602	-0.314368	-0.330881	-0.338622	-0.334148	-0.312933	-0.26968	-0.205498	-0.124691	-0.0365905	0.0390657	0.0879582	0.0881736	0.0341505	-0.0699565	-0.202965	-0.338502	-0.44676	-0.510661	-0.52745	-0.494283	-0.409604	-0.279438	-0.101586	0.10983	0.324521	0.519766	0.69171	0.832916	0.946192	1.02281	1.0533	1.02991	0.95367	
-0.183604	-0.183604	-0.183041	-0.182808	-0.181462	-0.180924	-0.179889	-0.178957	-0.179403	-0.178955	-0.18127	-0.18344	-0.187891	-0.194968	-0.202386	-0.214722	-0.226078	-0.238418	-0.250587	-0.2529	-0.250221	-0.231122	-0.194428	-0.141504	-0.0742012	0.000356713	0.0607885	0.0948084	0.0824891	0.0162675	-0.0982661	-0.242079	-0.392549	-0.520729	-0.60513	-0.640423	-0.621954	-0.552065	-0.435587	-0.271003	-0.0695791	0.139329	0.34359	0.53118	0.693695	0.833308	0.950672	1.02991	1.05947	1.03978	
-0.210472	-0.210472	-0.210405	-0.206703	-0.205213	-0.200166	-0.195616	-0.190623	-0.184362	-0.178847	-0.173797	-0.168969	-0.16587	-0.165177	-0.164342	-0.1678	-0.170287	-0.173744	-0.175403	-0.171648	-0.161358	-0.138396	-0.10169	-0.0517326	0.0113596	0.0753311	0.125657	0.150061	0.128404	0.0523753	-0.0742532	-0.236969	-0.409262	-0.558182	-0.662829	-0.718146	-0.717925	-0.665481	-0.567384	-0.419887	-0.235124	-0.0338552	0.169568	0.360729	0.52948	0.687109	0.833521	0.95367	1.03978	1.08412	
