-0.400768	0.267625	1.28328	-0.433644	-0.266731	-0.266731	
0.267625	0.857115	0.102205	0.416512	-0.766562	-0.766562	
1.28328	0.102205	-1.17128	0.581875	0.340161	0.340161	
-0.433644	0.416512	0.581875	-0.718555	-0.828699	-0.828699	
-0.266731	-0.766562	0.340161	-0.828699	0.942566	0.942566	
-0.266731	-0.766562	0.340161	-0.828699	0.942566	0.942566	
