-2.32418	-2.32418	-2.19525	-1.96242	-1.66229	-1.32123	-0.969156	-0.629603	-0.321843	-0.0541672	0.158438	0.342733	0.4965	0.615821	0.706575	0.778411	0.827555	0.88248	0.94767	1.02081	1.06489	1.03764	0.930323	0.767302	0.575092	0.364935	0.142962	-0.0832792	-0.292142	-0.451443	-0.534859	-0.531882	-0.43774	-0.259173	-0.0153024	0.280586	0.59822	0.892347	1.12386	1.25559	1.25999	1.14881	0.966283	0.752372	0.536086	0.30026	0.0496802	-0.182195	-0.382981	-0.551809	
-2.32418	-2.32418	-2.19525	-1.96242	-1.66229	-1.32123	-0.969156	-0.629603	-0.321843	-0.0541672	0.158438	0.342733	0.4965	0.615821	0.706575	0.778411	0.827555	0.88248	0.94767	1.02081	1.06489	1.03764	0.930323	0.767302	0.575092	0.364935	0.142962	-0.0832792	-0.292142	-0.451443	-0.534859	-0.531882	-0.43774	-0.259173	-0.0153024	0.280586	0.59822	0.892347	1.12386	1.25559	1.25999	1.14881	0.966283	0.752372	0.536086	0.30026	0.0496802	-0.182195	-0.382981	-0.551809	
-2.19525	-2.19525	-2.07868	-1.85837	-1.57027	-1.24767	-0.909498	-0.583271	-0.29575	-0.0411833	0.169547	0.342634	0.483717	0.588027	0.66286	0.721103	0.762524	0.807579	0.861816	0.921135	0.962785	0.94664	0.852672	0.706499	0.530099	0.325326	0.103236	-0.116931	-0.318741	-0.475744	-0.561754	-0.55938	-0.465296	-0.292825	-0.046599	0.251593	0.565822	0.85493	1.08253	1.20995	1.21512	1.11817	0.954359	0.754573	0.544178	0.324642	0.0966723	-0.118317	-0.305886	-0.460652	
-1.96242	-1.96242	-1.85837	-1.66121	-1.39799	-1.1029	-0.788967	-0.485164	-0.223797	0.00561339	0.198342	0.344822	0.457553	0.535884	0.590964	0.629879	0.654431	0.677634	0.712418	0.752009	0.780738	0.769635	0.703313	0.582789	0.431547	0.254244	0.0471731	-0.170411	-0.370338	-0.524932	-0.617187	-0.622035	-0.529095	-0.349096	-0.107623	0.180407	0.489713	0.777491	0.999254	1.1222	1.13954	1.06554	0.92689	0.751593	0.564164	0.371538	0.181432	-0.00432251	-0.16815	-0.294505	
-1.66229	-1.66229	-1.57027	-1.39799	-1.16063	-0.891878	-0.61032	-0.341556	-0.111649	0.0884524	0.250727	0.364345	0.445514	0.487227	0.508503	0.524172	0.527508	0.521733	0.529218	0.543788	0.55665	0.547515	0.50193	0.410309	0.291718	0.138573	-0.0528271	-0.256856	-0.4481	-0.603476	-0.699698	-0.708143	-0.61873	-0.444498	-0.212939	0.0626744	0.360192	0.641566	0.863532	0.992131	1.03081	0.993462	0.89372	0.756033	0.601538	0.437967	0.285894	0.137798	0.00491745	-0.0946324	
-1.32123	-1.32123	-1.24767	-1.1029	-0.891878	-0.646264	-0.395508	-0.162969	0.0328006	0.202005	0.329244	0.409789	0.455623	0.458637	0.444263	0.43681	0.416834	0.383103	0.353834	0.332239	0.322933	0.31124	0.276584	0.214852	0.123993	-0.0152638	-0.195235	-0.38487	-0.564181	-0.712122	-0.808795	-0.821992	-0.740469	-0.578785	-0.354927	-0.0904741	0.191144	0.460968	0.679288	0.818672	0.88619	0.897929	0.854547	0.765064	0.651176	0.525457	0.404154	0.29344	0.196649	0.119071	
-0.969156	-0.969156	-0.909498	-0.788967	-0.61032	-0.395508	-0.17266	0.0286419	0.194875	0.334569	0.431272	0.481455	0.494623	0.46837	0.426479	0.393325	0.346928	0.279942	0.210381	0.156863	0.117753	0.0857663	0.0523327	0.00660956	-0.0708068	-0.195737	-0.359226	-0.542535	-0.720851	-0.864179	-0.955145	-0.972742	-0.889358	-0.727106	-0.51775	-0.271407	-0.00381454	0.252103	0.467691	0.626415	0.72852	0.785413	0.796221	0.765391	0.702337	0.616697	0.530869	0.454157	0.390018	0.337073	
-0.629603	-0.629603	-0.583271	-0.485164	-0.341556	-0.162969	0.0286419	0.204668	0.347419	0.465571	0.543234	0.57846	0.568093	0.522827	0.459572	0.397649	0.319558	0.221678	0.115999	0.0286809	-0.0416199	-0.0990699	-0.146315	-0.198273	-0.271143	-0.385072	-0.545649	-0.733122	-0.912439	-1.05597	-1.1435	-1.1515	-1.06492	-0.900121	-0.696787	-0.468019	-0.221435	0.0227246	0.242275	0.422461	0.561737	0.662397	0.730429	0.758078	0.75121	0.711582	0.661609	0.616682	0.576101	0.53704	
-0.321843	-0.321843	-0.29575	-0.223797	-0.111649	0.0328006	0.194875	0.347419	0.474845	0.583309	0.654061	0.681346	0.65957	0.605539	0.534117	0.452009	0.341726	0.212803	0.073221	-0.0527165	-0.15494	-0.232204	-0.300669	-0.365099	-0.442915	-0.565315	-0.738387	-0.930729	-1.11136	-1.26214	-1.3495	-1.34955	-1.26121	-1.10488	-0.899285	-0.673415	-0.439387	-0.203142	0.0206742	0.222336	0.397321	0.547643	0.671132	0.75961	0.806442	0.81073	0.789867	0.769594	0.748019	0.716778	
-0.0541672	-0.0541672	-0.0411833	0.00561339	0.0884524	0.202005	0.334569	0.465571	0.583309	0.681649	0.749691	0.77967	0.760277	0.706304	0.634318	0.530963	0.393432	0.239304	0.0700305	-0.0919397	-0.223229	-0.327104	-0.418533	-0.501751	-0.591112	-0.713097	-0.889507	-1.09617	-1.29326	-1.4503	-1.5426	-1.54681	-1.46023	-1.29838	-1.09525	-0.877459	-0.647285	-0.40703	-0.170775	0.0544404	0.265373	0.459741	0.62833	0.756952	0.84759	0.89683	0.903286	0.899075	0.890233	0.863879	
0.158438	0.158438	0.169547	0.198342	0.250727	0.329244	0.431272	0.543234	0.654061	0.749691	0.81788	0.854306	0.854217	0.810021	0.731897	0.614653	0.461603	0.280148	0.0853979	-0.0974417	-0.247184	-0.381625	-0.499349	-0.597891	-0.693656	-0.823441	-0.998529	-1.20787	-1.42331	-1.60031	-1.70172	-1.71066	-1.62526	-1.46965	-1.27855	-1.06125	-0.82929	-0.588921	-0.331281	-0.075345	0.164282	0.388878	0.588909	0.747187	0.867668	0.94508	0.97905	0.984174	0.976879	0.953053	
0.342733	0.342733	0.342634	0.344822	0.364345	0.409789	0.481455	0.57846	0.681346	0.77967	0.854306	0.901079	0.916629	0.884296	0.806979	0.689087	0.521936	0.316196	0.104285	-0.0947467	-0.263978	-0.413883	-0.538847	-0.642753	-0.748486	-0.885347	-1.06086	-1.2737	-1.49777	-1.68293	-1.79615	-1.81548	-1.74334	-1.60075	-1.41401	-1.19669	-0.961716	-0.718586	-0.459178	-0.191781	0.0678199	0.31082	0.527605	0.703439	0.842852	0.936783	0.986258	0.999187	0.991507	0.964394	
0.4965	0.4965	0.483717	0.457553	0.445514	0.455623	0.494623	0.568093	0.65957	0.760277	0.854217	0.916629	0.944936	0.922262	0.843066	0.717256	0.537157	0.318042	0.0987567	-0.102437	-0.282306	-0.43077	-0.550683	-0.658697	-0.771298	-0.902696	-1.07134	-1.28218	-1.50541	-1.69511	-1.8141	-1.84303	-1.78189	-1.65244	-1.47544	-1.26559	-1.03498	-0.789134	-0.538007	-0.276875	-0.018727	0.218622	0.424074	0.605226	0.746329	0.841507	0.90475	0.931842	0.926299	0.894183	
0.615821	0.615821	0.588027	0.535884	0.487227	0.458637	0.46837	0.522827	0.605539	0.706304	0.810021	0.884296	0.922262	0.906235	0.821855	0.677531	0.488951	0.273567	0.0597628	-0.138429	-0.310418	-0.444333	-0.552041	-0.653842	-0.752484	-0.868007	-1.02917	-1.22755	-1.43715	-1.62294	-1.74139	-1.77018	-1.71923	-1.60375	-1.43844	-1.24397	-1.03074	-0.802101	-0.567015	-0.329551	-0.0935864	0.118559	0.299095	0.459149	0.593187	0.692124	0.761182	0.796143	0.792307	0.754302	
0.706575	0.706575	0.66286	0.590964	0.508503	0.444263	0.426479	0.459572	0.534117	0.634318	0.731897	0.806979	0.843066	0.821855	0.729152	0.575696	0.383413	0.176471	-0.0325924	-0.21844	-0.361859	-0.466496	-0.553444	-0.627001	-0.701649	-0.80363	-0.942304	-1.1086	-1.28638	-1.44595	-1.55067	-1.58103	-1.53981	-1.44524	-1.30366	-1.12843	-0.937554	-0.74114	-0.539861	-0.339334	-0.149204	0.0250642	0.178722	0.313171	0.429171	0.523703	0.5885	0.618074	0.613896	0.582215	
0.778411	0.778411	0.721103	0.629879	0.524172	0.43681	0.393325	0.397649	0.452009	0.530963	0.614653	0.689087	0.717256	0.677531	0.575696	0.420425	0.228442	0.0246609	-0.171317	-0.330358	-0.443978	-0.517058	-0.567615	-0.600323	-0.64148	-0.706006	-0.802062	-0.927134	-1.0621	-1.17486	-1.25454	-1.28898	-1.26132	-1.18223	-1.07111	-0.933132	-0.776429	-0.618004	-0.463626	-0.311988	-0.174275	-0.0479807	0.0695687	0.177494	0.275383	0.362264	0.418136	0.442028	0.43281	0.403357	
0.827555	0.827555	0.762524	0.654431	0.527508	0.416834	0.346928	0.319558	0.341726	0.393432	0.461603	0.521936	0.537157	0.488951	0.383413	0.228442	0.0416336	-0.15455	-0.325015	-0.452875	-0.538612	-0.577035	-0.578913	-0.566497	-0.558613	-0.573735	-0.619034	-0.689003	-0.770056	-0.845655	-0.901016	-0.925936	-0.912536	-0.860649	-0.783305	-0.685478	-0.576748	-0.466594	-0.362669	-0.26976	-0.182871	-0.103458	-0.0259845	0.0601696	0.146611	0.223754	0.27183	0.286394	0.270251	0.241373	
0.88248	0.88248	0.807579	0.677634	0.521733	0.383103	0.279942	0.221678	0.212803	0.239304	0.280148	0.316196	0.318042	0.273567	0.176471	0.0246609	-0.15455	-0.33115	-0.471953	-0.569686	-0.616051	-0.610706	-0.565839	-0.509878	-0.454492	-0.416438	-0.413078	-0.433854	-0.461748	-0.496714	-0.528591	-0.546071	-0.549516	-0.524798	-0.472522	-0.416031	-0.356249	-0.295395	-0.242589	-0.208167	-0.176897	-0.144592	-0.100653	-0.0355512	0.0450045	0.114493	0.147948	0.144052	0.122423	0.094854	
0.94767	0.94767	0.861816	0.712418	0.529218	0.353834	0.210381	0.115999	0.073221	0.0700305	0.0853979	0.104285	0.0987567	0.0597628	-0.0325924	-0.171317	-0.325015	-0.471953	-0.591181	-0.646086	-0.636506	-0.586279	-0.504607	-0.410666	-0.320852	-0.245725	-0.199498	-0.182784	-0.172829	-0.174309	-0.188311	-0.203947	-0.214926	-0.204326	-0.175755	-0.146425	-0.120171	-0.0967343	-0.090412	-0.104104	-0.133687	-0.155241	-0.138454	-0.0894974	-0.0277763	0.0252245	0.0494347	0.0377082	0.00877843	-0.0229354	
1.02081	1.02081	0.921135	0.752009	0.543788	0.332239	0.156863	0.0286809	-0.0527165	-0.0919397	-0.0974417	-0.0947467	-0.102437	-0.138429	-0.21844	-0.330358	-0.452875	-0.569686	-0.646086	-0.64832	-0.590797	-0.499533	-0.388151	-0.263242	-0.151096	-0.0630614	0.00203354	0.0437491	0.0702859	0.087235	0.0854887	0.0706015	0.0620037	0.0691047	0.0866063	0.105751	0.117023	0.114328	0.0862264	0.0345054	-0.0392446	-0.101783	-0.121696	-0.0998636	-0.0632734	-0.0300052	-0.016547	-0.0268679	-0.0626292	-0.10236	
1.06489	1.06489	0.962785	0.780738	0.55665	0.322933	0.117753	-0.0416199	-0.15494	-0.223229	-0.247184	-0.263978	-0.282306	-0.310418	-0.361859	-0.443978	-0.538612	-0.616051	-0.636506	-0.590797	-0.489417	-0.357609	-0.223347	-0.0874681	0.0274116	0.114465	0.18045	0.229809	0.257556	0.275422	0.274711	0.264701	0.261807	0.272851	0.291523	0.310025	0.320892	0.31173	0.271514	0.19163	0.0848281	-0.00397017	-0.0574454	-0.0713693	-0.0650787	-0.0539175	-0.0581686	-0.0752016	-0.110118	-0.146978	
1.03764	1.03764	0.94664	0.769635	0.547515	0.31124	0.0857663	-0.0990699	-0.232204	-0.327104	-0.381625	-0.413883	-0.43077	-0.444333	-0.466496	-0.517058	-0.577035	-0.610706	-0.586279	-0.499533	-0.357609	-0.192042	-0.0383976	0.101344	0.208224	0.284871	0.336695	0.373857	0.390623	0.395142	0.387104	0.379151	0.38138	0.399762	0.427298	0.456941	0.47631	0.468476	0.423464	0.331337	0.207277	0.0972815	0.0169799	-0.0280308	-0.0526815	-0.0663512	-0.0892323	-0.115878	-0.149414	-0.18025	
0.930323	0.930323	0.852672	0.703313	0.50193	0.276584	0.0523327	-0.146315	-0.300669	-0.418533	-0.499349	-0.538847	-0.550683	-0.552041	-0.553444	-0.567615	-0.578913	-0.565839	-0.504607	-0.388151	-0.223347	-0.0383976	0.13899	0.275726	0.36894	0.427823	0.462361	0.477343	0.475617	0.4572	0.435104	0.425954	0.43218	0.454997	0.490016	0.534702	0.571975	0.570459	0.517439	0.416342	0.298785	0.179317	0.0786424	0.0052846	-0.0504424	-0.0905719	-0.125459	-0.158336	-0.185986	-0.210252	
0.767302	0.767302	0.706499	0.582789	0.410309	0.214852	0.00660956	-0.198273	-0.365099	-0.501751	-0.597891	-0.642753	-0.658697	-0.653842	-0.627001	-0.600323	-0.566497	-0.509878	-0.410666	-0.263242	-0.0874681	0.101344	0.275726	0.403544	0.485238	0.52974	0.542337	0.53079	0.505659	0.467558	0.431687	0.416444	0.421989	0.447058	0.493935	0.548882	0.591416	0.599085	0.549984	0.460139	0.352242	0.229691	0.112779	0.0213052	-0.052936	-0.112785	-0.161487	-0.199584	-0.216863	-0.229065	
0.575092	0.575092	0.530099	0.431547	0.291718	0.123993	-0.0708068	-0.271143	-0.442915	-0.591112	-0.693656	-0.748486	-0.771298	-0.752484	-0.701649	-0.64148	-0.558613	-0.454492	-0.320852	-0.151096	0.0274116	0.208224	0.36894	0.485238	0.54847	0.569511	0.559415	0.528479	0.479132	0.418109	0.369431	0.356147	0.362368	0.387629	0.439276	0.50179	0.554808	0.569956	0.532355	0.463149	0.365014	0.248754	0.132464	0.0291662	-0.0614774	-0.131632	-0.186326	-0.224166	-0.238294	-0.239684	
0.364935	0.364935	0.325326	0.254244	0.138573	-0.0152638	-0.195737	-0.385072	-0.565315	-0.713097	-0.823441	-0.885347	-0.902696	-0.868007	-0.80363	-0.706006	-0.573735	-0.416438	-0.245725	-0.0630614	0.114465	0.284871	0.427823	0.52974	0.569511	0.562116	0.527649	0.470159	0.394019	0.320739	0.265327	0.247852	0.253644	0.283119	0.339708	0.41162	0.477585	0.505317	0.48743	0.439169	0.359194	0.25792	0.145927	0.0336803	-0.0767862	-0.15792	-0.211142	-0.243857	-0.262183	-0.259074	
0.142962	0.142962	0.103236	0.0471731	-0.0528271	-0.195235	-0.359226	-0.545649	-0.738387	-0.889507	-0.998529	-1.06086	-1.07134	-1.02917	-0.942304	-0.802062	-0.619034	-0.413078	-0.199498	0.00203354	0.18045	0.336695	0.462361	0.542337	0.559415	0.527649	0.463288	0.372079	0.265411	0.174267	0.115336	0.0996551	0.11699	0.160166	0.225026	0.30565	0.383001	0.42756	0.43848	0.414157	0.35962	0.270228	0.151968	0.0251903	-0.100958	-0.199707	-0.263219	-0.29558	-0.31242	-0.305212	
-0.0832792	-0.0832792	-0.116931	-0.170411	-0.256856	-0.38487	-0.542535	-0.733122	-0.930729	-1.09617	-1.20787	-1.2737	-1.28218	-1.22755	-1.1086	-0.927134	-0.689003	-0.433854	-0.182784	0.0437491	0.229809	0.373857	0.477343	0.53079	0.528479	0.470159	0.372079	0.246896	0.107948	-0.00620619	-0.0669228	-0.0706559	-0.0312165	0.0346221	0.113987	0.210826	0.298782	0.364828	0.404398	0.40792	0.37081	0.28243	0.153908	0.00367711	-0.146648	-0.270169	-0.353055	-0.392406	-0.405895	-0.386711	
-0.292142	-0.292142	-0.318741	-0.370338	-0.4481	-0.564181	-0.720851	-0.912439	-1.11136	-1.29326	-1.42331	-1.49777	-1.50541	-1.43715	-1.28638	-1.0621	-0.770056	-0.461748	-0.172829	0.0702859	0.257556	0.390623	0.475617	0.505659	0.479132	0.394019	0.265411	0.107948	-0.056135	-0.18352	-0.246507	-0.239757	-0.179178	-0.086145	0.0212511	0.137266	0.244169	0.329053	0.389452	0.414718	0.386679	0.295631	0.153292	-0.0263876	-0.211596	-0.367088	-0.472077	-0.518942	-0.526396	-0.495646	
-0.451443	-0.451443	-0.475744	-0.524932	-0.603476	-0.712122	-0.864179	-1.05597	-1.26214	-1.4503	-1.60031	-1.68293	-1.69511	-1.62294	-1.44595	-1.17486	-0.845655	-0.496714	-0.174309	0.087235	0.275422	0.395142	0.4572	0.467558	0.418109	0.320739	0.174267	-0.00620619	-0.18352	-0.318987	-0.389309	-0.371254	-0.29355	-0.174355	-0.0343762	0.096293	0.216047	0.319442	0.400148	0.443451	0.416163	0.314797	0.151089	-0.0507305	-0.265008	-0.455846	-0.589851	-0.644006	-0.641413	-0.604784	
-0.534859	-0.534859	-0.561754	-0.617187	-0.699698	-0.808795	-0.955145	-1.1435	-1.3495	-1.5426	-1.70172	-1.79615	-1.8141	-1.74139	-1.55067	-1.25454	-0.901016	-0.528591	-0.188311	0.0854887	0.274711	0.387104	0.435104	0.431687	0.369431	0.265327	0.115336	-0.0669228	-0.246507	-0.389309	-0.462407	-0.437052	-0.343503	-0.202924	-0.0434423	0.101615	0.235908	0.355613	0.44898	0.498479	0.466931	0.358474	0.17819	-0.0450541	-0.288591	-0.510182	-0.669766	-0.738902	-0.743127	-0.704773	
-0.531882	-0.531882	-0.55938	-0.622035	-0.708143	-0.821992	-0.972742	-1.1515	-1.34955	-1.54681	-1.71066	-1.81548	-1.84303	-1.77018	-1.58103	-1.28898	-0.925936	-0.546071	-0.203947	0.0706015	0.264701	0.379151	0.425954	0.416444	0.356147	0.247852	0.0996551	-0.0706559	-0.239757	-0.371254	-0.437052	-0.41595	-0.31587	-0.162846	0.00771074	0.17135	0.319869	0.447007	0.542479	0.584887	0.54912	0.435585	0.249683	0.00190535	-0.272205	-0.515712	-0.690269	-0.787826	-0.813377	-0.778114	
-0.43774	-0.43774	-0.465296	-0.529095	-0.61873	-0.740469	-0.889358	-1.06492	-1.26121	-1.46023	-1.62526	-1.74334	-1.78189	-1.71923	-1.53981	-1.26132	-0.912536	-0.549516	-0.214926	0.0620037	0.261807	0.38138	0.43218	0.421989	0.362368	0.253644	0.11699	-0.0312165	-0.179178	-0.29355	-0.343503	-0.31587	-0.209964	-0.0583851	0.109662	0.286166	0.445217	0.575092	0.665313	0.697339	0.658366	0.535311	0.333826	0.0680529	-0.221238	-0.48341	-0.681065	-0.805872	-0.853121	-0.819515	
-0.259173	-0.259173	-0.292825	-0.349096	-0.444498	-0.578785	-0.727106	-0.900121	-1.10488	-1.29838	-1.46965	-1.60075	-1.65244	-1.60375	-1.44524	-1.18223	-0.860649	-0.524798	-0.204326	0.0691047	0.272851	0.399762	0.454997	0.447058	0.387629	0.283119	0.160166	0.0346221	-0.086145	-0.174355	-0.202924	-0.162846	-0.0583851	0.084054	0.247629	0.425552	0.591406	0.716959	0.796703	0.812853	0.761544	0.626712	0.410222	0.133759	-0.165175	-0.442675	-0.661004	-0.805451	-0.864374	-0.832063	
-0.0153024	-0.0153024	-0.046599	-0.107623	-0.212939	-0.354927	-0.51775	-0.696787	-0.899285	-1.09525	-1.27855	-1.41401	-1.47544	-1.43844	-1.30366	-1.07111	-0.783305	-0.472522	-0.175755	0.0866063	0.291523	0.427298	0.490016	0.493935	0.439276	0.339708	0.225026	0.113987	0.0212511	-0.0343762	-0.0434423	0.00771074	0.109662	0.247629	0.410275	0.585866	0.750018	0.865429	0.922548	0.918475	0.842626	0.69427	0.471808	0.190896	-0.118029	-0.404011	-0.63147	-0.78881	-0.856805	-0.828995	
0.280586	0.280586	0.251593	0.180407	0.0626744	-0.0904741	-0.271407	-0.468019	-0.673415	-0.877459	-1.06125	-1.19669	-1.26559	-1.24397	-1.12843	-0.933132	-0.685478	-0.416031	-0.146425	0.105751	0.310025	0.456941	0.534702	0.548882	0.50179	0.41162	0.30565	0.210826	0.137266	0.096293	0.101615	0.17135	0.286166	0.425552	0.585866	0.75457	0.914348	1.02214	1.05181	1.01436	0.906155	0.738749	0.515598	0.239724	-0.0619466	-0.345937	-0.581124	-0.746508	-0.82019	-0.80247	
0.59822	0.59822	0.565822	0.489713	0.360192	0.191144	-0.00381454	-0.221435	-0.439387	-0.647285	-0.82929	-0.961716	-1.03498	-1.03074	-0.937554	-0.776429	-0.576748	-0.356249	-0.120171	0.117023	0.320892	0.47631	0.571975	0.591416	0.554808	0.477585	0.383001	0.298782	0.244169	0.216047	0.235908	0.319869	0.445217	0.591406	0.750018	0.914348	1.06392	1.16104	1.16552	1.08746	0.949893	0.764472	0.543364	0.28812	0.0127141	-0.257431	-0.4896	-0.654716	-0.736136	-0.735509	
0.892347	0.892347	0.85493	0.777491	0.641566	0.460968	0.252103	0.0227246	-0.203142	-0.40703	-0.588921	-0.718586	-0.789134	-0.802101	-0.74114	-0.618004	-0.466594	-0.295395	-0.0967343	0.114328	0.31173	0.468476	0.570459	0.599085	0.569956	0.505317	0.42756	0.364828	0.329053	0.319442	0.355613	0.447007	0.575092	0.716959	0.865429	1.02214	1.16104	1.23604	1.21769	1.1128	0.957978	0.76498	0.551814	0.326184	0.090043	-0.144886	-0.351811	-0.504804	-0.593375	-0.616101	
1.12386	1.12386	1.08253	0.999254	0.863532	0.679288	0.467691	0.242275	0.0206742	-0.170775	-0.331281	-0.459178	-0.538007	-0.567015	-0.539861	-0.463626	-0.362669	-0.242589	-0.090412	0.0862264	0.271514	0.423464	0.517439	0.549984	0.532355	0.48743	0.43848	0.404398	0.389452	0.400148	0.44898	0.542479	0.665313	0.796703	0.922548	1.05181	1.16552	1.21769	1.18969	1.07955	0.913768	0.723893	0.533409	0.348097	0.164372	-0.0201565	-0.190168	-0.318198	-0.402057	-0.43686	
1.25559	1.25559	1.20995	1.1222	0.992131	0.818672	0.626415	0.422461	0.222336	0.0544404	-0.075345	-0.191781	-0.276875	-0.329551	-0.339334	-0.311988	-0.26976	-0.208167	-0.104104	0.0345054	0.19163	0.331337	0.416342	0.460139	0.463149	0.439169	0.414157	0.40792	0.414718	0.443451	0.498479	0.584887	0.697339	0.812853	0.918475	1.01436	1.08746	1.1128	1.07955	0.97956	0.820489	0.651651	0.493834	0.360154	0.239734	0.111306	-0.0169613	-0.110227	-0.178516	-0.221549	
1.25999	1.25999	1.21512	1.13954	1.03081	0.88619	0.72852	0.561737	0.397321	0.265373	0.164282	0.0678199	-0.018727	-0.0935864	-0.149204	-0.174275	-0.182871	-0.176897	-0.133687	-0.0392446	0.0848281	0.207277	0.298785	0.352242	0.365014	0.359194	0.35962	0.37081	0.386679	0.416163	0.466931	0.54912	0.658366	0.761544	0.842626	0.906155	0.949893	0.957978	0.913768	0.820489	0.689875	0.56137	0.459919	0.388396	0.32421	0.250668	0.176979	0.116777	0.0584659	0.00148831	
1.14881	1.14881	1.11817	1.06554	0.993462	0.897929	0.785413	0.662397	0.547643	0.459741	0.388878	0.31082	0.218622	0.118559	0.0250642	-0.0479807	-0.103458	-0.144592	-0.155241	-0.101783	-0.00397017	0.0972815	0.179317	0.229691	0.248754	0.25792	0.270228	0.28243	0.295631	0.314797	0.358474	0.435585	0.535311	0.626712	0.69427	0.738749	0.764472	0.76498	0.723893	0.651651	0.56137	0.487102	0.452102	0.443346	0.432665	0.412937	0.38771	0.351217	0.298882	0.231186	
0.966283	0.966283	0.954359	0.92689	0.89372	0.854547	0.796221	0.730429	0.671132	0.62833	0.588909	0.527605	0.424074	0.299095	0.178722	0.0695687	-0.0259845	-0.100653	-0.138454	-0.121696	-0.0574454	0.0169799	0.0786424	0.112779	0.132464	0.145927	0.151968	0.153908	0.153292	0.151089	0.17819	0.249683	0.333826	0.410222	0.471808	0.515598	0.543364	0.551814	0.533409	0.493834	0.459919	0.452102	0.476475	0.519996	0.564986	0.595652	0.606137	0.585177	0.541483	0.464787	
0.752372	0.752372	0.754573	0.751593	0.756033	0.765064	0.765391	0.758078	0.75961	0.756952	0.747187	0.703439	0.605226	0.459149	0.313171	0.177494	0.0601696	-0.0355512	-0.0894974	-0.0998636	-0.0713693	-0.0280308	0.0052846	0.0213052	0.0291662	0.0336803	0.0251903	0.00367711	-0.0263876	-0.0507305	-0.0450541	0.00190535	0.0680529	0.133759	0.190896	0.239724	0.28812	0.326184	0.348097	0.360154	0.388396	0.443346	0.519996	0.614529	0.706525	0.776888	0.814917	0.814832	0.771475	0.681319	
0.536086	0.536086	0.544178	0.564164	0.601538	0.651176	0.702337	0.75121	0.806442	0.84759	0.867668	0.842852	0.746329	0.593187	0.429171	0.275383	0.146611	0.0450045	-0.0277763	-0.0632734	-0.0650787	-0.0526815	-0.0504424	-0.052936	-0.0614774	-0.0767862	-0.100958	-0.146648	-0.211596	-0.265008	-0.288591	-0.272205	-0.221238	-0.165175	-0.118029	-0.0619466	0.0127141	0.090043	0.164372	0.239734	0.32421	0.432665	0.564986	0.706525	0.833833	0.938617	0.997598	1.01082	0.969087	0.869053	
0.30026	0.30026	0.324642	0.371538	0.437967	0.525457	0.616697	0.711582	0.81073	0.89683	0.94508	0.936783	0.841507	0.692124	0.523703	0.362264	0.223754	0.114493	0.0252245	-0.0300052	-0.0539175	-0.0663512	-0.0905719	-0.112785	-0.131632	-0.15792	-0.199707	-0.270169	-0.367088	-0.455846	-0.510182	-0.515712	-0.48341	-0.442675	-0.404011	-0.345937	-0.257431	-0.144886	-0.0201565	0.111306	0.250668	0.412937	0.595652	0.776888	0.938617	1.06903	1.14591	1.16971	1.13511	1.02965	
0.0496802	0.0496802	0.0966723	0.181432	0.285894	0.404154	0.530869	0.661609	0.789867	0.903286	0.97905	0.986258	0.90475	0.761182	0.5885	0.418136	0.27183	0.147948	0.0494347	-0.016547	-0.0581686	-0.0892323	-0.125459	-0.161487	-0.186326	-0.211142	-0.263219	-0.353055	-0.472077	-0.589851	-0.669766	-0.690269	-0.681065	-0.661004	-0.63147	-0.581124	-0.4896	-0.351811	-0.190168	-0.0169613	0.176979	0.38771	0.606137	0.814917	0.997598	1.14591	1.24446	1.28774	1.25918	1.14935	
-0.182195	-0.182195	-0.118317	-0.00432251	0.137798	0.29344	0.454157	0.616682	0.769594	0.899075	0.984174	0.999187	0.931842	0.796143	0.618074	0.442028	0.286394	0.144052	0.0377082	-0.0268679	-0.0752016	-0.115878	-0.158336	-0.199584	-0.224166	-0.243857	-0.29558	-0.392406	-0.518942	-0.644006	-0.738902	-0.787826	-0.805872	-0.805451	-0.78881	-0.746508	-0.654716	-0.504804	-0.318198	-0.110227	0.116777	0.351217	0.585177	0.814832	1.01082	1.16971	1.28774	1.34566	1.32262	1.21576	
-0.382981	-0.382981	-0.305886	-0.16815	0.00491745	0.196649	0.390018	0.576101	0.748019	0.890233	0.976879	0.991507	0.926299	0.792307	0.613896	0.43281	0.270251	0.122423	0.00877843	-0.0626292	-0.110118	-0.149414	-0.185986	-0.216863	-0.238294	-0.262183	-0.31242	-0.405895	-0.526396	-0.641413	-0.743127	-0.813377	-0.853121	-0.864374	-0.856805	-0.82019	-0.736136	-0.593375	-0.402057	-0.178516	0.0584659	0.298882	0.541483	0.771475	0.969087	1.13511	1.25918	1.32262	1.30854	1.21429	
-0.551809	-0.551809	-0.460652	-0.294505	-0.0946324	0.119071	0.337073	0.53704	0.716778	0.863879	0.953053	0.964394	0.894183	0.754302	0.582215	0.403357	0.241373	0.094854	-0.0229354	-0.10236	-0.146978	-0.18025	-0.210252	-0.229065	-0.239684	-0.259074	-0.305212	-0.386711	-0.495646	-0.604784	-0.704773	-0.778114	-0.819515	-0.832063	-0.828995	-0.80247	-0.735509	-0.616101	-0.43686	-0.221549	0.00148831	0.231186	0.464787	0.681319	0.869053	1.02965	1.14935	1.21576	1.21429	1.14253	
