-0.225101	-0.226512	-0.214029	-0.199509	-0.192169	-0.186269	-0.183095	-0.194844	-0.219448	-0.25102	-0.273123	-0.285316	-0.28569	-0.265812	-0.210831	-0.122549	0.00388696	0.169747	0.349733	0.510263	0.626945	0.692785	0.68815	0.604361	0.462192	0.286529	0.0957543	-0.0843801	-0.226491	-0.321888	-0.368859	-0.370449	-0.334393	-0.281221	-0.236592	-0.21399	-0.223508	-0.261726	-0.306666	-0.338272	-0.339444	-0.288162	-0.177485	-0.0209176	0.161958	0.352787	0.523051	0.64834	0.721616	0.721616	
-0.226512	-0.236143	-0.234068	-0.223037	-0.20986	-0.193975	-0.183964	-0.198136	-0.229905	-0.272929	-0.313915	-0.333331	-0.345227	-0.339439	-0.297764	-0.221241	-0.106138	0.0597685	0.244877	0.414136	0.554789	0.649706	0.674746	0.623628	0.516914	0.360479	0.18626	0.0239854	-0.109512	-0.194461	-0.23097	-0.233311	-0.206715	-0.170966	-0.15498	-0.159258	-0.189592	-0.242397	-0.304373	-0.347518	-0.348166	-0.307003	-0.211139	-0.0671833	0.105469	0.286343	0.444652	0.564484	0.631664	0.631664	
-0.214029	-0.234068	-0.24473	-0.243432	-0.226835	-0.208609	-0.205526	-0.217959	-0.254588	-0.304044	-0.349383	-0.372849	-0.387508	-0.392393	-0.370174	-0.308012	-0.200926	-0.0484378	0.129951	0.306066	0.460499	0.578604	0.634957	0.617613	0.53964	0.40971	0.261022	0.118506	0.010255	-0.0536854	-0.0785049	-0.0767039	-0.0630597	-0.0458252	-0.0494241	-0.0770317	-0.127767	-0.197472	-0.277009	-0.334526	-0.351206	-0.325868	-0.236616	-0.107109	0.0462837	0.210684	0.353012	0.460746	0.512419	0.512419	
-0.199509	-0.223037	-0.243432	-0.249716	-0.236673	-0.224394	-0.228297	-0.240234	-0.278574	-0.327141	-0.367141	-0.39535	-0.415713	-0.430945	-0.425672	-0.377664	-0.280634	-0.147873	0.0166652	0.192098	0.355441	0.488219	0.568689	0.581188	0.527285	0.42778	0.308163	0.199207	0.126296	0.0856062	0.072409	0.0814441	0.0929001	0.0960232	0.0816586	0.0341702	-0.0399992	-0.133788	-0.238416	-0.316937	-0.35701	-0.347305	-0.270975	-0.150557	-0.0110222	0.133718	0.263359	0.35715	0.40612	0.40612	
-0.192169	-0.20986	-0.226835	-0.236673	-0.233788	-0.225523	-0.228948	-0.242371	-0.272497	-0.317398	-0.361176	-0.396664	-0.425182	-0.454754	-0.463628	-0.426135	-0.345688	-0.235329	-0.0921076	0.0783966	0.239034	0.376318	0.471682	0.502273	0.469442	0.401208	0.321843	0.253059	0.216096	0.20476	0.214669	0.237526	0.258563	0.261934	0.236605	0.170782	0.0701645	-0.0592003	-0.194809	-0.296692	-0.357584	-0.359641	-0.303729	-0.201083	-0.0692814	0.0635602	0.182545	0.266639	0.31646	0.31646	
-0.186269	-0.193975	-0.208609	-0.224394	-0.225523	-0.221572	-0.213928	-0.21749	-0.236736	-0.275579	-0.328735	-0.375429	-0.4194	-0.465263	-0.487088	-0.46089	-0.404233	-0.313494	-0.188064	-0.0356807	0.112704	0.243003	0.33621	0.381076	0.374367	0.337648	0.301111	0.273924	0.273723	0.298753	0.34197	0.387468	0.426005	0.43129	0.397466	0.318527	0.186623	0.0327708	-0.125337	-0.257463	-0.341477	-0.363235	-0.323718	-0.240944	-0.127047	-0.00156025	0.111128	0.189807	0.235919	0.235919	
-0.183095	-0.183964	-0.205526	-0.228297	-0.228948	-0.213928	-0.192197	-0.182091	-0.191092	-0.224822	-0.285621	-0.344526	-0.404506	-0.466353	-0.499633	-0.490678	-0.45664	-0.389199	-0.288727	-0.165815	-0.0368317	0.0840895	0.180427	0.241592	0.265036	0.260839	0.262277	0.27883	0.312893	0.378552	0.457957	0.527866	0.581026	0.586708	0.542672	0.444033	0.292372	0.124608	-0.0474716	-0.199271	-0.30269	-0.344109	-0.323939	-0.257667	-0.160028	-0.0508413	0.0490804	0.123195	0.165308	0.165308	
-0.194844	-0.198136	-0.217959	-0.240234	-0.242371	-0.21749	-0.182091	-0.160003	-0.162012	-0.190811	-0.247867	-0.312993	-0.388748	-0.454878	-0.497202	-0.516237	-0.500157	-0.460363	-0.396184	-0.301794	-0.196255	-0.0851449	0.026399	0.104109	0.156842	0.194179	0.223096	0.276268	0.350737	0.447039	0.551638	0.642037	0.698643	0.702576	0.653506	0.543233	0.386783	0.202149	0.0145058	-0.142001	-0.252845	-0.306109	-0.30346	-0.249529	-0.16298	-0.0689944	0.0181281	0.0837188	0.121579	0.121579	
-0.219448	-0.229905	-0.254588	-0.278574	-0.272497	-0.236736	-0.191092	-0.162012	-0.149001	-0.171037	-0.221473	-0.289453	-0.368631	-0.436227	-0.481153	-0.51443	-0.516959	-0.506821	-0.484892	-0.421136	-0.338136	-0.230679	-0.108679	-0.0169388	0.0536299	0.119244	0.177119	0.265103	0.377016	0.49809	0.622321	0.715571	0.767788	0.770388	0.71484	0.59764	0.437075	0.252008	0.0625209	-0.0954802	-0.206179	-0.258402	-0.252635	-0.2059	-0.130956	-0.0454729	0.0325051	0.090977	0.11986	0.11986	
-0.25102	-0.272929	-0.304044	-0.327141	-0.317398	-0.275579	-0.224822	-0.190811	-0.171037	-0.175416	-0.215176	-0.27834	-0.348346	-0.411163	-0.454601	-0.49272	-0.513661	-0.524161	-0.525379	-0.491441	-0.422655	-0.32313	-0.217851	-0.125947	-0.0432579	0.0400428	0.13093	0.249834	0.383349	0.517428	0.644307	0.730253	0.777184	0.775313	0.708474	0.591504	0.438159	0.262294	0.0875309	-0.0563325	-0.151283	-0.192278	-0.176817	-0.121777	-0.0496178	0.0294168	0.097387	0.144104	0.170181	0.170181	
-0.273123	-0.313915	-0.349383	-0.367141	-0.361176	-0.328735	-0.285621	-0.247867	-0.221473	-0.215176	-0.237313	-0.285548	-0.340071	-0.382858	-0.417701	-0.451633	-0.484551	-0.510677	-0.528231	-0.5149	-0.460942	-0.380102	-0.29531	-0.214461	-0.127688	-0.0345157	0.0782898	0.214501	0.361255	0.499891	0.616182	0.696534	0.730296	0.716951	0.647807	0.536876	0.394812	0.230983	0.0834539	-0.0288015	-0.0967746	-0.116679	-0.0845005	-0.013196	0.0655163	0.150182	0.220754	0.262665	0.292913	0.292913	
-0.285316	-0.333331	-0.372849	-0.39535	-0.396664	-0.375429	-0.344526	-0.312993	-0.289453	-0.27834	-0.285548	-0.313616	-0.334628	-0.351021	-0.377264	-0.404761	-0.441014	-0.484409	-0.514245	-0.515732	-0.485166	-0.430122	-0.363259	-0.287621	-0.203942	-0.102067	0.0230909	0.160609	0.310368	0.45236	0.560612	0.632818	0.657876	0.629611	0.555466	0.442113	0.30856	0.168622	0.0443719	-0.0331108	-0.0640205	-0.0452566	0.0244482	0.113352	0.208947	0.312133	0.395987	0.450561	0.484771	0.484771	
-0.28569	-0.345227	-0.387508	-0.415713	-0.425182	-0.4194	-0.404506	-0.388748	-0.368631	-0.348346	-0.340071	-0.334628	-0.327729	-0.331317	-0.348598	-0.369344	-0.408629	-0.454624	-0.48711	-0.510913	-0.503429	-0.475325	-0.435124	-0.366028	-0.283625	-0.177651	-0.0416822	0.108545	0.257646	0.394885	0.497444	0.551212	0.566215	0.52877	0.446698	0.332389	0.20197	0.0811737	-0.0157666	-0.0576666	-0.0465647	0.0131326	0.122683	0.248945	0.380817	0.508572	0.609243	0.681238	0.722262	0.722262	
-0.265812	-0.339439	-0.392393	-0.430945	-0.454754	-0.465263	-0.466353	-0.454878	-0.436227	-0.411163	-0.382858	-0.351021	-0.331317	-0.329332	-0.340279	-0.358026	-0.392757	-0.441284	-0.484397	-0.521731	-0.53977	-0.536192	-0.510682	-0.453824	-0.372995	-0.255816	-0.105197	0.0624257	0.223778	0.356179	0.448877	0.488316	0.478664	0.420944	0.32736	0.211792	0.0884253	-0.0141538	-0.0784275	-0.0867969	-0.0370242	0.066681	0.216789	0.387402	0.561928	0.717591	0.837708	0.922512	0.962982	0.962982	
-0.210831	-0.297764	-0.370174	-0.425672	-0.463628	-0.487088	-0.499633	-0.497202	-0.481153	-0.454601	-0.417701	-0.377264	-0.348598	-0.340279	-0.345958	-0.364484	-0.402593	-0.466519	-0.532406	-0.580442	-0.617533	-0.628611	-0.604643	-0.551933	-0.465487	-0.331288	-0.161084	0.024736	0.202287	0.342503	0.430912	0.456959	0.420255	0.338962	0.230089	0.106483	-0.00844755	-0.0912944	-0.128937	-0.112029	-0.0251881	0.122076	0.306765	0.517228	0.723579	0.901915	1.04539	1.14156	1.18553	1.18553	
-0.122549	-0.221241	-0.308012	-0.377664	-0.426135	-0.46089	-0.490678	-0.516237	-0.51443	-0.49272	-0.451633	-0.404761	-0.369344	-0.358026	-0.364484	-0.394804	-0.450143	-0.530795	-0.613616	-0.671824	-0.7196	-0.74375	-0.724635	-0.672141	-0.571395	-0.411183	-0.214616	-0.00169272	0.189249	0.336118	0.42328	0.440535	0.397276	0.31007	0.192935	0.0615422	-0.0510564	-0.12689	-0.150967	-0.112143	0.00333577	0.18087	0.3877	0.621462	0.848019	1.03696	1.19464	1.3074	1.35992	1.35992	
0.00388696	-0.106138	-0.200926	-0.280634	-0.345688	-0.404233	-0.45664	-0.500157	-0.516959	-0.513661	-0.484551	-0.441014	-0.408629	-0.392757	-0.402593	-0.450143	-0.524951	-0.6168	-0.70892	-0.780329	-0.834253	-0.867972	-0.857152	-0.802172	-0.683654	-0.500829	-0.27944	-0.0343445	0.181549	0.342067	0.436697	0.456189	0.407197	0.317558	0.203301	0.0746178	-0.0386265	-0.11675	-0.128635	-0.0715411	0.0595854	0.253746	0.470023	0.705221	0.931003	1.11992	1.27793	1.38983	1.44124	1.44124	
0.169747	0.0597685	-0.0484378	-0.147873	-0.235329	-0.313494	-0.389199	-0.460363	-0.506821	-0.524161	-0.510677	-0.484409	-0.454624	-0.441284	-0.466519	-0.530795	-0.6168	-0.714304	-0.809345	-0.887809	-0.949684	-0.988549	-0.985994	-0.926312	-0.795397	-0.591539	-0.336875	-0.0648282	0.178706	0.358324	0.459974	0.485487	0.444244	0.358117	0.241966	0.116045	0.00875661	-0.056276	-0.0568093	0.00661834	0.139678	0.326825	0.5399	0.767128	0.979433	1.15948	1.30125	1.39451	1.43829	1.43829	
0.349733	0.244877	0.129951	0.0166652	-0.0921076	-0.188064	-0.288727	-0.396184	-0.484892	-0.525379	-0.528231	-0.514245	-0.48711	-0.484397	-0.532406	-0.613616	-0.70892	-0.809345	-0.903687	-0.990739	-1.05616	-1.09931	-1.10666	-1.03915	-0.893246	-0.667674	-0.381435	-0.0914271	0.16726	0.364896	0.480524	0.521941	0.498017	0.417893	0.301295	0.183567	0.0878124	0.0324145	0.0342263	0.0972962	0.219897	0.387738	0.588994	0.799109	0.994535	1.15962	1.27966	1.35932	1.39856	1.39856	
0.510263	0.414136	0.306066	0.192098	0.0783966	-0.0356807	-0.165815	-0.301794	-0.421136	-0.491441	-0.5149	-0.515732	-0.510913	-0.521731	-0.580442	-0.671824	-0.780329	-0.887809	-0.990739	-1.09445	-1.15923	-1.19867	-1.20485	-1.12608	-0.962304	-0.72476	-0.429547	-0.12407	0.154656	0.371897	0.510248	0.568964	0.549801	0.475413	0.369242	0.260784	0.167028	0.109298	0.109228	0.170527	0.286477	0.446855	0.638126	0.820273	0.986512	1.1307	1.2321	1.30262	1.33702	1.33702	
0.626945	0.554789	0.460499	0.355441	0.239034	0.112704	-0.0368317	-0.196255	-0.338136	-0.422655	-0.460942	-0.485166	-0.503429	-0.53977	-0.617533	-0.7196	-0.834253	-0.949684	-1.05616	-1.15923	-1.22903	-1.27232	-1.27527	-1.18931	-1.01669	-0.766407	-0.456676	-0.138535	0.154165	0.387009	0.532849	0.597366	0.589006	0.52417	0.42827	0.326423	0.233663	0.173376	0.168436	0.226464	0.338278	0.489299	0.662848	0.824134	0.967791	1.08899	1.17467	1.235	1.26469	1.26469	
0.692785	0.649706	0.578604	0.488219	0.376318	0.243003	0.0840895	-0.0851449	-0.230679	-0.32313	-0.380102	-0.430122	-0.475325	-0.536192	-0.628611	-0.74375	-0.867972	-0.988549	-1.09931	-1.19867	-1.27232	-1.31427	-1.30778	-1.21612	-1.03594	-0.77692	-0.456753	-0.1281	0.173952	0.41107	0.557031	0.623853	0.622037	0.567304	0.473505	0.368181	0.2749	0.215465	0.211613	0.262603	0.366522	0.503929	0.654268	0.805112	0.936687	1.04013	1.11348	1.15824	1.17982	1.17982	
0.68815	0.674746	0.634957	0.568689	0.471682	0.33621	0.180427	0.026399	-0.108679	-0.217851	-0.29531	-0.363259	-0.435124	-0.510682	-0.604643	-0.724635	-0.857152	-0.985994	-1.10666	-1.20485	-1.27527	-1.30778	-1.27948	-1.18281	-1.00014	-0.739026	-0.425053	-0.0941392	0.204822	0.434421	0.585273	0.662552	0.659868	0.600294	0.504739	0.392223	0.293546	0.233405	0.229282	0.271731	0.363119	0.491318	0.625221	0.761273	0.881954	0.969667	1.03257	1.06971	1.08082	1.08082	
0.604361	0.623628	0.617613	0.581188	0.502273	0.381076	0.241592	0.104109	-0.0169388	-0.125947	-0.214461	-0.287621	-0.366028	-0.453824	-0.551933	-0.672141	-0.802172	-0.926312	-1.03915	-1.12608	-1.18931	-1.21612	-1.18281	-1.08691	-0.903126	-0.642186	-0.33759	-0.0244347	0.247884	0.462732	0.610947	0.684074	0.67987	0.617841	0.517549	0.399505	0.297554	0.231296	0.217637	0.250999	0.332034	0.451418	0.571938	0.694652	0.801383	0.869327	0.921606	0.95676	0.966649	0.966649	
0.462192	0.516914	0.53964	0.527285	0.469442	0.374367	0.265036	0.156842	0.0536299	-0.0432579	-0.127688	-0.203942	-0.283625	-0.372995	-0.465487	-0.571395	-0.683654	-0.795397	-0.893246	-0.962304	-1.01669	-1.03594	-1.00014	-0.903126	-0.728135	-0.484004	-0.206835	0.0679724	0.314675	0.509126	0.637534	0.692524	0.676729	0.60452	0.496682	0.37656	0.268718	0.199032	0.174535	0.198264	0.277579	0.387965	0.497397	0.604433	0.692817	0.74915	0.79139	0.818285	0.826215	0.826215	
0.286529	0.360479	0.40971	0.42778	0.401208	0.337648	0.260839	0.194179	0.119244	0.0400428	-0.0345157	-0.102067	-0.177651	-0.255816	-0.331288	-0.411183	-0.500829	-0.591539	-0.667674	-0.72476	-0.766407	-0.77692	-0.739026	-0.642186	-0.484004	-0.279076	-0.0483391	0.180795	0.391099	0.552955	0.652372	0.684423	0.648108	0.563136	0.450867	0.326302	0.2074	0.128629	0.102471	0.126876	0.196725	0.294505	0.396198	0.48738	0.564554	0.616668	0.648145	0.66558	0.668485	0.668485	
0.0957543	0.18626	0.261022	0.308163	0.321843	0.301111	0.262277	0.223096	0.177119	0.13093	0.0782898	0.0230909	-0.0416822	-0.105197	-0.161084	-0.214616	-0.27944	-0.336875	-0.381435	-0.429547	-0.456676	-0.456753	-0.425053	-0.33759	-0.206835	-0.0483391	0.132583	0.312296	0.4675	0.579187	0.637702	0.641013	0.598173	0.505978	0.380639	0.246776	0.124876	0.0454179	0.0142933	0.038853	0.0983771	0.179354	0.275858	0.357471	0.425039	0.471232	0.491647	0.502653	0.506892	0.506892	
-0.0843801	0.0239854	0.118506	0.199207	0.253059	0.273924	0.27883	0.276268	0.265103	0.249834	0.214501	0.160609	0.108545	0.0624257	0.024736	-0.00169272	-0.0343445	-0.0648282	-0.0914271	-0.12407	-0.138535	-0.1281	-0.0941392	-0.0244347	0.0679724	0.180795	0.312296	0.430903	0.526436	0.594117	0.616424	0.597109	0.540855	0.430936	0.293159	0.154281	0.0332142	-0.0452629	-0.0812097	-0.0608911	-0.00579029	0.0690035	0.159505	0.228999	0.279334	0.317228	0.33203	0.334306	0.338616	0.338616	
-0.226491	-0.109512	0.010255	0.126296	0.216096	0.273723	0.312893	0.350737	0.377016	0.383349	0.361255	0.310368	0.257646	0.223778	0.202287	0.189249	0.181549	0.178706	0.16726	0.154656	0.154165	0.173952	0.204822	0.247884	0.314675	0.391099	0.4675	0.526436	0.572182	0.594899	0.586426	0.549052	0.468161	0.353089	0.216183	0.077847	-0.0397672	-0.126032	-0.161386	-0.144071	-0.0963036	-0.0295376	0.0461482	0.105396	0.140187	0.166663	0.175792	0.168147	0.171873	0.171873	
-0.321888	-0.194461	-0.0536854	0.0856062	0.20476	0.298753	0.378552	0.447039	0.49809	0.517428	0.499891	0.45236	0.394885	0.356179	0.342503	0.336118	0.342067	0.358324	0.364896	0.371897	0.387009	0.41107	0.434421	0.462732	0.509126	0.552955	0.579187	0.594117	0.594899	0.579995	0.550691	0.493225	0.407613	0.295609	0.159062	0.0249595	-0.0878236	-0.171288	-0.208263	-0.197508	-0.157382	-0.104737	-0.0475331	-0.000562054	0.0216971	0.0317223	0.0298196	0.0182413	0.0186613	0.0186613	
-0.368859	-0.23097	-0.0785049	0.072409	0.214669	0.34197	0.457957	0.551638	0.622321	0.644307	0.616182	0.560612	0.497444	0.448877	0.430912	0.42328	0.436697	0.459974	0.480524	0.510248	0.532849	0.557031	0.585273	0.610947	0.637534	0.652372	0.637702	0.616424	0.586426	0.550691	0.510687	0.442211	0.358429	0.254612	0.127233	-8.1001e-05	-0.104668	-0.177802	-0.214618	-0.210999	-0.180588	-0.138022	-0.0967915	-0.0713375	-0.0644085	-0.0689084	-0.0820127	-0.0989106	-0.109468	-0.109468	
-0.370449	-0.233311	-0.0767039	0.0814441	0.237526	0.387468	0.527866	0.642037	0.715571	0.730253	0.696534	0.632818	0.551212	0.488316	0.456959	0.440535	0.456189	0.485487	0.521941	0.568964	0.597366	0.623853	0.662552	0.684074	0.692524	0.684423	0.641013	0.597109	0.549052	0.493225	0.442211	0.384574	0.309553	0.216705	0.114441	0.00669553	-0.0839419	-0.148011	-0.178301	-0.171822	-0.148371	-0.120955	-0.100267	-0.0919171	-0.0972022	-0.115023	-0.140902	-0.165941	-0.180807	-0.180807	
-0.334393	-0.206715	-0.0630597	0.0929001	0.258563	0.426005	0.581026	0.698643	0.767788	0.777184	0.730296	0.657876	0.566215	0.478664	0.420255	0.397276	0.407197	0.444244	0.498017	0.549801	0.589006	0.622037	0.659868	0.67987	0.676729	0.648108	0.598173	0.540855	0.468161	0.407613	0.358429	0.309553	0.256352	0.18539	0.108394	0.0263591	-0.0445159	-0.0863295	-0.0985417	-0.0889454	-0.0689239	-0.0469673	-0.0362159	-0.039371	-0.0586139	-0.0935026	-0.131712	-0.16095	-0.17548	-0.17548	
-0.281221	-0.170966	-0.0458252	0.0960232	0.261934	0.43129	0.586708	0.702576	0.770388	0.775313	0.716951	0.629611	0.52877	0.420944	0.338962	0.31007	0.317558	0.358117	0.417893	0.475413	0.52417	0.567304	0.600294	0.617841	0.60452	0.563136	0.505978	0.430936	0.353089	0.295609	0.254612	0.216705	0.18539	0.145582	0.0994242	0.0565587	0.0207332	0.0118822	0.0199568	0.0333994	0.0574572	0.08199	0.0914263	0.0775511	0.0443486	0.0049661	-0.0339098	-0.0667202	-0.0833037	-0.0833037	
-0.236592	-0.15498	-0.0494241	0.0816586	0.236605	0.397466	0.542672	0.653506	0.71484	0.708474	0.647807	0.555466	0.446698	0.32736	0.230089	0.192935	0.203301	0.241966	0.301295	0.369242	0.42827	0.473505	0.504739	0.517549	0.496682	0.450867	0.380639	0.293159	0.216183	0.159062	0.127233	0.114441	0.108394	0.0994242	0.0920966	0.0929224	0.102378	0.122211	0.1548	0.196058	0.236752	0.26613	0.269515	0.253527	0.222622	0.181869	0.140449	0.100749	0.0816254	0.0816254	
-0.21399	-0.159258	-0.0770317	0.0341702	0.170782	0.318527	0.444033	0.543233	0.59764	0.591504	0.536876	0.442113	0.332389	0.211792	0.106483	0.0615422	0.0746178	0.116045	0.183567	0.260784	0.326423	0.368181	0.392223	0.399505	0.37656	0.326302	0.246776	0.154281	0.077847	0.0249595	-8.1001e-05	0.00669553	0.0263591	0.0565587	0.0929224	0.132365	0.188344	0.247045	0.314404	0.389397	0.446919	0.480718	0.487933	0.477849	0.451298	0.406427	0.361624	0.326284	0.305029	0.305029	
-0.223508	-0.189592	-0.127767	-0.0399992	0.0701645	0.186623	0.292372	0.386783	0.437075	0.438159	0.394812	0.30856	0.20197	0.0884253	-0.00844755	-0.0510564	-0.0386265	0.00875661	0.0878124	0.167028	0.233663	0.2749	0.293546	0.297554	0.268718	0.2074	0.124876	0.0332142	-0.0397672	-0.0878236	-0.104668	-0.0839419	-0.0445159	0.0207332	0.102378	0.188344	0.28325	0.387923	0.492931	0.587377	0.663207	0.704881	0.726757	0.723152	0.68929	0.645574	0.60536	0.578755	0.555748	0.555748	
-0.261726	-0.242397	-0.197472	-0.133788	-0.0592003	0.0327708	0.124608	0.202149	0.252008	0.262294	0.230983	0.168622	0.0811737	-0.0141538	-0.0912944	-0.12689	-0.11675	-0.056276	0.0324145	0.109298	0.173376	0.215465	0.233405	0.231296	0.199032	0.128629	0.0454179	-0.0452629	-0.126032	-0.171288	-0.177802	-0.148011	-0.0863295	0.0118822	0.122211	0.247045	0.387923	0.534427	0.668892	0.777172	0.870813	0.930169	0.956098	0.95081	0.9197	0.878595	0.836821	0.809901	0.786184	0.786184	
-0.306666	-0.304373	-0.277009	-0.238416	-0.194809	-0.125337	-0.0474716	0.0145058	0.0625209	0.0875309	0.0834539	0.0443719	-0.0157666	-0.0784275	-0.128937	-0.150967	-0.128635	-0.0568093	0.0342263	0.109228	0.168436	0.211613	0.229282	0.217637	0.174535	0.102471	0.0142933	-0.0812097	-0.161386	-0.208263	-0.214618	-0.178301	-0.0985417	0.0199568	0.1548	0.314404	0.492931	0.668892	0.827317	0.957973	1.06421	1.12685	1.14404	1.13496	1.11062	1.07039	1.02438	0.992784	0.971895	0.971895	
-0.338272	-0.347518	-0.334526	-0.316937	-0.296692	-0.257463	-0.199271	-0.142001	-0.0954802	-0.0563325	-0.0288015	-0.0331108	-0.0576666	-0.0867969	-0.112029	-0.112143	-0.0715411	0.00661834	0.0972962	0.170527	0.226464	0.262603	0.271731	0.250999	0.198264	0.126876	0.038853	-0.0608911	-0.144071	-0.197508	-0.210999	-0.171822	-0.0889454	0.0333994	0.196058	0.389397	0.587377	0.777172	0.957973	1.10716	1.21355	1.27329	1.28813	1.275	1.2398	1.1941	1.14915	1.11079	1.09261	1.09261	
-0.339444	-0.348166	-0.351206	-0.35701	-0.357584	-0.341477	-0.30269	-0.252845	-0.206179	-0.151283	-0.0967746	-0.0640205	-0.0465647	-0.0370242	-0.0251881	0.00333577	0.0595854	0.139678	0.219897	0.286477	0.338278	0.366522	0.363119	0.332034	0.277579	0.196725	0.0983771	-0.00579029	-0.0963036	-0.157382	-0.180588	-0.148371	-0.0689239	0.0574572	0.236752	0.446919	0.663207	0.870813	1.06421	1.21355	1.30534	1.36173	1.37754	1.35088	1.30262	1.24997	1.1998	1.16029	1.14411	1.14411	
-0.288162	-0.307003	-0.325868	-0.347305	-0.359641	-0.363235	-0.344109	-0.306109	-0.258402	-0.192278	-0.116679	-0.0452566	0.0131326	0.066681	0.122076	0.18087	0.253746	0.326825	0.387738	0.446855	0.489299	0.503929	0.491318	0.451418	0.387965	0.294505	0.179354	0.0690035	-0.0295376	-0.104737	-0.138022	-0.120955	-0.0469673	0.08199	0.26613	0.480718	0.704881	0.930169	1.12685	1.27329	1.36173	1.40476	1.40623	1.36609	1.30896	1.24762	1.18673	1.14165	1.12232	1.12232	
-0.177485	-0.211139	-0.236616	-0.270975	-0.303729	-0.323718	-0.323939	-0.30346	-0.252635	-0.176817	-0.0845005	0.0244482	0.122683	0.216789	0.306765	0.3877	0.470023	0.5399	0.588994	0.638126	0.662848	0.654268	0.625221	0.571938	0.497397	0.396198	0.275858	0.159505	0.0461482	-0.0475331	-0.0967915	-0.100267	-0.0362159	0.0914263	0.269515	0.487933	0.726757	0.956098	1.14404	1.28813	1.37754	1.40623	1.38423	1.33172	1.26384	1.19093	1.12902	1.07819	1.049	1.049	
-0.0209176	-0.0671833	-0.107109	-0.150557	-0.201083	-0.240944	-0.257667	-0.249529	-0.2059	-0.121777	-0.013196	0.113352	0.248945	0.387402	0.517228	0.621462	0.705221	0.767128	0.799109	0.820273	0.824134	0.805112	0.761273	0.694652	0.604433	0.48738	0.357471	0.228999	0.105396	-0.000562054	-0.0713375	-0.0919171	-0.039371	0.0775511	0.253527	0.477849	0.723152	0.95081	1.13496	1.275	1.35088	1.36609	1.33172	1.26766	1.18869	1.10022	1.0323	0.983168	0.951215	0.951215	
0.161958	0.105469	0.0462837	-0.0110222	-0.0692814	-0.127047	-0.160028	-0.16298	-0.130956	-0.0496178	0.0655163	0.208947	0.380817	0.561928	0.723579	0.848019	0.931003	0.979433	0.994535	0.986512	0.967791	0.936687	0.881954	0.801383	0.692817	0.564554	0.425039	0.279334	0.140187	0.0216971	-0.0644085	-0.0972022	-0.0586139	0.0443486	0.222622	0.451298	0.68929	0.9197	1.11062	1.2398	1.30262	1.30896	1.26384	1.18869	1.09998	1.00269	0.92193	0.866372	0.840068	0.840068	
0.352787	0.286343	0.210684	0.133718	0.0635602	-0.00156025	-0.0508413	-0.0689944	-0.0454729	0.0294168	0.150182	0.312133	0.508572	0.717591	0.901915	1.03696	1.11992	1.15948	1.15962	1.1307	1.08899	1.04013	0.969667	0.869327	0.74915	0.616668	0.471232	0.317228	0.166663	0.0317223	-0.0689084	-0.115023	-0.0935026	0.0049661	0.181869	0.406427	0.645574	0.878595	1.07039	1.1941	1.24997	1.24762	1.19093	1.10022	1.00269	0.908348	0.823129	0.760155	0.732128	0.732128	
0.523051	0.444652	0.353012	0.263359	0.182545	0.111128	0.0490804	0.0181281	0.0325051	0.097387	0.220754	0.395987	0.609243	0.837708	1.04539	1.19464	1.27793	1.30125	1.27966	1.2321	1.17467	1.11348	1.03257	0.921606	0.79139	0.648145	0.491647	0.33203	0.175792	0.0298196	-0.0820127	-0.140902	-0.131712	-0.0339098	0.140449	0.361624	0.60536	0.836821	1.02438	1.14915	1.1998	1.18673	1.12902	1.0323	0.92193	0.823129	0.736982	0.672928	0.639156	0.639156	
0.64834	0.564484	0.460746	0.35715	0.266639	0.189807	0.123195	0.0837188	0.090977	0.144104	0.262665	0.450561	0.681238	0.922512	1.14156	1.3074	1.38983	1.39451	1.35932	1.30262	1.235	1.15824	1.06971	0.95676	0.818285	0.66558	0.502653	0.334306	0.168147	0.0182413	-0.0989106	-0.165941	-0.16095	-0.0667202	0.100749	0.326284	0.578755	0.809901	0.992784	1.11079	1.16029	1.14165	1.07819	0.983168	0.866372	0.760155	0.672928	0.609299	0.576165	0.576165	
0.721616	0.631664	0.512419	0.40612	0.31646	0.235919	0.165308	0.121579	0.11986	0.170181	0.292913	0.484771	0.722262	0.962982	1.18553	1.35992	1.44124	1.43829	1.39856	1.33702	1.26469	1.17982	1.08082	0.966649	0.826215	0.668485	0.506892	0.338616	0.171873	0.0186613	-0.109468	-0.180807	-0.17548	-0.0833037	0.0816254	0.305029	0.555748	0.786184	0.971895	1.09261	1.14411	1.12232	1.049	0.951215	0.840068	0.732128	0.639156	0.576165	0.542402	0.542402	
0.721616	0.631664	0.512419	0.40612	0.31646	0.235919	0.165308	0.121579	0.11986	0.170181	0.292913	0.484771	0.722262	0.962982	1.18553	1.35992	1.44124	1.43829	1.39856	1.33702	1.26469	1.17982	1.08082	0.966649	0.826215	0.668485	0.506892	0.338616	0.171873	0.0186613	-0.109468	-0.180807	-0.17548	-0.0833037	0.0816254	0.305029	0.555748	0.786184	0.971895	1.09261	1.14411	1.12232	1.049	0.951215	0.840068	0.732128	0.639156	0.576165	0.542402	0.542402	
