-0.0299953	-0.0299953	-0.0296873	-0.0300792	-0.0289718	-0.0293997	-0.0273381	-0.0255272	-0.0212241	-0.0121022	0.00156747	0.0276293	0.0680269	0.129392	0.221493	0.34164	0.49973	0.679187	0.868271	1.0384	1.14913	1.17079	1.07713	0.861286	0.556397	0.203625	-0.144231	-0.430678	-0.64355	-0.769349	-0.816198	-0.79192	-0.697567	-0.545566	-0.375622	-0.227356	-0.134358	-0.105753	-0.12443	-0.15208	-0.181851	-0.200119	-0.192592	-0.161345	-0.123847	-0.0919125	-0.0979263	-0.125882	-0.136393	-0.124434	
-0.0299953	-0.0299953	-0.0296873	-0.0300792	-0.0289718	-0.0293997	-0.0273381	-0.0255272	-0.0212241	-0.0121022	0.00156747	0.0276293	0.0680269	0.129392	0.221493	0.34164	0.49973	0.679187	0.868271	1.0384	1.14913	1.17079	1.07713	0.861286	0.556397	0.203625	-0.144231	-0.430678	-0.64355	-0.769349	-0.816198	-0.79192	-0.697567	-0.545566	-0.375622	-0.227356	-0.134358	-0.105753	-0.12443	-0.15208	-0.181851	-0.200119	-0.192592	-0.161345	-0.123847	-0.0919125	-0.0979263	-0.125882	-0.136393	-0.124434	
-0.0296873	-0.0296873	-0.0296233	-0.02982	-0.0291359	-0.0294174	-0.0269842	-0.0256379	-0.0200277	-0.0113508	0.00261965	0.0291562	0.0683994	0.12952	0.221063	0.340225	0.497254	0.677811	0.865131	1.03499	1.14678	1.16627	1.07256	0.859609	0.55494	0.205028	-0.139571	-0.424609	-0.638737	-0.765688	-0.814276	-0.78823	-0.696154	-0.54706	-0.378427	-0.22916	-0.13816	-0.10948	-0.125627	-0.15165	-0.181608	-0.199921	-0.192506	-0.16186	-0.125203	-0.0941518	-0.0998211	-0.125072	-0.136168	-0.124007	
-0.0300792	-0.0300792	-0.02982	-0.0298062	-0.0290351	-0.0286845	-0.0274396	-0.0248694	-0.0210997	-0.0121039	0.00247783	0.0280113	0.0695125	0.132206	0.22311	0.345025	0.500655	0.677484	0.863912	1.02966	1.13714	1.1592	1.06738	0.856892	0.559377	0.212622	-0.129578	-0.416636	-0.628572	-0.755956	-0.8044	-0.783797	-0.691789	-0.54519	-0.380648	-0.237368	-0.143145	-0.110648	-0.124529	-0.15163	-0.178668	-0.19487	-0.188488	-0.160755	-0.12442	-0.09613	-0.0993831	-0.123079	-0.132339	-0.123973	
-0.0289718	-0.0289718	-0.0291359	-0.0290351	-0.0290065	-0.0285943	-0.0269008	-0.0247813	-0.0190717	-0.0103436	0.00521287	0.0310367	0.0719239	0.133054	0.22331	0.343229	0.49564	0.673832	0.856203	1.02009	1.1288	1.14739	1.05582	0.851984	0.55749	0.218329	-0.116448	-0.400019	-0.612223	-0.743289	-0.796432	-0.774039	-0.686432	-0.547796	-0.386679	-0.243715	-0.152997	-0.120194	-0.126894	-0.150476	-0.176773	-0.192974	-0.187144	-0.161066	-0.127399	-0.101636	-0.103855	-0.120805	-0.130825	-0.122864	
-0.0293997	-0.0293997	-0.0294174	-0.0286845	-0.0285943	-0.0272124	-0.0261036	-0.0233451	-0.0183117	-0.00984297	0.00599641	0.0323086	0.0732022	0.138029	0.226554	0.349281	0.4999	0.673636	0.852721	1.01031	1.11393	1.13236	1.04407	0.846922	0.562925	0.231616	-0.0954243	-0.379981	-0.59311	-0.724932	-0.778495	-0.761071	-0.677676	-0.544167	-0.392137	-0.255994	-0.163482	-0.123645	-0.126696	-0.149197	-0.171672	-0.184466	-0.180156	-0.158521	-0.126377	-0.105677	-0.103892	-0.117006	-0.124723	-0.121004	
-0.0273381	-0.0273381	-0.0269842	-0.0274396	-0.0269008	-0.0261036	-0.0255035	-0.0214313	-0.0171761	-0.00714284	0.0100671	0.0353251	0.0796095	0.141608	0.23086	0.351975	0.498576	0.669924	0.844616	0.997253	1.09869	1.11626	1.03028	0.840295	0.565146	0.245425	-0.0740442	-0.354737	-0.562683	-0.699116	-0.759193	-0.745548	-0.666278	-0.543058	-0.396306	-0.26639	-0.176218	-0.134642	-0.127898	-0.146223	-0.16575	-0.177543	-0.17474	-0.155244	-0.127951	-0.111097	-0.107619	-0.113014	-0.119893	-0.118278	
-0.0255272	-0.0255272	-0.0256379	-0.0248694	-0.0247813	-0.0233451	-0.0214313	-0.0186306	-0.0119839	-0.00278476	0.0142135	0.0422144	0.0834142	0.149108	0.236489	0.358074	0.502391	0.671249	0.839994	0.985948	1.08392	1.09689	1.01361	0.834272	0.5712	0.264027	-0.0412603	-0.317696	-0.530804	-0.670522	-0.732353	-0.719961	-0.649255	-0.535012	-0.401763	-0.277708	-0.188879	-0.139998	-0.128085	-0.141635	-0.156933	-0.165834	-0.164112	-0.149042	-0.125728	-0.115071	-0.107868	-0.107217	-0.112088	-0.112481	
-0.0212241	-0.0212241	-0.0200277	-0.0210997	-0.0190717	-0.0183117	-0.0171761	-0.0119839	-0.00784428	0.00380612	0.0218555	0.0492593	0.0950164	0.159972	0.248841	0.369633	0.511347	0.673331	0.836956	0.975147	1.06682	1.07986	1.00216	0.83065	0.581302	0.289909	-0.00735598	-0.27964	-0.485394	-0.62691	-0.695457	-0.69214	-0.628096	-0.523373	-0.398874	-0.285457	-0.199751	-0.14642	-0.125453	-0.132662	-0.143579	-0.149741	-0.149997	-0.137386	-0.120775	-0.115138	-0.105944	-0.0992474	-0.10119	-0.104012	
-0.0121022	-0.0121022	-0.0113508	-0.0121039	-0.0103436	-0.00984297	-0.00714284	-0.00278476	0.00380612	0.0160363	0.0345696	0.0642347	0.109235	0.17443	0.263601	0.382081	0.52151	0.68085	0.838292	0.969783	1.05761	1.0659	0.989924	0.829262	0.594625	0.320244	0.0397308	-0.222349	-0.430636	-0.578636	-0.651278	-0.649849	-0.594211	-0.502384	-0.392912	-0.288561	-0.205651	-0.147706	-0.119465	-0.119265	-0.12528	-0.129248	-0.130242	-0.120725	-0.111719	-0.11159	-0.101371	-0.088441	-0.0878135	-0.0907827	
0.00156747	0.00156747	0.00261965	0.00247783	0.00521287	0.00599641	0.0100671	0.0142135	0.0218555	0.0345696	0.0537522	0.0858014	0.1316	0.200172	0.289948	0.408561	0.545852	0.69889	0.848315	0.97153	1.051	1.05764	0.986747	0.836932	0.618977	0.362238	0.0948822	-0.158529	-0.363959	-0.511785	-0.589159	-0.597	-0.552451	-0.470456	-0.374719	-0.2818	-0.203826	-0.141644	-0.106247	-0.0974263	-0.0970485	-0.0984673	-0.0993211	-0.0940717	-0.0918287	-0.097983	-0.0868351	-0.0705935	-0.0659351	-0.0694287	
0.0276293	0.0276293	0.0291562	0.0280113	0.0310367	0.0323086	0.0353251	0.0422144	0.0492593	0.0642347	0.0858014	0.117595	0.167379	0.23429	0.326356	0.441674	0.578492	0.724751	0.869483	0.98485	1.05767	1.06078	0.993574	0.852566	0.651134	0.416408	0.165367	-0.0766241	-0.277262	-0.428222	-0.512523	-0.528169	-0.491467	-0.423125	-0.341894	-0.262326	-0.190527	-0.126417	-0.0830875	-0.0639823	-0.0596399	-0.0571852	-0.0591317	-0.0553252	-0.0634372	-0.0736068	-0.065353	-0.0456384	-0.0370326	-0.040196	
0.0680269	0.0680269	0.0683994	0.0695125	0.0719239	0.0732022	0.0796095	0.0834142	0.0950164	0.109235	0.1316	0.167379	0.216138	0.286589	0.378889	0.494198	0.627175	0.770548	0.90478	1.01362	1.07648	1.07852	1.011	0.882174	0.699687	0.482152	0.250124	0.0258542	-0.174087	-0.328394	-0.415732	-0.438589	-0.412711	-0.357984	-0.29372	-0.228351	-0.160719	-0.0969486	-0.0467192	-0.0202574	-0.00603805	-0.00229853	-0.000633285	-0.00354015	-0.0170785	-0.0338919	-0.0280834	-0.00772242	0.00482774	0.00295008	
0.129392	0.129392	0.12952	0.132206	0.133054	0.138029	0.141608	0.149108	0.159972	0.17443	0.200172	0.23429	0.286589	0.357666	0.450503	0.564763	0.696851	0.831629	0.960165	1.05846	1.1123	1.10896	1.04571	0.926036	0.760432	0.565964	0.353484	0.138621	-0.0533616	-0.202349	-0.29607	-0.331534	-0.316347	-0.275142	-0.225138	-0.172857	-0.116187	-0.0545417	0.00233953	0.0414963	0.0602217	0.0695269	0.0717056	0.066922	0.0452842	0.0244488	0.0247634	0.0445313	0.0616755	0.060148	
0.221493	0.221493	0.221063	0.22311	0.22331	0.226554	0.23086	0.236489	0.248841	0.263601	0.289948	0.326356	0.378889	0.450503	0.543289	0.654876	0.782419	0.912578	1.03069	1.12244	1.16535	1.15982	1.09402	0.98294	0.834332	0.658715	0.467022	0.275074	0.0897814	-0.0633536	-0.162975	-0.204692	-0.198605	-0.172118	-0.13939	-0.104788	-0.055561	0.00376859	0.0668941	0.112263	0.140548	0.154709	0.161449	0.151115	0.125446	0.0994464	0.0935856	0.111906	0.131917	0.132269	
0.34164	0.34164	0.340225	0.345025	0.343229	0.349281	0.351975	0.358074	0.369633	0.382081	0.408561	0.441674	0.494198	0.564763	0.654876	0.766102	0.887797	1.01059	1.11917	1.19769	1.22777	1.21598	1.14766	1.04561	0.914171	0.757528	0.58876	0.40886	0.232546	0.0865953	-0.015034	-0.0691679	-0.0745725	-0.0646799	-0.0464885	-0.0248072	0.0152106	0.0660859	0.133515	0.189083	0.228309	0.248729	0.259765	0.246783	0.219804	0.189792	0.178274	0.194079	0.217742	0.218948	
0.49973	0.49973	0.497254	0.500655	0.49564	0.4999	0.498576	0.502391	0.511347	0.52151	0.545852	0.578492	0.627175	0.696851	0.782419	0.887797	1.00273	1.11592	1.21269	1.27891	1.29914	1.27583	1.20577	1.10775	0.986744	0.848858	0.70328	0.542596	0.378532	0.23577	0.126621	0.0665652	0.0483982	0.0463674	0.0489881	0.0560043	0.0790044	0.12789	0.199153	0.264043	0.309735	0.341288	0.357676	0.344699	0.317465	0.284349	0.267799	0.281282	0.306645	0.310502	
0.679187	0.679187	0.677811	0.677484	0.673832	0.673636	0.669924	0.671249	0.673331	0.68085	0.69889	0.724751	0.770548	0.831629	0.912578	1.01059	1.11592	1.21719	1.30059	1.35066	1.35361	1.32119	1.2433	1.14761	1.03882	0.918364	0.790014	0.64719	0.497994	0.360586	0.249641	0.181137	0.152256	0.134185	0.120956	0.112349	0.128523	0.169442	0.239761	0.310346	0.3712	0.414869	0.437172	0.426789	0.402918	0.370323	0.350205	0.363418	0.389934	0.397607	
0.868271	0.868271	0.865131	0.863912	0.856203	0.852721	0.844616	0.839994	0.836956	0.838292	0.848315	0.869483	0.90478	0.960165	1.03069	1.11917	1.21269	1.30059	1.36871	1.40016	1.38894	1.33845	1.25169	1.1549	1.05202	0.944636	0.840175	0.714433	0.577567	0.446372	0.335312	0.260687	0.21717	0.185705	0.159185	0.13956	0.138173	0.171272	0.241831	0.32284	0.393259	0.449569	0.481064	0.477841	0.460117	0.427757	0.409468	0.42163	0.449981	0.462216	
1.0384	1.0384	1.03499	1.02966	1.02009	1.01031	0.997253	0.985948	0.975147	0.969783	0.97153	0.98485	1.01362	1.05846	1.12244	1.19769	1.27891	1.35066	1.40016	1.41123	1.38314	1.31397	1.21985	1.11837	1.01796	0.924593	0.831333	0.722472	0.605043	0.483514	0.370553	0.28982	0.233158	0.189468	0.147454	0.11206	0.0984198	0.126347	0.192038	0.276087	0.358002	0.431508	0.471814	0.479236	0.466313	0.440952	0.424145	0.439216	0.466228	0.486338	
1.14913	1.14913	1.14678	1.13714	1.1288	1.11393	1.09869	1.08392	1.06682	1.05761	1.051	1.05767	1.07648	1.1123	1.16535	1.22777	1.29914	1.35361	1.38894	1.38314	1.33351	1.24767	1.13871	1.02671	0.927765	0.844773	0.766381	0.678577	0.573944	0.458347	0.350046	0.263214	0.194324	0.137047	0.0790811	0.0294389	0.00418572	0.0204756	0.0777797	0.16615	0.259853	0.34591	0.397355	0.417192	0.412974	0.393802	0.384449	0.400518	0.428934	0.456065	
1.17079	1.17079	1.16627	1.1592	1.14739	1.13236	1.11626	1.09689	1.07986	1.0659	1.05764	1.06078	1.07852	1.10896	1.15982	1.21598	1.27583	1.32119	1.33845	1.31397	1.24767	1.14433	1.02207	0.904939	0.805764	0.727249	0.659084	0.586062	0.497641	0.39367	0.290938	0.197922	0.117749	0.0422619	-0.0296439	-0.0939512	-0.133261	-0.13301	-0.0817211	0.00490816	0.10536	0.200896	0.266488	0.298696	0.300368	0.290292	0.286964	0.304897	0.331253	0.364343	
1.07713	1.07713	1.07256	1.06738	1.05582	1.04407	1.03028	1.01361	1.00216	0.989924	0.986747	0.993574	1.011	1.04571	1.09402	1.14766	1.20577	1.2433	1.25169	1.21985	1.13871	1.02207	0.890544	0.761515	0.659237	0.586466	0.529106	0.47372	0.399393	0.308752	0.21173	0.111576	0.0184919	-0.068674	-0.158712	-0.243285	-0.298374	-0.310291	-0.27396	-0.196152	-0.0928733	0.0114484	0.088785	0.129603	0.138177	0.136397	0.139976	0.157054	0.181984	0.218499	
0.861286	0.861286	0.859609	0.856892	0.851984	0.846922	0.840295	0.834272	0.83065	0.829262	0.836932	0.852566	0.882174	0.926036	0.98294	1.04561	1.10775	1.14761	1.1549	1.11837	1.02671	0.904939	0.761515	0.627992	0.526383	0.458207	0.408807	0.370564	0.310495	0.233989	0.140827	0.0399891	-0.0603343	-0.167412	-0.27962	-0.378906	-0.449882	-0.485237	-0.466415	-0.397124	-0.296302	-0.192143	-0.104767	-0.0562107	-0.0417724	-0.0371509	-0.0297118	-0.0146841	0.00666338	0.0406749	
0.556397	0.556397	0.55494	0.559377	0.55749	0.562925	0.565146	0.5712	0.581302	0.594625	0.618977	0.651134	0.699687	0.760432	0.834332	0.914171	0.986744	1.03882	1.05202	1.01796	0.927765	0.805764	0.659237	0.526383	0.428295	0.361212	0.325938	0.300268	0.255698	0.195448	0.115801	0.0137716	-0.0977504	-0.22369	-0.352373	-0.473893	-0.567643	-0.62251	-0.621301	-0.571581	-0.4836	-0.379846	-0.284949	-0.23417	-0.21584	-0.206688	-0.197144	-0.187292	-0.169453	-0.14541	
0.203625	0.203625	0.205028	0.212622	0.218329	0.231616	0.245425	0.264027	0.289909	0.320244	0.362238	0.416408	0.482152	0.565964	0.658715	0.757528	0.848858	0.918364	0.944636	0.924593	0.844773	0.727249	0.586466	0.458207	0.361212	0.303432	0.282514	0.273011	0.249672	0.212458	0.139815	0.0414699	-0.077226	-0.215554	-0.366136	-0.507856	-0.624317	-0.701859	-0.726956	-0.697731	-0.624219	-0.527173	-0.433092	-0.381171	-0.357814	-0.345688	-0.33892	-0.331024	-0.320202	-0.307255	
-0.144231	-0.144231	-0.139571	-0.129578	-0.116448	-0.0954243	-0.0740442	-0.0412603	-0.00735598	0.0397308	0.0948822	0.165367	0.250124	0.353484	0.467022	0.58876	0.70328	0.790014	0.840175	0.831333	0.766381	0.659084	0.529106	0.408807	0.325938	0.282514	0.278558	0.286418	0.287315	0.269296	0.213266	0.130031	0.0117346	-0.138947	-0.311385	-0.473625	-0.614607	-0.712596	-0.764144	-0.757435	-0.708909	-0.62113	-0.531958	-0.478684	-0.452368	-0.440668	-0.434313	-0.429854	-0.424109	-0.427922	
-0.430678	-0.430678	-0.424609	-0.416636	-0.400019	-0.379981	-0.354737	-0.317696	-0.27964	-0.222349	-0.158529	-0.0766241	0.0258542	0.138621	0.275074	0.40886	0.542596	0.64719	0.714433	0.722472	0.678577	0.586062	0.47372	0.370564	0.300268	0.273011	0.286418	0.317881	0.349588	0.359194	0.334042	0.268849	0.151073	-0.00894374	-0.189622	-0.370539	-0.53348	-0.656768	-0.734217	-0.755451	-0.731588	-0.657774	-0.581638	-0.528603	-0.502611	-0.488921	-0.487109	-0.48206	-0.484689	-0.5019	
-0.64355	-0.64355	-0.638737	-0.628572	-0.612223	-0.59311	-0.562683	-0.530804	-0.485394	-0.430636	-0.363959	-0.277262	-0.174087	-0.0533616	0.0897814	0.232546	0.378532	0.497994	0.577567	0.605043	0.573944	0.497641	0.399393	0.310495	0.255698	0.249672	0.287315	0.349588	0.413594	0.456254	0.464732	0.42033	0.321657	0.172017	-0.0153057	-0.218485	-0.397313	-0.542588	-0.642344	-0.693575	-0.692489	-0.643408	-0.581008	-0.531334	-0.504144	-0.493027	-0.492484	-0.486251	-0.496763	-0.52361	
-0.769349	-0.769349	-0.765688	-0.755956	-0.743289	-0.724932	-0.699116	-0.670522	-0.62691	-0.578636	-0.511785	-0.428222	-0.328394	-0.202349	-0.0633536	0.0865953	0.23577	0.360586	0.446372	0.483514	0.458347	0.39367	0.308752	0.233989	0.195448	0.212458	0.269296	0.359194	0.456254	0.539114	0.587793	0.584777	0.515334	0.377411	0.187609	-0.018563	-0.208595	-0.372064	-0.492891	-0.570216	-0.595674	-0.573834	-0.526411	-0.485284	-0.461966	-0.455064	-0.452884	-0.449259	-0.468128	-0.501061	
-0.816198	-0.816198	-0.814276	-0.8044	-0.796432	-0.778495	-0.759193	-0.732353	-0.695457	-0.651278	-0.589159	-0.512523	-0.415732	-0.29607	-0.162975	-0.015034	0.126621	0.249641	0.335312	0.370553	0.350046	0.290938	0.21173	0.140827	0.115801	0.139815	0.213266	0.334042	0.464732	0.587793	0.68446	0.724156	0.687985	0.578412	0.404896	0.204689	0.00777884	-0.164892	-0.304063	-0.400366	-0.448887	-0.451708	-0.42547	-0.396431	-0.378534	-0.373751	-0.370646	-0.374301	-0.396789	-0.434939	
-0.79192	-0.79192	-0.78823	-0.783797	-0.774039	-0.761071	-0.745548	-0.719961	-0.69214	-0.649849	-0.597	-0.528169	-0.438589	-0.331534	-0.204692	-0.0691679	0.0665652	0.181137	0.260687	0.28982	0.263214	0.197922	0.111576	0.0399891	0.0137716	0.0414699	0.130031	0.268849	0.42033	0.584777	0.724156	0.807428	0.819699	0.751237	0.603372	0.416755	0.223224	0.0488427	-0.0948912	-0.19921	-0.268663	-0.295823	-0.287724	-0.268438	-0.259653	-0.255277	-0.254044	-0.26175	-0.286431	-0.328219	
-0.697567	-0.697567	-0.696154	-0.691789	-0.686432	-0.677676	-0.666278	-0.649255	-0.628096	-0.594211	-0.552451	-0.491467	-0.412711	-0.316347	-0.198605	-0.0745725	0.0483982	0.152256	0.21717	0.233158	0.194324	0.117749	0.0184919	-0.0603343	-0.0977504	-0.077226	0.0117346	0.151073	0.321657	0.515334	0.687985	0.819699	0.885659	0.856012	0.740556	0.578682	0.403749	0.240111	0.101293	-0.00897235	-0.0881025	-0.126767	-0.128604	-0.125694	-0.122304	-0.115471	-0.112382	-0.123976	-0.147309	-0.192965	
-0.545566	-0.545566	-0.54706	-0.54519	-0.547796	-0.544167	-0.543058	-0.535012	-0.523373	-0.502384	-0.470456	-0.423125	-0.357984	-0.275142	-0.172118	-0.0646799	0.0463674	0.134185	0.185705	0.189468	0.137047	0.0422619	-0.068674	-0.167412	-0.22369	-0.215554	-0.138947	-0.00894374	0.172017	0.377411	0.578412	0.751237	0.856012	0.866053	0.79621	0.668295	0.514584	0.365008	0.236283	0.136093	0.0604974	0.0202442	0.00602996	0.000536186	0.0056784	0.0190295	0.0222742	0.0142065	-0.00326745	-0.0501382	
-0.375622	-0.375622	-0.378427	-0.380648	-0.386679	-0.392137	-0.396306	-0.401763	-0.398874	-0.392912	-0.374719	-0.341894	-0.29372	-0.225138	-0.13939	-0.0464885	0.0489881	0.120956	0.159185	0.147454	0.0790811	-0.0296439	-0.158712	-0.27962	-0.352373	-0.366136	-0.311385	-0.189622	-0.0153057	0.187609	0.404896	0.603372	0.740556	0.79621	0.765767	0.665028	0.533992	0.405279	0.29672	0.212033	0.145076	0.109007	0.0946629	0.0916869	0.101836	0.120851	0.130512	0.13789	0.126902	0.0825139	
-0.227356	-0.227356	-0.22916	-0.237368	-0.243715	-0.255994	-0.26639	-0.277708	-0.285457	-0.288561	-0.2818	-0.262326	-0.228351	-0.172857	-0.104788	-0.0248072	0.0560043	0.112349	0.13956	0.11206	0.0294389	-0.0939512	-0.243285	-0.378906	-0.473893	-0.507856	-0.473625	-0.370539	-0.218485	-0.018563	0.204689	0.416755	0.578682	0.668295	0.665028	0.590766	0.484258	0.37675	0.283031	0.209151	0.156141	0.135239	0.127615	0.129384	0.145527	0.174361	0.200768	0.227157	0.224135	0.188027	
-0.134358	-0.134358	-0.13816	-0.143145	-0.152997	-0.163482	-0.176218	-0.188879	-0.199751	-0.205651	-0.203826	-0.190527	-0.160719	-0.116187	-0.055561	0.0152106	0.0790044	0.128523	0.138173	0.0984198	0.00418572	-0.133261	-0.298374	-0.449882	-0.567643	-0.624317	-0.614607	-0.53348	-0.397313	-0.208595	0.00777884	0.223224	0.403749	0.514584	0.533992	0.484258	0.399027	0.299093	0.211069	0.147721	0.115196	0.102401	0.102005	0.111664	0.140944	0.180296	0.228933	0.274717	0.287905	0.267315	
-0.105753	-0.105753	-0.10948	-0.110648	-0.120194	-0.123645	-0.134642	-0.139998	-0.14642	-0.147706	-0.141644	-0.126417	-0.0969486	-0.0545417	0.00376859	0.0660859	0.12789	0.169442	0.171272	0.126347	0.0204756	-0.13301	-0.310291	-0.485237	-0.62251	-0.701859	-0.712596	-0.656768	-0.542588	-0.372064	-0.164892	0.0488427	0.240111	0.365008	0.405279	0.37675	0.299093	0.200583	0.11737	0.0631628	0.0304243	0.0197074	0.0304518	0.0535208	0.087944	0.138582	0.212552	0.281758	0.321141	0.32283	
-0.12443	-0.12443	-0.125627	-0.124529	-0.126894	-0.126696	-0.127898	-0.128085	-0.125453	-0.119465	-0.106247	-0.0830875	-0.0467192	0.00233953	0.0668941	0.133515	0.199153	0.239761	0.241831	0.192038	0.0777797	-0.0817211	-0.27396	-0.466415	-0.621301	-0.726956	-0.764144	-0.734217	-0.642344	-0.492891	-0.304063	-0.0948912	0.101293	0.236283	0.29672	0.283031	0.211069	0.11737	0.035385	-0.0297814	-0.0716433	-0.0781168	-0.0599236	-0.0378132	-0.00373767	0.0633163	0.157198	0.251189	0.320958	0.354461	
-0.15208	-0.15208	-0.15165	-0.15163	-0.150476	-0.149197	-0.146223	-0.141635	-0.132662	-0.119265	-0.0974263	-0.0639823	-0.0202574	0.0414963	0.112263	0.189083	0.264043	0.310346	0.32284	0.276087	0.16615	0.00490816	-0.196152	-0.397124	-0.571581	-0.697731	-0.757435	-0.755451	-0.693575	-0.570216	-0.400366	-0.19921	-0.00897235	0.136093	0.212033	0.209151	0.147721	0.0631628	-0.0297814	-0.110643	-0.162164	-0.173579	-0.167601	-0.15444	-0.119007	-0.0457493	0.0546203	0.170391	0.276938	0.346273	
-0.181851	-0.181851	-0.181608	-0.178668	-0.176773	-0.171672	-0.16575	-0.156933	-0.143579	-0.12528	-0.0970485	-0.0596399	-0.00603805	0.0602217	0.140548	0.228309	0.309735	0.3712	0.393259	0.358002	0.259853	0.10536	-0.0928733	-0.296302	-0.4836	-0.624219	-0.708909	-0.731588	-0.692489	-0.595674	-0.448887	-0.268663	-0.0881025	0.0604974	0.145076	0.156141	0.115196	0.0304243	-0.0716433	-0.162164	-0.224872	-0.257828	-0.268755	-0.265499	-0.23727	-0.175966	-0.0795871	0.0558192	0.193037	0.295034	
-0.200119	-0.200119	-0.199921	-0.19487	-0.192974	-0.184466	-0.177543	-0.165834	-0.149741	-0.129248	-0.0984673	-0.0571852	-0.00229853	0.0695269	0.154709	0.248729	0.341288	0.414869	0.449569	0.431508	0.34591	0.200896	0.0114484	-0.192143	-0.379846	-0.527173	-0.62113	-0.657774	-0.643408	-0.573834	-0.451708	-0.295823	-0.126767	0.0202442	0.109007	0.135239	0.102401	0.0197074	-0.0781168	-0.173579	-0.257828	-0.312378	-0.339517	-0.353297	-0.344219	-0.306754	-0.220136	-0.0816066	0.0708277	0.197871	
-0.192592	-0.192592	-0.192506	-0.188488	-0.187144	-0.180156	-0.17474	-0.164112	-0.149997	-0.130242	-0.0993211	-0.0591317	-0.000633285	0.0717056	0.161449	0.259765	0.357676	0.437172	0.481064	0.471814	0.397355	0.266488	0.088785	-0.104767	-0.284949	-0.433092	-0.531958	-0.581638	-0.581008	-0.526411	-0.42547	-0.287724	-0.128604	0.00602996	0.0946629	0.127615	0.102005	0.0304518	-0.0599236	-0.167601	-0.268755	-0.339517	-0.387081	-0.42036	-0.43504	-0.423012	-0.358007	-0.231741	-0.0815101	0.063269	
-0.161345	-0.161345	-0.16186	-0.160755	-0.161066	-0.158521	-0.155244	-0.149042	-0.137386	-0.120725	-0.0940717	-0.0553252	-0.00354015	0.066922	0.151115	0.246783	0.344699	0.426789	0.477841	0.479236	0.417192	0.298696	0.129603	-0.0562107	-0.23417	-0.381171	-0.478684	-0.528603	-0.531334	-0.485284	-0.396431	-0.268438	-0.125694	0.000536186	0.0916869	0.129384	0.111664	0.0535208	-0.0378132	-0.15444	-0.265499	-0.353297	-0.42036	-0.473416	-0.512068	-0.527052	-0.485459	-0.384798	-0.249296	-0.0961952	
-0.123847	-0.123847	-0.125203	-0.12442	-0.127399	-0.126377	-0.127951	-0.125728	-0.120775	-0.111719	-0.0918287	-0.0634372	-0.0170785	0.0452842	0.125446	0.219804	0.317465	0.402918	0.460117	0.466313	0.412974	0.300368	0.138177	-0.0417724	-0.21584	-0.357814	-0.452368	-0.502611	-0.504144	-0.461966	-0.378534	-0.259653	-0.122304	0.0056784	0.101836	0.145527	0.140944	0.087944	-0.00373767	-0.119007	-0.23727	-0.344219	-0.43504	-0.512068	-0.575094	-0.609489	-0.598068	-0.53365	-0.420598	-0.272508	
-0.0919125	-0.0919125	-0.0941518	-0.09613	-0.101636	-0.105677	-0.111097	-0.115071	-0.115138	-0.11159	-0.097983	-0.0736068	-0.0338919	0.0244488	0.0994464	0.189792	0.284349	0.370323	0.427757	0.440952	0.393802	0.290292	0.136397	-0.0371509	-0.206688	-0.345688	-0.440668	-0.488921	-0.493027	-0.455064	-0.373751	-0.255277	-0.115471	0.0190295	0.120851	0.174361	0.180296	0.138582	0.0633163	-0.0457493	-0.175966	-0.306754	-0.423012	-0.527052	-0.609489	-0.672085	-0.700592	-0.67223	-0.583349	-0.455863	
-0.0979263	-0.0979263	-0.0998211	-0.0993831	-0.103855	-0.103892	-0.107619	-0.107868	-0.105944	-0.101371	-0.0868351	-0.065353	-0.0280834	0.0247634	0.0935856	0.178274	0.267799	0.350205	0.409468	0.424145	0.384449	0.286964	0.139976	-0.0297118	-0.197144	-0.33892	-0.434313	-0.487109	-0.492484	-0.452884	-0.370646	-0.254044	-0.112382	0.0222742	0.130512	0.200768	0.228933	0.212552	0.157198	0.0546203	-0.0795871	-0.220136	-0.358007	-0.485459	-0.598068	-0.700592	-0.765588	-0.765129	-0.709529	-0.62203	
-0.125882	-0.125882	-0.125072	-0.123079	-0.120805	-0.117006	-0.113014	-0.107217	-0.0992474	-0.088441	-0.0705935	-0.0456384	-0.00772242	0.0445313	0.111906	0.194079	0.281282	0.363418	0.42163	0.439216	0.400518	0.304897	0.157054	-0.0146841	-0.187292	-0.331024	-0.429854	-0.48206	-0.486251	-0.449259	-0.374301	-0.26175	-0.123976	0.0142065	0.13789	0.227157	0.274717	0.281758	0.251189	0.170391	0.0558192	-0.0816066	-0.231741	-0.384798	-0.53365	-0.67223	-0.765129	-0.800375	-0.796585	-0.74999	
-0.136393	-0.136393	-0.136168	-0.132339	-0.130825	-0.124723	-0.119893	-0.112088	-0.10119	-0.0878135	-0.0659351	-0.0370326	0.00482774	0.0616755	0.131917	0.217742	0.306645	0.389934	0.449981	0.466228	0.428934	0.331253	0.181984	0.00666338	-0.169453	-0.320202	-0.424109	-0.484689	-0.496763	-0.468128	-0.396789	-0.286431	-0.147309	-0.00326745	0.126902	0.224135	0.287905	0.321141	0.320958	0.276938	0.193037	0.0708277	-0.0815101	-0.249296	-0.420598	-0.583349	-0.709529	-0.796585	-0.840358	-0.828924	
-0.124434	-0.124434	-0.124007	-0.123973	-0.122864	-0.121004	-0.118278	-0.112481	-0.104012	-0.0907827	-0.0694287	-0.040196	0.00295008	0.060148	0.132269	0.218948	0.310502	0.397607	0.462216	0.486338	0.456065	0.364343	0.218499	0.0406749	-0.14541	-0.307255	-0.427922	-0.5019	-0.52361	-0.501061	-0.434939	-0.328219	-0.192965	-0.0501382	0.0825139	0.188027	0.267315	0.32283	0.354461	0.346273	0.295034	0.197871	0.063269	-0.0961952	-0.272508	-0.455863	-0.62203	-0.74999	-0.828924	-0.855866	
