-0.213904	-0.213904	-0.197906	-0.173288	-0.149213	-0.129233	-0.127745	-0.141093	-0.141067	-0.118522	-0.091374	-0.0510472	0.00713988	0.0835232	0.190828	0.320244	0.428368	0.489988	0.514967	0.491433	0.390896	0.205062	-0.0343511	-0.314278	-0.618291	-0.907067	-1.12537	-1.24206	-1.25031	-1.15754	-0.982135	-0.738557	-0.447374	-0.154067	0.103889	0.313577	0.468745	0.552317	0.575971	0.564918	0.534128	0.464884	0.37886	0.310199	0.24997	0.195308	0.150919	0.103028	0.045724	-0.00604276	
-0.213904	-0.213904	-0.197906	-0.173288	-0.149213	-0.129233	-0.127745	-0.141093	-0.141067	-0.118522	-0.091374	-0.0510472	0.00713988	0.0835232	0.190828	0.320244	0.428368	0.489988	0.514967	0.491433	0.390896	0.205062	-0.0343511	-0.314278	-0.618291	-0.907067	-1.12537	-1.24206	-1.25031	-1.15754	-0.982135	-0.738557	-0.447374	-0.154067	0.103889	0.313577	0.468745	0.552317	0.575971	0.564918	0.534128	0.464884	0.37886	0.310199	0.24997	0.195308	0.150919	0.103028	0.045724	-0.00604276	
-0.197906	-0.197906	-0.190843	-0.174354	-0.159988	-0.1453	-0.134071	-0.135884	-0.138325	-0.11812	-0.0876865	-0.0441838	0.021048	0.104431	0.201039	0.310156	0.410203	0.474622	0.502275	0.479431	0.380606	0.197015	-0.0433882	-0.321786	-0.612594	-0.882334	-1.09337	-1.21369	-1.23029	-1.14396	-0.966395	-0.714256	-0.419966	-0.133469	0.107718	0.293684	0.430006	0.512399	0.546714	0.543702	0.515603	0.453329	0.37401	0.304361	0.245271	0.199025	0.159443	0.109099	0.051135	0.000351984	
-0.173288	-0.173288	-0.174354	-0.170352	-0.171841	-0.169904	-0.15221	-0.136382	-0.126815	-0.106918	-0.078374	-0.0332814	0.0401808	0.127161	0.211489	0.299036	0.3854	0.447373	0.47171	0.445281	0.353576	0.184892	-0.0469839	-0.3196	-0.592731	-0.843146	-1.04348	-1.16179	-1.17745	-1.09161	-0.913752	-0.664579	-0.381329	-0.114947	0.0992262	0.255984	0.370685	0.446746	0.487219	0.48872	0.465647	0.419464	0.360056	0.30063	0.248104	0.212252	0.179263	0.128925	0.0693162	0.0193587	
-0.149213	-0.149213	-0.159988	-0.171841	-0.186812	-0.191835	-0.177073	-0.147741	-0.117115	-0.0876839	-0.0615684	-0.0122059	0.0640239	0.144226	0.216878	0.291655	0.36683	0.421246	0.43691	0.402163	0.316698	0.167919	-0.0421825	-0.291843	-0.548952	-0.789565	-0.98222	-1.08905	-1.09544	-1.0003	-0.821258	-0.587435	-0.33612	-0.108027	0.073385	0.208579	0.308381	0.375767	0.40962	0.408417	0.392524	0.369142	0.338876	0.302486	0.261727	0.230794	0.203833	0.158028	0.101471	0.0523523	
-0.129233	-0.129233	-0.1453	-0.169904	-0.191835	-0.198665	-0.186181	-0.156774	-0.11248	-0.0712145	-0.0365009	0.0173712	0.0914159	0.158516	0.217106	0.281697	0.347156	0.390645	0.3953	0.357384	0.276857	0.142707	-0.0377699	-0.255975	-0.494211	-0.727422	-0.908338	-1.00316	-0.993237	-0.886439	-0.711912	-0.502204	-0.288483	-0.10468	0.0394209	0.153519	0.24312	0.297435	0.317201	0.312566	0.308427	0.303518	0.299392	0.294215	0.274292	0.251094	0.23063	0.194965	0.139564	0.0880439	
-0.127745	-0.127745	-0.134071	-0.15221	-0.177073	-0.186181	-0.177364	-0.152817	-0.112237	-0.0600682	-0.011644	0.0471912	0.114743	0.171833	0.219074	0.272478	0.3216	0.343254	0.341931	0.315811	0.244364	0.120904	-0.0340139	-0.222678	-0.445067	-0.660266	-0.8203	-0.89372	-0.872662	-0.765487	-0.601528	-0.413671	-0.237459	-0.0979644	0.00741736	0.0947249	0.167407	0.207724	0.212264	0.205734	0.210306	0.218625	0.236715	0.266967	0.283465	0.280191	0.267938	0.236952	0.18199	0.120437	
-0.141093	-0.141093	-0.135884	-0.136382	-0.147741	-0.156774	-0.152817	-0.142019	-0.111755	-0.056142	0.00859134	0.0714201	0.13222	0.18168	0.224381	0.268902	0.298447	0.304627	0.30699	0.296263	0.237026	0.126958	-0.0112443	-0.183792	-0.379489	-0.565194	-0.699627	-0.758491	-0.733588	-0.639869	-0.49712	-0.333639	-0.184036	-0.0757385	-0.00955311	0.0393861	0.08502	0.108499	0.110588	0.1134	0.127919	0.144172	0.174969	0.229929	0.283308	0.313176	0.315237	0.289995	0.233748	0.165691	
-0.141067	-0.141067	-0.138325	-0.126815	-0.117115	-0.11248	-0.112237	-0.111755	-0.094997	-0.0422241	0.0263369	0.0886089	0.138188	0.181498	0.224298	0.261397	0.281184	0.290641	0.30263	0.295622	0.243112	0.144537	0.0129898	-0.138954	-0.298351	-0.446779	-0.558355	-0.606897	-0.592743	-0.519642	-0.399624	-0.26087	-0.135291	-0.0491751	-0.0101086	0.00387597	0.0122208	0.0146282	0.0154154	0.0232469	0.0431069	0.0729312	0.118507	0.188573	0.26988	0.333102	0.358858	0.339853	0.290287	0.227419	
-0.118522	-0.118522	-0.11812	-0.106918	-0.0876839	-0.0712145	-0.0600682	-0.056142	-0.0422241	-0.00523818	0.0450912	0.0887725	0.127039	0.169273	0.214107	0.250807	0.279439	0.305085	0.316613	0.301441	0.25591	0.169576	0.0481911	-0.0832728	-0.207806	-0.32612	-0.41813	-0.464648	-0.457297	-0.401277	-0.312997	-0.208863	-0.104731	-0.0295424	-0.00113508	-0.00896792	-0.0356534	-0.0620228	-0.0735219	-0.0704401	-0.0473329	-0.0019035	0.0645962	0.150681	0.246119	0.335056	0.386274	0.381241	0.336898	0.287315	
-0.091374	-0.091374	-0.0876865	-0.078374	-0.0615684	-0.0365009	-0.011644	0.00859134	0.0263369	0.0450912	0.0618092	0.0813541	0.112381	0.156524	0.206595	0.25748	0.30802	0.343489	0.349864	0.33397	0.297262	0.225699	0.123115	0.012465	-0.0991948	-0.20333	-0.287068	-0.333779	-0.333535	-0.291884	-0.228466	-0.152505	-0.0742708	-0.0142087	0.011085	-0.00827218	-0.0578351	-0.106329	-0.137681	-0.146552	-0.12189	-0.0617596	0.0252196	0.126286	0.229941	0.326374	0.393587	0.407448	0.381197	0.346616	
-0.0510472	-0.0510472	-0.0441838	-0.0332814	-0.0122059	0.0173712	0.0471912	0.0714201	0.0886089	0.0887725	0.0813541	0.0868305	0.114612	0.156282	0.210594	0.278612	0.345697	0.388578	0.404115	0.400959	0.375498	0.321889	0.242309	0.138967	0.0254009	-0.0786921	-0.162213	-0.213095	-0.220187	-0.19589	-0.151629	-0.0915065	-0.0290351	0.0162428	0.0266316	-0.00592899	-0.065668	-0.126918	-0.172968	-0.185548	-0.16008	-0.098518	-0.00776422	0.0988998	0.209151	0.312379	0.389463	0.431517	0.435922	0.427391	
0.00713988	0.00713988	0.021048	0.0401808	0.0640239	0.0914159	0.114743	0.13222	0.138188	0.127039	0.112381	0.114612	0.137675	0.176356	0.233337	0.307059	0.378918	0.435909	0.477309	0.498249	0.48649	0.447223	0.37573	0.271104	0.150026	0.0390339	-0.0487436	-0.102485	-0.12411	-0.119799	-0.0852059	-0.0301193	0.0226959	0.0540964	0.0502643	0.0095813	-0.0524543	-0.120804	-0.177725	-0.199712	-0.182209	-0.128535	-0.0479209	0.0556918	0.177695	0.292236	0.387019	0.45702	0.498781	0.524647	
0.0835232	0.0835232	0.104431	0.127161	0.144226	0.158516	0.171833	0.18168	0.181498	0.169273	0.156524	0.156282	0.176356	0.217142	0.275383	0.348577	0.430343	0.511739	0.581215	0.624567	0.631737	0.601454	0.52703	0.415065	0.284059	0.157155	0.0563038	-0.00935288	-0.0478922	-0.0587185	-0.0323409	0.0194332	0.0699637	0.094597	0.0820242	0.0421677	-0.0186954	-0.0888592	-0.14768	-0.175002	-0.171478	-0.13898	-0.077203	0.0161945	0.138273	0.269994	0.39157	0.489162	0.558897	0.612511	
0.190828	0.190828	0.201039	0.211489	0.216878	0.217106	0.219074	0.224381	0.224298	0.214107	0.206595	0.210594	0.233337	0.275383	0.333919	0.412203	0.51023	0.615113	0.706492	0.77347	0.798846	0.770939	0.68864	0.571513	0.428479	0.277539	0.147661	0.055741	0.00167812	-0.00878881	0.0207981	0.0713034	0.116189	0.134026	0.122753	0.0863532	0.0294994	-0.0364614	-0.0916705	-0.124142	-0.136639	-0.126416	-0.0843202	-0.00474928	0.108607	0.245114	0.388715	0.515177	0.61348	0.685288	
0.320244	0.320244	0.310156	0.299036	0.291655	0.281697	0.272478	0.268902	0.261397	0.250807	0.25748	0.278612	0.307059	0.348577	0.412203	0.497427	0.607257	0.728276	0.84026	0.924274	0.961708	0.938363	0.854508	0.725776	0.560482	0.383969	0.223261	0.101144	0.0358202	0.0312533	0.0677342	0.118862	0.163258	0.180915	0.173537	0.142348	0.0906154	0.0307785	-0.0251826	-0.0672597	-0.0985529	-0.105596	-0.076111	-0.0100876	0.0929795	0.228186	0.377544	0.527491	0.657798	0.74846	
0.428368	0.428368	0.410203	0.3854	0.36683	0.347156	0.3216	0.298447	0.281184	0.279439	0.30802	0.345697	0.378918	0.430343	0.51023	0.607257	0.722533	0.855671	0.979827	1.07019	1.10893	1.09154	1.00876	0.865964	0.67876	0.478243	0.287029	0.136257	0.0596201	0.0545003	0.093702	0.148553	0.19806	0.225494	0.23238	0.210614	0.166918	0.113385	0.0467887	-0.0183519	-0.0664599	-0.0768391	-0.0539543	0.000209225	0.0963513	0.22321	0.369711	0.530826	0.682008	0.793651	
0.489988	0.489988	0.474622	0.447373	0.421246	0.390645	0.343254	0.304627	0.290641	0.305085	0.343489	0.388578	0.435909	0.511739	0.615113	0.728276	0.855671	0.998252	1.12317	1.20257	1.23022	1.21322	1.13014	0.976534	0.774046	0.555816	0.340881	0.16681	0.0709987	0.0500163	0.0867971	0.151415	0.215295	0.263456	0.288507	0.2785	0.241317	0.18983	0.113476	0.0313889	-0.0254548	-0.039524	-0.0204804	0.0197522	0.102022	0.222278	0.366154	0.525574	0.683057	0.804046	
0.514967	0.514967	0.502275	0.47171	0.43691	0.3953	0.341931	0.30699	0.30263	0.316613	0.349864	0.404115	0.477309	0.581215	0.706492	0.84026	0.979827	1.12317	1.24096	1.31107	1.3256	1.29115	1.19292	1.03289	0.82851	0.598243	0.366827	0.181889	0.0692395	0.031773	0.060873	0.131915	0.209707	0.279333	0.323497	0.32571	0.29492	0.240776	0.164796	0.085828	0.025625	0.000822939	0.00762207	0.0366948	0.104785	0.21562	0.35221	0.505637	0.656732	0.777095	
0.491433	0.491433	0.479431	0.445281	0.402163	0.357384	0.315811	0.296263	0.295622	0.301441	0.33397	0.400959	0.498249	0.624567	0.77347	0.924274	1.07019	1.20257	1.31107	1.37715	1.3858	1.33052	1.2064	1.02897	0.814232	0.580504	0.353921	0.173541	0.0549586	0.00779331	0.0283384	0.0951135	0.182494	0.263566	0.322906	0.341252	0.320092	0.268519	0.206611	0.141044	0.0741853	0.0294783	0.0179014	0.0399005	0.104433	0.204419	0.325581	0.463774	0.602532	0.715763	
0.390896	0.390896	0.380606	0.353576	0.316698	0.276857	0.244364	0.237026	0.243112	0.25591	0.297262	0.375498	0.48649	0.631737	0.798846	0.961708	1.10893	1.23022	1.3256	1.3858	1.39104	1.32031	1.17223	0.971958	0.744034	0.512124	0.298571	0.128935	0.0174221	-0.031415	-0.0209266	0.0364744	0.125651	0.211185	0.284008	0.318982	0.30993	0.275776	0.230028	0.172124	0.0994641	0.0404001	0.0146115	0.036101	0.099634	0.186171	0.289031	0.403375	0.51814	0.620229	
0.205062	0.205062	0.197015	0.184892	0.167919	0.142707	0.120904	0.126958	0.144537	0.169576	0.225699	0.321889	0.447223	0.601454	0.770939	0.938363	1.09154	1.21322	1.29115	1.33052	1.32031	1.24349	1.08569	0.871771	0.636337	0.412371	0.212317	0.0477666	-0.0589268	-0.106467	-0.0983895	-0.0477859	0.0370726	0.128764	0.214046	0.261387	0.268545	0.257553	0.222992	0.166579	0.0971343	0.0351669	0.0103241	0.0279305	0.0814627	0.155376	0.24315	0.332203	0.421382	0.500094	
-0.0343511	-0.0343511	-0.0433882	-0.0469839	-0.0421825	-0.0377699	-0.0340139	-0.0112443	0.0129898	0.0481911	0.123115	0.242309	0.37573	0.52703	0.68864	0.854508	1.00876	1.13014	1.19292	1.2064	1.17223	1.08569	0.931002	0.722473	0.494654	0.280668	0.0888254	-0.0703601	-0.173772	-0.216917	-0.211836	-0.165544	-0.0869933	0.0132583	0.109162	0.171038	0.198701	0.204039	0.178558	0.128295	0.0679304	0.0145214	-0.00535527	0.0054859	0.0454169	0.111512	0.180956	0.248077	0.314132	0.360791	
-0.314278	-0.314278	-0.321786	-0.3196	-0.291843	-0.255975	-0.222678	-0.183792	-0.138954	-0.0832728	0.012465	0.138967	0.271104	0.415065	0.571513	0.725776	0.865964	0.976534	1.03289	1.02897	0.971958	0.871771	0.722473	0.527321	0.316406	0.119825	-0.0622131	-0.214064	-0.316226	-0.35839	-0.355084	-0.30831	-0.227363	-0.122119	-0.0154606	0.0618102	0.108283	0.124228	0.107423	0.0685907	0.0208275	-0.0182203	-0.0376064	-0.0323253	0.00358976	0.0573662	0.1036	0.148964	0.19125	0.214824	
-0.618291	-0.618291	-0.612594	-0.592731	-0.548952	-0.494211	-0.445067	-0.379489	-0.298351	-0.207806	-0.0991948	0.0254009	0.150026	0.284059	0.428479	0.560482	0.67876	0.774046	0.82851	0.814232	0.744034	0.636337	0.494654	0.316406	0.129019	-0.0502994	-0.222885	-0.369092	-0.469503	-0.516875	-0.509895	-0.455345	-0.365584	-0.259181	-0.148729	-0.0648558	-0.00787206	0.0194082	0.0154766	-0.0110653	-0.0414109	-0.0625189	-0.0738054	-0.063714	-0.0262265	0.0124279	0.0347837	0.0518069	0.0690813	0.0713435	
-0.907067	-0.907067	-0.882334	-0.843146	-0.789565	-0.727422	-0.660266	-0.565194	-0.446779	-0.32612	-0.20333	-0.0786921	0.0390339	0.157155	0.277539	0.383969	0.478243	0.555816	0.598243	0.580504	0.512124	0.412371	0.280668	0.119825	-0.0502994	-0.220448	-0.387701	-0.530026	-0.627068	-0.670864	-0.65424	-0.595383	-0.501162	-0.392863	-0.285068	-0.20152	-0.139461	-0.0987821	-0.0890943	-0.100369	-0.111323	-0.113757	-0.104515	-0.082261	-0.0469715	-0.0206025	-0.0135485	-0.0189144	-0.0326647	-0.0572814	
-1.12537	-1.12537	-1.09337	-1.04348	-0.98222	-0.908338	-0.8203	-0.699627	-0.558355	-0.41813	-0.287068	-0.162213	-0.0487436	0.0563038	0.147661	0.223261	0.287029	0.340881	0.366827	0.353921	0.298571	0.212317	0.0888254	-0.0622131	-0.222885	-0.387701	-0.550514	-0.69017	-0.775831	-0.802476	-0.780395	-0.724641	-0.63562	-0.528354	-0.42273	-0.337512	-0.27287	-0.223496	-0.191633	-0.184017	-0.176283	-0.157972	-0.131185	-0.0998811	-0.0701604	-0.0498528	-0.0494907	-0.0714249	-0.112723	-0.176912	
-1.24206	-1.24206	-1.21369	-1.16179	-1.08905	-1.00316	-0.89372	-0.758491	-0.606897	-0.464648	-0.333779	-0.213095	-0.102485	-0.00935288	0.055741	0.101144	0.136257	0.16681	0.181889	0.173541	0.128935	0.0477666	-0.0703601	-0.214064	-0.369092	-0.530026	-0.69017	-0.818071	-0.88673	-0.896832	-0.875803	-0.826698	-0.749681	-0.650653	-0.547934	-0.460736	-0.395464	-0.333484	-0.283764	-0.248325	-0.21768	-0.181692	-0.14622	-0.109818	-0.0882134	-0.0757821	-0.080304	-0.115955	-0.186515	-0.279647	
-1.25031	-1.25031	-1.23029	-1.17745	-1.09544	-0.993237	-0.872662	-0.733588	-0.592743	-0.457297	-0.333535	-0.220187	-0.12411	-0.0478922	0.00167812	0.0358202	0.0596201	0.0709987	0.0692395	0.0549586	0.0174221	-0.0589268	-0.173772	-0.316226	-0.469503	-0.627068	-0.775831	-0.88673	-0.940867	-0.947795	-0.929879	-0.887408	-0.822463	-0.738305	-0.647367	-0.56792	-0.498687	-0.425982	-0.360179	-0.300136	-0.241889	-0.186571	-0.137157	-0.099921	-0.086554	-0.0926468	-0.113833	-0.168173	-0.255706	-0.369481	
-1.15754	-1.15754	-1.14396	-1.09161	-1.0003	-0.886439	-0.765487	-0.639869	-0.519642	-0.401277	-0.291884	-0.19589	-0.119799	-0.0587185	-0.00878881	0.0312533	0.0545003	0.0500163	0.031773	0.00779331	-0.031415	-0.106467	-0.216917	-0.35839	-0.516875	-0.670864	-0.802476	-0.896832	-0.947795	-0.96319	-0.951978	-0.915125	-0.856119	-0.786177	-0.718678	-0.653988	-0.582531	-0.503278	-0.425087	-0.343448	-0.258519	-0.182691	-0.112528	-0.0735977	-0.0736393	-0.103675	-0.15539	-0.228918	-0.328783	-0.453494	
-0.982135	-0.982135	-0.966395	-0.913752	-0.821258	-0.711912	-0.601528	-0.49712	-0.399624	-0.312997	-0.228466	-0.151629	-0.0852059	-0.0323409	0.0207981	0.0677342	0.093702	0.0867971	0.060873	0.0283384	-0.0209266	-0.0983895	-0.211836	-0.355084	-0.509895	-0.65424	-0.780395	-0.875803	-0.929879	-0.951978	-0.948378	-0.919448	-0.86916	-0.812299	-0.758713	-0.705633	-0.635469	-0.553764	-0.463688	-0.370515	-0.27114	-0.176715	-0.0987213	-0.0577876	-0.0641219	-0.116251	-0.19956	-0.295794	-0.411936	-0.547788	
-0.738557	-0.738557	-0.714256	-0.664579	-0.587435	-0.502204	-0.413671	-0.333639	-0.26087	-0.208863	-0.152505	-0.0915065	-0.0301193	0.0194332	0.0713034	0.118862	0.148553	0.151415	0.131915	0.0951135	0.0364744	-0.0477859	-0.165544	-0.30831	-0.455345	-0.595383	-0.724641	-0.826698	-0.887408	-0.915125	-0.919448	-0.906519	-0.871798	-0.818999	-0.765436	-0.711643	-0.642742	-0.55816	-0.466768	-0.369389	-0.271927	-0.177318	-0.105417	-0.0651979	-0.0761846	-0.14062	-0.247218	-0.369557	-0.506755	-0.646531	
-0.447374	-0.447374	-0.419966	-0.381329	-0.33612	-0.288483	-0.237459	-0.184036	-0.135291	-0.104731	-0.0742708	-0.0290351	0.0226959	0.0699637	0.116189	0.163258	0.19806	0.215295	0.209707	0.182494	0.125651	0.0370726	-0.0869933	-0.227363	-0.365584	-0.501162	-0.63562	-0.749681	-0.822463	-0.856119	-0.86916	-0.871798	-0.850174	-0.798816	-0.741778	-0.680239	-0.607279	-0.516121	-0.425131	-0.336767	-0.256892	-0.180218	-0.126268	-0.0990664	-0.114514	-0.187774	-0.305289	-0.443074	-0.590697	-0.726875	
-0.154067	-0.154067	-0.133469	-0.114947	-0.108027	-0.10468	-0.0979644	-0.0757385	-0.0491751	-0.0295424	-0.0142087	0.0162428	0.0540964	0.094597	0.134026	0.180915	0.225494	0.263456	0.279333	0.263566	0.211185	0.128764	0.0132583	-0.122119	-0.259181	-0.392863	-0.528354	-0.650653	-0.738305	-0.786177	-0.812299	-0.818999	-0.798816	-0.752415	-0.695077	-0.623274	-0.537515	-0.438842	-0.350858	-0.28396	-0.233114	-0.187143	-0.155393	-0.144608	-0.167964	-0.246392	-0.367684	-0.511303	-0.655009	-0.778544	
0.103889	0.103889	0.107718	0.0992262	0.073385	0.0394209	0.00741736	-0.00955311	-0.0101086	-0.00113508	0.011085	0.0266316	0.0502643	0.0820242	0.122753	0.173537	0.23238	0.288507	0.323497	0.322906	0.284008	0.214046	0.109162	-0.0154606	-0.148729	-0.285068	-0.42273	-0.547934	-0.647367	-0.718678	-0.758713	-0.765436	-0.741778	-0.695077	-0.62729	-0.540454	-0.440057	-0.33661	-0.259742	-0.217298	-0.194144	-0.180598	-0.173801	-0.18056	-0.21294	-0.295921	-0.42041	-0.566439	-0.702227	-0.805757	
0.313577	0.313577	0.293684	0.255984	0.208579	0.153519	0.0947249	0.0393861	0.00387597	-0.00896792	-0.00827218	-0.00592899	0.0095813	0.0421677	0.0863532	0.142348	0.210614	0.2785	0.32571	0.341252	0.318982	0.261387	0.171038	0.0618102	-0.0648558	-0.20152	-0.337512	-0.460736	-0.56792	-0.653988	-0.705633	-0.711643	-0.680239	-0.623274	-0.540454	-0.437896	-0.329191	-0.232106	-0.171748	-0.144644	-0.145494	-0.159926	-0.177458	-0.20513	-0.250463	-0.331947	-0.452766	-0.592141	-0.719443	-0.802634	
0.468745	0.468745	0.430006	0.370685	0.308381	0.24312	0.167407	0.08502	0.0122208	-0.0356534	-0.0578351	-0.065668	-0.0524543	-0.0186954	0.0294994	0.0906154	0.166918	0.241317	0.29492	0.320092	0.30993	0.268545	0.198701	0.108283	-0.00787206	-0.139461	-0.27287	-0.395464	-0.498687	-0.582531	-0.635469	-0.642742	-0.607279	-0.537515	-0.440057	-0.329191	-0.221702	-0.135891	-0.0882364	-0.0764949	-0.0941365	-0.125792	-0.159455	-0.207299	-0.268105	-0.346908	-0.455678	-0.579671	-0.69256	-0.760833	
0.552317	0.552317	0.512399	0.446746	0.375767	0.297435	0.207724	0.108499	0.0146282	-0.0620228	-0.106329	-0.126918	-0.120804	-0.0888592	-0.0364614	0.0307785	0.113385	0.18983	0.240776	0.268519	0.275776	0.257553	0.204039	0.124228	0.0194082	-0.0987821	-0.223496	-0.333484	-0.425982	-0.503278	-0.553764	-0.55816	-0.516121	-0.438842	-0.33661	-0.232106	-0.135891	-0.0614496	-0.0238946	-0.0192568	-0.0473596	-0.0835872	-0.124479	-0.184463	-0.25774	-0.336182	-0.430843	-0.533958	-0.625678	-0.672153	
0.575971	0.575971	0.546714	0.487219	0.40962	0.317201	0.212264	0.110588	0.0154154	-0.0735219	-0.137681	-0.172968	-0.177725	-0.14768	-0.0916705	-0.0251826	0.0467887	0.113476	0.164796	0.206611	0.230028	0.222992	0.178558	0.107423	0.0154766	-0.0890943	-0.191633	-0.283764	-0.360179	-0.425087	-0.463688	-0.466768	-0.425131	-0.350858	-0.259742	-0.171748	-0.0882364	-0.0238946	0.0122414	0.0178319	-0.0104898	-0.0503371	-0.0985978	-0.162942	-0.233456	-0.307207	-0.389401	-0.471303	-0.531631	-0.55102	
0.564918	0.564918	0.543702	0.48872	0.408417	0.312566	0.205734	0.1134	0.0232469	-0.0704401	-0.146552	-0.185548	-0.199712	-0.175002	-0.124142	-0.0672597	-0.0183519	0.0313889	0.085828	0.141044	0.172124	0.166579	0.128295	0.0685907	-0.0110653	-0.100369	-0.184017	-0.248325	-0.300136	-0.343448	-0.370515	-0.369389	-0.336767	-0.28396	-0.217298	-0.144644	-0.0764949	-0.0192568	0.0178319	0.0329602	0.0109512	-0.0323266	-0.0895011	-0.153037	-0.213392	-0.276632	-0.343154	-0.399158	-0.425844	-0.41298	
0.534128	0.534128	0.515603	0.465647	0.392524	0.308427	0.210306	0.127919	0.0431069	-0.0473329	-0.12189	-0.16008	-0.182209	-0.171478	-0.136639	-0.0985529	-0.0664599	-0.0254548	0.025625	0.0741853	0.0994641	0.0971343	0.0679304	0.0208275	-0.0414109	-0.111323	-0.176283	-0.21768	-0.241889	-0.258519	-0.27114	-0.271927	-0.256892	-0.233114	-0.194144	-0.145494	-0.0941365	-0.0473596	-0.0104898	0.0109512	0.00685166	-0.024555	-0.0794151	-0.144115	-0.200977	-0.255773	-0.300483	-0.325521	-0.314914	-0.277858	
0.464884	0.464884	0.453329	0.419464	0.369142	0.303518	0.218625	0.144172	0.0729312	-0.0019035	-0.0617596	-0.098518	-0.128535	-0.13898	-0.126416	-0.105596	-0.0768391	-0.039524	0.000822939	0.0294783	0.0404001	0.0351669	0.0145214	-0.0182203	-0.0625189	-0.113757	-0.157972	-0.181692	-0.186571	-0.182691	-0.176715	-0.177318	-0.180218	-0.187143	-0.180598	-0.159926	-0.125792	-0.0835872	-0.0503371	-0.0323266	-0.024555	-0.0390485	-0.0795738	-0.141159	-0.197189	-0.238752	-0.260962	-0.25657	-0.219726	-0.164402	
0.37886	0.37886	0.37401	0.360056	0.338876	0.299392	0.236715	0.174969	0.118507	0.0645962	0.0252196	-0.00776422	-0.0479209	-0.077203	-0.0843202	-0.076111	-0.0539543	-0.0204804	0.00762207	0.0179014	0.0146115	0.0103241	-0.00535527	-0.0376064	-0.0738054	-0.104515	-0.131185	-0.14622	-0.137157	-0.112528	-0.0987213	-0.105417	-0.126268	-0.155393	-0.173801	-0.177458	-0.159455	-0.124479	-0.0985978	-0.0895011	-0.0794151	-0.0795738	-0.103291	-0.148264	-0.191843	-0.218621	-0.224879	-0.200409	-0.146279	-0.0787252	
0.310199	0.310199	0.304361	0.30063	0.302486	0.294215	0.266967	0.229929	0.188573	0.150681	0.126286	0.0988998	0.0556918	0.0161945	-0.00474928	-0.0100876	0.000209225	0.0197522	0.0366948	0.0399005	0.036101	0.0279305	0.0054859	-0.0323253	-0.063714	-0.082261	-0.0998811	-0.109818	-0.099921	-0.0735977	-0.0577876	-0.0651979	-0.0990664	-0.144608	-0.18056	-0.20513	-0.207299	-0.184463	-0.162942	-0.153037	-0.144115	-0.141159	-0.148264	-0.16435	-0.18559	-0.193008	-0.189228	-0.155527	-0.0935398	-0.0243795	
0.24997	0.24997	0.245271	0.248104	0.261727	0.274292	0.283465	0.283308	0.26988	0.246119	0.229941	0.209151	0.177695	0.138273	0.108607	0.0929795	0.0963513	0.102022	0.104785	0.104433	0.099634	0.0814627	0.0454169	0.00358976	-0.0262265	-0.0469715	-0.0701604	-0.0882134	-0.086554	-0.0736393	-0.0641219	-0.0761846	-0.114514	-0.167964	-0.21294	-0.250463	-0.268105	-0.25774	-0.233456	-0.213392	-0.200977	-0.197189	-0.191843	-0.18559	-0.182877	-0.175229	-0.16093	-0.12575	-0.0719	-0.0111937	
0.195308	0.195308	0.199025	0.212252	0.230794	0.251094	0.280191	0.313176	0.333102	0.335056	0.326374	0.312379	0.292236	0.269994	0.245114	0.228186	0.22321	0.222278	0.21562	0.204419	0.186171	0.155376	0.111512	0.0573662	0.0124279	-0.0206025	-0.0498528	-0.0757821	-0.0926468	-0.103675	-0.116251	-0.14062	-0.187774	-0.246392	-0.295921	-0.331947	-0.346908	-0.336182	-0.307207	-0.276632	-0.255773	-0.238752	-0.218621	-0.193008	-0.175229	-0.157852	-0.143657	-0.124401	-0.0893401	-0.0339573	
0.150919	0.150919	0.159443	0.179263	0.203833	0.23063	0.267938	0.315237	0.358858	0.386274	0.393587	0.389463	0.387019	0.39157	0.388715	0.377544	0.369711	0.366154	0.35221	0.325581	0.289031	0.24315	0.180956	0.1036	0.0347837	-0.0135485	-0.0494907	-0.080304	-0.113833	-0.15539	-0.19956	-0.247218	-0.305289	-0.367684	-0.42041	-0.452766	-0.455678	-0.430843	-0.389401	-0.343154	-0.300483	-0.260962	-0.224879	-0.189228	-0.16093	-0.143657	-0.140624	-0.142778	-0.122091	-0.0714509	
0.103028	0.103028	0.109099	0.128925	0.158028	0.194965	0.236952	0.289995	0.339853	0.381241	0.407448	0.431517	0.45702	0.489162	0.515177	0.527491	0.530826	0.525574	0.505637	0.463774	0.403375	0.332203	0.248077	0.148964	0.0518069	-0.0189144	-0.0714249	-0.115955	-0.168173	-0.228918	-0.295794	-0.369557	-0.443074	-0.511303	-0.566439	-0.592141	-0.579671	-0.533958	-0.471303	-0.399158	-0.325521	-0.25657	-0.200409	-0.155527	-0.12575	-0.124401	-0.142778	-0.164079	-0.159	-0.124682	
0.045724	0.045724	0.051135	0.0693162	0.101471	0.139564	0.18199	0.233748	0.290287	0.336898	0.381197	0.435922	0.498781	0.558897	0.61348	0.657798	0.682008	0.683057	0.656732	0.602532	0.51814	0.421382	0.314132	0.19125	0.0690813	-0.0326647	-0.112723	-0.186515	-0.255706	-0.328783	-0.411936	-0.506755	-0.590697	-0.655009	-0.702227	-0.719443	-0.69256	-0.625678	-0.531631	-0.425844	-0.314914	-0.219726	-0.146279	-0.0935398	-0.0719	-0.0893401	-0.122091	-0.159	-0.18694	-0.185409	
-0.00604276	-0.00604276	0.000351984	0.0193587	0.0523523	0.0880439	0.120437	0.165691	0.227419	0.287315	0.346616	0.427391	0.524647	0.612511	0.685288	0.74846	0.793651	0.804046	0.777095	0.715763	0.620229	0.500094	0.360791	0.214824	0.0713435	-0.0572814	-0.176912	-0.279647	-0.369481	-0.453494	-0.547788	-0.646531	-0.726875	-0.778544	-0.805757	-0.802634	-0.760833	-0.672153	-0.55102	-0.41298	-0.277858	-0.164402	-0.0787252	-0.0243795	-0.0111937	-0.0339573	-0.0714509	-0.124682	-0.185409	-0.217252	
