-0.0326742	-0.0326742	-0.0339062	-0.0320539	-0.0344336	-0.0328297	-0.0340503	-0.0341643	-0.0336034	-0.0345055	-0.0335539	-0.0334072	-0.0326173	-0.0316739	-0.0279512	-0.02583	-0.0151142	-0.000769913	0.023225	0.0701196	0.131168	0.229057	0.358819	0.521221	0.711902	0.90824	1.0775	1.18877	1.19589	1.08108	0.850583	0.527299	0.165586	-0.178614	-0.461545	-0.672566	-0.795242	-0.842306	-0.813931	-0.706887	-0.543093	-0.374287	-0.229365	-0.145516	-0.127567	-0.14165	-0.166824	-0.199131	-0.216747	-0.204282	
-0.0326742	-0.0326742	-0.0339062	-0.0320539	-0.0344336	-0.0328297	-0.0340503	-0.0341643	-0.0336034	-0.0345055	-0.0335539	-0.0334072	-0.0326173	-0.0316739	-0.0279512	-0.02583	-0.0151142	-0.000769913	0.023225	0.0701196	0.131168	0.229057	0.358819	0.521221	0.711902	0.90824	1.0775	1.18877	1.19589	1.08108	0.850583	0.527299	0.165586	-0.178614	-0.461545	-0.672566	-0.795242	-0.842306	-0.813931	-0.706887	-0.543093	-0.374287	-0.229365	-0.145516	-0.127567	-0.14165	-0.166824	-0.199131	-0.216747	-0.204282	
-0.0339062	-0.0339062	-0.0355087	-0.0324536	-0.0347265	-0.03274	-0.0321509	-0.0331848	-0.0312688	-0.0324621	-0.0327185	-0.032769	-0.0329196	-0.0333949	-0.0296401	-0.0259303	-0.0169406	0.000245189	0.0249818	0.0692629	0.131459	0.228631	0.356255	0.519272	0.710634	0.906871	1.07334	1.18223	1.1895	1.07819	0.847059	0.526545	0.16826	-0.172991	-0.4583	-0.66868	-0.791563	-0.838677	-0.811772	-0.706532	-0.544922	-0.377445	-0.233841	-0.150065	-0.130191	-0.142347	-0.167645	-0.197737	-0.21555	-0.202187	
-0.0320539	-0.0320539	-0.0324536	-0.0323292	-0.0337775	-0.0331517	-0.0353016	-0.0346849	-0.0355031	-0.0357069	-0.0344279	-0.0337255	-0.0326347	-0.0299312	-0.0271592	-0.0244174	-0.0136167	-0.00048695	0.024529	0.0710619	0.134384	0.23106	0.36152	0.522214	0.708954	0.899783	1.06752	1.17562	1.18283	1.06969	0.845485	0.530319	0.175301	-0.164558	-0.445214	-0.655109	-0.781772	-0.830833	-0.803362	-0.700793	-0.545587	-0.380742	-0.239849	-0.156093	-0.132577	-0.143306	-0.166599	-0.196714	-0.211624	-0.201451	
-0.0344336	-0.0344336	-0.0347265	-0.0337775	-0.0338951	-0.0331594	-0.0323617	-0.0322416	-0.0316919	-0.0316872	-0.03216	-0.0330398	-0.0324488	-0.0334243	-0.0304669	-0.0251123	-0.0168665	0.00114113	0.0281127	0.0708338	0.135851	0.230689	0.357477	0.518152	0.703774	0.894699	1.05741	1.15856	1.16545	1.05911	0.836615	0.529239	0.184332	-0.149582	-0.433273	-0.642555	-0.76938	-0.820017	-0.795415	-0.698588	-0.549571	-0.389058	-0.2524	-0.168493	-0.140107	-0.145599	-0.168519	-0.193357	-0.207777	-0.196686	
-0.0328297	-0.0328297	-0.03274	-0.0331517	-0.0331594	-0.0336748	-0.034069	-0.0344034	-0.0349221	-0.0345887	-0.0349749	-0.0331605	-0.0332544	-0.0299011	-0.0280021	-0.0223517	-0.0136447	0.00183189	0.0292397	0.0717101	0.139815	0.234068	0.362325	0.520819	0.702315	0.883743	1.04251	1.14226	1.14976	1.04471	0.830443	0.533664	0.195116	-0.131511	-0.410494	-0.61787	-0.751769	-0.803885	-0.781052	-0.689103	-0.551158	-0.396378	-0.265245	-0.181522	-0.14638	-0.14855	-0.167766	-0.190484	-0.201423	-0.193347	
-0.0340503	-0.0340503	-0.0321509	-0.0353016	-0.0323617	-0.034069	-0.0341866	-0.0322714	-0.0344715	-0.0325514	-0.0327226	-0.0335158	-0.0316448	-0.0316254	-0.0290877	-0.0235592	-0.0142568	0.00253171	0.0318881	0.0747362	0.143992	0.235449	0.362542	0.518642	0.692506	0.872912	1.02889	1.11998	1.12511	1.02419	0.817967	0.534085	0.211004	-0.109702	-0.387132	-0.59458	-0.728954	-0.78498	-0.765464	-0.682195	-0.55426	-0.407079	-0.283729	-0.199083	-0.157971	-0.15299	-0.169595	-0.186419	-0.194883	-0.187973	
-0.0341643	-0.0341643	-0.0331848	-0.0346849	-0.0322416	-0.0344034	-0.0322714	-0.0332151	-0.0336082	-0.032323	-0.0344764	-0.0329441	-0.0331999	-0.0315168	-0.0292988	-0.0213692	-0.01371	0.00498488	0.0352264	0.0753023	0.146536	0.238546	0.363647	0.517666	0.690431	0.861665	1.00579	1.09217	1.09859	1.00401	0.80625	0.535752	0.223403	-0.08387	-0.356281	-0.562303	-0.703479	-0.761389	-0.746195	-0.67118	-0.555603	-0.418782	-0.303439	-0.219411	-0.170436	-0.159536	-0.170871	-0.182127	-0.187767	-0.181831	
-0.0336034	-0.0336034	-0.0312688	-0.0355031	-0.0316919	-0.0349221	-0.0344715	-0.0336082	-0.0358183	-0.0335446	-0.0341973	-0.0329775	-0.0315908	-0.0295722	-0.0267832	-0.020852	-0.0110331	0.00616199	0.0368209	0.0800592	0.15313	0.242877	0.368326	0.518545	0.680122	0.845252	0.986215	1.06674	1.06899	0.975291	0.789178	0.536625	0.242465	-0.0554083	-0.322372	-0.527539	-0.670912	-0.732891	-0.723183	-0.65769	-0.555153	-0.429949	-0.324978	-0.240594	-0.185482	-0.167184	-0.172086	-0.177733	-0.179603	-0.175564	
-0.0345055	-0.0345055	-0.0324621	-0.0357069	-0.0316872	-0.0345887	-0.0325514	-0.032323	-0.0335446	-0.0317377	-0.0333326	-0.0333085	-0.0321982	-0.0322907	-0.0285049	-0.0215606	-0.0112653	0.00843771	0.0404879	0.083383	0.155495	0.245634	0.36852	0.515899	0.674057	0.833007	0.960754	1.03201	1.03318	0.946657	0.77253	0.534752	0.257533	-0.0256227	-0.283683	-0.488845	-0.634972	-0.701938	-0.698244	-0.643774	-0.553885	-0.443475	-0.34944	-0.265918	-0.20541	-0.178305	-0.176065	-0.174024	-0.172735	-0.168389	
-0.0335539	-0.0335539	-0.0327185	-0.0344279	-0.03216	-0.0349749	-0.0327226	-0.0344764	-0.0341973	-0.0333326	-0.0342813	-0.0322065	-0.0316355	-0.02885	-0.0258892	-0.0179568	-0.0085708	0.0117993	0.0428591	0.0889699	0.160489	0.25301	0.37375	0.515586	0.667602	0.816008	0.933724	1.00018	0.998131	0.912971	0.751169	0.532134	0.274145	0.00760911	-0.240891	-0.444892	-0.593573	-0.665045	-0.667889	-0.624787	-0.547876	-0.455262	-0.370891	-0.291199	-0.224687	-0.190753	-0.178176	-0.170164	-0.164686	-0.160528	
-0.0334072	-0.0334072	-0.032769	-0.0337255	-0.0330398	-0.0331605	-0.0335158	-0.0329441	-0.0329775	-0.0333085	-0.0322065	-0.0326429	-0.0311118	-0.0295637	-0.025261	-0.0189656	-0.00606085	0.0140101	0.0466287	0.0940083	0.166737	0.25719	0.376891	0.516705	0.659524	0.798664	0.908602	0.966151	0.957853	0.876538	0.727953	0.526867	0.291687	0.041291	-0.197001	-0.398212	-0.546167	-0.623728	-0.636407	-0.603222	-0.541491	-0.465408	-0.395053	-0.317697	-0.250139	-0.205974	-0.184002	-0.168269	-0.158272	-0.152768	
-0.0326173	-0.0326173	-0.0329196	-0.0326347	-0.0324488	-0.0332544	-0.0316448	-0.0331999	-0.0315908	-0.0321982	-0.0316355	-0.0311118	-0.0303024	-0.0278152	-0.0248046	-0.0157453	-0.00454019	0.0185789	0.0508131	0.102765	0.170321	0.2663	0.381746	0.514221	0.655197	0.786513	0.880843	0.92828	0.916964	0.83951	0.704585	0.520271	0.304758	0.0746854	-0.147106	-0.345786	-0.494479	-0.579628	-0.597895	-0.577975	-0.529105	-0.475189	-0.413979	-0.345738	-0.274994	-0.223794	-0.189915	-0.167223	-0.151926	-0.144246	
-0.0316739	-0.0316739	-0.0333949	-0.0299312	-0.0334243	-0.0299011	-0.0316254	-0.0315168	-0.0295722	-0.0322907	-0.02885	-0.0295637	-0.0278152	-0.0231609	-0.0204101	-0.0105375	0.00214439	0.0238231	0.0576899	0.108948	0.1796	0.275253	0.389258	0.519886	0.652134	0.76662	0.855457	0.896415	0.877552	0.800586	0.676003	0.509906	0.320847	0.112697	-0.0983061	-0.290917	-0.436561	-0.526298	-0.556125	-0.546147	-0.514118	-0.477734	-0.430701	-0.370408	-0.301302	-0.24146	-0.196681	-0.166735	-0.144802	-0.134896	
-0.0279512	-0.0279512	-0.0296401	-0.0271592	-0.0304669	-0.0280021	-0.0290877	-0.0292988	-0.0267832	-0.0285049	-0.0258892	-0.025261	-0.0248046	-0.0204101	-0.0175688	-0.00745699	0.00629304	0.0308858	0.0670183	0.12074	0.191595	0.287334	0.398099	0.52374	0.651363	0.759914	0.83582	0.862894	0.837012	0.764638	0.650949	0.504475	0.335076	0.147898	-0.0454489	-0.226051	-0.371715	-0.46869	-0.507817	-0.507922	-0.493339	-0.476125	-0.442886	-0.394579	-0.328319	-0.261666	-0.20686	-0.168694	-0.140003	-0.125748	
-0.02583	-0.02583	-0.0259303	-0.0244174	-0.0251123	-0.0223517	-0.0235592	-0.0213692	-0.020852	-0.0215606	-0.0179568	-0.0189656	-0.0157453	-0.0105375	-0.00745699	0.00464243	0.0196422	0.0424574	0.0802651	0.135359	0.204792	0.303938	0.413455	0.535371	0.655131	0.750457	0.817339	0.834975	0.803255	0.730062	0.62567	0.493304	0.348949	0.187121	0.0133293	-0.160387	-0.301538	-0.402768	-0.448793	-0.462655	-0.464835	-0.465326	-0.446205	-0.411861	-0.350191	-0.278181	-0.214449	-0.167958	-0.130439	-0.113616	
-0.0151142	-0.0151142	-0.0169406	-0.0136167	-0.0168665	-0.0136447	-0.0142568	-0.01371	-0.0110331	-0.0112653	-0.0085708	-0.00606085	-0.00454019	0.00214439	0.00629304	0.0196422	0.0351561	0.0611638	0.102843	0.15493	0.231441	0.327659	0.434704	0.554739	0.670658	0.754581	0.810917	0.816124	0.77744	0.704843	0.605451	0.492919	0.370859	0.231811	0.0729091	-0.0814992	-0.21837	-0.322126	-0.38129	-0.404596	-0.425952	-0.441339	-0.440745	-0.421314	-0.367018	-0.292899	-0.222584	-0.167244	-0.121447	-0.100354	
-0.000769913	-0.000769913	0.000245189	-0.00048695	0.00114113	0.00183189	0.00253171	0.00498488	0.00616199	0.00843771	0.0117993	0.0140101	0.0185789	0.0238231	0.0308858	0.0424574	0.0611638	0.0869473	0.130121	0.1865	0.264359	0.360278	0.468551	0.584778	0.687979	0.767842	0.814779	0.808797	0.761288	0.686681	0.594459	0.496865	0.393396	0.277873	0.145664	0.00570271	-0.126929	-0.23338	-0.29708	-0.334468	-0.373596	-0.404693	-0.422217	-0.418073	-0.37426	-0.299803	-0.226506	-0.160392	-0.106785	-0.0813138	
0.023225	0.023225	0.0249818	0.024529	0.0281127	0.0292397	0.0318881	0.0352264	0.0368209	0.0404879	0.0428591	0.0466287	0.0508131	0.0576899	0.0670183	0.0802651	0.102843	0.130121	0.175321	0.232121	0.30946	0.405896	0.513436	0.627684	0.729648	0.800251	0.83197	0.814257	0.76221	0.683619	0.596366	0.510168	0.42866	0.337013	0.226076	0.101941	-0.0189459	-0.123143	-0.195613	-0.248045	-0.302087	-0.348223	-0.384848	-0.397961	-0.364574	-0.296477	-0.219942	-0.146116	-0.0832253	-0.0549386	
0.0701196	0.0701196	0.0692629	0.0710619	0.0708338	0.0717101	0.0747362	0.0753023	0.0800592	0.083383	0.0889699	0.0940083	0.102765	0.108948	0.12074	0.135359	0.15493	0.1865	0.232121	0.292446	0.374766	0.473337	0.580736	0.690546	0.782691	0.846655	0.870069	0.844305	0.783422	0.699137	0.614149	0.539941	0.476693	0.405638	0.319748	0.216116	0.107745	0.00362815	-0.073484	-0.140088	-0.207412	-0.271602	-0.327135	-0.356366	-0.338106	-0.278608	-0.204458	-0.121182	-0.0534244	-0.0198186	
0.131168	0.131168	0.131459	0.134384	0.135851	0.139815	0.143992	0.146536	0.15313	0.155495	0.160489	0.166737	0.170321	0.1796	0.191595	0.204792	0.231441	0.264359	0.30946	0.374766	0.45428	0.549839	0.65802	0.765877	0.855364	0.914143	0.924139	0.889899	0.81781	0.727432	0.646765	0.582647	0.531523	0.483039	0.423071	0.339817	0.243986	0.148226	0.0668119	-0.0123824	-0.0933418	-0.174097	-0.246809	-0.292535	-0.289122	-0.243669	-0.16997	-0.0822999	-0.00770743	0.0314944	
0.229057	0.229057	0.228631	0.23106	0.230689	0.234068	0.235449	0.238546	0.242877	0.245634	0.25301	0.25719	0.2663	0.275253	0.287334	0.303938	0.327659	0.360278	0.405896	0.473337	0.549839	0.652612	0.75934	0.862015	0.946565	0.997926	0.997129	0.952837	0.872034	0.779182	0.697627	0.634591	0.600103	0.573826	0.535882	0.472246	0.398673	0.311752	0.227173	0.136622	0.0461405	-0.0531589	-0.141562	-0.203159	-0.217631	-0.187844	-0.119193	-0.0298625	0.0490425	0.0936635	
0.358819	0.358819	0.356255	0.36152	0.357477	0.362325	0.362542	0.363647	0.368326	0.36852	0.37375	0.376891	0.381746	0.389258	0.398099	0.413455	0.434704	0.468551	0.513436	0.580736	0.65802	0.75934	0.862166	0.96079	1.04405	1.08287	1.07472	1.02456	0.934709	0.830845	0.74663	0.691005	0.667648	0.656534	0.642185	0.605744	0.551077	0.474939	0.391611	0.297293	0.19448	0.0781948	-0.02307	-0.0989828	-0.132049	-0.118431	-0.0555375	0.031786	0.115763	0.167885	
0.521221	0.521221	0.519272	0.522214	0.518152	0.520819	0.518642	0.517666	0.518545	0.515899	0.515586	0.516705	0.514221	0.519886	0.52374	0.535371	0.554739	0.584778	0.627684	0.690546	0.765877	0.862015	0.96079	1.05665	1.13315	1.16535	1.15169	1.08887	0.982691	0.877136	0.789758	0.735872	0.718134	0.727883	0.732337	0.720385	0.687702	0.632228	0.552167	0.456192	0.34241	0.214213	0.102217	0.0119871	-0.0385415	-0.0392178	0.0144814	0.0974798	0.184875	0.247254	
0.711902	0.711902	0.710634	0.708954	0.703774	0.702315	0.692506	0.690431	0.680122	0.674057	0.667602	0.659524	0.655197	0.652134	0.651363	0.655131	0.670658	0.687979	0.729648	0.782691	0.855364	0.946565	1.04405	1.13315	1.20273	1.22349	1.20024	1.12306	1.01399	0.901635	0.806981	0.749862	0.7402	0.761181	0.786482	0.802077	0.794687	0.757044	0.685504	0.596331	0.472281	0.33623	0.212559	0.112341	0.0453194	0.0322788	0.0746873	0.149619	0.243593	0.312996	
0.90824	0.90824	0.906871	0.899783	0.894699	0.883743	0.872912	0.861665	0.845252	0.833007	0.816008	0.798664	0.786513	0.76662	0.759914	0.750457	0.754581	0.767842	0.800251	0.846655	0.914143	0.997926	1.08287	1.16535	1.22349	1.23904	1.20677	1.12157	1.00366	0.876612	0.772225	0.715508	0.713146	0.7422	0.786937	0.823191	0.843855	0.827335	0.776243	0.689848	0.561538	0.419802	0.289551	0.17858	0.0981338	0.0769708	0.10356	0.174558	0.270321	0.351491	
1.0775	1.0775	1.07334	1.06752	1.05741	1.04251	1.02889	1.00579	0.986215	0.960754	0.933724	0.908602	0.880843	0.855457	0.83582	0.817339	0.810917	0.814779	0.83197	0.870069	0.924139	0.997129	1.07472	1.15169	1.20024	1.20677	1.16221	1.06405	0.932124	0.795565	0.689988	0.629849	0.621862	0.656121	0.718501	0.778379	0.826461	0.83389	0.803932	0.724715	0.600461	0.455382	0.319276	0.196786	0.111521	0.0790996	0.0920882	0.155938	0.253352	0.343913	
1.18877	1.18877	1.18223	1.17562	1.15856	1.14226	1.11998	1.09217	1.06674	1.03201	1.00018	0.966151	0.92828	0.896415	0.862894	0.834975	0.816124	0.808797	0.814257	0.844305	0.889899	0.952837	1.02456	1.08887	1.12306	1.12157	1.06405	0.955185	0.816696	0.672564	0.551445	0.480565	0.470532	0.5132	0.585448	0.665114	0.735207	0.77008	0.762962	0.697518	0.578241	0.43142	0.288089	0.15844	0.0685407	0.0228908	0.022784	0.0789669	0.174212	0.271829	
1.19589	1.19589	1.1895	1.18283	1.16545	1.14976	1.12511	1.09859	1.06899	1.03318	0.998131	0.957853	0.916964	0.877552	0.837012	0.803255	0.77744	0.761288	0.76221	0.783422	0.81781	0.872034	0.934709	0.982691	1.01399	1.00366	0.932124	0.816696	0.665426	0.502529	0.371638	0.295984	0.279288	0.32039	0.398411	0.492542	0.583196	0.648359	0.663895	0.61322	0.501859	0.357508	0.206429	0.0716124	-0.0259069	-0.0844524	-0.0960635	-0.0509837	0.037852	0.13611	
1.08108	1.08108	1.07819	1.06969	1.05911	1.04471	1.02419	1.00401	0.975291	0.946657	0.912971	0.876538	0.83951	0.800586	0.764638	0.730062	0.704843	0.686681	0.683619	0.699137	0.727432	0.779182	0.830845	0.877136	0.901635	0.876612	0.795565	0.672564	0.502529	0.330585	0.191759	0.10142	0.073382	0.10843	0.187189	0.29159	0.404295	0.491413	0.526104	0.494017	0.398602	0.252744	0.0939498	-0.0467289	-0.153799	-0.22634	-0.250993	-0.220648	-0.145551	-0.0515151	
0.850583	0.850583	0.847059	0.845485	0.836615	0.830443	0.817967	0.80625	0.789178	0.77253	0.751169	0.727953	0.704585	0.676003	0.650949	0.62567	0.605451	0.594459	0.596366	0.614149	0.646765	0.697627	0.74663	0.789758	0.806981	0.772225	0.689988	0.551445	0.371638	0.191759	0.0374701	-0.0732893	-0.113008	-0.0864657	-0.00846469	0.0998324	0.222104	0.326497	0.384932	0.376746	0.291749	0.143386	-0.0177517	-0.165295	-0.287214	-0.376366	-0.413876	-0.404744	-0.348199	-0.26726	
0.527299	0.527299	0.526545	0.530319	0.529239	0.533664	0.534085	0.535752	0.536625	0.534752	0.532134	0.526867	0.520271	0.509906	0.504475	0.493304	0.492919	0.496865	0.510168	0.539941	0.582647	0.634591	0.691005	0.735872	0.749862	0.715508	0.629849	0.480565	0.295984	0.10142	-0.0732893	-0.196752	-0.246283	-0.23445	-0.169337	-0.0657904	0.0660151	0.188045	0.265035	0.275653	0.200772	0.0597647	-0.103066	-0.261499	-0.403457	-0.503578	-0.558923	-0.5726	-0.540771	-0.476177	
0.165586	0.165586	0.16826	0.175301	0.184332	0.195116	0.211004	0.223403	0.242465	0.257533	0.274145	0.291687	0.304758	0.320847	0.335076	0.348949	0.370859	0.393396	0.42866	0.476693	0.531523	0.600103	0.667648	0.718134	0.7402	0.713146	0.621862	0.470532	0.279288	0.073382	-0.113008	-0.246283	-0.318007	-0.326179	-0.274383	-0.172323	-0.0381939	0.0892229	0.18158	0.213626	0.154649	0.022041	-0.142347	-0.314258	-0.470621	-0.583222	-0.660903	-0.69919	-0.693497	-0.650479	
-0.178614	-0.178614	-0.172991	-0.164558	-0.149582	-0.131511	-0.109702	-0.08387	-0.0554083	-0.0256227	0.00760911	0.041291	0.0746854	0.112697	0.147898	0.187121	0.231811	0.277873	0.337013	0.405638	0.483039	0.573826	0.656534	0.727883	0.761181	0.7422	0.656121	0.5132	0.32039	0.10843	-0.0864657	-0.23445	-0.326179	-0.35043	-0.309525	-0.218988	-0.0943364	0.035674	0.147689	0.19665	0.151213	0.0295652	-0.132445	-0.315342	-0.483033	-0.612994	-0.713098	-0.774467	-0.792791	-0.77727	
-0.461545	-0.461545	-0.4583	-0.445214	-0.433273	-0.410494	-0.387132	-0.356281	-0.322372	-0.283683	-0.240891	-0.197001	-0.147106	-0.0983061	-0.0454489	0.0133293	0.0729091	0.145664	0.226076	0.319748	0.423071	0.535882	0.642185	0.732337	0.786482	0.786937	0.718501	0.585448	0.398411	0.187189	-0.00846469	-0.169337	-0.274383	-0.309525	-0.284779	-0.214755	-0.0984701	0.0386419	0.160268	0.216634	0.19009	0.0857606	-0.0728709	-0.265062	-0.441054	-0.590979	-0.710693	-0.793756	-0.835168	-0.850609	
-0.672566	-0.672566	-0.66868	-0.655109	-0.642555	-0.61787	-0.59458	-0.562303	-0.527539	-0.488845	-0.444892	-0.398212	-0.345786	-0.290917	-0.226051	-0.160387	-0.0814992	0.00570271	0.101941	0.216116	0.339817	0.472246	0.605744	0.720385	0.802077	0.823191	0.778379	0.665114	0.492542	0.29159	0.0998324	-0.0657904	-0.172323	-0.218988	-0.214755	-0.157065	-0.0436598	0.0894937	0.207698	0.279329	0.275804	0.186467	0.0279491	-0.161709	-0.346441	-0.515025	-0.654835	-0.756637	-0.8217	-0.867152	
-0.795242	-0.795242	-0.791563	-0.781772	-0.76938	-0.751769	-0.728954	-0.703479	-0.670912	-0.634972	-0.593573	-0.546167	-0.494479	-0.436561	-0.371715	-0.301538	-0.21837	-0.126929	-0.0189459	0.107745	0.243986	0.398673	0.551077	0.687702	0.794687	0.843855	0.826461	0.735207	0.583196	0.404295	0.222104	0.0660151	-0.0381939	-0.0943364	-0.0984701	-0.0436598	0.0585577	0.181114	0.304546	0.393088	0.404425	0.324476	0.178635	-0.00387912	-0.200278	-0.38809	-0.546458	-0.666802	-0.758876	-0.83186	
-0.842306	-0.842306	-0.838677	-0.830833	-0.820017	-0.803885	-0.78498	-0.761389	-0.732891	-0.701938	-0.665045	-0.623728	-0.579628	-0.526298	-0.46869	-0.402768	-0.322126	-0.23338	-0.123143	0.00362815	0.148226	0.311752	0.474939	0.632228	0.757044	0.827335	0.83389	0.77008	0.648359	0.491413	0.326497	0.188045	0.0892229	0.035674	0.0386419	0.0894937	0.181114	0.303363	0.434229	0.532686	0.555742	0.495565	0.369181	0.192516	-0.0135263	-0.213003	-0.385987	-0.528331	-0.644597	-0.742273	
-0.813931	-0.813931	-0.811772	-0.803362	-0.795415	-0.781052	-0.765464	-0.746195	-0.723183	-0.698244	-0.667889	-0.636407	-0.597895	-0.556125	-0.507817	-0.448793	-0.38129	-0.29708	-0.195613	-0.073484	0.0668119	0.227173	0.391611	0.552167	0.685504	0.776243	0.803932	0.762962	0.663895	0.526104	0.384932	0.265035	0.18158	0.147689	0.160268	0.207698	0.304546	0.434229	0.573325	0.68215	0.726368	0.689988	0.586828	0.418268	0.214778	0.0109245	-0.177512	-0.342749	-0.480955	-0.600268	
-0.706887	-0.706887	-0.706532	-0.700793	-0.698588	-0.689103	-0.682195	-0.67118	-0.65769	-0.643774	-0.624787	-0.603222	-0.577975	-0.546147	-0.507922	-0.462655	-0.404596	-0.334468	-0.248045	-0.140088	-0.0123824	0.136622	0.297293	0.456192	0.596331	0.689848	0.724715	0.697518	0.61322	0.494017	0.376746	0.275653	0.213626	0.19665	0.216634	0.279329	0.393088	0.532686	0.68215	0.810918	0.878236	0.873006	0.796072	0.645717	0.455516	0.253216	0.0518964	-0.133451	-0.287429	-0.426403	
-0.543093	-0.543093	-0.544922	-0.545587	-0.549571	-0.551158	-0.55426	-0.555603	-0.555153	-0.553885	-0.547876	-0.541491	-0.529105	-0.514118	-0.493339	-0.464835	-0.425952	-0.373596	-0.302087	-0.207412	-0.0933418	0.0461405	0.19448	0.34241	0.472281	0.561538	0.600461	0.578241	0.501859	0.398602	0.291749	0.200772	0.154649	0.151213	0.19009	0.275804	0.404425	0.555742	0.726368	0.878236	0.978205	1.00994	0.964213	0.842744	0.679017	0.487282	0.277723	0.0828148	-0.0839135	-0.238947	
-0.374287	-0.374287	-0.377445	-0.380742	-0.389058	-0.396378	-0.407079	-0.418782	-0.429949	-0.443475	-0.455262	-0.465408	-0.475189	-0.477734	-0.476125	-0.465326	-0.441339	-0.404693	-0.348223	-0.271602	-0.174097	-0.0531589	0.0781948	0.214213	0.33623	0.419802	0.455382	0.43142	0.357508	0.252744	0.143386	0.0597647	0.022041	0.0295652	0.0857606	0.186467	0.324476	0.495565	0.689988	0.873006	1.00994	1.07828	1.06962	0.994259	0.868774	0.691756	0.487817	0.292662	0.117196	-0.0543182	
-0.229365	-0.229365	-0.233841	-0.239849	-0.2524	-0.265245	-0.283729	-0.303439	-0.324978	-0.34944	-0.370891	-0.395053	-0.413979	-0.430701	-0.442886	-0.446205	-0.440745	-0.422217	-0.384848	-0.327135	-0.246809	-0.141562	-0.02307	0.102217	0.212559	0.289551	0.319276	0.288089	0.206429	0.0939498	-0.0177517	-0.103066	-0.142347	-0.132445	-0.0728709	0.0279491	0.178635	0.369181	0.586828	0.796072	0.964213	1.06962	1.1137	1.09309	1.00348	0.853866	0.672516	0.486464	0.30063	0.114224	
-0.145516	-0.145516	-0.150065	-0.156093	-0.168493	-0.181522	-0.199083	-0.219411	-0.240594	-0.265918	-0.291199	-0.317697	-0.345738	-0.370408	-0.394579	-0.411861	-0.421314	-0.418073	-0.397961	-0.356366	-0.292535	-0.203159	-0.0989828	0.0119871	0.112341	0.17858	0.196786	0.15844	0.0716124	-0.0467289	-0.165295	-0.261499	-0.314258	-0.315342	-0.265062	-0.161709	-0.00387912	0.192516	0.418268	0.645717	0.842744	0.994259	1.09309	1.11673	1.07209	0.972287	0.831118	0.657063	0.469905	0.279289	
-0.127567	-0.127567	-0.130191	-0.132577	-0.140107	-0.14638	-0.157971	-0.170436	-0.185482	-0.20541	-0.224687	-0.250139	-0.274994	-0.301302	-0.328319	-0.350191	-0.367018	-0.37426	-0.364574	-0.338106	-0.289122	-0.217631	-0.132049	-0.0385415	0.0453194	0.0981338	0.111521	0.0685407	-0.0259069	-0.153799	-0.287214	-0.403457	-0.470621	-0.483033	-0.441054	-0.346441	-0.200278	-0.0135263	0.214778	0.455516	0.679017	0.868774	1.00348	1.07209	1.08979	1.05496	0.954189	0.804756	0.635097	0.451077	
-0.14165	-0.14165	-0.142347	-0.143306	-0.145599	-0.14855	-0.15299	-0.159536	-0.167184	-0.178305	-0.190753	-0.205974	-0.223794	-0.24146	-0.261666	-0.278181	-0.292899	-0.299803	-0.296477	-0.278608	-0.243669	-0.187844	-0.118431	-0.0392178	0.0322788	0.0769708	0.0790996	0.0228908	-0.0844524	-0.22634	-0.376366	-0.503578	-0.583222	-0.612994	-0.590979	-0.515025	-0.38809	-0.213003	0.0109245	0.253216	0.487282	0.691756	0.853866	0.972287	1.05496	1.07359	1.02009	0.91773	0.783518	0.616769	
-0.166824	-0.166824	-0.167645	-0.166599	-0.168519	-0.167766	-0.169595	-0.170871	-0.172086	-0.176065	-0.178176	-0.184002	-0.189915	-0.196681	-0.20686	-0.214449	-0.222584	-0.226506	-0.219942	-0.204458	-0.16997	-0.119193	-0.0555375	0.0144814	0.0746873	0.10356	0.0920882	0.022784	-0.0960635	-0.250993	-0.413876	-0.558923	-0.660903	-0.713098	-0.710693	-0.654835	-0.546458	-0.385987	-0.177512	0.0518964	0.277723	0.487817	0.672516	0.831118	0.954189	1.02009	1.02786	0.987372	0.898593	0.760113	
-0.199131	-0.199131	-0.197737	-0.196714	-0.193357	-0.190484	-0.186419	-0.182127	-0.177733	-0.174024	-0.170164	-0.168269	-0.167223	-0.166735	-0.168694	-0.167958	-0.167244	-0.160392	-0.146116	-0.121182	-0.0822999	-0.0298625	0.031786	0.0974798	0.149619	0.174558	0.155938	0.0789669	-0.0509837	-0.220648	-0.404744	-0.5726	-0.69919	-0.774467	-0.793756	-0.756637	-0.666802	-0.528331	-0.342749	-0.133451	0.0828148	0.292662	0.486464	0.657063	0.804756	0.91773	0.987372	1.00653	0.96796	0.874631	
-0.216747	-0.216747	-0.21555	-0.211624	-0.207777	-0.201423	-0.194883	-0.187767	-0.179603	-0.172735	-0.164686	-0.158272	-0.151926	-0.144802	-0.140003	-0.130439	-0.121447	-0.106785	-0.0832253	-0.0534244	-0.00770743	0.0490425	0.115763	0.184875	0.243593	0.270321	0.253352	0.174212	0.037852	-0.145551	-0.348199	-0.540771	-0.693497	-0.792791	-0.835168	-0.8217	-0.758876	-0.644597	-0.480955	-0.287429	-0.0839135	0.117196	0.30063	0.469905	0.635097	0.783518	0.898593	0.96796	0.986199	0.943728	
-0.204282	-0.204282	-0.202187	-0.201451	-0.196686	-0.193347	-0.187973	-0.181831	-0.175564	-0.168389	-0.160528	-0.152768	-0.144246	-0.134896	-0.125748	-0.113616	-0.100354	-0.0813138	-0.0549386	-0.0198186	0.0314944	0.0936635	0.167885	0.247254	0.312996	0.351491	0.343913	0.271829	0.13611	-0.0515151	-0.26726	-0.476177	-0.650479	-0.77727	-0.850609	-0.867152	-0.83186	-0.742273	-0.600268	-0.426403	-0.238947	-0.0543182	0.114224	0.279289	0.451077	0.616769	0.760113	0.874631	0.943728	0.954795	
