-0.162626	-0.162626	-0.148677	-0.141395	-0.146656	-0.156075	-0.146012	-0.119018	-0.0813905	-0.0458512	-0.012706	0.0347963	0.114896	0.245035	0.397391	0.547443	0.669028	0.756636	0.781842	0.715991	0.565229	0.359296	0.130329	-0.115003	-0.361357	-0.586317	-0.766227	-0.884681	-0.934922	-0.928186	-0.866082	-0.751167	-0.576655	-0.344273	-0.0520096	0.289605	0.64368	0.975517	1.28112	1.52811	1.68576	1.72836	1.65452	1.46822	1.19469	0.881597	0.56618	0.258253	-0.0025217	-0.208987	
-0.162626	-0.162626	-0.148677	-0.141395	-0.146656	-0.156075	-0.146012	-0.119018	-0.0813905	-0.0458512	-0.012706	0.0347963	0.114896	0.245035	0.397391	0.547443	0.669028	0.756636	0.781842	0.715991	0.565229	0.359296	0.130329	-0.115003	-0.361357	-0.586317	-0.766227	-0.884681	-0.934922	-0.928186	-0.866082	-0.751167	-0.576655	-0.344273	-0.0520096	0.289605	0.64368	0.975517	1.28112	1.52811	1.68576	1.72836	1.65452	1.46822	1.19469	0.881597	0.56618	0.258253	-0.0025217	-0.208987	
-0.148677	-0.148677	-0.135944	-0.129231	-0.136299	-0.146245	-0.138401	-0.113563	-0.0782618	-0.0456226	-0.013483	0.0319975	0.111522	0.239764	0.391152	0.540843	0.663221	0.751524	0.779027	0.715913	0.569894	0.368767	0.143769	-0.0966164	-0.339594	-0.561047	-0.738514	-0.856257	-0.906659	-0.901744	-0.843505	-0.733951	-0.567042	-0.344443	-0.0634139	0.265099	0.605506	0.925402	1.22083	1.46111	1.61799	1.66716	1.60419	1.43531	1.1814	0.88681	0.586088	0.290796	0.0346289	-0.170824	
-0.141395	-0.141395	-0.129231	-0.124218	-0.130515	-0.141137	-0.133456	-0.109935	-0.0770926	-0.044833	-0.0143489	0.0324191	0.11127	0.238626	0.389299	0.539049	0.662871	0.753356	0.782353	0.72499	0.584492	0.389685	0.170749	-0.0660555	-0.303378	-0.521475	-0.696098	-0.810885	-0.861081	-0.856294	-0.800576	-0.697215	-0.54058	-0.332006	-0.0706631	0.234073	0.549576	0.845735	1.11936	1.3456	1.49701	1.55041	1.50524	1.36063	1.13816	0.87725	0.607546	0.335008	0.0969957	-0.100601	
-0.146656	-0.146656	-0.136299	-0.130515	-0.137299	-0.14468	-0.136738	-0.112573	-0.078957	-0.046946	-0.0123273	0.0360925	0.118924	0.245794	0.396766	0.546485	0.67186	0.761353	0.791878	0.735785	0.600622	0.410736	0.194407	-0.036794	-0.27089	-0.483499	-0.652927	-0.764137	-0.810473	-0.803711	-0.749341	-0.650239	-0.503814	-0.311362	-0.0719467	0.203849	0.486565	0.750953	0.993912	1.19495	1.33225	1.38757	1.35394	1.23721	1.0514	0.829958	0.597386	0.365584	0.156201	-0.0168607	
-0.156075	-0.156075	-0.146245	-0.141137	-0.14468	-0.14931	-0.138535	-0.112595	-0.0790291	-0.0441321	-0.00804719	0.045019	0.129323	0.255386	0.404522	0.552813	0.6774	0.766646	0.794704	0.742721	0.611578	0.427238	0.216075	-0.012365	-0.23957	-0.447037	-0.610704	-0.71504	-0.757781	-0.747177	-0.692719	-0.599106	-0.464527	-0.290664	-0.0780927	0.163965	0.410415	0.640392	0.849704	1.02507	1.14653	1.19638	1.17332	1.07614	0.9219	0.739714	0.551218	0.362185	0.198862	0.0646796	
-0.146012	-0.146012	-0.138401	-0.133456	-0.136738	-0.138535	-0.127561	-0.102573	-0.0698646	-0.0366895	0.00168293	0.0551455	0.140935	0.262904	0.408455	0.552415	0.676086	0.761188	0.789322	0.738825	0.615491	0.439687	0.234938	0.0164566	-0.202662	-0.399961	-0.554961	-0.654144	-0.693702	-0.684704	-0.63712	-0.555402	-0.440635	-0.291318	-0.108488	0.0987509	0.311117	0.51071	0.692483	0.846078	0.953686	1.00284	0.985249	0.906021	0.778977	0.630008	0.477645	0.338302	0.221387	0.136699	
-0.119018	-0.119018	-0.113563	-0.109935	-0.112573	-0.112595	-0.102573	-0.0792269	-0.0503595	-0.0186087	0.0185892	0.0728031	0.157514	0.275151	0.415442	0.556232	0.678199	0.763998	0.792066	0.750103	0.637604	0.475391	0.282733	0.0747238	-0.132128	-0.320413	-0.46937	-0.566079	-0.611136	-0.610678	-0.578901	-0.518832	-0.430415	-0.311337	-0.160343	0.0150848	0.198507	0.378199	0.542854	0.684528	0.786878	0.836166	0.825877	0.759868	0.655192	0.534732	0.418444	0.31972	0.250276	0.210913	
-0.0813905	-0.0813905	-0.0782618	-0.0770926	-0.078957	-0.0790291	-0.0698646	-0.0503595	-0.0246721	0.00458248	0.0419371	0.0971409	0.182755	0.297101	0.434942	0.573342	0.6984	0.785608	0.819768	0.78762	0.69131	0.545669	0.36653	0.171535	-0.0256293	-0.206812	-0.354807	-0.458646	-0.516636	-0.53718	-0.530107	-0.498189	-0.441451	-0.351166	-0.226867	-0.076968	0.0901654	0.259166	0.416868	0.554964	0.655456	0.708426	0.705674	0.652453	0.568303	0.47424	0.386854	0.327091	0.294406	0.292241	
-0.0458512	-0.0458512	-0.0456226	-0.044833	-0.046946	-0.0441321	-0.0366895	-0.0186087	0.00458248	0.0333736	0.0725603	0.130512	0.218537	0.332289	0.468174	0.607629	0.735967	0.828939	0.869864	0.851358	0.77191	0.644828	0.478963	0.294862	0.104923	-0.0748746	-0.229078	-0.347052	-0.429627	-0.477151	-0.502299	-0.501838	-0.473797	-0.408179	-0.302393	-0.164091	-0.00539949	0.164784	0.323489	0.46051	0.561077	0.618488	0.621649	0.582235	0.520427	0.450971	0.390229	0.357727	0.349894	0.36617	
-0.012706	-0.012706	-0.013483	-0.0143489	-0.0123273	-0.00804719	0.00168293	0.0185892	0.0419371	0.0725603	0.114525	0.176869	0.267931	0.381162	0.516064	0.655029	0.787471	0.885561	0.934325	0.928878	0.867182	0.756775	0.603398	0.426371	0.238492	0.0543111	-0.1134	-0.254594	-0.365402	-0.44705	-0.502427	-0.529131	-0.523692	-0.472001	-0.373254	-0.241426	-0.0801314	0.0934305	0.256033	0.396345	0.500364	0.562937	0.57841	0.553317	0.51045	0.460795	0.416709	0.398041	0.39799	0.41754	
0.0347963	0.0347963	0.0319975	0.0324191	0.0360925	0.045019	0.0551455	0.0728031	0.0971409	0.130512	0.176869	0.244016	0.338601	0.452935	0.586144	0.72512	0.860609	0.96267	1.0183	1.02309	0.974835	0.877734	0.729887	0.554677	0.362113	0.16673	-0.0202327	-0.188061	-0.332348	-0.444763	-0.528714	-0.575465	-0.581823	-0.534116	-0.433932	-0.295065	-0.128614	0.0546676	0.225432	0.369997	0.477907	0.55193	0.578395	0.569695	0.545724	0.508292	0.467061	0.445268	0.434326	0.437064	
0.114896	0.114896	0.111522	0.11127	0.118924	0.129323	0.140935	0.157514	0.182755	0.218537	0.267931	0.338601	0.435583	0.549927	0.680971	0.819674	0.956833	1.06485	1.12643	1.14159	1.10514	1.01612	0.869791	0.687308	0.480689	0.264825	0.0493164	-0.152288	-0.32978	-0.472619	-0.574507	-0.629118	-0.633884	-0.577587	-0.464426	-0.316394	-0.138217	0.0553696	0.237309	0.391966	0.51248	0.597948	0.639368	0.640946	0.622139	0.581662	0.530924	0.491175	0.459592	0.44056	
0.245035	0.245035	0.239764	0.238626	0.245794	0.255386	0.262904	0.275151	0.297101	0.332289	0.381162	0.452935	0.549927	0.66402	0.793364	0.93096	1.07193	1.18403	1.25337	1.27532	1.2463	1.1599	1.00694	0.81009	0.582735	0.340255	0.0944725	-0.140374	-0.348689	-0.514318	-0.62776	-0.681776	-0.67713	-0.605656	-0.475714	-0.310129	-0.116097	0.0948249	0.294738	0.464397	0.595059	0.691011	0.736529	0.737556	0.713207	0.66004	0.587756	0.523938	0.467009	0.42181	
0.397391	0.397391	0.391152	0.389299	0.396766	0.404522	0.408455	0.415442	0.434942	0.468174	0.516064	0.586144	0.680971	0.793364	0.91768	1.05411	1.19379	1.31102	1.38416	1.41153	1.38556	1.29669	1.13303	0.917406	0.665434	0.396588	0.120761	-0.141397	-0.373323	-0.552486	-0.666948	-0.711842	-0.691002	-0.601766	-0.45492	-0.273484	-0.0651898	0.162114	0.381119	0.565414	0.707513	0.80664	0.848097	0.836434	0.793135	0.715061	0.619065	0.52963	0.451152	0.386367	
0.547443	0.547443	0.540843	0.539049	0.546485	0.552813	0.552415	0.556232	0.573342	0.607629	0.655029	0.72512	0.819674	0.93096	1.05411	1.1871	1.32719	1.44435	1.5192	1.54349	1.51242	1.41085	1.22944	0.989636	0.714287	0.422324	0.128781	-0.149813	-0.38896	-0.570322	-0.676763	-0.707991	-0.671709	-0.568823	-0.408537	-0.217088	0.00394722	0.244597	0.476725	0.670276	0.811966	0.901596	0.928223	0.89832	0.833795	0.7376	0.622181	0.51323	0.416564	0.333976	
0.669028	0.669028	0.663221	0.662871	0.67186	0.6774	0.676086	0.678199	0.6984	0.735967	0.787471	0.860609	0.956833	1.07193	1.19379	1.32719	1.46405	1.58117	1.65186	1.66855	1.62325	1.50231	1.29681	1.0314	0.732691	0.424592	0.118058	-0.163943	-0.405157	-0.579225	-0.673726	-0.689698	-0.636762	-0.519531	-0.351129	-0.148533	0.0775225	0.322406	0.558431	0.747177	0.876615	0.949234	0.95657	0.908319	0.830432	0.722254	0.598354	0.479344	0.375159	0.284925	
0.756636	0.756636	0.751524	0.753356	0.761353	0.766646	0.761188	0.763998	0.785608	0.828939	0.885561	0.96267	1.06485	1.18403	1.31102	1.44435	1.58117	1.69547	1.76144	1.76477	1.70111	1.5544	1.32358	1.03251	0.715779	0.395159	0.0860175	-0.198452	-0.4347	-0.604146	-0.689563	-0.692895	-0.62669	-0.499217	-0.319013	-0.110894	0.119513	0.364726	0.592988	0.769855	0.880918	0.929251	0.916357	0.856203	0.767513	0.657676	0.534753	0.417832	0.317292	0.232037	
0.781842	0.781842	0.779027	0.782353	0.791878	0.794704	0.789322	0.792066	0.819768	0.869864	0.934325	1.0183	1.12643	1.25337	1.38416	1.5192	1.65186	1.76144	1.81687	1.80423	1.71689	1.54425	1.29018	0.980453	0.653285	0.330975	0.021998	-0.257278	-0.493649	-0.661149	-0.743279	-0.741451	-0.665954	-0.527908	-0.343074	-0.127996	0.101908	0.339542	0.558496	0.720792	0.813191	0.842832	0.815533	0.743986	0.650824	0.541185	0.423356	0.314885	0.229096	0.16184	
0.715991	0.715991	0.715913	0.72499	0.735785	0.742721	0.738825	0.750103	0.78762	0.851358	0.928878	1.02309	1.14159	1.27532	1.41153	1.54349	1.66855	1.76477	1.80423	1.76853	1.65458	1.45571	1.18287	0.862993	0.535973	0.218398	-0.0806968	-0.355404	-0.588819	-0.755098	-0.836415	-0.827412	-0.742501	-0.597842	-0.409096	-0.197697	0.0214121	0.246797	0.448592	0.599224	0.681972	0.701483	0.665808	0.592002	0.49429	0.386539	0.275797	0.181744	0.11495	0.0677017	
0.565229	0.565229	0.569894	0.584492	0.600622	0.611578	0.615491	0.637604	0.69131	0.77191	0.867182	0.974835	1.10514	1.2463	1.38556	1.51242	1.62325	1.70111	1.71689	1.65458	1.51098	1.28629	0.998765	0.67522	0.35425	0.049567	-0.237022	-0.499806	-0.725113	-0.884233	-0.955393	-0.93487	-0.837753	-0.686023	-0.501818	-0.302554	-0.100308	0.10456	0.290377	0.431497	0.508061	0.520755	0.481512	0.406781	0.31285	0.216738	0.123774	0.0505634	0.00220734	-0.0283191	
0.359296	0.359296	0.368767	0.389685	0.410736	0.427238	0.439687	0.475391	0.545669	0.644828	0.756775	0.877734	1.01612	1.1599	1.29669	1.41085	1.50231	1.5544	1.54425	1.45571	1.28629	1.04422	0.750773	0.4336	0.127862	-0.16006	-0.428807	-0.676573	-0.889232	-1.0325	-1.08773	-1.04822	-0.934853	-0.776082	-0.597957	-0.413836	-0.232854	-0.0479854	0.119834	0.251747	0.32287	0.331345	0.291263	0.222345	0.141099	0.0650621	-0.00506683	-0.0542687	-0.0831008	-0.102154	
0.130329	0.130329	0.143769	0.170749	0.194407	0.216075	0.234938	0.282733	0.36653	0.478963	0.603398	0.729887	0.869791	1.00694	1.13303	1.22944	1.29681	1.32358	1.29018	1.18287	0.998765	0.750773	0.462606	0.163284	-0.120294	-0.382878	-0.626574	-0.850591	-1.03841	-1.15693	-1.18908	-1.12953	-1.00465	-0.845772	-0.679186	-0.513969	-0.351257	-0.180245	-0.0234541	0.10427	0.174401	0.181306	0.141115	0.081576	0.0161588	-0.0385533	-0.0843872	-0.110234	-0.126174	-0.136107	
-0.115003	-0.115003	-0.0966164	-0.0660555	-0.036794	-0.012365	0.0164566	0.0747238	0.171535	0.294862	0.426371	0.554677	0.687308	0.81009	0.917406	0.989636	1.0314	1.03251	0.980453	0.862993	0.67522	0.4336	0.163284	-0.1078	-0.356976	-0.583516	-0.790843	-0.978313	-1.13134	-1.21933	-1.22631	-1.15269	-1.02289	-0.868557	-0.715639	-0.567846	-0.417226	-0.257755	-0.107247	0.0203268	0.0959176	0.110916	0.0853157	0.0415063	-0.00542325	-0.0439051	-0.0794983	-0.0985849	-0.110055	-0.114337	
-0.361357	-0.361357	-0.339594	-0.303378	-0.27089	-0.23957	-0.202662	-0.132128	-0.0256293	0.104923	0.238492	0.362113	0.480689	0.582735	0.665434	0.714287	0.732691	0.715779	0.653285	0.535973	0.35425	0.127862	-0.120294	-0.356976	-0.567036	-0.749845	-0.910356	-1.05065	-1.15988	-1.20959	-1.19261	-1.10603	-0.975143	-0.828254	-0.688363	-0.554875	-0.417795	-0.264079	-0.115445	0.0192414	0.112872	0.15159	0.14632	0.121062	0.0883429	0.0524804	0.0170205	-0.0024762	-0.0168101	-0.0258798	
-0.586317	-0.586317	-0.561047	-0.521475	-0.483499	-0.447037	-0.399961	-0.320413	-0.206812	-0.0748746	0.0543111	0.16673	0.264825	0.340255	0.396588	0.422324	0.424592	0.395159	0.330975	0.218398	0.049567	-0.16006	-0.382878	-0.583516	-0.749845	-0.881874	-0.988959	-1.07763	-1.13906	-1.15567	-1.11566	-1.02057	-0.889071	-0.744508	-0.610113	-0.486653	-0.353393	-0.202411	-0.048235	0.102545	0.221809	0.288936	0.30767	0.29713	0.2698	0.233125	0.191699	0.165123	0.139765	0.120774	
-0.766227	-0.766227	-0.738514	-0.696098	-0.652927	-0.610704	-0.554961	-0.46937	-0.354807	-0.229078	-0.1134	-0.0202327	0.0493164	0.0944725	0.120761	0.128781	0.118058	0.0860175	0.021998	-0.0806968	-0.237022	-0.428807	-0.626574	-0.790843	-0.910356	-0.988959	-1.04228	-1.07929	-1.10008	-1.0864	-1.02832	-0.925501	-0.789445	-0.643825	-0.510302	-0.38957	-0.257717	-0.100429	0.0713422	0.245624	0.39817	0.494559	0.531299	0.52375	0.495231	0.447862	0.398564	0.361818	0.327535	0.292579	
-0.884681	-0.884681	-0.856257	-0.810885	-0.764137	-0.71504	-0.654144	-0.566079	-0.458646	-0.347052	-0.254594	-0.188061	-0.152288	-0.140374	-0.141397	-0.149813	-0.163943	-0.198452	-0.257278	-0.355404	-0.499806	-0.676573	-0.850591	-0.978313	-1.05065	-1.07763	-1.07929	-1.07308	-1.05846	-1.02091	-0.948008	-0.836574	-0.698538	-0.551556	-0.419212	-0.299653	-0.163038	0.0105806	0.207262	0.413339	0.594379	0.71522	0.760162	0.751356	0.715167	0.659173	0.599122	0.551524	0.503015	0.450304	
-0.934922	-0.934922	-0.906659	-0.861081	-0.810473	-0.757781	-0.693702	-0.611136	-0.516636	-0.429627	-0.365402	-0.332348	-0.32978	-0.348689	-0.373323	-0.38896	-0.405157	-0.4347	-0.493649	-0.588819	-0.725113	-0.889232	-1.03841	-1.13134	-1.15988	-1.13906	-1.10008	-1.05846	-1.01731	-0.962533	-0.876597	-0.762482	-0.625623	-0.484246	-0.355311	-0.236198	-0.0909003	0.100262	0.323828	0.551842	0.755642	0.891011	0.943819	0.934931	0.893914	0.828263	0.758756	0.696734	0.635791	0.57235	
-0.928186	-0.928186	-0.901744	-0.856294	-0.803711	-0.747177	-0.684704	-0.610678	-0.53718	-0.477151	-0.44705	-0.444763	-0.472619	-0.514318	-0.552486	-0.570322	-0.579225	-0.604146	-0.661149	-0.755098	-0.884233	-1.0325	-1.15693	-1.21933	-1.20959	-1.15567	-1.0864	-1.02091	-0.962533	-0.893172	-0.802264	-0.690766	-0.565719	-0.438261	-0.32019	-0.20262	-0.0534699	0.150557	0.388418	0.630328	0.843169	0.990304	1.0518	1.04437	1.00053	0.930469	0.85286	0.782637	0.718975	0.644575	
-0.866082	-0.866082	-0.843505	-0.800576	-0.749341	-0.692719	-0.63712	-0.578901	-0.530107	-0.502299	-0.502427	-0.528714	-0.574507	-0.62776	-0.666948	-0.676763	-0.673726	-0.689563	-0.743279	-0.836415	-0.955393	-1.08773	-1.18908	-1.22631	-1.19261	-1.11566	-1.02832	-0.948008	-0.876597	-0.802264	-0.715204	-0.618639	-0.517888	-0.414303	-0.312433	-0.202993	-0.0586607	0.143395	0.379699	0.619648	0.834566	0.990228	1.05984	1.06114	1.01739	0.947067	0.870052	0.801321	0.735024	0.659241	
-0.751167	-0.751167	-0.733951	-0.697215	-0.650239	-0.599106	-0.555402	-0.518832	-0.498189	-0.501838	-0.529131	-0.575465	-0.629118	-0.681776	-0.711842	-0.707991	-0.689698	-0.692895	-0.741451	-0.827412	-0.93487	-1.04822	-1.12953	-1.15269	-1.10603	-1.02057	-0.925501	-0.836574	-0.762482	-0.690766	-0.618639	-0.547929	-0.477678	-0.404513	-0.326886	-0.236161	-0.112547	0.0685371	0.287849	0.517724	0.729758	0.889734	0.970998	0.979842	0.940019	0.878675	0.80809	0.743024	0.683485	0.61141	
-0.576655	-0.576655	-0.567042	-0.54058	-0.503814	-0.464527	-0.440635	-0.430415	-0.441451	-0.473797	-0.523692	-0.581823	-0.633884	-0.67713	-0.691002	-0.671709	-0.636762	-0.62669	-0.665954	-0.742501	-0.837753	-0.934853	-1.00465	-1.02289	-0.975143	-0.889071	-0.789445	-0.698538	-0.625623	-0.565719	-0.517888	-0.477678	-0.444093	-0.407436	-0.363451	-0.306319	-0.2176	-0.0690603	0.124444	0.340095	0.545025	0.705758	0.794109	0.812353	0.781485	0.728648	0.664984	0.608437	0.55709	0.498116	
-0.344273	-0.344273	-0.344443	-0.332006	-0.311362	-0.290664	-0.291318	-0.311337	-0.351166	-0.408179	-0.472001	-0.534116	-0.577587	-0.605656	-0.601766	-0.568823	-0.519531	-0.499217	-0.527908	-0.597842	-0.686023	-0.776082	-0.845772	-0.868557	-0.828254	-0.744508	-0.643825	-0.551556	-0.484246	-0.438261	-0.414303	-0.404513	-0.407436	-0.41258	-0.415932	-0.403772	-0.359525	-0.248573	-0.081897	0.118891	0.314276	0.474118	0.568647	0.598598	0.574295	0.527383	0.465331	0.414834	0.37573	0.344056	
-0.0520096	-0.0520096	-0.0634139	-0.0706631	-0.0719467	-0.0780927	-0.108488	-0.160343	-0.226867	-0.302393	-0.373254	-0.433932	-0.464426	-0.475714	-0.45492	-0.408537	-0.351129	-0.319013	-0.343074	-0.409096	-0.501818	-0.597957	-0.679186	-0.715639	-0.688363	-0.610113	-0.510302	-0.419212	-0.355311	-0.32019	-0.312433	-0.326886	-0.363451	-0.415932	-0.469606	-0.510624	-0.508899	-0.435037	-0.295647	-0.113095	0.075613	0.231979	0.33772	0.377155	0.357912	0.307525	0.244029	0.199978	0.179116	0.175059	
0.289605	0.289605	0.265099	0.234073	0.203849	0.163965	0.0987509	0.0150848	-0.076968	-0.164091	-0.241426	-0.295065	-0.316394	-0.310129	-0.273484	-0.217088	-0.148533	-0.110894	-0.127996	-0.197697	-0.302554	-0.413836	-0.513969	-0.567846	-0.554875	-0.486653	-0.38957	-0.299653	-0.236198	-0.20262	-0.202993	-0.236161	-0.306319	-0.403772	-0.510624	-0.596752	-0.631617	-0.588706	-0.473712	-0.30526	-0.126582	0.0305521	0.139395	0.180064	0.161023	0.106619	0.0441423	0.0111099	0.00495847	0.016474	
0.64368	0.64368	0.605506	0.549576	0.486565	0.410415	0.311117	0.198507	0.0901654	-0.00539949	-0.0801314	-0.128614	-0.138217	-0.116097	-0.0651898	0.00394722	0.0775225	0.119513	0.101908	0.0214121	-0.100308	-0.232854	-0.351257	-0.417226	-0.417795	-0.353393	-0.257717	-0.163038	-0.0909003	-0.0534699	-0.0586607	-0.112547	-0.2176	-0.359525	-0.508899	-0.631617	-0.692305	-0.670455	-0.572494	-0.416651	-0.240308	-0.0876138	0.0150679	0.0524897	0.0299216	-0.0289525	-0.0877032	-0.115308	-0.120355	-0.101708	
0.975517	0.975517	0.925402	0.845735	0.750953	0.640392	0.51071	0.378199	0.259166	0.164784	0.0934305	0.0546676	0.0553696	0.0948249	0.162114	0.244597	0.322406	0.364726	0.339542	0.246797	0.10456	-0.0479854	-0.180245	-0.257755	-0.264079	-0.202411	-0.100429	0.0105806	0.100262	0.150557	0.143395	0.0685371	-0.0690603	-0.248573	-0.435037	-0.588706	-0.670455	-0.663603	-0.574507	-0.420502	-0.245805	-0.0988256	-0.00306871	0.0261926	0.00414546	-0.0550834	-0.11688	-0.155562	-0.167619	-0.157068	
1.28112	1.28112	1.22083	1.11936	0.993912	0.849704	0.692483	0.542854	0.416868	0.323489	0.256033	0.225432	0.237309	0.294738	0.381119	0.476725	0.558431	0.592988	0.558496	0.448592	0.290377	0.119834	-0.0234541	-0.107247	-0.115445	-0.048235	0.0713422	0.207262	0.323828	0.388418	0.379699	0.287849	0.124444	-0.081897	-0.295647	-0.473712	-0.572494	-0.574507	-0.489414	-0.340838	-0.172787	-0.0304028	0.0584343	0.0930083	0.0813581	0.0221535	-0.0505089	-0.105383	-0.136631	-0.137127	
1.52811	1.52811	1.46111	1.3456	1.19495	1.02507	0.846078	0.684528	0.554964	0.46051	0.396345	0.369997	0.391966	0.464397	0.565414	0.670276	0.747177	0.769855	0.720792	0.599224	0.431497	0.251747	0.10427	0.0203268	0.0192414	0.102545	0.245624	0.413339	0.551842	0.630328	0.619648	0.517724	0.340095	0.118891	-0.113095	-0.30526	-0.416651	-0.420502	-0.340838	-0.203108	-0.046949	0.0891239	0.177421	0.222448	0.218216	0.161025	0.0800312	0.00768885	-0.0368259	-0.0483777	
1.68576	1.68576	1.61799	1.49701	1.33225	1.14653	0.953686	0.786878	0.655456	0.561077	0.500364	0.477907	0.51248	0.595059	0.707513	0.811966	0.876615	0.880918	0.813191	0.681972	0.508061	0.32287	0.174401	0.0959176	0.112872	0.221809	0.39817	0.594379	0.755642	0.843169	0.834566	0.729758	0.545025	0.314276	0.075613	-0.126582	-0.240308	-0.245805	-0.172787	-0.046949	0.099366	0.233882	0.327194	0.375835	0.371423	0.313645	0.223726	0.143934	0.0934429	0.072841	
1.72836	1.72836	1.66716	1.55041	1.38757	1.19638	1.00284	0.836166	0.708426	0.618488	0.562937	0.55193	0.597948	0.691011	0.80664	0.901596	0.949234	0.929251	0.842832	0.701483	0.520755	0.331345	0.181306	0.110916	0.15159	0.288936	0.494559	0.71522	0.891011	0.990304	0.990228	0.889734	0.705758	0.474118	0.231979	0.0305521	-0.0876138	-0.0988256	-0.0304028	0.0891239	0.233882	0.375535	0.471893	0.517257	0.510283	0.453803	0.363654	0.280925	0.22458	0.197663	
1.65452	1.65452	1.60419	1.50524	1.35394	1.17332	0.985249	0.825877	0.705674	0.621649	0.57841	0.578395	0.639368	0.736529	0.848097	0.928223	0.95657	0.916357	0.815533	0.665808	0.481512	0.291263	0.141115	0.0853157	0.14632	0.30767	0.531299	0.760162	0.943819	1.0518	1.05984	0.970998	0.794109	0.568647	0.33772	0.139395	0.0150679	-0.00306871	0.0584343	0.177421	0.327194	0.471893	0.570064	0.617204	0.611813	0.56486	0.478418	0.393966	0.331332	0.301686	
1.46822	1.46822	1.43531	1.36063	1.23721	1.07614	0.906021	0.759868	0.652453	0.582235	0.553317	0.569695	0.640946	0.737556	0.836434	0.89832	0.908319	0.856203	0.743986	0.592002	0.406781	0.222345	0.081576	0.0415063	0.121062	0.29713	0.52375	0.751356	0.934931	1.04437	1.06114	0.979842	0.812353	0.598598	0.377155	0.180064	0.0524897	0.0261926	0.0930083	0.222448	0.375835	0.517257	0.617204	0.660888	0.663459	0.630523	0.557757	0.481814	0.424417	0.3937	
1.19469	1.19469	1.1814	1.13816	1.0514	0.9219	0.778977	0.655192	0.568303	0.520427	0.51045	0.545724	0.622139	0.713207	0.793135	0.833795	0.830432	0.767513	0.650824	0.49429	0.31285	0.141099	0.0161588	-0.00542325	0.0883429	0.2698	0.495231	0.715167	0.893914	1.00053	1.01739	0.940019	0.781485	0.574295	0.357912	0.161023	0.0299216	0.00414546	0.0813581	0.218216	0.371423	0.510283	0.611813	0.663459	0.682014	0.664424	0.610974	0.552763	0.502504	0.474368	
0.881597	0.881597	0.88681	0.87725	0.829958	0.739714	0.630008	0.534732	0.47424	0.450971	0.460795	0.508292	0.581662	0.66004	0.715061	0.7376	0.722254	0.657676	0.541185	0.386539	0.216738	0.0650621	-0.0385533	-0.0439051	0.0524804	0.233125	0.447862	0.659173	0.828263	0.930469	0.947067	0.878675	0.728648	0.527383	0.307525	0.106619	-0.0289525	-0.0550834	0.0221535	0.161025	0.313645	0.453803	0.56486	0.630523	0.664424	0.664084	0.639192	0.602348	0.567352	0.55467	
0.56618	0.56618	0.586088	0.607546	0.597386	0.551218	0.477645	0.418444	0.386854	0.390229	0.416709	0.467061	0.530924	0.587756	0.619065	0.622181	0.598354	0.534753	0.423356	0.275797	0.123774	-0.00506683	-0.0843872	-0.0794983	0.0170205	0.191699	0.398564	0.599122	0.758756	0.85286	0.870052	0.80809	0.664984	0.465331	0.244029	0.0441423	-0.0877032	-0.11688	-0.0505089	0.0800312	0.223726	0.363654	0.478418	0.557757	0.610974	0.639192	0.645766	0.6377	0.628218	0.63712	
0.258253	0.258253	0.290796	0.335008	0.365584	0.362185	0.338302	0.31972	0.327091	0.357727	0.398041	0.445268	0.491175	0.523938	0.52963	0.51323	0.479344	0.417832	0.314885	0.181744	0.0505634	-0.0542687	-0.110234	-0.0985849	-0.0024762	0.165123	0.361818	0.551524	0.696734	0.782637	0.801321	0.743024	0.608437	0.414834	0.199978	0.0111099	-0.115308	-0.155562	-0.105383	0.00768885	0.143934	0.280925	0.393966	0.481814	0.552763	0.602348	0.6377	0.664773	0.690511	0.730637	
-0.0025217	-0.0025217	0.0346289	0.0969957	0.156201	0.198862	0.221387	0.250276	0.294406	0.349894	0.39799	0.434326	0.459592	0.467009	0.451152	0.416564	0.375159	0.317292	0.229096	0.11495	0.00220734	-0.0831008	-0.126174	-0.110055	-0.0168101	0.139765	0.327535	0.503015	0.635791	0.718975	0.735024	0.683485	0.55709	0.37573	0.179116	0.00495847	-0.120355	-0.167619	-0.136631	-0.0368259	0.0934429	0.22458	0.331332	0.424417	0.502504	0.567352	0.628218	0.690511	0.755905	0.8207	
-0.208987	-0.208987	-0.170824	-0.100601	-0.0168607	0.0646796	0.136699	0.210913	0.292241	0.36617	0.41754	0.437064	0.44056	0.42181	0.386367	0.333976	0.284925	0.232037	0.16184	0.0677017	-0.0283191	-0.102154	-0.136107	-0.114337	-0.0258798	0.120774	0.292579	0.450304	0.57235	0.644575	0.659241	0.61141	0.498116	0.344056	0.175059	0.016474	-0.101708	-0.157068	-0.137127	-0.0483777	0.072841	0.197663	0.301686	0.3937	0.474368	0.55467	0.63712	0.730637	0.8207	0.895764	
