1.08448	1.29465	1.43953	1.49783	1.47424	1.38939	1.27052	1.14985	1.04593	0.955735	0.889077	0.836348	0.786281	0.737052	0.682222	0.621608	0.553531	0.485784	0.417043	0.343433	0.278654	0.218474	0.158896	0.112265	0.0765628	0.0469561	0.0258998	0.0194932	0.0372487	0.0749419	0.130877	0.224887	0.35979	0.507625	0.640439	0.733072	0.760799	0.71431	0.593977	0.40495	0.174523	-0.0560721	-0.262721	-0.435202	-0.556942	-0.619394	-0.643487	-0.659411	-0.673284	-0.673284	
1.29465	1.47705	1.58458	1.60484	1.54166	1.42248	1.27584	1.13207	1.00629	0.897891	0.816151	0.742887	0.67103	0.606064	0.540364	0.472032	0.405299	0.343781	0.278479	0.215577	0.168312	0.12242	0.0779034	0.0480361	0.025936	0.00679854	-0.00562327	-0.00436056	0.0166603	0.0506561	0.102495	0.194631	0.325027	0.468451	0.604649	0.710717	0.760199	0.737269	0.632381	0.44918	0.22257	-0.00294232	-0.20763	-0.385913	-0.52371	-0.612281	-0.66596	-0.704611	-0.7293	-0.7293	
1.43953	1.58458	1.64976	1.62405	1.52034	1.37038	1.19926	1.03886	0.898248	0.779312	0.68457	0.596748	0.52186	0.457148	0.391618	0.328719	0.27016	0.216684	0.164485	0.121184	0.0884552	0.053076	0.0241906	0.00851559	-0.00545042	-0.0181615	-0.0243356	-0.0180963	0.00248351	0.0306963	0.0784965	0.167447	0.290346	0.427181	0.565476	0.684105	0.755105	0.755565	0.666573	0.491827	0.27274	0.0545353	-0.14745	-0.33109	-0.485457	-0.602408	-0.688209	-0.750522	-0.785723	-0.785723	
1.49783	1.60484	1.62405	1.55531	1.41936	1.24349	1.05548	0.88828	0.741631	0.619757	0.524491	0.442317	0.375515	0.314659	0.256131	0.204127	0.159992	0.122291	0.0838865	0.0543389	0.0332305	0.00922213	-0.00730785	-0.015239	-0.0245636	-0.0325434	-0.0346812	-0.0261745	-0.00858756	0.0135253	0.0580764	0.14236	0.255173	0.383994	0.523318	0.653335	0.74483	0.767665	0.695129	0.532415	0.325101	0.116221	-0.0826654	-0.2714	-0.442772	-0.589777	-0.709342	-0.795708	-0.841056	-0.841056	
1.47424	1.54166	1.52034	1.41936	1.25807	1.06475	0.87571	0.711001	0.566376	0.457568	0.37432	0.30082	0.243037	0.192736	0.149163	0.113426	0.0834703	0.0548001	0.02761	0.0132296	0.000369102	-0.0177845	-0.0255785	-0.0282004	-0.035286	-0.0409663	-0.040481	-0.0311749	-0.0181669	-0.001476	0.0407595	0.118668	0.21939	0.339491	0.478865	0.61865	0.728643	0.771998	0.716782	0.570573	0.379555	0.181707	-0.0140115	-0.20783	-0.396556	-0.574422	-0.728171	-0.838368	-0.893546	-0.893546	
1.38939	1.42248	1.37038	1.24349	1.06475	0.870851	0.69032	0.533196	0.407588	0.317932	0.242466	0.182125	0.141125	0.105891	0.0756009	0.049864	0.0296638	0.0113827	-0.00362387	-0.0104171	-0.0216585	-0.0329454	-0.0332125	-0.0355238	-0.0427038	-0.0458116	-0.0429748	-0.0348837	-0.0274489	-0.014299	0.0263321	0.0957906	0.183186	0.294575	0.432993	0.580346	0.705758	0.767107	0.730555	0.605992	0.435713	0.250236	0.0575048	-0.141682	-0.34799	-0.55637	-0.743214	-0.876356	-0.941177	-0.941177	
1.27052	1.27584	1.19926	1.05548	0.87571	0.69032	0.521688	0.384773	0.278668	0.200276	0.139634	0.0999439	0.0730161	0.0459494	0.0237938	0.00974608	-0.000294383	-0.0139713	-0.0227579	-0.0246124	-0.0333468	-0.0393185	-0.0376025	-0.041331	-0.0468923	-0.0476439	-0.0442922	-0.0389795	-0.0363242	-0.0243811	0.014245	0.0731069	0.147113	0.250383	0.38663	0.538663	0.675387	0.751857	0.735896	0.638342	0.492748	0.320641	0.130589	-0.0745456	-0.298443	-0.535586	-0.752731	-0.907238	-0.981679	-0.981679	
1.14985	1.13207	1.03886	0.88828	0.711001	0.533196	0.384773	0.264649	0.174336	0.116806	0.0741595	0.0473713	0.0255437	0.0049571	-0.00475943	-0.0107569	-0.0205701	-0.0299748	-0.0298891	-0.031593	-0.0417231	-0.0427696	-0.039562	-0.0447737	-0.0494003	-0.0488005	-0.0454285	-0.0434101	-0.0442252	-0.0317231	0.00357636	0.0503238	0.112099	0.208087	0.340598	0.493724	0.636875	0.725685	0.732742	0.667134	0.549275	0.391297	0.203641	-0.00823788	-0.249341	-0.511909	-0.754815	-0.928389	-1.01253	-1.01253	
1.04593	1.00629	0.898248	0.741631	0.566376	0.407588	0.278668	0.174336	0.109826	0.0653465	0.0291705	0.0099939	-0.00611004	-0.0151477	-0.0185445	-0.0255025	-0.0319373	-0.0346512	-0.034229	-0.0397927	-0.0455498	-0.0411704	-0.041464	-0.0490994	-0.0510816	-0.0486177	-0.0465795	-0.0487113	-0.0507706	-0.0364261	-0.00660959	0.027469	0.079258	0.168731	0.295496	0.445523	0.589896	0.688822	0.721502	0.69157	0.603283	0.460098	0.274742	0.0553021	-0.201967	-0.484988	-0.747518	-0.937132	-1.03095	-1.03095	
0.955735	0.897891	0.779312	0.619757	0.457568	0.317932	0.200276	0.116806	0.0653465	0.0223652	-0.00142323	-0.0100701	-0.0190187	-0.0242035	-0.0292562	-0.0334481	-0.0370538	-0.0390357	-0.0378895	-0.0425455	-0.0450559	-0.0417149	-0.0459747	-0.0516012	-0.050333	-0.0484579	-0.0494368	-0.0544392	-0.054771	-0.0391752	-0.0175298	0.00503364	0.0498627	0.133055	0.251562	0.393972	0.534722	0.64244	0.702916	0.710403	0.652148	0.524464	0.341648	0.114159	-0.157244	-0.454249	-0.729026	-0.930892	-1.03396	-1.03396	
0.889077	0.816151	0.68457	0.524491	0.37432	0.242466	0.139634	0.0741595	0.0291705	-0.00142323	-0.0106143	-0.017501	-0.0290873	-0.0342507	-0.0350242	-0.0373416	-0.0406804	-0.0382524	-0.0386883	-0.0468696	-0.0460411	-0.0424977	-0.0487048	-0.0522019	-0.0500186	-0.0497958	-0.0532474	-0.0590013	-0.0561499	-0.041714	-0.029855	-0.0157393	0.0249771	0.101212	0.208645	0.339104	0.472474	0.588614	0.67781	0.721871	0.692744	0.581382	0.401821	0.166625	-0.115529	-0.418879	-0.697822	-0.907359	-1.01846	-1.01846	
0.836348	0.742887	0.596748	0.442317	0.30082	0.182125	0.0999439	0.0473713	0.0099939	-0.0100701	-0.017501	-0.0313232	-0.0394685	-0.0347715	-0.0348661	-0.040035	-0.0402759	-0.0390395	-0.0454573	-0.0487586	-0.0422051	-0.0441363	-0.0528005	-0.0525703	-0.0497642	-0.0517225	-0.0574653	-0.0620171	-0.0557787	-0.0455243	-0.0432282	-0.0333933	0.00499955	0.0727445	0.166341	0.281322	0.405267	0.530086	0.646803	0.723754	0.721645	0.627485	0.452515	0.211406	-0.0764642	-0.377871	-0.65282	-0.864631	-0.981363	-0.981363	
0.786281	0.67103	0.52186	0.375515	0.243037	0.141125	0.0730161	0.0255437	-0.00611004	-0.0190187	-0.0290873	-0.0394685	-0.0340937	-0.0314006	-0.0404471	-0.0436844	-0.0413776	-0.0426157	-0.0466077	-0.0448589	-0.0428912	-0.0503538	-0.0545948	-0.0506205	-0.0502542	-0.0553314	-0.0618006	-0.062697	-0.0547471	-0.0518095	-0.0565828	-0.0466596	-0.0104416	0.0466764	0.12418	0.221672	0.336166	0.469805	0.610036	0.713565	0.735398	0.6592	0.490956	0.247799	-0.0389608	-0.330109	-0.593426	-0.801316	-0.919827	-0.919827	
0.737052	0.606064	0.457148	0.314659	0.192736	0.105891	0.0459494	0.0049571	-0.0151477	-0.0242035	-0.0342507	-0.0347715	-0.0314006	-0.0411445	-0.0469191	-0.0418538	-0.039474	-0.0432606	-0.0478321	-0.046103	-0.046353	-0.0530213	-0.0533047	-0.0499488	-0.0531441	-0.0599342	-0.06436	-0.0609402	-0.0553671	-0.0610336	-0.0678856	-0.0548552	-0.0226814	0.02168	0.0819778	0.162076	0.26885	0.41031	0.567033	0.688881	0.730829	0.672982	0.514618	0.275816	-0.0013497	-0.274489	-0.519479	-0.716578	-0.831618	-0.831618	
0.682222	0.540364	0.391618	0.256131	0.149163	0.0756009	0.0237938	-0.00475943	-0.0185445	-0.0292562	-0.0350242	-0.0348661	-0.0404471	-0.0469191	-0.0414088	-0.0370693	-0.0425025	-0.0499187	-0.0493713	-0.04362	-0.0485149	-0.0560776	-0.0523623	-0.0505351	-0.0575621	-0.0639768	-0.064021	-0.0588126	-0.0599006	-0.0715482	-0.0748153	-0.058803	-0.033873	-0.00338809	0.0402442	0.105294	0.206946	0.353125	0.516768	0.64773	0.705351	0.665688	0.521601	0.296162	0.0382963	-0.210046	-0.43109	-0.610154	-0.715493	-0.715493	
0.621608	0.472032	0.328719	0.204127	0.113426	0.049864	0.00974608	-0.0107569	-0.0255025	-0.0334481	-0.0373416	-0.040035	-0.0436844	-0.0418538	-0.0370693	-0.0429087	-0.0511006	-0.0496627	-0.0428291	-0.0453611	-0.0566664	-0.0561053	-0.0489488	-0.0542257	-0.0634932	-0.0651436	-0.0614896	-0.0596272	-0.0683009	-0.0800223	-0.0765974	-0.0609863	-0.0460883	-0.0289442	0.000337189	0.0545396	0.15319	0.298354	0.457958	0.588953	0.65726	0.635078	0.511029	0.310074	0.0817168	-0.136061	-0.328426	-0.48234	-0.571608	-0.571608	
0.553531	0.405299	0.27016	0.159992	0.0834703	0.0296638	-0.000294383	-0.0205701	-0.0319373	-0.0370538	-0.0406804	-0.0402759	-0.0413776	-0.039474	-0.0425025	-0.0511006	-0.0490567	-0.0428655	-0.045467	-0.0552027	-0.0577836	-0.0499214	-0.0511308	-0.062255	-0.065934	-0.0627547	-0.0606476	-0.0650514	-0.0775499	-0.083847	-0.074907	-0.0643729	-0.0604933	-0.0545408	-0.0356119	0.012818	0.108604	0.24464	0.389504	0.512451	0.586047	0.580427	0.483373	0.318998	0.130008	-0.0521221	-0.211533	-0.334018	-0.401828	-0.401828	
0.485784	0.343781	0.216684	0.122291	0.0548001	0.0113827	-0.0139713	-0.0299748	-0.0346512	-0.0390357	-0.0382524	-0.0390395	-0.0426157	-0.0432606	-0.0499187	-0.0496627	-0.0428655	-0.0462096	-0.0536797	-0.0566672	-0.052744	-0.0504582	-0.0592207	-0.0662243	-0.0639129	-0.0615757	-0.0637778	-0.0730748	-0.0843321	-0.0828811	-0.0728309	-0.0712302	-0.0771887	-0.0788194	-0.0649499	-0.0180388	0.071905	0.189563	0.310947	0.419282	0.492735	0.503099	0.440584	0.324206	0.18331	0.0418463	-0.0803337	-0.166733	-0.209821	-0.209821	
0.417043	0.278479	0.164485	0.0838865	0.02761	-0.00362387	-0.0227579	-0.0298891	-0.034229	-0.0378895	-0.0386883	-0.0454573	-0.0466077	-0.0478321	-0.0493713	-0.0428291	-0.045467	-0.0536797	-0.0556337	-0.0550678	-0.0520498	-0.0551842	-0.0649029	-0.0663136	-0.0623893	-0.0630952	-0.0697686	-0.0814475	-0.0867304	-0.0787738	-0.0738188	-0.0827254	-0.095028	-0.0994398	-0.085299	-0.038466	0.0395554	0.130457	0.222783	0.311631	0.380233	0.406931	0.385958	0.326502	0.240758	0.145539	0.0651108	0.0171418	-0.00086896	-0.00086896	
0.343433	0.215577	0.121184	0.0543389	0.0132296	-0.0104171	-0.0246124	-0.031593	-0.0397927	-0.0425455	-0.0468696	-0.0487586	-0.0448589	-0.046103	-0.04362	-0.0453611	-0.0552027	-0.0566672	-0.0550678	-0.0531484	-0.0523198	-0.0624873	-0.0695318	-0.0639461	-0.0614665	-0.067829	-0.0785569	-0.0872182	-0.0835895	-0.075338	-0.0811189	-0.0980233	-0.111363	-0.113752	-0.0959095	-0.0517441	0.00664106	0.0653274	0.126483	0.192776	0.253632	0.298196	0.323739	0.326176	0.300775	0.258151	0.224026	0.214206	0.218653	0.218653	
0.278654	0.168312	0.0884552	0.0332305	0.000369102	-0.0216585	-0.0333468	-0.0417231	-0.0455498	-0.0450559	-0.0460411	-0.0422051	-0.0428912	-0.046353	-0.0485149	-0.0566664	-0.0577836	-0.052744	-0.0520498	-0.0523198	-0.061242	-0.0718417	-0.0659785	-0.0590623	-0.0661919	-0.0775182	-0.0860121	-0.0863148	-0.0779641	-0.0783303	-0.0951435	-0.113606	-0.123084	-0.120222	-0.0987077	-0.0635528	-0.0317155	-0.00653789	0.0243259	0.0671655	0.12026	0.18502	0.258601	0.323326	0.361598	0.378133	0.394169	0.419853	0.441995	0.441995	
0.218474	0.12242	0.053076	0.00922213	-0.0177845	-0.0329454	-0.0393185	-0.0427696	-0.0411704	-0.0417149	-0.0424977	-0.0441363	-0.0503538	-0.0530213	-0.0560776	-0.0561053	-0.0499214	-0.0504582	-0.0551842	-0.0624873	-0.0718417	-0.0669573	-0.0572754	-0.0646098	-0.0780971	-0.0849028	-0.0865574	-0.0809754	-0.0772439	-0.0903327	-0.111769	-0.125254	-0.128348	-0.119437	-0.0984855	-0.0806538	-0.0789341	-0.0843969	-0.0807651	-0.0594164	-0.0107453	0.0762988	0.195225	0.318509	0.42185	0.502843	0.571146	0.628234	0.66276	0.66276	
0.158896	0.0779034	0.0241906	-0.00730785	-0.0255785	-0.0332125	-0.0376025	-0.039562	-0.041464	-0.0459747	-0.0487048	-0.0528005	-0.0545948	-0.0533047	-0.0523623	-0.0489488	-0.0511308	-0.0592207	-0.0649029	-0.0695318	-0.0659785	-0.0572754	-0.063899	-0.0789321	-0.0845476	-0.0853066	-0.0831329	-0.0782535	-0.0859881	-0.107939	-0.125259	-0.13058	-0.127152	-0.114588	-0.102345	-0.108982	-0.135965	-0.166295	-0.185172	-0.179786	-0.129455	-0.0195936	0.138175	0.313464	0.480864	0.628242	0.748149	0.832426	0.875363	0.875363	
0.112265	0.0480361	0.00851559	-0.015239	-0.0282004	-0.0355238	-0.041331	-0.0447737	-0.0490994	-0.0516012	-0.0522019	-0.0525703	-0.0506205	-0.0499488	-0.0505351	-0.0542257	-0.062255	-0.0662243	-0.0663136	-0.0639461	-0.0590623	-0.0646098	-0.0789321	-0.0845449	-0.0841394	-0.084096	-0.0802192	-0.0832462	-0.1034	-0.124422	-0.131604	-0.129502	-0.121573	-0.111881	-0.118008	-0.151522	-0.20115	-0.249505	-0.284283	-0.285677	-0.226648	-0.0958638	0.092094	0.311521	0.538585	0.748853	0.916398	1.02484	1.07499	1.07499	
0.0765628	0.025936	-0.00545042	-0.0245636	-0.035286	-0.0427038	-0.0468923	-0.0494003	-0.0510816	-0.050333	-0.0500186	-0.0497642	-0.0502542	-0.0531441	-0.0575621	-0.0634932	-0.065934	-0.0639129	-0.0623893	-0.0614665	-0.0661919	-0.0780971	-0.0845476	-0.0841394	-0.0843119	-0.081665	-0.0820496	-0.0994478	-0.123099	-0.132742	-0.130266	-0.124211	-0.116572	-0.119702	-0.15082	-0.207103	-0.271155	-0.330682	-0.37208	-0.368712	-0.295382	-0.147707	0.0619888	0.317282	0.595055	0.85825	1.06637	1.1978	1.257	1.257	
0.0469561	0.00679854	-0.0181615	-0.0325434	-0.0409663	-0.0458116	-0.0476439	-0.0488005	-0.0486177	-0.0484579	-0.0497958	-0.0517225	-0.0553314	-0.0599342	-0.0639768	-0.0651436	-0.0627547	-0.0615757	-0.0630952	-0.067829	-0.0775182	-0.0849028	-0.0853066	-0.084096	-0.081665	-0.0817656	-0.0971738	-0.121837	-0.133864	-0.130869	-0.124851	-0.119049	-0.120005	-0.14558	-0.201014	-0.271248	-0.342204	-0.405295	-0.441182	-0.422013	-0.331975	-0.171933	0.0531651	0.335452	0.649789	0.95015	1.18956	1.34406	1.41602	1.41602	
0.0258998	-0.00562327	-0.0243356	-0.0346812	-0.040481	-0.0429748	-0.0442922	-0.0454285	-0.0465795	-0.0494368	-0.0532474	-0.0574653	-0.0618006	-0.06436	-0.064021	-0.0614896	-0.0606476	-0.0637778	-0.0697686	-0.0785569	-0.0860121	-0.0865574	-0.0831329	-0.0802192	-0.0820496	-0.0971738	-0.121313	-0.134551	-0.131453	-0.124755	-0.120222	-0.120464	-0.140776	-0.192099	-0.263475	-0.338579	-0.410201	-0.466748	-0.48405	-0.441892	-0.335782	-0.166193	0.0703678	0.369143	0.701474	1.01992	1.28014	1.4573	1.54517	1.54517	
0.0194932	-0.00436056	-0.0180963	-0.0261745	-0.0311749	-0.0348837	-0.0389795	-0.0434101	-0.0487113	-0.0544392	-0.0590013	-0.0620171	-0.062697	-0.0609402	-0.0588126	-0.0596272	-0.0650514	-0.0730748	-0.0814475	-0.0872182	-0.0863148	-0.0809754	-0.0782535	-0.0832462	-0.0994478	-0.121837	-0.134551	-0.131706	-0.124576	-0.120636	-0.121024	-0.137685	-0.18431	-0.254514	-0.330755	-0.404482	-0.469317	-0.506621	-0.495322	-0.428476	-0.30777	-0.128647	0.116104	0.418431	0.748341	1.0659	1.33592	1.53227	1.63598	1.63598	
0.0372487	0.0166603	0.00248351	-0.00858756	-0.0181669	-0.0274489	-0.0363242	-0.0442252	-0.0507706	-0.054771	-0.0561499	-0.0557787	-0.0547471	-0.0553671	-0.0599006	-0.0683009	-0.0775499	-0.0843321	-0.0867304	-0.0835895	-0.0779641	-0.0772439	-0.0859881	-0.1034	-0.123099	-0.133864	-0.131453	-0.124576	-0.120718	-0.121384	-0.136131	-0.178959	-0.24713	-0.323345	-0.396912	-0.463897	-0.510776	-0.517143	-0.47385	-0.384412	-0.248894	-0.0588159	0.188847	0.480056	0.78909	1.08991	1.35802	1.56498	1.67946	1.67946	
0.0749419	0.0506561	0.0306963	0.0135253	-0.001476	-0.014299	-0.0243811	-0.0317231	-0.0364261	-0.0391752	-0.041714	-0.0455243	-0.0518095	-0.0610336	-0.0715482	-0.0800223	-0.083847	-0.0828811	-0.0787738	-0.075338	-0.0783303	-0.0903327	-0.107939	-0.124422	-0.132742	-0.130869	-0.124755	-0.120636	-0.121384	-0.135677	-0.176298	-0.242417	-0.317975	-0.390777	-0.457486	-0.508431	-0.524656	-0.494786	-0.422392	-0.312317	-0.159863	0.0405443	0.282344	0.548638	0.823731	1.09625	1.3495	1.55291	1.66821	1.66821	
0.130877	0.102495	0.0784965	0.0580764	0.0407595	0.0263321	0.014245	0.00357636	-0.00660959	-0.0175298	-0.029855	-0.0432282	-0.0565828	-0.0678856	-0.0748153	-0.0765974	-0.074907	-0.0728309	-0.0738188	-0.0811189	-0.0951435	-0.111769	-0.125259	-0.131604	-0.130266	-0.124851	-0.120222	-0.121024	-0.136131	-0.176298	-0.240807	-0.315196	-0.386994	-0.452661	-0.504934	-0.526645	-0.504794	-0.44157	-0.34456	-0.213275	-0.0430106	0.161977	0.386978	0.618765	0.853495	1.08955	1.31357	1.49554	1.59898	1.59898	
0.224887	0.194631	0.167447	0.14236	0.118668	0.0957906	0.0731069	0.0503238	0.027469	0.00503364	-0.0157393	-0.0333933	-0.0466596	-0.0548552	-0.058803	-0.0609863	-0.0643729	-0.0712302	-0.0827254	-0.0980233	-0.113606	-0.125254	-0.13058	-0.129502	-0.124211	-0.119049	-0.120464	-0.137685	-0.178959	-0.242417	-0.315196	-0.385729	-0.45017	-0.502363	-0.526833	-0.509936	-0.452153	-0.361945	-0.241811	-0.0883823	0.0951016	0.294025	0.4928	0.686542	0.879451	1.07226	1.25235	1.39521	1.47479	1.47479	
0.35979	0.325027	0.290346	0.255173	0.21939	0.183186	0.147113	0.112099	0.079258	0.0498627	0.0249771	0.00499955	-0.0104416	-0.0226814	-0.033873	-0.0460883	-0.0604933	-0.0771887	-0.095028	-0.111363	-0.123084	-0.128348	-0.127152	-0.121573	-0.116572	-0.120005	-0.140776	-0.18431	-0.24713	-0.317975	-0.386994	-0.45017	-0.501448	-0.526674	-0.512507	-0.458199	-0.372006	-0.258108	-0.11418	0.0575479	0.243112	0.424473	0.592416	0.749383	0.900415	1.04325	1.16691	1.25774	1.30554	1.30554	
0.507625	0.468451	0.427181	0.383994	0.339491	0.294575	0.250383	0.208087	0.168731	0.133055	0.101212	0.0727445	0.0466764	0.02168	-0.00338809	-0.0289442	-0.0545408	-0.0788194	-0.0994398	-0.113752	-0.120222	-0.119437	-0.114588	-0.111881	-0.119702	-0.14558	-0.192099	-0.254514	-0.323345	-0.390777	-0.452661	-0.502363	-0.526674	-0.5133	-0.461041	-0.377507	-0.267533	-0.129529	0.0351563	0.213912	0.387846	0.544198	0.681665	0.804123	0.911568	0.998261	1.05852	1.09269	1.10685	1.10685	
0.640439	0.604649	0.565476	0.523318	0.478865	0.432993	0.38663	0.340598	0.295496	0.251562	0.208645	0.166341	0.12418	0.0819778	0.0402442	0.000337189	-0.0356119	-0.0649499	-0.085299	-0.0959095	-0.0987077	-0.0984855	-0.102345	-0.118008	-0.15082	-0.201014	-0.263475	-0.330755	-0.396912	-0.457486	-0.504934	-0.526833	-0.512507	-0.461041	-0.379283	-0.271971	-0.137982	0.0218299	0.196277	0.36687	0.519055	0.648684	0.757598	0.845038	0.905075	0.932436	0.930332	0.912502	0.897198	0.897198	
0.733072	0.710717	0.684105	0.653335	0.61865	0.580346	0.538663	0.493724	0.445523	0.393972	0.339104	0.281322	0.221672	0.162076	0.105294	0.0545396	0.012818	-0.0180388	-0.038466	-0.0517441	-0.0635528	-0.0806538	-0.108982	-0.151522	-0.207103	-0.271248	-0.338579	-0.404482	-0.463897	-0.508431	-0.526645	-0.509936	-0.458199	-0.377507	-0.271971	-0.140711	0.0154613	0.186407	0.354589	0.505001	0.631946	0.735929	0.8155	0.863687	0.872868	0.843405	0.78841	0.730806	0.694487	0.694487	
0.760799	0.760199	0.755105	0.74483	0.728643	0.705758	0.675387	0.636875	0.589896	0.534722	0.472474	0.405267	0.336166	0.26885	0.206946	0.15319	0.108604	0.071905	0.0395554	0.00664106	-0.0317155	-0.0789341	-0.135965	-0.20115	-0.271155	-0.342204	-0.410201	-0.469317	-0.510776	-0.524656	-0.504794	-0.452153	-0.372006	-0.267533	-0.137982	0.0154613	0.183189	0.348726	0.497429	0.622993	0.725235	0.80256	0.847712	0.851366	0.810325	0.733509	0.641488	0.56026	0.51295	0.51295	
0.71431	0.737269	0.755565	0.767665	0.771998	0.767107	0.751857	0.725685	0.688822	0.64244	0.588614	0.530086	0.469805	0.41031	0.353125	0.298354	0.24464	0.189563	0.130457	0.0653274	-0.00653789	-0.0843969	-0.166295	-0.249505	-0.330682	-0.405295	-0.466748	-0.506621	-0.517143	-0.494786	-0.44157	-0.361945	-0.258108	-0.129529	0.0218299	0.186407	0.348726	0.49499	0.6189	0.719928	0.796525	0.841716	0.845661	0.802988	0.718929	0.61	0.499434	0.410565	0.361359	0.361359	
0.593977	0.632381	0.666573	0.695129	0.716782	0.730555	0.735896	0.732742	0.721502	0.702916	0.67781	0.646803	0.610036	0.567033	0.516768	0.457958	0.389504	0.310947	0.222783	0.126483	0.0243259	-0.0807651	-0.185172	-0.284283	-0.37208	-0.441182	-0.48405	-0.495322	-0.47385	-0.422392	-0.34456	-0.241811	-0.11418	0.0351563	0.196277	0.354589	0.497429	0.6189	0.718275	0.793964	0.839366	0.84481	0.804056	0.720139	0.606504	0.483222	0.371161	0.287317	0.242778	0.242778	
0.40495	0.44918	0.491827	0.532415	0.570573	0.605992	0.638342	0.667134	0.69157	0.710403	0.721871	0.723754	0.713565	0.688881	0.64773	0.588953	0.512451	0.419282	0.311631	0.192776	0.0671655	-0.0594164	-0.179786	-0.285677	-0.368712	-0.422013	-0.441892	-0.428476	-0.384412	-0.312317	-0.213275	-0.0883823	0.0575479	0.213912	0.36687	0.505001	0.622993	0.719928	0.793964	0.838709	0.8449	0.806182	0.724524	0.611508	0.485014	0.363779	0.262884	0.191906	0.155577	0.155577	
0.174523	0.22257	0.27274	0.325101	0.379555	0.435713	0.492748	0.549275	0.603283	0.652148	0.692744	0.721645	0.735398	0.730829	0.705351	0.65726	0.586047	0.492735	0.380233	0.253632	0.12026	-0.0107453	-0.129455	-0.226648	-0.295382	-0.331975	-0.335782	-0.30777	-0.248894	-0.159863	-0.0430106	0.0951016	0.243112	0.387846	0.519055	0.631946	0.725235	0.796525	0.839366	0.8449	0.807044	0.72737	0.616365	0.490486	0.367081	0.259947	0.177303	0.122312	0.0951251	0.0951251	
-0.0560721	-0.00294232	0.0545353	0.116221	0.181707	0.250236	0.320641	0.391297	0.460098	0.524464	0.581382	0.627485	0.6592	0.672982	0.665688	0.635078	0.580427	0.503099	0.406931	0.298196	0.18502	0.0762988	-0.0195936	-0.0958638	-0.147707	-0.171933	-0.166193	-0.128647	-0.0588159	0.0405443	0.161977	0.294025	0.424473	0.544198	0.648684	0.735929	0.80256	0.841716	0.84481	0.806182	0.72737	0.618187	0.494041	0.371253	0.262815	0.176254	0.113843	0.0743941	0.0555222	0.0555222	
-0.262721	-0.20763	-0.14745	-0.0826654	-0.0140115	0.0575048	0.130589	0.203641	0.274742	0.341648	0.401821	0.452515	0.490956	0.514618	0.521601	0.511029	0.483373	0.440584	0.385958	0.323739	0.258601	0.195225	0.138175	0.092094	0.0619888	0.0531651	0.0703678	0.116104	0.188847	0.282344	0.386978	0.4928	0.592416	0.681665	0.757598	0.8155	0.847712	0.845661	0.804056	0.724524	0.616365	0.494041	0.372892	0.265193	0.178052	0.113425	0.0695984	0.0431946	0.0309545	0.0309545	
-0.435202	-0.385913	-0.33109	-0.2714	-0.20783	-0.141682	-0.0745456	-0.00823788	0.0553021	0.114159	0.166625	0.211406	0.247799	0.275816	0.296162	0.310074	0.318998	0.324206	0.326502	0.326176	0.323326	0.318509	0.313464	0.311521	0.317282	0.335452	0.369143	0.418431	0.480056	0.548638	0.618765	0.686542	0.749383	0.804123	0.845038	0.863687	0.851366	0.802988	0.720139	0.611508	0.490486	0.371253	0.265193	0.178929	0.114243	0.0693271	0.0405344	0.0239535	0.016496	0.016496	
-0.556942	-0.52371	-0.485457	-0.442772	-0.396556	-0.34799	-0.298443	-0.249341	-0.201967	-0.157244	-0.115529	-0.0764642	-0.0389608	-0.0013497	0.0382963	0.0817168	0.130008	0.18331	0.240758	0.300775	0.361598	0.42185	0.480864	0.538585	0.595055	0.649789	0.701474	0.748341	0.78909	0.823731	0.853495	0.879451	0.900415	0.911568	0.905075	0.872868	0.810325	0.718929	0.606504	0.485014	0.367081	0.262815	0.178052	0.114243	0.0695357	0.0402994	0.0225121	0.0126978	0.00841087	0.00841087	
-0.619394	-0.612281	-0.602408	-0.589777	-0.574422	-0.55637	-0.535586	-0.511909	-0.484988	-0.454249	-0.418879	-0.377871	-0.330109	-0.274489	-0.210046	-0.136061	-0.0521221	0.0418463	0.145539	0.258151	0.378133	0.502843	0.628242	0.748853	0.85825	0.95015	1.01992	1.0659	1.08991	1.09625	1.08955	1.07226	1.04325	0.998261	0.932436	0.843405	0.733509	0.61	0.483222	0.363779	0.259947	0.176254	0.113425	0.0693271	0.0402994	0.0223485	0.0119531	0.0064481	0.00411114	0.00411114	
-0.643487	-0.66596	-0.688209	-0.709342	-0.728171	-0.743214	-0.752731	-0.754815	-0.747518	-0.729026	-0.697822	-0.65282	-0.593426	-0.519479	-0.43109	-0.328426	-0.211533	-0.0803337	0.0651108	0.224026	0.394169	0.571146	0.748149	0.916398	1.06637	1.18956	1.28014	1.33592	1.35802	1.3495	1.31357	1.25235	1.16691	1.05852	0.930332	0.78841	0.641488	0.499434	0.371161	0.262884	0.177303	0.113843	0.0695984	0.0405344	0.0225121	0.0119531	0.00612611	0.00316328	0.00194109	0.00194109	
-0.659411	-0.704611	-0.750522	-0.795708	-0.838368	-0.876356	-0.907238	-0.928389	-0.937132	-0.930892	-0.907359	-0.864631	-0.801316	-0.716578	-0.610154	-0.48234	-0.334018	-0.166733	0.0171418	0.214206	0.419853	0.628234	0.832426	1.02484	1.1978	1.34406	1.4573	1.53227	1.56498	1.55291	1.49554	1.39521	1.25774	1.09269	0.912502	0.730806	0.56026	0.410565	0.287317	0.191906	0.122312	0.0743941	0.0431946	0.0239535	0.0126978	0.0064481	0.00316328	0.00156151	0.000920364	0.000920364	
-0.673284	-0.7293	-0.785723	-0.841056	-0.893546	-0.941177	-0.981679	-1.01253	-1.03095	-1.03396	-1.01846	-0.981363	-0.919827	-0.831618	-0.715493	-0.571608	-0.401828	-0.209821	-0.00086896	0.218653	0.441995	0.66276	0.875363	1.07499	1.257	1.41602	1.54517	1.63598	1.67946	1.66821	1.59898	1.47479	1.30554	1.10685	0.897198	0.694487	0.51295	0.361359	0.242778	0.155577	0.0951251	0.0555222	0.0309545	0.016496	0.00841087	0.00411114	0.00194109	0.000920364	0.000522576	0.000522576	
-0.673284	-0.7293	-0.785723	-0.841056	-0.893546	-0.941177	-0.981679	-1.01253	-1.03095	-1.03396	-1.01846	-0.981363	-0.919827	-0.831618	-0.715493	-0.571608	-0.401828	-0.209821	-0.00086896	0.218653	0.441995	0.66276	0.875363	1.07499	1.257	1.41602	1.54517	1.63598	1.67946	1.66821	1.59898	1.47479	1.30554	1.10685	0.897198	0.694487	0.51295	0.361359	0.242778	0.155577	0.0951251	0.0555222	0.0309545	0.016496	0.00841087	0.00411114	0.00194109	0.000920364	0.000522576	0.000522576	
