1.65827e-13	1.06476e-14	6.12714e-16	3.17445e-17	1.48702e-18	6.32236e-20	2.4485e-21	8.66551e-23	2.811e-24	8.38104e-26	2.30253e-27	5.84244e-29	1.37215e-30	2.98874e-32	6.04854e-34	1.13925e-35	2.00022e-37	3.27826e-39	5.02225e-41	7.20064e-43	9.6728e-45	1.21868e-46	1.44144e-48	1.60195e-50	1.67412e-52	1.64637e-54	1.52457e-56	1.33014e-58	1.09396e-60	8.48499e-63	6.20896e-65	4.28788e-67	2.79536e-69	1.72066e-71	1.00017e-73	5.49056e-76	2.84662e-78	1.39379e-80	6.44431e-83	2.81317e-85	1.15919e-87	4.50734e-90	1.65322e-92	5.71728e-95	1.86321e-97	5.71847e-100	1.6517e-102	4.48597e-105	1.14734e-107	1.14734e-107	
1.06476e-14	6.49047e-16	3.55285e-17	1.75412e-18	7.84289e-20	3.18737e-21	1.18143e-22	4.00649e-24	1.24665e-25	3.56865e-27	9.42105e-29	2.29883e-30	5.1955e-32	1.08966e-33	2.12453e-35	3.85702e-37	6.52993e-39	1.03237e-40	1.52612e-42	2.11192e-44	2.73887e-46	3.33196e-48	3.8059e-50	4.08509e-52	4.12345e-54	3.91676e-56	3.5032e-58	2.95195e-60	2.34457e-62	1.75594e-64	1.2405e-66	8.26896e-69	5.20196e-71	3.089e-73	1.7316e-75	9.16379e-78	4.57815e-80	2.15901e-82	9.60962e-85	4.03596e-87	1.59901e-89	5.97397e-92	2.10372e-94	6.97912e-97	2.17988e-99	6.40586e-102	1.76963e-104	4.59145e-107	1.12024e-109	1.12024e-109	
6.12714e-16	3.55285e-17	1.85328e-18	8.73328e-20	3.73222e-21	1.45164e-22	5.1555e-24	1.67693e-25	5.0095e-27	1.3779e-28	3.49788e-30	8.21299e-32	1.7872e-33	3.61097e-35	6.78564e-37	1.18784e-38	1.93978e-40	2.95908e-42	4.22184e-44	5.64001e-46	7.06223e-48	8.29657e-50	9.15222e-52	9.48784e-54	9.24975e-56	8.48579e-58	7.32995e-60	5.96451e-62	4.57407e-64	3.3071e-66	2.25497e-68	1.45041e-70	8.80194e-73	5.04029e-75	2.72363e-77	1.38884e-79	6.68253e-82	3.03356e-84	1.29897e-86	5.2452e-89	1.99658e-91	7.16121e-94	2.41902e-96	7.691e-99	2.29993e-101	6.4638e-104	1.70571e-106	4.22198e-109	9.81195e-112	9.81195e-112	
3.17445e-17	1.75412e-18	8.73328e-20	3.93352e-21	1.60877e-22	5.99525e-24	2.04218e-25	6.37704e-27	1.83039e-28	4.84108e-30	1.1825e-31	2.67319e-33	5.60363e-35	1.09118e-36	1.97707e-38	3.33816e-40	5.25968e-42	7.7435e-44	1.06648e-45	1.37557e-47	1.66323e-49	1.88696e-51	2.01033e-53	2.01277e-55	1.89511e-57	1.67899e-59	1.40046e-61	1.10026e-63	8.14522e-66	5.68373e-68	3.73943e-70	2.32011e-72	1.35769e-74	7.49412e-77	3.90185e-79	1.91615e-81	8.87449e-84	3.87553e-86	1.59543e-88	6.18924e-91	2.26167e-93	7.78096e-96	2.51881e-98	7.66685e-101	2.19257e-103	5.88593e-106	1.48168e-108	3.49353e-111	7.72099e-114	7.72099e-114	
1.48702e-18	7.84289e-20	3.73222e-21	1.60877e-22	6.30413e-24	2.25323e-25	7.36823e-27	2.21066e-28	6.10112e-30	1.55261e-31	3.65124e-33	7.95103e-35	1.60629e-36	3.01575e-38	5.27018e-40	8.58524e-42	1.30546e-43	1.85523e-45	2.46688e-47	3.07235e-49	3.5874e-51	3.93052e-53	4.04414e-55	3.91034e-57	3.55542e-59	3.04159e-61	2.44939e-63	1.85758e-65	1.32717e-67	8.9355e-70	5.67056e-72	3.39248e-74	1.91354e-76	1.01765e-78	5.1025e-81	2.41185e-83	1.07454e-85	4.51119e-88	1.78409e-90	6.64394e-93	2.32865e-95	7.67714e-98	2.37914e-100	6.92511e-103	1.89161e-105	4.84388e-108	1.16148e-110	2.60447e-113	5.46419e-116	5.46419e-116	
6.32236e-20	3.18737e-21	1.45164e-22	5.99525e-24	2.25323e-25	7.7313e-27	2.42907e-28	7.00734e-30	1.86075e-31	4.55881e-33	1.03269e-34	2.16723e-36	4.22123e-38	7.64366e-40	1.28873e-41	2.02598e-43	2.97365e-45	4.07987e-47	5.23817e-49	6.29979e-51	7.10368e-53	7.51643e-55	7.46854e-57	6.97346e-59	6.1222e-61	5.0564e-63	3.9305e-65	2.8767e-67	1.98299e-69	1.28776e-71	7.87985e-74	4.54382e-76	2.46926e-78	1.26459e-80	6.10279e-83	2.77484e-85	1.18844e-87	4.79304e-90	1.81958e-92	6.49906e-95	2.18274e-97	6.88876e-100	2.04141e-102	5.67529e-105	1.47869e-107	3.60663e-110	8.2243e-113	1.75079e-115	3.48009e-118	3.48009e-118	
2.4485e-21	1.18143e-22	5.1555e-24	2.04218e-25	7.36823e-27	2.42907e-28	7.33802e-30	2.03674e-31	5.20684e-33	1.22878e-34	2.68248e-36	5.42743e-38	1.01956e-39	1.78113e-41	2.89796e-43	4.39745e-45	6.23114e-47	8.25458e-49	1.02339e-50	1.18858e-52	1.29429e-54	1.32251e-56	1.26892e-58	1.14398e-60	9.69596e-63	7.72971e-65	5.7985e-67	4.09449e-69	2.7223e-71	1.70456e-73	1.0053e-75	5.58488e-78	2.9226e-80	1.44056e-82	6.68717e-85	2.92285e-87	1.20253e-89	4.65534e-92	1.695e-94	5.80108e-97	1.86505e-99	5.62837e-102	1.59298e-104	4.22413e-107	1.04827e-109	2.43144e-112	5.26348e-115	1.06167e-117	1.99507e-120	1.99507e-120	
8.66551e-23	4.00649e-24	1.67693e-25	6.37704e-27	2.21066e-28	7.00734e-30	2.03674e-31	5.44245e-33	1.34019e-34	3.04792e-36	6.41484e-38	1.25176e-39	2.26857e-41	3.82443e-43	6.00607e-45	8.79838e-47	1.20374e-48	1.53981e-50	1.8435e-52	2.0676e-54	2.17421e-56	2.14522e-58	1.98733e-60	1.72965e-62	1.41501e-64	1.0886e-66	7.87857e-69	5.36576e-71	3.4397e-73	2.07581e-75	1.17944e-77	6.30945e-80	3.17774e-82	1.50661e-84	6.72287e-87	2.82267e-89	1.1147e-91	4.13866e-94	1.44387e-96	4.73026e-99	1.45415e-101	4.19109e-104	1.13139e-106	2.85743e-109	6.74318e-112	1.48475e-114	3.0453e-117	5.80753e-120	1.02929e-122	1.02929e-122	
2.811e-24	1.24665e-25	5.0095e-27	1.83039e-28	6.10112e-30	1.86075e-31	5.20684e-33	1.34019e-34	3.18034e-36	6.97314e-38	1.41542e-39	2.66459e-41	4.66001e-43	7.58266e-45	1.14959e-46	1.62598e-48	2.14805e-50	2.65339e-52	3.06767e-54	3.32242e-56	3.37353e-58	3.21373e-60	2.87412e-62	2.41442e-64	1.90609e-66	1.41472e-68	9.87511e-71	6.48443e-73	4.00629e-75	2.32919e-77	1.27433e-79	6.56087e-82	3.17833e-84	1.44849e-86	6.20871e-89	2.50211e-91	9.47637e-94	3.37119e-96	1.12579e-98	3.52654e-101	1.03535e-103	2.84612e-106	7.31751e-109	1.75739e-111	3.93683e-114	8.2128e-117	1.59259e-119	2.86468e-122	4.7758e-125	4.7758e-125	
8.38104e-26	3.56865e-27	1.3779e-28	4.84108e-30	1.55261e-31	4.55881e-33	1.22878e-34	3.04792e-36	6.97314e-38	1.47454e-39	2.88748e-41	5.2455e-43	8.85445e-45	1.39088e-46	2.03595e-48	2.78055e-50	3.54714e-52	4.23118e-54	4.72374e-56	4.93995e-58	4.84285e-60	4.45365e-62	3.84438e-64	3.11642e-66	2.37355e-68	1.69907e-70	1.14346e-72	7.23642e-75	4.30708e-77	2.41118e-79	1.26958e-81	6.287e-84	2.92757e-86	1.28159e-88	5.2726e-91	2.03778e-93	7.39481e-96	2.51806e-98	8.04018e-101	2.40526e-103	6.73506e-106	1.76329e-108	4.31088e-111	9.82766e-114	2.08581e-116	4.11382e-119	7.52418e-122	1.27318e-124	1.99062e-127	1.99062e-127	
2.30253e-27	9.42105e-29	3.49788e-30	1.1825e-31	3.65124e-33	1.03269e-34	2.68248e-36	6.41484e-38	1.41542e-39	2.88748e-41	5.45638e-43	9.56727e-45	1.55903e-46	2.36447e-48	3.34196e-50	4.40737e-52	5.42937e-54	6.2538e-56	6.74148e-58	6.80668e-60	6.44167e-62	5.71771e-64	4.76265e-66	3.72465e-68	2.73594e-70	1.88822e-72	1.2247e-74	7.46648e-77	4.27909e-79	2.3054e-81	1.16755e-83	5.55747e-86	2.48575e-88	1.04444e-90	4.12081e-93	1.52595e-95	5.3003e-98	1.72567e-100	5.26206e-103	1.50136e-105	4.00379e-108	9.96733e-111	2.31309e-113	4.99592e-116	1.00244e-118	1.86476e-121	3.20837e-124	5.09189e-127	7.44138e-130	7.44138e-130	
5.84244e-29	2.29883e-30	8.21299e-32	2.67319e-33	7.95103e-35	2.16723e-36	5.42743e-38	1.25176e-39	2.66459e-41	5.2455e-43	9.56727e-45	1.61943e-46	2.54788e-48	3.73118e-50	5.09243e-52	6.48519e-54	7.71439e-56	8.57982e-58	8.92955e-60	8.70343e-62	7.94985e-64	6.80918e-66	5.47172e-68	4.127e-70	2.92269e-72	1.94398e-74	1.21464e-76	7.13025e-79	3.93263e-81	2.03784e-83	9.92001e-86	4.5355e-88	1.94709e-90	7.84561e-93	2.96582e-95	1.05121e-97	3.49108e-100	1.08545e-102	3.1567e-105	8.57756e-108	2.17505e-110	5.13973e-113	1.13002e-115	2.30739e-118	4.36666e-121	7.64107e-124	1.23303e-126	1.82927e-129	2.48929e-132	2.48929e-132	
1.37215e-30	5.1955e-32	1.7872e-33	5.60363e-35	1.60629e-36	4.22123e-38	1.01956e-39	2.26857e-41	4.66001e-43	8.85445e-45	1.55903e-46	2.54788e-48	3.87063e-50	5.47345e-52	7.21368e-54	8.87077e-56	1.01887e-57	1.09404e-59	1.09917e-61	1.03401e-63	9.11388e-66	7.53074e-68	5.83629e-70	4.24397e-72	2.89654e-74	1.85593e-76	1.11657e-78	6.30783e-81	3.34615e-83	1.66664e-85	7.79274e-88	3.41962e-90	1.40782e-92	5.43505e-95	1.96654e-97	6.66425e-100	2.11354e-102	6.26729e-105	1.7358e-107	4.48479e-110	1.07946e-112	2.4166e-115	5.02291e-118	9.67317e-121	1.722e-123	2.82611e-126	4.26297e-129	5.88945e-132	7.43033e-135	7.43033e-135	
2.98874e-32	1.08966e-33	3.61097e-35	1.09118e-36	3.01575e-38	7.64366e-40	1.78113e-41	3.82443e-43	7.58266e-45	1.39088e-46	2.36447e-48	3.73118e-50	5.47345e-52	7.47406e-54	9.5117e-56	1.12938e-57	1.25238e-59	1.29815e-61	1.25879e-63	1.14268e-65	9.71619e-68	7.7428e-70	5.7852e-72	4.05423e-74	2.66555e-76	1.64449e-78	9.52113e-81	5.17329e-83	2.63778e-85	1.26193e-87	5.66312e-90	2.38314e-92	9.40004e-95	3.47345e-97	1.2016e-99	3.8886e-102	1.17616e-104	3.32145e-107	8.74691e-110	2.14512e-112	4.89144e-115	1.03522e-117	2.02936e-120	3.67623e-123	6.13781e-126	9.41601e-129	1.32264e-131	1.69425e-134	1.97184e-137	1.97184e-137	
6.04854e-34	2.12453e-35	6.78564e-37	1.97707e-38	5.27018e-40	1.28873e-41	2.89796e-43	6.00607e-45	1.14959e-46	2.03595e-48	3.34196e-50	5.09243e-52	7.21368e-54	9.5117e-56	1.16879e-57	1.33985e-59	1.43425e-61	1.43487e-63	1.3426e-65	1.17573e-67	9.64153e-70	7.40742e-72	5.33384e-74	3.60079e-76	2.27948e-78	1.35336e-80	7.53614e-83	3.93577e-85	1.92752e-87	8.85043e-90	3.80879e-92	1.53563e-94	5.79747e-97	2.04818e-99	6.76621e-102	2.08828e-104	6.01519e-107	1.61515e-109	4.03729e-112	9.38003e-115	2.02202e-117	4.03601e-120	7.44222e-123	1.26441e-125	1.97329e-128	2.81898e-131	3.67142e-134	4.33877e-137	4.63118e-140	4.63118e-140	
1.13925e-35	3.85702e-37	1.18784e-38	3.33816e-40	8.58524e-42	2.02598e-43	4.39745e-45	8.79838e-47	1.62598e-48	2.78055e-50	4.40737e-52	6.48519e-54	8.87077e-56	1.12938e-57	1.33985e-59	1.48268e-61	1.53184e-63	1.47878e-65	1.33484e-67	1.12734e-69	8.91274e-72	6.59907e-74	4.57742e-76	2.97534e-78	1.81261e-80	1.03504e-82	5.5398e-85	2.77889e-87	1.30618e-89	5.75134e-92	2.37134e-94	9.15087e-97	3.303e-99	1.11433e-101	3.51074e-104	1.03187e-106	2.82609e-109	7.20271e-112	1.70563e-114	3.7462e-117	7.61618e-120	1.42997e-122	2.47294e-125	3.92724e-128	5.70734e-131	7.55958e-134	9.08309e-137	9.84538e-140	9.57209e-143	9.57209e-143	
2.00022e-37	6.52993e-39	1.93978e-40	5.25968e-42	1.30546e-43	2.97365e-45	6.23114e-47	1.20374e-48	2.14805e-50	3.54714e-52	5.42937e-54	7.71439e-56	1.01887e-57	1.25238e-59	1.43425e-61	1.53184e-63	1.52715e-65	1.42221e-67	1.23809e-69	1.00808e-71	7.68067e-74	5.47815e-76	3.65871e-78	2.28861e-80	1.34095e-82	7.35978e-85	3.78351e-87	1.82152e-89	8.21041e-92	3.46361e-94	1.36685e-96	5.0429e-99	1.7382e-101	5.59251e-104	1.67793e-106	4.68918e-109	1.21899e-111	2.9432e-114	6.58867e-117	1.36479e-119	2.60993e-122	4.5957e-125	7.4289e-128	1.0986e-130	1.48028e-133	1.80883e-136	1.99341e-139	1.96825e-142	1.72879e-145	1.72879e-145	
3.27826e-39	1.03237e-40	2.95908e-42	7.7435e-44	1.85523e-45	4.07987e-47	8.25458e-49	1.53981e-50	2.65339e-52	4.23118e-54	6.2538e-56	8.57982e-58	1.09404e-59	1.29815e-61	1.43487e-63	1.47878e-65	1.42221e-67	1.27735e-69	1.07205e-71	8.41209e-74	6.17405e-76	4.23995e-78	2.72509e-80	1.63945e-82	9.23283e-85	4.86719e-87	2.40142e-89	1.10867e-91	4.78774e-94	1.93312e-96	7.29355e-99	2.56962e-101	8.44674e-104	2.58807e-106	7.38306e-109	1.95839e-111	4.82292e-114	1.10082e-116	2.32409e-119	4.5283e-122	8.12138e-125	1.3367e-127	2.01207e-130	2.75875e-133	3.42929e-136	3.84342e-139	3.85831e-142	3.44197e-145	2.7042e-148	2.7042e-148	
5.02225e-41	1.52612e-42	4.22184e-44	1.06648e-45	2.46688e-47	5.23817e-49	1.02339e-50	1.8435e-52	3.06767e-54	4.72374e-56	6.74148e-58	8.92955e-60	1.09917e-61	1.25879e-63	1.3426e-65	1.33484e-67	1.23809e-69	1.07205e-71	8.67091e-74	6.55416e-76	4.63167e-78	3.06093e-80	1.8921e-82	1.0941e-84	5.91814e-87	2.99424e-89	1.41667e-91	6.26613e-94	2.58994e-96	9.99783e-99	3.60208e-101	1.21027e-103	3.78861e-106	1.10372e-108	2.98852e-111	7.50973e-114	1.7483e-116	3.76339e-119	7.47358e-122	1.36565e-124	2.28936e-127	3.50874e-130	4.89682e-133	6.19394e-136	7.06178e-139	7.20952e-142	6.53896e-145	5.21822e-148	3.62218e-151	3.62218e-151	
7.20064e-43	2.11192e-44	5.64001e-46	1.37557e-47	3.07235e-49	6.29979e-51	1.18858e-52	2.0676e-54	3.32242e-56	4.93995e-58	6.80668e-60	8.70343e-62	1.03401e-63	1.14268e-65	1.17573e-67	1.12734e-69	1.00808e-71	8.41209e-74	6.55416e-76	4.77005e-78	3.24391e-80	2.06184e-82	1.22502e-84	6.80366e-87	3.53206e-89	1.71365e-91	7.76783e-94	3.28844e-96	1.29947e-98	4.79014e-101	1.64587e-103	5.26621e-106	1.56742e-108	4.3341e-111	1.11173e-113	2.64087e-116	5.79823e-119	1.174e-121	2.18647e-124	3.73448e-127	5.82956e-130	8.2837e-133	1.06652e-135	1.2373e-138	1.28499e-141	1.18525e-144	9.61643e-148	6.78076e-151	4.09396e-154	4.09396e-154	
9.6728e-45	2.73887e-46	7.06223e-48	1.66323e-49	3.5874e-51	7.10368e-53	1.29429e-54	2.17421e-56	3.37353e-58	4.84285e-60	6.44167e-62	7.94985e-64	9.11388e-66	9.71619e-68	9.64153e-70	8.91274e-72	7.68067e-74	6.17405e-76	4.63167e-78	3.24391e-80	2.12171e-82	1.29618e-84	7.39676e-87	3.94274e-89	1.9628e-91	9.12352e-94	3.95822e-96	1.60205e-98	6.04528e-101	2.12518e-103	6.95366e-106	2.11547e-108	5.97621e-111	1.56546e-113	3.79595e-116	8.50397e-119	1.75622e-121	3.33483e-124	5.80529e-127	9.23296e-130	1.33627e-132	1.75171e-135	2.06851e-138	2.18593e-141	2.05106e-144	1.69235e-147	1.21323e-150	7.4415e-154	3.82851e-157	3.82851e-157	
1.21868e-46	3.33196e-48	8.29657e-50	1.88696e-51	3.93052e-53	7.51643e-55	1.32251e-56	2.14522e-58	3.21373e-60	4.45365e-62	5.71771e-64	6.80918e-66	7.53074e-68	7.7428e-70	7.40742e-72	6.59907e-74	5.47815e-76	4.23995e-78	3.06093e-80	2.06184e-82	1.29618e-84	7.60563e-87	4.16549e-89	2.12919e-91	1.01551e-93	4.51783e-96	1.87392e-98	7.24253e-101	2.60632e-103	8.72524e-106	2.71446e-108	7.83804e-111	2.09762e-113	5.19421e-116	1.18782e-118	2.50299e-121	4.84771e-124	8.6041e-127	1.39471e-129	2.05659e-132	2.74586e-135	3.30137e-138	3.55109e-141	3.39045e-144	2.84574e-147	2.07469e-150	1.29377e-153	6.76262e-157	2.88266e-160	2.88266e-160	
1.44144e-48	3.8059e-50	9.15222e-52	2.01033e-53	4.04414e-55	7.46854e-57	1.26892e-58	1.98733e-60	2.87412e-62	3.84438e-64	4.76265e-66	5.47172e-68	5.83629e-70	5.7852e-72	5.33384e-74	4.57742e-76	3.65871e-78	2.72509e-80	1.8921e-82	1.22502e-84	7.39676e-87	4.16549e-89	2.1877e-91	1.07134e-93	4.89054e-96	2.08011e-98	8.23893e-101	3.03672e-103	1.04067e-105	3.31244e-108	9.78104e-111	2.67552e-113	6.76868e-116	1.58069e-118	3.40003e-121	6.71911e-124	1.21636e-126	2.01028e-129	3.0212e-132	4.10977e-135	5.03265e-138	5.51168e-141	5.35629e-144	4.57462e-147	3.39264e-150	2.15152e-153	1.14337e-156	4.9521e-160	1.67914e-163	1.67914e-163	
1.60195e-50	4.08509e-52	9.48784e-54	2.01277e-55	3.91034e-57	6.97346e-59	1.14398e-60	1.72965e-62	2.41442e-64	3.11642e-66	3.72465e-68	4.127e-70	4.24397e-72	4.05423e-74	3.60079e-76	2.97534e-78	2.28861e-80	1.63945e-82	1.0941e-84	6.80366e-87	3.94274e-89	2.12919e-91	1.07134e-93	5.02143e-96	2.19149e-98	8.90083e-101	3.36209e-103	1.18008e-105	3.84508e-108	1.16164e-110	3.24943e-113	8.40244e-116	2.00471e-118	4.40349e-121	8.88286e-124	1.64079e-126	2.76584e-129	4.23804e-132	5.87574e-135	7.33073e-138	8.17701e-141	8.09085e-144	7.03344e-147	5.30765e-150	3.424e-153	1.85045e-156	8.14819e-160	2.80749e-163	7.09978e-167	7.09978e-167	
1.67412e-52	4.12345e-54	9.24975e-56	1.89511e-57	3.55542e-59	6.1222e-61	9.69596e-63	1.41501e-64	1.90609e-66	2.37355e-68	2.73594e-70	2.92269e-72	2.89654e-74	2.66555e-76	2.27948e-78	1.81261e-80	1.34095e-82	9.23283e-85	5.91814e-87	3.53206e-89	1.9628e-91	1.01551e-93	4.89054e-96	2.19149e-98	9.13297e-101	3.53751e-103	1.27247e-105	4.24654e-108	1.31328e-110	3.75856e-113	9.93872e-116	2.42369e-118	5.43908e-121	1.12045e-123	2.11259e-126	3.63362e-129	5.6788e-132	8.02727e-135	1.02073e-137	1.16001e-140	1.16902e-143	1.03469e-146	7.94745e-150	5.21686e-153	2.86797e-156	1.28428e-159	4.4988e-163	1.15616e-166	1.93847e-170	1.93847e-170	
1.64637e-54	3.91676e-56	8.48579e-58	1.67899e-59	3.04159e-61	5.0564e-63	7.72971e-65	1.0886e-66	1.41472e-68	1.69907e-70	1.88822e-72	1.94398e-74	1.85593e-76	1.64449e-78	1.35336e-80	1.03504e-82	7.35978e-85	4.86719e-87	2.99424e-89	1.71365e-91	9.12352e-94	4.51783e-96	2.08011e-98	8.90083e-101	3.53751e-103	1.30483e-105	4.46258e-108	1.41353e-110	4.14118e-113	1.12037e-115	2.79395e-118	6.40867e-121	1.34876e-123	2.59697e-126	4.55948e-129	7.27077e-132	1.04826e-134	1.35902e-137	1.57411e-140	1.6162e-143	1.45695e-146	1.1394e-149	7.6127e-153	4.25846e-156	1.93981e-159	6.91026e-163	1.80549e-166	3.07655e-170	2.56517e-174	2.56517e-174	
1.52457e-56	3.5032e-58	7.32995e-60	1.40046e-61	2.44939e-63	3.9305e-65	5.7985e-67	7.87857e-69	9.87511e-71	1.14346e-72	1.2247e-74	1.21464e-76	1.11657e-78	9.52113e-81	7.53614e-83	5.5398e-85	3.78351e-87	2.40142e-89	1.41667e-91	7.76783e-94	3.95822e-96	1.87392e-98	8.23893e-101	3.36209e-103	1.27247e-105	4.46258e-108	1.4486e-110	4.34674e-113	1.20381e-115	3.07144e-118	7.20445e-121	1.54977e-123	3.04861e-126	5.46585e-129	8.89706e-132	1.30883e-134	1.73067e-137	2.04379e-140	2.13872e-143	1.96429e-146	1.56457e-149	1.06432e-152	6.05988e-156	2.80878e-159	1.01783e-162	2.7044e-166	4.68509e-170	3.97039e-174	0	0	
1.33014e-58	2.95195e-60	5.96451e-62	1.10026e-63	1.85758e-65	2.8767e-67	4.09449e-69	5.36576e-71	6.48443e-73	7.23642e-75	7.46648e-77	7.13025e-79	6.30783e-81	5.17329e-83	3.93577e-85	2.77889e-87	1.82152e-89	1.10867e-91	6.26613e-94	3.28844e-96	1.60205e-98	7.24253e-101	3.03672e-103	1.18008e-105	4.24654e-108	1.41353e-110	4.34674e-113	1.23297e-115	3.22027e-118	7.7282e-121	1.70002e-123	3.41813e-126	6.26101e-129	1.04074e-131	1.56279e-134	2.10852e-137	2.53966e-140	2.7096e-143	2.53637e-146	2.05827e-149	1.42605e-152	8.26691e-156	3.90009e-159	1.43806e-162	3.88681e-166	6.84757e-170	5.89969e-174	0	0	0	
1.09396e-60	2.34457e-62	4.57407e-64	8.14522e-66	1.32717e-67	1.98299e-69	2.7223e-71	3.4397e-73	4.00629e-75	4.30708e-77	4.27909e-79	3.93263e-81	3.34615e-83	2.63778e-85	1.92752e-87	1.30618e-89	8.21041e-92	4.78774e-94	2.58994e-96	1.29947e-98	6.04528e-101	2.60632e-103	1.04067e-105	3.84508e-108	1.31328e-110	4.14118e-113	1.20381e-115	3.22027e-118	7.91105e-121	1.78048e-123	3.66084e-126	6.85388e-129	1.16395e-131	1.78484e-134	2.4581e-137	3.02095e-140	3.28736e-143	3.13737e-146	2.59484e-149	1.83166e-152	1.08145e-155	5.19459e-159	1.94954e-162	5.36159e-166	9.60848e-170	8.41865e-174	0	0	0	0	
8.48499e-63	1.75594e-64	3.3071e-66	5.68373e-68	8.9355e-70	1.28776e-71	1.70456e-73	2.07581e-75	2.32919e-77	2.41118e-79	2.3054e-81	2.03784e-83	1.66664e-85	1.26193e-87	8.85043e-90	5.75134e-92	3.46361e-94	1.93312e-96	9.99783e-99	4.79014e-101	2.12518e-103	8.72524e-106	3.31244e-108	1.16164e-110	3.75856e-113	1.12037e-115	3.07144e-118	7.7282e-121	1.78048e-123	3.74548e-126	7.17088e-129	1.24471e-131	1.95e-134	2.74247e-137	3.44038e-140	3.81994e-143	3.71834e-146	3.13549e-149	2.25576e-152	1.35692e-155	6.63826e-159	2.53657e-162	7.10045e-166	1.29477e-169	1.15398e-173	0	0	0	0	0	
6.20896e-65	1.2405e-66	2.25497e-68	3.73943e-70	5.67056e-72	7.87985e-74	1.0053e-75	1.17944e-77	1.27433e-79	1.26958e-81	1.16755e-83	9.92001e-86	7.79274e-88	5.66312e-90	3.80879e-92	2.37134e-94	1.36685e-96	7.29355e-99	3.60208e-101	1.64587e-103	6.95366e-106	2.71446e-108	9.78104e-111	3.24943e-113	9.93872e-116	2.79395e-118	7.20445e-121	1.70002e-123	3.66084e-126	7.17088e-129	1.27285e-131	2.03818e-134	2.92853e-137	3.75164e-140	4.25199e-143	4.22309e-146	3.63212e-149	2.66414e-152	1.63333e-155	8.1409e-159	3.16825e-162	9.02962e-166	1.67591e-169	1.51985e-173	0	0	0	0	0	0	
4.28788e-67	8.26896e-69	1.45041e-70	2.32011e-72	3.39248e-74	4.54382e-76	5.58488e-78	6.30945e-80	6.56087e-82	6.287e-84	5.55747e-86	4.5355e-88	3.41962e-90	2.38314e-92	1.53563e-94	9.15087e-97	5.0429e-99	2.56962e-101	1.21027e-103	5.26621e-106	2.11547e-108	7.83804e-111	2.67552e-113	8.40244e-116	2.42369e-118	6.40867e-121	1.54977e-123	3.41813e-126	6.85388e-129	1.24471e-131	2.03818e-134	2.99329e-137	3.91759e-140	4.53416e-143	4.59681e-146	4.03395e-149	3.01788e-152	1.88637e-155	9.58251e-159	3.79949e-162	1.10288e-165	2.08412e-169	1.92374e-173	0	0	0	0	0	0	0	
2.79536e-69	5.20196e-71	8.80194e-73	1.35769e-74	1.91354e-76	2.46926e-78	2.9226e-80	3.17774e-82	3.17833e-84	2.92757e-86	2.48575e-88	1.94709e-90	1.40782e-92	9.40004e-95	5.79747e-97	3.303e-99	1.7382e-101	8.44674e-104	3.78861e-106	1.56742e-108	5.97621e-111	2.09762e-113	6.76868e-116	2.00471e-118	5.43908e-121	1.34876e-123	3.04861e-126	6.26101e-129	1.16395e-131	1.95e-134	2.92853e-137	3.91759e-140	4.63229e-143	4.7958e-146	4.29593e-149	3.27924e-152	2.09061e-155	1.08276e-158	4.37553e-162	1.294e-165	2.49047e-169	2.34054e-173	0	0	0	0	0	0	0	0	
1.72066e-71	3.089e-73	5.04029e-75	7.49412e-77	1.01765e-78	1.26459e-80	1.44056e-82	1.50661e-84	1.44849e-86	1.28159e-88	1.04444e-90	7.84561e-93	5.43505e-95	3.47345e-97	2.04818e-99	1.11433e-101	5.59251e-104	2.58807e-106	1.10372e-108	4.3341e-111	1.56546e-113	5.19421e-116	1.58069e-118	4.40349e-121	1.12045e-123	2.59697e-126	5.46585e-129	1.04074e-131	1.78484e-134	2.74247e-137	3.75164e-140	4.53416e-143	4.7958e-146	4.38696e-149	3.41822e-152	2.22354e-155	1.17457e-158	4.83934e-162	1.45861e-165	2.86013e-169	2.73763e-173	0	0	0	0	0	0	0	0	0	
1.00017e-73	1.7316e-75	2.72363e-77	3.90185e-79	5.1025e-81	6.10279e-83	6.68717e-85	6.72287e-87	6.20871e-89	5.2726e-91	4.12081e-93	2.96582e-95	1.96654e-97	1.2016e-99	6.76621e-102	3.51074e-104	1.67793e-106	7.38306e-109	2.98852e-111	1.11173e-113	3.79595e-116	1.18782e-118	3.40003e-121	8.88286e-124	2.11259e-126	4.55948e-129	8.89706e-132	1.56279e-134	2.4581e-137	3.44038e-140	4.25199e-143	4.59681e-146	4.29593e-149	3.41822e-152	2.26968e-155	1.22333e-158	5.14072e-162	1.57975e-165	3.15708e-169	3.07873e-173	0	0	0	0	0	0	0	0	0	0	
5.49056e-76	9.16379e-78	1.38884e-79	1.91615e-81	2.41185e-83	2.77484e-85	2.92285e-87	2.82267e-89	2.50211e-91	2.03778e-93	1.52595e-95	1.05121e-97	6.66425e-100	3.8886e-102	2.08828e-104	1.03187e-106	4.68918e-109	1.95839e-111	7.50973e-114	2.64087e-116	8.50397e-119	2.50299e-121	6.71911e-124	1.64079e-126	3.63362e-129	7.27077e-132	1.30883e-134	2.10852e-137	3.02095e-140	3.81994e-143	4.22309e-146	4.03395e-149	3.27924e-152	2.22354e-155	1.22333e-158	5.24527e-162	1.64401e-165	3.34974e-169	3.32927e-173	0	0	0	0	0	0	0	0	0	0	0	
2.84662e-78	4.57815e-80	6.68253e-82	8.87449e-84	1.07454e-85	1.18844e-87	1.20253e-89	1.1147e-91	9.47637e-94	7.39481e-96	5.3003e-98	3.49108e-100	2.11354e-102	1.17616e-104	6.01519e-107	2.82609e-109	1.21899e-111	4.82292e-114	1.7483e-116	5.79823e-119	1.75622e-121	4.84771e-124	1.21636e-126	2.76584e-129	5.6788e-132	1.04826e-134	1.73067e-137	2.53966e-140	3.28736e-143	3.71834e-146	3.63212e-149	3.01788e-152	2.09061e-155	1.17457e-158	5.14072e-162	1.64401e-165	3.41652e-169	3.46203e-173	0	0	0	0	0	0	0	0	0	0	0	0	
1.39379e-80	2.15901e-82	3.03356e-84	3.87553e-86	4.51119e-88	4.79304e-90	4.65534e-92	4.13866e-94	3.37119e-96	2.51806e-98	1.72567e-100	1.08545e-102	6.26729e-105	3.32145e-107	1.61515e-109	7.20271e-112	2.9432e-114	1.10082e-116	3.76339e-119	1.174e-121	3.33483e-124	8.6041e-127	2.01028e-129	4.23804e-132	8.02727e-135	1.35902e-137	2.04379e-140	2.7096e-143	3.13737e-146	3.13549e-149	2.66414e-152	1.88637e-155	1.08276e-158	4.83934e-162	1.57975e-165	3.34974e-169	3.46203e-173	0	0	0	0	0	0	0	0	0	0	0	0	0	
6.44431e-83	9.60962e-85	1.29897e-86	1.59543e-88	1.78409e-90	1.81958e-92	1.695e-94	1.44387e-96	1.12579e-98	8.04018e-101	5.26206e-103	3.1567e-105	1.7358e-107	8.74691e-110	4.03729e-112	1.70563e-114	6.58867e-117	2.32409e-119	7.47358e-122	2.18647e-124	5.80529e-127	1.39471e-129	3.0212e-132	5.87574e-135	1.02073e-137	1.57411e-140	2.13872e-143	2.53637e-146	2.59484e-149	2.25576e-152	1.63333e-155	9.58251e-159	4.37553e-162	1.45861e-165	3.15708e-169	3.32927e-173	0	0	0	0	0	0	0	0	0	0	0	0	0	0	
2.81317e-85	4.03596e-87	5.2452e-89	6.18924e-91	6.64394e-93	6.49906e-95	5.80108e-97	4.73026e-99	3.52654e-101	2.40526e-103	1.50136e-105	8.57756e-108	4.48479e-110	2.14512e-112	9.38003e-115	3.7462e-117	1.36479e-119	4.5283e-122	1.36565e-124	3.73448e-127	9.23296e-130	2.05659e-132	4.10977e-135	7.33073e-138	1.16001e-140	1.6162e-143	1.96429e-146	2.05827e-149	1.83166e-152	1.35692e-155	8.1409e-159	3.79949e-162	1.294e-165	2.86013e-169	3.07873e-173	0	0	0	0	0	0	0	0	0	0	0	0	0	0	0	
1.15919e-87	1.59901e-89	1.99658e-91	2.26167e-93	2.32865e-95	2.18274e-97	1.86505e-99	1.45415e-101	1.03535e-103	6.73506e-106	4.00379e-108	2.17505e-110	1.07946e-112	4.89144e-115	2.02202e-117	7.61618e-120	2.60993e-122	8.12138e-125	2.28936e-127	5.82956e-130	1.33627e-132	2.74586e-135	5.03265e-138	8.17701e-141	1.16902e-143	1.45695e-146	1.56457e-149	1.42605e-152	1.08145e-155	6.63826e-159	3.16825e-162	1.10288e-165	2.49047e-169	2.73763e-173	0	0	0	0	0	0	0	0	0	0	0	0	0	0	0	0	
4.50734e-90	5.97397e-92	7.16121e-94	7.78096e-96	7.67714e-98	6.88876e-100	5.62837e-102	4.19109e-104	2.84612e-106	1.76329e-108	9.96733e-111	5.13973e-113	2.4166e-115	1.03522e-117	4.03601e-120	1.42997e-122	4.5957e-125	1.3367e-127	3.50874e-130	8.2837e-133	1.75171e-135	3.30137e-138	5.51168e-141	8.09085e-144	1.03469e-146	1.1394e-149	1.06432e-152	8.26691e-156	5.19459e-159	2.53657e-162	9.02962e-166	2.08412e-169	2.34054e-173	0	0	0	0	0	0	0	0	0	0	0	0	0	0	0	0	0	
1.65322e-92	2.10372e-94	2.41902e-96	2.51881e-98	2.37914e-100	2.04141e-102	1.59298e-104	1.13139e-106	7.31751e-109	4.31088e-111	2.31309e-113	1.13002e-115	5.02291e-118	2.02936e-120	7.44222e-123	2.47294e-125	7.4289e-128	2.01207e-130	4.89682e-133	1.06652e-135	2.06851e-138	3.55109e-141	5.35629e-144	7.03344e-147	7.94745e-150	7.6127e-153	6.05988e-156	3.90009e-159	1.94954e-162	7.10045e-166	1.67591e-169	1.92374e-173	0	0	0	0	0	0	0	0	0	0	0	0	0	0	0	0	0	0	
5.71728e-95	6.97912e-97	7.691e-99	7.66685e-101	6.92511e-103	5.67529e-105	4.22413e-107	2.85743e-109	1.75739e-111	9.82766e-114	4.99592e-116	2.30739e-118	9.67317e-121	3.67623e-123	1.26441e-125	3.92724e-128	1.0986e-130	2.75875e-133	6.19394e-136	1.2373e-138	2.18593e-141	3.39045e-144	4.57462e-147	5.30765e-150	5.21686e-153	4.25846e-156	2.80878e-159	1.43806e-162	5.36159e-166	1.29477e-169	1.51985e-173	0	0	0	0	0	0	0	0	0	0	0	0	0	0	0	0	0	0	0	
1.86321e-97	2.17988e-99	2.29993e-101	2.19257e-103	1.89161e-105	1.47869e-107	1.04827e-109	6.74318e-112	3.93683e-114	2.08581e-116	1.00244e-118	4.36666e-121	1.722e-123	6.13781e-126	1.97329e-128	5.70734e-131	1.48028e-133	3.42929e-136	7.06178e-139	1.28499e-141	2.05106e-144	2.84574e-147	3.39264e-150	3.424e-153	2.86797e-156	1.93981e-159	1.01783e-162	3.88681e-166	9.60848e-170	1.15398e-173	0	0	0	0	0	0	0	0	0	0	0	0	0	0	0	0	0	0	0	0	
5.71847e-100	6.40586e-102	6.4638e-104	5.88593e-106	4.84388e-108	3.60663e-110	2.43144e-112	1.48475e-114	8.2128e-117	4.11382e-119	1.86476e-121	7.64107e-124	2.82611e-126	9.41601e-129	2.81898e-131	7.55958e-134	1.80883e-136	3.84342e-139	7.20952e-142	1.18525e-144	1.69235e-147	2.07469e-150	2.15152e-153	1.85045e-156	1.28428e-159	6.91026e-163	2.7044e-166	6.84757e-170	8.41865e-174	0	0	0	0	0	0	0	0	0	0	0	0	0	0	0	0	0	0	0	0	0	
1.6517e-102	1.76963e-104	1.70571e-106	1.48168e-108	1.16148e-110	8.2243e-113	5.26348e-115	3.0453e-117	1.59259e-119	7.52418e-122	3.20837e-124	1.23303e-126	4.26297e-129	1.32264e-131	3.67142e-134	9.08309e-137	1.99341e-139	3.85831e-142	6.53896e-145	9.61643e-148	1.21323e-150	1.29377e-153	1.14337e-156	8.14819e-160	4.4988e-163	1.80549e-166	4.68509e-170	5.89969e-174	0	0	0	0	0	0	0	0	0	0	0	0	0	0	0	0	0	0	0	0	0	0	
4.48597e-105	4.59145e-107	4.22198e-109	3.49353e-111	2.60447e-113	1.75079e-115	1.06167e-117	5.80753e-120	2.86468e-122	1.27318e-124	5.09189e-127	1.82927e-129	5.88945e-132	1.69425e-134	4.33877e-137	9.84538e-140	1.96825e-142	3.44197e-145	5.21822e-148	6.78076e-151	7.4415e-154	6.76262e-157	4.9521e-160	2.80749e-163	1.15616e-166	3.07655e-170	3.97039e-174	0	0	0	0	0	0	0	0	0	0	0	0	0	0	0	0	0	0	0	0	0	0	0	
1.14734e-107	1.12024e-109	9.81195e-112	7.72099e-114	5.46419e-116	3.48009e-118	1.99507e-120	1.02929e-122	4.7758e-125	1.99062e-127	7.44138e-130	2.48929e-132	7.43033e-135	1.97184e-137	4.63118e-140	9.57209e-143	1.72879e-145	2.7042e-148	3.62218e-151	4.09396e-154	3.82851e-157	2.88266e-160	1.67914e-163	7.09978e-167	1.93847e-170	2.56517e-174	0	0	0	0	0	0	0	0	0	0	0	0	0	0	0	0	0	0	0	0	0	0	0	0	
1.14734e-107	1.12024e-109	9.81195e-112	7.72099e-114	5.46419e-116	3.48009e-118	1.99507e-120	1.02929e-122	4.7758e-125	1.99062e-127	7.44138e-130	2.48929e-132	7.43033e-135	1.97184e-137	4.63118e-140	9.57209e-143	1.72879e-145	2.7042e-148	3.62218e-151	4.09396e-154	3.82851e-157	2.88266e-160	1.67914e-163	7.09978e-167	1.93847e-170	2.56517e-174	0	0	0	0	0	0	0	0	0	0	0	0	0	0	0	0	0	0	0	0	0	0	0	0	
