-0.0896335	-0.106893	-0.106922	-0.10128	-0.104449	-0.120034	-0.12941	-0.124921	-0.126219	-0.142932	-0.170893	-0.187714	-0.180788	-0.173557	-0.187397	-0.23515	-0.327986	-0.446547	-0.556173	-0.63864	-0.67325	-0.633674	-0.519008	-0.347032	-0.125848	0.135074	0.40336	0.640371	0.828109	0.96332	1.03486	1.02283	0.920333	0.748723	0.549874	0.365369	0.220564	0.121565	0.0614801	0.0286681	0.0123804	0.00497168	0.00186339	0.00065401	0.000215602	6.69451e-05	1.96431e-05	5.52906e-06	1.79003e-06	1.79003e-06	
-0.106893	-0.108595	-0.0999068	-0.100513	-0.115089	-0.132701	-0.129749	-0.122323	-0.135184	-0.160906	-0.184395	-0.187807	-0.176445	-0.179179	-0.211218	-0.282248	-0.391674	-0.508816	-0.604067	-0.663327	-0.663661	-0.586566	-0.442303	-0.248067	-0.00956711	0.256958	0.51403	0.729172	0.892741	1.00163	1.04097	0.993208	0.860902	0.674297	0.477109	0.305857	0.178438	0.0952095	0.0466926	0.0211457	0.0088813	0.00347309	0.00126907	0.000434693	0.000139983	4.24946e-05	1.21989e-05	3.35934e-06	1.06234e-06	1.06234e-06	
-0.106922	-0.0999068	-0.099761	-0.114457	-0.131385	-0.132671	-0.122137	-0.129894	-0.154251	-0.177474	-0.190145	-0.183261	-0.176004	-0.195932	-0.250401	-0.343222	-0.460574	-0.567294	-0.642072	-0.671736	-0.633312	-0.519822	-0.349227	-0.134894	0.116965	0.381789	0.620924	0.811012	0.94867	1.0282	1.03207	0.948279	0.790064	0.594701	0.404802	0.250047	0.140819	0.0726635	0.0345221	0.0151696	0.00619102	0.00235561	0.000838472	0.00028007	8.80365e-05	2.61098e-05	7.32811e-06	1.97308e-06	6.09048e-07	6.09048e-07	
-0.10128	-0.100513	-0.114457	-0.129809	-0.132453	-0.126257	-0.127456	-0.147591	-0.171456	-0.188376	-0.189802	-0.178274	-0.185454	-0.228695	-0.305997	-0.414422	-0.528979	-0.61699	-0.665282	-0.659204	-0.580026	-0.433543	-0.240144	-0.00846453	0.250831	0.505585	0.720965	0.883845	0.993613	1.04026	1.00614	0.887962	0.709587	0.512448	0.335104	0.199219	0.10819	0.0539373	0.0248024	0.0105659	0.00418676	0.00154877	0.000536625	0.000174673	5.35592e-05	1.55089e-05	4.25314e-06	1.11902e-06	3.36953e-07	3.36953e-07	
-0.104449	-0.115089	-0.131385	-0.132453	-0.128943	-0.12747	-0.140023	-0.167365	-0.187614	-0.192727	-0.183065	-0.180117	-0.212535	-0.279681	-0.375537	-0.490019	-0.590411	-0.652432	-0.668429	-0.621894	-0.503136	-0.328584	-0.115822	0.129162	0.387867	0.624049	0.811392	0.945609	1.02489	1.03498	0.961881	0.81328	0.622106	0.430378	0.270043	0.154349	0.0807562	0.0388648	0.0172838	0.00713287	0.00274226	0.000985579	0.000332194	0.000105307	3.1479e-05	8.8947e-06	2.38215e-06	6.12161e-07	1.79716e-07	1.79716e-07	
-0.120034	-0.132701	-0.132671	-0.126257	-0.12747	-0.136378	-0.164973	-0.18972	-0.192757	-0.185641	-0.180102	-0.201071	-0.260226	-0.346628	-0.454252	-0.562374	-0.637668	-0.668048	-0.646672	-0.557512	-0.403447	-0.206287	0.0222785	0.274437	0.5229	0.733062	0.88984	0.994018	1.03946	1.00989	0.899094	0.726493	0.530979	0.351412	0.211342	0.116034	0.0584424	0.0271312	0.011661	0.00465896	0.00173676	0.000606101	0.000198619	6.12868e-05	1.78513e-05	4.91967e-06	1.28614e-06	3.22683e-07	9.23186e-08	9.23186e-08	
-0.12941	-0.129749	-0.122137	-0.127456	-0.140023	-0.164973	-0.191274	-0.192201	-0.184922	-0.182899	-0.195365	-0.24465	-0.326135	-0.426097	-0.534562	-0.621718	-0.663995	-0.658987	-0.596179	-0.46565	-0.282977	-0.0684237	0.171501	0.422185	0.650318	0.829129	0.954202	1.02633	1.03408	0.96338	0.819085	0.631066	0.439999	0.278255	0.160256	0.0844534	0.0409207	0.018314	0.007603	0.00293927	0.00106189	0.000359665	0.000114539	3.43867e-05	9.75558e-06	2.62122e-06	6.68667e-07	1.63737e-07	4.56349e-08	4.56349e-08	
-0.124921	-0.122323	-0.129894	-0.147591	-0.167365	-0.18972	-0.192201	-0.183982	-0.185209	-0.194308	-0.233005	-0.311219	-0.407275	-0.510667	-0.604642	-0.658836	-0.664659	-0.620974	-0.51454	-0.348082	-0.144632	0.0826276	0.327488	0.565895	0.764844	0.909582	1.00227	1.03926	1.00589	0.895297	0.724833	0.531428	0.353003	0.213118	0.117459	0.0593802	0.0276649	0.0119307	0.00478209	0.00178811	0.000625829	0.000205649	6.36217e-05	1.85775e-05	5.13182e-06	1.34392e-06	3.34434e-07	7.99083e-08	2.16899e-08	2.16899e-08	
-0.126219	-0.135184	-0.154251	-0.171456	-0.187614	-0.192757	-0.184922	-0.185209	-0.194572	-0.226716	-0.301208	-0.396549	-0.493782	-0.58809	-0.652857	-0.667878	-0.635916	-0.550003	-0.401936	-0.208784	0.0082973	0.243428	0.483884	0.698499	0.862284	0.972381	1.03129	1.02925	0.953137	0.8075	0.620925	0.432516	0.273433	0.157488	0.0830212	0.0402461	0.0180228	0.0074872	0.00289662	0.00104729	0.000355002	0.000113146	3.39967e-05	9.65299e-06	2.59577e-06	6.62411e-07	1.6077e-07	3.74765e-08	9.90517e-09	9.90517e-09	
-0.142932	-0.160906	-0.177474	-0.188376	-0.192727	-0.185641	-0.182899	-0.194308	-0.226716	-0.297545	-0.391819	-0.484495	-0.574944	-0.646456	-0.670296	-0.645207	-0.573649	-0.444011	-0.262308	-0.0529039	0.172446	0.408664	0.632587	0.813582	0.939886	1.01552	1.0378	0.993168	0.876031	0.704078	0.513139	0.339178	0.203932	0.112009	0.056461	0.0262403	0.0112927	0.00451838	0.00168696	0.000589676	0.000193559	5.98272e-05	1.74562e-05	4.81899e-06	1.26131e-06	3.13606e-07	7.42253e-08	1.68788e-08	4.34345e-09	4.34345e-09	
-0.170893	-0.184395	-0.190145	-0.189802	-0.183065	-0.180102	-0.195365	-0.233005	-0.301208	-0.391819	-0.481648	-0.567729	-0.641236	-0.67202	-0.651466	-0.58829	-0.474321	-0.305359	-0.102625	0.114864	0.343654	0.570388	0.764934	0.906591	0.995988	1.03629	1.0179	0.929404	0.777482	0.59115	0.407715	0.255528	0.146065	0.0764916	0.0368668	0.0164259	0.00679339	0.00261788	0.000943227	0.000318745	0.000101314	3.03676e-05	8.60393e-06	2.30921e-06	5.88263e-07	1.425e-07	3.28891e-08	7.29575e-09	1.82788e-09	1.82788e-09	
-0.187714	-0.187807	-0.183261	-0.178274	-0.180117	-0.201071	-0.24465	-0.311219	-0.396549	-0.484495	-0.567729	-0.639197	-0.672887	-0.655429	-0.596639	-0.493982	-0.337557	-0.141728	0.0698494	0.290694	0.515179	0.718404	0.873734	0.975307	1.02893	1.03089	0.968411	0.839133	0.663284	0.476123	0.31046	0.184428	0.100223	0.050047	0.023067	0.00985438	0.00391723	0.00145406	0.000505639	0.000165208	5.08524e-05	1.47823e-05	4.06713e-06	1.0613e-06	2.63149e-07	6.21069e-08	1.39785e-08	3.02503e-09	7.37928e-10	7.37928e-10	
-0.180788	-0.176445	-0.176004	-0.185454	-0.212535	-0.260226	-0.326135	-0.407275	-0.493782	-0.574944	-0.641236	-0.672887	-0.656828	-0.600445	-0.50475	-0.358756	-0.170194	0.0364616	0.250214	0.469489	0.676458	0.842615	0.955089	1.0189	1.0358	0.995119	0.888489	0.727125	0.541573	0.366555	0.225886	0.127198	0.0657315	0.0313099	0.0138052	0.00565684	0.00216197	0.000773235	0.000259578	8.20188e-05	2.44531e-05	6.89483e-06	1.84244e-06	4.67496e-07	1.12837e-07	2.59495e-08	5.69605e-09	1.20267e-09	2.85688e-10	2.85688e-10	
-0.173557	-0.179179	-0.195932	-0.228695	-0.279681	-0.346628	-0.426097	-0.510667	-0.58809	-0.646456	-0.67202	-0.655429	-0.600445	-0.508144	-0.369203	-0.187566	0.0142072	0.221864	0.434789	0.641469	0.814815	0.936463	1.00834	1.03586	1.01221	0.926234	0.781289	0.601654	0.421529	0.268883	0.15662	0.0836393	0.0411251	0.0186968	0.00789073	0.00310284	0.00114067	0.000393239	0.000127487	3.89678e-05	1.12561e-05	3.07928e-06	7.99357e-07	1.97266e-07	4.6357e-08	1.03898e-08	2.22457e-09	4.58351e-10	1.06043e-10	1.06043e-10	
-0.187397	-0.211218	-0.250401	-0.305997	-0.375537	-0.454252	-0.534562	-0.604642	-0.652857	-0.670296	-0.651466	-0.596639	-0.50475	-0.369203	-0.193412	0.0030325	0.205108	0.411645	0.61531	0.792052	0.920445	0.998606	1.03351	1.0224	0.95387	0.825388	0.654595	0.473232	0.31167	0.187406	0.10325	0.0523329	0.0245038	0.0106411	0.00430172	0.00162435	0.000574724	0.00019108	5.98527e-05	1.7705e-05	4.95684e-06	1.31607e-06	3.3199e-07	7.97045e-08	1.82408e-08	3.98517e-09	8.32476e-10	1.67417e-10	3.77338e-11	3.77338e-11	
-0.23515	-0.282248	-0.343222	-0.414422	-0.490019	-0.562374	-0.621718	-0.658836	-0.667878	-0.645207	-0.58829	-0.493982	-0.358756	-0.187566	0.0030325	0.199565	0.400112	0.599198	0.775896	0.908043	0.990575	1.0304	1.02801	0.973258	0.859831	0.699325	0.519844	0.352473	0.218272	0.123825	0.0645941	0.0311085	0.0138854	0.00576532	0.0022344	0.000810838	0.000276307	8.865e-05	2.68437e-05	7.68858e-06	2.08724e-06	5.38068e-07	1.31946e-07	3.08279e-08	6.8728e-09	1.4641e-09	2.98466e-10	5.86025e-11	1.28711e-11	1.28711e-11	
-0.327986	-0.391674	-0.460574	-0.528979	-0.590411	-0.637668	-0.663995	-0.664659	-0.635916	-0.573649	-0.474321	-0.337557	-0.170194	0.0142072	0.205108	0.400112	0.593764	0.767513	0.900168	0.984862	1.0276	1.03085	0.986236	0.885516	0.735416	0.559983	0.389651	0.247848	0.144462	0.077421	0.0382936	0.0175465	0.00747513	0.00297083	0.00110491	0.000385671	0.000126676	3.92479e-05	1.14961e-05	3.18998e-06	8.40143e-07	2.10382e-07	5.0172e-08	1.14121e-08	2.47935e-09	5.15169e-10	1.02519e-10	1.96583e-11	4.20876e-12	4.20876e-12	
-0.446547	-0.508816	-0.567294	-0.61699	-0.652432	-0.668048	-0.658987	-0.620974	-0.550003	-0.444011	-0.305359	-0.141728	0.0364616	0.221864	0.411645	0.599198	0.767513	0.897466	0.981892	1.02571	1.03213	0.994363	0.903531	0.762913	0.592718	0.421803	0.274792	0.164169	0.0902088	0.0457488	0.0214899	0.00938271	0.00382027	0.00145503	0.000519877	0.000174712	5.53597e-05	1.65761e-05	4.69983e-06	1.26422e-06	3.23199e-07	7.86569e-08	1.82509e-08	4.04324e-09	8.5635e-10	1.73617e-10	3.37379e-11	6.32015e-12	1.31947e-12	1.31947e-12	
-0.556173	-0.604067	-0.642072	-0.665282	-0.668429	-0.646672	-0.596179	-0.51454	-0.401936	-0.262308	-0.102625	0.0698494	0.250214	0.434789	0.61531	0.775896	0.900168	0.981892	1.02504	1.0326	0.998781	0.914894	0.782132	0.617509	0.447828	0.297888	0.181941	0.102284	0.053091	0.025528	0.0114087	0.00475397	0.00185262	0.000677076	0.00023267	7.53594e-05	2.30565e-05	6.67728e-06	1.83394e-06	4.78535e-07	1.18824e-07	2.812e-08	6.35146e-09	1.37106e-09	2.83211e-10	5.60462e-11	1.0639e-11	1.94774e-12	3.96675e-13	3.96675e-13	
-0.63864	-0.663327	-0.671736	-0.659204	-0.621894	-0.557512	-0.46565	-0.348082	-0.208784	-0.0529039	0.114864	0.290694	0.469489	0.641469	0.792052	0.908043	0.984862	1.02571	1.0326	1.00018	0.920372	0.793462	0.634101	0.466927	0.31612	0.19685	0.112961	0.0598952	0.029433	0.0134461	0.00572785	0.00228176	0.000852332	0.000299303	9.90375e-05	3.09475e-05	9.15113e-06	2.56546e-06	6.83069e-07	1.73014e-07	4.17525e-08	9.61367e-09	2.11487e-09	4.45052e-10	8.9699e-11	1.73339e-11	3.21548e-12	5.75516e-13	1.14384e-13	1.14384e-13	
-0.67325	-0.663661	-0.633312	-0.580026	-0.503136	-0.403447	-0.282977	-0.144632	0.0082973	0.172446	0.343654	0.515179	0.676458	0.814815	0.920445	0.990575	1.0276	1.03213	0.998781	0.920372	0.797202	0.642406	0.478579	0.328708	0.208105	0.121606	0.0657344	0.0329572	0.0153691	0.00668505	0.00271961	0.00103748	0.000372034	0.000125694	4.00967e-05	1.21012e-05	3.46166e-06	9.40231e-07	2.42876e-07	5.97579e-08	1.40245e-08	3.14371e-09	6.73916e-10	1.38323e-10	2.72139e-11	5.13757e-12	9.31689e-13	1.63091e-13	3.16466e-14	3.16466e-14	
-0.633674	-0.586566	-0.519822	-0.433543	-0.328584	-0.206287	-0.0684237	0.0826276	0.243428	0.408664	0.570388	0.718404	0.842615	0.936463	0.998606	1.0304	1.03085	0.994363	0.914894	0.793462	0.642406	0.482494	0.335132	0.215106	0.127688	0.0702211	0.0358579	0.0170444	0.00756087	0.003138	0.00122148	0.00044698	0.000154103	5.01597e-05	1.54443e-05	4.50655e-06	1.24832e-06	3.28784e-07	8.24619e-08	1.97228e-08	4.50437e-09	9.83549e-10	2.05574e-10	4.11751e-11	7.91144e-12	1.45971e-12	2.58893e-13	4.43404e-14	8.40365e-15	8.40365e-15	
-0.519008	-0.442303	-0.349227	-0.240144	-0.115822	0.0222785	0.171501	0.327488	0.483884	0.632587	0.764934	0.873734	0.955089	1.00834	1.03351	1.02801	0.986236	0.903531	0.782132	0.634101	0.478579	0.335132	0.217481	0.130828	0.0730463	0.0379235	0.0183468	0.00828971	0.00350628	0.00139144	0.000519207	0.000182552	6.0599e-05	1.9028e-05	5.6616e-06	1.59894e-06	4.29291e-07	1.09735e-07	2.67437e-08	6.22228e-09	1.3838e-09	2.94512e-10	6.00514e-11	1.17433e-11	2.20465e-12	3.97728e-13	6.90171e-14	1.15699e-14	2.14268e-15	2.14268e-15	
-0.347032	-0.248067	-0.134894	-0.00846453	0.129162	0.274437	0.422185	0.565895	0.698499	0.813582	0.906591	0.975307	1.0189	1.03586	1.0224	0.973258	0.885516	0.762913	0.617509	0.466927	0.328708	0.215106	0.130828	0.074011	0.0389979	0.0191734	0.00881293	0.00379482	0.00153392	0.000583224	0.000208996	7.07176e-05	2.26352e-05	6.86515e-06	1.97619e-06	5.40737e-07	1.40849e-07	3.49725e-08	8.28841e-09	1.87725e-09	4.06805e-10	8.44391e-11	1.68055e-11	3.21026e-12	5.89149e-13	1.03967e-13	1.76589e-14	2.8987e-15	5.24781e-16	5.24781e-16	
-0.125848	-0.00956711	0.116965	0.250831	0.387867	0.5229	0.650318	0.764844	0.862284	0.939886	0.995988	1.02893	1.0358	1.01221	0.95387	0.859831	0.735416	0.592718	0.447828	0.31612	0.208105	0.127688	0.0730463	0.0389979	0.0194568	0.00908639	0.00397893	0.00163677	0.00063365	0.000231279	7.97281e-05	2.60023e-05	8.0361e-06	2.35715e-06	6.57178e-07	1.74399e-07	4.41119e-08	1.06481e-08	2.45593e-09	5.41866e-10	1.14492e-10	2.31909e-11	4.50764e-12	8.41553e-13	1.51045e-13	2.60853e-14	4.33847e-15	6.97615e-16	1.23517e-16	1.23517e-16	
0.135074	0.256958	0.381789	0.505585	0.624049	0.733062	0.829129	0.909582	0.972381	1.01552	1.03629	1.03089	0.995119	0.926234	0.825388	0.699325	0.559983	0.421803	0.297888	0.19685	0.121606	0.0702211	0.0379235	0.0191734	0.00908639	0.00404222	0.0016907	0.00066594	0.000247421	8.68508e-05	2.88492e-05	9.08203e-06	2.71372e-06	7.70727e-07	2.08343e-07	5.36747e-08	1.3195e-08	3.09899e-09	6.96127e-10	1.49722e-10	3.08647e-11	6.10438e-12	1.1594e-12	2.11654e-13	3.717e-14	6.28475e-15	1.02395e-15	1.61351e-16	2.79514e-17	2.79514e-17	
0.40336	0.51403	0.620924	0.720965	0.811392	0.88984	0.954202	1.00227	1.03129	1.0378	1.0179	0.968411	0.888489	0.781289	0.654595	0.519844	0.389651	0.274792	0.181941	0.112961	0.0657344	0.0358579	0.0183468	0.00881293	0.00397893	0.0016907	0.00067706	0.000255905	9.1423e-05	3.09165e-05	9.91075e-06	3.01584e-06	8.72342e-07	2.40164e-07	6.30114e-08	1.57741e-08	3.77216e-09	8.6265e-10	1.8886e-10	3.96233e-11	7.97417e-12	1.54081e-12	2.86108e-13	5.10972e-14	8.78426e-15	1.45477e-15	2.32281e-16	3.58827e-17	6.08449e-18	6.08449e-18	
0.640371	0.729172	0.811012	0.883845	0.945609	0.994018	1.02633	1.03926	1.02925	0.993168	0.929404	0.839133	0.727125	0.601654	0.473232	0.352473	0.247848	0.164169	0.102284	0.0598952	0.0329572	0.0170444	0.00828971	0.00379482	0.00163677	0.00066594	0.000255905	9.29993e-05	3.20046e-05	1.04435e-05	3.23558e-06	9.5297e-07	2.67159e-07	7.13753e-08	1.81936e-08	4.42969e-09	1.03129e-09	2.29821e-10	4.90724e-11	1.00494e-11	1.97557e-12	3.7315e-13	6.77763e-14	1.18475e-14	1.99468e-15	3.23696e-16	5.06706e-17	7.6767e-18	1.27468e-18	1.27468e-18	
0.828109	0.892741	0.94867	0.993613	1.02489	1.03946	1.03408	1.00589	0.953137	0.876031	0.777482	0.663284	0.541573	0.421529	0.31167	0.218272	0.144462	0.0902088	0.053091	0.029433	0.0153691	0.00756087	0.00350628	0.00153392	0.00063365	0.000247421	9.1423e-05	3.20046e-05	1.06274e-05	3.35133e-06	1.00486e-06	2.8681e-07	7.80167e-08	2.02474e-08	5.01892e-09	1.18951e-09	2.69823e-10	5.86369e-11	1.22195e-11	2.44409e-12	4.69616e-13	8.67549e-14	1.54213e-14	2.63972e-15	4.35442e-16	6.92708e-17	1.0635e-17	1.58076e-18	2.57133e-19	2.57133e-19	
0.96332	1.00163	1.0282	1.04026	1.03498	1.00989	0.96338	0.895297	0.8075	0.704078	0.59115	0.476123	0.366555	0.268883	0.187406	0.123825	0.077421	0.0457488	0.025528	0.0134461	0.00668505	0.003138	0.00139144	0.000583224	0.000231279	8.68508e-05	3.09165e-05	1.04435e-05	3.35133e-06	1.02277e-06	2.97168e-07	8.22929e-08	2.17431e-08	5.48692e-09	1.32382e-09	3.05663e-10	6.76068e-11	1.43374e-11	2.91788e-12	5.7037e-13	1.07176e-13	1.93747e-14	3.37214e-15	5.65496e-16	9.14358e-17	1.42648e-17	2.14874e-18	3.1346e-19	4.99706e-20	4.99706e-20	
1.03486	1.04097	1.03207	1.00614	0.961881	0.899094	0.819085	0.724833	0.620925	0.513139	0.407715	0.31046	0.225886	0.15662	0.10325	0.0645941	0.0382936	0.0214899	0.0114087	0.00572785	0.00271961	0.00122148	0.000519207	0.000208996	7.97281e-05	2.88492e-05	9.91075e-06	3.23558e-06	1.00486e-06	2.97168e-07	8.37694e-08	2.25316e-08	5.78831e-09	1.42163e-09	3.34128e-10	7.52191e-11	1.6234e-11	3.36188e-12	6.68601e-13	1.27801e-13	2.34975e-14	4.1588e-15	7.09067e-16	1.16544e-16	1.84787e-17	2.82827e-18	4.1815e-19	5.98902e-20	9.36044e-21	9.36044e-21	
1.02283	0.993208	0.948279	0.887962	0.81328	0.726493	0.631066	0.531428	0.432516	0.339178	0.255528	0.184428	0.127198	0.0836393	0.0523329	0.0311085	0.0175465	0.00938271	0.00475397	0.00228176	0.00103748	0.00044698	0.000182552	7.07176e-05	2.60023e-05	9.08203e-06	3.01584e-06	9.5297e-07	2.8681e-07	8.22929e-08	2.25316e-08	5.89239e-09	1.47321e-09	3.52457e-10	8.07619e-11	1.77397e-11	3.73845e-12	7.56496e-13	1.47108e-13	2.75119e-14	4.95207e-15	8.5852e-16	1.43456e-16	2.31198e-17	3.59615e-18	5.40197e-19	7.84174e-20	1.10309e-20	1.69093e-21	1.69093e-21	
0.920333	0.860902	0.790064	0.709587	0.622106	0.530979	0.439999	0.353003	0.273433	0.203932	0.146065	0.100223	0.0657315	0.0411251	0.0245038	0.0138854	0.00747513	0.00382027	0.00185262	0.000852332	0.000372034	0.000154103	6.0599e-05	2.26352e-05	8.0361e-06	2.71372e-06	8.72342e-07	2.67159e-07	7.80167e-08	2.17431e-08	5.78831e-09	1.47321e-09	3.58786e-10	8.36838e-11	1.8709e-11	4.01254e-12	8.26232e-13	1.6347e-13	3.11003e-14	5.69376e-15	1.00382e-15	1.70547e-16	2.79415e-17	4.41736e-18	6.74304e-19	9.94481e-20	1.41794e-20	1.95965e-21	2.94733e-22	2.94733e-22	
0.748723	0.674297	0.594701	0.512448	0.430378	0.351412	0.278255	0.213118	0.157488	0.112009	0.0764916	0.050047	0.0313099	0.0186968	0.0106411	0.00576532	0.00297083	0.00145503	0.000677076	0.000299303	0.000125694	5.01597e-05	1.9028e-05	6.86515e-06	2.35715e-06	7.70727e-07	2.40164e-07	7.13753e-08	2.02474e-08	5.48692e-09	1.42163e-09	3.52457e-10	8.36838e-11	1.90436e-11	4.15699e-12	8.71107e-13	1.75373e-13	3.39451e-14	6.32169e-15	1.13355e-15	1.9584e-16	3.26217e-17	5.24249e-18	8.13334e-19	1.2189e-19	1.76559e-20	2.47342e-21	3.35958e-22	4.95934e-23	4.95934e-23	
0.549874	0.477109	0.404802	0.335104	0.270043	0.211342	0.160256	0.117459	0.0830212	0.056461	0.0368668	0.023067	0.0138052	0.00789073	0.00430172	0.0022344	0.00110491	0.000519877	0.00023267	9.90375e-05	4.00967e-05	1.54443e-05	5.6616e-06	1.97619e-06	6.57178e-07	2.08343e-07	6.30114e-08	1.81936e-08	5.01892e-09	1.32382e-09	3.34128e-10	8.07619e-11	1.8709e-11	4.15699e-12	8.86598e-13	1.81643e-13	3.57748e-14	6.77815e-15	1.23631e-15	2.17231e-16	3.67947e-17	6.01169e-18	9.48046e-19	1.44394e-19	2.12525e-20	3.02457e-21	4.1645e-22	5.561e-23	8.05995e-24	8.05995e-24	
0.365369	0.305857	0.250047	0.199219	0.154349	0.116034	0.0844534	0.0593802	0.0402461	0.0262403	0.0164259	0.00985438	0.00565684	0.00310284	0.00162435	0.000810838	0.000385671	0.000174712	7.53594e-05	3.09475e-05	1.21012e-05	4.50655e-06	1.59894e-06	5.40737e-07	1.74399e-07	5.36747e-08	1.57741e-08	4.42969e-09	1.18951e-09	3.05663e-10	7.52191e-11	1.77397e-11	4.01254e-12	8.71107e-13	1.81643e-13	3.64062e-14	7.01853e-15	1.30236e-15	2.32768e-16	4.00968e-17	6.66142e-18	1.06799e-18	1.65338e-19	2.4731e-20	3.57618e-21	5.00207e-22	6.77139e-23	8.89209e-24	1.26582e-24	1.26582e-24	
0.220564	0.178438	0.140819	0.10819	0.0807562	0.0584424	0.0409207	0.0276649	0.0180228	0.0112927	0.00679339	0.00391723	0.00216197	0.00114067	0.000574724	0.000276307	0.000126676	5.53597e-05	2.30565e-05	9.15113e-06	3.46166e-06	1.24832e-06	4.29291e-07	1.40849e-07	4.41119e-08	1.3195e-08	3.77216e-09	1.03129e-09	2.69823e-10	6.76068e-11	1.6234e-11	3.73845e-12	8.26232e-13	1.75373e-13	3.57748e-14	7.01853e-15	1.32515e-15	2.40947e-16	4.2218e-17	7.13295e-18	1.1628e-18	1.83007e-19	2.78235e-20	4.0887e-21	5.8107e-22	7.99053e-23	1.06381e-23	1.37422e-24	1.922e-25	1.922e-25	
0.121565	0.0952095	0.0726635	0.0539373	0.0388648	0.0271312	0.018314	0.0119307	0.0074872	0.00451838	0.00261788	0.00145406	0.000773235	0.000393239	0.00019108	8.865e-05	3.92479e-05	1.65761e-05	6.67728e-06	2.56546e-06	9.40231e-07	3.28784e-07	1.09735e-07	3.49725e-08	1.06481e-08	3.09899e-09	8.6265e-10	2.29821e-10	5.86369e-11	1.43374e-11	3.36188e-12	7.56496e-13	1.6347e-13	3.39451e-14	6.77815e-15	1.30236e-15	2.40947e-16	4.29496e-17	7.38103e-18	1.22366e-18	1.95819e-19	3.02654e-20	4.52051e-21	6.52853e-22	9.12148e-23	1.23357e-23	1.61565e-24	2.05366e-25	2.82287e-26	2.82287e-26	
0.0614801	0.0466926	0.0345221	0.0248024	0.0172838	0.011661	0.007603	0.00478209	0.00289662	0.00168696	0.000943227	0.000505639	0.000259578	0.000127487	5.98527e-05	2.68437e-05	1.14961e-05	4.69983e-06	1.83394e-06	6.83069e-07	2.42876e-07	8.24619e-08	2.67437e-08	8.28841e-09	2.45593e-09	6.96127e-10	1.8886e-10	4.90724e-11	1.22195e-11	2.91788e-12	6.68601e-13	1.47108e-13	3.11003e-14	6.32169e-15	1.23631e-15	2.32768e-16	4.2218e-17	7.38103e-18	1.24465e-18	2.02555e-19	3.18318e-20	4.83331e-21	7.09468e-22	1.0073e-22	1.38406e-23	1.84136e-24	2.37321e-25	2.96914e-26	4.01227e-27	4.01227e-27	
0.0286681	0.0211457	0.0151696	0.0105659	0.00713287	0.00465896	0.00293927	0.00178811	0.00104729	0.000589676	0.000318745	0.000165208	8.20188e-05	3.89678e-05	1.7705e-05	7.68858e-06	3.18998e-06	1.26422e-06	4.78535e-07	1.73014e-07	5.97579e-08	1.97228e-08	6.22228e-09	1.87725e-09	5.41866e-10	1.49722e-10	3.96233e-11	1.00494e-11	2.44409e-12	5.7037e-13	1.27801e-13	2.75119e-14	5.69376e-15	1.13355e-15	2.17231e-16	4.00968e-17	7.13295e-18	1.22366e-18	2.02555e-19	3.23716e-20	4.99769e-21	7.45757e-22	1.07617e-22	1.50262e-23	2.03105e-24	2.65896e-25	3.37322e-26	4.15497e-27	5.52146e-28	5.52146e-28	
0.0123804	0.0088813	0.00619102	0.00418676	0.00274226	0.00173676	0.00106189	0.000625829	0.000355002	0.000193559	0.000101314	5.08524e-05	2.44531e-05	1.12561e-05	4.95684e-06	2.08724e-06	8.40143e-07	3.23199e-07	1.18824e-07	4.17525e-08	1.40245e-08	4.50437e-09	1.3838e-09	4.06805e-10	1.14492e-10	3.08647e-11	7.97417e-12	1.97557e-12	4.69616e-13	1.07176e-13	2.34975e-14	4.95207e-15	1.00382e-15	1.9584e-16	3.67947e-17	6.66142e-18	1.1628e-18	1.95819e-19	3.18318e-20	4.99769e-21	7.58259e-22	1.11234e-22	1.57854e-23	2.16819e-24	2.88386e-25	3.71619e-26	4.64175e-27	5.63049e-28	7.36008e-29	7.36008e-29	
0.00497168	0.00347309	0.00235561	0.00154877	0.000985579	0.000606101	0.000359665	0.000205649	0.000113146	5.98272e-05	3.03676e-05	1.47823e-05	6.89483e-06	3.07928e-06	1.31607e-06	5.38068e-07	2.10382e-07	7.86569e-08	2.812e-08	9.61367e-09	3.14371e-09	9.83549e-10	2.94512e-10	8.44391e-11	2.31909e-11	6.10438e-12	1.54081e-12	3.7315e-13	8.67549e-14	1.93747e-14	4.1588e-15	8.5852e-16	1.70547e-16	3.26217e-17	6.01169e-18	1.06799e-18	1.83007e-19	3.02654e-20	4.83331e-21	7.45757e-22	1.11234e-22	1.60469e-23	2.24018e-24	3.02778e-25	3.96395e-26	5.02923e-27	6.18658e-28	7.39204e-29	9.5076e-30	9.5076e-30	
0.00186339	0.00126907	0.000838472	0.000536625	0.000332194	0.000198619	0.000114539	6.36217e-05	3.39967e-05	1.74562e-05	8.60393e-06	4.06713e-06	1.84244e-06	7.99357e-07	3.3199e-07	1.31946e-07	5.0172e-08	1.82509e-08	6.35146e-09	2.11487e-09	6.73916e-10	2.05574e-10	6.00514e-11	1.68055e-11	4.50764e-12	1.1594e-12	2.86108e-13	6.77763e-14	1.54213e-14	3.37214e-15	7.09067e-16	1.43456e-16	2.79415e-17	5.24249e-18	9.48046e-19	1.65338e-19	2.78235e-20	4.52051e-21	7.09468e-22	1.07617e-22	1.57854e-23	2.24018e-24	3.07732e-25	4.09394e-26	5.27706e-27	6.59366e-28	7.99003e-29	9.40628e-30	1.19072e-30	1.19072e-30	
0.00065401	0.000434693	0.00028007	0.000174673	0.000105307	6.12868e-05	3.43867e-05	1.85775e-05	9.65299e-06	4.81899e-06	2.30921e-06	1.0613e-06	4.67496e-07	1.97266e-07	7.97045e-08	3.08279e-08	1.14121e-08	4.04324e-09	1.37106e-09	4.45052e-10	1.38323e-10	4.11751e-11	1.17433e-11	3.21026e-12	8.41553e-13	2.11654e-13	5.10972e-14	1.18475e-14	2.63972e-15	5.65496e-16	1.16544e-16	2.31198e-17	4.41736e-18	8.13334e-19	1.44394e-19	2.4731e-20	4.0887e-21	6.52853e-22	1.0073e-22	1.50262e-23	2.16819e-24	3.02778e-25	4.09394e-26	5.36234e-27	6.80716e-28	8.37861e-29	1.00039e-29	1.16064e-30	1.4464e-31	1.4464e-31	
0.000215602	0.000139983	8.80365e-05	5.35592e-05	3.1479e-05	1.78513e-05	9.75558e-06	5.13182e-06	2.59577e-06	1.26131e-06	5.88263e-07	2.63149e-07	1.12837e-07	4.6357e-08	1.82408e-08	6.8728e-09	2.47935e-09	8.5635e-10	2.83211e-10	8.9699e-11	2.72139e-11	7.91144e-12	2.20465e-12	5.89149e-13	1.51045e-13	3.717e-14	8.78426e-15	1.99468e-15	4.35442e-16	9.14358e-17	1.84787e-17	3.59615e-18	6.74304e-19	1.2189e-19	2.12525e-20	3.57618e-21	5.8107e-22	9.12148e-23	1.38406e-23	2.03105e-24	2.88386e-25	3.96395e-26	5.27706e-27	6.80716e-28	8.51232e-29	1.03236e-29	1.21481e-30	1.38928e-31	1.70485e-32	1.70485e-32	
6.69451e-05	4.24946e-05	2.61098e-05	1.55089e-05	8.8947e-06	4.91967e-06	2.62122e-06	1.34392e-06	6.62411e-07	3.13606e-07	1.425e-07	6.21069e-08	2.59495e-08	1.03898e-08	3.98517e-09	1.4641e-09	5.15169e-10	1.73617e-10	5.60462e-11	1.73339e-11	5.13757e-12	1.45971e-12	3.97728e-13	1.03967e-13	2.60853e-14	6.28475e-15	1.45477e-15	3.23696e-16	6.92708e-17	1.42648e-17	2.82827e-18	5.40197e-19	9.94481e-20	1.76559e-20	3.02457e-21	5.00207e-22	7.99053e-23	1.23357e-23	1.84136e-24	2.65896e-25	3.71619e-26	5.02923e-27	6.59366e-28	8.37861e-29	1.03236e-29	1.23393e-30	1.43135e-31	1.6139e-32	1.95066e-33	1.95066e-33	
1.96431e-05	1.21989e-05	7.32811e-06	4.25314e-06	2.38215e-06	1.28614e-06	6.68667e-07	3.34434e-07	1.6077e-07	7.42253e-08	3.28891e-08	1.39785e-08	5.69605e-09	2.22457e-09	8.32476e-10	2.98466e-10	1.02519e-10	3.37379e-11	1.0639e-11	3.21548e-12	9.31689e-13	2.58893e-13	6.90171e-14	1.76589e-14	4.33847e-15	1.02395e-15	2.32281e-16	5.06706e-17	1.0635e-17	2.14874e-18	4.1815e-19	7.84174e-20	1.41794e-20	2.47342e-21	4.1645e-22	6.77139e-23	1.06381e-23	1.61565e-24	2.37321e-25	3.37322e-26	4.64175e-27	6.18658e-28	7.99003e-29	1.00039e-29	1.21481e-30	1.43135e-31	1.63708e-32	1.8203e-33	2.1675e-34	2.1675e-34	
5.52906e-06	3.35934e-06	1.97308e-06	1.11902e-06	6.12161e-07	3.22683e-07	1.63737e-07	7.99083e-08	3.74765e-08	1.68788e-08	7.29575e-09	3.02503e-09	1.20267e-09	4.58351e-10	1.67417e-10	5.86025e-11	1.96583e-11	6.32015e-12	1.94774e-12	5.75516e-13	1.63091e-13	4.43404e-14	1.15699e-14	2.8987e-15	6.97615e-16	1.61351e-16	3.58827e-17	7.6767e-18	1.58076e-18	3.1346e-19	5.98902e-20	1.10309e-20	1.95965e-21	3.35958e-22	5.561e-23	8.89209e-24	1.37422e-24	2.05366e-25	2.96914e-26	4.15497e-27	5.63049e-28	7.39204e-29	9.40628e-30	1.16064e-30	1.38928e-31	1.6139e-32	1.8203e-33	1.99631e-34	2.34224e-35	2.34224e-35	
1.79003e-06	1.06234e-06	6.09048e-07	3.36953e-07	1.79716e-07	9.23186e-08	4.56349e-08	2.16899e-08	9.90517e-09	4.34345e-09	1.82788e-09	7.37928e-10	2.85688e-10	1.06043e-10	3.77338e-11	1.28711e-11	4.20876e-12	1.31947e-12	3.96675e-13	1.14384e-13	3.16466e-14	8.40365e-15	2.14268e-15	5.24781e-16	1.23517e-16	2.79514e-17	6.08449e-18	1.27468e-18	2.57133e-19	4.99706e-20	9.36044e-21	1.69093e-21	2.94733e-22	4.95934e-23	8.05995e-24	1.26582e-24	1.922e-25	2.82287e-26	4.01227e-27	5.52146e-28	7.36008e-29	9.5076e-30	1.19072e-30	1.4464e-31	1.70485e-32	1.95066e-33	2.1675e-34	2.34224e-35	2.70508e-36	2.70508e-36	
1.79003e-06	1.06234e-06	6.09048e-07	3.36953e-07	1.79716e-07	9.23186e-08	4.56349e-08	2.16899e-08	9.90517e-09	4.34345e-09	1.82788e-09	7.37928e-10	2.85688e-10	1.06043e-10	3.77338e-11	1.28711e-11	4.20876e-12	1.31947e-12	3.96675e-13	1.14384e-13	3.16466e-14	8.40365e-15	2.14268e-15	5.24781e-16	1.23517e-16	2.79514e-17	6.08449e-18	1.27468e-18	2.57133e-19	4.99706e-20	9.36044e-21	1.69093e-21	2.94733e-22	4.95934e-23	8.05995e-24	1.26582e-24	1.922e-25	2.82287e-26	4.01227e-27	5.52146e-28	7.36008e-29	9.5076e-30	1.19072e-30	1.4464e-31	1.70485e-32	1.95066e-33	2.1675e-34	2.34224e-35	2.70508e-36	2.70508e-36	
