-0.0652407	-0.0540893	-0.0600883	-0.0651683	-0.0645881	-0.0676452	-0.070806	-0.0732274	-0.0706631	-0.0770938	-0.0854926	-0.0822979	-0.0830867	-0.0918156	-0.103065	-0.108111	-0.100951	-0.103491	-0.126614	-0.14986	-0.160598	-0.156434	-0.143282	-0.150259	-0.200369	-0.285606	-0.391399	-0.503363	-0.589666	-0.617558	-0.579585	-0.480427	-0.317745	-0.0964642	0.154712	0.39875	0.614026	0.792222	0.919697	0.973094	0.935895	0.815699	0.644345	0.462636	0.303324	0.182807	0.102671	0.0563017	0.0356359	0.0356359	
-0.0540893	-0.0561611	-0.0692287	-0.0685341	-0.0649268	-0.0684566	-0.0743003	-0.0723299	-0.0708873	-0.0838131	-0.0880325	-0.0814417	-0.0857508	-0.0977321	-0.1081	-0.107185	-0.100239	-0.112257	-0.139326	-0.157453	-0.160959	-0.151841	-0.143812	-0.167803	-0.235359	-0.33094	-0.440153	-0.544598	-0.609684	-0.610186	-0.546499	-0.423052	-0.237768	-0.00241905	0.249118	0.483141	0.68409	0.844511	0.947851	0.971169	0.904398	0.763442	0.584624	0.407451	0.259672	0.152305	0.0832853	0.0444322	0.0274429	0.0274429	
-0.0600883	-0.0692287	-0.0721285	-0.0621359	-0.0634826	-0.0739031	-0.0751703	-0.0714583	-0.0791003	-0.0890824	-0.0836454	-0.0815045	-0.0933459	-0.105295	-0.109823	-0.103887	-0.103516	-0.125596	-0.151331	-0.161461	-0.158376	-0.148104	-0.151256	-0.19517	-0.278312	-0.381039	-0.489346	-0.579985	-0.618841	-0.59049	-0.500951	-0.352955	-0.146686	0.0982756	0.345313	0.566291	0.750937	0.89084	0.966675	0.95792	0.862495	0.704222	0.52217	0.352881	0.218394	0.12455	0.0662592	0.0343608	0.0206866	0.0206866	
-0.0651683	-0.0685341	-0.0621359	-0.0600892	-0.0747972	-0.079445	-0.07365	-0.0746974	-0.0837116	-0.0875328	-0.0833044	-0.0884137	-0.10116	-0.108937	-0.108102	-0.102948	-0.113264	-0.140797	-0.159732	-0.161617	-0.154444	-0.148276	-0.168421	-0.23298	-0.328235	-0.434078	-0.535942	-0.606025	-0.614747	-0.557191	-0.441907	-0.269665	-0.0454256	0.203655	0.441409	0.646736	0.812964	0.929143	0.974179	0.932283	0.81041	0.639204	0.458415	0.300095	0.180193	0.0998362	0.0516312	0.0260065	0.0152457	0.0152457	
-0.0645881	-0.0649268	-0.0634826	-0.0747972	-0.0820223	-0.0734873	-0.0709184	-0.0791525	-0.089907	-0.0893775	-0.0843371	-0.0943901	-0.107831	-0.110597	-0.106014	-0.107068	-0.127847	-0.154266	-0.163539	-0.158993	-0.151506	-0.155922	-0.197581	-0.280764	-0.383304	-0.487378	-0.576126	-0.61918	-0.595477	-0.509274	-0.368526	-0.173306	0.0643043	0.311327	0.535477	0.722934	0.868279	0.957128	0.96851	0.893695	0.74895	0.569958	0.394934	0.250209	0.145639	0.0783317	0.039353	0.0192396	0.0109717	0.0109717	
-0.0676452	-0.0684566	-0.0739031	-0.079445	-0.0734873	-0.0691011	-0.0786648	-0.0908849	-0.092689	-0.0833632	-0.0874893	-0.106293	-0.112889	-0.108025	-0.10606	-0.117885	-0.144481	-0.163455	-0.162882	-0.155222	-0.153018	-0.174978	-0.239763	-0.336685	-0.440838	-0.537357	-0.605547	-0.616272	-0.559686	-0.445946	-0.280313	-0.064834	0.180001	0.418652	0.625625	0.793186	0.914653	0.972388	0.948175	0.842254	0.67954	0.498389	0.333345	0.20421	0.115134	0.0600706	0.0292982	0.0138943	0.00770056	0.00770056	
-0.070806	-0.0743003	-0.0751703	-0.07365	-0.0709184	-0.0786648	-0.0912376	-0.092013	-0.084485	-0.0852353	-0.102682	-0.114111	-0.109449	-0.106499	-0.113359	-0.133838	-0.1591	-0.166715	-0.158835	-0.15346	-0.163782	-0.208541	-0.293926	-0.397637	-0.497375	-0.579556	-0.619725	-0.594872	-0.506603	-0.36663	-0.177386	0.0537607	0.298495	0.522963	0.710025	0.855529	0.949523	0.972603	0.912285	0.778853	0.604194	0.42662	0.275187	0.162883	0.0888882	0.044959	0.0212758	0.00978186	0.00526436	0.00526436	
-0.0732274	-0.0723299	-0.0714583	-0.0746974	-0.0791525	-0.0908849	-0.092013	-0.0852083	-0.0866601	-0.0982975	-0.112052	-0.112501	-0.107594	-0.111454	-0.126126	-0.151327	-0.168439	-0.163664	-0.154491	-0.158879	-0.188521	-0.257367	-0.356916	-0.459651	-0.548635	-0.608829	-0.614647	-0.553565	-0.435906	-0.271052	-0.0608086	0.179383	0.416222	0.62176	0.786833	0.907618	0.970102	0.955832	0.860807	0.705236	0.525404	0.356833	0.221806	0.126761	0.0669141	0.0327907	0.0150484	0.00670449	0.00350098	0.00350098	
-0.0706631	-0.0708873	-0.0791003	-0.0837116	-0.089907	-0.092689	-0.084485	-0.0866601	-0.0963205	-0.108757	-0.116431	-0.110401	-0.108713	-0.121388	-0.144304	-0.166625	-0.168764	-0.156856	-0.155981	-0.177077	-0.229886	-0.319405	-0.424042	-0.518074	-0.589453	-0.619863	-0.587414	-0.491963	-0.347562	-0.159523	0.0670704	0.307969	0.529596	0.712815	0.854024	0.946674	0.973621	0.920866	0.794765	0.623962	0.445966	0.291091	0.174246	0.0960895	0.049038	0.0232706	0.0103522	0.00446768	0.00226207	0.00226207	
-0.0770938	-0.0838131	-0.0890824	-0.0875328	-0.0893775	-0.0833632	-0.0852353	-0.0982975	-0.108757	-0.118265	-0.113374	-0.105233	-0.117722	-0.141153	-0.162926	-0.171406	-0.161125	-0.154329	-0.169815	-0.211651	-0.287791	-0.390087	-0.489471	-0.567581	-0.614061	-0.608019	-0.536662	-0.41045	-0.241807	-0.0333906	0.202447	0.434879	0.635374	0.794104	0.909176	0.969569	0.957716	0.867595	0.716331	0.53825	0.368745	0.231159	0.133176	0.0708304	0.0349301	0.0160447	0.00691649	0.0028906	0.00141824	0.00141824	
-0.0854926	-0.0880325	-0.0836454	-0.0833044	-0.0843371	-0.0874893	-0.102682	-0.112052	-0.116431	-0.113374	-0.103593	-0.115124	-0.141205	-0.160071	-0.170447	-0.165823	-0.155076	-0.164045	-0.199794	-0.264248	-0.359167	-0.462349	-0.546706	-0.602461	-0.616725	-0.570138	-0.462585	-0.309845	-0.119412	0.104463	0.340214	0.555478	0.730877	0.863555	0.949328	0.973117	0.920927	0.797294	0.628766	0.451705	0.296402	0.178356	0.0988522	0.0506863	0.0241454	0.010732	0.00448171	0.00181347	0.000861786	0.000861786	
-0.0822979	-0.0814417	-0.0815045	-0.0884137	-0.0943901	-0.106293	-0.114111	-0.112501	-0.110401	-0.105233	-0.115124	-0.141703	-0.158952	-0.167769	-0.169052	-0.158259	-0.159587	-0.190933	-0.248537	-0.333831	-0.436697	-0.527562	-0.589623	-0.616921	-0.592483	-0.505124	-0.3666	-0.191208	0.0177541	0.249329	0.474512	0.66574	0.813927	0.918701	0.971031	0.9546	0.863207	0.712755	0.536183	0.367972	0.231146	0.133457	0.0711353	0.035154	0.0161722	0.00695374	0.00281264	0.00110179	0.000506923	0.000506923	
-0.0830867	-0.0857508	-0.0933459	-0.10116	-0.107831	-0.112889	-0.109449	-0.107594	-0.108713	-0.117722	-0.141205	-0.158952	-0.166405	-0.17038	-0.161899	-0.156989	-0.183554	-0.238594	-0.315773	-0.413932	-0.509775	-0.577967	-0.612834	-0.605107	-0.538125	-0.414182	-0.250769	-0.0560261	0.166034	0.394843	0.599607	0.762609	0.882468	0.9564	0.970721	0.912456	0.786329	0.618174	0.443137	0.290346	0.174532	0.0966654	0.0495423	0.0235927	0.0104798	0.00435858	0.00170737	0.000647473	0.000288334	0.000288334	
-0.0918156	-0.0977321	-0.105295	-0.108937	-0.110597	-0.108025	-0.106499	-0.111454	-0.121388	-0.141153	-0.160071	-0.167769	-0.17038	-0.163481	-0.15602	-0.178226	-0.232456	-0.304772	-0.396001	-0.493558	-0.568046	-0.607872	-0.610763	-0.561795	-0.453413	-0.300375	-0.117235	0.09311	0.319516	0.533789	0.710802	0.843903	0.934	0.972865	0.945446	0.846988	0.694014	0.518761	0.35411	0.221429	0.127352	0.0676556	0.0333384	0.0152981	0.00656095	0.00263927	0.00100126	0.000367606	0.00015842	0.00015842	
-0.103065	-0.1081	-0.109823	-0.108102	-0.106014	-0.10606	-0.113359	-0.126126	-0.144304	-0.162926	-0.170447	-0.169052	-0.161899	-0.15602	-0.176247	-0.229366	-0.299262	-0.384092	-0.48016	-0.559813	-0.603825	-0.61254	-0.577258	-0.484397	-0.341576	-0.167359	0.0317701	0.251462	0.470267	0.659413	0.80495	0.907689	0.96514	0.964198	0.893833	0.760868	0.591698	0.420129	0.272974	0.162887	0.0896342	0.0456774	0.0216427	0.00957025	0.00396311	0.00154204	0.000566596	0.000201428	8.39979e-05	8.39979e-05	
-0.108111	-0.107185	-0.103887	-0.102948	-0.107068	-0.117885	-0.133838	-0.151327	-0.166625	-0.171406	-0.165823	-0.158259	-0.156989	-0.178226	-0.229366	-0.29764	-0.378303	-0.471252	-0.553595	-0.601141	-0.6128	-0.586433	-0.507339	-0.375012	-0.207994	-0.0181479	0.192801	0.411393	0.609611	0.766753	0.880171	0.951393	0.971694	0.927449	0.817022	0.659196	0.485897	0.327556	0.20256	0.115355	0.0607471	0.0297014	0.0135346	0.00576845	0.00230688	0.000868348	0.000309068	0.000106418	4.29435e-05	4.29435e-05	
-0.100951	-0.100239	-0.103516	-0.113264	-0.127847	-0.144481	-0.1591	-0.168439	-0.168764	-0.161125	-0.155076	-0.159587	-0.183554	-0.232456	-0.299262	-0.378303	-0.468127	-0.550162	-0.599667	-0.612762	-0.591385	-0.522966	-0.400794	-0.240213	-0.0575452	0.144562	0.359381	0.562957	0.730205	0.853163	0.934741	0.971205	0.949537	0.861961	0.719195	0.549001	0.383289	0.245291	0.1444	0.078508	0.0395792	0.0185738	0.00814279	0.00334594	0.00129257	0.000470796	0.000162361	5.41614e-05	2.11527e-05	2.11527e-05	
-0.103491	-0.112257	-0.125596	-0.140797	-0.154266	-0.163455	-0.166715	-0.163664	-0.156856	-0.154329	-0.164045	-0.190933	-0.238594	-0.304772	-0.384092	-0.471252	-0.550162	-0.5992	-0.612755	-0.593734	-0.532415	-0.418966	-0.264456	-0.0874136	0.106852	0.315877	0.521213	0.696307	0.827765	0.917434	0.965754	0.962426	0.896213	0.770482	0.607382	0.438208	0.289722	0.176065	0.0987151	0.0512658	0.0247558	0.011156	0.00470743	0.00186568	0.000696457	0.000245542	8.2073e-05	2.65354e-05	1.0032e-05	1.0032e-05	
-0.126614	-0.139326	-0.151331	-0.159732	-0.163539	-0.162882	-0.158835	-0.154491	-0.155981	-0.169815	-0.199794	-0.248537	-0.315773	-0.396001	-0.48016	-0.553595	-0.599667	-0.612755	-0.594419	-0.536801	-0.429707	-0.280742	-0.108455	0.0792553	0.281821	0.486025	0.666239	0.804811	0.90098	0.957813	0.968607	0.921067	0.812699	0.659512	0.490469	0.334335	0.209397	0.120911	0.0646123	0.0320754	0.0148462	0.0064286	0.00261237	0.000999106	0.000360568	0.000123096	3.98944e-05	1.25068e-05	4.57851e-06	4.57851e-06	
-0.14986	-0.157453	-0.161461	-0.161617	-0.158993	-0.155222	-0.15346	-0.158879	-0.177077	-0.211651	-0.264248	-0.333831	-0.413932	-0.493558	-0.559813	-0.601141	-0.612762	-0.593734	-0.536801	-0.433252	-0.288937	-0.121014	0.061224	0.257558	0.458692	0.641256	0.785087	0.886368	0.949215	0.970374	0.938222	0.846198	0.704466	0.538504	0.377598	0.243275	0.144444	0.0793214	0.0404371	0.0192058	0.00852745	0.00355065	0.00139045	0.000513464	0.000179238	5.92814e-05	1.86368e-05	5.66798e-06	2.00995e-06	2.00995e-06	
-0.160598	-0.160959	-0.158376	-0.154444	-0.151506	-0.153018	-0.163782	-0.188521	-0.229886	-0.287791	-0.359167	-0.436697	-0.509775	-0.568046	-0.603825	-0.6128	-0.591385	-0.532415	-0.429707	-0.288937	-0.125196	0.0523218	0.243081	0.440078	0.622506	0.769381	0.874286	0.941221	0.969624	0.949467	0.87183	0.741892	0.581124	0.418081	0.276491	0.168509	0.0949545	0.0496477	0.0241716	0.0109949	0.00468728	0.00187825	0.000709329	0.000253084	8.55034e-05	2.74114e-05	8.36346e-06	2.46888e-06	8.48451e-07	8.48451e-07	
-0.156434	-0.151841	-0.148104	-0.148276	-0.155922	-0.174978	-0.208541	-0.257367	-0.319405	-0.390087	-0.462349	-0.527562	-0.577967	-0.607872	-0.61254	-0.586433	-0.522966	-0.418966	-0.280742	-0.121014	0.0523218	0.238274	0.430669	0.610886	0.758427	0.865254	0.934654	0.967785	0.956446	0.890704	0.771903	0.617542	0.454563	0.307854	0.192207	0.110954	0.0594182	0.029619	0.0137887	0.00601351	0.00246396	0.000951039	0.000346645	0.000119584	3.91263e-05	1.21654e-05	3.60428e-06	1.03333e-06	3.44307e-07	3.44307e-07	
-0.143282	-0.143812	-0.151256	-0.168421	-0.197581	-0.239763	-0.293926	-0.356916	-0.424042	-0.489471	-0.546706	-0.589623	-0.612834	-0.610763	-0.577258	-0.507339	-0.400794	-0.264456	-0.108455	0.061224	0.243081	0.430669	0.606949	0.752794	0.859662	0.930029	0.965856	0.960516	0.903968	0.794916	0.647339	0.486073	0.336259	0.214607	0.126682	0.0693772	0.0353633	0.0168307	0.00750199	0.00314061	0.0012381	0.000460748	0.000162223	5.41504e-05	1.71699e-05	5.18087e-06	1.49135e-06	4.15498e-07	1.34303e-07	1.34303e-07	
-0.150259	-0.167803	-0.19517	-0.23298	-0.280764	-0.336685	-0.397637	-0.459651	-0.518074	-0.567581	-0.602461	-0.616921	-0.605107	-0.561795	-0.484397	-0.375012	-0.240213	-0.0874136	0.0792553	0.257558	0.440078	0.610886	0.752794	0.857769	0.927647	0.964469	0.962686	0.912645	0.811488	0.670377	0.511903	0.360753	0.234813	0.14146	0.0790946	0.0411681	0.0200073	0.00910545	0.00389134	0.00156569	0.000594516	0.000213521	7.26828e-05	2.34945e-05	7.22457e-06	2.11692e-06	5.92413e-07	1.60492e-07	5.03531e-08	5.03531e-08	
-0.200369	-0.235359	-0.278312	-0.328235	-0.383304	-0.440838	-0.497375	-0.548635	-0.589453	-0.614061	-0.616725	-0.592483	-0.538125	-0.453413	-0.341576	-0.207994	-0.0575452	0.106852	0.281821	0.458692	0.622506	0.758427	0.859662	0.927647	0.963971	0.96361	0.917523	0.822172	0.686697	0.531581	0.380563	0.252015	0.154626	0.088112	0.0467603	0.0231759	0.0107577	0.00468904	0.00192405	0.000744973	0.000272774	9.46427e-05	3.11755e-05	9.76659e-06	2.91466e-06	8.29897e-07	2.25921e-07	5.9552e-08	1.81461e-08	1.81461e-08	
-0.285606	-0.33094	-0.381039	-0.434078	-0.487378	-0.537357	-0.579556	-0.608829	-0.619863	-0.608019	-0.570138	-0.505124	-0.414182	-0.300375	-0.167359	-0.0181479	0.144562	0.315877	0.486025	0.641256	0.769381	0.865254	0.930029	0.964469	0.96361	0.919093	0.827397	0.696416	0.544823	0.395108	0.265533	0.165569	0.095978	0.0518513	0.026174	0.0123775	0.00549723	0.00229853	0.000906854	0.000338321	0.000119588	4.01253e-05	1.28019e-05	3.89006e-06	1.12751e-06	3.12174e-07	8.27203e-08	2.12296e-08	6.28644e-09	6.28644e-09	
-0.391399	-0.440153	-0.489346	-0.535942	-0.576126	-0.605547	-0.619725	-0.614647	-0.587414	-0.536662	-0.462585	-0.3666	-0.250769	-0.117235	0.0317701	0.192801	0.359381	0.521213	0.666239	0.785087	0.874286	0.934654	0.965856	0.962686	0.917523	0.827397	0.699642	0.551475	0.403989	0.274842	0.173777	0.102282	0.05616	0.0288327	0.0138744	0.00627245	0.00267021	0.00107271	0.000407505	0.000146669	5.01051e-05	1.62742e-05	5.03363e-06	1.48482e-06	4.18295e-07	1.12692e-07	2.90847e-08	7.27211e-09	2.09396e-09	2.09396e-09	
-0.503363	-0.544598	-0.579985	-0.606025	-0.61918	-0.616272	-0.594872	-0.553565	-0.491963	-0.41045	-0.309845	-0.191208	-0.0560261	0.09311	0.251462	0.411393	0.562957	0.696307	0.804811	0.886368	0.941221	0.967785	0.960516	0.912645	0.822172	0.696416	0.551475	0.406974	0.279586	0.178862	0.106686	0.059437	0.0309918	0.015157	0.00696789	0.00301737	0.00123335	0.000476785	0.000174638	6.07149e-05	2.0068e-05	6.31601e-06	1.89558e-06	5.43247e-07	1.48859e-07	3.90491e-08	9.82234e-09	2.39416e-09	6.70774e-10	6.70774e-10	
-0.589666	-0.609684	-0.618841	-0.614747	-0.595477	-0.559686	-0.506603	-0.435906	-0.347562	-0.241807	-0.119412	0.0177541	0.166034	0.319516	0.470267	0.609611	0.730205	0.827765	0.90098	0.949215	0.969624	0.956446	0.903968	0.811488	0.686697	0.544823	0.403989	0.279586	0.180584	0.108951	0.0614867	0.0325149	0.0161419	0.00753785	0.00331745	0.00137864	0.000541985	0.000201917	7.14063e-05	2.40085e-05	7.68622e-06	2.34636e-06	6.83904e-07	1.90575e-07	5.08309e-08	1.29923e-08	3.18706e-09	7.57777e-10	2.06705e-10	2.06705e-10	
-0.617558	-0.610186	-0.59049	-0.557191	-0.509274	-0.445946	-0.36663	-0.271052	-0.159523	-0.0333906	0.104463	0.249329	0.394843	0.533789	0.659413	0.766753	0.853163	0.917434	0.957813	0.970374	0.949467	0.890704	0.794916	0.670377	0.531581	0.395108	0.274842	0.178862	0.108951	0.0621842	0.0333026	0.0167619	0.00794259	0.00354939	0.00149849	0.000598689	0.000226732	8.15221e-05	2.78707e-05	9.07309e-06	2.81641e-06	8.3471e-07	2.3649e-07	6.41268e-08	1.6661e-08	4.15209e-09	9.93896e-10	2.3066e-10	6.12965e-11	6.12965e-11	
-0.579585	-0.546499	-0.500951	-0.441907	-0.368526	-0.280313	-0.177386	-0.0608086	0.0670704	0.202447	0.340214	0.474512	0.599607	0.710802	0.80495	0.880171	0.934741	0.965754	0.968607	0.938222	0.87183	0.771903	0.647339	0.511903	0.380563	0.265533	0.173777	0.106686	0.0614867	0.0333026	0.0169736	0.00815277	0.00369606	0.001584	0.000642725	0.000247295	9.03583e-05	3.13982e-05	1.03902e-05	3.27867e-06	9.87807e-07	2.84492e-07	7.84134e-08	2.07065e-08	5.24413e-09	1.27505e-09	2.98012e-10	6.75468e-11	1.7498e-11	1.7498e-11	
-0.480427	-0.423052	-0.352955	-0.269665	-0.173306	-0.064834	0.0537607	0.179383	0.307969	0.434879	0.555478	0.66574	0.762609	0.843903	0.907689	0.951393	0.971205	0.962426	0.921067	0.846198	0.741892	0.617542	0.486073	0.360753	0.252015	0.165569	0.102282	0.059437	0.0325149	0.0167619	0.00815277	0.00374625	0.00162852	0.00067066	0.000262015	9.72433e-05	3.43308e-05	1.15442e-05	3.70207e-06	1.13357e-06	3.31804e-07	9.29447e-08	2.49425e-08	6.41905e-09	1.58577e-09	3.76408e-10	8.59506e-11	1.90377e-11	4.81036e-12	4.81036e-12	
-0.317745	-0.237768	-0.146686	-0.0454256	0.0643043	0.180001	0.298495	0.416222	0.529596	0.635374	0.730877	0.813927	0.882468	0.934	0.96514	0.971694	0.949537	0.896213	0.812699	0.704466	0.581124	0.454563	0.336259	0.234813	0.154626	0.095978	0.05616	0.0309918	0.0161419	0.00794259	0.00369606	0.00162852	0.000680234	0.000269695	0.000101621	3.6435e-05	1.24455e-05	4.05484e-06	1.26155e-06	3.7522e-07	1.06802e-07	2.91232e-08	7.61536e-09	1.91138e-09	4.60901e-10	1.0687e-10	2.38552e-11	5.16643e-12	1.27405e-12	1.27405e-12	
-0.0964642	-0.00241905	0.0982756	0.203655	0.311327	0.418652	0.522963	0.62176	0.712815	0.794104	0.863555	0.918701	0.9564	0.972865	0.964198	0.927449	0.861961	0.770482	0.659512	0.538504	0.418081	0.307854	0.214607	0.14146	0.088112	0.0518513	0.0288327	0.015157	0.00753785	0.00354939	0.001584	0.00067066	0.000269695	0.000103122	3.75344e-05	1.30194e-05	4.30836e-06	1.36165e-06	4.11445e-07	1.18985e-07	3.29639e-08	8.75727e-09	2.23297e-09	5.46975e-10	1.28824e-10	2.91968e-11	6.37438e-12	1.3506e-12	3.2524e-13	3.2524e-13	
0.154712	0.249118	0.345313	0.441409	0.535477	0.625625	0.710025	0.786833	0.854024	0.909176	0.949328	0.971031	0.970721	0.945446	0.893833	0.817022	0.719195	0.607382	0.490469	0.377598	0.276491	0.192207	0.126682	0.0790946	0.0467603	0.026174	0.0138744	0.00696789	0.00331745	0.00149849	0.000642725	0.000262015	0.000101621	3.75344e-05	1.32164e-05	4.44095e-06	1.42546e-06	4.37505e-07	1.28524e-07	3.61714e-08	9.76187e-09	2.52856e-09	6.29164e-10	1.50511e-10	3.46446e-11	7.67913e-12	1.64068e-12	3.4027e-13	8.00619e-14	8.00619e-14	
0.39875	0.483141	0.566291	0.646736	0.722934	0.793186	0.855529	0.907618	0.946674	0.969569	0.973117	0.9546	0.912456	0.846988	0.760868	0.659196	0.549001	0.438208	0.334335	0.243275	0.168509	0.110954	0.0693772	0.0411681	0.0231759	0.0123775	0.00627245	0.00301737	0.00137864	0.000598689	0.000247295	9.72433e-05	3.6435e-05	1.30194e-05	4.44095e-06	1.44738e-06	4.51144e-07	1.34608e-07	3.84803e-08	1.05489e-08	2.77553e-09	7.01492e-10	1.70447e-10	3.98464e-11	8.96922e-12	1.9454e-12	4.06966e-13	8.26593e-14	1.9013e-14	1.9013e-14	
0.614026	0.68409	0.750937	0.812964	0.868279	0.914653	0.949523	0.970102	0.973621	0.957716	0.920927	0.863207	0.786329	0.694014	0.591698	0.485897	0.383289	0.289722	0.209397	0.144444	0.0949545	0.0594182	0.0353633	0.0200073	0.0107577	0.00549723	0.00267021	0.00123335	0.000541985	0.000226732	9.03583e-05	3.43308e-05	1.24455e-05	4.30836e-06	1.42546e-06	4.51144e-07	1.36699e-07	3.96892e-08	1.10511e-08	2.95337e-09	7.58166e-10	1.87105e-10	4.44239e-11	1.0155e-11	2.23661e-12	4.7496e-13	9.73326e-14	1.93705e-14	4.35798e-15	4.35798e-15	
0.792222	0.844511	0.89084	0.929143	0.957128	0.972388	0.972603	0.955832	0.920866	0.867595	0.797294	0.712755	0.618174	0.518761	0.420129	0.327556	0.245291	0.176065	0.120911	0.0793214	0.0496477	0.029619	0.0168307	0.00910545	0.00468904	0.00229853	0.00107271	0.000476785	0.000201917	8.15221e-05	3.13982e-05	1.15442e-05	4.05484e-06	1.36165e-06	4.37505e-07	1.34608e-07	3.96892e-08	1.12237e-08	3.04649e-09	7.94334e-10	1.99101e-10	4.80105e-11	1.11456e-11	2.4928e-12	5.37504e-13	1.1181e-13	2.24567e-14	4.3811e-15	9.64567e-16	9.64567e-16	
0.919697	0.947851	0.966675	0.974179	0.96851	0.948175	0.912285	0.860807	0.794765	0.716331	0.628766	0.536183	0.443137	0.35411	0.272974	0.20256	0.1444	0.0987151	0.0646123	0.0404371	0.0241716	0.0137887	0.00750199	0.00389134	0.00192405	0.000906854	0.000407505	0.000174638	7.14063e-05	2.78707e-05	1.03902e-05	3.70207e-06	1.26155e-06	4.11445e-07	1.28524e-07	3.84803e-08	1.10511e-08	3.04649e-09	8.06768e-10	2.05384e-10	5.02994e-11	1.18589e-11	2.69348e-12	5.89738e-13	1.24556e-13	2.5393e-14	5.00083e-15	9.56829e-16	2.06252e-16	2.06252e-16	
0.973094	0.971169	0.95792	0.932283	0.893695	0.842254	0.778853	0.705236	0.623962	0.53825	0.451705	0.367972	0.290346	0.221429	0.162887	0.115355	0.078508	0.0512658	0.0320754	0.0192058	0.0109949	0.00601351	0.00314061	0.00156569	0.000744973	0.000338321	0.000146669	6.07149e-05	2.40085e-05	9.07309e-06	3.27867e-06	1.13357e-06	3.7522e-07	1.18985e-07	3.61714e-08	1.05489e-08	2.95337e-09	7.94334e-10	2.05384e-10	5.10863e-11	1.22325e-11	2.82153e-12	6.27339e-13	1.34538e-13	2.78472e-14	5.5665e-15	1.0754e-15	2.01886e-16	4.26276e-17	4.26276e-17	
0.935895	0.904398	0.862495	0.81041	0.74895	0.67954	0.604194	0.525404	0.445966	0.368745	0.296402	0.231146	0.174532	0.127352	0.0896342	0.0607471	0.0395792	0.0247558	0.0148462	0.00852745	0.00468728	0.00246396	0.0012381	0.000594516	0.000272774	0.000119588	5.01051e-05	2.0068e-05	7.68622e-06	2.81641e-06	9.87807e-07	3.31804e-07	1.06802e-07	3.29639e-08	9.76187e-09	2.77553e-09	7.58166e-10	1.99101e-10	5.02994e-11	1.22325e-11	2.86555e-12	6.47025e-13	1.40905e-13	2.96133e-14	6.00986e-15	1.17846e-15	2.23434e-16	4.11732e-17	8.51952e-18	8.51952e-18	
0.815699	0.763442	0.704222	0.639204	0.569958	0.498389	0.42662	0.356833	0.291091	0.231159	0.178356	0.133457	0.0966654	0.0676556	0.0456774	0.0297014	0.0185738	0.011156	0.0064286	0.00355065	0.00187825	0.000951039	0.000460748	0.000213521	9.46427e-05	4.01253e-05	1.62742e-05	6.31601e-06	2.34636e-06	8.3471e-07	2.84492e-07	9.29447e-08	2.91232e-08	8.75727e-09	2.52856e-09	7.01492e-10	1.87105e-10	4.80105e-11	1.18589e-11	2.82153e-12	6.47025e-13	1.43093e-13	3.05377e-14	6.2926e-15	1.25271e-15	2.41069e-16	4.48743e-17	8.12021e-18	1.64731e-18	1.64731e-18	
0.644345	0.584624	0.52217	0.458415	0.394934	0.333345	0.275187	0.221806	0.174246	0.133176	0.0988522	0.0711353	0.0495423	0.0333384	0.0216427	0.0135346	0.00814279	0.00470743	0.00261237	0.00139045	0.000709329	0.000346645	0.000162223	7.26828e-05	3.11755e-05	1.28019e-05	5.03363e-06	1.89558e-06	6.83904e-07	2.3649e-07	7.84134e-08	2.49425e-08	7.61536e-09	2.23297e-09	6.29164e-10	1.70447e-10	4.44239e-11	1.11456e-11	2.69348e-12	6.27339e-13	1.40905e-13	3.05377e-14	6.38976e-15	1.29156e-15	2.52329e-16	4.76738e-17	8.71629e-18	1.54944e-18	3.08298e-19	3.08298e-19	
0.462636	0.407451	0.352881	0.300095	0.250209	0.20421	0.162883	0.126761	0.0960895	0.0708304	0.0506863	0.035154	0.0235927	0.0152981	0.00957025	0.00576845	0.00334594	0.00186568	0.000999106	0.000513464	0.000253084	0.000119584	5.41504e-05	2.34945e-05	9.76659e-06	3.89006e-06	1.48482e-06	5.43247e-07	1.90575e-07	6.41268e-08	2.07065e-08	6.41905e-09	1.91138e-09	5.46975e-10	1.50511e-10	3.98464e-11	1.0155e-11	2.4928e-12	5.89738e-13	1.34538e-13	2.96133e-14	6.2926e-15	1.29156e-15	2.56198e-16	4.91413e-17	9.11912e-18	1.63819e-18	2.86184e-19	5.58734e-20	5.58734e-20	
0.303324	0.259672	0.218394	0.180193	0.145639	0.115134	0.0888882	0.0669141	0.049038	0.0349301	0.0241454	0.0161722	0.0104798	0.00656095	0.00396311	0.00230688	0.00129257	0.000696457	0.000360568	0.000179238	8.55034e-05	3.91263e-05	1.71699e-05	7.22457e-06	2.91466e-06	1.12751e-06	4.18295e-07	1.48859e-07	5.08309e-08	1.6661e-08	5.24413e-09	1.58577e-09	4.60901e-10	1.28824e-10	3.46446e-11	8.96922e-12	2.23661e-12	5.37504e-13	1.24556e-13	2.78472e-14	6.00986e-15	1.25271e-15	2.52329e-16	4.91413e-17	9.25783e-18	1.68802e-18	2.98063e-19	5.11893e-20	9.81009e-21	9.81009e-21	
0.182807	0.152305	0.12455	0.0998362	0.0783317	0.0600706	0.044959	0.0327907	0.0232706	0.0160447	0.010732	0.00695374	0.00435858	0.00263927	0.00154204	0.000868348	0.000470796	0.000245542	0.000123096	5.92814e-05	2.74114e-05	1.21654e-05	5.18087e-06	2.11692e-06	8.29897e-07	3.12174e-07	1.12692e-07	3.90491e-08	1.29923e-08	4.15209e-09	1.27505e-09	3.76408e-10	1.0687e-10	2.91968e-11	7.67913e-12	1.9454e-12	4.7496e-13	1.1181e-13	2.5393e-14	5.5665e-15	1.17846e-15	2.41069e-16	4.76738e-17	9.11912e-18	1.68802e-18	3.02528e-19	5.25252e-20	8.87114e-21	1.66943e-21	1.66943e-21	
0.102671	0.0832853	0.0662592	0.0516312	0.039353	0.0292982	0.0212758	0.0150484	0.0103522	0.00691649	0.00448171	0.00281264	0.00170737	0.00100126	0.000566596	0.000309068	0.000162361	8.2073e-05	3.98944e-05	1.86368e-05	8.36346e-06	3.60428e-06	1.49135e-06	5.92413e-07	2.25921e-07	8.27203e-08	2.90847e-08	9.82234e-09	3.18706e-09	9.93896e-10	2.98012e-10	8.59506e-11	2.38552e-11	6.37438e-12	1.64068e-12	4.06966e-13	9.73326e-14	2.24567e-14	5.00083e-15	1.0754e-15	2.23434e-16	4.48743e-17	8.71629e-18	1.63819e-18	2.98063e-19	5.25252e-20	8.96982e-21	1.49031e-21	2.75497e-22	2.75497e-22	
0.0563017	0.0444322	0.0343608	0.0260065	0.0192396	0.0138943	0.00978186	0.00670449	0.00446768	0.0028906	0.00181347	0.00110179	0.000647473	0.000367606	0.000201428	0.000106418	5.41614e-05	2.65354e-05	1.25068e-05	5.66798e-06	2.46888e-06	1.03333e-06	4.15498e-07	1.60492e-07	5.9552e-08	2.12296e-08	7.27211e-09	2.39416e-09	7.57777e-10	2.3066e-10	6.75468e-11	1.90377e-11	5.16643e-12	1.3506e-12	3.4027e-13	8.26593e-14	1.93705e-14	4.3811e-15	9.56829e-16	2.01886e-16	4.11732e-17	8.12021e-18	1.54944e-18	2.86184e-19	5.11893e-20	8.87114e-21	1.49031e-21	2.43624e-22	4.42476e-23	4.42476e-23	
0.0356359	0.0274429	0.0206866	0.0152457	0.0109717	0.00770056	0.00526436	0.00350098	0.00226207	0.00141824	0.000861786	0.000506923	0.000288334	0.00015842	8.39979e-05	4.29435e-05	2.11527e-05	1.0032e-05	4.57851e-06	2.00995e-06	8.48451e-07	3.44307e-07	1.34303e-07	5.03531e-08	1.81461e-08	6.28644e-09	2.09396e-09	6.70774e-10	2.06705e-10	6.12965e-11	1.7498e-11	4.81036e-12	1.27405e-12	3.2524e-13	8.00619e-14	1.9013e-14	4.35798e-15	9.64567e-16	2.06252e-16	4.26276e-17	8.51952e-18	1.64731e-18	3.08298e-19	5.58734e-20	9.81009e-21	1.66943e-21	2.75497e-22	4.42476e-23	7.8835e-24	7.8835e-24	
0.0356359	0.0274429	0.0206866	0.0152457	0.0109717	0.00770056	0.00526436	0.00350098	0.00226207	0.00141824	0.000861786	0.000506923	0.000288334	0.00015842	8.39979e-05	4.29435e-05	2.11527e-05	1.0032e-05	4.57851e-06	2.00995e-06	8.48451e-07	3.44307e-07	1.34303e-07	5.03531e-08	1.81461e-08	6.28644e-09	2.09396e-09	6.70774e-10	2.06705e-10	6.12965e-11	1.7498e-11	4.81036e-12	1.27405e-12	3.2524e-13	8.00619e-14	1.9013e-14	4.35798e-15	9.64567e-16	2.06252e-16	4.26276e-17	8.51952e-18	1.64731e-18	3.08298e-19	5.58734e-20	9.81009e-21	1.66943e-21	2.75497e-22	4.42476e-23	7.8835e-24	7.8835e-24	
