0.559144	0.559144	0.576642	0.62414	0.678184	0.734085	0.799986	0.855132	0.879126	0.865104	0.787828	0.652249	0.474577	0.253122	0.0139722	-0.187329	-0.330759	-0.418776	-0.433185	-0.366851	-0.248342	-0.115486	-0.00380233	0.0718035	0.112359	0.125055	0.114887	0.0953437	0.0738177	0.0635534	0.063217	0.0596027	0.056203	0.0415973	0.011216	-0.0313538	-0.0804802	-0.136554	-0.191953	-0.237554	-0.254013	-0.217814	-0.111028	0.0619192	0.273483	0.506578	0.742185	0.948896	1.11567	1.24071	
0.559144	0.559144	0.576642	0.62414	0.678184	0.734085	0.799986	0.855132	0.879126	0.865104	0.787828	0.652249	0.474577	0.253122	0.0139722	-0.187329	-0.330759	-0.418776	-0.433185	-0.366851	-0.248342	-0.115486	-0.00380233	0.0718035	0.112359	0.125055	0.114887	0.0953437	0.0738177	0.0635534	0.063217	0.0596027	0.056203	0.0415973	0.011216	-0.0313538	-0.0804802	-0.136554	-0.191953	-0.237554	-0.254013	-0.217814	-0.111028	0.0619192	0.273483	0.506578	0.742185	0.948896	1.11567	1.24071	
0.576642	0.576642	0.590559	0.63688	0.698421	0.759232	0.820791	0.87382	0.896685	0.875498	0.802595	0.680066	0.499761	0.273732	0.0427675	-0.159846	-0.311488	-0.391102	-0.399312	-0.343055	-0.231731	-0.0984472	0.0162232	0.0989245	0.145199	0.156626	0.143655	0.121555	0.100962	0.089704	0.0786889	0.0619232	0.0497338	0.0346364	0.0150772	-0.0152238	-0.0572645	-0.106633	-0.16054	-0.209076	-0.217833	-0.165211	-0.052716	0.110492	0.308901	0.531426	0.753096	0.951928	1.11836	1.23309	
0.62414	0.62414	0.63688	0.680619	0.743837	0.81093	0.874148	0.923383	0.939158	0.913164	0.840998	0.717509	0.534125	0.317203	0.100189	-0.108639	-0.274355	-0.355578	-0.36291	-0.315033	-0.210266	-0.0755763	0.0436585	0.134115	0.189113	0.20713	0.192419	0.166879	0.144079	0.122746	0.0930313	0.0605136	0.0416055	0.0311207	0.0275574	0.0128943	-0.0185546	-0.0591587	-0.111024	-0.160581	-0.158699	-0.0834028	0.0434454	0.199656	0.382487	0.583967	0.776675	0.949181	1.10134	1.20013	
0.678184	0.678184	0.698421	0.743837	0.801919	0.869999	0.941158	0.987271	0.995026	0.970254	0.896371	0.761586	0.580764	0.382547	0.174733	-0.035869	-0.211353	-0.30694	-0.321868	-0.273491	-0.173086	-0.0412708	0.0850833	0.182975	0.247814	0.272945	0.259299	0.228605	0.193013	0.150043	0.102464	0.0618647	0.0424052	0.0417871	0.0492122	0.0452908	0.028317	0.00208408	-0.0361581	-0.0726985	-0.0583903	0.031697	0.167725	0.319798	0.483909	0.654375	0.807358	0.942641	1.06194	1.13806	
0.734085	0.734085	0.759232	0.81093	0.869999	0.935916	1.00432	1.04776	1.05458	1.03188	0.955262	0.819388	0.648928	0.456394	0.245634	0.036663	-0.13741	-0.245213	-0.26757	-0.217567	-0.119061	0.00980996	0.138471	0.24611	0.321504	0.353107	0.337067	0.299409	0.248111	0.185794	0.122782	0.0712597	0.0500853	0.0531142	0.0661785	0.0769419	0.0811854	0.0740522	0.0580057	0.0468837	0.0789632	0.175248	0.314087	0.462485	0.604342	0.733169	0.846573	0.939777	1.0154	1.05937	
0.799986	0.799986	0.820791	0.874148	0.941158	1.00432	1.06154	1.10265	1.11739	1.09371	1.01377	0.886559	0.722973	0.522831	0.303867	0.0993588	-0.0719986	-0.183814	-0.211895	-0.162751	-0.0633666	0.062448	0.194542	0.311878	0.391946	0.419427	0.405613	0.363997	0.299091	0.224615	0.148874	0.0837956	0.0539696	0.0568551	0.0785147	0.109967	0.139468	0.155545	0.163282	0.178648	0.230809	0.331103	0.465616	0.608284	0.724382	0.814462	0.886851	0.936476	0.960694	0.963009	
0.855132	0.855132	0.87382	0.923383	0.987271	1.04776	1.10265	1.14943	1.17041	1.14465	1.06456	0.943306	0.779556	0.570462	0.347474	0.143455	-0.0213439	-0.130382	-0.167481	-0.128499	-0.026923	0.106141	0.24269	0.365151	0.442323	0.46506	0.443387	0.391528	0.321486	0.246425	0.166339	0.093382	0.0561438	0.0544759	0.0866214	0.140243	0.196153	0.23975	0.272259	0.312048	0.382392	0.487191	0.617644	0.743349	0.829911	0.879831	0.906951	0.905475	0.880904	0.841268	
0.879126	0.879126	0.896685	0.939158	0.995026	1.05458	1.11739	1.17041	1.18956	1.16351	1.09218	0.976933	0.806815	0.592085	0.365451	0.16234	0.00339742	-0.0993702	-0.141096	-0.107967	-0.00342131	0.137567	0.280219	0.396571	0.465953	0.482994	0.455162	0.392171	0.314912	0.23803	0.162765	0.0975302	0.0596942	0.0593926	0.0967877	0.160434	0.236577	0.312447	0.379209	0.446584	0.531264	0.640278	0.758137	0.854428	0.908303	0.922336	0.89905	0.850577	0.784905	0.712522	
0.865104	0.865104	0.875498	0.913164	0.970254	1.03188	1.09371	1.14465	1.16351	1.14461	1.08454	0.969764	0.793841	0.575897	0.346727	0.137652	-0.019426	-0.11277	-0.144982	-0.106852	0.0014374	0.147804	0.28327	0.384537	0.44772	0.467708	0.434609	0.366545	0.288478	0.21012	0.138647	0.0824355	0.0519209	0.056446	0.0996625	0.172656	0.264034	0.364888	0.465697	0.558801	0.656436	0.767714	0.869562	0.932148	0.956257	0.935784	0.869758	0.775945	0.679205	0.588987	
0.787828	0.787828	0.802595	0.840998	0.896371	0.955262	1.01377	1.06456	1.09218	1.08454	1.02744	0.907341	0.727082	0.511627	0.28509	0.075845	-0.0836773	-0.171392	-0.186341	-0.134733	-0.0248794	0.113564	0.237929	0.324768	0.380672	0.397302	0.366501	0.302649	0.224232	0.145957	0.0812613	0.0387112	0.0219368	0.0412735	0.0954677	0.178512	0.283676	0.406103	0.533335	0.64856	0.757012	0.858704	0.930978	0.96302	0.956356	0.907449	0.808617	0.679565	0.55288	0.449342	
0.652249	0.652249	0.680066	0.717509	0.761586	0.819388	0.886559	0.943306	0.976933	0.969764	0.907341	0.781715	0.605803	0.395707	0.176801	-0.0275651	-0.18757	-0.274514	-0.277496	-0.214557	-0.107039	0.0215774	0.135912	0.217672	0.265199	0.273081	0.241058	0.184744	0.115421	0.0469541	-0.00487689	-0.0317423	-0.0278365	0.00858282	0.0773147	0.173978	0.29522	0.431192	0.569542	0.697805	0.80952	0.894693	0.941965	0.951252	0.918601	0.837774	0.709224	0.551935	0.402826	0.285791	
0.474577	0.474577	0.499761	0.534125	0.580764	0.648928	0.722973	0.779556	0.806815	0.793841	0.727082	0.605803	0.437624	0.237677	0.029596	-0.164967	-0.325253	-0.416574	-0.416289	-0.344278	-0.233572	-0.111641	-0.00160471	0.0748531	0.107722	0.103575	0.0792942	0.0360716	-0.0209165	-0.0735332	-0.107664	-0.11739	-0.0922516	-0.034892	0.0466077	0.15724	0.295778	0.445002	0.583663	0.709494	0.810512	0.876312	0.905816	0.90179	0.851939	0.744287	0.587704	0.412488	0.247793	0.122002	
0.253122	0.253122	0.273732	0.317203	0.382547	0.456394	0.522831	0.570462	0.592085	0.575897	0.511627	0.395707	0.237677	0.0529575	-0.14503	-0.335375	-0.491097	-0.577769	-0.582463	-0.51324	-0.404344	-0.284018	-0.17651	-0.103493	-0.0805025	-0.0901002	-0.110397	-0.14158	-0.175162	-0.203254	-0.221522	-0.214355	-0.17013	-0.0937436	0.00825671	0.140852	0.292481	0.446246	0.578759	0.684824	0.762372	0.81286	0.833357	0.81417	0.747808	0.622255	0.453876	0.270018	0.0989889	-0.0248689	
0.0139722	0.0139722	0.0427675	0.100189	0.174733	0.245634	0.303867	0.347474	0.365451	0.346727	0.28509	0.176801	0.029596	-0.14503	-0.34072	-0.526526	-0.664256	-0.740588	-0.755993	-0.706206	-0.611337	-0.50169	-0.396571	-0.31858	-0.284752	-0.286807	-0.30742	-0.333783	-0.34925	-0.35473	-0.350538	-0.317261	-0.252327	-0.150311	-0.0200117	0.129318	0.281676	0.426695	0.543739	0.627262	0.6836	0.716952	0.728231	0.693281	0.601688	0.468524	0.307539	0.128364	-0.0415972	-0.159956	
-0.187329	-0.187329	-0.159846	-0.108639	-0.035869	0.036663	0.0993588	0.143455	0.16234	0.137652	0.075845	-0.0275651	-0.164967	-0.335375	-0.526526	-0.701433	-0.822954	-0.894553	-0.921847	-0.895692	-0.825335	-0.731582	-0.628244	-0.536978	-0.480514	-0.468801	-0.489074	-0.508941	-0.512239	-0.500931	-0.471689	-0.409995	-0.320895	-0.193047	-0.0361952	0.123631	0.269295	0.389304	0.480406	0.547168	0.585308	0.605815	0.606497	0.55867	0.450957	0.311613	0.154612	-0.0105287	-0.164552	-0.271823	
-0.330759	-0.330759	-0.311488	-0.274355	-0.211353	-0.13741	-0.0719986	-0.0213439	0.00339742	-0.019426	-0.0836773	-0.18757	-0.325253	-0.491097	-0.664256	-0.822954	-0.946462	-1.03561	-1.07587	-1.06308	-1.00758	-0.924159	-0.823475	-0.727668	-0.660466	-0.634142	-0.63593	-0.642324	-0.637255	-0.613086	-0.556869	-0.472343	-0.358338	-0.213243	-0.0493306	0.113233	0.255444	0.355995	0.418692	0.46385	0.484274	0.487169	0.46976	0.413115	0.310295	0.168791	0.0101791	-0.138899	-0.263052	-0.344096	
-0.418776	-0.418776	-0.391102	-0.355578	-0.30694	-0.245213	-0.183814	-0.130382	-0.0993702	-0.11277	-0.171392	-0.274514	-0.416574	-0.577769	-0.740588	-0.894553	-1.03561	-1.14263	-1.19603	-1.19421	-1.15204	-1.06893	-0.967269	-0.876291	-0.811556	-0.769576	-0.744713	-0.732922	-0.715402	-0.67419	-0.599297	-0.494645	-0.362925	-0.211778	-0.0528099	0.105847	0.237674	0.327005	0.36582	0.379918	0.378633	0.365268	0.325495	0.258611	0.165954	0.0308048	-0.11927	-0.244508	-0.335281	-0.379488	
-0.433185	-0.433185	-0.399312	-0.36291	-0.321868	-0.26757	-0.211895	-0.167481	-0.141096	-0.144982	-0.186341	-0.277496	-0.416289	-0.582463	-0.755993	-0.921847	-1.07587	-1.19603	-1.26435	-1.27247	-1.2344	-1.15325	-1.06	-0.975116	-0.903451	-0.842295	-0.797075	-0.770862	-0.737685	-0.678738	-0.590271	-0.474398	-0.340295	-0.188554	-0.0349329	0.108148	0.218776	0.293295	0.315122	0.305233	0.284427	0.245168	0.18732	0.111945	0.0166606	-0.101748	-0.219636	-0.312801	-0.37364	-0.392983	
-0.366851	-0.366851	-0.343055	-0.315033	-0.273491	-0.217567	-0.162751	-0.128499	-0.107967	-0.106852	-0.134733	-0.214557	-0.344278	-0.51324	-0.706206	-0.895692	-1.06308	-1.19421	-1.27247	-1.28371	-1.2432	-1.17208	-1.09027	-1.00645	-0.925015	-0.849532	-0.789073	-0.742701	-0.692336	-0.617463	-0.526201	-0.414234	-0.292463	-0.148862	-0.00151718	0.122706	0.206896	0.258212	0.270069	0.256103	0.212596	0.141966	0.0615134	-0.0234091	-0.122514	-0.219683	-0.299046	-0.35197	-0.384641	-0.389206	
-0.248342	-0.248342	-0.231731	-0.210266	-0.173086	-0.119061	-0.0633666	-0.026923	-0.00342131	0.0014374	-0.0248794	-0.107039	-0.233572	-0.404344	-0.611337	-0.825335	-1.00758	-1.15204	-1.2344	-1.2432	-1.2032	-1.1453	-1.06918	-0.980807	-0.89303	-0.807383	-0.727158	-0.658332	-0.588982	-0.509172	-0.419238	-0.318005	-0.208596	-0.088152	0.037245	0.137792	0.200743	0.230848	0.233549	0.21631	0.153214	0.0511797	-0.0540106	-0.153593	-0.248857	-0.326455	-0.372745	-0.392833	-0.395588	-0.374785	
-0.115486	-0.115486	-0.0984472	-0.0755763	-0.0412708	0.00980996	0.062448	0.106141	0.137567	0.147804	0.113564	0.0215774	-0.111641	-0.284018	-0.50169	-0.731582	-0.924159	-1.06893	-1.15325	-1.17208	-1.1453	-1.08304	-0.991701	-0.895939	-0.81005	-0.716034	-0.614892	-0.523593	-0.4433	-0.369998	-0.287617	-0.193614	-0.0974448	-0.0057053	0.0831279	0.154816	0.202053	0.222066	0.208593	0.17154	0.092102	-0.024144	-0.143182	-0.253772	-0.345394	-0.408592	-0.435087	-0.436541	-0.418202	-0.368119	
-0.00380233	-0.00380233	0.0162232	0.0436585	0.0850833	0.138471	0.194542	0.24269	0.280219	0.28327	0.237929	0.135912	-0.00160471	-0.17651	-0.396571	-0.628244	-0.823475	-0.967269	-1.06	-1.09027	-1.06918	-0.991701	-0.88269	-0.77346	-0.678374	-0.576685	-0.464218	-0.360335	-0.277581	-0.211689	-0.1383	-0.0575366	0.0183259	0.086016	0.141492	0.185848	0.217921	0.226704	0.193261	0.130309	0.034062	-0.0852761	-0.203016	-0.313923	-0.406933	-0.463155	-0.481313	-0.470855	-0.437809	-0.37062	
0.0718035	0.0718035	0.0989245	0.134115	0.182975	0.24611	0.311878	0.365151	0.396571	0.384537	0.324768	0.217672	0.0748531	-0.103493	-0.31858	-0.536978	-0.727668	-0.876291	-0.975116	-1.00645	-0.980807	-0.895939	-0.77346	-0.641433	-0.521421	-0.407573	-0.295274	-0.194525	-0.115781	-0.0480955	0.0150407	0.074172	0.124173	0.17075	0.205658	0.232829	0.244688	0.234849	0.189915	0.115831	0.00499902	-0.121356	-0.242515	-0.348197	-0.439878	-0.498532	-0.514576	-0.492119	-0.441677	-0.36842	
0.112359	0.112359	0.145199	0.189113	0.247814	0.321504	0.391946	0.442323	0.465953	0.44772	0.380672	0.265199	0.107722	-0.0805025	-0.284752	-0.480514	-0.660466	-0.811556	-0.903451	-0.925015	-0.89303	-0.81005	-0.678374	-0.521421	-0.369372	-0.239246	-0.130741	-0.038969	0.0380023	0.106371	0.159357	0.1974	0.222744	0.246172	0.271309	0.288369	0.277993	0.251237	0.199729	0.124281	0.0102711	-0.126973	-0.258813	-0.3643	-0.449402	-0.512772	-0.527149	-0.492553	-0.430242	-0.351025	
0.125055	0.125055	0.156626	0.20713	0.272945	0.353107	0.419427	0.46506	0.482994	0.467708	0.397302	0.273081	0.103575	-0.0901002	-0.286807	-0.468801	-0.634142	-0.769576	-0.842295	-0.849532	-0.807383	-0.716034	-0.576685	-0.407573	-0.239246	-0.0946067	0.0199371	0.109389	0.181448	0.240379	0.282129	0.305257	0.313856	0.320094	0.334855	0.3393	0.320207	0.283768	0.225757	0.144545	0.0365192	-0.103013	-0.235531	-0.344969	-0.43173	-0.493277	-0.501666	-0.464728	-0.400676	-0.324931	
0.114887	0.114887	0.143655	0.192419	0.259299	0.337067	0.405613	0.443387	0.455162	0.434609	0.366501	0.241058	0.0792942	-0.110397	-0.30742	-0.489074	-0.63593	-0.744713	-0.797075	-0.789073	-0.727158	-0.614892	-0.464218	-0.295274	-0.130741	0.0199371	0.143692	0.232968	0.29548	0.342939	0.375462	0.389723	0.391541	0.390654	0.394337	0.385352	0.362563	0.326417	0.261399	0.171443	0.0646453	-0.0633579	-0.187843	-0.298458	-0.390027	-0.441937	-0.441382	-0.400893	-0.349737	-0.287453	
0.0953437	0.0953437	0.121555	0.166879	0.228605	0.299409	0.363997	0.391528	0.392171	0.366545	0.302649	0.184744	0.0360716	-0.14158	-0.333783	-0.508941	-0.642324	-0.732922	-0.770862	-0.742701	-0.658332	-0.523593	-0.360335	-0.194525	-0.038969	0.109389	0.232968	0.315081	0.369744	0.408774	0.431878	0.439787	0.441172	0.442999	0.445143	0.4308	0.403768	0.362238	0.292532	0.198022	0.0856666	-0.032029	-0.144106	-0.244705	-0.32973	-0.36839	-0.359801	-0.325649	-0.287702	-0.24432	
0.0738177	0.0738177	0.100962	0.144079	0.193013	0.248111	0.299091	0.321486	0.314912	0.288478	0.224232	0.115421	-0.0209165	-0.175162	-0.34925	-0.512239	-0.637255	-0.715402	-0.737685	-0.692336	-0.588982	-0.4433	-0.277581	-0.115781	0.0380023	0.181448	0.29548	0.369744	0.414405	0.44025	0.454091	0.459039	0.463216	0.479483	0.493691	0.48221	0.441613	0.385812	0.307033	0.21404	0.102403	-0.012495	-0.11495	-0.198784	-0.26555	-0.295962	-0.287781	-0.263293	-0.239037	-0.207756	
0.0635534	0.0635534	0.089704	0.122746	0.150043	0.185794	0.224615	0.246425	0.23803	0.21012	0.145957	0.0469541	-0.0735332	-0.203254	-0.35473	-0.500931	-0.613086	-0.67419	-0.678738	-0.617463	-0.509172	-0.369998	-0.211689	-0.0480955	0.106371	0.240379	0.342939	0.408774	0.44025	0.454442	0.462313	0.467854	0.480016	0.50867	0.531645	0.521203	0.467195	0.385416	0.299353	0.210448	0.103565	-0.00785542	-0.0996922	-0.16942	-0.219058	-0.243596	-0.2394	-0.226746	-0.208532	-0.189326	
0.063217	0.063217	0.0786889	0.0930313	0.102464	0.122782	0.148874	0.166339	0.162765	0.138647	0.0812613	-0.00487689	-0.107664	-0.221522	-0.350538	-0.471689	-0.556869	-0.599297	-0.590271	-0.526201	-0.419238	-0.287617	-0.1383	0.0150407	0.159357	0.282129	0.375462	0.431878	0.454091	0.462313	0.470689	0.47999	0.499744	0.530733	0.55175	0.534201	0.464835	0.365023	0.268186	0.174009	0.0729056	-0.0283896	-0.107272	-0.16314	-0.202785	-0.225259	-0.223681	-0.216756	-0.207625	-0.199468	
0.0596027	0.0596027	0.0619232	0.0605136	0.0618647	0.0712597	0.0837956	0.093382	0.0975302	0.0824355	0.0387112	-0.0317423	-0.11739	-0.214355	-0.317261	-0.409995	-0.472343	-0.494645	-0.474398	-0.414234	-0.318005	-0.193614	-0.0575366	0.074172	0.1974	0.305257	0.389723	0.439787	0.459039	0.467854	0.47999	0.496624	0.519459	0.542632	0.549156	0.517676	0.437421	0.330646	0.222833	0.115231	0.0123423	-0.0744702	-0.13907	-0.189768	-0.228978	-0.250064	-0.247833	-0.239135	-0.23625	-0.238608	
0.056203	0.056203	0.0497338	0.0416055	0.0424052	0.0500853	0.0539696	0.0561438	0.0596942	0.0519209	0.0219368	-0.0278365	-0.0922516	-0.17013	-0.252327	-0.320895	-0.358338	-0.362925	-0.340295	-0.292463	-0.208596	-0.0974448	0.0183259	0.124173	0.222744	0.313856	0.391541	0.441172	0.463216	0.480016	0.499744	0.519459	0.5332	0.537628	0.519422	0.470003	0.388207	0.285637	0.168185	0.0434323	-0.0640227	-0.145298	-0.204061	-0.254818	-0.297999	-0.315846	-0.306638	-0.289444	-0.287853	-0.296895	
0.0415973	0.0415973	0.0346364	0.0311207	0.0417871	0.0531142	0.0568551	0.0544759	0.0593926	0.056446	0.0412735	0.00858282	-0.034892	-0.0937436	-0.150311	-0.193047	-0.213243	-0.211778	-0.188554	-0.148862	-0.088152	-0.0057053	0.086016	0.17075	0.246172	0.320094	0.390654	0.442999	0.479483	0.50867	0.530733	0.542632	0.537628	0.514089	0.472491	0.409253	0.324059	0.219726	0.0958161	-0.0371046	-0.150985	-0.235499	-0.29827	-0.35036	-0.391243	-0.405466	-0.392518	-0.365633	-0.354293	-0.358325	
0.011216	0.011216	0.0150772	0.0275574	0.0492122	0.0661785	0.0785147	0.0866214	0.0967877	0.0996625	0.0954677	0.0773147	0.0466077	0.00825671	-0.0200117	-0.0361952	-0.0493306	-0.0528099	-0.0349329	-0.00151718	0.037245	0.0831279	0.141492	0.205658	0.271309	0.334855	0.394337	0.445143	0.493691	0.531645	0.55175	0.549156	0.519422	0.472491	0.4115	0.328876	0.22655	0.110133	-0.0179983	-0.142429	-0.254172	-0.344012	-0.410718	-0.456667	-0.489172	-0.502098	-0.489805	-0.453989	-0.422745	-0.408371	
-0.0313538	-0.0313538	-0.0152238	0.0128943	0.0452908	0.0769419	0.109967	0.140243	0.160434	0.172656	0.178512	0.173978	0.15724	0.140852	0.129318	0.123631	0.113233	0.105847	0.108148	0.122706	0.137792	0.154816	0.185848	0.232829	0.288369	0.3393	0.385352	0.4308	0.48221	0.521203	0.534201	0.517676	0.470003	0.409253	0.328876	0.223386	0.097491	-0.0342842	-0.164174	-0.281873	-0.38974	-0.475877	-0.534552	-0.570276	-0.589907	-0.595945	-0.576595	-0.528833	-0.478857	-0.445651	
-0.0804802	-0.0804802	-0.0572645	-0.0185546	0.028317	0.0811854	0.139468	0.196153	0.236577	0.264034	0.283676	0.29522	0.295778	0.292481	0.281676	0.269295	0.255444	0.237674	0.218776	0.206896	0.200743	0.202053	0.217921	0.244688	0.277993	0.320207	0.362563	0.403768	0.441613	0.467195	0.464835	0.437421	0.388207	0.324059	0.22655	0.097491	-0.045672	-0.188214	-0.328292	-0.451549	-0.553729	-0.619127	-0.655944	-0.679302	-0.686374	-0.67584	-0.636456	-0.577296	-0.517319	-0.471133	
-0.136554	-0.136554	-0.106633	-0.0591587	0.00208408	0.0740522	0.155545	0.23975	0.312447	0.364888	0.406103	0.431192	0.445002	0.446246	0.426695	0.389304	0.355995	0.327005	0.293295	0.258212	0.230848	0.222066	0.226704	0.234849	0.251237	0.283768	0.326417	0.362238	0.385812	0.385416	0.365023	0.330646	0.285637	0.219726	0.110133	-0.0342842	-0.188214	-0.340278	-0.487662	-0.61505	-0.704322	-0.747955	-0.761954	-0.77192	-0.7618	-0.723235	-0.659482	-0.590717	-0.525076	-0.471279	
-0.191953	-0.191953	-0.16054	-0.111024	-0.0361581	0.0580057	0.163282	0.272259	0.379209	0.465697	0.533335	0.569542	0.583663	0.578759	0.543739	0.480406	0.418692	0.36582	0.315122	0.270069	0.233549	0.208593	0.193261	0.189915	0.199729	0.225757	0.261399	0.292532	0.307033	0.299353	0.268186	0.222833	0.168185	0.0958161	-0.0179983	-0.164174	-0.328292	-0.487662	-0.632731	-0.744173	-0.81742	-0.847412	-0.846385	-0.832838	-0.795719	-0.730107	-0.647787	-0.565448	-0.499088	-0.444823	
-0.237554	-0.237554	-0.209076	-0.160581	-0.0726985	0.0468837	0.178648	0.312048	0.446584	0.558801	0.64856	0.697805	0.709494	0.684824	0.627262	0.547168	0.46385	0.379918	0.305233	0.256103	0.21631	0.17154	0.130309	0.115831	0.124281	0.144545	0.171443	0.198022	0.21404	0.210448	0.174009	0.115231	0.0434323	-0.0371046	-0.142429	-0.281873	-0.451549	-0.61505	-0.744173	-0.826971	-0.874363	-0.885299	-0.859983	-0.815232	-0.759141	-0.682543	-0.593446	-0.507736	-0.445074	-0.405074	
-0.254013	-0.254013	-0.217833	-0.158699	-0.0583903	0.0789632	0.230809	0.382392	0.531264	0.656436	0.757012	0.80952	0.810512	0.762372	0.6836	0.585308	0.484274	0.378633	0.284427	0.212596	0.153214	0.092102	0.034062	0.00499902	0.0102711	0.0365192	0.0646453	0.0856666	0.102403	0.103565	0.0729056	0.0123423	-0.0640227	-0.150985	-0.254172	-0.38974	-0.553729	-0.704322	-0.81742	-0.874363	-0.886511	-0.860078	-0.796272	-0.723087	-0.655663	-0.581437	-0.500754	-0.425798	-0.381054	-0.364197	
-0.217814	-0.217814	-0.165211	-0.0834028	0.031697	0.175248	0.331103	0.487191	0.640278	0.767714	0.858704	0.894693	0.876312	0.81286	0.716952	0.605815	0.487169	0.365268	0.245168	0.141966	0.0511797	-0.024144	-0.0852761	-0.121356	-0.126973	-0.103013	-0.0633579	-0.032029	-0.012495	-0.00785542	-0.0283896	-0.0744702	-0.145298	-0.235499	-0.344012	-0.475877	-0.619127	-0.747955	-0.847412	-0.885299	-0.860078	-0.785575	-0.686045	-0.590744	-0.514087	-0.449225	-0.394965	-0.348672	-0.324699	-0.322458	
-0.111028	-0.111028	-0.052716	0.0434454	0.167725	0.314087	0.465616	0.617644	0.758137	0.869562	0.930978	0.941965	0.905816	0.833357	0.728231	0.606497	0.46976	0.325495	0.18732	0.0615134	-0.0540106	-0.143182	-0.203016	-0.242515	-0.258813	-0.235531	-0.187843	-0.144106	-0.11495	-0.0996922	-0.107272	-0.13907	-0.204061	-0.29827	-0.410718	-0.534552	-0.655944	-0.761954	-0.846385	-0.859983	-0.796272	-0.686045	-0.561985	-0.446893	-0.364353	-0.319432	-0.297133	-0.285131	-0.283287	-0.288521	
0.0619192	0.0619192	0.110492	0.199656	0.319798	0.462485	0.608284	0.743349	0.854428	0.932148	0.96302	0.951252	0.90179	0.81417	0.693281	0.55867	0.413115	0.258611	0.111945	-0.0234091	-0.153593	-0.253772	-0.313923	-0.348197	-0.3643	-0.344969	-0.298458	-0.244705	-0.198784	-0.16942	-0.16314	-0.189768	-0.254818	-0.35036	-0.456667	-0.570276	-0.679302	-0.77192	-0.832838	-0.815232	-0.723087	-0.590744	-0.446893	-0.324989	-0.250501	-0.229479	-0.230954	-0.243452	-0.262324	-0.282181	
0.273483	0.273483	0.308901	0.382487	0.483909	0.604342	0.724382	0.829911	0.908303	0.956257	0.956356	0.918601	0.851939	0.747808	0.601688	0.450957	0.310295	0.165954	0.0166606	-0.122514	-0.248857	-0.345394	-0.406933	-0.439878	-0.449402	-0.43173	-0.390027	-0.32973	-0.26555	-0.219058	-0.202785	-0.228978	-0.297999	-0.391243	-0.489172	-0.589907	-0.686374	-0.7618	-0.795719	-0.759141	-0.655663	-0.514087	-0.364353	-0.250501	-0.20044	-0.20253	-0.218485	-0.245985	-0.281365	-0.308183	
0.506578	0.506578	0.531426	0.583967	0.654375	0.733169	0.814462	0.879831	0.922336	0.935784	0.907449	0.837774	0.744287	0.622255	0.468524	0.311613	0.168791	0.0308048	-0.101748	-0.219683	-0.326455	-0.408592	-0.463155	-0.498532	-0.512772	-0.493277	-0.441937	-0.36839	-0.295962	-0.243596	-0.225259	-0.250064	-0.315846	-0.405466	-0.502098	-0.595945	-0.67584	-0.723235	-0.730107	-0.682543	-0.581437	-0.449225	-0.319432	-0.229479	-0.20253	-0.220472	-0.24884	-0.285142	-0.321685	-0.339772	
0.742185	0.742185	0.753096	0.776675	0.807358	0.846573	0.886851	0.906951	0.89905	0.869758	0.808617	0.709224	0.587704	0.453876	0.307539	0.154612	0.0101791	-0.11927	-0.219636	-0.299046	-0.372745	-0.435087	-0.481313	-0.514576	-0.527149	-0.501666	-0.441382	-0.359801	-0.287781	-0.2394	-0.223681	-0.247833	-0.306638	-0.392518	-0.489805	-0.576595	-0.636456	-0.659482	-0.647787	-0.593446	-0.500754	-0.394965	-0.297133	-0.230954	-0.218485	-0.24884	-0.295391	-0.341262	-0.368357	-0.375458	
0.948896	0.948896	0.951928	0.949181	0.942641	0.939777	0.936476	0.905475	0.850577	0.775945	0.679565	0.551935	0.412488	0.270018	0.128364	-0.0105287	-0.138899	-0.244508	-0.312801	-0.35197	-0.392833	-0.436541	-0.470855	-0.492119	-0.492553	-0.464728	-0.400893	-0.325649	-0.263293	-0.226746	-0.216756	-0.239135	-0.289444	-0.365633	-0.453989	-0.528833	-0.577296	-0.590717	-0.565448	-0.507736	-0.425798	-0.348672	-0.285131	-0.243452	-0.245985	-0.285142	-0.341262	-0.386724	-0.409024	-0.404624	
1.11567	1.11567	1.11836	1.10134	1.06194	1.0154	0.960694	0.880904	0.784905	0.679205	0.55288	0.402826	0.247793	0.0989889	-0.0415972	-0.164552	-0.263052	-0.335281	-0.37364	-0.384641	-0.395588	-0.418202	-0.437809	-0.441677	-0.430242	-0.400676	-0.349737	-0.287702	-0.239037	-0.208532	-0.207625	-0.23625	-0.287853	-0.354293	-0.422745	-0.478857	-0.517319	-0.525076	-0.499088	-0.445074	-0.381054	-0.324699	-0.283287	-0.262324	-0.281365	-0.321685	-0.368357	-0.409024	-0.423891	-0.400749	
1.24071	1.24071	1.23309	1.20013	1.13806	1.05937	0.963009	0.841268	0.712522	0.588987	0.449342	0.285791	0.122002	-0.0248689	-0.159956	-0.271823	-0.344096	-0.379488	-0.392983	-0.389206	-0.374785	-0.368119	-0.37062	-0.36842	-0.351025	-0.324931	-0.287453	-0.24432	-0.207756	-0.189326	-0.199468	-0.238608	-0.296895	-0.358325	-0.408371	-0.445651	-0.471133	-0.471279	-0.444823	-0.405074	-0.364197	-0.322458	-0.288521	-0.282181	-0.308183	-0.339772	-0.375458	-0.404624	-0.400749	-0.351887	
