1.21208e-13	1.21208e-13	9.54984e-13	7.68611e-12	5.7166e-11	3.91395e-10	2.45998e-09	1.41534e-08	7.43314e-08	3.55352e-07	1.54232e-06	6.06314e-06	2.15471e-05	6.91334e-05	0.00020018	0.000523475	0.00123882	0.00266241	0.00522174	0.00940207	0.0156453	0.0242249	0.0351338	0.0480201	0.0621903	0.0766772	0.0903583	0.102095	0.110873	0.115917	0.116777	0.113375	0.106016	0.0953532	0.0823181	0.0680154	0.053591	0.0400904	0.0283279	0.0187963	0.0116364	0.0066759	0.00352534	0.00170271	0.000748118	0.00029776	0.00010706	3.47268e-05	1.01608e-05	2.68425e-06	
1.21208e-13	1.21208e-13	9.54984e-13	7.68611e-12	5.7166e-11	3.91395e-10	2.45998e-09	1.41534e-08	7.43314e-08	3.55352e-07	1.54232e-06	6.06314e-06	2.15471e-05	6.91334e-05	0.00020018	0.000523475	0.00123882	0.00266241	0.00522174	0.00940207	0.0156453	0.0242249	0.0351338	0.0480201	0.0621903	0.0766772	0.0903583	0.102095	0.110873	0.115917	0.116777	0.113375	0.106016	0.0953532	0.0823181	0.0680154	0.053591	0.0400904	0.0283279	0.0187963	0.0116364	0.0066759	0.00352534	0.00170271	0.000748118	0.00029776	0.00010706	3.47268e-05	1.01608e-05	2.68425e-06	
9.54984e-13	9.54984e-13	7.18917e-12	5.53879e-11	3.93641e-10	2.56997e-09	1.53679e-08	8.39177e-08	4.17197e-07	1.88279e-06	7.69197e-06	2.83792e-05	9.43791e-05	0.000282615	0.000762017	0.00185265	0.00407369	0.00813935	0.0148691	0.0250164	0.0390629	0.0570467	0.078478	0.102362	0.127313	0.151725	0.173955	0.192488	0.206061	0.213758	0.215062	0.209886	0.198577	0.181896	0.160976	0.137244	0.112311	0.0878177	0.0652609	0.0458091	0.0301623	0.0184897	0.0104708	0.00543674	0.00257093	0.00110123	0.000425635	0.000148125	4.63846e-05	1.30779e-05	
7.68611e-12	7.68611e-12	5.53879e-11	4.09243e-10	2.78455e-09	1.73695e-08	9.90177e-08	5.14219e-07	2.42497e-06	1.03523e-05	3.98916e-05	0.000138409	0.000431607	0.00120858	0.00304032	0.00688553	0.0140952	0.0262352	0.0447326	0.0704616	0.103431	0.14268	0.1864	0.232214	0.277516	0.319773	0.356745	0.386601	0.40796	0.419893	0.421901	0.413904	0.396231	0.369637	0.335319	0.29493	0.250556	0.204632	0.15977	0.118477	0.0828286	0.0541488	0.0328178	0.0182808	0.00928521	0.00427172	0.00177133	0.000660054	0.000220761	6.62922e-05	
5.7166e-11	5.7166e-11	3.93641e-10	2.78455e-09	1.81052e-08	1.07679e-07	5.83819e-07	2.87586e-06	1.28267e-05	5.16279e-05	0.000186959	0.000607562	0.00176868	0.00460968	0.0107671	0.022608	0.042899	0.0741078	0.117599	0.173091	0.238595	0.310805	0.385729	0.459345	0.528089	0.589126	0.640377	0.680429	0.708399	0.723788	0.726361	0.716083	0.693104	0.657807	0.610904	0.553577	0.487621	0.415565	0.340699	0.266911	0.198276	0.138456	0.09003	0.0539838	0.0295718	0.014679	0.0065614	0.00263037	0.000943877	0.000303142	
3.91395e-10	3.91395e-10	2.56997e-09	1.73695e-08	1.07679e-07	6.09042e-07	3.13162e-06	1.45846e-05	6.12941e-05	0.000231628	0.0007845	0.00237502	0.00641628	0.015465	0.0333157	0.0644231	0.1126	0.179537	0.263959	0.361814	0.467288	0.574104	0.676632	0.770541	0.852995	0.92244	0.978237	1.02033	1.04897	1.06447	1.06705	1.05674	1.03338	0.996709	0.946415	0.882401	0.805031	0.715445	0.615929	0.510215	0.40347	0.301821	0.211417	0.137162	0.0815224	0.0439486	0.0213189	0.00925466	0.00358486	0.00123828	
2.45998e-09	2.45998e-09	1.53679e-08	9.90177e-08	5.83819e-07	3.13162e-06	1.5222e-05	6.67786e-05	0.000263336	0.000929804	0.00292916	0.00821008	0.0204421	0.0452288	0.0891807	0.157654	0.252175	0.369245	0.501266	0.638818	0.77298	0.896897	1.00632	1.09942	1.17609	1.23717	1.28396	1.3179	1.34031	1.35221	1.35417	1.3463	1.32819	1.299	1.25751	1.20232	1.13203	1.04557	0.942574	0.824087	0.693342	0.556174	0.420804	0.296694	0.192468	0.113482	0.0601914	0.0285077	0.0120052	0.00448891	
1.41534e-08	1.41534e-08	8.39177e-08	5.14219e-07	2.87586e-06	1.45846e-05	6.67786e-05	0.000274831	0.00101211	0.00332079	0.00966964	0.0249146	0.0567265	0.114263	0.204547	0.328234	0.478025	0.64118	0.804038	0.955577	1.08898	1.20144	1.29308	1.36572	1.42171	1.46343	1.49333	1.51374	1.52652	1.53305	1.53412	1.52984	1.5197	1.50252	1.47665	1.43992	1.38992	1.32424	1.24049	1.1365	1.01133	0.866464	0.707046	0.542484	0.385686	0.250305	0.146296	0.0762197	0.0351761	0.0143436	
7.43314e-08	7.43314e-08	4.17197e-07	2.42497e-06	1.28267e-05	6.12941e-05	0.000263336	0.00101211	0.00346244	0.0104917	0.0280384	0.065882	0.135992	0.247243	0.398851	0.578217	0.766187	0.945182	1.10379	1.23703	1.34454	1.42834	1.49142	1.5368	1.56715	1.58555	1.59546	1.59991	1.60128	1.60145	1.60144	1.60139	1.60068	1.59773	1.59032	1.57567	1.55047	1.51141	1.45579	1.38067	1.28298	1.16016	1.01139	0.839592	0.653426	0.468273	0.303552	0.175405	0.0894839	0.0401204	
3.55352e-07	3.55352e-07	1.88279e-06	1.03523e-05	5.16279e-05	0.000231628	0.000929804	0.00332079	0.0104917	0.0291615	0.0709694	0.150778	0.279722	0.455635	0.659773	0.865825	1.05343	1.21321	1.34316	1.44458	1.51966	1.57066	1.60026	1.61134	1.60788	1.5954	1.5789	1.56213	1.54845	1.54028	1.53881	1.54434	1.55597	1.57189	1.58901	1.60364	1.61138	1.60663	1.58483	1.54277	1.47762	1.38703	1.26867	1.12081	0.943748	0.743244	0.535294	0.345195	0.196283	0.0976027	
1.54232e-06	1.54232e-06	7.69197e-06	3.98916e-05	0.000186959	0.0007845	0.00292916	0.00966964	0.0280384	0.0709694	0.156022	0.297248	0.492212	0.716364	0.935899	1.12864	1.28924	1.41829	1.51551	1.58055	1.61383	1.61807	1.59804	1.55977	1.5116	1.46111	1.41308	1.37184	1.34153	1.32422	1.32116	1.33294	1.35813	1.39539	1.44131	1.4915	1.54139	1.58467	1.61274	1.61891	1.59768	1.54555	1.46119	1.34468	1.19674	1.01677	0.80625	0.580173	0.369723	0.205502	
6.06314e-06	6.06314e-06	2.83792e-05	0.000138409	0.000607562	0.00237502	0.00821008	0.0249146	0.065882	0.150778	0.297248	0.50481	0.745094	0.976707	1.17507	1.33949	1.47163	1.56516	1.61553	1.62331	1.59337	1.53438	1.45512	1.36561	1.2754	1.1896	1.11257	1.05029	1.00575	0.98067	0.976515	0.993426	1.03049	1.0859	1.15741	1.24056	1.32944	1.42034	1.50477	1.57295	1.61565	1.62373	1.5909	1.51432	1.39666	1.24489	1.06054	0.840639	0.599213	0.373947	
2.15471e-05	2.15471e-05	9.43791e-05	0.000431607	0.00176868	0.00641628	0.0204421	0.0567265	0.135992	0.279722	0.492212	0.745094	0.990019	1.19709	1.36869	1.50694	1.59624	1.62782	1.60737	1.54326	1.44696	1.32895	1.19846	1.06613	0.93825	0.819821	0.718343	0.639109	0.582385	0.551113	0.546464	0.566805	0.614111	0.684418	0.777093	0.889383	1.01428	1.14533	1.27784	1.40168	1.50808	1.58626	1.62546	1.61592	1.5495	1.4289	1.26993	1.07798	0.846399	0.59106	
6.91334e-05	6.91334e-05	0.000282615	0.00120858	0.00460968	0.015465	0.0452288	0.114263	0.247243	0.455635	0.716364	0.976707	1.19709	1.37837	1.52469	1.61181	1.62618	1.58278	1.49229	1.36332	1.20757	1.03373	0.854399	0.679634	0.51659	0.373545	0.256707	0.16528	0.10154	0.0670178	0.0615471	0.0844405	0.136529	0.217048	0.324092	0.456051	0.612612	0.782956	0.962077	1.13912	1.30343	1.44449	1.55133	1.6148	1.6256	1.5678	1.44216	1.27401	1.07062	0.823586	
0.00020018	0.00020018	0.000762017	0.00304032	0.0107671	0.0333157	0.0891807	0.204547	0.398851	0.659773	0.935899	1.17507	1.36869	1.52469	1.61627	1.62177	1.56425	1.45574	1.29521	1.09957	0.880913	0.655022	0.4362	0.233504	0.054844	-0.0957507	-0.21735	-0.311125	-0.372906	-0.406783	-0.413439	-0.389429	-0.340041	-0.258658	-0.147996	-0.00908669	0.158417	0.352447	0.56564	0.790619	1.01342	1.22042	1.39663	1.52685	1.60489	1.6276	1.57053	1.43622	1.25743	1.03774	
0.000523475	0.000523475	0.00185265	0.00688553	0.022608	0.0644231	0.157654	0.328234	0.578217	0.865825	1.12864	1.33949	1.50694	1.61181	1.62177	1.5578	1.43746	1.24787	1.0147	0.759108	0.494011	0.238715	0.000635849	-0.209604	-0.390025	-0.537557	-0.652089	-0.733979	-0.788392	-0.816941	-0.822551	-0.804005	-0.759623	-0.688644	-0.588123	-0.452272	-0.286312	-0.0863595	0.140131	0.390843	0.652682	0.914639	1.15824	1.36898	1.51736	1.60314	1.62673	1.55818	1.41131	1.21885	
0.00123882	0.00123882	0.00407369	0.0140952	0.042899	0.1126	0.252175	0.478025	0.766187	1.05343	1.28924	1.47163	1.59624	1.62618	1.56425	1.43746	1.23027	0.967793	0.686609	0.385923	0.0951047	-0.179083	-0.419888	-0.624171	-0.787754	-0.911378	-1.00006	-1.06112	-1.10042	-1.11916	-1.12233	-1.11089	-1.07949	-1.02838	-0.949933	-0.841685	-0.694189	-0.505943	-0.279709	-0.0171467	0.268061	0.567151	0.858149	1.12885	1.36443	1.52183	1.61055	1.62097	1.52984	1.36742	
0.00266241	0.00266241	0.00813935	0.0262352	0.0741078	0.179537	0.369245	0.64118	0.945182	1.21321	1.41829	1.56516	1.62782	1.58278	1.45574	1.24787	0.967793	0.663922	0.330861	0.00141134	-0.301243	-0.569881	-0.787064	-0.959048	-1.08213	-1.16655	-1.2214	-1.25129	-1.26628	-1.27433	-1.27442	-1.26744	-1.25913	-1.2363	-1.19132	-1.12092	-1.01256	-0.862705	-0.661799	-0.415071	-0.122091	0.195512	0.534125	0.848471	1.14175	1.38346	1.54042	1.62227	1.60316	1.48429	
0.00522174	0.00522174	0.0148691	0.0447326	0.117599	0.263959	0.501266	0.804038	1.10379	1.34316	1.51551	1.61553	1.60737	1.49229	1.29521	1.0147	0.686609	0.330861	-0.0327759	-0.358001	-0.653845	-0.886251	-1.06867	-1.18707	-1.26276	-1.29201	-1.29873	-1.28962	-1.27948	-1.27259	-1.26904	-1.27596	-1.28575	-1.29487	-1.29922	-1.27848	-1.2228	-1.1233	-0.965461	-0.75499	-0.481191	-0.167672	0.182648	0.547747	0.886068	1.19267	1.42334	1.57191	1.62712	1.56661	
0.00940207	0.00940207	0.0250164	0.0704616	0.173091	0.361814	0.638818	0.955577	1.23703	1.44458	1.58055	1.62331	1.54326	1.36332	1.09957	0.759108	0.385923	0.00141134	-0.358001	-0.680004	-0.940295	-1.12808	-1.24658	-1.29967	-1.30273	-1.27469	-1.23015	-1.19125	-1.15356	-1.13209	-1.13118	-1.1451	-1.17269	-1.21373	-1.25869	-1.29293	-1.30768	-1.27308	-1.18541	-1.02234	-0.794117	-0.49095	-0.1479	0.23259	0.611425	0.969712	1.26853	1.48109	1.60554	1.61181	
0.0156453	0.0156453	0.0390629	0.103431	0.238595	0.467288	0.77298	1.08898	1.34454	1.51966	1.61383	1.59337	1.44696	1.20757	0.880913	0.494011	0.0951047	-0.301243	-0.653845	-0.940295	-1.14404	-1.26801	-1.30859	-1.29153	-1.22555	-1.14418	-1.05827	-0.987099	-0.941425	-0.913588	-0.909471	-0.928002	-0.964759	-1.02792	-1.1083	-1.19488	-1.26953	-1.30766	-1.29378	-1.20283	-1.03221	-0.777124	-0.449394	-0.0659452	0.335491	0.729919	1.08688	1.36105	1.54775	1.62122	
0.0242249	0.0242249	0.0570467	0.14268	0.310805	0.574104	0.896897	1.20144	1.42834	1.57066	1.61807	1.53438	1.32895	1.03373	0.655022	0.238715	-0.179083	-0.569881	-0.886251	-1.12808	-1.26801	-1.31522	-1.27775	-1.18309	-1.0578	-0.933392	-0.834295	-0.764802	-0.719009	-0.69463	-0.690845	-0.707567	-0.744151	-0.802637	-0.888827	-1.00684	-1.13401	-1.2455	-1.30857	-1.29751	-1.19593	-0.993261	-0.705327	-0.341652	0.070769	0.490183	0.891073	1.22133	1.4643	1.60052	
0.0351338	0.0351338	0.078478	0.1864	0.385729	0.676632	1.00632	1.29308	1.49142	1.60026	1.59804	1.45512	1.19846	0.854399	0.4362	0.000635849	-0.419888	-0.787064	-1.06867	-1.24658	-1.30859	-1.27775	-1.16228	-1.01194	-0.853029	-0.726493	-0.641021	-0.588825	-0.563693	-0.54781	-0.544201	-0.555812	-0.576639	-0.616269	-0.686462	-0.798211	-0.946762	-1.10544	-1.23927	-1.30777	-1.28404	-1.1542	-0.910875	-0.57605	-0.170521	0.26153	0.693376	1.07127	1.36463	1.55738	
0.0480201	0.0480201	0.102362	0.232214	0.459345	0.770541	1.09942	1.36572	1.5368	1.61134	1.55977	1.36561	1.06613	0.679634	0.233504	-0.209604	-0.624171	-0.959048	-1.18707	-1.29967	-1.29153	-1.18309	-1.01194	-0.822707	-0.669164	-0.570863	-0.537219	-0.522373	-0.508159	-0.503938	-0.502002	-0.504823	-0.518651	-0.531055	-0.551312	-0.622725	-0.754289	-0.936154	-1.11882	-1.25896	-1.30934	-1.24722	-1.06325	-0.770371	-0.381915	0.0535465	0.505236	0.920464	1.25689	1.4993	
0.0621903	0.0621903	0.127313	0.277516	0.528089	0.852995	1.17609	1.42171	1.56715	1.60788	1.5116	1.2754	0.93825	0.51659	0.054844	-0.390025	-0.787754	-1.08213	-1.26276	-1.30273	-1.22555	-1.0578	-0.853029	-0.669164	-0.558965	-0.520234	-0.52407	-0.51885	-0.504417	-0.505739	-0.507398	-0.502973	-0.512913	-0.524056	-0.519234	-0.535771	-0.614558	-0.773681	-0.976549	-1.16697	-1.28395	-1.29528	-1.16886	-0.919519	-0.556073	-0.127795	0.333864	0.77801	1.14943	1.43315	
0.0766772	0.0766772	0.151725	0.319773	0.589126	0.92244	1.23717	1.46343	1.58555	1.5954	1.46111	1.1896	0.819821	0.373545	-0.0957507	-0.537557	-0.911378	-1.16655	-1.29201	-1.27469	-1.14418	-0.933392	-0.726493	-0.570863	-0.520234	-0.530672	-0.541783	-0.522623	-0.485666	-0.493828	-0.49972	-0.482123	-0.506873	-0.538364	-0.537826	-0.522062	-0.537526	-0.656131	-0.84559	-1.06695	-1.23301	-1.30365	-1.23148	-1.03119	-0.697394	-0.278646	0.18522	0.650803	1.05049	1.36619	
0.0903583	0.0903583	0.173955	0.356745	0.640377	0.978237	1.28396	1.49333	1.59546	1.5789	1.41308	1.11257	0.718343	0.256707	-0.21735	-0.652089	-1.00006	-1.2214	-1.29873	-1.23015	-1.05827	-0.834295	-0.641021	-0.537219	-0.52407	-0.541783	-0.507429	-0.461805	-0.447307	-0.450055	-0.451531	-0.447312	-0.453513	-0.485441	-0.534371	-0.534084	-0.521623	-0.589516	-0.74642	-0.972935	-1.16839	-1.28956	-1.26772	-1.10685	-0.803622	-0.397094	0.0619763	0.540952	0.965061	1.30578	
0.102095	0.102095	0.192488	0.386601	0.680429	1.02033	1.3179	1.51374	1.59991	1.56213	1.37184	1.05029	0.639109	0.16528	-0.311125	-0.733979	-1.06112	-1.25129	-1.28962	-1.19125	-0.987099	-0.764802	-0.588825	-0.522373	-0.51885	-0.522623	-0.461805	-0.42008	-0.430806	-0.425105	-0.419028	-0.431814	-0.424073	-0.434946	-0.505922	-0.523279	-0.516638	-0.55095	-0.68263	-0.898004	-1.11606	-1.26696	-1.28454	-1.15383	-0.881434	-0.486855	-0.0295956	0.454857	0.895241	1.25557	
0.110873	0.110873	0.206061	0.40796	0.708399	1.04897	1.34031	1.52652	1.60128	1.54845	1.34153	1.00575	0.582385	0.10154	-0.372906	-0.788392	-1.10042	-1.26628	-1.27948	-1.15356	-0.941425	-0.719009	-0.563693	-0.508159	-0.504417	-0.485666	-0.447307	-0.430806	-0.457941	-0.436765	-0.421876	-0.45519	-0.442459	-0.43323	-0.472994	-0.498057	-0.50687	-0.530018	-0.646642	-0.848331	-1.07581	-1.24325	-1.29	-1.18503	-0.928951	-0.546909	-0.0942925	0.394767	0.845971	1.21892	
0.115917	0.115917	0.213758	0.419893	0.723788	1.06447	1.35221	1.53305	1.60145	1.54028	1.32422	0.98067	0.551113	0.0670178	-0.406783	-0.816941	-1.11916	-1.27433	-1.27259	-1.13209	-0.913588	-0.69463	-0.54781	-0.503938	-0.505739	-0.493828	-0.450055	-0.425105	-0.436765	-0.420157	-0.412784	-0.435486	-0.42847	-0.434607	-0.479296	-0.503554	-0.503716	-0.519439	-0.623658	-0.821507	-1.04951	-1.23	-1.2926	-1.19939	-0.954858	-0.579572	-0.12916	0.361773	0.81857	1.19824	
0.116777	0.116777	0.215062	0.421901	0.726361	1.06705	1.35417	1.53412	1.60144	1.53881	1.32116	0.976515	0.546464	0.0615471	-0.413439	-0.822551	-1.12233	-1.27442	-1.26904	-1.13118	-0.909471	-0.690845	-0.544201	-0.502002	-0.507398	-0.49972	-0.451531	-0.419028	-0.421876	-0.412784	-0.406746	-0.419854	-0.419367	-0.43187	-0.484454	-0.507889	-0.502921	-0.517174	-0.619695	-0.818686	-1.04722	-1.2287	-1.29086	-1.20039	-0.960655	-0.584522	-0.134029	0.355888	0.813613	1.19481	
0.113375	0.113375	0.209886	0.413904	0.716083	1.05674	1.3463	1.52984	1.60139	1.54434	1.33294	0.993426	0.566805	0.0844405	-0.389429	-0.804005	-1.11089	-1.26744	-1.27596	-1.1451	-0.928002	-0.707567	-0.555812	-0.504823	-0.502973	-0.482123	-0.447312	-0.431814	-0.45519	-0.435486	-0.419854	-0.453561	-0.443103	-0.433556	-0.470868	-0.495281	-0.505252	-0.522478	-0.636726	-0.834503	-1.0648	-1.23753	-1.28872	-1.19165	-0.942795	-0.564707	-0.111959	0.379084	0.832594	1.20847	
0.106016	0.106016	0.198577	0.396231	0.693104	1.03338	1.32819	1.5197	1.60068	1.55597	1.35813	1.03049	0.614111	0.136529	-0.340041	-0.759623	-1.07949	-1.25913	-1.28575	-1.17269	-0.964759	-0.744151	-0.576639	-0.518651	-0.512913	-0.506873	-0.453513	-0.424073	-0.442459	-0.42847	-0.419367	-0.443103	-0.430162	-0.43258	-0.490939	-0.513353	-0.513747	-0.542211	-0.665493	-0.875637	-1.09585	-1.25615	-1.28868	-1.16834	-0.90444	-0.514951	-0.0581478	0.4282	0.872857	1.23895	
0.0953532	0.0953532	0.181896	0.369637	0.657807	0.996709	1.299	1.50252	1.59773	1.57189	1.39539	1.0859	0.684418	0.217048	-0.258658	-0.688644	-1.02838	-1.2363	-1.29487	-1.21373	-1.02792	-0.802637	-0.616269	-0.531055	-0.524056	-0.538364	-0.485441	-0.434946	-0.43323	-0.434607	-0.43187	-0.433556	-0.43258	-0.457744	-0.525564	-0.533638	-0.519589	-0.571727	-0.71658	-0.940676	-1.14688	-1.2794	-1.27646	-1.12884	-0.838635	-0.436732	0.0219776	0.503715	0.935041	1.28427	
0.0823181	0.0823181	0.160976	0.335319	0.610904	0.946415	1.25751	1.47665	1.59032	1.58901	1.44131	1.15741	0.777093	0.324092	-0.147996	-0.588123	-0.949933	-1.19132	-1.29922	-1.25869	-1.1083	-0.888827	-0.686462	-0.551312	-0.519234	-0.537826	-0.534371	-0.505922	-0.472994	-0.479296	-0.484454	-0.470868	-0.490939	-0.525564	-0.540087	-0.525902	-0.525767	-0.623082	-0.800509	-1.02673	-1.2072	-1.30246	-1.24865	-1.06479	-0.743506	-0.329962	0.131902	0.604552	1.01499	1.34106	
0.0680154	0.0680154	0.137244	0.29493	0.553577	0.882401	1.20232	1.43992	1.57567	1.60364	1.4915	1.24056	0.889383	0.456051	-0.00908669	-0.452272	-0.841685	-1.12092	-1.27848	-1.29293	-1.19488	-1.00684	-0.798211	-0.622725	-0.535771	-0.522062	-0.534084	-0.523279	-0.498057	-0.503554	-0.507889	-0.495281	-0.513353	-0.533638	-0.525902	-0.524926	-0.57537	-0.722042	-0.921691	-1.12825	-1.26586	-1.30081	-1.19948	-0.96888	-0.61615	-0.192619	0.271263	0.725687	1.10875	1.40592	
0.053591	0.053591	0.112311	0.250556	0.487621	0.805031	1.13203	1.38992	1.55047	1.61138	1.54139	1.32944	1.01428	0.612612	0.158417	-0.286312	-0.694189	-1.01256	-1.2228	-1.30768	-1.26953	-1.13401	-0.946762	-0.754289	-0.614558	-0.537526	-0.521623	-0.516638	-0.50687	-0.503716	-0.502921	-0.505252	-0.513747	-0.519589	-0.525767	-0.57537	-0.690875	-0.866825	-1.06291	-1.22477	-1.30572	-1.27291	-1.10948	-0.834673	-0.455834	-0.0223739	0.433966	0.861918	1.21354	1.47351	
0.0400904	0.0400904	0.0878177	0.204632	0.415565	0.715445	1.04557	1.32424	1.51141	1.60663	1.58467	1.42034	1.14533	0.782956	0.352447	-0.0863595	-0.505943	-0.862705	-1.1233	-1.27308	-1.30766	-1.2455	-1.10544	-0.936154	-0.773681	-0.656131	-0.589516	-0.55095	-0.530018	-0.519439	-0.517174	-0.522478	-0.542211	-0.571727	-0.623082	-0.722042	-0.866825	-1.04078	-1.19533	-1.29472	-1.29955	-1.19733	-0.979624	-0.658859	-0.25843	0.174885	0.615896	1.01067	1.32236	1.53567	
0.0283279	0.0283279	0.0652609	0.15977	0.340699	0.615929	0.942574	1.24049	1.45579	1.58483	1.61274	1.50477	1.27784	0.962077	0.56564	0.140131	-0.279709	-0.661799	-0.965461	-1.18541	-1.29378	-1.30857	-1.23927	-1.11882	-0.976549	-0.84559	-0.74642	-0.68263	-0.646642	-0.623658	-0.619695	-0.636726	-0.665493	-0.71658	-0.800509	-0.921691	-1.06291	-1.19533	-1.28987	-1.31033	-1.24164	-1.06603	-0.792073	-0.440612	-0.0292847	0.396969	0.811265	1.16193	1.42614	1.5857	
0.0187963	0.0187963	0.0458091	0.118477	0.266911	0.510215	0.824087	1.1365	1.38067	1.54277	1.61891	1.57295	1.40168	1.13912	0.790619	0.390843	-0.0171467	-0.415071	-0.75499	-1.02234	-1.20283	-1.29751	-1.30777	-1.25896	-1.16697	-1.06695	-0.972935	-0.898004	-0.848331	-0.821507	-0.818686	-0.834503	-0.875637	-0.940676	-1.02673	-1.12825	-1.22477	-1.29472	-1.31033	-1.25068	-1.10554	-0.870407	-0.559613	-0.180037	0.228664	0.632886	1.00887	1.30715	1.51725	1.6163	
0.0116364	0.0116364	0.0301623	0.0828286	0.198276	0.40347	0.693342	1.01133	1.28298	1.47762	1.59768	1.61565	1.50808	1.30343	1.01342	0.652682	0.268061	-0.122091	-0.481191	-0.794117	-1.03221	-1.19593	-1.28404	-1.30934	-1.28395	-1.23301	-1.16839	-1.11606	-1.07581	-1.04951	-1.04722	-1.0648	-1.09585	-1.14688	-1.2072	-1.26586	-1.30572	-1.29955	-1.24164	-1.10554	-0.899953	-0.613247	-0.271111	0.110964	0.499836	0.874824	1.19839	1.43609	1.58635	1.61977	
0.0066759	0.0066759	0.0184897	0.0541488	0.138456	0.301821	0.556174	0.866464	1.16016	1.38703	1.54555	1.62373	1.58626	1.44449	1.22042	0.914639	0.567151	0.195512	-0.167672	-0.49095	-0.777124	-0.993261	-1.1542	-1.24722	-1.29528	-1.30365	-1.28956	-1.26696	-1.24325	-1.23	-1.2287	-1.23753	-1.25615	-1.2794	-1.30246	-1.30081	-1.27291	-1.19733	-1.06603	-0.870407	-0.613247	-0.299867	0.0456259	0.42092	0.779037	1.10643	1.36466	1.53979	1.62381	1.58935	
0.00352534	0.00352534	0.0104708	0.0328178	0.09003	0.211417	0.420804	0.707046	1.01139	1.26867	1.46119	1.5909	1.62546	1.55133	1.39663	1.15824	0.858149	0.534125	0.182648	-0.1479	-0.449394	-0.705327	-0.910875	-1.06325	-1.16886	-1.23148	-1.26772	-1.28454	-1.29	-1.2926	-1.29086	-1.28872	-1.28868	-1.27646	-1.24865	-1.19948	-1.10948	-0.979624	-0.792073	-0.559613	-0.271111	0.0456259	0.39471	0.732255	1.04194	1.31154	1.49879	1.60794	1.61882	1.52167	
0.00170271	0.00170271	0.00543674	0.0182808	0.0539838	0.137162	0.296694	0.542484	0.839592	1.12081	1.34468	1.51432	1.61592	1.6148	1.52685	1.36898	1.12885	0.848471	0.547747	0.23259	-0.0659452	-0.341652	-0.57605	-0.770371	-0.919519	-1.03119	-1.10685	-1.15383	-1.18503	-1.19939	-1.20039	-1.19165	-1.16834	-1.12884	-1.06479	-0.96888	-0.834673	-0.658859	-0.440612	-0.180037	0.110964	0.42092	0.732255	1.0185	1.282	1.47408	1.58814	1.62832	1.56527	1.41818	
0.000748118	0.000748118	0.00257093	0.00928521	0.0295718	0.0815224	0.192468	0.385686	0.653426	0.943748	1.19674	1.39666	1.5495	1.6256	1.60489	1.51736	1.36443	1.14175	0.886068	0.611425	0.335491	0.070769	-0.170521	-0.381915	-0.556073	-0.697394	-0.803622	-0.881434	-0.928951	-0.954858	-0.960655	-0.942795	-0.90444	-0.838635	-0.743506	-0.61615	-0.455834	-0.25843	-0.0292847	0.228664	0.499836	0.779037	1.04194	1.282	1.46622	1.57611	1.62714	1.59138	1.46384	1.28198	
0.00029776	0.00029776	0.00110123	0.00427172	0.014679	0.0439486	0.113482	0.250305	0.468273	0.743244	1.01677	1.24489	1.4289	1.5678	1.6276	1.60314	1.52183	1.38346	1.19267	0.969712	0.729919	0.490183	0.26153	0.0535465	-0.127795	-0.278646	-0.397094	-0.486855	-0.546909	-0.579572	-0.584522	-0.564707	-0.514951	-0.436732	-0.329962	-0.192619	-0.0223739	0.174885	0.396969	0.632886	0.874824	1.10643	1.31154	1.47408	1.57611	1.62533	1.60292	1.49151	1.32268	1.11417	
0.00010706	0.00010706	0.000425635	0.00177133	0.0065614	0.0213189	0.0601914	0.146296	0.303552	0.535294	0.80625	1.06054	1.26993	1.44216	1.57053	1.62673	1.61055	1.54042	1.42334	1.26853	1.08688	0.891073	0.693376	0.505236	0.333864	0.18522	0.0619763	-0.0295956	-0.0942925	-0.12916	-0.134029	-0.111959	-0.0581478	0.0219776	0.131902	0.271263	0.433966	0.615896	0.811265	1.00887	1.19839	1.36466	1.49879	1.58814	1.62714	1.60292	1.50085	1.34261	1.14949	0.912951	
3.47268e-05	3.47268e-05	0.000148125	0.000660054	0.00263037	0.00925466	0.0285077	0.0762197	0.175405	0.345195	0.580173	0.840639	1.07798	1.27401	1.43622	1.55818	1.62097	1.62227	1.57191	1.48109	1.36105	1.22133	1.07127	0.920464	0.77801	0.650803	0.540952	0.454857	0.394767	0.361773	0.355888	0.379084	0.4282	0.503715	0.604552	0.725687	0.861918	1.01067	1.16193	1.30715	1.43609	1.53979	1.60794	1.62832	1.59138	1.49151	1.34261	1.16086	0.940558	0.684769	
1.01608e-05	1.01608e-05	4.63846e-05	0.000220761	0.000943877	0.00358486	0.0120052	0.0351761	0.0894839	0.196283	0.369723	0.599213	0.846399	1.07062	1.25743	1.41131	1.52984	1.60316	1.62712	1.60554	1.54775	1.4643	1.36463	1.25689	1.14943	1.05049	0.965061	0.895241	0.845971	0.81857	0.813613	0.832594	0.872857	0.935041	1.01499	1.10875	1.21354	1.32236	1.42614	1.51725	1.58635	1.62381	1.61882	1.56527	1.46384	1.32268	1.14949	0.940558	0.699027	0.456727	
2.68425e-06	2.68425e-06	1.30779e-05	6.62922e-05	0.000303142	0.00123828	0.00448891	0.0143436	0.0401204	0.0976027	0.205502	0.373947	0.59106	0.823586	1.03774	1.21885	1.36742	1.48429	1.56661	1.61181	1.62122	1.60052	1.55738	1.4993	1.43315	1.36619	1.30578	1.25557	1.21892	1.19824	1.19481	1.20847	1.23895	1.28427	1.34106	1.40592	1.47351	1.53567	1.5857	1.6163	1.61977	1.58935	1.52167	1.41818	1.28198	1.11417	0.912951	0.684769	0.456727	0.265671	
