-0.103088	-0.107117	-0.123699	-0.139585	-0.137058	-0.128365	-0.143476	-0.171648	-0.193166	-0.195796	-0.184342	-0.190006	-0.230356	-0.30906	-0.423642	-0.543548	-0.635355	-0.685287	-0.673819	-0.58269	-0.422791	-0.214456	0.0347346	0.308252	0.567766	0.780239	0.936851	1.03539	1.06121	0.997939	0.851186	0.654756	0.454081	0.284769	0.162235	0.0843919	0.0402869	0.0177341	0.00723022	0.00274112	0.000969879	0.000321324	9.99757e-05	2.92916e-05	8.10128e-06	2.11986e-06	5.26095e-07	1.25114e-07	3.3713e-08	3.3713e-08	
-0.107117	-0.124018	-0.138716	-0.138635	-0.128958	-0.13755	-0.165475	-0.187752	-0.197595	-0.191327	-0.185558	-0.211481	-0.275292	-0.374298	-0.495038	-0.601444	-0.669135	-0.687437	-0.636115	-0.507817	-0.322118	-0.095444	0.165053	0.434648	0.673824	0.859169	0.988365	1.05639	1.04606	0.947149	0.776246	0.573601	0.38252	0.23105	0.127013	0.0638695	0.0295257	0.0126063	0.00499232	0.00184089	0.000634278	0.00020485	6.21935e-05	1.77966e-05	4.81109e-06	1.23145e-06	2.99139e-07	6.96443e-08	1.83389e-08	1.83389e-08	
-0.123699	-0.138716	-0.138129	-0.13243	-0.135727	-0.157732	-0.183201	-0.197003	-0.197232	-0.187551	-0.198495	-0.250782	-0.336681	-0.448885	-0.564458	-0.648368	-0.686249	-0.667394	-0.57444	-0.41286	-0.205596	0.0363091	0.302039	0.559154	0.772123	0.928318	1.02824	1.06231	1.01362	0.881226	0.692354	0.490572	0.314116	0.182507	0.0966975	0.0469563	0.021	0.00868851	0.00333929	0.00119664	0.000401175	0.000126211	3.73636e-05	1.04348e-05	2.75552e-06	6.89483e-07	1.63841e-07	3.73219e-08	9.59827e-09	9.59827e-09	
-0.139585	-0.138635	-0.13243	-0.135883	-0.150888	-0.179751	-0.198884	-0.199638	-0.19097	-0.19228	-0.232087	-0.309373	-0.410875	-0.526423	-0.624753	-0.678443	-0.681518	-0.621408	-0.48825	-0.299003	-0.0743033	0.178543	0.441312	0.677266	0.859795	0.985574	1.05374	1.05037	0.962748	0.801421	0.60231	0.40854	0.250831	0.140027	0.0714332	0.0334662	0.0144668	0.00579537	0.00215996	0.000751654	0.000245023	7.50383e-05	2.16474e-05	5.89693e-06	1.52023e-06	3.71654e-07	8.63487e-08	1.92362e-08	4.8291e-09	4.8291e-09	
-0.137058	-0.128958	-0.135727	-0.150888	-0.178268	-0.202092	-0.200035	-0.191284	-0.191866	-0.219809	-0.288278	-0.382911	-0.492391	-0.59872	-0.667872	-0.686034	-0.650443	-0.547293	-0.378582	-0.168029	0.0699792	0.327487	0.577447	0.784679	0.93441	1.02861	1.06178	1.01818	0.893493	0.710251	0.509604	0.330404	0.194287	0.104108	0.0510907	0.0230742	0.00963402	0.00373416	0.00134873	0.0004555	0.000144289	4.29911e-05	1.20792e-05	3.20789e-06	8.06964e-07	1.92662e-07	4.37463e-08	9.52693e-09	2.33365e-09	2.33365e-09	
-0.128365	-0.13755	-0.157732	-0.179751	-0.202092	-0.200046	-0.189589	-0.193702	-0.214608	-0.271616	-0.36273	-0.466895	-0.573079	-0.654924	-0.686584	-0.666836	-0.589521	-0.444711	-0.247899	-0.0222428	0.2243	0.477712	0.704559	0.877767	0.993839	1.05464	1.04916	0.964298	0.807476	0.611445	0.41811	0.258794	0.145604	0.0748286	0.0353004	0.0153587	0.00618989	0.00232003	0.000811626	0.000265881	8.18043e-05	2.37023e-05	6.48325e-06	1.67786e-06	4.11691e-07	9.59533e-08	2.12854e-08	4.53005e-09	1.08237e-09	1.08237e-09	
-0.143476	-0.165475	-0.183201	-0.198884	-0.200035	-0.189589	-0.194664	-0.213795	-0.260517	-0.348192	-0.450916	-0.55219	-0.64013	-0.685157	-0.676583	-0.617239	-0.496394	-0.31572	-0.0998396	0.135474	0.384052	0.622403	0.817127	0.953813	1.03587	1.06038	1.01311	0.888917	0.708054	0.509652	0.331662	0.195781	0.105311	0.0518731	0.0235107	0.00984937	0.00382984	0.00138748	0.000469932	0.000149266	4.45893e-05	1.2559e-05	3.34316e-06	8.42873e-07	2.01663e-07	4.58708e-08	9.93835e-09	2.06654e-09	4.81504e-10	4.81504e-10	
-0.171648	-0.187752	-0.197003	-0.199638	-0.191284	-0.193702	-0.213795	-0.256612	-0.340004	-0.442682	-0.538763	-0.625974	-0.681935	-0.683487	-0.634839	-0.533592	-0.37138	-0.165083	0.0614835	0.30135	0.542619	0.754144	0.910809	1.01082	1.05778	1.04229	0.952137	0.794332	0.6002	0.409944	0.253603	0.142664	0.0733273	0.034603	0.0150619	0.00607355	0.00227781	0.000797376	0.000261394	8.04818e-05	2.33364e-05	6.38799e-06	1.65447e-06	4.06263e-07	9.47601e-08	2.10315e-08	4.44962e-09	9.03834e-10	2.05333e-10	2.05333e-10	
-0.193166	-0.197595	-0.197232	-0.19097	-0.191866	-0.214608	-0.260517	-0.340004	-0.440191	-0.53265	-0.61582	-0.677805	-0.688683	-0.646411	-0.558199	-0.414127	-0.219055	0.000956219	0.232136	0.469864	0.691514	0.866209	0.982867	1.04686	1.05607	0.997371	0.866893	0.685169	0.490011	0.317168	0.186379	0.0998718	0.0490347	0.0221631	0.00926306	0.00359465	0.00130005	0.00043968	0.000139484	4.16232e-05	1.17131e-05	3.11564e-06	7.85014e-07	1.8772e-07	4.26806e-08	9.2418e-09	1.90913e-09	3.78791e-10	8.3897e-11	8.3897e-11	
-0.195796	-0.191327	-0.187551	-0.19228	-0.219809	-0.271616	-0.348192	-0.442682	-0.53265	-0.612152	-0.674841	-0.691984	-0.654072	-0.573188	-0.444043	-0.261566	-0.0475562	0.176759	0.407718	0.632737	0.8216	0.953952	1.03181	1.05927	1.02694	0.9244	0.760921	0.568081	0.383901	0.235286	0.131284	0.0669988	0.03142	0.0136019	0.00545853	0.00203851	0.000710949	0.000232293	7.13126e-05	2.0624e-05	5.63245e-06	1.45578e-06	3.56816e-07	8.30896e-08	1.8414e-08	3.88989e-09	7.84557e-10	1.52048e-10	3.28324e-11	3.28324e-11	
-0.184342	-0.185558	-0.198495	-0.232087	-0.288278	-0.36273	-0.450916	-0.538763	-0.61582	-0.674841	-0.693107	-0.658089	-0.581178	-0.46241	-0.292038	-0.0846021	0.134467	0.358071	0.581258	0.779191	0.9254	1.01537	1.05617	1.04429	0.9674	0.825198	0.640758	0.450882	0.287633	0.166861	0.088403	0.0429715	0.0192519	0.00798382	0.00307689	0.00110599	0.00037201	0.000117442	3.48928e-05	9.78075e-06	2.59247e-06	6.51124e-07	1.55257e-07	3.52079e-08	7.60571e-09	1.5675e-09	3.08686e-10	5.84366e-11	1.23029e-11	1.23029e-11	
-0.190006	-0.211481	-0.250782	-0.309373	-0.382911	-0.466895	-0.55219	-0.625974	-0.677805	-0.691984	-0.658089	-0.583689	-0.470989	-0.310225	-0.109867	0.104479	0.321376	0.539687	0.741574	0.898596	0.999211	1.05001	1.0531	0.997796	0.877226	0.705451	0.515225	0.341274	0.205441	0.112822	0.0567724	0.0262954	0.011259	0.00447449	0.00165661	0.000573312	0.000186033	5.67587e-05	1.63238e-05	4.43577e-06	1.1413e-06	2.78589e-07	6.46322e-08	1.42751e-08	3.00624e-09	6.04523e-10	1.16248e-10	2.14986e-11	4.41358e-12	4.41358e-12	
-0.230356	-0.275292	-0.336681	-0.410875	-0.492391	-0.573079	-0.64013	-0.681935	-0.688683	-0.654072	-0.581178	-0.470989	-0.31625	-0.122719	0.0864642	0.297317	0.509524	0.711206	0.875182	0.984502	1.04298	1.05658	1.01816	0.917492	0.760586	0.574418	0.393913	0.245501	0.139492	0.0725563	0.0347001	0.0153244	0.00627469	0.00239103	0.000850846	0.000283628	8.88212e-05	2.6199e-05	7.29602e-06	1.9225e-06	4.80282e-07	1.13966e-07	2.57306e-08	5.53605e-09	1.13676e-09	2.23073e-10	4.18935e-11	7.57005e-12	1.5157e-12	1.5157e-12	
-0.30906	-0.374298	-0.448885	-0.526423	-0.59872	-0.654924	-0.685157	-0.683487	-0.646411	-0.573188	-0.46241	-0.310225	-0.122719	0.0804402	0.28543	0.491361	0.689981	0.856892	0.972251	1.03643	1.05716	1.03114	0.947334	0.805588	0.626552	0.443353	0.285305	0.167362	0.0898248	0.044293	0.0201511	0.00849254	0.00332798	0.00121683	0.00041645	0.000133793	4.04565e-05	1.1542e-05	3.11365e-06	7.95871e-07	1.93115e-07	4.45596e-08	9.7931e-09	2.05306e-09	4.11141e-10	7.87506e-11	1.44466e-11	2.55113e-12	4.9829e-13	4.9829e-13	
-0.423642	-0.495038	-0.564458	-0.624753	-0.667872	-0.686584	-0.676583	-0.634839	-0.558199	-0.444043	-0.292038	-0.109867	0.0864642	0.28543	0.48531	0.679094	0.84524	0.96341	1.0312	1.05649	1.03901	0.968479	0.840681	0.670405	0.487696	0.323071	0.195175	0.107869	0.0547516	0.0256257	0.0111032	0.00447021	0.00167809	0.000589235	0.000194095	6.01377e-05	1.75691e-05	4.85063e-06	1.2682e-06	3.14588e-07	7.41702e-08	1.66478e-08	3.56276e-09	7.27998e-10	1.42221e-10	2.65963e-11	4.76708e-12	8.22882e-13	1.56833e-13	1.56833e-13	
-0.543548	-0.601444	-0.648368	-0.678443	-0.686034	-0.666836	-0.617239	-0.533592	-0.414127	-0.261566	-0.0846021	0.104479	0.297317	0.491361	0.679094	0.841238	0.958764	1.02785	1.05559	1.04349	0.982641	0.86659	0.705383	0.525458	0.357132	0.221581	0.125822	0.0656152	0.0315449	0.014034	0.00579877	0.00223293	0.000803839	0.000271318	8.6092e-05	2.57447e-05	7.27163e-06	1.94401e-06	4.92859e-07	1.18707e-07	2.72066e-08	5.94269e-09	1.23887e-09	2.46821e-10	4.70539e-11	8.59366e-12	1.50539e-12	2.5408e-13	4.72664e-14	4.72664e-14	
-0.635355	-0.669135	-0.686249	-0.681518	-0.650443	-0.589521	-0.496394	-0.37138	-0.219055	-0.0475562	0.134467	0.321376	0.509524	0.689981	0.84524	0.958764	1.0267	1.05502	1.04576	0.991248	0.884226	0.731361	0.555598	0.386051	0.245259	0.14273	0.0763166	0.0376228	0.0171621	0.00726936	0.00286859	0.00105787	0.000365623	0.000118747	3.633e-05	1.04938e-05	2.86773e-06	7.42867e-07	1.82738e-07	4.27578e-08	9.53098e-09	2.02686e-09	4.11775e-10	8.00192e-11	1.48917e-11	2.657e-12	4.55021e-13	7.51141e-14	1.36436e-14	1.36436e-14	
-0.685287	-0.687437	-0.667394	-0.621408	-0.547293	-0.444711	-0.31572	-0.165083	0.000956219	0.176759	0.358071	0.539687	0.711206	0.856892	0.96341	1.02785	1.05502	1.04644	0.995298	0.894424	0.748484	0.57746	0.408688	0.265014	0.15764	0.0862308	0.0435115	0.0203203	0.0088121	0.00355983	0.00134365	0.00047519	0.000157872	4.93906e-05	1.45834e-05	4.07239e-06	1.07758e-06	2.70664e-07	6.46426e-08	1.47023e-08	3.18906e-09	6.60594e-10	1.30845e-10	2.48111e-11	4.50915e-12	7.86252e-13	1.31678e-13	2.12672e-14	3.77311e-15	3.77311e-15	
-0.673819	-0.636115	-0.57444	-0.48825	-0.378582	-0.247899	-0.0998396	0.0614835	0.232136	0.407718	0.581258	0.741574	0.875182	0.972251	1.0312	1.05559	1.04576	0.995298	0.897757	0.75697	0.590686	0.424216	0.279859	0.169681	0.0947336	0.0488324	0.0233099	0.0103354	0.00426949	0.00164788	0.000595873	0.000202377	6.47103e-05	1.95229e-05	5.56884e-06	1.50474e-06	3.85836e-07	9.40394e-08	2.182e-08	4.82687e-09	1.01937e-09	2.05783e-10	3.97575e-11	7.35956e-12	1.30669e-12	2.2275e-13	3.6495e-14	5.76875e-15	1.00003e-15	1.00003e-15	
-0.58269	-0.507817	-0.41286	-0.299003	-0.168029	-0.0222428	0.135474	0.30135	0.469864	0.632737	0.779191	0.898596	0.984502	1.03643	1.05649	1.04349	0.991248	0.894424	0.75697	0.59511	0.432107	0.289063	0.178135	0.101262	0.0532151	0.0259202	0.0117343	0.00495102	0.00195217	0.000721185	0.000250229	8.17302e-05	2.51835e-05	7.33509e-06	2.02333e-06	5.29494e-07	1.31674e-07	3.11641e-08	7.02987e-09	1.51345e-09	3.11367e-10	6.12888e-11	1.15554e-11	2.08907e-12	3.62513e-13	6.04387e-14	9.69055e-15	1.49968e-15	2.54118e-16	2.54118e-16	
-0.422791	-0.322118	-0.205596	-0.0743033	0.0699792	0.2243	0.384052	0.542619	0.691514	0.8216	0.9254	0.999211	1.04298	1.05716	1.03901	0.982641	0.884226	0.748484	0.590686	0.432107	0.292181	0.182494	0.105371	0.0563374	0.0279526	0.0129016	0.00555325	0.00223465	0.000842711	0.000298507	9.95381e-05	3.13099e-05	9.30842e-06	2.62041e-06	6.99693e-07	1.77498e-07	4.28438e-08	9.85396e-09	2.16246e-09	4.53368e-10	9.0916e-11	1.74586e-11	3.21382e-12	5.67701e-13	9.63214e-14	1.57119e-14	2.46626e-15	3.73808e-16	6.19382e-17	6.19382e-17	
-0.214456	-0.095444	0.0363091	0.178543	0.327487	0.477712	0.622403	0.754144	0.866209	0.953952	1.01537	1.05001	1.05658	1.03114	0.968479	0.86659	0.731361	0.57746	0.424216	0.289063	0.182494	0.106773	0.0579616	0.0292437	0.0137411	0.00602646	0.00247242	0.000950961	0.000343653	0.000116921	3.75265e-05	1.13833e-05	3.26933e-06	8.90496e-07	2.30398e-07	5.67082e-08	1.32968e-08	2.97416e-09	6.35391e-10	1.29807e-10	2.53875e-11	4.7586e-12	8.55682e-13	1.47754e-13	2.45223e-14	3.91521e-15	6.01871e-16	8.93769e-17	1.44871e-17	1.44871e-17	
0.0347346	0.165053	0.302039	0.441312	0.577447	0.704559	0.817127	0.910809	0.982867	1.03181	1.05617	1.0531	1.01816	0.947334	0.840681	0.705383	0.555598	0.408688	0.279859	0.178135	0.105371	0.0579616	0.0296865	0.0141804	0.00632897	0.0026445	0.00103654	0.000381872	0.000132488	4.33676e-05	1.34173e-05	3.93018e-06	1.09172e-06	2.88027e-07	7.22785e-08	1.7276e-08	3.93824e-09	8.57294e-10	1.78418e-10	3.55398e-11	6.78301e-12	1.24165e-12	2.18207e-13	3.68488e-14	5.98476e-15	9.35623e-16	1.40913e-16	2.05088e-17	3.25322e-18	3.25322e-18	
0.308252	0.434648	0.559154	0.677266	0.784679	0.877767	0.953813	1.01082	1.04686	1.05927	1.04429	0.997796	0.917492	0.805588	0.670405	0.525458	0.386051	0.265014	0.169681	0.101262	0.0563374	0.0292437	0.0141804	0.00643304	0.00273489	0.00109148	0.000409651	0.000144844	4.83314e-05	1.5245e-05	4.553e-06	1.28948e-06	3.46838e-07	8.8725e-08	2.16154e-08	5.0215e-09	1.11376e-09	2.36126e-10	4.79041e-11	9.30972e-12	1.73489e-12	3.10312e-13	5.33226e-14	8.81032e-15	1.40088e-15	2.1453e-16	3.16664e-17	4.51871e-18	7.01737e-19	7.01737e-19	
0.567766	0.673824	0.772123	0.859795	0.93441	0.993839	1.03587	1.05778	1.05607	1.02694	0.9674	0.877226	0.760586	0.626552	0.487696	0.357132	0.245259	0.15764	0.0947336	0.0532151	0.0279526	0.0137411	0.00632897	0.00273489	0.00111042	0.000424278	0.000152798	5.19491e-05	1.66996e-05	5.08353e-06	1.46756e-06	4.02359e-07	1.0491e-07	2.60477e-08	6.16627e-09	1.39346e-09	3.00943e-10	6.21824e-11	1.23054e-11	2.33457e-12	4.25024e-13	7.43208e-14	1.24933e-14	2.02058e-15	3.1467e-16	4.7222e-17	6.83404e-18	9.56476e-19	1.45476e-19	1.45476e-19	
0.780239	0.859169	0.928318	0.985574	1.02861	1.05464	1.06038	1.04229	0.997371	0.9244	0.825198	0.705451	0.574418	0.443353	0.323071	0.221581	0.14273	0.0862308	0.0488324	0.0259202	0.0129016	0.00602646	0.0026445	0.00109148	0.000424278	0.000155544	5.38572e-05	1.76376e-05	5.47085e-06	1.60951e-06	4.49717e-07	1.19499e-07	3.02354e-08	7.29329e-09	1.67917e-09	3.69418e-10	7.77429e-11	1.56664e-11	3.02604e-12	5.60771e-13	9.97923e-14	1.70681e-14	2.80809e-15	4.44755e-16	6.78652e-17	9.98406e-18	1.41717e-18	1.94604e-19	2.89995e-20	2.89995e-20	
0.936851	0.988365	1.02824	1.05374	1.06178	1.04916	1.01311	0.952137	0.866893	0.760921	0.640758	0.515225	0.393913	0.285305	0.195175	0.125822	0.0763166	0.0435115	0.0233099	0.0117343	0.00555325	0.00247242	0.00103654	0.000409651	0.000152798	5.38572e-05	1.79617e-05	5.67536e-06	1.70114e-06	4.84326e-07	1.31138e-07	3.38096e-08	8.30957e-09	1.94912e-09	4.36813e-10	9.36282e-11	1.92138e-11	3.77863e-12	7.12821e-13	1.29104e-13	2.24691e-14	3.76079e-15	6.05848e-16	9.40095e-17	1.40612e-17	2.0287e-18	2.82534e-19	3.80787e-20	5.56173e-21	5.56173e-21	
1.03539	1.05639	1.06231	1.05037	1.01818	0.964298	0.888917	0.794332	0.685169	0.568081	0.450882	0.341274	0.245501	0.167362	0.107869	0.0656152	0.0376228	0.0203203	0.0103354	0.00495102	0.00223465	0.000950961	0.000381872	0.000144844	5.19491e-05	1.76376e-05	5.67536e-06	1.73282e-06	5.02611e-07	1.38656e-07	3.64227e-08	9.12059e-09	2.17954e-09	4.97574e-10	1.0863e-10	2.27024e-11	4.54611e-12	8.73076e-13	1.60952e-13	2.85063e-14	4.85451e-15	7.95522e-16	1.25543e-16	1.90933e-17	2.80043e-18	3.96389e-19	5.41829e-20	7.16975e-21	1.02679e-21	1.02679e-21	
1.06121	1.04606	1.01362	0.962748	0.893493	0.807476	0.708054	0.6002	0.490011	0.383901	0.287633	0.205441	0.139492	0.0898248	0.0547516	0.0315449	0.0171621	0.0088121	0.00426949	0.00195217	0.000842711	0.000343653	0.000132488	4.83314e-05	1.66996e-05	5.47085e-06	1.70114e-06	5.02611e-07	1.41256e-07	3.78037e-08	9.64449e-09	2.348e-09	5.46056e-10	1.2143e-10	2.58458e-11	5.27026e-12	1.0305e-12	1.93382e-13	3.48583e-14	6.04044e-15	1.00704e-15	1.61648e-16	2.50007e-17	3.72821e-18	5.36425e-19	7.4518e-20	1.0001e-20	1.29974e-21	1.82575e-22	1.82575e-22	
0.997939	0.947149	0.881226	0.801421	0.710251	0.611445	0.509652	0.409944	0.317168	0.235286	0.166861	0.112822	0.0725563	0.044293	0.0256257	0.014034	0.00726936	0.00355983	0.00164788	0.000721185	0.000298507	0.000116921	4.33676e-05	1.5245e-05	5.08353e-06	1.60951e-06	4.84326e-07	1.38656e-07	3.78037e-08	9.8257e-09	2.43703e-09	5.77372e-10	1.30787e-10	2.83528e-11	5.88772e-12	1.17221e-12	2.23946e-13	4.10889e-14	7.24598e-15	1.22914e-15	2.00707e-16	3.15715e-17	4.78746e-18	7.00303e-19	9.88829e-20	1.3486e-20	1.77766e-21	2.26976e-22	3.12841e-23	3.12841e-23	
0.851186	0.776246	0.692354	0.60231	0.509604	0.41811	0.331662	0.253603	0.186379	0.131284	0.088403	0.0567724	0.0347001	0.0201511	0.0111032	0.00579877	0.00286859	0.00134365	0.000595873	0.000250229	9.95381e-05	3.75265e-05	1.34173e-05	4.553e-06	1.46756e-06	4.49717e-07	1.31138e-07	3.64227e-08	9.64449e-09	2.43703e-09	5.88202e-10	1.35731e-10	2.99716e-11	6.33883e-12	1.28515e-12	2.49983e-13	4.66911e-14	8.38053e-15	1.44663e-15	2.40335e-16	3.84557e-17	5.93055e-18	8.82085e-19	1.26617e-19	1.75514e-20	2.35091e-21	3.04458e-22	3.82041e-23	5.16848e-24	5.16848e-24	
0.654756	0.573601	0.490572	0.40854	0.330404	0.258794	0.195781	0.142664	0.0998718	0.0669988	0.0429715	0.0262954	0.0153244	0.00849254	0.00447021	0.00223293	0.00105787	0.00047519	0.000202377	8.17302e-05	3.13099e-05	1.13833e-05	3.93018e-06	1.28948e-06	4.02359e-07	1.19499e-07	3.38096e-08	9.12059e-09	2.348e-09	5.77372e-10	1.35731e-10	3.05314e-11	6.57713e-12	1.35805e-12	2.68993e-13	5.11521e-14	9.34597e-15	1.64193e-15	2.7757e-16	4.51849e-17	7.08787e-18	1.07209e-18	1.56468e-19	2.2048e-20	3.00143e-21	3.94965e-22	5.02707e-23	6.20128e-24	8.2374e-25	8.2374e-25	
0.454081	0.38252	0.314116	0.250831	0.194287	0.145604	0.105311	0.0733273	0.0490347	0.03142	0.0192519	0.011259	0.00627469	0.00332798	0.00167809	0.000803839	0.000365623	0.000157872	6.47103e-05	2.51835e-05	9.30842e-06	3.26933e-06	1.09172e-06	3.46838e-07	1.0491e-07	3.02354e-08	8.30957e-09	2.17954e-09	5.46056e-10	1.30787e-10	2.99716e-11	6.57713e-12	1.38325e-12	2.7903e-13	5.40297e-14	1.00503e-14	1.79728e-15	3.09217e-16	5.12184e-17	8.17346e-18	1.25746e-18	1.86625e-19	2.67366e-20	3.69973e-21	4.94785e-22	6.39872e-23	8.0066e-24	9.71244e-25	1.26717e-25	1.26717e-25	
0.284769	0.23105	0.182507	0.140027	0.104108	0.0748286	0.0518731	0.034603	0.0221631	0.0136019	0.00798382	0.00447449	0.00239103	0.00121683	0.000589235	0.000271318	0.000118747	4.93906e-05	1.95229e-05	7.33509e-06	2.62041e-06	8.90496e-07	2.88027e-07	8.8725e-08	2.60477e-08	7.29329e-09	1.94912e-09	4.97574e-10	1.2143e-10	2.83528e-11	6.33883e-12	1.35805e-12	2.7903e-13	5.50243e-14	1.0422e-14	1.89743e-15	3.32284e-16	5.60129e-17	9.09488e-18	1.4234e-18	2.14861e-19	3.13013e-20	4.40357e-21	5.98605e-22	7.86715e-23	1.00018e-23	1.23073e-24	1.46852e-25	1.88244e-26	1.88244e-26	
0.162235	0.127013	0.0966975	0.0714332	0.0510907	0.0353004	0.0235107	0.0150619	0.00926306	0.00545853	0.00307689	0.00165661	0.000850846	0.00041645	0.000194095	8.6092e-05	3.633e-05	1.45834e-05	5.56884e-06	2.02333e-06	6.99693e-07	2.30398e-07	7.22785e-08	2.16154e-08	6.16627e-09	1.67917e-09	4.36813e-10	1.0863e-10	2.58458e-11	5.88772e-12	1.28515e-12	2.68993e-13	5.40297e-14	1.0422e-14	1.93204e-15	3.44453e-16	5.91013e-17	9.76589e-18	1.55511e-18	2.38794e-19	3.53812e-20	5.06137e-21	6.9947e-22	9.34378e-23	1.20718e-23	1.5092e-24	1.82677e-25	2.14469e-26	2.70191e-27	2.70191e-27	
0.0843919	0.0638695	0.0469563	0.0334662	0.0230742	0.0153587	0.00984937	0.00607355	0.00359465	0.00203851	0.00110599	0.000573312	0.000283628	0.000133793	6.01377e-05	2.57447e-05	1.04938e-05	4.07239e-06	1.50474e-06	5.29494e-07	1.77498e-07	5.67082e-08	1.7276e-08	5.0215e-09	1.39346e-09	3.69418e-10	9.36282e-11	2.27024e-11	5.27026e-12	1.17221e-12	2.49983e-13	5.11521e-14	1.00503e-14	1.89743e-15	3.44453e-16	6.0168e-17	1.01196e-17	1.63989e-18	2.56206e-19	3.86154e-20	5.61812e-21	7.8947e-22	1.07212e-22	1.40785e-23	1.78859e-24	2.19953e-25	2.61966e-26	3.02693e-27	3.74892e-28	3.74892e-28	
0.0402869	0.0295257	0.021	0.0144668	0.00963402	0.00618989	0.00382984	0.00227781	0.00130005	0.000710949	0.00037201	0.000186033	8.88212e-05	4.04565e-05	1.75691e-05	7.27163e-06	2.86773e-06	1.07758e-06	3.85836e-07	1.31674e-07	4.28438e-08	1.32968e-08	3.93824e-09	1.11376e-09	3.00943e-10	7.77429e-11	1.92138e-11	4.54611e-12	1.0305e-12	2.23946e-13	4.66911e-14	9.34597e-15	1.79728e-15	3.32284e-16	5.91013e-17	1.01196e-17	1.66916e-18	2.6538e-19	4.06955e-20	6.02273e-21	8.60728e-22	1.18853e-22	1.58661e-23	2.04871e-24	2.56016e-25	3.09781e-26	3.63131e-27	4.13061e-28	5.03081e-29	5.03081e-29	
0.0177341	0.0126063	0.00868851	0.00579537	0.00373416	0.00232003	0.00138748	0.000797376	0.00043968	0.000232293	0.000117442	5.67587e-05	2.6199e-05	1.1542e-05	4.85063e-06	1.94401e-06	7.42867e-07	2.70664e-07	9.40394e-08	3.11641e-08	9.85396e-09	2.97416e-09	8.57294e-10	2.36126e-10	6.21824e-11	1.56664e-11	3.77863e-12	8.73076e-13	1.93382e-13	4.10889e-14	8.38053e-15	1.64193e-15	3.09217e-16	5.60129e-17	9.76589e-18	1.63989e-18	2.6538e-19	4.14133e-20	6.23579e-21	9.06518e-22	1.27304e-22	1.72796e-23	2.26821e-24	2.88085e-25	3.54216e-26	4.21835e-27	4.86809e-28	5.45271e-29	6.53247e-30	6.53247e-30	
0.00723022	0.00499232	0.00333929	0.00215996	0.00134873	0.000811626	0.000469932	0.000261394	0.000139484	7.13126e-05	3.48928e-05	1.63238e-05	7.29602e-06	3.11365e-06	1.2682e-06	4.92859e-07	1.82738e-07	6.46426e-08	2.182e-08	7.02987e-09	2.16246e-09	6.35391e-10	1.78418e-10	4.79041e-11	1.23054e-11	3.02604e-12	7.12821e-13	1.60952e-13	3.48583e-14	7.24598e-15	1.44663e-15	2.7757e-16	5.12184e-17	9.09488e-18	1.55511e-18	2.56206e-19	4.06955e-20	6.23579e-21	9.22314e-22	1.31752e-22	1.81872e-23	2.4274e-24	3.1341e-25	3.91656e-26	4.73951e-27	5.5566e-28	6.31458e-29	6.96638e-30	8.21167e-31	8.21167e-31	
0.00274112	0.00184089	0.00119664	0.000751654	0.0004555	0.000265881	0.000149266	8.04818e-05	4.16232e-05	2.0624e-05	9.78075e-06	4.43577e-06	1.9225e-06	7.95871e-07	3.14588e-07	1.18707e-07	4.27578e-08	1.47023e-08	4.82687e-09	1.51345e-09	4.53368e-10	1.29807e-10	3.55398e-11	9.30972e-12	2.33457e-12	5.60771e-13	1.29104e-13	2.85063e-14	6.04044e-15	1.22914e-15	2.40335e-16	4.51849e-17	8.17346e-18	1.4234e-18	2.38794e-19	3.86154e-20	6.02273e-21	9.06518e-22	1.31752e-22	1.85001e-23	2.51111e-24	3.29657e-25	4.18779e-26	5.15054e-27	6.13591e-28	7.08384e-29	7.92919e-30	8.61797e-31	9.99771e-32	9.99771e-32	
0.000969879	0.000634278	0.000401175	0.000245023	0.000144289	8.18043e-05	4.45893e-05	2.33364e-05	1.17131e-05	5.63245e-06	2.59247e-06	1.1413e-06	4.80282e-07	1.93115e-07	7.41702e-08	2.72066e-08	9.53098e-09	3.18906e-09	1.01937e-09	3.11367e-10	9.0916e-11	2.53875e-11	6.78301e-12	1.73489e-12	4.25024e-13	9.97923e-14	2.24691e-14	4.85451e-15	1.00704e-15	2.00707e-16	3.84557e-17	7.08787e-18	1.25746e-18	2.14861e-19	3.53812e-20	5.61812e-21	8.60728e-22	1.27304e-22	1.81872e-23	2.51111e-24	3.35256e-25	4.33033e-26	5.414e-27	6.55512e-28	7.68983e-29	8.74437e-30	9.6431e-31	1.03277e-31	1.17946e-32	1.17946e-32	
0.000321324	0.00020485	0.000126211	7.50383e-05	4.29911e-05	2.37023e-05	1.2559e-05	6.38799e-06	3.11564e-06	1.45578e-06	6.51124e-07	2.78589e-07	1.13966e-07	4.45596e-08	1.66478e-08	5.94269e-09	2.02686e-09	6.60594e-10	2.05783e-10	6.12888e-11	1.74586e-11	4.7586e-12	1.24165e-12	3.10312e-13	7.43208e-14	1.70681e-14	3.76079e-15	7.95522e-16	1.61648e-16	3.15715e-17	5.93055e-18	1.07209e-18	1.86625e-19	3.13013e-20	5.06137e-21	7.8947e-22	1.18853e-22	1.72796e-23	2.4274e-24	3.29657e-25	4.33033e-26	5.50477e-27	6.7753e-28	8.07792e-29	9.33371e-30	1.04566e-30	1.13634e-31	1.19952e-32	1.34887e-33	1.34887e-33	
9.99757e-05	6.21935e-05	3.73636e-05	2.16474e-05	1.20792e-05	6.48325e-06	3.34316e-06	1.65447e-06	7.85014e-07	3.56816e-07	1.55257e-07	6.46322e-08	2.57306e-08	9.7931e-09	3.56276e-09	1.23887e-09	4.11775e-10	1.30845e-10	3.97575e-11	1.15554e-11	3.21382e-12	8.55682e-13	2.18207e-13	5.33226e-14	1.24933e-14	2.80809e-15	6.05848e-16	1.25543e-16	2.50007e-17	4.78746e-18	8.82085e-19	1.56468e-19	2.67366e-20	4.40357e-21	6.9947e-22	1.07212e-22	1.58661e-23	2.26821e-24	3.1341e-25	4.18779e-26	5.414e-27	6.7753e-28	8.21156e-29	9.64304e-30	1.09772e-30	1.21187e-31	1.29806e-32	1.35082e-33	1.49607e-34	1.49607e-34	
2.92916e-05	1.77966e-05	1.04348e-05	5.89693e-06	3.20789e-06	1.67786e-06	8.42873e-07	4.06263e-07	1.8772e-07	8.30896e-08	3.52079e-08	1.42751e-08	5.53605e-09	2.05306e-09	7.27998e-10	2.46821e-10	8.00192e-11	2.48111e-11	7.35956e-12	2.08907e-12	5.67701e-13	1.47754e-13	3.68488e-14	8.81032e-15	2.02058e-15	4.44755e-16	9.40095e-17	1.90933e-17	3.72821e-18	7.00303e-19	1.26617e-19	2.2048e-20	3.69973e-21	5.98605e-22	9.34378e-23	1.40785e-23	2.04871e-24	2.88085e-25	3.91656e-26	5.15054e-27	6.55512e-28	8.07792e-29	9.64304e-30	1.11564e-30	1.25149e-31	1.3618e-32	1.43805e-33	1.47559e-34	1.60994e-35	1.60994e-35	
8.10128e-06	4.81109e-06	2.75552e-06	1.52023e-06	8.06964e-07	4.11691e-07	2.01663e-07	9.47601e-08	4.26806e-08	1.8414e-08	7.60571e-09	3.00624e-09	1.13676e-09	4.11141e-10	1.42221e-10	4.70539e-11	1.48917e-11	4.50915e-12	1.30669e-12	3.62513e-13	9.63214e-14	2.45223e-14	5.98476e-15	1.40088e-15	3.1467e-16	6.78652e-17	1.40612e-17	2.80043e-18	5.36425e-19	9.88829e-20	1.75514e-20	3.00143e-21	4.94785e-22	7.86715e-23	1.20718e-23	1.78859e-24	2.56016e-25	3.54216e-26	4.73951e-27	6.13591e-28	7.68983e-29	9.33371e-30	1.09772e-30	1.25149e-31	1.38374e-32	1.48442e-33	1.54569e-34	1.56422e-35	1.68161e-36	1.68161e-36	
2.11986e-06	1.23145e-06	6.89483e-07	3.71654e-07	1.92662e-07	9.59533e-08	4.58708e-08	2.10315e-08	9.2418e-09	3.88989e-09	1.5675e-09	6.04523e-10	2.23073e-10	7.87506e-11	2.65963e-11	8.59366e-12	2.657e-12	7.86252e-13	2.2275e-13	6.04387e-14	1.57119e-14	3.91521e-15	9.35623e-16	2.1453e-16	4.7222e-17	9.98406e-18	2.0287e-18	3.96389e-19	7.4518e-20	1.3486e-20	2.35091e-21	3.94965e-22	6.39872e-23	1.00018e-23	1.5092e-24	2.19953e-25	3.09781e-26	4.21835e-27	5.5566e-28	7.08384e-29	8.74437e-30	1.04566e-30	1.21187e-31	1.3618e-32	1.48442e-33	1.57025e-34	1.61261e-35	1.60979e-36	1.70558e-37	1.70558e-37	
5.26095e-07	2.99139e-07	1.63841e-07	8.63487e-08	4.37463e-08	2.12854e-08	9.93835e-09	4.44962e-09	1.90913e-09	7.84557e-10	3.08686e-10	1.16248e-10	4.18935e-11	1.44466e-11	4.76708e-12	1.50539e-12	4.55021e-13	1.31678e-13	3.6495e-14	9.69055e-15	2.46626e-15	6.01871e-16	1.40913e-16	3.16664e-17	6.83404e-18	1.41717e-18	2.82534e-19	5.41829e-20	1.0001e-20	1.77766e-21	3.04458e-22	5.02707e-23	8.0066e-24	1.23073e-24	1.82677e-25	2.61966e-26	3.63131e-27	4.86809e-28	6.31458e-29	7.92919e-30	9.6431e-31	1.13634e-31	1.29806e-32	1.43805e-33	1.54569e-34	1.61261e-35	1.63368e-36	1.60899e-37	1.68045e-38	1.68045e-38	
1.25114e-07	6.96443e-08	3.73219e-08	1.92362e-08	9.52693e-09	4.53005e-09	2.06654e-09	9.03834e-10	3.78791e-10	1.52048e-10	5.84366e-11	2.14986e-11	7.57005e-12	2.55113e-12	8.22882e-13	2.5408e-13	7.51141e-14	2.12672e-14	5.76875e-15	1.49968e-15	3.73808e-16	8.93769e-17	2.05088e-17	4.51871e-18	9.56476e-19	1.94604e-19	3.80787e-20	7.16975e-21	1.29974e-21	2.26976e-22	3.82041e-23	6.20128e-24	9.71244e-25	1.46852e-25	2.14469e-26	3.02693e-27	4.13061e-28	5.45271e-29	6.96638e-30	8.61797e-31	1.03277e-31	1.19952e-32	1.35082e-33	1.47559e-34	1.56422e-35	1.60979e-36	1.60899e-37	1.5637e-38	1.61015e-39	1.61015e-39	
3.3713e-08	1.83389e-08	9.59827e-09	4.8291e-09	2.33365e-09	1.08237e-09	4.81504e-10	2.05333e-10	8.3897e-11	3.28324e-11	1.23029e-11	4.41358e-12	1.5157e-12	4.9829e-13	1.56833e-13	4.72664e-14	1.36436e-14	3.77311e-15	1.00003e-15	2.54118e-16	6.19382e-17	1.44871e-17	3.25322e-18	7.01737e-19	1.45476e-19	2.89995e-20	5.56173e-21	1.02679e-21	1.82575e-22	3.12841e-23	5.16848e-24	8.2374e-25	1.26717e-25	1.88244e-26	2.70191e-27	3.74892e-28	5.03081e-29	6.53247e-30	8.21167e-31	9.99771e-32	1.17946e-32	1.34887e-33	1.49607e-34	1.60994e-35	1.68161e-36	1.70558e-37	1.68045e-38	1.61015e-39	1.63316e-40	1.63316e-40	
3.3713e-08	1.83389e-08	9.59827e-09	4.8291e-09	2.33365e-09	1.08237e-09	4.81504e-10	2.05333e-10	8.3897e-11	3.28324e-11	1.23029e-11	4.41358e-12	1.5157e-12	4.9829e-13	1.56833e-13	4.72664e-14	1.36436e-14	3.77311e-15	1.00003e-15	2.54118e-16	6.19382e-17	1.44871e-17	3.25322e-18	7.01737e-19	1.45476e-19	2.89995e-20	5.56173e-21	1.02679e-21	1.82575e-22	3.12841e-23	5.16848e-24	8.2374e-25	1.26717e-25	1.88244e-26	2.70191e-27	3.74892e-28	5.03081e-29	6.53247e-30	8.21167e-31	9.99771e-32	1.17946e-32	1.34887e-33	1.49607e-34	1.60994e-35	1.68161e-36	1.70558e-37	1.68045e-38	1.61015e-39	1.63316e-40	1.63316e-40	
