2.86114	2.86114	2.7739	2.56291	2.23272	1.8344	1.39832	0.918992	0.398108	-0.127115	-0.591411	-0.936988	-1.14242	-1.21921	-1.1999	-1.12412	-1.02226	-0.913721	-0.811758	-0.722821	-0.64817	-0.588186	-0.54127	-0.505161	-0.478371	-0.458602	-0.44459	-0.435059	-0.428951	-0.425938	-0.425342	-0.427479	-0.432151	-0.440295	-0.452179	-0.469507	-0.49314	-0.525309	-0.567846	-0.622564	-0.691676	-0.775965	-0.874788	-0.987415	-1.10817	-1.23063	-1.3457	-1.43888	-1.49625	-1.50646	
2.86114	2.86114	2.7739	2.56291	2.23272	1.8344	1.39832	0.918992	0.398108	-0.127115	-0.591411	-0.936988	-1.14242	-1.21921	-1.1999	-1.12412	-1.02226	-0.913721	-0.811758	-0.722821	-0.64817	-0.588186	-0.54127	-0.505161	-0.478371	-0.458602	-0.44459	-0.435059	-0.428951	-0.425938	-0.425342	-0.427479	-0.432151	-0.440295	-0.452179	-0.469507	-0.49314	-0.525309	-0.567846	-0.622564	-0.691676	-0.775965	-0.874788	-0.987415	-1.10817	-1.23063	-1.3457	-1.43888	-1.49625	-1.50646	
2.7739	2.7739	2.65906	2.45665	2.18332	1.83482	1.41719	0.954076	0.468297	-0.00910251	-0.43229	-0.761371	-0.975882	-1.08158	-1.10425	-1.07151	-1.00831	-0.934788	-0.862159	-0.795002	-0.736291	-0.686517	-0.644725	-0.610899	-0.583576	-0.56209	-0.545848	-0.533826	-0.526019	-0.521759	-0.521032	-0.523912	-0.530214	-0.540626	-0.555132	-0.574527	-0.599494	-0.630588	-0.668944	-0.715608	-0.770653	-0.835861	-0.910212	-0.992227	-1.0805	-1.16893	-1.25132	-1.32079	-1.366	-1.37317	
2.56291	2.56291	2.45665	2.29644	2.08667	1.79321	1.42612	1.02725	0.62474	0.236354	-0.12533	-0.441386	-0.685611	-0.849437	-0.940054	-0.973377	-0.971463	-0.951542	-0.922475	-0.889282	-0.85627	-0.823627	-0.792909	-0.76494	-0.739503	-0.717991	-0.699953	-0.686046	-0.676526	-0.671018	-0.670375	-0.673622	-0.681887	-0.693754	-0.710612	-0.730544	-0.754811	-0.78183	-0.811387	-0.843514	-0.876978	-0.911531	-0.948843	-0.986337	-1.02563	-1.06471	-1.09907	-1.12462	-1.13449	-1.11763	
2.23272	2.23272	2.18332	2.08667	1.92983	1.70876	1.43764	1.13825	0.843252	0.562287	0.274708	-0.0184646	-0.295703	-0.532558	-0.710301	-0.831915	-0.907539	-0.948573	-0.96484	-0.965554	-0.955761	-0.938531	-0.917903	-0.894841	-0.872261	-0.851403	-0.832936	-0.81877	-0.80826	-0.802655	-0.801857	-0.805345	-0.814325	-0.826599	-0.843824	-0.863442	-0.885579	-0.90864	-0.93085	-0.949768	-0.965253	-0.972016	-0.971418	-0.962259	-0.944246	-0.920286	-0.892176	-0.859935	-0.822705	-0.777259	
1.8344	1.8344	1.83482	1.79321	1.70876	1.60238	1.45731	1.27711	1.10021	0.920615	0.707793	0.44695	0.143114	-0.16166	-0.428912	-0.638213	-0.784086	-0.878023	-0.932377	-0.961261	-0.970962	-0.969605	-0.960238	-0.947067	-0.932629	-0.91784	-0.905164	-0.894646	-0.886921	-0.88309	-0.881966	-0.885271	-0.89097	-0.900955	-0.912157	-0.92682	-0.94086	-0.954964	-0.966665	-0.972132	-0.970182	-0.957374	-0.927861	-0.882575	-0.81911	-0.740444	-0.650756	-0.560046	-0.473849	-0.399673	
1.39832	1.39832	1.41719	1.42612	1.43764	1.45731	1.45805	1.43603	1.38375	1.28272	1.12488	0.883125	0.564685	0.219094	-0.106693	-0.369018	-0.562189	-0.69296	-0.777943	-0.832222	-0.865577	-0.886351	-0.898393	-0.906007	-0.908964	-0.910155	-0.910422	-0.90884	-0.90872	-0.907572	-0.907493	-0.908304	-0.908126	-0.910226	-0.909474	-0.909976	-0.907232	-0.902184	-0.892375	-0.877929	-0.852331	-0.819236	-0.770697	-0.705969	-0.621213	-0.51994	-0.40094	-0.272966	-0.147303	-0.0338897	
0.918992	0.918992	0.954076	1.02725	1.13825	1.27711	1.43603	1.57326	1.62696	1.59733	1.4842	1.26618	0.965121	0.612015	0.266164	-0.0265212	-0.25401	-0.413244	-0.527605	-0.606619	-0.666614	-0.711897	-0.750501	-0.779014	-0.802936	-0.821247	-0.834445	-0.844103	-0.850632	-0.853288	-0.854449	-0.85169	-0.847152	-0.838381	-0.827243	-0.810189	-0.789796	-0.763101	-0.729342	-0.690834	-0.643284	-0.587179	-0.522888	-0.447678	-0.357695	-0.250107	-0.129037	0.0112164	0.153154	0.290663	
0.398108	0.398108	0.468297	0.62474	0.843252	1.10021	1.38375	1.62696	1.77354	1.81883	1.75167	1.58813	1.33773	1.01693	0.685268	0.374605	0.12221	-0.0736068	-0.220406	-0.329329	-0.415515	-0.485084	-0.541735	-0.586647	-0.62546	-0.654274	-0.676531	-0.694574	-0.703606	-0.711316	-0.711097	-0.707489	-0.699395	-0.683539	-0.665525	-0.636957	-0.604292	-0.561561	-0.511708	-0.450456	-0.3846	-0.306423	-0.223962	-0.132909	-0.0413492	0.0632684	0.172298	0.295644	0.428389	0.553963	
-0.127115	-0.127115	-0.00910251	0.236354	0.562287	0.920615	1.28272	1.59733	1.81883	1.91665	1.90665	1.82459	1.65591	1.41352	1.11614	0.802439	0.522303	0.286841	0.112016	-0.0251551	-0.127505	-0.211136	-0.27362	-0.330729	-0.372624	-0.408723	-0.436102	-0.45691	-0.46985	-0.478442	-0.47863	-0.474337	-0.463045	-0.445196	-0.420638	-0.388903	-0.348596	-0.299516	-0.242503	-0.172256	-0.0948035	-0.00552225	0.0898982	0.192748	0.294883	0.391184	0.483212	0.562686	0.651737	0.736588	
-0.591411	-0.591411	-0.43229	-0.12533	0.274708	0.707793	1.12488	1.4842	1.75167	1.90665	1.97815	1.98391	1.91075	1.74472	1.47942	1.17455	0.878626	0.634887	0.4468	0.305277	0.201502	0.119703	0.0529857	-0.00437962	-0.0495825	-0.0900785	-0.121802	-0.143981	-0.163239	-0.169284	-0.173248	-0.166031	-0.152543	-0.1331	-0.102191	-0.0688355	-0.0231242	0.0265492	0.0858449	0.150198	0.224724	0.302511	0.391329	0.478254	0.572796	0.658275	0.736915	0.788999	0.824287	0.858464	
-0.936988	-0.936988	-0.761371	-0.441386	-0.0184646	0.44695	0.883125	1.26618	1.58813	1.82459	1.98391	2.07316	2.0753	1.9614	1.73922	1.46286	1.1852	0.949485	0.761128	0.628114	0.526061	0.449442	0.382765	0.3311	0.281066	0.242735	0.208643	0.184572	0.165655	0.157634	0.154896	0.161774	0.176493	0.197708	0.22844	0.264708	0.308745	0.358028	0.413483	0.47036	0.533018	0.59187	0.655864	0.71794	0.777135	0.836278	0.891759	0.933191	0.941193	0.9296	
-1.14242	-1.14242	-0.975882	-0.685611	-0.295703	0.143114	0.564685	0.965121	1.33773	1.65591	1.91075	2.0753	2.13329	2.07571	1.91377	1.68771	1.43779	1.20634	1.02139	0.886428	0.786655	0.71407	0.656666	0.609143	0.568191	0.535024	0.507097	0.485402	0.471663	0.46238	0.462108	0.466967	0.479073	0.498548	0.522341	0.555003	0.589807	0.632449	0.676263	0.723668	0.771952	0.818266	0.857682	0.896937	0.925913	0.947007	0.968257	0.987066	0.979788	0.935354	
-1.21921	-1.21921	-1.08158	-0.849437	-0.532558	-0.16166	0.219094	0.612015	1.01693	1.41352	1.74472	1.9614	2.07571	2.08818	2.01034	1.84569	1.61913	1.39256	1.20359	1.06723	0.969711	0.906901	0.860376	0.826222	0.797861	0.774879	0.755124	0.740578	0.729798	0.723768	0.72324	0.726285	0.735669	0.748246	0.765621	0.787617	0.810974	0.83922	0.86903	0.897749	0.929813	0.95989	0.982902	1.00169	1.011	0.998127	0.969279	0.946249	0.912589	0.849684	
-1.1999	-1.1999	-1.10425	-0.940054	-0.710301	-0.428912	-0.106693	0.266164	0.685268	1.11614	1.47942	1.73922	1.91377	2.01034	2.01575	1.89331	1.6921	1.47937	1.30504	1.17303	1.08631	1.03797	1.00499	0.982785	0.966544	0.95108	0.939906	0.929034	0.923554	0.917995	0.919193	0.920578	0.926657	0.936406	0.944901	0.960035	0.972131	0.984226	0.999431	1.00753	1.01256	1.02014	1.01357	1.00296	0.99078	0.963837	0.898974	0.82136	0.749031	0.667213	
-1.12412	-1.12412	-1.07151	-0.973377	-0.831915	-0.638213	-0.369018	-0.0265212	0.374605	0.802439	1.17455	1.46286	1.68771	1.84569	1.89331	1.80966	1.65583	1.48215	1.32324	1.19354	1.12426	1.08151	1.05877	1.04701	1.04401	1.03381	1.03505	1.02714	1.0272	1.02474	1.02333	1.02728	1.02519	1.03289	1.03333	1.03733	1.0422	1.03899	1.03681	1.03197	1.01005	0.990857	0.961368	0.909582	0.855268	0.807588	0.73816	0.638395	0.536347	0.446703	
-1.02226	-1.02226	-1.00831	-0.971463	-0.907539	-0.784086	-0.562189	-0.25401	0.12221	0.522303	0.878626	1.1852	1.43779	1.61913	1.6921	1.65583	1.55142	1.39507	1.23063	1.10894	1.04439	1.00293	0.994432	1.00079	1.0054	1.01393	1.02249	1.0248	1.0296	1.0316	1.0296	1.03177	1.02603	1.0229	1.01736	1.00503	0.995466	0.979264	0.953636	0.933984	0.896421	0.850792	0.807356	0.74761	0.66232	0.587924	0.515514	0.424802	0.322986	0.23362	
-0.913721	-0.913721	-0.934788	-0.951542	-0.948573	-0.878023	-0.69296	-0.413244	-0.0736068	0.286841	0.634887	0.949485	1.20634	1.39256	1.47937	1.48215	1.39507	1.23305	1.06524	0.947131	0.874961	0.837101	0.842988	0.85536	0.869848	0.894241	0.904894	0.919044	0.926955	0.930349	0.932505	0.927947	0.923933	0.909991	0.898949	0.877108	0.850628	0.82639	0.781231	0.744316	0.69848	0.638702	0.579767	0.526511	0.450056	0.365529	0.299457	0.226812	0.149026	0.074187	
-0.811758	-0.811758	-0.862159	-0.922475	-0.96484	-0.932377	-0.777943	-0.527605	-0.220406	0.112016	0.4468	0.761128	1.02139	1.20359	1.30504	1.32324	1.23063	1.06524	0.895755	0.770226	0.67361	0.636388	0.634133	0.643426	0.662188	0.690159	0.69888	0.72255	0.726761	0.733449	0.737754	0.726553	0.727927	0.704849	0.694076	0.668756	0.638029	0.608442	0.569137	0.516817	0.476675	0.417363	0.354403	0.300857	0.251092	0.183157	0.128564	0.0772022	0.0226426	-0.0314198	
-0.722821	-0.722821	-0.795002	-0.889282	-0.965554	-0.961261	-0.832222	-0.606619	-0.329329	-0.0251551	0.305277	0.628114	0.886428	1.06723	1.17303	1.19354	1.10894	0.947131	0.770226	0.607452	0.488349	0.435806	0.414523	0.414821	0.436244	0.452308	0.4702	0.48781	0.495543	0.502678	0.504873	0.498041	0.492345	0.477041	0.457922	0.436993	0.409464	0.374807	0.349249	0.304067	0.268111	0.229319	0.182394	0.132257	0.0927502	0.0462605	0.0119622	-0.0169587	-0.0498503	-0.0884999	
-0.64817	-0.64817	-0.736291	-0.85627	-0.955761	-0.970962	-0.865577	-0.666614	-0.415515	-0.127505	0.201502	0.526061	0.786655	0.969711	1.08631	1.12426	1.04439	0.874961	0.67361	0.488349	0.353229	0.277182	0.239802	0.233585	0.244927	0.25472	0.27233	0.282781	0.291032	0.297513	0.295852	0.29522	0.285279	0.276211	0.259879	0.240755	0.220807	0.192157	0.167961	0.136172	0.108017	0.0778218	0.0509783	0.0245511	0.00275346	-0.0323293	-0.0606021	-0.0735649	-0.0900018	-0.114942	
-0.588186	-0.588186	-0.686517	-0.823627	-0.938531	-0.969605	-0.886351	-0.711897	-0.485084	-0.211136	0.119703	0.449442	0.71407	0.906901	1.03797	1.08151	1.00293	0.837101	0.636388	0.435806	0.277182	0.181033	0.126988	0.105523	0.104968	0.107931	0.117833	0.124152	0.130265	0.133523	0.133844	0.13201	0.126326	0.120023	0.108222	0.0978358	0.0830548	0.0657526	0.0525821	0.0296597	0.0117107	-0.00538714	-0.0293698	-0.0509418	-0.0566638	-0.0723521	-0.0925979	-0.101435	-0.107054	-0.123136	
-0.54127	-0.54127	-0.644725	-0.792909	-0.917903	-0.960238	-0.898393	-0.750501	-0.541735	-0.27362	0.0529857	0.382765	0.656666	0.860376	1.00499	1.05877	0.994432	0.842988	0.634133	0.414523	0.239802	0.126988	0.0549563	0.0235129	0.0159544	0.0111275	0.0186075	0.0210782	0.0249341	0.0281054	0.0265102	0.0275041	0.0211773	0.0191644	0.0101782	0.00265222	-0.00375721	-0.0188014	-0.0227655	-0.0359901	-0.047215	-0.0542373	-0.0624747	-0.0811396	-0.0861705	-0.0925923	-0.108767	-0.113063	-0.116587	-0.12501	
-0.505161	-0.505161	-0.610899	-0.76494	-0.894841	-0.947067	-0.906007	-0.779014	-0.586647	-0.330729	-0.00437962	0.3311	0.609143	0.826222	0.982785	1.04701	1.00079	0.85536	0.643426	0.414821	0.233585	0.105523	0.0235129	-0.0126434	-0.0283446	-0.0378854	-0.0315116	-0.0346344	-0.0305724	-0.0284732	-0.032076	-0.0270747	-0.0358052	-0.0323008	-0.0406395	-0.0442563	-0.0478472	-0.0574856	-0.0629382	-0.0669011	-0.0789876	-0.0812941	-0.0847969	-0.0926701	-0.0989138	-0.100375	-0.11332	-0.118045	-0.11663	-0.123204	
-0.478371	-0.478371	-0.583576	-0.739503	-0.872261	-0.932629	-0.908964	-0.802936	-0.62546	-0.372624	-0.0495825	0.281066	0.568191	0.797861	0.966544	1.04401	1.0054	0.869848	0.662188	0.436244	0.244927	0.104968	0.0159544	-0.0283446	-0.0531239	-0.0614787	-0.0629677	-0.0651552	-0.063182	-0.0629386	-0.064338	-0.0623212	-0.0658769	-0.0653963	-0.0676388	-0.0700797	-0.0718422	-0.0736633	-0.0786148	-0.0795338	-0.0861797	-0.0904411	-0.0953628	-0.102968	-0.102055	-0.100846	-0.112975	-0.119655	-0.119819	-0.120399	
-0.458602	-0.458602	-0.56209	-0.717991	-0.851403	-0.91784	-0.910155	-0.821247	-0.654274	-0.408723	-0.0900785	0.242735	0.535024	0.774879	0.95108	1.03381	1.01393	0.894241	0.690159	0.452308	0.25472	0.107931	0.0111275	-0.0378854	-0.0614787	-0.0750725	-0.0738425	-0.0781898	-0.0754404	-0.0756618	-0.0767352	-0.0744022	-0.0789385	-0.0760479	-0.0810758	-0.0817853	-0.0828467	-0.088091	-0.0887855	-0.0877637	-0.0948897	-0.0918462	-0.0900787	-0.10025	-0.108365	-0.103612	-0.112307	-0.118233	-0.118732	-0.118877	
-0.44459	-0.44459	-0.545848	-0.699953	-0.832936	-0.905164	-0.910422	-0.834445	-0.676531	-0.436102	-0.121802	0.208643	0.507097	0.755124	0.939906	1.03505	1.02249	0.904894	0.69888	0.4702	0.27233	0.117833	0.0186075	-0.0315116	-0.0629677	-0.0738425	-0.0770597	-0.0813887	-0.0798255	-0.0799845	-0.0822379	-0.0788598	-0.0827446	-0.081023	-0.0815059	-0.083815	-0.083704	-0.0832331	-0.0907449	-0.0871102	-0.0943367	-0.0990865	-0.0995462	-0.100231	-0.103885	-0.100714	-0.110545	-0.118488	-0.118856	-0.118216	
-0.435059	-0.435059	-0.533826	-0.686046	-0.81877	-0.894646	-0.90884	-0.844103	-0.694574	-0.45691	-0.143981	0.184572	0.485402	0.740578	0.929034	1.02714	1.0248	0.919044	0.72255	0.48781	0.282781	0.124152	0.0210782	-0.0346344	-0.0651552	-0.0781898	-0.0813887	-0.0856442	-0.0831796	-0.0850996	-0.0842312	-0.0840043	-0.0856969	-0.084397	-0.0871429	-0.0866218	-0.0886143	-0.0888462	-0.0914919	-0.0882925	-0.0936757	-0.0924372	-0.0926242	-0.100876	-0.107678	-0.103102	-0.109288	-0.117438	-0.119087	-0.115331	
-0.428951	-0.428951	-0.526019	-0.676526	-0.80826	-0.886921	-0.90872	-0.850632	-0.703606	-0.46985	-0.163239	0.165655	0.471663	0.729798	0.923554	1.0272	1.0296	0.926955	0.726761	0.495543	0.291032	0.130265	0.0249341	-0.0305724	-0.063182	-0.0754404	-0.0798255	-0.0831796	-0.0823899	-0.0826308	-0.0839356	-0.0821265	-0.0844507	-0.0839891	-0.0840791	-0.0865234	-0.0863569	-0.0867609	-0.0923114	-0.0893927	-0.0947624	-0.0975648	-0.0959772	-0.0985078	-0.105715	-0.100364	-0.108343	-0.116351	-0.118583	-0.117648	
-0.425938	-0.425938	-0.521759	-0.671018	-0.802655	-0.88309	-0.907572	-0.853288	-0.711316	-0.478442	-0.169284	0.157634	0.46238	0.723768	0.917995	1.02474	1.0316	0.930349	0.733449	0.502678	0.297513	0.133523	0.0281054	-0.0284732	-0.0629386	-0.0756618	-0.0799845	-0.0850996	-0.0826308	-0.0845284	-0.0845233	-0.0830084	-0.0855298	-0.083535	-0.0854921	-0.0853082	-0.0870482	-0.085466	-0.0916839	-0.0866507	-0.0934892	-0.0957575	-0.0958545	-0.098294	-0.105193	-0.102348	-0.108096	-0.117254	-0.118523	-0.114521	
-0.425342	-0.425342	-0.521032	-0.670375	-0.801857	-0.881966	-0.907493	-0.854449	-0.711097	-0.47863	-0.173248	0.154896	0.462108	0.72324	0.919193	1.02333	1.0296	0.932505	0.737754	0.504873	0.295852	0.133844	0.0265102	-0.032076	-0.064338	-0.0767352	-0.0822379	-0.0842312	-0.0839356	-0.0845233	-0.0844098	-0.0845928	-0.0852218	-0.0858845	-0.0864295	-0.0877386	-0.088777	-0.0890445	-0.0919705	-0.0902349	-0.0935011	-0.0933878	-0.0929705	-0.0997897	-0.107676	-0.101071	-0.107456	-0.115711	-0.118752	-0.116543	
-0.427479	-0.427479	-0.523912	-0.673622	-0.805345	-0.885271	-0.908304	-0.85169	-0.707489	-0.474337	-0.166031	0.161774	0.466967	0.726285	0.920578	1.02728	1.03177	0.927947	0.726553	0.498041	0.29522	0.13201	0.0275041	-0.0270747	-0.0623212	-0.0744022	-0.0788598	-0.0840043	-0.0821265	-0.0830084	-0.0845928	-0.0813569	-0.0850663	-0.0825889	-0.0836292	-0.0848468	-0.0852619	-0.0839736	-0.0919709	-0.0865284	-0.0943343	-0.0991491	-0.0984369	-0.0972765	-0.103841	-0.101073	-0.108394	-0.117511	-0.118196	-0.116123	
-0.432151	-0.432151	-0.530214	-0.681887	-0.814325	-0.89097	-0.908126	-0.847152	-0.699395	-0.463045	-0.152543	0.176493	0.479073	0.735669	0.926657	1.02519	1.02603	0.923933	0.727927	0.492345	0.285279	0.126326	0.0211773	-0.0358052	-0.0658769	-0.0789385	-0.0827446	-0.0856969	-0.0844507	-0.0855298	-0.0852218	-0.0850663	-0.0867249	-0.0857792	-0.0884166	-0.0881494	-0.0898313	-0.0908078	-0.0923648	-0.0903809	-0.0944478	-0.0920814	-0.0915222	-0.100461	-0.108639	-0.102831	-0.108926	-0.116744	-0.119014	-0.115695	
-0.440295	-0.440295	-0.540626	-0.693754	-0.826599	-0.900955	-0.910226	-0.838381	-0.683539	-0.445196	-0.1331	0.197708	0.498548	0.748246	0.936406	1.03289	1.0229	0.909991	0.704849	0.477041	0.276211	0.120023	0.0191644	-0.0323008	-0.0653963	-0.0760479	-0.081023	-0.084397	-0.0839891	-0.083535	-0.0858845	-0.0825889	-0.0857792	-0.0843598	-0.0842936	-0.0863274	-0.0861474	-0.085241	-0.0917745	-0.088084	-0.0945368	-0.0988776	-0.0998201	-0.100567	-0.105053	-0.100248	-0.109562	-0.118271	-0.11819	-0.118567	
-0.452179	-0.452179	-0.555132	-0.710612	-0.843824	-0.912157	-0.909474	-0.827243	-0.665525	-0.420638	-0.102191	0.22844	0.522341	0.765621	0.944901	1.03333	1.01736	0.898949	0.694076	0.457922	0.259879	0.108222	0.0101782	-0.0406395	-0.0676388	-0.0810758	-0.0815059	-0.0871429	-0.0840791	-0.0854921	-0.0864295	-0.0836292	-0.0884166	-0.0842936	-0.0885921	-0.0882943	-0.0884692	-0.0913183	-0.0934563	-0.0903799	-0.0970051	-0.0958201	-0.0937477	-0.10071	-0.107134	-0.104124	-0.11296	-0.118984	-0.119528	-0.117346	
-0.469507	-0.469507	-0.574527	-0.730544	-0.863442	-0.92682	-0.909976	-0.810189	-0.636957	-0.388903	-0.0688355	0.264708	0.555003	0.787617	0.960035	1.03733	1.00503	0.877108	0.668756	0.436993	0.240755	0.0978358	0.00265222	-0.0442563	-0.0700797	-0.0817853	-0.083815	-0.0866218	-0.0865234	-0.0853082	-0.0877386	-0.0848468	-0.0881494	-0.0863274	-0.0882943	-0.0888478	-0.0892395	-0.0910073	-0.0919557	-0.0917331	-0.096939	-0.0960994	-0.0974693	-0.105046	-0.108305	-0.102842	-0.112722	-0.119132	-0.118749	-0.121253	
-0.49314	-0.49314	-0.599494	-0.754811	-0.885579	-0.94086	-0.907232	-0.789796	-0.604292	-0.348596	-0.0231242	0.308745	0.589807	0.810974	0.972131	1.0422	0.995466	0.850628	0.638029	0.409464	0.220807	0.0830548	-0.00375721	-0.0478472	-0.0718422	-0.0828467	-0.083704	-0.0886143	-0.0863569	-0.0870482	-0.088777	-0.0852619	-0.0898313	-0.0861474	-0.0884692	-0.0892395	-0.0879906	-0.0902491	-0.0927581	-0.0914502	-0.0967481	-0.0990555	-0.10132	-0.10603	-0.105008	-0.104611	-0.117094	-0.121714	-0.1202	-0.122433	
-0.525309	-0.525309	-0.630588	-0.78183	-0.90864	-0.954964	-0.902184	-0.763101	-0.561561	-0.299516	0.0265492	0.358028	0.632449	0.83922	0.984226	1.03899	0.979264	0.82639	0.608442	0.374807	0.192157	0.0657526	-0.0188014	-0.0574856	-0.0736633	-0.088091	-0.0832331	-0.0888462	-0.0867609	-0.085466	-0.0890445	-0.0839736	-0.0908078	-0.085241	-0.0913183	-0.0910073	-0.0902491	-0.0979295	-0.0945359	-0.0965552	-0.10303	-0.0993568	-0.0962501	-0.105016	-0.10829	-0.108896	-0.119769	-0.120537	-0.120381	-0.127212	
-0.567846	-0.567846	-0.668944	-0.811387	-0.93085	-0.966665	-0.892375	-0.729342	-0.511708	-0.242503	0.0858449	0.413483	0.676263	0.86903	0.999431	1.03681	0.953636	0.781231	0.569137	0.349249	0.167961	0.0525821	-0.0227655	-0.0629382	-0.0786148	-0.0887855	-0.0907449	-0.0914919	-0.0923114	-0.0916839	-0.0919705	-0.0919709	-0.0923648	-0.0917745	-0.0934563	-0.0919557	-0.0927581	-0.0945359	-0.0904894	-0.0964671	-0.0960908	-0.0957392	-0.104707	-0.115343	-0.107825	-0.110442	-0.119994	-0.122552	-0.122413	-0.130099	
-0.622564	-0.622564	-0.715608	-0.843514	-0.949768	-0.972132	-0.877929	-0.690834	-0.450456	-0.172256	0.150198	0.47036	0.723668	0.897749	1.00753	1.03197	0.933984	0.744316	0.516817	0.304067	0.136172	0.0296597	-0.0359901	-0.0669011	-0.0795338	-0.0877637	-0.0871102	-0.0882925	-0.0893927	-0.0866507	-0.0902349	-0.0865284	-0.0903809	-0.088084	-0.0903799	-0.0917331	-0.0914502	-0.0965552	-0.0964671	-0.101174	-0.103933	-0.106471	-0.108458	-0.107592	-0.104651	-0.114019	-0.125233	-0.124267	-0.124031	-0.139067	
-0.691676	-0.691676	-0.770653	-0.876978	-0.965253	-0.970182	-0.852331	-0.643284	-0.3846	-0.0948035	0.224724	0.533018	0.771952	0.929813	1.01256	1.01005	0.896421	0.69848	0.476675	0.268111	0.108017	0.0117107	-0.047215	-0.0789876	-0.0861797	-0.0948897	-0.0943367	-0.0936757	-0.0947624	-0.0934892	-0.0935011	-0.0943343	-0.0944478	-0.0945368	-0.0970051	-0.096939	-0.0967481	-0.10303	-0.0960908	-0.103933	-0.1019	-0.101241	-0.103857	-0.112031	-0.111884	-0.123243	-0.12679	-0.122825	-0.127987	-0.142856	
-0.775965	-0.775965	-0.835861	-0.911531	-0.972016	-0.957374	-0.819236	-0.587179	-0.306423	-0.00552225	0.302511	0.59187	0.818266	0.95989	1.02014	0.990857	0.850792	0.638702	0.417363	0.229319	0.0778218	-0.00538714	-0.0542373	-0.0812941	-0.0904411	-0.0918462	-0.0990865	-0.0924372	-0.0975648	-0.0957575	-0.0933878	-0.0991491	-0.0920814	-0.0988776	-0.0958201	-0.0960994	-0.0990555	-0.0993568	-0.0957392	-0.106471	-0.101241	-0.104948	-0.114237	-0.118044	-0.113508	-0.123706	-0.124217	-0.12561	-0.134843	-0.152603	
-0.874788	-0.874788	-0.910212	-0.948843	-0.971418	-0.927861	-0.770697	-0.522888	-0.223962	0.0898982	0.391329	0.655864	0.857682	0.982902	1.01357	0.961368	0.807356	0.579767	0.354403	0.182394	0.0509783	-0.0293698	-0.0624747	-0.0847969	-0.0953628	-0.0900787	-0.0995462	-0.0926242	-0.0959772	-0.0958545	-0.0929705	-0.0984369	-0.0915222	-0.0998201	-0.0937477	-0.0974693	-0.10132	-0.0962501	-0.104707	-0.108458	-0.103857	-0.114237	-0.12097	-0.112685	-0.113168	-0.129555	-0.128504	-0.131529	-0.142217	-0.155577	
-0.987415	-0.987415	-0.992227	-0.986337	-0.962259	-0.882575	-0.705969	-0.447678	-0.132909	0.192748	0.478254	0.71794	0.896937	1.00169	1.00296	0.909582	0.74761	0.526511	0.300857	0.132257	0.0245511	-0.0509418	-0.0811396	-0.0926701	-0.102968	-0.10025	-0.100231	-0.100876	-0.0985078	-0.098294	-0.0997897	-0.0972765	-0.100461	-0.100567	-0.10071	-0.105046	-0.10603	-0.105016	-0.115343	-0.107592	-0.112031	-0.118044	-0.112685	-0.107126	-0.127523	-0.136388	-0.129179	-0.134845	-0.149494	-0.160853	
-1.10817	-1.10817	-1.0805	-1.02563	-0.944246	-0.81911	-0.621213	-0.357695	-0.0413492	0.294883	0.572796	0.777135	0.925913	1.011	0.99078	0.855268	0.66232	0.450056	0.251092	0.0927502	0.00275346	-0.0566638	-0.0861705	-0.0989138	-0.102055	-0.108365	-0.103885	-0.107678	-0.105715	-0.105193	-0.107676	-0.103841	-0.108639	-0.105053	-0.107134	-0.108305	-0.105008	-0.10829	-0.107825	-0.104651	-0.111884	-0.113508	-0.113168	-0.127523	-0.141584	-0.132605	-0.128369	-0.143405	-0.160416	-0.159138	
-1.23063	-1.23063	-1.16893	-1.06471	-0.920286	-0.740444	-0.51994	-0.250107	0.0632684	0.391184	0.658275	0.836278	0.947007	0.998127	0.963837	0.807588	0.587924	0.365529	0.183157	0.0462605	-0.0323293	-0.0723521	-0.0925923	-0.100375	-0.100846	-0.103612	-0.100714	-0.103102	-0.100364	-0.102348	-0.101071	-0.101073	-0.102831	-0.100248	-0.104124	-0.102842	-0.104611	-0.108896	-0.110442	-0.114019	-0.123243	-0.123706	-0.129555	-0.136388	-0.132605	-0.124223	-0.136816	-0.159578	-0.164296	-0.158352	
-1.3457	-1.3457	-1.25132	-1.09907	-0.892176	-0.650756	-0.40094	-0.129037	0.172298	0.483212	0.736915	0.891759	0.968257	0.969279	0.898974	0.73816	0.515514	0.299457	0.128564	0.0119622	-0.0606021	-0.0925979	-0.108767	-0.11332	-0.112975	-0.112307	-0.110545	-0.109288	-0.108343	-0.108096	-0.107456	-0.108394	-0.108926	-0.109562	-0.11296	-0.112722	-0.117094	-0.119769	-0.119994	-0.125233	-0.12679	-0.124217	-0.128504	-0.129179	-0.128369	-0.136816	-0.160929	-0.168363	-0.161045	-0.159926	
-1.43888	-1.43888	-1.32079	-1.12462	-0.859935	-0.560046	-0.272966	0.0112164	0.295644	0.562686	0.788999	0.933191	0.987066	0.946249	0.82136	0.638395	0.424802	0.226812	0.0772022	-0.0169587	-0.0735649	-0.101435	-0.113063	-0.118045	-0.119655	-0.118233	-0.118488	-0.117438	-0.116351	-0.117254	-0.115711	-0.117511	-0.116744	-0.118271	-0.118984	-0.119132	-0.121714	-0.120537	-0.122552	-0.124267	-0.122825	-0.12561	-0.131529	-0.134845	-0.143405	-0.159578	-0.168363	-0.160259	-0.157845	-0.174049	
-1.49625	-1.49625	-1.366	-1.13449	-0.822705	-0.473849	-0.147303	0.153154	0.428389	0.651737	0.824287	0.941193	0.979788	0.912589	0.749031	0.536347	0.322986	0.149026	0.0226426	-0.0498503	-0.0900018	-0.107054	-0.116587	-0.11663	-0.119819	-0.118732	-0.118856	-0.119087	-0.118583	-0.118523	-0.118752	-0.118196	-0.119014	-0.11819	-0.119528	-0.118749	-0.1202	-0.120381	-0.122413	-0.124031	-0.127987	-0.134843	-0.142217	-0.149494	-0.160416	-0.164296	-0.161045	-0.157845	-0.173824	-0.203637	
-1.50646	-1.50646	-1.37317	-1.11763	-0.777259	-0.399673	-0.0338897	0.290663	0.553963	0.736588	0.858464	0.9296	0.935354	0.849684	0.667213	0.446703	0.23362	0.074187	-0.0314198	-0.0884999	-0.114942	-0.123136	-0.12501	-0.123204	-0.120399	-0.118877	-0.118216	-0.115331	-0.117648	-0.114521	-0.116543	-0.116123	-0.115695	-0.118567	-0.117346	-0.121253	-0.122433	-0.127212	-0.130099	-0.139067	-0.142856	-0.152603	-0.155577	-0.160853	-0.159138	-0.158352	-0.159926	-0.174049	-0.203637	-0.226261	
