-0.220229	-0.220229	-0.238547	-0.257123	-0.270222	-0.276676	-0.294649	-0.310426	-0.30471	-0.262547	-0.207033	-0.189637	-0.23522	-0.345334	-0.482669	-0.626064	-0.753138	-0.850981	-0.906695	-0.901959	-0.812101	-0.615885	-0.319805	0.0269743	0.377249	0.703018	0.982416	1.19476	1.32191	1.38554	1.4042	1.37385	1.27897	1.11389	0.876116	0.579264	0.232778	-0.115629	-0.430851	-0.671249	-0.81408	-0.872514	-0.868751	-0.808352	-0.722797	-0.627658	-0.540562	-0.467467	-0.435112	-0.461623	
-0.220229	-0.220229	-0.238547	-0.257123	-0.270222	-0.276676	-0.294649	-0.310426	-0.30471	-0.262547	-0.207033	-0.189637	-0.23522	-0.345334	-0.482669	-0.626064	-0.753138	-0.850981	-0.906695	-0.901959	-0.812101	-0.615885	-0.319805	0.0269743	0.377249	0.703018	0.982416	1.19476	1.32191	1.38554	1.4042	1.37385	1.27897	1.11389	0.876116	0.579264	0.232778	-0.115629	-0.430851	-0.671249	-0.81408	-0.872514	-0.868751	-0.808352	-0.722797	-0.627658	-0.540562	-0.467467	-0.435112	-0.461623	
-0.238547	-0.238547	-0.256486	-0.274026	-0.286748	-0.292084	-0.308157	-0.322034	-0.313349	-0.270896	-0.213846	-0.196087	-0.239682	-0.346947	-0.482222	-0.622319	-0.747029	-0.841927	-0.894094	-0.885824	-0.792315	-0.59257	-0.295182	0.0541518	0.40606	0.73336	1.01421	1.2273	1.35594	1.4201	1.43846	1.40523	1.30763	1.13738	0.893335	0.588702	0.235342	-0.122798	-0.444976	-0.693081	-0.843401	-0.906515	-0.903167	-0.842264	-0.750877	-0.645845	-0.547742	-0.46223	-0.415937	-0.426894	
-0.257123	-0.257123	-0.274026	-0.292478	-0.304592	-0.311229	-0.326162	-0.337564	-0.328624	-0.284275	-0.230101	-0.210511	-0.25255	-0.355657	-0.485464	-0.621465	-0.740454	-0.82995	-0.876521	-0.861102	-0.76103	-0.556816	-0.255039	0.0960724	0.451622	0.781039	1.06239	1.27552	1.40406	1.46683	1.48008	1.44195	1.33612	1.15794	0.905039	0.589813	0.224371	-0.142986	-0.478362	-0.73703	-0.895424	-0.963988	-0.962351	-0.896174	-0.796231	-0.679202	-0.561053	-0.452865	-0.381926	-0.367684	
-0.270222	-0.270222	-0.286748	-0.304592	-0.317873	-0.325384	-0.338917	-0.349666	-0.337753	-0.297219	-0.244633	-0.228412	-0.269716	-0.368736	-0.495836	-0.625692	-0.740024	-0.823133	-0.861394	-0.837482	-0.728853	-0.517245	-0.214511	0.139528	0.4946	0.822781	1.10113	1.30929	1.4348	1.49263	1.49965	1.45146	1.33746	1.14911	0.886289	0.560271	0.189058	-0.188824	-0.52815	-0.792573	-0.958077	-1.0299	-1.02445	-0.955815	-0.844346	-0.709068	-0.57164	-0.441153	-0.343059	-0.295309	
-0.276676	-0.276676	-0.292084	-0.311229	-0.325384	-0.335631	-0.349459	-0.357906	-0.347623	-0.307897	-0.263037	-0.248647	-0.290851	-0.386725	-0.508936	-0.635495	-0.744774	-0.823036	-0.856057	-0.824975	-0.710256	-0.496724	-0.193752	0.15588	0.509421	0.832718	1.10461	1.30542	1.42483	1.47617	1.47316	1.41592	1.29265	1.09731	0.829654	0.499768	0.125363	-0.250945	-0.592212	-0.85683	-1.02176	-1.09177	-1.08288	-1.00546	-0.884064	-0.73702	-0.578388	-0.424853	-0.30078	-0.223342	
-0.294649	-0.294649	-0.308157	-0.326162	-0.338917	-0.349459	-0.35841	-0.36355	-0.34779	-0.310737	-0.269102	-0.258504	-0.301314	-0.393339	-0.514401	-0.637771	-0.746432	-0.823539	-0.85423	-0.821173	-0.705048	-0.493218	-0.199594	0.142573	0.485597	0.800106	1.06133	1.25169	1.36593	1.41203	1.40374	1.34104	1.21442	1.01813	0.751786	0.423047	0.0566016	-0.315418	-0.648059	-0.906565	-1.06865	-1.13469	-1.11636	-1.03302	-0.899102	-0.735886	-0.561777	-0.39115	-0.245265	-0.139303	
-0.310426	-0.310426	-0.322034	-0.337564	-0.349666	-0.357906	-0.36355	-0.361089	-0.34185	-0.303668	-0.267131	-0.258746	-0.301384	-0.390072	-0.508027	-0.630742	-0.739568	-0.818499	-0.851285	-0.820195	-0.707914	-0.505147	-0.224555	0.1006	0.431516	0.731827	0.981148	1.16148	1.27086	1.31588	1.30668	1.24336	1.12099	0.931055	0.673415	0.355831	0.00160646	-0.356893	-0.677409	-0.925284	-1.08022	-1.13842	-1.11177	-1.01729	-0.871922	-0.695481	-0.501376	-0.313339	-0.151711	-0.0279271	
-0.30471	-0.30471	-0.313349	-0.328624	-0.337753	-0.347623	-0.34779	-0.34185	-0.318333	-0.282668	-0.252836	-0.249191	-0.294256	-0.380147	-0.497623	-0.619704	-0.730857	-0.812232	-0.847862	-0.820297	-0.712436	-0.519931	-0.255965	0.0527128	0.366163	0.653676	0.889398	1.05866	1.16563	1.21043	1.20211	1.14391	1.0279	0.850372	0.609427	0.308037	-0.0249052	-0.363393	-0.664882	-0.897665	-1.04022	-1.08752	-1.04635	-0.93897	-0.776704	-0.584321	-0.376116	-0.175793	-0.00147822	0.13488	
-0.262547	-0.262547	-0.270896	-0.284275	-0.297219	-0.307897	-0.310737	-0.303668	-0.282668	-0.254972	-0.236955	-0.244398	-0.29544	-0.382854	-0.50125	-0.624829	-0.737119	-0.820429	-0.855795	-0.827903	-0.721047	-0.534091	-0.282293	0.0105638	0.312124	0.586146	0.810619	0.971318	1.07441	1.12091	1.11646	1.06067	0.95444	0.790403	0.564845	0.284641	-0.0233799	-0.336921	-0.611205	-0.817972	-0.941974	-0.97077	-0.912094	-0.787705	-0.611326	-0.403832	-0.179775	0.0277211	0.199995	0.332435	
-0.207033	-0.207033	-0.213846	-0.230101	-0.244633	-0.263037	-0.269102	-0.267131	-0.252836	-0.236955	-0.236008	-0.257292	-0.317708	-0.40816	-0.528411	-0.652317	-0.765838	-0.847359	-0.880499	-0.849012	-0.737792	-0.553129	-0.307667	-0.0235828	0.269736	0.53955	0.758868	0.914497	1.01913	1.06774	1.06425	1.01261	0.911357	0.758571	0.551901	0.293217	0.0119645	-0.270676	-0.514766	-0.695441	-0.793614	-0.799705	-0.718942	-0.574828	-0.381056	-0.165812	0.0588221	0.259174	0.419988	0.5359	
-0.189637	-0.189637	-0.196087	-0.210511	-0.228412	-0.248647	-0.258504	-0.258746	-0.249191	-0.244398	-0.257292	-0.292228	-0.360383	-0.453433	-0.574024	-0.698311	-0.809608	-0.888944	-0.915495	-0.876561	-0.75813	-0.569271	-0.326404	-0.0477444	0.242749	0.510513	0.728569	0.885602	0.993931	1.05067	1.05611	1.01054	0.918714	0.779771	0.58736	0.349118	0.093742	-0.161329	-0.374543	-0.522972	-0.597002	-0.581866	-0.483578	-0.326275	-0.128573	0.0871018	0.305104	0.485752	0.612824	0.692211	
-0.23522	-0.23522	-0.239682	-0.25255	-0.269716	-0.290851	-0.301314	-0.301384	-0.294256	-0.29544	-0.317708	-0.360383	-0.430096	-0.519711	-0.634529	-0.751851	-0.85763	-0.928364	-0.947286	-0.899815	-0.773592	-0.583219	-0.342458	-0.0694193	0.218589	0.488455	0.710886	0.874065	0.99306	1.06283	1.08032	1.04638	0.967457	0.844607	0.673486	0.460435	0.231289	0.00507979	-0.181698	-0.310599	-0.368997	-0.34354	-0.24037	-0.0819794	0.109988	0.307374	0.497788	0.641986	0.729031	0.76591	
-0.345334	-0.345334	-0.346947	-0.355657	-0.368736	-0.386725	-0.393339	-0.390072	-0.380147	-0.382854	-0.40816	-0.453433	-0.519711	-0.602255	-0.706277	-0.81459	-0.909054	-0.969715	-0.976295	-0.917785	-0.782315	-0.58734	-0.348794	-0.0810165	0.202796	0.472563	0.697843	0.867006	0.996824	1.08263	1.11822	1.1032	1.04407	0.944222	0.798187	0.611157	0.40954	0.20973	0.0453545	-0.067009	-0.119351	-0.0996581	-0.0111789	0.125646	0.286262	0.449458	0.600237	0.700823	0.739203	0.732133	
-0.482669	-0.482669	-0.482222	-0.485464	-0.495836	-0.508936	-0.514401	-0.508027	-0.497623	-0.50125	-0.528411	-0.574024	-0.634529	-0.706277	-0.796345	-0.889215	-0.968978	-1.01266	-1.00457	-0.931055	-0.785562	-0.585535	-0.347769	-0.0859239	0.194678	0.46552	0.69453	0.873237	1.01306	1.11455	1.16758	1.16883	1.12822	1.0518	0.930326	0.77425	0.601335	0.428367	0.282266	0.177545	0.117506	0.116579	0.172122	0.269169	0.382014	0.49116	0.587562	0.635717	0.629238	0.586176	
-0.626064	-0.626064	-0.622319	-0.621465	-0.625692	-0.635495	-0.637771	-0.630742	-0.619704	-0.624829	-0.652317	-0.698311	-0.751851	-0.81459	-0.889215	-0.967749	-1.03004	-1.05674	-1.03003	-0.94061	-0.781506	-0.573063	-0.333518	-0.072606	0.205827	0.477874	0.713648	0.897752	1.04782	1.16177	1.22776	1.24386	1.21937	1.1581	1.06014	0.926276	0.775959	0.623595	0.491157	0.385822	0.313643	0.28214	0.293127	0.336011	0.388288	0.438085	0.473955	0.471557	0.425604	0.359218	
-0.753138	-0.753138	-0.747029	-0.740454	-0.740024	-0.744774	-0.746432	-0.739568	-0.730857	-0.737119	-0.765838	-0.809608	-0.85763	-0.909054	-0.968978	-1.03004	-1.07428	-1.08003	-1.03543	-0.926649	-0.755695	-0.538256	-0.295282	-0.0362304	0.241132	0.516495	0.755827	0.95094	1.10755	1.23123	1.30822	1.33294	1.31485	1.26522	1.17626	1.05715	0.920209	0.778996	0.64742	0.535459	0.440345	0.370336	0.33154	0.318771	0.312192	0.302831	0.288401	0.245699	0.171103	0.0860222	
-0.850981	-0.850981	-0.841927	-0.82995	-0.823133	-0.823036	-0.823539	-0.818499	-0.812232	-0.820429	-0.847359	-0.888944	-0.928364	-0.969715	-1.01266	-1.05674	-1.08003	-1.06657	-1.00135	-0.877071	-0.694981	-0.470815	-0.228406	0.0288452	0.30252	0.575831	0.821764	1.02082	1.18395	1.31414	1.39551	1.42429	1.41062	1.35918	1.27613	1.16092	1.02628	0.883924	0.74449	0.610668	0.484034	0.370899	0.281635	0.215768	0.159931	0.111761	0.0592567	-0.0100467	-0.0975614	-0.181773	
-0.906695	-0.906695	-0.894094	-0.876521	-0.861394	-0.856057	-0.85423	-0.851285	-0.847862	-0.855795	-0.880499	-0.915495	-0.947286	-0.976295	-1.00457	-1.03003	-1.03543	-1.00135	-0.920614	-0.781695	-0.593405	-0.367523	-0.127767	0.122507	0.387374	0.656131	0.89855	1.10022	1.26376	1.39372	1.47733	1.50744	1.49153	1.43895	1.35256	1.23301	1.09231	0.938708	0.778885	0.617404	0.455431	0.296629	0.159489	0.047059	-0.0446713	-0.122498	-0.190748	-0.2624	-0.345079	-0.425666	
-0.901959	-0.901959	-0.885824	-0.861102	-0.837482	-0.824975	-0.821173	-0.820195	-0.820297	-0.827903	-0.849012	-0.876561	-0.899815	-0.917785	-0.931055	-0.94061	-0.926649	-0.877071	-0.781695	-0.635187	-0.447495	-0.226818	0.000813084	0.237833	0.488177	0.743704	0.981228	1.18069	1.34239	1.47109	1.55149	1.57871	1.55791	1.49584	1.40144	1.27311	1.12105	0.952268	0.769195	0.577126	0.376205	0.174898	-0.0029945	-0.15092	-0.266771	-0.352889	-0.424786	-0.494741	-0.565886	-0.625628	
-0.812101	-0.812101	-0.792315	-0.76103	-0.728853	-0.710256	-0.705048	-0.707914	-0.712436	-0.721047	-0.737792	-0.75813	-0.773592	-0.782315	-0.785562	-0.781506	-0.755695	-0.694981	-0.593405	-0.447495	-0.26747	-0.0612865	0.148985	0.367734	0.598245	0.836886	1.06361	1.25603	1.41371	1.53557	1.61176	1.63456	1.60864	1.53647	1.43164	1.28866	1.12062	0.930123	0.72337	0.502686	0.273489	0.0446047	-0.158928	-0.33057	-0.457014	-0.54756	-0.617276	-0.673078	-0.722701	-0.762109	
-0.615885	-0.615885	-0.59257	-0.556816	-0.517245	-0.496724	-0.493218	-0.505147	-0.519931	-0.534091	-0.553129	-0.569271	-0.583219	-0.58734	-0.585535	-0.573063	-0.538256	-0.470815	-0.367523	-0.226818	-0.0612865	0.12389	0.310398	0.504824	0.711182	0.929797	1.14205	1.32901	1.48296	1.60047	1.67137	1.68976	1.65352	1.56814	1.44615	1.28459	1.09869	0.891054	0.664665	0.426087	0.1798	-0.0658838	-0.281506	-0.461438	-0.587993	-0.672694	-0.731214	-0.77658	-0.810456	-0.824817	
-0.319805	-0.319805	-0.295182	-0.255039	-0.214511	-0.193752	-0.199594	-0.224555	-0.255965	-0.282293	-0.307667	-0.326404	-0.342458	-0.348794	-0.347769	-0.333518	-0.295282	-0.228406	-0.127767	0.000813084	0.148985	0.310398	0.472932	0.645022	0.83215	1.03187	1.23406	1.41507	1.56603	1.67803	1.74154	1.75032	1.70375	1.60137	1.459	1.27784	1.07287	0.847578	0.609059	0.363476	0.111679	-0.129817	-0.341614	-0.519559	-0.642215	-0.718648	-0.769342	-0.801448	-0.811931	-0.797453	
0.0269743	0.0269743	0.0541518	0.0960724	0.139528	0.15588	0.142573	0.1006	0.0527128	0.0105638	-0.0235828	-0.0477444	-0.0694193	-0.0810165	-0.0859239	-0.072606	-0.0362304	0.0288452	0.122507	0.237833	0.367734	0.504824	0.645022	0.799054	0.969472	1.15913	1.35378	1.53503	1.68903	1.79804	1.85413	1.85234	1.78737	1.66189	1.49311	1.28531	1.06185	0.825944	0.586476	0.345727	0.106446	-0.122506	-0.324031	-0.495422	-0.610365	-0.6797	-0.718646	-0.734888	-0.726985	-0.687982	
0.377249	0.377249	0.40606	0.451622	0.4946	0.509421	0.485597	0.431516	0.366163	0.312124	0.269736	0.242749	0.218589	0.202796	0.194678	0.205827	0.241132	0.30252	0.387374	0.488177	0.598245	0.711182	0.83215	0.969472	1.13313	1.31656	1.51127	1.69836	1.85716	1.96677	2.01439	1.99641	1.91046	1.75866	1.55833	1.32692	1.08569	0.844838	0.610662	0.386048	0.164193	-0.0427475	-0.226914	-0.385133	-0.49371	-0.554685	-0.580083	-0.5851	-0.560454	-0.501023	
0.703018	0.703018	0.73336	0.781039	0.822781	0.832718	0.800106	0.731827	0.653676	0.586146	0.53955	0.510513	0.488455	0.472563	0.46552	0.477874	0.516495	0.575831	0.656131	0.743704	0.836886	0.929797	1.03187	1.15913	1.31656	1.49943	1.69522	1.88692	2.05127	2.15952	2.19578	2.16038	2.0503	1.87215	1.64446	1.39099	1.13925	0.899764	0.679026	0.47536	0.276152	0.0930117	-0.0737121	-0.218362	-0.318165	-0.364921	-0.377854	-0.366652	-0.329683	-0.260167	
0.982416	0.982416	1.01421	1.06239	1.10113	1.10461	1.06133	0.981148	0.889398	0.810619	0.758868	0.728569	0.710886	0.697843	0.69453	0.713648	0.755827	0.821764	0.89855	0.981228	1.06361	1.14205	1.23406	1.35378	1.51127	1.69522	1.89076	2.08359	2.24646	2.34687	2.36639	2.3055	2.17043	1.96659	1.71711	1.45239	1.19935	0.971436	0.77278	0.591077	0.416859	0.253908	0.103598	-0.0259234	-0.112734	-0.149499	-0.145219	-0.123423	-0.0837459	-0.0172133	
1.19476	1.19476	1.2273	1.27552	1.30929	1.30542	1.25169	1.16148	1.05866	0.971318	0.914497	0.885602	0.874065	0.867006	0.873237	0.897752	0.95094	1.02082	1.10022	1.18069	1.25603	1.32901	1.41507	1.53503	1.69836	1.88692	2.08359	2.27318	2.4266	2.51187	2.50445	2.41314	2.24708	2.02091	1.75597	1.48737	1.24223	1.03456	0.858662	0.706738	0.557494	0.41631	0.285803	0.174508	0.0942465	0.0679788	0.076601	0.0966733	0.13014	0.188892	
1.32191	1.32191	1.35594	1.40406	1.4348	1.42483	1.36593	1.27086	1.16563	1.07441	1.01913	0.993931	0.99306	0.996824	1.01306	1.04782	1.10755	1.18395	1.26376	1.34239	1.41371	1.48296	1.56603	1.68903	1.85716	2.05127	2.24646	2.4266	2.56596	2.63012	2.59534	2.47108	2.27831	2.03108	1.7563	1.48794	1.25317	1.06373	0.917247	0.793095	0.675927	0.565059	0.461323	0.369523	0.301709	0.274342	0.273352	0.281797	0.29736	0.334929	
1.38554	1.38554	1.4201	1.46683	1.49263	1.47617	1.41203	1.31588	1.21043	1.12091	1.06774	1.05067	1.06283	1.08263	1.11455	1.16177	1.23123	1.31414	1.39372	1.47109	1.53557	1.60047	1.67803	1.79804	1.96677	2.15952	2.34687	2.51187	2.63012	2.6718	2.61136	2.46095	2.24764	1.98848	1.71184	1.44634	1.22142	1.05	0.925281	0.830657	0.750829	0.672235	0.602747	0.537794	0.479753	0.44665	0.432259	0.417371	0.406816	0.420363	
1.4042	1.4042	1.43846	1.48008	1.49965	1.47316	1.40374	1.30668	1.20211	1.11646	1.06425	1.05611	1.08032	1.11822	1.16758	1.22776	1.30822	1.39551	1.47733	1.55149	1.61176	1.67137	1.74154	1.85413	2.01439	2.19578	2.36639	2.50445	2.59534	2.61136	2.52885	2.3615	2.13736	1.87659	1.60589	1.34875	1.13545	0.979995	0.877074	0.813454	0.768089	0.726164	0.690504	0.646131	0.596592	0.557342	0.523246	0.488473	0.460156	0.450527	
1.37385	1.37385	1.40523	1.44195	1.45146	1.41592	1.34104	1.24336	1.14391	1.06067	1.01261	1.01054	1.04638	1.1032	1.16883	1.24386	1.33294	1.42429	1.50744	1.57871	1.63456	1.68976	1.75032	1.85234	1.99641	2.16038	2.3055	2.41314	2.47108	2.46095	2.3615	2.18259	1.95459	1.69759	1.43572	1.1897	0.991047	0.853737	0.777807	0.748017	0.740227	0.731332	0.719281	0.685729	0.636832	0.584973	0.534162	0.486133	0.440456	0.41103	
1.27897	1.27897	1.30763	1.33612	1.33746	1.29265	1.21442	1.12099	1.0279	0.95444	0.911357	0.918714	0.967457	1.04407	1.12822	1.21937	1.31485	1.41062	1.49153	1.55791	1.60864	1.65352	1.70375	1.78737	1.91046	2.0503	2.17043	2.24708	2.27831	2.24764	2.13736	1.95459	1.72531	1.46888	1.21549	0.979253	0.795542	0.68249	0.637263	0.642983	0.67175	0.690423	0.695123	0.664717	0.612687	0.545038	0.475567	0.406812	0.346825	0.302182	
1.11389	1.11389	1.13738	1.15794	1.14911	1.09731	1.01813	0.931055	0.850372	0.790403	0.758571	0.779771	0.844607	0.944222	1.0518	1.1581	1.26522	1.35918	1.43895	1.49584	1.53647	1.56814	1.60137	1.66189	1.75866	1.87215	1.96659	2.02091	2.03108	1.98848	1.87659	1.69759	1.46888	1.21907	0.969743	0.74374	0.576525	0.484631	0.464569	0.505263	0.559693	0.6031	0.619962	0.59343	0.535612	0.457233	0.365832	0.276362	0.195193	0.135562	
0.876116	0.876116	0.893335	0.905039	0.886289	0.829654	0.751786	0.673415	0.609427	0.564845	0.551901	0.58736	0.673486	0.798187	0.930326	1.06014	1.17626	1.27613	1.35256	1.40144	1.43164	1.44615	1.459	1.49311	1.55833	1.64446	1.71711	1.75597	1.7563	1.71184	1.60589	1.43572	1.21549	0.969743	0.727941	0.516119	0.36456	0.291245	0.294836	0.351365	0.421104	0.479696	0.50249	0.478699	0.423395	0.334885	0.224394	0.111311	0.0101904	-0.0598569	
0.579264	0.579264	0.588702	0.589813	0.560271	0.499768	0.423047	0.355831	0.308037	0.284641	0.293217	0.349118	0.460435	0.611157	0.77425	0.926276	1.05715	1.16092	1.23301	1.27311	1.28866	1.28459	1.27784	1.28531	1.32692	1.39099	1.45239	1.48737	1.48794	1.44634	1.34875	1.1897	0.979253	0.74374	0.516119	0.320856	0.188081	0.130689	0.141985	0.204383	0.278269	0.340218	0.365707	0.346758	0.285899	0.189044	0.0652368	-0.0660312	-0.181279	-0.255656	
0.232778	0.232778	0.235342	0.224371	0.189058	0.125363	0.0566016	0.00160646	-0.0249052	-0.0233799	0.0119645	0.093742	0.231289	0.40954	0.601335	0.775959	0.920209	1.02628	1.09231	1.12105	1.12062	1.09869	1.07287	1.06185	1.08569	1.13925	1.19935	1.24223	1.25317	1.22142	1.13545	0.991047	0.795542	0.576525	0.36456	0.188081	0.0705145	0.0186847	0.032147	0.0904696	0.160454	0.224238	0.252244	0.230335	0.162842	0.0573342	-0.0800244	-0.22446	-0.34561	-0.41939	
-0.115629	-0.115629	-0.122798	-0.142986	-0.188824	-0.250945	-0.315418	-0.356893	-0.363393	-0.336921	-0.270676	-0.161329	0.00507979	0.20973	0.428367	0.623595	0.778996	0.883924	0.938708	0.952268	0.930123	0.891054	0.847578	0.825944	0.844838	0.899764	0.971436	1.03456	1.06373	1.05	0.979995	0.853737	0.68249	0.484631	0.291245	0.130689	0.0186847	-0.034571	-0.0274947	0.0214976	0.0886221	0.151258	0.177182	0.152865	0.0761627	-0.0363368	-0.176121	-0.325949	-0.456223	-0.541743	
-0.430851	-0.430851	-0.444976	-0.478362	-0.52815	-0.592212	-0.648059	-0.677409	-0.664882	-0.611205	-0.514766	-0.374543	-0.181698	0.0453545	0.282266	0.491157	0.64742	0.74449	0.778885	0.769195	0.72337	0.664665	0.609059	0.586476	0.610662	0.679026	0.77278	0.858662	0.917247	0.925281	0.877074	0.777807	0.637263	0.464569	0.294836	0.141985	0.032147	-0.0274947	-0.0301826	0.00660847	0.0697931	0.124631	0.153142	0.128535	0.053977	-0.0543585	-0.191088	-0.3492	-0.493685	-0.599421	
-0.671249	-0.671249	-0.693081	-0.73703	-0.792573	-0.85683	-0.906565	-0.925284	-0.897665	-0.817972	-0.695441	-0.522972	-0.310599	-0.067009	0.177545	0.385822	0.535459	0.610668	0.617404	0.577126	0.502686	0.426087	0.363476	0.345727	0.386048	0.47536	0.591077	0.706738	0.793095	0.830657	0.813454	0.748017	0.642983	0.505263	0.351365	0.204383	0.0904696	0.0214976	0.00660847	0.0387164	0.0950705	0.146726	0.179806	0.162384	0.0971906	-7.19894e-05	-0.127807	-0.288634	-0.451668	-0.58749	
-0.81408	-0.81408	-0.843401	-0.895424	-0.958077	-1.02176	-1.06865	-1.08022	-1.04022	-0.941974	-0.793614	-0.597002	-0.368997	-0.119351	0.117506	0.313643	0.440345	0.484034	0.455431	0.376205	0.273489	0.1798	0.111679	0.106446	0.164193	0.276152	0.416859	0.557494	0.675927	0.750829	0.768089	0.740227	0.67175	0.559693	0.421104	0.278269	0.160454	0.0886221	0.0697931	0.0950705	0.143555	0.193727	0.235273	0.235999	0.197714	0.121586	0.00166177	-0.165705	-0.349414	-0.514368	
-0.872514	-0.872514	-0.906515	-0.963988	-1.0299	-1.09177	-1.13469	-1.13842	-1.08752	-0.97077	-0.799705	-0.581866	-0.34354	-0.0996581	0.116579	0.28214	0.370336	0.370899	0.296629	0.174898	0.0446047	-0.0658838	-0.129817	-0.122506	-0.0427475	0.0930117	0.253908	0.41631	0.565059	0.672235	0.726164	0.731332	0.690423	0.6031	0.479696	0.340218	0.224238	0.151258	0.124631	0.146726	0.193727	0.252887	0.314749	0.348441	0.339141	0.278411	0.165329	-2.53113e-05	-0.197932	-0.386976	
-0.868751	-0.868751	-0.903167	-0.962351	-1.02445	-1.08288	-1.11636	-1.11177	-1.04635	-0.912094	-0.718942	-0.483578	-0.24037	-0.0111789	0.172122	0.293127	0.33154	0.281635	0.159489	-0.0029945	-0.158928	-0.281506	-0.341614	-0.324031	-0.226914	-0.0737121	0.103598	0.285803	0.461323	0.602747	0.690504	0.719281	0.695123	0.619962	0.50249	0.365707	0.252244	0.177182	0.153142	0.179806	0.235273	0.314749	0.404828	0.469315	0.489227	0.449624	0.349038	0.189342	-0.0154329	-0.217032	
-0.808352	-0.808352	-0.842264	-0.896174	-0.955815	-1.00546	-1.03302	-1.01729	-0.93897	-0.787705	-0.574828	-0.326275	-0.0819794	0.125646	0.269169	0.336011	0.318771	0.215768	0.047059	-0.15092	-0.33057	-0.461438	-0.519559	-0.495422	-0.385133	-0.218362	-0.0259234	0.174508	0.369523	0.537794	0.646131	0.685729	0.664717	0.59343	0.478699	0.346758	0.230335	0.152865	0.128535	0.162384	0.235999	0.348441	0.469315	0.570476	0.623486	0.606393	0.52277	0.376607	0.176686	-0.034208	
-0.722797	-0.722797	-0.750877	-0.796231	-0.844346	-0.884064	-0.899102	-0.871922	-0.776704	-0.611326	-0.381056	-0.128573	0.109988	0.286262	0.382014	0.388288	0.312192	0.159931	-0.0446713	-0.266771	-0.457014	-0.587993	-0.642215	-0.610365	-0.49371	-0.318165	-0.112734	0.0942465	0.301709	0.479753	0.596592	0.636832	0.612687	0.535612	0.423395	0.285899	0.162842	0.0761627	0.053977	0.0971906	0.197714	0.339141	0.489227	0.623486	0.708242	0.724225	0.668883	0.543705	0.354002	0.150508	
-0.627658	-0.627658	-0.645845	-0.679202	-0.709068	-0.73702	-0.735886	-0.695481	-0.584321	-0.403832	-0.165812	0.0871018	0.307374	0.449458	0.49116	0.438085	0.302831	0.111761	-0.122498	-0.352889	-0.54756	-0.672694	-0.718648	-0.6797	-0.554685	-0.364921	-0.149499	0.0679788	0.274342	0.44665	0.557342	0.584973	0.545038	0.457233	0.334885	0.189044	0.0573342	-0.0363368	-0.0543585	-7.19894e-05	0.121586	0.278411	0.449624	0.606393	0.724225	0.777308	0.761736	0.665235	0.504752	0.319643	
-0.540562	-0.540562	-0.547742	-0.561053	-0.57164	-0.578388	-0.561777	-0.501376	-0.376116	-0.179775	0.0588221	0.305104	0.497788	0.600237	0.587562	0.473955	0.288401	0.0592567	-0.190748	-0.424786	-0.617276	-0.731214	-0.769342	-0.718646	-0.580083	-0.377854	-0.145219	0.076601	0.273352	0.432259	0.523246	0.534162	0.475567	0.365832	0.224394	0.0652368	-0.0800244	-0.176121	-0.191088	-0.127807	0.00166177	0.165329	0.349038	0.52277	0.668883	0.761736	0.785857	0.724394	0.605913	0.450202	
-0.467467	-0.467467	-0.46223	-0.452865	-0.441153	-0.424853	-0.39115	-0.313339	-0.175793	0.0277211	0.259174	0.485752	0.641986	0.700823	0.635717	0.471557	0.245699	-0.0100467	-0.2624	-0.494741	-0.673078	-0.77658	-0.801448	-0.734888	-0.5851	-0.366652	-0.123423	0.0966733	0.281797	0.417371	0.488473	0.486133	0.406812	0.276362	0.111311	-0.0660312	-0.22446	-0.325949	-0.3492	-0.288634	-0.165705	-2.53113e-05	0.189342	0.376607	0.543705	0.665235	0.724394	0.709736	0.636026	0.510567	
-0.435112	-0.435112	-0.415937	-0.381926	-0.343059	-0.30078	-0.245265	-0.151711	-0.00147822	0.199995	0.419988	0.612824	0.729031	0.739203	0.629238	0.425604	0.171103	-0.0975614	-0.345079	-0.565886	-0.722701	-0.810456	-0.811931	-0.726985	-0.560454	-0.329683	-0.0837459	0.13014	0.29736	0.406816	0.460156	0.440456	0.346825	0.195193	0.0101904	-0.181279	-0.34561	-0.456223	-0.493685	-0.451668	-0.349414	-0.197932	-0.0154329	0.176686	0.354002	0.504752	0.605913	0.636026	0.5881	0.485876	
-0.461623	-0.461623	-0.426894	-0.367684	-0.295309	-0.223342	-0.139303	-0.0279271	0.13488	0.332435	0.5359	0.692211	0.76591	0.732133	0.586176	0.359218	0.0860222	-0.181773	-0.425666	-0.625628	-0.762109	-0.824817	-0.797453	-0.687982	-0.501023	-0.260167	-0.0172133	0.188892	0.334929	0.420363	0.450527	0.41103	0.302182	0.135562	-0.0598569	-0.255656	-0.41939	-0.541743	-0.599421	-0.58749	-0.514368	-0.386976	-0.217032	-0.034208	0.150508	0.319643	0.450202	0.510567	0.485876	0.402192	
