1.29979	1.29979	1.22743	1.1263	1.01601	0.87447	0.693684	0.490206	0.275256	0.0520154	-0.167419	-0.367366	-0.52106	-0.619175	-0.684606	-0.734941	-0.764931	-0.764006	-0.737217	-0.693137	-0.644863	-0.580533	-0.496833	-0.394579	-0.303783	-0.265815	-0.287945	-0.34291	-0.420593	-0.518579	-0.608735	-0.683452	-0.748035	-0.790379	-0.795762	-0.77485	-0.746472	-0.682303	-0.551658	-0.363295	-0.15666	0.0323429	0.195706	0.340964	0.481071	0.608381	0.710125	0.793199	0.867276	0.923173	
1.29979	1.29979	1.22743	1.1263	1.01601	0.87447	0.693684	0.490206	0.275256	0.0520154	-0.167419	-0.367366	-0.52106	-0.619175	-0.684606	-0.734941	-0.764931	-0.764006	-0.737217	-0.693137	-0.644863	-0.580533	-0.496833	-0.394579	-0.303783	-0.265815	-0.287945	-0.34291	-0.420593	-0.518579	-0.608735	-0.683452	-0.748035	-0.790379	-0.795762	-0.77485	-0.746472	-0.682303	-0.551658	-0.363295	-0.15666	0.0323429	0.195706	0.340964	0.481071	0.608381	0.710125	0.793199	0.867276	0.923173	
1.22743	1.22743	1.1787	1.09415	0.982426	0.83831	0.666399	0.472787	0.264091	0.0477221	-0.157108	-0.337295	-0.473696	-0.568233	-0.644304	-0.704449	-0.733202	-0.729029	-0.710031	-0.678277	-0.633103	-0.567387	-0.492141	-0.410913	-0.336577	-0.300616	-0.313664	-0.356791	-0.41979	-0.503322	-0.588024	-0.669771	-0.745655	-0.797501	-0.809364	-0.789574	-0.749355	-0.666445	-0.52778	-0.350475	-0.157841	0.029854	0.200183	0.348464	0.490871	0.629806	0.746945	0.836026	0.90143	0.940891	
1.1263	1.1263	1.09415	1.0276	0.924702	0.787198	0.621634	0.439768	0.24879	0.0601088	-0.116278	-0.272003	-0.394637	-0.487901	-0.571	-0.637458	-0.668395	-0.672818	-0.672549	-0.658463	-0.617955	-0.552448	-0.493974	-0.444846	-0.398853	-0.367133	-0.365874	-0.386381	-0.42619	-0.49065	-0.569201	-0.656536	-0.741459	-0.799064	-0.815331	-0.794038	-0.74271	-0.644867	-0.504451	-0.34069	-0.162271	0.0269586	0.209534	0.36848	0.517871	0.667521	0.801324	0.898024	0.954257	0.971507	
1.01601	1.01601	0.982426	0.924702	0.841599	0.716429	0.559093	0.394161	0.241121	0.0957216	-0.0430269	-0.17719	-0.293233	-0.388441	-0.472654	-0.540165	-0.581522	-0.604729	-0.624771	-0.627063	-0.599316	-0.55027	-0.513424	-0.493331	-0.470779	-0.448928	-0.437819	-0.438329	-0.455423	-0.501305	-0.56703	-0.64714	-0.726929	-0.782038	-0.795967	-0.773893	-0.720821	-0.625395	-0.492488	-0.340088	-0.167367	0.0250482	0.218396	0.390345	0.55245	0.716393	0.863021	0.969032	1.02086	1.01773	
0.87447	0.87447	0.83831	0.787198	0.716429	0.606912	0.469406	0.343616	0.237727	0.140828	0.040741	-0.0656149	-0.172167	-0.268314	-0.353836	-0.426658	-0.481054	-0.519954	-0.549698	-0.564722	-0.563898	-0.549066	-0.540217	-0.535165	-0.52874	-0.521027	-0.515181	-0.505394	-0.506235	-0.53408	-0.580641	-0.639299	-0.703296	-0.750056	-0.759862	-0.732945	-0.683528	-0.602119	-0.482444	-0.329462	-0.154031	0.0349282	0.227346	0.414358	0.598478	0.774052	0.927681	1.03908	1.09206	1.075	
0.693684	0.693684	0.666399	0.621634	0.559093	0.469406	0.37295	0.292439	0.233747	0.180817	0.123511	0.0465216	-0.0447746	-0.135594	-0.221296	-0.300079	-0.366005	-0.413281	-0.447247	-0.473529	-0.500796	-0.527087	-0.54853	-0.562417	-0.571143	-0.583521	-0.588986	-0.579302	-0.5706	-0.584235	-0.611888	-0.649192	-0.691545	-0.719941	-0.712247	-0.675274	-0.627398	-0.559354	-0.449355	-0.29705	-0.118731	0.0657415	0.25172	0.442403	0.640456	0.831679	0.989929	1.10278	1.1562	1.13402	
0.490206	0.490206	0.472787	0.439768	0.394161	0.343616	0.292439	0.254151	0.231973	0.221093	0.196349	0.142733	0.069992	-0.00462972	-0.0836481	-0.167471	-0.24254	-0.299954	-0.343563	-0.38357	-0.434632	-0.493115	-0.549589	-0.590466	-0.62165	-0.648439	-0.665246	-0.660711	-0.650066	-0.65207	-0.663678	-0.678992	-0.69343	-0.690756	-0.658126	-0.606326	-0.55609	-0.493542	-0.391949	-0.245779	-0.0775119	0.0942148	0.270982	0.462652	0.670374	0.869543	1.03431	1.14531	1.19517	1.16999	
0.275256	0.275256	0.264091	0.24879	0.241121	0.237727	0.233747	0.231973	0.243736	0.255127	0.245972	0.211219	0.168118	0.1192	0.051344	-0.031779	-0.111087	-0.176997	-0.236303	-0.298184	-0.369817	-0.452145	-0.53692	-0.611796	-0.667083	-0.710247	-0.74176	-0.754305	-0.747867	-0.735943	-0.72395	-0.712594	-0.693666	-0.653633	-0.590636	-0.523357	-0.463437	-0.394664	-0.298409	-0.177529	-0.0390725	0.11378	0.281982	0.469268	0.676539	0.887068	1.06004	1.17005	1.21025	1.17733	
0.0520154	0.0520154	0.0477221	0.0601088	0.0957216	0.140828	0.180817	0.221093	0.255127	0.271913	0.268773	0.260578	0.249818	0.223921	0.170482	0.0981511	0.025046	-0.0448358	-0.121562	-0.20786	-0.298344	-0.392421	-0.497041	-0.600491	-0.686954	-0.754862	-0.810185	-0.841335	-0.840098	-0.813524	-0.776376	-0.734721	-0.681314	-0.606909	-0.518299	-0.433238	-0.356326	-0.275975	-0.187982	-0.0946383	0.00939183	0.138414	0.297862	0.482646	0.686803	0.889009	1.05943	1.16659	1.20064	1.16096	
-0.167419	-0.167419	-0.157108	-0.116278	-0.0430269	0.040741	0.123511	0.196349	0.245972	0.268773	0.284032	0.30134	0.310599	0.299276	0.264501	0.211164	0.148995	0.0787522	-0.00727029	-0.108354	-0.210428	-0.316715	-0.436597	-0.566366	-0.686176	-0.787466	-0.864716	-0.909881	-0.913888	-0.879043	-0.819238	-0.745455	-0.657894	-0.553523	-0.443287	-0.340554	-0.247817	-0.16143	-0.0821036	-0.00931767	0.0732242	0.183457	0.323454	0.490447	0.676378	0.866672	1.02855	1.13688	1.17556	1.13708	
-0.367366	-0.367366	-0.337295	-0.272003	-0.17719	-0.0656149	0.0465216	0.142733	0.211219	0.260578	0.30134	0.334743	0.353395	0.355313	0.337239	0.299048	0.245771	0.181004	0.0992421	-0.00228282	-0.1182	-0.246257	-0.384805	-0.531186	-0.676934	-0.805068	-0.9002	-0.95501	-0.966449	-0.929495	-0.851672	-0.743529	-0.617999	-0.488296	-0.362774	-0.246189	-0.141702	-0.0553031	0.0140784	0.0778318	0.148267	0.234239	0.341771	0.47722	0.638846	0.807609	0.961566	1.07526	1.12505	1.0969	
-0.52106	-0.52106	-0.473696	-0.394637	-0.293233	-0.172167	-0.0447746	0.069992	0.168118	0.249818	0.310599	0.353395	0.383846	0.397171	0.389012	0.361356	0.319618	0.263815	0.190941	0.0882211	-0.044187	-0.194884	-0.345247	-0.497166	-0.651639	-0.794275	-0.903219	-0.9702	-0.989059	-0.951607	-0.859899	-0.723059	-0.567654	-0.413654	-0.269804	-0.138945	-0.0320709	0.0444239	0.102243	0.157309	0.216141	0.278532	0.348742	0.445684	0.57319	0.723165	0.870322	0.987891	1.04879	1.03637	
-0.619175	-0.619175	-0.568233	-0.487901	-0.388441	-0.268314	-0.135594	-0.00462972	0.1192	0.223921	0.299276	0.355313	0.397171	0.417913	0.41913	0.408168	0.377668	0.323881	0.245339	0.133774	-0.00706153	-0.162396	-0.31393	-0.461763	-0.608633	-0.748999	-0.864929	-0.938489	-0.960257	-0.921458	-0.823501	-0.6732	-0.49775	-0.323391	-0.164309	-0.0320998	0.0651018	0.127622	0.17173	0.214824	0.257251	0.295812	0.339207	0.40485	0.499918	0.622934	0.760172	0.883809	0.958256	0.966831	
-0.684606	-0.684606	-0.644304	-0.571	-0.472654	-0.353836	-0.221296	-0.0836481	0.051344	0.170482	0.264501	0.337239	0.389012	0.41913	0.439675	0.446164	0.420356	0.356251	0.263168	0.144245	0.0108364	-0.134266	-0.281465	-0.420838	-0.549914	-0.674707	-0.782528	-0.854482	-0.874578	-0.830423	-0.727785	-0.576981	-0.401131	-0.218623	-0.0568538	0.0652224	0.144082	0.19132	0.226553	0.256415	0.275793	0.288609	0.307267	0.348707	0.417054	0.518501	0.644441	0.772261	0.865925	0.898476	
-0.734941	-0.734941	-0.704449	-0.637458	-0.540165	-0.426658	-0.300079	-0.167471	-0.031779	0.0981511	0.211164	0.299048	0.361356	0.408168	0.446164	0.460652	0.428444	0.353638	0.253114	0.138778	0.0203614	-0.110112	-0.245784	-0.372948	-0.485505	-0.587359	-0.670879	-0.724559	-0.732169	-0.67702	-0.575641	-0.439668	-0.278384	-0.109506	0.0346244	0.137541	0.20391	0.244601	0.267727	0.275352	0.267858	0.256786	0.256248	0.281316	0.334196	0.417568	0.526432	0.652552	0.761496	0.822047	
-0.764931	-0.764931	-0.733202	-0.668395	-0.581522	-0.481054	-0.366005	-0.24254	-0.111087	0.025046	0.148995	0.245771	0.319618	0.377668	0.420356	0.428444	0.387242	0.308116	0.213431	0.110392	0.00497152	-0.105316	-0.217839	-0.329294	-0.427644	-0.500395	-0.54241	-0.559086	-0.538592	-0.470648	-0.377408	-0.263727	-0.133225	0.00186899	0.114966	0.195476	0.245697	0.270806	0.273453	0.254656	0.22468	0.19694	0.181676	0.195728	0.242467	0.318731	0.417413	0.535149	0.650048	0.731768	
-0.764006	-0.764006	-0.729029	-0.672818	-0.604729	-0.519954	-0.413281	-0.299954	-0.176997	-0.0448358	0.0787522	0.181004	0.263815	0.323881	0.356251	0.353638	0.308116	0.236033	0.155289	0.0634126	-0.0296537	-0.115763	-0.197898	-0.284718	-0.356692	-0.392321	-0.389155	-0.359101	-0.307096	-0.233364	-0.151934	-0.0578418	0.0401879	0.13019	0.197719	0.243676	0.271744	0.2773	0.250781	0.204592	0.158892	0.120575	0.0932408	0.0980928	0.139823	0.217574	0.316072	0.431209	0.543468	0.635284	
-0.737217	-0.737217	-0.710031	-0.672549	-0.624771	-0.549698	-0.447247	-0.343563	-0.236303	-0.121562	-0.00727029	0.0992421	0.190941	0.245339	0.263168	0.253114	0.213431	0.155289	0.0894604	0.0116017	-0.0661696	-0.130077	-0.182704	-0.22705	-0.25036	-0.242527	-0.197008	-0.126673	-0.0528371	0.0206003	0.0928253	0.165808	0.224836	0.266713	0.287574	0.294026	0.289883	0.264255	0.211027	0.147228	0.0896838	0.0413651	0.00957747	0.00822803	0.0434988	0.116987	0.215441	0.329596	0.439424	0.535503	
-0.693137	-0.693137	-0.678277	-0.658463	-0.627063	-0.564722	-0.473529	-0.38357	-0.298184	-0.20786	-0.108354	-0.00228282	0.0882211	0.133774	0.144245	0.138778	0.110392	0.0634126	0.0116017	-0.0468801	-0.104232	-0.149342	-0.168655	-0.157589	-0.120905	-0.0645482	0.022464	0.124956	0.212774	0.28467	0.339705	0.379459	0.395549	0.391718	0.367794	0.337507	0.297762	0.235307	0.155175	0.0780907	0.0133711	-0.0345408	-0.0632129	-0.064933	-0.0403098	0.0179684	0.104736	0.218151	0.332652	0.438574	
-0.644863	-0.644863	-0.633103	-0.617955	-0.599316	-0.563898	-0.500796	-0.434632	-0.369817	-0.298344	-0.210428	-0.1182	-0.044187	-0.00706153	0.0108364	0.0203614	0.00497152	-0.0296537	-0.0661696	-0.104232	-0.141609	-0.160757	-0.141176	-0.07699	0.0160619	0.125058	0.250513	0.375431	0.476006	0.546462	0.577948	0.577768	0.549246	0.498488	0.435331	0.370934	0.291314	0.194697	0.0976034	0.0117385	-0.0565786	-0.102383	-0.124239	-0.125506	-0.109958	-0.0700464	0.00268849	0.112969	0.23213	0.347219	
-0.580533	-0.580533	-0.567387	-0.552448	-0.55027	-0.549066	-0.527087	-0.493115	-0.452145	-0.392421	-0.316715	-0.246257	-0.194884	-0.162396	-0.134266	-0.110112	-0.105316	-0.115763	-0.130077	-0.149342	-0.160757	-0.143902	-0.0847575	0.0196016	0.161716	0.316219	0.46804	0.604309	0.710677	0.772581	0.781183	0.751261	0.681326	0.583963	0.481319	0.381098	0.27187	0.160127	0.0559166	-0.035953	-0.1051	-0.147383	-0.168892	-0.172088	-0.165598	-0.13864	-0.0776403	0.021828	0.137517	0.25005	
-0.496833	-0.496833	-0.492141	-0.493974	-0.513424	-0.540217	-0.54853	-0.549589	-0.53692	-0.497041	-0.436597	-0.384805	-0.345247	-0.31393	-0.281465	-0.245784	-0.217839	-0.197898	-0.182704	-0.168655	-0.141176	-0.0847575	0.00354047	0.136085	0.309467	0.491917	0.657673	0.798689	0.897542	0.942187	0.936198	0.886502	0.786982	0.657473	0.520348	0.386346	0.257693	0.143314	0.0347151	-0.0628083	-0.134092	-0.17864	-0.199082	-0.205503	-0.204663	-0.18128	-0.130882	-0.047533	0.0504637	0.144391	
-0.394579	-0.394579	-0.410913	-0.444846	-0.493331	-0.535165	-0.562417	-0.590466	-0.611796	-0.600491	-0.566366	-0.531186	-0.497166	-0.461763	-0.420838	-0.372948	-0.329294	-0.284718	-0.22705	-0.157589	-0.07699	0.0196016	0.136085	0.282512	0.461879	0.646748	0.816946	0.950681	1.02859	1.05349	1.0339	0.968449	0.854084	0.710638	0.552577	0.397448	0.26405	0.149143	0.0393998	-0.0629012	-0.14427	-0.195412	-0.219171	-0.227668	-0.221014	-0.19535	-0.153934	-0.0915682	-0.0197769	0.0443042	
-0.303783	-0.303783	-0.336577	-0.398853	-0.470779	-0.52874	-0.571143	-0.62165	-0.667083	-0.686954	-0.686176	-0.676934	-0.651639	-0.608633	-0.549914	-0.485505	-0.427644	-0.356692	-0.25036	-0.120905	0.0160619	0.161716	0.309467	0.461879	0.62435	0.790741	0.940043	1.04837	1.10154	1.10886	1.07452	0.99798	0.880118	0.730647	0.563931	0.413549	0.287985	0.178789	0.0728231	-0.0324324	-0.123442	-0.186433	-0.220649	-0.231302	-0.218607	-0.189712	-0.157882	-0.115029	-0.0718276	-0.0321734	
-0.265815	-0.265815	-0.300616	-0.367133	-0.448928	-0.521027	-0.583521	-0.648439	-0.710247	-0.754862	-0.787466	-0.805068	-0.794275	-0.748999	-0.674707	-0.587359	-0.500395	-0.392321	-0.242527	-0.0645482	0.125058	0.316219	0.491917	0.646748	0.790741	0.918185	1.01894	1.08567	1.11406	1.1046	1.05821	0.977933	0.859679	0.708106	0.556491	0.426904	0.317578	0.21929	0.124098	0.0230775	-0.0698147	-0.140502	-0.189519	-0.212862	-0.207444	-0.190013	-0.166471	-0.139401	-0.113616	-0.0878526	
-0.287945	-0.287945	-0.313664	-0.365874	-0.437819	-0.515181	-0.588986	-0.665246	-0.74176	-0.810185	-0.864716	-0.9002	-0.903219	-0.864929	-0.782528	-0.670879	-0.54241	-0.389155	-0.197008	0.022464	0.250513	0.46804	0.657673	0.816946	0.940043	1.01894	1.06215	1.08566	1.08346	1.04711	0.988905	0.910693	0.795946	0.655473	0.530245	0.433872	0.34622	0.261342	0.174577	0.087468	0.0105263	-0.0565393	-0.114046	-0.15401	-0.176147	-0.179315	-0.168918	-0.155276	-0.142308	-0.1279	
-0.34291	-0.34291	-0.356791	-0.386381	-0.438329	-0.505394	-0.579302	-0.660711	-0.754305	-0.841335	-0.909881	-0.95501	-0.9702	-0.938489	-0.854482	-0.724559	-0.559086	-0.359101	-0.126673	0.124956	0.375431	0.604309	0.798689	0.950681	1.04837	1.08567	1.08566	1.06817	1.02643	0.957535	0.883801	0.804682	0.701965	0.586261	0.492035	0.419311	0.352308	0.284766	0.215266	0.150973	0.0970313	0.0480002	0.000402951	-0.0506002	-0.0970563	-0.127103	-0.137128	-0.141702	-0.147804	-0.155247	
-0.420593	-0.420593	-0.41979	-0.42619	-0.455423	-0.506235	-0.5706	-0.650066	-0.747867	-0.840098	-0.913888	-0.966449	-0.989059	-0.960257	-0.874578	-0.732169	-0.538592	-0.307096	-0.0528371	0.212774	0.476006	0.710677	0.897542	1.02859	1.10154	1.11406	1.08346	1.02643	0.9438	0.846001	0.760387	0.689115	0.606847	0.516424	0.440735	0.385383	0.337148	0.287019	0.243214	0.209592	0.182798	0.15706	0.125512	0.0740265	0.00971795	-0.042493	-0.0762464	-0.103061	-0.129239	-0.159111	
-0.518579	-0.518579	-0.503322	-0.49065	-0.501305	-0.53408	-0.584235	-0.65207	-0.735943	-0.813524	-0.879043	-0.929495	-0.951607	-0.921458	-0.830423	-0.67702	-0.470648	-0.233364	0.0206003	0.28467	0.546462	0.772581	0.942187	1.05349	1.10886	1.1046	1.04711	0.957535	0.846001	0.734144	0.645314	0.582997	0.523889	0.457039	0.395902	0.346754	0.31044	0.28216	0.268289	0.261946	0.256949	0.254766	0.238561	0.190242	0.122022	0.0555581	0.00337533	-0.0390409	-0.079519	-0.129075	
-0.608735	-0.608735	-0.588024	-0.569201	-0.56703	-0.580641	-0.611888	-0.663678	-0.72395	-0.776376	-0.819238	-0.851672	-0.859899	-0.823501	-0.727785	-0.575641	-0.377408	-0.151934	0.0928253	0.339705	0.577948	0.781183	0.936198	1.0339	1.07452	1.05821	0.988905	0.883801	0.760387	0.645314	0.557267	0.495202	0.444349	0.390342	0.345316	0.308798	0.281746	0.266375	0.269305	0.282074	0.300145	0.325411	0.327943	0.293815	0.236568	0.171524	0.112091	0.0599605	0.00562348	-0.0642655	
-0.683452	-0.683452	-0.669771	-0.656536	-0.64714	-0.639299	-0.649192	-0.678992	-0.712594	-0.734721	-0.745455	-0.743529	-0.723059	-0.6732	-0.576981	-0.439668	-0.263727	-0.0578418	0.165808	0.379459	0.577768	0.751261	0.886502	0.968449	0.99798	0.977933	0.910693	0.804682	0.689115	0.582997	0.495202	0.422854	0.365758	0.319784	0.28911	0.268326	0.25332	0.247094	0.250375	0.267471	0.307835	0.35972	0.38681	0.381431	0.350358	0.29961	0.247835	0.193444	0.122247	0.0300211	
-0.748035	-0.748035	-0.745655	-0.741459	-0.726929	-0.703296	-0.691545	-0.69343	-0.693666	-0.681314	-0.657894	-0.617999	-0.567654	-0.49775	-0.401131	-0.278384	-0.133225	0.0401879	0.224836	0.395549	0.549246	0.681326	0.786982	0.854084	0.880118	0.859679	0.795946	0.701965	0.606847	0.523889	0.444349	0.365758	0.295115	0.247989	0.228503	0.224564	0.22312	0.219484	0.218404	0.239626	0.296977	0.365889	0.415547	0.439542	0.435125	0.411524	0.376805	0.322874	0.243118	0.135775	
-0.790379	-0.790379	-0.797501	-0.799064	-0.782038	-0.750056	-0.719941	-0.690756	-0.653633	-0.606909	-0.553523	-0.488296	-0.413654	-0.323391	-0.218623	-0.109506	0.00186899	0.13019	0.266713	0.391718	0.498488	0.583963	0.657473	0.710638	0.730647	0.708106	0.655473	0.586261	0.516424	0.457039	0.390342	0.319784	0.247989	0.199083	0.180665	0.182951	0.193581	0.192048	0.193223	0.220656	0.280349	0.352263	0.416865	0.46618	0.490772	0.497286	0.482945	0.43653	0.35879	0.244449	
-0.795762	-0.795762	-0.809364	-0.815331	-0.795967	-0.759862	-0.712247	-0.658126	-0.590636	-0.518299	-0.443287	-0.362774	-0.269804	-0.164309	-0.0568538	0.0346244	0.114966	0.197719	0.287574	0.367794	0.435331	0.481319	0.520348	0.552577	0.563931	0.556491	0.530245	0.492035	0.440735	0.395902	0.345316	0.28911	0.228503	0.180665	0.158884	0.159479	0.168874	0.170229	0.172444	0.200631	0.253994	0.326427	0.400966	0.4714	0.528361	0.568083	0.57224	0.540713	0.466045	0.348706	
-0.77485	-0.77485	-0.789574	-0.794038	-0.773893	-0.732945	-0.675274	-0.606326	-0.523357	-0.433238	-0.340554	-0.246189	-0.138945	-0.0320998	0.0652224	0.137541	0.195476	0.243676	0.294026	0.337507	0.370934	0.381098	0.386346	0.397448	0.413549	0.426904	0.433872	0.419311	0.385383	0.346754	0.308798	0.268326	0.224564	0.182951	0.159479	0.155786	0.160473	0.155766	0.153579	0.174255	0.22011	0.290992	0.376954	0.465506	0.544159	0.603264	0.630936	0.62056	0.555744	0.447807	
-0.746472	-0.746472	-0.749355	-0.74271	-0.720821	-0.683528	-0.627398	-0.55609	-0.463437	-0.356326	-0.247817	-0.141702	-0.0320709	0.0651018	0.144082	0.20391	0.245697	0.271744	0.289883	0.297762	0.291314	0.27187	0.257693	0.26405	0.287985	0.317578	0.34622	0.352308	0.337148	0.31044	0.281746	0.25332	0.22312	0.193581	0.168874	0.160473	0.15443	0.138751	0.127787	0.140936	0.187995	0.260926	0.347545	0.438201	0.521193	0.594916	0.645214	0.659963	0.621238	0.535458	
-0.682303	-0.682303	-0.666445	-0.644867	-0.625395	-0.602119	-0.559354	-0.493542	-0.394664	-0.275975	-0.16143	-0.0553031	0.0444239	0.127622	0.19132	0.244601	0.270806	0.2773	0.264255	0.235307	0.194697	0.160127	0.143314	0.149143	0.178789	0.21929	0.261342	0.284766	0.287019	0.28216	0.266375	0.247094	0.219484	0.192048	0.170229	0.155766	0.138751	0.114621	0.100985	0.111433	0.155903	0.231377	0.317162	0.402939	0.485147	0.56355	0.630188	0.66982	0.663461	0.608802	
-0.551658	-0.551658	-0.52778	-0.504451	-0.492488	-0.482444	-0.449355	-0.391949	-0.298409	-0.187982	-0.0821036	0.0140784	0.102243	0.17173	0.226553	0.267727	0.273453	0.250781	0.211027	0.155175	0.0976034	0.0559166	0.0347151	0.0393998	0.0728231	0.124098	0.174577	0.215266	0.243214	0.268289	0.269305	0.250375	0.218404	0.193223	0.172444	0.153579	0.127787	0.100985	0.0787693	0.0853453	0.131547	0.203496	0.281633	0.36813	0.455564	0.538897	0.610734	0.667372	0.68334	0.657868	
-0.363295	-0.363295	-0.350475	-0.34069	-0.340088	-0.329462	-0.29705	-0.245779	-0.177529	-0.0946383	-0.00931767	0.0778318	0.157309	0.214824	0.256415	0.275352	0.254656	0.204592	0.147228	0.0780907	0.0117385	-0.035953	-0.0628083	-0.0629012	-0.0324324	0.0230775	0.087468	0.150973	0.209592	0.261946	0.282074	0.267471	0.239626	0.220656	0.200631	0.174255	0.140936	0.111433	0.0853453	0.0854782	0.12386	0.181141	0.252516	0.333795	0.420399	0.509219	0.588498	0.65546	0.688679	0.680657	
-0.15666	-0.15666	-0.157841	-0.162271	-0.167367	-0.154031	-0.118731	-0.0775119	-0.0390725	0.00939183	0.0732242	0.148267	0.216141	0.257251	0.275793	0.267858	0.22468	0.158892	0.0896838	0.0133711	-0.0565786	-0.1051	-0.134092	-0.14427	-0.123442	-0.0698147	0.0105263	0.0970313	0.182798	0.256949	0.300145	0.307835	0.296977	0.280349	0.253994	0.22011	0.187995	0.155903	0.131547	0.12386	0.144258	0.175054	0.223202	0.291367	0.376212	0.474799	0.56437	0.638427	0.684697	0.684643	
0.0323429	0.0323429	0.029854	0.0269586	0.0250482	0.0349282	0.0657415	0.0942148	0.11378	0.138414	0.183457	0.234239	0.278532	0.295812	0.288609	0.256786	0.19694	0.120575	0.0413651	-0.0345408	-0.102383	-0.147383	-0.17864	-0.195412	-0.186433	-0.140502	-0.0565393	0.0480002	0.15706	0.254766	0.325411	0.35972	0.365889	0.352263	0.326427	0.290992	0.260926	0.231377	0.203496	0.181141	0.175054	0.18138	0.202993	0.250677	0.333171	0.435424	0.538887	0.626688	0.682254	0.690885	
0.195706	0.195706	0.200183	0.209534	0.218396	0.227346	0.25172	0.270982	0.281982	0.297862	0.323454	0.341771	0.348742	0.339207	0.307267	0.256248	0.181676	0.0932408	0.00957747	-0.0632129	-0.124239	-0.168892	-0.199082	-0.219171	-0.220649	-0.189519	-0.114046	0.000402951	0.125512	0.238561	0.327943	0.38681	0.415547	0.416865	0.400966	0.376954	0.347545	0.317162	0.281633	0.252516	0.223202	0.202993	0.199022	0.23116	0.302857	0.401369	0.507382	0.605526	0.671004	0.697378	
0.340964	0.340964	0.348464	0.36848	0.390345	0.414358	0.442403	0.462652	0.469268	0.482646	0.490447	0.47722	0.445684	0.40485	0.348707	0.281316	0.195728	0.0980928	0.00822803	-0.064933	-0.125506	-0.172088	-0.205503	-0.227668	-0.231302	-0.212862	-0.15401	-0.0506002	0.0740265	0.190242	0.293815	0.381431	0.439542	0.46618	0.4714	0.465506	0.438201	0.402939	0.36813	0.333795	0.291367	0.250677	0.23116	0.243978	0.298517	0.382684	0.483752	0.584874	0.65989	0.692622	
0.481071	0.481071	0.490871	0.517871	0.55245	0.598478	0.640456	0.670374	0.676539	0.686803	0.676378	0.638846	0.57319	0.499918	0.417054	0.334196	0.242467	0.139823	0.0434988	-0.0403098	-0.109958	-0.165598	-0.204663	-0.221014	-0.218607	-0.207444	-0.176147	-0.0970563	0.00971795	0.122022	0.236568	0.350358	0.435125	0.490772	0.528361	0.544159	0.521193	0.485147	0.455564	0.420399	0.376212	0.333171	0.302857	0.298517	0.330673	0.395564	0.48589	0.579635	0.655216	0.680565	
0.608381	0.608381	0.629806	0.667521	0.716393	0.774052	0.831679	0.869543	0.887068	0.889009	0.866672	0.807609	0.723165	0.622934	0.518501	0.417568	0.318731	0.217574	0.116987	0.0179684	-0.0700464	-0.13864	-0.18128	-0.19535	-0.189712	-0.190013	-0.179315	-0.127103	-0.042493	0.0555581	0.171524	0.29961	0.411524	0.497286	0.568083	0.603264	0.594916	0.56355	0.538897	0.509219	0.474799	0.435424	0.401369	0.382684	0.395564	0.448367	0.5322	0.612185	0.663043	0.668773	
0.710125	0.710125	0.746945	0.801324	0.863021	0.927681	0.989929	1.03431	1.06004	1.05943	1.02855	0.961566	0.870322	0.760172	0.644441	0.526432	0.417413	0.316072	0.215441	0.104736	0.00268849	-0.0776403	-0.130882	-0.153934	-0.157882	-0.166471	-0.168918	-0.137128	-0.0762464	0.00337533	0.112091	0.247835	0.376805	0.482945	0.57224	0.630936	0.645214	0.630188	0.610734	0.588498	0.56437	0.538887	0.507382	0.483752	0.48589	0.5322	0.598072	0.652629	0.676387	0.657934	
0.793199	0.793199	0.836026	0.898024	0.969032	1.03908	1.10278	1.14531	1.17005	1.16659	1.13688	1.07526	0.987891	0.883809	0.772261	0.652552	0.535149	0.431209	0.329596	0.218151	0.112969	0.021828	-0.047533	-0.0915682	-0.115029	-0.139401	-0.155276	-0.141702	-0.103061	-0.0390409	0.0599605	0.193444	0.322874	0.43653	0.540713	0.62056	0.659963	0.66982	0.667372	0.65546	0.638427	0.626688	0.605526	0.584874	0.579635	0.612185	0.652629	0.682767	0.687129	0.652282	
0.867276	0.867276	0.90143	0.954257	1.02086	1.09206	1.1562	1.19517	1.21025	1.20064	1.17556	1.12505	1.04879	0.958256	0.865925	0.761496	0.650048	0.543468	0.439424	0.332652	0.23213	0.137517	0.0504637	-0.0197769	-0.0718276	-0.113616	-0.142308	-0.147804	-0.129239	-0.079519	0.00562348	0.122247	0.243118	0.35879	0.466045	0.555744	0.621238	0.663461	0.68334	0.688679	0.684697	0.682254	0.671004	0.65989	0.655216	0.663043	0.676387	0.687129	0.676051	0.628818	
0.923173	0.923173	0.940891	0.971507	1.01773	1.075	1.13402	1.16999	1.17733	1.16096	1.13708	1.0969	1.03637	0.966831	0.898476	0.822047	0.731768	0.635284	0.535503	0.438574	0.347219	0.25005	0.144391	0.0443042	-0.0321734	-0.0878526	-0.1279	-0.155247	-0.159111	-0.129075	-0.0642655	0.0300211	0.135775	0.244449	0.348706	0.447807	0.535458	0.608802	0.657868	0.680657	0.684643	0.690885	0.697378	0.692622	0.680565	0.668773	0.657934	0.652282	0.628818	0.577605	
