0.280754	0.351162	0.410191	0.434086	0.423154	0.403108	0.381341	0.351295	0.310669	0.274103	0.250505	0.242169	0.224004	0.177733	0.09772	-0.0145133	-0.170728	-0.371226	-0.573006	-0.756362	-0.91472	-1.01718	-1.03387	-0.97472	-0.860237	-0.688094	-0.462718	-0.211127	0.0451971	0.295102	0.519508	0.699525	0.814565	0.861392	0.855729	0.801616	0.694086	0.530172	0.336136	0.141688	-0.0588443	-0.255505	-0.410345	-0.493868	-0.502474	-0.47063	-0.438905	-0.417474	-0.404548	-0.404548	
0.351162	0.418578	0.4616	0.451458	0.404951	0.347147	0.28401	0.221876	0.170626	0.134026	0.112627	0.112728	0.116465	0.103548	0.0635738	-0.00641418	-0.126886	-0.291827	-0.461651	-0.627441	-0.792117	-0.924327	-0.975891	-0.953729	-0.882707	-0.757411	-0.578829	-0.366864	-0.134966	0.107077	0.334766	0.529085	0.681951	0.7918	0.852561	0.857595	0.803484	0.67174	0.48224	0.281159	0.0684841	-0.144634	-0.313446	-0.419512	-0.465945	-0.469112	-0.459925	-0.447767	-0.432157	-0.432157	
0.410191	0.4616	0.472315	0.433077	0.366644	0.281112	0.183554	0.100789	0.0452137	0.00614608	-0.0199087	-0.0175693	0.004537	0.0293436	0.0371116	0.0137494	-0.0617446	-0.189286	-0.337464	-0.495785	-0.664264	-0.810096	-0.890949	-0.910645	-0.885202	-0.811557	-0.685234	-0.513239	-0.302416	-0.0665797	0.161608	0.360172	0.530448	0.684702	0.803111	0.856533	0.849085	0.769112	0.615382	0.423023	0.208658	-0.0105069	-0.195951	-0.32582	-0.4052	-0.449005	-0.470559	-0.476213	-0.472757	-0.472757	
0.434086	0.451458	0.433077	0.378816	0.298727	0.191473	0.0810701	-0.00274917	-0.0585546	-0.100161	-0.124617	-0.117892	-0.0802003	-0.0230199	0.0255386	0.0479504	0.0168631	-0.0768237	-0.214889	-0.378522	-0.54725	-0.696058	-0.799687	-0.859327	-0.879225	-0.851485	-0.769487	-0.631825	-0.440624	-0.216231	0.00618674	0.204358	0.37921	0.551742	0.70844	0.809471	0.84371	0.806094	0.70047	0.543979	0.349036	0.138668	-0.0524182	-0.199748	-0.308763	-0.397711	-0.467562	-0.511424	-0.53044	-0.53044	
0.423154	0.404951	0.366644	0.298727	0.201697	0.0883227	-0.013425	-0.0942454	-0.156377	-0.195212	-0.205713	-0.184084	-0.130384	-0.0521871	0.0261385	0.0851187	0.0953771	0.0336706	-0.0942979	-0.258559	-0.429651	-0.584618	-0.710129	-0.809387	-0.871545	-0.880311	-0.83025	-0.71964	-0.55012	-0.346907	-0.138486	0.0634444	0.246501	0.419623	0.58721	0.721041	0.792569	0.790641	0.728329	0.62131	0.475511	0.301217	0.118162	-0.0503576	-0.198837	-0.3327	-0.448518	-0.535192	-0.580421	-0.580421	
0.403108	0.347147	0.281112	0.191473	0.0883227	-0.0124623	-0.101746	-0.185762	-0.250712	-0.278535	-0.264557	-0.216672	-0.142055	-0.0482729	0.0442889	0.126582	0.163381	0.12482	0.0155076	-0.14093	-0.317392	-0.488566	-0.63719	-0.763058	-0.853128	-0.884579	-0.852415	-0.76485	-0.626828	-0.456119	-0.269896	-0.0746045	0.114074	0.289197	0.449584	0.592249	0.700089	0.744555	0.731185	0.67947	0.586162	0.44507	0.272219	0.0923804	-0.0864419	-0.258118	-0.411258	-0.530119	-0.593287	-0.593287	
0.381341	0.28401	0.183554	0.0810701	-0.013425	-0.101746	-0.185873	-0.263152	-0.315562	-0.326857	-0.289894	-0.214071	-0.114904	-0.0121571	0.0855483	0.17298	0.213771	0.186185	0.0939893	-0.0477687	-0.2289	-0.419367	-0.581882	-0.713966	-0.810717	-0.850456	-0.829898	-0.767627	-0.668663	-0.53678	-0.38046	-0.206973	-0.0314293	0.139092	0.300376	0.450024	0.580094	0.673024	0.722733	0.726265	0.674098	0.557013	0.39039	0.207056	0.0184477	-0.169297	-0.343553	-0.486866	-0.568588	-0.568588	
0.351295	0.221876	0.100789	-0.00274917	-0.0942454	-0.185762	-0.263152	-0.317398	-0.343329	-0.335601	-0.279598	-0.18062	-0.06382	0.0496773	0.150171	0.230567	0.261428	0.229709	0.144079	0.00929992	-0.174067	-0.370973	-0.536014	-0.660373	-0.747346	-0.788814	-0.783298	-0.745891	-0.681382	-0.585725	-0.457594	-0.31438	-0.17265	-0.0203942	0.143432	0.304373	0.450737	0.57761	0.680209	0.739039	0.73186	0.641146	0.483254	0.303709	0.118594	-0.0711919	-0.254585	-0.41112	-0.50362	-0.50362	
0.310669	0.170626	0.0452137	-0.0585546	-0.156377	-0.250712	-0.315562	-0.343329	-0.341203	-0.309625	-0.234689	-0.126778	0.0010341	0.126131	0.230014	0.299962	0.315837	0.27633	0.181184	0.0378118	-0.142482	-0.330434	-0.489312	-0.604827	-0.680062	-0.720835	-0.731228	-0.716298	-0.671893	-0.59734	-0.499206	-0.392292	-0.286096	-0.165508	-0.0146616	0.156238	0.317691	0.466915	0.607381	0.70843	0.740375	0.685314	0.556674	0.396685	0.22018	0.0319566	-0.150936	-0.307282	-0.400936	-0.400936	
0.274103	0.134026	0.00614608	-0.100161	-0.195212	-0.278535	-0.326857	-0.335601	-0.309625	-0.2521	-0.165559	-0.0550936	0.0787896	0.213452	0.318217	0.374364	0.379825	0.330191	0.215813	0.0558661	-0.121711	-0.291677	-0.438792	-0.548823	-0.614589	-0.650308	-0.673386	-0.677949	-0.646493	-0.587945	-0.517401	-0.445033	-0.371202	-0.277427	-0.147984	0.0116979	0.178418	0.348139	0.513824	0.640892	0.705013	0.689085	0.599579	0.469911	0.314088	0.141757	-0.0282202	-0.174526	-0.262116	-0.262116	
0.250505	0.112627	-0.0199087	-0.124617	-0.205713	-0.264557	-0.289894	-0.279598	-0.234689	-0.165559	-0.0752777	0.0333331	0.16684	0.300274	0.398353	0.44627	0.443539	0.384773	0.258545	0.0885703	-0.0856097	-0.242547	-0.380568	-0.486538	-0.550235	-0.58792	-0.618031	-0.633989	-0.616597	-0.568868	-0.51292	-0.465441	-0.416648	-0.351766	-0.257629	-0.123744	0.0365424	0.218828	0.407235	0.556675	0.64352	0.657514	0.604982	0.511722	0.387678	0.244533	0.105431	-0.00977292	-0.0771971	-0.0771971	
0.242169	0.112728	-0.0175693	-0.117892	-0.184084	-0.216672	-0.214071	-0.18062	-0.126778	-0.0550936	0.0333331	0.135858	0.255527	0.372561	0.467667	0.515836	0.51022	0.447496	0.321509	0.155405	-0.0186614	-0.178185	-0.316078	-0.421024	-0.491516	-0.53895	-0.571732	-0.585713	-0.57092	-0.533722	-0.489769	-0.45407	-0.428251	-0.400282	-0.343473	-0.239099	-0.0933282	0.0932738	0.292726	0.453169	0.557143	0.599964	0.583272	0.522977	0.432906	0.334975	0.249978	0.183242	0.143125	0.143125	
0.224004	0.116465	0.004537	-0.0802003	-0.130384	-0.142055	-0.114904	-0.06382	0.0010341	0.0787896	0.16684	0.255527	0.345134	0.438884	0.527874	0.5797	0.57877	0.521192	0.40754	0.251434	0.0773482	-0.0903248	-0.238788	-0.353431	-0.435938	-0.496865	-0.531916	-0.532091	-0.509316	-0.478796	-0.446432	-0.425856	-0.419454	-0.419258	-0.397601	-0.323336	-0.196786	-0.0235275	0.168369	0.332548	0.451734	0.520218	0.535455	0.510419	0.466016	0.424007	0.397758	0.386322	0.382331	0.382331	
0.177733	0.103548	0.0293436	-0.0230199	-0.0521871	-0.0482729	-0.0121571	0.0496773	0.126131	0.213452	0.300274	0.372561	0.438884	0.509525	0.585008	0.636847	0.650822	0.616927	0.521807	0.373275	0.199969	0.0223866	-0.149807	-0.290459	-0.38971	-0.454082	-0.480642	-0.468765	-0.436882	-0.405741	-0.387601	-0.385497	-0.394853	-0.413343	-0.411729	-0.362231	-0.267649	-0.127271	0.0388813	0.194395	0.324429	0.421513	0.47745	0.494344	0.494764	0.50933	0.547723	0.590958	0.615354	0.615354	
0.09772	0.0635738	0.0371116	0.0255386	0.0261385	0.0442889	0.0855483	0.150171	0.230014	0.318217	0.398353	0.467667	0.527874	0.585008	0.641805	0.686719	0.721078	0.719765	0.650327	0.513456	0.3425	0.154383	-0.0451241	-0.218271	-0.332977	-0.390897	-0.409645	-0.398318	-0.371785	-0.345528	-0.32848	-0.328889	-0.343549	-0.365543	-0.376339	-0.358785	-0.307167	-0.215066	-0.0914192	0.0461292	0.184617	0.312321	0.412549	0.477806	0.534287	0.607857	0.695102	0.776423	0.825385	0.825385	
-0.0145133	-0.00641418	0.0137494	0.0479504	0.0851187	0.126582	0.17298	0.230567	0.299962	0.374364	0.44627	0.515836	0.5797	0.636847	0.686719	0.731516	0.779512	0.806366	0.772092	0.660652	0.496281	0.295887	0.0743808	-0.118324	-0.242707	-0.305374	-0.329751	-0.33037	-0.319113	-0.29602	-0.271325	-0.259401	-0.259899	-0.277342	-0.302852	-0.320636	-0.317883	-0.279179	-0.201428	-0.0903957	0.0442853	0.194684	0.343194	0.470048	0.587917	0.713031	0.838197	0.942102	0.999082	0.999082	
-0.170728	-0.126886	-0.0617446	0.0168631	0.0953771	0.163381	0.213771	0.261428	0.315837	0.379825	0.443539	0.51022	0.57877	0.650822	0.721078	0.779512	0.831895	0.869045	0.861661	0.778955	0.624954	0.417915	0.194542	0.00761227	-0.120528	-0.200395	-0.247233	-0.265607	-0.260501	-0.238029	-0.208485	-0.179853	-0.161832	-0.168231	-0.202399	-0.257174	-0.303714	-0.315787	-0.283058	-0.197852	-0.067631	0.101209	0.289657	0.465498	0.633175	0.803778	0.962892	1.08826	1.15667	1.15667	
-0.371226	-0.291827	-0.189286	-0.0768237	0.0336706	0.12482	0.186185	0.229709	0.27633	0.330191	0.384773	0.447496	0.521192	0.616927	0.719765	0.806366	0.869045	0.906039	0.905906	0.840438	0.703908	0.514258	0.313602	0.140509	0.0058949	-0.0988893	-0.172888	-0.203408	-0.197906	-0.168153	-0.125968	-0.0834916	-0.0529765	-0.0539068	-0.10184	-0.18601	-0.265634	-0.314929	-0.318583	-0.258882	-0.137759	0.0413462	0.255358	0.467892	0.677802	0.88415	1.06755	1.21045	1.29033	1.29033	
-0.573006	-0.461651	-0.337464	-0.214889	-0.0942979	0.0155076	0.0939893	0.144079	0.181184	0.215813	0.258545	0.321509	0.40754	0.521807	0.650327	0.772092	0.861661	0.905906	0.901472	0.841454	0.732665	0.586176	0.421721	0.258207	0.108031	-0.0183816	-0.105825	-0.147205	-0.146411	-0.108041	-0.0471984	0.0183869	0.0614376	0.0567634	-0.0036049	-0.101818	-0.19436	-0.264444	-0.302326	-0.278861	-0.179269	0.00359051	0.248534	0.505101	0.747803	0.96964	1.15921	1.30035	1.37483	1.37483	
-0.756362	-0.627441	-0.495785	-0.378522	-0.258559	-0.14093	-0.0477687	0.00929992	0.0378118	0.0558661	0.0885703	0.155405	0.251434	0.373275	0.513456	0.660652	0.778955	0.840438	0.841454	0.795546	0.719998	0.616798	0.487676	0.331622	0.168898	0.0334632	-0.0584482	-0.10666	-0.111146	-0.0695819	0.0112574	0.102989	0.160081	0.158473	0.093891	-0.00848364	-0.102422	-0.182712	-0.243379	-0.247586	-0.166092	0.0174459	0.278649	0.5618	0.830206	1.06076	1.23774	1.36033	1.4262	1.4262	
-0.91472	-0.792117	-0.664264	-0.54725	-0.429651	-0.317392	-0.2289	-0.174067	-0.142482	-0.121711	-0.0856097	-0.0186614	0.0773482	0.199969	0.3425	0.496281	0.624954	0.703908	0.732665	0.719998	0.666927	0.578757	0.464778	0.322141	0.170411	0.0419694	-0.0423233	-0.0821716	-0.0809663	-0.0355548	0.0472973	0.141152	0.206856	0.22038	0.171738	0.0822271	-0.00698149	-0.0869972	-0.14685	-0.151162	-0.0694287	0.108027	0.357148	0.63353	0.89548	1.11803	1.29373	1.41731	1.48164	1.48164	
-1.01718	-0.924327	-0.810096	-0.696058	-0.584618	-0.488566	-0.419367	-0.370973	-0.330434	-0.291677	-0.242547	-0.178185	-0.0903248	0.0223866	0.154383	0.295887	0.417915	0.514258	0.586176	0.616798	0.578757	0.482205	0.36456	0.23872	0.110805	0.00273811	-0.0646162	-0.0909343	-0.0781185	-0.0331943	0.036147	0.119872	0.192948	0.233685	0.220414	0.158775	0.0828506	0.0134698	-0.0253904	-0.00265042	0.0976928	0.26789	0.485133	0.723378	0.953086	1.15829	1.33388	1.46733	1.54205	1.54205	
-1.03387	-0.975891	-0.890949	-0.799687	-0.710129	-0.63719	-0.581882	-0.536014	-0.489312	-0.438792	-0.380568	-0.316078	-0.238788	-0.149807	-0.0451241	0.0743808	0.194542	0.313602	0.421721	0.487676	0.464778	0.36456	0.239939	0.114232	-0.000680062	-0.0867493	-0.13507	-0.149688	-0.134595	-0.0966443	-0.0354637	0.0446008	0.127281	0.194263	0.219934	0.201434	0.160159	0.123758	0.121632	0.174035	0.291238	0.455074	0.640457	0.84139	1.04153	1.22382	1.38099	1.50114	1.56945	1.56945	
-0.97472	-0.953729	-0.910645	-0.859327	-0.809387	-0.763058	-0.713966	-0.660373	-0.604827	-0.548823	-0.486538	-0.421024	-0.353431	-0.290459	-0.218271	-0.118324	0.00761227	0.140509	0.258207	0.331622	0.322141	0.23872	0.114232	-0.0220843	-0.139163	-0.21349	-0.245013	-0.25365	-0.245498	-0.215642	-0.159668	-0.0829685	0.00398945	0.0885913	0.154544	0.195813	0.214809	0.233114	0.276945	0.361547	0.493804	0.649698	0.813135	0.988458	1.15483	1.29902	1.42566	1.52466	1.58031	1.58031	
-0.860237	-0.882707	-0.885202	-0.879225	-0.871545	-0.853128	-0.810717	-0.747346	-0.680062	-0.614589	-0.550235	-0.491516	-0.435938	-0.38971	-0.332977	-0.242707	-0.120528	0.0058949	0.108031	0.168898	0.170411	0.110805	-0.000680062	-0.139163	-0.266591	-0.347634	-0.382375	-0.394229	-0.3892	-0.365456	-0.320821	-0.255905	-0.172205	-0.0756076	0.029948	0.13682	0.227442	0.315102	0.421221	0.550105	0.702405	0.854499	0.992522	1.12739	1.25373	1.36562	1.46436	1.54369	1.59149	1.59149	
-0.688094	-0.757411	-0.811557	-0.851485	-0.880311	-0.884579	-0.850456	-0.788814	-0.720835	-0.650308	-0.58792	-0.53895	-0.496865	-0.454082	-0.390897	-0.305374	-0.200395	-0.0988893	-0.0183816	0.0334632	0.0419694	0.00273811	-0.0867493	-0.21349	-0.347634	-0.455351	-0.521781	-0.551102	-0.554901	-0.543443	-0.514284	-0.460107	-0.375673	-0.264173	-0.121901	0.0423776	0.203322	0.367325	0.54053	0.714834	0.886322	1.03354	1.14971	1.25178	1.34157	1.41818	1.48744	1.54648	1.58264	1.58264	
-0.462718	-0.578829	-0.685234	-0.769487	-0.83025	-0.852415	-0.829898	-0.783298	-0.731228	-0.673386	-0.618031	-0.571732	-0.531916	-0.480642	-0.409645	-0.329751	-0.247233	-0.172888	-0.105825	-0.0584482	-0.0423233	-0.0646162	-0.13507	-0.245013	-0.382375	-0.521781	-0.631103	-0.697261	-0.73069	-0.740052	-0.721695	-0.666781	-0.569807	-0.438435	-0.266234	-0.0559617	0.16616	0.393764	0.622211	0.835999	1.01942	1.16007	1.26614	1.35035	1.41284	1.45411	1.48274	1.50714	1.5237	1.5237	
-0.211127	-0.366864	-0.513239	-0.631825	-0.71964	-0.76485	-0.767627	-0.745891	-0.716298	-0.677949	-0.633989	-0.585713	-0.532091	-0.468765	-0.398318	-0.33037	-0.265607	-0.203408	-0.147205	-0.10666	-0.0821716	-0.0909343	-0.149688	-0.25365	-0.394229	-0.551102	-0.697261	-0.810772	-0.883864	-0.915048	-0.904403	-0.845101	-0.734133	-0.579482	-0.37375	-0.126001	0.137136	0.407983	0.674888	0.912154	1.09826	1.23422	1.33272	1.39876	1.43772	1.44866	1.43326	1.40972	1.394	1.394	
0.0451971	-0.134966	-0.302416	-0.440624	-0.55012	-0.626828	-0.668663	-0.681382	-0.671893	-0.646493	-0.616597	-0.57092	-0.509316	-0.436882	-0.371785	-0.319113	-0.260501	-0.197906	-0.146411	-0.111146	-0.0809663	-0.0781185	-0.134595	-0.245498	-0.3892	-0.554901	-0.73069	-0.883864	-0.987708	-1.03575	-1.03304	-0.976197	-0.855488	-0.668084	-0.422476	-0.144692	0.145423	0.435634	0.712289	0.95493	1.13446	1.25527	1.3388	1.38641	1.39788	1.36873	1.30521	1.23818	1.19585	1.19585	
0.295102	0.107077	-0.0665797	-0.216231	-0.346907	-0.456119	-0.53678	-0.585725	-0.59734	-0.587945	-0.568868	-0.533722	-0.478796	-0.405741	-0.345528	-0.29602	-0.238029	-0.168153	-0.108041	-0.0695819	-0.0355548	-0.0331943	-0.0966443	-0.215642	-0.365456	-0.543443	-0.740052	-0.915048	-1.03575	-1.09389	-1.09767	-1.04146	-0.905809	-0.687431	-0.408799	-0.102232	0.206058	0.493661	0.757199	0.983027	1.13796	1.23197	1.28563	1.29546	1.26709	1.20007	1.09727	0.990922	0.922233	0.922233	
0.519508	0.334766	0.161608	0.00618674	-0.138486	-0.269896	-0.38046	-0.457594	-0.499206	-0.517401	-0.51292	-0.489769	-0.446432	-0.387601	-0.32848	-0.271325	-0.208485	-0.125968	-0.0471984	0.0112574	0.0472973	0.036147	-0.0354637	-0.159668	-0.320821	-0.514284	-0.721695	-0.904403	-1.03304	-1.09767	-1.09631	-1.02069	-0.865574	-0.626848	-0.3244	-0.00246993	0.306807	0.582467	0.820418	1.00847	1.12213	1.17078	1.16931	1.12243	1.04541	0.941207	0.809455	0.676437	0.589145	0.589145	
0.699525	0.529085	0.360172	0.204358	0.0634444	-0.0746045	-0.206973	-0.31438	-0.392292	-0.445033	-0.465441	-0.45407	-0.425856	-0.385497	-0.328889	-0.259401	-0.179853	-0.0834916	0.0183869	0.102989	0.141152	0.119872	0.0446008	-0.0829685	-0.255905	-0.460107	-0.666781	-0.845101	-0.976197	-1.04146	-1.02069	-0.917654	-0.739975	-0.479402	-0.169066	0.144141	0.439909	0.692765	0.889786	1.02356	1.07893	1.06188	0.990871	0.885041	0.759077	0.614699	0.456789	0.310909	0.220156	0.220156	
0.814565	0.681951	0.530448	0.37921	0.246501	0.114074	-0.0314293	-0.17265	-0.286096	-0.371202	-0.416648	-0.428251	-0.419454	-0.394853	-0.343549	-0.259899	-0.161832	-0.0529765	0.0614376	0.160081	0.206856	0.192948	0.127281	0.00398945	-0.172205	-0.375673	-0.569807	-0.734133	-0.855488	-0.905809	-0.865574	-0.739975	-0.532676	-0.258063	0.0382771	0.327449	0.594085	0.80818	0.945873	0.999424	0.9793	0.899124	0.770108	0.609499	0.430768	0.249875	0.0797586	-0.0698771	-0.16452	-0.16452	
0.861392	0.7918	0.684702	0.551742	0.419623	0.289197	0.139092	-0.0203942	-0.165508	-0.277427	-0.351766	-0.400282	-0.419258	-0.413343	-0.365543	-0.277342	-0.168231	-0.0539068	0.0567634	0.158473	0.22038	0.233685	0.194263	0.0885913	-0.0756076	-0.264173	-0.438435	-0.579482	-0.668084	-0.687431	-0.626848	-0.479402	-0.258063	0.0033927	0.271678	0.528212	0.751378	0.906919	0.961385	0.920662	0.825156	0.687891	0.510116	0.305866	0.0873494	-0.119269	-0.294456	-0.433191	-0.513273	-0.513273	
0.855729	0.852561	0.803111	0.70844	0.58721	0.449584	0.300376	0.143432	-0.0146616	-0.147984	-0.257629	-0.343473	-0.397601	-0.411729	-0.376339	-0.302852	-0.202399	-0.10184	-0.0036049	0.093891	0.171738	0.220414	0.219934	0.154544	0.029948	-0.121901	-0.266234	-0.37375	-0.422476	-0.408799	-0.3244	-0.169066	0.0382771	0.271678	0.50952	0.730042	0.895084	0.969264	0.93198	0.801151	0.627939	0.430919	0.209408	-0.0241507	-0.255899	-0.462868	-0.62619	-0.738096	-0.792202	-0.792202	
0.801616	0.857595	0.856533	0.809471	0.721041	0.592249	0.450024	0.304373	0.156238	0.0116979	-0.123744	-0.239099	-0.323336	-0.362231	-0.358785	-0.320636	-0.257174	-0.18601	-0.101818	-0.00848364	0.0822271	0.158775	0.201434	0.195813	0.13682	0.0423776	-0.0559617	-0.126001	-0.144692	-0.102232	-0.00246993	0.144141	0.327449	0.528212	0.730042	0.897984	0.986403	0.982149	0.870422	0.658046	0.40313	0.142755	-0.115053	-0.359248	-0.581176	-0.76319	-0.886457	-0.956484	-0.988907	-0.988907	
0.694086	0.803484	0.849085	0.84371	0.792569	0.700089	0.580094	0.450737	0.317691	0.178418	0.0365424	-0.0933282	-0.196786	-0.267649	-0.307167	-0.317883	-0.303714	-0.265634	-0.19436	-0.102422	-0.00698149	0.0828506	0.160159	0.214809	0.227442	0.203322	0.16616	0.137136	0.145423	0.206058	0.306807	0.439909	0.594085	0.751378	0.895084	0.986403	1.00156	0.932369	0.753283	0.480789	0.172194	-0.133143	-0.4128	-0.65501	-0.853495	-0.997935	-1.07864	-1.10281	-1.101	-1.101	
0.530172	0.67174	0.769112	0.806094	0.790641	0.744555	0.673024	0.57761	0.466915	0.348139	0.218828	0.0932738	-0.0235275	-0.127271	-0.215066	-0.279179	-0.315787	-0.314929	-0.264444	-0.182712	-0.0869972	0.0134698	0.123758	0.233114	0.315102	0.367325	0.393764	0.407983	0.435634	0.493661	0.582467	0.692765	0.80818	0.906919	0.969264	0.982149	0.932369	0.791443	0.556039	0.264628	-0.0514216	-0.359956	-0.632738	-0.865372	-1.04339	-1.15289	-1.19784	-1.1883	-1.16016	-1.16016	
0.336136	0.48224	0.615382	0.70047	0.728329	0.731185	0.722733	0.680209	0.607381	0.513824	0.407235	0.292726	0.168369	0.0388813	-0.0914192	-0.201428	-0.283058	-0.318583	-0.302326	-0.243379	-0.14685	-0.0253904	0.121632	0.276945	0.421221	0.54053	0.622211	0.674888	0.712289	0.757199	0.820418	0.889786	0.945873	0.961385	0.93198	0.870422	0.753283	0.556039	0.310223	0.0428261	-0.248529	-0.535859	-0.787466	-0.994547	-1.13985	-1.21538	-1.23313	-1.21149	-1.18402	-1.18402	
0.141688	0.281159	0.423023	0.543979	0.62131	0.67947	0.726265	0.739039	0.70843	0.640892	0.556675	0.453169	0.332548	0.194395	0.0461292	-0.0903957	-0.197852	-0.258882	-0.278861	-0.247586	-0.151162	-0.00265042	0.174035	0.361547	0.550105	0.714834	0.835999	0.912154	0.95493	0.983027	1.00847	1.02356	0.999424	0.920662	0.801151	0.658046	0.480789	0.264628	0.0428261	-0.181433	-0.426617	-0.672679	-0.893906	-1.06389	-1.16132	-1.20101	-1.19909	-1.16835	-1.14106	-1.14106	
-0.0588443	0.0684841	0.208658	0.349036	0.475511	0.586162	0.674098	0.73186	0.740375	0.705013	0.64352	0.557143	0.451734	0.324429	0.184617	0.0442853	-0.067631	-0.137759	-0.179269	-0.166092	-0.0694287	0.0976928	0.291238	0.493804	0.702405	0.886322	1.01942	1.09826	1.13446	1.13796	1.12213	1.07893	0.9793	0.825156	0.627939	0.40313	0.172194	-0.0514216	-0.248529	-0.426617	-0.60846	-0.790791	-0.957498	-1.07758	-1.13462	-1.14323	-1.10946	-1.05522	-1.02207	-1.02207	
-0.255505	-0.144634	-0.0105069	0.138668	0.301217	0.44507	0.557013	0.641146	0.685314	0.689085	0.657514	0.599964	0.520218	0.421513	0.312321	0.194684	0.101209	0.0413462	0.00359051	0.0174459	0.108027	0.26789	0.455074	0.649698	0.854499	1.03354	1.16007	1.23422	1.25527	1.23197	1.17078	1.06188	0.899124	0.687891	0.430919	0.142755	-0.133143	-0.359956	-0.535859	-0.672679	-0.790791	-0.908743	-1.00762	-1.06194	-1.07122	-1.03362	-0.963252	-0.900575	-0.86902	-0.86902	
-0.410345	-0.313446	-0.195951	-0.0524182	0.118162	0.272219	0.39039	0.483254	0.556674	0.599579	0.604982	0.583272	0.535455	0.47745	0.412549	0.343194	0.289657	0.255358	0.248534	0.278649	0.357148	0.485133	0.640457	0.813135	0.992522	1.14971	1.26614	1.33272	1.3388	1.28563	1.16931	0.990871	0.770108	0.510116	0.209408	-0.115053	-0.4128	-0.632738	-0.787466	-0.893906	-0.957498	-1.00762	-1.03774	-1.02873	-0.980634	-0.892276	-0.802741	-0.744713	-0.709281	-0.709281	
-0.493868	-0.419512	-0.32582	-0.199748	-0.0503576	0.0923804	0.207056	0.303709	0.396685	0.469911	0.511722	0.522977	0.510419	0.494344	0.477806	0.470048	0.465498	0.467892	0.505101	0.5618	0.63353	0.723378	0.84139	0.988458	1.12739	1.25178	1.35035	1.39876	1.38641	1.29546	1.12243	0.885041	0.609499	0.305866	-0.0241507	-0.359248	-0.65501	-0.865372	-0.994547	-1.06389	-1.07758	-1.06194	-1.02873	-0.963414	-0.871954	-0.769976	-0.677488	-0.610771	-0.5728	-0.5728	
-0.502474	-0.465945	-0.4052	-0.308763	-0.198837	-0.0864419	0.0184477	0.118594	0.22018	0.314088	0.387678	0.432906	0.466016	0.494764	0.534287	0.587917	0.633175	0.677802	0.747803	0.830206	0.89548	0.953086	1.04153	1.15483	1.25373	1.34157	1.41284	1.43772	1.39788	1.26709	1.04541	0.759077	0.430768	0.0873494	-0.255899	-0.581176	-0.853495	-1.04339	-1.13985	-1.16132	-1.13462	-1.07122	-0.980634	-0.871954	-0.762002	-0.667611	-0.585017	-0.526638	-0.508273	-0.508273	
-0.47063	-0.469112	-0.449005	-0.397711	-0.3327	-0.258118	-0.169297	-0.0711919	0.0319566	0.141757	0.244533	0.334975	0.424007	0.50933	0.607857	0.713031	0.803778	0.88415	0.96964	1.06076	1.11803	1.15829	1.22382	1.29902	1.36562	1.41818	1.45411	1.44866	1.36873	1.20007	0.941207	0.614699	0.249875	-0.119269	-0.462868	-0.76319	-0.997935	-1.15289	-1.21538	-1.20101	-1.14323	-1.03362	-0.892276	-0.769976	-0.667611	-0.5838	-0.531878	-0.510816	-0.510797	-0.510797	
-0.438905	-0.459925	-0.470559	-0.467562	-0.448518	-0.411258	-0.343553	-0.254585	-0.150936	-0.0282202	0.105431	0.249978	0.397758	0.547723	0.695102	0.838197	0.962892	1.06755	1.15921	1.23774	1.29373	1.33388	1.38099	1.42566	1.46436	1.48744	1.48274	1.43326	1.30521	1.09727	0.809455	0.456789	0.0797586	-0.294456	-0.62619	-0.886457	-1.07864	-1.19784	-1.23313	-1.19909	-1.10946	-0.963252	-0.802741	-0.677488	-0.585017	-0.531878	-0.528238	-0.54166	-0.546478	-0.546478	
-0.417474	-0.447767	-0.476213	-0.511424	-0.535192	-0.530119	-0.486866	-0.41112	-0.307282	-0.174526	-0.00977292	0.183242	0.386322	0.590958	0.776423	0.942102	1.08826	1.21045	1.30035	1.36033	1.41731	1.46733	1.50114	1.52466	1.54369	1.54648	1.50714	1.40972	1.23818	0.990922	0.676437	0.310909	-0.0698771	-0.433191	-0.738096	-0.956484	-1.10281	-1.1883	-1.21149	-1.16835	-1.05522	-0.900575	-0.744713	-0.610771	-0.526638	-0.510816	-0.54166	-0.578444	-0.597744	-0.597744	
-0.404548	-0.432157	-0.472757	-0.53044	-0.580421	-0.593287	-0.568588	-0.50362	-0.400936	-0.262116	-0.0771971	0.143125	0.382331	0.615354	0.825385	0.999082	1.15667	1.29033	1.37483	1.4262	1.48164	1.54205	1.56945	1.58031	1.59149	1.58264	1.5237	1.394	1.19585	0.922233	0.589145	0.220156	-0.16452	-0.513273	-0.792202	-0.988907	-1.101	-1.16016	-1.18402	-1.14106	-1.02207	-0.86902	-0.709281	-0.5728	-0.508273	-0.510797	-0.546478	-0.597744	-0.636324	-0.636324	
-0.404548	-0.432157	-0.472757	-0.53044	-0.580421	-0.593287	-0.568588	-0.50362	-0.400936	-0.262116	-0.0771971	0.143125	0.382331	0.615354	0.825385	0.999082	1.15667	1.29033	1.37483	1.4262	1.48164	1.54205	1.56945	1.58031	1.59149	1.58264	1.5237	1.394	1.19585	0.922233	0.589145	0.220156	-0.16452	-0.513273	-0.792202	-0.988907	-1.101	-1.16016	-1.18402	-1.14106	-1.02207	-0.86902	-0.709281	-0.5728	-0.508273	-0.510797	-0.546478	-0.597744	-0.636324	-0.636324	
