0.716052	0.685715	0.628924	0.579747	0.557567	0.56713	0.597504	0.634092	0.647267	0.618517	0.543305	0.42623	0.271247	0.0838413	-0.126485	-0.338165	-0.539437	-0.730534	-0.878852	-0.954731	-0.93928	-0.832638	-0.671978	-0.483879	-0.282342	-0.0790412	0.116205	0.288454	0.426689	0.524047	0.580846	0.593241	0.561802	0.517559	0.483271	0.459769	0.456789	0.467839	0.459442	0.411099	0.330718	0.237114	0.135268	0.0224654	-0.0876498	-0.183767	-0.268261	-0.329588	-0.355664	-0.355664	
0.685715	0.612682	0.531348	0.471373	0.449565	0.468279	0.511377	0.56519	0.600021	0.596847	0.548832	0.457345	0.315721	0.129539	-0.0841538	-0.30614	-0.522799	-0.726647	-0.889465	-0.980528	-0.97007	-0.858752	-0.687153	-0.486351	-0.272681	-0.0546791	0.151539	0.322598	0.447345	0.523486	0.555738	0.541331	0.483132	0.41195	0.347709	0.296713	0.276872	0.287923	0.303393	0.300745	0.276276	0.239391	0.190105	0.124555	0.0581643	0.00319446	-0.0418241	-0.0664614	-0.0681827	-0.0681827	
0.628924	0.531348	0.441431	0.383425	0.37342	0.40249	0.458709	0.527158	0.578124	0.596362	0.574318	0.50225	0.370047	0.184477	-0.0424514	-0.280483	-0.513721	-0.736674	-0.912772	-1.00836	-0.994595	-0.876977	-0.69692	-0.481478	-0.249938	-0.018709	0.194111	0.365377	0.476904	0.526634	0.528944	0.484248	0.395708	0.293429	0.197201	0.120006	0.0850971	0.0963604	0.134415	0.175266	0.205289	0.227191	0.238621	0.233961	0.224439	0.217125	0.21008	0.214968	0.23063	0.23063	
0.579747	0.471373	0.383425	0.336929	0.33825	0.376893	0.4427	0.518847	0.58065	0.615975	0.61092	0.551948	0.424863	0.229949	-0.00972848	-0.260458	-0.511413	-0.744265	-0.924915	-1.02509	-1.01087	-0.888775	-0.695359	-0.461702	-0.217074	0.0253426	0.245993	0.41112	0.500251	0.519419	0.487121	0.406025	0.287098	0.160751	0.0434371	-0.0479965	-0.0897819	-0.0776848	-0.023886	0.0498375	0.125419	0.203148	0.280373	0.347559	0.404461	0.446909	0.471946	0.495434	0.519179	0.519179	
0.557567	0.449565	0.37342	0.33825	0.349036	0.390943	0.456854	0.531785	0.596971	0.640401	0.648738	0.601742	0.47648	0.278708	0.030781	-0.2345	-0.498356	-0.740712	-0.929542	-1.03058	-1.01028	-0.879444	-0.675311	-0.43144	-0.175123	0.0755658	0.292136	0.442492	0.505726	0.487204	0.414037	0.301078	0.164525	0.0280399	-0.0956394	-0.187673	-0.229518	-0.218055	-0.155575	-0.0580239	0.0550739	0.182403	0.321237	0.457737	0.578205	0.666886	0.720848	0.759369	0.787778	0.787778	
0.56713	0.468279	0.40249	0.376893	0.390943	0.428833	0.48986	0.559999	0.625361	0.677849	0.700252	0.661767	0.541275	0.339053	0.0797272	-0.196022	-0.472221	-0.72084	-0.908594	-1.00541	-0.981455	-0.85151	-0.644845	-0.392545	-0.132188	0.113206	0.31815	0.446982	0.475942	0.421365	0.318577	0.185701	0.0431369	-0.0902827	-0.207307	-0.290883	-0.328214	-0.315159	-0.24419	-0.126186	0.0173383	0.181795	0.364917	0.552335	0.721509	0.84964	0.934542	0.993417	1.02966	1.02966	
0.597504	0.511377	0.458709	0.4427	0.456854	0.48986	0.544448	0.606738	0.672047	0.732167	0.764001	0.735807	0.619892	0.41549	0.154685	-0.128757	-0.413486	-0.664117	-0.854563	-0.952527	-0.932809	-0.809285	-0.604639	-0.358793	-0.10916	0.124683	0.310778	0.414511	0.419649	0.342539	0.217181	0.073123	-0.0632854	-0.184722	-0.288532	-0.356004	-0.380046	-0.35727	-0.273772	-0.137845	0.0257685	0.208208	0.410048	0.622336	0.820383	0.97944	1.09732	1.18244	1.2303	1.2303	
0.634092	0.56519	0.527158	0.518847	0.531785	0.559999	0.606738	0.663944	0.732895	0.802384	0.85045	0.835918	0.728369	0.529844	0.267876	-0.0241685	-0.317621	-0.575577	-0.771874	-0.874715	-0.866543	-0.761145	-0.577744	-0.350211	-0.111986	0.108354	0.278224	0.367325	0.355779	0.260892	0.123229	-0.0213121	-0.147574	-0.253485	-0.33462	-0.374859	-0.376058	-0.336082	-0.238664	-0.0920082	0.0773102	0.257921	0.455349	0.669262	0.877024	1.05512	1.20022	1.30841	1.36602	1.36602	
0.647267	0.600021	0.578124	0.58065	0.596971	0.625361	0.672047	0.732895	0.811129	0.8982	0.964826	0.964641	0.869672	0.676743	0.414123	0.113894	-0.191187	-0.46075	-0.669685	-0.786635	-0.802909	-0.727643	-0.566543	-0.353249	-0.12657	0.0828599	0.241254	0.316538	0.294356	0.193826	0.050214	-0.0932531	-0.204064	-0.284426	-0.333194	-0.339827	-0.313534	-0.254794	-0.149153	-0.00338323	0.15871	0.324866	0.50415	0.703373	0.903152	1.08303	1.23849	1.35488	1.41345	1.41345	
0.618517	0.596847	0.596362	0.615975	0.640401	0.677849	0.732167	0.802384	0.8982	1.00556	1.09074	1.10799	1.02472	0.838135	0.575456	0.263338	-0.0576469	-0.344164	-0.567988	-0.701273	-0.74205	-0.68893	-0.547543	-0.353058	-0.137035	0.0643414	0.211982	0.279007	0.253209	0.148528	0.00369878	-0.126956	-0.213864	-0.265104	-0.27865	-0.251539	-0.201443	-0.130538	-0.0258711	0.109634	0.257892	0.40559	0.561099	0.733912	0.908206	1.06864	1.21083	1.31445	1.36228	1.36228	
0.543305	0.548832	0.574318	0.61092	0.648738	0.700252	0.764001	0.85045	0.964826	1.09074	1.19445	1.2251	1.15175	0.974256	0.71191	0.390404	0.0604157	-0.234857	-0.465892	-0.608049	-0.664222	-0.631841	-0.513948	-0.333971	-0.123727	0.0698341	0.207947	0.266966	0.239103	0.140784	0.00887226	-0.103817	-0.169066	-0.192129	-0.173868	-0.123257	-0.0599137	0.0161081	0.11402	0.234582	0.367026	0.496157	0.624586	0.760204	0.892483	1.01375	1.12112	1.19403	1.2222	1.2222	
0.42623	0.457345	0.50225	0.551948	0.601742	0.661767	0.735807	0.835918	0.964641	1.10799	1.2251	1.2674	1.20974	1.04794	0.794452	0.479837	0.155722	-0.137675	-0.36241	-0.502838	-0.57009	-0.552456	-0.447764	-0.277117	-0.0747536	0.110095	0.240648	0.298139	0.279264	0.19423	0.0760438	-0.0199774	-0.0676151	-0.0716752	-0.0354671	0.0258065	0.0951983	0.17246	0.260567	0.363812	0.478326	0.586413	0.682381	0.770888	0.849513	0.919848	0.980479	1.01445	1.02051	1.02051	
0.271247	0.315721	0.370047	0.424863	0.47648	0.541275	0.619892	0.728369	0.869672	1.02472	1.15175	1.20974	1.17366	1.03639	0.808514	0.517001	0.210979	-0.0621115	-0.265472	-0.396795	-0.460186	-0.44122	-0.344047	-0.180879	0.0188274	0.203623	0.335526	0.396223	0.384414	0.310717	0.207886	0.123181	0.0784997	0.0794651	0.123044	0.186434	0.256197	0.331368	0.407183	0.488901	0.578527	0.658408	0.715574	0.751534	0.773831	0.792731	0.806829	0.80458	0.792679	0.792679	
0.0838413	0.129539	0.184477	0.229949	0.278708	0.339053	0.41549	0.529844	0.676743	0.838135	0.974256	1.04794	1.03639	0.934254	0.741187	0.483144	0.214373	-0.0221455	-0.193244	-0.296753	-0.336912	-0.306895	-0.205888	-0.0344636	0.174239	0.363814	0.495866	0.557176	0.551935	0.488421	0.393666	0.307948	0.257083	0.256359	0.297402	0.354054	0.419264	0.487305	0.544015	0.595313	0.649655	0.693129	0.708187	0.69396	0.66739	0.644308	0.621489	0.593418	0.571678	0.571678	
-0.126485	-0.0841538	-0.0424514	-0.00972848	0.030781	0.0797272	0.154685	0.267876	0.414123	0.575456	0.71191	0.794452	0.808514	0.741187	0.586956	0.380123	0.16159	-0.0259284	-0.145493	-0.20664	-0.212084	-0.153386	-0.0281929	0.162236	0.379303	0.571239	0.705649	0.769566	0.765282	0.704263	0.61494	0.527422	0.466682	0.455679	0.484363	0.5274	0.579623	0.628355	0.655058	0.666982	0.67748	0.679551	0.6551	0.601414	0.540966	0.490498	0.444446	0.403552	0.380592	0.380592	
-0.338165	-0.30614	-0.280483	-0.260458	-0.2345	-0.196022	-0.128757	-0.0241685	0.113894	0.263338	0.390404	0.479837	0.517001	0.483144	0.380123	0.230528	0.0682543	-0.0539904	-0.116906	-0.129787	-0.083907	0.0164936	0.170654	0.377081	0.600412	0.798712	0.936202	0.997463	0.993273	0.941882	0.862643	0.772027	0.699775	0.674148	0.68104	0.698597	0.723539	0.739147	0.727197	0.694892	0.658513	0.620248	0.564879	0.487616	0.41054	0.346992	0.290619	0.248227	0.230352	0.230352	
-0.539437	-0.522799	-0.513721	-0.511413	-0.498356	-0.472221	-0.413486	-0.317621	-0.191187	-0.0576469	0.0604157	0.155722	0.210979	0.214373	0.16159	0.0682543	-0.0255089	-0.082069	-0.0914975	-0.0491627	0.0448675	0.178038	0.356324	0.576316	0.806035	1.00611	1.14253	1.20876	1.21621	1.17958	1.11282	1.02592	0.946774	0.898693	0.870309	0.851541	0.838194	0.810673	0.75632	0.681962	0.603583	0.531553	0.456242	0.371209	0.29203	0.225786	0.16844	0.131838	0.121647	0.121647	
-0.730534	-0.726647	-0.736674	-0.744265	-0.740712	-0.72084	-0.664117	-0.575577	-0.46075	-0.344164	-0.234857	-0.137675	-0.0621115	-0.0221455	-0.0259284	-0.0539904	-0.082069	-0.0833993	-0.0454677	0.0354951	0.158185	0.31633	0.514721	0.74047	0.963549	1.1575	1.2993	1.3779	1.39959	1.38473	1.34006	1.26264	1.17558	1.09939	1.03199	0.973502	0.91578	0.842688	0.751228	0.644719	0.534537	0.437234	0.35147	0.270141	0.197502	0.133787	0.0806472	0.0525889	0.0489763	0.0489763	
-0.878852	-0.889465	-0.912772	-0.924915	-0.929542	-0.908594	-0.854563	-0.771874	-0.669685	-0.567988	-0.465892	-0.36241	-0.265472	-0.193244	-0.145493	-0.116906	-0.0914975	-0.0454677	0.0232318	0.127395	0.27002	0.443392	0.645581	0.855886	1.05965	1.24564	1.38757	1.47271	1.51375	1.52508	1.49963	1.43442	1.34757	1.24888	1.14677	1.05245	0.955736	0.847246	0.731296	0.60555	0.475625	0.361503	0.271043	0.197958	0.133782	0.0736151	0.0264478	0.00578243	0.00490697	0.00490697	
-0.954731	-0.980528	-1.00836	-1.02509	-1.03058	-1.00541	-0.952527	-0.874715	-0.786635	-0.701273	-0.608049	-0.502838	-0.396795	-0.296753	-0.20664	-0.129787	-0.0491627	0.0354951	0.127395	0.248511	0.395093	0.56534	0.751422	0.933807	1.11085	1.26941	1.39108	1.47598	1.52981	1.55559	1.54888	1.50715	1.42929	1.31776	1.19763	1.0849	0.96605	0.839752	0.714775	0.583844	0.446862	0.323284	0.229583	0.16254	0.103602	0.0456922	0.00381054	-0.0134011	-0.0165634	-0.0165634	
-0.93928	-0.97007	-0.994595	-1.01087	-1.01028	-0.981455	-0.932809	-0.866543	-0.802909	-0.74205	-0.664222	-0.57009	-0.460186	-0.336912	-0.212084	-0.083907	0.0448675	0.158185	0.27002	0.395093	0.533839	0.692214	0.852386	0.995535	1.11978	1.22249	1.30815	1.37707	1.42693	1.46035	1.47243	1.45453	1.3941	1.29332	1.18167	1.07076	0.950732	0.828945	0.712329	0.589904	0.457681	0.331607	0.234241	0.16704	0.107603	0.0500396	0.0111037	-0.00797941	-0.0179082	-0.0179082	
-0.832638	-0.858752	-0.876977	-0.888775	-0.879444	-0.85151	-0.809285	-0.761145	-0.727643	-0.68893	-0.631841	-0.552456	-0.44122	-0.306895	-0.153386	0.0164936	0.178038	0.31633	0.443392	0.56534	0.692214	0.82787	0.944118	1.02402	1.07559	1.11271	1.14724	1.18161	1.21587	1.24631	1.26932	1.27852	1.2506	1.18166	1.09752	1.00733	0.91002	0.814864	0.721521	0.619553	0.504047	0.384557	0.28445	0.210586	0.145518	0.0871248	0.0479081	0.0218279	0.00270714	0.00270714	
-0.671978	-0.687153	-0.69692	-0.695359	-0.675311	-0.644845	-0.604639	-0.577744	-0.566543	-0.547543	-0.513948	-0.447764	-0.344047	-0.205888	-0.0281929	0.170654	0.356324	0.514721	0.645581	0.751422	0.852386	0.944118	0.995845	1.00596	0.985598	0.947384	0.916221	0.907719	0.918206	0.941205	0.978423	1.01513	1.02106	0.995225	0.953237	0.898681	0.840581	0.786	0.726853	0.656593	0.570454	0.469259	0.371107	0.288229	0.21625	0.157407	0.114805	0.0786448	0.0510048	0.0510048	
-0.483879	-0.486351	-0.481478	-0.461702	-0.43144	-0.392545	-0.358793	-0.350211	-0.353249	-0.353058	-0.333971	-0.277117	-0.180879	-0.0344636	0.162236	0.377081	0.576316	0.74047	0.855886	0.933807	0.995535	1.02402	1.00596	0.946924	0.843617	0.723063	0.631503	0.583955	0.573838	0.595713	0.643437	0.697771	0.740082	0.765352	0.767088	0.750605	0.737465	0.728153	0.709102	0.679087	0.633254	0.563294	0.477118	0.390699	0.316409	0.259519	0.212348	0.167044	0.134911	0.134911	
-0.282342	-0.272681	-0.249938	-0.217074	-0.175123	-0.132188	-0.10916	-0.111986	-0.12657	-0.137035	-0.123727	-0.0747536	0.0188274	0.174239	0.379303	0.600412	0.806035	0.963549	1.05965	1.11085	1.11978	1.07559	0.985598	0.843617	0.654484	0.469765	0.3301	0.245979	0.218556	0.239435	0.295291	0.370465	0.450554	0.517726	0.555199	0.576321	0.604418	0.633697	0.653565	0.666886	0.667458	0.639991	0.58006	0.504018	0.438075	0.388216	0.339592	0.291485	0.261518	0.261518	
-0.0790412	-0.0546791	-0.018709	0.0253426	0.0755658	0.113206	0.124683	0.108354	0.0828599	0.0643414	0.0698341	0.110095	0.203623	0.363814	0.571239	0.798712	1.00611	1.1575	1.24564	1.26941	1.22249	1.11271	0.947384	0.723063	0.469765	0.234215	0.0428983	-0.0799648	-0.122561	-0.0984635	-0.0308321	0.0614416	0.167965	0.267801	0.339308	0.393894	0.450065	0.5053	0.557585	0.609966	0.655416	0.676027	0.656887	0.610638	0.567941	0.533311	0.492305	0.453047	0.433029	0.433029	
0.116205	0.151539	0.194111	0.245993	0.292136	0.31815	0.310778	0.278224	0.241254	0.211982	0.207947	0.240648	0.335526	0.495866	0.705649	0.936202	1.14253	1.2993	1.38757	1.39108	1.30815	1.14724	0.916221	0.631503	0.3301	0.0428983	-0.198581	-0.35321	-0.409476	-0.390769	-0.325605	-0.225211	-0.0964937	0.0299104	0.12971	0.211707	0.286081	0.356235	0.430664	0.511919	0.593244	0.659058	0.690761	0.693398	0.689109	0.680371	0.661471	0.645727	0.642562	0.642562	
0.288454	0.322598	0.365377	0.41112	0.442492	0.446982	0.414511	0.367325	0.316538	0.279007	0.266966	0.298139	0.396223	0.557176	0.769566	0.997463	1.20876	1.3779	1.47271	1.47598	1.37707	1.18161	0.907719	0.583955	0.245979	-0.0799648	-0.35321	-0.533634	-0.619732	-0.629176	-0.575707	-0.469993	-0.334537	-0.199254	-0.0747867	0.0346824	0.121432	0.199324	0.288305	0.387528	0.491045	0.592379	0.677695	0.740804	0.785339	0.813704	0.833069	0.853749	0.87132	0.87132	
0.426689	0.447345	0.476904	0.500251	0.505726	0.475942	0.419649	0.355779	0.294356	0.253209	0.239103	0.279264	0.384414	0.551935	0.765282	0.993273	1.21621	1.39959	1.51375	1.52981	1.42693	1.21587	0.918206	0.573838	0.218556	-0.122561	-0.409476	-0.619732	-0.748857	-0.789237	-0.751264	-0.662824	-0.547473	-0.412831	-0.267111	-0.13998	-0.0450735	0.0438773	0.145099	0.2526	0.367034	0.494307	0.627959	0.750415	0.846573	0.920804	0.989407	1.05164	1.08925	1.08925	
0.524047	0.523486	0.526634	0.519419	0.487204	0.421365	0.342539	0.260892	0.193826	0.148528	0.140784	0.19423	0.310717	0.488421	0.704263	0.941882	1.17958	1.38473	1.52508	1.55559	1.46035	1.24631	0.941205	0.595713	0.239435	-0.0984635	-0.390769	-0.629176	-0.789237	-0.856095	-0.852207	-0.801748	-0.712963	-0.587445	-0.44369	-0.315501	-0.208373	-0.103151	0.00546547	0.117026	0.241472	0.38932	0.559259	0.728887	0.872653	0.9951	1.11164	1.20854	1.26063	1.26063	
0.580846	0.555738	0.528944	0.487121	0.414037	0.318577	0.217181	0.123229	0.050214	0.00369878	0.00887226	0.0760438	0.207886	0.393666	0.61494	0.862643	1.11282	1.34006	1.49963	1.54888	1.47243	1.26932	0.978423	0.643437	0.295291	-0.0308321	-0.325605	-0.575707	-0.751264	-0.852207	-0.890637	-0.873641	-0.812499	-0.714458	-0.594537	-0.473031	-0.354553	-0.240053	-0.129394	-0.0100319	0.129416	0.294795	0.487577	0.688222	0.870675	1.03426	1.18301	1.29646	1.3537	1.3537	
0.593241	0.541331	0.484248	0.406025	0.301078	0.185701	0.073123	-0.0213121	-0.0932531	-0.126956	-0.103817	-0.0199774	0.123181	0.307948	0.527422	0.772027	1.02592	1.26264	1.43442	1.50715	1.45453	1.27852	1.01513	0.697771	0.370465	0.0614416	-0.225211	-0.469993	-0.662824	-0.801748	-0.873641	-0.885753	-0.855333	-0.78944	-0.69908	-0.590933	-0.471505	-0.357401	-0.246392	-0.117362	0.0374141	0.217263	0.421871	0.637955	0.846356	1.0353	1.1916	1.29888	1.35091	1.35091	
0.561802	0.483132	0.395708	0.287098	0.164525	0.0431369	-0.0632854	-0.147574	-0.204064	-0.213864	-0.169066	-0.0676151	0.0784997	0.257083	0.466682	0.699775	0.946774	1.17558	1.34757	1.42929	1.3941	1.2506	1.02106	0.740082	0.450554	0.167965	-0.0964937	-0.334537	-0.547473	-0.712963	-0.812499	-0.855333	-0.85193	-0.816071	-0.754981	-0.660205	-0.545479	-0.436681	-0.325955	-0.191106	-0.0279617	0.15852	0.362893	0.579274	0.797164	0.990438	1.13093	1.21512	1.25477	1.25477	
0.517559	0.41195	0.293429	0.160751	0.0280399	-0.0902827	-0.184722	-0.253485	-0.284426	-0.265104	-0.192129	-0.0716752	0.0794651	0.256359	0.455679	0.674148	0.898693	1.09939	1.24888	1.31776	1.29332	1.18166	0.995225	0.765352	0.517726	0.267801	0.0299104	-0.199254	-0.412831	-0.587445	-0.714458	-0.78944	-0.816071	-0.809748	-0.765234	-0.678131	-0.574188	-0.468917	-0.351686	-0.214662	-0.0564896	0.120275	0.308392	0.508164	0.713165	0.887604	0.999598	1.05803	1.08489	1.08489	
0.483271	0.347709	0.197201	0.0434371	-0.0956394	-0.207307	-0.288532	-0.33462	-0.333194	-0.27865	-0.173868	-0.0354671	0.123044	0.297402	0.484363	0.68104	0.870309	1.03199	1.14677	1.19763	1.18167	1.09752	0.953237	0.767088	0.555199	0.339308	0.12971	-0.0747867	-0.267111	-0.44369	-0.594537	-0.69908	-0.754981	-0.765234	-0.728	-0.658454	-0.568196	-0.451727	-0.318304	-0.183661	-0.0436259	0.105972	0.26047	0.422472	0.5854	0.71915	0.802799	0.846355	0.866224	0.866224	
0.459769	0.296713	0.120006	-0.0479965	-0.187673	-0.290883	-0.356004	-0.374859	-0.339827	-0.251539	-0.123257	0.0258065	0.186434	0.354054	0.5274	0.698597	0.851541	0.973502	1.05245	1.0849	1.07076	1.00733	0.898681	0.750605	0.576321	0.393894	0.211707	0.0346824	-0.13998	-0.315501	-0.473031	-0.590933	-0.660205	-0.678131	-0.658454	-0.611512	-0.520929	-0.386487	-0.243626	-0.114775	0.00422894	0.116484	0.22255	0.324497	0.417304	0.49453	0.555063	0.596448	0.616162	0.616162	
0.456789	0.276872	0.0850971	-0.0897819	-0.229518	-0.328214	-0.380046	-0.376058	-0.313534	-0.201443	-0.0599137	0.0951983	0.256197	0.419264	0.579623	0.723539	0.838194	0.91578	0.955736	0.96605	0.950732	0.91002	0.840581	0.737465	0.604418	0.450065	0.286081	0.121432	-0.0450735	-0.208373	-0.354553	-0.471505	-0.545479	-0.574188	-0.568196	-0.520929	-0.421611	-0.289215	-0.152882	-0.0291907	0.0695402	0.140164	0.190035	0.218884	0.229121	0.244319	0.280299	0.319507	0.34033	0.34033	
0.467839	0.287923	0.0963604	-0.0776848	-0.218055	-0.315159	-0.35727	-0.336082	-0.254794	-0.130538	0.0161081	0.17246	0.331368	0.487305	0.628355	0.739147	0.810673	0.842688	0.847246	0.839752	0.828945	0.814864	0.786	0.728153	0.633697	0.5053	0.356235	0.199324	0.0438773	-0.103151	-0.240053	-0.357401	-0.436681	-0.468917	-0.451727	-0.386487	-0.289215	-0.175894	-0.053563	0.056727	0.127554	0.155995	0.149947	0.108707	0.0480662	0.00736114	0.00646284	0.0261984	0.040628	0.040628	
0.459442	0.303393	0.134415	-0.023886	-0.155575	-0.24419	-0.273772	-0.238664	-0.149153	-0.0258711	0.11402	0.260567	0.407183	0.544015	0.655058	0.727197	0.75632	0.751228	0.731296	0.714775	0.712329	0.721521	0.726853	0.709102	0.653565	0.557585	0.430664	0.288305	0.145099	0.00546547	-0.129394	-0.246392	-0.325955	-0.351686	-0.318304	-0.243626	-0.152882	-0.053563	0.0477013	0.12636	0.161477	0.148965	0.0900694	-0.00461319	-0.107574	-0.191245	-0.243728	-0.266672	-0.271515	-0.271515	
0.411099	0.300745	0.175266	0.0498375	-0.0580239	-0.126186	-0.137845	-0.0920082	-0.00338323	0.109634	0.234582	0.363812	0.488901	0.595313	0.666982	0.694892	0.681962	0.644719	0.60555	0.583844	0.589904	0.619553	0.656593	0.679087	0.666886	0.609966	0.511919	0.387528	0.2526	0.117026	-0.0100319	-0.117362	-0.191106	-0.214662	-0.183661	-0.114775	-0.0291907	0.056727	0.12636	0.166453	0.166414	0.113365	0.00989454	-0.115021	-0.236352	-0.352723	-0.459508	-0.535242	-0.569192	-0.569192	
0.330718	0.276276	0.205289	0.125419	0.0550739	0.0173383	0.0257685	0.0773102	0.15871	0.257892	0.367026	0.478326	0.578527	0.649655	0.67748	0.658513	0.603583	0.534537	0.475625	0.446862	0.457681	0.504047	0.570454	0.633254	0.667458	0.655416	0.593244	0.491045	0.367034	0.241472	0.129416	0.0374141	-0.0279617	-0.0564896	-0.0436259	0.00422894	0.0695402	0.127554	0.161477	0.166414	0.132325	0.0472147	-0.0771955	-0.21263	-0.349104	-0.494132	-0.639585	-0.755904	-0.818094	-0.818094	
0.237114	0.239391	0.227191	0.203148	0.182403	0.181795	0.208208	0.257921	0.324866	0.40559	0.496157	0.586413	0.658408	0.693129	0.679551	0.620248	0.531553	0.437234	0.361503	0.323284	0.331607	0.384557	0.469259	0.563294	0.639991	0.676027	0.659058	0.592379	0.494307	0.38932	0.294795	0.217263	0.15852	0.120275	0.105972	0.116484	0.140164	0.155995	0.148965	0.113365	0.0472147	-0.0464977	-0.162109	-0.299026	-0.456662	-0.624068	-0.783405	-0.914701	-0.992011	-0.992011	
0.135268	0.190105	0.238621	0.280373	0.321237	0.364917	0.410048	0.455349	0.50415	0.561099	0.624586	0.682381	0.715574	0.708187	0.6551	0.564879	0.456242	0.35147	0.271043	0.229583	0.234241	0.28445	0.371107	0.477118	0.58006	0.656887	0.690761	0.677695	0.627959	0.559259	0.487577	0.421871	0.362893	0.308392	0.26047	0.22255	0.190035	0.149947	0.0900694	0.00989454	-0.0771955	-0.162109	-0.259832	-0.393859	-0.561279	-0.733281	-0.886489	-1.00939	-1.08251	-1.08251	
0.0224654	0.124555	0.233961	0.347559	0.457737	0.552335	0.622336	0.669262	0.703373	0.733912	0.760204	0.770888	0.751534	0.69396	0.601414	0.487616	0.371209	0.270141	0.197958	0.16254	0.16704	0.210586	0.288229	0.390699	0.504018	0.610638	0.693398	0.740804	0.750415	0.728887	0.688222	0.637955	0.579274	0.508164	0.422472	0.324497	0.218884	0.108707	-0.00461319	-0.115021	-0.21263	-0.299026	-0.393859	-0.515725	-0.661689	-0.811493	-0.943991	-1.04341	-1.09723	-1.09723	
-0.0876498	0.0581643	0.224439	0.404461	0.578205	0.721509	0.820383	0.877024	0.903152	0.908206	0.892483	0.849513	0.773831	0.66739	0.540966	0.41054	0.29203	0.197502	0.133782	0.103602	0.107603	0.145518	0.21625	0.316409	0.438075	0.567941	0.689109	0.785339	0.846573	0.872653	0.870675	0.846356	0.797164	0.713165	0.5854	0.417304	0.229121	0.0480662	-0.107574	-0.236352	-0.349104	-0.456662	-0.561279	-0.661689	-0.761831	-0.864279	-0.957425	-1.02243	-1.05246	-1.05246	
-0.183767	0.00319446	0.217125	0.446909	0.666886	0.84964	0.97944	1.05512	1.08303	1.06864	1.01375	0.919848	0.792731	0.644308	0.490498	0.346992	0.225786	0.133787	0.0736151	0.0456922	0.0500396	0.0871248	0.157407	0.259519	0.388216	0.533311	0.680371	0.813704	0.920804	0.9951	1.03426	1.0353	0.990438	0.887604	0.71915	0.49453	0.244319	0.00736114	-0.191245	-0.352723	-0.494132	-0.624068	-0.733281	-0.811493	-0.864279	-0.905231	-0.938585	-0.959742	-0.968075	-0.968075	
-0.268261	-0.0418241	0.21008	0.471946	0.720848	0.934542	1.09732	1.20022	1.23849	1.21083	1.12112	0.980479	0.806829	0.621489	0.444446	0.290619	0.16844	0.0806472	0.0264478	0.00381054	0.0111037	0.0479081	0.114805	0.212348	0.339592	0.492305	0.661471	0.833069	0.989407	1.11164	1.18301	1.1916	1.13093	0.999598	0.802799	0.555063	0.280299	0.00646284	-0.243728	-0.459508	-0.639585	-0.783405	-0.886489	-0.943991	-0.957425	-0.938585	-0.906957	-0.880403	-0.866988	-0.866988	
-0.329588	-0.0664614	0.214968	0.495434	0.759369	0.993417	1.18244	1.30841	1.35488	1.31445	1.19403	1.01445	0.80458	0.593418	0.403552	0.248227	0.131838	0.0525889	0.00578243	-0.0134011	-0.00797941	0.0218279	0.0786448	0.167044	0.291485	0.453047	0.645727	0.853749	1.05164	1.20854	1.29646	1.29888	1.21512	1.05803	0.846355	0.596448	0.319507	0.0261984	-0.266672	-0.535242	-0.755904	-0.914701	-1.00939	-1.04341	-1.02243	-0.959742	-0.880403	-0.812835	-0.775798	-0.775798	
-0.355664	-0.0681827	0.23063	0.519179	0.787778	1.02966	1.2303	1.36602	1.41345	1.36228	1.2222	1.02051	0.792679	0.571678	0.380592	0.230352	0.121647	0.0489763	0.00490697	-0.0165634	-0.0179082	0.00270714	0.0510048	0.134911	0.261518	0.433029	0.642562	0.87132	1.08925	1.26063	1.3537	1.35091	1.25477	1.08489	0.866224	0.616162	0.34033	0.040628	-0.271515	-0.569192	-0.818094	-0.992011	-1.08251	-1.09723	-1.05246	-0.968075	-0.866988	-0.775798	-0.721309	-0.721309	
-0.355664	-0.0681827	0.23063	0.519179	0.787778	1.02966	1.2303	1.36602	1.41345	1.36228	1.2222	1.02051	0.792679	0.571678	0.380592	0.230352	0.121647	0.0489763	0.00490697	-0.0165634	-0.0179082	0.00270714	0.0510048	0.134911	0.261518	0.433029	0.642562	0.87132	1.08925	1.26063	1.3537	1.35091	1.25477	1.08489	0.866224	0.616162	0.34033	0.040628	-0.271515	-0.569192	-0.818094	-0.992011	-1.08251	-1.09723	-1.05246	-0.968075	-0.866988	-0.775798	-0.721309	-0.721309	
