-0.63998	-0.644379	-0.619258	-0.55877	-0.474699	-0.394341	-0.320854	-0.251853	-0.188285	-0.139735	-0.109732	-0.0842972	-0.0665483	-0.0410527	-0.0107094	0.0300673	0.088984	0.166507	0.263238	0.361772	0.458314	0.548294	0.632274	0.720526	0.798766	0.863821	0.897957	0.891515	0.845063	0.76207	0.651065	0.513997	0.36888	0.226995	0.0920576	-0.0409737	-0.169701	-0.285644	-0.392505	-0.487447	-0.558943	-0.61244	-0.660538	-0.712791	-0.75201	-0.765835	-0.76524	-0.757507	-0.753575	-0.753575	
-0.644379	-0.669481	-0.665949	-0.641913	-0.600368	-0.559138	-0.5285	-0.504992	-0.465939	-0.417227	-0.378697	-0.335146	-0.285896	-0.235078	-0.170486	-0.0968774	-0.0129948	0.0868112	0.202762	0.324096	0.435209	0.535301	0.626489	0.71623	0.791793	0.847402	0.870999	0.866792	0.823396	0.74809	0.65143	0.533548	0.41971	0.30432	0.189134	0.0681401	-0.0503616	-0.163416	-0.282248	-0.392074	-0.481564	-0.547165	-0.597984	-0.638519	-0.656033	-0.659558	-0.661613	-0.65854	-0.653374	-0.653374	
-0.619258	-0.665949	-0.691181	-0.702992	-0.700582	-0.698121	-0.712377	-0.730808	-0.714952	-0.678805	-0.639883	-0.5815	-0.518286	-0.446667	-0.360414	-0.260601	-0.160725	-0.048184	0.0801206	0.218572	0.346358	0.461051	0.564231	0.655858	0.723181	0.766005	0.78381	0.77631	0.744394	0.683626	0.610187	0.524446	0.443844	0.358234	0.263444	0.164581	0.0643265	-0.0359083	-0.151318	-0.264431	-0.358765	-0.429246	-0.475308	-0.495449	-0.487128	-0.474619	-0.472197	-0.467255	-0.458364	-0.458364	
-0.55877	-0.641913	-0.702992	-0.744241	-0.779397	-0.81391	-0.861197	-0.90508	-0.918891	-0.901781	-0.864208	-0.803864	-0.736049	-0.656092	-0.557011	-0.446986	-0.336305	-0.217351	-0.0834656	0.0592275	0.198697	0.32671	0.44303	0.533612	0.596071	0.631108	0.644218	0.640483	0.620678	0.587665	0.549738	0.506238	0.459672	0.401961	0.324893	0.246512	0.165628	0.0790643	-0.0174646	-0.115774	-0.194964	-0.251823	-0.282173	-0.282755	-0.262218	-0.243619	-0.2373	-0.230877	-0.219495	-0.219495	
-0.474699	-0.600368	-0.700582	-0.779397	-0.852772	-0.913817	-0.977271	-1.03801	-1.07527	-1.07427	-1.03764	-0.97978	-0.907136	-0.827904	-0.734123	-0.631216	-0.525887	-0.408262	-0.277506	-0.137874	0.00721004	0.14809	0.271604	0.361268	0.425372	0.464758	0.485717	0.494255	0.493739	0.491132	0.488439	0.485119	0.469322	0.436098	0.383534	0.326291	0.264787	0.196732	0.124823	0.054378	-0.00202463	-0.0388413	-0.0523858	-0.0443803	-0.0256886	-0.0103368	6.94691e-05	0.00808135	0.0195914	0.0195914	
-0.394341	-0.559138	-0.698121	-0.81391	-0.913817	-0.995906	-1.0711	-1.14047	-1.18329	-1.18309	-1.14049	-1.08246	-1.01185	-0.946324	-0.873539	-0.794114	-0.701474	-0.586007	-0.467018	-0.335478	-0.191703	-0.0516617	0.069671	0.161619	0.236442	0.291795	0.33312	0.361601	0.379886	0.402822	0.427942	0.457743	0.471807	0.466466	0.443219	0.408156	0.364204	0.312744	0.267252	0.226838	0.193263	0.174125	0.172309	0.180897	0.192381	0.201505	0.21013	0.217103	0.223577	0.223577	
-0.320854	-0.5285	-0.712377	-0.861197	-0.977271	-1.0711	-1.14619	-1.20198	-1.22939	-1.21733	-1.17023	-1.10662	-1.03823	-0.989837	-0.94508	-0.893093	-0.821549	-0.72399	-0.618644	-0.496544	-0.361189	-0.232511	-0.119068	-0.0274193	0.0574676	0.130613	0.193702	0.247368	0.287839	0.330202	0.37586	0.425529	0.458461	0.474678	0.474667	0.462631	0.43611	0.405567	0.388714	0.376913	0.366092	0.35726	0.360909	0.368365	0.375035	0.378203	0.377287	0.377837	0.37766	0.37766	
-0.251853	-0.504992	-0.730808	-0.90508	-1.03801	-1.14047	-1.20198	-1.2296	-1.22294	-1.18974	-1.12498	-1.0487	-0.987612	-0.956425	-0.933136	-0.90342	-0.855714	-0.783077	-0.694539	-0.589692	-0.475951	-0.367693	-0.26733	-0.171269	-0.0825392	0.0043545	0.0827735	0.15475	0.216382	0.270226	0.328159	0.381777	0.420294	0.445048	0.461811	0.473451	0.468554	0.463169	0.472449	0.484658	0.491422	0.488271	0.489377	0.497542	0.502163	0.498225	0.487275	0.477396	0.477808	0.477808	
-0.188285	-0.465939	-0.714952	-0.918891	-1.07527	-1.18329	-1.22939	-1.22294	-1.18143	-1.11325	-1.02239	-0.934137	-0.879429	-0.857057	-0.838279	-0.820157	-0.795133	-0.746992	-0.681995	-0.604504	-0.522825	-0.438509	-0.348873	-0.255866	-0.166343	-0.080848	0.000646526	0.0823088	0.156722	0.22056	0.280182	0.329121	0.36103	0.386116	0.416706	0.450388	0.471704	0.488627	0.515194	0.543931	0.558816	0.557122	0.553677	0.552768	0.554047	0.540393	0.515315	0.505491	0.508402	0.508402	
-0.139735	-0.417227	-0.678805	-0.901781	-1.07427	-1.18309	-1.21733	-1.18974	-1.11325	-1.00577	-0.884443	-0.780246	-0.720447	-0.686149	-0.663637	-0.656028	-0.653998	-0.638721	-0.611781	-0.569572	-0.51685	-0.445428	-0.358903	-0.268054	-0.182855	-0.1088	-0.0371205	0.0418057	0.119771	0.184521	0.239191	0.274415	0.295138	0.312869	0.34925	0.398765	0.437214	0.472582	0.509565	0.546196	0.565705	0.565284	0.55254	0.537356	0.526203	0.502568	0.476192	0.469967	0.483374	0.483374	
-0.109732	-0.378697	-0.639883	-0.864208	-1.03764	-1.14049	-1.17023	-1.12498	-1.02239	-0.884443	-0.735282	-0.607244	-0.524174	-0.469729	-0.445022	-0.446809	-0.464526	-0.485745	-0.499357	-0.493639	-0.459622	-0.397653	-0.314121	-0.225398	-0.146248	-0.084072	-0.0251249	0.0399184	0.103888	0.154025	0.189351	0.212249	0.224127	0.239355	0.277406	0.331228	0.376083	0.418007	0.46085	0.494951	0.518971	0.522242	0.503597	0.475505	0.447874	0.421082	0.397503	0.396131	0.414484	0.414484	
-0.0842972	-0.335146	-0.5815	-0.803864	-0.97978	-1.08246	-1.10662	-1.0487	-0.934137	-0.780246	-0.607244	-0.452268	-0.337612	-0.262959	-0.229664	-0.229546	-0.258664	-0.311127	-0.359885	-0.381084	-0.363539	-0.308533	-0.23076	-0.148048	-0.0777778	-0.0300884	0.0109898	0.0521453	0.086837	0.10847	0.123242	0.140481	0.153608	0.173682	0.213038	0.26174	0.311386	0.357637	0.400799	0.434465	0.45266	0.457734	0.43501	0.390715	0.355024	0.327427	0.307021	0.306827	0.31952	0.31952	
-0.0665483	-0.285896	-0.518286	-0.736049	-0.907136	-1.01185	-1.03823	-0.987612	-0.879429	-0.720447	-0.524174	-0.337612	-0.195068	-0.0992536	-0.0470372	-0.0367214	-0.0669983	-0.127492	-0.18978	-0.225499	-0.222645	-0.182059	-0.119421	-0.0515702	0.000515658	0.0313558	0.0507053	0.0609794	0.0568821	0.0465038	0.0430573	0.0587317	0.0865009	0.113198	0.154552	0.201223	0.248807	0.299432	0.340558	0.368997	0.386672	0.393131	0.372995	0.331619	0.296093	0.270835	0.24805	0.233574	0.23409	0.23409	
-0.0410527	-0.235078	-0.446667	-0.656092	-0.827904	-0.946324	-0.989837	-0.956425	-0.857057	-0.686149	-0.469729	-0.262959	-0.0992536	0.0248815	0.0981529	0.121667	0.0990126	0.0436036	-0.0191325	-0.0657482	-0.0753645	-0.0490239	-0.00234394	0.0500058	0.0849286	0.100339	0.0986272	0.0754823	0.0369108	-0.00667912	-0.0294682	-0.0177172	0.0134238	0.0495483	0.0913184	0.141197	0.194917	0.245409	0.286925	0.314449	0.332546	0.343591	0.335939	0.312489	0.293717	0.275704	0.248795	0.223411	0.210739	0.210739	
-0.0107094	-0.170486	-0.360414	-0.557011	-0.734123	-0.873539	-0.94508	-0.933136	-0.838279	-0.663637	-0.445022	-0.229664	-0.0470372	0.0981529	0.191911	0.230313	0.224183	0.186745	0.135659	0.0901569	0.0730801	0.0830691	0.106603	0.13749	0.155332	0.161019	0.140684	0.097446	0.0379283	-0.0282416	-0.0670653	-0.0674505	-0.0371952	0.000704182	0.0481972	0.102774	0.156249	0.203684	0.240488	0.271088	0.296573	0.317829	0.333844	0.343432	0.348217	0.342524	0.318359	0.288122	0.269899	0.269899	
0.0300673	-0.0968774	-0.260601	-0.446986	-0.631216	-0.794114	-0.893093	-0.90342	-0.820157	-0.656028	-0.446809	-0.229546	-0.0367214	0.121667	0.230313	0.2843	0.294269	0.279708	0.251245	0.226107	0.214834	0.209172	0.205112	0.210214	0.213226	0.208002	0.182439	0.136128	0.0756346	0.00515893	-0.0446089	-0.0626191	-0.0465327	-0.0125175	0.0330446	0.0888784	0.138466	0.179929	0.217941	0.256906	0.291616	0.328726	0.370691	0.409521	0.439334	0.448565	0.440081	0.420828	0.403814	0.403814	
0.088984	-0.0129948	-0.160725	-0.336305	-0.525887	-0.701474	-0.821549	-0.855714	-0.795133	-0.653998	-0.464526	-0.258664	-0.0669983	0.0990126	0.224183	0.294269	0.320229	0.328718	0.331427	0.337239	0.337234	0.320196	0.297036	0.27923	0.270209	0.25792	0.232186	0.193006	0.142302	0.0818137	0.0288362	-0.00354315	-0.00809175	0.0127093	0.0480205	0.0944356	0.136502	0.177478	0.224044	0.273654	0.324013	0.378184	0.44277	0.505387	0.550853	0.580691	0.599361	0.598276	0.589643	0.589643	
0.166507	0.0868112	-0.048184	-0.217351	-0.408262	-0.586007	-0.72399	-0.783077	-0.746992	-0.638721	-0.485745	-0.311127	-0.127492	0.0436036	0.186745	0.279708	0.328718	0.366495	0.401669	0.43262	0.441605	0.421211	0.388753	0.353722	0.330937	0.310318	0.282424	0.248316	0.210126	0.169171	0.125391	0.0887967	0.0661283	0.0675651	0.0841075	0.114828	0.152878	0.200365	0.260598	0.322313	0.38766	0.457645	0.537774	0.614176	0.672822	0.726223	0.774625	0.798283	0.799863	0.799863	
0.263238	0.202762	0.0801206	-0.0834656	-0.277506	-0.467018	-0.618644	-0.694539	-0.681995	-0.611781	-0.499357	-0.359885	-0.18978	-0.0191325	0.135659	0.251245	0.331427	0.401669	0.459552	0.50473	0.522682	0.511032	0.479218	0.434595	0.401982	0.370567	0.338878	0.307244	0.279279	0.259604	0.232872	0.199464	0.161126	0.140253	0.131939	0.146976	0.186917	0.243844	0.316653	0.391459	0.466589	0.54691	0.633679	0.715343	0.789601	0.864107	0.940845	0.990582	1.00677	1.00677	
0.361772	0.324096	0.218572	0.0592275	-0.137874	-0.335478	-0.496544	-0.589692	-0.604504	-0.569572	-0.493639	-0.381084	-0.225499	-0.0657482	0.0901569	0.226107	0.337239	0.43262	0.50473	0.56037	0.589311	0.588982	0.562943	0.514851	0.473602	0.434832	0.400704	0.370404	0.349877	0.347366	0.335393	0.311223	0.26797	0.227945	0.20159	0.204673	0.238112	0.295894	0.371062	0.451125	0.538438	0.625072	0.716191	0.806351	0.891255	0.978994	1.06999	1.13589	1.16701	1.16701	
0.458314	0.435209	0.346358	0.198697	0.00721004	-0.191703	-0.361189	-0.475951	-0.522825	-0.51685	-0.459622	-0.363539	-0.222645	-0.0753645	0.0730801	0.214834	0.337234	0.441605	0.522682	0.589311	0.632213	0.645292	0.629058	0.587923	0.544355	0.507171	0.474804	0.448819	0.434254	0.434642	0.430984	0.412717	0.369544	0.325825	0.292937	0.285775	0.307293	0.34907	0.412807	0.490616	0.580496	0.67146	0.766484	0.863632	0.956859	1.05049	1.14569	1.22205	1.26405	1.26405	
0.548294	0.535301	0.461051	0.32671	0.14809	-0.0516617	-0.232511	-0.367693	-0.438509	-0.445428	-0.397653	-0.308533	-0.182059	-0.0490239	0.0830691	0.209172	0.320196	0.421211	0.511032	0.588982	0.645292	0.673154	0.670029	0.644652	0.611981	0.582721	0.559043	0.537868	0.523892	0.517603	0.508887	0.487705	0.450573	0.417828	0.391424	0.381385	0.388171	0.40857	0.45207	0.517322	0.599523	0.690713	0.787555	0.883309	0.976803	1.06572	1.1533	1.22775	1.26752	1.26752	
0.632274	0.626489	0.564231	0.44303	0.271604	0.069671	-0.119068	-0.26733	-0.348873	-0.358903	-0.314121	-0.23076	-0.119421	-0.00234394	0.106603	0.205112	0.297036	0.388753	0.479218	0.562943	0.629058	0.670029	0.688556	0.691247	0.678831	0.662761	0.639893	0.612878	0.591961	0.573891	0.554687	0.530425	0.508943	0.492257	0.479619	0.470322	0.463201	0.469076	0.49082	0.536645	0.608199	0.694493	0.785628	0.873642	0.952314	1.02594	1.0963	1.14485	1.17039	1.17039	
0.720526	0.71623	0.655858	0.533612	0.361268	0.161619	-0.0274193	-0.171269	-0.255866	-0.268054	-0.225398	-0.148048	-0.0515702	0.0500058	0.13749	0.210214	0.27923	0.353722	0.434595	0.514851	0.587923	0.644652	0.691247	0.727529	0.743725	0.737228	0.706548	0.666001	0.631481	0.598489	0.568746	0.545845	0.534373	0.53466	0.531961	0.527548	0.526861	0.527393	0.539002	0.56726	0.618626	0.687151	0.757602	0.821969	0.878606	0.933535	0.976061	0.997001	0.997609	0.997609	
0.798766	0.791793	0.723181	0.596071	0.425372	0.236442	0.0574676	-0.0825392	-0.166343	-0.182855	-0.146248	-0.0777778	0.000515658	0.0849286	0.155332	0.213226	0.270209	0.330937	0.401982	0.473602	0.544355	0.611981	0.678831	0.743725	0.783781	0.784371	0.747238	0.691111	0.639914	0.592678	0.559113	0.542535	0.544858	0.553263	0.558254	0.563055	0.570188	0.575683	0.582437	0.59954	0.629031	0.669341	0.70677	0.739639	0.767756	0.793316	0.804806	0.793089	0.77259	0.77259	
0.863821	0.847402	0.766005	0.631108	0.464758	0.291795	0.130613	0.0043545	-0.080848	-0.1088	-0.084072	-0.0300884	0.0313558	0.100339	0.161019	0.208002	0.25792	0.310318	0.370567	0.434832	0.507171	0.582721	0.662761	0.737228	0.784371	0.787752	0.751493	0.693024	0.632369	0.582269	0.548515	0.539147	0.547687	0.55556	0.565221	0.577436	0.592333	0.605853	0.616057	0.626133	0.633825	0.637361	0.634035	0.629808	0.621241	0.6126	0.595462	0.562498	0.533196	0.533196	
0.897957	0.870999	0.78381	0.644218	0.485717	0.33312	0.193702	0.0827735	0.000646526	-0.0371205	-0.0251249	0.0109898	0.0507053	0.0986272	0.140684	0.182439	0.232186	0.282424	0.338878	0.400704	0.474804	0.559043	0.639893	0.706548	0.747238	0.751493	0.726165	0.678841	0.625928	0.57709	0.54297	0.534305	0.537853	0.547209	0.560335	0.575475	0.598035	0.615474	0.629241	0.632687	0.616968	0.589026	0.550902	0.507257	0.458815	0.413516	0.369927	0.330356	0.299516	0.299516	
0.891515	0.866792	0.77631	0.640483	0.494255	0.361601	0.247368	0.15475	0.0823088	0.0418057	0.0399184	0.0521453	0.0609794	0.0754823	0.097446	0.136128	0.193006	0.248316	0.307244	0.370404	0.448819	0.537868	0.612878	0.666001	0.691111	0.693024	0.678841	0.652937	0.616502	0.575267	0.538079	0.518427	0.518797	0.524984	0.5429	0.563215	0.588158	0.612463	0.62269	0.611959	0.576209	0.525604	0.461272	0.384415	0.296665	0.217473	0.156167	0.110882	0.0835186	0.0835186	
0.845063	0.823396	0.744394	0.620678	0.493739	0.379886	0.287839	0.216382	0.156722	0.119771	0.103888	0.086837	0.0568821	0.0369108	0.0379283	0.0756346	0.142302	0.210126	0.279279	0.349877	0.434254	0.523892	0.591961	0.631481	0.639914	0.632369	0.625928	0.616502	0.5986	0.5657	0.525825	0.49951	0.491725	0.498076	0.517242	0.541549	0.57179	0.595791	0.595995	0.566807	0.510584	0.443485	0.361051	0.257309	0.145473	0.0450528	-0.0285498	-0.0765615	-0.104216	-0.104216	
0.76207	0.74809	0.683626	0.587665	0.491132	0.402822	0.330202	0.270226	0.22056	0.184521	0.154025	0.10847	0.0465038	-0.00667912	-0.0282416	0.00515893	0.0818137	0.169171	0.259604	0.347366	0.434642	0.517603	0.573891	0.598489	0.592678	0.582269	0.57709	0.575267	0.5657	0.537877	0.503434	0.478349	0.471074	0.477835	0.500712	0.524861	0.548852	0.560937	0.543163	0.494564	0.424023	0.343113	0.247368	0.135233	0.0153143	-0.0907079	-0.172894	-0.229133	-0.258647	-0.258647	
0.651065	0.65143	0.610187	0.549738	0.488439	0.427942	0.37586	0.328159	0.280182	0.239191	0.189351	0.123242	0.0430573	-0.0294682	-0.0670653	-0.0446089	0.0288362	0.125391	0.232872	0.335393	0.430984	0.508887	0.554687	0.568746	0.559113	0.548515	0.54297	0.538079	0.525825	0.503434	0.481224	0.462432	0.457411	0.466973	0.486226	0.501373	0.505331	0.493755	0.45921	0.399666	0.318371	0.225915	0.122772	0.0137317	-0.092763	-0.190183	-0.270831	-0.324931	-0.352718	-0.352718	
0.513997	0.533548	0.524446	0.506238	0.485119	0.457743	0.425529	0.381777	0.329121	0.274415	0.212249	0.140481	0.0587317	-0.0177172	-0.0674505	-0.0626191	-0.00354315	0.0887967	0.199464	0.311223	0.412717	0.487705	0.530425	0.545845	0.542535	0.539147	0.534305	0.518427	0.49951	0.478349	0.462432	0.451297	0.448932	0.459728	0.469438	0.462413	0.434516	0.393904	0.342641	0.275279	0.190921	0.095295	-0.0038594	-0.0947256	-0.178301	-0.256216	-0.321392	-0.363318	-0.3801	-0.3801	
0.36888	0.41971	0.443844	0.459672	0.469322	0.471807	0.458461	0.420294	0.36103	0.295138	0.224127	0.153608	0.0865009	0.0134238	-0.0371952	-0.0465327	-0.00809175	0.0661283	0.161126	0.26797	0.369544	0.450573	0.508943	0.534373	0.544858	0.547687	0.537853	0.518797	0.491725	0.471074	0.457411	0.448932	0.446558	0.448322	0.438053	0.402677	0.349295	0.287652	0.222129	0.146428	0.0610982	-0.0313699	-0.119149	-0.190125	-0.252397	-0.305283	-0.345579	-0.363827	-0.365031	-0.365031	
0.226995	0.30432	0.358234	0.401961	0.436098	0.466466	0.474678	0.445048	0.386116	0.312869	0.239355	0.173682	0.113198	0.0495483	0.000704182	-0.0125175	0.0127093	0.0675651	0.140253	0.227945	0.325825	0.417828	0.492257	0.53466	0.553263	0.55556	0.547209	0.524984	0.498076	0.477835	0.466973	0.459728	0.448322	0.430233	0.384729	0.321526	0.251364	0.174964	0.097895	0.0143515	-0.0688862	-0.146797	-0.214295	-0.263865	-0.301767	-0.329905	-0.344151	-0.339356	-0.330655	-0.330655	
0.0920576	0.189134	0.263444	0.324893	0.383534	0.443219	0.474667	0.461811	0.416706	0.34925	0.277406	0.213038	0.154552	0.0913184	0.0481972	0.0330446	0.0480205	0.0841075	0.131939	0.20159	0.292937	0.391424	0.479619	0.531961	0.558254	0.565221	0.560335	0.5429	0.517242	0.500712	0.486226	0.469438	0.438053	0.384729	0.306059	0.21917	0.136954	0.056157	-0.0288591	-0.114783	-0.188242	-0.250414	-0.29353	-0.313925	-0.323768	-0.322966	-0.31157	-0.295597	-0.281811	-0.281811	
-0.0409737	0.0681401	0.164581	0.246512	0.326291	0.408156	0.462631	0.473451	0.450388	0.398765	0.331228	0.26174	0.201223	0.141197	0.102774	0.0888784	0.0944356	0.114828	0.146976	0.204673	0.285775	0.381385	0.470322	0.527548	0.563055	0.577436	0.575475	0.563215	0.541549	0.524861	0.501373	0.462413	0.402677	0.321526	0.21917	0.113054	0.0205968	-0.067964	-0.15527	-0.232973	-0.29547	-0.339537	-0.356111	-0.346146	-0.320674	-0.290726	-0.261689	-0.239072	-0.228957	-0.228957	
-0.169701	-0.0503616	0.0643265	0.165628	0.264787	0.364204	0.43611	0.468554	0.471704	0.437214	0.376083	0.311386	0.248807	0.194917	0.156249	0.138466	0.136502	0.152878	0.186917	0.238112	0.307293	0.388171	0.463201	0.526861	0.570188	0.592333	0.598035	0.588158	0.57179	0.548852	0.505331	0.434516	0.349295	0.251364	0.136954	0.0205968	-0.0863891	-0.182295	-0.266408	-0.332931	-0.377372	-0.400694	-0.39325	-0.357357	-0.307561	-0.258509	-0.219541	-0.196297	-0.19083	-0.19083	
-0.285644	-0.163416	-0.0359083	0.0790643	0.196732	0.312744	0.405567	0.463169	0.488627	0.472582	0.418007	0.357637	0.299432	0.245409	0.203684	0.179929	0.177478	0.200365	0.243844	0.295894	0.34907	0.40857	0.469076	0.527393	0.575683	0.605853	0.615474	0.612463	0.595791	0.560937	0.493755	0.393904	0.287652	0.174964	0.056157	-0.067964	-0.182295	-0.276062	-0.356406	-0.40508	-0.425467	-0.422178	-0.391484	-0.346052	-0.292578	-0.241873	-0.198644	-0.177328	-0.17209	-0.17209	
-0.392505	-0.282248	-0.151318	-0.0174646	0.124823	0.267252	0.388714	0.472449	0.515194	0.509565	0.46085	0.400799	0.340558	0.286925	0.240488	0.217941	0.224044	0.260598	0.316653	0.371062	0.412807	0.45207	0.49082	0.539002	0.582437	0.616057	0.629241	0.62269	0.595995	0.543163	0.45921	0.342641	0.222129	0.097895	-0.0288591	-0.15527	-0.266408	-0.356406	-0.427002	-0.460457	-0.455129	-0.418329	-0.367543	-0.322592	-0.277235	-0.230827	-0.18752	-0.158828	-0.152507	-0.152507	
-0.487447	-0.392074	-0.264431	-0.115774	0.054378	0.226838	0.376913	0.484658	0.543931	0.546196	0.494951	0.434465	0.368997	0.314449	0.271088	0.256906	0.273654	0.322313	0.391459	0.451125	0.490616	0.517322	0.536645	0.56726	0.59954	0.626133	0.632687	0.611959	0.566807	0.494564	0.399666	0.275279	0.146428	0.0143515	-0.114783	-0.232973	-0.332931	-0.40508	-0.460457	-0.480503	-0.455886	-0.401712	-0.343851	-0.3051	-0.270893	-0.227422	-0.179407	-0.146137	-0.133245	-0.133245	
-0.558943	-0.481564	-0.358765	-0.194964	-0.00202463	0.193263	0.366092	0.491422	0.558816	0.565705	0.518971	0.45266	0.386672	0.332546	0.296573	0.291616	0.324013	0.38766	0.466589	0.538438	0.580496	0.599523	0.608199	0.618626	0.629031	0.633825	0.616968	0.576209	0.510584	0.424023	0.318371	0.190921	0.0610982	-0.0688862	-0.188242	-0.29547	-0.377372	-0.425467	-0.455129	-0.455886	-0.424603	-0.369764	-0.319261	-0.291451	-0.263681	-0.226447	-0.184944	-0.15779	-0.147386	-0.147386	
-0.61244	-0.547165	-0.429246	-0.251823	-0.0388413	0.174125	0.35726	0.488271	0.557122	0.565284	0.522242	0.457734	0.393131	0.343591	0.317829	0.328726	0.378184	0.457645	0.54691	0.625072	0.67146	0.690713	0.694493	0.687151	0.669341	0.637361	0.589026	0.525604	0.443485	0.343113	0.225915	0.095295	-0.0313699	-0.146797	-0.250414	-0.339537	-0.400694	-0.422178	-0.418329	-0.401712	-0.369764	-0.328812	-0.295048	-0.276814	-0.255377	-0.22623	-0.204328	-0.19522	-0.19615	-0.19615	
-0.660538	-0.597984	-0.475308	-0.282173	-0.0523858	0.172309	0.360909	0.489377	0.553677	0.55254	0.503597	0.43501	0.372995	0.335939	0.333844	0.370691	0.44277	0.537774	0.633679	0.716191	0.766484	0.787555	0.785628	0.757602	0.70677	0.634035	0.550902	0.461272	0.361051	0.247368	0.122772	-0.0038594	-0.119149	-0.214295	-0.29353	-0.356111	-0.39325	-0.391484	-0.367543	-0.343851	-0.319261	-0.295048	-0.277257	-0.265249	-0.248377	-0.230404	-0.226527	-0.23919	-0.249476	-0.249476	
-0.712791	-0.638519	-0.495449	-0.282755	-0.0443803	0.180897	0.368365	0.497542	0.552768	0.537356	0.475505	0.390715	0.331619	0.312489	0.343432	0.409521	0.505387	0.614176	0.715343	0.806351	0.863632	0.883309	0.873642	0.821969	0.739639	0.629808	0.507257	0.384415	0.257309	0.135233	0.0137317	-0.0947256	-0.190125	-0.263865	-0.313925	-0.346146	-0.357357	-0.346052	-0.322592	-0.3051	-0.291451	-0.276814	-0.265249	-0.25692	-0.244055	-0.237149	-0.247415	-0.267556	-0.281642	-0.281642	
-0.75201	-0.656033	-0.487128	-0.262218	-0.0256886	0.192381	0.375035	0.502163	0.554047	0.526203	0.447874	0.355024	0.296093	0.293717	0.348217	0.439334	0.550853	0.672822	0.789601	0.891255	0.956859	0.976803	0.952314	0.878606	0.767756	0.621241	0.458815	0.296665	0.145473	0.0153143	-0.092763	-0.178301	-0.252397	-0.301767	-0.323768	-0.320674	-0.307561	-0.292578	-0.277235	-0.270893	-0.263681	-0.255377	-0.248377	-0.244055	-0.245102	-0.254175	-0.275304	-0.296447	-0.305346	-0.305346	
-0.765835	-0.659558	-0.474619	-0.243619	-0.0103368	0.201505	0.378203	0.498225	0.540393	0.502568	0.421082	0.327427	0.270835	0.275704	0.342524	0.448565	0.580691	0.726223	0.864107	0.978994	1.05049	1.06572	1.02594	0.933535	0.793316	0.6126	0.413516	0.217473	0.0450528	-0.0907079	-0.190183	-0.256216	-0.305283	-0.329905	-0.322966	-0.290726	-0.258509	-0.241873	-0.230827	-0.227422	-0.226447	-0.22623	-0.230404	-0.237149	-0.254175	-0.28287	-0.313007	-0.329967	-0.331956	-0.331956	
-0.76524	-0.661613	-0.472197	-0.2373	6.94691e-05	0.21013	0.377287	0.487275	0.515315	0.476192	0.397503	0.307021	0.24805	0.248795	0.318359	0.440081	0.599361	0.774625	0.940845	1.06999	1.14569	1.1533	1.0963	0.976061	0.804806	0.595462	0.369927	0.156167	-0.0285498	-0.172894	-0.270831	-0.321392	-0.345579	-0.344151	-0.31157	-0.261689	-0.219541	-0.198644	-0.18752	-0.179407	-0.184944	-0.204328	-0.226527	-0.247415	-0.275304	-0.313007	-0.344848	-0.355212	-0.350222	-0.350222	
-0.757507	-0.65854	-0.467255	-0.230877	0.00808135	0.217103	0.377837	0.477396	0.505491	0.469967	0.396131	0.306827	0.233574	0.223411	0.288122	0.420828	0.598276	0.798283	0.990582	1.13589	1.22205	1.22775	1.14485	0.997001	0.793089	0.562498	0.330356	0.110882	-0.0765615	-0.229133	-0.324931	-0.363318	-0.363827	-0.339356	-0.295597	-0.239072	-0.196297	-0.177328	-0.158828	-0.146137	-0.15779	-0.19522	-0.23919	-0.267556	-0.296447	-0.329967	-0.355212	-0.357882	-0.348684	-0.348684	
-0.753575	-0.653374	-0.458364	-0.219495	0.0195914	0.223577	0.37766	0.477808	0.508402	0.483374	0.414484	0.31952	0.23409	0.210739	0.269899	0.403814	0.589643	0.799863	1.00677	1.16701	1.26405	1.26752	1.17039	0.997609	0.77259	0.533196	0.299516	0.0835186	-0.104216	-0.258647	-0.352718	-0.3801	-0.365031	-0.330655	-0.281811	-0.228957	-0.19083	-0.17209	-0.152507	-0.133245	-0.147386	-0.19615	-0.249476	-0.281642	-0.305346	-0.331956	-0.350222	-0.348684	-0.338015	-0.338015	
-0.753575	-0.653374	-0.458364	-0.219495	0.0195914	0.223577	0.37766	0.477808	0.508402	0.483374	0.414484	0.31952	0.23409	0.210739	0.269899	0.403814	0.589643	0.799863	1.00677	1.16701	1.26405	1.26752	1.17039	0.997609	0.77259	0.533196	0.299516	0.0835186	-0.104216	-0.258647	-0.352718	-0.3801	-0.365031	-0.330655	-0.281811	-0.228957	-0.19083	-0.17209	-0.152507	-0.133245	-0.147386	-0.19615	-0.249476	-0.281642	-0.305346	-0.331956	-0.350222	-0.348684	-0.338015	-0.338015	
