0.484922	0.484922	0.512987	0.575984	0.683163	0.816267	0.949224	1.04985	1.11439	1.13154	1.08051	0.942414	0.721271	0.456918	0.1921	-0.00865045	-0.110098	-0.0994157	-0.00456154	0.152139	0.355264	0.582243	0.811533	1.00951	1.1461	1.19265	1.13634	0.978719	0.74494	0.49659	0.302445	0.170688	0.0790143	-0.00949364	-0.122752	-0.282087	-0.471958	-0.664089	-0.840752	-0.994461	-1.08848	-1.11835	-1.07649	-0.954852	-0.73978	-0.431605	-0.0606003	0.309251	0.621031	0.826003	
0.484922	0.484922	0.512987	0.575984	0.683163	0.816267	0.949224	1.04985	1.11439	1.13154	1.08051	0.942414	0.721271	0.456918	0.1921	-0.00865045	-0.110098	-0.0994157	-0.00456154	0.152139	0.355264	0.582243	0.811533	1.00951	1.1461	1.19265	1.13634	0.978719	0.74494	0.49659	0.302445	0.170688	0.0790143	-0.00949364	-0.122752	-0.282087	-0.471958	-0.664089	-0.840752	-0.994461	-1.08848	-1.11835	-1.07649	-0.954852	-0.73978	-0.431605	-0.0606003	0.309251	0.621031	0.826003	
0.512987	0.512987	0.541153	0.605371	0.712108	0.846442	0.979493	1.08229	1.14836	1.16783	1.11923	0.984376	0.766813	0.505945	0.244341	0.0448195	-0.0569925	-0.0509838	0.0377529	0.184216	0.374929	0.587202	0.800116	0.983641	1.10842	1.14889	1.09372	0.944066	0.725177	0.496136	0.320157	0.205895	0.126336	0.046133	-0.0633113	-0.220064	-0.408978	-0.598343	-0.773348	-0.924635	-1.02034	-1.05521	-1.02519	-0.918054	-0.721057	-0.43079	-0.0740264	0.288121	0.597619	0.807664	
0.575984	0.575984	0.605371	0.669412	0.777509	0.910659	1.04559	1.14973	1.2191	1.24128	1.19693	1.06702	0.856082	0.601083	0.345134	0.148633	0.0442841	0.043962	0.118737	0.2484	0.415538	0.600457	0.785058	0.940545	1.04456	1.07362	1.01842	0.882786	0.689191	0.491991	0.350486	0.26512	0.210923	0.147636	0.0495623	-0.100497	-0.282747	-0.469625	-0.640924	-0.792047	-0.892236	-0.940451	-0.928003	-0.847526	-0.678583	-0.415484	-0.0815659	0.266245	0.57332	0.789004	
0.683163	0.683163	0.712108	0.777509	0.88225	1.0153	1.14719	1.25347	1.32338	1.34841	1.30724	1.1833	0.979579	0.731782	0.482473	0.287042	0.179536	0.164767	0.221742	0.324196	0.45987	0.609325	0.756023	0.879398	0.958335	0.975022	0.923079	0.803895	0.640904	0.482912	0.377993	0.330165	0.30556	0.268343	0.18973	0.0571599	-0.113952	-0.291741	-0.463178	-0.617057	-0.730815	-0.796099	-0.809326	-0.752964	-0.611148	-0.37488	-0.0646733	0.266465	0.560832	0.775067	
0.816267	0.816267	0.846442	0.910659	1.0153	1.14417	1.27598	1.38163	1.45401	1.47998	1.44239	1.32276	1.12614	0.88364	0.638124	0.441406	0.322651	0.290399	0.319234	0.391327	0.489869	0.60055	0.710621	0.801212	0.858444	0.866402	0.817912	0.717906	0.585033	0.463691	0.39791	0.384732	0.396013	0.390007	0.339699	0.230495	0.0784099	-0.0930814	-0.264465	-0.427698	-0.556627	-0.643887	-0.676301	-0.642727	-0.522302	-0.308847	-0.0232735	0.284057	0.561369	0.765312	
0.949224	0.949224	0.979493	1.04559	1.14719	1.27598	1.40515	1.51473	1.58916	1.61985	1.58612	1.47358	1.2844	1.04722	0.804302	0.600115	0.466903	0.405587	0.402375	0.435179	0.493961	0.56606	0.640281	0.704681	0.74538	0.748267	0.708012	0.624244	0.519	0.431025	0.396364	0.418648	0.463945	0.495093	0.47915	0.401556	0.27116	0.110642	-0.0654399	-0.238363	-0.38783	-0.493883	-0.546745	-0.527825	-0.423613	-0.230035	0.0309387	0.313787	0.565385	0.752385	
1.04985	1.04985	1.08229	1.14973	1.25347	1.38163	1.51473	1.62929	1.71274	1.74998	1.72517	1.62113	1.44181	1.21025	0.967085	0.753989	0.598332	0.506437	0.463949	0.458248	0.477522	0.514292	0.559101	0.60146	0.62882	0.628637	0.590982	0.520485	0.435208	0.374378	0.369735	0.423659	0.507344	0.57829	0.600869	0.557621	0.452019	0.301164	0.124252	-0.0593041	-0.223962	-0.349607	-0.419335	-0.417458	-0.330394	-0.157242	0.0814395	0.341804	0.575557	0.751265	
1.11439	1.11439	1.14836	1.2191	1.32338	1.45401	1.58916	1.71274	1.80421	1.85137	1.83417	1.73966	1.56897	1.34061	1.09522	0.866719	0.687114	0.558703	0.478812	0.435372	0.421332	0.430667	0.453771	0.481452	0.500298	0.495998	0.461189	0.396698	0.328119	0.289326	0.309179	0.392647	0.508798	0.616454	0.674456	0.662395	0.582163	0.444979	0.270435	0.0859187	-0.0903289	-0.229839	-0.31615	-0.330739	-0.26106	-0.105563	0.114377	0.360698	0.583773	0.753653	
1.13154	1.13154	1.16783	1.24128	1.34841	1.47998	1.61985	1.74998	1.85137	1.90462	1.89304	1.80272	1.63476	1.40424	1.14788	0.899837	0.689998	0.526407	0.411242	0.338738	0.301919	0.296606	0.310114	0.333842	0.350227	0.347908	0.315705	0.260999	0.206807	0.189784	0.229515	0.332118	0.468582	0.596722	0.673515	0.682929	0.620767	0.499193	0.336965	0.160081	-0.0130669	-0.156283	-0.251768	-0.275919	-0.216925	-0.074947	0.133612	0.369608	0.583576	0.747709	
1.08051	1.08051	1.11923	1.19693	1.30724	1.44239	1.58612	1.72517	1.83417	1.89304	1.88235	1.79099	1.62053	1.38024	1.10872	0.835475	0.595864	0.399874	0.257519	0.166729	0.120583	0.113447	0.130499	0.159811	0.183178	0.188672	0.167694	0.126279	0.0931517	0.0955959	0.150282	0.259148	0.396514	0.524156	0.601892	0.614304	0.564455	0.455513	0.308073	0.150223	-0.00823416	-0.14003	-0.22465	-0.241389	-0.179342	-0.0389211	0.158206	0.377171	0.572704	0.718732	
0.942414	0.942414	0.984376	1.06702	1.1833	1.32276	1.47358	1.62113	1.73966	1.80272	1.79099	1.69703	1.52048	1.27167	0.984098	0.690623	0.427943	0.209989	0.0532531	-0.0433591	-0.0878283	-0.0869747	-0.0607903	-0.020067	0.0139907	0.0332085	0.0286405	0.00893789	-0.00204373	0.0213755	0.0822497	0.18411	0.305838	0.41626	0.478971	0.488402	0.442425	0.346473	0.217592	0.0816275	-0.051881	-0.157465	-0.218424	-0.210636	-0.129573	0.0143854	0.202614	0.399642	0.564452	0.679991	
0.721271	0.721271	0.766813	0.856082	0.979579	1.12614	1.2844	1.44181	1.56897	1.63476	1.62053	1.52048	1.33922	1.08236	0.785039	0.47968	0.205848	-0.0183169	-0.175022	-0.263932	-0.295772	-0.281018	-0.240119	-0.185755	-0.138689	-0.103392	-0.0894288	-0.0887868	-0.0785077	-0.04339	0.0168379	0.102186	0.200991	0.290241	0.339346	0.342464	0.302748	0.216922	0.103828	-0.00806505	-0.111559	-0.184472	-0.208869	-0.168643	-0.0675658	0.0817944	0.255526	0.423773	0.557194	0.644937	
0.456918	0.456918	0.505945	0.601083	0.731782	0.88364	1.04722	1.21025	1.34061	1.40424	1.38024	1.27167	1.08236	0.821627	0.519925	0.212561	-0.0595567	-0.277644	-0.422556	-0.495779	-0.511098	-0.479066	-0.422046	-0.351205	-0.286173	-0.23123	-0.194537	-0.171696	-0.144444	-0.100968	-0.0487319	0.0154523	0.0887981	0.156688	0.192112	0.19266	0.157859	0.0843874	-0.0096329	-0.0955213	-0.166398	-0.204039	-0.196785	-0.131029	-0.0138657	0.13461	0.295521	0.44252	0.553246	0.619425	
0.1921	0.1921	0.244341	0.345134	0.482473	0.638124	0.804302	0.967085	1.09522	1.14788	1.10872	0.984098	0.785039	0.519925	0.217021	-0.0868419	-0.351833	-0.557633	-0.686858	-0.743282	-0.739813	-0.689409	-0.61133	-0.517074	-0.428263	-0.346706	-0.285681	-0.241162	-0.19897	-0.151306	-0.105974	-0.0604368	-0.00811549	0.0426073	0.0671808	0.0630837	0.0310073	-0.0336933	-0.110787	-0.172131	-0.210672	-0.216808	-0.18199	-0.0952807	0.0315152	0.179896	0.331616	0.46393	0.560926	0.618379	
-0.00865045	-0.00865045	0.0448195	0.148633	0.287042	0.441406	0.600115	0.753989	0.866719	0.899837	0.835475	0.690623	0.47968	0.212561	-0.0868419	-0.382374	-0.636069	-0.827037	-0.942342	-0.983649	-0.965726	-0.897829	-0.797858	-0.679096	-0.562822	-0.455825	-0.369569	-0.304343	-0.24652	-0.190395	-0.146617	-0.112314	-0.0765121	-0.0420221	-0.0287457	-0.0397373	-0.0705107	-0.125128	-0.18597	-0.224151	-0.237539	-0.222034	-0.168858	-0.0685718	0.0700834	0.227779	0.384737	0.516799	0.613526	0.665459	
-0.110098	-0.110098	-0.0569925	0.0442841	0.179536	0.322651	0.466903	0.598332	0.687114	0.689998	0.595864	0.427943	0.205848	-0.0595567	-0.351833	-0.636069	-0.876553	-1.05456	-1.15622	-1.18645	-1.1538	-1.06901	-0.946658	-0.804059	-0.665976	-0.540028	-0.438768	-0.359336	-0.29018	-0.226201	-0.179312	-0.152054	-0.127214	-0.103619	-0.0972825	-0.107418	-0.131526	-0.174569	-0.218812	-0.243815	-0.242981	-0.214787	-0.150636	-0.0361426	0.120975	0.296468	0.468232	0.611697	0.714733	0.773316	
-0.0994157	-0.0994157	-0.0509838	0.043962	0.164767	0.290399	0.405587	0.506437	0.558703	0.526407	0.399874	0.209989	-0.0183169	-0.277644	-0.557633	-0.827037	-1.05456	-1.21766	-1.30867	-1.32664	-1.28159	-1.18122	-1.04132	-0.883934	-0.7351	-0.60451	-0.498604	-0.41342	-0.336722	-0.265461	-0.217632	-0.195074	-0.181342	-0.16656	-0.158862	-0.161334	-0.17164	-0.195903	-0.227981	-0.241832	-0.232709	-0.198893	-0.124715	0.00340916	0.176723	0.373019	0.564462	0.722923	0.844455	0.919375	
-0.00456154	-0.00456154	0.0377529	0.118737	0.221742	0.319234	0.402375	0.463949	0.478812	0.411242	0.257519	0.0532531	-0.175022	-0.422556	-0.686858	-0.942342	-1.15622	-1.30867	-1.38832	-1.39786	-1.34226	-1.23322	-1.08505	-0.926153	-0.780568	-0.657491	-0.556835	-0.471183	-0.390832	-0.318181	-0.270956	-0.25783	-0.253594	-0.243059	-0.230111	-0.218123	-0.211494	-0.22277	-0.24157	-0.24899	-0.232534	-0.186997	-0.100327	0.0409065	0.231937	0.445228	0.651578	0.829175	0.969374	1.06711	
0.152139	0.152139	0.184216	0.2484	0.324196	0.391327	0.435179	0.458248	0.435372	0.338738	0.166729	-0.0433591	-0.263932	-0.495779	-0.743282	-0.983649	-1.18645	-1.32664	-1.39786	-1.3999	-1.34156	-1.23335	-1.09217	-0.946404	-0.817474	-0.711831	-0.622032	-0.540314	-0.461681	-0.390083	-0.350372	-0.343672	-0.347048	-0.338293	-0.317019	-0.293994	-0.279835	-0.281012	-0.295284	-0.293617	-0.263236	-0.201903	-0.0971616	0.0612766	0.266162	0.49458	0.716967	0.908192	1.06616	1.18449	
0.355264	0.355264	0.374929	0.415538	0.45987	0.489869	0.493961	0.477522	0.421332	0.301919	0.120583	-0.0878283	-0.295772	-0.511098	-0.739813	-0.965726	-1.1538	-1.28159	-1.34226	-1.34156	-1.28763	-1.19388	-1.07329	-0.953815	-0.85062	-0.767444	-0.692829	-0.619505	-0.545592	-0.481676	-0.447702	-0.447293	-0.455514	-0.448378	-0.426518	-0.402248	-0.38702	-0.38739	-0.39298	-0.377267	-0.330169	-0.247487	-0.124319	0.047548	0.265952	0.509098	0.742586	0.948127	1.11838	1.25374	
0.582243	0.582243	0.587202	0.600457	0.609325	0.60055	0.56606	0.514292	0.430667	0.296606	0.113447	-0.0869747	-0.281018	-0.479066	-0.689409	-0.897829	-1.06901	-1.18122	-1.23322	-1.23335	-1.19388	-1.12336	-1.03265	-0.944356	-0.868079	-0.808901	-0.751464	-0.690434	-0.627402	-0.571775	-0.545837	-0.549453	-0.562492	-0.563495	-0.548645	-0.530247	-0.52038	-0.517536	-0.513176	-0.482122	-0.416483	-0.31575	-0.176161	0.00798457	0.23621	0.486284	0.725205	0.934482	1.11065	1.25915	
0.811533	0.811533	0.800116	0.785058	0.756023	0.710621	0.640281	0.559101	0.453771	0.310114	0.130499	-0.0607903	-0.240119	-0.422046	-0.61133	-0.797858	-0.946658	-1.04132	-1.08505	-1.09217	-1.07329	-1.03265	-0.976058	-0.918661	-0.87059	-0.833913	-0.795208	-0.747323	-0.691801	-0.640937	-0.618375	-0.623635	-0.64685	-0.662993	-0.66559	-0.659702	-0.65575	-0.648932	-0.633563	-0.585192	-0.504798	-0.388984	-0.239964	-0.053033	0.170361	0.413947	0.645738	0.853783	1.03374	1.1973	
1.00951	1.00951	0.983641	0.940545	0.879398	0.801212	0.704681	0.60146	0.481452	0.333842	0.159811	-0.020067	-0.185755	-0.351205	-0.517074	-0.679096	-0.804059	-0.883934	-0.926153	-0.946404	-0.953815	-0.944356	-0.918661	-0.889351	-0.862886	-0.845275	-0.820088	-0.779697	-0.72504	-0.674654	-0.652789	-0.665483	-0.702176	-0.73922	-0.760341	-0.765291	-0.763274	-0.754573	-0.730248	-0.67285	-0.58583	-0.465626	-0.317455	-0.142286	0.0642948	0.290127	0.507405	0.70999	0.891246	1.06223	
1.1461	1.1461	1.10842	1.04456	0.958335	0.858444	0.74538	0.62882	0.500298	0.350227	0.183178	0.0139907	-0.138689	-0.286173	-0.428263	-0.562822	-0.665976	-0.7351	-0.780568	-0.817474	-0.85062	-0.868079	-0.87059	-0.862886	-0.855936	-0.849981	-0.830876	-0.787665	-0.725939	-0.668398	-0.649256	-0.66884	-0.721483	-0.778078	-0.817167	-0.83242	-0.838003	-0.830951	-0.805901	-0.745647	-0.65796	-0.543327	-0.411162	-0.260598	-0.0843329	0.112832	0.313391	0.507922	0.684885	0.858563	
1.19265	1.19265	1.14889	1.07362	0.975022	0.866402	0.748267	0.628637	0.495998	0.347908	0.188672	0.0332085	-0.103392	-0.23123	-0.346706	-0.455825	-0.540028	-0.60451	-0.657491	-0.711831	-0.767444	-0.808901	-0.833913	-0.845275	-0.849981	-0.846528	-0.82122	-0.767055	-0.691988	-0.631554	-0.616439	-0.647896	-0.714489	-0.786318	-0.840536	-0.868298	-0.880857	-0.881564	-0.859869	-0.801706	-0.724985	-0.628743	-0.522233	-0.403614	-0.258939	-0.0853839	0.0965314	0.276994	0.443328	0.608917	
1.13634	1.13634	1.09372	1.01842	0.923079	0.817912	0.708012	0.590982	0.461189	0.315705	0.167694	0.0286405	-0.0894288	-0.194537	-0.285681	-0.369569	-0.438768	-0.498604	-0.556835	-0.622032	-0.692829	-0.751464	-0.795208	-0.820088	-0.830876	-0.82122	-0.785442	-0.719032	-0.638901	-0.580646	-0.575145	-0.617527	-0.691419	-0.774046	-0.841588	-0.881535	-0.905123	-0.914735	-0.898387	-0.851597	-0.789727	-0.71707	-0.637338	-0.545364	-0.426047	-0.280284	-0.12126	0.0389912	0.188325	0.346825	
0.978719	0.978719	0.944066	0.882786	0.803895	0.717906	0.624244	0.520485	0.396698	0.260999	0.126279	0.00893789	-0.0887868	-0.171696	-0.241162	-0.304343	-0.359336	-0.41342	-0.471183	-0.540314	-0.619505	-0.690434	-0.747323	-0.779697	-0.787665	-0.767055	-0.719032	-0.649121	-0.572967	-0.525962	-0.533575	-0.585346	-0.666601	-0.757827	-0.838203	-0.890613	-0.921075	-0.93568	-0.926748	-0.888597	-0.842478	-0.789208	-0.72858	-0.658394	-0.565925	-0.449848	-0.317374	-0.179433	-0.0392484	0.114804	
0.74494	0.74494	0.725177	0.689191	0.640904	0.585033	0.519	0.435208	0.328119	0.206807	0.0931517	-0.00204373	-0.0785077	-0.144444	-0.19897	-0.24652	-0.29018	-0.336722	-0.390832	-0.461681	-0.545592	-0.627402	-0.691801	-0.72504	-0.725939	-0.691988	-0.638901	-0.572967	-0.509053	-0.476718	-0.494589	-0.555991	-0.642135	-0.740739	-0.831544	-0.89241	-0.927287	-0.947062	-0.942525	-0.911533	-0.870042	-0.822993	-0.772877	-0.718998	-0.653921	-0.569341	-0.464231	-0.342425	-0.209381	-0.0559513	
0.49659	0.49659	0.496136	0.491991	0.482912	0.463691	0.431025	0.374378	0.289326	0.189784	0.0955959	0.0213755	-0.04339	-0.100968	-0.151306	-0.190395	-0.226201	-0.265461	-0.318181	-0.390083	-0.481676	-0.571775	-0.640937	-0.674654	-0.668398	-0.631554	-0.580646	-0.525962	-0.476718	-0.453025	-0.476532	-0.540621	-0.625669	-0.725202	-0.818504	-0.885329	-0.925721	-0.950141	-0.947683	-0.913495	-0.863093	-0.813252	-0.766627	-0.729915	-0.687001	-0.627289	-0.537236	-0.423476	-0.288082	-0.137814	
0.302445	0.302445	0.320157	0.350486	0.377993	0.39791	0.396364	0.369735	0.309179	0.229515	0.150282	0.0822497	0.0168379	-0.0487319	-0.105974	-0.146617	-0.179312	-0.217632	-0.270956	-0.350372	-0.447702	-0.545837	-0.618375	-0.652789	-0.649256	-0.616439	-0.575145	-0.533575	-0.494589	-0.476532	-0.500312	-0.559792	-0.638225	-0.726545	-0.814852	-0.882036	-0.924528	-0.94541	-0.935804	-0.887205	-0.825443	-0.771944	-0.734892	-0.708152	-0.678571	-0.62465	-0.5353	-0.416939	-0.276138	-0.120172	
0.170688	0.170688	0.205895	0.26512	0.330165	0.384732	0.418648	0.423659	0.392647	0.332118	0.259148	0.18411	0.102186	0.0154523	-0.0604368	-0.112314	-0.152054	-0.195074	-0.25783	-0.343672	-0.447293	-0.549453	-0.623635	-0.665483	-0.66884	-0.647896	-0.617527	-0.585346	-0.555991	-0.540621	-0.559792	-0.611071	-0.672269	-0.744801	-0.821972	-0.885372	-0.921515	-0.928322	-0.896819	-0.829309	-0.754101	-0.699944	-0.666285	-0.645552	-0.616229	-0.559395	-0.465664	-0.33684	-0.178522	-0.00893306	
0.0790143	0.0790143	0.126336	0.210923	0.30556	0.396013	0.463945	0.507344	0.508798	0.468582	0.396514	0.305838	0.200991	0.0887981	-0.00811549	-0.0765121	-0.127214	-0.181342	-0.253594	-0.347048	-0.455514	-0.562492	-0.64685	-0.702176	-0.721483	-0.714489	-0.691419	-0.666601	-0.642135	-0.625669	-0.638225	-0.672269	-0.717859	-0.773868	-0.839288	-0.893109	-0.913293	-0.89175	-0.833864	-0.743764	-0.655697	-0.593367	-0.555079	-0.526398	-0.489519	-0.425877	-0.323151	-0.179717	-0.00432131	0.184307	
-0.00949364	-0.00949364	0.046133	0.147636	0.268343	0.390007	0.495093	0.57829	0.616454	0.596722	0.524156	0.41626	0.290241	0.156688	0.0426073	-0.0420221	-0.103619	-0.16656	-0.243059	-0.338293	-0.448378	-0.563495	-0.662993	-0.73922	-0.778078	-0.786318	-0.774046	-0.757827	-0.740739	-0.725202	-0.726545	-0.744801	-0.773868	-0.812413	-0.860357	-0.892031	-0.886072	-0.835887	-0.752812	-0.64353	-0.539392	-0.457825	-0.401247	-0.355093	-0.303433	-0.224038	-0.109206	0.0497841	0.241632	0.444762	
-0.122752	-0.122752	-0.0633113	0.0495623	0.18973	0.339699	0.47915	0.600869	0.674456	0.673515	0.601892	0.478971	0.339346	0.192112	0.0671808	-0.0287457	-0.0972825	-0.158862	-0.230111	-0.317019	-0.426518	-0.548645	-0.66559	-0.760341	-0.817167	-0.840536	-0.841588	-0.838203	-0.831544	-0.818504	-0.814852	-0.821972	-0.839288	-0.860357	-0.879586	-0.880032	-0.843757	-0.766508	-0.661265	-0.531224	-0.40428	-0.29982	-0.221774	-0.157135	-0.0859363	0.0130125	0.144938	0.32117	0.52434	0.736421	
-0.282087	-0.282087	-0.220064	-0.100497	0.0571599	0.230495	0.401556	0.557621	0.662395	0.682929	0.614304	0.488402	0.342464	0.19266	0.0630837	-0.0397373	-0.107418	-0.161334	-0.218123	-0.293994	-0.402248	-0.530247	-0.659702	-0.765291	-0.83242	-0.868298	-0.881535	-0.890613	-0.89241	-0.885329	-0.882036	-0.885372	-0.893109	-0.892031	-0.880032	-0.847754	-0.785819	-0.688206	-0.558755	-0.402796	-0.251161	-0.122517	-0.0253986	0.0548764	0.145357	0.260327	0.407381	0.595437	0.807403	1.02242	
-0.471958	-0.471958	-0.408978	-0.282747	-0.113952	0.0784099	0.27116	0.452019	0.582163	0.620767	0.564455	0.442425	0.302748	0.157859	0.0310073	-0.0705107	-0.131526	-0.17164	-0.211494	-0.279835	-0.38702	-0.52038	-0.65575	-0.763274	-0.838003	-0.880857	-0.905123	-0.921075	-0.927287	-0.925721	-0.924528	-0.921515	-0.913293	-0.886072	-0.843757	-0.785819	-0.706759	-0.591509	-0.441449	-0.263031	-0.0919755	0.0536224	0.165524	0.263384	0.367183	0.496204	0.652798	0.846094	1.05443	1.26035	
-0.664089	-0.664089	-0.598343	-0.469625	-0.291741	-0.0930814	0.110642	0.301164	0.444979	0.499193	0.455513	0.346473	0.216922	0.0843874	-0.0336933	-0.125128	-0.174569	-0.195903	-0.22277	-0.281012	-0.38739	-0.517536	-0.648932	-0.754573	-0.830951	-0.881564	-0.914735	-0.93568	-0.947062	-0.950141	-0.94541	-0.928322	-0.89175	-0.835887	-0.766508	-0.688206	-0.591509	-0.464999	-0.299527	-0.11213	0.0656479	0.216165	0.337996	0.439436	0.553471	0.688907	0.851963	1.04179	1.23677	1.41489	
-0.840752	-0.840752	-0.773348	-0.640924	-0.463178	-0.264465	-0.0654399	0.124252	0.270435	0.336965	0.308073	0.217592	0.103828	-0.0096329	-0.110787	-0.18597	-0.218812	-0.227981	-0.24157	-0.295284	-0.39298	-0.513176	-0.633563	-0.730248	-0.805901	-0.859869	-0.898387	-0.926748	-0.942525	-0.947683	-0.935804	-0.896819	-0.833864	-0.752812	-0.661265	-0.558755	-0.441449	-0.299527	-0.128631	0.0580737	0.22981	0.373714	0.48525	0.5826	0.693658	0.828448	0.989867	1.16184	1.32575	1.46993	
-0.994461	-0.994461	-0.924635	-0.792047	-0.617057	-0.427698	-0.238363	-0.0593041	0.0859187	0.160081	0.150223	0.0816275	-0.00806505	-0.0955213	-0.172131	-0.224151	-0.243815	-0.241832	-0.24899	-0.293617	-0.377267	-0.482122	-0.585192	-0.67285	-0.745647	-0.801706	-0.851597	-0.888597	-0.911533	-0.913495	-0.887205	-0.829309	-0.743764	-0.64353	-0.531224	-0.402796	-0.263031	-0.11213	0.0580737	0.237805	0.399688	0.527746	0.625333	0.709304	0.807793	0.928883	1.06529	1.19976	1.32634	1.43281	
-1.08848	-1.08848	-1.02034	-0.892236	-0.730815	-0.556627	-0.38783	-0.223962	-0.0903289	-0.0130669	-0.00823416	-0.051881	-0.111559	-0.166398	-0.210672	-0.237539	-0.242981	-0.232709	-0.232534	-0.263236	-0.330169	-0.416483	-0.504798	-0.58583	-0.65796	-0.724985	-0.789727	-0.842478	-0.870042	-0.863093	-0.825443	-0.754101	-0.655697	-0.539392	-0.40428	-0.251161	-0.0919755	0.0656479	0.22981	0.399688	0.545769	0.655953	0.737295	0.80783	0.889047	0.981627	1.0805	1.17197	1.25338	1.31094	
-1.11835	-1.11835	-1.05521	-0.940451	-0.796099	-0.643887	-0.493883	-0.349607	-0.229839	-0.156283	-0.14003	-0.157465	-0.184472	-0.204039	-0.216808	-0.222034	-0.214787	-0.198893	-0.186997	-0.201903	-0.247487	-0.31575	-0.388984	-0.465626	-0.543327	-0.628743	-0.71707	-0.789208	-0.822993	-0.813252	-0.771944	-0.699944	-0.593367	-0.457825	-0.29982	-0.122517	0.0536224	0.216165	0.373714	0.527746	0.655953	0.749588	0.815008	0.869099	0.921951	0.979645	1.04067	1.09006	1.12212	1.1254	
-1.07649	-1.07649	-1.02519	-0.928003	-0.809326	-0.676301	-0.546745	-0.419335	-0.31615	-0.251768	-0.22465	-0.218424	-0.208869	-0.196785	-0.18199	-0.168858	-0.150636	-0.124715	-0.100327	-0.0971616	-0.124319	-0.176161	-0.239964	-0.317455	-0.411162	-0.522233	-0.637338	-0.72858	-0.772877	-0.766627	-0.734892	-0.666285	-0.555079	-0.401247	-0.221774	-0.0253986	0.165524	0.337996	0.48525	0.625333	0.737295	0.815008	0.860423	0.88811	0.904681	0.930621	0.954308	0.96068	0.938964	0.886306	
-0.954852	-0.954852	-0.918054	-0.847526	-0.752964	-0.642727	-0.527825	-0.417458	-0.330739	-0.275919	-0.241389	-0.210636	-0.168643	-0.131029	-0.0952807	-0.0685718	-0.0361426	0.00340916	0.0409065	0.0612766	0.047548	0.00798457	-0.053033	-0.142286	-0.260598	-0.403614	-0.545364	-0.658394	-0.718998	-0.729915	-0.708152	-0.645552	-0.526398	-0.355093	-0.157135	0.0548764	0.263384	0.439436	0.5826	0.709304	0.80783	0.869099	0.88811	0.879852	0.865005	0.856842	0.838951	0.800068	0.72873	0.638814	
-0.73978	-0.73978	-0.721057	-0.678583	-0.611148	-0.522302	-0.423613	-0.330394	-0.26106	-0.216925	-0.179342	-0.129573	-0.0675658	-0.0138657	0.0315152	0.0700834	0.120975	0.176723	0.231937	0.266162	0.265952	0.23621	0.170361	0.0642948	-0.0843329	-0.258939	-0.426047	-0.565925	-0.653921	-0.687001	-0.678571	-0.616229	-0.489519	-0.303433	-0.0859363	0.145357	0.367183	0.553471	0.693658	0.807793	0.889047	0.921951	0.904681	0.865005	0.819489	0.774438	0.715809	0.635015	0.529602	0.420093	
-0.431605	-0.431605	-0.43079	-0.415484	-0.37488	-0.308847	-0.230035	-0.157242	-0.105563	-0.074947	-0.0389211	0.0143854	0.0817944	0.13461	0.179896	0.227779	0.296468	0.373019	0.445228	0.49458	0.509098	0.486284	0.413947	0.290127	0.112832	-0.0853839	-0.280284	-0.449848	-0.569341	-0.627289	-0.62465	-0.559395	-0.425877	-0.224038	0.0130125	0.260327	0.496204	0.688907	0.828448	0.928883	0.981627	0.979645	0.930621	0.856842	0.774438	0.68762	0.589024	0.48362	0.367441	0.255882	
-0.0606003	-0.0606003	-0.0740264	-0.0815659	-0.0646733	-0.0232735	0.0309387	0.0814395	0.114377	0.133612	0.158206	0.202614	0.255526	0.295521	0.331616	0.384737	0.468232	0.564462	0.651578	0.716967	0.742586	0.725205	0.645738	0.507405	0.313391	0.0965314	-0.12126	-0.317374	-0.464231	-0.537236	-0.5353	-0.465664	-0.323151	-0.109206	0.144938	0.407381	0.652798	0.851963	0.989867	1.06529	1.0805	1.04067	0.954308	0.838951	0.715809	0.589024	0.472837	0.363995	0.252063	0.147708	
0.309251	0.309251	0.288121	0.266245	0.266465	0.284057	0.313787	0.341804	0.360698	0.369608	0.377171	0.399642	0.423773	0.44252	0.46393	0.516799	0.611697	0.722923	0.829175	0.908192	0.948127	0.934482	0.853783	0.70999	0.507922	0.276994	0.0389912	-0.179433	-0.342425	-0.423476	-0.416939	-0.33684	-0.179717	0.0497841	0.32117	0.595437	0.846094	1.04179	1.16184	1.19976	1.17197	1.09006	0.96068	0.800068	0.635015	0.48362	0.363995	0.259108	0.162017	0.0838236	
0.621031	0.621031	0.597619	0.57332	0.560832	0.561369	0.565385	0.575557	0.583773	0.583576	0.572704	0.564452	0.557194	0.553246	0.560926	0.613526	0.714733	0.844455	0.969374	1.06616	1.11838	1.11065	1.03374	0.891246	0.684885	0.443328	0.188325	-0.0392484	-0.209381	-0.288082	-0.276138	-0.178522	-0.00432131	0.241632	0.52434	0.807403	1.05443	1.23677	1.32575	1.32634	1.25338	1.12212	0.938964	0.72873	0.529602	0.367441	0.252063	0.162017	0.0978171	0.0530913	
0.826003	0.826003	0.807664	0.789004	0.775067	0.765312	0.752385	0.751265	0.753653	0.747709	0.718732	0.679991	0.644937	0.619425	0.618379	0.665459	0.773316	0.919375	1.06711	1.18449	1.25374	1.25915	1.1973	1.06223	0.858563	0.608917	0.346825	0.114804	-0.0559513	-0.137814	-0.120172	-0.00893306	0.184307	0.444762	0.736421	1.02242	1.26035	1.41489	1.46993	1.43281	1.31094	1.1254	0.886306	0.638814	0.420093	0.255882	0.147708	0.0838236	0.0530913	0.0409626	
