1.67094	1.65116	1.55229	1.40065	1.23134	1.06824	0.929885	0.8119	0.719035	0.639989	0.561996	0.495142	0.43181	0.367685	0.307205	0.253079	0.198943	0.146167	0.109043	0.0754022	0.0395067	0.0169883	0.0015171	-0.0155393	-0.0296746	-0.0374094	-0.0376628	-0.0402728	-0.0470974	-0.0387135	-0.0114912	0.0228528	0.0723352	0.153688	0.272994	0.4251	0.580543	0.692566	0.734845	0.707511	0.61451	0.464463	0.275834	0.056947	-0.19915	-0.482584	-0.748131	-0.943168	-1.0417	-1.0417	
1.65116	1.59007	1.45579	1.28142	1.09539	0.923057	0.778802	0.656154	0.56071	0.477683	0.405917	0.348859	0.290708	0.235853	0.187788	0.14487	0.104799	0.071172	0.0478811	0.0220362	-0.000916319	-0.0107496	-0.0205074	-0.0329155	-0.0412197	-0.0438277	-0.042469	-0.0469473	-0.0528281	-0.041834	-0.0181349	0.00830901	0.0509996	0.126575	0.240976	0.389062	0.541297	0.657397	0.718028	0.718305	0.650222	0.51561	0.331276	0.105886	-0.163192	-0.46005	-0.737972	-0.945465	-1.05319	-1.05319	
1.55229	1.45579	1.29803	1.10819	0.914208	0.744804	0.604206	0.487599	0.401699	0.329888	0.270891	0.220829	0.172254	0.132205	0.099112	0.0713474	0.0434079	0.0206571	0.00721056	-0.00967529	-0.022717	-0.0267003	-0.0338325	-0.0423002	-0.0467624	-0.0467465	-0.0458428	-0.052395	-0.056333	-0.0435757	-0.0249771	-0.00606498	0.0309957	0.101161	0.20977	0.351096	0.49707	0.61652	0.696563	0.725289	0.682866	0.564725	0.384951	0.152683	-0.12822	-0.434944	-0.721206	-0.93876	-1.05499	-1.05499	
1.40065	1.28142	1.10819	0.911552	0.724409	0.567731	0.436425	0.337372	0.268215	0.205958	0.158461	0.121636	0.0887968	0.0633835	0.0415954	0.0213743	0.00174213	-0.00805702	-0.0145493	-0.0288474	-0.0351652	-0.0346968	-0.0410487	-0.0477444	-0.0495561	-0.0478591	-0.0488294	-0.0570868	-0.0580398	-0.0447611	-0.0324512	-0.0199997	0.0127784	0.0778066	0.179437	0.31105	0.448193	0.57078	0.670751	0.727608	0.71086	0.610012	0.43517	0.196236	-0.0944536	-0.406822	-0.696931	-0.921506	-1.04489	-1.04489	
1.23134	1.09539	0.914208	0.724409	0.553083	0.41008	0.297948	0.220483	0.160031	0.110452	0.0817858	0.0575808	0.0345444	0.016853	0.00293621	-0.00853757	-0.0190799	-0.0231211	-0.0298255	-0.0396971	-0.0389831	-0.0391871	-0.0468863	-0.0506966	-0.0499234	-0.0485507	-0.0525585	-0.0608838	-0.0580482	-0.0461843	-0.0407868	-0.0330325	-0.00320117	0.0567073	0.149822	0.268842	0.395439	0.521408	0.640935	0.724265	0.732403	0.649361	0.480017	0.23552	-0.0618639	-0.375135	-0.664333	-0.892221	-1.02066	-1.02066	
1.06824	0.923057	0.744804	0.567731	0.41008	0.286404	0.194024	0.128579	0.0820638	0.0520157	0.0342821	0.0140776	-0.00212747	-0.0101483	-0.0159138	-0.0250603	-0.0322869	-0.0319253	-0.0374875	-0.0439102	-0.0413158	-0.0436176	-0.0500554	-0.0511921	-0.0500641	-0.0502799	-0.0565994	-0.0630615	-0.0569741	-0.0487664	-0.0498109	-0.0445171	-0.0166368	0.0377784	0.120567	0.224592	0.340091	0.469918	0.607397	0.714133	0.745526	0.680389	0.517427	0.269677	-0.0301424	-0.339245	-0.6227	-0.849539	-0.980093	-0.980093	
0.929885	0.778802	0.604206	0.436425	0.297948	0.194024	0.1157	0.0699716	0.0380777	0.0154242	0.000840072	-0.0143179	-0.0198359	-0.0219456	-0.0292294	-0.0364014	-0.0359434	-0.0354503	-0.0443762	-0.0464002	-0.0415481	-0.0463846	-0.0522804	-0.051716	-0.0503693	-0.0524838	-0.0604584	-0.0637011	-0.0557509	-0.0529899	-0.0589341	-0.0538704	-0.0275012	0.0206282	0.0911983	0.178775	0.283917	0.41792	0.570271	0.696016	0.748172	0.700526	0.545303	0.298088	0.00128429	-0.298444	-0.571423	-0.792261	-0.921163	-0.921163	
0.8119	0.656154	0.487599	0.337372	0.220483	0.128579	0.0699716	0.035706	0.00385529	-0.010693	-0.0187986	-0.0258922	-0.0265981	-0.0319365	-0.0373929	-0.0387487	-0.0381872	-0.0417542	-0.0474717	-0.0438203	-0.0428075	-0.0511412	-0.0536123	-0.0507981	-0.0508891	-0.0560289	-0.0638471	-0.0626219	-0.0552685	-0.0590731	-0.0673621	-0.0606671	-0.0360878	0.00455843	0.0612816	0.132362	0.229046	0.366883	0.529473	0.668732	0.738302	0.707171	0.561695	0.320437	0.0331874	-0.252001	-0.509967	-0.719401	-0.842237	-0.842237	
0.719035	0.56071	0.401699	0.268215	0.160031	0.0820638	0.0380777	0.00385529	-0.0165221	-0.0187477	-0.0254546	-0.0314933	-0.0346584	-0.0382618	-0.0398827	-0.0414109	-0.0403217	-0.0434277	-0.0474362	-0.0442816	-0.0470355	-0.0535038	-0.0522383	-0.0505841	-0.0535149	-0.0601849	-0.0652606	-0.060409	-0.0569259	-0.0666568	-0.0739943	-0.0648188	-0.0431281	-0.0113477	0.0306625	0.0868905	0.177704	0.317865	0.484688	0.631208	0.714022	0.697907	0.565008	0.33672	0.0664142	-0.199199	-0.437819	-0.630227	-0.742262	-0.742262	
0.639989	0.477683	0.329888	0.205958	0.110452	0.0520157	0.0154242	-0.010693	-0.0187477	-0.0234931	-0.0356337	-0.0397118	-0.0377918	-0.0388551	-0.04185	-0.040956	-0.0406361	-0.0482493	-0.0488527	-0.0437019	-0.0494137	-0.0545478	-0.0519337	-0.0520556	-0.0567015	-0.0633751	-0.0648248	-0.0588063	-0.0613636	-0.0744155	-0.0779442	-0.0668845	-0.0497102	-0.0279692	-0.000288112	0.0443681	0.131831	0.271297	0.435411	0.582589	0.673752	0.670809	0.554236	0.347211	0.101727	-0.13939	-0.354445	-0.524312	-0.620973	-0.620973	
0.561996	0.405917	0.270891	0.158461	0.0817858	0.0342821	0.000840072	-0.0187986	-0.0254546	-0.0356337	-0.0428483	-0.0360905	-0.0351091	-0.042124	-0.043407	-0.0416792	-0.046292	-0.050076	-0.0441841	-0.0449713	-0.0547793	-0.0550719	-0.0511088	-0.0539456	-0.0604109	-0.0656765	-0.0631488	-0.0590065	-0.0682005	-0.0808351	-0.0790155	-0.067956	-0.0570376	-0.0458791	-0.0305264	0.00700186	0.0926614	0.22686	0.381052	0.522325	0.61643	0.624789	0.529165	0.352373	0.139636	-0.072035	-0.259271	-0.401599	-0.479059	-0.479059	
0.495142	0.348859	0.220829	0.121636	0.0575808	0.0140776	-0.0143179	-0.0258922	-0.0314933	-0.0397118	-0.0360905	-0.0326965	-0.043463	-0.0472862	-0.042709	-0.0430866	-0.0472481	-0.0471244	-0.0451877	-0.0516255	-0.0566364	-0.052264	-0.0516711	-0.0579773	-0.0643219	-0.065901	-0.0609463	-0.0623307	-0.0764175	-0.0844324	-0.0777339	-0.0695295	-0.0662188	-0.0650434	-0.0583226	-0.0232615	0.0603337	0.183524	0.321056	0.450249	0.541764	0.559965	0.490511	0.352743	0.180271	0.00324923	-0.151738	-0.262492	-0.318249	-0.318249	
0.43181	0.290708	0.172254	0.0887968	0.0345444	-0.00212747	-0.0198359	-0.0265981	-0.0346584	-0.0377918	-0.0351091	-0.043463	-0.0494049	-0.0420278	-0.0396349	-0.0452104	-0.0501437	-0.0487966	-0.0475337	-0.0538285	-0.0555456	-0.0517437	-0.0550798	-0.0624862	-0.0663553	-0.0639718	-0.0606479	-0.0693862	-0.0836612	-0.0842484	-0.0757013	-0.0732814	-0.0778421	-0.0845454	-0.0815337	-0.0453342	0.0336899	0.139741	0.255023	0.366657	0.450525	0.477954	0.439954	0.348823	0.223335	0.0866283	-0.0314601	-0.107974	-0.141285	-0.141285	
0.367685	0.235853	0.132205	0.0633835	0.016853	-0.0101483	-0.0219456	-0.0319365	-0.0382618	-0.0388551	-0.042124	-0.0472862	-0.0420278	-0.0379935	-0.0455092	-0.0524127	-0.0507566	-0.0449985	-0.0492766	-0.0582755	-0.0550549	-0.0518746	-0.0596345	-0.0663507	-0.0658349	-0.0619218	-0.0644973	-0.078336	-0.0871956	-0.081129	-0.0753527	-0.0803353	-0.0915753	-0.102633	-0.0981876	-0.0595322	0.0103534	0.0937522	0.182796	0.272418	0.344839	0.382018	0.380033	0.341041	0.268186	0.177964	0.101491	0.0602534	0.0482398	0.0482398	
0.307205	0.187788	0.099112	0.0415954	0.00293621	-0.0159138	-0.0292294	-0.0373929	-0.0398827	-0.04185	-0.043407	-0.042709	-0.0396349	-0.0455092	-0.0533339	-0.0502444	-0.0440664	-0.0474128	-0.0585688	-0.0586471	-0.0504752	-0.0556278	-0.0662978	-0.06715	-0.0632682	-0.063004	-0.0723689	-0.0855699	-0.0861027	-0.0777892	-0.0787373	-0.090723	-0.10617	-0.117079	-0.1072	-0.067877	-0.012892	0.0439338	0.104517	0.169145	0.228389	0.276959	0.313948	0.329836	0.314016	0.276677	0.24621	0.239637	0.246154	0.246154	
0.253079	0.14487	0.0713474	0.0213743	-0.00853757	-0.0250603	-0.0364014	-0.0387487	-0.0414109	-0.040956	-0.0416792	-0.0430866	-0.0452104	-0.0524127	-0.0502444	-0.0438652	-0.0480943	-0.0573671	-0.0592795	-0.0519042	-0.0527498	-0.0647329	-0.0685221	-0.0640966	-0.0630749	-0.0687241	-0.0809777	-0.0883911	-0.0821708	-0.0773072	-0.0866292	-0.103477	-0.119625	-0.125742	-0.109111	-0.0740232	-0.0394801	-0.0109165	0.0207116	0.0594288	0.106442	0.168741	0.245315	0.315886	0.360114	0.381565	0.40055	0.426684	0.44805	0.44805	
0.198943	0.104799	0.0434079	0.00174213	-0.0190799	-0.0322869	-0.0359434	-0.0381872	-0.0403217	-0.0406361	-0.046292	-0.0472481	-0.0501437	-0.0507566	-0.0440664	-0.0480943	-0.0566715	-0.0579817	-0.0545154	-0.052867	-0.0611326	-0.0687689	-0.0658365	-0.0632727	-0.0671116	-0.0764489	-0.0871825	-0.0867754	-0.0785371	-0.0818619	-0.0985403	-0.11673	-0.129416	-0.127486	-0.106628	-0.0826635	-0.072333	-0.0713961	-0.067555	-0.0529472	-0.0144294	0.0638735	0.177969	0.300432	0.406091	0.490602	0.560819	0.616951	0.649589	0.649589	
0.146167	0.071172	0.0206571	-0.00805702	-0.0231211	-0.0319253	-0.0354503	-0.0417542	-0.0434277	-0.0482493	-0.050076	-0.0471244	-0.0487966	-0.0449985	-0.0474128	-0.0573671	-0.0579817	-0.0557621	-0.0543975	-0.0572568	-0.0670586	-0.0691055	-0.0640476	-0.0654624	-0.0734867	-0.0843438	-0.0893353	-0.082176	-0.078778	-0.0924375	-0.112545	-0.127709	-0.133344	-0.1233	-0.104503	-0.0984516	-0.113279	-0.137422	-0.15841	-0.162918	-0.12696	-0.0313054	0.11589	0.285594	0.45197	0.600793	0.721721	0.805164	0.846663	0.846663	
0.109043	0.0478811	0.00721056	-0.0145493	-0.0298255	-0.0374875	-0.0443762	-0.0474717	-0.0474362	-0.0488527	-0.0441841	-0.0451877	-0.0475337	-0.0492766	-0.0585688	-0.0592795	-0.0545154	-0.0543975	-0.0555967	-0.0650092	-0.0725061	-0.0658919	-0.062769	-0.0714499	-0.0824628	-0.0894973	-0.085943	-0.078613	-0.0864918	-0.107522	-0.1251	-0.133692	-0.13095	-0.116832	-0.108514	-0.124844	-0.162817	-0.208138	-0.248822	-0.26435	-0.224081	-0.111235	0.0632469	0.274491	0.498091	0.708191	0.876667	0.98545	1.03533	1.03533	
0.0754022	0.0220362	-0.00967529	-0.0288474	-0.0396971	-0.0439102	-0.0464002	-0.0438203	-0.0442816	-0.0437019	-0.0449713	-0.0516255	-0.0538285	-0.0582755	-0.0586471	-0.0519042	-0.052867	-0.0572568	-0.0650092	-0.0739528	-0.0676499	-0.0599958	-0.069486	-0.0825338	-0.0886929	-0.0877652	-0.0806502	-0.0824706	-0.101659	-0.122394	-0.132744	-0.133598	-0.124376	-0.113853	-0.123947	-0.163315	-0.220171	-0.281679	-0.334359	-0.350653	-0.299864	-0.171445	0.0244635	0.271003	0.544802	0.808184	1.01848	1.15167	1.2115	1.2115	
0.0395067	-0.000916319	-0.022717	-0.0351652	-0.0389831	-0.0413158	-0.0415481	-0.0428075	-0.0470355	-0.0494137	-0.0547793	-0.0566364	-0.0555456	-0.0550549	-0.0504752	-0.0527498	-0.0611326	-0.0670586	-0.0725061	-0.0676499	-0.0588147	-0.0680192	-0.0836257	-0.0882614	-0.0873713	-0.0830832	-0.08129	-0.0958668	-0.118958	-0.13216	-0.134199	-0.128579	-0.118358	-0.120981	-0.154089	-0.213123	-0.283425	-0.354816	-0.409296	-0.415752	-0.350203	-0.208509	0.00410426	0.279106	0.592097	0.896098	1.1404	1.29778	1.37046	1.37046	
0.0169883	-0.0107496	-0.0267003	-0.0346968	-0.0391871	-0.0436176	-0.0463846	-0.0511412	-0.0535038	-0.0545478	-0.0550719	-0.052264	-0.0517437	-0.0518746	-0.0556278	-0.0647329	-0.0687689	-0.0691055	-0.0658919	-0.0599958	-0.0680192	-0.0842187	-0.0883045	-0.0860662	-0.0846289	-0.0823208	-0.0914029	-0.114578	-0.131843	-0.134747	-0.130435	-0.122112	-0.119776	-0.143768	-0.199089	-0.27164	-0.349583	-0.422682	-0.467273	-0.455123	-0.372968	-0.219761	0.00639751	0.301885	0.63937	0.968048	1.23714	1.41816	1.50643	1.50643	
0.0015171	-0.0205074	-0.0338325	-0.0410487	-0.0468863	-0.0500554	-0.0522804	-0.0536123	-0.0522383	-0.0519337	-0.0511088	-0.0516711	-0.0550798	-0.0596345	-0.0662978	-0.0685221	-0.0658365	-0.0640476	-0.062769	-0.069486	-0.0836257	-0.0883045	-0.0854118	-0.0851926	-0.0839531	-0.0888344	-0.110028	-0.131241	-0.135984	-0.131168	-0.124463	-0.12041	-0.136027	-0.184363	-0.25585	-0.335129	-0.414363	-0.478856	-0.502449	-0.466482	-0.367552	-0.203103	0.0343329	0.340555	0.685465	1.0218	1.30565	1.50783	1.61246	1.61246	
-0.0155393	-0.0329155	-0.0423002	-0.0477444	-0.0506966	-0.0511921	-0.051716	-0.0507981	-0.0505841	-0.0520556	-0.0539456	-0.0579773	-0.0624862	-0.0663507	-0.06715	-0.0640966	-0.0632727	-0.0654624	-0.0714499	-0.0825338	-0.0882614	-0.0860662	-0.0851926	-0.0846918	-0.0878227	-0.106589	-0.130303	-0.137622	-0.131738	-0.125354	-0.121704	-0.131561	-0.171835	-0.240166	-0.319323	-0.399271	-0.47178	-0.516171	-0.510849	-0.449749	-0.334072	-0.157236	0.0885344	0.393887	0.729081	1.05733	1.34532	1.56267	1.68089	1.68089	
-0.0296746	-0.0412197	-0.0467624	-0.0495561	-0.0499234	-0.0500641	-0.0503693	-0.0508891	-0.0535149	-0.0567015	-0.0604109	-0.0643219	-0.0663553	-0.0658349	-0.0632682	-0.0630749	-0.0671116	-0.0734867	-0.0824628	-0.0886929	-0.0873713	-0.0846289	-0.0839531	-0.0878227	-0.105312	-0.129564	-0.138975	-0.132417	-0.125317	-0.122706	-0.129628	-0.162554	-0.226312	-0.304916	-0.384274	-0.458744	-0.514113	-0.528361	-0.491243	-0.406161	-0.272783	-0.0824834	0.166381	0.458415	0.76933	1.07668	1.35745	1.57955	1.70445	1.70445	
-0.0374094	-0.0438277	-0.0467465	-0.0478591	-0.0485507	-0.0502799	-0.0524838	-0.0560289	-0.0601849	-0.0633751	-0.0656765	-0.065901	-0.0639718	-0.0619218	-0.063004	-0.0687241	-0.0764489	-0.0843438	-0.0894973	-0.0877652	-0.0830832	-0.0823208	-0.0888344	-0.106589	-0.129564	-0.139491	-0.132926	-0.125005	-0.123149	-0.129113	-0.156497	-0.215141	-0.292687	-0.371644	-0.445699	-0.506209	-0.533169	-0.511995	-0.44483	-0.337008	-0.184309	0.0180879	0.261957	0.529413	0.806098	1.08308	1.34427	1.55664	1.67789	1.67789	
-0.0376628	-0.042469	-0.0458428	-0.0488294	-0.0525585	-0.0565994	-0.0604584	-0.0638471	-0.0652606	-0.0648248	-0.0631488	-0.0609463	-0.0606479	-0.0644973	-0.0723689	-0.0809777	-0.0871825	-0.0893353	-0.085943	-0.0806502	-0.08129	-0.0914029	-0.110028	-0.130303	-0.138975	-0.132926	-0.124854	-0.123244	-0.129127	-0.153073	-0.207089	-0.283004	-0.361803	-0.43488	-0.497234	-0.532434	-0.522958	-0.467331	-0.373672	-0.243003	-0.0708672	0.137978	0.367156	0.602217	0.839795	1.0794	1.3078	1.49388	1.59976	1.59976	
-0.0402728	-0.0469473	-0.052395	-0.0570868	-0.0608838	-0.0630615	-0.0637011	-0.0626219	-0.060409	-0.0588063	-0.0590065	-0.0623307	-0.0693862	-0.078336	-0.0855699	-0.0883911	-0.0867754	-0.082176	-0.078613	-0.0824706	-0.0958668	-0.114578	-0.131241	-0.137622	-0.132417	-0.125005	-0.123244	-0.129181	-0.151583	-0.202286	-0.276248	-0.354732	-0.426867	-0.489331	-0.529553	-0.529018	-0.482101	-0.39701	-0.278982	-0.125171	0.0622027	0.267826	0.47368	0.673149	0.870389	1.06663	1.24924	1.39353	1.47363	1.47363	
-0.0470974	-0.0528281	-0.056333	-0.0580398	-0.0580482	-0.0569741	-0.0557509	-0.0552685	-0.0569259	-0.0613636	-0.0682005	-0.0764175	-0.0836612	-0.0871956	-0.0861027	-0.0821708	-0.0785371	-0.078778	-0.0864918	-0.101659	-0.118958	-0.131843	-0.135984	-0.131738	-0.125317	-0.123149	-0.129127	-0.151583	-0.200697	-0.272766	-0.35044	-0.421648	-0.48341	-0.52628	-0.532294	-0.492471	-0.413486	-0.303294	-0.161099	0.0129621	0.205957	0.397459	0.574938	0.739389	0.89609	1.04305	1.1691	1.26068	1.30841	1.30841	
-0.0387135	-0.041834	-0.0435757	-0.0447611	-0.0461843	-0.0487664	-0.0529899	-0.0590731	-0.0666568	-0.0744155	-0.0808351	-0.0844324	-0.0842484	-0.081129	-0.0777892	-0.0773072	-0.0818619	-0.0924375	-0.107522	-0.122394	-0.13216	-0.134747	-0.131168	-0.125354	-0.122706	-0.129113	-0.153073	-0.202286	-0.272766	-0.348996	-0.419084	-0.479804	-0.523625	-0.533905	-0.499662	-0.425511	-0.320739	-0.186596	-0.021886	0.163616	0.349443	0.518515	0.666715	0.79781	0.912457	1.0047	1.06816	1.10331	1.11737	1.11737	
-0.0114912	-0.0181349	-0.0249771	-0.0324512	-0.0407868	-0.0498109	-0.0589341	-0.0673621	-0.0739943	-0.0779442	-0.0790155	-0.0777339	-0.0757013	-0.0753527	-0.0787373	-0.0866292	-0.0985403	-0.112545	-0.1251	-0.132744	-0.134199	-0.130435	-0.124463	-0.121704	-0.129628	-0.156497	-0.207089	-0.276248	-0.35044	-0.419084	-0.478598	-0.522166	-0.534574	-0.504201	-0.433879	-0.33316	-0.204958	-0.047559	0.132234	0.315515	0.48287	0.625991	0.746081	0.843568	0.91275	0.947109	0.948734	0.931769	0.916154	0.916154	
0.0228528	0.00830901	-0.00606498	-0.0199997	-0.0330325	-0.0445171	-0.0538704	-0.0606671	-0.0648188	-0.0668845	-0.067956	-0.0695295	-0.0732814	-0.0803353	-0.090723	-0.103477	-0.11673	-0.127709	-0.133692	-0.133598	-0.128579	-0.122112	-0.12041	-0.131561	-0.162554	-0.215141	-0.283004	-0.354732	-0.421648	-0.479804	-0.522166	-0.534746	-0.506393	-0.438844	-0.341241	-0.217522	-0.0660171	0.1087	0.289863	0.457404	0.600236	0.717482	0.809296	0.869696	0.889765	0.867638	0.815506	0.757553	0.720126	0.720126	
0.0723352	0.0509996	0.0309957	0.0127784	-0.00320117	-0.0166368	-0.0275012	-0.0360878	-0.0431281	-0.0497102	-0.0570376	-0.0662188	-0.0778421	-0.0915753	-0.10617	-0.119625	-0.129416	-0.133344	-0.13095	-0.124376	-0.118358	-0.119776	-0.136027	-0.171835	-0.226312	-0.292687	-0.361803	-0.426867	-0.48341	-0.523625	-0.534574	-0.506393	-0.440491	-0.345238	-0.22488	-0.07803	0.0921032	0.270779	0.438277	0.581899	0.699257	0.790567	0.850394	0.868451	0.838571	0.767366	0.675588	0.591709	0.542022	0.542022	
0.153688	0.126575	0.101161	0.0778066	0.0567073	0.0377784	0.0206282	0.00455843	-0.0113477	-0.0279692	-0.0458791	-0.0650434	-0.0845454	-0.102633	-0.117079	-0.125742	-0.127486	-0.1233	-0.116832	-0.113853	-0.120981	-0.143768	-0.184363	-0.240166	-0.304916	-0.371644	-0.43488	-0.489331	-0.52628	-0.533905	-0.504201	-0.438844	-0.345238	-0.227305	-0.0839566	0.0821972	0.257989	0.424566	0.568517	0.686381	0.778486	0.840409	0.861864	0.834118	0.758907	0.651671	0.537494	0.443242	0.390327	0.390327	
0.272994	0.240976	0.20977	0.179437	0.149822	0.120567	0.0911983	0.0612816	0.0306625	-0.000288112	-0.0305264	-0.0583226	-0.0815337	-0.0981876	-0.1072	-0.109111	-0.106628	-0.104503	-0.108514	-0.123947	-0.154089	-0.199089	-0.25585	-0.319323	-0.384274	-0.445699	-0.497234	-0.529553	-0.532294	-0.499662	-0.433879	-0.341241	-0.22488	-0.0839566	0.0789026	0.25156	0.416251	0.559565	0.67738	0.770014	0.833996	0.859741	0.837483	0.765854	0.65606	0.52921	0.409541	0.317994	0.268781	0.268781	
0.4251	0.389062	0.351096	0.31105	0.268842	0.224592	0.178775	0.132362	0.0868905	0.0443681	0.00700186	-0.0232615	-0.0453342	-0.0595322	-0.067877	-0.0740232	-0.0826635	-0.0984516	-0.124844	-0.163315	-0.213123	-0.27164	-0.335129	-0.399271	-0.458744	-0.506209	-0.532434	-0.529018	-0.492471	-0.425511	-0.33316	-0.217522	-0.07803	0.0821972	0.25156	0.41346	0.555054	0.671973	0.764411	0.829546	0.858628	0.841725	0.775734	0.669033	0.539778	0.40979	0.298246	0.218279	0.176925	0.176925	
0.580543	0.541297	0.49707	0.448193	0.395439	0.340091	0.283917	0.229046	0.177704	0.131831	0.0926614	0.0603337	0.0336899	0.0103534	-0.012892	-0.0394801	-0.072333	-0.113279	-0.162817	-0.220171	-0.283425	-0.349583	-0.414363	-0.47178	-0.514113	-0.533169	-0.522958	-0.482101	-0.413486	-0.320739	-0.204958	-0.0660171	0.0921032	0.257989	0.416251	0.555054	0.670164	0.761595	0.826828	0.857816	0.844873	0.784015	0.681785	0.554288	0.421701	0.302027	0.20731	0.143262	0.111317	0.111317	
0.692566	0.657397	0.61652	0.57078	0.521408	0.469918	0.41792	0.366883	0.317865	0.271297	0.22686	0.183524	0.139741	0.0937522	0.0439338	-0.0109165	-0.0713961	-0.137422	-0.208138	-0.281679	-0.354816	-0.422682	-0.478856	-0.516171	-0.528361	-0.511995	-0.467331	-0.39701	-0.303294	-0.186596	-0.047559	0.1087	0.270779	0.424566	0.559565	0.671973	0.761595	0.825909	0.857354	0.846676	0.789573	0.691415	0.566803	0.434705	0.312449	0.211674	0.137435	0.0898717	0.0669505	0.0669505	
0.734845	0.718028	0.696563	0.670751	0.640935	0.607397	0.570271	0.529473	0.484688	0.435411	0.381052	0.321056	0.255023	0.182796	0.104517	0.0207116	-0.067555	-0.15841	-0.248822	-0.334359	-0.409296	-0.467273	-0.502449	-0.510849	-0.491243	-0.44483	-0.373672	-0.278982	-0.161099	-0.021886	0.132234	0.289863	0.438277	0.568517	0.67738	0.764411	0.826828	0.857354	0.847255	0.792315	0.697238	0.57548	0.444962	0.322449	0.219459	0.141019	0.0868683	0.0538821	0.0385005	0.0385005	
0.707511	0.718305	0.725289	0.727608	0.724265	0.714133	0.696016	0.668732	0.631208	0.582589	0.522325	0.450249	0.366657	0.272418	0.169145	0.0594288	-0.0529472	-0.162918	-0.26435	-0.350653	-0.415752	-0.455123	-0.466482	-0.449749	-0.406161	-0.337008	-0.243003	-0.125171	0.0129621	0.163616	0.315515	0.457404	0.581899	0.686381	0.770014	0.829546	0.857816	0.846676	0.792315	0.699175	0.579861	0.451316	0.329652	0.22621	0.146148	0.0893158	0.0523512	0.0308775	0.0211766	0.0211766	
0.61451	0.650222	0.682866	0.71086	0.732403	0.745526	0.748172	0.738302	0.714022	0.673752	0.61643	0.541764	0.450525	0.344839	0.228389	0.106442	-0.0144294	-0.12696	-0.224081	-0.299864	-0.350203	-0.372968	-0.367552	-0.334072	-0.272783	-0.184309	-0.0708672	0.0622027	0.205957	0.349443	0.48287	0.600236	0.699257	0.778486	0.833996	0.858628	0.844873	0.789573	0.697238	0.579861	0.453455	0.333349	0.230522	0.150159	0.0923259	0.0538041	0.0300898	0.0169177	0.0111462	0.0111462	
0.464463	0.51561	0.564725	0.610012	0.649361	0.680389	0.700526	0.707171	0.697907	0.670809	0.624789	0.559965	0.477954	0.382018	0.276959	0.168741	0.0638735	-0.0313054	-0.111235	-0.171445	-0.208509	-0.219761	-0.203103	-0.157236	-0.0824834	0.0180879	0.137978	0.267826	0.397459	0.518515	0.625991	0.717482	0.790567	0.840409	0.859741	0.841725	0.784015	0.691415	0.57548	0.451316	0.333349	0.231989	0.15227	0.0943944	0.0553731	0.0308481	0.0165027	0.00886585	0.0056171	0.0056171	
0.275834	0.331276	0.384951	0.43517	0.480017	0.517427	0.545303	0.561695	0.565008	0.554236	0.529165	0.490511	0.439954	0.380033	0.313948	0.245315	0.177969	0.11589	0.0632469	0.0244635	0.00410426	0.00639751	0.0343329	0.0885344	0.166381	0.261957	0.367156	0.47368	0.574938	0.666715	0.746081	0.809296	0.850394	0.861864	0.837483	0.775734	0.681785	0.566803	0.444962	0.329652	0.230522	0.15227	0.0951116	0.0562548	0.0315603	0.016847	0.00864187	0.00444642	0.00271189	0.00271189	
0.056947	0.105886	0.152683	0.196236	0.23552	0.269677	0.298088	0.320437	0.33672	0.347211	0.352373	0.352743	0.348823	0.341041	0.329836	0.315886	0.300432	0.285594	0.274491	0.271003	0.279106	0.301885	0.340555	0.393887	0.458415	0.529413	0.602217	0.673149	0.739389	0.79781	0.843568	0.869696	0.868451	0.834118	0.765854	0.669033	0.554288	0.434705	0.322449	0.22621	0.150159	0.0943944	0.0562548	0.0318224	0.0171131	0.00877218	0.00432417	0.0021354	0.00125514	0.00125514	
-0.19915	-0.163192	-0.12822	-0.0944536	-0.0618639	-0.0301424	0.00128429	0.0331874	0.0664142	0.101727	0.139636	0.180271	0.223335	0.268186	0.314016	0.360114	0.406091	0.45197	0.498091	0.544802	0.592097	0.63937	0.685465	0.729081	0.76933	0.806098	0.839795	0.870389	0.89609	0.912457	0.91275	0.889765	0.838571	0.758907	0.65606	0.539778	0.421701	0.312449	0.219459	0.146148	0.0923259	0.0553731	0.0315603	0.0171131	0.00883973	0.00435985	0.00206938	0.000982777	0.000557309	0.000557309	
-0.482584	-0.46005	-0.434944	-0.406822	-0.375135	-0.339245	-0.298444	-0.252001	-0.199199	-0.13939	-0.072035	0.00324923	0.0866283	0.177964	0.276677	0.381565	0.490602	0.600793	0.708191	0.808184	0.896098	0.968048	1.0218	1.05733	1.07668	1.08308	1.0794	1.06663	1.04305	1.0047	0.947109	0.867638	0.767366	0.651671	0.52921	0.40979	0.302027	0.211674	0.141019	0.0893158	0.0538041	0.0308481	0.016847	0.00877218	0.00435985	0.00207237	0.000948712	0.000434044	0.000237702	0.000237702	
-0.748131	-0.737972	-0.721206	-0.696931	-0.664333	-0.6227	-0.571423	-0.509967	-0.437819	-0.354445	-0.259271	-0.151738	-0.0314601	0.101491	0.24621	0.40055	0.560819	0.721721	0.876667	1.01848	1.1404	1.23714	1.30565	1.34532	1.35745	1.34427	1.3078	1.24924	1.1691	1.06816	0.948734	0.815506	0.675588	0.537494	0.409541	0.298246	0.20731	0.137435	0.0868683	0.0523512	0.0300898	0.0165027	0.00864187	0.00432417	0.00206938	0.000948712	0.000419252	0.000184962	9.78643e-05	9.78643e-05	
-0.943168	-0.945465	-0.93876	-0.921506	-0.892221	-0.849539	-0.792261	-0.719401	-0.630227	-0.524312	-0.401599	-0.262492	-0.107974	0.0602534	0.239637	0.426684	0.616951	0.805164	0.98545	1.15167	1.29778	1.41816	1.50783	1.56267	1.57955	1.55664	1.49388	1.39353	1.26068	1.10331	0.931769	0.757553	0.591709	0.443242	0.317994	0.218279	0.143262	0.0898717	0.0538821	0.0308775	0.0169177	0.00886585	0.00444642	0.0021354	0.000982777	0.000434044	0.000184962	7.86068e-05	4.01257e-05	4.01257e-05	
-1.0417	-1.05319	-1.05499	-1.04489	-1.02066	-0.980093	-0.921163	-0.842237	-0.742262	-0.620973	-0.479059	-0.318249	-0.141285	0.0482398	0.246154	0.44805	0.649589	0.846663	1.03533	1.2115	1.37046	1.50643	1.61246	1.68089	1.70445	1.67789	1.59976	1.47363	1.30841	1.11737	0.916154	0.720126	0.542022	0.390327	0.268781	0.176925	0.111317	0.0669505	0.0385005	0.0211766	0.0111462	0.0056171	0.00271189	0.00125514	0.000557309	0.000237702	9.78643e-05	4.01257e-05	1.97726e-05	1.97726e-05	
-1.0417	-1.05319	-1.05499	-1.04489	-1.02066	-0.980093	-0.921163	-0.842237	-0.742262	-0.620973	-0.479059	-0.318249	-0.141285	0.0482398	0.246154	0.44805	0.649589	0.846663	1.03533	1.2115	1.37046	1.50643	1.61246	1.68089	1.70445	1.67789	1.59976	1.47363	1.30841	1.11737	0.916154	0.720126	0.542022	0.390327	0.268781	0.176925	0.111317	0.0669505	0.0385005	0.0211766	0.0111462	0.0056171	0.00271189	0.00125514	0.000557309	0.000237702	9.78643e-05	4.01257e-05	1.97726e-05	1.97726e-05	
