-1.32982	-1.32982	-1.30482	-1.2502	-1.16682	-1.05962	-0.943086	-0.840904	-0.766362	-0.683664	-0.542831	-0.33046	-0.064584	0.244516	0.582238	0.891201	1.12182	1.24577	1.26517	1.18372	1.03236	0.836455	0.608134	0.372356	0.154239	-0.0235538	-0.15997	-0.259442	-0.343095	-0.41881	-0.474484	-0.508073	-0.535273	-0.561927	-0.57951	-0.565086	-0.52257	-0.46389	-0.39887	-0.324171	-0.241617	-0.143412	-0.0353909	0.0602811	0.114204	0.123507	0.0844832	0.0144021	-0.0816873	-0.209075	
-1.32982	-1.32982	-1.30482	-1.2502	-1.16682	-1.05962	-0.943086	-0.840904	-0.766362	-0.683664	-0.542831	-0.33046	-0.064584	0.244516	0.582238	0.891201	1.12182	1.24577	1.26517	1.18372	1.03236	0.836455	0.608134	0.372356	0.154239	-0.0235538	-0.15997	-0.259442	-0.343095	-0.41881	-0.474484	-0.508073	-0.535273	-0.561927	-0.57951	-0.565086	-0.52257	-0.46389	-0.39887	-0.324171	-0.241617	-0.143412	-0.0353909	0.0602811	0.114204	0.123507	0.0844832	0.0144021	-0.0816873	-0.209075	
-1.30482	-1.30482	-1.29006	-1.25124	-1.18446	-1.08794	-0.97683	-0.874893	-0.801474	-0.723563	-0.592786	-0.392075	-0.133083	0.17552	0.519367	0.836029	1.07304	1.19996	1.22144	1.14529	1.00488	0.823847	0.611067	0.385729	0.171251	-0.00824041	-0.148719	-0.250389	-0.334487	-0.408606	-0.461869	-0.492682	-0.514357	-0.532701	-0.541249	-0.518539	-0.472831	-0.41403	-0.350802	-0.276492	-0.191356	-0.0879127	0.0227071	0.118361	0.166596	0.168384	0.123991	0.0560814	-0.0296502	-0.137905	
-1.2502	-1.2502	-1.25124	-1.23955	-1.1993	-1.12519	-1.02575	-0.931865	-0.863941	-0.797547	-0.68398	-0.501174	-0.254773	0.0525758	0.401294	0.728796	0.975424	1.1113	1.14123	1.07804	0.955276	0.796174	0.604435	0.395454	0.189106	0.00976245	-0.133352	-0.239728	-0.32486	-0.396441	-0.443915	-0.464381	-0.472744	-0.47563	-0.467492	-0.43402	-0.379321	-0.316469	-0.249865	-0.172612	-0.0842744	0.0178511	0.125117	0.209854	0.248233	0.241534	0.197932	0.140579	0.0783249	0.000109297	
-1.16682	-1.16682	-1.18446	-1.1993	-1.19131	-1.14446	-1.07042	-0.995101	-0.945472	-0.89693	-0.804181	-0.64194	-0.409183	-0.110301	0.237708	0.569369	0.827694	0.979779	1.02983	0.988566	0.888001	0.748401	0.576258	0.383421	0.189427	0.017248	-0.125537	-0.233409	-0.320262	-0.387313	-0.422665	-0.426474	-0.413403	-0.394547	-0.368639	-0.318436	-0.252317	-0.177193	-0.101303	-0.0199216	0.0644913	0.155709	0.242232	0.309772	0.335067	0.327475	0.29457	0.259408	0.223703	0.177772	
-1.05962	-1.05962	-1.08794	-1.12519	-1.14446	-1.13344	-1.09468	-1.05744	-1.03793	-1.01605	-0.945772	-0.802565	-0.586699	-0.300033	0.0361693	0.367417	0.636253	0.812711	0.891876	0.880798	0.802602	0.679957	0.520825	0.341996	0.161925	0.000451423	-0.133023	-0.236903	-0.317351	-0.373906	-0.395488	-0.381144	-0.34937	-0.311688	-0.264236	-0.197045	-0.110204	-0.0188289	0.0687895	0.15145	0.226472	0.29507	0.357959	0.400343	0.415415	0.408475	0.391236	0.378548	0.371974	0.355209	
-0.943086	-0.943086	-0.97683	-1.02575	-1.07042	-1.09468	-1.10516	-1.11657	-1.14125	-1.15165	-1.10718	-0.985682	-0.787391	-0.518685	-0.19551	0.132318	0.415918	0.620739	0.736532	0.760449	0.711398	0.607238	0.46349	0.296275	0.127036	-0.023573	-0.147067	-0.238529	-0.306218	-0.349356	-0.358551	-0.335989	-0.293057	-0.238744	-0.170547	-0.077139	0.0303575	0.137887	0.230375	0.306068	0.364664	0.412868	0.449833	0.474344	0.476647	0.468044	0.458042	0.461416	0.474783	0.48567	
-0.840904	-0.840904	-0.874893	-0.931865	-0.995101	-1.05744	-1.11657	-1.18364	-1.25383	-1.30109	-1.28525	-1.18736	-1.00789	-0.75146	-0.436749	-0.103469	0.197668	0.433801	0.584195	0.646657	0.629607	0.552217	0.42648	0.271586	0.110519	-0.0334598	-0.144541	-0.221618	-0.272543	-0.301274	-0.304556	-0.279161	-0.232431	-0.167272	-0.0785496	0.0322506	0.155802	0.268113	0.35677	0.420104	0.462225	0.488901	0.50647	0.508815	0.498663	0.48144	0.473513	0.48544	0.515766	0.550495	
-0.766362	-0.766362	-0.801474	-0.863941	-0.945472	-1.03793	-1.14125	-1.25383	-1.36652	-1.44835	-1.4643	-1.39226	-1.22833	-0.977516	-0.659387	-0.3144	0.00899981	0.272372	0.456219	0.554125	0.574788	0.527825	0.427525	0.289169	0.1391	0.0040573	-0.0974561	-0.163634	-0.203336	-0.223295	-0.219276	-0.190403	-0.137061	-0.0627657	0.0329727	0.146676	0.263162	0.363841	0.436586	0.480523	0.502418	0.508599	0.502913	0.488317	0.465494	0.444253	0.438615	0.456649	0.495573	0.545128	
-0.683664	-0.683664	-0.723563	-0.797547	-0.89693	-1.01605	-1.15165	-1.30109	-1.44835	-1.56528	-1.61471	-1.57045	-1.41981	-1.16891	-0.843629	-0.484183	-0.142551	0.146064	0.356261	0.488794	0.543004	0.529602	0.458644	0.34684	0.218867	0.0986804	0.00613725	-0.0573807	-0.0963427	-0.110872	-0.0999836	-0.0610881	-0.000648257	0.0748562	0.163139	0.256241	0.347351	0.420173	0.467063	0.48649	0.484472	0.467436	0.442053	0.410942	0.383882	0.362703	0.362532	0.385643	0.42717	0.481888	
-0.542831	-0.542831	-0.592786	-0.68398	-0.804181	-0.945772	-1.10718	-1.28525	-1.4643	-1.61471	-1.69957	-1.68289	-1.54725	-1.29955	-0.973317	-0.609127	-0.255097	0.0504279	0.284814	0.444413	0.530979	0.549656	0.515128	0.440585	0.345693	0.24604	0.160902	0.0926283	0.0492059	0.0339258	0.0512707	0.0950573	0.157029	0.224681	0.29458	0.35874	0.414399	0.451047	0.464455	0.451984	0.424521	0.387036	0.346886	0.308871	0.279349	0.25895	0.259452	0.278496	0.315361	0.368547	
-0.33046	-0.33046	-0.392075	-0.501174	-0.64194	-0.802565	-0.985682	-1.18736	-1.39226	-1.57045	-1.68289	-1.69096	-1.57089	-1.33565	-1.02138	-0.665527	-0.312768	0.00139867	0.247339	0.4271	0.537928	0.588423	0.591793	0.558119	0.498255	0.420778	0.343818	0.276187	0.230106	0.215556	0.230667	0.269404	0.320535	0.375034	0.425906	0.463982	0.486026	0.48496	0.459957	0.413286	0.357539	0.303208	0.252894	0.209088	0.178324	0.153377	0.146539	0.15619	0.180507	0.226332	
-0.064584	-0.064584	-0.133083	-0.254773	-0.409183	-0.586699	-0.787391	-1.00789	-1.22833	-1.41981	-1.54725	-1.57089	-1.46866	-1.2534	-0.963493	-0.630312	-0.291837	0.0133272	0.257562	0.443088	0.571582	0.647928	0.682961	0.681362	0.649597	0.591752	0.531427	0.474425	0.437733	0.424903	0.434599	0.459264	0.495566	0.534567	0.570316	0.585137	0.576934	0.539643	0.478728	0.397441	0.316631	0.244043	0.183429	0.133299	0.0968018	0.0648318	0.0490981	0.0447168	0.0559418	0.0919625	
0.244516	0.244516	0.17552	0.0525758	-0.110301	-0.300033	-0.518685	-0.75146	-0.977516	-1.16891	-1.29955	-1.33565	-1.2534	-1.06722	-0.812035	-0.514351	-0.207158	0.0730765	0.299265	0.48082	0.619209	0.713856	0.770223	0.791282	0.78275	0.750594	0.715101	0.680702	0.657154	0.647409	0.648598	0.658413	0.676279	0.699297	0.714722	0.706874	0.670748	0.605981	0.518789	0.414349	0.311079	0.222899	0.147925	0.0862634	0.0413831	0.00156833	-0.021855	-0.0329114	-0.03147	-0.00640425	
0.582238	0.582238	0.519367	0.401294	0.237708	0.0361693	-0.19551	-0.436749	-0.659387	-0.843629	-0.973317	-1.02138	-0.963493	-0.812035	-0.599687	-0.348694	-0.0847321	0.158172	0.357607	0.526703	0.664934	0.766239	0.833187	0.872628	0.893109	0.894924	0.89423	0.885429	0.877289	0.871951	0.868229	0.86397	0.861869	0.857507	0.843342	0.802743	0.738427	0.652874	0.553912	0.441304	0.333283	0.238221	0.154653	0.0803627	0.0211043	-0.030756	-0.0616709	-0.077772	-0.0808944	-0.0625004	
0.891201	0.891201	0.836029	0.728796	0.569369	0.367417	0.132318	-0.103469	-0.3144	-0.484183	-0.609127	-0.665527	-0.630312	-0.514351	-0.348694	-0.149846	0.0659547	0.268046	0.436986	0.58381	0.708521	0.802293	0.87251	0.93288	0.989006	1.03337	1.06994	1.08857	1.09843	1.10151	1.09718	1.08055	1.0533	1.01688	0.963321	0.88593	0.79058	0.686943	0.582702	0.473447	0.369418	0.277524	0.189196	0.104418	0.0323358	-0.0291426	-0.0648356	-0.0831854	-0.0911693	-0.0851066	
1.12182	1.12182	1.07304	0.975424	0.827694	0.636253	0.415918	0.197668	0.00899981	-0.142551	-0.255097	-0.312768	-0.291837	-0.207158	-0.0847321	0.0659547	0.238374	0.404506	0.540094	0.655648	0.752058	0.826543	0.893168	0.969762	1.05838	1.14105	1.2135	1.26443	1.29916	1.32011	1.32069	1.29491	1.24601	1.17686	1.08508	0.967771	0.83857	0.714086	0.602243	0.49431	0.39387	0.303686	0.214938	0.12681	0.0517605	-0.00908644	-0.0444077	-0.0634969	-0.0794457	-0.0853509	
1.24577	1.24577	1.19996	1.1113	0.979779	0.812711	0.620739	0.433801	0.272372	0.146064	0.0504279	0.00139867	0.0133272	0.0730765	0.158172	0.268046	0.404506	0.53557	0.63612	0.714292	0.779348	0.833756	0.893188	0.978935	1.08916	1.20307	1.31268	1.40034	1.46844	1.50943	1.51689	1.48298	1.41343	1.31505	1.18699	1.03416	0.875158	0.730586	0.607427	0.490638	0.381565	0.285649	0.195923	0.114216	0.0489845	-0.000211843	-0.0260337	-0.043882	-0.0637243	-0.0782157	
1.26517	1.26517	1.22144	1.14123	1.02983	0.891876	0.736532	0.584195	0.456219	0.356261	0.284814	0.247339	0.257562	0.299265	0.357607	0.436986	0.540094	0.63612	0.699578	0.744512	0.786268	0.824845	0.8749	0.957577	1.0769	1.21602	1.35995	1.48888	1.59045	1.65516	1.67073	1.63035	1.54075	1.41173	1.24865	1.06326	0.877434	0.713251	0.572304	0.440405	0.31793	0.216903	0.134843	0.067672	0.0200787	-0.0109967	-0.0267352	-0.037223	-0.0568653	-0.0747268	
1.18372	1.18372	1.14529	1.07804	0.988566	0.880798	0.760449	0.646657	0.554125	0.488794	0.444413	0.4271	0.443088	0.48082	0.526703	0.58381	0.655648	0.714292	0.744512	0.766373	0.793588	0.821832	0.856905	0.928188	1.0471	1.20097	1.37187	1.53089	1.66172	1.74656	1.77128	1.72571	1.61795	1.46233	1.26979	1.05738	0.847861	0.662546	0.504016	0.357382	0.226859	0.127099	0.0551102	0.00637446	-0.0217777	-0.0334745	-0.0300125	-0.0292351	-0.0439023	-0.0638037	
1.03236	1.03236	1.00488	0.955276	0.888001	0.802602	0.711398	0.629607	0.574788	0.543004	0.530979	0.537928	0.571582	0.619209	0.664934	0.708521	0.752058	0.779348	0.786268	0.793588	0.813217	0.829225	0.848921	0.903743	1.01298	1.16741	1.34309	1.51393	1.65668	1.75236	1.78197	1.73437	1.61919	1.45065	1.24198	1.01032	0.781513	0.580578	0.410296	0.259098	0.127627	0.0302966	-0.0299594	-0.0633039	-0.0724922	-0.0614282	-0.0414576	-0.0271029	-0.0356547	-0.0573423	
0.836455	0.836455	0.823847	0.796174	0.748401	0.679957	0.607238	0.552217	0.527825	0.529602	0.549656	0.588423	0.647928	0.713856	0.766239	0.802293	0.826543	0.833756	0.824845	0.821832	0.829225	0.833832	0.838621	0.877814	0.97049	1.10884	1.26973	1.42835	1.5614	1.64969	1.67532	1.62983	1.51963	1.35412	1.14175	0.902618	0.667588	0.464979	0.297876	0.150921	0.0231762	-0.0675906	-0.116881	-0.133131	-0.126232	-0.105167	-0.0777014	-0.0603792	-0.0652427	-0.0792419	
0.608134	0.608134	0.611067	0.604435	0.576258	0.520825	0.46349	0.42648	0.427525	0.458644	0.515128	0.591793	0.682961	0.770223	0.833187	0.87251	0.893168	0.893188	0.8749	0.856905	0.848921	0.838621	0.830558	0.851236	0.919683	1.02961	1.15794	1.28246	1.38147	1.44301	1.45661	1.41445	1.31789	1.16442	0.96347	0.735393	0.515871	0.330283	0.176185	0.039005	-0.078782	-0.158596	-0.189743	-0.19051	-0.178164	-0.159169	-0.140118	-0.126791	-0.127178	-0.131848	
0.372356	0.372356	0.385729	0.395454	0.383421	0.341996	0.296275	0.271586	0.289169	0.34684	0.440585	0.558119	0.681362	0.791282	0.872628	0.93288	0.969762	0.978935	0.957577	0.928188	0.903743	0.877814	0.851236	0.845324	0.878381	0.945846	1.02348	1.09107	1.13492	1.1553	1.14852	1.10746	1.02474	0.894431	0.723741	0.53138	0.348673	0.192041	0.0588219	-0.0607471	-0.160348	-0.220415	-0.235007	-0.228656	-0.219329	-0.212565	-0.202159	-0.191814	-0.189771	-0.189583	
0.154239	0.154239	0.171251	0.189106	0.189427	0.161925	0.127036	0.110519	0.1391	0.218867	0.345693	0.498255	0.649597	0.78275	0.893109	0.989006	1.05838	1.08916	1.0769	1.0471	1.01298	0.97049	0.919683	0.878381	0.866606	0.878524	0.890109	0.886313	0.862898	0.83162	0.79272	0.740978	0.670422	0.571314	0.447651	0.307649	0.173911	0.0597984	-0.0371274	-0.12383	-0.194553	-0.237537	-0.247648	-0.245419	-0.246471	-0.247556	-0.239214	-0.227404	-0.223803	-0.223227	
-0.0235538	-0.0235538	-0.00824041	0.00976245	0.017248	0.000451423	-0.023573	-0.0334598	0.0040573	0.0986804	0.24604	0.420778	0.591752	0.750594	0.894924	1.03337	1.14105	1.20307	1.21602	1.20097	1.16741	1.10884	1.02961	0.945846	0.878524	0.822688	0.761018	0.681682	0.590545	0.50152	0.42312	0.358206	0.303032	0.241581	0.167932	0.0780894	-0.00291482	-0.0659372	-0.113221	-0.157291	-0.198197	-0.229177	-0.237843	-0.240701	-0.244549	-0.248243	-0.240681	-0.231319	-0.230607	-0.233746	
-0.15997	-0.15997	-0.148719	-0.133352	-0.125537	-0.133023	-0.147067	-0.144541	-0.0974561	0.00613725	0.160902	0.343818	0.531427	0.715101	0.89423	1.06994	1.2135	1.31268	1.35995	1.37187	1.34309	1.26973	1.15794	1.02348	0.890109	0.761018	0.626634	0.479644	0.323251	0.180419	0.06785	-0.00107381	-0.035514	-0.0617034	-0.0963069	-0.139564	-0.167873	-0.17326	-0.168018	-0.17204	-0.187629	-0.204953	-0.210843	-0.211044	-0.21338	-0.219234	-0.214122	-0.208563	-0.213261	-0.218727	
-0.259442	-0.259442	-0.250389	-0.239728	-0.233409	-0.236903	-0.238529	-0.221618	-0.163634	-0.0573807	0.0926283	0.276187	0.474425	0.680702	0.885429	1.08857	1.26443	1.40034	1.48888	1.53089	1.51393	1.42835	1.28246	1.09107	0.886313	0.681682	0.479644	0.265316	0.0505619	-0.136791	-0.266314	-0.327467	-0.338433	-0.335437	-0.330839	-0.326693	-0.298796	-0.251664	-0.204497	-0.179181	-0.173007	-0.17842	-0.177115	-0.173735	-0.174792	-0.181647	-0.180574	-0.182814	-0.194589	-0.208363	
-0.343095	-0.343095	-0.334487	-0.32486	-0.320262	-0.317351	-0.306218	-0.272543	-0.203336	-0.0963427	0.0492059	0.230106	0.437733	0.657154	0.877289	1.09843	1.29916	1.46844	1.59045	1.66172	1.65668	1.5614	1.38147	1.13492	0.862898	0.590545	0.323251	0.0505619	-0.211028	-0.422001	-0.555181	-0.606061	-0.600906	-0.569761	-0.525918	-0.470833	-0.39272	-0.302438	-0.221183	-0.170113	-0.146437	-0.140458	-0.137915	-0.136377	-0.137972	-0.150399	-0.158312	-0.17148	-0.197213	-0.221519	
-0.41881	-0.41881	-0.408606	-0.396441	-0.387313	-0.373906	-0.349356	-0.301274	-0.223295	-0.110872	0.0339258	0.215556	0.424903	0.647409	0.871951	1.10151	1.32011	1.50943	1.65516	1.74656	1.75236	1.64969	1.44301	1.1553	0.83162	0.50152	0.180419	-0.136791	-0.422001	-0.64175	-0.77504	-0.823271	-0.806311	-0.749041	-0.666865	-0.568389	-0.449976	-0.323437	-0.213841	-0.144508	-0.111159	-0.103697	-0.105777	-0.106572	-0.111359	-0.128232	-0.145828	-0.173933	-0.21203	-0.244911	
-0.474484	-0.474484	-0.461869	-0.443915	-0.422665	-0.395488	-0.358551	-0.304556	-0.219276	-0.0999836	0.0512707	0.230667	0.434599	0.648598	0.868229	1.09718	1.32069	1.51689	1.67073	1.77128	1.78197	1.67532	1.45661	1.14852	0.79272	0.42312	0.06785	-0.266314	-0.555181	-0.77504	-0.911806	-0.961896	-0.937573	-0.86269	-0.755743	-0.627785	-0.477555	-0.322286	-0.193027	-0.115747	-0.0831112	-0.0792933	-0.0859376	-0.0912163	-0.0974036	-0.116997	-0.142479	-0.175867	-0.218892	-0.253388	
-0.508073	-0.508073	-0.492682	-0.464381	-0.426474	-0.381144	-0.335989	-0.279161	-0.190403	-0.0610881	0.0950573	0.269404	0.459264	0.658413	0.86397	1.08055	1.29491	1.48298	1.63035	1.72571	1.73437	1.62983	1.41445	1.10746	0.740978	0.358206	-0.00107381	-0.327467	-0.606061	-0.823271	-0.961896	-1.01418	-0.991961	-0.914262	-0.799463	-0.651494	-0.478699	-0.305297	-0.167989	-0.0917949	-0.0651134	-0.0667936	-0.0815933	-0.0937868	-0.104124	-0.125395	-0.148774	-0.178436	-0.213555	-0.241973	
-0.535273	-0.535273	-0.514357	-0.472744	-0.413403	-0.34937	-0.293057	-0.232431	-0.137061	-0.000648257	0.157029	0.320535	0.495566	0.676279	0.861869	1.0533	1.24601	1.41343	1.54075	1.61795	1.61919	1.51963	1.31789	1.02474	0.670422	0.303032	-0.035514	-0.338433	-0.600906	-0.806311	-0.937573	-0.991961	-0.977228	-0.908032	-0.790517	-0.631324	-0.450054	-0.273362	-0.140333	-0.0715104	-0.0533667	-0.0633357	-0.0874123	-0.108568	-0.127202	-0.147458	-0.16891	-0.190013	-0.217879	-0.239111	
-0.561927	-0.561927	-0.532701	-0.47563	-0.394547	-0.311688	-0.238744	-0.167272	-0.0627657	0.0748562	0.224681	0.375034	0.534567	0.699297	0.857507	1.01688	1.17686	1.31505	1.41173	1.46233	1.45065	1.35412	1.16442	0.894431	0.571314	0.241581	-0.0617034	-0.335437	-0.569761	-0.749041	-0.86269	-0.914262	-0.908032	-0.84442	-0.727801	-0.572114	-0.397741	-0.23458	-0.113963	-0.0558909	-0.0461759	-0.0625062	-0.0927393	-0.128224	-0.156754	-0.183316	-0.205054	-0.226094	-0.251575	-0.270587	
-0.57951	-0.57951	-0.541249	-0.467492	-0.368639	-0.264236	-0.170547	-0.0785496	0.0329727	0.163139	0.29458	0.425906	0.570316	0.714722	0.843342	0.963321	1.08508	1.18699	1.24865	1.26979	1.24198	1.14175	0.96347	0.723741	0.447651	0.167932	-0.0963069	-0.330839	-0.525918	-0.666865	-0.755743	-0.799463	-0.790517	-0.727801	-0.619752	-0.478858	-0.330258	-0.192251	-0.0948036	-0.0509213	-0.0471591	-0.0646715	-0.10162	-0.144817	-0.183712	-0.213939	-0.24218	-0.273392	-0.311065	-0.333018	
-0.565086	-0.565086	-0.518539	-0.43402	-0.318436	-0.197045	-0.077139	0.0322506	0.146676	0.256241	0.35874	0.463982	0.585137	0.706874	0.802743	0.88593	0.967771	1.03416	1.06326	1.05738	1.01032	0.902618	0.735393	0.53138	0.307649	0.0780894	-0.139564	-0.326693	-0.470833	-0.568389	-0.627785	-0.651494	-0.631324	-0.572114	-0.478858	-0.371525	-0.260283	-0.163292	-0.0949858	-0.0625114	-0.0587209	-0.0759121	-0.107642	-0.151773	-0.190394	-0.225053	-0.266329	-0.317061	-0.369354	-0.394752	
-0.52257	-0.52257	-0.472831	-0.379321	-0.252317	-0.110204	0.0303575	0.155802	0.263162	0.347351	0.414399	0.486026	0.576934	0.670748	0.738427	0.79058	0.83857	0.875158	0.877434	0.847861	0.781513	0.667588	0.515871	0.348673	0.173911	-0.00291482	-0.167873	-0.298796	-0.39272	-0.449976	-0.477555	-0.478699	-0.450054	-0.397741	-0.330258	-0.260283	-0.19587	-0.140554	-0.0955956	-0.0712433	-0.067828	-0.0783341	-0.0994523	-0.131657	-0.166679	-0.20879	-0.261934	-0.328511	-0.392099	-0.420832	
-0.46389	-0.46389	-0.41403	-0.316469	-0.177193	-0.0188289	0.137887	0.268113	0.363841	0.420173	0.451047	0.48496	0.539643	0.605981	0.652874	0.686943	0.714086	0.730586	0.713251	0.662546	0.580578	0.464979	0.330283	0.192041	0.0597984	-0.0659372	-0.17326	-0.251664	-0.302438	-0.323437	-0.322286	-0.305297	-0.273362	-0.23458	-0.192251	-0.163292	-0.140554	-0.116008	-0.0890284	-0.0702118	-0.0619781	-0.0587707	-0.0582827	-0.0770748	-0.111819	-0.159916	-0.223394	-0.302455	-0.376609	-0.413312	
-0.39887	-0.39887	-0.350802	-0.249865	-0.101303	0.0687895	0.230375	0.35677	0.436586	0.467063	0.464455	0.459957	0.478728	0.518789	0.553912	0.582702	0.602243	0.607427	0.572304	0.504016	0.410296	0.297876	0.176185	0.0588219	-0.0371274	-0.113221	-0.168018	-0.204497	-0.221183	-0.213841	-0.193027	-0.167989	-0.140333	-0.113963	-0.0948036	-0.0949858	-0.0955956	-0.0890284	-0.0712909	-0.0530932	-0.0324256	-0.00929249	0.0073022	-0.0016538	-0.0321084	-0.085325	-0.157136	-0.249034	-0.337275	-0.384346	
-0.324171	-0.324171	-0.276492	-0.172612	-0.0199216	0.15145	0.306068	0.420104	0.480523	0.48649	0.451984	0.413286	0.397441	0.414349	0.441304	0.473447	0.49431	0.490638	0.440405	0.357382	0.259098	0.150921	0.039005	-0.0607471	-0.12383	-0.157291	-0.17204	-0.179181	-0.170113	-0.144508	-0.115747	-0.0917949	-0.0715104	-0.0558909	-0.0509213	-0.0625114	-0.0712433	-0.0702118	-0.0530932	-0.0241862	0.0146354	0.0516959	0.0811129	0.0860728	0.0609026	-0.00164196	-0.0884652	-0.195616	-0.29215	-0.348562	
-0.241617	-0.241617	-0.191356	-0.0842744	0.0644913	0.226472	0.364664	0.462225	0.502418	0.484472	0.424521	0.357539	0.316631	0.311079	0.333283	0.369418	0.39387	0.381565	0.31793	0.226859	0.127627	0.0231762	-0.078782	-0.160348	-0.194553	-0.198197	-0.187629	-0.173007	-0.146437	-0.111159	-0.0831112	-0.0651134	-0.0533667	-0.0461759	-0.0471591	-0.0587209	-0.067828	-0.0619781	-0.0324256	0.0146354	0.0672761	0.120197	0.168081	0.192462	0.165994	0.0867574	-0.0170673	-0.129946	-0.234728	-0.301988	
-0.143412	-0.143412	-0.0879127	0.0178511	0.155709	0.29507	0.412868	0.488901	0.508599	0.467436	0.387036	0.303208	0.244043	0.222899	0.238221	0.277524	0.303686	0.285649	0.216903	0.127099	0.0302966	-0.0675906	-0.158596	-0.220415	-0.237537	-0.229177	-0.204953	-0.17842	-0.140458	-0.103697	-0.0792933	-0.0667936	-0.0633357	-0.0625062	-0.0646715	-0.0759121	-0.0783341	-0.0587707	-0.00929249	0.0516959	0.120197	0.19586	0.270416	0.305355	0.274894	0.186044	0.0803538	-0.034096	-0.144267	-0.226897	
-0.0353909	-0.0353909	0.0227071	0.125117	0.242232	0.357959	0.449833	0.50647	0.502913	0.442053	0.346886	0.252894	0.183429	0.147925	0.154653	0.189196	0.214938	0.195923	0.134843	0.0551102	-0.0299594	-0.116881	-0.189743	-0.235007	-0.247648	-0.237843	-0.210843	-0.177115	-0.137915	-0.105777	-0.0859376	-0.0815933	-0.0874123	-0.0927393	-0.10162	-0.107642	-0.0994523	-0.0582827	0.0073022	0.0811129	0.168081	0.270416	0.356543	0.397558	0.373805	0.297321	0.200268	0.0934531	-0.0172588	-0.10857	
0.0602811	0.0602811	0.118361	0.209854	0.309772	0.400343	0.474344	0.508815	0.488317	0.410942	0.308871	0.209088	0.133299	0.0862634	0.0803627	0.104418	0.12681	0.114216	0.067672	0.00637446	-0.0633039	-0.133131	-0.19051	-0.228656	-0.245419	-0.240701	-0.211044	-0.173735	-0.136377	-0.106572	-0.0912163	-0.0937868	-0.108568	-0.128224	-0.144817	-0.151773	-0.131657	-0.0770748	-0.0016538	0.0860728	0.192462	0.305355	0.397558	0.451563	0.452964	0.400203	0.32028	0.23417	0.138477	0.0507579	
0.114204	0.114204	0.166596	0.248233	0.335067	0.415415	0.476647	0.498663	0.465494	0.383882	0.279349	0.178324	0.0968018	0.0413831	0.0211043	0.0323358	0.0517605	0.0489845	0.0200787	-0.0217777	-0.0724922	-0.126232	-0.178164	-0.219329	-0.246471	-0.244549	-0.21338	-0.174792	-0.137972	-0.111359	-0.0974036	-0.104124	-0.127202	-0.156754	-0.183712	-0.190394	-0.166679	-0.111819	-0.0321084	0.0609026	0.165994	0.274894	0.373805	0.452964	0.489751	0.472031	0.433157	0.385521	0.315648	0.231262	
0.123507	0.123507	0.168384	0.241534	0.327475	0.408475	0.468044	0.48144	0.444253	0.362703	0.25895	0.153377	0.0648318	0.00156833	-0.030756	-0.0291426	-0.00908644	-0.000211843	-0.0109967	-0.0334745	-0.0614282	-0.105167	-0.159169	-0.212565	-0.247556	-0.248243	-0.219234	-0.181647	-0.150399	-0.128232	-0.116997	-0.125395	-0.147458	-0.183316	-0.213939	-0.225053	-0.20879	-0.159916	-0.085325	-0.00164196	0.0867574	0.186044	0.297321	0.400203	0.472031	0.50775	0.523276	0.520253	0.480755	0.4149	
0.0844832	0.0844832	0.123991	0.197932	0.29457	0.391236	0.458042	0.473513	0.438615	0.362532	0.259452	0.146539	0.0490981	-0.021855	-0.0616709	-0.0648356	-0.0444077	-0.0260337	-0.0267352	-0.0300125	-0.0414576	-0.0777014	-0.140118	-0.202159	-0.239214	-0.240681	-0.214122	-0.180574	-0.158312	-0.145828	-0.142479	-0.148774	-0.16891	-0.205054	-0.24218	-0.266329	-0.261934	-0.223394	-0.157136	-0.0884652	-0.0170673	0.0803538	0.200268	0.32028	0.433157	0.523276	0.589072	0.626353	0.628698	0.600353	
0.0144021	0.0144021	0.0560814	0.140579	0.259408	0.378548	0.461416	0.48544	0.456649	0.385643	0.278496	0.15619	0.0447168	-0.0329114	-0.077772	-0.0831854	-0.0634969	-0.043882	-0.037223	-0.0292351	-0.0271029	-0.0603792	-0.126791	-0.191814	-0.227404	-0.231319	-0.208563	-0.182814	-0.17148	-0.173933	-0.175867	-0.178436	-0.190013	-0.226094	-0.273392	-0.317061	-0.328511	-0.302455	-0.249034	-0.195616	-0.129946	-0.034096	0.0934531	0.23417	0.385521	0.520253	0.626353	0.706311	0.760951	0.773505	
-0.0816873	-0.0816873	-0.0296502	0.0783249	0.223703	0.371974	0.474783	0.515766	0.495573	0.42717	0.315361	0.180507	0.0559418	-0.03147	-0.0808944	-0.0911693	-0.0794457	-0.0637243	-0.0568653	-0.0439023	-0.0356547	-0.0652427	-0.127178	-0.189771	-0.223803	-0.230607	-0.213261	-0.194589	-0.197213	-0.21203	-0.218892	-0.213555	-0.217879	-0.251575	-0.311065	-0.369354	-0.392099	-0.376609	-0.337275	-0.29215	-0.234728	-0.144267	-0.0172588	0.138477	0.315648	0.480755	0.628698	0.760951	0.864016	0.917225	
-0.209075	-0.209075	-0.137905	0.000109297	0.177772	0.355209	0.48567	0.550495	0.545128	0.481888	0.368547	0.226332	0.0919625	-0.00640425	-0.0625004	-0.0851066	-0.0853509	-0.0782157	-0.0747268	-0.0638037	-0.0573423	-0.0792419	-0.131848	-0.189583	-0.223227	-0.233746	-0.218727	-0.208363	-0.221519	-0.244911	-0.253388	-0.241973	-0.239111	-0.270587	-0.333018	-0.394752	-0.420832	-0.413312	-0.384346	-0.348562	-0.301988	-0.226897	-0.10857	0.0507579	0.231262	0.4149	0.600353	0.773505	0.917225	1.01386	
