-0.374839	-0.363921	-0.335118	-0.25765	-0.142214	-0.0311726	0.0494782	0.0936264	0.105279	0.0955459	0.0552748	-0.00943444	-0.100827	-0.218533	-0.355712	-0.479619	-0.584088	-0.666481	-0.709708	-0.705915	-0.665246	-0.59761	-0.510802	-0.427881	-0.367562	-0.321311	-0.29173	-0.28723	-0.300116	-0.31604	-0.317298	-0.321112	-0.308203	-0.260858	-0.176617	-0.0629464	0.0735767	0.231033	0.379367	0.495625	0.571948	0.61166	0.620241	0.608675	0.581299	0.539482	0.494042	0.459342	0.443108	0.443108	
-0.363921	-0.358408	-0.333661	-0.271406	-0.181918	-0.092876	-0.0219703	0.0324895	0.0634489	0.0725724	0.0525324	0.00553189	-0.0695552	-0.182273	-0.318073	-0.447692	-0.562682	-0.659525	-0.719395	-0.72856	-0.698772	-0.635592	-0.540226	-0.446066	-0.362173	-0.2894	-0.235253	-0.211923	-0.210509	-0.20864	-0.20411	-0.203721	-0.198632	-0.163227	-0.0892024	0.0100278	0.128927	0.257423	0.372464	0.463126	0.518725	0.538823	0.532159	0.506618	0.465774	0.408176	0.348524	0.300867	0.275342	0.275342	
-0.335118	-0.333661	-0.304223	-0.249737	-0.184599	-0.120096	-0.0618433	-0.00453061	0.0406902	0.0646392	0.0683396	0.0401808	-0.0248993	-0.13188	-0.267015	-0.404857	-0.536076	-0.647186	-0.720616	-0.747962	-0.732468	-0.67651	-0.588235	-0.489387	-0.385519	-0.284545	-0.202761	-0.153491	-0.129552	-0.112719	-0.0994068	-0.0924622	-0.0839698	-0.0495914	0.0130673	0.100313	0.197922	0.289182	0.370182	0.430287	0.464661	0.464725	0.436867	0.394122	0.334286	0.259175	0.186636	0.132796	0.104209	0.104209	
-0.25765	-0.271406	-0.249737	-0.213624	-0.166784	-0.114576	-0.0585115	0.00221753	0.0538308	0.0874739	0.106998	0.086879	0.0326732	-0.0642721	-0.195818	-0.344857	-0.496854	-0.628292	-0.724342	-0.775211	-0.77926	-0.738222	-0.666892	-0.573471	-0.45738	-0.331237	-0.221477	-0.139785	-0.0843214	-0.0468365	-0.0211478	0.0037175	0.0277692	0.0654375	0.120321	0.18946	0.262931	0.324881	0.375671	0.408467	0.420093	0.396923	0.346376	0.284736	0.20485	0.11416	0.0349657	-0.0227023	-0.0479426	-0.0479426	
-0.142214	-0.181918	-0.184599	-0.166784	-0.127683	-0.0796879	-0.024321	0.0353313	0.085088	0.126588	0.156636	0.14477	0.0985482	0.0111294	-0.121028	-0.280427	-0.450464	-0.60091	-0.723416	-0.803023	-0.83319	-0.81872	-0.77453	-0.693724	-0.575319	-0.435097	-0.298461	-0.180284	-0.0821765	-0.0130152	0.0386781	0.0890301	0.134558	0.181295	0.228055	0.275393	0.323402	0.362418	0.389623	0.400443	0.384008	0.33654	0.266576	0.181654	0.0886807	-0.0104556	-0.0938953	-0.149356	-0.1769	-0.1769	
-0.0311726	-0.092876	-0.120096	-0.114576	-0.0796879	-0.0323861	0.0247495	0.0793758	0.129083	0.1805	0.21678	0.2113	0.173139	0.0913181	-0.0395025	-0.2001	-0.381354	-0.55465	-0.708536	-0.824121	-0.891917	-0.911347	-0.890718	-0.822969	-0.706863	-0.560216	-0.405182	-0.250647	-0.109758	-0.00181038	0.0835312	0.15765	0.223517	0.280722	0.320394	0.349005	0.369743	0.388742	0.40025	0.387857	0.348091	0.280828	0.195064	0.095981	-0.00739381	-0.104629	-0.182228	-0.239655	-0.270308	-0.270308	
0.0494782	-0.0219703	-0.0618433	-0.0585115	-0.024321	0.0247495	0.0787799	0.134506	0.187456	0.242475	0.281332	0.281224	0.247699	0.172666	0.0520206	-0.10198	-0.286301	-0.478438	-0.661381	-0.818324	-0.929763	-0.990558	-0.99548	-0.940092	-0.832099	-0.682604	-0.510204	-0.3291	-0.151198	-0.00677411	0.105909	0.201218	0.279775	0.346676	0.385715	0.402109	0.403043	0.403434	0.399471	0.365841	0.307395	0.230241	0.139143	0.0313198	-0.0790714	-0.171273	-0.241626	-0.299798	-0.335351	-0.335351	
0.0936264	0.0324895	-0.00453061	0.00221753	0.0353313	0.0793758	0.134506	0.191982	0.245424	0.294678	0.333857	0.342114	0.321227	0.25755	0.1535	0.0116802	-0.170176	-0.365458	-0.564427	-0.748948	-0.903242	-1.00618	-1.04669	-1.02201	-0.931106	-0.786172	-0.606021	-0.40404	-0.20033	-0.0279505	0.108713	0.21804	0.304647	0.373771	0.415283	0.428897	0.421342	0.407626	0.383904	0.331749	0.257695	0.180042	0.092198	-0.0203587	-0.134562	-0.225312	-0.290633	-0.347408	-0.38417	-0.38417	
0.105279	0.0634489	0.0406902	0.0538308	0.085088	0.129083	0.187456	0.245424	0.289807	0.329748	0.371474	0.39739	0.395936	0.355747	0.275231	0.148305	-0.0202155	-0.206496	-0.407665	-0.610641	-0.794834	-0.935892	-1.01689	-1.03119	-0.96476	-0.838094	-0.665133	-0.459575	-0.248427	-0.0595491	0.0923273	0.215637	0.304533	0.369133	0.407938	0.421949	0.410704	0.381153	0.336119	0.263191	0.180707	0.107889	0.0295256	-0.0762373	-0.185385	-0.270999	-0.333548	-0.386991	-0.420127	-0.420127	
0.0955459	0.0725724	0.0646392	0.0874739	0.126588	0.1805	0.242475	0.294678	0.329748	0.360973	0.408157	0.454219	0.479176	0.470788	0.418741	0.311626	0.164321	-0.00608866	-0.206051	-0.421546	-0.624905	-0.793241	-0.912271	-0.958139	-0.920833	-0.82095	-0.668224	-0.475303	-0.271703	-0.0836454	0.0744413	0.201794	0.286702	0.337132	0.366758	0.377287	0.361292	0.31819	0.253345	0.162461	0.0723076	-0.000255556	-0.0734987	-0.163041	-0.253117	-0.32092	-0.374781	-0.422133	-0.447393	-0.447393	
0.0552748	0.0525324	0.0683396	0.106998	0.156636	0.21678	0.281332	0.333857	0.371474	0.408157	0.461506	0.519521	0.566684	0.585506	0.559854	0.483393	0.368731	0.217933	0.021931	-0.200209	-0.416976	-0.60348	-0.745544	-0.814341	-0.803077	-0.731368	-0.606605	-0.436774	-0.254014	-0.0802609	0.0728339	0.192098	0.263982	0.293302	0.303816	0.296108	0.266098	0.210635	0.13181	0.03592	-0.060214	-0.137101	-0.208086	-0.283155	-0.343643	-0.386883	-0.428221	-0.465195	-0.484903	-0.484903	
-0.00943444	0.00553189	0.0401808	0.086879	0.14477	0.2113	0.281224	0.342114	0.39739	0.454219	0.519521	0.597591	0.659203	0.696153	0.692522	0.645109	0.557573	0.424557	0.242802	0.0246826	-0.19264	-0.381139	-0.530718	-0.611651	-0.618866	-0.56933	-0.468874	-0.331647	-0.180367	-0.0362956	0.0908276	0.182573	0.228723	0.234327	0.220088	0.187988	0.136933	0.0716825	-0.0106139	-0.103143	-0.199044	-0.281404	-0.353974	-0.41782	-0.457452	-0.480912	-0.505119	-0.531233	-0.542989	-0.542989	
-0.100827	-0.0695552	-0.0248993	0.0326732	0.0985482	0.173139	0.247699	0.321227	0.395936	0.479176	0.566684	0.659203	0.734045	0.788449	0.812339	0.792652	0.72719	0.616394	0.458714	0.254003	0.048608	-0.129411	-0.276826	-0.365249	-0.387813	-0.356122	-0.286208	-0.188424	-0.0801727	0.0228785	0.10911	0.159331	0.177249	0.16133	0.125532	0.0703828	-0.00189021	-0.0798746	-0.160905	-0.247088	-0.337725	-0.419718	-0.489763	-0.545855	-0.579029	-0.591167	-0.601762	-0.607505	-0.610239	-0.610239	
-0.218533	-0.182273	-0.13188	-0.0642721	0.0111294	0.0913181	0.172666	0.25755	0.355747	0.470788	0.585506	0.696153	0.788449	0.867638	0.914932	0.916153	0.873706	0.79066	0.660824	0.479572	0.294962	0.130516	-0.0116106	-0.106144	-0.137759	-0.118158	-0.0733174	-0.0152068	0.0514143	0.100049	0.125786	0.12352	0.0993737	0.0580753	0.00465335	-0.0635274	-0.14663	-0.227943	-0.304852	-0.379312	-0.460953	-0.538077	-0.600507	-0.649665	-0.682531	-0.694864	-0.691382	-0.68088	-0.669741	-0.669741	
-0.355712	-0.318073	-0.267015	-0.195818	-0.121028	-0.0395025	0.0520206	0.1535	0.275231	0.418741	0.559854	0.692522	0.812339	0.914932	0.985915	1.01484	1.00325	0.947906	0.842323	0.68694	0.525138	0.374265	0.237802	0.143063	0.107803	0.113235	0.134522	0.162393	0.183929	0.177525	0.143247	0.0876814	0.0195433	-0.0554875	-0.132504	-0.210848	-0.29504	-0.37265	-0.433532	-0.48704	-0.551376	-0.615361	-0.665682	-0.705646	-0.736566	-0.756	-0.757375	-0.743015	-0.729917	-0.729917	
-0.479619	-0.447692	-0.404857	-0.344857	-0.280427	-0.2001	-0.10198	0.0116802	0.148305	0.311626	0.483393	0.645109	0.792652	0.916153	1.01484	1.08191	1.10569	1.0782	0.995908	0.869642	0.72563	0.579855	0.450149	0.357148	0.315038	0.304481	0.307597	0.308141	0.285688	0.229593	0.145031	0.0503038	-0.0564433	-0.164175	-0.263934	-0.349108	-0.425114	-0.487761	-0.523524	-0.552552	-0.592987	-0.643134	-0.683238	-0.70918	-0.734285	-0.759148	-0.775499	-0.776692	-0.770545	-0.770545	
-0.584088	-0.562682	-0.536076	-0.496854	-0.450464	-0.381354	-0.286301	-0.170176	-0.0202155	0.164321	0.368731	0.557573	0.72719	0.873706	1.00325	1.10569	1.16064	1.16033	1.10278	1.00232	0.869391	0.729265	0.609588	0.520221	0.467651	0.445335	0.435286	0.407957	0.345939	0.247889	0.125472	-0.00137903	-0.138034	-0.270976	-0.384669	-0.468436	-0.527613	-0.563896	-0.572405	-0.57252	-0.584608	-0.614133	-0.641163	-0.654766	-0.670305	-0.697903	-0.727091	-0.748227	-0.752279	-0.752279	
-0.666481	-0.659525	-0.647186	-0.628292	-0.60091	-0.55465	-0.478438	-0.365458	-0.206496	-0.00608866	0.217933	0.424557	0.616394	0.79066	0.947906	1.0782	1.16033	1.18645	1.15213	1.06878	0.947258	0.821975	0.711139	0.61821	0.553803	0.516075	0.487041	0.433739	0.341466	0.218558	0.074365	-0.0752048	-0.230057	-0.368195	-0.4805	-0.552295	-0.586373	-0.598009	-0.58032	-0.548354	-0.523367	-0.515087	-0.517229	-0.524741	-0.538875	-0.574024	-0.617127	-0.650101	-0.666294	-0.666294	
-0.709708	-0.719395	-0.720616	-0.724342	-0.723416	-0.708536	-0.661381	-0.564427	-0.407665	-0.206051	0.021931	0.242802	0.458714	0.660824	0.842323	0.995908	1.10278	1.15213	1.1314	1.06519	0.964248	0.853708	0.746067	0.647126	0.567481	0.509975	0.459203	0.383573	0.276864	0.146965	-0.0093608	-0.172544	-0.328196	-0.455812	-0.541139	-0.579492	-0.583337	-0.564726	-0.52452	-0.468662	-0.405803	-0.360061	-0.339217	-0.340937	-0.366224	-0.409	-0.450507	-0.487602	-0.502927	-0.502927	
-0.705915	-0.72856	-0.747962	-0.775211	-0.803023	-0.824121	-0.818324	-0.748948	-0.610641	-0.421546	-0.200209	0.0246826	0.254003	0.479572	0.68694	0.869642	1.00232	1.06878	1.06519	1.01632	0.930421	0.822994	0.710191	0.606084	0.512046	0.432975	0.358659	0.266238	0.156472	0.0269885	-0.121312	-0.27492	-0.414956	-0.509378	-0.554645	-0.552965	-0.519499	-0.473699	-0.411213	-0.332339	-0.245525	-0.17287	-0.131484	-0.13048	-0.160291	-0.206307	-0.248957	-0.279565	-0.296773	-0.296773	
-0.665246	-0.698772	-0.732468	-0.77926	-0.83319	-0.891917	-0.929763	-0.903242	-0.794834	-0.624905	-0.416976	-0.19264	0.048608	0.294962	0.525138	0.72563	0.869391	0.947258	0.964248	0.930421	0.848251	0.735792	0.617796	0.509002	0.404417	0.309413	0.220335	0.119349	0.00746082	-0.112537	-0.237761	-0.364819	-0.47269	-0.53195	-0.539382	-0.49913	-0.43183	-0.351246	-0.261201	-0.162536	-0.0661391	0.0110014	0.058741	0.0712038	0.0547622	0.0174985	-0.0170701	-0.0453015	-0.0599608	-0.0599608	
-0.59761	-0.635592	-0.67651	-0.738222	-0.81872	-0.911347	-0.990558	-1.00618	-0.935892	-0.793241	-0.60348	-0.381139	-0.129411	0.130516	0.374265	0.579855	0.729265	0.821975	0.853708	0.822994	0.735792	0.614558	0.490031	0.374301	0.265021	0.16651	0.0750477	-0.0299349	-0.141611	-0.24506	-0.34155	-0.427467	-0.493264	-0.515279	-0.49088	-0.422521	-0.324645	-0.213891	-0.0982179	0.0109375	0.103715	0.166662	0.208189	0.236043	0.242653	0.225896	0.198901	0.174178	0.161515	0.161515	
-0.510802	-0.540226	-0.588235	-0.666892	-0.77453	-0.890718	-0.99548	-1.04669	-1.01689	-0.912271	-0.745544	-0.530718	-0.276826	-0.0116106	0.237802	0.450149	0.609588	0.711139	0.746067	0.710191	0.617796	0.490031	0.354365	0.226918	0.114283	0.0198439	-0.0689144	-0.165972	-0.260144	-0.340212	-0.401506	-0.443902	-0.465106	-0.451169	-0.404655	-0.318588	-0.200699	-0.0741732	0.0504452	0.160088	0.240663	0.285435	0.314878	0.345553	0.366742	0.364479	0.344236	0.327212	0.317594	0.317594	
-0.427881	-0.446066	-0.489387	-0.573471	-0.693724	-0.822969	-0.940092	-1.02201	-1.03119	-0.958139	-0.814341	-0.611651	-0.365249	-0.106144	0.143063	0.357148	0.520221	0.61821	0.647126	0.606084	0.509002	0.374301	0.226918	0.0872761	-0.0262632	-0.116985	-0.193693	-0.263762	-0.326081	-0.373588	-0.405148	-0.411482	-0.395529	-0.357399	-0.29702	-0.202715	-0.0830443	0.0390668	0.152219	0.249292	0.318373	0.352403	0.371063	0.393054	0.410421	0.412099	0.405275	0.399686	0.399103	0.399103	
-0.367562	-0.362173	-0.385519	-0.45738	-0.575319	-0.706863	-0.832099	-0.931106	-0.96476	-0.920833	-0.803077	-0.618866	-0.387813	-0.137759	0.107803	0.315038	0.467651	0.553803	0.567481	0.512046	0.404417	0.265021	0.114283	-0.0262632	-0.138782	-0.223921	-0.281378	-0.318512	-0.345729	-0.360485	-0.36221	-0.337638	-0.294031	-0.241423	-0.175024	-0.0877091	0.0135331	0.107514	0.192681	0.268024	0.324118	0.354062	0.366553	0.375014	0.37862	0.381294	0.386242	0.395905	0.402427	0.402427	
-0.321311	-0.2894	-0.284545	-0.331237	-0.435097	-0.560216	-0.682604	-0.786172	-0.838094	-0.82095	-0.731368	-0.56933	-0.356122	-0.118158	0.113235	0.304481	0.445335	0.516075	0.509975	0.432975	0.309413	0.16651	0.0198439	-0.116985	-0.223921	-0.293594	-0.327959	-0.333581	-0.327263	-0.309467	-0.278026	-0.227667	-0.165765	-0.106769	-0.0423988	0.0263759	0.0930904	0.148107	0.196413	0.242735	0.276426	0.292193	0.29388	0.288594	0.282051	0.285816	0.296765	0.313928	0.323268	0.323268	
-0.29173	-0.235253	-0.202761	-0.221477	-0.298461	-0.405182	-0.510204	-0.606021	-0.665133	-0.668224	-0.606605	-0.468874	-0.286208	-0.0733174	0.134522	0.307597	0.435286	0.487041	0.459203	0.358659	0.220335	0.0750477	-0.0689144	-0.193693	-0.281378	-0.327959	-0.335221	-0.312265	-0.271399	-0.21808	-0.154506	-0.0853486	-0.0148814	0.0419467	0.0934985	0.135576	0.160577	0.173589	0.182512	0.195591	0.197273	0.188062	0.172138	0.157425	0.150052	0.151397	0.15893	0.168817	0.177025	0.177025	
-0.28723	-0.211923	-0.153491	-0.139785	-0.180284	-0.250647	-0.3291	-0.40404	-0.459575	-0.475303	-0.436774	-0.331647	-0.188424	-0.0152068	0.162393	0.308141	0.407957	0.433739	0.383573	0.266238	0.119349	-0.0299349	-0.165972	-0.263762	-0.318512	-0.333581	-0.312265	-0.255093	-0.17903	-0.0915308	-0.00451916	0.0735877	0.145796	0.192174	0.227501	0.241804	0.230563	0.202527	0.170131	0.143518	0.108334	0.0702453	0.0369551	0.0164565	0.00964546	0.00873583	0.00297749	0.0057052	0.00968844	0.00968844	
-0.300116	-0.210509	-0.129552	-0.0843214	-0.0821765	-0.109758	-0.151198	-0.20033	-0.248427	-0.271703	-0.254014	-0.180367	-0.0801727	0.0514143	0.183929	0.285688	0.345939	0.341466	0.276864	0.156472	0.00746082	-0.141611	-0.260144	-0.326081	-0.345729	-0.327263	-0.271399	-0.17903	-0.0657368	0.0447126	0.145495	0.229749	0.297631	0.337237	0.359148	0.355127	0.318304	0.257523	0.182215	0.108921	0.0358142	-0.0281688	-0.0756586	-0.103622	-0.116557	-0.122045	-0.131584	-0.132478	-0.126634	-0.126634	
-0.31604	-0.20864	-0.112719	-0.0468365	-0.0130152	-0.00181038	-0.00677411	-0.0279505	-0.0595491	-0.0836454	-0.0802609	-0.0362956	0.0228785	0.100049	0.177525	0.229593	0.247889	0.218558	0.146965	0.0269885	-0.112537	-0.24506	-0.340212	-0.373588	-0.360485	-0.309467	-0.21808	-0.0915308	0.0447126	0.170164	0.28131	0.368698	0.438869	0.478446	0.49175	0.476366	0.424955	0.342665	0.234902	0.121208	0.0148026	-0.0652795	-0.125212	-0.171575	-0.200952	-0.217549	-0.2285	-0.229131	-0.225441	-0.225441	
-0.317298	-0.20411	-0.0994068	-0.0211478	0.0386781	0.0835312	0.105909	0.108713	0.0923273	0.0744413	0.0728339	0.0908276	0.10911	0.125786	0.143247	0.145031	0.125472	0.074365	-0.0093608	-0.121312	-0.237761	-0.34155	-0.401506	-0.405148	-0.36221	-0.278026	-0.154506	-0.00451916	0.145495	0.28131	0.395211	0.49086	0.566266	0.611897	0.624622	0.600877	0.546532	0.461093	0.341883	0.20433	0.0786835	-0.0186029	-0.0976208	-0.169686	-0.227229	-0.258869	-0.277419	-0.286205	-0.290664	-0.290664	
-0.321112	-0.203721	-0.0924622	0.0037175	0.0890301	0.15765	0.201218	0.21804	0.215637	0.201794	0.192098	0.182573	0.159331	0.12352	0.0876814	0.0503038	-0.00137903	-0.0752048	-0.172544	-0.27492	-0.364819	-0.427467	-0.443902	-0.411482	-0.337638	-0.227667	-0.0853486	0.0735877	0.229749	0.368698	0.49086	0.597311	0.684976	0.744165	0.757446	0.731885	0.680487	0.602363	0.489782	0.349978	0.215108	0.0999669	-0.00495059	-0.102519	-0.182792	-0.234209	-0.267289	-0.293417	-0.309669	-0.309669	
-0.308203	-0.198632	-0.0839698	0.0277692	0.134558	0.223517	0.279775	0.304647	0.304533	0.286702	0.263982	0.228723	0.177249	0.0993737	0.0195433	-0.0564433	-0.138034	-0.230057	-0.328196	-0.414956	-0.47269	-0.493264	-0.465106	-0.395529	-0.294031	-0.165765	-0.0148814	0.145796	0.297631	0.438869	0.566266	0.684976	0.787241	0.86143	0.88568	0.870084	0.832482	0.769569	0.673358	0.545015	0.40784	0.272837	0.142075	0.021481	-0.0770855	-0.152913	-0.210354	-0.255427	-0.284397	-0.284397	
-0.260858	-0.163227	-0.0495914	0.0654375	0.181295	0.280722	0.346676	0.373771	0.369133	0.337132	0.293302	0.234327	0.16133	0.0580753	-0.0554875	-0.164175	-0.270976	-0.368195	-0.455812	-0.509378	-0.53195	-0.515279	-0.451169	-0.357399	-0.241423	-0.106769	0.0419467	0.192174	0.337237	0.478446	0.611897	0.744165	0.86143	0.952901	0.998896	1.00544	0.990793	0.949996	0.874339	0.762841	0.633882	0.488665	0.338497	0.199867	0.0745591	-0.0326815	-0.118141	-0.186108	-0.224631	-0.224631	
-0.176617	-0.0892024	0.0130673	0.120321	0.228055	0.320394	0.385715	0.415283	0.407938	0.366758	0.303816	0.220088	0.125532	0.00465335	-0.132504	-0.263934	-0.384669	-0.4805	-0.541139	-0.554645	-0.539382	-0.49088	-0.404655	-0.29702	-0.175024	-0.0423988	0.0934985	0.227501	0.359148	0.49175	0.624622	0.757446	0.88568	0.998896	1.07487	1.11885	1.14135	1.13064	1.07809	0.987158	0.870967	0.728941	0.568411	0.404766	0.247858	0.105324	-0.00909649	-0.0944908	-0.146139	-0.146139	
-0.0629464	0.0100278	0.100313	0.18946	0.275393	0.349005	0.402109	0.428897	0.421949	0.377287	0.296108	0.187988	0.0703828	-0.0635274	-0.210848	-0.349108	-0.468436	-0.552295	-0.579492	-0.552965	-0.49913	-0.422521	-0.318588	-0.202715	-0.0877091	0.0263759	0.135576	0.241804	0.355127	0.476366	0.600877	0.731885	0.870084	1.00544	1.11885	1.20783	1.27205	1.29617	1.26539	1.19314	1.09361	0.957952	0.788762	0.602089	0.414591	0.243872	0.110446	0.00850987	-0.0518377	-0.0518377	
0.0735767	0.128927	0.197922	0.262931	0.323402	0.369743	0.403043	0.421342	0.410704	0.361292	0.266098	0.136933	-0.00189021	-0.14663	-0.29504	-0.425114	-0.527613	-0.586373	-0.583337	-0.519499	-0.43183	-0.324645	-0.200699	-0.0830443	0.0135331	0.0930904	0.160577	0.230563	0.318304	0.424955	0.546532	0.680487	0.832482	0.990793	1.14135	1.27205	1.37488	1.42737	1.41768	1.36357	1.27506	1.14104	0.96338	0.763898	0.561004	0.376785	0.229557	0.121836	0.0581722	0.0581722	
0.231033	0.257423	0.289182	0.324881	0.362418	0.388742	0.403434	0.407626	0.381153	0.31819	0.210635	0.0716825	-0.0798746	-0.227943	-0.37265	-0.487761	-0.563896	-0.598009	-0.564726	-0.473699	-0.351246	-0.213891	-0.0741732	0.0390668	0.107514	0.148107	0.173589	0.202527	0.257523	0.342665	0.461093	0.602363	0.769569	0.949996	1.13064	1.29617	1.42737	1.50699	1.52148	1.48684	1.40355	1.26473	1.08394	0.886421	0.688037	0.500259	0.347323	0.242212	0.185467	0.185467	
0.379367	0.372464	0.370182	0.375671	0.389623	0.40025	0.399471	0.383904	0.336119	0.253345	0.13181	-0.0106139	-0.160905	-0.304852	-0.433532	-0.523524	-0.572405	-0.58032	-0.52452	-0.411213	-0.261201	-0.0982179	0.0504452	0.152219	0.192681	0.196413	0.182512	0.170131	0.182215	0.234902	0.341883	0.489782	0.673358	0.874339	1.07809	1.26539	1.41768	1.52148	1.56352	1.54801	1.4707	1.33235	1.15779	0.976717	0.793333	0.613864	0.464819	0.368964	0.325396	0.325396	
0.495625	0.463126	0.430287	0.408467	0.400443	0.387857	0.365841	0.331749	0.263191	0.162461	0.03592	-0.103143	-0.247088	-0.379312	-0.48704	-0.552552	-0.57252	-0.548354	-0.468662	-0.332339	-0.162536	0.0109375	0.160088	0.249292	0.268024	0.242735	0.195591	0.143518	0.108921	0.121208	0.20433	0.349978	0.545015	0.762841	0.987158	1.19314	1.36357	1.48684	1.54801	1.54696	1.47898	1.35161	1.19215	1.02835	0.866603	0.70852	0.575277	0.49488	0.461331	0.461331	
0.571948	0.518725	0.464661	0.420093	0.384008	0.348091	0.307395	0.257695	0.180707	0.0723076	-0.060214	-0.199044	-0.337725	-0.460953	-0.551376	-0.592987	-0.584608	-0.523367	-0.405803	-0.245525	-0.0661391	0.103715	0.240663	0.318373	0.324118	0.276426	0.197273	0.108334	0.0358142	0.0148026	0.0786835	0.215108	0.40784	0.633882	0.870967	1.09361	1.27506	1.40355	1.4707	1.47898	1.42979	1.32776	1.19158	1.04937	0.91508	0.789557	0.684372	0.617512	0.591088	0.591088	
0.61166	0.538823	0.464725	0.396923	0.33654	0.280828	0.230241	0.180042	0.107889	-0.000255556	-0.137101	-0.281404	-0.419718	-0.538077	-0.615361	-0.643134	-0.614133	-0.515087	-0.360061	-0.17287	0.0110014	0.166662	0.285435	0.352403	0.354062	0.292193	0.188062	0.0702453	-0.0281688	-0.0652795	-0.0186029	0.0999669	0.272837	0.488665	0.728941	0.957952	1.14104	1.26473	1.33235	1.35161	1.32776	1.26079	1.16156	1.05476	0.95938	0.874002	0.799562	0.749461	0.7297	0.7297	
0.620241	0.532159	0.436867	0.346376	0.266576	0.195064	0.139143	0.092198	0.0295256	-0.0734987	-0.208086	-0.353974	-0.489763	-0.600507	-0.665682	-0.683238	-0.641163	-0.517229	-0.339217	-0.131484	0.058741	0.208189	0.314878	0.371063	0.366553	0.29388	0.172138	0.0369551	-0.0756586	-0.125212	-0.0976208	-0.00495059	0.142075	0.338497	0.568411	0.788762	0.96338	1.08394	1.15779	1.19215	1.19158	1.16156	1.11123	1.05626	1.00855	0.961126	0.915391	0.88398	0.875034	0.875034	
0.608675	0.506618	0.394122	0.284736	0.181654	0.095981	0.0313198	-0.0203587	-0.0762373	-0.163041	-0.283155	-0.41782	-0.545855	-0.649665	-0.705646	-0.70918	-0.654766	-0.524741	-0.340937	-0.13048	0.0712038	0.236043	0.345553	0.393054	0.375014	0.288594	0.157425	0.0164565	-0.103622	-0.171575	-0.169686	-0.102519	0.021481	0.199867	0.404766	0.602089	0.763898	0.886421	0.976717	1.02835	1.04937	1.05476	1.05626	1.05666	1.05368	1.03907	1.01813	1.00451	1.00589	1.00589	
0.581299	0.465774	0.334286	0.20485	0.0886807	-0.00739381	-0.0790714	-0.134562	-0.185385	-0.253117	-0.343643	-0.457452	-0.579029	-0.682531	-0.736566	-0.734285	-0.670305	-0.538875	-0.366224	-0.160291	0.0547622	0.242653	0.366742	0.410421	0.37862	0.282051	0.150052	0.00964546	-0.116557	-0.200952	-0.227229	-0.182792	-0.0770855	0.0745591	0.247858	0.414591	0.561004	0.688037	0.793333	0.866603	0.91508	0.95938	1.00855	1.05368	1.08844	1.10641	1.11264	1.11432	1.11961	1.11961	
0.539482	0.408176	0.259175	0.11416	-0.0104556	-0.104629	-0.171273	-0.225312	-0.270999	-0.32092	-0.386883	-0.480912	-0.591167	-0.694864	-0.756	-0.759148	-0.697903	-0.574024	-0.409	-0.206307	0.0174985	0.225896	0.364479	0.412099	0.381294	0.285816	0.151397	0.00873583	-0.122045	-0.217549	-0.258869	-0.234209	-0.152913	-0.0326815	0.105324	0.243872	0.376785	0.500259	0.613864	0.70852	0.789557	0.874002	0.961126	1.03907	1.10641	1.16508	1.20811	1.22989	1.23743	1.23743	
0.494042	0.348524	0.186636	0.0349657	-0.0938953	-0.182228	-0.241626	-0.290633	-0.333548	-0.374781	-0.428221	-0.505119	-0.601762	-0.691382	-0.757375	-0.775499	-0.727091	-0.617127	-0.450507	-0.248957	-0.0170701	0.198901	0.344236	0.405275	0.386242	0.296765	0.15893	0.00297749	-0.131584	-0.2285	-0.277419	-0.267289	-0.210354	-0.118141	-0.00909649	0.110446	0.229557	0.347323	0.464819	0.575277	0.684372	0.799562	0.915391	1.01813	1.11264	1.20811	1.28981	1.33629	1.35133	1.35133	
0.459342	0.300867	0.132796	-0.0227023	-0.149356	-0.239655	-0.299798	-0.347408	-0.386991	-0.422133	-0.465195	-0.531233	-0.607505	-0.68088	-0.743015	-0.776692	-0.748227	-0.650101	-0.487602	-0.279565	-0.0453015	0.174178	0.327212	0.399686	0.395905	0.313928	0.168817	0.0057052	-0.132478	-0.229131	-0.286205	-0.293417	-0.255427	-0.186108	-0.0944908	0.00850987	0.121836	0.242212	0.368964	0.49488	0.617512	0.749461	0.88398	1.00451	1.11432	1.22989	1.33629	1.4077	1.4352	1.4352	
0.443108	0.275342	0.104209	-0.0479426	-0.1769	-0.270308	-0.335351	-0.38417	-0.420127	-0.447393	-0.484903	-0.542989	-0.610239	-0.669741	-0.729917	-0.770545	-0.752279	-0.666294	-0.502927	-0.296773	-0.0599608	0.161515	0.317594	0.399103	0.402427	0.323268	0.177025	0.00968844	-0.126634	-0.225441	-0.290664	-0.309669	-0.284397	-0.224631	-0.146139	-0.0518377	0.0581722	0.185467	0.325396	0.461331	0.591088	0.7297	0.875034	1.00589	1.11961	1.23743	1.35133	1.4352	1.47214	1.47214	
0.443108	0.275342	0.104209	-0.0479426	-0.1769	-0.270308	-0.335351	-0.38417	-0.420127	-0.447393	-0.484903	-0.542989	-0.610239	-0.669741	-0.729917	-0.770545	-0.752279	-0.666294	-0.502927	-0.296773	-0.0599608	0.161515	0.317594	0.399103	0.402427	0.323268	0.177025	0.00968844	-0.126634	-0.225441	-0.290664	-0.309669	-0.284397	-0.224631	-0.146139	-0.0518377	0.0581722	0.185467	0.325396	0.461331	0.591088	0.7297	0.875034	1.00589	1.11961	1.23743	1.35133	1.4352	1.47214	1.47214	
