-0.896357	0.392614	0.703255	-0.427376	-0.327655	-0.327655	
0.392614	-0.107522	0.0344036	0.351712	-0.273122	-0.273122	
0.703255	0.0344036	0.347724	0.114255	-0.456188	-0.456188	
-0.427376	0.351712	0.114255	-0.149739	-0.857702	-0.857702	
-0.327655	-0.273122	-0.456188	-0.857702	0.981994	0.981994	
-0.327655	-0.273122	-0.456188	-0.857702	0.981994	0.981994	
