0.185115	0.185115	-0.124592	0.41934	-0.0807227	0.142796	
0.185115	0.185115	-0.124592	0.41934	-0.0807227	0.142796	
-0.124592	-0.124592	-0.835997	0.71289	-0.117531	0.0741739	
0.41934	0.41934	0.71289	0.490633	-0.506001	0.768745	
-0.0807227	-0.0807227	-0.117531	-0.506001	0.92301	0.455394	
0.142796	0.142796	0.0741739	0.768745	0.455394	-0.248148	
