-0.732155	-0.726023	-0.685221	-0.605632	-0.490385	-0.342117	-0.16242	0.0310957	0.230831	0.426247	0.596151	0.745825	0.875073	0.983622	1.06749	1.11364	1.11073	1.06361	0.983296	0.877106	0.75699	0.639546	0.527912	0.425673	0.327587	0.238653	0.178242	0.125574	0.0789504	0.0419468	0.00482031	-0.0337073	-0.0896908	-0.161376	-0.235733	-0.307039	-0.378066	-0.446327	-0.495817	-0.529373	-0.554911	-0.571345	-0.594675	-0.631779	-0.656061	-0.665062	-0.675901	-0.685858	-0.693044	-0.693044	
-0.726023	-0.737619	-0.714773	-0.650089	-0.546709	-0.411049	-0.24299	-0.0413466	0.186125	0.408098	0.592941	0.741011	0.861316	0.962094	1.03516	1.07284	1.06026	1.00747	0.932747	0.838803	0.729628	0.611023	0.498151	0.394101	0.290804	0.202793	0.138044	0.0830497	0.0341934	-0.0166353	-0.0707414	-0.132003	-0.199419	-0.262029	-0.3268	-0.389222	-0.442748	-0.481329	-0.49951	-0.510358	-0.514897	-0.511156	-0.522407	-0.549422	-0.56239	-0.569067	-0.574152	-0.563605	-0.555449	-0.555449	
-0.685221	-0.714773	-0.702082	-0.652585	-0.565974	-0.444736	-0.277277	-0.0681447	0.168136	0.393149	0.578819	0.721271	0.831015	0.913272	0.958606	0.968632	0.938419	0.88944	0.827504	0.751456	0.656462	0.542738	0.428574	0.324557	0.23909	0.170182	0.111096	0.0507502	-0.0135016	-0.075123	-0.135925	-0.20239	-0.271293	-0.339558	-0.400606	-0.446823	-0.481333	-0.495698	-0.494202	-0.491403	-0.481907	-0.463384	-0.454445	-0.458077	-0.451742	-0.448786	-0.451107	-0.432925	-0.414235	-0.414235	
-0.605632	-0.650089	-0.652585	-0.62136	-0.549408	-0.428649	-0.259579	-0.0534254	0.173524	0.387125	0.56698	0.696513	0.780334	0.819808	0.827666	0.806643	0.757209	0.704852	0.649061	0.586672	0.510778	0.41931	0.317896	0.231891	0.172964	0.129213	0.0931632	0.0411245	-0.0311444	-0.103963	-0.167426	-0.227987	-0.295015	-0.368888	-0.434554	-0.47695	-0.491373	-0.482739	-0.471445	-0.458807	-0.440628	-0.419857	-0.397994	-0.381749	-0.358791	-0.337239	-0.328893	-0.309553	-0.285957	-0.285957	
-0.490385	-0.546709	-0.565974	-0.549408	-0.481852	-0.361757	-0.201871	-0.00945416	0.200742	0.405208	0.570379	0.669373	0.700857	0.685243	0.653871	0.599029	0.523478	0.455695	0.397247	0.340433	0.288434	0.232059	0.16456	0.117451	0.0957837	0.0795841	0.0680191	0.0446177	-0.0110864	-0.0844544	-0.153677	-0.216598	-0.280364	-0.350089	-0.411258	-0.450271	-0.455618	-0.434938	-0.420797	-0.40669	-0.389209	-0.373923	-0.347304	-0.318368	-0.285064	-0.250495	-0.234112	-0.220602	-0.203635	-0.203635	
-0.342117	-0.411049	-0.444736	-0.428649	-0.361757	-0.25609	-0.117632	0.0549678	0.24838	0.432763	0.563179	0.617758	0.596749	0.529221	0.447647	0.352586	0.249745	0.165638	0.0984775	0.0433304	0.0157077	0.000132412	-0.0211154	-0.02419	-0.00350961	0.0182542	0.038291	0.0415506	0.0113146	-0.0401135	-0.101374	-0.165308	-0.229883	-0.2867	-0.325474	-0.354515	-0.364825	-0.353912	-0.342289	-0.33129	-0.322125	-0.312582	-0.294032	-0.264354	-0.225868	-0.199557	-0.187358	-0.178783	-0.180341	-0.180341	
-0.16242	-0.24299	-0.277277	-0.259579	-0.201871	-0.117632	-0.000304446	0.144167	0.302253	0.441847	0.525046	0.535339	0.466742	0.345806	0.212818	0.0841503	-0.0416545	-0.144471	-0.221289	-0.265264	-0.271579	-0.252335	-0.221536	-0.177291	-0.120204	-0.0635722	-0.00674015	0.0267489	0.0226099	-0.0035401	-0.0409126	-0.0877741	-0.140952	-0.181403	-0.199597	-0.208593	-0.224209	-0.238211	-0.235021	-0.231015	-0.236189	-0.238365	-0.235445	-0.219445	-0.193498	-0.182521	-0.183038	-0.184722	-0.191578	-0.191578	
0.0310957	-0.0413466	-0.0681447	-0.0534254	-0.00945416	0.0549678	0.144167	0.244747	0.351043	0.430993	0.460068	0.417016	0.301938	0.139074	-0.0299469	-0.186156	-0.329449	-0.448261	-0.527932	-0.554947	-0.544266	-0.496517	-0.422394	-0.333145	-0.245691	-0.163916	-0.0796234	-0.0171165	0.0153867	0.0224733	0.0147192	-0.00480368	-0.030277	-0.0463516	-0.0474449	-0.0413353	-0.0593112	-0.0941268	-0.112824	-0.12238	-0.138273	-0.16023	-0.176629	-0.18094	-0.182288	-0.189302	-0.201321	-0.210903	-0.213968	-0.213968	
0.230831	0.186125	0.168136	0.173524	0.200742	0.24838	0.302253	0.351043	0.390417	0.401602	0.366227	0.267184	0.115515	-0.073085	-0.268207	-0.44477	-0.591315	-0.7116	-0.788509	-0.807051	-0.778155	-0.703326	-0.59714	-0.482809	-0.379994	-0.276379	-0.175617	-0.0898336	-0.0218125	0.0228475	0.0542233	0.0717533	0.0856341	0.097433	0.107524	0.11772	0.102884	0.0607186	0.0126103	-0.0224146	-0.0513171	-0.0862255	-0.118689	-0.149076	-0.174856	-0.197069	-0.219214	-0.229084	-0.228278	-0.228278	
0.426247	0.408098	0.393149	0.387125	0.405208	0.432763	0.441847	0.430993	0.401602	0.344626	0.24833	0.106014	-0.0733708	-0.278709	-0.482984	-0.658777	-0.796791	-0.90957	-0.981921	-0.99477	-0.951967	-0.857109	-0.731652	-0.611742	-0.507195	-0.399874	-0.288933	-0.179718	-0.0840114	-0.00369726	0.065503	0.124164	0.179546	0.221455	0.243655	0.244966	0.229752	0.192051	0.127526	0.0681711	0.0223123	-0.0184471	-0.0620628	-0.113696	-0.154875	-0.188352	-0.215188	-0.223928	-0.226636	-0.226636	
0.596151	0.592941	0.578819	0.56698	0.570379	0.563179	0.525046	0.460068	0.366227	0.24833	0.110481	-0.0565778	-0.254006	-0.460286	-0.649923	-0.810754	-0.938933	-1.03872	-1.09836	-1.10353	-1.05135	-0.949241	-0.823547	-0.703931	-0.60135	-0.504658	-0.397057	-0.274222	-0.157022	-0.0575894	0.0384162	0.138336	0.224888	0.287561	0.323216	0.324812	0.310524	0.278889	0.21558	0.14694	0.0957538	0.052052	-0.00291105	-0.0637205	-0.11527	-0.154608	-0.180682	-0.195498	-0.201219	-0.201219	
0.745825	0.741011	0.721271	0.696513	0.669373	0.617758	0.535339	0.417016	0.267184	0.106014	-0.0565778	-0.234793	-0.42538	-0.60596	-0.766707	-0.911083	-1.02573	-1.10242	-1.14182	-1.13417	-1.07567	-0.977214	-0.864622	-0.751563	-0.647046	-0.558617	-0.469507	-0.358278	-0.237805	-0.130494	-0.0225876	0.098581	0.208184	0.282796	0.323285	0.338569	0.33721	0.318687	0.275799	0.219193	0.172116	0.124413	0.0623716	0.000744585	-0.0551829	-0.0943222	-0.118749	-0.14092	-0.147804	-0.147804	
0.875073	0.861316	0.831015	0.780334	0.700857	0.596749	0.466742	0.301938	0.115515	-0.0733708	-0.254006	-0.42538	-0.582804	-0.723496	-0.850242	-0.967027	-1.05533	-1.11074	-1.12718	-1.10235	-1.04215	-0.955124	-0.856463	-0.750012	-0.651927	-0.570623	-0.499931	-0.418886	-0.318512	-0.211461	-0.0981459	0.0200409	0.130351	0.208151	0.253095	0.290277	0.315522	0.31761	0.30162	0.273916	0.241187	0.192474	0.130126	0.0789042	0.0327783	-0.0085029	-0.03568	-0.0591455	-0.0743224	-0.0743224	
0.983622	0.962094	0.913272	0.819808	0.685243	0.529221	0.345806	0.139074	-0.073085	-0.278709	-0.460286	-0.60596	-0.723496	-0.826044	-0.915	-0.984059	-1.03072	-1.06253	-1.06139	-1.0237	-0.966838	-0.896459	-0.807368	-0.716923	-0.640747	-0.571889	-0.515342	-0.456946	-0.384499	-0.291982	-0.183725	-0.0803787	0.0161476	0.0934716	0.145673	0.197768	0.251983	0.284154	0.296649	0.300979	0.28655	0.2489	0.203803	0.166915	0.132173	0.0950265	0.0637525	0.0386534	0.0228325	0.0228325	
1.06749	1.03516	0.958606	0.827666	0.653871	0.447647	0.212818	-0.0299469	-0.268207	-0.482984	-0.649923	-0.766707	-0.850242	-0.915	-0.962116	-0.979964	-0.973051	-0.968941	-0.948473	-0.902079	-0.853889	-0.800732	-0.731721	-0.671488	-0.623472	-0.57261	-0.530821	-0.492527	-0.443192	-0.374261	-0.28817	-0.198065	-0.113234	-0.0369832	0.0306342	0.0951271	0.164217	0.225309	0.271697	0.304189	0.310278	0.291422	0.269457	0.254213	0.229069	0.196808	0.172922	0.152428	0.138631	0.138631	
1.11364	1.07284	0.968632	0.806643	0.599029	0.352586	0.0841503	-0.186156	-0.44477	-0.658777	-0.810754	-0.911083	-0.967027	-0.984059	-0.979964	-0.947967	-0.892949	-0.843665	-0.791067	-0.735978	-0.700268	-0.679525	-0.65041	-0.624632	-0.602839	-0.576211	-0.561628	-0.544028	-0.503557	-0.450465	-0.38991	-0.315775	-0.239476	-0.16652	-0.0919836	-0.0177275	0.064401	0.152336	0.229097	0.283463	0.314136	0.325103	0.332066	0.337144	0.31964	0.296843	0.282799	0.265904	0.257905	0.257905	
1.11073	1.06026	0.938419	0.757209	0.523478	0.249745	-0.0416545	-0.329449	-0.591315	-0.796791	-0.938933	-1.02573	-1.05533	-1.03072	-0.973051	-0.892949	-0.794024	-0.695745	-0.614988	-0.560941	-0.53944	-0.546819	-0.562796	-0.575341	-0.577974	-0.581357	-0.592521	-0.586597	-0.55333	-0.511293	-0.47221	-0.424079	-0.362705	-0.292834	-0.216629	-0.134565	-0.0421057	0.063245	0.167014	0.242297	0.295464	0.343168	0.38341	0.409463	0.408273	0.396189	0.390297	0.379163	0.368806	0.368806	
1.06361	1.00747	0.88944	0.704852	0.455695	0.165638	-0.144471	-0.448261	-0.7116	-0.90957	-1.03872	-1.10242	-1.11074	-1.06253	-0.968941	-0.843665	-0.695745	-0.55399	-0.458075	-0.417205	-0.40217	-0.414427	-0.457939	-0.5081	-0.544506	-0.573255	-0.594975	-0.594367	-0.577421	-0.560518	-0.546982	-0.521618	-0.470612	-0.399862	-0.322623	-0.237279	-0.141117	-0.0372476	0.0703618	0.167895	0.255549	0.33659	0.403923	0.452187	0.474887	0.486202	0.498685	0.501041	0.495633	0.495633	
0.983296	0.932747	0.827504	0.649061	0.397247	0.0984775	-0.221289	-0.527932	-0.788509	-0.981921	-1.09836	-1.14182	-1.12718	-1.06139	-0.948473	-0.791067	-0.614988	-0.458075	-0.355977	-0.312252	-0.305694	-0.329118	-0.375359	-0.438897	-0.497906	-0.539297	-0.562382	-0.568468	-0.570619	-0.578099	-0.587908	-0.581296	-0.543958	-0.480389	-0.406986	-0.325182	-0.232565	-0.139436	-0.0421862	0.0654513	0.178626	0.287053	0.380825	0.455607	0.513986	0.565316	0.607939	0.632456	0.641286	0.641286	
0.877106	0.838803	0.751456	0.586672	0.340433	0.0433304	-0.265264	-0.554947	-0.807051	-0.99477	-1.10353	-1.13417	-1.10235	-1.0237	-0.902079	-0.735978	-0.560941	-0.417205	-0.312252	-0.254416	-0.257766	-0.296806	-0.336555	-0.386483	-0.444996	-0.488544	-0.509808	-0.523528	-0.537171	-0.556538	-0.58071	-0.586858	-0.567718	-0.527307	-0.468617	-0.394156	-0.313429	-0.23795	-0.156331	-0.050936	0.0742564	0.198914	0.316337	0.429455	0.534319	0.628825	0.706834	0.756404	0.776251	0.776251	
0.75699	0.729628	0.656462	0.510778	0.288434	0.0157077	-0.271579	-0.544266	-0.778155	-0.951967	-1.05135	-1.07567	-1.04215	-0.966838	-0.853889	-0.700268	-0.53944	-0.40217	-0.305694	-0.257766	-0.255604	-0.28215	-0.315281	-0.357131	-0.40281	-0.436009	-0.45037	-0.4621	-0.480543	-0.507447	-0.54101	-0.562522	-0.561466	-0.536355	-0.494716	-0.443034	-0.382789	-0.322134	-0.253288	-0.155119	-0.0301451	0.105998	0.246087	0.384337	0.523018	0.656408	0.767164	0.844947	0.882508	0.882508	
0.639546	0.611023	0.542738	0.41931	0.232059	0.000132412	-0.252335	-0.496517	-0.703326	-0.857109	-0.949241	-0.977214	-0.955124	-0.896459	-0.800732	-0.679525	-0.546819	-0.414427	-0.329118	-0.296806	-0.28215	-0.282364	-0.311547	-0.346383	-0.366705	-0.383912	-0.391701	-0.396846	-0.413247	-0.44075	-0.478151	-0.51529	-0.53294	-0.524267	-0.502662	-0.474624	-0.438896	-0.387927	-0.313259	-0.2201	-0.108455	0.0318789	0.188196	0.341702	0.498338	0.647586	0.77406	0.869149	0.913482	0.913482	
0.527912	0.498151	0.428574	0.317896	0.16456	-0.0211154	-0.221536	-0.422394	-0.59714	-0.731652	-0.823547	-0.864622	-0.856463	-0.807368	-0.731721	-0.65041	-0.562796	-0.457939	-0.375359	-0.336555	-0.315281	-0.311547	-0.333585	-0.343538	-0.333709	-0.333458	-0.339867	-0.34679	-0.353205	-0.365818	-0.397185	-0.442364	-0.479609	-0.499139	-0.504883	-0.498598	-0.476298	-0.420464	-0.336025	-0.244132	-0.140048	-0.00635695	0.151273	0.307449	0.459236	0.603233	0.724247	0.814491	0.860801	0.860801	
0.425673	0.394101	0.324557	0.231891	0.117451	-0.02419	-0.177291	-0.333145	-0.482809	-0.611742	-0.703931	-0.751563	-0.750012	-0.716923	-0.671488	-0.624632	-0.575341	-0.5081	-0.438897	-0.386483	-0.357131	-0.346383	-0.343538	-0.327215	-0.301333	-0.287579	-0.289191	-0.30326	-0.313243	-0.32023	-0.33797	-0.372657	-0.41953	-0.456837	-0.474917	-0.481948	-0.468524	-0.410811	-0.322282	-0.233331	-0.140499	-0.0207104	0.123396	0.266115	0.401962	0.525433	0.624607	0.699512	0.741311	0.741311	
0.327587	0.290804	0.23909	0.172964	0.0957837	-0.00350961	-0.120204	-0.245691	-0.379994	-0.507195	-0.60135	-0.647046	-0.651927	-0.640747	-0.623472	-0.602839	-0.577974	-0.544506	-0.497906	-0.444996	-0.40281	-0.366705	-0.333709	-0.301333	-0.27455	-0.257849	-0.254991	-0.273897	-0.295669	-0.303253	-0.303729	-0.317715	-0.351795	-0.384815	-0.403783	-0.41553	-0.409318	-0.366125	-0.291454	-0.202888	-0.115003	-0.0176096	0.0978865	0.214944	0.325957	0.418946	0.487121	0.539972	0.570511	0.570511	
0.238653	0.202793	0.170182	0.129213	0.0795841	0.0182542	-0.0635722	-0.163916	-0.276379	-0.399874	-0.504658	-0.558617	-0.570623	-0.571889	-0.57261	-0.576211	-0.581357	-0.573255	-0.539297	-0.488544	-0.436009	-0.383912	-0.333458	-0.287579	-0.257849	-0.24377	-0.244996	-0.267479	-0.293191	-0.289827	-0.266897	-0.263068	-0.279071	-0.297599	-0.312382	-0.321561	-0.313511	-0.283933	-0.23308	-0.157708	-0.0816847	-0.00730043	0.0758372	0.156962	0.236044	0.293346	0.322436	0.346437	0.361001	0.361001	
0.178242	0.138044	0.111096	0.0931632	0.0680191	0.038291	-0.00674015	-0.0796234	-0.175617	-0.288933	-0.397057	-0.469507	-0.499931	-0.515342	-0.530821	-0.561628	-0.592521	-0.594975	-0.562382	-0.509808	-0.45037	-0.391701	-0.339867	-0.289191	-0.254991	-0.244996	-0.255541	-0.276299	-0.290129	-0.276521	-0.241013	-0.216892	-0.204513	-0.20441	-0.210089	-0.203493	-0.193235	-0.176738	-0.141723	-0.093307	-0.0429978	0.0048255	0.0474407	0.0880106	0.127774	0.146462	0.142983	0.138382	0.136272	0.136272	
0.125574	0.0830497	0.0507502	0.0411245	0.0446177	0.0415506	0.0267489	-0.0171165	-0.0898336	-0.179718	-0.274222	-0.358278	-0.418886	-0.456946	-0.492527	-0.544028	-0.586597	-0.594367	-0.568468	-0.523528	-0.4621	-0.396846	-0.34679	-0.30326	-0.273897	-0.267479	-0.276299	-0.281869	-0.274872	-0.256718	-0.223553	-0.182628	-0.144502	-0.119702	-0.101318	-0.0797545	-0.0643124	-0.0485405	-0.0309207	-0.015137	0.00936335	0.0240263	0.0175745	0.00778283	-0.00712158	-0.0250838	-0.0466872	-0.0697278	-0.0748146	-0.0748146	
0.0789504	0.0341934	-0.0135016	-0.0311444	-0.0110864	0.0113146	0.0226099	0.0153867	-0.0218125	-0.0840114	-0.157022	-0.237805	-0.318512	-0.384499	-0.443192	-0.503557	-0.55333	-0.577421	-0.570619	-0.537171	-0.480543	-0.413247	-0.353205	-0.313243	-0.295669	-0.293191	-0.290129	-0.274872	-0.256501	-0.239444	-0.206573	-0.152499	-0.10119	-0.0532821	-0.00368932	0.032688	0.0626007	0.0866873	0.0883619	0.0713932	0.0576312	0.0370093	-0.0121294	-0.0741705	-0.137071	-0.191599	-0.236474	-0.272459	-0.282687	-0.282687	
0.0419468	-0.0166353	-0.075123	-0.103963	-0.0844544	-0.0401135	-0.0035401	0.0224733	0.0228475	-0.00369726	-0.0575894	-0.130494	-0.211461	-0.291982	-0.374261	-0.450465	-0.511293	-0.560518	-0.578099	-0.556538	-0.507447	-0.44075	-0.365818	-0.32023	-0.303253	-0.289827	-0.276521	-0.256718	-0.239444	-0.217955	-0.18206	-0.129351	-0.0667199	-0.000419964	0.0690073	0.126508	0.17384	0.199588	0.187358	0.152567	0.107676	0.0457983	-0.0456043	-0.153851	-0.257218	-0.34571	-0.413072	-0.455759	-0.471983	-0.471983	
0.00482031	-0.0707414	-0.135925	-0.167426	-0.153677	-0.101374	-0.0409126	0.0147192	0.0542233	0.065503	0.0384162	-0.0225876	-0.0981459	-0.183725	-0.28817	-0.38991	-0.47221	-0.546982	-0.587908	-0.58071	-0.54101	-0.478151	-0.397185	-0.33797	-0.303729	-0.266897	-0.241013	-0.223553	-0.206573	-0.18206	-0.146443	-0.0990915	-0.033474	0.0426318	0.125389	0.204051	0.260033	0.276076	0.249678	0.203099	0.137161	0.0362573	-0.0910411	-0.227022	-0.359316	-0.473315	-0.557206	-0.607702	-0.628786	-0.628786	
-0.0337073	-0.132003	-0.20239	-0.227987	-0.216598	-0.165308	-0.0877741	-0.00480368	0.0717533	0.124164	0.138336	0.098581	0.0200409	-0.0803787	-0.198065	-0.315775	-0.424079	-0.521618	-0.581296	-0.586858	-0.562522	-0.51529	-0.442364	-0.372657	-0.317715	-0.263068	-0.216892	-0.182628	-0.152499	-0.129351	-0.0990915	-0.0509116	0.0140779	0.0931632	0.180027	0.267083	0.314034	0.305118	0.270908	0.213991	0.121328	-0.00876748	-0.154435	-0.295514	-0.435403	-0.558763	-0.652923	-0.718987	-0.749492	-0.749492	
-0.0896908	-0.199419	-0.271293	-0.295015	-0.280364	-0.229883	-0.140952	-0.030277	0.0856341	0.179546	0.224888	0.208184	0.130351	0.0161476	-0.113234	-0.239476	-0.362705	-0.470612	-0.543958	-0.567718	-0.561466	-0.53294	-0.479609	-0.41953	-0.351795	-0.279071	-0.204513	-0.144502	-0.10119	-0.0667199	-0.033474	0.0140779	0.0737002	0.14663	0.228066	0.302036	0.330311	0.303	0.256011	0.18077	0.0641801	-0.0798748	-0.228393	-0.360914	-0.490332	-0.611994	-0.706717	-0.780131	-0.825425	-0.825425	
-0.161376	-0.262029	-0.339558	-0.368888	-0.350089	-0.2867	-0.181403	-0.0463516	0.097433	0.221455	0.287561	0.282796	0.208151	0.0934716	-0.0369832	-0.16652	-0.292834	-0.399862	-0.480389	-0.527307	-0.536355	-0.524267	-0.499139	-0.456837	-0.384815	-0.297599	-0.20441	-0.119702	-0.0532821	-0.000419964	0.0426318	0.0931632	0.14663	0.201534	0.255295	0.290199	0.296631	0.267675	0.20566	0.108188	-0.0198067	-0.15882	-0.293526	-0.410951	-0.521787	-0.635415	-0.729415	-0.804273	-0.86231	-0.86231	
-0.235733	-0.3268	-0.400606	-0.434554	-0.411258	-0.325474	-0.199597	-0.0474449	0.107524	0.243655	0.323216	0.323285	0.253095	0.145673	0.0306342	-0.0919836	-0.216629	-0.322623	-0.406986	-0.468617	-0.494716	-0.502662	-0.504883	-0.474917	-0.403783	-0.312382	-0.210089	-0.101318	-0.00368932	0.0690073	0.125389	0.180027	0.228066	0.255295	0.254434	0.235101	0.215177	0.180953	0.109719	0.0119015	-0.104798	-0.229508	-0.340763	-0.444635	-0.547716	-0.643651	-0.727979	-0.798276	-0.846199	-0.846199	
-0.307039	-0.389222	-0.446823	-0.47695	-0.450271	-0.354515	-0.208593	-0.0413353	0.11772	0.244966	0.324812	0.338569	0.290277	0.197768	0.0951271	-0.0177275	-0.134565	-0.237279	-0.325182	-0.394156	-0.443034	-0.474624	-0.498598	-0.481948	-0.41553	-0.321561	-0.203493	-0.0797545	0.032688	0.126508	0.204051	0.267083	0.302036	0.290199	0.235101	0.167296	0.11372	0.0611549	-0.016965	-0.105348	-0.19915	-0.298609	-0.385802	-0.475765	-0.567378	-0.64253	-0.706041	-0.752655	-0.775638	-0.775638	
-0.378066	-0.442748	-0.481333	-0.491373	-0.455618	-0.364825	-0.224209	-0.0593112	0.102884	0.229752	0.310524	0.33721	0.315522	0.251983	0.164217	0.064401	-0.0421057	-0.141117	-0.232565	-0.313429	-0.382789	-0.438896	-0.476298	-0.468524	-0.409318	-0.313511	-0.193235	-0.0643124	0.0626007	0.17384	0.260033	0.314034	0.330311	0.296631	0.215177	0.11372	0.0175044	-0.0656686	-0.148253	-0.232052	-0.309907	-0.376299	-0.439686	-0.513556	-0.578079	-0.626695	-0.661526	-0.67111	-0.669908	-0.669908	
-0.446327	-0.481329	-0.495698	-0.482739	-0.434938	-0.353912	-0.238211	-0.0941268	0.0607186	0.192051	0.278889	0.318687	0.31761	0.284154	0.225309	0.152336	0.063245	-0.0372476	-0.139436	-0.23795	-0.322134	-0.387927	-0.420464	-0.410811	-0.366125	-0.283933	-0.176738	-0.0485405	0.0866873	0.199588	0.276076	0.305118	0.303	0.267675	0.180953	0.0611549	-0.0656686	-0.177229	-0.267899	-0.348481	-0.414003	-0.456134	-0.498531	-0.550215	-0.58377	-0.598721	-0.595394	-0.571702	-0.555696	-0.555696	
-0.495817	-0.49951	-0.494202	-0.471445	-0.420797	-0.342289	-0.235021	-0.112824	0.0126103	0.127526	0.21558	0.275799	0.30162	0.296649	0.271697	0.229097	0.167014	0.0703618	-0.0421862	-0.156331	-0.253288	-0.313259	-0.336025	-0.322282	-0.291454	-0.23308	-0.141723	-0.0309207	0.0883619	0.187358	0.249678	0.270908	0.256011	0.20566	0.109719	-0.016965	-0.148253	-0.267899	-0.366475	-0.446218	-0.501779	-0.528257	-0.548769	-0.569546	-0.569844	-0.548166	-0.515085	-0.482928	-0.46559	-0.46559	
-0.529373	-0.510358	-0.491403	-0.458807	-0.40669	-0.33129	-0.231015	-0.12238	-0.0224146	0.0681711	0.14694	0.219193	0.273916	0.300979	0.304189	0.283463	0.242297	0.167895	0.0654513	-0.050936	-0.155119	-0.2201	-0.244132	-0.233331	-0.202888	-0.157708	-0.093307	-0.015137	0.0713932	0.152567	0.203099	0.213991	0.18077	0.108188	0.0119015	-0.105348	-0.232052	-0.348481	-0.446218	-0.523242	-0.570006	-0.583561	-0.579708	-0.565551	-0.532972	-0.48026	-0.435905	-0.41638	-0.40421	-0.40421	
-0.554911	-0.514897	-0.481907	-0.440628	-0.389209	-0.322125	-0.236189	-0.138273	-0.0513171	0.0223123	0.0957538	0.172116	0.241187	0.28655	0.310278	0.314136	0.295464	0.255549	0.178626	0.0742564	-0.0301451	-0.108455	-0.140048	-0.140499	-0.115003	-0.0816847	-0.0429978	0.00936335	0.0576312	0.107676	0.137161	0.121328	0.0641801	-0.0198067	-0.104798	-0.19915	-0.309907	-0.414003	-0.501779	-0.570006	-0.605147	-0.612679	-0.595609	-0.547581	-0.487803	-0.42479	-0.376222	-0.359973	-0.352421	-0.352421	
-0.571345	-0.511156	-0.463384	-0.419857	-0.373923	-0.312582	-0.238365	-0.16023	-0.0862255	-0.0184471	0.052052	0.124413	0.192474	0.2489	0.291422	0.325103	0.343168	0.33659	0.287053	0.198914	0.105998	0.0318789	-0.00635695	-0.0207104	-0.0176096	-0.00730043	0.0048255	0.0240263	0.0370093	0.0457983	0.0362573	-0.00876748	-0.0798748	-0.15882	-0.229508	-0.298609	-0.376299	-0.456134	-0.528257	-0.583561	-0.612679	-0.619178	-0.59126	-0.521174	-0.447632	-0.386499	-0.340185	-0.317426	-0.30284	-0.30284	
-0.594675	-0.522407	-0.454445	-0.397994	-0.347304	-0.294032	-0.235445	-0.176629	-0.118689	-0.0620628	-0.00291105	0.0623716	0.130126	0.203803	0.269457	0.332066	0.38341	0.403923	0.380825	0.316337	0.246087	0.188196	0.151273	0.123396	0.0978865	0.0758372	0.0474407	0.0175745	-0.0121294	-0.0456043	-0.0910411	-0.154435	-0.228393	-0.293526	-0.340763	-0.385802	-0.439686	-0.498531	-0.548769	-0.579708	-0.595609	-0.59126	-0.549723	-0.481176	-0.415402	-0.364123	-0.326189	-0.293929	-0.267036	-0.267036	
-0.631779	-0.549422	-0.458077	-0.381749	-0.318368	-0.264354	-0.219445	-0.18094	-0.149076	-0.113696	-0.0637205	0.000744585	0.0789042	0.166915	0.254213	0.337144	0.409463	0.452187	0.455607	0.429455	0.384337	0.341702	0.307449	0.266115	0.214944	0.156962	0.0880106	0.00778283	-0.0741705	-0.153851	-0.227022	-0.295514	-0.360914	-0.410951	-0.444635	-0.475765	-0.513556	-0.550215	-0.569546	-0.565551	-0.547581	-0.521174	-0.481176	-0.430325	-0.383353	-0.353882	-0.325883	-0.287139	-0.262213	-0.262213	
-0.656061	-0.56239	-0.451742	-0.358791	-0.285064	-0.225868	-0.193498	-0.182288	-0.174856	-0.154875	-0.11527	-0.0551829	0.0327783	0.132173	0.229069	0.31964	0.408273	0.474887	0.513986	0.534319	0.523018	0.498338	0.459236	0.401962	0.325957	0.236044	0.127774	-0.00712158	-0.137071	-0.257218	-0.359316	-0.435403	-0.490332	-0.521787	-0.547716	-0.567378	-0.578079	-0.58377	-0.569844	-0.532972	-0.487803	-0.447632	-0.415402	-0.383353	-0.351042	-0.335047	-0.321699	-0.297643	-0.287058	-0.287058	
-0.665062	-0.569067	-0.448786	-0.337239	-0.250495	-0.199557	-0.182521	-0.189302	-0.197069	-0.188352	-0.154608	-0.0943222	-0.0085029	0.0950265	0.196808	0.296843	0.396189	0.486202	0.565316	0.628825	0.656408	0.647586	0.603233	0.525433	0.418946	0.293346	0.146462	-0.0250838	-0.191599	-0.34571	-0.473315	-0.558763	-0.611994	-0.635415	-0.643651	-0.64253	-0.626695	-0.598721	-0.548166	-0.48026	-0.42479	-0.386499	-0.364123	-0.353882	-0.335047	-0.321337	-0.316799	-0.308371	-0.310119	-0.310119	
-0.675901	-0.574152	-0.451107	-0.328893	-0.234112	-0.187358	-0.183038	-0.201321	-0.219214	-0.215188	-0.180682	-0.118749	-0.03568	0.0637525	0.172922	0.282799	0.390297	0.498685	0.607939	0.706834	0.767164	0.77406	0.724247	0.624607	0.487121	0.322436	0.142983	-0.0466872	-0.236474	-0.413072	-0.557206	-0.652923	-0.706717	-0.729415	-0.727979	-0.706041	-0.661526	-0.595394	-0.515085	-0.435905	-0.376222	-0.340185	-0.326189	-0.325883	-0.321699	-0.316799	-0.316489	-0.319356	-0.327999	-0.327999	
-0.685858	-0.563605	-0.432925	-0.309553	-0.220602	-0.178783	-0.184722	-0.210903	-0.229084	-0.223928	-0.195498	-0.14092	-0.0591455	0.0386534	0.152428	0.265904	0.379163	0.501041	0.632456	0.756404	0.844947	0.869149	0.814491	0.699512	0.539972	0.346437	0.138382	-0.0697278	-0.272459	-0.455759	-0.607702	-0.718987	-0.780131	-0.804273	-0.798276	-0.752655	-0.67111	-0.571702	-0.482928	-0.41638	-0.359973	-0.317426	-0.293929	-0.287139	-0.297643	-0.308371	-0.319356	-0.339627	-0.351203	-0.351203	
-0.693044	-0.555449	-0.414235	-0.285957	-0.203635	-0.180341	-0.191578	-0.213968	-0.228278	-0.226636	-0.201219	-0.147804	-0.0743224	0.0228325	0.138631	0.257905	0.368806	0.495633	0.641286	0.776251	0.882508	0.913482	0.860801	0.741311	0.570511	0.361001	0.136272	-0.0748146	-0.282687	-0.471983	-0.628786	-0.749492	-0.825425	-0.86231	-0.846199	-0.775638	-0.669908	-0.555696	-0.46559	-0.40421	-0.352421	-0.30284	-0.267036	-0.262213	-0.287058	-0.310119	-0.327999	-0.351203	-0.360989	-0.360989	
-0.693044	-0.555449	-0.414235	-0.285957	-0.203635	-0.180341	-0.191578	-0.213968	-0.228278	-0.226636	-0.201219	-0.147804	-0.0743224	0.0228325	0.138631	0.257905	0.368806	0.495633	0.641286	0.776251	0.882508	0.913482	0.860801	0.741311	0.570511	0.361001	0.136272	-0.0748146	-0.282687	-0.471983	-0.628786	-0.749492	-0.825425	-0.86231	-0.846199	-0.775638	-0.669908	-0.555696	-0.46559	-0.40421	-0.352421	-0.30284	-0.267036	-0.262213	-0.287058	-0.310119	-0.327999	-0.351203	-0.360989	-0.360989	
