-0.736973	-0.684007	-0.561622	-0.386017	-0.178431	0.040678	0.256677	0.446509	0.590575	0.695475	0.763351	0.799533	0.81923	0.839486	0.883242	0.949534	1.02157	1.08805	1.14213	1.16438	1.14362	1.07109	0.957747	0.819223	0.669536	0.512796	0.358425	0.216983	0.0897953	-0.00886899	-0.0889678	-0.14231	-0.180584	-0.220174	-0.247229	-0.27963	-0.322159	-0.365284	-0.407087	-0.448473	-0.487539	-0.515106	-0.532564	-0.547525	-0.556758	-0.557899	-0.560596	-0.56265	-0.559817	-0.559817	
-0.684007	-0.616437	-0.476275	-0.278273	-0.0550425	0.174278	0.400011	0.592939	0.74197	0.843849	0.894002	0.911948	0.919502	0.927937	0.956869	1.00176	1.05382	1.11394	1.15998	1.17325	1.1565	1.10032	0.998703	0.870127	0.733993	0.584401	0.434364	0.297749	0.182046	0.0939385	0.0102497	-0.0625444	-0.117428	-0.170283	-0.225236	-0.28089	-0.340275	-0.398432	-0.447883	-0.499844	-0.553561	-0.596858	-0.626135	-0.650632	-0.668099	-0.669354	-0.66413	-0.658356	-0.656116	-0.656116	
-0.561622	-0.476275	-0.314755	-0.0964497	0.135485	0.369111	0.588985	0.773448	0.90586	0.976663	0.990627	0.984051	0.965565	0.941148	0.941947	0.961183	0.997172	1.04781	1.09334	1.11231	1.09984	1.05337	0.969936	0.861416	0.740801	0.608265	0.477927	0.362776	0.263367	0.182908	0.104785	0.0253039	-0.0420553	-0.109627	-0.187153	-0.260135	-0.330188	-0.400102	-0.465768	-0.528198	-0.587233	-0.642618	-0.683396	-0.715578	-0.738306	-0.742732	-0.738594	-0.731173	-0.729889	-0.729889	
-0.386017	-0.278273	-0.0964497	0.13967	0.38371	0.608943	0.80985	0.966583	1.05907	1.08047	1.04681	0.997555	0.935774	0.876393	0.836263	0.82536	0.854297	0.905623	0.951598	0.97604	0.972758	0.937916	0.87278	0.779493	0.681926	0.584927	0.485311	0.398384	0.323126	0.253335	0.181681	0.106196	0.0344126	-0.0439521	-0.133985	-0.21688	-0.296824	-0.377174	-0.453932	-0.526941	-0.58652	-0.639605	-0.68443	-0.716764	-0.741265	-0.75738	-0.768651	-0.774609	-0.77792	-0.77792	
-0.178431	-0.0550425	0.135485	0.38371	0.62755	0.838308	1.01313	1.12461	1.16335	1.13218	1.04523	0.935738	0.825203	0.72716	0.658403	0.635316	0.665088	0.718052	0.764367	0.796152	0.800153	0.778771	0.732413	0.657265	0.579858	0.510994	0.442903	0.385924	0.33873	0.286223	0.222754	0.155788	0.0916983	0.0104879	-0.0821648	-0.162104	-0.246152	-0.329762	-0.404026	-0.475987	-0.531599	-0.577479	-0.622105	-0.657175	-0.683944	-0.711752	-0.741639	-0.761221	-0.768914	-0.768914	
0.040678	0.174278	0.369111	0.608943	0.838308	1.02036	1.1479	1.20517	1.19056	1.10362	0.958008	0.799559	0.6493	0.519166	0.434981	0.41281	0.444763	0.498658	0.553946	0.594293	0.610386	0.598984	0.567381	0.52086	0.464587	0.416349	0.378429	0.344146	0.305452	0.264821	0.217451	0.160007	0.0993507	0.0270539	-0.0469314	-0.114766	-0.188549	-0.259148	-0.318665	-0.374549	-0.422415	-0.457247	-0.494755	-0.536322	-0.567144	-0.602844	-0.644331	-0.66968	-0.682516	-0.682516	
0.256677	0.400011	0.588985	0.80985	1.01313	1.1479	1.21028	1.20297	1.12638	0.981318	0.793724	0.599479	0.421298	0.278189	0.192983	0.175638	0.206307	0.265966	0.329786	0.376145	0.40934	0.416981	0.404745	0.383767	0.356018	0.328556	0.304518	0.277021	0.237139	0.19781	0.159877	0.118759	0.0690962	0.0144705	-0.0284306	-0.0746787	-0.131626	-0.175735	-0.206847	-0.241435	-0.27377	-0.298642	-0.327652	-0.364083	-0.399999	-0.433962	-0.46594	-0.48889	-0.499954	-0.499954	
0.446509	0.592939	0.773448	0.966583	1.12461	1.20517	1.20297	1.12883	0.985944	0.791524	0.575284	0.355066	0.161154	0.0254572	-0.0443744	-0.0524069	-0.0154976	0.0490661	0.116822	0.172292	0.219414	0.249752	0.261549	0.257163	0.248221	0.231156	0.20494	0.175524	0.141604	0.106346	0.0765261	0.0593029	0.0308572	-0.00120865	-0.0165456	-0.0347803	-0.0604857	-0.0781809	-0.083724	-0.0933896	-0.110217	-0.126796	-0.145832	-0.167761	-0.191398	-0.211941	-0.22165	-0.226309	-0.234348	-0.234348	
0.590575	0.74197	0.90586	1.05907	1.16335	1.19056	1.12638	0.985944	0.791068	0.567742	0.329178	0.0904758	-0.102384	-0.222761	-0.274941	-0.266994	-0.213739	-0.140185	-0.0555844	0.0266786	0.083471	0.11831	0.14269	0.146031	0.138443	0.123385	0.0956371	0.0633067	0.0405605	0.0207068	0.000192696	-0.00470827	-0.00845161	-0.00909563	-0.00182093	0.00896231	0.0230412	0.0352829	0.0490634	0.0561866	0.0580407	0.0540593	0.046502	0.0479823	0.0455663	0.0433988	0.0550122	0.0631684	0.0601959	0.0601959	
0.695475	0.843849	0.976663	1.08047	1.13218	1.10362	0.981318	0.791524	0.567742	0.328118	0.0706806	-0.167984	-0.348705	-0.456654	-0.486944	-0.452973	-0.37625	-0.276643	-0.168741	-0.0719048	0.00076876	0.0464806	0.0676952	0.0649692	0.0489635	0.0260143	0.00182004	-0.0230105	-0.0368805	-0.0380376	-0.0452937	-0.0484061	-0.0328429	-0.00591748	0.0225014	0.0606387	0.106451	0.150982	0.183575	0.203652	0.226716	0.238096	0.246979	0.269799	0.284567	0.298109	0.31854	0.329662	0.331718	0.331718	
0.763351	0.894002	0.990627	1.04681	1.04523	0.958008	0.793724	0.575284	0.329178	0.0706806	-0.186091	-0.405084	-0.561426	-0.640531	-0.638764	-0.580944	-0.488347	-0.356488	-0.221303	-0.112826	-0.0280814	0.023371	0.0337433	0.0245227	0.00918091	-0.0208938	-0.0509789	-0.0706588	-0.0750364	-0.0696456	-0.0612935	-0.0443114	-0.0109171	0.029463	0.0742188	0.13405	0.192334	0.250019	0.297873	0.335649	0.377536	0.40512	0.432019	0.464268	0.490777	0.514615	0.533937	0.549844	0.555731	0.555731	
0.799533	0.911948	0.984051	0.997555	0.935738	0.799559	0.599479	0.355066	0.0904758	-0.167984	-0.405084	-0.592509	-0.715466	-0.76072	-0.730327	-0.643334	-0.519325	-0.369596	-0.221951	-0.0997488	-0.0119166	0.038441	0.0530806	0.0418449	0.017992	-0.0128635	-0.0430112	-0.062759	-0.061585	-0.0553063	-0.0418568	-0.00634236	0.0495707	0.106111	0.157786	0.224783	0.286505	0.33585	0.384618	0.435773	0.486953	0.530784	0.574146	0.609461	0.641557	0.669741	0.685282	0.701179	0.709925	0.709925	
0.81923	0.919502	0.965565	0.935774	0.825203	0.6493	0.421298	0.161154	-0.102384	-0.348705	-0.561426	-0.715466	-0.803211	-0.807787	-0.74786	-0.632641	-0.473697	-0.304974	-0.151396	-0.0273869	0.057826	0.104172	0.118492	0.100663	0.0702445	0.0428013	0.011961	-0.0109759	-0.00888312	0.00270272	0.0256729	0.0704165	0.134962	0.204203	0.256011	0.313033	0.369764	0.407905	0.453695	0.504303	0.552962	0.605284	0.651458	0.690707	0.722696	0.74858	0.765873	0.774009	0.78438	0.78438	
0.839486	0.927937	0.941148	0.876393	0.72716	0.519166	0.278189	0.0254572	-0.222761	-0.456654	-0.640531	-0.76072	-0.807787	-0.77953	-0.69408	-0.550073	-0.361787	-0.174872	-0.0134273	0.110828	0.18215	0.210616	0.213425	0.184907	0.147957	0.125016	0.0985219	0.0774365	0.0762997	0.0947219	0.132074	0.178342	0.232482	0.288638	0.337291	0.382292	0.422425	0.456451	0.497725	0.542231	0.583954	0.629423	0.671271	0.709632	0.73757	0.756889	0.770681	0.771117	0.775791	0.775791	
0.883242	0.956869	0.941947	0.836263	0.658403	0.434981	0.192983	-0.0443744	-0.274941	-0.486944	-0.638764	-0.730327	-0.74786	-0.69408	-0.579426	-0.401171	-0.191972	5.63489e-05	0.156435	0.273472	0.328064	0.341458	0.334463	0.297275	0.248615	0.216901	0.197518	0.18366	0.187122	0.208537	0.243429	0.28201	0.312077	0.344008	0.383488	0.412136	0.444754	0.484934	0.516163	0.551216	0.582874	0.610339	0.6403	0.666792	0.688379	0.701086	0.710022	0.713831	0.71084	0.71084	
0.949534	1.00176	0.961183	0.82536	0.635316	0.41281	0.175638	-0.0524069	-0.266994	-0.452973	-0.580944	-0.643334	-0.632641	-0.550073	-0.401171	-0.201603	0.00588101	0.19245	0.333465	0.424493	0.466669	0.475227	0.453138	0.410794	0.358049	0.313939	0.295104	0.282465	0.288538	0.307937	0.333823	0.355679	0.363683	0.382014	0.401414	0.414144	0.439617	0.475324	0.501766	0.522949	0.5456	0.560017	0.569301	0.581055	0.59089	0.596623	0.608135	0.6195	0.618405	0.618405	
1.02157	1.05382	0.997172	0.854297	0.665088	0.444763	0.206307	-0.0154976	-0.213739	-0.37625	-0.488347	-0.519325	-0.473697	-0.361787	-0.191972	0.00588101	0.195722	0.368212	0.495331	0.559569	0.58971	0.586769	0.545434	0.498079	0.448535	0.403123	0.382995	0.36657	0.357788	0.367853	0.385164	0.3867	0.37936	0.391066	0.401234	0.403819	0.413644	0.431744	0.44791	0.45809	0.474387	0.480889	0.476528	0.479256	0.476827	0.476008	0.488575	0.499553	0.504047	0.504047	
1.08805	1.11394	1.04781	0.905623	0.718052	0.498658	0.265966	0.0490661	-0.140185	-0.276643	-0.356488	-0.369596	-0.304974	-0.174872	5.63489e-05	0.19245	0.368212	0.509672	0.616454	0.670727	0.681563	0.655574	0.608805	0.559594	0.503125	0.45999	0.435696	0.418132	0.403179	0.393322	0.385063	0.374147	0.368143	0.367403	0.371247	0.37192	0.370501	0.375731	0.376347	0.374338	0.379909	0.379016	0.371499	0.370995	0.366914	0.363966	0.369905	0.372742	0.375721	0.375721	
1.14213	1.15998	1.09334	0.951598	0.764367	0.553946	0.329786	0.116822	-0.0555844	-0.168741	-0.221303	-0.221951	-0.151396	-0.0134273	0.156435	0.333465	0.495331	0.616454	0.697582	0.738112	0.730358	0.691167	0.641096	0.582549	0.523862	0.483665	0.450984	0.426129	0.405854	0.379335	0.352488	0.334998	0.330269	0.323417	0.317096	0.314015	0.31512	0.311186	0.297462	0.291224	0.280871	0.269331	0.267412	0.265508	0.265177	0.266417	0.261818	0.253744	0.252493	0.252493	
1.16438	1.17325	1.11231	0.97604	0.796152	0.594293	0.376145	0.172292	0.0266786	-0.0719048	-0.112826	-0.0997488	-0.0273869	0.110828	0.273472	0.424493	0.559569	0.670727	0.738112	0.766743	0.742587	0.690792	0.628489	0.568688	0.523022	0.479396	0.434406	0.396129	0.366366	0.331105	0.305338	0.286964	0.27022	0.264388	0.253444	0.244692	0.247607	0.232047	0.213875	0.209602	0.189651	0.177253	0.180568	0.176938	0.178057	0.177721	0.164532	0.151092	0.146826	0.146826	
1.14362	1.1565	1.09984	0.972758	0.800153	0.610386	0.40934	0.219414	0.083471	0.00076876	-0.0280814	-0.0119166	0.057826	0.18215	0.328064	0.466669	0.58971	0.681563	0.730358	0.742587	0.711608	0.658644	0.601229	0.54442	0.492581	0.44154	0.387551	0.342605	0.305757	0.270078	0.243793	0.224529	0.211579	0.20056	0.184728	0.173194	0.170853	0.154341	0.136681	0.133154	0.11753	0.109385	0.110601	0.100029	0.0947758	0.0916813	0.0816152	0.075577	0.0767366	0.0767366	
1.07109	1.10032	1.05337	0.937916	0.778771	0.598984	0.416981	0.249752	0.11831	0.0464806	0.023371	0.038441	0.104172	0.210616	0.341458	0.475227	0.586769	0.655574	0.691167	0.690792	0.658644	0.607406	0.556139	0.503428	0.439234	0.376208	0.318288	0.273726	0.233682	0.203267	0.178721	0.161405	0.153633	0.137869	0.12684	0.113442	0.0981831	0.0866609	0.070996	0.0630348	0.0604152	0.0557101	0.048515	0.0374546	0.0254657	0.0207634	0.0210457	0.0224511	0.0299387	0.0299387	
0.957747	0.998703	0.969936	0.87278	0.732413	0.567381	0.404745	0.261549	0.14269	0.0676952	0.0337433	0.0530806	0.118492	0.213425	0.334463	0.453138	0.545434	0.608805	0.641096	0.628489	0.601229	0.556139	0.49309	0.436679	0.372736	0.304011	0.247999	0.202036	0.157668	0.132849	0.122361	0.106908	0.0919349	0.0822664	0.0756138	0.0607708	0.0378789	0.026751	0.022636	0.0134282	0.0137475	0.0108449	-0.00259885	-0.010051	-0.0185321	-0.0235036	-0.0202018	-0.0172867	-0.0142107	-0.0142107	
0.819223	0.870127	0.861416	0.779493	0.657265	0.52086	0.383767	0.257163	0.146031	0.0649692	0.0245227	0.0418449	0.100663	0.184907	0.297275	0.410794	0.498079	0.559594	0.582549	0.568688	0.54442	0.503428	0.436679	0.368291	0.298179	0.224976	0.177568	0.138367	0.09749	0.0763891	0.0688818	0.0572598	0.0391972	0.0334227	0.0262752	0.00473481	-0.0101268	-0.011195	-0.0115116	-0.0181526	-0.0221927	-0.0283672	-0.0376087	-0.0424059	-0.0442385	-0.0465135	-0.0481454	-0.0481882	-0.0538675	-0.0538675	
0.669536	0.733993	0.740801	0.681926	0.579858	0.464587	0.356018	0.248221	0.138443	0.0489635	0.00918091	0.017992	0.0702445	0.147957	0.248615	0.358049	0.448535	0.503125	0.523862	0.523022	0.492581	0.439234	0.372736	0.298179	0.222797	0.15746	0.117766	0.0885565	0.0587961	0.0389984	0.0264749	0.0167624	-0.00226118	-0.0194656	-0.0237679	-0.0356546	-0.0410335	-0.0335127	-0.0351733	-0.0428721	-0.0522203	-0.058801	-0.060702	-0.0635622	-0.0603411	-0.0618892	-0.0679888	-0.0686445	-0.077624	-0.077624	
0.512796	0.584401	0.608265	0.584927	0.510994	0.416349	0.328556	0.231156	0.123385	0.0260143	-0.0208938	-0.0128635	0.0428013	0.125016	0.216901	0.313939	0.403123	0.45999	0.483665	0.479396	0.44154	0.376208	0.304011	0.224976	0.15746	0.110305	0.0710999	0.0450971	0.0185569	0.00317877	-0.00500821	-0.0178383	-0.0344994	-0.0533974	-0.0532937	-0.0501434	-0.0535761	-0.0553411	-0.0591064	-0.066508	-0.0775108	-0.0799216	-0.0762653	-0.0761964	-0.0756774	-0.0755905	-0.07903	-0.0825135	-0.0824006	-0.0824006	
0.358425	0.434364	0.477927	0.485311	0.442903	0.378429	0.304518	0.20494	0.0956371	0.00182004	-0.0509789	-0.0430112	0.011961	0.0985219	0.197518	0.295104	0.382995	0.435696	0.450984	0.434406	0.387551	0.318288	0.247999	0.177568	0.117766	0.0710999	0.029593	0.00464154	-0.0130173	-0.0256335	-0.0385331	-0.0516533	-0.0586505	-0.0658143	-0.0691061	-0.0628758	-0.0630479	-0.0740808	-0.0760412	-0.0812197	-0.0898053	-0.0859874	-0.0841376	-0.0868843	-0.0883098	-0.0860668	-0.0870201	-0.0909092	-0.0844152	-0.0844152	
0.216983	0.297749	0.362776	0.398384	0.385924	0.344146	0.277021	0.175524	0.0633067	-0.0230105	-0.0706588	-0.062759	-0.0109759	0.0774365	0.18366	0.282465	0.36657	0.418132	0.426129	0.396129	0.342605	0.273726	0.202036	0.138367	0.0885565	0.0450971	0.00464154	-0.0191955	-0.0298058	-0.047654	-0.0693332	-0.0787466	-0.0739905	-0.0730291	-0.081563	-0.076978	-0.0781993	-0.0913065	-0.0899503	-0.0864965	-0.0872631	-0.0830736	-0.0836816	-0.0943906	-0.0950703	-0.0913082	-0.0965114	-0.0947349	-0.0903651	-0.0903651	
0.0897953	0.182046	0.263367	0.323126	0.33873	0.305452	0.237139	0.141604	0.0405605	-0.0368805	-0.0750364	-0.061585	-0.00888312	0.0762997	0.187122	0.288538	0.357788	0.403179	0.405854	0.366366	0.305757	0.233682	0.157668	0.09749	0.0587961	0.0185569	-0.0130173	-0.0298058	-0.0430905	-0.0637642	-0.0827464	-0.0867113	-0.0798929	-0.0796079	-0.0862857	-0.0844495	-0.0932828	-0.101157	-0.0992436	-0.0960949	-0.0870809	-0.0867591	-0.0882186	-0.0919579	-0.095076	-0.0940588	-0.0989428	-0.0970403	-0.0940599	-0.0940599	
-0.00886899	0.0939385	0.182908	0.253335	0.286223	0.264821	0.19781	0.106346	0.0207068	-0.0380376	-0.0696456	-0.0553063	0.00270272	0.0947219	0.208537	0.307937	0.367853	0.393322	0.379335	0.331105	0.270078	0.203267	0.132849	0.0763891	0.0389984	0.00317877	-0.0256335	-0.047654	-0.0637642	-0.0758138	-0.0869858	-0.0915934	-0.0866804	-0.0859904	-0.0938528	-0.0940843	-0.0962535	-0.0925888	-0.0895365	-0.0969314	-0.0937891	-0.0968795	-0.101803	-0.0960353	-0.0967899	-0.0989595	-0.0954061	-0.0918531	-0.0922701	-0.0922701	
-0.0889678	0.0102497	0.104785	0.181681	0.222754	0.217451	0.159877	0.0765261	0.000192696	-0.0452937	-0.0612935	-0.0418568	0.0256729	0.132074	0.243429	0.333823	0.385164	0.385063	0.352488	0.305338	0.243793	0.178721	0.122361	0.0688818	0.0264749	-0.00500821	-0.0385331	-0.0693332	-0.0827464	-0.0869858	-0.091301	-0.0906652	-0.0895949	-0.0913343	-0.0978416	-0.100713	-0.0948255	-0.0889698	-0.0900297	-0.0956993	-0.0973904	-0.101795	-0.104017	-0.0947407	-0.0932461	-0.0965472	-0.0913435	-0.0927392	-0.101463	-0.101463	
-0.14231	-0.0625444	0.0253039	0.106196	0.155788	0.160007	0.118759	0.0593029	-0.00470827	-0.0484061	-0.0443114	-0.00634236	0.0704165	0.178342	0.28201	0.355679	0.3867	0.374147	0.334998	0.286964	0.224529	0.161405	0.106908	0.0572598	0.0167624	-0.0178383	-0.0516533	-0.0787466	-0.0867113	-0.0915934	-0.0906652	-0.0805919	-0.0891875	-0.101227	-0.101072	-0.100493	-0.100685	-0.100417	-0.0964279	-0.0926503	-0.0933149	-0.0964636	-0.09861	-0.0934845	-0.0926343	-0.0962307	-0.0919417	-0.0943503	-0.105337	-0.105337	
-0.180584	-0.117428	-0.0420553	0.0344126	0.0916983	0.0993507	0.0690962	0.0308572	-0.00845161	-0.0328429	-0.0109171	0.0495707	0.134962	0.232482	0.312077	0.363683	0.37936	0.368143	0.330269	0.27022	0.211579	0.153633	0.0919349	0.0391972	-0.00226118	-0.0344994	-0.0586505	-0.0739905	-0.0798929	-0.0866804	-0.0895949	-0.0891875	-0.100782	-0.107624	-0.0963962	-0.0924793	-0.0999808	-0.102571	-0.0979626	-0.0951118	-0.0967524	-0.0944711	-0.0934193	-0.0939782	-0.0962976	-0.100069	-0.0966343	-0.094066	-0.0946396	-0.0946396	
-0.220174	-0.170283	-0.109627	-0.0439521	0.0104879	0.0270539	0.0144705	-0.00120865	-0.00909563	-0.00591748	0.029463	0.106111	0.204203	0.288638	0.344008	0.382014	0.391066	0.367403	0.323417	0.264388	0.20056	0.137869	0.0822664	0.0334227	-0.0194656	-0.0533974	-0.0658143	-0.0730291	-0.0796079	-0.0859904	-0.0913343	-0.101227	-0.107624	-0.104805	-0.0930846	-0.0887419	-0.0918071	-0.0925962	-0.0976547	-0.10185	-0.103195	-0.0974188	-0.0921721	-0.0939442	-0.096155	-0.0992784	-0.0998313	-0.0953647	-0.0868427	-0.0868427	
-0.247229	-0.225236	-0.187153	-0.133985	-0.0821648	-0.0469314	-0.0284306	-0.0165456	-0.00182093	0.0225014	0.0742188	0.157786	0.256011	0.337291	0.383488	0.401414	0.401234	0.371247	0.317096	0.253444	0.184728	0.12684	0.0756138	0.0262752	-0.0237679	-0.0532937	-0.0691061	-0.081563	-0.0862857	-0.0938528	-0.0978416	-0.101072	-0.0963962	-0.0930846	-0.0992112	-0.099132	-0.0940369	-0.0936569	-0.0972837	-0.0971184	-0.0966596	-0.093397	-0.0948126	-0.0996314	-0.0945771	-0.094436	-0.0980746	-0.0947133	-0.0912826	-0.0912826	
-0.27963	-0.28089	-0.260135	-0.21688	-0.162104	-0.114766	-0.0746787	-0.0347803	0.00896231	0.0606387	0.13405	0.224783	0.313033	0.382292	0.412136	0.414144	0.403819	0.37192	0.314015	0.244692	0.173194	0.113442	0.0607708	0.00473481	-0.0356546	-0.0501434	-0.0628758	-0.076978	-0.0844495	-0.0940843	-0.100713	-0.100493	-0.0924793	-0.0887419	-0.099132	-0.106092	-0.101334	-0.0992067	-0.101065	-0.0952548	-0.08827	-0.090151	-0.0967686	-0.0969429	-0.091196	-0.0874346	-0.0900634	-0.0986216	-0.103072	-0.103072	
-0.322159	-0.340275	-0.330188	-0.296824	-0.246152	-0.188549	-0.131626	-0.0604857	0.0230412	0.106451	0.192334	0.286505	0.369764	0.422425	0.444754	0.439617	0.413644	0.370501	0.31512	0.247607	0.170853	0.0981831	0.0378789	-0.0101268	-0.0410335	-0.0535761	-0.0630479	-0.0781993	-0.0932828	-0.0962535	-0.0948255	-0.100685	-0.0999808	-0.0918071	-0.0940369	-0.101334	-0.096729	-0.0932874	-0.0980764	-0.0933919	-0.0890585	-0.0972989	-0.100456	-0.0976174	-0.0971132	-0.0918719	-0.0888367	-0.0932702	-0.094906	-0.094906	
-0.365284	-0.398432	-0.400102	-0.377174	-0.329762	-0.259148	-0.175735	-0.0781809	0.0352829	0.150982	0.250019	0.33585	0.407905	0.456451	0.484934	0.475324	0.431744	0.375731	0.311186	0.232047	0.154341	0.0866609	0.026751	-0.011195	-0.0335127	-0.0553411	-0.0740808	-0.0913065	-0.101157	-0.0925888	-0.0889698	-0.100417	-0.102571	-0.0925962	-0.0936569	-0.0992067	-0.0932874	-0.0916476	-0.0938457	-0.0925432	-0.0981508	-0.101626	-0.0929091	-0.0906258	-0.0968164	-0.0985777	-0.0965112	-0.0910409	-0.0873667	-0.0873667	
-0.407087	-0.447883	-0.465768	-0.453932	-0.404026	-0.318665	-0.206847	-0.083724	0.0490634	0.183575	0.297873	0.384618	0.453695	0.497725	0.516163	0.501766	0.44791	0.376347	0.297462	0.213875	0.136681	0.070996	0.022636	-0.0115116	-0.0351733	-0.0591064	-0.0760412	-0.0899503	-0.0992436	-0.0895365	-0.0900297	-0.0964279	-0.0979626	-0.0976547	-0.0972837	-0.101065	-0.0980764	-0.0938457	-0.0929033	-0.0962617	-0.101291	-0.0968178	-0.0844104	-0.082285	-0.092534	-0.0957118	-0.0964218	-0.0980276	-0.0931186	-0.0931186	
-0.448473	-0.499844	-0.528198	-0.526941	-0.475987	-0.374549	-0.241435	-0.0933896	0.0561866	0.203652	0.335649	0.435773	0.504303	0.542231	0.551216	0.522949	0.45809	0.374338	0.291224	0.209602	0.133154	0.0630348	0.0134282	-0.0181526	-0.0428721	-0.066508	-0.0812197	-0.0864965	-0.0960949	-0.0969314	-0.0956993	-0.0926503	-0.0951118	-0.10185	-0.0971184	-0.0952548	-0.0933919	-0.0925432	-0.0962617	-0.0956943	-0.0933333	-0.091551	-0.0922847	-0.0975626	-0.0971048	-0.0899992	-0.0907802	-0.0942055	-0.0922521	-0.0922521	
-0.487539	-0.553561	-0.587233	-0.58652	-0.531599	-0.422415	-0.27377	-0.110217	0.0580407	0.226716	0.377536	0.486953	0.552962	0.583954	0.582874	0.5456	0.474387	0.379909	0.280871	0.189651	0.11753	0.0604152	0.0137475	-0.0221927	-0.0522203	-0.0775108	-0.0898053	-0.0872631	-0.0870809	-0.0937891	-0.0973904	-0.0933149	-0.0967524	-0.103195	-0.0966596	-0.08827	-0.0890585	-0.0981508	-0.101291	-0.0933333	-0.0861255	-0.0891616	-0.100747	-0.103359	-0.0925316	-0.0878598	-0.0910943	-0.0913951	-0.0926233	-0.0926233	
-0.515106	-0.596858	-0.642618	-0.639605	-0.577479	-0.457247	-0.298642	-0.126796	0.0540593	0.238096	0.40512	0.530784	0.605284	0.629423	0.610339	0.560017	0.480889	0.379016	0.269331	0.177253	0.109385	0.0557101	0.0108449	-0.0283672	-0.058801	-0.0799216	-0.0859874	-0.0830736	-0.0867591	-0.0968795	-0.101795	-0.0964636	-0.0944711	-0.0974188	-0.093397	-0.090151	-0.0972989	-0.101626	-0.0968178	-0.091551	-0.0891616	-0.0935055	-0.0968225	-0.089801	-0.0871746	-0.0932425	-0.094345	-0.0926211	-0.0944803	-0.0944803	
-0.532564	-0.626135	-0.683396	-0.68443	-0.622105	-0.494755	-0.327652	-0.145832	0.046502	0.246979	0.432019	0.574146	0.651458	0.671271	0.6403	0.569301	0.476528	0.371499	0.267412	0.180568	0.110601	0.048515	-0.00259885	-0.0376087	-0.060702	-0.0762653	-0.0841376	-0.0836816	-0.0882186	-0.101803	-0.104017	-0.09861	-0.0934193	-0.0921721	-0.0948126	-0.0967686	-0.100456	-0.0929091	-0.0844104	-0.0922847	-0.100747	-0.0968225	-0.0882076	-0.0872093	-0.0931377	-0.0974224	-0.0931537	-0.088836	-0.0934224	-0.0934224	
-0.547525	-0.650632	-0.715578	-0.716764	-0.657175	-0.536322	-0.364083	-0.167761	0.0479823	0.269799	0.464268	0.609461	0.690707	0.709632	0.666792	0.581055	0.479256	0.370995	0.265508	0.176938	0.100029	0.0374546	-0.010051	-0.0424059	-0.0635622	-0.0761964	-0.0868843	-0.0943906	-0.0919579	-0.0960353	-0.0947407	-0.0934845	-0.0939782	-0.0939442	-0.0996314	-0.0969429	-0.0976174	-0.0906258	-0.082285	-0.0975626	-0.103359	-0.089801	-0.0872093	-0.0950797	-0.0960871	-0.0932464	-0.0908108	-0.0893578	-0.0917718	-0.0917718	
-0.556758	-0.668099	-0.738306	-0.741265	-0.683944	-0.567144	-0.399999	-0.191398	0.0455663	0.284567	0.490777	0.641557	0.722696	0.73757	0.688379	0.59089	0.476827	0.366914	0.265177	0.178057	0.0947758	0.0254657	-0.0185321	-0.0442385	-0.0603411	-0.0756774	-0.0883098	-0.0950703	-0.095076	-0.0967899	-0.0932461	-0.0926343	-0.0962976	-0.096155	-0.0945771	-0.091196	-0.0971132	-0.0968164	-0.092534	-0.0971048	-0.0925316	-0.0871746	-0.0931377	-0.0960871	-0.0900119	-0.0877926	-0.0938086	-0.0954558	-0.0900072	-0.0900072	
-0.557899	-0.669354	-0.742732	-0.75738	-0.711752	-0.602844	-0.433962	-0.211941	0.0433988	0.298109	0.514615	0.669741	0.74858	0.756889	0.701086	0.596623	0.476008	0.363966	0.266417	0.177721	0.0916813	0.0207634	-0.0235036	-0.0465135	-0.0618892	-0.0755905	-0.0860668	-0.0913082	-0.0940588	-0.0989595	-0.0965472	-0.0962307	-0.100069	-0.0992784	-0.094436	-0.0874346	-0.0918719	-0.0985777	-0.0957118	-0.0899992	-0.0878598	-0.0932425	-0.0974224	-0.0932464	-0.0877926	-0.0896979	-0.0945865	-0.0938507	-0.0903763	-0.0903763	
-0.560596	-0.66413	-0.738594	-0.768651	-0.741639	-0.644331	-0.46594	-0.22165	0.0550122	0.31854	0.533937	0.685282	0.765873	0.770681	0.710022	0.608135	0.488575	0.369905	0.261818	0.164532	0.0816152	0.0210457	-0.0202018	-0.0481454	-0.0679888	-0.07903	-0.0870201	-0.0965114	-0.0989428	-0.0954061	-0.0913435	-0.0919417	-0.0966343	-0.0998313	-0.0980746	-0.0900634	-0.0888367	-0.0965112	-0.0964218	-0.0907802	-0.0910943	-0.094345	-0.0931537	-0.0908108	-0.0938086	-0.0945865	-0.088824	-0.0881616	-0.0939357	-0.0939357	
-0.56265	-0.658356	-0.731173	-0.774609	-0.761221	-0.66968	-0.48889	-0.226309	0.0631684	0.329662	0.549844	0.701179	0.774009	0.771117	0.713831	0.6195	0.499553	0.372742	0.253744	0.151092	0.075577	0.0224511	-0.0172867	-0.0481882	-0.0686445	-0.0825135	-0.0909092	-0.0947349	-0.0970403	-0.0918531	-0.0927392	-0.0943503	-0.094066	-0.0953647	-0.0947133	-0.0986216	-0.0932702	-0.0910409	-0.0980276	-0.0942055	-0.0913951	-0.0926211	-0.088836	-0.0893578	-0.0954558	-0.0938507	-0.0881616	-0.0900504	-0.0943095	-0.0943095	
-0.559817	-0.656116	-0.729889	-0.77792	-0.768914	-0.682516	-0.499954	-0.234348	0.0601959	0.331718	0.555731	0.709925	0.78438	0.775791	0.71084	0.618405	0.504047	0.375721	0.252493	0.146826	0.0767366	0.0299387	-0.0142107	-0.0538675	-0.077624	-0.0824006	-0.0844152	-0.0903651	-0.0940599	-0.0922701	-0.101463	-0.105337	-0.0946396	-0.0868427	-0.0912826	-0.103072	-0.094906	-0.0873667	-0.0931186	-0.0922521	-0.0926233	-0.0944803	-0.0934224	-0.0917718	-0.0900072	-0.0903763	-0.0939357	-0.0943095	-0.0883986	-0.0883986	
-0.559817	-0.656116	-0.729889	-0.77792	-0.768914	-0.682516	-0.499954	-0.234348	0.0601959	0.331718	0.555731	0.709925	0.78438	0.775791	0.71084	0.618405	0.504047	0.375721	0.252493	0.146826	0.0767366	0.0299387	-0.0142107	-0.0538675	-0.077624	-0.0824006	-0.0844152	-0.0903651	-0.0940599	-0.0922701	-0.101463	-0.105337	-0.0946396	-0.0868427	-0.0912826	-0.103072	-0.094906	-0.0873667	-0.0931186	-0.0922521	-0.0926233	-0.0944803	-0.0934224	-0.0917718	-0.0900072	-0.0903763	-0.0939357	-0.0943095	-0.0883986	-0.0883986	
