-0.227366	-0.230017	-0.262107	-0.313098	-0.377695	-0.451615	-0.51183	-0.547718	-0.573889	-0.574951	-0.535872	-0.454796	-0.330638	-0.167682	0.0111541	0.170329	0.283685	0.357827	0.388522	0.360455	0.286959	0.200876	0.11468	0.046996	0.0202405	0.041301	0.101351	0.181189	0.274778	0.356725	0.407585	0.417947	0.373033	0.275197	0.146774	0.0111803	-0.107706	-0.182878	-0.210774	-0.195211	-0.154426	-0.103513	-0.0528148	-0.033198	-0.0306192	-0.0288025	-0.0443803	-0.0614101	-0.0656232	-0.0656232	
-0.230017	-0.227177	-0.242484	-0.278712	-0.337281	-0.409069	-0.474029	-0.519838	-0.558604	-0.573174	-0.551814	-0.48952	-0.375861	-0.227364	-0.0659087	0.0851778	0.201456	0.280333	0.319625	0.296685	0.22847	0.145422	0.06002	-0.00126041	-0.0212475	0.0183225	0.0977968	0.196016	0.314108	0.422855	0.49258	0.514367	0.479315	0.383617	0.255699	0.115985	-0.00793543	-0.0910987	-0.131083	-0.128713	-0.109838	-0.0857249	-0.0627554	-0.0566	-0.06701	-0.0857084	-0.107933	-0.129321	-0.137436	-0.137436	
-0.262107	-0.242484	-0.236351	-0.255313	-0.305026	-0.367662	-0.429209	-0.482664	-0.519217	-0.543798	-0.542408	-0.495177	-0.40485	-0.285867	-0.145355	-0.00640648	0.107337	0.193484	0.234647	0.217585	0.154459	0.0724537	-0.00966162	-0.0617695	-0.0633833	-0.0102469	0.086152	0.211805	0.347461	0.471607	0.556177	0.579976	0.548992	0.462041	0.338398	0.204621	0.0905564	0.00716695	-0.0461453	-0.0632791	-0.0588715	-0.0486341	-0.0497284	-0.0549613	-0.0735314	-0.111741	-0.147678	-0.181863	-0.199496	-0.199496	
-0.313098	-0.278712	-0.255313	-0.261996	-0.294391	-0.346904	-0.398707	-0.445605	-0.478408	-0.510452	-0.526642	-0.497115	-0.433542	-0.342885	-0.225633	-0.0996503	0.0142859	0.0993051	0.138012	0.12997	0.0727928	-0.00349636	-0.0730322	-0.112075	-0.0969353	-0.0251377	0.0886017	0.233307	0.380179	0.505076	0.591071	0.611841	0.579545	0.497379	0.382544	0.261655	0.155884	0.0797391	0.0251932	0.00241138	0.00310962	0.00470542	-0.00164367	-0.0205563	-0.0567559	-0.108065	-0.157464	-0.199519	-0.22879	-0.22879	
-0.377695	-0.337281	-0.305026	-0.294391	-0.306507	-0.347651	-0.389722	-0.424285	-0.456398	-0.493392	-0.51937	-0.506723	-0.463823	-0.394337	-0.296428	-0.18274	-0.0721532	0.00968562	0.0520826	0.0552964	0.0100617	-0.0607821	-0.116764	-0.138824	-0.105266	-0.0168401	0.108187	0.260642	0.401198	0.513984	0.585234	0.598892	0.563672	0.481929	0.379006	0.268919	0.169679	0.105593	0.0708361	0.0653505	0.0743452	0.0760589	0.0708693	0.0456907	-0.00565924	-0.0678001	-0.126231	-0.171281	-0.201008	-0.201008	
-0.451615	-0.409069	-0.367662	-0.346904	-0.347651	-0.367318	-0.398155	-0.426356	-0.45831	-0.497475	-0.528887	-0.528345	-0.495957	-0.435295	-0.3481	-0.243752	-0.1318	-0.0536308	-0.00811033	0.00887579	-0.0256394	-0.0864775	-0.122484	-0.130238	-0.0898342	0.00644505	0.128837	0.269012	0.394443	0.487942	0.539764	0.543842	0.498452	0.416341	0.315056	0.211023	0.137541	0.0941075	0.0883535	0.113999	0.143532	0.163024	0.159485	0.131901	0.0820199	0.0218689	-0.0379875	-0.0861632	-0.108933	-0.108933	
-0.51183	-0.474029	-0.429209	-0.398707	-0.389722	-0.398155	-0.419415	-0.452495	-0.488584	-0.534303	-0.562098	-0.559651	-0.525336	-0.467833	-0.386767	-0.290078	-0.184336	-0.0991595	-0.040984	-0.0107243	-0.0327785	-0.0785818	-0.101998	-0.0955617	-0.0496561	0.0425542	0.149496	0.261869	0.359569	0.425418	0.457543	0.44539	0.386321	0.295598	0.195606	0.110901	0.0633348	0.0526782	0.0848042	0.140788	0.197101	0.243775	0.261822	0.247707	0.20829	0.161752	0.108566	0.0580074	0.0388451	0.0388451	
-0.547718	-0.519838	-0.482664	-0.445605	-0.424285	-0.426356	-0.452495	-0.498154	-0.540774	-0.579743	-0.60211	-0.592169	-0.550272	-0.498589	-0.424863	-0.3298	-0.23174	-0.139349	-0.0657107	-0.0314026	-0.0359324	-0.0564416	-0.0686497	-0.0484654	-0.00200526	0.0699715	0.159624	0.244803	0.309557	0.35124	0.358162	0.315219	0.240249	0.146553	0.0532599	-0.0103598	-0.0353231	-0.0100645	0.0599234	0.144579	0.229014	0.304062	0.357652	0.37489	0.361678	0.337749	0.299961	0.263144	0.249162	0.249162	
-0.573889	-0.558604	-0.519217	-0.478408	-0.456398	-0.45831	-0.488584	-0.540774	-0.589395	-0.619162	-0.629285	-0.612843	-0.577014	-0.526241	-0.463604	-0.380656	-0.290864	-0.19328	-0.11128	-0.071686	-0.0533595	-0.0481009	-0.0433189	-0.0159574	0.0339658	0.0945944	0.16687	0.229309	0.26993	0.282371	0.253555	0.186081	0.0932841	-0.0050418	-0.0931117	-0.139455	-0.138862	-0.0917466	0.00170583	0.120571	0.249821	0.361966	0.450834	0.508182	0.530683	0.534614	0.517607	0.497903	0.490924	0.490924	
-0.574951	-0.573174	-0.543798	-0.510452	-0.493392	-0.497475	-0.534303	-0.579743	-0.619162	-0.640651	-0.638051	-0.624021	-0.600571	-0.561628	-0.51741	-0.456181	-0.36967	-0.276582	-0.191558	-0.132261	-0.0953934	-0.0690583	-0.040727	-0.00365471	0.0503292	0.119797	0.183427	0.228209	0.249414	0.228207	0.164909	0.0739655	-0.038981	-0.144714	-0.224805	-0.263635	-0.243377	-0.169614	-0.0517562	0.102014	0.266468	0.415423	0.543732	0.634822	0.691584	0.723801	0.732077	0.733908	0.729673	0.729673	
-0.535872	-0.551814	-0.542408	-0.526642	-0.51937	-0.528887	-0.562098	-0.60211	-0.629285	-0.638051	-0.636263	-0.629761	-0.619235	-0.604833	-0.586517	-0.550258	-0.481002	-0.397186	-0.309887	-0.239509	-0.18125	-0.131364	-0.0806201	-0.0165535	0.0596174	0.146189	0.211097	0.246398	0.242011	0.193085	0.107939	-0.00740029	-0.130202	-0.241489	-0.324823	-0.36063	-0.326131	-0.226397	-0.0800864	0.102637	0.293287	0.470655	0.625947	0.745594	0.829224	0.881537	0.912651	0.930879	0.933464	0.933464	
-0.454796	-0.48952	-0.495177	-0.497115	-0.506723	-0.528345	-0.559651	-0.592169	-0.612843	-0.624021	-0.629761	-0.637378	-0.647719	-0.660394	-0.667404	-0.655884	-0.615144	-0.545907	-0.467821	-0.39503	-0.31906	-0.239002	-0.152543	-0.0463955	0.0676454	0.168807	0.235592	0.261971	0.241228	0.175686	0.0779491	-0.0462418	-0.175075	-0.288703	-0.370706	-0.394728	-0.348395	-0.239509	-0.0745689	0.128552	0.338998	0.53239	0.696819	0.83072	0.928465	0.990988	1.033	1.05917	1.06781	1.06781	
-0.330638	-0.375861	-0.40485	-0.433542	-0.463823	-0.495957	-0.525336	-0.550272	-0.577014	-0.600571	-0.619235	-0.647719	-0.680994	-0.722795	-0.764618	-0.777401	-0.755438	-0.70691	-0.639936	-0.560836	-0.474811	-0.371217	-0.24143	-0.0931823	0.0521128	0.171934	0.247851	0.267435	0.241855	0.173592	0.0683738	-0.0502854	-0.177736	-0.288914	-0.35808	-0.368267	-0.30764	-0.187394	-0.0127967	0.190191	0.400175	0.597106	0.758707	0.8897	0.980337	1.04043	1.0842	1.1047	1.11466	1.11466	
-0.167682	-0.227364	-0.285867	-0.342885	-0.394337	-0.435295	-0.467833	-0.498589	-0.526241	-0.561628	-0.604833	-0.660394	-0.722795	-0.799685	-0.869818	-0.899796	-0.895608	-0.866393	-0.809681	-0.729356	-0.627651	-0.497635	-0.328677	-0.144266	0.0241937	0.158384	0.246974	0.276622	0.251254	0.18861	0.0846482	-0.0377055	-0.159456	-0.257133	-0.307753	-0.302705	-0.227416	-0.0926521	0.087932	0.285645	0.483017	0.665499	0.810064	0.924073	0.999509	1.04244	1.06819	1.07481	1.07847	1.07847	
0.0111541	-0.0659087	-0.145355	-0.225633	-0.296428	-0.3481	-0.386767	-0.424863	-0.463604	-0.51741	-0.586517	-0.667404	-0.764618	-0.869818	-0.956875	-1.00452	-1.02433	-1.01899	-0.97747	-0.899026	-0.775287	-0.611658	-0.406187	-0.189648	0.00144205	0.150951	0.251334	0.293262	0.271994	0.207976	0.108001	-0.00928906	-0.121316	-0.205527	-0.241696	-0.218176	-0.129775	0.0123246	0.193278	0.385412	0.567434	0.727072	0.848722	0.933051	0.988799	1.01037	1.00993	1.00757	0.999499	0.999499	
0.170329	0.0851778	-0.00640648	-0.0996503	-0.18274	-0.243752	-0.290078	-0.3298	-0.380656	-0.456181	-0.550258	-0.655884	-0.777401	-0.899796	-1.00452	-1.08023	-1.129	-1.15001	-1.12392	-1.0422	-0.903201	-0.712643	-0.480192	-0.234896	-0.0163691	0.154109	0.265783	0.308422	0.290439	0.224183	0.134409	0.031125	-0.0731281	-0.143331	-0.166435	-0.126783	-0.0333473	0.110014	0.286324	0.460449	0.62724	0.765266	0.862898	0.919757	0.946867	0.951313	0.940782	0.935084	0.924697	0.924697	
0.283685	0.201456	0.107337	0.0142859	-0.0721532	-0.1318	-0.184336	-0.23174	-0.290864	-0.36967	-0.481002	-0.615144	-0.755438	-0.895608	-1.02433	-1.129	-1.20069	-1.24555	-1.23251	-1.14783	-1.00103	-0.792603	-0.535182	-0.264571	-0.0252085	0.164398	0.288969	0.333139	0.318615	0.255696	0.164148	0.0625339	-0.0291044	-0.0822457	-0.0962828	-0.0544656	0.037968	0.177072	0.3449	0.508346	0.664276	0.785282	0.860517	0.897576	0.903644	0.888426	0.866159	0.853347	0.841789	0.841789	
0.357827	0.280333	0.193484	0.0993051	0.00968562	-0.0536308	-0.0991595	-0.139349	-0.19328	-0.276582	-0.397186	-0.545907	-0.70691	-0.866393	-1.01899	-1.15001	-1.24555	-1.29412	-1.28696	-1.21163	-1.05624	-0.833991	-0.563239	-0.273246	-0.00871765	0.193963	0.325481	0.378405	0.364351	0.29907	0.204817	0.103079	0.0108568	-0.0437859	-0.0546342	-0.0106862	0.0848728	0.219417	0.378987	0.536122	0.673738	0.775569	0.833783	0.855365	0.851929	0.825417	0.791542	0.767535	0.747806	0.747806	
0.388522	0.319625	0.234647	0.138012	0.0520826	-0.00811033	-0.040984	-0.0657107	-0.11128	-0.191558	-0.309887	-0.467821	-0.639936	-0.809681	-0.97747	-1.12392	-1.23251	-1.28696	-1.28984	-1.22572	-1.0671	-0.83053	-0.544246	-0.237829	0.0426839	0.252601	0.383437	0.436853	0.42225	0.3559	0.257213	0.1532	0.0559821	-0.0121255	-0.0270549	0.013079	0.10766	0.242063	0.392113	0.534512	0.647832	0.729474	0.77411	0.785463	0.774922	0.744014	0.708722	0.677613	0.654527	0.654527	
0.360455	0.296685	0.217585	0.12997	0.0552964	0.00887579	-0.0107243	-0.0314026	-0.071686	-0.132261	-0.239509	-0.39503	-0.560836	-0.729356	-0.899026	-1.0422	-1.14783	-1.21163	-1.22572	-1.16556	-1.00323	-0.753424	-0.454207	-0.138912	0.141463	0.349323	0.477449	0.518067	0.490611	0.418084	0.30808	0.192983	0.093528	0.019423	-0.00574556	0.0256455	0.111616	0.232125	0.366648	0.494541	0.595897	0.665834	0.695289	0.699412	0.676177	0.634161	0.598458	0.563323	0.547706	0.547706	
0.286959	0.22847	0.154459	0.0727928	0.0100617	-0.0256394	-0.0327785	-0.0359324	-0.0533595	-0.0953934	-0.18125	-0.31906	-0.474811	-0.627651	-0.775287	-0.903201	-1.00103	-1.05624	-1.0671	-1.00323	-0.835929	-0.584358	-0.290697	0.0151285	0.287675	0.483372	0.593802	0.620198	0.580233	0.48982	0.36312	0.229412	0.110648	0.0241598	-0.00618014	0.0185826	0.0907246	0.196011	0.311941	0.426175	0.518824	0.579213	0.60041	0.588013	0.551236	0.50307	0.463255	0.431677	0.416496	0.416496	
0.200876	0.145422	0.0724537	-0.00349636	-0.0607821	-0.0864775	-0.0785818	-0.0564416	-0.0481009	-0.0690583	-0.131364	-0.239002	-0.371217	-0.497635	-0.611658	-0.712643	-0.792603	-0.833991	-0.83053	-0.753424	-0.584358	-0.341777	-0.0599713	0.224909	0.474134	0.645348	0.733521	0.743798	0.683111	0.565525	0.41344	0.254767	0.110938	0.00757855	-0.0342234	-0.0199949	0.0397901	0.132937	0.238901	0.341917	0.418658	0.463851	0.474412	0.45009	0.411781	0.363712	0.317994	0.286023	0.263984	0.263984	
0.11468	0.06002	-0.00966162	-0.0730322	-0.116764	-0.122484	-0.101998	-0.0686497	-0.0433189	-0.040727	-0.0806201	-0.152543	-0.24143	-0.328677	-0.406187	-0.480192	-0.535182	-0.563239	-0.544246	-0.454207	-0.290697	-0.0599713	0.205867	0.46517	0.679558	0.822082	0.883604	0.864557	0.774769	0.627113	0.45009	0.265606	0.106419	-0.00671136	-0.0715573	-0.0777858	-0.0341781	0.0501021	0.149621	0.237559	0.301336	0.329068	0.326514	0.302795	0.264802	0.216546	0.166514	0.1277	0.105225	0.105225	
0.046996	-0.00126041	-0.0617695	-0.112075	-0.138824	-0.130238	-0.0955617	-0.0484654	-0.0159574	-0.00365471	-0.0165535	-0.0463955	-0.0931823	-0.144266	-0.189648	-0.234896	-0.264571	-0.273246	-0.237829	-0.138912	0.0151285	0.224909	0.46517	0.692007	0.869329	0.980864	1.01354	0.964027	0.845917	0.672045	0.476877	0.279899	0.103913	-0.0324372	-0.115338	-0.132664	-0.100772	-0.0255526	0.0588428	0.125611	0.174675	0.193687	0.185392	0.151937	0.105936	0.0562201	0.00644342	-0.0279924	-0.0480187	-0.0480187	
0.0202405	-0.0212475	-0.0633833	-0.0969353	-0.105266	-0.0898342	-0.0496561	-0.00200526	0.0339658	0.0503292	0.0596174	0.0676454	0.0521128	0.0241937	0.00144205	-0.0163691	-0.0252085	-0.00871765	0.0426839	0.141463	0.287675	0.474134	0.679558	0.869329	1.0176	1.10001	1.10595	1.03732	0.898065	0.711301	0.506821	0.295025	0.0977639	-0.0555898	-0.143524	-0.16713	-0.145302	-0.0906287	-0.0260283	0.0298726	0.0655514	0.0766562	0.0605853	0.0137742	-0.0423539	-0.099305	-0.152376	-0.185133	-0.20273	-0.20273	
0.041301	0.0183225	-0.0102469	-0.0251377	-0.0168401	0.00644505	0.0425542	0.0699715	0.0945944	0.119797	0.146189	0.168807	0.171934	0.158384	0.150951	0.154109	0.164398	0.193963	0.252601	0.349323	0.483372	0.645348	0.822082	0.980864	1.10001	1.15877	1.14599	1.07001	0.928645	0.747222	0.531748	0.304929	0.10779	-0.0475442	-0.138256	-0.17332	-0.163458	-0.123753	-0.0759443	-0.0324746	-0.0126933	-0.017993	-0.0516772	-0.105411	-0.168236	-0.232087	-0.286955	-0.329685	-0.347027	-0.347027	
0.101351	0.0977968	0.086152	0.0886017	0.108187	0.128837	0.149496	0.159624	0.16687	0.183427	0.211097	0.235592	0.247851	0.246974	0.251334	0.265783	0.288969	0.325481	0.383437	0.477449	0.593802	0.733521	0.883604	1.01354	1.10595	1.14599	1.12651	1.05065	0.922049	0.749619	0.540498	0.325937	0.136883	-0.0125239	-0.103809	-0.144518	-0.141147	-0.111049	-0.0740866	-0.0499391	-0.0530516	-0.0792067	-0.131153	-0.19444	-0.266231	-0.332153	-0.384722	-0.434367	-0.454187	-0.454187	
0.181189	0.196016	0.211805	0.233307	0.260642	0.269012	0.261869	0.244803	0.229309	0.228209	0.246398	0.261971	0.267435	0.276622	0.293262	0.308422	0.333139	0.378405	0.436853	0.518067	0.620198	0.743798	0.864557	0.964027	1.03732	1.07001	1.05065	0.989588	0.881655	0.718805	0.529711	0.340832	0.171268	0.0366316	-0.0501425	-0.0885773	-0.0862228	-0.0642029	-0.0405637	-0.0270647	-0.0410657	-0.0840533	-0.146452	-0.219042	-0.301312	-0.377138	-0.438804	-0.489575	-0.511404	-0.511404	
0.274778	0.314108	0.347461	0.380179	0.401198	0.394443	0.359569	0.309557	0.26993	0.249414	0.242011	0.241228	0.241855	0.251254	0.271994	0.290439	0.318615	0.364351	0.42225	0.490611	0.580233	0.683111	0.774769	0.845917	0.898065	0.928645	0.922049	0.881655	0.789952	0.656878	0.502823	0.338627	0.196804	0.0844462	0.0121021	-0.0143425	-0.00223421	0.0209478	0.0356248	0.0410315	0.0169728	-0.0350456	-0.102788	-0.183889	-0.271139	-0.35391	-0.419792	-0.46442	-0.487216	-0.487216	
0.356725	0.422855	0.471607	0.505076	0.513984	0.487942	0.425418	0.35124	0.282371	0.228207	0.193085	0.175686	0.173592	0.18861	0.207976	0.224183	0.255696	0.29907	0.3559	0.418084	0.48982	0.565525	0.627113	0.672045	0.711301	0.747222	0.749619	0.718805	0.656878	0.562777	0.448108	0.321188	0.205104	0.1228	0.081097	0.0752253	0.0994736	0.131015	0.146286	0.147255	0.121978	0.0675366	0.0012289	-0.083606	-0.173091	-0.248661	-0.312035	-0.355272	-0.380025	-0.380025	
0.407585	0.49258	0.556177	0.591071	0.585234	0.539764	0.457543	0.358162	0.253555	0.164909	0.107939	0.0779491	0.0683738	0.0846482	0.108001	0.134409	0.164148	0.204817	0.257213	0.30808	0.36312	0.41344	0.45009	0.476877	0.506821	0.531748	0.540498	0.529711	0.502823	0.448108	0.366528	0.281995	0.205035	0.159491	0.150044	0.171932	0.212322	0.252082	0.279386	0.288178	0.272128	0.221252	0.155996	0.0778103	-0.00327145	-0.0698454	-0.132214	-0.17559	-0.196283	-0.196283	
0.417947	0.514367	0.579976	0.611841	0.598892	0.543842	0.44539	0.315219	0.186081	0.0739655	-0.00740029	-0.0462418	-0.0502854	-0.0377055	-0.00928906	0.031125	0.0625339	0.103079	0.1532	0.192983	0.229412	0.254767	0.265606	0.279899	0.295025	0.304929	0.325937	0.340832	0.338627	0.321188	0.281995	0.234295	0.204829	0.205235	0.22475	0.272522	0.33286	0.389665	0.438031	0.455562	0.443341	0.403566	0.34781	0.28111	0.211118	0.152732	0.0978111	0.0587919	0.0448242	0.0448242	
0.373033	0.479315	0.548992	0.579545	0.563672	0.498452	0.386321	0.240249	0.0932841	-0.038981	-0.130202	-0.175075	-0.177736	-0.159456	-0.121316	-0.0731281	-0.0291044	0.0108568	0.0559821	0.093528	0.110648	0.110938	0.106419	0.103913	0.0977639	0.10779	0.136883	0.171268	0.196804	0.205104	0.205035	0.204829	0.217153	0.25116	0.306342	0.384848	0.467179	0.541436	0.603279	0.629459	0.625243	0.600268	0.557265	0.500701	0.438747	0.390491	0.347781	0.311893	0.300594	0.300594	
0.275197	0.383617	0.462041	0.497379	0.481929	0.416341	0.295598	0.146553	-0.0050418	-0.144714	-0.241489	-0.288703	-0.288914	-0.257133	-0.205527	-0.143331	-0.0822457	-0.0437859	-0.0121255	0.019423	0.0241598	0.00757855	-0.00671136	-0.0324372	-0.0555898	-0.0475442	-0.0125239	0.0366316	0.0844462	0.1228	0.159491	0.205235	0.25116	0.31869	0.40679	0.506158	0.611747	0.694446	0.761341	0.798326	0.801856	0.787588	0.750258	0.702681	0.654386	0.610992	0.575084	0.549276	0.539823	0.539823	
0.146774	0.255699	0.338398	0.382544	0.379006	0.315056	0.195606	0.0532599	-0.0931117	-0.224805	-0.324823	-0.370706	-0.35808	-0.307753	-0.241696	-0.166435	-0.0962828	-0.0546342	-0.0270549	-0.00574556	-0.00618014	-0.0342234	-0.0715573	-0.115338	-0.143524	-0.138256	-0.103809	-0.0501425	0.0121021	0.081097	0.150044	0.22475	0.306342	0.40679	0.521683	0.636978	0.750819	0.845932	0.912615	0.947666	0.954894	0.93914	0.906864	0.868444	0.827823	0.785796	0.75412	0.738502	0.725275	0.725275	
0.0111803	0.115985	0.204621	0.261655	0.268919	0.211023	0.110901	-0.0103598	-0.139455	-0.263635	-0.36063	-0.394728	-0.368267	-0.302705	-0.218176	-0.126783	-0.0544656	-0.0106862	0.013079	0.0256455	0.0185826	-0.0199949	-0.0777858	-0.132664	-0.16713	-0.17332	-0.144518	-0.0885773	-0.0143425	0.0752253	0.171932	0.272522	0.384848	0.506158	0.636978	0.767602	0.879764	0.976113	1.03733	1.06439	1.07272	1.05184	1.01326	0.975048	0.937167	0.897786	0.87283	0.858472	0.837651	0.837651	
-0.107706	-0.00793543	0.0905564	0.155884	0.169679	0.137541	0.0633348	-0.0353231	-0.138862	-0.243377	-0.326131	-0.348395	-0.30764	-0.227416	-0.129775	-0.0333473	0.037968	0.0848728	0.10766	0.111616	0.0907246	0.0397901	-0.0341781	-0.100772	-0.145302	-0.163458	-0.141147	-0.0862228	-0.00223421	0.0994736	0.212322	0.33286	0.467179	0.611747	0.750819	0.879764	0.99152	1.0758	1.12364	1.14257	1.14003	1.11343	1.06331	1.0198	0.985296	0.941339	0.914809	0.900417	0.882573	0.882573	
-0.182878	-0.0910987	0.00716695	0.0797391	0.105593	0.0941075	0.0526782	-0.0100645	-0.0917466	-0.169614	-0.226397	-0.239509	-0.187394	-0.0926521	0.0123246	0.110014	0.177072	0.219417	0.242063	0.232125	0.196011	0.132937	0.0501021	-0.0255526	-0.0906287	-0.123753	-0.111049	-0.0642029	0.0209478	0.131015	0.252082	0.389665	0.541436	0.694446	0.845932	0.976113	1.0758	1.14686	1.18071	1.18149	1.1544	1.11295	1.05957	1.01207	0.969532	0.919002	0.889113	0.875269	0.866648	0.866648	
-0.210774	-0.131083	-0.0461453	0.0251932	0.0708361	0.0883535	0.0848042	0.0599234	0.00170583	-0.0517562	-0.0800864	-0.0745689	-0.0127967	0.087932	0.193278	0.286324	0.3449	0.378987	0.392113	0.366648	0.311941	0.238901	0.149621	0.0588428	-0.0260283	-0.0759443	-0.0740866	-0.0405637	0.0356248	0.146286	0.279386	0.438031	0.603279	0.761341	0.912615	1.03733	1.12364	1.18071	1.19883	1.1757	1.12733	1.07471	1.01745	0.953451	0.897645	0.853504	0.821695	0.800026	0.78882	0.78882	
-0.195211	-0.128713	-0.0632791	0.00241138	0.0653505	0.113999	0.140788	0.144579	0.120571	0.102014	0.102637	0.128552	0.190191	0.285645	0.385412	0.460449	0.508346	0.536122	0.534512	0.494541	0.426175	0.341917	0.237559	0.125611	0.0298726	-0.0324746	-0.0499391	-0.0270647	0.0410315	0.147255	0.288178	0.455562	0.629459	0.798326	0.947666	1.06439	1.14257	1.18149	1.1757	1.13656	1.07868	1.01112	0.936649	0.856268	0.797356	0.759204	0.720628	0.691416	0.67871	0.67871	
-0.154426	-0.109838	-0.0588715	0.00310962	0.0743452	0.143532	0.197101	0.229014	0.249821	0.266468	0.293287	0.338998	0.400175	0.483017	0.567434	0.62724	0.664276	0.673738	0.647832	0.595897	0.518824	0.418658	0.301336	0.174675	0.0655514	-0.0126933	-0.0530516	-0.0410657	0.0169728	0.121978	0.272128	0.443341	0.625243	0.801856	0.954894	1.07272	1.14003	1.1544	1.12733	1.07868	1.00809	0.916823	0.829845	0.753768	0.689605	0.638634	0.596195	0.57101	0.56439	0.56439	
-0.103513	-0.0857249	-0.0486341	0.00470542	0.0760589	0.163024	0.243775	0.304062	0.361966	0.415423	0.470655	0.53239	0.597106	0.665499	0.727072	0.765266	0.785282	0.775569	0.729474	0.665834	0.579213	0.463851	0.329068	0.193687	0.0766562	-0.017993	-0.0792067	-0.0840533	-0.0350456	0.0675366	0.221252	0.403566	0.600268	0.787588	0.93914	1.05184	1.11343	1.11295	1.07471	1.01112	0.916823	0.811994	0.726463	0.652301	0.575091	0.514688	0.47755	0.454108	0.44374	0.44374	
-0.0528148	-0.0627554	-0.0497284	-0.00164367	0.0708693	0.159485	0.261822	0.357652	0.450834	0.543732	0.625947	0.696819	0.758707	0.810064	0.848722	0.862898	0.860517	0.833783	0.77411	0.695289	0.60041	0.474412	0.326514	0.185392	0.0605853	-0.0516772	-0.131153	-0.146452	-0.102788	0.0012289	0.155996	0.34781	0.557265	0.750258	0.906864	1.01326	1.06331	1.05957	1.01745	0.936649	0.829845	0.726463	0.632599	0.54338	0.463556	0.411038	0.375516	0.34415	0.328612	0.328612	
-0.033198	-0.0566	-0.0549613	-0.0205563	0.0456907	0.131901	0.247707	0.37489	0.508182	0.634822	0.745594	0.83072	0.8897	0.924073	0.933051	0.919757	0.897576	0.855365	0.785463	0.699412	0.588013	0.45009	0.302795	0.151937	0.0137742	-0.105411	-0.19444	-0.219042	-0.183889	-0.083606	0.0778103	0.28111	0.500701	0.702681	0.868444	0.975048	1.0198	1.01207	0.953451	0.856268	0.753768	0.652301	0.54338	0.444742	0.373203	0.325152	0.280854	0.247972	0.239745	0.239745	
-0.0306192	-0.06701	-0.0735314	-0.0567559	-0.00565924	0.0820199	0.20829	0.361678	0.530683	0.691584	0.829224	0.928465	0.980337	0.999509	0.988799	0.946867	0.903644	0.851929	0.774922	0.676177	0.551236	0.411781	0.264802	0.105936	-0.0423539	-0.168236	-0.266231	-0.301312	-0.271139	-0.173091	-0.00327145	0.211118	0.438747	0.654386	0.827823	0.937167	0.985296	0.969532	0.897645	0.797356	0.689605	0.575091	0.463556	0.373203	0.303021	0.247122	0.201084	0.175416	0.172983	0.172983	
-0.0288025	-0.0857084	-0.111741	-0.108065	-0.0678001	0.0218689	0.161752	0.337749	0.534614	0.723801	0.881537	0.990988	1.04043	1.04244	1.01037	0.951313	0.888426	0.825417	0.744014	0.634161	0.50307	0.363712	0.216546	0.0562201	-0.099305	-0.232087	-0.332153	-0.377138	-0.35391	-0.248661	-0.0698454	0.152732	0.390491	0.610992	0.785796	0.897786	0.941339	0.919002	0.853504	0.759204	0.638634	0.514688	0.411038	0.325152	0.247122	0.186225	0.147079	0.122379	0.110622	0.110622	
-0.0443803	-0.107933	-0.147678	-0.157464	-0.126231	-0.0379875	0.108566	0.299961	0.517607	0.732077	0.912651	1.033	1.0842	1.06819	1.00993	0.940782	0.866159	0.791542	0.708722	0.598458	0.463255	0.317994	0.166514	0.00644342	-0.152376	-0.286955	-0.384722	-0.438804	-0.419792	-0.312035	-0.132214	0.0978111	0.347781	0.575084	0.75412	0.87283	0.914809	0.889113	0.821695	0.720628	0.596195	0.47755	0.375516	0.280854	0.201084	0.147079	0.112875	0.0864205	0.067555	0.067555	
-0.0614101	-0.129321	-0.181863	-0.199519	-0.171281	-0.0861632	0.0580074	0.263144	0.497903	0.733908	0.930879	1.05917	1.1047	1.07481	1.00757	0.935084	0.853347	0.767535	0.677613	0.563323	0.431677	0.286023	0.1277	-0.0279924	-0.185133	-0.329685	-0.434367	-0.489575	-0.46442	-0.355272	-0.17559	0.0587919	0.311893	0.549276	0.738502	0.858472	0.900417	0.875269	0.800026	0.691416	0.57101	0.454108	0.34415	0.247972	0.175416	0.122379	0.0864205	0.0633913	0.0488373	0.0488373	
-0.0656232	-0.137436	-0.199496	-0.22879	-0.201008	-0.108933	0.0388451	0.249162	0.490924	0.729673	0.933464	1.06781	1.11466	1.07847	0.999499	0.924697	0.841789	0.747806	0.654527	0.547706	0.416496	0.263984	0.105225	-0.0480187	-0.20273	-0.347027	-0.454187	-0.511404	-0.487216	-0.380025	-0.196283	0.0448242	0.300594	0.539823	0.725275	0.837651	0.882573	0.866648	0.78882	0.67871	0.56439	0.44374	0.328612	0.239745	0.172983	0.110622	0.067555	0.0488373	0.0359708	0.0359708	
-0.0656232	-0.137436	-0.199496	-0.22879	-0.201008	-0.108933	0.0388451	0.249162	0.490924	0.729673	0.933464	1.06781	1.11466	1.07847	0.999499	0.924697	0.841789	0.747806	0.654527	0.547706	0.416496	0.263984	0.105225	-0.0480187	-0.20273	-0.347027	-0.454187	-0.511404	-0.487216	-0.380025	-0.196283	0.0448242	0.300594	0.539823	0.725275	0.837651	0.882573	0.866648	0.78882	0.67871	0.56439	0.44374	0.328612	0.239745	0.172983	0.110622	0.067555	0.0488373	0.0359708	0.0359708	
