4.07623	4.07623	3.95103	3.70879	3.35801	2.93271	2.47023	2.024	1.64094	1.34829	1.15844	1.05669	1.03045	1.06269	1.14237	1.24935	1.35492	1.41942	1.42538	1.37067	1.28854	1.2106	1.15185	1.12132	1.10636	1.10635	1.11262	1.10385	1.07303	1.03163	0.998252	1.00006	1.01297	1.01875	1.00888	0.992508	0.986132	0.991886	0.998231	1.00952	1.01358	1.00987	1.00586	1.01858	1.03391	1.0401	1.03527	1.03826	1.05594	1.07822	
4.07623	4.07623	3.95103	3.70879	3.35801	2.93271	2.47023	2.024	1.64094	1.34829	1.15844	1.05669	1.03045	1.06269	1.14237	1.24935	1.35492	1.41942	1.42538	1.37067	1.28854	1.2106	1.15185	1.12132	1.10636	1.10635	1.11262	1.10385	1.07303	1.03163	0.998252	1.00006	1.01297	1.01875	1.00888	0.992508	0.986132	0.991886	0.998231	1.00952	1.01358	1.00987	1.00586	1.01858	1.03391	1.0401	1.03527	1.03826	1.05594	1.07822	
3.95103	3.95103	3.82696	3.58696	3.2393	2.81842	2.36008	1.91858	1.53934	1.24953	1.06252	0.962559	0.938122	0.972527	1.05293	1.16135	1.26767	1.33356	1.34161	1.28959	1.20949	1.13174	1.07403	1.04064	1.02475	1.02336	1.02648	1.01669	0.985962	0.942253	0.907841	0.907524	0.916319	0.920373	0.909871	0.892762	0.884728	0.888819	0.893828	0.905327	0.908871	0.903765	0.900173	0.914521	0.93	0.935659	0.932472	0.938101	0.95726	0.980377	
3.70879	3.70879	3.58696	3.34994	3.00895	2.59389	2.14448	1.71019	1.33767	1.0547	0.87176	0.777903	0.758974	0.798442	0.884893	0.997018	1.1065	1.17691	1.18847	1.14182	1.06535	0.991181	0.93257	0.901194	0.883713	0.879526	0.880828	0.867299	0.832167	0.788293	0.751567	0.744655	0.751369	0.751011	0.736669	0.717168	0.707084	0.707562	0.711402	0.717774	0.720041	0.717099	0.714104	0.72335	0.738405	0.747354	0.746765	0.752421	0.772729	0.79883	
3.35801	3.35801	3.2393	3.00895	2.67695	2.27488	1.83795	1.41798	1.05717	0.7842	0.610396	0.523943	0.512803	0.560326	0.652828	0.77148	0.886423	0.964281	0.984958	0.949214	0.882798	0.813113	0.760658	0.726406	0.709044	0.70348	0.699702	0.684291	0.650427	0.602844	0.564492	0.55172	0.548963	0.543337	0.526	0.503335	0.48878	0.484311	0.483007	0.487386	0.48672	0.479496	0.475296	0.486213	0.499558	0.50553	0.506717	0.516432	0.538214	0.56375	
2.93271	2.93271	2.81842	2.59389	2.27488	1.88464	1.46529	1.05985	0.713491	0.45354	0.289571	0.215469	0.215451	0.275879	0.380591	0.510341	0.635493	0.725679	0.759202	0.739641	0.685709	0.628819	0.581791	0.554224	0.540322	0.535307	0.531344	0.515171	0.478615	0.432458	0.392178	0.371029	0.362836	0.34997	0.32745	0.301438	0.280772	0.26765	0.262394	0.257618	0.252211	0.244092	0.23872	0.23951	0.248427	0.254854	0.257264	0.264467	0.283307	0.309053	
2.47023	2.47023	2.36008	2.14448	1.83795	1.46529	1.06348	0.678203	0.347234	0.102582	-0.0498415	-0.112339	-0.0995321	-0.0272103	0.0907324	0.231794	0.368652	0.473965	0.525567	0.526839	0.495462	0.453154	0.421439	0.401184	0.3943	0.393643	0.391472	0.376879	0.345231	0.301725	0.263864	0.236822	0.220661	0.201774	0.173529	0.141935	0.115802	0.0967138	0.0820396	0.0698042	0.0570175	0.0428713	0.0316022	0.0291727	0.0314294	0.0311167	0.0309538	0.0375514	0.053364	0.0731494	
2.024	2.024	1.91858	1.71019	1.41798	1.05985	0.678203	0.30893	-0.00522863	-0.238712	-0.381403	-0.433654	-0.412186	-0.326072	-0.197549	-0.0437322	0.106174	0.227356	0.299353	0.326748	0.317392	0.297944	0.282493	0.274745	0.280787	0.289821	0.294147	0.288187	0.264598	0.228823	0.195072	0.165636	0.144308	0.11906	0.0899254	0.0583179	0.0247077	-0.00664141	-0.0276836	-0.049819	-0.0698413	-0.0908134	-0.106295	-0.121041	-0.128203	-0.13481	-0.137616	-0.136209	-0.129374	-0.115577	
1.64094	1.64094	1.53934	1.33767	1.05717	0.713491	0.347234	-0.00522863	-0.309692	-0.532541	-0.671907	-0.719184	-0.69126	-0.600101	-0.462281	-0.302026	-0.1438	-0.00969869	0.0811087	0.130852	0.149728	0.152399	0.157742	0.16852	0.190033	0.211506	0.228245	0.232629	0.220073	0.199509	0.178091	0.151044	0.130283	0.105855	0.0735533	0.0389329	0.00272705	-0.0299937	-0.0600275	-0.0923486	-0.122795	-0.14897	-0.172902	-0.19578	-0.214045	-0.229756	-0.239175	-0.243792	-0.244903	-0.240864	
1.34829	1.34829	1.24953	1.0547	0.7842	0.45354	0.102582	-0.238712	-0.532541	-0.75408	-0.893587	-0.943794	-0.920403	-0.828925	-0.693662	-0.533341	-0.372484	-0.231967	-0.126448	-0.0536939	-0.0122674	0.0133054	0.0386875	0.0634015	0.101336	0.138627	0.169108	0.190201	0.198871	0.196937	0.190648	0.173186	0.155781	0.13227	0.108846	0.08345	0.0473706	0.00690836	-0.0280531	-0.0658337	-0.101246	-0.135477	-0.165316	-0.198067	-0.227749	-0.254229	-0.269489	-0.280005	-0.292346	-0.29854	
1.15844	1.15844	1.06252	0.87176	0.610396	0.289571	-0.0498415	-0.381403	-0.671907	-0.893587	-1.04046	-1.09923	-1.08386	-1.00102	-0.871865	-0.719058	-0.564062	-0.425276	-0.313244	-0.228715	-0.16884	-0.125265	-0.0847979	-0.0431809	0.010026	0.061366	0.107129	0.144361	0.169261	0.191369	0.207462	0.205992	0.200821	0.189508	0.174532	0.15643	0.126841	0.0938892	0.0593923	0.017068	-0.0247866	-0.0614326	-0.0961388	-0.136987	-0.178186	-0.214084	-0.23743	-0.25616	-0.27942	-0.295622	
1.05669	1.05669	0.962559	0.777903	0.523943	0.215469	-0.112339	-0.433654	-0.719184	-0.943794	-1.09923	-1.17159	-1.17148	-1.1036	-0.990411	-0.853117	-0.712073	-0.582705	-0.471027	-0.379734	-0.307038	-0.252397	-0.201822	-0.153349	-0.0932062	-0.0327555	0.0242047	0.0757115	0.122405	0.168939	0.207466	0.225254	0.233125	0.234862	0.237822	0.239754	0.224311	0.199804	0.168141	0.130497	0.0908696	0.0545192	0.0173461	-0.0267682	-0.0767199	-0.122602	-0.152631	-0.1778	-0.210813	-0.238837	
1.03045	1.03045	0.938122	0.758974	0.512803	0.215451	-0.0995321	-0.412186	-0.69126	-0.920403	-1.08386	-1.17148	-1.18703	-1.13617	-1.03967	-0.921337	-0.797444	-0.683574	-0.580867	-0.489989	-0.41559	-0.355472	-0.302898	-0.252497	-0.190714	-0.126653	-0.0656086	-0.00663177	0.0530025	0.11809	0.177801	0.216436	0.242956	0.260593	0.283915	0.305379	0.310331	0.301145	0.284995	0.256739	0.22481	0.19313	0.161203	0.117305	0.0626686	0.0117721	-0.0247466	-0.0558563	-0.0994124	-0.136051	
1.06269	1.06269	0.972527	0.798442	0.560326	0.275879	-0.0272103	-0.326072	-0.600101	-0.828925	-1.00102	-1.1036	-1.13617	-1.10449	-1.02967	-0.930889	-0.830737	-0.73507	-0.643663	-0.560954	-0.484829	-0.425684	-0.377288	-0.331078	-0.277469	-0.220358	-0.162859	-0.103645	-0.0389403	0.0394852	0.115053	0.170517	0.207683	0.243763	0.285677	0.329018	0.356268	0.373352	0.373416	0.362591	0.344052	0.327538	0.306423	0.271411	0.21971	0.167485	0.13055	0.0959136	0.0489045	0.00358987	
1.14237	1.14237	1.05293	0.884893	0.652828	0.380591	0.0907324	-0.197549	-0.462281	-0.693662	-0.871865	-0.990411	-1.03967	-1.02967	-0.973405	-0.899425	-0.819899	-0.744608	-0.670329	-0.593475	-0.523812	-0.467665	-0.424937	-0.389086	-0.348944	-0.30263	-0.257119	-0.207815	-0.143796	-0.0631901	0.0190782	0.0832449	0.131734	0.173803	0.231007	0.29527	0.350266	0.384556	0.407428	0.419269	0.424415	0.426069	0.424078	0.405631	0.364945	0.322391	0.289172	0.259007	0.211465	0.164944	
1.24935	1.24935	1.16135	0.997018	0.77148	0.510341	0.231794	-0.0437322	-0.302026	-0.533341	-0.719058	-0.853117	-0.921337	-0.930889	-0.899425	-0.844468	-0.790911	-0.735539	-0.677041	-0.612747	-0.547711	-0.49543	-0.461524	-0.434374	-0.408791	-0.378362	-0.348194	-0.312485	-0.259956	-0.186551	-0.104876	-0.0376414	0.00897831	0.0576955	0.123259	0.195934	0.264968	0.324131	0.37106	0.404755	0.431476	0.457187	0.481012	0.485495	0.467346	0.440243	0.421236	0.400114	0.364174	0.322335	
1.35492	1.35492	1.26767	1.1065	0.886423	0.635493	0.368652	0.106174	-0.1438	-0.372484	-0.564062	-0.712073	-0.797444	-0.830737	-0.819899	-0.790911	-0.760308	-0.726036	-0.686205	-0.630473	-0.570798	-0.521524	-0.490841	-0.47381	-0.463339	-0.448919	-0.437463	-0.418612	-0.378601	-0.315189	-0.23963	-0.178804	-0.137268	-0.0957075	-0.0363272	0.0417039	0.126738	0.195566	0.254399	0.307206	0.356699	0.406234	0.455867	0.487502	0.494393	0.4926	0.494135	0.492756	0.474755	0.447066	
1.41942	1.41942	1.33356	1.17691	0.964281	0.725679	0.473965	0.227356	-0.00969869	-0.231967	-0.425276	-0.582705	-0.683574	-0.73507	-0.744608	-0.735539	-0.726036	-0.710707	-0.687346	-0.642905	-0.589619	-0.543047	-0.517062	-0.505915	-0.506906	-0.506177	-0.509002	-0.506906	-0.481655	-0.434285	-0.370214	-0.318491	-0.285058	-0.253123	-0.200742	-0.13169	-0.0513991	0.0199952	0.0908739	0.153664	0.21667	0.282569	0.352574	0.407409	0.444764	0.470979	0.495786	0.516003	0.524652	0.519082	
1.42538	1.42538	1.34161	1.18847	0.984958	0.759202	0.525567	0.299353	0.0811087	-0.126448	-0.313244	-0.471027	-0.580867	-0.643663	-0.670329	-0.677041	-0.686205	-0.687346	-0.678534	-0.642662	-0.593412	-0.546304	-0.519505	-0.513333	-0.523272	-0.536078	-0.556483	-0.568433	-0.557642	-0.524117	-0.469292	-0.426823	-0.40647	-0.387047	-0.353055	-0.296801	-0.22213	-0.154592	-0.0882959	-0.026967	0.0392639	0.112043	0.196639	0.268626	0.327441	0.375457	0.42574	0.47141	0.508047	0.528213	
1.37067	1.37067	1.28959	1.14182	0.949214	0.739641	0.526839	0.326748	0.130852	-0.0536939	-0.228715	-0.379734	-0.489989	-0.560954	-0.593475	-0.612747	-0.630473	-0.642905	-0.642662	-0.614395	-0.566029	-0.520017	-0.490659	-0.486479	-0.502328	-0.52657	-0.558164	-0.584628	-0.589052	-0.569689	-0.528433	-0.499087	-0.485596	-0.477006	-0.459874	-0.41875	-0.359962	-0.304478	-0.247562	-0.192046	-0.131346	-0.0578568	0.023212	0.0999548	0.172666	0.242749	0.309481	0.372879	0.435363	0.483794	
1.28854	1.28854	1.20949	1.06535	0.882798	0.685709	0.495462	0.317392	0.149728	-0.0122674	-0.16884	-0.307038	-0.41559	-0.484829	-0.523812	-0.547711	-0.570798	-0.589619	-0.593412	-0.566029	-0.517759	-0.463591	-0.428963	-0.420766	-0.439048	-0.471358	-0.516295	-0.555115	-0.57363	-0.56851	-0.541055	-0.520781	-0.517218	-0.522185	-0.519315	-0.49464	-0.453068	-0.41051	-0.36277	-0.320985	-0.271958	-0.211729	-0.136627	-0.0620614	0.0143377	0.0884128	0.164581	0.243002	0.324093	0.396516	
1.2106	1.2106	1.13174	0.991181	0.813113	0.628819	0.453154	0.297944	0.152399	0.0133054	-0.125265	-0.252397	-0.355472	-0.425684	-0.467665	-0.49543	-0.521524	-0.543047	-0.546304	-0.520017	-0.463591	-0.403218	-0.354073	-0.33754	-0.349684	-0.384949	-0.435777	-0.484862	-0.515789	-0.525119	-0.511217	-0.503809	-0.509146	-0.521369	-0.534235	-0.527672	-0.503449	-0.471303	-0.44008	-0.41077	-0.375263	-0.324546	-0.265592	-0.203488	-0.135213	-0.0593081	0.0195612	0.0991138	0.188361	0.277246	
1.15185	1.15185	1.07403	0.93257	0.760658	0.581791	0.421439	0.282493	0.157742	0.0386875	-0.0847979	-0.201822	-0.302898	-0.377288	-0.424937	-0.461524	-0.490841	-0.517062	-0.519505	-0.490659	-0.428963	-0.354073	-0.291806	-0.257984	-0.25886	-0.289759	-0.340616	-0.391431	-0.431562	-0.446825	-0.447299	-0.450726	-0.463748	-0.487198	-0.513028	-0.519781	-0.514836	-0.499202	-0.479958	-0.461729	-0.44005	-0.404157	-0.361826	-0.312837	-0.255816	-0.186144	-0.11592	-0.0399702	0.0466921	0.145379	
1.12132	1.12132	1.04064	0.901194	0.726406	0.554224	0.401184	0.274745	0.16852	0.0634015	-0.0431809	-0.153349	-0.252497	-0.331078	-0.389086	-0.434374	-0.47381	-0.505915	-0.513333	-0.486479	-0.420766	-0.33754	-0.257984	-0.203841	-0.187821	-0.204378	-0.24658	-0.296857	-0.333833	-0.354897	-0.363363	-0.371666	-0.389394	-0.419351	-0.450914	-0.477965	-0.491806	-0.489861	-0.484784	-0.481277	-0.471185	-0.450759	-0.423842	-0.389718	-0.347547	-0.291088	-0.229126	-0.163343	-0.0868599	0.00768436	
1.10636	1.10636	1.02475	0.883713	0.709044	0.540322	0.3943	0.280787	0.190033	0.101336	0.010026	-0.0932062	-0.190714	-0.277469	-0.348944	-0.408791	-0.463339	-0.506906	-0.523272	-0.502328	-0.439048	-0.349684	-0.25886	-0.187821	-0.152615	-0.155421	-0.186867	-0.225987	-0.257742	-0.273732	-0.280414	-0.289764	-0.308708	-0.336955	-0.373251	-0.410494	-0.437606	-0.452508	-0.463091	-0.471789	-0.476377	-0.469609	-0.455537	-0.439564	-0.414977	-0.367474	-0.313994	-0.262171	-0.202002	-0.114022	
1.10635	1.10635	1.02336	0.879526	0.70348	0.535307	0.393643	0.289821	0.211506	0.138627	0.061366	-0.0327555	-0.126653	-0.220358	-0.30263	-0.378362	-0.448919	-0.506177	-0.536078	-0.52657	-0.471358	-0.384949	-0.289759	-0.204378	-0.155421	-0.142257	-0.159923	-0.190634	-0.212093	-0.220038	-0.22452	-0.228088	-0.239748	-0.260131	-0.288889	-0.32895	-0.365513	-0.393332	-0.416318	-0.436519	-0.452122	-0.461002	-0.465641	-0.465313	-0.45383	-0.421133	-0.381836	-0.341566	-0.293696	-0.219049	
1.11262	1.11262	1.02648	0.880828	0.699702	0.531344	0.391472	0.294147	0.228245	0.169108	0.107129	0.0242047	-0.0656086	-0.162859	-0.257119	-0.348194	-0.437463	-0.509002	-0.556483	-0.558164	-0.516295	-0.435777	-0.340616	-0.24658	-0.186867	-0.159923	-0.169104	-0.192719	-0.205107	-0.208444	-0.205114	-0.201027	-0.204332	-0.211281	-0.226222	-0.261409	-0.295714	-0.330456	-0.358041	-0.386019	-0.412496	-0.436248	-0.449751	-0.468039	-0.477949	-0.463179	-0.430822	-0.402718	-0.370894	-0.311694	
1.10385	1.10385	1.01669	0.867299	0.684291	0.515171	0.376879	0.288187	0.232629	0.190201	0.144361	0.0757115	-0.00663177	-0.103645	-0.207815	-0.312485	-0.418612	-0.506906	-0.568433	-0.584628	-0.555115	-0.484862	-0.391431	-0.296857	-0.225987	-0.190634	-0.192719	-0.209427	-0.21654	-0.217118	-0.207637	-0.200616	-0.198729	-0.190621	-0.191287	-0.211726	-0.237463	-0.269783	-0.297655	-0.326159	-0.355765	-0.384111	-0.411036	-0.447164	-0.472276	-0.473714	-0.459693	-0.448991	-0.429179	-0.386141	
1.07303	1.07303	0.985962	0.832167	0.650427	0.478615	0.345231	0.264598	0.220073	0.198871	0.169261	0.122405	0.0530025	-0.0389403	-0.143796	-0.259956	-0.378601	-0.481655	-0.557642	-0.589052	-0.57363	-0.515789	-0.431562	-0.333833	-0.257742	-0.212093	-0.205107	-0.21654	-0.224357	-0.221231	-0.213806	-0.208053	-0.202296	-0.183732	-0.173322	-0.175069	-0.190669	-0.217199	-0.240065	-0.261495	-0.287178	-0.31413	-0.345311	-0.388586	-0.428825	-0.451545	-0.455561	-0.458449	-0.455678	-0.435789	
1.03163	1.03163	0.942253	0.788293	0.602844	0.432458	0.301725	0.228823	0.199509	0.196937	0.191369	0.168939	0.11809	0.0394852	-0.0631901	-0.186551	-0.315189	-0.434285	-0.524117	-0.569689	-0.56851	-0.525119	-0.446825	-0.354897	-0.273732	-0.220038	-0.208444	-0.217118	-0.221231	-0.22139	-0.213584	-0.208977	-0.20451	-0.184864	-0.164773	-0.153401	-0.16038	-0.17801	-0.191893	-0.203768	-0.221586	-0.239526	-0.266306	-0.307883	-0.355043	-0.388446	-0.406306	-0.425368	-0.439085	-0.441905	
0.998252	0.998252	0.907841	0.751567	0.564492	0.392178	0.263864	0.195072	0.178091	0.190648	0.207462	0.207466	0.177801	0.115053	0.0190782	-0.104876	-0.23963	-0.370214	-0.469292	-0.528433	-0.541055	-0.511217	-0.447299	-0.363363	-0.280414	-0.22452	-0.205114	-0.207637	-0.213806	-0.213584	-0.206977	-0.210939	-0.210008	-0.192432	-0.167914	-0.145749	-0.140963	-0.150003	-0.159239	-0.168002	-0.173851	-0.175673	-0.191103	-0.223922	-0.266519	-0.299654	-0.326872	-0.352176	-0.37647	-0.39556	
1.00006	1.00006	0.907524	0.744655	0.55172	0.371029	0.236822	0.165636	0.151044	0.173186	0.205992	0.225254	0.216436	0.170517	0.0832449	-0.0376414	-0.178804	-0.318491	-0.426823	-0.499087	-0.520781	-0.503809	-0.450726	-0.371666	-0.289764	-0.228088	-0.201027	-0.200616	-0.208053	-0.208977	-0.210939	-0.218628	-0.222964	-0.210553	-0.184195	-0.154093	-0.144703	-0.148217	-0.156424	-0.157156	-0.151658	-0.145444	-0.151584	-0.167949	-0.197703	-0.225784	-0.25002	-0.271496	-0.297138	-0.323963	
1.01297	1.01297	0.916319	0.751369	0.548963	0.362836	0.220661	0.144308	0.130283	0.155781	0.200821	0.233125	0.242956	0.207683	0.131734	0.00897831	-0.137268	-0.285058	-0.40647	-0.485596	-0.517218	-0.509146	-0.463748	-0.389394	-0.308708	-0.239748	-0.204332	-0.198729	-0.202296	-0.20451	-0.210008	-0.222964	-0.234815	-0.235589	-0.212868	-0.184037	-0.165784	-0.161804	-0.165156	-0.166787	-0.160673	-0.147786	-0.138816	-0.142265	-0.162262	-0.177284	-0.192108	-0.206369	-0.225402	-0.244416	
1.01875	1.01875	0.920373	0.751011	0.543337	0.34997	0.201774	0.11906	0.105855	0.13227	0.189508	0.234862	0.260593	0.243763	0.173803	0.0576955	-0.0957075	-0.253123	-0.387047	-0.477006	-0.522185	-0.521369	-0.487198	-0.419351	-0.336955	-0.260131	-0.211281	-0.190621	-0.183732	-0.184864	-0.192432	-0.210553	-0.235589	-0.247571	-0.228824	-0.204752	-0.1823	-0.176497	-0.181888	-0.187995	-0.176617	-0.159657	-0.143616	-0.14216	-0.149036	-0.154702	-0.161792	-0.167223	-0.173855	-0.179528	
1.00888	1.00888	0.909871	0.736669	0.526	0.32745	0.173529	0.0899254	0.0735533	0.108846	0.174532	0.237822	0.283915	0.285677	0.231007	0.123259	-0.0363272	-0.200742	-0.353055	-0.459874	-0.519315	-0.534235	-0.513028	-0.450914	-0.373251	-0.288889	-0.226222	-0.191287	-0.173322	-0.164773	-0.167914	-0.184195	-0.212868	-0.228824	-0.226505	-0.213044	-0.190533	-0.185099	-0.192739	-0.19813	-0.190252	-0.177799	-0.157577	-0.150063	-0.147143	-0.145748	-0.142809	-0.143515	-0.140874	-0.131072	
0.992508	0.992508	0.892762	0.717168	0.503335	0.301438	0.141935	0.0583179	0.0389329	0.08345	0.15643	0.239754	0.305379	0.329018	0.29527	0.195934	0.0417039	-0.13169	-0.296801	-0.41875	-0.49464	-0.527672	-0.519781	-0.477965	-0.410494	-0.32895	-0.261409	-0.211726	-0.175069	-0.153401	-0.145749	-0.154093	-0.184037	-0.204752	-0.213044	-0.199964	-0.182472	-0.177348	-0.185852	-0.195554	-0.203814	-0.193045	-0.170794	-0.159279	-0.151335	-0.142676	-0.131911	-0.129312	-0.114728	-0.0921938	
0.986132	0.986132	0.884728	0.707084	0.48878	0.280772	0.115802	0.0247077	0.00272705	0.0473706	0.126841	0.224311	0.310331	0.356268	0.350266	0.264968	0.126738	-0.0513991	-0.22213	-0.359962	-0.453068	-0.503449	-0.514836	-0.491806	-0.437606	-0.365513	-0.295714	-0.237463	-0.190669	-0.16038	-0.140963	-0.144703	-0.165784	-0.1823	-0.190533	-0.182472	-0.165778	-0.157518	-0.165708	-0.184385	-0.200516	-0.191798	-0.180228	-0.171447	-0.163855	-0.145581	-0.129444	-0.117896	-0.0977267	-0.0654293	
0.991886	0.991886	0.888819	0.707562	0.484311	0.26765	0.0967138	-0.00664141	-0.0299937	0.00690836	0.0938892	0.199804	0.301145	0.373352	0.384556	0.324131	0.195566	0.0199952	-0.154592	-0.304478	-0.41051	-0.471303	-0.499202	-0.489861	-0.452508	-0.393332	-0.330456	-0.269783	-0.217199	-0.17801	-0.150003	-0.148217	-0.161804	-0.176497	-0.185099	-0.177348	-0.157518	-0.145874	-0.14458	-0.160287	-0.178147	-0.185877	-0.184968	-0.180894	-0.173378	-0.155116	-0.134892	-0.116946	-0.0912676	-0.0463927	
0.998231	0.998231	0.893828	0.711402	0.483007	0.262394	0.0820396	-0.0276836	-0.0600275	-0.0280531	0.0593923	0.168141	0.284995	0.373416	0.407428	0.37106	0.254399	0.0908739	-0.0882959	-0.247562	-0.36277	-0.44008	-0.479958	-0.484784	-0.463091	-0.416318	-0.358041	-0.297655	-0.240065	-0.191893	-0.159239	-0.156424	-0.165156	-0.181888	-0.192739	-0.185852	-0.165708	-0.14458	-0.129166	-0.138272	-0.156869	-0.168068	-0.169543	-0.171018	-0.17139	-0.158542	-0.137686	-0.114576	-0.0824337	-0.0310548	
1.00952	1.00952	0.905327	0.717774	0.487386	0.257618	0.0698042	-0.049819	-0.0923486	-0.0658337	0.017068	0.130497	0.256739	0.362591	0.419269	0.404755	0.307206	0.153664	-0.026967	-0.192046	-0.320985	-0.41077	-0.461729	-0.481277	-0.471789	-0.436519	-0.386019	-0.326159	-0.261495	-0.203768	-0.168002	-0.157156	-0.166787	-0.187995	-0.19813	-0.195554	-0.184385	-0.160287	-0.138272	-0.136085	-0.141409	-0.147094	-0.149676	-0.155353	-0.159864	-0.150111	-0.12771	-0.100869	-0.0703521	-0.0173649	
1.01358	1.01358	0.908871	0.720041	0.48672	0.252211	0.0570175	-0.0698413	-0.122795	-0.101246	-0.0247866	0.0908696	0.22481	0.344052	0.424415	0.431476	0.356699	0.21667	0.0392639	-0.131346	-0.271958	-0.375263	-0.44005	-0.471185	-0.476377	-0.452122	-0.412496	-0.355765	-0.287178	-0.221586	-0.173851	-0.151658	-0.160673	-0.176617	-0.190252	-0.203814	-0.200516	-0.178147	-0.156869	-0.141409	-0.135448	-0.137887	-0.137992	-0.137144	-0.136017	-0.121615	-0.0973113	-0.0696405	-0.0377537	0.0184122	
1.00987	1.00987	0.903765	0.717099	0.479496	0.244092	0.0428713	-0.0908134	-0.14897	-0.135477	-0.0614326	0.0545192	0.19313	0.327538	0.426069	0.457187	0.406234	0.282569	0.112043	-0.0578568	-0.211729	-0.324546	-0.404157	-0.450759	-0.469609	-0.461002	-0.436248	-0.384111	-0.31413	-0.239526	-0.175673	-0.145444	-0.147786	-0.159657	-0.177799	-0.193045	-0.191798	-0.185877	-0.168068	-0.147094	-0.137887	-0.136858	-0.124448	-0.11684	-0.107342	-0.0883019	-0.053673	-0.0131067	0.0308719	0.0867036	
1.00586	1.00586	0.900173	0.714104	0.475296	0.23872	0.0316022	-0.106295	-0.172902	-0.165316	-0.0961388	0.0173461	0.161203	0.306423	0.424078	0.481012	0.455867	0.352574	0.196639	0.023212	-0.136627	-0.265592	-0.361826	-0.423842	-0.455537	-0.465641	-0.449751	-0.411036	-0.345311	-0.266306	-0.191103	-0.151584	-0.138816	-0.143616	-0.157577	-0.170794	-0.180228	-0.184968	-0.169543	-0.149676	-0.137992	-0.124448	-0.109446	-0.10052	-0.0835442	-0.0501131	0.00326797	0.0608878	0.119802	0.1797	
1.01858	1.01858	0.914521	0.72335	0.486213	0.23951	0.0291727	-0.121041	-0.19578	-0.198067	-0.136987	-0.0267682	0.117305	0.271411	0.405631	0.485495	0.487502	0.407409	0.268626	0.0999548	-0.0620614	-0.203488	-0.312837	-0.389718	-0.439564	-0.465313	-0.468039	-0.447164	-0.388586	-0.307883	-0.223922	-0.167949	-0.142265	-0.14216	-0.150063	-0.159279	-0.171447	-0.180894	-0.171018	-0.155353	-0.137144	-0.11684	-0.10052	-0.0846959	-0.0585511	-0.0120595	0.0513693	0.126959	0.205184	0.283501	
1.03391	1.03391	0.93	0.738405	0.499558	0.248427	0.0314294	-0.128203	-0.214045	-0.227749	-0.178186	-0.0767199	0.0626686	0.21971	0.364945	0.467346	0.494393	0.444764	0.327441	0.172666	0.0143377	-0.135213	-0.255816	-0.347547	-0.414977	-0.45383	-0.477949	-0.472276	-0.428825	-0.355043	-0.266519	-0.197703	-0.162262	-0.149036	-0.147143	-0.151335	-0.163855	-0.173378	-0.17139	-0.159864	-0.136017	-0.107342	-0.0835442	-0.0585511	-0.0242009	0.0273554	0.0981023	0.188799	0.28414	0.369765	
1.0401	1.0401	0.935659	0.747354	0.50553	0.254854	0.0311167	-0.13481	-0.229756	-0.254229	-0.214084	-0.122602	0.0117721	0.167485	0.322391	0.440243	0.4926	0.470979	0.375457	0.242749	0.0884128	-0.0593081	-0.186144	-0.291088	-0.367474	-0.421133	-0.463179	-0.473714	-0.451545	-0.388446	-0.299654	-0.225784	-0.177284	-0.154702	-0.145748	-0.142676	-0.145581	-0.155116	-0.158542	-0.150111	-0.121615	-0.0883019	-0.0501131	-0.0120595	0.0273554	0.0804301	0.159515	0.257032	0.348565	0.427062	
1.03527	1.03527	0.932472	0.746765	0.506717	0.257264	0.0309538	-0.137616	-0.239175	-0.269489	-0.23743	-0.152631	-0.0247466	0.13055	0.289172	0.421236	0.494135	0.495786	0.42574	0.309481	0.164581	0.0195612	-0.11592	-0.229126	-0.313994	-0.381836	-0.430822	-0.459693	-0.455561	-0.406306	-0.326872	-0.25002	-0.192108	-0.161792	-0.142809	-0.131911	-0.129444	-0.134892	-0.137686	-0.12771	-0.0973113	-0.053673	0.00326797	0.0513693	0.0981023	0.159515	0.243824	0.328341	0.406087	0.472537	
1.03826	1.03826	0.938101	0.752421	0.516432	0.264467	0.0375514	-0.136209	-0.243792	-0.280005	-0.25616	-0.1778	-0.0558563	0.0959136	0.259007	0.400114	0.492756	0.516003	0.47141	0.372879	0.243002	0.0991138	-0.0399702	-0.163343	-0.262171	-0.341566	-0.402718	-0.448991	-0.458449	-0.425368	-0.352176	-0.271496	-0.206369	-0.167223	-0.143515	-0.129312	-0.117896	-0.116946	-0.114576	-0.100869	-0.0696405	-0.0131067	0.0608878	0.126959	0.188799	0.257032	0.328341	0.398341	0.459506	0.500606	
1.05594	1.05594	0.95726	0.772729	0.538214	0.283307	0.053364	-0.129374	-0.244903	-0.292346	-0.27942	-0.210813	-0.0994124	0.0489045	0.211465	0.364174	0.474755	0.524652	0.508047	0.435363	0.324093	0.188361	0.0466921	-0.0868599	-0.202002	-0.293696	-0.370894	-0.429179	-0.455678	-0.439085	-0.37647	-0.297138	-0.225402	-0.173855	-0.140874	-0.114728	-0.0977267	-0.0912676	-0.0824337	-0.0703521	-0.0377537	0.0308719	0.119802	0.205184	0.28414	0.348565	0.406087	0.459506	0.488408	0.487887	
1.07822	1.07822	0.980377	0.79883	0.56375	0.309053	0.0731494	-0.115577	-0.240864	-0.29854	-0.295622	-0.238837	-0.136051	0.00358987	0.164944	0.322335	0.447066	0.519082	0.528213	0.483794	0.396516	0.277246	0.145379	0.00768436	-0.114022	-0.219049	-0.311694	-0.386141	-0.435789	-0.441905	-0.39556	-0.323963	-0.244416	-0.179528	-0.131072	-0.0921938	-0.0654293	-0.0463927	-0.0310548	-0.0173649	0.0184122	0.0867036	0.1797	0.283501	0.369765	0.427062	0.472537	0.500606	0.487887	0.446071	
