-0.200508	-0.200508	-0.185853	-0.164052	-0.143088	-0.126976	-0.120555	-0.11472	-0.104003	-0.07544	-0.0312178	0.0168708	0.0684386	0.141884	0.234948	0.340299	0.446743	0.520117	0.536616	0.489971	0.368794	0.16796	-0.099467	-0.405763	-0.708546	-0.965594	-1.15463	-1.2493	-1.23426	-1.1271	-0.96154	-0.754044	-0.509991	-0.258092	-0.0248553	0.1656	0.319374	0.431531	0.493321	0.520348	0.529587	0.514742	0.476666	0.422634	0.361218	0.300581	0.23507	0.160259	0.0945122	0.0526275	
-0.200508	-0.200508	-0.185853	-0.164052	-0.143088	-0.126976	-0.120555	-0.11472	-0.104003	-0.07544	-0.0312178	0.0168708	0.0684386	0.141884	0.234948	0.340299	0.446743	0.520117	0.536616	0.489971	0.368794	0.16796	-0.099467	-0.405763	-0.708546	-0.965594	-1.15463	-1.2493	-1.23426	-1.1271	-0.96154	-0.754044	-0.509991	-0.258092	-0.0248553	0.1656	0.319374	0.431531	0.493321	0.520348	0.529587	0.514742	0.476666	0.422634	0.361218	0.300581	0.23507	0.160259	0.0945122	0.0526275	
-0.185853	-0.185853	-0.180591	-0.170926	-0.154066	-0.134244	-0.124053	-0.114336	-0.0985742	-0.0749797	-0.0389482	0.01534	0.0806453	0.155963	0.247663	0.351782	0.446781	0.506423	0.520396	0.474316	0.352096	0.155337	-0.105436	-0.404093	-0.698068	-0.951163	-1.13932	-1.2318	-1.21521	-1.1075	-0.935539	-0.721138	-0.478147	-0.238022	-0.0224684	0.151029	0.292916	0.401224	0.467365	0.498478	0.50835	0.492938	0.458127	0.413715	0.364661	0.308914	0.243598	0.170302	0.102398	0.0522577	
-0.164052	-0.164052	-0.170926	-0.172325	-0.161626	-0.147257	-0.137189	-0.114168	-0.0876345	-0.0701333	-0.0443164	0.017672	0.0969054	0.179793	0.270791	0.365708	0.440981	0.483883	0.490636	0.442057	0.32174	0.130175	-0.121486	-0.404962	-0.682271	-0.92482	-1.10579	-1.18877	-1.16728	-1.05722	-0.881166	-0.660207	-0.421333	-0.200364	-0.0118927	0.135352	0.253773	0.348519	0.411611	0.44353	0.453577	0.444324	0.422645	0.398039	0.365429	0.317924	0.256708	0.189127	0.122415	0.0674928	
-0.143088	-0.143088	-0.154066	-0.161626	-0.161535	-0.160563	-0.151438	-0.117826	-0.0807985	-0.0599468	-0.0303433	0.0312732	0.113459	0.202915	0.294403	0.375439	0.437916	0.469724	0.460179	0.399992	0.279557	0.0968977	-0.136623	-0.395542	-0.653	-0.881366	-1.04921	-1.12416	-1.0929	-0.973485	-0.791442	-0.574301	-0.349988	-0.155261	0.00186754	0.117942	0.210257	0.285779	0.336889	0.361708	0.374168	0.377013	0.379498	0.37945	0.364602	0.328927	0.279764	0.222166	0.161678	0.108786	
-0.126976	-0.126976	-0.134244	-0.147257	-0.160563	-0.164649	-0.155441	-0.124557	-0.085442	-0.0449831	-0.00247045	0.0559197	0.132517	0.224095	0.307772	0.379042	0.4364	0.45679	0.427162	0.353403	0.231785	0.0584282	-0.151607	-0.383396	-0.61873	-0.827976	-0.982131	-1.04441	-1.00125	-0.870557	-0.685914	-0.473983	-0.270013	-0.107507	0.0105204	0.0908739	0.156537	0.214061	0.25027	0.267597	0.279082	0.29536	0.323004	0.351111	0.357386	0.341857	0.308159	0.257789	0.201371	0.154861	
-0.120555	-0.120555	-0.124053	-0.137189	-0.151438	-0.155441	-0.150193	-0.131075	-0.0888849	-0.0327297	0.0232071	0.0839445	0.164336	0.249905	0.321804	0.381055	0.425012	0.430443	0.394725	0.320675	0.198489	0.0345613	-0.160006	-0.376978	-0.591713	-0.773473	-0.900101	-0.945037	-0.889937	-0.753244	-0.567299	-0.369891	-0.188933	-0.0546909	0.0252557	0.066164	0.10367	0.138455	0.15738	0.16577	0.180263	0.206897	0.253463	0.304559	0.339448	0.3494	0.334485	0.293867	0.242559	0.202169	
-0.11472	-0.11472	-0.114336	-0.114168	-0.117826	-0.124557	-0.131075	-0.11791	-0.0805516	-0.0229539	0.0431611	0.121754	0.201639	0.273856	0.333016	0.379555	0.401793	0.397412	0.370458	0.305797	0.191593	0.0347836	-0.154641	-0.360653	-0.551873	-0.703367	-0.798863	-0.81553	-0.750138	-0.614243	-0.439712	-0.260429	-0.105457	-0.00320584	0.0382982	0.0448817	0.0519693	0.0635889	0.0686403	0.0723702	0.0873854	0.120778	0.173862	0.245583	0.316677	0.36483	0.375437	0.349099	0.302896	0.257145	
-0.104003	-0.104003	-0.0985742	-0.0876345	-0.0807985	-0.085442	-0.0888849	-0.0805516	-0.0569446	-0.00965881	0.0720978	0.162051	0.231897	0.28586	0.338127	0.373539	0.385894	0.385539	0.365978	0.305308	0.196201	0.0455016	-0.136461	-0.324578	-0.49095	-0.616174	-0.68282	-0.681041	-0.605367	-0.470061	-0.309287	-0.157492	-0.0320258	0.0419629	0.0597403	0.0416363	0.0184459	0.00126145	-0.0123089	-0.0175249	0.00174544	0.0397546	0.0965475	0.181022	0.283639	0.369268	0.411414	0.407856	0.373334	0.322284	
-0.07544	-0.07544	-0.0749797	-0.0701333	-0.0599468	-0.0449831	-0.0327297	-0.0229539	-0.00965881	0.0326805	0.106386	0.18437	0.240255	0.288474	0.334944	0.370691	0.39306	0.39892	0.374731	0.312785	0.211257	0.0668793	-0.102973	-0.269553	-0.411715	-0.513543	-0.563323	-0.54742	-0.465296	-0.338137	-0.199915	-0.069445	0.0305645	0.0826354	0.0889135	0.055983	0.00237235	-0.0468799	-0.0839794	-0.100418	-0.0841238	-0.0377159	0.0325392	0.130898	0.248519	0.358956	0.425946	0.441364	0.420896	0.377512	
-0.0312178	-0.0312178	-0.0389482	-0.0443164	-0.0303433	-0.00247045	0.0232071	0.0431611	0.0720978	0.106386	0.144364	0.186711	0.237594	0.287492	0.335027	0.38428	0.425742	0.433604	0.402034	0.343195	0.252731	0.125885	-0.0251579	-0.177437	-0.30566	-0.393764	-0.433374	-0.411026	-0.32542	-0.209937	-0.0922295	0.0107182	0.0844538	0.122764	0.123055	0.0790293	0.00567713	-0.0705859	-0.131339	-0.160567	-0.150181	-0.0980069	-0.0071935	0.105427	0.226144	0.340918	0.426435	0.465362	0.459404	0.438911	
0.0168708	0.0168708	0.01534	0.017672	0.0312732	0.0559197	0.0839445	0.121754	0.162051	0.18437	0.186711	0.203211	0.243086	0.28927	0.340138	0.407191	0.46358	0.475235	0.4472	0.397256	0.32333	0.218776	0.0857236	-0.0569299	-0.179713	-0.265731	-0.302927	-0.275648	-0.195941	-0.0953232	0.00520182	0.0896443	0.144119	0.167754	0.153564	0.100467	0.0179713	-0.0722225	-0.14525	-0.186052	-0.189005	-0.140059	-0.0414906	0.0826589	0.207493	0.321743	0.419956	0.482157	0.499343	0.504481	
0.0684386	0.0684386	0.0806453	0.0969054	0.113459	0.132517	0.164336	0.201639	0.231897	0.240255	0.237594	0.243086	0.269036	0.309308	0.365683	0.4356	0.494489	0.523164	0.51949	0.486601	0.423798	0.332884	0.214362	0.0819877	-0.0413743	-0.133996	-0.173542	-0.155072	-0.0940253	-0.0089363	0.0798207	0.153056	0.203619	0.22394	0.198383	0.135687	0.0465152	-0.0524533	-0.137395	-0.186876	-0.193406	-0.153706	-0.0685898	0.0503555	0.177484	0.295458	0.4033	0.487228	0.536017	0.574862	
0.141884	0.141884	0.155963	0.179793	0.202915	0.224095	0.249905	0.273856	0.28586	0.288474	0.287492	0.28927	0.309308	0.354924	0.41511	0.474815	0.531073	0.583558	0.615121	0.607468	0.558914	0.476521	0.367321	0.242235	0.115133	0.0124571	-0.0397199	-0.0438751	-0.0104089	0.0546722	0.133415	0.208373	0.263443	0.280299	0.246703	0.176777	0.0842171	-0.0164178	-0.104024	-0.158223	-0.167323	-0.137296	-0.0750938	0.0232407	0.149304	0.281656	0.39886	0.493908	0.573799	0.640598	
0.234948	0.234948	0.247663	0.270791	0.294403	0.307772	0.321804	0.333016	0.338127	0.334944	0.335027	0.340138	0.365683	0.41511	0.474133	0.527915	0.588967	0.664675	0.727353	0.746054	0.714875	0.643322	0.541794	0.417514	0.279395	0.158388	0.0800549	0.0473446	0.0587227	0.109722	0.182258	0.258215	0.313496	0.326005	0.289143	0.219731	0.132033	0.040993	-0.042859	-0.0976899	-0.117827	-0.103259	-0.0624355	0.0105049	0.124053	0.263054	0.393394	0.509109	0.61388	0.706853	
0.340299	0.340299	0.351782	0.365708	0.375439	0.379042	0.381055	0.379555	0.373539	0.370691	0.38428	0.407191	0.4356	0.474815	0.527915	0.591377	0.670219	0.763352	0.842447	0.882734	0.872999	0.815	0.711913	0.576367	0.425829	0.284563	0.174752	0.110947	0.105367	0.145467	0.217215	0.297056	0.349791	0.358116	0.325817	0.266785	0.190574	0.112897	0.0394947	-0.0230934	-0.0656463	-0.0701976	-0.0424894	0.0141218	0.110858	0.234689	0.369672	0.509947	0.642354	0.755697	
0.446743	0.446743	0.446781	0.440981	0.437916	0.4364	0.425012	0.401793	0.385894	0.39306	0.425742	0.46358	0.494489	0.531073	0.588967	0.670219	0.765148	0.8672	0.955872	1.01249	1.01954	0.971419	0.865081	0.718709	0.55409	0.390191	0.24718	0.155698	0.130145	0.159533	0.229107	0.310342	0.363305	0.382619	0.365699	0.321591	0.255043	0.185375	0.112182	0.0418435	-0.0164861	-0.0365388	-0.0141866	0.038172	0.118151	0.21973	0.346452	0.497358	0.646882	0.777305	
0.520117	0.520117	0.506423	0.483883	0.469724	0.45679	0.430443	0.397412	0.385539	0.39892	0.433604	0.475235	0.523164	0.583558	0.664675	0.763352	0.8672	0.971939	1.06331	1.12646	1.14299	1.10154	0.992674	0.837775	0.662758	0.478136	0.306614	0.183681	0.131382	0.148438	0.216275	0.298008	0.35851	0.397182	0.400651	0.370234	0.313913	0.244591	0.171148	0.0963235	0.031606	0.00440981	0.0202425	0.0652514	0.136152	0.22821	0.341922	0.481588	0.628865	0.762687	
0.536616	0.536616	0.520396	0.490636	0.460179	0.427162	0.394725	0.370458	0.365978	0.374731	0.402034	0.4472	0.51949	0.615121	0.727353	0.842447	0.955872	1.06331	1.15341	1.20938	1.22095	1.17574	1.06516	0.907411	0.71865	0.517343	0.330243	0.189051	0.111526	0.111609	0.170074	0.251597	0.328722	0.387689	0.409982	0.396265	0.349473	0.282307	0.210924	0.141027	0.0739805	0.0417445	0.0447227	0.0756418	0.138826	0.229683	0.336574	0.458745	0.587549	0.714995	
0.489971	0.489971	0.474316	0.442057	0.399992	0.353403	0.320675	0.305797	0.305308	0.312785	0.343195	0.397256	0.486601	0.607468	0.746054	0.882734	1.01249	1.12646	1.20938	1.25313	1.25169	1.19267	1.06921	0.899221	0.698431	0.491078	0.306496	0.160317	0.072054	0.0519361	0.0944315	0.174807	0.265918	0.337143	0.379268	0.388469	0.355663	0.298268	0.233954	0.169075	0.103394	0.0648107	0.0538768	0.0730521	0.129596	0.211368	0.30986	0.416952	0.52386	0.634838	
0.368794	0.368794	0.352096	0.32174	0.279557	0.231785	0.198489	0.191593	0.196201	0.211257	0.252731	0.32333	0.423798	0.558914	0.714875	0.872999	1.01954	1.14299	1.22095	1.25169	1.22989	1.15297	1.01441	0.831048	0.615608	0.403759	0.226763	0.092731	0.00894174	-0.0218477	0.00778413	0.0839886	0.172637	0.250307	0.309825	0.340978	0.326291	0.285371	0.229447	0.173973	0.116529	0.0713439	0.0538281	0.0664241	0.113861	0.18297	0.266205	0.354373	0.443373	0.527064	
0.16796	0.16796	0.155337	0.130175	0.0968977	0.0584282	0.0345613	0.0347836	0.0455016	0.0668793	0.125885	0.218776	0.332884	0.476521	0.643322	0.815	0.971419	1.10154	1.17574	1.19267	1.15297	1.06169	0.911149	0.714067	0.490617	0.276564	0.101361	-0.0238857	-0.0935618	-0.111091	-0.0824864	-0.0190722	0.0530631	0.134284	0.207045	0.254296	0.260041	0.236867	0.197593	0.157355	0.108693	0.0633583	0.0425757	0.0476963	0.0877944	0.152152	0.216372	0.285337	0.351953	0.400817	
-0.099467	-0.099467	-0.105436	-0.121486	-0.136623	-0.151607	-0.160006	-0.154641	-0.136461	-0.102973	-0.0251579	0.0857236	0.214362	0.367321	0.541794	0.711913	0.865081	0.992674	1.06516	1.06921	1.01441	0.911149	0.749817	0.540993	0.315407	0.110232	-0.0589919	-0.175865	-0.233626	-0.234691	-0.203312	-0.152707	-0.0911716	-0.00748999	0.0783535	0.137035	0.159724	0.155942	0.140084	0.1134	0.0681829	0.0308328	0.00966398	0.01011	0.0509896	0.110908	0.159917	0.206276	0.243934	0.25898	
-0.405763	-0.405763	-0.404093	-0.404962	-0.395542	-0.383396	-0.376978	-0.360653	-0.324578	-0.269553	-0.177437	-0.0569299	0.0819877	0.242235	0.417514	0.576367	0.718709	0.837775	0.907411	0.899221	0.831048	0.714067	0.540993	0.32587	0.110842	-0.0760327	-0.230518	-0.340104	-0.394546	-0.398643	-0.365817	-0.314327	-0.245842	-0.158593	-0.0654352	0.00343249	0.0413078	0.0613033	0.0658164	0.0489091	0.0109943	-0.0152767	-0.0294732	-0.026136	0.0130249	0.0617599	0.0944486	0.116268	0.123114	0.114086	
-0.708546	-0.708546	-0.698068	-0.682271	-0.653	-0.61873	-0.591713	-0.551873	-0.49095	-0.411715	-0.30566	-0.179713	-0.0413743	0.115133	0.279395	0.425829	0.55409	0.662758	0.71865	0.698431	0.615608	0.490617	0.315407	0.110842	-0.0901273	-0.263586	-0.400979	-0.500157	-0.559742	-0.576633	-0.540091	-0.47179	-0.386897	-0.297945	-0.208209	-0.13447	-0.0810871	-0.0434291	-0.0281635	-0.0367811	-0.0569525	-0.0647581	-0.0612158	-0.0502109	-0.0171858	0.0149488	0.0313072	0.0294334	0.0123146	-0.017868	
-0.965594	-0.965594	-0.951163	-0.92482	-0.881366	-0.827976	-0.773473	-0.703367	-0.616174	-0.513543	-0.393764	-0.265731	-0.133996	0.0124571	0.158388	0.284563	0.390191	0.478136	0.517343	0.491078	0.403759	0.276564	0.110232	-0.0760327	-0.263586	-0.430377	-0.560413	-0.657494	-0.719635	-0.735889	-0.695028	-0.612291	-0.515676	-0.423273	-0.337926	-0.258785	-0.200333	-0.160269	-0.138099	-0.131669	-0.128203	-0.11129	-0.0852521	-0.0631895	-0.0390157	-0.015632	-0.0140087	-0.0349503	-0.0732726	-0.131016	
-1.15463	-1.15463	-1.13932	-1.10579	-1.04921	-0.982131	-0.900101	-0.798863	-0.68282	-0.563323	-0.433374	-0.302927	-0.173542	-0.0397199	0.0800549	0.174752	0.24718	0.306614	0.330243	0.306496	0.226763	0.101361	-0.0589919	-0.230518	-0.400979	-0.560413	-0.701226	-0.807805	-0.865332	-0.86362	-0.817107	-0.733699	-0.639048	-0.541689	-0.444612	-0.363804	-0.31357	-0.276257	-0.245753	-0.218457	-0.193514	-0.154631	-0.11126	-0.0726457	-0.045034	-0.0302168	-0.0377598	-0.0741809	-0.13853	-0.225536	
-1.2493	-1.2493	-1.2318	-1.18877	-1.12416	-1.04441	-0.945037	-0.81553	-0.681041	-0.54742	-0.411026	-0.275648	-0.155072	-0.0438751	0.0473446	0.110947	0.155698	0.183681	0.189051	0.160317	0.092731	-0.0238857	-0.175865	-0.340104	-0.500157	-0.657494	-0.807805	-0.922983	-0.971633	-0.954998	-0.90121	-0.82825	-0.74391	-0.642183	-0.534169	-0.454702	-0.411049	-0.373766	-0.331134	-0.284305	-0.241708	-0.19253	-0.129829	-0.0751122	-0.0408257	-0.0315447	-0.0525446	-0.107149	-0.189437	-0.303616	
-1.23426	-1.23426	-1.21521	-1.16728	-1.0929	-1.00125	-0.889937	-0.750138	-0.605367	-0.465296	-0.32542	-0.195941	-0.0940253	-0.0104089	0.0587227	0.105367	0.130145	0.131382	0.111526	0.072054	0.00894174	-0.0935618	-0.233626	-0.394546	-0.559742	-0.719635	-0.865332	-0.971633	-1.01481	-0.998083	-0.946183	-0.880833	-0.802333	-0.706225	-0.607167	-0.534819	-0.485304	-0.440947	-0.390214	-0.332343	-0.272806	-0.207849	-0.128661	-0.0667701	-0.0329533	-0.0365751	-0.0771235	-0.144509	-0.239801	-0.368783	
-1.1271	-1.1271	-1.1075	-1.05722	-0.973485	-0.870557	-0.753244	-0.614243	-0.470061	-0.338137	-0.209937	-0.0953232	-0.0089363	0.0546722	0.109722	0.145467	0.159533	0.148438	0.111609	0.0519361	-0.0218477	-0.111091	-0.234691	-0.398643	-0.576633	-0.735889	-0.86362	-0.954998	-0.998083	-0.994742	-0.952108	-0.887112	-0.81071	-0.733059	-0.660346	-0.598604	-0.540358	-0.487248	-0.427768	-0.365478	-0.290309	-0.200603	-0.111277	-0.0509476	-0.0282165	-0.0481	-0.111704	-0.194805	-0.29849	-0.439542	
-0.96154	-0.96154	-0.935539	-0.881166	-0.791442	-0.685914	-0.567299	-0.439712	-0.309287	-0.199915	-0.0922295	0.00520182	0.0798207	0.133415	0.182258	0.217215	0.229107	0.216275	0.170074	0.0944315	0.00778413	-0.0824864	-0.203312	-0.365817	-0.540091	-0.695028	-0.817107	-0.90121	-0.946183	-0.952108	-0.92065	-0.865387	-0.80153	-0.737707	-0.681438	-0.630393	-0.576007	-0.514554	-0.450939	-0.379314	-0.291297	-0.184738	-0.0934804	-0.0319731	-0.0195367	-0.0622128	-0.151739	-0.259657	-0.384373	-0.52904	
-0.754044	-0.754044	-0.721138	-0.660207	-0.574301	-0.473983	-0.369891	-0.260429	-0.157492	-0.069445	0.0107182	0.0896443	0.153056	0.208373	0.258215	0.297056	0.310342	0.298008	0.251597	0.174807	0.0839886	-0.0190722	-0.152707	-0.314327	-0.47179	-0.612291	-0.733699	-0.82825	-0.880833	-0.887112	-0.865387	-0.832687	-0.787592	-0.725724	-0.667604	-0.62012	-0.578522	-0.520092	-0.446655	-0.362962	-0.270313	-0.167407	-0.0806682	-0.0238052	-0.0186468	-0.0817695	-0.199029	-0.33992	-0.48525	-0.63495	
-0.509991	-0.509991	-0.478147	-0.421333	-0.349988	-0.270013	-0.188933	-0.105457	-0.0320258	0.0305645	0.0844538	0.144119	0.203619	0.263443	0.313496	0.349791	0.363305	0.35851	0.328722	0.265918	0.172637	0.0530631	-0.0911716	-0.245842	-0.386897	-0.515676	-0.639048	-0.74391	-0.802333	-0.81071	-0.80153	-0.787592	-0.756973	-0.697811	-0.633584	-0.580955	-0.539644	-0.479558	-0.397991	-0.312572	-0.226951	-0.147046	-0.080031	-0.0386309	-0.04494	-0.120877	-0.254024	-0.418481	-0.584085	-0.736068	
-0.258092	-0.258092	-0.238022	-0.200364	-0.155261	-0.107507	-0.0546909	-0.00320584	0.0419629	0.0826354	0.122764	0.167754	0.22394	0.280299	0.326005	0.358116	0.382619	0.397182	0.387689	0.337143	0.250307	0.134284	-0.00748999	-0.158593	-0.297945	-0.423273	-0.541689	-0.642183	-0.706225	-0.733059	-0.737707	-0.725724	-0.697811	-0.6486	-0.583922	-0.518146	-0.455169	-0.380762	-0.300227	-0.229848	-0.166961	-0.116209	-0.0791155	-0.0660021	-0.0930655	-0.177353	-0.31454	-0.486279	-0.659554	-0.805984	
-0.0248553	-0.0248553	-0.0224684	-0.0118927	0.00186754	0.0105204	0.0252557	0.0382982	0.0597403	0.0889135	0.123055	0.153564	0.198383	0.246703	0.289143	0.325817	0.365699	0.400651	0.409982	0.379268	0.309825	0.207045	0.0783535	-0.0654352	-0.208209	-0.337926	-0.444612	-0.534169	-0.607167	-0.660346	-0.681438	-0.667604	-0.633584	-0.583922	-0.52066	-0.440625	-0.347567	-0.254612	-0.179372	-0.126993	-0.0927791	-0.0733726	-0.0661525	-0.0827139	-0.135861	-0.230416	-0.369843	-0.537569	-0.706079	-0.835315	
0.1656	0.1656	0.151029	0.135352	0.117942	0.0908739	0.066164	0.0448817	0.0416363	0.055983	0.0790293	0.100467	0.135687	0.176777	0.219731	0.266785	0.321591	0.370234	0.396265	0.388469	0.340978	0.254296	0.137035	0.00343249	-0.13447	-0.258785	-0.363804	-0.454702	-0.534819	-0.598604	-0.630393	-0.62012	-0.580955	-0.518146	-0.440625	-0.340822	-0.22932	-0.124181	-0.0492679	-0.0119235	-0.0102175	-0.0244874	-0.0477835	-0.0922195	-0.166626	-0.27114	-0.411904	-0.570005	-0.723235	-0.831223	
0.319374	0.319374	0.292916	0.253773	0.210257	0.156537	0.10367	0.0519693	0.0184459	0.00237235	0.00567713	0.0179713	0.0465152	0.0842171	0.132033	0.190574	0.255043	0.313913	0.349473	0.355663	0.326291	0.260041	0.159724	0.0413078	-0.0810871	-0.200333	-0.31357	-0.411049	-0.485304	-0.540358	-0.576007	-0.578522	-0.539644	-0.455169	-0.347567	-0.22932	-0.110639	-0.00820873	0.062611	0.0896188	0.068455	0.0279829	-0.024864	-0.0943237	-0.187057	-0.303034	-0.440773	-0.584871	-0.715984	-0.79857	
0.431531	0.431531	0.401224	0.348519	0.285779	0.214061	0.138455	0.0635889	0.00126145	-0.0468799	-0.0705859	-0.0722225	-0.0524533	-0.0164178	0.040993	0.112897	0.185375	0.244591	0.282307	0.298268	0.285371	0.236867	0.155942	0.0613033	-0.0434291	-0.160269	-0.276257	-0.373766	-0.440947	-0.487248	-0.514554	-0.520092	-0.479558	-0.380762	-0.254612	-0.124181	-0.00820873	0.0842362	0.143745	0.162867	0.133085	0.0786023	0.00423276	-0.0900885	-0.199774	-0.325559	-0.456539	-0.578785	-0.678394	-0.730663	
0.493321	0.493321	0.467365	0.411611	0.336889	0.25027	0.15738	0.0686403	-0.0123089	-0.0839794	-0.131339	-0.14525	-0.137395	-0.104024	-0.042859	0.0394947	0.112182	0.171148	0.210924	0.233954	0.229447	0.197593	0.140084	0.0658164	-0.0281635	-0.138099	-0.245753	-0.331134	-0.390214	-0.427768	-0.450939	-0.446655	-0.397991	-0.300227	-0.179372	-0.0492679	0.062611	0.143745	0.18756	0.196885	0.163227	0.10491	0.0187114	-0.089214	-0.20848	-0.342337	-0.465953	-0.562619	-0.628655	-0.645203	
0.520348	0.520348	0.498478	0.44353	0.361708	0.267597	0.16577	0.0723702	-0.0175249	-0.100418	-0.160567	-0.186052	-0.186876	-0.158223	-0.0976899	-0.0230934	0.0418435	0.0963235	0.141027	0.169075	0.173973	0.157355	0.1134	0.0489091	-0.0367811	-0.131669	-0.218457	-0.284305	-0.332343	-0.365478	-0.379314	-0.362962	-0.312572	-0.229848	-0.126993	-0.0119235	0.0896188	0.162867	0.196885	0.193672	0.158156	0.0975321	0.00959808	-0.105164	-0.229574	-0.362543	-0.477476	-0.553276	-0.580981	-0.558235	
0.529587	0.529587	0.50835	0.453577	0.374168	0.279082	0.180263	0.0873854	0.00174544	-0.0841238	-0.150181	-0.189005	-0.193406	-0.167323	-0.117827	-0.0656463	-0.0164861	0.031606	0.0739805	0.103394	0.116529	0.108693	0.0681829	0.0109943	-0.0569525	-0.128203	-0.193514	-0.241708	-0.272806	-0.290309	-0.291297	-0.270313	-0.226951	-0.166961	-0.0927791	-0.0102175	0.068455	0.133085	0.163227	0.158156	0.122692	0.0616674	-0.0293916	-0.151559	-0.276998	-0.398067	-0.495364	-0.544525	-0.537989	-0.470166	
0.514742	0.514742	0.492938	0.444324	0.377013	0.29536	0.206897	0.120778	0.0397546	-0.0377159	-0.0980069	-0.140059	-0.153706	-0.137296	-0.103259	-0.0701976	-0.0365388	0.00440981	0.0417445	0.0648107	0.0713439	0.0633583	0.0308328	-0.0152767	-0.0647581	-0.11129	-0.154631	-0.19253	-0.207849	-0.200603	-0.184738	-0.167407	-0.147046	-0.116209	-0.0733726	-0.0244874	0.0279829	0.0786023	0.10491	0.0975321	0.0616674	0.00345734	-0.084444	-0.204282	-0.32571	-0.431568	-0.512447	-0.536896	-0.493308	-0.387889	
0.476666	0.476666	0.458127	0.422645	0.379498	0.323004	0.253463	0.173862	0.0965475	0.0325392	-0.0071935	-0.0414906	-0.0685898	-0.0750938	-0.0624355	-0.0424894	-0.0141866	0.0202425	0.0447227	0.0538768	0.0538281	0.0425757	0.00966398	-0.0294732	-0.0612158	-0.0852521	-0.11126	-0.129829	-0.128661	-0.111277	-0.0934804	-0.0806682	-0.080031	-0.0791155	-0.0661525	-0.0477835	-0.024864	0.00423276	0.0187114	0.00959808	-0.0293916	-0.084444	-0.158376	-0.258993	-0.367898	-0.460697	-0.523814	-0.519783	-0.442916	-0.313121	
0.422634	0.422634	0.413715	0.398039	0.37945	0.351111	0.304559	0.245583	0.181022	0.130898	0.105427	0.0826589	0.0503555	0.0232407	0.0105049	0.0141218	0.038172	0.0652514	0.0756418	0.0730521	0.0664241	0.0476963	0.01011	-0.026136	-0.0502109	-0.0631895	-0.0726457	-0.0751122	-0.0667701	-0.0509476	-0.0319731	-0.0238052	-0.0386309	-0.0660021	-0.0827139	-0.0922195	-0.0943237	-0.0900885	-0.089214	-0.105164	-0.151559	-0.204282	-0.258993	-0.333214	-0.41586	-0.485584	-0.52053	-0.488799	-0.386968	-0.24974	
0.361218	0.361218	0.364661	0.365429	0.364602	0.357386	0.339448	0.316677	0.283639	0.248519	0.226144	0.207493	0.177484	0.149304	0.124053	0.110858	0.118151	0.136152	0.138826	0.129596	0.113861	0.0877944	0.0509896	0.0130249	-0.0171858	-0.0390157	-0.045034	-0.0408257	-0.0329533	-0.0282165	-0.0195367	-0.0186468	-0.04494	-0.0930655	-0.135861	-0.166626	-0.187057	-0.199774	-0.20848	-0.229574	-0.276998	-0.32571	-0.367898	-0.41586	-0.461287	-0.488947	-0.488946	-0.443332	-0.341843	-0.202115	
0.300581	0.300581	0.308914	0.317924	0.328927	0.341857	0.3494	0.36483	0.369268	0.358956	0.340918	0.321743	0.295458	0.281656	0.263054	0.234689	0.21973	0.22821	0.229683	0.211368	0.18297	0.152152	0.110908	0.0617599	0.0149488	-0.015632	-0.0302168	-0.0315447	-0.0365751	-0.0481	-0.0622128	-0.0817695	-0.120877	-0.177353	-0.230416	-0.27114	-0.303034	-0.325559	-0.342337	-0.362543	-0.398067	-0.431568	-0.460697	-0.485584	-0.488947	-0.472794	-0.446101	-0.400489	-0.303966	-0.168226	
0.23507	0.23507	0.243598	0.256708	0.279764	0.308159	0.334485	0.375437	0.411414	0.425946	0.426435	0.419956	0.4033	0.39886	0.393394	0.369672	0.346452	0.341922	0.336574	0.30986	0.266205	0.216372	0.159917	0.0944486	0.0313072	-0.0140087	-0.0377598	-0.0525446	-0.0771235	-0.111704	-0.151739	-0.199029	-0.254024	-0.31454	-0.369843	-0.411904	-0.440773	-0.456539	-0.465953	-0.477476	-0.495364	-0.512447	-0.523814	-0.52053	-0.488946	-0.446101	-0.409166	-0.361399	-0.272058	-0.15074	
0.160259	0.160259	0.170302	0.189127	0.222166	0.257789	0.293867	0.349099	0.407856	0.441364	0.465362	0.482157	0.487228	0.493908	0.509109	0.509947	0.497358	0.481588	0.458745	0.416952	0.354373	0.285337	0.206276	0.116268	0.0294334	-0.0349503	-0.0741809	-0.107149	-0.144509	-0.194805	-0.259657	-0.33992	-0.418481	-0.486279	-0.537569	-0.570005	-0.584871	-0.578785	-0.562619	-0.553276	-0.544525	-0.536896	-0.519783	-0.488799	-0.443332	-0.400489	-0.361399	-0.309973	-0.232697	-0.135383	
0.0945122	0.0945122	0.102398	0.122415	0.161678	0.201371	0.242559	0.302896	0.373334	0.420896	0.459404	0.499343	0.536017	0.573799	0.61388	0.642354	0.646882	0.628865	0.587549	0.52386	0.443373	0.351953	0.243934	0.123114	0.0123146	-0.0732726	-0.13853	-0.189437	-0.239801	-0.29849	-0.384373	-0.48525	-0.584085	-0.659554	-0.706079	-0.723235	-0.715984	-0.678394	-0.628655	-0.580981	-0.537989	-0.493308	-0.442916	-0.386968	-0.341843	-0.303966	-0.272058	-0.232697	-0.186236	-0.121406	
0.0526275	0.0526275	0.0522577	0.0674928	0.108786	0.154861	0.202169	0.257145	0.322284	0.377512	0.438911	0.504481	0.574862	0.640598	0.706853	0.755697	0.777305	0.762687	0.714995	0.634838	0.527064	0.400817	0.25898	0.114086	-0.017868	-0.131016	-0.225536	-0.303616	-0.368783	-0.439542	-0.52904	-0.63495	-0.736068	-0.805984	-0.835315	-0.831223	-0.79857	-0.730663	-0.645203	-0.558235	-0.470166	-0.387889	-0.313121	-0.24974	-0.202115	-0.168226	-0.15074	-0.135383	-0.121406	-0.0926334	
