-0.00988982	-0.00988982	0.00630111	0.0509248	0.105205	0.151755	0.200103	0.264298	0.336449	0.408208	0.481536	0.561224	0.612058	0.597085	0.514255	0.375083	0.189124	-0.0331355	-0.272657	-0.495118	-0.656735	-0.742536	-0.740766	-0.658195	-0.514353	-0.3467	-0.200674	-0.119049	-0.111986	-0.162307	-0.249456	-0.355134	-0.458358	-0.547322	-0.619844	-0.67224	-0.686942	-0.642913	-0.525025	-0.362167	-0.176468	0.010274	0.18847	0.360237	0.531302	0.712056	0.896633	1.04967	1.13707	1.15652	
-0.00988982	-0.00988982	0.00630111	0.0509248	0.105205	0.151755	0.200103	0.264298	0.336449	0.408208	0.481536	0.561224	0.612058	0.597085	0.514255	0.375083	0.189124	-0.0331355	-0.272657	-0.495118	-0.656735	-0.742536	-0.740766	-0.658195	-0.514353	-0.3467	-0.200674	-0.119049	-0.111986	-0.162307	-0.249456	-0.355134	-0.458358	-0.547322	-0.619844	-0.67224	-0.686942	-0.642913	-0.525025	-0.362167	-0.176468	0.010274	0.18847	0.360237	0.531302	0.712056	0.896633	1.04967	1.13707	1.15652	
0.00630111	0.00630111	0.0227399	0.0573211	0.0969327	0.14599	0.208917	0.275807	0.345718	0.429015	0.507949	0.574089	0.611537	0.597055	0.519572	0.385391	0.2014	-0.0179982	-0.252973	-0.476484	-0.639668	-0.719262	-0.713942	-0.636888	-0.501794	-0.348265	-0.217108	-0.135102	-0.114696	-0.149109	-0.228147	-0.33681	-0.447115	-0.536826	-0.602649	-0.641516	-0.642965	-0.593438	-0.479912	-0.329846	-0.157355	0.0260551	0.201014	0.362347	0.522779	0.69671	0.872578	1.02056	1.1187	1.15556	
0.0509248	0.0509248	0.0573211	0.0788554	0.107805	0.153872	0.225808	0.303448	0.381916	0.472455	0.551499	0.598402	0.61501	0.598306	0.534801	0.40788	0.222674	0.00433567	-0.226987	-0.448624	-0.606883	-0.678584	-0.673457	-0.605005	-0.485758	-0.355101	-0.240594	-0.159364	-0.124522	-0.140305	-0.204102	-0.307784	-0.416931	-0.504317	-0.561853	-0.58568	-0.569849	-0.508176	-0.395233	-0.263558	-0.114348	0.051771	0.214166	0.361033	0.510215	0.674253	0.835951	0.972969	1.07943	1.13428	
0.105205	0.105205	0.0969327	0.107805	0.136015	0.181309	0.252696	0.34195	0.431644	0.523676	0.598103	0.636511	0.637051	0.617774	0.562807	0.437953	0.248872	0.0340542	-0.189712	-0.401115	-0.55008	-0.625663	-0.633197	-0.578326	-0.475139	-0.358683	-0.255422	-0.180787	-0.143745	-0.144877	-0.191909	-0.272894	-0.360029	-0.433384	-0.483669	-0.500667	-0.474981	-0.400454	-0.284705	-0.163855	-0.0397268	0.0946078	0.226803	0.353856	0.486815	0.634566	0.779697	0.909037	1.02101	1.09078	
0.151755	0.151755	0.14599	0.153872	0.181309	0.228837	0.299923	0.387402	0.481107	0.572231	0.646479	0.686063	0.68854	0.662523	0.599857	0.470898	0.284984	0.0768114	-0.131147	-0.320208	-0.465452	-0.558942	-0.586582	-0.546675	-0.457145	-0.348364	-0.247955	-0.180824	-0.148142	-0.148199	-0.176826	-0.226793	-0.282603	-0.334562	-0.373349	-0.387736	-0.356483	-0.272181	-0.151534	-0.0365911	0.0658584	0.159059	0.250864	0.348288	0.460583	0.587787	0.719738	0.84823	0.963515	1.04118	
0.200103	0.200103	0.208917	0.225808	0.252696	0.299923	0.365219	0.445957	0.537093	0.629305	0.699508	0.746574	0.758977	0.725907	0.642742	0.513278	0.339391	0.141057	-0.0537696	-0.231854	-0.38182	-0.488423	-0.529718	-0.506669	-0.429222	-0.325609	-0.233529	-0.169454	-0.134705	-0.125064	-0.138739	-0.167135	-0.200964	-0.228287	-0.246674	-0.244498	-0.2025	-0.117563	-0.00587294	0.0969472	0.173797	0.232264	0.286261	0.352737	0.438113	0.543522	0.667297	0.799104	0.912358	0.989108	
0.264298	0.264298	0.275807	0.303448	0.34195	0.387402	0.445957	0.519101	0.60571	0.689867	0.759656	0.813375	0.835782	0.796225	0.703635	0.576945	0.415979	0.226402	0.0312393	-0.155607	-0.315507	-0.42537	-0.473788	-0.461372	-0.394523	-0.304993	-0.220401	-0.155642	-0.114766	-0.0952297	-0.0884402	-0.0981927	-0.111517	-0.114124	-0.104778	-0.0780019	-0.0243476	0.0548576	0.150809	0.228104	0.276886	0.306756	0.33206	0.365274	0.419444	0.500667	0.613289	0.738283	0.845056	0.921336	
0.336449	0.336449	0.345718	0.381916	0.431644	0.481107	0.537093	0.60571	0.676912	0.750863	0.821084	0.882077	0.90849	0.878956	0.791643	0.663851	0.506158	0.322721	0.116418	-0.0907874	-0.254776	-0.362031	-0.416177	-0.412725	-0.355713	-0.274786	-0.195143	-0.128345	-0.0813934	-0.0459189	-0.0253172	-0.016856	-0.00633016	0.0162936	0.0514556	0.10139	0.160644	0.228312	0.300727	0.351247	0.374478	0.385218	0.389376	0.394368	0.413111	0.469912	0.564883	0.671308	0.77069	0.850245	
0.408208	0.408208	0.429015	0.472455	0.523676	0.572231	0.629305	0.689867	0.750863	0.815746	0.887263	0.946185	0.977702	0.963099	0.891365	0.764514	0.604177	0.414066	0.192047	-0.0253143	-0.191045	-0.300326	-0.35807	-0.358579	-0.310597	-0.233419	-0.144764	-0.070745	-0.0175942	0.0219633	0.0531479	0.0795488	0.11252	0.155531	0.21103	0.271695	0.331002	0.389356	0.441373	0.469929	0.474961	0.46583	0.450107	0.430259	0.425595	0.464103	0.538697	0.623956	0.708844	0.781966	
0.481536	0.481536	0.507949	0.551499	0.598103	0.646479	0.699508	0.759656	0.821084	0.887263	0.953256	1.00983	1.04041	1.03528	0.978316	0.863155	0.698707	0.493759	0.260149	0.0338785	-0.146874	-0.267744	-0.324684	-0.322863	-0.273742	-0.187364	-0.0902287	-0.00823585	0.0532742	0.0994657	0.136088	0.177655	0.231971	0.297804	0.368038	0.432455	0.484968	0.525527	0.554447	0.571148	0.567054	0.542906	0.503006	0.458973	0.437306	0.457404	0.510329	0.580936	0.652967	0.708661	
0.561224	0.561224	0.574089	0.598402	0.636511	0.686063	0.746574	0.813375	0.882077	0.946185	1.00983	1.06156	1.08779	1.08407	1.0436	0.942222	0.769654	0.548605	0.309225	0.0757097	-0.12741	-0.263269	-0.318722	-0.308338	-0.246542	-0.146954	-0.0387589	0.0524312	0.121618	0.171981	0.219137	0.27513	0.34556	0.427772	0.50498	0.563397	0.602271	0.626697	0.639686	0.647064	0.641831	0.609663	0.548481	0.485186	0.454228	0.45406	0.480185	0.531751	0.584557	0.62232	
0.612058	0.612058	0.611537	0.61501	0.637051	0.68854	0.758977	0.835782	0.90849	0.977702	1.04041	1.08779	1.11183	1.11526	1.08221	0.979803	0.797856	0.568107	0.324255	0.0825095	-0.128987	-0.266731	-0.321221	-0.305746	-0.232203	-0.121631	-0.00499458	0.103105	0.19247	0.260077	0.315879	0.375592	0.446865	0.527604	0.599203	0.648519	0.676949	0.691694	0.697835	0.697087	0.687306	0.652855	0.587234	0.516952	0.472227	0.455636	0.461047	0.484236	0.513443	0.531467	
0.597085	0.597085	0.597055	0.598306	0.617774	0.662523	0.725907	0.796225	0.878956	0.963099	1.03528	1.08407	1.11526	1.11711	1.06934	0.954161	0.772961	0.542086	0.289756	0.0462381	-0.155141	-0.287382	-0.344736	-0.325818	-0.243392	-0.125444	0.00471101	0.136232	0.250273	0.340488	0.411149	0.469992	0.528089	0.588174	0.641156	0.676481	0.700417	0.720683	0.730592	0.725913	0.7032	0.662707	0.603576	0.535295	0.474647	0.444013	0.44011	0.443878	0.440792	0.432008	
0.514255	0.514255	0.519572	0.534801	0.562807	0.599857	0.642742	0.703635	0.791643	0.891365	0.978316	1.0436	1.08221	1.06934	0.991449	0.859448	0.683278	0.459793	0.209046	-0.027504	-0.220797	-0.354254	-0.412703	-0.383009	-0.288063	-0.157338	-0.00826495	0.143308	0.280481	0.392104	0.473266	0.527658	0.572697	0.607788	0.636953	0.659672	0.67865	0.697941	0.713671	0.714372	0.685764	0.641598	0.591527	0.52797	0.457973	0.413725	0.403407	0.395583	0.366684	0.320567	
0.375083	0.375083	0.385391	0.40788	0.437953	0.470898	0.513278	0.576945	0.663851	0.764514	0.863155	0.942222	0.979803	0.954161	0.859448	0.716409	0.53648	0.319588	0.0834698	-0.13478	-0.322794	-0.460073	-0.51456	-0.471058	-0.360449	-0.207169	-0.0352686	0.131154	0.280824	0.40427	0.490562	0.542985	0.573402	0.583605	0.588202	0.596945	0.608559	0.630347	0.648969	0.659666	0.643621	0.602896	0.553595	0.498458	0.437508	0.385531	0.357078	0.328069	0.270851	0.194886	
0.189124	0.189124	0.2014	0.222674	0.248872	0.284984	0.339391	0.415979	0.506158	0.604177	0.698707	0.769654	0.797856	0.772961	0.683278	0.53648	0.347991	0.135736	-0.0834478	-0.285971	-0.466478	-0.590803	-0.628326	-0.576181	-0.456228	-0.2834	-0.0892686	0.0937077	0.254353	0.380928	0.466894	0.517182	0.531349	0.518401	0.49954	0.490828	0.5006	0.526487	0.550745	0.571087	0.575694	0.546415	0.501132	0.453007	0.403686	0.352736	0.297543	0.231114	0.151661	0.0575943	
-0.0331355	-0.0331355	-0.0179982	0.00433567	0.0340542	0.0768114	0.141057	0.226402	0.322721	0.414066	0.493759	0.548605	0.568107	0.542086	0.459793	0.319588	0.135736	-0.0752697	-0.288358	-0.481325	-0.639792	-0.737368	-0.757515	-0.699367	-0.569227	-0.378688	-0.168764	0.0303798	0.193443	0.317745	0.403141	0.449122	0.449729	0.420392	0.383078	0.358091	0.366822	0.3968	0.424028	0.45273	0.470444	0.461848	0.435813	0.40209	0.357911	0.301007	0.219344	0.121704	0.0190988	-0.0888668	
-0.272657	-0.272657	-0.252973	-0.226987	-0.189712	-0.131147	-0.0537696	0.0312393	0.116418	0.192047	0.260149	0.309225	0.324255	0.289756	0.209046	0.0834698	-0.0834478	-0.288358	-0.498614	-0.683063	-0.819757	-0.889453	-0.88704	-0.814113	-0.671814	-0.473856	-0.256209	-0.0534428	0.107733	0.224705	0.303344	0.336262	0.330272	0.29333	0.252568	0.224468	0.225657	0.245579	0.276283	0.314785	0.344991	0.364198	0.367708	0.35251	0.310636	0.236087	0.133853	0.019794	-0.102524	-0.230571	
-0.495118	-0.495118	-0.476484	-0.448624	-0.401115	-0.320208	-0.231854	-0.155607	-0.0907874	-0.0253143	0.0338785	0.0757097	0.0825095	0.0462381	-0.027504	-0.13478	-0.285971	-0.481325	-0.683063	-0.853041	-0.972291	-1.0211	-0.997786	-0.902345	-0.747278	-0.550314	-0.343093	-0.150448	0.00685408	0.118758	0.185658	0.202157	0.186798	0.148353	0.116003	0.0953396	0.0857536	0.0977689	0.130362	0.182618	0.23629	0.275934	0.295175	0.292376	0.252313	0.165027	0.0562846	-0.0673108	-0.205631	-0.344359	
-0.656735	-0.656735	-0.639668	-0.606883	-0.55008	-0.465452	-0.38182	-0.315507	-0.254776	-0.191045	-0.146874	-0.12741	-0.128987	-0.155141	-0.220797	-0.322794	-0.466478	-0.639792	-0.819757	-0.972291	-1.08145	-1.11544	-1.07289	-0.962809	-0.806578	-0.619799	-0.422613	-0.240703	-0.0926188	0.00934442	0.0608804	0.06459	0.0397066	0.00507463	-0.020204	-0.0366989	-0.0476429	-0.0346546	0.00253154	0.067759	0.145063	0.196277	0.218679	0.215781	0.173252	0.092236	-0.014611	-0.147278	-0.292673	-0.42556	
-0.742536	-0.742536	-0.719262	-0.678584	-0.625663	-0.558942	-0.488423	-0.42537	-0.362031	-0.300326	-0.267744	-0.263269	-0.266731	-0.287382	-0.354254	-0.460073	-0.590803	-0.737368	-0.889453	-1.0211	-1.11544	-1.14264	-1.09365	-0.982797	-0.83837	-0.665596	-0.479275	-0.307103	-0.177846	-0.0933498	-0.0586335	-0.0596202	-0.0835585	-0.114999	-0.141092	-0.157131	-0.15708	-0.134965	-0.0923846	-0.0213511	0.0618513	0.119655	0.146611	0.142356	0.0967326	0.0245316	-0.0776453	-0.216286	-0.360861	-0.481581	
-0.740766	-0.740766	-0.713942	-0.673457	-0.633197	-0.586582	-0.529718	-0.473788	-0.416177	-0.35807	-0.324684	-0.318722	-0.321221	-0.344736	-0.412703	-0.51456	-0.628326	-0.757515	-0.88704	-0.997786	-1.07289	-1.09365	-1.04147	-0.941557	-0.819133	-0.669614	-0.50181	-0.34833	-0.240878	-0.180324	-0.158835	-0.159226	-0.175877	-0.209065	-0.236569	-0.247969	-0.235353	-0.203992	-0.157304	-0.0877904	-0.0124522	0.0453127	0.0797893	0.0833358	0.0426655	-0.0289774	-0.130904	-0.266418	-0.406886	-0.516009	
-0.658195	-0.658195	-0.636888	-0.605005	-0.578326	-0.546675	-0.506669	-0.461372	-0.412725	-0.358579	-0.322863	-0.308338	-0.305746	-0.325818	-0.383009	-0.471058	-0.576181	-0.699367	-0.814113	-0.902345	-0.962809	-0.982797	-0.941557	-0.853662	-0.746165	-0.623218	-0.492228	-0.371219	-0.286899	-0.247645	-0.232184	-0.232246	-0.245196	-0.274819	-0.292081	-0.294766	-0.277441	-0.246756	-0.199259	-0.132296	-0.0656016	-0.019997	0.01333	0.0238102	-0.00688103	-0.0797693	-0.179902	-0.306773	-0.433629	-0.529417	
-0.514353	-0.514353	-0.501794	-0.485758	-0.475139	-0.457145	-0.429222	-0.394523	-0.355713	-0.310597	-0.273742	-0.246542	-0.232203	-0.243392	-0.288063	-0.360449	-0.456228	-0.569227	-0.671814	-0.747278	-0.806578	-0.83837	-0.819133	-0.746165	-0.647011	-0.544855	-0.450131	-0.370068	-0.316264	-0.2903	-0.276463	-0.280975	-0.294403	-0.308648	-0.312182	-0.306135	-0.290381	-0.265248	-0.219176	-0.154733	-0.0979362	-0.0692533	-0.0483008	-0.038876	-0.0677232	-0.136533	-0.234558	-0.347822	-0.456091	-0.53501	
-0.3467	-0.3467	-0.348265	-0.355101	-0.358683	-0.348364	-0.325609	-0.304993	-0.274786	-0.233419	-0.187364	-0.146954	-0.121631	-0.125444	-0.157338	-0.207169	-0.2834	-0.378688	-0.473856	-0.550314	-0.619799	-0.665596	-0.669614	-0.623218	-0.544855	-0.459623	-0.389167	-0.340843	-0.31496	-0.297038	-0.288252	-0.294643	-0.304772	-0.307965	-0.302324	-0.290431	-0.275571	-0.250772	-0.206026	-0.152299	-0.112684	-0.0931869	-0.0906966	-0.0951944	-0.131519	-0.202931	-0.294953	-0.390728	-0.476751	-0.536485	
-0.200674	-0.200674	-0.217108	-0.240594	-0.255422	-0.247955	-0.233529	-0.220401	-0.195143	-0.144764	-0.0902287	-0.0387589	-0.00499458	0.00471101	-0.00826495	-0.0352686	-0.0892686	-0.168764	-0.256209	-0.343093	-0.422613	-0.479275	-0.50181	-0.492228	-0.450131	-0.389167	-0.3315	-0.295443	-0.282239	-0.27379	-0.267113	-0.266875	-0.271474	-0.276411	-0.274744	-0.260779	-0.240711	-0.208027	-0.169865	-0.133094	-0.105431	-0.0963062	-0.109769	-0.135749	-0.190672	-0.270691	-0.353095	-0.430943	-0.492416	-0.529353	
-0.119049	-0.119049	-0.135102	-0.159364	-0.180787	-0.180824	-0.169454	-0.155642	-0.128345	-0.070745	-0.00823585	0.0524312	0.103105	0.136232	0.143308	0.131154	0.0937077	0.0303798	-0.0534428	-0.150448	-0.240703	-0.307103	-0.34833	-0.371219	-0.370068	-0.340843	-0.295443	-0.25728	-0.24182	-0.23243	-0.220264	-0.211568	-0.216451	-0.230818	-0.233837	-0.217397	-0.186135	-0.145298	-0.111128	-0.0871481	-0.0706172	-0.0798889	-0.114612	-0.16796	-0.2396	-0.32492	-0.398183	-0.458032	-0.498449	-0.514439	
-0.111986	-0.111986	-0.114696	-0.124522	-0.143745	-0.148142	-0.134705	-0.114766	-0.0813934	-0.0175942	0.0532742	0.121618	0.19247	0.250273	0.280481	0.280824	0.254353	0.193443	0.107733	0.00685408	-0.0926188	-0.177846	-0.240878	-0.286899	-0.316264	-0.31496	-0.282239	-0.24182	-0.208166	-0.179361	-0.156621	-0.151649	-0.163921	-0.180378	-0.176074	-0.148879	-0.10669	-0.0649138	-0.0278922	-0.00826679	-0.00920018	-0.049697	-0.110076	-0.185539	-0.273407	-0.358122	-0.427042	-0.475429	-0.496135	-0.494965	
-0.162307	-0.162307	-0.149109	-0.140305	-0.144877	-0.148199	-0.125064	-0.0952297	-0.0459189	0.0219633	0.0994657	0.171981	0.260077	0.340488	0.392104	0.40427	0.380928	0.317745	0.224705	0.118758	0.00934442	-0.0933498	-0.180324	-0.247645	-0.2903	-0.297038	-0.27379	-0.23243	-0.179361	-0.126704	-0.0930335	-0.0905156	-0.108093	-0.116248	-0.0928962	-0.0540474	-0.0127075	0.0304245	0.0723274	0.0941426	0.0710781	0.0039945	-0.08474	-0.177288	-0.277323	-0.368264	-0.438324	-0.474818	-0.481621	-0.46034	
-0.249456	-0.249456	-0.228147	-0.204102	-0.191909	-0.176826	-0.138739	-0.0884402	-0.0253172	0.0531479	0.136088	0.219137	0.315879	0.411149	0.473266	0.490562	0.466894	0.403141	0.303344	0.185658	0.0608804	-0.0586335	-0.158835	-0.232184	-0.276463	-0.288252	-0.267113	-0.220264	-0.156621	-0.0930335	-0.0454578	-0.0306042	-0.0376785	-0.0310993	0.00178798	0.0475186	0.090392	0.131468	0.171219	0.190571	0.151861	0.0663609	-0.0372425	-0.143302	-0.253275	-0.348027	-0.416952	-0.450186	-0.445464	-0.412798	
-0.355134	-0.355134	-0.33681	-0.307784	-0.272894	-0.226793	-0.167135	-0.0981927	-0.016856	0.0795488	0.177655	0.27513	0.375592	0.469992	0.527658	0.542985	0.517182	0.449122	0.336262	0.202157	0.06459	-0.0596202	-0.159226	-0.232246	-0.280975	-0.294643	-0.266875	-0.211568	-0.151649	-0.0905156	-0.0306042	0.0138403	0.0376532	0.0617925	0.0963205	0.145979	0.193408	0.231232	0.25651	0.257812	0.207919	0.119826	0.0130232	-0.0996107	-0.209817	-0.304344	-0.370483	-0.403145	-0.400153	-0.366605	
-0.458358	-0.458358	-0.447115	-0.416931	-0.360029	-0.282603	-0.200964	-0.111517	-0.00633016	0.11252	0.231971	0.34556	0.446865	0.528089	0.572697	0.573402	0.531349	0.449729	0.330272	0.186798	0.0397066	-0.0835585	-0.175877	-0.245196	-0.294403	-0.304772	-0.271474	-0.216451	-0.163921	-0.108093	-0.0376785	0.0376532	0.101291	0.147422	0.187866	0.238315	0.286776	0.318595	0.328445	0.305809	0.241515	0.15133	0.0469891	-0.0639334	-0.16728	-0.254496	-0.314703	-0.349896	-0.353098	-0.331665	
-0.547322	-0.547322	-0.536826	-0.504317	-0.433384	-0.334562	-0.228287	-0.114124	0.0162936	0.155531	0.297804	0.427772	0.527604	0.588174	0.607788	0.583605	0.518401	0.420392	0.29333	0.148353	0.00507463	-0.114999	-0.209065	-0.274819	-0.308648	-0.307965	-0.276411	-0.230818	-0.180378	-0.116248	-0.0310993	0.0617925	0.147422	0.21786	0.274032	0.322672	0.360551	0.385833	0.382099	0.337938	0.254435	0.149918	0.0423877	-0.0583577	-0.14497	-0.218833	-0.272727	-0.307304	-0.323582	-0.31941	
-0.619844	-0.619844	-0.602649	-0.561853	-0.483669	-0.373349	-0.246674	-0.104778	0.0514556	0.21103	0.368038	0.50498	0.599203	0.641156	0.636953	0.588202	0.49954	0.383078	0.252568	0.116003	-0.020204	-0.141092	-0.236569	-0.292081	-0.312182	-0.302324	-0.274744	-0.233837	-0.176074	-0.0928962	0.00178798	0.0963205	0.187866	0.274032	0.344882	0.392675	0.414376	0.423393	0.406403	0.349934	0.249894	0.126335	0.0115701	-0.0799268	-0.149207	-0.209451	-0.26229	-0.300934	-0.330303	-0.344486	
-0.67224	-0.67224	-0.641516	-0.58568	-0.500667	-0.387736	-0.244498	-0.0780019	0.10139	0.271695	0.432455	0.563397	0.648519	0.676481	0.659672	0.596945	0.490828	0.358091	0.224468	0.0953396	-0.0366989	-0.157131	-0.247969	-0.294766	-0.306135	-0.290431	-0.260779	-0.217397	-0.148879	-0.0540474	0.0475186	0.145979	0.238315	0.322672	0.392675	0.429151	0.434356	0.423479	0.389868	0.323212	0.217078	0.0852275	-0.0345298	-0.12056	-0.182367	-0.236582	-0.291741	-0.337346	-0.37817	-0.410498	
-0.686942	-0.686942	-0.642965	-0.569849	-0.474981	-0.356483	-0.2025	-0.0243476	0.160644	0.331002	0.484968	0.602271	0.676949	0.700417	0.67865	0.608559	0.5006	0.366822	0.225657	0.0857536	-0.0476429	-0.15708	-0.235353	-0.277441	-0.290381	-0.275571	-0.240711	-0.186135	-0.10669	-0.0127075	0.090392	0.193408	0.286776	0.360551	0.414376	0.434356	0.425354	0.397937	0.341437	0.259439	0.147815	0.0214538	-0.0898433	-0.17368	-0.238244	-0.295021	-0.356247	-0.414591	-0.472274	-0.52357	
-0.642913	-0.642913	-0.593438	-0.508176	-0.400454	-0.272181	-0.117563	0.0548576	0.228312	0.389356	0.525527	0.626697	0.691694	0.720683	0.697941	0.630347	0.526487	0.3968	0.245579	0.0977689	-0.0346546	-0.134965	-0.203992	-0.246756	-0.265248	-0.250772	-0.208027	-0.145298	-0.0649138	0.0304245	0.131468	0.231232	0.318595	0.385833	0.423393	0.423479	0.397937	0.350924	0.270459	0.169791	0.0520696	-0.0624845	-0.165242	-0.251539	-0.323462	-0.384761	-0.450046	-0.522576	-0.598384	-0.66351	
-0.525025	-0.525025	-0.479912	-0.395233	-0.284705	-0.151534	-0.00587294	0.150809	0.300727	0.441373	0.554447	0.639686	0.697835	0.730592	0.713671	0.648969	0.550745	0.424028	0.276283	0.130362	0.00253154	-0.0923846	-0.157304	-0.199259	-0.219176	-0.206026	-0.169865	-0.111128	-0.0278922	0.0723274	0.171219	0.25651	0.328445	0.382099	0.406403	0.389868	0.341437	0.270459	0.173504	0.0632805	-0.0558459	-0.171617	-0.276246	-0.370091	-0.446613	-0.506149	-0.564826	-0.643474	-0.725332	-0.79593	
-0.362167	-0.362167	-0.329846	-0.263558	-0.163855	-0.0365911	0.0969472	0.228104	0.351247	0.469929	0.571148	0.647064	0.697087	0.725913	0.714372	0.659666	0.571087	0.45273	0.314785	0.182618	0.067759	-0.0213511	-0.0877904	-0.132296	-0.154733	-0.152299	-0.133094	-0.0871481	-0.00826679	0.0941426	0.190571	0.257812	0.305809	0.337938	0.349934	0.323212	0.259439	0.169791	0.0632805	-0.0511163	-0.178466	-0.30801	-0.423304	-0.520764	-0.596008	-0.652859	-0.700268	-0.764065	-0.837134	-0.907198	
-0.176468	-0.176468	-0.157355	-0.114348	-0.0397268	0.0658584	0.173797	0.276886	0.374478	0.474961	0.567054	0.641831	0.687306	0.7032	0.685764	0.643621	0.575694	0.470444	0.344991	0.23629	0.145063	0.0618513	-0.0124522	-0.0656016	-0.0979362	-0.112684	-0.105431	-0.0706172	-0.00920018	0.0710781	0.151861	0.207919	0.241515	0.254435	0.249894	0.217078	0.147815	0.0520696	-0.0558459	-0.178466	-0.318576	-0.465632	-0.587794	-0.682685	-0.758764	-0.811933	-0.842628	-0.879652	-0.931703	-0.992944	
0.010274	0.010274	0.0260551	0.051771	0.0946078	0.159059	0.232264	0.306756	0.385218	0.46583	0.542906	0.609663	0.652855	0.662707	0.641598	0.602896	0.546415	0.461848	0.364198	0.275934	0.196277	0.119655	0.0453127	-0.019997	-0.0692533	-0.0931869	-0.0963062	-0.0798889	-0.049697	0.0039945	0.0663609	0.119826	0.15133	0.149918	0.126335	0.0852275	0.0214538	-0.0624845	-0.171617	-0.30801	-0.465632	-0.627893	-0.762129	-0.856161	-0.924851	-0.96183	-0.970497	-0.980317	-1.00943	-1.0451	
0.18847	0.18847	0.201014	0.214166	0.226803	0.250864	0.286261	0.33206	0.389376	0.450107	0.503006	0.548481	0.587234	0.603576	0.591527	0.553595	0.501132	0.435813	0.367708	0.295175	0.218679	0.146611	0.0797893	0.01333	-0.0483008	-0.0906966	-0.109769	-0.114612	-0.110076	-0.08474	-0.0372425	0.0130232	0.0469891	0.0423877	0.0115701	-0.0345298	-0.0898433	-0.165242	-0.276246	-0.423304	-0.587794	-0.762129	-0.910932	-1.00895	-1.0614	-1.07031	-1.05923	-1.05233	-1.05248	-1.05434	
0.360237	0.360237	0.362347	0.361033	0.353856	0.348288	0.352737	0.365274	0.394368	0.430259	0.458973	0.485186	0.516952	0.535295	0.52797	0.498458	0.453007	0.40209	0.35251	0.292376	0.215781	0.142356	0.0833358	0.0238102	-0.038876	-0.0951944	-0.135749	-0.16796	-0.185539	-0.177288	-0.143302	-0.0996107	-0.0639334	-0.0583577	-0.0799268	-0.12056	-0.17368	-0.251539	-0.370091	-0.520764	-0.682685	-0.856161	-1.00895	-1.09825	-1.13079	-1.12122	-1.0957	-1.06703	-1.04354	-1.01439	
0.531302	0.531302	0.522779	0.510215	0.486815	0.460583	0.438113	0.419444	0.413111	0.425595	0.437306	0.454228	0.472227	0.474647	0.457973	0.437508	0.403686	0.357911	0.310636	0.252313	0.173252	0.0967326	0.0426655	-0.00688103	-0.0677232	-0.131519	-0.190672	-0.2396	-0.273407	-0.277323	-0.253275	-0.209817	-0.16728	-0.14497	-0.149207	-0.182367	-0.238244	-0.323462	-0.446613	-0.596008	-0.758764	-0.924851	-1.0614	-1.13079	-1.1498	-1.12862	-1.07893	-1.02346	-0.975097	-0.925579	
0.712056	0.712056	0.69671	0.674253	0.634566	0.587787	0.543522	0.500667	0.469912	0.464103	0.457404	0.45406	0.455636	0.444013	0.413725	0.385531	0.352736	0.301007	0.236087	0.165027	0.092236	0.0245316	-0.0289774	-0.0797693	-0.136533	-0.202931	-0.270691	-0.32492	-0.358122	-0.368264	-0.348027	-0.304344	-0.254496	-0.218833	-0.209451	-0.236582	-0.295021	-0.384761	-0.506149	-0.652859	-0.811933	-0.96183	-1.07031	-1.12122	-1.12862	-1.09283	-1.01753	-0.935899	-0.864456	-0.787118	
0.896633	0.896633	0.872578	0.835951	0.779697	0.719738	0.667297	0.613289	0.564883	0.538697	0.510329	0.480185	0.461047	0.44011	0.403407	0.357078	0.297543	0.219344	0.133853	0.0562846	-0.014611	-0.0776453	-0.130904	-0.179902	-0.234558	-0.294953	-0.353095	-0.398183	-0.427042	-0.438324	-0.416952	-0.370483	-0.314703	-0.272727	-0.26229	-0.291741	-0.356247	-0.450046	-0.564826	-0.700268	-0.842628	-0.970497	-1.05923	-1.0957	-1.07893	-1.01753	-0.920048	-0.821898	-0.72609	-0.61322	
1.04967	1.04967	1.02056	0.972969	0.909037	0.84823	0.799104	0.738283	0.671308	0.623956	0.580936	0.531751	0.484236	0.443878	0.395583	0.328069	0.231114	0.121704	0.019794	-0.0673108	-0.147278	-0.216286	-0.266418	-0.306773	-0.347822	-0.390728	-0.430943	-0.458032	-0.475429	-0.474818	-0.450186	-0.403145	-0.349896	-0.307304	-0.300934	-0.337346	-0.414591	-0.522576	-0.643474	-0.764065	-0.879652	-0.980317	-1.05233	-1.06703	-1.02346	-0.935899	-0.821898	-0.702576	-0.573694	-0.42219	
1.13707	1.13707	1.1187	1.07943	1.02101	0.963515	0.912358	0.845056	0.77069	0.708844	0.652967	0.584557	0.513443	0.440792	0.366684	0.270851	0.151661	0.0190988	-0.102524	-0.205631	-0.292673	-0.360861	-0.406886	-0.433629	-0.456091	-0.476751	-0.492416	-0.498449	-0.496135	-0.481621	-0.445464	-0.400153	-0.353098	-0.323582	-0.330303	-0.37817	-0.472274	-0.598384	-0.725332	-0.837134	-0.931703	-1.00943	-1.05248	-1.04354	-0.975097	-0.864456	-0.72609	-0.573694	-0.406787	-0.225978	
1.15652	1.15652	1.15556	1.13428	1.09078	1.04118	0.989108	0.921336	0.850245	0.781966	0.708661	0.62232	0.531467	0.432008	0.320567	0.194886	0.0575943	-0.0888668	-0.230571	-0.344359	-0.42556	-0.481581	-0.516009	-0.529417	-0.53501	-0.536485	-0.529353	-0.514439	-0.494965	-0.46034	-0.412798	-0.366605	-0.331665	-0.31941	-0.344486	-0.410498	-0.52357	-0.66351	-0.79593	-0.907198	-0.992944	-1.0451	-1.05434	-1.01439	-0.925579	-0.787118	-0.61322	-0.42219	-0.225978	-0.0224276	
