0.991157	0.144687	0.38113	0.433863	-0.0257869	-0.0257869	
0.144687	1.16579	0.415382	-0.103206	-0.508964	-0.508964	
0.38113	0.415382	-1.13664	0.116597	0.660579	0.660579	
0.433863	-0.103206	0.116597	-0.646493	0.0834137	0.0834137	
-0.0257869	-0.508964	0.660579	0.0834137	-0.130567	-0.130567	
-0.0257869	-0.508964	0.660579	0.0834137	-0.130567	-0.130567	
