-2.21024	-2.21024	-2.07472	-1.81113	-1.4364	-0.999287	-0.558696	-0.15575	0.184428	0.461657	0.69547	0.884434	1.04365	1.18933	1.3153	1.40929	1.46416	1.46864	1.44695	1.3857	1.28151	1.14983	0.997311	0.83061	0.705253	0.637681	0.602188	0.568146	0.509873	0.388529	0.20822	0.00442987	-0.207467	-0.390169	-0.492024	-0.49657	-0.38153	-0.174477	0.0772469	0.349557	0.626719	0.881845	1.09913	1.25409	1.31606	1.29278	1.21309	1.09137	0.961831	0.834638	
-2.21024	-2.21024	-2.07472	-1.81113	-1.4364	-0.999287	-0.558696	-0.15575	0.184428	0.461657	0.69547	0.884434	1.04365	1.18933	1.3153	1.40929	1.46416	1.46864	1.44695	1.3857	1.28151	1.14983	0.997311	0.83061	0.705253	0.637681	0.602188	0.568146	0.509873	0.388529	0.20822	0.00442987	-0.207467	-0.390169	-0.492024	-0.49657	-0.38153	-0.174477	0.0772469	0.349557	0.626719	0.881845	1.09913	1.25409	1.31606	1.29278	1.21309	1.09137	0.961831	0.834638	
-2.07472	-2.07472	-1.94229	-1.69453	-1.34603	-0.93416	-0.511588	-0.127064	0.199012	0.452936	0.662456	0.841149	0.999657	1.14005	1.25993	1.34709	1.3991	1.41287	1.38704	1.32245	1.21925	1.0956	0.947803	0.795673	0.673636	0.610102	0.584424	0.563593	0.515059	0.404958	0.234746	0.0378063	-0.170316	-0.353589	-0.465486	-0.475891	-0.376587	-0.181818	0.0599188	0.330158	0.598777	0.845902	1.05193	1.19909	1.26261	1.2464	1.16835	1.04934	0.920131	0.802038	
-1.81113	-1.81113	-1.69453	-1.46748	-1.15561	-0.793598	-0.414616	-0.0659276	0.226751	0.449803	0.630045	0.787935	0.930223	1.05585	1.16249	1.24447	1.29857	1.31353	1.27466	1.20471	1.1063	0.989736	0.850047	0.713854	0.606027	0.556173	0.543893	0.542428	0.517076	0.429418	0.280562	0.0962086	-0.106098	-0.28926	-0.41051	-0.439198	-0.366625	-0.196972	0.0316293	0.295583	0.544267	0.774444	0.968768	1.10901	1.17243	1.16174	1.08997	0.980921	0.864749	0.754145	
-1.4364	-1.4364	-1.34603	-1.15561	-0.890961	-0.581306	-0.25721	0.0411141	0.283658	0.471032	0.618328	0.749068	0.864419	0.973866	1.06608	1.13782	1.18178	1.18453	1.13368	1.05636	0.957353	0.838997	0.71113	0.59046	0.501424	0.466143	0.475126	0.501797	0.5088	0.449945	0.330042	0.17108	-0.0203905	-0.207391	-0.342904	-0.397262	-0.352513	-0.214043	-0.00760082	0.240778	0.475595	0.688684	0.870218	1.00097	1.064	1.06618	1.01159	0.919699	0.822965	0.717883	
-0.999287	-0.999287	-0.93416	-0.793598	-0.581306	-0.321164	-0.0562728	0.181146	0.377285	0.527748	0.64436	0.743347	0.831209	0.917706	1.00067	1.0575	1.08061	1.05749	0.993042	0.897248	0.786298	0.660872	0.539447	0.433374	0.36205	0.342157	0.377135	0.436685	0.476116	0.454937	0.371278	0.242661	0.0695116	-0.123749	-0.27703	-0.355628	-0.336952	-0.230175	-0.0497236	0.172297	0.397769	0.601287	0.771773	0.893326	0.962912	0.983602	0.958726	0.893069	0.813273	0.718825	
-0.558696	-0.558696	-0.511588	-0.414616	-0.25721	-0.0562728	0.153484	0.339905	0.495222	0.613065	0.708974	0.779124	0.841925	0.909203	0.977899	1.01978	1.02057	0.965229	0.871678	0.749216	0.613069	0.476692	0.349929	0.248892	0.195873	0.196694	0.251386	0.337411	0.41188	0.435074	0.391685	0.291086	0.131694	-0.0573322	-0.220283	-0.31616	-0.327454	-0.249554	-0.0986489	0.0986699	0.315806	0.517778	0.688073	0.814319	0.892308	0.933659	0.939812	0.904299	0.839872	0.760323	
-0.15575	-0.15575	-0.127064	-0.0659276	0.0411141	0.181146	0.339905	0.494011	0.623353	0.712884	0.78789	0.845185	0.904256	0.963546	1.01229	1.03358	1.01184	0.924853	0.796172	0.638534	0.462644	0.304762	0.168591	0.064106	0.0148612	0.0294851	0.0955328	0.20259	0.312795	0.377489	0.375122	0.301224	0.156999	-0.0257646	-0.190987	-0.299949	-0.329423	-0.275086	-0.150933	0.0349879	0.250009	0.458254	0.629765	0.762152	0.855156	0.918946	0.956426	0.945855	0.890236	0.813661	
0.184428	0.184428	0.199012	0.226751	0.283658	0.377285	0.495222	0.623353	0.731945	0.81066	0.875659	0.941944	1.00789	1.07224	1.10794	1.11023	1.06258	0.952723	0.784292	0.583362	0.367564	0.177106	0.0173415	-0.107118	-0.169537	-0.149575	-0.0681469	0.0526543	0.184668	0.276168	0.300677	0.254991	0.13257	-0.0331075	-0.194536	-0.313024	-0.352437	-0.305654	-0.195277	-0.0142687	0.200438	0.413307	0.59699	0.746679	0.859486	0.946494	1.00018	1.00035	0.948658	0.869211	
0.461657	0.461657	0.452936	0.449803	0.471032	0.527748	0.613065	0.712884	0.81066	0.897555	0.980074	1.06514	1.14427	1.21307	1.2598	1.26225	1.20063	1.06276	0.849602	0.595108	0.341541	0.113834	-0.0840814	-0.240223	-0.325047	-0.314848	-0.233899	-0.113366	0.0248646	0.133923	0.176636	0.148936	0.0545211	-0.0868007	-0.232887	-0.350432	-0.391894	-0.342232	-0.219941	-0.0406417	0.168853	0.385143	0.592105	0.771004	0.90516	0.997616	1.04774	1.04682	0.997879	0.915796	
0.69547	0.69547	0.662456	0.630045	0.618328	0.64436	0.708974	0.78789	0.875659	0.980074	1.0914	1.20257	1.30763	1.40173	1.46859	1.47538	1.39731	1.23261	0.987362	0.690247	0.386888	0.105946	-0.136782	-0.327472	-0.440673	-0.46231	-0.401906	-0.285846	-0.146957	-0.0330477	0.0195828	0.00575692	-0.0682829	-0.182548	-0.30607	-0.399585	-0.428414	-0.372832	-0.239981	-0.0542465	0.161701	0.385638	0.608798	0.811055	0.961849	1.05525	1.08874	1.07188	1.01898	0.935685	
0.884434	0.884434	0.841149	0.787935	0.749068	0.743347	0.779124	0.845185	0.941944	1.06514	1.20257	1.34787	1.495	1.62513	1.7143	1.72301	1.63277	1.44875	1.18209	0.850826	0.494683	0.156366	-0.135717	-0.367622	-0.519263	-0.576438	-0.541202	-0.435005	-0.305406	-0.202418	-0.145646	-0.1448	-0.198531	-0.289887	-0.388745	-0.452606	-0.453665	-0.381846	-0.238236	-0.0447092	0.176803	0.411331	0.640425	0.846397	1.00925	1.10142	1.11941	1.0781	1.00702	0.919782	
1.04365	1.04365	0.999657	0.930223	0.864419	0.831209	0.841925	0.904256	1.00789	1.14427	1.30763	1.495	1.68313	1.85057	1.95951	1.97527	1.88404	1.68481	1.38821	1.02666	0.63912	0.255771	-0.0898545	-0.369388	-0.555451	-0.635512	-0.6177	-0.531082	-0.425454	-0.339088	-0.285313	-0.269591	-0.302483	-0.369031	-0.443286	-0.484901	-0.462971	-0.367645	-0.209739	-0.0145282	0.202184	0.441186	0.681269	0.888254	1.04726	1.12905	1.1278	1.06495	0.977313	0.887816	
1.18933	1.18933	1.14005	1.05585	0.973866	0.917706	0.909203	0.963546	1.07224	1.21307	1.40173	1.62513	1.85057	2.03725	2.16242	2.19288	2.10587	1.88582	1.56345	1.18027	0.769738	0.355	-0.0291499	-0.338288	-0.54697	-0.64926	-0.649688	-0.579859	-0.490001	-0.411441	-0.358781	-0.341481	-0.363536	-0.417964	-0.466038	-0.478535	-0.434497	-0.327017	-0.164226	0.0303613	0.245578	0.478263	0.714591	0.919128	1.06081	1.12066	1.10039	1.02847	0.934899	0.844159	
1.3153	1.3153	1.25993	1.16249	1.06608	1.00067	0.977899	1.01229	1.10794	1.2598	1.46859	1.7143	1.95951	2.16242	2.2918	2.32523	2.23495	2.0095	1.68199	1.28999	0.858699	0.422153	0.0261213	-0.290382	-0.510128	-0.625779	-0.633678	-0.570617	-0.486294	-0.40847	-0.359515	-0.352776	-0.378774	-0.42452	-0.452646	-0.436884	-0.374939	-0.266627	-0.112685	0.0809035	0.301933	0.526147	0.742113	0.927162	1.04479	1.08369	1.04803	0.968026	0.873062	0.782767	
1.40929	1.40929	1.34709	1.24447	1.13782	1.0575	1.01978	1.03358	1.11023	1.26225	1.47538	1.72301	1.97527	2.19288	2.32523	2.34906	2.24929	2.03252	1.71153	1.31728	0.88433	0.457608	0.0725966	-0.243106	-0.462914	-0.568665	-0.569737	-0.507902	-0.424491	-0.350119	-0.308128	-0.311142	-0.343332	-0.379143	-0.402028	-0.384268	-0.317182	-0.203005	-0.0479245	0.141166	0.354168	0.567783	0.759655	0.91026	1.00048	1.02344	0.980364	0.890974	0.787545	0.696319	
1.46416	1.46416	1.3991	1.29857	1.18178	1.08061	1.02057	1.01184	1.06258	1.20063	1.39731	1.63277	1.88404	2.10587	2.23495	2.24929	2.14563	1.93639	1.62788	1.24743	0.842576	0.440975	0.075308	-0.22443	-0.425126	-0.507919	-0.491321	-0.421463	-0.335967	-0.268741	-0.238239	-0.24523	-0.275474	-0.309758	-0.335439	-0.326521	-0.262881	-0.146662	0.0169117	0.201605	0.395104	0.584921	0.752848	0.871599	0.931983	0.929699	0.877527	0.78146	0.671665	0.577552	
1.46864	1.46864	1.41287	1.31353	1.18453	1.05749	0.965229	0.924853	0.952723	1.06276	1.23261	1.44875	1.68481	1.88582	2.0095	2.03252	1.93639	1.7358	1.44896	1.10041	0.731642	0.36497	0.0314105	-0.2329	-0.40049	-0.462404	-0.432043	-0.347246	-0.24902	-0.181797	-0.15685	-0.167501	-0.203839	-0.248139	-0.277131	-0.267322	-0.202671	-0.0855298	0.0766924	0.259119	0.438659	0.598838	0.734346	0.822594	0.84636	0.808449	0.733315	0.635908	0.527666	0.428695	
1.44695	1.44695	1.38704	1.27466	1.13368	0.993042	0.871678	0.796172	0.784292	0.849602	0.987362	1.18209	1.38821	1.56345	1.68199	1.71153	1.62788	1.44896	1.19893	0.892876	0.56298	0.238931	-0.0473241	-0.270139	-0.402822	-0.439286	-0.395401	-0.299081	-0.187765	-0.107447	-0.0759618	-0.0919096	-0.137351	-0.189341	-0.221777	-0.208261	-0.137687	-0.0155053	0.141631	0.312499	0.483457	0.624435	0.720209	0.763285	0.754204	0.68582	0.583002	0.475847	0.368194	0.266213	
1.3857	1.3857	1.32245	1.20471	1.05636	0.897248	0.749216	0.638534	0.583362	0.595108	0.690247	0.850826	1.02666	1.18027	1.28999	1.31728	1.24743	1.10041	0.892876	0.63422	0.354295	0.0812721	-0.159521	-0.345393	-0.441992	-0.450464	-0.392732	-0.287378	-0.169662	-0.0777862	-0.0339212	-0.0444352	-0.0904635	-0.139331	-0.171772	-0.153664	-0.0750727	0.0545237	0.212844	0.371682	0.528386	0.651838	0.710624	0.708867	0.665374	0.576499	0.451725	0.323425	0.204123	0.100961	
1.28151	1.28151	1.21925	1.1063	0.957353	0.786298	0.613069	0.462644	0.367564	0.341541	0.386888	0.494683	0.63912	0.769738	0.858699	0.88433	0.842576	0.731642	0.56298	0.354295	0.131071	-0.0965741	-0.296224	-0.43895	-0.505653	-0.497446	-0.427256	-0.319654	-0.199759	-0.100622	-0.0446752	-0.0461057	-0.0800931	-0.124222	-0.145853	-0.114523	-0.0252558	0.109611	0.275842	0.437217	0.581899	0.682287	0.714578	0.677541	0.593861	0.475851	0.337612	0.188032	0.0508416	-0.0461931	
1.14983	1.14983	1.0956	0.989736	0.838997	0.660872	0.476692	0.304762	0.177106	0.113834	0.105946	0.156366	0.255771	0.355	0.422153	0.457608	0.440975	0.36497	0.238931	0.0812721	-0.0965741	-0.280474	-0.435056	-0.536415	-0.584826	-0.573389	-0.497741	-0.38991	-0.270633	-0.162006	-0.0969451	-0.0940824	-0.123822	-0.150979	-0.15403	-0.10208	0.00363804	0.144936	0.312526	0.483373	0.62237	0.701895	0.713256	0.652621	0.537411	0.391034	0.232547	0.0715542	-0.0755747	-0.168906	
0.997311	0.997311	0.947803	0.850047	0.71113	0.539447	0.349929	0.168591	0.0173415	-0.0840814	-0.136782	-0.135717	-0.0898545	-0.0291499	0.0261213	0.0725966	0.075308	0.0314105	-0.0473241	-0.159521	-0.296224	-0.435056	-0.54603	-0.620566	-0.66272	-0.653681	-0.578245	-0.477064	-0.366806	-0.25813	-0.189436	-0.183131	-0.201986	-0.209498	-0.191752	-0.12193	-0.0014971	0.149382	0.321897	0.492496	0.629073	0.700731	0.699297	0.627202	0.499904	0.330085	0.146181	-0.028608	-0.17829	-0.273177	
0.83061	0.83061	0.795673	0.713854	0.59046	0.433374	0.248892	0.064106	-0.107118	-0.240223	-0.327472	-0.367622	-0.369388	-0.338288	-0.290382	-0.243106	-0.22443	-0.2329	-0.270139	-0.345393	-0.43895	-0.536415	-0.620566	-0.685158	-0.72448	-0.718727	-0.655036	-0.566725	-0.472156	-0.382303	-0.318776	-0.296587	-0.296676	-0.289761	-0.255527	-0.175389	-0.0462852	0.117306	0.302776	0.474828	0.61025	0.684018	0.682296	0.60326	0.466151	0.284502	0.0827145	-0.108525	-0.257997	-0.35969	
0.705253	0.705253	0.673636	0.606027	0.501424	0.36205	0.195873	0.0148612	-0.169537	-0.325047	-0.440673	-0.519263	-0.555451	-0.54697	-0.510128	-0.462914	-0.425126	-0.40049	-0.402822	-0.441992	-0.505653	-0.584826	-0.66272	-0.72448	-0.757431	-0.752081	-0.710515	-0.647265	-0.569895	-0.505761	-0.453489	-0.418439	-0.402468	-0.380957	-0.32932	-0.23812	-0.104184	0.0691439	0.264201	0.445524	0.586164	0.662856	0.662541	0.583637	0.444883	0.260087	0.0512147	-0.152002	-0.312202	-0.423708	
0.637681	0.637681	0.610102	0.556173	0.466143	0.342157	0.196694	0.0294851	-0.149575	-0.314848	-0.46231	-0.576438	-0.635512	-0.64926	-0.625779	-0.568665	-0.507919	-0.462404	-0.439286	-0.450464	-0.497446	-0.573389	-0.653681	-0.718727	-0.752081	-0.752921	-0.738809	-0.708483	-0.656818	-0.608923	-0.56864	-0.534157	-0.508979	-0.468119	-0.402655	-0.302375	-0.161122	0.0163339	0.214419	0.40374	0.555433	0.638726	0.646479	0.586397	0.459054	0.269194	0.0540151	-0.155786	-0.334261	-0.4628	
0.602188	0.602188	0.584424	0.543893	0.475126	0.377135	0.251386	0.0955328	-0.0681469	-0.233899	-0.401906	-0.541202	-0.6177	-0.649688	-0.633678	-0.569737	-0.491321	-0.432043	-0.395401	-0.392732	-0.427256	-0.497741	-0.578245	-0.655036	-0.710515	-0.738809	-0.75477	-0.758437	-0.734196	-0.702505	-0.67413	-0.646858	-0.613151	-0.561104	-0.486356	-0.377021	-0.222144	-0.0356087	0.162581	0.354972	0.51774	0.614435	0.6395	0.603601	0.491206	0.302823	0.085254	-0.132235	-0.324976	-0.467857	
0.568146	0.568146	0.563593	0.542428	0.501797	0.436685	0.337411	0.20259	0.0526543	-0.113366	-0.285846	-0.435005	-0.531082	-0.579859	-0.570617	-0.507902	-0.421463	-0.347246	-0.299081	-0.287378	-0.319654	-0.38991	-0.477064	-0.566725	-0.647265	-0.708483	-0.758437	-0.793757	-0.800655	-0.797397	-0.785934	-0.762304	-0.719281	-0.654127	-0.563905	-0.437657	-0.27226	-0.0849113	0.110268	0.305993	0.475258	0.582291	0.622888	0.599143	0.502907	0.332833	0.122708	-0.0929075	-0.289173	-0.441175	
0.509873	0.509873	0.515059	0.517076	0.5088	0.476116	0.41188	0.312795	0.184668	0.0248646	-0.146957	-0.305406	-0.425454	-0.490001	-0.486294	-0.424491	-0.335967	-0.24902	-0.187765	-0.169662	-0.199759	-0.270633	-0.366806	-0.472156	-0.569895	-0.656818	-0.734196	-0.800655	-0.845842	-0.872597	-0.87763	-0.855337	-0.803335	-0.719236	-0.610045	-0.467982	-0.301673	-0.121125	0.0709861	0.265565	0.431525	0.543641	0.591332	0.574789	0.492047	0.3454	0.156397	-0.0440274	-0.231518	-0.377772	
0.388529	0.388529	0.404958	0.429418	0.449945	0.454937	0.435074	0.377489	0.276168	0.133923	-0.0330477	-0.202418	-0.339088	-0.411441	-0.40847	-0.350119	-0.268741	-0.181797	-0.107447	-0.0777862	-0.100622	-0.162006	-0.25813	-0.382303	-0.505761	-0.608923	-0.702505	-0.797397	-0.872597	-0.919078	-0.932756	-0.907498	-0.844583	-0.749514	-0.625534	-0.478757	-0.311906	-0.130568	0.0549405	0.232045	0.388344	0.500203	0.552489	0.542131	0.469361	0.341542	0.177636	-0.000959275	-0.162095	-0.282575	
0.20822	0.20822	0.234746	0.280562	0.330042	0.371278	0.391685	0.375122	0.300677	0.176636	0.0195828	-0.145646	-0.285313	-0.358781	-0.359515	-0.308128	-0.238239	-0.15685	-0.0759618	-0.0339212	-0.0446752	-0.0969451	-0.189436	-0.318776	-0.453489	-0.56864	-0.67413	-0.785934	-0.87763	-0.932756	-0.94626	-0.916896	-0.847929	-0.745551	-0.614792	-0.463639	-0.292983	-0.116781	0.0514142	0.209751	0.350776	0.458358	0.51572	0.51236	0.453829	0.345904	0.208145	0.061958	-0.0646602	-0.161327	
0.00442987	0.00442987	0.0378063	0.0962086	0.17108	0.242661	0.291086	0.301224	0.254991	0.148936	0.00575692	-0.1448	-0.269591	-0.341481	-0.352776	-0.311142	-0.24523	-0.167501	-0.0919096	-0.0444352	-0.0461057	-0.0940824	-0.183131	-0.296587	-0.418439	-0.534157	-0.646858	-0.762304	-0.855337	-0.907498	-0.916896	-0.883097	-0.814532	-0.712087	-0.582481	-0.427498	-0.25963	-0.098	0.0542891	0.200737	0.328823	0.426968	0.483694	0.488097	0.440675	0.35779	0.255942	0.154015	0.0618042	-0.0182623	
-0.207467	-0.207467	-0.170316	-0.106098	-0.0203905	0.0695116	0.131694	0.156999	0.13257	0.0545211	-0.0682829	-0.198531	-0.302483	-0.363536	-0.378774	-0.343332	-0.275474	-0.203839	-0.137351	-0.0904635	-0.0800931	-0.123822	-0.201986	-0.296676	-0.402468	-0.508979	-0.613151	-0.719281	-0.803335	-0.844583	-0.847929	-0.814532	-0.748747	-0.657689	-0.540507	-0.3959	-0.233067	-0.0790831	0.066024	0.204691	0.324552	0.413685	0.465742	0.474212	0.437407	0.371698	0.304781	0.241066	0.183267	0.119852	
-0.390169	-0.390169	-0.353589	-0.28926	-0.207391	-0.123749	-0.0573322	-0.0257646	-0.0331075	-0.0868007	-0.182548	-0.289887	-0.369031	-0.417964	-0.42452	-0.379143	-0.309758	-0.248139	-0.189341	-0.139331	-0.124222	-0.150979	-0.209498	-0.289761	-0.380957	-0.468119	-0.561104	-0.654127	-0.719236	-0.749514	-0.745551	-0.712087	-0.657689	-0.580584	-0.480292	-0.354878	-0.202551	-0.0489564	0.0877613	0.217541	0.330346	0.4083	0.453691	0.467576	0.440758	0.389772	0.345041	0.313061	0.280038	0.231782	
-0.492024	-0.492024	-0.465486	-0.41051	-0.342904	-0.27703	-0.220283	-0.190987	-0.194536	-0.232887	-0.30607	-0.388745	-0.443286	-0.466038	-0.452646	-0.402028	-0.335439	-0.277131	-0.221777	-0.171772	-0.145853	-0.15403	-0.191752	-0.255527	-0.32932	-0.402655	-0.486356	-0.563905	-0.610045	-0.625534	-0.614792	-0.582481	-0.540507	-0.480292	-0.392284	-0.274966	-0.135272	0.0078768	0.136427	0.249141	0.342753	0.404675	0.43702	0.447114	0.428736	0.396417	0.376255	0.364814	0.345648	0.311264	
-0.49657	-0.49657	-0.475891	-0.439198	-0.397262	-0.355628	-0.31616	-0.299949	-0.313024	-0.350432	-0.399585	-0.452606	-0.484901	-0.478535	-0.436884	-0.384268	-0.326521	-0.267322	-0.208261	-0.153664	-0.114523	-0.10208	-0.12193	-0.175389	-0.23812	-0.302375	-0.377021	-0.437657	-0.467982	-0.478757	-0.463639	-0.427498	-0.3959	-0.354878	-0.274966	-0.160871	-0.0308011	0.101065	0.215081	0.303537	0.368597	0.407752	0.423613	0.421462	0.40401	0.389421	0.38367	0.382568	0.383868	0.36737	
-0.38153	-0.38153	-0.376587	-0.366625	-0.352513	-0.336952	-0.327454	-0.329423	-0.352437	-0.391894	-0.428414	-0.453665	-0.462971	-0.434497	-0.374939	-0.317182	-0.262881	-0.202671	-0.137687	-0.0750727	-0.0252558	0.00363804	-0.0014971	-0.0462852	-0.104184	-0.161122	-0.222144	-0.27226	-0.301673	-0.311906	-0.292983	-0.25963	-0.233067	-0.202551	-0.135272	-0.0308011	0.0900301	0.206003	0.298288	0.359104	0.395879	0.410118	0.40876	0.391462	0.37345	0.365218	0.367756	0.382338	0.402298	0.404095	
-0.174477	-0.174477	-0.181818	-0.196972	-0.214043	-0.230175	-0.249554	-0.275086	-0.305654	-0.342232	-0.372832	-0.381846	-0.367645	-0.327017	-0.266627	-0.203005	-0.146662	-0.0855298	-0.0155053	0.0545237	0.109611	0.144936	0.149382	0.117306	0.0691439	0.0163339	-0.0356087	-0.0849113	-0.121125	-0.130568	-0.116781	-0.098	-0.0790831	-0.0489564	0.0078768	0.101065	0.206003	0.294308	0.356228	0.394176	0.41142	0.403568	0.38175	0.354937	0.332476	0.324719	0.337344	0.368772	0.397384	0.41676	
0.0772469	0.0772469	0.0599188	0.0316293	-0.00760082	-0.0497236	-0.0986489	-0.150933	-0.195277	-0.219941	-0.239981	-0.238236	-0.209739	-0.164226	-0.112685	-0.0479245	0.0169117	0.0766924	0.141631	0.212844	0.275842	0.312526	0.321897	0.302776	0.264201	0.214419	0.162581	0.110268	0.0709861	0.0549405	0.0514142	0.0542891	0.066024	0.0877613	0.136427	0.215081	0.298288	0.356228	0.392959	0.415	0.419521	0.394145	0.356119	0.315864	0.28085	0.266958	0.288275	0.32747	0.368191	0.408763	
0.349557	0.349557	0.330158	0.295583	0.240778	0.172297	0.0986699	0.0349879	-0.0142687	-0.0406417	-0.0542465	-0.0447092	-0.0145282	0.0303613	0.0809035	0.141166	0.201605	0.259119	0.312499	0.371682	0.437217	0.483373	0.492496	0.474828	0.445524	0.40374	0.354972	0.305993	0.265565	0.232045	0.209751	0.200737	0.204691	0.217541	0.249141	0.303537	0.359104	0.394176	0.415	0.420778	0.409241	0.374596	0.32678	0.268234	0.22309	0.207764	0.228759	0.273285	0.329573	0.391014	
0.626719	0.626719	0.598777	0.544267	0.475595	0.397769	0.315806	0.250009	0.200438	0.168853	0.161701	0.176803	0.202184	0.245578	0.301933	0.354168	0.395104	0.438659	0.483457	0.528386	0.581899	0.62237	0.629073	0.61025	0.586164	0.555433	0.51774	0.475258	0.431525	0.388344	0.350776	0.328823	0.324552	0.330346	0.342753	0.368597	0.395879	0.41142	0.419521	0.409241	0.385625	0.346481	0.285711	0.219323	0.180476	0.172667	0.187696	0.232012	0.302331	0.374522	
0.881845	0.881845	0.845902	0.774444	0.688684	0.601287	0.517778	0.458254	0.413307	0.385143	0.385638	0.411331	0.441186	0.478263	0.526147	0.567783	0.584921	0.598838	0.624435	0.651838	0.682287	0.701895	0.700731	0.684018	0.662856	0.638726	0.614435	0.582291	0.543641	0.500203	0.458358	0.426968	0.413685	0.4083	0.404675	0.407752	0.410118	0.403568	0.394145	0.374596	0.346481	0.301026	0.242027	0.190163	0.166023	0.161225	0.177427	0.227365	0.304193	0.377116	
1.09913	1.09913	1.05193	0.968768	0.870218	0.771773	0.688073	0.629765	0.59699	0.592105	0.608798	0.640425	0.681269	0.714591	0.742113	0.759655	0.752848	0.734346	0.720209	0.710624	0.714578	0.713256	0.699297	0.682296	0.662541	0.646479	0.6395	0.622888	0.591332	0.552489	0.51572	0.483694	0.465742	0.453691	0.43702	0.423613	0.40876	0.38175	0.356119	0.32678	0.285711	0.242027	0.208277	0.184059	0.175548	0.17985	0.207164	0.262023	0.334329	0.409084	
1.25409	1.25409	1.19909	1.10901	1.00097	0.893326	0.814319	0.762152	0.746679	0.771004	0.811055	0.846397	0.888254	0.919128	0.927162	0.91026	0.871599	0.822594	0.763285	0.708867	0.677541	0.652621	0.627202	0.60326	0.583637	0.586397	0.603601	0.599143	0.574789	0.542131	0.51236	0.488097	0.474212	0.467576	0.447114	0.421462	0.391462	0.354937	0.315864	0.268234	0.219323	0.190163	0.184059	0.189921	0.202758	0.229018	0.269857	0.320689	0.385504	0.464493	
1.31606	1.31606	1.26261	1.17243	1.064	0.962912	0.892308	0.855156	0.859486	0.90516	0.961849	1.00925	1.04726	1.06081	1.04479	1.00048	0.931983	0.84636	0.754204	0.665374	0.593861	0.537411	0.499904	0.466151	0.444883	0.459054	0.491206	0.502907	0.492047	0.469361	0.453829	0.440675	0.437407	0.440758	0.428736	0.40401	0.37345	0.332476	0.28085	0.22309	0.180476	0.166023	0.175548	0.202758	0.244977	0.28907	0.338201	0.385666	0.445972	0.517227	
1.29278	1.29278	1.2464	1.16174	1.06618	0.983602	0.933659	0.918946	0.946494	0.997616	1.05525	1.10142	1.12905	1.12066	1.08369	1.02344	0.929699	0.808449	0.68582	0.576499	0.475851	0.391034	0.330085	0.284502	0.260087	0.269194	0.302823	0.332833	0.3454	0.341542	0.345904	0.35779	0.371698	0.389772	0.396417	0.389421	0.365218	0.324719	0.266958	0.207764	0.172667	0.161225	0.17985	0.229018	0.28907	0.343387	0.390714	0.438437	0.493302	0.556636	
1.21309	1.21309	1.16835	1.08997	1.01159	0.958726	0.939812	0.956426	1.00018	1.04774	1.08874	1.11941	1.1278	1.10039	1.04803	0.980364	0.877527	0.733315	0.583002	0.451725	0.337612	0.232547	0.146181	0.0827145	0.0512147	0.0540151	0.085254	0.122708	0.156397	0.177636	0.208145	0.255942	0.304781	0.345041	0.376255	0.38367	0.367756	0.337344	0.288275	0.228759	0.187696	0.177427	0.207164	0.269857	0.338201	0.390714	0.436716	0.483071	0.533644	0.589696	
1.09137	1.09137	1.04934	0.980921	0.919699	0.893069	0.904299	0.945855	1.00035	1.04682	1.07188	1.0781	1.06495	1.02847	0.968026	0.890974	0.78146	0.635908	0.475847	0.323425	0.188032	0.0715542	-0.028608	-0.108525	-0.152002	-0.155786	-0.132235	-0.0929075	-0.0440274	-0.000959275	0.061958	0.154015	0.241066	0.313061	0.364814	0.382568	0.382338	0.368772	0.32747	0.273285	0.232012	0.227365	0.262023	0.320689	0.385666	0.438437	0.483071	0.524101	0.570295	0.620471	
0.961831	0.961831	0.920131	0.864749	0.822965	0.813273	0.839872	0.890236	0.948658	0.997879	1.01898	1.00702	0.977313	0.934899	0.873062	0.787545	0.671665	0.527666	0.368194	0.204123	0.0508416	-0.0755747	-0.17829	-0.257997	-0.312202	-0.334261	-0.324976	-0.289173	-0.231518	-0.162095	-0.0646602	0.0618042	0.183267	0.280038	0.345648	0.383868	0.402298	0.397384	0.368191	0.329573	0.302331	0.304193	0.334329	0.385504	0.445972	0.493302	0.533644	0.570295	0.610282	0.652079	
0.834638	0.834638	0.802038	0.754145	0.717883	0.718825	0.760323	0.813661	0.869211	0.915796	0.935685	0.919782	0.887816	0.844159	0.782767	0.696319	0.577552	0.428695	0.266213	0.100961	-0.0461931	-0.168906	-0.273177	-0.35969	-0.423708	-0.4628	-0.467857	-0.441175	-0.377772	-0.282575	-0.161327	-0.0182623	0.119852	0.231782	0.311264	0.36737	0.404095	0.41676	0.408763	0.391014	0.374522	0.377116	0.409084	0.464493	0.517227	0.556636	0.589696	0.620471	0.652079	0.675246	
