6.51557e-05	6.51557e-05	0.000195098	0.000649444	0.0020038	0.00564523	0.0144837	0.0338024	0.0717559	0.138734	0.245038	0.397317	0.595378	0.831182	1.09059	1.35684	1.61414	1.85025	2.05744	2.23233	2.37487	2.48723	2.57284	2.63579	2.6803	2.71043	2.72981	2.74154	2.74806	2.75107	2.75153	2.74959	2.74462	2.73522	2.71923	2.6938	2.6555	2.60042	2.52437	2.42317	2.29306	2.13128	1.93683	1.71163	1.46159	1.1972	0.933055	0.685906	0.471397	0.300344	
6.51557e-05	6.51557e-05	0.000195098	0.000649444	0.0020038	0.00564523	0.0144837	0.0338024	0.0717559	0.138734	0.245038	0.397317	0.595378	0.831182	1.09059	1.35684	1.61414	1.85025	2.05744	2.23233	2.37487	2.48723	2.57284	2.63579	2.6803	2.71043	2.72981	2.74154	2.74806	2.75107	2.75153	2.74959	2.74462	2.73522	2.71923	2.6938	2.6555	2.60042	2.52437	2.42317	2.29306	2.13128	1.93683	1.71163	1.46159	1.1972	0.933055	0.685906	0.471397	0.300344	
0.000195098	0.000195098	0.000543	0.00168422	0.00483222	0.0126052	0.02981	0.0638595	0.124014	0.218941	0.353253	0.524994	0.725824	0.943775	1.1666	1.38401	1.58844	1.77481	1.93994	2.08208	2.20062	2.29607	2.37007	2.42514	2.46427	2.49069	2.5075	2.51746	2.52284	2.52526	2.52562	2.52407	2.52001	2.51211	2.49835	2.47614	2.44249	2.39419	2.32809	2.24147	2.13228	1.99958	1.84351	1.66535	1.46766	1.25468	1.03294	0.811657	0.602477	0.41784	
0.000649444	0.000649444	0.00168422	0.00487324	0.0130091	0.0314056	0.0683213	0.13381	0.236223	0.377431	0.549966	0.739082	0.928842	1.10778	1.27065	1.41682	1.54754	1.66388	1.7659	1.85285	1.92399	1.97946	2.02041	2.04868	2.06654	2.07649	2.08098	2.08217	2.08186	2.08129	2.08117	2.08162	2.08217	2.08177	2.07884	2.07136	2.05699	2.03321	1.9976	1.94812	1.8833	1.80259	1.70649	1.59583	1.47093	1.33109	1.17495	1.00211	0.815648	0.62453	
0.0020038	0.0020038	0.00483222	0.0130091	0.0322381	0.071867	0.143534	0.256667	0.411925	0.597184	0.790923	0.971964	1.12786	1.25586	1.35867	1.44012	1.50313	1.54932	1.57971	1.59557	1.59905	1.59311	1.5806	1.56392	1.54534	1.52684	1.50995	1.49597	1.48582	1.4801	1.47918	1.48308	1.49158	1.50415	1.52	1.53801	1.55674	1.57444	1.58894	1.59785	1.5985	1.58787	1.56345	1.5237	1.46757	1.39376	1.29989	1.18236	1.03767	0.865753	
0.00564523	0.00564523	0.0126052	0.0314056	0.071867	0.147133	0.268321	0.436106	0.635018	0.837733	1.01879	1.16591	1.27891	1.36104	1.4141	1.43877	1.43619	1.40923	1.36268	1.30266	1.23582	1.16756	1.10134	1.03981	0.985065	0.938241	0.900007	0.870803	0.850704	0.839765	0.838002	0.84535	0.861887	0.887501	0.922162	0.965579	1.01718	1.07609	1.14071	1.20853	1.27654	1.34006	1.39275	1.4282	1.441	1.42751	1.38591	1.31549	1.21515	1.08198	
0.0144837	0.0144837	0.02981	0.0683213	0.143534	0.268321	0.444526	0.654825	0.866917	1.05124	1.19622	1.30471	1.3792	1.41664	1.41426	1.37353	1.29996	1.20205	1.0891	0.970005	0.851863	0.738699	0.633606	0.539703	0.458572	0.3907	0.336509	0.29574	0.267982	0.25299	0.25047	0.26043	0.283029	0.318599	0.367412	0.429837	0.505737	0.594517	0.695323	0.805589	0.922169	1.04166	1.15805	1.26308	1.34749	1.40228	1.42055	1.39898	1.33884	1.24394	
0.0338024	0.0338024	0.0638595	0.13381	0.256667	0.436106	0.654825	0.876641	1.06709	1.21402	1.32304	1.39527	1.42144	1.3963	1.32482	1.21644	1.08202	0.931828	0.774417	0.617289	0.465226	0.32198	0.192507	0.079703	-0.01614	-0.0946653	-0.156115	-0.20185	-0.232528	-0.249007	-0.251925	-0.240997	-0.216337	-0.176693	-0.121624	-0.0499457	0.0391106	0.145288	0.268128	0.406343	0.555275	0.710958	0.869049	1.02305	1.16492	1.28495	1.3725	1.4173	1.41169	1.35679	
0.0717559	0.0717559	0.124014	0.236223	0.411925	0.635018	0.866917	1.06709	1.2198	1.33227	1.40506	1.42266	1.37797	1.28244	1.14944	0.988656	0.809699	0.620571	0.429792	0.244968	0.0713151	-0.0847682	-0.219243	-0.332844	-0.426302	-0.4998	-0.555985	-0.59669	-0.623312	-0.637554	-0.63999	-0.630655	-0.6093	-0.574554	-0.524734	-0.458284	-0.373015	-0.26711	-0.141123	0.00652196	0.173729	0.354659	0.543984	0.73467	0.918671	1.08772	1.23278	1.3447	1.41158	1.41918	
0.138734	0.138734	0.218941	0.377431	0.597184	0.837733	1.05124	1.21402	1.33227	1.40828	1.42209	1.36354	1.2509	1.10089	0.917879	0.71121	0.492165	0.271581	0.0613357	-0.131951	-0.302578	-0.44659	-0.565901	-0.662847	-0.737644	-0.793495	-0.834699	-0.862535	-0.880309	-0.889538	-0.890648	-0.885049	-0.870406	-0.847347	-0.811809	-0.762114	-0.695368	-0.607472	-0.496805	-0.363196	-0.202872	-0.018377	0.185963	0.40359	0.624545	0.837594	1.03127	1.19491	1.32366	1.40645	
0.245038	0.245038	0.353253	0.549966	0.790923	1.01879	1.19622	1.32304	1.40506	1.42209	1.35809	1.2344	1.07213	0.868721	0.634216	0.389205	0.145738	-0.0822855	-0.287173	-0.465607	-0.613619	-0.732801	-0.825734	-0.893458	-0.939481	-0.970863	-0.99011	-1.00083	-1.00673	-1.00902	-1.00904	-1.00774	-1.00301	-0.994587	-0.979474	-0.95391	-0.913865	-0.85616	-0.77286	-0.664585	-0.52818	-0.361867	-0.167311	0.052385	0.290889	0.536846	0.777712	0.995672	1.17423	1.31436	
0.397317	0.397317	0.524994	0.739082	0.971964	1.16591	1.30471	1.39527	1.42266	1.36354	1.2344	1.06268	0.842893	0.583734	0.318759	0.059063	-0.185108	-0.401276	-0.587804	-0.73824	-0.853108	-0.934197	-0.98521	-1.01174	-1.02248	-1.02276	-1.01547	-1.00724	-0.999112	-0.994198	-0.993887	-0.996221	-1.00422	-1.01139	-1.0198	-1.02365	-1.01792	-0.998595	-0.958557	-0.889371	-0.788698	-0.652127	-0.480215	-0.275061	-0.0413179	0.213725	0.477472	0.742096	0.980825	1.17093	
0.595378	0.595378	0.725824	0.928842	1.12786	1.27891	1.3792	1.42144	1.37797	1.2509	1.07213	0.842893	0.566043	0.284091	0.0105547	-0.253512	-0.483749	-0.67715	-0.826579	-0.930392	-0.993932	-1.02138	-1.02391	-1.00874	-0.983852	-0.953375	-0.923908	-0.898859	-0.880305	-0.870276	-0.868838	-0.875333	-0.891434	-0.91371	-0.941266	-0.970741	-1.00024	-1.01918	-1.02603	-1.0085	-0.961017	-0.873103	-0.742753	-0.566127	-0.350159	-0.0978359	0.173935	0.452095	0.735649	0.987008	
0.831182	0.831182	0.943775	1.10778	1.25586	1.36104	1.41664	1.3963	1.28244	1.10089	0.868721	0.583734	0.284091	-0.00482585	-0.2895	-0.535446	-0.731139	-0.87984	-0.971447	-1.02023	-1.02572	-1.00443	-0.962173	-0.909867	-0.854124	-0.803309	-0.759432	-0.725359	-0.703125	-0.68933	-0.68717	-0.696773	-0.713969	-0.74584	-0.785123	-0.832638	-0.886433	-0.941639	-0.989559	-1.02028	-1.02667	-0.99623	-0.922173	-0.797486	-0.618964	-0.394398	-0.120685	0.167674	0.462847	0.759733	
1.09059	1.09059	1.1666	1.27065	1.35867	1.4141	1.41426	1.32482	1.14944	0.917879	0.634216	0.318759	0.0105547	-0.2895	-0.553095	-0.753171	-0.907055	-0.995426	-1.03124	-1.0196	-0.96992	-0.900798	-0.81924	-0.742045	-0.67332	-0.615789	-0.57148	-0.539702	-0.518121	-0.505474	-0.504669	-0.511701	-0.528907	-0.556716	-0.596313	-0.650422	-0.711798	-0.787511	-0.867465	-0.945337	-1.00234	-1.03282	-1.01447	-0.95056	-0.820603	-0.63947	-0.402118	-0.110668	0.193581	0.509002	
1.35684	1.35684	1.38401	1.41682	1.44012	1.43877	1.37353	1.21644	0.988656	0.71121	0.389205	0.059063	-0.253512	-0.535446	-0.753171	-0.915732	-1.01064	-1.03205	-1.00656	-0.929884	-0.837993	-0.733368	-0.643082	-0.562478	-0.502559	-0.454092	-0.425062	-0.401551	-0.386623	-0.382514	-0.379715	-0.384163	-0.39687	-0.412806	-0.441051	-0.481613	-0.537053	-0.608713	-0.69454	-0.796652	-0.894521	-0.980496	-1.02794	-1.02585	-0.963812	-0.823735	-0.630861	-0.371569	-0.0678644	0.255271	
1.61414	1.61414	1.58844	1.54754	1.50313	1.43619	1.29996	1.08202	0.809699	0.492165	0.145738	-0.185108	-0.483749	-0.731139	-0.907055	-1.01064	-1.0299	-0.993441	-0.905073	-0.791339	-0.673572	-0.567093	-0.484884	-0.42415	-0.386255	-0.36405	-0.347779	-0.340293	-0.335029	-0.334993	-0.332401	-0.334564	-0.338368	-0.344355	-0.357038	-0.374678	-0.408647	-0.456587	-0.532026	-0.627108	-0.745326	-0.859999	-0.964678	-1.0204	-1.02812	-0.957911	-0.809884	-0.591237	-0.308299	0.0100782	
1.85025	1.85025	1.77481	1.66388	1.54932	1.40923	1.20205	0.931828	0.620571	0.271581	-0.0822855	-0.401276	-0.67715	-0.87984	-0.995426	-1.03205	-0.993441	-0.899376	-0.767301	-0.63416	-0.513967	-0.433461	-0.380948	-0.360475	-0.345867	-0.342056	-0.33677	-0.337875	-0.336949	-0.334398	-0.336798	-0.336308	-0.335727	-0.338966	-0.339101	-0.343656	-0.354778	-0.370352	-0.409078	-0.476255	-0.583328	-0.713023	-0.849193	-0.96195	-1.0243	-1.02015	-0.935463	-0.769038	-0.518408	-0.214739	
2.05744	2.05744	1.93994	1.7659	1.57971	1.36268	1.0891	0.774417	0.429792	0.0613357	-0.287173	-0.587804	-0.826579	-0.971447	-1.03124	-1.00656	-0.905073	-0.767301	-0.617354	-0.491712	-0.408006	-0.369537	-0.357401	-0.353567	-0.349589	-0.346619	-0.344529	-0.338538	-0.336915	-0.334277	-0.334007	-0.336199	-0.337224	-0.34298	-0.34514	-0.348345	-0.351095	-0.356983	-0.361797	-0.387969	-0.451642	-0.563091	-0.70619	-0.853086	-0.972631	-1.03189	-1.00495	-0.895962	-0.692701	-0.41389	
2.23233	2.23233	2.08208	1.85285	1.59557	1.30266	0.970005	0.617289	0.244968	-0.131951	-0.465607	-0.73824	-0.930392	-1.02023	-1.0196	-0.929884	-0.791339	-0.63416	-0.491712	-0.402506	-0.361593	-0.361319	-0.36115	-0.357122	-0.343531	-0.332778	-0.320634	-0.311846	-0.305849	-0.301071	-0.301273	-0.303125	-0.307684	-0.317055	-0.328153	-0.338706	-0.351559	-0.36149	-0.362327	-0.359062	-0.38008	-0.449677	-0.572532	-0.729523	-0.877959	-0.992855	-1.0304	-0.978166	-0.826571	-0.582638	
2.37487	2.37487	2.20062	1.92399	1.59905	1.23582	0.851863	0.465226	0.0713151	-0.302578	-0.613619	-0.853108	-0.993932	-1.02572	-0.96992	-0.837993	-0.673572	-0.513967	-0.408006	-0.361593	-0.364656	-0.371889	-0.35865	-0.32769	-0.306304	-0.291624	-0.282715	-0.269061	-0.268494	-0.26438	-0.262845	-0.26898	-0.268412	-0.27652	-0.288683	-0.300536	-0.316172	-0.347913	-0.369217	-0.370056	-0.358308	-0.382998	-0.463641	-0.606701	-0.774148	-0.92458	-1.01371	-1.01879	-0.922509	-0.719754	
2.48723	2.48723	2.29607	1.97946	1.59311	1.16756	0.738699	0.32198	-0.0847682	-0.44659	-0.732801	-0.934197	-1.02138	-1.00443	-0.900798	-0.733368	-0.567093	-0.433461	-0.369537	-0.361319	-0.371889	-0.353605	-0.313574	-0.281372	-0.277648	-0.269432	-0.259595	-0.258399	-0.25751	-0.256719	-0.254195	-0.256397	-0.258957	-0.257258	-0.265233	-0.27556	-0.277078	-0.297225	-0.338522	-0.368756	-0.366131	-0.360991	-0.398903	-0.507128	-0.663969	-0.838192	-0.971857	-1.0268	-0.983521	-0.825116	
2.57284	2.57284	2.37007	2.02041	1.5806	1.10134	0.633606	0.192507	-0.219243	-0.565901	-0.825734	-0.98521	-1.02391	-0.962173	-0.81924	-0.643082	-0.484884	-0.380948	-0.357401	-0.36115	-0.35865	-0.313574	-0.276508	-0.266849	-0.277026	-0.266519	-0.260303	-0.265408	-0.258473	-0.25805	-0.259578	-0.257135	-0.2637	-0.26196	-0.261756	-0.276669	-0.270641	-0.270063	-0.294901	-0.345246	-0.363057	-0.359331	-0.363018	-0.435835	-0.574458	-0.750538	-0.912386	-1.00896	-1.01612	-0.902318	
2.63579	2.63579	2.42514	2.04868	1.56392	1.03981	0.539703	0.079703	-0.332844	-0.662847	-0.893458	-1.01174	-1.00874	-0.909867	-0.742045	-0.562478	-0.42415	-0.360475	-0.353567	-0.357122	-0.32769	-0.281372	-0.266849	-0.285078	-0.281077	-0.259562	-0.249894	-0.258428	-0.237913	-0.242722	-0.247983	-0.234452	-0.254133	-0.253712	-0.25231	-0.272701	-0.286657	-0.274245	-0.268648	-0.309391	-0.348051	-0.35799	-0.352036	-0.390158	-0.499902	-0.667229	-0.850194	-0.977971	-1.0261	-0.95615	
2.6803	2.6803	2.46427	2.06654	1.54534	0.985065	0.458572	-0.01614	-0.426302	-0.737644	-0.939481	-1.02248	-0.983852	-0.854124	-0.67332	-0.502559	-0.386255	-0.345867	-0.349589	-0.343531	-0.306304	-0.277648	-0.277026	-0.281077	-0.248174	-0.234436	-0.240687	-0.233605	-0.22547	-0.228846	-0.23052	-0.225328	-0.229651	-0.23801	-0.238921	-0.237295	-0.270617	-0.281453	-0.274735	-0.291993	-0.330804	-0.350458	-0.346081	-0.360488	-0.449446	-0.598482	-0.786383	-0.939467	-1.02048	-0.990649	
2.71043	2.71043	2.49069	2.07649	1.52684	0.938241	0.3907	-0.0946653	-0.4998	-0.793495	-0.970863	-1.02276	-0.953375	-0.803309	-0.615789	-0.454092	-0.36405	-0.342056	-0.346619	-0.332778	-0.291624	-0.269432	-0.266519	-0.259562	-0.234436	-0.235527	-0.241437	-0.226805	-0.230277	-0.231245	-0.226225	-0.233078	-0.227041	-0.233929	-0.242227	-0.229276	-0.251456	-0.2636	-0.269039	-0.277511	-0.31899	-0.342833	-0.345579	-0.346838	-0.410836	-0.543326	-0.729963	-0.901397	-1.00775	-1.00908	
2.72981	2.72981	2.5075	2.08098	1.50995	0.900007	0.336509	-0.156115	-0.555985	-0.834699	-0.99011	-1.01547	-0.923908	-0.759432	-0.57148	-0.425062	-0.347779	-0.33677	-0.344529	-0.320634	-0.282715	-0.259595	-0.260303	-0.249894	-0.240687	-0.241437	-0.241367	-0.22462	-0.232458	-0.227846	-0.221304	-0.234816	-0.225456	-0.234175	-0.243635	-0.239337	-0.24641	-0.256497	-0.26017	-0.269306	-0.306592	-0.337846	-0.342171	-0.336713	-0.38612	-0.50463	-0.68432	-0.863377	-0.99094	-1.01978	
2.74154	2.74154	2.51746	2.08217	1.49597	0.870803	0.29574	-0.20185	-0.59669	-0.862535	-1.00083	-1.00724	-0.898859	-0.725359	-0.539702	-0.401551	-0.340293	-0.337875	-0.338538	-0.311846	-0.269061	-0.258399	-0.265408	-0.258428	-0.233605	-0.226805	-0.22462	-0.216117	-0.215511	-0.214908	-0.213206	-0.215584	-0.214546	-0.220897	-0.227835	-0.226589	-0.249801	-0.264075	-0.262305	-0.258977	-0.295028	-0.32974	-0.341929	-0.333011	-0.370069	-0.474395	-0.649685	-0.835561	-0.974354	-1.02252	
2.74806	2.74806	2.52284	2.08186	1.48582	0.850704	0.267982	-0.232528	-0.623312	-0.880309	-1.00673	-0.999112	-0.880305	-0.703125	-0.518121	-0.386623	-0.335029	-0.336949	-0.336915	-0.305849	-0.268494	-0.25751	-0.258473	-0.237913	-0.22547	-0.230277	-0.232458	-0.215511	-0.224934	-0.221605	-0.21398	-0.22872	-0.217374	-0.223651	-0.235401	-0.224744	-0.23262	-0.24989	-0.261404	-0.258835	-0.291482	-0.325949	-0.341552	-0.331306	-0.358179	-0.456006	-0.626549	-0.814312	-0.961712	-1.02292	
2.75107	2.75107	2.52526	2.08129	1.4801	0.839765	0.25299	-0.249007	-0.637554	-0.889538	-1.00902	-0.994198	-0.870276	-0.68933	-0.505474	-0.382514	-0.334993	-0.334398	-0.334277	-0.301071	-0.26438	-0.256719	-0.25805	-0.242722	-0.228846	-0.231245	-0.227846	-0.214908	-0.221605	-0.21828	-0.211984	-0.223416	-0.214902	-0.222523	-0.23176	-0.227527	-0.236437	-0.252091	-0.259398	-0.256592	-0.285374	-0.322623	-0.338223	-0.330096	-0.356203	-0.446488	-0.612225	-0.802559	-0.955229	-1.02266	
2.75153	2.75153	2.52562	2.08117	1.47918	0.838002	0.25047	-0.251925	-0.63999	-0.890648	-1.00904	-0.993887	-0.868838	-0.68717	-0.504669	-0.379715	-0.332401	-0.336798	-0.334007	-0.301273	-0.262845	-0.254195	-0.259578	-0.247983	-0.23052	-0.226225	-0.221304	-0.213206	-0.21398	-0.211984	-0.209475	-0.214882	-0.212925	-0.216976	-0.225941	-0.22706	-0.241339	-0.256079	-0.258359	-0.25447	-0.285721	-0.322394	-0.340932	-0.329694	-0.353945	-0.44452	-0.611149	-0.801156	-0.953005	-1.02201	
2.74959	2.74959	2.52407	2.08162	1.48308	0.84535	0.26043	-0.240997	-0.630655	-0.885049	-1.00774	-0.996221	-0.875333	-0.696773	-0.511701	-0.384163	-0.334564	-0.336308	-0.336199	-0.303125	-0.26898	-0.256397	-0.257135	-0.234452	-0.225328	-0.233078	-0.234816	-0.215584	-0.22872	-0.223416	-0.214882	-0.231528	-0.218112	-0.225502	-0.237637	-0.225904	-0.229537	-0.247048	-0.260326	-0.258487	-0.289709	-0.323818	-0.340524	-0.331049	-0.355381	-0.451519	-0.619552	-0.808195	-0.959265	-1.02288	
2.74462	2.74462	2.52001	2.08217	1.49158	0.861887	0.283029	-0.216337	-0.6093	-0.870406	-1.00301	-1.00422	-0.891434	-0.713969	-0.528907	-0.39687	-0.338368	-0.335727	-0.337224	-0.307684	-0.268412	-0.258957	-0.2637	-0.254133	-0.229651	-0.227041	-0.225456	-0.214546	-0.217374	-0.214902	-0.212925	-0.218112	-0.213613	-0.221592	-0.227916	-0.225685	-0.244722	-0.261618	-0.262249	-0.259758	-0.291675	-0.327301	-0.341133	-0.33086	-0.367214	-0.466538	-0.637718	-0.826527	-0.969215	-1.02199	
2.73522	2.73522	2.51211	2.08177	1.50415	0.887501	0.318599	-0.176693	-0.574554	-0.847347	-0.994587	-1.01139	-0.91371	-0.74584	-0.556716	-0.412806	-0.344355	-0.338966	-0.34298	-0.317055	-0.27652	-0.257258	-0.26196	-0.253712	-0.23801	-0.233929	-0.234175	-0.220897	-0.223651	-0.222523	-0.216976	-0.225502	-0.221592	-0.227119	-0.236264	-0.233804	-0.248239	-0.259141	-0.260256	-0.263433	-0.301773	-0.335144	-0.343742	-0.336017	-0.376903	-0.489807	-0.66967	-0.852096	-0.984266	-1.02084	
2.71923	2.71923	2.49835	2.07884	1.52	0.922162	0.367412	-0.121624	-0.524734	-0.811809	-0.979474	-1.0198	-0.941266	-0.785123	-0.596313	-0.441051	-0.357038	-0.339101	-0.34514	-0.328153	-0.288683	-0.265233	-0.261756	-0.25231	-0.238921	-0.242227	-0.243635	-0.227835	-0.235401	-0.23176	-0.225941	-0.237637	-0.227916	-0.236264	-0.246801	-0.236878	-0.247315	-0.257685	-0.264638	-0.27451	-0.314082	-0.341133	-0.342817	-0.342311	-0.399566	-0.526255	-0.711104	-0.886022	-1.00094	-1.01353	
2.6938	2.6938	2.47614	2.07136	1.53801	0.965579	0.429837	-0.0499457	-0.458284	-0.762114	-0.95391	-1.02365	-0.970741	-0.832638	-0.650422	-0.481613	-0.374678	-0.343656	-0.348345	-0.338706	-0.300536	-0.27556	-0.276669	-0.272701	-0.237295	-0.229276	-0.239337	-0.226589	-0.224744	-0.227527	-0.22706	-0.225904	-0.225685	-0.233804	-0.236878	-0.226555	-0.261745	-0.277143	-0.27543	-0.285542	-0.326834	-0.346398	-0.346523	-0.35235	-0.431679	-0.576581	-0.763108	-0.923365	-1.01551	-0.999326	
2.6555	2.6555	2.44249	2.05699	1.55674	1.01718	0.505737	0.0391106	-0.373015	-0.695368	-0.913865	-1.01792	-1.00024	-0.886433	-0.711798	-0.537053	-0.408647	-0.354778	-0.351095	-0.351559	-0.316172	-0.277078	-0.270641	-0.286657	-0.270617	-0.251456	-0.24641	-0.249801	-0.23262	-0.236437	-0.241339	-0.229537	-0.244722	-0.248239	-0.247315	-0.261745	-0.283854	-0.278343	-0.268403	-0.299955	-0.339575	-0.355316	-0.348447	-0.378431	-0.479004	-0.636616	-0.823516	-0.962574	-1.02528	-0.972806	
2.60042	2.60042	2.39419	2.03321	1.57444	1.07609	0.594517	0.145288	-0.26711	-0.607472	-0.85616	-0.998595	-1.01918	-0.941639	-0.787511	-0.608713	-0.456587	-0.370352	-0.356983	-0.36149	-0.347913	-0.297225	-0.270063	-0.274245	-0.281453	-0.2636	-0.256497	-0.264075	-0.24989	-0.252091	-0.256079	-0.247048	-0.261618	-0.259141	-0.257685	-0.277143	-0.278343	-0.26945	-0.280742	-0.330608	-0.359425	-0.359823	-0.357548	-0.413787	-0.541049	-0.716669	-0.887509	-0.997503	-1.02348	-0.926852	
2.52437	2.52437	2.32809	1.9976	1.58894	1.14071	0.695323	0.268128	-0.141123	-0.496805	-0.77286	-0.958557	-1.02603	-0.989559	-0.867465	-0.69454	-0.532026	-0.409078	-0.361797	-0.362327	-0.369217	-0.338522	-0.294901	-0.268648	-0.274735	-0.269039	-0.26017	-0.262305	-0.261404	-0.259398	-0.258359	-0.260326	-0.262249	-0.260256	-0.264638	-0.27543	-0.268403	-0.280742	-0.32083	-0.362259	-0.366394	-0.35933	-0.380515	-0.476683	-0.625971	-0.801407	-0.949481	-1.02287	-0.999861	-0.858873	
2.42317	2.42317	2.24147	1.94812	1.59785	1.20853	0.805589	0.406343	0.00652196	-0.363196	-0.664585	-0.889371	-1.0085	-1.02028	-0.945337	-0.796652	-0.627108	-0.476255	-0.387969	-0.359062	-0.370056	-0.368756	-0.345246	-0.309391	-0.291993	-0.277511	-0.269306	-0.258977	-0.258835	-0.256592	-0.25447	-0.258487	-0.259758	-0.263433	-0.27451	-0.285542	-0.299955	-0.330608	-0.362259	-0.37221	-0.361133	-0.369341	-0.432852	-0.561833	-0.72839	-0.892699	-0.999942	-1.02515	-0.951176	-0.765852	
2.29306	2.29306	2.13228	1.8833	1.5985	1.27654	0.922169	0.555275	0.173729	-0.202872	-0.52818	-0.788698	-0.961017	-1.02667	-1.00234	-0.894521	-0.745326	-0.583328	-0.451642	-0.38008	-0.358308	-0.366131	-0.363057	-0.348051	-0.330804	-0.31899	-0.306592	-0.295028	-0.291482	-0.285374	-0.285721	-0.289709	-0.291675	-0.301773	-0.314082	-0.326834	-0.339575	-0.359425	-0.366394	-0.361133	-0.364733	-0.417019	-0.524085	-0.680638	-0.83844	-0.967291	-1.02798	-0.999678	-0.869518	-0.641064	
2.13128	2.13128	1.99958	1.80259	1.58787	1.34006	1.04166	0.710958	0.354659	-0.018377	-0.361867	-0.652127	-0.873103	-0.99623	-1.03282	-0.980496	-0.859999	-0.713023	-0.563091	-0.449677	-0.382998	-0.360991	-0.359331	-0.35799	-0.350458	-0.342833	-0.337846	-0.32974	-0.325949	-0.322623	-0.322394	-0.323818	-0.327301	-0.335144	-0.341133	-0.346398	-0.355316	-0.359823	-0.35933	-0.369341	-0.417019	-0.512481	-0.650924	-0.803891	-0.936932	-1.02266	-1.02092	-0.933211	-0.751109	-0.485412	
1.93683	1.93683	1.84351	1.70649	1.56345	1.39275	1.15805	0.869049	0.543984	0.185963	-0.167311	-0.480215	-0.742753	-0.922173	-1.01447	-1.02794	-0.964678	-0.849193	-0.70619	-0.572532	-0.463641	-0.398903	-0.363018	-0.352036	-0.346081	-0.345579	-0.342171	-0.341929	-0.341552	-0.338223	-0.340932	-0.340524	-0.341133	-0.343742	-0.342817	-0.346523	-0.348447	-0.357548	-0.380515	-0.432852	-0.524085	-0.650924	-0.793064	-0.923518	-1.01068	-1.03	-0.968456	-0.826323	-0.59333	-0.297467	
1.71163	1.71163	1.66535	1.59583	1.5237	1.4282	1.26308	1.02305	0.73467	0.40359	0.052385	-0.275061	-0.566127	-0.797486	-0.95056	-1.02585	-1.0204	-0.96195	-0.853086	-0.729523	-0.606701	-0.507128	-0.435835	-0.390158	-0.360488	-0.346838	-0.336713	-0.333011	-0.331306	-0.330096	-0.329694	-0.331049	-0.33086	-0.336017	-0.342311	-0.35235	-0.378431	-0.413787	-0.476683	-0.561833	-0.680638	-0.803891	-0.923518	-1.00348	-1.03183	-0.990816	-0.868089	-0.667578	-0.396028	-0.0827219	
1.46159	1.46159	1.46766	1.47093	1.46757	1.441	1.34749	1.16492	0.918671	0.624545	0.290889	-0.0413179	-0.350159	-0.618964	-0.820603	-0.963812	-1.02812	-1.0243	-0.972631	-0.877959	-0.774148	-0.663969	-0.574458	-0.499902	-0.449446	-0.410836	-0.38612	-0.370069	-0.358179	-0.356203	-0.353945	-0.355381	-0.367214	-0.376903	-0.399566	-0.431679	-0.479004	-0.541049	-0.625971	-0.72839	-0.83844	-0.936932	-1.01068	-1.03183	-0.999976	-0.88541	-0.707149	-0.464507	-0.168118	0.155535	
1.1972	1.1972	1.25468	1.33109	1.39376	1.42751	1.40228	1.28495	1.08772	0.837594	0.536846	0.213725	-0.0978359	-0.394398	-0.63947	-0.823735	-0.957911	-1.02015	-1.03189	-0.992855	-0.92458	-0.838192	-0.750538	-0.667229	-0.598482	-0.543326	-0.50463	-0.474395	-0.456006	-0.446488	-0.44452	-0.451519	-0.466538	-0.489807	-0.526255	-0.576581	-0.636616	-0.716669	-0.801407	-0.892699	-0.967291	-1.02266	-1.03	-0.990816	-0.88541	-0.718524	-0.501004	-0.21965	0.0877763	0.407756	
0.933055	0.933055	1.03294	1.17495	1.29989	1.38591	1.42055	1.3725	1.23278	1.03127	0.777712	0.477472	0.173935	-0.120685	-0.402118	-0.630861	-0.809884	-0.935463	-1.00495	-1.0304	-1.01371	-0.971857	-0.912386	-0.850194	-0.786383	-0.729963	-0.68432	-0.649685	-0.626549	-0.612225	-0.611149	-0.619552	-0.637718	-0.66967	-0.711104	-0.763108	-0.823516	-0.887509	-0.949481	-0.999942	-1.02798	-1.02092	-0.968456	-0.868089	-0.707149	-0.501004	-0.237343	0.0563558	0.354323	0.660777	
0.685906	0.685906	0.811657	1.00211	1.18236	1.31549	1.39898	1.4173	1.3447	1.19491	0.995672	0.742096	0.452095	0.167674	-0.110668	-0.371569	-0.591237	-0.769038	-0.895962	-0.978166	-1.01879	-1.0268	-1.00896	-0.977971	-0.939467	-0.901397	-0.863377	-0.835561	-0.814312	-0.802559	-0.801156	-0.808195	-0.826527	-0.852096	-0.886022	-0.923365	-0.962574	-0.997503	-1.02287	-1.02515	-0.999678	-0.933211	-0.826323	-0.667578	-0.464507	-0.21965	0.0563558	0.336512	0.62698	0.901198	
0.471397	0.471397	0.602477	0.815648	1.03767	1.21515	1.33884	1.41169	1.41158	1.32366	1.17423	0.980825	0.735649	0.462847	0.193581	-0.0678644	-0.308299	-0.518408	-0.692701	-0.826571	-0.922509	-0.983521	-1.01612	-1.0261	-1.02048	-1.00775	-0.99094	-0.974354	-0.961712	-0.955229	-0.953005	-0.959265	-0.969215	-0.984266	-1.00094	-1.01551	-1.02528	-1.02348	-0.999861	-0.951176	-0.869518	-0.751109	-0.59333	-0.396028	-0.168118	0.0877763	0.354323	0.62698	0.889136	1.10343	
0.300344	0.300344	0.41784	0.62453	0.865753	1.08198	1.24394	1.35679	1.41918	1.40645	1.31436	1.17093	0.987008	0.759733	0.509002	0.255271	0.0100782	-0.214739	-0.41389	-0.582638	-0.719754	-0.825116	-0.902318	-0.95615	-0.990649	-1.00908	-1.01978	-1.02252	-1.02292	-1.02266	-1.02201	-1.02288	-1.02199	-1.02084	-1.01353	-0.999326	-0.972806	-0.926852	-0.858873	-0.765852	-0.641064	-0.485412	-0.297467	-0.0827219	0.155535	0.407756	0.660777	0.901198	1.10343	1.26166	
