1.00866	0.64912	-0.430336	-0.125074	0.482943	0.482943	
0.64912	-0.542411	-0.602394	0.170292	0.553985	0.553985	
-0.430336	-0.602394	0.0289379	0.423333	0.416381	0.416381	
-0.125074	0.170292	0.423333	0.3512	0.207297	0.207297	
0.482943	0.553985	0.416381	0.207297	0.0872148	0.0872148	
0.482943	0.553985	0.416381	0.207297	0.0872148	0.0872148	
