0.824701	0.824701	0.869013	0.927201	0.951567	0.915686	0.822747	0.694878	0.536186	0.360871	0.174222	-0.0131661	-0.205416	-0.381607	-0.50536	-0.544687	-0.499946	-0.395223	-0.278085	-0.17639	-0.117386	-0.122723	-0.171695	-0.26368	-0.407441	-0.59238	-0.789834	-0.961507	-1.06911	-1.10838	-1.10436	-1.07131	-1.00881	-0.920545	-0.843006	-0.817529	-0.870236	-0.979172	-1.09619	-1.18223	-1.23024	-1.22197	-1.12624	-0.935586	-0.639523	-0.263618	0.159057	0.588145	0.96665	1.26422	
0.824701	0.824701	0.869013	0.927201	0.951567	0.915686	0.822747	0.694878	0.536186	0.360871	0.174222	-0.0131661	-0.205416	-0.381607	-0.50536	-0.544687	-0.499946	-0.395223	-0.278085	-0.17639	-0.117386	-0.122723	-0.171695	-0.26368	-0.407441	-0.59238	-0.789834	-0.961507	-1.06911	-1.10838	-1.10436	-1.07131	-1.00881	-0.920545	-0.843006	-0.817529	-0.870236	-0.979172	-1.09619	-1.18223	-1.23024	-1.22197	-1.12624	-0.935586	-0.639523	-0.263618	0.159057	0.588145	0.96665	1.26422	
0.869013	0.869013	0.912331	0.953334	0.960046	0.916941	0.818296	0.680931	0.512031	0.334205	0.154341	-0.0300825	-0.218764	-0.390993	-0.518908	-0.565838	-0.524799	-0.423673	-0.302078	-0.191414	-0.127483	-0.120259	-0.153664	-0.233839	-0.362966	-0.531367	-0.719051	-0.881998	-0.984791	-1.02276	-1.01867	-0.987535	-0.926949	-0.849831	-0.788045	-0.780868	-0.84407	-0.961447	-1.09118	-1.18772	-1.23168	-1.22151	-1.13107	-0.938822	-0.646839	-0.274749	0.144304	0.562572	0.929762	1.22144	
0.927201	0.927201	0.953334	0.967791	0.950343	0.88565	0.775005	0.631866	0.461431	0.278994	0.0964161	-0.0881137	-0.269238	-0.435221	-0.556355	-0.602644	-0.563561	-0.458919	-0.333679	-0.219583	-0.142831	-0.119748	-0.140238	-0.19395	-0.284559	-0.42116	-0.587343	-0.726796	-0.812344	-0.851814	-0.851691	-0.819215	-0.773322	-0.724542	-0.691321	-0.712395	-0.804455	-0.94328	-1.0862	-1.1915	-1.23666	-1.22012	-1.12949	-0.943517	-0.662014	-0.305456	0.0965071	0.49174	0.839979	1.12298	
0.951567	0.951567	0.960046	0.950343	0.914081	0.829396	0.6976	0.543193	0.36485	0.171834	-0.0125413	-0.186686	-0.356267	-0.50783	-0.610468	-0.646106	-0.609559	-0.502164	-0.370417	-0.250935	-0.165307	-0.128392	-0.132457	-0.152629	-0.198754	-0.291555	-0.41128	-0.512422	-0.578211	-0.606426	-0.605237	-0.584091	-0.556222	-0.539901	-0.55675	-0.621567	-0.747994	-0.912163	-1.07069	-1.18422	-1.23162	-1.20978	-1.12231	-0.950036	-0.685343	-0.352039	0.0149796	0.371657	0.695002	0.962528	
0.915686	0.915686	0.916941	0.88565	0.829396	0.733489	0.588112	0.419605	0.229064	0.0254975	-0.158299	-0.321678	-0.470995	-0.594942	-0.66966	-0.68691	-0.640215	-0.533835	-0.399853	-0.276832	-0.188589	-0.143261	-0.122643	-0.106434	-0.109091	-0.151127	-0.215924	-0.274515	-0.315119	-0.324333	-0.319934	-0.31662	-0.30892	-0.326315	-0.391147	-0.504755	-0.66387	-0.855866	-1.03231	-1.15766	-1.21032	-1.19128	-1.10745	-0.949559	-0.712657	-0.41094	-0.0861012	0.224191	0.510533	0.755646	
0.822747	0.822747	0.818296	0.775005	0.6976	0.588112	0.437334	0.263106	0.0726839	-0.122038	-0.30527	-0.459731	-0.582391	-0.673392	-0.72136	-0.70971	-0.64549	-0.537469	-0.403561	-0.273671	-0.181918	-0.131051	-0.0907448	-0.0440193	-0.00504787	0.00224868	-0.0188794	-0.0423375	-0.0527589	-0.050182	-0.0482435	-0.0532805	-0.0693607	-0.116079	-0.214395	-0.365594	-0.563004	-0.777551	-0.970225	-1.10503	-1.16636	-1.1588	-1.0832	-0.936432	-0.725999	-0.467206	-0.184776	0.0794983	0.320684	0.539249	
0.694878	0.694878	0.680931	0.631866	0.543193	0.419605	0.263106	0.093642	-0.082403	-0.258866	-0.423816	-0.556081	-0.654193	-0.711875	-0.724264	-0.690966	-0.619252	-0.511565	-0.377171	-0.240375	-0.136976	-0.0737613	-0.0139665	0.0491271	0.110403	0.149882	0.156434	0.152291	0.161305	0.167692	0.165785	0.158767	0.130105	0.0669889	-0.0507454	-0.233177	-0.455832	-0.68261	-0.886597	-1.03274	-1.10633	-1.11488	-1.04768	-0.910208	-0.714354	-0.490775	-0.259843	-0.0422581	0.15644	0.338922	
0.536186	0.536186	0.512031	0.461431	0.36485	0.229064	0.0726839	-0.082403	-0.238234	-0.379798	-0.505058	-0.600809	-0.669452	-0.69024	-0.67144	-0.618488	-0.538913	-0.428766	-0.29981	-0.165176	-0.0545675	0.0244164	0.0944308	0.16662	0.234393	0.276756	0.289165	0.293426	0.306719	0.319543	0.316831	0.296587	0.25882	0.188291	0.062546	-0.124702	-0.354066	-0.587081	-0.796525	-0.948962	-1.0314	-1.04634	-0.984787	-0.853349	-0.672174	-0.478218	-0.294811	-0.120398	0.0387022	0.175521	
0.360871	0.360871	0.334205	0.278994	0.171834	0.0254975	-0.122038	-0.258866	-0.379798	-0.476029	-0.551534	-0.606739	-0.629358	-0.608277	-0.553862	-0.484572	-0.395175	-0.285484	-0.169623	-0.0474868	0.0666956	0.144383	0.203681	0.270731	0.331492	0.364029	0.373257	0.383399	0.400921	0.413346	0.410786	0.387722	0.341699	0.260729	0.131869	-0.0527688	-0.280015	-0.514025	-0.708362	-0.845744	-0.927561	-0.939873	-0.87353	-0.746222	-0.580307	-0.415293	-0.276491	-0.149963	-0.0369737	0.0584885	
0.174222	0.174222	0.154341	0.0964161	-0.0125413	-0.158299	-0.30527	-0.423816	-0.505058	-0.551534	-0.574176	-0.571848	-0.536511	-0.469807	-0.385058	-0.290796	-0.195693	-0.101018	-0.00632699	0.0943552	0.183158	0.241543	0.286118	0.330504	0.365253	0.386268	0.39907	0.413369	0.434979	0.456476	0.458158	0.431493	0.377561	0.291935	0.157563	-0.020331	-0.232073	-0.445931	-0.622036	-0.737887	-0.795965	-0.792241	-0.718119	-0.5871	-0.43293	-0.298549	-0.197905	-0.121526	-0.0598721	-0.00796737	
-0.0131661	-0.0131661	-0.0300825	-0.0881137	-0.186686	-0.321678	-0.459731	-0.556081	-0.600809	-0.606739	-0.571848	-0.505864	-0.410286	-0.300911	-0.183861	-0.0700383	0.0248073	0.0926575	0.153377	0.212318	0.256355	0.289161	0.31803	0.334683	0.341711	0.35303	0.363802	0.383726	0.418049	0.452512	0.461429	0.432723	0.369257	0.274156	0.148514	-0.0146456	-0.200569	-0.38559	-0.539454	-0.634895	-0.66266	-0.628641	-0.535422	-0.394735	-0.252496	-0.141592	-0.0727922	-0.0399017	-0.0298616	-0.0259651	
-0.205416	-0.205416	-0.218764	-0.269238	-0.356267	-0.470995	-0.582391	-0.654193	-0.669452	-0.629358	-0.536511	-0.410286	-0.265938	-0.12558	0.00692895	0.11828	0.196736	0.244906	0.2748	0.28936	0.291228	0.291793	0.291657	0.285187	0.278554	0.282142	0.292884	0.322215	0.367538	0.408594	0.42158	0.396102	0.327283	0.226195	0.108869	-0.0294394	-0.189846	-0.346156	-0.469908	-0.536044	-0.532084	-0.466945	-0.356757	-0.211959	-0.0741845	0.0255476	0.0763559	0.0736562	0.0391798	-0.000866424	
-0.381607	-0.381607	-0.390993	-0.435221	-0.50783	-0.594942	-0.673392	-0.711875	-0.69024	-0.608277	-0.469807	-0.300911	-0.12558	0.031434	0.158433	0.242826	0.296679	0.32558	0.32403	0.298001	0.274661	0.25427	0.232323	0.208616	0.191732	0.186149	0.200346	0.23286	0.279258	0.322832	0.341483	0.319783	0.257094	0.164729	0.0569462	-0.0601767	-0.185609	-0.312368	-0.407752	-0.450163	-0.42684	-0.336971	-0.205038	-0.0609398	0.0771486	0.177002	0.218043	0.191526	0.124908	0.0515962	
-0.50536	-0.50536	-0.518908	-0.556355	-0.610468	-0.66966	-0.72136	-0.724264	-0.67144	-0.553862	-0.385058	-0.183861	0.00692895	0.158433	0.248101	0.302704	0.331789	0.335481	0.308077	0.264648	0.22663	0.192617	0.157426	0.131621	0.110135	0.0877864	0.094694	0.126934	0.172466	0.224651	0.251312	0.229758	0.172983	0.0938453	0.00432488	-0.0825664	-0.176751	-0.278761	-0.357123	-0.381445	-0.34018	-0.239295	-0.0983111	0.0527088	0.19119	0.291485	0.33621	0.307539	0.226843	0.126385	
-0.544687	-0.544687	-0.565838	-0.602644	-0.646106	-0.68691	-0.70971	-0.690966	-0.618488	-0.484572	-0.290796	-0.0700383	0.11828	0.242826	0.302704	0.321921	0.316031	0.297509	0.262795	0.219214	0.172587	0.128636	0.0852849	0.0556116	0.0287602	0.000169144	-0.00654321	0.0194806	0.0629217	0.108136	0.140128	0.133475	0.0909978	0.0277161	-0.0402405	-0.109724	-0.189532	-0.269213	-0.325872	-0.332311	-0.278681	-0.171268	-0.0323781	0.120518	0.263243	0.37279	0.422788	0.405899	0.330282	0.218329	
-0.499946	-0.499946	-0.524799	-0.563561	-0.609559	-0.640215	-0.64549	-0.619252	-0.538913	-0.395175	-0.195693	0.0248073	0.196736	0.296679	0.331789	0.316031	0.283003	0.253614	0.21926	0.175322	0.122149	0.071097	0.0304274	-0.0058607	-0.0383897	-0.0684776	-0.091683	-0.0890505	-0.0594104	-0.0221301	0.00799947	0.0137259	-0.00982516	-0.046424	-0.0901456	-0.148215	-0.219409	-0.28454	-0.323869	-0.31776	-0.251616	-0.141428	-0.00150056	0.150134	0.295934	0.416085	0.480884	0.483438	0.422162	0.311111	
-0.395223	-0.395223	-0.423673	-0.458919	-0.502164	-0.533835	-0.537469	-0.511565	-0.428766	-0.285484	-0.101018	0.0926575	0.244906	0.32558	0.335481	0.297509	0.253614	0.21422	0.177435	0.137641	0.0870595	0.039376	0.000736285	-0.0376044	-0.0753794	-0.113184	-0.15727	-0.183649	-0.174679	-0.146899	-0.125477	-0.115163	-0.118098	-0.127811	-0.147787	-0.193625	-0.254204	-0.309104	-0.340368	-0.32315	-0.253165	-0.145349	-0.00578325	0.148142	0.295135	0.422447	0.503315	0.526741	0.483852	0.391905	
-0.278085	-0.278085	-0.302078	-0.333679	-0.370417	-0.399853	-0.403561	-0.377171	-0.29981	-0.169623	-0.00632699	0.153377	0.2748	0.32403	0.308077	0.262795	0.21926	0.177435	0.14781	0.120211	0.0779579	0.0286441	-0.0158427	-0.0512009	-0.0858515	-0.129939	-0.191661	-0.24362	-0.260897	-0.254733	-0.249215	-0.236422	-0.219566	-0.203534	-0.204763	-0.238572	-0.291874	-0.341681	-0.364549	-0.338673	-0.267986	-0.165768	-0.0396177	0.106926	0.254054	0.392119	0.494392	0.54174	0.52494	0.45801	
-0.17639	-0.17639	-0.191414	-0.219583	-0.250935	-0.276832	-0.273671	-0.240375	-0.165176	-0.0474868	0.0943552	0.212318	0.28936	0.298001	0.264648	0.219214	0.175322	0.137641	0.120211	0.0998511	0.0660197	0.0201727	-0.0243592	-0.0558003	-0.087328	-0.136886	-0.206624	-0.274361	-0.318581	-0.340044	-0.345957	-0.330715	-0.297472	-0.260784	-0.25282	-0.279444	-0.328179	-0.375982	-0.392207	-0.369922	-0.310348	-0.209593	-0.0939504	0.0344332	0.178467	0.325561	0.447384	0.524162	0.540374	0.504651	
-0.117386	-0.117386	-0.127483	-0.142831	-0.165307	-0.188589	-0.181918	-0.136976	-0.0545675	0.0666956	0.183158	0.256355	0.291228	0.274661	0.22663	0.172587	0.122149	0.0870595	0.0779579	0.0660197	0.0411786	0.000807853	-0.034296	-0.0556952	-0.0834653	-0.13746	-0.209494	-0.285326	-0.349771	-0.386813	-0.397735	-0.384217	-0.343853	-0.300596	-0.28588	-0.307162	-0.35527	-0.409542	-0.430496	-0.415399	-0.366605	-0.283566	-0.182996	-0.0660794	0.0765034	0.227029	0.367191	0.467265	0.511342	0.511218	
-0.122723	-0.122723	-0.120259	-0.119748	-0.128392	-0.143261	-0.131051	-0.0737613	0.0244164	0.144383	0.241543	0.289161	0.291793	0.25427	0.192617	0.128636	0.071097	0.039376	0.0286441	0.0201727	0.000807853	-0.0189651	-0.0381716	-0.0543375	-0.0795954	-0.129071	-0.195791	-0.275599	-0.355675	-0.407871	-0.421392	-0.399838	-0.350395	-0.307006	-0.29442	-0.318167	-0.371881	-0.425276	-0.458845	-0.459067	-0.425399	-0.362854	-0.281117	-0.175753	-0.0414488	0.10531	0.251703	0.373172	0.444306	0.473875	
-0.171695	-0.171695	-0.153664	-0.140238	-0.132457	-0.122643	-0.0907448	-0.0139665	0.0944308	0.203681	0.286118	0.31803	0.291657	0.232323	0.157426	0.0852849	0.0304274	0.000736285	-0.0158427	-0.0243592	-0.034296	-0.0381716	-0.0485118	-0.0590155	-0.0746091	-0.11582	-0.186523	-0.272451	-0.357127	-0.41163	-0.420116	-0.385689	-0.328587	-0.279335	-0.260157	-0.28722	-0.344615	-0.406264	-0.451022	-0.467628	-0.455418	-0.414827	-0.353487	-0.26535	-0.153407	-0.0201598	0.120851	0.254583	0.350259	0.4006	
-0.26368	-0.26368	-0.233839	-0.19395	-0.152629	-0.106434	-0.0440193	0.0491271	0.16662	0.270731	0.330504	0.334683	0.285187	0.208616	0.131621	0.0556116	-0.0058607	-0.0376044	-0.0512009	-0.0558003	-0.0556952	-0.0543375	-0.0590155	-0.0587913	-0.0770713	-0.121123	-0.189379	-0.269769	-0.351499	-0.402581	-0.401324	-0.343591	-0.271603	-0.212526	-0.188463	-0.208339	-0.259187	-0.328289	-0.390103	-0.426117	-0.440442	-0.428571	-0.393385	-0.324762	-0.231887	-0.113615	0.0113837	0.13872	0.249046	0.32225	
-0.407441	-0.407441	-0.362966	-0.284559	-0.198754	-0.109091	-0.00504787	0.110403	0.234393	0.331492	0.365253	0.341711	0.278554	0.191732	0.110135	0.0287602	-0.0383897	-0.0753794	-0.0858515	-0.087328	-0.0834653	-0.0795954	-0.0746091	-0.0770713	-0.0996947	-0.138206	-0.194913	-0.265901	-0.334755	-0.372477	-0.351154	-0.27406	-0.187473	-0.115336	-0.0797871	-0.0891205	-0.136174	-0.210043	-0.285601	-0.350392	-0.396508	-0.418017	-0.407954	-0.356682	-0.274688	-0.170448	-0.0598942	0.056813	0.170537	0.256564	
-0.59238	-0.59238	-0.531367	-0.42116	-0.291555	-0.151127	0.00224868	0.149882	0.276756	0.364029	0.386268	0.35303	0.282142	0.186149	0.0877864	0.000169144	-0.0684776	-0.113184	-0.129939	-0.136886	-0.13746	-0.129071	-0.11582	-0.121123	-0.138206	-0.169578	-0.204895	-0.249462	-0.293547	-0.305599	-0.258826	-0.168285	-0.0722167	0.0059366	0.050419	0.0555716	0.0098914	-0.0737499	-0.16892	-0.266543	-0.341971	-0.391071	-0.399371	-0.3623	-0.285795	-0.192992	-0.0920284	0.0183592	0.128656	0.210969	
-0.789834	-0.789834	-0.719051	-0.587343	-0.41128	-0.215924	-0.0188794	0.156434	0.289165	0.373257	0.39907	0.363802	0.292884	0.200346	0.094694	-0.00654321	-0.091683	-0.15727	-0.191661	-0.206624	-0.209494	-0.195791	-0.186523	-0.189379	-0.194913	-0.204895	-0.210095	-0.216984	-0.224439	-0.192635	-0.117632	-0.0207989	0.0813889	0.162587	0.206188	0.207961	0.158155	0.0631997	-0.0520467	-0.171374	-0.276784	-0.34607	-0.368441	-0.336542	-0.259598	-0.163851	-0.0692089	0.0254511	0.116319	0.186145	
-0.961507	-0.961507	-0.881998	-0.726796	-0.512422	-0.274515	-0.0423375	0.152291	0.293426	0.383399	0.413369	0.383726	0.322215	0.23286	0.126934	0.0194806	-0.0890505	-0.183649	-0.24362	-0.274361	-0.285326	-0.275599	-0.272451	-0.269769	-0.265901	-0.249462	-0.216984	-0.169912	-0.118277	-0.0366784	0.0622015	0.170243	0.266893	0.334411	0.363779	0.350251	0.290181	0.190652	0.0629806	-0.0705027	-0.195336	-0.273728	-0.297607	-0.261177	-0.18465	-0.089829	0.000137246	0.0899354	0.156073	0.196285	
-1.06911	-1.06911	-0.984791	-0.812344	-0.578211	-0.315119	-0.0527589	0.161305	0.306719	0.400921	0.434979	0.418049	0.367538	0.279258	0.172466	0.0629217	-0.0594104	-0.174679	-0.260897	-0.318581	-0.349771	-0.355675	-0.357127	-0.351499	-0.334755	-0.293547	-0.224439	-0.118277	0.00496577	0.136731	0.261736	0.372614	0.447606	0.48892	0.495831	0.460368	0.384643	0.279281	0.150862	0.0144644	-0.106831	-0.172997	-0.183995	-0.141669	-0.0707043	0.0152794	0.106025	0.194257	0.241006	0.246817	
-1.10838	-1.10838	-1.02276	-0.851814	-0.606426	-0.324333	-0.050182	0.167692	0.319543	0.413346	0.456476	0.452512	0.408594	0.322832	0.224651	0.108136	-0.0221301	-0.146899	-0.254733	-0.340044	-0.386813	-0.407871	-0.41163	-0.402581	-0.372477	-0.305599	-0.192635	-0.0366784	0.136731	0.300142	0.442366	0.548761	0.603143	0.61612	0.588437	0.521789	0.429954	0.318152	0.19511	0.0684779	-0.0330988	-0.0785057	-0.0636648	-0.0132975	0.0576989	0.143262	0.234482	0.309579	0.340408	0.323156	
-1.10436	-1.10436	-1.01867	-0.851691	-0.605237	-0.319934	-0.0482435	0.165785	0.316831	0.410786	0.458158	0.461429	0.42158	0.341483	0.251312	0.140128	0.00799947	-0.125477	-0.249215	-0.345957	-0.397735	-0.421392	-0.420116	-0.401324	-0.351154	-0.258826	-0.117632	0.0622015	0.261736	0.442366	0.584771	0.670358	0.69752	0.683692	0.626073	0.533331	0.426418	0.310206	0.192783	0.0804612	0.000810778	-0.0191144	0.0212786	0.0898456	0.172468	0.257649	0.339734	0.40131	0.419194	0.389579	
-1.07131	-1.07131	-0.987535	-0.819215	-0.584091	-0.31662	-0.0532805	0.158767	0.296587	0.387722	0.431493	0.432723	0.396102	0.319783	0.229758	0.133475	0.0137259	-0.115163	-0.236422	-0.330715	-0.384217	-0.399838	-0.385689	-0.343591	-0.27406	-0.168285	-0.0207989	0.170243	0.372614	0.548761	0.670358	0.729664	0.725583	0.67602	0.595216	0.490069	0.374117	0.254571	0.139539	0.0419062	-0.0136563	-0.00411338	0.0567779	0.147621	0.245398	0.332576	0.409177	0.467338	0.478225	0.439577	
-1.00881	-1.00881	-0.926949	-0.773322	-0.556222	-0.30892	-0.0693607	0.130105	0.25882	0.341699	0.377561	0.369257	0.327283	0.257094	0.172983	0.0909978	-0.00982516	-0.118098	-0.219566	-0.297472	-0.343853	-0.350395	-0.328587	-0.271603	-0.187473	-0.0722167	0.0813889	0.266893	0.447606	0.603143	0.69752	0.725583	0.693579	0.611564	0.501045	0.37905	0.254698	0.138473	0.0374264	-0.0358492	-0.0671756	-0.0351921	0.0419751	0.152169	0.26937	0.369649	0.449539	0.506561	0.519691	0.483351	
-0.920545	-0.920545	-0.849831	-0.724542	-0.539901	-0.326315	-0.116079	0.0669889	0.188291	0.260729	0.291935	0.274156	0.226195	0.164729	0.0938453	0.0277161	-0.046424	-0.127811	-0.203534	-0.260784	-0.300596	-0.307006	-0.279335	-0.212526	-0.115336	0.0059366	0.162587	0.334411	0.48892	0.61612	0.683692	0.67602	0.611564	0.497813	0.356337	0.216429	0.0854048	-0.0309218	-0.116354	-0.159218	-0.159259	-0.106354	-0.0114949	0.115098	0.253291	0.373759	0.467196	0.53069	0.551336	0.524964	
-0.843006	-0.843006	-0.788045	-0.691321	-0.55675	-0.391147	-0.214395	-0.0507454	0.062546	0.131869	0.157563	0.148514	0.108869	0.0569462	0.00432488	-0.0402405	-0.0901456	-0.147787	-0.204763	-0.25282	-0.28588	-0.29442	-0.260157	-0.188463	-0.0797871	0.050419	0.206188	0.363779	0.495831	0.588437	0.626073	0.595216	0.501045	0.356337	0.186909	0.0275402	-0.115513	-0.234809	-0.309543	-0.335348	-0.299661	-0.215781	-0.0962839	0.0478824	0.20483	0.344632	0.459964	0.536159	0.566729	0.545134	
-0.817529	-0.817529	-0.780868	-0.712395	-0.621567	-0.504755	-0.365594	-0.233177	-0.124702	-0.0527688	-0.020331	-0.0146456	-0.0294394	-0.0601767	-0.0825664	-0.109724	-0.148215	-0.193625	-0.238572	-0.279444	-0.307162	-0.318167	-0.28722	-0.208339	-0.0891205	0.0555716	0.207961	0.350251	0.460368	0.521789	0.533331	0.490069	0.37905	0.216429	0.0275402	-0.158425	-0.327172	-0.459946	-0.536231	-0.54568	-0.483806	-0.372102	-0.226247	-0.0560787	0.124674	0.292014	0.422768	0.509566	0.548392	0.537034	
-0.870236	-0.870236	-0.84407	-0.804455	-0.747994	-0.66387	-0.563004	-0.455832	-0.354066	-0.280015	-0.232073	-0.200569	-0.189846	-0.185609	-0.176751	-0.189532	-0.219409	-0.254204	-0.291874	-0.328179	-0.35527	-0.371881	-0.344615	-0.259187	-0.136174	0.0098914	0.158155	0.290181	0.384643	0.429954	0.426418	0.374117	0.254698	0.0854048	-0.115513	-0.327172	-0.519767	-0.678055	-0.770255	-0.772183	-0.693461	-0.561883	-0.392081	-0.1949	0.0099789	0.201821	0.348344	0.445353	0.496631	0.501512	
-0.979172	-0.979172	-0.961447	-0.94328	-0.912163	-0.855866	-0.777551	-0.68261	-0.587081	-0.514025	-0.445931	-0.38559	-0.346156	-0.312368	-0.278761	-0.269213	-0.28454	-0.309104	-0.341681	-0.375982	-0.409542	-0.425276	-0.406264	-0.328289	-0.210043	-0.0737499	0.0631997	0.190652	0.279281	0.318152	0.310206	0.254571	0.138473	-0.0309218	-0.234809	-0.459946	-0.678055	-0.853959	-0.959777	-0.968905	-0.894722	-0.75318	-0.56479	-0.347205	-0.128054	0.0763734	0.239258	0.357856	0.425849	0.44687	
-1.09619	-1.09619	-1.09118	-1.0862	-1.07069	-1.03231	-0.970225	-0.886597	-0.796525	-0.708362	-0.622036	-0.539454	-0.469908	-0.407752	-0.357123	-0.325872	-0.323869	-0.340368	-0.364549	-0.392207	-0.430496	-0.458845	-0.451022	-0.390103	-0.285601	-0.16892	-0.0520467	0.0629806	0.150862	0.19511	0.192783	0.139539	0.0374264	-0.116354	-0.309543	-0.536231	-0.770255	-0.959777	-1.07365	-1.09552	-1.03152	-0.899137	-0.709927	-0.486739	-0.261166	-0.0547344	0.122329	0.259493	0.339568	0.375918	
-1.18223	-1.18223	-1.18772	-1.1915	-1.18422	-1.15766	-1.10503	-1.03274	-0.948962	-0.845744	-0.737887	-0.634895	-0.536044	-0.450163	-0.381445	-0.332311	-0.31776	-0.32315	-0.338673	-0.369922	-0.415399	-0.459067	-0.467628	-0.426117	-0.350392	-0.266543	-0.171374	-0.0705027	0.0144644	0.0684779	0.0804612	0.0419062	-0.0358492	-0.159218	-0.335348	-0.54568	-0.772183	-0.968905	-1.09552	-1.13475	-1.09119	-0.972703	-0.796625	-0.590476	-0.37269	-0.169116	0.0120172	0.152575	0.242756	0.298298	
-1.23024	-1.23024	-1.23168	-1.23666	-1.23162	-1.21032	-1.16636	-1.10633	-1.0314	-0.927561	-0.795965	-0.66266	-0.532084	-0.42684	-0.34018	-0.278681	-0.251616	-0.253165	-0.267986	-0.310348	-0.366605	-0.425399	-0.455418	-0.440442	-0.396508	-0.341971	-0.276784	-0.195336	-0.106831	-0.0330988	0.000810778	-0.0136563	-0.0671756	-0.159259	-0.299661	-0.483806	-0.693461	-0.894722	-1.03152	-1.09119	-1.07288	-0.977872	-0.829273	-0.650224	-0.453954	-0.263019	-0.0905109	0.0462265	0.146668	0.212525	
-1.22197	-1.22197	-1.22151	-1.22012	-1.20978	-1.19128	-1.1588	-1.11488	-1.04634	-0.939873	-0.792241	-0.628641	-0.466945	-0.336971	-0.239295	-0.171268	-0.141428	-0.145349	-0.165768	-0.209593	-0.283566	-0.362854	-0.414827	-0.428571	-0.418017	-0.391071	-0.34607	-0.273728	-0.172997	-0.0785057	-0.0191144	-0.00411338	-0.0351921	-0.106354	-0.215781	-0.372102	-0.561883	-0.75318	-0.899137	-0.972703	-0.977872	-0.921267	-0.818826	-0.673372	-0.503472	-0.333849	-0.18004	-0.0515033	0.0495949	0.120844	
-1.12624	-1.12624	-1.13107	-1.12949	-1.12231	-1.10745	-1.0832	-1.04768	-0.984787	-0.87353	-0.718119	-0.535422	-0.356757	-0.205038	-0.0983111	-0.0323781	-0.00150056	-0.00578325	-0.0396177	-0.0939504	-0.182996	-0.281117	-0.353487	-0.393385	-0.407954	-0.399371	-0.368441	-0.297607	-0.183995	-0.0636648	0.0212786	0.0567779	0.0419751	-0.0114949	-0.0962839	-0.226247	-0.392081	-0.56479	-0.709927	-0.796625	-0.829273	-0.818826	-0.760317	-0.655266	-0.52419	-0.383094	-0.249236	-0.135548	-0.0421112	0.0296373	
-0.935586	-0.935586	-0.938822	-0.943517	-0.950036	-0.949559	-0.936432	-0.910208	-0.853349	-0.746222	-0.5871	-0.394735	-0.211959	-0.0609398	0.0527088	0.120518	0.150134	0.148142	0.106926	0.0344332	-0.0660794	-0.175753	-0.26535	-0.324762	-0.356682	-0.3623	-0.336542	-0.261177	-0.141669	-0.0132975	0.0898456	0.147621	0.152169	0.115098	0.0478824	-0.0560787	-0.1949	-0.347205	-0.486739	-0.590476	-0.650224	-0.673372	-0.655266	-0.596865	-0.506484	-0.399371	-0.292822	-0.19252	-0.11093	-0.0529199	
-0.639523	-0.639523	-0.646839	-0.662014	-0.685343	-0.712657	-0.725999	-0.714354	-0.672174	-0.580307	-0.43293	-0.252496	-0.0741845	0.0771486	0.19119	0.263243	0.295934	0.295135	0.254054	0.178467	0.0765034	-0.0414488	-0.153407	-0.231887	-0.274688	-0.285795	-0.259598	-0.18465	-0.0707043	0.0576989	0.172468	0.245398	0.26937	0.253291	0.20483	0.124674	0.0099789	-0.128054	-0.261166	-0.37269	-0.453954	-0.503472	-0.52419	-0.506484	-0.454842	-0.38108	-0.304538	-0.232372	-0.177817	-0.135657	
-0.263618	-0.263618	-0.274749	-0.305456	-0.352039	-0.41094	-0.467206	-0.490775	-0.478218	-0.415293	-0.298549	-0.141592	0.0255476	0.177002	0.291485	0.37279	0.416085	0.422447	0.392119	0.325561	0.227029	0.10531	-0.0201598	-0.113615	-0.170448	-0.192992	-0.163851	-0.089829	0.0152794	0.143262	0.257649	0.332576	0.369649	0.373759	0.344632	0.292014	0.201821	0.0763734	-0.0547344	-0.169116	-0.263019	-0.333849	-0.383094	-0.399371	-0.38108	-0.343365	-0.299904	-0.263671	-0.238286	-0.209563	
0.159057	0.159057	0.144304	0.0965071	0.0149796	-0.0861012	-0.184776	-0.259843	-0.294811	-0.276491	-0.197905	-0.0727922	0.0763559	0.218043	0.33621	0.422788	0.480884	0.503315	0.494392	0.447384	0.367191	0.251703	0.120851	0.0113837	-0.0598942	-0.0920284	-0.0692089	0.000137246	0.106025	0.234482	0.339734	0.409177	0.449539	0.467196	0.459964	0.422768	0.348344	0.239258	0.122329	0.0120172	-0.0905109	-0.18004	-0.249236	-0.292822	-0.304538	-0.299904	-0.296414	-0.295485	-0.293119	-0.271865	
0.588145	0.588145	0.562572	0.49174	0.371657	0.224191	0.0794983	-0.0422581	-0.120398	-0.149963	-0.121526	-0.0399017	0.0736562	0.191526	0.307539	0.405899	0.483438	0.526741	0.54174	0.524162	0.467265	0.373172	0.254583	0.13872	0.056813	0.0183592	0.0254511	0.0899354	0.194257	0.309579	0.40131	0.467338	0.506561	0.53069	0.536159	0.509566	0.445353	0.357856	0.259493	0.152575	0.0462265	-0.0515033	-0.135548	-0.19252	-0.232372	-0.263671	-0.295485	-0.31964	-0.329944	-0.311373	
0.96665	0.96665	0.929762	0.839979	0.695002	0.510533	0.320684	0.15644	0.0387022	-0.0369737	-0.0598721	-0.0298616	0.0391798	0.124908	0.226843	0.330282	0.422162	0.483852	0.52494	0.540374	0.511342	0.444306	0.350259	0.249046	0.170537	0.128656	0.116319	0.156073	0.241006	0.340408	0.419194	0.478225	0.519691	0.551336	0.566729	0.548392	0.496631	0.425849	0.339568	0.242756	0.146668	0.0495949	-0.0421112	-0.11093	-0.177817	-0.238286	-0.293119	-0.329944	-0.343061	-0.325203	
1.26422	1.26422	1.22144	1.12298	0.962528	0.755646	0.539249	0.338922	0.175521	0.0584885	-0.00796737	-0.0259651	-0.000866424	0.0515962	0.126385	0.218329	0.311111	0.391905	0.45801	0.504651	0.511218	0.473875	0.4006	0.32225	0.256564	0.210969	0.186145	0.196285	0.246817	0.323156	0.389579	0.439577	0.483351	0.524964	0.545134	0.537034	0.501512	0.44687	0.375918	0.298298	0.212525	0.120844	0.0296373	-0.0529199	-0.135657	-0.209563	-0.271865	-0.311373	-0.325203	-0.301781	
