0.600598	0.540221	0.490818	0.452242	0.418268	0.402845	0.41806	0.448412	0.4863	0.51559	0.514389	0.503501	0.463989	0.379073	0.26587	0.140854	0.00903922	-0.122439	-0.248348	-0.364081	-0.458751	-0.512662	-0.504285	-0.436687	-0.323176	-0.193905	-0.0628507	0.0463489	0.105274	0.116874	0.0799592	0.00387325	-0.081527	-0.154054	-0.192142	-0.179616	-0.122334	-0.0190981	0.11604	0.261575	0.395956	0.486206	0.52439	0.500154	0.417047	0.298201	0.164431	0.0568879	0.00150917	0.00150917	
0.540221	0.474382	0.422302	0.375238	0.337566	0.322231	0.328059	0.348279	0.376812	0.405164	0.422899	0.437679	0.433847	0.390143	0.31365	0.214683	0.0992891	-0.0282502	-0.159487	-0.289514	-0.404346	-0.481888	-0.503093	-0.468393	-0.387428	-0.282111	-0.16472	-0.0622165	-0.00126613	0.0150793	-0.0175276	-0.0851154	-0.162527	-0.217537	-0.233832	-0.205833	-0.127635	-0.0038485	0.142406	0.29058	0.42543	0.51372	0.5404	0.499098	0.399809	0.266877	0.124506	0.0101149	-0.0565683	-0.0565683	
0.490818	0.422302	0.367816	0.312712	0.26585	0.242366	0.240719	0.254228	0.269463	0.289994	0.32402	0.355447	0.378785	0.378067	0.341183	0.265363	0.171305	0.0564898	-0.0726956	-0.203488	-0.326874	-0.420292	-0.469109	-0.46747	-0.420005	-0.336628	-0.238246	-0.142688	-0.078155	-0.0655717	-0.0928583	-0.150129	-0.221666	-0.267132	-0.267215	-0.228243	-0.136526	-0.00133862	0.147471	0.302089	0.438269	0.52417	0.544055	0.496422	0.389372	0.244586	0.10078	-0.0170115	-0.0887556	-0.0887556	
0.452242	0.375238	0.312712	0.248719	0.192463	0.165772	0.163323	0.166753	0.173513	0.192933	0.231645	0.276575	0.322888	0.354107	0.338879	0.285156	0.213675	0.122541	0.00859873	-0.10976	-0.234656	-0.342926	-0.410091	-0.435024	-0.411666	-0.346144	-0.262379	-0.183581	-0.12573	-0.114586	-0.141757	-0.197058	-0.262562	-0.302106	-0.301987	-0.257241	-0.160948	-0.0216038	0.135012	0.294083	0.42843	0.509431	0.527012	0.48372	0.381406	0.236663	0.0947104	-0.0183607	-0.0830999	-0.0830999	
0.418268	0.337566	0.26585	0.192463	0.130515	0.101378	0.0984864	0.0974229	0.0932122	0.113103	0.15135	0.202393	0.263683	0.311957	0.315088	0.286016	0.236269	0.169717	0.0758015	-0.0360571	-0.150996	-0.253291	-0.328731	-0.361256	-0.352629	-0.31485	-0.251257	-0.192147	-0.147054	-0.138864	-0.170858	-0.228192	-0.289331	-0.330316	-0.333447	-0.283496	-0.188636	-0.0496254	0.106946	0.262148	0.397037	0.477794	0.497355	0.453677	0.358377	0.234838	0.109588	0.00792311	-0.0494579	-0.0494579	
0.402845	0.322231	0.242366	0.165772	0.101378	0.0690931	0.0602618	0.0498943	0.0370442	0.0479451	0.0781906	0.131913	0.199096	0.254244	0.27623	0.269444	0.240961	0.193805	0.116475	0.0136143	-0.0829566	-0.168795	-0.236683	-0.268653	-0.271148	-0.257754	-0.2209	-0.179373	-0.156041	-0.153889	-0.187349	-0.2463	-0.300439	-0.340104	-0.338191	-0.285832	-0.19413	-0.0636711	0.0831506	0.228611	0.350736	0.428137	0.449486	0.411616	0.328992	0.225245	0.122452	0.0368274	-0.00807567	-0.00807567	
0.41806	0.328059	0.240719	0.163323	0.0984864	0.0602618	0.0435647	0.0253304	0.00410267	0.00081834	0.0202445	0.0638766	0.120967	0.18065	0.220764	0.231807	0.229381	0.195316	0.126092	0.0486482	-0.0292663	-0.0968396	-0.145596	-0.182501	-0.201847	-0.201224	-0.189798	-0.164313	-0.146198	-0.154007	-0.190309	-0.243784	-0.291347	-0.324731	-0.314229	-0.259668	-0.169907	-0.0491692	0.0858491	0.219362	0.317534	0.380027	0.399201	0.364281	0.294469	0.202354	0.108384	0.0345507	-0.00252999	-0.00252999	
0.448412	0.348279	0.254228	0.166753	0.0974229	0.0498943	0.0253304	-0.000851629	-0.0248401	-0.0407216	-0.0393537	-0.00644447	0.0416971	0.0984048	0.151006	0.17943	0.190144	0.171641	0.121492	0.0723051	0.0179147	-0.0313229	-0.0711153	-0.111088	-0.141351	-0.151232	-0.150127	-0.133259	-0.123842	-0.14047	-0.174395	-0.229113	-0.271109	-0.290933	-0.273042	-0.209368	-0.116095	0.00134128	0.122484	0.233789	0.315756	0.361792	0.364252	0.317716	0.244853	0.15553	0.062345	-0.0114273	-0.0518618	-0.0518618	
0.4863	0.376812	0.269463	0.173513	0.0932122	0.0370442	0.00410267	-0.0248401	-0.0567091	-0.0898851	-0.103453	-0.0806388	-0.0366397	0.0195747	0.0844434	0.123741	0.13795	0.130598	0.0998234	0.0704717	0.03944	0.0133369	-0.0131907	-0.0467636	-0.0752911	-0.095661	-0.104923	-0.0951289	-0.094404	-0.11263	-0.14253	-0.192509	-0.230767	-0.237879	-0.210256	-0.141119	-0.042638	0.0664572	0.176834	0.271054	0.334608	0.36108	0.3372	0.274881	0.184607	0.0807345	-0.0123252	-0.0853883	-0.123575	-0.123575	
0.51559	0.405164	0.289994	0.192933	0.113103	0.0479451	0.00081834	-0.0407216	-0.0898851	-0.141042	-0.157654	-0.135869	-0.095643	-0.038824	0.0213771	0.0625157	0.0816878	0.0831337	0.0698073	0.0575567	0.0436385	0.0322664	0.0228359	-0.00254977	-0.0285617	-0.0488593	-0.0623036	-0.0613585	-0.0670559	-0.0875502	-0.116769	-0.146914	-0.166796	-0.154123	-0.107398	-0.0400985	0.0501808	0.147923	0.243532	0.315657	0.354905	0.3564	0.306113	0.226146	0.116665	-0.000165606	-0.0941387	-0.168051	-0.202471	-0.202471	
0.514389	0.422899	0.32402	0.231645	0.15135	0.0781906	0.0202445	-0.0393537	-0.103453	-0.157654	-0.173458	-0.162721	-0.130468	-0.0849818	-0.0393979	0.0045887	0.0316869	0.0436151	0.0470266	0.044657	0.0404479	0.037319	0.0289453	0.0072815	-0.02305	-0.0444969	-0.0549205	-0.0591709	-0.0633092	-0.0733619	-0.0897477	-0.0982146	-0.0851147	-0.0461694	0.0199369	0.0976973	0.184508	0.268426	0.329514	0.370207	0.379719	0.342605	0.265181	0.161645	0.0437215	-0.074584	-0.175311	-0.247946	-0.289756	-0.289756	
0.503501	0.437679	0.355447	0.276575	0.202393	0.131913	0.0638766	-0.00644447	-0.0806388	-0.135869	-0.162721	-0.166324	-0.155361	-0.132293	-0.0955179	-0.0516104	-0.0214209	-0.00118933	0.0149135	0.0107845	0.016923	0.0212187	0.00425537	-0.0151133	-0.0477201	-0.0764923	-0.0869039	-0.0875383	-0.0838633	-0.0742756	-0.0585549	-0.0353127	0.0106985	0.0784372	0.162881	0.254714	0.340501	0.410973	0.446564	0.446892	0.412096	0.334276	0.229706	0.107293	-0.0251408	-0.153046	-0.261021	-0.335924	-0.380427	-0.380427	
0.463989	0.433847	0.378785	0.322888	0.263683	0.199096	0.120967	0.0416971	-0.0366397	-0.095643	-0.130468	-0.155361	-0.166827	-0.161471	-0.143631	-0.112686	-0.08403	-0.0632284	-0.0459044	-0.0406331	-0.0320452	-0.029077	-0.046333	-0.0684893	-0.100669	-0.128185	-0.137025	-0.1361	-0.116829	-0.0859512	-0.0417668	0.0240328	0.109541	0.215342	0.330469	0.438789	0.520022	0.569411	0.575361	0.53147	0.452273	0.337604	0.199226	0.0485507	-0.10045	-0.2335	-0.341762	-0.411508	-0.450169	-0.450169	
0.379073	0.390143	0.378067	0.354107	0.311957	0.254244	0.18065	0.0984048	0.0195747	-0.038824	-0.0849818	-0.132293	-0.161471	-0.17539	-0.179486	-0.169171	-0.151057	-0.134021	-0.119923	-0.110024	-0.0996604	-0.0963829	-0.112446	-0.134676	-0.166174	-0.192403	-0.198563	-0.190465	-0.157264	-0.106571	-0.0380636	0.0651326	0.199623	0.34926	0.499257	0.625191	0.699589	0.722224	0.694094	0.617477	0.503122	0.354074	0.182607	0.00421386	-0.159836	-0.298676	-0.404581	-0.467852	-0.502505	-0.502505	
0.26587	0.31365	0.341183	0.338879	0.315088	0.27623	0.220764	0.151006	0.0844434	0.0213771	-0.0393979	-0.0955179	-0.143631	-0.179486	-0.205642	-0.218533	-0.212215	-0.195623	-0.181138	-0.167247	-0.153354	-0.154234	-0.17142	-0.199556	-0.232284	-0.254274	-0.260914	-0.243027	-0.205963	-0.146585	-0.0523596	0.0829355	0.256641	0.444028	0.621218	0.761943	0.841925	0.855187	0.812138	0.710331	0.56155	0.388202	0.191223	-0.00443249	-0.177578	-0.326203	-0.434714	-0.501938	-0.538108	-0.538108	
0.140854	0.214683	0.265363	0.285156	0.286016	0.269444	0.231807	0.17943	0.123741	0.0625157	0.0045887	-0.0516104	-0.112686	-0.169171	-0.218533	-0.252127	-0.251487	-0.232704	-0.21326	-0.189312	-0.17575	-0.184938	-0.211008	-0.252184	-0.288504	-0.307384	-0.317442	-0.303312	-0.272104	-0.215383	-0.108428	0.0538662	0.257098	0.476381	0.684419	0.844519	0.939097	0.960556	0.917734	0.800763	0.627509	0.436453	0.221352	0.0169232	-0.156675	-0.306333	-0.415513	-0.487494	-0.523503	-0.523503	
0.00903922	0.0992891	0.171305	0.213675	0.236269	0.240961	0.229381	0.190144	0.13795	0.0816878	0.0316869	-0.0214209	-0.08403	-0.151057	-0.212215	-0.251487	-0.258	-0.239133	-0.213232	-0.18501	-0.175601	-0.191521	-0.227782	-0.276879	-0.320147	-0.352211	-0.379317	-0.390439	-0.375669	-0.318807	-0.203683	-0.0235716	0.205785	0.450524	0.684105	0.87444	0.992372	1.02513	0.982624	0.865163	0.694961	0.499574	0.28305	0.0804152	-0.0960601	-0.241987	-0.342259	-0.407197	-0.437874	-0.437874	
-0.122439	-0.0282502	0.0564898	0.122541	0.169717	0.193805	0.195316	0.171641	0.130598	0.0831337	0.0436151	-0.00118933	-0.0632284	-0.134021	-0.195623	-0.232704	-0.239133	-0.21526	-0.177363	-0.150543	-0.146702	-0.173686	-0.223009	-0.282537	-0.344493	-0.402564	-0.456561	-0.493422	-0.497545	-0.448082	-0.333468	-0.14684	0.0990537	0.373092	0.638385	0.854289	0.992447	1.03933	1.00762	0.906391	0.752152	0.568516	0.368102	0.175595	0.00979124	-0.121629	-0.209605	-0.257997	-0.281707	-0.281707	
-0.248348	-0.159487	-0.0726956	0.00859873	0.0758015	0.116475	0.126092	0.121492	0.0998234	0.0698073	0.0470266	0.0149135	-0.0459044	-0.119923	-0.181138	-0.21326	-0.213232	-0.177363	-0.122657	-0.0975354	-0.100977	-0.139013	-0.207995	-0.288662	-0.376015	-0.459892	-0.532126	-0.588065	-0.613264	-0.58595	-0.485158	-0.29736	-0.0393891	0.261438	0.5496	0.781804	0.940116	1.01196	1.0036	0.922658	0.790632	0.6266	0.452041	0.287524	0.152276	0.0551913	-0.0103676	-0.0435604	-0.0588551	-0.0588551	
-0.364081	-0.289514	-0.203488	-0.10976	-0.0360571	0.0136143	0.0486482	0.0723051	0.0704717	0.0575567	0.044657	0.0107845	-0.0406331	-0.110024	-0.167247	-0.189312	-0.18501	-0.150543	-0.0975354	-0.0752274	-0.0835562	-0.121254	-0.199498	-0.293846	-0.402168	-0.507192	-0.593321	-0.676526	-0.722687	-0.707133	-0.616087	-0.429496	-0.166401	0.134139	0.423052	0.67214	0.848962	0.942982	0.95839	0.906918	0.809043	0.671663	0.537819	0.418481	0.322415	0.265128	0.230339	0.218814	0.212846	0.212846	
-0.458751	-0.404346	-0.326874	-0.234656	-0.150996	-0.0829566	-0.0292663	0.0179147	0.03944	0.0436385	0.0404479	0.016923	-0.0320452	-0.0996604	-0.153354	-0.17575	-0.175601	-0.146702	-0.100977	-0.0835562	-0.0911384	-0.134045	-0.222634	-0.327023	-0.439381	-0.550406	-0.648623	-0.746536	-0.810138	-0.806919	-0.719946	-0.535111	-0.277203	0.022228	0.312401	0.563465	0.752099	0.862314	0.898361	0.87182	0.803767	0.707025	0.616409	0.542023	0.491898	0.477569	0.481756	0.49939	0.511755	0.511755	
-0.512662	-0.481888	-0.420292	-0.342926	-0.253291	-0.168795	-0.0968396	-0.0313229	0.0133369	0.0322664	0.037319	0.0212187	-0.029077	-0.0963829	-0.154234	-0.184938	-0.191521	-0.173686	-0.139013	-0.121254	-0.134045	-0.190047	-0.279035	-0.383924	-0.491372	-0.596604	-0.702984	-0.802084	-0.867544	-0.867395	-0.780994	-0.602615	-0.354352	-0.0618764	0.229048	0.478632	0.671082	0.791351	0.843265	0.840797	0.801052	0.744945	0.691911	0.654592	0.646928	0.670249	0.709132	0.751248	0.778594	0.778594	
-0.504285	-0.503093	-0.469109	-0.410091	-0.328731	-0.236683	-0.145596	-0.0711153	-0.0131907	0.0228359	0.0289453	0.00425537	-0.046333	-0.112446	-0.17142	-0.211008	-0.227782	-0.223009	-0.207995	-0.199498	-0.222634	-0.279035	-0.356574	-0.450341	-0.549012	-0.6536	-0.75959	-0.848331	-0.899778	-0.887747	-0.800347	-0.628811	-0.384144	-0.103672	0.178022	0.427591	0.621041	0.746309	0.813598	0.834448	0.816964	0.786462	0.759609	0.753373	0.775657	0.823612	0.887983	0.943601	0.978275	0.978275	
-0.436687	-0.468393	-0.46747	-0.435024	-0.361256	-0.268653	-0.182501	-0.111088	-0.0467636	-0.00254977	0.0072815	-0.0151133	-0.0684893	-0.134676	-0.199556	-0.252184	-0.276879	-0.282537	-0.288662	-0.293846	-0.327023	-0.383924	-0.450341	-0.537569	-0.627808	-0.719862	-0.809571	-0.877504	-0.911961	-0.894669	-0.799552	-0.619518	-0.376642	-0.100455	0.174125	0.417391	0.609958	0.741676	0.82158	0.850672	0.843258	0.826956	0.811605	0.822913	0.865334	0.931473	1.01068	1.07397	1.11667	1.11667	
-0.323176	-0.387428	-0.420005	-0.411666	-0.352629	-0.271148	-0.201847	-0.141351	-0.0752911	-0.0285617	-0.02305	-0.0477201	-0.100669	-0.166174	-0.232284	-0.288504	-0.320147	-0.344493	-0.376015	-0.402168	-0.439381	-0.491372	-0.549012	-0.627808	-0.707331	-0.78226	-0.85365	-0.901143	-0.919008	-0.882375	-0.767985	-0.582075	-0.341738	-0.0724737	0.193878	0.428844	0.619655	0.757784	0.84442	0.880556	0.876545	0.86809	0.863758	0.87783	0.926714	0.998465	1.0804	1.15094	1.19442	1.19442	
-0.193905	-0.282111	-0.336628	-0.346144	-0.31485	-0.257754	-0.201224	-0.151232	-0.095661	-0.0488593	-0.0444969	-0.0764923	-0.128185	-0.192403	-0.254274	-0.307384	-0.352211	-0.402564	-0.459892	-0.507192	-0.550406	-0.596604	-0.6536	-0.719862	-0.78226	-0.841312	-0.891494	-0.921661	-0.913331	-0.848523	-0.717846	-0.526806	-0.287852	-0.0313523	0.21917	0.451014	0.640074	0.777126	0.86146	0.904242	0.911423	0.901809	0.901622	0.917684	0.964263	1.03831	1.1207	1.19326	1.23573	1.23573	
-0.0628507	-0.16472	-0.238246	-0.262379	-0.251257	-0.2209	-0.189798	-0.150127	-0.104923	-0.0623036	-0.0549205	-0.0869039	-0.137025	-0.198563	-0.260914	-0.317442	-0.379317	-0.456561	-0.532126	-0.593321	-0.648623	-0.702984	-0.75959	-0.809571	-0.85365	-0.891494	-0.913407	-0.920159	-0.883341	-0.796292	-0.65572	-0.461305	-0.230916	0.0145308	0.254123	0.47299	0.650492	0.787196	0.872487	0.914477	0.927214	0.916729	0.917306	0.936642	0.983238	1.06042	1.14305	1.21593	1.26091	1.26091	
0.0463489	-0.0622165	-0.142688	-0.183581	-0.192147	-0.179373	-0.164313	-0.133259	-0.0951289	-0.0613585	-0.0591709	-0.0875383	-0.1361	-0.190465	-0.243027	-0.303312	-0.390439	-0.493422	-0.588065	-0.676526	-0.746536	-0.802084	-0.848331	-0.877504	-0.901143	-0.921661	-0.920159	-0.893127	-0.829455	-0.719476	-0.562847	-0.371084	-0.157523	0.0678807	0.283916	0.477449	0.644075	0.775887	0.858119	0.902678	0.916521	0.909361	0.914833	0.93766	0.986206	1.06357	1.14817	1.2224	1.2655	1.2655	
0.105274	-0.00126613	-0.078155	-0.12573	-0.147054	-0.156041	-0.146198	-0.123842	-0.094404	-0.0670559	-0.0633092	-0.0838633	-0.116829	-0.157264	-0.205963	-0.272104	-0.375669	-0.497545	-0.613264	-0.722687	-0.810138	-0.867544	-0.899778	-0.911961	-0.919008	-0.913331	-0.883341	-0.829455	-0.743868	-0.615458	-0.451436	-0.269664	-0.0731482	0.122773	0.310007	0.479272	0.624703	0.742825	0.814862	0.860733	0.880033	0.87231	0.879053	0.908491	0.963164	1.04521	1.13403	1.20814	1.24892	1.24892	
0.116874	0.0150793	-0.0655717	-0.114586	-0.138864	-0.153889	-0.154007	-0.14047	-0.11263	-0.0875502	-0.0733619	-0.0742756	-0.0859512	-0.106571	-0.146585	-0.215383	-0.318807	-0.448082	-0.58595	-0.707133	-0.806919	-0.867395	-0.887747	-0.894669	-0.882375	-0.848523	-0.796292	-0.719476	-0.615458	-0.480677	-0.324165	-0.15692	0.0117274	0.176289	0.328117	0.456857	0.577273	0.680097	0.748094	0.786957	0.802274	0.8048	0.814371	0.8519	0.912555	0.995629	1.08989	1.16437	1.21167	1.21167	
0.0799592	-0.0175276	-0.0928583	-0.141757	-0.170858	-0.187349	-0.190309	-0.174395	-0.14253	-0.116769	-0.0897477	-0.0585549	-0.0417668	-0.0380636	-0.0523596	-0.108428	-0.203683	-0.333468	-0.485158	-0.616087	-0.719946	-0.780994	-0.800347	-0.799552	-0.767985	-0.717846	-0.65572	-0.562847	-0.451436	-0.324165	-0.177407	-0.0346359	0.0915695	0.209039	0.313151	0.406708	0.502217	0.580191	0.637411	0.671648	0.687861	0.703368	0.722808	0.768814	0.834699	0.91974	1.01858	1.09588	1.14589	1.14589	
0.00387325	-0.0851154	-0.150129	-0.197058	-0.228192	-0.2463	-0.243784	-0.229113	-0.192509	-0.146914	-0.0982146	-0.0353127	0.0240328	0.0651326	0.0829355	0.0538662	-0.0235716	-0.14684	-0.29736	-0.429496	-0.535111	-0.602615	-0.628811	-0.619518	-0.582075	-0.526806	-0.461305	-0.371084	-0.269664	-0.15692	-0.0346359	0.0642127	0.149465	0.215057	0.270783	0.334065	0.394429	0.44612	0.48841	0.520736	0.54209	0.563283	0.593152	0.645325	0.72761	0.829518	0.932793	1.01457	1.06	1.06	
-0.081527	-0.162527	-0.221666	-0.262562	-0.289331	-0.300439	-0.291347	-0.271109	-0.230767	-0.166796	-0.0851147	0.0106985	0.109541	0.199623	0.256641	0.257098	0.205785	0.0990537	-0.0393891	-0.166401	-0.277203	-0.354352	-0.384144	-0.376642	-0.341738	-0.287852	-0.230916	-0.157523	-0.0731482	0.0117274	0.0915695	0.149465	0.185293	0.197778	0.207452	0.221481	0.23977	0.269338	0.30821	0.344048	0.366516	0.39689	0.444133	0.512052	0.61078	0.723237	0.828631	0.914378	0.963633	0.963633	
-0.154054	-0.217537	-0.267132	-0.302106	-0.330316	-0.340104	-0.324731	-0.290933	-0.237879	-0.154123	-0.0461694	0.0784372	0.215342	0.34926	0.444028	0.476381	0.450524	0.373092	0.261438	0.134139	0.022228	-0.0618764	-0.103672	-0.100455	-0.0724737	-0.0313523	0.0145308	0.0678807	0.122773	0.176289	0.209039	0.215057	0.197778	0.156659	0.11836	0.0879292	0.0731543	0.0845823	0.111746	0.140786	0.170608	0.218736	0.286939	0.373823	0.482301	0.601179	0.716091	0.810386	0.864068	0.864068	
-0.192142	-0.233832	-0.267215	-0.301987	-0.333447	-0.338191	-0.314229	-0.273042	-0.210256	-0.107398	0.0199369	0.162881	0.330469	0.499257	0.621218	0.684419	0.684105	0.638385	0.5496	0.423052	0.312401	0.229048	0.178022	0.174125	0.193878	0.21917	0.254123	0.283916	0.310007	0.328117	0.313151	0.270783	0.207452	0.11836	0.024294	-0.0431787	-0.0814669	-0.0929444	-0.0863314	-0.0673225	-0.0222404	0.0430527	0.123986	0.227173	0.350904	0.484012	0.609957	0.708667	0.758709	0.758709	
-0.179616	-0.205833	-0.228243	-0.257241	-0.283496	-0.285832	-0.259668	-0.209368	-0.141119	-0.0400985	0.0976973	0.254714	0.438789	0.625191	0.761943	0.844519	0.87444	0.854289	0.781804	0.67214	0.563465	0.478632	0.427591	0.417391	0.428844	0.451014	0.47299	0.477449	0.479272	0.456857	0.406708	0.334065	0.221481	0.0879292	-0.0431787	-0.146757	-0.220031	-0.2598	-0.262466	-0.240058	-0.18923	-0.120288	-0.0300552	0.0948991	0.238384	0.379887	0.50925	0.609377	0.659285	0.659285	
-0.122334	-0.127635	-0.136526	-0.160948	-0.188636	-0.19413	-0.169907	-0.116095	-0.042638	0.0501808	0.184508	0.340501	0.520022	0.699589	0.841925	0.939097	0.992372	0.992447	0.940116	0.848962	0.752099	0.671082	0.621041	0.609958	0.619655	0.640074	0.650492	0.644075	0.624703	0.577273	0.502217	0.394429	0.23977	0.0731543	-0.0814669	-0.220031	-0.323655	-0.384054	-0.398432	-0.378113	-0.326865	-0.245514	-0.140281	-0.003287	0.150764	0.2949	0.428615	0.534966	0.583813	0.583813	
-0.0190981	-0.0038485	-0.00133862	-0.0216038	-0.0496254	-0.0636711	-0.0491692	0.00134128	0.0664572	0.147923	0.268426	0.410973	0.569411	0.722224	0.855187	0.960556	1.02513	1.03933	1.01196	0.942982	0.862314	0.791351	0.746309	0.741676	0.757784	0.777126	0.787196	0.775887	0.742825	0.680097	0.580191	0.44612	0.269338	0.0845823	-0.0929444	-0.2598	-0.384054	-0.455305	-0.481943	-0.475832	-0.42195	-0.324481	-0.199527	-0.0523263	0.106317	0.259503	0.396976	0.506084	0.554287	0.554287	
0.11604	0.142406	0.147471	0.135012	0.106946	0.0831506	0.0858491	0.122484	0.176834	0.243532	0.329514	0.446564	0.575361	0.694094	0.812138	0.917734	0.982624	1.00762	1.0036	0.95839	0.898361	0.843265	0.813598	0.82158	0.84442	0.86146	0.872487	0.858119	0.814862	0.748094	0.637411	0.48841	0.30821	0.111746	-0.0863314	-0.262466	-0.398432	-0.481943	-0.516993	-0.512844	-0.449376	-0.344414	-0.208201	-0.0453623	0.129978	0.298228	0.435736	0.54291	0.596513	0.596513	
0.261575	0.29058	0.302089	0.294083	0.262148	0.228611	0.219362	0.233789	0.271054	0.315657	0.370207	0.446892	0.53147	0.617477	0.710331	0.800763	0.865163	0.906391	0.922658	0.906918	0.87182	0.840797	0.834448	0.850672	0.880556	0.904242	0.914477	0.902678	0.860733	0.786957	0.671648	0.520736	0.344048	0.140786	-0.0673225	-0.240058	-0.378113	-0.475832	-0.512844	-0.489358	-0.411014	-0.290827	-0.134264	0.0454957	0.235604	0.414866	0.557624	0.662196	0.717474	0.717474	
0.395956	0.42543	0.438269	0.42843	0.397037	0.350736	0.317534	0.315756	0.334608	0.354905	0.379719	0.412096	0.452273	0.503122	0.56155	0.627509	0.694961	0.752152	0.790632	0.809043	0.803767	0.801052	0.816964	0.843258	0.876545	0.911423	0.927214	0.916521	0.880033	0.802274	0.687861	0.54209	0.366516	0.170608	-0.0222404	-0.18923	-0.326865	-0.42195	-0.449376	-0.411014	-0.324649	-0.181981	0.00963187	0.215379	0.415166	0.607683	0.768571	0.874029	0.935669	0.935669	
0.486206	0.51372	0.52417	0.509431	0.477794	0.428137	0.380027	0.361792	0.36108	0.3564	0.342605	0.334276	0.337604	0.354074	0.388202	0.436453	0.499574	0.568516	0.6266	0.671663	0.707025	0.744945	0.786462	0.826956	0.86809	0.901809	0.916729	0.909361	0.87231	0.8048	0.703368	0.563283	0.39689	0.218736	0.0430527	-0.120288	-0.245514	-0.324481	-0.344414	-0.290827	-0.181981	-0.0107753	0.208256	0.441635	0.668361	0.877755	1.04838	1.15935	1.22798	1.22798	
0.52439	0.5404	0.544055	0.527012	0.497355	0.449486	0.399201	0.364252	0.3372	0.306113	0.265181	0.229706	0.199226	0.182607	0.191223	0.221352	0.28305	0.368102	0.452041	0.537819	0.616409	0.691911	0.759609	0.811605	0.863758	0.901622	0.917306	0.914833	0.879053	0.814371	0.722808	0.593152	0.444133	0.286939	0.123986	-0.0300552	-0.140281	-0.199527	-0.208201	-0.134264	0.00963187	0.208256	0.451975	0.713104	0.968333	1.19354	1.37235	1.49347	1.55735	1.55735	
0.500154	0.499098	0.496422	0.48372	0.453677	0.411616	0.364281	0.317716	0.274881	0.226146	0.161645	0.107293	0.0485507	0.00421386	-0.00443249	0.0169232	0.0804152	0.175595	0.287524	0.418481	0.542023	0.654592	0.753373	0.822913	0.87783	0.917684	0.936642	0.93766	0.908491	0.8519	0.768814	0.645325	0.512052	0.373823	0.227173	0.0948991	-0.003287	-0.0523263	-0.0453623	0.0454957	0.215379	0.441635	0.713104	1.00179	1.2759	1.51727	1.71321	1.84289	1.90595	1.90595	
0.417047	0.399809	0.389372	0.381406	0.358377	0.328992	0.294469	0.244853	0.184607	0.116665	0.0437215	-0.0251408	-0.10045	-0.159836	-0.177578	-0.156675	-0.0960601	0.00979124	0.152276	0.322415	0.491898	0.646928	0.775657	0.865334	0.926714	0.964263	0.983238	0.986206	0.963164	0.912555	0.834699	0.72761	0.61078	0.482301	0.350904	0.238384	0.150764	0.106317	0.129978	0.235604	0.415166	0.668361	0.968333	1.2759	1.57201	1.82982	2.02972	2.16532	2.23927	2.23927	
0.298201	0.266877	0.244586	0.236663	0.234838	0.225245	0.202354	0.15553	0.0807345	-0.000165606	-0.074584	-0.153046	-0.2335	-0.298676	-0.326203	-0.306333	-0.241987	-0.121629	0.0551913	0.265128	0.477569	0.670249	0.823612	0.931473	0.998465	1.03831	1.06042	1.06357	1.04521	0.995629	0.91974	0.829518	0.723237	0.601179	0.484012	0.379887	0.2949	0.259503	0.298228	0.414866	0.607683	0.877755	1.19354	1.51727	1.82982	2.10025	2.30276	2.43991	2.5184	2.5184	
0.164431	0.124506	0.10078	0.0947104	0.109588	0.122452	0.108384	0.062345	-0.0123252	-0.0941387	-0.175311	-0.261021	-0.341762	-0.404581	-0.434714	-0.415513	-0.342259	-0.209605	-0.0103676	0.230339	0.481756	0.709132	0.887983	1.01068	1.0804	1.1207	1.14305	1.14817	1.13403	1.08989	1.01858	0.932793	0.828631	0.716091	0.609957	0.50925	0.428615	0.396976	0.435736	0.557624	0.768571	1.04838	1.37235	1.71321	2.02972	2.30276	2.51922	2.66101	2.72809	2.72809	
0.0568879	0.0101149	-0.0170115	-0.0183607	0.00792311	0.0368274	0.0345507	-0.0114273	-0.0853883	-0.168051	-0.247946	-0.335924	-0.411508	-0.467852	-0.501938	-0.487494	-0.407197	-0.257997	-0.0435604	0.218814	0.49939	0.751248	0.943601	1.07397	1.15094	1.19326	1.21593	1.2224	1.20814	1.16437	1.09588	1.01457	0.914378	0.810386	0.708667	0.609377	0.534966	0.506084	0.54291	0.662196	0.874029	1.15935	1.49347	1.84289	2.16532	2.43991	2.66101	2.81339	2.87601	2.87601	
0.00150917	-0.0565683	-0.0887556	-0.0830999	-0.0494579	-0.00807567	-0.00252999	-0.0518618	-0.123575	-0.202471	-0.289756	-0.380427	-0.450169	-0.502505	-0.538108	-0.523503	-0.437874	-0.281707	-0.0588551	0.212846	0.511755	0.778594	0.978275	1.11667	1.19442	1.23573	1.26091	1.2655	1.24892	1.21167	1.14589	1.06	0.963633	0.864068	0.758709	0.659285	0.583813	0.554287	0.596513	0.717474	0.935669	1.22798	1.55735	1.90595	2.23927	2.5184	2.72809	2.87601	2.94938	2.94938	
0.00150917	-0.0565683	-0.0887556	-0.0830999	-0.0494579	-0.00807567	-0.00252999	-0.0518618	-0.123575	-0.202471	-0.289756	-0.380427	-0.450169	-0.502505	-0.538108	-0.523503	-0.437874	-0.281707	-0.0588551	0.212846	0.511755	0.778594	0.978275	1.11667	1.19442	1.23573	1.26091	1.2655	1.24892	1.21167	1.14589	1.06	0.963633	0.864068	0.758709	0.659285	0.583813	0.554287	0.596513	0.717474	0.935669	1.22798	1.55735	1.90595	2.23927	2.5184	2.72809	2.87601	2.94938	2.94938	
