-0.583717	-0.583717	-0.546431	-0.493227	-0.415888	-0.300446	-0.170239	-0.0555929	0.0445327	0.114194	0.1413	0.127645	0.0785621	0.00305818	-0.0778099	-0.150674	-0.197983	-0.220667	-0.228458	-0.203014	-0.150896	-0.0941764	-0.0369422	0.0171419	0.0570203	0.10827	0.180875	0.263012	0.361047	0.485343	0.606888	0.69578	0.753738	0.777481	0.756553	0.69938	0.60152	0.453935	0.263678	0.0697144	-0.109276	-0.251087	-0.334196	-0.34685	-0.273736	-0.117393	0.0778973	0.274373	0.449389	0.596281	
-0.583717	-0.583717	-0.546431	-0.493227	-0.415888	-0.300446	-0.170239	-0.0555929	0.0445327	0.114194	0.1413	0.127645	0.0785621	0.00305818	-0.0778099	-0.150674	-0.197983	-0.220667	-0.228458	-0.203014	-0.150896	-0.0941764	-0.0369422	0.0171419	0.0570203	0.10827	0.180875	0.263012	0.361047	0.485343	0.606888	0.69578	0.753738	0.777481	0.756553	0.69938	0.60152	0.453935	0.263678	0.0697144	-0.109276	-0.251087	-0.334196	-0.34685	-0.273736	-0.117393	0.0778973	0.274373	0.449389	0.596281	
-0.546431	-0.546431	-0.513598	-0.465545	-0.391843	-0.276665	-0.144539	-0.0304193	0.0725619	0.147892	0.167656	0.137749	0.0839315	0.0122869	-0.0639576	-0.130248	-0.179804	-0.210341	-0.220983	-0.203433	-0.160786	-0.100556	-0.0381639	0.0205436	0.0697854	0.116314	0.174271	0.25087	0.348245	0.471756	0.595312	0.686953	0.746277	0.764975	0.739	0.680971	0.579878	0.435969	0.254694	0.060535	-0.115975	-0.24649	-0.321284	-0.324717	-0.249461	-0.102496	0.0768598	0.259226	0.431727	0.58296	
-0.493227	-0.493227	-0.465545	-0.412572	-0.334915	-0.230399	-0.107808	0.0122766	0.120795	0.191969	0.205131	0.173483	0.119232	0.0432208	-0.0359019	-0.100026	-0.149775	-0.184138	-0.195536	-0.18354	-0.150087	-0.0926096	-0.0297991	0.0348341	0.0924546	0.132303	0.170204	0.238402	0.336267	0.456739	0.57785	0.668995	0.723517	0.731435	0.698831	0.636889	0.533967	0.400093	0.235051	0.0523367	-0.111312	-0.223862	-0.284214	-0.281333	-0.20886	-0.0793917	0.0777073	0.244622	0.408533	0.550052	
-0.415888	-0.415888	-0.391843	-0.334915	-0.249964	-0.151486	-0.0419395	0.0761539	0.185645	0.250207	0.262676	0.238902	0.182124	0.0979692	0.0131715	-0.0564415	-0.111028	-0.142443	-0.154226	-0.14747	-0.1211	-0.0708714	-0.00904103	0.0582186	0.115665	0.147313	0.172834	0.230731	0.326578	0.441559	0.553837	0.64088	0.687251	0.686324	0.643491	0.571763	0.469516	0.348446	0.20322	0.0459071	-0.0937196	-0.186941	-0.2327	-0.230105	-0.169804	-0.0592387	0.0740299	0.223121	0.369914	0.500909	
-0.300446	-0.300446	-0.276665	-0.230399	-0.151486	-0.0443755	0.066196	0.172116	0.274701	0.33894	0.348713	0.319266	0.258135	0.171664	0.0864997	0.0101162	-0.0491854	-0.0860311	-0.107576	-0.106887	-0.0796349	-0.0349517	0.0224962	0.0907601	0.141018	0.167689	0.191655	0.240587	0.321134	0.424748	0.527075	0.606425	0.649757	0.64305	0.585362	0.498006	0.396923	0.288422	0.16551	0.0370626	-0.0768744	-0.15169	-0.183404	-0.179078	-0.128671	-0.0393301	0.0682497	0.18773	0.310764	0.439613	
-0.170239	-0.170239	-0.144539	-0.107808	-0.0419395	0.066196	0.185714	0.287488	0.381242	0.443427	0.448696	0.407705	0.342072	0.260033	0.17608	0.0984506	0.0341126	-0.0149342	-0.0488059	-0.0501061	-0.019492	0.0258047	0.0830401	0.140696	0.176411	0.199353	0.229544	0.271133	0.335052	0.424	0.507405	0.567057	0.600053	0.586844	0.517431	0.422131	0.324883	0.22891	0.128254	0.0289648	-0.0559393	-0.110255	-0.129924	-0.11721	-0.0823667	-0.0207066	0.0554451	0.139959	0.239813	0.368829	
-0.0555929	-0.0555929	-0.0304193	0.0122766	0.0761539	0.172116	0.287488	0.392933	0.480778	0.538469	0.545768	0.504144	0.438892	0.356714	0.266597	0.184123	0.119176	0.0615297	0.0243757	0.0274444	0.0574398	0.0996433	0.150975	0.196421	0.219308	0.239514	0.267906	0.305867	0.360686	0.435126	0.501034	0.532834	0.539384	0.508929	0.436456	0.34423	0.257175	0.177567	0.0990459	0.0317621	-0.0207506	-0.0566666	-0.0738506	-0.0707826	-0.0557377	-0.0232519	0.02494	0.0828856	0.170053	0.288274	
0.0445327	0.0445327	0.0725619	0.120795	0.185645	0.274701	0.381242	0.480778	0.558188	0.613535	0.630371	0.598614	0.52949	0.442542	0.34316	0.251558	0.17998	0.131229	0.10497	0.10577	0.125005	0.164883	0.212567	0.247248	0.268771	0.287657	0.311072	0.345454	0.394553	0.452241	0.497293	0.50358	0.477533	0.428954	0.356187	0.276297	0.200221	0.132783	0.0750869	0.040529	0.0210775	0.00665627	-0.0118322	-0.0342113	-0.046424	-0.0367803	-0.0139117	0.0273518	0.102812	0.206465	
0.114194	0.114194	0.147892	0.191969	0.250207	0.33894	0.443427	0.538469	0.613535	0.66296	0.678741	0.654599	0.591069	0.499679	0.397398	0.300902	0.227492	0.186237	0.166346	0.163892	0.182464	0.220442	0.257006	0.290896	0.320529	0.342344	0.363062	0.392703	0.425407	0.460897	0.486892	0.477203	0.430027	0.36158	0.285331	0.217688	0.155889	0.106008	0.0770283	0.0663212	0.0661873	0.0649568	0.0443662	0.000510092	-0.032128	-0.0454174	-0.042636	-0.0154812	0.0391827	0.118492	
0.1413	0.1413	0.167656	0.205131	0.262676	0.348713	0.448696	0.545768	0.630371	0.678741	0.685657	0.660592	0.6016	0.512739	0.418137	0.331062	0.260035	0.216471	0.1954	0.193235	0.220366	0.259956	0.294356	0.32711	0.362015	0.388312	0.410386	0.431652	0.450068	0.466495	0.467969	0.445634	0.38507	0.298579	0.219122	0.164388	0.12307	0.102271	0.10685	0.115695	0.124496	0.123994	0.0964543	0.047014	-0.00473662	-0.041991	-0.0610236	-0.0514105	-0.0194482	0.0392047	
0.127645	0.127645	0.137749	0.173483	0.238902	0.319266	0.407705	0.504144	0.598614	0.654599	0.660592	0.628937	0.570105	0.484368	0.399158	0.324951	0.263412	0.215392	0.193672	0.199109	0.229517	0.266253	0.306001	0.350721	0.392302	0.421613	0.438349	0.449034	0.459166	0.463397	0.451407	0.412843	0.338231	0.241069	0.165579	0.119902	0.1071	0.121769	0.151628	0.179271	0.195492	0.186981	0.150376	0.0981362	0.036082	-0.020547	-0.058151	-0.0730428	-0.059794	-0.0160344	
0.0785621	0.0785621	0.0839315	0.119232	0.182124	0.258135	0.342072	0.438892	0.52949	0.591069	0.6016	0.570105	0.507261	0.429064	0.35094	0.286278	0.231896	0.18838	0.1688	0.176423	0.203688	0.24592	0.304544	0.363932	0.409427	0.43616	0.445628	0.4479	0.45495	0.453022	0.429052	0.370779	0.285832	0.196502	0.130365	0.0993787	0.113561	0.154399	0.197876	0.240474	0.265213	0.257375	0.219852	0.161355	0.0925939	0.0238476	-0.0313988	-0.0679196	-0.0756168	-0.0435679	
0.00305818	0.00305818	0.0122869	0.0432208	0.0979692	0.171664	0.260033	0.356714	0.442542	0.499679	0.512739	0.484368	0.429064	0.363056	0.291105	0.22932	0.180269	0.144087	0.124437	0.133798	0.161988	0.216231	0.293086	0.367206	0.412738	0.433503	0.438641	0.435423	0.433088	0.423529	0.390037	0.32306	0.24088	0.167549	0.1094	0.0920296	0.127837	0.189607	0.247217	0.29584	0.325487	0.323431	0.289423	0.227659	0.155565	0.0797318	0.0137923	-0.0368716	-0.0625888	-0.038783	
-0.0778099	-0.0778099	-0.0639576	-0.0359019	0.0131715	0.0864997	0.17608	0.266597	0.34316	0.397398	0.418137	0.399158	0.35094	0.291105	0.223528	0.16309	0.119081	0.0901903	0.0772843	0.0865853	0.122772	0.19082	0.27942	0.354213	0.401987	0.424599	0.429553	0.422153	0.406395	0.378088	0.328678	0.269004	0.204745	0.146538	0.098171	0.0894599	0.131154	0.205157	0.281092	0.336201	0.371145	0.379014	0.35147	0.291384	0.21583	0.137609	0.0651492	0.0083685	-0.0209458	0.00140438	
-0.150674	-0.150674	-0.130248	-0.100026	-0.0564415	0.0101162	0.0984506	0.184123	0.251558	0.300902	0.331062	0.324951	0.286278	0.22932	0.16309	0.0986897	0.0545627	0.0345258	0.0370071	0.0550588	0.10277	0.175196	0.25765	0.329534	0.386277	0.412229	0.41511	0.403239	0.371968	0.322974	0.265595	0.214807	0.166373	0.121233	0.0892181	0.0857994	0.126672	0.2016	0.289005	0.356392	0.39472	0.405467	0.385763	0.333309	0.260009	0.184943	0.114447	0.0553233	0.0302296	0.052069	
-0.197983	-0.197983	-0.179804	-0.149775	-0.111028	-0.0491854	0.0341126	0.119176	0.17998	0.227492	0.260035	0.263412	0.231896	0.180269	0.119081	0.0545627	0.0068591	-0.0127819	0.00138649	0.0361613	0.100011	0.173143	0.244195	0.312458	0.37137	0.395758	0.394189	0.373525	0.333266	0.275193	0.216674	0.166468	0.125111	0.0875173	0.0728753	0.0802059	0.114335	0.177099	0.264124	0.339517	0.382957	0.393425	0.381145	0.33893	0.280821	0.210906	0.144152	0.0923126	0.0727886	0.0991429	
-0.220667	-0.220667	-0.210341	-0.184138	-0.142443	-0.0860311	-0.0149342	0.0615297	0.131229	0.186237	0.216471	0.215392	0.18838	0.144087	0.0901903	0.0345258	-0.0127819	-0.0308215	-0.0111412	0.0379952	0.106264	0.182183	0.255139	0.323133	0.37228	0.389678	0.379371	0.343355	0.295168	0.241772	0.186219	0.134159	0.0857934	0.0492177	0.0409674	0.0544984	0.0853029	0.137703	0.208774	0.279205	0.328165	0.344057	0.337422	0.313092	0.274259	0.217134	0.156766	0.116782	0.106839	0.149186	
-0.228458	-0.228458	-0.220983	-0.195536	-0.154226	-0.107576	-0.0488059	0.0243757	0.10497	0.166346	0.1954	0.193672	0.1688	0.124437	0.0772843	0.0370071	0.00138649	-0.0111412	0.0118247	0.0614262	0.129386	0.213924	0.293187	0.34909	0.383323	0.394711	0.375405	0.325657	0.271859	0.217726	0.160758	0.103715	0.0434795	0.00272809	-0.00524177	0.00727715	0.0365498	0.0849627	0.136599	0.187109	0.234273	0.26273	0.268387	0.260286	0.239159	0.200233	0.158487	0.138167	0.142545	0.196534	
-0.203014	-0.203014	-0.203433	-0.18354	-0.14747	-0.106887	-0.0501061	0.0274444	0.10577	0.163892	0.193235	0.199109	0.176423	0.133798	0.0865853	0.0550588	0.0361613	0.0379952	0.0614262	0.103489	0.171546	0.257466	0.331981	0.3742	0.400358	0.40406	0.374932	0.317997	0.255018	0.193701	0.129959	0.0651273	-0.00582768	-0.0509688	-0.0648129	-0.0589511	-0.035442	0.00463604	0.0431828	0.0802274	0.115121	0.149812	0.173912	0.182001	0.176135	0.159464	0.150917	0.161489	0.190986	0.253048	
-0.150896	-0.150896	-0.160786	-0.150087	-0.1211	-0.0796349	-0.019492	0.0574398	0.125005	0.182464	0.220366	0.229517	0.203688	0.161988	0.122772	0.10277	0.100011	0.106264	0.129386	0.171546	0.236054	0.306619	0.368573	0.408724	0.431999	0.422413	0.380363	0.315417	0.241822	0.163064	0.0873808	0.0155644	-0.0574591	-0.113689	-0.137742	-0.139679	-0.129961	-0.107812	-0.0722983	-0.0369157	-0.00514662	0.0254772	0.0629285	0.0905251	0.112526	0.121273	0.147163	0.195461	0.25713	0.333648	
-0.0941764	-0.0941764	-0.100556	-0.0926096	-0.0708714	-0.0349517	0.0258047	0.0996433	0.164883	0.220442	0.259956	0.266253	0.24592	0.216231	0.19082	0.175196	0.173143	0.182183	0.213924	0.257466	0.306619	0.359392	0.413754	0.453677	0.46563	0.436382	0.380251	0.309227	0.221898	0.122968	0.0268861	-0.0567342	-0.134581	-0.200659	-0.236589	-0.244479	-0.240645	-0.231457	-0.204601	-0.168091	-0.130178	-0.0970482	-0.050761	0.00399771	0.0637222	0.1151	0.173004	0.250462	0.33652	0.42571	
-0.0369422	-0.0369422	-0.0381639	-0.0297991	-0.00904103	0.0224962	0.0830401	0.150975	0.212567	0.257006	0.294356	0.306001	0.304544	0.293086	0.27942	0.25765	0.244195	0.255139	0.293187	0.331981	0.368573	0.413754	0.458839	0.48414	0.474909	0.425624	0.359101	0.275719	0.172762	0.0577936	-0.057115	-0.162171	-0.248384	-0.316639	-0.358593	-0.371893	-0.36625	-0.352885	-0.333613	-0.303843	-0.26238	-0.213492	-0.15123	-0.0706	0.0259621	0.127691	0.225715	0.328787	0.426082	0.519085	
0.0171419	0.0171419	0.0205436	0.0348341	0.0582186	0.0907601	0.140696	0.196421	0.247248	0.290896	0.32711	0.350721	0.363932	0.367206	0.354213	0.329534	0.312458	0.323133	0.34909	0.3742	0.408724	0.453677	0.48414	0.486886	0.458149	0.395327	0.313063	0.206629	0.0838315	-0.0416073	-0.171929	-0.292822	-0.386262	-0.450821	-0.491756	-0.508973	-0.505857	-0.480924	-0.452953	-0.422382	-0.379023	-0.310696	-0.221369	-0.115952	0.0104993	0.153725	0.295049	0.427737	0.536392	0.624226	
0.0570203	0.0570203	0.0697854	0.0924546	0.115665	0.141018	0.176411	0.219308	0.268771	0.320529	0.362015	0.392302	0.409427	0.412738	0.401987	0.386277	0.37137	0.37228	0.383323	0.400358	0.431999	0.46563	0.474909	0.458149	0.418653	0.345487	0.243103	0.112375	-0.0330921	-0.180294	-0.323378	-0.441717	-0.529962	-0.588288	-0.618342	-0.629332	-0.627752	-0.598608	-0.555188	-0.506665	-0.448564	-0.361414	-0.244169	-0.113209	0.0384912	0.206924	0.378369	0.536265	0.654184	0.73885	
0.10827	0.10827	0.116314	0.132303	0.147313	0.167689	0.199353	0.239514	0.287657	0.342344	0.388312	0.421613	0.43616	0.433503	0.424599	0.412229	0.395758	0.389678	0.394711	0.40406	0.422413	0.436382	0.425624	0.395327	0.345487	0.257498	0.135992	-0.0106098	-0.176564	-0.34863	-0.495044	-0.594969	-0.664665	-0.710512	-0.724556	-0.721471	-0.712005	-0.681683	-0.625087	-0.550366	-0.459772	-0.348119	-0.213026	-0.0653491	0.103131	0.28415	0.471292	0.642797	0.769398	0.855544	
0.180875	0.180875	0.174271	0.170204	0.172834	0.191655	0.229544	0.267906	0.311072	0.363062	0.410386	0.438349	0.445628	0.438641	0.429553	0.41511	0.394189	0.379371	0.375405	0.374932	0.380363	0.380251	0.359101	0.313063	0.243103	0.135992	-0.00437222	-0.168624	-0.344523	-0.513177	-0.646525	-0.731432	-0.780822	-0.802349	-0.796799	-0.775705	-0.74957	-0.70322	-0.630258	-0.530572	-0.412166	-0.274645	-0.12458	0.0324357	0.207946	0.390908	0.577021	0.751549	0.883997	0.976619	
0.263012	0.263012	0.25087	0.238402	0.230731	0.240587	0.271133	0.305867	0.345454	0.392703	0.431652	0.449034	0.4479	0.435423	0.422153	0.403239	0.373525	0.343355	0.325657	0.317997	0.315417	0.309227	0.275719	0.206629	0.112375	-0.0106098	-0.168624	-0.346336	-0.51676	-0.659262	-0.769026	-0.842873	-0.874826	-0.861087	-0.823152	-0.781853	-0.734677	-0.661618	-0.563482	-0.450187	-0.317096	-0.164655	0.00105899	0.171386	0.347581	0.51988	0.692785	0.859945	0.994124	1.08863	
0.361047	0.361047	0.348245	0.336267	0.326578	0.321134	0.335052	0.360686	0.394553	0.425407	0.450068	0.459166	0.45495	0.433088	0.406395	0.371968	0.333266	0.295168	0.271859	0.255018	0.241822	0.221898	0.172762	0.0838315	-0.0330921	-0.176564	-0.344523	-0.51676	-0.669309	-0.783857	-0.866876	-0.921276	-0.927293	-0.883761	-0.815193	-0.7421	-0.664871	-0.566124	-0.445792	-0.318719	-0.182653	-0.0269288	0.144683	0.316983	0.483577	0.641951	0.800189	0.959939	1.08985	1.18069	
0.485343	0.485343	0.471756	0.456739	0.441559	0.424748	0.424	0.435126	0.452241	0.460897	0.466495	0.463397	0.453022	0.423529	0.378088	0.322974	0.275193	0.241772	0.217726	0.193701	0.163064	0.122968	0.0577936	-0.0416073	-0.180294	-0.34863	-0.513177	-0.659262	-0.783857	-0.87631	-0.930921	-0.951703	-0.929122	-0.869052	-0.77938	-0.67258	-0.561282	-0.441575	-0.309026	-0.1722	-0.0316712	0.117986	0.277629	0.437659	0.584858	0.732785	0.888681	1.04164	1.1646	1.24514	
0.606888	0.606888	0.595312	0.57785	0.553837	0.527075	0.507405	0.501034	0.497293	0.486892	0.467969	0.451407	0.429052	0.390037	0.328678	0.265595	0.216674	0.186219	0.160758	0.129959	0.0873808	0.0268861	-0.057115	-0.171929	-0.323378	-0.495044	-0.646525	-0.769026	-0.866876	-0.930921	-0.958495	-0.947044	-0.895424	-0.813371	-0.703711	-0.572233	-0.443009	-0.313878	-0.177815	-0.0379738	0.0976234	0.236949	0.38206	0.521224	0.652583	0.791258	0.935968	1.07772	1.19194	1.26203	
0.69578	0.69578	0.686953	0.668995	0.64088	0.606425	0.567057	0.532834	0.50358	0.477203	0.445634	0.412843	0.370779	0.32306	0.269004	0.214807	0.166468	0.134159	0.103715	0.0651273	0.0155644	-0.0567342	-0.162171	-0.292822	-0.441717	-0.594969	-0.731432	-0.842873	-0.921276	-0.951703	-0.947044	-0.910894	-0.835197	-0.721581	-0.586597	-0.449068	-0.31709	-0.186557	-0.0531203	0.0767569	0.197843	0.320113	0.44662	0.569068	0.69096	0.817806	0.943419	1.0608	1.16268	1.22897	
0.753738	0.753738	0.746277	0.723517	0.687251	0.649757	0.600053	0.539384	0.477533	0.430027	0.38507	0.338231	0.285832	0.24088	0.204745	0.166373	0.125111	0.0857934	0.0434795	-0.00582768	-0.0574591	-0.134581	-0.248384	-0.386262	-0.529962	-0.664665	-0.780822	-0.874826	-0.927293	-0.929122	-0.895424	-0.835197	-0.736892	-0.605384	-0.455697	-0.312189	-0.179549	-0.0551085	0.0647388	0.172846	0.273617	0.374761	0.476722	0.577611	0.695009	0.816004	0.926713	1.02107	1.10232	1.15984	
0.777481	0.777481	0.764975	0.731435	0.686324	0.64305	0.586844	0.508929	0.428954	0.36158	0.298579	0.241069	0.196502	0.167549	0.146538	0.121233	0.0875173	0.0492177	0.00272809	-0.0509688	-0.113689	-0.200659	-0.316639	-0.450821	-0.588288	-0.710512	-0.802349	-0.861087	-0.883761	-0.869052	-0.813371	-0.721581	-0.605384	-0.468062	-0.31693	-0.167606	-0.032754	0.0785467	0.173695	0.260901	0.343597	0.421745	0.496239	0.574368	0.677318	0.793287	0.896739	0.973425	1.02896	1.07256	
0.756553	0.756553	0.739	0.698831	0.643491	0.585362	0.517431	0.436456	0.356187	0.285331	0.219122	0.165579	0.130365	0.1094	0.098171	0.0892181	0.0728753	0.0409674	-0.00524177	-0.0648129	-0.137742	-0.236589	-0.358593	-0.491756	-0.618342	-0.724556	-0.796799	-0.823152	-0.815193	-0.77938	-0.703711	-0.586597	-0.455697	-0.31693	-0.16971	-0.0251548	0.0997856	0.195659	0.277533	0.347515	0.409132	0.467123	0.521769	0.58321	0.669916	0.77229	0.867619	0.932268	0.962695	0.988815	
0.69938	0.69938	0.680971	0.636889	0.571763	0.498006	0.422131	0.34423	0.276297	0.217688	0.164388	0.119902	0.0993787	0.0920296	0.0894599	0.0857994	0.0802059	0.0544984	0.00727715	-0.0589511	-0.139679	-0.244479	-0.371893	-0.508973	-0.629332	-0.721471	-0.775705	-0.781853	-0.7421	-0.67258	-0.572233	-0.449068	-0.312189	-0.167606	-0.0251548	0.099081	0.20507	0.292428	0.365005	0.414635	0.456294	0.500366	0.549121	0.605272	0.677844	0.763851	0.849023	0.900723	0.912934	0.924894	
0.60152	0.60152	0.579878	0.533967	0.469516	0.396923	0.324883	0.257175	0.200221	0.155889	0.12307	0.1071	0.113561	0.127837	0.131154	0.126672	0.114335	0.0853029	0.0365498	-0.035442	-0.129961	-0.240645	-0.36625	-0.505857	-0.627752	-0.712005	-0.74957	-0.734677	-0.664871	-0.561282	-0.443009	-0.31709	-0.179549	-0.032754	0.0997856	0.20507	0.297524	0.376732	0.429881	0.455793	0.482808	0.520473	0.565704	0.619631	0.684091	0.761022	0.831476	0.86679	0.866885	0.866443	
0.453935	0.453935	0.435969	0.400093	0.348446	0.288422	0.22891	0.177567	0.132783	0.106008	0.102271	0.121769	0.154399	0.189607	0.205157	0.2016	0.177099	0.137703	0.0849627	0.00463604	-0.107812	-0.231457	-0.352885	-0.480924	-0.598608	-0.681683	-0.70322	-0.661618	-0.566124	-0.441575	-0.313878	-0.186557	-0.0551085	0.0785467	0.195659	0.292428	0.376732	0.43692	0.465199	0.474551	0.494719	0.528778	0.574459	0.632756	0.699137	0.764455	0.810079	0.823191	0.812154	0.803035	
0.263678	0.263678	0.254694	0.235051	0.20322	0.16551	0.128254	0.0990459	0.0750869	0.0770283	0.10685	0.151628	0.197876	0.247217	0.281092	0.289005	0.264124	0.208774	0.136599	0.0431828	-0.0722983	-0.204601	-0.333613	-0.452953	-0.555188	-0.625087	-0.630258	-0.563482	-0.445792	-0.309026	-0.177815	-0.0531203	0.0647388	0.173695	0.277533	0.365005	0.429881	0.465199	0.475161	0.478323	0.492554	0.526033	0.583925	0.6529	0.716171	0.756594	0.771737	0.760664	0.741973	0.729483	
0.0697144	0.0697144	0.060535	0.0523367	0.0459071	0.0370626	0.0289648	0.0317621	0.040529	0.0663212	0.115695	0.179271	0.240474	0.29584	0.336201	0.356392	0.339517	0.279205	0.187109	0.0802274	-0.0369157	-0.168091	-0.303843	-0.422382	-0.506665	-0.550366	-0.530572	-0.450187	-0.318719	-0.1722	-0.0379738	0.0767569	0.172846	0.260901	0.347515	0.414635	0.455793	0.474551	0.478323	0.477797	0.492299	0.533924	0.608412	0.677241	0.71998	0.731626	0.718132	0.68688	0.654921	0.63333	
-0.109276	-0.109276	-0.115975	-0.111312	-0.0937196	-0.0768744	-0.0559393	-0.0207506	0.0210775	0.0661873	0.124496	0.195492	0.265213	0.325487	0.371145	0.39472	0.382957	0.328165	0.234273	0.115121	-0.00514662	-0.130178	-0.26238	-0.379023	-0.448564	-0.459772	-0.412166	-0.317096	-0.182653	-0.0316712	0.0976234	0.197843	0.273617	0.343597	0.409132	0.456294	0.482808	0.494719	0.492554	0.492299	0.51197	0.568272	0.642938	0.691615	0.71125	0.697996	0.655729	0.600996	0.545434	0.509483	
-0.251087	-0.251087	-0.24649	-0.223862	-0.186941	-0.15169	-0.110255	-0.0566666	0.00665627	0.0649568	0.123994	0.186981	0.257375	0.323431	0.379014	0.405467	0.393425	0.344057	0.26273	0.149812	0.0254772	-0.0970482	-0.213492	-0.310696	-0.361414	-0.348119	-0.274645	-0.164655	-0.0269288	0.117986	0.236949	0.320113	0.374761	0.421745	0.467123	0.500366	0.520473	0.528778	0.526033	0.533924	0.568272	0.621165	0.669692	0.691494	0.68781	0.645827	0.574734	0.493585	0.417521	0.376332	
-0.334196	-0.334196	-0.321284	-0.284214	-0.2327	-0.183404	-0.129924	-0.0738506	-0.0118322	0.0443662	0.0964543	0.150376	0.219852	0.289423	0.35147	0.385763	0.381145	0.337422	0.268387	0.173912	0.0629285	-0.050761	-0.15123	-0.221369	-0.244169	-0.213026	-0.12458	0.00105899	0.144683	0.277629	0.38206	0.44662	0.476722	0.496239	0.521769	0.549121	0.565704	0.574459	0.583925	0.608412	0.642938	0.669692	0.682583	0.671031	0.638302	0.566805	0.465562	0.367363	0.282173	0.23469	
-0.34685	-0.34685	-0.324717	-0.281333	-0.230105	-0.179078	-0.11721	-0.0707826	-0.0342113	0.000510092	0.047014	0.0981362	0.161355	0.227659	0.291384	0.333309	0.33893	0.313092	0.260286	0.182001	0.0905251	0.00399771	-0.0706	-0.115952	-0.113209	-0.0653491	0.0324357	0.171386	0.316983	0.437659	0.521224	0.569068	0.577611	0.574368	0.58321	0.605272	0.619631	0.632756	0.6529	0.677241	0.691615	0.691494	0.671031	0.629414	0.562014	0.461873	0.339041	0.227016	0.133761	0.0797083	
-0.273736	-0.273736	-0.249461	-0.20886	-0.169804	-0.128671	-0.0823667	-0.0557377	-0.046424	-0.032128	-0.00473662	0.036082	0.0925939	0.155565	0.21583	0.260009	0.280821	0.274259	0.239159	0.176135	0.112526	0.0637222	0.0259621	0.0104993	0.0384912	0.103131	0.207946	0.347581	0.483577	0.584858	0.652583	0.69096	0.695009	0.677318	0.669916	0.677844	0.684091	0.699137	0.716171	0.71998	0.71125	0.68781	0.638302	0.562014	0.464141	0.339951	0.204377	0.0840552	-0.0123072	-0.0667457	
-0.117393	-0.117393	-0.102496	-0.0793917	-0.0592387	-0.0393301	-0.0207066	-0.0232519	-0.0367803	-0.0454174	-0.041991	-0.020547	0.0238476	0.0797318	0.137609	0.184943	0.210906	0.217134	0.200233	0.159464	0.121273	0.1151	0.127691	0.153725	0.206924	0.28415	0.390908	0.51988	0.641951	0.732785	0.791258	0.817806	0.816004	0.793287	0.77229	0.763851	0.761022	0.764455	0.756594	0.731626	0.697996	0.645827	0.566805	0.461873	0.339951	0.205766	0.0688018	-0.0500527	-0.138123	-0.18168	
0.0778973	0.0778973	0.0768598	0.0777073	0.0740299	0.0682497	0.0554451	0.02494	-0.0139117	-0.042636	-0.0610236	-0.058151	-0.0313988	0.0137923	0.0651492	0.114447	0.144152	0.156766	0.158487	0.150917	0.147163	0.173004	0.225715	0.295049	0.378369	0.471292	0.577021	0.692785	0.800189	0.888681	0.935968	0.943419	0.926713	0.896739	0.867619	0.849023	0.831476	0.810079	0.771737	0.718132	0.655729	0.574734	0.465562	0.339041	0.204377	0.0688018	-0.0566394	-0.157886	-0.22847	-0.25571	
0.274373	0.274373	0.259226	0.244622	0.223121	0.18773	0.139959	0.0828856	0.0273518	-0.0154812	-0.0514105	-0.0730428	-0.0679196	-0.0368716	0.0083685	0.0553233	0.0923126	0.116782	0.138167	0.161489	0.195461	0.250462	0.328787	0.427737	0.536265	0.642797	0.751549	0.859945	0.959939	1.04164	1.07772	1.0608	1.02107	0.973425	0.932268	0.900723	0.86679	0.823191	0.760664	0.68688	0.600996	0.493585	0.367363	0.227016	0.0840552	-0.0500527	-0.157886	-0.233757	-0.276116	-0.278567	
0.449389	0.449389	0.431727	0.408533	0.369914	0.310764	0.239813	0.170053	0.102812	0.0391827	-0.0194482	-0.059794	-0.0756168	-0.0625888	-0.0209458	0.0302296	0.0727886	0.106839	0.142545	0.190986	0.25713	0.33652	0.426082	0.536392	0.654184	0.769398	0.883997	0.994124	1.08985	1.1646	1.19194	1.16268	1.10232	1.02896	0.962695	0.912934	0.866885	0.812154	0.741973	0.654921	0.545434	0.417521	0.282173	0.133761	-0.0123072	-0.138123	-0.22847	-0.276116	-0.285544	-0.267246	
0.596281	0.596281	0.58296	0.550052	0.500909	0.439613	0.368829	0.288274	0.206465	0.118492	0.0392047	-0.0160344	-0.0435679	-0.038783	0.00140438	0.052069	0.0991429	0.149186	0.196534	0.253048	0.333648	0.42571	0.519085	0.624226	0.73885	0.855544	0.976619	1.08863	1.18069	1.24514	1.26203	1.22897	1.15984	1.07256	0.988815	0.924894	0.866443	0.803035	0.729483	0.63333	0.509483	0.376332	0.23469	0.0797083	-0.0667457	-0.18168	-0.25571	-0.278567	-0.267246	-0.229196	
