-0.233489	-0.4273	0.853948	-0.434784	0.335287	0.335287	
-0.4273	0.155608	0.295814	0.746353	0.139508	0.139508	
0.853948	0.295814	-0.679169	1.66906	0.332343	0.332343	
-0.434784	0.746353	1.66906	0.0714604	-0.590047	-0.590047	
0.335287	0.139508	0.332343	-0.590047	1.15773	1.15773	
0.335287	0.139508	0.332343	-0.590047	1.15773	1.15773	
