-0.831507	0.240207	0.481067	0.23289	0.0737435	0.0737435	
0.240207	0.552444	0.325689	0.105186	0.0253632	0.0253632	
0.481067	0.325689	0.124203	0.0306606	0.00597217	0.00597217	
0.23289	0.105186	0.0306606	0.00619265	0.0010137	0.0010137	
0.0737435	0.0253632	0.00597217	0.0010137	0.000141708	0.000141708	
0.0737435	0.0253632	0.00597217	0.0010137	0.000141708	0.000141708	
