0.713313	0.0491989	-0.0213664	-0.0341229	0.349071	0.349071	
0.0491989	-0.112251	0.244646	0.125903	0.95348	0.95348	
-0.0213664	0.244646	-0.404859	-0.175115	1.49393	1.49393	
-0.0341229	0.125903	-0.175115	0.322161	0.748026	0.748026	
0.349071	0.95348	1.49393	0.748026	-1.00217	-1.00217	
0.349071	0.95348	1.49393	0.748026	-1.00217	-1.00217	
