-0.654219	0.863712	0.962311	0.158132	-1.23508	-1.23508	
0.863712	-0.434923	-0.864035	-0.204166	-0.127628	-0.127628	
0.962311	-0.864035	-1.41298	-0.262099	0.808157	0.808157	
0.158132	-0.204166	-0.262099	-0.286259	-0.846157	-0.846157	
-1.23508	-0.127628	0.808157	-0.846157	-0.0708821	-0.0708821	
-1.23508	-0.127628	0.808157	-0.846157	-0.0708821	-0.0708821	
