-0.841608	-0.841608	-0.262505	0.377687	0.950153	-0.304542	
-0.841608	-0.841608	-0.262505	0.377687	0.950153	-0.304542	
-0.262505	-0.262505	0.0316466	0.182005	0.426076	-0.413542	
0.377687	0.377687	0.182005	-0.232503	0.0621423	-0.00319326	
0.950153	0.950153	0.426076	0.0621423	0.727703	0.540126	
-0.304542	-0.304542	-0.413542	-0.00319326	0.540126	-0.0321172	
