-1.49879	-1.49879	-1.47236	-1.42712	-1.35794	-1.25765	-1.12206	-0.959243	-0.784979	-0.621417	-0.477792	-0.3706	-0.296664	-0.243236	-0.219169	-0.228532	-0.250186	-0.285284	-0.332582	-0.366599	-0.38345	-0.366794	-0.302446	-0.223281	-0.17007	-0.154295	-0.180409	-0.249545	-0.351902	-0.480092	-0.646914	-0.848838	-1.03317	-1.17268	-1.26094	-1.27077	-1.21046	-1.10004	-0.956016	-0.780017	-0.590801	-0.397567	-0.201569	-0.0175424	0.13366	0.258269	0.346832	0.373687	0.341165	0.263085	
-1.49879	-1.49879	-1.47236	-1.42712	-1.35794	-1.25765	-1.12206	-0.959243	-0.784979	-0.621417	-0.477792	-0.3706	-0.296664	-0.243236	-0.219169	-0.228532	-0.250186	-0.285284	-0.332582	-0.366599	-0.38345	-0.366794	-0.302446	-0.223281	-0.17007	-0.154295	-0.180409	-0.249545	-0.351902	-0.480092	-0.646914	-0.848838	-1.03317	-1.17268	-1.26094	-1.27077	-1.21046	-1.10004	-0.956016	-0.780017	-0.590801	-0.397567	-0.201569	-0.0175424	0.13366	0.258269	0.346832	0.373687	0.341165	0.263085	
-1.47236	-1.47236	-1.45267	-1.41295	-1.34328	-1.23651	-1.09479	-0.932761	-0.760734	-0.596982	-0.450193	-0.335564	-0.261985	-0.217958	-0.189805	-0.185463	-0.207113	-0.244418	-0.287305	-0.318383	-0.330067	-0.31003	-0.255128	-0.18665	-0.130541	-0.104351	-0.121445	-0.188787	-0.298658	-0.440716	-0.607413	-0.785922	-0.954275	-1.0912	-1.18227	-1.20474	-1.15761	-1.04662	-0.896561	-0.719037	-0.537517	-0.36032	-0.175246	0.00355775	0.161127	0.289086	0.366849	0.390597	0.357871	0.278964	
-1.42712	-1.42712	-1.41295	-1.37077	-1.29229	-1.18223	-1.04476	-0.886157	-0.708349	-0.539302	-0.392863	-0.273098	-0.19142	-0.151382	-0.123473	-0.111624	-0.127939	-0.159563	-0.196329	-0.231648	-0.241256	-0.21412	-0.164573	-0.102577	-0.0440572	-0.0165112	-0.0353365	-0.101699	-0.214119	-0.358086	-0.512926	-0.665533	-0.815263	-0.947786	-1.03681	-1.06655	-1.03726	-0.93971	-0.791567	-0.616362	-0.440372	-0.272379	-0.102402	0.0608562	0.212415	0.335216	0.403591	0.420026	0.381382	0.304018	
-1.35794	-1.35794	-1.34328	-1.29229	-1.20492	-1.09862	-0.967332	-0.805952	-0.622577	-0.452228	-0.303804	-0.177932	-0.0897883	-0.0478425	-0.0230837	-0.0084167	-0.01382	-0.0354651	-0.0700944	-0.107787	-0.120814	-0.0946015	-0.0405282	0.0263864	0.0842899	0.101045	0.0712926	0.0010145	-0.104624	-0.230808	-0.36226	-0.495688	-0.631609	-0.75574	-0.836893	-0.863584	-0.84992	-0.778267	-0.647663	-0.481739	-0.30664	-0.140252	0.0105337	0.154571	0.286167	0.394606	0.45942	0.472923	0.433466	0.361842	
-1.25765	-1.25765	-1.23651	-1.18223	-1.09862	-0.994736	-0.858115	-0.685431	-0.502774	-0.335499	-0.180807	-0.0514505	0.0342302	0.083235	0.114054	0.129367	0.134231	0.12153	0.0895352	0.0562246	0.0387526	0.0571713	0.115023	0.185417	0.235077	0.246471	0.209333	0.134891	0.0382864	-0.0687002	-0.177064	-0.293083	-0.412343	-0.521523	-0.592122	-0.617479	-0.611509	-0.561579	-0.458972	-0.309055	-0.142922	0.0124911	0.14916	0.27702	0.392165	0.486873	0.548306	0.560056	0.530261	0.461634	
-1.12206	-1.12206	-1.09479	-1.04476	-0.967332	-0.858115	-0.713864	-0.53619	-0.350518	-0.181967	-0.0312105	0.0945589	0.18191	0.243768	0.282047	0.300414	0.304881	0.291771	0.261882	0.242057	0.228915	0.239565	0.289147	0.346495	0.383183	0.393392	0.362156	0.287698	0.194658	0.100988	0.01318	-0.0789124	-0.173924	-0.256618	-0.32271	-0.355332	-0.35353	-0.314573	-0.236344	-0.107226	0.0385765	0.172401	0.299059	0.415965	0.517209	0.603892	0.660835	0.674275	0.647815	0.584168	
-0.959243	-0.959243	-0.932761	-0.886157	-0.805952	-0.685431	-0.53619	-0.367813	-0.183903	-0.00835152	0.142806	0.261602	0.353611	0.423613	0.470225	0.488456	0.487244	0.46959	0.443508	0.42637	0.419642	0.431214	0.465403	0.504362	0.525912	0.524725	0.491111	0.423728	0.340506	0.26816	0.203066	0.131764	0.0642309	0.00736307	-0.0495621	-0.083877	-0.0856492	-0.0611398	-0.00440141	0.0960391	0.21334	0.326128	0.443343	0.54952	0.640225	0.716678	0.768898	0.788943	0.769794	0.710592	
-0.784979	-0.784979	-0.760734	-0.708349	-0.622577	-0.502774	-0.350518	-0.183903	-0.00728611	0.167821	0.324937	0.446038	0.536814	0.603723	0.652308	0.676877	0.675197	0.65515	0.632156	0.612796	0.603885	0.608827	0.632328	0.660195	0.671194	0.65089	0.60809	0.545213	0.47796	0.429567	0.382769	0.330434	0.287048	0.250274	0.210507	0.18385	0.171805	0.175215	0.207135	0.27204	0.362027	0.460666	0.561477	0.660595	0.744521	0.817498	0.872674	0.905407	0.89729	0.83893	
-0.621417	-0.621417	-0.596982	-0.539302	-0.452228	-0.335499	-0.181967	-0.00835152	0.167821	0.340637	0.498514	0.620471	0.710472	0.776478	0.825651	0.850057	0.854729	0.843972	0.823217	0.792019	0.771082	0.770777	0.784304	0.798229	0.794213	0.760084	0.704509	0.64802	0.601756	0.564058	0.529335	0.498151	0.477123	0.454152	0.438152	0.420721	0.400042	0.386938	0.390207	0.41406	0.468034	0.547582	0.635324	0.724472	0.809467	0.890081	0.958303	0.996226	0.993582	0.928518	
-0.477792	-0.477792	-0.450193	-0.392863	-0.303804	-0.180807	-0.0312105	0.142806	0.324937	0.498514	0.647995	0.773863	0.866207	0.931548	0.975652	1.00217	1.00977	1.00489	0.980018	0.943063	0.914299	0.904812	0.901125	0.892566	0.871469	0.829605	0.771725	0.719997	0.682445	0.647398	0.627711	0.627924	0.631104	0.626257	0.617467	0.597236	0.56697	0.543888	0.525105	0.515202	0.526504	0.57378	0.647348	0.728174	0.814742	0.90713	0.990159	1.0381	1.03288	0.96286	
-0.3706	-0.3706	-0.335564	-0.273098	-0.177932	-0.0514505	0.0945589	0.261602	0.446038	0.620471	0.773863	0.904657	0.998128	1.05652	1.09827	1.12752	1.14013	1.13734	1.10765	1.06637	1.03011	1.00667	0.983598	0.959043	0.923934	0.874134	0.812275	0.758174	0.718878	0.691957	0.692765	0.720779	0.747219	0.759816	0.751116	0.721994	0.679022	0.637693	0.598184	0.561319	0.53823	0.551057	0.60546	0.682878	0.775634	0.873814	0.96587	1.02746	1.0238	0.947135	
-0.296664	-0.296664	-0.261985	-0.19142	-0.0897883	0.0342302	0.18191	0.353611	0.536814	0.710472	0.866207	0.998128	1.09351	1.15478	1.19695	1.22875	1.24361	1.23597	1.21021	1.17117	1.1206	1.06858	1.03264	0.998548	0.954192	0.897223	0.830514	0.763291	0.716009	0.705048	0.726152	0.770212	0.811906	0.838348	0.831772	0.796109	0.740196	0.67381	0.60853	0.55038	0.508169	0.492911	0.519165	0.592044	0.693838	0.806368	0.9105	0.978858	0.974692	0.891077	
-0.243236	-0.243236	-0.217958	-0.151382	-0.0478425	0.083235	0.243768	0.423613	0.603723	0.776478	0.931548	1.05652	1.15478	1.2275	1.27614	1.30619	1.31959	1.30785	1.28341	1.23782	1.17063	1.10079	1.05012	1.00052	0.943925	0.877015	0.800338	0.725203	0.67824	0.67991	0.719337	0.769891	0.817209	0.848837	0.850733	0.81293	0.749334	0.661798	0.570981	0.493762	0.438757	0.403495	0.407198	0.469718	0.579675	0.708056	0.824714	0.888207	0.881595	0.797891	
-0.219169	-0.219169	-0.189805	-0.123473	-0.0230837	0.114054	0.282047	0.470225	0.652308	0.825651	0.975652	1.09827	1.19695	1.27614	1.33067	1.36275	1.3725	1.35468	1.32	1.26196	1.18682	1.10821	1.03676	0.96654	0.892939	0.811794	0.72751	0.650209	0.605426	0.616043	0.66859	0.726263	0.778885	0.809206	0.808421	0.769494	0.699187	0.598449	0.495716	0.408695	0.342515	0.297185	0.294583	0.347885	0.458887	0.593827	0.713104	0.776726	0.769099	0.689334	
-0.228532	-0.228532	-0.185463	-0.111624	-0.0084167	0.129367	0.300414	0.488456	0.676877	0.850057	1.00217	1.12752	1.22875	1.30619	1.36275	1.39826	1.40581	1.38191	1.32616	1.25306	1.17555	1.09385	0.998918	0.90457	0.807575	0.706655	0.615312	0.544482	0.509891	0.524709	0.576015	0.63911	0.692005	0.718208	0.71697	0.682374	0.608263	0.50464	0.399159	0.305657	0.232803	0.191017	0.192934	0.248064	0.353088	0.482558	0.59562	0.663126	0.658942	0.584613	
-0.250186	-0.250186	-0.207113	-0.127939	-0.01382	0.134231	0.304881	0.487244	0.675197	0.854729	1.00977	1.14013	1.24361	1.31959	1.3725	1.40581	1.40783	1.37557	1.30786	1.22013	1.13136	1.03378	0.919465	0.801685	0.683843	0.567346	0.471702	0.407502	0.384949	0.401861	0.445842	0.507589	0.559338	0.584689	0.586208	0.556731	0.486857	0.390635	0.291423	0.20153	0.130891	0.098227	0.109111	0.165093	0.26335	0.382136	0.486933	0.557068	0.565212	0.498816	
-0.285284	-0.285284	-0.244418	-0.159563	-0.0354651	0.12153	0.291771	0.46959	0.65515	0.843972	1.00489	1.13734	1.23597	1.30785	1.35468	1.38191	1.37557	1.33755	1.2639	1.16016	1.04742	0.923945	0.790585	0.655094	0.524159	0.398577	0.301993	0.246074	0.231164	0.248551	0.287798	0.345483	0.395802	0.428157	0.434616	0.406876	0.351011	0.275006	0.192148	0.11757	0.0630437	0.0412818	0.0565296	0.108722	0.198869	0.302232	0.397567	0.462085	0.476974	0.423035	
-0.332582	-0.332582	-0.287305	-0.196329	-0.0700944	0.0895352	0.261882	0.443508	0.632156	0.823217	0.980018	1.10765	1.21021	1.28341	1.32	1.32616	1.30786	1.2639	1.19059	1.07438	0.932113	0.775902	0.622671	0.473602	0.333703	0.210667	0.122092	0.0720073	0.0621991	0.0829043	0.122157	0.174316	0.2302	0.270742	0.282194	0.26224	0.231536	0.185807	0.13204	0.0763257	0.0423141	0.0314069	0.0479746	0.0890779	0.172313	0.26249	0.3433	0.393207	0.393663	0.342518	
-0.366599	-0.366599	-0.318383	-0.231648	-0.107787	0.0562246	0.242057	0.42637	0.612796	0.792019	0.943063	1.06637	1.17117	1.23782	1.26196	1.25306	1.22013	1.16016	1.07438	0.945091	0.779779	0.60176	0.430388	0.268465	0.127456	0.0142833	-0.0638105	-0.102846	-0.103785	-0.0762351	-0.0327523	0.0227977	0.0813377	0.127953	0.150363	0.148858	0.147771	0.13994	0.118698	0.0836184	0.0638057	0.0640135	0.080865	0.119254	0.187913	0.263123	0.32432	0.354353	0.333605	0.277999	
-0.38345	-0.38345	-0.330067	-0.241256	-0.120814	0.0387526	0.228915	0.419642	0.603885	0.771082	0.914299	1.03011	1.1206	1.17063	1.18682	1.17555	1.13136	1.04742	0.932113	0.779779	0.600308	0.412044	0.228044	0.0633866	-0.0678073	-0.172436	-0.240121	-0.266017	-0.254834	-0.218701	-0.16319	-0.098632	-0.035931	0.0120722	0.0500097	0.0814196	0.113176	0.139146	0.152045	0.143367	0.132461	0.137966	0.160749	0.199135	0.251059	0.299429	0.331286	0.340288	0.307118	0.240687	
-0.366794	-0.366794	-0.31003	-0.21412	-0.0946015	0.0571713	0.239565	0.431214	0.608827	0.770777	0.904812	1.00667	1.06858	1.10079	1.10821	1.09385	1.03378	0.923945	0.775902	0.60176	0.412044	0.2135	0.0228292	-0.133941	-0.252512	-0.345145	-0.39316	-0.400026	-0.380207	-0.332811	-0.267412	-0.193237	-0.124785	-0.0671044	-0.00793297	0.0609729	0.125748	0.176195	0.211967	0.230729	0.235881	0.245062	0.270277	0.304873	0.339351	0.359934	0.36013	0.34293	0.298635	0.219808	
-0.302446	-0.302446	-0.255128	-0.164573	-0.0405282	0.115023	0.289147	0.465403	0.632328	0.784304	0.901125	0.983598	1.03264	1.05012	1.03676	0.998918	0.919465	0.790585	0.622671	0.430388	0.228044	0.0228292	-0.163763	-0.30978	-0.415408	-0.485125	-0.50538	-0.49947	-0.470808	-0.408666	-0.33354	-0.257375	-0.177533	-0.0994072	-0.0172003	0.0725227	0.158695	0.226132	0.278628	0.319644	0.349498	0.369455	0.390665	0.407099	0.423014	0.421496	0.396835	0.358606	0.300446	0.210868	
-0.223281	-0.223281	-0.18665	-0.102577	0.0263864	0.185417	0.346495	0.504362	0.660195	0.798229	0.892566	0.959043	0.998548	1.00052	0.96654	0.90457	0.801685	0.655094	0.473602	0.268465	0.0633866	-0.133941	-0.30978	-0.446366	-0.535254	-0.577144	-0.573816	-0.557026	-0.517935	-0.441007	-0.358993	-0.283637	-0.194804	-0.093811	0.00485621	0.0961739	0.186304	0.267107	0.336521	0.395516	0.443283	0.476091	0.495843	0.496862	0.493828	0.47274	0.429665	0.375844	0.305756	0.207554	
-0.17007	-0.17007	-0.130541	-0.0440572	0.0842899	0.235077	0.383183	0.525912	0.671194	0.794213	0.871469	0.923934	0.954192	0.943925	0.892939	0.807575	0.683843	0.524159	0.333703	0.127456	-0.0678073	-0.252512	-0.415408	-0.535254	-0.6048	-0.629836	-0.60876	-0.569399	-0.514045	-0.436968	-0.35862	-0.280057	-0.185023	-0.0753574	0.0312927	0.126726	0.214435	0.297031	0.375059	0.445559	0.501513	0.543378	0.570063	0.570277	0.556376	0.514092	0.447502	0.376126	0.29384	0.194722	
-0.154295	-0.154295	-0.104351	-0.0165112	0.101045	0.246471	0.393392	0.524725	0.65089	0.760084	0.829605	0.874134	0.897223	0.877015	0.811794	0.706655	0.567346	0.398577	0.210667	0.0142833	-0.172436	-0.345145	-0.485125	-0.577144	-0.629836	-0.648892	-0.618082	-0.549497	-0.473757	-0.402852	-0.3312	-0.243675	-0.146531	-0.048717	0.0521033	0.153185	0.241608	0.315222	0.391507	0.46687	0.532437	0.581742	0.613606	0.61562	0.596687	0.539085	0.45117	0.364343	0.274265	0.175892	
-0.180409	-0.180409	-0.121445	-0.0353365	0.0712926	0.209333	0.362156	0.491111	0.60809	0.704509	0.771725	0.812275	0.830514	0.800338	0.72751	0.615312	0.471702	0.301993	0.122092	-0.0638105	-0.240121	-0.39316	-0.50538	-0.573816	-0.60876	-0.618082	-0.579811	-0.498689	-0.411163	-0.336838	-0.263647	-0.180895	-0.0916546	-0.00671786	0.0798821	0.170479	0.253724	0.32462	0.399129	0.480772	0.559011	0.621186	0.655658	0.657692	0.632494	0.565437	0.465842	0.370129	0.274381	0.178175	
-0.249545	-0.249545	-0.188787	-0.101699	0.0010145	0.134891	0.287698	0.423728	0.545213	0.64802	0.719997	0.758174	0.763291	0.725203	0.650209	0.544482	0.407502	0.246074	0.0720073	-0.102846	-0.266017	-0.400026	-0.49947	-0.557026	-0.569399	-0.549497	-0.498689	-0.427047	-0.344177	-0.260439	-0.1847	-0.116354	-0.0384205	0.0434697	0.117498	0.184982	0.25056	0.323898	0.406676	0.49358	0.583652	0.659206	0.700835	0.708021	0.680212	0.607561	0.501673	0.398281	0.302089	0.208934	
-0.351902	-0.351902	-0.298658	-0.214119	-0.104624	0.0382864	0.194658	0.340506	0.47796	0.601756	0.682445	0.718878	0.716009	0.67824	0.605426	0.509891	0.384949	0.231164	0.0621991	-0.103785	-0.254834	-0.380207	-0.470808	-0.517935	-0.514045	-0.473757	-0.411163	-0.344177	-0.274674	-0.193292	-0.119075	-0.0561315	0.0119113	0.0823224	0.138479	0.189229	0.24635	0.321471	0.409653	0.510949	0.614344	0.69959	0.751349	0.765121	0.739716	0.671389	0.566273	0.45765	0.361257	0.269691	
-0.480092	-0.480092	-0.440716	-0.358086	-0.230808	-0.0687002	0.100988	0.26816	0.429567	0.564058	0.647398	0.691957	0.705048	0.67991	0.616043	0.524709	0.401861	0.248551	0.0829043	-0.0762351	-0.218701	-0.332811	-0.408666	-0.441007	-0.436968	-0.402852	-0.336838	-0.260439	-0.193292	-0.127246	-0.0613434	0.00173712	0.0568432	0.0929663	0.126279	0.177423	0.244532	0.320216	0.411935	0.524832	0.643991	0.739737	0.80004	0.822891	0.811288	0.759187	0.669413	0.561651	0.457003	0.356108	
-0.646914	-0.646914	-0.607413	-0.512926	-0.36226	-0.177064	0.01318	0.203066	0.382769	0.529335	0.627711	0.692765	0.726152	0.719337	0.66859	0.576015	0.445842	0.287798	0.122157	-0.0327523	-0.16319	-0.267412	-0.33354	-0.358993	-0.35862	-0.3312	-0.263647	-0.1847	-0.119075	-0.0613434	-0.00874573	0.0352985	0.069373	0.083732	0.10337	0.155883	0.23292	0.317229	0.41485	0.535762	0.658563	0.759479	0.833928	0.873135	0.882739	0.85401	0.782655	0.68156	0.57182	0.459341	
-0.848838	-0.848838	-0.785922	-0.665533	-0.495688	-0.293083	-0.0789124	0.131764	0.330434	0.498151	0.627924	0.720779	0.770212	0.769891	0.726263	0.63911	0.507589	0.345483	0.174316	0.0227977	-0.098632	-0.193237	-0.257375	-0.283637	-0.280057	-0.243675	-0.180895	-0.116354	-0.0561315	0.00173712	0.0352985	0.0459816	0.0531133	0.067924	0.0902087	0.133768	0.208673	0.309236	0.424546	0.548548	0.665959	0.768315	0.854713	0.916042	0.946902	0.937468	0.880721	0.792936	0.687265	0.562038	
-1.03317	-1.03317	-0.954275	-0.815263	-0.631609	-0.412343	-0.173924	0.0642309	0.287048	0.477123	0.631104	0.747219	0.811906	0.817209	0.778885	0.692005	0.559338	0.395802	0.2302	0.0813377	-0.035931	-0.124785	-0.177533	-0.194804	-0.185023	-0.146531	-0.0916546	-0.0384205	0.0119113	0.0568432	0.069373	0.0531133	0.0463575	0.0617318	0.0844892	0.121502	0.194639	0.299788	0.427574	0.559572	0.678586	0.787134	0.883935	0.956348	1.00358	1.00853	0.965248	0.892299	0.787985	0.64336	
-1.17268	-1.17268	-1.0912	-0.947786	-0.75574	-0.521523	-0.256618	0.00736307	0.250274	0.454152	0.626257	0.759816	0.838348	0.848837	0.809206	0.718208	0.584689	0.428157	0.270742	0.127953	0.0120722	-0.0671044	-0.0994072	-0.093811	-0.0753574	-0.048717	-0.00671786	0.0434697	0.0823224	0.0929663	0.083732	0.067924	0.0617318	0.0684877	0.0908642	0.135164	0.208463	0.308428	0.436235	0.574626	0.705391	0.821383	0.918343	0.996381	1.04911	1.06097	1.02975	0.961931	0.848524	0.686725	
-1.26094	-1.26094	-1.18227	-1.03681	-0.836893	-0.592122	-0.32271	-0.0495621	0.210507	0.438152	0.617467	0.751116	0.831772	0.850733	0.808421	0.71697	0.586208	0.434616	0.282194	0.150363	0.0500097	-0.00793297	-0.0172003	0.00485621	0.0312927	0.0521033	0.0798821	0.117498	0.138479	0.126279	0.10337	0.0902087	0.0844892	0.0908642	0.120219	0.177586	0.255929	0.354077	0.481149	0.618387	0.74527	0.855034	0.949138	1.03062	1.08445	1.09752	1.06447	0.989434	0.864142	0.686501	
-1.27077	-1.27077	-1.20474	-1.06655	-0.863584	-0.617479	-0.355332	-0.083877	0.18385	0.420721	0.597236	0.721994	0.796109	0.81293	0.769494	0.682374	0.556731	0.406876	0.26224	0.148858	0.0814196	0.0609729	0.0725227	0.0961739	0.126726	0.153185	0.170479	0.184982	0.189229	0.177423	0.155883	0.133768	0.121502	0.135164	0.177586	0.239727	0.323191	0.429783	0.558091	0.684179	0.794791	0.888671	0.970292	1.0457	1.09623	1.103	1.06423	0.979928	0.846609	0.663022	
-1.21046	-1.21046	-1.15761	-1.03726	-0.84992	-0.611509	-0.35353	-0.0856492	0.171805	0.400042	0.56697	0.679022	0.740196	0.749334	0.699187	0.608263	0.486857	0.351011	0.231536	0.147771	0.113176	0.125748	0.158695	0.186304	0.214435	0.241608	0.253724	0.25056	0.24635	0.244532	0.23292	0.208673	0.194639	0.208463	0.255929	0.323191	0.414937	0.52692	0.647569	0.756643	0.850551	0.920024	0.972908	1.02488	1.0633	1.06212	1.02128	0.933333	0.800918	0.623804	
-1.10004	-1.10004	-1.04662	-0.93971	-0.778267	-0.561579	-0.314573	-0.0611398	0.175215	0.386938	0.543888	0.637693	0.67381	0.661798	0.598449	0.50464	0.390635	0.275006	0.185807	0.13994	0.139146	0.176195	0.226132	0.267107	0.297031	0.315222	0.32462	0.323898	0.321471	0.320216	0.317229	0.309236	0.299788	0.308428	0.354077	0.429783	0.52692	0.628989	0.727052	0.814806	0.884591	0.919692	0.941919	0.970091	0.994072	0.988418	0.944154	0.859391	0.738312	0.576715	
-0.956016	-0.956016	-0.896561	-0.791567	-0.647663	-0.458972	-0.236344	-0.00440141	0.207135	0.390207	0.525105	0.598184	0.60853	0.570981	0.495716	0.399159	0.291423	0.192148	0.13204	0.118698	0.152045	0.211967	0.278628	0.336521	0.375059	0.391507	0.399129	0.406676	0.409653	0.411935	0.41485	0.424546	0.427574	0.436235	0.481149	0.558091	0.647569	0.727052	0.796769	0.85378	0.881186	0.881541	0.880943	0.891547	0.903891	0.890978	0.845505	0.771545	0.672686	0.541198	
-0.780017	-0.780017	-0.719037	-0.616362	-0.481739	-0.309055	-0.107226	0.0960391	0.27204	0.41406	0.515202	0.561319	0.55038	0.493762	0.408695	0.305657	0.20153	0.11757	0.0763257	0.0836184	0.143367	0.230729	0.319644	0.395516	0.445559	0.46687	0.480772	0.49358	0.510949	0.524832	0.535762	0.548548	0.559572	0.574626	0.618387	0.684179	0.756643	0.814806	0.85378	0.863997	0.84706	0.815336	0.795387	0.789602	0.796261	0.785797	0.752184	0.699536	0.625056	0.530303	
-0.590801	-0.590801	-0.537517	-0.440372	-0.30664	-0.142922	0.0385765	0.21334	0.362027	0.468034	0.526504	0.53823	0.508169	0.438757	0.342515	0.232803	0.130891	0.0630437	0.0423141	0.0638057	0.132461	0.235881	0.349498	0.443283	0.501513	0.532437	0.559011	0.583652	0.614344	0.643991	0.658563	0.665959	0.678586	0.705391	0.74527	0.794791	0.850551	0.884591	0.881186	0.84706	0.794207	0.739177	0.70283	0.686153	0.691795	0.696749	0.681925	0.650855	0.602152	0.544058	
-0.397567	-0.397567	-0.36032	-0.272379	-0.140252	0.0124911	0.172401	0.326128	0.460666	0.547582	0.57378	0.551057	0.492911	0.403495	0.297185	0.191017	0.098227	0.0412818	0.0314069	0.0640135	0.137966	0.245062	0.369455	0.476091	0.543378	0.581742	0.621186	0.659206	0.69959	0.739737	0.759479	0.768315	0.787134	0.821383	0.855034	0.888671	0.920024	0.919692	0.881541	0.815336	0.739177	0.671851	0.624377	0.603856	0.614359	0.631466	0.635932	0.632884	0.614905	0.59115	
-0.201569	-0.201569	-0.175246	-0.102402	0.0105337	0.14916	0.299059	0.443343	0.561477	0.635324	0.647348	0.60546	0.519165	0.407198	0.294583	0.192934	0.109111	0.0565296	0.0479746	0.080865	0.160749	0.270277	0.390665	0.495843	0.570063	0.613606	0.655658	0.700835	0.751349	0.80004	0.833928	0.854713	0.883935	0.918343	0.949138	0.970292	0.972908	0.941919	0.880943	0.795387	0.70283	0.624377	0.575364	0.553836	0.568872	0.596859	0.626074	0.655779	0.67211	0.670742	
-0.0175424	-0.0175424	0.00355775	0.0608562	0.154571	0.27702	0.415965	0.54952	0.660595	0.724472	0.728174	0.682878	0.592044	0.469718	0.347885	0.248064	0.165093	0.108722	0.0890779	0.119254	0.199135	0.304873	0.407099	0.496862	0.570277	0.61562	0.657692	0.708021	0.765121	0.822891	0.873135	0.916042	0.956348	0.996381	1.03062	1.0457	1.02488	0.970091	0.891547	0.789602	0.686153	0.603856	0.553836	0.535719	0.554021	0.598539	0.654083	0.713195	0.750696	0.757082	
0.13366	0.13366	0.161127	0.212415	0.286167	0.392165	0.517209	0.640225	0.744521	0.809467	0.814742	0.775634	0.693838	0.579675	0.458887	0.353088	0.26335	0.198869	0.172313	0.187913	0.251059	0.339351	0.423014	0.493828	0.556376	0.596687	0.632494	0.680212	0.739716	0.811288	0.882739	0.946902	1.00358	1.04911	1.08445	1.09623	1.0633	0.994072	0.903891	0.796261	0.691795	0.614359	0.568872	0.554021	0.585046	0.64836	0.723823	0.796131	0.83667	0.842582	
0.258269	0.258269	0.289086	0.335216	0.394606	0.486873	0.603892	0.716678	0.817498	0.890081	0.90713	0.873814	0.806368	0.708056	0.593827	0.482558	0.382136	0.302232	0.26249	0.263123	0.299429	0.359934	0.421496	0.47274	0.514092	0.539085	0.565437	0.607561	0.671389	0.759187	0.85401	0.937468	1.00853	1.06097	1.09752	1.103	1.06212	0.988418	0.890978	0.785797	0.696749	0.631466	0.596859	0.598539	0.64836	0.728067	0.815278	0.883231	0.916145	0.925027	
0.346832	0.346832	0.366849	0.403591	0.45942	0.548306	0.660835	0.768898	0.872674	0.958303	0.990159	0.96587	0.9105	0.824714	0.713104	0.59562	0.486933	0.397567	0.3433	0.32432	0.331286	0.36013	0.396835	0.429665	0.447502	0.45117	0.465842	0.501673	0.566273	0.669413	0.782655	0.880721	0.965248	1.02975	1.06447	1.06423	1.02128	0.944154	0.845505	0.752184	0.681925	0.635932	0.626074	0.654083	0.723823	0.815278	0.896227	0.953177	0.980153	0.985345	
0.373687	0.373687	0.390597	0.420026	0.472923	0.560056	0.674275	0.788943	0.905407	0.996226	1.0381	1.02746	0.978858	0.888207	0.776726	0.663126	0.557068	0.462085	0.393207	0.354353	0.340288	0.34293	0.358606	0.375844	0.376126	0.364343	0.370129	0.398281	0.45765	0.561651	0.68156	0.792936	0.892299	0.961931	0.989434	0.979928	0.933333	0.859391	0.771545	0.699536	0.650855	0.632884	0.655779	0.713195	0.796131	0.883231	0.953177	1.00313	1.02587	1.0281	
0.341165	0.341165	0.357871	0.381382	0.433466	0.530261	0.647815	0.769794	0.89729	0.993582	1.03288	1.0238	0.974692	0.881595	0.769099	0.658942	0.565212	0.476974	0.393663	0.333605	0.307118	0.298635	0.300446	0.305756	0.29384	0.274265	0.274381	0.302089	0.361257	0.457003	0.57182	0.687265	0.787985	0.848524	0.864142	0.846609	0.800918	0.738312	0.672686	0.625056	0.602152	0.614905	0.67211	0.750696	0.83667	0.916145	0.980153	1.02587	1.0466	1.04761	
0.263085	0.263085	0.278964	0.304018	0.361842	0.461634	0.584168	0.710592	0.83893	0.928518	0.96286	0.947135	0.891077	0.797891	0.689334	0.584613	0.498816	0.423035	0.342518	0.277999	0.240687	0.219808	0.210868	0.207554	0.194722	0.175892	0.178175	0.208934	0.269691	0.356108	0.459341	0.562038	0.64336	0.686725	0.686501	0.663022	0.623804	0.576715	0.541198	0.530303	0.544058	0.59115	0.670742	0.757082	0.842582	0.925027	0.985345	1.0281	1.04761	1.04606	
