0.135647	0.135647	0.141827	0.137346	0.12767	0.128218	0.128685	0.114212	0.0759007	0.0235	-0.0174104	-0.0344293	-0.0429414	-0.0513782	-0.0623268	-0.0815718	-0.101979	-0.115327	-0.129212	-0.152264	-0.193438	-0.239805	-0.275083	-0.304126	-0.336007	-0.350568	-0.348324	-0.339505	-0.309492	-0.255301	-0.199846	-0.170569	-0.161822	-0.176733	-0.214591	-0.258136	-0.284016	-0.289271	-0.268974	-0.21046	-0.12453	-0.0413249	0.0231145	0.070999	0.107909	0.125492	0.11144	0.0358659	-0.0940614	-0.242598	
0.135647	0.135647	0.141827	0.137346	0.12767	0.128218	0.128685	0.114212	0.0759007	0.0235	-0.0174104	-0.0344293	-0.0429414	-0.0513782	-0.0623268	-0.0815718	-0.101979	-0.115327	-0.129212	-0.152264	-0.193438	-0.239805	-0.275083	-0.304126	-0.336007	-0.350568	-0.348324	-0.339505	-0.309492	-0.255301	-0.199846	-0.170569	-0.161822	-0.176733	-0.214591	-0.258136	-0.284016	-0.289271	-0.268974	-0.21046	-0.12453	-0.0413249	0.0231145	0.070999	0.107909	0.125492	0.11144	0.0358659	-0.0940614	-0.242598	
0.141827	0.141827	0.147124	0.14294	0.134136	0.133019	0.127067	0.108975	0.0768356	0.0350713	-0.00452861	-0.0306477	-0.0461973	-0.0535853	-0.0593091	-0.0775033	-0.105331	-0.131712	-0.151712	-0.167539	-0.19805	-0.238368	-0.268216	-0.286581	-0.31075	-0.326233	-0.328767	-0.32449	-0.303498	-0.264405	-0.221398	-0.195342	-0.183041	-0.189254	-0.211871	-0.238506	-0.257506	-0.268233	-0.256601	-0.205837	-0.13049	-0.058767	0.00471193	0.0640767	0.114284	0.135975	0.12002	0.0422685	-0.0863969	-0.233224	
0.137346	0.137346	0.14294	0.138319	0.131189	0.131016	0.119996	0.0923724	0.0630403	0.0398246	0.0173006	-0.00856732	-0.0369794	-0.0551668	-0.0634324	-0.0794698	-0.113264	-0.153807	-0.182339	-0.192457	-0.207904	-0.234159	-0.249019	-0.255024	-0.275291	-0.29922	-0.312415	-0.315147	-0.304089	-0.280988	-0.253202	-0.233819	-0.220237	-0.215861	-0.215427	-0.215841	-0.22096	-0.233039	-0.229611	-0.190908	-0.133906	-0.0780604	-0.0163943	0.0560183	0.118079	0.142346	0.118788	0.03529	-0.0932757	-0.236456	
0.12767	0.12767	0.134136	0.131189	0.124202	0.122073	0.10389	0.0703318	0.045764	0.04333	0.0448213	0.0269492	-0.0136757	-0.0529289	-0.0741586	-0.0960137	-0.13395	-0.178754	-0.207305	-0.210757	-0.213392	-0.221112	-0.223007	-0.223981	-0.246747	-0.275973	-0.29674	-0.308512	-0.308887	-0.301198	-0.289004	-0.278664	-0.262895	-0.245018	-0.225753	-0.207224	-0.197624	-0.202819	-0.201164	-0.169543	-0.119191	-0.0698967	-0.0132677	0.0557312	0.117197	0.135355	0.103899	0.015	-0.112104	-0.251211	
0.128218	0.128218	0.133019	0.131016	0.122073	0.1074	0.082036	0.0573929	0.0514992	0.0634895	0.0725253	0.0554072	0.00531331	-0.0496307	-0.0901438	-0.12647	-0.168328	-0.203845	-0.220945	-0.219996	-0.215489	-0.213772	-0.209848	-0.213556	-0.23275	-0.252597	-0.268498	-0.288271	-0.306398	-0.316796	-0.320687	-0.320003	-0.302501	-0.272127	-0.240011	-0.215005	-0.199016	-0.192557	-0.181319	-0.147199	-0.0954722	-0.0399533	0.0155502	0.0716586	0.113756	0.121253	0.0821759	-0.00838533	-0.132281	-0.261854	
0.128685	0.128685	0.127067	0.119996	0.10389	0.082036	0.0620706	0.060632	0.0755286	0.0914098	0.092482	0.0665112	0.0120358	-0.0514104	-0.104854	-0.150099	-0.183673	-0.202531	-0.212957	-0.217437	-0.220107	-0.218036	-0.214524	-0.215152	-0.224573	-0.228994	-0.236377	-0.260531	-0.290355	-0.314712	-0.334481	-0.348455	-0.335756	-0.299558	-0.260804	-0.230484	-0.204689	-0.185296	-0.165628	-0.127439	-0.0663553	-0.000545765	0.056052	0.0977244	0.123278	0.116572	0.0715537	-0.0230103	-0.147362	-0.268332	
0.114212	0.114212	0.108975	0.0923724	0.0703318	0.0573929	0.060632	0.0777517	0.0974244	0.105953	0.0935758	0.0587436	0.00316835	-0.0582634	-0.112543	-0.149985	-0.168913	-0.179305	-0.19345	-0.210874	-0.22563	-0.233147	-0.227881	-0.220641	-0.217905	-0.213256	-0.213489	-0.23263	-0.263486	-0.295733	-0.330726	-0.362552	-0.368413	-0.343921	-0.304446	-0.263935	-0.225979	-0.192259	-0.155681	-0.101437	-0.0279698	0.0515482	0.116469	0.154959	0.159851	0.132103	0.0670178	-0.0404418	-0.169285	-0.278439	
0.0759007	0.0759007	0.0768356	0.0630403	0.045764	0.0514992	0.0755286	0.0974244	0.106511	0.0989555	0.0732907	0.0348502	-0.00906628	-0.0552509	-0.0952458	-0.122934	-0.140626	-0.157279	-0.176701	-0.198216	-0.226723	-0.249378	-0.251945	-0.23855	-0.227003	-0.216896	-0.211093	-0.217816	-0.238381	-0.272842	-0.318187	-0.364623	-0.392745	-0.393585	-0.367156	-0.321714	-0.269708	-0.219368	-0.158453	-0.0714519	0.0321171	0.125004	0.192366	0.224826	0.217267	0.16386	0.0732097	-0.0521427	-0.18808	-0.292108	
0.0235	0.0235	0.0350713	0.0398246	0.04333	0.0634895	0.0914098	0.105953	0.0989555	0.074383	0.0406479	0.011475	-0.011839	-0.0333557	-0.0568402	-0.0838023	-0.11508	-0.143107	-0.16236	-0.18601	-0.224675	-0.265321	-0.280107	-0.269774	-0.252542	-0.238749	-0.224915	-0.214915	-0.222082	-0.252844	-0.29994	-0.352985	-0.404261	-0.437345	-0.433952	-0.391644	-0.328523	-0.255064	-0.159133	-0.0344974	0.0945434	0.200643	0.271178	0.303393	0.285419	0.21578	0.0986495	-0.0492236	-0.195665	-0.300771	
-0.0174104	-0.0174104	-0.00452861	0.0173006	0.0448213	0.0725253	0.092482	0.0935758	0.0732907	0.0406479	0.0148372	0.00243373	-0.000688637	-0.00278129	-0.0132998	-0.0416808	-0.081659	-0.115083	-0.140196	-0.170299	-0.215647	-0.263093	-0.290838	-0.289331	-0.273427	-0.25514	-0.233846	-0.214233	-0.213307	-0.238547	-0.284684	-0.345376	-0.411955	-0.465564	-0.482258	-0.450304	-0.379223	-0.280323	-0.151734	0.00301526	0.156352	0.276688	0.354479	0.388444	0.373718	0.298144	0.164619	-0.00389798	-0.170091	-0.291669	
-0.0344293	-0.0344293	-0.0306477	-0.00856732	0.0269492	0.0554072	0.0665112	0.0587436	0.0348502	0.011475	0.00243373	0.00534748	0.0133894	0.0228321	0.0205758	-0.00280779	-0.0397514	-0.0793838	-0.118322	-0.159616	-0.203753	-0.249323	-0.282347	-0.293263	-0.28152	-0.257614	-0.231282	-0.217384	-0.224014	-0.250129	-0.296762	-0.359026	-0.427632	-0.48394	-0.511546	-0.492722	-0.421411	-0.299585	-0.138787	0.0385474	0.207659	0.349158	0.445693	0.490005	0.474369	0.396864	0.254975	0.0716926	-0.112957	-0.258786	
-0.0429414	-0.0429414	-0.0461973	-0.0369794	-0.0136757	0.00531331	0.0120358	0.00316835	-0.00906628	-0.011839	-0.000688637	0.0133894	0.0293847	0.0446364	0.0489768	0.0369574	0.00564855	-0.0419781	-0.0964646	-0.146386	-0.190475	-0.228608	-0.260638	-0.280032	-0.275791	-0.254127	-0.24105	-0.249717	-0.271883	-0.300091	-0.343766	-0.400852	-0.458403	-0.501263	-0.522916	-0.507928	-0.435826	-0.296527	-0.113869	0.0803454	0.264679	0.421848	0.534475	0.587873	0.574302	0.492861	0.346174	0.15802	-0.043282	-0.218103	
-0.0513782	-0.0513782	-0.0535853	-0.0551668	-0.0529289	-0.0496307	-0.0514104	-0.0582634	-0.0552509	-0.0333557	-0.00278129	0.0228321	0.0446364	0.0627423	0.0735225	0.0706635	0.0433278	-0.00882093	-0.069204	-0.125737	-0.169659	-0.198018	-0.220558	-0.242716	-0.250823	-0.254709	-0.272635	-0.306087	-0.341948	-0.376523	-0.416704	-0.460822	-0.503386	-0.527273	-0.528337	-0.494569	-0.407655	-0.259409	-0.0688948	0.135088	0.331806	0.503207	0.628445	0.689107	0.672701	0.58432	0.42931	0.232146	0.0199054	-0.178011	
-0.0623268	-0.0623268	-0.0593091	-0.0634324	-0.0741586	-0.0901438	-0.104854	-0.112543	-0.0952458	-0.0568402	-0.0132998	0.0205758	0.0489768	0.0735225	0.0886266	0.0885575	0.0639298	0.0186207	-0.0366236	-0.0899373	-0.128726	-0.14867	-0.164961	-0.187311	-0.216268	-0.25997	-0.314624	-0.365703	-0.414218	-0.458037	-0.497124	-0.529846	-0.553659	-0.552115	-0.522489	-0.45598	-0.348716	-0.196379	-0.00775135	0.204592	0.415119	0.594947	0.72145	0.780549	0.764776	0.677008	0.516171	0.309259	0.0776403	-0.14516	
-0.0815718	-0.0815718	-0.0775033	-0.0794698	-0.0960137	-0.12647	-0.150099	-0.149985	-0.122934	-0.0838023	-0.0416808	-0.00280779	0.0369574	0.0706635	0.0885575	0.089085	0.074537	0.0460205	0.00864288	-0.0273436	-0.0553786	-0.0754517	-0.0954375	-0.128476	-0.186341	-0.271165	-0.353828	-0.422016	-0.484709	-0.540026	-0.578554	-0.594563	-0.593911	-0.569273	-0.511373	-0.407913	-0.271187	-0.109104	0.083255	0.298579	0.511763	0.690051	0.809279	0.860887	0.845537	0.763877	0.605194	0.384123	0.127252	-0.125162	
-0.101979	-0.101979	-0.105331	-0.113264	-0.13395	-0.168328	-0.183673	-0.168913	-0.140626	-0.11508	-0.081659	-0.0397514	0.00564855	0.0433278	0.0639298	0.074537	0.0789351	0.0753525	0.0662825	0.0568446	0.0413741	0.0175842	-0.01925	-0.0811937	-0.174443	-0.287389	-0.395571	-0.484447	-0.559188	-0.618264	-0.655488	-0.657715	-0.633464	-0.58103	-0.492279	-0.357134	-0.194487	-0.0057466	0.202998	0.418872	0.621156	0.78583	0.893201	0.93841	0.918398	0.835135	0.670897	0.435556	0.152032	-0.129957	
-0.115327	-0.115327	-0.131712	-0.153807	-0.178754	-0.203845	-0.202531	-0.179305	-0.157279	-0.143107	-0.115083	-0.0793838	-0.0419781	-0.00882093	0.0186207	0.0460205	0.0753525	0.102683	0.125335	0.141276	0.139034	0.11273	0.0488366	-0.0556641	-0.179425	-0.31121	-0.438813	-0.546628	-0.629534	-0.691892	-0.723571	-0.710134	-0.662733	-0.579594	-0.45789	-0.298282	-0.111034	0.103607	0.329501	0.543998	0.732501	0.880233	0.979044	1.01595	0.981011	0.87694	0.693783	0.444645	0.152284	-0.144562	
-0.129212	-0.129212	-0.151712	-0.182339	-0.207305	-0.220945	-0.212957	-0.19345	-0.176701	-0.16236	-0.140196	-0.118322	-0.0964646	-0.069204	-0.0366236	0.00864288	0.0662825	0.125335	0.174049	0.20751	0.215437	0.183728	0.0936928	-0.0399905	-0.1821	-0.326013	-0.468795	-0.58934	-0.680938	-0.739901	-0.75989	-0.734289	-0.665675	-0.545281	-0.393832	-0.218262	-0.0162651	0.215031	0.447322	0.657433	0.832728	0.96863	1.05773	1.08169	1.02543	0.89441	0.685866	0.428076	0.139507	-0.157846	
-0.152264	-0.152264	-0.167539	-0.192457	-0.210757	-0.219996	-0.217437	-0.210874	-0.198216	-0.18601	-0.170299	-0.159616	-0.146386	-0.125737	-0.0899373	-0.0273436	0.0568446	0.141276	0.20751	0.249609	0.253862	0.211565	0.115674	-0.0182125	-0.164964	-0.317616	-0.466823	-0.598837	-0.699245	-0.751886	-0.757418	-0.720157	-0.630794	-0.484982	-0.312397	-0.117681	0.0983632	0.327791	0.549574	0.747573	0.915621	1.04604	1.12332	1.12548	1.04646	0.891732	0.666379	0.405487	0.122117	-0.167798	
-0.193438	-0.193438	-0.19805	-0.207904	-0.213392	-0.215489	-0.220107	-0.22563	-0.226723	-0.224675	-0.215647	-0.203753	-0.190475	-0.169659	-0.128726	-0.0553786	0.0413741	0.139034	0.215437	0.253862	0.240978	0.189124	0.105763	-0.00890442	-0.145565	-0.290646	-0.436776	-0.573815	-0.676145	-0.721846	-0.720266	-0.670055	-0.560207	-0.397538	-0.210728	-0.00290169	0.214515	0.430858	0.63005	0.806941	0.965892	1.09296	1.15541	1.13678	1.03749	0.868065	0.640415	0.379196	0.0971945	-0.189346	
-0.239805	-0.239805	-0.238368	-0.234159	-0.221112	-0.213772	-0.218036	-0.233147	-0.249378	-0.265321	-0.263093	-0.249323	-0.228608	-0.198018	-0.14867	-0.0754517	0.0175842	0.11273	0.183728	0.211565	0.189124	0.138827	0.06896	-0.0243543	-0.13508	-0.25475	-0.384478	-0.511658	-0.606185	-0.651516	-0.644135	-0.576263	-0.450612	-0.28111	-0.0879085	0.121934	0.327516	0.521484	0.690005	0.839208	0.98012	1.09021	1.14106	1.11585	1.00887	0.83744	0.612107	0.351386	0.0679814	-0.217493	
-0.275083	-0.275083	-0.268216	-0.249019	-0.223007	-0.209848	-0.214524	-0.227881	-0.251945	-0.280107	-0.290838	-0.282347	-0.260638	-0.220558	-0.164961	-0.0954375	-0.01925	0.0488366	0.0936928	0.115674	0.105763	0.06896	0.0123774	-0.0560454	-0.130732	-0.217682	-0.317762	-0.414734	-0.489278	-0.525367	-0.505115	-0.422651	-0.293663	-0.1292	0.0543075	0.244453	0.427463	0.592005	0.726575	0.843147	0.950097	1.03313	1.07822	1.06222	0.97004	0.808899	0.588758	0.328088	0.0485659	-0.235088	
-0.304126	-0.304126	-0.286581	-0.255024	-0.223981	-0.213556	-0.215152	-0.220641	-0.23855	-0.269774	-0.289331	-0.293263	-0.280032	-0.242716	-0.187311	-0.128476	-0.0811937	-0.0556641	-0.0399905	-0.0182125	-0.00890442	-0.0243543	-0.0560454	-0.0908252	-0.131126	-0.18314	-0.242554	-0.296903	-0.33675	-0.343999	-0.301152	-0.212155	-0.0909116	0.0563112	0.208796	0.365285	0.515189	0.643402	0.741731	0.821128	0.886925	0.937222	0.971773	0.966849	0.896977	0.759894	0.555806	0.309767	0.0412133	-0.231885	
-0.336007	-0.336007	-0.31075	-0.275291	-0.246747	-0.23275	-0.224573	-0.217905	-0.227003	-0.252542	-0.273427	-0.28152	-0.275791	-0.250823	-0.216268	-0.186341	-0.174443	-0.179425	-0.1821	-0.164964	-0.145565	-0.13508	-0.130732	-0.131126	-0.137077	-0.144635	-0.150643	-0.153287	-0.147583	-0.115296	-0.0511584	0.0379291	0.147271	0.263971	0.376401	0.489148	0.598011	0.682526	0.739661	0.777271	0.80225	0.824432	0.842134	0.835129	0.785709	0.676792	0.50773	0.290789	0.0419884	-0.2183	
-0.350568	-0.350568	-0.326233	-0.29922	-0.275973	-0.252597	-0.228994	-0.213256	-0.216896	-0.238749	-0.25514	-0.257614	-0.254127	-0.254709	-0.25997	-0.271165	-0.287389	-0.31121	-0.326013	-0.317616	-0.290646	-0.25475	-0.217682	-0.18314	-0.144635	-0.0918521	-0.0318337	0.0244874	0.0829703	0.151019	0.226383	0.306179	0.394262	0.475898	0.53957	0.602157	0.66168	0.703262	0.716506	0.710545	0.704642	0.708066	0.710374	0.699124	0.658104	0.576523	0.446683	0.266325	0.0423225	-0.202622	
-0.348324	-0.348324	-0.328767	-0.312415	-0.29674	-0.268498	-0.236377	-0.213489	-0.211093	-0.224915	-0.233846	-0.231282	-0.24105	-0.272635	-0.314624	-0.353828	-0.395571	-0.438813	-0.468795	-0.466823	-0.436776	-0.384478	-0.317762	-0.242554	-0.150643	-0.0318337	0.0993889	0.22029	0.331795	0.435807	0.52273	0.588381	0.642127	0.676951	0.689722	0.694704	0.700336	0.699431	0.674411	0.635709	0.609744	0.599466	0.590063	0.569493	0.531866	0.465225	0.366243	0.224844	0.0347288	-0.188062	
-0.339505	-0.339505	-0.32449	-0.315147	-0.308512	-0.288271	-0.260531	-0.23263	-0.217816	-0.214915	-0.214233	-0.217384	-0.249717	-0.306087	-0.365703	-0.422016	-0.484447	-0.546628	-0.58934	-0.598837	-0.573815	-0.511658	-0.414734	-0.296903	-0.153287	0.0244874	0.22029	0.403901	0.570706	0.71398	0.812936	0.864971	0.881741	0.870339	0.824558	0.766956	0.722409	0.683349	0.629028	0.570089	0.533316	0.509024	0.484907	0.456033	0.41074	0.348259	0.268504	0.157316	0.00503162	-0.183262	
-0.309492	-0.309492	-0.303498	-0.304089	-0.308887	-0.306398	-0.290355	-0.263486	-0.238381	-0.222082	-0.213307	-0.224014	-0.271883	-0.341948	-0.414218	-0.484709	-0.559188	-0.629534	-0.680938	-0.699245	-0.676145	-0.606185	-0.489278	-0.33675	-0.147583	0.0829703	0.331795	0.570706	0.782476	0.959156	1.07113	1.11136	1.09536	1.0398	0.947139	0.838133	0.746767	0.665849	0.583906	0.515636	0.470458	0.435727	0.403417	0.366453	0.31505	0.252321	0.17855	0.0841471	-0.039476	-0.195645	
-0.255301	-0.255301	-0.264405	-0.280988	-0.301198	-0.316796	-0.314712	-0.295733	-0.272842	-0.252844	-0.238547	-0.250129	-0.300091	-0.376523	-0.458037	-0.540026	-0.618264	-0.691892	-0.739901	-0.751886	-0.721846	-0.651516	-0.525367	-0.343999	-0.115296	0.151019	0.435807	0.71398	0.959156	1.1533	1.27143	1.30552	1.27275	1.18553	1.05754	0.916741	0.79021	0.668152	0.556447	0.475014	0.418213	0.379071	0.345188	0.304269	0.25052	0.18965	0.117038	0.0284665	-0.0804292	-0.216607	
-0.199846	-0.199846	-0.221398	-0.253202	-0.289004	-0.320687	-0.334481	-0.330726	-0.318187	-0.29994	-0.284684	-0.296762	-0.343766	-0.416704	-0.497124	-0.578554	-0.655488	-0.723571	-0.75989	-0.757418	-0.720266	-0.644135	-0.505115	-0.301152	-0.0511584	0.226383	0.52273	0.812936	1.07113	1.27143	1.39612	1.43231	1.39286	1.29166	1.15096	0.999179	0.846901	0.697479	0.566695	0.469124	0.400164	0.352752	0.308787	0.255996	0.198022	0.133475	0.0618044	-0.0151466	-0.114635	-0.237876	
-0.170569	-0.170569	-0.195342	-0.233819	-0.278664	-0.320003	-0.348455	-0.362552	-0.364623	-0.352985	-0.345376	-0.359026	-0.400852	-0.460822	-0.529846	-0.594563	-0.657715	-0.710134	-0.734289	-0.720157	-0.670055	-0.576263	-0.422651	-0.212155	0.0379291	0.306179	0.588381	0.864971	1.11136	1.30552	1.43231	1.48365	1.45335	1.35516	1.21535	1.0667	0.912184	0.757961	0.620631	0.5099	0.428793	0.364748	0.299966	0.229103	0.153255	0.0805204	0.01504	-0.0521628	-0.142076	-0.253031	
-0.161822	-0.161822	-0.183041	-0.220237	-0.262895	-0.302501	-0.335756	-0.368413	-0.392745	-0.404261	-0.411955	-0.427632	-0.458403	-0.503386	-0.553659	-0.593911	-0.633464	-0.662733	-0.665675	-0.630794	-0.560207	-0.450612	-0.293663	-0.0909116	0.147271	0.394262	0.642127	0.881741	1.09536	1.27275	1.39286	1.45335	1.43679	1.3582	1.24102	1.11148	0.975866	0.833972	0.700542	0.585999	0.497703	0.420804	0.338112	0.247768	0.150376	0.0660853	-0.00219981	-0.0723765	-0.16261	-0.273107	
-0.176733	-0.176733	-0.189254	-0.215861	-0.245018	-0.272127	-0.299558	-0.343921	-0.393585	-0.437345	-0.465564	-0.48394	-0.501263	-0.527273	-0.552115	-0.569273	-0.58103	-0.579594	-0.545281	-0.484982	-0.397538	-0.28111	-0.1292	0.0563112	0.263971	0.475898	0.676951	0.870339	1.0398	1.18553	1.29166	1.35516	1.3582	1.31012	1.23226	1.14184	1.03783	0.922637	0.800345	0.690069	0.599461	0.520791	0.430259	0.321535	0.203703	0.105523	0.0172199	-0.0706921	-0.175294	-0.294412	
-0.214591	-0.214591	-0.211871	-0.215427	-0.225753	-0.240011	-0.260804	-0.304446	-0.367156	-0.433952	-0.482258	-0.511546	-0.522916	-0.528337	-0.522489	-0.511373	-0.492279	-0.45789	-0.393832	-0.312397	-0.210728	-0.0879085	0.0543075	0.208796	0.376401	0.53957	0.689722	0.824558	0.947139	1.05754	1.15096	1.21535	1.24102	1.23226	1.20018	1.1499	1.0859	1.00626	0.910324	0.816021	0.735952	0.654755	0.5551	0.431034	0.297991	0.176743	0.0597544	-0.0532567	-0.17733	-0.304889	
-0.258136	-0.258136	-0.238506	-0.215841	-0.207224	-0.215005	-0.230484	-0.263935	-0.321714	-0.391644	-0.450304	-0.492722	-0.507928	-0.494569	-0.45598	-0.407913	-0.357134	-0.298282	-0.218262	-0.117681	-0.00290169	0.121934	0.244453	0.365285	0.489148	0.602157	0.694704	0.766956	0.838133	0.916741	0.999179	1.0667	1.11148	1.14184	1.1499	1.1418	1.11991	1.08157	1.02186	0.951292	0.883642	0.804962	0.704113	0.575195	0.427629	0.283962	0.135855	-0.00616743	-0.142874	-0.27172	
-0.284016	-0.284016	-0.257506	-0.22096	-0.197624	-0.199016	-0.204689	-0.225979	-0.269708	-0.328523	-0.379223	-0.421411	-0.435826	-0.407655	-0.348716	-0.271187	-0.194487	-0.111034	-0.0162651	0.0983632	0.214515	0.327516	0.427463	0.515189	0.598011	0.66168	0.700336	0.722409	0.746767	0.79021	0.846901	0.912184	0.975866	1.03783	1.0859	1.11991	1.13608	1.12875	1.1038	1.06755	1.01924	0.9568	0.867484	0.742825	0.590881	0.428021	0.255847	0.0916624	-0.0593478	-0.194484	
-0.289271	-0.289271	-0.268233	-0.233039	-0.202819	-0.192557	-0.185296	-0.192259	-0.219368	-0.255064	-0.280323	-0.299585	-0.296527	-0.259409	-0.196379	-0.109104	-0.0057466	0.103607	0.215031	0.327791	0.430858	0.521484	0.592005	0.643402	0.682526	0.703262	0.699431	0.683349	0.665849	0.668152	0.697479	0.757961	0.833972	0.922637	1.00626	1.08157	1.12875	1.15623	1.16318	1.15701	1.1395	1.10777	1.03518	0.91476	0.759505	0.587429	0.405348	0.232296	0.0650648	-0.0831511	
-0.268974	-0.268974	-0.256601	-0.229611	-0.201164	-0.181319	-0.165628	-0.155681	-0.158453	-0.159133	-0.151734	-0.138787	-0.113869	-0.0688948	-0.00775135	0.083255	0.202998	0.329501	0.447322	0.549574	0.63005	0.690005	0.726575	0.741731	0.739661	0.716506	0.674411	0.629028	0.583906	0.556447	0.566695	0.620631	0.700542	0.800345	0.910324	1.02186	1.1038	1.16318	1.20359	1.2321	1.25082	1.24096	1.18634	1.07422	0.921158	0.750989	0.572446	0.393486	0.212463	0.0491215	
-0.21046	-0.21046	-0.205837	-0.190908	-0.169543	-0.147199	-0.127439	-0.101437	-0.0714519	-0.0344974	0.00301526	0.0385474	0.0803454	0.135088	0.204592	0.298579	0.418872	0.543998	0.657433	0.747573	0.806941	0.839208	0.843147	0.821128	0.777271	0.710545	0.635709	0.570089	0.515636	0.475014	0.469124	0.5099	0.585999	0.690069	0.816021	0.951292	1.06755	1.15701	1.2321	1.29094	1.33968	1.35154	1.31473	1.22007	1.07941	0.921758	0.7495	0.563961	0.381064	0.207008	
-0.12453	-0.12453	-0.13049	-0.133906	-0.119191	-0.0954722	-0.0663553	-0.0279698	0.0321171	0.0945434	0.156352	0.207659	0.264679	0.331806	0.415119	0.511763	0.621156	0.732501	0.832728	0.915621	0.965892	0.98012	0.950097	0.886925	0.80225	0.704642	0.609744	0.533316	0.470458	0.418213	0.400164	0.428793	0.497703	0.599461	0.735952	0.883642	1.01924	1.1395	1.25082	1.33968	1.40061	1.4239	1.40565	1.34059	1.23218	1.0927	0.923052	0.733377	0.546629	0.368246	
-0.0413249	-0.0413249	-0.058767	-0.0780604	-0.0698967	-0.0399533	-0.000545765	0.0515482	0.125004	0.200643	0.276688	0.349158	0.421848	0.503207	0.594947	0.690051	0.78583	0.880233	0.96863	1.04604	1.09296	1.09021	1.03313	0.937222	0.824432	0.708066	0.599466	0.509024	0.435727	0.379071	0.352752	0.364748	0.420804	0.520791	0.654755	0.804962	0.9568	1.10777	1.24096	1.35154	1.4239	1.45854	1.45542	1.42045	1.34529	1.23038	1.07267	0.88636	0.693062	0.510727	
0.0231145	0.0231145	0.00471193	-0.0163943	-0.0132677	0.0155502	0.056052	0.116469	0.192366	0.271178	0.354479	0.445693	0.534475	0.628445	0.72145	0.809279	0.893201	0.979044	1.05773	1.12332	1.15541	1.14106	1.07822	0.971773	0.842134	0.710374	0.590063	0.484907	0.403417	0.345188	0.308787	0.299966	0.338112	0.430259	0.5551	0.704113	0.867484	1.03518	1.18634	1.31473	1.40565	1.45542	1.46968	1.45164	1.40366	1.31689	1.18214	1.00721	0.814512	0.629927	
0.070999	0.070999	0.0640767	0.0560183	0.0557312	0.0716586	0.0977244	0.154959	0.224826	0.303393	0.388444	0.490005	0.587873	0.689107	0.780549	0.860887	0.93841	1.01595	1.08169	1.12548	1.13678	1.11585	1.06222	0.966849	0.835129	0.699124	0.569493	0.456033	0.366453	0.304269	0.255996	0.229103	0.247768	0.321535	0.431034	0.575195	0.742825	0.91476	1.07422	1.22007	1.34059	1.42045	1.45164	1.44537	1.4192	1.35867	1.25074	1.09026	0.903505	0.721156	
0.107909	0.107909	0.114284	0.118079	0.117197	0.113756	0.123278	0.159851	0.217267	0.285419	0.373718	0.474369	0.574302	0.672701	0.764776	0.845537	0.918398	0.981011	1.02543	1.04646	1.03749	1.00887	0.97004	0.896977	0.785709	0.658104	0.531866	0.41074	0.31505	0.25052	0.198022	0.153255	0.150376	0.203703	0.297991	0.427629	0.590881	0.759505	0.921158	1.07941	1.23218	1.34529	1.40366	1.4192	1.40773	1.35501	1.25726	1.11576	0.943686	0.778843	
0.125492	0.125492	0.135975	0.142346	0.135355	0.121253	0.116572	0.132103	0.16386	0.21578	0.298144	0.396864	0.492861	0.58432	0.677008	0.763877	0.835135	0.87694	0.89441	0.891732	0.868065	0.83744	0.808899	0.759894	0.676792	0.576523	0.465225	0.348259	0.252321	0.18965	0.133475	0.0805204	0.0660853	0.105523	0.176743	0.283962	0.428021	0.587429	0.750989	0.921758	1.0927	1.23038	1.31689	1.35867	1.35501	1.30615	1.21526	1.09111	0.944184	0.797368	
0.11144	0.11144	0.12002	0.118788	0.103899	0.0821759	0.0715537	0.0670178	0.0732097	0.0986495	0.164619	0.254975	0.346174	0.42931	0.516171	0.605194	0.670897	0.693783	0.685866	0.666379	0.640415	0.612107	0.588758	0.555806	0.50773	0.446683	0.366243	0.268504	0.17855	0.117038	0.0618044	0.01504	-0.00219981	0.0172199	0.0597544	0.135855	0.255847	0.405348	0.572446	0.7495	0.923052	1.07267	1.18214	1.25074	1.25726	1.21526	1.1338	1.02799	0.901261	0.768878	
0.0358659	0.0358659	0.0422685	0.03529	0.015	-0.00838533	-0.0230103	-0.0404418	-0.0521427	-0.0492236	-0.00389798	0.0716926	0.15802	0.232146	0.309259	0.384123	0.435556	0.444645	0.428076	0.405487	0.379196	0.351386	0.328088	0.309767	0.290789	0.266325	0.224844	0.157316	0.0841471	0.0284665	-0.0151466	-0.0521628	-0.0723765	-0.0706921	-0.0532567	-0.00616743	0.0916624	0.232296	0.393486	0.563961	0.733377	0.88636	1.00721	1.09026	1.11576	1.09111	1.02799	0.936224	0.825705	0.710815	
-0.0940614	-0.0940614	-0.0863969	-0.0932757	-0.112104	-0.132281	-0.147362	-0.169285	-0.18808	-0.195665	-0.170091	-0.112957	-0.043282	0.0199054	0.0776403	0.127252	0.152032	0.152284	0.139507	0.122117	0.0971945	0.0679814	0.0485659	0.0412133	0.0419884	0.0423225	0.0347288	0.00503162	-0.039476	-0.0804292	-0.114635	-0.142076	-0.16261	-0.175294	-0.17733	-0.142874	-0.0593478	0.0650648	0.212463	0.381064	0.546629	0.693062	0.814512	0.903505	0.943686	0.944184	0.901261	0.825705	0.729371	0.63322	
-0.242598	-0.242598	-0.233224	-0.236456	-0.251211	-0.261854	-0.268332	-0.278439	-0.292108	-0.300771	-0.291669	-0.258786	-0.218103	-0.178011	-0.14516	-0.125162	-0.129957	-0.144562	-0.157846	-0.167798	-0.189346	-0.217493	-0.235088	-0.231885	-0.2183	-0.202622	-0.188062	-0.183262	-0.195645	-0.216607	-0.237876	-0.253031	-0.273107	-0.294412	-0.304889	-0.27172	-0.194484	-0.0831511	0.0491215	0.207008	0.368246	0.510727	0.629927	0.721156	0.778843	0.797368	0.768878	0.710815	0.63322	0.555328	
