0.765116	0.763898	0.708735	0.617021	0.511987	0.418743	0.340149	0.280512	0.225814	0.176349	0.123706	0.0466012	-0.055198	-0.177531	-0.327829	-0.509267	-0.712174	-0.899907	-1.01832	-1.03636	-0.938591	-0.736732	-0.461826	-0.167382	0.100583	0.321025	0.482467	0.572696	0.595454	0.560406	0.49631	0.423182	0.356182	0.319361	0.322748	0.367629	0.43806	0.50642	0.541148	0.527968	0.46706	0.39459	0.323214	0.262449	0.220838	0.179592	0.153341	0.13898	0.137111	0.137111	
0.763898	0.823741	0.826122	0.782422	0.703703	0.617445	0.530247	0.453354	0.385796	0.325354	0.259304	0.174704	0.070693	-0.0558839	-0.209154	-0.389304	-0.581047	-0.754237	-0.859561	-0.870808	-0.77446	-0.582322	-0.329782	-0.0712298	0.162325	0.352652	0.48468	0.550132	0.549048	0.498984	0.430656	0.364178	0.314451	0.293813	0.302507	0.339205	0.389459	0.427935	0.431312	0.392787	0.307791	0.20447	0.106036	0.02463	-0.0397586	-0.0961535	-0.125214	-0.137478	-0.138224	-0.138224	
0.708735	0.826122	0.887308	0.890937	0.840299	0.759241	0.668679	0.583166	0.507528	0.441892	0.37599	0.298915	0.204223	0.081336	-0.0711472	-0.244259	-0.416349	-0.565494	-0.653413	-0.65989	-0.574569	-0.400783	-0.179974	0.0359819	0.224259	0.374584	0.473402	0.516662	0.500488	0.441714	0.376187	0.319447	0.285144	0.276185	0.292679	0.322109	0.345884	0.353668	0.325208	0.256293	0.145714	0.0196138	-0.097772	-0.191554	-0.26006	-0.311602	-0.339346	-0.353059	-0.348633	-0.348633	
0.617021	0.782422	0.890937	0.93397	0.910447	0.839945	0.75344	0.66071	0.577206	0.512095	0.45362	0.388875	0.309444	0.199897	0.0607792	-0.0906076	-0.23868	-0.359824	-0.432588	-0.441451	-0.371642	-0.22236	-0.0402392	0.12751	0.265136	0.368576	0.436108	0.456562	0.430558	0.374344	0.320999	0.280782	0.264289	0.273401	0.295074	0.314498	0.309641	0.281346	0.217869	0.116532	-0.00952357	-0.145046	-0.262139	-0.348332	-0.411589	-0.448145	-0.456912	-0.452345	-0.439554	-0.439554	
0.511987	0.703703	0.840299	0.910447	0.911661	0.857746	0.773524	0.674256	0.591007	0.531948	0.476113	0.421378	0.353878	0.26806	0.160415	0.0385874	-0.0748325	-0.164242	-0.220977	-0.232425	-0.185156	-0.0757912	0.0580376	0.17257	0.261316	0.323435	0.355849	0.356744	0.323992	0.27651	0.244367	0.230409	0.245158	0.276856	0.303201	0.311203	0.280098	0.216661	0.12073	-1.7012e-05	-0.12824	-0.259103	-0.361718	-0.42745	-0.46679	-0.474627	-0.462253	-0.43647	-0.411294	-0.411294	
0.418743	0.617445	0.759241	0.839945	0.857746	0.805814	0.717277	0.616213	0.537841	0.481541	0.426796	0.379017	0.327035	0.271932	0.199229	0.113865	0.0428726	-0.00733969	-0.0434914	-0.0557309	-0.0386023	0.0207079	0.101779	0.166084	0.211515	0.237279	0.23895	0.22012	0.181553	0.146313	0.139716	0.159457	0.204989	0.257421	0.30073	0.310119	0.266156	0.180443	0.0639327	-0.0697956	-0.200777	-0.314257	-0.38955	-0.419372	-0.422503	-0.397585	-0.355597	-0.315071	-0.283085	-0.283085	
0.340149	0.530247	0.668679	0.75344	0.773524	0.717277	0.616192	0.510076	0.419701	0.354694	0.303831	0.267719	0.236627	0.206616	0.167233	0.12356	0.0969144	0.0871823	0.0755167	0.0619717	0.0538036	0.0664389	0.0913991	0.109007	0.112283	0.105258	0.0865197	0.0521914	0.0169944	-0.00117847	0.0175274	0.0687071	0.147412	0.232551	0.297887	0.316522	0.271451	0.177653	0.0463983	-0.0968925	-0.222102	-0.312174	-0.350923	-0.343374	-0.305508	-0.245311	-0.175384	-0.107147	-0.0628049	-0.0628049	
0.280512	0.453354	0.583166	0.66071	0.674256	0.616213	0.510076	0.385535	0.2689	0.186431	0.134907	0.107986	0.0868814	0.0787887	0.0760175	0.0738976	0.0874692	0.109862	0.118483	0.111921	0.0913277	0.0641323	0.0396696	0.00618357	-0.0301229	-0.0628268	-0.0952778	-0.128862	-0.152566	-0.145702	-0.0987371	-0.0125434	0.100068	0.211178	0.296161	0.326947	0.289939	0.194146	0.060758	-0.0766603	-0.191735	-0.261575	-0.270661	-0.22739	-0.147819	-0.0485086	0.0531072	0.142917	0.195674	0.195674	
0.225814	0.385796	0.507528	0.577206	0.591007	0.537841	0.419701	0.2689	0.120212	0.00943418	-0.0497898	-0.0847433	-0.0984004	-0.0812608	-0.0500107	-0.0202061	0.0222385	0.0632912	0.0858091	0.0907256	0.0629171	0.00993196	-0.0524133	-0.122124	-0.186743	-0.234159	-0.272755	-0.303347	-0.308886	-0.274296	-0.190798	-0.0618345	0.0829837	0.216879	0.317016	0.350794	0.317112	0.223402	0.0931956	-0.0382517	-0.143037	-0.186241	-0.164923	-0.0883704	0.0248242	0.150758	0.279052	0.386333	0.448963	0.448963	
0.176349	0.325354	0.441892	0.512095	0.531948	0.481541	0.354694	0.186431	0.00943418	-0.130212	-0.221151	-0.273031	-0.279421	-0.249918	-0.200175	-0.145062	-0.0864147	-0.0338593	-0.00316046	2.59977e-05	-0.0299901	-0.0959444	-0.179537	-0.263229	-0.339623	-0.394223	-0.427743	-0.446375	-0.424754	-0.35037	-0.229799	-0.0663999	0.108227	0.2609	0.368343	0.400544	0.359893	0.263574	0.129393	-0.0015848	-0.0968178	-0.124602	-0.0749805	0.0310664	0.175743	0.328879	0.472918	0.592508	0.656753	0.656753	
0.123706	0.259304	0.37599	0.45362	0.476113	0.426796	0.303831	0.134907	-0.0497898	-0.221151	-0.341837	-0.410375	-0.429586	-0.409732	-0.358383	-0.289418	-0.215067	-0.156504	-0.126832	-0.122229	-0.155464	-0.224386	-0.313205	-0.406725	-0.483171	-0.530101	-0.545054	-0.528209	-0.467555	-0.359102	-0.208106	-0.0213507	0.167396	0.327071	0.429919	0.456854	0.409776	0.300682	0.160103	0.0279019	-0.0603472	-0.0762711	-0.0139021	0.109084	0.27174	0.445642	0.606675	0.736815	0.80936	0.80936	
0.0466012	0.174704	0.298915	0.388875	0.421378	0.379017	0.267719	0.107986	-0.0847433	-0.273031	-0.410375	-0.494568	-0.531629	-0.526109	-0.474922	-0.40072	-0.327688	-0.275046	-0.249265	-0.246837	-0.274621	-0.3372	-0.424572	-0.514547	-0.585848	-0.61939	-0.611871	-0.563994	-0.468222	-0.32552	-0.147816	0.0556093	0.250558	0.406551	0.50044	0.506066	0.438924	0.321336	0.177719	0.0440516	-0.0463085	-0.0634965	0.00125267	0.134541	0.309062	0.498938	0.681179	0.825042	0.903071	0.903071	
-0.055198	0.070693	0.204223	0.309444	0.353878	0.327035	0.236627	0.0868814	-0.0984004	-0.279421	-0.429586	-0.531629	-0.58652	-0.589467	-0.541308	-0.468442	-0.399612	-0.344911	-0.315501	-0.311017	-0.335167	-0.392533	-0.478667	-0.568053	-0.63616	-0.66864	-0.649021	-0.575631	-0.446779	-0.269918	-0.0661602	0.140777	0.331222	0.472818	0.542204	0.532935	0.449476	0.319469	0.167681	0.0286522	-0.0601077	-0.0782921	-0.0127517	0.122894	0.306241	0.510987	0.699701	0.848446	0.931681	0.931681	
-0.177531	-0.0558839	0.081336	0.199897	0.26806	0.271932	0.206616	0.0787887	-0.0812608	-0.249918	-0.409732	-0.526109	-0.589467	-0.595627	-0.550759	-0.479012	-0.403563	-0.342279	-0.309842	-0.305704	-0.328849	-0.382209	-0.464306	-0.556101	-0.63479	-0.678632	-0.662918	-0.574916	-0.419945	-0.216063	0.00651916	0.216628	0.396233	0.517324	0.563393	0.531203	0.429187	0.284707	0.130098	-0.00407468	-0.0882283	-0.103354	-0.0411264	0.0920509	0.272049	0.475474	0.667466	0.815426	0.89657	0.89657	
-0.327829	-0.209154	-0.0711472	0.0607792	0.160415	0.199229	0.167233	0.0760175	-0.0500107	-0.200175	-0.358383	-0.474922	-0.541308	-0.550759	-0.505334	-0.42622	-0.342389	-0.277365	-0.245619	-0.24239	-0.265287	-0.315084	-0.393518	-0.491083	-0.580979	-0.636858	-0.631014	-0.544078	-0.381933	-0.167563	0.0617428	0.268043	0.433268	0.535052	0.561536	0.505974	0.385198	0.234656	0.083456	-0.0423824	-0.119401	-0.134465	-0.0804043	0.0433717	0.212515	0.405439	0.589579	0.728936	0.80498	0.80498	
-0.509267	-0.389304	-0.244259	-0.0906076	0.0385874	0.113865	0.12356	0.0738976	-0.0202061	-0.145062	-0.289418	-0.40072	-0.468442	-0.479012	-0.42622	-0.336994	-0.2491	-0.17847	-0.139405	-0.136267	-0.158499	-0.206381	-0.287003	-0.384938	-0.479202	-0.54524	-0.550156	-0.473919	-0.319233	-0.108536	0.117347	0.311323	0.4586	0.536076	0.538739	0.472325	0.345154	0.191009	0.0388185	-0.0857657	-0.163348	-0.183564	-0.139291	-0.0314137	0.128258	0.31307	0.48171	0.608019	0.676232	0.676232	
-0.712174	-0.581047	-0.416349	-0.23868	-0.0748325	0.0428726	0.0969144	0.0874692	0.0222385	-0.0864147	-0.215067	-0.327688	-0.399612	-0.403563	-0.342389	-0.2491	-0.149946	-0.0636688	-0.014433	-0.00582706	-0.0284427	-0.0793749	-0.160088	-0.261334	-0.362897	-0.438325	-0.453706	-0.385659	-0.236231	-0.0284578	0.18887	0.369948	0.491844	0.546393	0.533177	0.45082	0.31817	0.15863	0.00339001	-0.122376	-0.20717	-0.241529	-0.214074	-0.119248	0.0253579	0.194176	0.350469	0.463695	0.519541	0.519541	
-0.899907	-0.754237	-0.565494	-0.359824	-0.164242	-0.00733969	0.0871823	0.109862	0.0632912	-0.0338593	-0.156504	-0.275046	-0.344911	-0.342279	-0.277365	-0.17847	-0.0636688	0.0394471	0.0992933	0.115207	0.0965034	0.0463935	-0.0349284	-0.14103	-0.254277	-0.33624	-0.354564	-0.29377	-0.150632	0.0520383	0.260124	0.430926	0.538556	0.576326	0.54581	0.447655	0.303655	0.138869	-0.0148714	-0.14177	-0.233255	-0.278063	-0.268415	-0.198316	-0.0753403	0.071574	0.20161	0.294197	0.338368	0.338368	
-1.01832	-0.859561	-0.653413	-0.432588	-0.220977	-0.0434914	0.0755167	0.118483	0.0858091	-0.00316046	-0.126832	-0.249265	-0.315501	-0.309842	-0.245619	-0.139405	-0.014433	0.0992933	0.170942	0.196503	0.186174	0.142146	0.0625893	-0.045759	-0.160734	-0.241725	-0.259527	-0.206146	-0.0736283	0.117687	0.312594	0.476527	0.575107	0.595405	0.549181	0.445041	0.298044	0.132068	-0.0220328	-0.148738	-0.241336	-0.295357	-0.298339	-0.245759	-0.141265	-0.0191936	0.0780288	0.142552	0.164603	0.164603	
-1.03636	-0.870808	-0.65989	-0.441451	-0.232425	-0.0557309	0.0619717	0.111921	0.0907256	2.59977e-05	-0.122229	-0.246837	-0.311017	-0.305704	-0.24239	-0.136267	-0.00582706	0.115207	0.196503	0.234091	0.230397	0.191878	0.115291	0.00816328	-0.10301	-0.179337	-0.199821	-0.152207	-0.0282697	0.146577	0.324775	0.477492	0.561146	0.577384	0.533243	0.423578	0.278986	0.120573	-0.0251387	-0.147216	-0.238132	-0.291334	-0.296845	-0.246953	-0.154978	-0.0542479	0.0199133	0.0596776	0.0668136	0.0668136	
-0.938591	-0.77446	-0.574569	-0.371642	-0.185156	-0.0386023	0.0538036	0.0913277	0.0629171	-0.0299901	-0.155464	-0.274621	-0.335167	-0.328849	-0.265287	-0.158499	-0.0284427	0.0965034	0.186174	0.230397	0.234812	0.19985	0.125478	0.021234	-0.088502	-0.168281	-0.191118	-0.148226	-0.0423179	0.108677	0.265866	0.402606	0.481682	0.502128	0.46617	0.370584	0.24163	0.099526	-0.0309822	-0.135316	-0.209399	-0.252563	-0.250109	-0.19921	-0.110089	-0.0144788	0.0467534	0.0725814	0.0717095	0.0717095	
-0.736732	-0.582322	-0.400783	-0.22236	-0.0757912	0.0207079	0.0664389	0.0641323	0.00993196	-0.0959444	-0.224386	-0.3372	-0.392533	-0.382209	-0.315084	-0.206381	-0.0793749	0.0463935	0.142146	0.191878	0.19985	0.167003	0.0901177	-0.015371	-0.127451	-0.212516	-0.239516	-0.208441	-0.123906	0.00430606	0.142494	0.26366	0.349926	0.388246	0.367458	0.297699	0.195751	0.0767697	-0.0301468	-0.111298	-0.165139	-0.186244	-0.164268	-0.0998862	-0.00284299	0.0931125	0.150311	0.168308	0.163971	0.163971	
-0.461826	-0.329782	-0.179974	-0.0402392	0.0580376	0.101779	0.0913991	0.0396696	-0.0524133	-0.179537	-0.313205	-0.424572	-0.478667	-0.464306	-0.393518	-0.287003	-0.160088	-0.0349284	0.0625893	0.115291	0.125478	0.0901177	0.0104712	-0.0980848	-0.21077	-0.292508	-0.3285	-0.311533	-0.238881	-0.126991	-0.00652627	0.106636	0.196979	0.252006	0.261015	0.220676	0.145982	0.0563972	-0.0185437	-0.0726867	-0.101342	-0.0924299	-0.0477488	0.0363182	0.144451	0.23957	0.296811	0.311941	0.304264	0.304264	
-0.167382	-0.0712298	0.0359819	0.12751	0.17257	0.166084	0.109007	0.00618357	-0.122124	-0.263229	-0.406725	-0.514547	-0.568053	-0.556101	-0.491083	-0.384938	-0.261334	-0.14103	-0.045759	0.00816328	0.021234	-0.015371	-0.0980848	-0.202744	-0.300545	-0.379215	-0.421186	-0.407457	-0.345185	-0.25394	-0.148851	-0.0451906	0.049816	0.119455	0.150701	0.145907	0.102681	0.0436529	-0.00404227	-0.0291832	-0.020105	0.0223834	0.0917291	0.187281	0.297026	0.392497	0.450015	0.466926	0.463517	0.463517	
0.100583	0.162325	0.224259	0.265136	0.261316	0.211515	0.112283	-0.0301229	-0.186743	-0.339623	-0.483171	-0.585848	-0.63616	-0.63479	-0.580979	-0.479202	-0.362897	-0.254277	-0.160734	-0.10301	-0.088502	-0.127451	-0.21077	-0.300545	-0.383132	-0.454168	-0.494062	-0.485036	-0.435946	-0.361625	-0.268713	-0.174818	-0.0782259	0.00997366	0.0675791	0.085051	0.0673184	0.0383318	0.0151651	0.0169376	0.0543616	0.121812	0.212882	0.32402	0.437324	0.533566	0.596714	0.617589	0.621116	0.621116	
0.321025	0.352652	0.374584	0.368576	0.323435	0.237279	0.105258	-0.0628268	-0.234159	-0.394223	-0.530101	-0.61939	-0.66864	-0.678632	-0.636858	-0.54524	-0.438325	-0.33624	-0.241725	-0.179337	-0.168281	-0.212516	-0.292508	-0.379215	-0.454168	-0.516075	-0.555491	-0.555404	-0.522285	-0.459335	-0.373012	-0.28293	-0.183142	-0.0804209	-0.00421029	0.0378076	0.0500591	0.0427136	0.0371799	0.0585566	0.11764	0.206486	0.314989	0.433778	0.544495	0.642018	0.713724	0.744697	0.757577	0.757577	
0.482467	0.48468	0.473402	0.436108	0.355849	0.23895	0.0865197	-0.0952778	-0.272755	-0.427743	-0.545054	-0.611871	-0.649021	-0.662918	-0.631014	-0.550156	-0.453706	-0.354564	-0.259527	-0.199821	-0.191118	-0.239516	-0.3285	-0.421186	-0.494062	-0.555491	-0.605143	-0.624415	-0.607306	-0.556982	-0.481742	-0.393448	-0.282084	-0.165724	-0.0769119	-0.005842	0.0316761	0.0396944	0.0560145	0.0964176	0.170784	0.278018	0.396912	0.510543	0.617352	0.71307	0.786657	0.83133	0.854541	0.854541	
0.572696	0.550132	0.516662	0.456562	0.356744	0.22012	0.0521914	-0.128862	-0.303347	-0.446375	-0.528209	-0.563994	-0.575631	-0.574916	-0.544078	-0.473919	-0.385659	-0.29377	-0.206146	-0.152207	-0.148226	-0.208441	-0.311533	-0.407457	-0.485036	-0.555404	-0.624415	-0.672063	-0.679687	-0.655935	-0.599438	-0.50761	-0.391409	-0.265994	-0.154397	-0.0684952	-0.0149803	0.0188595	0.0539757	0.108801	0.198982	0.318861	0.4407	0.551569	0.655517	0.744781	0.823051	0.882248	0.909647	0.909647	
0.595454	0.549048	0.500488	0.430558	0.323992	0.181553	0.0169944	-0.152566	-0.308886	-0.424754	-0.467555	-0.468222	-0.446779	-0.419945	-0.381933	-0.319233	-0.236231	-0.150632	-0.0736283	-0.0282697	-0.0423179	-0.123906	-0.238881	-0.345185	-0.435946	-0.522285	-0.607306	-0.679687	-0.726545	-0.738169	-0.702802	-0.617867	-0.506444	-0.380942	-0.258834	-0.16105	-0.0884975	-0.0331027	0.0182127	0.0885332	0.192143	0.319622	0.443965	0.552995	0.648115	0.733644	0.818818	0.885939	0.923296	0.923296	
0.560406	0.498984	0.441714	0.374344	0.27651	0.146313	-0.00117847	-0.145702	-0.274296	-0.35037	-0.359102	-0.32552	-0.269918	-0.216063	-0.167563	-0.108536	-0.0284578	0.0520383	0.117687	0.146577	0.108677	0.00430606	-0.126991	-0.25394	-0.361625	-0.459335	-0.556982	-0.655935	-0.738169	-0.779893	-0.77237	-0.709601	-0.606425	-0.484215	-0.366762	-0.2667	-0.18259	-0.112283	-0.0477744	0.0401826	0.154199	0.279601	0.401034	0.502243	0.59139	0.67589	0.759991	0.830654	0.873095	0.873095	
0.49631	0.430656	0.376187	0.320999	0.244367	0.139716	0.0175274	-0.0987371	-0.190798	-0.229799	-0.208106	-0.147816	-0.0661602	0.00651916	0.0617428	0.117347	0.18887	0.260124	0.312594	0.324775	0.265866	0.142494	-0.00652627	-0.148851	-0.268713	-0.373012	-0.481742	-0.599438	-0.702802	-0.77237	-0.790756	-0.746585	-0.655776	-0.546411	-0.442313	-0.353106	-0.273448	-0.201909	-0.129427	-0.0360749	0.0732947	0.196522	0.310399	0.40107	0.480596	0.556504	0.64118	0.714122	0.759245	0.759245	
0.423182	0.364178	0.319447	0.280782	0.230409	0.159457	0.0687071	-0.0125434	-0.0618345	-0.0663999	-0.0213507	0.0556093	0.140777	0.216628	0.268043	0.311323	0.369948	0.430926	0.476527	0.477492	0.402606	0.26366	0.106636	-0.0451906	-0.174818	-0.28293	-0.393448	-0.50761	-0.617867	-0.709601	-0.746585	-0.717158	-0.647421	-0.560783	-0.477685	-0.405821	-0.342355	-0.285606	-0.214913	-0.125137	-0.025586	0.083371	0.180739	0.258879	0.329728	0.399724	0.472407	0.537547	0.578841	0.578841	
0.356182	0.314451	0.285144	0.264289	0.245158	0.204989	0.147412	0.100068	0.0829837	0.108227	0.167396	0.250558	0.331222	0.396233	0.433268	0.4586	0.491844	0.538556	0.575107	0.561146	0.481682	0.349926	0.196979	0.049816	-0.0782259	-0.183142	-0.282084	-0.391409	-0.506444	-0.606425	-0.655776	-0.647421	-0.594829	-0.527422	-0.469273	-0.425045	-0.388515	-0.344939	-0.290852	-0.21994	-0.13287	-0.0463957	0.0332481	0.100429	0.161117	0.223207	0.284565	0.344509	0.377723	0.377723	
0.319361	0.293813	0.276185	0.273401	0.276856	0.257421	0.232551	0.211178	0.216879	0.2609	0.327071	0.406551	0.472818	0.517324	0.535052	0.536076	0.546393	0.576326	0.595405	0.577384	0.502128	0.388246	0.252006	0.119455	0.00997366	-0.0804209	-0.165724	-0.265994	-0.380942	-0.484215	-0.546411	-0.560783	-0.527422	-0.485219	-0.446116	-0.419119	-0.407697	-0.382129	-0.342691	-0.290792	-0.222922	-0.155286	-0.0950884	-0.036777	0.0139198	0.0636551	0.117418	0.166125	0.195502	0.195502	
0.322748	0.302507	0.292679	0.295074	0.303201	0.30073	0.297887	0.296161	0.317016	0.368343	0.429919	0.50044	0.542204	0.563393	0.561536	0.538739	0.533177	0.54581	0.549181	0.533243	0.46617	0.367458	0.261015	0.150701	0.0675791	-0.00421029	-0.0769119	-0.154397	-0.258834	-0.366762	-0.442313	-0.477685	-0.469273	-0.446116	-0.423783	-0.408429	-0.402803	-0.386908	-0.357552	-0.313761	-0.259179	-0.212431	-0.165273	-0.115628	-0.0756462	-0.0327687	0.00466393	0.0319149	0.0531177	0.0531177	
0.367629	0.339205	0.322109	0.314498	0.311203	0.310119	0.316522	0.326947	0.350794	0.400544	0.456854	0.506066	0.532935	0.531203	0.505974	0.472325	0.45082	0.447655	0.445041	0.423578	0.370584	0.297699	0.220676	0.145907	0.085051	0.0378076	-0.005842	-0.0684952	-0.16105	-0.2667	-0.353106	-0.405821	-0.425045	-0.419119	-0.408429	-0.39857	-0.386388	-0.365105	-0.33234	-0.288045	-0.235686	-0.193684	-0.147586	-0.102957	-0.0788066	-0.0529792	-0.0350018	-0.024997	-0.0101238	-0.0101238	
0.43806	0.389459	0.345884	0.309641	0.280098	0.266156	0.271451	0.289939	0.317112	0.359893	0.409776	0.438924	0.449476	0.429187	0.385198	0.345154	0.31817	0.303655	0.298044	0.278986	0.24163	0.195751	0.145982	0.102681	0.0673184	0.0500591	0.0316761	-0.0149803	-0.0884975	-0.18259	-0.273448	-0.342355	-0.388515	-0.407697	-0.402803	-0.386388	-0.363363	-0.324791	-0.273695	-0.218121	-0.155436	-0.100279	-0.0484742	-0.00514175	0.0163859	0.0274199	0.0225256	0.0154265	0.0173964	0.0173964	
0.50642	0.427935	0.353668	0.281346	0.216661	0.180443	0.177653	0.194146	0.223402	0.263574	0.300682	0.321336	0.319469	0.284707	0.234656	0.191009	0.15863	0.138869	0.132068	0.120573	0.099526	0.0767697	0.0563972	0.0436529	0.0383318	0.0427136	0.0396944	0.0188595	-0.0331027	-0.112283	-0.201909	-0.285606	-0.344939	-0.382129	-0.386908	-0.365105	-0.324791	-0.26862	-0.20143	-0.125029	-0.0476395	0.0313732	0.102915	0.160504	0.193172	0.192266	0.179966	0.168992	0.158946	0.158946	
0.541148	0.431312	0.325208	0.217869	0.12073	0.0639327	0.0463983	0.060758	0.0931956	0.129393	0.160103	0.177719	0.167681	0.130098	0.083456	0.0388185	0.00339001	-0.0148714	-0.0220328	-0.0251387	-0.0309822	-0.0301468	-0.0185437	-0.00404227	0.0151651	0.0371799	0.0560145	0.0539757	0.0182127	-0.0477744	-0.129427	-0.214913	-0.290852	-0.342691	-0.357552	-0.33234	-0.273695	-0.20143	-0.118072	-0.021995	0.0739719	0.185724	0.287666	0.365147	0.416714	0.420321	0.410834	0.403749	0.395982	0.395982	
0.527968	0.392787	0.256293	0.116532	-1.7012e-05	-0.0697956	-0.0968925	-0.0766603	-0.0382517	-0.0015848	0.0279019	0.0440516	0.0286522	-0.00407468	-0.0423824	-0.0857657	-0.122376	-0.14177	-0.148738	-0.147216	-0.135316	-0.111298	-0.0726867	-0.0291832	0.0169376	0.0585566	0.0964176	0.108801	0.0885332	0.0401826	-0.0360749	-0.125137	-0.21994	-0.290792	-0.313761	-0.288045	-0.218121	-0.125029	-0.021995	0.0916534	0.20877	0.344498	0.480762	0.583151	0.653	0.678508	0.67628	0.672355	0.669625	0.669625	
0.46706	0.307791	0.145714	-0.00952357	-0.12824	-0.200777	-0.222102	-0.191735	-0.143037	-0.0968178	-0.0603472	-0.0463085	-0.0601077	-0.0882283	-0.119401	-0.163348	-0.20717	-0.233255	-0.241336	-0.238132	-0.209399	-0.165139	-0.101342	-0.020105	0.0543616	0.11764	0.170784	0.198982	0.192143	0.154199	0.0732947	-0.025586	-0.13287	-0.222922	-0.259179	-0.235686	-0.155436	-0.0476395	0.0739719	0.20877	0.359142	0.519907	0.677145	0.804802	0.881594	0.911617	0.917911	0.923026	0.922796	0.922796	
0.39459	0.20447	0.0196138	-0.145046	-0.259103	-0.314257	-0.312174	-0.261575	-0.186241	-0.124602	-0.0762711	-0.0634965	-0.0782921	-0.103354	-0.134465	-0.183564	-0.241529	-0.278063	-0.295357	-0.291334	-0.252563	-0.186244	-0.0924299	0.0223834	0.121812	0.206486	0.278018	0.318861	0.319622	0.279601	0.196522	0.083371	-0.0463957	-0.155286	-0.212431	-0.193684	-0.100279	0.0313732	0.185724	0.344498	0.519907	0.702884	0.870643	1.0028	1.07848	1.10843	1.1093	1.10785	1.10536	1.10536	
0.323214	0.106036	-0.097772	-0.262139	-0.361718	-0.38955	-0.350923	-0.270661	-0.164923	-0.0749805	-0.0139021	0.00125267	-0.0127517	-0.0411264	-0.0804043	-0.139291	-0.214074	-0.268415	-0.298339	-0.296845	-0.250109	-0.164268	-0.0477488	0.0917291	0.212882	0.314989	0.396912	0.4407	0.443965	0.401034	0.310399	0.180739	0.0332481	-0.0950884	-0.165273	-0.147586	-0.0484742	0.102915	0.287666	0.480762	0.677145	0.870643	1.0427	1.16563	1.22746	1.24686	1.23704	1.22301	1.21852	1.21852	
0.262449	0.02463	-0.191554	-0.348332	-0.42745	-0.419372	-0.343374	-0.22739	-0.0883704	0.0310664	0.109084	0.134541	0.122894	0.0920509	0.0433717	-0.0314137	-0.119248	-0.198316	-0.245759	-0.246953	-0.19921	-0.0998862	0.0363182	0.187281	0.32402	0.433778	0.510543	0.551569	0.552995	0.502243	0.40107	0.258879	0.100429	-0.036777	-0.115628	-0.102957	-0.00514175	0.160504	0.365147	0.583151	0.804802	1.0028	1.16563	1.27313	1.32179	1.3289	1.31058	1.29407	1.28107	1.28107	
0.220838	-0.0397586	-0.26006	-0.411589	-0.46679	-0.422503	-0.305508	-0.147819	0.0248242	0.175743	0.27174	0.309062	0.306241	0.272049	0.212515	0.128258	0.0253579	-0.0753403	-0.141265	-0.154978	-0.110089	-0.00284299	0.144451	0.297026	0.437324	0.544495	0.617352	0.655517	0.648115	0.59139	0.480596	0.329728	0.161117	0.0139198	-0.0756462	-0.0788066	0.0163859	0.193172	0.416714	0.653	0.881594	1.07848	1.22746	1.32179	1.36791	1.37153	1.35122	1.33078	1.31096	1.31096	
0.179592	-0.0961535	-0.311602	-0.448145	-0.474627	-0.397585	-0.245311	-0.0485086	0.150758	0.328879	0.445642	0.498938	0.510987	0.475474	0.405439	0.31307	0.194176	0.071574	-0.0191936	-0.0542479	-0.0144788	0.0931125	0.23957	0.392497	0.533566	0.642018	0.71307	0.744781	0.733644	0.67589	0.556504	0.399724	0.223207	0.0636551	-0.0327687	-0.0529792	0.0274199	0.192266	0.420321	0.678508	0.911617	1.10843	1.24686	1.3289	1.37153	1.37689	1.3649	1.34282	1.32756	1.32756	
0.153341	-0.125214	-0.339346	-0.456912	-0.462253	-0.355597	-0.175384	0.0531072	0.279052	0.472918	0.606675	0.681179	0.699701	0.667466	0.589579	0.48171	0.350469	0.20161	0.0780288	0.0199133	0.0467534	0.150311	0.296811	0.450015	0.596714	0.713724	0.786657	0.823051	0.818818	0.759991	0.64118	0.472407	0.284565	0.117418	0.00466393	-0.0350018	0.0225256	0.179966	0.410834	0.67628	0.917911	1.1093	1.23704	1.31058	1.35122	1.3649	1.35984	1.33701	1.32027	1.32027	
0.13898	-0.137478	-0.353059	-0.452345	-0.43647	-0.315071	-0.107147	0.142917	0.386333	0.592508	0.736815	0.825042	0.848446	0.815426	0.728936	0.608019	0.463695	0.294197	0.142552	0.0596776	0.0725814	0.168308	0.311941	0.466926	0.617589	0.744697	0.83133	0.882248	0.885939	0.830654	0.714122	0.537547	0.344509	0.166125	0.0319149	-0.024997	0.0154265	0.168992	0.403749	0.672355	0.923026	1.10785	1.22301	1.29407	1.33078	1.34282	1.33701	1.31151	1.29257	1.29257	
0.137111	-0.138224	-0.348633	-0.439554	-0.411294	-0.283085	-0.0628049	0.195674	0.448963	0.656753	0.80936	0.903071	0.931681	0.89657	0.80498	0.676232	0.519541	0.338368	0.164603	0.0668136	0.0717095	0.163971	0.304264	0.463517	0.621116	0.757577	0.854541	0.909647	0.923296	0.873095	0.759245	0.578841	0.377723	0.195502	0.0531177	-0.0101238	0.0173964	0.158946	0.395982	0.669625	0.922796	1.10536	1.21852	1.28107	1.31096	1.32756	1.32027	1.29257	1.27334	1.27334	
0.137111	-0.138224	-0.348633	-0.439554	-0.411294	-0.283085	-0.0628049	0.195674	0.448963	0.656753	0.80936	0.903071	0.931681	0.89657	0.80498	0.676232	0.519541	0.338368	0.164603	0.0668136	0.0717095	0.163971	0.304264	0.463517	0.621116	0.757577	0.854541	0.909647	0.923296	0.873095	0.759245	0.578841	0.377723	0.195502	0.0531177	-0.0101238	0.0173964	0.158946	0.395982	0.669625	0.922796	1.10536	1.21852	1.28107	1.31096	1.32756	1.32027	1.29257	1.27334	1.27334	
