1.12205	1.12205	1.16781	1.22677	1.28068	1.31755	1.32852	1.27848	1.15999	0.985281	0.783822	0.573297	0.352484	0.126482	-0.0966336	-0.288453	-0.432271	-0.505139	-0.501173	-0.444942	-0.374623	-0.300219	-0.206582	-0.0997777	-0.00584692	0.0688605	0.123796	0.16925	0.213115	0.250474	0.25099	0.204724	0.148362	0.108607	0.0885701	0.0768195	0.064573	0.0519286	0.0465053	0.0367063	0.00670947	-0.0555794	-0.124189	-0.167385	-0.170744	-0.146425	-0.121531	-0.116931	-0.149754	-0.221338	
1.12205	1.12205	1.16781	1.22677	1.28068	1.31755	1.32852	1.27848	1.15999	0.985281	0.783822	0.573297	0.352484	0.126482	-0.0966336	-0.288453	-0.432271	-0.505139	-0.501173	-0.444942	-0.374623	-0.300219	-0.206582	-0.0997777	-0.00584692	0.0688605	0.123796	0.16925	0.213115	0.250474	0.25099	0.204724	0.148362	0.108607	0.0885701	0.0768195	0.064573	0.0519286	0.0465053	0.0367063	0.00670947	-0.0555794	-0.124189	-0.167385	-0.170744	-0.146425	-0.121531	-0.116931	-0.149754	-0.221338	
1.16781	1.16781	1.20665	1.25477	1.29461	1.31946	1.32044	1.26737	1.15146	0.984788	0.793936	0.592521	0.378778	0.154686	-0.0690879	-0.264145	-0.410282	-0.483983	-0.479321	-0.422977	-0.354086	-0.286027	-0.202993	-0.109435	-0.027157	0.041806	0.0970345	0.149201	0.202454	0.248287	0.256727	0.217334	0.167796	0.136827	0.125758	0.123275	0.117068	0.105762	0.0973395	0.0839975	0.0521847	-0.00446452	-0.0625503	-0.0917741	-0.0833939	-0.0514317	-0.0274139	-0.0287331	-0.0712025	-0.152242	
1.22677	1.22677	1.25477	1.28338	1.3024	1.30643	1.29496	1.23846	1.13166	0.983008	0.813804	0.634214	0.435943	0.222502	0.00198113	-0.192862	-0.340361	-0.414703	-0.411952	-0.359105	-0.299423	-0.24582	-0.185563	-0.117842	-0.0574045	-0.00410496	0.0478267	0.105124	0.169934	0.231072	0.255535	0.235565	0.206625	0.195009	0.204212	0.21689	0.22033	0.211599	0.199598	0.179943	0.147272	0.0951011	0.0506906	0.0376721	0.0631129	0.105069	0.135209	0.130616	0.0809826	-0.00845105	
1.28068	1.28068	1.29461	1.3024	1.29495	1.27861	1.25133	1.19484	1.09996	0.975045	0.835471	0.683731	0.511958	0.316776	0.110879	-0.0768182	-0.220156	-0.2958	-0.299445	-0.260901	-0.219555	-0.192268	-0.162805	-0.128423	-0.0982294	-0.0661113	-0.0273934	0.028706	0.102008	0.178359	0.228239	0.239237	0.241515	0.259424	0.289496	0.318333	0.331047	0.326908	0.316159	0.29869	0.26693	0.22253	0.185737	0.183304	0.217867	0.272288	0.311354	0.316994	0.273951	0.187515	
1.31755	1.31755	1.31946	1.30643	1.27861	1.24213	1.20454	1.14739	1.06594	0.964134	0.852202	0.730822	0.586468	0.41821	0.233095	0.0607748	-0.0764479	-0.155162	-0.174867	-0.159464	-0.147951	-0.14972	-0.152658	-0.149933	-0.14667	-0.140021	-0.118383	-0.0729882	-0.000680086	0.0870903	0.158211	0.201284	0.23614	0.278362	0.327994	0.367872	0.389969	0.395523	0.394914	0.38695	0.367239	0.331523	0.304766	0.307937	0.350191	0.410618	0.462839	0.480591	0.451758	0.37882	
1.32852	1.32852	1.32044	1.29496	1.25133	1.20454	1.15725	1.10165	1.02871	0.944099	0.854613	0.757859	0.643711	0.504995	0.350177	0.198436	0.0721969	-0.012604	-0.0518436	-0.0688449	-0.0891066	-0.123058	-0.155045	-0.180181	-0.202849	-0.218497	-0.217997	-0.187163	-0.121064	-0.0329095	0.0510016	0.113236	0.165986	0.223249	0.280549	0.329822	0.362866	0.383361	0.399809	0.410757	0.406239	0.388497	0.373019	0.38588	0.431938	0.498968	0.557565	0.588343	0.576265	0.524555	
1.27848	1.27848	1.26737	1.23846	1.19484	1.14739	1.10165	1.04975	0.986483	0.91619	0.845417	0.773398	0.68958	0.586804	0.466183	0.341465	0.227234	0.139305	0.0780317	0.0320101	-0.0211388	-0.0823306	-0.14244	-0.194836	-0.241423	-0.281069	-0.30021	-0.286175	-0.234178	-0.155524	-0.0786266	-0.0156943	0.0394824	0.0986313	0.163672	0.223606	0.27292	0.311955	0.344866	0.370028	0.380559	0.376981	0.378484	0.402535	0.458062	0.529454	0.595757	0.635643	0.64036	0.611676	
1.15999	1.15999	1.15146	1.13166	1.09996	1.06594	1.02871	0.986483	0.933214	0.876981	0.823991	0.775695	0.723764	0.656756	0.573052	0.475086	0.377827	0.28922	0.216233	0.146533	0.0707975	-0.0151122	-0.10154	-0.182323	-0.254972	-0.315952	-0.353184	-0.355845	-0.320863	-0.265516	-0.209796	-0.164315	-0.121217	-0.0660892	0.00172023	0.0747258	0.14093	0.196803	0.243301	0.277936	0.295748	0.30423	0.315278	0.350315	0.412195	0.490928	0.566918	0.621719	0.645428	0.642052	
0.985281	0.985281	0.984788	0.983008	0.975045	0.964134	0.944099	0.91619	0.876981	0.835768	0.800584	0.773037	0.74736	0.708888	0.65262	0.576971	0.493102	0.411502	0.333913	0.255855	0.166663	0.0665708	-0.0410338	-0.145556	-0.2389	-0.316143	-0.36787	-0.386675	-0.375974	-0.351027	-0.329392	-0.309656	-0.286111	-0.242466	-0.176767	-0.0989955	-0.0228355	0.0447995	0.0988823	0.139969	0.162307	0.176138	0.195399	0.235949	0.304197	0.39139	0.479476	0.548961	0.591494	0.607107	
0.783822	0.783822	0.793936	0.813804	0.835471	0.852202	0.854613	0.845417	0.823991	0.800584	0.780873	0.768644	0.757381	0.73308	0.691034	0.626323	0.555187	0.481944	0.411909	0.334871	0.246108	0.142469	0.0259335	-0.0913	-0.195094	-0.282177	-0.345453	-0.384129	-0.40018	-0.410838	-0.422228	-0.430155	-0.427398	-0.401964	-0.350823	-0.281198	-0.207283	-0.137792	-0.0781949	-0.0344571	-0.00852422	0.0112691	0.0350677	0.082909	0.158057	0.252468	0.351939	0.432925	0.485309	0.514403	
0.573297	0.573297	0.592521	0.634214	0.683731	0.730822	0.757859	0.773398	0.775695	0.773037	0.768644	0.763148	0.754663	0.729523	0.687926	0.627252	0.564066	0.503784	0.445219	0.37931	0.300909	0.207897	0.097051	-0.0182286	-0.124392	-0.216949	-0.295962	-0.357616	-0.403746	-0.444901	-0.484206	-0.510892	-0.527793	-0.522984	-0.49542	-0.44621	-0.38732	-0.324994	-0.270996	-0.226547	-0.198591	-0.170849	-0.134887	-0.0761048	0.00565467	0.105649	0.206902	0.289274	0.347235	0.383622	
0.352484	0.352484	0.378778	0.435943	0.511958	0.586468	0.643711	0.68958	0.723764	0.74736	0.757381	0.754663	0.739233	0.704192	0.655672	0.592966	0.536246	0.48605	0.440717	0.389494	0.33036	0.26096	0.1713	0.0695487	-0.0304767	-0.128618	-0.223221	-0.309631	-0.382067	-0.448917	-0.507597	-0.550715	-0.58241	-0.599695	-0.596857	-0.572135	-0.534015	-0.489461	-0.446194	-0.410404	-0.380603	-0.34239	-0.29232	-0.220254	-0.131114	-0.0327357	0.0665938	0.147064	0.203361	0.243073	
0.126482	0.126482	0.154686	0.222502	0.316776	0.41821	0.504995	0.586804	0.656756	0.708888	0.73308	0.729523	0.704192	0.656713	0.599268	0.533858	0.480264	0.437686	0.404515	0.370485	0.338228	0.30178	0.242071	0.161321	0.0687414	-0.0310419	-0.138544	-0.242906	-0.334496	-0.419314	-0.494032	-0.54824	-0.594164	-0.628265	-0.649167	-0.649902	-0.638318	-0.61634	-0.592516	-0.564613	-0.533889	-0.484229	-0.419647	-0.336732	-0.246648	-0.150706	-0.0566057	0.0189412	0.0730898	0.107428	
-0.0966336	-0.0966336	-0.0690879	0.00198113	0.110879	0.233095	0.350177	0.466183	0.573052	0.65262	0.691034	0.687926	0.655672	0.599268	0.535067	0.466162	0.411539	0.372609	0.347915	0.332731	0.328656	0.327471	0.299814	0.24109	0.162122	0.069149	-0.0381995	-0.147724	-0.250256	-0.349142	-0.438522	-0.506819	-0.563866	-0.614259	-0.654973	-0.67914	-0.69082	-0.689781	-0.679689	-0.661409	-0.632062	-0.580266	-0.511499	-0.425995	-0.333958	-0.237763	-0.142617	-0.068317	-0.0239583	-0.00771649	
-0.288453	-0.288453	-0.264145	-0.192862	-0.0768182	0.0607748	0.198436	0.341465	0.475086	0.576971	0.626323	0.627252	0.592966	0.533858	0.466162	0.393811	0.337803	0.300013	0.285414	0.287353	0.309239	0.336858	0.335103	0.297811	0.23743	0.163106	0.0712362	-0.0317701	-0.134756	-0.241752	-0.341376	-0.419145	-0.486644	-0.550859	-0.611639	-0.657434	-0.68846	-0.701989	-0.702655	-0.692994	-0.672362	-0.627058	-0.56316	-0.478491	-0.385647	-0.287489	-0.191646	-0.123056	-0.0922618	-0.0983184	
-0.432271	-0.432271	-0.410282	-0.340361	-0.220156	-0.0764479	0.0721969	0.227234	0.377827	0.493102	0.555187	0.564066	0.536246	0.480264	0.411539	0.337803	0.278065	0.242067	0.232096	0.244562	0.279125	0.321337	0.336754	0.320342	0.286574	0.245209	0.181621	0.100238	0.00628998	-0.0972724	-0.199476	-0.283447	-0.360208	-0.440049	-0.51905	-0.581856	-0.625515	-0.647401	-0.657465	-0.660715	-0.653803	-0.622685	-0.565434	-0.483375	-0.390621	-0.292187	-0.200541	-0.140982	-0.124704	-0.150917	
-0.505139	-0.505139	-0.483983	-0.414703	-0.2958	-0.155162	-0.012604	0.139305	0.28922	0.411502	0.481944	0.503784	0.48605	0.437686	0.372609	0.300013	0.242067	0.206684	0.197779	0.208864	0.240564	0.282843	0.306538	0.308982	0.305683	0.299578	0.272225	0.217883	0.145917	0.0567109	-0.0358994	-0.118876	-0.199918	-0.289353	-0.380573	-0.455869	-0.510165	-0.545475	-0.568947	-0.587332	-0.593036	-0.567408	-0.512513	-0.432077	-0.342773	-0.255246	-0.17698	-0.130981	-0.129705	-0.171371	
-0.501173	-0.501173	-0.479321	-0.411952	-0.299445	-0.174867	-0.0518436	0.0780317	0.216233	0.333913	0.411909	0.445219	0.440717	0.404515	0.347915	0.285414	0.232096	0.197779	0.18117	0.177878	0.193422	0.223811	0.249217	0.267021	0.288903	0.315969	0.320916	0.298287	0.25136	0.18472	0.106391	0.0313862	-0.0452318	-0.133531	-0.226	-0.307951	-0.374406	-0.422471	-0.459098	-0.485027	-0.489992	-0.464244	-0.407593	-0.332696	-0.257855	-0.187792	-0.129242	-0.102542	-0.116572	-0.172779	
-0.444942	-0.444942	-0.422977	-0.359105	-0.260901	-0.159464	-0.0688449	0.0320101	0.146533	0.255855	0.334871	0.37931	0.389494	0.370485	0.332731	0.287353	0.244562	0.208864	0.177878	0.153491	0.145512	0.159442	0.180718	0.205299	0.243925	0.291873	0.323458	0.325456	0.302103	0.255196	0.195461	0.13656	0.077015	0.00428131	-0.0806572	-0.166182	-0.241248	-0.299743	-0.338	-0.357588	-0.354725	-0.321564	-0.267123	-0.205734	-0.149246	-0.105758	-0.0765919	-0.0759824	-0.115446	-0.194159	
-0.374623	-0.374623	-0.354086	-0.299423	-0.219555	-0.147951	-0.0891066	-0.0211388	0.0707975	0.166663	0.246108	0.300909	0.33036	0.338228	0.328656	0.309239	0.279125	0.240564	0.193422	0.145512	0.11399	0.106478	0.115533	0.136025	0.178302	0.236278	0.282432	0.300742	0.292179	0.264287	0.228087	0.196677	0.167059	0.117426	0.0457757	-0.0388195	-0.117612	-0.174224	-0.204228	-0.212363	-0.197037	-0.16279	-0.114148	-0.0675544	-0.035356	-0.0219604	-0.0276264	-0.0646958	-0.136822	-0.238454	
-0.300219	-0.300219	-0.286027	-0.24582	-0.192268	-0.14972	-0.123058	-0.0823306	-0.0151122	0.0665708	0.142469	0.207897	0.26096	0.30178	0.327471	0.336858	0.321337	0.282843	0.223811	0.159442	0.106478	0.0756504	0.0647429	0.072133	0.108976	0.16524	0.214413	0.23656	0.236824	0.227342	0.220275	0.223864	0.225989	0.203287	0.14904	0.0745901	0.00615238	-0.0394792	-0.0579389	-0.0552145	-0.0382127	-0.007597	0.0301749	0.0570404	0.0664469	0.0500912	0.00922935	-0.060795	-0.161251	-0.285569	
-0.206582	-0.206582	-0.202993	-0.185563	-0.162805	-0.152658	-0.155045	-0.14244	-0.10154	-0.0410338	0.0259335	0.097051	0.1713	0.242071	0.299814	0.335103	0.336754	0.306538	0.249217	0.180718	0.115533	0.0647429	0.0350712	0.0284037	0.0562704	0.102578	0.143098	0.160808	0.165144	0.172938	0.193794	0.225933	0.255492	0.257671	0.228207	0.176628	0.12751	0.0971725	0.0895807	0.0966679	0.113866	0.13687	0.159354	0.165059	0.147636	0.101796	0.0314158	-0.0644389	-0.18463	-0.318076	
-0.0997777	-0.0997777	-0.109435	-0.117842	-0.128423	-0.149933	-0.180181	-0.194836	-0.182323	-0.145556	-0.0913	-0.0182286	0.0695487	0.161321	0.24109	0.297811	0.320342	0.308982	0.267021	0.205299	0.136025	0.072133	0.0284037	0.0118876	0.0307616	0.0638653	0.094299	0.107541	0.117844	0.139131	0.17549	0.223168	0.26732	0.291331	0.290201	0.26561	0.239691	0.227654	0.233909	0.253076	0.27482	0.291075	0.295742	0.272851	0.223686	0.146484	0.0486563	-0.0680317	-0.198204	-0.333496	
-0.00584692	-0.00584692	-0.027157	-0.0574045	-0.0982294	-0.14667	-0.202849	-0.241423	-0.254972	-0.2389	-0.195094	-0.124392	-0.0304767	0.0687414	0.162122	0.23743	0.286574	0.305683	0.288903	0.243925	0.178302	0.108976	0.0562704	0.0307616	0.038134	0.0575817	0.0771779	0.0890064	0.102135	0.126978	0.167257	0.221345	0.278393	0.327827	0.355905	0.359711	0.356104	0.363651	0.389207	0.426357	0.455835	0.469119	0.454986	0.403431	0.320257	0.209016	0.0787347	-0.0610491	-0.204551	-0.343493	
0.0688605	0.0688605	0.041806	-0.00410496	-0.0661113	-0.140021	-0.218497	-0.281069	-0.315952	-0.316143	-0.282177	-0.216949	-0.128618	-0.0310419	0.069149	0.163106	0.245209	0.299578	0.315969	0.291873	0.236278	0.16524	0.102578	0.0638653	0.0575817	0.0621849	0.0742971	0.0813322	0.0912082	0.110051	0.148533	0.209237	0.28378	0.357491	0.415265	0.446481	0.469055	0.503852	0.557141	0.616181	0.658872	0.667951	0.633013	0.548976	0.42596	0.275549	0.114455	-0.0485088	-0.206565	-0.35253	
0.123796	0.123796	0.0970345	0.0478267	-0.0273934	-0.118383	-0.217997	-0.30021	-0.353184	-0.36787	-0.345453	-0.295962	-0.223221	-0.138544	-0.0381995	0.0712362	0.181621	0.272225	0.320916	0.323458	0.282432	0.214413	0.143098	0.094299	0.0771779	0.0742971	0.0759433	0.0730617	0.0693073	0.0768875	0.112337	0.18329	0.272765	0.370387	0.454654	0.517429	0.572826	0.640888	0.723564	0.80821	0.861377	0.86546	0.807398	0.686239	0.522457	0.336997	0.145922	-0.0411864	-0.218698	-0.38454	
0.16925	0.16925	0.149201	0.105124	0.028706	-0.0729882	-0.187163	-0.286175	-0.355845	-0.386675	-0.384129	-0.357616	-0.309631	-0.242906	-0.147724	-0.0317701	0.100238	0.217883	0.298287	0.325456	0.300742	0.23656	0.160808	0.107541	0.0890064	0.0813322	0.0730617	0.0557108	0.0409275	0.0418761	0.0811189	0.15969	0.260897	0.372316	0.477928	0.568657	0.652969	0.749961	0.861689	0.968356	1.0339	1.0338	0.952067	0.801147	0.604773	0.389697	0.172956	-0.0405128	-0.246312	-0.43349	
0.213115	0.213115	0.202454	0.169934	0.102008	-0.000680086	-0.121064	-0.234178	-0.320863	-0.375974	-0.40018	-0.403746	-0.382067	-0.334496	-0.250256	-0.134756	0.00628998	0.145917	0.25136	0.302103	0.292179	0.236824	0.165144	0.117844	0.102135	0.0912082	0.0693073	0.0409275	0.0208809	0.0238597	0.0667179	0.150614	0.257316	0.378108	0.500205	0.61072	0.715711	0.832729	0.961819	1.08058	1.14851	1.13708	1.03989	0.870664	0.658147	0.42893	0.195261	-0.0398967	-0.265531	-0.469782	
0.250474	0.250474	0.248287	0.231072	0.178359	0.0870903	-0.0329095	-0.155524	-0.265516	-0.351027	-0.410838	-0.444901	-0.448917	-0.419314	-0.349142	-0.241752	-0.0972724	0.0567109	0.18472	0.255196	0.264287	0.227342	0.172938	0.139131	0.126978	0.110051	0.0768875	0.0418761	0.0238597	0.0287899	0.0724567	0.157182	0.266983	0.394922	0.52578	0.648722	0.764575	0.88918	1.01962	1.13146	1.18533	1.16033	1.04928	0.87164	0.652602	0.417452	0.180864	-0.056155	-0.282637	-0.486996	
0.25099	0.25099	0.256727	0.255535	0.228239	0.158211	0.0510016	-0.0786266	-0.209796	-0.329392	-0.422228	-0.484206	-0.507597	-0.494032	-0.438522	-0.341376	-0.199476	-0.0358994	0.106391	0.195461	0.228087	0.220275	0.193794	0.17549	0.167257	0.148533	0.112337	0.0811189	0.0667179	0.0724567	0.113784	0.194934	0.306309	0.431827	0.563273	0.687831	0.803927	0.92089	1.03477	1.1218	1.15418	1.10865	0.982021	0.791361	0.564332	0.332349	0.109012	-0.107457	-0.313202	-0.497002	
0.204724	0.204724	0.217334	0.235565	0.239237	0.201284	0.113236	-0.0156943	-0.164315	-0.309656	-0.430155	-0.510892	-0.550715	-0.54824	-0.506819	-0.419145	-0.283447	-0.118876	0.0313862	0.13656	0.196677	0.223864	0.225933	0.223168	0.221345	0.209237	0.18329	0.15969	0.150614	0.157182	0.194934	0.274462	0.380933	0.499081	0.622604	0.737109	0.837933	0.928005	1.00603	1.05734	1.05815	0.984648	0.836441	0.631298	0.406784	0.190566	-0.00326535	-0.18939	-0.36146	-0.510409	
0.148362	0.148362	0.167796	0.206625	0.241515	0.23614	0.165986	0.0394824	-0.121217	-0.286111	-0.427398	-0.527793	-0.58241	-0.594164	-0.563866	-0.486644	-0.360208	-0.199918	-0.0452318	0.077015	0.167059	0.225989	0.255492	0.26732	0.278393	0.28378	0.272765	0.260897	0.257316	0.266983	0.306309	0.380933	0.480951	0.587135	0.691929	0.782583	0.849048	0.896694	0.93029	0.937436	0.896193	0.788016	0.615383	0.406179	0.195605	0.00847938	-0.151625	-0.294955	-0.418795	-0.510362	
0.108607	0.108607	0.136827	0.195009	0.259424	0.278362	0.223249	0.0986313	-0.0660892	-0.242466	-0.401964	-0.522984	-0.599695	-0.628265	-0.614259	-0.550859	-0.440049	-0.289353	-0.133531	0.00428131	0.117426	0.203287	0.257671	0.291331	0.327827	0.357491	0.370387	0.372316	0.378108	0.394922	0.431827	0.499081	0.587135	0.671642	0.748236	0.798235	0.822319	0.825842	0.811906	0.76713	0.677946	0.5316	0.346498	0.143807	-0.0431301	-0.200231	-0.318781	-0.410419	-0.47013	-0.491556	
0.0885701	0.0885701	0.125758	0.204212	0.289496	0.327994	0.280549	0.163672	0.00172023	-0.176767	-0.350823	-0.49542	-0.596857	-0.649167	-0.654973	-0.611639	-0.51905	-0.380573	-0.226	-0.0806572	0.0457757	0.14904	0.228207	0.290201	0.355905	0.415265	0.454654	0.477928	0.500205	0.52578	0.563273	0.622604	0.691929	0.748236	0.779194	0.781061	0.759629	0.717113	0.651953	0.554926	0.42084	0.255608	0.0708606	-0.118233	-0.284256	-0.411977	-0.490112	-0.524891	-0.518483	-0.475553	
0.0768195	0.0768195	0.123275	0.21689	0.318333	0.367872	0.329822	0.223606	0.0747258	-0.0989955	-0.281198	-0.44621	-0.572135	-0.649902	-0.67914	-0.657434	-0.581856	-0.455869	-0.307951	-0.166182	-0.0388195	0.0745901	0.176628	0.26561	0.359711	0.446481	0.517429	0.568657	0.61072	0.648722	0.687831	0.737109	0.782583	0.798235	0.781061	0.735683	0.669928	0.582467	0.467055	0.32577	0.165768	-0.0067307	-0.186076	-0.361618	-0.507742	-0.604377	-0.641499	-0.626516	-0.570165	-0.478334	
0.064573	0.064573	0.117068	0.22033	0.331047	0.389969	0.362866	0.27292	0.14093	-0.0228355	-0.207283	-0.38732	-0.534015	-0.638318	-0.69082	-0.68846	-0.625515	-0.510165	-0.374406	-0.241248	-0.117612	0.00615238	0.12751	0.239691	0.356104	0.469055	0.572826	0.652969	0.715711	0.764575	0.803927	0.837933	0.849048	0.822319	0.759629	0.669928	0.562021	0.43051	0.278437	0.113774	-0.0585334	-0.232497	-0.406066	-0.569238	-0.692889	-0.761976	-0.769138	-0.720863	-0.6301	-0.504697	
0.0519286	0.0519286	0.105762	0.211599	0.326908	0.395523	0.383361	0.311955	0.196803	0.0447995	-0.137792	-0.324994	-0.489461	-0.61634	-0.689781	-0.701989	-0.647401	-0.545475	-0.422471	-0.299743	-0.174224	-0.0394792	0.0971725	0.227654	0.363651	0.503852	0.640888	0.749961	0.832729	0.88918	0.92089	0.928005	0.896694	0.825842	0.717113	0.582467	0.43051	0.26937	0.101442	-0.0691435	-0.244787	-0.417042	-0.581581	-0.724993	-0.82882	-0.878379	-0.865964	-0.797597	-0.683787	-0.536975	
0.0465053	0.0465053	0.0973395	0.199598	0.316159	0.394914	0.399809	0.344866	0.243301	0.0988823	-0.0781949	-0.270996	-0.446194	-0.592516	-0.679689	-0.702655	-0.657465	-0.568947	-0.459098	-0.338	-0.204228	-0.0579389	0.0895807	0.233909	0.389207	0.557141	0.723564	0.861689	0.961819	1.01962	1.03477	1.00603	0.93029	0.811906	0.651953	0.467055	0.278437	0.101442	-0.067692	-0.2367	-0.411169	-0.573408	-0.71957	-0.841396	-0.927183	-0.958395	-0.930686	-0.842913	-0.714178	-0.554935	
0.0367063	0.0367063	0.0839975	0.179943	0.29869	0.38695	0.410757	0.370028	0.277936	0.139969	-0.0344571	-0.226547	-0.410404	-0.564613	-0.661409	-0.692994	-0.660715	-0.587332	-0.485027	-0.357588	-0.212363	-0.0552145	0.0966679	0.253076	0.426357	0.616181	0.80821	0.968356	1.08058	1.13146	1.1218	1.05734	0.937436	0.76713	0.554926	0.32577	0.113774	-0.0691435	-0.2367	-0.404814	-0.570451	-0.719391	-0.845331	-0.946178	-1.00862	-1.01858	-0.965554	-0.862862	-0.722153	-0.557196	
0.00670947	0.00670947	0.0521847	0.147272	0.26693	0.367239	0.406239	0.380559	0.295748	0.162307	-0.00852422	-0.198591	-0.380603	-0.533889	-0.632062	-0.672362	-0.653803	-0.593036	-0.489992	-0.354725	-0.197037	-0.0382127	0.113866	0.27482	0.455835	0.658872	0.861377	1.0339	1.14851	1.18533	1.15418	1.05815	0.896193	0.677946	0.42084	0.165768	-0.0585334	-0.244787	-0.411169	-0.570451	-0.724712	-0.859132	-0.970627	-1.04945	-1.0879	-1.06959	-0.995087	-0.875474	-0.723902	-0.556478	
-0.0555794	-0.0555794	-0.00446452	0.0951011	0.22253	0.331523	0.388497	0.376981	0.30423	0.176138	0.0112691	-0.170849	-0.34239	-0.484229	-0.580266	-0.627058	-0.622685	-0.567408	-0.464244	-0.321564	-0.16279	-0.007597	0.13687	0.291075	0.469119	0.667951	0.86546	1.0338	1.13708	1.16033	1.10865	0.984648	0.788016	0.5316	0.255608	-0.0067307	-0.232497	-0.417042	-0.573408	-0.719391	-0.859132	-0.986442	-1.08329	-1.14065	-1.15143	-1.10987	-1.01378	-0.882613	-0.729674	-0.565709	
-0.124189	-0.124189	-0.0625503	0.0506906	0.185737	0.304766	0.373019	0.378484	0.315278	0.195399	0.0350677	-0.134887	-0.29232	-0.419647	-0.511499	-0.56316	-0.565434	-0.512513	-0.407593	-0.267123	-0.114148	0.0301749	0.159354	0.295742	0.454986	0.633013	0.807398	0.952067	1.03989	1.04928	0.982021	0.836441	0.615383	0.346498	0.0708606	-0.186076	-0.406066	-0.581581	-0.71957	-0.845331	-0.970627	-1.08329	-1.16171	-1.1962	-1.18404	-1.12439	-1.01669	-0.887752	-0.740889	-0.584547	
-0.167385	-0.167385	-0.0917741	0.0376721	0.183304	0.307937	0.38588	0.402535	0.350315	0.235949	0.082909	-0.0761048	-0.220254	-0.336732	-0.425995	-0.478491	-0.483375	-0.432077	-0.332696	-0.205734	-0.0675544	0.0570404	0.165059	0.272851	0.403431	0.548976	0.686239	0.801147	0.870664	0.87164	0.791361	0.631298	0.406179	0.143807	-0.118233	-0.361618	-0.569238	-0.724993	-0.841396	-0.946178	-1.04945	-1.14065	-1.1962	-1.20656	-1.17261	-1.09799	-0.990338	-0.869941	-0.73325	-0.585191	
-0.170744	-0.170744	-0.0833939	0.0631129	0.217867	0.350191	0.431938	0.458062	0.412195	0.304197	0.158057	0.00565467	-0.131114	-0.246648	-0.333958	-0.385647	-0.390621	-0.342773	-0.257855	-0.149246	-0.035356	0.0664469	0.147636	0.223686	0.320257	0.42596	0.522457	0.604773	0.658147	0.652602	0.564332	0.406784	0.195605	-0.0431301	-0.284256	-0.507742	-0.692889	-0.82882	-0.927183	-1.00862	-1.0879	-1.15143	-1.18404	-1.17261	-1.11976	-1.0398	-0.937355	-0.819464	-0.686986	-0.544943	
-0.146425	-0.146425	-0.0514317	0.105069	0.272288	0.410618	0.498968	0.529454	0.490928	0.39139	0.252468	0.105649	-0.0327357	-0.150706	-0.237763	-0.287489	-0.292187	-0.255246	-0.187792	-0.105758	-0.0219604	0.0500912	0.101796	0.146484	0.209016	0.275549	0.336997	0.389697	0.42893	0.417452	0.332349	0.190566	0.00847938	-0.200231	-0.411977	-0.604377	-0.761976	-0.878379	-0.958395	-1.01858	-1.06959	-1.10987	-1.12439	-1.09799	-1.0398	-0.960422	-0.854332	-0.730786	-0.596256	-0.455036	
-0.121531	-0.121531	-0.0274139	0.135209	0.311354	0.462839	0.557565	0.595757	0.566918	0.479476	0.351939	0.206902	0.0665938	-0.0566057	-0.142617	-0.191646	-0.200541	-0.17698	-0.129242	-0.0765919	-0.0276264	0.00922935	0.0314158	0.0486563	0.0787347	0.114455	0.145922	0.172956	0.195261	0.180864	0.109012	-0.00326535	-0.151625	-0.318781	-0.490112	-0.641499	-0.769138	-0.865964	-0.930686	-0.965554	-0.995087	-1.01378	-1.01669	-0.990338	-0.937355	-0.854332	-0.743327	-0.610173	-0.469287	-0.318634	
-0.116931	-0.116931	-0.0287331	0.130616	0.316994	0.480591	0.588343	0.635643	0.621719	0.548961	0.432925	0.289274	0.147064	0.0189412	-0.068317	-0.123056	-0.140982	-0.130981	-0.102542	-0.0759824	-0.0646958	-0.060795	-0.0644389	-0.0680317	-0.0610491	-0.0485088	-0.0411864	-0.0405128	-0.0398967	-0.056155	-0.107457	-0.18939	-0.294955	-0.410419	-0.524891	-0.626516	-0.720863	-0.797597	-0.842913	-0.862862	-0.875474	-0.882613	-0.887752	-0.869941	-0.819464	-0.730786	-0.610173	-0.466878	-0.314977	-0.14757	
-0.149754	-0.149754	-0.0712025	0.0809826	0.273951	0.451758	0.576265	0.64036	0.645428	0.591494	0.485309	0.347235	0.203361	0.0730898	-0.0239583	-0.0922618	-0.124704	-0.129705	-0.116572	-0.115446	-0.136822	-0.161251	-0.18463	-0.198204	-0.204551	-0.206565	-0.218698	-0.246312	-0.265531	-0.282637	-0.313202	-0.36146	-0.418795	-0.47013	-0.518483	-0.570165	-0.6301	-0.683787	-0.714178	-0.722153	-0.723902	-0.729674	-0.740889	-0.73325	-0.686986	-0.596256	-0.469287	-0.314977	-0.143049	0.0288865	
-0.221338	-0.221338	-0.152242	-0.00845105	0.187515	0.37882	0.524555	0.611676	0.642052	0.607107	0.514403	0.383622	0.243073	0.107428	-0.00771649	-0.0983184	-0.150917	-0.171371	-0.172779	-0.194159	-0.238454	-0.285569	-0.318076	-0.333496	-0.343493	-0.35253	-0.38454	-0.43349	-0.469782	-0.486996	-0.497002	-0.510409	-0.510362	-0.491556	-0.475553	-0.478334	-0.504697	-0.536975	-0.554935	-0.557196	-0.556478	-0.565709	-0.584547	-0.585191	-0.544943	-0.455036	-0.318634	-0.14757	0.0288865	0.188273	
