0.223742	0.223742	0.208174	0.204617	0.240513	0.31152	0.39478	0.484582	0.569356	0.620882	0.618539	0.566313	0.472045	0.343386	0.176995	-0.0186456	-0.202606	-0.351805	-0.472504	-0.58002	-0.682374	-0.792047	-0.887691	-0.960758	-1.01522	-1.05288	-1.08129	-1.10312	-1.10045	-1.05635	-0.983981	-0.88745	-0.764788	-0.611798	-0.43795	-0.267941	-0.125359	-0.0262191	0.0435665	0.107687	0.173373	0.243269	0.318261	0.412179	0.528895	0.664979	0.803544	0.930262	1.04915	1.16022	
0.223742	0.223742	0.208174	0.204617	0.240513	0.31152	0.39478	0.484582	0.569356	0.620882	0.618539	0.566313	0.472045	0.343386	0.176995	-0.0186456	-0.202606	-0.351805	-0.472504	-0.58002	-0.682374	-0.792047	-0.887691	-0.960758	-1.01522	-1.05288	-1.08129	-1.10312	-1.10045	-1.05635	-0.983981	-0.88745	-0.764788	-0.611798	-0.43795	-0.267941	-0.125359	-0.0262191	0.0435665	0.107687	0.173373	0.243269	0.318261	0.412179	0.528895	0.664979	0.803544	0.930262	1.04915	1.16022	
0.208174	0.208174	0.201138	0.215456	0.267551	0.336276	0.400926	0.468351	0.535198	0.570562	0.558465	0.505231	0.417581	0.299951	0.153716	-0.0144234	-0.177092	-0.319879	-0.442697	-0.548041	-0.643411	-0.74878	-0.848535	-0.932205	-0.997341	-1.04306	-1.07478	-1.09815	-1.09748	-1.05726	-0.987738	-0.892875	-0.772199	-0.622909	-0.45085	-0.277794	-0.125182	-0.0117699	0.0722915	0.144213	0.211671	0.279994	0.3524	0.434904	0.528973	0.639347	0.762721	0.886302	1.00393	1.11276	
0.204617	0.204617	0.215456	0.253191	0.314988	0.373065	0.411843	0.44957	0.48253	0.487237	0.455237	0.401108	0.323279	0.223377	0.106162	-0.020159	-0.142519	-0.263747	-0.382978	-0.491232	-0.585493	-0.687543	-0.789419	-0.882645	-0.963647	-1.02447	-1.06795	-1.09642	-1.09837	-1.05884	-0.988728	-0.892885	-0.775114	-0.631023	-0.461946	-0.281717	-0.113582	0.0204175	0.121245	0.202334	0.269085	0.333886	0.398387	0.462923	0.522148	0.594183	0.692757	0.806622	0.920291	1.02892	
0.240513	0.240513	0.267551	0.314988	0.368501	0.404701	0.418115	0.420779	0.416044	0.386839	0.335992	0.273345	0.201837	0.121705	0.0392394	-0.0413994	-0.117103	-0.202935	-0.308987	-0.419296	-0.518592	-0.619083	-0.718666	-0.818411	-0.91378	-0.994047	-1.05237	-1.09061	-1.09507	-1.05481	-0.981513	-0.884526	-0.767212	-0.626217	-0.458374	-0.275075	-0.0948345	0.0544316	0.168841	0.257745	0.332771	0.398976	0.452218	0.486699	0.509564	0.545249	0.610356	0.70012	0.804853	0.91938	
0.31152	0.31152	0.336276	0.373065	0.404701	0.414936	0.393472	0.358499	0.320737	0.275463	0.210648	0.137351	0.0677695	0.0144842	-0.0277001	-0.0668621	-0.103526	-0.154678	-0.234324	-0.334133	-0.432567	-0.532786	-0.633203	-0.738239	-0.846912	-0.941992	-1.01653	-1.06613	-1.0777	-1.03816	-0.963207	-0.863602	-0.745262	-0.603857	-0.439317	-0.257931	-0.0779773	0.0774861	0.202324	0.308485	0.398393	0.469859	0.506865	0.511031	0.496634	0.496662	0.529044	0.591356	0.682792	0.799908	
0.39478	0.39478	0.400926	0.411843	0.418115	0.393472	0.332175	0.258949	0.201754	0.145538	0.0766081	0.00246504	-0.050173	-0.073234	-0.0805602	-0.090365	-0.103467	-0.126563	-0.175412	-0.250062	-0.339178	-0.438773	-0.540684	-0.648332	-0.759873	-0.864903	-0.952753	-1.01686	-1.03499	-0.996999	-0.920722	-0.823018	-0.70691	-0.569741	-0.411056	-0.23941	-0.0652714	0.0920567	0.229693	0.35162	0.456597	0.526362	0.546193	0.522275	0.483857	0.459603	0.460452	0.492562	0.564093	0.672569	
0.484582	0.484582	0.468351	0.44957	0.420779	0.358499	0.258949	0.159099	0.0761951	0.00380721	-0.0655602	-0.114716	-0.136791	-0.133504	-0.120116	-0.111488	-0.110229	-0.120208	-0.147522	-0.19827	-0.26999	-0.36092	-0.458248	-0.558012	-0.663497	-0.76822	-0.864496	-0.934781	-0.956783	-0.921057	-0.849661	-0.759093	-0.653309	-0.525177	-0.375081	-0.210727	-0.0464067	0.106404	0.246748	0.376318	0.477817	0.536814	0.546053	0.519431	0.472624	0.428729	0.407628	0.41874	0.468177	0.553976	
0.569356	0.569356	0.535198	0.48253	0.416044	0.320737	0.201754	0.0761951	-0.0370404	-0.132314	-0.190736	-0.210466	-0.202261	-0.18035	-0.15135	-0.129338	-0.125268	-0.139344	-0.166261	-0.201439	-0.251553	-0.322742	-0.404156	-0.486808	-0.571898	-0.661345	-0.7454	-0.808449	-0.828921	-0.802131	-0.742972	-0.666899	-0.574382	-0.459735	-0.322735	-0.175092	-0.0294083	0.106437	0.236313	0.354553	0.445192	0.493254	0.504924	0.489594	0.454064	0.408774	0.371319	0.362479	0.389229	0.44999	
0.620882	0.620882	0.570562	0.487237	0.386839	0.275463	0.145538	0.00380721	-0.132314	-0.232598	-0.284108	-0.288205	-0.261182	-0.216479	-0.172198	-0.146728	-0.148412	-0.172356	-0.202881	-0.230898	-0.263954	-0.313332	-0.371757	-0.427417	-0.482083	-0.538299	-0.593345	-0.636383	-0.654155	-0.637434	-0.592683	-0.529859	-0.453947	-0.36276	-0.255331	-0.137539	-0.0206599	0.0894089	0.194859	0.293508	0.368715	0.415375	0.439025	0.443913	0.425308	0.387597	0.350951	0.330302	0.335619	0.373186	
0.618539	0.618539	0.558465	0.455237	0.335992	0.210648	0.0766081	-0.0655602	-0.190736	-0.284108	-0.337193	-0.345578	-0.306113	-0.246221	-0.20133	-0.18606	-0.192868	-0.211885	-0.236895	-0.261988	-0.289295	-0.318887	-0.347912	-0.371461	-0.389568	-0.403947	-0.417472	-0.430642	-0.433579	-0.418823	-0.386344	-0.345505	-0.299648	-0.247796	-0.186294	-0.113626	-0.0349148	0.0444621	0.122931	0.198565	0.270031	0.329625	0.372083	0.390841	0.387479	0.368066	0.336483	0.305899	0.295351	0.32134	
0.566313	0.566313	0.505231	0.401108	0.273345	0.137351	0.00246504	-0.114716	-0.210466	-0.288205	-0.345578	-0.359967	-0.328792	-0.28504	-0.262547	-0.260079	-0.262213	-0.265371	-0.277762	-0.301253	-0.325445	-0.336336	-0.33695	-0.330823	-0.31242	-0.279691	-0.24265	-0.209978	-0.182201	-0.158724	-0.139778	-0.129581	-0.125817	-0.124738	-0.117445	-0.0986758	-0.067077	-0.0276626	0.0169387	0.0739999	0.148839	0.229822	0.292805	0.321856	0.327896	0.322319	0.310051	0.29055	0.281662	0.303803	
0.472045	0.472045	0.417581	0.323279	0.201837	0.0677695	-0.050173	-0.136791	-0.202261	-0.261182	-0.306113	-0.328792	-0.334136	-0.338511	-0.346228	-0.350906	-0.346652	-0.337881	-0.338145	-0.352929	-0.368922	-0.36524	-0.345968	-0.309059	-0.246439	-0.160211	-0.0682929	0.0147877	0.0790567	0.115115	0.123398	0.101613	0.0595512	0.0100636	-0.0385911	-0.0791659	-0.106456	-0.114307	-0.100867	-0.059643	0.0152084	0.10494	0.179319	0.221105	0.242712	0.259155	0.270593	0.277815	0.289748	0.314778	
0.343386	0.343386	0.299951	0.223377	0.121705	0.0144842	-0.073234	-0.133504	-0.18035	-0.216479	-0.246221	-0.28504	-0.338511	-0.389287	-0.421507	-0.432804	-0.430352	-0.419459	-0.409913	-0.407764	-0.408434	-0.393138	-0.352323	-0.275036	-0.158926	-0.0211868	0.117705	0.24143	0.332972	0.378065	0.377887	0.32969	0.24796	0.147518	0.0454974	-0.0508619	-0.131593	-0.187283	-0.207248	-0.183444	-0.118681	-0.0347555	0.0461857	0.107616	0.155511	0.192315	0.228516	0.267228	0.306257	0.338079	
0.176995	0.176995	0.153716	0.106162	0.0392394	-0.0277001	-0.0805602	-0.120116	-0.15135	-0.172198	-0.20133	-0.262547	-0.346228	-0.421507	-0.469764	-0.492486	-0.499856	-0.499896	-0.48973	-0.470008	-0.447002	-0.405821	-0.331233	-0.208722	-0.047782	0.130769	0.305019	0.458987	0.570183	0.618405	0.605957	0.533918	0.417159	0.275523	0.128516	-0.0127595	-0.143011	-0.242502	-0.293014	-0.291908	-0.248444	-0.177372	-0.0904969	-0.00319778	0.073302	0.13178	0.184018	0.243272	0.306812	0.35396	
-0.0186456	-0.0186456	-0.0144234	-0.020159	-0.0413994	-0.0668621	-0.090365	-0.111488	-0.129338	-0.146728	-0.18606	-0.260079	-0.350906	-0.432804	-0.492486	-0.526768	-0.550204	-0.568638	-0.566236	-0.532418	-0.476089	-0.391709	-0.273805	-0.118431	0.0706077	0.274187	0.471895	0.647041	0.7713	0.815999	0.790525	0.701884	0.56276	0.386501	0.204388	0.027778	-0.136233	-0.269514	-0.352197	-0.382016	-0.36505	-0.310963	-0.223293	-0.120091	-0.0177098	0.0660824	0.141042	0.217558	0.294319	0.353194	
-0.202606	-0.202606	-0.177092	-0.142519	-0.117103	-0.103526	-0.103467	-0.110229	-0.125268	-0.148412	-0.192868	-0.262213	-0.346652	-0.430352	-0.499856	-0.550204	-0.588394	-0.61544	-0.611076	-0.562638	-0.47338	-0.343249	-0.187924	-0.00745554	0.198223	0.412018	0.611888	0.788604	0.91155	0.94963	0.917596	0.822494	0.669153	0.474675	0.270094	0.0693854	-0.117292	-0.268427	-0.373901	-0.437107	-0.455759	-0.423353	-0.341563	-0.231341	-0.109778	0.00430768	0.107167	0.195924	0.27589	0.337105	
-0.351805	-0.351805	-0.319879	-0.263747	-0.202935	-0.154678	-0.126563	-0.120208	-0.139344	-0.172356	-0.211885	-0.265371	-0.337881	-0.419459	-0.499896	-0.568638	-0.61544	-0.631096	-0.608121	-0.54114	-0.42616	-0.265802	-0.0820121	0.118194	0.33263	0.538494	0.720652	0.876468	0.980827	1.00891	0.977177	0.883994	0.734165	0.541813	0.334999	0.12529	-0.0721704	-0.241097	-0.373826	-0.469079	-0.514747	-0.500958	-0.431268	-0.32575	-0.193202	-0.0540123	0.0722509	0.173091	0.254145	0.314036	
-0.472504	-0.472504	-0.442697	-0.382978	-0.308987	-0.234324	-0.175412	-0.147522	-0.166261	-0.202881	-0.236895	-0.277762	-0.338145	-0.409913	-0.48973	-0.566236	-0.611076	-0.608121	-0.558715	-0.466642	-0.331082	-0.152025	0.0484758	0.256486	0.45945	0.640425	0.78834	0.905704	0.97923	0.994457	0.962468	0.880182	0.753877	0.590238	0.404559	0.202882	-0.00136394	-0.187478	-0.34318	-0.465111	-0.537102	-0.544202	-0.494241	-0.404252	-0.271552	-0.120006	0.0235967	0.138079	0.229988	0.297273	
-0.58002	-0.58002	-0.548041	-0.491232	-0.419296	-0.334133	-0.250062	-0.19827	-0.201439	-0.230898	-0.261988	-0.301253	-0.352929	-0.407764	-0.470008	-0.532418	-0.562638	-0.54114	-0.466642	-0.348965	-0.19307	-0.00101459	0.205931	0.401969	0.575402	0.714966	0.814193	0.883612	0.924326	0.922927	0.891351	0.83046	0.736493	0.604368	0.449242	0.273281	0.0810159	-0.107788	-0.275985	-0.417161	-0.511647	-0.54652	-0.528455	-0.45978	-0.337205	-0.185756	-0.0351876	0.0943466	0.204134	0.288199	
-0.682374	-0.682374	-0.643411	-0.585493	-0.518592	-0.432567	-0.339178	-0.26999	-0.251553	-0.263954	-0.289295	-0.325445	-0.368922	-0.408434	-0.447002	-0.476089	-0.47338	-0.42616	-0.331082	-0.19307	-0.0216526	0.175343	0.370973	0.540635	0.673295	0.759647	0.800871	0.825804	0.835029	0.813303	0.783181	0.745439	0.679075	0.57366	0.451621	0.30986	0.148435	-0.0175317	-0.178668	-0.327603	-0.442665	-0.507619	-0.518482	-0.477532	-0.381568	-0.251164	-0.103191	0.0410228	0.176311	0.285863	
-0.792047	-0.792047	-0.74878	-0.687543	-0.619083	-0.532786	-0.438773	-0.36092	-0.322742	-0.313332	-0.318887	-0.336336	-0.36524	-0.393138	-0.405821	-0.391709	-0.343249	-0.265802	-0.152025	-0.00101459	0.175343	0.355718	0.517593	0.645352	0.730123	0.760802	0.756026	0.747074	0.726034	0.682671	0.652985	0.633891	0.591069	0.515493	0.425184	0.319208	0.197261	0.0636986	-0.0755843	-0.215902	-0.341868	-0.429013	-0.466286	-0.455992	-0.401695	-0.305924	-0.171759	-0.0149676	0.147283	0.281651	
-0.887691	-0.887691	-0.848535	-0.789419	-0.718666	-0.633203	-0.540684	-0.458248	-0.404156	-0.371757	-0.347912	-0.33695	-0.345968	-0.352323	-0.331233	-0.273805	-0.187924	-0.0820121	0.0484758	0.205931	0.370973	0.517593	0.629179	0.702957	0.733766	0.721794	0.68592	0.649966	0.601677	0.542558	0.509026	0.497265	0.477488	0.430159	0.368764	0.298042	0.214352	0.118111	0.0139207	-0.103831	-0.229561	-0.329773	-0.384894	-0.40545	-0.388089	-0.326524	-0.212786	-0.0570129	0.114002	0.260926	
-0.960758	-0.960758	-0.932205	-0.882645	-0.818411	-0.738239	-0.648332	-0.558012	-0.486808	-0.427417	-0.371461	-0.330823	-0.309059	-0.275036	-0.208722	-0.118431	-0.00745554	0.118194	0.256486	0.401969	0.540635	0.645352	0.702957	0.717886	0.703686	0.661025	0.600299	0.537596	0.474778	0.411027	0.371661	0.363199	0.357045	0.330283	0.295299	0.255435	0.203115	0.143018	0.0804112	-0.0093496	-0.123175	-0.220661	-0.289487	-0.329749	-0.333976	-0.295044	-0.202967	-0.0672648	0.088925	0.230719	
-1.01522	-1.01522	-0.997341	-0.963647	-0.91378	-0.846912	-0.759873	-0.663497	-0.571898	-0.482083	-0.389568	-0.31242	-0.246439	-0.158926	-0.047782	0.0706077	0.198223	0.33263	0.45945	0.575402	0.673295	0.730123	0.733766	0.703686	0.657545	0.59283	0.507072	0.426516	0.355648	0.28867	0.249063	0.24544	0.247857	0.236815	0.226854	0.211208	0.179845	0.150382	0.119194	0.0592502	-0.0269587	-0.114686	-0.190529	-0.243671	-0.260744	-0.232957	-0.159377	-0.0502034	0.0818948	0.213697	
-1.05288	-1.05288	-1.04306	-1.02447	-0.994047	-0.941992	-0.864903	-0.76822	-0.661345	-0.538299	-0.403947	-0.279691	-0.160211	-0.0211868	0.130769	0.274187	0.412018	0.538494	0.640425	0.714966	0.759647	0.760802	0.721794	0.661025	0.59283	0.509081	0.415293	0.328603	0.249748	0.178023	0.140997	0.142345	0.152779	0.161249	0.169857	0.164188	0.151422	0.143463	0.129088	0.0902435	0.0300127	-0.038213	-0.107907	-0.163947	-0.186983	-0.166125	-0.107253	-0.0203293	0.0953018	0.218615	
-1.08129	-1.08129	-1.07478	-1.06795	-1.05237	-1.01653	-0.952753	-0.864496	-0.7454	-0.593345	-0.417472	-0.24265	-0.0682929	0.117705	0.305019	0.471895	0.611888	0.720652	0.78834	0.814193	0.800871	0.756026	0.68592	0.600299	0.507072	0.415293	0.327989	0.245285	0.161426	0.0880555	0.0521195	0.0529588	0.0691304	0.0892406	0.104271	0.113735	0.119474	0.12141	0.111241	0.0851302	0.042859	-0.00585744	-0.0537069	-0.0961722	-0.115722	-0.0976379	-0.0528379	0.0216014	0.125557	0.241501	
-1.10312	-1.10312	-1.09815	-1.09642	-1.09061	-1.06613	-1.01686	-0.934781	-0.808449	-0.636383	-0.430642	-0.209978	0.0147877	0.24143	0.458987	0.647041	0.788604	0.876468	0.905704	0.883612	0.825804	0.747074	0.649966	0.537596	0.426516	0.328603	0.245285	0.167158	0.0883729	0.0178587	-0.0231043	-0.0253563	-0.0061514	0.0142403	0.0322334	0.0574106	0.0836062	0.0954897	0.0901367	0.06669	0.0335368	0.00735423	-0.0154351	-0.03882	-0.0465826	-0.0318011	0.0058512	0.0742977	0.16635	0.271183	
-1.10045	-1.10045	-1.09748	-1.09837	-1.09507	-1.0777	-1.03499	-0.956783	-0.828921	-0.654155	-0.433579	-0.182201	0.0790567	0.332972	0.570183	0.7713	0.91155	0.980827	0.97923	0.924326	0.835029	0.726034	0.601677	0.474778	0.355648	0.249748	0.161426	0.0883729	0.0171965	-0.0506459	-0.0915862	-0.0915843	-0.0742945	-0.0574156	-0.0324823	0.00761791	0.0413338	0.0586534	0.0615904	0.0450464	0.0214051	0.00794326	0.00268898	-0.00015042	0.00251046	0.0185555	0.0551307	0.117649	0.197063	0.293274	
-1.05635	-1.05635	-1.05726	-1.05884	-1.05481	-1.03816	-0.996999	-0.921057	-0.802131	-0.637434	-0.418823	-0.158724	0.115115	0.378065	0.618405	0.815999	0.94963	1.00891	0.994457	0.922927	0.813303	0.682671	0.542558	0.411027	0.28867	0.178023	0.0880555	0.0178587	-0.0506459	-0.115542	-0.149723	-0.14615	-0.12926	-0.112478	-0.0835132	-0.0411955	-0.00436674	0.0196884	0.025117	0.0128535	-0.00189182	-0.00643811	-0.000475091	0.010003	0.0194363	0.0362526	0.0739418	0.132523	0.205456	0.301105	
-0.983981	-0.983981	-0.987738	-0.988728	-0.981513	-0.963207	-0.920722	-0.849661	-0.742972	-0.592683	-0.386344	-0.139778	0.123398	0.377887	0.605957	0.790525	0.917596	0.977177	0.962468	0.891351	0.783181	0.652985	0.509026	0.371661	0.249063	0.140997	0.0521195	-0.0231043	-0.0915862	-0.149723	-0.17696	-0.177662	-0.167766	-0.152134	-0.121733	-0.0787404	-0.0387035	-0.00900598	0.000581883	-0.00761574	-0.0206358	-0.0256459	-0.0122681	0.00463851	0.0158875	0.0349988	0.0730912	0.131098	0.207366	0.310027	
-0.88745	-0.88745	-0.892875	-0.892885	-0.884526	-0.863602	-0.823018	-0.759093	-0.666899	-0.529859	-0.345505	-0.129581	0.101613	0.32969	0.533918	0.701884	0.822494	0.883994	0.880182	0.83046	0.745439	0.633891	0.497265	0.363199	0.24544	0.142345	0.0529588	-0.0253563	-0.0915843	-0.14615	-0.177662	-0.191445	-0.196777	-0.190475	-0.169508	-0.125968	-0.0761963	-0.0362511	-0.0208588	-0.026333	-0.0385796	-0.0425449	-0.0255422	-0.00849281	0.000902878	0.0185864	0.0550687	0.115632	0.200773	0.313128	
-0.764788	-0.764788	-0.772199	-0.775114	-0.767212	-0.745262	-0.70691	-0.653309	-0.574382	-0.453947	-0.299648	-0.125817	0.0595512	0.24796	0.417159	0.56276	0.669153	0.734165	0.753877	0.736493	0.679075	0.591069	0.477488	0.357045	0.247857	0.152779	0.0691304	-0.0061514	-0.0742945	-0.12926	-0.167766	-0.196777	-0.217903	-0.22632	-0.216577	-0.18235	-0.131147	-0.0839577	-0.057753	-0.0574935	-0.0667039	-0.0674561	-0.0524161	-0.0421754	-0.0317097	-0.0126695	0.0198327	0.0823898	0.180207	0.303817	
-0.611798	-0.611798	-0.622909	-0.631023	-0.626217	-0.603857	-0.569741	-0.525177	-0.459735	-0.36276	-0.247796	-0.124738	0.0100636	0.147518	0.275523	0.386501	0.474675	0.541813	0.590238	0.604368	0.57366	0.515493	0.430159	0.330283	0.236815	0.161249	0.0892406	0.0142403	-0.0574156	-0.112478	-0.152134	-0.190475	-0.22632	-0.253238	-0.261626	-0.24117	-0.196108	-0.146607	-0.112302	-0.101373	-0.0998336	-0.0939437	-0.0877538	-0.0859285	-0.0752585	-0.057838	-0.0254632	0.0388034	0.139991	0.272331	
-0.43795	-0.43795	-0.45085	-0.461946	-0.458374	-0.439317	-0.411056	-0.375081	-0.322735	-0.255331	-0.186294	-0.117445	-0.0385911	0.0454974	0.128516	0.204388	0.270094	0.334999	0.404559	0.449242	0.451621	0.425184	0.368764	0.295299	0.226854	0.169857	0.104271	0.0322334	-0.0324823	-0.0835132	-0.121733	-0.169508	-0.216577	-0.261626	-0.286886	-0.280686	-0.244995	-0.193549	-0.15551	-0.13412	-0.119225	-0.114073	-0.120672	-0.12523	-0.111902	-0.0928896	-0.0599742	0.00124219	0.0960009	0.229831	
-0.267941	-0.267941	-0.277794	-0.281717	-0.275075	-0.257931	-0.23941	-0.210727	-0.175092	-0.137539	-0.113626	-0.0986758	-0.0791659	-0.0508619	-0.0127595	0.027778	0.0693854	0.12529	0.202882	0.273281	0.30986	0.319208	0.298042	0.255435	0.211208	0.164188	0.113735	0.0574106	0.00761791	-0.0411955	-0.0787404	-0.125968	-0.18235	-0.24117	-0.280686	-0.285188	-0.257819	-0.214401	-0.178782	-0.156861	-0.14127	-0.140704	-0.149193	-0.154315	-0.144959	-0.125051	-0.0866367	-0.0323525	0.0541229	0.180703	
-0.125359	-0.125359	-0.125182	-0.113582	-0.0948345	-0.0779773	-0.0652714	-0.0464067	-0.0294083	-0.0206599	-0.0349148	-0.067077	-0.106456	-0.131593	-0.143011	-0.136233	-0.117292	-0.0721704	-0.00136394	0.0810159	0.148435	0.197261	0.214352	0.203115	0.179845	0.151422	0.119474	0.0836062	0.0413338	-0.00436674	-0.0387035	-0.0761963	-0.131147	-0.196108	-0.244995	-0.257819	-0.240283	-0.211731	-0.190931	-0.180724	-0.174236	-0.177102	-0.180787	-0.181834	-0.176052	-0.161086	-0.129925	-0.0804481	0.00611657	0.1246	
-0.0262191	-0.0262191	-0.0117699	0.0204175	0.0544316	0.0774861	0.0920567	0.106404	0.106437	0.0894089	0.0444621	-0.0276626	-0.114307	-0.187283	-0.242502	-0.269514	-0.268427	-0.241097	-0.187478	-0.107788	-0.0175317	0.0636986	0.118111	0.143018	0.150382	0.143463	0.12141	0.0954897	0.0586534	0.0196884	-0.00900598	-0.0362511	-0.0839577	-0.146607	-0.193549	-0.214401	-0.211731	-0.202601	-0.199081	-0.20231	-0.206964	-0.2037	-0.198799	-0.201224	-0.203851	-0.199108	-0.176025	-0.131339	-0.0523273	0.0560612	
0.0435665	0.0435665	0.0722915	0.121245	0.168841	0.202324	0.229693	0.246748	0.236313	0.194859	0.122931	0.0169387	-0.100867	-0.207248	-0.293014	-0.352197	-0.373901	-0.373826	-0.34318	-0.275985	-0.178668	-0.0755843	0.0139207	0.0804112	0.119194	0.129088	0.111241	0.0901367	0.0615904	0.025117	0.000581883	-0.0208588	-0.057753	-0.112302	-0.15551	-0.178782	-0.190931	-0.199081	-0.206712	-0.212648	-0.217987	-0.214344	-0.205194	-0.204143	-0.2097	-0.212123	-0.201795	-0.171671	-0.11442	-0.0259819	
0.107687	0.107687	0.144213	0.202334	0.257745	0.308485	0.35162	0.376318	0.354553	0.293508	0.198565	0.0739999	-0.059643	-0.183444	-0.291908	-0.382016	-0.437107	-0.469079	-0.465111	-0.417161	-0.327603	-0.215902	-0.103831	-0.0093496	0.0592502	0.0902435	0.0851302	0.06669	0.0450464	0.0128535	-0.00761574	-0.026333	-0.0574935	-0.101373	-0.13412	-0.156861	-0.180724	-0.20231	-0.212648	-0.21984	-0.223206	-0.211958	-0.198086	-0.195645	-0.19706	-0.197466	-0.198149	-0.195415	-0.169769	-0.116583	
0.173373	0.173373	0.211671	0.269085	0.332771	0.398393	0.456597	0.477817	0.445192	0.368715	0.270031	0.148839	0.0152084	-0.118681	-0.248444	-0.36505	-0.455759	-0.514747	-0.537102	-0.511647	-0.442665	-0.341868	-0.229561	-0.123175	-0.0269587	0.0300127	0.042859	0.0335368	0.0214051	-0.00189182	-0.0206358	-0.0385796	-0.0667039	-0.0998336	-0.119225	-0.14127	-0.174236	-0.206964	-0.217987	-0.223206	-0.218738	-0.196765	-0.176601	-0.166725	-0.162981	-0.16855	-0.182688	-0.201658	-0.205658	-0.189295	
0.243269	0.243269	0.279994	0.333886	0.398976	0.469859	0.526362	0.536814	0.493254	0.415375	0.329625	0.229822	0.10494	-0.0347555	-0.177372	-0.310963	-0.423353	-0.500958	-0.544202	-0.54652	-0.507619	-0.429013	-0.329773	-0.220661	-0.114686	-0.038213	-0.00585744	0.00735423	0.00794326	-0.00643811	-0.0256459	-0.0425449	-0.0674561	-0.0939437	-0.114073	-0.140704	-0.177102	-0.2037	-0.214344	-0.211958	-0.196765	-0.163718	-0.13858	-0.124037	-0.117882	-0.129838	-0.153338	-0.18682	-0.218369	-0.231201	
0.318261	0.318261	0.3524	0.398387	0.452218	0.506865	0.546193	0.546053	0.504924	0.439025	0.372083	0.292805	0.179319	0.0461857	-0.0904969	-0.223293	-0.341563	-0.431268	-0.494241	-0.528455	-0.518482	-0.466286	-0.384894	-0.289487	-0.190529	-0.107907	-0.0537069	-0.0154351	0.00268898	-0.000475091	-0.0122681	-0.0255422	-0.0524161	-0.0877538	-0.120672	-0.149193	-0.180787	-0.198799	-0.205194	-0.198086	-0.176601	-0.13858	-0.101091	-0.0781703	-0.0755139	-0.0891615	-0.124237	-0.166577	-0.209687	-0.240449	
0.412179	0.412179	0.434904	0.462923	0.486699	0.511031	0.522275	0.519431	0.489594	0.443913	0.390841	0.321856	0.221105	0.107616	-0.00319778	-0.120091	-0.231341	-0.32575	-0.404252	-0.45978	-0.477532	-0.455992	-0.40545	-0.329749	-0.243671	-0.163947	-0.0961722	-0.03882	-0.00015042	0.010003	0.00463851	-0.00849281	-0.0421754	-0.0859285	-0.12523	-0.154315	-0.181834	-0.201224	-0.204143	-0.195645	-0.166725	-0.124037	-0.0781703	-0.0533141	-0.0524837	-0.0742932	-0.119127	-0.168458	-0.206864	-0.240031	
0.528895	0.528895	0.528973	0.522148	0.509564	0.496634	0.483857	0.472624	0.454064	0.425308	0.387479	0.327896	0.242712	0.155511	0.073302	-0.0177098	-0.109778	-0.193202	-0.271552	-0.337205	-0.381568	-0.401695	-0.388089	-0.333976	-0.260744	-0.186983	-0.115722	-0.0465826	0.00251046	0.0194363	0.0158875	0.000902878	-0.0317097	-0.0752585	-0.111902	-0.144959	-0.176052	-0.203851	-0.2097	-0.19706	-0.162981	-0.117882	-0.0755139	-0.0524837	-0.0575627	-0.0887671	-0.138477	-0.184411	-0.209739	-0.230867	
0.664979	0.664979	0.639347	0.594183	0.545249	0.496662	0.459603	0.428729	0.408774	0.387597	0.368066	0.322319	0.259155	0.192315	0.13178	0.0660824	0.00430768	-0.0540123	-0.120006	-0.185756	-0.251164	-0.305924	-0.326524	-0.295044	-0.232957	-0.166125	-0.0976379	-0.0318011	0.0185555	0.0362526	0.0349988	0.0185864	-0.0126695	-0.057838	-0.0928896	-0.125051	-0.161086	-0.199108	-0.212123	-0.197466	-0.16855	-0.129838	-0.0891615	-0.0742932	-0.0887671	-0.126008	-0.170164	-0.203752	-0.217642	-0.216666	
0.803544	0.803544	0.762721	0.692757	0.610356	0.529044	0.460452	0.407628	0.371319	0.350951	0.336483	0.310051	0.270593	0.228516	0.184018	0.141042	0.107167	0.0722509	0.0235967	-0.0351876	-0.103191	-0.171759	-0.212786	-0.202967	-0.159377	-0.107253	-0.0528379	0.0058512	0.0551307	0.0739418	0.0730912	0.0550687	0.0198327	-0.0254632	-0.0599742	-0.0866367	-0.129925	-0.176025	-0.201795	-0.198149	-0.182688	-0.153338	-0.124237	-0.119127	-0.138477	-0.170164	-0.199962	-0.213136	-0.210559	-0.194976	
0.930262	0.930262	0.886302	0.806622	0.70012	0.591356	0.492562	0.41874	0.362479	0.330302	0.305899	0.29055	0.277815	0.267228	0.243272	0.217558	0.195924	0.173091	0.138079	0.0943466	0.0410228	-0.0149676	-0.0570129	-0.0672648	-0.0502034	-0.0203293	0.0216014	0.0742977	0.117649	0.132523	0.131098	0.115632	0.0823898	0.0388034	0.00124219	-0.0323525	-0.0804481	-0.131339	-0.171671	-0.195415	-0.201658	-0.18682	-0.166577	-0.168458	-0.184411	-0.203752	-0.213136	-0.214103	-0.200782	-0.169267	
1.04915	1.04915	1.00393	0.920291	0.804853	0.682792	0.564093	0.468177	0.389229	0.335619	0.295351	0.281662	0.289748	0.306257	0.306812	0.294319	0.27589	0.254145	0.229988	0.204134	0.176311	0.147283	0.114002	0.088925	0.0818948	0.0953018	0.125557	0.16635	0.197063	0.205456	0.207366	0.200773	0.180207	0.139991	0.0960009	0.0541229	0.00611657	-0.0523273	-0.11442	-0.169769	-0.205658	-0.218369	-0.209687	-0.206864	-0.209739	-0.217642	-0.210559	-0.200782	-0.175112	-0.124703	
1.16022	1.16022	1.11276	1.02892	0.91938	0.799908	0.672569	0.553976	0.44999	0.373186	0.32134	0.303803	0.314778	0.338079	0.35396	0.353194	0.337105	0.314036	0.297273	0.288199	0.285863	0.281651	0.260926	0.230719	0.213697	0.218615	0.241501	0.271183	0.293274	0.301105	0.310027	0.313128	0.303817	0.272331	0.229831	0.180703	0.1246	0.0560612	-0.0259819	-0.116583	-0.189295	-0.231201	-0.240449	-0.240031	-0.230867	-0.216666	-0.194976	-0.169267	-0.124703	-0.0640979	
