-0.287426	-0.287426	-0.296441	-0.323146	-0.353502	-0.368987	-0.357823	-0.33111	-0.307472	-0.321436	-0.366283	-0.396016	-0.377068	-0.318386	-0.250245	-0.196791	-0.189044	-0.223114	-0.279574	-0.331438	-0.37144	-0.394112	-0.389566	-0.341715	-0.233476	-0.061418	0.182859	0.504848	0.885473	1.28397	1.63736	1.90289	2.06721	2.13072	2.09067	1.9528	1.74322	1.49273	1.24343	1.01063	0.791632	0.60102	0.444482	0.303744	0.169378	0.0273726	-0.134115	-0.306587	-0.472264	-0.611724	
-0.287426	-0.287426	-0.296441	-0.323146	-0.353502	-0.368987	-0.357823	-0.33111	-0.307472	-0.321436	-0.366283	-0.396016	-0.377068	-0.318386	-0.250245	-0.196791	-0.189044	-0.223114	-0.279574	-0.331438	-0.37144	-0.394112	-0.389566	-0.341715	-0.233476	-0.061418	0.182859	0.504848	0.885473	1.28397	1.63736	1.90289	2.06721	2.13072	2.09067	1.9528	1.74322	1.49273	1.24343	1.01063	0.791632	0.60102	0.444482	0.303744	0.169378	0.0273726	-0.134115	-0.306587	-0.472264	-0.611724	
-0.296441	-0.296441	-0.305967	-0.332115	-0.358386	-0.368688	-0.352887	-0.327013	-0.307535	-0.326327	-0.371604	-0.39876	-0.378947	-0.324971	-0.267366	-0.221823	-0.211412	-0.228405	-0.260885	-0.293663	-0.328122	-0.358322	-0.366315	-0.32721	-0.22125	-0.0482209	0.194382	0.507727	0.87506	1.25863	1.60064	1.85841	2.01614	2.072	2.02279	1.87563	1.66085	1.40882	1.1635	0.93606	0.722557	0.535161	0.381071	0.244401	0.121247	-0.00370764	-0.141364	-0.288697	-0.431516	-0.552359	
-0.323146	-0.323146	-0.332115	-0.35359	-0.372735	-0.372486	-0.351387	-0.323958	-0.309585	-0.330527	-0.374753	-0.399004	-0.380339	-0.33516	-0.287627	-0.246924	-0.223871	-0.213119	-0.210592	-0.216135	-0.239899	-0.276228	-0.299934	-0.278012	-0.185912	-0.0238418	0.206615	0.50402	0.849266	1.20925	1.52904	1.76928	1.91372	1.95827	1.89945	1.74655	1.5282	1.28086	1.04215	0.824526	0.618916	0.435561	0.282463	0.152656	0.0435618	-0.05151	-0.14987	-0.252587	-0.353036	-0.439076	
-0.353502	-0.353502	-0.358386	-0.372735	-0.380974	-0.373284	-0.346247	-0.319544	-0.305325	-0.326937	-0.370139	-0.398052	-0.388795	-0.352472	-0.308318	-0.257409	-0.212693	-0.171213	-0.138118	-0.118705	-0.127472	-0.160837	-0.194896	-0.194452	-0.131532	0.000359149	0.204055	0.475882	0.797033	1.12929	1.42221	1.63818	1.7627	1.79419	1.73008	1.57824	1.37029	1.13496	0.912506	0.707206	0.511254	0.332297	0.182693	0.0593429	-0.02956	-0.0954949	-0.151113	-0.206542	-0.260324	-0.304886	
-0.368987	-0.368987	-0.368688	-0.372486	-0.373284	-0.358156	-0.3301	-0.299276	-0.28512	-0.30568	-0.35542	-0.396633	-0.402279	-0.373639	-0.32078	-0.252065	-0.181725	-0.117227	-0.0623651	-0.0241834	-0.0160228	-0.0398194	-0.0771193	-0.0971566	-0.0687293	0.0226891	0.186658	0.424697	0.714554	1.01883	1.2848	1.47612	1.5804	1.59804	1.53136	1.39259	1.20487	0.999002	0.798863	0.610632	0.42413	0.250062	0.104175	-0.00649276	-0.079444	-0.117794	-0.142251	-0.160934	-0.174827	-0.180907	
-0.357823	-0.357823	-0.352887	-0.351387	-0.346247	-0.3301	-0.297454	-0.264416	-0.248008	-0.275216	-0.337474	-0.395959	-0.413543	-0.381729	-0.313717	-0.222801	-0.132476	-0.0494344	0.0210943	0.0747235	0.0953098	0.0780265	0.034776	-0.00502069	-0.011089	0.0367516	0.155056	0.348187	0.601158	0.874379	1.11805	1.29391	1.38706	1.40137	1.34323	1.22417	1.06858	0.892658	0.719511	0.547098	0.371863	0.205951	0.0690483	-0.0329337	-0.0923584	-0.120804	-0.128587	-0.124707	-0.108408	-0.0795646	
-0.33111	-0.33111	-0.327013	-0.323958	-0.319544	-0.299276	-0.264416	-0.225983	-0.214452	-0.250238	-0.325885	-0.393345	-0.410508	-0.367676	-0.280218	-0.17249	-0.0645462	0.0329951	0.118814	0.182578	0.209399	0.1898	0.136299	0.0746267	0.0352481	0.0410568	0.111337	0.25718	0.465587	0.702985	0.922844	1.08811	1.18516	1.21474	1.18232	1.09854	0.975165	0.831699	0.679276	0.523244	0.361835	0.207204	0.0758623	-0.0225349	-0.0875637	-0.118332	-0.124672	-0.106951	-0.0654303	-0.00862891	
-0.307472	-0.307472	-0.307535	-0.309585	-0.305325	-0.28512	-0.248008	-0.214452	-0.210742	-0.25571	-0.331564	-0.392582	-0.397843	-0.339665	-0.236423	-0.112568	0.0110423	0.124592	0.220433	0.288448	0.311691	0.284346	0.214378	0.127735	0.0528214	0.0169263	0.0435824	0.143843	0.308942	0.507803	0.701809	0.861518	0.971533	1.03036	1.0366	0.99115	0.903513	0.785495	0.653596	0.512961	0.367278	0.225613	0.100148	-0.00200909	-0.0749604	-0.119317	-0.132441	-0.114531	-0.0668548	0.000670761	
-0.321436	-0.321436	-0.326327	-0.330527	-0.326937	-0.30568	-0.275216	-0.250238	-0.25571	-0.294422	-0.350281	-0.384387	-0.368007	-0.293912	-0.175802	-0.0375413	0.103042	0.227309	0.326936	0.386725	0.39875	0.354684	0.264379	0.149138	0.0389178	-0.0348915	-0.0480663	0.0121618	0.138086	0.303325	0.478572	0.636329	0.762991	0.849524	0.890285	0.883248	0.82848	0.740623	0.628533	0.501906	0.367885	0.234633	0.11292	0.0126924	-0.0647899	-0.115096	-0.139639	-0.136096	-0.105296	-0.0557683	
-0.366283	-0.366283	-0.371604	-0.374753	-0.370139	-0.35542	-0.337474	-0.325885	-0.331564	-0.350281	-0.366987	-0.361062	-0.31377	-0.219422	-0.0849813	0.0670733	0.218519	0.348063	0.44093	0.484919	0.472221	0.402026	0.282204	0.137052	-0.00546962	-0.113202	-0.162362	-0.138268	-0.0439193	0.101639	0.269556	0.434599	0.575242	0.681268	0.746239	0.767584	0.743593	0.68354	0.592567	0.479921	0.356508	0.233113	0.118309	0.0238356	-0.0499098	-0.104273	-0.14047	-0.159689	-0.161568	-0.144123	
-0.396016	-0.396016	-0.39876	-0.399004	-0.398052	-0.396633	-0.395959	-0.393345	-0.392582	-0.384387	-0.361062	-0.311999	-0.230172	-0.109719	0.0403551	0.197296	0.346861	0.466958	0.544548	0.560198	0.513991	0.406132	0.253319	0.0796823	-0.0883856	-0.220994	-0.2964	-0.297952	-0.222088	-0.0873382	0.0818057	0.253927	0.407535	0.52686	0.607003	0.645777	0.640389	0.601496	0.532078	0.440809	0.340227	0.235732	0.133038	0.0435002	-0.0316905	-0.0925939	-0.143571	-0.185549	-0.21848	-0.237527	
-0.377068	-0.377068	-0.378947	-0.380339	-0.388795	-0.402279	-0.413543	-0.410508	-0.397843	-0.368007	-0.31377	-0.230172	-0.113639	0.0324047	0.194313	0.344052	0.473538	0.566978	0.609712	0.584758	0.493243	0.344738	0.157358	-0.0420504	-0.228283	-0.370849	-0.451775	-0.455542	-0.383917	-0.250594	-0.0817082	0.0983423	0.263419	0.394349	0.48059	0.522407	0.519675	0.493171	0.445789	0.386283	0.320242	0.246587	0.16037	0.075894	-0.00500313	-0.0799975	-0.151032	-0.219014	-0.282948	-0.330914	
-0.318386	-0.318386	-0.324971	-0.33516	-0.352472	-0.373639	-0.381729	-0.367676	-0.339665	-0.293912	-0.219422	-0.109719	0.0324047	0.198802	0.365699	0.501219	0.598933	0.646174	0.635088	0.551937	0.409698	0.2187	-0.0018649	-0.225011	-0.421095	-0.557099	-0.620317	-0.607569	-0.524347	-0.386936	-0.212329	-0.0238969	0.152588	0.288811	0.373824	0.409387	0.406074	0.388736	0.362473	0.330157	0.295338	0.250513	0.186967	0.113606	0.0327045	-0.0555408	-0.151624	-0.248807	-0.341541	-0.413745	
-0.250245	-0.250245	-0.267366	-0.287627	-0.308318	-0.32078	-0.313717	-0.280218	-0.236423	-0.175802	-0.0849813	0.0403551	0.194313	0.365699	0.529886	0.647717	0.708291	0.700291	0.621834	0.47295	0.275813	0.0443575	-0.204324	-0.441092	-0.63271	-0.746219	-0.780603	-0.739706	-0.636665	-0.4827	-0.297513	-0.10304	0.0717638	0.200401	0.275103	0.308308	0.309915	0.307465	0.297521	0.282584	0.267931	0.24973	0.211335	0.157346	0.0811137	-0.0183306	-0.135496	-0.25574	-0.366665	-0.448985	
-0.196791	-0.196791	-0.221823	-0.246924	-0.257409	-0.252065	-0.222801	-0.17249	-0.112568	-0.0375413	0.0670733	0.197296	0.344052	0.501219	0.647717	0.741127	0.764155	0.703917	0.563663	0.352552	0.104156	-0.161115	-0.423904	-0.655558	-0.826036	-0.91014	-0.912307	-0.840989	-0.708295	-0.530685	-0.335103	-0.146968	0.0103471	0.118497	0.181889	0.21344	0.224415	0.232827	0.233631	0.23007	0.233887	0.243008	0.234385	0.200832	0.134076	0.0341021	-0.088166	-0.210594	-0.324012	-0.410605	
-0.189044	-0.189044	-0.211412	-0.223871	-0.212693	-0.181725	-0.132476	-0.0645462	0.0110423	0.103042	0.218519	0.346861	0.473538	0.598933	0.708291	0.764155	0.748474	0.64724	0.460368	0.199919	-0.088838	-0.374176	-0.633688	-0.844739	-0.986856	-1.03831	-1.00565	-0.895644	-0.726607	-0.524913	-0.32615	-0.154647	-0.0223421	0.0638563	0.111611	0.137156	0.14632	0.157478	0.165101	0.174171	0.199411	0.237012	0.255072	0.242258	0.191677	0.108251	0.00654115	-0.0968834	-0.198071	-0.285458	
-0.223114	-0.223114	-0.228405	-0.213119	-0.171213	-0.117227	-0.0494344	0.0329951	0.124592	0.227309	0.348063	0.466958	0.566978	0.646174	0.700291	0.703917	0.64724	0.515445	0.299099	0.01111	-0.295185	-0.579636	-0.822966	-1.01209	-1.12757	-1.14729	-1.07524	-0.92353	-0.720898	-0.499096	-0.299627	-0.13962	-0.0238335	0.0447641	0.0769462	0.0868625	0.085344	0.0903175	0.0979183	0.114015	0.152245	0.209947	0.251846	0.26451	0.246085	0.202314	0.141929	0.0744999	-0.00771924	-0.0901746	
-0.279574	-0.279574	-0.260885	-0.210592	-0.138118	-0.0623651	0.0210943	0.118814	0.220433	0.326936	0.44093	0.544548	0.609712	0.635088	0.621834	0.563663	0.460368	0.299099	0.0666246	-0.224672	-0.520385	-0.78398	-1.00596	-1.17273	-1.26127	-1.24475	-1.13248	-0.945869	-0.714996	-0.47536	-0.266207	-0.107622	-0.00172717	0.0516516	0.064165	0.0553735	0.0392426	0.0333412	0.0357451	0.0494819	0.0922478	0.162887	0.227805	0.272459	0.296813	0.303767	0.294974	0.267304	0.212004	0.139464	
-0.331438	-0.331438	-0.293663	-0.216135	-0.118705	-0.0241834	0.0747235	0.182578	0.288448	0.386725	0.484919	0.560198	0.584758	0.551937	0.47295	0.352552	0.199919	0.01111	-0.224672	-0.495501	-0.757771	-0.988505	-1.18004	-1.3175	-1.36914	-1.31592	-1.17394	-0.964664	-0.715962	-0.456609	-0.234061	-0.0715235	0.0287644	0.0694585	0.0662788	0.0396133	0.00761746	-0.0115318	-0.0191809	-0.0103839	0.0322024	0.112575	0.198594	0.27555	0.345217	0.405568	0.448225	0.461937	0.429774	0.368038	
-0.37144	-0.37144	-0.328122	-0.239899	-0.127472	-0.0160228	0.0953098	0.209399	0.311691	0.39875	0.472221	0.513991	0.493243	0.409698	0.275813	0.104156	-0.088838	-0.295185	-0.520385	-0.757771	-0.980479	-1.16963	-1.32114	-1.41316	-1.42214	-1.33679	-1.17516	-0.95651	-0.697629	-0.429948	-0.200613	-0.0356194	0.0636196	0.101739	0.0895648	0.0481302	0.00126834	-0.0307547	-0.0443601	-0.0387479	0.00391867	0.087921	0.187157	0.288551	0.394766	0.500822	0.589614	0.637139	0.628577	0.573455	
-0.394112	-0.394112	-0.358322	-0.276228	-0.160837	-0.0398194	0.0780265	0.1898	0.284346	0.354684	0.402026	0.406132	0.344738	0.2187	0.0443575	-0.161115	-0.374176	-0.579636	-0.78398	-0.988505	-1.16963	-1.31236	-1.40869	-1.44911	-1.41394	-1.29973	-1.12303	-0.900628	-0.648392	-0.390911	-0.169078	-0.00522287	0.100485	0.145299	0.134213	0.0855268	0.0294376	-0.0101967	-0.0292567	-0.029442	0.00440925	0.0809274	0.181415	0.294229	0.424027	0.561655	0.684153	0.763413	0.777931	0.737843	
-0.389566	-0.389566	-0.366315	-0.299934	-0.194896	-0.0771193	0.034776	0.136299	0.214378	0.264379	0.282204	0.253319	0.157358	-0.0018649	-0.204324	-0.423904	-0.633688	-0.822966	-1.00596	-1.18004	-1.32114	-1.40869	-1.44926	-1.43828	-1.36224	-1.21775	-1.02436	-0.805858	-0.572167	-0.338725	-0.133682	0.0262763	0.137001	0.193496	0.190789	0.144856	0.0869745	0.040455	0.00996021	-0.00781075	0.00568286	0.0639086	0.155377	0.269268	0.406672	0.560168	0.707097	0.812358	0.857251	0.841318	
-0.341715	-0.341715	-0.32721	-0.278012	-0.194452	-0.0971566	-0.00502069	0.0746267	0.127735	0.149138	0.137052	0.0796823	-0.0420504	-0.225011	-0.441092	-0.655558	-0.844739	-1.01209	-1.17273	-1.3175	-1.41316	-1.44911	-1.43828	-1.38376	-1.2695	-1.09901	-0.897731	-0.691053	-0.480335	-0.272518	-0.086136	0.0627176	0.173753	0.238999	0.249241	0.212162	0.156103	0.101027	0.0515098	0.00832623	-0.00475845	0.0300305	0.106378	0.209147	0.339362	0.49404	0.652814	0.782351	0.858123	0.874973	
-0.233476	-0.233476	-0.22125	-0.185912	-0.131532	-0.0687293	-0.011089	0.0352481	0.0528214	0.0389178	-0.00546962	-0.0883856	-0.228283	-0.421095	-0.63271	-0.826036	-0.986856	-1.12757	-1.26127	-1.36914	-1.42214	-1.41394	-1.36224	-1.2695	-1.1281	-0.9501	-0.760199	-0.575211	-0.387288	-0.201648	-0.034153	0.102328	0.208746	0.280777	0.302915	0.276945	0.223454	0.158289	0.0880778	0.0193569	-0.0178667	-0.00572912	0.0485867	0.128939	0.236934	0.377612	0.539009	0.683224	0.78776	0.842249	
-0.061418	-0.061418	-0.0482209	-0.0238418	0.000359149	0.0226891	0.0367516	0.0410568	0.0169263	-0.0348915	-0.113202	-0.220994	-0.370849	-0.557099	-0.746219	-0.91014	-1.03831	-1.14729	-1.24475	-1.31592	-1.33679	-1.29973	-1.21775	-1.09901	-0.9501	-0.788091	-0.626663	-0.469879	-0.304176	-0.136091	0.0193439	0.147977	0.251169	0.326529	0.358382	0.340774	0.285328	0.207943	0.11762	0.0311113	-0.0214153	-0.0289112	-0.000862775	0.0473872	0.120687	0.236933	0.387005	0.537415	0.666219	0.761492	
0.182859	0.182859	0.194382	0.206615	0.204055	0.186658	0.155056	0.111337	0.0435824	-0.0480663	-0.162362	-0.2964	-0.451775	-0.620317	-0.780603	-0.912307	-1.00565	-1.07524	-1.13248	-1.17394	-1.17516	-1.12303	-1.02436	-0.897731	-0.760199	-0.626663	-0.500256	-0.375478	-0.232097	-0.0786303	0.0709637	0.195819	0.298064	0.378744	0.420365	0.407624	0.346442	0.253938	0.148046	0.0483926	-0.0176137	-0.0475653	-0.0509987	-0.0380513	0.00289761	0.0924742	0.228877	0.380276	0.529226	0.666051	
0.504848	0.504848	0.507727	0.50402	0.475882	0.424697	0.348187	0.25718	0.143843	0.0121618	-0.138268	-0.297952	-0.455542	-0.607569	-0.739706	-0.840989	-0.895644	-0.92353	-0.945869	-0.964664	-0.95651	-0.900628	-0.805858	-0.691053	-0.575211	-0.469879	-0.375478	-0.27807	-0.155245	-0.0125426	0.129364	0.251774	0.355684	0.442656	0.489655	0.477476	0.407129	0.305228	0.186688	0.0749457	-0.00785949	-0.0620969	-0.0937743	-0.103783	-0.0851661	-0.013174	0.11033	0.259451	0.423557	0.594119	
0.885473	0.885473	0.87506	0.849266	0.797033	0.714554	0.601158	0.465587	0.308942	0.138086	-0.0439193	-0.222088	-0.383917	-0.524347	-0.636665	-0.708295	-0.726607	-0.720898	-0.714996	-0.715962	-0.697629	-0.648392	-0.572167	-0.480335	-0.387288	-0.304176	-0.232097	-0.155245	-0.0482621	0.0764278	0.206088	0.322751	0.42734	0.513614	0.560385	0.548187	0.479886	0.376556	0.252112	0.127887	0.0266751	-0.0504962	-0.103204	-0.128727	-0.118761	-0.0547836	0.0620566	0.211491	0.383018	0.570202	
1.28397	1.28397	1.25863	1.20925	1.12929	1.01883	0.874379	0.702985	0.507803	0.303325	0.101639	-0.0873382	-0.250594	-0.386936	-0.4827	-0.530685	-0.524913	-0.499096	-0.47536	-0.456609	-0.429948	-0.390911	-0.338725	-0.272518	-0.201648	-0.136091	-0.0786303	-0.0125426	0.0764278	0.18322	0.298462	0.409923	0.508209	0.585374	0.627732	0.621045	0.558757	0.461989	0.338896	0.211336	0.0998922	0.00646291	-0.064785	-0.0992384	-0.092035	-0.0295147	0.0848879	0.229751	0.396177	0.583442	
1.63736	1.63736	1.60064	1.52904	1.42221	1.2848	1.11805	0.922844	0.701809	0.478572	0.269556	0.0818057	-0.0817082	-0.212329	-0.297513	-0.335103	-0.32615	-0.299627	-0.266207	-0.234061	-0.200613	-0.169078	-0.133682	-0.086136	-0.034153	0.0193439	0.0709637	0.129364	0.206088	0.298462	0.403776	0.505106	0.590337	0.654404	0.690885	0.683683	0.627029	0.543252	0.437606	0.322845	0.211535	0.106864	0.021229	-0.0224661	-0.0186451	0.037849	0.139106	0.26951	0.421712	0.598813	
1.90289	1.90289	1.85841	1.76928	1.63818	1.47612	1.29391	1.08811	0.861518	0.636329	0.434599	0.253927	0.0983423	-0.0238969	-0.10304	-0.146968	-0.154647	-0.13962	-0.107622	-0.0715235	-0.0356194	-0.00522287	0.0262763	0.0627176	0.102328	0.147977	0.195819	0.251774	0.322751	0.409923	0.505106	0.59457	0.669585	0.721671	0.744677	0.728153	0.677316	0.615239	0.536321	0.440137	0.336136	0.231526	0.141113	0.0920452	0.0873861	0.126022	0.20459	0.312459	0.442065	0.606359	
2.06721	2.06721	2.01614	1.91372	1.7627	1.5804	1.38706	1.18516	0.971533	0.762991	0.575242	0.407535	0.263419	0.152588	0.0717638	0.0103471	-0.0223421	-0.0238335	-0.00172717	0.0287644	0.0636196	0.100485	0.137001	0.173753	0.208746	0.251169	0.298064	0.355684	0.42734	0.508209	0.590337	0.669585	0.735444	0.771265	0.774281	0.752758	0.716764	0.677962	0.621902	0.545147	0.458995	0.368465	0.283043	0.227735	0.209262	0.227393	0.282239	0.362643	0.46661	0.606322	
2.13072	2.13072	2.072	1.95827	1.79419	1.59804	1.40137	1.21474	1.03036	0.849524	0.681268	0.52686	0.394349	0.288811	0.200401	0.118497	0.0638563	0.0447641	0.0516516	0.0694585	0.101739	0.145299	0.193496	0.238999	0.280777	0.326529	0.378744	0.442656	0.513614	0.585374	0.654404	0.721671	0.771265	0.78439	0.777048	0.763274	0.743668	0.718732	0.678838	0.625439	0.56356	0.492527	0.414249	0.355473	0.329998	0.337826	0.370913	0.422852	0.491369	0.596729	
2.09067	2.09067	2.02279	1.89945	1.73008	1.53136	1.34323	1.18232	1.0366	0.890285	0.746239	0.607003	0.48059	0.373824	0.275103	0.181889	0.111611	0.0769462	0.064165	0.0662788	0.0895648	0.134213	0.190789	0.249241	0.302915	0.358382	0.420365	0.489655	0.560385	0.627732	0.690885	0.744677	0.774281	0.777048	0.773766	0.768549	0.753845	0.730475	0.704118	0.666938	0.623604	0.569908	0.506258	0.457027	0.440321	0.441801	0.455314	0.473691	0.50597	0.568505	
1.9528	1.9528	1.87563	1.74655	1.57824	1.39259	1.22417	1.09854	0.99115	0.883248	0.767584	0.645777	0.522407	0.409387	0.308308	0.21344	0.137156	0.0868625	0.0553735	0.0396133	0.0481302	0.0855268	0.144856	0.212162	0.276945	0.340774	0.407624	0.477476	0.548187	0.621045	0.683683	0.728153	0.752758	0.763274	0.768549	0.764515	0.747095	0.727892	0.703927	0.671807	0.639069	0.604761	0.562052	0.529115	0.51485	0.508691	0.500882	0.494319	0.496423	0.515959	
1.74322	1.74322	1.66085	1.5282	1.37029	1.20487	1.06858	0.975165	0.903513	0.82848	0.743593	0.640389	0.519675	0.406074	0.309915	0.224415	0.14632	0.085344	0.0392426	0.00761746	0.00126834	0.0294376	0.0869745	0.156103	0.223454	0.285328	0.346442	0.407129	0.479886	0.558757	0.627029	0.677316	0.716764	0.743668	0.753845	0.747095	0.734276	0.710726	0.682079	0.65092	0.633649	0.621734	0.599887	0.573109	0.554367	0.530834	0.502761	0.470748	0.439363	0.4153	
1.49273	1.49273	1.40882	1.28086	1.13496	0.999002	0.892658	0.831699	0.785495	0.740623	0.68354	0.601496	0.493171	0.388736	0.307465	0.232827	0.157478	0.0903175	0.0333412	-0.0115318	-0.0307547	-0.0101967	0.040455	0.101027	0.158289	0.207943	0.253938	0.305228	0.376556	0.461989	0.543252	0.615239	0.677962	0.718732	0.730475	0.727892	0.710726	0.680267	0.648409	0.628908	0.630434	0.636182	0.628559	0.606578	0.574152	0.53047	0.473847	0.404713	0.338251	0.274119	
1.24343	1.24343	1.1635	1.04215	0.912506	0.798863	0.719511	0.679276	0.653596	0.628533	0.592567	0.532078	0.445789	0.362473	0.297521	0.233631	0.165101	0.0979183	0.0357451	-0.0191809	-0.0443601	-0.0292567	0.00996021	0.0515098	0.0880778	0.11762	0.148046	0.186688	0.252112	0.338896	0.437606	0.536321	0.621902	0.678838	0.704118	0.703927	0.682079	0.648409	0.622956	0.611331	0.61437	0.626625	0.630758	0.609791	0.565799	0.499946	0.411754	0.313092	0.214829	0.117159	
1.01063	1.01063	0.93606	0.824526	0.707206	0.610632	0.547098	0.523244	0.512961	0.501906	0.479921	0.440809	0.386283	0.330157	0.282584	0.23007	0.174171	0.114015	0.0494819	-0.0103839	-0.0387479	-0.029442	-0.00781075	0.00832623	0.0193569	0.0311113	0.0483926	0.0749457	0.127887	0.211336	0.322845	0.440137	0.545147	0.625439	0.666938	0.671807	0.65092	0.628908	0.611331	0.592786	0.58913	0.601925	0.607016	0.580641	0.51825	0.428308	0.319207	0.198848	0.0775097	-0.0433751	
0.791632	0.791632	0.722557	0.618916	0.511254	0.42413	0.371863	0.361835	0.367278	0.367885	0.356508	0.340227	0.320242	0.295338	0.267931	0.233887	0.199411	0.152245	0.0922478	0.0322024	0.00391867	0.00440925	0.00568286	-0.00475845	-0.0178667	-0.0214153	-0.0176137	-0.00785949	0.0266751	0.0998922	0.211535	0.336136	0.458995	0.56356	0.623604	0.639069	0.633649	0.630434	0.61437	0.58913	0.577314	0.580026	0.572494	0.529759	0.447323	0.339941	0.215664	0.0788028	-0.06436	-0.198517	
0.60102	0.60102	0.535161	0.435561	0.332297	0.250062	0.205951	0.207204	0.225613	0.234633	0.233113	0.235732	0.246587	0.250513	0.24973	0.243008	0.237012	0.209947	0.162887	0.112575	0.087921	0.0809274	0.0639086	0.0300305	-0.00572912	-0.0289112	-0.0475653	-0.0620969	-0.0504962	0.00646291	0.106864	0.231526	0.368465	0.492527	0.569908	0.604761	0.621734	0.636182	0.626625	0.601925	0.580026	0.563677	0.534265	0.474528	0.373475	0.251777	0.114982	-0.0370709	-0.193522	-0.326897	
0.444482	0.444482	0.381071	0.282463	0.182693	0.104175	0.0690483	0.0758623	0.100148	0.11292	0.118309	0.133038	0.16037	0.186967	0.211335	0.234385	0.255072	0.251846	0.227805	0.198594	0.187157	0.181415	0.155377	0.106378	0.0485867	-0.000862775	-0.0509987	-0.0937743	-0.103204	-0.064785	0.021229	0.141113	0.283043	0.414249	0.506258	0.562052	0.599887	0.628559	0.630758	0.607016	0.572494	0.534265	0.485072	0.405405	0.290008	0.156887	0.0108672	-0.148189	-0.304314	-0.43678	
0.303744	0.303744	0.244401	0.152656	0.0593429	-0.00649276	-0.0329337	-0.0225349	-0.00200909	0.0126924	0.0238356	0.0435002	0.075894	0.113606	0.157346	0.200832	0.242258	0.26451	0.272459	0.27555	0.288551	0.294229	0.269268	0.209147	0.128939	0.0473872	-0.0380513	-0.103783	-0.128727	-0.0992384	-0.0224661	0.0920452	0.227735	0.355473	0.457027	0.529115	0.573109	0.606578	0.609791	0.580641	0.529759	0.474528	0.405405	0.312922	0.191023	0.0556514	-0.0893293	-0.241436	-0.394406	-0.527295	
0.169378	0.169378	0.121247	0.0435618	-0.02956	-0.079444	-0.0923584	-0.0875637	-0.0749604	-0.0647899	-0.0499098	-0.0316905	-0.00500313	0.0327045	0.0811137	0.134076	0.191677	0.246085	0.296813	0.345217	0.394766	0.424027	0.406672	0.339362	0.236934	0.120687	0.00289761	-0.0851661	-0.118761	-0.092035	-0.0186451	0.0873861	0.209262	0.329998	0.440321	0.51485	0.554367	0.574152	0.565799	0.51825	0.447323	0.373475	0.290008	0.191023	0.0763017	-0.0496591	-0.178066	-0.310029	-0.451353	-0.573614	
0.0273726	0.0273726	-0.00370764	-0.05151	-0.0954949	-0.117794	-0.120804	-0.118332	-0.119317	-0.115096	-0.104273	-0.0925939	-0.0799975	-0.0555408	-0.0183306	0.0341021	0.108251	0.202314	0.303767	0.405568	0.500822	0.561655	0.560168	0.49404	0.377612	0.236933	0.0924742	-0.013174	-0.0547836	-0.0295147	0.037849	0.126022	0.227393	0.337826	0.441801	0.508691	0.530834	0.53047	0.499946	0.428308	0.339941	0.251777	0.156887	0.0556514	-0.0496591	-0.1564	-0.254495	-0.357353	-0.468735	-0.569336	
-0.134115	-0.134115	-0.141364	-0.14987	-0.151113	-0.142251	-0.128587	-0.124672	-0.132441	-0.139639	-0.14047	-0.143571	-0.151032	-0.151624	-0.135496	-0.088166	0.00654115	0.141929	0.294974	0.448225	0.589614	0.684153	0.707097	0.652814	0.539009	0.387005	0.228877	0.11033	0.0620566	0.0848879	0.139106	0.20459	0.282239	0.370913	0.455314	0.500882	0.502761	0.473847	0.411754	0.319207	0.215664	0.114982	0.0108672	-0.0893293	-0.178066	-0.254495	-0.319013	-0.378515	-0.453357	-0.536441	
-0.306587	-0.306587	-0.288697	-0.252587	-0.206542	-0.160934	-0.124707	-0.106951	-0.114531	-0.136096	-0.159689	-0.185549	-0.219014	-0.248807	-0.25574	-0.210594	-0.0968834	0.0744999	0.267304	0.461937	0.637139	0.763413	0.812358	0.782351	0.683224	0.537415	0.380276	0.259451	0.211491	0.229751	0.26951	0.312459	0.362643	0.422852	0.473691	0.494319	0.470748	0.404713	0.313092	0.198848	0.0788028	-0.0370709	-0.148189	-0.241436	-0.310029	-0.357353	-0.378515	-0.396239	-0.437277	-0.503875	
-0.472264	-0.472264	-0.431516	-0.353036	-0.260324	-0.174827	-0.108408	-0.0654303	-0.0668548	-0.105296	-0.161568	-0.21848	-0.282948	-0.341541	-0.366665	-0.324012	-0.198071	-0.00771924	0.212004	0.429774	0.628577	0.777931	0.857251	0.858123	0.78776	0.666219	0.529226	0.423557	0.383018	0.396177	0.421712	0.442065	0.46661	0.491369	0.50597	0.496423	0.439363	0.338251	0.214829	0.0775097	-0.06436	-0.193522	-0.304314	-0.394406	-0.451353	-0.468735	-0.453357	-0.437277	-0.453272	-0.494021	
-0.611724	-0.611724	-0.552359	-0.439076	-0.304886	-0.180907	-0.0795646	-0.00862891	0.000670761	-0.0557683	-0.144123	-0.237527	-0.330914	-0.413745	-0.448985	-0.410605	-0.285458	-0.0901746	0.139464	0.368038	0.573455	0.737843	0.841318	0.874973	0.842249	0.761492	0.666051	0.594119	0.570202	0.583442	0.598813	0.606359	0.606322	0.596729	0.568505	0.515959	0.4153	0.274119	0.117159	-0.0433751	-0.198517	-0.326897	-0.43678	-0.527295	-0.573614	-0.569336	-0.536441	-0.503875	-0.494021	-0.492559	
