-0.156604	-0.0280418	-0.392127	-0.107842	1.02066	1.02066	
-0.0280418	0.674679	0.500489	0.420889	-0.661414	-0.661414	
-0.392127	0.500489	0.0717339	0.136678	-0.636117	-0.636117	
-0.107842	0.420889	0.136678	0.233563	-0.628185	-0.628185	
1.02066	-0.661414	-0.636117	-0.628185	0.152563	0.152563	
1.02066	-0.661414	-0.636117	-0.628185	0.152563	0.152563	
