0.642351	-0.117034	-0.0677038	0.19878	-0.15672	-0.15672	
-0.117034	-0.0612026	0.436668	-0.500428	0.0822014	0.0822014	
-0.0677038	0.436668	0.947919	-0.699287	-1.1273	-1.1273	
0.19878	-0.500428	-0.699287	-0.726186	0.104882	0.104882	
-0.15672	0.0822014	-1.1273	0.104882	0.0962524	0.0962524	
-0.15672	0.0822014	-1.1273	0.104882	0.0962524	0.0962524	
