0.0940878	0.132582	0.167212	0.166754	0.142677	0.119222	0.0954521	0.0738991	0.061846	0.0522519	0.0444705	0.0443683	0.0567147	0.0727434	0.0784913	0.062858	0.0385367	0.0205796	0.0293531	0.0756277	0.147172	0.244677	0.364108	0.486204	0.594634	0.666091	0.68862	0.667127	0.610037	0.532114	0.446328	0.356857	0.273172	0.207501	0.153615	0.0985811	0.034518	-0.0562156	-0.184497	-0.336457	-0.494298	-0.626455	-0.722534	-0.79034	-0.834719	-0.860831	-0.867167	-0.869172	-0.869011	-0.869011	
0.132582	0.149632	0.165933	0.157188	0.139022	0.124688	0.111893	0.0998563	0.0961747	0.101125	0.111273	0.123381	0.135955	0.128639	0.0995055	0.0516898	-0.00866179	-0.053186	-0.0633	-0.0318665	0.0422583	0.146953	0.270288	0.406876	0.534788	0.626321	0.665657	0.643479	0.582595	0.499078	0.397755	0.293679	0.200167	0.12884	0.0696229	0.00804345	-0.0610283	-0.141219	-0.241615	-0.36301	-0.488978	-0.595702	-0.675815	-0.738259	-0.774898	-0.787772	-0.786011	-0.77526	-0.772465	-0.772465	
0.167212	0.165933	0.162832	0.149943	0.1376	0.12953	0.123421	0.124495	0.139964	0.165208	0.193484	0.219947	0.222419	0.192298	0.130937	0.0471071	-0.0406592	-0.112062	-0.145661	-0.125483	-0.0568322	0.0480181	0.174845	0.31501	0.454096	0.561655	0.614608	0.605896	0.547754	0.456019	0.344963	0.226337	0.121652	0.0402677	-0.0255994	-0.0898064	-0.155321	-0.224068	-0.30262	-0.391171	-0.488709	-0.571212	-0.633351	-0.679964	-0.699479	-0.693776	-0.667958	-0.638846	-0.627631	-0.627631	
0.166754	0.157188	0.149943	0.142748	0.136762	0.133659	0.137108	0.158255	0.194878	0.240104	0.281437	0.310605	0.301363	0.248239	0.155214	0.0423285	-0.0678524	-0.156451	-0.206581	-0.206323	-0.152892	-0.0560724	0.0694948	0.210272	0.353452	0.474691	0.54629	0.547969	0.497501	0.409612	0.296593	0.168359	0.052269	-0.0348194	-0.1088	-0.180471	-0.246818	-0.302248	-0.358961	-0.421891	-0.488129	-0.543341	-0.583542	-0.613808	-0.615712	-0.584685	-0.534393	-0.482422	-0.455098	-0.455098	
0.142677	0.139022	0.1376	0.136762	0.137841	0.138741	0.152057	0.188911	0.241944	0.306141	0.359041	0.385354	0.363384	0.28618	0.165731	0.0321128	-0.0922021	-0.194312	-0.260842	-0.284887	-0.254294	-0.171431	-0.0517884	0.0893124	0.237764	0.368058	0.452777	0.472998	0.439239	0.358974	0.240729	0.105324	-0.0168577	-0.111926	-0.185299	-0.249822	-0.308467	-0.350153	-0.385587	-0.423452	-0.462216	-0.493872	-0.512921	-0.524164	-0.513437	-0.470654	-0.407373	-0.343573	-0.311549	-0.311549	
0.119222	0.124688	0.12953	0.133659	0.138741	0.144841	0.159182	0.201638	0.270006	0.348545	0.408723	0.430369	0.391685	0.296868	0.162932	0.0162465	-0.119469	-0.233992	-0.316155	-0.358241	-0.349802	-0.284095	-0.175011	-0.0409671	0.105564	0.24241	0.344133	0.390724	0.373932	0.29599	0.172345	0.0254739	-0.102065	-0.192969	-0.255998	-0.304093	-0.336599	-0.352781	-0.366586	-0.382952	-0.401575	-0.411351	-0.415937	-0.41685	-0.401901	-0.361574	-0.299391	-0.239381	-0.205019	-0.205019	
0.0954521	0.111893	0.123421	0.137108	0.152057	0.159182	0.168846	0.212205	0.282442	0.360593	0.417782	0.425924	0.373364	0.272456	0.134768	-0.0172761	-0.160354	-0.281096	-0.368852	-0.418777	-0.42416	-0.37859	-0.287019	-0.164992	-0.0239082	0.118591	0.235584	0.299639	0.296779	0.223503	0.0952663	-0.0555735	-0.184486	-0.266909	-0.313475	-0.341714	-0.35133	-0.343018	-0.328482	-0.319478	-0.316857	-0.31106	-0.305004	-0.301555	-0.290769	-0.256192	-0.203767	-0.154246	-0.122663	-0.122663	
0.0738991	0.0998563	0.124495	0.158255	0.188911	0.201638	0.212205	0.248386	0.304535	0.36663	0.410054	0.396979	0.332428	0.221799	0.0771479	-0.0760267	-0.220305	-0.341211	-0.428403	-0.478444	-0.493545	-0.465888	-0.393547	-0.28084	-0.142741	0.00141082	0.126488	0.203227	0.215294	0.151201	0.0227747	-0.122221	-0.240232	-0.313277	-0.348898	-0.360877	-0.34986	-0.321415	-0.286393	-0.257212	-0.230174	-0.207015	-0.191	-0.181409	-0.175097	-0.156371	-0.126087	-0.0935409	-0.0771502	-0.0771502	
0.061846	0.0961747	0.139964	0.194878	0.241944	0.270006	0.282442	0.304535	0.342175	0.383033	0.405088	0.37242	0.284158	0.153233	-0.00650428	-0.165529	-0.311585	-0.434785	-0.520948	-0.566995	-0.585819	-0.565583	-0.498037	-0.391109	-0.252386	-0.0982085	0.0393186	0.133857	0.157452	0.097217	-0.024183	-0.159092	-0.267623	-0.327519	-0.349555	-0.352737	-0.327629	-0.286279	-0.233685	-0.184804	-0.143559	-0.104649	-0.0806607	-0.0704056	-0.0731879	-0.0753571	-0.0768375	-0.0814316	-0.08288	-0.08288	
0.0522519	0.101125	0.165208	0.240104	0.306141	0.348545	0.360593	0.36663	0.383033	0.398905	0.396617	0.336883	0.220275	0.0603519	-0.12012	-0.290389	-0.44771	-0.5734	-0.656732	-0.698031	-0.707664	-0.680071	-0.611341	-0.496663	-0.340465	-0.166889	-0.01067	0.0969368	0.134853	0.0863022	-0.0239902	-0.143261	-0.239377	-0.288912	-0.307758	-0.308581	-0.280864	-0.236315	-0.174561	-0.110687	-0.0505116	-0.00500149	0.0164384	0.0144288	-0.0101609	-0.0398392	-0.0771015	-0.111719	-0.134396	-0.134396	
0.0444705	0.111273	0.193484	0.281437	0.359041	0.408723	0.417782	0.410054	0.405088	0.396617	0.364565	0.274815	0.128263	-0.057359	-0.255272	-0.440205	-0.599732	-0.719202	-0.795815	-0.830182	-0.827865	-0.788897	-0.709389	-0.578105	-0.405787	-0.219029	-0.0472582	0.0804049	0.132877	0.101954	0.0144207	-0.0837749	-0.16172	-0.208621	-0.234147	-0.23951	-0.211997	-0.160399	-0.0881376	-0.0133554	0.0543004	0.0974274	0.104724	0.078981	0.0244353	-0.0459351	-0.130065	-0.204832	-0.255803	-0.255803	
0.0443683	0.123381	0.219947	0.310605	0.385354	0.430369	0.425924	0.396979	0.37242	0.336883	0.274815	0.164721	0.000805974	-0.190497	-0.392164	-0.575137	-0.722448	-0.827116	-0.895244	-0.918179	-0.90058	-0.849177	-0.753708	-0.611841	-0.4382	-0.252153	-0.0776741	0.0533258	0.117683	0.109821	0.050175	-0.0225263	-0.0822074	-0.119602	-0.143441	-0.147009	-0.11716	-0.0639906	0.0166559	0.102603	0.174362	0.214557	0.199765	0.136543	0.0347901	-0.0889788	-0.224769	-0.348557	-0.422378	-0.422378	
0.0567147	0.135955	0.222419	0.301363	0.363384	0.391685	0.373364	0.332428	0.284158	0.220275	0.128263	0.000805974	-0.160884	-0.341711	-0.519661	-0.675835	-0.794281	-0.875475	-0.919491	-0.922901	-0.89232	-0.832154	-0.733724	-0.600131	-0.44655	-0.279442	-0.122566	-0.000195176	0.0752389	0.0909781	0.0605425	0.0183091	-0.017451	-0.0484015	-0.0676348	-0.0628128	-0.0272776	0.0439362	0.136569	0.231182	0.311098	0.338666	0.297552	0.19148	0.0343498	-0.147805	-0.337505	-0.500654	-0.598383	-0.598383	
0.0727434	0.128639	0.192298	0.248239	0.28618	0.296868	0.272456	0.221799	0.153233	0.0603519	-0.057359	-0.190497	-0.341711	-0.488476	-0.619592	-0.733054	-0.815409	-0.861452	-0.87097	-0.853389	-0.815022	-0.753558	-0.662749	-0.553045	-0.430438	-0.304066	-0.186479	-0.0788037	0.00015718	0.0351321	0.0373148	0.0247227	0.0111529	-0.00457428	-0.0138352	0.00334162	0.0557355	0.145988	0.255991	0.362934	0.445874	0.46395	0.394571	0.246673	0.0366628	-0.202796	-0.439088	-0.638761	-0.753473	-0.753473	
0.0784913	0.0995055	0.130937	0.155214	0.165731	0.162932	0.134768	0.0771479	-0.00650428	-0.12012	-0.255272	-0.392164	-0.519661	-0.619592	-0.694666	-0.758572	-0.798478	-0.802004	-0.779885	-0.745149	-0.695807	-0.637277	-0.566966	-0.484143	-0.400716	-0.322233	-0.248601	-0.171153	-0.0970914	-0.0424138	-0.0071496	0.00525642	0.00612237	0.00649183	0.0171782	0.0569352	0.134759	0.244968	0.36892	0.486524	0.566458	0.576392	0.487382	0.299543	0.0403891	-0.247909	-0.523318	-0.74978	-0.871825	-0.871825	
0.062858	0.0516898	0.0471071	0.0423285	0.0321128	0.0162465	-0.0172761	-0.0760267	-0.165529	-0.290389	-0.440205	-0.575137	-0.675835	-0.733054	-0.758572	-0.772896	-0.76182	-0.726916	-0.674955	-0.616645	-0.56096	-0.517282	-0.471412	-0.41994	-0.376715	-0.345156	-0.311032	-0.255289	-0.184892	-0.110259	-0.0523474	-0.023028	-0.00167278	0.0152307	0.0427072	0.107511	0.207379	0.337745	0.475352	0.595178	0.67341	0.669169	0.557114	0.339166	0.0421403	-0.287133	-0.593513	-0.8318	-0.964466	-0.964466	
0.0385367	-0.00866179	-0.0406592	-0.0678524	-0.0922021	-0.119469	-0.160354	-0.220305	-0.311585	-0.44771	-0.599732	-0.722448	-0.794281	-0.815409	-0.798478	-0.76182	-0.714378	-0.651653	-0.575396	-0.498984	-0.442265	-0.410574	-0.386024	-0.362673	-0.353328	-0.352806	-0.348457	-0.322482	-0.255495	-0.162028	-0.0827029	-0.0332994	-0.00286495	0.0237295	0.0726462	0.158524	0.277452	0.42144	0.568568	0.688831	0.758385	0.743219	0.610982	0.364958	0.0334959	-0.326393	-0.653653	-0.904494	-1.03553	-1.03553	
0.0205796	-0.053186	-0.112062	-0.156451	-0.194312	-0.233992	-0.281096	-0.341211	-0.434785	-0.5734	-0.719202	-0.827116	-0.875475	-0.861452	-0.802004	-0.726916	-0.651653	-0.568176	-0.476838	-0.395843	-0.34372	-0.319728	-0.310895	-0.313491	-0.325058	-0.343965	-0.36863	-0.362205	-0.297293	-0.193619	-0.097106	-0.0318365	0.00431099	0.0403924	0.107404	0.21062	0.345669	0.497144	0.645288	0.760898	0.820954	0.789485	0.641438	0.378359	0.0226588	-0.357613	-0.702507	-0.963309	-1.09768	-1.09768	
0.0293531	-0.0633	-0.145661	-0.206581	-0.260842	-0.316155	-0.368852	-0.428403	-0.520948	-0.656732	-0.795815	-0.895244	-0.919491	-0.87097	-0.779885	-0.674955	-0.575396	-0.476838	-0.385035	-0.312658	-0.267457	-0.250165	-0.256858	-0.273192	-0.296228	-0.331073	-0.371472	-0.375804	-0.315874	-0.209642	-0.0981621	-0.0199508	0.0239773	0.07588	0.156652	0.270065	0.412344	0.563858	0.706958	0.812265	0.862433	0.816495	0.651912	0.374361	0.00780517	-0.384824	-0.741008	-1.00142	-1.14217	-1.14217	
0.0756277	-0.0318665	-0.125483	-0.206323	-0.284887	-0.358241	-0.418777	-0.478444	-0.566995	-0.698031	-0.830182	-0.918179	-0.922901	-0.853389	-0.745149	-0.616645	-0.498984	-0.395843	-0.312658	-0.251822	-0.216346	-0.21042	-0.229253	-0.254566	-0.285754	-0.325361	-0.366322	-0.37678	-0.322749	-0.210257	-0.084641	0.008128	0.0630934	0.127716	0.221378	0.3436	0.493386	0.635253	0.766976	0.864543	0.891112	0.827503	0.650779	0.358816	-0.0130732	-0.406343	-0.766653	-1.03357	-1.17438	-1.17438	
0.147172	0.0422583	-0.0568322	-0.152892	-0.254294	-0.349802	-0.42416	-0.493545	-0.585819	-0.707664	-0.827865	-0.90058	-0.89232	-0.815022	-0.695807	-0.56096	-0.442265	-0.34372	-0.267457	-0.216346	-0.196009	-0.200971	-0.223651	-0.256397	-0.29334	-0.334048	-0.368146	-0.372405	-0.315167	-0.193523	-0.0603257	0.0470183	0.124562	0.204294	0.309643	0.43999	0.585305	0.719729	0.836076	0.912649	0.922828	0.837222	0.639809	0.339175	-0.0337011	-0.427132	-0.786956	-1.055	-1.20111	-1.20111	
0.244677	0.146953	0.0480181	-0.0560724	-0.171431	-0.284095	-0.37859	-0.465888	-0.565583	-0.680071	-0.788897	-0.849177	-0.832154	-0.753558	-0.637277	-0.517282	-0.410574	-0.319728	-0.250165	-0.21042	-0.200971	-0.210352	-0.237911	-0.277015	-0.31583	-0.352258	-0.374896	-0.361815	-0.290926	-0.160178	-0.0158272	0.111176	0.21295	0.304913	0.416777	0.549131	0.682543	0.805404	0.905445	0.960323	0.951059	0.844596	0.630199	0.322521	-0.0495929	-0.438781	-0.796614	-1.07002	-1.2185	-1.2185	
0.364108	0.270288	0.174845	0.0694948	-0.0517884	-0.175011	-0.287019	-0.393547	-0.498037	-0.611341	-0.709389	-0.753708	-0.733724	-0.662749	-0.566966	-0.471412	-0.386024	-0.310895	-0.256858	-0.229253	-0.223651	-0.237911	-0.265981	-0.300615	-0.333517	-0.356745	-0.362065	-0.32905	-0.241202	-0.106002	0.0479737	0.190211	0.307742	0.414489	0.528099	0.653783	0.775358	0.879654	0.961667	1.00115	0.975093	0.855588	0.628535	0.315489	-0.0545493	-0.44047	-0.793246	-1.06992	-1.21836	-1.21836	
0.486204	0.406876	0.31501	0.210272	0.0893124	-0.0409671	-0.164992	-0.28084	-0.391109	-0.496663	-0.578105	-0.611841	-0.600131	-0.553045	-0.484143	-0.41994	-0.362673	-0.313491	-0.273192	-0.254566	-0.256397	-0.277015	-0.300615	-0.317949	-0.334213	-0.335627	-0.313364	-0.251068	-0.149372	-0.0208934	0.128038	0.272481	0.402116	0.51707	0.627262	0.740787	0.846596	0.940461	1.00307	1.02726	0.989735	0.857171	0.625851	0.313736	-0.0457737	-0.422297	-0.768209	-1.03754	-1.18698	-1.18698	
0.594634	0.534788	0.454096	0.353452	0.237764	0.105564	-0.0239082	-0.142741	-0.252386	-0.340465	-0.405787	-0.4382	-0.44655	-0.430438	-0.400716	-0.376715	-0.353328	-0.325058	-0.296228	-0.285754	-0.29334	-0.31583	-0.333517	-0.334213	-0.317867	-0.284606	-0.226007	-0.13778	-0.0251623	0.100817	0.234451	0.366753	0.494199	0.604679	0.705883	0.80735	0.898308	0.977584	1.02319	1.03936	0.991205	0.852	0.625794	0.320114	-0.0268886	-0.38544	-0.713362	-0.972812	-1.11015	-1.11015	
0.666091	0.626321	0.561655	0.474691	0.368058	0.24241	0.118591	0.00141082	-0.0982085	-0.166889	-0.219029	-0.252153	-0.279442	-0.304066	-0.322233	-0.345156	-0.352806	-0.343965	-0.331073	-0.325361	-0.334048	-0.352258	-0.356745	-0.335627	-0.284606	-0.21518	-0.118055	0.00185424	0.12094	0.237553	0.34955	0.462919	0.578995	0.67588	0.761161	0.84561	0.920883	0.986561	1.02691	1.03934	0.990446	0.859619	0.64031	0.346807	0.0164771	-0.3266	-0.634417	-0.87508	-1.00008	-1.00008	
0.68862	0.665657	0.614608	0.54629	0.452777	0.344133	0.235584	0.126488	0.0393186	-0.01067	-0.0472582	-0.0776741	-0.122566	-0.186479	-0.248601	-0.311032	-0.348457	-0.36863	-0.371472	-0.366322	-0.368146	-0.374896	-0.362065	-0.313364	-0.226007	-0.118055	0.00831499	0.148292	0.266603	0.365308	0.451265	0.538946	0.637577	0.717949	0.78187	0.850069	0.908242	0.962842	1.00714	1.01938	0.983342	0.870054	0.667804	0.398402	0.0931678	-0.228689	-0.517614	-0.729673	-0.847692	-0.847692	
0.667127	0.643479	0.605896	0.547969	0.472998	0.390724	0.299639	0.203227	0.133857	0.0969368	0.0804049	0.0533258	-0.000195176	-0.0788037	-0.171153	-0.255289	-0.322482	-0.362205	-0.375804	-0.37678	-0.372405	-0.361815	-0.32905	-0.251068	-0.13778	0.00185424	0.148292	0.279191	0.384219	0.451313	0.507047	0.571032	0.639197	0.702156	0.755737	0.809355	0.861716	0.911993	0.957063	0.984132	0.967819	0.878704	0.708273	0.471152	0.192721	-0.0954034	-0.351254	-0.537045	-0.63236	-0.63236	
0.610037	0.582595	0.547754	0.497501	0.439239	0.373932	0.296779	0.215294	0.157452	0.134853	0.132877	0.117683	0.0752389	0.00015718	-0.0970914	-0.184892	-0.255495	-0.297293	-0.315874	-0.322749	-0.315167	-0.290926	-0.241202	-0.149372	-0.0251623	0.12094	0.266603	0.384219	0.456968	0.484181	0.502486	0.536866	0.585704	0.637167	0.686973	0.733655	0.785514	0.841388	0.892644	0.938333	0.943698	0.879105	0.743885	0.54463	0.304792	0.0609617	-0.153044	-0.305524	-0.377136	-0.377136	
0.532114	0.499078	0.456019	0.409612	0.358974	0.29599	0.223503	0.151201	0.097217	0.0863022	0.101954	0.109821	0.0909781	0.0351321	-0.0424138	-0.110259	-0.162028	-0.193619	-0.209642	-0.210257	-0.193523	-0.160178	-0.106002	-0.0208934	0.100817	0.237553	0.365308	0.451313	0.484181	0.476369	0.461306	0.471032	0.500426	0.540584	0.587193	0.638499	0.694305	0.755878	0.821985	0.885014	0.913123	0.876455	0.771595	0.607509	0.40897	0.205574	0.0336758	-0.0803437	-0.134446	-0.134446	
0.446328	0.397755	0.344963	0.296593	0.240729	0.172345	0.0952663	0.0227747	-0.024183	-0.0239902	0.0144207	0.050175	0.0605425	0.0373148	-0.0071496	-0.0523474	-0.0827029	-0.097106	-0.0981621	-0.084641	-0.0603257	-0.0158272	0.0479737	0.128038	0.234451	0.34955	0.451265	0.507047	0.502486	0.461306	0.420067	0.409518	0.418259	0.447814	0.488297	0.533097	0.591458	0.655231	0.735733	0.81752	0.863371	0.85449	0.778116	0.642859	0.480518	0.315079	0.176514	0.0916276	0.0521104	0.0521104	
0.356857	0.293679	0.226337	0.168359	0.105324	0.0254739	-0.0555735	-0.122221	-0.159092	-0.143261	-0.0837749	-0.0225263	0.0183091	0.0247227	0.00525642	-0.023028	-0.0332994	-0.0318365	-0.0199508	0.008128	0.0470183	0.111176	0.190211	0.272481	0.366753	0.462919	0.538946	0.571032	0.536866	0.471032	0.409518	0.373227	0.362757	0.373568	0.398569	0.428135	0.475929	0.53676	0.620522	0.71174	0.773342	0.783732	0.730638	0.627568	0.499888	0.370127	0.264779	0.20549	0.174761	0.174761	
0.273172	0.200167	0.121652	0.052269	-0.0168577	-0.102065	-0.184486	-0.240232	-0.267623	-0.239377	-0.16172	-0.0822074	-0.017451	0.0111529	0.00612237	-0.00167278	-0.00286495	0.00431099	0.0239773	0.0630934	0.124562	0.21295	0.307742	0.402116	0.494199	0.578995	0.637577	0.639197	0.585704	0.500426	0.418259	0.362757	0.334136	0.321423	0.321984	0.328916	0.351023	0.396158	0.468505	0.556405	0.620755	0.641167	0.611112	0.539138	0.447914	0.363063	0.300168	0.265373	0.252867	0.252867	
0.207501	0.12884	0.0402677	-0.0348194	-0.111926	-0.192969	-0.266909	-0.313277	-0.327519	-0.288912	-0.208621	-0.119602	-0.0484015	-0.00457428	0.00649183	0.0152307	0.0237295	0.0403924	0.07588	0.127716	0.204294	0.304913	0.414489	0.51707	0.604679	0.67588	0.717949	0.702156	0.637167	0.540584	0.447814	0.373568	0.321423	0.284822	0.255387	0.230793	0.216371	0.235448	0.286705	0.351918	0.403903	0.427573	0.414426	0.376727	0.332593	0.296375	0.279555	0.273638	0.276361	0.276361	
0.153615	0.0696229	-0.0255994	-0.1088	-0.185299	-0.255998	-0.313475	-0.348898	-0.349555	-0.307758	-0.234147	-0.143441	-0.0676348	-0.0138352	0.0171782	0.0427072	0.0726462	0.107404	0.156652	0.221378	0.309643	0.416777	0.528099	0.627262	0.705883	0.761161	0.78187	0.755737	0.686973	0.587193	0.488297	0.398569	0.321984	0.255387	0.188051	0.122739	0.0694988	0.0542447	0.073183	0.109834	0.148078	0.16746	0.170441	0.165571	0.161312	0.170516	0.194047	0.221797	0.236239	0.236239	
0.0985811	0.00804345	-0.0898064	-0.180471	-0.249822	-0.304093	-0.341714	-0.360877	-0.352737	-0.308581	-0.23951	-0.147009	-0.0628128	0.00334162	0.0569352	0.107511	0.158524	0.21062	0.270065	0.3436	0.43999	0.549131	0.653783	0.740787	0.80735	0.84561	0.850069	0.809355	0.733655	0.638499	0.533097	0.428135	0.328916	0.230793	0.122739	0.0104462	-0.0866058	-0.140238	-0.153788	-0.14468	-0.125929	-0.114077	-0.0940802	-0.0752497	-0.0488447	0.00166427	0.0522177	0.102758	0.129276	0.129276	
0.034518	-0.0610283	-0.155321	-0.246818	-0.308467	-0.336599	-0.35133	-0.34986	-0.327629	-0.280864	-0.211997	-0.11716	-0.0272776	0.0557355	0.134759	0.207379	0.277452	0.345669	0.412344	0.493386	0.585305	0.682543	0.775358	0.846596	0.898308	0.920883	0.908242	0.861716	0.785514	0.694305	0.591458	0.475929	0.351023	0.216371	0.0694988	-0.0866058	-0.219035	-0.313648	-0.367971	-0.393272	-0.40846	-0.401015	-0.374309	-0.33368	-0.274658	-0.202412	-0.125785	-0.0599937	-0.0255687	-0.0255687	
-0.0562156	-0.141219	-0.224068	-0.302248	-0.350153	-0.352781	-0.343018	-0.321415	-0.286279	-0.236315	-0.160399	-0.0639906	0.0439362	0.145988	0.244968	0.337745	0.42144	0.497144	0.563858	0.635253	0.719729	0.805404	0.879654	0.940461	0.977584	0.986561	0.962842	0.911993	0.841388	0.755878	0.655231	0.53676	0.396158	0.235448	0.0542447	-0.140238	-0.313648	-0.454615	-0.553069	-0.622796	-0.672435	-0.678399	-0.65125	-0.595916	-0.512426	-0.417605	-0.317205	-0.229131	-0.184426	-0.184426	
-0.184497	-0.241615	-0.30262	-0.358961	-0.385587	-0.366586	-0.328482	-0.286393	-0.233685	-0.174561	-0.0881376	0.0166559	0.136569	0.255991	0.36892	0.475352	0.568568	0.645288	0.706958	0.766976	0.836076	0.905445	0.961667	1.00307	1.02319	1.02691	1.00714	0.957063	0.892644	0.821985	0.735733	0.620522	0.468505	0.286705	0.073183	-0.153788	-0.367971	-0.553069	-0.701712	-0.824668	-0.906749	-0.93549	-0.906301	-0.829503	-0.723607	-0.599333	-0.474573	-0.368574	-0.311185	-0.311185	
-0.336457	-0.36301	-0.391171	-0.421891	-0.423452	-0.382952	-0.319478	-0.257212	-0.184804	-0.110687	-0.0133554	0.102603	0.231182	0.362934	0.486524	0.595178	0.688831	0.760898	0.812265	0.864543	0.912649	0.960323	1.00115	1.02726	1.03936	1.03934	1.01938	0.984132	0.938333	0.885014	0.81752	0.71174	0.556405	0.351918	0.109834	-0.14468	-0.393272	-0.622796	-0.824668	-0.993331	-1.10685	-1.14611	-1.10481	-1.00004	-0.862953	-0.705166	-0.547779	-0.423162	-0.346966	-0.346966	
-0.494298	-0.488978	-0.488709	-0.488129	-0.462216	-0.401575	-0.316857	-0.230174	-0.143559	-0.0505116	0.0543004	0.174362	0.311098	0.445874	0.566458	0.67341	0.758385	0.820954	0.862433	0.891112	0.922828	0.951059	0.975093	0.989735	0.991205	0.990446	0.983342	0.967819	0.943698	0.913123	0.863371	0.773342	0.620755	0.403903	0.148078	-0.125929	-0.40846	-0.672435	-0.906749	-1.10685	-1.23143	-1.2645	-1.20618	-1.06716	-0.890634	-0.695844	-0.503966	-0.355613	-0.265307	-0.265307	
-0.626455	-0.595702	-0.571212	-0.543341	-0.493872	-0.411351	-0.31106	-0.207015	-0.104649	-0.00500149	0.0974274	0.214557	0.338666	0.46395	0.576392	0.669169	0.743219	0.789485	0.816495	0.827503	0.837222	0.844596	0.855588	0.857171	0.852	0.859619	0.870054	0.878704	0.879105	0.876455	0.85449	0.783732	0.641167	0.427573	0.16746	-0.114077	-0.401015	-0.678399	-0.93549	-1.14611	-1.2645	-1.28084	-1.19092	-1.00562	-0.78384	-0.547373	-0.318697	-0.148525	-0.0451273	-0.0451273	
-0.722534	-0.675815	-0.633351	-0.583542	-0.512921	-0.415937	-0.305004	-0.191	-0.0806607	0.0164384	0.104724	0.199765	0.297552	0.394571	0.487382	0.557114	0.610982	0.641438	0.651912	0.650779	0.639809	0.630199	0.628535	0.625851	0.625794	0.64031	0.667804	0.708273	0.743885	0.771595	0.778116	0.730638	0.611112	0.414426	0.170441	-0.0940802	-0.374309	-0.65125	-0.906301	-1.10481	-1.20618	-1.19092	-1.05383	-0.823776	-0.547985	-0.258665	0.0038981	0.199472	0.314465	0.314465	
-0.79034	-0.738259	-0.679964	-0.613808	-0.524164	-0.41685	-0.301555	-0.181409	-0.0704056	0.0144288	0.078981	0.136543	0.19148	0.246673	0.299543	0.339166	0.364958	0.378359	0.374361	0.358816	0.339175	0.322521	0.315489	0.313736	0.320114	0.346807	0.398402	0.471152	0.54463	0.607509	0.642859	0.627568	0.539138	0.376727	0.165571	-0.0752497	-0.33368	-0.595916	-0.829503	-1.00004	-1.06716	-1.00562	-0.823776	-0.54187	-0.205504	0.134616	0.437873	0.664359	0.786783	0.786783	
-0.834719	-0.774898	-0.699479	-0.615712	-0.513437	-0.401901	-0.290769	-0.175097	-0.0731879	-0.0101609	0.0244353	0.0347901	0.0343498	0.0366628	0.0403891	0.0421403	0.0334959	0.0226588	0.00780517	-0.0130732	-0.0337011	-0.0495929	-0.0545493	-0.0457737	-0.0268886	0.0164771	0.0931678	0.192721	0.304792	0.40897	0.480518	0.499888	0.447914	0.332593	0.161312	-0.0488447	-0.274658	-0.512426	-0.723607	-0.862953	-0.890634	-0.78384	-0.547985	-0.205504	0.1959	0.595648	0.942225	1.19902	1.32983	1.32983	
-0.860831	-0.787772	-0.693776	-0.584685	-0.470654	-0.361574	-0.256192	-0.156371	-0.0753571	-0.0398392	-0.0459351	-0.0889788	-0.147805	-0.202796	-0.247909	-0.287133	-0.326393	-0.357613	-0.384824	-0.406343	-0.427132	-0.438781	-0.44047	-0.422297	-0.38544	-0.3266	-0.228689	-0.0954034	0.0609617	0.205574	0.315079	0.370127	0.363063	0.296375	0.170516	0.00166427	-0.202412	-0.417605	-0.599333	-0.705166	-0.695844	-0.547373	-0.258665	0.134616	0.595648	1.05583	1.44117	1.72373	1.86353	1.86353	
-0.867167	-0.786011	-0.667958	-0.534393	-0.407373	-0.299391	-0.203767	-0.126087	-0.0768375	-0.0771015	-0.130065	-0.224769	-0.337505	-0.439088	-0.523318	-0.593513	-0.653653	-0.702507	-0.741008	-0.766653	-0.786956	-0.796614	-0.793246	-0.768209	-0.713362	-0.634417	-0.517614	-0.351254	-0.153044	0.0336758	0.176514	0.264779	0.300168	0.279555	0.194047	0.0522177	-0.125785	-0.317205	-0.474573	-0.547779	-0.503966	-0.318697	0.0038981	0.437873	0.942225	1.44117	1.86233	2.16304	2.3116	2.3116	
-0.869172	-0.77526	-0.638846	-0.482422	-0.343573	-0.239381	-0.154246	-0.0935409	-0.0814316	-0.111719	-0.204832	-0.348557	-0.500654	-0.638761	-0.74978	-0.8318	-0.904494	-0.963309	-1.00142	-1.03357	-1.055	-1.07002	-1.06992	-1.03754	-0.972812	-0.87508	-0.729673	-0.537045	-0.305524	-0.0803437	0.0916276	0.20549	0.265373	0.273638	0.221797	0.102758	-0.0599937	-0.229131	-0.368574	-0.423162	-0.355613	-0.148525	0.199472	0.664359	1.19902	1.72373	2.16304	2.46753	2.61629	2.61629	
-0.869011	-0.772465	-0.627631	-0.455098	-0.311549	-0.205019	-0.122663	-0.0771502	-0.08288	-0.134396	-0.255803	-0.422378	-0.598383	-0.753473	-0.871825	-0.964466	-1.03553	-1.09768	-1.14217	-1.17438	-1.20111	-1.2185	-1.21836	-1.18698	-1.11015	-1.00008	-0.847692	-0.63236	-0.377136	-0.134446	0.0521104	0.174761	0.252867	0.276361	0.236239	0.129276	-0.0255687	-0.184426	-0.311185	-0.346966	-0.265307	-0.0451273	0.314465	0.786783	1.32983	1.86353	2.3116	2.61629	2.7693	2.7693	
-0.869011	-0.772465	-0.627631	-0.455098	-0.311549	-0.205019	-0.122663	-0.0771502	-0.08288	-0.134396	-0.255803	-0.422378	-0.598383	-0.753473	-0.871825	-0.964466	-1.03553	-1.09768	-1.14217	-1.17438	-1.20111	-1.2185	-1.21836	-1.18698	-1.11015	-1.00008	-0.847692	-0.63236	-0.377136	-0.134446	0.0521104	0.174761	0.252867	0.276361	0.236239	0.129276	-0.0255687	-0.184426	-0.311185	-0.346966	-0.265307	-0.0451273	0.314465	0.786783	1.32983	1.86353	2.3116	2.61629	2.7693	2.7693	
