-0.149989	-0.149989	-0.130407	-0.141681	-0.142082	-0.135312	-0.14247	-0.149146	-0.140608	-0.146193	-0.153052	-0.152915	-0.14944	-0.15056	-0.165562	-0.16026	-0.155933	-0.162185	-0.177306	-0.181132	-0.175279	-0.168419	-0.199798	-0.212834	-0.216016	-0.203567	-0.207392	-0.227415	-0.27627	-0.311555	-0.306004	-0.279775	-0.264919	-0.292077	-0.36717	-0.523329	-0.715964	-0.909397	-1.04003	-1.10249	-1.07009	-0.912929	-0.635822	-0.263615	0.142519	0.544443	0.93466	1.26681	1.51765	1.6293	
-0.149989	-0.149989	-0.130407	-0.141681	-0.142082	-0.135312	-0.14247	-0.149146	-0.140608	-0.146193	-0.153052	-0.152915	-0.14944	-0.15056	-0.165562	-0.16026	-0.155933	-0.162185	-0.177306	-0.181132	-0.175279	-0.168419	-0.199798	-0.212834	-0.216016	-0.203567	-0.207392	-0.227415	-0.27627	-0.311555	-0.306004	-0.279775	-0.264919	-0.292077	-0.36717	-0.523329	-0.715964	-0.909397	-1.04003	-1.10249	-1.07009	-0.912929	-0.635822	-0.263615	0.142519	0.544443	0.93466	1.26681	1.51765	1.6293	
-0.130407	-0.130407	-0.139032	-0.149608	-0.145736	-0.144285	-0.143746	-0.14412	-0.1442	-0.1399	-0.147687	-0.150769	-0.14495	-0.153028	-0.163331	-0.160039	-0.162472	-0.168909	-0.177549	-0.185734	-0.176791	-0.182198	-0.198705	-0.214818	-0.21375	-0.209531	-0.212921	-0.234467	-0.274925	-0.30486	-0.302204	-0.28183	-0.275528	-0.303383	-0.386519	-0.532396	-0.722708	-0.901693	-1.03206	-1.08874	-1.05046	-0.896737	-0.618355	-0.25779	0.144818	0.547218	0.927961	1.26269	1.50404	1.61058	
-0.141681	-0.141681	-0.149608	-0.13594	-0.132756	-0.142137	-0.143154	-0.141113	-0.152572	-0.149964	-0.146104	-0.152633	-0.15368	-0.159235	-0.153915	-0.158662	-0.164769	-0.166103	-0.170193	-0.175676	-0.176221	-0.188031	-0.192395	-0.206211	-0.206903	-0.213244	-0.220813	-0.242233	-0.270491	-0.290159	-0.294302	-0.285621	-0.292434	-0.326367	-0.415537	-0.549641	-0.723693	-0.882704	-1.00403	-1.04915	-1.00259	-0.846327	-0.577401	-0.230944	0.15702	0.55272	0.917386	1.24165	1.46364	1.5634	
-0.142082	-0.142082	-0.145736	-0.132756	-0.141108	-0.150102	-0.144608	-0.138586	-0.14473	-0.151187	-0.148276	-0.149732	-0.158289	-0.156884	-0.151696	-0.162576	-0.168627	-0.170125	-0.168647	-0.171876	-0.185496	-0.196957	-0.193309	-0.198656	-0.206116	-0.221557	-0.234095	-0.25359	-0.263952	-0.274504	-0.285402	-0.295686	-0.317303	-0.363806	-0.455879	-0.577711	-0.724743	-0.861648	-0.965758	-0.997843	-0.93977	-0.781106	-0.52749	-0.199322	0.171282	0.552886	0.907222	1.20783	1.41534	1.50419	
-0.135312	-0.135312	-0.144285	-0.142137	-0.150102	-0.14668	-0.139803	-0.142831	-0.149884	-0.150657	-0.14119	-0.146955	-0.161873	-0.156815	-0.152161	-0.165861	-0.173285	-0.175552	-0.168766	-0.172416	-0.194968	-0.203627	-0.193003	-0.191461	-0.207411	-0.229497	-0.247599	-0.260607	-0.253967	-0.257473	-0.277286	-0.310103	-0.348326	-0.411076	-0.502265	-0.608771	-0.722551	-0.83282	-0.914206	-0.929425	-0.858172	-0.700049	-0.464272	-0.160671	0.188946	0.551727	0.888813	1.16324	1.3504	1.42875	
-0.14247	-0.14247	-0.143746	-0.143154	-0.144608	-0.139803	-0.143171	-0.149922	-0.152397	-0.149664	-0.146533	-0.154485	-0.16064	-0.155958	-0.151161	-0.16626	-0.172003	-0.170408	-0.165921	-0.172466	-0.198651	-0.203906	-0.189371	-0.189855	-0.211599	-0.240025	-0.261283	-0.26435	-0.247181	-0.245885	-0.279629	-0.33201	-0.391323	-0.46673	-0.554923	-0.63839	-0.717415	-0.793291	-0.847868	-0.839237	-0.755717	-0.598684	-0.384558	-0.106965	0.213567	0.554716	0.860885	1.10655	1.26549	1.33203	
-0.149146	-0.149146	-0.14412	-0.141113	-0.138586	-0.142831	-0.149922	-0.153561	-0.14275	-0.146778	-0.160734	-0.157108	-0.155796	-0.155254	-0.162448	-0.167259	-0.170722	-0.16858	-0.170922	-0.179805	-0.200232	-0.199242	-0.190166	-0.192847	-0.219089	-0.24768	-0.268199	-0.260224	-0.239336	-0.239724	-0.287653	-0.358253	-0.438537	-0.523888	-0.60292	-0.661891	-0.702651	-0.745628	-0.764609	-0.735829	-0.638859	-0.49095	-0.299067	-0.0524679	0.238216	0.546604	0.824658	1.03211	1.16975	1.22653	
-0.140608	-0.140608	-0.1442	-0.152572	-0.14473	-0.149884	-0.152397	-0.14275	-0.141986	-0.153163	-0.158516	-0.149173	-0.154386	-0.163687	-0.172705	-0.168351	-0.169782	-0.175932	-0.181294	-0.190927	-0.196747	-0.194219	-0.196775	-0.201208	-0.228502	-0.252102	-0.266885	-0.252359	-0.234239	-0.245928	-0.303003	-0.393982	-0.488253	-0.582086	-0.642972	-0.677705	-0.680379	-0.687719	-0.669996	-0.619033	-0.514879	-0.379748	-0.210264	0.000774628	0.261198	0.528624	0.773654	0.946251	1.06081	1.11589	
-0.146193	-0.146193	-0.1399	-0.149964	-0.151187	-0.150657	-0.149664	-0.146778	-0.153163	-0.156999	-0.159016	-0.150664	-0.153887	-0.166994	-0.168396	-0.163247	-0.164548	-0.178259	-0.188463	-0.194485	-0.187868	-0.194951	-0.207595	-0.219792	-0.238961	-0.25924	-0.262421	-0.251067	-0.244013	-0.270563	-0.336938	-0.441294	-0.548421	-0.636649	-0.68043	-0.681931	-0.654495	-0.615836	-0.564879	-0.48757	-0.382349	-0.259885	-0.113445	0.0649275	0.285691	0.51306	0.711808	0.852614	0.943499	0.99391	
-0.153052	-0.153052	-0.147687	-0.146104	-0.148276	-0.14119	-0.146533	-0.160734	-0.158516	-0.159016	-0.158989	-0.15485	-0.161131	-0.172979	-0.168589	-0.161446	-0.168556	-0.183139	-0.19579	-0.188958	-0.180514	-0.195613	-0.21936	-0.231407	-0.24292	-0.251916	-0.249715	-0.246338	-0.261073	-0.299931	-0.376778	-0.487237	-0.600054	-0.674378	-0.695726	-0.668281	-0.607355	-0.527974	-0.441114	-0.346142	-0.24538	-0.138072	-0.0196149	0.125661	0.299754	0.479028	0.63316	0.741877	0.815427	0.872484	
-0.152915	-0.152915	-0.150769	-0.152633	-0.149732	-0.146955	-0.154485	-0.157108	-0.149173	-0.150664	-0.15485	-0.165258	-0.172823	-0.173315	-0.170701	-0.170439	-0.18256	-0.194529	-0.197852	-0.187793	-0.1818	-0.206564	-0.233178	-0.241449	-0.243181	-0.239506	-0.23883	-0.251981	-0.289483	-0.341623	-0.423868	-0.536844	-0.641563	-0.697813	-0.693051	-0.639913	-0.545926	-0.427777	-0.310943	-0.204314	-0.113289	-0.0245306	0.0676085	0.173299	0.300013	0.426078	0.536899	0.62159	0.684371	0.754878	
-0.14944	-0.14944	-0.14495	-0.15368	-0.158289	-0.161873	-0.16064	-0.155796	-0.154386	-0.153887	-0.161131	-0.172823	-0.165246	-0.157028	-0.168204	-0.178272	-0.188268	-0.192612	-0.193298	-0.18985	-0.195521	-0.225209	-0.248425	-0.253539	-0.244256	-0.235519	-0.244408	-0.280423	-0.338489	-0.401606	-0.487401	-0.591512	-0.679934	-0.709558	-0.681799	-0.600379	-0.474817	-0.321055	-0.178323	-0.0679143	0.0160146	0.0848171	0.152702	0.219707	0.294063	0.371058	0.440153	0.503499	0.564086	0.641765	
-0.15056	-0.15056	-0.153028	-0.159235	-0.156884	-0.156815	-0.155958	-0.155254	-0.163687	-0.166994	-0.172979	-0.173315	-0.157028	-0.163558	-0.182819	-0.188108	-0.186649	-0.186248	-0.187756	-0.194469	-0.210572	-0.23331	-0.249766	-0.24995	-0.233956	-0.229629	-0.255971	-0.315154	-0.388591	-0.461104	-0.543885	-0.629673	-0.690956	-0.693639	-0.641565	-0.533388	-0.377235	-0.195419	-0.0377446	0.072528	0.142298	0.192514	0.22762	0.251638	0.269392	0.294817	0.32757	0.375099	0.438605	0.530147	
-0.165562	-0.165562	-0.163331	-0.153915	-0.151696	-0.152161	-0.151161	-0.162448	-0.172705	-0.168396	-0.168589	-0.170701	-0.168204	-0.182819	-0.193809	-0.190822	-0.188475	-0.18452	-0.19116	-0.211765	-0.227455	-0.237858	-0.244867	-0.242553	-0.227329	-0.237388	-0.284398	-0.361399	-0.444732	-0.522929	-0.593879	-0.651685	-0.680318	-0.656642	-0.580944	-0.445724	-0.264784	-0.0646125	0.0978658	0.202631	0.258268	0.284627	0.286041	0.260491	0.224741	0.202836	0.206506	0.247626	0.31931	0.428185	
-0.16026	-0.16026	-0.160039	-0.158662	-0.162576	-0.165861	-0.16626	-0.167259	-0.168351	-0.163247	-0.161446	-0.170439	-0.178272	-0.188108	-0.190822	-0.192302	-0.190645	-0.188596	-0.210161	-0.237044	-0.243909	-0.241011	-0.24275	-0.242248	-0.239075	-0.269662	-0.335823	-0.421542	-0.511528	-0.586386	-0.637358	-0.658528	-0.654783	-0.605147	-0.505499	-0.34554	-0.146973	0.0590981	0.219436	0.315837	0.35615	0.357864	0.32005	0.24899	0.162854	0.106051	0.0908343	0.133842	0.21852	0.345125	
-0.155933	-0.155933	-0.162472	-0.164769	-0.168627	-0.173285	-0.172003	-0.170722	-0.169782	-0.164548	-0.168556	-0.18256	-0.188268	-0.186649	-0.188475	-0.190645	-0.188207	-0.200134	-0.229912	-0.247893	-0.243444	-0.233721	-0.236078	-0.245025	-0.263993	-0.317972	-0.394334	-0.484969	-0.573068	-0.637196	-0.656855	-0.641024	-0.604713	-0.529876	-0.404636	-0.224688	-0.0181492	0.183977	0.336933	0.423664	0.446131	0.418058	0.337823	0.219906	0.0915385	0.00408412	-0.0201395	0.0246146	0.124954	0.265571	
-0.162185	-0.162185	-0.168909	-0.166103	-0.170125	-0.175552	-0.170408	-0.16858	-0.175932	-0.178259	-0.183139	-0.194529	-0.192612	-0.186248	-0.18452	-0.188596	-0.200134	-0.221778	-0.241001	-0.244049	-0.236331	-0.227439	-0.234933	-0.262073	-0.309593	-0.378215	-0.458759	-0.546358	-0.625429	-0.666321	-0.650254	-0.599879	-0.532162	-0.432363	-0.28236	-0.0924766	0.111936	0.30099	0.443883	0.517382	0.518495	0.454225	0.331393	0.170149	0.009133	-0.0977299	-0.12645	-0.0730123	0.0392873	0.194378	
-0.177306	-0.177306	-0.177549	-0.170193	-0.168647	-0.168766	-0.165921	-0.170922	-0.181294	-0.188463	-0.19579	-0.197852	-0.193298	-0.187756	-0.19116	-0.210161	-0.229912	-0.241001	-0.241645	-0.237823	-0.234182	-0.228192	-0.247033	-0.301195	-0.368504	-0.443288	-0.518756	-0.59777	-0.655187	-0.663612	-0.61376	-0.53096	-0.435403	-0.307945	-0.143517	0.047746	0.236502	0.409146	0.536149	0.59214	0.56346	0.459234	0.292624	0.0976184	-0.0873353	-0.2019	-0.226864	-0.163137	-0.0330368	0.134094	
-0.181132	-0.181132	-0.185734	-0.175676	-0.171876	-0.172416	-0.172466	-0.179805	-0.190927	-0.194485	-0.188958	-0.187793	-0.18985	-0.194469	-0.211765	-0.237044	-0.247893	-0.244049	-0.237823	-0.238517	-0.241458	-0.245706	-0.290472	-0.3655	-0.444181	-0.513672	-0.581921	-0.640837	-0.665732	-0.639887	-0.558878	-0.449526	-0.322441	-0.175695	-0.00260003	0.174346	0.345821	0.496578	0.607114	0.638982	0.576741	0.432618	0.23131	0.0121731	-0.179691	-0.295595	-0.309586	-0.233772	-0.0915089	0.0890902	
-0.175279	-0.175279	-0.176791	-0.176221	-0.185496	-0.194968	-0.198651	-0.200232	-0.196747	-0.187868	-0.180514	-0.1818	-0.195521	-0.210572	-0.227455	-0.243909	-0.243444	-0.236331	-0.234182	-0.241458	-0.256913	-0.288912	-0.355737	-0.442809	-0.518017	-0.581748	-0.6329	-0.660848	-0.647716	-0.59012	-0.48433	-0.346444	-0.193872	-0.0324816	0.132473	0.292515	0.43969	0.571222	0.657616	0.660747	0.56253	0.382744	0.157359	-0.0713192	-0.262301	-0.367862	-0.372886	-0.28556	-0.133561	0.0504946	
-0.168419	-0.168419	-0.182198	-0.188031	-0.196957	-0.203627	-0.203906	-0.199242	-0.194219	-0.194951	-0.195613	-0.206564	-0.225209	-0.23331	-0.237858	-0.241011	-0.233721	-0.227439	-0.228192	-0.245706	-0.288912	-0.344193	-0.42336	-0.504393	-0.575803	-0.625009	-0.649106	-0.637306	-0.589116	-0.505726	-0.375805	-0.212442	-0.0397898	0.120482	0.271256	0.406304	0.533015	0.637212	0.695319	0.661785	0.527183	0.319094	0.0775773	-0.152344	-0.335754	-0.435361	-0.430002	-0.338932	-0.181697	0.00795342	
-0.199798	-0.199798	-0.198705	-0.192395	-0.193309	-0.193003	-0.189371	-0.190166	-0.196775	-0.207595	-0.21936	-0.233178	-0.248425	-0.249766	-0.244867	-0.24275	-0.236078	-0.234933	-0.247033	-0.290472	-0.355737	-0.42336	-0.494049	-0.567494	-0.624958	-0.648717	-0.632736	-0.582757	-0.50479	-0.398422	-0.244434	-0.0617269	0.1165	0.26436	0.391597	0.503274	0.601772	0.675337	0.693297	0.62178	0.455208	0.22738	-0.0158512	-0.238962	-0.408598	-0.495311	-0.4826	-0.382513	-0.220076	-0.0265158	
-0.212834	-0.212834	-0.214818	-0.206211	-0.198656	-0.191461	-0.189855	-0.192847	-0.201208	-0.219792	-0.231407	-0.241449	-0.253539	-0.24995	-0.242553	-0.242248	-0.245025	-0.262073	-0.301195	-0.3655	-0.442809	-0.504393	-0.567494	-0.625723	-0.659898	-0.644507	-0.590165	-0.508204	-0.406422	-0.275454	-0.103014	0.0877559	0.256545	0.383948	0.487472	0.572586	0.641554	0.674159	0.652346	0.544794	0.357739	0.125736	-0.110048	-0.314904	-0.467636	-0.540996	-0.516722	-0.41159	-0.24242	-0.0431798	
-0.216016	-0.216016	-0.21375	-0.206903	-0.206116	-0.207411	-0.211599	-0.219089	-0.228502	-0.238961	-0.24292	-0.243181	-0.244256	-0.233956	-0.227329	-0.239075	-0.263993	-0.309593	-0.368504	-0.444181	-0.518017	-0.575803	-0.624958	-0.659898	-0.656788	-0.604006	-0.518246	-0.412581	-0.28551	-0.134875	0.0472034	0.228922	0.380071	0.484175	0.564248	0.621565	0.652805	0.644547	0.582824	0.452455	0.258296	0.0344366	-0.18161	-0.367468	-0.500556	-0.562937	-0.53379	-0.425644	-0.257982	-0.0612909	
-0.203567	-0.203567	-0.209531	-0.213244	-0.221557	-0.229497	-0.240025	-0.24768	-0.252102	-0.25924	-0.251916	-0.239506	-0.235519	-0.229629	-0.237388	-0.269662	-0.317972	-0.378215	-0.443288	-0.513672	-0.581748	-0.625009	-0.648717	-0.644507	-0.604006	-0.519927	-0.411184	-0.280354	-0.132226	0.0304313	0.204006	0.36734	0.494672	0.576643	0.629911	0.651784	0.641129	0.588674	0.49725	0.352267	0.163318	-0.044903	-0.241738	-0.407345	-0.528219	-0.583069	-0.55174	-0.445282	-0.278574	-0.082417	
-0.207392	-0.207392	-0.212921	-0.220813	-0.234095	-0.247599	-0.261283	-0.268199	-0.266885	-0.262421	-0.249715	-0.23883	-0.244408	-0.255971	-0.284398	-0.335823	-0.394334	-0.458759	-0.518756	-0.581921	-0.6329	-0.649106	-0.632736	-0.590165	-0.518246	-0.411184	-0.277668	-0.125083	0.036994	0.19348	0.348293	0.486004	0.591104	0.647319	0.667612	0.647762	0.59179	0.504269	0.391735	0.247777	0.0715887	-0.11609	-0.291788	-0.442226	-0.551145	-0.602554	-0.570906	-0.46582	-0.301004	-0.10649	
-0.227415	-0.227415	-0.234467	-0.242233	-0.25359	-0.260607	-0.26435	-0.260224	-0.252359	-0.251067	-0.246338	-0.251981	-0.280423	-0.315154	-0.361399	-0.421542	-0.484969	-0.546358	-0.59777	-0.640837	-0.660848	-0.637306	-0.582757	-0.508204	-0.412581	-0.280354	-0.125083	0.0421356	0.199766	0.338468	0.466967	0.580655	0.660309	0.685145	0.664659	0.599182	0.504831	0.391457	0.274585	0.139714	-0.015546	-0.181874	-0.338614	-0.474265	-0.575156	-0.621777	-0.589015	-0.483167	-0.317701	-0.120166	
-0.27627	-0.27627	-0.274925	-0.270491	-0.263952	-0.253967	-0.247181	-0.239336	-0.234239	-0.244013	-0.261073	-0.289483	-0.338489	-0.388591	-0.444732	-0.511528	-0.573068	-0.625429	-0.655187	-0.665732	-0.647716	-0.589116	-0.50479	-0.406422	-0.28551	-0.132226	0.036994	0.199766	0.340242	0.453365	0.55716	0.645206	0.694364	0.680198	0.614896	0.510027	0.387869	0.266881	0.156543	0.0419614	-0.0910892	-0.235312	-0.374947	-0.498655	-0.591338	-0.634043	-0.598532	-0.491382	-0.323074	-0.124496	
-0.311555	-0.311555	-0.30486	-0.290159	-0.274504	-0.257473	-0.245885	-0.239724	-0.245928	-0.270563	-0.299931	-0.341623	-0.401606	-0.461104	-0.522929	-0.586386	-0.637196	-0.666321	-0.663612	-0.639887	-0.59012	-0.505726	-0.398422	-0.275454	-0.134875	0.0304313	0.19348	0.338468	0.453365	0.541812	0.620033	0.677325	0.688462	0.629948	0.525174	0.391345	0.260001	0.14436	0.0535927	-0.0379195	-0.146392	-0.270943	-0.394836	-0.507855	-0.593067	-0.631367	-0.593663	-0.484571	-0.317499	-0.118456	
-0.306004	-0.306004	-0.302204	-0.294302	-0.285402	-0.277286	-0.279629	-0.287653	-0.303003	-0.336938	-0.376778	-0.423868	-0.487401	-0.543885	-0.593879	-0.637358	-0.656855	-0.650254	-0.61376	-0.558878	-0.48433	-0.375805	-0.244434	-0.103014	0.0472034	0.204006	0.348293	0.466967	0.55716	0.620033	0.66755	0.68705	0.653747	0.555677	0.4209	0.27668	0.149432	0.0522282	-0.0161966	-0.0839316	-0.173191	-0.282736	-0.397395	-0.504198	-0.58757	-0.625322	-0.588946	-0.483721	-0.31879	-0.125992	
-0.279775	-0.279775	-0.28183	-0.285621	-0.295686	-0.310103	-0.33201	-0.358253	-0.393982	-0.441294	-0.487237	-0.536844	-0.591512	-0.629673	-0.651685	-0.658528	-0.641024	-0.599879	-0.53096	-0.449526	-0.346444	-0.212442	-0.0617269	0.0877559	0.228922	0.36734	0.486004	0.580655	0.645206	0.677325	0.68705	0.661483	0.587649	0.45749	0.310366	0.167793	0.0571178	-0.0193208	-0.0656034	-0.115417	-0.191628	-0.293201	-0.403174	-0.509722	-0.592964	-0.633597	-0.600434	-0.497608	-0.338383	-0.147291	
-0.264919	-0.264919	-0.275528	-0.292434	-0.317303	-0.348326	-0.391323	-0.438537	-0.488253	-0.548421	-0.600054	-0.641563	-0.679934	-0.690956	-0.680318	-0.654783	-0.604713	-0.532162	-0.435403	-0.322441	-0.193872	-0.0397898	0.1165	0.256545	0.380071	0.494672	0.591104	0.660309	0.694364	0.688462	0.653747	0.587649	0.480776	0.336812	0.189598	0.0623021	-0.0287516	-0.0837773	-0.112649	-0.150972	-0.22019	-0.318631	-0.428611	-0.534417	-0.619765	-0.6594	-0.624967	-0.521657	-0.357466	-0.164332	
-0.292077	-0.292077	-0.303383	-0.326367	-0.363806	-0.411076	-0.46673	-0.523888	-0.582086	-0.636649	-0.674378	-0.697813	-0.709558	-0.693639	-0.656642	-0.605147	-0.529876	-0.432363	-0.307945	-0.175695	-0.0324816	0.120482	0.26436	0.383948	0.484175	0.576643	0.647319	0.685145	0.680198	0.629948	0.555677	0.45749	0.336812	0.192215	0.0605381	-0.0465601	-0.114497	-0.149568	-0.164253	-0.192501	-0.25686	-0.351655	-0.458009	-0.562232	-0.642439	-0.678183	-0.638646	-0.528303	-0.361227	-0.162375	
-0.36717	-0.36717	-0.386519	-0.415537	-0.455879	-0.502265	-0.554923	-0.60292	-0.642972	-0.68043	-0.695726	-0.693051	-0.681799	-0.641565	-0.580944	-0.505499	-0.404636	-0.28236	-0.143517	-0.00260003	0.132473	0.271256	0.391597	0.487472	0.564248	0.629911	0.667612	0.664659	0.614896	0.525174	0.4209	0.310366	0.189598	0.0605381	-0.0503633	-0.133112	-0.179353	-0.19798	-0.200091	-0.223085	-0.283298	-0.375387	-0.480044	-0.579052	-0.656375	-0.684876	-0.637534	-0.521843	-0.346511	-0.143658	
-0.523329	-0.523329	-0.532396	-0.549641	-0.577711	-0.608771	-0.63839	-0.661891	-0.677705	-0.681931	-0.668281	-0.639913	-0.600379	-0.533388	-0.445724	-0.34554	-0.224688	-0.0924766	0.047746	0.174346	0.292515	0.406304	0.503274	0.572586	0.621565	0.651784	0.647762	0.599182	0.510027	0.391345	0.27668	0.167793	0.0623021	-0.0465601	-0.133112	-0.193545	-0.221997	-0.225671	-0.220642	-0.23797	-0.296455	-0.38606	-0.486126	-0.58238	-0.65274	-0.674849	-0.621585	-0.4988	-0.322077	-0.118499	
-0.715964	-0.715964	-0.722708	-0.723693	-0.724743	-0.722551	-0.717415	-0.702651	-0.680379	-0.654495	-0.607355	-0.545926	-0.474817	-0.377235	-0.264784	-0.146973	-0.0181492	0.111936	0.236502	0.345821	0.43969	0.533015	0.601772	0.641554	0.652805	0.641129	0.59179	0.504831	0.387869	0.260001	0.149432	0.0571178	-0.0287516	-0.114497	-0.179353	-0.221997	-0.235026	-0.23049	-0.218753	-0.236164	-0.294472	-0.38303	-0.483323	-0.575242	-0.643495	-0.660107	-0.600825	-0.476199	-0.297711	-0.0961425	
-0.909397	-0.909397	-0.901693	-0.882704	-0.861648	-0.83282	-0.793291	-0.745628	-0.687719	-0.615836	-0.527974	-0.427777	-0.321055	-0.195419	-0.0646125	0.0590981	0.183977	0.30099	0.409146	0.496578	0.571222	0.637212	0.675337	0.674159	0.644547	0.588674	0.504269	0.391457	0.266881	0.14436	0.0522282	-0.0193208	-0.0837773	-0.149568	-0.19798	-0.225671	-0.23049	-0.217965	-0.206006	-0.224186	-0.285152	-0.376281	-0.475705	-0.568887	-0.635333	-0.649454	-0.590451	-0.466434	-0.294027	-0.102619	
-1.04003	-1.04003	-1.03206	-1.00403	-0.965758	-0.914206	-0.847868	-0.764609	-0.669996	-0.564879	-0.441114	-0.310943	-0.178323	-0.0377446	0.0978658	0.219436	0.336933	0.443883	0.536149	0.607114	0.657616	0.695319	0.693297	0.652346	0.582824	0.49725	0.391735	0.274585	0.156543	0.0535927	-0.0161966	-0.0656034	-0.112649	-0.164253	-0.200091	-0.220642	-0.218753	-0.206006	-0.19588	-0.220788	-0.28977	-0.385773	-0.492316	-0.588405	-0.658689	-0.674527	-0.616766	-0.497065	-0.331644	-0.147368	
-1.10249	-1.10249	-1.08874	-1.04915	-0.997843	-0.929425	-0.839237	-0.735829	-0.619033	-0.48757	-0.346142	-0.204314	-0.0679143	0.072528	0.202631	0.315837	0.423664	0.517382	0.59214	0.638982	0.660747	0.661785	0.62178	0.544794	0.452455	0.352267	0.247777	0.139714	0.0419614	-0.0379195	-0.0839316	-0.115417	-0.150972	-0.192501	-0.223085	-0.23797	-0.236164	-0.224186	-0.220788	-0.255734	-0.333433	-0.438916	-0.550478	-0.651717	-0.724487	-0.739054	-0.681518	-0.56262	-0.399221	-0.220047	
-1.07009	-1.07009	-1.05046	-1.00259	-0.93977	-0.858172	-0.755717	-0.638859	-0.514879	-0.382349	-0.24538	-0.113289	0.0160146	0.142298	0.258268	0.35615	0.446131	0.518495	0.56346	0.576741	0.56253	0.527183	0.455208	0.357739	0.258296	0.163318	0.0715887	-0.015546	-0.0910892	-0.146392	-0.173191	-0.191628	-0.22019	-0.25686	-0.283298	-0.296455	-0.294472	-0.285152	-0.28977	-0.333433	-0.4219	-0.532359	-0.648925	-0.750854	-0.821447	-0.830198	-0.766873	-0.641288	-0.475803	-0.292859	
-0.912929	-0.912929	-0.896737	-0.846327	-0.781106	-0.700049	-0.598684	-0.49095	-0.379748	-0.259885	-0.138072	-0.0245306	0.0848171	0.192514	0.284627	0.357864	0.418058	0.454225	0.459234	0.432618	0.382744	0.319094	0.22738	0.125736	0.0344366	-0.044903	-0.11609	-0.181874	-0.235312	-0.270943	-0.282736	-0.293201	-0.318631	-0.351655	-0.375387	-0.38606	-0.38303	-0.376281	-0.385773	-0.438916	-0.532359	-0.646653	-0.762586	-0.86083	-0.924315	-0.9219	-0.846563	-0.711949	-0.537888	-0.347449	
-0.635822	-0.635822	-0.618355	-0.577401	-0.52749	-0.464272	-0.384558	-0.299067	-0.210264	-0.113445	-0.0196149	0.0676085	0.152702	0.22762	0.286041	0.32005	0.337823	0.331393	0.292624	0.23131	0.157359	0.0775773	-0.0158512	-0.110048	-0.18161	-0.241738	-0.291788	-0.338614	-0.374947	-0.394836	-0.397395	-0.403174	-0.428611	-0.458009	-0.480044	-0.486126	-0.483323	-0.475705	-0.492316	-0.550478	-0.648925	-0.762586	-0.874716	-0.96525	-1.01697	-0.997016	-0.907502	-0.756485	-0.570959	-0.369891	
-0.263615	-0.263615	-0.25779	-0.230944	-0.199322	-0.160671	-0.106965	-0.0524679	0.000774628	0.0649275	0.125661	0.173299	0.219707	0.251638	0.260491	0.24899	0.219906	0.170149	0.0976184	0.0121731	-0.0713192	-0.152344	-0.238962	-0.314904	-0.367468	-0.407345	-0.442226	-0.474265	-0.498655	-0.507855	-0.504198	-0.509722	-0.534417	-0.562232	-0.579052	-0.58238	-0.575242	-0.568887	-0.588405	-0.651717	-0.750854	-0.86083	-0.96525	-1.0444	-1.07814	-1.03922	-0.928279	-0.759079	-0.558722	-0.339203	
0.142519	0.142519	0.144818	0.15702	0.171282	0.188946	0.213567	0.238216	0.261198	0.285691	0.299754	0.300013	0.294063	0.269392	0.224741	0.162854	0.0915385	0.009133	-0.0873353	-0.179691	-0.262301	-0.335754	-0.408598	-0.467636	-0.500556	-0.528219	-0.551145	-0.575156	-0.591338	-0.593067	-0.58757	-0.592964	-0.619765	-0.642439	-0.656375	-0.65274	-0.643495	-0.635333	-0.658689	-0.724487	-0.821447	-0.924315	-1.01697	-1.07814	-1.09061	-1.02338	-0.887756	-0.695207	-0.472961	-0.235838	
0.544443	0.544443	0.547218	0.55272	0.552886	0.551727	0.554716	0.546604	0.528624	0.51306	0.479028	0.426078	0.371058	0.294817	0.202836	0.106051	0.00408412	-0.0977299	-0.2019	-0.295595	-0.367862	-0.435361	-0.495311	-0.540996	-0.562937	-0.583069	-0.602554	-0.621777	-0.634043	-0.631367	-0.625322	-0.633597	-0.6594	-0.678183	-0.684876	-0.674849	-0.660107	-0.649454	-0.674527	-0.739054	-0.830198	-0.9219	-0.997016	-1.03922	-1.02338	-0.929441	-0.768782	-0.55309	-0.316744	-0.0629417	
0.93466	0.93466	0.927961	0.917386	0.907222	0.888813	0.860885	0.824658	0.773654	0.711808	0.63316	0.536899	0.440153	0.32757	0.206506	0.0908343	-0.0201395	-0.12645	-0.226864	-0.309586	-0.372886	-0.430002	-0.4826	-0.516722	-0.53379	-0.55174	-0.570906	-0.589015	-0.598532	-0.593663	-0.588946	-0.600434	-0.624967	-0.638646	-0.637534	-0.621585	-0.600825	-0.590451	-0.616766	-0.681518	-0.766873	-0.846563	-0.907502	-0.928279	-0.887756	-0.768782	-0.583596	-0.352779	-0.101625	0.162371	
1.26681	1.26681	1.26269	1.24165	1.20783	1.16324	1.10655	1.03211	0.946251	0.852614	0.741877	0.62159	0.503499	0.375099	0.247626	0.133842	0.0246146	-0.0730123	-0.163137	-0.233772	-0.28556	-0.338932	-0.382513	-0.41159	-0.425644	-0.445282	-0.46582	-0.483167	-0.491382	-0.484571	-0.483721	-0.497608	-0.521657	-0.528303	-0.521843	-0.4988	-0.476199	-0.466434	-0.497065	-0.56262	-0.641288	-0.711949	-0.756485	-0.759079	-0.695207	-0.55309	-0.352779	-0.10979	0.146055	0.411138	
1.51765	1.51765	1.50404	1.46364	1.41534	1.3504	1.26549	1.16975	1.06081	0.943499	0.815427	0.684371	0.564086	0.438605	0.31931	0.21852	0.124954	0.0392873	-0.0330368	-0.0915089	-0.133561	-0.181697	-0.220076	-0.24242	-0.257982	-0.278574	-0.301004	-0.317701	-0.323074	-0.317499	-0.31879	-0.338383	-0.357466	-0.361227	-0.346511	-0.322077	-0.297711	-0.294027	-0.331644	-0.399221	-0.475803	-0.537888	-0.570959	-0.558722	-0.472961	-0.316744	-0.101625	0.146055	0.404056	0.669284	
1.6293	1.6293	1.61058	1.5634	1.50419	1.42875	1.33203	1.22653	1.11589	0.99391	0.872484	0.754878	0.641765	0.530147	0.428185	0.345125	0.265571	0.194378	0.134094	0.0890902	0.0504946	0.00795342	-0.0265158	-0.0431798	-0.0612909	-0.082417	-0.10649	-0.120166	-0.124496	-0.118456	-0.125992	-0.147291	-0.164332	-0.162375	-0.143658	-0.118499	-0.0961425	-0.102619	-0.147368	-0.220047	-0.292859	-0.347449	-0.369891	-0.339203	-0.235838	-0.0629417	0.162371	0.411138	0.669284	0.926568	
