-0.140523	-0.140523	0.204148	0.196304	-0.335183	0.104337	
-0.140523	-0.140523	0.204148	0.196304	-0.335183	0.104337	
0.204148	0.204148	0.642998	0.682648	0.0921034	0.60203	
0.196304	0.196304	0.682648	0.571579	0.256208	0.0348891	
-0.335183	-0.335183	0.0921034	0.256208	-0.463034	0.0852684	
0.104337	0.104337	0.60203	0.0348891	0.0852684	-0.559796	
