0.421129	0.436666	0.468247	0.512858	0.551647	0.556672	0.511471	0.400672	0.242967	0.0761679	-0.0677241	-0.196533	-0.322403	-0.440301	-0.546174	-0.62688	-0.682676	-0.727843	-0.776389	-0.818935	-0.839747	-0.841607	-0.843118	-0.844198	-0.820761	-0.767932	-0.689353	-0.59395	-0.488559	-0.364992	-0.213197	-0.031533	0.145374	0.281839	0.384167	0.46974	0.558886	0.672252	0.808589	0.945196	1.05637	1.11869	1.1057	1.01344	0.86741	0.697018	0.538619	0.423572	0.36254	0.36254	
0.436666	0.441085	0.464362	0.508663	0.559434	0.583713	0.558818	0.465039	0.324097	0.175633	0.0428134	-0.0814124	-0.20633	-0.330636	-0.455148	-0.573099	-0.67339	-0.750422	-0.81009	-0.849548	-0.861716	-0.847136	-0.816155	-0.765012	-0.688203	-0.601524	-0.508955	-0.414724	-0.32089	-0.216826	-0.0924549	0.056472	0.19866	0.299461	0.364146	0.41421	0.476477	0.573532	0.70405	0.844459	0.967942	1.04395	1.03177	0.921199	0.74445	0.544517	0.369745	0.250025	0.18756	0.18756	
0.468247	0.464362	0.478177	0.518813	0.567539	0.597325	0.586772	0.516729	0.405022	0.275927	0.152276	0.0271609	-0.102534	-0.236657	-0.385218	-0.539381	-0.678197	-0.78371	-0.853368	-0.887719	-0.888676	-0.855218	-0.789089	-0.689966	-0.565389	-0.439108	-0.324282	-0.22383	-0.126519	-0.0265222	0.0757744	0.187756	0.287139	0.348086	0.378146	0.397702	0.435356	0.517601	0.6432	0.780656	0.897291	0.962453	0.93365	0.797201	0.584703	0.34774	0.147461	0.0149907	-0.0534482	-0.0534482	
0.512858	0.508663	0.518813	0.547923	0.581361	0.605801	0.608286	0.567909	0.483606	0.373436	0.255746	0.127088	-0.0100759	-0.161431	-0.331916	-0.510401	-0.674885	-0.801843	-0.88354	-0.920783	-0.914699	-0.862046	-0.768274	-0.632967	-0.468149	-0.305264	-0.158769	-0.0336229	0.07717	0.177617	0.267531	0.349576	0.402387	0.416225	0.415273	0.422614	0.452778	0.520035	0.626333	0.742771	0.831373	0.860055	0.795122	0.631535	0.396977	0.13543	-0.0922262	-0.251005	-0.337122	-0.337122	
0.551647	0.559434	0.567539	0.581361	0.595618	0.617357	0.638586	0.624692	0.566785	0.474516	0.365491	0.235215	0.0828119	-0.0906478	-0.281412	-0.476475	-0.656532	-0.801629	-0.900275	-0.944212	-0.931089	-0.86162	-0.741636	-0.577805	-0.390241	-0.198452	-0.0168254	0.136405	0.265213	0.369821	0.447937	0.504156	0.522222	0.50364	0.48242	0.484142	0.51295	0.566653	0.641332	0.714568	0.75699	0.740593	0.636267	0.444026	0.189121	-0.0906083	-0.33809	-0.517759	-0.618457	-0.618457	
0.556672	0.583713	0.597325	0.605801	0.617357	0.652775	0.693744	0.70407	0.666561	0.591651	0.491032	0.351158	0.177531	-0.0218903	-0.230946	-0.434731	-0.622963	-0.780446	-0.888456	-0.934954	-0.918055	-0.834944	-0.697111	-0.519179	-0.318912	-0.111095	0.0920948	0.272386	0.42048	0.525526	0.59372	0.63771	0.642263	0.606219	0.564417	0.553752	0.577487	0.61627	0.65884	0.689815	0.68693	0.625255	0.480321	0.255104	-0.025722	-0.322601	-0.578733	-0.762448	-0.8646	-0.8646	
0.511471	0.558818	0.586772	0.608286	0.638586	0.693744	0.75403	0.781643	0.762746	0.705698	0.609019	0.461663	0.2723	0.0575303	-0.158133	-0.364874	-0.556987	-0.717504	-0.825636	-0.871557	-0.85353	-0.7726	-0.635028	-0.452334	-0.252823	-0.0445682	0.169389	0.366453	0.531517	0.647568	0.716396	0.750492	0.741416	0.692507	0.634978	0.604614	0.608841	0.631733	0.657957	0.664283	0.626094	0.52287	0.338819	0.0821537	-0.221096	-0.529264	-0.788455	-0.971824	-1.07209	-1.07209	
0.400672	0.465039	0.516729	0.567909	0.624692	0.70407	0.781643	0.828763	0.831433	0.789449	0.699406	0.553314	0.366536	0.157593	-0.0521817	-0.255584	-0.444006	-0.598305	-0.696564	-0.73581	-0.727975	-0.669123	-0.549435	-0.380258	-0.188287	0.0188787	0.230824	0.432113	0.608414	0.732004	0.799594	0.821923	0.800119	0.742357	0.670247	0.619427	0.603876	0.60753	0.616045	0.609725	0.557585	0.430897	0.220878	-0.0548866	-0.369218	-0.68228	-0.946074	-1.1354	-1.2384	-1.2384	
0.242967	0.324097	0.405022	0.483606	0.566785	0.666561	0.762746	0.831433	0.851499	0.824068	0.743842	0.615166	0.453932	0.269603	0.0785273	-0.112486	-0.290409	-0.430106	-0.50975	-0.542309	-0.545968	-0.512787	-0.422313	-0.271609	-0.0905139	0.102553	0.296544	0.479067	0.638578	0.755678	0.824461	0.842629	0.810432	0.740929	0.658879	0.597633	0.563061	0.541123	0.528845	0.513085	0.459907	0.335368	0.129081	-0.144909	-0.460238	-0.774131	-1.04213	-1.23845	-1.3445	-1.3445	
0.0761679	0.175633	0.275927	0.373436	0.474516	0.591651	0.705698	0.789449	0.824068	0.808753	0.745006	0.646342	0.520788	0.370687	0.207439	0.0384418	-0.116755	-0.23	-0.285969	-0.303148	-0.307728	-0.294952	-0.229025	-0.104838	0.0473277	0.212234	0.370421	0.512066	0.635804	0.730019	0.788497	0.79839	0.758905	0.686143	0.598588	0.525768	0.478307	0.442006	0.411023	0.383313	0.335264	0.228359	0.0453115	-0.205931	-0.502764	-0.803799	-1.0684	-1.26649	-1.37186	-1.37186	
-0.0677241	0.0428134	0.152276	0.255746	0.365491	0.491032	0.609019	0.699406	0.743842	0.745006	0.707065	0.64517	0.56196	0.455399	0.332925	0.20305	0.0846468	1.93378e-05	-0.0341286	-0.0386558	-0.0424062	-0.0361721	0.012062	0.106283	0.224667	0.347545	0.456425	0.54832	0.620167	0.671119	0.701568	0.694623	0.649046	0.57253	0.4784	0.401059	0.351189	0.311478	0.276613	0.246967	0.200334	0.105054	-0.048386	-0.258391	-0.513175	-0.778778	-1.02285	-1.21308	-1.31443	-1.31443	
-0.196533	-0.0814124	0.0271609	0.127088	0.235215	0.351158	0.461663	0.553314	0.615166	0.646342	0.64517	0.628186	0.593997	0.540468	0.472233	0.393886	0.314913	0.255642	0.232553	0.230998	0.233249	0.241378	0.279704	0.348198	0.422777	0.490904	0.543636	0.580238	0.598592	0.602522	0.591709	0.549976	0.481818	0.399237	0.311489	0.23846	0.189685	0.157128	0.130134	0.103483	0.0618108	-0.0181757	-0.14238	-0.309124	-0.508383	-0.71732	-0.920071	-1.08653	-1.17554	-1.17554	
-0.322403	-0.20633	-0.102534	-0.0100759	0.0828119	0.177531	0.2723	0.366536	0.453932	0.520788	0.56196	0.593997	0.615481	0.626898	0.625801	0.606985	0.573173	0.537891	0.518725	0.516433	0.518724	0.527079	0.55643	0.593198	0.620172	0.629555	0.619077	0.598263	0.563668	0.518961	0.461107	0.376255	0.282875	0.197243	0.118094	0.0543657	0.0136469	-0.0118281	-0.0316511	-0.0467886	-0.0731137	-0.133503	-0.227237	-0.348609	-0.48941	-0.635819	-0.78372	-0.908944	-0.974546	-0.974546	
-0.440301	-0.330636	-0.236657	-0.161431	-0.0906478	-0.0218903	0.0575303	0.157593	0.269603	0.370687	0.455399	0.540468	0.626898	0.712997	0.783785	0.829115	0.842862	0.83391	0.823812	0.81903	0.818692	0.824665	0.835795	0.836259	0.812084	0.754489	0.673567	0.586257	0.494112	0.405024	0.308631	0.192096	0.0766881	-0.0180519	-0.0862572	-0.13106	-0.159571	-0.175944	-0.186775	-0.195521	-0.210876	-0.244174	-0.296404	-0.368182	-0.451093	-0.535784	-0.627671	-0.710019	-0.752348	-0.752348	
-0.546174	-0.455148	-0.385218	-0.331916	-0.281412	-0.230946	-0.158133	-0.0521817	0.0785273	0.207439	0.332925	0.472233	0.625801	0.783785	0.924527	1.03291	1.09889	1.13095	1.14147	1.14239	1.14081	1.13333	1.11363	1.06665	0.983138	0.858362	0.706752	0.549643	0.397221	0.262086	0.132326	-0.00623481	-0.134463	-0.226825	-0.278382	-0.306824	-0.321582	-0.32455	-0.327149	-0.330517	-0.332888	-0.339245	-0.350983	-0.368692	-0.389574	-0.418492	-0.467045	-0.518812	-0.546249	-0.546249	
-0.62688	-0.573099	-0.539381	-0.510401	-0.476475	-0.434731	-0.364874	-0.255584	-0.112486	0.0384418	0.20305	0.393886	0.606985	0.829115	1.03291	1.20304	1.33172	1.41701	1.46147	1.47692	1.47045	1.44119	1.37795	1.27133	1.12472	0.935592	0.719308	0.49649	0.285358	0.105813	-0.053646	-0.202648	-0.327826	-0.414462	-0.458964	-0.47799	-0.481123	-0.467958	-0.44874	-0.432144	-0.418258	-0.400522	-0.374932	-0.345881	-0.31846	-0.306265	-0.322025	-0.35202	-0.372035	-0.372035	
-0.682676	-0.67339	-0.678197	-0.674885	-0.656532	-0.622963	-0.556987	-0.444006	-0.290409	-0.116755	0.0846468	0.314913	0.573173	0.842862	1.09889	1.33172	1.52787	1.67623	1.76554	1.79882	1.78782	1.73099	1.61286	1.43788	1.22306	0.973653	0.706298	0.437737	0.188653	-0.0252446	-0.211149	-0.370714	-0.501829	-0.592011	-0.632124	-0.644387	-0.638057	-0.603964	-0.553152	-0.504206	-0.45918	-0.41082	-0.359451	-0.305505	-0.250708	-0.213558	-0.206374	-0.218491	-0.231922	-0.231922	
-0.727843	-0.750422	-0.78371	-0.801843	-0.801629	-0.780446	-0.717504	-0.598305	-0.430106	-0.23	1.93378e-05	0.255642	0.537891	0.83391	1.13095	1.41701	1.67623	1.8859	2.0159	2.06666	2.05149	1.96574	1.79617	1.559	1.28313	0.987322	0.689861	0.398709	0.128798	-0.111545	-0.326817	-0.51136	-0.659054	-0.753765	-0.791174	-0.795565	-0.773655	-0.716862	-0.635092	-0.551011	-0.474526	-0.400678	-0.327325	-0.252094	-0.181412	-0.135385	-0.117191	-0.117909	-0.127707	-0.127707	
-0.776389	-0.81009	-0.853368	-0.88354	-0.900275	-0.888456	-0.825636	-0.696564	-0.50975	-0.285969	-0.0341286	0.232553	0.518725	0.823812	1.14147	1.46147	1.76554	2.0159	2.17492	2.24003	2.22247	2.11927	1.91841	1.64	1.32334	1.0007	0.686641	0.383914	0.104449	-0.15811	-0.405906	-0.618051	-0.783865	-0.887635	-0.921829	-0.907502	-0.8613	-0.785298	-0.688585	-0.592526	-0.501902	-0.405536	-0.304373	-0.203263	-0.115624	-0.0616618	-0.0384575	-0.038001	-0.0511008	-0.0511008	
-0.818935	-0.849548	-0.887719	-0.920783	-0.944212	-0.934954	-0.871557	-0.73581	-0.542309	-0.303148	-0.0386558	0.230998	0.516433	0.81903	1.14239	1.47692	1.79882	2.06666	2.24003	2.31181	2.29468	2.18582	1.97215	1.67727	1.34478	1.01071	0.689733	0.385979	0.101284	-0.179324	-0.446873	-0.67591	-0.853863	-0.959504	-0.986685	-0.958555	-0.899859	-0.821953	-0.730675	-0.638303	-0.544326	-0.436955	-0.315046	-0.184948	-0.0713477	-0.000431819	0.0339589	0.0411668	0.030632	0.030632	
-0.839747	-0.861716	-0.888676	-0.914699	-0.931089	-0.918055	-0.85353	-0.727975	-0.545968	-0.307728	-0.0424062	0.233249	0.518724	0.818692	1.14081	1.47045	1.78782	2.05149	2.22247	2.29468	2.27799	2.16658	1.95514	1.66617	1.33583	1.00546	0.689378	0.387814	0.101587	-0.180719	-0.4468	-0.670859	-0.836403	-0.933249	-0.967505	-0.952232	-0.90577	-0.842841	-0.76715	-0.68697	-0.60077	-0.494019	-0.36042	-0.209642	-0.0719057	0.0298435	0.0993839	0.136444	0.143783	0.143783	
-0.841607	-0.847136	-0.855218	-0.862046	-0.86162	-0.834944	-0.7726	-0.669123	-0.512787	-0.294952	-0.0361721	0.241378	0.527079	0.824665	1.13333	1.44119	1.73099	1.96574	2.11927	2.18582	2.16658	2.06042	1.86986	1.60596	1.30111	0.992451	0.685941	0.39125	0.111691	-0.16182	-0.407724	-0.601519	-0.737193	-0.824229	-0.874771	-0.886601	-0.869851	-0.840608	-0.798708	-0.742945	-0.67039	-0.571779	-0.438629	-0.276487	-0.11119	0.0364089	0.158024	0.241018	0.279054	0.279054	
-0.843118	-0.816155	-0.789089	-0.768274	-0.741636	-0.697111	-0.635028	-0.549435	-0.422313	-0.229025	0.012062	0.279704	0.55643	0.835795	1.11363	1.37795	1.61286	1.79617	1.91841	1.97215	1.95514	1.86986	1.71775	1.50533	1.25231	0.977521	0.693951	0.41746	0.146128	-0.11151	-0.327912	-0.490473	-0.597455	-0.669826	-0.727992	-0.765329	-0.786743	-0.803572	-0.809316	-0.794575	-0.753479	-0.673926	-0.540302	-0.359846	-0.160902	0.0347327	0.206447	0.332808	0.400882	0.400882	
-0.844198	-0.765012	-0.689966	-0.632967	-0.577805	-0.519179	-0.452334	-0.380258	-0.271609	-0.104838	0.106283	0.348198	0.593198	0.836259	1.06665	1.27133	1.43788	1.559	1.64	1.67727	1.66617	1.60596	1.50533	1.36261	1.17453	0.953312	0.71395	0.466891	0.21774	-0.0135194	-0.206823	-0.349374	-0.435892	-0.497309	-0.560201	-0.617409	-0.669105	-0.726916	-0.788626	-0.83213	-0.832487	-0.770363	-0.633947	-0.438156	-0.210278	0.0261429	0.235857	0.391976	0.480738	0.480738	
-0.820761	-0.688203	-0.565389	-0.468149	-0.390241	-0.318912	-0.252823	-0.188287	-0.0905139	0.0473277	0.224667	0.422777	0.620172	0.812084	0.983138	1.12472	1.22306	1.28313	1.32334	1.34478	1.33583	1.30111	1.25231	1.17453	1.05768	0.901596	0.717431	0.521535	0.317503	0.122785	-0.0440866	-0.170561	-0.252991	-0.319454	-0.390744	-0.462605	-0.539453	-0.636475	-0.747892	-0.835982	-0.86686	-0.822435	-0.69401	-0.49783	-0.258138	-0.00110282	0.230523	0.408732	0.51474	0.51474	
-0.767932	-0.601524	-0.439108	-0.305264	-0.198452	-0.111095	-0.0445682	0.0188787	0.102553	0.212234	0.347545	0.490904	0.629555	0.754489	0.858362	0.935592	0.973653	0.987322	1.0007	1.01071	1.00546	0.992451	0.977521	0.953312	0.901596	0.80834	0.694123	0.565411	0.41757	0.272244	0.139533	0.0279528	-0.0561008	-0.130458	-0.210545	-0.304571	-0.417035	-0.5475	-0.685294	-0.797374	-0.848803	-0.819146	-0.707019	-0.530474	-0.303514	-0.0473591	0.193719	0.386185	0.501671	0.501671	
-0.689353	-0.508955	-0.324282	-0.158769	-0.0168254	0.0920948	0.169389	0.230824	0.296544	0.370421	0.456425	0.543636	0.619077	0.673567	0.706752	0.719308	0.706298	0.689861	0.686641	0.689733	0.689378	0.685941	0.693951	0.71395	0.717431	0.694123	0.653403	0.585181	0.495191	0.400453	0.305558	0.222511	0.149718	0.0733916	-0.0204363	-0.145897	-0.292435	-0.446072	-0.601278	-0.728826	-0.791486	-0.775186	-0.687473	-0.5378	-0.330514	-0.089205	0.143729	0.332963	0.444133	0.444133	
-0.59395	-0.414724	-0.22383	-0.0336229	0.136405	0.272386	0.366453	0.432113	0.479067	0.512066	0.54832	0.580238	0.598263	0.586257	0.549643	0.49649	0.437737	0.398709	0.383914	0.385979	0.387814	0.39125	0.41746	0.466891	0.521535	0.565411	0.585181	0.573553	0.540079	0.495483	0.451232	0.409483	0.351802	0.271031	0.161759	0.0149511	-0.155583	-0.332811	-0.503044	-0.639723	-0.714678	-0.715252	-0.646266	-0.514144	-0.328589	-0.115335	0.0955053	0.269172	0.366569	0.366569	
-0.488559	-0.32089	-0.126519	0.07717	0.265213	0.42048	0.531517	0.608414	0.638578	0.635804	0.620167	0.598592	0.563668	0.494112	0.397221	0.285358	0.188653	0.128798	0.104449	0.101284	0.101587	0.111691	0.146128	0.21774	0.317503	0.41757	0.495191	0.540079	0.56139	0.572489	0.58205	0.576256	0.529086	0.444047	0.326499	0.166477	-0.0264169	-0.223704	-0.402467	-0.545648	-0.62791	-0.634893	-0.577979	-0.466204	-0.308757	-0.12529	0.0649902	0.22361	0.307436	0.307436	
-0.364992	-0.216826	-0.0265222	0.177617	0.369821	0.525526	0.647568	0.732004	0.755678	0.730019	0.671119	0.602522	0.518961	0.405024	0.262086	0.105813	-0.0252446	-0.111545	-0.15811	-0.179324	-0.180719	-0.16182	-0.11151	-0.0135194	0.122785	0.272244	0.400453	0.495483	0.572489	0.63771	0.691118	0.708922	0.666541	0.577148	0.449359	0.278122	0.0759934	-0.129324	-0.311356	-0.448998	-0.523719	-0.535245	-0.495347	-0.404601	-0.271238	-0.110138	0.0675466	0.220401	0.300465	0.300465	
-0.213197	-0.0924549	0.0757744	0.267531	0.447937	0.59372	0.716396	0.799594	0.824461	0.788497	0.701568	0.591709	0.461107	0.308631	0.132326	-0.053646	-0.211149	-0.326817	-0.405906	-0.446873	-0.4468	-0.407724	-0.327912	-0.206823	-0.0440866	0.139533	0.305558	0.451232	0.58205	0.691118	0.769493	0.789692	0.742205	0.643602	0.506181	0.339083	0.144917	-0.0578834	-0.2283	-0.345118	-0.411633	-0.432955	-0.406688	-0.329513	-0.209478	-0.0539338	0.123569	0.276219	0.357462	0.357462	
-0.031533	0.056472	0.187756	0.349576	0.504156	0.63771	0.750492	0.821923	0.842629	0.79839	0.694623	0.549976	0.376255	0.192096	-0.00623481	-0.202648	-0.370714	-0.51136	-0.618051	-0.67591	-0.670859	-0.601519	-0.490473	-0.349374	-0.170561	0.0279528	0.222511	0.409483	0.576256	0.708922	0.789692	0.800932	0.749405	0.646193	0.507446	0.347644	0.165004	-0.0162105	-0.155482	-0.247373	-0.305459	-0.32985	-0.308606	-0.234096	-0.107912	0.0605985	0.24202	0.392136	0.476056	0.476056	
0.145374	0.19866	0.287139	0.402387	0.522222	0.642263	0.741416	0.800119	0.810432	0.758905	0.649046	0.481818	0.282875	0.0766881	-0.134463	-0.327826	-0.501829	-0.659054	-0.783865	-0.853863	-0.836403	-0.737193	-0.597455	-0.435892	-0.252991	-0.0561008	0.149718	0.351802	0.529086	0.666541	0.742205	0.749405	0.70089	0.598983	0.457126	0.299744	0.141206	-0.000606899	-0.107673	-0.177125	-0.216892	-0.224989	-0.1852	-0.0907922	0.0538656	0.233568	0.412362	0.558056	0.645823	0.645823	
0.281839	0.299461	0.348086	0.416225	0.50364	0.606219	0.692507	0.742357	0.740929	0.686143	0.57253	0.399237	0.197243	-0.0180519	-0.226825	-0.414462	-0.592011	-0.753765	-0.887635	-0.959504	-0.933249	-0.824229	-0.669826	-0.497309	-0.319454	-0.130458	0.0733916	0.271031	0.444047	0.577148	0.643602	0.646193	0.598983	0.496632	0.356842	0.216255	0.0913138	-0.0161987	-0.0973668	-0.139495	-0.142178	-0.104204	-0.0196538	0.106953	0.271664	0.458936	0.629821	0.762044	0.842737	0.842737	
0.384167	0.364146	0.378146	0.415273	0.48242	0.564417	0.634978	0.670247	0.658879	0.598588	0.4784	0.311489	0.118094	-0.0862572	-0.278382	-0.458964	-0.632124	-0.791174	-0.921829	-0.986685	-0.967505	-0.874771	-0.727992	-0.560201	-0.390744	-0.210545	-0.0204363	0.161759	0.326499	0.449359	0.506181	0.507446	0.457126	0.356842	0.233158	0.110374	0.00533484	-0.0700742	-0.110089	-0.105177	-0.0519367	0.0431591	0.173415	0.336531	0.528949	0.723058	0.880238	0.991068	1.055	1.055	
0.46974	0.41421	0.397702	0.422614	0.484142	0.553752	0.604614	0.619427	0.597633	0.525768	0.401059	0.23846	0.0543657	-0.13106	-0.306824	-0.47799	-0.644387	-0.795565	-0.907502	-0.958555	-0.952232	-0.886601	-0.765329	-0.617409	-0.462605	-0.304571	-0.145897	0.0149511	0.166477	0.278122	0.339083	0.347644	0.299744	0.216255	0.110374	-0.00929916	-0.0999485	-0.133653	-0.117796	-0.0539341	0.0579668	0.206606	0.383862	0.586206	0.796866	0.986118	1.13463	1.23652	1.28804	1.28804	
0.558886	0.476477	0.435356	0.452778	0.51295	0.577487	0.608841	0.603876	0.563061	0.478307	0.351189	0.189685	0.0136469	-0.159571	-0.321582	-0.481123	-0.638057	-0.773655	-0.8613	-0.899859	-0.90577	-0.869851	-0.786743	-0.669105	-0.539453	-0.417035	-0.292435	-0.155583	-0.0264169	0.0759934	0.144917	0.165004	0.141206	0.0913138	0.00533484	-0.0999485	-0.165901	-0.165161	-0.104932	0.00921761	0.173536	0.376942	0.602209	0.831484	1.04407	1.22654	1.37726	1.48221	1.52897	1.52897	
0.672252	0.573532	0.517601	0.520035	0.566653	0.61627	0.631733	0.60753	0.541123	0.442006	0.311478	0.157128	-0.0118281	-0.175944	-0.32455	-0.467958	-0.603964	-0.716862	-0.785298	-0.821953	-0.842841	-0.840608	-0.803572	-0.726916	-0.636475	-0.5475	-0.446072	-0.332811	-0.223704	-0.129324	-0.0578834	-0.0162105	-0.000606899	-0.0161987	-0.0700742	-0.133653	-0.165161	-0.139534	-0.0484052	0.100493	0.298778	0.536245	0.791282	1.04151	1.26484	1.44974	1.59832	1.69855	1.74086	1.74086	
0.808589	0.70405	0.6432	0.626333	0.641332	0.65884	0.657957	0.616045	0.528845	0.411023	0.276613	0.130134	-0.0316511	-0.186775	-0.327149	-0.44874	-0.553152	-0.635092	-0.688585	-0.730675	-0.76715	-0.798708	-0.809316	-0.788626	-0.747892	-0.685294	-0.601278	-0.503044	-0.402467	-0.311356	-0.2283	-0.155482	-0.107673	-0.0973668	-0.110089	-0.117796	-0.104932	-0.0484052	0.0697271	0.236634	0.440194	0.679984	0.945847	1.21271	1.44921	1.63809	1.77648	1.85851	1.8893	1.8893	
0.945196	0.844459	0.780656	0.742771	0.714568	0.689815	0.664283	0.609725	0.513085	0.383313	0.246967	0.103483	-0.0467886	-0.195521	-0.330517	-0.432144	-0.504206	-0.551011	-0.592526	-0.638303	-0.68697	-0.742945	-0.794575	-0.83213	-0.835982	-0.797374	-0.728826	-0.639723	-0.545648	-0.448998	-0.345118	-0.247373	-0.177125	-0.139495	-0.105177	-0.0539341	0.00921761	0.100493	0.236634	0.406822	0.60521	0.837426	1.0955	1.35274	1.5809	1.75973	1.87608	1.93576	1.95958	1.95958	
1.05637	0.967942	0.897291	0.831373	0.75699	0.68693	0.626094	0.557585	0.459907	0.335264	0.200334	0.0618108	-0.0731137	-0.210876	-0.332888	-0.418258	-0.45918	-0.474526	-0.501902	-0.544326	-0.60077	-0.67039	-0.753479	-0.832487	-0.86686	-0.848803	-0.791486	-0.714678	-0.62791	-0.523719	-0.411633	-0.305459	-0.216892	-0.142178	-0.0519367	0.0579668	0.173536	0.298778	0.440194	0.60521	0.800412	1.01967	1.24917	1.4699	1.66026	1.79735	1.87249	1.91277	1.94008	1.94008	
1.11869	1.04395	0.962453	0.860055	0.740593	0.625255	0.52287	0.430897	0.335368	0.228359	0.105054	-0.0181757	-0.133503	-0.244174	-0.339245	-0.400522	-0.41082	-0.400678	-0.405536	-0.436955	-0.494019	-0.571779	-0.673926	-0.770363	-0.822435	-0.819146	-0.775186	-0.715252	-0.634893	-0.535245	-0.432955	-0.32985	-0.224989	-0.104204	0.0431591	0.206606	0.376942	0.536245	0.679984	0.837426	1.01967	1.21169	1.39863	1.56046	1.68037	1.75234	1.78273	1.79792	1.81274	1.81274	
1.1057	1.03177	0.93365	0.795122	0.636267	0.480321	0.338819	0.220878	0.129081	0.0453115	-0.048386	-0.14238	-0.227237	-0.296404	-0.350983	-0.374932	-0.359451	-0.327325	-0.304373	-0.315046	-0.36042	-0.438629	-0.540302	-0.633947	-0.69401	-0.707019	-0.687473	-0.646266	-0.577979	-0.495347	-0.406688	-0.308606	-0.1852	-0.0196538	0.173415	0.383862	0.602209	0.791282	0.945847	1.0955	1.24917	1.39863	1.52511	1.60567	1.64009	1.64442	1.63076	1.60893	1.59212	1.59212	
1.01344	0.921199	0.797201	0.631535	0.444026	0.255104	0.0821537	-0.0548866	-0.144909	-0.205931	-0.258391	-0.309124	-0.348609	-0.368182	-0.368692	-0.345881	-0.305505	-0.252094	-0.203263	-0.184948	-0.209642	-0.276487	-0.359846	-0.438156	-0.49783	-0.530474	-0.5378	-0.514144	-0.466204	-0.404601	-0.329513	-0.234096	-0.0907922	0.106953	0.336531	0.586206	0.831484	1.04151	1.21271	1.35274	1.4699	1.56046	1.60567	1.60178	1.5594	1.49438	1.42848	1.36959	1.32676	1.32676	
0.86741	0.74445	0.584703	0.396977	0.189121	-0.025722	-0.221096	-0.369218	-0.460238	-0.502764	-0.513175	-0.508383	-0.48941	-0.451093	-0.389574	-0.31846	-0.250708	-0.181412	-0.115624	-0.0713477	-0.0719057	-0.11119	-0.160902	-0.210278	-0.258138	-0.303514	-0.330514	-0.328589	-0.308757	-0.271238	-0.209478	-0.107912	0.0538656	0.271664	0.528949	0.796866	1.04407	1.26484	1.44921	1.5809	1.66026	1.68037	1.64009	1.5594	1.44765	1.31999	1.20772	1.11758	1.05613	1.05613	
0.697018	0.544517	0.34774	0.13543	-0.0906083	-0.322601	-0.529264	-0.68228	-0.774131	-0.803799	-0.778778	-0.71732	-0.635819	-0.535784	-0.418492	-0.306265	-0.213558	-0.135385	-0.0616618	-0.000431819	0.0298435	0.0364089	0.0347327	0.0261429	-0.00110282	-0.0473591	-0.089205	-0.115335	-0.12529	-0.110138	-0.0539338	0.0605985	0.233568	0.458936	0.723058	0.986118	1.22654	1.44974	1.63809	1.75973	1.79735	1.75234	1.64442	1.49438	1.31999	1.14653	0.995532	0.880884	0.817959	0.817959	
0.538619	0.369745	0.147461	-0.0922262	-0.33809	-0.578733	-0.788455	-0.946074	-1.04213	-1.0684	-1.02285	-0.920071	-0.78372	-0.627671	-0.467045	-0.322025	-0.206374	-0.117191	-0.0384575	0.0339589	0.0993839	0.158024	0.206447	0.235857	0.230523	0.193719	0.143729	0.0955053	0.0649902	0.0675466	0.123569	0.24202	0.412362	0.629821	0.880238	1.13463	1.37726	1.59832	1.77648	1.87608	1.87249	1.78273	1.63076	1.42848	1.20772	0.995532	0.80594	0.681361	0.63937	0.63937	
0.423572	0.250025	0.0149907	-0.251005	-0.517759	-0.762448	-0.971824	-1.1354	-1.23845	-1.26649	-1.21308	-1.08653	-0.908944	-0.710019	-0.518812	-0.35202	-0.218491	-0.117909	-0.038001	0.0411668	0.136444	0.241018	0.332808	0.391976	0.408732	0.386185	0.332963	0.269172	0.22361	0.220401	0.276219	0.392136	0.558056	0.762044	0.991068	1.23652	1.48221	1.69855	1.85851	1.93576	1.91277	1.79792	1.60893	1.36959	1.11758	0.880884	0.681361	0.553231	0.503736	0.503736	
0.36254	0.18756	-0.0534482	-0.337122	-0.618457	-0.8646	-1.07209	-1.2384	-1.3445	-1.37186	-1.31443	-1.17554	-0.974546	-0.752348	-0.546249	-0.372035	-0.231922	-0.127707	-0.0511008	0.030632	0.143783	0.279054	0.400882	0.480738	0.51474	0.501671	0.444133	0.366569	0.307436	0.300465	0.357462	0.476056	0.645823	0.842737	1.055	1.28804	1.52897	1.74086	1.8893	1.95958	1.94008	1.81274	1.59212	1.32676	1.05613	0.817959	0.63937	0.503736	0.411861	0.411861	
0.36254	0.18756	-0.0534482	-0.337122	-0.618457	-0.8646	-1.07209	-1.2384	-1.3445	-1.37186	-1.31443	-1.17554	-0.974546	-0.752348	-0.546249	-0.372035	-0.231922	-0.127707	-0.0511008	0.030632	0.143783	0.279054	0.400882	0.480738	0.51474	0.501671	0.444133	0.366569	0.307436	0.300465	0.357462	0.476056	0.645823	0.842737	1.055	1.28804	1.52897	1.74086	1.8893	1.95958	1.94008	1.81274	1.59212	1.32676	1.05613	0.817959	0.63937	0.503736	0.411861	0.411861	
