-0.214021	-0.214021	-0.0563086	-0.0262932	-0.277296	0.909797	
-0.214021	-0.214021	-0.0563086	-0.0262932	-0.277296	0.909797	
-0.0563086	-0.0563086	0.887681	-0.528244	-0.170264	0.738709	
-0.0262932	-0.0262932	-0.528244	-0.355791	0.738235	0.287451	
-0.277296	-0.277296	-0.170264	0.738235	-0.538221	-0.173852	
0.909797	0.909797	0.738709	0.287451	-0.173852	0.611464	
