0.618035	0.618035	0.644207	0.693275	0.744073	0.799321	0.861711	0.900854	0.905	0.874406	0.78654	0.641126	0.456362	0.229534	-0.013397	-0.213128	-0.343013	-0.404109	-0.388718	-0.30146	-0.175124	-0.0407389	0.0660679	0.132431	0.158543	0.156119	0.136218	0.109349	0.0809805	0.0687093	0.0741127	0.0835522	0.0961991	0.0973603	0.0790469	0.039624	-0.0180378	-0.082799	-0.143051	-0.183743	-0.194796	-0.159813	-0.0627517	0.0898888	0.275368	0.488011	0.712258	0.91125	1.06885	1.18428	
0.618035	0.618035	0.644207	0.693275	0.744073	0.799321	0.861711	0.900854	0.905	0.874406	0.78654	0.641126	0.456362	0.229534	-0.013397	-0.213128	-0.343013	-0.404109	-0.388718	-0.30146	-0.175124	-0.0407389	0.0660679	0.132431	0.158543	0.156119	0.136218	0.109349	0.0809805	0.0687093	0.0741127	0.0835522	0.0961991	0.0973603	0.0790469	0.039624	-0.0180378	-0.082799	-0.143051	-0.183743	-0.194796	-0.159813	-0.0627517	0.0898888	0.275368	0.488011	0.712258	0.91125	1.06885	1.18428	
0.644207	0.644207	0.659336	0.705951	0.766781	0.823615	0.878135	0.920599	0.930057	0.893975	0.806241	0.665918	0.473229	0.244423	0.0135347	-0.182422	-0.315221	-0.37187	-0.358558	-0.281649	-0.159712	-0.0238887	0.088281	0.160965	0.189697	0.187947	0.166652	0.137464	0.1123	0.101357	0.0955525	0.0896503	0.0892927	0.0878847	0.0800753	0.0528876	0.00548955	-0.0492007	-0.109649	-0.15694	-0.164801	-0.115703	-0.00968431	0.140388	0.317691	0.519381	0.72851	0.919685	1.07457	1.17944	
0.693275	0.693275	0.705951	0.746541	0.806951	0.870183	0.927955	0.968887	0.976649	0.937772	0.847132	0.699603	0.501842	0.28163	0.0673092	-0.127528	-0.269828	-0.333389	-0.325631	-0.256826	-0.139965	-0.00245112	0.114163	0.192543	0.229234	0.234327	0.212186	0.180604	0.157301	0.139129	0.116369	0.0917469	0.079785	0.0804536	0.0875543	0.0752929	0.0406717	-0.00321336	-0.0615809	-0.112987	-0.11322	-0.0425903	0.081303	0.230305	0.395787	0.574742	0.75241	0.917281	1.05826	1.15077	
0.744073	0.744073	0.766781	0.806951	0.858824	0.926368	0.993473	1.03029	1.03098	0.995741	0.899828	0.741186	0.54703	0.343731	0.138652	-0.0539519	-0.206359	-0.28521	-0.282928	-0.214765	-0.102857	0.0326642	0.153164	0.236264	0.283902	0.297939	0.276606	0.242147	0.207647	0.17314	0.133855	0.0968528	0.0790518	0.0853613	0.100108	0.0988806	0.0796865	0.0515308	0.00860383	-0.0297465	-0.0189032	0.0676937	0.202305	0.350765	0.500641	0.65027	0.789052	0.914824	1.02289	1.09488	
0.799321	0.799321	0.823615	0.870183	0.926368	0.991627	1.05607	1.08897	1.0877	1.05198	0.95553	0.79788	0.614812	0.415293	0.207027	0.0133907	-0.138749	-0.224793	-0.226414	-0.157901	-0.0490212	0.0802161	0.197653	0.291242	0.354738	0.375952	0.355375	0.316393	0.268315	0.213726	0.158348	0.108544	0.0874927	0.0934443	0.111629	0.12383	0.123002	0.112347	0.0943448	0.0824771	0.112262	0.20496	0.342876	0.488133	0.618835	0.73526	0.840056	0.923764	0.988322	1.02734	
0.861711	0.861711	0.878135	0.927955	0.993473	1.05607	1.11102	1.14397	1.1425	1.10269	1.00792	0.863367	0.684222	0.47897	0.261751	0.0661873	-0.0840694	-0.167976	-0.172233	-0.105732	0.00138681	0.12198	0.239916	0.345312	0.416354	0.440799	0.42628	0.383566	0.318495	0.249551	0.17922	0.119304	0.0922177	0.0960738	0.118806	0.147587	0.168851	0.180155	0.185394	0.202972	0.25389	0.351195	0.486129	0.627665	0.736305	0.819452	0.886178	0.927239	0.943187	0.939317	
0.900854	0.900854	0.920599	0.968887	1.03029	1.08897	1.14397	1.18138	1.18378	1.13958	1.04838	0.911899	0.734605	0.52106	0.299485	0.103159	-0.0407229	-0.122987	-0.137006	-0.0782237	0.0302056	0.155848	0.280766	0.392622	0.46069	0.479553	0.460153	0.409385	0.340731	0.265943	0.19021	0.124261	0.090142	0.0881962	0.118455	0.165472	0.211972	0.249122	0.278536	0.321412	0.393899	0.499122	0.633897	0.760959	0.84354	0.886407	0.905501	0.899234	0.870354	0.82592	
0.905	0.905	0.930057	0.976649	1.03098	1.0877	1.1425	1.18378	1.18865	1.14881	1.06242	0.933471	0.752436	0.532875	0.307187	0.114883	-0.0250622	-0.105881	-0.123999	-0.071743	0.0383751	0.17796	0.316476	0.422221	0.478083	0.490134	0.462399	0.40247	0.328194	0.255423	0.184515	0.122769	0.0838271	0.0807009	0.113008	0.170267	0.239733	0.309159	0.37072	0.439429	0.528541	0.64401	0.769639	0.871834	0.924847	0.928468	0.896476	0.845877	0.778429	0.701791	
0.874406	0.874406	0.893975	0.937772	0.995741	1.05198	1.10269	1.13958	1.14881	1.11668	1.04087	0.912638	0.728991	0.504175	0.275437	0.0779176	-0.0622716	-0.135856	-0.144822	-0.0900251	0.0236511	0.173491	0.309788	0.402159	0.453148	0.464105	0.429712	0.365495	0.292735	0.218942	0.15207	0.0965777	0.0636799	0.0664142	0.106796	0.172614	0.253916	0.345644	0.440126	0.532598	0.63942	0.762617	0.873047	0.941734	0.964699	0.935936	0.864597	0.772313	0.675044	0.58172	
0.78654	0.78654	0.806241	0.847132	0.899828	0.95553	1.00792	1.04838	1.06242	1.04087	0.967072	0.832982	0.645633	0.428276	0.203241	0.000570331	-0.145456	-0.212454	-0.204167	-0.137477	-0.0185157	0.127781	0.252837	0.332144	0.378423	0.389046	0.355304	0.291904	0.214736	0.140448	0.0788146	0.0366525	0.020575	0.0405839	0.0926173	0.166066	0.257802	0.369168	0.490606	0.608361	0.728602	0.845538	0.928978	0.965877	0.956965	0.905432	0.806311	0.67496	0.546134	0.439026	
0.641126	0.641126	0.665918	0.699603	0.741186	0.79788	0.863367	0.911899	0.933471	0.912638	0.832982	0.689964	0.507375	0.299425	0.0827067	-0.116928	-0.262536	-0.329141	-0.314582	-0.235575	-0.110806	0.0282029	0.142454	0.218283	0.257708	0.257173	0.222354	0.164842	0.0939382	0.0242289	-0.026144	-0.0502646	-0.0417176	-0.00248622	0.0633535	0.148461	0.253301	0.378399	0.515249	0.651284	0.775905	0.876986	0.936911	0.947194	0.909764	0.829833	0.70516	0.546795	0.392757	0.275765	
0.456362	0.456362	0.473229	0.501842	0.54703	0.614812	0.684222	0.734605	0.752436	0.728991	0.645633	0.507375	0.327688	0.1251	-0.0821499	-0.2682	-0.410894	-0.483292	-0.468277	-0.377593	-0.247497	-0.116068	-0.00494042	0.0692594	0.0944915	0.0817501	0.0517879	0.00369164	-0.056026	-0.109141	-0.143262	-0.149447	-0.118983	-0.0599915	0.0174733	0.120035	0.245998	0.38421	0.523532	0.658749	0.77254	0.85233	0.894864	0.892291	0.836241	0.725708	0.574834	0.402903	0.23878	0.116738	
0.229534	0.229534	0.244423	0.28163	0.343731	0.415293	0.47897	0.52106	0.532875	0.504175	0.428276	0.299425	0.1251	-0.0721186	-0.270377	-0.447938	-0.58509	-0.654382	-0.640133	-0.548939	-0.422997	-0.296992	-0.186154	-0.1135	-0.0967676	-0.116388	-0.146213	-0.183347	-0.218561	-0.247325	-0.266794	-0.257779	-0.212745	-0.134571	-0.0315031	0.0982751	0.242138	0.386747	0.517453	0.630743	0.722632	0.784682	0.813483	0.798873	0.729468	0.599091	0.432472	0.257696	0.0954698	-0.0227515	
-0.013397	-0.013397	0.0135347	0.0673092	0.138652	0.207027	0.261751	0.299485	0.307187	0.275437	0.203241	0.0827067	-0.0821499	-0.270377	-0.463497	-0.637945	-0.762772	-0.821661	-0.809907	-0.735603	-0.626449	-0.51125	-0.40311	-0.327527	-0.299516	-0.312388	-0.347229	-0.382234	-0.399356	-0.40388	-0.399242	-0.368314	-0.306588	-0.203131	-0.0689481	0.0811292	0.234886	0.375233	0.491132	0.579761	0.646197	0.687647	0.702585	0.671385	0.582447	0.449088	0.285947	0.11275	-0.0425224	-0.15565	
-0.213128	-0.213128	-0.182422	-0.127528	-0.0539519	0.0133907	0.0661873	0.103159	0.114883	0.0779176	0.000570331	-0.116928	-0.2682	-0.447938	-0.637945	-0.806288	-0.916408	-0.967645	-0.966313	-0.917791	-0.830247	-0.727344	-0.625054	-0.542712	-0.49413	-0.492586	-0.525274	-0.55473	-0.564132	-0.55518	-0.524366	-0.465234	-0.376868	-0.246701	-0.0876785	0.0735907	0.223481	0.347756	0.443922	0.513478	0.552872	0.577443	0.578053	0.529578	0.427168	0.291421	0.135607	-0.0221835	-0.164033	-0.26355	
-0.343013	-0.343013	-0.315221	-0.269828	-0.206359	-0.138749	-0.0840694	-0.0407229	-0.0250622	-0.0622716	-0.145456	-0.262536	-0.410894	-0.58509	-0.762772	-0.916408	-1.02593	-1.08986	-1.1037	-1.06938	-0.99735	-0.906154	-0.811836	-0.728673	-0.670196	-0.651409	-0.660973	-0.678947	-0.684423	-0.667879	-0.614379	-0.529249	-0.410884	-0.262668	-0.0972243	0.0702518	0.217793	0.32605	0.398629	0.442045	0.456332	0.458342	0.441482	0.384161	0.284145	0.144664	-0.00721904	-0.145362	-0.25802	-0.328993	
-0.404109	-0.404109	-0.37187	-0.333389	-0.28521	-0.224793	-0.167976	-0.122987	-0.105881	-0.135856	-0.212454	-0.329141	-0.483292	-0.654382	-0.821661	-0.967645	-1.08986	-1.17071	-1.20046	-1.18094	-1.12512	-1.03793	-0.943552	-0.865321	-0.811242	-0.777468	-0.760676	-0.760034	-0.755283	-0.724995	-0.656511	-0.548325	-0.412026	-0.255334	-0.0904226	0.0768122	0.215501	0.31202	0.35602	0.366262	0.360746	0.341657	0.299243	0.232763	0.139269	0.00430828	-0.138501	-0.251489	-0.328273	-0.358227	
-0.388718	-0.388718	-0.358558	-0.325631	-0.282928	-0.226414	-0.172233	-0.137006	-0.123999	-0.144822	-0.204167	-0.314582	-0.468277	-0.640133	-0.809907	-0.966313	-1.1037	-1.20046	-1.24579	-1.23929	-1.19245	-1.11115	-1.01993	-0.943715	-0.886181	-0.841375	-0.808775	-0.793543	-0.771021	-0.719628	-0.63617	-0.517942	-0.3807	-0.22158	-0.0585959	0.0947359	0.216374	0.291979	0.311312	0.298531	0.275941	0.231558	0.166387	0.0861605	-0.0112555	-0.12584	-0.240453	-0.325442	-0.368207	-0.36796	
-0.30146	-0.30146	-0.281649	-0.256826	-0.214765	-0.157901	-0.105732	-0.0782237	-0.071743	-0.0900251	-0.137477	-0.235575	-0.377593	-0.548939	-0.735603	-0.917791	-1.06938	-1.18094	-1.23929	-1.23869	-1.18879	-1.11616	-1.0345	-0.960055	-0.896974	-0.840889	-0.79489	-0.759693	-0.717315	-0.648344	-0.5592	-0.445977	-0.317845	-0.165881	-0.0090618	0.124323	0.218579	0.267409	0.272394	0.253813	0.207538	0.133874	0.0456513	-0.0495054	-0.150108	-0.24343	-0.318852	-0.364754	-0.379762	-0.362211	
-0.175124	-0.175124	-0.159712	-0.139965	-0.102857	-0.0490212	0.00138681	0.0302056	0.0383751	0.0236511	-0.0185157	-0.110806	-0.247497	-0.422997	-0.626449	-0.830247	-0.99735	-1.12512	-1.19245	-1.18879	-1.13891	-1.07762	-1.00373	-0.927571	-0.85898	-0.794071	-0.728943	-0.669817	-0.604882	-0.531763	-0.4431	-0.336916	-0.218066	-0.088179	0.0453688	0.154602	0.223836	0.250744	0.24751	0.222424	0.15131	0.0440179	-0.0675381	-0.176925	-0.275834	-0.352905	-0.393521	-0.400641	-0.3862	-0.347066	
-0.0407389	-0.0407389	-0.0238887	-0.00245112	0.0326642	0.0802161	0.12198	0.155848	0.17796	0.173491	0.127781	0.0282029	-0.116068	-0.296992	-0.51125	-0.727344	-0.906154	-1.03793	-1.11115	-1.11616	-1.07762	-1.0114	-0.928179	-0.845785	-0.775619	-0.701604	-0.617234	-0.532802	-0.454185	-0.38459	-0.300654	-0.197796	-0.0921289	0.0100877	0.105381	0.183662	0.233309	0.248285	0.22975	0.185554	0.0964727	-0.029508	-0.156622	-0.274781	-0.371809	-0.436673	-0.456564	-0.44104	-0.40384	-0.340354	
0.0660679	0.0660679	0.088281	0.114163	0.153164	0.197653	0.239916	0.280766	0.316476	0.309788	0.252837	0.142454	-0.00494042	-0.186154	-0.40311	-0.625054	-0.811836	-0.943552	-1.01993	-1.0345	-1.00373	-0.928179	-0.827736	-0.729123	-0.646126	-0.563432	-0.466973	-0.369658	-0.286856	-0.216027	-0.136865	-0.0460694	0.0394425	0.118705	0.178907	0.226527	0.255868	0.256298	0.216759	0.149064	0.0450584	-0.083273	-0.213948	-0.333218	-0.42898	-0.483613	-0.496203	-0.470943	-0.422031	-0.344671	
0.132431	0.132431	0.160965	0.192543	0.236264	0.291242	0.345312	0.392622	0.422221	0.402159	0.332144	0.218283	0.0692594	-0.1135	-0.327527	-0.542712	-0.728673	-0.865321	-0.943715	-0.960055	-0.927571	-0.845785	-0.729123	-0.606228	-0.496821	-0.396872	-0.297931	-0.205117	-0.123342	-0.0448234	0.0279219	0.0983972	0.160263	0.216272	0.255634	0.281929	0.287457	0.2684	0.214771	0.132949	0.0166836	-0.116203	-0.249324	-0.36305	-0.450045	-0.503535	-0.513798	-0.484165	-0.426077	-0.345603	
0.158543	0.158543	0.189697	0.229234	0.283902	0.354738	0.416354	0.46069	0.478083	0.453148	0.378423	0.257708	0.0944915	-0.0967676	-0.299516	-0.49413	-0.670196	-0.811242	-0.886181	-0.896974	-0.85898	-0.775619	-0.646126	-0.496821	-0.354724	-0.234575	-0.133904	-0.0472621	0.0336405	0.110334	0.17545	0.229369	0.269026	0.301394	0.329347	0.342111	0.326025	0.290436	0.226499	0.138823	0.0206176	-0.124087	-0.262031	-0.369349	-0.44586	-0.501075	-0.511684	-0.475447	-0.411354	-0.328601	
0.156119	0.156119	0.187947	0.234327	0.297939	0.375952	0.440799	0.479553	0.490134	0.464105	0.389046	0.257173	0.0817501	-0.116388	-0.312388	-0.492586	-0.651409	-0.777468	-0.841375	-0.840889	-0.794071	-0.701604	-0.563432	-0.396872	-0.234575	-0.0945012	0.0184822	0.107164	0.180801	0.244154	0.298416	0.34173	0.366743	0.380533	0.395171	0.394023	0.369531	0.321744	0.249623	0.158492	0.0443713	-0.100676	-0.234988	-0.340286	-0.417362	-0.470027	-0.477751	-0.439412	-0.374782	-0.29776	
0.136218	0.136218	0.166652	0.212186	0.276606	0.355375	0.42628	0.460153	0.462399	0.429712	0.355304	0.222354	0.0517879	-0.146213	-0.347229	-0.525274	-0.660973	-0.760676	-0.808775	-0.79489	-0.728943	-0.617234	-0.466973	-0.297931	-0.133904	0.0184822	0.146014	0.236225	0.301294	0.353612	0.398318	0.430439	0.445556	0.45058	0.452067	0.437715	0.40755	0.358432	0.280813	0.185401	0.0716644	-0.0612548	-0.185176	-0.287405	-0.369714	-0.413232	-0.410146	-0.368312	-0.316794	-0.25698	
0.109349	0.109349	0.137464	0.180604	0.242147	0.316393	0.383566	0.409385	0.40247	0.365495	0.291904	0.164842	0.00369164	-0.183347	-0.382234	-0.55473	-0.678947	-0.760034	-0.793543	-0.759693	-0.669817	-0.532802	-0.369658	-0.205117	-0.0472621	0.107164	0.236225	0.323249	0.383979	0.431255	0.465029	0.484677	0.491375	0.496188	0.496811	0.477726	0.439514	0.385482	0.304964	0.206808	0.0870524	-0.0335733	-0.142608	-0.234317	-0.308284	-0.340033	-0.32604	-0.2885	-0.252779	-0.214737	
0.0809805	0.0809805	0.1123	0.157301	0.207647	0.268315	0.318495	0.340731	0.328194	0.292735	0.214736	0.0939382	-0.056026	-0.218561	-0.399356	-0.564132	-0.684423	-0.755283	-0.771021	-0.717315	-0.604882	-0.454185	-0.286856	-0.123342	0.0336405	0.180801	0.301294	0.383979	0.436509	0.471043	0.494593	0.505253	0.509259	0.523691	0.533418	0.517016	0.468621	0.39915	0.310642	0.21275	0.0976634	-0.0209895	-0.118833	-0.194209	-0.249276	-0.270468	-0.253778	-0.227971	-0.205863	-0.18368	
0.0687093	0.0687093	0.101357	0.139129	0.17314	0.213726	0.249551	0.265943	0.255423	0.218942	0.140448	0.0242289	-0.109141	-0.247325	-0.40388	-0.55518	-0.667879	-0.724995	-0.719628	-0.648344	-0.531763	-0.38459	-0.216027	-0.0448234	0.110334	0.244154	0.353612	0.431255	0.471043	0.490986	0.50386	0.512613	0.522361	0.541401	0.557069	0.544612	0.485884	0.391983	0.293494	0.197147	0.0887565	-0.0239794	-0.115079	-0.177111	-0.21152	-0.223261	-0.211288	-0.197167	-0.184914	-0.175121	
0.0741127	0.0741127	0.0955525	0.116369	0.133855	0.158348	0.17922	0.19021	0.184515	0.15207	0.0788146	-0.026144	-0.143262	-0.266794	-0.399242	-0.524366	-0.614379	-0.656511	-0.63617	-0.5592	-0.4431	-0.300654	-0.136865	0.0279219	0.17545	0.298416	0.398318	0.465029	0.494593	0.50386	0.512034	0.521651	0.537426	0.556756	0.569541	0.548906	0.475239	0.363633	0.252661	0.150018	0.0487791	-0.0538625	-0.132595	-0.180211	-0.205621	-0.214831	-0.206767	-0.19982	-0.1959	-0.196779	
0.0835522	0.0835522	0.0896503	0.0917469	0.0968528	0.108544	0.119304	0.124261	0.122769	0.0965777	0.0366525	-0.0502646	-0.149447	-0.257779	-0.368314	-0.465234	-0.529249	-0.548325	-0.517942	-0.445977	-0.336916	-0.197796	-0.0460694	0.0983972	0.229369	0.34173	0.430439	0.484677	0.505253	0.512613	0.521651	0.535556	0.551862	0.566083	0.564803	0.523966	0.432732	0.315693	0.19692	0.082759	-0.0203349	-0.107783	-0.170281	-0.210244	-0.236845	-0.248745	-0.24265	-0.231454	-0.234215	-0.245594	
0.0961991	0.0961991	0.0892927	0.079785	0.0790518	0.0874927	0.0922177	0.090142	0.0838271	0.0636799	0.020575	-0.0417176	-0.118983	-0.212745	-0.306588	-0.376868	-0.410884	-0.412026	-0.3807	-0.317845	-0.218066	-0.0921289	0.0394425	0.160263	0.269026	0.366743	0.445556	0.491375	0.509259	0.522361	0.537426	0.551862	0.559937	0.556893	0.529961	0.465361	0.368352	0.253137	0.12869	0.00139411	-0.106471	-0.187595	-0.240245	-0.276874	-0.307966	-0.319358	-0.307667	-0.290103	-0.292259	-0.311185	
0.0973603	0.0973603	0.0878847	0.0804536	0.0853613	0.0934443	0.0960738	0.0881962	0.0807009	0.0664142	0.0405839	-0.00248622	-0.0599915	-0.134571	-0.203131	-0.246701	-0.262668	-0.255334	-0.22158	-0.165881	-0.088179	0.0100877	0.118705	0.216272	0.301394	0.380533	0.45058	0.496188	0.523691	0.541401	0.556756	0.566083	0.556893	0.52477	0.471291	0.390295	0.288691	0.172323	0.0439003	-0.0872554	-0.198266	-0.280347	-0.336364	-0.373868	-0.402202	-0.4116	-0.397708	-0.372611	-0.364272	-0.374454	
0.0790469	0.0790469	0.0800753	0.0875543	0.100108	0.111629	0.118806	0.118455	0.113008	0.106796	0.0926173	0.0633535	0.0174733	-0.0315031	-0.0689481	-0.0876785	-0.0972243	-0.0904226	-0.0585959	-0.0090618	0.0453688	0.105381	0.178907	0.255634	0.329347	0.395171	0.452067	0.496811	0.533418	0.557069	0.569541	0.564803	0.529961	0.471291	0.391866	0.291276	0.175749	0.0505401	-0.0772608	-0.195441	-0.301821	-0.387757	-0.448415	-0.484438	-0.505378	-0.512352	-0.497497	-0.463849	-0.433387	-0.420293	
0.039624	0.039624	0.0528876	0.0752929	0.0988806	0.12383	0.147587	0.165472	0.170267	0.172614	0.166066	0.148461	0.120035	0.0982751	0.0811292	0.0735907	0.0702518	0.0768122	0.0947359	0.124323	0.154602	0.183662	0.226527	0.281929	0.342111	0.394023	0.437715	0.477726	0.517016	0.544612	0.548906	0.523966	0.465361	0.390295	0.291276	0.168422	0.0320459	-0.104493	-0.227318	-0.335511	-0.433909	-0.512811	-0.566444	-0.596722	-0.608471	-0.608113	-0.58459	-0.540021	-0.490415	-0.454475	
-0.0180378	-0.0180378	0.00548955	0.0406717	0.0796865	0.123002	0.168851	0.211972	0.239733	0.253916	0.257802	0.253301	0.245998	0.242138	0.234886	0.223481	0.217793	0.215501	0.216374	0.218579	0.223836	0.233309	0.255868	0.287457	0.326025	0.369531	0.40755	0.439514	0.468621	0.485884	0.475239	0.432732	0.368352	0.288691	0.175749	0.0320459	-0.122386	-0.268865	-0.396082	-0.503036	-0.588367	-0.643335	-0.674234	-0.696211	-0.700592	-0.685485	-0.643015	-0.586631	-0.526435	-0.475772	
-0.082799	-0.082799	-0.0492007	-0.00321336	0.0515308	0.112347	0.180155	0.249122	0.309159	0.345644	0.369168	0.378399	0.38421	0.386747	0.375233	0.347756	0.32605	0.31202	0.291979	0.267409	0.250744	0.248285	0.256298	0.2684	0.290436	0.321744	0.358432	0.385482	0.39915	0.391983	0.363633	0.315693	0.253137	0.172323	0.0505401	-0.104493	-0.268865	-0.423836	-0.554921	-0.65943	-0.728564	-0.758193	-0.765472	-0.773019	-0.764508	-0.726649	-0.66402	-0.593346	-0.525732	-0.468499	
-0.143051	-0.143051	-0.109649	-0.0615809	0.00860383	0.0943448	0.185394	0.278536	0.37072	0.440126	0.490606	0.515249	0.523532	0.517453	0.491132	0.443922	0.398629	0.35602	0.311312	0.272394	0.24751	0.22975	0.216759	0.214771	0.226499	0.249623	0.280813	0.304964	0.310642	0.293494	0.252661	0.19692	0.12869	0.0439003	-0.0772608	-0.227318	-0.396082	-0.554921	-0.682786	-0.772812	-0.826893	-0.843602	-0.833456	-0.81588	-0.784501	-0.725992	-0.645835	-0.55785	-0.485997	-0.430398	
-0.183743	-0.183743	-0.15694	-0.112987	-0.0297465	0.0824771	0.202972	0.321412	0.439429	0.532598	0.608361	0.651284	0.658749	0.630743	0.579761	0.513478	0.442045	0.366262	0.298531	0.253813	0.222424	0.185554	0.149064	0.132949	0.138823	0.158492	0.185401	0.206808	0.21275	0.197147	0.150018	0.082759	0.00139411	-0.0872554	-0.195441	-0.335511	-0.503036	-0.65943	-0.772812	-0.836223	-0.866477	-0.863655	-0.832011	-0.788096	-0.737536	-0.66631	-0.577204	-0.48286	-0.413344	-0.373265	
-0.194796	-0.194796	-0.164801	-0.11322	-0.0189032	0.112262	0.25389	0.393899	0.528541	0.63942	0.728602	0.775905	0.77254	0.722632	0.646197	0.552872	0.456332	0.360746	0.275941	0.207538	0.15131	0.0964727	0.0450584	0.0166836	0.0206176	0.0443713	0.0716644	0.0870524	0.0976634	0.0887565	0.0487791	-0.0203349	-0.106471	-0.198266	-0.301821	-0.433909	-0.588367	-0.728564	-0.826893	-0.866477	-0.860552	-0.823216	-0.76091	-0.695512	-0.63	-0.553695	-0.468957	-0.385797	-0.3328	-0.31432	
-0.159813	-0.159813	-0.115703	-0.0425903	0.0676937	0.20496	0.351195	0.499122	0.64401	0.762617	0.845538	0.876986	0.85233	0.784682	0.687647	0.577443	0.458342	0.341657	0.231558	0.133874	0.0440179	-0.029508	-0.083273	-0.116203	-0.124087	-0.100676	-0.0612548	-0.0335733	-0.0209895	-0.0239794	-0.0538625	-0.107783	-0.187595	-0.280347	-0.387757	-0.512811	-0.643335	-0.758193	-0.843602	-0.863655	-0.823216	-0.741861	-0.650082	-0.563931	-0.485601	-0.417405	-0.356789	-0.299291	-0.267389	-0.261808	
-0.0627517	-0.0627517	-0.00968431	0.081303	0.202305	0.342876	0.486129	0.633897	0.769639	0.873047	0.928978	0.936911	0.894864	0.813483	0.702585	0.578053	0.441482	0.299243	0.166387	0.0456513	-0.0675381	-0.156622	-0.213948	-0.249324	-0.262031	-0.234988	-0.185176	-0.142608	-0.118833	-0.115079	-0.132595	-0.170281	-0.240245	-0.336364	-0.448415	-0.566444	-0.674234	-0.765472	-0.833456	-0.832011	-0.76091	-0.650082	-0.528291	-0.418439	-0.33606	-0.289188	-0.257398	-0.233143	-0.221959	-0.226096	
0.0898888	0.0898888	0.140388	0.230305	0.350765	0.488133	0.627665	0.760959	0.871834	0.941734	0.965877	0.947194	0.892291	0.798873	0.671385	0.529578	0.384161	0.232763	0.0861605	-0.0495054	-0.176925	-0.274781	-0.333218	-0.36305	-0.369349	-0.340286	-0.287405	-0.234317	-0.194209	-0.177111	-0.180211	-0.210244	-0.276874	-0.373868	-0.484438	-0.596722	-0.696211	-0.773019	-0.81588	-0.788096	-0.695512	-0.563931	-0.418439	-0.299214	-0.225501	-0.200795	-0.192577	-0.192979	-0.207394	-0.225471	
0.275368	0.275368	0.317691	0.395787	0.500641	0.618835	0.736305	0.84354	0.924847	0.964699	0.956965	0.909764	0.836241	0.729468	0.582447	0.427168	0.284145	0.139269	-0.0112555	-0.150108	-0.275834	-0.371809	-0.42898	-0.450045	-0.44586	-0.417362	-0.369714	-0.308284	-0.249276	-0.21152	-0.205621	-0.236845	-0.307966	-0.402202	-0.505378	-0.608471	-0.700592	-0.764508	-0.784501	-0.737536	-0.63	-0.485601	-0.33606	-0.225501	-0.175133	-0.170796	-0.179998	-0.202071	-0.234216	-0.257522	
0.488011	0.488011	0.519381	0.574742	0.65027	0.73526	0.819452	0.886407	0.928468	0.935936	0.905432	0.829833	0.725708	0.599091	0.449088	0.291421	0.144664	0.00430828	-0.12584	-0.24343	-0.352905	-0.436673	-0.483613	-0.503535	-0.501075	-0.470027	-0.413232	-0.340033	-0.270468	-0.223261	-0.214831	-0.248745	-0.319358	-0.4116	-0.512352	-0.608113	-0.685485	-0.726649	-0.725992	-0.66631	-0.553695	-0.417405	-0.289188	-0.200795	-0.170796	-0.182221	-0.20924	-0.243258	-0.276409	-0.295648	
0.712258	0.712258	0.72851	0.75241	0.789052	0.840056	0.886178	0.905501	0.896476	0.864597	0.806311	0.70516	0.574834	0.432472	0.285947	0.135607	-0.00721904	-0.138501	-0.240453	-0.318852	-0.393521	-0.456564	-0.496203	-0.513798	-0.511684	-0.477751	-0.410146	-0.32604	-0.253778	-0.211288	-0.206767	-0.24265	-0.307667	-0.397708	-0.497497	-0.58459	-0.643015	-0.66402	-0.645835	-0.577204	-0.468957	-0.356789	-0.257398	-0.192577	-0.179998	-0.20924	-0.255222	-0.295826	-0.31909	-0.331965	
0.91125	0.91125	0.919685	0.917281	0.914824	0.923764	0.927239	0.899234	0.845877	0.772313	0.67496	0.546795	0.402903	0.257696	0.11275	-0.0221835	-0.145362	-0.251489	-0.325442	-0.364754	-0.400641	-0.44104	-0.470943	-0.484165	-0.475447	-0.439412	-0.368312	-0.2885	-0.227971	-0.197167	-0.19982	-0.231454	-0.290103	-0.372611	-0.463849	-0.540021	-0.586631	-0.593346	-0.55785	-0.48286	-0.385797	-0.299291	-0.233143	-0.192979	-0.202071	-0.243258	-0.295826	-0.337218	-0.360068	-0.360766	
1.06885	1.06885	1.07457	1.05826	1.02289	0.988322	0.943187	0.870354	0.778429	0.675044	0.546134	0.392757	0.23878	0.0954698	-0.0425224	-0.164033	-0.25802	-0.328273	-0.368207	-0.379762	-0.3862	-0.40384	-0.422031	-0.426077	-0.411354	-0.374782	-0.316794	-0.252779	-0.205863	-0.184914	-0.1959	-0.234215	-0.292259	-0.364272	-0.433387	-0.490415	-0.526435	-0.525732	-0.485997	-0.413344	-0.3328	-0.267389	-0.221959	-0.207394	-0.234216	-0.276409	-0.31909	-0.360068	-0.378095	-0.359701	
1.18428	1.18428	1.17944	1.15077	1.09488	1.02734	0.939317	0.82592	0.701791	0.58172	0.439026	0.275765	0.116738	-0.0227515	-0.15565	-0.26355	-0.328993	-0.358227	-0.36796	-0.362211	-0.347066	-0.340354	-0.344671	-0.345603	-0.328601	-0.29776	-0.25698	-0.214737	-0.18368	-0.175121	-0.196779	-0.245594	-0.311185	-0.374454	-0.420293	-0.454475	-0.475772	-0.468499	-0.430398	-0.373265	-0.31432	-0.261808	-0.226096	-0.225471	-0.257522	-0.295648	-0.331965	-0.360766	-0.359701	-0.31758	
