-2.1472	-2.1472	-2.06529	-1.88215	-1.59936	-1.24751	-0.860259	-0.488612	-0.172413	0.0602866	0.223879	0.329573	0.414778	0.493067	0.569268	0.644631	0.736628	0.84109	0.961246	1.07288	1.14884	1.16333	1.0863	0.894508	0.604251	0.257824	-0.0980309	-0.407008	-0.627898	-0.747935	-0.764373	-0.677522	-0.480967	-0.181274	0.196785	0.591238	0.942149	1.21024	1.36491	1.39801	1.32468	1.15585	0.914768	0.652937	0.405782	0.194252	0.00794067	-0.164039	-0.297437	-0.383047	
-2.1472	-2.1472	-2.06529	-1.88215	-1.59936	-1.24751	-0.860259	-0.488612	-0.172413	0.0602866	0.223879	0.329573	0.414778	0.493067	0.569268	0.644631	0.736628	0.84109	0.961246	1.07288	1.14884	1.16333	1.0863	0.894508	0.604251	0.257824	-0.0980309	-0.407008	-0.627898	-0.747935	-0.764373	-0.677522	-0.480967	-0.181274	0.196785	0.591238	0.942149	1.21024	1.36491	1.39801	1.32468	1.15585	0.914768	0.652937	0.405782	0.194252	0.00794067	-0.164039	-0.297437	-0.383047	
-2.06529	-2.06529	-1.97644	-1.79629	-1.52296	-1.17638	-0.799886	-0.440261	-0.136416	0.080052	0.222938	0.314485	0.382746	0.445118	0.500066	0.552221	0.626158	0.726203	0.84598	0.964178	1.05069	1.07454	1.01241	0.839426	0.566905	0.232697	-0.118438	-0.434168	-0.662857	-0.78441	-0.798907	-0.712396	-0.512165	-0.200175	0.178031	0.568044	0.915671	1.18019	1.33094	1.36191	1.28913	1.12229	0.888251	0.637126	0.410123	0.212969	0.0380471	-0.119988	-0.241815	-0.325416	
-1.88215	-1.88215	-1.79629	-1.62774	-1.37114	-1.03933	-0.685022	-0.351608	-0.0740052	0.118881	0.232743	0.298068	0.337799	0.368791	0.387201	0.409935	0.459751	0.548131	0.659598	0.777032	0.875927	0.915725	0.865865	0.722012	0.481962	0.164271	-0.175538	-0.481279	-0.706704	-0.831711	-0.845528	-0.755953	-0.55539	-0.25292	0.120068	0.503792	0.841216	1.09729	1.24834	1.28392	1.2132	1.05975	0.853728	0.633299	0.433545	0.255571	0.0936767	-0.0416391	-0.142402	-0.219994	
-1.59936	-1.59936	-1.52296	-1.37114	-1.13684	-0.833806	-0.516997	-0.221895	0.0176975	0.173457	0.2533	0.291386	0.302261	0.304682	0.293918	0.286841	0.305689	0.370979	0.46186	0.561582	0.649438	0.69142	0.65735	0.543894	0.339307	0.0581579	-0.254138	-0.545284	-0.759856	-0.874561	-0.886622	-0.804173	-0.616712	-0.329685	0.0251293	0.386837	0.704715	0.950618	1.10118	1.15031	1.10141	0.979801	0.819689	0.645357	0.480629	0.32948	0.188257	0.0738425	-0.0112285	-0.0801008	
-1.24751	-1.24751	-1.17638	-1.03933	-0.833806	-0.576924	-0.310275	-0.0608959	0.135823	0.245496	0.292718	0.310546	0.305311	0.287996	0.257845	0.222447	0.207729	0.236047	0.297046	0.36691	0.421688	0.441659	0.410587	0.312418	0.143425	-0.0859244	-0.355353	-0.620265	-0.818165	-0.923271	-0.933382	-0.861974	-0.695068	-0.432447	-0.113795	0.209797	0.499806	0.734107	0.897005	0.975838	0.967807	0.891431	0.783931	0.66665	0.545654	0.423371	0.311426	0.214021	0.132666	0.0685385	
-0.860259	-0.860259	-0.799886	-0.685022	-0.516997	-0.310275	-0.0930748	0.112334	0.268785	0.344161	0.367876	0.370072	0.35198	0.321006	0.281063	0.227508	0.182012	0.172431	0.191572	0.211422	0.223393	0.214795	0.167922	0.0738745	-0.0650464	-0.251919	-0.48244	-0.712738	-0.888106	-0.985579	-0.999918	-0.935651	-0.795215	-0.572413	-0.292379	-0.00787584	0.247777	0.471854	0.651452	0.765811	0.809094	0.795905	0.75463	0.69592	0.621564	0.534647	0.44329	0.35732	0.279654	0.215642	
-0.488612	-0.488612	-0.440261	-0.351608	-0.221895	-0.0608959	0.112334	0.27132	0.397088	0.461591	0.480091	0.466417	0.441814	0.406649	0.360273	0.29024	0.22119	0.16951	0.13367	0.0980398	0.0652316	0.023483	-0.0422641	-0.132995	-0.256577	-0.42157	-0.622548	-0.825722	-0.98804	-1.07935	-1.0959	-1.04778	-0.927922	-0.737641	-0.493438	-0.240874	-0.00910527	0.20185	0.390743	0.540135	0.63824	0.696118	0.721929	0.723739	0.695805	0.646856	0.578215	0.498552	0.425244	0.364456	
-0.172413	-0.172413	-0.136416	-0.0740052	0.0176975	0.135823	0.268785	0.397088	0.507486	0.573314	0.595278	0.582624	0.565293	0.535905	0.476807	0.386013	0.294069	0.197695	0.105986	0.0249608	-0.0497006	-0.132453	-0.218769	-0.31746	-0.436804	-0.582785	-0.760194	-0.952129	-1.11435	-1.20586	-1.22822	-1.19036	-1.08158	-0.902749	-0.689908	-0.470571	-0.260056	-0.0562326	0.143245	0.325899	0.480294	0.596685	0.677373	0.728388	0.749073	0.740711	0.699012	0.624378	0.548467	0.484178	
0.0602866	0.0602866	0.080052	0.118881	0.173457	0.245496	0.344161	0.461591	0.573314	0.653636	0.690753	0.692739	0.687391	0.662935	0.596152	0.501647	0.390017	0.25064	0.111424	-0.0117413	-0.129797	-0.246913	-0.355043	-0.464105	-0.582245	-0.724889	-0.891709	-1.06797	-1.22295	-1.32669	-1.35762	-1.31932	-1.21573	-1.05913	-0.868906	-0.672103	-0.480854	-0.285889	-0.0792287	0.13098	0.333826	0.502566	0.628072	0.724105	0.785841	0.802435	0.778652	0.713336	0.637997	0.566742	
0.223879	0.223879	0.222938	0.232743	0.2533	0.292718	0.367876	0.480091	0.595278	0.690753	0.752931	0.780379	0.778985	0.76153	0.710098	0.620888	0.486042	0.319503	0.142254	-0.0308823	-0.197881	-0.339712	-0.462608	-0.581651	-0.706679	-0.844487	-1.00543	-1.17528	-1.31917	-1.41705	-1.45256	-1.41965	-1.32664	-1.18263	-1.0051	-0.829325	-0.655498	-0.463881	-0.260349	-0.0364911	0.201461	0.414357	0.577318	0.700512	0.786956	0.821462	0.79979	0.743284	0.67698	0.6011	
0.329573	0.329573	0.314485	0.298068	0.291386	0.310546	0.370072	0.466417	0.582624	0.692739	0.780379	0.830788	0.844699	0.840594	0.802568	0.709718	0.563263	0.383114	0.176818	-0.0359952	-0.237404	-0.406031	-0.550524	-0.679798	-0.805108	-0.937791	-1.08709	-1.24313	-1.3788	-1.47344	-1.50798	-1.48067	-1.38923	-1.25235	-1.09482	-0.935284	-0.773816	-0.592097	-0.383585	-0.148221	0.0992195	0.330465	0.516656	0.65485	0.747553	0.789717	0.776473	0.730354	0.668754	0.59223	
0.414778	0.414778	0.382746	0.337799	0.302261	0.305311	0.35198	0.441814	0.565293	0.687391	0.778985	0.844699	0.880404	0.887478	0.851369	0.754953	0.604943	0.418131	0.194875	-0.0468733	-0.269434	-0.458757	-0.614129	-0.739077	-0.854839	-0.982452	-1.12207	-1.26358	-1.38874	-1.47361	-1.50596	-1.47859	-1.38996	-1.25985	-1.11762	-0.972217	-0.822335	-0.658155	-0.455956	-0.223335	0.0210754	0.255197	0.453603	0.59067	0.68223	0.729885	0.725089	0.687586	0.626954	0.551713	
0.493067	0.493067	0.445118	0.368791	0.304682	0.287996	0.321006	0.406649	0.535905	0.662935	0.76153	0.840594	0.887478	0.888371	0.842181	0.742654	0.588197	0.38997	0.155292	-0.0928939	-0.321036	-0.513099	-0.6598	-0.765668	-0.867034	-0.982789	-1.10738	-1.23159	-1.33674	-1.404	-1.42774	-1.40124	-1.31925	-1.19899	-1.06684	-0.932841	-0.795676	-0.64648	-0.468339	-0.259046	-0.0366902	0.184328	0.377022	0.514812	0.599757	0.643724	0.647835	0.619489	0.562303	0.493774	
0.569268	0.569268	0.500066	0.387201	0.293918	0.257845	0.281063	0.360273	0.476807	0.596152	0.710098	0.802568	0.851369	0.842181	0.781188	0.662353	0.492009	0.280095	0.0489864	-0.186147	-0.404251	-0.580788	-0.697062	-0.77549	-0.847455	-0.929872	-1.02958	-1.12787	-1.20452	-1.2504	-1.2592	-1.22366	-1.1502	-1.04198	-0.922342	-0.808852	-0.695723	-0.569162	-0.425081	-0.257049	-0.0677516	0.120842	0.28703	0.415234	0.498407	0.543393	0.553971	0.531904	0.479003	0.411498	
0.644631	0.644631	0.552221	0.409935	0.286841	0.222447	0.227508	0.29024	0.386013	0.501647	0.620888	0.709718	0.754953	0.742654	0.662353	0.513988	0.326277	0.116888	-0.101003	-0.32058	-0.513634	-0.655826	-0.731967	-0.770348	-0.796819	-0.837719	-0.894711	-0.947446	-0.983175	-1.00061	-0.986706	-0.939185	-0.874013	-0.79221	-0.697804	-0.608158	-0.527485	-0.443496	-0.344456	-0.224962	-0.0803366	0.0682116	0.20056	0.307429	0.382745	0.427466	0.44502	0.423237	0.374071	0.311995	
0.736628	0.736628	0.626158	0.459751	0.305689	0.207729	0.182012	0.22119	0.294069	0.390017	0.486042	0.563263	0.604943	0.588197	0.492009	0.326277	0.127084	-0.0762745	-0.282289	-0.476787	-0.628752	-0.724111	-0.760656	-0.753925	-0.733456	-0.722186	-0.723417	-0.727242	-0.717923	-0.686471	-0.643185	-0.596261	-0.544469	-0.485716	-0.421427	-0.364801	-0.321105	-0.286444	-0.24023	-0.168269	-0.0791549	0.018225	0.114644	0.198006	0.264719	0.305616	0.31838	0.293387	0.246448	0.190626	
0.84109	0.84109	0.726203	0.548131	0.370979	0.236047	0.172431	0.16951	0.197695	0.25064	0.319503	0.383114	0.418131	0.38997	0.280095	0.116888	-0.0762745	-0.274996	-0.464148	-0.614927	-0.715135	-0.754519	-0.744805	-0.695367	-0.632034	-0.575758	-0.524686	-0.477529	-0.425949	-0.358194	-0.292527	-0.244594	-0.203016	-0.166008	-0.134861	-0.107022	-0.0995687	-0.109592	-0.116624	-0.100401	-0.0706314	-0.0261434	0.031815	0.097505	0.152456	0.185274	0.19374	0.171769	0.124233	0.073264	
0.961246	0.961246	0.84598	0.659598	0.46186	0.297046	0.191572	0.13367	0.105986	0.111424	0.142254	0.176818	0.194875	0.155292	0.0489864	-0.101003	-0.282289	-0.464148	-0.60592	-0.70063	-0.744585	-0.722431	-0.65882	-0.572001	-0.475438	-0.385888	-0.3061	-0.224823	-0.14309	-0.0550943	0.021028	0.069596	0.0996477	0.119888	0.137597	0.14347	0.120871	0.0737481	0.0223155	-0.0220744	-0.0460196	-0.0486443	-0.0362007	-0.000456411	0.0437188	0.0744349	0.0782238	0.0554809	0.0108166	-0.0305208	
1.07288	1.07288	0.964178	0.777032	0.561582	0.36691	0.211422	0.0980398	0.0249608	-0.0117413	-0.0308823	-0.0359952	-0.0468733	-0.0928939	-0.186147	-0.32058	-0.476787	-0.614927	-0.70063	-0.726343	-0.694471	-0.609928	-0.495627	-0.382202	-0.273858	-0.171704	-0.0821915	0.00708815	0.100672	0.189677	0.26165	0.309387	0.332252	0.348887	0.36662	0.365606	0.328739	0.25951	0.173918	0.0789406	-0.00358611	-0.0626235	-0.0912904	-0.0868349	-0.0570838	-0.0290725	-0.0271472	-0.0521878	-0.0873877	-0.111611	
1.14884	1.14884	1.05069	0.875927	0.649438	0.421688	0.223393	0.0652316	-0.0497006	-0.129797	-0.197881	-0.237404	-0.269434	-0.321036	-0.404251	-0.513634	-0.628752	-0.715135	-0.744585	-0.694471	-0.579453	-0.43253	-0.275785	-0.146728	-0.0452952	0.0403632	0.117666	0.193374	0.277295	0.356113	0.41992	0.462122	0.486772	0.509969	0.532863	0.538497	0.50662	0.428382	0.313806	0.179934	0.046224	-0.0715604	-0.140865	-0.163161	-0.148034	-0.129062	-0.127003	-0.141711	-0.158538	-0.164145	
1.16333	1.16333	1.07454	0.915725	0.69142	0.441659	0.214795	0.023483	-0.132453	-0.246913	-0.339712	-0.406031	-0.458757	-0.513099	-0.580788	-0.655826	-0.724111	-0.754519	-0.722431	-0.609928	-0.43253	-0.234782	-0.0515038	0.0798327	0.165236	0.218766	0.266032	0.314088	0.374859	0.437401	0.487736	0.522039	0.550461	0.583968	0.617467	0.636079	0.619349	0.545933	0.415872	0.252201	0.0807894	-0.0766014	-0.184073	-0.237363	-0.240927	-0.231816	-0.224819	-0.220108	-0.208147	-0.185978	
1.0863	1.0863	1.01241	0.865865	0.65735	0.410587	0.167922	-0.0422641	-0.218769	-0.355043	-0.462608	-0.550524	-0.614129	-0.6598	-0.697062	-0.731967	-0.760656	-0.744805	-0.65882	-0.495627	-0.275785	-0.0515038	0.127233	0.254442	0.323975	0.345418	0.349103	0.363033	0.39196	0.430499	0.464662	0.494451	0.529594	0.575008	0.623678	0.6562	0.648887	0.585406	0.462957	0.294405	0.0931375	-0.0895933	-0.225665	-0.301797	-0.322458	-0.322381	-0.31247	-0.288752	-0.251327	-0.196743	
0.894508	0.894508	0.839426	0.722012	0.543894	0.312418	0.0738745	-0.132995	-0.31746	-0.464105	-0.581651	-0.679798	-0.739077	-0.765668	-0.77549	-0.770348	-0.753925	-0.695367	-0.572001	-0.382202	-0.146728	0.0798327	0.254442	0.368746	0.412843	0.398949	0.364078	0.344121	0.337472	0.344528	0.362859	0.396625	0.446603	0.506949	0.563677	0.61027	0.624544	0.579419	0.470314	0.299332	0.0900094	-0.100116	-0.245644	-0.34021	-0.386474	-0.399502	-0.383394	-0.342418	-0.289357	-0.211306	
0.604251	0.604251	0.566905	0.481962	0.339307	0.143425	-0.0650464	-0.256577	-0.436804	-0.582245	-0.706679	-0.805108	-0.854839	-0.867034	-0.847455	-0.796819	-0.733456	-0.632034	-0.475438	-0.273858	-0.0452952	0.165236	0.323975	0.412843	0.43139	0.391185	0.323829	0.263059	0.221776	0.207822	0.216125	0.247349	0.3129	0.393283	0.467654	0.530929	0.566209	0.549319	0.460116	0.294157	0.0968605	-0.0893816	-0.242181	-0.354634	-0.424065	-0.451045	-0.43362	-0.385828	-0.317238	-0.219952	
0.257824	0.257824	0.232697	0.164271	0.0581579	-0.0859244	-0.251919	-0.42157	-0.582785	-0.724889	-0.844487	-0.937791	-0.982452	-0.982789	-0.929872	-0.837719	-0.722186	-0.575758	-0.385888	-0.171704	0.0403632	0.218766	0.345418	0.398949	0.391185	0.326121	0.228801	0.134549	0.0619137	0.0190318	0.0180112	0.0618677	0.150523	0.251392	0.345338	0.428823	0.487282	0.497523	0.434211	0.294354	0.120332	-0.0576383	-0.218285	-0.353758	-0.439213	-0.476624	-0.468751	-0.425439	-0.342758	-0.231081	
-0.0980309	-0.0980309	-0.118438	-0.175538	-0.254138	-0.355353	-0.48244	-0.622548	-0.760194	-0.891709	-1.00543	-1.08709	-1.12207	-1.10738	-1.02958	-0.894711	-0.723417	-0.524686	-0.3061	-0.0821915	0.117666	0.266032	0.349103	0.364078	0.323829	0.228801	0.102437	-0.0253407	-0.130559	-0.19827	-0.20606	-0.146703	-0.0352303	0.0903171	0.208506	0.316592	0.400691	0.438024	0.404793	0.303419	0.152032	-0.0145626	-0.177731	-0.331574	-0.440927	-0.49724	-0.501677	-0.462655	-0.374528	-0.260684	
-0.407008	-0.407008	-0.434168	-0.481279	-0.545284	-0.620265	-0.712738	-0.825722	-0.952129	-1.06797	-1.17528	-1.24313	-1.26358	-1.23159	-1.12787	-0.947446	-0.727242	-0.477529	-0.224823	0.00708815	0.193374	0.314088	0.363033	0.344121	0.263059	0.134549	-0.0253407	-0.190576	-0.326792	-0.412206	-0.424356	-0.353657	-0.222215	-0.0673147	0.0847492	0.219561	0.331786	0.392083	0.390173	0.32778	0.206698	0.05179	-0.121653	-0.291305	-0.427044	-0.514943	-0.541865	-0.510495	-0.422346	-0.315004	
-0.627898	-0.627898	-0.662857	-0.706704	-0.759856	-0.818165	-0.888106	-0.98804	-1.11435	-1.22295	-1.31917	-1.3788	-1.38874	-1.33674	-1.20452	-0.983175	-0.717923	-0.425949	-0.14309	0.100672	0.277295	0.374859	0.39196	0.337472	0.221776	0.0619137	-0.130559	-0.326792	-0.491481	-0.596344	-0.610305	-0.526282	-0.370877	-0.184859	-0.000778021	0.162241	0.293412	0.378798	0.410279	0.3837	0.292712	0.143899	-0.0433151	-0.230892	-0.394914	-0.52055	-0.579229	-0.563702	-0.484817	-0.382545	
-0.747935	-0.747935	-0.78441	-0.831711	-0.874561	-0.923271	-0.985579	-1.07935	-1.20586	-1.32669	-1.41705	-1.47344	-1.47361	-1.404	-1.2504	-1.00061	-0.686471	-0.358194	-0.0550943	0.189677	0.356113	0.437401	0.430499	0.344528	0.207822	0.0190318	-0.19827	-0.412206	-0.596344	-0.712161	-0.722342	-0.630866	-0.453385	-0.241317	-0.0335672	0.155431	0.304095	0.408185	0.464183	0.461722	0.395933	0.256224	0.0656153	-0.147071	-0.3482	-0.511439	-0.597932	-0.6019	-0.546104	-0.453547	
-0.764373	-0.764373	-0.798907	-0.845528	-0.886622	-0.933382	-0.999918	-1.0959	-1.22822	-1.35762	-1.45256	-1.50798	-1.50596	-1.42774	-1.2592	-0.986706	-0.643185	-0.292527	0.021028	0.26165	0.41992	0.487736	0.464662	0.362859	0.216125	0.0180112	-0.20606	-0.424356	-0.610305	-0.722342	-0.729796	-0.635178	-0.449753	-0.225954	-0.00213759	0.202963	0.363541	0.476684	0.543078	0.552982	0.503378	0.371523	0.178033	-0.055206	-0.283651	-0.476059	-0.591032	-0.622616	-0.590204	-0.513102	
-0.677522	-0.677522	-0.712396	-0.755953	-0.804173	-0.861974	-0.935651	-1.04778	-1.19036	-1.31932	-1.41965	-1.48067	-1.47859	-1.40124	-1.22366	-0.939185	-0.596261	-0.244594	0.069596	0.309387	0.462122	0.522039	0.494451	0.396625	0.247349	0.0618677	-0.146703	-0.353657	-0.526282	-0.630866	-0.635178	-0.536346	-0.356075	-0.135429	0.0900179	0.296698	0.463573	0.579615	0.645121	0.659045	0.610565	0.482359	0.278351	0.0358654	-0.203077	-0.416061	-0.566646	-0.63001	-0.62241	-0.563697	
-0.480967	-0.480967	-0.512165	-0.55539	-0.616712	-0.695068	-0.795215	-0.927922	-1.08158	-1.21573	-1.32664	-1.38923	-1.38996	-1.31925	-1.1502	-0.874013	-0.544469	-0.203016	0.0996477	0.332252	0.486772	0.550461	0.529594	0.446603	0.3129	0.150523	-0.0352303	-0.222215	-0.370877	-0.453385	-0.449753	-0.356075	-0.191649	0.0190608	0.238534	0.436498	0.600228	0.711921	0.772535	0.778377	0.712944	0.581627	0.378722	0.130845	-0.121593	-0.350255	-0.523461	-0.61571	-0.632448	-0.602323	
-0.181274	-0.181274	-0.200175	-0.25292	-0.329685	-0.432447	-0.572413	-0.737641	-0.902749	-1.05913	-1.18263	-1.25235	-1.25985	-1.19899	-1.04198	-0.79221	-0.485716	-0.166008	0.119888	0.348887	0.509969	0.583968	0.575008	0.506949	0.393283	0.251392	0.0903171	-0.0673147	-0.184859	-0.241317	-0.225954	-0.135429	0.0190608	0.212987	0.412194	0.593849	0.745573	0.856542	0.911408	0.901459	0.813605	0.669924	0.468583	0.215719	-0.0480858	-0.287659	-0.474864	-0.587841	-0.62898	-0.622697	
0.196785	0.196785	0.178031	0.120068	0.0251293	-0.113795	-0.292379	-0.493438	-0.689908	-0.868906	-1.0051	-1.09482	-1.11762	-1.06684	-0.922342	-0.697804	-0.421427	-0.134861	0.137597	0.36662	0.532863	0.617467	0.623678	0.563677	0.467654	0.345338	0.208506	0.0847492	-0.000778021	-0.0335672	-0.00213759	0.0900179	0.238534	0.412194	0.584545	0.742115	0.879383	0.988897	1.03858	1.00492	0.900442	0.740032	0.5304	0.272995	0.00781289	-0.234973	-0.430517	-0.556824	-0.613786	-0.616614	
0.591238	0.591238	0.568044	0.503792	0.386837	0.209797	-0.00787584	-0.240874	-0.470571	-0.672103	-0.829325	-0.935284	-0.972217	-0.932841	-0.808852	-0.608158	-0.364801	-0.107022	0.14347	0.365606	0.538497	0.636079	0.6562	0.61027	0.530929	0.428823	0.316592	0.219561	0.162241	0.155431	0.202963	0.296698	0.436498	0.593849	0.742115	0.878682	0.998981	1.09457	1.13	1.07649	0.958044	0.784602	0.563758	0.308414	0.0444631	-0.195973	-0.386247	-0.516353	-0.585059	-0.591834	
0.942149	0.942149	0.915671	0.841216	0.704715	0.499806	0.247777	-0.00910527	-0.260056	-0.480854	-0.655498	-0.773816	-0.822335	-0.795676	-0.695723	-0.527485	-0.321105	-0.0995687	0.120871	0.328739	0.50662	0.619349	0.648887	0.624544	0.566209	0.487282	0.400691	0.331786	0.293412	0.304095	0.363541	0.463573	0.600228	0.745573	0.879383	0.998981	1.10222	1.17071	1.1823	1.11551	0.980386	0.796795	0.572905	0.327767	0.0792791	-0.145977	-0.326413	-0.459381	-0.534609	-0.546236	
1.21024	1.21024	1.18019	1.09729	0.950618	0.734107	0.471854	0.20185	-0.0562326	-0.285889	-0.463881	-0.592097	-0.658155	-0.64648	-0.569162	-0.443496	-0.286444	-0.109592	0.0737481	0.25951	0.428382	0.545933	0.585406	0.579419	0.549319	0.497523	0.438024	0.392083	0.378798	0.408185	0.476684	0.579615	0.711921	0.856542	0.988897	1.09457	1.17071	1.21034	1.19574	1.11524	0.96583	0.776858	0.562271	0.341466	0.129412	-0.0662449	-0.235755	-0.368503	-0.443876	-0.456829	
1.36491	1.36491	1.33094	1.24834	1.10118	0.897005	0.651452	0.390743	0.143245	-0.0792287	-0.260349	-0.383585	-0.455956	-0.468339	-0.425081	-0.344456	-0.24023	-0.116624	0.0223155	0.173918	0.313806	0.415872	0.462957	0.470314	0.460116	0.434211	0.404793	0.390173	0.410279	0.464183	0.543078	0.645121	0.772535	0.911408	1.03858	1.13	1.1823	1.19574	1.15615	1.06063	0.912283	0.728822	0.53648	0.355489	0.191643	0.0381774	-0.103987	-0.222302	-0.293262	-0.320613	
1.39801	1.39801	1.36191	1.28392	1.15031	0.975838	0.765811	0.540135	0.325899	0.13098	-0.0364911	-0.148221	-0.223335	-0.259046	-0.257049	-0.224962	-0.168269	-0.100401	-0.0220744	0.0789406	0.179934	0.252201	0.294405	0.299332	0.294157	0.294354	0.303419	0.32778	0.3837	0.461722	0.552982	0.659045	0.778377	0.901459	1.00492	1.07649	1.11551	1.11524	1.06063	0.95529	0.818291	0.656486	0.506469	0.37516	0.260379	0.158471	0.0609217	-0.0313555	-0.0985045	-0.14275	
1.32468	1.32468	1.28913	1.2132	1.10141	0.967807	0.809094	0.63824	0.480294	0.333826	0.201461	0.0992195	0.0210754	-0.0366902	-0.0677516	-0.0803366	-0.0791549	-0.0706314	-0.0460196	-0.00358611	0.046224	0.0807894	0.0931375	0.0900094	0.0968605	0.120332	0.152032	0.206698	0.292712	0.395933	0.503378	0.610565	0.712944	0.813605	0.900442	0.958044	0.980386	0.96583	0.912283	0.818291	0.705366	0.586454	0.48163	0.401298	0.345684	0.300791	0.242969	0.177884	0.118278	0.0673297	
1.15585	1.15585	1.12229	1.05975	0.979801	0.891431	0.795905	0.696118	0.596685	0.502566	0.414357	0.330465	0.255197	0.184328	0.120842	0.0682116	0.018225	-0.0261434	-0.0486443	-0.0626235	-0.0715604	-0.0766014	-0.0895933	-0.100116	-0.0893816	-0.0576383	-0.0145626	0.05179	0.143899	0.256224	0.371523	0.482359	0.581627	0.669924	0.740032	0.784602	0.796795	0.776858	0.728822	0.656486	0.586454	0.527325	0.477695	0.454925	0.459481	0.463154	0.440052	0.398697	0.34456	0.283643	
0.914768	0.914768	0.888251	0.853728	0.819689	0.783931	0.75463	0.721929	0.677373	0.628072	0.577318	0.516656	0.453603	0.377022	0.28703	0.20056	0.114644	0.031815	-0.0362007	-0.0912904	-0.140865	-0.184073	-0.225665	-0.245644	-0.242181	-0.218285	-0.177731	-0.121653	-0.0433151	0.0656153	0.178033	0.278351	0.378722	0.468583	0.5304	0.563758	0.572905	0.562271	0.53648	0.506469	0.48163	0.477695	0.496965	0.543772	0.601863	0.641915	0.645968	0.622987	0.565688	0.48898	
0.652937	0.652937	0.637126	0.633299	0.645357	0.66665	0.69592	0.723739	0.728388	0.724105	0.700512	0.65485	0.59067	0.514812	0.415234	0.307429	0.198006	0.097505	-0.000456411	-0.0868349	-0.163161	-0.237363	-0.301797	-0.34021	-0.354634	-0.353758	-0.331574	-0.291305	-0.230892	-0.147071	-0.055206	0.0358654	0.130845	0.215719	0.272995	0.308414	0.327767	0.341466	0.355489	0.37516	0.401298	0.454925	0.543772	0.649722	0.753146	0.823365	0.846671	0.826295	0.767756	0.680013	
0.405782	0.405782	0.410123	0.433545	0.480629	0.545654	0.621564	0.695805	0.749073	0.785841	0.786956	0.747553	0.68223	0.599757	0.498407	0.382745	0.264719	0.152456	0.0437188	-0.0570838	-0.148034	-0.240927	-0.322458	-0.386474	-0.424065	-0.439213	-0.440927	-0.427044	-0.394914	-0.3482	-0.283651	-0.203077	-0.121593	-0.0480858	0.00781289	0.0444631	0.0792791	0.129412	0.191643	0.260379	0.345684	0.459481	0.601863	0.753146	0.889943	0.978224	1.01729	1.00338	0.943975	0.847371	
0.194252	0.194252	0.212969	0.255571	0.32948	0.423371	0.534647	0.646856	0.740711	0.802435	0.821462	0.789717	0.729885	0.643724	0.543393	0.427466	0.305616	0.185274	0.0744349	-0.0290725	-0.129062	-0.231816	-0.322381	-0.399502	-0.451045	-0.476624	-0.49724	-0.514943	-0.52055	-0.511439	-0.476059	-0.416061	-0.350255	-0.287659	-0.234973	-0.195973	-0.145977	-0.0662449	0.0381774	0.158471	0.300791	0.463154	0.641915	0.823365	0.978224	1.08068	1.13092	1.12534	1.06357	0.959605	
0.00794067	0.00794067	0.0380471	0.0936767	0.188257	0.311426	0.44329	0.578215	0.699012	0.778652	0.79979	0.776473	0.725089	0.647835	0.553971	0.44502	0.31838	0.19374	0.0782238	-0.0271472	-0.127003	-0.224819	-0.31247	-0.383394	-0.43362	-0.468751	-0.501677	-0.541865	-0.579229	-0.597932	-0.591032	-0.566646	-0.523461	-0.474864	-0.430517	-0.386247	-0.326413	-0.235755	-0.103987	0.0609217	0.242969	0.440052	0.645968	0.846671	1.01729	1.13092	1.18491	1.17769	1.11524	1.01041	
-0.164039	-0.164039	-0.119988	-0.0416391	0.0738425	0.214021	0.35732	0.498552	0.624378	0.713336	0.743284	0.730354	0.687586	0.619489	0.531904	0.423237	0.293387	0.171769	0.0554809	-0.0521878	-0.141711	-0.220108	-0.288752	-0.342418	-0.385828	-0.425439	-0.462655	-0.510495	-0.563702	-0.6019	-0.622616	-0.63001	-0.61571	-0.587841	-0.556824	-0.516353	-0.459381	-0.368503	-0.222302	-0.0313555	0.177884	0.398697	0.622987	0.826295	1.00338	1.12534	1.17769	1.16685	1.10691	1.00708	
-0.297437	-0.297437	-0.241815	-0.142402	-0.0112285	0.132666	0.279654	0.425244	0.548467	0.637997	0.67698	0.668754	0.626954	0.562303	0.479003	0.374071	0.246448	0.124233	0.0108166	-0.0873877	-0.158538	-0.208147	-0.251327	-0.289357	-0.317238	-0.342758	-0.374528	-0.422346	-0.484817	-0.546104	-0.590204	-0.62241	-0.632448	-0.62898	-0.613786	-0.585059	-0.534609	-0.443876	-0.293262	-0.0985045	0.118278	0.34456	0.565688	0.767756	0.943975	1.06357	1.11524	1.10691	1.05816	0.969107	
-0.383047	-0.383047	-0.325416	-0.219994	-0.0801008	0.0685385	0.215642	0.364456	0.484178	0.566742	0.6011	0.59223	0.551713	0.493774	0.411498	0.311995	0.190626	0.073264	-0.0305208	-0.111611	-0.164145	-0.185978	-0.196743	-0.211306	-0.219952	-0.231081	-0.260684	-0.315004	-0.382545	-0.453547	-0.513102	-0.563697	-0.602323	-0.622697	-0.616614	-0.591834	-0.546236	-0.456829	-0.320613	-0.14275	0.0673297	0.283643	0.48898	0.680013	0.847371	0.959605	1.01041	1.00708	0.969107	0.890384	
