2.4895	2.4895	2.34595	2.07684	1.70336	1.28947	0.908827	0.580583	0.320086	0.114746	-0.0450865	-0.164285	-0.252174	-0.334463	-0.416473	-0.504511	-0.585612	-0.654002	-0.704946	-0.741862	-0.751223	-0.706076	-0.583275	-0.378256	-0.105533	0.198932	0.501763	0.769904	0.98357	1.12123	1.16041	1.10003	0.962559	0.761697	0.503026	0.205033	-0.0905988	-0.33576	-0.492424	-0.564591	-0.574369	-0.539726	-0.481586	-0.401958	-0.290339	-0.158831	-0.0254168	0.0920059	0.177232	0.222336	
2.4895	2.4895	2.34595	2.07684	1.70336	1.28947	0.908827	0.580583	0.320086	0.114746	-0.0450865	-0.164285	-0.252174	-0.334463	-0.416473	-0.504511	-0.585612	-0.654002	-0.704946	-0.741862	-0.751223	-0.706076	-0.583275	-0.378256	-0.105533	0.198932	0.501763	0.769904	0.98357	1.12123	1.16041	1.10003	0.962559	0.761697	0.503026	0.205033	-0.0905988	-0.33576	-0.492424	-0.564591	-0.574369	-0.539726	-0.481586	-0.401958	-0.290339	-0.158831	-0.0254168	0.0920059	0.177232	0.222336	
2.34595	2.34595	2.20696	1.95778	1.61794	1.23729	0.877198	0.571461	0.332705	0.154905	0.0154209	-0.0959646	-0.186841	-0.268344	-0.35679	-0.453393	-0.546375	-0.62776	-0.688039	-0.731263	-0.745466	-0.706088	-0.593555	-0.401361	-0.139301	0.154397	0.452644	0.713581	0.909217	1.02683	1.06193	1.01703	0.895269	0.697133	0.439632	0.150218	-0.133245	-0.364869	-0.505578	-0.564673	-0.565824	-0.52514	-0.451393	-0.357972	-0.234637	-0.101011	0.0287346	0.138424	0.21974	0.256792	
2.07684	2.07684	1.95778	1.73543	1.44006	1.11744	0.80657	0.554712	0.369165	0.228713	0.110359	0.0161806	-0.0714486	-0.15547	-0.253038	-0.360303	-0.472549	-0.568416	-0.639061	-0.698533	-0.73624	-0.714844	-0.617578	-0.439033	-0.190453	0.0821698	0.356645	0.590253	0.758953	0.858498	0.890094	0.855389	0.750482	0.567311	0.329899	0.0696968	-0.189439	-0.403269	-0.526391	-0.566449	-0.547371	-0.488345	-0.400821	-0.288396	-0.148716	-0.0107217	0.115917	0.214442	0.280646	0.296629	
1.70336	1.70336	1.61794	1.44006	1.19879	0.941561	0.702541	0.522223	0.401778	0.307591	0.221816	0.151509	0.0766637	-0.00901895	-0.118373	-0.237365	-0.364461	-0.473401	-0.560239	-0.637922	-0.696133	-0.691347	-0.618549	-0.464777	-0.241521	-0.00239664	0.233057	0.428006	0.562027	0.637794	0.664918	0.64315	0.563538	0.407775	0.198949	-0.0205767	-0.243441	-0.427378	-0.527672	-0.547249	-0.51239	-0.432642	-0.329674	-0.200666	-0.0521569	0.0866511	0.208174	0.296601	0.340315	0.335743	
1.28947	1.28947	1.23729	1.11744	0.941561	0.754833	0.597892	0.488616	0.426514	0.387847	0.352699	0.306354	0.241777	0.153287	0.038441	-0.0937239	-0.228056	-0.350009	-0.450636	-0.539167	-0.601606	-0.614432	-0.574767	-0.458986	-0.272293	-0.0679811	0.117721	0.259949	0.346819	0.392557	0.410679	0.410024	0.367606	0.254678	0.0880383	-0.0959178	-0.278524	-0.42204	-0.489118	-0.489818	-0.446002	-0.360059	-0.243103	-0.103854	0.047119	0.184656	0.294375	0.367104	0.395424	0.376949	
0.908827	0.908827	0.877198	0.80657	0.702541	0.597892	0.520398	0.479463	0.480489	0.496011	0.496856	0.469671	0.414021	0.322839	0.205493	0.0646905	-0.0769454	-0.205921	-0.309039	-0.397042	-0.460122	-0.492274	-0.480585	-0.402378	-0.258346	-0.0995441	0.0274295	0.104231	0.141329	0.158279	0.169123	0.179189	0.171034	0.112811	0.00391111	-0.134643	-0.270032	-0.37246	-0.409234	-0.395416	-0.348472	-0.265879	-0.149424	-0.0132958	0.136235	0.267252	0.366113	0.426808	0.440992	0.412841	
0.580583	0.580583	0.571461	0.554712	0.522223	0.488616	0.479463	0.505461	0.567201	0.628095	0.653405	0.639427	0.586269	0.489114	0.364858	0.218804	0.0733464	-0.0522723	-0.14632	-0.224615	-0.285502	-0.325885	-0.323453	-0.270823	-0.176228	-0.0790402	-0.0123979	0.00633437	-0.0062467	-0.0234058	-0.0240453	-0.00458383	0.015489	0.00204767	-0.0511089	-0.133589	-0.217463	-0.283667	-0.303885	-0.285617	-0.236138	-0.1597	-0.054237	0.0709825	0.207151	0.329159	0.423639	0.477093	0.488891	0.453763	
0.320086	0.320086	0.332705	0.369165	0.401778	0.426514	0.480489	0.567201	0.670139	0.759074	0.804018	0.798384	0.743745	0.641271	0.498605	0.340524	0.19251	0.0793533	0.000429714	-0.055042	-0.100416	-0.128222	-0.125634	-0.0924606	-0.0400089	0.00353507	0.0212034	-0.00833085	-0.067435	-0.119001	-0.13127	-0.10657	-0.0679498	-0.0442976	-0.0549005	-0.0892256	-0.138287	-0.176948	-0.190303	-0.17446	-0.13674	-0.0735433	0.0153625	0.120104	0.239478	0.358603	0.457628	0.51825	0.530386	0.489394	
0.114746	0.114746	0.154905	0.228713	0.307591	0.387847	0.496011	0.628095	0.759074	0.864121	0.924786	0.921932	0.854705	0.738766	0.585248	0.415974	0.266167	0.162271	0.106646	0.0840988	0.0683487	0.0649606	0.0793624	0.1061	0.133162	0.148702	0.130688	0.0643261	-0.0292875	-0.103792	-0.129149	-0.106824	-0.0608534	-0.0164407	0.00384369	-0.0063002	-0.0366321	-0.0650686	-0.0810484	-0.0759049	-0.0548734	-0.0173987	0.0414189	0.12421	0.233359	0.352496	0.454328	0.523264	0.548591	0.506017	
-0.0450865	-0.0450865	0.0154209	0.110359	0.221816	0.352699	0.496856	0.653405	0.804018	0.924786	0.986035	0.978688	0.899846	0.771897	0.603866	0.430105	0.283568	0.191054	0.15705	0.168742	0.194252	0.230477	0.269523	0.306985	0.331228	0.329622	0.29254	0.21421	0.111565	0.02604	-0.0118444	-0.00170704	0.0417869	0.0871731	0.116675	0.121938	0.100518	0.0643309	0.0310089	0.0110586	0.00334623	0.0120662	0.036212	0.0956287	0.192942	0.307914	0.417888	0.498026	0.532519	0.497355	
-0.164285	-0.164285	-0.0959646	0.0161806	0.151509	0.306354	0.469671	0.639427	0.798384	0.921932	0.978688	0.962959	0.876743	0.735239	0.554696	0.376848	0.23805	0.162403	0.157535	0.201085	0.271068	0.352386	0.425744	0.48949	0.534893	0.534597	0.487556	0.407073	0.312456	0.234821	0.189751	0.185955	0.219835	0.262038	0.294055	0.297021	0.265046	0.209999	0.154149	0.10131	0.0629993	0.0385543	0.0284974	0.0577533	0.135271	0.246245	0.361755	0.446617	0.482642	0.450246	
-0.252174	-0.252174	-0.186841	-0.0714486	0.0766637	0.241777	0.414021	0.586269	0.743745	0.854705	0.899846	0.876743	0.787986	0.635409	0.448326	0.270633	0.140937	0.0847608	0.11497	0.200027	0.316741	0.441029	0.553702	0.643771	0.710469	0.723081	0.680371	0.605358	0.525995	0.458396	0.411835	0.401493	0.425877	0.468934	0.497727	0.491143	0.446007	0.37839	0.304935	0.223012	0.145118	0.0773818	0.0286366	0.0220297	0.0771716	0.171345	0.277633	0.365693	0.39325	0.358421	
-0.334463	-0.334463	-0.268344	-0.15547	-0.00901895	0.153287	0.322839	0.489114	0.641271	0.738766	0.771897	0.735239	0.635409	0.473861	0.297156	0.132904	0.0213907	-0.00628003	0.0602095	0.185035	0.343354	0.508611	0.661427	0.784754	0.862551	0.88209	0.846899	0.784072	0.712539	0.642373	0.597982	0.596084	0.624423	0.663996	0.692467	0.686855	0.640876	0.563404	0.470982	0.365177	0.246051	0.128957	0.0390928	-0.000381931	0.0243466	0.0887107	0.169362	0.242933	0.269343	0.237167	
-0.416473	-0.416473	-0.35679	-0.253038	-0.118373	0.038441	0.205493	0.364858	0.498605	0.585248	0.603866	0.554696	0.448326	0.297156	0.130631	-0.0146496	-0.098615	-0.0829148	0.0177628	0.175918	0.369468	0.571157	0.753696	0.902504	0.987572	1.00686	0.972914	0.907076	0.831224	0.766511	0.732084	0.738461	0.775189	0.823148	0.86379	0.872909	0.827938	0.744139	0.635254	0.507484	0.351196	0.191002	0.0605783	-0.0189682	-0.040905	-0.0108018	0.0417516	0.0879649	0.106481	0.0768406	
-0.504511	-0.504511	-0.453393	-0.360303	-0.237365	-0.0937239	0.0646905	0.218804	0.340524	0.415974	0.430105	0.376848	0.270633	0.132904	-0.0146496	-0.131926	-0.176611	-0.12407	0.00579856	0.193577	0.412629	0.634009	0.832435	0.988457	1.07333	1.09147	1.05271	0.97537	0.888493	0.82751	0.806144	0.823573	0.87417	0.939451	0.994517	1.01492	0.981675	0.899364	0.781738	0.63427	0.452917	0.257725	0.0889023	-0.0327991	-0.105179	-0.115205	-0.095949	-0.0757399	-0.0707065	-0.104832	
-0.585612	-0.585612	-0.546375	-0.472549	-0.364461	-0.228056	-0.0769454	0.0733464	0.19251	0.266167	0.283568	0.23805	0.140937	0.0213907	-0.098615	-0.176611	-0.17789	-0.104741	0.0376515	0.242339	0.470777	0.688624	0.887271	1.03523	1.1152	1.12868	1.08122	0.996793	0.902971	0.831691	0.814939	0.851145	0.921479	1.00289	1.06945	1.10277	1.08924	1.01269	0.891033	0.727755	0.529604	0.315186	0.121849	-0.0298934	-0.140829	-0.197763	-0.211882	-0.213344	-0.228075	-0.275735	
-0.654002	-0.654002	-0.62776	-0.568416	-0.473401	-0.350009	-0.205921	-0.0522723	0.0793533	0.162271	0.191054	0.162403	0.0847608	-0.00628003	-0.0829148	-0.12407	-0.104741	-0.0178661	0.126741	0.320805	0.53035	0.728452	0.905475	1.04156	1.1152	1.12148	1.06001	0.961218	0.863271	0.793161	0.779071	0.825312	0.910636	1.01021	1.09189	1.13459	1.12774	1.06265	0.941751	0.77753	0.584271	0.375051	0.171632	-0.00374217	-0.139137	-0.228535	-0.278234	-0.308805	-0.347425	-0.411413	
-0.704946	-0.704946	-0.688039	-0.639061	-0.560239	-0.450636	-0.309039	-0.14632	0.000429714	0.106646	0.15705	0.157535	0.11497	0.0602095	0.0177628	0.00579856	0.0376515	0.126741	0.26217	0.423238	0.590109	0.749359	0.89285	1.00038	1.05515	1.0532	0.986784	0.878601	0.776568	0.711694	0.696541	0.746625	0.843526	0.960395	1.05523	1.10144	1.10297	1.05567	0.943362	0.790055	0.618374	0.427145	0.228979	0.0439231	-0.105008	-0.215353	-0.295842	-0.355469	-0.418965	-0.507963	
-0.741862	-0.741862	-0.731263	-0.698533	-0.637922	-0.539167	-0.397042	-0.224615	-0.055042	0.0840988	0.168742	0.201085	0.200027	0.185035	0.175918	0.193577	0.242339	0.320805	0.423238	0.533737	0.646391	0.758584	0.857582	0.924737	0.948456	0.928735	0.859897	0.754622	0.64508	0.573083	0.561367	0.620627	0.734794	0.863932	0.964706	1.02236	1.04014	1.00654	0.91161	0.776804	0.626832	0.459586	0.281564	0.109411	-0.044428	-0.170007	-0.275561	-0.36373	-0.454288	-0.566973	
-0.751223	-0.751223	-0.745466	-0.73624	-0.696133	-0.601606	-0.460122	-0.285502	-0.100416	0.0683487	0.194252	0.271068	0.316741	0.343354	0.369468	0.412629	0.470777	0.53035	0.590109	0.646391	0.704661	0.760655	0.80387	0.821419	0.807463	0.765899	0.684664	0.574227	0.462739	0.390858	0.390406	0.462723	0.58909	0.732891	0.852912	0.927834	0.957432	0.934587	0.862483	0.752153	0.624544	0.481748	0.329599	0.179083	0.0287764	-0.105803	-0.22579	-0.33712	-0.452932	-0.592581	
-0.706076	-0.706076	-0.706088	-0.714844	-0.691347	-0.614432	-0.492274	-0.325885	-0.128222	0.0649606	0.230477	0.352386	0.441029	0.508611	0.571157	0.634009	0.688624	0.728452	0.749359	0.758584	0.760655	0.747159	0.722444	0.688493	0.633054	0.56384	0.466082	0.34543	0.237135	0.174656	0.186308	0.276842	0.415196	0.581736	0.728695	0.825613	0.867569	0.861628	0.813397	0.732593	0.629944	0.507573	0.375542	0.244458	0.10681	-0.0253972	-0.150901	-0.274505	-0.41661	-0.581084	
-0.583275	-0.583275	-0.593555	-0.617578	-0.618549	-0.574767	-0.480585	-0.323453	-0.125634	0.0793624	0.269523	0.425744	0.553702	0.661427	0.753696	0.832435	0.887271	0.905475	0.89285	0.857582	0.80387	0.722444	0.633041	0.543473	0.442049	0.334625	0.217009	0.0933929	-0.0115443	-0.0701139	-0.0458308	0.0652736	0.226258	0.411181	0.582705	0.704011	0.774209	0.792104	0.77329	0.72549	0.647991	0.546086	0.441094	0.331263	0.209077	0.0827547	-0.041519	-0.176241	-0.339872	-0.530877	
-0.378256	-0.378256	-0.401361	-0.439033	-0.464777	-0.458986	-0.402378	-0.270823	-0.0924606	0.1061	0.306985	0.48949	0.643771	0.784754	0.902504	0.988457	1.03523	1.04156	1.00038	0.924737	0.821419	0.688493	0.543473	0.401094	0.246903	0.0918737	-0.0500325	-0.178608	-0.280423	-0.324128	-0.285572	-0.163914	0.0175693	0.221042	0.411453	0.568683	0.674441	0.727037	0.743901	0.731994	0.687397	0.616168	0.538251	0.44688	0.340221	0.22839	0.101542	-0.0496895	-0.230389	-0.439418	
-0.105533	-0.105533	-0.139301	-0.190453	-0.241521	-0.272293	-0.258346	-0.176228	-0.0400089	0.133162	0.331228	0.534893	0.710469	0.862551	0.987572	1.07333	1.1152	1.1152	1.05515	0.948456	0.807463	0.633054	0.442049	0.246903	0.046504	-0.144112	-0.315645	-0.459893	-0.555798	-0.582216	-0.529939	-0.402221	-0.209185	0.0184352	0.236999	0.427311	0.572045	0.667772	0.731706	0.764258	0.758724	0.71983	0.664583	0.586104	0.491242	0.390835	0.261601	0.0992692	-0.0994328	-0.329849	
0.198932	0.198932	0.154397	0.0821698	-0.00239664	-0.0679811	-0.0995441	-0.0790402	0.00353507	0.148702	0.329622	0.534597	0.723081	0.88209	1.00686	1.09147	1.12868	1.12148	1.0532	0.928735	0.765899	0.56384	0.334625	0.0918737	-0.144112	-0.359453	-0.555736	-0.714057	-0.8082	-0.828405	-0.767654	-0.626759	-0.422323	-0.175492	0.0702086	0.290593	0.477847	0.626283	0.746395	0.824565	0.858869	0.851978	0.814285	0.748228	0.663371	0.56322	0.430003	0.252688	0.0327061	-0.210592	
0.501763	0.501763	0.452644	0.356645	0.233057	0.117721	0.0274295	-0.0123979	0.0212034	0.130688	0.29254	0.487556	0.680371	0.846899	0.972914	1.05271	1.08122	1.06001	0.986784	0.859897	0.684664	0.466082	0.217009	-0.0500325	-0.315645	-0.555736	-0.766899	-0.932953	-1.02457	-1.03805	-0.968477	-0.815202	-0.599577	-0.345113	-0.081845	0.167694	0.400852	0.601745	0.764188	0.885152	0.960487	0.98363	0.96946	0.925629	0.847959	0.736556	0.589331	0.394942	0.157984	-0.0913107	
0.769904	0.769904	0.713581	0.590253	0.428006	0.259949	0.104231	0.00633437	-0.00833085	0.0643261	0.21421	0.407073	0.605358	0.784072	0.907076	0.97537	0.996793	0.961218	0.878601	0.754622	0.574227	0.34543	0.0933929	-0.178608	-0.459893	-0.714057	-0.932953	-1.10673	-1.19587	-1.19195	-1.11514	-0.965169	-0.7524	-0.492309	-0.218246	0.0555026	0.328339	0.571628	0.76765	0.92763	1.04104	1.09419	1.11608	1.10064	1.02287	0.896236	0.731597	0.519992	0.267353	0.00630449	
0.98357	0.98357	0.909217	0.758953	0.562027	0.346819	0.141329	-0.0062467	-0.067435	-0.0292875	0.111565	0.312456	0.525995	0.712539	0.831224	0.888493	0.902971	0.863271	0.776568	0.64508	0.462739	0.237135	-0.0115443	-0.280423	-0.555798	-0.8082	-1.02457	-1.19587	-1.28399	-1.27705	-1.20104	-1.06589	-0.869223	-0.620051	-0.348164	-0.0623373	0.234355	0.50778	0.742335	0.937648	1.08401	1.17978	1.23959	1.24305	1.16491	1.02893	0.853101	0.629866	0.362537	0.0793133	
1.12123	1.12123	1.02683	0.858498	0.637794	0.392557	0.158279	-0.0234058	-0.119001	-0.103792	0.02604	0.234821	0.458396	0.642373	0.766511	0.82751	0.831691	0.793161	0.711694	0.573083	0.390858	0.174656	-0.0701139	-0.324128	-0.582216	-0.828405	-1.03805	-1.19195	-1.27705	-1.29141	-1.23474	-1.1143	-0.944356	-0.73349	-0.48038	-0.191024	0.110692	0.397977	0.664274	0.894375	1.08187	1.22528	1.31553	1.33357	1.26915	1.12885	0.936965	0.702595	0.423878	0.123898	
1.16041	1.16041	1.06193	0.890094	0.664918	0.410679	0.169123	-0.0240453	-0.13127	-0.129149	-0.0118444	0.189751	0.411835	0.597982	0.732084	0.806144	0.814939	0.779071	0.696541	0.561367	0.390406	0.186308	-0.0458308	-0.285572	-0.529939	-0.767654	-0.968477	-1.11514	-1.20104	-1.23474	-1.20932	-1.12382	-0.999302	-0.831717	-0.609685	-0.336084	-0.0441537	0.247644	0.535764	0.7983	1.02113	1.20217	1.32422	1.36692	1.31944	1.18305	0.979896	0.735394	0.447862	0.145801	
1.10003	1.10003	1.01703	0.855389	0.64315	0.410024	0.179189	-0.00458383	-0.10657	-0.106824	-0.00170704	0.185955	0.401493	0.596084	0.738461	0.823573	0.851145	0.825312	0.746625	0.620627	0.462723	0.276842	0.0652736	-0.163914	-0.402221	-0.626759	-0.815202	-0.965169	-1.06589	-1.1143	-1.12382	-1.10269	-1.03152	-0.900934	-0.718896	-0.484935	-0.209456	0.0802018	0.375811	0.654548	0.898407	1.10326	1.25659	1.32542	1.29749	1.17898	0.987282	0.73623	0.447437	0.159932	
0.962559	0.962559	0.895269	0.750482	0.563538	0.367606	0.171034	0.015489	-0.0679498	-0.0608534	0.0417869	0.219835	0.425877	0.624423	0.775189	0.87417	0.921479	0.910636	0.843526	0.734794	0.58909	0.415196	0.226258	0.0175693	-0.209185	-0.422323	-0.599577	-0.7524	-0.869223	-0.944356	-0.999302	-1.03152	-1.00812	-0.924772	-0.7934	-0.607309	-0.367229	-0.0965488	0.187741	0.470062	0.727668	0.942701	1.11107	1.20637	1.20648	1.11314	0.940001	0.698052	0.424299	0.159757	
0.761697	0.761697	0.697133	0.567311	0.407775	0.254678	0.112811	0.00204767	-0.0442976	-0.0164407	0.0871731	0.262038	0.468934	0.663996	0.823148	0.939451	1.00289	1.01021	0.960395	0.863932	0.732891	0.581736	0.411181	0.221042	0.0184352	-0.175492	-0.345113	-0.492309	-0.620051	-0.73349	-0.831717	-0.900934	-0.924772	-0.898253	-0.823603	-0.692226	-0.503459	-0.267748	-0.00219911	0.268552	0.5206	0.740127	0.918693	1.033	1.06188	0.996921	0.844573	0.62519	0.369703	0.124304	
0.503026	0.503026	0.439632	0.329899	0.198949	0.0880383	0.00391111	-0.0511089	-0.0549005	0.00384369	0.116675	0.294055	0.497727	0.692467	0.86379	0.994517	1.06945	1.09189	1.05523	0.964706	0.852912	0.728695	0.582705	0.411453	0.236999	0.0702086	-0.081845	-0.218246	-0.348164	-0.48038	-0.609685	-0.718896	-0.7934	-0.823603	-0.803781	-0.728379	-0.593301	-0.401941	-0.165545	0.0755134	0.304815	0.521102	0.702993	0.824689	0.874912	0.83585	0.704938	0.505861	0.275386	0.0464448	
0.205033	0.205033	0.150218	0.0696968	-0.0205767	-0.0959178	-0.134643	-0.133589	-0.0892256	-0.0063002	0.121938	0.297021	0.491143	0.686855	0.872909	1.01492	1.10277	1.13459	1.10144	1.02236	0.927834	0.825613	0.704011	0.568683	0.427311	0.290593	0.167694	0.0555026	-0.0623373	-0.191024	-0.336084	-0.484935	-0.607309	-0.692226	-0.728379	-0.702464	-0.621257	-0.484148	-0.292152	-0.0808973	0.12101	0.315895	0.487531	0.606193	0.657877	0.632827	0.521101	0.346973	0.143904	-0.0589777	
-0.0905988	-0.0905988	-0.133245	-0.189439	-0.243441	-0.278524	-0.270032	-0.217463	-0.138287	-0.0366321	0.100518	0.265046	0.446007	0.640876	0.827938	0.981675	1.08924	1.12774	1.10297	1.04014	0.957432	0.867569	0.774209	0.674441	0.572045	0.477847	0.400852	0.328339	0.234355	0.110692	-0.0441537	-0.209456	-0.367229	-0.503459	-0.593301	-0.621257	-0.593903	-0.51243	-0.370031	-0.18918	-0.0155116	0.14303	0.28822	0.393205	0.432152	0.406521	0.314623	0.172548	0.00320661	-0.173412	
-0.33576	-0.33576	-0.364869	-0.403269	-0.427378	-0.42204	-0.37246	-0.283667	-0.176948	-0.0650686	0.0643309	0.209999	0.37839	0.563404	0.744139	0.899364	1.01269	1.06265	1.05567	1.00654	0.934587	0.861628	0.792104	0.727037	0.667772	0.626283	0.601745	0.571628	0.50778	0.397977	0.247644	0.0802018	-0.0965488	-0.267748	-0.401941	-0.484148	-0.51243	-0.480449	-0.386718	-0.24886	-0.113329	0.00623189	0.112283	0.192143	0.216832	0.187047	0.114078	0.000915505	-0.139902	-0.285541	
-0.492424	-0.492424	-0.505578	-0.526391	-0.527672	-0.489118	-0.409234	-0.303885	-0.190303	-0.0810484	0.0310089	0.154149	0.304935	0.470982	0.635254	0.781738	0.891033	0.941751	0.943362	0.91161	0.862483	0.813397	0.77329	0.743901	0.731706	0.746395	0.764188	0.76765	0.742335	0.664274	0.535764	0.375811	0.187741	-0.00219911	-0.165545	-0.292152	-0.370031	-0.386718	-0.343705	-0.263684	-0.18183	-0.108716	-0.0361888	0.0235445	0.0344507	-0.00370309	-0.0656987	-0.150438	-0.25873	-0.372351	
-0.564591	-0.564591	-0.564673	-0.566449	-0.547249	-0.489818	-0.395416	-0.285617	-0.17446	-0.0759049	0.0110586	0.10131	0.223012	0.365177	0.507484	0.63427	0.727755	0.77753	0.790055	0.776804	0.752153	0.732593	0.72549	0.731994	0.764258	0.824565	0.885152	0.92763	0.937648	0.894375	0.7983	0.654548	0.470062	0.268552	0.0755134	-0.0808973	-0.18918	-0.24886	-0.263684	-0.252068	-0.229268	-0.198543	-0.157536	-0.120006	-0.12161	-0.157916	-0.213501	-0.276622	-0.349149	-0.428174	
-0.574369	-0.574369	-0.565824	-0.547371	-0.51239	-0.446002	-0.348472	-0.236138	-0.13674	-0.0548734	0.00334623	0.0629993	0.145118	0.246051	0.351196	0.452917	0.529604	0.584271	0.618374	0.626832	0.624544	0.629944	0.647991	0.687397	0.758724	0.858869	0.960487	1.04104	1.08401	1.08187	1.02113	0.898407	0.727668	0.5206	0.304815	0.12101	-0.0155116	-0.113329	-0.18183	-0.229268	-0.252394	-0.256148	-0.245797	-0.2348	-0.248815	-0.288276	-0.337711	-0.378047	-0.41507	-0.464389	
-0.539726	-0.539726	-0.52514	-0.488345	-0.432642	-0.360059	-0.265879	-0.1597	-0.0735433	-0.0173987	0.0120662	0.0385543	0.0773818	0.128957	0.191002	0.257725	0.315186	0.375051	0.427145	0.459586	0.481748	0.507573	0.546086	0.616168	0.71983	0.851978	0.98363	1.09419	1.17978	1.22528	1.20217	1.10326	0.942701	0.740127	0.521102	0.315895	0.14303	0.00623189	-0.108716	-0.198543	-0.256148	-0.28784	-0.305442	-0.32406	-0.351554	-0.393495	-0.436937	-0.457442	-0.468165	-0.488941	
-0.481586	-0.481586	-0.451393	-0.400821	-0.329674	-0.243103	-0.149424	-0.054237	0.0153625	0.0414189	0.036212	0.0284974	0.0286366	0.0390928	0.0605783	0.0889023	0.121849	0.171632	0.228979	0.281564	0.329599	0.375542	0.441094	0.538251	0.664583	0.814285	0.96946	1.11608	1.23959	1.31553	1.32422	1.25659	1.11107	0.918693	0.702993	0.487531	0.28822	0.112283	-0.0361888	-0.157536	-0.245797	-0.305442	-0.348865	-0.385938	-0.419762	-0.459223	-0.494125	-0.503338	-0.498011	-0.495013	
-0.401958	-0.401958	-0.357972	-0.288396	-0.200666	-0.103854	-0.0132958	0.0709825	0.120104	0.12421	0.0956287	0.0577533	0.0220297	-0.000381931	-0.0189682	-0.0327991	-0.0298934	-0.00374217	0.0439231	0.109411	0.179083	0.244458	0.331263	0.44688	0.586104	0.748228	0.925629	1.10064	1.24305	1.33357	1.36692	1.32542	1.20637	1.033	0.824689	0.606193	0.393205	0.192143	0.0235445	-0.120006	-0.2348	-0.32406	-0.385938	-0.427572	-0.458207	-0.486903	-0.506883	-0.505692	-0.487798	-0.466982	
-0.290339	-0.290339	-0.234637	-0.148716	-0.0521569	0.047119	0.136235	0.207151	0.239478	0.233359	0.192942	0.135271	0.0771716	0.0243466	-0.040905	-0.105179	-0.140829	-0.139137	-0.105008	-0.044428	0.0287764	0.10681	0.209077	0.340221	0.491242	0.663371	0.847959	1.02287	1.16491	1.26915	1.31944	1.29749	1.20648	1.06188	0.874912	0.657877	0.432152	0.216832	0.0344507	-0.12161	-0.248815	-0.351554	-0.419762	-0.458207	-0.483778	-0.483681	-0.472857	-0.455936	-0.426636	-0.39906	
-0.158831	-0.158831	-0.101011	-0.0107217	0.0866511	0.184656	0.267252	0.329159	0.358603	0.352496	0.307914	0.246245	0.171345	0.0887107	-0.0108018	-0.115205	-0.197763	-0.228535	-0.215353	-0.170007	-0.105803	-0.0253972	0.0827547	0.22839	0.390835	0.56322	0.736556	0.896236	1.02893	1.12885	1.18305	1.17898	1.11314	0.996921	0.83585	0.632827	0.406521	0.187047	-0.00370309	-0.157916	-0.288276	-0.393495	-0.459223	-0.486903	-0.483681	-0.449478	-0.409976	-0.369465	-0.325891	-0.295473	
-0.0254168	-0.0254168	0.0287346	0.115917	0.208174	0.294375	0.366113	0.423639	0.457628	0.454328	0.417888	0.361755	0.277633	0.169362	0.0417516	-0.095949	-0.211882	-0.278234	-0.295842	-0.275561	-0.22579	-0.150901	-0.041519	0.101542	0.261601	0.430003	0.589331	0.731597	0.853101	0.936965	0.979896	0.987282	0.940001	0.844573	0.704938	0.521101	0.314623	0.114078	-0.0656987	-0.213501	-0.337711	-0.436937	-0.494125	-0.506883	-0.472857	-0.409976	-0.338454	-0.268206	-0.210052	-0.178391	
0.0920059	0.0920059	0.138424	0.214442	0.296601	0.367104	0.426808	0.477093	0.51825	0.523264	0.498026	0.446617	0.365693	0.242933	0.0879649	-0.0757399	-0.213344	-0.308805	-0.355469	-0.36373	-0.33712	-0.274505	-0.176241	-0.0496895	0.0992692	0.252688	0.394942	0.519992	0.629866	0.702595	0.735394	0.73623	0.698052	0.62519	0.505861	0.346973	0.172548	0.000915505	-0.150438	-0.276622	-0.378047	-0.457442	-0.503338	-0.505692	-0.455936	-0.369465	-0.268206	-0.172036	-0.109394	-0.0751533	
0.177232	0.177232	0.21974	0.280646	0.340315	0.395424	0.440992	0.488891	0.530386	0.548591	0.532519	0.482642	0.39325	0.269343	0.106481	-0.0707065	-0.228075	-0.347425	-0.418965	-0.454288	-0.452932	-0.41661	-0.339872	-0.230389	-0.0994328	0.0327061	0.157984	0.267353	0.362537	0.423878	0.447862	0.447437	0.424299	0.369703	0.275386	0.143904	0.00320661	-0.139902	-0.25873	-0.349149	-0.41507	-0.468165	-0.498011	-0.487798	-0.426636	-0.325891	-0.210052	-0.109394	-0.0321888	0.0136138	
0.222336	0.222336	0.256792	0.296629	0.335743	0.376949	0.412841	0.453763	0.489394	0.506017	0.497355	0.450246	0.358421	0.237167	0.0768406	-0.104832	-0.275735	-0.411413	-0.507963	-0.566973	-0.592581	-0.581084	-0.530877	-0.439418	-0.329849	-0.210592	-0.0913107	0.00630449	0.0793133	0.123898	0.145801	0.159932	0.159757	0.124304	0.0464448	-0.0589777	-0.173412	-0.285541	-0.372351	-0.428174	-0.464389	-0.488941	-0.495013	-0.466982	-0.39906	-0.295473	-0.178391	-0.0751533	0.0136138	0.074077	
