-1.43257	-1.43257	-1.3892	-1.30217	-1.18911	-1.06589	-0.93844	-0.786705	-0.584043	-0.331505	-0.057399	0.214902	0.447458	0.624423	0.741627	0.799464	0.791024	0.717334	0.574956	0.388779	0.201781	0.0769305	0.0489022	0.0929667	0.183563	0.298722	0.403407	0.459376	0.446518	0.36099	0.221161	0.0431373	-0.135829	-0.28657	-0.388859	-0.424458	-0.378984	-0.254604	-0.0687886	0.159429	0.412484	0.639348	0.786036	0.818925	0.753288	0.612578	0.422223	0.197738	-0.0429751	-0.277181	
-1.43257	-1.43257	-1.3892	-1.30217	-1.18911	-1.06589	-0.93844	-0.786705	-0.584043	-0.331505	-0.057399	0.214902	0.447458	0.624423	0.741627	0.799464	0.791024	0.717334	0.574956	0.388779	0.201781	0.0769305	0.0489022	0.0929667	0.183563	0.298722	0.403407	0.459376	0.446518	0.36099	0.221161	0.0431373	-0.135829	-0.28657	-0.388859	-0.424458	-0.378984	-0.254604	-0.0687886	0.159429	0.412484	0.639348	0.786036	0.818925	0.753288	0.612578	0.422223	0.197738	-0.0429751	-0.277181	
-1.3892	-1.3892	-1.34135	-1.24908	-1.13421	-1.01354	-0.883688	-0.727929	-0.532253	-0.284155	-0.0099364	0.258219	0.49245	0.674165	0.786428	0.834455	0.81954	0.745702	0.598715	0.404429	0.215348	0.0822696	0.0313631	0.0634236	0.146766	0.248853	0.342969	0.398025	0.386153	0.301908	0.163777	-0.00855289	-0.185707	-0.33931	-0.436538	-0.464199	-0.418807	-0.292223	-0.0982896	0.142574	0.398343	0.629525	0.781515	0.821451	0.7643	0.635329	0.454584	0.239518	0.0112588	-0.211781	
-1.30217	-1.30217	-1.24908	-1.16365	-1.05437	-0.935016	-0.802773	-0.638501	-0.436918	-0.191782	0.0781081	0.331706	0.556739	0.73685	0.849632	0.888096	0.864711	0.780454	0.629543	0.429256	0.233038	0.080927	0.00683807	0.00687252	0.0653416	0.15425	0.239978	0.285057	0.26644	0.18403	0.0504838	-0.118536	-0.288766	-0.429003	-0.519206	-0.541071	-0.48286	-0.344558	-0.137692	0.112579	0.3759	0.606355	0.761926	0.818061	0.784222	0.672194	0.509093	0.314636	0.114054	-0.0792631	
-1.18911	-1.18911	-1.13421	-1.05437	-0.947864	-0.829166	-0.702918	-0.536976	-0.328097	-0.0842022	0.17329	0.416456	0.634938	0.802982	0.901308	0.92639	0.88393	0.783649	0.630677	0.429939	0.230389	0.0673564	-0.0303561	-0.0640738	-0.0357032	0.0251882	0.0859925	0.113172	0.0838474	-0.00209697	-0.127981	-0.280576	-0.434636	-0.556564	-0.623101	-0.621444	-0.548279	-0.39761	-0.178091	0.0790411	0.34193	0.567244	0.725374	0.801477	0.796373	0.710934	0.58346	0.429508	0.265692	0.103371	
-1.06589	-1.06589	-1.01354	-0.935016	-0.829166	-0.713475	-0.59101	-0.423238	-0.211533	0.0214172	0.259264	0.491758	0.69773	0.841504	0.915109	0.917716	0.848081	0.735626	0.585374	0.390332	0.19421	0.0315827	-0.0843164	-0.144325	-0.149528	-0.124691	-0.0994222	-0.101525	-0.150378	-0.243011	-0.362304	-0.496891	-0.627922	-0.721058	-0.745451	-0.705067	-0.605886	-0.438272	-0.209368	0.0504574	0.30164	0.517348	0.674106	0.762715	0.788065	0.74789	0.669253	0.568255	0.448074	0.316319	
-0.93844	-0.93844	-0.883688	-0.802773	-0.702918	-0.59101	-0.462344	-0.290427	-0.0840331	0.131303	0.343629	0.547122	0.716994	0.830308	0.876349	0.851554	0.76088	0.640363	0.4922	0.315363	0.13373	-0.0233247	-0.14434	-0.225771	-0.269314	-0.281706	-0.28574	-0.321531	-0.401649	-0.505691	-0.62103	-0.745528	-0.846973	-0.900088	-0.88806	-0.804365	-0.664154	-0.470242	-0.230428	0.0291631	0.268378	0.467936	0.620112	0.720532	0.771072	0.776886	0.753105	0.702804	0.631391	0.544875	
-0.786705	-0.786705	-0.727929	-0.638501	-0.536976	-0.423238	-0.290427	-0.130766	0.0537511	0.245743	0.428175	0.588219	0.713207	0.788605	0.796664	0.737592	0.636687	0.512888	0.368874	0.211158	0.051782	-0.0921013	-0.207839	-0.305273	-0.378149	-0.425476	-0.469544	-0.541279	-0.645341	-0.76374	-0.880358	-0.994335	-1.07439	-1.09299	-1.03678	-0.909219	-0.724758	-0.503459	-0.25157	0.00224018	0.232842	0.421288	0.571177	0.678582	0.751657	0.800632	0.832019	0.83446	0.808539	0.764437	
-0.584043	-0.584043	-0.532253	-0.436918	-0.328097	-0.211533	-0.0840331	0.0537511	0.205018	0.365988	0.50569	0.618094	0.698218	0.735137	0.700986	0.613274	0.498542	0.375006	0.236654	0.0989638	-0.0370361	-0.159919	-0.271352	-0.374194	-0.469928	-0.555961	-0.643102	-0.743013	-0.863539	-1.00039	-1.12669	-1.22817	-1.29262	-1.29044	-1.19346	-1.01866	-0.796721	-0.542651	-0.284064	-0.03577	0.185967	0.367007	0.510722	0.628047	0.726058	0.815859	0.894372	0.943106	0.959417	0.953178	
-0.331505	-0.331505	-0.284155	-0.191782	-0.0842022	0.0214172	0.131303	0.245743	0.365988	0.479624	0.576324	0.646945	0.682215	0.670846	0.602547	0.489033	0.365811	0.244538	0.120901	0.00250864	-0.111556	-0.215938	-0.314393	-0.4238	-0.540448	-0.651744	-0.769702	-0.899667	-1.04091	-1.18953	-1.32327	-1.42681	-1.48072	-1.45334	-1.3309	-1.13274	-0.878321	-0.598133	-0.334035	-0.0968543	0.117356	0.29533	0.435274	0.557955	0.683721	0.812958	0.926432	1.01525	1.07377	1.102	
-0.057399	-0.057399	-0.0099364	0.0781081	0.17329	0.259264	0.343629	0.428175	0.50569	0.576324	0.633654	0.665939	0.658576	0.604511	0.504892	0.375506	0.244787	0.124571	0.0158427	-0.0825097	-0.167566	-0.251855	-0.339503	-0.44607	-0.57318	-0.7172	-0.863144	-1.0125	-1.17134	-1.33047	-1.47109	-1.57713	-1.62365	-1.58565	-1.45251	-1.23147	-0.958552	-0.672145	-0.40205	-0.171722	0.0269168	0.197082	0.342863	0.475869	0.621418	0.774522	0.915686	1.03306	1.12616	1.18735	
0.214902	0.214902	0.258219	0.331706	0.416456	0.491758	0.547122	0.588219	0.618094	0.646945	0.665939	0.658033	0.613659	0.526936	0.408173	0.271263	0.13311	0.0169156	-0.0708092	-0.148237	-0.210842	-0.271723	-0.342274	-0.439199	-0.573467	-0.735295	-0.899988	-1.06766	-1.23823	-1.40095	-1.54967	-1.66596	-1.71438	-1.67196	-1.53257	-1.30485	-1.02328	-0.736848	-0.472517	-0.250596	-0.0697858	0.0912578	0.239924	0.38238	0.543991	0.710827	0.867959	1.00496	1.11712	1.2002	
0.447458	0.447458	0.49245	0.556739	0.634938	0.69773	0.716994	0.713207	0.698218	0.682215	0.658576	0.613659	0.54057	0.437378	0.304735	0.165898	0.0320904	-0.0706751	-0.139717	-0.19092	-0.232826	-0.270653	-0.323965	-0.413241	-0.5454	-0.703376	-0.871122	-1.04897	-1.22661	-1.39497	-1.55305	-1.67763	-1.7307	-1.69155	-1.5617	-1.34647	-1.07718	-0.791186	-0.53483	-0.322005	-0.152059	-0.00254313	0.143198	0.295089	0.455557	0.619	0.782786	0.930419	1.05104	1.14566	
0.624423	0.624423	0.674165	0.73685	0.802982	0.841504	0.830308	0.788605	0.735137	0.670846	0.604511	0.526936	0.437378	0.324732	0.195195	0.064377	-0.0494078	-0.134591	-0.185083	-0.215271	-0.236264	-0.256955	-0.296384	-0.373469	-0.486172	-0.629475	-0.799992	-0.977394	-1.15443	-1.33462	-1.50254	-1.63341	-1.69731	-1.67134	-1.54945	-1.35329	-1.10469	-0.836185	-0.590174	-0.392145	-0.23132	-0.0890907	0.0500423	0.19873	0.353151	0.508558	0.663171	0.808788	0.930188	1.02712	
0.741627	0.741627	0.786428	0.849632	0.901308	0.915109	0.876349	0.796664	0.700986	0.602547	0.504892	0.408173	0.304735	0.195195	0.0867969	-0.0204596	-0.113081	-0.174573	-0.20979	-0.219136	-0.211968	-0.21467	-0.244528	-0.302084	-0.3983	-0.534055	-0.696505	-0.865762	-1.04607	-1.23749	-1.41627	-1.55084	-1.62299	-1.61297	-1.50858	-1.32907	-1.10158	-0.856156	-0.629184	-0.446382	-0.303484	-0.173594	-0.0403867	0.095968	0.233666	0.375399	0.512871	0.641165	0.758691	0.856838	
0.799464	0.799464	0.834455	0.888096	0.92639	0.917716	0.851554	0.737592	0.613274	0.489033	0.375506	0.271263	0.165898	0.064377	-0.0204596	-0.099419	-0.160813	-0.190882	-0.196878	-0.179521	-0.156417	-0.147561	-0.164772	-0.20819	-0.29364	-0.414742	-0.560451	-0.730171	-0.923477	-1.11978	-1.30112	-1.44429	-1.51872	-1.51023	-1.42444	-1.26731	-1.05953	-0.838954	-0.636222	-0.46568	-0.335086	-0.222449	-0.111734	-0.00188953	0.106719	0.224699	0.344635	0.462641	0.568615	0.655151	
0.791024	0.791024	0.81954	0.864711	0.88393	0.848081	0.76088	0.636687	0.498542	0.365811	0.244787	0.13311	0.0320904	-0.0494078	-0.113081	-0.160813	-0.183692	-0.179915	-0.151454	-0.114235	-0.0834516	-0.0641928	-0.0687082	-0.108631	-0.183312	-0.292568	-0.428208	-0.59469	-0.793816	-0.998359	-1.18041	-1.31609	-1.38611	-1.3821	-1.30563	-1.16036	-0.971333	-0.774183	-0.589279	-0.433422	-0.307442	-0.212184	-0.133372	-0.0570117	0.0146868	0.0962681	0.193193	0.295307	0.388394	0.458873	
0.717334	0.717334	0.745702	0.780454	0.783649	0.735626	0.640363	0.512888	0.375006	0.244538	0.124571	0.0169156	-0.0706751	-0.134591	-0.174573	-0.190882	-0.179915	-0.146644	-0.0972298	-0.0525534	-0.0168473	0.0124654	0.0156952	-0.0208209	-0.0847634	-0.174745	-0.300939	-0.46368	-0.655666	-0.856816	-1.0318	-1.15397	-1.21852	-1.21653	-1.14244	-1.01029	-0.841824	-0.661545	-0.490562	-0.345116	-0.224925	-0.138428	-0.0863776	-0.0474447	-0.0111403	0.0326318	0.095912	0.171572	0.244752	0.295919	
0.574956	0.574956	0.598715	0.629543	0.630677	0.585374	0.4922	0.368874	0.236654	0.120901	0.0158427	-0.0708092	-0.139717	-0.185083	-0.20979	-0.196878	-0.151454	-0.0972298	-0.0488842	-0.00562175	0.026246	0.0475869	0.0550337	0.0335779	-0.00818582	-0.0707773	-0.171237	-0.317927	-0.494958	-0.682172	-0.845501	-0.95518	-1.01225	-1.01152	-0.949144	-0.835545	-0.689166	-0.525994	-0.365659	-0.219571	-0.0989652	-0.0187628	0.0221327	0.0280995	0.0213542	0.0261069	0.0570121	0.10203	0.143765	0.164346	
0.388779	0.388779	0.404429	0.429256	0.429939	0.390332	0.315363	0.211158	0.0989638	0.00250864	-0.0825097	-0.148237	-0.19092	-0.215271	-0.219136	-0.179521	-0.114235	-0.0525534	-0.00562175	0.0257249	0.0309687	0.0322668	0.0423829	0.0521647	0.0473602	0.0203311	-0.0412906	-0.154237	-0.309262	-0.473405	-0.618659	-0.72045	-0.773198	-0.778626	-0.733925	-0.642989	-0.523179	-0.385214	-0.239255	-0.0868688	0.0457195	0.130639	0.159711	0.1428	0.10568	0.0768702	0.0669687	0.0734001	0.069019	0.0497657	
0.201781	0.201781	0.215348	0.233038	0.230389	0.19421	0.13373	0.051782	-0.0370361	-0.111556	-0.167566	-0.210842	-0.232826	-0.236264	-0.211968	-0.156417	-0.0834516	-0.0168473	0.026246	0.0309687	0.0124437	0.00400565	0.0155389	0.048175	0.0802577	0.100614	0.086521	0.0195247	-0.101626	-0.235754	-0.359653	-0.451926	-0.507393	-0.525116	-0.50436	-0.445891	-0.353756	-0.238386	-0.0989403	0.0541491	0.190127	0.285797	0.313754	0.285079	0.230174	0.172152	0.112239	0.0677595	0.0192807	-0.0403592	
0.0769305	0.0769305	0.0822696	0.080927	0.0673564	0.0315827	-0.0233247	-0.0921013	-0.159919	-0.215938	-0.251855	-0.271723	-0.270653	-0.256955	-0.21467	-0.147561	-0.0641928	0.0124654	0.0475869	0.0322668	0.00400565	-0.0132584	-0.00442219	0.0486681	0.122097	0.189857	0.218854	0.193485	0.114891	0.015407	-0.0883581	-0.177174	-0.244001	-0.275523	-0.27884	-0.248099	-0.18491	-0.0907635	0.0452734	0.204016	0.343743	0.443406	0.47433	0.44246	0.374921	0.289464	0.188369	0.0968116	-0.000770066	-0.106479	
0.0489022	0.0489022	0.0313631	0.00683807	-0.0303561	-0.0843164	-0.14434	-0.207839	-0.271352	-0.314393	-0.339503	-0.342274	-0.323965	-0.296384	-0.244528	-0.164772	-0.0687082	0.0156952	0.0550337	0.0423829	0.0155389	-0.00442219	0.0148163	0.0851708	0.192399	0.294909	0.358316	0.368655	0.327908	0.253344	0.162414	0.0731498	-0.00126231	-0.0511315	-0.0782311	-0.0739837	-0.0303873	0.0513905	0.183767	0.342161	0.493352	0.59639	0.630285	0.598519	0.518167	0.405929	0.277814	0.141807	-0.00480701	-0.159328	
0.0929667	0.0929667	0.0634236	0.00687252	-0.0640738	-0.144325	-0.225771	-0.305273	-0.374194	-0.4238	-0.44607	-0.439199	-0.413241	-0.373469	-0.302084	-0.20819	-0.108631	-0.0208209	0.0335779	0.0521647	0.048175	0.0486681	0.0851708	0.173512	0.305478	0.432338	0.513934	0.542471	0.52517	0.467655	0.380534	0.285196	0.199673	0.135051	0.0924452	0.0736382	0.0937019	0.175485	0.308278	0.466081	0.614623	0.716097	0.752785	0.724253	0.6348	0.498694	0.341227	0.164943	-0.0239219	-0.215509	
0.183563	0.183563	0.146766	0.0653416	-0.0357032	-0.149528	-0.269314	-0.378149	-0.469928	-0.540448	-0.57318	-0.573467	-0.5454	-0.486172	-0.3983	-0.29364	-0.183312	-0.0847634	-0.00818582	0.0473602	0.0802577	0.122097	0.192399	0.305478	0.451744	0.586266	0.676507	0.71878	0.709889	0.653652	0.560041	0.455282	0.357608	0.277628	0.220591	0.187364	0.200624	0.277619	0.402639	0.549955	0.682003	0.779906	0.818723	0.784842	0.682436	0.532607	0.351296	0.143125	-0.0754798	-0.284069	
0.298722	0.298722	0.248853	0.15425	0.0251882	-0.124691	-0.281706	-0.425476	-0.555961	-0.651744	-0.7172	-0.735295	-0.703376	-0.629475	-0.534055	-0.414742	-0.292568	-0.174745	-0.0707773	0.0203311	0.100614	0.189857	0.294909	0.432338	0.586266	0.725904	0.823503	0.869468	0.862141	0.809725	0.704981	0.581358	0.464573	0.370428	0.299855	0.257886	0.268218	0.335571	0.445785	0.572861	0.686782	0.774705	0.806584	0.76311	0.650831	0.496024	0.301915	0.0751136	-0.158743	-0.367125	
0.403407	0.403407	0.342969	0.239978	0.0859925	-0.0994222	-0.28574	-0.469544	-0.643102	-0.769702	-0.863144	-0.899988	-0.871122	-0.799992	-0.696505	-0.560451	-0.428208	-0.300939	-0.171237	-0.0412906	0.086521	0.218854	0.358316	0.513934	0.676507	0.823503	0.927993	0.981335	0.979938	0.924265	0.809627	0.66535	0.528471	0.41589	0.328766	0.28147	0.286023	0.338809	0.430563	0.530825	0.623821	0.693758	0.711388	0.667398	0.56339	0.407986	0.205307	-0.0218631	-0.246808	-0.443336	
0.459376	0.459376	0.398025	0.285057	0.113172	-0.101525	-0.321531	-0.541279	-0.743013	-0.899667	-1.0125	-1.06766	-1.04897	-0.977394	-0.865762	-0.730171	-0.59469	-0.46368	-0.317927	-0.154237	0.0195247	0.193485	0.368655	0.542471	0.71878	0.869468	0.981335	1.0489	1.05879	1.0018	0.88057	0.717516	0.555243	0.419741	0.316344	0.268257	0.267905	0.306315	0.375634	0.448373	0.515648	0.559835	0.569084	0.528684	0.439657	0.291479	0.0907077	-0.128888	-0.337283	-0.509696	
0.446518	0.446518	0.386153	0.26644	0.0838474	-0.150378	-0.401649	-0.645341	-0.863539	-1.04091	-1.17134	-1.23823	-1.22661	-1.15443	-1.04607	-0.923477	-0.793816	-0.655666	-0.494958	-0.309262	-0.101626	0.114891	0.327908	0.52517	0.709889	0.862141	0.979938	1.05879	1.08006	1.03144	0.908848	0.732936	0.548859	0.391991	0.281275	0.233823	0.235531	0.264051	0.308075	0.355558	0.396888	0.41937	0.417473	0.377024	0.295179	0.157179	-0.0308075	-0.238942	-0.432376	-0.580343	
0.36099	0.36099	0.301908	0.18403	-0.00209697	-0.243011	-0.505691	-0.76374	-1.00039	-1.18953	-1.33047	-1.40095	-1.39497	-1.33462	-1.23749	-1.11978	-0.998359	-0.856816	-0.682172	-0.473405	-0.235754	0.015407	0.253344	0.467655	0.653652	0.809725	0.924265	1.0018	1.03144	0.993064	0.874139	0.704419	0.512397	0.346203	0.240065	0.192417	0.195493	0.222927	0.252023	0.281119	0.298249	0.297484	0.274179	0.228186	0.147832	0.0138668	-0.165407	-0.352863	-0.525203	-0.650903	
0.221161	0.221161	0.163777	0.0504838	-0.127981	-0.362304	-0.62103	-0.880358	-1.12669	-1.32327	-1.47109	-1.54967	-1.55305	-1.50254	-1.41627	-1.30112	-1.18041	-1.0318	-0.845501	-0.618659	-0.359653	-0.0883581	0.162414	0.380534	0.560041	0.704981	0.809627	0.88057	0.908848	0.874139	0.769294	0.619251	0.441134	0.283106	0.184122	0.146376	0.159728	0.191194	0.211978	0.224203	0.219215	0.196345	0.146201	0.0818538	-0.00757231	-0.141099	-0.310149	-0.479335	-0.626381	-0.720097	
0.0431373	0.0431373	-0.00855289	-0.118536	-0.280576	-0.496891	-0.745528	-0.994335	-1.22817	-1.42681	-1.57713	-1.66596	-1.67763	-1.63341	-1.55084	-1.44429	-1.31609	-1.15397	-0.95518	-0.72045	-0.451926	-0.177174	0.0731498	0.285196	0.455282	0.581358	0.66535	0.717516	0.732936	0.704419	0.619251	0.483999	0.331453	0.202633	0.126481	0.111983	0.139315	0.172758	0.191102	0.190224	0.164801	0.117699	0.0449494	-0.0488513	-0.155411	-0.288805	-0.446814	-0.603433	-0.72342	-0.780056	
-0.135829	-0.135829	-0.185707	-0.288766	-0.434636	-0.627922	-0.846973	-1.07439	-1.29262	-1.48072	-1.62365	-1.71438	-1.7307	-1.69731	-1.62299	-1.51872	-1.38611	-1.21852	-1.01225	-0.773198	-0.507393	-0.244001	-0.00126231	0.199673	0.357608	0.464573	0.528471	0.555243	0.548859	0.512397	0.441134	0.331453	0.220978	0.138279	0.0975627	0.111373	0.149854	0.185654	0.207	0.196402	0.152787	0.0789706	-0.0182481	-0.134132	-0.254322	-0.396955	-0.553569	-0.693337	-0.788556	-0.823324	
-0.28657	-0.28657	-0.33931	-0.429003	-0.556564	-0.721058	-0.900088	-1.09299	-1.29044	-1.45334	-1.58565	-1.67196	-1.69155	-1.67134	-1.61297	-1.51023	-1.3821	-1.21653	-1.01152	-0.778626	-0.525116	-0.275523	-0.0511315	0.135051	0.277628	0.370428	0.41589	0.419741	0.391991	0.346203	0.283106	0.202633	0.138279	0.107985	0.112727	0.150715	0.200226	0.243559	0.271489	0.25237	0.188033	0.0957741	-0.0189369	-0.148417	-0.283507	-0.436397	-0.592123	-0.718223	-0.80001	-0.830629	
-0.388859	-0.388859	-0.436538	-0.519206	-0.623101	-0.745451	-0.88806	-1.03678	-1.19346	-1.3309	-1.45251	-1.53257	-1.5617	-1.54945	-1.50858	-1.42444	-1.30563	-1.14244	-0.949144	-0.733925	-0.50436	-0.27884	-0.0782311	0.0924452	0.220591	0.299855	0.328766	0.316344	0.281275	0.240065	0.184122	0.126481	0.0975627	0.112727	0.160315	0.217565	0.275635	0.325041	0.354336	0.336228	0.264161	0.163156	0.0398493	-0.102443	-0.253856	-0.407176	-0.550398	-0.671817	-0.752095	-0.785882	
-0.424458	-0.424458	-0.464199	-0.541071	-0.621444	-0.705067	-0.804365	-0.909219	-1.01866	-1.13274	-1.23147	-1.30485	-1.34647	-1.35329	-1.32907	-1.26731	-1.16036	-1.01029	-0.835545	-0.642989	-0.445891	-0.248099	-0.0739837	0.0736382	0.187364	0.257886	0.28147	0.268257	0.233823	0.192417	0.146376	0.111983	0.111373	0.150715	0.217565	0.28239	0.342675	0.398988	0.427847	0.417969	0.354966	0.256202	0.127689	-0.0243586	-0.182354	-0.330271	-0.461922	-0.573612	-0.651705	-0.685516	
-0.378984	-0.378984	-0.418807	-0.48286	-0.548279	-0.605886	-0.664154	-0.724758	-0.796721	-0.878321	-0.958552	-1.02328	-1.07718	-1.10469	-1.10158	-1.05953	-0.971333	-0.841824	-0.689166	-0.523179	-0.353756	-0.18491	-0.0303873	0.0937019	0.200624	0.268218	0.286023	0.267905	0.235531	0.195493	0.159728	0.139315	0.149854	0.200226	0.275635	0.342675	0.395426	0.445924	0.478726	0.477388	0.437371	0.347795	0.219953	0.0684962	-0.0870786	-0.232407	-0.354746	-0.45814	-0.527735	-0.560032	
-0.254604	-0.254604	-0.292223	-0.344558	-0.39761	-0.438272	-0.470242	-0.503459	-0.542651	-0.598133	-0.672145	-0.736848	-0.791186	-0.836185	-0.856156	-0.838954	-0.774183	-0.661545	-0.525994	-0.385214	-0.238386	-0.0907635	0.0513905	0.175485	0.277619	0.335571	0.338809	0.306315	0.264051	0.222927	0.191194	0.172758	0.185654	0.243559	0.325041	0.398988	0.445924	0.47958	0.506267	0.517273	0.502328	0.432324	0.312709	0.166441	0.0157452	-0.122362	-0.23947	-0.336211	-0.402395	-0.431222	
-0.0687886	-0.0687886	-0.0982896	-0.137692	-0.178091	-0.209368	-0.230428	-0.25157	-0.284064	-0.334035	-0.40205	-0.472517	-0.53483	-0.590174	-0.629184	-0.636222	-0.589279	-0.490562	-0.365659	-0.239255	-0.0989403	0.0452734	0.183767	0.308278	0.402639	0.445785	0.430563	0.375634	0.308075	0.252023	0.211978	0.191102	0.207	0.271489	0.354336	0.427847	0.478726	0.506267	0.53393	0.553566	0.549448	0.50166	0.404987	0.270482	0.127918	-0.00148284	-0.117539	-0.21085	-0.272009	-0.295177	
0.159429	0.159429	0.142574	0.112579	0.0790411	0.0504574	0.0291631	0.00224018	-0.03577	-0.0968543	-0.171722	-0.250596	-0.322005	-0.392145	-0.446382	-0.46568	-0.433422	-0.345116	-0.219571	-0.0868688	0.0541491	0.204016	0.342161	0.466081	0.549955	0.572861	0.530825	0.448373	0.355558	0.281119	0.224203	0.190224	0.196402	0.25237	0.336228	0.417969	0.477388	0.517273	0.553566	0.584872	0.591775	0.565844	0.486832	0.368059	0.240958	0.121758	0.00829999	-0.0773023	-0.134743	-0.155636	
0.412484	0.412484	0.398343	0.3759	0.34193	0.30164	0.268378	0.232842	0.185967	0.117356	0.0269168	-0.0697858	-0.152059	-0.23132	-0.303484	-0.335086	-0.307442	-0.224925	-0.0989652	0.0457195	0.190127	0.343743	0.493352	0.614623	0.682003	0.686782	0.623821	0.515648	0.396888	0.298249	0.219215	0.164801	0.152787	0.188033	0.264161	0.354966	0.437371	0.502328	0.549448	0.591775	0.620563	0.613275	0.550431	0.446464	0.332753	0.231488	0.13799	0.062242	0.00615315	-0.0143668	
0.639348	0.639348	0.629525	0.606355	0.567244	0.517348	0.467936	0.421288	0.367007	0.29533	0.197082	0.0912578	-0.00254313	-0.0890907	-0.173594	-0.222449	-0.212184	-0.138428	-0.0187628	0.130639	0.285797	0.443406	0.59639	0.716097	0.779906	0.774705	0.693758	0.559835	0.41937	0.297484	0.196345	0.117699	0.0789706	0.0957741	0.163156	0.256202	0.347795	0.432324	0.50166	0.565844	0.613275	0.621262	0.576399	0.493207	0.402903	0.325544	0.258566	0.196099	0.148067	0.130924	
0.786036	0.786036	0.781515	0.761926	0.725374	0.674106	0.620112	0.571177	0.510722	0.435274	0.342863	0.239924	0.143198	0.0500423	-0.0403867	-0.111734	-0.133372	-0.0863776	0.0221327	0.159711	0.313754	0.47433	0.630285	0.752785	0.818723	0.806584	0.711388	0.569084	0.417473	0.274179	0.146201	0.0449494	-0.0182481	-0.0189369	0.0398493	0.127689	0.219953	0.312709	0.404987	0.486832	0.550431	0.576399	0.552985	0.501813	0.45265	0.408167	0.366511	0.324061	0.293623	0.276315	
0.818925	0.818925	0.821451	0.818061	0.801477	0.762715	0.720532	0.678582	0.628047	0.557955	0.475869	0.38238	0.295089	0.19873	0.095968	-0.00188953	-0.0570117	-0.0474447	0.0280995	0.1428	0.285079	0.44246	0.598519	0.724253	0.784842	0.76311	0.667398	0.528684	0.377024	0.228186	0.0818538	-0.0488513	-0.134132	-0.148417	-0.102443	-0.0243586	0.0684962	0.166441	0.270482	0.368059	0.446464	0.493207	0.501813	0.495825	0.488576	0.479998	0.472377	0.462309	0.442585	0.419782	
0.753288	0.753288	0.7643	0.784222	0.796373	0.788065	0.771072	0.751657	0.726058	0.683721	0.621418	0.543991	0.455557	0.353151	0.233666	0.106719	0.0146868	-0.0111403	0.0213542	0.10568	0.230174	0.374921	0.518167	0.6348	0.682436	0.650831	0.56339	0.439657	0.295179	0.147832	-0.00757231	-0.155411	-0.254322	-0.283507	-0.253856	-0.182354	-0.0870786	0.0157452	0.127918	0.240958	0.332753	0.402903	0.45265	0.488576	0.518939	0.553844	0.585245	0.606656	0.601943	0.573417	
0.612578	0.612578	0.635329	0.672194	0.710934	0.74789	0.776886	0.800632	0.815859	0.812958	0.774522	0.710827	0.619	0.508558	0.375399	0.224699	0.0962681	0.0326318	0.0261069	0.0768702	0.172152	0.289464	0.405929	0.498694	0.532607	0.496024	0.407986	0.291479	0.157179	0.0138668	-0.141099	-0.288805	-0.396955	-0.436397	-0.407176	-0.330271	-0.232407	-0.122362	-0.00148284	0.121758	0.231488	0.325544	0.408167	0.479998	0.553844	0.631479	0.698393	0.744332	0.754366	0.726749	
0.422223	0.422223	0.454584	0.509093	0.58346	0.669253	0.753105	0.832019	0.894372	0.926432	0.915686	0.867959	0.782786	0.663171	0.512871	0.344635	0.193193	0.095912	0.0570121	0.0669687	0.112239	0.188369	0.277814	0.341227	0.351296	0.301915	0.205307	0.0907077	-0.0308075	-0.165407	-0.310149	-0.446814	-0.553569	-0.592123	-0.550398	-0.461922	-0.354746	-0.23947	-0.117539	0.00829999	0.13799	0.258566	0.366511	0.472377	0.585245	0.698393	0.794462	0.860543	0.879753	0.856435	
0.197738	0.197738	0.239518	0.314636	0.429508	0.568255	0.702804	0.83446	0.943106	1.01525	1.03306	1.00496	0.930419	0.808788	0.641165	0.462641	0.295307	0.171572	0.10203	0.0734001	0.0677595	0.0968116	0.141807	0.164943	0.143125	0.0751136	-0.0218631	-0.128888	-0.238942	-0.352863	-0.479335	-0.603433	-0.693337	-0.718223	-0.671817	-0.573612	-0.45814	-0.336211	-0.21085	-0.0773023	0.062242	0.196099	0.324061	0.462309	0.606656	0.744332	0.860543	0.935021	0.962321	0.952054	
-0.0429751	-0.0429751	0.0112588	0.114054	0.265692	0.448074	0.631391	0.808539	0.959417	1.07377	1.12616	1.11712	1.05104	0.930188	0.758691	0.568615	0.388394	0.244752	0.143765	0.069019	0.0192807	-0.000770066	-0.00480701	-0.0239219	-0.0754798	-0.158743	-0.246808	-0.337283	-0.432376	-0.525203	-0.626381	-0.72342	-0.788556	-0.80001	-0.752095	-0.651705	-0.527735	-0.402395	-0.272009	-0.134743	0.00615315	0.148067	0.293623	0.442585	0.601943	0.754366	0.879753	0.962321	1.00659	1.01501	
-0.277181	-0.277181	-0.211781	-0.0792631	0.103371	0.316319	0.544875	0.764437	0.953178	1.102	1.18735	1.2002	1.14566	1.02712	0.856838	0.655151	0.458873	0.295919	0.164346	0.0497657	-0.0403592	-0.106479	-0.159328	-0.215509	-0.284069	-0.367125	-0.443336	-0.509696	-0.580343	-0.650903	-0.720097	-0.780056	-0.823324	-0.830629	-0.785882	-0.685516	-0.560032	-0.431222	-0.295177	-0.155636	-0.0143668	0.130924	0.276315	0.419782	0.573417	0.726749	0.856435	0.952054	1.01501	1.04115	
