0.258457	0.305707	0.323145	0.29872	0.233431	0.161197	0.0842773	0.0140312	-0.0428378	-0.0766495	-0.0747517	-0.0605986	-0.0509071	-0.0529191	-0.084533	-0.153328	-0.264203	-0.396352	-0.506949	-0.572159	-0.576767	-0.528097	-0.447393	-0.34915	-0.246121	-0.136935	-0.0310596	0.0687582	0.162899	0.234795	0.312739	0.393743	0.461656	0.516029	0.53849	0.526871	0.484046	0.407347	0.292508	0.159404	0.0369884	-0.036944	-0.0426446	0.0129528	0.113853	0.223209	0.317565	0.384165	0.417889	0.417889	
0.305707	0.345234	0.363265	0.334128	0.266765	0.18606	0.103901	0.0260902	-0.0352517	-0.0759378	-0.0815883	-0.0701992	-0.0611526	-0.0638798	-0.106496	-0.191767	-0.322304	-0.471165	-0.599235	-0.679226	-0.692011	-0.648477	-0.56775	-0.467676	-0.366703	-0.262097	-0.154137	-0.0496372	0.0524563	0.146729	0.246831	0.354046	0.450533	0.522332	0.557137	0.551956	0.519386	0.454726	0.351174	0.230997	0.116739	0.0490422	0.0512459	0.112191	0.212657	0.322345	0.419397	0.491488	0.53159	0.53159	
0.323145	0.363265	0.385024	0.356124	0.291915	0.21544	0.132074	0.0539661	-0.013011	-0.0533547	-0.0601113	-0.0515389	-0.0455455	-0.0587876	-0.116892	-0.218917	-0.364649	-0.531977	-0.678556	-0.774614	-0.795296	-0.748093	-0.657953	-0.545318	-0.441368	-0.335119	-0.221336	-0.111799	0.000452798	0.108258	0.221015	0.342636	0.454905	0.538829	0.586321	0.594978	0.573346	0.51563	0.416275	0.299944	0.188763	0.118891	0.114062	0.166344	0.257385	0.363482	0.465475	0.544298	0.586388	0.586388	
0.29872	0.334128	0.356124	0.339233	0.303157	0.249039	0.178511	0.102032	0.0330347	-0.00579613	-0.0107064	-0.00613301	-0.00608409	-0.0233788	-0.0878262	-0.196888	-0.353717	-0.536383	-0.703592	-0.811341	-0.836412	-0.785796	-0.679056	-0.553844	-0.442442	-0.329764	-0.216491	-0.112	-0.00144307	0.107657	0.224188	0.356745	0.479012	0.567209	0.619563	0.628879	0.604717	0.551067	0.460798	0.348764	0.237356	0.162417	0.140239	0.174035	0.253388	0.354251	0.457938	0.539069	0.584593	0.584593	
0.233431	0.266765	0.291915	0.303157	0.297152	0.274027	0.224748	0.160591	0.110319	0.0851682	0.0799474	0.0807507	0.0749568	0.0542359	-0.00470363	-0.11367	-0.270959	-0.45605	-0.629135	-0.74155	-0.772613	-0.724102	-0.61258	-0.482065	-0.362038	-0.248896	-0.143451	-0.0512242	0.0408239	0.139235	0.248697	0.374122	0.495185	0.581172	0.626605	0.63644	0.611096	0.555176	0.469347	0.355706	0.247	0.171605	0.136357	0.15603	0.214312	0.297041	0.39428	0.476465	0.531482	0.531482	
0.161197	0.18606	0.21544	0.249039	0.274027	0.282596	0.26753	0.240153	0.21993	0.219376	0.223483	0.226134	0.221174	0.199305	0.139825	0.0321491	-0.118254	-0.294749	-0.457327	-0.569183	-0.606507	-0.566784	-0.460233	-0.329491	-0.207311	-0.0965536	-0.00724443	0.0621133	0.126724	0.199296	0.286943	0.3915	0.493644	0.561356	0.594558	0.601094	0.574665	0.520679	0.438694	0.332763	0.229766	0.149521	0.104329	0.103671	0.141095	0.207852	0.29384	0.371572	0.414604	0.414604	
0.0842773	0.103901	0.132074	0.178511	0.224748	0.26753	0.30149	0.322765	0.349012	0.379324	0.410394	0.432336	0.437033	0.413213	0.353471	0.242988	0.0961509	-0.0667721	-0.219267	-0.324047	-0.362538	-0.325769	-0.225579	-0.097415	0.0221756	0.120829	0.18609	0.222472	0.250211	0.28207	0.335368	0.402639	0.466471	0.507484	0.522299	0.520571	0.492713	0.446193	0.375824	0.277996	0.183388	0.105529	0.0508245	0.0309379	0.0453061	0.0893529	0.156906	0.226259	0.268317	0.268317	
0.0140312	0.0260902	0.0539661	0.102032	0.160591	0.240153	0.322765	0.396992	0.476506	0.555496	0.631193	0.686377	0.703007	0.679872	0.612487	0.494918	0.348765	0.195474	0.0594652	-0.0308744	-0.0611683	-0.0241661	0.0701968	0.190218	0.305613	0.390341	0.43093	0.432775	0.412897	0.393763	0.395136	0.407711	0.421191	0.426363	0.413158	0.400773	0.377551	0.334489	0.274634	0.193253	0.112354	0.039765	-0.0202187	-0.0573674	-0.0654896	-0.0410288	0.00914693	0.0701695	0.110826	0.110826	
-0.0428378	-0.0352517	-0.013011	0.0330347	0.110319	0.21993	0.349012	0.476506	0.604849	0.735791	0.856326	0.944434	0.985093	0.97373	0.905785	0.783985	0.629083	0.476855	0.351003	0.271606	0.256722	0.302729	0.39505	0.514204	0.622968	0.688066	0.699758	0.657122	0.583467	0.511597	0.456824	0.414764	0.376371	0.335093	0.296306	0.269778	0.24463	0.210652	0.160192	0.0947722	0.0250966	-0.042423	-0.100899	-0.149337	-0.174574	-0.16622	-0.128918	-0.0785775	-0.048266	-0.048266	
-0.0766495	-0.0759378	-0.0533547	-0.00579613	0.0851682	0.219376	0.379324	0.555496	0.735791	0.911952	1.07265	1.19324	1.25788	1.26001	1.1934	1.06613	0.90399	0.749279	0.629877	0.560642	0.558774	0.612362	0.702064	0.820711	0.923997	0.977537	0.964616	0.883511	0.760151	0.63138	0.520517	0.419703	0.32828	0.247706	0.185878	0.144807	0.122311	0.097527	0.0573791	0.0114276	-0.0459532	-0.104079	-0.164547	-0.221853	-0.26065	-0.273745	-0.25382	-0.220681	-0.193836	-0.193836	
-0.0747517	-0.0815883	-0.0601113	-0.0107064	0.0799474	0.223483	0.410394	0.631193	0.856326	1.07265	1.2646	1.41076	1.49378	1.50613	1.43844	1.30704	1.1354	0.973426	0.85284	0.791204	0.798457	0.857366	0.951668	1.07323	1.18004	1.22971	1.20572	1.09715	0.935779	0.761302	0.593162	0.434319	0.288995	0.164923	0.0781961	0.0345791	0.0226581	0.013648	-0.00730561	-0.0365013	-0.0806081	-0.128855	-0.18751	-0.253364	-0.30697	-0.337336	-0.339611	-0.327518	-0.309637	-0.309637	
-0.0605986	-0.0701992	-0.0515389	-0.00613301	0.0807507	0.226134	0.432336	0.686377	0.944434	1.19324	1.41076	1.57619	1.67031	1.68738	1.61742	1.4769	1.29487	1.12087	0.995927	0.936909	0.949179	1.01567	1.12238	1.25429	1.36905	1.42634	1.39988	1.28118	1.09767	0.887976	0.672124	0.458356	0.260935	0.0942881	-0.0124435	-0.0588141	-0.0602286	-0.0452366	-0.0384234	-0.0405473	-0.0617673	-0.0972614	-0.151888	-0.218449	-0.284177	-0.335326	-0.356183	-0.362872	-0.361153	-0.361153	
-0.0509071	-0.0611526	-0.0455455	-0.00608409	0.0749568	0.221174	0.437033	0.703007	0.985093	1.25788	1.49378	1.67031	1.77064	1.78286	1.70536	1.55397	1.36004	1.17717	1.04631	0.98565	1.00385	1.08522	1.20779	1.35356	1.47864	1.54784	1.53058	1.41615	1.2261	0.99479	0.742527	0.4839	0.243365	0.0425356	-0.0839319	-0.134275	-0.122535	-0.0818974	-0.0387643	-0.00303664	0.00939051	0.00177443	-0.0381018	-0.100117	-0.170318	-0.236139	-0.279045	-0.306707	-0.315414	-0.315414	
-0.0529191	-0.0638798	-0.0587876	-0.0233788	0.0542359	0.199305	0.413213	0.679872	0.97373	1.26001	1.50613	1.68738	1.78286	1.78565	1.69599	1.53069	1.33166	1.13822	0.995528	0.938461	0.963625	1.06081	1.20463	1.36153	1.50077	1.58799	1.58492	1.48347	1.30123	1.06077	0.789243	0.504536	0.234271	0.0117555	-0.131118	-0.176801	-0.149947	-0.0808997	0.00446661	0.0758921	0.131128	0.157847	0.143926	0.100248	0.0377747	-0.0305574	-0.0949879	-0.141432	-0.166056	-0.166056	
-0.084533	-0.106496	-0.116892	-0.0878262	-0.00470363	0.139825	0.353471	0.612487	0.905785	1.1934	1.43844	1.61742	1.70536	1.69599	1.59676	1.42449	1.2163	1.01217	0.861662	0.806729	0.840362	0.951554	1.11717	1.29474	1.45458	1.55918	1.56987	1.4841	1.31335	1.07893	0.804268	0.510923	0.228349	-0.00343066	-0.148047	-0.185799	-0.13932	-0.0384099	0.0899929	0.205897	0.30343	0.365071	0.387551	0.374197	0.324325	0.254772	0.178913	0.11905	0.0756247	0.0756247	
-0.153328	-0.191767	-0.218917	-0.196888	-0.11367	0.0321491	0.242988	0.494918	0.783985	1.06613	1.30704	1.4769	1.55397	1.53069	1.42449	1.24341	1.02584	0.817582	0.668619	0.612345	0.648386	0.77568	0.965089	1.17389	1.35915	1.48337	1.51507	1.45326	1.29973	1.0742	0.799417	0.499866	0.215657	-0.00988928	-0.142426	-0.164111	-0.0931716	0.0367656	0.201123	0.358284	0.4999	0.606488	0.662377	0.676384	0.650827	0.594535	0.516534	0.448013	0.404904	0.404904	
-0.264203	-0.322304	-0.364649	-0.353717	-0.270959	-0.118254	0.0961509	0.348765	0.629083	0.90399	1.1354	1.29487	1.36004	1.33166	1.2163	1.02584	0.80582	0.602065	0.452411	0.391353	0.429268	0.572409	0.790481	1.02508	1.23606	1.38487	1.44461	1.40866	1.27402	1.05658	0.783675	0.487111	0.209556	-0.00309248	-0.123849	-0.130766	-0.0413747	0.116296	0.316374	0.513496	0.694298	0.835567	0.932439	0.982517	0.98593	0.950551	0.879708	0.811689	0.760883	0.760883	
-0.396352	-0.471165	-0.531977	-0.536383	-0.45605	-0.294749	-0.0667721	0.195474	0.476855	0.749279	0.973426	1.12087	1.17717	1.13822	1.01217	0.817582	0.602065	0.406042	0.255514	0.191216	0.23542	0.389899	0.618674	0.871184	1.10741	1.28406	1.37579	1.36774	1.25153	1.04711	0.779397	0.484924	0.211338	0.00127464	-0.112105	-0.110562	-0.00516953	0.177577	0.407147	0.64188	0.857265	1.03502	1.17069	1.26014	1.29419	1.27542	1.21409	1.14175	1.08968	1.08968	
-0.506949	-0.599235	-0.678556	-0.703592	-0.629135	-0.457327	-0.219267	0.0594652	0.351003	0.629877	0.85284	0.995927	1.04631	0.995528	0.861662	0.668619	0.452411	0.255514	0.110208	0.0453853	0.0957008	0.251267	0.478234	0.748538	1.00905	1.20708	1.32522	1.34476	1.24644	1.05664	0.793265	0.493221	0.215406	0.00157676	-0.111824	-0.111835	0.00238334	0.198517	0.444981	0.712805	0.963145	1.18169	1.35032	1.46538	1.52452	1.52234	1.46936	1.39238	1.34356	1.34356	
-0.572159	-0.679226	-0.774614	-0.811341	-0.74155	-0.569183	-0.324047	-0.0308744	0.271606	0.560642	0.791204	0.936909	0.98565	0.938461	0.806729	0.612345	0.391353	0.191216	0.0453853	-0.0155801	0.0273683	0.174194	0.407397	0.686378	0.956235	1.166	1.30186	1.33832	1.25721	1.07484	0.810704	0.508994	0.228396	0.0105048	-0.109877	-0.119923	-0.0218334	0.16932	0.42269	0.708554	0.982941	1.2246	1.42485	1.56641	1.64302	1.65311	1.60891	1.54033	1.49245	1.49245	
-0.576767	-0.692011	-0.795296	-0.836412	-0.772613	-0.606507	-0.362538	-0.0611683	0.256722	0.558774	0.798457	0.949179	1.00385	0.963625	0.840362	0.648386	0.429268	0.23542	0.0957008	0.0273683	0.0574604	0.195908	0.418257	0.68382	0.945783	1.16033	1.30807	1.35788	1.28356	1.10241	0.837618	0.53294	0.246998	0.0213114	-0.113942	-0.145624	-0.0681134	0.102855	0.342547	0.622959	0.900505	1.15321	1.36546	1.52662	1.62581	1.65691	1.62984	1.56656	1.52179	1.52179	
-0.528097	-0.648477	-0.748093	-0.785796	-0.724102	-0.566784	-0.325769	-0.0241661	0.302729	0.612362	0.857366	1.01567	1.08522	1.06081	0.951554	0.77568	0.572409	0.389899	0.251267	0.174194	0.195908	0.318992	0.51179	0.747277	0.99154	1.19957	1.34186	1.3872	1.31174	1.1336	0.869854	0.563549	0.269579	0.0286758	-0.125927	-0.183442	-0.135646	0.00268053	0.209117	0.462004	0.723268	0.970443	1.18652	1.35666	1.47311	1.52566	1.5177	1.47769	1.44788	1.44788	
-0.447393	-0.56775	-0.657953	-0.679056	-0.61258	-0.460233	-0.225579	0.0701968	0.39505	0.702064	0.951668	1.12238	1.20779	1.20463	1.11717	0.965089	0.790481	0.618674	0.478234	0.407397	0.418257	0.51179	0.672662	0.873136	1.09115	1.27851	1.39561	1.42464	1.34867	1.16712	0.903132	0.596745	0.291601	0.0380799	-0.139057	-0.226811	-0.226404	-0.139159	0.0251124	0.238163	0.476579	0.705126	0.913776	1.0862	1.20935	1.28329	1.30546	1.29838	1.27973	1.27973	
-0.34915	-0.467676	-0.545318	-0.553844	-0.482065	-0.329491	-0.097415	0.190218	0.514204	0.820711	1.07323	1.25429	1.35356	1.36153	1.29474	1.17389	1.02508	0.871184	0.748538	0.686378	0.68382	0.747277	0.873136	1.03749	1.21585	1.36873	1.46205	1.47769	1.39416	1.20754	0.940665	0.627813	0.310759	0.0403214	-0.166786	-0.293313	-0.337022	-0.30074	-0.18485	-0.0144807	0.191254	0.396266	0.587801	0.755126	0.889205	0.984988	1.03051	1.04732	1.04574	1.04574	
-0.246121	-0.366703	-0.441368	-0.442442	-0.362038	-0.207311	0.0221756	0.305613	0.622968	0.923997	1.18004	1.36905	1.47864	1.50077	1.45458	1.35915	1.23606	1.10741	1.00905	0.956235	0.945783	0.99154	1.09115	1.21585	1.34927	1.46882	1.53312	1.5221	1.42213	1.23066	0.963327	0.649415	0.322262	0.0268179	-0.209607	-0.373459	-0.459089	-0.463246	-0.389787	-0.25909	-0.0877743	0.092357	0.266209	0.423343	0.557069	0.662548	0.729776	0.770504	0.7857	0.7857	
-0.136935	-0.262097	-0.335119	-0.329764	-0.248896	-0.0965536	0.120829	0.390341	0.688066	0.977537	1.22971	1.42634	1.54784	1.58799	1.55918	1.48337	1.38487	1.28406	1.20708	1.166	1.16033	1.19957	1.27851	1.36873	1.46882	1.55459	1.57925	1.53013	1.41222	1.21748	0.955605	0.648177	0.318839	0.0126639	-0.242943	-0.431136	-0.553178	-0.598723	-0.565127	-0.470962	-0.330332	-0.177558	-0.0263336	0.114995	0.243339	0.359713	0.455237	0.524868	0.554589	0.554589	
-0.0310596	-0.154137	-0.221336	-0.216491	-0.143451	-0.00724443	0.18609	0.43093	0.699758	0.964616	1.20572	1.39988	1.53058	1.58492	1.56987	1.51507	1.44461	1.37579	1.32522	1.30186	1.30807	1.34186	1.39561	1.46205	1.53312	1.57925	1.56426	1.48638	1.35553	1.16081	0.909676	0.616049	0.300307	0.00142141	-0.253829	-0.458637	-0.603734	-0.678688	-0.683502	-0.619994	-0.511156	-0.384772	-0.260427	-0.136758	-0.00853142	0.117894	0.236816	0.329306	0.384419	0.384419	
0.0687582	-0.0496372	-0.111799	-0.112	-0.0512242	0.0621133	0.222472	0.432775	0.657122	0.883511	1.09715	1.28118	1.41615	1.48347	1.4841	1.45326	1.40866	1.36774	1.34476	1.33832	1.35788	1.3872	1.42464	1.47769	1.5221	1.53013	1.48638	1.38846	1.24463	1.05711	0.827958	0.563183	0.277054	-0.00257617	-0.248507	-0.461394	-0.617298	-0.705805	-0.734767	-0.693405	-0.61612	-0.520371	-0.416447	-0.30618	-0.180857	-0.0416702	0.104708	0.219195	0.287925	0.287925	
0.162899	0.0524563	0.000452798	-0.00144307	0.0408239	0.126724	0.250211	0.412897	0.583467	0.760151	0.935779	1.09767	1.2261	1.30123	1.31335	1.29973	1.27402	1.25153	1.24644	1.25721	1.28356	1.31174	1.34867	1.39416	1.42213	1.41222	1.35553	1.24463	1.09999	0.929857	0.73072	0.503379	0.254607	0.00166619	-0.232138	-0.436878	-0.594771	-0.697282	-0.741789	-0.716314	-0.658842	-0.582727	-0.491506	-0.39066	-0.26412	-0.107351	0.0644261	0.207164	0.295475	0.295475	
0.234795	0.146729	0.108258	0.107657	0.139235	0.199296	0.28207	0.393763	0.511597	0.63138	0.761302	0.887976	0.99479	1.06077	1.07893	1.0742	1.05658	1.04711	1.05664	1.07484	1.10241	1.1336	1.16712	1.20754	1.23066	1.21748	1.16081	1.05711	0.929857	0.785641	0.623361	0.438506	0.230947	0.0160067	-0.191687	-0.387108	-0.547211	-0.657101	-0.708581	-0.693611	-0.643601	-0.570839	-0.48903	-0.392063	-0.258122	-0.0870461	0.104892	0.270058	0.37618	0.37618	
0.312739	0.246831	0.221015	0.224188	0.248697	0.286943	0.335368	0.395136	0.456824	0.520517	0.593162	0.672124	0.742527	0.789243	0.804268	0.799417	0.783675	0.779397	0.793265	0.810704	0.837618	0.869854	0.903132	0.940665	0.963327	0.955605	0.909676	0.827958	0.73072	0.623361	0.5063	0.37278	0.218589	0.0487899	-0.129287	-0.310635	-0.467984	-0.57264	-0.622476	-0.614234	-0.571738	-0.511525	-0.435017	-0.335379	-0.191047	-0.00726587	0.198251	0.382055	0.486258	0.486258	
0.393743	0.354046	0.342636	0.356745	0.374122	0.3915	0.402639	0.407711	0.414764	0.419703	0.434319	0.458356	0.4839	0.504536	0.510923	0.499866	0.487111	0.484924	0.493221	0.508994	0.53294	0.563549	0.596745	0.627813	0.649415	0.648177	0.616049	0.563183	0.503379	0.438506	0.37278	0.29974	0.210986	0.100594	-0.0401396	-0.19263	-0.333139	-0.437242	-0.488795	-0.491717	-0.458816	-0.408643	-0.341067	-0.242745	-0.101308	0.0862778	0.300209	0.49165	0.60151	0.60151	
0.461656	0.450533	0.454905	0.479012	0.495185	0.493644	0.466471	0.421191	0.376371	0.32828	0.288995	0.260935	0.243365	0.234271	0.228349	0.215657	0.209556	0.211338	0.215406	0.228396	0.246998	0.269579	0.291601	0.310759	0.322262	0.318839	0.300307	0.277054	0.254607	0.230947	0.218589	0.210986	0.195659	0.155789	0.06955	-0.0434425	-0.164276	-0.264469	-0.318671	-0.334035	-0.315915	-0.280402	-0.226634	-0.139123	-0.00671637	0.175512	0.381124	0.567943	0.683784	0.683784	
0.516029	0.522332	0.538829	0.567209	0.581172	0.561356	0.507484	0.426363	0.335093	0.247706	0.164923	0.0942881	0.0425356	0.0117555	-0.00343066	-0.00988928	-0.00309248	0.00127464	0.00157676	0.0105048	0.0213114	0.0286758	0.0380799	0.0403214	0.0268179	0.0126639	0.00142141	-0.00257617	0.00166619	0.0160067	0.0487899	0.100594	0.155789	0.177297	0.153713	0.0896082	-0.00571905	-0.0885839	-0.136478	-0.160566	-0.162814	-0.147129	-0.109359	-0.0372049	0.0835435	0.253127	0.443207	0.612404	0.709714	0.709714	
0.53849	0.557137	0.586321	0.619563	0.626605	0.594558	0.522299	0.413158	0.296306	0.185878	0.0781961	-0.0124435	-0.0839319	-0.131118	-0.148047	-0.142426	-0.123849	-0.112105	-0.111824	-0.109877	-0.113942	-0.125927	-0.139057	-0.166786	-0.209607	-0.242943	-0.253829	-0.248507	-0.232138	-0.191687	-0.129287	-0.0401396	0.06955	0.153713	0.188202	0.171703	0.114008	0.0545766	0.0174246	-0.0152346	-0.0280504	-0.0193909	0.000935767	0.0634523	0.167881	0.307284	0.472666	0.62171	0.709474	0.709474	
0.526871	0.551956	0.594978	0.628879	0.63644	0.601094	0.520571	0.400773	0.269778	0.144807	0.0345791	-0.0588141	-0.134275	-0.176801	-0.185799	-0.164111	-0.130766	-0.110562	-0.111835	-0.119923	-0.145624	-0.183442	-0.226811	-0.293313	-0.373459	-0.431136	-0.458637	-0.461394	-0.436878	-0.387108	-0.310635	-0.19263	-0.0434425	0.0896082	0.171703	0.195119	0.178528	0.147286	0.118983	0.0909649	0.0769574	0.0793989	0.0922745	0.144243	0.23257	0.344483	0.476105	0.597247	0.667648	0.667648	
0.484046	0.519386	0.573346	0.604717	0.611096	0.574665	0.492713	0.377551	0.24463	0.122311	0.0226581	-0.0602286	-0.122535	-0.149947	-0.13932	-0.0931716	-0.0413747	-0.00516953	0.00238334	-0.0218334	-0.0681134	-0.135646	-0.226404	-0.337022	-0.459089	-0.553178	-0.603734	-0.617298	-0.594771	-0.547211	-0.467984	-0.333139	-0.164276	-0.00571905	0.114008	0.178528	0.201312	0.192839	0.174397	0.157978	0.140186	0.132185	0.14878	0.190954	0.25694	0.348974	0.447607	0.531342	0.577009	0.577009	
0.407347	0.454726	0.51563	0.551067	0.555176	0.520679	0.446193	0.334489	0.210652	0.097527	0.013648	-0.0452366	-0.0818974	-0.0808997	-0.0384099	0.0367656	0.116296	0.177577	0.198517	0.16932	0.102855	0.00268053	-0.139159	-0.30074	-0.463246	-0.598723	-0.678688	-0.705805	-0.697282	-0.657101	-0.57264	-0.437242	-0.264469	-0.0885839	0.0545766	0.147286	0.192839	0.203055	0.194259	0.175321	0.151945	0.138808	0.156794	0.191237	0.23723	0.301427	0.359398	0.412589	0.448947	0.448947	
0.292508	0.351174	0.416275	0.460798	0.469347	0.438694	0.375824	0.274634	0.160192	0.0573791	-0.00730561	-0.0384234	-0.0387643	0.00446661	0.0899929	0.201123	0.316374	0.407147	0.444981	0.42269	0.342547	0.209117	0.0251124	-0.18485	-0.389787	-0.565127	-0.683502	-0.734767	-0.741789	-0.708581	-0.622476	-0.488795	-0.318671	-0.136478	0.0174246	0.118983	0.174397	0.194259	0.18415	0.152064	0.119204	0.103647	0.108888	0.129401	0.164252	0.202142	0.228652	0.25153	0.264508	0.264508	
0.159404	0.230997	0.299944	0.348764	0.355706	0.332763	0.277996	0.193253	0.0947722	0.0114276	-0.0365013	-0.0405473	-0.00303664	0.0758921	0.205897	0.358284	0.513496	0.64188	0.712805	0.708554	0.622959	0.462004	0.238163	-0.0144807	-0.25909	-0.470962	-0.619994	-0.693405	-0.716314	-0.693611	-0.614234	-0.491717	-0.334035	-0.160566	-0.0152346	0.0909649	0.157978	0.175321	0.152064	0.107987	0.0636564	0.0343161	0.023966	0.0343376	0.0504425	0.0523619	0.0506671	0.0483023	0.0383318	0.0383318	
0.0369884	0.116739	0.188763	0.237356	0.247	0.229766	0.183388	0.112354	0.0250966	-0.0459532	-0.0806081	-0.0617673	0.00939051	0.131128	0.30343	0.4999	0.694298	0.857265	0.963145	0.982941	0.900505	0.723268	0.476579	0.191254	-0.0877743	-0.330332	-0.511156	-0.61612	-0.658842	-0.643601	-0.571738	-0.458816	-0.315915	-0.162814	-0.0280504	0.0769574	0.140186	0.151945	0.119204	0.0636564	0.000475531	-0.047661	-0.0707514	-0.0814789	-0.0968561	-0.128919	-0.163408	-0.196043	-0.219257	-0.219257	
-0.036944	0.0490422	0.118891	0.162417	0.171605	0.149521	0.105529	0.039765	-0.042423	-0.104079	-0.128855	-0.0972614	0.00177443	0.157847	0.365071	0.606488	0.835567	1.03502	1.18169	1.2246	1.15321	0.970443	0.705126	0.396266	0.092357	-0.177558	-0.384772	-0.520371	-0.582727	-0.570839	-0.511525	-0.408643	-0.280402	-0.147129	-0.0193909	0.0793989	0.132185	0.138808	0.103647	0.0343161	-0.047661	-0.114785	-0.166897	-0.214599	-0.265964	-0.328442	-0.402222	-0.474526	-0.508497	-0.508497	
-0.0426446	0.0512459	0.114062	0.140239	0.136357	0.104329	0.0508245	-0.0202187	-0.100899	-0.164547	-0.18751	-0.151888	-0.0381018	0.143926	0.387551	0.662377	0.932439	1.17069	1.35032	1.42485	1.36546	1.18652	0.913776	0.587801	0.266209	-0.0263336	-0.260427	-0.416447	-0.491506	-0.48903	-0.435017	-0.341067	-0.226634	-0.109359	0.000935767	0.0922745	0.14878	0.156794	0.108888	0.023966	-0.0707514	-0.166897	-0.253445	-0.340322	-0.443724	-0.556647	-0.67357	-0.776498	-0.829735	-0.829735	
0.0129528	0.112191	0.166344	0.174035	0.15603	0.103671	0.0309379	-0.0573674	-0.149337	-0.221853	-0.253364	-0.218449	-0.100117	0.100248	0.374197	0.676384	0.982517	1.26014	1.46538	1.56641	1.52662	1.35666	1.0862	0.755126	0.423343	0.114995	-0.136758	-0.30618	-0.39066	-0.392063	-0.335379	-0.242745	-0.139123	-0.0372049	0.0634523	0.144243	0.190954	0.191237	0.129401	0.0343376	-0.0814789	-0.214599	-0.340322	-0.479749	-0.638814	-0.802052	-0.963475	-1.09511	-1.1685	-1.1685	
0.113853	0.212657	0.257385	0.253388	0.214312	0.141095	0.0453061	-0.0654896	-0.174574	-0.26065	-0.30697	-0.284177	-0.170318	0.0377747	0.324325	0.650827	0.98593	1.29419	1.52452	1.64302	1.62581	1.47311	1.20935	0.889205	0.557069	0.243339	-0.00853142	-0.180857	-0.26412	-0.258122	-0.191047	-0.101308	-0.00671637	0.0835435	0.167881	0.23257	0.25694	0.23723	0.164252	0.0504425	-0.0968561	-0.265964	-0.443724	-0.638814	-0.844655	-1.05725	-1.2608	-1.42143	-1.51034	-1.51034	
0.223209	0.322345	0.363482	0.354251	0.297041	0.207852	0.0893529	-0.0410288	-0.16622	-0.273745	-0.337336	-0.335326	-0.236139	-0.0305574	0.254772	0.594535	0.950551	1.27542	1.52234	1.65311	1.65691	1.52566	1.28329	0.984988	0.662548	0.359713	0.117894	-0.0416702	-0.107351	-0.0870461	-0.00726587	0.0862778	0.175512	0.253127	0.307284	0.344483	0.348974	0.301427	0.202142	0.0523619	-0.128919	-0.328442	-0.556647	-0.802052	-1.05725	-1.31896	-1.55241	-1.73259	-1.83676	-1.83676	
0.317565	0.419397	0.465475	0.457938	0.39428	0.29384	0.156906	0.00914693	-0.128918	-0.25382	-0.339611	-0.356183	-0.279045	-0.0949879	0.178913	0.516534	0.879708	1.21409	1.46936	1.60891	1.62984	1.5177	1.30546	1.03051	0.729776	0.455237	0.236816	0.104708	0.0644261	0.104892	0.198251	0.300209	0.381124	0.443207	0.472666	0.476105	0.447607	0.359398	0.228652	0.0506671	-0.163408	-0.402222	-0.67357	-0.963475	-1.2608	-1.55241	-1.81316	-2.0089	-2.1183	-2.1183	
0.384165	0.491488	0.544298	0.539069	0.476465	0.371572	0.226259	0.0701695	-0.0785775	-0.220681	-0.327518	-0.362872	-0.306707	-0.141432	0.11905	0.448013	0.811689	1.14175	1.39238	1.54033	1.56656	1.47769	1.29838	1.04732	0.770504	0.524868	0.329306	0.219195	0.207164	0.270058	0.382055	0.49165	0.567943	0.612404	0.62171	0.597247	0.531342	0.412589	0.25153	0.0483023	-0.196043	-0.474526	-0.776498	-1.09511	-1.42143	-1.73259	-2.0089	-2.21795	-2.33313	-2.33313	
0.417889	0.53159	0.586388	0.584593	0.531482	0.414604	0.268317	0.110826	-0.048266	-0.193836	-0.309637	-0.361153	-0.315414	-0.166056	0.0756247	0.404904	0.760883	1.08968	1.34356	1.49245	1.52179	1.44788	1.27973	1.04574	0.7857	0.554589	0.384419	0.287925	0.295475	0.37618	0.486258	0.60151	0.683784	0.709714	0.709474	0.667648	0.577009	0.448947	0.264508	0.0383318	-0.219257	-0.508497	-0.829735	-1.1685	-1.51034	-1.83676	-2.1183	-2.33313	-2.44714	-2.44714	
0.417889	0.53159	0.586388	0.584593	0.531482	0.414604	0.268317	0.110826	-0.048266	-0.193836	-0.309637	-0.361153	-0.315414	-0.166056	0.0756247	0.404904	0.760883	1.08968	1.34356	1.49245	1.52179	1.44788	1.27973	1.04574	0.7857	0.554589	0.384419	0.287925	0.295475	0.37618	0.486258	0.60151	0.683784	0.709714	0.709474	0.667648	0.577009	0.448947	0.264508	0.0383318	-0.219257	-0.508497	-0.829735	-1.1685	-1.51034	-1.83676	-2.1183	-2.33313	-2.44714	-2.44714	
