-2.27162	-2.27162	-2.111	-1.82388	-1.44737	-1.0442	-0.666806	-0.344389	-0.0798503	0.147651	0.326279	0.451073	0.535127	0.563245	0.553364	0.548299	0.547944	0.531397	0.484952	0.410806	0.294396	0.149417	-0.00797213	-0.179257	-0.337948	-0.439034	-0.483008	-0.452852	-0.342443	-0.176956	0.0173086	0.221586	0.402992	0.551882	0.670973	0.751413	0.802998	0.820943	0.793146	0.720634	0.618821	0.512157	0.408743	0.318722	0.234172	0.140391	0.0159421	-0.159988	-0.407385	-0.715926	
-2.27162	-2.27162	-2.111	-1.82388	-1.44737	-1.0442	-0.666806	-0.344389	-0.0798503	0.147651	0.326279	0.451073	0.535127	0.563245	0.553364	0.548299	0.547944	0.531397	0.484952	0.410806	0.294396	0.149417	-0.00797213	-0.179257	-0.337948	-0.439034	-0.483008	-0.452852	-0.342443	-0.176956	0.0173086	0.221586	0.402992	0.551882	0.670973	0.751413	0.802998	0.820943	0.793146	0.720634	0.618821	0.512157	0.408743	0.318722	0.234172	0.140391	0.0159421	-0.159988	-0.407385	-0.715926	
-2.111	-2.111	-1.969	-1.69768	-1.34002	-0.975039	-0.637903	-0.341062	-0.102815	0.0897385	0.247149	0.361128	0.432616	0.459923	0.46546	0.4716	0.478201	0.472278	0.432439	0.357363	0.252649	0.12335	-0.0200378	-0.170233	-0.308186	-0.402272	-0.435241	-0.399694	-0.296287	-0.137329	0.0515211	0.249849	0.429665	0.576614	0.686948	0.766289	0.812538	0.816554	0.773234	0.688567	0.57642	0.462367	0.355701	0.258249	0.174171	0.0858419	-0.0346929	-0.200574	-0.423464	-0.707401	
-1.82388	-1.82388	-1.69768	-1.46686	-1.16496	-0.856504	-0.58037	-0.336934	-0.140955	0.00781598	0.130747	0.220624	0.269742	0.294562	0.311608	0.324257	0.347594	0.359103	0.326772	0.258656	0.172192	0.0664699	-0.051759	-0.170549	-0.272345	-0.341362	-0.359906	-0.315217	-0.222835	-0.0836076	0.094161	0.290363	0.469769	0.60892	0.707806	0.772784	0.798868	0.781475	0.718431	0.614949	0.490132	0.366769	0.255488	0.153259	0.0638876	-0.0117509	-0.114134	-0.257417	-0.448527	-0.692756	
-1.44737	-1.44737	-1.34002	-1.16496	-0.946293	-0.71004	-0.496536	-0.315872	-0.167707	-0.0579232	0.0230483	0.0786431	0.101719	0.110973	0.126231	0.147785	0.180914	0.195914	0.171255	0.119401	0.051281	-0.0255219	-0.102492	-0.180386	-0.243328	-0.279197	-0.278458	-0.223022	-0.131127	-0.00624973	0.15913	0.351107	0.521046	0.645754	0.727482	0.770963	0.771505	0.72856	0.63364	0.50517	0.370014	0.237784	0.118527	0.0192302	-0.0638125	-0.128888	-0.206984	-0.314136	-0.464254	-0.658135	
-1.0442	-1.0442	-0.975039	-0.856504	-0.71004	-0.553052	-0.406083	-0.282116	-0.176122	-0.100035	-0.0563266	-0.0356582	-0.0347024	-0.049629	-0.0504234	-0.0296768	0.00107991	0.0102632	-0.00806338	-0.0490642	-0.100072	-0.148392	-0.182025	-0.214625	-0.238209	-0.239121	-0.208467	-0.14387	-0.048521	0.0776595	0.235703	0.416882	0.577277	0.688993	0.747267	0.758139	0.728199	0.655174	0.526803	0.372548	0.22906	0.0917466	-0.0289853	-0.123142	-0.19081	-0.237719	-0.286044	-0.352173	-0.457016	-0.603564	
-0.666806	-0.666806	-0.637903	-0.58037	-0.496536	-0.406083	-0.321557	-0.236088	-0.165016	-0.120081	-0.100858	-0.106219	-0.134919	-0.167997	-0.187308	-0.179476	-0.157555	-0.154985	-0.184062	-0.223844	-0.264154	-0.291398	-0.296001	-0.284125	-0.262592	-0.228212	-0.172947	-0.0890122	0.0133482	0.141628	0.2994	0.474024	0.628406	0.725154	0.754042	0.733377	0.664891	0.550848	0.398392	0.232438	0.0789865	-0.0500747	-0.155487	-0.235088	-0.287817	-0.310262	-0.326495	-0.35798	-0.422485	-0.530016	
-0.344389	-0.344389	-0.341062	-0.336934	-0.315872	-0.282116	-0.236088	-0.182935	-0.144861	-0.124871	-0.11907	-0.142601	-0.186858	-0.234577	-0.262157	-0.266148	-0.26488	-0.282816	-0.328369	-0.382584	-0.426717	-0.443566	-0.424211	-0.375347	-0.316786	-0.249331	-0.171023	-0.0757076	0.0360091	0.174763	0.33106	0.489471	0.631843	0.715968	0.724789	0.673647	0.576719	0.433008	0.262262	0.0913828	-0.0558012	-0.165522	-0.24494	-0.297674	-0.324318	-0.321897	-0.315935	-0.32279	-0.359687	-0.44239	
-0.0798503	-0.0798503	-0.102815	-0.140955	-0.167707	-0.176122	-0.165016	-0.144861	-0.131808	-0.123756	-0.128236	-0.154631	-0.195946	-0.243451	-0.276074	-0.289622	-0.309133	-0.351615	-0.425775	-0.504046	-0.560811	-0.577835	-0.543201	-0.468237	-0.37971	-0.290627	-0.20352	-0.105539	0.0106117	0.142474	0.286648	0.43456	0.557662	0.628284	0.629692	0.567014	0.454382	0.299995	0.126947	-0.0315229	-0.157858	-0.238106	-0.2795	-0.296224	-0.290628	-0.270033	-0.244976	-0.237747	-0.268317	-0.34506	
0.147651	0.147651	0.0897385	0.00781598	-0.0579232	-0.100035	-0.120081	-0.124871	-0.123756	-0.120321	-0.124269	-0.142705	-0.172634	-0.213537	-0.248767	-0.273734	-0.30393	-0.363457	-0.460944	-0.563651	-0.639154	-0.664894	-0.629261	-0.548258	-0.447845	-0.348351	-0.264618	-0.174995	-0.0668344	0.0487587	0.172871	0.304182	0.406747	0.46548	0.476393	0.417506	0.309025	0.172076	0.0230334	-0.109217	-0.201529	-0.242649	-0.245974	-0.23141	-0.204441	-0.168005	-0.134941	-0.12444	-0.160067	-0.245254	
0.326279	0.326279	0.247149	0.130747	0.0230483	-0.0563266	-0.100858	-0.11907	-0.128236	-0.124269	-0.116558	-0.119721	-0.134332	-0.158814	-0.187131	-0.214682	-0.25837	-0.336722	-0.449118	-0.567215	-0.660686	-0.695931	-0.664887	-0.591166	-0.500915	-0.413959	-0.347397	-0.273806	-0.183549	-0.0900391	0.0132656	0.124972	0.208491	0.261498	0.283308	0.254234	0.176822	0.0734534	-0.0375433	-0.131067	-0.185301	-0.188467	-0.164117	-0.125151	-0.0786135	-0.0337912	-0.00479697	-0.00567869	-0.0505584	-0.143266	
0.451073	0.451073	0.361128	0.220624	0.0786431	-0.0356582	-0.106219	-0.142601	-0.154631	-0.142705	-0.119721	-0.100428	-0.081991	-0.0848085	-0.105204	-0.13563	-0.187097	-0.277944	-0.399612	-0.533666	-0.638037	-0.684345	-0.662816	-0.608374	-0.545797	-0.48479	-0.432169	-0.385748	-0.325356	-0.251237	-0.169325	-0.0866023	-0.016215	0.0377287	0.0694022	0.0708584	0.0433487	-0.00840027	-0.0699274	-0.11802	-0.128596	-0.104283	-0.0561979	-0.00384835	0.0496138	0.0970973	0.119625	0.10442	0.0429347	-0.0632641	
0.535127	0.535127	0.432616	0.269742	0.101719	-0.0347024	-0.134919	-0.186858	-0.195946	-0.172634	-0.134332	-0.081991	-0.0382493	-0.0155828	-0.0220855	-0.0496367	-0.10458	-0.200168	-0.333753	-0.477621	-0.592576	-0.646869	-0.641011	-0.60977	-0.571407	-0.541305	-0.515118	-0.48693	-0.455171	-0.408899	-0.351196	-0.292492	-0.236584	-0.191204	-0.155215	-0.116259	-0.0975106	-0.0988677	-0.104754	-0.0994379	-0.067119	-0.0120792	0.0553822	0.115435	0.16669	0.204525	0.212343	0.180913	0.104561	-0.0161676	
0.563245	0.563245	0.459923	0.294562	0.110973	-0.049629	-0.167997	-0.234577	-0.243451	-0.213537	-0.158814	-0.0848085	-0.0155828	0.034691	0.0517815	0.0273013	-0.0338275	-0.132543	-0.265376	-0.410174	-0.531543	-0.588657	-0.596054	-0.585892	-0.573705	-0.566406	-0.561534	-0.557905	-0.556362	-0.538426	-0.509337	-0.477491	-0.435874	-0.397169	-0.353776	-0.293631	-0.233276	-0.179781	-0.133777	-0.0824059	-0.0112956	0.069715	0.142678	0.20803	0.258789	0.2881	0.275603	0.221441	0.126001	-0.00450138	
0.553364	0.553364	0.46546	0.311608	0.126231	-0.0504234	-0.187308	-0.262157	-0.276074	-0.248767	-0.187131	-0.105204	-0.0220855	0.0517815	0.0850299	0.0683901	0.0173836	-0.0738726	-0.203457	-0.340831	-0.447815	-0.503856	-0.521846	-0.523877	-0.530383	-0.547414	-0.563859	-0.583112	-0.607392	-0.623985	-0.626292	-0.613806	-0.591855	-0.559468	-0.505942	-0.425094	-0.329025	-0.23367	-0.143974	-0.0562319	0.0364885	0.125876	0.206366	0.276709	0.321697	0.337701	0.31611	0.243391	0.133531	-0.00029276	
0.548299	0.548299	0.4716	0.324257	0.147785	-0.0296768	-0.179476	-0.266148	-0.289622	-0.273734	-0.214682	-0.13563	-0.0496367	0.0273013	0.0683901	0.0648399	0.0318479	-0.0405211	-0.148437	-0.259567	-0.341436	-0.391692	-0.41568	-0.424046	-0.445338	-0.480258	-0.519659	-0.566688	-0.619696	-0.669061	-0.700439	-0.710651	-0.703834	-0.669893	-0.602034	-0.507422	-0.38703	-0.259695	-0.141504	-0.0319164	0.0682022	0.156871	0.238637	0.309587	0.353818	0.368266	0.342162	0.264935	0.149545	0.00858018	
0.547944	0.547944	0.478201	0.347594	0.180914	0.00107991	-0.157555	-0.26488	-0.309133	-0.30393	-0.25837	-0.187097	-0.10458	-0.0338275	0.0173836	0.0318479	0.00673846	-0.0440421	-0.1136	-0.183064	-0.231315	-0.261108	-0.27631	-0.285021	-0.311478	-0.3595	-0.427515	-0.507669	-0.595424	-0.677492	-0.73503	-0.76706	-0.767802	-0.727784	-0.651425	-0.545373	-0.41582	-0.276063	-0.142495	-0.0269523	0.0683611	0.152225	0.228497	0.298543	0.356562	0.381462	0.356694	0.281201	0.16302	0.0189616	
0.531397	0.531397	0.472278	0.359103	0.195914	0.0102632	-0.154985	-0.282816	-0.351615	-0.363457	-0.336722	-0.277944	-0.200168	-0.132543	-0.0738726	-0.0405211	-0.0440421	-0.0672658	-0.0959118	-0.117944	-0.125219	-0.124273	-0.119127	-0.1239	-0.15018	-0.204432	-0.291714	-0.405169	-0.52438	-0.634063	-0.720544	-0.77628	-0.785441	-0.748516	-0.673914	-0.569068	-0.435276	-0.291664	-0.155832	-0.0415916	0.0435661	0.114606	0.186516	0.256915	0.321792	0.35111	0.332015	0.263998	0.142179	0.000990145	
0.484952	0.484952	0.432439	0.326772	0.171255	-0.00806338	-0.184062	-0.328369	-0.425775	-0.460944	-0.449118	-0.399612	-0.333753	-0.265376	-0.203457	-0.148437	-0.1136	-0.0959118	-0.0759186	-0.0507464	-0.0197308	0.0143078	0.0374455	0.0395003	0.0244015	-0.0324575	-0.139174	-0.275162	-0.411977	-0.540325	-0.652533	-0.725896	-0.751331	-0.732839	-0.668865	-0.571869	-0.448925	-0.315267	-0.184006	-0.071604	0.0118803	0.0779691	0.140892	0.199886	0.255133	0.277697	0.25983	0.191935	0.0762383	-0.0602396	
0.410806	0.410806	0.357363	0.258656	0.119401	-0.0490642	-0.223844	-0.382584	-0.504046	-0.563651	-0.567215	-0.533666	-0.477621	-0.410174	-0.340831	-0.259567	-0.183064	-0.117944	-0.0507464	0.0223805	0.089655	0.147385	0.181021	0.194682	0.186697	0.132284	0.0246642	-0.1203	-0.27126	-0.419909	-0.546947	-0.631459	-0.668705	-0.666287	-0.626455	-0.550477	-0.445816	-0.322775	-0.20233	-0.0941894	-0.0128519	0.0488202	0.0956543	0.135858	0.167364	0.176546	0.152425	0.0801645	-0.0266178	-0.154569	
0.294396	0.294396	0.252649	0.172192	0.051281	-0.100072	-0.264154	-0.426717	-0.560811	-0.639154	-0.660686	-0.638037	-0.592576	-0.531543	-0.447815	-0.341436	-0.231315	-0.125219	-0.0197308	0.089655	0.19098	0.265074	0.316066	0.346933	0.341321	0.285063	0.181079	0.0355688	-0.12365	-0.28473	-0.418257	-0.513739	-0.567108	-0.580322	-0.559254	-0.502593	-0.413999	-0.312004	-0.206309	-0.115031	-0.0423172	0.0106671	0.0471765	0.0694636	0.0748781	0.0637833	0.0292085	-0.0410907	-0.135995	-0.251168	
0.149417	0.149417	0.12335	0.0664699	-0.0255219	-0.148392	-0.291398	-0.443566	-0.577835	-0.664894	-0.695931	-0.684345	-0.646869	-0.588657	-0.503856	-0.391692	-0.261108	-0.124273	0.0143078	0.147385	0.265074	0.364577	0.443536	0.488234	0.482685	0.426054	0.323724	0.180621	0.0126991	-0.15719	-0.296091	-0.395216	-0.456979	-0.482331	-0.474611	-0.4343	-0.365599	-0.285377	-0.206834	-0.144709	-0.0870064	-0.0415873	-0.0159918	-0.00896781	-0.0194921	-0.04264	-0.0793761	-0.140593	-0.230821	-0.332144	
-0.00797213	-0.00797213	-0.0200378	-0.051759	-0.102492	-0.182025	-0.296001	-0.424211	-0.543201	-0.629261	-0.664887	-0.662816	-0.641011	-0.596054	-0.521846	-0.41568	-0.27631	-0.119127	0.0374455	0.181021	0.316066	0.443536	0.54028	0.59508	0.597904	0.546821	0.447506	0.304542	0.12982	-0.0382828	-0.178715	-0.280931	-0.341036	-0.368724	-0.370693	-0.348205	-0.30441	-0.250128	-0.201394	-0.169624	-0.137239	-0.107984	-0.0972831	-0.101227	-0.119584	-0.14241	-0.171971	-0.217698	-0.292079	-0.381633	
-0.179257	-0.179257	-0.170233	-0.170549	-0.180386	-0.214625	-0.284125	-0.375347	-0.468237	-0.548258	-0.591166	-0.608374	-0.60977	-0.585892	-0.523877	-0.424046	-0.285021	-0.1239	0.0395003	0.194682	0.346933	0.488234	0.59508	0.6611	0.668746	0.616221	0.526238	0.397004	0.233663	0.0750351	-0.0611437	-0.162538	-0.221562	-0.25649	-0.276368	-0.266667	-0.238993	-0.213125	-0.196377	-0.187545	-0.187074	-0.183669	-0.186151	-0.194678	-0.209736	-0.227143	-0.244037	-0.270393	-0.323799	-0.397839	
-0.337948	-0.337948	-0.308186	-0.272345	-0.243328	-0.238209	-0.262592	-0.316786	-0.37971	-0.447845	-0.500915	-0.545797	-0.571407	-0.573705	-0.530383	-0.445338	-0.311478	-0.15018	0.0244015	0.186697	0.341321	0.482685	0.597904	0.668746	0.677298	0.629127	0.55115	0.44168	0.309359	0.173083	0.049854	-0.047885	-0.11688	-0.167227	-0.192434	-0.195045	-0.188004	-0.187874	-0.19331	-0.204282	-0.224513	-0.239195	-0.254094	-0.269157	-0.276798	-0.286081	-0.28665	-0.293722	-0.329772	-0.388266	
-0.439034	-0.439034	-0.402272	-0.341362	-0.279197	-0.239121	-0.228212	-0.249331	-0.290627	-0.348351	-0.413959	-0.48479	-0.541305	-0.566406	-0.547414	-0.480258	-0.3595	-0.204432	-0.0324575	0.132284	0.285063	0.426054	0.546821	0.616221	0.629127	0.598159	0.54492	0.458418	0.350682	0.232059	0.12732	0.0423373	-0.0288489	-0.0869956	-0.118286	-0.133904	-0.149121	-0.166953	-0.185218	-0.209958	-0.24042	-0.271777	-0.291433	-0.304213	-0.305802	-0.306218	-0.298798	-0.299087	-0.32058	-0.367956	
-0.483008	-0.483008	-0.435241	-0.359906	-0.278458	-0.208467	-0.172947	-0.171023	-0.20352	-0.264618	-0.347397	-0.432169	-0.515118	-0.561534	-0.563859	-0.519659	-0.427515	-0.291714	-0.139174	0.0246642	0.181079	0.323724	0.447506	0.526238	0.55115	0.54492	0.509203	0.43837	0.35427	0.267066	0.183209	0.0982585	0.0232607	-0.0306306	-0.0639573	-0.0889831	-0.113359	-0.146143	-0.17783	-0.209543	-0.245389	-0.282788	-0.303496	-0.306458	-0.300103	-0.287001	-0.282189	-0.289827	-0.310324	-0.360052	
-0.452852	-0.452852	-0.399694	-0.315217	-0.223022	-0.14387	-0.0890122	-0.0757076	-0.105539	-0.174995	-0.273806	-0.385748	-0.48693	-0.557905	-0.583112	-0.566688	-0.507669	-0.405169	-0.275162	-0.1203	0.0355688	0.180621	0.304542	0.397004	0.44168	0.458418	0.43837	0.391764	0.335244	0.274624	0.204695	0.126345	0.0537613	-0.00150256	-0.0427234	-0.0756559	-0.10371	-0.140466	-0.181919	-0.219548	-0.256068	-0.286252	-0.302382	-0.295006	-0.280257	-0.261079	-0.258615	-0.273659	-0.30758	-0.356268	
-0.342443	-0.342443	-0.296287	-0.222835	-0.131127	-0.048521	0.0133482	0.0360091	0.0106117	-0.0668344	-0.183549	-0.325356	-0.455171	-0.556362	-0.607392	-0.619696	-0.595424	-0.52438	-0.411977	-0.27126	-0.12365	0.0126991	0.12982	0.233663	0.309359	0.350682	0.35427	0.335244	0.305219	0.259566	0.199757	0.133365	0.0637956	0.000761162	-0.0497379	-0.0976903	-0.14003	-0.179847	-0.21904	-0.251055	-0.279329	-0.296261	-0.303653	-0.288324	-0.25964	-0.239547	-0.241123	-0.257508	-0.295189	-0.335796	
-0.176956	-0.176956	-0.137329	-0.0836076	-0.00624973	0.0776595	0.141628	0.174763	0.142474	0.0487587	-0.0900391	-0.251237	-0.408899	-0.538426	-0.623985	-0.669061	-0.677492	-0.634063	-0.540325	-0.419909	-0.28473	-0.15719	-0.0382828	0.0750351	0.173083	0.232059	0.267066	0.274624	0.259566	0.227498	0.179608	0.115726	0.0433822	-0.027965	-0.0959751	-0.15993	-0.214028	-0.262731	-0.296344	-0.317354	-0.326485	-0.321204	-0.304319	-0.275188	-0.232662	-0.210629	-0.207481	-0.225824	-0.260639	-0.296368	
0.0173086	0.0173086	0.0515211	0.094161	0.15913	0.235703	0.2994	0.33106	0.286648	0.172871	0.0132656	-0.169325	-0.351196	-0.509337	-0.626292	-0.700439	-0.73503	-0.720544	-0.652533	-0.546947	-0.418257	-0.296091	-0.178715	-0.0611437	0.049854	0.12732	0.183209	0.204695	0.199757	0.179608	0.13725	0.0654566	-0.015394	-0.0934592	-0.178093	-0.261023	-0.328664	-0.380013	-0.403071	-0.405007	-0.388854	-0.351548	-0.299045	-0.238738	-0.178869	-0.150764	-0.140642	-0.1555	-0.188048	-0.222977	
0.221586	0.221586	0.249849	0.290363	0.351107	0.416882	0.474024	0.489471	0.43456	0.304182	0.124972	-0.0866023	-0.292492	-0.477491	-0.613806	-0.710651	-0.76706	-0.77628	-0.725896	-0.631459	-0.513739	-0.395216	-0.280931	-0.162538	-0.047885	0.0423373	0.0982585	0.126345	0.133365	0.115726	0.0654566	-0.00750133	-0.0955194	-0.190581	-0.290158	-0.393511	-0.479673	-0.527653	-0.534876	-0.511899	-0.460576	-0.38039	-0.287984	-0.190374	-0.106737	-0.0593195	-0.0465205	-0.0512328	-0.0770408	-0.109502	
0.402992	0.402992	0.429665	0.469769	0.521046	0.577277	0.628406	0.631843	0.557662	0.406747	0.208491	-0.016215	-0.236584	-0.435874	-0.591855	-0.703834	-0.767802	-0.785441	-0.751331	-0.668705	-0.567108	-0.456979	-0.341036	-0.221562	-0.11688	-0.0288489	0.0232607	0.0537613	0.0637956	0.0433822	-0.015394	-0.0955194	-0.197396	-0.314527	-0.438993	-0.55935	-0.654439	-0.70352	-0.698218	-0.643866	-0.550697	-0.42696	-0.292943	-0.156556	-0.0481465	0.0284633	0.0621685	0.0737003	0.054949	0.0167163	
0.551882	0.551882	0.576614	0.60892	0.645754	0.688993	0.725154	0.715968	0.628284	0.46548	0.261498	0.0377287	-0.191204	-0.397169	-0.559468	-0.669893	-0.727784	-0.748516	-0.732839	-0.666287	-0.580322	-0.482331	-0.368724	-0.25649	-0.167227	-0.0869956	-0.0306306	-0.00150256	0.000761162	-0.027965	-0.0934592	-0.190581	-0.314527	-0.459842	-0.612429	-0.747254	-0.847633	-0.898319	-0.880822	-0.796088	-0.663104	-0.504012	-0.32952	-0.154541	-0.0185053	0.0875307	0.148721	0.176174	0.172001	0.131914	
0.670973	0.670973	0.686948	0.707806	0.727482	0.747267	0.754042	0.724789	0.629692	0.476393	0.283308	0.0694022	-0.155215	-0.353776	-0.505942	-0.602034	-0.651425	-0.673914	-0.668865	-0.626455	-0.559254	-0.474611	-0.370693	-0.276368	-0.192434	-0.118286	-0.0639573	-0.0427234	-0.0497379	-0.0959751	-0.178093	-0.290158	-0.438993	-0.612429	-0.779773	-0.922695	-1.03153	-1.08232	-1.05397	-0.952522	-0.790419	-0.594309	-0.381006	-0.180042	-0.00890542	0.120726	0.205959	0.248567	0.254715	0.220179	
0.751413	0.751413	0.766289	0.772784	0.770963	0.758139	0.733377	0.673647	0.567014	0.417506	0.254234	0.0708584	-0.116259	-0.293631	-0.425094	-0.507422	-0.545373	-0.569068	-0.571869	-0.550477	-0.502593	-0.4343	-0.348205	-0.266667	-0.195045	-0.133904	-0.0889831	-0.0756559	-0.0976903	-0.15993	-0.261023	-0.393511	-0.55935	-0.747254	-0.922695	-1.0697	-1.17556	-1.21948	-1.18898	-1.07921	-0.900145	-0.670064	-0.424344	-0.197766	-0.00134853	0.144042	0.245701	0.303458	0.307078	0.267195	
0.802998	0.802998	0.812538	0.798868	0.771505	0.728199	0.664891	0.576719	0.454382	0.309025	0.176822	0.0433487	-0.0975106	-0.233276	-0.329025	-0.38703	-0.41582	-0.435276	-0.448925	-0.445816	-0.413999	-0.365599	-0.30441	-0.238993	-0.188004	-0.149121	-0.113359	-0.10371	-0.14003	-0.214028	-0.328664	-0.479673	-0.654439	-0.847633	-1.03153	-1.17556	-1.26276	-1.29236	-1.25443	-1.13901	-0.95292	-0.706003	-0.43782	-0.187946	0.0215069	0.177208	0.281402	0.336555	0.335674	0.281666	
0.820943	0.820943	0.816554	0.781475	0.72856	0.655174	0.550848	0.433008	0.299995	0.172076	0.0734534	-0.00840027	-0.0988677	-0.179781	-0.23367	-0.259695	-0.276063	-0.291664	-0.315267	-0.322775	-0.312004	-0.285377	-0.250128	-0.213125	-0.187874	-0.166953	-0.146143	-0.140466	-0.179847	-0.262731	-0.380013	-0.527653	-0.70352	-0.898319	-1.08232	-1.21948	-1.29236	-1.29965	-1.24789	-1.12869	-0.939729	-0.688212	-0.414077	-0.153284	0.0614047	0.216713	0.313228	0.356616	0.341522	0.26984	
0.793146	0.793146	0.773234	0.718431	0.63364	0.526803	0.398392	0.262262	0.126947	0.0230334	-0.0375433	-0.0699274	-0.104754	-0.133777	-0.143974	-0.141504	-0.142495	-0.155832	-0.184006	-0.20233	-0.206309	-0.206834	-0.201394	-0.196377	-0.19331	-0.185218	-0.17783	-0.181919	-0.21904	-0.296344	-0.403071	-0.534876	-0.698218	-0.880822	-1.05397	-1.18898	-1.25443	-1.24789	-1.18015	-1.06042	-0.872491	-0.628911	-0.35752	-0.0998589	0.109328	0.254876	0.339259	0.365934	0.333481	0.246343	
0.720634	0.720634	0.688567	0.614949	0.50517	0.372548	0.232438	0.0913828	-0.0315229	-0.109217	-0.131067	-0.11802	-0.0994379	-0.0824059	-0.0562319	-0.0319164	-0.0269523	-0.0415916	-0.071604	-0.0941894	-0.115031	-0.144709	-0.169624	-0.187545	-0.204282	-0.209958	-0.209543	-0.219548	-0.251055	-0.317354	-0.405007	-0.511899	-0.643866	-0.796088	-0.952522	-1.07921	-1.13901	-1.12869	-1.06042	-0.937	-0.759436	-0.534476	-0.280504	-0.036866	0.15939	0.294452	0.36116	0.368848	0.32357	0.225661	
0.618821	0.618821	0.57642	0.490132	0.370014	0.22906	0.0789865	-0.0558012	-0.157858	-0.201529	-0.185301	-0.128596	-0.067119	-0.0112956	0.0364885	0.0682022	0.0683611	0.0435661	0.0118803	-0.0128519	-0.0423172	-0.0870064	-0.137239	-0.187074	-0.224513	-0.24042	-0.245389	-0.256068	-0.279329	-0.326485	-0.388854	-0.460576	-0.550697	-0.663104	-0.790419	-0.900145	-0.95292	-0.939729	-0.872491	-0.759436	-0.603821	-0.406534	-0.182539	0.0378963	0.220674	0.342376	0.393579	0.381465	0.326881	0.220696	
0.512157	0.512157	0.462367	0.366769	0.237784	0.0917466	-0.0500747	-0.165522	-0.238106	-0.242649	-0.188467	-0.104283	-0.0120792	0.069715	0.125876	0.156871	0.152225	0.114606	0.0779691	0.0488202	0.0106671	-0.0415873	-0.107984	-0.183669	-0.239195	-0.271777	-0.282788	-0.286252	-0.296261	-0.321204	-0.351548	-0.38039	-0.42696	-0.504012	-0.594309	-0.670064	-0.706003	-0.688212	-0.628911	-0.534476	-0.406534	-0.244513	-0.0563135	0.131021	0.292208	0.394967	0.43311	0.410981	0.341828	0.236223	
0.408743	0.408743	0.355701	0.255488	0.118527	-0.0289853	-0.155487	-0.24494	-0.2795	-0.245974	-0.164117	-0.0561979	0.0553822	0.142678	0.206366	0.238637	0.228497	0.186516	0.140892	0.0956543	0.0471765	-0.0159918	-0.0972831	-0.186151	-0.254094	-0.291433	-0.303496	-0.302382	-0.303653	-0.304319	-0.299045	-0.287984	-0.292943	-0.32952	-0.381006	-0.424344	-0.43782	-0.414077	-0.35752	-0.280504	-0.182539	-0.0563135	0.0890451	0.233909	0.362735	0.443349	0.465777	0.441649	0.363202	0.2572	
0.318722	0.318722	0.258249	0.153259	0.0192302	-0.123142	-0.235088	-0.297674	-0.296224	-0.23141	-0.125151	-0.00384835	0.115435	0.20803	0.276709	0.309587	0.298543	0.256915	0.199886	0.135858	0.0694636	-0.00896781	-0.101227	-0.194678	-0.269157	-0.304213	-0.306458	-0.295006	-0.288324	-0.275188	-0.238738	-0.190374	-0.156556	-0.154541	-0.180042	-0.197766	-0.187946	-0.153284	-0.0998589	-0.036866	0.0378963	0.131021	0.233909	0.337813	0.427511	0.47987	0.484141	0.448039	0.369202	0.269842	
0.234172	0.234172	0.174171	0.0638876	-0.0638125	-0.19081	-0.287817	-0.324318	-0.290628	-0.204441	-0.0786135	0.0496138	0.16669	0.258789	0.321697	0.353818	0.356562	0.321792	0.255133	0.167364	0.0748781	-0.0194921	-0.119584	-0.209736	-0.276798	-0.305802	-0.300103	-0.280257	-0.25964	-0.232662	-0.178869	-0.106737	-0.0481465	-0.0185053	-0.00890542	-0.00134853	0.0215069	0.0614047	0.109328	0.15939	0.220674	0.292208	0.362735	0.427511	0.469651	0.486339	0.471943	0.427048	0.361939	0.278896	
0.140391	0.140391	0.0858419	-0.0117509	-0.128888	-0.237719	-0.310262	-0.321897	-0.270033	-0.168005	-0.0337912	0.0970973	0.204525	0.2881	0.337701	0.368266	0.381462	0.35111	0.277697	0.176546	0.0637833	-0.04264	-0.14241	-0.227143	-0.286081	-0.306218	-0.287001	-0.261079	-0.239547	-0.210629	-0.150764	-0.0593195	0.0284633	0.0875307	0.120726	0.144042	0.177208	0.216713	0.254876	0.294452	0.342376	0.394967	0.443349	0.47987	0.486339	0.465206	0.435236	0.393758	0.348967	0.292746	
0.0159421	0.0159421	-0.0346929	-0.114134	-0.206984	-0.286044	-0.326495	-0.315935	-0.244976	-0.134941	-0.00479697	0.119625	0.212343	0.275603	0.31611	0.342162	0.356694	0.332015	0.25983	0.152425	0.0292085	-0.0793761	-0.171971	-0.244037	-0.28665	-0.298798	-0.282189	-0.258615	-0.241123	-0.207481	-0.140642	-0.0465205	0.0621685	0.148721	0.205959	0.245701	0.281402	0.313228	0.339259	0.36116	0.393579	0.43311	0.465777	0.484141	0.471943	0.435236	0.394259	0.362911	0.342498	0.31145	
-0.159988	-0.159988	-0.200574	-0.257417	-0.314136	-0.352173	-0.35798	-0.32279	-0.237747	-0.12444	-0.00567869	0.10442	0.180913	0.221441	0.243391	0.264935	0.281201	0.263998	0.191935	0.0801645	-0.0410907	-0.140593	-0.217698	-0.270393	-0.293722	-0.299087	-0.289827	-0.273659	-0.257508	-0.225824	-0.1555	-0.0512328	0.0737003	0.176174	0.248567	0.303458	0.336555	0.356616	0.365934	0.368848	0.381465	0.410981	0.441649	0.448039	0.427048	0.393758	0.362911	0.348789	0.346996	0.334439	
-0.407385	-0.407385	-0.423464	-0.448527	-0.464254	-0.457016	-0.422485	-0.359687	-0.268317	-0.160067	-0.0505584	0.0429347	0.104561	0.126001	0.133531	0.149545	0.16302	0.142179	0.0762383	-0.0266178	-0.135995	-0.230821	-0.292079	-0.323799	-0.329772	-0.32058	-0.310324	-0.30758	-0.295189	-0.260639	-0.188048	-0.0770408	0.054949	0.172001	0.254715	0.307078	0.335674	0.341522	0.333481	0.32357	0.326881	0.341828	0.363202	0.369202	0.361939	0.348967	0.342498	0.346996	0.354511	0.355215	
-0.715926	-0.715926	-0.707401	-0.692756	-0.658135	-0.603564	-0.530016	-0.44239	-0.34506	-0.245254	-0.143266	-0.0632641	-0.0161676	-0.00450138	-0.00029276	0.00858018	0.0189616	0.000990145	-0.0602396	-0.154569	-0.251168	-0.332144	-0.381633	-0.397839	-0.388266	-0.367956	-0.360052	-0.356268	-0.335796	-0.296368	-0.222977	-0.109502	0.0167163	0.131914	0.220179	0.267195	0.281666	0.26984	0.246343	0.225661	0.220696	0.236223	0.2572	0.269842	0.278896	0.292746	0.31145	0.334439	0.355215	0.369826	
