0.472963	0.480109	0.451151	0.371296	0.243168	0.0721676	-0.130869	-0.34053	-0.551427	-0.755267	-0.915463	-1.00661	-1.02551	-0.967386	-0.847537	-0.695806	-0.538635	-0.399553	-0.297172	-0.25109	-0.271744	-0.329346	-0.405425	-0.483394	-0.53892	-0.543692	-0.496118	-0.408835	-0.291103	-0.17013	-0.0499319	0.0454419	0.10596	0.143028	0.155747	0.154989	0.15456	0.167659	0.196219	0.241907	0.30125	0.367827	0.433958	0.496421	0.553612	0.595873	0.631035	0.657373	0.665259	0.665259	
0.480109	0.491471	0.4675	0.391173	0.26467	0.0957738	-0.0987826	-0.310919	-0.537304	-0.745889	-0.904281	-0.995166	-1.00282	-0.934584	-0.815601	-0.668454	-0.530018	-0.421231	-0.349465	-0.332754	-0.375714	-0.445758	-0.51996	-0.588518	-0.63124	-0.612929	-0.537784	-0.428035	-0.285653	-0.130873	0.00875818	0.1195	0.198853	0.241752	0.266156	0.275849	0.27726	0.289145	0.306531	0.335862	0.369221	0.402421	0.440385	0.476204	0.502286	0.51938	0.539277	0.551114	0.549391	0.549391	
0.451151	0.4675	0.45859	0.389518	0.272639	0.122973	-0.0509043	-0.258598	-0.485944	-0.6901	-0.84653	-0.931424	-0.93398	-0.874117	-0.764635	-0.627447	-0.513276	-0.429964	-0.384256	-0.396515	-0.454424	-0.533898	-0.619019	-0.680974	-0.708376	-0.671236	-0.560253	-0.418443	-0.253766	-0.0735248	0.0796844	0.19395	0.280344	0.331516	0.361259	0.380052	0.392468	0.398494	0.399674	0.407739	0.409701	0.411539	0.418082	0.425089	0.433473	0.434694	0.438778	0.443588	0.439894	0.439894	
0.371296	0.391173	0.389518	0.337562	0.255666	0.147991	0.000149033	-0.189473	-0.394776	-0.588555	-0.738028	-0.815475	-0.816272	-0.7661	-0.671483	-0.558403	-0.471341	-0.416722	-0.400493	-0.433986	-0.504721	-0.596395	-0.688993	-0.744035	-0.751873	-0.69042	-0.555798	-0.387699	-0.203747	-0.0110395	0.150663	0.263405	0.347092	0.403332	0.432975	0.441818	0.449909	0.453517	0.444194	0.434625	0.419875	0.406774	0.390954	0.371796	0.362669	0.356321	0.349158	0.345232	0.347142	0.347142	
0.243168	0.26467	0.272639	0.255666	0.215586	0.147012	0.0369715	-0.116129	-0.294569	-0.462384	-0.58624	-0.651101	-0.657433	-0.613258	-0.533629	-0.454466	-0.396232	-0.374173	-0.39241	-0.44762	-0.531154	-0.627972	-0.714913	-0.759904	-0.742044	-0.658542	-0.518769	-0.334103	-0.138198	0.0468499	0.199507	0.314089	0.396138	0.44329	0.468077	0.469771	0.462082	0.451389	0.437219	0.417282	0.39101	0.373911	0.349586	0.319699	0.300263	0.288067	0.277627	0.269068	0.273479	0.273479	
0.0721676	0.0957738	0.122973	0.147991	0.147012	0.111736	0.0497278	-0.0611196	-0.19856	-0.328544	-0.425223	-0.471454	-0.465864	-0.425749	-0.36811	-0.314735	-0.285429	-0.297478	-0.347594	-0.415814	-0.513056	-0.617134	-0.690848	-0.718868	-0.682162	-0.587139	-0.444569	-0.264382	-0.0800618	0.0916261	0.236478	0.349136	0.42796	0.463216	0.475405	0.473029	0.44769	0.413977	0.387885	0.359948	0.329061	0.30476	0.280418	0.258029	0.240683	0.227209	0.216693	0.209166	0.209677	0.209677	
-0.130869	-0.0987826	-0.0509043	0.000149033	0.0369715	0.0497278	0.0329685	-0.0300292	-0.117352	-0.197248	-0.260472	-0.28661	-0.267809	-0.227923	-0.182476	-0.151126	-0.142555	-0.174223	-0.245203	-0.331329	-0.436759	-0.540417	-0.610415	-0.626878	-0.583623	-0.488938	-0.349963	-0.182204	-0.00982493	0.149198	0.279468	0.377761	0.446344	0.469776	0.462211	0.441203	0.402303	0.357712	0.310757	0.270875	0.242621	0.216416	0.198995	0.186759	0.177116	0.162548	0.146657	0.140012	0.127366	0.127366	
-0.34053	-0.310919	-0.258598	-0.189473	-0.116129	-0.0611196	-0.0300292	-0.0288634	-0.0560909	-0.0890008	-0.117452	-0.114354	-0.0808257	-0.0328836	0.0138501	0.043134	0.0417978	0.000157963	-0.0747973	-0.171747	-0.281451	-0.387038	-0.457448	-0.477751	-0.447678	-0.366556	-0.239571	-0.0839624	0.0754669	0.218783	0.332398	0.410362	0.449318	0.449454	0.42506	0.385296	0.332787	0.282364	0.2301	0.17923	0.14692	0.119371	0.0985497	0.0918914	0.0826748	0.0660012	0.0568739	0.0521859	0.0367484	0.0367484	
-0.551427	-0.537304	-0.485944	-0.394776	-0.294569	-0.19856	-0.117352	-0.0560909	-0.0219624	-0.0114799	-0.00102918	0.0393111	0.10175	0.169406	0.233513	0.26965	0.267777	0.226578	0.150596	0.0498271	-0.0620494	-0.16668	-0.243586	-0.279668	-0.270753	-0.210185	-0.100843	0.0375677	0.174924	0.29712	0.391013	0.437833	0.441369	0.41596	0.371091	0.311658	0.243824	0.181512	0.130404	0.0827666	0.0464129	0.0173688	-0.0120047	-0.0254643	-0.0381802	-0.0577882	-0.0594438	-0.0566901	-0.0658827	-0.0658827	
-0.755267	-0.745889	-0.6901	-0.588555	-0.462384	-0.328544	-0.197248	-0.0890008	-0.0114799	0.0419368	0.103011	0.189129	0.292447	0.393845	0.476177	0.517252	0.519817	0.483868	0.411607	0.311108	0.196021	0.0883491	-0.00146572	-0.0568184	-0.0670134	-0.0184598	0.0710607	0.180024	0.287981	0.379746	0.439818	0.452902	0.432205	0.378913	0.305203	0.223391	0.143878	0.0744656	0.013899	-0.0319226	-0.0663532	-0.0969217	-0.130963	-0.155814	-0.171993	-0.188486	-0.18954	-0.184334	-0.185801	-0.185801	
-0.915463	-0.904281	-0.84653	-0.738028	-0.58624	-0.425223	-0.260472	-0.117452	-0.00102918	0.103011	0.219965	0.350858	0.491652	0.624825	0.722615	0.774885	0.783028	0.749188	0.678764	0.577412	0.454878	0.335309	0.234308	0.163634	0.139388	0.17575	0.245531	0.326882	0.405844	0.465657	0.485709	0.462004	0.414756	0.336734	0.242696	0.142185	0.0471454	-0.0259394	-0.0955606	-0.152756	-0.194293	-0.232269	-0.263411	-0.28906	-0.306043	-0.313985	-0.318863	-0.320212	-0.318323	-0.318323	
-1.00661	-0.995166	-0.931424	-0.815475	-0.651101	-0.471454	-0.28661	-0.114354	0.0393111	0.189129	0.350858	0.525564	0.698333	0.849453	0.952878	1.01441	1.02799	0.987959	0.908396	0.800017	0.665965	0.530602	0.425393	0.347126	0.315876	0.342841	0.400053	0.461227	0.512644	0.54491	0.534822	0.483982	0.402573	0.301553	0.193369	0.0778272	-0.0264796	-0.114374	-0.194819	-0.262515	-0.320054	-0.36481	-0.392037	-0.414463	-0.427186	-0.432597	-0.445774	-0.454683	-0.456632	-0.456632	
-1.02551	-1.00282	-0.93398	-0.816272	-0.657433	-0.465864	-0.267809	-0.0808257	0.10175	0.292447	0.491652	0.698333	0.89424	1.04827	1.15443	1.20649	1.20704	1.1605	1.07072	0.944902	0.800148	0.65339	0.53573	0.463677	0.444168	0.467312	0.516371	0.568134	0.599645	0.611606	0.580194	0.507893	0.407342	0.289635	0.164649	0.0414141	-0.0668075	-0.174299	-0.27113	-0.349834	-0.415608	-0.463318	-0.495654	-0.518951	-0.535875	-0.547464	-0.56404	-0.579272	-0.582586	-0.582586	
-0.967386	-0.934584	-0.874117	-0.7661	-0.613258	-0.425749	-0.227923	-0.0328836	0.169406	0.393845	0.624825	0.849453	1.04827	1.19383	1.29767	1.33991	1.32091	1.25034	1.13482	0.984794	0.834581	0.692053	0.575359	0.518737	0.50867	0.526255	0.574288	0.633834	0.66241	0.659631	0.616425	0.534256	0.428739	0.303529	0.170562	0.0392491	-0.0856799	-0.202223	-0.304649	-0.394177	-0.462623	-0.516216	-0.561605	-0.593634	-0.625081	-0.647212	-0.660667	-0.674005	-0.675633	-0.675633	
-0.847537	-0.815601	-0.764635	-0.671483	-0.533629	-0.36811	-0.182476	0.0138501	0.233513	0.476177	0.722615	0.952878	1.15443	1.29767	1.37462	1.39198	1.34743	1.23818	1.09089	0.936584	0.779838	0.636751	0.539783	0.499869	0.499528	0.532862	0.593492	0.654024	0.686522	0.682159	0.643726	0.566734	0.459237	0.334686	0.199925	0.0627662	-0.0780783	-0.19992	-0.300034	-0.391877	-0.460123	-0.522646	-0.580215	-0.622835	-0.665801	-0.696446	-0.712366	-0.723446	-0.727389	-0.727389	
-0.695806	-0.668454	-0.627447	-0.558403	-0.454466	-0.314735	-0.151126	0.043134	0.26965	0.517252	0.774885	1.01441	1.20649	1.33991	1.39198	1.36714	1.28511	1.14524	0.973745	0.812813	0.656804	0.519879	0.438697	0.41256	0.434437	0.487375	0.557539	0.629396	0.67298	0.672017	0.645498	0.58779	0.485161	0.364927	0.235042	0.0986093	-0.0333975	-0.151346	-0.254186	-0.343413	-0.41827	-0.48981	-0.551871	-0.601999	-0.642732	-0.67357	-0.694335	-0.703856	-0.713461	-0.713461	
-0.538635	-0.530018	-0.513276	-0.471341	-0.396232	-0.285429	-0.142555	0.0417978	0.267777	0.519817	0.783028	1.02799	1.20704	1.32091	1.34743	1.28511	1.16566	1.00115	0.81328	0.636613	0.485786	0.36383	0.294933	0.281687	0.321389	0.389688	0.469716	0.5587	0.619206	0.635032	0.625924	0.583344	0.495064	0.386668	0.266061	0.139384	0.0231855	-0.0810377	-0.174235	-0.259641	-0.338411	-0.405737	-0.461563	-0.509188	-0.544724	-0.574525	-0.597719	-0.609769	-0.621747	-0.621747	
-0.399553	-0.421231	-0.429964	-0.416722	-0.374173	-0.297478	-0.174223	0.000157963	0.226578	0.483868	0.749188	0.987959	1.1605	1.25034	1.23818	1.14524	1.00115	0.819571	0.629376	0.451262	0.300018	0.183335	0.126219	0.126077	0.174866	0.263352	0.361312	0.462708	0.540912	0.580372	0.587043	0.547949	0.473697	0.381607	0.280998	0.181739	0.086608	0.00186005	-0.0777315	-0.150527	-0.213169	-0.267996	-0.309274	-0.34658	-0.378407	-0.403194	-0.427021	-0.441949	-0.450324	-0.450324	
-0.297172	-0.349465	-0.384256	-0.400493	-0.39241	-0.347594	-0.245203	-0.0747973	0.150596	0.411607	0.678764	0.908396	1.07072	1.13482	1.09089	0.973745	0.81328	0.629376	0.439239	0.257159	0.106489	0.00233764	-0.0475435	-0.0404022	0.0223636	0.1288	0.249861	0.361509	0.456859	0.515989	0.526644	0.496843	0.437113	0.366192	0.292709	0.223077	0.157182	0.0921053	0.0321369	-0.0188538	-0.0591294	-0.0940639	-0.120588	-0.142967	-0.164748	-0.17811	-0.192809	-0.206507	-0.207248	-0.207248	
-0.25109	-0.332754	-0.396515	-0.433986	-0.44762	-0.415814	-0.331329	-0.171747	0.0498271	0.311108	0.577412	0.800017	0.944902	0.984794	0.936584	0.812813	0.636613	0.451262	0.257159	0.0643513	-0.0802237	-0.165025	-0.207652	-0.186229	-0.103502	0.0078037	0.144295	0.27173	0.376255	0.443467	0.46047	0.449178	0.415218	0.375589	0.322852	0.266826	0.224544	0.181643	0.150416	0.127324	0.107847	0.0954457	0.0865041	0.08056	0.071572	0.073126	0.0736239	0.0648814	0.0725163	0.0725163	
-0.271744	-0.375714	-0.454424	-0.504721	-0.531154	-0.513056	-0.436759	-0.281451	-0.0620494	0.196021	0.454878	0.665965	0.800148	0.834581	0.779838	0.656804	0.485786	0.300018	0.106489	-0.0802237	-0.21925	-0.297392	-0.326538	-0.2941	-0.198442	-0.0669522	0.0811351	0.211043	0.315391	0.386075	0.416025	0.42507	0.414086	0.392952	0.360358	0.324439	0.300119	0.279249	0.270449	0.272857	0.277858	0.285498	0.294249	0.302091	0.307193	0.319228	0.327925	0.328582	0.339132	0.339132	
-0.329346	-0.445758	-0.533898	-0.596395	-0.627972	-0.617134	-0.540417	-0.387038	-0.16668	0.0883491	0.335309	0.530602	0.65339	0.692053	0.636751	0.519879	0.36383	0.183335	0.00233764	-0.165025	-0.297392	-0.376912	-0.392608	-0.343898	-0.236353	-0.0839217	0.0685435	0.198379	0.305654	0.378218	0.419623	0.434727	0.432952	0.419435	0.400069	0.387695	0.380129	0.380091	0.389755	0.40858	0.430669	0.453337	0.477778	0.495693	0.511928	0.529064	0.540064	0.548863	0.557201	0.557201	
-0.405425	-0.51996	-0.619019	-0.688993	-0.714913	-0.690848	-0.610415	-0.457448	-0.243586	-0.00146572	0.234308	0.425393	0.53573	0.575359	0.539783	0.438697	0.294933	0.126219	-0.0475435	-0.207652	-0.326538	-0.392608	-0.393271	-0.325305	-0.202508	-0.0525336	0.0958689	0.237404	0.349573	0.419207	0.465677	0.485997	0.482629	0.470196	0.460307	0.454711	0.457178	0.473047	0.493111	0.519181	0.544444	0.573772	0.608423	0.634057	0.66024	0.68139	0.694728	0.706377	0.708597	0.708597	
-0.483394	-0.588518	-0.680974	-0.744035	-0.759904	-0.718868	-0.626878	-0.477751	-0.279668	-0.0568184	0.163634	0.347126	0.463677	0.518737	0.499869	0.41256	0.281687	0.126077	-0.0404022	-0.186229	-0.2941	-0.343898	-0.325305	-0.241519	-0.109179	0.0357687	0.17857	0.312647	0.424786	0.493357	0.536277	0.557023	0.547927	0.534057	0.526025	0.526157	0.534792	0.548743	0.569257	0.595731	0.61807	0.645041	0.676029	0.703695	0.737599	0.760818	0.77572	0.789578	0.787094	0.787094	
-0.53892	-0.63124	-0.708376	-0.751873	-0.742044	-0.682162	-0.583623	-0.447678	-0.270753	-0.0670134	0.139388	0.315876	0.444168	0.50867	0.499528	0.434437	0.321389	0.174866	0.0223636	-0.103502	-0.198442	-0.236353	-0.202508	-0.109179	0.0177136	0.157538	0.299248	0.425035	0.525849	0.585023	0.617454	0.627739	0.616776	0.601055	0.588284	0.583793	0.581505	0.588057	0.604958	0.626725	0.651015	0.674923	0.700091	0.725899	0.748393	0.764217	0.778921	0.790222	0.792168	0.792168	
-0.543692	-0.612929	-0.671236	-0.69042	-0.658542	-0.587139	-0.488938	-0.366556	-0.210185	-0.0184598	0.17575	0.342841	0.467312	0.526255	0.532862	0.487375	0.389688	0.263352	0.1288	0.0078037	-0.0669522	-0.0839217	-0.0525336	0.0357687	0.157538	0.291745	0.432856	0.555661	0.641066	0.687552	0.698498	0.688814	0.672947	0.647458	0.625288	0.611503	0.598299	0.595999	0.605991	0.616432	0.63469	0.659417	0.677647	0.695869	0.703705	0.709014	0.72342	0.731036	0.738978	0.738978	
-0.496118	-0.537784	-0.560253	-0.555798	-0.518769	-0.444569	-0.349963	-0.239571	-0.100843	0.0710607	0.245531	0.400053	0.516371	0.574288	0.593492	0.557539	0.469716	0.361312	0.249861	0.144295	0.0811351	0.0685435	0.0958689	0.17857	0.299248	0.432856	0.56344	0.668607	0.732869	0.764211	0.759306	0.732986	0.703969	0.666537	0.63154	0.609404	0.597304	0.581357	0.573493	0.577297	0.582226	0.594946	0.604052	0.610464	0.618067	0.625692	0.633854	0.637552	0.643911	0.643911	
-0.408835	-0.428035	-0.418443	-0.387699	-0.334103	-0.264382	-0.182204	-0.0839624	0.0375677	0.180024	0.326882	0.461227	0.568134	0.633834	0.654024	0.629396	0.5587	0.462708	0.361509	0.27173	0.211043	0.198379	0.237404	0.312647	0.425035	0.555661	0.668607	0.74278	0.784858	0.805068	0.788312	0.751532	0.709122	0.662674	0.619866	0.579455	0.552577	0.530285	0.515861	0.515324	0.508475	0.504464	0.50634	0.506348	0.515712	0.525659	0.523582	0.519825	0.519309	0.519309	
-0.291103	-0.285653	-0.253766	-0.203747	-0.138198	-0.0800618	-0.00982493	0.0754669	0.174924	0.287981	0.405844	0.512644	0.599645	0.66241	0.686522	0.67298	0.619206	0.540912	0.456859	0.376255	0.315391	0.305654	0.349573	0.424786	0.525849	0.641066	0.732869	0.784858	0.81132	0.815691	0.784001	0.733547	0.684677	0.628178	0.574022	0.522318	0.481345	0.461284	0.446674	0.434986	0.420642	0.40998	0.406492	0.400799	0.402974	0.406446	0.402006	0.399504	0.398599	0.398599	
-0.17013	-0.130873	-0.0735248	-0.0110395	0.0468499	0.0916261	0.149198	0.218783	0.29712	0.379746	0.465657	0.54491	0.611606	0.659631	0.682159	0.672017	0.635032	0.580372	0.515989	0.443467	0.386075	0.378218	0.419207	0.493357	0.585023	0.687552	0.764211	0.805068	0.815691	0.799017	0.754314	0.690719	0.632121	0.564163	0.502741	0.452595	0.411872	0.387295	0.357615	0.334581	0.324575	0.318049	0.312273	0.305693	0.298674	0.289493	0.285783	0.287485	0.288582	0.288582	
-0.0499319	0.00875818	0.0796844	0.150663	0.199507	0.236478	0.279468	0.332398	0.391013	0.439818	0.485709	0.534822	0.580194	0.616425	0.643726	0.645498	0.625924	0.587043	0.526644	0.46047	0.416025	0.419623	0.465677	0.536277	0.617454	0.698498	0.759306	0.788312	0.784001	0.754314	0.703865	0.63366	0.558762	0.488128	0.427424	0.380795	0.341943	0.305434	0.27413	0.248014	0.234608	0.22811	0.214804	0.210329	0.205027	0.18983	0.190659	0.197525	0.192914	0.192914	
0.0454419	0.1195	0.19395	0.263405	0.314089	0.349136	0.377761	0.410362	0.437833	0.452902	0.462004	0.483982	0.507893	0.534256	0.566734	0.58779	0.583344	0.547949	0.496843	0.449178	0.42507	0.434727	0.485997	0.557023	0.627739	0.688814	0.732986	0.751532	0.733547	0.690719	0.63366	0.562805	0.482534	0.41273	0.355575	0.305966	0.260621	0.223464	0.199307	0.176842	0.163968	0.149502	0.131094	0.128975	0.125657	0.115631	0.118296	0.120922	0.107946	0.107946	
0.10596	0.198853	0.280344	0.347092	0.396138	0.42796	0.446344	0.449318	0.441369	0.432205	0.414756	0.402573	0.407342	0.428739	0.459237	0.485161	0.495064	0.473697	0.437113	0.415218	0.414086	0.432952	0.482629	0.547927	0.616776	0.672947	0.703969	0.709122	0.684677	0.632121	0.558762	0.482534	0.410139	0.342629	0.281945	0.229554	0.182664	0.152291	0.130379	0.111213	0.105588	0.0883402	0.0727109	0.0710855	0.0662651	0.0607256	0.0575806	0.0548449	0.0431622	0.0431622	
0.143028	0.241752	0.331516	0.403332	0.44329	0.463216	0.469776	0.449454	0.41596	0.378913	0.336734	0.301553	0.289635	0.303529	0.334686	0.364927	0.386668	0.381607	0.366192	0.375589	0.392952	0.419435	0.470196	0.534057	0.601055	0.647458	0.666537	0.662674	0.628178	0.564163	0.488128	0.41273	0.342629	0.278019	0.214105	0.166961	0.128927	0.097643	0.079516	0.0618063	0.0480082	0.0349151	0.027396	0.022766	0.0173598	0.013814	0.00823365	0.0100036	0.0114439	0.0114439	
0.155747	0.266156	0.361259	0.432975	0.468077	0.475405	0.462211	0.42506	0.371091	0.305203	0.242696	0.193369	0.164649	0.170562	0.199925	0.235042	0.266061	0.280998	0.292709	0.322852	0.360358	0.400069	0.460307	0.526025	0.588284	0.625288	0.63154	0.619866	0.574022	0.502741	0.427424	0.355575	0.281945	0.214105	0.158583	0.116024	0.0839416	0.0576472	0.0402245	0.0194357	0.00179875	-0.00211274	-0.00334107	-0.00959661	-0.0175651	-0.0177372	-0.0216415	-0.0258202	-0.0153136	-0.0153136	
0.154989	0.275849	0.380052	0.441818	0.469771	0.473029	0.441203	0.385296	0.311658	0.223391	0.142185	0.0778272	0.0414141	0.0392491	0.0627662	0.0986093	0.139384	0.181739	0.223077	0.266826	0.324439	0.387695	0.454711	0.526157	0.583793	0.611503	0.609404	0.579455	0.522318	0.452595	0.380795	0.305966	0.229554	0.166961	0.116024	0.0712972	0.0439328	0.0234504	0.00298697	-0.0126181	-0.0214037	-0.0221076	-0.0251822	-0.0356316	-0.0409354	-0.0356064	-0.0396023	-0.0487312	-0.0415679	-0.0415679	
0.15456	0.27726	0.392468	0.449909	0.462082	0.44769	0.402303	0.332787	0.243824	0.143878	0.0471454	-0.0264796	-0.0668075	-0.0856799	-0.0780783	-0.0333975	0.0231855	0.086608	0.157182	0.224544	0.300119	0.380129	0.457178	0.534792	0.581505	0.598299	0.597304	0.552577	0.481345	0.411872	0.341943	0.260621	0.182664	0.128927	0.0839416	0.0439328	0.0182998	-0.00565226	-0.0246717	-0.0286562	-0.0346846	-0.0428627	-0.0467718	-0.0531341	-0.054576	-0.0504239	-0.0529719	-0.0584808	-0.0571184	-0.0571184	
0.167659	0.289145	0.398494	0.453517	0.451389	0.413977	0.357712	0.282364	0.181512	0.0744656	-0.0259394	-0.114374	-0.174299	-0.202223	-0.19992	-0.151346	-0.0810377	0.00186005	0.0921053	0.181643	0.279249	0.380091	0.473047	0.548743	0.588057	0.595999	0.581357	0.530285	0.461284	0.387295	0.305434	0.223464	0.152291	0.097643	0.0576472	0.0234504	-0.00565226	-0.0253369	-0.0368074	-0.0397949	-0.0488148	-0.0602955	-0.0605464	-0.0594663	-0.0633419	-0.0645933	-0.0618747	-0.0632731	-0.0645886	-0.0645886	
0.196219	0.306531	0.399674	0.444194	0.437219	0.387885	0.310757	0.2301	0.130404	0.013899	-0.0955606	-0.194819	-0.27113	-0.304649	-0.300034	-0.254186	-0.174235	-0.0777315	0.0321369	0.150416	0.270449	0.389755	0.493111	0.569257	0.604958	0.605991	0.573493	0.515861	0.446674	0.357615	0.27413	0.199307	0.130379	0.079516	0.0402245	0.00298697	-0.0246717	-0.0368074	-0.0475892	-0.0536512	-0.0603923	-0.0658458	-0.0625571	-0.0640458	-0.0684129	-0.0702347	-0.0693727	-0.068963	-0.0703635	-0.0703635	
0.241907	0.335862	0.407739	0.434625	0.417282	0.359948	0.270875	0.17923	0.0827666	-0.0319226	-0.152756	-0.262515	-0.349834	-0.394177	-0.391877	-0.343413	-0.259641	-0.150527	-0.0188538	0.127324	0.272857	0.40858	0.519181	0.595731	0.626725	0.616432	0.577297	0.515324	0.434986	0.334581	0.248014	0.176842	0.111213	0.0618063	0.0194357	-0.0126181	-0.0286562	-0.0397949	-0.0536512	-0.0626107	-0.0665462	-0.0678304	-0.0686827	-0.0709155	-0.0704875	-0.0715056	-0.0745177	-0.0745044	-0.0708815	-0.0708815	
0.30125	0.369221	0.409701	0.419875	0.39101	0.329061	0.242621	0.14692	0.0464129	-0.0663532	-0.194293	-0.320054	-0.415608	-0.462623	-0.460123	-0.41827	-0.338411	-0.213169	-0.0591294	0.107847	0.277858	0.430669	0.544444	0.61807	0.651015	0.63469	0.582226	0.508475	0.420642	0.324575	0.234608	0.163968	0.105588	0.0480082	0.00179875	-0.0214037	-0.0346846	-0.0488148	-0.0603923	-0.0665462	-0.068695	-0.0697844	-0.0733661	-0.0752667	-0.0727469	-0.0728952	-0.0756483	-0.0751746	-0.0717797	-0.0717797	
0.367827	0.402421	0.411539	0.406774	0.373911	0.30476	0.216416	0.119371	0.0173688	-0.0969217	-0.232269	-0.36481	-0.463318	-0.516216	-0.522646	-0.48981	-0.405737	-0.267996	-0.0940639	0.0954457	0.285498	0.453337	0.573772	0.645041	0.674923	0.659417	0.594946	0.504464	0.40998	0.318049	0.22811	0.149502	0.0883402	0.0349151	-0.00211274	-0.0221076	-0.0428627	-0.0602955	-0.0658458	-0.0678304	-0.0697844	-0.0699662	-0.0724924	-0.0761965	-0.0752144	-0.073213	-0.0732777	-0.0744959	-0.0785669	-0.0785669	
0.433958	0.440385	0.418082	0.390954	0.349586	0.280418	0.198995	0.0985497	-0.0120047	-0.130963	-0.263411	-0.392037	-0.495654	-0.561605	-0.580215	-0.551871	-0.461563	-0.309274	-0.120588	0.0865041	0.294249	0.477778	0.608423	0.676029	0.700091	0.677647	0.604052	0.50634	0.406492	0.312273	0.214804	0.131094	0.0727109	0.027396	-0.00334107	-0.0251822	-0.0467718	-0.0605464	-0.0625571	-0.0686827	-0.0733661	-0.0724924	-0.0765049	-0.0768065	-0.075687	-0.0772665	-0.073932	-0.0721803	-0.0778652	-0.0778652	
0.496421	0.476204	0.425089	0.371796	0.319699	0.258029	0.186759	0.0918914	-0.0254643	-0.155814	-0.28906	-0.414463	-0.518951	-0.593634	-0.622835	-0.601999	-0.509188	-0.34658	-0.142967	0.08056	0.302091	0.495693	0.634057	0.703695	0.725899	0.695869	0.610464	0.506348	0.400799	0.305693	0.210329	0.128975	0.0710855	0.022766	-0.00959661	-0.0356316	-0.0531341	-0.0594663	-0.0640458	-0.0709155	-0.0752667	-0.0761965	-0.0768065	-0.0716312	-0.0717275	-0.0805964	-0.0791703	-0.0722899	-0.0753733	-0.0753733	
0.553612	0.502286	0.433473	0.362669	0.300263	0.240683	0.177116	0.0826748	-0.0381802	-0.171993	-0.306043	-0.427186	-0.535875	-0.625081	-0.665801	-0.642732	-0.544724	-0.378407	-0.164748	0.071572	0.307193	0.511928	0.66024	0.737599	0.748393	0.703705	0.618067	0.515712	0.402974	0.298674	0.205027	0.125657	0.0662651	0.0173598	-0.0175651	-0.0409354	-0.054576	-0.0633419	-0.0684129	-0.0704875	-0.0727469	-0.0752144	-0.075687	-0.0717275	-0.0730328	-0.0781584	-0.0772971	-0.0752927	-0.0771061	-0.0771061	
0.595873	0.51938	0.434694	0.356321	0.288067	0.227209	0.162548	0.0660012	-0.0577882	-0.188486	-0.313985	-0.432597	-0.547464	-0.647212	-0.696446	-0.67357	-0.574525	-0.403194	-0.17811	0.073126	0.319228	0.529064	0.68139	0.760818	0.764217	0.709014	0.625692	0.525659	0.406446	0.289493	0.18983	0.115631	0.0607256	0.013814	-0.0177372	-0.0356064	-0.0504239	-0.0645933	-0.0702347	-0.0715056	-0.0728952	-0.073213	-0.0772665	-0.0805964	-0.0781584	-0.0734093	-0.0728776	-0.0758153	-0.0764672	-0.0764672	
0.631035	0.539277	0.438778	0.349158	0.277627	0.216693	0.146657	0.0568739	-0.0594438	-0.18954	-0.318863	-0.445774	-0.56404	-0.660667	-0.712366	-0.694335	-0.597719	-0.427021	-0.192809	0.0736239	0.327925	0.540064	0.694728	0.77572	0.778921	0.72342	0.633854	0.523582	0.402006	0.285783	0.190659	0.118296	0.0575806	0.00823365	-0.0216415	-0.0396023	-0.0529719	-0.0618747	-0.0693727	-0.0745177	-0.0756483	-0.0732777	-0.073932	-0.0791703	-0.0772971	-0.0728776	-0.0761289	-0.0778442	-0.0741398	-0.0741398	
0.657373	0.551114	0.443588	0.345232	0.269068	0.209166	0.140012	0.0521859	-0.0566901	-0.184334	-0.320212	-0.454683	-0.579272	-0.674005	-0.723446	-0.703856	-0.609769	-0.441949	-0.206507	0.0648814	0.328582	0.548863	0.706377	0.789578	0.790222	0.731036	0.637552	0.519825	0.399504	0.287485	0.197525	0.120922	0.0548449	0.0100036	-0.0258202	-0.0487312	-0.0584808	-0.0632731	-0.068963	-0.0745044	-0.0751746	-0.0744959	-0.0721803	-0.0722899	-0.0752927	-0.0758153	-0.0778442	-0.0790614	-0.0743168	-0.0743168	
0.665259	0.549391	0.439894	0.347142	0.273479	0.209677	0.127366	0.0367484	-0.0658827	-0.185801	-0.318323	-0.456632	-0.582586	-0.675633	-0.727389	-0.713461	-0.621747	-0.450324	-0.207248	0.0725163	0.339132	0.557201	0.708597	0.787094	0.792168	0.738978	0.643911	0.519309	0.398599	0.288582	0.192914	0.107946	0.0431622	0.0114439	-0.0153136	-0.0415679	-0.0571184	-0.0645886	-0.0703635	-0.0708815	-0.0717797	-0.0785669	-0.0778652	-0.0753733	-0.0771061	-0.0764672	-0.0741398	-0.0743168	-0.0765788	-0.0765788	
0.665259	0.549391	0.439894	0.347142	0.273479	0.209677	0.127366	0.0367484	-0.0658827	-0.185801	-0.318323	-0.456632	-0.582586	-0.675633	-0.727389	-0.713461	-0.621747	-0.450324	-0.207248	0.0725163	0.339132	0.557201	0.708597	0.787094	0.792168	0.738978	0.643911	0.519309	0.398599	0.288582	0.192914	0.107946	0.0431622	0.0114439	-0.0153136	-0.0415679	-0.0571184	-0.0645886	-0.0703635	-0.0708815	-0.0717797	-0.0785669	-0.0778652	-0.0753733	-0.0771061	-0.0764672	-0.0741398	-0.0743168	-0.0765788	-0.0765788	
