-0.0403563	-0.0403563	-0.222176	0.258175	-0.473646	0.99611	
-0.0403563	-0.0403563	-0.222176	0.258175	-0.473646	0.99611	
-0.222176	-0.222176	0.417122	0.126391	-0.699752	0.867455	
0.258175	0.258175	0.126391	-0.637364	0.680996	0.646904	
-0.473646	-0.473646	-0.699752	0.680996	-0.142801	-0.234446	
0.99611	0.99611	0.867455	0.646904	-0.234446	0.456621	
