0.413046	0.675421	0.919664	1.12128	1.24877	1.28995	1.26112	1.18294	1.08572	1.00364	0.936077	0.890313	0.86229	0.839167	0.821246	0.797455	0.764035	0.71908	0.663695	0.600468	0.525922	0.452174	0.381744	0.307716	0.243419	0.197191	0.16808	0.16081	0.18291	0.247522	0.352897	0.475737	0.602609	0.717982	0.780484	0.756237	0.645044	0.469987	0.267965	0.0671806	-0.134308	-0.339466	-0.516736	-0.622881	-0.643414	-0.594555	-0.506685	-0.416894	-0.361074	-0.361074	
0.675421	0.928148	1.15881	1.33523	1.43266	1.4453	1.38821	1.28618	1.171	1.06793	0.976471	0.908003	0.857229	0.809936	0.763837	0.713938	0.656964	0.590585	0.524312	0.456513	0.380475	0.312089	0.25095	0.189959	0.141993	0.110886	0.0944353	0.096928	0.126846	0.196997	0.302361	0.424998	0.560149	0.690194	0.769559	0.764703	0.672947	0.513643	0.322161	0.123804	-0.084091	-0.299231	-0.486854	-0.605934	-0.641412	-0.605549	-0.529483	-0.453353	-0.40865	-0.40865	
0.919664	1.15881	1.36557	1.509	1.56954	1.542	1.44941	1.31707	1.17793	1.05163	0.940312	0.856214	0.782485	0.710738	0.646427	0.581569	0.513537	0.445537	0.381533	0.314011	0.247258	0.195815	0.147771	0.100668	0.0695947	0.0521095	0.0447883	0.053334	0.0878923	0.159185	0.259627	0.379112	0.519933	0.660756	0.754212	0.768689	0.698277	0.557537	0.378333	0.182079	-0.0322135	-0.254991	-0.450121	-0.581374	-0.633424	-0.613757	-0.553385	-0.494259	-0.462457	-0.462457	
1.12128	1.33523	1.509	1.61222	1.62574	1.55508	1.42755	1.2663	1.10654	0.962769	0.838472	0.738379	0.647531	0.569492	0.501873	0.434562	0.368598	0.305574	0.249089	0.194008	0.145118	0.108283	0.0714343	0.0399461	0.0234301	0.0141995	0.0121296	0.0243661	0.0608807	0.129148	0.221215	0.336213	0.480418	0.628041	0.733115	0.767098	0.720051	0.600742	0.435394	0.241014	0.0210397	-0.206389	-0.406032	-0.548604	-0.618753	-0.618791	-0.578443	-0.539517	-0.52189	-0.52189	
1.24877	1.43266	1.56954	1.62574	1.59269	1.48491	1.32512	1.14116	0.971145	0.817237	0.685907	0.583178	0.494922	0.421851	0.356519	0.293987	0.237182	0.188816	0.147634	0.104758	0.0704223	0.0473766	0.0218866	0.00250089	-0.00512838	-0.00947738	-0.00839823	0.00524268	0.0412172	0.103415	0.185466	0.295648	0.440722	0.591095	0.705633	0.759295	0.73744	0.642155	0.491946	0.29957	0.0755868	-0.153018	-0.354318	-0.507321	-0.596893	-0.620341	-0.604621	-0.58875	-0.585933	-0.585933	
1.28995	1.4453	1.542	1.55508	1.48491	1.34504	1.1608	0.970798	0.797725	0.641756	0.521898	0.42925	0.347719	0.282877	0.227335	0.179129	0.138374	0.10394	0.0722265	0.0417545	0.0239266	0.00969234	-0.00996196	-0.0196083	-0.0208943	-0.0236043	-0.0219177	-0.00790072	0.0262244	0.0801057	0.151761	0.257317	0.400365	0.549539	0.671701	0.744994	0.749667	0.680388	0.546271	0.356747	0.131573	-0.0944978	-0.295024	-0.45759	-0.567623	-0.618194	-0.631713	-0.641211	-0.653153	-0.653153	
1.26112	1.38821	1.44941	1.42755	1.32512	1.1608	0.970133	0.782502	0.614122	0.476153	0.373806	0.288605	0.219877	0.171701	0.131804	0.0967437	0.066404	0.0437326	0.0234736	0.00486529	-0.0042817	-0.0153938	-0.0279759	-0.0296482	-0.0301054	-0.0335373	-0.030819	-0.0165043	0.0138362	0.0578627	0.120344	0.221515	0.359034	0.503432	0.63175	0.724204	0.755933	0.713712	0.596398	0.411685	0.189341	-0.0305775	-0.228576	-0.39991	-0.531093	-0.612244	-0.659232	-0.695693	-0.721708	-0.721708	
1.18294	1.28618	1.31707	1.2663	1.14116	0.970798	0.782502	0.604521	0.455551	0.334961	0.244809	0.175127	0.127136	0.0947995	0.0637642	0.037541	0.0208417	0.00894883	-0.00713288	-0.0181663	-0.0201948	-0.0289216	-0.0368221	-0.0353792	-0.0367058	-0.039665	-0.0361172	-0.0228275	0.00228625	0.0367058	0.0920909	0.188238	0.316409	0.453363	0.586688	0.697148	0.755346	0.740087	0.640266	0.463755	0.249324	0.0387276	-0.155814	-0.335244	-0.487897	-0.602493	-0.686308	-0.750457	-0.78939	-0.78939	
1.08572	1.171	1.17793	1.10654	0.971145	0.797725	0.614122	0.455551	0.321028	0.217868	0.150348	0.0991384	0.0661854	0.0402719	0.0164396	0.00387	-0.00425153	-0.0151636	-0.0256632	-0.0268897	-0.0286223	-0.0391157	-0.0414314	-0.037463	-0.0408235	-0.0440398	-0.0399696	-0.0278082	-0.00868389	0.0171126	0.0674772	0.157105	0.27247	0.400477	0.537745	0.664155	0.746892	0.757292	0.675953	0.512598	0.311853	0.112992	-0.0779982	-0.265032	-0.439122	-0.58902	-0.711592	-0.803198	-0.853677	-0.853677	
1.00364	1.06793	1.05163	0.962769	0.817237	0.641756	0.476153	0.334961	0.217868	0.14261	0.0890149	0.0464794	0.0223006	0.00321299	-0.00809657	-0.0138634	-0.0213156	-0.0279339	-0.0324098	-0.0327498	-0.0373061	-0.0436815	-0.0403971	-0.0394511	-0.0458042	-0.047129	-0.0417398	-0.031993	-0.0198785	-0.000360888	0.0469176	0.127541	0.227497	0.346345	0.486332	0.625579	0.729459	0.763166	0.701945	0.55807	0.376889	0.191247	0.00322861	-0.191159	-0.386329	-0.57192	-0.733208	-0.851055	-0.9118	-0.9118	
0.936077	0.976471	0.940312	0.838472	0.685907	0.521898	0.373806	0.244809	0.150348	0.0890149	0.039241	0.0097923	-0.00250275	-0.0129115	-0.0203069	-0.0261798	-0.0301823	-0.0351647	-0.0380956	-0.035961	-0.0403407	-0.0443969	-0.0410098	-0.043567	-0.0489689	-0.0476239	-0.0429258	-0.0371706	-0.0309862	-0.0143313	0.0301178	0.0985196	0.182281	0.292941	0.433841	0.581665	0.701936	0.755969	0.717372	0.600077	0.443725	0.271893	0.0858878	-0.115889	-0.331445	-0.551226	-0.748786	-0.890712	-0.960785	-0.960785	
0.890313	0.908003	0.856214	0.738379	0.583178	0.42925	0.288605	0.175127	0.0991384	0.0464794	0.0097923	-0.00373551	-0.0120477	-0.0252905	-0.0318936	-0.0326591	-0.0355856	-0.0395749	-0.036884	-0.0369793	-0.0457152	-0.0455605	-0.0410523	-0.0464133	-0.0505573	-0.0480047	-0.0448858	-0.0429504	-0.0406157	-0.0243932	0.0156155	0.069362	0.138427	0.242252	0.381315	0.532507	0.663464	0.734794	0.722136	0.638291	0.510733	0.352668	0.16772	-0.0417485	-0.276561	-0.526794	-0.755596	-0.918562	-0.99749	-0.99749	
0.86229	0.857229	0.782485	0.647531	0.494922	0.347719	0.219877	0.127136	0.0661854	0.0223006	-0.00250275	-0.0120477	-0.0274738	-0.0372728	-0.033167	-0.0333065	-0.0386158	-0.0392164	-0.0380388	-0.0439504	-0.0476837	-0.0416002	-0.0425024	-0.0509256	-0.0514652	-0.0478811	-0.0472102	-0.0491211	-0.0481998	-0.031042	0.00186037	0.0402515	0.0979141	0.195772	0.329323	0.478139	0.613765	0.699924	0.716851	0.671833	0.575226	0.430682	0.246226	0.0286492	-0.223617	-0.49821	-0.750786	-0.930959	-1.01861	-1.01861	
0.839167	0.809936	0.710738	0.569492	0.421851	0.282877	0.171701	0.0947995	0.0402719	0.00321299	-0.0129115	-0.0252905	-0.0372728	-0.0327988	-0.0301305	-0.0387485	-0.0425902	-0.0408008	-0.0411406	-0.0450213	-0.0445247	-0.0420818	-0.0481968	-0.0531787	-0.0499506	-0.0482233	-0.0511169	-0.055395	-0.0527084	-0.0352668	-0.012714	0.0121322	0.0627129	0.154253	0.277936	0.418685	0.553506	0.653025	0.702576	0.698988	0.633499	0.502507	0.318687	0.0928347	-0.174027	-0.464722	-0.731708	-0.924502	-1.02069	-1.02069	
0.821246	0.763837	0.646427	0.501873	0.356519	0.227335	0.131804	0.0637642	0.0164396	-0.00809657	-0.0203069	-0.0318936	-0.033167	-0.0301305	-0.0393195	-0.0456158	-0.0414984	-0.0383126	-0.0415714	-0.047252	-0.0456506	-0.0444204	-0.0511407	-0.0528415	-0.0490892	-0.0505543	-0.0562584	-0.0599455	-0.0537458	-0.0394817	-0.0290945	-0.0129418	0.0342952	0.117356	0.226789	0.35467	0.484642	0.597035	0.680356	0.717093	0.681102	0.564313	0.3822	0.148768	-0.128318	-0.42524	-0.696262	-0.896322	-1.00019	-1.00019	
0.797455	0.713938	0.581569	0.434562	0.293987	0.179129	0.0967437	0.037541	0.00387	-0.0138634	-0.0261798	-0.0326591	-0.0333065	-0.0387485	-0.0456158	-0.041142	-0.0362261	-0.0408356	-0.0488976	-0.0488088	-0.0422501	-0.04665	-0.0551751	-0.0518983	-0.0488228	-0.0548389	-0.0613284	-0.0612028	-0.0530995	-0.0464556	-0.0461984	-0.0323697	0.0126076	0.0836569	0.175531	0.287407	0.410493	0.535661	0.650716	0.722703	0.713281	0.612027	0.433766	0.195138	-0.0858908	-0.378431	-0.643167	-0.844319	-0.953641	-0.953641	
0.764035	0.656964	0.513537	0.368598	0.237182	0.138374	0.066404	0.0208417	-0.00425153	-0.0213156	-0.0301823	-0.0355856	-0.0386158	-0.0425902	-0.0414984	-0.0362261	-0.0412389	-0.0497496	-0.0489488	-0.0419957	-0.0438395	-0.0551547	-0.0554177	-0.0479687	-0.0520419	-0.0611795	-0.0634993	-0.0594493	-0.0543317	-0.0569173	-0.0609333	-0.0448311	-0.00431018	0.051426	0.124336	0.219174	0.335433	0.472576	0.613285	0.712047	0.725531	0.641554	0.470502	0.231609	-0.0450216	-0.32289	-0.572063	-0.767285	-0.877984	-0.877984	
0.71908	0.590585	0.445537	0.305574	0.188816	0.10394	0.0437326	0.00894883	-0.0151636	-0.0279339	-0.0351647	-0.0395749	-0.0392164	-0.0408008	-0.0383126	-0.0408356	-0.0497496	-0.0483062	-0.0423368	-0.0441938	-0.0532665	-0.056667	-0.0494656	-0.0495266	-0.0598242	-0.064328	-0.0618038	-0.0584971	-0.0596913	-0.0684538	-0.0704509	-0.051458	-0.0193517	0.0194735	0.0740856	0.153169	0.264218	0.410472	0.566723	0.681726	0.714147	0.649105	0.489995	0.258911	-0.0031731	-0.257353	-0.483378	-0.664922	-0.77103	-0.77103	
0.663695	0.524312	0.381533	0.249089	0.147634	0.0722265	0.0234736	-0.00713288	-0.0256632	-0.0324098	-0.0380956	-0.036884	-0.0380388	-0.0411406	-0.0415714	-0.0488976	-0.0489488	-0.0423368	-0.0449975	-0.0515638	-0.0552995	-0.0525027	-0.0493441	-0.056717	-0.064303	-0.0631977	-0.0605251	-0.0608453	-0.0679353	-0.0779079	-0.0740299	-0.0551076	-0.0351741	-0.0125651	0.0264763	0.0932859	0.200912	0.350223	0.509076	0.629478	0.67669	0.631686	0.49079	0.278702	0.0423944	-0.180899	-0.37798	-0.537765	-0.632066	-0.632066	
0.600468	0.456513	0.314011	0.194008	0.104758	0.0417545	0.00486529	-0.0181663	-0.0268897	-0.0327498	-0.035961	-0.0369793	-0.0439504	-0.0450213	-0.047252	-0.0488088	-0.0419957	-0.0441938	-0.0515638	-0.0542109	-0.0548495	-0.0511621	-0.0527954	-0.0627068	-0.0654924	-0.0617327	-0.0611153	-0.0662095	-0.0772963	-0.0829077	-0.072759	-0.0594989	-0.0536491	-0.0439097	-0.0158322	0.0433262	0.147542	0.290581	0.438537	0.554767	0.612324	0.587764	0.472871	0.293144	0.0938566	-0.0930601	-0.256742	-0.387091	-0.462424	-0.462424	
0.525922	0.380475	0.247258	0.145118	0.0704223	0.0239266	-0.0042817	-0.0201948	-0.0286223	-0.0373061	-0.0403407	-0.0457152	-0.0476837	-0.0445247	-0.0456506	-0.0422501	-0.0438395	-0.0532665	-0.0552995	-0.0548495	-0.0523028	-0.0500835	-0.0602026	-0.0684381	-0.0634043	-0.0599609	-0.0649385	-0.0751176	-0.0846154	-0.081574	-0.0702784	-0.0686057	-0.0747555	-0.0722401	-0.0497687	0.00558373	0.103147	0.228706	0.354344	0.459003	0.522096	0.518045	0.437977	0.304291	0.152146	0.00615078	-0.120233	-0.214893	-0.265822	-0.265822	
0.452174	0.312089	0.195815	0.108283	0.0473766	0.00969234	-0.0153938	-0.0289216	-0.0391157	-0.0436815	-0.0443969	-0.0455605	-0.0416002	-0.0420818	-0.0444204	-0.04665	-0.0551547	-0.056667	-0.0525027	-0.0511621	-0.0500835	-0.0589583	-0.0705208	-0.0654065	-0.0579118	-0.0636319	-0.0742758	-0.0835223	-0.0852144	-0.0763204	-0.0727217	-0.0838681	-0.0956597	-0.0945564	-0.0732003	-0.0204127	0.0638225	0.161359	0.25737	0.345381	0.409247	0.426117	0.389556	0.313482	0.216634	0.116272	0.0312215	-0.0239882	-0.0482946	-0.0482946	
0.381744	0.25095	0.147771	0.0714343	0.0218866	-0.00996196	-0.0279759	-0.0368221	-0.0414314	-0.0403971	-0.0410098	-0.0410523	-0.0425024	-0.0481968	-0.0511407	-0.0551751	-0.0554177	-0.0494656	-0.0493441	-0.0527954	-0.0602026	-0.0705208	-0.066349	-0.0563528	-0.0622481	-0.0748357	-0.0823282	-0.0854798	-0.080346	-0.0743833	-0.0837134	-0.102134	-0.1124	-0.108814	-0.086009	-0.0383997	0.0237471	0.086265	0.150223	0.218551	0.279511	0.318642	0.332312	0.321054	0.285359	0.236347	0.196965	0.181753	0.182398	0.182398	
0.307716	0.189959	0.100668	0.0399461	0.00250089	-0.0196083	-0.0296482	-0.0353792	-0.037463	-0.0394511	-0.043567	-0.0464133	-0.0509256	-0.0531787	-0.0528415	-0.0518983	-0.0479687	-0.0495266	-0.056717	-0.0627068	-0.0684381	-0.0654065	-0.0563528	-0.0616124	-0.0756024	-0.081892	-0.084158	-0.0826754	-0.0764492	-0.0812322	-0.101097	-0.118015	-0.122346	-0.11459	-0.0907693	-0.0551055	-0.0229647	0.00321482	0.0368256	0.0843602	0.141236	0.204803	0.271476	0.326614	0.355736	0.364693	0.375004	0.397146	0.417789	0.417789	
0.243419	0.141993	0.0695947	0.0234301	-0.00512838	-0.0208943	-0.0301054	-0.0367058	-0.0408235	-0.0458042	-0.0489689	-0.0505573	-0.0514652	-0.0499506	-0.0490892	-0.0488228	-0.0520419	-0.0598242	-0.064303	-0.0654924	-0.0634043	-0.0579118	-0.0622481	-0.0756024	-0.0818567	-0.0829743	-0.0836065	-0.0787664	-0.0793551	-0.0974838	-0.118702	-0.127132	-0.124921	-0.113455	-0.0933913	-0.078726	-0.0799545	-0.0856628	-0.0782881	-0.0501698	0.00502287	0.0949871	0.212151	0.329904	0.425469	0.49845	0.560925	0.615573	0.649852	0.649852	
0.197191	0.110886	0.0521095	0.0141995	-0.00947738	-0.0236043	-0.0335373	-0.039665	-0.0440398	-0.047129	-0.0476239	-0.0480047	-0.0478811	-0.0482233	-0.0505543	-0.0548389	-0.0611795	-0.064328	-0.0631977	-0.0617327	-0.0599609	-0.0636319	-0.0748357	-0.081892	-0.0829743	-0.083798	-0.0802926	-0.0785788	-0.0939302	-0.117598	-0.129152	-0.128225	-0.12172	-0.109914	-0.102582	-0.11587	-0.147027	-0.17676	-0.190409	-0.176656	-0.117419	-0.00101204	0.159063	0.331961	0.493194	0.633087	0.747291	0.829151	0.871825	0.871825	
0.16808	0.0944353	0.0447883	0.0121296	-0.00839823	-0.0219177	-0.030819	-0.0361172	-0.0399696	-0.0417398	-0.0429258	-0.0448858	-0.0472102	-0.0511169	-0.0562584	-0.0613284	-0.0634993	-0.0618038	-0.0605251	-0.0611153	-0.0649385	-0.0742758	-0.0823282	-0.084158	-0.0836065	-0.0802926	-0.0784231	-0.0918471	-0.116282	-0.130281	-0.129477	-0.124083	-0.116489	-0.111769	-0.127003	-0.168411	-0.220595	-0.266295	-0.294245	-0.285471	-0.215261	-0.0755556	0.116906	0.335921	0.558464	0.762219	0.924036	1.02924	1.0783	1.0783	
0.16081	0.096928	0.053334	0.0243661	0.00524268	-0.00790072	-0.0165043	-0.0228275	-0.0278082	-0.031993	-0.0371706	-0.0429504	-0.0491211	-0.055395	-0.0599455	-0.0612028	-0.0594493	-0.0584971	-0.0608453	-0.0662095	-0.0751176	-0.0835223	-0.0854798	-0.0826754	-0.0787664	-0.0785788	-0.0918471	-0.115724	-0.130849	-0.130167	-0.124466	-0.118889	-0.115373	-0.128645	-0.170939	-0.232649	-0.295941	-0.350589	-0.382928	-0.366925	-0.280827	-0.123703	0.0909443	0.346776	0.621067	0.878158	1.08005	1.20717	1.26446	1.26446	
0.18291	0.126846	0.0878923	0.0608807	0.0412172	0.0262244	0.0138362	0.00228625	-0.00868389	-0.0198785	-0.0309862	-0.0406157	-0.0481998	-0.0527084	-0.0537458	-0.0530995	-0.0543317	-0.0596913	-0.0679353	-0.0772963	-0.0846154	-0.0852144	-0.080346	-0.0764492	-0.0793551	-0.0939302	-0.116282	-0.130849	-0.130422	-0.124415	-0.119635	-0.116959	-0.127954	-0.167461	-0.231254	-0.301957	-0.369099	-0.424615	-0.447893	-0.413682	-0.310892	-0.142442	0.087095	0.3698	0.680143	0.973393	1.20553	1.35501	1.42471	1.42471	
0.247522	0.196997	0.159185	0.129148	0.103415	0.0801057	0.0578627	0.0367058	0.0171126	-0.000360888	-0.0143313	-0.0243932	-0.031042	-0.0352668	-0.0394817	-0.0464556	-0.0569173	-0.0684538	-0.0779079	-0.0829077	-0.081574	-0.0763204	-0.0743833	-0.0812322	-0.0974838	-0.117598	-0.130281	-0.130167	-0.124415	-0.119783	-0.117619	-0.127277	-0.163707	-0.226463	-0.299372	-0.370808	-0.435885	-0.480393	-0.480991	-0.423102	-0.305921	-0.129375	0.110693	0.408191	0.733854	1.04267	1.29422	1.46598	1.55163	1.55163	
0.352897	0.302361	0.259627	0.221215	0.185466	0.151761	0.120344	0.0920909	0.0674772	0.0469176	0.0301178	0.0156155	0.00186037	-0.012714	-0.0290945	-0.0461984	-0.0609333	-0.0704509	-0.0740299	-0.072759	-0.0702784	-0.0727217	-0.0837134	-0.101097	-0.118702	-0.129152	-0.129477	-0.124466	-0.119635	-0.117619	-0.127048	-0.161604	-0.222598	-0.295465	-0.367651	-0.435262	-0.488821	-0.508219	-0.478116	-0.39733	-0.267565	-0.0824439	0.164015	0.461287	0.780094	1.08477	1.34443	1.53466	1.63583	1.63583	
0.475737	0.424998	0.379112	0.336213	0.295648	0.257317	0.221515	0.188238	0.157105	0.127541	0.0985196	0.069362	0.0402515	0.0121322	-0.0129418	-0.0323697	-0.0448311	-0.051458	-0.0551076	-0.0594989	-0.0686057	-0.0838681	-0.102134	-0.118015	-0.127132	-0.128225	-0.124083	-0.118889	-0.116959	-0.127277	-0.161604	-0.221191	-0.293068	-0.364681	-0.432094	-0.488542	-0.516783	-0.501407	-0.440983	-0.340344	-0.196671	-0.00167446	0.243988	0.524671	0.817869	1.10277	1.35832	1.55706	1.6675	1.6675	
0.602609	0.560149	0.519933	0.480418	0.440722	0.400365	0.359034	0.316409	0.27247	0.227497	0.182281	0.138427	0.0979141	0.0627129	0.0342952	0.0126076	-0.00431018	-0.0193517	-0.0351741	-0.0536491	-0.0747555	-0.0956597	-0.1124	-0.122346	-0.124921	-0.12172	-0.116489	-0.115373	-0.127954	-0.163707	-0.222598	-0.293068	-0.363571	-0.429983	-0.486685	-0.518553	-0.510456	-0.460216	-0.374444	-0.254453	-0.0941558	0.108098	0.342055	0.592309	0.84818	1.10237	1.33983	1.53096	1.63928	1.63928	
0.717982	0.690194	0.660756	0.628041	0.591095	0.549539	0.503432	0.453363	0.400477	0.346345	0.292941	0.242252	0.195772	0.154253	0.117356	0.0836569	0.051426	0.0194735	-0.0125651	-0.0439097	-0.0722401	-0.0945564	-0.108814	-0.11459	-0.113455	-0.109914	-0.111769	-0.128645	-0.167461	-0.226463	-0.295465	-0.364681	-0.429983	-0.485863	-0.518599	-0.513783	-0.46855	-0.389836	-0.281555	-0.140187	0.0355493	0.236243	0.447008	0.659208	0.873263	1.08875	1.29248	1.45672	1.54945	1.54945	
0.780484	0.769559	0.754212	0.733115	0.705633	0.671701	0.63175	0.586688	0.537745	0.486332	0.433841	0.381315	0.329323	0.277936	0.226789	0.175531	0.124336	0.0740856	0.0264763	-0.0158322	-0.0497687	-0.0732003	-0.086009	-0.0907693	-0.0933913	-0.102582	-0.127003	-0.170939	-0.231254	-0.299372	-0.367651	-0.432094	-0.486685	-0.518599	-0.514633	-0.471782	-0.396592	-0.294026	-0.16223	-0.000435174	0.182046	0.368991	0.549131	0.722457	0.89421	1.06362	1.21835	1.33828	1.40397	1.40397	
0.756237	0.764703	0.768689	0.767098	0.759295	0.744994	0.724204	0.697148	0.664155	0.625579	0.581665	0.532507	0.478139	0.418685	0.35467	0.287407	0.219174	0.153169	0.0932859	0.0433262	0.00558373	-0.0204127	-0.0383997	-0.0551055	-0.078726	-0.11587	-0.168411	-0.232649	-0.301957	-0.370808	-0.435262	-0.488542	-0.518553	-0.513783	-0.471782	-0.398542	-0.299065	-0.172337	-0.0178671	0.155477	0.330897	0.4944	0.642599	0.779717	0.90842	1.02439	1.11873	1.18384	1.21652	1.21652	
0.645044	0.672947	0.698277	0.720051	0.73744	0.749667	0.755933	0.755346	0.746892	0.729459	0.701936	0.663464	0.613765	0.553506	0.484642	0.410493	0.335433	0.264218	0.200912	0.147542	0.103147	0.0638225	0.0237471	-0.0229647	-0.0799545	-0.147027	-0.220595	-0.295941	-0.369099	-0.435885	-0.488821	-0.516783	-0.510456	-0.46855	-0.396592	-0.299065	-0.175315	-0.0251543	0.14307	0.312919	0.469173	0.605747	0.724297	0.826477	0.908944	0.96595	0.996026	1.00564	1.00611	1.00611	
0.469987	0.513643	0.557537	0.600742	0.642155	0.680388	0.713712	0.740087	0.757292	0.763166	0.755969	0.734794	0.699924	0.653025	0.597035	0.535661	0.472576	0.410472	0.350223	0.290581	0.228706	0.161359	0.086265	0.00321482	-0.0856628	-0.17676	-0.266295	-0.350589	-0.424615	-0.480393	-0.508219	-0.501407	-0.460216	-0.389836	-0.294026	-0.172337	-0.0251543	0.139376	0.305552	0.458158	0.589851	0.700496	0.790277	0.854676	0.886705	0.884187	0.855433	0.818346	0.793173	0.793173	
0.267965	0.322161	0.378333	0.435394	0.491946	0.546271	0.596398	0.640266	0.675953	0.701945	0.717372	0.722136	0.716851	0.702576	0.680356	0.650716	0.613285	0.566723	0.509076	0.438537	0.354344	0.25737	0.150223	0.0368256	-0.0782881	-0.190409	-0.294245	-0.382928	-0.447893	-0.480991	-0.478116	-0.440983	-0.374444	-0.281555	-0.16223	-0.0178671	0.14307	0.305552	0.455007	0.583846	0.691054	0.775971	0.833271	0.854441	0.834648	0.779306	0.705394	0.636677	0.595595	0.595595	
0.0671806	0.123804	0.182079	0.241014	0.29957	0.356747	0.411685	0.463755	0.512598	0.55807	0.600077	0.638291	0.671833	0.698988	0.717093	0.722703	0.712047	0.681726	0.629478	0.554767	0.459003	0.345381	0.218551	0.0843602	-0.0501698	-0.176656	-0.285471	-0.366925	-0.413682	-0.423102	-0.39733	-0.340344	-0.254453	-0.140187	-0.000435174	0.155477	0.312919	0.458158	0.583846	0.68853	0.771067	0.825869	0.843811	0.818274	0.751551	0.657074	0.556366	0.472892	0.425847	0.425847	
-0.134308	-0.084091	-0.0322135	0.0210397	0.0755868	0.131573	0.189341	0.249324	0.311853	0.376889	0.443725	0.510733	0.575226	0.633499	0.681102	0.713281	0.725531	0.714147	0.67669	0.612324	0.522096	0.409247	0.279511	0.141236	0.00502287	-0.117419	-0.215261	-0.280827	-0.310892	-0.305921	-0.267565	-0.196671	-0.0941558	0.0355493	0.182046	0.330897	0.469173	0.589851	0.691054	0.771067	0.824111	0.841024	0.814545	0.745153	0.643397	0.527568	0.418589	0.335009	0.289926	0.289926	
-0.339466	-0.299231	-0.254991	-0.206389	-0.153018	-0.0944978	-0.0305775	0.0387276	0.112992	0.191247	0.271893	0.352668	0.430682	0.502507	0.564313	0.612027	0.641554	0.649105	0.631686	0.587764	0.518045	0.426117	0.318642	0.204803	0.0949871	-0.00101204	-0.0755556	-0.123703	-0.142442	-0.129375	-0.0824439	-0.00167446	0.108098	0.236243	0.368991	0.4944	0.605747	0.700496	0.775971	0.825869	0.841024	0.814108	0.744825	0.642042	0.521717	0.402245	0.299892	0.226253	0.188012	0.188012	
-0.516736	-0.486854	-0.450121	-0.406032	-0.354318	-0.295024	-0.228576	-0.155814	-0.0779982	0.00322861	0.0858878	0.16772	0.246226	0.318687	0.3822	0.433766	0.470502	0.489995	0.49079	0.472871	0.437977	0.389556	0.332312	0.271476	0.212151	0.159063	0.116906	0.0909443	0.087095	0.110693	0.164015	0.243988	0.342055	0.447008	0.549131	0.642599	0.724297	0.790277	0.833271	0.843811	0.814545	0.744825	0.642511	0.522023	0.399981	0.290847	0.204418	0.14566	0.116191	0.116191	
-0.622881	-0.605934	-0.581374	-0.548604	-0.507321	-0.45759	-0.39991	-0.335244	-0.265032	-0.191159	-0.115889	-0.0417485	0.0286492	0.0928347	0.148768	0.195138	0.231609	0.258911	0.278702	0.293144	0.304291	0.313482	0.321054	0.326614	0.329904	0.331961	0.335921	0.346776	0.3698	0.408191	0.461287	0.524671	0.592309	0.659208	0.722457	0.779717	0.826477	0.854676	0.854441	0.818274	0.745153	0.642042	0.522023	0.400255	0.289857	0.1994	0.132559	0.089418	0.0684804	0.0684804	
-0.643414	-0.641412	-0.633424	-0.618753	-0.596893	-0.567623	-0.531093	-0.487897	-0.439122	-0.386329	-0.331445	-0.276561	-0.223617	-0.174027	-0.128318	-0.0858908	-0.0450216	-0.0031731	0.0423944	0.0938566	0.152146	0.216634	0.285359	0.355736	0.425469	0.493194	0.558464	0.621067	0.680143	0.733854	0.780094	0.817869	0.84818	0.873263	0.89421	0.90842	0.908944	0.886705	0.834648	0.751551	0.643397	0.521717	0.399981	0.289857	0.198841	0.129772	0.0818517	0.0523912	0.0385365	0.0385365	
-0.594555	-0.605549	-0.613757	-0.618791	-0.620341	-0.618194	-0.612244	-0.602493	-0.58902	-0.57192	-0.551226	-0.526794	-0.49821	-0.464722	-0.42524	-0.378431	-0.32289	-0.257353	-0.180899	-0.0930601	0.00615078	0.116272	0.236347	0.364693	0.49845	0.633087	0.762219	0.878158	0.973393	1.04267	1.08477	1.10277	1.10237	1.08875	1.06362	1.02439	0.96595	0.884187	0.779306	0.657074	0.527568	0.402245	0.290847	0.1994	0.129772	0.0805088	0.0482889	0.0293837	0.0207627	0.0207627	
-0.506685	-0.529483	-0.553385	-0.578443	-0.604621	-0.631713	-0.659232	-0.686308	-0.711592	-0.733208	-0.748786	-0.755596	-0.750786	-0.731708	-0.696262	-0.643167	-0.572063	-0.483378	-0.37798	-0.256742	-0.120233	0.0312215	0.196965	0.375004	0.560925	0.747291	0.924036	1.08005	1.20553	1.29422	1.34443	1.35832	1.33983	1.29248	1.21835	1.11873	0.996026	0.855433	0.705394	0.556366	0.418589	0.299892	0.204418	0.132559	0.0818517	0.0482889	0.0275623	0.0159515	0.0108196	0.0108196	
-0.416894	-0.453353	-0.494259	-0.539517	-0.58875	-0.641211	-0.695693	-0.750457	-0.803198	-0.851055	-0.890712	-0.918562	-0.930959	-0.924502	-0.896322	-0.844319	-0.767285	-0.664922	-0.537765	-0.387091	-0.214893	-0.0239882	0.181753	0.397146	0.615573	0.829151	1.02924	1.20717	1.35501	1.46598	1.53466	1.55706	1.53096	1.45672	1.33828	1.18384	1.00564	0.818346	0.636677	0.472892	0.335009	0.226253	0.14566	0.089418	0.0523912	0.0293837	0.0159515	0.00877031	0.00569717	0.00569717	
-0.361074	-0.40865	-0.462457	-0.52189	-0.585933	-0.653153	-0.721708	-0.78939	-0.853677	-0.9118	-0.960785	-0.99749	-1.01861	-1.02069	-1.00019	-0.953641	-0.877984	-0.77103	-0.632066	-0.462424	-0.265822	-0.0482946	0.182398	0.417789	0.649852	0.871825	1.0783	1.26446	1.42471	1.55163	1.63583	1.6675	1.63928	1.54945	1.40397	1.21652	1.00611	0.793173	0.595595	0.425847	0.289926	0.188012	0.116191	0.0684804	0.0385365	0.0207627	0.0108196	0.00569717	0.00356256	0.00356256	
-0.361074	-0.40865	-0.462457	-0.52189	-0.585933	-0.653153	-0.721708	-0.78939	-0.853677	-0.9118	-0.960785	-0.99749	-1.01861	-1.02069	-1.00019	-0.953641	-0.877984	-0.77103	-0.632066	-0.462424	-0.265822	-0.0482946	0.182398	0.417789	0.649852	0.871825	1.0783	1.26446	1.42471	1.55163	1.63583	1.6675	1.63928	1.54945	1.40397	1.21652	1.00611	0.793173	0.595595	0.425847	0.289926	0.188012	0.116191	0.0684804	0.0385365	0.0207627	0.0108196	0.00569717	0.00356256	0.00356256	
