-0.728737	0.294909	0.188371	-0.257276	-0.252764	-0.252764	
0.294909	-0.461931	0.0935692	0.17564	-0.00909355	-0.00909355	
0.188371	0.0935692	0.989407	-0.148611	-0.788063	-0.788063	
-0.257276	0.17564	-0.148611	0.062562	-0.651252	-0.651252	
-0.252764	-0.00909355	-0.788063	-0.651252	0.731649	0.731649	
-0.252764	-0.00909355	-0.788063	-0.651252	0.731649	0.731649	
