0.986035	0.760435	0.521773	0.313277	0.163732	0.074623	0.0298146	0.0105115	0.00329277	0.000922553	0.000232611	5.30803e-05	1.10187e-05	2.09047e-06	3.64011e-07	5.83997e-08	8.66271e-09	1.19188e-09	1.52554e-10	1.82136e-11	2.03343e-12	2.12774e-13	2.09117e-14	1.93419e-15	1.68675e-16	1.38927e-17	1.08245e-18	7.99044e-20	5.59611e-21	3.72337e-22	2.35648e-23	1.42031e-24	8.16176e-26	4.47635e-27	2.34553e-28	1.1753e-29	5.63694e-31	2.58998e-32	1.14095e-33	4.82275e-35	1.95751e-36	7.63489e-38	2.86346e-39	1.03335e-40	3.59046e-42	1.20186e-43	3.878e-45	1.20688e-46	3.72934e-48	3.72934e-48	
0.760435	0.532481	0.329054	0.178094	0.0843768	0.0351161	0.0129074	0.00421557	0.00123089	0.000323202	7.6735e-05	1.65565e-05	3.26142e-06	5.89031e-07	9.79125e-08	1.50328e-08	2.13867e-09	2.82777e-10	3.48437e-11	4.01128e-12	4.32446e-13	4.37535e-14	4.16295e-15	3.73173e-16	3.1572e-17	2.52516e-18	1.91222e-19	1.37303e-20	9.36048e-22	6.06672e-23	3.74258e-24	2.20012e-25	1.23381e-26	6.60732e-28	3.38218e-29	1.6564e-30	7.76809e-32	3.49145e-33	1.50518e-34	6.22858e-36	2.47587e-37	9.46029e-39	3.47703e-40	1.23003e-41	4.19074e-43	1.3759e-44	4.35563e-46	1.33022e-47	4.03261e-49	4.03261e-49	
0.521773	0.329054	0.183124	0.08969	0.0387202	0.014792	0.00502573	0.00152689	0.000417055	0.000102945	2.30757e-05	4.71839e-06	8.83755e-07	1.52206e-07	2.41892e-08	3.55886e-09	4.86182e-10	6.1842e-11	7.343e-12	8.15825e-13	8.49979e-14	8.32139e-15	7.66988e-16	6.66747e-17	5.47569e-18	4.25501e-19	3.13319e-20	2.18927e-21	1.45346e-22	9.17982e-24	5.52204e-25	3.16721e-26	1.73389e-27	9.06907e-29	4.5364e-30	2.17198e-31	9.96248e-33	4.38126e-34	1.84879e-35	7.49129e-37	2.91683e-38	1.09206e-39	3.93409e-41	1.3645e-42	4.55925e-44	1.46842e-45	4.56124e-47	1.36719e-48	4.06679e-50	4.06679e-50	
0.313277	0.178094	0.08969	0.0399986	0.0158322	0.00558322	0.00176213	0.000500122	0.000128252	2.9853e-05	6.3347e-06	1.23037e-06	2.19558e-07	3.61231e-08	5.49721e-09	7.76111e-10	1.01937e-10	1.24878e-11	1.43027e-12	1.53498e-13	1.5468e-14	1.46641e-15	1.31025e-16	1.10527e-17	8.81628e-19	6.65977e-20	4.77091e-21	3.24555e-22	2.09926e-23	1.29256e-24	7.58455e-26	4.24585e-27	2.26985e-28	1.15995e-29	5.67147e-31	2.65544e-32	1.19159e-33	5.1287e-35	2.11888e-36	8.40886e-38	3.20774e-39	1.17701e-40	4.15675e-42	1.41378e-43	4.63361e-45	1.46422e-46	4.46349e-48	1.31328e-49	3.83356e-51	3.83356e-51	
0.163732	0.0843768	0.0387202	0.0158322	0.0057822	0.0018928	0.000557602	0.00014845	3.58676e-05	7.89687e-06	1.59046e-06	2.94099e-07	5.01017e-08	7.88836e-09	1.1513e-09	1.56194e-10	1.97484e-11	2.33259e-12	2.57963e-13	2.6767e-14	2.61106e-15	2.39887e-16	2.0793e-17	1.70314e-18	1.32029e-19	9.70057e-21	6.76424e-22	4.4822e-23	2.82578e-24	1.69691e-25	9.71674e-27	5.31097e-28	2.77359e-29	1.38526e-30	6.62253e-32	3.03311e-33	1.33191e-34	5.61195e-36	2.27053e-37	8.82717e-39	3.29979e-40	1.18686e-41	4.10993e-43	1.37102e-44	4.40832e-46	1.36698e-47	4.09011e-49	1.18146e-50	3.38496e-52	3.38496e-52	
0.074623	0.0351161	0.014792	0.00558322	0.0018928	0.000578176	0.0001597	4.00373e-05	9.14473e-06	1.90989e-06	3.66014e-07	6.45778e-08	1.05227e-08	1.58819e-09	2.22645e-10	2.90652e-11	3.54187e-12	4.03806e-13	4.3163e-14	4.33421e-15	4.09614e-16	3.64977e-17	3.0711e-18	2.44418e-19	1.84253e-20	1.31746e-21	8.94675e-23	5.7774e-24	3.55177e-25	2.08105e-26	1.16333e-27	6.2106e-29	3.16951e-30	1.54763e-31	7.23658e-33	3.243e-34	1.39395e-35	5.75124e-37	2.27928e-38	8.68272e-40	3.1814e-41	1.12191e-42	3.81012e-44	1.24683e-45	3.93377e-47	1.19722e-48	3.51657e-50	9.97408e-52	2.8052e-53	2.8052e-53	
0.0298146	0.0129074	0.00502573	0.00176213	0.000557602	0.0001597	4.15313e-05	9.84006e-06	2.13127e-06	4.23387e-07	7.73889e-08	1.30553e-08	2.03852e-09	2.95426e-10	3.98384e-11	5.01095e-12	5.89235e-13	6.49129e-14	6.71299e-15	6.52919e-16	5.98314e-17	5.17426e-18	4.22958e-19	3.27281e-20	2.40062e-21	1.67141e-22	1.10596e-23	6.96325e-25	4.17624e-26	2.3885e-27	1.30398e-28	6.80213e-30	3.39347e-31	1.6205e-32	7.41349e-34	3.25172e-35	1.36852e-36	5.53032e-38	2.14742e-39	8.01751e-41	2.88003e-42	9.95987e-44	3.31793e-45	1.06532e-46	3.2986e-48	9.85467e-50	2.84206e-51	7.91629e-53	2.18594e-54	2.18594e-54	
0.0105115	0.00421557	0.00152689	0.000500122	0.00014845	4.00373e-05	9.84006e-06	2.21058e-06	4.55332e-07	8.6254e-08	1.50708e-08	2.43566e-09	3.65082e-10	5.08812e-11	6.6094e-12	8.02024e-13	9.1109e-14	9.70864e-15	9.72304e-16	9.16787e-17	8.15248e-18	6.84789e-19	5.44154e-20	4.09641e-21	2.92539e-22	1.98434e-23	1.28004e-24	7.8615e-26	4.60185e-27	2.57013e-28	1.37088e-29	6.98992e-31	3.41006e-32	1.59308e-33	7.13271e-35	3.063e-36	1.26252e-37	4.9985e-39	1.90214e-40	6.96197e-42	2.45233e-43	8.31849e-45	2.71879e-46	8.56674e-48	2.60371e-49	7.63707e-51	2.16288e-52	5.91728e-54	1.60447e-55	1.60447e-55	
0.00329277	0.00123089	0.000417055	0.000128252	3.58676e-05	9.14473e-06	2.13127e-06	4.55332e-07	8.94273e-08	1.61913e-08	2.70985e-09	4.20336e-10	6.05794e-11	8.13139e-12	1.01882e-12	1.19413e-13	1.31192e-14	1.3536e-15	1.31398e-16	1.20211e-17	1.03813e-18	8.47572e-20	6.55156e-21	4.8012e-22	3.34006e-23	2.20846e-24	1.38952e-25	8.32833e-27	4.76023e-28	2.59723e-29	1.354e-30	6.75071e-32	3.22165e-33	1.47287e-34	6.45586e-36	2.71503e-37	1.09632e-38	4.25353e-40	1.5867e-41	5.69445e-43	1.96736e-44	6.54706e-46	2.09983e-47	6.49425e-49	1.9378e-50	5.58135e-52	1.55249e-53	4.1724e-55	1.11111e-56	1.11111e-56	
0.000922553	0.000323202	0.000102945	2.9853e-05	7.89687e-06	1.90989e-06	4.23387e-07	8.6254e-08	1.61913e-08	2.80788e-09	4.50996e-10	6.72563e-11	9.3343e-12	1.20836e-12	1.46218e-13	1.65721e-14	1.76264e-15	1.76258e-16	1.6599e-17	1.47459e-18	1.23762e-19	9.8281e-21	7.39465e-22	5.27842e-23	3.57908e-24	2.308e-25	1.41705e-26	8.29252e-28	4.63003e-29	2.46887e-30	1.25845e-31	6.13727e-33	2.86607e-34	1.28269e-35	5.50571e-37	2.2682e-38	8.97501e-40	3.41324e-41	1.24841e-42	4.39419e-44	1.48932e-45	4.86338e-47	1.53096e-48	4.64831e-50	1.36193e-51	3.85258e-53	1.05267e-54	2.77961e-56	7.27078e-58	7.27078e-58	
0.000232611	7.6735e-05	2.30757e-05	6.3347e-06	1.59046e-06	3.66014e-07	7.73889e-08	1.50708e-08	2.70985e-09	4.50996e-10	6.96403e-11	1.00004e-11	1.33845e-12	1.67321e-13	1.95767e-14	2.14786e-15	2.21386e-16	2.14748e-17	1.96361e-18	1.69518e-19	1.38372e-20	1.06948e-21	7.8373e-23	5.45233e-24	3.60532e-25	2.26857e-26	1.35981e-27	7.77284e-29	4.24114e-30	2.21105e-31	1.10235e-32	5.2604e-34	2.40467e-35	1.05383e-36	4.43087e-38	1.78865e-39	6.93713e-41	2.58665e-42	9.27847e-44	3.20375e-45	1.06546e-46	3.41475e-48	1.05525e-49	3.14595e-51	9.0524e-53	2.51536e-54	6.75245e-56	1.75205e-57	4.50231e-59	4.50231e-59	
5.30803e-05	1.65565e-05	4.71839e-06	1.23037e-06	2.94099e-07	6.45778e-08	1.30553e-08	2.43566e-09	4.20336e-10	6.72563e-11	1.00004e-11	1.38484e-12	1.78979e-13	2.16326e-14	2.44995e-15	2.60468e-16	2.60412e-17	2.45246e-18	2.17905e-19	1.82941e-20	1.45331e-21	1.09395e-22	7.81253e-24	5.29998e-25	3.41943e-26	2.10045e-27	1.22974e-28	6.86903e-30	3.66417e-31	1.86834e-32	9.1141e-34	4.25714e-35	1.90553e-36	8.17972e-38	3.36983e-39	1.3333e-40	5.06982e-42	1.85388e-43	6.52328e-45	2.21005e-46	7.21341e-48	2.26944e-49	6.88597e-51	2.01605e-52	5.69823e-54	1.55555e-55	4.10326e-57	1.04634e-58	2.6419e-60	2.6419e-60	
1.10187e-05	3.26142e-06	8.83755e-07	2.19558e-07	5.01017e-08	1.05227e-08	2.03852e-09	3.65082e-10	6.05794e-11	9.3343e-12	1.33845e-12	1.78979e-13	2.23644e-14	2.61644e-15	2.87126e-16	2.9608e-17	2.8738e-18	2.62973e-19	2.27216e-20	1.8564e-21	1.43619e-22	1.05348e-23	7.33609e-25	4.85558e-26	3.05809e-27	1.83469e-28	1.0496e-29	5.73144e-31	2.99012e-32	1.49172e-33	7.1225e-35	3.25747e-36	1.42814e-37	6.00658e-39	2.4253e-40	9.40765e-42	3.50802e-43	1.2583e-44	4.34419e-46	1.44441e-47	4.62779e-49	1.42952e-50	4.25958e-52	1.22495e-53	3.40135e-55	9.12366e-57	2.36517e-58	5.92822e-60	1.47091e-61	1.47091e-61	
2.09047e-06	5.89031e-07	1.52206e-07	3.61231e-08	7.88836e-09	1.58819e-09	2.95426e-10	5.08812e-11	8.13139e-12	1.20836e-12	1.67321e-13	2.16326e-14	2.61644e-15	2.96599e-16	3.15691e-17	3.16029e-18	2.98039e-19	2.652e-20	2.22983e-21	1.7741e-22	1.33744e-23	9.56568e-25	6.49874e-26	4.19873e-27	2.58263e-28	1.51397e-29	8.46682e-31	4.52155e-32	2.3079e-33	1.1269e-34	5.26817e-36	2.35986e-37	1.01367e-38	4.17838e-40	1.65397e-41	6.29142e-43	2.30118e-44	8.09843e-46	2.74385e-47	8.95521e-49	2.817e-50	8.5452e-52	2.50094e-53	7.06545e-55	1.9277e-56	5.08154e-58	1.29479e-59	3.19034e-61	7.7799e-63	7.7799e-63	
3.64011e-07	9.79125e-08	2.41892e-08	5.49721e-09	1.1513e-09	2.22645e-10	3.98384e-11	6.6094e-12	1.01882e-12	1.46218e-13	1.95767e-14	2.44995e-15	2.87126e-16	3.15691e-17	3.26195e-18	3.17273e-19	2.90947e-20	2.51926e-21	2.06268e-22	1.59913e-23	1.17541e-24	8.20149e-26	5.43881e-27	3.43173e-28	2.06246e-29	1.18187e-30	6.46375e-32	3.37709e-33	1.68705e-34	8.06517e-36	3.69278e-37	1.62064e-38	6.82245e-40	2.75692e-41	1.07013e-42	3.9927e-44	1.43281e-45	4.94837e-47	1.64568e-48	5.27327e-50	1.62892e-51	4.85323e-53	1.39537e-54	3.87331e-56	1.03851e-57	2.69073e-59	6.73974e-61	1.63273e-62	3.91369e-64	3.91369e-64	
5.83997e-08	1.50328e-08	3.55886e-09	7.76111e-10	1.56194e-10	2.90652e-11	5.01095e-12	8.02024e-13	1.19413e-13	1.65721e-14	2.14786e-15	2.60468e-16	2.9608e-17	3.16029e-18	3.17273e-19	3.00069e-20	2.67766e-21	2.2577e-22	1.80119e-23	1.36148e-24	9.76271e-26	6.64905e-27	4.30605e-28	2.65464e-29	1.55953e-30	8.73933e-32	4.67599e-33	2.39099e-34	1.16941e-35	5.47531e-37	2.4561e-38	1.05636e-39	4.35941e-41	1.72741e-42	6.57669e-44	2.40739e-45	8.47778e-47	2.8739e-48	9.38352e-50	2.95258e-51	8.95796e-53	2.62186e-54	7.40656e-56	2.02038e-57	5.32423e-59	1.35606e-60	3.33948e-62	7.95498e-64	1.87456e-65	1.87456e-65	
8.66271e-09	2.13867e-09	4.86182e-10	1.01937e-10	1.97484e-11	3.54187e-12	5.89235e-13	9.1109e-14	1.31192e-14	1.76264e-15	2.21386e-16	2.60412e-17	2.8738e-18	2.98039e-19	2.90947e-20	2.67766e-21	2.32669e-22	1.91153e-23	1.48686e-24	1.09639e-25	7.67365e-27	5.10376e-28	3.22938e-29	1.94604e-30	1.11798e-31	6.12896e-33	3.20937e-34	1.60664e-35	7.69583e-37	3.53008e-38	1.55184e-39	6.54283e-41	2.64762e-42	1.029e-43	3.84351e-45	1.38062e-46	4.77219e-48	1.58822e-49	5.09211e-51	1.57367e-52	4.69013e-54	1.34874e-55	3.74412e-57	1.00382e-58	2.60037e-60	6.51144e-62	1.57674e-63	3.69371e-65	8.5579e-67	8.5579e-67	
1.19188e-09	2.82777e-10	6.1842e-11	1.24878e-11	2.33259e-12	4.03806e-13	6.49129e-14	9.70864e-15	1.3536e-15	1.76258e-16	2.14748e-17	2.45246e-18	2.62973e-19	2.652e-20	2.51926e-21	2.2577e-22	1.91153e-23	1.53115e-24	1.16184e-25	8.36208e-27	5.71538e-28	3.71395e-29	2.29701e-30	1.35357e-31	7.60722e-33	4.0814e-34	2.09233e-35	1.02581e-36	4.81378e-38	2.16387e-39	9.32478e-41	3.85501e-42	1.53003e-43	5.83381e-45	2.13829e-46	7.53902e-48	2.55831e-49	8.36053e-51	2.63266e-52	7.99223e-54	2.34031e-55	6.61344e-57	1.8044e-58	4.75541e-60	1.21111e-61	2.98197e-63	7.10106e-65	1.63613e-66	3.7275e-68	3.7275e-68	
1.52554e-10	3.48437e-11	7.343e-12	1.43027e-12	2.57963e-13	4.3163e-14	6.71299e-15	9.72304e-16	1.31398e-16	1.6599e-17	1.96361e-18	2.17905e-19	2.27216e-20	2.22983e-21	2.06268e-22	1.80119e-23	1.48686e-24	1.16184e-25	8.60491e-27	6.04792e-28	4.03865e-29	2.5652e-30	1.55142e-31	8.94346e-33	4.91896e-34	2.58368e-35	1.29716e-36	6.23024e-38	2.86505e-39	1.26246e-40	5.33441e-42	2.16297e-43	8.42196e-45	3.15109e-46	1.13363e-47	3.92381e-49	1.30746e-50	4.19641e-52	1.29805e-53	3.87162e-55	1.11405e-56	3.0941e-58	8.29824e-60	2.15007e-61	5.38419e-63	1.30368e-64	3.05337e-66	6.92016e-68	1.55046e-69	1.55046e-69	
1.82136e-11	4.01128e-12	8.15825e-13	1.53498e-13	2.6767e-14	4.33421e-15	6.52919e-16	9.16787e-17	1.20211e-17	1.47459e-18	1.69518e-19	1.82941e-20	1.8564e-21	1.7741e-22	1.59913e-23	1.36148e-24	1.09639e-25	8.36208e-27	6.04792e-28	4.15302e-29	2.71073e-30	1.68364e-31	9.9612e-33	5.61962e-34	3.02588e-35	1.55649e-36	7.65541e-38	3.60318e-39	1.62423e-40	7.01762e-42	2.90825e-43	1.15686e-44	4.42009e-46	1.62319e-47	5.73276e-49	1.9484e-50	6.3762e-52	2.01028e-53	6.10935e-55	1.7906e-56	5.06388e-58	1.38247e-59	3.64512e-61	9.28636e-63	2.28687e-64	5.44599e-66	1.25465e-67	2.79736e-69	6.16432e-71	6.16432e-71	
2.03343e-12	4.32446e-13	8.49979e-14	1.5468e-14	2.61106e-15	4.09614e-16	5.98314e-17	8.15248e-18	1.03813e-18	1.23762e-19	1.38372e-20	1.45331e-21	1.43619e-22	1.33744e-23	1.17541e-24	9.76271e-26	7.67365e-27	5.71538e-28	4.03865e-29	2.71073e-30	1.73016e-31	1.05124e-32	6.08667e-34	3.36163e-35	1.77263e-36	8.93262e-38	4.3053e-39	1.98633e-40	8.77942e-42	3.72028e-43	1.5125e-44	5.90378e-46	2.21394e-47	7.98151e-49	2.76791e-50	9.23902e-52	2.96997e-53	9.1996e-55	2.74728e-56	7.91363e-58	2.19987e-59	5.90433e-61	1.53071e-62	3.83486e-64	9.28807e-66	2.17568e-67	4.93089e-69	1.08164e-70	2.34455e-72	2.34455e-72	
2.12774e-13	4.37535e-14	8.32139e-15	1.46641e-15	2.39887e-16	3.64977e-17	5.17426e-18	6.84789e-19	8.47572e-20	9.8281e-21	1.06948e-21	1.09395e-22	1.05348e-23	9.56568e-25	8.20149e-26	6.64905e-27	5.10376e-28	3.71395e-29	2.5652e-30	1.68364e-31	1.05124e-32	6.25076e-34	3.54311e-35	1.91636e-36	9.89944e-38	4.88843e-39	2.30952e-40	1.04476e-41	4.52895e-43	1.88271e-44	7.51079e-46	2.8774e-47	1.05929e-48	3.74975e-50	1.2771e-51	4.18733e-53	1.32246e-54	4.02523e-56	1.18138e-57	3.345e-59	9.14147e-61	2.41241e-62	6.15024e-64	1.5154e-65	3.61022e-67	8.31925e-69	1.85501e-70	4.00387e-72	8.53764e-74	8.53764e-74	
2.09117e-14	4.16295e-15	7.66988e-16	1.31025e-16	2.0793e-17	3.0711e-18	4.22958e-19	5.44154e-20	6.55156e-21	7.39465e-22	7.8373e-23	7.81253e-24	7.33609e-25	6.49874e-26	5.43881e-27	4.30605e-28	3.22938e-29	2.29701e-30	1.55142e-31	9.9612e-33	6.08667e-34	3.54311e-35	1.96679e-36	1.04211e-37	5.27527e-39	2.55346e-40	1.18284e-41	5.24792e-43	2.23172e-44	9.10341e-46	3.56439e-47	1.34052e-48	4.84568e-50	1.68459e-51	5.63577e-53	1.81543e-54	5.63396e-56	1.68533e-57	4.862e-59	1.35337e-60	3.63659e-62	9.43726e-64	2.36625e-65	5.73487e-67	1.34403e-68	3.0471e-70	6.68532e-72	1.41995e-73	2.9789e-75	2.9789e-75	
1.93419e-15	3.73173e-16	6.66747e-17	1.10527e-17	1.70314e-18	2.44418e-19	3.27281e-20	4.09641e-21	4.8012e-22	5.27842e-23	5.45233e-24	5.29998e-25	4.85558e-26	4.19873e-27	3.43173e-28	2.65464e-29	1.94604e-30	1.35357e-31	8.94346e-33	5.61962e-34	3.36163e-35	1.91636e-36	1.04211e-37	5.41085e-39	2.68485e-40	1.27423e-41	5.78908e-43	2.51965e-44	1.05141e-45	4.20931e-47	1.61795e-48	5.97472e-50	2.12103e-51	7.24303e-53	2.38062e-54	7.53537e-56	2.29825e-57	6.75767e-59	1.91655e-60	5.24537e-62	1.38602e-63	3.53746e-65	8.72433e-67	2.08003e-68	4.79601e-70	1.06987e-71	2.30983e-73	4.82824e-75	9.96629e-77	9.96629e-77	
1.68675e-16	3.1572e-17	5.47569e-18	8.81628e-19	1.32029e-19	1.84253e-20	2.40062e-21	2.92539e-22	3.34006e-23	3.57908e-24	3.60532e-25	3.41943e-26	3.05809e-27	2.58263e-28	2.06246e-29	1.55953e-30	1.11798e-31	7.60722e-33	4.91896e-34	3.02588e-35	1.77263e-36	9.89944e-38	5.27527e-39	2.68485e-40	1.30623e-41	6.08008e-43	2.70982e-44	1.1573e-45	4.7397e-47	1.86278e-48	7.03034e-50	2.54963e-51	8.89076e-53	2.98278e-54	9.63335e-56	2.99673e-57	8.98393e-59	2.59691e-60	7.24156e-62	1.94895e-63	5.0648e-65	1.27147e-66	3.08476e-68	7.23574e-70	1.64158e-71	3.6035e-73	7.65647e-75	1.57519e-76	3.19947e-78	3.19947e-78	
1.38927e-17	2.52516e-18	4.25501e-19	6.65977e-20	9.70057e-21	1.31746e-21	1.67141e-22	1.98434e-23	2.20846e-24	2.308e-25	2.26857e-26	2.10045e-27	1.83469e-28	1.51397e-29	1.18187e-30	8.73933e-32	6.12896e-33	4.0814e-34	2.58368e-35	1.55649e-36	8.93262e-38	4.88843e-39	2.55346e-40	1.27423e-41	6.08008e-43	2.77632e-44	1.21415e-45	5.08926e-47	2.04611e-48	7.89587e-50	2.92658e-51	1.04254e-52	3.57158e-54	1.17741e-55	3.73712e-57	1.1427e-58	3.36774e-60	9.57149e-62	2.62461e-63	6.94706e-65	1.77576e-66	4.38531e-68	1.04673e-69	2.41581e-71	5.39328e-73	1.16511e-74	2.43649e-76	4.93398e-78	9.86235e-80	9.86235e-80	
1.08245e-18	1.91222e-19	3.13319e-20	4.77091e-21	6.76424e-22	8.94675e-23	1.10596e-23	1.28004e-24	1.38952e-25	1.41705e-26	1.35981e-27	1.22974e-28	1.0496e-29	8.46682e-31	6.46375e-32	4.67599e-33	3.20937e-34	2.09233e-35	1.29716e-36	7.65541e-38	4.3053e-39	2.30952e-40	1.18284e-41	5.78908e-43	2.70982e-44	1.21415e-45	5.21137e-47	2.14438e-48	8.46515e-50	3.20813e-51	1.168e-52	4.08769e-54	1.37603e-55	4.45809e-57	1.39086e-58	4.18084e-60	1.21149e-61	3.38586e-63	9.13105e-65	2.37725e-66	5.97761e-68	1.45232e-69	3.41085e-71	7.7464e-73	1.70193e-74	3.61864e-76	7.44852e-78	1.48479e-79	2.92093e-81	2.92093e-81	
7.99044e-20	1.37303e-20	2.18927e-21	3.24555e-22	4.4822e-23	5.7774e-24	6.96325e-25	7.8615e-26	8.32833e-27	8.29252e-28	7.77284e-29	6.86903e-30	5.73144e-31	4.52155e-32	3.37709e-33	2.39099e-34	1.60664e-35	1.02581e-36	6.23024e-38	3.60318e-39	1.98633e-40	1.04476e-41	5.24792e-43	2.51965e-44	1.1573e-45	5.08926e-47	2.14438e-48	8.66383e-50	3.35883e-51	1.25035e-52	4.47227e-54	1.53796e-55	5.08803e-57	1.62028e-58	4.96946e-60	1.46872e-61	4.18507e-63	1.15031e-64	3.0513e-66	7.81462e-68	1.9332e-69	4.62143e-71	1.06803e-72	2.3871e-74	5.16178e-76	1.08027e-77	2.18885e-79	4.29544e-81	8.31701e-83	8.31701e-83	
5.59611e-21	9.36048e-22	1.45346e-22	2.09926e-23	2.82578e-24	3.55177e-25	4.17624e-26	4.60185e-27	4.76023e-28	4.63003e-29	4.24114e-30	3.66417e-31	2.99012e-32	2.3079e-33	1.68705e-34	1.16941e-35	7.69583e-37	4.81378e-38	2.86505e-39	1.62423e-40	8.77942e-42	4.52895e-43	2.23172e-44	1.05141e-45	4.7397e-47	2.04611e-48	8.46515e-50	3.35883e-51	1.27907e-52	4.67783e-54	1.64407e-55	5.55635e-57	1.80681e-58	5.65638e-60	1.70571e-61	4.95725e-63	1.38921e-64	3.75575e-66	9.80014e-68	2.46929e-69	6.01039e-71	1.41387e-72	3.21561e-74	7.07355e-76	1.50554e-77	3.10158e-79	6.18676e-81	1.19531e-82	2.2781e-84	2.2781e-84	
3.72337e-22	6.06672e-23	9.17982e-24	1.29256e-24	1.69691e-25	2.08105e-26	2.3885e-27	2.57013e-28	2.59723e-29	2.46887e-30	2.21105e-31	1.86834e-32	1.49172e-33	1.1269e-34	8.06517e-36	5.47531e-37	3.53008e-38	2.16387e-39	1.26246e-40	7.01762e-42	3.72028e-43	1.88271e-44	9.10341e-46	4.20931e-47	1.86278e-48	7.89587e-50	3.20813e-51	1.25035e-52	4.67783e-54	1.68103e-55	5.80633e-57	1.92882e-58	6.16594e-60	1.89789e-61	5.62785e-63	1.60857e-64	4.43386e-66	1.17917e-67	3.02711e-69	7.50461e-71	1.79748e-72	4.16119e-74	9.31448e-76	2.01677e-77	4.22542e-79	8.56947e-81	1.6829e-82	3.20131e-84	6.006e-86	6.006e-86	
2.35648e-23	3.74258e-24	5.52204e-25	7.58455e-26	9.71674e-27	1.16333e-27	1.30398e-28	1.37088e-29	1.354e-30	1.25845e-31	1.10235e-32	9.1141e-34	7.1225e-35	5.26817e-36	3.69278e-37	2.4561e-38	1.55184e-39	9.32478e-41	5.33441e-42	2.90825e-43	1.5125e-44	7.51079e-46	3.56439e-47	1.61795e-48	7.03034e-50	2.92658e-51	1.168e-52	4.47227e-54	1.64407e-55	5.80633e-57	1.97128e-58	6.43757e-60	2.02337e-61	6.12424e-63	1.78601e-64	5.02108e-66	1.36146e-67	3.56216e-69	8.99756e-71	2.19497e-72	5.17382e-74	1.17882e-75	2.59725e-77	5.53565e-79	1.14176e-80	2.27972e-82	4.40796e-84	8.25635e-86	1.52488e-87	1.52488e-87	
1.42031e-24	2.20012e-25	3.16721e-26	4.24585e-27	5.31097e-28	6.2106e-29	6.80213e-30	6.98992e-31	6.75071e-32	6.13727e-33	5.2604e-34	4.25714e-35	3.25747e-36	2.35986e-37	1.62064e-38	1.05636e-39	6.54283e-41	3.85501e-42	2.16297e-43	1.15686e-44	5.90378e-46	2.8774e-47	1.34052e-48	5.97472e-50	2.54963e-51	1.04254e-52	4.08769e-54	1.53796e-55	5.55635e-57	1.92882e-58	6.43757e-60	2.067e-61	6.38852e-63	1.90168e-64	5.45486e-66	1.50855e-67	4.02422e-69	1.03598e-70	2.57493e-72	6.18179e-74	1.43411e-75	3.21618e-77	6.97529e-79	1.46355e-80	2.97191e-82	5.84244e-84	1.11232e-85	2.05157e-87	3.73036e-89	3.73036e-89	
8.16176e-26	1.23381e-26	1.73389e-27	2.26985e-28	2.77359e-29	3.16951e-30	3.39347e-31	3.41006e-32	3.22165e-33	2.86607e-34	2.40467e-35	1.90553e-36	1.42814e-37	1.01367e-38	6.82245e-40	4.35941e-41	2.64762e-42	1.53003e-43	8.42196e-45	4.42009e-46	2.21394e-47	1.05929e-48	4.84568e-50	2.12103e-51	8.89076e-53	3.57158e-54	1.37603e-55	5.08803e-57	1.80681e-58	6.16594e-60	2.02337e-61	6.38852e-63	1.94186e-64	5.68552e-66	1.60428e-67	4.36487e-69	1.14565e-70	2.90217e-72	7.09875e-74	1.67732e-75	3.83004e-77	8.45511e-79	1.80522e-80	3.72904e-82	7.45548e-84	1.44316e-85	2.70554e-87	4.91405e-89	8.79719e-91	8.79719e-91	
4.47635e-27	6.60732e-28	9.06907e-29	1.15995e-29	1.38526e-30	1.54763e-31	1.6205e-32	1.59308e-33	1.47287e-34	1.28269e-35	1.05383e-36	8.17972e-38	6.00658e-39	4.17838e-40	2.75692e-41	1.72741e-42	1.029e-43	5.83381e-45	3.15109e-46	1.62319e-47	7.98151e-49	3.74975e-50	1.68459e-51	7.24303e-53	2.98278e-54	1.17741e-55	4.45809e-57	1.62028e-58	5.65638e-60	1.89789e-61	6.12424e-63	1.90168e-64	5.68552e-66	1.63752e-67	4.54579e-69	1.21691e-70	3.14297e-72	7.83532e-74	1.88625e-75	4.38685e-77	9.86045e-79	2.1429e-80	4.50437e-82	9.16117e-84	1.80346e-85	3.43755e-87	6.34628e-89	1.13516e-90	2.00088e-92	2.00088e-92	
2.34553e-28	3.38218e-29	4.5364e-30	5.67147e-31	6.62253e-32	7.23658e-33	7.41349e-34	7.13271e-35	6.45586e-36	5.50571e-37	4.43087e-38	3.36983e-39	2.4253e-40	1.65397e-41	1.07013e-42	6.57669e-44	3.84351e-45	2.13829e-46	1.13363e-47	5.73276e-49	2.76791e-50	1.2771e-51	5.63577e-53	2.38062e-54	9.63335e-56	3.73712e-57	1.39086e-58	4.96946e-60	1.70571e-61	5.62785e-63	1.78601e-64	5.45486e-66	1.60428e-67	4.54579e-69	1.24163e-70	3.27072e-72	8.31323e-74	2.03971e-75	4.83316e-77	1.10647e-78	2.44835e-80	5.23839e-82	1.08413e-83	2.17107e-85	4.20856e-87	7.89958e-89	1.43623e-90	2.53007e-92	4.39118e-94	4.39118e-94	
1.1753e-29	1.6564e-30	2.17198e-31	2.65544e-32	3.03311e-33	3.243e-34	3.25172e-35	3.063e-36	2.71503e-37	2.2682e-38	1.78865e-39	1.3333e-40	9.40765e-42	6.29142e-43	3.9927e-44	2.40739e-45	1.38062e-46	7.53902e-48	3.92381e-49	1.9484e-50	9.23902e-52	4.18733e-53	1.81543e-54	7.53537e-56	2.99673e-57	1.1427e-58	4.18084e-60	1.46872e-61	4.95725e-63	1.60857e-64	5.02108e-66	1.50855e-67	4.36487e-69	1.21691e-70	3.27072e-72	8.47888e-74	2.12103e-75	5.12231e-77	1.19477e-78	2.69266e-80	5.86589e-82	1.23569e-83	2.51806e-85	4.96552e-87	9.47876e-89	1.75215e-90	3.13735e-92	5.44329e-94	9.30277e-96	9.30277e-96	
5.63694e-31	7.76809e-32	9.96248e-33	1.19159e-33	1.33191e-34	1.39395e-35	1.36852e-36	1.26252e-37	1.09632e-38	8.97501e-40	6.93713e-41	5.06982e-42	3.50802e-43	2.30118e-44	1.43281e-45	8.47778e-47	4.77219e-48	2.55831e-49	1.30746e-50	6.3762e-52	2.96997e-53	1.32246e-54	5.63396e-56	2.29825e-57	8.98393e-59	3.36774e-60	1.21149e-61	4.18507e-63	1.38921e-64	4.43386e-66	1.36146e-67	4.02422e-69	1.14565e-70	3.14297e-72	8.31323e-74	2.12103e-75	5.22247e-77	1.24151e-78	2.85073e-80	6.32518e-82	1.35667e-83	2.81401e-85	5.64659e-87	1.09651e-88	2.06133e-90	3.75265e-92	6.61789e-94	1.1309e-95	1.90325e-97	1.90325e-97	
2.58998e-32	3.49145e-33	4.38126e-34	5.1287e-35	5.61195e-36	5.75124e-37	5.53032e-38	4.9985e-39	4.25353e-40	3.41324e-41	2.58665e-42	1.85388e-43	1.2583e-44	8.09843e-46	4.94837e-47	2.8739e-48	1.58822e-49	8.36053e-51	4.19641e-52	2.01028e-53	9.1996e-55	4.02523e-56	1.68533e-57	6.75767e-59	2.59691e-60	9.57149e-62	3.38586e-63	1.15031e-64	3.75575e-66	1.17917e-67	3.56216e-69	1.03598e-70	2.90217e-72	7.83532e-74	2.03971e-75	5.12231e-77	1.24151e-78	2.90544e-80	6.56806e-82	1.43484e-83	3.03027e-85	6.1892e-87	1.22299e-88	2.33882e-90	4.33015e-92	7.76395e-94	1.34856e-95	2.26987e-97	3.7619e-99	3.7619e-99	
1.14095e-33	1.50518e-34	1.84879e-35	2.11888e-36	2.27053e-37	2.27928e-38	2.14742e-39	1.90214e-40	1.5867e-41	1.24841e-42	9.27847e-44	6.52328e-45	4.34419e-46	2.74385e-47	1.64568e-48	9.38352e-50	5.09211e-51	2.63266e-52	1.29805e-53	6.10935e-55	2.74728e-56	1.18138e-57	4.862e-59	1.91655e-60	7.24156e-62	2.62461e-63	9.13105e-65	3.0513e-66	9.80014e-68	3.02711e-69	8.99756e-71	2.57493e-72	7.09875e-74	1.88625e-75	4.83316e-77	1.19477e-78	2.85073e-80	6.56806e-82	1.46188e-83	3.14451e-85	6.53933e-87	1.31527e-88	2.55947e-90	4.82052e-92	8.79002e-94	1.5523e-95	2.65576e-97	4.40307e-99	7.18642e-101	7.18642e-101	
4.82275e-35	6.22858e-36	7.49129e-37	8.40886e-38	8.82717e-39	8.68272e-40	8.01751e-41	6.96197e-42	5.69445e-43	4.39419e-44	3.20375e-45	2.21005e-46	1.44441e-47	8.95521e-49	5.27327e-50	2.95258e-51	1.57367e-52	7.99223e-54	3.87162e-55	1.7906e-56	7.91363e-58	3.345e-59	1.35337e-60	5.24537e-62	1.94895e-63	6.94706e-65	2.37725e-66	7.81462e-68	2.46929e-69	7.50461e-71	2.19497e-72	6.18179e-74	1.67732e-75	4.38685e-77	1.10647e-78	2.69266e-80	6.32518e-82	1.43484e-83	3.14451e-85	6.66036e-87	1.36397e-88	2.70167e-90	5.17773e-92	9.60444e-94	1.72494e-95	3.00044e-97	5.05631e-99	8.25757e-101	1.32731e-102	1.32731e-102	
1.95751e-36	2.47587e-37	2.91683e-38	3.20774e-39	3.29979e-40	3.1814e-41	2.88003e-42	2.45233e-43	1.96736e-44	1.48932e-45	1.06546e-46	7.21341e-48	4.62779e-49	2.817e-50	1.62892e-51	8.95796e-53	4.69013e-54	2.34031e-55	1.11405e-56	5.06388e-58	2.19987e-59	9.14147e-61	3.63659e-62	1.38602e-63	5.0648e-65	1.77576e-66	5.97761e-68	1.9332e-69	6.01039e-71	1.79748e-72	5.17382e-74	1.43411e-75	3.83004e-77	9.86045e-79	2.44835e-80	5.86589e-82	1.35667e-83	3.03027e-85	6.53933e-87	1.36397e-88	2.7508e-90	5.36608e-92	1.01287e-93	1.85051e-95	3.27354e-97	5.60873e-99	9.31033e-101	1.49777e-102	2.37105e-104	2.37105e-104	
7.63489e-38	9.46029e-39	1.09206e-39	1.17701e-40	1.18686e-41	1.12191e-42	9.95987e-44	8.31849e-45	6.54706e-46	4.86338e-47	3.41475e-48	2.26944e-49	1.42952e-50	8.5452e-52	4.85323e-53	2.62186e-54	1.34874e-55	6.61344e-57	3.0941e-58	1.38247e-59	5.90433e-61	2.41241e-62	9.43726e-64	3.53746e-65	1.27147e-66	4.38531e-68	1.45232e-69	4.62143e-71	1.41387e-72	4.16119e-74	1.17882e-75	3.21618e-77	8.45511e-79	2.1429e-80	5.23839e-82	1.23569e-83	2.81401e-85	6.1892e-87	1.31527e-88	2.70167e-90	5.36608e-92	1.03097e-93	1.91667e-95	3.44912e-97	6.00995e-99	1.01431e-100	1.65856e-102	2.62836e-104	4.09794e-106	4.09794e-106	
2.86346e-39	3.47703e-40	3.93409e-41	4.15675e-42	4.10993e-43	3.81012e-44	3.31793e-45	2.71879e-46	2.09983e-47	1.53096e-48	1.05525e-49	6.88597e-51	4.25958e-52	2.50094e-53	1.39537e-54	7.40656e-56	3.74412e-57	1.8044e-58	8.29824e-60	3.64512e-61	1.53071e-62	6.15024e-64	2.36625e-65	8.72433e-67	3.08476e-68	1.04673e-69	3.41085e-71	1.06803e-72	3.21561e-74	9.31448e-76	2.59725e-77	6.97529e-79	1.80522e-80	4.50437e-82	1.08413e-83	2.51806e-85	5.64659e-87	1.22299e-88	2.55947e-90	5.17773e-92	1.01287e-93	1.91667e-95	3.50971e-97	6.22114e-99	1.06778e-100	1.77518e-102	2.85942e-104	4.46388e-106	6.85469e-108	6.85469e-108	
1.03335e-40	1.23003e-41	1.3645e-42	1.41378e-43	1.37102e-44	1.24683e-45	1.06532e-46	8.56674e-48	6.49425e-49	4.64831e-50	3.14595e-51	2.01605e-52	1.22495e-53	7.06545e-55	3.87331e-56	2.02038e-57	1.00382e-58	4.75541e-60	2.15007e-61	9.28636e-63	3.83486e-64	1.5154e-65	5.73487e-67	2.08003e-68	7.23574e-70	2.41581e-71	7.7464e-73	2.3871e-74	7.07355e-76	2.01677e-77	5.53565e-79	1.46355e-80	3.72904e-82	9.16117e-84	2.17107e-85	4.96552e-87	1.09651e-88	2.33882e-90	4.82052e-92	9.60444e-94	1.85051e-95	3.44912e-97	6.22114e-99	1.08622e-100	1.83652e-102	3.00765e-104	4.77247e-106	7.33951e-108	1.11005e-109	1.11005e-109	
3.59046e-42	4.19074e-43	4.55925e-44	4.63361e-45	4.40832e-46	3.93377e-47	3.2986e-48	2.60371e-49	1.9378e-50	1.36193e-51	9.0524e-53	5.69823e-54	3.40135e-55	1.9277e-56	1.03851e-57	5.32423e-59	2.60037e-60	1.21111e-61	5.38419e-63	2.28687e-64	9.28807e-66	3.61022e-67	1.34403e-68	4.79601e-70	1.64158e-71	5.39328e-73	1.70193e-74	5.16178e-76	1.50554e-77	4.22542e-79	1.14176e-80	2.97191e-82	7.45548e-84	1.80346e-85	4.20856e-87	9.47876e-89	2.06133e-90	4.33015e-92	8.79002e-94	1.72494e-95	3.27354e-97	6.00995e-99	1.06778e-100	1.83652e-102	3.05874e-104	4.93464e-106	7.71367e-108	1.16864e-109	1.74086e-111	1.74086e-111	
1.20186e-43	1.3759e-44	1.46842e-45	1.46422e-46	1.36698e-47	1.19722e-48	9.85467e-50	7.63707e-51	5.58135e-52	3.85258e-53	2.51536e-54	1.55555e-55	9.12366e-57	5.08154e-58	2.69073e-59	1.35606e-60	6.51144e-62	2.98197e-63	1.30368e-64	5.44599e-66	2.17568e-67	8.31925e-69	3.0471e-70	1.06987e-71	3.6035e-73	1.16511e-74	3.61864e-76	1.08027e-77	3.10158e-79	8.56947e-81	2.27972e-82	5.84244e-84	1.44316e-85	3.43755e-87	7.89958e-89	1.75215e-90	3.75265e-92	7.76395e-94	1.5523e-95	3.00044e-97	5.60873e-99	1.01431e-100	1.77518e-102	3.00765e-104	4.93464e-106	7.84256e-108	1.2077e-109	1.8025e-111	2.64468e-113	2.64468e-113	
3.878e-45	4.35563e-46	4.56124e-47	4.46349e-48	4.09011e-49	3.51657e-50	2.84206e-51	2.16288e-52	1.55249e-53	1.05267e-54	6.75245e-56	4.10326e-57	2.36517e-58	1.29479e-59	6.73974e-61	3.33948e-62	1.57674e-63	7.10106e-65	3.05337e-66	1.25465e-67	4.93089e-69	1.85501e-70	6.68532e-72	2.30983e-73	7.65647e-75	2.43649e-76	7.44852e-78	2.18885e-79	6.18676e-81	1.6829e-82	4.40796e-84	1.11232e-85	2.70554e-87	6.34628e-89	1.43623e-90	3.13735e-92	6.61789e-94	1.34856e-95	2.65576e-97	5.05631e-99	9.31033e-101	1.65856e-102	2.85942e-104	4.77247e-106	7.71367e-108	1.2077e-109	1.83213e-111	2.69388e-113	3.89305e-115	3.89305e-115	
1.20688e-46	1.33022e-47	1.36719e-48	1.31328e-49	1.18146e-50	9.97408e-52	7.91629e-53	5.91728e-54	4.1724e-55	2.77961e-56	1.75205e-57	1.04634e-58	5.92822e-60	3.19034e-61	1.63273e-62	7.95498e-64	3.69371e-65	1.63613e-66	6.92016e-68	2.79736e-69	1.08164e-70	4.00387e-72	1.41995e-73	4.82824e-75	1.57519e-76	4.93398e-78	1.48479e-79	4.29544e-81	1.19531e-82	3.20131e-84	8.25635e-86	2.05157e-87	4.91405e-89	1.13516e-90	2.53007e-92	5.44329e-94	1.1309e-95	2.26987e-97	4.40307e-99	8.25757e-101	1.49777e-102	2.62836e-104	4.46388e-106	7.33951e-108	1.16864e-109	1.8025e-111	2.69388e-113	3.90214e-115	5.55435e-117	5.55435e-117	
3.72934e-48	4.03261e-49	4.06679e-50	3.83356e-51	3.38496e-52	2.8052e-53	2.18594e-54	1.60447e-55	1.11111e-56	7.27078e-58	4.50231e-59	2.6419e-60	1.47091e-61	7.7799e-63	3.91369e-64	1.87456e-65	8.5579e-67	3.7275e-68	1.55046e-69	6.16432e-71	2.34455e-72	8.53764e-74	2.9789e-75	9.96629e-77	3.19947e-78	9.86235e-80	2.92093e-81	8.31701e-83	2.2781e-84	6.006e-86	1.52488e-87	3.73036e-89	8.79719e-91	2.00088e-92	4.39118e-94	9.30277e-96	1.90325e-97	3.7619e-99	7.18642e-101	1.32731e-102	2.37105e-104	4.09794e-106	6.85469e-108	1.11005e-109	1.74086e-111	2.64468e-113	3.89305e-115	5.55435e-117	7.78564e-119	7.78564e-119	
3.72934e-48	4.03261e-49	4.06679e-50	3.83356e-51	3.38496e-52	2.8052e-53	2.18594e-54	1.60447e-55	1.11111e-56	7.27078e-58	4.50231e-59	2.6419e-60	1.47091e-61	7.7799e-63	3.91369e-64	1.87456e-65	8.5579e-67	3.7275e-68	1.55046e-69	6.16432e-71	2.34455e-72	8.53764e-74	2.9789e-75	9.96629e-77	3.19947e-78	9.86235e-80	2.92093e-81	8.31701e-83	2.2781e-84	6.006e-86	1.52488e-87	3.73036e-89	8.79719e-91	2.00088e-92	4.39118e-94	9.30277e-96	1.90325e-97	3.7619e-99	7.18642e-101	1.32731e-102	2.37105e-104	4.09794e-106	6.85469e-108	1.11005e-109	1.74086e-111	2.64468e-113	3.89305e-115	5.55435e-117	7.78564e-119	7.78564e-119	
