0.0962256	0.0962256	0.0786765	0.075346	0.112023	0.183308	0.280009	0.387785	0.496151	0.568069	0.588336	0.572447	0.530031	0.441806	0.312601	0.169678	0.0223576	-0.126376	-0.281293	-0.439983	-0.597217	-0.7473	-0.88538	-1.00351	-1.09504	-1.15925	-1.20646	-1.24669	-1.2481	-1.1805	-1.06797	-0.919	-0.724408	-0.495675	-0.284098	-0.112055	0.0167908	0.104516	0.15765	0.199781	0.249391	0.311585	0.391793	0.490032	0.594542	0.707121	0.820283	0.926863	1.01156	1.08206	
0.0962256	0.0962256	0.0786765	0.075346	0.112023	0.183308	0.280009	0.387785	0.496151	0.568069	0.588336	0.572447	0.530031	0.441806	0.312601	0.169678	0.0223576	-0.126376	-0.281293	-0.439983	-0.597217	-0.7473	-0.88538	-1.00351	-1.09504	-1.15925	-1.20646	-1.24669	-1.2481	-1.1805	-1.06797	-0.919	-0.724408	-0.495675	-0.284098	-0.112055	0.0167908	0.104516	0.15765	0.199781	0.249391	0.311585	0.391793	0.490032	0.594542	0.707121	0.820283	0.926863	1.01156	1.08206	
0.0786765	0.0786765	0.0774859	0.0938761	0.142322	0.216333	0.301793	0.385106	0.464836	0.521458	0.538771	0.52134	0.475046	0.39215	0.281718	0.158533	0.0220613	-0.120163	-0.264039	-0.411519	-0.565748	-0.718099	-0.858507	-0.980744	-1.0852	-1.16396	-1.21516	-1.24468	-1.23227	-1.15808	-1.0479	-0.908366	-0.729981	-0.517153	-0.31085	-0.129943	0.0119653	0.110452	0.175099	0.233474	0.294343	0.352378	0.41424	0.491587	0.577824	0.671021	0.766266	0.863204	0.949479	1.02593	
0.075346	0.075346	0.0938761	0.136474	0.20147	0.268432	0.328246	0.375524	0.422761	0.452406	0.451539	0.422348	0.376088	0.308623	0.224156	0.126357	0.0093788	-0.111907	-0.231338	-0.360234	-0.509791	-0.666915	-0.810336	-0.937912	-1.0538	-1.14802	-1.20328	-1.22184	-1.19263	-1.10967	-1.00145	-0.876083	-0.721536	-0.535068	-0.340833	-0.153815	0.00536293	0.121119	0.205167	0.285147	0.360945	0.410971	0.444549	0.488682	0.546658	0.614768	0.686899	0.772019	0.859367	0.943553	
0.112023	0.112023	0.142322	0.20147	0.267786	0.314165	0.337547	0.354918	0.373561	0.37265	0.339369	0.294638	0.253517	0.20444	0.141704	0.0683738	-0.0157058	-0.101723	-0.192116	-0.303489	-0.444626	-0.596257	-0.738739	-0.867531	-0.990401	-1.09194	-1.15278	-1.16794	-1.13071	-1.04228	-0.938301	-0.828541	-0.699048	-0.535791	-0.354807	-0.166832	0.00287829	0.137262	0.241831	0.339302	0.421655	0.466888	0.47989	0.488726	0.508264	0.546106	0.60142	0.673824	0.755303	0.846012	
0.183308	0.183308	0.216333	0.268432	0.314165	0.328407	0.322993	0.311663	0.303189	0.271993	0.217817	0.164596	0.128695	0.0911339	0.0447423	-0.000171035	-0.0458523	-0.0976356	-0.16921	-0.267404	-0.387728	-0.51782	-0.647429	-0.776624	-0.900089	-1.00364	-1.068	-1.08932	-1.05552	-0.971503	-0.875598	-0.780701	-0.665546	-0.515046	-0.343884	-0.165537	0.00432062	0.149545	0.269608	0.375448	0.462855	0.508932	0.512655	0.493944	0.473437	0.475006	0.503087	0.558918	0.632358	0.727682	
0.280009	0.280009	0.301793	0.328246	0.337547	0.322993	0.288171	0.245301	0.201444	0.152606	0.0939277	0.0434041	0.0101696	-0.0183405	-0.0463303	-0.0668283	-0.0872364	-0.123003	-0.1834	-0.262445	-0.351551	-0.447647	-0.557616	-0.676385	-0.793038	-0.887925	-0.953864	-0.986592	-0.970291	-0.90199	-0.817725	-0.729677	-0.619463	-0.474253	-0.315569	-0.154647	0.00231367	0.150597	0.28091	0.393004	0.47861	0.525305	0.526088	0.487041	0.431284	0.394931	0.398206	0.436366	0.500661	0.596148	
0.387785	0.387785	0.385106	0.375524	0.354918	0.311663	0.245301	0.162037	0.0885837	0.0269609	-0.0258668	-0.0676933	-0.0908435	-0.105033	-0.11595	-0.1246	-0.142655	-0.176304	-0.223809	-0.277634	-0.334336	-0.399241	-0.478126	-0.571271	-0.663701	-0.743037	-0.804176	-0.846562	-0.848758	-0.802431	-0.732091	-0.650287	-0.544348	-0.412278	-0.273552	-0.134957	0.00805437	0.150717	0.281039	0.389661	0.46917	0.505909	0.498027	0.454704	0.390589	0.334942	0.309634	0.330037	0.389377	0.481128	
0.496151	0.496151	0.464836	0.422761	0.373561	0.303189	0.201444	0.0885837	-0.0117525	-0.0869092	-0.139963	-0.167835	-0.17656	-0.178216	-0.180311	-0.189521	-0.214342	-0.249481	-0.283082	-0.312724	-0.343666	-0.376345	-0.415799	-0.464332	-0.52122	-0.575368	-0.6233	-0.660361	-0.672121	-0.647759	-0.599763	-0.535014	-0.449198	-0.343157	-0.228572	-0.107608	0.0190759	0.145049	0.259325	0.355858	0.42131	0.445478	0.433543	0.396811	0.345823	0.291644	0.257436	0.261434	0.309155	0.392193	
0.568069	0.568069	0.521458	0.452406	0.37265	0.271993	0.152606	0.0269609	-0.0869092	-0.177889	-0.233075	-0.253566	-0.253278	-0.248737	-0.248171	-0.26105	-0.292079	-0.327868	-0.351381	-0.363364	-0.370423	-0.374148	-0.372562	-0.374242	-0.385632	-0.405803	-0.42621	-0.443356	-0.450409	-0.442634	-0.42045	-0.384213	-0.330168	-0.258689	-0.173871	-0.0782312	0.0222404	0.116779	0.203064	0.279721	0.334994	0.353704	0.343556	0.324091	0.297232	0.26146	0.226972	0.219972	0.25307	0.321207	
0.588336	0.588336	0.538771	0.451539	0.339369	0.217817	0.0939277	-0.0258668	-0.139963	-0.233075	-0.295226	-0.322742	-0.326372	-0.320411	-0.322393	-0.341705	-0.373657	-0.403257	-0.417032	-0.413957	-0.401125	-0.379006	-0.343536	-0.299397	-0.263082	-0.240809	-0.229176	-0.221009	-0.214855	-0.209603	-0.205311	-0.200886	-0.188194	-0.160784	-0.113994	-0.0547319	0.00618917	0.0619684	0.117823	0.177369	0.226271	0.250547	0.254934	0.248776	0.238464	0.220216	0.201175	0.189547	0.20317	0.253242	
0.572447	0.572447	0.52134	0.422348	0.294638	0.164596	0.0434041	-0.0676933	-0.167835	-0.253566	-0.322742	-0.367405	-0.384711	-0.391613	-0.409482	-0.438329	-0.461017	-0.473801	-0.474458	-0.462504	-0.435533	-0.391345	-0.322447	-0.236811	-0.152907	-0.0863185	-0.0389074	-0.00286525	0.027688	0.0449622	0.0392627	0.0103967	-0.024961	-0.0482321	-0.0520835	-0.0447051	-0.0333051	-0.0174999	0.0118651	0.0551941	0.103316	0.144376	0.169933	0.180712	0.179649	0.17265	0.163836	0.156813	0.166525	0.206461	
0.530031	0.530031	0.475046	0.376088	0.253517	0.128695	0.0101696	-0.0908435	-0.17656	-0.253278	-0.326372	-0.384711	-0.42755	-0.465852	-0.508912	-0.542173	-0.550447	-0.542262	-0.528921	-0.509192	-0.471264	-0.405789	-0.308536	-0.188694	-0.0605782	0.0584708	0.152464	0.225529	0.28055	0.305358	0.287787	0.22854	0.150185	0.0736173	0.0130162	-0.040551	-0.0856816	-0.111895	-0.1077	-0.0736358	-0.0200543	0.0383272	0.0837887	0.103778	0.108892	0.111318	0.119933	0.130102	0.152266	0.194188	
0.441806	0.441806	0.39215	0.308623	0.20444	0.0911339	-0.0183405	-0.105033	-0.178216	-0.248737	-0.320411	-0.391613	-0.465852	-0.535815	-0.589784	-0.620473	-0.619108	-0.597936	-0.569119	-0.536826	-0.485423	-0.404985	-0.290967	-0.146295	0.0244817	0.199701	0.349909	0.462743	0.531953	0.547235	0.510625	0.430749	0.32243	0.202509	0.0833164	-0.0331788	-0.130294	-0.19126	-0.207687	-0.185159	-0.132309	-0.0645027	-0.00971172	0.0203514	0.0361273	0.0517815	0.0758712	0.106313	0.149886	0.198334	
0.312601	0.312601	0.281718	0.224156	0.141704	0.0447423	-0.0463303	-0.11595	-0.180311	-0.248171	-0.322393	-0.409482	-0.508912	-0.589784	-0.639555	-0.664207	-0.661096	-0.634467	-0.595543	-0.548411	-0.480431	-0.386529	-0.256753	-0.0878483	0.116263	0.333459	0.528551	0.674994	0.749993	0.750402	0.696681	0.601018	0.469838	0.309326	0.141387	-0.0207732	-0.154335	-0.244837	-0.284408	-0.276238	-0.231632	-0.167032	-0.105673	-0.0606582	-0.0255237	0.00660523	0.043259	0.0843546	0.134794	0.184099	
0.169678	0.169678	0.158533	0.126357	0.0683738	-0.000171035	-0.0668283	-0.1246	-0.189521	-0.26105	-0.341705	-0.438329	-0.542173	-0.620473	-0.664207	-0.685265	-0.678866	-0.654143	-0.614412	-0.554123	-0.4642	-0.347691	-0.193896	-0.00251975	0.216519	0.446356	0.659889	0.823875	0.907589	0.904926	0.840416	0.7319	0.580092	0.389452	0.18684	-0.00553974	-0.164623	-0.279358	-0.340644	-0.353688	-0.327082	-0.268175	-0.19778	-0.131537	-0.0737006	-0.0261219	0.0205463	0.0660381	0.11482	0.156671	
0.0223576	0.0223576	0.0220613	0.0093788	-0.0157058	-0.0458523	-0.0872364	-0.142655	-0.214342	-0.292079	-0.373657	-0.461017	-0.550447	-0.619108	-0.661096	-0.678866	-0.671536	-0.650472	-0.607826	-0.527787	-0.407407	-0.262951	-0.0879251	0.112141	0.327151	0.544898	0.743861	0.902303	0.991141	0.99502	0.9314	0.81818	0.655028	0.44869	0.235865	0.034216	-0.143709	-0.282987	-0.366403	-0.398757	-0.393064	-0.349988	-0.278586	-0.193954	-0.114715	-0.0482912	0.0113218	0.0620389	0.105198	0.137768	
-0.126376	-0.126376	-0.120163	-0.111907	-0.101723	-0.0976356	-0.123003	-0.176304	-0.249481	-0.327868	-0.403257	-0.473801	-0.542262	-0.597936	-0.634467	-0.654143	-0.650472	-0.625971	-0.566343	-0.457774	-0.305686	-0.136459	0.0472129	0.242726	0.442157	0.628205	0.787006	0.917866	1.00129	1.01119	0.954395	0.844243	0.68134	0.4834	0.286459	0.0935444	-0.0888962	-0.244038	-0.351461	-0.414132	-0.437101	-0.411806	-0.342258	-0.247793	-0.150238	-0.0649651	0.00747621	0.0595983	0.0996856	0.129242	
-0.281293	-0.281293	-0.264039	-0.231338	-0.192116	-0.16921	-0.1834	-0.223809	-0.283082	-0.351381	-0.417032	-0.474458	-0.528921	-0.569119	-0.595543	-0.614412	-0.607826	-0.566343	-0.482482	-0.351622	-0.177014	0.00736096	0.19321	0.376311	0.54653	0.685716	0.793808	0.885661	0.94761	0.955886	0.908493	0.809314	0.662594	0.494778	0.332388	0.165541	-0.00819987	-0.174824	-0.309238	-0.403462	-0.456448	-0.451715	-0.392764	-0.296847	-0.188602	-0.0840735	0.00149155	0.0583072	0.100862	0.135938	
-0.439983	-0.439983	-0.411519	-0.360234	-0.303489	-0.267404	-0.262445	-0.277634	-0.312724	-0.363364	-0.413957	-0.462504	-0.509192	-0.536826	-0.548411	-0.554123	-0.527787	-0.457774	-0.351622	-0.208394	-0.0272037	0.161795	0.343598	0.505258	0.632463	0.721625	0.781719	0.825079	0.847438	0.839913	0.798851	0.723161	0.616187	0.490342	0.36017	0.218869	0.0654593	-0.093466	-0.23731	-0.354545	-0.430955	-0.446065	-0.407048	-0.331995	-0.229134	-0.115401	-0.016142	0.0535782	0.108159	0.155084	
-0.597217	-0.597217	-0.565748	-0.509791	-0.444626	-0.387728	-0.351551	-0.334336	-0.343666	-0.370423	-0.401125	-0.435533	-0.471264	-0.485423	-0.480431	-0.4642	-0.407407	-0.305686	-0.177014	-0.0272037	0.149176	0.326031	0.487297	0.610321	0.690196	0.735767	0.752674	0.744328	0.720076	0.687278	0.64896	0.608745	0.550375	0.463269	0.359097	0.242502	0.115967	-0.0183222	-0.148532	-0.267756	-0.357048	-0.39086	-0.380471	-0.332917	-0.251595	-0.14729	-0.0420509	0.0448711	0.11828	0.180906	
-0.7473	-0.7473	-0.718099	-0.666915	-0.596257	-0.51782	-0.447647	-0.399241	-0.376345	-0.374148	-0.379006	-0.391345	-0.405789	-0.404985	-0.386529	-0.347691	-0.262951	-0.136459	0.00736096	0.161795	0.326031	0.475184	0.592882	0.667638	0.701816	0.708084	0.685873	0.641923	0.586311	0.531151	0.49551	0.483552	0.459789	0.401488	0.323063	0.23363	0.136804	0.0344388	-0.0738458	-0.182826	-0.269815	-0.316075	-0.325472	-0.302627	-0.249443	-0.166102	-0.0647414	0.0365378	0.129046	0.205936	
-0.88538	-0.88538	-0.858507	-0.810336	-0.738739	-0.647429	-0.557616	-0.478126	-0.415799	-0.372562	-0.343536	-0.322447	-0.308536	-0.290967	-0.256753	-0.193896	-0.0879251	0.0472129	0.19321	0.343598	0.487297	0.592882	0.658431	0.685058	0.676698	0.63792	0.582621	0.519842	0.451686	0.391163	0.36187	0.361563	0.350707	0.314305	0.264271	0.203902	0.140333	0.0667602	-0.0172039	-0.103346	-0.181233	-0.234693	-0.258944	-0.254944	-0.225007	-0.159963	-0.0602371	0.0520765	0.156627	0.235945	
-1.00351	-1.00351	-0.980744	-0.937912	-0.867531	-0.776624	-0.676385	-0.571271	-0.464332	-0.374242	-0.299397	-0.236811	-0.188694	-0.146295	-0.0878483	-0.00251975	0.112141	0.242726	0.376311	0.505258	0.610321	0.667638	0.685058	0.673147	0.624677	0.54953	0.467605	0.390408	0.319784	0.270352	0.252205	0.251745	0.242782	0.219897	0.189864	0.161547	0.128553	0.0811143	0.0261588	-0.0319515	-0.0978539	-0.155806	-0.189566	-0.200264	-0.185888	-0.128072	-0.0309482	0.0851099	0.188745	0.262863	
-1.09504	-1.09504	-1.0852	-1.0538	-0.990401	-0.900089	-0.793038	-0.663701	-0.52122	-0.385632	-0.263082	-0.152907	-0.0605782	0.0244817	0.116263	0.216519	0.327151	0.442157	0.54653	0.632463	0.690196	0.701816	0.676698	0.624677	0.549037	0.45561	0.359537	0.270774	0.204246	0.16937	0.15749	0.157632	0.153765	0.137232	0.123073	0.118387	0.110151	0.0845013	0.0530731	0.0117464	-0.0451952	-0.0975768	-0.133205	-0.150268	-0.137441	-0.0845313	0.00977786	0.121442	0.218924	0.293017	
-1.15925	-1.15925	-1.16396	-1.14802	-1.09194	-1.00364	-0.887925	-0.743037	-0.575368	-0.405803	-0.240809	-0.0863185	0.0584708	0.199701	0.333459	0.446356	0.544898	0.628205	0.685716	0.721625	0.735767	0.708084	0.63792	0.54953	0.45561	0.360735	0.264669	0.178232	0.117088	0.0842025	0.073132	0.0775277	0.0779727	0.0700494	0.0689891	0.0779074	0.0791874	0.0718559	0.056541	0.0206446	-0.029798	-0.0742887	-0.101465	-0.106149	-0.0863226	-0.0317612	0.0550918	0.155066	0.249448	0.335209	
-1.20646	-1.20646	-1.21516	-1.20328	-1.15278	-1.068	-0.953864	-0.804176	-0.6233	-0.42621	-0.229176	-0.0389074	0.152464	0.349909	0.528551	0.659889	0.743861	0.787006	0.793808	0.781719	0.752674	0.685873	0.582621	0.467605	0.359537	0.264669	0.180893	0.105018	0.0422133	0.00251343	-0.00778968	0.000114522	0.00765694	0.00915647	0.0150112	0.0227048	0.0355241	0.0458674	0.0357084	0.00282988	-0.0374655	-0.0713731	-0.0846672	-0.0740548	-0.0404008	0.0162739	0.0937008	0.179893	0.275456	0.376732	
-1.24669	-1.24669	-1.24468	-1.22184	-1.16794	-1.08932	-0.986592	-0.846562	-0.660361	-0.443356	-0.221009	-0.00286525	0.225529	0.462743	0.674994	0.823875	0.902303	0.917866	0.885661	0.825079	0.744328	0.641923	0.519842	0.390408	0.270774	0.178232	0.105018	0.0302052	-0.0392568	-0.0807222	-0.0867401	-0.0763412	-0.0607242	-0.0440729	-0.0338795	-0.0244408	-0.00490282	0.0110516	0.00398409	-0.0210225	-0.050399	-0.0717866	-0.071926	-0.0537863	-0.0178448	0.0388057	0.107002	0.18758	0.29037	0.405665	
-1.2481	-1.2481	-1.23227	-1.19263	-1.13071	-1.05552	-0.970291	-0.848758	-0.672121	-0.450409	-0.214855	0.027688	0.28055	0.531953	0.749993	0.907589	0.991141	1.00129	0.94761	0.847438	0.720076	0.586311	0.451686	0.319784	0.204246	0.117088	0.0422133	-0.0392568	-0.111832	-0.152419	-0.158868	-0.146549	-0.119584	-0.0917771	-0.071844	-0.0501432	-0.0265136	-0.0220585	-0.038257	-0.0558327	-0.0652712	-0.0666176	-0.0593059	-0.0480496	-0.0184387	0.0309418	0.0979099	0.184781	0.292988	0.416574	
-1.1805	-1.1805	-1.15808	-1.10967	-1.04228	-0.971503	-0.90199	-0.802431	-0.647759	-0.442634	-0.209603	0.0449622	0.305358	0.547235	0.750402	0.904926	0.99502	1.01119	0.955886	0.839913	0.687278	0.531151	0.391163	0.270352	0.16937	0.0842025	0.00251343	-0.0807222	-0.152419	-0.197063	-0.210672	-0.200703	-0.171537	-0.136859	-0.100306	-0.0656457	-0.0460661	-0.0551962	-0.077658	-0.0934111	-0.0894462	-0.0732422	-0.0605429	-0.0547038	-0.0353502	0.00606995	0.0764704	0.171235	0.284795	0.414686	
-1.06797	-1.06797	-1.0479	-1.00145	-0.938301	-0.875598	-0.817725	-0.732091	-0.599763	-0.42045	-0.205311	0.0392627	0.287787	0.510625	0.696681	0.840416	0.9314	0.954395	0.908493	0.798851	0.64896	0.49551	0.36187	0.252205	0.15749	0.073132	-0.00778968	-0.0867401	-0.158868	-0.210672	-0.229791	-0.225353	-0.205098	-0.177079	-0.135062	-0.0924397	-0.0701907	-0.0795963	-0.104208	-0.119481	-0.112116	-0.0941708	-0.0820108	-0.0769039	-0.0645712	-0.0320898	0.0401869	0.138842	0.257613	0.399537	
-0.919	-0.919	-0.908366	-0.876083	-0.828541	-0.780701	-0.729677	-0.650287	-0.535014	-0.384213	-0.200886	0.0103967	0.22854	0.430749	0.601018	0.7319	0.81818	0.844243	0.809314	0.723161	0.608745	0.483552	0.361563	0.251745	0.157632	0.0775277	0.000114522	-0.0763412	-0.146549	-0.200703	-0.225353	-0.23502	-0.232112	-0.220681	-0.187748	-0.146348	-0.113031	-0.10113	-0.11212	-0.126844	-0.13141	-0.127756	-0.119647	-0.111705	-0.102162	-0.0769844	-0.01235	0.0834879	0.211049	0.372036	
-0.724408	-0.724408	-0.729981	-0.721536	-0.699048	-0.665546	-0.619463	-0.544348	-0.449198	-0.330168	-0.188194	-0.024961	0.150185	0.32243	0.469838	0.580092	0.655028	0.68134	0.662594	0.616187	0.550375	0.459789	0.350707	0.242782	0.153765	0.0779727	0.00765694	-0.0607242	-0.119584	-0.171537	-0.205098	-0.232112	-0.254916	-0.266305	-0.249872	-0.211803	-0.167195	-0.137531	-0.131926	-0.143376	-0.160632	-0.171467	-0.164509	-0.152516	-0.140491	-0.116187	-0.0592572	0.0258364	0.155179	0.329143	
-0.495675	-0.495675	-0.517153	-0.535068	-0.535791	-0.515046	-0.474253	-0.412278	-0.343157	-0.258689	-0.160784	-0.0482321	0.0736173	0.202509	0.309326	0.389452	0.44869	0.4834	0.494778	0.490342	0.463269	0.401488	0.314305	0.219897	0.137232	0.0700494	0.00915647	-0.0440729	-0.0917771	-0.136859	-0.177079	-0.220681	-0.266305	-0.297197	-0.295233	-0.262983	-0.215086	-0.176891	-0.161922	-0.17151	-0.194583	-0.209781	-0.206052	-0.195455	-0.180658	-0.153724	-0.106219	-0.0291748	0.100267	0.273606	
-0.284098	-0.284098	-0.31085	-0.340833	-0.354807	-0.343884	-0.315569	-0.273552	-0.228572	-0.173871	-0.113994	-0.0520835	0.0130162	0.0833164	0.141387	0.18684	0.235865	0.286459	0.332388	0.36017	0.359097	0.323063	0.264271	0.189864	0.123073	0.0689891	0.0150112	-0.0338795	-0.071844	-0.100306	-0.135062	-0.187748	-0.249872	-0.295233	-0.298212	-0.272392	-0.229553	-0.197227	-0.182119	-0.190361	-0.211199	-0.222501	-0.230855	-0.238481	-0.228138	-0.201206	-0.154273	-0.0780583	0.0474624	0.212021	
-0.112055	-0.112055	-0.129943	-0.153815	-0.166832	-0.165537	-0.154647	-0.134957	-0.107608	-0.0782312	-0.0547319	-0.0447051	-0.040551	-0.0331788	-0.0207732	-0.00553974	0.034216	0.0935444	0.165541	0.218869	0.242502	0.23363	0.203902	0.161547	0.118387	0.0779074	0.0227048	-0.0244408	-0.0501432	-0.0656457	-0.0924397	-0.146348	-0.211803	-0.262983	-0.272392	-0.251929	-0.221919	-0.199794	-0.193107	-0.199499	-0.212885	-0.225389	-0.250468	-0.272114	-0.273417	-0.25528	-0.209852	-0.129669	-0.00903829	0.147724	
0.0167908	0.0167908	0.0119653	0.00536293	0.00287829	0.00432062	0.00231367	0.00805437	0.0190759	0.0222404	0.00618917	-0.0333051	-0.0856816	-0.130294	-0.154335	-0.164623	-0.143709	-0.0888962	-0.00819987	0.0654593	0.115967	0.136804	0.140333	0.128553	0.110151	0.0791874	0.0355241	-0.00490282	-0.0265136	-0.0460661	-0.0701907	-0.113031	-0.167195	-0.215086	-0.229553	-0.221919	-0.207373	-0.198921	-0.200678	-0.209845	-0.220504	-0.235336	-0.265691	-0.295025	-0.304979	-0.294081	-0.25479	-0.185902	-0.0750784	0.0727326	
0.104516	0.104516	0.110452	0.121119	0.137262	0.149545	0.150597	0.150717	0.145049	0.116779	0.0619684	-0.0174999	-0.111895	-0.19126	-0.244837	-0.279358	-0.282987	-0.244038	-0.174824	-0.093466	-0.0183222	0.0344388	0.0667602	0.0811143	0.0845013	0.0718559	0.0458674	0.0110516	-0.0220585	-0.0551962	-0.0795963	-0.10113	-0.137531	-0.176891	-0.197227	-0.199794	-0.198921	-0.204302	-0.210791	-0.221687	-0.233918	-0.248553	-0.270231	-0.292357	-0.311748	-0.316342	-0.297018	-0.249719	-0.155742	-0.0253323	
0.15765	0.15765	0.175099	0.205167	0.241831	0.269608	0.28091	0.281039	0.259325	0.203064	0.117823	0.0118651	-0.1077	-0.207687	-0.284408	-0.340644	-0.366403	-0.351461	-0.309238	-0.23731	-0.148532	-0.0738458	-0.0172039	0.0261588	0.0530731	0.056541	0.0357084	0.00398409	-0.038257	-0.077658	-0.104208	-0.11212	-0.131926	-0.161922	-0.182119	-0.193107	-0.200678	-0.210791	-0.218991	-0.225068	-0.232574	-0.2385	-0.251325	-0.271316	-0.294997	-0.314334	-0.320101	-0.301967	-0.24132	-0.138947	
0.199781	0.199781	0.233474	0.285147	0.339302	0.375448	0.393004	0.389661	0.355858	0.279721	0.177369	0.0551941	-0.0736358	-0.185159	-0.276238	-0.353688	-0.398757	-0.414132	-0.403462	-0.354545	-0.267756	-0.182826	-0.103346	-0.0319515	0.0117464	0.0206446	0.00282988	-0.0210225	-0.0558327	-0.0934111	-0.119481	-0.126844	-0.143376	-0.17151	-0.190361	-0.199499	-0.209845	-0.221687	-0.225068	-0.220307	-0.22088	-0.219227	-0.217971	-0.22969	-0.25838	-0.285883	-0.310181	-0.320747	-0.303497	-0.239708	
0.249391	0.249391	0.294343	0.360945	0.421655	0.462855	0.47861	0.46917	0.42131	0.334994	0.226271	0.103316	-0.0200543	-0.132309	-0.231632	-0.327082	-0.393064	-0.437101	-0.456448	-0.430955	-0.357048	-0.269815	-0.181233	-0.0978539	-0.0451952	-0.029798	-0.0374655	-0.050399	-0.0652712	-0.0894462	-0.112116	-0.13141	-0.160632	-0.194583	-0.211199	-0.212885	-0.220504	-0.233918	-0.232574	-0.22088	-0.210324	-0.196911	-0.180767	-0.184312	-0.207414	-0.238283	-0.279724	-0.320446	-0.338495	-0.314487	
0.311585	0.311585	0.352378	0.410971	0.466888	0.508932	0.525305	0.505909	0.445478	0.353704	0.250547	0.144376	0.0383272	-0.0645027	-0.167032	-0.268175	-0.349988	-0.411806	-0.451715	-0.446065	-0.39086	-0.316075	-0.234693	-0.155806	-0.0975768	-0.0742887	-0.0713731	-0.0717866	-0.0666176	-0.0732422	-0.0941708	-0.127756	-0.171467	-0.209781	-0.222501	-0.225389	-0.235336	-0.248553	-0.2385	-0.219227	-0.196911	-0.16664	-0.142215	-0.142021	-0.166104	-0.204466	-0.255185	-0.309464	-0.346713	-0.353227	
0.391793	0.391793	0.41424	0.444549	0.47989	0.512655	0.526088	0.498027	0.433543	0.343556	0.254934	0.169933	0.0837887	-0.00971172	-0.105673	-0.19778	-0.278586	-0.342258	-0.392764	-0.407048	-0.380471	-0.325472	-0.258944	-0.189566	-0.133205	-0.101465	-0.0846672	-0.071926	-0.0593059	-0.0605429	-0.0820108	-0.119647	-0.164509	-0.206052	-0.230855	-0.250468	-0.265691	-0.270231	-0.251325	-0.217971	-0.180767	-0.142215	-0.115761	-0.117019	-0.142911	-0.192235	-0.245935	-0.302422	-0.351056	-0.370076	
0.490032	0.490032	0.491587	0.488682	0.488726	0.493944	0.487041	0.454704	0.396811	0.324091	0.248776	0.180712	0.103778	0.0203514	-0.0606582	-0.131537	-0.193954	-0.247793	-0.296847	-0.331995	-0.332917	-0.302627	-0.254944	-0.200264	-0.150268	-0.106149	-0.0740548	-0.0537863	-0.0480496	-0.0547038	-0.0769039	-0.111705	-0.152516	-0.195455	-0.238481	-0.272114	-0.295025	-0.292357	-0.271316	-0.22969	-0.184312	-0.142021	-0.117019	-0.121201	-0.154682	-0.205073	-0.258422	-0.308179	-0.352725	-0.373958	
0.594542	0.594542	0.577824	0.546658	0.508264	0.473437	0.431284	0.390589	0.345823	0.297232	0.238464	0.179649	0.108892	0.0361273	-0.0255237	-0.0737006	-0.114715	-0.150238	-0.188602	-0.229134	-0.251595	-0.249443	-0.225007	-0.185888	-0.137441	-0.0863226	-0.0404008	-0.0178448	-0.0184387	-0.0353502	-0.0645712	-0.102162	-0.140491	-0.180658	-0.228138	-0.273417	-0.304979	-0.311748	-0.294997	-0.25838	-0.207414	-0.166104	-0.142911	-0.154682	-0.1928	-0.243021	-0.293501	-0.333275	-0.357919	-0.370999	
0.707121	0.707121	0.671021	0.614768	0.546106	0.475006	0.394931	0.334942	0.291644	0.26146	0.220216	0.17265	0.111318	0.0517815	0.00660523	-0.0261219	-0.0482912	-0.0649651	-0.0840735	-0.115401	-0.14729	-0.166102	-0.159963	-0.128072	-0.0845313	-0.0317612	0.0162739	0.0388057	0.0309418	0.00606995	-0.0320898	-0.0769844	-0.116187	-0.153724	-0.201206	-0.25528	-0.294081	-0.316342	-0.314334	-0.285883	-0.238283	-0.204466	-0.192235	-0.205073	-0.243021	-0.296333	-0.337426	-0.361876	-0.361336	-0.355841	
0.820283	0.820283	0.766266	0.686899	0.60142	0.503087	0.398206	0.309634	0.257436	0.226972	0.201175	0.163836	0.119933	0.0758712	0.043259	0.0205463	0.0113218	0.00747621	0.00149155	-0.016142	-0.0420509	-0.0647414	-0.0602371	-0.0309482	0.00977786	0.0550918	0.0937008	0.107002	0.0979099	0.0764704	0.0401869	-0.01235	-0.0592572	-0.106219	-0.154273	-0.209852	-0.25479	-0.297018	-0.320101	-0.310181	-0.279724	-0.255185	-0.245935	-0.258422	-0.293501	-0.337426	-0.366839	-0.373086	-0.35141	-0.321806	
0.926863	0.926863	0.863204	0.772019	0.673824	0.558918	0.436366	0.330037	0.261434	0.219972	0.189547	0.156813	0.130102	0.106313	0.0843546	0.0660381	0.0620389	0.0595983	0.0583072	0.0535782	0.0448711	0.0365378	0.0520765	0.0851099	0.121442	0.155066	0.179893	0.18758	0.184781	0.171235	0.138842	0.0834879	0.0258364	-0.0291748	-0.0780583	-0.129669	-0.185902	-0.249719	-0.301967	-0.320747	-0.320446	-0.309464	-0.302422	-0.308179	-0.333275	-0.361876	-0.373086	-0.361893	-0.331548	-0.287967	
1.01156	1.01156	0.949479	0.859367	0.755303	0.632358	0.500661	0.389377	0.309155	0.25307	0.20317	0.166525	0.152266	0.149886	0.134794	0.11482	0.105198	0.0996856	0.100862	0.108159	0.11828	0.129046	0.156627	0.188745	0.218924	0.249448	0.275456	0.29037	0.292988	0.284795	0.257613	0.211049	0.155179	0.100267	0.0474624	-0.00903829	-0.0750784	-0.155742	-0.24132	-0.303497	-0.338495	-0.346713	-0.351056	-0.352725	-0.357919	-0.361336	-0.35141	-0.331548	-0.297838	-0.246396	
1.08206	1.08206	1.02593	0.943553	0.846012	0.727682	0.596148	0.481128	0.392193	0.321207	0.253242	0.206461	0.194188	0.198334	0.184099	0.156671	0.137768	0.129242	0.135938	0.155084	0.180906	0.205936	0.235945	0.262863	0.293017	0.335209	0.376732	0.405665	0.416574	0.414686	0.399537	0.372036	0.329143	0.273606	0.212021	0.147724	0.0727326	-0.0253323	-0.138947	-0.239708	-0.314487	-0.353227	-0.370076	-0.373958	-0.370999	-0.355841	-0.321806	-0.287967	-0.246396	-0.178478	
