0.304266	0.173666	0.0352319	-0.0768199	-0.131419	-0.134934	-0.0947954	-0.0163687	0.0651832	0.143711	0.214387	0.25823	0.25932	0.219388	0.151642	0.0791546	0.0118106	-0.0527694	-0.0966529	-0.109602	-0.0943126	-0.0648848	-0.0255264	0.0265767	0.0972842	0.173497	0.232995	0.271187	0.296743	0.308324	0.293011	0.263494	0.222823	0.177632	0.131241	0.0800731	0.0516331	0.0424536	0.0306258	0.0285376	0.0473429	0.0785543	0.110575	0.140117	0.177962	0.220094	0.252174	0.27526	0.286268	0.286268	
0.173666	0.0321128	-0.10446	-0.203818	-0.24888	-0.250336	-0.207978	-0.125384	-0.0351326	0.0444751	0.110546	0.150564	0.152524	0.114966	0.0600044	0.00961742	-0.0346605	-0.0736124	-0.0937285	-0.0838834	-0.0587583	-0.0262356	0.018764	0.0744425	0.134666	0.187044	0.228717	0.256181	0.269524	0.270637	0.251947	0.213903	0.165337	0.123022	0.0910418	0.0637349	0.0482248	0.0511193	0.0654563	0.0937051	0.135465	0.177767	0.233529	0.301904	0.368855	0.436627	0.496929	0.542314	0.567208	0.567208	
0.0352319	-0.10446	-0.22338	-0.309132	-0.350134	-0.344837	-0.295467	-0.209698	-0.112498	-0.0253989	0.0381506	0.0843873	0.0986144	0.0738372	0.0321196	-0.00989426	-0.0324507	-0.0381887	-0.0290349	-0.00604471	0.0283492	0.0705794	0.113487	0.163165	0.214224	0.25038	0.267882	0.272062	0.262998	0.246374	0.222025	0.182944	0.141138	0.106948	0.084439	0.0745848	0.0719151	0.0774833	0.0977903	0.144808	0.203069	0.257052	0.331011	0.420866	0.505741	0.581067	0.646734	0.700451	0.726497	0.726497	
-0.0768199	-0.203818	-0.309132	-0.387359	-0.418344	-0.400946	-0.344666	-0.256592	-0.144207	-0.0439504	0.0309853	0.0920484	0.117788	0.107235	0.0799842	0.0537712	0.0466422	0.0582336	0.0799229	0.107136	0.148234	0.197294	0.246928	0.291001	0.321572	0.333052	0.326846	0.312111	0.277184	0.236262	0.202833	0.164336	0.134469	0.116869	0.100585	0.0931709	0.0997456	0.113453	0.138393	0.187257	0.249203	0.315691	0.398994	0.48993	0.572058	0.642883	0.70198	0.745486	0.765528	0.765528	
-0.131419	-0.24888	-0.350134	-0.418344	-0.442524	-0.421788	-0.359505	-0.253939	-0.115586	0.00697238	0.0959774	0.162081	0.198496	0.206617	0.197613	0.186597	0.192054	0.211262	0.233962	0.261591	0.301785	0.352423	0.404045	0.432748	0.435709	0.417348	0.383506	0.34594	0.291166	0.236158	0.190594	0.146316	0.120586	0.113216	0.111153	0.112707	0.126092	0.153167	0.188205	0.232776	0.285904	0.350329	0.428605	0.502163	0.564199	0.623462	0.671186	0.699467	0.712133	0.712133	
-0.134934	-0.250336	-0.344837	-0.400946	-0.421788	-0.396681	-0.317371	-0.187243	-0.0277432	0.1128	0.215672	0.28841	0.33733	0.362489	0.363372	0.357789	0.370592	0.396687	0.423331	0.450536	0.482439	0.517205	0.544563	0.543314	0.521624	0.484069	0.429509	0.367321	0.296324	0.231242	0.174707	0.129472	0.103732	0.0958469	0.0986837	0.110625	0.138421	0.172404	0.216335	0.268122	0.31377	0.369774	0.430664	0.474166	0.511391	0.545987	0.571374	0.586705	0.588502	0.588502	
-0.0947954	-0.207978	-0.295467	-0.344666	-0.359505	-0.317371	-0.213445	-0.0622873	0.107739	0.262078	0.373275	0.448961	0.504718	0.536702	0.544805	0.550584	0.570649	0.594506	0.614152	0.630283	0.647	0.657585	0.651567	0.614958	0.561039	0.501887	0.436653	0.361492	0.28334	0.217155	0.156284	0.112522	0.0885727	0.0738076	0.0692186	0.0874383	0.127922	0.168136	0.216093	0.273126	0.321708	0.363944	0.398042	0.417235	0.428208	0.436078	0.439681	0.44058	0.439091	0.439091	
-0.0163687	-0.125384	-0.209698	-0.256592	-0.253939	-0.187243	-0.0622873	0.102251	0.278613	0.432863	0.541099	0.615568	0.670113	0.704714	0.727315	0.745783	0.755437	0.765405	0.774854	0.775741	0.768692	0.743169	0.697802	0.634847	0.558016	0.472102	0.393554	0.313827	0.237425	0.181028	0.129015	0.0881893	0.0649513	0.0504152	0.0430245	0.0614606	0.107337	0.154106	0.199181	0.251035	0.2972	0.318668	0.325145	0.327246	0.322643	0.314411	0.305427	0.301902	0.302144	0.302144	
0.0651832	-0.0351326	-0.112498	-0.144207	-0.115586	-0.0277432	0.107739	0.278613	0.449232	0.600906	0.713566	0.785848	0.833937	0.8687	0.895973	0.907082	0.90416	0.900242	0.886733	0.858502	0.820291	0.762424	0.677583	0.582952	0.492813	0.398919	0.311605	0.234383	0.170612	0.120916	0.0776468	0.0479447	0.0321158	0.027513	0.0333047	0.0531318	0.0880847	0.129364	0.161583	0.195526	0.233852	0.245319	0.240174	0.235741	0.226201	0.206535	0.183886	0.173966	0.169277	0.169277	
0.143711	0.0444751	-0.0253989	-0.0439504	0.00697238	0.1128	0.262078	0.432863	0.600906	0.753801	0.862379	0.933475	0.980566	1.01464	1.03015	1.02715	1.00867	0.973547	0.931602	0.881102	0.804992	0.705455	0.597311	0.487872	0.385783	0.293758	0.210288	0.134315	0.079284	0.0424653	0.0143024	-0.00489214	-0.0112397	-2.88602e-05	0.0199541	0.0439349	0.0702982	0.101586	0.123825	0.136627	0.155786	0.162656	0.155725	0.147863	0.135978	0.112475	0.0833635	0.0651691	0.0550269	0.0550269	
0.214387	0.110546	0.0381506	0.0309853	0.0959774	0.215672	0.373275	0.541099	0.713566	0.862379	0.967697	1.04498	1.09131	1.11231	1.11233	1.09123	1.04532	0.981348	0.910307	0.829381	0.724678	0.599044	0.478677	0.369812	0.268021	0.176963	0.100572	0.0364957	-0.0175011	-0.0470634	-0.0533939	-0.0647623	-0.0613596	-0.0307686	0.00182314	0.0305175	0.0488702	0.0730091	0.0922944	0.0860063	0.0835199	0.0820347	0.0710218	0.0596157	0.0440527	0.0265715	0.00767395	-0.0101116	-0.0178979	-0.0178979	
0.25823	0.150564	0.0843873	0.0920484	0.162081	0.28841	0.448961	0.615568	0.785848	0.933475	1.04498	1.12606	1.16023	1.15887	1.14173	1.09371	1.01112	0.922276	0.819189	0.699045	0.577799	0.452988	0.333718	0.232468	0.146831	0.0602435	-0.0066991	-0.0483466	-0.0934467	-0.117372	-0.115177	-0.112635	-0.0940125	-0.0571699	-0.0163472	0.0143576	0.026621	0.0396592	0.0476354	0.0341844	0.0150928	0.00441191	-0.00484231	-0.0210574	-0.0350637	-0.0404925	-0.0456272	-0.0520729	-0.0548163	-0.0548163	
0.25932	0.152524	0.0986144	0.117788	0.198496	0.33733	0.504718	0.670113	0.833937	0.980566	1.09131	1.16023	1.18745	1.17156	1.12052	1.03612	0.926918	0.812295	0.678084	0.534094	0.402017	0.285788	0.179341	0.088429	0.0159211	-0.0521736	-0.10234	-0.137568	-0.163657	-0.168856	-0.156423	-0.131735	-0.0987271	-0.0609024	-0.0266516	-0.00620066	0.00243143	0.00295	-0.0028007	-0.0182573	-0.0447057	-0.0628616	-0.0749271	-0.0924458	-0.0984746	-0.091151	-0.0796421	-0.0676888	-0.0626845	-0.0626845	
0.219388	0.114966	0.0738372	0.107235	0.206617	0.362489	0.536702	0.704714	0.8687	1.01464	1.11231	1.15887	1.17156	1.1362	1.04619	0.930078	0.804952	0.666199	0.51733	0.374296	0.23793	0.123493	0.0328712	-0.0452321	-0.113367	-0.160896	-0.190408	-0.215888	-0.216399	-0.196906	-0.16862	-0.132527	-0.0940447	-0.0579019	-0.0397102	-0.0301535	-0.0270246	-0.0368272	-0.0480289	-0.0651294	-0.089597	-0.108462	-0.123704	-0.135885	-0.134311	-0.120808	-0.102348	-0.08371	-0.0728742	-0.0728742	
0.151642	0.0600044	0.0321196	0.0799842	0.197613	0.363372	0.544805	0.727315	0.895973	1.03015	1.11233	1.14173	1.12052	1.04619	0.923631	0.78698	0.652415	0.505821	0.354581	0.213111	0.0876183	-0.012113	-0.0906973	-0.161112	-0.223568	-0.25556	-0.259093	-0.251905	-0.229428	-0.199698	-0.15912	-0.119902	-0.0936079	-0.072622	-0.0671909	-0.0632309	-0.0633252	-0.0766184	-0.0889312	-0.104578	-0.117836	-0.129362	-0.141312	-0.140391	-0.135605	-0.127948	-0.118551	-0.114277	-0.105847	-0.105847	
0.0791546	0.00961742	-0.00989426	0.0537712	0.186597	0.357789	0.550584	0.745783	0.907082	1.02715	1.09123	1.09371	1.03612	0.930078	0.78698	0.631391	0.480932	0.335938	0.192118	0.0556911	-0.0498601	-0.129534	-0.196515	-0.253744	-0.293282	-0.306221	-0.292597	-0.257974	-0.218582	-0.183389	-0.145086	-0.107751	-0.0907173	-0.0952677	-0.0969564	-0.0935481	-0.103742	-0.11418	-0.120935	-0.134843	-0.136391	-0.135565	-0.142277	-0.132991	-0.125361	-0.127141	-0.130075	-0.138217	-0.136648	-0.136648	
0.0118106	-0.0346605	-0.0324507	0.0466422	0.192054	0.370592	0.570649	0.755437	0.90416	1.00867	1.04532	1.01112	0.926918	0.804952	0.652415	0.480932	0.30956	0.16567	0.0353802	-0.081884	-0.169361	-0.232756	-0.285423	-0.315182	-0.319509	-0.31154	-0.288209	-0.251189	-0.20537	-0.164153	-0.136088	-0.110223	-0.0947585	-0.104057	-0.109355	-0.112099	-0.131023	-0.142582	-0.148769	-0.156366	-0.152266	-0.142332	-0.13704	-0.129733	-0.121794	-0.126347	-0.137575	-0.145337	-0.148888	-0.148888	
-0.0527694	-0.0736124	-0.0381887	0.0582336	0.211262	0.396687	0.594506	0.765405	0.900242	0.973547	0.981348	0.922276	0.812295	0.666199	0.505821	0.335938	0.16567	0.022739	-0.0994137	-0.198287	-0.268795	-0.311987	-0.340599	-0.341871	-0.328796	-0.303503	-0.262701	-0.221586	-0.184371	-0.157411	-0.131016	-0.114698	-0.107627	-0.109688	-0.116077	-0.125083	-0.147106	-0.161548	-0.166591	-0.166465	-0.159139	-0.142874	-0.129129	-0.128751	-0.124005	-0.12965	-0.143169	-0.144533	-0.151298	-0.151298	
-0.0966529	-0.0937285	-0.0290349	0.0799229	0.233962	0.423331	0.614152	0.774854	0.886733	0.931602	0.910307	0.819189	0.678084	0.51733	0.354581	0.192118	0.0353802	-0.0994137	-0.199433	-0.268972	-0.324239	-0.359698	-0.366973	-0.347191	-0.317972	-0.278796	-0.23265	-0.190821	-0.160658	-0.144759	-0.129343	-0.122286	-0.1252	-0.127046	-0.13153	-0.143793	-0.158395	-0.167128	-0.165321	-0.158139	-0.151364	-0.136961	-0.12617	-0.128686	-0.133014	-0.137334	-0.142381	-0.146395	-0.148098	-0.148098	
-0.109602	-0.0838834	-0.00604471	0.107136	0.261591	0.450536	0.630283	0.775741	0.858502	0.881102	0.829381	0.699045	0.534094	0.374296	0.213111	0.0556911	-0.081884	-0.198287	-0.268972	-0.310537	-0.349055	-0.375031	-0.367811	-0.336952	-0.291966	-0.23874	-0.200431	-0.170477	-0.139898	-0.123861	-0.125708	-0.130937	-0.143945	-0.151648	-0.154461	-0.167294	-0.168902	-0.159937	-0.146268	-0.139597	-0.137344	-0.131119	-0.133265	-0.13336	-0.141432	-0.144027	-0.137144	-0.145654	-0.143311	-0.143311	
-0.0943126	-0.0587583	0.0283492	0.148234	0.301785	0.482439	0.647	0.768692	0.820291	0.804992	0.724678	0.577799	0.402017	0.23793	0.0876183	-0.0498601	-0.169361	-0.268795	-0.324239	-0.349055	-0.366117	-0.368523	-0.340193	-0.296757	-0.25056	-0.204	-0.174205	-0.149605	-0.128363	-0.122205	-0.127998	-0.137942	-0.15571	-0.169756	-0.17378	-0.177169	-0.16678	-0.147975	-0.129616	-0.122366	-0.12854	-0.133409	-0.140707	-0.145535	-0.14903	-0.145268	-0.135429	-0.136185	-0.133782	-0.133782	
-0.0648848	-0.0262356	0.0705794	0.197294	0.352423	0.517205	0.657585	0.743169	0.762424	0.705455	0.599044	0.452988	0.285788	0.123493	-0.012113	-0.129534	-0.232756	-0.311987	-0.359698	-0.375031	-0.368523	-0.339597	-0.29711	-0.246024	-0.205032	-0.174547	-0.151948	-0.138623	-0.133255	-0.137323	-0.139223	-0.1475	-0.162864	-0.172462	-0.173559	-0.167105	-0.152524	-0.137942	-0.128344	-0.121006	-0.128754	-0.138904	-0.141673	-0.150181	-0.149401	-0.142526	-0.137349	-0.12755	-0.125922	-0.125922	
-0.0255264	0.018764	0.113487	0.246928	0.404045	0.544563	0.651567	0.697802	0.677583	0.597311	0.478677	0.333718	0.179341	0.0328712	-0.0906973	-0.196515	-0.285423	-0.340599	-0.366973	-0.367811	-0.340193	-0.29711	-0.253845	-0.206275	-0.16753	-0.147177	-0.139701	-0.138197	-0.140746	-0.149539	-0.16114	-0.166259	-0.164795	-0.166633	-0.157604	-0.143183	-0.137689	-0.13397	-0.133612	-0.132609	-0.134669	-0.137558	-0.139081	-0.144873	-0.141487	-0.140484	-0.139045	-0.125	-0.123383	-0.123383	
0.0265767	0.0744425	0.163165	0.291001	0.432748	0.543314	0.614958	0.634847	0.582952	0.487872	0.369812	0.232468	0.088429	-0.0452321	-0.161112	-0.253744	-0.315182	-0.341871	-0.347191	-0.336952	-0.296757	-0.246024	-0.206275	-0.179367	-0.152295	-0.137876	-0.13962	-0.140024	-0.145438	-0.158458	-0.177929	-0.1748	-0.161044	-0.159671	-0.142786	-0.12575	-0.124107	-0.129366	-0.141739	-0.146143	-0.14017	-0.139167	-0.137739	-0.12998	-0.127968	-0.131216	-0.132891	-0.13308	-0.131328	-0.131328	
0.0972842	0.134666	0.214224	0.321572	0.435709	0.521624	0.561039	0.558016	0.492813	0.385783	0.268021	0.146831	0.0159211	-0.113367	-0.223568	-0.293282	-0.319509	-0.328796	-0.317972	-0.291966	-0.25056	-0.205032	-0.16753	-0.152295	-0.14922	-0.142089	-0.139762	-0.140207	-0.150334	-0.167921	-0.177454	-0.169078	-0.157442	-0.149545	-0.138616	-0.127614	-0.120869	-0.128189	-0.141867	-0.144169	-0.138537	-0.140569	-0.13785	-0.122819	-0.118252	-0.121202	-0.126318	-0.136765	-0.141516	-0.141516	
0.173497	0.187044	0.25038	0.333052	0.417348	0.484069	0.501887	0.472102	0.398919	0.293758	0.176963	0.0602435	-0.0521736	-0.160896	-0.25556	-0.306221	-0.31154	-0.303503	-0.278796	-0.23874	-0.204	-0.174547	-0.147177	-0.137876	-0.142089	-0.141914	-0.145472	-0.158426	-0.165595	-0.168372	-0.168101	-0.158611	-0.145431	-0.131294	-0.133133	-0.135421	-0.126636	-0.133905	-0.140762	-0.134513	-0.134817	-0.139576	-0.133354	-0.123524	-0.120201	-0.119412	-0.123586	-0.132378	-0.140063	-0.140063	
0.232995	0.228717	0.267882	0.326846	0.383506	0.429509	0.436653	0.393554	0.311605	0.210288	0.100572	-0.0066991	-0.10234	-0.190408	-0.259093	-0.292597	-0.288209	-0.262701	-0.23265	-0.200431	-0.174205	-0.151948	-0.139701	-0.13962	-0.139762	-0.145472	-0.156702	-0.173426	-0.175912	-0.163133	-0.154603	-0.140913	-0.127752	-0.122117	-0.130397	-0.141111	-0.137194	-0.138484	-0.138927	-0.128279	-0.12882	-0.132276	-0.125023	-0.125857	-0.130761	-0.129023	-0.125967	-0.123454	-0.126574	-0.126574	
0.271187	0.256181	0.272062	0.312111	0.34594	0.367321	0.361492	0.313827	0.234383	0.134315	0.0364957	-0.0483466	-0.137568	-0.215888	-0.251905	-0.257974	-0.251189	-0.221586	-0.190821	-0.170477	-0.149605	-0.138623	-0.138197	-0.140024	-0.140207	-0.158426	-0.173426	-0.169205	-0.169354	-0.158309	-0.141601	-0.133601	-0.126832	-0.12514	-0.128536	-0.134864	-0.13934	-0.139432	-0.135697	-0.127909	-0.126191	-0.123123	-0.116193	-0.12532	-0.137095	-0.137005	-0.129737	-0.118903	-0.115838	-0.115838	
0.296743	0.269524	0.262998	0.277184	0.291166	0.296324	0.28334	0.237425	0.170612	0.079284	-0.0175011	-0.0934467	-0.163657	-0.216399	-0.229428	-0.218582	-0.20537	-0.184371	-0.160658	-0.139898	-0.128363	-0.133255	-0.140746	-0.145438	-0.150334	-0.165595	-0.175912	-0.169354	-0.163499	-0.145435	-0.124211	-0.129915	-0.135242	-0.129978	-0.130415	-0.133584	-0.139572	-0.136147	-0.128155	-0.126335	-0.122294	-0.119245	-0.117745	-0.123535	-0.134217	-0.132971	-0.12658	-0.122074	-0.11646	-0.11646	
0.308324	0.270637	0.246374	0.236262	0.236158	0.231242	0.217155	0.181028	0.120916	0.0424653	-0.0470634	-0.117372	-0.168856	-0.196906	-0.199698	-0.183389	-0.164153	-0.157411	-0.144759	-0.123861	-0.122205	-0.137323	-0.149539	-0.158458	-0.167921	-0.168372	-0.163133	-0.158309	-0.145435	-0.129058	-0.118377	-0.12806	-0.138058	-0.134765	-0.136701	-0.138774	-0.139435	-0.130167	-0.120727	-0.122214	-0.11837	-0.119656	-0.127149	-0.127197	-0.123034	-0.121194	-0.122147	-0.122602	-0.12414	-0.12414	
0.293011	0.251947	0.222025	0.202833	0.190594	0.174707	0.156284	0.129015	0.0776468	0.0143024	-0.0533939	-0.115177	-0.156423	-0.16862	-0.15912	-0.145086	-0.136088	-0.131016	-0.129343	-0.125708	-0.127998	-0.139223	-0.16114	-0.177929	-0.177454	-0.168101	-0.154603	-0.141601	-0.124211	-0.118377	-0.125454	-0.134559	-0.139129	-0.137433	-0.137203	-0.132988	-0.12674	-0.118781	-0.120232	-0.126941	-0.12318	-0.128028	-0.134851	-0.124851	-0.111024	-0.109505	-0.117829	-0.124575	-0.128932	-0.128932	
0.263494	0.213903	0.182944	0.164336	0.146316	0.129472	0.112522	0.0881893	0.0479447	-0.00489214	-0.0647623	-0.112635	-0.131735	-0.132527	-0.119902	-0.107751	-0.110223	-0.114698	-0.122286	-0.130937	-0.137942	-0.1475	-0.166259	-0.1748	-0.169078	-0.158611	-0.140913	-0.133601	-0.129915	-0.12806	-0.134559	-0.139442	-0.13634	-0.1341	-0.136203	-0.127603	-0.115289	-0.109674	-0.116513	-0.126615	-0.124459	-0.129269	-0.135822	-0.125207	-0.11552	-0.115079	-0.118476	-0.121014	-0.117481	-0.117481	
0.222823	0.165337	0.141138	0.134469	0.120586	0.103732	0.0885727	0.0649513	0.0321158	-0.0112397	-0.0613596	-0.0940125	-0.0987271	-0.0940447	-0.0936079	-0.0907173	-0.0947585	-0.107627	-0.1252	-0.143945	-0.15571	-0.162864	-0.164795	-0.161044	-0.157442	-0.145431	-0.127752	-0.126832	-0.135242	-0.138058	-0.139129	-0.13634	-0.129145	-0.127848	-0.131954	-0.125827	-0.115578	-0.119298	-0.125555	-0.127798	-0.126039	-0.117805	-0.116444	-0.116889	-0.116067	-0.120584	-0.123097	-0.121676	-0.117453	-0.117453	
0.177632	0.123022	0.106948	0.116869	0.113216	0.0958469	0.0738076	0.0504152	0.027513	-2.88602e-05	-0.0307686	-0.0571699	-0.0609024	-0.0579019	-0.072622	-0.0952677	-0.104057	-0.109688	-0.127046	-0.151648	-0.169756	-0.172462	-0.166633	-0.159671	-0.149545	-0.131294	-0.122117	-0.12514	-0.129978	-0.134765	-0.137433	-0.1341	-0.127848	-0.125588	-0.123044	-0.120852	-0.123156	-0.13162	-0.131594	-0.126039	-0.124589	-0.110418	-0.103645	-0.113629	-0.119398	-0.121207	-0.120877	-0.1206	-0.120063	-0.120063	
0.131241	0.0910418	0.084439	0.100585	0.111153	0.0986837	0.0692186	0.0430245	0.0333047	0.0199541	0.00182314	-0.0163472	-0.0266516	-0.0397102	-0.0671909	-0.0969564	-0.109355	-0.116077	-0.13153	-0.154461	-0.17378	-0.173559	-0.157604	-0.142786	-0.138616	-0.133133	-0.130397	-0.128536	-0.130415	-0.136701	-0.137203	-0.136203	-0.131954	-0.123044	-0.112258	-0.114167	-0.126113	-0.12893	-0.119876	-0.11644	-0.121283	-0.114585	-0.113954	-0.126005	-0.129732	-0.123987	-0.1148	-0.110512	-0.109791	-0.109791	
0.0800731	0.0637349	0.0745848	0.0931709	0.112707	0.110625	0.0874383	0.0614606	0.0531318	0.0439349	0.0305175	0.0143576	-0.00620066	-0.0301535	-0.0632309	-0.0935481	-0.112099	-0.125083	-0.143793	-0.167294	-0.177169	-0.167105	-0.143183	-0.12575	-0.127614	-0.135421	-0.141111	-0.134864	-0.133584	-0.138774	-0.132988	-0.127603	-0.125827	-0.120852	-0.114167	-0.118927	-0.126975	-0.123642	-0.115781	-0.115269	-0.120658	-0.120265	-0.119376	-0.119346	-0.118705	-0.117099	-0.113908	-0.115269	-0.114991	-0.114991	
0.0516331	0.0482248	0.0719151	0.0997456	0.126092	0.138421	0.127922	0.107337	0.0880847	0.0702982	0.0488702	0.026621	0.00243143	-0.0270246	-0.0633252	-0.103742	-0.131023	-0.147106	-0.158395	-0.168902	-0.16678	-0.152524	-0.137689	-0.124107	-0.120869	-0.126636	-0.137194	-0.13934	-0.139572	-0.139435	-0.12674	-0.115289	-0.115578	-0.123156	-0.126113	-0.126975	-0.127916	-0.123394	-0.117287	-0.112276	-0.114731	-0.12157	-0.119963	-0.110906	-0.106214	-0.11119	-0.117601	-0.120304	-0.121888	-0.121888	
0.0424536	0.0511193	0.0774833	0.113453	0.153167	0.172404	0.168136	0.154106	0.129364	0.101586	0.0730091	0.0396592	0.00295	-0.0368272	-0.0766184	-0.11418	-0.142582	-0.161548	-0.167128	-0.159937	-0.147975	-0.137942	-0.13397	-0.129366	-0.128189	-0.133905	-0.138484	-0.139432	-0.136147	-0.130167	-0.118781	-0.109674	-0.119298	-0.13162	-0.12893	-0.123642	-0.123394	-0.119747	-0.113209	-0.109687	-0.112631	-0.122044	-0.124171	-0.116635	-0.111034	-0.11215	-0.11476	-0.114559	-0.116898	-0.116898	
0.0306258	0.0654563	0.0977903	0.138393	0.188205	0.216335	0.216093	0.199181	0.161583	0.123825	0.0922944	0.0476354	-0.0028007	-0.0480289	-0.0889312	-0.120935	-0.148769	-0.166591	-0.165321	-0.146268	-0.129616	-0.128344	-0.133612	-0.141739	-0.141867	-0.140762	-0.138927	-0.135697	-0.128155	-0.120727	-0.120232	-0.116513	-0.125555	-0.131594	-0.119876	-0.115781	-0.117287	-0.113209	-0.114526	-0.120965	-0.118514	-0.116193	-0.116996	-0.118516	-0.120136	-0.113964	-0.110256	-0.112294	-0.112324	-0.112324	
0.0285376	0.0937051	0.144808	0.187257	0.232776	0.268122	0.273126	0.251035	0.195526	0.136627	0.0860063	0.0341844	-0.0182573	-0.0651294	-0.104578	-0.134843	-0.156366	-0.166465	-0.158139	-0.139597	-0.122366	-0.121006	-0.132609	-0.146143	-0.144169	-0.134513	-0.128279	-0.127909	-0.126335	-0.122214	-0.126941	-0.126615	-0.127798	-0.126039	-0.11644	-0.115269	-0.112276	-0.109687	-0.120965	-0.130516	-0.122047	-0.106814	-0.103186	-0.114042	-0.119008	-0.115512	-0.115835	-0.113711	-0.112406	-0.112406	
0.0473429	0.135465	0.203069	0.249203	0.285904	0.31377	0.321708	0.2972	0.233852	0.155786	0.0835199	0.0150928	-0.0447057	-0.089597	-0.117836	-0.136391	-0.152266	-0.159139	-0.151364	-0.137344	-0.12854	-0.128754	-0.134669	-0.14017	-0.138537	-0.134817	-0.12882	-0.126191	-0.122294	-0.11837	-0.12318	-0.124459	-0.126039	-0.124589	-0.121283	-0.120658	-0.114731	-0.112631	-0.118514	-0.122047	-0.117106	-0.110029	-0.108097	-0.110392	-0.11227	-0.116161	-0.118856	-0.113947	-0.111741	-0.111741	
0.0785543	0.177767	0.257052	0.315691	0.350329	0.369774	0.363944	0.318668	0.245319	0.162656	0.0820347	0.00441191	-0.0628616	-0.108462	-0.129362	-0.135565	-0.142332	-0.142874	-0.136961	-0.131119	-0.133409	-0.138904	-0.137558	-0.139167	-0.140569	-0.139576	-0.132276	-0.123123	-0.119245	-0.119656	-0.128028	-0.129269	-0.117805	-0.110418	-0.114585	-0.120265	-0.12157	-0.122044	-0.116193	-0.106814	-0.110029	-0.121675	-0.120446	-0.111722	-0.112365	-0.114284	-0.112147	-0.111444	-0.111068	-0.111068	
0.110575	0.233529	0.331011	0.398994	0.428605	0.430664	0.398042	0.325145	0.240174	0.155725	0.0710218	-0.00484231	-0.0749271	-0.123704	-0.141312	-0.142277	-0.13704	-0.129129	-0.12617	-0.133265	-0.140707	-0.141673	-0.139081	-0.137739	-0.13785	-0.133354	-0.125023	-0.116193	-0.117745	-0.127149	-0.134851	-0.135822	-0.116444	-0.103645	-0.113954	-0.119376	-0.119963	-0.124171	-0.116996	-0.103186	-0.108097	-0.120446	-0.119774	-0.115011	-0.113089	-0.110899	-0.107837	-0.109948	-0.116569	-0.116569	
0.140117	0.301904	0.420866	0.48993	0.502163	0.474166	0.417235	0.327246	0.235741	0.147863	0.0596157	-0.0210574	-0.0924458	-0.135885	-0.140391	-0.132991	-0.129733	-0.128751	-0.128686	-0.13336	-0.145535	-0.150181	-0.144873	-0.12998	-0.122819	-0.123524	-0.125857	-0.12532	-0.123535	-0.127197	-0.124851	-0.125207	-0.116889	-0.113629	-0.126005	-0.119346	-0.110906	-0.116635	-0.118516	-0.114042	-0.110392	-0.111722	-0.115011	-0.11346	-0.110452	-0.110047	-0.110303	-0.113436	-0.116192	-0.116192	
0.177962	0.368855	0.505741	0.572058	0.564199	0.511391	0.428208	0.322643	0.226201	0.135978	0.0440527	-0.0350637	-0.0984746	-0.134311	-0.135605	-0.125361	-0.121794	-0.124005	-0.133014	-0.141432	-0.14903	-0.149401	-0.141487	-0.127968	-0.118252	-0.120201	-0.130761	-0.137095	-0.134217	-0.123034	-0.111024	-0.11552	-0.116067	-0.119398	-0.129732	-0.118705	-0.106214	-0.111034	-0.120136	-0.119008	-0.11227	-0.112365	-0.113089	-0.110452	-0.111403	-0.112853	-0.114742	-0.115299	-0.106435	-0.106435	
0.220094	0.436627	0.581067	0.642883	0.623462	0.545987	0.436078	0.314411	0.206535	0.112475	0.0265715	-0.0404925	-0.091151	-0.120808	-0.127948	-0.127141	-0.126347	-0.12965	-0.137334	-0.144027	-0.145268	-0.142526	-0.140484	-0.131216	-0.121202	-0.119412	-0.129023	-0.137005	-0.132971	-0.121194	-0.109505	-0.115079	-0.120584	-0.121207	-0.123987	-0.117099	-0.11119	-0.11215	-0.113964	-0.115512	-0.116161	-0.114284	-0.110899	-0.110047	-0.112853	-0.115452	-0.114014	-0.110742	-0.107659	-0.107659	
0.252174	0.496929	0.646734	0.70198	0.671186	0.571374	0.439681	0.305427	0.183886	0.0833635	0.00767395	-0.0456272	-0.0796421	-0.102348	-0.118551	-0.130075	-0.137575	-0.143169	-0.142381	-0.137144	-0.135429	-0.137349	-0.139045	-0.132891	-0.126318	-0.123586	-0.125967	-0.129737	-0.12658	-0.122147	-0.117829	-0.118476	-0.123097	-0.120877	-0.1148	-0.113908	-0.117601	-0.11476	-0.110256	-0.115835	-0.118856	-0.112147	-0.107837	-0.110303	-0.114742	-0.114014	-0.107722	-0.108212	-0.116354	-0.116354	
0.27526	0.542314	0.700451	0.745486	0.699467	0.586705	0.44058	0.301902	0.173966	0.0651691	-0.0101116	-0.0520729	-0.0676888	-0.08371	-0.114277	-0.138217	-0.145337	-0.144533	-0.146395	-0.145654	-0.136185	-0.12755	-0.125	-0.13308	-0.136765	-0.132378	-0.123454	-0.118903	-0.122074	-0.122602	-0.124575	-0.121014	-0.121676	-0.1206	-0.110512	-0.115269	-0.120304	-0.114559	-0.112294	-0.113711	-0.113947	-0.111444	-0.109948	-0.113436	-0.115299	-0.110742	-0.108212	-0.110927	-0.113657	-0.113657	
0.286268	0.567208	0.726497	0.765528	0.712133	0.588502	0.439091	0.302144	0.169277	0.0550269	-0.0178979	-0.0548163	-0.0626845	-0.0728742	-0.105847	-0.136648	-0.148888	-0.151298	-0.148098	-0.143311	-0.133782	-0.125922	-0.123383	-0.131328	-0.141516	-0.140063	-0.126574	-0.115838	-0.11646	-0.12414	-0.128932	-0.117481	-0.117453	-0.120063	-0.109791	-0.114991	-0.121888	-0.116898	-0.112324	-0.112406	-0.111741	-0.111068	-0.116569	-0.116192	-0.106435	-0.107659	-0.116354	-0.113657	-0.107771	-0.107771	
0.286268	0.567208	0.726497	0.765528	0.712133	0.588502	0.439091	0.302144	0.169277	0.0550269	-0.0178979	-0.0548163	-0.0626845	-0.0728742	-0.105847	-0.136648	-0.148888	-0.151298	-0.148098	-0.143311	-0.133782	-0.125922	-0.123383	-0.131328	-0.141516	-0.140063	-0.126574	-0.115838	-0.11646	-0.12414	-0.128932	-0.117481	-0.117453	-0.120063	-0.109791	-0.114991	-0.121888	-0.116898	-0.112324	-0.112406	-0.111741	-0.111068	-0.116569	-0.116192	-0.106435	-0.107659	-0.116354	-0.113657	-0.107771	-0.107771	
