0.157266	0.184827	0.231392	0.281254	0.324866	0.347246	0.329264	0.252751	0.123131	-0.0174252	-0.146541	-0.250109	-0.310809	-0.325537	-0.308163	-0.254318	-0.154394	-0.0232523	0.121354	0.257754	0.362146	0.411697	0.401427	0.336085	0.238786	0.122867	-0.0183498	-0.167533	-0.306971	-0.435747	-0.556607	-0.655762	-0.730534	-0.778871	-0.776853	-0.731615	-0.66021	-0.579527	-0.498118	-0.388921	-0.248123	-0.097023	0.0555352	0.213571	0.388677	0.578034	0.76297	0.907934	0.97975	0.97975	
0.184827	0.231784	0.300117	0.374399	0.438919	0.473605	0.460883	0.391978	0.270786	0.124167	-0.0296068	-0.164532	-0.254113	-0.292461	-0.290237	-0.242638	-0.1412	-0.00493685	0.141672	0.278172	0.390447	0.454891	0.452426	0.39245	0.302924	0.196369	0.0681201	-0.0728361	-0.203304	-0.322143	-0.444979	-0.561273	-0.661231	-0.731136	-0.751239	-0.727892	-0.673096	-0.605401	-0.52774	-0.42173	-0.282331	-0.124036	0.0230551	0.168142	0.340879	0.526363	0.708528	0.863041	0.945194	0.945194	
0.231392	0.300117	0.39596	0.496074	0.572213	0.605295	0.592549	0.529933	0.413198	0.259747	0.0905487	-0.06613	-0.182897	-0.241697	-0.246631	-0.204009	-0.108723	0.0250902	0.169324	0.303803	0.420532	0.49357	0.500634	0.453978	0.378096	0.281024	0.162806	0.0358248	-0.0862818	-0.207107	-0.335268	-0.465211	-0.586781	-0.674307	-0.705407	-0.690824	-0.651605	-0.599813	-0.527616	-0.426525	-0.29703	-0.147213	0.000275429	0.146001	0.30431	0.467971	0.626544	0.762571	0.8431	0.8431	
0.281254	0.374399	0.496074	0.617864	0.705623	0.74154	0.72707	0.662086	0.536629	0.371806	0.195939	0.0319395	-0.099355	-0.167167	-0.175537	-0.141746	-0.0623567	0.0589401	0.201781	0.337311	0.455339	0.530525	0.546992	0.523982	0.471767	0.386069	0.27446	0.154948	0.0313808	-0.100646	-0.234741	-0.364846	-0.491513	-0.588137	-0.62892	-0.628157	-0.605678	-0.569183	-0.508201	-0.408695	-0.28324	-0.150445	-0.0100329	0.136703	0.277096	0.407243	0.522432	0.61573	0.676628	0.676628	
0.324866	0.438919	0.572213	0.705623	0.808269	0.852516	0.841956	0.771531	0.630241	0.451764	0.274577	0.114372	-0.0135251	-0.0781746	-0.0862294	-0.0594016	-0.000174161	0.103011	0.237547	0.372582	0.490304	0.56487	0.59702	0.601062	0.574049	0.504477	0.399184	0.281173	0.151128	0.00761895	-0.128629	-0.248921	-0.369969	-0.474836	-0.531093	-0.549772	-0.546327	-0.51636	-0.454512	-0.360984	-0.244107	-0.120942	0.00164807	0.127343	0.24039	0.325922	0.391119	0.444587	0.480674	0.480674	
0.347246	0.473605	0.605295	0.74154	0.852516	0.909893	0.909247	0.834151	0.683513	0.503463	0.329835	0.177237	0.0600507	0.00248937	-0.00316574	0.0223321	0.0718208	0.154086	0.269048	0.395836	0.511954	0.598285	0.654389	0.682199	0.674894	0.622057	0.531433	0.418222	0.284607	0.136305	-0.00475788	-0.123038	-0.237022	-0.345927	-0.4205	-0.456253	-0.461202	-0.430063	-0.362001	-0.275655	-0.178964	-0.0769112	0.0191202	0.114519	0.193646	0.232356	0.24779	0.260767	0.269729	0.269729	
0.329264	0.460883	0.592549	0.72707	0.841956	0.909247	0.911562	0.834069	0.694629	0.529076	0.360503	0.212395	0.104321	0.0482144	0.037988	0.0680508	0.119712	0.191202	0.287249	0.401701	0.524293	0.632646	0.714804	0.759745	0.762577	0.729158	0.663062	0.561039	0.430918	0.287221	0.140785	0.00940042	-0.104395	-0.206839	-0.287733	-0.332439	-0.341635	-0.312134	-0.243564	-0.16684	-0.0932761	-0.0188048	0.0446428	0.0993657	0.135898	0.134718	0.106546	0.0751363	0.0569478	0.0569478	
0.252751	0.391978	0.529933	0.662086	0.771531	0.834151	0.834069	0.769932	0.657734	0.510142	0.348027	0.210282	0.111786	0.0507974	0.0331082	0.0630125	0.121111	0.196133	0.286508	0.397699	0.526169	0.649153	0.74472	0.798733	0.817361	0.812463	0.781797	0.705871	0.588169	0.454228	0.312178	0.166987	0.0355707	-0.0671596	-0.141161	-0.183094	-0.190595	-0.166338	-0.113187	-0.0479487	0.0159742	0.0631939	0.0838134	0.0880346	0.0701738	0.0235167	-0.0393365	-0.0959428	-0.124246	-0.124246	
0.123131	0.270786	0.413198	0.536629	0.630241	0.683513	0.694629	0.657734	0.570877	0.438284	0.29286	0.170562	0.0752911	0.0110354	-0.0134215	0.00861143	0.0636271	0.147585	0.252227	0.371176	0.503077	0.625114	0.718599	0.785221	0.832863	0.863173	0.871203	0.833719	0.742374	0.62207	0.489972	0.344601	0.198943	0.0817822	0.00854162	-0.0174241	-0.0130288	0.00502541	0.0370131	0.0779553	0.123115	0.149524	0.134156	0.0861648	0.0131182	-0.0765748	-0.167483	-0.24161	-0.278792	-0.278792	
-0.0174252	0.124167	0.259747	0.371806	0.451764	0.503463	0.529076	0.510142	0.438284	0.324969	0.198459	0.0779672	-0.0225797	-0.0885534	-0.112302	-0.0982913	-0.0500461	0.0456267	0.170552	0.306823	0.442112	0.557213	0.648736	0.729264	0.806144	0.867053	0.905159	0.908523	0.861817	0.76951	0.650663	0.517143	0.377096	0.255064	0.181675	0.165793	0.176492	0.187723	0.197037	0.205764	0.221579	0.221679	0.177773	0.0986123	-0.0105566	-0.141541	-0.266462	-0.356875	-0.398342	-0.398342	
-0.146541	-0.0296068	0.0905487	0.195939	0.274577	0.329835	0.360503	0.348027	0.29286	0.198459	0.0753166	-0.0538779	-0.163516	-0.233654	-0.259644	-0.246736	-0.196894	-0.0998175	0.0338143	0.181711	0.321437	0.441175	0.542485	0.63717	0.729635	0.810114	0.876586	0.918585	0.919699	0.874251	0.787108	0.67019	0.547316	0.441154	0.371837	0.355257	0.360885	0.357685	0.34984	0.338757	0.324722	0.291928	0.220448	0.112452	-0.028019	-0.184021	-0.322463	-0.416036	-0.456631	-0.456631	
-0.250109	-0.164532	-0.06613	0.0319395	0.114372	0.177237	0.212395	0.210282	0.170562	0.0779672	-0.0538779	-0.191203	-0.30677	-0.391568	-0.426756	-0.407341	-0.355182	-0.268915	-0.147646	-0.00231917	0.141119	0.271839	0.393209	0.501441	0.595362	0.687663	0.786933	0.868548	0.913127	0.921597	0.885882	0.802104	0.698958	0.606622	0.543947	0.523306	0.520953	0.514545	0.500078	0.469875	0.42356	0.353018	0.251778	0.123496	-0.0316137	-0.19518	-0.331958	-0.414532	-0.443496	-0.443496	
-0.310809	-0.254113	-0.182897	-0.099355	-0.0135251	0.0600507	0.104321	0.111786	0.0752911	-0.0225797	-0.163516	-0.30677	-0.433623	-0.535093	-0.576994	-0.558418	-0.510638	-0.443029	-0.343467	-0.209902	-0.0689058	0.0721345	0.209152	0.326192	0.41969	0.515485	0.634811	0.751776	0.838824	0.897232	0.920993	0.889547	0.821298	0.750975	0.692932	0.662191	0.653729	0.646219	0.622171	0.569678	0.488323	0.384902	0.271429	0.145811	-0.00117145	-0.154389	-0.283186	-0.360566	-0.38664	-0.38664	
-0.325537	-0.292461	-0.241697	-0.167167	-0.0781746	0.00248937	0.0482144	0.0507974	0.0110354	-0.0885534	-0.233654	-0.391568	-0.535093	-0.645255	-0.697236	-0.692664	-0.6575	-0.601804	-0.518417	-0.402408	-0.266002	-0.120464	0.0162605	0.129795	0.221603	0.316083	0.437144	0.572854	0.700264	0.810313	0.887147	0.911615	0.899007	0.865055	0.816953	0.77649	0.750581	0.729639	0.692057	0.618125	0.511441	0.392053	0.280258	0.170879	0.0499092	-0.0751476	-0.183768	-0.256331	-0.288552	-0.288552	
-0.308163	-0.290237	-0.246631	-0.175537	-0.0862294	-0.00316574	0.037988	0.0331082	-0.0134215	-0.112302	-0.259644	-0.426756	-0.576994	-0.697236	-0.77045	-0.795443	-0.77691	-0.728753	-0.66046	-0.56283	-0.437243	-0.296814	-0.170755	-0.0698247	0.020481	0.121291	0.242093	0.380104	0.529769	0.675728	0.795927	0.874437	0.917297	0.926672	0.898888	0.851964	0.808791	0.767084	0.70423	0.61315	0.499666	0.379351	0.274079	0.180833	0.091594	0.00826802	-0.0644997	-0.113219	-0.133694	-0.133694	
-0.254318	-0.242638	-0.204009	-0.141746	-0.0594016	0.0223321	0.0680508	0.0630125	0.00861143	-0.0982913	-0.246736	-0.407341	-0.558418	-0.692664	-0.795443	-0.852175	-0.854912	-0.821624	-0.760976	-0.67324	-0.564574	-0.444139	-0.335119	-0.244085	-0.156044	-0.052448	0.0680964	0.202168	0.351477	0.515282	0.677597	0.81066	0.903937	0.944239	0.925853	0.875796	0.820216	0.756331	0.67114	0.567504	0.450372	0.335696	0.243375	0.168527	0.11173	0.0779711	0.0588073	0.0456373	0.035434	0.035434	
-0.154394	-0.1412	-0.108723	-0.0623567	-0.000174161	0.0718208	0.119712	0.121111	0.0636271	-0.0500461	-0.196894	-0.355182	-0.510638	-0.6575	-0.77691	-0.854912	-0.885268	-0.872053	-0.814207	-0.727665	-0.638608	-0.550346	-0.459732	-0.370256	-0.285625	-0.192684	-0.0829394	0.0443715	0.194333	0.371161	0.563702	0.741856	0.871414	0.928792	0.919468	0.867906	0.800332	0.716654	0.60362	0.478065	0.35559	0.250006	0.177917	0.134858	0.121442	0.13379	0.153206	0.167688	0.172347	0.172347	
-0.0232523	-0.00493685	0.0250902	0.0589401	0.103011	0.154086	0.191202	0.196133	0.147585	0.0456267	-0.0998175	-0.268915	-0.443029	-0.601804	-0.728753	-0.821624	-0.872053	-0.878621	-0.832733	-0.755668	-0.679966	-0.606259	-0.522931	-0.436013	-0.359888	-0.285692	-0.197722	-0.0771736	0.0816446	0.269942	0.476281	0.672527	0.822461	0.903153	0.910439	0.857759	0.772283	0.657642	0.512792	0.364631	0.2315	0.134988	0.0887056	0.0762346	0.0938489	0.137693	0.188476	0.227623	0.243739	0.243739	
0.121354	0.141672	0.169324	0.201781	0.237547	0.269048	0.287249	0.286508	0.252227	0.170552	0.0338143	-0.147646	-0.343467	-0.518417	-0.66046	-0.760976	-0.814207	-0.832733	-0.817249	-0.7725	-0.702557	-0.616483	-0.52993	-0.457398	-0.399026	-0.338376	-0.258781	-0.137629	0.0303377	0.226475	0.427931	0.619971	0.781019	0.882193	0.906606	0.8506	0.738861	0.594341	0.427685	0.262166	0.117028	0.0164706	-0.0261725	-0.0252286	0.00978384	0.0706971	0.142496	0.201187	0.226827	0.226827	
0.257754	0.278172	0.303803	0.337311	0.372582	0.395836	0.401701	0.397699	0.371176	0.306823	0.181711	-0.00231917	-0.209902	-0.402408	-0.56283	-0.67324	-0.727665	-0.755668	-0.7725	-0.76117	-0.696025	-0.595752	-0.504226	-0.444339	-0.399369	-0.340977	-0.259809	-0.138121	0.0324222	0.225285	0.416485	0.603386	0.767787	0.881531	0.914855	0.847684	0.711865	0.544272	0.361307	0.182145	0.0228794	-0.090539	-0.146746	-0.158329	-0.13001	-0.0698628	0.0048996	0.0713061	0.10681	0.10681	
0.362146	0.390447	0.420532	0.455339	0.490304	0.511954	0.524293	0.526169	0.503077	0.442112	0.321437	0.141119	-0.0689058	-0.266002	-0.437243	-0.564574	-0.638608	-0.679966	-0.702557	-0.696025	-0.639955	-0.551244	-0.463807	-0.39874	-0.344449	-0.28418	-0.209118	-0.0935027	0.0702316	0.257254	0.445711	0.629996	0.790616	0.897489	0.922253	0.849234	0.702429	0.518261	0.321889	0.127072	-0.0514542	-0.187376	-0.271198	-0.308007	-0.302817	-0.263611	-0.203199	-0.151706	-0.13063	-0.13063	
0.411697	0.454891	0.49357	0.530525	0.56487	0.598285	0.632646	0.649153	0.625114	0.557213	0.441175	0.271839	0.0721345	-0.120464	-0.296814	-0.444139	-0.550346	-0.606259	-0.616483	-0.595752	-0.551244	-0.490247	-0.411917	-0.325295	-0.243619	-0.174173	-0.102498	0.00178911	0.150084	0.324862	0.507595	0.690703	0.839184	0.919723	0.923395	0.845195	0.699402	0.511744	0.30246	0.0875297	-0.109716	-0.269328	-0.38929	-0.464501	-0.49269	-0.485191	-0.461763	-0.446271	-0.443977	-0.443977	
0.401427	0.452426	0.500634	0.546992	0.59702	0.654389	0.714804	0.74472	0.718599	0.648736	0.542485	0.393209	0.209152	0.0162605	-0.170755	-0.335119	-0.459732	-0.522931	-0.52993	-0.504226	-0.463807	-0.411917	-0.331697	-0.227897	-0.122169	-0.0314107	0.0515096	0.151502	0.280508	0.431563	0.600055	0.771233	0.897044	0.94506	0.916527	0.822759	0.675174	0.488855	0.28262	0.0652697	-0.144728	-0.331452	-0.494549	-0.619107	-0.694246	-0.727707	-0.740664	-0.757144	-0.773841	-0.773841	
0.336085	0.39245	0.453978	0.523982	0.601062	0.682199	0.759745	0.798733	0.785221	0.729264	0.63717	0.501441	0.326192	0.129795	-0.0698247	-0.244085	-0.370256	-0.436013	-0.457398	-0.444339	-0.39874	-0.325295	-0.227897	-0.113175	0.01223	0.128712	0.233425	0.338737	0.453927	0.581714	0.717158	0.846296	0.934162	0.949931	0.894655	0.785636	0.630189	0.444797	0.248135	0.0386491	-0.174199	-0.385647	-0.591148	-0.760096	-0.878075	-0.951379	-0.999501	-1.04536	-1.07896	-1.07896	
0.238786	0.302924	0.378096	0.471767	0.574049	0.674894	0.762577	0.817361	0.832863	0.806144	0.729635	0.595362	0.41969	0.221603	0.020481	-0.156044	-0.285625	-0.359888	-0.399026	-0.399369	-0.344449	-0.243619	-0.122169	0.01223	0.156592	0.291646	0.411864	0.524029	0.637839	0.746716	0.837201	0.905516	0.94008	0.923656	0.850454	0.727735	0.562609	0.378633	0.192132	-0.00953661	-0.223026	-0.442816	-0.663382	-0.858326	-1.01149	-1.12464	-1.21432	-1.28747	-1.32683	-1.32683	
0.122867	0.196369	0.281024	0.386069	0.504477	0.622057	0.729158	0.812463	0.863173	0.867053	0.810114	0.687663	0.515485	0.316083	0.121291	-0.052448	-0.192684	-0.285692	-0.338376	-0.340977	-0.28418	-0.174173	-0.0314107	0.128712	0.291646	0.438417	0.570482	0.69297	0.80088	0.883064	0.930293	0.937714	0.911072	0.85177	0.754575	0.623616	0.462357	0.290993	0.120631	-0.0658765	-0.271002	-0.49109	-0.71197	-0.909653	-1.08223	-1.23214	-1.35864	-1.45531	-1.50578	-1.50578	
-0.0183498	0.0681201	0.162806	0.27446	0.399184	0.531433	0.663062	0.781797	0.871203	0.905159	0.876586	0.786933	0.634811	0.437144	0.242093	0.0680964	-0.0829394	-0.197722	-0.258781	-0.259809	-0.209118	-0.102498	0.0515096	0.233425	0.411864	0.570482	0.718348	0.840236	0.917671	0.956219	0.955018	0.903234	0.816341	0.713062	0.597795	0.472691	0.332419	0.185025	0.0361023	-0.124484	-0.303883	-0.505479	-0.714705	-0.915317	-1.10538	-1.27942	-1.42869	-1.53494	-1.58362	-1.58362	
-0.167533	-0.0728361	0.0358248	0.154948	0.281173	0.418222	0.561039	0.705871	0.833719	0.908523	0.918585	0.868548	0.751776	0.572854	0.380104	0.202168	0.0443715	-0.0771736	-0.137629	-0.138121	-0.0935027	0.00178911	0.151502	0.338737	0.524029	0.69297	0.840236	0.936382	0.968563	0.951638	0.89009	0.777294	0.639837	0.510274	0.396166	0.289435	0.173904	0.0500475	-0.0709895	-0.188766	-0.321254	-0.484229	-0.670112	-0.869349	-1.07188	-1.26226	-1.42102	-1.52113	-1.55961	-1.55961	
-0.306971	-0.203304	-0.0862818	0.0313808	0.151128	0.284607	0.430918	0.588169	0.742374	0.861817	0.919699	0.913127	0.838824	0.700264	0.529769	0.351477	0.194333	0.0816446	0.0303377	0.0324222	0.0702316	0.150084	0.280508	0.453927	0.637839	0.80088	0.917671	0.968563	0.948176	0.867741	0.739472	0.574032	0.40626	0.266719	0.159716	0.0735352	-0.0113683	-0.10643	-0.199177	-0.271489	-0.346141	-0.454868	-0.599696	-0.774934	-0.966124	-1.15447	-1.31507	-1.41932	-1.46545	-1.46545	
-0.435747	-0.322143	-0.207107	-0.100646	0.00761895	0.136305	0.287221	0.454228	0.62207	0.76951	0.874251	0.921597	0.897232	0.810313	0.675728	0.515282	0.371161	0.269942	0.226475	0.225285	0.257254	0.324862	0.431563	0.581714	0.746716	0.883064	0.956219	0.951638	0.867741	0.719497	0.533963	0.334898	0.148551	-0.00137751	-0.104289	-0.170925	-0.22213	-0.277735	-0.33285	-0.365482	-0.391106	-0.43828	-0.52364	-0.654325	-0.811093	-0.975805	-1.12659	-1.23067	-1.28042	-1.28042	
-0.556607	-0.444979	-0.335268	-0.234741	-0.128629	-0.00475788	0.140785	0.312178	0.489972	0.650663	0.787108	0.885882	0.920993	0.887147	0.795927	0.677597	0.563702	0.476281	0.427931	0.416485	0.445711	0.507595	0.600055	0.717158	0.837201	0.930293	0.955018	0.89009	0.739472	0.533963	0.311644	0.0911024	-0.111409	-0.266132	-0.361248	-0.416593	-0.444686	-0.462103	-0.475266	-0.463153	-0.437491	-0.43231	-0.466294	-0.54106	-0.643581	-0.763504	-0.877265	-0.957091	-0.998508	-0.998508	
-0.655762	-0.561273	-0.465211	-0.364846	-0.248921	-0.123038	0.00940042	0.166987	0.344601	0.517143	0.67019	0.802104	0.889547	0.911615	0.874437	0.81066	0.741856	0.672527	0.619971	0.603386	0.629996	0.690703	0.771233	0.846296	0.905516	0.937714	0.903234	0.777294	0.574032	0.334898	0.0911024	-0.143186	-0.342865	-0.48216	-0.573494	-0.634555	-0.65525	-0.646798	-0.619049	-0.563018	-0.497787	-0.447269	-0.42307	-0.432711	-0.471464	-0.528512	-0.587791	-0.637066	-0.668807	-0.668807	
-0.730534	-0.661231	-0.586781	-0.491513	-0.369969	-0.237022	-0.104395	0.0355707	0.198943	0.377096	0.547316	0.698958	0.821298	0.899007	0.917297	0.903937	0.871414	0.822461	0.781019	0.767787	0.790616	0.839184	0.897044	0.934162	0.94008	0.911072	0.816341	0.639837	0.40626	0.148551	-0.111409	-0.342865	-0.521348	-0.65077	-0.7489	-0.813954	-0.831751	-0.803508	-0.737093	-0.654084	-0.569316	-0.476538	-0.387629	-0.321101	-0.285677	-0.283727	-0.300709	-0.322081	-0.339049	-0.339049	
-0.778871	-0.731136	-0.674307	-0.588137	-0.474836	-0.345927	-0.206839	-0.0671596	0.0817822	0.255064	0.441154	0.606622	0.750975	0.865055	0.926672	0.944239	0.928792	0.903153	0.882193	0.881531	0.897489	0.919723	0.94506	0.949931	0.923656	0.85177	0.713062	0.510274	0.266719	-0.00137751	-0.266132	-0.48216	-0.65077	-0.791051	-0.895703	-0.954765	-0.961191	-0.911297	-0.822223	-0.723413	-0.612442	-0.479718	-0.342249	-0.21571	-0.121029	-0.0706791	-0.0461026	-0.0346932	-0.0338538	-0.0338538	
-0.776853	-0.751239	-0.705407	-0.62892	-0.531093	-0.4205	-0.287733	-0.141161	0.00854162	0.181675	0.371837	0.543947	0.692932	0.816953	0.898888	0.925853	0.919468	0.910439	0.906606	0.914855	0.922253	0.923395	0.916527	0.894655	0.850454	0.754575	0.597795	0.396166	0.159716	-0.104289	-0.361248	-0.573494	-0.7489	-0.895703	-0.99551	-1.03916	-1.02996	-0.967236	-0.866528	-0.751255	-0.615602	-0.455289	-0.283778	-0.122287	0.00194321	0.0919462	0.163281	0.210631	0.23232	0.23232	
-0.731615	-0.727892	-0.690824	-0.628157	-0.549772	-0.456253	-0.332439	-0.183094	-0.0174241	0.165793	0.355257	0.523306	0.662191	0.77649	0.851964	0.875796	0.867906	0.857759	0.8506	0.847684	0.849234	0.845195	0.822759	0.785636	0.727735	0.623616	0.472691	0.289435	0.0735352	-0.170925	-0.416593	-0.634555	-0.813954	-0.954765	-1.03916	-1.05699	-1.02889	-0.958382	-0.854003	-0.732576	-0.586474	-0.418987	-0.236162	-0.0560388	0.0918416	0.217951	0.326369	0.404279	0.451748	0.451748	
-0.66021	-0.673096	-0.651605	-0.605678	-0.546327	-0.461202	-0.341635	-0.190595	-0.0130288	0.176492	0.360885	0.520953	0.653729	0.750581	0.808791	0.820216	0.800332	0.772283	0.738861	0.711865	0.702429	0.699402	0.675174	0.630189	0.562609	0.462357	0.332419	0.173904	-0.0113683	-0.22213	-0.444686	-0.65525	-0.831751	-0.961191	-1.02996	-1.02889	-0.976638	-0.890969	-0.785185	-0.667721	-0.529443	-0.368968	-0.193249	-0.0204149	0.140397	0.302737	0.449589	0.557972	0.623811	0.623811	
-0.579527	-0.605401	-0.599813	-0.569183	-0.51636	-0.430063	-0.312134	-0.166338	0.00502541	0.187723	0.357685	0.514545	0.646219	0.729639	0.767084	0.756331	0.716654	0.657642	0.594341	0.544272	0.518261	0.511744	0.488855	0.444797	0.378633	0.290993	0.185025	0.0500475	-0.10643	-0.277735	-0.462103	-0.646798	-0.803508	-0.911297	-0.967236	-0.958382	-0.890969	-0.796657	-0.689964	-0.576783	-0.452434	-0.302791	-0.144001	0.00911897	0.17499	0.356358	0.531176	0.669134	0.741034	0.741034	
-0.498118	-0.52774	-0.527616	-0.508201	-0.454512	-0.362001	-0.243564	-0.113187	0.0370131	0.197037	0.34984	0.500078	0.622171	0.692057	0.70423	0.67114	0.60362	0.512792	0.427685	0.361307	0.321889	0.30246	0.28262	0.248135	0.192132	0.120631	0.0361023	-0.0709895	-0.199177	-0.33285	-0.475266	-0.619049	-0.737093	-0.822223	-0.866528	-0.854003	-0.785185	-0.689964	-0.593001	-0.486497	-0.363179	-0.226628	-0.0895753	0.0533444	0.22462	0.4089	0.583424	0.723818	0.793465	0.793465	
-0.388921	-0.42173	-0.426525	-0.408695	-0.360984	-0.275655	-0.16684	-0.0479487	0.0779553	0.205764	0.338757	0.469875	0.569678	0.618125	0.61315	0.567504	0.478065	0.364631	0.262166	0.182145	0.127072	0.0875297	0.0652697	0.0386491	-0.00953661	-0.0658765	-0.124484	-0.188766	-0.271489	-0.365482	-0.463153	-0.563018	-0.654084	-0.723413	-0.751255	-0.732576	-0.667721	-0.576783	-0.486497	-0.384008	-0.27251	-0.160964	-0.0336498	0.111281	0.278579	0.46183	0.624014	0.736874	0.792142	0.792142	
-0.248123	-0.282331	-0.29703	-0.28324	-0.244107	-0.178964	-0.0932761	0.0159742	0.123115	0.221579	0.324722	0.42356	0.488323	0.511441	0.499666	0.450372	0.35559	0.2315	0.117028	0.0228794	-0.0514542	-0.109716	-0.144728	-0.174199	-0.223026	-0.271002	-0.303883	-0.321254	-0.346141	-0.391106	-0.437491	-0.497787	-0.569316	-0.612442	-0.615602	-0.586474	-0.529443	-0.452434	-0.363179	-0.27251	-0.189216	-0.0993303	0.0181714	0.162515	0.325834	0.496312	0.639847	0.731045	0.774037	0.774037	
-0.097023	-0.124036	-0.147213	-0.150445	-0.120942	-0.0769112	-0.0188048	0.0631939	0.149524	0.221679	0.291928	0.353018	0.384902	0.392053	0.379351	0.335696	0.250006	0.134988	0.0164706	-0.090539	-0.187376	-0.269328	-0.331452	-0.385647	-0.442816	-0.49109	-0.505479	-0.484229	-0.454868	-0.43828	-0.43231	-0.447269	-0.476538	-0.479718	-0.455289	-0.418987	-0.368968	-0.302791	-0.226628	-0.160964	-0.0993303	-0.023697	0.0689152	0.198464	0.36017	0.511029	0.626376	0.703738	0.743512	0.743512	
0.0555352	0.0230551	0.000275429	-0.0100329	0.00164807	0.0191202	0.0446428	0.0838134	0.134156	0.177773	0.220448	0.251778	0.271429	0.280258	0.274079	0.243375	0.177917	0.0887056	-0.0261725	-0.146746	-0.271198	-0.38929	-0.494549	-0.591148	-0.663382	-0.71197	-0.714705	-0.670112	-0.599696	-0.52364	-0.466294	-0.42307	-0.387629	-0.342249	-0.283778	-0.236162	-0.193249	-0.144001	-0.0895753	-0.0336498	0.0181714	0.0689152	0.137915	0.251707	0.392924	0.511342	0.589996	0.637585	0.659764	0.659764	
0.213571	0.168142	0.146001	0.136703	0.127343	0.114519	0.0993657	0.0880346	0.0861648	0.0986123	0.112452	0.123496	0.145811	0.170879	0.180833	0.168527	0.134858	0.0762346	-0.0252286	-0.158329	-0.308007	-0.464501	-0.619107	-0.760096	-0.858326	-0.909653	-0.915317	-0.869349	-0.774934	-0.654325	-0.54106	-0.432711	-0.321101	-0.21571	-0.122287	-0.0560388	-0.0204149	0.00911897	0.0533444	0.111281	0.162515	0.198464	0.251707	0.342579	0.431902	0.4856	0.514006	0.525583	0.523424	0.523424	
0.388677	0.340879	0.30431	0.277096	0.24039	0.193646	0.135898	0.0701738	0.0131182	-0.0105566	-0.028019	-0.0316137	-0.00117145	0.0499092	0.091594	0.11173	0.121442	0.0938489	0.00978384	-0.13001	-0.302817	-0.49269	-0.694246	-0.878075	-1.01149	-1.08223	-1.10538	-1.07188	-0.966124	-0.811093	-0.643581	-0.471464	-0.285677	-0.121029	0.00194321	0.0918416	0.140397	0.17499	0.22462	0.278579	0.325834	0.36017	0.392924	0.431902	0.452127	0.439692	0.410813	0.385185	0.372222	0.372222	
0.578034	0.526363	0.467971	0.407243	0.325922	0.232356	0.134718	0.0235167	-0.0765748	-0.141541	-0.184021	-0.19518	-0.154389	-0.0751476	0.00826802	0.0779711	0.13379	0.137693	0.0706971	-0.0698628	-0.263611	-0.485191	-0.727707	-0.951379	-1.12464	-1.23214	-1.27942	-1.26226	-1.15447	-0.975805	-0.763504	-0.528512	-0.283727	-0.0706791	0.0919462	0.217951	0.302737	0.356358	0.4089	0.46183	0.496312	0.511029	0.511342	0.4856	0.439692	0.385339	0.315309	0.255644	0.23561	0.23561	
0.76297	0.708528	0.626544	0.522432	0.391119	0.24779	0.106546	-0.0393365	-0.167483	-0.266462	-0.322463	-0.331958	-0.283186	-0.183768	-0.0644997	0.0588073	0.153206	0.188476	0.142496	0.0048996	-0.203199	-0.461763	-0.740664	-0.999501	-1.21432	-1.35864	-1.42869	-1.42102	-1.31507	-1.12659	-0.877265	-0.587791	-0.300709	-0.0461026	0.163281	0.326369	0.449589	0.531176	0.583424	0.624014	0.639847	0.626376	0.589996	0.514006	0.410813	0.315309	0.230736	0.167286	0.141851	0.141851	
0.907934	0.863041	0.762571	0.61573	0.444587	0.260767	0.0751363	-0.0959428	-0.24161	-0.356875	-0.416036	-0.414532	-0.360566	-0.256331	-0.113219	0.0456373	0.167688	0.227623	0.201187	0.0713061	-0.151706	-0.446271	-0.757144	-1.04536	-1.28747	-1.45531	-1.53494	-1.52113	-1.41932	-1.23067	-0.957091	-0.637066	-0.322081	-0.0346932	0.210631	0.404279	0.557972	0.669134	0.723818	0.736874	0.731045	0.703738	0.637585	0.525583	0.385185	0.255644	0.167286	0.115069	0.0863358	0.0863358	
0.97975	0.945194	0.8431	0.676628	0.480674	0.269729	0.0569478	-0.124246	-0.278792	-0.398342	-0.456631	-0.443496	-0.38664	-0.288552	-0.133694	0.035434	0.172347	0.243739	0.226827	0.10681	-0.13063	-0.443977	-0.773841	-1.07896	-1.32683	-1.50578	-1.58362	-1.55961	-1.46545	-1.28042	-0.998508	-0.668807	-0.339049	-0.0338538	0.23232	0.451748	0.623811	0.741034	0.793465	0.792142	0.774037	0.743512	0.659764	0.523424	0.372222	0.23561	0.141851	0.0863358	0.0506523	0.0506523	
0.97975	0.945194	0.8431	0.676628	0.480674	0.269729	0.0569478	-0.124246	-0.278792	-0.398342	-0.456631	-0.443496	-0.38664	-0.288552	-0.133694	0.035434	0.172347	0.243739	0.226827	0.10681	-0.13063	-0.443977	-0.773841	-1.07896	-1.32683	-1.50578	-1.58362	-1.55961	-1.46545	-1.28042	-0.998508	-0.668807	-0.339049	-0.0338538	0.23232	0.451748	0.623811	0.741034	0.793465	0.792142	0.774037	0.743512	0.659764	0.523424	0.372222	0.23561	0.141851	0.0863358	0.0506523	0.0506523	
