1.1667	1.1667	1.18204	1.1897	1.17823	1.14185	1.06372	0.947922	0.813015	0.646396	0.439191	0.202615	-0.0833193	-0.417576	-0.748073	-1.02929	-1.20477	-1.25376	-1.19988	-1.06174	-0.859768	-0.616271	-0.330775	-0.0393505	0.215339	0.401503	0.51225	0.557992	0.559519	0.533938	0.500492	0.476097	0.467013	0.458712	0.415657	0.314293	0.167136	-0.00892041	-0.193706	-0.365864	-0.533898	-0.715191	-0.900792	-1.04765	-1.10409	-1.07134	-0.960155	-0.778747	-0.551412	-0.321097	
1.1667	1.1667	1.18204	1.1897	1.17823	1.14185	1.06372	0.947922	0.813015	0.646396	0.439191	0.202615	-0.0833193	-0.417576	-0.748073	-1.02929	-1.20477	-1.25376	-1.19988	-1.06174	-0.859768	-0.616271	-0.330775	-0.0393505	0.215339	0.401503	0.51225	0.557992	0.559519	0.533938	0.500492	0.476097	0.467013	0.458712	0.415657	0.314293	0.167136	-0.00892041	-0.193706	-0.365864	-0.533898	-0.715191	-0.900792	-1.04765	-1.10409	-1.07134	-0.960155	-0.778747	-0.551412	-0.321097	
1.18204	1.18204	1.19242	1.18931	1.16411	1.11227	1.02908	0.918817	0.77914	0.606556	0.404905	0.169545	-0.121856	-0.457564	-0.785939	-1.06327	-1.2395	-1.29017	-1.23455	-1.09875	-0.896459	-0.644245	-0.348067	-0.042656	0.230635	0.428103	0.549428	0.61134	0.628102	0.610578	0.579275	0.551449	0.529713	0.50011	0.445713	0.345732	0.198511	0.0218816	-0.159095	-0.3277	-0.484237	-0.653257	-0.824743	-0.961388	-1.01586	-0.988131	-0.882439	-0.707318	-0.489583	-0.275886	
1.1897	1.1897	1.18931	1.17055	1.12371	1.04597	0.94993	0.839655	0.692559	0.518286	0.317926	0.0775129	-0.211092	-0.529457	-0.848983	-1.12166	-1.30239	-1.35566	-1.29728	-1.15185	-0.9428	-0.681373	-0.37568	-0.0530098	0.244629	0.479154	0.636805	0.720629	0.748162	0.735557	0.707445	0.679231	0.649057	0.598665	0.517556	0.398507	0.248432	0.0783389	-0.0932606	-0.249117	-0.398296	-0.557294	-0.71378	-0.832306	-0.875658	-0.845224	-0.742449	-0.585033	-0.399257	-0.209771	
1.17823	1.17823	1.16411	1.12371	1.05292	0.947011	0.825916	0.702654	0.55271	0.381634	0.180563	-0.0641882	-0.343034	-0.638928	-0.94186	-1.20012	-1.37348	-1.42324	-1.35906	-1.19876	-0.979724	-0.711045	-0.396181	-0.0517667	0.274749	0.545802	0.739722	0.853574	0.905307	0.907272	0.886759	0.857698	0.813104	0.734199	0.623108	0.483244	0.323903	0.15734	-0.00833237	-0.153654	-0.294663	-0.441197	-0.583268	-0.687988	-0.725975	-0.695028	-0.600377	-0.465298	-0.311574	-0.145758	
1.14185	1.14185	1.11227	1.04597	0.947011	0.814858	0.672323	0.536349	0.386634	0.215426	0.0106544	-0.234329	-0.497106	-0.77268	-1.05094	-1.28345	-1.42823	-1.46316	-1.38551	-1.21595	-0.982704	-0.70179	-0.374975	-0.0176861	0.334344	0.631041	0.851908	1.00053	1.08303	1.10886	1.09603	1.05711	0.988064	0.880022	0.742643	0.585561	0.419442	0.255433	0.0973492	-0.0535062	-0.188958	-0.319769	-0.444385	-0.544924	-0.586241	-0.558905	-0.474746	-0.362817	-0.23479	-0.0905254	
1.06372	1.06372	1.02908	0.94993	0.825916	0.672323	0.516711	0.372592	0.221079	0.0472113	-0.161626	-0.395414	-0.640063	-0.893876	-1.13911	-1.33881	-1.45582	-1.46824	-1.36991	-1.17948	-0.927437	-0.63716	-0.300821	0.0633698	0.423339	0.73727	0.983309	1.15266	1.2517	1.28849	1.2769	1.2285	1.14434	1.01793	0.858036	0.681239	0.512375	0.356796	0.204012	0.0554375	-0.075805	-0.199836	-0.318319	-0.416503	-0.457915	-0.434483	-0.36245	-0.273506	-0.17004	-0.0504106	
0.947922	0.947922	0.918817	0.839655	0.702654	0.536349	0.372592	0.220843	0.0699377	-0.0979706	-0.295238	-0.511251	-0.740774	-0.969319	-1.17607	-1.34805	-1.44308	-1.4263	-1.29993	-1.08306	-0.809095	-0.506677	-0.167281	0.195713	0.553689	0.868854	1.11805	1.29698	1.40553	1.44532	1.42823	1.36589	1.26281	1.12281	0.94937	0.764533	0.59525	0.442855	0.299825	0.164055	0.0360613	-0.0844936	-0.204281	-0.30583	-0.346103	-0.326232	-0.270976	-0.202559	-0.11779	-0.0160672	
0.813015	0.813015	0.77914	0.692559	0.55271	0.386634	0.221079	0.0699377	-0.0656781	-0.213607	-0.385729	-0.574562	-0.78088	-0.982315	-1.15124	-1.2896	-1.35734	-1.31257	-1.16501	-0.935322	-0.648619	-0.331815	0.0125208	0.369036	0.711444	1.00781	1.24801	1.4266	1.53746	1.57393	1.54349	1.46025	1.33657	1.17946	1.00149	0.824001	0.65903	0.509315	0.368724	0.240211	0.118583	-0.00147853	-0.118595	-0.214425	-0.255749	-0.246227	-0.210213	-0.154155	-0.0784534	0.00145784	
0.646396	0.646396	0.606556	0.518286	0.381634	0.215426	0.0472113	-0.0979706	-0.213607	-0.327534	-0.456739	-0.595448	-0.746285	-0.903496	-1.04332	-1.15475	-1.1974	-1.13884	-0.984249	-0.753982	-0.465521	-0.145237	0.194722	0.5328	0.848164	1.12229	1.34845	1.51842	1.62213	1.65256	1.60818	1.50278	1.35976	1.19125	1.01196	0.836417	0.677101	0.52643	0.38958	0.267372	0.152367	0.0318647	-0.0816982	-0.166418	-0.204035	-0.204622	-0.176832	-0.129244	-0.071146	-0.0150737	
0.439191	0.439191	0.404905	0.317926	0.180563	0.0106544	-0.161626	-0.295238	-0.385729	-0.456739	-0.522344	-0.581633	-0.657968	-0.758533	-0.866095	-0.946328	-0.975822	-0.920291	-0.776605	-0.553703	-0.285497	0.0137155	0.33001	0.644988	0.933429	1.18529	1.39228	1.55107	1.65213	1.67212	1.61517	1.49713	1.33613	1.15458	0.973268	0.797669	0.634166	0.485055	0.350083	0.24283	0.140669	0.0267662	-0.0849472	-0.157791	-0.186984	-0.194066	-0.17823	-0.140772	-0.105476	-0.0782759	
0.202615	0.202615	0.169545	0.0775129	-0.0641882	-0.234329	-0.395414	-0.511251	-0.574562	-0.595448	-0.581633	-0.563224	-0.56306	-0.596955	-0.656214	-0.709607	-0.729169	-0.684157	-0.562873	-0.375607	-0.14201	0.1263	0.404262	0.68153	0.942938	1.17464	1.36705	1.52016	1.61658	1.63451	1.56935	1.43532	1.25795	1.06738	0.881609	0.704135	0.541588	0.403402	0.284352	0.183422	0.0925361	-0.00174259	-0.0965362	-0.16215	-0.18922	-0.197196	-0.198951	-0.189019	-0.184193	-0.178349	
-0.0833193	-0.0833193	-0.121856	-0.211092	-0.343034	-0.497106	-0.640063	-0.740774	-0.78088	-0.746285	-0.657968	-0.56306	-0.487057	-0.45545	-0.472552	-0.505161	-0.516519	-0.482817	-0.390715	-0.246053	-0.0536931	0.168219	0.407768	0.65307	0.881493	1.08252	1.26194	1.40526	1.49342	1.51151	1.44531	1.30664	1.12823	0.934464	0.745994	0.576138	0.430025	0.305517	0.201751	0.118109	0.0493765	-0.0237926	-0.0966091	-0.156859	-0.194159	-0.213406	-0.233996	-0.261164	-0.294168	-0.319279	
-0.417576	-0.417576	-0.457564	-0.529457	-0.638928	-0.77268	-0.893876	-0.969319	-0.982315	-0.903496	-0.758533	-0.596955	-0.45545	-0.368439	-0.354505	-0.376304	-0.385324	-0.360824	-0.289497	-0.17241	-0.0172395	0.159582	0.359641	0.569306	0.768794	0.94728	1.10407	1.22762	1.30208	1.31396	1.25267	1.12466	0.959294	0.779184	0.60249	0.448985	0.324171	0.217603	0.138435	0.0797213	0.0310863	-0.0240776	-0.0868373	-0.146953	-0.188896	-0.223753	-0.266032	-0.333867	-0.409888	-0.469382	
-0.748073	-0.748073	-0.785939	-0.848983	-0.94186	-1.05094	-1.13911	-1.17607	-1.15124	-1.04332	-0.866095	-0.656214	-0.472552	-0.354505	-0.317689	-0.324273	-0.335849	-0.319415	-0.262524	-0.166229	-0.0425021	0.107374	0.278442	0.451639	0.625205	0.783925	0.913413	1.007	1.06049	1.05867	1.00442	0.904698	0.766526	0.615439	0.468096	0.339683	0.233624	0.157371	0.102791	0.0621586	0.0278898	-0.0135146	-0.0692212	-0.126912	-0.173879	-0.225141	-0.297556	-0.400226	-0.511839	-0.608879	
-1.02929	-1.02929	-1.06327	-1.12166	-1.20012	-1.28345	-1.33881	-1.34805	-1.2896	-1.15475	-0.946328	-0.709607	-0.505161	-0.376304	-0.324273	-0.330621	-0.347235	-0.338106	-0.293048	-0.214416	-0.108415	0.0226439	0.171031	0.326394	0.476759	0.608213	0.703715	0.766506	0.79469	0.781683	0.735561	0.664754	0.561871	0.444542	0.338907	0.244285	0.161945	0.106399	0.0728092	0.0497865	0.0265872	-0.00211804	-0.0448111	-0.0953622	-0.151705	-0.213824	-0.306795	-0.43715	-0.578765	-0.705958	
-1.20477	-1.20477	-1.2395	-1.30239	-1.37348	-1.42823	-1.45582	-1.44308	-1.35734	-1.1974	-0.975822	-0.729169	-0.516519	-0.385324	-0.335849	-0.347235	-0.371701	-0.376998	-0.34872	-0.283417	-0.192741	-0.080664	0.0526987	0.203818	0.341745	0.450508	0.51708	0.550056	0.549869	0.527338	0.486987	0.435411	0.369135	0.294028	0.222057	0.155589	0.097361	0.0555647	0.0383013	0.0384139	0.0303205	0.016082	-0.00766767	-0.0447024	-0.104281	-0.175633	-0.276521	-0.417492	-0.587381	-0.753575	
-1.25376	-1.25376	-1.29017	-1.35566	-1.42324	-1.46316	-1.46824	-1.4263	-1.31257	-1.13884	-0.920291	-0.684157	-0.482817	-0.360824	-0.319415	-0.338106	-0.376998	-0.4035	-0.39444	-0.35068	-0.280941	-0.182954	-0.0606121	0.0805774	0.214095	0.3172	0.373202	0.382685	0.35881	0.32926	0.289013	0.242408	0.205635	0.170879	0.121575	0.0695076	0.0308182	0.0106449	0.0147153	0.032335	0.0475197	0.0563422	0.0527698	0.0288921	-0.0226868	-0.0996016	-0.209934	-0.355081	-0.543055	-0.738518	
-1.19988	-1.19988	-1.23455	-1.29728	-1.35906	-1.38551	-1.36991	-1.29993	-1.16501	-0.984249	-0.776605	-0.562873	-0.390715	-0.289497	-0.262524	-0.293048	-0.34872	-0.39444	-0.407443	-0.397028	-0.354294	-0.272284	-0.154033	-0.0155181	0.120373	0.215295	0.263558	0.264432	0.233875	0.190284	0.142215	0.104596	0.0836295	0.0646886	0.0347242	0.0015514	-0.0181832	-0.0214347	-0.00365993	0.0293681	0.0813769	0.123991	0.142078	0.128062	0.0850868	0.00952036	-0.10392	-0.254117	-0.447961	-0.661251	
-1.06174	-1.06174	-1.09875	-1.15185	-1.19876	-1.21595	-1.17948	-1.08306	-0.935322	-0.753982	-0.553703	-0.375607	-0.246053	-0.17241	-0.166229	-0.214416	-0.283417	-0.35068	-0.397028	-0.413636	-0.393651	-0.324359	-0.215404	-0.0780866	0.0583725	0.15488	0.194306	0.1891	0.156161	0.100556	0.0464458	0.0141848	-0.00311595	-0.0123393	-0.0207535	-0.0332977	-0.0437111	-0.0349459	-0.0059007	0.0471155	0.122357	0.19338	0.234211	0.239671	0.207192	0.137968	0.0309577	-0.120667	-0.314243	-0.52668	
-0.859768	-0.859768	-0.896459	-0.9428	-0.979724	-0.982704	-0.927437	-0.809095	-0.648619	-0.465521	-0.285497	-0.14201	-0.0536931	-0.0172395	-0.0425021	-0.108415	-0.192741	-0.280941	-0.354294	-0.393651	-0.391322	-0.333313	-0.23272	-0.104693	0.0206746	0.114477	0.153734	0.14195	0.0949442	0.0340974	-0.0210706	-0.0535411	-0.064967	-0.058788	-0.0534644	-0.0507558	-0.0460778	-0.0274829	0.0135606	0.0834028	0.170809	0.256965	0.318608	0.344165	0.321733	0.263424	0.171176	0.0315666	-0.151595	-0.359426	
-0.616271	-0.616271	-0.644245	-0.681373	-0.711045	-0.70179	-0.63716	-0.506677	-0.331815	-0.145237	0.0137155	0.1263	0.168219	0.159582	0.107374	0.0226439	-0.080664	-0.182954	-0.272284	-0.324359	-0.333313	-0.293991	-0.205607	-0.0884495	0.0148915	0.0910975	0.122773	0.100496	0.0402769	-0.026134	-0.0820432	-0.111048	-0.114812	-0.0974029	-0.0756722	-0.0546373	-0.0313071	-0.00579079	0.0445101	0.129012	0.225029	0.318228	0.39682	0.439952	0.435179	0.397437	0.318989	0.199451	0.041156	-0.150939	
-0.330775	-0.330775	-0.348067	-0.37568	-0.396181	-0.374975	-0.300821	-0.167281	0.0125208	0.194722	0.33001	0.404262	0.407768	0.359641	0.278442	0.171031	0.0526987	-0.0606121	-0.154033	-0.215404	-0.23272	-0.205607	-0.138073	-0.0514881	0.0248885	0.0735983	0.0811739	0.0442966	-0.0224874	-0.0916312	-0.146303	-0.170636	-0.167439	-0.141285	-0.101183	-0.0643826	-0.0271434	0.0156206	0.0850524	0.177378	0.281287	0.385161	0.477693	0.535903	0.554121	0.540544	0.484049	0.387086	0.254151	0.0897006	
-0.0393505	-0.0393505	-0.042656	-0.0530098	-0.0517667	-0.0176861	0.0633698	0.195713	0.369036	0.5328	0.644988	0.68153	0.65307	0.569306	0.451639	0.326394	0.203818	0.0805774	-0.0155181	-0.0780866	-0.104693	-0.0884495	-0.0514881	-0.0113991	0.0281353	0.0456918	0.0274404	-0.023913	-0.0988049	-0.175271	-0.231503	-0.24635	-0.235744	-0.20486	-0.156916	-0.104026	-0.0521988	0.0219003	0.117053	0.222991	0.338434	0.45369	0.55812	0.635672	0.67722	0.686054	0.656918	0.589283	0.482011	0.348822	
0.215339	0.215339	0.230635	0.244629	0.274749	0.334344	0.423339	0.553689	0.711444	0.848164	0.933429	0.942938	0.881493	0.768794	0.625205	0.476759	0.341745	0.214095	0.120373	0.0583725	0.0206746	0.0148915	0.0248885	0.0281353	0.0244513	0.00550549	-0.0358667	-0.101301	-0.189463	-0.276007	-0.333115	-0.342091	-0.324527	-0.294338	-0.242674	-0.173196	-0.094516	0.00209885	0.11669	0.243468	0.383678	0.51287	0.620506	0.716048	0.787723	0.828142	0.828095	0.783948	0.710539	0.604175	
0.401503	0.401503	0.428103	0.479154	0.545802	0.631041	0.73727	0.868854	1.00781	1.12229	1.18529	1.17464	1.08252	0.94728	0.783925	0.608213	0.450508	0.3172	0.215295	0.15488	0.114477	0.0910975	0.0735983	0.0456918	0.00550549	-0.0395888	-0.106111	-0.194068	-0.295418	-0.384281	-0.437179	-0.449191	-0.436133	-0.396758	-0.333606	-0.250177	-0.152188	-0.0380561	0.0979007	0.251631	0.406011	0.541611	0.655632	0.770105	0.870821	0.942484	0.966651	0.94696	0.905853	0.825245	
0.51225	0.51225	0.549428	0.636805	0.739722	0.851908	0.983309	1.11805	1.24801	1.34845	1.39228	1.36705	1.26194	1.10407	0.913413	0.703715	0.51708	0.373202	0.263558	0.194306	0.153734	0.122773	0.0811739	0.0274404	-0.0358667	-0.106111	-0.190024	-0.293302	-0.403878	-0.494591	-0.548107	-0.560947	-0.544214	-0.497387	-0.421647	-0.323137	-0.206499	-0.073347	0.0832702	0.250114	0.404189	0.539707	0.664244	0.789892	0.907664	1.00646	1.06117	1.0734	1.05488	0.993034	
0.557992	0.557992	0.61134	0.720629	0.853574	1.00053	1.15266	1.29698	1.4266	1.51842	1.55107	1.52016	1.40526	1.22762	1.007	0.766506	0.550056	0.382685	0.264432	0.1891	0.14195	0.100496	0.0442966	-0.023913	-0.101301	-0.194068	-0.293302	-0.404683	-0.515088	-0.599812	-0.654237	-0.666808	-0.64514	-0.590698	-0.500838	-0.387704	-0.254136	-0.103059	0.0677956	0.241029	0.389794	0.519284	0.652616	0.7806	0.906456	1.01933	1.10062	1.14963	1.15504	1.1055	
0.559519	0.559519	0.628102	0.748162	0.905307	1.08303	1.2517	1.40553	1.53746	1.62213	1.65213	1.61658	1.49342	1.30208	1.06049	0.79469	0.549869	0.35881	0.233875	0.156161	0.0949442	0.0402769	-0.0224874	-0.0988049	-0.189463	-0.295418	-0.403878	-0.515088	-0.616152	-0.691679	-0.74199	-0.757368	-0.736095	-0.677931	-0.580541	-0.454322	-0.30503	-0.136974	0.043026	0.218474	0.365986	0.491379	0.621311	0.74822	0.873471	0.990473	1.08938	1.1656	1.19687	1.16679	
0.533938	0.533938	0.610578	0.735557	0.907272	1.10886	1.28849	1.44532	1.57393	1.65256	1.67212	1.63451	1.51151	1.31396	1.05867	0.781683	0.527338	0.32926	0.190284	0.100556	0.0340974	-0.026134	-0.0916312	-0.175271	-0.276007	-0.384281	-0.494591	-0.599812	-0.691679	-0.767798	-0.815405	-0.825414	-0.809049	-0.75842	-0.663211	-0.526726	-0.363978	-0.182474	0.00842643	0.181092	0.327949	0.456944	0.586457	0.709794	0.81815	0.927633	1.04026	1.13072	1.17704	1.16692	
0.500492	0.500492	0.579275	0.707445	0.886759	1.09603	1.2769	1.42823	1.54349	1.60818	1.61517	1.56935	1.44531	1.25267	1.00442	0.735561	0.486987	0.289013	0.142215	0.0464458	-0.0210706	-0.0820432	-0.146303	-0.231503	-0.333115	-0.437179	-0.548107	-0.654237	-0.74199	-0.815405	-0.861504	-0.874904	-0.869278	-0.826363	-0.730327	-0.588853	-0.419315	-0.230808	-0.0360702	0.136711	0.284512	0.416475	0.543338	0.662614	0.758827	0.855807	0.961309	1.04842	1.10434	1.11463	
0.476097	0.476097	0.551449	0.679231	0.857698	1.05711	1.2285	1.36589	1.46025	1.50278	1.49713	1.43532	1.30664	1.12466	0.904698	0.664754	0.435411	0.242408	0.104596	0.0141848	-0.0535411	-0.111048	-0.170636	-0.24635	-0.342091	-0.449191	-0.560947	-0.666808	-0.757368	-0.825414	-0.874904	-0.902279	-0.905487	-0.867772	-0.772781	-0.630286	-0.456899	-0.268785	-0.0819494	0.0925121	0.241788	0.369955	0.493542	0.608731	0.707519	0.790681	0.869236	0.944619	1.00517	1.03613	
0.467013	0.467013	0.529713	0.649057	0.813104	0.988064	1.14434	1.26281	1.33657	1.35976	1.33613	1.25795	1.12823	0.959294	0.766526	0.561871	0.369135	0.205635	0.0836295	-0.00311595	-0.064967	-0.114812	-0.167439	-0.235744	-0.324527	-0.436133	-0.544214	-0.64514	-0.736095	-0.809049	-0.869278	-0.905487	-0.912156	-0.877582	-0.787957	-0.650935	-0.480307	-0.295188	-0.118278	0.046585	0.189453	0.313787	0.43641	0.546592	0.642563	0.717472	0.775522	0.836592	0.89444	0.937223	
0.458712	0.458712	0.50011	0.598665	0.734199	0.880022	1.01793	1.12281	1.17946	1.19125	1.15458	1.06738	0.934464	0.779184	0.615439	0.444542	0.294028	0.170879	0.0646886	-0.0123393	-0.058788	-0.0974029	-0.141285	-0.20486	-0.294338	-0.396758	-0.497387	-0.590698	-0.677931	-0.75842	-0.826363	-0.867772	-0.877582	-0.846718	-0.764291	-0.640922	-0.479663	-0.304413	-0.138559	0.00903214	0.138728	0.256068	0.368543	0.471882	0.561864	0.631512	0.679427	0.721606	0.773153	0.823197	
0.415657	0.415657	0.445713	0.517556	0.623108	0.742643	0.858036	0.94937	1.00149	1.01196	0.973268	0.881609	0.745994	0.60249	0.468096	0.338907	0.222057	0.121575	0.0347242	-0.0207535	-0.0534644	-0.0756722	-0.101183	-0.156916	-0.242674	-0.333606	-0.421647	-0.500838	-0.580541	-0.663211	-0.730327	-0.772781	-0.787957	-0.764291	-0.696279	-0.580746	-0.430603	-0.276405	-0.136897	-0.0125082	0.102902	0.206288	0.294324	0.386788	0.471501	0.532525	0.565521	0.592204	0.643464	0.69791	
0.314293	0.314293	0.345732	0.398507	0.483244	0.585561	0.681239	0.764533	0.824001	0.836417	0.797669	0.704135	0.576138	0.448985	0.339683	0.244285	0.155589	0.0695076	0.0015514	-0.0332977	-0.0507558	-0.0546373	-0.0643826	-0.104026	-0.173196	-0.250177	-0.323137	-0.387704	-0.454322	-0.526726	-0.588853	-0.630286	-0.650935	-0.640922	-0.580746	-0.473462	-0.347571	-0.220825	-0.110559	-0.010068	0.0864763	0.169044	0.232205	0.302837	0.371461	0.41654	0.43851	0.459425	0.505462	0.561381	
0.167136	0.167136	0.198511	0.248432	0.323903	0.419442	0.512375	0.59525	0.65903	0.677101	0.634166	0.541588	0.430025	0.324171	0.233624	0.161945	0.097361	0.0308182	-0.0181832	-0.0437111	-0.0460778	-0.0313071	-0.0271434	-0.0521988	-0.094516	-0.152188	-0.206499	-0.254136	-0.30503	-0.363978	-0.419315	-0.456899	-0.480307	-0.479663	-0.430603	-0.347571	-0.255832	-0.159386	-0.070921	0.00540606	0.0773976	0.138611	0.189397	0.232428	0.275077	0.30178	0.317288	0.338185	0.378684	0.432567	
-0.00892041	-0.00892041	0.0218816	0.0783389	0.15734	0.255433	0.356796	0.442855	0.509315	0.52643	0.485055	0.403402	0.305517	0.217603	0.157371	0.106399	0.0555647	0.0106449	-0.0214347	-0.0349459	-0.0274829	-0.00579079	0.0156206	0.0219003	0.00209885	-0.0380561	-0.073347	-0.103059	-0.136974	-0.182474	-0.230808	-0.268785	-0.295188	-0.304413	-0.276405	-0.220825	-0.159386	-0.102075	-0.0423377	0.0189664	0.0732521	0.117629	0.156135	0.181085	0.204768	0.218346	0.219327	0.238426	0.279826	0.335376	
-0.193706	-0.193706	-0.159095	-0.0932606	-0.00833237	0.0973492	0.204012	0.299825	0.368724	0.38958	0.350083	0.284352	0.201751	0.138435	0.102791	0.0728092	0.0383013	0.0147153	-0.00365993	-0.0059007	0.0135606	0.0445101	0.0850524	0.117053	0.11669	0.0979007	0.0832702	0.0677956	0.043026	0.00842643	-0.0360702	-0.0819494	-0.118278	-0.138559	-0.136897	-0.110559	-0.070921	-0.0423377	-0.00757859	0.0357711	0.0749664	0.110265	0.1414	0.159374	0.168903	0.170199	0.161795	0.174584	0.217599	0.265709	
-0.365864	-0.365864	-0.3277	-0.249117	-0.153654	-0.0535062	0.0554375	0.164055	0.240211	0.267372	0.24283	0.183422	0.118109	0.0797213	0.0621586	0.0497865	0.0384139	0.032335	0.0293681	0.0471155	0.0834028	0.129012	0.177378	0.222991	0.243468	0.251631	0.250114	0.241029	0.218474	0.181092	0.136711	0.0925121	0.046585	0.00903214	-0.0125082	-0.010068	0.00540606	0.0189664	0.0357711	0.0642295	0.0905451	0.121294	0.150683	0.171191	0.171976	0.157621	0.141481	0.147345	0.182705	0.225799	
-0.533898	-0.533898	-0.484237	-0.398296	-0.294663	-0.188958	-0.075805	0.0360613	0.118583	0.152367	0.140669	0.0925361	0.0493765	0.0310863	0.0278898	0.0265872	0.0303205	0.0475197	0.0813769	0.122357	0.170809	0.225029	0.281287	0.338434	0.383678	0.406011	0.404189	0.389794	0.365986	0.327949	0.284512	0.241788	0.189453	0.138728	0.102902	0.0864763	0.0773976	0.0732521	0.0749664	0.0905451	0.120743	0.15196	0.174608	0.192023	0.193013	0.171897	0.14883	0.149243	0.173483	0.205715	
-0.715191	-0.715191	-0.653257	-0.557294	-0.441197	-0.319769	-0.199836	-0.0844936	-0.00147853	0.0318647	0.0267662	-0.00174259	-0.0237926	-0.0240776	-0.0135146	-0.00211804	0.016082	0.0563422	0.123991	0.19338	0.256965	0.318228	0.385161	0.45369	0.51287	0.541611	0.539707	0.519284	0.491379	0.456944	0.416475	0.369955	0.313787	0.256068	0.206288	0.169044	0.138611	0.117629	0.110265	0.121294	0.15196	0.176814	0.191041	0.206421	0.213005	0.194067	0.164125	0.157738	0.171199	0.18504	
-0.900792	-0.900792	-0.824743	-0.71378	-0.583268	-0.444385	-0.318319	-0.204281	-0.118595	-0.0816982	-0.0849472	-0.0965362	-0.0966091	-0.0868373	-0.0692212	-0.0448111	-0.00766767	0.0527698	0.142078	0.234211	0.318608	0.39682	0.477693	0.55812	0.620506	0.655632	0.664244	0.652616	0.621311	0.586457	0.543338	0.493542	0.43641	0.368543	0.294324	0.232205	0.189397	0.156135	0.1414	0.150683	0.174608	0.191041	0.202081	0.215303	0.222409	0.210448	0.185045	0.174036	0.168039	0.160101	
-1.04765	-1.04765	-0.961388	-0.832306	-0.687988	-0.544924	-0.416503	-0.30583	-0.214425	-0.166418	-0.157791	-0.16215	-0.156859	-0.146953	-0.126912	-0.0953622	-0.0447024	0.0288921	0.128062	0.239671	0.344165	0.439952	0.535903	0.635672	0.716048	0.770105	0.789892	0.7806	0.74822	0.709794	0.662614	0.608731	0.546592	0.471882	0.386788	0.302837	0.232428	0.181085	0.159374	0.171191	0.192023	0.206421	0.215303	0.228479	0.232644	0.228941	0.214935	0.195766	0.170709	0.144926	
-1.10409	-1.10409	-1.01586	-0.875658	-0.725975	-0.586241	-0.457915	-0.346103	-0.255749	-0.204035	-0.186984	-0.18922	-0.194159	-0.188896	-0.173879	-0.151705	-0.104281	-0.0226868	0.0850868	0.207192	0.321733	0.435179	0.554121	0.67722	0.787723	0.870821	0.907664	0.906456	0.873471	0.81815	0.758827	0.707519	0.642563	0.561864	0.471501	0.371461	0.275077	0.204768	0.168903	0.171976	0.193013	0.213005	0.222409	0.232644	0.241955	0.255382	0.252577	0.224613	0.186379	0.144588	
-1.07134	-1.07134	-0.988131	-0.845224	-0.695028	-0.558905	-0.434483	-0.326232	-0.246227	-0.204622	-0.194066	-0.197196	-0.213406	-0.223753	-0.225141	-0.213824	-0.175633	-0.0996016	0.00952036	0.137968	0.263424	0.397437	0.540544	0.686054	0.828142	0.942484	1.00646	1.01933	0.990473	0.927633	0.855807	0.790681	0.717472	0.631512	0.532525	0.41654	0.30178	0.218346	0.170199	0.157621	0.171897	0.194067	0.210448	0.228941	0.255382	0.281094	0.285055	0.257981	0.213416	0.153617	
-0.960155	-0.960155	-0.882439	-0.742449	-0.600377	-0.474746	-0.36245	-0.270976	-0.210213	-0.176832	-0.17823	-0.198951	-0.233996	-0.266032	-0.297556	-0.306795	-0.276521	-0.209934	-0.10392	0.0309577	0.171176	0.318989	0.484049	0.656918	0.828095	0.966651	1.06117	1.10062	1.08938	1.04026	0.961309	0.869236	0.775522	0.679427	0.565521	0.43851	0.317288	0.219327	0.161795	0.141481	0.14883	0.164125	0.185045	0.214935	0.252577	0.285055	0.30082	0.281649	0.235929	0.16929	
-0.778747	-0.778747	-0.707318	-0.585033	-0.465298	-0.362817	-0.273506	-0.202559	-0.154155	-0.129244	-0.140772	-0.189019	-0.261164	-0.333867	-0.400226	-0.43715	-0.417492	-0.355081	-0.254117	-0.120667	0.0315666	0.199451	0.387086	0.589283	0.783948	0.94696	1.0734	1.14963	1.1656	1.13072	1.04842	0.944619	0.836592	0.721606	0.592204	0.459425	0.338185	0.238426	0.174584	0.147345	0.149243	0.157738	0.174036	0.195766	0.224613	0.257981	0.281649	0.277876	0.246053	0.185596	
-0.551412	-0.551412	-0.489583	-0.399257	-0.311574	-0.23479	-0.17004	-0.11779	-0.0784534	-0.071146	-0.105476	-0.184193	-0.294168	-0.409888	-0.511839	-0.578765	-0.587381	-0.543055	-0.447961	-0.314243	-0.151595	0.041156	0.254151	0.482011	0.710539	0.905853	1.05488	1.15504	1.19687	1.17704	1.10434	1.00517	0.89444	0.773153	0.643464	0.505462	0.378684	0.279826	0.217599	0.182705	0.173483	0.171199	0.168039	0.170709	0.186379	0.213416	0.235929	0.246053	0.229583	0.179527	
-0.321097	-0.321097	-0.275886	-0.209771	-0.145758	-0.0905254	-0.0504106	-0.0160672	0.00145784	-0.0150737	-0.0782759	-0.178349	-0.319279	-0.469382	-0.608879	-0.705958	-0.753575	-0.738518	-0.661251	-0.52668	-0.359426	-0.150939	0.0897006	0.348822	0.604175	0.825245	0.993034	1.1055	1.16679	1.16692	1.11463	1.03613	0.937223	0.823197	0.69791	0.561381	0.432567	0.335376	0.265709	0.225799	0.205715	0.18504	0.160101	0.144926	0.144588	0.153617	0.16929	0.185596	0.179527	0.143378	
