-0.233187	-0.226935	-0.220077	-0.242924	-0.304304	-0.406321	-0.524374	-0.636208	-0.724254	-0.755612	-0.719868	-0.620856	-0.450608	-0.220758	0.0380975	0.311193	0.584604	0.822556	0.994332	1.09741	1.13573	1.09827	0.974668	0.781345	0.561442	0.361287	0.208847	0.108985	0.0516261	0.0223208	0.00885378	0.00323733	0.00109585	0.00034476	0.000101159	2.77715e-05	7.15405e-06	1.73381e-06	3.96264e-07	8.55966e-08	1.75102e-08	3.39854e-09	6.26914e-10	1.10085e-10	1.84288e-11	2.94521e-12	4.49947e-13	6.59411e-14	1.04531e-14	1.04531e-14	
-0.226935	-0.217477	-0.239888	-0.297047	-0.385009	-0.500008	-0.612371	-0.704771	-0.754756	-0.73826	-0.659565	-0.518744	-0.311909	-0.0633212	0.200533	0.470654	0.725296	0.927297	1.05904	1.12591	1.12691	1.04836	0.889344	0.679063	0.464452	0.284819	0.157224	0.0785354	0.0356949	0.014841	0.00567286	0.00200262	0.000655607	0.000199782	5.6859e-05	1.51599e-05	3.79711e-06	8.95696e-07	1.99444e-07	4.20101e-08	8.38692e-09	1.58981e-09	2.8662e-10	4.92215e-11	8.06333e-12	1.26174e-12	1.88834e-13	2.71207e-14	4.20686e-15	4.20686e-15	
-0.220077	-0.239888	-0.295898	-0.373794	-0.482629	-0.598122	-0.689316	-0.747915	-0.750062	-0.686464	-0.566617	-0.385173	-0.150292	0.106764	0.369476	0.628559	0.853502	1.01347	1.10505	1.13505	1.09575	0.976005	0.788043	0.57129	0.371077	0.216488	0.113967	0.0544303	0.0237133	0.00947285	0.00348646	0.00118738	0.000375674	0.000110813	3.05718e-05	7.91176e-06	1.92574e-06	4.41922e-07	9.58247e-08	1.96733e-08	3.83139e-09	7.09036e-10	1.24885e-10	2.09668e-11	3.35999e-12	5.14626e-13	7.54289e-14	1.06137e-14	1.61056e-15	1.61056e-15	
-0.242924	-0.297047	-0.373794	-0.476003	-0.591716	-0.680985	-0.739174	-0.755603	-0.706359	-0.599047	-0.439065	-0.222338	0.02792	0.284374	0.539903	0.777412	0.962464	1.07784	1.1303	1.12163	1.03962	0.881998	0.675043	0.463324	0.285257	0.158108	0.0792921	0.0361767	0.015096	0.00579014	0.00205064	0.000673382	0.000205791	5.87294e-05	1.56992e-05	3.94183e-06	9.32003e-07	2.07989e-07	4.39025e-08	8.78234e-09	1.66796e-09	3.01259e-10	5.18257e-11	8.50408e-12	1.33282e-12	1.99767e-13	2.86688e-14	3.95145e-15	5.86464e-16	5.86464e-16	
-0.304304	-0.385009	-0.482629	-0.591716	-0.678628	-0.733362	-0.756663	-0.720302	-0.620881	-0.474963	-0.277622	-0.037089	0.215141	0.464605	0.705009	0.908493	1.04671	1.11847	1.1324	1.08222	0.957466	0.769671	0.556377	0.36072	0.210195	0.110573	0.0527875	0.0229936	0.00918546	0.00338119	0.00115184	0.000364555	0.000107578	2.96935e-05	7.68847e-06	1.87243e-06	4.29937e-07	9.32815e-08	1.91628e-08	3.73428e-09	6.91493e-10	1.21871e-10	2.04733e-11	3.28288e-12	5.03115e-13	7.37823e-14	1.03662e-14	1.39935e-15	2.03113e-16	2.03113e-16	
-0.406321	-0.500008	-0.598122	-0.680985	-0.733362	-0.756464	-0.72758	-0.634224	-0.496232	-0.315366	-0.0875437	0.160583	0.404797	0.641878	0.855417	1.01337	1.10311	1.13402	1.10819	1.0141	0.850907	0.645065	0.439135	0.268477	0.147921	0.0738061	0.0335276	0.0139386	0.00532924	0.00188227	0.000616648	0.000188075	5.3581e-05	1.43018e-05	3.58641e-06	8.47046e-07	1.88854e-07	3.98317e-08	7.96261e-09	1.5114e-09	2.72848e-10	4.69188e-11	7.6962e-12	1.20585e-12	1.80691e-13	2.59251e-14	3.5656e-15	4.71388e-16	6.69112e-17	6.69112e-17	
-0.524374	-0.612371	-0.689316	-0.739174	-0.756663	-0.72758	-0.638826	-0.506032	-0.336705	-0.121981	0.120416	0.360479	0.591682	0.807727	0.980045	1.08626	1.13084	1.12254	1.05401	0.916754	0.725095	0.516405	0.330375	0.190269	0.0990708	0.0468767	0.020261	0.00803919	0.00294179	0.000996966	0.000314105	9.23193e-05	2.53918e-05	6.55406e-06	1.59172e-06	3.6458e-07	7.89274e-08	1.61822e-08	3.14789e-09	5.8199e-10	1.02426e-10	1.71848e-11	2.75239e-12	4.21375e-13	6.17363e-14	8.66599e-15	1.16674e-15	1.51062e-16	2.09698e-17	2.09698e-17	
-0.636208	-0.704771	-0.747915	-0.755603	-0.720302	-0.634224	-0.506032	-0.343522	-0.139379	0.0955128	0.33109	0.555932	0.76932	0.949688	1.06947	1.12563	1.12969	1.08063	0.967351	0.793618	0.588702	0.392819	0.235891	0.127927	0.0629507	0.0282516	0.0116212	0.00440202	0.00154211	0.000501575	0.000152005	4.30605e-05	1.14359e-05	2.85488e-06	6.71565e-07	1.4919e-07	3.13641e-08	6.25156e-09	1.18349e-09	2.1314e-10	3.65716e-11	5.98705e-12	9.36359e-13	1.40077e-13	2.00674e-14	2.75603e-15	3.63249e-16	4.60618e-17	6.25366e-18	6.25366e-18	
-0.724254	-0.754756	-0.750062	-0.706359	-0.620881	-0.496232	-0.336705	-0.139379	0.0870407	0.316379	0.53473	0.742749	0.925399	1.05444	1.12	1.13284	1.0976	1.00436	0.849381	0.65297	0.452665	0.282579	0.159232	0.081335	0.0378437	0.0161181	0.00631348	0.00228428	0.000766449	0.000239356	6.98007e-05	1.90648e-05	4.89042e-06	1.18109e-06	2.69174e-07	5.80108e-08	1.18454e-08	2.29578e-09	4.23031e-10	7.42241e-11	1.24185e-11	1.98397e-12	3.03026e-13	4.4302e-14	6.20647e-15	8.34063e-16	1.07628e-16	1.33678e-17	1.77527e-18	1.77527e-18	
-0.755612	-0.73826	-0.686464	-0.599047	-0.474963	-0.315366	-0.121981	0.0955128	0.316379	0.527724	0.729256	0.909748	1.04304	1.11507	1.13401	1.10804	1.03016	0.892491	0.707187	0.507076	0.327901	0.191449	0.101282	0.0487683	0.0214748	0.0086879	0.00324326	0.00112168	0.000360718	0.000108225	3.0386e-05	8.00583e-06	1.9844e-06	4.63824e-07	1.02449e-07	2.14261e-08	4.25066e-09	8.01271e-10	1.43745e-10	2.45774e-11	4.01051e-12	6.25375e-13	9.33002e-14	1.33326e-14	1.82686e-15	2.40262e-16	3.03583e-17	3.6938e-18	4.79907e-19	4.79907e-19	
-0.719868	-0.659565	-0.566617	-0.439065	-0.277622	-0.0875437	0.120416	0.33109	0.53473	0.729256	0.904351	1.03686	1.1117	1.13431	1.11416	1.04719	0.923945	0.750353	0.553792	0.369477	0.2228	0.121759	0.0605458	0.0275177	0.0114823	0.00441764	0.00157336	0.000520634	0.000160606	4.63286e-05	1.25317e-05	3.18687e-06	7.63712e-07	1.72843e-07	3.70165e-08	7.51566e-09	1.44914e-09	2.65779e-10	4.64344e-11	7.73882e-12	1.23194e-12	1.87549e-13	2.73371e-14	3.81917e-15	5.1193e-16	6.59019e-17	8.15521e-18	9.72219e-19	1.23599e-19	1.23599e-19	
-0.620856	-0.518744	-0.385173	-0.222338	-0.037089	0.160583	0.360479	0.555932	0.742749	0.909748	1.03686	1.1105	1.13434	1.11736	1.05741	0.945097	0.782267	0.591229	0.405201	0.251452	0.141539	0.0725131	0.0339508	0.014589	0.00577742	0.00211677	0.000720141	0.000228252	6.76079e-05	1.87666e-05	4.8944e-06	1.20218e-06	2.78708e-07	6.11098e-08	1.2696e-08	2.50366e-09	4.6939e-10	8.37911e-11	1.4262e-11	2.31766e-12	3.60039e-13	5.35284e-14	7.62483e-15	1.04169e-15	1.36627e-16	1.72197e-17	2.08736e-18	2.43863e-19	3.03436e-20	3.03436e-20	
-0.450608	-0.311909	-0.150292	0.02792	0.215141	0.404797	0.591682	0.76932	0.925399	1.04304	1.1117	1.13434	1.11835	1.06219	0.957208	0.803193	0.61842	0.433387	0.275698	0.159333	0.0838827	0.0403737	0.0178357	0.00726013	0.00273336	0.000955173	0.00031083	9.44791e-05	2.68988e-05	7.19175e-06	1.80996e-06	4.29724e-07	9.64444e-08	2.04997e-08	4.13393e-09	7.9219e-10	1.4448e-10	2.51139e-11	4.16609e-12	6.60385e-13	1.00145e-13	1.45449e-14	2.02533e-15	2.70656e-16	3.47443e-17	4.28826e-18	5.09315e-19	5.8325e-20	7.10484e-21	7.10484e-21	
-0.220758	-0.0633212	0.106764	0.284374	0.464605	0.641878	0.807727	0.949688	1.05444	1.11507	1.13431	1.11736	1.06219	0.961143	0.813524	0.634869	0.452815	0.294099	0.173919	0.0938273	0.0463194	0.0209976	0.00877247	0.00338971	0.00121552	0.000405787	0.000126491	3.69182e-05	1.01145e-05	2.60733e-06	6.33785e-07	1.45567e-07	3.16503e-08	6.526e-09	1.27815e-09	2.38147e-10	4.22729e-11	7.15836e-12	1.15784e-12	1.79097e-13	2.65226e-14	3.76438e-15	5.12576e-16	6.70228e-17	8.42324e-18	1.01836e-18	1.18536e-19	1.33088e-20	1.58758e-21	1.58758e-21	
0.0380975	0.200533	0.369476	0.539903	0.705009	0.855417	0.980045	1.06947	1.12	1.13401	1.11416	1.05741	0.957208	0.813524	0.640369	0.462713	0.305579	0.184265	0.101574	0.0513084	0.0238214	0.0101983	0.00403923	0.00148477	0.000508076	0.00016231	4.8537e-05	1.36204e-05	3.59507e-06	8.9446e-07	2.10196e-07	4.67425e-08	9.85335e-09	1.9722e-09	3.75387e-10	6.80445e-11	1.17619e-11	1.94128e-12	3.06296e-13	4.62522e-14	6.6915e-15	9.28444e-16	1.23665e-16	1.58268e-17	1.94792e-18	2.30749e-19	2.63298e-20	2.89915e-21	3.38754e-22	3.38754e-22	
0.311193	0.470654	0.628559	0.777412	0.908493	1.01337	1.08626	1.12563	1.13284	1.10804	1.04719	0.945097	0.803193	0.634869	0.462713	0.309479	0.189632	0.106496	0.0549096	0.026057	0.0114126	0.00462705	0.00174164	0.000610349	0.000199685	6.11468e-05	1.75675e-05	4.74613e-06	1.20832e-06	2.90466e-07	6.60523e-08	1.42336e-08	2.91127e-09	5.66051e-10	1.04775e-10	1.84875e-11	3.11366e-12	5.01138e-13	7.7167e-14	1.13805e-14	1.60914e-15	2.18346e-16	2.84588e-17	3.56605e-18	4.29955e-19	4.9919e-20	5.58535e-21	6.03284e-22	6.90689e-23	6.90689e-23	
0.584604	0.725296	0.853502	0.962464	1.04671	1.10311	1.13084	1.12969	1.0976	1.03016	0.923945	0.782267	0.61842	0.452815	0.305579	0.189632	0.108184	0.0567976	0.0274932	0.0122986	0.00509724	0.00196246	0.000703694	0.000235607	7.38359e-05	2.17083e-05	6.00084e-06	1.56287e-06	3.84234e-07	8.93364e-08	1.96772e-08	4.11247e-09	8.16782e-10	1.54382e-10	2.78072e-11	4.77911e-12	7.84669e-13	1.23218e-13	1.85257e-14	2.66956e-15	3.69053e-16	4.89921e-17	6.25078e-18	7.67148e-19	9.06377e-20	1.03171e-20	1.13225e-21	1.2e-22	1.34653e-23	1.34653e-23	
0.822556	0.927297	1.01347	1.07784	1.11847	1.13402	1.12254	1.08063	1.00436	0.892491	0.750353	0.591229	0.433387	0.294099	0.184265	0.106496	0.0567976	0.0279885	0.0127663	0.00540141	0.00212471	0.000778848	0.000266672	8.54783e-05	2.57061e-05	7.26817e-06	1.9359e-06	4.86666e-07	1.15675e-07	2.604e-08	5.56066e-09	1.1281e-09	2.17734e-10	4.00352e-11	7.02179e-12	1.17616e-12	1.88364e-13	2.8874e-14	4.24077e-15	5.9736e-16	8.07766e-17	1.04949e-17	1.31124e-18	1.5767e-19	1.82606e-20	2.03845e-21	2.19489e-22	2.28316e-23	2.51179e-24	2.51179e-24	
0.994332	1.05904	1.10505	1.1303	1.1324	1.10819	1.05401	0.967351	0.849381	0.707187	0.553792	0.405201	0.275698	0.173919	0.101574	0.0549096	0.0274932	0.0127663	0.00550669	0.0022107	0.00082768	0.000289596	9.48897e-05	2.91758e-05	8.43452e-06	2.29695e-06	5.90318e-07	1.4342e-07	3.29944e-08	7.19866e-09	1.49172e-09	2.94008e-10	5.51879e-11	9.8785e-12	1.68819e-12	2.75761e-13	4.31015e-14	6.45282e-15	9.26257e-16	1.27598e-16	1.6884e-17	2.14779e-18	2.62877e-19	3.09808e-20	3.51831e-21	3.85291e-22	4.07151e-23	4.15801e-24	4.48614e-25	4.48614e-25	
1.09741	1.12591	1.13505	1.12163	1.08222	1.0141	0.916754	0.793618	0.65297	0.507076	0.369477	0.251452	0.159333	0.0938273	0.0513084	0.026057	0.0122986	0.00540141	0.0022107	0.000844618	0.000301778	0.000101021	3.17429e-05	9.37956e-06	2.61092e-06	6.85855e-07	1.70301e-07	4.00351e-08	8.92405e-09	1.88891e-09	3.80178e-10	7.28555e-11	1.33101e-11	2.32092e-12	3.86716e-13	6.16381e-14	9.40756e-15	1.37627e-15	1.93168e-16	2.60352e-17	3.3725e-18	4.20209e-19	5.04011e-20	5.82373e-21	6.48726e-22	6.97139e-23	7.23212e-24	7.2531e-25	7.67686e-26	7.67686e-26	
1.13573	1.12691	1.09575	1.03962	0.957466	0.850907	0.725095	0.588702	0.452665	0.327901	0.2228	0.141539	0.0838827	0.0463194	0.0238214	0.0114126	0.00509724	0.00212471	0.00082768	0.000301778	0.000103151	3.31092e-05	9.99625e-06	2.84355e-06	7.63355e-07	1.93696e-07	4.65273e-08	1.05956e-08	2.29083e-09	4.70858e-10	9.2126e-11	1.71793e-11	3.05686e-12	5.19612e-13	8.44665e-14	1.31443e-14	1.96005e-15	2.80336e-16	3.84914e-17	5.078e-18	6.44205e-19	7.865e-20	9.24795e-21	1.04804e-21	1.1455e-22	1.20834e-23	1.23095e-24	1.21268e-25	1.25954e-26	1.25954e-26	
1.09827	1.04836	0.976005	0.881998	0.769671	0.645065	0.516405	0.392819	0.282579	0.191449	0.121759	0.0725131	0.0403737	0.0209976	0.0101983	0.00462705	0.00196246	0.000778848	0.000289596	0.000101021	3.31092e-05	1.02106e-05	2.96747e-06	8.13968e-07	2.1104e-07	5.17955e-08	1.20504e-08	2.66129e-09	5.58641e-10	1.11603e-10	2.12444e-11	3.85791e-12	6.69081e-13	1.10941e-13	1.76048e-14	2.67626e-15	3.90109e-16	5.45753e-17	7.33384e-18	9.47437e-19	1.1776e-19	1.40928e-20	1.62507e-21	1.80684e-22	1.93836e-23	2.00769e-24	2.00899e-25	1.94469e-26	1.98266e-27	1.98266e-27	
0.974668	0.889344	0.788043	0.675043	0.556377	0.439135	0.330375	0.235891	0.159232	0.101282	0.0605458	0.0339508	0.0178357	0.00877247	0.00403923	0.00174164	0.000703694	0.000266672	9.48897e-05	3.17429e-05	9.99625e-06	2.96747e-06	8.31569e-07	2.20282e-07	5.52367e-08	1.3129e-08	2.96183e-09	6.34994e-10	1.29538e-10	2.51745e-11	4.66613e-12	8.25783e-13	1.39684e-13	2.2607e-14	3.50408e-15	5.20654e-16	7.42264e-17	1.01619e-17	1.33707e-18	1.69218e-19	2.06147e-20	2.41917e-21	2.73665e-22	2.98627e-23	3.14541e-24	3.19989e-25	3.14607e-26	2.99313e-27	2.99631e-28	2.99631e-28	
0.781345	0.679063	0.57129	0.463324	0.36072	0.268477	0.190269	0.127927	0.081335	0.0487683	0.0275177	0.014589	0.00726013	0.00338971	0.00148477	0.000610349	0.000235607	8.54783e-05	2.91758e-05	9.37956e-06	2.84355e-06	8.13968e-07	2.20282e-07	5.64336e-08	1.37037e-08	3.1581e-09	6.91574e-10	1.44077e-10	2.85892e-11	5.40938e-12	9.77017e-13	1.68625e-13	2.78382e-14	4.40031e-15	6.6658e-16	9.68584e-17	1.35117e-17	1.81106e-18	2.33426e-19	2.89528e-20	3.4584e-21	3.98117e-22	4.41969e-23	4.73481e-24	4.89799e-25	4.89553e-26	4.73047e-27	4.42449e-28	4.35021e-29	4.35021e-29	
0.561442	0.464452	0.371077	0.285257	0.210195	0.147921	0.0990708	0.0629507	0.0378437	0.0214748	0.0114823	0.00577742	0.00273336	0.00121552	0.000508076	0.000199685	7.38359e-05	2.57061e-05	8.43452e-06	2.61092e-06	7.63355e-07	2.1104e-07	5.52367e-08	1.37037e-08	3.22636e-09	7.21717e-10	1.53569e-10	3.11179e-11	6.01128e-12	1.10825e-12	1.95194e-13	3.28767e-14	5.30055e-15	8.18776e-16	1.21286e-16	1.72435e-17	2.3549e-18	3.0917e-19	3.90509e-20	4.74891e-21	5.56409e-22	6.28535e-23	6.84992e-24	7.2067e-25	7.32401e-26	7.19413e-27	6.83399e-28	6.28559e-29	6.07162e-30	6.07162e-30	
0.361287	0.284819	0.216488	0.158108	0.110573	0.0738061	0.0468767	0.0282516	0.0161181	0.0086879	0.00441764	0.00211677	0.000955173	0.000405787	0.00016231	6.11468e-05	2.17083e-05	7.26817e-06	2.29695e-06	6.85855e-07	1.93696e-07	5.17955e-08	1.3129e-08	3.1581e-09	7.21717e-10	1.56869e-10	3.24644e-11	6.40393e-12	1.20533e-12	2.16684e-13	3.7242e-14	6.12548e-15	9.65041e-16	1.45759e-16	2.11243e-17	2.93998e-18	3.93248e-19	5.05919e-20	6.26485e-21	7.47246e-22	8.59091e-23	9.52629e-24	1.01952e-24	1.05371e-25	1.05235e-26	1.01615e-27	9.49202e-29	8.58728e-30	8.15163e-31	8.15163e-31	
0.208847	0.157224	0.113967	0.0792921	0.0527875	0.0335276	0.020261	0.0116212	0.00631348	0.00324326	0.00157336	0.000720141	0.00031083	0.000126491	4.8537e-05	1.75675e-05	6.00084e-06	1.9359e-06	5.90318e-07	1.70301e-07	4.65273e-08	1.20504e-08	2.96183e-09	6.91574e-10	1.53569e-10	3.24644e-11	6.5404e-12	1.257e-12	2.30691e-13	4.04678e-14	6.79175e-15	1.09154e-15	1.6814e-16	2.48452e-17	3.52461e-18	4.80423e-19	6.2967e-20	7.94147e-21	9.6449e-22	1.12876e-22	1.27382e-23	1.38703e-24	1.45818e-25	1.48096e-26	1.45388e-27	1.38043e-28	1.26834e-29	1.12893e-30	1.05342e-31	1.05342e-31	
0.108985	0.0785354	0.0544303	0.0361767	0.0229936	0.0139386	0.00803919	0.00440202	0.00228428	0.00112168	0.000520634	0.000228252	9.44791e-05	3.69182e-05	1.36204e-05	4.74613e-06	1.56287e-06	4.86666e-07	1.4342e-07	4.00351e-08	1.05956e-08	2.66129e-09	6.34994e-10	1.44077e-10	3.11179e-11	6.40393e-12	1.257e-12	2.35557e-13	4.21834e-14	7.22561e-15	1.18491e-15	1.86189e-16	2.80574e-17	4.05809e-18	5.63798e-19	7.52983e-20	9.6745e-21	1.19664e-21	1.42592e-22	1.63799e-23	1.81506e-24	1.94136e-25	2.00548e-26	2.00208e-27	1.93259e-28	1.8048e-29	1.63147e-30	1.42905e-31	1.31113e-32	1.31113e-32	
0.0516261	0.0356949	0.0237133	0.015096	0.00918546	0.00532924	0.00294179	0.00154211	0.000766449	0.000360718	0.000160606	6.76079e-05	2.68988e-05	1.01145e-05	3.59507e-06	1.20832e-06	3.84234e-07	1.15675e-07	3.29944e-08	8.92405e-09	2.29083e-09	5.58641e-10	1.29538e-10	2.85892e-11	6.01128e-12	1.20533e-12	2.30691e-13	4.21834e-14	7.37627e-15	1.23453e-15	1.9793e-16	3.04251e-17	4.48763e-18	6.35639e-19	8.6526e-20	1.13278e-20	1.42733e-21	1.73212e-22	2.02583e-23	2.28496e-24	2.48702e-25	2.61377e-26	2.65398e-27	2.60505e-28	2.47322e-29	2.2723e-30	2.0214e-31	1.74286e-32	1.57266e-33	1.57266e-33	
0.0223208	0.014841	0.00947285	0.00579014	0.00338119	0.00188227	0.000996966	0.000501575	0.000239356	0.000108225	4.63286e-05	1.87666e-05	7.19175e-06	2.60733e-06	8.9446e-07	2.90466e-07	8.93364e-08	2.604e-08	7.19866e-09	1.88891e-09	4.70858e-10	1.11603e-10	2.51745e-11	5.40938e-12	1.10825e-12	2.16684e-13	4.04678e-14	7.22561e-15	1.23453e-15	2.02005e-16	3.16824e-17	4.76675e-18	6.88521e-19	9.55511e-20	1.27497e-20	1.6369e-21	2.0235e-22	2.41012e-23	2.76765e-24	3.06616e-25	3.2791e-26	3.38724e-27	3.38158e-28	3.26448e-29	3.04904e-30	2.75671e-31	2.41389e-32	2.04912e-33	1.81897e-34	1.81897e-34	
0.00885378	0.00567286	0.00348646	0.00205064	0.00115184	0.000616648	0.000314105	0.000152005	6.98007e-05	3.0386e-05	1.25317e-05	4.8944e-06	1.80996e-06	6.33785e-07	2.10196e-07	6.60523e-08	1.96772e-08	5.56066e-09	1.49172e-09	3.80178e-10	9.2126e-11	2.12444e-11	4.66613e-12	9.77017e-13	1.95194e-13	3.7242e-14	6.79175e-15	1.18491e-15	1.9793e-16	3.16824e-17	4.86358e-18	7.16581e-19	1.01409e-19	1.37948e-20	1.80507e-21	2.27359e-22	2.75845e-23	3.22581e-24	3.63838e-25	3.9604e-26	4.16287e-27	4.22782e-28	4.15102e-29	3.94222e-30	3.62329e-31	3.22448e-32	2.77989e-33	2.3239e-34	2.02984e-35	2.02984e-35	
0.00323733	0.00200262	0.00118738	0.000673382	0.000364555	0.000188075	9.23193e-05	4.30605e-05	1.90648e-05	8.00583e-06	3.18687e-06	1.20218e-06	4.29724e-07	1.45567e-07	4.67425e-08	1.42336e-08	4.11247e-09	1.1281e-09	2.94008e-10	7.28555e-11	1.71793e-11	3.85791e-12	8.25783e-13	1.68625e-13	3.28767e-14	6.12548e-15	1.09154e-15	1.86189e-16	3.04251e-17	4.76675e-18	7.16581e-19	1.0344e-19	1.43489e-20	1.91411e-21	2.45716e-22	3.03749e-23	3.61825e-24	4.15586e-25	4.60543e-26	4.92705e-27	5.0917e-28	5.08561e-29	4.91206e-30	4.59043e-31	4.15275e-32	3.63852e-33	3.0891e-34	2.54364e-35	2.1867e-36	2.1867e-36	
0.00109585	0.000655607	0.000375674	0.000205791	0.000107578	5.3581e-05	2.53918e-05	1.14359e-05	4.89042e-06	1.9844e-06	7.63712e-07	2.78708e-07	9.64444e-08	3.16503e-08	9.85335e-09	2.91127e-09	8.16782e-10	2.17734e-10	5.51879e-11	1.33101e-11	3.05686e-12	6.69081e-13	1.39684e-13	2.78382e-14	5.30055e-15	9.65041e-16	1.6814e-16	2.80574e-17	4.48763e-18	6.88521e-19	1.01409e-19	1.43489e-20	1.95189e-21	2.5544e-22	3.21822e-23	3.90591e-24	4.56971e-25	5.15685e-26	5.61658e-27	5.90751e-28	6.00383e-29	5.89907e-30	5.60661e-31	5.15707e-32	4.59314e-33	3.96306e-34	3.31415e-35	2.68857e-36	2.27533e-37	2.27533e-37	
0.00034476	0.000199782	0.000110813	5.87294e-05	2.96935e-05	1.43018e-05	6.55406e-06	2.85488e-06	1.18109e-06	4.63824e-07	1.72843e-07	6.11098e-08	2.04997e-08	6.526e-09	1.9722e-09	5.66051e-10	1.54382e-10	4.00352e-11	9.8785e-12	2.32092e-12	5.19612e-13	1.10941e-13	2.2607e-14	4.40031e-15	8.18776e-16	1.45759e-16	2.48452e-17	4.05809e-18	6.35639e-19	9.55511e-20	1.37948e-20	1.91411e-21	2.5544e-22	3.28081e-23	4.05817e-24	4.83745e-25	5.56048e-26	6.16709e-27	6.60356e-28	6.83051e-29	6.82883e-30	6.60223e-31	6.17609e-32	5.59287e-33	4.90531e-34	4.16884e-35	3.43466e-36	2.74566e-37	2.288e-38	2.288e-38	
0.000101159	5.6859e-05	3.05718e-05	1.56992e-05	7.68847e-06	3.58641e-06	1.59172e-06	6.71565e-07	2.69174e-07	1.02449e-07	3.70165e-08	1.2696e-08	4.13393e-09	1.27815e-09	3.75387e-10	1.04775e-10	2.78072e-11	7.02179e-12	1.68819e-12	3.86716e-13	8.44665e-14	1.76048e-14	3.50408e-15	6.6658e-16	1.21286e-16	2.11243e-17	3.52461e-18	5.63798e-19	8.6526e-20	1.27497e-20	1.80507e-21	2.45716e-22	3.21822e-23	4.05817e-24	4.93012e-25	5.77392e-26	6.52284e-27	7.11234e-28	7.48942e-29	7.62057e-30	7.49662e-31	7.13364e-32	6.56972e-33	5.85851e-34	5.06106e-35	4.23752e-36	3.4403e-37	2.71057e-38	2.22458e-39	2.22458e-39	
2.77715e-05	1.51599e-05	7.91176e-06	3.94183e-06	1.87243e-06	8.47046e-07	3.6458e-07	1.4919e-07	5.80108e-08	2.14261e-08	7.51566e-09	2.50366e-09	7.9219e-10	2.38147e-10	6.80445e-11	1.84875e-11	4.77911e-12	1.17616e-12	2.75761e-13	6.16381e-14	1.31443e-14	2.67626e-15	5.20654e-16	9.68584e-17	1.72435e-17	2.93998e-18	4.80423e-19	7.52983e-20	1.13278e-20	1.6369e-21	2.27359e-22	3.03749e-23	3.90591e-24	4.83745e-25	5.77392e-26	6.6459e-27	7.38116e-28	7.91473e-29	8.19848e-30	8.20831e-31	7.94748e-32	7.44532e-33	6.75202e-34	5.93051e-35	5.04735e-36	4.16434e-37	3.33222e-38	2.58811e-39	2.09238e-40	2.09238e-40	
7.15405e-06	3.79711e-06	1.92574e-06	9.32003e-07	4.29937e-07	1.88854e-07	7.89274e-08	3.13641e-08	1.18454e-08	4.25066e-09	1.44914e-09	4.6939e-10	1.4448e-10	4.22729e-11	1.17619e-11	3.11366e-12	7.84669e-13	1.88364e-13	4.31015e-14	9.40756e-15	1.96005e-15	3.90109e-16	7.42264e-17	1.35117e-17	2.3549e-18	3.93248e-19	6.2967e-20	9.6745e-21	1.42733e-21	2.0235e-22	2.75845e-23	3.61825e-24	4.56971e-25	5.56048e-26	6.52284e-27	7.38116e-28	8.06177e-29	8.50358e-30	8.66719e-31	8.54071e-32	8.14094e-33	7.51001e-34	6.70819e-35	5.80466e-36	4.86806e-37	3.95856e-38	3.12258e-39	2.39127e-40	1.90477e-41	1.90477e-41	
1.73381e-06	8.95696e-07	4.41922e-07	2.07989e-07	9.32815e-08	3.98317e-08	1.61822e-08	6.25156e-09	2.29578e-09	8.01271e-10	2.65779e-10	8.37911e-11	2.51139e-11	7.15836e-12	1.94128e-12	5.01138e-13	1.23218e-13	2.8874e-14	6.45282e-15	1.37627e-15	2.80336e-16	5.45753e-17	1.01619e-17	1.81106e-18	3.0917e-19	5.05919e-20	7.94147e-21	1.19664e-21	1.73212e-22	2.41012e-23	3.22581e-24	4.15586e-25	5.15685e-26	6.16709e-27	7.11234e-28	7.91473e-29	8.50358e-30	8.82575e-31	8.85364e-32	8.58897e-33	8.06179e-34	7.32503e-35	6.44591e-36	5.49618e-37	4.54293e-38	3.64168e-39	2.83235e-40	2.13898e-41	1.67905e-42	1.67905e-42	
3.96264e-07	1.99444e-07	9.58247e-08	4.39025e-08	1.91628e-08	7.96261e-09	3.14789e-09	1.18349e-09	4.23031e-10	1.43745e-10	4.64344e-11	1.4262e-11	4.16609e-12	1.15784e-12	3.06296e-13	7.7167e-14	1.85257e-14	4.24077e-15	9.26257e-16	1.93168e-16	3.84914e-17	7.33384e-18	1.33707e-18	2.33426e-19	3.90509e-20	6.26485e-21	9.6449e-22	1.42592e-22	2.02583e-23	2.76765e-24	3.63838e-25	4.60543e-26	5.61658e-27	6.60356e-28	7.48942e-29	8.19848e-30	8.66719e-31	8.85364e-32	8.74369e-33	8.35262e-34	7.72189e-35	6.9121e-36	5.9936e-37	5.03684e-38	4.10407e-39	3.24375e-40	2.48794e-41	1.85319e-42	1.43384e-43	1.43384e-43	
8.55966e-08	4.20101e-08	1.96733e-08	8.78234e-09	3.73428e-09	1.5114e-09	5.8199e-10	2.1314e-10	7.42241e-11	2.45774e-11	7.73882e-12	2.31766e-12	6.60385e-13	1.79097e-13	4.62522e-14	1.13805e-14	2.66956e-15	5.9736e-16	1.27598e-16	2.60352e-17	5.078e-18	9.47437e-19	1.69218e-19	2.89528e-20	4.74891e-21	7.47246e-22	1.12876e-22	1.63799e-23	2.28496e-24	3.06616e-25	3.9604e-26	4.92705e-27	5.90751e-28	6.83051e-29	7.62057e-30	8.20831e-31	8.54071e-32	8.58897e-33	8.35262e-34	7.85887e-35	7.15762e-36	6.3133e-37	5.39544e-38	4.46968e-39	3.59085e-40	2.79883e-41	2.11736e-42	1.55585e-43	1.18674e-44	1.18674e-44	
1.75102e-08	8.38692e-09	3.83139e-09	1.66796e-09	6.91493e-10	2.72848e-10	1.02426e-10	3.65716e-11	1.24185e-11	4.01051e-12	1.23194e-12	3.60039e-13	1.00145e-13	2.65226e-14	6.6915e-15	1.60914e-15	3.69053e-16	8.07766e-17	1.6884e-17	3.3725e-18	6.44205e-19	1.1776e-19	2.06147e-20	3.4584e-21	5.56409e-22	8.59091e-23	1.27382e-23	1.81506e-24	2.48702e-25	3.2791e-26	4.16287e-27	5.0917e-28	6.00383e-29	6.82883e-30	7.49662e-31	7.94748e-32	8.14094e-33	8.06179e-34	7.72189e-35	7.15762e-36	6.42359e-37	5.58415e-38	4.70442e-39	3.84255e-40	3.04428e-41	2.34038e-42	1.74664e-43	1.26632e-44	9.52385e-46	9.52385e-46	
3.39854e-09	1.58981e-09	7.09036e-10	3.01259e-10	1.21871e-10	4.69188e-11	1.71848e-11	5.98705e-12	1.98397e-12	6.25375e-13	1.87549e-13	5.35284e-14	1.45449e-14	3.76438e-15	9.28444e-16	2.18346e-16	4.89921e-17	1.04949e-17	2.14779e-18	4.20209e-19	7.865e-20	1.40928e-20	2.41917e-21	3.98117e-22	6.28535e-23	9.52629e-24	1.38703e-24	1.94136e-25	2.61377e-26	3.38724e-27	4.22782e-28	5.08561e-29	5.89907e-30	6.60223e-31	7.13364e-32	7.44532e-33	7.51001e-34	7.32503e-35	6.9121e-36	6.3133e-37	5.58415e-38	4.78536e-39	3.9749e-40	3.20171e-41	2.5019e-42	1.89744e-43	1.39719e-44	9.99617e-46	7.41411e-47	7.41411e-47	
6.26914e-10	2.8662e-10	1.24885e-10	5.18257e-11	2.04733e-11	7.6962e-12	2.75239e-12	9.36359e-13	3.03026e-13	9.33002e-14	2.73371e-14	7.62483e-15	2.02533e-15	5.12576e-16	1.23665e-16	2.84588e-17	6.25078e-18	1.31124e-18	2.62877e-19	5.04011e-20	9.24795e-21	1.62507e-21	2.73665e-22	4.41969e-23	6.84992e-24	1.01952e-24	1.45818e-25	2.00548e-26	2.65398e-27	3.38158e-28	4.15102e-29	4.91206e-30	5.60661e-31	6.17609e-32	6.56972e-33	6.75202e-34	6.70819e-35	6.44591e-36	5.9936e-37	5.39544e-38	4.70442e-39	3.9749e-40	3.25597e-41	2.58677e-42	1.99408e-43	1.49214e-44	1.08427e-45	7.6563e-47	5.60112e-48	5.60112e-48	
1.10085e-10	4.92215e-11	2.09668e-11	8.50408e-12	3.28288e-12	1.20585e-12	4.21375e-13	1.40077e-13	4.4302e-14	1.33326e-14	3.81917e-15	1.04169e-15	2.70656e-16	6.70228e-17	1.58268e-17	3.56605e-18	7.67148e-19	1.5767e-19	3.09808e-20	5.82373e-21	1.04804e-21	1.80684e-22	2.98627e-23	4.73481e-24	7.2067e-25	1.05371e-25	1.48096e-26	2.00208e-27	2.60505e-28	3.26448e-29	3.94222e-30	4.59043e-31	5.15707e-32	5.59287e-33	5.85851e-34	5.93051e-35	5.80466e-36	5.49618e-37	5.03684e-38	4.46968e-39	3.84255e-40	3.20171e-41	2.58677e-42	2.02736e-43	1.542e-44	1.13866e-45	8.16634e-47	5.69217e-48	4.10803e-49	4.10803e-49	
1.84288e-11	8.06333e-12	3.35999e-12	1.33282e-12	5.03115e-13	1.80691e-13	6.17363e-14	2.00674e-14	6.20647e-15	1.82686e-15	5.1193e-16	1.36627e-16	3.47443e-17	8.42324e-18	1.94792e-18	4.29955e-19	9.06377e-20	1.82606e-20	3.51831e-21	6.48726e-22	1.1455e-22	1.93836e-23	3.14541e-24	4.89799e-25	7.32401e-26	1.05235e-26	1.45388e-27	1.93259e-28	2.47322e-29	3.04904e-30	3.62329e-31	4.15275e-32	4.59314e-33	4.90531e-34	5.06106e-35	5.04735e-36	4.86806e-37	4.54293e-38	4.10407e-39	3.59085e-40	3.04428e-41	2.5019e-42	1.99408e-43	1.542e-44	1.15738e-45	8.43513e-47	5.97173e-48	4.10944e-49	2.92623e-50	2.92623e-50	
2.94521e-12	1.26174e-12	5.14626e-13	1.99767e-13	7.37823e-14	2.59251e-14	8.66599e-15	2.75603e-15	8.34063e-16	2.40262e-16	6.59019e-17	1.72197e-17	4.28826e-18	1.01836e-18	2.30749e-19	4.9919e-20	1.03171e-20	2.03845e-21	3.85291e-22	6.97139e-23	1.20834e-23	2.00769e-24	3.19989e-25	4.89553e-26	7.19413e-27	1.01615e-27	1.38043e-28	1.8048e-29	2.2723e-30	2.75671e-31	3.22448e-32	3.63852e-33	3.96306e-34	4.16884e-35	4.23752e-36	4.16434e-37	3.95856e-38	3.64168e-39	3.24375e-40	2.79883e-41	2.34038e-42	1.89744e-43	1.49214e-44	1.13866e-45	8.43513e-47	6.06848e-48	4.24155e-49	2.88205e-50	2.02517e-51	2.02517e-51	
4.49947e-13	1.88834e-13	7.54289e-14	2.86688e-14	1.03662e-14	3.5656e-15	1.16674e-15	3.63249e-16	1.07628e-16	3.03583e-17	8.15521e-18	2.08736e-18	5.09315e-19	1.18536e-19	2.63298e-20	5.58535e-21	1.13225e-21	2.19489e-22	4.07151e-23	7.23212e-24	1.23095e-24	2.00899e-25	3.14607e-26	4.73047e-27	6.83399e-28	9.49202e-29	1.26834e-29	1.63147e-30	2.0214e-31	2.41389e-32	2.77989e-33	3.0891e-34	3.31415e-35	3.43466e-36	3.4403e-37	3.33222e-38	3.12258e-39	2.83235e-40	2.48794e-41	2.11736e-42	1.74664e-43	1.39719e-44	1.08427e-45	8.16634e-47	5.97173e-48	4.24155e-49	2.9273e-50	1.96425e-51	1.36225e-52	1.36225e-52	
6.59411e-14	2.71207e-14	1.06137e-14	3.95145e-15	1.39935e-15	4.71388e-16	1.51062e-16	4.60618e-17	1.33678e-17	3.6938e-18	9.72219e-19	2.43863e-19	5.8325e-20	1.33088e-20	2.89915e-21	6.03284e-22	1.2e-22	2.28316e-23	4.15801e-24	7.2531e-25	1.21268e-25	1.94469e-26	2.99313e-27	4.42449e-28	6.28559e-29	8.58728e-30	1.12893e-30	1.42905e-31	1.74286e-32	2.04912e-33	2.3239e-34	2.54364e-35	2.68857e-36	2.74566e-37	2.71057e-38	2.58811e-39	2.39127e-40	2.13898e-41	1.85319e-42	1.55585e-43	1.26632e-44	9.99617e-46	7.6563e-47	5.69217e-48	4.10944e-49	2.88205e-50	1.96425e-51	1.30177e-52	8.91153e-54	8.91153e-54	
1.04531e-14	4.20686e-15	1.61056e-15	5.86464e-16	2.03113e-16	6.69112e-17	2.09698e-17	6.25366e-18	1.77527e-18	4.79907e-19	1.23599e-19	3.03436e-20	7.10484e-21	1.58758e-21	3.38754e-22	6.90689e-23	1.34653e-23	2.51179e-24	4.48614e-25	7.67686e-26	1.25954e-26	1.98266e-27	2.99631e-28	4.35021e-29	6.07162e-30	8.15163e-31	1.05342e-31	1.31113e-32	1.57266e-33	1.81897e-34	2.02984e-35	2.1867e-36	2.27533e-37	2.288e-38	2.22458e-39	2.09238e-40	1.90477e-41	1.67905e-42	1.43384e-43	1.18674e-44	9.52385e-46	7.41411e-47	5.60112e-48	4.10803e-49	2.92623e-50	2.02517e-51	1.36225e-52	8.91153e-54	6.01829e-55	6.01829e-55	
1.04531e-14	4.20686e-15	1.61056e-15	5.86464e-16	2.03113e-16	6.69112e-17	2.09698e-17	6.25366e-18	1.77527e-18	4.79907e-19	1.23599e-19	3.03436e-20	7.10484e-21	1.58758e-21	3.38754e-22	6.90689e-23	1.34653e-23	2.51179e-24	4.48614e-25	7.67686e-26	1.25954e-26	1.98266e-27	2.99631e-28	4.35021e-29	6.07162e-30	8.15163e-31	1.05342e-31	1.31113e-32	1.57266e-33	1.81897e-34	2.02984e-35	2.1867e-36	2.27533e-37	2.288e-38	2.22458e-39	2.09238e-40	1.90477e-41	1.67905e-42	1.43384e-43	1.18674e-44	9.52385e-46	7.41411e-47	5.60112e-48	4.10803e-49	2.92623e-50	2.02517e-51	1.36225e-52	8.91153e-54	6.01829e-55	6.01829e-55	
