2.51595	2.51595	2.51807	2.52232	2.52956	2.53544	2.52234	2.46396	2.34075	2.14893	1.89762	1.60269	1.2817	0.950386	0.621241	0.303361	0.00379647	-0.270941	-0.516191	-0.730106	-0.9124	-1.0641	-1.18768	-1.28614	-1.36271	-1.42081	-1.46343	-1.49325	-1.51238	-1.5223	-1.52387	-1.51722	-1.50185	-1.4765	-1.43937	-1.38794	-1.3193	-1.23015	-1.11703	-0.976832	-0.806838	-0.605394	-0.372462	-0.109166	0.180999	0.492219	0.817784	1.14949	1.47614	1.78303	
2.51595	2.51595	2.51807	2.52232	2.52956	2.53544	2.52234	2.46396	2.34075	2.14893	1.89762	1.60269	1.2817	0.950386	0.621241	0.303361	0.00379647	-0.270941	-0.516191	-0.730106	-0.9124	-1.0641	-1.18768	-1.28614	-1.36271	-1.42081	-1.46343	-1.49325	-1.51238	-1.5223	-1.52387	-1.51722	-1.50185	-1.4765	-1.43937	-1.38794	-1.3193	-1.23015	-1.11703	-0.976832	-0.806838	-0.605394	-0.372462	-0.109166	0.180999	0.492219	0.817784	1.14949	1.47614	1.78303	
2.51807	2.51807	2.50575	2.49435	2.48986	2.47713	2.43116	2.33748	2.19544	2.00826	1.77926	1.51435	1.22264	0.916097	0.607975	0.310625	0.0345091	-0.213941	-0.43263	-0.620987	-0.779569	-0.910686	-1.01712	-1.1017	-1.16767	-1.21788	-1.25491	-1.28105	-1.29792	-1.30676	-1.30823	-1.30238	-1.28886	-1.26658	-1.23414	-1.18949	-1.13017	-1.05346	-0.956267	-0.835395	-0.688179	-0.511904	-0.305243	-0.068473	0.19717	0.487044	0.792224	1.10095	1.39995	1.6762	
2.52232	2.52232	2.49435	2.45331	2.404	2.33402	2.23389	2.10616	1.95271	1.77039	1.55964	1.32589	1.0769	0.822356	0.57168	0.333742	0.115621	-0.0801266	-0.252349	-0.399657	-0.523095	-0.62507	-0.707486	-0.772963	-0.824288	-0.863456	-0.892703	-0.913545	-0.927134	-0.934409	-0.935622	-0.931008	-0.920064	-0.902332	-0.876497	-0.841427	-0.79508	-0.735434	-0.660227	-0.566541	-0.452069	-0.314771	-0.152431	0.0341841	0.243769	0.474492	0.720964	0.974955	1.22692	1.4664	
2.52956	2.52956	2.48986	2.404	2.27102	2.10981	1.94868	1.79477	1.63258	1.4529	1.26082	1.06414	0.870862	0.687055	0.515546	0.359217	0.218565	0.0933406	-0.0144739	-0.105148	-0.181381	-0.244486	-0.295806	-0.337857	-0.371732	-0.398626	-0.41973	-0.435212	-0.445775	-0.451517	-0.452416	-0.448849	-0.440188	-0.426894	-0.408013	-0.383469	-0.352368	-0.313547	-0.265881	-0.20801	-0.13723	-0.0528458	0.0477578	0.166232	0.300885	0.451126	0.616626	0.795399	0.984329	1.17729	
2.53544	2.53544	2.47713	2.33402	2.10981	1.85726	1.62455	1.41782	1.23018	1.0631	0.91273	0.774182	0.649398	0.539229	0.445914	0.370992	0.311818	0.267646	0.235908	0.210964	0.18977	0.171628	0.154197	0.136746	0.120211	0.104193	0.0901076	0.0785527	0.0700155	0.0654159	0.0645542	0.0679033	0.074839	0.0854091	0.0983418	0.113734	0.130072	0.14711	0.165045	0.182925	0.202518	0.22578	0.253772	0.292436	0.345306	0.413781	0.499554	0.602305	0.719022	0.845888	
2.52234	2.52234	2.43116	2.23389	1.94868	1.62455	1.30123	1.01261	0.792447	0.641066	0.533844	0.45906	0.41013	0.381962	0.375894	0.387092	0.410949	0.442992	0.475239	0.503158	0.525661	0.54089	0.547171	0.547159	0.541821	0.53308	0.52376	0.514495	0.507549	0.503537	0.502602	0.505978	0.511487	0.520569	0.529682	0.539017	0.54578	0.547915	0.543934	0.533326	0.513378	0.487787	0.456558	0.423314	0.395274	0.378224	0.376558	0.39408	0.429837	0.481788	
2.46396	2.46396	2.33748	2.10616	1.79477	1.41782	1.01261	0.656188	0.398215	0.230629	0.143318	0.126677	0.156319	0.220286	0.306481	0.401037	0.49806	0.587745	0.665623	0.729429	0.777876	0.809256	0.826836	0.83412	0.833008	0.827893	0.820164	0.812336	0.806279	0.802253	0.801752	0.804171	0.809636	0.816775	0.825147	0.831426	0.834619	0.831439	0.817188	0.791793	0.75084	0.693197	0.621147	0.53514	0.440083	0.342918	0.251446	0.173962	0.120958	0.0965082	
2.34075	2.34075	2.19544	1.95271	1.63258	1.23018	0.792447	0.398215	0.0870057	-0.114903	-0.18965	-0.168229	-0.0811277	0.0539927	0.208334	0.369308	0.522112	0.656197	0.767698	0.851839	0.910808	0.947203	0.968486	0.977121	0.978458	0.974989	0.968894	0.963535	0.958287	0.955475	0.955309	0.956345	0.961596	0.965694	0.972808	0.97685	0.978139	0.973184	0.958312	0.926709	0.878034	0.80397	0.704439	0.578325	0.431984	0.271557	0.110981	-0.0397066	-0.163221	-0.24552	
2.14893	2.14893	2.00826	1.77039	1.4529	1.0631	0.641066	0.230629	-0.114903	-0.328664	-0.407446	-0.38327	-0.267839	-0.0995479	0.0922277	0.289185	0.465361	0.616636	0.73243	0.818492	0.878426	0.919588	0.946526	0.96393	0.974053	0.979655	0.983245	0.984919	0.985353	0.986261	0.985897	0.985922	0.985362	0.984167	0.981214	0.976794	0.968443	0.953274	0.932703	0.897227	0.845073	0.769492	0.666919	0.530015	0.362116	0.170565	-0.0307266	-0.219802	-0.38444	-0.496252	
1.89762	1.89762	1.77926	1.55964	1.26082	0.91273	0.533844	0.143318	-0.18965	-0.407446	-0.508152	-0.483699	-0.362602	-0.197066	-0.00595452	0.17273	0.32894	0.456689	0.554409	0.63456	0.695145	0.746808	0.788014	0.823412	0.850564	0.875245	0.893639	0.906519	0.917215	0.921091	0.922349	0.919526	0.910559	0.900641	0.882192	0.861997	0.835214	0.802909	0.762872	0.718009	0.660518	0.588938	0.497403	0.384388	0.237206	0.0657287	-0.131126	-0.325429	-0.502795	-0.642261	
1.60269	1.60269	1.51435	1.32589	1.06414	0.774182	0.45906	0.126677	-0.168229	-0.38327	-0.483699	-0.461599	-0.369138	-0.231665	-0.0841556	0.0419049	0.153125	0.236716	0.313355	0.378528	0.442662	0.503028	0.560351	0.609471	0.656238	0.693479	0.723413	0.746027	0.762395	0.769225	0.771985	0.765726	0.753119	0.733637	0.706232	0.67166	0.628921	0.58232	0.525262	0.467419	0.404082	0.341136	0.267039	0.188234	0.0875306	-0.0367765	-0.185863	-0.357583	-0.519144	-0.669446	
1.2817	1.2817	1.22264	1.0769	0.870862	0.649398	0.41013	0.156319	-0.0811277	-0.267839	-0.362602	-0.369138	-0.313054	-0.21959	-0.138762	-0.0695971	-0.0174426	0.029295	0.0846805	0.142751	0.211277	0.273126	0.335147	0.388165	0.438274	0.474266	0.506906	0.531159	0.54489	0.556128	0.555598	0.550608	0.538329	0.515957	0.490223	0.452432	0.408961	0.357091	0.2994	0.235482	0.170299	0.106738	0.0510315	-0.00180472	-0.0491345	-0.119213	-0.208049	-0.335301	-0.479784	-0.619942	
0.950386	0.950386	0.916097	0.822356	0.687055	0.539229	0.381962	0.220286	0.0539927	-0.0995479	-0.197066	-0.231665	-0.21959	-0.195568	-0.179813	-0.164929	-0.149901	-0.111345	-0.062795	-0.00263313	0.0507078	0.103358	0.14911	0.19195	0.22364	0.254833	0.277175	0.296253	0.30664	0.315707	0.314794	0.311042	0.301452	0.284433	0.264588	0.236956	0.205697	0.165732	0.123797	0.0708963	0.0201933	-0.0397375	-0.0925095	-0.139636	-0.165481	-0.187402	-0.224426	-0.291398	-0.403291	-0.536683	
0.621241	0.621241	0.607975	0.57168	0.515546	0.445914	0.375894	0.306481	0.208334	0.0922277	-0.00595452	-0.0841556	-0.138762	-0.179813	-0.211508	-0.222935	-0.206292	-0.166694	-0.12386	-0.085133	-0.05471	-0.0224468	0.00145332	0.0258148	0.0456232	0.0663597	0.0807522	0.0936488	0.10384	0.10721	0.10977	0.105595	0.0979024	0.0879454	0.0710658	0.0551551	0.0337302	0.0115436	-0.0120807	-0.0411362	-0.0733847	-0.106923	-0.14982	-0.194051	-0.228403	-0.239252	-0.245235	-0.26858	-0.333266	-0.438436	
0.303361	0.303361	0.310625	0.333742	0.359217	0.370992	0.387092	0.401037	0.369308	0.289185	0.17273	0.0419049	-0.0695971	-0.164929	-0.222935	-0.232485	-0.209277	-0.174262	-0.152512	-0.13787	-0.124389	-0.109904	-0.0965694	-0.0809792	-0.0654834	-0.0522185	-0.0388849	-0.0293166	-0.0215277	-0.0181799	-0.017021	-0.0198867	-0.0262041	-0.0342214	-0.0469896	-0.059204	-0.0752293	-0.0907227	-0.105097	-0.117743	-0.133859	-0.146747	-0.165016	-0.198355	-0.237912	-0.261713	-0.263671	-0.258927	-0.288674	-0.361359	
0.00379647	0.00379647	0.0345091	0.115621	0.218565	0.311818	0.410949	0.49806	0.522112	0.465361	0.32894	0.153125	-0.0174426	-0.149901	-0.206292	-0.209277	-0.184899	-0.173905	-0.177663	-0.175002	-0.164774	-0.150008	-0.139658	-0.124467	-0.112824	-0.101901	-0.0931722	-0.0872191	-0.0819658	-0.0807746	-0.0791381	-0.0818076	-0.0853908	-0.0901934	-0.0995722	-0.108279	-0.118572	-0.134015	-0.146396	-0.157831	-0.172154	-0.178857	-0.177	-0.182986	-0.216735	-0.253125	-0.273909	-0.267226	-0.264602	-0.304251	
-0.270941	-0.270941	-0.213941	-0.0801266	0.0933406	0.267646	0.442992	0.587745	0.656197	0.616636	0.456689	0.236716	0.029295	-0.111345	-0.166694	-0.174262	-0.173905	-0.192849	-0.195459	-0.181236	-0.159518	-0.154736	-0.144038	-0.135184	-0.128559	-0.128311	-0.120087	-0.122213	-0.117062	-0.117536	-0.117832	-0.115584	-0.1211	-0.119206	-0.124072	-0.129607	-0.131797	-0.13922	-0.152165	-0.155601	-0.171554	-0.192407	-0.199758	-0.18833	-0.194067	-0.226573	-0.260249	-0.270696	-0.263971	-0.27406	
-0.516191	-0.516191	-0.43263	-0.252349	-0.0144739	0.235908	0.475239	0.665623	0.767698	0.73243	0.554409	0.313355	0.0846805	-0.062795	-0.12386	-0.152512	-0.177663	-0.195459	-0.179163	-0.158621	-0.154472	-0.158798	-0.147272	-0.147075	-0.148039	-0.143502	-0.140674	-0.141063	-0.138198	-0.13704	-0.1396	-0.136911	-0.140314	-0.142468	-0.140939	-0.146795	-0.148203	-0.145662	-0.155741	-0.157792	-0.154703	-0.171065	-0.1966	-0.198697	-0.191837	-0.204968	-0.24217	-0.266023	-0.262335	-0.26143	
-0.730106	-0.730106	-0.620987	-0.399657	-0.105148	0.210964	0.503158	0.729429	0.851839	0.818492	0.63456	0.378528	0.142751	-0.00263313	-0.085133	-0.13787	-0.175002	-0.181236	-0.158621	-0.156325	-0.164648	-0.162261	-0.150192	-0.15462	-0.149141	-0.140365	-0.143415	-0.137208	-0.136521	-0.136112	-0.134675	-0.137038	-0.135516	-0.141647	-0.14159	-0.144508	-0.154979	-0.149036	-0.157352	-0.165217	-0.161187	-0.154983	-0.17894	-0.195563	-0.192806	-0.19342	-0.217761	-0.255593	-0.264646	-0.258808	
-0.9124	-0.9124	-0.779569	-0.523095	-0.181381	0.18977	0.525661	0.777876	0.910808	0.878426	0.695145	0.442662	0.211277	0.0507078	-0.05471	-0.124389	-0.164774	-0.159518	-0.154472	-0.164648	-0.169714	-0.148808	-0.144578	-0.145631	-0.137211	-0.131464	-0.139514	-0.126661	-0.134216	-0.13145	-0.127476	-0.136742	-0.125707	-0.136788	-0.133802	-0.132963	-0.143887	-0.146204	-0.144442	-0.162355	-0.170323	-0.159874	-0.162131	-0.18529	-0.190178	-0.190557	-0.203286	-0.238971	-0.258072	-0.258492	
-1.0641	-1.0641	-0.910686	-0.62507	-0.244486	0.171628	0.54089	0.809256	0.947203	0.919588	0.746808	0.503028	0.273126	0.103358	-0.0224468	-0.109904	-0.150008	-0.154736	-0.158798	-0.162261	-0.148808	-0.133544	-0.14531	-0.140632	-0.133974	-0.13949	-0.13751	-0.133166	-0.137664	-0.135198	-0.132998	-0.138553	-0.133926	-0.136195	-0.139275	-0.137381	-0.134267	-0.147373	-0.136127	-0.142115	-0.158039	-0.165876	-0.16277	-0.178721	-0.185308	-0.186043	-0.190466	-0.224499	-0.253979	-0.256885	
-1.18768	-1.18768	-1.01712	-0.707486	-0.295806	0.154197	0.547171	0.826836	0.968486	0.946526	0.788014	0.560351	0.335147	0.14911	0.00145332	-0.0965694	-0.139658	-0.144038	-0.147272	-0.150192	-0.144578	-0.14531	-0.148518	-0.139353	-0.136321	-0.140062	-0.129902	-0.133293	-0.130763	-0.128225	-0.131675	-0.127522	-0.133479	-0.130664	-0.134499	-0.140222	-0.135726	-0.146739	-0.145705	-0.146102	-0.147729	-0.154288	-0.153646	-0.172455	-0.184234	-0.185001	-0.185448	-0.209122	-0.243397	-0.255951	
-1.28614	-1.28614	-1.1017	-0.772963	-0.337857	0.136746	0.547159	0.83412	0.977121	0.96393	0.823412	0.609471	0.388165	0.19195	0.0258148	-0.0809792	-0.124467	-0.135184	-0.147075	-0.15462	-0.145631	-0.140632	-0.139353	-0.132354	-0.129969	-0.130495	-0.124089	-0.127788	-0.124436	-0.124343	-0.126366	-0.122948	-0.127848	-0.124633	-0.128327	-0.130452	-0.130118	-0.137738	-0.139744	-0.143707	-0.152911	-0.156952	-0.151269	-0.162958	-0.179508	-0.183741	-0.179193	-0.198514	-0.235604	-0.253456	
-1.36271	-1.36271	-1.16767	-0.824288	-0.371732	0.120211	0.541821	0.833008	0.978458	0.974053	0.850564	0.656238	0.438274	0.22364	0.0456232	-0.0654834	-0.112824	-0.128559	-0.148039	-0.149141	-0.137211	-0.133974	-0.136321	-0.129969	-0.12918	-0.131191	-0.126688	-0.128651	-0.12717	-0.126371	-0.127891	-0.125865	-0.128834	-0.127151	-0.128868	-0.131338	-0.127667	-0.135382	-0.134543	-0.136142	-0.144844	-0.157734	-0.149834	-0.157797	-0.174171	-0.183025	-0.180093	-0.188925	-0.224035	-0.249028	
-1.42081	-1.42081	-1.21788	-0.863456	-0.398626	0.104193	0.53308	0.827893	0.974989	0.979655	0.875245	0.693479	0.474266	0.254833	0.0663597	-0.0522185	-0.101901	-0.128311	-0.143502	-0.140365	-0.131464	-0.13949	-0.140062	-0.130495	-0.131191	-0.132619	-0.121852	-0.128671	-0.122857	-0.122034	-0.126615	-0.119016	-0.129264	-0.122785	-0.128047	-0.133728	-0.128891	-0.136356	-0.14116	-0.135029	-0.136787	-0.150731	-0.152241	-0.154508	-0.171316	-0.180042	-0.177239	-0.183978	-0.217668	-0.244649	
-1.46343	-1.46343	-1.25491	-0.892703	-0.41973	0.0901076	0.52376	0.820164	0.968894	0.983245	0.893639	0.723413	0.506906	0.277175	0.0807522	-0.0388849	-0.0931722	-0.120087	-0.140674	-0.143415	-0.139514	-0.13751	-0.129902	-0.124089	-0.126688	-0.121852	-0.120697	-0.122599	-0.11994	-0.119621	-0.122626	-0.118123	-0.122562	-0.121263	-0.121085	-0.123984	-0.126437	-0.126249	-0.135577	-0.139312	-0.144231	-0.150274	-0.147645	-0.149678	-0.166726	-0.17962	-0.177484	-0.179757	-0.210381	-0.240035	
-1.49325	-1.49325	-1.28105	-0.913545	-0.435212	0.0785527	0.514495	0.812336	0.963535	0.984919	0.906519	0.746027	0.531159	0.296253	0.0936488	-0.0293166	-0.0872191	-0.122213	-0.141063	-0.137208	-0.126661	-0.133166	-0.133293	-0.127788	-0.128651	-0.128671	-0.122599	-0.126866	-0.122062	-0.123045	-0.124306	-0.120791	-0.12678	-0.122818	-0.12694	-0.129561	-0.127179	-0.130359	-0.134998	-0.129278	-0.133443	-0.149528	-0.151271	-0.150316	-0.164337	-0.178028	-0.177417	-0.175473	-0.205559	-0.237601	
-1.51238	-1.51238	-1.29792	-0.927134	-0.445775	0.0700155	0.507549	0.806279	0.958287	0.985353	0.917215	0.762395	0.54489	0.30664	0.10384	-0.0215277	-0.0819658	-0.117062	-0.138198	-0.136521	-0.134216	-0.137664	-0.130763	-0.124436	-0.12717	-0.122857	-0.11994	-0.122062	-0.118928	-0.118205	-0.121407	-0.116781	-0.12172	-0.120696	-0.120742	-0.12523	-0.126785	-0.126951	-0.136317	-0.136808	-0.137376	-0.146621	-0.148816	-0.14653	-0.162384	-0.175502	-0.177263	-0.176776	-0.202108	-0.23323	
-1.5223	-1.5223	-1.30676	-0.934409	-0.451517	0.0654159	0.503537	0.802253	0.955475	0.986261	0.921091	0.769225	0.556128	0.315707	0.10721	-0.0181799	-0.0807746	-0.117536	-0.13704	-0.136112	-0.13145	-0.135198	-0.128225	-0.124343	-0.126371	-0.122034	-0.119621	-0.123045	-0.118205	-0.120045	-0.121073	-0.117581	-0.122636	-0.119886	-0.122142	-0.124059	-0.126051	-0.124251	-0.134492	-0.133356	-0.136209	-0.145826	-0.148987	-0.147926	-0.161668	-0.176942	-0.176781	-0.173124	-0.200433	-0.233559	
-1.52387	-1.52387	-1.30823	-0.935622	-0.452416	0.0645542	0.502602	0.801752	0.955309	0.985897	0.922349	0.771985	0.555598	0.314794	0.10977	-0.017021	-0.0791381	-0.117832	-0.1396	-0.134675	-0.127476	-0.132998	-0.131675	-0.126366	-0.127891	-0.126615	-0.122626	-0.124306	-0.121407	-0.121073	-0.122628	-0.120059	-0.123983	-0.122697	-0.12458	-0.127672	-0.1272	-0.129399	-0.133754	-0.130457	-0.132827	-0.147977	-0.150654	-0.146881	-0.161039	-0.174649	-0.177479	-0.174776	-0.199901	-0.232168	
-1.51722	-1.51722	-1.30238	-0.931008	-0.448849	0.0679033	0.505978	0.804171	0.956345	0.985922	0.919526	0.765726	0.550608	0.311042	0.105595	-0.0198867	-0.0818076	-0.115584	-0.136911	-0.137038	-0.136742	-0.138553	-0.127522	-0.122948	-0.125865	-0.119016	-0.118123	-0.120791	-0.116781	-0.117581	-0.120059	-0.115353	-0.12039	-0.118852	-0.118881	-0.122329	-0.125667	-0.12284	-0.135835	-0.138498	-0.139407	-0.145151	-0.147689	-0.146503	-0.162383	-0.176424	-0.17671	-0.175681	-0.201159	-0.233153	
-1.50185	-1.50185	-1.28886	-0.920064	-0.440188	0.074839	0.511487	0.809636	0.961596	0.985362	0.910559	0.753119	0.538329	0.301452	0.0979024	-0.0262041	-0.0853908	-0.1211	-0.140314	-0.135516	-0.125707	-0.133926	-0.133479	-0.127848	-0.128834	-0.129264	-0.122562	-0.12678	-0.12172	-0.122636	-0.123983	-0.12039	-0.126657	-0.122643	-0.12683	-0.129846	-0.127616	-0.131272	-0.135393	-0.129482	-0.132053	-0.148701	-0.151119	-0.149824	-0.163833	-0.176979	-0.177797	-0.174549	-0.203454	-0.236656	
-1.4765	-1.4765	-1.26658	-0.902332	-0.426894	0.0854091	0.520569	0.816775	0.965694	0.984167	0.900641	0.733637	0.515957	0.284433	0.0879454	-0.0342214	-0.0901934	-0.119206	-0.142468	-0.141647	-0.136788	-0.136195	-0.130664	-0.124633	-0.127151	-0.122785	-0.121263	-0.122818	-0.120696	-0.119886	-0.122697	-0.118852	-0.122643	-0.121858	-0.12203	-0.124855	-0.126235	-0.127153	-0.134703	-0.137111	-0.141658	-0.150557	-0.149245	-0.148184	-0.165412	-0.177749	-0.176808	-0.180276	-0.208762	-0.237793	
-1.43937	-1.43937	-1.23414	-0.876497	-0.408013	0.0983418	0.529682	0.825147	0.972808	0.981214	0.882192	0.706232	0.490223	0.264588	0.0710658	-0.0469896	-0.0995722	-0.124072	-0.140939	-0.14159	-0.133802	-0.139275	-0.134499	-0.128327	-0.128868	-0.128047	-0.121085	-0.12694	-0.120742	-0.122142	-0.12458	-0.118881	-0.12683	-0.12203	-0.124964	-0.129993	-0.127872	-0.131422	-0.138604	-0.136999	-0.139152	-0.15005	-0.148949	-0.15346	-0.170271	-0.180739	-0.178548	-0.180346	-0.213097	-0.243854	
-1.38794	-1.38794	-1.18949	-0.841427	-0.383469	0.113734	0.539017	0.831426	0.97685	0.976794	0.861997	0.67166	0.452432	0.236956	0.0551551	-0.059204	-0.108279	-0.129607	-0.146795	-0.144508	-0.132963	-0.137381	-0.140222	-0.130452	-0.131338	-0.133728	-0.123984	-0.129561	-0.12523	-0.124059	-0.127672	-0.122329	-0.129846	-0.124855	-0.129993	-0.133219	-0.128582	-0.137857	-0.13915	-0.134753	-0.139786	-0.15468	-0.152213	-0.156661	-0.17232	-0.180741	-0.178292	-0.187328	-0.222142	-0.247124	
-1.3193	-1.3193	-1.13017	-0.79508	-0.352368	0.130072	0.54578	0.834619	0.978139	0.968443	0.835214	0.628921	0.408961	0.205697	0.0337302	-0.0752293	-0.118572	-0.131797	-0.148203	-0.154979	-0.143887	-0.134267	-0.135726	-0.130118	-0.127667	-0.128891	-0.126437	-0.127179	-0.126785	-0.126051	-0.1272	-0.125667	-0.127616	-0.126235	-0.127872	-0.128582	-0.12862	-0.134174	-0.133872	-0.140006	-0.152653	-0.158722	-0.150296	-0.160038	-0.176644	-0.184786	-0.179053	-0.194085	-0.23145	-0.251396	
-1.23015	-1.23015	-1.05346	-0.735434	-0.313547	0.14711	0.547915	0.831439	0.973184	0.953274	0.802909	0.58232	0.357091	0.165732	0.0115436	-0.0907227	-0.134015	-0.13922	-0.145662	-0.149036	-0.146204	-0.147373	-0.146739	-0.137738	-0.135382	-0.136356	-0.126249	-0.130359	-0.126951	-0.124251	-0.129399	-0.12284	-0.131272	-0.127153	-0.131422	-0.137857	-0.134174	-0.144511	-0.147472	-0.147818	-0.148183	-0.152615	-0.15222	-0.167544	-0.183771	-0.184192	-0.18311	-0.205816	-0.238574	-0.254468	
-1.11703	-1.11703	-0.956267	-0.660227	-0.265881	0.165045	0.543934	0.817188	0.958312	0.932703	0.762872	0.525262	0.2994	0.123797	-0.0120807	-0.105097	-0.146396	-0.152165	-0.155741	-0.157352	-0.144442	-0.136127	-0.145705	-0.139744	-0.134543	-0.14116	-0.135577	-0.134998	-0.136317	-0.134492	-0.133754	-0.135835	-0.135393	-0.134703	-0.138604	-0.13915	-0.133872	-0.147472	-0.137716	-0.140691	-0.152493	-0.163043	-0.159998	-0.177676	-0.185017	-0.185464	-0.187036	-0.216081	-0.250947	-0.258375	
-0.976832	-0.976832	-0.835395	-0.566541	-0.20801	0.182925	0.533326	0.791793	0.926709	0.897227	0.718009	0.467419	0.235482	0.0708963	-0.0411362	-0.117743	-0.157831	-0.155601	-0.157792	-0.165217	-0.162355	-0.142115	-0.146102	-0.143707	-0.136142	-0.135029	-0.139312	-0.129278	-0.136808	-0.133356	-0.130457	-0.138498	-0.129482	-0.137111	-0.136999	-0.134753	-0.140006	-0.147818	-0.140691	-0.154579	-0.167465	-0.163587	-0.161747	-0.18106	-0.187485	-0.188109	-0.197948	-0.235266	-0.256986	-0.256742	
-0.806838	-0.806838	-0.688179	-0.452069	-0.13723	0.202518	0.513378	0.75084	0.878034	0.845073	0.660518	0.404082	0.170299	0.0201933	-0.0733847	-0.133859	-0.172154	-0.171554	-0.154703	-0.161187	-0.170323	-0.158039	-0.147729	-0.152911	-0.144844	-0.136787	-0.144231	-0.133443	-0.137376	-0.136209	-0.132827	-0.139407	-0.132053	-0.141658	-0.139152	-0.139786	-0.152653	-0.148183	-0.152493	-0.167465	-0.16777	-0.155483	-0.170385	-0.192466	-0.192861	-0.192908	-0.211085	-0.248155	-0.262318	-0.25873	
-0.605394	-0.605394	-0.511904	-0.314771	-0.0528458	0.22578	0.487787	0.693197	0.80397	0.769492	0.588938	0.341136	0.106738	-0.0397375	-0.106923	-0.146747	-0.178857	-0.192407	-0.171065	-0.154983	-0.159874	-0.165876	-0.154288	-0.156952	-0.157734	-0.150731	-0.150274	-0.149528	-0.146621	-0.145826	-0.147977	-0.145151	-0.148701	-0.150557	-0.15005	-0.15468	-0.158722	-0.152615	-0.163043	-0.163587	-0.155483	-0.162474	-0.192394	-0.1994	-0.192978	-0.198866	-0.232106	-0.263904	-0.262982	-0.258779	
-0.372462	-0.372462	-0.305243	-0.152431	0.0477578	0.253772	0.456558	0.621147	0.704439	0.666919	0.497403	0.267039	0.0510315	-0.0925095	-0.14982	-0.165016	-0.177	-0.199758	-0.1966	-0.17894	-0.162131	-0.16277	-0.153646	-0.151269	-0.149834	-0.152241	-0.147645	-0.151271	-0.148816	-0.148987	-0.150654	-0.147689	-0.151119	-0.149245	-0.148949	-0.152213	-0.150296	-0.15222	-0.159998	-0.161747	-0.170385	-0.192394	-0.205177	-0.195789	-0.192933	-0.217709	-0.254062	-0.268765	-0.263575	-0.26892	
-0.109166	-0.109166	-0.068473	0.0341841	0.166232	0.292436	0.423314	0.53514	0.578325	0.530015	0.384388	0.188234	-0.00180472	-0.139636	-0.194051	-0.198355	-0.182986	-0.18833	-0.198697	-0.195563	-0.18529	-0.178721	-0.172455	-0.162958	-0.157797	-0.154508	-0.149678	-0.150316	-0.14653	-0.147926	-0.146881	-0.146503	-0.149824	-0.148184	-0.15346	-0.156661	-0.160038	-0.167544	-0.177676	-0.18106	-0.192466	-0.1994	-0.195789	-0.188377	-0.209892	-0.246191	-0.272069	-0.272528	-0.264319	-0.288576	
0.180999	0.180999	0.19717	0.243769	0.300885	0.345306	0.395274	0.440083	0.431984	0.362116	0.237206	0.0875306	-0.0491345	-0.165481	-0.228403	-0.237912	-0.216735	-0.194067	-0.191837	-0.192806	-0.190178	-0.185308	-0.184234	-0.179508	-0.174171	-0.171316	-0.166726	-0.164337	-0.162384	-0.161668	-0.161039	-0.162383	-0.163833	-0.165412	-0.170271	-0.17232	-0.176644	-0.183771	-0.185017	-0.187485	-0.192861	-0.192978	-0.192933	-0.209892	-0.245781	-0.271129	-0.276604	-0.264413	-0.277241	-0.337521	
0.492219	0.492219	0.487044	0.474492	0.451126	0.413781	0.378224	0.342918	0.271557	0.170565	0.0657287	-0.0367765	-0.119213	-0.187402	-0.239252	-0.261713	-0.253125	-0.226573	-0.204968	-0.19342	-0.190557	-0.186043	-0.185001	-0.183741	-0.183025	-0.180042	-0.17962	-0.178028	-0.175502	-0.176942	-0.174649	-0.176424	-0.176979	-0.177749	-0.180739	-0.180741	-0.184786	-0.184192	-0.185464	-0.188109	-0.192908	-0.198866	-0.217709	-0.246191	-0.271129	-0.275882	-0.268777	-0.273645	-0.319997	-0.408152	
0.817784	0.817784	0.792224	0.720964	0.616626	0.499554	0.376558	0.251446	0.110981	-0.0307266	-0.131126	-0.185863	-0.208049	-0.224426	-0.245235	-0.263671	-0.273909	-0.260249	-0.24217	-0.217761	-0.203286	-0.190466	-0.185448	-0.179193	-0.180093	-0.177239	-0.177484	-0.177417	-0.177263	-0.176781	-0.177479	-0.17671	-0.177797	-0.176808	-0.178548	-0.178292	-0.179053	-0.18311	-0.187036	-0.197948	-0.211085	-0.232106	-0.254062	-0.272069	-0.276604	-0.268777	-0.273843	-0.308016	-0.389824	-0.508349	
1.14949	1.14949	1.10095	0.974955	0.795399	0.602305	0.39408	0.173962	-0.0397066	-0.219802	-0.325429	-0.357583	-0.335301	-0.291398	-0.26858	-0.258927	-0.267226	-0.270696	-0.266023	-0.255593	-0.238971	-0.224499	-0.209122	-0.198514	-0.188925	-0.183978	-0.179757	-0.175473	-0.176776	-0.173124	-0.174776	-0.175681	-0.174549	-0.180276	-0.180346	-0.187328	-0.194085	-0.205816	-0.216081	-0.235266	-0.248155	-0.263904	-0.268765	-0.272528	-0.264413	-0.273645	-0.308016	-0.384012	-0.497889	-0.620573	
1.47614	1.47614	1.39995	1.22692	0.984329	0.719022	0.429837	0.120958	-0.163221	-0.38444	-0.502795	-0.519144	-0.479784	-0.403291	-0.333266	-0.288674	-0.264602	-0.263971	-0.262335	-0.264646	-0.258072	-0.253979	-0.243397	-0.235604	-0.224035	-0.217668	-0.210381	-0.205559	-0.202108	-0.200433	-0.199901	-0.201159	-0.203454	-0.208762	-0.213097	-0.222142	-0.23145	-0.238574	-0.250947	-0.256986	-0.262318	-0.262982	-0.263575	-0.264319	-0.277241	-0.319997	-0.389824	-0.497889	-0.611808	-0.725416	
1.78303	1.78303	1.6762	1.4664	1.17729	0.845888	0.481788	0.0965082	-0.24552	-0.496252	-0.642261	-0.669446	-0.619942	-0.536683	-0.438436	-0.361359	-0.304251	-0.27406	-0.26143	-0.258808	-0.258492	-0.256885	-0.255951	-0.253456	-0.249028	-0.244649	-0.240035	-0.237601	-0.23323	-0.233559	-0.232168	-0.233153	-0.236656	-0.237793	-0.243854	-0.247124	-0.251396	-0.254468	-0.258375	-0.256742	-0.25873	-0.258779	-0.26892	-0.288576	-0.337521	-0.408152	-0.508349	-0.620573	-0.725416	-0.815611	
