-0.16388	-0.168413	-0.208306	-0.279431	-0.372422	-0.473716	-0.568251	-0.630768	-0.636204	-0.578558	-0.476418	-0.335923	-0.172556	0.00884706	0.19869	0.370558	0.511303	0.601712	0.642042	0.650947	0.635416	0.592283	0.516396	0.407598	0.26364	0.103165	-0.0415114	-0.162581	-0.251803	-0.297719	-0.301081	-0.249865	-0.133267	0.0319662	0.214312	0.384279	0.528849	0.637902	0.683775	0.658858	0.597513	0.527694	0.44994	0.366074	0.285389	0.211739	0.144071	0.0847287	0.0467594	0.0467594	
-0.168413	-0.189451	-0.245488	-0.332645	-0.436465	-0.54475	-0.642588	-0.700274	-0.696637	-0.635965	-0.52811	-0.384127	-0.221623	-0.035655	0.153703	0.318616	0.447229	0.524489	0.56574	0.588569	0.59675	0.593267	0.568946	0.50954	0.408492	0.285622	0.16439	0.0511079	-0.0375151	-0.0911786	-0.112282	-0.083965	0.00772205	0.148346	0.306635	0.451317	0.568739	0.646888	0.658934	0.602378	0.512029	0.415619	0.32105	0.235411	0.164726	0.108048	0.0580544	0.0086245	-0.0278654	-0.0278654	
-0.208306	-0.245488	-0.317173	-0.416909	-0.528527	-0.642783	-0.737787	-0.785182	-0.770628	-0.69582	-0.575678	-0.424546	-0.251748	-0.0597473	0.125793	0.285301	0.408354	0.486307	0.535678	0.573551	0.612153	0.649394	0.668448	0.653876	0.592733	0.496248	0.384454	0.270934	0.177642	0.110575	0.0681666	0.0705125	0.130883	0.236915	0.359796	0.469185	0.552149	0.596318	0.579067	0.503202	0.399518	0.292091	0.194962	0.118845	0.0652372	0.028725	-0.0027173	-0.0417214	-0.0760066	-0.0760066	
-0.279431	-0.332645	-0.416909	-0.525116	-0.640912	-0.752801	-0.836582	-0.868528	-0.833112	-0.741738	-0.608726	-0.444617	-0.260731	-0.0594	0.1326	0.297876	0.423411	0.501194	0.557082	0.613331	0.677651	0.746598	0.804841	0.825488	0.789343	0.710918	0.606028	0.488901	0.385972	0.301587	0.234363	0.203841	0.222174	0.281772	0.359325	0.428249	0.476908	0.492723	0.45853	0.380331	0.279915	0.17511	0.0854118	0.02443	-0.0106483	-0.0285039	-0.043888	-0.0735098	-0.105048	-0.105048	
-0.372422	-0.436465	-0.528527	-0.640912	-0.754327	-0.858218	-0.927713	-0.936531	-0.878242	-0.766777	-0.611021	-0.427676	-0.222608	-0.00322518	0.198428	0.368044	0.48905	0.566498	0.631453	0.697811	0.777864	0.870612	0.953129	0.996529	0.985289	0.924575	0.820555	0.696142	0.580793	0.472594	0.371853	0.298977	0.265668	0.270909	0.299813	0.33151	0.354191	0.353688	0.318165	0.253834	0.169759	0.0767039	-0.000583762	-0.0457904	-0.0648216	-0.0682115	-0.0715819	-0.0931505	-0.120981	-0.120981	
-0.473716	-0.54475	-0.642783	-0.752801	-0.858218	-0.948739	-0.992231	-0.970185	-0.881827	-0.73912	-0.556116	-0.349411	-0.121128	0.112139	0.319291	0.487847	0.604049	0.679198	0.739174	0.80383	0.891508	0.996874	1.09869	1.16568	1.17433	1.12337	1.01846	0.884982	0.747533	0.60437	0.462861	0.341903	0.2529	0.20398	0.189976	0.19497	0.204298	0.201027	0.178063	0.138959	0.0786547	0.00180707	-0.0619979	-0.093983	-0.101441	-0.0955064	-0.0911573	-0.1056	-0.128177	-0.128177	
-0.568251	-0.642588	-0.737787	-0.836582	-0.927713	-0.992231	-1.00199	-0.94433	-0.819799	-0.645834	-0.437845	-0.208135	0.0400391	0.280706	0.487497	0.649321	0.749734	0.807544	0.855667	0.916962	1.00768	1.1228	1.23832	1.31826	1.34153	1.29909	1.18725	1.03406	0.865007	0.68174	0.497113	0.328436	0.189037	0.0953399	0.0501345	0.0411495	0.0490587	0.0538924	0.0524364	0.0434803	0.0090159	-0.0503879	-0.101697	-0.12436	-0.125179	-0.114874	-0.106607	-0.114276	-0.129673	-0.129673	
-0.630768	-0.700274	-0.785182	-0.868528	-0.936531	-0.970185	-0.94433	-0.847876	-0.690096	-0.490006	-0.259819	-0.0116125	0.24565	0.484054	0.682807	0.823792	0.899096	0.941913	0.979281	1.03225	1.11961	1.23538	1.35499	1.44427	1.47642	1.42931	1.30158	1.1261	0.922607	0.698628	0.476167	0.269925	0.0930316	-0.0321013	-0.0959469	-0.108419	-0.0942636	-0.0753849	-0.052118	-0.0317461	-0.0419488	-0.0840545	-0.12428	-0.141497	-0.140143	-0.129649	-0.120439	-0.121281	-0.127644	-0.127644	
-0.636204	-0.696637	-0.770628	-0.833112	-0.878242	-0.881827	-0.819799	-0.690096	-0.507006	-0.284997	-0.0398783	0.215755	0.474451	0.704216	0.883733	0.998907	1.05391	1.07894	1.09606	1.13436	1.21275	1.32275	1.43811	1.52329	1.5501	1.49324	1.352	1.15445	0.918485	0.664408	0.418161	0.188029	-0.0118902	-0.154897	-0.227549	-0.238514	-0.216108	-0.181903	-0.135334	-0.0903907	-0.0796115	-0.104561	-0.134557	-0.149402	-0.149454	-0.141951	-0.133829	-0.127723	-0.123843	-0.123843	
-0.578558	-0.635965	-0.69582	-0.741738	-0.766777	-0.73912	-0.645834	-0.490006	-0.284997	-0.0484718	0.200779	0.461475	0.715147	0.925913	1.08421	1.17319	1.19996	1.1972	1.1908	1.21244	1.27377	1.36351	1.45945	1.53308	1.55313	1.4867	1.33529	1.12436	0.870481	0.602167	0.345417	0.105037	-0.103829	-0.254685	-0.332023	-0.342208	-0.313755	-0.266148	-0.200831	-0.138039	-0.109698	-0.117039	-0.136815	-0.151236	-0.15524	-0.152839	-0.146896	-0.134038	-0.119891	-0.119891	
-0.476418	-0.52811	-0.575678	-0.608726	-0.611021	-0.556116	-0.437845	-0.259819	-0.0398783	0.200779	0.455212	0.716513	0.953023	1.14448	1.27457	1.32272	1.31489	1.28256	1.24925	1.24375	1.27383	1.33564	1.41185	1.47275	1.48311	1.41371	1.26823	1.05917	0.801566	0.533849	0.279761	0.040476	-0.168588	-0.32267	-0.404841	-0.418576	-0.388817	-0.331659	-0.253747	-0.180064	-0.136903	-0.125778	-0.134685	-0.149418	-0.158832	-0.162557	-0.159024	-0.140267	-0.117393	-0.117393	
-0.335923	-0.384127	-0.424546	-0.444617	-0.427676	-0.349411	-0.208135	-0.0116125	0.215755	0.461475	0.716513	0.96295	1.17767	1.33819	1.42099	1.42597	1.38357	1.31424	1.24483	1.20521	1.2058	1.24274	1.29703	1.34608	1.35728	1.30093	1.17401	0.978414	0.733794	0.481106	0.236621	0.00326143	-0.20133	-0.356815	-0.446825	-0.47052	-0.444886	-0.382746	-0.298923	-0.220454	-0.164391	-0.134159	-0.131291	-0.145874	-0.160988	-0.170774	-0.169197	-0.146285	-0.117877	-0.117877	
-0.172556	-0.221623	-0.251748	-0.260731	-0.222608	-0.121128	0.0400391	0.24565	0.474451	0.715147	0.953023	1.17767	1.35901	1.47309	1.50826	1.46925	1.38228	1.26996	1.16745	1.10287	1.07875	1.09079	1.13197	1.18232	1.20263	1.16819	1.07205	0.904468	0.68555	0.453	0.219906	-0.00407441	-0.202118	-0.360388	-0.462632	-0.501973	-0.485121	-0.423203	-0.340163	-0.261424	-0.193806	-0.144821	-0.12944	-0.142269	-0.16209	-0.176816	-0.176363	-0.151984	-0.122584	-0.122584	
0.00884706	-0.035655	-0.0597473	-0.0594	-0.00322518	0.112139	0.280706	0.484054	0.704216	0.925913	1.14448	1.33819	1.47309	1.53927	1.51991	1.42902	1.29959	1.15621	1.0356	0.951726	0.90621	0.907694	0.948675	1.00236	1.03872	1.03987	0.981909	0.846897	0.659875	0.450933	0.230651	0.0163794	-0.176659	-0.339702	-0.45698	-0.515736	-0.511815	-0.456084	-0.379799	-0.303401	-0.225641	-0.159879	-0.131707	-0.140147	-0.162307	-0.17991	-0.17978	-0.157401	-0.132198	-0.132198	
0.19869	0.153703	0.125793	0.1326	0.198428	0.319291	0.487497	0.682807	0.883733	1.08421	1.27457	1.42099	1.50826	1.51991	1.4448	1.31698	1.16041	1.0002	0.866963	0.768887	0.719465	0.722816	0.765139	0.828849	0.89116	0.92698	0.903433	0.807315	0.658834	0.472531	0.26314	0.057887	-0.131203	-0.300039	-0.433853	-0.513884	-0.526394	-0.483248	-0.41853	-0.345509	-0.259753	-0.180984	-0.140328	-0.140968	-0.161757	-0.179474	-0.179322	-0.162766	-0.146574	-0.146574	
0.370558	0.318616	0.285301	0.297876	0.368044	0.487847	0.649321	0.823792	0.998907	1.17319	1.32272	1.42597	1.46925	1.42902	1.31698	1.16452	0.987255	0.817528	0.681619	0.588969	0.547265	0.553427	0.602121	0.678463	0.761396	0.827602	0.841301	0.787486	0.67434	0.507744	0.311425	0.116046	-0.0710898	-0.246908	-0.396675	-0.497198	-0.529324	-0.505498	-0.455695	-0.386137	-0.295748	-0.209224	-0.156973	-0.146065	-0.160699	-0.175426	-0.175665	-0.168454	-0.164583	-0.164583	
0.511303	0.447229	0.408354	0.423411	0.48905	0.604049	0.749734	0.899096	1.05391	1.19996	1.31489	1.38357	1.38228	1.29959	1.16041	0.987255	0.800756	0.639263	0.518073	0.435805	0.398829	0.410937	0.46572	0.550264	0.653845	0.74721	0.791129	0.775418	0.696396	0.552192	0.371989	0.185026	-0.00236578	-0.184345	-0.346901	-0.46585	-0.521155	-0.52263	-0.489295	-0.423484	-0.333297	-0.244945	-0.182455	-0.156542	-0.159761	-0.168507	-0.170291	-0.17483	-0.18415	-0.18415	
0.601712	0.524489	0.486307	0.501194	0.566498	0.679198	0.807544	0.941913	1.07894	1.1972	1.28256	1.31424	1.26996	1.15621	1.0002	0.817528	0.639263	0.496626	0.384059	0.306902	0.281	0.30104	0.358426	0.451317	0.567207	0.672949	0.744	0.768138	0.720868	0.599746	0.438215	0.259462	0.0718251	-0.114168	-0.285701	-0.420932	-0.502453	-0.532932	-0.516414	-0.456254	-0.37221	-0.287461	-0.216464	-0.173185	-0.160179	-0.160504	-0.165279	-0.182039	-0.202557	-0.202557	
0.642042	0.56574	0.535678	0.557082	0.631453	0.739174	0.855667	0.979281	1.09606	1.1908	1.24925	1.24483	1.16745	1.0356	0.866963	0.681619	0.518073	0.384059	0.276348	0.217047	0.204276	0.223493	0.279005	0.372085	0.488317	0.605243	0.704391	0.758769	0.737543	0.645234	0.506815	0.33636	0.149372	-0.0380603	-0.21464	-0.364074	-0.473285	-0.5335	-0.534106	-0.483926	-0.412106	-0.334893	-0.257532	-0.196413	-0.163934	-0.154276	-0.162904	-0.189812	-0.216967	-0.216967	
0.650947	0.588569	0.573551	0.613331	0.697811	0.80383	0.916962	1.03225	1.13436	1.21244	1.24375	1.20521	1.10287	0.951726	0.768887	0.588969	0.435805	0.306902	0.217047	0.173465	0.156442	0.168025	0.220253	0.309925	0.424394	0.547081	0.661717	0.737914	0.746404	0.688122	0.573028	0.412001	0.22879	0.043081	-0.135268	-0.29747	-0.433433	-0.520944	-0.540015	-0.506496	-0.451997	-0.384296	-0.303229	-0.226258	-0.173696	-0.153482	-0.165141	-0.197415	-0.225107	-0.225107	
0.635416	0.59675	0.612153	0.677651	0.777864	0.891508	1.00768	1.11961	1.21275	1.27377	1.27383	1.2058	1.07875	0.90621	0.719465	0.547265	0.398829	0.281	0.204276	0.156442	0.130078	0.140446	0.189709	0.268431	0.369234	0.489253	0.615932	0.711095	0.747354	0.72249	0.632226	0.484811	0.309571	0.128697	-0.0498426	-0.223917	-0.382138	-0.492059	-0.532928	-0.523967	-0.489882	-0.432022	-0.350586	-0.262399	-0.192467	-0.16195	-0.173245	-0.203837	-0.225913	-0.225913	
0.592283	0.593267	0.649394	0.746598	0.870612	0.996874	1.1228	1.23538	1.32275	1.36351	1.33564	1.24274	1.09079	0.907694	0.722816	0.553427	0.410937	0.30104	0.223493	0.168025	0.140446	0.148448	0.181168	0.236274	0.323442	0.444158	0.572839	0.674572	0.7376	0.747748	0.682472	0.552745	0.391414	0.217947	0.0383301	-0.145587	-0.317832	-0.445216	-0.513157	-0.535433	-0.522467	-0.474357	-0.396722	-0.304219	-0.222876	-0.182762	-0.187561	-0.20826	-0.219986	-0.219986	
0.516396	0.568946	0.668448	0.804841	0.953129	1.09869	1.23832	1.35499	1.43811	1.45945	1.41185	1.29703	1.13197	0.948675	0.765139	0.602121	0.46572	0.358426	0.279005	0.220253	0.189709	0.181168	0.187748	0.226223	0.305145	0.411749	0.524987	0.633799	0.725383	0.76173	0.719251	0.616062	0.47475	0.307842	0.126083	-0.0622456	-0.239419	-0.381926	-0.481789	-0.53807	-0.54552	-0.508327	-0.439394	-0.350783	-0.266232	-0.217268	-0.207672	-0.210719	-0.209699	-0.209699	
0.407598	0.50954	0.653876	0.825488	0.996529	1.16568	1.31826	1.44427	1.52329	1.53308	1.47275	1.34608	1.18232	1.00236	0.828849	0.678463	0.550264	0.451317	0.372085	0.309925	0.268431	0.236274	0.226223	0.253043	0.308121	0.386358	0.487285	0.604133	0.708305	0.759507	0.746555	0.677432	0.555562	0.394382	0.213829	0.0279258	-0.148695	-0.306359	-0.438978	-0.527279	-0.554937	-0.532138	-0.477199	-0.400745	-0.321601	-0.264332	-0.232842	-0.212728	-0.198944	-0.198944	
0.26364	0.408492	0.592733	0.789343	0.985289	1.17433	1.34153	1.47642	1.5501	1.55313	1.48311	1.35728	1.20263	1.03872	0.89116	0.761396	0.653845	0.567207	0.488317	0.424394	0.369234	0.323442	0.305145	0.308121	0.331138	0.386677	0.47447	0.58347	0.685393	0.75138	0.771171	0.732565	0.628894	0.478218	0.304333	0.124933	-0.0500794	-0.222755	-0.383339	-0.498266	-0.547694	-0.544977	-0.509462	-0.452181	-0.385228	-0.320175	-0.26257	-0.217565	-0.192598	-0.192598	
0.103165	0.285622	0.496248	0.710918	0.924575	1.12337	1.29909	1.42931	1.49324	1.4867	1.41371	1.30093	1.16819	1.03987	0.92698	0.827602	0.74721	0.672949	0.605243	0.547081	0.489253	0.444158	0.411749	0.386358	0.386677	0.420334	0.485829	0.577333	0.670284	0.74688	0.792533	0.778977	0.696098	0.561607	0.398688	0.227402	0.0520704	-0.133828	-0.312829	-0.447709	-0.522241	-0.54653	-0.53578	-0.50224	-0.45065	-0.379055	-0.29698	-0.229927	-0.195889	-0.195889	
-0.0415114	0.16439	0.384454	0.606028	0.820555	1.01846	1.18725	1.30158	1.352	1.33529	1.26823	1.17401	1.07205	0.981909	0.903433	0.841301	0.791129	0.744	0.704391	0.661717	0.615932	0.572839	0.524987	0.487285	0.47447	0.485829	0.528057	0.593657	0.669412	0.752534	0.815499	0.819864	0.758928	0.645788	0.49828	0.333992	0.15438	-0.0399868	-0.225469	-0.37498	-0.478731	-0.536408	-0.555084	-0.546724	-0.509802	-0.434749	-0.336765	-0.254886	-0.213813	-0.213813	
-0.162581	0.0511079	0.270934	0.488901	0.696142	0.884982	1.03406	1.1261	1.15445	1.12436	1.05917	0.978414	0.904468	0.846897	0.807315	0.787486	0.775418	0.768138	0.758769	0.737914	0.711095	0.674572	0.633799	0.604133	0.58347	0.577333	0.593657	0.6297	0.694675	0.779843	0.84237	0.856872	0.821791	0.734885	0.603758	0.442002	0.256446	0.0619859	-0.120619	-0.283122	-0.418693	-0.513311	-0.564538	-0.580024	-0.554966	-0.482339	-0.382612	-0.29638	-0.250627	-0.250627	
-0.251803	-0.0375151	0.177642	0.385972	0.580793	0.747533	0.865007	0.922607	0.918485	0.870481	0.801566	0.733794	0.68555	0.659875	0.658834	0.67434	0.696396	0.720868	0.737543	0.746404	0.747354	0.7376	0.725383	0.708305	0.685393	0.670284	0.669412	0.694675	0.754148	0.821208	0.871048	0.900625	0.893574	0.829882	0.711883	0.55074	0.363978	0.177208	-0.00102405	-0.177871	-0.343624	-0.474497	-0.559064	-0.595706	-0.580885	-0.51954	-0.43437	-0.355803	-0.309273	-0.309273	
-0.297719	-0.0911786	0.110575	0.301587	0.472594	0.60437	0.68174	0.698628	0.664408	0.602167	0.533849	0.481106	0.453	0.450933	0.472531	0.507744	0.552192	0.599746	0.645234	0.688122	0.72249	0.747748	0.76173	0.759507	0.75138	0.74688	0.752534	0.779843	0.821208	0.863978	0.914559	0.962523	0.972881	0.926368	0.821433	0.665455	0.485897	0.308229	0.127985	-0.0641352	-0.253776	-0.4162	-0.531834	-0.587688	-0.586101	-0.546928	-0.490453	-0.431279	-0.390533	-0.390533	
-0.301081	-0.112282	0.0681666	0.234363	0.371853	0.462861	0.497113	0.476167	0.418161	0.345417	0.279761	0.236621	0.219906	0.230651	0.26314	0.311425	0.371989	0.438215	0.506815	0.573028	0.632226	0.682472	0.719251	0.746555	0.771171	0.792533	0.815499	0.84237	0.871048	0.914559	0.977069	1.03145	1.05136	1.02335	0.93473	0.793049	0.628077	0.453537	0.262526	0.0570655	-0.148126	-0.334371	-0.475658	-0.551859	-0.572821	-0.566769	-0.547845	-0.517947	-0.491896	-0.491896	
-0.249865	-0.083965	0.0705125	0.203841	0.298977	0.341903	0.328436	0.269925	0.188029	0.105037	0.040476	0.00326143	-0.00407441	0.0163794	0.057887	0.116046	0.185026	0.259462	0.33636	0.412001	0.484811	0.552745	0.616062	0.677432	0.732565	0.778977	0.819864	0.856872	0.900625	0.962523	1.03145	1.08945	1.12506	1.11772	1.05145	0.937108	0.789357	0.60909	0.403496	0.189098	-0.0245885	-0.225151	-0.385405	-0.487658	-0.544975	-0.580819	-0.602771	-0.609063	-0.606466	-0.606466	
-0.133267	0.00772205	0.130883	0.222174	0.265668	0.2529	0.189037	0.0930316	-0.0118902	-0.103829	-0.168588	-0.20133	-0.202118	-0.176659	-0.131203	-0.0710898	-0.00236578	0.0718251	0.149372	0.22879	0.309571	0.391414	0.47475	0.555562	0.628894	0.696098	0.758928	0.821791	0.893574	0.972881	1.05136	1.12506	1.18098	1.19801	1.16896	1.09248	0.958672	0.771017	0.556712	0.337819	0.12011	-0.0856717	-0.26087	-0.39839	-0.505098	-0.588237	-0.651521	-0.697121	-0.722627	-0.722627	
0.0319662	0.148346	0.236915	0.281772	0.270909	0.20398	0.0953399	-0.0321013	-0.154897	-0.254685	-0.32267	-0.356815	-0.360388	-0.339702	-0.300039	-0.246908	-0.184345	-0.114168	-0.0380603	0.043081	0.128697	0.217947	0.307842	0.394382	0.478218	0.561607	0.645788	0.734885	0.829882	0.926368	1.02335	1.11772	1.19801	1.25495	1.27677	1.23716	1.1185	0.938003	0.728027	0.508244	0.290113	0.0840732	-0.108214	-0.289352	-0.451864	-0.584902	-0.690401	-0.774059	-0.82521	-0.82521	
0.214312	0.306635	0.359796	0.359325	0.299813	0.189976	0.0501345	-0.0959469	-0.227549	-0.332023	-0.404841	-0.446825	-0.462632	-0.45698	-0.433853	-0.396675	-0.346901	-0.285701	-0.21464	-0.135268	-0.0498426	0.0383301	0.126083	0.213829	0.304333	0.398688	0.49828	0.603758	0.711883	0.821433	0.93473	1.05145	1.16896	1.27677	1.3449	1.33979	1.25456	1.10643	0.91529	0.70188	0.487897	0.278733	0.0620185	-0.164594	-0.380365	-0.564373	-0.714063	-0.830308	-0.898279	-0.898279	
0.384279	0.451317	0.469185	0.428249	0.33151	0.19497	0.0411495	-0.108419	-0.238514	-0.342208	-0.418576	-0.47052	-0.501973	-0.515736	-0.513884	-0.497198	-0.46585	-0.420932	-0.364074	-0.29747	-0.223917	-0.145587	-0.0622456	0.0279258	0.124933	0.227402	0.333992	0.442002	0.55074	0.665455	0.793049	0.937108	1.09248	1.23716	1.33979	1.3807	1.35485	1.26068	1.1057	0.914241	0.708223	0.486779	0.240048	-0.0250463	-0.28533	-0.519269	-0.712923	-0.853679	-0.92839	-0.92839	
0.528849	0.568739	0.552149	0.476908	0.354191	0.204298	0.0490587	-0.0942636	-0.216108	-0.313755	-0.388817	-0.444886	-0.485121	-0.511815	-0.526394	-0.529324	-0.521155	-0.502453	-0.473285	-0.433433	-0.382138	-0.317832	-0.239419	-0.148695	-0.0500794	0.0520704	0.15438	0.256446	0.363978	0.485897	0.628077	0.789357	0.958672	1.1185	1.25456	1.35485	1.40089	1.37545	1.27975	1.12886	0.932519	0.693666	0.420923	0.129626	-0.164582	-0.441633	-0.672175	-0.829723	-0.906162	-0.906162	
0.637902	0.646888	0.596318	0.492723	0.353688	0.201027	0.0538924	-0.0753849	-0.181903	-0.266148	-0.331659	-0.382746	-0.423203	-0.456084	-0.483248	-0.505498	-0.52263	-0.532932	-0.5335	-0.520944	-0.492059	-0.445216	-0.381926	-0.306359	-0.222755	-0.133828	-0.0399868	0.0619859	0.177208	0.308229	0.453537	0.60909	0.771017	0.938003	1.10643	1.26068	1.37545	1.42983	1.41172	1.31255	1.13174	0.886236	0.602209	0.296952	-0.0190978	-0.322747	-0.574978	-0.744241	-0.824682	-0.824682	
0.683775	0.658934	0.579067	0.45853	0.318165	0.178063	0.0524364	-0.052118	-0.135334	-0.200831	-0.253747	-0.298923	-0.340163	-0.379799	-0.41853	-0.455695	-0.489295	-0.516414	-0.534106	-0.540015	-0.532928	-0.513157	-0.481789	-0.438978	-0.383339	-0.312829	-0.225469	-0.120619	-0.00102405	0.127985	0.262526	0.403496	0.556712	0.728027	0.91529	1.1057	1.27975	1.41172	1.46896	1.42459	1.2773	1.05169	0.776474	0.470213	0.150223	-0.154746	-0.409257	-0.586625	-0.675936	-0.675936	
0.658858	0.602378	0.503202	0.380331	0.253834	0.138959	0.0434803	-0.0317461	-0.0903907	-0.138039	-0.180064	-0.220454	-0.261424	-0.303401	-0.345509	-0.386137	-0.423484	-0.456254	-0.483926	-0.506496	-0.523967	-0.535433	-0.53807	-0.527279	-0.498266	-0.447709	-0.37498	-0.283122	-0.177871	-0.0641352	0.0570655	0.189098	0.337819	0.508244	0.70188	0.914241	1.12886	1.31255	1.42459	1.43756	1.34863	1.17194	0.927791	0.641532	0.344049	0.0648906	-0.173522	-0.351875	-0.449146	-0.449146	
0.597513	0.512029	0.399518	0.279915	0.169759	0.0786547	0.0090159	-0.0419488	-0.0796115	-0.109698	-0.136903	-0.164391	-0.193806	-0.225641	-0.259753	-0.295748	-0.333297	-0.37221	-0.412106	-0.451997	-0.489882	-0.522467	-0.54552	-0.554937	-0.547694	-0.522241	-0.478731	-0.418693	-0.343624	-0.253776	-0.148126	-0.0245885	0.12011	0.290113	0.487897	0.708223	0.932519	1.13174	1.2773	1.34863	1.33255	1.22482	1.03826	0.804708	0.560426	0.329146	0.123164	-0.0406826	-0.134506	-0.134506	
0.527694	0.415619	0.292091	0.17511	0.0767039	0.00180707	-0.0503879	-0.0840545	-0.104561	-0.117039	-0.125778	-0.134159	-0.144821	-0.159879	-0.180984	-0.209224	-0.244945	-0.287461	-0.334893	-0.384296	-0.432022	-0.474357	-0.508327	-0.532138	-0.544977	-0.54653	-0.536408	-0.513311	-0.474497	-0.4162	-0.334371	-0.225151	-0.0856717	0.0840732	0.278733	0.486779	0.693666	0.886236	1.05169	1.17194	1.22482	1.19732	1.09804	0.952971	0.788719	0.62234	0.466706	0.340607	0.268493	0.268493	
0.44994	0.32105	0.194962	0.0854118	-0.000583762	-0.0619979	-0.101697	-0.12428	-0.134557	-0.136815	-0.134685	-0.131291	-0.12944	-0.131707	-0.140328	-0.156973	-0.182455	-0.216464	-0.257532	-0.303229	-0.350586	-0.396722	-0.439394	-0.477199	-0.509462	-0.53578	-0.555084	-0.564538	-0.559064	-0.531834	-0.475658	-0.385405	-0.26087	-0.108214	0.0620185	0.240048	0.420923	0.602209	0.776474	0.927791	1.03826	1.09804	1.1081	1.07551	1.01018	0.926369	0.842975	0.778238	0.743707	0.743707	
0.366074	0.235411	0.118845	0.02443	-0.0457904	-0.093983	-0.12436	-0.141497	-0.149402	-0.151236	-0.149418	-0.145874	-0.142269	-0.140147	-0.140968	-0.146065	-0.156542	-0.173185	-0.196413	-0.226258	-0.262399	-0.304219	-0.350783	-0.400745	-0.452181	-0.50224	-0.546724	-0.580024	-0.595706	-0.587688	-0.551859	-0.487658	-0.39839	-0.289352	-0.164594	-0.0250463	0.129626	0.296952	0.470213	0.641532	0.804708	0.952971	1.07551	1.16097	1.2073	1.22663	1.23702	1.24843	1.25777	1.25777	
0.285389	0.164726	0.0652372	-0.0106483	-0.0648216	-0.101441	-0.125179	-0.140143	-0.149454	-0.15524	-0.158832	-0.160988	-0.16209	-0.162307	-0.161757	-0.160699	-0.159761	-0.160179	-0.163934	-0.173696	-0.192467	-0.222876	-0.266232	-0.321601	-0.385228	-0.45065	-0.509802	-0.554966	-0.580885	-0.586101	-0.572821	-0.544975	-0.505098	-0.451864	-0.380365	-0.28533	-0.164582	-0.0190978	0.150223	0.344049	0.560426	0.788719	1.01018	1.2073	1.37335	1.51217	1.62822	1.71731	1.7672	1.7672	
0.211739	0.108048	0.028725	-0.0285039	-0.0682115	-0.0955064	-0.114874	-0.129649	-0.141951	-0.152839	-0.162557	-0.170774	-0.176816	-0.17991	-0.179474	-0.175426	-0.168507	-0.160504	-0.154276	-0.153482	-0.16195	-0.182762	-0.217268	-0.264332	-0.320175	-0.379055	-0.434749	-0.482339	-0.51954	-0.546928	-0.566769	-0.580819	-0.588237	-0.584902	-0.564373	-0.519269	-0.441633	-0.322747	-0.154746	0.0648906	0.329146	0.62234	0.926369	1.22663	1.51217	1.77128	1.98834	2.14569	2.22847	2.22847	
0.144071	0.0580544	-0.0027173	-0.043888	-0.0715819	-0.0911573	-0.106607	-0.120439	-0.133829	-0.146896	-0.159024	-0.169197	-0.176363	-0.17978	-0.179322	-0.175665	-0.170291	-0.165279	-0.162904	-0.165141	-0.173245	-0.187561	-0.207672	-0.232842	-0.26257	-0.29698	-0.336765	-0.382612	-0.43437	-0.490453	-0.547845	-0.602771	-0.651521	-0.690401	-0.714063	-0.712923	-0.672175	-0.574978	-0.409257	-0.173522	0.123164	0.466706	0.842975	1.23702	1.62822	1.98834	2.2864	2.49703	2.60526	2.60526	
0.0847287	0.0086245	-0.0417214	-0.0735098	-0.0931505	-0.1056	-0.114276	-0.121281	-0.127723	-0.134038	-0.140267	-0.146285	-0.151984	-0.157401	-0.162766	-0.168454	-0.17483	-0.182039	-0.189812	-0.197415	-0.203837	-0.20826	-0.210719	-0.212728	-0.217565	-0.229927	-0.254886	-0.29638	-0.355803	-0.431279	-0.517947	-0.609063	-0.697121	-0.774059	-0.830308	-0.853679	-0.829723	-0.744241	-0.586625	-0.351875	-0.0406826	0.340607	0.778238	1.24843	1.71731	2.14569	2.49703	2.74408	2.87094	2.87094	
0.0467594	-0.0278654	-0.0760066	-0.105048	-0.120981	-0.128177	-0.129673	-0.127644	-0.123843	-0.119891	-0.117393	-0.117877	-0.122584	-0.132198	-0.146574	-0.164583	-0.18415	-0.202557	-0.216967	-0.225107	-0.225913	-0.219986	-0.209699	-0.198944	-0.192598	-0.195889	-0.213813	-0.250627	-0.309273	-0.390533	-0.491896	-0.606466	-0.722627	-0.82521	-0.898279	-0.92839	-0.906162	-0.824682	-0.675936	-0.449146	-0.134506	0.268493	0.743707	1.25777	1.7672	2.22847	2.60526	2.87094	3.00812	3.00812	
0.0467594	-0.0278654	-0.0760066	-0.105048	-0.120981	-0.128177	-0.129673	-0.127644	-0.123843	-0.119891	-0.117393	-0.117877	-0.122584	-0.132198	-0.146574	-0.164583	-0.18415	-0.202557	-0.216967	-0.225107	-0.225913	-0.219986	-0.209699	-0.198944	-0.192598	-0.195889	-0.213813	-0.250627	-0.309273	-0.390533	-0.491896	-0.606466	-0.722627	-0.82521	-0.898279	-0.92839	-0.906162	-0.824682	-0.675936	-0.449146	-0.134506	0.268493	0.743707	1.25777	1.7672	2.22847	2.60526	2.87094	3.00812	3.00812	
