1.19707	0.154686	-0.581056	0.0134539	0.515666	0.515666	
0.154686	-0.811362	-0.376069	0.321077	0.493776	0.493776	
-0.581056	-0.376069	0.253123	0.424809	0.312439	0.312439	
0.0134539	0.321077	0.424809	0.273435	0.133917	0.133917	
0.515666	0.493776	0.312439	0.133917	0.048767	0.048767	
0.515666	0.493776	0.312439	0.133917	0.048767	0.048767	
