1.68275	1.68275	1.56273	1.34532	1.08034	0.815056	0.594689	0.42271	0.293101	0.192066	0.122788	0.0777383	0.0580241	0.0379933	0.0278728	0.0445397	0.0772116	0.116904	0.174245	0.24241	0.316503	0.370272	0.383995	0.345369	0.244135	0.0809262	-0.110468	-0.308338	-0.481263	-0.595469	-0.605419	-0.493165	-0.297054	-0.054916	0.173443	0.336927	0.414832	0.426338	0.379013	0.287981	0.196036	0.128962	0.0983843	0.11172	0.163748	0.235844	0.322057	0.427958	0.552754	0.683036	
1.68275	1.68275	1.56273	1.34532	1.08034	0.815056	0.594689	0.42271	0.293101	0.192066	0.122788	0.0777383	0.0580241	0.0379933	0.0278728	0.0445397	0.0772116	0.116904	0.174245	0.24241	0.316503	0.370272	0.383995	0.345369	0.244135	0.0809262	-0.110468	-0.308338	-0.481263	-0.595469	-0.605419	-0.493165	-0.297054	-0.054916	0.173443	0.336927	0.414832	0.426338	0.379013	0.287981	0.196036	0.128962	0.0983843	0.11172	0.163748	0.235844	0.322057	0.427958	0.552754	0.683036	
1.56273	1.56273	1.44069	1.2302	0.983858	0.74774	0.540813	0.375695	0.257515	0.179822	0.120883	0.0831501	0.0674229	0.060965	0.0641536	0.0852706	0.114758	0.158914	0.221142	0.290553	0.361455	0.41406	0.422618	0.37523	0.259132	0.0868809	-0.110271	-0.313261	-0.497969	-0.619018	-0.627134	-0.519214	-0.318551	-0.0749027	0.150955	0.321328	0.421826	0.446887	0.405844	0.318477	0.221617	0.156032	0.121452	0.123202	0.165576	0.227899	0.31053	0.408936	0.52711	0.647561	
1.34532	1.34532	1.2302	1.04063	0.825525	0.62326	0.448088	0.30712	0.210674	0.158301	0.126521	0.104951	0.0964379	0.105175	0.128178	0.161054	0.201887	0.253882	0.310809	0.38165	0.455181	0.502034	0.501184	0.441323	0.303253	0.114109	-0.0994898	-0.324131	-0.524898	-0.653359	-0.665643	-0.564504	-0.36431	-0.118007	0.111806	0.296365	0.424116	0.473181	0.446309	0.367431	0.265235	0.191975	0.153745	0.145423	0.164396	0.206855	0.27823	0.373462	0.481343	0.583199	
1.08034	1.08034	0.983858	0.825525	0.644485	0.473878	0.344187	0.24824	0.185174	0.149538	0.139037	0.137293	0.149349	0.17835	0.221939	0.267269	0.321171	0.383398	0.444013	0.516689	0.591677	0.631866	0.622245	0.545796	0.382055	0.166051	-0.0735008	-0.326311	-0.547257	-0.684448	-0.711383	-0.621948	-0.430885	-0.183883	0.0548013	0.261449	0.41624	0.491306	0.482307	0.412552	0.312407	0.228072	0.174755	0.149133	0.144499	0.171351	0.22848	0.31461	0.407076	0.488751	
0.815056	0.815056	0.74774	0.62326	0.473878	0.343616	0.262232	0.210226	0.17907	0.164754	0.166992	0.181716	0.217665	0.267946	0.326648	0.389069	0.455131	0.530509	0.607519	0.683412	0.757252	0.799143	0.781575	0.683334	0.497716	0.247239	-0.0260493	-0.308275	-0.551676	-0.706206	-0.749872	-0.679234	-0.502809	-0.257719	-0.00907373	0.219199	0.395725	0.496208	0.509089	0.449958	0.353985	0.255627	0.175424	0.121514	0.0980315	0.110574	0.154147	0.220348	0.296969	0.365616	
0.594689	0.594689	0.540813	0.448088	0.344187	0.262232	0.213733	0.19349	0.185619	0.191719	0.204383	0.232485	0.281892	0.343777	0.413246	0.498327	0.586178	0.674024	0.767485	0.854954	0.938363	0.989678	0.965998	0.848933	0.644	0.364674	0.0515495	-0.257973	-0.523657	-0.700712	-0.766117	-0.71601	-0.555886	-0.315811	-0.0543111	0.187124	0.376221	0.493559	0.530603	0.483014	0.383024	0.269247	0.161657	0.0777187	0.0334216	0.0180343	0.0459271	0.0963992	0.16054	0.217755	
0.42271	0.42271	0.375695	0.30712	0.24824	0.210226	0.19349	0.193329	0.199349	0.211214	0.231624	0.261562	0.31414	0.382285	0.464545	0.568816	0.682409	0.790825	0.903409	1.0136	1.11134	1.17367	1.15818	1.03803	0.813367	0.506179	0.15961	-0.175387	-0.456862	-0.660437	-0.748952	-0.713121	-0.569211	-0.339995	-0.0690074	0.181895	0.382962	0.516795	0.563706	0.522239	0.418362	0.284868	0.145495	0.0275926	-0.0486445	-0.088938	-0.0846649	-0.0479377	-0.000357722	0.0448757	
0.293101	0.293101	0.257515	0.210674	0.185174	0.17907	0.185619	0.199349	0.218523	0.225253	0.232273	0.250986	0.299041	0.367888	0.465887	0.586016	0.715476	0.848193	0.991576	1.13159	1.2511	1.32846	1.3258	1.21133	0.973629	0.648679	0.284647	-0.066127	-0.366866	-0.590984	-0.698747	-0.671834	-0.535108	-0.312939	-0.0393709	0.219977	0.433186	0.57682	0.62366	0.577446	0.464322	0.311741	0.138624	-0.016481	-0.130121	-0.195874	-0.224476	-0.214677	-0.18831	-0.152511	
0.192066	0.192066	0.179822	0.158301	0.149538	0.164754	0.191719	0.211214	0.225253	0.223668	0.211805	0.213108	0.243923	0.30703	0.409392	0.54366	0.689195	0.847555	1.0162	1.19139	1.34734	1.44589	1.45396	1.34751	1.11245	0.780349	0.411019	0.0472336	-0.269615	-0.502094	-0.611996	-0.588733	-0.451604	-0.228552	0.0377563	0.301229	0.520366	0.669414	0.71814	0.666807	0.53568	0.356537	0.155267	-0.0347353	-0.191138	-0.294334	-0.357071	-0.380758	-0.374046	-0.340983	
0.122788	0.122788	0.120883	0.126521	0.139037	0.166992	0.204383	0.231624	0.232273	0.211805	0.17693	0.158611	0.169579	0.221306	0.31643	0.451253	0.610985	0.79185	0.98889	1.20027	1.39074	1.50937	1.5311	1.43572	1.20881	0.884543	0.518533	0.152601	-0.173678	-0.407262	-0.512429	-0.484557	-0.337921	-0.109032	0.151441	0.41637	0.642219	0.785049	0.82849	0.767322	0.618975	0.418441	0.193942	-0.0273732	-0.217812	-0.364491	-0.458934	-0.514539	-0.525397	-0.492485	
0.0777383	0.0777383	0.0831501	0.104951	0.137293	0.181716	0.232485	0.261562	0.250986	0.213108	0.158611	0.11165	0.0962248	0.128009	0.207789	0.337931	0.512977	0.716108	0.934345	1.16453	1.3752	1.5163	1.56035	1.47861	1.26257	0.949392	0.592551	0.227896	-0.0957943	-0.322481	-0.418246	-0.38098	-0.222673	0.0153122	0.278416	0.543894	0.773245	0.911915	0.94218	0.86718	0.70494	0.491515	0.255473	0.0146772	-0.203791	-0.383936	-0.512288	-0.591352	-0.61238	-0.578658	
0.0580241	0.0580241	0.0674229	0.0964379	0.149349	0.217665	0.281892	0.31414	0.299041	0.243923	0.169579	0.0962248	0.0537448	0.0591757	0.119478	0.236812	0.414398	0.630451	0.864064	1.10151	1.32595	1.49013	1.54566	1.47091	1.26963	0.971067	0.619873	0.262275	-0.0469652	-0.255008	-0.339977	-0.295113	-0.126274	0.123573	0.401875	0.666116	0.884197	1.01702	1.04397	0.962899	0.793001	0.575545	0.34144	0.0975275	-0.137995	-0.342065	-0.496772	-0.58848	-0.611979	-0.579914	
0.0379933	0.0379933	0.060965	0.105175	0.17835	0.267946	0.343777	0.382285	0.367888	0.30703	0.221306	0.128009	0.0591757	0.0427094	0.0802129	0.176966	0.340974	0.557746	0.805152	1.05434	1.28067	1.44637	1.50389	1.43289	1.24424	0.954132	0.606844	0.260858	-0.0305019	-0.223606	-0.299108	-0.242102	-0.0608484	0.203109	0.496563	0.764699	0.968937	1.09485	1.12626	1.05692	0.900569	0.686439	0.452767	0.217916	-0.0100821	-0.216687	-0.383148	-0.48312	-0.513082	-0.491256	
0.0278728	0.0278728	0.0641536	0.128178	0.221939	0.326648	0.413246	0.464545	0.465887	0.409392	0.31643	0.207789	0.119478	0.0802129	0.101377	0.180081	0.32356	0.530083	0.783729	1.03526	1.24799	1.40187	1.45376	1.37734	1.18718	0.905084	0.566206	0.232482	-0.0517668	-0.247302	-0.315689	-0.238347	-0.0352256	0.246121	0.552514	0.824328	1.02912	1.15663	1.19518	1.14087	1.01445	0.824034	0.60269	0.387797	0.184537	-0.00833928	-0.172558	-0.277813	-0.31921	-0.316938	
0.0445397	0.0445397	0.0852706	0.161054	0.267269	0.389069	0.498327	0.568816	0.586016	0.54366	0.451253	0.337931	0.236812	0.176966	0.180081	0.251253	0.38518	0.576501	0.805685	1.03672	1.23643	1.37447	1.4095	1.31287	1.10477	0.819227	0.486402	0.153945	-0.127489	-0.318975	-0.37626	-0.281649	-0.0606078	0.237494	0.556758	0.839426	1.06229	1.21206	1.26864	1.23191	1.13025	0.980163	0.798522	0.610523	0.425253	0.250068	0.101608	-4.60254e-05	-0.0559444	-0.0851004	
0.0772116	0.0772116	0.114758	0.201887	0.321171	0.455131	0.586178	0.682409	0.715476	0.689195	0.610985	0.512977	0.414398	0.340974	0.32356	0.38518	0.508243	0.680611	0.880383	1.08967	1.26669	1.36696	1.35984	1.23683	1.00989	0.708459	0.36648	0.0296345	-0.249843	-0.43068	-0.473529	-0.36663	-0.135081	0.179597	0.519247	0.829751	1.08037	1.25215	1.33246	1.32813	1.25806	1.14645	1.01122	0.855639	0.689686	0.534732	0.407877	0.31246	0.232882	0.159301	
0.116904	0.116904	0.158914	0.253882	0.383398	0.530509	0.674024	0.790825	0.848193	0.847555	0.79185	0.716108	0.630451	0.557746	0.530083	0.576501	0.680611	0.826154	1.00407	1.18886	1.32455	1.36533	1.31207	1.16102	0.911578	0.585787	0.22947	-0.113359	-0.398291	-0.570122	-0.598901	-0.47932	-0.232039	0.0969094	0.45551	0.799641	1.08156	1.27219	1.38001	1.41428	1.38537	1.30548	1.20099	1.07951	0.950499	0.826206	0.722221	0.627542	0.522026	0.400795	
0.174245	0.174245	0.221142	0.310809	0.444013	0.607519	0.767485	0.903409	0.991576	1.0162	0.98889	0.934345	0.864064	0.805152	0.783729	0.805685	0.880383	1.00407	1.15343	1.28865	1.36791	1.36215	1.26676	1.07447	0.793183	0.446883	0.0801424	-0.266625	-0.555287	-0.724035	-0.739439	-0.607059	-0.343205	0.00203487	0.377265	0.743494	1.05483	1.27731	1.41455	1.47309	1.4745	1.4284	1.35476	1.26235	1.16936	1.08469	0.997125	0.897289	0.775945	0.624835	
0.24241	0.24241	0.290553	0.38165	0.516689	0.683412	0.854954	1.0136	1.13159	1.19139	1.20027	1.16453	1.10151	1.05434	1.03526	1.03672	1.08967	1.18886	1.28865	1.35686	1.3824	1.3394	1.20546	0.971522	0.6605	0.297323	-0.0796561	-0.425143	-0.701098	-0.85793	-0.865957	-0.730044	-0.462054	-0.108793	0.283624	0.670471	1.00281	1.25375	1.41829	1.4914	1.5068	1.49396	1.45977	1.39823	1.3357	1.27866	1.20459	1.10369	0.978747	0.821032	
0.316503	0.316503	0.361455	0.455181	0.591677	0.757252	0.938363	1.11134	1.2511	1.34734	1.39074	1.3752	1.32595	1.28067	1.24799	1.23643	1.26669	1.32455	1.36791	1.3824	1.36219	1.27928	1.10717	0.850163	0.528387	0.153175	-0.230575	-0.564574	-0.818141	-0.957775	-0.962416	-0.829824	-0.572916	-0.223435	0.175763	0.578161	0.919652	1.17816	1.35787	1.45294	1.48595	1.49163	1.48996	1.47115	1.44084	1.40645	1.35237	1.2688	1.14805	0.992208	
0.370272	0.370272	0.41406	0.502034	0.631866	0.799143	0.989678	1.17367	1.32846	1.44589	1.50937	1.5163	1.49013	1.44637	1.40187	1.37447	1.36696	1.36533	1.36215	1.3394	1.27928	1.15581	0.959396	0.693821	0.370747	0.00222076	-0.366227	-0.685597	-0.922985	-1.05008	-1.05246	-0.925447	-0.67431	-0.338551	0.0509527	0.446007	0.787429	1.04563	1.22949	1.34313	1.40431	1.42452	1.43933	1.45885	1.47056	1.46308	1.43532	1.37478	1.26706	1.11667	
0.383995	0.383995	0.422618	0.501184	0.622245	0.781575	0.965998	1.15818	1.3258	1.45396	1.5311	1.56035	1.54566	1.50389	1.45376	1.4095	1.35984	1.31207	1.26676	1.20546	1.10717	0.959396	0.753101	0.488077	0.178755	-0.160531	-0.497024	-0.796603	-1.02183	-1.14143	-1.13973	-1.01643	-0.775977	-0.454647	-0.0930522	0.275107	0.607554	0.867606	1.05007	1.17298	1.25652	1.30075	1.33317	1.37417	1.41872	1.44287	1.43614	1.40146	1.31967	1.18533	
0.345369	0.345369	0.37523	0.441323	0.545796	0.683334	0.848933	1.03803	1.21133	1.34751	1.43572	1.47861	1.47091	1.43289	1.37734	1.31287	1.23683	1.16102	1.07447	0.971522	0.850163	0.693821	0.488077	0.238082	-0.0387543	-0.339179	-0.641982	-0.909985	-1.10743	-1.20952	-1.20162	-1.08573	-0.868466	-0.576197	-0.245534	0.0957328	0.406666	0.657087	0.84172	0.965629	1.05589	1.12308	1.17874	1.23199	1.29132	1.34143	1.36642	1.35938	1.30765	1.20257	
0.244135	0.244135	0.259132	0.303253	0.382055	0.497716	0.644	0.813367	0.973629	1.11245	1.20881	1.26257	1.26963	1.24424	1.18718	1.10477	1.00989	0.911578	0.793183	0.6605	0.528387	0.370747	0.178755	-0.0387543	-0.273067	-0.535194	-0.804516	-1.03334	-1.19362	-1.27098	-1.25286	-1.14114	-0.949103	-0.692169	-0.390272	-0.0749076	0.205698	0.433699	0.617912	0.746163	0.838794	0.91541	0.98754	1.05073	1.11708	1.18916	1.24527	1.25766	1.22489	1.14564	
0.0809262	0.0809262	0.0868809	0.114109	0.166051	0.247239	0.364674	0.506179	0.648679	0.780349	0.884543	0.949392	0.971067	0.954132	0.905084	0.819227	0.708459	0.585787	0.446883	0.297323	0.153175	0.00222076	-0.160531	-0.339179	-0.535194	-0.754826	-0.977493	-1.16467	-1.29369	-1.35122	-1.31647	-1.20141	-1.01994	-0.788636	-0.518903	-0.237883	0.0135893	0.222041	0.398315	0.530308	0.626893	0.703404	0.774847	0.840454	0.912881	0.993436	1.06469	1.09763	1.08361	1.02689	
-0.110468	-0.110468	-0.110271	-0.0994898	-0.0735008	-0.0260493	0.0515495	0.15961	0.284647	0.411019	0.518533	0.592551	0.619873	0.606844	0.566206	0.486402	0.36648	0.22947	0.0801424	-0.0796561	-0.230575	-0.366227	-0.497024	-0.641982	-0.804516	-0.977493	-1.1422	-1.28349	-1.38829	-1.42452	-1.376	-1.2603	-1.08527	-0.868414	-0.633221	-0.385055	-0.155108	0.0422928	0.20894	0.333039	0.426355	0.499634	0.560323	0.617593	0.690025	0.769592	0.844541	0.900336	0.911909	0.880803	
-0.308338	-0.308338	-0.313261	-0.324131	-0.326311	-0.308275	-0.257973	-0.175387	-0.066127	0.0472336	0.152601	0.227896	0.262275	0.260858	0.232482	0.153945	0.0296345	-0.113359	-0.266625	-0.425143	-0.564574	-0.685597	-0.796603	-0.909985	-1.03334	-1.16467	-1.28349	-1.38899	-1.46946	-1.48158	-1.421	-1.30831	-1.14006	-0.935546	-0.722053	-0.499855	-0.292208	-0.110719	0.0454633	0.161135	0.246894	0.313489	0.36209	0.408245	0.471982	0.544581	0.610039	0.667891	0.703884	0.70614	
-0.481263	-0.481263	-0.497969	-0.524898	-0.547257	-0.551676	-0.523657	-0.456862	-0.366866	-0.269615	-0.173678	-0.0957943	-0.0469652	-0.0305019	-0.0517668	-0.127489	-0.249843	-0.398291	-0.555287	-0.701098	-0.818141	-0.922985	-1.02183	-1.10743	-1.19362	-1.29369	-1.38829	-1.46946	-1.52358	-1.51886	-1.44773	-1.33285	-1.17139	-0.982468	-0.781206	-0.575967	-0.389438	-0.228791	-0.0851122	0.0254543	0.101823	0.154248	0.195544	0.230728	0.279816	0.334234	0.381974	0.430705	0.479519	0.511512	
-0.595469	-0.595469	-0.619018	-0.653359	-0.684448	-0.706206	-0.700712	-0.660437	-0.590984	-0.502094	-0.407262	-0.322481	-0.255008	-0.223606	-0.247302	-0.318975	-0.43068	-0.570122	-0.724035	-0.85793	-0.957775	-1.05008	-1.14143	-1.20952	-1.27098	-1.35122	-1.42452	-1.48158	-1.51886	-1.50913	-1.43746	-1.31781	-1.16142	-0.984724	-0.798424	-0.60035	-0.42437	-0.279615	-0.150546	-0.0498986	0.0122112	0.0545685	0.0861649	0.107171	0.130066	0.159001	0.190951	0.233541	0.283802	0.335185	
-0.605419	-0.605419	-0.627134	-0.665643	-0.711383	-0.749872	-0.766117	-0.748952	-0.698747	-0.611996	-0.512429	-0.418246	-0.339977	-0.299108	-0.315689	-0.37626	-0.473529	-0.598901	-0.739439	-0.865957	-0.962416	-1.05246	-1.13973	-1.20162	-1.25286	-1.31647	-1.376	-1.421	-1.44773	-1.43746	-1.37041	-1.24909	-1.09583	-0.930058	-0.752135	-0.565613	-0.399753	-0.264216	-0.146037	-0.0558762	0.00463821	0.0419797	0.0615009	0.0633511	0.0576178	0.0574607	0.0692629	0.0954596	0.140587	0.193765	
-0.493165	-0.493165	-0.519214	-0.564504	-0.621948	-0.679234	-0.71601	-0.713121	-0.671834	-0.588733	-0.484557	-0.38098	-0.295113	-0.242102	-0.238347	-0.281649	-0.36663	-0.47932	-0.607059	-0.730044	-0.829824	-0.925447	-1.01643	-1.08573	-1.14114	-1.20141	-1.2603	-1.30831	-1.33285	-1.31781	-1.24909	-1.13409	-0.989182	-0.82794	-0.65618	-0.48427	-0.327661	-0.195689	-0.0809245	0.00966331	0.0724519	0.110121	0.117816	0.0985856	0.0697736	0.0406731	0.0235715	0.0262049	0.0518724	0.0843957	
-0.297054	-0.297054	-0.318551	-0.36431	-0.430885	-0.502809	-0.555886	-0.569211	-0.535108	-0.451604	-0.337921	-0.222673	-0.126274	-0.0608484	-0.0352256	-0.0606078	-0.135081	-0.232039	-0.343205	-0.462054	-0.572916	-0.67431	-0.775977	-0.868466	-0.949103	-1.01994	-1.08527	-1.14006	-1.17139	-1.16142	-1.09583	-0.989182	-0.856336	-0.701002	-0.536925	-0.371327	-0.21186	-0.0702088	0.0448034	0.129715	0.19337	0.232531	0.232413	0.198266	0.149383	0.0957299	0.0516903	0.0301577	0.0211196	0.0180324	
-0.054916	-0.054916	-0.0749027	-0.118007	-0.183883	-0.257719	-0.315811	-0.339995	-0.312939	-0.228552	-0.109032	0.0153122	0.123573	0.203109	0.246121	0.237494	0.179597	0.0969094	0.00203487	-0.108793	-0.223435	-0.338551	-0.454647	-0.576197	-0.692169	-0.788636	-0.868414	-0.935546	-0.982468	-0.984724	-0.930058	-0.82794	-0.701002	-0.557315	-0.400478	-0.230308	-0.0574049	0.0980016	0.215552	0.292137	0.348309	0.382239	0.371814	0.327237	0.260311	0.183404	0.117802	0.0666731	0.0197299	-0.019165	
0.173443	0.173443	0.150955	0.111806	0.0548013	-0.00907373	-0.0543111	-0.0690074	-0.0393709	0.0377563	0.151441	0.278416	0.401875	0.496563	0.552514	0.556758	0.519247	0.45551	0.377265	0.283624	0.175763	0.0509527	-0.0930522	-0.245534	-0.390272	-0.518903	-0.633221	-0.722053	-0.781206	-0.798424	-0.752135	-0.65618	-0.536925	-0.400478	-0.237706	-0.0550111	0.130339	0.293199	0.412258	0.484859	0.523567	0.535318	0.515018	0.45783	0.371947	0.278482	0.191542	0.106494	0.021502	-0.0442268	
0.336927	0.336927	0.321328	0.296365	0.261449	0.219199	0.187124	0.181895	0.219977	0.301229	0.41637	0.543894	0.666116	0.764699	0.824328	0.839426	0.829751	0.799641	0.743494	0.670471	0.578161	0.446007	0.275107	0.0957328	-0.0749076	-0.237883	-0.385055	-0.499855	-0.575967	-0.60035	-0.565613	-0.48427	-0.371327	-0.230308	-0.0550111	0.147248	0.340722	0.501846	0.61719	0.675934	0.690457	0.684505	0.653762	0.581968	0.482537	0.378667	0.270571	0.156407	0.0463885	-0.0336297	
0.414832	0.414832	0.421826	0.424116	0.41624	0.395725	0.376221	0.382962	0.433186	0.520366	0.642219	0.773245	0.884197	0.968937	1.02912	1.06229	1.08037	1.08156	1.05483	1.00281	0.919652	0.787429	0.607554	0.406666	0.205698	0.0135893	-0.155108	-0.292208	-0.389438	-0.42437	-0.399753	-0.327661	-0.21186	-0.0574049	0.130339	0.340722	0.54205	0.70262	0.802198	0.8402	0.840033	0.821622	0.775526	0.69139	0.583558	0.468502	0.340171	0.211774	0.0955669	-0.0020532	
0.426338	0.426338	0.446887	0.473181	0.491306	0.496208	0.493559	0.516795	0.57682	0.669414	0.785049	0.911915	1.01702	1.09485	1.15663	1.21206	1.25215	1.27219	1.27731	1.25375	1.17816	1.04563	0.867606	0.657087	0.433699	0.222041	0.0422928	-0.110719	-0.228791	-0.279615	-0.264216	-0.195689	-0.0702088	0.0980016	0.293199	0.501846	0.70262	0.854021	0.93706	0.966316	0.964971	0.933361	0.871241	0.780683	0.673254	0.545024	0.402239	0.266569	0.139246	0.020819	
0.379013	0.379013	0.405844	0.446309	0.482307	0.509089	0.530603	0.563706	0.62366	0.71814	0.82849	0.94218	1.04397	1.12626	1.19518	1.26864	1.33246	1.38001	1.41455	1.41829	1.35787	1.22949	1.05007	0.84172	0.617912	0.398315	0.20894	0.0454633	-0.0851122	-0.150546	-0.146037	-0.0809245	0.0448034	0.215552	0.412258	0.61719	0.802198	0.93706	1.01678	1.05186	1.05157	1.01124	0.941199	0.849369	0.737504	0.601742	0.455419	0.313265	0.167683	0.035153	
0.287981	0.287981	0.318477	0.367431	0.412552	0.449958	0.483014	0.522239	0.577446	0.666807	0.767322	0.86718	0.962899	1.05692	1.14087	1.23191	1.32813	1.41428	1.47309	1.4914	1.45294	1.34313	1.17298	0.965629	0.746163	0.530308	0.333039	0.161135	0.0254543	-0.0498986	-0.0558762	0.00966331	0.129715	0.292137	0.484859	0.675934	0.8402	0.966316	1.05186	1.08876	1.08627	1.05033	0.985304	0.886496	0.757106	0.615568	0.467598	0.312248	0.157734	0.0190846	
0.196036	0.196036	0.221617	0.265235	0.312407	0.353985	0.383024	0.418362	0.464322	0.53568	0.618975	0.70494	0.793001	0.900569	1.01445	1.13025	1.25806	1.38537	1.4745	1.5068	1.48595	1.40431	1.25652	1.05589	0.838794	0.626893	0.426355	0.246894	0.101823	0.0122112	0.00463821	0.0724519	0.19337	0.348309	0.523567	0.690457	0.840033	0.964971	1.05157	1.08627	1.08806	1.06238	0.99932	0.882457	0.737692	0.586477	0.427749	0.258381	0.100686	-0.0316216	
0.128962	0.128962	0.156032	0.191975	0.228072	0.255627	0.269247	0.284868	0.311741	0.356537	0.418441	0.491515	0.575545	0.686439	0.824034	0.980163	1.14645	1.30548	1.4284	1.49396	1.49163	1.42452	1.30075	1.12308	0.91541	0.703404	0.499634	0.313489	0.154248	0.0545685	0.0419797	0.110121	0.232531	0.382239	0.535318	0.684505	0.821622	0.933361	1.01124	1.05033	1.06238	1.03543	0.955478	0.825839	0.669626	0.505612	0.336176	0.170924	0.0226255	-0.0959084	
0.0983843	0.0983843	0.121452	0.153745	0.174755	0.175424	0.161657	0.145495	0.138624	0.155267	0.193942	0.255473	0.34144	0.452767	0.60269	0.798522	1.01122	1.20099	1.35476	1.45977	1.48996	1.43933	1.33317	1.17874	0.98754	0.774847	0.560323	0.36209	0.195544	0.0861649	0.0615009	0.117816	0.232413	0.371814	0.515018	0.653762	0.775526	0.871241	0.941199	0.985304	0.99932	0.955478	0.860604	0.724843	0.554425	0.374525	0.207732	0.0552169	-0.079045	-0.177964	
0.11172	0.11172	0.123202	0.145423	0.149133	0.121514	0.0777187	0.0275926	-0.016481	-0.0347353	-0.0273732	0.0146772	0.0975275	0.217916	0.387797	0.610523	0.855639	1.07951	1.26235	1.39823	1.47115	1.45885	1.37417	1.23199	1.05073	0.840454	0.617593	0.408245	0.230728	0.107171	0.0633511	0.0985856	0.198266	0.327237	0.45783	0.581968	0.69139	0.780683	0.849369	0.886496	0.882457	0.825839	0.724843	0.578528	0.397781	0.209195	0.0419046	-0.101298	-0.215505	-0.283415	
0.163748	0.163748	0.165576	0.164396	0.144499	0.0980315	0.0334216	-0.0486445	-0.130121	-0.191138	-0.217812	-0.203791	-0.137995	-0.0100821	0.184537	0.425253	0.689686	0.950499	1.16936	1.3357	1.44084	1.47056	1.41872	1.29132	1.11708	0.912881	0.690025	0.471982	0.279816	0.130066	0.0576178	0.0697736	0.149383	0.260311	0.371947	0.482537	0.583558	0.673254	0.737504	0.757106	0.737692	0.669626	0.554425	0.397781	0.215574	0.0275449	-0.146047	-0.281467	-0.366824	-0.397432	
0.235844	0.235844	0.227899	0.206855	0.171351	0.110574	0.0180343	-0.088938	-0.195874	-0.294334	-0.364491	-0.383936	-0.342065	-0.216687	-0.00833928	0.250068	0.534732	0.826206	1.08469	1.27866	1.40645	1.46308	1.44287	1.34143	1.18916	0.993436	0.769592	0.544581	0.334234	0.159001	0.0574607	0.0406731	0.0957299	0.183404	0.278482	0.378667	0.468502	0.545024	0.601742	0.615568	0.586477	0.505612	0.374525	0.209195	0.0275449	-0.165764	-0.341811	-0.463679	-0.515055	-0.512509	
0.322057	0.322057	0.31053	0.27823	0.22848	0.154147	0.0459271	-0.0846649	-0.224476	-0.357071	-0.458934	-0.512288	-0.496772	-0.383148	-0.172558	0.101608	0.407877	0.722221	0.997125	1.20459	1.35237	1.43532	1.43614	1.36642	1.24527	1.06469	0.844541	0.610039	0.381974	0.190951	0.0692629	0.0235715	0.0516903	0.117802	0.191542	0.270571	0.340171	0.402239	0.455419	0.467598	0.427749	0.336176	0.207732	0.0419046	-0.146047	-0.341811	-0.514075	-0.614596	-0.635146	-0.605458	
0.427958	0.427958	0.408936	0.373462	0.31461	0.220348	0.0963992	-0.0479377	-0.214677	-0.380758	-0.514539	-0.591352	-0.58848	-0.48312	-0.277813	-4.60254e-05	0.31246	0.627542	0.897289	1.10369	1.2688	1.37478	1.40146	1.35938	1.25766	1.09763	0.900336	0.667891	0.430705	0.233541	0.0954596	0.0262049	0.0301577	0.0666731	0.106494	0.156407	0.211774	0.266569	0.313265	0.312248	0.258381	0.170924	0.0552169	-0.101298	-0.281467	-0.463679	-0.614596	-0.696102	-0.704482	-0.6655	
0.552754	0.552754	0.52711	0.481343	0.407076	0.296969	0.16054	-0.000357722	-0.18831	-0.374046	-0.525397	-0.61238	-0.611979	-0.513082	-0.31921	-0.0559444	0.232882	0.522026	0.775945	0.978747	1.14805	1.26706	1.31967	1.30765	1.22489	1.08361	0.911909	0.703884	0.479519	0.283802	0.140587	0.0518724	0.0211196	0.0197299	0.021502	0.0463885	0.0955669	0.139246	0.167683	0.157734	0.100686	0.0226255	-0.079045	-0.215505	-0.366824	-0.515055	-0.635146	-0.704482	-0.715894	-0.686079	
0.683036	0.683036	0.647561	0.583199	0.488751	0.365616	0.217755	0.0448757	-0.152511	-0.340983	-0.492485	-0.578658	-0.579914	-0.491256	-0.316938	-0.0851004	0.159301	0.400795	0.624835	0.821032	0.992208	1.11667	1.18533	1.20257	1.14564	1.02689	0.880803	0.70614	0.511512	0.335185	0.193765	0.0843957	0.0180324	-0.019165	-0.0442268	-0.0336297	-0.0020532	0.020819	0.035153	0.0190846	-0.0316216	-0.0959084	-0.177964	-0.283415	-0.397432	-0.512509	-0.605458	-0.6655	-0.686079	-0.670101	
