0.245415	0.245415	0.266759	0.306164	0.350079	0.407744	0.495913	0.622382	0.768918	0.894084	0.956938	0.939416	0.817067	0.596413	0.307865	-0.00408509	-0.28469	-0.492773	-0.60795	-0.592241	-0.44049	-0.196404	0.102037	0.42852	0.736307	0.992743	1.1814	1.29259	1.33521	1.32348	1.26785	1.18632	1.06441	0.902408	0.720626	0.529026	0.338239	0.156259	-0.0290045	-0.214932	-0.377537	-0.491053	-0.524857	-0.492953	-0.426654	-0.3638	-0.332352	-0.352257	-0.447416	-0.618762	
0.245415	0.245415	0.266759	0.306164	0.350079	0.407744	0.495913	0.622382	0.768918	0.894084	0.956938	0.939416	0.817067	0.596413	0.307865	-0.00408509	-0.28469	-0.492773	-0.60795	-0.592241	-0.44049	-0.196404	0.102037	0.42852	0.736307	0.992743	1.1814	1.29259	1.33521	1.32348	1.26785	1.18632	1.06441	0.902408	0.720626	0.529026	0.338239	0.156259	-0.0290045	-0.214932	-0.377537	-0.491053	-0.524857	-0.492953	-0.426654	-0.3638	-0.332352	-0.352257	-0.447416	-0.618762	
0.266759	0.266759	0.280904	0.313996	0.360989	0.426185	0.514698	0.627537	0.758529	0.884804	0.957855	0.936333	0.804507	0.579066	0.291227	-0.0172603	-0.296577	-0.508974	-0.617448	-0.603438	-0.464847	-0.228493	0.0660206	0.381524	0.684366	0.935812	1.12044	1.23924	1.28553	1.27339	1.22478	1.14835	1.0358	0.886045	0.712867	0.524381	0.345444	0.166779	-0.0120995	-0.19044	-0.351565	-0.457899	-0.489131	-0.454858	-0.386326	-0.325167	-0.299207	-0.315957	-0.397774	-0.552379	
0.306164	0.306164	0.313996	0.341047	0.387905	0.453706	0.538224	0.642861	0.758305	0.871966	0.941476	0.915615	0.777726	0.550017	0.257891	-0.0513949	-0.32404	-0.530333	-0.639348	-0.63554	-0.514436	-0.290314	-0.00350796	0.303272	0.596213	0.836582	1.0155	1.13745	1.19483	1.19506	1.1574	1.08894	0.991263	0.860193	0.708354	0.536666	0.368564	0.195545	0.0200104	-0.152867	-0.305616	-0.398441	-0.417517	-0.380863	-0.317382	-0.257263	-0.227269	-0.237282	-0.307669	-0.440297	
0.350079	0.350079	0.360989	0.387905	0.426475	0.479983	0.554878	0.656569	0.762538	0.858863	0.91033	0.871757	0.725539	0.500259	0.211571	-0.097384	-0.366701	-0.564275	-0.675111	-0.680143	-0.575586	-0.371439	-0.101181	0.197879	0.477737	0.709095	0.884774	1.00811	1.07691	1.09694	1.07301	1.0224	0.945611	0.838391	0.71589	0.571091	0.410833	0.244147	0.0685538	-0.0992167	-0.23416	-0.315246	-0.328009	-0.292239	-0.232979	-0.172548	-0.136711	-0.143977	-0.198711	-0.301054	
0.407744	0.407744	0.426185	0.453706	0.479983	0.515807	0.579664	0.669649	0.763696	0.840095	0.870496	0.815896	0.658605	0.427769	0.148056	-0.15074	-0.421193	-0.61669	-0.72447	-0.73244	-0.639877	-0.454631	-0.208023	0.0673876	0.333044	0.561702	0.744886	0.875724	0.954459	0.987826	0.985835	0.964462	0.91537	0.83806	0.737414	0.614454	0.467178	0.307545	0.135992	-0.0253461	-0.149683	-0.225481	-0.241322	-0.212799	-0.154649	-0.0902746	-0.0540305	-0.0517374	-0.0825301	-0.151745	
0.495913	0.495913	0.514698	0.538224	0.554878	0.579664	0.626295	0.690762	0.763618	0.820442	0.826003	0.754572	0.591574	0.353637	0.074531	-0.216684	-0.475694	-0.665414	-0.771816	-0.784784	-0.693515	-0.524465	-0.306343	-0.0612417	0.189861	0.422346	0.617307	0.759755	0.84369	0.888223	0.912194	0.926022	0.913141	0.866849	0.784946	0.670254	0.535039	0.378668	0.212015	0.0518056	-0.0744112	-0.146335	-0.165464	-0.146689	-0.0993621	-0.0407247	0.00812265	0.0344199	0.031047	-0.0118718	
0.622382	0.622382	0.627537	0.642861	0.656569	0.669649	0.690762	0.726533	0.77291	0.805964	0.787138	0.697092	0.52168	0.275798	-0.00218776	-0.27817	-0.517308	-0.69787	-0.805149	-0.820954	-0.735916	-0.584421	-0.385475	-0.15756	0.0809154	0.308435	0.507811	0.656215	0.754693	0.818103	0.867204	0.908435	0.927254	0.906222	0.843932	0.737924	0.605795	0.444065	0.270229	0.104296	-0.0288915	-0.106558	-0.129847	-0.117526	-0.0779913	-0.0233201	0.0395358	0.0999066	0.128561	0.111366	
0.768918	0.768918	0.758529	0.758305	0.762538	0.763696	0.763618	0.77291	0.788414	0.793589	0.749492	0.634323	0.447023	0.20394	-0.0669455	-0.329127	-0.549763	-0.718073	-0.813942	-0.822462	-0.752051	-0.62096	-0.438376	-0.218824	0.00765961	0.22542	0.417495	0.57321	0.687741	0.772388	0.841303	0.901714	0.942584	0.941058	0.895225	0.794071	0.654236	0.483074	0.296589	0.121588	-0.0193265	-0.115215	-0.155275	-0.147985	-0.106689	-0.0454759	0.0346562	0.124072	0.190595	0.208132	
0.894084	0.894084	0.884804	0.871966	0.858863	0.840095	0.820442	0.805964	0.793589	0.762159	0.692084	0.562545	0.373062	0.134555	-0.131232	-0.379745	-0.581246	-0.725357	-0.801473	-0.802085	-0.743237	-0.622319	-0.45476	-0.253826	-0.037818	0.167532	0.350761	0.511771	0.640948	0.740357	0.824815	0.898563	0.951999	0.966584	0.923598	0.819251	0.663229	0.481187	0.2853	0.0962939	-0.0664071	-0.1839	-0.239652	-0.235139	-0.187926	-0.104829	-0.0012703	0.114325	0.207221	0.259636	
0.956938	0.956938	0.957855	0.941476	0.91033	0.870496	0.826003	0.787138	0.749492	0.692084	0.602019	0.465677	0.27694	0.0471006	-0.205178	-0.435046	-0.608876	-0.723583	-0.78069	-0.772974	-0.709602	-0.595637	-0.443369	-0.259116	-0.0559451	0.136957	0.30934	0.46831	0.602627	0.711753	0.807434	0.893683	0.9559	0.975279	0.930333	0.81479	0.639923	0.44017	0.232084	0.0247081	-0.163452	-0.300815	-0.36691	-0.358991	-0.300715	-0.201121	-0.0688935	0.071209	0.193874	0.280702	
0.939416	0.939416	0.936333	0.915615	0.871757	0.815896	0.754572	0.697092	0.634323	0.562545	0.465677	0.32898	0.136777	-0.0831417	-0.302752	-0.492174	-0.636352	-0.726005	-0.762922	-0.746075	-0.67438	-0.559611	-0.410126	-0.239413	-0.0563391	0.117368	0.277771	0.428395	0.568015	0.686054	0.789216	0.882503	0.941965	0.952563	0.904039	0.784391	0.600513	0.382356	0.148872	-0.0854953	-0.295619	-0.447823	-0.5163	-0.501222	-0.422722	-0.306263	-0.155813	0.0102178	0.167745	0.286986	
0.817067	0.817067	0.804507	0.777726	0.725539	0.658605	0.591574	0.52168	0.447023	0.373062	0.27694	0.136777	-0.0410257	-0.234236	-0.414077	-0.568025	-0.679044	-0.736775	-0.745463	-0.715931	-0.636199	-0.516284	-0.372641	-0.215861	-0.0566794	0.101141	0.252156	0.392969	0.525598	0.648712	0.760444	0.855768	0.912804	0.914751	0.859189	0.734618	0.551079	0.320757	0.0622452	-0.200024	-0.425606	-0.582274	-0.647001	-0.629455	-0.538586	-0.401235	-0.235139	-0.0548175	0.12453	0.271713	
0.596413	0.596413	0.579066	0.550017	0.500259	0.427769	0.353637	0.275798	0.20394	0.134555	0.0471006	-0.0831417	-0.234236	-0.390203	-0.531965	-0.654469	-0.734763	-0.760446	-0.741199	-0.689067	-0.595071	-0.47139	-0.33762	-0.199349	-0.0599819	0.0834399	0.225822	0.35591	0.479881	0.606328	0.726617	0.823335	0.880776	0.880374	0.813014	0.682509	0.496713	0.258759	-0.0144652	-0.290727	-0.529089	-0.688323	-0.752419	-0.729078	-0.629302	-0.469509	-0.286637	-0.0958859	0.0868278	0.250231	
0.307865	0.307865	0.291227	0.257891	0.211571	0.148056	0.074531	-0.00218776	-0.0669455	-0.131232	-0.205178	-0.302752	-0.414077	-0.531965	-0.642515	-0.731526	-0.77945	-0.778887	-0.735144	-0.649627	-0.542611	-0.426026	-0.301138	-0.170497	-0.0461623	0.0816825	0.210767	0.328658	0.44284	0.567324	0.69205	0.791244	0.853372	0.855003	0.777431	0.640204	0.449018	0.202458	-0.0764061	-0.349645	-0.588679	-0.75259	-0.822867	-0.790661	-0.677367	-0.50484	-0.304771	-0.10122	0.0835204	0.244025	
-0.00408509	-0.00408509	-0.0172603	-0.0513949	-0.097384	-0.15074	-0.216684	-0.27817	-0.329127	-0.379745	-0.435046	-0.492174	-0.568025	-0.654469	-0.731526	-0.778435	-0.793231	-0.767385	-0.700931	-0.600813	-0.491138	-0.374157	-0.245854	-0.120887	-0.00876016	0.10057	0.210106	0.317734	0.426079	0.542409	0.6628	0.764447	0.827715	0.830089	0.75013	0.608332	0.412189	0.164524	-0.115373	-0.386781	-0.618741	-0.780048	-0.85198	-0.81513	-0.688246	-0.507056	-0.297481	-0.0905272	0.0936441	0.244317	
-0.28469	-0.28469	-0.296577	-0.32404	-0.366701	-0.421193	-0.475694	-0.517308	-0.549763	-0.581246	-0.608876	-0.636352	-0.679044	-0.734763	-0.77945	-0.793231	-0.776104	-0.724664	-0.643564	-0.540867	-0.424955	-0.295401	-0.165095	-0.0464583	0.0550877	0.146357	0.236805	0.33485	0.440176	0.551259	0.664861	0.762211	0.819913	0.81544	0.7333	0.58631	0.385005	0.143069	-0.124483	-0.393423	-0.624205	-0.781423	-0.850305	-0.815479	-0.686055	-0.496448	-0.284359	-0.0815877	0.0992415	0.242664	
-0.492773	-0.492773	-0.508974	-0.530333	-0.564275	-0.61669	-0.665414	-0.69787	-0.718073	-0.725357	-0.723583	-0.726005	-0.736775	-0.760446	-0.778887	-0.767385	-0.724664	-0.65741	-0.564017	-0.450434	-0.315157	-0.170409	-0.0401742	0.0726527	0.171694	0.251221	0.322419	0.40946	0.513499	0.618854	0.721149	0.80595	0.847105	0.827449	0.743665	0.591772	0.380734	0.142237	-0.110511	-0.368959	-0.600218	-0.759372	-0.826022	-0.790608	-0.664766	-0.476847	-0.262093	-0.0628204	0.105117	0.230873	
-0.60795	-0.60795	-0.617448	-0.639348	-0.675111	-0.72447	-0.771816	-0.805149	-0.813942	-0.801473	-0.78069	-0.762922	-0.745463	-0.741199	-0.735144	-0.700931	-0.643564	-0.564017	-0.453329	-0.318228	-0.168361	-0.015356	0.121104	0.244046	0.348622	0.425701	0.485797	0.555389	0.643133	0.737327	0.824553	0.891638	0.914267	0.88158	0.787997	0.631788	0.414172	0.171024	-0.0755922	-0.320483	-0.544867	-0.704259	-0.775195	-0.743047	-0.624242	-0.447198	-0.24131	-0.0488772	0.0985457	0.196695	
-0.592241	-0.592241	-0.603438	-0.63554	-0.680143	-0.73244	-0.784784	-0.820954	-0.822462	-0.802085	-0.772974	-0.746075	-0.715931	-0.689067	-0.649627	-0.600813	-0.540867	-0.450434	-0.318228	-0.165875	6.5785e-06	0.167381	0.320591	0.456534	0.562604	0.643031	0.706346	0.765485	0.832617	0.908756	0.977153	1.01854	1.01946	0.969834	0.862329	0.700388	0.491833	0.250627	-0.00115416	-0.244192	-0.460582	-0.618713	-0.696113	-0.67695	-0.573175	-0.415442	-0.232953	-0.0603304	0.0712821	0.147401	
-0.44049	-0.44049	-0.464847	-0.514436	-0.575586	-0.639877	-0.693515	-0.735916	-0.752051	-0.743237	-0.709602	-0.67438	-0.636199	-0.595071	-0.542611	-0.491138	-0.424955	-0.315157	-0.168361	6.5785e-06	0.187127	0.378428	0.554359	0.704718	0.812497	0.900264	0.977	1.03332	1.08487	1.14225	1.18433	1.19128	1.16484	1.09495	0.967324	0.802385	0.606752	0.369152	0.109394	-0.139818	-0.357535	-0.507079	-0.58505	-0.583975	-0.509879	-0.379106	-0.225149	-0.074814	0.0371875	0.0951634	
-0.196404	-0.196404	-0.228493	-0.290314	-0.371439	-0.454631	-0.524465	-0.584421	-0.62096	-0.622319	-0.595637	-0.559611	-0.516284	-0.47139	-0.426026	-0.374157	-0.295401	-0.170409	-0.015356	0.167381	0.378428	0.596371	0.794449	0.965119	1.09351	1.19623	1.27922	1.33365	1.37401	1.4081	1.41897	1.39042	1.33566	1.24656	1.10553	0.935392	0.736484	0.492731	0.226765	-0.0251702	-0.242908	-0.386413	-0.462947	-0.47963	-0.438713	-0.340558	-0.209554	-0.0858691	0.00189834	0.0468857	
0.102037	0.102037	0.0660206	-0.00350796	-0.101181	-0.208023	-0.306343	-0.385475	-0.438376	-0.45476	-0.443369	-0.410126	-0.372641	-0.33762	-0.301138	-0.245854	-0.165095	-0.0401742	0.121104	0.320591	0.554359	0.794449	1.01204	1.20806	1.36996	1.4947	1.58344	1.63954	1.66878	1.67639	1.64936	1.58976	1.5072	1.39792	1.24711	1.07133	0.855668	0.598231	0.333119	0.0847659	-0.131319	-0.278897	-0.366273	-0.396454	-0.375422	-0.304957	-0.201259	-0.101546	-0.028187	0.0139434	
0.42852	0.42852	0.381524	0.303272	0.197879	0.0673876	-0.0612417	-0.15756	-0.218824	-0.253826	-0.259116	-0.239413	-0.215861	-0.199349	-0.170497	-0.120887	-0.0464583	0.0726527	0.244046	0.456534	0.704718	0.965119	1.20806	1.43231	1.62571	1.77601	1.88154	1.94555	1.96254	1.93437	1.8703	1.7804	1.67107	1.53296	1.36584	1.1745	0.94513	0.679375	0.415509	0.173749	-0.0346708	-0.185708	-0.285631	-0.330194	-0.319532	-0.268074	-0.189886	-0.10713	-0.0336899	0.0165517	
0.736307	0.736307	0.684366	0.596213	0.477737	0.333044	0.189861	0.0809154	0.00765961	-0.037818	-0.0559451	-0.0563391	-0.0566794	-0.0599819	-0.0461623	-0.00876016	0.0550877	0.171694	0.348622	0.562604	0.812497	1.09351	1.36996	1.62571	1.84568	2.02198	2.14832	2.21477	2.21471	2.16055	2.06544	1.94242	1.80236	1.63785	1.44472	1.23129	0.990998	0.725712	0.46225	0.22508	0.028664	-0.114437	-0.220867	-0.277413	-0.272913	-0.229664	-0.165969	-0.092633	-0.0176911	0.0486039	
0.992743	0.992743	0.935812	0.836582	0.709095	0.561702	0.422346	0.308435	0.22542	0.167532	0.136957	0.117368	0.101141	0.0834399	0.0816825	0.10057	0.146357	0.251221	0.425701	0.643031	0.900264	1.19623	1.4947	1.77601	2.02198	2.22353	2.36098	2.41529	2.39784	2.33194	2.2101	2.04608	1.86755	1.68016	1.46846	1.23539	0.986148	0.729262	0.47851	0.254776	0.0704362	-0.0665517	-0.170765	-0.222946	-0.216085	-0.172158	-0.11473	-0.0502731	0.0224306	0.101438	
1.1814	1.1814	1.12044	1.0155	0.884774	0.744886	0.617307	0.507811	0.417495	0.350761	0.30934	0.277771	0.252156	0.225822	0.210767	0.210106	0.236805	0.322419	0.485797	0.706346	0.977	1.27922	1.58344	1.88154	2.14832	2.36098	2.49506	2.53943	2.51014	2.42458	2.27593	2.07883	1.86314	1.64617	1.42361	1.18613	0.941432	0.698056	0.472845	0.275623	0.105092	-0.0273831	-0.11694	-0.154182	-0.140744	-0.0957905	-0.0407637	0.0189284	0.0894012	0.17573	
1.29259	1.29259	1.23924	1.13745	1.00811	0.875724	0.759755	0.656215	0.57321	0.511771	0.46831	0.428395	0.392969	0.35591	0.328658	0.317734	0.33485	0.40946	0.555389	0.765485	1.03332	1.33365	1.63954	1.94555	2.21477	2.41529	2.53943	2.58212	2.54204	2.42236	2.24479	2.03344	1.79749	1.54993	1.31543	1.09724	0.880292	0.660021	0.460731	0.290253	0.137945	0.0270026	-0.042419	-0.0699491	-0.056805	-0.0144165	0.0413655	0.104565	0.174986	0.265777	
1.33521	1.33521	1.28553	1.19483	1.07691	0.954459	0.84369	0.754693	0.687741	0.640948	0.602627	0.568015	0.525598	0.479881	0.44284	0.426079	0.440176	0.513499	0.643133	0.832617	1.08487	1.37401	1.66878	1.96254	2.21471	2.39784	2.51014	2.54204	2.48194	2.33651	2.13572	1.91089	1.66866	1.41883	1.18625	0.991386	0.812677	0.627413	0.453789	0.303537	0.178996	0.0989275	0.0521058	0.0282004	0.03488	0.0744177	0.13173	0.198036	0.27113	0.356071	
1.32348	1.32348	1.27339	1.19506	1.09694	0.987826	0.888223	0.818103	0.772388	0.740357	0.711753	0.686054	0.648712	0.606328	0.567324	0.542409	0.551259	0.618854	0.737327	0.908756	1.14225	1.4081	1.67639	1.93437	2.16055	2.33194	2.42458	2.42236	2.33651	2.18695	1.97718	1.73608	1.49725	1.27254	1.06209	0.882888	0.735454	0.593919	0.456811	0.334153	0.238151	0.185053	0.151737	0.129687	0.134485	0.174676	0.235078	0.301047	0.373156	0.448198	
1.26785	1.26785	1.22478	1.1574	1.07301	0.985835	0.912194	0.867204	0.841303	0.824815	0.807434	0.789216	0.760444	0.726617	0.69205	0.6628	0.664861	0.721149	0.824553	0.977153	1.18433	1.41897	1.64936	1.8703	2.06544	2.2101	2.27593	2.24479	2.13572	1.97718	1.77175	1.53345	1.31349	1.1188	0.937335	0.786161	0.673073	0.567688	0.466518	0.374193	0.301944	0.262962	0.23999	0.22038	0.229814	0.273003	0.335057	0.402313	0.470279	0.532795	
1.18632	1.18632	1.14835	1.08894	1.0224	0.964462	0.926022	0.908435	0.901714	0.898563	0.893683	0.882503	0.855768	0.823335	0.791244	0.764447	0.762211	0.80595	0.891638	1.01854	1.19128	1.39042	1.58976	1.7804	1.94242	2.04608	2.07883	2.03344	1.91089	1.73608	1.53345	1.33027	1.14045	0.96228	0.809694	0.703169	0.620677	0.540154	0.462982	0.39422	0.341095	0.31404	0.301173	0.297553	0.314111	0.356817	0.422056	0.493482	0.556278	0.607486	
1.06441	1.06441	1.0358	0.991263	0.945611	0.91537	0.913141	0.927254	0.942584	0.951999	0.9559	0.941965	0.912804	0.880776	0.853372	0.827715	0.819913	0.847105	0.914267	1.01946	1.16484	1.33566	1.5072	1.67107	1.80236	1.86755	1.86314	1.79749	1.66866	1.49725	1.31349	1.14045	0.974524	0.816294	0.692304	0.613125	0.549666	0.485257	0.429172	0.384191	0.346763	0.325938	0.326445	0.341589	0.369939	0.417977	0.484572	0.559204	0.623826	0.670967	
0.902408	0.902408	0.886045	0.860193	0.838391	0.83806	0.866849	0.906222	0.941058	0.966584	0.975279	0.952563	0.914751	0.880374	0.855003	0.830089	0.81544	0.827449	0.88158	0.969834	1.09495	1.24656	1.39792	1.53296	1.63785	1.68016	1.64617	1.54993	1.41883	1.27254	1.1188	0.96228	0.816294	0.689991	0.593977	0.519645	0.456628	0.403166	0.360019	0.328989	0.306376	0.296281	0.307914	0.337836	0.383557	0.439513	0.509345	0.586561	0.655497	0.706991	
0.720626	0.720626	0.712867	0.708354	0.71589	0.737414	0.784946	0.843932	0.895225	0.923598	0.930333	0.904039	0.859189	0.813014	0.777431	0.75013	0.7333	0.743665	0.787997	0.862329	0.967324	1.10553	1.24711	1.36584	1.44472	1.46846	1.42361	1.31543	1.18625	1.06209	0.937335	0.809694	0.692304	0.593977	0.507935	0.430982	0.362852	0.307376	0.257686	0.223407	0.213921	0.224238	0.247378	0.286734	0.342373	0.409943	0.486659	0.572507	0.647887	0.699475	
0.529026	0.529026	0.524381	0.536666	0.571091	0.614454	0.670254	0.737924	0.794071	0.819251	0.81479	0.784391	0.734618	0.682509	0.640204	0.608332	0.58631	0.591772	0.631788	0.700388	0.802385	0.935392	1.07133	1.1745	1.23129	1.23539	1.18613	1.09724	0.991386	0.882888	0.786161	0.703169	0.613125	0.519645	0.430982	0.348704	0.276362	0.210794	0.144657	0.0995151	0.0937764	0.116034	0.148938	0.194458	0.256482	0.33504	0.422876	0.515844	0.599868	0.651876	
0.338239	0.338239	0.345444	0.368564	0.410833	0.467178	0.535039	0.605795	0.654236	0.663229	0.639923	0.600513	0.551079	0.496713	0.449018	0.412189	0.385005	0.380734	0.414172	0.491833	0.606752	0.736484	0.855668	0.94513	0.990998	0.986148	0.941432	0.880292	0.812677	0.735454	0.673073	0.620677	0.549666	0.456628	0.362852	0.276362	0.192296	0.106565	0.025628	-0.0330276	-0.0529404	-0.0333662	0.00719994	0.0613264	0.133919	0.22026	0.318377	0.419122	0.507568	0.565714	
0.156259	0.156259	0.166779	0.195545	0.244147	0.307545	0.378668	0.444065	0.483074	0.481187	0.44017	0.382356	0.320757	0.258759	0.202458	0.164524	0.143069	0.142237	0.171024	0.250627	0.369152	0.492731	0.598231	0.679375	0.725712	0.729262	0.698056	0.660021	0.627413	0.593919	0.567688	0.540154	0.485257	0.403166	0.307376	0.210794	0.106565	-0.00226361	-0.103588	-0.183168	-0.221656	-0.211053	-0.170241	-0.113483	-0.0458528	0.044424	0.158344	0.273184	0.371034	0.443314	
-0.0290045	-0.0290045	-0.0120995	0.0200104	0.0685538	0.135992	0.212015	0.270229	0.296589	0.2853	0.232084	0.148872	0.0622452	-0.0144652	-0.0764061	-0.115373	-0.124483	-0.110511	-0.0755922	-0.00115416	0.109394	0.226765	0.333119	0.415509	0.46225	0.47851	0.472845	0.460731	0.453789	0.456811	0.466518	0.462982	0.429172	0.360019	0.257686	0.144657	0.025628	-0.103588	-0.233311	-0.33857	-0.398071	-0.402153	-0.373221	-0.33114	-0.275538	-0.180363	-0.0491411	0.0836795	0.204587	0.299727	
-0.214932	-0.214932	-0.19044	-0.152867	-0.0992167	-0.0253461	0.0518056	0.104296	0.121588	0.0962939	0.0247081	-0.0854953	-0.200024	-0.290727	-0.349645	-0.386781	-0.393423	-0.368959	-0.320483	-0.244192	-0.139818	-0.0251702	0.0847659	0.173749	0.22508	0.254776	0.275623	0.290253	0.303537	0.334153	0.374193	0.39422	0.384191	0.328989	0.223407	0.0995151	-0.0330276	-0.183168	-0.33857	-0.47111	-0.560922	-0.595449	-0.598724	-0.579199	-0.525794	-0.427486	-0.289959	-0.138212	0.0107902	0.136238	
-0.377537	-0.377537	-0.351565	-0.305616	-0.23416	-0.149683	-0.0744112	-0.0288915	-0.0193265	-0.0664071	-0.163452	-0.295619	-0.425606	-0.529089	-0.588679	-0.618741	-0.624205	-0.600218	-0.544867	-0.460582	-0.357535	-0.242908	-0.131319	-0.0346708	0.028664	0.0704362	0.105092	0.137945	0.178996	0.238151	0.301944	0.341095	0.346763	0.306376	0.213921	0.0937764	-0.0529404	-0.221656	-0.398071	-0.560922	-0.693318	-0.780982	-0.82732	-0.824508	-0.770785	-0.670425	-0.53088	-0.364684	-0.196562	-0.0439111	
-0.491053	-0.491053	-0.457899	-0.398441	-0.315246	-0.225481	-0.146335	-0.106558	-0.115215	-0.1839	-0.300815	-0.447823	-0.582274	-0.688323	-0.75259	-0.780048	-0.781423	-0.759372	-0.704259	-0.618713	-0.507079	-0.386413	-0.278897	-0.185708	-0.114437	-0.0665517	-0.0273831	0.0270026	0.0989275	0.185053	0.262962	0.31404	0.325938	0.296281	0.224238	0.116034	-0.0333662	-0.211053	-0.402153	-0.595449	-0.780982	-0.920932	-1.00455	-1.01647	-0.968735	-0.869943	-0.725516	-0.553399	-0.377808	-0.206421	
-0.524857	-0.524857	-0.489131	-0.417517	-0.328009	-0.241322	-0.165464	-0.129847	-0.155275	-0.239652	-0.36691	-0.5163	-0.647001	-0.752419	-0.822867	-0.85198	-0.850305	-0.826022	-0.775195	-0.696113	-0.58505	-0.462947	-0.366273	-0.285631	-0.220867	-0.170765	-0.11694	-0.042419	0.0521058	0.151737	0.23999	0.301173	0.326445	0.307914	0.247378	0.148938	0.00719994	-0.170241	-0.373221	-0.598724	-0.82732	-1.00455	-1.10931	-1.14066	-1.10424	-1.01095	-0.87176	-0.70489	-0.527795	-0.339928	
-0.492953	-0.492953	-0.454858	-0.380863	-0.292239	-0.212799	-0.146689	-0.117526	-0.147985	-0.235139	-0.358991	-0.501222	-0.629455	-0.729078	-0.790661	-0.81513	-0.815479	-0.790608	-0.743047	-0.67695	-0.583975	-0.47963	-0.396454	-0.330194	-0.277413	-0.222946	-0.154182	-0.0699491	0.0282004	0.129687	0.22038	0.297553	0.341589	0.337836	0.286734	0.194458	0.0613264	-0.113483	-0.33114	-0.579199	-0.824508	-1.01647	-1.14066	-1.18648	-1.16439	-1.08949	-0.972344	-0.824649	-0.652604	-0.456122	
-0.426654	-0.426654	-0.386326	-0.317382	-0.232979	-0.154649	-0.0993621	-0.0779913	-0.106689	-0.187926	-0.300715	-0.422722	-0.538586	-0.629302	-0.677367	-0.688246	-0.686055	-0.664766	-0.624242	-0.573175	-0.509879	-0.438713	-0.375422	-0.319532	-0.272913	-0.216085	-0.140744	-0.056805	0.03488	0.134485	0.229814	0.314111	0.369939	0.383557	0.342373	0.256482	0.133919	-0.0458528	-0.275538	-0.525794	-0.770785	-0.968735	-1.10424	-1.16439	-1.16301	-1.1177	-1.03369	-0.907267	-0.745808	-0.556752	
-0.3638	-0.3638	-0.325167	-0.257263	-0.172548	-0.0902746	-0.0407247	-0.0233201	-0.0454759	-0.104829	-0.201121	-0.306263	-0.401235	-0.469509	-0.50484	-0.507056	-0.496448	-0.476847	-0.447198	-0.415442	-0.379106	-0.340558	-0.304957	-0.268074	-0.229664	-0.172158	-0.0957905	-0.0144165	0.0744177	0.174676	0.273003	0.356817	0.417977	0.439513	0.409943	0.33504	0.22026	0.044424	-0.180363	-0.427486	-0.670425	-0.869943	-1.01095	-1.08949	-1.1177	-1.11107	-1.05526	-0.952469	-0.809965	-0.628025	
-0.332352	-0.332352	-0.299207	-0.227269	-0.136711	-0.0540305	0.00812265	0.0395358	0.0346562	-0.0012703	-0.0688935	-0.155813	-0.235139	-0.286637	-0.304771	-0.297481	-0.284359	-0.262093	-0.24131	-0.232953	-0.225149	-0.209554	-0.201259	-0.189886	-0.165969	-0.11473	-0.0407637	0.0413655	0.13173	0.235078	0.335057	0.422056	0.484572	0.509345	0.486659	0.422876	0.318377	0.158344	-0.0491411	-0.289959	-0.53088	-0.725516	-0.87176	-0.972344	-1.03369	-1.05526	-1.03144	-0.956058	-0.829359	-0.655947	
-0.352257	-0.352257	-0.315957	-0.237282	-0.143977	-0.0517374	0.0344199	0.0999066	0.124072	0.114325	0.071209	0.0102178	-0.0548175	-0.0958859	-0.10122	-0.0905272	-0.0815877	-0.0628204	-0.0488772	-0.0603304	-0.074814	-0.0858691	-0.101546	-0.10713	-0.092633	-0.0502731	0.0189284	0.104565	0.198036	0.301047	0.402313	0.493482	0.559204	0.586561	0.572507	0.515844	0.419122	0.273184	0.0836795	-0.138212	-0.364684	-0.553399	-0.70489	-0.824649	-0.907267	-0.952469	-0.956058	-0.900732	-0.781278	-0.624139	
-0.447416	-0.447416	-0.397774	-0.307669	-0.198711	-0.0825301	0.031047	0.128561	0.190595	0.207221	0.193874	0.167745	0.12453	0.0868278	0.0835204	0.0936441	0.0992415	0.105117	0.0985457	0.0712821	0.0371875	0.00189834	-0.028187	-0.0336899	-0.0176911	0.0224306	0.0894012	0.174986	0.27113	0.373156	0.470279	0.556278	0.623826	0.655497	0.647887	0.599868	0.507568	0.371034	0.204587	0.0107902	-0.196562	-0.377808	-0.527795	-0.652604	-0.745808	-0.809965	-0.829359	-0.781278	-0.676104	-0.543517	
-0.618762	-0.618762	-0.552379	-0.440297	-0.301054	-0.151745	-0.0118718	0.111366	0.208132	0.259636	0.280702	0.286986	0.271713	0.250231	0.244025	0.244317	0.242664	0.230873	0.196695	0.147401	0.0951634	0.0468857	0.0139434	0.0165517	0.0486039	0.101438	0.17573	0.265777	0.356071	0.448198	0.532795	0.607486	0.670967	0.706991	0.699475	0.651876	0.565714	0.443314	0.299727	0.136238	-0.0439111	-0.206421	-0.339928	-0.456122	-0.556752	-0.628025	-0.655947	-0.624139	-0.543517	-0.440996	
