0.593845	-0.604776	-1.33841	0.185539	0.402495	0.402495	
-0.604776	-0.756943	0.239519	-0.470828	0.424033	0.424033	
-1.33841	0.239519	1.50631	-0.538499	-1.205	-1.205	
0.185539	-0.470828	-0.538499	0.174227	0.324617	0.324617	
0.402495	0.424033	-1.205	0.324617	-0.659731	-0.659731	
0.402495	0.424033	-1.205	0.324617	-0.659731	-0.659731	
